simulations/idroclim_test1/slope.asc
ncols         301
nrows         283
xllcorner     601258.000000
yllcorner     5031977.000000
cellsize      500.000000
NODATA_value  -9999.0
[rows 216 to 242 of 283, columns 61 to 121 of 301]
18.794948 18.963373 17.924371 15.856158 12.630048 8.514770 4.437521 1.632111 0.332792 0.030987 0.111592 0.928906 3.420975 8.274974 14.469896 19.845649 23.365971 25.842816 28.322373 29.578830 28.122450 22.127293 10.950406 12.158274 15.965663 19.573117 16.682313 11.771972 7.253585 7.331489 7.380814 5.973052 10.923054 23.604498 29.770456 27.775699 19.209593 6.754264 11.436942 17.161492 22.311964 21.720684 19.394837 17.996296 19.067745 21.494654 22.814546 21.594790 18.574901 16.886735 16.879138 18.668674 18.417923 18.003912 20.335644 23.718599 27.747577 27.196862 20.813326 11.452210 8.427468
22.715690 22.511075 18.890927 13.303111 7.811947 3.747602 1.348075 0.310431 0.039780 0.064695 0.534578 2.355899 6.312615 12.250973 18.198895 22.478183 24.822677 26.731952 28.615467 29.072143 26.483162 19.109962 13.416307 8.415739 17.583178 18.284150 13.476070 8.789178 6.454322 4.938588 5.487865 10.700039 15.454113 25.116537 29.220690 26.745684 17.882555 11.035110 11.011574 21.716077 24.777526 22.015950 18.761174 18.204866 19.292743 20.997836 21.419993 19.235702 15.136963 12.330353 10.736397 13.186805 13.785880 13.794647 14.494488 17.693486 23.313252 27.586633 27.020839 20.230638 11.721119
25.642902 23.138792 16.875254 9.392374 3.820365 1.109169 0.198565 0.007875 0.009811 0.266878 1.536267 4.841916 10.333928 16.750557 21.928123 24.986443 26.349442 27.555951 28.317812 27.518339 23.588746 15.435038 9.639663 10.333306 17.323780 15.998179 10.806003 7.151656 6.430226 8.604269 7.784124 13.499718 21.436817 27.396591 28.550195 24.379255 14.492305 8.351886 15.540986 25.044722 26.058961 21.422705 16.682876 16.359983 17.339391 18.310878 17.724338 14.825356 10.331500 5.039378 5.571263 6.905679 7.734438 8.396083 8.347102 10.577372 15.015712 21.990491 26.530144 25.652537 18.521000
25.589288 20.142920 12.347744 5.359886 1.442680 0.423667 0.011034 0.000888 0.058965 0.799930 3.300727 8.236795 14.692589 20.554891 24.373134 26.163333 26.944106 27.671108 27.533108 25.552512 20.076889 10.576217 7.959561 13.766664 17.621568 14.345175 9.390925 10.493507 11.134194 13.593225 16.151207 19.414934 24.357211 27.689819 26.630357 20.646876 9.821116 12.219350 19.013790 27.134668 26.813127 20.498869 13.367645 11.834212 12.381276 13.447376 12.772141 10.366182 7.392643 3.265039 2.518849 3.851455 2.940583 3.526690 3.850994 4.818923 7.127582 13.740136 20.875929 24.644215 23.094767
21.543658 14.275423 7.115486 2.354488 0.378402 0.035180 0.001668 0.004389 0.260959 1.833804 5.826196 12.076325 18.494153 22.946223 25.125527 25.715564 26.054408 26.154228 25.264735 22.010560 14.830445 9.874185 9.136328 17.544538 18.522705 14.403999 11.251452 13.588545 17.230270 19.230822 20.372103 22.109959 25.033358 26.555060 23.701492 15.833586 9.480498 9.804014 22.117236 28.466034 26.771445 18.701781 9.820494 7.072141 7.841188 9.586778 9.418781 7.799154 5.448083 3.118172 2.559638 1.860017 3.045633 2.621534 2.532092 2.729236 3.248332 6.761526 13.061276 18.489303 21.051379
14.338527 7.724676 3.059972 0.766733 0.126283 0.002307 0.000000 0.084227 0.844379 3.596561 8.991046 15.723045 21.123681 23.771956 24.349039 24.061881 24.207342 24.082966 22.775631 18.230647 9.146165 9.466169 15.301159 20.538504 19.072505 14.711073 13.096490 16.533943 20.238689 21.330832 21.334779 22.613761 24.147552 23.717712 18.928431 9.591712 7.800214 13.977306 24.146910 28.764312 26.005357 16.875472 7.654433 4.659546 5.999720 8.206580 8.282490 6.628711 4.616119 4.319631 3.802932 3.944130 4.167772 3.742770 3.529678 2.727617 2.067952 3.229757 6.935363 10.510367 13.913998
7.057149 3.036757 0.934970 0.313549 0.001601 0.000000 0.011726 0.341350 1.986036 6.099090 12.441221 18.714481 22.538590 23.425201 22.708873 22.046077 22.449799 22.555222 20.681598 14.418871 10.284468 10.870276 19.959910 22.088270 18.684344 14.160054 13.267202 17.085697 20.971313 21.803518 20.960890 21.682337 21.665071 18.851504 12.105745 7.521216 8.090969 17.976465 26.025275 28.989539 25.192835 15.457284 6.798257 4.121667 5.111790 7.400945 7.546453 5.762867 3.558681 3.732846 4.493268 4.931900 5.544061 5.152837 5.013822 3.952191 2.979865 2.625838 4.437758 5.927512 5.580605
2.293118 0.700632 0.147716 0.000149 0.000000 0.000000 0.078891 0.936731 3.784127 9.150825 15.673566 20.658643 22.657353 21.989944 20.482187 19.985257 20.975144 21.438463 18.667532 10.735460 9.409031 16.443954 22.618300 22.188500 17.407933 12.753157 11.820547 16.061552 20.741059 21.778800 20.051279 19.151398 16.770772 11.317833 5.388633 8.552849 14.020055 21.847125 27.820807 29.106194 24.226601 14.471176 6.867697 4.651547 4.315280 6.175300 6.653452 5.037009 2.931934 4.080101 4.622980 4.938613 4.934743 5.793108 5.969121 4.844337 3.914502 2.829752 3.974472 3.324734 2.966504
0.349956 0.032854 0.001229 0.000000 0.000000 0.020329 0.330591 2.026830 6.178740 12.353557 18.243384 21.547951 21.781631 19.963873 18.239083 18.404159 20.210650 20.603841 16.439822 13.144002 11.139003 20.355152 23.572316 21.061915 15.467327 10.687902 9.172245 13.969150 20.462121 22.520464 19.806416 15.605250 10.044412 6.233737 5.558197 12.519020 18.801464 25.302637 29.551851 28.929913 22.297716 12.510671 7.195007 4.671687 4.055112 4.086702 5.373882 4.674821 3.919075 3.664306 4.356806 4.445568 4.536821 6.058329 6.295048 5.310575 4.119121 4.396057 4.262743 3.930878 3.515182
0.024178 0.002002 0.000284 0.000000 0.002457 0.141350 1.029201 3.903934 9.177476 15.356739 19.916672 21.406329 20.147024 17.690583 16.280292 17.148741 19.180560 18.835658 13.339120 11.032154 15.360449 21.696762 22.450657 18.571412 12.703908 8.274648 6.485289 11.670888 20.042623 23.449915 20.691478 12.920120 7.750813 4.568299 10.950690 15.895058 21.301969 26.813857 29.219033 26.150948 17.634043 8.375377 4.130476 3.592304 2.833412 1.786578 4.528685 4.936307 4.387166 3.852620 4.284461 4.294268 4.169590 6.020835 6.176353 5.386744 4.974913 5.072889 4.839853 4.629045 4.529230
0.001593 0.000284 0.000000 0.000000 0.055435 0.580697 2.517814 6.766839 12.630559 17.891946 20.659303 20.454532 18.176815 15.573124 14.658548 15.914864 17.696314 16.377434 10.856600 12.478677 16.591533 20.372644 19.612077 15.202772 9.465038 6.822962 5.947922 9.274192 18.653261 23.560724 21.404644 12.770201 6.530229 8.238657 13.807767 17.185114 21.872524 25.900588 26.182373 20.649007 13.058285 7.768225 2.655268 3.285995 2.896386 2.127258 3.720224 4.915208 4.917170 4.405571 4.574322 4.429420 3.996333 5.774848 5.658743 5.164909 5.574864 5.813345 5.632842 5.248435 4.893690
0.000000 0.000000 0.000000 0.008907 0.276808 1.614643 4.993541 10.398170 15.975119 19.588053 20.384381 18.667465 15.739184 13.373313 13.106447 14.554247 15.768068 13.774258 8.667418 12.716513 15.136813 17.342043 16.409748 12.927641 7.754385 5.545037 5.257441 8.263116 16.894455 22.470777 21.385489 12.941133 6.511825 9.723924 15.450961 18.238466 21.763120 23.592858 22.636734 16.031144 8.745707 7.196617 4.902738 4.293903 3.721869 3.004027 3.051197 4.304615 5.060472 5.416726 5.349593 4.599928 4.217902 5.418193 4.973194 5.032312 6.089798 6.483474 6.352661 5.646981 4.724689
0.000000 0.000000 0.000000 0.086959 0.875629 3.435935 8.235910 14.011001 18.405289 20.076637 19.065565 16.182103 13.008741 11.268760 11.719194 13.302584 14.160175 11.680268 9.609534 7.651284 13.067249 14.581248 13.820004 11.827703 8.128801 3.997116 4.649509 8.067940 15.991263 21.561808 20.932533 12.630603 6.300645 10.347647 16.442888 19.101347 21.184750 21.059847 17.894102 13.679631 11.596179 10.670854 9.115826 7.604188 5.448393 3.691751 2.851149 3.458643 4.958583 6.212401 6.124645 5.704593 5.252117 5.397439 4.632352 5.426129 6.361067 6.851439 6.650832 5.778249 4.844097
0.000000 0.000000 0.017415 0.361438 2.036149 5.958374 11.613803 16.730202 19.374771 19.182696 16.777914 13.277442 10.414363 9.631621 10.760745 12.414252 13.090969 10.319854 7.829308 6.809790 12.364267 13.397741 12.231530 11.013685 8.864302 5.614855 5.107190 8.620170 16.258795 21.421823 20.174232 11.250866 6.228841 10.545247 16.528846 19.436623 20.526073 18.490078 14.915014 12.777008 12.568798 12.556595 11.432789 10.231111 8.003567 5.937970 4.138668 3.944388 5.315684 6.696668 6.812570 5.602976 6.273562 5.649944 5.610151 5.443189 6.164408 6.613293 6.366356 5.430183 4.251559
0.000000 0.000000 0.084604 0.928459 3.712079 8.747787 14.382341 18.098165 18.918675 17.243813 14.081606 10.712031 8.810668 9.044789 10.524508 12.014643 12.377722 9.373098 6.774194 8.222200 13.765342 14.145933 12.037436 10.389698 8.928600 7.075987 6.728224 10.376334 17.398863 21.695311 18.978694 8.988619 7.279976 10.766980 16.151739 18.975732 19.320790 16.274823 12.130435 10.521267 10.618640 11.125870 10.822035 10.699327 9.749162 8.478726 6.500710 5.592957 6.457405 7.048829 6.664332 6.105497 6.901734 5.855409 5.303511 4.986028 5.537358 5.689794 5.391622 4.364244 4.023220
0.000000 0.002077 0.253295 1.835307 5.764252 11.430073 16.278979 18.275678 17.462215 14.917371 11.827630 9.275823 8.421037 9.219131 10.656758 11.696968 11.267230 7.477653 6.427916 11.269608 16.073697 15.732577 13.019817 10.764907 9.232141 8.724151 9.420389 13.490020 18.642344 20.903674 16.234435 11.016561 5.379750 12.452938 16.352781 18.385419 17.537160 13.717726 8.881195 7.348119 7.525833 8.140052 8.332272 8.932197 9.552888 9.782333 8.646451 7.599322 7.377817 6.941435 6.047280 6.035249 6.733813 5.540291 4.549864 4.140152 4.825534 4.881085 3.851496 4.012817 4.102737
0.000000 0.090564 0.776571 3.336864 8.209027 13.799467 17.293130 17.539593 15.503570 12.788859 10.420183 8.888110 8.694672 9.550894 10.661363 10.991986 9.365186 4.747886 10.906469 15.118436 18.317650 16.845507 13.550101 10.629105 8.858453 9.786135 12.318435 16.760080 19.612092 18.684090 11.583045 6.074507 10.146115 16.040183 18.273130 18.243626 15.448511 10.579934 6.125984 4.439838 5.114995 5.758663 5.952846 6.485260 7.725718 9.169019 9.187952 8.481914 7.115692 5.894603 5.625053 5.982905 6.566092 5.108135 3.820618 3.735841 4.525956 4.374049 3.954038 4.979798 4.243570
0.072251 0.519926 2.105189 5.766904 10.996638 15.662133 17.419588 16.045930 13.270215 11.018577 9.818259 9.157786 9.089883 9.570853 10.141635 9.640091 6.441695 7.070122 12.550206 17.782166 19.043214 16.594437 12.874593 9.429153 7.597361 10.063083 14.643215 18.231370 18.524664 14.352788 9.117500 6.376114 15.230912 19.344240 19.642337 17.487475 13.095218 7.620699 2.477305 1.767458 3.512895 4.662122 4.930127 5.116178 6.091647 7.806187 8.393445 7.427798 5.984114 4.660105 3.912288 5.897798 6.456934 4.977269 3.851000 4.084038 4.761211 4.789117 5.333531 6.244508 4.871273
0.342640 1.552199 4.404371 8.948652 13.671069 16.634317 16.530143 13.914368 10.834894 9.335967 9.508830 9.671437 9.507211 9.465600 9.372582 7.715100 7.575895 9.532258 15.794148 18.939908 18.523853 15.315760 11.049261 7.272022 5.593123 9.589778 16.587546 19.096247 15.765236 7.972899 7.944031 12.621211 18.876574 20.324662 18.163760 14.207153 9.417378 4.620864 1.968882 1.726699 2.561063 3.673402 4.636113 4.887688 5.549624 6.724628 7.342765 6.496615 5.119381 4.178415 4.118014 6.000007 6.379347 4.998557 4.319443 4.823932 5.332733 5.454970 6.760996 7.833553 6.568356
0.957581 3.280324 7.331621 11.958194 15.258972 16.229259 14.670623 11.452978 8.237473 7.300817 8.705018 10.060569 10.324100 9.724414 8.588523 6.855468 8.815785 13.225055 17.689396 19.113705 17.469118 13.781721 9.151554 5.961675 6.218909 10.408345 18.248788 19.039770 11.742962 6.405822 10.342381 17.292035 20.297250 19.102747 14.876259 9.722455 6.536497 3.986565 2.216577 2.815070 2.417254 2.941444 4.295541 4.981082 5.625454 6.152165 6.671180 5.954432 4.640391 4.077518 4.682866 6.005234 6.002469 5.006249 5.046877 5.413509 5.836156 5.872768 7.053837 8.805679 8.062891
1.947380 5.437541 10.163425 13.974204 15.385193 14.525724 12.081433 8.817529 5.632865 4.957547 7.567791 10.556033 11.799559 10.930496 8.939370 9.276936 11.213158 15.885608 18.807533 19.004180 16.457915 12.436085 9.117814 6.020130 7.582827 12.542156 19.175691 17.162334 6.582223 11.261079 15.988830 19.621564 19.182456 15.348830 9.982539 5.734317 3.605430 4.064901 3.451519 2.656978 2.996650 2.964695 4.168357 4.930957 5.414346 5.764962 6.392374 5.908227 4.787037 4.463080 5.256689 5.995081 5.568149 4.825684 5.563700 5.866437 6.116544 4.963738 7.630569 8.295750 8.208143
3.230706 7.608232 12.292036 14.685521 14.105518 11.757870 9.092601 6.751504 4.193394 3.090630 5.648971 9.856286 12.975776 13.132980 11.322131 11.729634 14.474710 18.067063 19.535894 18.502506 15.125558 10.817770 7.774441 6.576080 10.628410 15.556029 18.754833 12.575906 7.317519 12.843257 19.055559 19.338952 15.856313 10.136144 5.469985 4.278186 5.529833 6.310417 5.439131 3.792094 3.391972 4.417329 4.814581 4.929355 5.435790 5.624806 6.191867 5.928463 4.891634 4.660768 5.558476 5.740320 4.896478 4.459297 5.719224 6.421684 6.351373 5.047723 6.535413 7.232065 7.604033
4.641309 9.360111 13.254407 13.982606 11.740315 9.137094 7.767709 5.971139 4.306083 2.493938 3.290086 7.336588 12.404489 15.006783 14.990723 15.960248 17.519265 19.557914 19.405071 17.036906 12.896443 9.434192 6.294990 7.048120 10.471482 16.609642 15.208521 10.643470 8.395918 17.368924 20.240831 17.314750 10.912963 5.087893 3.925831 6.102658 6.889663 6.789985 6.430472 5.323701 4.322447 5.702369 5.578292 5.357324 4.987753 5.820328 6.280707 6.220863 5.404627 5.134833 5.852330 5.503916 4.262371 4.392599 5.580376 6.757587 6.268878 5.118344 4.136327 6.226442 6.793896
5.985359 10.317082 12.776004 12.191896 9.716022 7.490251 7.790847 7.974214 6.568062 3.513023 2.565706 5.602691 11.227499 16.083095 18.224258 19.368595 19.659020 19.731603 17.823893 14.347058 9.897427 6.806474 5.064185 6.884396 11.540605 14.888230 8.813153 9.664071 14.742626 19.680656 19.120013 13.228560 4.910881 3.104329 6.190790 7.392717 7.040902 6.029269 5.732864 4.669706 5.509576 6.100391 5.657305 5.487595 5.242401 6.328615 6.676628 6.619677 6.309907 6.114327 6.439392 5.482590 4.017037 4.830997 5.878676 6.721035 5.679969 4.739682 4.332321 5.538326 5.820390
7.073268 10.465480 11.175120 9.178576 7.500453 8.134563 9.301080 9.973359 9.287936 6.397694 6.362561 8.593492 12.046710 16.071241 18.841134 19.973385 19.291891 17.676489 14.582965 10.819598 7.524650 5.086623 4.225932 8.081898 11.748712 11.355312 6.726792 10.453129 18.099555 19.319315 15.608532 7.514802 4.906724 6.416834 7.705723 7.596529 6.065284 5.087512 4.493159 4.096280 3.394722 5.296897 4.816844 4.670445 4.389355 6.094746 7.070723 7.113587 7.342028 7.332316 7.395732 5.955044 5.459170 5.261237 6.453778 6.439874 5.148759 3.959888 4.862823 5.084818 5.097367
7.895324 9.993760 8.953885 6.122266 5.763446 7.546980 9.077958 10.693064 11.124393 10.128801 11.543069 12.792660 13.523866 14.454246 16.021442 16.612491 15.630168 13.370082 10.252686 7.137488 5.694654 5.020324 5.659597 6.558750 11.400731 7.572425 9.130547 14.355624 18.792964 17.035164 10.626698 5.841178 5.963106 8.845139 7.533594 5.914218 4.960770 5.580515 4.684597 3.557323 2.905063 4.692873 4.533380 3.264077 2.326189 4.523933 6.724630 7.359323 8.094349 8.409602 8.298292 6.672850 6.128818 6.243745 6.901786 6.074121 4.991531 4.824740 5.452051 5.024092 4.674781
8.524285 9.333137 6.911103 3.489276 3.932051 5.745737 7.584974 9.955841 11.503305 13.310173 13.795559 14.123591 12.631350 11.318974 11.129166 11.048546 9.882343 7.986943 5.892721 4.514316 4.098061 4.759227 5.481214 8.320257 10.199361 8.083336 7.529926 16.382065 18.541775 14.634921 6.494054 6.079953 8.930507 9.323939 6.159273 4.576095 5.237136 6.806612 5.311739 3.727948 2.543152 4.270005 4.891816 4.325015 2.624778 3.294787 5.930725 7.550181 8.522437 9.131351 8.787986 7.300614 6.772037 6.812597 6.799409 6.334049 4.777912 5.798475 6.167413 5.642545 5.056920
