simulations/panola13_run2xC_test3/maps/psiliqL0002N0011.asc
ncols         33
nrows         75
xllcorner     -4.500000
yllcorner     -24.500000
cellsize      1.000000
NODATA_value  -9999.0
[rows 0 to 43 of 75, columns 0 to 32 of 33]
-9999.0 -9999.0 -9999.0 -9999.0 -9999.0 -9999.0 -9999.0 -9999.0 -9999.0 -9999.0 -9999.0 -9999.0 -9999.0 -9999.0 -9999.0 -9999.0 -9999.0 -9999.0 -9999.0 -9999.0 -9999.0 -9999.0 -9999.0 -9999.0 -9999.0 -9999.0 -9999.0 -9999.0 -9999.0 -9999.0 -9999.0 -9999.0 -9999.0
-9999.0 -9999.0 -9999.0 -9999.0 -9999.0 -9999.0 -9999.0 -9999.0 -9999.0 -9999.0 -9999.0 -9999.0 -9999.0 -9999.0 -9999.0 -9999.0 -9999.0 -9999.0 -9999.0 -9999.0 -9999.0 -9999.0 -9999.0 -9999.0 -9999.0 -9999.0 -9999.0 -9999.0 -9999.0 -9999.0 -9999.0 -9999.0 -9999.0
-9999.0 -9999.0 -132.182825 -142.708022 -160.483795 -182.730084 -209.039089 -224.506147 -238.586213 -248.201480 -252.479327 -254.201741 -255.100139 -255.853810 -256.536008 -257.033890 -257.247896 -257.323066 -257.352046 -257.362939 -257.368526 -257.372028 -257.373671 -257.374280 -257.374518 -257.374593 -257.374345 -257.373411 -257.370815 -257.367759 -257.365735 -9999.0 -9999.0
-9999.0 -9999.0 -58.473866 -80.494799 -95.515517 -113.734323 -175.605225 -199.044931 -227.271910 -243.671654 -249.834838 -251.848150 -252.767696 -253.743434 -254.987881 -256.122611 -256.653448 -256.828795 -256.885856 -256.908748 -256.921505 -256.930282 -256.934193 -256.935402 -256.935846 -256.936090 -256.935515 -256.932660 -256.922824 -256.914595 -256.910004 -9999.0 -9999.0
-9999.0 -9999.0 -800.000000 42.122768 17.971385 -23.025208 -82.213492 -121.728866 -203.009309 -237.446589 -243.346410 -244.710936 -244.894272 -246.371252 -248.470166 -252.353699 -254.273316 -254.887977 -255.091019 -255.175190 -255.226273 -255.263112 -255.277267 -255.282488 -255.284699 -255.284774 -255.282254 -255.268701 -255.199196 -255.161028 -255.146441 -9999.0 -9999.0
-9999.0 -9999.0 -800.000000 -800.000000 -800.000000 -800.000000 -81.266840 -110.149939 -192.046810 -230.794832 -236.283825 -237.400587 -237.215360 -234.766231 -237.925302 -245.381882 -250.406453 -252.688422 -253.439270 -253.726814 -253.940433 -254.086421 -254.155327 -254.187153 -254.205068 -254.205395 -254.192503 -254.150841 -254.015464 -253.889643 -253.822505 -9999.0 -9999.0
-9999.0 -9999.0 -800.000000 -800.000000 -800.000000 -800.000000 -79.662711 -106.727806 -187.842973 -224.626938 -228.660091 -229.834324 -230.563695 -222.205946 -225.579564 -241.683674 -246.822106 -250.732996 -251.829248 -252.281862 -252.634617 -253.053293 -253.357875 -253.539275 -253.646303 -253.684630 -253.684360 -253.595590 -253.349661 -253.057737 -252.884260 -9999.0 -9999.0
-9999.0 -9999.0 -800.000000 -800.000000 -800.000000 -800.000000 -80.603029 -153.971458 -208.943024 -218.852677 -218.428957 -220.189112 -225.083474 -229.772787 -234.775911 -243.326903 -246.721901 -248.224447 -248.610208 -248.851764 -249.216004 -249.874305 -250.877781 -251.637828 -252.096467 -252.280168 -252.319074 -252.254703 -252.034460 -251.494979 -251.182041 -9999.0 -9999.0
-9999.0 -9999.0 -800.000000 -800.000000 -800.000000 -800.000000 -74.940542 -152.595227 -186.883026 -193.479845 -197.701479 -203.644375 -213.953024 -224.884093 -234.609006 -239.907783 -242.204347 -242.634858 -242.728115 -243.574995 -244.355796 -245.267707 -246.395131 -247.242505 -247.752136 -248.083206 -248.235292 -248.484443 -248.427327 -248.096970 -247.843806 -9999.0 -9999.0
-9999.0 -9999.0 -800.000000 -800.000000 -800.000000 60.116117 -16.043760 -76.332847 -112.939526 -134.707670 -156.288021 -174.450941 -194.033385 -210.398552 -222.257063 -229.353763 -232.781790 -234.007359 -235.308526 -236.246287 -236.853235 -237.214018 -237.403966 -237.777695 -238.871804 -239.492234 -239.569469 -240.038978 -240.534862 -241.340715 -241.577178 -9999.0 -9999.0
-9999.0 -9999.0 -800.000000 -800.000000 -800.000000 -800.000000 142.269735 90.380120 40.490050 -15.833046 -65.590092 -115.214807 -161.389652 -189.656520 -207.599495 -218.758227 -223.228692 -225.274183 -226.447675 -226.572885 -225.922934 -223.990480 -221.330303 -222.592618 -223.294541 -224.481064 -226.192997 -227.442715 -228.611783 -229.918520 -230.789180 -9999.0 -9999.0
-9999.0 -9999.0 -800.000000 -800.000000 -800.000000 -800.000000 -800.000000 256.340231 187.918978 126.968196 61.377772 -37.087019 -107.130043 -160.155741 -190.355441 -205.714871 -211.093469 -214.403769 -215.081083 -213.116019 -209.930379 -202.861300 -198.959719 -200.764733 -203.707035 -205.646089 -205.549758 -206.668471 -208.342953 -210.364458 -212.670670 -9999.0 -9999.0
-9999.0 -9999.0 -800.000000 -800.000000 -800.000000 -800.000000 -800.000000 -800.000000 -800.000000 227.606630 170.190736 67.900608 -26.241519 -93.031619 -147.993010 -179.831590 -191.748241 -194.095908 -193.915145 -192.377263 -191.116282 -187.521994 -184.060670 -181.511558 -179.329310 -182.879588 -186.255871 -187.651273 -188.501589 -188.395229 -185.912174 -9999.0 -9999.0
-9999.0 -9999.0 -800.000000 -800.000000 -800.000000 -800.000000 -800.000000 -800.000000 -800.000000 -800.000000 -800.000000 170.275749 84.930721 -33.785384 -94.465864 -141.853439 -160.188167 -162.061668 -160.272291 -159.167362 -163.432374 -165.586961 -161.961350 -153.859376 -149.690897 -150.561421 -159.227188 -160.108810 -159.534005 -156.916093 -154.098890 -9999.0 -9999.0
-9999.0 -9999.0 -800.000000 -800.000000 -800.000000 -800.000000 -800.000000 -800.000000 -800.000000 -800.000000 -800.000000 -800.000000 87.635391 11.510795 -59.895891 -103.865131 -118.159889 -120.889915 -114.388858 -112.888107 -118.620278 -130.843384 -126.647443 -108.099427 -102.067339 -106.179634 -107.624935 -110.830680 -108.381969 -99.367265 -95.368355 -9999.0 -9999.0
-9999.0 -9999.0 -800.000000 -800.000000 -800.000000 -800.000000 -800.000000 -800.000000 -800.000000 -800.000000 -800.000000 -800.000000 111.111959 41.769186 -37.622843 -76.689870 -89.302678 -86.259648 -81.092686 -93.555561 -100.087773 -105.331045 -100.888445 -88.299468 -77.243410 -61.173568 -60.409800 -52.698116 -50.080256 -57.565611 -59.147251 -9999.0 -9999.0
-9999.0 -9999.0 -800.000000 -800.000000 -800.000000 -800.000000 -800.000000 -800.000000 -800.000000 -800.000000 -800.000000 -800.000000 173.405140 98.910186 -15.945827 -58.004934 -75.478788 -82.438130 -84.357891 -88.926836 -90.651231 -90.494395 -83.735692 -72.037125 -57.892824 -38.233463 -14.720242 -9.707047 -1.829236 -4.264799 -9.029752 -9999.0 -9999.0
-9999.0 -9999.0 -800.000000 -800.000000 -800.000000 -800.000000 -800.000000 -800.000000 -800.000000 -800.000000 -800.000000 -800.000000 -800.000000 90.566030 -13.911390 -50.502543 -71.980159 -91.677844 -102.263970 -96.331423 -90.834413 -86.255153 -73.371696 -58.179895 -38.957727 -10.079539 29.298736 53.180484 76.520258 80.177884 69.168091 -9999.0 -9999.0
-9999.0 -9999.0 -800.000000 -800.000000 -800.000000 -800.000000 -800.000000 -800.000000 -800.000000 -800.000000 300.059473 -800.000000 -800.000000 42.611240 -22.530873 -47.009487 -68.817376 -90.967623 -108.837347 -112.123718 -100.622297 -95.662085 -68.651659 -46.521507 -20.130512 21.545592 76.899292 101.706959 99.264429 104.877457 121.131810 -9999.0 -9999.0
-9999.0 -9999.0 -800.000000 -800.000000 -800.000000 -800.000000 -800.000000 -800.000000 -800.000000 -800.000000 -800.000000 -800.000000 -800.000000 -9.499710 -36.411289 -46.830802 -67.828818 -87.506248 -99.520322 -111.277402 -111.016464 -90.311723 -62.054033 -37.154770 -7.051747 28.912305 72.648489 97.740822 106.281175 112.917571 120.766986 -9999.0 -9999.0
-9999.0 -9999.0 -800.000000 -800.000000 -800.000000 -800.000000 -800.000000 -800.000000 -800.000000 -800.000000 -800.000000 -800.000000 -800.000000 -72.703043 -67.122066 -69.350175 -75.281852 -76.200302 -78.027892 -84.980136 -86.627691 -75.694510 -56.270679 -32.399755 0.641069 33.433795 71.844138 96.372867 108.488893 115.736272 120.896460 -9999.0 -9999.0
-9999.0 -9999.0 -800.000000 -800.000000 -800.000000 -800.000000 -800.000000 -800.000000 -800.000000 -800.000000 -800.000000 -800.000000 -800.000000 -105.268755 -111.994560 -106.047925 -95.577197 -78.909952 -54.212077 -55.879076 -57.945136 -62.832335 -59.049805 -37.891037 4.481822 36.529378 70.441337 93.340889 106.572615 114.287004 118.607536 -9999.0 -9999.0
-9999.0 -9999.0 -800.000000 -800.000000 -800.000000 -800.000000 -800.000000 -800.000000 -800.000000 -800.000000 -800.000000 -800.000000 -92.087953 -148.833980 -151.029301 -137.333284 -121.503460 -97.962540 -71.544396 -60.626168 -55.853988 -53.168633 -42.474192 -16.401744 18.220018 40.597224 65.361766 84.592853 97.790833 106.005176 110.239468 -9999.0 -9999.0
-9999.0 -9999.0 -800.000000 -800.000000 -800.000000 -800.000000 -800.000000 -800.000000 -800.000000 -800.000000 -800.000000 -164.334149 -157.723935 -189.890597 -178.443543 -160.335767 -140.564944 -118.365592 -99.579445 -75.322950 -60.803141 -49.914868 -28.373101 11.138243 43.325457 41.987841 50.457203 63.798386 76.194691 84.865808 89.316112 -9999.0 -9999.0
-9999.0 -9999.0 -800.000000 -800.000000 -800.000000 -800.000000 -94.143893 -125.652131 -194.390372 -134.724195 -144.871674 -168.072821 -208.480107 -213.320906 -192.971813 -171.372818 -151.697463 -133.205795 -118.037210 -90.352562 -71.358246 -58.173948 -28.865642 -4.807571 13.926242 24.002729 16.151420 25.495476 37.347273 45.685613 49.774372 -9999.0 -9999.0
-9999.0 -9999.0 -800.000000 -800.000000 -800.000000 -120.459893 -142.097391 -182.507241 -150.903506 -184.103242 -197.496131 -209.613821 -228.134041 -218.280337 -198.671346 -176.054972 -156.574777 -141.264823 -123.258742 -104.094776 -83.796106 -58.998054 -24.484461 -16.871660 -17.194499 17.687541 40.789750 64.151352 79.752308 86.779557 89.308132 -9999.0 -9999.0
-9999.0 -9999.0 -800.000000 -800.000000 -193.940768 -173.669858 -131.379661 -213.156673 -192.740739 -228.082985 -230.585153 -230.579376 -225.381230 -212.948599 -194.633491 -173.045422 -152.764605 -135.980255 -117.743376 -100.473810 -82.168690 -61.889360 -39.073178 -28.204520 -15.205014 21.411837 62.652286 105.283165 125.892847 127.886819 127.001323 -9999.0 -9999.0
-9999.0 -9999.0 -800.000000 -138.374701 -214.717368 -219.084593 -197.559881 -192.400793 -222.622599 -234.565180 -234.385783 -228.834977 -217.796838 -203.326706 -184.612763 -162.878218 -141.762505 -124.885525 -109.062069 -93.219752 -78.735478 -66.698138 -61.478991 -50.619528 -32.074785 14.927924 68.862651 90.817199 130.220196 105.996842 92.659269 -9999.0 -9999.0
-9999.0 -9999.0 -207.597507 -203.365192 -236.263723 -236.803868 -231.411297 -215.588434 -230.380075 -228.667290 -226.046016 -217.662274 -204.707458 -188.095183 -167.759219 -143.859817 -123.263544 -108.786523 -99.740371 -85.757499 -74.945961 -67.610998 -66.077423 -48.960034 -26.877581 -3.202268 18.478653 33.659291 61.584213 41.757835 10.909482 -9999.0 -9999.0
-9999.0 -9999.0 -215.098851 -228.926062 -231.302919 -227.784315 -223.371803 -218.500034 -215.664528 -212.143425 -205.459604 -194.422321 -179.276003 -160.358801 -137.761894 -112.914055 -93.512619 -81.261883 -76.120377 -73.130012 -68.206266 -61.535815 -54.006015 -42.140279 -14.224038 -17.042702 -36.564429 -43.073699 -54.432227 -31.762925 -9.634213 -9999.0 -9999.0
-9999.0 -9999.0 -213.982294 -226.518311 -223.716339 -218.479163 -212.075155 -206.700786 -199.621370 -188.359542 -174.189865 -156.341427 -132.988200 -106.923696 -83.435721 -63.029444 -47.643054 -38.273946 -35.455719 -35.654860 -34.856994 -28.516951 -24.606164 -17.649627 -10.744136 -19.311935 -41.563911 -47.526008 -46.733297 -28.296921 -3.481712 -9999.0 -9999.0
-9999.0 -9999.0 -225.256993 -224.871011 -216.810259 -207.433291 -195.587878 -190.027721 -180.876148 -157.962185 -129.146367 -99.035808 -68.887995 -42.171567 -18.019064 4.810071 21.668965 31.114675 31.908018 31.311359 34.222273 38.306861 39.419272 28.510450 5.493572 -7.611249 -9.517399 -6.344867 10.715524 25.797549 28.520962 -9999.0 -9999.0
-9999.0 -9999.0 -218.441815 -214.793583 -207.324207 -195.988282 -182.289337 -167.371130 -145.696248 -110.477880 -73.794272 -41.549599 -12.455190 25.396376 55.669605 75.556134 85.237899 92.967777 101.419982 107.963918 109.671824 106.984343 99.425214 84.352960 59.494523 45.225543 45.644804 46.289381 51.264896 55.630521 56.435021 -9999.0 -9999.0
-9999.0 -9999.0 -186.406215 -186.275989 -182.371461 -175.762322 -161.546075 -128.185263 -92.733244 -56.352292 -17.621813 23.285377 54.859372 75.067320 95.386746 114.041809 132.872668 143.378230 159.843109 172.252523 178.891028 173.764650 161.718924 148.060860 129.406388 112.788305 99.789027 90.508170 84.890564 82.169448 80.730490 -9999.0 -9999.0
-9999.0 -9999.0 -136.284967 -133.320786 -131.542490 -123.566575 -103.284998 -69.354164 -35.173421 -2.547898 38.124682 70.185636 94.300905 112.451944 129.141798 146.813661 168.811544 194.017394 223.221118 252.081498 264.976843 263.482721 251.986655 231.108103 203.443986 175.114802 147.210600 127.488831 112.943344 104.536738 100.707767 -9999.0 -9999.0
-9999.0 -9999.0 -43.294045 -47.525551 -43.965331 -32.219677 -14.369283 13.500191 42.356638 69.189828 92.955855 114.549831 132.780484 149.873835 168.352967 189.988334 219.708068 253.348799 282.383025 301.422238 310.896209 311.955936 309.052877 300.369251 272.322216 236.711105 193.901109 163.016444 138.075418 122.896090 116.447321 -9999.0 -9999.0
-9999.0 -9999.0 72.535702 69.882790 73.419464 80.743976 92.486292 105.791019 118.697218 133.317228 144.039836 161.335605 180.639916 202.193313 226.599796 259.468978 287.571711 305.374407 314.687231 320.480899 313.844794 312.118170 310.086883 298.715149 299.357448 269.914805 239.227435 203.001945 163.647415 138.080400 129.368886 -9999.0 -9999.0
-9999.0 -9999.0 141.054687 150.821358 163.855931 175.876225 180.468611 183.059075 184.522941 187.757586 201.335490 225.063369 246.206696 263.789014 277.639460 301.247528 322.105396 322.266657 313.050796 299.291954 311.153512 297.645566 296.155508 297.301346 306.633280 294.148352 253.215413 216.598811 178.744660 144.620617 139.494491 -9999.0 -9999.0
-9999.0 -9999.0 223.278577 244.192583 267.177919 277.664839 272.126964 262.788715 250.684658 251.125564 260.643863 265.367280 277.774199 291.338672 302.737617 307.098020 297.317664 296.632650 296.678036 295.829520 -800.000000 295.077478 285.684837 294.636083 294.788853 284.280747 258.458913 229.302184 199.725455 171.782404 155.041657 -9999.0 -9999.0
-9999.0 -9999.0 300.294906 303.800962 308.150977 322.442738 327.869511 307.022239 296.892719 297.176744 289.528171 293.555197 302.746675 306.101977 307.234855 296.887603 283.580279 282.239514 293.847382 293.817369 281.371639 295.331013 305.773439 297.140848 286.054608 287.571811 272.720908 244.486174 223.960504 213.415138 203.122130 -9999.0 -9999.0
-9999.0 -9999.0 298.060642 311.429549 312.797513 -800.000000 -800.000000 326.562574 318.388789 308.729066 300.435248 304.597770 297.715160 297.178258 297.093971 295.618137 293.432898 290.865786 281.544905 282.772600 292.952506 295.647651 297.994433 309.003993 308.829876 307.876249 303.352052 292.151835 273.652358 262.871017 256.597930 -9999.0 -9999.0
-9999.0 -9999.0 311.754099 -800.000000 -800.000000 -800.000000 -800.000000 -800.000000 325.645145 303.014982 306.382803 297.661349 295.500017 295.227893 295.296093 294.996147 292.888065 284.104294 283.329694 292.453405 295.303444 296.511819 309.951892 298.160415 310.650855 297.519770 309.022911 307.168772 308.620749 301.024813 298.535242 -9999.0 -9999.0
-9999.0 -9999.0 -800.000000 -800.000000 -800.000000 -800.000000 -800.000000 -800.000000 -800.000000 308.582176 297.801989 292.880659 290.472484 290.571775 291.952682 292.712593 286.278367 292.020106 293.222539 294.996025 295.518085 295.476672 -800.000000 293.098200 -800.000000 285.395623 288.135412 291.458523 296.105886 298.333330 297.170307 -9999.0 -9999.0
-9999.0 -9999.0 -800.000000 -800.000000 -800.000000 -800.000000 -800.000000 -800.000000 -800.000000 296.071170 292.571924 270.986067 254.418964 256.780563 269.540760 283.758672 294.170956 297.190205 297.360349 295.691148 295.046017 292.754066 268.884052 262.126355 159.017824 169.846111 195.081593 246.890782 286.230383 302.645396 297.451742 -9999.0 -9999.0
