simulations/panola13_run2xC_test3/maps/psiliqL0002N0024.asc
ncols         33
nrows         75
xllcorner     -4.500000
yllcorner     -24.500000
cellsize      1.000000
NODATA_value  -9999.0
[rows 0 to 43 of 75, columns 0 to 32 of 33]
-9999.0 -9999.0 -9999.0 -9999.0 -9999.0 -9999.0 -9999.0 -9999.0 -9999.0 -9999.0 -9999.0 -9999.0 -9999.0 -9999.0 -9999.0 -9999.0 -9999.0 -9999.0 -9999.0 -9999.0 -9999.0 -9999.0 -9999.0 -9999.0 -9999.0 -9999.0 -9999.0 -9999.0 -9999.0 -9999.0 -9999.0 -9999.0 -9999.0
-9999.0 -9999.0 -9999.0 -9999.0 -9999.0 -9999.0 -9999.0 -9999.0 -9999.0 -9999.0 -9999.0 -9999.0 -9999.0 -9999.0 -9999.0 -9999.0 -9999.0 -9999.0 -9999.0 -9999.0 -9999.0 -9999.0 -9999.0 -9999.0 -9999.0 -9999.0 -9999.0 -9999.0 -9999.0 -9999.0 -9999.0 -9999.0 -9999.0
-9999.0 -9999.0 -208.185457 -216.195913 -223.837912 -237.492307 -267.515053 -282.282607 -291.683693 -300.345071 -304.578919 -305.745203 -306.188173 -306.556624 -306.906172 -307.182704 -307.312464 -307.362734 -307.384057 -307.392949 -307.398227 -307.402269 -307.404510 -307.405373 -307.405685 -307.405884 -307.405564 -307.404203 -307.400841 -307.397487 -307.395436 -9999.0 -9999.0
-9999.0 -9999.0 -99.422726 -123.978474 -138.330939 -153.925663 -222.572308 -246.589405 -277.907431 -296.624190 -302.733527 -304.212937 -304.621649 -305.054823 -305.682506 -306.358776 -306.687264 -306.801407 -306.841124 -306.857383 -306.867543 -306.876831 -306.881304 -306.882684 -306.883138 -306.883627 -306.882943 -306.879596 -306.867519 -306.858626 -306.854359 -9999.0 -9999.0
-9999.0 -9999.0 -800.000000 -36.719753 -46.335989 -66.201986 -111.923999 -152.064580 -242.561224 -289.237500 -298.226948 -299.353748 -298.965289 -297.217230 -298.176842 -302.366885 -304.188824 -304.681101 -304.804776 -304.857226 -304.891153 -304.919254 -304.929688 -304.934439 -304.936622 -304.936180 -304.933667 -304.917793 -304.819352 -304.795790 -304.787279 -9999.0 -9999.0
-9999.0 -9999.0 -800.000000 -800.000000 -800.000000 -800.000000 -110.770767 -140.055513 -229.830394 -283.537390 -294.416172 -295.126223 -291.877220 -288.436676 -289.575205 -295.037494 -300.922397 -302.856707 -303.271287 -303.419640 -303.538775 -303.620201 -303.659611 -303.681150 -303.694906 -303.694141 -303.685383 -303.655203 -303.527384 -303.465886 -303.437263 -9999.0 -9999.0
-9999.0 -9999.0 -800.000000 -800.000000 -800.000000 -800.000000 -109.241081 -136.987973 -226.272416 -280.742823 -291.400137 -291.992463 -287.793044 -272.004369 -273.309320 -291.679160 -296.810930 -301.575056 -302.451840 -302.637703 -302.762356 -302.954840 -303.112273 -303.216110 -303.282385 -303.309001 -303.321595 -303.290964 -303.142256 -303.013187 -302.941415 -9999.0 -9999.0
-9999.0 -9999.0 -800.000000 -800.000000 -800.000000 -800.000000 -110.865264 -187.905366 -260.443144 -285.790982 -288.238012 -288.447904 -286.732032 -284.225348 -286.476245 -295.690385 -298.895622 -300.864681 -301.085673 -301.086623 -301.052837 -301.273258 -301.812585 -302.226827 -302.482359 -302.597077 -302.651908 -302.677685 -302.608635 -302.355652 -302.223905 -9999.0 -9999.0
-9999.0 -9999.0 -800.000000 -800.000000 -800.000000 -800.000000 -110.891247 -198.268991 -264.549360 -279.139007 -280.992193 -282.478185 -283.424208 -286.489254 -292.506520 -296.743223 -298.298316 -298.665045 -298.642900 -298.914599 -298.953423 -299.265380 -299.872337 -300.269122 -300.515528 -300.700941 -300.825956 -301.030963 -301.070692 -300.941910 -300.842044 -9999.0 -9999.0
-9999.0 -9999.0 -800.000000 -800.000000 -800.000000 -48.535045 -90.548631 -177.362662 -242.570330 -257.748728 -265.098632 -270.962262 -276.986824 -282.523333 -289.242136 -293.106269 -294.723247 -295.193547 -295.673714 -296.015000 -296.026451 -296.085647 -296.112368 -296.228038 -296.743493 -297.056261 -297.135211 -297.436815 -297.726942 -298.154525 -298.287349 -9999.0 -9999.0
-9999.0 -9999.0 -800.000000 -800.000000 -800.000000 -800.000000 -45.984662 -114.903434 -166.455650 -200.851543 -227.572308 -248.021788 -264.700488 -275.480964 -282.794824 -289.072190 -291.216484 -291.946398 -292.378506 -292.399378 -291.930395 -290.908018 -289.415293 -289.980588 -290.288601 -290.830070 -291.649454 -292.273845 -292.866249 -293.542181 -293.973179 -9999.0 -9999.0
-9999.0 -9999.0 -800.000000 -800.000000 -800.000000 -800.000000 -800.000000 -15.320131 -42.996431 -102.231692 -154.226093 -205.499371 -242.602035 -265.844123 -278.554753 -285.287770 -287.290114 -288.373635 -288.573218 -287.782368 -286.128986 -282.190428 -279.653134 -280.954206 -282.486042 -283.470287 -283.526738 -284.159336 -285.042110 -286.055980 -287.100668 -9999.0 -9999.0
-9999.0 -9999.0 -800.000000 -800.000000 -800.000000 -800.000000 -800.000000 -800.000000 -800.000000 -14.690412 -49.858138 -135.133445 -198.222370 -238.009787 -263.192341 -276.580856 -281.256637 -282.012403 -281.853743 -281.105919 -280.021890 -276.571927 -274.309741 -273.553276 -272.709429 -274.650519 -276.292467 -277.135793 -277.793815 -278.045618 -277.158064 -9999.0 -9999.0
-9999.0 -9999.0 -800.000000 -800.000000 -800.000000 -800.000000 -800.000000 -800.000000 -800.000000 -800.000000 -800.000000 -55.896924 -122.119569 -192.293871 -241.147109 -264.663834 -271.771894 -272.178680 -271.347905 -270.478967 -271.320575 -270.332193 -268.039716 -264.544781 -263.074956 -263.566336 -267.426719 -268.034667 -268.152397 -267.467068 -266.527721 -9999.0 -9999.0
-9999.0 -9999.0 -800.000000 -800.000000 -800.000000 -800.000000 -800.000000 -800.000000 -800.000000 -800.000000 -800.000000 -800.000000 -108.949912 -180.664010 -229.788248 -254.671076 -261.106369 -261.668982 -259.094439 -257.635906 -258.627334 -262.182170 -259.104861 -249.665574 -246.835439 -249.070934 -250.737870 -252.924871 -252.545282 -249.323247 -247.790995 -9999.0 -9999.0
-9999.0 -9999.0 -800.000000 -800.000000 -800.000000 -800.000000 -800.000000 -800.000000 -800.000000 -800.000000 -800.000000 -800.000000 -99.330286 -172.768957 -223.698833 -247.516450 -253.145693 -251.790712 -248.973169 -252.126869 -253.679645 -255.513521 -251.995654 -243.516406 -236.681566 -228.320983 -229.903147 -227.061334 -226.814162 -232.031880 -233.198382 -9999.0 -9999.0
-9999.0 -9999.0 -800.000000 -800.000000 -800.000000 -800.000000 -800.000000 -800.000000 -800.000000 -800.000000 -800.000000 -800.000000 -55.324991 -129.774292 -201.140393 -239.808932 -248.600132 -250.102899 -249.208650 -250.534891 -250.937857 -250.697390 -246.083982 -237.678304 -228.781785 -218.286601 -207.492149 -210.040635 -208.853013 -211.441422 -214.081993 -9999.0 -9999.0
-9999.0 -9999.0 -800.000000 -800.000000 -800.000000 -800.000000 -800.000000 -800.000000 -800.000000 -800.000000 -800.000000 -800.000000 -800.000000 -105.363507 -193.064418 -237.799175 -247.186210 -252.625718 -254.832866 -252.375378 -250.617411 -248.740333 -241.829482 -232.202633 -221.433944 -208.774941 -194.031790 -186.858485 -175.663780 -175.082851 -182.626743 -9999.0 -9999.0
-9999.0 -9999.0 -800.000000 -800.000000 -800.000000 -800.000000 -800.000000 -800.000000 -800.000000 -800.000000 295.944889 -800.000000 -800.000000 -103.829552 -194.161373 -236.774655 -245.887253 -252.679329 -257.630057 -257.603897 -253.281974 -251.777883 -239.889936 -227.695586 -214.243831 -195.875367 -165.679223 -149.558472 -152.269392 -145.874793 -126.986796 -9999.0 -9999.0
-9999.0 -9999.0 -800.000000 -800.000000 -800.000000 -800.000000 -800.000000 -800.000000 -800.000000 -800.000000 -800.000000 -800.000000 -800.000000 -107.513245 -198.069417 -235.692632 -244.784146 -251.418518 -255.304670 -258.358567 -257.184535 -250.789727 -237.868539 -224.624988 -210.120460 -192.796563 -165.267101 -146.766577 -139.167705 -130.275810 -118.902546 -9999.0 -9999.0
-9999.0 -9999.0 -800.000000 -800.000000 -800.000000 -800.000000 -800.000000 -800.000000 -800.000000 -800.000000 -800.000000 -800.000000 -800.000000 -166.910951 -227.635076 -241.839126 -245.843615 -247.035802 -248.135457 -250.540186 -250.795486 -246.312911 -236.472593 -223.974946 -208.139656 -191.577974 -166.226444 -146.529227 -133.769455 -123.450439 -115.271697 -9999.0 -9999.0
-9999.0 -9999.0 -800.000000 -800.000000 -800.000000 -800.000000 -800.000000 -800.000000 -800.000000 -800.000000 -800.000000 -800.000000 -800.000000 -205.048414 -245.999910 -251.470221 -250.023381 -245.616015 -237.666430 -239.245738 -240.102148 -241.135705 -238.504559 -227.977523 -207.917533 -191.073909 -167.821859 -148.907875 -134.818033 -124.179386 -117.310162 -9999.0 -9999.0
-9999.0 -9999.0 -800.000000 -800.000000 -800.000000 -800.000000 -800.000000 -800.000000 -800.000000 -800.000000 -800.000000 -800.000000 -148.931201 -230.309750 -261.285208 -260.029027 -256.334073 -249.808087 -241.191531 -238.970830 -237.683800 -236.405964 -231.459132 -219.995833 -204.022013 -189.961190 -170.895596 -155.350647 -142.785479 -133.159084 -127.314389 -9999.0 -9999.0
-9999.0 -9999.0 -800.000000 -800.000000 -800.000000 -800.000000 -800.000000 -800.000000 -800.000000 -800.000000 -800.000000 -218.532384 -221.477213 -265.807948 -272.036415 -266.979483 -261.503097 -255.286037 -249.694681 -243.076189 -238.687119 -234.172451 -223.600735 -205.696113 -188.522316 -187.483875 -177.213330 -167.414299 -158.367268 -150.899861 -146.371501 -9999.0 -9999.0
-9999.0 -9999.0 -800.000000 -800.000000 -800.000000 -800.000000 -166.636813 -178.174798 -249.780169 -237.398049 -205.278035 -248.283991 -272.382098 -283.431800 -278.155185 -271.053473 -264.978886 -259.730186 -255.987588 -247.861736 -242.108463 -236.746923 -222.574464 -206.725838 -191.701718 -190.541278 -193.160476 -187.732221 -181.258647 -176.104938 -173.106436 -9999.0 -9999.0
-9999.0 -9999.0 -800.000000 -800.000000 -800.000000 -172.363550 -213.443087 -242.492638 -261.791947 -259.120139 -250.820500 -276.458368 -289.826604 -288.019691 -280.969961 -273.175114 -266.977492 -262.675209 -258.125318 -252.444242 -246.170442 -236.434269 -219.214223 -210.406282 -205.285491 -192.775988 -186.627886 -174.504493 -163.116873 -156.598972 -153.844743 -9999.0 -9999.0
-9999.0 -9999.0 -800.000000 -800.000000 -242.608428 -228.352335 -180.589624 -269.075901 -275.144920 -282.987442 -284.128410 -290.831157 -291.220421 -286.852385 -280.137653 -272.734795 -266.506340 -261.880995 -256.810698 -251.772969 -245.880189 -237.801300 -224.491061 -215.923921 -207.806258 -188.761416 -163.756083 -124.745203 -95.549107 -90.325433 -90.702255 -9999.0 -9999.0
-9999.0 -9999.0 -800.000000 -174.096317 -261.806753 -272.972521 -254.934317 -279.404870 -287.047324 -293.362774 -293.758034 -292.626312 -288.853310 -283.667162 -277.001247 -269.940264 -263.750188 -258.904792 -254.153796 -249.207964 -244.288102 -239.535191 -234.487365 -226.986837 -214.998688 -185.769300 -145.878491 -115.462087 -64.425151 -97.508130 -110.826436 -9999.0 -9999.0
-9999.0 -9999.0 -250.374147 -247.439391 -289.130321 -292.732798 -289.667916 -286.255847 -292.497164 -292.839182 -292.024936 -289.042024 -284.431831 -278.589995 -271.758562 -264.678910 -258.532899 -254.038313 -250.960342 -246.070425 -242.046782 -239.018577 -237.206281 -227.934009 -214.207925 -192.296993 -166.438326 -139.216131 -76.873352 -130.600739 -155.234124 -9999.0 -9999.0
-9999.0 -9999.0 -260.322200 -281.185250 -292.334508 -291.976315 -290.359846 -288.198624 -288.129821 -287.114111 -284.913448 -281.142715 -275.951735 -269.827246 -263.196355 -255.633680 -249.249998 -244.780747 -242.452973 -240.692001 -238.368589 -235.424496 -231.583897 -224.283595 -207.510397 -199.937899 -196.452821 -183.456353 -145.132636 -176.116866 -183.739430 -9999.0 -9999.0
-9999.0 -9999.0 -262.038823 -284.197925 -290.061076 -288.718339 -286.550791 -284.832169 -282.641612 -278.758145 -274.035887 -268.359480 -261.538178 -253.984833 -246.522436 -239.206900 -232.723980 -228.194235 -226.166073 -225.393998 -224.508788 -221.450394 -219.369093 -214.830113 -206.404717 -205.306244 -213.715284 -212.098499 -198.249506 -203.129429 -193.774579 -9999.0 -9999.0
-9999.0 -9999.0 -281.265956 -289.014366 -288.118951 -284.837181 -280.300907 -279.024934 -275.984401 -268.337222 -259.727514 -250.703392 -240.660540 -230.470957 -220.585608 -211.820666 -205.069086 -200.581952 -199.393859 -198.612776 -196.469278 -194.352956 -193.298796 -197.327613 -204.386146 -207.084590 -207.669183 -205.298082 -196.230079 -190.645423 -188.280343 -9999.0 -9999.0
-9999.0 -9999.0 -288.135453 -287.960170 -285.520671 -281.252389 -275.229939 -271.079903 -264.380179 -253.515703 -240.832963 -228.678974 -217.109099 -203.035766 -190.558675 -179.727265 -171.909864 -164.393773 -156.119064 -149.460681 -146.758090 -148.122724 -153.760174 -164.667034 -179.931399 -187.451689 -186.915191 -186.064045 -182.151041 -178.200190 -176.739468 -9999.0 -9999.0
-9999.0 -9999.0 -279.061143 -279.098916 -277.696693 -275.081754 -269.581564 -258.925219 -247.162510 -233.153370 -216.697717 -201.857418 -189.333199 -177.551800 -160.957585 -141.018420 -118.157664 -103.148455 -82.760179 -67.428051 -59.211649 -64.446775 -78.880726 -95.846751 -118.350206 -135.757087 -147.205728 -154.008902 -157.405474 -157.647425 -157.666701 -9999.0 -9999.0
-9999.0 -9999.0 -263.041043 -262.076340 -261.376836 -258.386498 -251.300973 -238.347738 -224.038951 -210.795300 -194.564922 -177.474037 -159.241841 -139.822043 -117.156143 -91.963067 -62.669152 -32.596111 1.697032 39.245235 57.195743 54.638546 36.881034 6.270668 -27.239762 -56.216679 -86.266098 -106.996660 -120.939720 -128.099879 -131.043581 -9999.0 -9999.0
-9999.0 -9999.0 -229.912709 -231.371415 -228.849646 -222.369176 -213.200302 -200.996217 -189.093000 -175.319922 -157.316180 -135.110144 -111.842540 -87.806198 -60.542810 -30.710289 11.438149 63.985245 107.780064 138.580200 157.093397 155.989202 142.249729 116.076225 73.147125 23.131258 -27.431566 -57.469582 -83.083705 -98.619439 -104.995187 -9999.0 -9999.0
-9999.0 -9999.0 -172.859603 -171.812898 -166.991461 -160.407384 -150.662868 -138.361541 -124.791638 -108.133548 -93.710437 -71.537308 -48.030404 -21.509632 17.042894 72.564980 119.914193 158.040860 189.660347 217.256015 221.424213 206.332994 180.846362 141.760168 125.329860 82.769222 41.076714 -4.851520 -46.658365 -74.094293 -83.422756 -9999.0 -9999.0
-9999.0 -9999.0 -81.069834 -67.402578 -50.934575 -37.022927 -31.158595 -29.122468 -29.755209 -29.576216 -17.524435 9.678013 40.113496 70.807170 99.613350 143.240571 195.495145 224.609497 231.842143 220.637725 249.398848 201.971492 174.337065 154.240330 155.303257 123.156397 74.137025 27.543032 -22.185004 -61.478235 -67.123451 -9999.0 -9999.0
-9999.0 -9999.0 46.735999 74.744132 105.155791 120.640928 117.736589 103.561116 82.883206 74.928189 80.032777 83.163600 99.400880 119.176327 145.781888 166.094147 170.883785 179.960974 189.545163 190.345622 -800.000000 181.722329 157.244118 160.711686 150.571543 126.712740 92.386091 53.804101 13.164413 -25.633819 -45.511784 -9999.0 -9999.0
-9999.0 -9999.0 172.286503 191.905990 216.490196 250.557287 254.033802 211.558976 176.633170 158.727505 137.865443 133.897987 146.908210 157.949105 167.758319 155.804009 129.414039 126.461294 156.353098 159.472906 136.638961 176.346366 200.496549 183.695493 153.589727 145.622013 119.245800 79.280762 50.803038 34.642944 19.446304 -9999.0 -9999.0
-9999.0 -9999.0 253.016719 295.998445 303.956003 -800.000000 -800.000000 309.251912 277.393527 234.686996 191.762237 176.679685 158.705433 157.586860 158.659036 149.822500 132.678145 118.070454 101.312858 113.504693 143.734917 178.367360 210.961481 232.518524 221.422668 196.704052 167.527288 138.841514 114.720874 99.317284 89.453857 -9999.0 -9999.0
-9999.0 -9999.0 307.694631 -800.000000 -800.000000 -800.000000 -800.000000 -800.000000 316.324439 271.070111 235.576314 188.971276 164.758312 156.158166 151.867355 142.258731 122.651453 91.760465 87.754025 118.433479 148.796667 181.468960 238.657486 219.897251 244.769328 195.399102 194.231963 174.292894 165.845890 148.011844 139.757778 -9999.0 -9999.0
-9999.0 -9999.0 -800.000000 -800.000000 -800.000000 -800.000000 -800.000000 -800.000000 -800.000000 284.592292 227.161026 183.304701 158.819257 146.949934 140.599601 131.775375 108.591611 110.643327 112.311003 125.124020 145.599483 161.882096 -800.000000 168.516918 -800.000000 149.197995 152.899568 154.860802 157.348850 155.851325 150.237407 -9999.0 -9999.0
-9999.0 -9999.0 -800.000000 -800.000000 -800.000000 -800.000000 -800.000000 -800.000000 -800.000000 246.509701 202.726472 156.345714 131.730238 118.900667 115.370851 120.600806 134.318090 136.877117 133.678386 130.062953 134.142402 127.625029 59.502785 81.586546 -36.842914 7.558435 50.024005 114.393718 146.227951 169.112642 160.574721 -9999.0 -9999.0
