simulations/panola13_run2xC_test3/maps/psiliqL0003N0005.asc
ncols         33
nrows         75
xllcorner     -4.500000
yllcorner     -24.500000
cellsize      1.000000
NODATA_value  -9999.0
[rows 0 to 43 of 75, columns 0 to 32 of 33]
-9999.0 -9999.0 -9999.0 -9999.0 -9999.0 -9999.0 -9999.0 -9999.0 -9999.0 -9999.0 -9999.0 -9999.0 -9999.0 -9999.0 -9999.0 -9999.0 -9999.0 -9999.0 -9999.0 -9999.0 -9999.0 -9999.0 -9999.0 -9999.0 -9999.0 -9999.0 -9999.0 -9999.0 -9999.0 -9999.0 -9999.0 -9999.0 -9999.0
-9999.0 -9999.0 -9999.0 -9999.0 -9999.0 -9999.0 -9999.0 -9999.0 -9999.0 -9999.0 -9999.0 -9999.0 -9999.0 -9999.0 -9999.0 -9999.0 -9999.0 -9999.0 -9999.0 -9999.0 -9999.0 -9999.0 -9999.0 -9999.0 -9999.0 -9999.0 -9999.0 -9999.0 -9999.0 -9999.0 -9999.0 -9999.0 -9999.0
-9999.0 -9999.0 149.169627 140.193567 125.711692 93.629100 19.241285 -30.292704 -87.396651 -139.166288 -160.853409 -169.572254 -175.095651 -180.747088 -186.349345 -190.382761 -191.964759 -192.452458 -192.599236 -192.642199 -192.658038 -192.664059 -192.665982 -192.666628 -192.666850 -192.666870 -192.666547 -192.664716 -192.657281 -192.645037 -192.635706 -9999.0 -9999.0
-9999.0 -9999.0 -800.000000 -800.000000 -800.000000 -800.000000 103.371344 52.172234 -55.529241 -115.527574 -146.842216 -156.874414 -161.911140 -168.427238 -177.861601 -186.675666 -190.596195 -191.786816 -192.116044 -192.229609 -192.278551 -192.306571 -192.315362 -192.317441 -192.317966 -192.318488 -192.317295 -192.307971 -192.267295 -192.218826 -192.188960 -9999.0 -9999.0
-9999.0 -9999.0 -800.000000 -800.000000 -800.000000 -800.000000 -800.000000 -800.000000 -39.993951 -83.004867 -105.825164 -115.484903 -121.106416 -139.261165 -154.621528 -171.177175 -183.851052 -188.278877 -189.714270 -190.280495 -190.563219 -190.765627 -190.839466 -190.858376 -190.863927 -190.869032 -190.857936 -190.779692 -190.373632 -190.089585 -189.964004 -9999.0 -9999.0
-9999.0 -9999.0 -800.000000 -800.000000 -800.000000 -800.000000 -800.000000 -800.000000 13.430268 -34.280444 -53.699206 -63.362979 -69.164402 -62.460674 -88.801796 -141.908166 -164.145386 -177.999976 -183.801966 -186.077377 -187.667383 -188.799317 -189.308794 -189.495543 -189.578376 -189.583742 -189.487269 -189.120466 -187.912412 -186.853560 -186.309867 -9999.0 -9999.0
-9999.0 -9999.0 -800.000000 -800.000000 -800.000000 -800.000000 -800.000000 -800.000000 84.400176 41.625241 16.802021 -2.032535 -24.236249 -43.542125 -66.651503 -124.797994 -149.220783 -164.633919 -170.988766 -174.888085 -178.479140 -182.366241 -184.852285 -186.101428 -186.737853 -186.886682 -186.643181 -185.637585 -183.429251 -181.151861 -179.854047 -9999.0 -9999.0
-9999.0 -9999.0 -800.000000 -800.000000 -800.000000 -800.000000 -800.000000 135.659731 112.811884 100.982835 97.184522 79.634957 36.870857 -36.794418 -81.245254 -119.588923 -140.837621 -145.130190 -146.342576 -148.526867 -152.761988 -158.286434 -165.568222 -171.104055 -174.439447 -175.528981 -175.259068 -174.054746 -172.201877 -168.243831 -166.208299 -9999.0 -9999.0
-9999.0 -9999.0 -800.000000 -800.000000 -800.000000 -800.000000 -800.000000 233.131038 205.110740 187.205376 169.285387 146.816766 106.946659 41.975406 -37.790986 -73.223244 -92.514462 -95.929146 -96.649331 -104.198201 -111.648891 -119.975374 -129.710527 -136.370308 -139.910554 -141.868509 -142.391322 -143.755376 -143.428659 -141.766546 -140.393167 -9999.0 -9999.0
-9999.0 -9999.0 -800.000000 -800.000000 -800.000000 -800.000000 -800.000000 334.709626 318.629729 301.833701 265.980759 223.952433 169.071086 122.863377 74.410619 21.104344 -13.388364 -27.926804 -41.359498 -49.894940 -56.302752 -60.432731 -63.169957 -65.329973 -71.641136 -74.636403 -73.875781 -75.998334 -78.960313 -84.805175 -86.685752 -9999.0 -9999.0
-9999.0 -9999.0 -800.000000 -800.000000 -800.000000 -800.000000 -800.000000 449.169918 436.149360 397.815098 357.446058 306.790564 242.459524 179.602037 135.224937 94.925309 67.893360 48.406635 33.528238 26.327452 22.964848 26.756411 33.821701 24.592427 20.374266 15.148677 8.095784 3.835043 -0.612016 -6.895005 -11.650529 -9999.0 -9999.0
-9999.0 -9999.0 -800.000000 -800.000000 -800.000000 -800.000000 -800.000000 -800.000000 -800.000000 483.322727 452.833533 377.242532 304.893418 240.123538 180.012859 142.219401 125.017027 108.259683 101.580307 105.134716 109.129307 123.542443 126.993467 119.579674 110.179566 105.389736 108.947066 109.379065 108.201463 104.999267 98.080723 -9999.0 -9999.0
-9999.0 -9999.0 -800.000000 -800.000000 -800.000000 -800.000000 -800.000000 -800.000000 -800.000000 -800.000000 -800.000000 446.403222 385.631254 327.596272 265.331065 212.169445 182.283930 174.138680 171.412184 170.563949 166.684570 166.217229 167.466151 169.845323 173.973219 166.791548 161.111598 161.134911 162.811678 166.345833 174.300282 -9999.0 -9999.0
-9999.0 -9999.0 -800.000000 -800.000000 -800.000000 -800.000000 -800.000000 -800.000000 -800.000000 -800.000000 -800.000000 511.340461 465.323845 376.789154 327.930678 280.038125 259.394347 256.700118 257.770619 255.635420 241.083041 229.931997 229.162752 236.508817 240.785524 240.062815 225.869762 228.325433 233.118522 240.972857 247.228794 -9999.0 -9999.0
-9999.0 -9999.0 -800.000000 -800.000000 -800.000000 -800.000000 -800.000000 -800.000000 -800.000000 -800.000000 -800.000000 -800.000000 -800.000000 408.828399 352.816979 317.867174 309.726284 306.517382 313.479678 312.299237 302.524396 281.504892 280.734407 298.882379 303.312857 297.471123 297.742659 294.879348 299.241267 311.626568 316.195353 -9999.0 -9999.0
-9999.0 -9999.0 -800.000000 -800.000000 -800.000000 -800.000000 -800.000000 -800.000000 -800.000000 -800.000000 -800.000000 -800.000000 -800.000000 415.224672 364.981544 336.532125 328.529437 332.662992 335.836574 319.977801 311.157769 303.324478 304.083451 312.665134 321.346803 336.462947 336.001425 344.235436 346.951540 338.538122 337.296818 -9999.0 -9999.0
-9999.0 -9999.0 -800.000000 -800.000000 -800.000000 -800.000000 -800.000000 -800.000000 -800.000000 -800.000000 -800.000000 -800.000000 -800.000000 450.904635 374.075120 345.607125 332.438458 324.948472 320.621641 316.571856 313.535363 311.731602 315.393902 323.146642 332.935820 346.874409 366.493819 364.418665 369.014893 367.686371 364.470492 -9999.0 -9999.0
-9999.0 -9999.0 -800.000000 -800.000000 -800.000000 -800.000000 -800.000000 -800.000000 -800.000000 -800.000000 -800.000000 -800.000000 -800.000000 -800.000000 366.474658 344.843607 327.807106 305.566987 291.210829 301.894160 307.068473 309.544041 319.544161 330.095981 341.996835 357.802263 378.638334 392.157730 412.358180 415.118348 403.324328 -9999.0 -9999.0
-9999.0 -9999.0 -800.000000 -800.000000 -800.000000 -800.000000 -800.000000 -800.000000 -800.000000 -800.000000 -800.000000 -800.000000 -800.000000 -800.000000 354.792743 342.385954 325.525899 304.763842 283.620301 275.582149 290.038185 290.175200 317.883811 333.861585 348.652683 368.756319 406.189752 420.921417 410.787782 415.518009 437.307321 -9999.0 -9999.0
-9999.0 -9999.0 -800.000000 -800.000000 -800.000000 -800.000000 -800.000000 -800.000000 -800.000000 -800.000000 -800.000000 -800.000000 -800.000000 -800.000000 337.647945 338.117088 320.981067 303.986083 294.436455 278.273724 271.561096 296.773302 319.447048 335.350212 350.371500 365.962028 385.653849 397.131628 400.688246 405.284148 411.689556 -9999.0 -9999.0
-9999.0 -9999.0 -800.000000 -800.000000 -800.000000 -800.000000 -800.000000 -800.000000 -800.000000 -800.000000 -800.000000 -800.000000 -800.000000 269.692090 294.442254 302.094772 306.503130 313.958962 314.760929 307.912000 304.209115 309.774506 319.609504 332.648548 349.117907 362.641088 376.348151 384.828545 389.661283 393.330040 396.168173 -9999.0 -9999.0
-9999.0 -9999.0 -800.000000 -800.000000 -800.000000 -800.000000 -800.000000 -800.000000 -800.000000 -800.000000 -800.000000 -800.000000 -800.000000 228.872061 216.862279 241.464306 273.169780 302.217614 333.713548 331.703131 328.073944 317.323789 308.507733 318.345309 346.182306 359.553913 369.937542 376.017284 379.649287 382.071986 383.521972 -9999.0 -9999.0
-9999.0 -9999.0 -800.000000 -800.000000 -800.000000 -800.000000 -800.000000 -800.000000 -800.000000 -800.000000 -800.000000 -800.000000 -800.000000 125.944095 161.266659 199.638241 231.298404 269.348914 300.367003 315.462470 320.427252 320.794788 324.619140 337.456015 352.200969 358.707266 363.881463 367.269953 369.552219 371.052533 371.849150 -9999.0 -9999.0
-9999.0 -9999.0 -800.000000 -800.000000 -800.000000 -800.000000 -800.000000 -800.000000 -800.000000 -800.000000 -800.000000 -64.649247 -61.517971 28.829865 124.463057 169.203061 207.829869 240.379146 257.134492 292.074190 308.411624 317.208293 332.560869 356.796607 371.277268 358.393326 354.052203 353.940307 354.957920 355.851963 356.322468 -9999.0 -9999.0
-9999.0 -9999.0 -800.000000 -800.000000 -800.000000 -800.000000 -800.000000 -800.000000 -90.686683 -76.575989 -88.519351 -81.699384 -61.917970 11.910573 107.585739 161.635902 196.756061 222.773702 238.219131 271.885221 291.538713 301.109571 328.455881 343.360981 349.318595 345.546085 325.786555 322.472407 323.170037 323.858216 324.113145 -9999.0 -9999.0
-9999.0 -9999.0 -800.000000 -800.000000 -800.000000 -800.000000 87.666710 -104.171013 -103.942912 -130.971423 -104.189442 -73.919052 -30.351186 34.865390 106.120305 160.703211 195.082326 215.428651 238.761117 254.317781 273.849262 300.500454 333.149694 332.187495 321.023393 339.569464 342.643294 348.526581 352.848455 353.681594 353.469108 -9999.0 -9999.0
-9999.0 -9999.0 -800.000000 -800.000000 -63.681679 -49.834383 -800.000000 -130.391834 -116.378147 -125.854330 -82.277814 -43.336977 18.878494 77.656774 131.492828 175.172517 208.623213 230.435654 250.183772 265.164917 279.866279 295.176721 311.143500 317.724559 323.176623 340.544904 357.354361 382.573914 395.087438 393.627303 391.375220 -9999.0 -9999.0
-9999.0 -9999.0 -800.000000 -800.000000 -105.375784 -106.329501 -119.018829 -89.738588 -90.827577 -74.399504 -51.822590 3.772469 70.072221 120.103753 162.251332 201.864707 230.605952 248.561613 261.433974 273.074477 281.882722 286.327924 278.868691 286.303433 301.452225 337.254431 370.429725 372.442643 402.785692 374.363103 364.320766 -9999.0 -9999.0
-9999.0 -9999.0 -72.078634 -95.955512 -89.278948 -74.330129 -53.752213 -28.180886 -7.295972 12.895858 39.662532 84.738057 127.442032 165.886632 204.634364 237.696776 258.793401 268.996604 270.252312 278.296097 282.232257 282.747664 277.396080 293.280419 311.934059 328.102806 339.375066 341.852555 -800.000000 339.873775 316.152274 -9999.0 -9999.0
-9999.0 -9999.0 -37.818007 -33.789306 -0.890375 36.734302 71.467789 93.627220 115.508732 124.844961 142.506554 167.009615 198.817279 232.337405 257.909649 280.282391 293.182086 297.438259 293.933917 286.886385 283.409115 284.648523 289.659652 295.733749 323.074989 314.749118 287.110230 273.696600 249.054102 282.283561 308.631070 -9999.0 -9999.0
-9999.0 -9999.0 15.403960 36.673237 72.431245 102.158852 128.112091 144.686556 163.221334 192.810854 226.288910 257.245808 284.816534 306.435062 320.516593 328.197943 332.326488 331.505000 325.101648 316.454633 309.267599 310.013374 308.348185 311.187398 314.007411 304.491886 277.870625 270.198224 271.047737 284.846351 308.119843 -9999.0 -9999.0
-9999.0 -9999.0 16.696415 62.060528 110.631882 143.157988 176.198233 190.475296 211.175964 258.826768 298.064065 325.886951 347.692010 362.321560 372.929138 378.359980 378.370096 373.768561 363.107115 353.353882 349.097947 346.792733 344.117137 331.460942 308.430141 297.884908 301.416488 304.682008 318.791033 325.603072 321.511304 -9999.0 -9999.0
-9999.0 -9999.0 108.992052 124.553442 146.909401 177.519814 212.334301 241.403443 274.048958 315.519009 348.706252 372.147658 387.864541 406.517614 418.080719 422.801549 418.878985 414.515620 411.930797 409.183538 403.013928 393.781306 381.400714 364.179726 339.042517 325.998203 327.798441 327.550853 329.875882 331.498673 330.490398 -9999.0 -9999.0
-9999.0 -9999.0 216.617313 213.474548 219.200236 228.397100 246.303120 292.287932 328.894965 359.718724 389.883628 413.343809 426.935473 430.103589 436.506378 443.444340 453.986785 453.042751 460.691022 462.987986 462.836429 452.033358 436.099730 420.301173 397.875684 379.147890 364.895546 354.792032 347.224395 343.339652 341.145408 -9999.0 -9999.0
-9999.0 -9999.0 303.252423 304.413020 299.041500 299.607318 313.725288 343.267600 371.557851 392.371230 413.914357 430.850026 442.077109 447.942015 452.926415 457.894555 467.080335 477.500567 490.924948 505.484438 510.006923 507.395765 500.513267 485.364871 465.566773 443.672770 414.444159 391.059374 371.570613 360.132732 354.904305 -9999.0 -9999.0
-9999.0 -9999.0 377.032188 367.924580 365.649364 371.415364 382.326467 400.260036 415.498105 430.285988 441.913077 452.845248 461.345613 466.431817 469.247117 468.879161 478.538290 495.798796 508.873153 517.664652 529.079217 530.180742 527.621180 519.914208 502.897130 486.359845 455.376172 429.143400 400.796808 380.598822 371.585564 -9999.0 -9999.0
-9999.0 -9999.0 449.034386 442.227504 439.072947 437.886369 442.634035 450.691975 459.088558 469.925191 470.372966 477.124271 483.762788 487.034798 489.806673 500.570679 510.309222 522.300630 529.742144 534.648360 519.707979 517.401510 514.965537 496.955861 508.657522 493.968398 487.369191 462.457753 425.694337 397.475020 387.367128 -9999.0 -9999.0
-9999.0 -9999.0 471.253192 476.510434 485.922776 494.481323 495.334758 495.576542 494.060200 489.014896 491.026201 500.013592 503.203682 503.587053 500.183158 514.078009 542.169106 536.912963 518.709848 -800.000000 -800.000000 -800.000000 -800.000000 492.441324 511.185861 505.003147 484.343128 458.898084 429.872332 396.462632 395.802499 -9999.0 -9999.0
-9999.0 -9999.0 493.123271 507.963185 522.520012 525.574087 516.538996 509.663715 497.824752 496.465566 502.165266 494.717037 495.978316 498.166956 509.204019 512.070051 -800.000000 -800.000000 -800.000000 -800.000000 -800.000000 -800.000000 471.988117 488.283392 -800.000000 489.825399 479.978086 458.986489 438.273490 418.741260 402.844981 -9999.0 -9999.0
-9999.0 -9999.0 513.037062 515.553231 519.006387 531.980604 544.403094 518.983296 504.999207 506.990458 496.089604 496.223916 507.520353 509.675553 510.188156 491.695577 469.408324 467.262937 -800.000000 -800.000000 -800.000000 -800.000000 507.253154 491.671020 474.079212 489.527708 484.325425 458.185412 444.825719 444.690538 439.833337 -9999.0 -9999.0
-9999.0 -9999.0 -800.000000 -800.000000 -800.000000 -800.000000 -800.000000 530.790158 528.400100 513.057435 498.983884 506.398067 493.111223 491.992345 491.684144 489.564791 486.612266 483.156265 466.684386 468.350865 486.120924 -800.000000 -800.000000 511.680169 511.139796 511.601516 507.719974 497.624773 484.239002 477.329976 473.422588 -9999.0 -9999.0
-9999.0 -9999.0 -800.000000 -800.000000 -800.000000 -800.000000 -800.000000 -800.000000 528.260340 499.533464 507.771411 492.742716 489.950473 489.517448 489.375600 488.771533 485.871057 470.724981 469.731058 485.210226 -800.000000 -800.000000 -800.000000 -800.000000 -800.000000 -800.000000 513.293433 511.436158 516.659147 504.801446 501.751039 -9999.0 -9999.0
-9999.0 -9999.0 -800.000000 -800.000000 -800.000000 -800.000000 -800.000000 -800.000000 -800.000000 510.943909 492.944692 488.191343 487.099444 486.922359 486.912528 486.150267 474.006930 484.298624 486.039245 488.690671 -800.000000 -800.000000 -800.000000 -800.000000 -800.000000 -800.000000 -800.000000 491.426443 492.844735 495.029023 493.049471 -9999.0 -9999.0
-9999.0 -9999.0 -800.000000 -800.000000 -800.000000 -800.000000 -800.000000 -800.000000 -800.000000 -800.000000 487.690676 470.953430 467.906889 467.736957 468.766859 473.263903 487.825030 491.865473 492.152427 489.858074 -800.000000 -800.000000 -800.000000 -800.000000 435.658849 455.126014 460.939685 483.661392 490.306435 504.921024 493.358857 -9999.0 -9999.0
