simulations/idroclim_test1/maps/EBN0003.asc
ncols         301
nrows         283
xllcorner     601258.000000
yllcorner     5031977.000000
cellsize      500.000000
NODATA_value  -9999.0
[rows 250 to 274 of 283, columns 228 to 284 of 301]
-10.287999 -10.338547 -10.357227 -10.353565 -10.329818 -10.292843 -10.273991 -10.243514 -10.257250 -10.261922 -10.267484 -10.260978 -10.264194 -10.261756 -10.268234 -10.272570 -10.278502 -10.293433 -10.300348 -10.304564 -10.300149 -10.290638 -10.280461 -10.277826 -10.276897 -10.275820 -10.280344 -10.279292 -10.280641 -10.271075 -10.267076 -10.267007 -10.278903 -10.266698 -10.252189 -10.237703 -10.225631 -10.213705 -10.205895 -10.203110 -10.208715 -10.219808 -10.216807 -10.211518 -10.194227 -10.184760 -10.169655 -10.169938 -10.170971 -10.178985 -10.186174 -10.182277 -10.178580 -10.169284 -10.163297 -10.153577 -10.144312
-10.262857 -10.316743 -10.338756 -10.361191 -10.352588 -10.309602 -10.271339 -10.242278 -10.241905 -10.236208 -10.243476 -10.237653 -10.239996 -10.231601 -10.232100 -10.234946 -10.246506 -10.269512 -10.276665 -10.284694 -10.286682 -10.288470 -10.278647 -10.270701 -10.261366 -10.260523 -10.258282 -10.262116 -10.263865 -10.260748 -10.259586 -10.258037 -10.262267 -10.249071 -10.234234 -10.221768 -10.211067 -10.201852 -10.198025 -10.199736 -10.204778 -10.207630 -10.206155 -10.203685 -10.201289 -10.197342 -10.184865 -10.158375 -10.138531 -10.127584 -10.135590 -10.146008 -10.150226 -10.149448 -10.141265 -10.136573 -10.126916
-10.232023 -10.256089 -10.320235 -10.329623 -10.335436 -10.301755 -10.254548 -10.214270 -10.201063 -10.197307 -10.212001 -10.218819 -10.219730 -10.208773 -10.201712 -10.196954 -10.205115 -10.211385 -10.224395 -10.233579 -10.246640 -10.260026 -10.255415 -10.245579 -10.228176 -10.229035 -10.231418 -10.243140 -10.247973 -10.252896 -10.245041 -10.238595 -10.230865 -10.225501 -10.216745 -10.208786 -10.201906 -10.197337 -10.199300 -10.197829 -10.197166 -10.190490 -10.187589 -10.184060 -10.190545 -10.191881 -10.183365 -10.152712 -10.118852 -10.100137 -10.105121 -10.122548 -10.131263 -10.133297 -10.124662 -10.121631 -10.115954
-10.200924 -10.211386 -10.235972 -10.298546 -10.312883 -10.268536 -10.214770 -10.184099 -10.153099 -10.155892 -10.172398 -10.190896 -10.191191 -10.182680 -10.176009 -10.172142 -10.170775 -10.161641 -10.163848 -10.176771 -10.197214 -10.211119 -10.218559 -10.216305 -10.205861 -10.204980 -10.208269 -10.218368 -10.224792 -10.229683 -10.224647 -10.206959 -10.192864 -10.191766 -10.193578 -10.198273 -10.197638 -10.196314 -10.196397 -10.190819 -10.185140 -10.173493 -10.165285 -10.157460 -10.161223 -10.164233 -10.160483 -10.139629 -10.109992 -10.091579 -10.091660 -10.107324 -10.119611 -10.122884 -10.118233 -10.111106 -10.102345
-10.171364 -10.172616 -10.180170 -10.196986 -10.215301 -10.206154 -10.200100 -10.166659 -10.139345 -10.138459 -10.142786 -10.154134 -10.154078 -10.160676 -10.164611 -10.168328 -10.160721 -10.148187 -10.139803 -10.143373 -10.151430 -10.165114 -10.183140 -10.192272 -10.195551 -10.191228 -10.187979 -10.187842 -10.194676 -10.202527 -10.199616 -10.182224 -10.162264 -10.154372 -10.158741 -10.172137 -10.179579 -10.182580 -10.178914 -10.175338 -10.170312 -10.161798 -10.145763 -10.131337 -10.127270 -10.133672 -10.135903 -10.129161 -10.108565 -10.093031 -10.086110 -10.093557 -10.102413 -10.111076 -10.109013 -10.096830 -10.086879
-10.141728 -10.140297 -10.137952 -10.139841 -10.156976 -10.178575 -10.184072 -10.170917 -10.150066 -10.140300 -10.130946 -10.127665 -10.128296 -10.143013 -10.158024 -10.170330 -10.166071 -10.154317 -10.138774 -10.130573 -10.131739 -10.138080 -10.156004 -10.170410 -10.183086 -10.181588 -10.176292 -10.169662 -10.171126 -10.175587 -10.175198 -10.161967 -10.145494 -10.134973 -10.138480 -10.143362 -10.145864 -10.148369 -10.147047 -10.154685 -10.159145 -10.158384 -10.138907 -10.119454 -10.108681 -10.116521 -10.126051 -10.128912 -10.117438 -10.101083 -10.086843 -10.076968 -10.082449 -10.089194 -10.090793 -10.080843 -10.067245
-10.114216 -10.114949 -10.112732 -10.109513 -10.122014 -10.144987 -10.167944 -10.175193 -10.164021 -10.146161 -10.128805 -10.120891 -10.119875 -10.129756 -10.144739 -10.159546 -10.162733 -10.157233 -10.144226 -10.133983 -10.128520 -10.127179 -10.134725 -10.146681 -10.159764 -10.161773 -10.159537 -10.153034 -10.150509 -10.149104 -10.151556 -10.150775 -10.149768 -10.140377 -10.130277 -10.122608 -10.114409 -10.111631 -10.111746 -10.125301 -10.138451 -10.147334 -10.136888 -10.121294 -10.105588 -10.103669 -10.107379 -10.113796 -10.115127 -10.108328 -10.090590 -10.072302 -10.062524 -10.064350 -10.068333 -10.062842 -10.052412
-10.095814 -10.095259 -10.096039 -10.095017 -10.104195 -10.120426 -10.141194 -10.154816 -10.149880 -10.136598 -10.125246 -10.121706 -10.120504 -10.120210 -10.121183 -10.127087 -10.133872 -10.137521 -10.136026 -10.132454 -10.126616 -10.122868 -10.120689 -10.124733 -10.128027 -10.130816 -10.143347 -10.150820 -10.154519 -10.147189 -10.144142 -10.148893 -10.151632 -10.149347 -10.134740 -10.121388 -10.105587 -10.096906 -10.094800 -10.102085 -10.113613 -10.125196 -10.128337 -10.126096 -10.114050 -10.100060 -10.089455 -10.090311 -10.101836 -10.105915 -10.101799 -10.081238 -10.062504 -10.049572 -10.049417 -10.048432 -10.043072
-10.084826 -10.081414 -10.083784 -10.086923 -10.094824 -10.104016 -10.109700 -10.115918 -10.114421 -10.114812 -10.114511 -10.119884 -10.119169 -10.111975 -10.100522 -10.095510 -10.101150 -10.114894 -10.124968 -10.128044 -10.121696 -10.118209 -10.118707 -10.119652 -10.108089 -10.101647 -10.116446 -10.136183 -10.154148 -10.145639 -10.136749 -10.136851 -10.141319 -10.143796 -10.134417 -10.128276 -10.116926 -10.105851 -10.096928 -10.089988 -10.089018 -10.091223 -10.098039 -10.105263 -10.102548 -10.087437 -10.072165 -10.070814 -10.083540 -10.098282 -10.108392 -10.078118 -10.071898 -10.062163 -10.060635 -10.041848 -10.052290
-10.079802 -10.077238 -10.078511 -10.081807 -10.087304 -10.091204 -10.086337 -10.081942 -10.081133 -10.089908 -10.097584 -10.108033 -10.111358 -10.109768 -10.094745 -10.083307 -10.083898 -10.098016 -10.110055 -10.113957 -10.107633 -10.110887 -10.111947 -10.113137 -10.096397 -10.080953 -10.090132 -10.113773 -10.142145 -10.133754 -10.118111 -10.108622 -10.112074 -10.120760 -10.123576 -10.127330 -10.124275 -10.116047 -10.102977 -10.088592 -10.074456 -10.063771 -10.059839 -10.063624 -10.068407 -10.068903 -10.067085 -10.067277 -10.079383 -10.091814 -10.102718 -10.094415 -10.085897 -10.093058 -10.095141 -10.089539 -10.077396
-10.070464 -10.070110 -10.069661 -10.071289 -10.075891 -10.086985 -10.080650 -10.072854 -10.067702 -10.075436 -10.082232 -10.088898 -10.091411 -10.099001 -10.098423 -10.091831 -10.084527 -10.086353 -10.091722 -10.092567 -10.095267 -10.095381 -10.100563 -10.100870 -10.090959 -10.069417 -10.067064 -10.079088 -10.105322 -10.103848 -10.090968 -10.079444 -10.083311 -10.097817 -10.109387 -10.116773 -10.117218 -10.114490 -10.104340 -10.090432 -10.070454 -10.052494 -10.036596 -10.029357 -10.031416 -10.046782 -10.059491 -10.073456 -10.075386 -10.077035 -10.075591 -10.065033 -10.064510 -10.087119 -10.087714 -10.091578 -10.071361
-10.055600 -10.060497 -10.054836 -10.058425 -10.061822 -10.078392 -10.089826 -10.071176 -10.076250 -10.072088 -10.070262 -10.067745 -10.068440 -10.080709 -10.097265 -10.103177 -10.094750 -10.077140 -10.072853 -10.069016 -10.074496 -10.076961 -10.080803 -10.076579 -10.065472 -10.055148 -10.042436 -10.039191 -10.045803 -10.054816 -10.059481 -10.058512 -10.062238 -10.078064 -10.088901 -10.095190 -10.094030 -10.096125 -10.090651 -10.084578 -10.070312 -10.057652 -10.040680 -10.027609 -10.020391 -10.034873 -10.047597 -10.061119 -10.052853 -10.044912 -10.036140 -10.034471 -10.031357 -10.033907 -10.005296 -10.001946 -10.001779
-10.039654 -10.047711 -10.044591 -10.041594 -10.050554 -10.070333 -10.088468 -10.096854 -10.094062 -10.072242 -10.060293 -10.047605 -10.049649 -10.061920 -10.093133 -10.097684 -10.092865 -10.073196 -10.062157 -10.056210 -10.063051 -10.061142 -10.059902 -10.045109 -10.040473 -10.042358 -10.037594 -10.024160 -10.013226 -10.019823 -10.033234 -10.043381 -10.047601 -10.056093 -10.058852 -10.063951 -10.061909 -10.065513 -10.062372 -10.065628 -10.061177 -10.058713 -10.048329 -10.037569 -10.026475 -10.024653 -10.028890 -10.034694 -10.020019 -10.004050 -9.988778 -9.979586 -9.972009 -9.963206 -9.962965 -9.961060 -9.967152
-10.025851 -10.038641 -10.041654 -10.041996 -10.048172 -10.055039 -10.056264 -10.065008 -10.066993 -10.061507 -10.046496 -10.033947 -10.040393 -10.055789 -10.080242 -10.080685 -10.078169 -10.064638 -10.060129 -10.056466 -10.056607 -10.049554 -10.038356 -10.020635 -10.023997 -10.032893 -10.031152 -10.014604 -9.989791 -9.989179 -10.001793 -10.019538 -10.024026 -10.024130 -10.020601 -10.022767 -10.022072 -10.024390 -10.023806 -10.029680 -10.033298 -10.038504 -10.039223 -10.033584 -10.022759 -10.005089 -9.999246 -9.993708 -9.980597 -9.968070 -9.955919 -9.942077 -9.930277 -9.917141 -9.914339 -9.912129 -9.921999
-10.011884 -10.031103 -10.043175 -10.044259 -10.041777 -10.030303 -10.030343 -10.035561 -10.041408 -10.034320 -10.023651 -10.017747 -10.029535 -10.045642 -10.060759 -10.059259 -10.058832 -10.056026 -10.057817 -10.057274 -10.052887 -10.040113 -10.023892 -10.010533 -10.009178 -10.021019 -10.023999 -10.015375 -9.991952 -9.985655 -9.992030 -10.004394 -10.006314 -10.001638 -9.997139 -9.994251 -9.992558 -9.992335 -9.993851 -9.996278 -9.998860 -10.003016 -10.008213 -10.006615 -9.999808 -9.982404 -9.970539 -9.959359 -9.960473 -9.962068 -9.960536 -9.950273 -9.933656 -9.919666 -9.910866 -9.908758 -9.913651
-9.989182 -10.010381 -10.025805 -10.031874 -10.030054 -10.015803 -10.000918 -9.996937 -10.002763 -10.007282 -10.008634 -10.013900 -10.027954 -10.042042 -10.049654 -10.046570 -10.043779 -10.044188 -10.046238 -10.046691 -10.042981 -10.035567 -10.022360 -10.007925 -9.999117 -10.000881 -10.001368 -9.996009 -9.986896 -9.984998 -9.990260 -9.993755 -9.994980 -9.993061 -9.992036 -9.984262 -9.981417 -9.980604 -9.984752 -9.981006 -9.978683 -9.977247 -9.981459 -9.979390 -9.974790 -9.962739 -9.956570 -9.951956 -9.958605 -9.966124 -9.975796 -9.977049 -9.963420 -9.949334 -9.932365 -9.926848 -9.926582
-9.968213 -9.981056 -9.991738 -10.004231 -10.009223 -10.006359 -9.994785 -9.987705 -9.986537 -9.995764 -10.003952 -10.020310 -10.016178 -10.027668 -10.025771 -10.041355 -10.035547 -10.031110 -10.024857 -10.021312 -10.021816 -10.028525 -10.027818 -10.014397 -9.993345 -9.977766 -9.972639 -9.972135 -9.974504 -9.977562 -9.982680 -9.982027 -9.986080 -9.988452 -9.991935 -9.987466 -9.987523 -9.988221 -9.989211 -9.982605 -9.976298 -9.972590 -9.971638 -9.969399 -9.965351 -9.961259 -9.954799 -9.953609 -9.955023 -9.965334 -9.974783 -9.984714 -9.977795 -9.963576 -9.939678 -9.935845 -9.940451
-9.953449 -9.958602 -9.962823 -9.977449 -9.987873 -9.997053 -9.995882 -9.996691 -9.998182 -9.994828 -10.008341 -10.028745 -10.023116 -10.027560 -10.039164 -10.053850 -10.032567 -10.024823 -10.006126 -9.999894 -10.006618 -10.022341 -10.033537 -10.018303 -10.000484 -9.972556 -9.957785 -9.952395 -9.952578 -9.950037 -9.952627 -9.958007 -9.971113 -9.976610 -9.981337 -9.981827 -9.988213 -9.993478 -9.992578 -9.989530 -9.988307 -9.988615 -9.986996 -9.981768 -9.970766 -9.967314 -9.962763 -9.963842 -9.955703 -9.952262 -9.952222 -9.958884 -9.959328 -9.948927 -9.928839 -9.927922 -9.938884
-9.949294 -9.951994 -9.953512 -9.964125 -9.971953 -9.984592 -9.991440 -10.001696 -10.006839 -10.021356 -10.024496 -10.023306 -10.008778 -10.008572 -10.021270 -10.044609 -10.043608 -10.027528 -10.004710 -10.001978 -9.991837 -10.009240 -10.041928 -10.032231 -10.029584 -9.986956 -9.963739 -9.951855 -9.941164 -9.928582 -9.926521 -9.936035 -9.954854 -9.961467 -9.961953 -9.961947 -9.969505 -9.979620 -9.982039 -9.985072 -9.987899 -10.001458 -10.004768 -9.999364 -9.974851 -9.974986 -9.965769 -9.961408 -9.952496 -9.944718 -9.938804 -9.936611 -9.939795 -9.934383 -9.921027 -9.913372 -9.914710
-9.937942 -9.949678 -9.957599 -9.964248 -9.964358 -9.970388 -9.977282 -9.996265 -10.009679 -10.018659 -10.023106 -10.017630 -9.991411 -9.978557 -9.988611 -10.015506 -10.039061 -10.031831 -10.005079 -10.033098 -10.032804 -10.036664 -10.043870 -10.044825 -10.036690 -10.022937 -9.970892 -9.965464 -9.951136 -9.934877 -9.930105 -9.934784 -9.946402 -9.949133 -9.943442 -9.940366 -9.945450 -9.955873 -9.964329 -9.969762 -9.980185 -9.979149 -9.979963 -9.974474 -9.969543 -9.966534 -9.955891 -9.950595 -9.951529 -9.952380 -9.949789 -9.938744 -9.934417 -9.925020 -9.914063 -9.898875 -9.890256
-9.919406 -9.941215 -9.956941 -9.964400 -9.961222 -9.961885 -9.964375 -9.979924 -9.990238 -10.009844 -10.013474 -10.012220 -9.985860 -9.964110 -9.960429 -9.991502 -10.008087 -10.002233 -10.014659 -10.028832 -10.047617 -10.054741 -10.060061 -10.057823 -10.049402 -10.020016 -9.991267 -9.968240 -9.959036 -9.938586 -9.930893 -9.946433 -9.942777 -9.939861 -9.932487 -9.928477 -9.927417 -9.933690 -9.945062 -9.952291 -9.961180 -9.958284 -9.955349 -9.949871 -9.949676 -9.945255 -9.935624 -9.929399 -9.940682 -9.949196 -9.973200 -9.939884 -9.937256 -9.921503 -9.908230 -9.893136 -9.885776
-9.906489 -9.929949 -9.955677 -9.968050 -9.963200 -9.962018 -9.964094 -9.970638 -9.977250 -9.992951 -10.001281 -10.006002 -9.988665 -9.970988 -9.956483 -9.967183 -9.985092 -9.993988 -9.999843 -10.015649 -10.039227 -10.054440 -10.062403 -10.056414 -10.044647 -10.012886 -9.984129 -9.960664 -9.957421 -9.959511 -9.958674 -9.954055 -9.948240 -9.939591 -9.934824 -9.931899 -9.929472 -9.926334 -9.935474 -9.944479 -9.949643 -9.941543 -9.934743 -9.928980 -9.934350 -9.932850 -9.926572 -9.920793 -9.933287 -9.957163 -9.965191 -9.956000 -9.937721 -9.917371 -9.901844 -9.893322 -9.890380
-9.907815 -9.931895 -9.949279 -9.959992 -9.953980 -9.954324 -9.957324 -9.964702 -9.971534 -9.986005 -9.993134 -10.000057 -9.987155 -9.973955 -9.961861 -9.966890 -9.981314 -9.988026 -9.993715 -10.002088 -10.023263 -10.040353 -10.049527 -10.044401 -10.034198 -10.005309 -9.978078 -9.955252 -9.951434 -9.955002 -9.953429 -9.948907 -9.941305 -9.936328 -9.933104 -9.930776 -9.928888 -9.929726 -9.936023 -9.944517 -9.947391 -9.941150 -9.932237 -9.926400 -9.928717 -9.926439 -9.919419 -9.914118 -9.923289 -9.941920 -9.955384 -9.948273 -9.930736 -9.913748 -9.900268 -9.896245 -9.894068
-9999.0 -9999.0 -9999.0 -9999.0 -9999.0 -9999.0 -9999.0 -9999.0 -9999.0 -9999.0 -9999.0 -9999.0 -9999.0 -9999.0 -9999.0 -9999.0 -9999.0 -9999.0 -9999.0 -9999.0 -9999.0 -9999.0 -9999.0 -9999.0 -9999.0 -9999.0 -9999.0 -9999.0 -9999.0 -9999.0 -9999.0 -9999.0 -9999.0 -9999.0 -9999.0 -9999.0 -9999.0 -9999.0 -9999.0 -9999.0 -9999.0 -9999.0 -9999.0 -9999.0 -9999.0 -9999.0 -9999.0 -9999.0 -9999.0 -9999.0 -9999.0 -9999.0 -9999.0 -9999.0 -9999.0 -9999.0 -9999.0
-9999.0 -9999.0 -9999.0 -9999.0 -9999.0 -9999.0 -9999.0 -9999.0 -9999.0 -9999.0 -9999.0 -9999.0 -9999.0 -9999.0 -9999.0 -9999.0 -9999.0 -9999.0 -9999.0 -9999.0 -9999.0 -9999.0 -9999.0 -9999.0 -9999.0 -9999.0 -9999.0 -9999.0 -9999.0 -9999.0 -9999.0 -9999.0 -9999.0 -9999.0 -9999.0 -9999.0 -9999.0 -9999.0 -9999.0 -9999.0 -9999.0 -9999.0 -9999.0 -9999.0 -9999.0 -9999.0 -9999.0 -9999.0 -9999.0 -9999.0 -9999.0 -9999.0 -9999.0 -9999.0 -9999.0 -9999.0 -9999.0
