simulations/idroclim_test1/maps/EBN0081.asc
ncols         301
nrows         283
xllcorner     601258.000000
yllcorner     5031977.000000
cellsize      500.000000
NODATA_value  -9999.0
[rows 27 to 53 of 283, columns 0 to 60 of 301]
-9999.0 -9999.0 -9999.0 -9999.0 -9999.0 12.382514 14.563828 20.243022 26.796442 30.832273 26.029773 15.510507 9.195141 7.245241 3.199585 9.127456 15.340844 18.233220 19.042575 17.236933 15.383870 11.695418 8.565600 8.984131 13.250454 18.637969 21.713011 34.231820 44.927374 36.466379 26.620664 28.100455 28.491725 28.181156 24.655641 21.807983 29.001976 16.015316 10.791612 7.132042 6.541268 6.804281 3.004123 2.210572 5.946960 5.703224 7.949562 8.578214 4.479347 2.177788 -0.673978 1.377321 8.407191 18.877224 23.531696 54.510088 50.008707 21.879774 10.486636 3.923741 3.451119
-9999.0 -9999.0 -9999.0 -9999.0 -9999.0 37.760454 36.418444 30.860433 24.027927 22.695310 14.221428 8.006535 3.823370 1.373080 4.597707 9.401848 15.576037 21.538083 17.587669 14.545959 19.726237 13.352079 10.678996 13.657604 14.804504 21.751440 31.105137 44.931048 50.670549 38.385606 26.535671 28.391798 30.031022 29.890400 26.759827 22.062666 17.358983 14.133772 11.665404 11.080426 5.128755 2.858252 0.734502 0.800087 0.758099 1.860942 1.572897 1.204916 -1.041712 -1.679174 -2.121557 4.227932 14.493268 25.511272 46.725072 35.008900 23.618994 15.107424 5.664835 0.427519 -1.099386
-9999.0 -9999.0 -9999.0 -9999.0 -9999.0 40.451966 33.564768 19.448296 17.610702 14.713541 8.922527 3.689213 0.567083 0.114132 6.401141 10.579675 17.724989 20.147166 14.846045 12.777620 11.708628 16.883094 11.432609 13.801870 16.257089 23.125984 40.070891 44.275928 35.010408 24.985726 27.240726 35.449783 44.957417 32.775152 33.543021 35.634609 19.110009 15.299838 17.129192 31.664899 4.887214 5.225151 0.847717 -0.738063 -1.216329 -1.886822 -3.427455 -4.870466 -6.221081 -4.861536 -2.248568 6.928552 16.904803 27.099632 31.211384 43.852577 15.291728 6.626985 -0.800884 -3.590213 -2.163826
-9999.0 -9999.0 -9999.0 -9999.0 -9999.0 13.141137 16.715683 12.569959 9.399006 6.314873 4.815632 4.137227 0.783955 2.779602 7.597825 15.275390 18.243376 19.734456 13.479953 9.018670 11.197992 12.169836 9.652683 9.922552 15.066756 20.201990 37.618134 34.167356 24.062927 26.470300 26.849962 44.420785 23.238121 14.654941 18.640609 27.012200 32.241714 17.059219 12.505933 14.923385 13.565085 13.436350 4.052473 1.180129 0.369250 -0.547367 -3.817545 -3.337323 -3.161047 -1.409611 0.420939 9.508709 15.993291 33.237973 24.587529 24.222238 9.404080 0.453962 -4.177941 -4.318235 -3.234295
-9999.0 -9999.0 -9999.0 -9999.0 -9999.0 10.804979 7.303106 5.380559 5.746774 5.388926 6.035542 6.205221 4.293641 3.809890 10.821511 15.166920 18.684717 18.556015 11.215105 7.792244 8.934073 10.509218 9.927197 9.465589 13.586454 18.520489 35.969236 22.626836 25.805798 26.796241 42.117964 25.438578 12.702289 7.092790 15.144842 24.869739 38.375436 18.947554 13.710736 16.072517 25.682396 14.030530 7.707974 7.089960 2.847875 -0.572803 -1.621659 -1.762162 0.335047 -0.087802 2.107281 9.563790 15.832212 19.783275 20.922448 10.711084 2.992414 -1.584703 -3.449612 -4.222145 -0.570738
-9999.0 -9999.0 -9999.0 -9999.0 -9999.0 6.982689 6.464962 6.119266 6.925329 6.866361 8.007407 5.797747 3.527638 5.107589 9.776258 14.785584 16.740377 17.877743 12.462977 8.479944 10.591800 10.585794 8.883068 13.533804 15.084534 19.658749 53.518879 23.416751 26.396929 27.652115 41.414675 15.840271 6.473437 6.600144 14.696757 23.570985 43.345572 30.498853 15.425739 17.231797 15.613488 15.876280 5.875594 4.829717 7.350058 6.577673 8.092790 7.478425 1.318114 -1.725069 1.559887 5.989739 11.236248 13.605527 11.346003 3.882966 -1.363101 -3.931098 -3.728949 1.104802 9.083414
-9999.0 -9999.0 -9999.0 -9999.0 -9999.0 6.356925 5.385185 10.924295 9.776748 9.028193 7.521967 5.599562 5.550831 7.328134 9.773593 13.902413 15.863707 16.070361 10.836170 8.249770 9.729419 8.456779 10.234151 14.196462 15.635118 26.855241 34.993893 24.373838 26.344386 33.217732 28.389140 11.950013 6.829880 5.494881 16.391899 23.746133 35.335271 31.471664 23.742689 30.293964 11.815219 5.682326 5.278777 8.915381 8.445973 10.457789 7.961066 6.879286 -2.996501 -4.075762 -0.526701 2.363641 4.997188 5.388656 3.544257 -1.839311 -4.400543 -4.561676 -1.891332 8.363829 12.217264
-9999.0 -9999.0 -9999.0 -9999.0 -9999.0 15.369119 12.956941 12.653704 9.319643 10.103375 8.033165 8.481330 7.630791 12.266518 13.298526 15.774735 17.487835 16.079069 11.324763 7.790675 8.971831 6.760380 10.543997 13.241955 19.856953 37.418974 32.516194 25.185881 25.993289 31.809181 17.795373 10.197019 7.411267 7.100848 15.979711 22.842726 31.402887 40.763258 24.573238 35.315105 19.768573 12.180745 14.540628 11.453973 18.711621 14.980974 8.380920 -0.687992 -6.344560 -5.930026 -1.356377 -1.416727 -0.334772 -0.734970 -3.123330 -6.279121 -5.667923 -2.922610 3.468397 11.995925 19.138414
-9999.0 -9999.0 -9999.0 -9999.0 -9999.0 25.893050 21.038253 11.559275 11.411838 8.563740 8.742216 11.865938 12.836103 17.616169 25.121121 22.496009 16.715788 14.107873 11.607813 7.768411 7.194295 4.609939 11.003965 16.690285 23.010744 43.585384 33.464767 25.667595 40.381784 44.377958 14.426725 8.817585 7.298281 7.279393 15.226173 22.166268 26.951408 48.344197 25.447277 18.691594 14.292518 32.284103 30.326738 19.653726 11.628851 15.888314 1.638808 -5.698875 -7.808818 -6.826956 -3.411987 -1.288668 -1.893840 -4.600513 -5.256498 -6.550728 -5.351031 1.874801 11.869597 14.021171 21.291694
-9999.0 -9999.0 -9999.0 -9999.0 -9999.0 29.999026 22.560077 13.587718 11.247766 8.736599 11.133760 12.344579 19.846950 32.620393 36.421485 28.095046 17.119315 12.481796 10.482559 10.374855 10.234593 12.293921 14.839675 26.148580 40.687656 50.863009 34.261352 29.661128 41.531028 36.378711 14.362249 7.916991 6.268947 6.122957 14.072645 18.855708 24.904308 39.951913 28.386994 14.790249 12.247354 11.661847 15.118450 17.734650 13.336643 6.202143 -0.236677 -6.266531 -7.403853 -5.685310 -2.277877 -2.185008 -3.808244 -4.619434 -4.926495 -4.064041 1.491209 10.336563 11.801792 17.655022 27.473109
-9999.0 -9999.0 -9999.0 -9999.0 -9999.0 12.736233 11.982103 10.663988 7.959478 8.852874 10.849714 13.615083 22.604932 37.727284 35.921434 25.233842 13.200199 10.990245 9.515259 7.866458 9.667944 13.497727 24.895123 41.267909 47.869521 49.034863 36.192703 46.461377 40.247526 23.834582 12.515953 4.874494 5.733727 6.192665 12.398822 17.166848 22.404528 27.180683 30.111071 18.115234 16.155548 14.961685 13.792642 16.157012 30.582669 4.813078 0.993998 -2.501767 -1.825393 -1.612362 -2.377901 -4.184637 -3.160392 -2.792692 -4.864783 -1.057524 9.285656 11.594837 15.182360 27.717268 41.216968
-9999.0 -9999.0 -9999.0 -9999.0 -9999.0 12.337193 11.603439 9.372861 7.844416 8.962957 14.466161 14.336876 20.646102 31.626714 19.556149 11.813254 9.740240 7.330781 6.534823 6.944121 11.694830 15.975929 32.263870 25.909467 27.552965 31.224308 24.999248 28.806796 19.896882 15.611596 8.670220 2.524310 0.839198 2.361180 8.633747 14.197184 18.699259 20.533454 24.198532 23.116107 18.342517 17.425117 15.114137 17.034040 23.131124 6.235509 1.891449 1.723356 -1.410091 -1.595992 -1.298212 0.715430 3.988942 6.993880 4.112008 7.777162 10.765796 13.520750 17.051967 30.791406 25.450641
-9999.0 -9999.0 -9999.0 -9999.0 -9999.0 15.494454 19.110481 13.455867 12.434943 16.056126 16.528694 20.797766 29.156487 32.617183 16.202817 10.699347 5.871919 3.236376 3.252058 3.188687 5.735803 10.377045 12.791907 15.361693 17.087904 18.303606 17.651895 17.352340 10.407542 8.356916 2.625876 -1.661925 -2.199264 -3.473956 4.904735 8.371379 12.297481 13.522004 15.953381 22.587746 24.912021 18.959532 15.559033 18.286638 27.591127 12.473596 7.434942 1.343206 0.029164 -0.558936 -0.626205 6.217937 8.335065 7.512123 8.731014 9.702771 12.885509 15.382091 19.207976 24.941728 26.942840
-9999.0 -9999.0 -9999.0 -9999.0 -9999.0 34.008902 38.874704 18.402903 17.902358 17.937666 20.494009 22.538114 25.278145 37.863006 14.815650 9.924881 6.191550 6.851892 3.346193 1.844392 2.376830 2.903829 4.984366 6.095546 8.128575 8.637471 5.464352 9.566223 3.673371 3.685892 -1.556174 -6.906247 -6.733036 -4.102336 -2.469729 2.702086 6.217218 8.221318 11.012210 16.322861 22.425335 35.462729 25.263874 19.717180 14.177464 17.297971 7.720669 0.357884 0.525873 2.376758 5.786321 10.260711 14.178624 18.649330 14.668054 15.939468 18.698889 23.916917 26.245582 29.345631 43.034549
-9999.0 -9999.0 -9999.0 -9999.0 -9999.0 15.965506 14.666696 16.755157 17.817201 17.887992 18.370957 17.721786 16.638996 25.098926 20.916785 10.303791 9.519003 9.408897 6.763114 3.680842 1.687334 -0.978525 0.103785 1.188367 -0.255437 -0.985774 -0.455769 2.325055 1.030143 0.051547 -4.925017 -9.201256 -10.972508 -10.445614 -7.714447 -2.772241 0.301871 4.155634 7.620040 10.887205 17.109161 21.672544 20.211702 13.610310 9.720367 3.847662 -1.232633 -3.322806 0.510877 3.156672 7.934400 14.218254 27.407008 6.415210 27.253406 22.928758 26.100261 34.699624 39.047780 43.688727 33.454277
-9999.0 -9999.0 -9999.0 -9999.0 -9999.0 21.615785 21.786878 21.845588 21.381449 20.520733 19.518372 17.880640 16.269871 20.684491 20.372465 10.028101 12.306790 8.854452 7.560032 6.438444 -0.663424 -3.919354 -2.247531 -3.083902 -3.480333 -3.231468 -2.555430 -0.642827 1.878465 -1.879239 -4.851193 -10.372844 -13.308297 -13.430128 -8.937770 -7.191690 -1.917295 2.959409 5.806623 9.825008 14.796990 19.418378 16.218069 9.763851 4.201137 -1.983743 -3.253958 -4.324578 -0.168066 9.403455 12.442326 12.692258 22.598890 27.853471 11.464826 32.281252 39.030696 39.618379 23.102649 20.269627 23.693916
-9999.0 -9999.0 -9999.0 -9999.0 -9999.0 13.825086 13.106561 16.402489 15.362706 19.796000 15.641395 12.206529 14.653281 10.957453 11.183001 8.347041 16.771114 14.445497 8.168377 5.228700 -1.281242 -3.666121 -1.876854 -5.601661 -5.129815 -4.178089 -3.644232 -3.380673 -3.789397 -5.684990 -9.186173 -11.040847 -12.220599 -11.527679 -5.164715 -5.476602 -2.252054 2.173289 5.517939 10.045987 14.507909 15.618788 9.181707 4.876670 -1.651697 -6.304762 -6.569203 -3.515381 0.491053 7.614340 11.880770 11.680499 17.148967 16.287031 30.144998 26.983189 20.930544 23.191465 17.235995 18.858200 20.082903
-9999.0 -9999.0 -9999.0 -9999.0 -9999.0 13.726272 13.048336 19.949525 32.671815 14.015750 7.890171 5.252838 4.418694 3.728690 5.066616 7.394101 6.622785 8.021693 1.854867 -0.050031 -1.895621 -4.139391 -6.756299 -4.922312 -4.466223 -4.586689 -4.955734 -4.872866 -4.860767 -7.159033 -8.182373 -9.501243 -10.080790 -6.852844 -2.114343 -3.719902 2.295735 5.302520 7.338346 12.077281 14.210110 14.035074 7.430518 1.824051 -2.724320 -4.305580 -4.370312 -2.026552 4.867883 7.593996 9.448978 9.232294 12.147958 14.846734 22.171282 23.682748 23.584580 17.293599 18.720712 19.720577 25.873289
-9999.0 -9999.0 -9999.0 -9999.0 -9999.0 13.219267 21.222468 27.732570 15.962716 10.317071 3.433477 1.532028 0.863884 2.804424 2.109779 1.885038 1.753943 2.831595 2.918163 2.949200 2.478462 4.158861 4.059366 3.905410 -6.596607 -4.819083 -3.980173 -4.549506 -5.772768 -7.157998 -8.087677 -6.836241 -5.041220 -4.552744 -0.348512 -1.527901 1.472746 4.573740 9.732617 13.908618 14.632625 13.151255 6.688810 4.367373 -1.192395 -2.405672 -1.370737 3.872253 6.155237 10.219058 11.672363 12.003826 14.194670 16.161891 20.081613 24.068921 26.417240 19.838289 25.442662 21.217948 17.744887
-9999.0 -9999.0 -9999.0 -9999.0 -9999.0 13.508597 12.246601 17.549860 14.523008 17.286197 2.160566 2.437890 4.763106 16.975141 3.217365 0.876482 0.718555 2.942171 9.101678 12.909686 8.368955 18.196508 19.524670 18.094509 8.580164 6.799665 10.936688 6.095583 4.755296 7.452496 4.564037 3.062233 1.332617 0.257954 1.827547 -2.245487 -1.184813 1.077118 4.711001 11.223014 12.608301 12.740215 7.663826 3.312586 -0.730406 -0.571426 0.563769 4.321386 8.414968 11.877053 13.857216 13.004865 15.761989 21.935500 29.232418 26.370850 28.049935 25.688934 18.364784 18.543374 9.498126
-9999.0 -9999.0 -9999.0 -9999.0 -9999.0 15.187105 13.664266 11.302731 16.753360 12.857342 17.299230 17.565015 17.992228 16.555657 12.467455 21.292043 14.228588 14.795070 27.492819 12.161700 14.106757 15.692897 15.733498 13.219225 8.408726 3.483165 0.826961 29.126306 18.356939 11.343815 12.860183 9.655275 7.899605 5.603127 0.922135 -1.014374 -3.908906 -2.731401 -0.395427 2.627768 6.343334 8.440745 3.963922 0.219248 -2.325407 -2.783711 -0.251556 4.688146 8.471378 10.303277 12.620678 13.449646 19.877649 29.366183 36.957379 51.420545 20.972466 19.423925 11.031079 5.649049 3.343596
-9999.0 -9999.0 -9999.0 -9999.0 -9999.0 15.758905 14.590381 12.928386 10.720309 17.598035 16.904629 17.831815 18.568830 17.275230 14.182275 18.468268 16.632410 19.711680 21.653220 17.465483 18.183069 18.728976 17.590898 16.352043 15.025411 19.964575 17.365106 13.629755 8.949862 4.995711 4.146606 2.849138 -1.066200 12.919536 1.014196 -3.504593 -5.279680 -8.166226 -3.231700 -2.180368 2.004750 2.902693 0.166618 -4.022064 -3.901681 -2.452581 4.087313 6.936454 8.619687 10.558667 14.117359 14.139291 18.177848 29.052122 33.276896 18.628885 14.281278 5.056321 0.298209 -1.454319 -2.190738
-9999.0 -9999.0 -9999.0 -9999.0 -9999.0 16.405526 15.580226 14.525910 12.440775 11.125776 13.228845 15.823131 14.790273 15.589736 18.273597 16.140946 16.121960 18.898524 20.764577 22.240952 21.766922 20.602016 19.905653 18.201657 17.099578 16.125555 15.133942 13.739661 17.925903 15.776056 14.713515 12.211494 5.365198 18.200532 1.613712 -1.417985 -1.422002 -4.823700 -4.301723 -3.485449 -0.775066 0.033419 -4.015838 -5.174698 -2.710057 0.952740 6.834447 11.368999 12.783507 12.086401 13.356276 15.856063 17.371070 20.403006 17.033127 13.552884 5.015317 -1.384618 -2.874941 -6.050744 -5.779439
-9999.0 -9999.0 -9999.0 -9999.0 -9999.0 15.926832 16.103634 14.776355 14.299572 12.941384 13.225709 13.902125 14.010407 12.713982 11.723333 19.234653 19.737926 22.631350 19.038721 16.591470 19.607197 18.498452 18.564267 12.839565 13.232694 17.999630 15.329354 14.682308 13.180335 15.312910 17.672673 16.653660 9.806375 5.667886 6.789481 0.989638 1.288705 -1.968708 3.168601 -4.803935 -1.047941 -2.901010 -3.025039 -5.305906 -0.856244 3.032172 7.965869 9.869934 10.647139 12.281972 13.825792 15.903910 18.080574 15.834826 12.256461 5.873661 -0.404571 -5.534652 -5.435635 -7.038170 -5.837518
-9999.0 -9999.0 -9999.0 -9999.0 -9999.0 16.199181 16.038038 16.065157 14.931280 17.914533 17.641515 15.467910 15.314017 14.094813 12.738556 12.310132 12.676302 14.579010 14.980590 20.356122 20.087448 19.550101 10.717599 6.193363 6.839231 12.950200 13.809195 15.315976 14.855765 14.704339 20.132923 17.529769 11.997175 7.688432 31.264284 9.804154 7.715261 2.607299 7.460320 4.738445 7.415442 -4.090921 -3.106583 -4.057230 -2.546630 0.440901 2.364167 5.072230 11.057518 13.414389 16.341722 12.236662 13.030030 9.973316 3.349537 0.714958 -3.164863 -6.981157 -6.320736 -5.970968 -2.631925
-9999.0 -9999.0 -9999.0 -9999.0 -9999.0 16.351855 16.509090 16.185875 16.223767 15.312751 18.316775 16.265166 15.972698 15.274165 14.545000 14.342486 14.374478 14.377282 13.488077 21.228188 42.307629 14.207749 5.495221 1.699609 8.023513 8.367992 8.645391 10.267149 10.966719 11.309147 5.697205 9.306594 31.261116 15.532698 15.171158 16.793065 9.139031 9.264073 8.617117 10.449451 7.571929 5.958932 2.888928 -2.476294 -3.366451 -3.050481 -1.075930 1.201331 3.861853 6.114142 9.430995 9.391300 6.318420 3.000905 -2.111500 -2.482609 -4.690616 -7.655284 -7.470000 -6.479655 -1.524676
-9999.0 -9999.0 -9999.0 -9999.0 -9999.0 16.336227 17.172577 16.593180 16.010372 16.202507 16.071155 15.905912 15.544082 16.231475 15.192143 15.376742 15.345728 14.303758 15.724214 19.757359 34.197412 12.937353 6.377000 5.322842 1.834571 5.987202 4.077222 3.676528 0.738603 1.238358 2.148851 4.881365 5.310335 3.699960 2.285476 10.872944 3.260391 9.194985 9.946387 12.015698 9.762332 5.460282 2.604851 -0.566638 -5.664588 -4.475642 -6.395996 -2.575092 -0.220905 0.083003 2.299953 1.517819 -0.433772 -3.154899 -2.803153 -5.720364 -5.510775 -7.290396 -5.075620 -5.682531 -0.256720
