simulations/idroclim_test1/maps/HN0063.asc
ncols         301
nrows         283
xllcorner     601258.000000
yllcorner     5031977.000000
cellsize      500.000000
NODATA_value  -9999.0
[rows 243 to 269 of 283, columns 122 to 182 of 301]
-4.150049 -4.526623 -4.345307 -4.227644 -8.053032 -4.554598 -7.968470 -1.860705 -0.137902 1.169114 1.816085 2.284070 6.079048 5.280473 5.182353 3.440463 3.354239 0.022752 -0.203576 0.853007 2.606601 2.917942 3.013083 2.873615 1.492347 0.960056 5.360121 6.580604 6.735994 6.192983 5.335978 4.398754 3.134462 2.523352 2.496499 2.844804 3.063080 2.882000 2.531107 2.193712 2.026889 2.025906 2.164935 2.427403 2.546265 3.011598 2.975488 3.131534 3.355936 3.484719 3.411436 3.273793 3.209437 3.418854 3.647077 4.000903 4.094883 3.821381 3.265820 2.928624 2.403863
-2.046476 -1.871644 -2.508239 -2.976294 -3.697213 -8.181280 -4.700277 -5.290920 -0.069035 3.825584 1.376152 1.499975 5.241820 4.806338 1.202729 3.297210 1.911688 2.236983 3.448271 3.357912 5.193684 3.571538 3.562256 2.949182 2.654373 0.633625 1.164805 5.572250 5.948651 5.838143 5.446200 4.989042 4.619264 2.829561 3.404152 3.594285 3.539176 3.354998 2.798646 2.521528 2.338776 2.653380 2.503748 2.464732 2.558487 2.696589 2.870946 3.096445 3.290403 3.335016 3.161313 3.040986 3.034465 3.250288 3.323701 3.493288 3.547105 3.523472 3.298525 2.921649 2.673335
-0.578700 0.385723 -0.005065 -6.204437 -3.620927 -3.200409 -5.692870 0.877508 3.942762 5.046598 1.591515 1.334314 5.058396 5.054167 4.564414 3.377821 3.177257 3.802505 3.812259 5.413107 5.547474 5.189705 4.729402 3.353309 2.719620 2.735502 0.548416 0.911511 1.406377 5.545872 5.678774 5.470701 4.842305 4.241543 4.194151 4.000626 3.816381 3.835952 3.785118 3.940156 3.895912 4.135670 3.600374 2.572630 2.646209 2.655056 2.805039 2.977437 3.121689 3.086717 2.872720 2.788139 2.866780 3.070596 2.984921 3.222088 2.905244 3.025520 3.023073 2.912096 2.740204
5.066219 5.390248 4.886614 1.942433 -0.827625 -0.908674 1.179730 4.570933 4.229606 5.417051 3.792760 1.344381 4.786925 5.028798 4.935774 1.699241 3.574543 3.890794 5.675355 5.877143 5.854539 5.581935 5.047768 4.595241 3.186719 2.788724 2.864337 0.743889 0.695702 4.909502 5.442663 5.354789 5.025268 4.592835 4.358845 4.144336 3.922799 3.853968 3.958618 4.188709 4.277370 4.129786 3.729613 3.213773 2.725865 2.698815 2.700863 2.854168 2.892849 2.921598 2.510592 2.477216 2.685898 2.944590 2.863805 2.839115 2.652135 2.772583 2.871447 2.874702 2.770510
6.287960 6.329275 6.042718 5.383922 2.997988 1.264194 2.750087 4.356530 5.888321 5.936856 5.168919 1.496011 4.558343 4.824629 4.847634 4.862257 4.955235 5.523978 5.931715 6.099978 5.960367 5.805046 5.561787 4.904558 4.454144 3.225489 2.951744 3.060182 0.450265 0.848750 4.694076 4.851095 4.844639 4.891361 4.732472 4.571795 4.344581 4.068885 3.883580 3.784959 3.804779 3.842806 3.758560 3.457532 3.074405 2.732835 2.805518 2.760165 2.781198 2.567342 2.456284 2.457968 2.651771 2.994752 3.063242 2.972662 2.785239 2.769125 2.842708 2.862207 2.783862
4.959060 4.838253 5.007387 4.927574 5.023327 2.731851 2.372976 3.720267 5.592493 5.614771 4.828880 3.199338 4.808693 5.036526 4.993646 4.803262 4.720228 5.247289 5.816299 6.053089 6.024367 5.780673 5.590809 5.238592 4.577920 3.550956 3.327032 3.226220 0.527965 0.609146 4.186764 4.639352 4.997573 5.241653 5.242103 5.117020 4.876487 4.463449 3.935965 3.455313 3.456018 3.552030 3.421739 3.480017 3.314376 3.058768 2.884201 2.723392 2.602185 2.464712 2.482497 2.541737 2.773048 3.047803 3.282698 3.218200 3.001488 2.846905 2.884874 2.887962 2.832810
6.801410 6.685789 6.754492 2.740595 4.517346 4.571148 3.300113 1.968459 5.145100 5.065386 4.528485 4.541312 5.114337 5.248747 5.102881 4.738158 4.507460 4.847857 5.378627 5.658519 5.709528 5.520499 5.319672 5.106186 4.666059 4.059673 3.590696 3.354537 0.612200 0.650891 4.306378 4.980174 5.450949 5.582469 5.383266 5.116314 4.846444 4.607930 4.097982 3.519619 2.978023 2.976685 3.151807 3.398510 3.461371 3.279088 3.004596 2.658143 2.533633 2.488182 2.567772 2.947349 2.912062 2.992932 3.204839 3.141677 3.018533 2.832779 2.849113 2.782163 2.717323
6.422887 6.269051 6.458609 6.522480 6.034997 4.104190 3.869023 5.013509 5.008283 4.698639 3.990034 2.996030 5.073884 5.182808 5.133749 4.820155 4.653184 4.804064 5.053535 5.080006 5.153998 5.069834 4.904090 4.790198 4.456785 4.005795 3.441980 3.156808 0.390772 0.495290 4.615037 5.414239 5.741041 5.488564 4.972169 4.491139 4.263371 4.205550 4.117677 3.823603 3.420834 3.299193 3.098879 3.227351 3.346241 3.261540 2.994787 2.653308 2.504204 2.541971 2.801227 2.880367 2.821956 2.788354 2.845935 2.814662 2.801860 2.723750 2.705391 2.417499 2.216298
5.896063 5.661721 5.849850 6.089606 6.265200 5.929189 3.844345 5.605266 5.340052 4.789939 4.434155 1.914115 4.621213 4.752485 4.887212 4.883303 4.962674 4.956461 4.848011 4.587866 4.577300 4.535358 4.539448 4.496837 4.167413 3.591895 3.085147 2.859585 2.688819 0.396571 4.661963 5.533695 5.803545 5.266965 4.560974 3.891731 3.885457 3.898648 3.809005 3.949517 3.805128 3.473280 3.196040 3.087438 3.091425 3.053785 2.833251 2.679314 2.566876 2.618144 2.709984 2.603305 2.430615 2.619023 2.593938 2.610111 2.632175 2.596074 2.403992 2.263408 2.065252
5.390378 5.177550 5.375587 5.708328 6.192487 6.408737 6.377583 6.060535 5.473954 4.801953 4.344537 4.217628 4.566220 4.865307 5.065855 5.194585 5.185156 4.886766 4.452566 4.325607 4.242106 2.697163 3.728371 4.235221 4.091774 3.489189 3.014865 2.769394 2.773664 0.600848 0.976837 5.262512 5.802465 5.558158 4.876956 4.040158 3.676595 3.259713 3.595286 3.612387 3.761848 3.641773 3.316998 3.043397 2.895612 2.857093 2.732832 2.660876 2.599273 2.560379 2.500736 2.349281 2.251423 2.387322 2.557968 2.645526 2.611171 2.545615 2.416871 2.171820 2.010329
5.075110 4.979192 5.050027 5.559580 6.119772 6.504296 6.423671 5.928262 5.172838 4.511466 4.146452 4.257959 4.806223 5.411565 5.744513 5.732017 5.502017 4.744394 3.611785 3.210241 3.019693 3.087621 3.212333 3.940396 4.231112 3.978758 3.164092 2.984360 2.801585 0.466210 0.435363 4.679595 5.723295 6.055942 5.620082 4.791176 3.973263 3.497407 3.098609 3.361229 3.398544 3.552604 3.399061 3.115067 2.877581 2.776829 2.702727 2.696792 2.572842 2.522138 2.371783 2.232997 2.205065 2.359148 2.619460 2.764597 2.687756 2.603704 2.619095 2.255505 2.135386
4.881419 4.789462 4.829769 5.378812 6.123398 6.411484 6.213587 5.491809 4.778986 4.138001 4.027730 4.285951 4.859487 5.467574 5.973623 6.043020 5.528388 4.542180 3.377887 2.720033 2.653497 2.881103 3.320022 3.340200 4.414571 4.486656 4.066865 3.346503 2.829155 2.416128 -0.018712 0.684447 5.022802 5.904827 6.042558 5.534737 4.681038 3.793676 3.028194 2.972244 3.214269 3.208571 3.212642 3.030772 2.853645 2.754176 2.676413 2.720358 2.513497 2.582393 2.584460 2.512226 2.458249 2.463660 2.602395 2.754496 2.777381 2.739405 2.782992 2.891259 3.003132
4.653350 4.515695 4.561033 5.073344 5.788570 6.272854 6.142140 5.385248 4.637689 4.125583 4.133213 4.242174 4.616957 5.080296 5.629749 5.864512 5.561489 4.708960 3.186103 2.982900 3.005467 3.275458 3.759336 1.436252 4.528676 4.802262 4.497451 3.903534 2.819838 2.226018 2.099208 0.103529 0.744863 4.588409 5.298946 5.455899 5.113525 4.453320 3.796411 3.651017 3.231906 2.936144 2.877636 2.788564 2.751745 2.685629 2.645803 2.662270 2.516700 2.932672 3.192846 3.212962 2.956945 2.527338 2.565205 2.688219 2.810423 2.855671 3.032719 3.225987 3.357574
4.454556 4.177489 4.225691 4.662050 5.315719 5.933375 6.032009 5.504500 4.853488 4.348261 4.286783 4.171933 4.255305 4.409842 4.824960 5.166201 5.353182 5.157579 4.650491 4.640871 3.466105 3.605244 3.693089 0.937725 4.431267 4.937126 4.907752 4.192647 3.094923 2.270850 1.843299 1.921949 0.263334 0.754395 1.400476 4.541984 4.868649 4.759225 4.398865 3.847631 3.322869 2.790929 2.445468 2.381514 2.518546 2.635756 2.626568 2.648948 2.747159 2.955648 3.202158 3.225372 2.994659 2.701701 2.574154 2.587222 2.728937 2.831160 3.046214 3.224618 3.275067
4.429412 4.056576 4.070687 4.183813 4.643697 5.317251 5.713102 5.573882 5.094202 4.521516 4.265598 4.034316 4.106419 4.183671 4.365739 4.610675 5.022041 5.517186 5.583491 5.073399 4.403136 3.891948 3.666975 0.926177 4.289357 4.948558 5.245907 4.757192 4.298069 2.695753 1.958340 1.682594 1.747488 2.100359 0.898869 3.361276 4.101103 4.515084 4.490233 4.089131 3.514687 3.142491 2.472213 2.522907 2.580157 2.642638 2.658966 2.785755 2.971995 3.128605 3.196178 3.087397 2.906823 2.759552 2.641125 2.565687 2.585445 2.656731 2.822762 2.953473 2.897964
4.537266 4.157671 3.852404 3.765770 4.123112 4.721294 5.294434 5.469510 5.136573 4.561158 4.112924 3.878280 3.951259 4.104627 4.131197 4.264205 4.670517 5.390775 5.764540 5.300226 4.380684 3.423859 3.141264 0.794441 3.633520 4.824031 5.320649 5.220315 4.486253 3.017991 2.333651 1.750535 1.650837 1.780835 2.113190 2.262487 3.613030 3.644825 3.775970 3.701945 3.428885 3.154581 2.882820 2.813079 2.620600 2.652889 2.709159 2.941408 3.229792 3.273988 3.094798 2.804670 2.793775 2.692637 2.668302 2.547899 2.528249 2.561748 2.551384 2.596833 2.699340
4.609098 4.295074 3.903493 3.703587 3.986107 4.289093 4.892557 5.258253 5.175172 4.661656 4.069772 3.801841 3.840661 4.052351 4.189446 4.363913 4.677127 5.122072 5.304422 4.870178 4.051646 3.467346 3.253299 3.175835 3.541267 4.482090 4.987166 4.988796 4.561129 3.650387 2.601570 1.902606 1.731420 1.749398 1.849654 2.042974 2.307686 2.214862 3.249900 3.021879 3.137954 3.249715 3.130523 2.952667 2.768787 2.671336 2.698574 2.945063 3.250192 3.300820 3.062726 2.671551 2.524948 2.412445 2.555709 2.492122 2.421530 2.389255 2.351713 2.317022 2.330303
4.515505 4.381441 4.286371 3.639922 4.162168 4.245445 4.694826 5.116241 5.154252 4.765807 4.151882 3.850846 3.769627 3.976720 4.468755 4.756861 5.022429 5.094628 5.035455 4.623396 3.947080 3.325235 3.078381 2.852576 1.347528 3.905263 4.316123 4.280924 3.938535 3.466034 2.821168 2.291392 1.864127 1.786563 1.673835 1.672705 1.741914 1.865871 2.056785 2.053430 3.009699 3.100978 3.162176 3.037537 2.824497 2.686885 2.693741 2.846087 3.091715 3.244698 3.092501 2.792095 2.525631 2.424103 2.356583 2.383834 2.404398 2.369226 2.343710 2.309291 2.274699
4.345549 4.427476 4.270461 4.104370 4.065123 4.093837 4.093764 4.793114 5.018872 4.799183 4.307429 3.936132 3.807322 4.000664 4.654119 5.040311 5.174064 4.979004 4.965860 4.746900 4.225157 3.147726 3.053714 2.927901 2.913328 2.996991 3.698556 3.692117 3.489557 3.377362 2.916019 2.784951 2.344335 1.947704 1.648691 1.443517 1.387717 1.446297 1.678325 2.035962 2.426278 2.922793 2.943693 2.923883 2.783517 2.670224 2.634694 2.710223 2.851860 3.081203 3.140228 3.043780 2.863022 2.417099 2.392334 2.389426 2.393371 2.354201 2.286463 2.217846 2.190292
4.208925 4.435450 4.356823 4.085425 3.967173 3.778429 3.802817 4.287587 4.734265 4.739216 4.378739 4.043459 3.870502 4.077673 4.507284 4.779127 4.784437 4.572187 4.820461 5.018727 4.780315 3.972175 3.308463 3.018752 2.931556 0.555482 3.386987 3.616196 3.743784 4.018792 4.241551 5.074731 2.709087 2.724326 2.055085 1.625231 1.431333 1.487511 1.717859 2.009382 2.289339 2.523959 2.819656 2.767834 2.711449 2.643031 2.609529 2.641171 2.714496 2.901349 3.071380 3.123945 2.955794 2.703697 2.415271 2.422064 2.385623 2.283817 2.100921 1.955884 1.912895
4.095496 4.428123 4.347314 3.993879 3.653843 3.419702 3.668984 3.173289 4.419590 4.494487 4.295839 4.100031 3.928042 3.936418 4.086673 4.175741 4.054738 4.009737 4.442238 5.025620 5.090674 4.480831 3.418595 3.146371 2.858535 0.365414 2.549201 3.811811 4.360606 4.908921 5.360067 5.594112 5.114332 4.995272 2.405648 2.256189 1.930426 1.947970 2.179296 2.335812 2.412268 2.438309 2.533063 2.682877 2.635552 2.621355 2.603682 2.609432 2.639723 2.738146 2.890840 3.026596 3.002985 2.808850 2.594390 2.476510 2.369586 2.145824 1.825850 1.573299 1.461157
4.174910 4.530218 4.565829 4.255043 4.167469 3.917191 3.717066 3.410709 4.173202 4.309492 4.248899 4.068374 3.913712 3.769067 3.694212 3.747160 3.693661 3.804571 4.174731 4.820044 5.019668 4.618348 3.876126 3.210927 2.742760 2.421830 2.844622 3.832447 4.646436 5.262665 5.812754 6.151121 6.031260 5.371178 4.382009 4.190796 2.304224 2.805104 2.808736 2.651364 2.406724 2.257799 2.267508 2.394738 2.438147 2.589138 2.597750 2.591397 2.588078 2.617968 2.703366 2.801835 2.831828 2.738922 2.601300 2.483587 2.317022 2.034505 1.650712 1.293280 1.132093
4.390534 4.839652 4.999275 4.906205 4.482258 4.122263 3.859927 2.395952 3.916129 4.113255 4.145887 3.980102 3.803972 3.599266 3.511772 3.685265 3.814197 4.102089 4.317989 4.652275 4.841189 4.635571 3.962994 3.224471 2.699665 2.583025 2.884345 3.477447 4.286677 4.885327 5.400244 5.855886 6.067960 5.951566 5.405454 4.725934 4.129458 4.044105 3.029918 2.578911 2.108496 1.856563 1.830013 2.004130 2.249894 2.353728 2.588578 2.574589 2.563815 2.557931 2.586905 2.619529 2.635931 2.607042 2.551203 2.481612 2.322938 2.044681 1.713217 1.375213 1.188609
4.607509 4.992363 5.274296 5.394739 4.991011 4.402986 3.916523 3.560655 3.779714 3.977215 3.988384 3.782372 3.587140 3.443515 3.473760 3.807605 4.140259 4.473606 4.461101 4.554994 4.764692 4.755140 4.186120 3.323737 2.785913 2.635258 2.686115 3.115136 3.699064 4.287306 4.782592 5.269963 5.595802 5.767451 5.753417 5.547997 4.988025 4.080798 3.022498 2.296495 1.785122 1.541435 1.494606 1.638470 1.947008 2.255072 2.465415 2.544303 2.546786 2.534398 2.535859 2.538046 2.535897 2.526052 2.510880 2.469323 2.327483 2.093654 2.131539 1.983426 1.860093
4.501956 4.807086 5.223076 5.449584 5.143191 4.515313 3.929479 3.555584 3.656609 3.939391 3.951453 3.703301 3.430411 3.349013 3.500198 3.871625 4.207725 4.448263 4.327177 4.288523 4.614860 4.749914 4.341110 3.866470 3.049038 2.804051 2.757550 2.892748 3.279403 3.881826 4.401480 4.809356 5.070445 5.276226 5.562617 5.717409 5.341416 4.410400 3.655675 2.528936 2.073770 1.852186 1.694679 1.707493 1.884103 2.153811 2.389621 2.520063 2.537230 2.528243 2.525294 2.523573 2.516857 2.507811 2.495294 2.461318 2.443806 2.534431 3.028329 3.418711 3.661112
4.102294 4.307159 4.741126 5.047554 4.926898 4.411112 3.877023 3.573789 3.654538 4.022842 4.081465 3.796363 3.510263 3.402482 3.466738 3.754713 3.962459 4.009176 3.869661 3.780508 4.247763 4.594867 4.460704 3.907686 3.182423 2.785544 2.590123 2.450482 3.053525 3.567733 4.066337 4.307184 4.432041 4.568899 4.903538 5.236816 5.173471 4.709457 3.981876 4.096286 3.815646 2.263510 1.994884 2.337807 2.255575 2.342834 2.425885 2.508415 2.530855 2.526523 2.517588 2.510217 2.500565 2.491455 2.485071 2.457670 2.503687 2.743486 3.198844 3.728913 4.075169
3.582702 3.694343 4.054822 4.406047 4.499794 4.158449 3.728592 3.456237 3.495397 4.026100 4.246565 4.042297 3.693575 3.498212 3.440692 3.550971 3.569315 3.467351 3.346825 3.404133 3.869660 4.380514 4.492770 4.003197 3.502640 2.773686 2.516574 2.519361 2.797553 3.234520 3.659117 3.791194 3.783181 3.818734 4.045372 4.370262 4.603956 4.714596 4.613769 4.510609 4.317418 4.067590 3.672098 3.824635 3.282357 2.507938 2.492230 2.431448 2.524520 2.514492 2.503634 2.493850 2.483016 2.479298 2.472831 2.455996 2.496643 2.742926 3.249259 3.934862 4.426403
