simulations/idroclim_test1/maps/snowmeltN0082.asc
ncols         301
nrows         283
xllcorner     601258.000000
yllcorner     5031977.000000
cellsize      500.000000
NODATA_value  -9999.0
[rows 56 to 83 of 283, columns 0 to 62 of 301]
-9999.0 -9999.0 -9999.0 -9999.0 -9999.0 0.000816 0.000000 0.000000 0.101225 0.364100 5.951328 3.436542 1.767223 1.208419 1.711658 3.618051 5.097449 0.425465 0.545385 0.536659 0.712719 0.669932 0.670092 6.572661 6.501980 4.337432 2.766996 1.554116 0.699667 0.517391 0.540993 0.606965 1.099907 1.282783 1.721311 1.506786 5.364933 5.491288 6.941185 6.472950 6.646090 3.197334 2.594865 2.153671 1.322190 0.825223 0.000000 0.210187 1.320032 1.123466 6.101044 4.542580 7.252899 6.650924 4.722016 4.962329 6.575991 6.465181 7.015873 7.075526 5.130201 6.672984 5.765061
-9999.0 -9999.0 -9999.0 -9999.0 -9999.0 0.000000 0.000000 0.000000 0.216956 0.421088 5.370706 4.273772 1.710856 1.129917 0.909739 1.414805 3.264888 5.219422 0.561790 0.587203 0.687673 0.713828 0.670033 0.682101 5.576160 5.612223 5.860576 4.313438 5.418474 6.000444 5.610710 5.495824 6.308796 4.244763 6.299968 5.590154 5.524275 5.963696 6.869406 6.611421 5.328483 4.415954 2.186656 1.218017 4.515614 4.136011 3.951459 3.907329 3.640900 5.335248 6.945696 7.750464 6.554125 6.255966 6.282235 6.118231 6.533071 6.362563 7.244240 7.270874 7.262841 6.489901 7.029531
-9999.0 -9999.0 -9999.0 -9999.0 -9999.0 0.000000 0.000000 0.000000 0.245347 0.458818 6.209957 4.779088 3.261120 1.159645 0.420790 1.300521 2.095623 3.711708 6.163875 0.589621 0.618303 0.704494 0.712064 0.671584 0.674178 5.973326 5.705507 6.683812 6.574031 6.345833 6.119447 6.282258 6.691849 6.244195 6.459452 6.500358 6.374569 5.811248 7.121859 6.157239 5.839873 2.631212 5.721947 5.512170 5.786937 5.856487 4.815762 4.350933 3.425227 5.218601 6.040714 8.142705 5.679647 0.876751 0.878177 0.874288 7.094630 6.286888 7.182599 7.167871 7.743878 4.999319 6.517707
-9999.0 -9999.0 -9999.0 -9999.0 -9999.0 0.000000 0.000000 0.102529 0.387576 8.442111 5.456824 5.056348 3.227714 1.506596 0.828539 0.893982 1.360560 2.246319 4.503422 2.768216 0.635690 0.684123 0.712514 0.712307 0.724228 0.740519 0.732697 0.725446 0.724787 4.897024 5.909431 5.906722 6.063386 5.739321 4.948459 6.872574 5.797538 6.044597 5.820243 6.720844 4.808384 5.308441 5.551927 4.095314 7.408553 5.828768 3.599745 2.572352 3.557102 3.118505 5.528648 6.666663 7.225050 0.831773 0.941804 0.888713 0.889008 3.872086 7.007668 6.782416 7.938322 7.002481 5.175978
-9999.0 -9999.0 -9999.0 -9999.0 -9999.0 0.000000 0.000000 0.218234 4.036106 4.973530 4.826699 4.384015 2.055171 1.566520 0.491571 0.518718 1.120390 2.029638 3.814038 5.645208 0.719211 0.640110 0.712233 0.709904 0.705612 0.708187 0.711541 0.719882 0.726825 0.722971 0.675570 0.682546 0.691499 0.702037 0.707893 0.714416 0.722950 0.732695 3.719250 6.302096 6.186077 5.494032 6.810178 4.766186 5.890385 4.067054 1.674213 2.496816 2.173227 2.863461 2.830342 5.094773 5.013035 6.986248 0.858812 0.946258 0.893790 0.903123 4.146495 7.164402 6.693993 4.342109 4.703613
-9999.0 -9999.0 -9999.0 -9999.0 -9999.0 0.002960 0.103334 0.355727 5.055231 4.518876 3.665868 3.033959 1.880746 1.183142 0.511981 1.032242 1.937642 2.873649 3.985535 4.795846 6.340359 6.651115 0.669602 0.716268 0.705627 0.694554 0.690110 0.694994 0.704059 0.666413 0.672260 0.677261 0.688693 0.702153 0.713112 0.722283 0.732644 0.750865 0.853223 1.972233 6.445394 6.219725 7.376253 6.937522 1.380393 0.865323 1.467425 1.148970 1.853272 3.417912 2.584152 4.287751 4.565678 6.770006 0.911013 0.954499 0.940553 0.894085 0.912813 5.823748 7.489153 5.083044 6.585832
-9999.0 -9999.0 -9999.0 -9999.0 -9999.0 0.000000 0.111966 0.395053 4.925513 4.183294 2.548477 1.344685 0.516502 0.908165 1.386140 3.008790 2.809423 4.798527 5.724551 4.669290 4.545726 5.395346 6.462153 0.703424 0.697505 0.681478 0.665928 0.660488 0.662616 0.663890 0.774826 0.783819 0.799651 0.818156 0.728135 0.745287 0.759742 0.765789 0.858937 0.808316 0.719735 6.976071 5.057479 4.014030 1.124773 0.522354 0.441818 1.270932 2.705075 3.281917 4.829372 5.274279 5.810402 6.249239 4.254745 1.027487 0.953012 0.932158 0.895212 1.018661 6.765301 6.851895 4.627240
-9999.0 -9999.0 -9999.0 -9999.0 -9999.0 0.000000 0.206887 0.422295 6.071838 4.416362 3.026136 1.131221 0.388654 1.592987 3.168632 2.837037 5.722703 5.554918 4.804039 3.023244 1.861548 2.546019 4.705199 5.751127 0.799652 0.719066 0.790192 0.778329 0.772178 0.777586 0.791284 0.810888 0.829606 0.744928 0.739778 0.757750 4.177760 3.892367 5.404537 0.808208 5.726042 7.013442 6.555530 3.612616 2.027252 1.545195 0.914263 2.156041 4.377510 3.118473 6.301400 5.824295 7.093806 6.245991 5.609503 1.040613 0.975909 0.943398 0.869142 0.885134 0.938751 6.335677 6.613239
-9999.0 -9999.0 -9999.0 -9999.0 -9999.0 0.000000 0.117771 0.424093 8.015707 5.283254 3.947449 2.284354 1.905691 1.978496 5.166283 5.159448 5.731993 4.918759 3.357964 1.255344 0.559926 1.275714 2.677882 4.771142 6.443467 6.160312 0.803013 0.807709 0.804870 0.813389 0.747789 0.824144 0.743624 4.138129 5.845505 3.557498 1.547693 1.708747 3.128394 5.426378 5.974940 6.433983 5.524310 3.770015 3.278231 3.719244 3.000783 1.311905 0.899647 1.426899 1.790601 4.918008 5.621958 6.043453 6.557850 1.031770 0.986025 0.863734 0.932268 0.867412 0.924569 1.019199 7.032478
-9999.0 -9999.0 -9999.0 -9999.0 -9999.0 0.000000 0.208264 0.424283 3.800168 5.253670 4.774305 2.500308 3.006512 4.814866 5.272770 7.211739 4.318460 1.429400 0.000000 0.000000 0.000000 0.719358 1.961835 2.888012 4.048125 5.411726 6.502499 6.484067 0.810963 0.727206 5.071058 5.650124 3.111226 1.465326 0.537990 0.000000 0.000000 0.000000 0.000000 2.359145 4.591731 5.895705 5.984951 4.775110 4.576013 4.332459 3.454620 1.094248 0.748470 0.456790 1.517859 4.681419 6.083047 7.550341 5.754929 1.015240 1.033463 0.974261 0.967708 0.878081 0.925485 6.472598 6.455381
-9999.0 -9999.0 -9999.0 -9999.0 -9999.0 0.000000 0.207321 0.424078 1.419327 5.460525 5.161393 4.682865 4.955087 6.305378 5.403016 2.985913 1.232127 0.000000 0.000000 0.000000 0.000000 0.191822 1.101378 1.296581 2.020124 2.809975 4.295158 5.609205 6.271923 5.581217 4.222325 1.326442 0.000000 0.000000 0.000000 0.000000 0.000000 0.000000 0.000000 0.792899 3.053356 3.605434 6.179478 5.920382 3.073913 4.338594 2.779343 3.795017 0.995957 0.344763 1.168714 4.390714 5.805433 5.819556 0.981449 0.997484 1.014212 0.959593 0.965836 0.998144 0.920878 6.516448 6.694046
-9999.0 -9999.0 -9999.0 -9999.0 -9999.0 0.000000 0.117476 0.449543 0.618035 5.357210 6.202460 4.336273 3.901445 4.957499 4.476036 2.238811 0.000000 0.000000 0.000000 0.000000 0.000000 0.000000 0.337168 0.419277 0.528664 1.237203 2.260142 3.687271 4.791234 4.567904 2.906060 0.640269 0.000000 0.000000 0.000000 0.000000 0.000000 0.000000 0.000000 0.690480 2.138061 3.501929 4.229984 3.103458 2.041441 3.591636 3.339170 5.115225 5.582256 6.162904 6.126373 5.361624 5.569657 6.394072 0.972787 0.985567 0.990280 0.899970 0.932908 0.930803 0.903727 7.486016 6.926981
-9999.0 -9999.0 -9999.0 -9999.0 -9999.0 0.000000 0.109597 0.411568 0.509226 0.515704 5.714887 5.871205 5.357927 5.273262 4.103129 1.605257 0.045057 0.000000 0.000000 0.000000 0.000000 0.000000 0.000000 0.164287 0.512709 0.588747 1.670018 3.357604 4.533322 4.963534 3.180346 1.984966 0.000000 0.000000 0.000000 0.000000 0.000000 0.000000 0.081885 0.347396 0.885903 2.126397 1.752306 2.523087 1.319461 1.618490 3.212167 6.377501 6.329484 6.065061 6.007915 6.391199 5.905863 0.944506 0.970379 0.977600 0.882738 0.744587 0.846504 0.911279 0.887327 6.415951 7.071208
-9999.0 -9999.0 -9999.0 -9999.0 -9999.0 0.000000 0.102563 0.389627 0.558028 0.580530 0.609945 5.844253 5.261883 4.701758 4.388983 2.211801 0.475847 0.753651 4.770283 1.141961 0.705933 1.676913 1.674775 1.670430 2.160715 2.360536 3.213031 3.577453 3.530048 5.641528 4.919532 3.317942 0.675610 0.000000 0.000000 0.000000 0.000000 0.000000 0.000000 0.000000 0.000000 0.140225 0.849471 0.959257 1.105376 2.314745 3.929189 4.983388 5.540512 5.315569 5.859677 5.305468 5.716962 6.964378 0.968583 0.971851 0.834656 0.683033 0.787681 0.898830 0.900042 6.184552 7.145610
-9999.0 -9999.0 -9999.0 -9999.0 -9999.0 0.000000 0.000000 0.345351 0.550251 0.586598 0.623103 0.663267 5.306319 5.500291 5.511016 3.983322 3.908410 5.153446 5.244876 5.193421 5.714403 4.488691 5.813368 2.239824 3.511634 5.220858 4.487787 3.291755 3.303598 4.887364 4.708740 3.847617 1.166771 0.317161 0.000000 1.182573 0.000000 0.000000 0.000000 0.000000 0.000000 0.000000 0.000000 0.440390 1.233956 1.665411 6.854011 6.820473 5.674823 0.854245 0.868023 0.886174 0.947637 0.964916 0.967709 0.967823 0.807117 0.648474 0.708011 0.952681 0.902220 0.934198 6.680881
-9999.0 -9999.0 -9999.0 -9999.0 -9999.0 0.000000 0.000000 0.216313 0.433855 0.596218 0.624249 6.516722 5.924197 5.057820 4.952351 5.419736 4.897901 0.536970 0.537148 0.535274 5.452042 5.771622 5.663861 5.841304 5.740000 5.448482 4.663608 3.927040 3.776824 4.408816 4.449310 4.248315 3.649841 4.218373 4.378514 3.660077 0.107426 0.000000 0.000000 0.000000 0.000000 0.000000 0.000000 1.971370 3.760306 7.468690 5.775782 5.928725 0.829232 0.853438 0.862772 0.881309 0.909063 0.971355 0.970025 0.957262 0.785977 0.594073 0.676391 0.836343 0.905215 0.933611 7.323855
-9999.0 -9999.0 -9999.0 -9999.0 -9999.0 0.000000 0.000000 0.117892 0.419986 0.586361 0.603693 5.222224 5.196089 5.872609 5.835836 2.476383 0.607798 0.598183 0.525326 0.533138 0.550723 0.620568 5.373067 6.062497 6.041582 5.228685 3.942456 1.712510 3.560471 4.677760 5.079427 4.312480 4.521822 4.230309 3.837760 4.474591 3.427463 0.185918 0.000000 0.000000 0.000000 0.000000 0.108234 6.926692 6.014919 7.123366 5.709556 0.772181 0.837233 0.842499 0.856416 0.876335 0.899779 0.917857 0.971611 0.929495 0.749757 0.533796 0.637485 0.802249 0.909125 0.928776 6.310489
-9999.0 -9999.0 -9999.0 -9999.0 -9999.0 0.000000 0.000000 0.111090 0.416505 0.571561 5.205764 4.905717 4.597111 5.523673 5.628482 0.622945 0.711301 0.708009 0.602269 0.603855 0.612003 0.628293 0.638061 5.937524 4.227996 1.982635 2.277882 3.270506 3.827284 4.929205 5.374646 4.461717 5.983942 5.976830 5.749600 3.406718 5.123693 4.570030 5.134863 6.513769 5.327067 4.697003 5.131403 4.385786 5.373419 5.413781 5.785769 0.814964 0.839348 0.852760 0.867111 0.875706 0.890315 0.901721 0.900338 0.818155 0.563683 0.477677 0.597493 0.774170 0.905939 0.918222 6.151962
-9999.0 -9999.0 -9999.0 -9999.0 -9999.0 0.000000 0.000000 0.104719 0.401942 0.505332 5.433026 4.918639 6.262329 5.341152 0.726831 0.715258 0.716633 0.731703 0.638382 0.646418 0.648920 0.695658 0.699812 4.753500 2.024043 2.167593 2.578207 3.431726 2.852666 4.515728 4.998292 6.136441 4.295716 4.344585 5.482541 5.329931 4.981113 4.076812 5.398037 5.734251 5.487851 6.456228 5.899368 6.061284 5.946429 5.037778 5.935482 0.813877 0.893973 0.862851 0.875493 0.877356 0.873426 0.855211 0.809208 0.593468 0.465270 0.379322 0.492114 0.743085 0.892393 0.905051 6.164695
-9999.0 -9999.0 -9999.0 -9999.0 -9999.0 0.000000 0.000000 0.100820 0.396578 0.503450 8.605618 5.675113 5.734273 0.602776 0.620651 0.721591 0.739705 0.653755 0.653942 4.808334 3.762721 3.277916 4.692170 2.767949 2.048056 2.526565 4.044642 4.150224 4.731323 4.167186 2.818386 3.864011 3.526819 6.090405 5.625686 5.781680 6.500885 6.102505 5.531038 0.685412 0.698060 5.747611 5.171012 5.896117 0.669054 0.816532 0.822639 0.824015 0.891246 0.906124 0.863520 0.825855 0.772780 0.629970 0.571199 0.470896 0.282297 0.220643 0.432842 0.691756 0.829708 0.895844 7.498209
-9999.0 -9999.0 -9999.0 -9999.0 -9999.0 0.000000 0.000000 0.107353 0.398669 0.573698 0.601438 0.651521 0.549727 0.722319 0.616969 0.738539 0.648690 6.684360 4.943773 3.215797 2.183358 1.515530 1.063279 0.540504 1.855668 3.489339 4.910909 4.980979 4.746831 1.916394 2.438356 2.340856 3.076195 5.411299 4.260638 6.514093 5.841077 5.704186 0.637289 0.658552 0.719546 0.710288 5.113127 5.667582 0.822586 0.819752 0.826240 0.833798 0.839162 0.848741 0.822426 0.755713 0.590132 0.522806 0.482123 0.311081 0.256197 0.125269 0.343228 0.508880 0.783712 0.832011 0.894852
-9999.0 -9999.0 -9999.0 -9999.0 -9999.0 0.000000 0.000000 0.000000 0.361814 0.481311 0.514529 0.517727 0.517971 0.708984 0.722764 0.743767 6.097688 5.312069 3.229597 1.139790 0.000000 0.000000 0.320974 1.387584 3.285852 4.657399 4.875309 5.020742 4.332144 3.155153 1.971672 1.898716 3.240274 5.260664 5.873903 5.063643 5.807607 6.772225 0.654727 0.669465 0.720936 0.716794 0.666653 6.821452 0.813422 0.816080 0.813912 0.822410 0.833565 0.844469 0.787144 0.727320 5.126518 0.661167 2.301093 0.480473 0.291550 0.237462 0.215379 0.427542 0.689483 0.806387 0.833006
-9999.0 -9999.0 -9999.0 -9999.0 -9999.0 0.000000 0.000000 0.000000 0.208033 0.420829 0.481224 0.643269 0.657268 0.701404 0.734240 0.631794 5.733968 4.141087 2.389276 0.501957 0.416553 1.423598 1.002638 5.103933 5.309735 5.444638 5.281086 5.331194 4.206900 2.301747 1.888403 2.273136 2.582364 5.583309 5.705884 0.634561 0.642327 0.652484 0.784072 0.680897 0.712959 0.712160 0.723003 0.807707 0.810594 0.807992 0.812459 0.827705 0.843111 0.812153 5.625489 4.809034 3.132497 2.047167 2.901998 3.714494 5.976441 0.286284 0.215585 0.222611 0.484847 0.743116 0.808855
-9999.0 -9999.0 -9999.0 -9999.0 -9999.0 0.000000 0.000000 0.000000 0.000000 0.257364 0.396488 0.607051 0.665251 0.703659 0.636632 4.902036 3.578641 2.100154 1.099294 1.262456 2.708523 2.725496 4.411572 5.676816 5.333322 5.334188 6.029889 5.104694 4.230695 2.752806 1.972882 2.484104 3.564424 5.100504 7.016978 5.045118 0.649915 0.658636 0.798033 0.804545 0.796661 0.671988 0.667182 0.791522 0.796863 0.809323 0.829324 0.847699 0.837643 6.645409 3.849316 1.366814 0.711895 1.332471 2.153555 3.526176 4.940237 0.474726 0.250945 0.118327 0.354412 0.524139 0.755574
-9999.0 -9999.0 -9999.0 -9999.0 -9999.0 0.000000 0.000000 0.000000 0.000000 0.242623 0.406517 0.467854 0.620212 5.367637 5.368841 2.776526 1.428121 0.557930 1.218106 2.902964 4.857725 5.335245 6.184161 0.599853 0.607859 1.246937 5.607848 5.663811 4.785604 3.637665 2.701084 2.507325 2.889056 2.830716 2.607875 7.724751 6.070399 0.673356 0.793564 0.805758 0.819265 0.698896 0.785983 0.786555 0.801881 0.829391 0.834018 5.729047 5.255219 2.725844 0.875459 0.411044 1.091370 2.524301 3.875997 4.968441 5.527449 0.571664 0.291315 0.105015 0.122808 0.368569 0.537728
-9999.0 -9999.0 -9999.0 -9999.0 -9999.0 0.000000 0.000000 0.002880 0.111781 0.364508 5.813764 4.670597 4.314781 3.969363 2.712428 0.646893 0.152559 0.370845 2.316178 4.914027 5.246443 5.138634 0.615901 0.621777 0.619350 0.618004 5.628982 6.283222 4.329415 4.939359 5.263840 4.191885 4.805322 5.322514 4.202356 2.816479 3.767055 3.672632 3.665459 4.718111 3.349015 0.811288 0.818281 0.814197 0.829118 0.834013 6.815808 3.862165 2.082891 0.313947 0.379071 0.851004 2.499071 4.139794 4.480485 5.168287 6.409925 0.690436 0.335895 0.109975 0.000000 0.121672 0.391598
-9999.0 -9999.0 -9999.0 -9999.0 -9999.0 0.000000 0.000000 0.000000 0.221920 5.654874 3.833295 2.086016 1.087619 0.403800 0.904841 1.777583 2.288093 3.106364 4.142983 4.667360 5.797145 0.607007 0.727915 0.730236 0.721664 0.610386 0.669061 5.678327 6.093228 4.116761 5.017002 5.118245 5.719023 5.362947 5.311493 6.022639 3.897492 1.928103 0.491479 0.770207 2.162368 5.412525 4.145881 5.079157 5.162624 5.432842 3.274096 1.590734 0.642585 0.617292 1.150333 2.229296 2.059502 4.474337 4.442415 6.174932 5.863077 6.473795 0.485739 0.241721 0.000000 0.000000 0.229257
-9999.0 -9999.0 -9999.0 -9999.0 -9999.0 0.000000 0.000000 0.109723 0.370136 5.689398 4.463786 2.831147 0.640912 0.183965 2.875634 2.215160 5.454419 6.114698 4.049973 2.896688 2.668198 6.135186 3.498823 0.735663 0.732394 0.615285 0.649206 0.662527 0.595046 6.314183 5.191164 5.531736 5.234562 5.369451 5.398062 5.741035 5.623177 2.196230 1.541953 0.000000 0.155758 1.194941 2.976255 3.290118 3.295080 1.775023 1.087442 0.811124 1.279623 1.837205 3.202096 4.447665 3.517589 3.285248 4.340441 4.999033 5.114157 5.086151 6.720592 0.296781 0.101399 0.000000 0.000000
