simulations/idroclim_test1/maps/TL0002N0084.asc
ncols         301
nrows         283
xllcorner     601258.000000
yllcorner     5031977.000000
cellsize      500.000000
NODATA_value  -9999.0
[rows 84 to 111 of 283, columns 0 to 61 of 301]
-9999.0 -9999.0 -9999.0 -9999.0 -9999.0 0.072939 0.001527 -0.000895 -0.130173 -1.912498 -4.318116 -3.258580 -1.725950 -2.463437 -2.599522 -4.821958 -4.103414 -5.376077 -3.742260 -2.151930 -1.927928 -2.586176 -2.713035 -1.969918 -0.068386 -0.001563 -0.001051 -0.012760 -0.217383 -2.688703 -5.899248 -5.274545 -6.113850 -2.971509 -0.200219 -0.058850 -1.598595 -5.817382 -2.021285 -2.071898 -1.554725 -1.216136 -1.015836 -0.621316 -0.446819 -0.506728 -0.696701 -1.174876 -1.298210 -1.859208 -2.056152 -5.012015 -5.147147 -3.103945 -2.721590 -2.830957 -4.123130 -3.822709 -3.327920 -1.425362 -0.083263 -0.000017
-9999.0 -9999.0 -9999.0 -9999.0 -9999.0 -0.000034 -0.000454 -0.003403 -0.047308 -1.140470 -4.492073 -4.847429 -3.894471 -2.902896 -2.795174 -0.747349 -2.307017 -5.198080 -3.622751 -1.995594 -1.777730 -1.924019 -2.718697 -3.754478 -1.989077 -0.003272 -0.000490 -0.001193 -0.012057 -0.096991 -1.644026 -5.441253 -5.822083 -3.094915 -0.096635 -0.008916 -0.026020 -1.314297 -5.738552 -5.570370 -2.014537 -1.825826 -1.262971 -0.793475 -0.666902 -0.688292 -1.081901 -1.235840 -1.783689 -5.547888 -5.263348 -4.559218 -2.497319 -2.479412 -2.108201 -1.803577 -0.017574 -0.020549 -3.254963 -0.903237 -0.068098 -0.000514
-9999.0 -9999.0 -9999.0 -9999.0 -9999.0 -0.085008 -0.086791 -0.228451 -0.727574 -1.657359 -4.400116 -5.125976 -3.495858 -1.733277 -0.091672 -0.160226 -3.040334 -5.125421 -3.719728 -2.304648 -1.820445 -1.952180 -2.733073 -3.266979 -3.755575 -0.063341 -0.000845 -0.000042 -0.000926 -0.007598 -0.053055 -1.285588 -5.085697 -4.743772 -1.824914 -0.008113 -0.006759 -0.077185 -2.724103 -5.777838 -4.665183 -2.744617 -1.557953 -1.444592 -1.295219 -1.325234 -1.224853 -2.813279 -5.167404 -3.905608 -1.966159 -1.034865 -0.052460 -0.007530 -0.002678 -0.001473 -0.000790 -0.000425 -0.000198 -0.000007 0.182068 -0.000136
-9999.0 -9999.0 -9999.0 -9999.0 -9999.0 -2.075535 -2.249849 -2.691624 -3.108273 -3.343042 -3.891932 -4.409318 -1.935101 -0.085877 -0.024863 -2.290610 -4.081736 -5.019624 -5.488825 -6.075145 -2.307921 -2.544429 -2.561438 -2.645169 -3.207924 -3.077354 -0.002174 -0.000151 -0.000027 -0.000684 -0.003747 -0.048660 -2.469829 -3.148881 -1.989076 -0.019718 -0.003580 -0.015428 -1.877286 -5.569469 -3.291324 -2.081286 -1.866525 -1.945539 -1.653630 -1.987246 -5.394933 -5.390268 -5.486422 -1.858981 -0.033531 -0.007202 -0.002788 -0.000689 -0.000040 -0.000021 -0.000013 -0.000007 0.164368 0.803479 0.945505 0.898224
-9999.0 -9999.0 -9999.0 -9999.0 -9999.0 -0.612043 -0.686803 -0.971579 -1.148100 -1.433249 -2.747342 -4.743699 -1.448248 -0.008539 -0.556528 -3.833925 -4.645828 -5.527066 -6.045548 -6.047789 -5.587412 -2.961283 -1.857133 -1.945646 -2.260049 -2.810697 -2.840569 -0.000479 -0.000026 -0.000023 -0.000595 -0.002848 -0.020311 -0.101043 -0.106139 -0.004618 -0.003372 -0.017617 -2.829153 -4.959101 -3.227446 -2.076525 -1.911460 -2.868792 -5.702876 -5.234703 -5.260883 -5.614272 -5.044920 -2.289888 -0.106919 -0.005022 -0.001381 -0.000035 -0.000017 -0.000009 0.026303 0.215296 1.075165 0.377536 0.290819 0.242838
-9999.0 -9999.0 -9999.0 -9999.0 -9999.0 -0.456183 -0.464696 -0.612522 -0.620027 -1.257988 -2.690325 -4.729798 -0.681857 -0.015087 -2.214758 -4.234975 -4.399761 -5.352285 -2.305769 -1.428210 -3.573616 -4.887909 -2.039677 -1.352249 -1.457728 -1.415234 -1.770587 -2.701257 -0.000482 -0.000017 -0.000021 -0.000198 -0.000815 -0.000677 -0.000933 -0.001219 -0.011056 -0.018917 -2.349192 -5.196546 -3.190803 -2.174506 -2.757843 -5.354230 -2.743394 -0.724945 -0.138577 -1.665178 -3.033384 -2.845993 -1.679828 -0.011132 -0.001051 -0.000018 -0.000009 0.022101 0.197931 0.291004 0.260904 0.456372 -0.002695 -0.000982
-9999.0 -9999.0 -9999.0 -9999.0 -9999.0 -0.555035 -0.502706 -0.584618 -0.799089 -1.296703 -3.816495 -2.731805 -0.169742 -0.012660 -2.165970 -4.939049 -4.159159 -5.483643 -0.920007 -0.042612 -0.269663 -5.623635 -2.737046 -1.935652 -1.521372 -1.370046 -1.337002 -2.254554 -1.843992 -0.001447 -0.000013 0.000333 -0.000017 -0.000022 -0.000058 -0.004552 -3.104821 -3.728573 -4.644321 -5.265674 -5.612638 -5.459783 -5.479346 -5.531803 -2.222784 -0.025880 -0.008747 -0.010555 -0.045696 -0.547803 -0.334896 -0.008318 -0.000357 -0.000012 0.000179 0.136448 0.215881 0.347771 -0.008706 -0.010828 -0.237940 -0.993441
-9999.0 -9999.0 -9999.0 -9999.0 -9999.0 -0.636132 -0.673057 -0.706615 -1.276515 -1.875134 -4.448678 -2.563926 -0.110743 -0.017671 -1.374219 -5.122162 -4.393256 -5.166205 -1.875661 -0.012918 -0.016478 -1.125094 -5.743067 -1.977306 -2.047854 -1.773482 -1.576264 -1.928215 -3.129587 -1.707200 -0.000026 0.031090 0.030102 -0.000013 -0.001112 -3.101076 -3.069344 -3.027753 -3.684331 -5.082727 -5.186669 -3.402318 -4.965974 -5.244006 -2.760464 -1.839423 -0.007283 -0.002014 -0.000905 -0.000603 -0.000138 -0.000024 -0.000013 -0.000007 0.070949 0.085239 0.167280 -0.002660 -0.373345 -2.172994 -2.701888 -2.223938
-9999.0 -9999.0 -9999.0 -9999.0 -9999.0 -1.703017 -1.856394 -1.352037 -1.720509 -2.914662 -5.312077 -1.875311 -0.013284 -0.008850 -0.524586 -5.344590 -5.351685 -4.130794 -2.460763 -1.042998 -0.004593 -0.022949 -1.193823 -5.280579 -5.499649 -1.892589 -3.236488 -2.966418 -3.456044 -1.590840 -0.000568 -0.000008 0.007713 -0.000092 -2.594388 -2.907294 -2.398304 -2.329847 -4.100533 -5.361459 -2.527111 -1.586403 -1.826930 -3.187510 -3.536402 -2.389658 -0.097709 -0.001518 -0.000029 -0.000017 -0.000011 -0.000007 0.001107 0.076526 0.060569 -0.016722 -0.087051 -1.718409 -2.456992 -2.247125 -2.057244 -1.769103
-9999.0 -9999.0 -9999.0 -9999.0 -9999.0 -4.672043 -3.280167 -5.422178 -5.092984 -3.553877 -1.841017 -0.064204 -0.001920 -0.009473 -1.285965 -5.247471 -5.301401 -4.223482 -4.427669 -2.425355 -0.008263 -0.001805 -0.013566 -0.117724 -2.175691 -3.062943 -2.012257 -3.822921 -3.704862 -2.015282 -0.001107 -0.000016 -0.000023 -0.052335 -3.689515 -2.853619 -2.531994 -3.487969 -5.396635 -4.299876 -1.832158 -0.081487 -0.093141 -0.779417 -1.639175 -1.632705 -0.346555 -0.001337 -0.000017 -0.000008 0.033410 0.110080 0.176381 0.121916 -0.001561 -0.277294 -2.375227 -1.435945 -1.604048 -2.093311 -1.948015 -1.538809
-9999.0 -9999.0 -9999.0 -9999.0 -9999.0 -2.265030 -1.643675 -1.133001 -0.131670 -0.072907 -0.005301 -0.000843 -0.000776 -0.063040 -1.353461 -5.009756 -5.303637 -5.604054 -4.154801 -4.129846 -1.223069 -0.001136 -0.001255 -0.004786 -0.019395 -0.042416 -0.058477 -0.111323 -0.416151 -0.030574 -0.000349 -0.000023 -0.000480 -0.069976 -4.112483 -4.518395 -2.921136 -3.927832 -3.932766 -2.501036 -1.579176 -0.022583 -0.005200 -0.003870 -0.004781 -0.003518 -0.001441 -0.000057 -0.000012 -0.000007 0.017191 0.058290 0.050098 -0.001674 -0.087027 -2.470614 -1.394931 -1.095282 -1.192665 -1.296222 -1.266252 -1.241351
-9999.0 -9999.0 -9999.0 -9999.0 -9999.0 -0.580235 -0.147587 -0.016167 -0.002641 -0.000746 -0.000041 -0.000017 -0.000056 -0.025053 -1.744247 -2.999177 -2.807798 -2.975519 -4.213876 -2.070376 -1.114304 -0.001365 -0.000069 -0.000630 -0.000973 -0.000765 -0.000437 -0.000057 -0.000032 -0.000020 -0.000018 -0.000019 -0.000695 -0.059637 -3.155956 -1.891891 -2.690244 -1.937306 -0.951791 -0.903551 -0.109793 -0.011953 -0.002158 -0.000683 -0.000400 -0.000054 -0.000022 -0.000014 -0.000009 -0.000013 0.000943 -0.091438 -0.092283 -0.086606 -1.360791 -2.257557 -1.251730 -1.022568 -0.815174 -0.856307 -0.864999 -1.233027
-9999.0 -9999.0 -9999.0 -9999.0 -9999.0 -1.840394 -0.105593 -0.003301 -0.000337 -0.000025 -0.000011 -0.000009 -0.000057 -0.014471 -1.164083 -1.126929 -0.077557 -0.049896 -0.072629 -0.150628 -0.019534 -0.000921 -0.000022 -0.000023 -0.000027 -0.000023 -0.000016 -0.000011 -0.000008 -0.000006 0.000408 0.019349 -0.000163 -0.002061 -0.110082 -0.430623 -0.058974 -0.009466 -0.005374 -0.004477 -0.005650 -0.002024 -0.001329 -0.000567 -0.000077 -0.000023 -0.000018 -0.000017 -0.000011 -1.727491 -1.694893 -2.002186 -2.029325 -2.363443 -2.283417 -1.960496 -1.273500 -0.977223 -0.485658 -0.558844 -0.881387 -1.472738
-9999.0 -9999.0 -9999.0 -9999.0 -9999.0 -1.573864 -1.294098 -0.007496 -0.000668 -0.000014 -0.000008 -0.000008 -0.000029 -0.001603 -0.004588 -0.002000 -0.000955 -0.000722 -0.000503 -0.000262 -0.000316 -0.000050 -0.000012 0.000645 0.015278 0.023851 0.063660 0.341546 0.859250 0.769907 0.131820 0.090738 -0.000027 -0.000552 -0.001267 -0.000745 -0.000642 -0.000467 -0.000421 -0.000425 -0.001154 -0.001851 -0.002211 -0.002187 -0.001608 -0.000771 -0.000575 -0.933187 -1.524049 -2.265557 -1.128012 -0.922868 -1.224703 -1.635623 -2.130020 -1.478865 -1.211634 -0.949011 -0.626304 -0.635333 -1.278818 -2.821810
-9999.0 -9999.0 -9999.0 -9999.0 -9999.0 -1.585243 -1.774641 -1.481841 -0.001421 -0.000419 -0.000015 0.013855 -0.000010 -0.000021 -0.000029 -0.000025 -0.000023 -0.000018 -0.000015 -0.000012 -0.000010 -0.000008 0.039547 0.211303 0.898276 1.074536 1.092654 1.213504 0.411415 0.342131 0.272775 0.139835 0.031550 0.000394 -0.000016 -0.000020 -0.000022 -0.000022 -0.000042 -0.000553 -0.002152 -0.001483 -2.217418 -2.333758 -2.423927 -1.367098 -2.030357 -2.240842 -1.363695 -0.869404 -0.774576 -0.854394 -0.852895 -1.251980 -2.121894 -2.172448 -1.190930 -1.039202 -0.772577 -1.278006 -2.113712 -3.823263
-9999.0 -9999.0 -9999.0 -9999.0 -9999.0 -1.402358 -1.556109 -1.847577 -1.655328 -0.112937 -0.000305 -0.000012 0.079311 0.100349 0.095003 0.115179 0.108399 0.133760 0.201218 0.583039 0.744345 0.307350 0.403166 1.056142 1.474418 1.498538 0.493144 0.385338 0.240263 0.313791 -0.000061 0.137380 0.086530 0.146976 0.107483 0.001824 -0.000013 -0.000049 -0.001179 -0.000741 -3.070103 -3.141770 -2.749036 -2.851924 -3.160449 -1.949274 -2.586377 -1.964097 -0.815411 -0.754079 -0.596170 -0.662974 -0.848515 -1.303642 -2.156255 -2.327640 -1.302808 -1.169392 -1.331260 -1.917438 -3.230275 -3.322799
-9999.0 -9999.0 -9999.0 -9999.0 -9999.0 -0.441999 -0.313058 -0.259527 -0.005051 -0.003503 -0.000412 -0.000006 0.289110 1.091139 1.173214 1.226298 1.306027 1.340308 1.383711 1.441731 1.487970 2.080538 1.361806 1.384504 1.137502 0.501924 0.523713 -0.000847 -0.014826 -0.003568 -0.024765 -0.003876 -0.003966 0.051855 0.109999 -0.000010 -0.000022 -2.635277 -2.402954 -3.112753 -2.143117 -1.222242 -1.263705 -1.677876 -2.745483 -3.009593 -2.945724 -1.784752 -1.101691 -0.921323 -0.867419 -0.853024 -1.009681 -1.211298 -1.608217 -1.915747 -1.473590 -1.475616 -1.589514 -2.054717 -2.198654 -1.561982
-9999.0 -9999.0 -9999.0 -9999.0 -9999.0 -0.003188 -0.001539 -0.000040 -0.000022 -0.000024 -0.000010 0.065807 0.413016 2.853049 3.554389 3.032931 3.041466 3.006840 2.858820 1.645879 1.290502 1.055602 0.694870 0.698805 0.434937 0.390563 -0.000034 -0.045368 -0.580957 -1.320997 -1.527005 -1.356114 -0.586388 -0.499243 0.027891 -0.000029 -1.129906 -2.694009 -1.126562 -0.901690 -0.886985 -1.006613 -1.246155 -1.437437 -2.126197 -2.093118 -1.922639 -1.666768 -1.520925 -1.339184 -1.132592 -1.190530 -1.131851 -1.062373 -1.061806 -1.406898 -1.565527 -1.686079 -1.697418 -1.829269 -1.297912 -1.203995
-9999.0 -9999.0 -9999.0 -9999.0 -9999.0 -0.000032 -0.000020 -0.000009 0.018936 0.666635 0.831514 0.351434 1.362854 2.045298 2.207073 1.661750 1.178095 0.716235 0.519984 1.554252 0.655113 -0.000033 -0.000048 -0.000016 -0.000006 -0.000025 -0.028156 -1.260170 -2.689726 -2.859399 -2.847629 -2.448783 -2.063949 -2.395489 -1.355751 -0.996098 -3.218594 -1.935553 -0.914295 -0.687322 -0.677364 -0.903912 -1.454081 -1.746136 -1.359138 -0.964696 -0.951223 -1.045505 -1.505934 -1.685680 -1.169279 -1.448477 -0.999915 -0.923934 -0.965209 -1.238640 -1.447905 -1.703661 -1.727885 -1.717314 -1.550890 -1.502945
-9999.0 -9999.0 -9999.0 -9999.0 -9999.0 -0.000012 -0.000006 0.611324 1.129863 2.569601 2.783444 1.285252 1.431323 1.345369 1.871628 1.035738 -0.000751 -0.003117 -0.003758 -0.000030 -0.003517 -0.065190 -0.079489 -0.002735 -0.000033 -0.000570 -0.098428 -1.599125 -2.908695 -2.344662 -2.225173 -1.659065 -1.188954 -0.927867 -1.412452 -2.908945 -3.384351 -3.328394 -1.273084 -0.717247 -0.791446 -1.302475 -1.493959 -1.413777 -0.930010 -0.528584 -0.570534 -0.513649 -1.103741 -1.527528 -1.596271 -1.242068 -0.747622 -0.732480 -0.772147 -1.282022 -1.582542 -2.128442 -2.078202 -2.195125 -2.091700 -5.429663
-9999.0 -9999.0 -9999.0 -9999.0 -9999.0 0.793017 0.927967 1.343583 1.561594 2.090642 1.532495 1.729501 0.022286 -0.000007 0.015370 -0.001409 -0.087326 -0.218422 -0.460685 -0.699196 -2.095182 -2.858702 -2.706086 -0.376098 -0.002874 -0.000782 -0.055769 -1.478818 -2.943710 -1.643745 -1.464141 -1.356877 -1.063712 -0.923191 -0.794054 -2.499078 -3.326270 -4.013788 -2.262290 -1.291331 -1.227873 -1.411621 -1.331913 -1.123738 -0.654567 -0.670974 -0.741566 -0.693712 -0.672147 -1.167148 -1.306940 -0.819683 -0.648361 -0.770309 -0.768125 -1.350041 -2.125488 -4.734971 -4.730086 -5.302528 -5.423554 -5.592056
-9999.0 -9999.0 -9999.0 -9999.0 -9999.0 2.518529 2.982923 2.650473 1.694400 2.131016 -0.000008 -0.000008 -0.000040 -0.000690 -0.004478 -0.083012 -2.346255 -2.403578 -2.313280 -2.394032 -2.158601 -1.478259 -1.660088 -1.827409 -0.064588 -0.001703 -0.007979 -1.734512 -2.980856 -1.294833 -1.011279 -1.021730 -1.101238 -1.018558 -1.061291 -1.354048 -3.050089 -3.704997 -3.247790 -1.793396 -1.574035 -1.516207 -1.260698 -1.081264 -0.728989 -0.776229 -0.860434 -0.744893 -0.896548 -1.291346 -1.048808 -0.748010 -0.894007 -0.922284 -1.036220 -1.641595 -3.813044 -4.616059 -5.372950 -5.427620 -5.353273 -3.074304
-9999.0 -9999.0 -9999.0 -9999.0 -9999.0 4.725135 4.587932 2.099908 1.387734 0.099274 -0.001901 -0.092695 -0.138160 -0.086502 -0.026296 -0.361692 -2.893996 -2.328540 -1.928036 -2.331041 -2.431211 -1.709285 -1.610794 -2.761570 -0.557309 -0.018087 -0.063124 -2.321128 -3.196345 -1.307309 -1.073795 -0.965012 -1.134643 -1.281195 -1.353953 -1.269231 -1.496244 -2.786252 -2.963751 -2.434612 -1.916761 -1.828682 -1.459601 -1.480105 -1.759092 -0.972156 -0.963730 -1.076015 -1.335399 -1.340626 -1.584343 -1.132131 -1.034446 -1.038633 -1.295217 -1.743018 -3.616489 -4.186910 -4.948682 -5.169960 -4.887429 -4.011938
-9999.0 -9999.0 -9999.0 -9999.0 -9999.0 5.191790 2.709215 1.472571 0.241973 -0.000161 -0.068723 -2.009357 -1.926399 -0.733204 -0.015114 -0.095518 -1.694913 -2.845985 -2.380321 -2.466039 -2.862429 -2.510636 -1.714707 -2.563749 -1.552962 -0.133884 -0.095078 -2.117282 -3.895258 -1.549350 -1.134369 -0.889254 -1.199581 -1.533316 -1.536136 -1.063250 -1.041088 -1.374797 -2.138753 -2.591965 -5.498593 -5.440069 -1.728235 -5.965620 -2.897159 -6.025751 -3.107149 -3.021042 -5.547515 -5.734204 -6.465262 -1.503629 -1.029881 -1.220741 -1.405384 -2.241667 -2.567056 -3.664190 -4.235825 -4.965563 -4.910781 -4.752100
-9999.0 -9999.0 -9999.0 -9999.0 -9999.0 2.840635 2.312938 1.083585 0.092367 -0.002358 -0.499449 -2.749203 -2.937529 -1.273165 -0.090381 -0.092190 -1.738141 -3.160974 -1.660442 -1.420963 -1.995607 -1.851352 -1.858812 -1.911664 -2.678089 -2.087775 -0.719021 -1.510453 -4.648789 -2.392039 -1.237386 -1.109479 -1.204687 -1.531683 -1.158499 -0.956825 -0.792580 -1.391683 -2.378533 -5.407001 -5.523867 -5.942327 -5.530702 -2.236288 -0.154521 -0.048263 -0.031211 -0.036825 -0.067008 -1.043914 -3.968681 -6.435747 -5.162560 -4.185260 -3.973960 -4.979505 -4.055754 -3.861679 -4.178569 -4.697025 -4.610512 -3.959787
-9999.0 -9999.0 -9999.0 -9999.0 -9999.0 2.571551 1.868403 0.362763 0.040218 -0.001497 -0.142720 -2.431237 -3.189773 -2.557003 -1.506461 -0.449093 -2.054940 -3.063316 -1.115186 -0.862776 -0.912567 -1.185554 -1.501279 -1.850929 -2.511947 -2.778590 -1.709694 -2.487606 -4.544964 -2.813595 -1.425471 -1.265641 -1.408425 -1.409637 -1.112598 -0.805009 -1.135612 -1.772817 -5.884196 -5.882444 -2.280750 -0.472863 -0.050481 -0.007268 -0.002577 -0.001059 -0.000626 -0.000819 -0.003154 -0.039257 -0.602102 -2.697261 -6.589334 -6.501159 -6.156913 -5.854507 -5.704635 -5.324294 -5.249519 -5.132632 -4.754314 -4.121956
-9999.0 -9999.0 -9999.0 -9999.0 -9999.0 2.237805 1.138030 0.871058 0.016870 -0.001456 -0.136613 -1.942888 -3.146672 -2.409218 -2.559036 -2.686603 -3.172752 -2.856360 -1.098590 -0.655623 -0.620726 -0.963942 -1.354682 -2.656431 -2.747932 -2.393869 -2.628479 -3.161864 -2.809902 -2.407454 -1.557057 -1.537933 -1.659071 -1.260311 -1.134783 -1.171740 -1.540991 -2.299437 -5.819777 -2.011706 -0.081882 -0.006021 -0.001515 -0.000194 -0.000026 -0.000017 -0.000014 -0.000015 -0.000159 -0.002931 -0.054957 -1.006727 -3.345108 -5.619948 -5.739762 -6.134883 -6.039505 -5.512090 -5.346246 -5.183967 -4.960954 -4.079761
-9999.0 -9999.0 -9999.0 -9999.0 -9999.0 1.370538 0.763989 0.210577 -0.000018 -0.003207 -0.444619 -3.646557 -2.770325 -1.389397 -1.308096 -2.501205 -3.606010 -3.671204 -1.466282 -0.774859 -0.746276 -1.152409 -2.270279 -4.160218 -3.377085 -1.568344 -1.194380 -1.639345 -1.851428 -1.754821 -1.627552 -1.715124 -1.551682 -1.304848 -1.276154 -1.388485 -1.821936 -4.762157 -3.965221 -0.427650 -0.008551 -0.000772 -0.000029 -0.000016 -0.000016 -0.000014 -0.000012 0.006660 0.001272 -0.000538 -0.010601 -1.080448 -5.641993 -6.046333 -5.539346 -5.384827 -2.724687 -1.837473 -1.806940 -2.191020 -4.201819 -3.653315
