simulations/panola/maps/psiliqL0001N0027.asc
ncols         33
nrows         75
xllcorner     -4.500000
yllcorner     -24.500000
cellsize      1.000000
NODATA_value  -9999.0
[rows 0 to 43 of 75, columns 0 to 32 of 33]
-9999.0 -9999.0 -9999.0 -9999.0 -9999.0 -9999.0 -9999.0 -9999.0 -9999.0 -9999.0 -9999.0 -9999.0 -9999.0 -9999.0 -9999.0 -9999.0 -9999.0 -9999.0 -9999.0 -9999.0 -9999.0 -9999.0 -9999.0 -9999.0 -9999.0 -9999.0 -9999.0 -9999.0 -9999.0 -9999.0 -9999.0 -9999.0 -9999.0
-9999.0 -9999.0 -9999.0 -9999.0 -9999.0 -9999.0 -9999.0 -9999.0 -9999.0 -9999.0 -9999.0 -9999.0 -9999.0 -9999.0 -9999.0 -9999.0 -9999.0 -9999.0 -9999.0 -9999.0 -9999.0 -9999.0 -9999.0 -9999.0 -9999.0 -9999.0 -9999.0 -9999.0 -9999.0 -9999.0 -9999.0 -9999.0 -9999.0
-9999.0 -9999.0 -310.327620 -313.441578 -317.608005 -323.879094 -334.026277 -339.268753 -343.362498 -346.576482 -348.208194 -348.883843 -349.215404 -349.460561 -349.657660 -349.790849 -349.845407 -349.864199 -349.871374 -349.874152 -349.875660 -349.876705 -349.877244 -349.877450 -349.877526 -349.877565 -349.877485 -349.877162 -349.876319 -349.875416 -349.874843 -9999.0 -9999.0
-9999.0 -9999.0 -264.431330 -277.168270 -284.783450 -293.158444 -319.015688 -328.288924 -338.768262 -344.654962 -346.852937 -347.631577 -348.006591 -348.355027 -348.735694 -349.062211 -349.207338 -349.253000 -349.267438 -349.273062 -349.276283 -349.278840 -349.280017 -349.280384 -349.280511 -349.280611 -349.280431 -349.279527 -349.276233 -349.273676 -349.272357 -9999.0 -9999.0
-9999.0 -9999.0 -185.437953 -219.447654 -228.719712 -243.259062 -272.448946 -293.583835 -326.863213 -340.541252 -343.225237 -343.832257 -344.005927 -344.185971 -344.901455 -346.298868 -346.965176 -347.157957 -347.211209 -347.231974 -347.244480 -347.253959 -347.257631 -347.259091 -347.259723 -347.259692 -347.258927 -347.254364 -347.228926 -347.218530 -347.214442 -9999.0 -9999.0
-9999.0 -9999.0 -157.372127 -168.123523 -174.943332 -187.220274 -257.356228 -284.945072 -320.925263 -337.101912 -340.085415 -340.568954 -340.213299 -339.561142 -340.589269 -343.010697 -344.943890 -345.703675 -345.914189 -345.988161 -346.040222 -346.076369 -346.093575 -346.101691 -346.106291 -346.106314 -346.102929 -346.090341 -346.042377 -346.004412 -345.984117 -9999.0 -9999.0
-9999.0 -9999.0 -95.332370 -128.669476 -150.236160 -168.596364 -247.318860 -282.207847 -318.727922 -334.931548 -337.659125 -338.124458 -337.768710 -334.584572 -335.779235 -341.399113 -343.400743 -344.966331 -345.384597 -345.528763 -345.629803 -345.740411 -345.817897 -345.862562 -345.888328 -345.897047 -345.895351 -345.867243 -345.780871 -345.683304 -345.624199 -9999.0 -9999.0
-9999.0 -9999.0 -800.000000 -79.594931 -118.765009 -151.073595 -236.805140 -298.638725 -327.247403 -334.294799 -334.912103 -335.419589 -336.183451 -336.858207 -338.529673 -341.827541 -343.275732 -344.121079 -344.404515 -344.564090 -344.718187 -344.939129 -345.214388 -345.404913 -345.514819 -345.555462 -345.555303 -345.516487 -345.412698 -345.218349 -345.100194 -9999.0 -9999.0
-9999.0 -9999.0 -800.000000 -800.000000 -115.579528 -144.516251 -231.609845 -300.525941 -324.875163 -328.955911 -330.039941 -331.380206 -333.442725 -336.003459 -338.976591 -340.987896 -341.954896 -342.336265 -342.564729 -342.939922 -343.269215 -343.637173 -344.037568 -344.304916 -344.453612 -344.525321 -344.523682 -344.512346 -344.404311 -344.218363 -344.087732 -9999.0 -9999.0
-9999.0 -9999.0 -800.000000 -800.000000 -85.534559 -165.292566 -236.134624 -288.697278 -311.048512 -316.706600 -320.818105 -324.555562 -328.848868 -332.642087 -335.937077 -338.088050 -339.211647 -339.713990 -340.217872 -340.644512 -340.968866 -341.252144 -341.504043 -341.747534 -342.078041 -342.227220 -342.180660 -342.171947 -342.151936 -342.224449 -342.211291 -9999.0 -9999.0
-9999.0 -9999.0 -800.000000 -800.000000 -800.000000 -115.496558 -192.096397 -249.138261 -273.923303 -289.631892 -302.204326 -312.428022 -321.377139 -327.785891 -332.124883 -335.151915 -336.485430 -337.144228 -337.594966 -337.783685 -337.769231 -337.450702 -336.977542 -337.421938 -337.702989 -338.003450 -338.327671 -338.507006 -338.666606 -338.901448 -339.069553 -9999.0 -9999.0
-9999.0 -9999.0 -800.000000 -800.000000 -800.000000 -800.000000 -107.049289 -176.638490 -211.441180 -243.035586 -267.487363 -291.145264 -309.551554 -321.326204 -328.229891 -332.020391 -333.438727 -334.290892 -334.563462 -334.242044 -333.604448 -332.037791 -331.116870 -331.635730 -332.366836 -332.867806 -332.873293 -333.079304 -333.400825 -333.815620 -334.290943 -9999.0 -9999.0
-9999.0 -9999.0 -800.000000 -800.000000 -800.000000 -800.000000 -800.000000 -800.000000 -107.160368 -178.878903 -214.544498 -256.203422 -287.287491 -307.171679 -319.489903 -326.341682 -329.059276 -329.695406 -329.724579 -329.411819 -329.060077 -327.902916 -326.971950 -326.538365 -326.187996 -327.060895 -327.821082 -328.149309 -328.363727 -328.378545 -327.920512 -9999.0 -9999.0
-9999.0 -9999.0 -800.000000 -800.000000 -800.000000 -800.000000 -800.000000 -800.000000 -800.000000 -75.300060 -96.193646 -183.668328 -247.909863 -285.698442 -308.207881 -319.097044 -322.788326 -323.210088 -322.888796 -322.613977 -323.248337 -323.237604 -322.315222 -320.741670 -319.979072 -320.198887 -321.921802 -322.140793 -322.084981 -321.642347 -321.121999 -9999.0 -9999.0
-9999.0 -9999.0 -800.000000 -800.000000 -800.000000 -800.000000 -800.000000 -800.000000 -800.000000 -800.000000 -800.000000 -154.661298 -232.781796 -278.993697 -301.496428 -312.893441 -316.163830 -316.656464 -315.585988 -315.169543 -315.954429 -317.804155 -316.659524 -312.782342 -311.447062 -312.127999 -312.658838 -313.381071 -313.080316 -311.629153 -310.934252 -9999.0 -9999.0
-9999.0 -9999.0 -800.000000 -800.000000 -800.000000 -800.000000 -800.000000 -800.000000 -800.000000 -800.000000 -800.000000 -143.824614 -223.940153 -273.878804 -297.198334 -308.258088 -311.256656 -310.958519 -309.963183 -311.618770 -312.611645 -313.605593 -312.233395 -308.770347 -305.950454 -302.634027 -302.584943 -301.383102 -301.125015 -302.847429 -303.243582 -9999.0 -9999.0
-9999.0 -9999.0 -800.000000 -800.000000 -800.000000 -800.000000 -800.000000 -800.000000 -800.000000 -800.000000 -800.000000 -132.916590 -204.584908 -253.508653 -287.089395 -304.104027 -308.472377 -309.578768 -309.590307 -310.459524 -310.792237 -310.717669 -308.790301 -305.332150 -301.495009 -296.737944 -291.991479 -292.143248 -291.379598 -292.475154 -293.649244 -9999.0 -9999.0
-9999.0 -9999.0 -800.000000 -800.000000 -800.000000 -800.000000 -800.000000 -800.000000 -800.000000 -800.000000 -96.255840 -79.321899 -102.192894 -195.112662 -276.270316 -302.387935 -307.498081 -310.583894 -312.055216 -311.255731 -310.417704 -309.448685 -306.366217 -302.219488 -297.370742 -291.334081 -284.301840 -280.464134 -275.325547 -275.219583 -278.824606 -9999.0 -9999.0
-9999.0 -9999.0 -800.000000 -800.000000 -800.000000 -800.000000 -800.000000 -800.000000 -800.000000 -800.000000 101.996038 -800.000000 -800.000000 -236.385462 -284.432128 -302.042599 -306.811061 -310.593438 -313.368356 -313.580362 -311.633870 -310.495339 -305.065034 -299.637964 -293.488448 -284.897438 -271.857096 -265.188521 -266.509875 -264.815186 -258.448557 -9999.0 -9999.0
-9999.0 -9999.0 -800.000000 -800.000000 -800.000000 -800.000000 -800.000000 -800.000000 -800.000000 -800.000000 -800.000000 -800.000000 -183.211954 -245.828710 -288.509714 -301.917365 -306.387922 -309.924708 -312.115258 -313.750702 -313.164188 -309.775999 -303.728728 -297.739901 -291.064814 -282.855541 -270.630214 -263.245314 -261.815941 -259.254279 -254.633540 -9999.0 -9999.0
-9999.0 -9999.0 -800.000000 -800.000000 -800.000000 -800.000000 -800.000000 -800.000000 -800.000000 -800.000000 -800.000000 -800.000000 -167.748084 -258.299488 -299.335646 -305.171261 -307.176685 -307.882463 -308.403023 -309.608664 -309.658731 -307.257927 -302.615805 -296.892024 -289.681739 -281.889991 -270.719644 -262.993670 -259.361149 -256.244154 -253.040805 -9999.0 -9999.0
-9999.0 -9999.0 -800.000000 -800.000000 -800.000000 -800.000000 -800.000000 -800.000000 -800.000000 -800.000000 -800.000000 -800.000000 -165.339072 -266.221604 -308.555376 -310.737445 -309.797363 -307.429083 -303.612622 -304.042501 -304.303450 -304.521748 -302.948725 -297.907418 -288.995137 -281.206681 -270.991316 -263.440204 -258.827511 -255.458544 -252.978386 -9999.0 -9999.0
-9999.0 -9999.0 -800.000000 -800.000000 -800.000000 -800.000000 -800.000000 -800.000000 -800.000000 -800.000000 -800.000000 -800.000000 -231.818873 -300.469533 -317.701819 -316.244093 -313.727943 -309.896184 -305.291345 -303.795684 -302.954131 -302.212578 -299.740800 -294.175058 -286.587811 -280.185107 -271.787354 -265.227082 -260.662836 -257.410178 -255.363327 -9999.0 -9999.0
-9999.0 -9999.0 -800.000000 -800.000000 -800.000000 -800.000000 -800.000000 -800.000000 -800.000000 -800.000000 -141.749612 -248.993477 -290.178814 -322.533641 -324.596623 -320.942600 -317.225951 -313.279425 -309.801768 -306.041112 -303.541321 -301.166851 -296.183080 -287.910103 -279.734202 -278.825874 -274.251714 -269.601801 -265.833315 -263.052678 -261.400270 -9999.0 -9999.0
-9999.0 -9999.0 -800.000000 -800.000000 -800.000000 -800.000000 -289.693093 -299.690716 -317.869449 -289.615242 -219.747443 -289.972478 -322.947470 -332.621109 -328.705370 -323.820299 -319.660486 -316.139630 -313.483704 -308.804511 -305.418307 -302.355762 -295.617040 -288.350666 -281.527451 -280.523544 -280.901262 -278.107363 -275.138723 -272.913501 -271.657500 -9999.0 -9999.0
-9999.0 -9999.0 -800.000000 -800.000000 -204.291086 -285.249751 -303.268764 -315.627951 -311.295226 -309.308324 -289.864859 -321.316108 -335.725967 -335.157798 -330.416706 -325.198268 -321.000371 -317.981592 -314.983745 -311.399459 -307.656106 -302.598837 -294.589474 -290.421907 -287.461850 -281.879595 -278.777125 -273.705037 -269.349183 -266.959016 -265.941225 -9999.0 -9999.0
-9999.0 -9999.0 -800.000000 -207.182510 -278.750172 -311.042761 -299.244147 -328.383513 -319.941739 -329.475188 -329.103987 -335.684016 -337.046207 -334.175969 -329.717965 -324.829842 -320.706612 -317.603059 -314.390581 -311.249394 -307.751481 -303.314774 -296.978009 -293.103795 -289.238529 -280.543735 -270.302735 -255.855355 -245.045089 -243.150184 -243.257947 -9999.0 -9999.0
-9999.0 -9999.0 -207.828548 -267.283417 -321.250352 -331.103766 -322.942472 -323.856445 -330.673742 -337.323431 -338.117936 -337.741950 -335.332545 -331.869428 -327.506307 -322.928510 -318.936945 -315.815586 -312.866984 -309.900027 -307.008055 -304.231960 -301.518603 -297.888629 -292.235156 -279.489884 -263.636524 -250.786849 -229.799642 -242.971944 -248.295325 -9999.0 -9999.0
-9999.0 -9999.0 -287.990301 -317.232458 -337.445235 -339.079075 -336.582960 -329.942586 -336.714066 -337.181666 -337.066051 -335.209377 -332.147631 -328.320733 -323.959476 -319.504308 -315.672867 -312.871686 -310.897817 -308.137124 -305.834777 -304.061862 -302.929476 -298.452772 -291.986759 -282.232170 -270.338111 -259.408401 -235.281167 -255.182539 -264.636406 -9999.0 -9999.0
-9999.0 -9999.0 -325.756314 -334.811024 -338.144006 -337.455711 -336.145561 -333.832090 -334.344109 -333.575747 -332.232903 -329.793773 -326.448525 -322.561686 -318.437912 -313.923163 -310.155470 -307.550622 -306.174908 -305.088471 -303.759053 -302.137052 -300.202198 -296.546371 -289.144465 -285.837970 -283.142164 -277.773576 -263.852983 -273.967450 -276.738843 -9999.0 -9999.0
-9999.0 -9999.0 -330.284159 -335.736263 -336.181408 -334.923066 -333.376050 -332.034066 -330.615727 -328.209719 -325.268731 -321.751625 -317.600981 -313.114684 -308.763869 -304.629056 -301.088047 -298.653403 -297.564919 -297.129703 -296.573166 -294.988841 -293.789687 -291.599463 -288.065800 -287.982550 -291.063223 -290.302481 -285.619960 -285.465956 -281.312402 -9999.0 -9999.0
-9999.0 -9999.0 -334.929880 -336.007177 -334.389868 -332.212061 -329.571471 -328.324467 -326.283710 -321.773660 -316.727963 -311.541258 -305.998874 -300.527578 -295.326587 -290.741147 -287.184137 -284.800796 -284.006964 -283.523503 -282.483898 -281.368032 -280.851992 -282.619523 -285.911039 -287.583502 -287.934090 -286.713666 -282.475850 -279.405702 -278.153721 -9999.0 -9999.0
-9999.0 -9999.0 -334.598864 -333.909974 -332.142697 -329.546970 -326.337464 -323.426280 -319.413896 -313.245893 -306.396893 -299.982497 -293.866034 -286.759389 -280.293879 -274.798570 -270.941538 -267.451706 -263.833942 -260.957825 -259.738574 -260.259963 -262.538320 -267.023788 -273.741489 -277.424809 -277.304387 -276.825876 -274.820956 -272.977980 -272.428947 -9999.0 -9999.0
-9999.0 -9999.0 -327.944642 -327.846548 -326.923022 -325.307646 -322.174608 -316.275813 -309.864599 -302.568883 -294.291672 -286.680099 -280.079851 -274.036619 -266.656843 -258.394466 -249.008019 -242.325158 -233.641759 -227.042441 -223.413102 -225.604750 -231.517745 -238.709023 -247.739805 -254.915645 -259.845209 -262.845687 -264.379872 -264.693864 -264.873093 -9999.0 -9999.0
-9999.0 -9999.0 -318.141517 -317.678425 -317.272438 -315.678967 -311.889021 -305.194704 -297.969660 -291.066363 -282.841805 -274.523250 -266.480721 -258.344134 -248.698813 -237.364262 -223.856730 -209.163336 -193.326712 -176.492261 -167.190813 -168.117922 -176.836449 -191.148592 -206.676164 -221.048600 -234.456689 -243.829333 -250.434102 -253.881465 -255.336575 -9999.0 -9999.0
-9999.0 -9999.0 -301.016617 -301.592784 -300.482408 -297.524649 -293.141748 -287.107523 -280.914843 -274.093936 -266.063600 -256.805698 -246.826407 -235.903958 -223.003366 -207.354527 -187.049750 -159.813465 -130.188938 -102.108654 -81.038362 -80.169966 -94.357107 -121.851510 -154.369989 -182.783861 -205.686904 -221.024780 -233.427028 -241.097088 -244.285423 -9999.0 -9999.0
-9999.0 -9999.0 -273.446662 -273.240750 -271.213033 -268.226466 -263.932891 -258.670360 -252.966858 -245.974263 -239.309691 -229.089410 -217.138457 -202.920533 -183.269257 -151.099844 -114.573512 -78.236753 -50.912803 -31.460500 -27.958341 -36.330793 -52.654403 -88.117823 -108.924839 -144.441081 -174.089161 -195.580033 -214.917980 -228.590807 -233.431028 -9999.0 -9999.0
-9999.0 -9999.0 -235.544415 -228.633993 -219.873547 -212.136713 -208.751578 -207.638554 -207.909114 -207.486698 -201.213037 -188.443757 -172.854113 -152.849601 -125.773700 -85.165930 -40.745383 -20.715702 -14.473606 -18.515238 4.215867 -30.535736 -52.605210 -72.669350 -72.472140 -108.819142 -148.663077 -179.432170 -202.461296 -220.705361 -224.456802 -9999.0 -9999.0
-9999.0 -9999.0 -164.623430 -146.163437 -123.855013 -110.551946 -112.884456 -125.282737 -141.402478 -148.240003 -145.558580 -140.756419 -125.519688 -105.434224 -77.337029 -58.027108 -48.315375 -36.920265 -28.214866 -27.326301 -22.836776 -38.571150 -64.572843 -67.577212 -75.326691 -102.129172 -133.912559 -163.069537 -187.202903 -204.515453 -213.593701 -9999.0 -9999.0
-9999.0 -9999.0 -48.812994 -32.171804 -10.230734 17.503123 20.344607 -14.704267 -46.896902 -65.263582 -84.997375 -87.005837 -72.407250 -61.641203 -52.988200 -62.384229 -77.494776 -74.657719 -52.474965 -49.034023 -62.477263 -43.295240 -36.056727 -51.822450 -76.236762 -85.481712 -110.082726 -141.702720 -164.954015 -177.452715 -185.326372 -9999.0 -9999.0
-9999.0 -9999.0 34.262924 75.419376 101.395129 106.874367 106.981349 102.249057 55.881762 5.510257 -34.176065 -45.943591 -58.881918 -58.837803 -57.346226 -67.378720 -84.247482 -93.229652 -92.148167 -84.300210 -69.025789 -42.951379 -24.568749 -15.603758 -25.463708 -39.917456 -60.081452 -87.177903 -112.720903 -128.799467 -138.060858 -9999.0 -9999.0
-9999.0 -9999.0 105.005684 101.559741 109.405296 -800.000000 -800.000000 109.592024 106.658223 53.169284 8.646875 -32.454010 -53.201805 -60.331987 -64.034507 -74.647557 -93.375803 -113.117502 -113.944123 -93.211034 -66.452365 -37.994964 4.965931 -9.435484 6.299375 -32.452176 -34.815756 -50.518827 -57.707936 -74.002464 -82.630218 -9999.0 -9999.0
-9999.0 -9999.0 102.095084 109.427197 -800.000000 -800.000000 -800.000000 -800.000000 100.608325 64.241261 7.291973 -34.240848 -57.970478 -69.457849 -75.585144 -84.883714 -103.543550 -106.609143 -104.125321 -89.865204 -68.268512 -49.365473 -29.397222 -37.248393 -32.149072 -59.305089 -59.982798 -63.229081 -61.424345 -63.617756 -68.970655 -9999.0 -9999.0
-9999.0 -9999.0 101.674224 -800.000000 -800.000000 -800.000000 -800.000000 -800.000000 95.820734 27.211415 -14.677825 -54.637294 -79.234398 -91.824703 -96.058057 -94.814152 -86.106034 -80.790030 -82.517482 -85.696307 -78.894623 -77.280031 -94.988526 -91.077266 -111.855774 -119.740734 -113.781750 -94.885063 -72.900667 -52.219051 -58.696491 -9999.0 -9999.0
