erum2020/resources/simulation/Vinschgau/output-maps/ETN0843.asc
ncols         63
nrows         48
xllcorner     598000.000000
yllcorner     5145000.000000
cellsize      1000.000000
NODATA_value  -9999.0
[rows 0 to 27 of 48, columns 0 to 62 of 63]
-9999.0 -9999.0 -9999.0 -9999.0 -9999.0 -9999.0 -9999.0 -9999.0 -9999.0 -9999.0 -9999.0 -9999.0 -9999.0 -9999.0 -9999.0 -9999.0 -9999.0 -9999.0 -9999.0 -9999.0 -9999.0 -9999.0 -9999.0 -9999.0 -9999.0 -9999.0 -9999.0 -9999.0 -9999.0 -9999.0 -9999.0 -9999.0 -9999.0 -9999.0 -9999.0 -9999.0 -9999.0 -9999.0 -9999.0 -9999.0 -9999.0 -9999.0 -9999.0 -9999.0 -9999.0 -9999.0 -9999.0 -9999.0 -9999.0 -9999.0 -9999.0 -9999.0 -9999.0 -9999.0 -9999.0 -9999.0 -9999.0 -9999.0 -9999.0 -9999.0 -9999.0 -9999.0 -9999.0
-9999.0 -9999.0 -9999.0 -9999.0 -9999.0 -9999.0 -9999.0 -9999.0 -9999.0 -9999.0 -9999.0 -9999.0 -9999.0 -9999.0 -9999.0 -9999.0 -9999.0 -9999.0 -9999.0 -9999.0 -9999.0 -9999.0 -9999.0 -9999.0 -9999.0 -9999.0 -9999.0 -0.073010 -0.197724 -0.074128 -0.194681 -0.189895 -0.080127 -9999.0 -9999.0 -9999.0 -9999.0 -9999.0 -9999.0 -9999.0 -9999.0 -9999.0 -9999.0 -9999.0 -9999.0 -9999.0 -9999.0 -9999.0 -9999.0 -9999.0 -9999.0 -9999.0 -9999.0 -9999.0 -9999.0 -9999.0 -9999.0 -9999.0 -9999.0 -9999.0 -9999.0 -9999.0 -9999.0
-9999.0 -9999.0 -9999.0 -9999.0 -9999.0 -9999.0 -9999.0 -9999.0 -9999.0 -9999.0 -9999.0 -9999.0 -9999.0 -9999.0 -9999.0 -9999.0 -9999.0 -9999.0 -9999.0 -9999.0 -9999.0 -9999.0 -9999.0 -9999.0 -0.204483 -0.204382 -0.198551 -0.203703 -0.027253 -0.040696 -0.193799 -9999.0 -9999.0 -9999.0 -9999.0 -9999.0 -9999.0 -9999.0 -9999.0 -9999.0 -9999.0 -9999.0 -9999.0 -9999.0 -9999.0 -9999.0 -9999.0 -9999.0 -9999.0 -9999.0 -9999.0 -9999.0 -9999.0 -9999.0 -9999.0 -9999.0 -9999.0 -9999.0 -9999.0 -9999.0 -9999.0 -9999.0 -9999.0
-9999.0 -9999.0 -9999.0 -9999.0 -9999.0 -9999.0 -9999.0 -9999.0 -9999.0 -9999.0 -9999.0 -9999.0 -9999.0 -9999.0 -9999.0 -9999.0 -9999.0 -9999.0 -9999.0 -9999.0 -9999.0 -9999.0 -9999.0 -0.205277 -0.150351 0.188294 0.225054 0.176509 0.266231 -0.203394 -0.194396 -0.181425 -9999.0 -9999.0 -9999.0 -9999.0 -9999.0 -9999.0 -9999.0 -9999.0 -9999.0 -9999.0 -9999.0 -9999.0 -9999.0 -9999.0 -9999.0 -9999.0 -9999.0 -9999.0 -9999.0 -9999.0 -9999.0 -9999.0 -9999.0 -9999.0 -9999.0 -9999.0 -9999.0 -9999.0 -9999.0 -9999.0 -9999.0
-9999.0 -9999.0 -9999.0 -9999.0 -9999.0 -9999.0 -9999.0 -9999.0 -9999.0 -9999.0 -9999.0 -9999.0 -9999.0 -9999.0 -9999.0 -9999.0 -9999.0 -9999.0 0.079279 -0.178334 -9999.0 -0.201223 -0.153829 0.137574 0.171872 0.117916 0.064872 0.049288 0.104331 -0.115178 -0.202770 -0.195632 -0.069660 -0.057185 -9999.0 -9999.0 -9999.0 -9999.0 -9999.0 -9999.0 -9999.0 -9999.0 -9999.0 -9999.0 -9999.0 -9999.0 -9999.0 -9999.0 -9999.0 -9999.0 -9999.0 -9999.0 -9999.0 -9999.0 -9999.0 -9999.0 -9999.0 -9999.0 -9999.0 -9999.0 -9999.0 -9999.0 -9999.0
-9999.0 -9999.0 -9999.0 -9999.0 -9999.0 -9999.0 -9999.0 -9999.0 -9999.0 -9999.0 -9999.0 -9999.0 -9999.0 -9999.0 -9999.0 -9999.0 -9999.0 0.130798 0.249784 0.054017 -0.077965 -0.178446 -0.140532 0.012420 0.063582 -0.053814 -0.302433 -0.171070 -0.266822 0.044827 -0.055029 -0.017373 -0.017349 -0.073223 -0.063621 -0.059381 -9999.0 -9999.0 -9999.0 -9999.0 -9999.0 -9999.0 -9999.0 -9999.0 -9999.0 -9999.0 -9999.0 -9999.0 -9999.0 -9999.0 -9999.0 -9999.0 -9999.0 -9999.0 -9999.0 -9999.0 -9999.0 -9999.0 -9999.0 -9999.0 -9999.0 -9999.0 -9999.0
-9999.0 -9999.0 -9999.0 -9999.0 -9999.0 -9999.0 -9999.0 -9999.0 -9999.0 -9999.0 -9999.0 -9999.0 -9999.0 -0.134411 0.023325 0.206627 0.089228 0.015185 0.123363 0.099348 0.110142 0.096498 0.115047 0.064072 -0.097590 -0.160072 -0.084380 -0.226519 -0.226727 -0.179925 0.088112 -0.030741 -0.090599 -0.114566 -0.124558 -0.058315 -9999.0 -9999.0 -9999.0 -9999.0 -9999.0 -9999.0 -9999.0 -9999.0 -9999.0 -9999.0 -9999.0 -9999.0 -9999.0 -9999.0 -9999.0 -9999.0 -9999.0 -9999.0 -9999.0 -9999.0 -9999.0 -9999.0 -9999.0 -9999.0 -9999.0 -9999.0 -9999.0
-9999.0 -9999.0 -9999.0 -9999.0 -9999.0 -9999.0 -9999.0 -9999.0 -9999.0 -9999.0 -9999.0 -9999.0 -9999.0 -0.075559 0.180849 0.226574 0.108916 0.150631 0.005257 0.107569 0.082970 0.092420 0.284936 0.207925 0.311904 -0.073592 -0.200059 -0.074483 -0.072724 -0.225654 -0.224918 -0.197283 -0.067320 0.000000 -0.062550 -9999.0 -9999.0 -9999.0 -9999.0 -9999.0 -9999.0 -9999.0 -9999.0 -9999.0 -9999.0 -9999.0 -9999.0 -9999.0 -9999.0 -9999.0 -9999.0 -9999.0 -9999.0 -9999.0 -9999.0 -9999.0 -9999.0 -9999.0 -9999.0 -9999.0 -9999.0 -9999.0 -9999.0
-9999.0 -9999.0 -9999.0 -9999.0 -9999.0 -9999.0 -9999.0 -9999.0 -9999.0 -9999.0 -9999.0 -9999.0 -9999.0 0.165356 0.201592 0.191619 0.181097 0.109278 0.001822 0.102619 0.123856 0.005240 0.016316 -0.241398 0.029162 -0.029913 -0.076267 -0.071586 -0.189554 0.000000 -0.186386 0.000000 0.000000 0.000000 -0.057236 -9999.0 -9999.0 -9999.0 -9999.0 -9999.0 -9999.0 -9999.0 -9999.0 -9999.0 -9999.0 -9999.0 -9999.0 -9999.0 -9999.0 -9999.0 -9999.0 -9999.0 -9999.0 -9999.0 -9999.0 -9999.0 -9999.0 -9999.0 -9999.0 -9999.0 -9999.0 -9999.0 -9999.0
-9999.0 -9999.0 -9999.0 -9999.0 -9999.0 -9999.0 -9999.0 -9999.0 -9999.0 -9999.0 -9999.0 -9999.0 0.039440 0.177478 0.170908 0.071351 0.230256 0.228076 0.155836 0.025174 0.080210 -0.202113 -0.202369 -0.228949 0.099513 -0.200581 0.023938 -0.194825 -0.064811 -0.070126 0.000000 -0.068630 -0.179451 -0.054807 -9999.0 -9999.0 -9999.0 -9999.0 -9999.0 -9999.0 -9999.0 -9999.0 -9999.0 -9999.0 -9999.0 -9999.0 -9999.0 -9999.0 -9999.0 -9999.0 -9999.0 -9999.0 -9999.0 -9999.0 -9999.0 -9999.0 -9999.0 -9999.0 -9999.0 -9999.0 -9999.0 -9999.0 -9999.0
-9999.0 -9999.0 -9999.0 -9999.0 -9999.0 -9999.0 -9999.0 -9999.0 -9999.0 -9999.0 -9999.0 -0.127032 0.184083 0.283664 0.175425 -0.023997 0.044208 0.286206 0.190519 0.330628 0.201690 0.105953 -0.186707 -0.203222 -0.011418 -0.203451 -0.192416 -0.199711 -0.012742 -0.060194 -0.067711 -0.000579 -0.044658 -0.060916 -0.067167 -0.033624 -0.192244 -0.199729 -0.199431 -9999.0 -9999.0 -9999.0 -0.060265 -9999.0 -9999.0 -9999.0 -9999.0 -9999.0 -9999.0 -9999.0 -9999.0 -9999.0 -9999.0 -9999.0 -9999.0 -9999.0 -9999.0 -9999.0 -9999.0 -9999.0 -9999.0 -9999.0 -9999.0
-9999.0 -9999.0 -9999.0 -9999.0 -9999.0 -9999.0 -9999.0 -9999.0 -9999.0 -9999.0 -9999.0 -0.137347 0.238946 0.302591 0.294829 -0.131738 0.339481 0.207255 0.163537 0.163699 0.131478 -0.080885 -0.189296 -0.214593 -0.215300 -0.200449 -0.198845 -0.203753 -0.067988 -0.064488 -0.199593 -0.038591 -0.188676 -0.172253 -0.164088 -0.199672 -0.206866 -0.200912 -0.201707 -0.062132 -0.065258 -0.063468 -0.200183 -0.066493 -9999.0 -9999.0 -9999.0 -0.153613 -0.167219 -0.063704 -0.178229 -0.059167 -0.061245 -0.159141 -0.163821 -0.056319 -9999.0 -9999.0 -9999.0 -9999.0 -9999.0 -9999.0 -9999.0
-9999.0 -9999.0 -9999.0 -9999.0 -9999.0 -9999.0 -9999.0 -9999.0 -9999.0 -9999.0 -9999.0 0.098272 -0.142811 -0.055961 -0.030666 -0.060685 0.080591 0.332204 0.170589 0.157088 0.332789 -0.074287 -0.218953 -0.206513 -0.200417 -0.074410 -0.216611 -0.052121 -0.074094 -0.175900 -0.072668 -0.077470 -0.204505 -0.183826 -0.070028 -0.205170 -0.045229 -0.023715 -0.159639 -0.072753 -0.204308 -0.189827 -0.206692 -0.202384 -0.181750 -9999.0 -0.055072 -0.181261 -0.195453 -0.198500 -0.196653 -0.073402 -0.190356 -0.187246 -0.182696 -0.169743 -9999.0 -9999.0 -9999.0 -9999.0 -9999.0 -9999.0 -9999.0
-9999.0 -9999.0 -9999.0 -9999.0 -9999.0 -9999.0 -9999.0 -9999.0 -9999.0 -9999.0 -9999.0 -9999.0 -0.134925 0.000241 -0.081327 -0.078510 0.152784 0.261840 0.167157 0.165592 0.297816 -0.011749 -0.080947 -0.218985 -0.211833 -0.217140 0.154525 -0.202529 -0.198885 -0.070369 -0.199824 -0.064598 -0.203271 -0.195108 -0.188993 -0.202105 -0.217439 0.007460 -0.074049 -0.205687 -0.193546 -0.077723 -0.094962 -0.199061 -0.071802 -0.170643 -0.065162 -0.183215 -0.206869 -0.214649 -0.210201 -0.050632 0.006445 -0.011762 -0.081355 -0.186381 -0.179994 -9999.0 -9999.0 -9999.0 -9999.0 -9999.0 -9999.0
-9999.0 -9999.0 -9999.0 -9999.0 -9999.0 -9999.0 -9999.0 -9999.0 -9999.0 -9999.0 -9999.0 -0.225130 -0.210518 -0.149357 -0.112259 -0.078003 0.070163 0.297726 0.154436 0.350367 0.293763 0.233236 0.213957 -0.216366 -0.217880 -0.213824 -0.220604 -0.196393 -0.192384 -0.075593 -0.217888 -0.026336 0.036417 -0.197013 -0.165438 -0.200816 -0.201954 -0.221206 -0.100100 -0.134445 -0.223400 -0.164834 -0.051227 -0.083456 -0.171719 -0.196979 -0.201477 -0.074864 -0.075946 -0.206004 -0.076856 -0.194664 0.000000 0.000000 0.000000 0.000000 -0.065157 -9999.0 -9999.0 -9999.0 -9999.0 -9999.0 -9999.0
-9999.0 -9999.0 -9999.0 -9999.0 -9999.0 -9999.0 -9999.0 -9999.0 -9999.0 -9999.0 0.122278 -0.220329 -0.190115 -0.185511 -0.104885 0.081292 0.084906 0.039938 0.216713 0.349191 0.136768 0.072683 -0.300941 -0.136712 -0.157768 0.059561 -0.215930 -0.077540 -0.205735 -0.203626 0.088322 0.085754 -0.209359 -0.197044 -0.060976 -0.072801 -0.206643 -0.219533 -0.259518 -0.010177 0.002809 0.031481 0.042445 0.313076 -0.203111 -0.075660 -0.202861 -0.218535 -0.056378 -0.161788 0.000000 -0.066440 0.000000 0.000000 0.000000 -0.192979 -0.193468 -9999.0 -9999.0 -9999.0 -9999.0 -9999.0 -9999.0
-9999.0 -9999.0 -9999.0 -9999.0 -9999.0 -9999.0 -9999.0 -9999.0 -9999.0 -0.202787 -0.183975 0.136347 -0.066440 -0.223452 -0.055597 -0.125167 -0.210353 -0.019433 0.254264 0.212518 0.148562 0.139288 0.095392 0.022802 -0.059473 -0.303841 -0.216384 -0.204643 -0.224232 -0.153668 -0.048185 -0.298607 -0.074430 0.000000 -0.061560 -0.068731 0.003761 -0.215526 -0.220498 -0.212857 0.057731 -0.308817 -0.309116 0.260318 0.275471 -0.200185 -0.118874 -0.219576 -0.219359 -0.037804 -0.209138 -0.068285 0.000000 -0.055505 -0.062592 0.000000 0.000000 -0.069881 -0.064066 -9999.0 -9999.0 -9999.0 -9999.0
-9999.0 -9999.0 -9999.0 -9999.0 -9999.0 -9999.0 -9999.0 -9999.0 -9999.0 -0.023982 -0.192064 -0.199461 0.116350 -0.127928 -0.212021 -0.220991 -0.107829 0.038715 0.256228 0.158881 0.154673 0.122722 0.075744 -0.073895 -0.303104 -0.223184 -0.228878 -0.171721 0.018467 -0.082790 -0.145839 -0.301083 -0.204252 -0.184925 -0.199630 -0.071943 -0.074819 -0.076900 -0.203226 -0.194795 -0.221801 -0.217159 -0.220202 0.054400 0.331015 0.134302 0.123969 0.011728 -0.131927 -0.033501 -0.289817 -0.182569 -0.057274 -0.157246 -0.087936 0.000000 0.000000 0.000000 -0.074509 -9999.0 -9999.0 -9999.0 -9999.0
-9999.0 -9999.0 -9999.0 -9999.0 -9999.0 -9999.0 -9999.0 -9999.0 -9999.0 -9999.0 -0.190473 -0.199030 -0.187727 0.355769 -0.093225 -0.205557 -0.138563 0.130786 0.273456 0.215998 0.165372 0.256676 -0.069901 -0.290317 -0.220228 -0.213252 -0.044773 0.052511 -0.153598 -0.309138 -0.304520 -0.054921 -0.205132 -0.192650 -0.206445 -0.034071 -0.200296 -0.160233 -0.075142 -0.202881 -0.200291 -0.198952 0.069908 -0.202159 0.010032 0.065482 0.271947 0.086673 0.139067 -0.035845 -0.297607 -0.211925 -0.061766 -0.057968 -0.155958 -0.179040 -0.101618 -0.031048 -0.044262 -0.193164 -9999.0 -9999.0 -9999.0
-9999.0 -9999.0 -9999.0 -9999.0 -9999.0 -9999.0 -9999.0 -9999.0 -9999.0 -9999.0 -0.188421 -0.194526 -0.198862 -0.169551 0.058497 0.087730 0.038093 0.246544 0.317446 0.147991 0.124689 0.225451 -0.136832 -0.194200 -0.202034 -0.000438 0.076092 0.005689 -0.318429 -0.208845 -0.204370 -0.056621 0.000000 -0.183690 -0.203249 0.004447 0.130850 -0.218515 -0.216829 -0.194769 -0.204460 -0.031317 -0.049758 -0.209081 -0.161528 -0.303868 -0.157445 0.011293 0.341767 0.132515 -0.086836 -0.219597 -0.197569 -0.063686 -0.055050 -0.058140 -0.177994 -0.229998 0.328306 0.046586 -9999.0 -9999.0 -9999.0
-9999.0 -9999.0 -9999.0 -9999.0 -9999.0 -9999.0 -9999.0 -9999.0 -0.208051 -0.200193 -0.179493 -0.198706 -0.054302 -0.035566 -0.258943 0.324899 0.202024 0.134404 0.218835 0.110949 0.121957 0.189244 0.254114 0.218189 0.014654 0.131630 0.005266 -0.333799 -0.227528 -0.209322 0.000000 -0.204427 -0.204011 -0.186708 -0.205801 -0.206050 -0.135676 -0.043982 -0.302678 -0.072400 -0.076920 -0.210523 -0.079562 -0.074595 -0.077711 0.098830 -0.297793 -0.223141 0.037549 0.130668 -0.022663 -0.311636 -0.210864 -0.174039 -0.059690 -0.183331 -0.070537 -0.173877 0.003331 0.659243 -9999.0 -9999.0 -9999.0
-9999.0 -9999.0 -9999.0 -9999.0 -9999.0 -9999.0 -9999.0 -9999.0 0.052918 -0.218307 -0.211754 -0.183276 -0.195002 0.013249 -0.303589 0.059573 0.234698 0.238720 0.106312 0.122665 0.202212 0.213314 0.191267 0.149032 0.224027 0.273820 0.184500 -0.235803 -0.081943 -0.194067 -0.184584 -0.074114 -0.205448 -0.075567 -0.210232 -0.211442 0.056557 0.125911 -0.229200 -0.212922 -0.205156 0.000000 -0.076224 -0.209546 0.021757 -0.221398 -0.079080 -0.208140 -0.224782 0.273328 0.106301 -0.228587 -0.288195 -0.177251 -0.199617 0.000000 -0.236400 -0.176921 0.110094 0.210424 0.115299 -9999.0 -9999.0
-9999.0 -9999.0 -9999.0 -9999.0 -9999.0 -9999.0 -9999.0 -9999.0 -0.202478 0.000078 -0.197610 -0.202382 -0.086560 -0.080535 -0.223802 -0.304233 0.088545 0.137019 0.126867 0.184506 0.126070 0.205787 0.211655 0.165376 0.152019 0.277275 0.131337 -0.315380 -0.078623 -0.204458 -0.076525 -0.192651 -0.217812 -0.218638 -0.189879 0.020647 -0.122271 0.349206 -0.158437 -0.232543 -0.214194 -0.078029 -0.213178 -0.003736 -0.220723 -0.209305 -0.071731 -0.204626 -0.219400 -0.053648 0.315757 -0.059921 0.000000 -0.286998 0.000000 0.000000 0.029970 0.103110 0.173683 0.343415 0.214932 -9999.0 -9999.0
-9999.0 -9999.0 -9999.0 -9999.0 -9999.0 -9999.0 -9999.0 -9999.0 -0.067497 -0.209866 0.086016 -0.078410 -0.108086 -0.224408 -0.308725 0.118569 0.196862 0.148252 0.160412 0.126202 0.133791 0.150426 0.188735 0.122446 0.207506 0.226729 -0.268744 -0.304779 -0.206977 -0.223524 -0.222924 -0.224756 -0.143123 -0.083186 -0.226387 -0.161326 -0.021607 0.297310 0.213489 -0.196560 -0.218371 -0.205971 -0.203359 -0.078870 -0.207161 -0.076417 -0.206605 -0.078060 -0.205558 -0.228358 -0.026296 0.250625 -0.064861 0.000000 -0.047517 0.049579 0.114975 0.672634 0.435365 0.209175 0.168364 0.233646 -9999.0
-9999.0 -9999.0 -9999.0 -9999.0 -9999.0 -9999.0 -9999.0 -9999.0 -0.171447 -0.210937 0.093248 -0.309980 -0.317757 -0.264949 -0.076724 0.126238 0.109586 0.264492 0.210978 0.250189 0.158357 0.188141 0.139909 0.122819 0.108676 0.055733 -0.306223 -0.205622 -0.084355 -0.095849 -0.306458 -0.032496 0.139016 0.071849 -0.024947 0.060690 0.111665 0.346091 0.332000 0.107834 -0.006484 -0.040052 -0.012807 -0.117600 -0.223406 -0.174155 -0.223424 -0.164038 -0.227566 -0.060819 0.066003 0.147693 0.170217 0.036937 0.092683 0.129883 0.120020 0.161751 0.193198 0.171762 0.303935 0.221210 -9999.0
-9999.0 -9999.0 -0.198065 -0.205276 0.057683 -0.216772 -0.069359 -0.212765 -0.191440 -0.203729 -0.226414 0.157409 -0.228131 -0.004476 0.036041 0.091820 -0.068688 -0.302945 -0.220174 0.079963 0.235209 0.346322 0.263302 0.084550 0.127755 0.195995 0.036773 0.093081 0.318221 0.070050 -0.064390 0.171613 0.238444 0.333766 0.171030 0.301778 0.214312 0.372610 0.332775 0.273254 0.150075 0.169796 0.390150 0.142867 0.059055 -0.032846 0.115756 0.292688 0.125380 0.140213 0.138747 0.116162 0.103909 0.076234 0.067174 0.072123 0.104118 0.124299 0.127705 0.288001 0.069955 0.196778 -9999.0
-9999.0 -0.217030 -0.216644 -0.216812 -0.215880 -0.042548 -0.069821 -0.211487 -0.197580 -0.189976 -0.222890 -0.319227 0.114682 -0.033416 -0.023088 -0.322972 -0.226179 -0.219490 -0.219087 -0.013874 0.221730 0.349668 0.284079 0.496428 0.122904 0.123690 0.102808 0.119281 0.194450 0.175197 0.144092 0.157619 0.239431 0.210389 0.263276 0.284009 0.317889 0.292498 0.333289 0.276199 0.255138 0.274257 0.266027 0.339007 0.276228 0.277661 0.205591 0.367697 0.221586 0.486180 0.177556 0.140246 0.105154 0.066894 0.058463 0.049314 0.145899 0.189862 0.073344 0.002478 0.141169 0.194114 -9999.0
-9999.0 -0.060504 0.013067 -0.041852 -0.134052 0.020159 -0.294852 -0.204569 -0.187226 -0.183598 -0.216126 -0.317377 0.071224 -0.016499 -0.307106 -0.310015 -0.212149 -0.217654 -0.217928 -0.016076 0.049788 0.331218 0.347845 0.278474 0.146325 0.137790 0.065641 0.082844 0.236412 0.285160 0.126173 0.162743 0.299436 0.330865 0.274399 0.389104 0.292836 0.299512 0.434106 0.382211 0.390706 0.395040 0.360747 0.241495 0.092268 0.163103 0.278230 0.290428 0.262709 0.226655 0.155946 0.228542 0.165344 0.209830 0.144499 -0.257581 -0.171110 -0.275620 -0.221038 -0.317255 -0.198424 -9999.0 -9999.0
