erum2020/resources/simulation/Vinschgau/output-maps/ETN0643.asc
ncols         63
nrows         48
xllcorner     598000.000000
yllcorner     5145000.000000
cellsize      1000.000000
NODATA_value  -9999.0
[rows 0 to 28 of 48, columns 0 to 62 of 63]
-9999.0 -9999.0 -9999.0 -9999.0 -9999.0 -9999.0 -9999.0 -9999.0 -9999.0 -9999.0 -9999.0 -9999.0 -9999.0 -9999.0 -9999.0 -9999.0 -9999.0 -9999.0 -9999.0 -9999.0 -9999.0 -9999.0 -9999.0 -9999.0 -9999.0 -9999.0 -9999.0 -9999.0 -9999.0 -9999.0 -9999.0 -9999.0 -9999.0 -9999.0 -9999.0 -9999.0 -9999.0 -9999.0 -9999.0 -9999.0 -9999.0 -9999.0 -9999.0 -9999.0 -9999.0 -9999.0 -9999.0 -9999.0 -9999.0 -9999.0 -9999.0 -9999.0 -9999.0 -9999.0 -9999.0 -9999.0 -9999.0 -9999.0 -9999.0 -9999.0 -9999.0 -9999.0 -9999.0
-9999.0 -9999.0 -9999.0 -9999.0 -9999.0 -9999.0 -9999.0 -9999.0 -9999.0 -9999.0 -9999.0 -9999.0 -9999.0 -9999.0 -9999.0 -9999.0 -9999.0 -9999.0 -9999.0 -9999.0 -9999.0 -9999.0 -9999.0 -9999.0 -9999.0 -9999.0 -9999.0 0.474612 0.899832 0.493488 0.792228 0.656564 0.931775 -9999.0 -9999.0 -9999.0 -9999.0 -9999.0 -9999.0 -9999.0 -9999.0 -9999.0 -9999.0 -9999.0 -9999.0 -9999.0 -9999.0 -9999.0 -9999.0 -9999.0 -9999.0 -9999.0 -9999.0 -9999.0 -9999.0 -9999.0 -9999.0 -9999.0 -9999.0 -9999.0 -9999.0 -9999.0 -9999.0
-9999.0 -9999.0 -9999.0 -9999.0 -9999.0 -9999.0 -9999.0 -9999.0 -9999.0 -9999.0 -9999.0 -9999.0 -9999.0 -9999.0 -9999.0 -9999.0 -9999.0 -9999.0 -9999.0 -9999.0 -9999.0 -9999.0 -9999.0 -9999.0 0.935930 0.960401 0.997557 0.935042 0.973710 1.374816 0.818414 -9999.0 -9999.0 -9999.0 -9999.0 -9999.0 -9999.0 -9999.0 -9999.0 -9999.0 -9999.0 -9999.0 -9999.0 -9999.0 -9999.0 -9999.0 -9999.0 -9999.0 -9999.0 -9999.0 -9999.0 -9999.0 -9999.0 -9999.0 -9999.0 -9999.0 -9999.0 -9999.0 -9999.0 -9999.0 -9999.0 -9999.0 -9999.0
-9999.0 -9999.0 -9999.0 -9999.0 -9999.0 -9999.0 -9999.0 -9999.0 -9999.0 -9999.0 -9999.0 -9999.0 -9999.0 -9999.0 -9999.0 -9999.0 -9999.0 -9999.0 -9999.0 -9999.0 -9999.0 -9999.0 -9999.0 0.967652 0.998770 0.972948 0.277173 0.150011 1.799755 0.962604 0.914652 0.855375 -9999.0 -9999.0 -9999.0 -9999.0 -9999.0 -9999.0 -9999.0 -9999.0 -9999.0 -9999.0 -9999.0 -9999.0 -9999.0 -9999.0 -9999.0 -9999.0 -9999.0 -9999.0 -9999.0 -9999.0 -9999.0 -9999.0 -9999.0 -9999.0 -9999.0 -9999.0 -9999.0 -9999.0 -9999.0 -9999.0 -9999.0
-9999.0 -9999.0 -9999.0 -9999.0 -9999.0 -9999.0 -9999.0 -9999.0 -9999.0 -9999.0 -9999.0 -9999.0 -9999.0 -9999.0 -9999.0 -9999.0 -9999.0 -9999.0 1.143586 1.087449 -9999.0 0.926934 0.991452 1.204656 0.717201 0.146735 0.994210 1.062390 1.112465 1.015248 1.004932 0.941669 0.492516 0.454044 -9999.0 -9999.0 -9999.0 -9999.0 -9999.0 -9999.0 -9999.0 -9999.0 -9999.0 -9999.0 -9999.0 -9999.0 -9999.0 -9999.0 -9999.0 -9999.0 -9999.0 -9999.0 -9999.0 -9999.0 -9999.0 -9999.0 -9999.0 -9999.0 -9999.0 -9999.0 -9999.0 -9999.0 -9999.0
-9999.0 -9999.0 -9999.0 -9999.0 -9999.0 -9999.0 -9999.0 -9999.0 -9999.0 -9999.0 -9999.0 -9999.0 -9999.0 -9999.0 -9999.0 -9999.0 -9999.0 0.809723 1.475397 0.629720 0.555665 1.406707 1.237454 0.651892 1.100177 0.850490 1.068800 1.440384 0.678691 1.218180 1.068140 1.399081 1.478822 0.473563 1.239256 1.113905 -9999.0 -9999.0 -9999.0 -9999.0 -9999.0 -9999.0 -9999.0 -9999.0 -9999.0 -9999.0 -9999.0 -9999.0 -9999.0 -9999.0 -9999.0 -9999.0 -9999.0 -9999.0 -9999.0 -9999.0 -9999.0 -9999.0 -9999.0 -9999.0 -9999.0 -9999.0 -9999.0
-9999.0 -9999.0 -9999.0 -9999.0 -9999.0 -9999.0 -9999.0 -9999.0 -9999.0 -9999.0 -9999.0 -9999.0 -9999.0 0.841924 1.500103 0.919785 0.839073 0.359242 0.824179 1.167739 1.280776 1.186272 0.716339 1.210097 0.951274 0.743172 0.424098 1.191209 1.196082 1.011558 1.284880 0.983473 1.130768 0.861542 1.020381 0.664163 -9999.0 -9999.0 -9999.0 -9999.0 -9999.0 -9999.0 -9999.0 -9999.0 -9999.0 -9999.0 -9999.0 -9999.0 -9999.0 -9999.0 -9999.0 -9999.0 -9999.0 -9999.0 -9999.0 -9999.0 -9999.0 -9999.0 -9999.0 -9999.0 -9999.0 -9999.0 -9999.0
-9999.0 -9999.0 -9999.0 -9999.0 -9999.0 -9999.0 -9999.0 -9999.0 -9999.0 -9999.0 -9999.0 -9999.0 -9999.0 0.938662 1.584151 0.912047 0.885197 1.024532 0.330452 0.999249 0.649824 1.148807 1.162374 0.826286 1.187218 1.404848 0.930109 1.070312 0.333719 1.058871 1.314352 0.860465 0.947428 0.862788 0.973437 -9999.0 -9999.0 -9999.0 -9999.0 -9999.0 -9999.0 -9999.0 -9999.0 -9999.0 -9999.0 -9999.0 -9999.0 -9999.0 -9999.0 -9999.0 -9999.0 -9999.0 -9999.0 -9999.0 -9999.0 -9999.0 -9999.0 -9999.0 -9999.0 -9999.0 -9999.0 -9999.0 -9999.0
-9999.0 -9999.0 -9999.0 -9999.0 -9999.0 -9999.0 -9999.0 -9999.0 -9999.0 -9999.0 -9999.0 -9999.0 -9999.0 1.558052 1.681678 1.440423 0.976251 0.847767 0.294334 1.111808 1.019817 0.514078 1.387175 1.174046 1.687137 1.761852 1.387553 0.336036 0.911107 0.281060 0.926788 -0.193060 0.881829 0.697049 0.896670 -9999.0 -9999.0 -9999.0 -9999.0 -9999.0 -9999.0 -9999.0 -9999.0 -9999.0 -9999.0 -9999.0 -9999.0 -9999.0 -9999.0 -9999.0 -9999.0 -9999.0 -9999.0 -9999.0 -9999.0 -9999.0 -9999.0 -9999.0 -9999.0 -9999.0 -9999.0 -9999.0 -9999.0
-9999.0 -9999.0 -9999.0 -9999.0 -9999.0 -9999.0 -9999.0 -9999.0 -9999.0 -9999.0 -9999.0 -9999.0 1.322838 1.643941 1.597891 1.700555 1.364030 0.930719 1.009577 0.532436 1.140537 1.375566 0.960308 1.204142 1.616773 0.658423 1.372041 0.842512 1.352771 1.006322 0.513490 1.243769 1.239520 1.161139 -9999.0 -9999.0 -9999.0 -9999.0 -9999.0 -9999.0 -9999.0 -9999.0 -9999.0 -9999.0 -9999.0 -9999.0 -9999.0 -9999.0 -9999.0 -9999.0 -9999.0 -9999.0 -9999.0 -9999.0 -9999.0 -9999.0 -9999.0 -9999.0 -9999.0 -9999.0 -9999.0 -9999.0 -9999.0
-9999.0 -9999.0 -9999.0 -9999.0 -9999.0 -9999.0 -9999.0 -9999.0 -9999.0 -9999.0 -9999.0 1.156958 1.495939 1.634259 1.624665 0.787305 0.435092 1.585701 1.063839 1.084596 1.098089 1.933294 1.316530 0.686398 1.216915 1.181989 0.574317 1.195740 1.280471 0.256889 1.164239 1.194995 1.253741 0.678028 0.365723 0.435709 0.534218 0.202687 -0.189121 -9999.0 -9999.0 -9999.0 0.417395 -9999.0 -9999.0 -9999.0 -9999.0 -9999.0 -9999.0 -9999.0 -9999.0 -9999.0 -9999.0 -9999.0 -9999.0 -9999.0 -9999.0 -9999.0 -9999.0 -9999.0 -9999.0 -9999.0 -9999.0
-9999.0 -9999.0 -9999.0 -9999.0 -9999.0 -9999.0 -9999.0 -9999.0 -9999.0 -9999.0 -9999.0 1.264929 1.506990 1.758447 1.878484 0.641432 1.778786 0.734120 0.995023 1.302329 1.165597 1.029775 1.299972 0.843704 0.868885 1.149797 0.855580 1.263222 1.222396 0.340922 1.183923 1.324619 0.938638 0.914548 0.718814 0.683192 0.036626 0.023171 0.059375 0.329646 0.483522 0.396199 0.812631 0.430909 -9999.0 -9999.0 -9999.0 0.815714 0.778533 1.217171 1.293758 0.517776 1.335387 0.912315 1.243998 1.172436 -9999.0 -9999.0 -9999.0 -9999.0 -9999.0 -9999.0 -9999.0
-9999.0 -9999.0 -9999.0 -9999.0 -9999.0 -9999.0 -9999.0 -9999.0 -9999.0 -9999.0 -9999.0 1.300222 0.651817 0.863209 1.255481 0.789919 0.833189 1.075338 1.238349 1.310802 1.419246 1.136869 0.976525 1.413412 1.042227 0.442397 0.935511 0.767346 1.182532 0.894064 0.987107 0.680251 0.997762 0.815811 0.408318 0.431695 0.039854 0.003398 -0.008958 0.032840 0.077390 0.478879 0.752092 0.943504 0.849394 -9999.0 0.374606 1.105890 1.235542 1.376471 1.438329 1.518470 1.473246 1.407265 1.367096 1.325499 -9999.0 -9999.0 -9999.0 -9999.0 -9999.0 -9999.0 -9999.0
-9999.0 -9999.0 -9999.0 -9999.0 -9999.0 -9999.0 -9999.0 -9999.0 -9999.0 -9999.0 -9999.0 -9999.0 1.078599 0.904280 1.019709 0.906861 0.717659 0.941066 1.135414 1.322637 1.218283 1.256213 1.184457 1.161709 0.956988 0.961296 1.508256 1.112469 1.191497 1.274641 1.229843 0.804723 0.962894 0.852830 0.625095 0.406468 0.030734 -0.025702 -0.007470 0.036352 0.018316 0.349101 0.526442 0.995423 0.485164 0.874107 0.442007 0.742333 0.725224 0.997947 0.857855 0.615534 1.040067 0.566457 0.585827 0.977239 1.251986 -9999.0 -9999.0 -9999.0 -9999.0 -9999.0 -9999.0
-9999.0 -9999.0 -9999.0 -9999.0 -9999.0 -9999.0 -9999.0 -9999.0 -9999.0 -9999.0 -9999.0 1.014290 0.669981 1.097154 1.090074 1.080883 0.906340 0.839600 1.068544 1.554678 1.261188 1.289179 1.096074 0.889095 1.026093 0.993192 0.920559 1.007851 0.860308 1.275434 0.937553 0.968847 1.431426 0.824612 0.578553 0.626104 0.058216 -0.024607 0.025843 -0.026481 0.019988 0.102789 0.882468 0.325822 1.081314 0.883388 1.262861 0.505769 0.479106 0.558974 0.439211 0.956510 0.625707 0.359967 0.391790 0.271024 1.265245 -9999.0 -9999.0 -9999.0 -9999.0 -9999.0 -9999.0
-9999.0 -9999.0 -9999.0 -9999.0 -9999.0 -9999.0 -9999.0 -9999.0 -9999.0 -9999.0 1.074507 1.068929 1.011565 0.891463 0.928714 1.167987 0.996315 0.660868 1.168287 1.493454 1.753128 1.439474 0.614247 1.025454 1.187073 0.925037 0.787693 0.598460 1.351038 1.345360 0.990528 0.862658 1.134086 1.069724 0.330813 0.354587 0.425992 0.068020 -0.006963 0.019680 0.016981 0.175689 0.253940 0.913606 0.886692 0.505154 0.905787 0.847356 1.053691 0.884057 0.269333 1.007856 0.387457 -0.266610 0.931205 1.208898 1.322505 -9999.0 -9999.0 -9999.0 -9999.0 -9999.0 -9999.0
-9999.0 -9999.0 -9999.0 -9999.0 -9999.0 -9999.0 -9999.0 -9999.0 -9999.0 1.009509 1.026769 0.839842 1.178753 0.901431 1.033419 0.977560 0.631293 0.959716 1.121374 1.276977 1.408816 1.026446 0.815258 1.177997 0.822083 0.523090 0.898734 1.338765 1.008182 1.150751 1.080396 0.460578 0.896423 0.409581 0.399171 0.356021 0.638540 0.605079 0.405619 0.563953 0.417931 0.332384 0.183491 0.343567 0.571214 0.913764 1.117834 0.915675 0.799727 0.912692 0.861650 1.253732 0.795004 0.280063 1.112934 0.712401 0.955308 0.493494 0.473789 -9999.0 -9999.0 -9999.0 -9999.0
-9999.0 -9999.0 -9999.0 -9999.0 -9999.0 -9999.0 -9999.0 -9999.0 -9999.0 1.163624 1.021253 0.991514 1.354995 1.026376 0.962203 0.813151 0.961439 0.970404 1.216056 1.254389 1.294606 1.358330 0.978072 1.382900 0.564940 0.835169 0.857305 0.919758 0.986128 0.723161 1.140435 0.525224 1.087289 0.803021 1.217549 0.491902 0.478543 0.493828 0.604870 0.651522 0.481383 0.406731 0.668311 0.634129 0.824406 1.067282 1.122619 1.013733 0.893595 0.778981 0.363880 0.739359 1.172768 1.075860 0.880737 0.673378 0.759630 1.065461 0.559331 -9999.0 -9999.0 -9999.0 -9999.0
-9999.0 -9999.0 -9999.0 -9999.0 -9999.0 -9999.0 -9999.0 -9999.0 -9999.0 -9999.0 1.072997 1.047965 0.805405 1.231575 0.968649 0.968754 0.908194 1.058236 1.289218 1.292972 1.199588 1.027412 1.113911 0.795147 0.811670 0.861155 0.972112 1.175445 1.165308 0.519851 0.454169 0.880825 0.701881 0.984144 1.295251 1.391972 0.987253 1.017434 0.460302 0.683881 0.454988 0.821144 0.852354 0.526992 0.399246 0.553409 0.549825 0.773072 1.204859 1.089780 0.557806 0.850461 1.353823 1.109536 0.831986 0.931931 0.852627 0.813767 1.126084 0.953045 -9999.0 -9999.0 -9999.0
-9999.0 -9999.0 -9999.0 -9999.0 -9999.0 -9999.0 -9999.0 -9999.0 -9999.0 -9999.0 1.045751 1.058984 0.722930 0.854405 1.150267 0.857366 0.828529 1.259669 0.924039 1.257737 1.159551 1.220478 1.112968 1.204940 0.943475 0.880219 1.137527 0.766409 0.577159 0.540863 0.913041 1.021518 0.592945 0.701251 0.611263 0.818325 1.031357 0.891668 0.846581 0.721393 0.743194 1.083322 0.493981 0.628069 0.686040 0.353828 0.641214 0.437971 0.718443 1.167107 1.010612 0.800423 0.966372 1.289811 0.435075 0.453183 0.530396 0.484602 1.058140 1.327834 -9999.0 -9999.0 -9999.0
-9999.0 -9999.0 -9999.0 -9999.0 -9999.0 -9999.0 -9999.0 -9999.0 1.471117 0.984702 0.795100 0.932676 0.723107 0.833531 0.628519 1.122992 0.762201 1.209445 1.114395 1.194562 1.169367 1.467740 1.451528 1.215264 1.126607 0.678349 1.005406 0.491977 0.798751 0.755250 -0.276454 0.907327 1.134990 0.733479 1.083249 0.485067 0.753440 1.060339 0.446912 0.450297 1.045936 0.903829 0.424002 0.284255 0.481822 0.981659 0.405921 0.566618 0.451021 0.819687 1.268298 0.597098 0.976743 0.851401 0.456562 0.976417 0.506074 0.976441 0.872243 1.454398 -9999.0 -9999.0 -9999.0
-9999.0 -9999.0 -9999.0 -9999.0 -9999.0 -9999.0 -9999.0 -9999.0 0.719612 1.073691 0.916571 0.607186 0.621822 0.641390 0.523917 0.730049 0.876271 0.870834 0.877749 1.155500 1.182633 1.521424 1.600272 1.499640 0.912824 1.376573 1.069285 0.952870 0.502865 1.353920 1.265121 1.325397 1.322134 0.916865 1.261254 0.877838 1.274663 1.174413 0.792470 0.923426 0.706389 0.444595 0.336554 0.855304 1.274019 0.826198 0.247641 0.677801 0.496285 0.791619 1.177906 1.189119 0.631596 0.889029 1.028756 0.577812 0.844203 0.857188 0.982769 1.292726 1.305807 -9999.0 -9999.0
-9999.0 -9999.0 -9999.0 -9999.0 -9999.0 -9999.0 -9999.0 -9999.0 0.869456 1.063160 1.097903 0.568009 1.155709 0.388539 0.839116 0.499105 0.869297 0.966175 0.735027 1.032492 1.319040 1.442709 1.526199 1.511881 1.378464 1.271911 1.009876 0.619210 0.618513 1.481096 1.426451 1.455780 1.016186 0.851736 1.420707 1.585118 -0.585145 0.671227 0.623734 0.930043 1.364380 0.418319 0.940189 1.034857 0.757027 0.982849 0.493720 0.858443 0.483945 0.416726 1.008723 1.114360 0.506278 0.372036 0.820276 0.985259 1.102695 1.161035 1.284328 1.330267 1.304204 -9999.0 -9999.0
-9999.0 -9999.0 -9999.0 -9999.0 -9999.0 -9999.0 -9999.0 -9999.0 0.875740 1.037950 1.019099 0.247045 1.304161 0.738154 0.421338 0.827309 0.855249 0.767251 0.862856 1.074165 1.160671 1.288136 1.350262 1.254434 0.918238 1.005246 0.802375 0.533009 0.997701 0.992647 1.025069 1.022470 0.980870 1.191294 0.911946 0.984649 0.952960 0.786380 -1.911401 0.831258 0.942297 0.940254 0.947255 0.540820 0.959743 0.492844 0.985806 0.545599 0.914647 0.748509 0.566641 1.042348 1.144317 0.887530 0.987735 1.144135 1.245558 2.026939 1.630708 1.299903 1.179002 0.980442 -9999.0
-9999.0 -9999.0 -9999.0 -9999.0 -9999.0 -9999.0 -9999.0 -9999.0 0.736792 1.018794 0.504291 0.359568 0.478935 0.527635 1.134974 1.028876 0.838211 1.035488 0.818746 0.893946 0.745221 1.064882 1.024990 0.938065 1.097898 0.898282 0.692645 0.947912 1.056764 1.311553 0.591555 1.135797 1.156838 1.271551 -0.450910 -0.537009 0.897026 0.919458 0.938381 1.004243 0.934870 0.722883 1.067202 0.796394 0.879748 1.033107 0.866071 0.860478 0.828914 0.907345 1.040974 0.696602 0.974612 1.160920 1.368810 1.454592 1.261651 1.268647 1.261768 1.198990 1.091952 0.942387 -9999.0
-9999.0 -9999.0 1.014528 1.045272 1.096155 0.922806 1.181656 1.053154 1.251347 1.031885 0.445024 0.797137 0.565955 0.935795 1.169792 0.717769 0.538029 0.501881 0.630394 0.783437 0.716726 0.762770 1.358545 0.796963 1.086258 0.793148 0.923702 0.941681 1.183786 1.300250 0.903161 0.851496 1.345791 1.081797 1.399636 0.876631 1.141482 1.116583 0.921838 0.693413 1.042094 1.072133 0.986413 1.154661 0.670804 0.974557 1.115085 1.261741 1.145757 1.198472 1.017596 1.239358 1.293375 1.243251 1.142214 1.033726 1.240642 1.106533 0.983186 0.922261 0.973125 0.949624 -9999.0
-9999.0 1.152814 1.113752 1.093092 1.021607 1.234834 1.093528 0.922399 0.848769 1.013871 0.608490 0.313608 0.641326 1.282081 0.865271 0.267353 0.680741 0.728481 0.830468 0.839109 0.748352 1.160850 1.254558 1.149922 1.012410 0.986690 1.227250 1.189183 1.402965 1.394520 1.010030 1.209517 1.598326 1.909713 1.356485 1.322077 1.302283 1.002492 1.328388 1.274215 1.237031 1.312275 1.644590 1.221016 1.079261 1.145964 1.315067 1.442231 1.382917 1.194522 1.243278 1.172874 1.279136 1.256546 1.194911 0.858728 0.922249 0.950418 0.816847 0.872393 0.853837 0.919303 -9999.0
-9999.0 1.297448 1.446963 1.199573 1.366931 1.479696 0.829277 0.910873 0.964703 0.903115 0.657202 0.375866 0.471728 0.874388 0.225144 0.295764 0.683071 0.671245 1.075776 1.134599 1.130369 1.512727 1.461171 1.314310 0.944604 0.918185 0.508407 1.002632 1.381133 0.402538 0.223847 0.228160 1.849066 1.437135 1.465071 1.369605 1.063761 1.175731 1.414463 1.365236 1.488410 1.833688 1.544067 0.780572 0.487308 0.296689 1.240052 1.529387 1.349277 1.363437 1.167148 1.084863 0.883663 1.296317 0.711775 0.732144 0.797307 0.709249 0.625691 0.700333 0.713283 -9999.0 -9999.0
-9999.0 1.257974 1.137225 1.508248 1.358891 1.795634 1.367683 0.910061 0.966322 0.852688 0.810337 0.656392 0.821120 1.058936 0.295591 0.365855 0.662943 0.727598 0.695287 0.973481 0.722494 0.681709 0.619502 0.890225 1.111907 1.349933 1.446054 1.472621 0.978526 1.376153 0.780889 0.543780 1.559070 1.477464 1.416645 1.233366 1.263893 0.996473 1.226192 1.294508 1.413322 1.302584 1.579698 0.933492 0.893902 1.626481 1.427213 1.363591 1.172519 1.478999 0.932863 0.868935 0.803290 0.957781 0.685890 0.637042 0.591569 0.576392 0.587326 -9999.0 -9999.0 -9999.0 -9999.0
