erum2020/resources/simulation/Vinschgau/output-maps/ETN0723.asc
ncols         63
nrows         48
xllcorner     598000.000000
yllcorner     5145000.000000
cellsize      1000.000000
NODATA_value  -9999.0
[rows 0 to 28 of 48, columns 0 to 62 of 63]
-9999.0 -9999.0 -9999.0 -9999.0 -9999.0 -9999.0 -9999.0 -9999.0 -9999.0 -9999.0 -9999.0 -9999.0 -9999.0 -9999.0 -9999.0 -9999.0 -9999.0 -9999.0 -9999.0 -9999.0 -9999.0 -9999.0 -9999.0 -9999.0 -9999.0 -9999.0 -9999.0 -9999.0 -9999.0 -9999.0 -9999.0 -9999.0 -9999.0 -9999.0 -9999.0 -9999.0 -9999.0 -9999.0 -9999.0 -9999.0 -9999.0 -9999.0 -9999.0 -9999.0 -9999.0 -9999.0 -9999.0 -9999.0 -9999.0 -9999.0 -9999.0 -9999.0 -9999.0 -9999.0 -9999.0 -9999.0 -9999.0 -9999.0 -9999.0 -9999.0 -9999.0 -9999.0 -9999.0
-9999.0 -9999.0 -9999.0 -9999.0 -9999.0 -9999.0 -9999.0 -9999.0 -9999.0 -9999.0 -9999.0 -9999.0 -9999.0 -9999.0 -9999.0 -9999.0 -9999.0 -9999.0 -9999.0 -9999.0 -9999.0 -9999.0 -9999.0 -9999.0 -9999.0 -9999.0 -9999.0 1.144312 1.186009 1.304782 0.829658 0.229692 0.349288 -9999.0 -9999.0 -9999.0 -9999.0 -9999.0 -9999.0 -9999.0 -9999.0 -9999.0 -9999.0 -9999.0 -9999.0 -9999.0 -9999.0 -9999.0 -9999.0 -9999.0 -9999.0 -9999.0 -9999.0 -9999.0 -9999.0 -9999.0 -9999.0 -9999.0 -9999.0 -9999.0 -9999.0 -9999.0 -9999.0
-9999.0 -9999.0 -9999.0 -9999.0 -9999.0 -9999.0 -9999.0 -9999.0 -9999.0 -9999.0 -9999.0 -9999.0 -9999.0 -9999.0 -9999.0 -9999.0 -9999.0 -9999.0 -9999.0 -9999.0 -9999.0 -9999.0 -9999.0 -9999.0 1.104351 1.305801 1.458290 1.309147 1.274409 1.291666 0.907552 -9999.0 -9999.0 -9999.0 -9999.0 -9999.0 -9999.0 -9999.0 -9999.0 -9999.0 -9999.0 -9999.0 -9999.0 -9999.0 -9999.0 -9999.0 -9999.0 -9999.0 -9999.0 -9999.0 -9999.0 -9999.0 -9999.0 -9999.0 -9999.0 -9999.0 -9999.0 -9999.0 -9999.0 -9999.0 -9999.0 -9999.0 -9999.0
-9999.0 -9999.0 -9999.0 -9999.0 -9999.0 -9999.0 -9999.0 -9999.0 -9999.0 -9999.0 -9999.0 -9999.0 -9999.0 -9999.0 -9999.0 -9999.0 -9999.0 -9999.0 -9999.0 -9999.0 -9999.0 -9999.0 -9999.0 1.215318 1.361664 1.662562 1.694779 1.665667 2.041273 1.407396 1.320820 1.036973 -9999.0 -9999.0 -9999.0 -9999.0 -9999.0 -9999.0 -9999.0 -9999.0 -9999.0 -9999.0 -9999.0 -9999.0 -9999.0 -9999.0 -9999.0 -9999.0 -9999.0 -9999.0 -9999.0 -9999.0 -9999.0 -9999.0 -9999.0 -9999.0 -9999.0 -9999.0 -9999.0 -9999.0 -9999.0 -9999.0 -9999.0
-9999.0 -9999.0 -9999.0 -9999.0 -9999.0 -9999.0 -9999.0 -9999.0 -9999.0 -9999.0 -9999.0 -9999.0 -9999.0 -9999.0 -9999.0 -9999.0 -9999.0 -9999.0 1.559280 1.484671 -9999.0 1.120197 1.270940 1.766742 0.714997 1.483913 0.648663 0.642584 2.032676 1.874215 1.494256 1.229324 1.438845 1.402902 -9999.0 -9999.0 -9999.0 -9999.0 -9999.0 -9999.0 -9999.0 -9999.0 -9999.0 -9999.0 -9999.0 -9999.0 -9999.0 -9999.0 -9999.0 -9999.0 -9999.0 -9999.0 -9999.0 -9999.0 -9999.0 -9999.0 -9999.0 -9999.0 -9999.0 -9999.0 -9999.0 -9999.0 -9999.0
-9999.0 -9999.0 -9999.0 -9999.0 -9999.0 -9999.0 -9999.0 -9999.0 -9999.0 -9999.0 -9999.0 -9999.0 -9999.0 -9999.0 -9999.0 -9999.0 -9999.0 2.067353 2.022987 1.412601 1.603656 0.775761 1.663877 0.629623 1.357640 1.636002 1.411202 1.146128 1.223467 0.287155 1.499022 1.391949 1.616566 1.417600 1.072069 0.213205 -9999.0 -9999.0 -9999.0 -9999.0 -9999.0 -9999.0 -9999.0 -9999.0 -9999.0 -9999.0 -9999.0 -9999.0 -9999.0 -9999.0 -9999.0 -9999.0 -9999.0 -9999.0 -9999.0 -9999.0 -9999.0 -9999.0 -9999.0 -9999.0 -9999.0 -9999.0 -9999.0
-9999.0 -9999.0 -9999.0 -9999.0 -9999.0 -9999.0 -9999.0 -9999.0 -9999.0 -9999.0 -9999.0 -9999.0 -9999.0 0.936309 1.388862 0.942876 1.702500 0.431283 1.892543 1.745860 0.702892 0.626909 0.597159 1.302353 1.301397 0.627383 0.687251 0.905534 0.973374 0.912223 0.964770 0.514547 0.749443 -0.017793 0.255725 0.073662 -9999.0 -9999.0 -9999.0 -9999.0 -9999.0 -9999.0 -9999.0 -9999.0 -9999.0 -9999.0 -9999.0 -9999.0 -9999.0 -9999.0 -9999.0 -9999.0 -9999.0 -9999.0 -9999.0 -9999.0 -9999.0 -9999.0 -9999.0 -9999.0 -9999.0 -9999.0 -9999.0
-9999.0 -9999.0 -9999.0 -9999.0 -9999.0 -9999.0 -9999.0 -9999.0 -9999.0 -9999.0 -9999.0 -9999.0 -9999.0 1.134158 1.481962 1.652487 1.448655 1.063806 0.488029 1.599824 0.918166 0.262384 0.949224 1.359095 0.900350 0.447619 1.269130 0.581772 0.210296 0.437854 1.191523 0.000000 -0.003632 0.000000 -0.002038 -9999.0 -9999.0 -9999.0 -9999.0 -9999.0 -9999.0 -9999.0 -9999.0 -9999.0 -9999.0 -9999.0 -9999.0 -9999.0 -9999.0 -9999.0 -9999.0 -9999.0 -9999.0 -9999.0 -9999.0 -9999.0 -9999.0 -9999.0 -9999.0 -9999.0 -9999.0 -9999.0 -9999.0
-9999.0 -9999.0 -9999.0 -9999.0 -9999.0 -9999.0 -9999.0 -9999.0 -9999.0 -9999.0 -9999.0 -9999.0 -9999.0 1.578854 1.474217 1.463548 1.564547 0.818767 0.379410 1.176493 1.122411 0.077517 1.120086 0.707673 1.420437 1.557580 1.296916 0.096631 1.298026 0.000000 -0.001217 0.000000 0.000000 0.000000 0.000000 -9999.0 -9999.0 -9999.0 -9999.0 -9999.0 -9999.0 -9999.0 -9999.0 -9999.0 -9999.0 -9999.0 -9999.0 -9999.0 -9999.0 -9999.0 -9999.0 -9999.0 -9999.0 -9999.0 -9999.0 -9999.0 -9999.0 -9999.0 -9999.0 -9999.0 -9999.0 -9999.0 -9999.0
-9999.0 -9999.0 -9999.0 -9999.0 -9999.0 -9999.0 -9999.0 -9999.0 -9999.0 -9999.0 -9999.0 -9999.0 1.449481 1.341077 1.502958 0.631804 0.814754 1.533859 0.773096 1.308527 1.206484 1.274567 1.131203 1.107886 1.693132 0.296532 0.727461 1.095250 1.326492 0.019053 0.000000 1.114115 1.194987 0.377201 -9999.0 -9999.0 -9999.0 -9999.0 -9999.0 -9999.0 -9999.0 -9999.0 -9999.0 -9999.0 -9999.0 -9999.0 -9999.0 -9999.0 -9999.0 -9999.0 -9999.0 -9999.0 -9999.0 -9999.0 -9999.0 -9999.0 -9999.0 -9999.0 -9999.0 -9999.0 -9999.0 -9999.0 -9999.0
-9999.0 -9999.0 -9999.0 -9999.0 -9999.0 -9999.0 -9999.0 -9999.0 -9999.0 -9999.0 -9999.0 0.846926 1.111251 1.541434 1.330089 0.728599 0.870245 1.530380 0.831368 1.469039 1.612191 2.058274 1.061467 0.584240 0.985040 0.876207 0.000000 1.026482 1.171496 0.000000 0.918959 1.049674 1.081620 1.013960 0.953465 0.925168 0.712644 0.721845 0.849667 -9999.0 -9999.0 -9999.0 0.958827 -9999.0 -9999.0 -9999.0 -9999.0 -9999.0 -9999.0 -9999.0 -9999.0 -9999.0 -9999.0 -9999.0 -9999.0 -9999.0 -9999.0 -9999.0 -9999.0 -9999.0 -9999.0 -9999.0 -9999.0
-9999.0 -9999.0 -9999.0 -9999.0 -9999.0 -9999.0 -9999.0 -9999.0 -9999.0 -9999.0 -9999.0 1.103300 1.062985 1.722750 1.795355 0.000000 1.364803 1.571814 0.761638 1.543190 1.556370 1.437987 1.120852 0.859841 0.998564 0.855597 1.130257 1.139896 0.925493 0.334274 1.034943 1.189900 1.397724 0.873867 0.724466 0.867793 1.253860 0.674250 0.748788 0.375813 0.371972 0.763879 0.661788 0.871464 -9999.0 -9999.0 -9999.0 0.790902 0.907290 0.976566 1.205376 1.151056 1.001420 0.981520 0.615366 0.000000 -9999.0 -9999.0 -9999.0 -9999.0 -9999.0 -9999.0 -9999.0
-9999.0 -9999.0 -9999.0 -9999.0 -9999.0 -9999.0 -9999.0 -9999.0 -9999.0 -9999.0 -9999.0 1.156753 0.317214 0.760245 1.005375 0.915355 0.963712 1.752330 1.409484 1.256180 2.448940 1.568953 1.717113 1.292874 0.251176 1.130047 1.265957 0.545163 0.775328 0.958492 0.384944 0.720637 1.312893 0.984579 0.849296 0.974915 0.352854 0.374258 0.142712 0.455358 0.904187 0.434929 -0.085303 0.758775 0.935778 -9999.0 0.300895 0.822705 1.022255 0.990933 1.462766 1.084016 1.212825 1.392392 1.303485 1.159389 -9999.0 -9999.0 -9999.0 -9999.0 -9999.0 -9999.0 -9999.0
-9999.0 -9999.0 -9999.0 -9999.0 -9999.0 -9999.0 -9999.0 -9999.0 -9999.0 -9999.0 -9999.0 -9999.0 0.695993 0.888525 1.425112 1.112401 1.428766 1.205569 1.234061 1.284355 1.774924 1.462780 1.651516 1.714202 1.365729 1.234703 1.548730 0.529123 0.863006 1.053313 1.032715 0.888831 1.160514 1.017132 0.306293 0.600649 0.134661 0.111743 0.137797 0.180725 0.597224 0.490423 0.392007 0.684587 0.863911 1.164631 1.058896 0.790201 0.190133 0.407187 1.082309 -0.028538 1.369542 0.007152 0.037630 0.000000 0.676142 -9999.0 -9999.0 -9999.0 -9999.0 -9999.0 -9999.0
-9999.0 -9999.0 -9999.0 -9999.0 -9999.0 -9999.0 -9999.0 -9999.0 -9999.0 -9999.0 -9999.0 1.383766 0.000000 0.780317 1.335688 1.334421 1.232985 1.651274 1.092928 2.213011 2.450470 2.310648 1.214599 1.565708 1.366789 1.270988 0.666297 0.253157 1.146187 1.110662 1.231816 1.154635 1.405064 0.976049 -0.020694 0.276344 0.074486 0.157177 0.128719 0.179233 0.146079 0.243852 0.316335 0.768404 1.846590 1.201780 1.006392 0.881700 -0.061164 0.227769 -0.022342 -0.028321 0.143564 0.000000 0.000000 0.000000 0.637550 -9999.0 -9999.0 -9999.0 -9999.0 -9999.0 -9999.0
-9999.0 -9999.0 -9999.0 -9999.0 -9999.0 -9999.0 -9999.0 -9999.0 -9999.0 -9999.0 0.675048 1.022037 1.450396 1.079917 1.145625 1.473995 0.887659 1.054332 1.513460 2.172954 1.751128 1.240947 1.388096 1.426876 1.620983 1.090307 0.874865 0.754036 1.335224 1.293404 1.259092 0.279892 0.754346 0.635071 -0.002615 0.508648 0.595619 0.115515 -0.169993 0.322352 0.350924 -0.037189 -0.071132 -0.029268 0.386794 0.584846 0.724848 0.454015 0.710625 0.410359 0.755035 0.000000 0.000000 0.000000 0.000000 0.915615 1.112088 -9999.0 -9999.0 -9999.0 -9999.0 -9999.0 -9999.0
-9999.0 -9999.0 -9999.0 -9999.0 -9999.0 -9999.0 -9999.0 -9999.0 -9999.0 0.625923 0.588894 0.578060 1.760485 1.528364 1.367061 1.040797 0.679807 1.141696 1.731954 2.139947 1.904290 1.902377 1.599421 1.570444 0.786551 1.385374 1.524048 1.297215 1.447057 1.528617 0.685126 0.953370 0.000000 0.000000 0.850316 0.551666 -0.056444 0.164982 -0.032567 0.006750 -0.351673 0.184377 -0.061855 0.390115 1.072608 0.909168 1.730229 1.188752 0.826465 1.088113 1.204008 0.815352 0.000000 0.000000 0.558836 0.654960 0.455385 1.310602 1.037441 -9999.0 -9999.0 -9999.0 -9999.0
-9999.0 -9999.0 -9999.0 -9999.0 -9999.0 -9999.0 -9999.0 -9999.0 -9999.0 0.905543 0.436960 0.549163 1.254904 1.102754 1.373395 1.321544 1.181802 1.400107 1.939745 1.288093 1.413448 1.586035 0.702163 1.232851 1.485617 0.690843 1.388865 1.458838 0.447498 0.036541 0.812370 1.143570 0.611734 0.960884 1.060721 1.347799 0.821280 -0.050853 0.187220 -0.245228 -0.086248 -0.088906 0.404652 -0.148883 -0.091131 0.464978 0.505240 0.560734 0.371785 0.268722 -0.060489 0.871967 0.104878 0.105561 -0.019743 0.109576 0.641546 1.343423 1.514754 -9999.0 -9999.0 -9999.0 -9999.0
-9999.0 -9999.0 -9999.0 -9999.0 -9999.0 -9999.0 -9999.0 -9999.0 -9999.0 -9999.0 0.729727 0.616946 0.430282 2.197514 1.438550 1.445848 1.376389 1.126540 2.194901 1.683612 1.489820 1.799253 2.228606 1.818001 1.244174 1.363148 0.350817 0.626689 0.810449 0.916966 0.821851 0.482856 0.316913 0.240718 1.024540 1.173274 1.287024 1.317922 1.013435 -0.050669 -0.111375 -0.118344 -0.306902 -0.046144 0.801936 1.010881 -0.586243 0.349397 1.437069 0.423535 -0.194227 1.078302 1.015679 0.322696 0.000000 0.243734 -0.119065 0.845407 1.368795 1.155137 -9999.0 -9999.0 -9999.0
-9999.0 -9999.0 -9999.0 -9999.0 -9999.0 -9999.0 -9999.0 -9999.0 -9999.0 -9999.0 0.686391 0.628867 0.469010 0.466671 1.203297 1.789832 1.648960 1.976118 2.511683 1.763057 2.375957 2.229073 2.192998 1.671234 1.446856 1.129028 0.380080 0.279212 1.003951 0.068596 -0.006772 0.344399 0.624229 0.111737 0.218579 -0.172428 0.261781 1.218784 0.359055 0.313464 0.592531 -0.135654 -0.013334 -0.133127 -0.204214 -0.045374 0.012730 -0.405445 -0.755429 1.163987 0.154156 1.088603 1.095225 0.710779 0.796009 0.949066 -0.160787 0.349228 -0.751397 1.542407 -9999.0 -9999.0 -9999.0
-9999.0 -9999.0 -9999.0 -9999.0 -9999.0 -9999.0 -9999.0 -9999.0 1.505284 1.426726 0.950796 0.392131 0.362075 0.470541 1.551816 2.081769 1.530539 1.370776 1.522832 1.676317 2.484070 2.432018 2.478791 2.380170 1.431815 -0.902069 0.992319 0.000644 0.341029 0.449445 0.000000 0.221079 0.674425 0.689363 0.659079 0.000000 -0.152203 1.196670 -0.020052 0.967606 0.374029 -0.191814 -0.113426 -0.102422 0.934895 -0.295133 -0.108006 0.346270 -0.727014 0.581167 0.157073 0.883926 0.995286 0.387360 -0.043542 1.261313 1.115972 0.882919 -0.099241 1.849451 -9999.0 -9999.0 -9999.0
-9999.0 -9999.0 -9999.0 -9999.0 -9999.0 -9999.0 -9999.0 -9999.0 0.209427 0.779899 0.677958 0.076093 0.262411 0.163230 1.291822 1.223493 1.669473 1.570200 1.739155 1.609594 1.357681 1.792996 1.804212 1.772444 2.161803 0.437249 -0.297964 1.035599 0.115293 1.055561 0.936558 1.303657 0.979866 0.967922 0.866376 0.485313 -0.192978 0.176320 1.020947 -0.060574 0.118037 0.000000 -0.102961 0.737218 -0.166339 0.579221 -0.055192 -0.132442 0.315646 -0.785867 1.040805 1.215300 0.905103 0.937369 1.302330 0.646336 1.164542 -0.035477 1.137683 1.202212 1.240259 -9999.0 -9999.0
-9999.0 -9999.0 -9999.0 -9999.0 -9999.0 -9999.0 -9999.0 -9999.0 0.284276 0.409902 0.497991 0.368219 0.879589 0.032692 0.627620 1.337489 1.323396 0.704155 1.902805 0.916714 1.748372 1.502508 1.722953 1.906344 1.685784 2.299076 2.022686 1.556771 0.942210 1.313309 1.167607 1.179718 0.776749 0.929130 -0.068377 1.261337 0.533191 0.826212 0.652267 0.830798 0.402900 0.629573 0.545687 -0.183526 0.006866 0.142809 1.162651 -0.055245 0.240346 0.416410 -0.374650 0.099028 0.932209 0.692854 1.014949 0.062801 -0.066457 1.389855 1.492944 1.482533 1.206723 -9999.0 -9999.0
-9999.0 -9999.0 -9999.0 -9999.0 -9999.0 -9999.0 -9999.0 -9999.0 0.209266 0.509423 0.412787 0.563867 0.843602 0.479568 0.749810 0.315979 1.736262 2.154480 0.577012 2.072415 1.444121 1.669125 1.472103 1.491457 2.453687 1.952479 1.966912 1.642600 1.552422 1.395961 1.407088 1.191581 1.287157 1.350582 0.987737 0.937406 0.894790 -0.623159 0.578550 0.856512 -0.083459 1.029629 1.050990 1.356854 1.097080 -0.055244 1.059489 1.211544 0.647666 0.766722 -1.046077 -0.261510 0.025868 1.007052 1.094887 1.258394 1.487993 2.332355 2.012577 1.225300 1.199626 1.421879 -9999.0
-9999.0 -9999.0 -9999.0 -9999.0 -9999.0 -9999.0 -9999.0 -9999.0 0.759705 0.469135 0.024576 -0.252582 -0.496320 -0.379991 1.567351 1.635489 0.564785 1.657665 1.535623 1.641531 1.948552 1.544164 1.701976 1.808517 1.519228 2.167809 1.814062 1.621991 1.793629 1.822556 1.581944 1.184929 0.217659 1.296965 1.211017 0.926216 0.704652 -0.941066 -1.855657 0.933424 1.026181 0.855041 1.028266 1.110726 1.129247 1.195930 1.037304 1.077304 0.837338 -0.040674 1.114049 1.074431 -0.285534 1.136934 1.241496 1.323623 1.135911 1.102585 1.282574 1.144099 -1.178036 -1.086448 -9999.0
-9999.0 -9999.0 1.247283 1.112619 0.499906 0.661539 0.668253 0.748243 1.052579 0.387723 0.134411 -0.299102 -0.678396 1.312856 1.280858 0.755779 -0.259143 1.147500 0.338336 1.374874 1.626449 2.642656 1.748615 2.261485 1.820783 2.162157 2.009185 1.853834 2.406302 1.819930 1.594064 1.643820 1.024730 -0.352242 1.371731 0.632667 0.828354 -1.260604 -2.411444 0.364569 0.879030 1.072384 -1.172031 1.294631 1.025516 1.105043 0.212303 -0.200802 1.550845 1.258132 1.253027 1.221699 1.221827 1.135095 0.909744 0.586143 0.928356 0.964353 -0.305384 -1.181157 -0.491923 -1.114217 -9999.0
-9999.0 0.800867 0.913778 0.748776 0.666057 0.508753 0.441883 0.472837 0.352793 0.396127 0.020831 -0.731050 1.712762 1.323255 0.818547 -0.837985 0.226422 0.459860 1.060151 1.471848 1.801611 2.725659 1.667021 2.763584 1.362052 1.754886 1.564426 1.510766 2.260664 2.184428 1.682432 0.593259 0.233678 1.606035 1.337435 1.040787 0.838400 0.422339 0.917416 0.951035 0.958153 1.299572 1.565513 -0.716329 -0.040298 1.390503 1.359405 1.806084 1.466463 2.590521 1.031742 0.901137 0.936887 0.977661 0.849921 0.587220 1.009066 1.013217 -0.383282 -0.489450 -1.099279 -1.103646 -9999.0
-9999.0 0.646470 0.697239 1.608456 1.392502 0.757417 1.304604 0.878559 1.228162 1.062563 0.201389 -0.585611 1.346626 0.798195 1.031120 0.137624 0.183532 0.329929 0.511849 1.972089 -0.107153 2.306008 -0.078403 0.151808 0.918299 1.014666 1.776979 1.559970 1.666950 2.372364 1.921663 1.891954 1.889089 1.652095 1.454598 1.154885 1.036694 0.849278 0.806651 0.913641 1.245305 1.511502 1.667656 1.845739 1.668423 1.697006 1.624907 1.618644 1.012631 1.118584 1.006376 -0.888831 0.907879 -1.121614 0.876704 -0.930509 -1.069131 -0.859980 -0.940960 -0.907136 -1.075293 -9999.0 -9999.0
-9999.0 0.578899 0.364051 0.245063 0.584450 1.601873 1.812468 1.351648 0.649845 0.480286 0.216279 -0.499654 0.890504 -0.366688 0.982419 -0.153170 0.097756 0.159540 0.906085 1.613436 -0.063075 -0.182953 -0.123246 0.677758 0.809314 1.434992 1.490125 1.491151 1.408877 1.406036 1.194419 1.303435 1.555629 1.571687 1.152396 0.627288 0.364040 0.327308 0.226650 0.602172 0.968041 0.843976 1.290168 1.285128 1.132666 1.492440 1.488511 1.263071 1.014277 1.847387 -0.730434 0.473194 -0.825953 -0.315063 -0.781437 0.702110 0.649302 0.659531 0.714812 -9999.0 -9999.0 -9999.0 -9999.0
