erum2020/resources/simulation/Vinschgau/output-maps/ETN0568.asc
ncols         63
nrows         48
xllcorner     598000.000000
yllcorner     5145000.000000
cellsize      1000.000000
NODATA_value  -9999.0
[rows 0 to 28 of 48, columns 0 to 62 of 63]
-9999.0 -9999.0 -9999.0 -9999.0 -9999.0 -9999.0 -9999.0 -9999.0 -9999.0 -9999.0 -9999.0 -9999.0 -9999.0 -9999.0 -9999.0 -9999.0 -9999.0 -9999.0 -9999.0 -9999.0 -9999.0 -9999.0 -9999.0 -9999.0 -9999.0 -9999.0 -9999.0 -9999.0 -9999.0 -9999.0 -9999.0 -9999.0 -9999.0 -9999.0 -9999.0 -9999.0 -9999.0 -9999.0 -9999.0 -9999.0 -9999.0 -9999.0 -9999.0 -9999.0 -9999.0 -9999.0 -9999.0 -9999.0 -9999.0 -9999.0 -9999.0 -9999.0 -9999.0 -9999.0 -9999.0 -9999.0 -9999.0 -9999.0 -9999.0 -9999.0 -9999.0 -9999.0 -9999.0
-9999.0 -9999.0 -9999.0 -9999.0 -9999.0 -9999.0 -9999.0 -9999.0 -9999.0 -9999.0 -9999.0 -9999.0 -9999.0 -9999.0 -9999.0 -9999.0 -9999.0 -9999.0 -9999.0 -9999.0 -9999.0 -9999.0 -9999.0 -9999.0 -9999.0 -9999.0 -9999.0 0.261809 0.616252 0.816670 0.675120 0.483281 0.765796 -9999.0 -9999.0 -9999.0 -9999.0 -9999.0 -9999.0 -9999.0 -9999.0 -9999.0 -9999.0 -9999.0 -9999.0 -9999.0 -9999.0 -9999.0 -9999.0 -9999.0 -9999.0 -9999.0 -9999.0 -9999.0 -9999.0 -9999.0 -9999.0 -9999.0 -9999.0 -9999.0 -9999.0 -9999.0 -9999.0
-9999.0 -9999.0 -9999.0 -9999.0 -9999.0 -9999.0 -9999.0 -9999.0 -9999.0 -9999.0 -9999.0 -9999.0 -9999.0 -9999.0 -9999.0 -9999.0 -9999.0 -9999.0 -9999.0 -9999.0 -9999.0 -9999.0 -9999.0 -9999.0 0.630598 0.651109 0.607840 0.677851 0.690395 0.814564 0.378088 -9999.0 -9999.0 -9999.0 -9999.0 -9999.0 -9999.0 -9999.0 -9999.0 -9999.0 -9999.0 -9999.0 -9999.0 -9999.0 -9999.0 -9999.0 -9999.0 -9999.0 -9999.0 -9999.0 -9999.0 -9999.0 -9999.0 -9999.0 -9999.0 -9999.0 -9999.0 -9999.0 -9999.0 -9999.0 -9999.0 -9999.0 -9999.0
-9999.0 -9999.0 -9999.0 -9999.0 -9999.0 -9999.0 -9999.0 -9999.0 -9999.0 -9999.0 -9999.0 -9999.0 -9999.0 -9999.0 -9999.0 -9999.0 -9999.0 -9999.0 -9999.0 -9999.0 -9999.0 -9999.0 -9999.0 0.673877 0.725402 1.095753 0.928407 0.552828 1.281370 0.486010 0.456972 0.375936 -9999.0 -9999.0 -9999.0 -9999.0 -9999.0 -9999.0 -9999.0 -9999.0 -9999.0 -9999.0 -9999.0 -9999.0 -9999.0 -9999.0 -9999.0 -9999.0 -9999.0 -9999.0 -9999.0 -9999.0 -9999.0 -9999.0 -9999.0 -9999.0 -9999.0 -9999.0 -9999.0 -9999.0 -9999.0 -9999.0 -9999.0
-9999.0 -9999.0 -9999.0 -9999.0 -9999.0 -9999.0 -9999.0 -9999.0 -9999.0 -9999.0 -9999.0 -9999.0 -9999.0 -9999.0 -9999.0 -9999.0 -9999.0 -9999.0 0.583304 0.463990 -9999.0 0.655630 0.703073 1.491919 1.163500 0.479691 0.912022 0.972090 1.504608 1.141552 0.510624 0.447999 0.400063 0.109383 -9999.0 -9999.0 -9999.0 -9999.0 -9999.0 -9999.0 -9999.0 -9999.0 -9999.0 -9999.0 -9999.0 -9999.0 -9999.0 -9999.0 -9999.0 -9999.0 -9999.0 -9999.0 -9999.0 -9999.0 -9999.0 -9999.0 -9999.0 -9999.0 -9999.0 -9999.0 -9999.0 -9999.0 -9999.0
-9999.0 -9999.0 -9999.0 -9999.0 -9999.0 -9999.0 -9999.0 -9999.0 -9999.0 -9999.0 -9999.0 -9999.0 -9999.0 -9999.0 -9999.0 -9999.0 -9999.0 1.100336 1.256406 0.436977 0.216254 0.917221 1.306760 0.668496 0.858796 0.723330 0.671241 1.071077 0.710563 0.856365 0.891439 0.865407 0.920144 0.736280 0.589675 0.344268 -9999.0 -9999.0 -9999.0 -9999.0 -9999.0 -9999.0 -9999.0 -9999.0 -9999.0 -9999.0 -9999.0 -9999.0 -9999.0 -9999.0 -9999.0 -9999.0 -9999.0 -9999.0 -9999.0 -9999.0 -9999.0 -9999.0 -9999.0 -9999.0 -9999.0 -9999.0 -9999.0
-9999.0 -9999.0 -9999.0 -9999.0 -9999.0 -9999.0 -9999.0 -9999.0 -9999.0 -9999.0 -9999.0 -9999.0 -9999.0 0.740579 1.440661 1.451400 1.050244 0.484952 1.123602 1.015337 1.417388 1.259198 0.797856 0.837900 0.719259 0.376149 0.031041 0.117674 0.100868 0.802508 1.101525 0.569485 0.644372 0.539486 0.450844 0.296120 -9999.0 -9999.0 -9999.0 -9999.0 -9999.0 -9999.0 -9999.0 -9999.0 -9999.0 -9999.0 -9999.0 -9999.0 -9999.0 -9999.0 -9999.0 -9999.0 -9999.0 -9999.0 -9999.0 -9999.0 -9999.0 -9999.0 -9999.0 -9999.0 -9999.0 -9999.0 -9999.0
-9999.0 -9999.0 -9999.0 -9999.0 -9999.0 -9999.0 -9999.0 -9999.0 -9999.0 -9999.0 -9999.0 -9999.0 -9999.0 0.767266 1.779390 1.142127 1.072900 0.961142 0.441400 1.167116 0.956842 0.872144 0.933649 0.816479 1.230293 0.874955 0.384251 0.608721 0.218210 0.073607 -0.026282 0.483775 0.398262 0.328859 0.350872 -9999.0 -9999.0 -9999.0 -9999.0 -9999.0 -9999.0 -9999.0 -9999.0 -9999.0 -9999.0 -9999.0 -9999.0 -9999.0 -9999.0 -9999.0 -9999.0 -9999.0 -9999.0 -9999.0 -9999.0 -9999.0 -9999.0 -9999.0 -9999.0 -9999.0 -9999.0 -9999.0 -9999.0
-9999.0 -9999.0 -9999.0 -9999.0 -9999.0 -9999.0 -9999.0 -9999.0 -9999.0 -9999.0 -9999.0 -9999.0 -9999.0 1.736498 1.815302 1.507209 1.290052 1.084874 0.490862 1.344834 0.623558 0.327081 0.954351 0.762772 1.282974 0.241187 0.728841 0.440404 0.474517 0.158082 0.363642 0.257029 0.260862 -0.001204 0.393785 -9999.0 -9999.0 -9999.0 -9999.0 -9999.0 -9999.0 -9999.0 -9999.0 -9999.0 -9999.0 -9999.0 -9999.0 -9999.0 -9999.0 -9999.0 -9999.0 -9999.0 -9999.0 -9999.0 -9999.0 -9999.0 -9999.0 -9999.0 -9999.0 -9999.0 -9999.0 -9999.0 -9999.0
-9999.0 -9999.0 -9999.0 -9999.0 -9999.0 -9999.0 -9999.0 -9999.0 -9999.0 -9999.0 -9999.0 -9999.0 1.365967 1.718293 1.572207 1.296592 1.507405 1.658344 1.048284 0.392688 0.897806 0.046424 0.053581 0.116671 1.120720 0.248800 0.044125 0.329295 0.665507 0.361742 0.130444 0.795790 0.446178 0.310895 -9999.0 -9999.0 -9999.0 -9999.0 -9999.0 -9999.0 -9999.0 -9999.0 -9999.0 -9999.0 -9999.0 -9999.0 -9999.0 -9999.0 -9999.0 -9999.0 -9999.0 -9999.0 -9999.0 -9999.0 -9999.0 -9999.0 -9999.0 -9999.0 -9999.0 -9999.0 -9999.0 -9999.0 -9999.0
-9999.0 -9999.0 -9999.0 -9999.0 -9999.0 -9999.0 -9999.0 -9999.0 -9999.0 -9999.0 -9999.0 1.011479 1.515742 1.342585 1.140375 0.970385 0.532978 1.758200 1.045398 0.878520 0.877117 1.361492 0.730197 0.612525 1.040221 0.607166 0.229360 0.623380 0.452733 0.056477 0.756874 1.106975 0.579542 0.510511 0.725215 0.287549 0.500004 0.468485 0.361220 -9999.0 -9999.0 -9999.0 0.206579 -9999.0 -9999.0 -9999.0 -9999.0 -9999.0 -9999.0 -9999.0 -9999.0 -9999.0 -9999.0 -9999.0 -9999.0 -9999.0 -9999.0 -9999.0 -9999.0 -9999.0 -9999.0 -9999.0 -9999.0
-9999.0 -9999.0 -9999.0 -9999.0 -9999.0 -9999.0 -9999.0 -9999.0 -9999.0 -9999.0 -9999.0 0.572268 1.336695 1.480692 1.259922 0.629405 1.950399 1.423510 1.079744 0.853870 0.669554 0.743923 0.755619 0.067203 -0.104795 0.673095 0.607070 1.024133 0.588980 0.282641 1.051683 0.556521 0.397027 0.397930 0.530118 0.621249 0.493986 0.324136 0.239108 0.133441 0.201483 0.242387 0.690880 0.173500 -9999.0 -9999.0 -9999.0 0.608468 0.794395 0.851761 0.721984 0.559568 0.561577 0.485936 0.588968 0.398001 -9999.0 -9999.0 -9999.0 -9999.0 -9999.0 -9999.0 -9999.0
-9999.0 -9999.0 -9999.0 -9999.0 -9999.0 -9999.0 -9999.0 -9999.0 -9999.0 -9999.0 -9999.0 0.764481 0.622457 0.874311 0.871443 1.122216 0.976547 1.321467 1.084224 0.795200 0.815556 0.424026 -0.015733 0.738866 0.455058 0.304277 0.073460 0.124838 0.508510 0.307579 0.289169 0.008617 0.487955 0.286101 0.249784 0.623285 0.096203 -0.040472 0.057848 0.069891 0.303491 0.488563 0.717460 0.480696 0.321944 -9999.0 0.559925 0.871817 1.012854 1.019776 0.998508 0.887881 0.850817 0.857927 0.836844 0.685366 -9999.0 -9999.0 -9999.0 -9999.0 -9999.0 -9999.0 -9999.0
-9999.0 -9999.0 -9999.0 -9999.0 -9999.0 -9999.0 -9999.0 -9999.0 -9999.0 -9999.0 -9999.0 -9999.0 0.879204 0.261424 0.549173 0.843399 0.845867 0.975147 1.016436 0.779486 0.675907 0.639020 0.574441 0.331465 -0.039033 -0.005563 0.764114 0.550878 0.625476 0.546987 0.634773 0.089610 0.495819 0.443056 0.529384 0.527418 0.055133 -0.061147 -0.105497 0.109203 0.410477 0.325914 0.584054 0.523206 0.169690 0.635189 0.785821 0.859110 -0.065329 0.785011 0.610232 0.257199 0.583566 -0.345344 -0.239336 0.553708 0.626505 -9999.0 -9999.0 -9999.0 -9999.0 -9999.0 -9999.0
-9999.0 -9999.0 -9999.0 -9999.0 -9999.0 -9999.0 -9999.0 -9999.0 -9999.0 -9999.0 -9999.0 0.072017 0.542431 1.038455 0.747957 0.789263 0.973558 1.070578 0.984240 0.993172 0.717130 0.669891 0.371584 -0.054426 0.070386 0.828493 0.263568 0.287330 0.601918 0.811817 0.099195 0.744054 0.498918 0.342314 0.523310 0.527893 0.292178 -0.010894 0.067628 0.151647 0.142107 0.195025 0.605224 0.170533 0.524274 0.330949 0.972836 0.973267 1.147933 0.519338 -0.130291 0.549099 -0.132613 -0.051094 -0.034391 0.599939 0.598442 -9999.0 -9999.0 -9999.0 -9999.0 -9999.0 -9999.0
-9999.0 -9999.0 -9999.0 -9999.0 -9999.0 -9999.0 -9999.0 -9999.0 -9999.0 -9999.0 1.070844 0.052060 0.705989 0.673356 0.774293 0.950960 0.656472 0.709272 1.003262 1.040200 0.902638 0.707736 0.201657 0.792829 0.652466 0.190550 -0.181525 -0.023556 0.680079 0.733935 0.844078 0.382160 0.547257 0.430492 0.080249 0.278620 0.573697 0.117425 0.066764 0.160750 0.164184 0.183583 0.277248 0.689824 0.317899 0.162225 0.787084 0.787427 0.791037 0.143630 -0.017509 0.427676 -0.054143 0.198544 0.564105 1.003711 0.593229 -9999.0 -9999.0 -9999.0 -9999.0 -9999.0 -9999.0
-9999.0 -9999.0 -9999.0 -9999.0 -9999.0 -9999.0 -9999.0 -9999.0 -9999.0 0.931826 0.935583 0.022976 0.554878 0.036702 0.122124 -0.058378 0.072549 0.910543 0.874381 1.029286 0.834856 0.450353 0.380527 0.673332 0.278987 0.074823 -0.044484 0.746478 0.604914 0.662927 0.308619 -0.410092 0.106679 0.105067 0.233657 0.270446 0.567959 0.081817 0.030598 0.556465 0.388731 0.315213 0.362076 0.455831 0.426592 0.450432 0.729205 0.358896 0.605970 0.218331 -0.335989 0.465712 -0.014685 0.567126 0.856452 -0.128161 -0.288716 0.693574 0.612540 -9999.0 -9999.0 -9999.0 -9999.0
-9999.0 -9999.0 -9999.0 -9999.0 -9999.0 -9999.0 -9999.0 -9999.0 -9999.0 0.586553 0.823437 1.062415 1.408418 0.537447 0.374031 0.139012 0.832418 0.794480 0.896976 0.996942 0.889273 0.867031 0.579549 0.524403 0.059533 0.098187 0.585115 0.711117 0.770992 0.469343 0.598151 -0.354933 0.561318 0.304094 0.924357 0.262833 0.283577 0.326132 0.558565 0.606478 0.152290 0.040923 0.569307 0.686806 0.773603 0.752546 0.623926 0.487991 0.666967 0.119463 -0.539788 -0.082000 0.249841 0.703339 0.749017 -0.091054 -0.248567 -0.366704 0.753530 -9999.0 -9999.0 -9999.0 -9999.0
-9999.0 -9999.0 -9999.0 -9999.0 -9999.0 -9999.0 -9999.0 -9999.0 -9999.0 -9999.0 0.945647 1.009275 0.735704 1.005863 0.532380 0.467515 0.695760 0.816125 0.921551 0.776502 0.753046 0.432262 0.271748 0.121456 0.219250 0.693743 0.722251 0.469854 0.599724 -0.474648 -0.347724 0.085479 -0.023402 0.840947 1.059549 1.105753 0.659660 0.443997 0.158033 0.440573 0.468795 0.776587 1.091540 0.448719 0.308344 0.400881 0.457111 0.759949 0.504076 0.483240 0.207772 0.181361 0.424886 0.362122 0.564492 0.932249 0.988035 0.867741 0.654663 0.642554 -9999.0 -9999.0 -9999.0
-9999.0 -9999.0 -9999.0 -9999.0 -9999.0 -9999.0 -9999.0 -9999.0 -9999.0 -9999.0 0.944999 0.916520 0.960441 0.798885 1.102006 0.534323 0.532346 0.851768 0.767724 0.605488 0.520829 0.461164 0.329981 0.477000 0.702287 0.744104 0.528915 0.274744 0.029573 -0.059778 0.487032 0.940043 0.006500 0.259921 0.544707 0.839420 0.763946 0.301942 -0.065209 0.288805 0.964987 0.952443 -0.092549 0.535556 0.585072 0.247921 0.526066 0.357356 0.710173 0.520673 0.352479 -0.392726 -0.187524 0.595640 0.395379 0.874550 0.897154 0.718168 0.726453 0.892533 -9999.0 -9999.0 -9999.0
-9999.0 -9999.0 -9999.0 -9999.0 -9999.0 -9999.0 -9999.0 -9999.0 0.816040 0.518827 0.698614 0.919498 -0.167441 -0.112016 0.525745 0.942364 0.770791 1.068659 0.800662 0.726413 0.532832 0.477654 0.516340 0.462284 0.748551 0.670716 0.796319 0.171358 -0.129985 -0.098287 0.190187 0.850368 0.660406 0.467373 0.869392 0.470299 0.665018 0.236318 -0.070303 0.163757 0.819928 0.882431 0.029019 0.438655 0.347075 1.108245 -0.321525 0.592989 0.443368 0.817948 0.539613 0.248224 -0.391657 -0.133590 1.036937 1.054538 1.079209 0.998467 0.763852 1.080055 -9999.0 -9999.0 -9999.0
-9999.0 -9999.0 -9999.0 -9999.0 -9999.0 -9999.0 -9999.0 -9999.0 -0.160332 -0.152049 -0.120802 0.525281 0.597250 -0.150097 0.436087 0.499558 0.635425 0.660323 0.666202 0.767031 0.814569 0.803468 0.796247 0.700975 0.450924 0.773908 0.439116 0.284999 -0.095650 0.439630 0.515566 0.268166 0.692597 0.756514 0.820196 0.659346 1.156907 0.341417 -0.083573 0.633983 0.561457 0.299698 0.740773 1.039947 1.152567 -0.201462 -0.034247 0.996552 0.641711 0.730611 0.397253 0.362918 -0.982427 1.119710 1.216443 0.450905 0.709344 0.832332 0.835861 1.034428 0.942925 -9999.0 -9999.0
-9999.0 -9999.0 -9999.0 -9999.0 -9999.0 -9999.0 -9999.0 -9999.0 0.932333 1.096519 0.778304 -0.003378 1.088581 -0.203464 0.072752 0.288759 0.543819 0.738218 0.596474 0.840486 0.749656 0.827121 0.692349 0.630474 0.882789 0.606914 0.337604 0.061263 0.003341 0.576503 0.317561 1.116945 -0.074994 0.038514 0.965989 1.059623 -0.130812 0.156175 -0.353383 -0.092447 0.576282 0.742611 0.852839 0.905018 -0.093923 0.666967 0.637518 0.839569 -0.176415 0.381207 0.868753 0.484477 0.093666 0.187902 0.776818 0.847695 0.922931 1.023444 0.964807 1.174243 0.871236 -9999.0 -9999.0
-9999.0 -9999.0 -9999.0 -9999.0 -9999.0 -9999.0 -9999.0 -9999.0 1.000444 1.113987 0.305449 -0.209404 1.052486 0.677276 0.372166 0.586421 0.675747 0.588667 0.681624 0.726423 0.733100 0.786770 0.840718 0.709475 0.525990 0.419478 0.235114 -0.166691 0.742251 0.724969 -0.009563 0.505967 0.585192 0.335742 -0.138360 0.665676 0.769579 0.371356 -0.415535 -0.117684 0.321633 0.864910 0.832365 0.715642 0.470860 0.944665 1.018173 1.006384 0.786581 0.638856 0.460821 0.740613 0.639820 0.746063 0.924502 0.958131 1.063198 1.386540 1.240307 0.859140 0.591626 0.520898 -9999.0
-9999.0 -9999.0 -9999.0 -9999.0 -9999.0 -9999.0 -9999.0 -9999.0 0.641803 1.118876 -0.240030 0.256135 0.355181 0.485762 0.994173 0.858886 0.514781 0.558957 0.374657 0.708588 0.557864 0.837188 0.836256 0.926555 0.602141 0.349116 0.231633 0.684615 0.675139 0.517898 0.180328 0.852329 0.890821 0.431746 -0.095423 -0.019814 0.483438 0.367596 0.189404 0.222500 0.119832 -0.183731 0.648659 0.329860 -0.098522 0.718956 0.715137 0.779109 0.655025 0.720319 0.745828 0.617957 0.674892 0.789522 0.943508 0.942392 0.804283 0.819597 0.796277 0.652407 0.647689 0.494474 -9999.0
-9999.0 -9999.0 0.626775 0.658603 -0.012467 0.103420 0.467428 -0.118467 0.898907 1.012415 -0.227050 0.635682 0.484233 0.883911 1.006677 0.219787 0.160320 0.189971 0.586510 0.493760 0.707770 0.706860 1.115781 0.623863 0.699972 0.442251 0.383789 0.490585 0.751706 0.754065 0.292688 0.435769 1.411370 0.366353 0.502471 0.306867 0.616119 0.241098 0.182387 0.090571 0.515818 0.701469 0.399487 0.591199 0.192005 0.625827 0.740934 0.829824 0.790007 0.888333 0.860775 0.809412 0.814115 0.791486 0.723004 0.887895 0.795374 0.723505 0.523078 0.589140 0.759482 0.484332 -9999.0
-9999.0 0.533395 0.643221 0.487604 0.147053 0.766917 0.424070 -0.109439 -0.068904 0.965056 -0.140455 0.437600 0.715272 1.200591 0.467557 0.130895 0.219242 -0.143347 0.624412 0.529324 0.580310 0.934936 1.073241 0.978861 0.861935 0.578499 0.853531 0.972908 0.784262 0.673477 0.515047 0.749867 1.020307 1.457825 0.711076 0.642028 0.614894 0.302624 0.505316 0.507226 0.641291 0.883520 0.821413 0.523170 0.556074 0.710143 0.932983 1.057377 1.042838 1.209248 0.779119 0.746000 0.787558 0.759061 0.666812 0.512630 0.618366 0.628468 0.486285 0.744532 0.506165 0.602880 -9999.0
-9999.0 1.116718 0.786392 0.709498 0.804797 0.475659 0.162468 -0.014159 0.556143 0.669391 0.527080 0.387511 0.491971 0.575207 0.142155 -0.036780 -0.290402 0.186975 0.910445 0.676787 0.868888 0.911229 1.038230 0.861666 0.844845 0.845438 0.533903 0.753443 0.985881 0.751245 0.537527 0.534645 1.045690 0.828477 1.029097 0.753451 0.870676 0.880588 0.606034 0.600000 0.757147 0.899249 1.103075 0.652336 0.610727 0.615401 1.098407 1.132993 0.974389 0.892621 0.574871 0.630392 0.635093 0.854524 0.503352 0.408888 0.400049 0.415508 0.355563 0.387761 0.502627 -9999.0 -9999.0
-9999.0 0.658680 0.667598 0.670265 0.638583 1.038454 0.730424 0.256621 0.342825 -0.028383 0.665354 0.467837 0.794161 0.672369 0.158151 -1.014808 -0.044242 -0.208382 0.472409 0.599081 0.451330 0.481317 0.603596 0.877052 0.904767 0.940493 1.050320 1.051271 0.768030 0.905677 0.594532 0.573216 0.846247 0.838786 0.808919 0.653488 0.591696 0.766781 0.521027 0.622747 0.799118 0.943800 1.054793 0.762006 0.731632 1.110218 1.023587 0.878590 0.867630 1.169614 0.580036 0.677279 0.605283 0.354414 0.382140 0.339774 0.306105 0.268986 0.320279 -9999.0 -9999.0 -9999.0 -9999.0
