erum2020/resources/simulation/Vinschgau/output-maps/ETN0398.asc
ncols         63
nrows         48
xllcorner     598000.000000
yllcorner     5145000.000000
cellsize      1000.000000
NODATA_value  -9999.0
[rows 0 to 28 of 48, columns 0 to 62 of 63]
-9999.0 -9999.0 -9999.0 -9999.0 -9999.0 -9999.0 -9999.0 -9999.0 -9999.0 -9999.0 -9999.0 -9999.0 -9999.0 -9999.0 -9999.0 -9999.0 -9999.0 -9999.0 -9999.0 -9999.0 -9999.0 -9999.0 -9999.0 -9999.0 -9999.0 -9999.0 -9999.0 -9999.0 -9999.0 -9999.0 -9999.0 -9999.0 -9999.0 -9999.0 -9999.0 -9999.0 -9999.0 -9999.0 -9999.0 -9999.0 -9999.0 -9999.0 -9999.0 -9999.0 -9999.0 -9999.0 -9999.0 -9999.0 -9999.0 -9999.0 -9999.0 -9999.0 -9999.0 -9999.0 -9999.0 -9999.0 -9999.0 -9999.0 -9999.0 -9999.0 -9999.0 -9999.0 -9999.0
-9999.0 -9999.0 -9999.0 -9999.0 -9999.0 -9999.0 -9999.0 -9999.0 -9999.0 -9999.0 -9999.0 -9999.0 -9999.0 -9999.0 -9999.0 -9999.0 -9999.0 -9999.0 -9999.0 -9999.0 -9999.0 -9999.0 -9999.0 -9999.0 -9999.0 -9999.0 -9999.0 0.127526 0.342284 0.549392 0.000000 0.000000 0.000000 -9999.0 -9999.0 -9999.0 -9999.0 -9999.0 -9999.0 -9999.0 -9999.0 -9999.0 -9999.0 -9999.0 -9999.0 -9999.0 -9999.0 -9999.0 -9999.0 -9999.0 -9999.0 -9999.0 -9999.0 -9999.0 -9999.0 -9999.0 -9999.0 -9999.0 -9999.0 -9999.0 -9999.0 -9999.0 -9999.0
-9999.0 -9999.0 -9999.0 -9999.0 -9999.0 -9999.0 -9999.0 -9999.0 -9999.0 -9999.0 -9999.0 -9999.0 -9999.0 -9999.0 -9999.0 -9999.0 -9999.0 -9999.0 -9999.0 -9999.0 -9999.0 -9999.0 -9999.0 -9999.0 0.248309 0.287578 0.365249 0.381709 0.645216 0.620294 0.000000 -9999.0 -9999.0 -9999.0 -9999.0 -9999.0 -9999.0 -9999.0 -9999.0 -9999.0 -9999.0 -9999.0 -9999.0 -9999.0 -9999.0 -9999.0 -9999.0 -9999.0 -9999.0 -9999.0 -9999.0 -9999.0 -9999.0 -9999.0 -9999.0 -9999.0 -9999.0 -9999.0 -9999.0 -9999.0 -9999.0 -9999.0 -9999.0
-9999.0 -9999.0 -9999.0 -9999.0 -9999.0 -9999.0 -9999.0 -9999.0 -9999.0 -9999.0 -9999.0 -9999.0 -9999.0 -9999.0 -9999.0 -9999.0 -9999.0 -9999.0 -9999.0 -9999.0 -9999.0 -9999.0 -9999.0 0.220511 0.408939 0.904480 0.959496 0.886527 1.361798 0.419407 0.577789 0.058128 -9999.0 -9999.0 -9999.0 -9999.0 -9999.0 -9999.0 -9999.0 -9999.0 -9999.0 -9999.0 -9999.0 -9999.0 -9999.0 -9999.0 -9999.0 -9999.0 -9999.0 -9999.0 -9999.0 -9999.0 -9999.0 -9999.0 -9999.0 -9999.0 -9999.0 -9999.0 -9999.0 -9999.0 -9999.0 -9999.0 -9999.0
-9999.0 -9999.0 -9999.0 -9999.0 -9999.0 -9999.0 -9999.0 -9999.0 -9999.0 -9999.0 -9999.0 -9999.0 -9999.0 -9999.0 -9999.0 -9999.0 -9999.0 -9999.0 0.369750 0.248167 -9999.0 0.239573 0.344357 0.931527 1.008745 1.143346 0.728664 0.784809 1.397524 1.224221 0.644211 0.589263 0.577266 0.431436 -9999.0 -9999.0 -9999.0 -9999.0 -9999.0 -9999.0 -9999.0 -9999.0 -9999.0 -9999.0 -9999.0 -9999.0 -9999.0 -9999.0 -9999.0 -9999.0 -9999.0 -9999.0 -9999.0 -9999.0 -9999.0 -9999.0 -9999.0 -9999.0 -9999.0 -9999.0 -9999.0 -9999.0 -9999.0
-9999.0 -9999.0 -9999.0 -9999.0 -9999.0 -9999.0 -9999.0 -9999.0 -9999.0 -9999.0 -9999.0 -9999.0 -9999.0 -9999.0 -9999.0 -9999.0 -9999.0 0.945743 1.061299 0.025833 0.109077 0.516549 0.739410 0.687953 0.695194 1.139777 1.115486 0.857945 1.229997 0.753534 0.736193 0.656588 0.681398 0.598095 0.000000 0.000000 -9999.0 -9999.0 -9999.0 -9999.0 -9999.0 -9999.0 -9999.0 -9999.0 -9999.0 -9999.0 -9999.0 -9999.0 -9999.0 -9999.0 -9999.0 -9999.0 -9999.0 -9999.0 -9999.0 -9999.0 -9999.0 -9999.0 -9999.0 -9999.0 -9999.0 -9999.0 -9999.0
-9999.0 -9999.0 -9999.0 -9999.0 -9999.0 -9999.0 -9999.0 -9999.0 -9999.0 -9999.0 -9999.0 -9999.0 -9999.0 0.312819 0.830340 0.893694 1.065287 0.135794 0.865676 0.656898 0.905147 1.059899 0.998709 0.619544 0.552713 0.161475 0.000223 0.804045 0.000000 0.844434 1.110424 0.453154 0.504096 0.000000 0.000000 0.000000 -9999.0 -9999.0 -9999.0 -9999.0 -9999.0 -9999.0 -9999.0 -9999.0 -9999.0 -9999.0 -9999.0 -9999.0 -9999.0 -9999.0 -9999.0 -9999.0 -9999.0 -9999.0 -9999.0 -9999.0 -9999.0 -9999.0 -9999.0 -9999.0 -9999.0 -9999.0 -9999.0
-9999.0 -9999.0 -9999.0 -9999.0 -9999.0 -9999.0 -9999.0 -9999.0 -9999.0 -9999.0 -9999.0 -9999.0 -9999.0 0.332910 0.949932 0.952729 0.852598 0.500085 0.107099 0.503850 0.770599 0.651598 1.090985 1.138086 0.890810 0.866789 0.265354 0.000000 0.000000 0.000000 0.000000 0.000000 0.000000 0.000000 0.000000 -9999.0 -9999.0 -9999.0 -9999.0 -9999.0 -9999.0 -9999.0 -9999.0 -9999.0 -9999.0 -9999.0 -9999.0 -9999.0 -9999.0 -9999.0 -9999.0 -9999.0 -9999.0 -9999.0 -9999.0 -9999.0 -9999.0 -9999.0 -9999.0 -9999.0 -9999.0 -9999.0 -9999.0
-9999.0 -9999.0 -9999.0 -9999.0 -9999.0 -9999.0 -9999.0 -9999.0 -9999.0 -9999.0 -9999.0 -9999.0 -9999.0 0.860203 0.935786 0.912394 0.899695 0.864052 0.111562 0.928865 0.500968 0.835221 1.291030 1.153032 0.904346 0.971270 0.524775 0.000000 0.310716 0.000000 0.000000 0.000000 0.000000 0.000000 0.000000 -9999.0 -9999.0 -9999.0 -9999.0 -9999.0 -9999.0 -9999.0 -9999.0 -9999.0 -9999.0 -9999.0 -9999.0 -9999.0 -9999.0 -9999.0 -9999.0 -9999.0 -9999.0 -9999.0 -9999.0 -9999.0 -9999.0 -9999.0 -9999.0 -9999.0 -9999.0 -9999.0 -9999.0
-9999.0 -9999.0 -9999.0 -9999.0 -9999.0 -9999.0 -9999.0 -9999.0 -9999.0 -9999.0 -9999.0 -9999.0 0.707223 0.830026 0.836860 0.833133 1.494121 0.988552 0.503480 0.072624 0.809418 0.000000 0.782160 0.435258 0.925157 0.000000 0.000000 0.148266 0.559267 0.000000 0.000000 0.563396 0.584640 0.000000 -9999.0 -9999.0 -9999.0 -9999.0 -9999.0 -9999.0 -9999.0 -9999.0 -9999.0 -9999.0 -9999.0 -9999.0 -9999.0 -9999.0 -9999.0 -9999.0 -9999.0 -9999.0 -9999.0 -9999.0 -9999.0 -9999.0 -9999.0 -9999.0 -9999.0 -9999.0 -9999.0 -9999.0 -9999.0
-9999.0 -9999.0 -9999.0 -9999.0 -9999.0 -9999.0 -9999.0 -9999.0 -9999.0 -9999.0 -9999.0 0.434252 0.984513 0.959631 0.468804 0.000000 0.886919 0.694877 0.605821 0.892796 0.993100 1.035818 0.471595 0.000000 0.895286 0.436843 0.000000 0.515471 0.514856 0.000000 0.465209 0.618293 0.561417 0.445492 0.637959 0.670319 0.132261 0.119811 0.018901 -9999.0 -9999.0 -9999.0 0.609333 -9999.0 -9999.0 -9999.0 -9999.0 -9999.0 -9999.0 -9999.0 -9999.0 -9999.0 -9999.0 -9999.0 -9999.0 -9999.0 -9999.0 -9999.0 -9999.0 -9999.0 -9999.0 -9999.0 -9999.0
-9999.0 -9999.0 -9999.0 -9999.0 -9999.0 -9999.0 -9999.0 -9999.0 -9999.0 -9999.0 -9999.0 0.427873 0.999252 1.232570 0.843568 0.000000 1.065544 1.169965 0.517984 0.573074 0.526895 0.401789 0.285173 0.187799 0.446740 0.195895 0.301481 0.556590 0.487525 0.000000 0.553960 0.637322 0.621250 0.588924 0.210291 0.773705 0.520913 0.009229 0.013320 0.012248 0.075314 0.100715 0.708784 0.083164 -9999.0 -9999.0 -9999.0 0.000000 0.000000 0.000000 0.328079 0.000000 0.000000 0.000000 0.000000 0.000000 -9999.0 -9999.0 -9999.0 -9999.0 -9999.0 -9999.0 -9999.0
-9999.0 -9999.0 -9999.0 -9999.0 -9999.0 -9999.0 -9999.0 -9999.0 -9999.0 -9999.0 -9999.0 0.516204 0.000000 0.832778 0.143575 0.290675 0.355004 1.366365 0.912891 0.634059 0.727445 0.500130 0.381761 0.446092 0.000000 0.127720 0.447175 0.517759 0.000000 0.000000 0.000000 0.818084 0.662956 0.251563 0.116164 0.780654 0.548491 0.027868 -0.000977 0.009150 0.135568 0.358363 0.724094 0.600098 0.215209 -9999.0 0.000000 0.000000 0.565372 0.645878 0.683406 0.657897 0.630956 0.545426 0.478678 0.000000 -9999.0 -9999.0 -9999.0 -9999.0 -9999.0 -9999.0 -9999.0
-9999.0 -9999.0 -9999.0 -9999.0 -9999.0 -9999.0 -9999.0 -9999.0 -9999.0 -9999.0 -9999.0 -9999.0 0.000000 0.715592 0.277419 0.287272 0.103836 0.629193 0.617431 0.660241 0.768850 0.567317 0.502185 0.425495 0.270243 0.409840 0.684238 0.353616 0.160731 0.476980 0.533150 0.811958 0.639190 0.610302 0.613896 0.691594 0.423505 0.086476 0.004408 -0.006182 0.074586 0.022506 0.918686 0.702291 0.116302 0.242666 0.503861 0.000000 0.810355 0.832638 0.616176 0.376697 0.687882 0.000000 0.000000 0.000000 0.000000 -9999.0 -9999.0 -9999.0 -9999.0 -9999.0 -9999.0
-9999.0 -9999.0 -9999.0 -9999.0 -9999.0 -9999.0 -9999.0 -9999.0 -9999.0 -9999.0 -9999.0 0.637511 0.000000 0.000000 0.775685 0.774753 0.702150 0.647897 0.578417 0.809757 0.765482 0.684513 0.463612 0.325577 0.382624 0.614785 0.431451 0.000000 0.249106 0.512880 0.686361 0.787846 0.724850 0.575283 0.000000 0.644310 0.238030 0.452633 0.609759 -0.014163 0.021228 0.166247 0.845393 0.596271 0.434348 0.310871 0.587131 0.602344 0.612048 0.565740 0.000000 0.000000 0.000000 0.000000 0.000000 0.000000 0.000000 -9999.0 -9999.0 -9999.0 -9999.0 -9999.0 -9999.0
-9999.0 -9999.0 -9999.0 -9999.0 -9999.0 -9999.0 -9999.0 -9999.0 -9999.0 -9999.0 0.468789 0.394250 0.330056 0.258774 0.333165 0.721684 0.661553 0.405442 0.660331 0.760718 0.608186 0.439873 0.300100 0.353820 0.493865 0.490511 0.291440 0.285434 0.363929 0.378886 0.758237 0.697649 0.544820 0.133793 0.000000 0.576815 0.455204 0.966614 1.271840 0.767755 0.651106 0.242797 0.218592 1.284444 0.585765 0.154701 0.576053 0.819973 0.867225 0.593763 0.413285 0.000000 0.000000 0.000000 0.000000 0.374167 0.355868 -9999.0 -9999.0 -9999.0 -9999.0 -9999.0 -9999.0
-9999.0 -9999.0 -9999.0 -9999.0 -9999.0 -9999.0 -9999.0 -9999.0 -9999.0 0.000000 0.313836 0.486240 0.623611 0.333417 0.393409 0.438198 0.178823 0.388526 0.781493 0.651774 0.583313 0.337076 0.419817 0.535658 0.397511 0.327346 0.257923 0.393657 0.507428 0.596005 0.606033 0.875017 0.000000 0.000000 0.488793 0.518139 0.583302 0.867851 0.756462 0.796263 1.114685 0.455299 0.485874 1.045679 0.956030 0.599031 0.510990 0.122491 0.514566 0.592281 0.568663 0.000000 0.000000 0.000000 0.000000 0.405010 0.443329 0.403044 0.000000 -9999.0 -9999.0 -9999.0 -9999.0
-9999.0 -9999.0 -9999.0 -9999.0 -9999.0 -9999.0 -9999.0 -9999.0 -9999.0 0.000000 0.000000 0.385473 0.747879 0.487289 0.400903 0.352201 0.350755 0.558045 0.786719 0.337622 0.408742 0.409765 0.433509 0.421933 0.331663 0.301636 0.408406 0.531011 0.648913 0.441647 0.668870 0.752959 0.429166 0.121124 0.546459 0.105471 0.097430 0.176810 0.178072 0.559334 0.615947 0.438281 0.519975 0.668867 1.014156 0.786053 0.772839 0.542086 0.608814 0.586510 0.497339 0.505335 0.000000 0.000000 0.000000 0.000000 0.447418 0.556108 0.477367 -9999.0 -9999.0 -9999.0 -9999.0
-9999.0 -9999.0 -9999.0 -9999.0 -9999.0 -9999.0 -9999.0 -9999.0 -9999.0 -9999.0 0.000000 0.467669 0.569914 0.882762 0.483104 0.413911 0.456972 0.558154 0.840047 0.642989 0.507627 0.530861 0.353325 0.347104 0.273397 0.448986 0.563645 0.640179 0.622587 0.428696 0.512933 0.467907 0.000000 0.000000 0.580264 0.690695 0.339840 0.398318 0.141287 0.000000 0.000000 0.392668 0.621130 0.723132 1.191617 0.962259 1.337396 0.624816 0.828671 0.884944 0.871219 0.504332 0.225092 0.000000 0.000000 0.000000 0.000000 0.523258 0.542004 0.463894 -9999.0 -9999.0 -9999.0
-9999.0 -9999.0 -9999.0 -9999.0 -9999.0 -9999.0 -9999.0 -9999.0 -9999.0 -9999.0 0.000000 0.319796 0.182605 0.631175 0.646377 0.572800 0.510247 0.559830 0.679695 0.437092 0.386025 0.371067 0.264930 0.154850 0.361441 0.632057 0.745951 0.928636 0.553787 0.000000 0.000000 0.482623 0.354856 0.000000 0.000000 0.417100 0.768098 0.564369 0.735867 0.000000 0.496336 0.537926 0.575194 0.000000 0.420705 1.016187 0.765992 1.178022 1.549105 0.815353 0.729592 0.577786 0.441341 0.313691 0.000000 0.000000 0.000000 0.480350 1.421008 0.926591 -9999.0 -9999.0 -9999.0
-9999.0 -9999.0 -9999.0 -9999.0 -9999.0 -9999.0 -9999.0 -9999.0 0.335535 0.308955 0.235871 0.325461 0.424143 0.512658 0.698043 0.821919 0.665715 0.429111 0.185273 0.319847 0.217891 0.371574 0.391777 0.330249 0.464489 1.309334 0.846523 0.643401 0.364112 0.254196 0.000000 0.000000 0.208922 0.000000 0.458325 0.000000 0.554577 0.682995 0.525949 0.071323 0.000000 0.344076 0.000000 0.000000 0.467427 0.569797 0.000346 0.613412 1.149070 0.732494 0.927174 0.918999 0.470571 0.131147 0.378596 0.547606 0.478799 0.654356 0.706611 1.784462 -9999.0 -9999.0 -9999.0
-9999.0 -9999.0 -9999.0 -9999.0 -9999.0 -9999.0 -9999.0 -9999.0 0.463904 0.502357 0.397167 0.000000 0.000000 0.490360 0.372427 0.595353 0.694399 0.627787 0.372284 0.355521 0.212316 0.204251 0.264743 0.287591 0.562302 1.161643 1.080767 0.468540 0.250580 0.215312 0.180995 0.096702 0.446358 0.383706 0.466048 0.480204 0.639702 0.704304 0.565961 0.479275 0.000000 0.000000 0.000000 0.523528 0.639813 0.554760 0.000000 0.247576 0.648204 1.531131 0.827903 0.673412 0.594614 0.492505 0.605263 0.235290 0.532710 0.745743 0.805980 0.998168 0.853600 -9999.0 -9999.0
-9999.0 -9999.0 -9999.0 -9999.0 -9999.0 -9999.0 -9999.0 -9999.0 0.000000 0.477961 0.533734 0.267374 0.420424 0.320243 0.494831 0.356781 0.538611 0.580563 0.267694 0.280115 0.339175 0.254692 0.253099 0.121836 0.596132 0.788303 0.607745 0.296862 0.097917 0.293950 0.112790 0.556057 0.399979 0.398327 0.487715 0.627994 0.571523 0.683984 0.584171 0.479149 0.217637 0.000000 0.369283 0.373149 0.000079 0.000000 0.104428 0.251155 0.258296 1.099178 1.257436 0.878401 0.695362 0.594841 0.706246 0.675668 0.976702 1.064328 0.946941 0.958770 0.862463 -9999.0 -9999.0
-9999.0 -9999.0 -9999.0 -9999.0 -9999.0 -9999.0 -9999.0 -9999.0 0.000000 0.402235 0.440637 0.080708 0.462875 0.411141 0.600660 0.684051 0.644868 0.944468 0.479822 0.679307 0.449650 0.491190 0.379139 0.371978 0.516853 0.486066 0.353983 0.238098 0.335769 0.388301 0.390913 0.551507 0.545643 0.581184 0.404647 0.241096 0.293794 0.742806 0.504906 0.365046 0.226499 0.403038 0.467142 0.156417 0.204454 0.121632 0.326597 0.133949 0.332092 0.496436 0.917039 1.349023 0.902827 0.652278 0.929489 1.062945 1.185971 1.944540 1.539254 0.886288 0.761494 0.808499 -9999.0
-9999.0 -9999.0 -9999.0 -9999.0 -9999.0 -9999.0 -9999.0 -9999.0 0.086369 0.396514 0.462827 0.388716 0.615033 0.746071 0.833469 0.657004 0.468020 0.851256 0.584808 0.773634 0.772722 0.656032 0.517982 0.481236 0.326045 0.368603 0.244089 0.414116 0.509455 0.517142 0.446196 0.676151 0.775727 0.660899 0.393921 0.384251 0.350801 0.730106 0.705537 0.350437 0.320766 0.431473 0.639466 0.404749 0.424784 0.379700 0.556526 0.706437 0.506190 0.632228 0.697466 1.095219 1.322747 0.892414 1.154527 1.166013 0.971161 0.999129 1.137172 0.850322 1.092719 0.731947 -9999.0
-9999.0 -9999.0 0.326274 0.266906 0.546311 0.388601 0.545622 0.446821 0.426381 0.406448 0.415868 0.796857 0.834505 0.806573 0.704160 0.513840 0.597382 0.316400 0.329391 0.594319 0.791635 1.214146 0.843403 0.536623 0.504152 0.522416 0.486437 0.559678 0.899952 0.625838 0.521175 0.688707 0.842901 0.999336 0.624233 0.557227 0.510127 0.660233 0.547566 0.347016 0.484986 0.577832 1.046685 0.610760 0.598432 0.583689 0.721092 1.361950 0.838876 0.893524 0.903839 0.908574 1.011011 0.951504 0.942994 0.639807 1.040513 1.054607 0.996110 1.041945 0.544166 0.582402 -9999.0
-9999.0 0.437862 0.483821 0.470042 0.394583 0.624429 0.509157 0.357506 0.376466 0.195079 0.382584 0.572158 0.924063 0.822168 0.522743 0.482968 0.310703 0.269009 0.345803 0.637048 0.845486 1.651725 1.059846 1.392838 0.502114 0.328605 0.442532 0.566455 0.803594 0.716259 0.639865 0.679318 1.037241 1.060183 0.767053 0.673395 0.578727 0.649358 0.484656 0.511084 0.634771 0.796152 1.004500 0.908403 0.832914 0.977928 0.793111 1.514976 0.989577 2.162845 0.995267 0.943093 1.069826 0.982298 0.893129 0.942943 1.370158 1.346651 0.776055 0.531451 0.739759 0.572464 -9999.0
-9999.0 0.628060 0.717441 0.725947 0.471949 0.703371 0.363265 0.279317 0.216981 0.295194 0.314954 0.462702 0.973517 0.554256 0.598892 0.360846 0.306322 0.313490 0.573061 1.059672 0.779046 1.612494 1.875619 1.204471 0.611942 0.364145 0.641809 0.484224 0.917525 1.082204 0.237379 0.404131 1.253363 1.171466 1.131446 0.842932 0.430925 0.379135 0.648097 0.704817 0.864372 1.178082 1.216219 1.021490 0.403250 0.317667 1.076750 1.079383 1.083984 0.998565 1.077338 1.542283 1.435485 1.592983 1.452405 1.063011 1.119310 0.884725 0.697853 0.439563 0.445739 -9999.0 -9999.0
-9999.0 0.539057 0.656474 1.052096 0.870243 0.807361 0.491637 0.480560 0.374680 0.359113 0.398848 0.706348 0.695822 0.510159 0.427254 0.322180 0.227407 0.388423 0.631828 0.975334 0.701600 0.954628 1.286260 0.650194 0.645991 1.014193 1.013761 1.001068 0.855572 1.001007 0.656311 0.390857 1.060238 1.178237 0.954369 0.834044 0.788783 0.361069 0.640671 0.795545 0.866565 0.618773 1.035727 0.498878 0.367483 1.140873 1.288615 1.223116 1.010044 1.759031 1.473871 0.557782 1.135025 0.049601 0.951715 -0.146529 0.695059 0.435242 0.343243 -9999.0 -9999.0 -9999.0 -9999.0
