erum2020/resources/simulation/Vinschgau/output-maps/ETN1141.asc
ncols         63
nrows         48
xllcorner     598000.000000
yllcorner     5145000.000000
cellsize      1000.000000
NODATA_value  -9999.0
[rows 0 to 28 of 48, columns 0 to 62 of 63]
-9999.0 -9999.0 -9999.0 -9999.0 -9999.0 -9999.0 -9999.0 -9999.0 -9999.0 -9999.0 -9999.0 -9999.0 -9999.0 -9999.0 -9999.0 -9999.0 -9999.0 -9999.0 -9999.0 -9999.0 -9999.0 -9999.0 -9999.0 -9999.0 -9999.0 -9999.0 -9999.0 -9999.0 -9999.0 -9999.0 -9999.0 -9999.0 -9999.0 -9999.0 -9999.0 -9999.0 -9999.0 -9999.0 -9999.0 -9999.0 -9999.0 -9999.0 -9999.0 -9999.0 -9999.0 -9999.0 -9999.0 -9999.0 -9999.0 -9999.0 -9999.0 -9999.0 -9999.0 -9999.0 -9999.0 -9999.0 -9999.0 -9999.0 -9999.0 -9999.0 -9999.0 -9999.0 -9999.0
-9999.0 -9999.0 -9999.0 -9999.0 -9999.0 -9999.0 -9999.0 -9999.0 -9999.0 -9999.0 -9999.0 -9999.0 -9999.0 -9999.0 -9999.0 -9999.0 -9999.0 -9999.0 -9999.0 -9999.0 -9999.0 -9999.0 -9999.0 -9999.0 -9999.0 -9999.0 -9999.0 0.132813 0.284907 0.161949 0.217133 0.216137 0.497155 -9999.0 -9999.0 -9999.0 -9999.0 -9999.0 -9999.0 -9999.0 -9999.0 -9999.0 -9999.0 -9999.0 -9999.0 -9999.0 -9999.0 -9999.0 -9999.0 -9999.0 -9999.0 -9999.0 -9999.0 -9999.0 -9999.0 -9999.0 -9999.0 -9999.0 -9999.0 -9999.0 -9999.0 -9999.0 -9999.0
-9999.0 -9999.0 -9999.0 -9999.0 -9999.0 -9999.0 -9999.0 -9999.0 -9999.0 -9999.0 -9999.0 -9999.0 -9999.0 -9999.0 -9999.0 -9999.0 -9999.0 -9999.0 -9999.0 -9999.0 -9999.0 -9999.0 -9999.0 -9999.0 0.341026 0.355938 0.372310 0.344779 0.291444 0.498343 0.529566 -9999.0 -9999.0 -9999.0 -9999.0 -9999.0 -9999.0 -9999.0 -9999.0 -9999.0 -9999.0 -9999.0 -9999.0 -9999.0 -9999.0 -9999.0 -9999.0 -9999.0 -9999.0 -9999.0 -9999.0 -9999.0 -9999.0 -9999.0 -9999.0 -9999.0 -9999.0 -9999.0 -9999.0 -9999.0 -9999.0 -9999.0 -9999.0
-9999.0 -9999.0 -9999.0 -9999.0 -9999.0 -9999.0 -9999.0 -9999.0 -9999.0 -9999.0 -9999.0 -9999.0 -9999.0 -9999.0 -9999.0 -9999.0 -9999.0 -9999.0 -9999.0 -9999.0 -9999.0 -9999.0 -9999.0 0.359541 0.390836 0.391772 0.206307 0.023691 0.664116 0.366397 0.223538 0.214510 -9999.0 -9999.0 -9999.0 -9999.0 -9999.0 -9999.0 -9999.0 -9999.0 -9999.0 -9999.0 -9999.0 -9999.0 -9999.0 -9999.0 -9999.0 -9999.0 -9999.0 -9999.0 -9999.0 -9999.0 -9999.0 -9999.0 -9999.0 -9999.0 -9999.0 -9999.0 -9999.0 -9999.0 -9999.0 -9999.0 -9999.0
-9999.0 -9999.0 -9999.0 -9999.0 -9999.0 -9999.0 -9999.0 -9999.0 -9999.0 -9999.0 -9999.0 -9999.0 -9999.0 -9999.0 -9999.0 -9999.0 -9999.0 -9999.0 0.439371 0.401520 -9999.0 0.370631 0.399593 0.047688 0.350055 0.021929 0.502093 0.501999 0.588724 0.505449 0.349721 0.224146 0.082524 0.131175 -9999.0 -9999.0 -9999.0 -9999.0 -9999.0 -9999.0 -9999.0 -9999.0 -9999.0 -9999.0 -9999.0 -9999.0 -9999.0 -9999.0 -9999.0 -9999.0 -9999.0 -9999.0 -9999.0 -9999.0 -9999.0 -9999.0 -9999.0 -9999.0 -9999.0 -9999.0 -9999.0 -9999.0 -9999.0
-9999.0 -9999.0 -9999.0 -9999.0 -9999.0 -9999.0 -9999.0 -9999.0 -9999.0 -9999.0 -9999.0 -9999.0 -9999.0 -9999.0 -9999.0 -9999.0 -9999.0 0.201260 0.113708 0.004447 0.112432 0.444642 0.473651 0.466411 0.476300 0.413244 0.198939 0.430948 0.155045 0.602765 0.422779 0.356671 0.170192 0.129337 0.095103 0.114019 -9999.0 -9999.0 -9999.0 -9999.0 -9999.0 -9999.0 -9999.0 -9999.0 -9999.0 -9999.0 -9999.0 -9999.0 -9999.0 -9999.0 -9999.0 -9999.0 -9999.0 -9999.0 -9999.0 -9999.0 -9999.0 -9999.0 -9999.0 -9999.0 -9999.0 -9999.0 -9999.0
-9999.0 -9999.0 -9999.0 -9999.0 -9999.0 -9999.0 -9999.0 -9999.0 -9999.0 -9999.0 -9999.0 -9999.0 -9999.0 0.434501 0.517254 0.272083 0.138575 0.001343 0.205713 0.029287 0.264642 0.487287 0.117205 0.440968 0.293612 0.389600 0.136895 0.325298 0.211929 0.351798 0.433268 0.331597 0.260218 0.210227 0.081309 0.117574 -9999.0 -9999.0 -9999.0 -9999.0 -9999.0 -9999.0 -9999.0 -9999.0 -9999.0 -9999.0 -9999.0 -9999.0 -9999.0 -9999.0 -9999.0 -9999.0 -9999.0 -9999.0 -9999.0 -9999.0 -9999.0 -9999.0 -9999.0 -9999.0 -9999.0 -9999.0 -9999.0
-9999.0 -9999.0 -9999.0 -9999.0 -9999.0 -9999.0 -9999.0 -9999.0 -9999.0 -9999.0 -9999.0 -9999.0 -9999.0 0.488228 0.202887 0.273412 0.153817 0.290760 0.001579 0.145547 0.017354 0.161680 0.259106 0.426651 0.536639 0.417758 0.286594 0.149364 0.103939 0.290639 0.404375 0.234557 0.079756 0.000000 0.091616 -9999.0 -9999.0 -9999.0 -9999.0 -9999.0 -9999.0 -9999.0 -9999.0 -9999.0 -9999.0 -9999.0 -9999.0 -9999.0 -9999.0 -9999.0 -9999.0 -9999.0 -9999.0 -9999.0 -9999.0 -9999.0 -9999.0 -9999.0 -9999.0 -9999.0 -9999.0 -9999.0 -9999.0
-9999.0 -9999.0 -9999.0 -9999.0 -9999.0 -9999.0 -9999.0 -9999.0 -9999.0 -9999.0 -9999.0 -9999.0 -9999.0 0.165259 1.055456 0.260929 0.268926 0.188383 0.001041 0.162450 0.262316 0.081337 0.458786 0.267891 0.515628 0.530099 0.176743 0.094866 0.221081 0.000000 0.377922 0.000000 0.000000 0.000000 0.113173 -9999.0 -9999.0 -9999.0 -9999.0 -9999.0 -9999.0 -9999.0 -9999.0 -9999.0 -9999.0 -9999.0 -9999.0 -9999.0 -9999.0 -9999.0 -9999.0 -9999.0 -9999.0 -9999.0 -9999.0 -9999.0 -9999.0 -9999.0 -9999.0 -9999.0 -9999.0 -9999.0 -9999.0
-9999.0 -9999.0 -9999.0 -9999.0 -9999.0 -9999.0 -9999.0 -9999.0 -9999.0 -9999.0 -9999.0 -9999.0 0.116451 1.000835 0.191499 0.591341 0.336675 0.303165 0.211835 0.004694 0.424224 0.316614 0.331755 0.249138 0.444173 0.282118 0.392119 0.228266 0.479697 0.081125 0.000000 0.086248 0.457934 0.140306 -9999.0 -9999.0 -9999.0 -9999.0 -9999.0 -9999.0 -9999.0 -9999.0 -9999.0 -9999.0 -9999.0 -9999.0 -9999.0 -9999.0 -9999.0 -9999.0 -9999.0 -9999.0 -9999.0 -9999.0 -9999.0 -9999.0 -9999.0 -9999.0 -9999.0 -9999.0 -9999.0 -9999.0 -9999.0
-9999.0 -9999.0 -9999.0 -9999.0 -9999.0 -9999.0 -9999.0 -9999.0 -9999.0 -9999.0 -9999.0 0.469321 0.563581 1.143858 0.222400 0.523100 0.001574 0.369491 0.474738 0.002221 0.064299 0.627346 0.395799 0.328705 0.104098 0.302903 0.220439 0.238080 0.470524 0.102504 0.088996 0.281571 0.104539 0.109352 0.092331 0.112028 0.221304 0.240001 0.216126 -9999.0 -9999.0 -9999.0 0.108872 -9999.0 -9999.0 -9999.0 -9999.0 -9999.0 -9999.0 -9999.0 -9999.0 -9999.0 -9999.0 -9999.0 -9999.0 -9999.0 -9999.0 -9999.0 -9999.0 -9999.0 -9999.0 -9999.0 -9999.0
-9999.0 -9999.0 -9999.0 -9999.0 -9999.0 -9999.0 -9999.0 -9999.0 -9999.0 -9999.0 -9999.0 0.472000 0.394573 0.041835 0.163447 0.479564 0.089424 0.058400 0.294256 0.465945 0.409944 0.437000 0.385202 0.311438 0.319984 0.277989 0.255161 0.257563 0.151977 0.105262 0.233025 0.474095 0.221440 0.468343 0.244191 0.232398 0.314649 0.340933 0.262142 0.103107 0.104691 0.105594 0.211813 0.084761 -9999.0 -9999.0 -9999.0 0.288408 0.372910 0.075304 0.207757 0.082309 0.084517 0.254522 0.225930 0.090390 -9999.0 -9999.0 -9999.0 -9999.0 -9999.0 -9999.0 -9999.0
-9999.0 -9999.0 -9999.0 -9999.0 -9999.0 -9999.0 -9999.0 -9999.0 -9999.0 -9999.0 -9999.0 0.452687 0.452636 0.419449 0.525589 0.483573 0.437722 0.144818 0.246402 0.426421 0.295834 0.284954 -0.044642 0.343294 0.276604 0.133583 0.043161 0.091825 0.115119 0.243639 0.102092 0.076561 0.501932 0.222470 0.081512 0.235708 0.112459 0.144557 0.329708 0.106985 0.267968 0.223177 0.478085 0.235628 0.561296 -9999.0 0.121152 0.208705 0.508314 0.252159 0.301792 0.165388 0.248741 0.385044 0.337050 0.362100 -9999.0 -9999.0 -9999.0 -9999.0 -9999.0 -9999.0 -9999.0
-9999.0 -9999.0 -9999.0 -9999.0 -9999.0 -9999.0 -9999.0 -9999.0 -9999.0 -9999.0 -9999.0 -9999.0 0.458673 0.217445 0.509716 0.510958 0.220294 0.120641 0.321024 0.440853 0.152327 0.313335 0.065053 -0.083436 -0.113242 0.166852 0.780742 0.321231 0.502957 0.088455 0.229224 0.095825 0.326026 0.212277 0.527508 0.226797 0.097077 0.151605 0.410318 0.327204 0.313455 0.167478 0.111468 0.360660 0.101450 0.315442 0.089242 0.195867 0.069716 -0.098034 0.060847 0.157010 0.163052 0.133538 0.122105 0.397494 0.411583 -9999.0 -9999.0 -9999.0 -9999.0 -9999.0 -9999.0
-9999.0 -9999.0 -9999.0 -9999.0 -9999.0 -9999.0 -9999.0 -9999.0 -9999.0 -9999.0 -9999.0 -0.004154 0.401540 0.430098 0.214653 0.348056 0.410012 0.149601 0.241117 0.286649 0.123683 0.301441 0.169773 -0.069798 -0.074190 0.135663 -0.091971 0.225415 0.219899 0.143357 -0.074427 0.130870 0.331808 0.212512 0.237457 0.208554 0.268373 0.119467 0.183329 0.339754 0.009856 0.173227 0.328245 0.085038 0.390169 0.227294 0.487195 0.146816 0.168695 0.145656 -0.083190 0.225706 0.000000 0.000000 0.000000 0.000000 0.079938 -9999.0 -9999.0 -9999.0 -9999.0 -9999.0 -9999.0
-9999.0 -9999.0 -9999.0 -9999.0 -9999.0 -9999.0 -9999.0 -9999.0 -9999.0 -9999.0 0.629652 0.004358 0.402144 0.407113 0.433696 0.244335 0.240377 0.211749 0.183807 0.271793 0.478172 0.477585 -0.185228 0.401502 0.072594 0.179020 0.022168 -0.084480 0.325491 0.374709 0.231032 0.224977 0.352300 0.213891 0.118581 0.103358 0.310825 0.107990 -0.187949 0.309636 0.320166 0.182964 0.251055 0.385760 0.109812 0.148289 0.287325 0.065207 0.000287 0.196047 0.000000 0.074795 0.000000 0.000000 0.000000 0.213146 0.212170 -9999.0 -9999.0 -9999.0 -9999.0 -9999.0 -9999.0
-9999.0 -9999.0 -9999.0 -9999.0 -9999.0 -9999.0 -9999.0 -9999.0 -9999.0 0.282320 0.371365 0.039860 0.068039 0.010839 -0.005925 0.158367 0.116317 0.431320 0.109788 0.240224 0.474395 0.104219 0.234907 0.322389 0.266747 -0.308715 -0.216776 0.365430 -0.002503 0.193889 0.275491 -0.303429 0.109061 0.084701 0.104830 0.103324 0.306410 0.121534 -0.092330 0.123374 0.253067 -0.204628 -0.186327 0.294481 0.327525 0.139433 0.419058 -0.016026 -0.014732 0.253754 0.220698 0.078368 0.000000 0.088844 0.074965 0.000000 0.000000 0.079427 0.076478 -9999.0 -9999.0 -9999.0 -9999.0
-9999.0 -9999.0 -9999.0 -9999.0 -9999.0 -9999.0 -9999.0 -9999.0 -9999.0 0.276581 0.277368 0.378956 0.734734 0.263955 0.101400 0.007529 0.415173 0.336519 0.112473 0.368104 0.392143 0.157240 0.472660 0.449199 -0.306967 -0.108499 0.088597 0.152596 0.318499 0.391299 0.386213 -0.306059 0.240414 0.223431 0.207148 0.103596 0.124436 0.165242 0.266877 0.360021 0.071154 -0.034603 0.040474 0.340783 0.325895 0.398457 0.369761 0.312412 0.217482 0.230199 -0.294462 -0.198925 0.079887 0.459305 0.476190 0.000000 0.000000 0.000000 0.117861 -9999.0 -9999.0 -9999.0 -9999.0
-9999.0 -9999.0 -9999.0 -9999.0 -9999.0 -9999.0 -9999.0 -9999.0 -9999.0 -9999.0 0.226643 0.338087 0.174315 0.531207 0.273423 0.118182 0.251699 0.378105 0.082786 0.401512 0.432284 0.077646 0.171976 -0.096585 -0.071347 0.075063 0.255679 0.332269 0.367413 -0.314043 -0.309491 0.067975 -0.224020 0.213750 0.462328 0.515702 0.357190 0.374138 0.125679 0.229506 0.220473 0.362175 0.670063 0.145056 0.199313 0.254051 0.191490 0.433858 0.348308 0.254547 -0.302149 0.000000 0.076586 0.071986 0.458356 0.194704 0.382599 0.205529 0.233694 0.100549 -9999.0 -9999.0 -9999.0
-9999.0 -9999.0 -9999.0 -9999.0 -9999.0 -9999.0 -9999.0 -9999.0 -9999.0 -9999.0 0.205126 0.287191 0.357104 0.171539 0.491959 0.249006 0.219383 0.180608 0.237046 0.211133 0.135811 0.114399 0.141818 0.151071 0.129380 0.276649 0.316525 0.173746 -0.323333 -0.227759 0.251555 0.461518 0.000000 0.228432 0.258282 0.365300 0.287158 0.347584 0.216976 0.225682 0.224512 0.174933 0.080410 0.344422 0.382255 -0.050858 0.213965 0.193284 0.235951 0.371134 0.195937 -0.047892 -0.214448 0.075175 0.074348 0.070285 0.192658 -0.076105 0.463259 0.379449 -9999.0 -9999.0 -9999.0
-9999.0 -9999.0 -9999.0 -9999.0 -9999.0 -9999.0 -9999.0 -9999.0 0.284795 0.226539 0.219773 0.244242 0.235500 0.164101 -0.053659 0.373409 0.082828 0.118930 0.264075 0.095198 0.113494 0.066086 0.127517 0.162312 0.347926 0.206392 0.371822 -0.329619 -0.135595 -0.228541 0.000000 0.224959 0.230724 0.224429 0.478177 0.268387 0.395989 0.195406 -0.307904 0.108530 0.147103 0.354301 -0.085942 0.110974 0.141950 0.646766 -0.302744 0.044899 0.206065 0.365138 0.266463 0.221938 0.000000 -0.189458 0.070751 0.192376 0.086652 0.337495 0.262509 0.348352 -9999.0 -9999.0 -9999.0
-9999.0 -9999.0 -9999.0 -9999.0 -9999.0 -9999.0 -9999.0 -9999.0 0.269376 0.265568 -0.224693 0.212824 0.267140 0.138825 -0.304192 0.224195 0.104931 0.100867 0.006205 0.104027 0.252468 0.396682 0.358239 0.087004 0.106242 0.231142 0.246209 -0.027876 0.000009 0.225918 0.218136 0.117493 0.259987 0.129700 0.299372 0.351524 0.438674 0.215284 0.168644 0.335132 0.241220 0.000000 0.134068 0.341864 0.599399 0.231836 -0.085975 0.285127 0.097006 0.345634 0.362087 0.042931 0.000000 0.200974 0.240036 0.000066 -0.103465 0.126193 0.362268 0.468565 0.184366 -9999.0 -9999.0
-9999.0 -9999.0 -9999.0 -9999.0 -9999.0 -9999.0 -9999.0 -9999.0 0.249997 0.496754 0.200882 -0.220081 0.431466 -0.084458 -0.028700 -0.295427 0.228129 0.192055 0.037247 0.227119 0.100526 0.310122 0.298151 0.125940 0.344296 0.120050 0.269635 -0.320114 0.000000 0.239298 0.135670 0.359252 0.054687 0.051594 0.372246 0.449720 0.227643 0.475190 -0.009675 -0.093122 0.296452 0.145804 0.334843 0.509311 0.048402 0.314524 0.104341 0.254955 -0.159271 0.123928 0.364252 0.207056 0.000000 0.000000 0.000056 0.158908 0.271778 0.352341 0.392129 0.512436 0.465978 -9999.0 -9999.0
-9999.0 -9999.0 -9999.0 -9999.0 -9999.0 -9999.0 -9999.0 -9999.0 0.073496 0.292335 0.280009 0.000000 0.268023 0.117500 -0.144181 0.267807 0.035501 0.049437 0.395379 0.128551 0.153295 0.234184 0.310611 0.224584 0.180068 0.259236 -0.073257 -0.309835 0.343399 -0.080011 -0.042896 0.013695 0.207285 0.289293 0.221340 0.377277 0.385233 0.129421 0.293167 0.157950 0.362945 0.375488 0.381040 0.172778 0.277771 0.144765 0.324139 0.158478 0.254881 -0.075849 0.130878 0.270817 0.184400 0.000000 0.178892 0.280142 0.358771 0.351214 0.317979 0.467644 0.432927 0.229814 -9999.0
-9999.0 -9999.0 -9999.0 -9999.0 -9999.0 -9999.0 -9999.0 -9999.0 0.204997 0.228425 0.245610 -0.314568 -0.117546 0.059409 0.409570 0.354813 0.446913 0.195281 0.236929 0.103346 0.158473 0.320314 0.219028 0.164372 0.271994 0.197616 -0.310109 0.121070 0.256344 0.303739 -0.062763 0.312570 0.423606 0.381493 0.295518 0.316555 0.254165 0.111939 0.051779 0.389417 0.300320 0.259600 0.290301 0.201148 -0.032380 0.378689 0.074651 0.011296 0.050015 0.220041 0.288997 0.129981 0.193490 0.239569 0.302597 0.340618 0.367411 0.418451 0.460350 0.376078 0.139927 0.227941 -9999.0
-9999.0 -9999.0 0.306513 0.303749 0.257913 0.185352 0.205389 0.148608 0.211114 0.192500 0.155414 0.147912 0.028339 0.140959 0.434865 0.336262 0.135168 -0.307201 0.010415 0.251312 0.099803 0.258943 0.495532 0.064651 0.222615 0.090926 0.190581 0.244365 0.239533 0.508338 0.161146 0.231706 0.497243 0.150403 0.402339 0.132945 0.147634 0.042888 0.023528 0.049797 0.059862 0.323693 0.127537 0.414991 0.233809 0.268389 0.375116 0.351899 0.350004 0.383231 0.232388 0.347273 0.338197 0.298413 0.290811 0.388055 0.337636 0.364108 0.372499 0.160329 0.421027 0.213311 -9999.0
-9999.0 0.154109 -0.067458 0.167206 -0.088205 0.047763 -0.074592 -0.228934 -0.214903 0.211234 0.007872 -0.319345 0.234749 0.418425 0.389722 -0.097224 -0.202756 -0.012347 -0.100105 0.184724 0.137838 0.135055 0.545030 0.323155 0.172675 0.137719 0.279224 0.330410 0.206851 0.429813 0.231036 0.229303 0.325900 0.449894 0.130064 0.228805 0.133584 0.021027 0.228819 0.385613 0.125687 0.133921 0.149628 0.137544 0.114164 0.114997 0.434271 0.085136 0.124653 0.338037 0.434918 0.385477 0.340388 0.288471 0.272956 0.278750 0.203427 0.252517 0.318393 0.407403 0.243861 0.209740 -9999.0
-9999.0 0.424166 0.057906 0.157976 0.372701 0.350712 -0.299686 -0.221977 0.215522 0.214792 -0.225606 -0.321744 0.189674 0.397339 -0.091693 0.000000 -0.227484 -0.076713 0.008078 0.207170 0.483264 0.339594 0.252703 0.427008 0.391530 0.226313 0.060193 0.116837 0.416932 0.048978 0.029477 0.035298 0.428684 0.462701 0.451204 0.522991 0.250659 0.232301 0.106842 0.139377 0.179711 0.336551 0.138792 0.168195 0.057675 0.025627 0.334928 0.459629 0.459175 0.446799 0.402871 0.241869 0.217579 0.322263 0.235714 -0.076625 -0.092593 -0.085472 -0.046430 -0.073469 0.015025 -9999.0 -9999.0
-9999.0 0.391208 0.029235 0.237296 0.375124 0.409404 0.350765 -0.305266 -0.055506 -0.004779 0.109079 0.060693 0.285782 0.362191 -0.323722 0.000000 -0.221681 0.075880 -0.302389 -0.038828 -0.142076 -0.004525 0.217199 0.378438 0.394450 0.435504 0.445260 0.454527 0.186617 0.422593 0.078835 0.055907 0.498421 0.522525 0.506912 0.484485 0.514074 0.219037 0.479140 0.458055 0.467148 0.236023 0.493637 0.062053 0.051536 0.476741 0.461353 0.482555 0.454557 0.256904 0.287464 0.365486 0.038331 0.213728 -0.070513 -0.326529 -0.325085 -0.322222 -0.322584 -9999.0 -9999.0 -9999.0 -9999.0
