erum2020/resources/simulation/Vinschgau/output-maps/ETN1432.asc
ncols         63
nrows         48
xllcorner     598000.000000
yllcorner     5145000.000000
cellsize      1000.000000
NODATA_value  -9999.0
[rows 0 to 27 of 48, columns 0 to 62 of 63]
-9999.0 -9999.0 -9999.0 -9999.0 -9999.0 -9999.0 -9999.0 -9999.0 -9999.0 -9999.0 -9999.0 -9999.0 -9999.0 -9999.0 -9999.0 -9999.0 -9999.0 -9999.0 -9999.0 -9999.0 -9999.0 -9999.0 -9999.0 -9999.0 -9999.0 -9999.0 -9999.0 -9999.0 -9999.0 -9999.0 -9999.0 -9999.0 -9999.0 -9999.0 -9999.0 -9999.0 -9999.0 -9999.0 -9999.0 -9999.0 -9999.0 -9999.0 -9999.0 -9999.0 -9999.0 -9999.0 -9999.0 -9999.0 -9999.0 -9999.0 -9999.0 -9999.0 -9999.0 -9999.0 -9999.0 -9999.0 -9999.0 -9999.0 -9999.0 -9999.0 -9999.0 -9999.0 -9999.0
-9999.0 -9999.0 -9999.0 -9999.0 -9999.0 -9999.0 -9999.0 -9999.0 -9999.0 -9999.0 -9999.0 -9999.0 -9999.0 -9999.0 -9999.0 -9999.0 -9999.0 -9999.0 -9999.0 -9999.0 -9999.0 -9999.0 -9999.0 -9999.0 -9999.0 -9999.0 -9999.0 -0.064717 -0.167513 -0.060891 -0.184907 -0.181294 -0.006574 -9999.0 -9999.0 -9999.0 -9999.0 -9999.0 -9999.0 -9999.0 -9999.0 -9999.0 -9999.0 -9999.0 -9999.0 -9999.0 -9999.0 -9999.0 -9999.0 -9999.0 -9999.0 -9999.0 -9999.0 -9999.0 -9999.0 -9999.0 -9999.0 -9999.0 -9999.0 -9999.0 -9999.0 -9999.0 -9999.0
-9999.0 -9999.0 -9999.0 -9999.0 -9999.0 -9999.0 -9999.0 -9999.0 -9999.0 -9999.0 -9999.0 -9999.0 -9999.0 -9999.0 -9999.0 -9999.0 -9999.0 -9999.0 -9999.0 -9999.0 -9999.0 -9999.0 -9999.0 -9999.0 -0.150188 -0.143686 -0.115522 -0.148501 -0.110116 -0.136053 -0.187714 -9999.0 -9999.0 -9999.0 -9999.0 -9999.0 -9999.0 -9999.0 -9999.0 -9999.0 -9999.0 -9999.0 -9999.0 -9999.0 -9999.0 -9999.0 -9999.0 -9999.0 -9999.0 -9999.0 -9999.0 -9999.0 -9999.0 -9999.0 -9999.0 -9999.0 -9999.0 -9999.0 -9999.0 -9999.0 -9999.0 -9999.0 -9999.0
-9999.0 -9999.0 -9999.0 -9999.0 -9999.0 -9999.0 -9999.0 -9999.0 -9999.0 -9999.0 -9999.0 -9999.0 -9999.0 -9999.0 -9999.0 -9999.0 -9999.0 -9999.0 -9999.0 -9999.0 -9999.0 -9999.0 -9999.0 -0.139610 -0.096357 0.009970 -0.001693 -0.011884 -0.012571 -0.145310 -0.186305 -0.187953 -9999.0 -9999.0 -9999.0 -9999.0 -9999.0 -9999.0 -9999.0 -9999.0 -9999.0 -9999.0 -9999.0 -9999.0 -9999.0 -9999.0 -9999.0 -9999.0 -9999.0 -9999.0 -9999.0 -9999.0 -9999.0 -9999.0 -9999.0 -9999.0 -9999.0 -9999.0 -9999.0 -9999.0 -9999.0 -9999.0 -9999.0
-9999.0 -9999.0 -9999.0 -9999.0 -9999.0 -9999.0 -9999.0 -9999.0 -9999.0 -9999.0 -9999.0 -9999.0 -9999.0 -9999.0 -9999.0 -9999.0 -9999.0 -9999.0 0.027964 -0.114090 -9999.0 -0.117095 -0.102909 -0.013094 0.002578 -0.013226 0.101165 0.053664 0.087190 -0.045569 -0.152422 -0.185756 -0.068762 -0.054541 -9999.0 -9999.0 -9999.0 -9999.0 -9999.0 -9999.0 -9999.0 -9999.0 -9999.0 -9999.0 -9999.0 -9999.0 -9999.0 -9999.0 -9999.0 -9999.0 -9999.0 -9999.0 -9999.0 -9999.0 -9999.0 -9999.0 -9999.0 -9999.0 -9999.0 -9999.0 -9999.0 -9999.0 -9999.0
-9999.0 -9999.0 -9999.0 -9999.0 -9999.0 -9999.0 -9999.0 -9999.0 -9999.0 -9999.0 -9999.0 -9999.0 -9999.0 -9999.0 -9999.0 -9999.0 -9999.0 0.056610 -0.002332 -0.002839 -0.042007 -0.044189 -0.060776 -0.016760 0.042153 0.015611 -0.307091 -0.048386 -0.242978 0.096569 -0.077463 -0.147035 -0.059275 -0.066051 -0.064262 -0.061042 -9999.0 -9999.0 -9999.0 -9999.0 -9999.0 -9999.0 -9999.0 -9999.0 -9999.0 -9999.0 -9999.0 -9999.0 -9999.0 -9999.0 -9999.0 -9999.0 -9999.0 -9999.0 -9999.0 -9999.0 -9999.0 -9999.0 -9999.0 -9999.0 -9999.0 -9999.0 -9999.0
-9999.0 -9999.0 -9999.0 -9999.0 -9999.0 -9999.0 -9999.0 -9999.0 -9999.0 -9999.0 -9999.0 -9999.0 -9999.0 -0.113684 0.006482 0.033117 0.012255 -0.005192 0.045981 -0.016828 -0.002411 -0.000241 -0.015569 -0.007628 -0.057193 -0.104793 -0.094485 -0.216340 -0.231422 -0.070125 0.229394 -0.076374 -0.171854 -0.182793 -0.068355 -0.061619 -9999.0 -9999.0 -9999.0 -9999.0 -9999.0 -9999.0 -9999.0 -9999.0 -9999.0 -9999.0 -9999.0 -9999.0 -9999.0 -9999.0 -9999.0 -9999.0 -9999.0 -9999.0 -9999.0 -9999.0 -9999.0 -9999.0 -9999.0 -9999.0 -9999.0 -9999.0 -9999.0
-9999.0 -9999.0 -9999.0 -9999.0 -9999.0 -9999.0 -9999.0 -9999.0 -9999.0 -9999.0 -9999.0 -9999.0 -9999.0 -0.075602 -0.003028 0.024948 0.017741 0.036456 -0.005410 -0.010997 -0.010789 -0.026072 0.006390 0.038771 0.013287 -0.047257 -0.172486 -0.065072 -0.069354 -0.252121 -0.233703 -0.189466 -0.068891 -0.066651 -0.066405 -9999.0 -9999.0 -9999.0 -9999.0 -9999.0 -9999.0 -9999.0 -9999.0 -9999.0 -9999.0 -9999.0 -9999.0 -9999.0 -9999.0 -9999.0 -9999.0 -9999.0 -9999.0 -9999.0 -9999.0 -9999.0 -9999.0 -9999.0 -9999.0 -9999.0 -9999.0 -9999.0 -9999.0
-9999.0 -9999.0 -9999.0 -9999.0 -9999.0 -9999.0 -9999.0 -9999.0 -9999.0 -9999.0 -9999.0 -9999.0 -9999.0 -0.007292 0.413001 -0.001365 0.021992 0.017917 -0.005209 0.021030 0.000369 -0.005112 0.061813 -0.184919 0.010333 0.013786 -0.056773 -0.069954 -0.189392 -0.069490 -0.188443 -0.066164 -0.063438 0.000000 -0.059985 -9999.0 -9999.0 -9999.0 -9999.0 -9999.0 -9999.0 -9999.0 -9999.0 -9999.0 -9999.0 -9999.0 -9999.0 -9999.0 -9999.0 -9999.0 -9999.0 -9999.0 -9999.0 -9999.0 -9999.0 -9999.0 -9999.0 -9999.0 -9999.0 -9999.0 -9999.0 -9999.0 -9999.0
-9999.0 -9999.0 -9999.0 -9999.0 -9999.0 -9999.0 -9999.0 -9999.0 -9999.0 -9999.0 -9999.0 -9999.0 -0.017073 0.352480 -0.006997 0.005559 0.042519 0.031341 0.017320 -0.003953 -0.004487 -0.099798 -0.103784 -0.179876 0.110543 -0.177617 0.075578 -0.190278 -0.176697 -0.070628 -0.179919 -0.067013 -0.192627 -0.056457 -9999.0 -9999.0 -9999.0 -9999.0 -9999.0 -9999.0 -9999.0 -9999.0 -9999.0 -9999.0 -9999.0 -9999.0 -9999.0 -9999.0 -9999.0 -9999.0 -9999.0 -9999.0 -9999.0 -9999.0 -9999.0 -9999.0 -9999.0 -9999.0 -9999.0 -9999.0 -9999.0 -9999.0 -9999.0
-9999.0 -9999.0 -9999.0 -9999.0 -9999.0 -9999.0 -9999.0 -9999.0 -9999.0 -9999.0 -9999.0 -0.100080 0.017589 0.380396 -0.007425 -0.061323 -0.001777 0.025774 0.066237 -0.001701 -0.011007 0.040296 -0.140221 -0.167334 -0.010183 -0.167847 -0.195798 -0.181673 0.015024 -0.065092 -0.065351 -0.169045 -0.067943 -0.061211 -0.065471 -0.067454 -0.189428 -0.175203 -0.171236 -9999.0 -9999.0 -9999.0 -0.058486 -9999.0 -9999.0 -9999.0 -9999.0 -9999.0 -9999.0 -9999.0 -9999.0 -9999.0 -9999.0 -9999.0 -9999.0 -9999.0 -9999.0 -9999.0 -9999.0 -9999.0 -9999.0 -9999.0 -9999.0
-9999.0 -9999.0 -9999.0 -9999.0 -9999.0 -9999.0 -9999.0 -9999.0 -9999.0 -9999.0 -9999.0 -0.115561 0.006627 -0.014106 -0.006540 -0.105505 -0.006140 -0.004697 0.059085 0.063146 0.007110 -0.094435 -0.094041 -0.240878 -0.243171 -0.179698 -0.184205 -0.158342 -0.062116 -0.065586 -0.183785 -0.122180 -0.191539 -0.185840 -0.170203 -0.183471 -0.144116 -0.159400 -0.175415 -0.061568 -0.061462 -0.059686 -0.189138 -0.066546 -9999.0 -9999.0 -9999.0 -0.138266 -0.179627 -0.067502 -0.193135 -0.065696 -0.066756 -0.161379 -0.174324 -0.062166 -9999.0 -9999.0 -9999.0 -9999.0 -9999.0 -9999.0 -9999.0
-9999.0 -9999.0 -9999.0 -9999.0 -9999.0 -9999.0 -9999.0 -9999.0 -9999.0 -9999.0 -9999.0 -0.113497 -0.111745 -0.006966 -0.046007 -0.091430 0.016757 0.005689 -0.011299 0.059628 0.110318 -0.014267 -0.244499 -0.151685 -0.180189 -0.065142 -0.243130 -0.043445 -0.069476 -0.183816 -0.068897 -0.241796 -0.154451 -0.195822 -0.068367 -0.148436 -0.242339 -0.068922 -0.149476 -0.068730 -0.178493 -0.173853 -0.154673 -0.187660 -0.195646 -9999.0 -0.054566 -0.193707 -0.184729 -0.166631 -0.155088 -0.058410 -0.160446 -0.177549 -0.164083 -0.182024 -9999.0 -9999.0 -9999.0 -9999.0 -9999.0 -9999.0 -9999.0
-9999.0 -9999.0 -9999.0 -9999.0 -9999.0 -9999.0 -9999.0 -9999.0 -9999.0 -9999.0 -9999.0 -9999.0 -0.105588 -0.032195 -0.093247 -0.079256 0.040307 0.007246 0.044913 0.063961 0.023395 -0.031304 -0.126769 -0.240522 -0.238216 -0.243676 0.316006 -0.166921 -0.191986 -0.067936 -0.186703 -0.244084 -0.161779 -0.190222 -0.193612 -0.174891 -0.244263 -0.065643 -0.048155 -0.169052 -0.149754 -0.058692 -0.244301 -0.117304 -0.069261 -0.186100 -0.066356 -0.193873 -0.234708 -0.237615 -0.220502 -0.235923 -0.024181 -0.229107 -0.224393 -0.176621 -0.189084 -9999.0 -9999.0 -9999.0 -9999.0 -9999.0 -9999.0
-9999.0 -9999.0 -9999.0 -9999.0 -9999.0 -9999.0 -9999.0 -9999.0 -9999.0 -9999.0 -9999.0 -0.247116 -0.128822 -0.119617 0.025768 -0.044450 0.019489 0.025993 0.002531 0.117708 0.015008 0.063571 -0.005588 -0.242825 -0.244273 -0.056425 -0.243709 -0.192666 -0.188784 -0.065120 -0.244555 -0.078590 -0.118924 -0.192583 -0.177586 -0.188250 -0.179850 -0.244004 -0.034616 -0.134588 -0.246116 -0.133047 -0.034842 -0.079560 -0.130314 -0.191525 -0.175554 -0.063771 -0.057884 -0.203754 -0.086667 -0.189446 -0.227267 -0.082718 -0.078420 -0.068395 -0.066838 -9999.0 -9999.0 -9999.0 -9999.0 -9999.0 -9999.0
-9999.0 -9999.0 -9999.0 -9999.0 -9999.0 -9999.0 -9999.0 -9999.0 -9999.0 -9999.0 0.243488 -0.227757 -0.115457 -0.114248 -0.100614 0.198987 0.194830 0.034191 0.042300 0.115321 0.071378 0.109263 -0.332866 -0.085586 -0.165732 0.040153 -0.243841 -0.087109 -0.162366 -0.145087 -0.208652 -0.019729 -0.136833 -0.194210 -0.064203 -0.068423 -0.157850 -0.246437 -0.304323 0.119409 0.114810 0.081497 0.029084 0.165882 -0.209306 -0.065985 -0.170715 -0.237276 -0.204741 -0.156082 -0.085400 -0.071565 -0.075950 -0.064720 -0.068977 -0.186628 -0.188223 -9999.0 -9999.0 -9999.0 -9999.0 -9999.0 -9999.0
-9999.0 -9999.0 -9999.0 -9999.0 -9999.0 -9999.0 -9999.0 -9999.0 -9999.0 -0.173058 -0.071001 -0.218441 -0.152818 -0.245986 -0.189615 -0.165761 -0.214497 -0.040256 0.007036 0.104600 0.068998 0.024850 0.020776 0.002609 0.003604 -0.336422 -0.242988 -0.132774 -0.228105 -0.121698 0.040124 -0.330588 -0.071503 -0.067001 -0.058047 -0.065687 -0.151047 -0.245597 -0.247273 -0.214661 0.063558 -0.341266 -0.341597 0.059794 0.027769 -0.209951 -0.105441 -0.244277 -0.243808 0.053716 -0.237755 -0.070118 -0.064025 -0.062599 -0.070230 -0.230951 -0.235658 -0.068471 -0.070289 -9999.0 -9999.0 -9999.0 -9999.0
-9999.0 -9999.0 -9999.0 -9999.0 -9999.0 -9999.0 -9999.0 -9999.0 -9999.0 -0.171176 -0.170300 -0.138177 0.200285 -0.081347 -0.224993 -0.243295 -0.082161 0.025024 0.005184 0.061054 0.062474 -0.015644 0.113624 0.088140 -0.335595 -0.250244 -0.250775 -0.170527 0.115460 0.053376 -0.068979 -0.333391 -0.183409 -0.193684 -0.189665 -0.066903 -0.067051 -0.061022 -0.181692 -0.122042 -0.247264 -0.245226 -0.239902 0.123792 0.117527 0.093645 0.032809 -0.016084 -0.096243 0.059043 -0.320800 -0.205464 -0.064486 -0.178206 -0.073267 -0.216526 -0.241512 -0.245297 -0.067874 -9999.0 -9999.0 -9999.0 -9999.0
-9999.0 -9999.0 -9999.0 -9999.0 -9999.0 -9999.0 -9999.0 -9999.0 -9999.0 -9999.0 -0.184167 -0.125716 -0.178379 0.415961 -0.040705 -0.213545 -0.094105 0.023255 0.003771 0.099199 0.067731 0.042243 -0.088966 -0.319238 -0.247003 -0.220921 0.059284 0.111920 -0.054291 -0.342289 -0.337278 -0.094107 -0.231215 -0.191298 -0.162313 -0.117492 -0.119063 -0.096161 -0.068861 -0.190442 -0.192884 -0.110346 0.236461 -0.205082 0.013118 0.096805 0.009197 0.072955 -0.010628 -0.009659 -0.329426 -0.238349 -0.069375 -0.065235 -0.176756 -0.193950 -0.176629 -0.050192 -0.197246 -0.210540 -9999.0 -9999.0 -9999.0
-9999.0 -9999.0 -9999.0 -9999.0 -9999.0 -9999.0 -9999.0 -9999.0 -9999.0 -9999.0 -0.185224 -0.168745 -0.117082 -0.125237 0.151922 0.059841 0.044852 0.053990 0.046397 0.035582 0.037322 0.012976 -0.157648 -0.205592 -0.207102 0.088034 0.114775 0.019056 -0.352541 -0.235253 -0.194399 -0.115702 -0.088958 -0.192011 -0.188208 -0.073641 0.095259 -0.217573 -0.245036 -0.193319 -0.184379 -0.043579 -0.245300 -0.155586 -0.071399 -0.332905 -0.140647 0.016989 0.011410 -0.007102 0.006324 -0.247303 -0.222098 -0.071194 -0.061940 -0.065411 -0.195058 -0.257780 0.272543 0.155448 -9999.0 -9999.0 -9999.0
-9999.0 -9999.0 -9999.0 -9999.0 -9999.0 -9999.0 -9999.0 -9999.0 -0.155792 -0.190025 -0.170861 -0.151329 -0.246160 -0.239338 -0.271624 0.228306 -0.014887 -0.014685 0.019657 0.018309 0.023201 0.002256 0.003397 0.007601 0.005886 0.115995 0.049852 -0.369461 -0.256999 -0.236165 -0.069968 -0.192219 -0.191647 -0.186124 -0.180337 -0.180446 -0.117146 -0.154220 -0.335200 -0.068314 -0.066074 -0.103575 -0.089673 -0.068738 -0.055107 0.262300 -0.329754 -0.244005 0.057863 0.158937 0.109045 -0.344758 -0.236698 -0.196101 -0.067086 -0.182296 -0.067440 -0.094691 0.001453 0.057573 -9999.0 -9999.0 -9999.0
-9999.0 -9999.0 -9999.0 -9999.0 -9999.0 -9999.0 -9999.0 -9999.0 0.089708 -0.246133 -0.238770 -0.186683 -0.174019 -0.002638 -0.335933 0.081313 0.024829 0.011408 -0.003788 0.018151 0.059411 0.052062 0.003005 -0.021538 0.004875 0.071889 0.165585 -0.247318 -0.091930 -0.188899 -0.193187 -0.066893 -0.179364 -0.067436 -0.157188 -0.131364 -0.061022 0.143373 -0.243733 -0.166587 -0.193587 -0.182711 -0.067882 -0.156316 0.164667 -0.247138 -0.088857 -0.175291 -0.229490 0.189653 0.150996 -0.245551 -0.318659 -0.189577 -0.173890 0.000000 -0.264200 -0.164281 -0.005298 0.102391 0.032272 -9999.0 -9999.0
-9999.0 -9999.0 -9999.0 -9999.0 -9999.0 -9999.0 -9999.0 -9999.0 -0.189480 0.085713 -0.186935 -0.228495 -0.158977 -0.090674 -0.248304 -0.336802 0.064816 0.011425 0.001832 0.057744 0.017488 0.049534 0.006731 0.003614 0.016843 0.011692 0.173700 -0.349126 -0.088219 -0.190123 -0.066827 -0.083786 -0.245773 -0.247063 -0.082708 -0.084762 -0.039264 0.207103 -0.183067 -0.254683 -0.173908 -0.066965 -0.156252 0.112233 -0.247540 -0.158711 -0.067431 -0.183297 -0.245278 -0.072161 0.174823 0.068276 -0.327090 -0.317341 0.000000 -0.178941 0.097093 0.083128 0.001735 0.135053 0.123469 -9999.0 -9999.0
-9999.0 -9999.0 -9999.0 -9999.0 -9999.0 -9999.0 -9999.0 -9999.0 -0.069795 -0.163465 -0.246620 -0.087887 -0.166338 -0.251419 -0.338460 0.192390 -0.003615 0.002584 0.071608 0.042672 0.027217 0.040312 0.050585 0.035867 0.040067 0.145802 -0.303138 -0.337523 -0.126141 -0.241616 -0.247970 -0.230548 -0.094167 0.017845 -0.226256 -0.138076 -0.068799 0.009622 0.105260 -0.189750 -0.162309 -0.150474 -0.145388 -0.056703 -0.180092 -0.065345 -0.162825 -0.063026 -0.183361 -0.255937 -0.029737 0.066046 -0.036782 -0.272533 0.023666 0.096054 0.061778 0.131347 0.130244 0.120578 0.029486 0.075573 -9999.0
-9999.0 -9999.0 -9999.0 -9999.0 -9999.0 -9999.0 -9999.0 -9999.0 -0.190359 -0.167413 0.100833 -0.343224 -0.350938 -0.310628 0.076936 0.101456 0.142263 0.061506 0.063331 0.010796 0.038945 0.061465 0.037884 0.027078 -0.016505 0.043430 -0.338946 -0.211439 -0.033275 0.085025 -0.337951 0.089007 0.019404 0.143071 -0.044321 -0.011567 -0.012425 0.003644 -0.004392 0.056907 -0.040546 -0.069353 0.016858 -0.083109 -0.249461 -0.130013 -0.229944 -0.162255 -0.240351 0.029066 -0.003734 0.030899 0.052062 0.060816 0.103868 0.130253 0.131518 0.118312 0.121125 0.000609 0.011811 0.075229 -9999.0
-9999.0 -9999.0 -0.161684 -0.151568 0.114845 -0.242846 -0.065399 -0.240708 -0.185824 -0.185445 -0.254051 -0.007544 -0.297793 0.092364 0.067908 0.153392 -0.083296 -0.335271 -0.241413 0.098681 0.010603 0.051175 0.130667 0.017528 0.038792 0.016199 0.029311 0.069043 0.040740 0.068797 -0.085436 0.055735 0.070662 0.014306 0.018284 0.005995 0.016316 0.000564 -0.005034 -0.004638 -0.011929 -0.010931 -0.002186 0.021781 0.051990 -0.061358 0.115505 0.143220 0.014089 0.019296 0.014585 0.077374 0.107973 0.113753 0.108182 0.077712 0.124353 0.086797 0.009064 0.027792 0.055072 0.075617 -9999.0
-9999.0 -0.238439 -0.240294 -0.242473 -0.241988 -0.243889 -0.036949 -0.238016 -0.222717 -0.190253 -0.250136 -0.353373 0.132921 0.060332 0.068534 -0.355331 -0.253399 -0.245337 -0.244456 -0.019478 0.012577 0.008223 0.090160 0.131014 0.002868 0.006743 0.009993 0.017571 0.018853 0.046091 0.027720 0.015020 0.024717 0.031814 0.006531 0.006777 -0.000828 -0.000480 0.011055 0.002423 0.001824 0.009355 -0.000768 0.004631 0.007224 0.006058 0.121230 0.003584 0.003332 0.134113 0.113466 0.115641 0.123873 0.106123 0.097570 0.096792 0.141579 0.183307 0.128491 0.074344 0.151058 0.077540 -9999.0
-9999.0 -0.047016 -0.153702 -0.162668 -0.009128 -0.215181 -0.326489 -0.230074 -0.190214 -0.178253 -0.242543 -0.351391 0.121818 0.063319 -0.338709 -0.342742 -0.238909 -0.244166 -0.228328 0.053141 0.159420 0.174788 0.107369 0.127803 0.067157 0.052295 0.014375 0.032010 0.060378 0.002029 0.000833 0.001103 0.027501 0.093145 0.065548 0.070323 0.066010 0.066296 0.006866 0.004959 0.007223 0.085778 0.004016 0.023998 0.013843 0.000583 0.085419 0.097769 0.106082 0.119394 0.054394 0.085933 0.147290 0.213386 0.180290 -0.290609 -0.026845 -0.317113 -0.257352 -0.344199 -0.223580 -9999.0 -9999.0
