erum2020/resources/simulation/Vinschgau/output-maps/ETN1071.asc
ncols         63
nrows         48
xllcorner     598000.000000
yllcorner     5145000.000000
cellsize      1000.000000
NODATA_value  -9999.0
[rows 0 to 28 of 48, columns 0 to 62 of 63]
-9999.0 -9999.0 -9999.0 -9999.0 -9999.0 -9999.0 -9999.0 -9999.0 -9999.0 -9999.0 -9999.0 -9999.0 -9999.0 -9999.0 -9999.0 -9999.0 -9999.0 -9999.0 -9999.0 -9999.0 -9999.0 -9999.0 -9999.0 -9999.0 -9999.0 -9999.0 -9999.0 -9999.0 -9999.0 -9999.0 -9999.0 -9999.0 -9999.0 -9999.0 -9999.0 -9999.0 -9999.0 -9999.0 -9999.0 -9999.0 -9999.0 -9999.0 -9999.0 -9999.0 -9999.0 -9999.0 -9999.0 -9999.0 -9999.0 -9999.0 -9999.0 -9999.0 -9999.0 -9999.0 -9999.0 -9999.0 -9999.0 -9999.0 -9999.0 -9999.0 -9999.0 -9999.0 -9999.0
-9999.0 -9999.0 -9999.0 -9999.0 -9999.0 -9999.0 -9999.0 -9999.0 -9999.0 -9999.0 -9999.0 -9999.0 -9999.0 -9999.0 -9999.0 -9999.0 -9999.0 -9999.0 -9999.0 -9999.0 -9999.0 -9999.0 -9999.0 -9999.0 -9999.0 -9999.0 -9999.0 0.051173 0.156981 0.397359 0.359411 0.358712 0.352514 -9999.0 -9999.0 -9999.0 -9999.0 -9999.0 -9999.0 -9999.0 -9999.0 -9999.0 -9999.0 -9999.0 -9999.0 -9999.0 -9999.0 -9999.0 -9999.0 -9999.0 -9999.0 -9999.0 -9999.0 -9999.0 -9999.0 -9999.0 -9999.0 -9999.0 -9999.0 -9999.0 -9999.0 -9999.0 -9999.0
-9999.0 -9999.0 -9999.0 -9999.0 -9999.0 -9999.0 -9999.0 -9999.0 -9999.0 -9999.0 -9999.0 -9999.0 -9999.0 -9999.0 -9999.0 -9999.0 -9999.0 -9999.0 -9999.0 -9999.0 -9999.0 -9999.0 -9999.0 -9999.0 0.411012 0.163889 0.386773 0.162801 0.386789 0.390125 0.353866 -9999.0 -9999.0 -9999.0 -9999.0 -9999.0 -9999.0 -9999.0 -9999.0 -9999.0 -9999.0 -9999.0 -9999.0 -9999.0 -9999.0 -9999.0 -9999.0 -9999.0 -9999.0 -9999.0 -9999.0 -9999.0 -9999.0 -9999.0 -9999.0 -9999.0 -9999.0 -9999.0 -9999.0 -9999.0 -9999.0 -9999.0 -9999.0
-9999.0 -9999.0 -9999.0 -9999.0 -9999.0 -9999.0 -9999.0 -9999.0 -9999.0 -9999.0 -9999.0 -9999.0 -9999.0 -9999.0 -9999.0 -9999.0 -9999.0 -9999.0 -9999.0 -9999.0 -9999.0 -9999.0 -9999.0 0.314837 0.187442 0.525298 0.473717 0.153713 0.612688 0.402591 0.387936 0.323737 -9999.0 -9999.0 -9999.0 -9999.0 -9999.0 -9999.0 -9999.0 -9999.0 -9999.0 -9999.0 -9999.0 -9999.0 -9999.0 -9999.0 -9999.0 -9999.0 -9999.0 -9999.0 -9999.0 -9999.0 -9999.0 -9999.0 -9999.0 -9999.0 -9999.0 -9999.0 -9999.0 -9999.0 -9999.0 -9999.0 -9999.0
-9999.0 -9999.0 -9999.0 -9999.0 -9999.0 -9999.0 -9999.0 -9999.0 -9999.0 -9999.0 -9999.0 -9999.0 -9999.0 -9999.0 -9999.0 -9999.0 -9999.0 -9999.0 0.377907 0.244643 -9999.0 0.190504 0.404755 0.431724 0.437449 0.087071 0.384879 0.398927 0.479911 0.348897 0.351179 0.401589 0.046084 0.074105 -9999.0 -9999.0 -9999.0 -9999.0 -9999.0 -9999.0 -9999.0 -9999.0 -9999.0 -9999.0 -9999.0 -9999.0 -9999.0 -9999.0 -9999.0 -9999.0 -9999.0 -9999.0 -9999.0 -9999.0 -9999.0 -9999.0 -9999.0 -9999.0 -9999.0 -9999.0 -9999.0 -9999.0 -9999.0
-9999.0 -9999.0 -9999.0 -9999.0 -9999.0 -9999.0 -9999.0 -9999.0 -9999.0 -9999.0 -9999.0 -9999.0 -9999.0 -9999.0 -9999.0 -9999.0 -9999.0 0.199199 0.156226 0.149064 0.138857 0.427213 0.325409 0.361949 0.374713 0.280819 -0.012496 0.296445 -0.017735 0.422834 0.428566 0.162744 0.393164 0.050588 0.049917 0.057926 -9999.0 -9999.0 -9999.0 -9999.0 -9999.0 -9999.0 -9999.0 -9999.0 -9999.0 -9999.0 -9999.0 -9999.0 -9999.0 -9999.0 -9999.0 -9999.0 -9999.0 -9999.0 -9999.0 -9999.0 -9999.0 -9999.0 -9999.0 -9999.0 -9999.0 -9999.0 -9999.0
-9999.0 -9999.0 -9999.0 -9999.0 -9999.0 -9999.0 -9999.0 -9999.0 -9999.0 -9999.0 -9999.0 -9999.0 -9999.0 0.330093 0.412867 0.247450 0.131104 0.002904 0.196821 0.055157 0.381230 0.414890 0.375856 0.336103 0.187316 0.221790 0.153180 0.281665 -0.003643 0.301326 0.224529 0.390466 0.404408 0.379653 0.362528 0.061346 -9999.0 -9999.0 -9999.0 -9999.0 -9999.0 -9999.0 -9999.0 -9999.0 -9999.0 -9999.0 -9999.0 -9999.0 -9999.0 -9999.0 -9999.0 -9999.0 -9999.0 -9999.0 -9999.0 -9999.0 -9999.0 -9999.0 -9999.0 -9999.0 -9999.0 -9999.0 -9999.0
-9999.0 -9999.0 -9999.0 -9999.0 -9999.0 -9999.0 -9999.0 -9999.0 -9999.0 -9999.0 -9999.0 -9999.0 -9999.0 0.381793 0.422992 0.281626 0.165241 0.372994 0.003123 0.231145 0.036850 0.300588 0.355128 0.398531 0.405551 0.495779 0.157663 0.376663 0.042304 0.298686 0.264781 0.129584 0.043113 0.000000 0.049156 -9999.0 -9999.0 -9999.0 -9999.0 -9999.0 -9999.0 -9999.0 -9999.0 -9999.0 -9999.0 -9999.0 -9999.0 -9999.0 -9999.0 -9999.0 -9999.0 -9999.0 -9999.0 -9999.0 -9999.0 -9999.0 -9999.0 -9999.0 -9999.0 -9999.0 -9999.0 -9999.0 -9999.0
-9999.0 -9999.0 -9999.0 -9999.0 -9999.0 -9999.0 -9999.0 -9999.0 -9999.0 -9999.0 -9999.0 -9999.0 -9999.0 0.348137 0.849213 0.422182 0.260562 0.192938 0.002758 0.161626 0.337627 0.174082 0.346956 0.107794 0.410330 0.438017 0.080036 0.043652 0.396118 0.000000 0.372594 0.000000 0.000000 0.000000 0.059255 -9999.0 -9999.0 -9999.0 -9999.0 -9999.0 -9999.0 -9999.0 -9999.0 -9999.0 -9999.0 -9999.0 -9999.0 -9999.0 -9999.0 -9999.0 -9999.0 -9999.0 -9999.0 -9999.0 -9999.0 -9999.0 -9999.0 -9999.0 -9999.0 -9999.0 -9999.0 -9999.0 -9999.0
-9999.0 -9999.0 -9999.0 -9999.0 -9999.0 -9999.0 -9999.0 -9999.0 -9999.0 -9999.0 -9999.0 -9999.0 0.391552 0.766621 0.423375 0.468447 0.307103 0.269733 0.354884 0.008910 0.411668 0.179795 0.329120 0.094835 0.259012 0.154658 0.220267 0.202828 0.348924 0.043184 0.000000 0.046681 0.317329 0.075282 -9999.0 -9999.0 -9999.0 -9999.0 -9999.0 -9999.0 -9999.0 -9999.0 -9999.0 -9999.0 -9999.0 -9999.0 -9999.0 -9999.0 -9999.0 -9999.0 -9999.0 -9999.0 -9999.0 -9999.0 -9999.0 -9999.0 -9999.0 -9999.0 -9999.0 -9999.0 -9999.0 -9999.0 -9999.0
-9999.0 -9999.0 -9999.0 -9999.0 -9999.0 -9999.0 -9999.0 -9999.0 -9999.0 -9999.0 -9999.0 0.338703 0.573585 0.850342 0.494556 0.431923 0.006493 0.323221 0.464937 0.289227 0.074104 0.506388 0.482711 0.163934 0.395265 0.388562 0.313840 0.354296 0.364328 0.056234 0.047943 0.394685 0.361803 0.056662 0.297557 0.371191 0.303524 0.184735 0.337409 -9999.0 -9999.0 -9999.0 0.055456 -9999.0 -9999.0 -9999.0 -9999.0 -9999.0 -9999.0 -9999.0 -9999.0 -9999.0 -9999.0 -9999.0 -9999.0 -9999.0 -9999.0 -9999.0 -9999.0 -9999.0 -9999.0 -9999.0 -9999.0
-9999.0 -9999.0 -9999.0 -9999.0 -9999.0 -9999.0 -9999.0 -9999.0 -9999.0 -9999.0 -9999.0 0.293377 0.588528 0.606221 0.297975 0.375165 0.154021 0.155407 0.387500 0.478389 0.391016 0.339417 0.347047 -0.223128 0.064335 0.148405 0.147138 0.383627 0.378265 0.056147 0.380745 0.393396 0.274637 0.105594 0.349776 0.311160 0.333759 0.265474 0.150492 0.053438 0.053785 0.054749 0.340603 0.045022 -9999.0 -9999.0 -9999.0 0.174221 0.107651 0.033172 0.077914 0.046107 0.047854 0.120429 0.061314 0.054904 -9999.0 -9999.0 -9999.0 -9999.0 -9999.0 -9999.0 -9999.0
-9999.0 -9999.0 -9999.0 -9999.0 -9999.0 -9999.0 -9999.0 -9999.0 -9999.0 -9999.0 -9999.0 0.283218 0.324928 0.225036 0.416038 0.412776 0.363146 0.165296 0.422148 0.456917 0.354605 0.203189 0.240746 0.151190 0.150176 0.049380 0.176722 0.172609 0.046404 0.176925 0.042146 0.158752 0.405023 0.280651 0.227674 0.388561 0.194112 0.223389 0.213903 0.044705 0.388480 0.169558 0.332684 0.323500 0.095700 -9999.0 0.064613 0.348233 0.154302 0.338753 0.235870 0.399251 0.379068 0.374333 0.342775 0.373258 -9999.0 -9999.0 -9999.0 -9999.0 -9999.0 -9999.0 -9999.0
-9999.0 -9999.0 -9999.0 -9999.0 -9999.0 -9999.0 -9999.0 -9999.0 -9999.0 -9999.0 -9999.0 -9999.0 0.376305 0.183228 0.391123 0.394672 0.246853 0.135009 0.394240 0.461694 0.194771 0.249260 0.268059 0.213876 -0.224844 -0.051116 0.456894 0.147833 0.342102 0.044459 0.097059 0.056386 0.256091 0.323148 0.334657 0.338905 0.057588 0.109953 0.304419 0.182356 0.401783 0.072881 0.071872 0.333288 0.044613 0.101919 0.050377 0.097813 0.016358 0.082144 -0.029547 0.064336 0.072135 0.042099 0.031204 0.318390 0.337011 -9999.0 -9999.0 -9999.0 -9999.0 -9999.0 -9999.0
-9999.0 -9999.0 -9999.0 -9999.0 -9999.0 -9999.0 -9999.0 -9999.0 -9999.0 -9999.0 -9999.0 0.075860 0.189742 0.295376 0.199734 0.267204 0.335639 0.185995 0.358380 0.277330 0.145658 0.306588 0.199143 0.040924 0.080218 0.126199 0.098538 0.337358 0.105028 0.049278 0.070778 0.103750 0.387863 0.375616 0.436428 0.220758 0.146298 -0.081916 0.134265 0.263150 -0.098986 0.099188 0.200959 -0.016028 0.351839 0.123937 0.350482 0.051122 0.074500 0.059221 -0.082224 0.330111 0.000000 0.000000 0.000000 0.000000 0.044075 -9999.0 -9999.0 -9999.0 -9999.0 -9999.0 -9999.0
-9999.0 -9999.0 -9999.0 -9999.0 -9999.0 -9999.0 -9999.0 -9999.0 -9999.0 -9999.0 0.368323 -0.014700 0.196004 0.215758 0.323712 0.225895 0.234073 0.171045 0.180408 0.264759 0.402706 0.366746 -0.287772 0.263964 0.092086 0.097456 -0.218328 -0.082035 0.416820 0.330191 0.179826 0.172101 0.395501 0.187854 0.061919 0.041943 0.338655 0.141954 0.010467 0.214964 0.221343 0.140303 0.185585 0.360228 0.173589 0.051475 0.153701 0.150499 0.172304 0.099600 0.000000 0.040334 0.000000 0.000000 0.000000 0.130181 0.051178 -9999.0 -9999.0 -9999.0 -9999.0 -9999.0 -9999.0
-9999.0 -9999.0 -9999.0 -9999.0 -9999.0 -9999.0 -9999.0 -9999.0 -9999.0 0.149701 0.344354 0.226689 0.247993 -0.095345 0.145724 0.161234 0.014015 0.358797 0.119072 0.229909 0.415911 0.147436 0.183647 0.241561 0.181552 -0.307536 -0.229824 0.433400 -0.068855 0.161204 0.189480 -0.302244 0.041672 0.000000 0.053790 0.039916 0.390464 0.014734 0.061030 0.073392 0.219178 -0.212581 -0.287863 0.227053 0.321740 0.049577 0.268941 -0.108663 -0.110686 0.180282 -0.209596 0.044359 0.000000 0.048455 0.200581 0.000000 0.000000 0.043945 0.040587 -9999.0 -9999.0 -9999.0 -9999.0
-9999.0 -9999.0 -9999.0 -9999.0 -9999.0 -9999.0 -9999.0 -9999.0 -9999.0 0.146632 0.147820 0.290197 0.498954 0.144208 -0.000473 -0.095853 0.295482 0.244959 0.120356 0.405878 0.411061 0.272523 0.377099 0.282305 -0.306552 -0.061265 -0.102677 0.126980 0.204593 0.243111 0.183918 -0.304837 0.382015 0.388203 0.291616 0.044648 0.047519 0.056447 0.145277 0.342368 0.024360 -0.217748 -0.066813 0.264154 0.364637 0.334387 0.315270 0.226567 0.144184 0.176321 -0.293318 -0.194722 0.033741 0.322914 0.314160 0.000000 0.000000 0.000000 0.045718 -9999.0 -9999.0 -9999.0 -9999.0
-9999.0 -9999.0 -9999.0 -9999.0 -9999.0 -9999.0 -9999.0 -9999.0 -9999.0 -9999.0 0.130636 0.342291 -0.007419 0.394677 0.195100 0.022987 0.145550 0.323101 0.129144 0.387443 0.427898 0.120181 0.101567 0.041736 0.041416 0.148560 0.179423 0.265701 0.197129 -0.312809 -0.308236 0.015257 -0.219517 0.329330 0.383873 0.366007 0.275178 0.384492 0.047958 0.377448 0.131601 0.175710 0.449621 0.048445 0.160849 0.192097 0.248682 0.340785 0.319384 0.203377 -0.301052 0.000000 0.035390 0.022929 0.285222 0.048770 0.243619 0.155057 0.179482 0.026995 -9999.0 -9999.0 -9999.0
-9999.0 -9999.0 -9999.0 -9999.0 -9999.0 -9999.0 -9999.0 -9999.0 -9999.0 -9999.0 0.267509 0.149159 0.178839 0.135742 0.377554 0.218200 0.188478 0.184498 0.249108 0.234417 0.143341 0.154529 0.066573 0.041143 0.054693 0.178657 0.256654 0.128399 -0.322199 -0.223236 0.135110 0.349800 0.000000 0.418065 0.141212 0.332680 0.228082 0.219231 0.170875 0.118676 0.297253 0.307927 0.184029 0.187421 0.351599 0.014222 0.112932 0.156113 0.299220 0.314080 0.130418 -0.229358 -0.208966 0.337538 0.002436 0.027941 0.052483 -0.150379 0.443297 0.299391 -9999.0 -9999.0 -9999.0
-9999.0 -9999.0 -9999.0 -9999.0 -9999.0 -9999.0 -9999.0 -9999.0 0.306009 0.138124 0.059646 0.291232 0.182129 0.145380 -0.099445 0.358034 0.100732 0.251384 0.344395 0.114964 0.122317 0.123500 0.178242 0.205362 0.264161 0.192147 0.260534 -0.336623 -0.078532 -0.224090 0.000000 0.367274 0.374720 0.342268 0.367376 0.145192 0.268556 0.137958 -0.306623 0.046017 0.047945 0.381706 -0.085181 0.043258 0.078756 0.379173 -0.301493 0.068144 0.156900 0.302031 0.188604 -0.312801 0.000000 -0.185790 0.033191 0.048894 0.041606 0.167351 0.174308 0.384182 -9999.0 -9999.0 -9999.0
-9999.0 -9999.0 -9999.0 -9999.0 -9999.0 -9999.0 -9999.0 -9999.0 0.201715 0.198768 -0.226128 0.376358 0.140001 0.088663 -0.306339 0.184014 0.122219 0.112948 0.014417 0.124717 0.347826 0.413714 0.420356 0.314349 0.112215 0.260759 0.223881 0.031567 0.000000 0.135677 0.335063 0.047984 0.390815 0.047227 0.148327 0.170795 0.488230 0.260662 0.205483 0.141751 0.137555 0.000000 0.046318 0.325812 0.370114 0.176403 -0.083710 0.148283 -0.032955 0.319630 0.289418 -0.045706 0.000000 0.084535 0.134577 0.000002 0.062719 0.058233 0.299168 0.408241 0.201626 -9999.0 -9999.0
-9999.0 -9999.0 -9999.0 -9999.0 -9999.0 -9999.0 -9999.0 -9999.0 0.127824 0.328345 0.237639 -0.215943 0.325085 -0.085806 0.165458 -0.305943 0.193258 0.285344 0.078828 0.285886 0.121677 0.339556 0.372156 0.192969 0.387154 0.138673 0.239494 -0.319059 0.000000 0.092714 0.046796 0.322538 -0.225708 -0.051846 0.195803 0.402454 0.172697 0.449361 0.095253 0.084646 0.144555 0.047629 0.404982 0.376680 0.032976 0.157871 0.044568 0.136931 -0.231243 0.078887 0.360050 0.138315 0.000000 0.000000 0.000000 0.122275 0.205429 0.284740 0.363481 0.446022 0.433307 -9999.0 -9999.0
-9999.0 -9999.0 -9999.0 -9999.0 -9999.0 -9999.0 -9999.0 -9999.0 0.042603 0.150990 0.231571 0.000000 0.134896 -0.039912 -0.032235 0.249239 0.039883 0.109174 0.401636 0.133702 0.175583 0.267568 0.327677 0.237222 0.176272 0.248750 -0.128468 -0.308608 0.222169 0.032385 0.093631 0.061343 0.093470 0.212847 0.186319 0.252216 0.342983 0.152673 0.274077 0.094506 0.288857 0.173257 0.374873 0.081860 0.147429 0.048879 0.402838 0.050373 0.137450 -0.051304 0.102419 0.281681 0.101398 0.000000 0.093092 0.211196 0.287522 0.389111 0.322689 0.421663 0.369559 0.239086 -9999.0
-9999.0 -9999.0 -9999.0 -9999.0 -9999.0 -9999.0 -9999.0 -9999.0 0.047717 0.260936 0.187292 -0.313473 -0.229227 -0.101233 0.271658 0.296738 0.352614 0.168733 0.217801 0.115753 0.176609 0.302339 0.243334 0.185369 0.349304 0.157799 -0.309648 0.036572 0.180218 0.301153 -0.007038 0.229721 0.351489 0.302904 0.216612 0.269180 0.278195 0.156980 0.069347 0.313383 0.204585 0.180234 0.283510 0.141114 0.128428 0.205720 0.030009 0.118566 -0.056228 0.152362 0.236155 0.147372 0.192963 0.181911 0.320922 0.375938 0.302854 0.351838 0.394723 0.366088 0.167702 0.228282 -9999.0
-9999.0 -9999.0 0.155688 0.324433 0.198809 -0.204806 0.050691 0.010347 0.359488 0.327700 0.007437 0.131806 -0.020643 0.039354 0.326996 0.254597 0.082623 -0.306212 -0.092206 0.202979 0.111629 0.261740 0.475818 0.073482 0.206587 0.102150 0.154739 0.216139 0.320811 0.394883 0.099861 0.252272 0.412970 0.188264 0.382201 0.150637 0.321228 0.120641 0.062376 0.072759 0.330314 0.370464 0.319485 0.350628 0.187467 0.213426 0.308735 0.343169 0.299067 0.331658 0.307422 0.293822 0.275371 0.236777 0.230890 0.321808 0.272754 0.298548 0.309143 0.209935 0.328342 0.209655 -9999.0
-9999.0 0.102640 0.163676 0.182665 -0.021566 0.131588 -0.073757 -0.225337 -0.210763 0.359868 -0.235710 -0.322034 0.183964 0.377892 0.263558 -0.127665 0.013742 -0.228783 -0.015365 0.140018 0.144073 0.156837 0.465383 0.334572 0.222849 0.177810 0.289578 0.356304 0.350578 0.371303 0.323659 0.329356 0.432203 0.483710 0.247955 0.410692 0.145855 0.043338 0.457613 0.482192 0.208812 0.264773 0.387669 0.150939 0.127006 0.143695 0.407482 0.152723 0.240804 0.336925 0.375596 0.319803 0.275392 0.223587 0.213144 0.206506 0.184834 0.232333 0.248171 0.299304 0.227188 0.206137 -9999.0
-9999.0 0.401371 0.122004 0.022020 0.190767 0.305819 -0.298511 -0.217884 0.390836 0.338679 -0.229031 -0.320760 0.163964 0.276251 -0.159273 0.000000 -0.225943 -0.229731 -0.061140 0.146164 0.374751 0.338006 0.289692 0.364248 0.356114 0.292053 0.082260 0.122849 0.408240 0.128811 0.055393 0.075390 0.501708 0.514188 0.508283 0.557666 0.315155 0.272117 0.445083 0.244844 0.350594 0.499240 0.171550 0.214860 0.078293 0.046902 0.399405 0.462180 0.461754 0.435709 0.340238 0.241890 0.200528 0.290804 0.208884 -0.130835 -0.136131 -0.117736 -0.083300 -0.129277 -0.053425 -9999.0 -9999.0
-9999.0 0.644995 0.161819 0.164739 0.351428 0.251620 0.179431 -0.304149 -0.228695 -0.228561 -0.008069 0.004460 0.226663 0.177978 -0.322569 0.000000 -0.217592 -0.102939 -0.301278 0.140698 -0.066410 -0.061994 0.210145 0.323101 0.346673 0.383914 0.429043 0.450994 0.211404 0.415629 0.095336 0.069728 0.509166 0.538640 0.539581 0.518447 0.548412 0.253173 0.534168 0.522057 0.517182 0.284810 0.534048 0.079696 0.065369 0.496151 0.461295 0.489540 0.423350 0.265007 0.286347 0.215901 -0.020911 0.107864 -0.165877 -0.325463 -0.323997 -0.321033 -0.321388 -9999.0 -9999.0 -9999.0 -9999.0
