erum2020/resources/simulation/Vinschgau/output-maps/ETN1458.asc
ncols         63
nrows         48
xllcorner     598000.000000
yllcorner     5145000.000000
cellsize      1000.000000
NODATA_value  -9999.0
[rows 0 to 27 of 48, columns 0 to 62 of 63]
-9999.0 -9999.0 -9999.0 -9999.0 -9999.0 -9999.0 -9999.0 -9999.0 -9999.0 -9999.0 -9999.0 -9999.0 -9999.0 -9999.0 -9999.0 -9999.0 -9999.0 -9999.0 -9999.0 -9999.0 -9999.0 -9999.0 -9999.0 -9999.0 -9999.0 -9999.0 -9999.0 -9999.0 -9999.0 -9999.0 -9999.0 -9999.0 -9999.0 -9999.0 -9999.0 -9999.0 -9999.0 -9999.0 -9999.0 -9999.0 -9999.0 -9999.0 -9999.0 -9999.0 -9999.0 -9999.0 -9999.0 -9999.0 -9999.0 -9999.0 -9999.0 -9999.0 -9999.0 -9999.0 -9999.0 -9999.0 -9999.0 -9999.0 -9999.0 -9999.0 -9999.0 -9999.0 -9999.0
-9999.0 -9999.0 -9999.0 -9999.0 -9999.0 -9999.0 -9999.0 -9999.0 -9999.0 -9999.0 -9999.0 -9999.0 -9999.0 -9999.0 -9999.0 -9999.0 -9999.0 -9999.0 -9999.0 -9999.0 -9999.0 -9999.0 -9999.0 -9999.0 -9999.0 -9999.0 -9999.0 -0.072251 -0.186318 -0.069276 -0.201595 -0.201861 -0.044360 -9999.0 -9999.0 -9999.0 -9999.0 -9999.0 -9999.0 -9999.0 -9999.0 -9999.0 -9999.0 -9999.0 -9999.0 -9999.0 -9999.0 -9999.0 -9999.0 -9999.0 -9999.0 -9999.0 -9999.0 -9999.0 -9999.0 -9999.0 -9999.0 -9999.0 -9999.0 -9999.0 -9999.0 -9999.0 -9999.0
-9999.0 -9999.0 -9999.0 -9999.0 -9999.0 -9999.0 -9999.0 -9999.0 -9999.0 -9999.0 -9999.0 -9999.0 -9999.0 -9999.0 -9999.0 -9999.0 -9999.0 -9999.0 -9999.0 -9999.0 -9999.0 -9999.0 -9999.0 -9999.0 -0.189534 -0.182720 -0.173017 -0.187713 -0.169584 -0.175855 -0.204395 -9999.0 -9999.0 -9999.0 -9999.0 -9999.0 -9999.0 -9999.0 -9999.0 -9999.0 -9999.0 -9999.0 -9999.0 -9999.0 -9999.0 -9999.0 -9999.0 -9999.0 -9999.0 -9999.0 -9999.0 -9999.0 -9999.0 -9999.0 -9999.0 -9999.0 -9999.0 -9999.0 -9999.0 -9999.0 -9999.0 -9999.0 -9999.0
-9999.0 -9999.0 -9999.0 -9999.0 -9999.0 -9999.0 -9999.0 -9999.0 -9999.0 -9999.0 -9999.0 -9999.0 -9999.0 -9999.0 -9999.0 -9999.0 -9999.0 -9999.0 -9999.0 -9999.0 -9999.0 -9999.0 -9999.0 -0.182205 -0.144073 0.007895 -0.002363 -0.010820 -0.011489 -0.175637 -0.202993 -0.203597 -9999.0 -9999.0 -9999.0 -9999.0 -9999.0 -9999.0 -9999.0 -9999.0 -9999.0 -9999.0 -9999.0 -9999.0 -9999.0 -9999.0 -9999.0 -9999.0 -9999.0 -9999.0 -9999.0 -9999.0 -9999.0 -9999.0 -9999.0 -9999.0 -9999.0 -9999.0 -9999.0 -9999.0 -9999.0 -9999.0 -9999.0
-9999.0 -9999.0 -9999.0 -9999.0 -9999.0 -9999.0 -9999.0 -9999.0 -9999.0 -9999.0 -9999.0 -9999.0 -9999.0 -9999.0 -9999.0 -9999.0 -9999.0 -9999.0 -0.012175 -0.160861 -9999.0 -0.169862 -0.149468 -0.012150 0.000800 -0.012276 0.051579 0.018950 0.061385 -0.096943 -0.180606 -0.202344 -0.077154 -0.061977 -9999.0 -9999.0 -9999.0 -9999.0 -9999.0 -9999.0 -9999.0 -9999.0 -9999.0 -9999.0 -9999.0 -9999.0 -9999.0 -9999.0 -9999.0 -9999.0 -9999.0 -9999.0 -9999.0 -9999.0 -9999.0 -9999.0 -9999.0 -9999.0 -9999.0 -9999.0 -9999.0 -9999.0 -9999.0
-9999.0 -9999.0 -9999.0 -9999.0 -9999.0 -9999.0 -9999.0 -9999.0 -9999.0 -9999.0 -9999.0 -9999.0 -9999.0 -9999.0 -9999.0 -9999.0 -9999.0 0.048530 -0.002154 -0.002758 -0.057683 -0.124112 -0.104028 -0.015865 0.021969 -0.011318 -0.325028 -0.094514 -0.276795 0.072591 -0.104289 -0.177586 -0.067479 -0.073222 -0.071043 -0.066414 -9999.0 -9999.0 -9999.0 -9999.0 -9999.0 -9999.0 -9999.0 -9999.0 -9999.0 -9999.0 -9999.0 -9999.0 -9999.0 -9999.0 -9999.0 -9999.0 -9999.0 -9999.0 -9999.0 -9999.0 -9999.0 -9999.0 -9999.0 -9999.0 -9999.0 -9999.0 -9999.0
-9999.0 -9999.0 -9999.0 -9999.0 -9999.0 -9999.0 -9999.0 -9999.0 -9999.0 -9999.0 -9999.0 -9999.0 -9999.0 -0.143087 0.002376 0.026943 0.010668 -0.004450 0.039076 -0.015688 -0.003509 -0.001905 -0.015122 -0.010116 -0.081174 -0.155214 -0.094651 -0.240392 -0.247292 -0.142296 0.144236 -0.154141 -0.191065 -0.197195 -0.074865 -0.065215 -9999.0 -9999.0 -9999.0 -9999.0 -9999.0 -9999.0 -9999.0 -9999.0 -9999.0 -9999.0 -9999.0 -9999.0 -9999.0 -9999.0 -9999.0 -9999.0 -9999.0 -9999.0 -9999.0 -9999.0 -9999.0 -9999.0 -9999.0 -9999.0 -9999.0 -9999.0 -9999.0
-9999.0 -9999.0 -9999.0 -9999.0 -9999.0 -9999.0 -9999.0 -9999.0 -9999.0 -9999.0 -9999.0 -9999.0 -9999.0 -0.112448 -0.003821 0.020776 0.015046 0.032739 -0.004642 -0.011153 -0.009990 -0.024177 0.004413 0.029705 0.007853 -0.083293 -0.190942 -0.072744 -0.077670 -0.253041 -0.249515 -0.205571 -0.075661 -0.068484 -0.070223 -9999.0 -9999.0 -9999.0 -9999.0 -9999.0 -9999.0 -9999.0 -9999.0 -9999.0 -9999.0 -9999.0 -9999.0 -9999.0 -9999.0 -9999.0 -9999.0 -9999.0 -9999.0 -9999.0 -9999.0 -9999.0 -9999.0 -9999.0 -9999.0 -9999.0 -9999.0 -9999.0 -9999.0
-9999.0 -9999.0 -9999.0 -9999.0 -9999.0 -9999.0 -9999.0 -9999.0 -9999.0 -9999.0 -9999.0 -9999.0 -9999.0 -0.007372 0.344207 -0.000739 0.018239 0.013441 -0.004470 0.017281 -0.000050 -0.005033 0.033912 -0.221030 0.006368 -0.009495 -0.068034 -0.078231 -0.208031 -0.076725 -0.203359 -0.066658 -0.065247 0.000000 -0.064305 -9999.0 -9999.0 -9999.0 -9999.0 -9999.0 -9999.0 -9999.0 -9999.0 -9999.0 -9999.0 -9999.0 -9999.0 -9999.0 -9999.0 -9999.0 -9999.0 -9999.0 -9999.0 -9999.0 -9999.0 -9999.0 -9999.0 -9999.0 -9999.0 -9999.0 -9999.0 -9999.0 -9999.0
-9999.0 -9999.0 -9999.0 -9999.0 -9999.0 -9999.0 -9999.0 -9999.0 -9999.0 -9999.0 -9999.0 -9999.0 -0.016237 0.284942 -0.007390 0.001313 0.032111 0.024473 0.016274 -0.004441 -0.005689 -0.150866 -0.137727 -0.220233 0.065012 -0.194538 0.034379 -0.206717 -0.197441 -0.078214 -0.182321 -0.076040 -0.203700 -0.061199 -9999.0 -9999.0 -9999.0 -9999.0 -9999.0 -9999.0 -9999.0 -9999.0 -9999.0 -9999.0 -9999.0 -9999.0 -9999.0 -9999.0 -9999.0 -9999.0 -9999.0 -9999.0 -9999.0 -9999.0 -9999.0 -9999.0 -9999.0 -9999.0 -9999.0 -9999.0 -9999.0 -9999.0 -9999.0
-9999.0 -9999.0 -9999.0 -9999.0 -9999.0 -9999.0 -9999.0 -9999.0 -9999.0 -9999.0 -9999.0 -0.126842 0.011535 0.311845 -0.007930 -0.095975 -0.002213 0.021116 0.060613 -0.001850 -0.010022 0.030256 -0.173189 -0.185036 -0.053718 -0.188419 -0.212974 -0.196884 -0.033570 -0.067461 -0.074885 -0.189422 -0.074549 -0.068086 -0.074577 -0.075498 -0.205196 -0.190540 -0.186409 -9999.0 -9999.0 -9999.0 -0.066779 -9999.0 -9999.0 -9999.0 -9999.0 -9999.0 -9999.0 -9999.0 -9999.0 -9999.0 -9999.0 -9999.0 -9999.0 -9999.0 -9999.0 -9999.0 -9999.0 -9999.0 -9999.0 -9999.0 -9999.0
-9999.0 -9999.0 -9999.0 -9999.0 -9999.0 -9999.0 -9999.0 -9999.0 -9999.0 -9999.0 -9999.0 -0.137831 0.003670 -0.012626 -0.006056 -0.136866 -0.005456 -0.004112 0.054695 0.051573 0.005524 -0.125030 -0.160633 -0.239911 -0.242374 -0.195731 -0.201707 -0.185390 -0.072829 -0.071842 -0.199953 -0.181489 -0.208799 -0.195678 -0.185425 -0.201049 -0.176893 -0.180407 -0.190755 -0.069151 -0.071224 -0.069861 -0.205580 -0.073627 -9999.0 -9999.0 -9999.0 -0.157663 -0.187976 -0.071545 -0.200034 -0.066402 -0.068308 -0.171263 -0.176755 -0.063241 -9999.0 -9999.0 -9999.0 -9999.0 -9999.0 -9999.0 -9999.0
-9999.0 -9999.0 -9999.0 -9999.0 -9999.0 -9999.0 -9999.0 -9999.0 -9999.0 -9999.0 -9999.0 -0.136520 -0.137412 -0.018296 -0.092453 -0.114702 0.011133 0.004669 -0.009689 0.049396 0.098782 -0.067032 -0.244339 -0.192134 -0.195772 -0.072702 -0.242429 -0.058048 -0.076600 -0.196744 -0.077402 -0.240867 -0.189139 -0.205823 -0.077311 -0.181740 -0.244285 -0.088560 -0.176556 -0.076724 -0.194586 -0.192725 -0.188918 -0.202728 -0.203764 -9999.0 -0.061783 -0.203342 -0.201127 -0.187042 -0.172963 -0.066484 -0.176856 -0.194268 -0.183989 -0.192067 -9999.0 -9999.0 -9999.0 -9999.0 -9999.0 -9999.0 -9999.0
-9999.0 -9999.0 -9999.0 -9999.0 -9999.0 -9999.0 -9999.0 -9999.0 -9999.0 -9999.0 -9999.0 -9999.0 -0.127855 -0.098969 -0.129155 -0.119645 0.034170 0.005894 0.040764 0.052237 0.018410 -0.048159 -0.165499 -0.243940 -0.237260 -0.242861 0.260428 -0.184367 -0.208261 -0.076690 -0.203863 -0.243356 -0.180748 -0.207668 -0.210363 -0.198833 -0.243517 -0.083321 -0.074580 -0.185870 -0.180845 -0.068169 -0.247916 -0.174893 -0.077115 -0.193988 -0.072641 -0.205176 -0.233746 -0.239928 -0.229382 -0.235311 -0.038495 -0.228201 -0.223491 -0.195762 -0.201056 -9999.0 -9999.0 -9999.0 -9999.0 -9999.0 -9999.0
-9999.0 -9999.0 -9999.0 -9999.0 -9999.0 -9999.0 -9999.0 -9999.0 -9999.0 -9999.0 -9999.0 -0.250451 -0.178003 -0.148665 -0.049280 -0.066910 0.010736 0.020176 0.001834 0.102943 0.011951 0.054467 -0.073504 -0.242083 -0.243701 -0.235433 -0.245773 -0.209118 -0.205213 -0.072505 -0.243743 -0.245762 -0.164364 -0.208731 -0.188221 -0.204805 -0.197891 -0.246883 -0.103171 -0.158454 -0.249140 -0.169832 -0.098802 -0.087364 -0.162905 -0.207502 -0.195538 -0.070937 -0.066775 -0.218186 -0.086202 -0.205629 -0.226052 0.000000 0.000000 -0.067180 -0.073080 -9999.0 -9999.0 -9999.0 -9999.0 -9999.0 -9999.0
-9999.0 -9999.0 -9999.0 -9999.0 -9999.0 -9999.0 -9999.0 -9999.0 -9999.0 -9999.0 0.198185 -0.240577 -0.164382 -0.160322 -0.123265 0.159453 0.163459 0.022366 0.036954 0.101911 0.058181 0.072927 -0.333837 -0.117041 -0.191271 0.004905 -0.242894 0.000000 -0.181505 -0.179199 -0.224329 -0.021710 -0.182867 -0.210464 -0.067962 -0.077070 -0.183631 -0.246947 -0.306457 0.050071 0.068387 0.065472 0.027244 0.147643 -0.224014 -0.073143 -0.188628 -0.243215 -0.223484 -0.186706 0.000000 -0.074047 0.000000 -0.063351 -0.068426 -0.203648 -0.203916 -9999.0 -9999.0 -9999.0 -9999.0 -9999.0 -9999.0
-9999.0 -9999.0 -9999.0 -9999.0 -9999.0 -9999.0 -9999.0 -9999.0 -9999.0 -0.191947 -0.156488 -0.231427 -0.184965 -0.248627 -0.209832 -0.193167 -0.233073 -0.079006 0.005847 0.091526 0.056758 0.020837 0.017183 -0.020405 -0.059235 -0.337193 -0.241959 -0.182244 -0.240455 -0.163336 -0.027893 -0.331351 -0.078565 -0.072046 -0.067256 -0.073329 -0.182511 -0.244706 -0.246838 -0.230257 0.111593 -0.343260 -0.342828 0.051942 0.021138 -0.224882 -0.130692 -0.245420 -0.245371 -0.014101 -0.236901 -0.076110 -0.063443 -0.062019 -0.069834 -0.229567 -0.234494 -0.076463 -0.071396 -9999.0 -9999.0 -9999.0 -9999.0
-9999.0 -9999.0 -9999.0 -9999.0 -9999.0 -9999.0 -9999.0 -9999.0 -9999.0 -0.188283 -0.187944 -0.170254 0.154804 -0.129504 -0.236448 -0.246104 -0.103687 0.002196 0.004345 0.050216 0.051609 -0.013714 0.092773 0.038804 -0.336375 -0.249361 -0.254665 -0.204113 0.098967 0.027074 -0.092098 -0.334145 -0.202783 -0.206515 -0.206151 -0.075656 -0.074698 -0.069499 -0.200557 -0.167456 -0.247250 -0.244256 -0.246934 0.094511 0.106075 0.074614 0.023457 -0.040296 -0.138538 -0.006695 -0.321550 -0.204261 -0.063898 -0.177006 -0.076090 -0.215295 -0.240220 -0.244286 -0.075038 -9999.0 -9999.0 -9999.0 -9999.0
-9999.0 -9999.0 -9999.0 -9999.0 -9999.0 -9999.0 -9999.0 -9999.0 -9999.0 -9999.0 -0.199407 -0.170438 -0.202766 0.390905 -0.087846 -0.230063 -0.140083 0.017152 0.003216 0.082018 0.056208 0.042378 -0.103633 -0.323916 -0.246376 -0.236792 -0.011800 0.089212 -0.096252 -0.343074 -0.338029 -0.109915 -0.229878 -0.209566 -0.192978 -0.164479 -0.170989 -0.160204 -0.076173 -0.207237 -0.209807 -0.169701 0.161545 -0.224473 -0.000417 0.071066 0.031296 0.056581 -0.010154 -0.029797 -0.330207 0.000000 -0.068856 -0.064643 -0.175475 -0.201000 -0.204412 0.000000 -0.221839 -0.229665 -9999.0 -9999.0 -9999.0
-9999.0 -9999.0 -9999.0 -9999.0 -9999.0 -9999.0 -9999.0 -9999.0 -9999.0 -9999.0 -0.200255 -0.185138 -0.173519 -0.161629 0.116941 0.052085 0.028760 0.046285 0.039796 0.030724 0.032595 0.010275 -0.173374 -0.219029 -0.222980 0.074828 0.094579 -0.000994 -0.353359 -0.233942 -0.210392 -0.179846 0.000000 -0.205378 -0.205670 -0.128325 0.123861 -0.232462 -0.244063 -0.208548 -0.200226 -0.048407 -0.247777 -0.183870 -0.139119 -0.335717 -0.176949 0.004087 0.009535 -0.007991 -0.060095 -0.246052 -0.220796 -0.070971 -0.061363 -0.064855 -0.199892 -0.257285 0.252439 0.132138 -9999.0 -9999.0 -9999.0
-9999.0 -9999.0 -9999.0 -9999.0 -9999.0 -9999.0 -9999.0 -9999.0 -0.192243 -0.205995 -0.190529 -0.186241 -0.246677 -0.245799 -0.283296 0.217053 -0.013793 -0.012693 0.015731 0.016585 0.020695 0.001958 0.002861 0.006081 -0.022253 0.106668 0.036232 -0.370352 -0.255833 -0.234826 -0.074546 -0.208577 -0.207648 -0.205925 -0.200753 -0.200769 -0.143719 -0.184702 -0.335943 -0.076630 -0.073582 -0.169758 -0.089145 -0.076855 -0.066648 0.201385 -0.330503 -0.248193 0.040415 0.136013 0.050726 -0.345656 0.000000 -0.195057 -0.066577 -0.201796 -0.075436 -0.163530 -0.025099 0.047328 -9999.0 -9999.0 -9999.0
-9999.0 -9999.0 -9999.0 -9999.0 -9999.0 -9999.0 -9999.0 -9999.0 0.071639 -0.245530 -0.237563 -0.201912 -0.193030 -0.017523 -0.336722 0.061430 0.020365 0.009344 -0.003490 0.016595 0.056455 0.046218 0.002515 -0.019246 0.004065 0.061844 0.157839 -0.258710 0.000000 -0.205751 -0.206114 -0.074624 -0.199241 -0.075032 -0.195854 -0.187695 -0.093246 0.100193 -0.251993 -0.193743 -0.210436 -0.202117 -0.075536 -0.185604 0.078246 -0.247614 0.000000 -0.193746 -0.241641 0.176026 0.129749 -0.255497 0.000000 -0.198518 -0.190003 0.000000 0.000000 -0.199233 -0.006850 0.086768 0.027554 -9999.0 -9999.0
-9999.0 -9999.0 -9999.0 -9999.0 -9999.0 -9999.0 -9999.0 -9999.0 -0.206293 0.034086 -0.210103 -0.227353 -0.190012 -0.090174 -0.249404 -0.337628 0.057491 0.007406 0.001618 0.055110 0.016176 0.045000 0.006284 0.004145 0.013849 0.009594 0.165726 -0.349939 0.000000 -0.205889 -0.074199 -0.165526 -0.244796 -0.246156 -0.163097 -0.118366 -0.094265 0.192306 -0.194897 -0.258923 -0.198186 -0.074208 -0.197078 0.029977 -0.246635 -0.198664 -0.075783 -0.204835 -0.243944 -0.083895 0.165031 -0.011850 0.000000 0.000000 0.000000 -0.217521 0.077709 0.060997 0.000798 0.113234 0.103449 -9999.0 -9999.0
-9999.0 -9999.0 -9999.0 -9999.0 -9999.0 -9999.0 -9999.0 -9999.0 -0.075247 -0.192868 -0.249725 0.000000 -0.200237 -0.250518 -0.341160 0.173475 -0.003515 0.002156 0.060162 0.036931 0.024027 0.034931 0.045485 0.032285 0.034892 0.136614 -0.313504 -0.338284 -0.183295 -0.248065 -0.249238 -0.242404 -0.144727 -0.049062 -0.238980 -0.160428 -0.097550 0.007937 0.095688 -0.218683 -0.194801 -0.187118 -0.184001 -0.068670 -0.204122 -0.072407 -0.182492 -0.071017 -0.201163 -0.255606 -0.043484 0.057026 -0.084868 0.000000 0.056648 0.079134 0.039984 0.116714 0.114966 0.101854 0.021881 0.066527 -9999.0
-9999.0 -9999.0 -9999.0 -9999.0 -9999.0 -9999.0 -9999.0 -9999.0 -0.192794 -0.202428 0.080389 -0.344029 -0.352380 -0.316393 0.057423 0.081520 0.120897 0.055288 0.057929 0.008898 0.033581 0.051845 0.032594 0.023513 -0.014647 0.034978 -0.339740 -0.227928 -0.081608 0.011263 -0.341045 0.018044 0.010446 0.116455 -0.069721 -0.011746 -0.011921 0.003089 -0.004174 0.040533 -0.061132 -0.087077 -0.018536 -0.132801 -0.249813 -0.163415 -0.241456 -0.193329 -0.249385 -0.042045 -0.006213 0.027195 0.045307 0.052459 0.088515 0.108576 0.109363 0.098494 0.101386 -0.000058 0.009660 0.066678 -9999.0
-9999.0 -9999.0 -0.180024 -0.192113 0.096682 -0.241974 -0.066358 -0.239623 -0.206920 -0.205506 -0.253345 -0.008060 -0.298029 0.032001 0.043443 0.132306 -0.095467 -0.336071 -0.245033 0.084366 0.008729 0.043531 0.107754 0.015890 0.032502 0.012940 0.020878 0.059436 0.033324 0.035510 -0.099421 0.050825 0.054950 0.011428 0.014293 0.004968 0.010627 0.000611 -0.004560 -0.004482 -0.011199 -0.010275 -0.002498 0.013514 0.036337 -0.079262 0.095559 0.150308 0.019045 0.014753 0.011099 0.065053 0.089610 0.093735 0.088491 0.066375 0.104310 0.069471 0.005362 0.021724 0.041493 0.067624 -9999.0
-9999.0 -0.241474 -0.242043 -0.242421 -0.241130 -0.245707 -0.059090 -0.236757 -0.221578 -0.208099 -0.248797 -0.354233 0.112628 0.046525 0.047421 -0.357413 -0.252602 -0.244465 -0.243649 -0.032023 0.010098 0.006831 0.074525 0.115763 0.002511 0.005794 0.007462 0.013739 0.015081 0.033860 0.028307 0.011477 0.020132 0.027449 0.004674 0.006813 -0.000768 -0.000174 0.010765 0.003503 0.000941 0.006859 -0.000625 0.003900 0.006001 0.005065 0.101632 0.003067 0.002187 0.116721 0.094877 0.096586 0.103840 0.086941 0.079123 0.078504 0.135312 0.176088 0.108581 0.056323 0.144558 0.069336 -9999.0
-9999.0 -0.067817 -0.182633 -0.189823 -0.112211 -0.025336 -0.327232 -0.228860 -0.207172 -0.200264 -0.241244 -0.352223 0.115625 0.049338 -0.346982 0.000000 -0.237712 -0.243205 -0.237823 0.032812 0.128563 0.160870 0.096133 0.106719 0.061977 0.049356 0.012989 0.028741 0.045229 0.001802 0.000800 0.001027 0.023635 0.082548 0.059062 0.060007 0.063418 0.063865 0.008415 0.006151 0.008364 0.075607 0.003153 0.021406 0.012596 0.000606 0.074808 0.081581 0.088138 0.098588 0.040823 0.076639 0.139579 0.206019 0.173204 -0.301264 -0.026368 -0.323329 -0.264841 -0.351321 -0.236283 -9999.0 -9999.0
