erum2020/resources/simulation/Vinschgau/output-maps/hsupN0104.asc
ncols         63
nrows         48
xllcorner     598000.000000
yllcorner     5145000.000000
cellsize      1000.000000
NODATA_value  -9999.0
[rows 0 to 27 of 48, columns 0 to 62 of 63]
-9999.0 -9999.0 -9999.0 -9999.0 -9999.0 -9999.0 -9999.0 -9999.0 -9999.0 -9999.0 -9999.0 -9999.0 -9999.0 -9999.0 -9999.0 -9999.0 -9999.0 -9999.0 -9999.0 -9999.0 -9999.0 -9999.0 -9999.0 -9999.0 -9999.0 -9999.0 -9999.0 -9999.0 -9999.0 -9999.0 -9999.0 -9999.0 -9999.0 -9999.0 -9999.0 -9999.0 -9999.0 -9999.0 -9999.0 -9999.0 -9999.0 -9999.0 -9999.0 -9999.0 -9999.0 -9999.0 -9999.0 -9999.0 -9999.0 -9999.0 -9999.0 -9999.0 -9999.0 -9999.0 -9999.0 -9999.0 -9999.0 -9999.0 -9999.0 -9999.0 -9999.0 -9999.0 -9999.0
-9999.0 -9999.0 -9999.0 -9999.0 -9999.0 -9999.0 -9999.0 -9999.0 -9999.0 -9999.0 -9999.0 -9999.0 -9999.0 -9999.0 -9999.0 -9999.0 -9999.0 -9999.0 -9999.0 -9999.0 -9999.0 -9999.0 -9999.0 -9999.0 -9999.0 -9999.0 -9999.0 7.072045 8.764960 12.905930 0.000000 0.000000 0.000000 -9999.0 -9999.0 -9999.0 -9999.0 -9999.0 -9999.0 -9999.0 -9999.0 -9999.0 -9999.0 -9999.0 -9999.0 -9999.0 -9999.0 -9999.0 -9999.0 -9999.0 -9999.0 -9999.0 -9999.0 -9999.0 -9999.0 -9999.0 -9999.0 -9999.0 -9999.0 -9999.0 -9999.0 -9999.0 -9999.0
-9999.0 -9999.0 -9999.0 -9999.0 -9999.0 -9999.0 -9999.0 -9999.0 -9999.0 -9999.0 -9999.0 -9999.0 -9999.0 -9999.0 -9999.0 -9999.0 -9999.0 -9999.0 -9999.0 -9999.0 -9999.0 -9999.0 -9999.0 -9999.0 7.585111 8.624827 12.578616 7.080673 20.635196 26.875508 0.540196 -9999.0 -9999.0 -9999.0 -9999.0 -9999.0 -9999.0 -9999.0 -9999.0 -9999.0 -9999.0 -9999.0 -9999.0 -9999.0 -9999.0 -9999.0 -9999.0 -9999.0 -9999.0 -9999.0 -9999.0 -9999.0 -9999.0 -9999.0 -9999.0 -9999.0 -9999.0 -9999.0 -9999.0 -9999.0 -9999.0 -9999.0 -9999.0
-9999.0 -9999.0 -9999.0 -9999.0 -9999.0 -9999.0 -9999.0 -9999.0 -9999.0 -9999.0 -9999.0 -9999.0 -9999.0 -9999.0 -9999.0 -9999.0 -9999.0 -9999.0 -9999.0 -9999.0 -9999.0 -9999.0 -9999.0 6.896712 10.474648 8.444443 16.409674 5.968327 22.319475 8.001306 6.444468 5.592749 -9999.0 -9999.0 -9999.0 -9999.0 -9999.0 -9999.0 -9999.0 -9999.0 -9999.0 -9999.0 -9999.0 -9999.0 -9999.0 -9999.0 -9999.0 -9999.0 -9999.0 -9999.0 -9999.0 -9999.0 -9999.0 -9999.0 -9999.0 -9999.0 -9999.0 -9999.0 -9999.0 -9999.0 -9999.0 -9999.0 -9999.0
-9999.0 -9999.0 -9999.0 -9999.0 -9999.0 -9999.0 -9999.0 -9999.0 -9999.0 -9999.0 -9999.0 -9999.0 -9999.0 -9999.0 -9999.0 -9999.0 -9999.0 -9999.0 1.710216 5.762529 -9999.0 7.149582 9.079749 8.864484 11.207279 0.991943 0.994268 0.997326 0.991704 10.333652 9.780854 8.936908 8.261247 6.018546 -9999.0 -9999.0 -9999.0 -9999.0 -9999.0 -9999.0 -9999.0 -9999.0 -9999.0 -9999.0 -9999.0 -9999.0 -9999.0 -9999.0 -9999.0 -9999.0 -9999.0 -9999.0 -9999.0 -9999.0 -9999.0 -9999.0 -9999.0 -9999.0 -9999.0 -9999.0 -9999.0 -9999.0 -9999.0
-9999.0 -9999.0 -9999.0 -9999.0 -9999.0 -9999.0 -9999.0 -9999.0 -9999.0 -9999.0 -9999.0 -9999.0 -9999.0 -9999.0 -9999.0 -9999.0 -9999.0 8.910152 10.869541 10.131756 5.306100 9.667267 9.659336 12.162353 0.994480 6.589328 0.000000 0.000000 4.999630 0.997847 17.695327 16.117531 25.390044 10.930402 5.331098 0.000000 -9999.0 -9999.0 -9999.0 -9999.0 -9999.0 -9999.0 -9999.0 -9999.0 -9999.0 -9999.0 -9999.0 -9999.0 -9999.0 -9999.0 -9999.0 -9999.0 -9999.0 -9999.0 -9999.0 -9999.0 -9999.0 -9999.0 -9999.0 -9999.0 -9999.0 -9999.0 -9999.0
-9999.0 -9999.0 -9999.0 -9999.0 -9999.0 -9999.0 -9999.0 -9999.0 -9999.0 -9999.0 -9999.0 -9999.0 -9999.0 6.921757 8.935730 9.886250 3.539899 0.989832 9.250505 6.729363 2.330142 5.144458 11.859095 0.993845 8.129567 0.000000 4.999958 0.000000 0.000073 0.000000 115.863104 19.544963 4.303540 11.940623 3.003551 0.000000 -9999.0 -9999.0 -9999.0 -9999.0 -9999.0 -9999.0 -9999.0 -9999.0 -9999.0 -9999.0 -9999.0 -9999.0 -9999.0 -9999.0 -9999.0 -9999.0 -9999.0 -9999.0 -9999.0 -9999.0 -9999.0 -9999.0 -9999.0 -9999.0 -9999.0 -9999.0 -9999.0
-9999.0 -9999.0 -9999.0 -9999.0 -9999.0 -9999.0 -9999.0 -9999.0 -9999.0 -9999.0 -9999.0 -9999.0 -9999.0 8.206150 10.202054 4.959002 0.937038 0.071430 0.994503 9.596870 0.996245 0.997963 0.995730 15.108507 17.748374 12.764785 5.209070 4.018471 5.072535 0.000060 0.000000 0.000000 0.000000 0.000000 0.000000 -9999.0 -9999.0 -9999.0 -9999.0 -9999.0 -9999.0 -9999.0 -9999.0 -9999.0 -9999.0 -9999.0 -9999.0 -9999.0 -9999.0 -9999.0 -9999.0 -9999.0 -9999.0 -9999.0 -9999.0 -9999.0 -9999.0 -9999.0 -9999.0 -9999.0 -9999.0 -9999.0 -9999.0
-9999.0 -9999.0 -9999.0 -9999.0 -9999.0 -9999.0 -9999.0 -9999.0 -9999.0 -9999.0 -9999.0 -9999.0 -9999.0 8.738382 33.089936 4.465101 7.139967 3.600261 0.998625 0.999659 10.005192 5.591368 11.520523 2.651722 10.055112 11.365176 10.332151 4.746503 6.780100 0.000000 0.000000 0.000000 0.000000 0.000000 0.000000 -9999.0 -9999.0 -9999.0 -9999.0 -9999.0 -9999.0 -9999.0 -9999.0 -9999.0 -9999.0 -9999.0 -9999.0 -9999.0 -9999.0 -9999.0 -9999.0 -9999.0 -9999.0 -9999.0 -9999.0 -9999.0 -9999.0 -9999.0 -9999.0 -9999.0 -9999.0 -9999.0 -9999.0
-9999.0 -9999.0 -9999.0 -9999.0 -9999.0 -9999.0 -9999.0 -9999.0 -9999.0 -9999.0 -9999.0 -9999.0 7.159119 172.698342 12.535454 7.581070 9.739437 9.687772 0.997963 17.179278 6.260957 3.442390 7.948382 1.663274 50.015636 0.000000 7.899876 4.986455 18.035961 0.000000 0.000000 6.862414 13.612412 4.969010 -9999.0 -9999.0 -9999.0 -9999.0 -9999.0 -9999.0 -9999.0 -9999.0 -9999.0 -9999.0 -9999.0 -9999.0 -9999.0 -9999.0 -9999.0 -9999.0 -9999.0 -9999.0 -9999.0 -9999.0 -9999.0 -9999.0 -9999.0 -9999.0 -9999.0 -9999.0 -9999.0 -9999.0 -9999.0
-9999.0 -9999.0 -9999.0 -9999.0 -9999.0 -9999.0 -9999.0 -9999.0 -9999.0 -9999.0 -9999.0 11.740714 18.679179 86.317534 8.760479 7.100359 7.009928 5.969921 0.992846 69.291892 11.308117 12.697143 7.406259 0.000000 13.501998 5.082964 0.000000 7.273667 93.354822 0.000000 5.150540 20.584976 15.272734 5.007977 9.512399 16.002827 5.148219 5.897982 6.295362 -9999.0 -9999.0 -9999.0 6.723972 -9999.0 -9999.0 -9999.0 -9999.0 -9999.0 -9999.0 -9999.0 -9999.0 -9999.0 -9999.0 -9999.0 -9999.0 -9999.0 -9999.0 -9999.0 -9999.0 -9999.0 -9999.0 -9999.0 -9999.0
-9999.0 -9999.0 -9999.0 -9999.0 -9999.0 -9999.0 -9999.0 -9999.0 -9999.0 -9999.0 -9999.0 11.720888 11.396640 26.261141 11.159363 4.717712 8.348307 7.606014 0.992114 9.311860 13.169465 8.859598 9.327400 5.304639 11.486993 6.996809 5.304113 12.110346 7.406339 1.620362 10.411562 42.343650 5.994843 7.749206 4.961158 11.449288 13.419488 4.885177 5.000046 5.819920 7.492412 4.996816 12.466931 5.790615 -9999.0 -9999.0 -9999.0 5.351441 6.153334 9.292297 7.805283 6.281889 6.512227 0.000000 0.014396 6.388524 -9999.0 -9999.0 -9999.0 -9999.0 -9999.0 -9999.0 -9999.0
-9999.0 -9999.0 -9999.0 -9999.0 -9999.0 -9999.0 -9999.0 -9999.0 -9999.0 -9999.0 -9999.0 17.079131 2.768480 25.161136 10.571490 7.590837 13.609374 17.165484 15.667744 0.999095 15.303508 11.461872 7.294126 7.197157 3.457220 5.017252 10.106314 82.847893 4.999999 4.975132 0.116097 51.089201 13.758732 5.597092 6.979582 13.871455 13.124336 0.000448 0.000097 5.373884 11.090361 4.967899 16.175789 8.810601 6.066076 -9999.0 0.219037 8.515962 9.774780 12.318572 12.178155 15.092194 8.566048 4.998455 5.699456 0.144630 -9999.0 -9999.0 -9999.0 -9999.0 -9999.0 -9999.0 -9999.0
-9999.0 -9999.0 -9999.0 -9999.0 -9999.0 -9999.0 -9999.0 -9999.0 -9999.0 -9999.0 -9999.0 -9999.0 5.034063 14.200163 5.275867 7.026193 8.306203 7.732571 10.473028 0.993887 12.795545 14.419063 18.062530 13.379648 5.054170 7.953854 61.337618 5.739258 8.995551 5.369865 6.494860 34.443231 9.625226 7.626504 0.000041 2.257124 0.624016 0.000000 0.000000 1.254265 8.449017 6.037723 19.828580 10.938391 7.232993 6.976851 5.406195 6.861600 11.052644 13.858603 0.997998 24.007509 99.351510 0.827076 9.112154 0.580194 0.000000 -9999.0 -9999.0 -9999.0 -9999.0 -9999.0 -9999.0
-9999.0 -9999.0 -9999.0 -9999.0 -9999.0 -9999.0 -9999.0 -9999.0 -9999.0 -9999.0 -9999.0 10.103389 0.000000 7.779015 24.789767 13.757164 14.609393 16.299040 20.328664 0.999509 16.579535 18.810511 20.856398 5.060650 7.097733 20.215006 9.711125 4.376468 5.221413 8.043878 10.081073 42.348206 15.962659 7.066353 0.000000 3.737462 0.000000 0.000141 0.000000 0.000000 1.681887 8.096284 24.546995 12.604843 10.328427 6.331832 17.280305 9.972988 9.469524 0.997647 4.996220 0.000000 0.000000 0.000000 0.000000 0.000000 7.564789 -9999.0 -9999.0 -9999.0 -9999.0 -9999.0 -9999.0
-9999.0 -9999.0 -9999.0 -9999.0 -9999.0 -9999.0 -9999.0 -9999.0 -9999.0 -9999.0 52.629328 12.431151 6.382871 5.698090 5.550329 111.740828 75.022278 5.942343 4.663326 0.996720 22.788221 23.849383 5.478315 6.400879 11.826165 99.081250 6.806272 4.999277 8.401183 9.183120 37.674533 138.808521 1.281549 0.000000 0.000000 3.533054 4.907420 9.263342 3.248677 0.995121 0.790064 0.993042 0.998816 11.625006 10.412344 6.150717 9.228155 17.392894 25.182882 0.997264 4.996269 0.000000 0.000000 0.000000 0.000000 0.000000 0.041442 -9999.0 -9999.0 -9999.0 -9999.0 -9999.0 -9999.0
-9999.0 -9999.0 -9999.0 -9999.0 -9999.0 -9999.0 -9999.0 -9999.0 -9999.0 3.257608 5.151376 17.743839 18.613593 5.756030 23.352209 18.920252 4.923930 7.349819 7.831178 1.020520 14.020640 6.180787 8.795492 0.991714 0.998323 6.692744 4.992344 7.457392 11.053366 13.537487 0.995003 5.872177 0.000000 0.000007 5.068489 7.393386 14.572346 12.827393 5.946305 6.873848 5.531267 5.542039 5.163500 0.998550 15.112006 9.172605 11.809667 5.495505 5.440376 0.994007 11.703649 7.348430 0.000000 1.611954 4.996859 7.745434 6.805210 6.283881 5.697229 -9999.0 -9999.0 -9999.0 -9999.0
-9999.0 -9999.0 -9999.0 -9999.0 -9999.0 -9999.0 -9999.0 -9999.0 -9999.0 8.104738 4.177576 4.987302 119.217871 9.525708 6.296334 4.999173 0.110319 8.689831 12.087455 0.992874 0.995478 0.998206 0.997991 10.919303 6.343500 4.995449 7.658183 9.650200 0.996483 0.996333 9.098417 5.760577 4.268785 4.995672 12.051481 5.429801 5.647888 8.385945 3.553509 0.370882 0.000000 0.000000 4.972458 8.341386 1.282564 0.998238 0.993034 13.323310 6.819393 0.992610 6.264603 5.193316 2.747316 2.663691 1.803323 0.436885 2.695227 10.473410 6.610707 -9999.0 -9999.0 -9999.0 -9999.0
-9999.0 -9999.0 -9999.0 -9999.0 -9999.0 -9999.0 -9999.0 -9999.0 -9999.0 -9999.0 4.990359 9.805870 10.247518 95.926264 9.922754 6.112286 8.051112 12.199031 12.861644 0.995332 5.362615 7.915693 7.384474 7.559562 4.994199 7.760855 13.536225 0.991370 8.304952 0.000000 0.000000 42.442986 0.000000 0.771154 16.023716 24.231692 7.233643 14.931352 4.999166 3.225086 0.000000 6.810508 68.442383 4.976411 9.031401 9.063206 11.442423 0.994055 0.992529 8.896722 8.718734 10.265331 4.999830 4.547464 0.000000 6.141965 5.373760 248.006884 12.089508 6.654719 -9999.0 -9999.0 -9999.0
-9999.0 -9999.0 -9999.0 -9999.0 -9999.0 -9999.0 -9999.0 -9999.0 -9999.0 -9999.0 7.895449 6.615672 4.999924 8.945091 0.997971 9.244091 7.900680 10.659219 7.810435 0.994689 6.627182 4.998385 0.388723 4.999162 7.470125 14.170382 0.990149 10.337425 7.549621 0.000000 0.000000 14.841312 9.655918 0.000000 0.000000 22.966426 172.675627 17.307978 10.074589 1.329314 6.170412 16.311704 7.507826 0.000000 5.213064 6.079686 8.196242 8.223694 16.080098 0.996051 14.089335 9.673375 8.163635 6.989375 4.995676 4.999803 4.994232 1.975697 35.124474 27.766157 -9999.0 -9999.0 -9999.0
-9999.0 -9999.0 -9999.0 -9999.0 -9999.0 -9999.0 -9999.0 -9999.0 11.907385 6.329354 4.993686 10.163778 25.405286 7.228549 8.418123 0.999826 0.998081 0.997246 0.403271 0.232628 2.221480 5.310087 10.568253 2.481400 7.642813 0.999563 7.202141 7.339550 9.226731 7.167922 0.000000 7.361283 2.975519 4.060682 5.670479 0.000000 3.454285 20.908482 6.024025 4.992229 4.991787 0.000000 0.000000 0.000000 4.999879 32.749540 0.000000 0.311423 7.924382 0.992239 13.380837 12.745504 9.214575 6.489995 4.999886 7.029582 5.735605 6.586576 8.897239 32.423666 -9999.0 -9999.0 -9999.0
-9999.0 -9999.0 -9999.0 -9999.0 -9999.0 -9999.0 -9999.0 -9999.0 52.945684 15.512351 7.275454 0.000000 0.657975 33.594771 6.252685 9.700205 7.105150 0.578025 1.990434 1.045528 1.486259 3.717792 9.844696 10.418139 4.968359 0.996136 15.512596 13.476862 7.486691 6.098842 4.996114 6.291574 15.278196 4.999816 8.666546 6.610587 19.724073 27.991047 9.361939 6.797377 0.000000 0.000000 0.000000 5.984826 81.801172 2.494849 4.187573 1.675459 7.453431 12.760922 0.991148 10.402255 7.650663 0.089622 7.273325 14.969047 7.100898 9.909227 13.676996 1.731614 1.078101 -9999.0 -9999.0
-9999.0 -9999.0 -9999.0 -9999.0 -9999.0 -9999.0 -9999.0 -9999.0 0.000000 104.424622 8.253835 4.994581 35.885380 1.884471 5.860691 6.183026 9.229958 8.546091 3.597112 0.581832 1.003879 0.996469 3.353173 4.632968 1.004470 10.770534 11.981670 8.667183 5.392960 9.614824 6.567944 16.615820 9.245110 8.233118 9.914557 28.495921 15.121050 0.998167 10.575477 8.699982 5.000032 5.047185 5.417863 32.407101 5.491314 8.107630 4.997043 4.513361 4.997289 8.256580 1.206658 15.184559 7.691857 5.813722 13.581228 16.779693 18.899775 17.989958 27.796489 113.579323 1.044079 -9999.0 -9999.0
-9999.0 -9999.0 -9999.0 -9999.0 -9999.0 -9999.0 -9999.0 -9999.0 4.694890 7.659106 24.000078 5.660453 9.672341 6.874236 9.126589 11.766728 13.454919 0.997476 0.960918 1.720229 1.624856 1.082693 1.081672 1.056438 3.142650 7.959955 8.427819 6.145085 6.614343 15.454902 8.073012 14.087227 14.390787 23.040055 8.589889 4.997555 6.351087 0.992933 9.501160 7.974710 4.999951 7.496766 9.613984 6.620870 4.998939 5.538277 7.599294 9.670651 4.998937 5.851191 6.500118 1.076611 17.750783 8.818801 19.336391 20.846023 29.321733 184.239812 0.999610 1.112706 17.425485 13.981748 -9999.0
-9999.0 -9999.0 -9999.0 -9999.0 -9999.0 -9999.0 -9999.0 -9999.0 4.997170 10.061116 148.616208 6.964397 12.486174 13.437328 13.211299 21.355604 0.994744 5.294050 2.710962 1.171017 1.501575 1.026894 1.133731 6.205815 9.762376 4.199580 4.998783 8.658365 11.314257 23.395332 7.417718 14.221787 28.025191 16.307835 7.672696 8.359996 9.000989 0.993279 16.088308 10.233984 6.380723 9.148732 16.418266 10.358999 5.653871 7.963288 9.451043 17.313999 6.175599 13.352726 17.102200 11.794570 0.997374 14.259445 216.032433 188.710243 1.000468 1.090027 33.677642 17.669858 14.381460 10.715494 -9999.0
-9999.0 -9999.0 7.032590 9.207372 48.875826 6.691641 33.732203 13.769171 8.064477 9.604683 11.485964 33.834363 17.361340 17.407321 0.999386 0.994571 8.677699 6.512060 6.154860 5.000079 1.136353 3.141385 1.187147 59.937329 10.839838 11.632709 5.858225 9.524128 25.345941 18.434144 7.030861 10.348116 75.506727 12.498777 17.357121 8.960576 15.522728 0.999010 13.773918 8.246175 9.907087 13.897514 22.124120 14.058757 7.100131 9.092412 16.996240 17.292524 17.082637 19.524027 28.133774 76.099062 1.026323 0.999168 0.994136 0.998415 38.027762 23.236793 15.795955 14.498906 12.609203 10.337285 -9999.0
-9999.0 10.002163 14.187194 10.624663 5.854988 26.707545 32.631782 8.893729 7.470857 7.524232 9.047795 10.043555 20.574931 25.678254 0.998392 9.142947 7.468089 5.372785 5.620870 7.730249 5.750264 15.298876 97.894722 0.998776 4.596722 13.918892 13.270196 15.061601 34.794359 19.589104 16.124019 10.147397 30.120426 35.550811 18.817946 19.003935 25.071167 0.993631 22.496430 16.412520 15.254293 26.761095 27.818405 13.533205 11.259263 15.508650 18.782713 17.953763 26.891110 104.897424 1.302346 0.996452 25.169558 25.102075 29.870850 16.777736 15.419666 14.139672 13.557588 10.107581 10.005920 11.173589 -9999.0
-9999.0 18.878928 25.562370 21.045137 3.178245 29.555237 6.758532 6.282593 6.224438 5.936403 6.655859 7.472050 13.504522 0.992562 10.404660 7.490023 5.104179 5.556472 14.912578 23.123141 28.327882 23.764637 23.176813 74.058017 0.993033 0.994728 0.990743 0.999472 0.989513 16.491387 11.053951 6.771000 31.729030 35.745167 30.129385 22.991106 32.839664 0.996400 34.385877 17.834177 36.333074 45.933789 29.967297 10.892537 7.318877 10.663540 0.993471 0.996003 0.993755 1.050780 14.051412 9.667571 9.672321 29.010660 12.963156 8.525651 16.103976 9.219638 8.491046 0.000000 0.000000 -9999.0 -9999.0
