erum2020/resources/simulation/Vinschgau/output-maps/hsupN0646.asc
ncols         63
nrows         48
xllcorner     598000.000000
yllcorner     5145000.000000
cellsize      1000.000000
NODATA_value  -9999.0
[rows 0 to 27 of 48, columns 0 to 62 of 63]
-9999.0 -9999.0 -9999.0 -9999.0 -9999.0 -9999.0 -9999.0 -9999.0 -9999.0 -9999.0 -9999.0 -9999.0 -9999.0 -9999.0 -9999.0 -9999.0 -9999.0 -9999.0 -9999.0 -9999.0 -9999.0 -9999.0 -9999.0 -9999.0 -9999.0 -9999.0 -9999.0 -9999.0 -9999.0 -9999.0 -9999.0 -9999.0 -9999.0 -9999.0 -9999.0 -9999.0 -9999.0 -9999.0 -9999.0 -9999.0 -9999.0 -9999.0 -9999.0 -9999.0 -9999.0 -9999.0 -9999.0 -9999.0 -9999.0 -9999.0 -9999.0 -9999.0 -9999.0 -9999.0 -9999.0 -9999.0 -9999.0 -9999.0 -9999.0 -9999.0 -9999.0 -9999.0 -9999.0
-9999.0 -9999.0 -9999.0 -9999.0 -9999.0 -9999.0 -9999.0 -9999.0 -9999.0 -9999.0 -9999.0 -9999.0 -9999.0 -9999.0 -9999.0 -9999.0 -9999.0 -9999.0 -9999.0 -9999.0 -9999.0 -9999.0 -9999.0 -9999.0 -9999.0 -9999.0 -9999.0 21.753599 13.775476 22.856578 24.184546 23.836036 611.258939 -9999.0 -9999.0 -9999.0 -9999.0 -9999.0 -9999.0 -9999.0 -9999.0 -9999.0 -9999.0 -9999.0 -9999.0 -9999.0 -9999.0 -9999.0 -9999.0 -9999.0 -9999.0 -9999.0 -9999.0 -9999.0 -9999.0 -9999.0 -9999.0 -9999.0 -9999.0 -9999.0 -9999.0 -9999.0 -9999.0
-9999.0 -9999.0 -9999.0 -9999.0 -9999.0 -9999.0 -9999.0 -9999.0 -9999.0 -9999.0 -9999.0 -9999.0 -9999.0 -9999.0 -9999.0 -9999.0 -9999.0 -9999.0 -9999.0 -9999.0 -9999.0 -9999.0 -9999.0 -9999.0 19.389524 11.398923 6.668179 5.597644 16.844990 25.549051 17.387039 -9999.0 -9999.0 -9999.0 -9999.0 -9999.0 -9999.0 -9999.0 -9999.0 -9999.0 -9999.0 -9999.0 -9999.0 -9999.0 -9999.0 -9999.0 -9999.0 -9999.0 -9999.0 -9999.0 -9999.0 -9999.0 -9999.0 -9999.0 -9999.0 -9999.0 -9999.0 -9999.0 -9999.0 -9999.0 -9999.0 -9999.0 -9999.0
-9999.0 -9999.0 -9999.0 -9999.0 -9999.0 -9999.0 -9999.0 -9999.0 -9999.0 -9999.0 -9999.0 -9999.0 -9999.0 -9999.0 -9999.0 -9999.0 -9999.0 -9999.0 -9999.0 -9999.0 -9999.0 -9999.0 -9999.0 20.059921 13.273996 0.001023 0.000144 0.000099 0.001539 2.819384 10.918888 19.429458 -9999.0 -9999.0 -9999.0 -9999.0 -9999.0 -9999.0 -9999.0 -9999.0 -9999.0 -9999.0 -9999.0 -9999.0 -9999.0 -9999.0 -9999.0 -9999.0 -9999.0 -9999.0 -9999.0 -9999.0 -9999.0 -9999.0 -9999.0 -9999.0 -9999.0 -9999.0 -9999.0 -9999.0 -9999.0 -9999.0 -9999.0
-9999.0 -9999.0 -9999.0 -9999.0 -9999.0 -9999.0 -9999.0 -9999.0 -9999.0 -9999.0 -9999.0 -9999.0 -9999.0 -9999.0 -9999.0 -9999.0 -9999.0 -9999.0 24.610017 26.860553 -9999.0 29.518041 24.946238 0.006026 0.000914 0.000000 0.000000 0.000000 0.000000 0.000159 7.055905 17.901756 24.324007 25.456886 -9999.0 -9999.0 -9999.0 -9999.0 -9999.0 -9999.0 -9999.0 -9999.0 -9999.0 -9999.0 -9999.0 -9999.0 -9999.0 -9999.0 -9999.0 -9999.0 -9999.0 -9999.0 -9999.0 -9999.0 -9999.0 -9999.0 -9999.0 -9999.0 -9999.0 -9999.0 -9999.0 -9999.0 -9999.0
-9999.0 -9999.0 -9999.0 -9999.0 -9999.0 -9999.0 -9999.0 -9999.0 -9999.0 -9999.0 -9999.0 -9999.0 -9999.0 -9999.0 -9999.0 -9999.0 -9999.0 0.000000 0.011101 26.236737 30.140060 0.746941 0.003668 0.000000 0.000000 0.002649 0.002233 0.001051 0.000000 0.001458 16.187480 26.412520 44.683074 25.742150 27.593743 33.837992 -9999.0 -9999.0 -9999.0 -9999.0 -9999.0 -9999.0 -9999.0 -9999.0 -9999.0 -9999.0 -9999.0 -9999.0 -9999.0 -9999.0 -9999.0 -9999.0 -9999.0 -9999.0 -9999.0 -9999.0 -9999.0 -9999.0 -9999.0 -9999.0 -9999.0 -9999.0 -9999.0
-9999.0 -9999.0 -9999.0 -9999.0 -9999.0 -9999.0 -9999.0 -9999.0 -9999.0 -9999.0 -9999.0 -9999.0 -9999.0 36.249537 0.850968 0.000000 0.000000 1.632822 0.000000 0.002508 0.009333 0.000000 0.000000 0.000000 0.002546 19.165708 18.015475 15.097327 0.004486 0.000669 7231.988571 50.524117 44.438086 52.628647 49.506062 27.297073 -9999.0 -9999.0 -9999.0 -9999.0 -9999.0 -9999.0 -9999.0 -9999.0 -9999.0 -9999.0 -9999.0 -9999.0 -9999.0 -9999.0 -9999.0 -9999.0 -9999.0 -9999.0 -9999.0 -9999.0 -9999.0 -9999.0 -9999.0 -9999.0 -9999.0 -9999.0 -9999.0
-9999.0 -9999.0 -9999.0 -9999.0 -9999.0 -9999.0 -9999.0 -9999.0 -9999.0 -9999.0 -9999.0 -9999.0 -9999.0 36.403644 0.014129 0.000000 0.000000 17.130187 1.712461 0.000000 0.006001 1.826823 0.001755 0.000000 0.000000 0.003815 17.581843 29.143706 23.759562 11.864854 35.070068 31.262332 32.055698 29.066406 39.917950 -9999.0 -9999.0 -9999.0 -9999.0 -9999.0 -9999.0 -9999.0 -9999.0 -9999.0 -9999.0 -9999.0 -9999.0 -9999.0 -9999.0 -9999.0 -9999.0 -9999.0 -9999.0 -9999.0 -9999.0 -9999.0 -9999.0 -9999.0 -9999.0 -9999.0 -9999.0 -9999.0 -9999.0
-9999.0 -9999.0 -9999.0 -9999.0 -9999.0 -9999.0 -9999.0 -9999.0 -9999.0 -9999.0 -9999.0 -9999.0 -9999.0 0.009714 424.959136 0.000701 0.000000 0.000000 3.831099 0.007925 28.442060 25.333368 15.815111 0.002084 0.000618 13.682888 28.680525 27.727409 23.961173 26.617506 38.688337 31.906927 30.424842 30.328550 36.403563 -9999.0 -9999.0 -9999.0 -9999.0 -9999.0 -9999.0 -9999.0 -9999.0 -9999.0 -9999.0 -9999.0 -9999.0 -9999.0 -9999.0 -9999.0 -9999.0 -9999.0 -9999.0 -9999.0 -9999.0 -9999.0 -9999.0 -9999.0 -9999.0 -9999.0 -9999.0 -9999.0 -9999.0
-9999.0 -9999.0 -9999.0 -9999.0 -9999.0 -9999.0 -9999.0 -9999.0 -9999.0 -9999.0 -9999.0 -9999.0 0.000000 4658.639828 0.000956 12.660457 4.744211 0.000000 2.446921 28.885682 0.000000 1.818022 34.070455 18.456588 2599.974097 27.151279 824.083638 27.132062 50.443963 39.398548 27.723958 31.567264 41.784704 27.615302 -9999.0 -9999.0 -9999.0 -9999.0 -9999.0 -9999.0 -9999.0 -9999.0 -9999.0 -9999.0 -9999.0 -9999.0 -9999.0 -9999.0 -9999.0 -9999.0 -9999.0 -9999.0 -9999.0 -9999.0 -9999.0 -9999.0 -9999.0 -9999.0 -9999.0 -9999.0 -9999.0 -9999.0 -9999.0
-9999.0 -9999.0 -9999.0 -9999.0 -9999.0 -9999.0 -9999.0 -9999.0 -9999.0 -9999.0 -9999.0 46.292057 34.494443 108.349610 8.246907 44.528158 37.659102 1.402772 2.637691 87.648361 0.271672 16.700552 41.270240 34.177497 60.948473 43.373617 29.420292 31.798385 2690.538657 28.923592 30.123614 46.825367 39.670563 25.038412 22.432199 19.104681 0.000000 0.000000 0.000000 -9999.0 -9999.0 -9999.0 20.137195 -9999.0 -9999.0 -9999.0 -9999.0 -9999.0 -9999.0 -9999.0 -9999.0 -9999.0 -9999.0 -9999.0 -9999.0 -9999.0 -9999.0 -9999.0 -9999.0 -9999.0 -9999.0 -9999.0 -9999.0
-9999.0 -9999.0 -9999.0 -9999.0 -9999.0 -9999.0 -9999.0 -9999.0 -9999.0 -9999.0 -9999.0 43.751757 31.880717 50.268745 18.460816 39.425057 7.065998 0.000198 2.310518 29.426661 36.631582 39.512663 44.303719 37.070265 55.179943 36.798162 30.452701 41.314863 54.582763 29.675613 37.113942 85.377452 20.107933 24.575695 10.902525 0.001918 0.000000 0.000000 0.000000 3.830718 9.482015 14.962471 11.193547 20.378506 -9999.0 -9999.0 -9999.0 31.038819 32.064058 35.324439 34.317135 34.565876 38.618300 36.458537 47.675172 45.522010 -9999.0 -9999.0 -9999.0 -9999.0 -9999.0 -9999.0 -9999.0
-9999.0 -9999.0 -9999.0 -9999.0 -9999.0 -9999.0 -9999.0 -9999.0 -9999.0 -9999.0 -9999.0 54.993276 36.361877 69.833019 46.480487 44.146409 41.736912 22.122238 22.011966 2.268771 22.444263 38.191477 34.961101 39.407291 36.661368 29.548590 33.869289 2668.484553 32.907146 30.451764 28.846663 95.478188 20.947143 19.102838 17.839441 0.002268 0.000000 0.000000 0.000000 0.606398 0.000420 0.001190 0.000975 11.849648 19.151755 -9999.0 30.169161 34.448456 32.673965 33.434883 31.186545 38.742188 35.194188 36.268336 50.644315 44.337330 -9999.0 -9999.0 -9999.0 -9999.0 -9999.0 -9999.0 -9999.0
-9999.0 -9999.0 -9999.0 -9999.0 -9999.0 -9999.0 -9999.0 -9999.0 -9999.0 -9999.0 -9999.0 -9999.0 53.791613 58.662297 36.296806 41.388014 30.690922 14.198236 27.184485 2.368619 24.874838 38.470183 47.605649 44.202914 32.110026 32.370584 1752.833004 35.498518 37.988963 30.313573 28.226355 57.800761 18.809700 18.850886 14.259744 0.001046 0.000000 0.000000 0.000000 0.000000 0.000000 4.474100 0.000071 5.811512 21.149586 23.672244 28.027135 28.970534 31.743212 31.132991 5.135059 125.535707 611.410446 107.856972 75.350255 53.470042 39.703674 -9999.0 -9999.0 -9999.0 -9999.0 -9999.0 -9999.0
-9999.0 -9999.0 -9999.0 -9999.0 -9999.0 -9999.0 -9999.0 -9999.0 -9999.0 -9999.0 -9999.0 43.553506 37.155492 44.918099 60.153737 41.767206 37.447226 24.510377 28.484824 0.008482 25.506062 37.623843 46.345218 27.262625 30.492406 49.392967 37.923584 30.316882 27.570782 30.828140 29.652640 70.861498 24.848469 21.279470 17.245691 0.003434 0.000000 0.000000 0.000000 0.000000 0.000000 0.000000 0.000874 14.467336 10.909808 19.666865 32.018328 26.550043 25.903607 1.825132 30.667555 31.158119 53.327398 44.317037 43.706566 34.263809 45.921868 -9999.0 -9999.0 -9999.0 -9999.0 -9999.0 -9999.0
-9999.0 -9999.0 -9999.0 -9999.0 -9999.0 -9999.0 -9999.0 -9999.0 -9999.0 -9999.0 1627.501806 43.502683 37.624422 36.070864 34.893552 1439.088685 1424.092429 19.808827 0.003376 0.008709 35.215435 40.445955 25.891354 26.355888 30.148597 1990.500168 31.564781 29.797768 29.718225 27.375333 70.923602 262.438712 29.824480 28.273643 20.874122 17.523870 0.001959 0.000000 0.000000 0.000000 0.000000 1.003490 1.014286 0.001416 5.371254 20.048768 21.471800 24.193669 28.471803 1.707471 27.667160 34.754110 50.163485 41.972069 37.809660 42.966632 47.501472 -9999.0 -9999.0 -9999.0 -9999.0 -9999.0 -9999.0
-9999.0 -9999.0 -9999.0 -9999.0 -9999.0 -9999.0 -9999.0 -9999.0 -9999.0 43.684021 49.246412 60.345526 51.175532 30.380958 45.420920 44.569700 31.905838 32.099348 0.020495 0.002650 23.571568 0.000913 23.388869 1.483132 3.059985 27.427805 22.542911 26.897925 28.099167 25.917929 3.501836 28.757196 26.031235 26.335771 23.989808 21.078295 17.015560 0.001963 0.000554 0.001482 0.001419 0.001116 0.000000 0.000000 0.000285 6.973044 9.789801 8.777759 12.768767 1.904625 39.976290 41.252889 39.568899 34.858351 36.889947 60.549241 87.159243 32.776318 34.910999 -9999.0 -9999.0 -9999.0 -9999.0
-9999.0 -9999.0 -9999.0 -9999.0 -9999.0 -9999.0 -9999.0 -9999.0 -9999.0 83.947589 45.589674 38.287336 3826.259604 17.836885 21.963427 28.525941 34.898276 28.008233 0.008196 0.000000 0.003399 0.001759 1.485769 29.706272 25.832964 20.231071 22.625306 22.356276 1.561102 1.678166 33.301319 31.881027 38.671394 26.977323 28.847029 19.866407 18.244790 16.724360 10.827110 16.939661 14.927177 14.056919 0.000928 0.002092 0.002341 0.001216 0.001234 0.000367 0.000827 1.284641 25.201992 30.836257 34.047804 39.742740 70.540148 49.275696 80.729750 63.213974 29.535262 -9999.0 -9999.0 -9999.0 -9999.0
-9999.0 -9999.0 -9999.0 -9999.0 -9999.0 -9999.0 -9999.0 -9999.0 -9999.0 -9999.0 40.208470 49.166268 40.492178 1789.316676 9.452802 17.677752 28.388225 21.425708 0.003725 0.000000 0.002991 20.584204 22.800378 24.737509 18.314141 19.236959 16.308796 1.399283 31.638950 29.739106 31.251868 3859.099565 29.024258 32.363494 36.987728 35.663245 9.032699 13.827280 19.672422 24.047722 19.659067 14.768375 3927.299269 17.351576 17.264210 13.287550 13.437348 1.239368 0.002391 16.288990 27.179714 34.642019 31.807237 35.919816 35.799067 38.010670 51.251645 13974.258399 75.372728 12.982871 -9999.0 -9999.0 -9999.0
-9999.0 -9999.0 -9999.0 -9999.0 -9999.0 -9999.0 -9999.0 -9999.0 -9999.0 -9999.0 48.831796 40.965923 32.931726 33.403694 2.075701 0.002331 10.667928 0.331718 0.000000 0.000000 0.000000 0.001142 14.649971 12.344244 15.848010 5.788722 1.297193 32.365078 34.317477 26.885256 34.133967 60.970211 43.417622 28.784108 27.786026 39.107176 2788.374138 21.908888 25.439837 24.502508 26.434360 52.233652 44.343766 23.289147 23.337020 20.734521 21.872854 18.448164 17.102628 1.331865 31.008944 31.429937 33.784138 36.284120 29.074161 28.073529 26.113130 22.462458 161.193476 88.648370 -9999.0 -9999.0 -9999.0
-9999.0 -9999.0 -9999.0 -9999.0 -9999.0 -9999.0 -9999.0 -9999.0 39.699607 37.523346 35.157854 50.358634 140.874981 37.290107 27.944955 0.010082 0.000636 0.000000 0.000000 0.000000 0.000000 0.000000 0.001427 0.000823 0.001378 0.004157 24.967222 30.715625 41.421298 42.321344 33.343364 42.659865 34.777637 30.368131 42.671575 24.848520 22.955894 28.712768 25.770758 26.168735 31.155163 42.566088 30.992907 26.032388 23.847136 1816.910208 24.116683 23.767344 18.729911 1.241914 27.892273 33.748954 32.325689 33.533743 24.956158 23.363862 24.022643 15.149184 8.288620 89.845361 -9999.0 -9999.0 -9999.0
-9999.0 -9999.0 -9999.0 -9999.0 -9999.0 -9999.0 -9999.0 -9999.0 1884.095076 49.141439 41.196776 36.504619 34.718659 1624.513771 24.089011 15.739147 0.001174 0.000000 0.000000 0.000000 0.000000 0.000000 1.289495 0.000000 0.000000 0.011294 32.076867 37.788401 32.813121 30.921419 32.120516 29.364429 49.449733 30.573272 39.255463 28.701289 40.804970 41.382286 27.259524 28.934075 30.571312 28.796761 29.896418 28.037538 2128.890412 31.482455 27.662226 25.401350 22.241673 12.361210 1.253532 23.167578 24.838032 20.131258 14.386673 24.243486 13.287418 10.761260 4.337552 4.811135 0.000000 -9999.0 -9999.0
-9999.0 -9999.0 -9999.0 -9999.0 -9999.0 -9999.0 -9999.0 -9999.0 42.650206 2578.654502 39.344787 38.088333 103.237829 33.875030 30.953947 26.167208 0.005670 0.000000 0.000000 0.000000 0.000000 0.000000 0.000000 0.000000 0.000237 7.899995 24.195864 28.131459 26.390354 32.320768 29.717765 42.352593 34.328762 32.207890 34.620031 47.876530 41.193553 3.955657 31.043168 32.826881 33.628078 30.840836 31.168939 2066.378819 30.393307 29.418953 25.930447 23.399110 21.462562 15.506597 0.003412 16.338416 18.020203 14.855546 10.351641 16.145249 8.170058 3.121220 0.000000 0.000000 0.000000 -9999.0 -9999.0
-9999.0 -9999.0 -9999.0 -9999.0 -9999.0 -9999.0 -9999.0 -9999.0 43.778010 44.724190 62.389384 37.660550 44.024952 38.483127 32.810971 14.554008 0.001413 0.000000 0.000453 0.000000 0.000000 0.000000 0.000000 0.000000 0.000736 12.011267 21.771085 24.068803 23.645534 35.825733 29.007303 36.063352 34.263800 42.631035 30.369731 21.372366 18.176948 2.040492 42.715653 28.275699 26.304129 29.138329 29.670689 26.277763 24.162922 26.806282 25.058367 25.846023 13.761363 9.249535 2.583927 0.001956 6.740333 0.001461 2.942611 7.261366 7.519182 14.167953 0.000009 0.000000 0.000000 0.000000 -9999.0
-9999.0 -9999.0 -9999.0 -9999.0 -9999.0 -9999.0 -9999.0 -9999.0 40.316282 47.200905 3747.235575 35.995590 43.989330 36.547602 29.002029 6.743140 1.505485 1.706548 9.061714 0.001914 0.000000 0.000000 0.000000 0.000000 0.000000 0.001563 15.603683 21.803125 19.369466 37.513737 25.987709 30.278604 41.359117 35.346030 36.227632 39.331941 27.159304 1.915119 42.482527 22.821143 20.831970 28.063701 31.474083 24.026143 21.644228 21.303658 19.209972 22.361198 7.793190 3.396016 0.000000 0.000000 0.000172 0.000000 66.376688 65.427185 0.001517 0.000057 0.000143 0.000000 0.000240 0.000000 -9999.0
-9999.0 -9999.0 37.570233 39.754454 805.624597 34.280376 73.597393 52.801818 47.325792 50.598008 50.571167 83.695759 49.550161 46.487978 4.922024 2.019207 32.206109 32.261553 28.695166 16.481957 0.001638 0.000000 0.000000 0.000000 0.000000 0.000000 0.001589 0.589570 4.406591 25.020083 16.168490 18.598313 72.764054 22.507311 32.050834 27.065150 19.241729 1.707379 29.321193 19.449571 15.639061 23.519915 30.842517 17.629328 18.270217 14.747022 10.800870 7.638718 2.397649 0.000000 0.000000 0.000000 0.001746 1.049717 1.051857 1.020559 18.092750 5.233426 6.446048 1.801906 7.969818 1.911624 -9999.0
-9999.0 28.537800 36.863595 35.933767 30.021939 59.748332 74.394505 48.668700 49.383626 50.552665 49.016318 41.627463 52.613412 59.505386 2.954518 41.898474 43.188784 36.221251 28.599263 11.824681 0.000720 0.002743 0.000000 0.000000 0.000000 0.000000 0.000000 0.000000 0.000000 0.826148 0.001816 0.002271 36.204415 28.669999 18.596429 8.750759 5.204766 0.001046 17.993834 3.964979 3.614665 18.400087 24.885367 1.829429 0.002277 0.001402 0.000573 0.000263 0.000000 0.000000 0.000000 0.561586 22.133407 26.020886 23.484352 10.019953 11.121940 6.430435 12.018144 11.119332 7.298694 2.534027 -9999.0
-9999.0 42.706370 40.658851 33.439331 24.451362 59.763808 33.370314 38.549908 42.468522 43.035198 41.317460 34.237041 34.214404 3.185684 48.074216 48.878685 46.498978 34.420387 40.851926 37.927828 38.090424 23.526344 0.003829 0.000000 0.000000 0.000000 0.000000 0.000000 0.000000 0.000000 0.000000 0.000000 28.532317 22.458341 11.654217 0.000714 0.000077 0.000334 14.210303 0.000000 0.984917 22.459495 17.287215 0.000000 0.000000 0.000000 0.000000 0.000000 0.000289 0.001106 2.836612 0.001697 0.509947 32.332705 10.136837 10.587604 19.255919 14.204804 13.950906 11.695393 10.274070 -9999.0 -9999.0
