erum2020/resources/simulation/Vinschgau/output-maps/hsupN0106.asc
ncols         63
nrows         48
xllcorner     598000.000000
yllcorner     5145000.000000
cellsize      1000.000000
NODATA_value  -9999.0
[rows 0 to 27 of 48, columns 0 to 62 of 63]
-9999.0 -9999.0 -9999.0 -9999.0 -9999.0 -9999.0 -9999.0 -9999.0 -9999.0 -9999.0 -9999.0 -9999.0 -9999.0 -9999.0 -9999.0 -9999.0 -9999.0 -9999.0 -9999.0 -9999.0 -9999.0 -9999.0 -9999.0 -9999.0 -9999.0 -9999.0 -9999.0 -9999.0 -9999.0 -9999.0 -9999.0 -9999.0 -9999.0 -9999.0 -9999.0 -9999.0 -9999.0 -9999.0 -9999.0 -9999.0 -9999.0 -9999.0 -9999.0 -9999.0 -9999.0 -9999.0 -9999.0 -9999.0 -9999.0 -9999.0 -9999.0 -9999.0 -9999.0 -9999.0 -9999.0 -9999.0 -9999.0 -9999.0 -9999.0 -9999.0 -9999.0 -9999.0 -9999.0
-9999.0 -9999.0 -9999.0 -9999.0 -9999.0 -9999.0 -9999.0 -9999.0 -9999.0 -9999.0 -9999.0 -9999.0 -9999.0 -9999.0 -9999.0 -9999.0 -9999.0 -9999.0 -9999.0 -9999.0 -9999.0 -9999.0 -9999.0 -9999.0 -9999.0 -9999.0 -9999.0 6.949392 8.603008 12.671131 0.000000 0.000000 0.000000 -9999.0 -9999.0 -9999.0 -9999.0 -9999.0 -9999.0 -9999.0 -9999.0 -9999.0 -9999.0 -9999.0 -9999.0 -9999.0 -9999.0 -9999.0 -9999.0 -9999.0 -9999.0 -9999.0 -9999.0 -9999.0 -9999.0 -9999.0 -9999.0 -9999.0 -9999.0 -9999.0 -9999.0 -9999.0 -9999.0
-9999.0 -9999.0 -9999.0 -9999.0 -9999.0 -9999.0 -9999.0 -9999.0 -9999.0 -9999.0 -9999.0 -9999.0 -9999.0 -9999.0 -9999.0 -9999.0 -9999.0 -9999.0 -9999.0 -9999.0 -9999.0 -9999.0 -9999.0 -9999.0 7.447793 8.447846 12.322634 6.939904 20.285576 26.425633 0.544471 -9999.0 -9999.0 -9999.0 -9999.0 -9999.0 -9999.0 -9999.0 -9999.0 -9999.0 -9999.0 -9999.0 -9999.0 -9999.0 -9999.0 -9999.0 -9999.0 -9999.0 -9999.0 -9999.0 -9999.0 -9999.0 -9999.0 -9999.0 -9999.0 -9999.0 -9999.0 -9999.0 -9999.0 -9999.0 -9999.0 -9999.0 -9999.0
-9999.0 -9999.0 -9999.0 -9999.0 -9999.0 -9999.0 -9999.0 -9999.0 -9999.0 -9999.0 -9999.0 -9999.0 -9999.0 -9999.0 -9999.0 -9999.0 -9999.0 -9999.0 -9999.0 -9999.0 -9999.0 -9999.0 -9999.0 6.745258 10.264367 8.430470 16.130576 5.978118 21.940314 7.836679 6.315512 5.535072 -9999.0 -9999.0 -9999.0 -9999.0 -9999.0 -9999.0 -9999.0 -9999.0 -9999.0 -9999.0 -9999.0 -9999.0 -9999.0 -9999.0 -9999.0 -9999.0 -9999.0 -9999.0 -9999.0 -9999.0 -9999.0 -9999.0 -9999.0 -9999.0 -9999.0 -9999.0 -9999.0 -9999.0 -9999.0 -9999.0 -9999.0
-9999.0 -9999.0 -9999.0 -9999.0 -9999.0 -9999.0 -9999.0 -9999.0 -9999.0 -9999.0 -9999.0 -9999.0 -9999.0 -9999.0 -9999.0 -9999.0 -9999.0 -9999.0 1.781639 5.631443 -9999.0 7.012195 8.896504 8.745198 11.046283 0.993585 0.995689 0.995647 0.992113 10.128489 9.588891 8.765969 8.088662 5.886450 -9999.0 -9999.0 -9999.0 -9999.0 -9999.0 -9999.0 -9999.0 -9999.0 -9999.0 -9999.0 -9999.0 -9999.0 -9999.0 -9999.0 -9999.0 -9999.0 -9999.0 -9999.0 -9999.0 -9999.0 -9999.0 -9999.0 -9999.0 -9999.0 -9999.0 -9999.0 -9999.0 -9999.0 -9999.0
-9999.0 -9999.0 -9999.0 -9999.0 -9999.0 -9999.0 -9999.0 -9999.0 -9999.0 -9999.0 -9999.0 -9999.0 -9999.0 -9999.0 -9999.0 -9999.0 -9999.0 9.847818 10.675144 9.898314 5.179570 9.465839 9.455310 11.930449 0.992392 6.467146 0.000073 0.000000 4.997304 0.998838 17.365089 15.813065 24.912309 10.720839 5.245523 0.000000 -9999.0 -9999.0 -9999.0 -9999.0 -9999.0 -9999.0 -9999.0 -9999.0 -9999.0 -9999.0 -9999.0 -9999.0 -9999.0 -9999.0 -9999.0 -9999.0 -9999.0 -9999.0 -9999.0 -9999.0 -9999.0 -9999.0 -9999.0 -9999.0 -9999.0 -9999.0 -9999.0
-9999.0 -9999.0 -9999.0 -9999.0 -9999.0 -9999.0 -9999.0 -9999.0 -9999.0 -9999.0 -9999.0 -9999.0 -9999.0 6.787730 8.741073 9.913909 3.713825 0.993179 10.064713 6.629495 2.387402 5.250403 11.696051 0.997882 7.962113 0.000060 4.999862 0.000047 0.000000 0.000000 117.203017 19.197539 4.520985 11.822191 3.039080 0.000000 -9999.0 -9999.0 -9999.0 -9999.0 -9999.0 -9999.0 -9999.0 -9999.0 -9999.0 -9999.0 -9999.0 -9999.0 -9999.0 -9999.0 -9999.0 -9999.0 -9999.0 -9999.0 -9999.0 -9999.0 -9999.0 -9999.0 -9999.0 -9999.0 -9999.0 -9999.0 -9999.0
-9999.0 -9999.0 -9999.0 -9999.0 -9999.0 -9999.0 -9999.0 -9999.0 -9999.0 -9999.0 -9999.0 -9999.0 -9999.0 8.025448 10.044340 5.157228 1.009252 0.070917 0.997537 9.661779 0.999021 0.997927 0.991652 14.872573 17.498355 12.573976 5.095705 4.057219 4.999993 0.000000 0.000000 0.000000 0.000000 0.000000 0.000000 -9999.0 -9999.0 -9999.0 -9999.0 -9999.0 -9999.0 -9999.0 -9999.0 -9999.0 -9999.0 -9999.0 -9999.0 -9999.0 -9999.0 -9999.0 -9999.0 -9999.0 -9999.0 -9999.0 -9999.0 -9999.0 -9999.0 -9999.0 -9999.0 -9999.0 -9999.0 -9999.0 -9999.0
-9999.0 -9999.0 -9999.0 -9999.0 -9999.0 -9999.0 -9999.0 -9999.0 -9999.0 -9999.0 -9999.0 -9999.0 -9999.0 8.533670 33.708378 4.553752 7.128838 3.817522 0.998614 0.989554 9.760578 5.456457 11.335624 2.690240 9.964206 11.210174 10.139022 4.765115 6.632421 0.000000 0.000000 0.000000 0.000000 0.000000 0.000000 -9999.0 -9999.0 -9999.0 -9999.0 -9999.0 -9999.0 -9999.0 -9999.0 -9999.0 -9999.0 -9999.0 -9999.0 -9999.0 -9999.0 -9999.0 -9999.0 -9999.0 -9999.0 -9999.0 -9999.0 -9999.0 -9999.0 -9999.0 -9999.0 -9999.0 -9999.0 -9999.0 -9999.0
-9999.0 -9999.0 -9999.0 -9999.0 -9999.0 -9999.0 -9999.0 -9999.0 -9999.0 -9999.0 -9999.0 -9999.0 6.995816 178.232467 12.322729 7.400398 9.510171 9.631708 1.202875 16.783561 6.101175 3.440153 7.871204 1.661807 50.303339 0.000000 7.950830 4.984295 17.690011 0.000000 0.000000 6.722024 13.380096 4.967674 -9999.0 -9999.0 -9999.0 -9999.0 -9999.0 -9999.0 -9999.0 -9999.0 -9999.0 -9999.0 -9999.0 -9999.0 -9999.0 -9999.0 -9999.0 -9999.0 -9999.0 -9999.0 -9999.0 -9999.0 -9999.0 -9999.0 -9999.0 -9999.0 -9999.0 -9999.0 -9999.0 -9999.0 -9999.0
-9999.0 -9999.0 -9999.0 -9999.0 -9999.0 -9999.0 -9999.0 -9999.0 -9999.0 -9999.0 -9999.0 11.574456 18.361978 84.212740 8.558860 6.938340 6.842153 5.949583 1.056402 69.545982 11.140805 12.468449 7.278514 0.000000 13.458013 5.097323 0.000000 7.133051 93.815906 0.000000 5.053108 20.257889 14.995026 4.998939 9.348041 15.787295 5.046068 5.844287 6.313547 -9999.0 -9999.0 -9999.0 6.631908 -9999.0 -9999.0 -9999.0 -9999.0 -9999.0 -9999.0 -9999.0 -9999.0 -9999.0 -9999.0 -9999.0 -9999.0 -9999.0 -9999.0 -9999.0 -9999.0 -9999.0 -9999.0 -9999.0 -9999.0
-9999.0 -9999.0 -9999.0 -9999.0 -9999.0 -9999.0 -9999.0 -9999.0 -9999.0 -9999.0 -9999.0 11.548715 11.210595 25.733429 10.911378 4.715928 8.147942 7.633498 1.119450 9.579161 13.005572 8.693178 9.171282 5.213517 11.414731 6.879947 5.193647 11.889224 7.386099 1.618482 10.219232 41.572013 5.883996 7.645411 4.955910 11.291254 13.324688 4.942126 5.000075 5.724226 7.358680 4.996012 12.261953 5.705697 -9999.0 -9999.0 -9999.0 5.259608 6.071789 9.150865 7.695931 6.168963 6.396862 0.000000 0.030821 6.288029 -9999.0 -9999.0 -9999.0 -9999.0 -9999.0 -9999.0 -9999.0
-9999.0 -9999.0 -9999.0 -9999.0 -9999.0 -9999.0 -9999.0 -9999.0 -9999.0 -9999.0 -9999.0 16.836556 2.766692 24.653499 10.335561 7.415255 13.295354 16.914396 16.192466 0.992799 15.248517 11.217038 7.135227 7.050681 3.457383 4.999447 9.867837 83.331329 5.000011 4.972919 0.113599 49.819219 13.521815 5.522288 6.868843 13.736599 13.044679 0.027580 0.000093 5.288847 10.994139 4.958569 15.901433 8.656665 5.966415 -9999.0 0.217169 8.394767 9.643466 12.132887 11.974986 14.810331 8.409141 4.994075 5.549626 0.208336 -9999.0 -9999.0 -9999.0 -9999.0 -9999.0 -9999.0 -9999.0
-9999.0 -9999.0 -9999.0 -9999.0 -9999.0 -9999.0 -9999.0 -9999.0 -9999.0 -9999.0 -9999.0 -9999.0 5.010131 13.936817 5.167013 6.874834 8.114479 7.674454 11.960862 1.000304 12.587942 14.118420 17.700990 13.080746 4.998759 7.738834 61.790404 5.756243 8.863238 5.268201 6.365933 33.947814 9.470307 7.519618 0.000039 2.248571 0.631830 0.000000 0.000000 1.326527 8.620664 5.882024 19.496038 10.736804 7.095480 6.853361 5.306505 6.753771 10.892932 13.642430 0.995515 23.788566 98.791141 0.938500 9.047209 0.579243 0.000000 -9999.0 -9999.0 -9999.0 -9999.0 -9999.0 -9999.0
-9999.0 -9999.0 -9999.0 -9999.0 -9999.0 -9999.0 -9999.0 -9999.0 -9999.0 -9999.0 -9999.0 9.921448 0.000000 7.650879 24.386933 13.518652 14.324947 16.023003 20.213828 0.993233 16.445559 18.440089 20.422313 4.998951 6.925624 19.835091 9.538411 4.389629 5.109969 7.885689 9.883339 41.786500 15.725755 6.968277 0.000000 3.729579 0.000000 0.000140 0.000000 0.000000 1.768429 7.962220 24.063709 12.349686 10.132630 6.217939 16.989149 9.800916 9.307199 0.996365 4.994681 0.000000 0.000000 0.000000 0.000000 0.000000 7.479686 -9999.0 -9999.0 -9999.0 -9999.0 -9999.0 -9999.0
-9999.0 -9999.0 -9999.0 -9999.0 -9999.0 -9999.0 -9999.0 -9999.0 -9999.0 -9999.0 52.880419 12.211562 6.247175 5.582088 5.479656 112.436756 75.921963 5.797294 4.738612 0.999028 22.639183 23.441997 5.347172 6.266040 11.587231 100.051384 6.634489 4.998428 8.195927 8.993175 37.672276 138.616923 1.279181 0.000000 0.000000 3.552811 4.898106 9.241414 3.704498 1.254870 0.960014 0.993412 0.994138 11.655364 10.197432 6.020978 9.061018 17.068721 24.696759 0.994138 4.994691 0.000000 0.000000 0.000000 0.000000 0.000000 0.097174 -9999.0 -9999.0 -9999.0 -9999.0 -9999.0 -9999.0
-9999.0 -9999.0 -9999.0 -9999.0 -9999.0 -9999.0 -9999.0 -9999.0 -9999.0 3.255837 5.090950 17.447374 18.283850 5.630366 22.951365 18.592922 4.922058 7.168715 7.804668 0.999671 14.356276 6.026242 8.594195 0.997823 0.998090 6.519928 4.989770 7.247944 10.813134 13.249879 0.995046 5.771813 0.000000 0.000000 4.999747 7.301038 14.513031 12.712253 6.013973 6.773208 6.260791 5.448689 5.054083 0.989409 14.740105 8.912343 11.578151 5.361545 5.304173 0.998123 11.455719 7.240392 0.000000 1.611382 4.996456 7.666013 6.901651 6.183786 5.597872 -9999.0 -9999.0 -9999.0 -9999.0
-9999.0 -9999.0 -9999.0 -9999.0 -9999.0 -9999.0 -9999.0 -9999.0 -9999.0 8.092883 4.185964 4.985431 120.458743 9.303583 6.147536 4.998976 0.109041 8.462477 12.565196 1.184311 1.108900 1.216732 0.992510 10.697453 6.191192 4.993633 7.444755 9.444115 0.991472 0.993035 8.889698 5.637068 4.266516 4.993343 11.799502 5.312339 5.526537 8.223221 3.548724 0.368280 0.000000 0.000000 4.969842 8.136868 0.994452 0.996592 0.996070 12.585980 6.635224 0.991488 6.134203 5.081961 2.746850 2.662280 1.802996 0.451075 2.730804 10.343606 6.495163 -9999.0 -9999.0 -9999.0 -9999.0
-9999.0 -9999.0 -9999.0 -9999.0 -9999.0 -9999.0 -9999.0 -9999.0 -9999.0 -9999.0 4.988518 9.653314 10.061153 96.608783 9.672298 5.950815 7.852035 11.908026 13.542398 1.179853 5.522176 7.849986 7.227872 7.389849 4.992588 7.543451 12.943754 0.997515 8.130690 0.000000 0.000000 42.846297 0.000000 0.768954 15.733411 23.793957 7.081480 14.609230 4.998585 3.222281 0.000000 6.665152 68.634761 4.974409 8.823443 8.861734 11.200419 0.998487 0.991121 8.618272 8.532014 10.021711 4.999683 4.547077 0.000000 6.057161 5.380213 248.374291 11.771379 6.525443 -9999.0 -9999.0 -9999.0
-9999.0 -9999.0 -9999.0 -9999.0 -9999.0 -9999.0 -9999.0 -9999.0 -9999.0 -9999.0 7.797862 6.544253 5.000063 8.749690 0.997605 9.045839 7.703430 10.433359 8.983724 1.239836 6.635067 4.998249 0.388417 4.998907 7.261599 13.485725 0.991185 10.140833 7.449407 0.000000 0.000000 14.697966 9.484011 0.000000 0.000000 22.556352 174.801522 16.973614 9.849145 1.327147 6.089132 16.153529 7.658852 0.000000 5.131415 5.985095 8.011071 8.016271 15.761687 0.997222 13.755153 9.484730 7.996931 6.874840 4.995183 4.999798 4.992767 1.989578 33.982772 26.658135 -9999.0 -9999.0 -9999.0
-9999.0 -9999.0 -9999.0 -9999.0 -9999.0 -9999.0 -9999.0 -9999.0 11.677044 6.196851 4.991944 10.022118 25.462574 7.153837 8.239236 0.994773 0.993108 1.228232 1.191100 2.153640 5.011390 9.896904 11.465451 2.481249 7.495638 0.999583 7.402801 7.223112 9.125679 7.097254 0.000000 7.294054 2.973552 4.058786 5.639551 0.000000 3.452841 20.516284 5.881495 4.991351 4.990568 0.000000 0.000000 0.000000 4.999861 32.774077 0.000000 0.311315 7.731530 0.994050 13.079144 12.521176 9.116370 6.378697 4.999881 6.842229 5.622123 6.464216 8.501875 32.756289 -9999.0 -9999.0 -9999.0
-9999.0 -9999.0 -9999.0 -9999.0 -9999.0 -9999.0 -9999.0 -9999.0 53.319301 15.244681 7.101510 0.000000 0.656124 33.692460 6.124778 9.506777 7.285719 0.618387 4.099710 0.990649 8.972642 11.658670 15.926185 11.782797 8.126338 1.045363 15.324870 13.215121 7.356428 5.973408 4.994090 6.141965 15.029854 4.998958 8.521591 6.486630 19.379317 27.481600 9.170800 6.651274 0.000000 0.000000 0.000000 5.884453 81.902948 2.603662 4.186351 1.673706 7.251127 12.441892 0.996790 10.183438 7.530921 0.135568 7.060802 14.585542 6.938516 9.558527 13.192030 2.539795 1.410247 -9999.0 -9999.0
-9999.0 -9999.0 -9999.0 -9999.0 -9999.0 -9999.0 -9999.0 -9999.0 0.000000 104.927305 8.088274 4.992686 35.556327 1.882619 5.751785 6.015067 8.837674 8.378446 5.308990 1.449878 0.996628 9.898187 12.017141 11.091171 1.231643 10.881578 11.758762 8.485848 5.270604 9.420014 6.410766 16.306222 9.103087 8.040033 9.749822 27.984696 14.852426 0.996491 10.378972 8.536953 4.999348 4.999611 5.371734 32.553793 5.470415 7.989525 4.996695 4.513194 4.996256 8.037181 0.996357 14.422809 7.525589 5.657072 12.983882 16.138597 18.128914 18.054051 32.622187 120.076882 1.348400 -9999.0 -9999.0
-9999.0 -9999.0 -9999.0 -9999.0 -9999.0 -9999.0 -9999.0 -9999.0 4.693295 7.530275 23.532633 5.515680 9.619089 6.831644 8.930007 11.274403 14.366119 0.993609 1.272515 3.761504 7.652881 0.999557 1.485289 1.313740 3.268429 7.867864 8.221129 6.008070 6.471906 15.143636 7.904315 13.816508 14.123888 22.582280 8.414220 4.996361 6.176071 0.996750 9.312844 7.801811 4.999769 7.337748 9.439219 6.465532 4.998849 5.418810 7.460616 9.469622 4.998823 5.664095 6.335189 0.996787 16.676005 8.410787 18.863953 20.520410 31.014869 181.317430 0.996238 1.390028 19.369961 13.584766 -9999.0
-9999.0 -9999.0 -9999.0 -9999.0 -9999.0 -9999.0 -9999.0 -9999.0 4.995319 9.856820 149.913688 6.806762 12.280814 13.037735 12.813024 21.570323 1.036279 5.308521 2.778102 1.203763 4.544595 0.995276 0.993674 13.915590 9.658013 4.199290 4.998104 8.442853 11.074133 22.913042 7.252546 13.936618 27.378089 15.974896 7.514550 8.141469 8.778242 0.997383 15.744903 10.005697 6.215426 8.962491 16.081372 10.122412 5.510330 7.792874 9.251808 16.929320 5.987506 12.559469 16.118231 11.534411 1.134149 14.680875 213.827734 187.018517 1.447456 1.444557 37.448619 19.753847 14.092183 10.423045 -9999.0
-9999.0 -9999.0 6.887719 9.027191 48.993299 6.548492 33.157383 13.523634 7.889508 9.446475 11.287576 33.434699 17.142547 17.101077 1.007261 1.020237 8.499405 6.384047 6.024010 5.000116 1.169752 6.038592 0.997618 63.565821 12.599456 11.073060 5.732199 9.267739 25.109509 18.044920 6.867880 10.135387 73.140682 12.221891 16.784393 8.671507 14.735820 0.997981 13.427892 8.039689 9.648646 13.411860 21.598978 13.733365 6.926031 8.875257 16.184930 16.582173 16.207800 20.138603 29.160657 82.552537 1.183881 1.240603 1.281978 1.195870 38.453250 24.363875 15.610648 14.124195 12.264526 10.058581 -9999.0
-9999.0 9.800768 13.901744 10.428954 5.721852 26.278455 32.096878 8.751440 7.353337 7.408748 8.898146 9.845086 20.404281 25.764588 0.993031 8.940644 7.324120 5.278118 5.497040 7.619773 5.805663 17.500682 101.611020 0.990795 9.867134 15.525354 13.724313 15.691992 34.973593 19.091776 15.220032 9.834044 29.540966 34.716280 18.040303 17.896052 23.797586 0.995420 21.119318 15.316989 14.234075 25.335488 26.583815 13.111302 10.633880 14.547907 18.297022 17.675470 26.468291 105.549479 0.996157 1.144977 25.333780 24.725238 29.360309 16.377860 14.997364 13.736376 13.169812 9.818623 9.736968 10.882237 -9999.0
-9999.0 18.553546 25.080380 20.633222 3.234933 29.098055 6.606904 6.140782 6.090460 5.809415 6.517029 7.296797 13.336493 0.995158 10.191789 7.343537 5.033846 5.439479 14.608583 22.668718 27.785024 23.336291 24.822354 74.937899 1.041775 1.135797 0.992167 0.992963 1.034355 17.414909 12.026556 7.865394 31.714085 35.160528 30.398256 24.486948 32.825988 1.020453 33.503072 17.552347 36.476964 44.839490 29.706780 10.819721 8.234281 11.212123 0.992464 0.999537 0.993314 0.997583 14.403295 9.490433 9.432178 28.272500 12.626361 8.344260 15.680104 8.959014 8.246195 0.000000 0.000000 -9999.0 -9999.0
