erum2020/resources/simulation/Vinschgau/output-maps/PrecTOTALN0393.asc
ncols         63
nrows         48
xllcorner     598000.000000
yllcorner     5145000.000000
cellsize      1000.000000
NODATA_value  -9999.0
[rows 0 to 28 of 48, columns 0 to 62 of 63]
-9999.0 -9999.0 -9999.0 -9999.0 -9999.0 -9999.0 -9999.0 -9999.0 -9999.0 -9999.0 -9999.0 -9999.0 -9999.0 -9999.0 -9999.0 -9999.0 -9999.0 -9999.0 -9999.0 -9999.0 -9999.0 -9999.0 -9999.0 -9999.0 -9999.0 -9999.0 -9999.0 -9999.0 -9999.0 -9999.0 -9999.0 -9999.0 -9999.0 -9999.0 -9999.0 -9999.0 -9999.0 -9999.0 -9999.0 -9999.0 -9999.0 -9999.0 -9999.0 -9999.0 -9999.0 -9999.0 -9999.0 -9999.0 -9999.0 -9999.0 -9999.0 -9999.0 -9999.0 -9999.0 -9999.0 -9999.0 -9999.0 -9999.0 -9999.0 -9999.0 -9999.0 -9999.0 -9999.0
-9999.0 -9999.0 -9999.0 -9999.0 -9999.0 -9999.0 -9999.0 -9999.0 -9999.0 -9999.0 -9999.0 -9999.0 -9999.0 -9999.0 -9999.0 -9999.0 -9999.0 -9999.0 -9999.0 -9999.0 -9999.0 -9999.0 -9999.0 -9999.0 -9999.0 -9999.0 -9999.0 0.000392 0.000356 0.000378 0.000493 0.000622 0.000686 -9999.0 -9999.0 -9999.0 -9999.0 -9999.0 -9999.0 -9999.0 -9999.0 -9999.0 -9999.0 -9999.0 -9999.0 -9999.0 -9999.0 -9999.0 -9999.0 -9999.0 -9999.0 -9999.0 -9999.0 -9999.0 -9999.0 -9999.0 -9999.0 -9999.0 -9999.0 -9999.0 -9999.0 -9999.0 -9999.0
-9999.0 -9999.0 -9999.0 -9999.0 -9999.0 -9999.0 -9999.0 -9999.0 -9999.0 -9999.0 -9999.0 -9999.0 -9999.0 -9999.0 -9999.0 -9999.0 -9999.0 -9999.0 -9999.0 -9999.0 -9999.0 -9999.0 -9999.0 -9999.0 0.000615 0.000445 0.000295 0.000213 0.000178 0.000227 0.000378 -9999.0 -9999.0 -9999.0 -9999.0 -9999.0 -9999.0 -9999.0 -9999.0 -9999.0 -9999.0 -9999.0 -9999.0 -9999.0 -9999.0 -9999.0 -9999.0 -9999.0 -9999.0 -9999.0 -9999.0 -9999.0 -9999.0 -9999.0 -9999.0 -9999.0 -9999.0 -9999.0 -9999.0 -9999.0 -9999.0 -9999.0 -9999.0
-9999.0 -9999.0 -9999.0 -9999.0 -9999.0 -9999.0 -9999.0 -9999.0 -9999.0 -9999.0 -9999.0 -9999.0 -9999.0 -9999.0 -9999.0 -9999.0 -9999.0 -9999.0 -9999.0 -9999.0 -9999.0 -9999.0 -9999.0 0.000718 0.000518 0.000338 0.000180 0.000080 0.000051 0.000117 0.000280 0.000484 -9999.0 -9999.0 -9999.0 -9999.0 -9999.0 -9999.0 -9999.0 -9999.0 -9999.0 -9999.0 -9999.0 -9999.0 -9999.0 -9999.0 -9999.0 -9999.0 -9999.0 -9999.0 -9999.0 -9999.0 -9999.0 -9999.0 -9999.0 -9999.0 -9999.0 -9999.0 -9999.0 -9999.0 -9999.0 -9999.0 -9999.0
-9999.0 -9999.0 -9999.0 -9999.0 -9999.0 -9999.0 -9999.0 -9999.0 -9999.0 -9999.0 -9999.0 -9999.0 -9999.0 -9999.0 -9999.0 -9999.0 -9999.0 -9999.0 0.000723 0.000866 -9999.0 0.000926 0.000805 0.000642 0.000456 0.000270 0.000135 0.000030 0.000002 0.000067 0.000224 0.000455 0.000649 0.000862 -9999.0 -9999.0 -9999.0 -9999.0 -9999.0 -9999.0 -9999.0 -9999.0 -9999.0 -9999.0 -9999.0 -9999.0 -9999.0 -9999.0 -9999.0 -9999.0 -9999.0 -9999.0 -9999.0 -9999.0 -9999.0 -9999.0 -9999.0 -9999.0 -9999.0 -9999.0 -9999.0 -9999.0 -9999.0
-9999.0 -9999.0 -9999.0 -9999.0 -9999.0 -9999.0 -9999.0 -9999.0 -9999.0 -9999.0 -9999.0 -9999.0 -9999.0 -9999.0 -9999.0 -9999.0 -9999.0 0.000602 0.000630 0.000726 0.000841 0.000844 0.000760 0.000595 0.000443 0.000354 0.000211 0.000088 0.000049 0.000101 0.000253 0.000468 0.000611 0.000806 0.001029 0.001192 -9999.0 -9999.0 -9999.0 -9999.0 -9999.0 -9999.0 -9999.0 -9999.0 -9999.0 -9999.0 -9999.0 -9999.0 -9999.0 -9999.0 -9999.0 -9999.0 -9999.0 -9999.0 -9999.0 -9999.0 -9999.0 -9999.0 -9999.0 -9999.0 -9999.0 -9999.0 -9999.0
-9999.0 -9999.0 -9999.0 -9999.0 -9999.0 -9999.0 -9999.0 -9999.0 -9999.0 -9999.0 -9999.0 -9999.0 -9999.0 0.000958 0.000794 0.000657 0.000602 0.000568 0.000552 0.000626 0.000692 0.000725 0.000681 0.000598 0.000603 0.000526 0.000425 0.000282 0.000236 0.000277 0.000370 0.000517 0.000753 0.000851 0.000964 0.001154 -9999.0 -9999.0 -9999.0 -9999.0 -9999.0 -9999.0 -9999.0 -9999.0 -9999.0 -9999.0 -9999.0 -9999.0 -9999.0 -9999.0 -9999.0 -9999.0 -9999.0 -9999.0 -9999.0 -9999.0 -9999.0 -9999.0 -9999.0 -9999.0 -9999.0 -9999.0 -9999.0
-9999.0 -9999.0 -9999.0 -9999.0 -9999.0 -9999.0 -9999.0 -9999.0 -9999.0 -9999.0 -9999.0 -9999.0 -9999.0 0.000901 0.000729 0.000634 0.000587 0.000500 0.000495 0.000516 0.000535 0.000565 0.000667 0.000731 0.000750 0.000717 0.000686 0.000604 0.000605 0.000585 0.000631 0.000787 0.000968 0.001094 0.001141 -9999.0 -9999.0 -9999.0 -9999.0 -9999.0 -9999.0 -9999.0 -9999.0 -9999.0 -9999.0 -9999.0 -9999.0 -9999.0 -9999.0 -9999.0 -9999.0 -9999.0 -9999.0 -9999.0 -9999.0 -9999.0 -9999.0 -9999.0 -9999.0 -9999.0 -9999.0 -9999.0 -9999.0
-9999.0 -9999.0 -9999.0 -9999.0 -9999.0 -9999.0 -9999.0 -9999.0 -9999.0 -9999.0 -9999.0 -9999.0 -9999.0 0.000780 0.000623 0.000620 0.000534 0.000420 0.000382 0.000423 0.000524 0.000670 0.000800 0.000934 0.000976 0.000976 0.000958 0.001035 0.001003 0.001024 0.000964 0.001181 0.001292 0.001397 0.001284 -9999.0 -9999.0 -9999.0 -9999.0 -9999.0 -9999.0 -9999.0 -9999.0 -9999.0 -9999.0 -9999.0 -9999.0 -9999.0 -9999.0 -9999.0 -9999.0 -9999.0 -9999.0 -9999.0 -9999.0 -9999.0 -9999.0 -9999.0 -9999.0 -9999.0 -9999.0 -9999.0 -9999.0
-9999.0 -9999.0 -9999.0 -9999.0 -9999.0 -9999.0 -9999.0 -9999.0 -9999.0 -9999.0 -9999.0 -9999.0 0.000864 0.000670 0.000646 0.000604 0.000458 0.000303 0.000237 0.000281 0.000439 0.000718 0.000977 0.001150 0.001058 0.001243 0.001150 0.001368 0.001202 0.001363 0.001468 0.001384 0.001230 0.001410 -9999.0 -9999.0 -9999.0 -9999.0 -9999.0 -9999.0 -9999.0 -9999.0 -9999.0 -9999.0 -9999.0 -9999.0 -9999.0 -9999.0 -9999.0 -9999.0 -9999.0 -9999.0 -9999.0 -9999.0 -9999.0 -9999.0 -9999.0 -9999.0 -9999.0 -9999.0 -9999.0 -9999.0 -9999.0
-9999.0 -9999.0 -9999.0 -9999.0 -9999.0 -9999.0 -9999.0 -9999.0 -9999.0 -9999.0 -9999.0 0.000967 0.000798 0.000659 0.000705 0.000601 0.000398 0.000180 0.000092 0.000138 0.000348 0.000651 0.001056 0.001350 0.001320 0.001559 0.001691 0.001689 0.001379 0.001692 0.001699 0.001281 0.001408 0.001391 0.001148 0.000839 0.000673 0.000518 0.000459 -9999.0 -9999.0 -9999.0 0.000906 -9999.0 -9999.0 -9999.0 -9999.0 -9999.0 -9999.0 -9999.0 -9999.0 -9999.0 -9999.0 -9999.0 -9999.0 -9999.0 -9999.0 -9999.0 -9999.0 -9999.0 -9999.0 -9999.0 -9999.0
-9999.0 -9999.0 -9999.0 -9999.0 -9999.0 -9999.0 -9999.0 -9999.0 -9999.0 -9999.0 -9999.0 0.000903 0.000834 0.000720 0.000709 0.000607 0.000348 0.000119 0.000005 0.000059 0.000291 0.000690 0.001166 0.001575 0.001609 0.001985 0.002035 0.001885 0.001863 0.002074 0.001708 0.001358 0.001499 0.001445 0.001095 0.000684 0.000403 0.000283 0.000259 0.000380 0.000495 0.000653 0.000662 0.000878 -9999.0 -9999.0 -9999.0 0.001282 0.001218 0.001147 0.001159 0.001229 0.001279 0.001269 0.001293 0.001396 -9999.0 -9999.0 -9999.0 -9999.0 -9999.0 -9999.0 -9999.0
-9999.0 -9999.0 -9999.0 -9999.0 -9999.0 -9999.0 -9999.0 -9999.0 -9999.0 -9999.0 -9999.0 0.000952 0.000862 0.000713 0.000748 0.000634 0.000400 0.000188 0.000081 0.000140 0.000393 0.000779 0.001241 0.001789 0.002112 0.002169 0.002007 0.001824 0.002323 0.002591 0.002145 0.001565 0.001470 0.001381 0.001052 0.000536 0.000252 0.000103 0.000079 0.000179 0.000323 0.000511 0.000584 0.000760 0.000950 -9999.0 0.001291 0.001087 0.000999 0.000929 0.000891 0.000890 0.000940 0.000992 0.001047 0.001148 -9999.0 -9999.0 -9999.0 -9999.0 -9999.0 -9999.0 -9999.0
-9999.0 -9999.0 -9999.0 -9999.0 -9999.0 -9999.0 -9999.0 -9999.0 -9999.0 -9999.0 -9999.0 -9999.0 0.000853 0.000779 0.000778 0.000726 0.000532 0.000371 0.000297 0.000360 0.000623 0.001020 0.001342 0.001749 0.002358 0.002315 0.002126 0.002582 0.002924 0.002859 0.002386 0.001788 0.001669 0.001508 0.001067 0.000566 0.000204 0.000030 0.000007 0.000101 0.000272 0.000419 0.000521 0.000659 0.000878 0.001056 0.001099 0.001083 0.000899 0.000794 0.000718 0.000775 0.000797 0.000815 0.000860 0.000967 0.001103 -9999.0 -9999.0 -9999.0 -9999.0 -9999.0 -9999.0
-9999.0 -9999.0 -9999.0 -9999.0 -9999.0 -9999.0 -9999.0 -9999.0 -9999.0 -9999.0 -9999.0 0.000847 0.000870 0.000783 0.000700 0.000682 0.000623 0.000541 0.000514 0.000601 0.000850 0.001190 0.001512 0.002103 0.002552 0.002415 0.002698 0.003416 0.003390 0.002934 0.002300 0.001947 0.001671 0.001594 0.001262 0.000689 0.000305 0.000086 0.000048 0.000137 0.000282 0.000375 0.000487 0.000598 0.000692 0.000903 0.000939 0.000924 0.000849 0.000657 0.000845 0.000934 0.000910 0.000936 0.001019 0.001056 0.001020 -9999.0 -9999.0 -9999.0 -9999.0 -9999.0 -9999.0
-9999.0 -9999.0 -9999.0 -9999.0 -9999.0 -9999.0 -9999.0 -9999.0 -9999.0 -9999.0 0.000730 0.000737 0.000748 0.000733 0.000655 0.000584 0.000623 0.000614 0.000617 0.000743 0.000975 0.001232 0.001879 0.002367 0.002617 0.002616 0.003530 0.004078 0.003461 0.003007 0.002300 0.002070 0.001903 0.001780 0.001583 0.000925 0.000509 0.000290 0.000209 0.000230 0.000309 0.000375 0.000447 0.000551 0.000636 0.000804 0.000912 0.000728 0.000677 0.000571 0.000828 0.001028 0.001014 0.001084 0.001045 0.000876 0.000818 -9999.0 -9999.0 -9999.0 -9999.0 -9999.0 -9999.0
-9999.0 -9999.0 -9999.0 -9999.0 -9999.0 -9999.0 -9999.0 -9999.0 -9999.0 0.000912 0.000737 0.000636 0.000508 0.000545 0.000514 0.000541 0.000592 0.000581 0.000573 0.000727 0.000972 0.001414 0.001876 0.002236 0.002718 0.003758 0.004479 0.004093 0.003363 0.002971 0.002248 0.002438 0.002398 0.002393 0.001862 0.001246 0.000760 0.000599 0.000483 0.000451 0.000470 0.000563 0.000583 0.000516 0.000604 0.000665 0.000693 0.000744 0.000752 0.000547 0.000679 0.000890 0.001075 0.001070 0.000908 0.000769 0.000707 0.000748 0.000807 -9999.0 -9999.0 -9999.0 -9999.0
-9999.0 -9999.0 -9999.0 -9999.0 -9999.0 -9999.0 -9999.0 -9999.0 -9999.0 0.000855 0.000779 0.000566 0.000347 0.000335 0.000336 0.000408 0.000444 0.000389 0.000400 0.000590 0.000895 0.001240 0.001653 0.002551 0.003856 0.005068 0.004920 0.004305 0.003346 0.002951 0.002862 0.002913 0.002682 0.002515 0.001908 0.001471 0.001189 0.000913 0.000814 0.000688 0.000671 0.000769 0.000705 0.000595 0.000558 0.000528 0.000525 0.000607 0.000614 0.000482 0.000679 0.000796 0.000986 0.000935 0.000753 0.000753 0.000635 0.000536 0.000560 -9999.0 -9999.0 -9999.0 -9999.0
-9999.0 -9999.0 -9999.0 -9999.0 -9999.0 -9999.0 -9999.0 -9999.0 -9999.0 -9999.0 0.000745 0.000501 0.000321 0.000172 0.000120 0.000196 0.000288 0.000187 0.000148 0.000388 0.000760 0.001196 0.001875 0.002869 0.004783 0.005727 0.005621 0.004459 0.004567 0.004177 0.003732 0.002757 0.003085 0.002646 0.001914 0.001456 0.001252 0.001000 0.001063 0.001023 0.000913 0.000829 0.000651 0.000742 0.000681 0.000686 0.000621 0.000521 0.000435 0.000520 0.000632 0.000635 0.000777 0.000847 0.000797 0.000650 0.000503 0.000360 0.000367 0.000361 -9999.0 -9999.0 -9999.0
-9999.0 -9999.0 -9999.0 -9999.0 -9999.0 -9999.0 -9999.0 -9999.0 -9999.0 -9999.0 0.000711 0.000517 0.000306 0.000110 0.000005 0.000074 0.000212 0.000096 0.000011 0.000272 0.000709 0.001057 0.001340 0.002137 0.004778 0.007589 0.006850 0.006121 0.005586 0.005083 0.004511 0.003276 0.003007 0.002876 0.002145 0.001414 0.001155 0.001101 0.001121 0.001221 0.001086 0.000902 0.000842 0.000903 0.000833 0.000769 0.000685 0.000597 0.000498 0.000448 0.000456 0.000547 0.000592 0.000635 0.000680 0.000601 0.000502 0.000351 0.000267 0.000261 -9999.0 -9999.0 -9999.0
-9999.0 -9999.0 -9999.0 -9999.0 -9999.0 -9999.0 -9999.0 -9999.0 0.000784 0.000763 0.000683 0.000481 0.000320 0.000177 0.000072 0.000117 0.000223 0.000196 0.000184 0.000395 0.000638 0.000686 0.000559 0.000364 0.003200 0.009817 0.009019 0.007424 0.006426 0.005711 0.005022 0.003702 0.003223 0.002933 0.002200 0.001650 0.001297 0.001005 0.001145 0.001263 0.001133 0.000917 0.001016 0.001021 0.000871 0.000697 0.000793 0.000671 0.000514 0.000384 0.000432 0.000436 0.000456 0.000523 0.000469 0.000392 0.000410 0.000319 0.000248 0.000201 -9999.0 -9999.0 -9999.0
-9999.0 -9999.0 -9999.0 -9999.0 -9999.0 -9999.0 -9999.0 -9999.0 0.000719 0.000673 0.000667 0.000605 0.000437 0.000270 0.000265 0.000280 0.000362 0.000394 0.000404 0.000520 0.000598 0.000472 0.000082 0.000356 0.002053 0.006115 0.007109 0.006428 0.006246 0.005683 0.004896 0.003572 0.002986 0.002635 0.002111 0.001666 0.001169 0.000951 0.001033 0.001136 0.001202 0.001081 0.001088 0.000942 0.000782 0.000813 0.000878 0.000754 0.000516 0.000406 0.000313 0.000345 0.000363 0.000343 0.000250 0.000227 0.000238 0.000231 0.000188 0.000172 0.000157 -9999.0 -9999.0
-9999.0 -9999.0 -9999.0 -9999.0 -9999.0 -9999.0 -9999.0 -9999.0 0.000798 0.000641 0.000626 0.000642 0.000513 0.000468 0.000439 0.000444 0.000433 0.000502 0.000522 0.000584 0.000609 0.000535 0.000422 0.000693 0.001589 0.003327 0.004493 0.005033 0.005086 0.004600 0.003706 0.002755 0.002540 0.002079 0.001792 0.001276 0.001142 0.000782 0.000887 0.000963 0.001066 0.001071 0.000986 0.000872 0.000887 0.000886 0.000913 0.000803 0.000604 0.000371 0.000245 0.000239 0.000227 0.000171 0.000128 0.000140 0.000144 0.000157 0.000158 0.000156 0.000137 -9999.0 -9999.0
-9999.0 -9999.0 -9999.0 -9999.0 -9999.0 -9999.0 -9999.0 -9999.0 0.000875 0.000675 0.000506 0.000553 0.000539 0.000474 0.000439 0.000423 0.000433 0.000471 0.000504 0.000631 0.000639 0.000594 0.000494 0.000351 0.000860 0.002075 0.003212 0.003981 0.003645 0.002911 0.002804 0.002315 0.001650 0.001359 0.001459 0.001215 0.000892 0.000586 0.000666 0.000749 0.000864 0.000866 0.000862 0.000826 0.000937 0.000884 0.000783 0.000708 0.000581 0.000412 0.000270 0.000163 0.000118 0.000071 0.000050 0.000067 0.000097 0.000126 0.000141 0.000136 0.000123 0.000123 -9999.0
-9999.0 -9999.0 -9999.0 -9999.0 -9999.0 -9999.0 -9999.0 -9999.0 0.000872 0.000658 0.000497 0.000450 0.000370 0.000334 0.000342 0.000377 0.000401 0.000535 0.000674 0.000712 0.000665 0.000579 0.000387 0.000043 0.000396 0.001351 0.002242 0.002629 0.002266 0.002063 0.002086 0.001661 0.001138 0.001173 0.001044 0.000847 0.000604 0.000415 0.000401 0.000475 0.000536 0.000570 0.000566 0.000620 0.000741 0.000730 0.000609 0.000510 0.000444 0.000332 0.000249 0.000160 0.000080 0.000023 0.000007 0.000030 0.000073 0.000111 0.000126 0.000125 0.000115 0.000105 -9999.0
-9999.0 -9999.0 0.001210 0.001138 0.001063 0.000994 0.000885 0.000886 0.000860 0.000708 0.000492 0.000328 0.000252 0.000175 0.000186 0.000251 0.000458 0.000718 0.000850 0.000783 0.000694 0.000577 0.000477 0.000384 0.000577 0.001055 0.001509 0.001745 0.001517 0.001567 0.001464 0.001233 0.000819 0.000816 0.000658 0.000509 0.000329 0.000242 0.000229 0.000285 0.000344 0.000385 0.000445 0.000511 0.000577 0.000571 0.000477 0.000454 0.000341 0.000280 0.000213 0.000143 0.000072 0.000020 0.000004 0.000027 0.000069 0.000105 0.000128 0.000125 0.000109 0.000083 -9999.0
-9999.0 0.001099 0.001056 0.001053 0.001018 0.000927 0.000905 0.000945 0.000913 0.000755 0.000502 0.000300 0.000134 0.000038 0.000058 0.000233 0.000523 0.000832 0.000894 0.000765 0.000668 0.000555 0.000485 0.000494 0.000606 0.000837 0.001052 0.001155 0.001087 0.001032 0.000827 0.000704 0.000619 0.000531 0.000462 0.000310 0.000169 0.000083 0.000077 0.000125 0.000199 0.000267 0.000340 0.000436 0.000456 0.000439 0.000406 0.000356 0.000316 0.000280 0.000224 0.000161 0.000100 0.000057 0.000040 0.000057 0.000100 0.000130 0.000146 0.000140 0.000112 0.000062 -9999.0
-9999.0 0.001028 0.000994 0.000941 0.000918 0.000848 0.000891 0.000938 0.000905 0.000756 0.000518 0.000290 0.000121 0.000020 0.000047 0.000265 0.000618 0.000801 0.000768 0.000746 0.000580 0.000449 0.000282 0.000268 0.000451 0.000669 0.000823 0.000892 0.000849 0.000670 0.000432 0.000282 0.000293 0.000367 0.000348 0.000232 0.000096 0.000010 0.000014 0.000063 0.000137 0.000217 0.000290 0.000344 0.000359 0.000374 0.000342 0.000342 0.000318 0.000289 0.000250 0.000211 0.000162 0.000117 0.000101 0.000120 0.000147 0.000178 0.000183 0.000175 0.000124 -9999.0 -9999.0
-9999.0 0.001134 0.000928 0.000887 0.000817 0.000863 0.000823 0.000827 0.000819 0.000714 0.000518 0.000326 0.000195 0.000136 0.000191 0.000407 0.000720 0.000826 0.000892 0.000728 0.000662 0.000370 0.000084 0.000032 0.000288 0.000569 0.000746 0.000802 0.000727 0.000515 0.000226 0.000040 0.000096 0.000256 0.000304 0.000219 0.000102 0.000028 0.000011 0.000061 0.000138 0.000216 0.000281 0.000328 0.000362 0.000379 0.000389 0.000359 0.000354 0.000337 0.000316 0.000299 0.000255 0.000190 0.000190 0.000212 0.000220 0.000239 0.000242 -9999.0 -9999.0 -9999.0 -9999.0
