erum2020/resources/simulation/Vinschgau/output-maps/PrecTOTALN0523.asc
ncols         63
nrows         48
xllcorner     598000.000000
yllcorner     5145000.000000
cellsize      1000.000000
NODATA_value  -9999.0
[rows 0 to 28 of 48, columns 0 to 62 of 63]
-9999.0 -9999.0 -9999.0 -9999.0 -9999.0 -9999.0 -9999.0 -9999.0 -9999.0 -9999.0 -9999.0 -9999.0 -9999.0 -9999.0 -9999.0 -9999.0 -9999.0 -9999.0 -9999.0 -9999.0 -9999.0 -9999.0 -9999.0 -9999.0 -9999.0 -9999.0 -9999.0 -9999.0 -9999.0 -9999.0 -9999.0 -9999.0 -9999.0 -9999.0 -9999.0 -9999.0 -9999.0 -9999.0 -9999.0 -9999.0 -9999.0 -9999.0 -9999.0 -9999.0 -9999.0 -9999.0 -9999.0 -9999.0 -9999.0 -9999.0 -9999.0 -9999.0 -9999.0 -9999.0 -9999.0 -9999.0 -9999.0 -9999.0 -9999.0 -9999.0 -9999.0 -9999.0 -9999.0
-9999.0 -9999.0 -9999.0 -9999.0 -9999.0 -9999.0 -9999.0 -9999.0 -9999.0 -9999.0 -9999.0 -9999.0 -9999.0 -9999.0 -9999.0 -9999.0 -9999.0 -9999.0 -9999.0 -9999.0 -9999.0 -9999.0 -9999.0 -9999.0 -9999.0 -9999.0 -9999.0 0.024835 0.024260 0.023103 0.023924 0.023207 0.020005 -9999.0 -9999.0 -9999.0 -9999.0 -9999.0 -9999.0 -9999.0 -9999.0 -9999.0 -9999.0 -9999.0 -9999.0 -9999.0 -9999.0 -9999.0 -9999.0 -9999.0 -9999.0 -9999.0 -9999.0 -9999.0 -9999.0 -9999.0 -9999.0 -9999.0 -9999.0 -9999.0 -9999.0 -9999.0 -9999.0
-9999.0 -9999.0 -9999.0 -9999.0 -9999.0 -9999.0 -9999.0 -9999.0 -9999.0 -9999.0 -9999.0 -9999.0 -9999.0 -9999.0 -9999.0 -9999.0 -9999.0 -9999.0 -9999.0 -9999.0 -9999.0 -9999.0 -9999.0 -9999.0 0.019721 0.021130 0.022036 0.024122 0.023440 0.023318 0.025513 -9999.0 -9999.0 -9999.0 -9999.0 -9999.0 -9999.0 -9999.0 -9999.0 -9999.0 -9999.0 -9999.0 -9999.0 -9999.0 -9999.0 -9999.0 -9999.0 -9999.0 -9999.0 -9999.0 -9999.0 -9999.0 -9999.0 -9999.0 -9999.0 -9999.0 -9999.0 -9999.0 -9999.0 -9999.0 -9999.0 -9999.0 -9999.0
-9999.0 -9999.0 -9999.0 -9999.0 -9999.0 -9999.0 -9999.0 -9999.0 -9999.0 -9999.0 -9999.0 -9999.0 -9999.0 -9999.0 -9999.0 -9999.0 -9999.0 -9999.0 -9999.0 -9999.0 -9999.0 -9999.0 -9999.0 0.016727 0.017675 0.019161 0.020279 0.021778 0.021736 0.023794 0.025796 0.025023 -9999.0 -9999.0 -9999.0 -9999.0 -9999.0 -9999.0 -9999.0 -9999.0 -9999.0 -9999.0 -9999.0 -9999.0 -9999.0 -9999.0 -9999.0 -9999.0 -9999.0 -9999.0 -9999.0 -9999.0 -9999.0 -9999.0 -9999.0 -9999.0 -9999.0 -9999.0 -9999.0 -9999.0 -9999.0 -9999.0 -9999.0
-9999.0 -9999.0 -9999.0 -9999.0 -9999.0 -9999.0 -9999.0 -9999.0 -9999.0 -9999.0 -9999.0 -9999.0 -9999.0 -9999.0 -9999.0 -9999.0 -9999.0 -9999.0 0.005878 0.007911 -9999.0 0.011787 0.012993 0.014061 0.014986 0.015539 0.018031 0.019373 0.019907 0.022046 0.022907 0.023615 0.021413 0.020686 -9999.0 -9999.0 -9999.0 -9999.0 -9999.0 -9999.0 -9999.0 -9999.0 -9999.0 -9999.0 -9999.0 -9999.0 -9999.0 -9999.0 -9999.0 -9999.0 -9999.0 -9999.0 -9999.0 -9999.0 -9999.0 -9999.0 -9999.0 -9999.0 -9999.0 -9999.0 -9999.0 -9999.0 -9999.0
-9999.0 -9999.0 -9999.0 -9999.0 -9999.0 -9999.0 -9999.0 -9999.0 -9999.0 -9999.0 -9999.0 -9999.0 -9999.0 -9999.0 -9999.0 -9999.0 -9999.0 0.004107 0.004687 0.006019 0.008010 0.009581 0.010804 0.011304 0.012316 0.016457 0.020073 0.022623 0.021817 0.018672 0.019886 0.020390 0.017671 0.017388 0.018008 0.017989 -9999.0 -9999.0 -9999.0 -9999.0 -9999.0 -9999.0 -9999.0 -9999.0 -9999.0 -9999.0 -9999.0 -9999.0 -9999.0 -9999.0 -9999.0 -9999.0 -9999.0 -9999.0 -9999.0 -9999.0 -9999.0 -9999.0 -9999.0 -9999.0 -9999.0 -9999.0 -9999.0
-9999.0 -9999.0 -9999.0 -9999.0 -9999.0 -9999.0 -9999.0 -9999.0 -9999.0 -9999.0 -9999.0 -9999.0 -9999.0 0.005063 0.004303 0.003680 0.003525 0.003523 0.003693 0.004616 0.005769 0.007079 0.008113 0.009184 0.012763 0.016625 0.021646 0.022791 0.022771 0.020488 0.017615 0.016503 0.017529 0.015653 0.014930 0.015820 -9999.0 -9999.0 -9999.0 -9999.0 -9999.0 -9999.0 -9999.0 -9999.0 -9999.0 -9999.0 -9999.0 -9999.0 -9999.0 -9999.0 -9999.0 -9999.0 -9999.0 -9999.0 -9999.0 -9999.0 -9999.0 -9999.0 -9999.0 -9999.0 -9999.0 -9999.0 -9999.0
-9999.0 -9999.0 -9999.0 -9999.0 -9999.0 -9999.0 -9999.0 -9999.0 -9999.0 -9999.0 -9999.0 -9999.0 -9999.0 0.004456 0.003667 0.003269 0.003127 0.002793 0.002941 0.003316 0.003820 0.004605 0.006418 0.008640 0.011384 0.014531 0.018803 0.021192 0.023283 0.020398 0.017726 0.017420 0.017338 0.016577 0.015260 -9999.0 -9999.0 -9999.0 -9999.0 -9999.0 -9999.0 -9999.0 -9999.0 -9999.0 -9999.0 -9999.0 -9999.0 -9999.0 -9999.0 -9999.0 -9999.0 -9999.0 -9999.0 -9999.0 -9999.0 -9999.0 -9999.0 -9999.0 -9999.0 -9999.0 -9999.0 -9999.0 -9999.0
-9999.0 -9999.0 -9999.0 -9999.0 -9999.0 -9999.0 -9999.0 -9999.0 -9999.0 -9999.0 -9999.0 -9999.0 -9999.0 0.003600 0.002894 0.002924 0.002574 0.002091 0.001990 0.002339 0.003143 0.004455 0.006059 0.008296 0.010422 0.012759 0.015243 0.019189 0.019904 0.019763 0.016850 0.018190 0.017603 0.017209 0.014679 -9999.0 -9999.0 -9999.0 -9999.0 -9999.0 -9999.0 -9999.0 -9999.0 -9999.0 -9999.0 -9999.0 -9999.0 -9999.0 -9999.0 -9999.0 -9999.0 -9999.0 -9999.0 -9999.0 -9999.0 -9999.0 -9999.0 -9999.0 -9999.0 -9999.0 -9999.0 -9999.0 -9999.0
-9999.0 -9999.0 -9999.0 -9999.0 -9999.0 -9999.0 -9999.0 -9999.0 -9999.0 -9999.0 -9999.0 -9999.0 0.003733 0.002879 0.002769 0.002595 0.001984 0.001333 0.001073 0.001325 0.002184 0.003849 0.005755 0.007601 0.007984 0.010808 0.011439 0.015168 0.014188 0.016279 0.017031 0.015288 0.012897 0.014170 -9999.0 -9999.0 -9999.0 -9999.0 -9999.0 -9999.0 -9999.0 -9999.0 -9999.0 -9999.0 -9999.0 -9999.0 -9999.0 -9999.0 -9999.0 -9999.0 -9999.0 -9999.0 -9999.0 -9999.0 -9999.0 -9999.0 -9999.0 -9999.0 -9999.0 -9999.0 -9999.0 -9999.0 -9999.0
-9999.0 -9999.0 -9999.0 -9999.0 -9999.0 -9999.0 -9999.0 -9999.0 -9999.0 -9999.0 -9999.0 0.003983 0.003238 0.002634 0.002781 0.002349 0.001545 0.000700 0.000360 0.000549 0.001429 0.002793 0.004809 0.006645 0.007120 0.009299 0.011143 0.012152 0.010598 0.013553 0.013878 0.010534 0.011625 0.011573 0.009697 0.007255 0.006004 0.004795 0.004429 -9999.0 -9999.0 -9999.0 0.010488 -9999.0 -9999.0 -9999.0 -9999.0 -9999.0 -9999.0 -9999.0 -9999.0 -9999.0 -9999.0 -9999.0 -9999.0 -9999.0 -9999.0 -9999.0 -9999.0 -9999.0 -9999.0 -9999.0 -9999.0
-9999.0 -9999.0 -9999.0 -9999.0 -9999.0 -9999.0 -9999.0 -9999.0 -9999.0 -9999.0 -9999.0 0.003529 0.003183 0.002682 0.002577 0.002156 0.001211 0.000405 0.000017 0.000199 0.000980 0.002356 0.004100 0.005794 0.006284 0.008335 0.009257 0.009300 0.009912 0.011800 0.010302 0.008629 0.010016 0.010152 0.008116 0.005359 0.003345 0.002495 0.002424 0.003777 0.005211 0.007270 0.007764 0.010821 -9999.0 -9999.0 -9999.0 0.018530 0.018087 0.017353 0.017682 0.018659 0.018991 0.018050 0.017156 0.016723 -9999.0 -9999.0 -9999.0 -9999.0 -9999.0 -9999.0 -9999.0
-9999.0 -9999.0 -9999.0 -9999.0 -9999.0 -9999.0 -9999.0 -9999.0 -9999.0 -9999.0 -9999.0 0.003540 0.003103 0.002483 0.002512 0.002054 0.001247 0.000565 0.000235 0.000394 0.001082 0.002113 0.003362 0.004920 0.006010 0.006509 0.006464 0.006387 0.008908 0.010918 0.009927 0.007943 0.008172 0.008388 0.006974 0.003873 0.001978 0.000875 0.000725 0.001776 0.003425 0.005778 0.007002 0.009629 0.012670 -9999.0 0.018845 0.016495 0.015667 0.014938 0.014586 0.014670 0.015363 0.015817 0.015962 0.016343 -9999.0 -9999.0 -9999.0 -9999.0 -9999.0 -9999.0 -9999.0
-9999.0 -9999.0 -9999.0 -9999.0 -9999.0 -9999.0 -9999.0 -9999.0 -9999.0 -9999.0 -9999.0 -9999.0 0.002911 0.002548 0.002426 0.002152 0.001496 0.000985 0.000744 0.000855 0.001402 0.002192 0.002791 0.003584 0.004880 0.004980 0.004895 0.006531 0.008284 0.009182 0.008736 0.007466 0.007927 0.008116 0.006470 0.003846 0.001544 0.000252 0.000065 0.001003 0.002935 0.004858 0.006451 0.008666 0.012196 0.015440 0.016849 0.017335 0.014958 0.013660 0.012688 0.013945 0.014443 0.014681 0.015167 0.016435 0.017813 -9999.0 -9999.0 -9999.0 -9999.0 -9999.0 -9999.0
-9999.0 -9999.0 -9999.0 -9999.0 -9999.0 -9999.0 -9999.0 -9999.0 -9999.0 -9999.0 -9999.0 0.002894 0.002835 0.002419 0.002041 0.001866 0.001589 0.001280 0.001121 0.001206 0.001565 0.002021 0.002396 0.003174 0.003789 0.003679 0.004413 0.006257 0.007179 0.007325 0.006825 0.006864 0.006966 0.007796 0.007173 0.004500 0.002268 0.000718 0.000451 0.001405 0.003144 0.004512 0.006283 0.008227 0.010084 0.013899 0.015205 0.015702 0.015093 0.012169 0.016218 0.018475 0.018390 0.019120 0.020841 0.021416 0.020343 -9999.0 -9999.0 -9999.0 -9999.0 -9999.0 -9999.0
-9999.0 -9999.0 -9999.0 -9999.0 -9999.0 -9999.0 -9999.0 -9999.0 -9999.0 -9999.0 0.002532 0.002440 0.002346 0.002163 0.001803 0.001489 0.001456 0.001305 0.001180 0.001268 0.001476 0.001651 0.002246 0.002578 0.002707 0.002732 0.003996 0.005338 0.005484 0.005911 0.005650 0.006324 0.007157 0.008133 0.008653 0.005959 0.003805 0.002474 0.002005 0.002449 0.003612 0.004759 0.006098 0.008009 0.009816 0.013116 0.015698 0.013190 0.012919 0.011433 0.017348 0.022451 0.022953 0.025242 0.024845 0.021128 0.019949 -9999.0 -9999.0 -9999.0 -9999.0 -9999.0 -9999.0
-9999.0 -9999.0 -9999.0 -9999.0 -9999.0 -9999.0 -9999.0 -9999.0 -9999.0 0.003250 0.002513 0.002061 0.001551 0.001554 0.001355 0.001303 0.001288 0.001125 0.000975 0.001072 0.001221 0.001498 0.001670 0.001703 0.001861 0.002533 0.003329 0.003712 0.003959 0.004651 0.004674 0.006637 0.008387 0.010531 0.010088 0.008144 0.005868 0.005357 0.004917 0.005122 0.005879 0.007640 0.008497 0.008029 0.009964 0.011586 0.012760 0.014464 0.015479 0.011918 0.015631 0.021635 0.027435 0.028539 0.025127 0.021999 0.020888 0.022951 0.026073 -9999.0 -9999.0 -9999.0 -9999.0
-9999.0 -9999.0 -9999.0 -9999.0 -9999.0 -9999.0 -9999.0 -9999.0 -9999.0 0.003032 0.002637 0.001816 0.001044 0.000937 0.000862 0.000944 0.000914 0.000702 0.000618 0.000766 0.000950 0.001049 0.001089 0.001305 0.001607 0.001973 0.002186 0.002578 0.002906 0.003743 0.005187 0.007312 0.009034 0.011035 0.010595 0.010071 0.009778 0.008808 0.008998 0.008531 0.009156 0.011371 0.011167 0.010009 0.009914 0.009904 0.010394 0.012738 0.013694 0.011469 0.017306 0.021689 0.028651 0.028779 0.024397 0.025561 0.022607 0.020125 0.022590 -9999.0 -9999.0 -9999.0 -9999.0
-9999.0 -9999.0 -9999.0 -9999.0 -9999.0 -9999.0 -9999.0 -9999.0 -9999.0 -9999.0 0.002539 0.001617 0.000969 0.000481 0.000304 0.000446 0.000575 0.000321 0.000214 0.000458 0.000705 0.000834 0.000928 0.000954 0.001066 0.001038 0.001266 0.001667 0.002956 0.004455 0.006163 0.006669 0.010439 0.012039 0.011307 0.010817 0.011349 0.010740 0.013150 0.014216 0.013931 0.013638 0.011382 0.013677 0.013172 0.013948 0.013300 0.011831 0.010565 0.013619 0.017958 0.019599 0.026040 0.030544 0.030612 0.026395 0.021521 0.016405 0.018174 0.020065 -9999.0 -9999.0 -9999.0
-9999.0 -9999.0 -9999.0 -9999.0 -9999.0 -9999.0 -9999.0 -9999.0 -9999.0 -9999.0 0.002475 0.001711 0.000949 0.000315 0.000013 0.000171 0.000422 0.000163 0.000015 0.000304 0.000605 0.000646 0.000533 0.000478 0.000488 0.000378 0.000589 0.001429 0.002891 0.004908 0.007244 0.008080 0.010738 0.014194 0.014057 0.011868 0.011995 0.013660 0.016082 0.019619 0.019021 0.016864 0.016538 0.018475 0.017709 0.017051 0.015935 0.014762 0.013228 0.013000 0.014604 0.019460 0.023345 0.027460 0.031644 0.029615 0.026039 0.019340 0.016004 0.017730 -9999.0 -9999.0 -9999.0
-9999.0 -9999.0 -9999.0 -9999.0 -9999.0 -9999.0 -9999.0 -9999.0 0.003010 0.002858 0.002473 0.001666 0.001042 0.000531 0.000194 0.000278 0.000457 0.000338 0.000260 0.000440 0.000537 0.000405 0.000206 0.000069 0.000191 0.000014 0.000321 0.001403 0.003171 0.005623 0.008548 0.009947 0.012830 0.016477 0.016735 0.016356 0.016126 0.015051 0.019822 0.024346 0.023503 0.019963 0.022855 0.023510 0.020541 0.016928 0.020119 0.018065 0.014969 0.012402 0.015770 0.018260 0.021916 0.028310 0.027666 0.024299 0.026199 0.021264 0.017837 0.016307 -9999.0 -9999.0 -9999.0
-9999.0 -9999.0 -9999.0 -9999.0 -9999.0 -9999.0 -9999.0 -9999.0 0.002859 0.002644 0.002572 0.002264 0.001556 0.000890 0.000786 0.000721 0.000794 0.000718 0.000598 0.000609 0.000533 0.000301 0.000034 0.000083 0.000215 0.000294 0.000633 0.001670 0.003747 0.006571 0.009708 0.011217 0.014018 0.017699 0.019535 0.020457 0.018278 0.018068 0.022674 0.027423 0.030618 0.028215 0.028554 0.024738 0.020602 0.021747 0.024283 0.022067 0.016480 0.014607 0.013176 0.017477 0.022380 0.025084 0.020251 0.018728 0.019351 0.018787 0.016111 0.016503 0.017829 -9999.0 -9999.0
-9999.0 -9999.0 -9999.0 -9999.0 -9999.0 -9999.0 -9999.0 -9999.0 0.003327 0.002689 0.002639 0.002696 0.002099 0.001798 0.001507 0.001305 0.001059 0.001006 0.000847 0.000755 0.000614 0.000405 0.000228 0.000253 0.000392 0.000679 0.001197 0.002378 0.004439 0.007033 0.009317 0.010783 0.014822 0.017498 0.021121 0.020418 0.023786 0.020041 0.026195 0.030714 0.034774 0.034495 0.030824 0.026410 0.026250 0.026099 0.027444 0.025463 0.021024 0.014860 0.011910 0.015064 0.019301 0.019373 0.016641 0.017310 0.015623 0.015755 0.016156 0.017599 0.018406 -9999.0 -9999.0
-9999.0 -9999.0 -9999.0 -9999.0 -9999.0 -9999.0 -9999.0 -9999.0 0.003851 0.003071 0.002404 0.002746 0.002741 0.002334 0.001914 0.001520 0.001241 0.001074 0.000923 0.000934 0.000760 0.000562 0.000368 0.000207 0.000427 0.001006 0.001895 0.003424 0.004959 0.006328 0.009523 0.011914 0.012518 0.014909 0.022862 0.026717 0.026472 0.021936 0.028692 0.033756 0.037881 0.035492 0.032648 0.029051 0.031200 0.028582 0.025458 0.024099 0.021744 0.018099 0.015046 0.012846 0.014978 0.015800 0.014736 0.014904 0.014658 0.015434 0.016911 0.018172 0.020128 0.025490 -9999.0
-9999.0 -9999.0 -9999.0 -9999.0 -9999.0 -9999.0 -9999.0 -9999.0 0.004066 0.003279 0.002728 0.002811 0.002636 0.002489 0.002220 0.001831 0.001416 0.001430 0.001423 0.001226 0.000953 0.000697 0.000399 0.000039 0.000340 0.001216 0.002421 0.003836 0.004820 0.006599 0.010024 0.011752 0.011638 0.017292 0.022491 0.026939 0.027802 0.025392 0.028163 0.032954 0.033340 0.030565 0.026189 0.025368 0.027641 0.025767 0.021210 0.018390 0.017572 0.015518 0.015219 0.014887 0.014771 0.014220 0.013925 0.014199 0.014786 0.015859 0.017192 0.019756 0.023595 0.030374 -9999.0
-9999.0 -9999.0 0.005160 0.004850 0.004553 0.004309 0.003927 0.004085 0.004227 0.003851 0.003150 0.002707 0.002976 0.002776 0.002419 0.001868 0.002069 0.002266 0.002074 0.001575 0.001196 0.000876 0.000660 0.000503 0.000763 0.001529 0.002634 0.004015 0.004937 0.007513 0.010411 0.012642 0.011709 0.016425 0.019723 0.024415 0.026014 0.028803 0.031377 0.034147 0.031794 0.027291 0.025072 0.024064 0.023824 0.021679 0.017517 0.017043 0.013916 0.013418 0.013335 0.013642 0.013936 0.014167 0.014177 0.014238 0.014566 0.015847 0.019101 0.022721 0.028418 0.036592 -9999.0
-9999.0 0.004695 0.004502 0.004493 0.004376 0.004048 0.004062 0.004446 0.004645 0.004365 0.003606 0.003159 0.002883 0.002965 0.002611 0.002752 0.002928 0.003020 0.002476 0.001767 0.001361 0.001036 0.000863 0.000874 0.001131 0.001762 0.002702 0.003916 0.005249 0.007551 0.009395 0.011668 0.013292 0.014673 0.018804 0.022182 0.025368 0.027248 0.028730 0.029431 0.027761 0.024474 0.022646 0.022985 0.020369 0.017612 0.015496 0.013672 0.012974 0.013241 0.013394 0.013608 0.014052 0.014850 0.014559 0.014766 0.017121 0.018760 0.022120 0.027483 0.034819 0.039851 -9999.0
-9999.0 0.004379 0.004227 0.004011 0.003946 0.003707 0.004009 0.004433 0.004638 0.004428 0.003805 0.003188 0.002910 0.002805 0.003005 0.003465 0.003717 0.003134 0.002326 0.001925 0.001357 0.000994 0.000615 0.000602 0.001100 0.001880 0.002860 0.004147 0.005796 0.007540 0.009063 0.010325 0.011484 0.014017 0.017776 0.021970 0.024931 0.022009 0.029648 0.029462 0.026094 0.023544 0.021451 0.019425 0.016816 0.015498 0.013272 0.013170 0.012888 0.013107 0.013611 0.014856 0.015686 0.015382 0.015694 0.017684 0.019455 0.023029 0.026737 0.034065 0.039030 -9999.0 -9999.0
-9999.0 0.004812 0.003929 0.003764 0.003492 0.003745 0.003670 0.003864 0.004116 0.004029 0.003516 0.002978 0.002764 0.002930 0.003351 0.003761 0.003954 0.003237 0.002830 0.002028 0.001714 0.000931 0.000212 0.000085 0.000853 0.001972 0.003221 0.004681 0.006410 0.008242 0.009654 0.010023 0.010437 0.012900 0.017132 0.021573 0.025242 0.028962 0.034799 0.030913 0.027138 0.023891 0.021099 0.018745 0.017097 0.015760 0.015061 0.013673 0.013910 0.014422 0.015540 0.017573 0.018458 0.016546 0.018721 0.021858 0.023250 0.027114 0.032305 -9999.0 -9999.0 -9999.0 -9999.0
