erum2020/resources/simulation/Vinschgau/output-maps/psiL0004N1273.asc
ncols         63
nrows         48
xllcorner     598000.000000
yllcorner     5145000.000000
cellsize      1000.000000
NODATA_value  -9999.0
[rows 0 to 24 of 48, columns 0 to 56 of 63]
-9999.0 -9999.0 -9999.0 -9999.0 -9999.0 -9999.0 -9999.0 -9999.0 -9999.0 -9999.0 -9999.0 -9999.0 -9999.0 -9999.0 -9999.0 -9999.0 -9999.0 -9999.0 -9999.0 -9999.0 -9999.0 -9999.0 -9999.0 -9999.0 -9999.0 -9999.0 -9999.0 -9999.0 -9999.0 -9999.0 -9999.0 -9999.0 -9999.0 -9999.0 -9999.0 -9999.0 -9999.0 -9999.0 -9999.0 -9999.0 -9999.0 -9999.0 -9999.0 -9999.0 -9999.0 -9999.0 -9999.0 -9999.0 -9999.0 -9999.0 -9999.0 -9999.0 -9999.0 -9999.0 -9999.0 -9999.0 -9999.0
-9999.0 -9999.0 -9999.0 -9999.0 -9999.0 -9999.0 -9999.0 -9999.0 -9999.0 -9999.0 -9999.0 -9999.0 -9999.0 -9999.0 -9999.0 -9999.0 -9999.0 -9999.0 -9999.0 -9999.0 -9999.0 -9999.0 -9999.0 -9999.0 -9999.0 -9999.0 -9999.0 -274.602876 -535.326005 -114.238592 -377.705542 -451.378839 712.108897 -9999.0 -9999.0 -9999.0 -9999.0 -9999.0 -9999.0 -9999.0 -9999.0 -9999.0 -9999.0 -9999.0 -9999.0 -9999.0 -9999.0 -9999.0 -9999.0 -9999.0 -9999.0 -9999.0 -9999.0 -9999.0 -9999.0 -9999.0 -9999.0
-9999.0 -9999.0 -9999.0 -9999.0 -9999.0 -9999.0 -9999.0 -9999.0 -9999.0 -9999.0 -9999.0 -9999.0 -9999.0 -9999.0 -9999.0 -9999.0 -9999.0 -9999.0 -9999.0 -9999.0 -9999.0 -9999.0 -9999.0 -9999.0 -512.418712 -535.004179 -549.494841 -523.019232 -488.807531 -512.422182 -392.919254 -9999.0 -9999.0 -9999.0 -9999.0 -9999.0 -9999.0 -9999.0 -9999.0 -9999.0 -9999.0 -9999.0 -9999.0 -9999.0 -9999.0 -9999.0 -9999.0 -9999.0 -9999.0 -9999.0 -9999.0 -9999.0 -9999.0 -9999.0 -9999.0 -9999.0 -9999.0
-9999.0 -9999.0 -9999.0 -9999.0 -9999.0 -9999.0 -9999.0 -9999.0 -9999.0 -9999.0 -9999.0 -9999.0 -9999.0 -9999.0 -9999.0 -9999.0 -9999.0 -9999.0 -9999.0 -9999.0 -9999.0 -9999.0 -9999.0 -563.742065 -631.423263 -2882.155641 -2995.026112 -3196.763523 -3207.020813 -707.197764 -399.289057 -315.181217 -9999.0 -9999.0 -9999.0 -9999.0 -9999.0 -9999.0 -9999.0 -9999.0 -9999.0 -9999.0 -9999.0 -9999.0 -9999.0 -9999.0 -9999.0 -9999.0 -9999.0 -9999.0 -9999.0 -9999.0 -9999.0 -9999.0 -9999.0 -9999.0 -9999.0
-9999.0 -9999.0 -9999.0 -9999.0 -9999.0 -9999.0 -9999.0 -9999.0 -9999.0 -9999.0 -9999.0 -9999.0 -9999.0 -9999.0 -9999.0 -9999.0 -9999.0 -9999.0 -1041.922066 -708.263697 -9999.0 -618.632656 -670.240726 -3145.683189 -2859.883257 -3121.616300 -1000.657654 -1328.721340 -972.060351 -1336.492847 -591.172455 -406.638922 -172.020263 -186.301421 -9999.0 -9999.0 -9999.0 -9999.0 -9999.0 -9999.0 -9999.0 -9999.0 -9999.0 -9999.0 -9999.0 -9999.0 -9999.0 -9999.0 -9999.0 -9999.0 -9999.0 -9999.0 -9999.0 -9999.0 -9999.0 -9999.0 -9999.0
-9999.0 -9999.0 -9999.0 -9999.0 -9999.0 -9999.0 -9999.0 -9999.0 -9999.0 -9999.0 -9999.0 -9999.0 -9999.0 -9999.0 -9999.0 -9999.0 -9999.0 -2806.580757 -2843.540887 -17414.855356 -367.564737 -837.134162 -1498.933373 -2976.512318 -1436.811956 -748.567089 236272.085374 -871.695936 15884.827295 -860.432859 -630.317029 -619.789263 -124.542951 -267.110686 -197.965534 -198.192170 -9999.0 -9999.0 -9999.0 -9999.0 -9999.0 -9999.0 -9999.0 -9999.0 -9999.0 -9999.0 -9999.0 -9999.0 -9999.0 -9999.0 -9999.0 -9999.0 -9999.0 -9999.0 -9999.0 -9999.0 -9999.0
-9999.0 -9999.0 -9999.0 -9999.0 -9999.0 -9999.0 -9999.0 -9999.0 -9999.0 -9999.0 -9999.0 -9999.0 -9999.0 -1483.762904 -2598.096983 -2514.442773 -2838.751840 -8308.264652 -2772.069458 -3081.540238 -2868.904368 -2723.890332 -3073.508055 -2223.619173 -847.818538 -663.896600 -343.553847 889.486513 36.593636 -651.035749 168228.099036 -493.101724 -482.765384 -366.236462 -79.262595 -180.263730 -9999.0 -9999.0 -9999.0 -9999.0 -9999.0 -9999.0 -9999.0 -9999.0 -9999.0 -9999.0 -9999.0 -9999.0 -9999.0 -9999.0 -9999.0 -9999.0 -9999.0 -9999.0 -9999.0 -9999.0 -9999.0
-9999.0 -9999.0 -9999.0 -9999.0 -9999.0 -9999.0 -9999.0 -9999.0 -9999.0 -9999.0 -9999.0 -9999.0 -9999.0 -1104.423921 -2952.980813 -2725.636842 -2778.525872 -1515.638650 -8334.189327 -2990.135692 -2937.743316 -3340.610934 -2290.168291 -1318.212618 -1666.446996 -1303.332230 -573.246663 -187.260360 -164.634394 121130.285251 322470.287593 -410.628711 -126.111527 -102.948526 -113.526969 -9999.0 -9999.0 -9999.0 -9999.0 -9999.0 -9999.0 -9999.0 -9999.0 -9999.0 -9999.0 -9999.0 -9999.0 -9999.0 -9999.0 -9999.0 -9999.0 -9999.0 -9999.0 -9999.0 -9999.0 -9999.0 -9999.0
-9999.0 -9999.0 -9999.0 -9999.0 -9999.0 -9999.0 -9999.0 -9999.0 -9999.0 -9999.0 -9999.0 -9999.0 -9999.0 -3022.810629 427.741685 -3014.251514 -2733.825027 -2765.367510 -8423.285412 -2810.571289 -1827.648164 -15214.860675 -823.933445 -158.699712 -2585.560482 -1768.310945 -170.737845 -185.506589 -344.469081 -113.259483 -330.935690 -77.361799 -105.588923 -62.161877 -138.097968 -9999.0 -9999.0 -9999.0 -9999.0 -9999.0 -9999.0 -9999.0 -9999.0 -9999.0 -9999.0 -9999.0 -9999.0 -9999.0 -9999.0 -9999.0 -9999.0 -9999.0 -9999.0 -9999.0 -9999.0 -9999.0 -9999.0
-9999.0 -9999.0 -9999.0 -9999.0 -9999.0 -9999.0 -9999.0 -9999.0 -9999.0 -9999.0 -9999.0 -9999.0 -3088.063928 6317.061405 -3018.019972 -2861.710813 -1987.737542 -2600.227028 -2248.483331 -19661.146902 -2853.791000 -863.016303 -1287.223412 -980.087710 193846.544270 -561.252031 190701.560064 -399.615147 -383.707028 -99.463089 -288.715342 -128.663403 -242.468630 -195.296803 -9999.0 -9999.0 -9999.0 -9999.0 -9999.0 -9999.0 -9999.0 -9999.0 -9999.0 -9999.0 -9999.0 -9999.0 -9999.0 -9999.0 -9999.0 -9999.0 -9999.0 -9999.0 -9999.0 -9999.0 -9999.0 -9999.0 -9999.0
-9999.0 -9999.0 -9999.0 -9999.0 -9999.0 -9999.0 -9999.0 -9999.0 -9999.0 -9999.0 -9999.0 -945.690712 -2995.931628 107.317961 -3035.262475 -1336.368141 -21439.615798 -2698.372623 -1311.756913 -22952.073724 -2867.297075 -1868.380573 -913.981142 -647.666194 -729.356913 -531.336982 -373.200992 -452.681182 3195.233328 -130.071208 -170.470324 -468.954276 -76.250552 -179.451408 -140.641582 -126.354490 -442.818608 -848.319369 -935.347042 -9999.0 -9999.0 -9999.0 -225.549499 -9999.0 -9999.0 -9999.0 -9999.0 -9999.0 -9999.0 -9999.0 -9999.0 -9999.0 -9999.0 -9999.0 -9999.0 -9999.0 -9999.0
-9999.0 -9999.0 -9999.0 -9999.0 -9999.0 -9999.0 -9999.0 -9999.0 -9999.0 -9999.0 -9999.0 -894.973523 -3018.806559 -3302.552121 -3169.819350 -1964.571526 -3306.332753 -2926.848557 -1455.277609 -2502.646529 -1578.718905 -1362.925726 -515.789061 270009.150376 297439.621771 -503.960110 -463.640262 -510.928844 -104.241174 -155.137937 -439.304625 -457.194408 -326.464544 -267.640723 -364.821362 -449.480192 -630.684137 -1388.465007 -1249.266482 -214.049140 -191.562924 -185.347799 -393.953868 -180.445844 -9999.0 -9999.0 -9999.0 -418.173366 -283.935135 -72.290030 -179.808074 -99.426077 -92.778308 -256.629812 4997.027632 -86.493589 -9999.0
-9999.0 -9999.0 -9999.0 -9999.0 -9999.0 -9999.0 -9999.0 -9999.0 -9999.0 -9999.0 -9999.0 -836.066581 -986.507744 -890.435382 -1058.393655 -2161.867889 -2530.077638 -2747.431488 -3271.806145 -2557.471615 -1369.096028 -587.219555 320131.634432 -459.177797 -520.062663 -275.887202 315798.288963 316099.949051 -183.395349 -354.565338 -180.384277 312590.956373 -476.000753 -282.800064 -106.601104 -543.497947 312313.178553 -241.404295 -1803.663076 -267.231548 -706.433207 -626.744760 -479.058754 -427.303700 -237.072705 -9999.0 -175.421326 -212.839133 -352.673941 -452.525438 -706.711624 -115.335918 -679.542898 -373.414020 -381.515139 -273.731481 -9999.0
-9999.0 -9999.0 -9999.0 -9999.0 -9999.0 -9999.0 -9999.0 -9999.0 -9999.0 -9999.0 -9999.0 -9999.0 -839.102243 -355.990273 -1152.533860 -1176.328431 -1506.623201 -2638.063820 -1436.018125 -2466.450757 -2101.928962 -988.329302 3292.692758 212916.183585 313657.710155 330690.453613 2307.862093 -908.395515 -392.693889 -160.366212 -448.598295 329344.545081 -860.517049 -330.012638 -300.157710 -460.290611 281492.503184 -432.988908 -861.691182 -3093.617254 -1463.194071 -190.072914 317025.945024 -510.385542 -103.573082 -251.799114 -139.374064 -263.351309 293606.770469 305616.173738 48408.237132 281636.330462 282446.205572 287445.400931 289473.326797 -294.538745 -286.915168
-9999.0 -9999.0 -9999.0 -9999.0 -9999.0 -9999.0 -9999.0 -9999.0 -9999.0 -9999.0 -9999.0 353499.367698 -692.399581 -2520.217413 -264.173522 -839.443086 -1681.820027 -2145.649405 -2009.314013 -1991.858893 -2379.643734 -1047.178846 50.954833 330011.369430 332981.229593 333742.120842 329177.130934 -402.427544 -390.989810 -202.482545 323331.146833 321196.254188 -598.930629 -352.683072 -340.738960 -401.484840 -596.686222 23531.309332 -849.676075 -1938.939035 37907.417600 -1054.163541 733.077359 -176.864000 -760.087070 -393.424574 -419.033998 -155.555010 -121.601697 -59.990854 -19.466762 -413.690936 49053.450000 -100.659989 -134.430377 -79.182368 -88.283209
-9999.0 -9999.0 -9999.0 -9999.0 -9999.0 -9999.0 -9999.0 -9999.0 -9999.0 -9999.0 2166.937476 149524.190052 -674.139611 -732.393873 -912.019057 2027.504991 2027.896346 -925.357717 -2406.950548 -1881.084010 -1717.786352 -855.503252 407980.343294 -660.139323 1240.587627 262087.646062 324767.920741 -123.972604 -1054.057667 -754.193564 122828.017781 123737.963042 -616.905294 -351.368496 -155.478530 -213.264942 -663.353383 260888.256406 147090.036495 -347.021833 -552.395629 -188.892819 -39.666188 -729.967688 -26.879221 -195.496228 -545.231754 301052.309364 298805.021340 377.823281 -477.192037 -108.894290 -102.126147 -48.306653 -103.963085 -354.967261 -346.145940
-9999.0 -9999.0 -9999.0 -9999.0 -9999.0 -9999.0 -9999.0 -9999.0 -9999.0 -530.143563 -535.294458 4356.684779 1161.171680 348840.989745 347058.317180 31347.026144 9222.045443 -1030.449799 -2713.609031 -2111.627305 -1962.352388 -1881.957800 -1442.878377 -1281.731350 -413.394736 432686.491476 317365.260895 -604.687123 33564.155797 81.896740 -273.853924 421318.247371 -210.016403 -144.781775 -189.825503 -203.655953 -597.456703 364832.758080 341443.356716 363025.454418 397702.815135 416880.748938 422969.667666 -1222.541127 -1174.550053 562.328739 -894.511926 345707.822175 347303.949145 -298.533316 248032.088289 -102.088815 -63.074356 -72.216545 -73.404766 16899.546354 23276.298639
-9999.0 -9999.0 -9999.0 -9999.0 -9999.0 -9999.0 -9999.0 -9999.0 -9999.0 -771.694228 -530.685259 -818.533292 4776.828164 -616.449203 23677.076308 355567.829012 -695.753835 -1005.378138 -2806.417494 -2543.007356 -2352.465354 -3164.675875 -1113.095339 -578.136164 427601.656313 336675.518116 357929.336965 946.307009 -406.285574 -609.356184 -701.289199 409150.943850 -432.567640 -314.730970 -356.750082 -233.846250 -269.071642 -188.456098 -533.096299 -658.513071 351058.279689 328389.571361 236122.478089 -578.392265 -1267.081989 -1064.043957 -1199.018443 -902.436699 -702.716146 -612.549248 416891.308134 269001.834388 -93.011674 225194.153034 -34.633012 53712.179482 53185.998474
-9999.0 -9999.0 -9999.0 -9999.0 -9999.0 -9999.0 -9999.0 -9999.0 -9999.0 -9999.0 -444.469498 -653.967008 1034.677344 203878.196795 -559.375937 7095.384165 -782.478472 -1619.566704 -2886.128827 -2474.237223 -2229.465475 -2803.319767 -142.773454 357915.257905 333150.663796 251.822217 -277.395293 -599.355764 -677.798445 436283.209005 429701.040972 434343.570014 299687.674999 -344.529387 -416.955786 -585.433336 -615.069714 -572.595486 -259.522365 -436.876251 -431.737402 -513.955899 4834.258321 -36.090100 -173.916029 -112.177758 -2163.723432 -1120.873901 -2838.833683 -825.704475 414007.843637 109915.511077 -78.331080 -69.133905 230101.547046 -7.560059 -208.430276
-9999.0 -9999.0 -9999.0 -9999.0 -9999.0 -9999.0 -9999.0 -9999.0 -9999.0 -9999.0 -361.469360 -519.000235 -570.762287 -310.447971 -561.775865 -1017.982686 -709.740665 -1954.701041 -2676.674076 -2911.212463 -2643.968744 -2384.959316 1459.559899 18381.078536 -134.539334 -394.911918 -681.555416 880.408261 436594.090551 307263.054029 -448.526315 -385.517584 -188.987889 -342.238453 -465.955971 -516.196304 62522.316406 218511.501999 296548.641302 -392.455392 -444.689898 -89.356573 319711.823669 -743.196922 -601.273487 436804.092531 33.331312 -39.846715 -2477.598031 -1647.043284 -96.810582 283906.730169 274792.837769 -62.178991 -73.979421 -105.668729 -189.972250
-9999.0 -9999.0 -9999.0 -9999.0 -9999.0 -9999.0 -9999.0 -9999.0 -433.823037 -423.932061 -490.704783 -416.409196 142516.717481 260779.332516 388817.921617 -871.384938 -2965.009541 -3172.362396 -3060.580686 -2979.924826 -2880.229018 -2935.505011 -2882.392161 -2596.110312 -905.869817 -693.668104 -616.123327 459386.258502 351441.009014 305619.414281 -86.559935 -437.557578 -445.118666 -360.852514 -418.281262 -540.088234 -1089.120333 205088.702557 433608.206838 -244.704357 -199.052737 -507.384159 14079.860374 -249.632270 -237.065231 2117.557613 426960.718830 325668.752966 830.678271 -738.501029 -444.181945 302105.946024 108404.628878 248019.784953 -133.327965 -342.433664 -82.057569
-9999.0 -9999.0 -9999.0 -9999.0 -9999.0 -9999.0 -9999.0 -9999.0 -291.373537 118779.923755 304988.436729 -380.936890 -515.220553 305188.651802 422530.205097 -38.974173 -2153.847833 -2483.676167 -3015.858101 -3011.219085 -1511.774420 -3067.895510 -3309.930123 -3450.335796 -2812.279079 -1584.937030 -568.406507 196028.728654 -204.334326 -379.686966 -298.734549 -227.129094 -481.818972 -237.865890 -447.342665 -534.691973 -1092.294240 -143.707500 141964.900321 -622.093100 -452.465600 -120.517523 -245.348972 -683.639286 2604.574259 300409.019237 -47.382814 -574.155703 22525.335877 -571.565798 -483.261246 26411.101061 89229.823865 -189.962430 -583.482343 -718.697954 330974.104229
-9999.0 -9999.0 -9999.0 -9999.0 -9999.0 -9999.0 -9999.0 -9999.0 -465.979416 3362.935851 -236.282782 297973.312048 -338.286666 -29.281172 338923.071705 421488.433086 -1060.495277 -2751.008693 -2938.992937 -1520.026806 -3038.309745 -3082.301970 -3275.696490 -2995.380550 -2810.139305 -2449.169332 -614.140960 448730.354366 -251.262066 -443.746879 -225.302035 -450.331830 304913.686513 311475.180355 -501.105253 -935.615930 -500.094069 -533.894312 71986.487269 351954.786625 -580.417344 -266.937505 -501.394867 2594.439339 326446.733896 -483.595876 -249.401969 -410.449747 325777.949978 373.539468 -828.424592 -352.792930 57181.501842 98489.134915 41017.142345 80.894302 -229.406324
-9999.0 -9999.0 -9999.0 -9999.0 -9999.0 -9999.0 -9999.0 -9999.0 -110.644516 -564.269008 96420.276935 -369.551689 -428.180834 305977.564411 415634.895041 -515.635555 -2829.769891 -2880.787226 -2199.660281 -2823.123706 -2959.842619 -2957.829537 -2941.097654 -2933.068851 -2325.734885 -1138.517473 327507.312599 431637.388318 -579.807391 381660.936027 365099.305652 314464.769579 -181.080403 77.215496 9.962774 -1212.604901 -1707.030430 -2564.710893 -746.746171 658.074953 -796.414235 -815.455273 -765.240183 -216.543702 -459.300531 -252.441175 -1183.090450 -157.405023 -508.994938 346225.159119 164.435116 -1047.934600 -451.183703 17657.697850 -224.329398 -355.555983 -1050.304736
-9999.0 -9999.0 -9999.0 -9999.0 -9999.0 -9999.0 -9999.0 -9999.0 359.721200 -369.810865 -292.838485 441924.430239 449861.918667 453150.985248 -412.192934 -991.476575 -945.144445 -2119.308137 -1418.586628 -2522.264359 -2677.050547 -2796.278861 -2869.625267 -2829.140901 -3035.041369 -1122.425941 426769.195983 -125.844900 -552.309947 52.382891 397762.035952 -366.835029 -811.981155 -511.040340 -759.874819 -2250.964241 -2838.054810 -2792.662593 -2799.664555 -855.377136 -940.120982 -1080.535520 -679.921476 -494.790967 342239.708636 -815.970416 35933.882988 234070.836070 98915.134426 -347.423889 -1081.770417 -1549.641620 -1128.528779 -808.156068 -515.651529 -597.432828 -928.565322
