erum2020/resources/simulation/Vinschgau/output-maps/psiL0002N1458.asc
ncols         63
nrows         48
xllcorner     598000.000000
yllcorner     5145000.000000
cellsize      1000.000000
NODATA_value  -9999.0
[rows 0 to 24 of 48, columns 0 to 56 of 63]
-9999.0 -9999.0 -9999.0 -9999.0 -9999.0 -9999.0 -9999.0 -9999.0 -9999.0 -9999.0 -9999.0 -9999.0 -9999.0 -9999.0 -9999.0 -9999.0 -9999.0 -9999.0 -9999.0 -9999.0 -9999.0 -9999.0 -9999.0 -9999.0 -9999.0 -9999.0 -9999.0 -9999.0 -9999.0 -9999.0 -9999.0 -9999.0 -9999.0 -9999.0 -9999.0 -9999.0 -9999.0 -9999.0 -9999.0 -9999.0 -9999.0 -9999.0 -9999.0 -9999.0 -9999.0 -9999.0 -9999.0 -9999.0 -9999.0 -9999.0 -9999.0 -9999.0 -9999.0 -9999.0 -9999.0 -9999.0 -9999.0
-9999.0 -9999.0 -9999.0 -9999.0 -9999.0 -9999.0 -9999.0 -9999.0 -9999.0 -9999.0 -9999.0 -9999.0 -9999.0 -9999.0 -9999.0 -9999.0 -9999.0 -9999.0 -9999.0 -9999.0 -9999.0 -9999.0 -9999.0 -9999.0 -9999.0 -9999.0 -9999.0 -175.973501 -1208.676884 -158.192361 24425.231567 -1620.283037 95596.637329 -9999.0 -9999.0 -9999.0 -9999.0 -9999.0 -9999.0 -9999.0 -9999.0 -9999.0 -9999.0 -9999.0 -9999.0 -9999.0 -9999.0 -9999.0 -9999.0 -9999.0 -9999.0 -9999.0 -9999.0 -9999.0 -9999.0 -9999.0 -9999.0
-9999.0 -9999.0 -9999.0 -9999.0 -9999.0 -9999.0 -9999.0 -9999.0 -9999.0 -9999.0 -9999.0 -9999.0 -9999.0 -9999.0 -9999.0 -9999.0 -9999.0 -9999.0 -9999.0 -9999.0 -9999.0 -9999.0 -9999.0 -9999.0 -438.461244 -631.411158 -821.105176 -487.725215 -634.529863 -1024.734325 46022.681257 -9999.0 -9999.0 -9999.0 -9999.0 -9999.0 -9999.0 -9999.0 -9999.0 -9999.0 -9999.0 -9999.0 -9999.0 -9999.0 -9999.0 -9999.0 -9999.0 -9999.0 -9999.0 -9999.0 -9999.0 -9999.0 -9999.0 -9999.0 -9999.0 -9999.0 -9999.0
-9999.0 -9999.0 -9999.0 -9999.0 -9999.0 -9999.0 -9999.0 -9999.0 -9999.0 -9999.0 -9999.0 -9999.0 -9999.0 -9999.0 -9999.0 -9999.0 -9999.0 -9999.0 -9999.0 -9999.0 -9999.0 -9999.0 -9999.0 -831.626111 -729.275944 -2948.618492 -2992.546724 -3036.922985 -3021.817039 -1123.148537 24843.313792 100006.981955 -9999.0 -9999.0 -9999.0 -9999.0 -9999.0 -9999.0 -9999.0 -9999.0 -9999.0 -9999.0 -9999.0 -9999.0 -9999.0 -9999.0 -9999.0 -9999.0 -9999.0 -9999.0 -9999.0 -9999.0 -9999.0 -9999.0 -9999.0 -9999.0 -9999.0
-9999.0 -9999.0 -9999.0 -9999.0 -9999.0 -9999.0 -9999.0 -9999.0 -9999.0 -9999.0 -9999.0 -9999.0 -9999.0 -9999.0 -9999.0 -9999.0 -9999.0 -9999.0 -2391.785965 -905.680238 -9999.0 -734.818143 -757.053774 -2928.735659 -2889.882706 -2926.887187 -2494.282014 -2765.280212 -2711.001495 -2310.496985 -1115.103212 15651.641097 -96.968316 -237.960389 -9999.0 -9999.0 -9999.0 -9999.0 -9999.0 -9999.0 -9999.0 -9999.0 -9999.0 -9999.0 -9999.0 -9999.0 -9999.0 -9999.0 -9999.0 -9999.0 -9999.0 -9999.0 -9999.0 -9999.0 -9999.0 -9999.0 -9999.0
-9999.0 -9999.0 -9999.0 -9999.0 -9999.0 -9999.0 -9999.0 -9999.0 -9999.0 -9999.0 -9999.0 -9999.0 -9999.0 -9999.0 -9999.0 -9999.0 -9999.0 -2914.878958 -2859.619004 -6527.553020 -691.711081 -761.007653 -2169.086062 -2765.165068 -2731.100975 -1902.320032 305860.673287 -2042.713750 105238.098815 -2566.526454 -505.384798 -1128.234376 -185.304471 -183.780268 -120.911534 -149.451514 -9999.0 -9999.0 -9999.0 -9999.0 -9999.0 -9999.0 -9999.0 -9999.0 -9999.0 -9999.0 -9999.0 -9999.0 -9999.0 -9999.0 -9999.0 -9999.0 -9999.0 -9999.0 -9999.0 -9999.0 -9999.0
-9999.0 -9999.0 -9999.0 -9999.0 -9999.0 -9999.0 -9999.0 -9999.0 -9999.0 -9999.0 -9999.0 -9999.0 -9999.0 -1520.774766 -2719.791258 -2779.847069 -2871.616168 -6271.160407 -2875.237753 -2821.846944 -2805.598305 -2785.165952 -2826.811924 -2789.813850 -474.798911 -798.309421 -31.904544 -589.649826 -406.794933 8389.202106 -371.766069 -748.599484 -1110.866057 30007.610579 -85.484280 -145.541315 -9999.0 -9999.0 -9999.0 -9999.0 -9999.0 -9999.0 -9999.0 -9999.0 -9999.0 -9999.0 -9999.0 -9999.0 -9999.0 -9999.0 -9999.0 -9999.0 -9999.0 -9999.0 -9999.0 -9999.0 -9999.0
-9999.0 -9999.0 -9999.0 -9999.0 -9999.0 -9999.0 -9999.0 -9999.0 -9999.0 -9999.0 -9999.0 -9999.0 -9999.0 -1424.868170 -2894.956633 -2859.916308 -2857.485122 -2876.937159 -6271.529200 -2794.053710 -2834.680056 -2887.083563 -2777.488674 -2694.674965 -2760.524259 -2767.955048 -1201.771072 -162.038930 -112.139329 475297.712652 224395.628546 41498.095706 -80.240588 -73.225747 -76.270399 -9999.0 -9999.0 -9999.0 -9999.0 -9999.0 -9999.0 -9999.0 -9999.0 -9999.0 -9999.0 -9999.0 -9999.0 -9999.0 -9999.0 -9999.0 -9999.0 -9999.0 -9999.0 -9999.0 -9999.0 -9999.0 -9999.0
-9999.0 -9999.0 -9999.0 -9999.0 -9999.0 -9999.0 -9999.0 -9999.0 -9999.0 -9999.0 -9999.0 -9999.0 -9999.0 -2887.726537 270.594468 -2927.451368 -2832.150697 -2827.616479 -6314.106337 -2866.345694 -2891.386883 -5880.887632 -2481.902140 -161.951813 -2807.745569 -2819.463300 -107.247552 -106.741186 81156.093529 -74.247096 91895.602145 -47.952445 -100.052281 -24.841480 -125.999754 -9999.0 -9999.0 -9999.0 -9999.0 -9999.0 -9999.0 -9999.0 -9999.0 -9999.0 -9999.0 -9999.0 -9999.0 -9999.0 -9999.0 -9999.0 -9999.0 -9999.0 -9999.0 -9999.0 -9999.0 -9999.0 -9999.0
-9999.0 -9999.0 -9999.0 -9999.0 -9999.0 -9999.0 -9999.0 -9999.0 -9999.0 -9999.0 -9999.0 -9999.0 -2804.528233 6168.423893 -2881.439431 -2744.451633 -2693.170880 -2802.957725 -3006.779933 -6375.381657 -2776.419287 -1620.199175 -1986.739912 -1097.851511 31136.191791 -1259.261147 1023091.867357 49860.738782 36534.201918 -66.304375 85965.117347 -91.725264 136810.645604 -220.760828 -9999.0 -9999.0 -9999.0 -9999.0 -9999.0 -9999.0 -9999.0 -9999.0 -9999.0 -9999.0 -9999.0 -9999.0 -9999.0 -9999.0 -9999.0 -9999.0 -9999.0 -9999.0 -9999.0 -9999.0 -9999.0 -9999.0 -9999.0
-9999.0 -9999.0 -9999.0 -9999.0 -9999.0 -9999.0 -9999.0 -9999.0 -9999.0 -9999.0 -9999.0 -1044.346710 -2872.831474 -825.349214 -2885.781323 -2099.612956 -6500.747002 -2839.363717 -2714.394718 -6935.188975 -2786.167494 -2794.778220 -1063.761235 -1139.883893 -2435.353642 -1089.972687 96478.400119 -380.131214 38031.626764 -93.425762 -102.979898 -1019.698556 -96.806095 -145.786732 -99.545776 -150.170155 19398.655476 -1436.413768 -1405.972114 -9999.0 -9999.0 -9999.0 -170.353843 -9999.0 -9999.0 -9999.0 -9999.0 -9999.0 -9999.0 -9999.0 -9999.0 -9999.0 -9999.0 -9999.0 -9999.0 -9999.0 -9999.0
-9999.0 -9999.0 -9999.0 -9999.0 -9999.0 -9999.0 -9999.0 -9999.0 -9999.0 -9999.0 -9999.0 -853.605935 -2938.810692 -3041.542226 -3040.449280 -1865.857164 -3113.157835 -2882.367959 -2785.009161 -2910.897565 -2878.994793 -1863.768418 -618.970895 3236228.169347 2568131.802801 -1059.277652 -263.476570 -1047.264114 -59.837148 -113.283092 -204.576872 -875.039022 100152.609527 121745.180955 15008.044874 -297.743975 -1125.531057 -1191.709058 -1369.644901 -150.058493 -161.417548 -146.746241 37560.554015 -103.355577 -9999.0 -9999.0 -9999.0 -1484.969475 76196.092530 -54.905011 161309.730600 -80.488220 -83.386712 -691.998359 19905.177574 -101.801453 -9999.0
-9999.0 -9999.0 -9999.0 -9999.0 -9999.0 -9999.0 -9999.0 -9999.0 -9999.0 -9999.0 -9999.0 -713.773328 -961.263781 -2698.479396 -1411.240927 -2205.995486 -2687.125696 -2829.720981 -3001.648556 -2910.864397 -2617.339787 -670.927644 943400.332186 -343.494954 -1130.075031 -169.442467 1453429.303979 3383538.024151 -154.247680 53636.715466 -120.341371 2965841.347781 -1041.215079 144763.091192 -83.371689 -1014.333856 1799859.852356 966579.424805 -1215.099403 -177.004113 -1329.927751 -1685.996182 -1048.929958 -215.236046 160069.193053 -9999.0 -179.122884 164677.947579 33176.897966 -975.745862 -1203.298349 -161.266782 -1322.494993 15522.781855 -1617.726720 123207.197049 -9999.0
-9999.0 -9999.0 -9999.0 -9999.0 -9999.0 -9999.0 -9999.0 -9999.0 -9999.0 -9999.0 -9999.0 -9999.0 -876.105492 3994.697924 -1382.026856 -1484.504080 -2598.871574 -2778.473413 -2848.993235 -2914.237110 -2759.643863 -2402.993658 22363.493069 623959.472643 3637874.962809 1603430.032066 3873.350823 -1224.857850 54940.183804 -101.909479 1524.058715 2065537.703106 -1165.708954 74788.835148 126939.395619 -719.046655 1216274.571257 1398420.648600 -950.947502 -1288.601660 -1110.613566 -285.959023 654612.548099 -636.886083 -114.266557 134686.589639 -92.328832 158128.686164 3470780.812198 706630.794970 282515.710247 2519470.798488 2780592.779604 2789992.059510 2935397.497361 28648.394903 128088.912640
-9999.0 -9999.0 -9999.0 -9999.0 -9999.0 -9999.0 -9999.0 -9999.0 -9999.0 -9999.0 -9999.0 637028.368666 -764.959253 -1720.579392 722.877832 -1660.575366 -2676.942659 -2741.736781 -3005.270033 -2855.087009 -2787.196970 -2545.514472 4333.937129 1225667.628182 1214674.500655 2851894.601020 728903.976665 74544.074225 44938.797746 -163.178033 1612804.648474 3313335.342536 -950.135589 74905.507656 73405.390223 19486.557461 -1412.208324 591544.265852 4780.002174 -1401.755425 596560.745535 -642.911099 5735.136907 -56.947887 -980.340517 55778.109595 -422.586956 -168.033813 -168.538088 143769.005017 1372558.246519 66377.348324 1431844.722792 332319.491922 309799.983728 92481.916846 -68.219340
-9999.0 -9999.0 -9999.0 -9999.0 -9999.0 -9999.0 -9999.0 -9999.0 -9999.0 -9999.0 5112.842918 272611.745556 -786.384926 -926.444665 -977.320429 94141.226239 115183.749083 -2271.939900 -2824.796537 -2838.388771 -2792.770386 -2135.682943 4272075.713310 -518.592137 39554.816838 1685431.220008 3015955.027900 1369274.080555 -1194.446167 -1107.972766 136047.979506 1408782.336869 -1091.406522 89791.790874 -131.259187 -136.302152 -1168.747838 839330.668606 2140838.120873 872.559430 -938.540566 -85.432478 -1326.096136 -1672.532783 146657.212120 -163.973750 -1147.647136 520750.021614 309206.015322 20828.660286 587005.681619 -45.087273 301845.292518 109086.501191 5595.891339 72498.092266 65373.487826
-9999.0 -9999.0 -9999.0 -9999.0 -9999.0 -9999.0 -9999.0 -9999.0 -9999.0 -1211.481105 -463.532168 185975.754729 30083.247357 637344.388789 92328.418993 39700.144652 208926.583561 -1942.040060 -2842.310635 -2860.571280 -2843.363071 -2675.554311 -2654.814473 -2659.109778 2958.527485 5608647.875859 3774898.804878 -1068.599555 269850.704998 11304.397052 1796.760157 5492639.466797 -125.903269 -99.997903 -164.660882 -140.716930 -1126.663904 2113931.285405 1063506.818026 167212.102511 1883786.708811 4122472.141038 3900774.826763 -2657.310827 -2662.055487 184999.675911 -1254.102734 766375.636976 745447.213173 1759.021381 2818041.389489 -47.531476 99592.189919 -84.918674 -19.675919 1159685.385005 1198101.805542
-9999.0 -9999.0 -9999.0 -9999.0 -9999.0 -9999.0 -9999.0 -9999.0 -9999.0 -1279.049238 -1216.404896 -1130.133772 4949.305614 16125.530621 258892.716620 659692.051151 -612.014404 -2636.025183 -2887.157474 -2933.280780 -2904.888577 -2938.658274 -2440.597750 -917.790368 5593353.926069 2091287.663120 610661.682149 40329.217636 -912.497459 -1034.135595 -916.064062 5352333.756296 -58.209713 120219.984880 43644.590243 -158.507141 -168.437260 -207.161700 -1129.475918 -986.561173 1059120.352046 2866793.728382 467952.645395 -1358.364642 -2511.710894 -2574.803761 -2666.451313 -2535.035914 9701.419557 -333.236978 5422010.436321 3497513.902968 -37.064091 221656.482789 62994.677904 1377348.539110 1429419.945070
-9999.0 -9999.0 -9999.0 -9999.0 -9999.0 -9999.0 -9999.0 -9999.0 -9999.0 -9999.0 14546.527322 -1093.388570 -450.203545 1156205.603049 -580.972175 193052.712889 14937.801379 -2730.360084 -2942.815863 -2903.047517 -2909.016248 -2778.711798 15503.567389 2674261.943766 1167601.828512 142104.363400 1680.717513 -1462.853984 -585.938088 5641998.600652 5556665.976224 4660234.831058 3900060.743317 82029.545787 -915.372654 -961.194825 -728.422937 -786.578278 -162.560432 5051.171094 68203.760459 -590.843073 8641.698339 144013.233589 -2066.817622 -210.957210 -2650.474488 -2548.353248 -2758.411571 -1538.465802 5431286.267867 1999048.235900 -26.620766 58650.220561 235623.349104 188283.714834 58636.013570
-9999.0 -9999.0 -9999.0 -9999.0 -9999.0 -9999.0 -9999.0 -9999.0 -9999.0 -9999.0 62900.664934 -1175.937268 -830.011519 14931.632650 -877.142116 -2410.510379 -1849.346297 -2774.038393 -2966.704282 -2968.206514 -2889.208746 -2798.682282 51531.379483 282781.485963 129423.254484 -759.461089 -1124.088065 1423.526864 5691109.101024 3981120.964912 39473.619281 -251.707812 911014.203555 101364.834469 -277.556306 -740.043784 640607.894619 172376.227794 3302924.403509 65508.447072 -400.100431 -214.261177 640334.260017 -1132.625867 -613.657558 2765046.782762 26264.116663 -1339.812390 -2752.601701 -2707.013836 2394.360111 3224564.132411 3624609.535623 13296.769870 70297.282001 21259.777702 197412.030418
-9999.0 -9999.0 -9999.0 -9999.0 -9999.0 -9999.0 -9999.0 -9999.0 -306.540547 19752.454241 -1795.285549 -246.549594 1145451.489179 463330.535052 266593.882407 -1621.820705 -2836.192593 -2951.747055 -2999.912235 -2989.672986 -3006.025494 -2979.803427 -2957.338489 -2900.949023 -2600.080616 -1037.526284 -469.932559 5772026.223643 3373379.333258 3895892.117925 -54.990685 15131.828861 -134.399739 70841.521914 -304.117304 -1162.951390 -1347.706616 28468.019574 5589938.367191 -160.954838 -169.101905 -645.202982 1557257.021693 -160.261701 -335.504015 5052.135105 5501269.546659 539882.261582 -200.223048 -1514.301106 -362.220809 4170482.278106 1993795.189697 3260458.633528 -49.816041 -441.648298 -85.372163
-9999.0 -9999.0 -9999.0 -9999.0 -9999.0 -9999.0 -9999.0 -9999.0 -171465171.625112 1740748.416654 3753921.422695 81171.226576 -964.803411 3337821.159286 5544702.170821 -478.252599 -2718.351205 -2780.688612 -2990.013551 -3025.124537 -2917.592416 -3131.921330 -3175.395024 -3158.126695 -2896.315773 -2616.457695 -736.854056 291834.247018 640509.014118 58473.199989 134004.423612 -173.211066 -981.430381 -169.184014 -313.361330 -583.440742 -2255.558154 -341.036937 404066.907099 -1029.731228 -97.958835 -644.181052 -170.283605 -1071.672383 17449.469036 815030.821680 1423339.455468 -1160.400522 266151.804010 -1361.637842 -761.878997 299024.957188 2086376.484562 200987.814447 -1332.531977 313075.912771 921947.066816
-9999.0 -9999.0 -9999.0 -9999.0 -9999.0 -9999.0 -9999.0 -9999.0 315.669325 52964.806088 166905.665741 3864473.850819 3947.285863 1444255.475136 786204.738332 5295332.366903 -2431.915587 -2771.035777 -2968.527729 -2866.635071 -3055.251794 -3117.554570 -3166.115575 -3002.274437 -2949.187612 -2759.775360 -822.678070 5786865.006616 903509.914528 -201.283809 -168.114946 -450.441358 3304452.225634 2223995.227268 -523.871451 -1747.050187 -207.288000 -1780.283829 49009.785481 588602.580819 -1028.458397 -184.206670 -378.513096 19593.908124 2303837.130466 -306.401956 -166.484700 22579.083557 3692543.558095 7473.677478 -1758.266479 1360.933256 1282985.517614 2146346.787717 341860.865029 46346.573057 -517.018614
-9999.0 -9999.0 -9999.0 -9999.0 -9999.0 -9999.0 -9999.0 -9999.0 -59.997716 -1060.334213 539644.713005 690183.349414 3227.630772 2063657.692535 4464158.035104 -809.773600 -2824.642842 -2920.201719 -2866.995748 -2972.454211 -2986.587145 -3013.295235 -3015.937413 -2916.061265 -2774.847715 -2279.094527 395915.046568 5645028.468954 -815.477801 567933.126054 751269.802867 311278.530069 14670.334618 2019.311287 233681.002077 -1195.274132 -2379.129795 -2757.238825 -2192.745737 53553.030539 -1069.477028 -1071.971154 -1073.783355 -272.815770 3037.576282 -176.774222 -1178.020871 -174.128102 -708.228477 987623.497888 312.771750 -2383.516222 2585.826473 270879.815691 1688.055388 -611.130503 -2536.374365
-9999.0 -9999.0 -9999.0 -9999.0 -9999.0 -9999.0 -9999.0 -9999.0 141248.326009 6721.803880 -1064952.625923 5698538.153605 4827247.181948 2073558.703074 -475.932939 -2367.980770 -1807.137226 -2670.220682 -2556.786955 -2789.428501 -2900.836687 -2934.178958 -2909.955321 -2840.089445 -2822.422031 -2341.827823 5650666.106537 143685.801401 2555.411586 1619.706347 2053627.944644 1457.625060 -2718.643049 -1476.136732 -2245.591112 -2615.623898 -2671.448918 -2833.920431 -2799.659560 -2531.902837 -2537.620276 -2382.343358 -2553.977742 -406.725363 848376.203947 -988.907802 309482.716628 37320.104759 389735.846157 1690.305149 -2536.485674 -2439.926942 -2264.940981 -1138.004229 -776.730014 -970.729502 -2026.888927
