erum2020/resources/simulation/Vinschgau/output-maps/psiL0008N0020.asc
ncols         63
nrows         48
xllcorner     598000.000000
yllcorner     5145000.000000
cellsize      1000.000000
NODATA_value  -9999.0
[rows 0 to 25 of 48, columns 0 to 57 of 63]
-9999.0 -9999.0 -9999.0 -9999.0 -9999.0 -9999.0 -9999.0 -9999.0 -9999.0 -9999.0 -9999.0 -9999.0 -9999.0 -9999.0 -9999.0 -9999.0 -9999.0 -9999.0 -9999.0 -9999.0 -9999.0 -9999.0 -9999.0 -9999.0 -9999.0 -9999.0 -9999.0 -9999.0 -9999.0 -9999.0 -9999.0 -9999.0 -9999.0 -9999.0 -9999.0 -9999.0 -9999.0 -9999.0 -9999.0 -9999.0 -9999.0 -9999.0 -9999.0 -9999.0 -9999.0 -9999.0 -9999.0 -9999.0 -9999.0 -9999.0 -9999.0 -9999.0 -9999.0 -9999.0 -9999.0 -9999.0 -9999.0 -9999.0
-9999.0 -9999.0 -9999.0 -9999.0 -9999.0 -9999.0 -9999.0 -9999.0 -9999.0 -9999.0 -9999.0 -9999.0 -9999.0 -9999.0 -9999.0 -9999.0 -9999.0 -9999.0 -9999.0 -9999.0 -9999.0 -9999.0 -9999.0 -9999.0 -9999.0 -9999.0 -9999.0 -250.001153 -250.000421 -250.000517 -252.397280 -253.175074 -253.199204 -9999.0 -9999.0 -9999.0 -9999.0 -9999.0 -9999.0 -9999.0 -9999.0 -9999.0 -9999.0 -9999.0 -9999.0 -9999.0 -9999.0 -9999.0 -9999.0 -9999.0 -9999.0 -9999.0 -9999.0 -9999.0 -9999.0 -9999.0 -9999.0 -9999.0
-9999.0 -9999.0 -9999.0 -9999.0 -9999.0 -9999.0 -9999.0 -9999.0 -9999.0 -9999.0 -9999.0 -9999.0 -9999.0 -9999.0 -9999.0 -9999.0 -9999.0 -9999.0 -9999.0 -9999.0 -9999.0 -9999.0 -9999.0 -9999.0 -250.000219 -250.000626 -250.000771 -250.000882 -250.000657 -250.000455 -250.779864 -9999.0 -9999.0 -9999.0 -9999.0 -9999.0 -9999.0 -9999.0 -9999.0 -9999.0 -9999.0 -9999.0 -9999.0 -9999.0 -9999.0 -9999.0 -9999.0 -9999.0 -9999.0 -9999.0 -9999.0 -9999.0 -9999.0 -9999.0 -9999.0 -9999.0 -9999.0 -9999.0
-9999.0 -9999.0 -9999.0 -9999.0 -9999.0 -9999.0 -9999.0 -9999.0 -9999.0 -9999.0 -9999.0 -9999.0 -9999.0 -9999.0 -9999.0 -9999.0 -9999.0 -9999.0 -9999.0 -9999.0 -9999.0 -9999.0 -9999.0 -250.000663 -250.000781 -250.001511 -250.002853 -250.003060 -250.003193 -250.001168 -250.001074 -250.000551 -9999.0 -9999.0 -9999.0 -9999.0 -9999.0 -9999.0 -9999.0 -9999.0 -9999.0 -9999.0 -9999.0 -9999.0 -9999.0 -9999.0 -9999.0 -9999.0 -9999.0 -9999.0 -9999.0 -9999.0 -9999.0 -9999.0 -9999.0 -9999.0 -9999.0 -9999.0
-9999.0 -9999.0 -9999.0 -9999.0 -9999.0 -9999.0 -9999.0 -9999.0 -9999.0 -9999.0 -9999.0 -9999.0 -9999.0 -9999.0 -9999.0 -9999.0 -9999.0 -9999.0 -250.001746 -250.002538 -9999.0 -250.000338 -250.000536 -250.003060 -250.002803 -250.003625 -250.001021 -250.001224 -250.001383 -250.003319 -250.001276 -250.000684 -250.001647 -250.020139 -9999.0 -9999.0 -9999.0 -9999.0 -9999.0 -9999.0 -9999.0 -9999.0 -9999.0 -9999.0 -9999.0 -9999.0 -9999.0 -9999.0 -9999.0 -9999.0 -9999.0 -9999.0 -9999.0 -9999.0 -9999.0 -9999.0 -9999.0 -9999.0
-9999.0 -9999.0 -9999.0 -9999.0 -9999.0 -9999.0 -9999.0 -9999.0 -9999.0 -9999.0 -9999.0 -9999.0 -9999.0 -9999.0 -9999.0 -9999.0 -9999.0 -264.497681 -260.266360 -250.003377 -250.002003 -250.000848 -250.002454 -250.002114 -250.001359 -255.402707 -253.217017 -250.001490 -251.819830 -250.001612 -250.000908 -250.000690 -250.001350 -250.001108 -252.667678 -253.782679 -9999.0 -9999.0 -9999.0 -9999.0 -9999.0 -9999.0 -9999.0 -9999.0 -9999.0 -9999.0 -9999.0 -9999.0 -9999.0 -9999.0 -9999.0 -9999.0 -9999.0 -9999.0 -9999.0 -9999.0 -9999.0 -9999.0
-9999.0 -9999.0 -9999.0 -9999.0 -9999.0 -9999.0 -9999.0 -9999.0 -9999.0 -9999.0 -9999.0 -9999.0 -9999.0 -250.000879 -250.002099 -255.412546 -259.635956 -249.998916 -263.778399 -250.004390 -250.003148 -250.003438 -250.003025 -250.000759 -253.484512 -250.001634 -250.005463 -250.001087 -250.001789 -250.001697 -250.001785 -250.001634 -250.386836 -253.387698 -253.799523 -253.836087 -9999.0 -9999.0 -9999.0 -9999.0 -9999.0 -9999.0 -9999.0 -9999.0 -9999.0 -9999.0 -9999.0 -9999.0 -9999.0 -9999.0 -9999.0 -9999.0 -9999.0 -9999.0 -9999.0 -9999.0 -9999.0 -9999.0
-9999.0 -9999.0 -9999.0 -9999.0 -9999.0 -9999.0 -9999.0 -9999.0 -9999.0 -9999.0 -9999.0 -9999.0 -9999.0 -250.000503 -250.002258 -256.725356 -256.338747 -250.000363 -249.998818 -250.002090 -262.063216 -250.002170 -253.154366 -252.747951 -250.001338 -250.001490 -250.001572 -253.484901 -253.584273 -250.001238 -250.001972 -253.265325 -253.799486 -253.852377 -253.843208 -9999.0 -9999.0 -9999.0 -9999.0 -9999.0 -9999.0 -9999.0 -9999.0 -9999.0 -9999.0 -9999.0 -9999.0 -9999.0 -9999.0 -9999.0 -9999.0 -9999.0 -9999.0 -9999.0 -9999.0 -9999.0 -9999.0 -9999.0
-9999.0 -9999.0 -9999.0 -9999.0 -9999.0 -9999.0 -9999.0 -9999.0 -9999.0 -9999.0 -9999.0 -9999.0 -9999.0 -250.002392 -250.001197 -250.000935 -255.572395 -255.947173 -249.999346 -259.938685 -250.001186 -250.003230 -254.194265 -253.470432 -250.001490 -250.001462 -250.000644 -253.575824 -250.000855 -253.728021 -253.155243 -253.824700 -253.818661 -253.848856 -253.862787 -9999.0 -9999.0 -9999.0 -9999.0 -9999.0 -9999.0 -9999.0 -9999.0 -9999.0 -9999.0 -9999.0 -9999.0 -9999.0 -9999.0 -9999.0 -9999.0 -9999.0 -9999.0 -9999.0 -9999.0 -9999.0 -9999.0 -9999.0
-9999.0 -9999.0 -9999.0 -9999.0 -9999.0 -9999.0 -9999.0 -9999.0 -9999.0 -9999.0 -9999.0 -9999.0 -250.001922 -250.001403 -250.001620 -250.001498 -251.920531 -255.656095 -249.983505 -250.002129 -250.002946 -250.003249 -250.001000 -250.001451 -250.001857 -252.679148 -250.002389 -250.001137 -250.001016 -253.670961 -253.244264 -250.006355 -250.001801 -253.591711 -9999.0 -9999.0 -9999.0 -9999.0 -9999.0 -9999.0 -9999.0 -9999.0 -9999.0 -9999.0 -9999.0 -9999.0 -9999.0 -9999.0 -9999.0 -9999.0 -9999.0 -9999.0 -9999.0 -9999.0 -9999.0 -9999.0 -9999.0 -9999.0
-9999.0 -9999.0 -9999.0 -9999.0 -9999.0 -9999.0 -9999.0 -9999.0 -9999.0 -9999.0 -9999.0 -250.000287 -250.001301 -250.001421 -250.001310 -250.000475 -250.001841 -254.502396 -251.620300 -250.001432 -257.121440 -250.001663 -250.000545 -252.171021 -250.001491 -250.004689 -252.883392 -250.000434 -250.002416 -253.751093 -250.023178 -250.001872 -250.803144 -253.469943 -250.233564 -250.002755 -250.000801 -250.000755 -250.000996 -9999.0 -9999.0 -9999.0 -253.191044 -9999.0 -9999.0 -9999.0 -9999.0 -9999.0 -9999.0 -9999.0 -9999.0 -9999.0 -9999.0 -9999.0 -9999.0 -9999.0 -9999.0 -9999.0
-9999.0 -9999.0 -9999.0 -9999.0 -9999.0 -9999.0 -9999.0 -9999.0 -9999.0 -9999.0 -9999.0 -250.001590 -250.001075 -250.001602 -250.001398 -250.934669 -250.002564 -258.182448 -256.120752 -251.501007 -250.001119 -250.001207 -250.000455 -250.000676 -250.000957 -252.169566 -250.000992 -250.000782 -250.022477 -253.486734 -250.001589 -250.001877 -250.001845 -250.016349 -250.003848 -250.001058 -250.001311 -250.000823 -250.001617 -250.001428 -250.001413 -251.143940 -250.001809 -253.117713 -9999.0 -9999.0 -9999.0 -263.836443 -249.994138 -250.001618 -250.001159 -250.001729 -250.002698 -262.810673 -259.648013 -251.878092 -9999.0 -9999.0
-9999.0 -9999.0 -9999.0 -9999.0 -9999.0 -9999.0 -9999.0 -9999.0 -9999.0 -9999.0 -9999.0 -250.000376 -250.001509 -250.001392 -250.000764 -250.001034 -250.001832 -253.499618 -250.000255 -253.288790 -259.282477 -250.001996 -250.002830 -250.000403 -251.989751 -250.001953 -250.001923 -250.002905 -253.337199 -251.839274 -253.536819 -250.003451 -250.000917 -250.006979 -251.342385 -250.001299 -250.002145 -250.002251 -250.001826 -250.002147 -250.001137 -250.001712 -250.001390 -250.000868 -250.001199 -9999.0 -252.916097 -249.990214 -250.001171 -250.001293 -250.001755 -250.001718 -250.001812 -249.989051 -249.989821 -250.000899 -9999.0 -9999.0
-9999.0 -9999.0 -9999.0 -9999.0 -9999.0 -9999.0 -9999.0 -9999.0 -9999.0 -9999.0 -9999.0 -9999.0 -250.000422 -250.000899 -250.000911 -250.000433 -251.660561 -253.004321 -250.000474 -252.810892 -255.765474 -250.001258 -250.001661 -250.002149 -250.001510 -250.002048 -250.001618 -252.690194 -251.785323 -250.006718 -250.001032 -250.001832 -250.000521 -250.000363 -250.839547 -250.000719 -250.001455 -250.001260 -250.002561 -250.002844 -250.000392 -250.001945 -250.002195 -250.001338 -250.001560 -250.000795 -250.006629 -250.000961 -250.003134 -250.002101 -250.001909 -250.001697 -258.146597 -250.001876 -250.001550 -250.001206 -250.000579 -9999.0
-9999.0 -9999.0 -9999.0 -9999.0 -9999.0 -9999.0 -9999.0 -9999.0 -9999.0 -9999.0 -9999.0 -250.001306 -250.000860 -250.003828 -250.001348 -250.001412 -250.001213 -252.549827 -250.000455 -259.573656 -256.795145 -255.472543 -250.001576 -250.002676 -250.001707 -250.001985 -250.001373 -252.187857 -250.001144 -250.000953 -250.002214 -250.001326 -250.001067 -250.001209 -253.311923 -250.002368 -250.278205 -250.004340 -259.010830 -250.001526 -250.002231 -250.002704 -250.002176 -250.002542 -250.002006 -250.001974 -250.000511 -250.001226 -250.001622 -250.002885 -251.690907 -250.042932 -250.001095 -252.762732 -251.529444 -252.793255 -250.004922 -9999.0
-9999.0 -9999.0 -9999.0 -9999.0 -9999.0 -9999.0 -9999.0 -9999.0 -9999.0 -9999.0 -250.001069 -250.001114 -250.000895 -250.000556 -250.000911 -250.001718 -250.000910 -251.521458 -256.167690 -258.674924 -251.600905 -257.094198 -253.565602 -250.001181 -250.001743 -250.002463 -250.004452 -251.970416 -250.001370 -250.001452 -250.002547 -250.001128 -250.001425 -251.825861 -253.832659 -250.073053 -250.000584 -250.001163 -252.583055 -250.002813 -250.003356 -250.002050 -250.000890 -261.299103 -250.003300 -250.002988 -250.001058 -250.003092 -250.003201 -250.004483 -251.332493 -252.676357 -251.922207 -252.777827 -252.485278 -250.000729 -250.001586 -9999.0
-9999.0 -9999.0 -9999.0 -9999.0 -9999.0 -9999.0 -9999.0 -9999.0 -9999.0 -250.004193 -250.001063 -250.000577 -250.002807 -250.002195 -250.000549 -250.000728 -250.001633 -250.001592 -257.854189 -259.492691 -253.744613 -256.418211 -256.035988 -250.002699 -250.001677 -251.018262 -250.002813 -250.001702 -250.002761 -250.002197 -250.003402 -251.630179 -253.682816 -253.738620 -253.214901 -253.558076 -250.001132 -250.000590 -250.001263 -250.001325 -252.349494 -250.762237 -251.044247 -255.556457 -258.037748 -250.004070 -250.002371 -250.003432 -250.002602 -250.002825 -250.003518 -250.008344 -252.817375 -252.557590 -250.242234 -250.002198 -250.001072 -250.001767
-9999.0 -9999.0 -9999.0 -9999.0 -9999.0 -9999.0 -9999.0 -9999.0 -9999.0 -250.004838 -250.000375 -250.001564 -250.002745 -250.002531 -250.002193 -250.001609 -250.000939 -250.002902 -259.889573 -251.128991 -251.307655 -250.001205 -250.001580 -250.001156 -250.984446 -250.002343 -250.002557 -250.002846 -250.003222 -250.002184 -250.001356 -252.187430 -252.256466 -250.001573 -250.000795 -250.002003 -250.001116 -250.000731 -252.627069 -250.001024 -250.002256 -250.011208 -250.002902 -250.002336 -260.139522 -250.002869 -250.004960 -250.003711 -250.003926 -250.004447 -252.354769 -250.021929 -252.951340 -251.391890 -252.360686 -250.000979 -250.000581 -250.002811
-9999.0 -9999.0 -9999.0 -9999.0 -9999.0 -9999.0 -9999.0 -9999.0 -9999.0 -9999.0 -250.000347 -250.001056 -250.001534 -263.021454 -250.002539 -250.002292 -250.001957 -250.002895 -261.660655 -255.907433 -253.728528 -255.889379 -252.343910 -251.697798 -250.002239 -250.002623 -250.002790 -250.003669 -250.001534 -250.519017 -250.505889 -250.002486 -250.929835 -252.377959 -250.000884 -250.000947 -250.001119 -250.001633 -250.003489 -252.595133 -252.952573 -250.001552 -250.002375 -250.001788 -252.238120 -253.135347 -255.138878 -250.001628 -250.005892 -250.004410 -253.947750 -250.002579 -250.001965 -253.006419 -250.000569 -250.423110 -250.002326 -250.004023
-9999.0 -9999.0 -9999.0 -9999.0 -9999.0 -9999.0 -9999.0 -9999.0 -9999.0 -9999.0 -250.000457 -250.000499 -250.001293 -250.001818 -258.556891 -256.454216 -255.483766 -258.307749 -262.762259 -261.016040 -259.853245 -257.075385 -254.911983 -250.002473 -250.001988 -250.002765 -250.001730 -253.223648 -251.429953 -250.510602 -251.814126 -250.000970 -251.584479 -252.301170 -252.171898 -250.002760 -250.002513 -250.001435 -250.004822 -251.808554 -250.000781 -250.000481 -250.001348 -251.210225 -250.002397 -251.933334 -250.001584 -253.000289 -258.134317 -250.003321 -250.008192 -250.002325 -250.001817 -250.001536 -252.257159 -250.002178 -250.030452 -250.003332
-9999.0 -9999.0 -9999.0 -9999.0 -9999.0 -9999.0 -9999.0 -9999.0 -250.001244 -250.001407 -250.001705 -250.001272 -250.001014 -250.000881 -252.403878 -264.242486 -260.601409 -250.001148 -254.239478 -257.039736 -263.113490 -260.963610 -258.935624 -255.462345 -250.002355 -256.528883 -250.001086 -251.170996 -250.000958 -250.047479 -253.544040 -251.830232 -251.127337 -250.508186 -250.000599 -252.391200 -250.001088 -250.002787 -252.647921 -250.005753 -252.696281 -250.001418 -252.471408 -253.232765 -250.001724 -250.001876 -250.668467 -250.001931 -253.781475 -257.960591 -250.006408 -254.315265 -250.001831 -250.070155 -250.002358 -250.002579 -250.001748 -250.002661
-9999.0 -9999.0 -9999.0 -9999.0 -9999.0 -9999.0 -9999.0 -9999.0 -250.018781 -250.001511 -250.001554 -250.693253 -250.001595 -250.002563 -252.281503 -253.357602 -255.879068 -255.445921 -261.928223 -256.542128 -251.468075 -255.342184 -250.001514 -250.001814 -259.991500 -260.027918 -255.431807 -250.002014 -251.731185 -250.000421 -250.000420 -250.001453 -250.000237 -250.000701 -250.000194 -250.001248 -250.001027 -250.002395 -250.001819 -250.000876 -250.301972 -253.037764 -252.859588 -250.000975 -250.001391 -250.000811 -252.032732 -250.990591 -250.003011 -256.955926 -250.008693 -250.002876 -251.595977 -250.001778 -250.003485 -250.003387 -250.004073 -250.003637
-9999.0 -9999.0 -9999.0 -9999.0 -9999.0 -9999.0 -9999.0 -9999.0 -250.001831 -250.001259 -250.001147 -250.003097 -250.000736 -250.377715 -250.002007 -254.874453 -258.193586 -250.003439 -263.252123 -250.677001 -253.896277 -251.259117 -250.000759 -250.001489 -250.001013 -257.518678 -254.409090 -251.775369 -251.329460 -250.000854 -250.001458 -250.001276 -250.001710 -250.004643 -250.000440 -250.001315 -250.000809 -255.267581 -252.401768 -250.001483 -250.000659 -250.002997 -250.000457 -250.000701 -250.000558 -250.000427 -250.001272 -250.000780 -250.002337 -253.618635 -275.178639 -250.006944 -253.817557 -252.944683 -250.003554 -250.002668 -250.003976 -250.004252
-9999.0 -9999.0 -9999.0 -9999.0 -9999.0 -9999.0 -9999.0 -9999.0 -253.447329 -250.001498 -262.885624 -250.023527 -250.000844 -250.001650 -255.335925 -258.472419 -263.816116 -265.885214 -263.870726 -262.247659 -256.352129 -62.264129 -37.222167 -253.360227 -259.395975 -255.507727 -252.749503 -252.776484 -250.001775 -250.002751 -250.001503 -250.001349 -250.003402 -250.003091 -250.001330 -250.001825 -250.002049 -255.803477 -253.127819 -250.001691 -250.001508 -250.001004 -250.001006 -250.002194 -250.000865 -250.001071 -250.001128 -250.001258 -250.003216 -250.004025 -253.705800 -264.383301 -250.006793 -250.003714 -250.003034 -250.002808 -250.008397 635.886380
-9999.0 -9999.0 -9999.0 -9999.0 -9999.0 -9999.0 -9999.0 -9999.0 -250.002741 -250.001884 -250.000406 -253.757787 -254.779732 -255.859211 -250.001507 -250.001253 -264.005142 -254.943318 -253.298152 -256.006622 -260.229108 -78.400487 -95.468777 -259.747077 -250.001686 -257.537511 -254.518054 -250.001995 -250.003340 -250.002722 -253.797384 -250.001990 -250.003692 -250.002051 -250.002643 -250.002161 -250.002702 -257.348995 -256.650991 -250.001978 -250.002820 -250.002761 -250.003186 -250.002954 -250.002433 -250.001412 -250.003143 -250.003328 -250.004601 -250.004409 -250.003292 -263.173182 -261.702549 -250.002914 -249.999496 1003.773140 705.751150 692.653148
-9999.0 -9999.0 -250.000531 -250.000238 -250.000461 -250.001295 -250.001041 -250.001321 -250.000960 -250.000850 -250.001648 -264.466276 -255.360164 -250.001912 -249.999933 -269.438323 -253.291687 -251.258447 -250.002063 -253.984004 -257.094771 -264.138438 165.071699 690.887305 -263.179917 -260.600361 -258.371936 -258.135287 -260.859067 -250.001010 -255.898777 -255.730461 -250.002173 -258.367676 -250.003767 -256.414572 -250.003263 -257.646039 -255.929739 -253.825736 -250.002944 -250.003767 -259.364160 -250.007095 -255.502822 -250.003364 -250.004103 -260.526640 -250.005844 -250.004781 -250.003541 -252.598018 -252.542918 -254.132867 741.952856 744.876648 -255.870745 -250.001447
