erum2020/resources/simulation/Vinschgau/output-maps/psiL0003N0344.asc
ncols         63
nrows         48
xllcorner     598000.000000
yllcorner     5145000.000000
cellsize      1000.000000
NODATA_value  -9999.0
[rows 0 to 25 of 48, columns 0 to 59 of 63]
-9999.0 -9999.0 -9999.0 -9999.0 -9999.0 -9999.0 -9999.0 -9999.0 -9999.0 -9999.0 -9999.0 -9999.0 -9999.0 -9999.0 -9999.0 -9999.0 -9999.0 -9999.0 -9999.0 -9999.0 -9999.0 -9999.0 -9999.0 -9999.0 -9999.0 -9999.0 -9999.0 -9999.0 -9999.0 -9999.0 -9999.0 -9999.0 -9999.0 -9999.0 -9999.0 -9999.0 -9999.0 -9999.0 -9999.0 -9999.0 -9999.0 -9999.0 -9999.0 -9999.0 -9999.0 -9999.0 -9999.0 -9999.0 -9999.0 -9999.0 -9999.0 -9999.0 -9999.0 -9999.0 -9999.0 -9999.0 -9999.0 -9999.0 -9999.0 -9999.0
-9999.0 -9999.0 -9999.0 -9999.0 -9999.0 -9999.0 -9999.0 -9999.0 -9999.0 -9999.0 -9999.0 -9999.0 -9999.0 -9999.0 -9999.0 -9999.0 -9999.0 -9999.0 -9999.0 -9999.0 -9999.0 -9999.0 -9999.0 -9999.0 -9999.0 -9999.0 -9999.0 -761.637321 -909.862736 -836.385291 -764.528014 -763.656601 -730.807226 -9999.0 -9999.0 -9999.0 -9999.0 -9999.0 -9999.0 -9999.0 -9999.0 -9999.0 -9999.0 -9999.0 -9999.0 -9999.0 -9999.0 -9999.0 -9999.0 -9999.0 -9999.0 -9999.0 -9999.0 -9999.0 -9999.0 -9999.0 -9999.0 -9999.0 -9999.0 -9999.0
-9999.0 -9999.0 -9999.0 -9999.0 -9999.0 -9999.0 -9999.0 -9999.0 -9999.0 -9999.0 -9999.0 -9999.0 -9999.0 -9999.0 -9999.0 -9999.0 -9999.0 -9999.0 -9999.0 -9999.0 -9999.0 -9999.0 -9999.0 -9999.0 -911.773448 -789.108222 -806.859294 -496.985046 -711.093661 -634.257985 -589.648337 -9999.0 -9999.0 -9999.0 -9999.0 -9999.0 -9999.0 -9999.0 -9999.0 -9999.0 -9999.0 -9999.0 -9999.0 -9999.0 -9999.0 -9999.0 -9999.0 -9999.0 -9999.0 -9999.0 -9999.0 -9999.0 -9999.0 -9999.0 -9999.0 -9999.0 -9999.0 -9999.0 -9999.0 -9999.0
-9999.0 -9999.0 -9999.0 -9999.0 -9999.0 -9999.0 -9999.0 -9999.0 -9999.0 -9999.0 -9999.0 -9999.0 -9999.0 -9999.0 -9999.0 -9999.0 -9999.0 -9999.0 -9999.0 -9999.0 -9999.0 -9999.0 -9999.0 -683.822292 -324.607424 50.407184 65.548491 39.448287 92.397097 -464.697502 -918.000351 -1218.307335 -9999.0 -9999.0 -9999.0 -9999.0 -9999.0 -9999.0 -9999.0 -9999.0 -9999.0 -9999.0 -9999.0 -9999.0 -9999.0 -9999.0 -9999.0 -9999.0 -9999.0 -9999.0 -9999.0 -9999.0 -9999.0 -9999.0 -9999.0 -9999.0 -9999.0 -9999.0 -9999.0 -9999.0
-9999.0 -9999.0 -9999.0 -9999.0 -9999.0 -9999.0 -9999.0 -9999.0 -9999.0 -9999.0 -9999.0 -9999.0 -9999.0 -9999.0 -9999.0 -9999.0 -9999.0 -9999.0 44.796910 -116.685366 -9999.0 -540.540644 -602.366925 49.476036 50.215747 15.915609 -158.127423 -180.220778 9.442864 53.233727 -406.554023 -991.023651 -894.946274 -925.035538 -9999.0 -9999.0 -9999.0 -9999.0 -9999.0 -9999.0 -9999.0 -9999.0 -9999.0 -9999.0 -9999.0 -9999.0 -9999.0 -9999.0 -9999.0 -9999.0 -9999.0 -9999.0 -9999.0 -9999.0 -9999.0 -9999.0 -9999.0 -9999.0 -9999.0 -9999.0
-9999.0 -9999.0 -9999.0 -9999.0 -9999.0 -9999.0 -9999.0 -9999.0 -9999.0 -9999.0 -9999.0 -9999.0 -9999.0 -9999.0 -9999.0 -9999.0 -9999.0 52.732918 33.603590 -1018.036432 -868.385912 -221.744974 258.364140 53.684147 21.819536 -240.863049 -377.937728 -467.373623 -551.464364 -199.431729 -112.497222 -403.141688 -881.372355 -903.997529 -961.554228 -978.511960 -9999.0 -9999.0 -9999.0 -9999.0 -9999.0 -9999.0 -9999.0 -9999.0 -9999.0 -9999.0 -9999.0 -9999.0 -9999.0 -9999.0 -9999.0 -9999.0 -9999.0 -9999.0 -9999.0 -9999.0 -9999.0 -9999.0 -9999.0 -9999.0
-9999.0 -9999.0 -9999.0 -9999.0 -9999.0 -9999.0 -9999.0 -9999.0 -9999.0 -9999.0 -9999.0 -9999.0 -9999.0 -837.426460 1331.665675 78.308084 88.018352 -70.368206 35.618817 24.347414 21.002910 37.603942 53.113138 21.856849 -28.964763 -470.572508 -1024.625813 -624.498001 -655.818545 -756.255742 -367.793976 -488.416907 -599.374804 -747.501884 -981.557009 -979.811024 -9999.0 -9999.0 -9999.0 -9999.0 -9999.0 -9999.0 -9999.0 -9999.0 -9999.0 -9999.0 -9999.0 -9999.0 -9999.0 -9999.0 -9999.0 -9999.0 -9999.0 -9999.0 -9999.0 -9999.0 -9999.0 -9999.0 -9999.0 -9999.0
-9999.0 -9999.0 -9999.0 -9999.0 -9999.0 -9999.0 -9999.0 -9999.0 -9999.0 -9999.0 -9999.0 -9999.0 -9999.0 983.701434 49.562667 76.843464 48.791264 49.153634 -71.540239 -343.616059 -119.426936 14.402534 22.988705 -216.206886 -197.810933 -648.311051 -1219.255137 -981.347673 -978.907963 -600.965520 -474.036024 -646.698901 -981.304804 -981.440416 -981.786072 -9999.0 -9999.0 -9999.0 -9999.0 -9999.0 -9999.0 -9999.0 -9999.0 -9999.0 -9999.0 -9999.0 -9999.0 -9999.0 -9999.0 -9999.0 -9999.0 -9999.0 -9999.0 -9999.0 -9999.0 -9999.0 -9999.0 -9999.0 -9999.0 -9999.0
-9999.0 -9999.0 -9999.0 -9999.0 -9999.0 -9999.0 -9999.0 -9999.0 -9999.0 -9999.0 -9999.0 -9999.0 -9999.0 1502.911420 372.609459 1628.024071 -194.348390 53.120020 -70.047003 -193.611900 -24.641444 -1806.721605 -208.931523 -425.464068 -939.124910 -155.622399 -818.035578 -979.827619 -1011.006262 -980.011097 -641.289979 -980.298975 -979.459551 -977.383238 -978.944616 -9999.0 -9999.0 -9999.0 -9999.0 -9999.0 -9999.0 -9999.0 -9999.0 -9999.0 -9999.0 -9999.0 -9999.0 -9999.0 -9999.0 -9999.0 -9999.0 -9999.0 -9999.0 -9999.0 -9999.0 -9999.0 -9999.0 -9999.0 -9999.0 -9999.0
-9999.0 -9999.0 -9999.0 -9999.0 -9999.0 -9999.0 -9999.0 -9999.0 -9999.0 -9999.0 -9999.0 -9999.0 1491.366032 689.326924 2123.453575 -422.180616 -190.344868 200.203941 25.783855 -4670.336141 510.600146 -588.938040 -786.227807 -650.119950 -496.361548 -692.572411 -642.951261 -1320.702113 -569.660924 -980.709076 -658.059883 -906.968733 -999.920752 -978.902076 -9999.0 -9999.0 -9999.0 -9999.0 -9999.0 -9999.0 -9999.0 -9999.0 -9999.0 -9999.0 -9999.0 -9999.0 -9999.0 -9999.0 -9999.0 -9999.0 -9999.0 -9999.0 -9999.0 -9999.0 -9999.0 -9999.0 -9999.0 -9999.0 -9999.0 -9999.0
-9999.0 -9999.0 -9999.0 -9999.0 -9999.0 -9999.0 -9999.0 -9999.0 -9999.0 -9999.0 -9999.0 -667.256301 -238.715332 1103.960377 -441.833857 -918.767164 -1219.942544 1109.791098 -166.430270 -67.465155 39.575537 43.868943 -1334.485983 -671.117133 -643.560518 -374.293102 -698.565233 -1074.894885 -1023.719734 -979.505625 -926.115413 -453.564714 -974.900983 -981.926743 -1034.531227 -1159.086049 -418.323788 -509.325180 -815.190303 -9999.0 -9999.0 -9999.0 -982.390833 -9999.0 -9999.0 -9999.0 -9999.0 -9999.0 -9999.0 -9999.0 -9999.0 -9999.0 -9999.0 -9999.0 -9999.0 -9999.0 -9999.0 -9999.0 -9999.0 -9999.0
-9999.0 -9999.0 -9999.0 -9999.0 -9999.0 -9999.0 -9999.0 -9999.0 -9999.0 -9999.0 -9999.0 -1120.630557 -511.003914 1567.147223 1000.212349 -542.275185 1180.702040 168.295672 13.504946 43.949895 56.402261 55.130404 -1230.797721 -637.272673 -623.816784 -649.841116 -887.003420 -801.589117 -900.297157 -981.107890 -469.449025 -675.216946 -965.014991 -1412.614627 -1265.454225 25.861381 -383.674726 -2203.725175 -1449.872982 -301.419526 -689.696070 -1056.783471 -175.037986 -982.406724 -9999.0 -9999.0 -9999.0 -426.161324 -511.684551 -845.310062 -201.597720 -759.505664 -779.899950 1134.933630 1108.940571 -861.290860 -9999.0 -9999.0 -9999.0 -9999.0
-9999.0 -9999.0 -9999.0 -9999.0 -9999.0 -9999.0 -9999.0 -9999.0 -9999.0 -9999.0 -9999.0 -793.503292 -716.787045 -183.610836 -837.230896 -931.484265 639.779279 789.269110 76.622425 10.107826 60.593281 48.970977 -256.501464 -279.882564 -636.004418 -866.809319 -330.627077 -598.189618 -981.795373 -395.380494 -983.207786 -464.309513 -416.930785 -1389.945058 -1029.947343 22.924010 -1027.767906 -2773.182164 -6049.664763 -7201.047274 -429.202259 29.171682 63.708833 -939.307350 -1310.888186 -9999.0 -976.749913 -830.633616 -280.014492 1936.421828 1429.769777 -190.618744 2115.148973 1505.120764 1771.075695 1964.945962 -9999.0 -9999.0 -9999.0 -9999.0
-9999.0 -9999.0 -9999.0 -9999.0 -9999.0 -9999.0 -9999.0 -9999.0 -9999.0 -9999.0 -9999.0 -9999.0 -687.277156 -647.527422 1412.080008 -165.614186 -214.537486 733.160730 123.344390 12.114165 41.724486 59.983732 89.137348 284.886269 -482.959827 -329.631936 469.101424 -704.528750 -668.787023 -917.471355 -732.165560 -244.146403 -1148.561284 -1319.018901 -802.630080 -123.779394 -278.598359 -1601.740661 -5518.299722 -3674.655545 -1140.534537 -160.481648 49.006961 47.760914 -875.365151 -1042.237304 -890.114923 -899.507990 -255.040516 -222.688692 5.177058 -180.036500 681.715872 1282.581140 -666.361272 -587.912787 -153.085599 -9999.0 -9999.0 -9999.0
-9999.0 -9999.0 -9999.0 -9999.0 -9999.0 -9999.0 -9999.0 -9999.0 -9999.0 -9999.0 -9999.0 -282.558828 -762.509080 -463.684507 989.752937 1027.382714 -143.518952 625.493226 105.330449 20.525436 58.810052 80.443658 1043.608658 -303.242018 -249.808904 62.665784 -516.243771 -642.057553 -555.486869 -831.932049 -206.268372 474.075764 66.859849 -1446.255995 -849.905671 -1378.980913 7.546889 -637.018777 -647.784058 -4041.849693 -862.276982 -685.807556 33.403259 -22485.341376 46.468944 -1247.582882 -432.279825 -316.067924 -256.337875 21.052232 -782.956489 -614.590105 -774.192650 -803.658781 -979.293835 -961.118740 -685.851971 -9999.0 -9999.0 -9999.0
-9999.0 -9999.0 -9999.0 -9999.0 -9999.0 -9999.0 -9999.0 -9999.0 -9999.0 -9999.0 -751.656043 717.359365 -188.279519 -571.466086 1798.720961 504.784998 -251.985732 -91.296760 -211.817390 19.678700 57.528996 77.006151 -358.983171 26.884235 38.094498 -242.919877 -607.328084 -799.723095 1510.248337 54.370698 88.277846 -556.680036 -1047.415927 -779.046279 -981.364660 -973.037301 -471.529373 -217.650296 -201.014354 -743.865146 -993.671520 -85.446655 -83.723479 29.858119 6.850122 -815.826442 -474.172116 63.705964 62.762524 11.368544 -837.223221 -969.804125 -978.427286 -963.269155 -963.832513 1906.930195 1954.169652 -9999.0 -9999.0 -9999.0
-9999.0 -9999.0 -9999.0 -9999.0 -9999.0 -9999.0 -9999.0 -9999.0 -9999.0 -673.847686 -1174.695982 -458.430298 -10.224952 -220.373260 1259.835431 -390.426621 -597.661179 -35.453415 32.870084 -157.476708 30.371724 -777.432482 24.060067 13.820724 -203.519649 -663.828964 -302.655512 45.274590 51.401485 52.390156 15.954943 -643.842523 -982.793014 -980.708232 -981.189878 -984.607826 -629.954834 -592.234763 -728.622424 20.327950 -228.942907 -591.726028 -611.328008 17.469160 25.815195 30.768035 46.884401 -498.904824 -258.924661 6.791682 -199.730808 -709.480908 -971.888812 -971.900183 -798.024637 -441.861796 1511.852935 -61.490333 -423.583937 -9999.0
-9999.0 -9999.0 -9999.0 -9999.0 -9999.0 -9999.0 -9999.0 -9999.0 -9999.0 -1220.934251 -743.087638 -1031.349459 620.587841 -12.143554 894.311270 -189.951454 2082.448433 39.655558 32.328239 -722.194162 -426.786800 -372.413203 13.586054 -12.938067 -570.346374 -208.760917 17.787245 28.925635 13.794211 -191.929121 -440.147222 -539.771257 -641.962402 -1291.025960 -840.601093 -930.820628 -965.425754 -1026.086836 -776.720837 -626.474499 -636.029429 -728.676361 -445.171009 -239.131223 18.828157 4.617051 10.627517 22.056256 28.946869 12.326977 -607.296717 -274.730940 -968.394760 -737.141783 -958.099692 -414.575206 1570.713977 930.277491 -71.355088 -9999.0
-9999.0 -9999.0 -9999.0 -9999.0 -9999.0 -9999.0 -9999.0 -9999.0 -9999.0 -9999.0 -1106.455207 -956.970768 -239.416533 479.333792 44.759151 37.111881 11.781053 39.723254 45.760839 -391.704683 22.653149 49.316310 1291.573543 1367.568673 -230.168006 31.550788 23.292157 13.707037 -233.796792 -725.008250 -680.742675 -473.094417 -732.143184 -647.564242 -854.736223 111.428171 -98.700104 75.760725 -883.117647 -717.209820 -731.268382 -779.200223 -538.312275 -508.874985 -624.855668 -194.962594 59.240776 19.275290 13.756078 36.145783 53.780952 -393.071947 -658.054798 -963.340361 -710.825336 -671.256167 -297.525588 1345.398459 50.859687 -392.360103
-9999.0 -9999.0 -9999.0 -9999.0 -9999.0 -9999.0 -9999.0 -9999.0 -9999.0 -9999.0 -1081.428263 -1078.510161 -1203.647595 1129.379457 19.573151 33.056098 -287.328717 10.681446 -381.632599 -841.049407 -760.950524 -573.670728 -481.208695 -597.470323 -280.683977 21.468943 -3.194587 29.946849 -537.607499 -779.965974 -702.110241 -1345.387855 -849.322507 -654.039152 -662.341231 -657.155598 698.916025 84.864250 -340.832296 -718.499609 -1254.677728 -826.431366 -589.079110 -714.518877 -709.379718 -319.517844 -544.917653 -365.115823 87.960042 18.764965 74.317358 -276.283936 891.427455 -631.624380 -849.939613 -664.621027 -655.898308 1807.779455 118.101445 58.699884
-9999.0 -9999.0 -9999.0 -9999.0 -9999.0 -9999.0 -9999.0 -9999.0 -112.116486 1184.744799 -877.027163 -1198.782749 -597.007313 -625.391674 1104.120166 18.487431 -147.858359 -333.298718 -1427.703037 -1122.513384 -1744.624272 -582.920926 -464.859582 -505.290064 -361.954703 16.791446 49.363672 -441.531625 -556.061389 -748.289124 -980.754111 -737.565574 -772.231686 -642.506185 -1277.649294 -649.538841 -624.280300 83.660431 -574.595332 -835.294518 -980.836693 -728.542356 -759.331265 -974.589154 -411.566757 1200.977811 -604.196353 1230.802485 51.124993 16.843206 73.482646 93.757307 641.483586 -465.838068 -395.990503 2124.582240 -57.741664 41.693842 27.211936 58.864636
-9999.0 -9999.0 -9999.0 -9999.0 -9999.0 -9999.0 -9999.0 -9999.0 -790.697039 -149.932077 -261.388563 -762.121006 -1120.553874 -76.139067 770.895624 42.655202 40.509887 -221.693125 -295.220379 -1238.037920 -1066.910116 -1626.229253 -858.141159 -522.623956 -494.824947 16.926572 89.354979 -236.791917 -731.838932 -1189.350034 -1222.484155 -812.754135 -1245.032160 -858.776299 -594.556971 -378.409894 1.744633 101.900194 -215.042157 -403.315311 -687.275717 -1733.613474 -970.323254 -204.664354 -185.398787 -562.185168 -785.343357 -679.152358 -616.957342 59.275559 16.820852 58.438332 1065.923498 1728.138961 45.420071 -169.728830 38.643589 34.986052 31.468240 12.501370
-9999.0 -9999.0 -9999.0 -9999.0 -9999.0 -9999.0 -9999.0 -9999.0 -631.125343 -479.045320 1994.082439 -299.178045 -202.586306 -771.899564 23.457790 -218.970414 -368.125165 -365.311644 -957.864727 -857.225343 -1560.616092 -1505.312435 -1593.591322 -1858.015555 18.733617 60.550314 61.096907 -282.005719 -832.190170 -726.347889 -799.772759 -271.579308 -153.005712 -195.773093 -246.553071 163.923228 -434.651015 27.173471 -485.339323 -347.405916 -1005.560242 -720.902092 -297.575263 -551.774416 -598.243323 -654.893868 -642.795241 1330.014870 -705.413701 39.717924 4.869857 56.274256 51.035893 35.905881 41.791265 59.643065 45.453966 36.095181 46.655269 80.434671
-9999.0 -9999.0 -9999.0 -9999.0 -9999.0 -9999.0 -9999.0 -9999.0 -980.884868 -215.015294 130.180627 -1003.276684 1660.518721 46.790380 44.642113 28.613208 24.398169 15.394382 -112.475409 -429.139424 -832.617107 -987.931737 -852.937723 -707.829486 2.215954 44.030959 1263.547656 -250.910171 -18.425353 73.355560 -339.825904 -160.193519 73.580109 105.958760 -371.872788 -186.806799 -171.779905 18.822540 57.779411 -306.235565 -344.203210 -168.003404 1708.336458 -224.687402 1796.594819 -465.739642 2199.967614 -176.390787 2077.834119 26.327526 16.640529 14.735793 43.111359 19.325150 36.474568 53.461016 70.032566 182.529859 8.368277 13.274890
-9999.0 -9999.0 -9999.0 -9999.0 -9999.0 -9999.0 -9999.0 -9999.0 -743.272009 -210.762799 1013.390720 40.870771 61.875584 52.361860 41.807045 15.096268 14.338259 42.185100 35.242830 35.380359 -335.566805 -837.129007 -751.216764 -636.831772 -377.688777 -270.089272 -516.285870 17.168796 25.017289 94.141488 49.248282 61.293506 121.344832 56.567285 39.335784 31.771762 39.994667 19.152228 62.233512 45.571011 25.461946 48.534549 79.025846 53.990412 -144.130535 1227.418569 52.126786 90.557776 28.199145 23.430271 25.456099 -113.128639 20.235207 19.699156 202.525963 205.824738 13.946410 14.469388 131.058113 66.220322
-9999.0 -9999.0 -483.242272 -309.085195 -320.756968 -153.724877 -184.251739 -248.678924 -255.745408 -869.546299 -567.952749 204.984699 79.736316 58.597275 19.441047 14.921582 50.220527 -467.023674 -793.429636 41.749710 27.191757 21.797140 11.934293 -779.790791 -492.880459 -400.447025 -269.534968 -185.945470 53.686661 63.733032 -193.835292 28.534995 245.290171 38.177003 34.093160 25.573080 31.151587 20.644740 47.889662 32.749829 29.790224 41.297216 88.005771 52.732740 38.955933 44.767061 49.378095 65.033010 43.519205 29.504312 24.337365 56.386562 12.861468 15.502326 16.500105 28.380824 164.127970 104.743115 73.348166 64.745033
