erum2020/resources/simulation/Vinschgau/output-maps/psiL0001N0025.asc
ncols         63
nrows         48
xllcorner     598000.000000
yllcorner     5145000.000000
cellsize      1000.000000
NODATA_value  -9999.0
[rows 0 to 25 of 48, columns 0 to 58 of 63]
-9999.0 -9999.0 -9999.0 -9999.0 -9999.0 -9999.0 -9999.0 -9999.0 -9999.0 -9999.0 -9999.0 -9999.0 -9999.0 -9999.0 -9999.0 -9999.0 -9999.0 -9999.0 -9999.0 -9999.0 -9999.0 -9999.0 -9999.0 -9999.0 -9999.0 -9999.0 -9999.0 -9999.0 -9999.0 -9999.0 -9999.0 -9999.0 -9999.0 -9999.0 -9999.0 -9999.0 -9999.0 -9999.0 -9999.0 -9999.0 -9999.0 -9999.0 -9999.0 -9999.0 -9999.0 -9999.0 -9999.0 -9999.0 -9999.0 -9999.0 -9999.0 -9999.0 -9999.0 -9999.0 -9999.0 -9999.0 -9999.0 -9999.0 -9999.0
-9999.0 -9999.0 -9999.0 -9999.0 -9999.0 -9999.0 -9999.0 -9999.0 -9999.0 -9999.0 -9999.0 -9999.0 -9999.0 -9999.0 -9999.0 -9999.0 -9999.0 -9999.0 -9999.0 -9999.0 -9999.0 -9999.0 -9999.0 -9999.0 -9999.0 -9999.0 -9999.0 -42.334363 1600.687359 -42.592287 -406.718180 -504.418642 -507.954973 -9999.0 -9999.0 -9999.0 -9999.0 -9999.0 -9999.0 -9999.0 -9999.0 -9999.0 -9999.0 -9999.0 -9999.0 -9999.0 -9999.0 -9999.0 -9999.0 -9999.0 -9999.0 -9999.0 -9999.0 -9999.0 -9999.0 -9999.0 -9999.0 -9999.0 -9999.0
-9999.0 -9999.0 -9999.0 -9999.0 -9999.0 -9999.0 -9999.0 -9999.0 -9999.0 -9999.0 -9999.0 -9999.0 -9999.0 -9999.0 -9999.0 -9999.0 -9999.0 -9999.0 -9999.0 -9999.0 -9999.0 -9999.0 -9999.0 -9999.0 -166.038846 1895.401653 2023.457400 1824.181730 1909.252303 1860.459800 -465.058411 -9999.0 -9999.0 -9999.0 -9999.0 -9999.0 -9999.0 -9999.0 -9999.0 -9999.0 -9999.0 -9999.0 -9999.0 -9999.0 -9999.0 -9999.0 -9999.0 -9999.0 -9999.0 -9999.0 -9999.0 -9999.0 -9999.0 -9999.0 -9999.0 -9999.0 -9999.0 -9999.0 -9999.0
-9999.0 -9999.0 -9999.0 -9999.0 -9999.0 -9999.0 -9999.0 -9999.0 -9999.0 -9999.0 -9999.0 -9999.0 -9999.0 -9999.0 -9999.0 -9999.0 -9999.0 -9999.0 -9999.0 -9999.0 -9999.0 -9999.0 -9999.0 1945.527002 1652.304908 1733.565685 1936.202233 1930.384441 1950.729415 1855.004466 1829.994125 -578.695351 -9999.0 -9999.0 -9999.0 -9999.0 -9999.0 -9999.0 -9999.0 -9999.0 -9999.0 -9999.0 -9999.0 -9999.0 -9999.0 -9999.0 -9999.0 -9999.0 -9999.0 -9999.0 -9999.0 -9999.0 -9999.0 -9999.0 -9999.0 -9999.0 -9999.0 -9999.0 -9999.0
-9999.0 -9999.0 -9999.0 -9999.0 -9999.0 -9999.0 -9999.0 -9999.0 -9999.0 -9999.0 -9999.0 -9999.0 -9999.0 -9999.0 -9999.0 -9999.0 -9999.0 -9999.0 -87.210254 -19.518828 -9999.0 -21.499687 2009.636891 1836.090257 -116.685389 -435.472517 2548.718168 2298.075089 468.148089 1681.292244 1648.565538 1769.390292 -44.712583 -45.254909 -9999.0 -9999.0 -9999.0 -9999.0 -9999.0 -9999.0 -9999.0 -9999.0 -9999.0 -9999.0 -9999.0 -9999.0 -9999.0 -9999.0 -9999.0 -9999.0 -9999.0 -9999.0 -9999.0 -9999.0 -9999.0 -9999.0 -9999.0 -9999.0 -9999.0
-9999.0 -9999.0 -9999.0 -9999.0 -9999.0 -9999.0 -9999.0 -9999.0 -9999.0 -9999.0 -9999.0 -9999.0 -9999.0 -9999.0 -9999.0 -9999.0 -9999.0 -939.164993 -875.857389 -50.720295 -57.493039 -140.691038 1772.667734 -75.514500 -137.638037 -415.200824 -1324.676578 -1007.892852 -1206.973626 -100.404980 2084.922223 1825.050924 -65.287087 -64.241337 -45.346035 -255.083005 -9999.0 -9999.0 -9999.0 -9999.0 -9999.0 -9999.0 -9999.0 -9999.0 -9999.0 -9999.0 -9999.0 -9999.0 -9999.0 -9999.0 -9999.0 -9999.0 -9999.0 -9999.0 -9999.0 -9999.0 -9999.0 -9999.0 -9999.0
-9999.0 -9999.0 -9999.0 -9999.0 -9999.0 -9999.0 -9999.0 -9999.0 -9999.0 -9999.0 -9999.0 -9999.0 -9999.0 -152.932701 -98.444134 -743.400089 -871.708214 -35.834021 -819.141426 -149.402961 -180.372452 526.250750 -560.839721 897.404802 -179.242798 -543.474332 -669.368424 -1227.611156 -1305.143408 -1252.525149 -795.560696 -700.712434 -721.940355 -438.269273 -207.902829 -276.922734 -9999.0 -9999.0 -9999.0 -9999.0 -9999.0 -9999.0 -9999.0 -9999.0 -9999.0 -9999.0 -9999.0 -9999.0 -9999.0 -9999.0 -9999.0 -9999.0 -9999.0 -9999.0 -9999.0 -9999.0 -9999.0 -9999.0 -9999.0
-9999.0 -9999.0 -9999.0 -9999.0 -9999.0 -9999.0 -9999.0 -9999.0 -9999.0 -9999.0 -9999.0 -9999.0 -9999.0 -56.255243 -144.290746 -824.263073 -827.089169 -117.398421 -36.559428 -651.094870 -572.470222 1371.566072 -244.588760 -857.157208 -94.311058 -612.604205 1773.953316 -146.875011 -116.953645 -537.171182 -1276.805760 -499.020499 -189.783639 -242.993902 -245.783228 -9999.0 -9999.0 -9999.0 -9999.0 -9999.0 -9999.0 -9999.0 -9999.0 -9999.0 -9999.0 -9999.0 -9999.0 -9999.0 -9999.0 -9999.0 -9999.0 -9999.0 -9999.0 -9999.0 -9999.0 -9999.0 -9999.0 -9999.0 -9999.0
-9999.0 -9999.0 -9999.0 -9999.0 -9999.0 -9999.0 -9999.0 -9999.0 -9999.0 -9999.0 -9999.0 -9999.0 -9999.0 1488.534438 -186.857944 -896.790918 -797.065006 -806.819626 -35.217331 -581.912844 -125.299778 -120.807715 -655.984539 -1193.095504 1303.406291 -809.430376 -39.210987 -173.331651 1721.558855 -169.633225 -487.043373 -224.831979 -257.359371 -339.986184 -289.941023 -9999.0 -9999.0 -9999.0 -9999.0 -9999.0 -9999.0 -9999.0 -9999.0 -9999.0 -9999.0 -9999.0 -9999.0 -9999.0 -9999.0 -9999.0 -9999.0 -9999.0 -9999.0 -9999.0 -9999.0 -9999.0 -9999.0 -9999.0 -9999.0
-9999.0 -9999.0 -9999.0 -9999.0 -9999.0 -9999.0 -9999.0 -9999.0 -9999.0 -9999.0 -9999.0 -9999.0 1615.279138 930.902215 -674.231312 -398.626377 -630.969744 -807.544794 -499.097021 -43.876941 -514.690077 -732.476634 -638.326194 -791.551803 -136.966229 -478.885487 -1172.489003 -295.866361 1897.436615 -197.807176 -471.593769 -44.477112 1584.189352 -305.400868 -9999.0 -9999.0 -9999.0 -9999.0 -9999.0 -9999.0 -9999.0 -9999.0 -9999.0 -9999.0 -9999.0 -9999.0 -9999.0 -9999.0 -9999.0 -9999.0 -9999.0 -9999.0 -9999.0 -9999.0 -9999.0 -9999.0 -9999.0 -9999.0 -9999.0
-9999.0 -9999.0 -9999.0 -9999.0 -9999.0 -9999.0 -9999.0 -9999.0 -9999.0 -9999.0 -9999.0 -236.235911 -207.310946 -750.086064 -595.513247 -434.762343 -225.659217 -792.638516 -500.581448 -42.887658 -900.891937 -134.980263 -111.326437 -454.363849 -169.950349 -564.271540 -438.686996 1775.634667 -143.753287 -240.268163 -44.300674 1954.344851 -60.269554 -67.418605 -63.661537 -64.731870 -146.328723 1894.280860 -132.065655 -9999.0 -9999.0 -9999.0 -101.142659 -9999.0 -9999.0 -9999.0 -9999.0 -9999.0 -9999.0 -9999.0 -9999.0 -9999.0 -9999.0 -9999.0 -9999.0 -9999.0 -9999.0 -9999.0 -9999.0
-9999.0 -9999.0 -9999.0 -9999.0 -9999.0 -9999.0 -9999.0 -9999.0 -9999.0 -9999.0 -9999.0 -201.033213 -882.882101 -291.145989 -148.597489 -693.599962 -199.200570 -976.853190 -581.576483 -680.176144 -161.790306 1802.944319 -192.799364 -745.487182 -362.253050 -333.991146 -99.457791 1902.927927 -43.100059 -248.198732 1763.281443 -147.744321 1575.956093 -419.859752 -204.498941 1225.107729 1845.833534 1940.411408 1957.783473 -64.239073 -60.626184 -61.784883 1683.753368 -84.114240 -9999.0 -9999.0 -9999.0 935.444770 781.561773 -41.963779 878.567622 -39.279204 -39.529438 845.780678 927.567823 -39.983740 -9999.0 -9999.0 -9999.0
-9999.0 -9999.0 -9999.0 -9999.0 -9999.0 -9999.0 -9999.0 -9999.0 -9999.0 -9999.0 -9999.0 -156.893925 -442.312101 -685.121531 -61.412508 -130.363561 -182.088218 -760.207995 -726.960741 -640.257212 -831.667299 -187.131996 -136.860800 -76.076428 -466.717292 -42.603797 -124.684753 -771.630353 -221.640900 -500.768578 -261.193122 -181.399307 -88.233235 -218.461842 -93.099848 1742.196050 -147.073844 -767.652501 -102.113671 -54.328123 1799.005033 1298.224023 1597.443146 1757.196148 623.716387 -9999.0 -144.405176 -49.873925 929.593228 -401.033828 126.404632 147.616198 -170.628729 -382.443442 87.080597 936.836542 -9999.0 -9999.0 -9999.0
-9999.0 -9999.0 -9999.0 -9999.0 -9999.0 -9999.0 -9999.0 -9999.0 -9999.0 -9999.0 -9999.0 -9999.0 -421.323301 -657.000505 -128.278630 -132.726196 -1062.567410 -855.560355 -617.611336 -571.693359 -826.016543 -127.466947 -102.850475 -138.044187 -167.851609 -128.710156 1813.643569 -492.739531 -100.424290 -42.765841 1467.609518 1440.540031 -30.545126 -203.626213 -571.450598 -275.844981 -1213.189609 -616.210376 -313.709809 -135.392463 -125.051650 -57.131519 -136.461135 2052.191376 -43.628966 1043.379455 -44.831257 -171.941153 -650.335301 1722.358138 1542.461359 -260.761048 1301.753451 -426.394680 -371.426024 -362.754187 -236.696029 -9999.0 -9999.0
-9999.0 -9999.0 -9999.0 -9999.0 -9999.0 -9999.0 -9999.0 -9999.0 -9999.0 -9999.0 -9999.0 -140.129764 -637.425716 -143.378184 -137.989756 -182.573420 -183.001478 -793.109617 -397.519967 -696.177273 -884.555343 -921.014867 -441.272749 -139.752681 1385.092533 -136.145183 -187.987911 -453.736883 1621.045130 -41.389407 -136.138997 -140.850387 2155.581890 -334.151547 -578.505323 -796.952456 -1024.807755 -1072.017957 787.672395 1458.366220 -130.985568 637.799426 185.069561 -47.695394 1991.422644 1428.715306 1307.994258 74.492316 -12.010019 -121.131800 -226.915961 -427.760794 -388.217690 -393.327786 -809.924869 -59.184827 -33.840937 -9999.0 -9999.0
-9999.0 -9999.0 -9999.0 -9999.0 -9999.0 -9999.0 -9999.0 -9999.0 -9999.0 -9999.0 -134.875645 -139.632353 -122.178477 -128.889708 -128.180926 782.259856 -741.419321 -1068.835044 -845.791586 -838.654052 -584.520907 -141.421315 -141.931102 1962.220593 1694.195982 -429.090256 -709.405254 -61.680958 1850.230703 2009.021929 1830.476564 -772.412732 -648.259328 -477.174971 -357.689935 -107.572220 1697.764089 -855.667958 -1035.061816 -425.349423 -344.939700 -43.391895 -19.555626 -595.263795 -40.862468 -45.172271 1332.930418 1579.487629 1096.744840 -122.706071 -74.931510 -84.524382 -902.503711 -75.890371 -67.886315 811.352691 785.277059 -9999.0 -9999.0
-9999.0 -9999.0 -9999.0 -9999.0 -9999.0 -9999.0 -9999.0 -9999.0 -9999.0 -383.181246 -179.131002 -853.034721 967.389314 -135.205884 1235.909454 -917.123848 -825.747891 1898.148310 -860.112564 -895.943766 -644.019888 -707.707073 404.802384 -146.336441 -124.242032 -435.629931 1525.885561 2042.445999 1848.906125 -175.125997 1005.403017 -412.188509 -287.806087 -259.693756 -40.042178 -225.064659 -413.694910 -652.777405 -957.332217 -595.715270 -499.026545 -500.636120 -544.981325 -482.388008 -517.506466 -157.372952 2341.791771 1667.628851 1614.762744 1095.306599 1567.014461 -36.599695 -105.948503 -36.265803 -37.036345 -110.621962 943.540846 7.553059 -32.920075
-9999.0 -9999.0 -9999.0 -9999.0 -9999.0 -9999.0 -9999.0 -9999.0 -9999.0 -634.176790 -417.032581 -319.862564 -268.842554 -278.521568 -44.495573 -180.083099 -123.825693 -610.025685 -1009.165220 -753.073425 -703.387276 -665.759736 1317.533738 2206.706803 -709.613062 1474.650812 -132.790447 -56.815495 533.614386 -132.815315 -196.460363 -106.294934 -393.876820 -351.740994 247.524347 -61.103250 -63.065538 -64.378971 -519.836984 -353.683875 -558.662513 -483.240066 -134.164569 -59.703714 -484.307548 -519.956148 -540.428352 580.954831 2407.995663 -79.071320 1208.895492 748.974261 -35.591370 -90.466129 -34.020372 -135.350934 -351.229138 636.312106 -3.329684
-9999.0 -9999.0 -9999.0 -9999.0 -9999.0 -9999.0 -9999.0 -9999.0 -9999.0 -9999.0 -621.483447 -146.571323 -753.312976 -828.681570 -566.256208 -388.695521 -260.492129 -609.908974 -1217.445488 -704.395507 -666.515603 -846.464290 -332.858022 -331.608429 1395.469753 1759.024598 1339.497408 446.948509 -587.841539 -547.552013 -460.988625 -190.224165 -554.176182 -437.487915 1968.006947 2074.098037 2020.941513 1997.281454 -42.702086 -438.326286 -427.201594 1888.605730 1652.339879 -892.955123 -105.433448 -115.005272 -212.940461 1506.887024 -441.269347 -155.446805 1503.812986 1132.406630 -34.420537 -35.456165 -388.674064 -94.885791 -208.824833 2228.320961 2013.787148
-9999.0 -9999.0 -9999.0 -9999.0 -9999.0 -9999.0 -9999.0 -9999.0 -9999.0 -9999.0 -581.599190 -146.897355 -554.831629 -742.009909 -597.731898 -922.833182 -1006.251220 -946.112944 -1384.364100 -717.700220 -977.227684 -573.678907 233.004928 537.154358 1903.773476 -175.195048 -354.808199 -198.083116 -929.554927 -478.516925 -476.214805 -462.117063 -62.617640 -428.928235 -468.197769 -481.262807 1161.466877 1500.091096 -182.745977 -485.239099 -524.287188 -39.773086 -631.420121 -475.350689 -439.142449 -1167.952290 -509.792943 974.376748 -584.915435 -334.733914 -152.311526 978.415592 1037.700685 -31.758585 -38.942262 -34.631233 -235.159350 -402.789448 -455.494318
-9999.0 -9999.0 -9999.0 -9999.0 -9999.0 -9999.0 -9999.0 -9999.0 -125.224747 -128.089627 1854.320239 -496.548558 -859.039702 -674.901890 -862.151387 -634.753015 -733.775720 -749.378833 -747.178169 -852.766651 -1139.027934 -1016.308892 -965.618038 -428.959065 316.422940 -508.908692 -108.672369 -1160.265631 -1181.898095 -717.528288 -262.833220 -452.227664 -103.375611 -348.499595 -498.853813 -473.996643 -458.292082 -142.196983 -121.746329 -41.676793 -87.836021 -478.200820 -372.774198 -87.103411 -2.185512 -184.629848 -492.726165 -966.407314 1819.837509 -250.653974 -115.130709 1846.480603 1270.739383 21115.464490 -33.358398 4.258918 -5.859759 -341.811626 974.247512
-9999.0 -9999.0 -9999.0 -9999.0 -9999.0 -9999.0 -9999.0 -9999.0 -99.332664 -137.714797 -135.160603 -601.274689 -592.161166 -697.638397 -774.200502 -807.445141 -821.509324 -794.527656 -1261.359322 -711.148201 -845.729397 -883.264939 -810.577741 -630.419387 -840.223627 -681.854731 -561.042383 -584.804845 -275.169177 -333.566121 -319.464683 -39.160669 -397.055178 -40.586694 -280.239629 1393.787972 420.069636 1843.660061 -134.293105 1205.926233 -471.401319 -497.222204 -73.415797 1003.572573 -259.912917 -1169.925229 -146.238280 -91.879654 -414.522806 -414.729545 -272.598626 2052.699728 677.387068 716.713014 446.738644 -17.782605 1957.444693 1835.083689 -473.266121
-9999.0 -9999.0 -9999.0 -9999.0 -9999.0 -9999.0 -9999.0 -9999.0 -269.868063 1699.110539 -121.243722 -113.129651 -118.402316 -268.805138 -129.005103 -337.273611 -860.885897 -749.922195 -1218.828354 -720.954675 -653.262962 -858.243451 -882.530859 -841.483829 -680.474887 -747.526954 -118.580126 -345.741577 -60.473404 1795.365093 -38.277447 1664.430943 1787.987355 1848.198901 1057.232822 1599.885897 -697.301044 -122.722041 1349.824048 -447.824590 -422.881662 -36.880779 -303.677129 -323.171120 -538.293623 -235.586433 -34.605437 80.489766 -434.775753 2273.869611 -610.252401 1045.536513 1862.115371 1482.385406 1793.514954 -145.675974 -182.237343 -501.476703 -612.030145
-9999.0 -9999.0 -9999.0 -9999.0 -9999.0 -9999.0 -9999.0 -9999.0 -385.960523 -189.368159 700.982973 -54.073698 2038.796121 -138.964520 -731.809124 -788.024546 -1154.786807 -805.674286 -496.695472 -1127.414337 -802.382726 -478.631675 -476.651556 -675.636033 -794.864369 -150.056530 -198.446025 -119.048425 1656.476820 606.460897 1698.986394 1712.564621 1905.716971 1814.324535 1119.195966 193.275405 112.984094 -114.717018 1504.809294 1479.285813 1097.953645 727.161969 505.717929 161.531660 905.595239 23.030416 -403.651032 -2.799564 -416.757478 1914.258875 2275.123538 -549.823683 1038.964174 1796.428119 548.835762 -332.184226 -564.809813 674.709452 -412.917061
-9999.0 -9999.0 -9999.0 -9999.0 -9999.0 -9999.0 -9999.0 -9999.0 -120.044849 -177.501423 -143.855283 1917.463761 846.657194 -543.655719 -531.754269 -758.539125 -308.031341 -733.629509 -743.541890 -766.152196 -1016.598175 -469.448540 -465.431398 -750.587875 -646.522220 483.853241 1702.860751 1999.504610 612.733813 -152.316752 -124.578824 -98.209335 529.484747 1386.943535 1590.786410 1800.975459 2141.994997 -163.754869 1959.161317 1879.541440 1845.776075 1660.563277 2030.777539 1733.502723 1584.162979 -338.498665 1794.440578 2020.779024 2043.512798 882.398782 -277.039167 -394.343208 -399.020050 -377.904999 -71.051196 376.573633 121.244485 -201.765219 -575.905698
-9999.0 -9999.0 1916.208997 1958.070117 -713.541097 1405.168966 -142.330427 1353.524324 214.105891 -376.307800 -128.546613 -573.312643 -409.171264 -385.063663 -607.807675 -438.521813 -658.606807 -605.128134 -681.598114 -722.903311 -784.338056 -1070.284745 -349.099478 66.149688 -718.074097 -732.878695 500.394931 642.546117 -691.563665 1165.753531 1607.651625 -128.974861 -442.050409 -44.250739 841.259229 2600.225344 557.408304 -343.884243 -300.820663 1878.517012 2160.280061 842.728346 718.817852 -152.234250 2079.607786 2141.225813 790.598602 -174.450437 -520.810013 -643.635168 -654.844500 -542.774351 -511.174292 -428.443382 425.120280 635.366367 -470.721355 -509.278771 -391.214863
