erum2020/resources/simulation/Vinschgau/output-maps/psiL0006N0963.asc
ncols         63
nrows         48
xllcorner     598000.000000
yllcorner     5145000.000000
cellsize      1000.000000
NODATA_value  -9999.0
[rows 0 to 25 of 48, columns 0 to 58 of 63]
-9999.0 -9999.0 -9999.0 -9999.0 -9999.0 -9999.0 -9999.0 -9999.0 -9999.0 -9999.0 -9999.0 -9999.0 -9999.0 -9999.0 -9999.0 -9999.0 -9999.0 -9999.0 -9999.0 -9999.0 -9999.0 -9999.0 -9999.0 -9999.0 -9999.0 -9999.0 -9999.0 -9999.0 -9999.0 -9999.0 -9999.0 -9999.0 -9999.0 -9999.0 -9999.0 -9999.0 -9999.0 -9999.0 -9999.0 -9999.0 -9999.0 -9999.0 -9999.0 -9999.0 -9999.0 -9999.0 -9999.0 -9999.0 -9999.0 -9999.0 -9999.0 -9999.0 -9999.0 -9999.0 -9999.0 -9999.0 -9999.0 -9999.0 -9999.0
-9999.0 -9999.0 -9999.0 -9999.0 -9999.0 -9999.0 -9999.0 -9999.0 -9999.0 -9999.0 -9999.0 -9999.0 -9999.0 -9999.0 -9999.0 -9999.0 -9999.0 -9999.0 -9999.0 -9999.0 -9999.0 -9999.0 -9999.0 -9999.0 -9999.0 -9999.0 -9999.0 -796.197075 -33.285028 -797.521407 -24.948980 -43.225295 -12.834430 -9999.0 -9999.0 -9999.0 -9999.0 -9999.0 -9999.0 -9999.0 -9999.0 -9999.0 -9999.0 -9999.0 -9999.0 -9999.0 -9999.0 -9999.0 -9999.0 -9999.0 -9999.0 -9999.0 -9999.0 -9999.0 -9999.0 -9999.0 -9999.0 -9999.0 -9999.0
-9999.0 -9999.0 -9999.0 -9999.0 -9999.0 -9999.0 -9999.0 -9999.0 -9999.0 -9999.0 -9999.0 -9999.0 -9999.0 -9999.0 -9999.0 -9999.0 -9999.0 -9999.0 -9999.0 -9999.0 -9999.0 -9999.0 -9999.0 -9999.0 -103.586190 -107.580652 -92.198527 -88.607502 -56.087524 -28.224156 -28.696414 -9999.0 -9999.0 -9999.0 -9999.0 -9999.0 -9999.0 -9999.0 -9999.0 -9999.0 -9999.0 -9999.0 -9999.0 -9999.0 -9999.0 -9999.0 -9999.0 -9999.0 -9999.0 -9999.0 -9999.0 -9999.0 -9999.0 -9999.0 -9999.0 -9999.0 -9999.0 -9999.0 -9999.0
-9999.0 -9999.0 -9999.0 -9999.0 -9999.0 -9999.0 -9999.0 -9999.0 -9999.0 -9999.0 -9999.0 -9999.0 -9999.0 -9999.0 -9999.0 -9999.0 -9999.0 -9999.0 -9999.0 -9999.0 -9999.0 -9999.0 -9999.0 -110.354755 -69.681932 -616.456015 -615.256582 -3340.430931 -362.214379 -38.884223 -32.064959 -26.521455 -9999.0 -9999.0 -9999.0 -9999.0 -9999.0 -9999.0 -9999.0 -9999.0 -9999.0 -9999.0 -9999.0 -9999.0 -9999.0 -9999.0 -9999.0 -9999.0 -9999.0 -9999.0 -9999.0 -9999.0 -9999.0 -9999.0 -9999.0 -9999.0 -9999.0 -9999.0 -9999.0
-9999.0 -9999.0 -9999.0 -9999.0 -9999.0 -9999.0 -9999.0 -9999.0 -9999.0 -9999.0 -9999.0 -9999.0 -9999.0 -9999.0 -9999.0 -9999.0 -9999.0 -9999.0 -312.413832 -103.126637 -9999.0 -106.656675 -73.414595 -927.476974 -492.500645 -2901.181271 -368.271720 -298.220311 -44.560013 -541.976863 -36.640105 -27.354567 -797.601116 -796.998638 -9999.0 -9999.0 -9999.0 -9999.0 -9999.0 -9999.0 -9999.0 -9999.0 -9999.0 -9999.0 -9999.0 -9999.0 -9999.0 -9999.0 -9999.0 -9999.0 -9999.0 -9999.0 -9999.0 -9999.0 -9999.0 -9999.0 -9999.0 -9999.0 -9999.0
-9999.0 -9999.0 -9999.0 -9999.0 -9999.0 -9999.0 -9999.0 -9999.0 -9999.0 -9999.0 -9999.0 -9999.0 -9999.0 -9999.0 -9999.0 -9999.0 -9999.0 -1056.241541 -853.285355 -265152.299485 -799.798808 -128.496564 -517.960397 -296.267602 -405.834576 -386.746270 -312.345121 -254.308872 -335.395226 -300.246838 -73.035838 -29.052132 -804.921499 -804.342055 -798.314487 -797.415389 -9999.0 -9999.0 -9999.0 -9999.0 -9999.0 -9999.0 -9999.0 -9999.0 -9999.0 -9999.0 -9999.0 -9999.0 -9999.0 -9999.0 -9999.0 -9999.0 -9999.0 -9999.0 -9999.0 -9999.0 -9999.0 -9999.0 -9999.0
-9999.0 -9999.0 -9999.0 -9999.0 -9999.0 -9999.0 -9999.0 -9999.0 -9999.0 -9999.0 -9999.0 -9999.0 -9999.0 -39.330481 -387.056922 -723.180838 -1177.175079 -801.401020 -1028.359459 -972.213345 -559.297753 -565.673880 -525.611674 -382.599463 -316.435506 -97.644818 -157139.895226 -240.819660 -233.366270 -328.661988 9306.896235 -41.528273 -26.789416 -24.916786 -795.681563 -797.187598 -9999.0 -9999.0 -9999.0 -9999.0 -9999.0 -9999.0 -9999.0 -9999.0 -9999.0 -9999.0 -9999.0 -9999.0 -9999.0 -9999.0 -9999.0 -9999.0 -9999.0 -9999.0 -9999.0 -9999.0 -9999.0 -9999.0 -9999.0
-9999.0 -9999.0 -9999.0 -9999.0 -9999.0 -9999.0 -9999.0 -9999.0 -9999.0 -9999.0 -9999.0 -9999.0 -9999.0 -12.532675 -520.762040 -791.094713 -1062.051325 -389.811594 -802.753534 -746.817575 -935.880991 -200.497064 -472.814570 -333.456545 -368.249566 -271.029182 -35.448429 -797.225551 -796.930963 -207.369308 -147.495327 -26.623748 -797.717015 -797.844965 -797.459395 -9999.0 -9999.0 -9999.0 -9999.0 -9999.0 -9999.0 -9999.0 -9999.0 -9999.0 -9999.0 -9999.0 -9999.0 -9999.0 -9999.0 -9999.0 -9999.0 -9999.0 -9999.0 -9999.0 -9999.0 -9999.0 -9999.0 -9999.0 -9999.0
-9999.0 -9999.0 -9999.0 -9999.0 -9999.0 -9999.0 -9999.0 -9999.0 -9999.0 -9999.0 -9999.0 -9999.0 -9999.0 -598.987583 791.450811 -623.678466 -825.208948 -977.984110 -803.387435 -1092.931122 -324.950197 -144261.002391 -400.937167 -357.036417 -355.080893 -308.480205 -797.812755 -797.587703 -28.335127 -797.867197 -26.008928 -796.303337 -797.949832 -795.132522 -797.642076 -9999.0 -9999.0 -9999.0 -9999.0 -9999.0 -9999.0 -9999.0 -9999.0 -9999.0 -9999.0 -9999.0 -9999.0 -9999.0 -9999.0 -9999.0 -9999.0 -9999.0 -9999.0 -9999.0 -9999.0 -9999.0 -9999.0 -9999.0 -9999.0
-9999.0 -9999.0 -9999.0 -9999.0 -9999.0 -9999.0 -9999.0 -9999.0 -9999.0 -9999.0 -9999.0 -9999.0 -432.611287 5324.778179 -492.541696 -337.555821 -518.202579 -722.098755 -448.960220 -149417.488883 -541.234126 -374.715271 -5552.375308 -246.514738 3454.852951 -32.976726 46.934717 -30.601823 -25.390512 -797.034819 -30.513579 -797.067610 -23.729783 -797.791819 -9999.0 -9999.0 -9999.0 -9999.0 -9999.0 -9999.0 -9999.0 -9999.0 -9999.0 -9999.0 -9999.0 -9999.0 -9999.0 -9999.0 -9999.0 -9999.0 -9999.0 -9999.0 -9999.0 -9999.0 -9999.0 -9999.0 -9999.0 -9999.0 -9999.0
-9999.0 -9999.0 -9999.0 -9999.0 -9999.0 -9999.0 -9999.0 -9999.0 -9999.0 -9999.0 -9999.0 974.355937 -267.794467 454.889547 -442.218523 1438.176348 -151838.883494 -681.799224 -155.295216 -3293.079502 -335.986258 -312.004017 -36.841042 -34.355083 -228.296937 -27.045672 -24.790294 -25.988206 3560.749992 -794.791504 -797.239522 -25.423855 -796.353948 -797.428674 -797.185981 -799.118385 -163.517641 -293.307654 -670.191613 -9999.0 -9999.0 -9999.0 -800.157948 -9999.0 -9999.0 -9999.0 -9999.0 -9999.0 -9999.0 -9999.0 -9999.0 -9999.0 -9999.0 -9999.0 -9999.0 -9999.0 -9999.0 -9999.0 -9999.0
-9999.0 -9999.0 -9999.0 -9999.0 -9999.0 -9999.0 -9999.0 -9999.0 -9999.0 -9999.0 -9999.0 830.013794 -378.260740 -226.578770 -629.465567 -54.075282 -893.597321 -958.589406 -398.802744 -329.746496 -224.055869 -44.008569 -7.738541 -140.139896 -125.598066 -27.084563 -31.987774 -27.687365 -792.824602 -797.122503 -24.695435 -23.791521 -30.479454 -23.616216 -37.307677 -37.719604 -80.453327 -269.034556 -273.110885 -801.425952 -800.215323 -796.956905 -25.494021 -796.750096 -9999.0 -9999.0 -9999.0 840.025364 -23.627342 -796.032299 -24.338177 -796.247854 -795.995555 844.377994 837.177682 -788.439494 -9999.0 -9999.0 -9999.0
-9999.0 -9999.0 -9999.0 -9999.0 -9999.0 -9999.0 -9999.0 -9999.0 -9999.0 -9999.0 -9999.0 647.123037 -116.750476 -184.146892 1012.111951 -41.224249 -288.773196 -700.522613 -401.274461 -401.554232 -438.967259 -241.675701 -185.124811 -39.350989 -26.845003 -798.602520 -141.821701 -16.249085 -796.712342 -26.029120 -796.565494 -134.402513 -27.198703 -26.951188 -796.831306 -66.898250 -181.569987 -1604.001842 -304.282246 -803.657476 -250.482430 -356.060054 -33.032648 -28.264712 -28.173458 -9999.0 -797.692457 -23.619037 -24.265544 -24.911882 -26.977068 -797.219278 -25.574838 -23.316835 -21.251966 -24.384820 -9999.0 -9999.0 -9999.0
-9999.0 -9999.0 -9999.0 -9999.0 -9999.0 -9999.0 -9999.0 -9999.0 -9999.0 -9999.0 -9999.0 -9999.0 1044.009045 1100.072487 -31.349034 -20.856644 -489.803896 -739.525509 -335.042278 -364.510762 -541.446710 -260.897916 -251.977470 -135.282582 -141.579007 -161.511378 933.130476 -35.291353 -25.043235 -796.395315 -27.418337 -130.436342 -42.230525 -25.473383 -26.932333 -70.677970 -1505.951132 -3317.438911 -2260.364589 -607.816527 -1672.646412 -801.560654 -262.899125 -38.827213 -797.855109 -25.449572 -796.914184 -24.212800 -206.647349 -135.612344 964.526700 -98.649863 1559.710770 775.711742 -98.800257 -57.421877 -59.356878 -9999.0 -9999.0
-9999.0 -9999.0 -9999.0 -9999.0 -9999.0 -9999.0 -9999.0 -9999.0 -9999.0 -9999.0 -9999.0 948.484220 -90.356088 -42.592674 -185.711157 -235.327824 -286.362718 -533.181762 -323.224761 -628.130486 -648.078980 -379.546554 -162.526287 -253.799880 -179.773829 -149.883872 979.614055 -27.365539 -32.211080 -797.942868 -132.823438 -138.017602 -25.626891 -25.219250 -27.720089 -32.711532 -257.205976 -13222.731768 -1341.465168 -290.310224 -7123.997997 -1654.776984 -232.615990 -196477.924040 -41.123083 -31.410896 -25.099595 -797.955245 -798.884843 -1369.045192 -148589.345663 -24.685523 -100.153142 -104222.646547 -136235.883150 -797.851181 -796.149213 -9999.0 -9999.0
-9999.0 -9999.0 -9999.0 -9999.0 -9999.0 -9999.0 -9999.0 -9999.0 -9999.0 -9999.0 3114.754051 -143.619535 -83.556393 -84.720512 -36.868538 -43.067231 -71.086613 -412.822593 -777.583788 -605.810193 -245.690989 -50.567521 -181.510109 -55.895863 -267.184439 3047.435939 -174.466190 -150859.909487 -37.677030 -34.986569 -145.110834 -35.962608 -29.157431 -24.315840 -797.295357 -798.475614 -75.387580 -177.073160 -1665.179683 -344.136420 -210.981241 -106397.921913 -677.332569 -254.815000 -220.002533 -798.875223 -25.772577 -246.382334 -159.084717 -235.509072 -150393.650346 -798.032724 -110848.452938 -779.732295 -797.803607 -24.795346 -24.619564 -9999.0 -9999.0
-9999.0 -9999.0 -9999.0 -9999.0 -9999.0 -9999.0 -9999.0 -9999.0 -9999.0 -26.314708 782.163889 793.013578 -158.956541 -193.221715 795.653491 -158.033136 -204.306101 -113.887092 -817.478293 -742.017270 -299.934783 -707.482762 -219.904956 -387.026734 -287.197628 -130.370829 -160.398220 -37.873830 -265.152793 -217.276238 -247.899456 -798.629011 -796.813056 -797.501649 -796.792776 -797.382870 -27.193882 -152.421863 -160.677872 -173.802828 -199.408383 -267.769538 -166.713447 -596.604210 -161.717772 -234.134088 -40.561646 -268.529446 -245.927166 -279.303570 -3315.687565 -796.906332 -791.268039 -786.656378 -796.452374 -168.594478 -103.838435 -755.211782 -795.824975
-9999.0 -9999.0 -9999.0 -9999.0 -9999.0 -9999.0 -9999.0 -9999.0 -9999.0 -21.179753 -25.709756 -28.780599 6987.026510 -285.921610 -222.249935 -198.998817 -49.051152 -297.195619 -862.885286 -460.099195 -399.867617 -568.711599 -115.740057 -152.388514 -130.737203 -180.658165 -196.907871 -252.473030 -281.252644 -186.813014 -63.684795 -136.169931 -25.838179 -25.532657 -25.146278 -799.108912 -798.790861 -798.943689 -37.641866 -29.338518 986.987671 -141.207140 -253.247764 -258.052772 -442.455879 -297.177793 -238.919967 -272.337051 -251.891738 -259.584001 -981.673560 -274.002669 -795.891026 -21.188797 -471.130634 713.408666 -152.986884 -115.165616 -779.723462
-9999.0 -9999.0 -9999.0 -9999.0 -9999.0 -9999.0 -9999.0 -9999.0 -9999.0 -9999.0 -27.956411 -26.809036 -112.257884 2916.982032 -235.056151 -227.587033 -275.839850 -266.473796 -895.265617 -538.733467 -341.332850 -258.371773 -327.976109 -153.930745 -188.033168 -224.475629 -279.565608 -111.344799 -66.003647 -129.719724 -107.547641 5527.096366 -154.401340 -23.980901 -25.966301 -27.461863 -120.787630 -27.919386 -797.006130 -25.381035 -29.851278 209.076878 6590.945559 -153.487787 -151.440011 -349.990208 -142.990452 -190.559135 -249.781069 -231.401440 -1356.655119 -3482.604107 -796.706290 -786.471587 -83.842745 -22.365413 404.881091 10837.947604 -205.066056
-9999.0 -9999.0 -9999.0 -9999.0 -9999.0 -9999.0 -9999.0 -9999.0 -9999.0 -9999.0 -24.646294 -27.348639 -63.190220 -164.231580 -154.152085 -535.301817 -450.344296 -666.595855 -753.561408 -990.340002 -957.676774 -747.335012 -385.986494 -237.696016 -236.687767 -261.045587 179.978999 -333.422298 -139.421263 -128.870525 -24.894369 -17.291439 -161049.833227 -25.373223 -28.098978 661.749631 3819.702117 -145.865748 -230.648840 -28.522912 -26.323229 -610.402677 -124.861562 -33.666342 875.559670 -661.624467 -225.023679 -153.232250 -140.112367 -65.147511 -188.027163 -232.534321 -104.102695 -795.786376 -792.301328 -795.018119 -23.597830 -168.114020 174.732805
-9999.0 -9999.0 -9999.0 -9999.0 -9999.0 -9999.0 -9999.0 -9999.0 911.099605 -31.244433 -45.852030 -46.413613 -106.066171 -136.982426 -173.575498 -358.437799 -864.669001 -599.916760 -622.677115 -1146.900981 -1144.258806 -968.175571 -879.365571 -755.789736 -369.366450 -161.579072 -239.264639 -144.996621 -117.105196 -175.046241 -797.268875 -24.948799 -26.096106 -27.153168 -26.332148 -30.500644 -44.703488 -154.177883 -130.385414 -796.975158 -797.031177 417.622859 -153632.684087 -797.544500 -799.494807 935.454658 -114.229365 -144.029665 -159.465601 -33.896066 -353.682103 -1094.513904 -113.023246 -214.246509 -797.888498 -24.279303 -774.133171 38.560826 -182.443021
-9999.0 -9999.0 -9999.0 -9999.0 -9999.0 -9999.0 -9999.0 -9999.0 -20.120191 -128.563913 -263.092814 -26.888269 -30.586728 881.139790 -220.896497 -341.706957 -663.372630 -757.780112 -1248.357805 -1153.909242 -442.398233 -519.628245 -530.563546 -578.707817 -888.671728 -513.274770 -279.672981 -130.519952 -148669.238425 -27.508285 -26.541189 -797.736138 -25.793867 -796.206419 -42.635119 849.092126 -24.546698 -185.100848 -216.744703 -30.366522 -26.599395 -140.364042 -797.614901 -30.348928 3499.087137 -125.526372 -152101.500039 -29.727397 -157.799921 -386.393237 17.788929 -133.194023 -126.446905 -25.853234 -32.772427 -148222.374259 -239.679110 -231.940143 -122.678147
-9999.0 -9999.0 -9999.0 -9999.0 -9999.0 -9999.0 -9999.0 -9999.0 -24.996064 -17.547184 -74.035243 -225.713635 -43.780150 -148682.801979 -182.599819 -177.865363 -592.082646 -539.407738 -1136.426890 -485.550731 -1170.921870 -640.598359 -581.597435 -877.067429 -485.707783 -685.206270 -311.456892 -180.210216 -152173.229866 -26.767291 -798.007311 -51.086939 -117.549567 -4669.418438 -46.835687 -26.239967 -173.082412 -63.394330 -98.486385 -200.547258 -27.679284 -797.131533 885.181687 858.780891 -115.818089 664.940855 -798.764324 -65.351815 -135.292823 -148.304088 -314.098121 -327.634847 -157.553802 -152.782886 -241.222484 -114.958914 183.947578 -88.088434 -371.490805
-9999.0 -9999.0 -9999.0 -9999.0 -9999.0 -9999.0 -9999.0 -9999.0 -797.067357 -27.188179 937.778227 -203452.005570 -36.579145 785.403329 -1848.650320 -355.951464 -433.864622 -1057.106828 -412.333576 -1123.274041 -1073.150502 -998.571576 -620.089322 -799.117307 -778.226904 -515.365121 -320.760460 -156.347876 -68.170569 -257.774636 -257.650180 -230.533267 -3371.212872 -148.921203 -2564.425999 -42.144198 -77.229125 -686.998996 -116.623073 -223.774672 -36.934730 -35.832728 -30.680928 -798.204318 -94.328685 -798.662248 -34.849578 -797.391660 -37.175166 -246.865666 -310.670698 -250.844579 -342.559980 867.941893 -163.775854 185.483296 -186.763096 -302.247384 -510.207532
-9999.0 -9999.0 -9999.0 -9999.0 -9999.0 -9999.0 -9999.0 -9999.0 -84.720106 887.803894 5624.897653 -159.402608 -153.792705 -191.257903 -181.506366 -97.137974 -120.314039 -659.166425 -553.596733 -759.872439 -914.479285 -835.959759 -1002.276434 -1047.712302 -437.885165 -539.943079 -241.263476 -224.444643 -264.101113 -177.025907 -161.017213 -229.260319 -41.951708 -141.642134 -194.897464 -199.055962 -236.424325 -803.055954 -199.127622 -71.919696 -183.943896 -1051.345707 -218.662129 -1649.684604 -235.178901 -38.108490 -236.393119 -228.293191 -239.923874 -219.451358 -168.804000 -546.670762 -326.193816 -233.838761 241.249101 237.320902 15.651830 -259.290867 -300.387856
-9999.0 -9999.0 -41.801233 -54.014916 666.145155 -172.829216 -121.518353 -115.667296 619.794166 241.287236 -123.603116 956.190361 -191.633432 -105.307143 185.224282 4.873757 -147.476955 -189.884596 -182.223183 -383.690657 -768.675289 -712.871925 -323.609539 -1248.425091 -924.355067 -750.555775 -520.475015 -463.126670 -440.606171 -175.444934 -355.708587 -409.964052 179.388718 -562.841583 -318.530668 -732.991899 -537.787649 -938.781584 -269.291173 -207.827335 -305.538021 -247.412382 -172.519839 -249.865256 -158.026353 -204.289319 -113.406990 -358.530473 -207.894664 -343.023277 -479.154374 -467.078649 -205.844208 -124.217178 200.530178 199.253569 -114.693921 -288.537890 -282.789645
