erum2020/resources/simulation/Vinschgau/output-maps/psiL0002N0717.asc
ncols         63
nrows         48
xllcorner     598000.000000
yllcorner     5145000.000000
cellsize      1000.000000
NODATA_value  -9999.0
[rows 0 to 26 of 48, columns 0 to 60 of 63]
-9999.0 -9999.0 -9999.0 -9999.0 -9999.0 -9999.0 -9999.0 -9999.0 -9999.0 -9999.0 -9999.0 -9999.0 -9999.0 -9999.0 -9999.0 -9999.0 -9999.0 -9999.0 -9999.0 -9999.0 -9999.0 -9999.0 -9999.0 -9999.0 -9999.0 -9999.0 -9999.0 -9999.0 -9999.0 -9999.0 -9999.0 -9999.0 -9999.0 -9999.0 -9999.0 -9999.0 -9999.0 -9999.0 -9999.0 -9999.0 -9999.0 -9999.0 -9999.0 -9999.0 -9999.0 -9999.0 -9999.0 -9999.0 -9999.0 -9999.0 -9999.0 -9999.0 -9999.0 -9999.0 -9999.0 -9999.0 -9999.0 -9999.0 -9999.0 -9999.0 -9999.0
-9999.0 -9999.0 -9999.0 -9999.0 -9999.0 -9999.0 -9999.0 -9999.0 -9999.0 -9999.0 -9999.0 -9999.0 -9999.0 -9999.0 -9999.0 -9999.0 -9999.0 -9999.0 -9999.0 -9999.0 -9999.0 -9999.0 -9999.0 -9999.0 -9999.0 -9999.0 -9999.0 -26.516738 35.588158 -42.136872 41.124330 -62.322545 755.602400 -9999.0 -9999.0 -9999.0 -9999.0 -9999.0 -9999.0 -9999.0 -9999.0 -9999.0 -9999.0 -9999.0 -9999.0 -9999.0 -9999.0 -9999.0 -9999.0 -9999.0 -9999.0 -9999.0 -9999.0 -9999.0 -9999.0 -9999.0 -9999.0 -9999.0 -9999.0 -9999.0 -9999.0
-9999.0 -9999.0 -9999.0 -9999.0 -9999.0 -9999.0 -9999.0 -9999.0 -9999.0 -9999.0 -9999.0 -9999.0 -9999.0 -9999.0 -9999.0 -9999.0 -9999.0 -9999.0 -9999.0 -9999.0 -9999.0 -9999.0 -9999.0 -9999.0 31.836013 30.347730 32.554390 29.431645 56.663444 77.117108 29.722866 -9999.0 -9999.0 -9999.0 -9999.0 -9999.0 -9999.0 -9999.0 -9999.0 -9999.0 -9999.0 -9999.0 -9999.0 -9999.0 -9999.0 -9999.0 -9999.0 -9999.0 -9999.0 -9999.0 -9999.0 -9999.0 -9999.0 -9999.0 -9999.0 -9999.0 -9999.0 -9999.0 -9999.0 -9999.0 -9999.0
-9999.0 -9999.0 -9999.0 -9999.0 -9999.0 -9999.0 -9999.0 -9999.0 -9999.0 -9999.0 -9999.0 -9999.0 -9999.0 -9999.0 -9999.0 -9999.0 -9999.0 -9999.0 -9999.0 -9999.0 -9999.0 -9999.0 -9999.0 29.112829 32.237860 -426.366763 -224.662134 -391.324981 49.187389 28.533689 26.207649 31.888587 -9999.0 -9999.0 -9999.0 -9999.0 -9999.0 -9999.0 -9999.0 -9999.0 -9999.0 -9999.0 -9999.0 -9999.0 -9999.0 -9999.0 -9999.0 -9999.0 -9999.0 -9999.0 -9999.0 -9999.0 -9999.0 -9999.0 -9999.0 -9999.0 -9999.0 -9999.0 -9999.0 -9999.0 -9999.0
-9999.0 -9999.0 -9999.0 -9999.0 -9999.0 -9999.0 -9999.0 -9999.0 -9999.0 -9999.0 -9999.0 -9999.0 -9999.0 -9999.0 -9999.0 -9999.0 -9999.0 -9999.0 30.442899 24.270374 -9999.0 31.589310 34.979493 -314.795512 -250.611748 -509.845277 14.575679 14.469344 14.164589 -255.677042 32.680549 34.805984 -32.056819 -42.825658 -9999.0 -9999.0 -9999.0 -9999.0 -9999.0 -9999.0 -9999.0 -9999.0 -9999.0 -9999.0 -9999.0 -9999.0 -9999.0 -9999.0 -9999.0 -9999.0 -9999.0 -9999.0 -9999.0 -9999.0 -9999.0 -9999.0 -9999.0 -9999.0 -9999.0 -9999.0 -9999.0
-9999.0 -9999.0 -9999.0 -9999.0 -9999.0 -9999.0 -9999.0 -9999.0 -9999.0 -9999.0 -9999.0 -9999.0 -9999.0 -9999.0 -9999.0 -9999.0 -9999.0 -562.548133 -271.224218 -112.502401 -31.093480 23.257018 -214.330849 17.548868 -203.746611 -37.071754 863.521054 32.069888 -39.670050 14.301866 53.137386 54.320602 -18.392982 -55.745959 -84.569085 -51.276100 -9999.0 -9999.0 -9999.0 -9999.0 -9999.0 -9999.0 -9999.0 -9999.0 -9999.0 -9999.0 -9999.0 -9999.0 -9999.0 -9999.0 -9999.0 -9999.0 -9999.0 -9999.0 -9999.0 -9999.0 -9999.0 -9999.0 -9999.0 -9999.0 -9999.0
-9999.0 -9999.0 -9999.0 -9999.0 -9999.0 -9999.0 -9999.0 -9999.0 -9999.0 -9999.0 -9999.0 -9999.0 -9999.0 32.154070 16.594198 -461.563126 -669.206017 -89.632083 -545.736590 -353.954228 -262.455890 -335.457960 -287.248933 14.023430 -38.662845 25.936062 -84.973464 -106.345599 22.626240 26.121909 9103.548581 88.379224 60.527685 423.778557 -11.384591 -31.444585 -9999.0 -9999.0 -9999.0 -9999.0 -9999.0 -9999.0 -9999.0 -9999.0 -9999.0 -9999.0 -9999.0 -9999.0 -9999.0 -9999.0 -9999.0 -9999.0 -9999.0 -9999.0 -9999.0 -9999.0 -9999.0 -9999.0 -9999.0 -9999.0 -9999.0
-9999.0 -9999.0 -9999.0 -9999.0 -9999.0 -9999.0 -9999.0 -9999.0 -9999.0 -9999.0 -9999.0 -9999.0 -9999.0 32.591109 -102.340079 -467.789830 -650.311224 30.640627 -95.087848 -362.617208 -494.125820 13.344841 11.926150 310.931638 33.473183 30.953677 25.984377 -36.175889 -29.594655 963.642957 14.774326 351.406949 -17.349040 -18.622973 -16.817808 -9999.0 -9999.0 -9999.0 -9999.0 -9999.0 -9999.0 -9999.0 -9999.0 -9999.0 -9999.0 -9999.0 -9999.0 -9999.0 -9999.0 -9999.0 -9999.0 -9999.0 -9999.0 -9999.0 -9999.0 -9999.0 -9999.0 -9999.0 -9999.0 -9999.0 -9999.0
-9999.0 -9999.0 -9999.0 -9999.0 -9999.0 -9999.0 -9999.0 -9999.0 -9999.0 -9999.0 -9999.0 -9999.0 -9999.0 -247.452732 706.396665 -350.517636 -615.364929 -634.771524 -119.234352 -539.116864 31.429485 -64.514809 -96.623650 342.461416 24.452530 34.046927 -24.865405 -24.101447 31.860092 -19.373304 650.747807 -21.841334 -38.898618 -24.938187 -36.420227 -9999.0 -9999.0 -9999.0 -9999.0 -9999.0 -9999.0 -9999.0 -9999.0 -9999.0 -9999.0 -9999.0 -9999.0 -9999.0 -9999.0 -9999.0 -9999.0 -9999.0 -9999.0 -9999.0 -9999.0 -9999.0 -9999.0 -9999.0 -9999.0 -9999.0 -9999.0
-9999.0 -9999.0 -9999.0 -9999.0 -9999.0 -9999.0 -9999.0 -9999.0 -9999.0 -9999.0 -9999.0 -9999.0 14.415989 6271.904171 20.717699 16.545342 1540.855190 -428.615582 14.893467 -143.406101 -226.403124 -292.804155 27.020115 17.841983 3414.565016 24.868131 1000.461975 30.017737 65.996161 -18.366438 15.947755 -55.713175 52.889500 -31.186586 -9999.0 -9999.0 -9999.0 -9999.0 -9999.0 -9999.0 -9999.0 -9999.0 -9999.0 -9999.0 -9999.0 -9999.0 -9999.0 -9999.0 -9999.0 -9999.0 -9999.0 -9999.0 -9999.0 -9999.0 -9999.0 -9999.0 -9999.0 -9999.0 -9999.0 -9999.0 -9999.0
-9999.0 -9999.0 -9999.0 -9999.0 -9999.0 -9999.0 -9999.0 -9999.0 -9999.0 -9999.0 -9999.0 45.183757 42.774282 445.765359 20.923469 34.980588 -127.839384 -340.638472 15.670551 104.090819 16.141277 22.043736 36.969973 30.559146 56.190849 43.051248 26.500148 37.261946 3145.082937 -32.908599 -47.368926 66.228383 -24.366978 -48.858656 -68.916230 -68.324352 -128.279688 -496.959815 -468.596744 -9999.0 -9999.0 -9999.0 -72.013235 -9999.0 -9999.0 -9999.0 -9999.0 -9999.0 -9999.0 -9999.0 -9999.0 -9999.0 -9999.0 -9999.0 -9999.0 -9999.0 -9999.0 -9999.0 -9999.0 -9999.0 -9999.0
-9999.0 -9999.0 -9999.0 -9999.0 -9999.0 -9999.0 -9999.0 -9999.0 -9999.0 -9999.0 -9999.0 41.926388 33.617148 52.589027 22.848184 27.320306 16.212839 -381.227883 14.980931 38.591518 35.648677 35.327745 38.470383 53.145200 -35.891002 37.892947 32.309250 50.242722 15.562967 -27.769442 44.266731 140.338517 29.565799 34.759242 20.321304 19.738042 25.589098 -1086.557358 -976.613756 -37.318263 -45.496426 -53.558620 32.372433 -18.297088 -9999.0 -9999.0 -9999.0 33.741867 38.898452 -14.201990 45.284716 -12.663392 -12.270549 38.645449 50.068465 -9.351369 -9999.0 -9999.0 -9999.0 -9999.0 -9999.0
-9999.0 -9999.0 -9999.0 -9999.0 -9999.0 -9999.0 -9999.0 -9999.0 -9999.0 -9999.0 -9999.0 56.063916 28.632808 347.854035 39.862010 34.196818 81.254408 425.394373 39.947554 15.493055 20.364585 26.144556 24.099742 38.134308 34.361395 -12.178372 28.541024 3228.651228 -27.711753 35.092459 -32.727959 17.020760 40.078330 27.214510 -52.685822 33.394143 17.129643 -860.887510 -3339.343663 -63.985169 -409.243188 15.805347 33.637968 32.162223 28.004625 -9999.0 -31.115023 45.091048 48.076567 51.533198 50.566649 -20.845228 49.407754 47.179281 63.345339 51.795149 -9999.0 -9999.0 -9999.0 -9999.0 -9999.0
-9999.0 -9999.0 -9999.0 -9999.0 -9999.0 -9999.0 -9999.0 -9999.0 -9999.0 -9999.0 -9999.0 -9999.0 47.000176 712.821259 30.494772 33.946455 1730.417482 18.661790 67.502900 15.287930 17.430444 35.280258 39.140421 34.799758 -60.256092 29.187305 2277.170437 36.108895 42.990797 -27.487971 34.685456 40.050958 39.167552 33.907930 461.103645 -43.653660 -278.072876 -2602.711311 -3610.198851 -2693.162089 -988.920574 -47.515563 6.763450 30.725344 -30.773557 33.512875 -20.995807 38.398536 -54.563278 51.114703 18.102981 159.425341 733.600671 122.662437 87.460830 55.242377 46.040806 -9999.0 -9999.0 -9999.0 -9999.0
-9999.0 -9999.0 -9999.0 -9999.0 -9999.0 -9999.0 -9999.0 -9999.0 -9999.0 -9999.0 -9999.0 -102.936180 30.778617 39.544510 -101.049199 -99.802063 37.699754 713.326265 45.450947 14.848547 16.242064 -70.821474 40.238080 20.470470 25.664952 45.032274 34.983634 32.456134 30.835023 -13.929065 10.045570 138.082701 51.601054 32.905272 1055.849310 365.667190 503.496875 -2271.871434 -2678.813460 -2522.714063 -1750.820928 -949.639770 34.149571 -102.994194 29.805217 29.144777 55.468237 -45.285681 -44.439010 13.464560 -39.387111 34.725535 -90.860060 -25.163212 -26.273944 -16.684074 -3.527611 -9999.0 -9999.0 -9999.0 -9999.0
-9999.0 -9999.0 -9999.0 -9999.0 -9999.0 -9999.0 -9999.0 -9999.0 -9999.0 -9999.0 2150.394431 34.455803 34.787459 32.776805 30.109759 2003.980032 2005.542026 686.537243 -431.453070 15.104790 49.419355 47.532889 -98.933678 31.644962 28.687109 2536.526162 -13.890920 -60.051562 37.647765 38.449851 137.897958 522.622860 40.329968 -78.332944 -22.208272 -44.312553 23.490569 -62.385251 -511.384205 -217.076155 13.102514 -49.763747 -20.421110 23.486515 25.801340 -34.246752 37.049938 45.699105 55.825198 12.366944 -71.965440 -19.587454 -14.685538 -5.896055 -23.613078 55.428616 62.437637 -9999.0 -9999.0 -9999.0 -9999.0
-9999.0 -9999.0 -9999.0 -9999.0 -9999.0 -9999.0 -9999.0 -9999.0 -9999.0 39.511493 48.122885 58.434838 48.648197 21.174766 49.205211 43.477721 21.059913 30.054168 -206.175591 -295.977110 42.938692 -289.891575 0.000000 -137.289616 13.789129 -79.268047 -18.595529 34.619123 33.127349 34.867332 16.602390 1593.400974 -16.775221 -6.648826 -45.498771 -48.062219 44.809438 1166.716506 470.570324 22.646259 -54.202655 356.231638 487.569986 -254.877098 20.133870 22.180860 32.909693 18.455538 23.187655 13.645277 50.966766 -5.386937 -12.947989 -32.418511 -26.602650 59.209680 140.133210 -13.796168 -6.649698 -9999.0 -9999.0
-9999.0 -9999.0 -9999.0 -9999.0 -9999.0 -9999.0 -9999.0 -9999.0 -9999.0 109.685748 45.223159 38.485345 4600.440783 20.706800 16.363900 18.928540 34.402323 23.354614 -203.000076 -189.904028 15.486067 -278.905126 14.159323 35.848332 22.649763 21.261907 25.398196 28.523646 13.722119 13.432277 39.626972 1474.698369 43.482860 30.911411 41.471140 -43.316086 -42.208531 -43.996593 49.626145 36.442168 -17.357031 406.322263 12.589080 24.908065 -119.748956 -281.887342 12.062048 15.680902 17.165817 12.125587 1415.771526 1757.799016 -41.086825 47.857016 47.888346 309.150605 281.913697 90.568614 -35.092838 -9999.0 -9999.0
-9999.0 -9999.0 -9999.0 -9999.0 -9999.0 -9999.0 -9999.0 -9999.0 -9999.0 -9999.0 37.297471 47.832307 39.748337 2378.681821 21.828516 18.327571 25.929381 21.739852 16.539087 -227.064241 38.723841 18.950415 10.843535 -126.773551 22.041842 26.563095 26.746485 13.526940 36.816637 -99.998705 475.476646 4601.201567 -72.904561 37.529270 54.431201 61.483016 25.601291 34.277360 -20.246544 -51.005859 -62.155995 30.453888 4568.448444 27.513090 31.546083 26.333176 27.736767 14.123606 11.648131 29.401310 37.693834 48.231914 -16.965587 -41.857153 38.759336 47.961117 67.400716 11366.145732 115.976300 23.718670 -9999.0
-9999.0 -9999.0 -9999.0 -9999.0 -9999.0 -9999.0 -9999.0 -9999.0 -9999.0 -9999.0 43.756192 39.906167 33.259335 42.654549 14.909787 -165.171698 12.782962 -286.554682 13.859652 -418.593513 -508.563738 -286.236519 -195.587035 19.454923 25.638309 27.360936 14.245854 34.282631 28.911852 338.609147 35.873290 61.702187 -49.637395 32.303884 30.463511 48.880787 3803.362621 40.854169 287.395066 224.428761 39.065575 -8.483911 49.648831 24.254946 34.381791 10.288055 34.153471 30.893379 37.448919 13.831147 47.737780 46.739315 1243.560164 -14.600394 -24.369299 -17.998596 16.083074 34.086071 243.261889 136.658844 -9999.0
-9999.0 -9999.0 -9999.0 -9999.0 -9999.0 -9999.0 -9999.0 -9999.0 38.955735 33.950908 30.586066 44.885103 201.838286 46.523151 34.070183 14.256370 -341.483337 -267.113967 -323.189850 -492.356722 -548.719886 -337.875787 -274.153605 -220.037768 19.908026 13.842616 41.609749 26.769191 42.889615 366.939100 -4.082309 44.154216 39.823733 34.758023 50.633050 23.523478 32.624374 43.683037 1384.504542 -17.480313 -49.431882 55.080986 -34.334774 -18.885692 -35.479304 2122.607374 1349.617454 35.126265 32.348706 13.789927 47.313888 55.088229 51.592494 1735.955264 -24.858125 42.629152 -34.528192 33.799765 25.953464 140.468831 -9999.0
-9999.0 -9999.0 -9999.0 -9999.0 -9999.0 -9999.0 -9999.0 -9999.0 -8.106938 41.812489 1273.072020 29.760066 30.736894 1870.332635 14.199827 20.121442 18.831187 -151.565650 -275.720475 -482.888961 23.876471 15.497557 -64.311868 -141.320047 -299.402111 13.439065 38.268432 41.446459 -40.002184 38.288702 39.009278 -21.986738 59.643672 -31.006501 49.735061 34.636353 60.473608 64.258638 36.215734 41.242497 24.392907 375.656867 -35.473755 42.981424 2562.154017 39.766086 -39.682264 34.482358 35.624216 36.023229 12.836637 42.699874 44.613729 36.468830 34.665869 -46.144053 29.940813 30.031988 25.434431 20.737721 -517.302155
-9999.0 -9999.0 -9999.0 -9999.0 -9999.0 -9999.0 -9999.0 -9999.0 33.643837 3263.341258 36.980734 1857.991947 154.609808 -54.469851 27.737937 19.417104 -258.694803 -214.512273 -446.370311 -266.644631 -488.756956 -390.431747 -250.996190 -469.546225 -212.904711 22.418889 22.894544 -9.211741 -61.879421 41.476302 -22.705632 56.078025 -63.006383 1367.145591 46.717161 87.050951 48.015702 15.633536 39.771454 23.901708 45.202275 -33.191219 44.986718 2571.063097 337.351301 41.973729 -22.456294 34.459277 -6.597682 28.094812 13.084779 39.932779 28.505391 8.228121 36.374187 45.912970 36.098640 30.445984 29.264931 122.179195 15.446127
-9999.0 -9999.0 -9999.0 -9999.0 -9999.0 -9999.0 -9999.0 -9999.0 -24.285374 38.678964 59.824914 -61.926565 46.690630 40.413625 32.246434 15.384076 13.984827 -396.678936 13.359755 -515.442352 -471.617892 -470.882590 -401.638018 -544.293841 -433.789708 18.970894 9.886582 183.403937 31.530781 41.164411 20.763974 46.050097 41.032870 55.184865 37.185409 28.250413 27.928873 12.854365 34.964373 36.568303 30.009601 42.389839 46.937499 -42.566081 31.640877 -30.830308 41.150785 -40.550798 26.225701 22.394263 19.349429 12.878844 32.427138 23.624490 34.530247 41.180758 40.647825 198.943808 15.510650 15.554405 31.497014
-9999.0 -9999.0 -9999.0 -9999.0 -9999.0 -9999.0 -9999.0 -9999.0 29.322253 38.737733 4738.051094 27.771337 46.172426 40.512661 32.684636 30.116307 13.497017 14.949651 15.288576 12.196372 -492.379520 -377.215247 -489.987482 -525.729415 14.234062 -129.383747 258.715584 26.655228 25.237880 43.819353 168.983236 40.508897 54.302486 44.117070 31.887695 29.793615 26.939458 13.538622 41.944441 37.446177 29.689101 35.778751 44.879166 33.925434 27.647282 36.468482 33.918874 42.437733 20.497718 20.679889 21.436467 14.353112 14.824128 18.387781 279.321557 254.912100 15.747352 15.760700 47.698851 31.498322 32.482224
-9999.0 -9999.0 35.574265 37.779677 1080.119420 24.380448 82.354171 42.614835 39.397711 41.059665 42.615149 81.484454 50.004193 47.538522 14.930219 12.856851 25.711248 21.168472 25.875902 19.315312 -224.497888 25.112037 15.479860 -648.295044 -450.625498 -282.956470 -209.412431 14.244316 26.621510 37.227762 12.523841 21.377786 124.570252 29.751339 31.666090 21.220913 23.189090 14.551614 36.400232 28.080098 27.460712 30.275501 40.755930 32.487853 24.166102 27.816888 28.373827 27.551209 20.998732 20.356045 22.749053 -333.385176 15.487676 15.616609 16.246792 15.837584 58.300018 38.958945 34.559586 33.333596 32.269457
-9999.0 27.430176 35.861108 32.346631 21.083804 67.383072 81.865047 33.574817 1674.442469 40.183832 37.154713 33.826832 54.402623 69.795286 14.314240 31.734928 35.378301 20.207715 24.354200 18.052082 -132.699971 36.415511 257.249083 15.061570 -522.270271 -499.804829 -399.108758 -280.943957 32.870939 27.467503 -230.215699 17.471345 54.559297 56.973739 28.408764 20.636692 23.998432 13.742648 30.600988 20.694156 18.722896 29.344878 35.924154 18.199774 -225.588027 -210.951239 17.859382 13.815631 23.631731 108.937883 15.506074 15.453569 54.958450 59.792020 60.327089 40.141213 39.522181 34.952916 36.677713 31.960060 27.172645
