erum2020/resources/simulation/Vinschgau/output-maps/psiL0005N0012.asc
ncols         63
nrows         48
xllcorner     598000.000000
yllcorner     5145000.000000
cellsize      1000.000000
NODATA_value  -9999.0
[rows 0 to 25 of 48, columns 0 to 57 of 63]
-9999.0 -9999.0 -9999.0 -9999.0 -9999.0 -9999.0 -9999.0 -9999.0 -9999.0 -9999.0 -9999.0 -9999.0 -9999.0 -9999.0 -9999.0 -9999.0 -9999.0 -9999.0 -9999.0 -9999.0 -9999.0 -9999.0 -9999.0 -9999.0 -9999.0 -9999.0 -9999.0 -9999.0 -9999.0 -9999.0 -9999.0 -9999.0 -9999.0 -9999.0 -9999.0 -9999.0 -9999.0 -9999.0 -9999.0 -9999.0 -9999.0 -9999.0 -9999.0 -9999.0 -9999.0 -9999.0 -9999.0 -9999.0 -9999.0 -9999.0 -9999.0 -9999.0 -9999.0 -9999.0 -9999.0 -9999.0 -9999.0 -9999.0
-9999.0 -9999.0 -9999.0 -9999.0 -9999.0 -9999.0 -9999.0 -9999.0 -9999.0 -9999.0 -9999.0 -9999.0 -9999.0 -9999.0 -9999.0 -9999.0 -9999.0 -9999.0 -9999.0 -9999.0 -9999.0 -9999.0 -9999.0 -9999.0 -9999.0 -9999.0 -9999.0 -894.594333 -1063.185837 -896.030342 -1355.707049 -896.312179 -896.332415 -9999.0 -9999.0 -9999.0 -9999.0 -9999.0 -9999.0 -9999.0 -9999.0 -9999.0 -9999.0 -9999.0 -9999.0 -9999.0 -9999.0 -9999.0 -9999.0 -9999.0 -9999.0 -9999.0 -9999.0 -9999.0 -9999.0 -9999.0 -9999.0 -9999.0
-9999.0 -9999.0 -9999.0 -9999.0 -9999.0 -9999.0 -9999.0 -9999.0 -9999.0 -9999.0 -9999.0 -9999.0 -9999.0 -9999.0 -9999.0 -9999.0 -9999.0 -9999.0 -9999.0 -9999.0 -9999.0 -9999.0 -9999.0 -9999.0 -1087.348471 -1161.822582 -1118.383134 -1192.033770 -1136.199024 -1173.702482 -1345.189190 -9999.0 -9999.0 -9999.0 -9999.0 -9999.0 -9999.0 -9999.0 -9999.0 -9999.0 -9999.0 -9999.0 -9999.0 -9999.0 -9999.0 -9999.0 -9999.0 -9999.0 -9999.0 -9999.0 -9999.0 -9999.0 -9999.0 -9999.0 -9999.0 -9999.0 -9999.0 -9999.0
-9999.0 -9999.0 -9999.0 -9999.0 -9999.0 -9999.0 -9999.0 -9999.0 -9999.0 -9999.0 -9999.0 -9999.0 -9999.0 -9999.0 -9999.0 -9999.0 -9999.0 -9999.0 -9999.0 -9999.0 -9999.0 -9999.0 -9999.0 -1181.851251 -1025.786344 -995.935765 -992.749483 -1037.859025 -1031.345170 -1212.459083 -1060.233846 -1325.052291 -9999.0 -9999.0 -9999.0 -9999.0 -9999.0 -9999.0 -9999.0 -9999.0 -9999.0 -9999.0 -9999.0 -9999.0 -9999.0 -9999.0 -9999.0 -9999.0 -9999.0 -9999.0 -9999.0 -9999.0 -9999.0 -9999.0 -9999.0 -9999.0 -9999.0 -9999.0
-9999.0 -9999.0 -9999.0 -9999.0 -9999.0 -9999.0 -9999.0 -9999.0 -9999.0 -9999.0 -9999.0 -9999.0 -9999.0 -9999.0 -9999.0 -9999.0 -9999.0 -9999.0 -936.734675 -1051.408883 -9999.0 -1157.537634 -1064.511954 -1039.702095 -977.768260 -745.137043 -699.615840 -757.917182 -747.040438 -1007.997025 -1201.966343 -1117.852111 -895.826757 -894.887707 -9999.0 -9999.0 -9999.0 -9999.0 -9999.0 -9999.0 -9999.0 -9999.0 -9999.0 -9999.0 -9999.0 -9999.0 -9999.0 -9999.0 -9999.0 -9999.0 -9999.0 -9999.0 -9999.0 -9999.0 -9999.0 -9999.0 -9999.0 -9999.0
-9999.0 -9999.0 -9999.0 -9999.0 -9999.0 -9999.0 -9999.0 -9999.0 -9999.0 -9999.0 -9999.0 -9999.0 -9999.0 -9999.0 -9999.0 -9999.0 -9999.0 -945.701262 -959.401118 -2107.185446 -899.249636 -1194.729484 -1020.958662 -973.226221 -727.098682 -1314.601716 -1053.586458 -1116.680263 -1125.048257 -781.375297 -1028.093459 -1234.256461 -901.154220 -897.388555 -894.874178 -897.424762 -9999.0 -9999.0 -9999.0 -9999.0 -9999.0 -9999.0 -9999.0 -9999.0 -9999.0 -9999.0 -9999.0 -9999.0 -9999.0 -9999.0 -9999.0 -9999.0 -9999.0 -9999.0 -9999.0 -9999.0 -9999.0 -9999.0
-9999.0 -9999.0 -9999.0 -9999.0 -9999.0 -9999.0 -9999.0 -9999.0 -9999.0 -9999.0 -9999.0 -9999.0 -9999.0 -1241.728815 -1061.007779 -1079.839107 -949.123639 -906.042871 -942.378975 -1013.718322 -977.814326 -998.689766 -1031.229531 -639.287686 -1370.591662 -668.136291 -984.328553 -1453.828666 -1480.265083 -1270.887804 -1014.213006 -597.425892 -1387.444072 -1329.175979 -897.589783 -897.575137 -9999.0 -9999.0 -9999.0 -9999.0 -9999.0 -9999.0 -9999.0 -9999.0 -9999.0 -9999.0 -9999.0 -9999.0 -9999.0 -9999.0 -9999.0 -9999.0 -9999.0 -9999.0 -9999.0 -9999.0 -9999.0 -9999.0
-9999.0 -9999.0 -9999.0 -9999.0 -9999.0 -9999.0 -9999.0 -9999.0 -9999.0 -9999.0 -9999.0 -9999.0 -9999.0 -1075.295224 -986.032438 -1089.404370 -1088.590587 -914.258011 -905.325263 -958.091673 -741.980292 -661.515452 -792.703386 -1158.535005 -962.656096 -1153.719606 -1110.976372 -897.490322 -897.573920 -1519.585332 -1424.617691 -1416.521863 -897.479379 -897.596386 -897.624261 -9999.0 -9999.0 -9999.0 -9999.0 -9999.0 -9999.0 -9999.0 -9999.0 -9999.0 -9999.0 -9999.0 -9999.0 -9999.0 -9999.0 -9999.0 -9999.0 -9999.0 -9999.0 -9999.0 -9999.0 -9999.0 -9999.0 -9999.0
-9999.0 -9999.0 -9999.0 -9999.0 -9999.0 -9999.0 -9999.0 -9999.0 -9999.0 -9999.0 -9999.0 -9999.0 -9999.0 -1061.375946 -974.593427 -986.053801 -1213.611165 -1007.751228 -904.930960 -800.026782 -927.101544 -1189.739579 -1344.318992 -1129.472751 -981.447874 -1011.145723 -896.505520 -897.382843 -1033.760592 -897.454257 -1436.900929 -897.529437 -897.485895 -897.407013 -897.536759 -9999.0 -9999.0 -9999.0 -9999.0 -9999.0 -9999.0 -9999.0 -9999.0 -9999.0 -9999.0 -9999.0 -9999.0 -9999.0 -9999.0 -9999.0 -9999.0 -9999.0 -9999.0 -9999.0 -9999.0 -9999.0 -9999.0 -9999.0
-9999.0 -9999.0 -9999.0 -9999.0 -9999.0 -9999.0 -9999.0 -9999.0 -9999.0 -9999.0 -9999.0 -9999.0 -1173.743077 -991.695307 -1028.616314 -1213.621163 -912.074414 -1118.245659 -580.682856 -2370.006868 -964.386588 -1406.847297 -1097.378098 -1436.283918 -998.704009 -1419.743376 -1440.839326 -1281.394804 -1250.376984 -897.331615 -1450.384834 -894.781371 -1062.880933 -897.573176 -9999.0 -9999.0 -9999.0 -9999.0 -9999.0 -9999.0 -9999.0 -9999.0 -9999.0 -9999.0 -9999.0 -9999.0 -9999.0 -9999.0 -9999.0 -9999.0 -9999.0 -9999.0 -9999.0 -9999.0 -9999.0 -9999.0 -9999.0 -9999.0
-9999.0 -9999.0 -9999.0 -9999.0 -9999.0 -9999.0 -9999.0 -9999.0 -9999.0 -9999.0 -9999.0 -1399.420328 -1223.935017 -1111.542666 -1239.511134 -654.158860 -1007.263678 -1227.453909 -683.406316 -2100.610004 -1134.777384 -988.262561 -1325.059380 -1419.800688 -1171.769273 -1498.341576 -1427.172014 -1201.300912 -1161.839233 -897.422270 -894.244379 -1248.752270 -897.136390 -897.768177 -897.249521 -897.875184 -1297.691943 -1275.741190 -870.018527 -9999.0 -9999.0 -9999.0 -897.795762 -9999.0 -9999.0 -9999.0 -9999.0 -9999.0 -9999.0 -9999.0 -9999.0 -9999.0 -9999.0 -9999.0 -9999.0 -9999.0 -9999.0 -9999.0
-9999.0 -9999.0 -9999.0 -9999.0 -9999.0 -9999.0 -9999.0 -9999.0 -9999.0 -9999.0 -9999.0 -1046.556358 -1264.730868 -1075.651296 -1236.924687 -1346.735055 -1120.702467 -1140.344466 -712.758614 -957.821119 -923.716856 -971.695386 -1214.402065 -745.060691 -876.351368 -1476.851950 -1283.307921 -1201.177076 -894.543258 -897.509134 -1267.252831 -1241.854692 -1319.997052 -1283.518297 -1354.444080 -1264.993233 -1159.922881 -1123.049417 -1258.900225 -900.900266 -901.474076 -897.592635 -1319.265265 -897.791775 -9999.0 -9999.0 -9999.0 -674.718404 -1157.191608 -894.694678 -1100.870155 -894.415213 -894.052020 -935.479633 -926.472456 -894.297671 -9999.0 -9999.0
-9999.0 -9999.0 -9999.0 -9999.0 -9999.0 -9999.0 -9999.0 -9999.0 -9999.0 -9999.0 -9999.0 -1117.825993 -719.566344 -1492.214674 -672.590530 -1506.383820 -1078.012374 -1232.605552 -961.380830 -783.833641 -1024.624928 -1135.343838 -1276.217888 -1261.854457 -1524.491379 -896.732136 -1334.221733 -1499.188745 -897.380186 -1409.946760 -897.582959 -1556.501816 -1253.198804 -1263.931033 -896.781761 -1229.779840 -1146.584847 -1448.731648 -1114.234954 -905.987993 -1297.073321 -850.658124 -1205.637901 -1300.797982 -1346.032820 -9999.0 -897.522086 -1185.626807 -1142.886567 -967.758979 -831.167787 -900.469070 -785.681511 -947.923476 -743.300131 -1161.454326 -9999.0 -9999.0
-9999.0 -9999.0 -9999.0 -9999.0 -9999.0 -9999.0 -9999.0 -9999.0 -9999.0 -9999.0 -9999.0 -9999.0 -741.464471 -800.674376 -1113.041887 -1134.347585 -714.018146 -1231.031924 -911.229009 -609.655920 -993.764447 -1025.454487 -1058.350112 -1378.989474 -824.843153 -1316.995135 -957.125726 -897.522300 -1473.325549 -894.499890 -1311.467268 -1138.569513 -847.397092 -1314.843933 -1652.876471 -1537.145428 -730.620319 -1083.296316 -1048.711029 -892.346585 -1217.372605 -900.957149 -1451.160021 -1055.656145 -894.771017 -1080.957298 -894.433720 -1256.586155 -1505.734687 -1341.556874 -790.253373 -1037.149053 -1276.819929 -851.622440 -762.999446 -893.822271 -956.982535 -9999.0
-9999.0 -9999.0 -9999.0 -9999.0 -9999.0 -9999.0 -9999.0 -9999.0 -9999.0 -9999.0 -9999.0 -854.466694 -685.874544 -897.339358 -1204.001667 -1209.782092 -1293.403644 -1234.086826 -909.799558 -749.242166 -943.003046 -1034.323516 -1088.982202 -1418.148316 -1347.988140 -1082.455040 -1331.054932 -1542.600103 -1272.864145 -897.281631 -1317.210950 -1400.423534 -1053.145141 -1364.721594 -1403.179819 -1351.297195 -1389.271148 -1473.876926 -1076.396353 -1002.474224 -1467.309639 -995.482080 -995.282903 -1383.932817 -965.776677 -1139.190953 -1171.956296 -899.109361 -899.870473 -655.498946 -893.899633 -1568.041114 -671.289101 -892.683050 -898.015094 -897.344685 -894.334256 -9999.0
-9999.0 -9999.0 -9999.0 -9999.0 -9999.0 -9999.0 -9999.0 -9999.0 -9999.0 -9999.0 -1263.771599 -1221.520344 -1162.296869 -1194.187268 -1115.167194 -1138.503077 -1394.918161 -1121.380385 -933.739350 -904.495686 -955.877617 -934.131599 -1399.332793 -953.506385 -984.866747 -1262.868025 -1594.303270 -895.986381 -908.551405 -1038.319826 -1076.297666 -1427.265146 -1524.619561 -1321.798015 -897.729098 -897.630680 -1280.858098 -936.000299 -1046.677246 -755.762902 -716.112536 -967.452848 -901.250448 -961.112975 -1152.815808 -897.334703 -1153.893010 -1270.557497 -1024.890682 -747.823235 -909.402533 -897.484023 -897.776172 -897.281646 -897.168081 -1058.004147 -1111.801235 -9999.0
-9999.0 -9999.0 -9999.0 -9999.0 -9999.0 -9999.0 -9999.0 -9999.0 -9999.0 -1702.330766 -984.636804 -1231.347864 -1166.041059 -1168.755935 -1365.515707 -1317.729867 -1059.116967 -948.119053 -933.949576 -895.161242 -955.290515 -990.685977 -1001.929267 -743.699764 -758.671433 -1613.500236 -1092.591253 -1004.127976 -1028.081433 -975.608604 -714.195598 -909.352128 -897.634429 -897.537344 -897.570537 -897.948222 -1717.220620 -797.222464 -788.247340 -1330.959585 -1418.040472 -888.960911 -1535.464069 -758.601172 -973.974895 -1137.087291 -929.266117 -1328.267993 -1390.560318 -711.100440 -1052.008833 -894.575183 -897.324136 -897.154339 -895.515895 -1397.394289 -1213.880843 -896.589960
-9999.0 -9999.0 -9999.0 -9999.0 -9999.0 -9999.0 -9999.0 -9999.0 -9999.0 -729.197674 -1689.649336 -1291.224978 -940.527215 -1090.235395 -1342.808589 -1292.662422 -992.026253 -966.785872 -932.675242 -940.611619 -903.558437 -732.757965 -699.222188 -930.924137 -1528.907492 -1370.948972 -1084.942885 -968.206821 -728.552006 -849.371326 -1112.327367 -1562.434968 -1483.791647 -1182.962561 -1269.921868 -896.688126 -895.608596 -896.570666 -1357.242407 -1661.694146 -825.168306 -1535.562498 -1399.034773 -952.169666 -609.562419 -647.348903 -733.219564 -1010.764852 -1005.102318 -714.118705 -903.193888 -1408.837140 -897.284155 -1424.248466 -897.286777 -729.927778 -1332.070228 -1236.988545
-9999.0 -9999.0 -9999.0 -9999.0 -9999.0 -9999.0 -9999.0 -9999.0 -9999.0 -9999.0 -1444.892802 -1296.803320 -1383.398002 -1019.026482 -1023.206220 -1154.769328 -1038.053149 -959.136841 -936.790501 -700.477007 -934.782979 -927.418065 -1323.155555 -1420.300411 -1396.268250 -965.931519 -956.678164 -730.894613 -999.852025 -758.483072 -1590.475743 -1284.156489 -1477.704079 -1488.075016 -1171.416760 -994.472837 -1030.969691 -1038.375190 -894.656597 -1391.353079 -1365.443368 -1126.165933 -1054.430716 -1479.281171 -1414.044008 -1207.243684 -945.511184 -689.544504 -645.851856 -997.548468 -959.289685 -1004.125954 -894.425064 -897.219701 -1079.392456 -1435.138558 -654.938044 -926.076275
-9999.0 -9999.0 -9999.0 -9999.0 -9999.0 -9999.0 -9999.0 -9999.0 -9999.0 -9999.0 -1284.350422 -1293.375296 -1274.706798 -1087.866888 -737.520211 -1016.306980 -1078.001343 -931.972650 -939.140923 -689.458184 -928.777160 -941.625060 -1321.925752 -1062.476744 -968.653451 -948.232811 -705.581548 -955.088061 -923.101988 -1551.531133 -1496.606379 -822.956199 -903.665893 -1519.058637 -1494.023731 -631.353393 -1127.508779 -1382.640817 -1535.891730 -1442.372440 -1304.411294 -894.524649 -987.187088 -1444.623244 -619.609567 -937.156863 -1370.085178 -1154.591100 -920.358752 -674.082110 -940.637989 -1377.421911 -1028.324371 -894.564499 -894.548207 -893.832688 -1417.642870 -1290.751283
-9999.0 -9999.0 -9999.0 -9999.0 -9999.0 -9999.0 -9999.0 -9999.0 -1053.641811 -1226.555529 -876.965556 -1250.569199 -1395.312309 -1393.587337 -1380.165371 -745.725037 -732.718733 -747.949513 -695.169583 -925.950422 -935.193130 -929.904142 -925.597957 -973.719470 -938.884072 -710.044503 -912.107830 -1194.859657 -1218.312892 -1571.968310 -897.424519 -1422.579482 -1383.630169 -1411.965120 -1306.143608 -1529.378488 -1354.485202 -1149.813998 -1453.973268 -894.688518 -897.647023 -631.861020 -892.984790 -897.601331 -898.619113 -1101.268726 -1517.819563 -1311.941226 -1004.387069 -516.385608 -912.508902 -984.513110 -1222.708108 -1416.410820 -894.401407 -668.735809 -897.258332 -833.529593
-9999.0 -9999.0 -9999.0 -9999.0 -9999.0 -9999.0 -9999.0 -9999.0 -913.444972 -1270.439257 -1393.094139 -1601.451146 -1304.250238 -1247.832200 -1221.497556 -969.836730 -930.896428 -922.279809 -948.865552 -686.464062 -903.529883 -976.960820 -974.938421 -945.230619 -918.107486 -724.618057 -920.945486 -1141.173796 -893.629658 -1386.073074 -1219.040894 -898.565341 -1310.373716 -894.755649 -1274.018052 -1032.036604 -910.567892 -984.112900 -1431.664523 -1186.338446 -1526.364684 -897.416441 -897.631179 -1084.143438 -914.076730 -1113.137399 -895.261015 -1353.465520 -1333.706765 -903.433828 -676.477342 -913.566667 -701.065865 -1055.652808 -686.726269 -1157.134030 -925.879615 -907.932529
-9999.0 -9999.0 -9999.0 -9999.0 -9999.0 -9999.0 -9999.0 -9999.0 -1711.153536 -1060.885942 -1018.195128 -1523.689897 -1098.560603 -903.491325 -1054.974859 -1416.152225 -946.528250 -973.350484 -937.793863 -836.334580 -606.462442 -972.939169 -980.109172 -987.563673 -745.768216 -917.521091 -937.035341 -986.673207 -923.711205 -1134.011794 -898.699648 -958.817286 -1141.981838 -1033.451071 -993.357637 -896.215087 -1364.643714 -711.734779 -1499.135135 -1471.616702 -1266.705135 -894.075694 -1157.729809 -637.369709 -796.271824 -689.981543 -895.345573 -1189.264116 -917.949130 -962.447383 -676.841169 -882.132330 -1270.784911 -1407.949642 -877.267005 -858.137396 -882.939832 -912.222128
-9999.0 -9999.0 -9999.0 -9999.0 -9999.0 -9999.0 -9999.0 -9999.0 -897.496137 -1136.436357 -984.998305 -1011.246500 -1043.909426 -1092.906849 -1066.456130 -936.910812 -954.638502 -568.067443 -648.186793 -930.046738 -936.377763 -355.203508 -363.735156 -748.423283 -926.420373 -931.344803 -1361.061059 -1545.770985 -992.354877 -1048.173732 -1318.325141 -1165.463488 -1495.528299 -967.321029 -1004.108380 -908.529514 -885.946288 -697.761729 -1410.454509 -1420.631269 -1192.532949 -913.463335 -906.669621 -899.854105 -1126.714164 -897.606478 -765.003068 -899.359864 -940.697719 -1006.785295 -913.121387 -686.503463 -849.730880 -864.858401 -845.272810 -857.636626 -868.058922 30.049870
-9999.0 -9999.0 -9999.0 -9999.0 -9999.0 -9999.0 -9999.0 -9999.0 -1126.839642 -1139.214974 -986.191410 -1399.427685 -996.586298 -937.284694 -942.593064 -970.994841 -680.605801 -915.405439 -927.885529 -918.839604 -927.754150 -352.734615 -359.224915 -955.594742 -961.260698 -968.664455 -1223.239719 -979.947385 -972.192998 -961.243782 -1387.364441 -956.267954 -993.012726 -949.599355 -993.072710 -960.721871 -938.049361 -687.275242 -913.714172 -922.069102 -1011.914291 -1233.646275 -977.604688 -1398.741390 -1402.924485 -880.460073 -1054.284438 -971.609190 -977.394553 -961.618808 -945.162387 -886.358893 -693.032669 -852.057170 433.446495 414.688450 86.055192 -252.686591
-9999.0 -9999.0 -905.825448 -1099.068426 -1333.225258 -1378.549836 -1298.248916 -1310.503483 -1195.974697 -1198.162845 -1186.426229 -931.201906 -929.777486 -935.998219 -746.190007 -678.886934 -935.673983 -1279.875221 -1346.323211 -949.298051 -921.948728 -938.477154 -283.567848 -137.935326 -948.560778 -935.010039 -966.064237 -954.046184 -929.348121 -953.795920 -1195.373503 -985.041218 -936.955171 -927.380338 -957.731440 -915.960513 -914.553880 -704.514504 -898.964855 -922.366628 -936.261947 -977.546999 -930.879863 -925.688139 -1260.558603 -981.392136 -958.993125 -923.752746 -1019.399582 -959.976355 -947.722366 -624.217487 -651.042078 -622.021710 102.736563 102.085239 -839.988053 -857.249411
