erum2020/resources/simulation/Vinschgau/output-maps/psiL0001N0466.asc
ncols         63
nrows         48
xllcorner     598000.000000
yllcorner     5145000.000000
cellsize      1000.000000
NODATA_value  -9999.0
[rows 0 to 26 of 48, columns 0 to 60 of 63]
-9999.0 -9999.0 -9999.0 -9999.0 -9999.0 -9999.0 -9999.0 -9999.0 -9999.0 -9999.0 -9999.0 -9999.0 -9999.0 -9999.0 -9999.0 -9999.0 -9999.0 -9999.0 -9999.0 -9999.0 -9999.0 -9999.0 -9999.0 -9999.0 -9999.0 -9999.0 -9999.0 -9999.0 -9999.0 -9999.0 -9999.0 -9999.0 -9999.0 -9999.0 -9999.0 -9999.0 -9999.0 -9999.0 -9999.0 -9999.0 -9999.0 -9999.0 -9999.0 -9999.0 -9999.0 -9999.0 -9999.0 -9999.0 -9999.0 -9999.0 -9999.0 -9999.0 -9999.0 -9999.0 -9999.0 -9999.0 -9999.0 -9999.0 -9999.0 -9999.0 -9999.0
-9999.0 -9999.0 -9999.0 -9999.0 -9999.0 -9999.0 -9999.0 -9999.0 -9999.0 -9999.0 -9999.0 -9999.0 -9999.0 -9999.0 -9999.0 -9999.0 -9999.0 -9999.0 -9999.0 -9999.0 -9999.0 -9999.0 -9999.0 -9999.0 -9999.0 -9999.0 -9999.0 -114.582944 11.769810 -112.961215 22.536390 15.936567 463.457371 -9999.0 -9999.0 -9999.0 -9999.0 -9999.0 -9999.0 -9999.0 -9999.0 -9999.0 -9999.0 -9999.0 -9999.0 -9999.0 -9999.0 -9999.0 -9999.0 -9999.0 -9999.0 -9999.0 -9999.0 -9999.0 -9999.0 -9999.0 -9999.0 -9999.0 -9999.0 -9999.0 -9999.0
-9999.0 -9999.0 -9999.0 -9999.0 -9999.0 -9999.0 -9999.0 -9999.0 -9999.0 -9999.0 -9999.0 -9999.0 -9999.0 -9999.0 -9999.0 -9999.0 -9999.0 -9999.0 -9999.0 -9999.0 -9999.0 -9999.0 -9999.0 -9999.0 -291.678860 -362.029886 -326.303173 9.198406 22.544500 37.106513 11.971447 -9999.0 -9999.0 -9999.0 -9999.0 -9999.0 -9999.0 -9999.0 -9999.0 -9999.0 -9999.0 -9999.0 -9999.0 -9999.0 -9999.0 -9999.0 -9999.0 -9999.0 -9999.0 -9999.0 -9999.0 -9999.0 -9999.0 -9999.0 -9999.0 -9999.0 -9999.0 -9999.0 -9999.0 -9999.0 -9999.0
-9999.0 -9999.0 -9999.0 -9999.0 -9999.0 -9999.0 -9999.0 -9999.0 -9999.0 -9999.0 -9999.0 -9999.0 -9999.0 -9999.0 -9999.0 -9999.0 -9999.0 -9999.0 -9999.0 -9999.0 -9999.0 -9999.0 -9999.0 -352.981545 -161.444951 -786.835898 -849.957259 -899.271519 1.976315 -181.646572 11.424992 12.497124 -9999.0 -9999.0 -9999.0 -9999.0 -9999.0 -9999.0 -9999.0 -9999.0 -9999.0 -9999.0 -9999.0 -9999.0 -9999.0 -9999.0 -9999.0 -9999.0 -9999.0 -9999.0 -9999.0 -9999.0 -9999.0 -9999.0 -9999.0 -9999.0 -9999.0 -9999.0 -9999.0 -9999.0 -9999.0
-9999.0 -9999.0 -9999.0 -9999.0 -9999.0 -9999.0 -9999.0 -9999.0 -9999.0 -9999.0 -9999.0 -9999.0 -9999.0 -9999.0 -9999.0 -9999.0 -9999.0 -9999.0 -340.121597 -231.213503 -9999.0 5.044140 8.808564 -756.983840 -724.263483 -979.707128 -511.526119 -366.216721 -600.406698 -840.944008 10.005392 13.733785 -110.467978 -65.191254 -9999.0 -9999.0 -9999.0 -9999.0 -9999.0 -9999.0 -9999.0 -9999.0 -9999.0 -9999.0 -9999.0 -9999.0 -9999.0 -9999.0 -9999.0 -9999.0 -9999.0 -9999.0 -9999.0 -9999.0 -9999.0 -9999.0 -9999.0 -9999.0 -9999.0 -9999.0 -9999.0
-9999.0 -9999.0 -9999.0 -9999.0 -9999.0 -9999.0 -9999.0 -9999.0 -9999.0 -9999.0 -9999.0 -9999.0 -9999.0 -9999.0 -9999.0 -9999.0 -9999.0 -741.823220 -601.930757 -101.482311 -96.765089 -444.075941 -585.281913 -733.446832 -555.623495 -522.566814 -481.357850 9.725335 -437.016900 0.730933 37.856063 42.601724 -77.742079 -125.031223 -81.625701 -85.524185 -9999.0 -9999.0 -9999.0 -9999.0 -9999.0 -9999.0 -9999.0 -9999.0 -9999.0 -9999.0 -9999.0 -9999.0 -9999.0 -9999.0 -9999.0 -9999.0 -9999.0 -9999.0 -9999.0 -9999.0 -9999.0 -9999.0 -9999.0 -9999.0 -9999.0
-9999.0 -9999.0 -9999.0 -9999.0 -9999.0 -9999.0 -9999.0 -9999.0 -9999.0 -9999.0 -9999.0 -9999.0 -9999.0 15.103156 -383.605338 -547.842823 -641.069424 -56.629698 -712.784059 -672.898846 -562.022235 -659.559430 -819.889856 -522.763759 -506.010678 6.309218 -42.279422 23.034856 1.592218 5.280184 4536.486573 100.357937 68.169976 87.700367 -58.216517 -89.847246 -9999.0 -9999.0 -9999.0 -9999.0 -9999.0 -9999.0 -9999.0 -9999.0 -9999.0 -9999.0 -9999.0 -9999.0 -9999.0 -9999.0 -9999.0 -9999.0 -9999.0 -9999.0 -9999.0 -9999.0 -9999.0 -9999.0 -9999.0 -9999.0 -9999.0
-9999.0 -9999.0 -9999.0 -9999.0 -9999.0 -9999.0 -9999.0 -9999.0 -9999.0 -9999.0 -9999.0 -9999.0 -9999.0 15.707516 -455.398996 -594.440835 -593.573314 -334.397844 -56.712099 -763.482219 -766.318220 -297.009783 -517.983280 -453.119343 -491.817166 -406.898193 7.404934 -91.725886 -94.206952 12.015847 41.629872 30.416081 -70.824996 -92.345454 -53.429862 -9999.0 -9999.0 -9999.0 -9999.0 -9999.0 -9999.0 -9999.0 -9999.0 -9999.0 -9999.0 -9999.0 -9999.0 -9999.0 -9999.0 -9999.0 -9999.0 -9999.0 -9999.0 -9999.0 -9999.0 -9999.0 -9999.0 -9999.0 -9999.0 -9999.0 -9999.0
-9999.0 -9999.0 -9999.0 -9999.0 -9999.0 -9999.0 -9999.0 -9999.0 -9999.0 -9999.0 -9999.0 -9999.0 -9999.0 -497.479218 472.943224 -560.315683 -533.138140 -613.217360 -57.173605 -626.097366 12.386736 -44.553460 7.223489 -478.991133 -498.310187 11.817319 -106.095080 -83.548449 15.146882 -66.998112 38.800927 -32.794811 -24.821245 -38.879987 -67.551747 -9999.0 -9999.0 -9999.0 -9999.0 -9999.0 -9999.0 -9999.0 -9999.0 -9999.0 -9999.0 -9999.0 -9999.0 -9999.0 -9999.0 -9999.0 -9999.0 -9999.0 -9999.0 -9999.0 -9999.0 -9999.0 -9999.0 -9999.0 -9999.0 -9999.0 -9999.0
-9999.0 -9999.0 -9999.0 -9999.0 -9999.0 -9999.0 -9999.0 -9999.0 -9999.0 -9999.0 -9999.0 -9999.0 -550.545143 3337.104057 -433.270632 -127.336219 -396.088270 -505.146934 -381.876817 -100.409860 -529.856368 -447.652308 19.462703 -372.973808 1737.211940 12.348977 557.873399 13.953450 56.510042 -69.474363 4331.105689 -96.522031 46.888422 -72.842554 -9999.0 -9999.0 -9999.0 -9999.0 -9999.0 -9999.0 -9999.0 -9999.0 -9999.0 -9999.0 -9999.0 -9999.0 -9999.0 -9999.0 -9999.0 -9999.0 -9999.0 -9999.0 -9999.0 -9999.0 -9999.0 -9999.0 -9999.0 -9999.0 -9999.0 -9999.0 -9999.0
-9999.0 -9999.0 -9999.0 -9999.0 -9999.0 -9999.0 -9999.0 -9999.0 -9999.0 -9999.0 -9999.0 25.956442 16.467514 111.347104 -386.886508 17.776844 -68.168243 -418.153019 -180.559679 -61.014346 -371.793387 0.901489 18.357412 13.716811 43.798457 26.727518 14.274872 19.226625 1574.572553 -46.457441 -94.555760 60.415162 -83.837097 -77.129912 -107.900502 -141.040017 -1248.676526 -1897.997727 -2092.279646 -9999.0 -9999.0 -9999.0 -105.621350 -9999.0 -9999.0 -9999.0 -9999.0 -9999.0 -9999.0 -9999.0 -9999.0 -9999.0 -9999.0 -9999.0 -9999.0 -9999.0 -9999.0 -9999.0 -9999.0 -9999.0 -9999.0
-9999.0 -9999.0 -9999.0 -9999.0 -9999.0 -9999.0 -9999.0 -9999.0 -9999.0 -9999.0 -9999.0 24.788744 15.820026 39.599888 6.151877 13.707816 0.000000 -645.614425 -310.659872 -450.207869 12.494481 14.411755 19.430379 19.929107 37.145567 19.795156 14.474505 30.745958 -77.610107 -69.792279 27.225040 151.672024 10.800438 17.611170 -384.272342 -444.612471 -1919.694694 -3234.397970 -3365.028146 -51.605634 -48.796766 -41.534009 9.905198 -117.050164 -9999.0 -9999.0 -9999.0 2.399803 23.017720 -90.106492 29.977075 -70.055291 -75.087557 16.785966 38.278644 3.736510 -9999.0 -9999.0 -9999.0 -9999.0 -9999.0
-9999.0 -9999.0 -9999.0 -9999.0 -9999.0 -9999.0 -9999.0 -9999.0 -9999.0 -9999.0 -9999.0 38.910858 15.178332 52.012479 18.642295 17.942360 19.299098 16.925535 -186.756759 -449.003758 -370.374355 13.613354 16.588555 18.696260 18.079046 -102.669167 20.410675 1562.240489 -89.478890 16.764777 -104.103751 158.372134 11.739643 11.020369 -43.646510 -687.824945 -2542.849079 -4084.552694 -5624.017623 -1644.869737 -2725.188165 -898.447882 -387.746722 5.854180 12.030069 -9999.0 -53.611723 28.285240 30.473352 35.235883 33.629968 -97.970749 32.107000 28.497248 50.225025 38.776200 -9999.0 -9999.0 -9999.0 -9999.0 -9999.0
-9999.0 -9999.0 -9999.0 -9999.0 -9999.0 -9999.0 -9999.0 -9999.0 -9999.0 -9999.0 -9999.0 -9999.0 32.869616 42.025029 13.769867 16.872718 6.186553 -196.787001 5.174350 -440.324041 -365.673534 14.184031 28.556649 25.282296 21.616777 19.638719 991.270850 20.710950 23.762880 -102.928151 15.782604 79.315910 9.245121 10.261813 6.778105 -568.281597 -2874.431955 -4907.708926 -7740.775743 -4340.696806 -2542.261863 -49.206797 -538.594269 -138.782304 -108.424800 19.308466 -84.547963 23.978338 33.152693 34.278438 6.399381 193.474033 899.634831 165.916624 114.939603 64.625863 35.469007 -9999.0 -9999.0 -9999.0 -9999.0
-9999.0 -9999.0 -9999.0 -9999.0 -9999.0 -9999.0 -9999.0 -9999.0 -9999.0 -9999.0 -9999.0 27.827270 17.314939 24.161732 53.098444 29.891478 23.317468 17.717601 10.672164 -519.227184 -409.097429 -246.180837 14.112318 12.504389 16.669061 26.461440 22.515681 16.216422 13.461237 -105.413045 16.442723 100.845091 22.219494 11.772010 11.196318 3.512339 -2645.043713 -3739.074123 -3673.004025 -3708.866413 -1658.485412 -1131.427672 -462.127669 -34.906475 11.544014 14.153844 38.575440 -115.110210 -124.909743 3.238139 -30.181519 26.415878 66.299089 -4.448173 -2.410229 -23.358496 -63.459533 -9999.0 -9999.0 -9999.0 -9999.0
-9999.0 -9999.0 -9999.0 -9999.0 -9999.0 -9999.0 -9999.0 -9999.0 -9999.0 -9999.0 1030.466523 30.271153 19.611616 17.389530 16.889448 950.196772 950.723693 -403.336175 -494.795256 -536.526055 -416.684026 -467.446706 -180.656757 8.930335 -307.237899 1041.879064 21.452869 -5.494459 17.671680 16.120702 74.993236 337.154963 20.379766 18.571005 -62.808931 -54.765031 -603.230991 -1547.316340 -1204.123212 -990.358684 -753.523212 -41.693145 -50.286338 -532.540520 -348.131535 -113.070457 19.798550 28.135221 35.734603 1.758346 -24.726393 -63.515249 -1.230735 -29.396843 -36.013597 54.107980 64.234846 -9999.0 -9999.0 -9999.0 -9999.0
-9999.0 -9999.0 -9999.0 -9999.0 -9999.0 -9999.0 -9999.0 -9999.0 -9999.0 25.553320 33.728656 54.867291 43.117883 16.908251 -249.880364 22.185248 10.580984 11.089075 -456.494547 -570.348849 -497.640455 -527.108273 -382.006752 -500.154625 -375.468819 14.464281 -203.307670 14.354944 16.445276 6.323847 3.433700 17.962821 -90.680366 -56.314218 -104.845167 -115.456737 12.287626 -581.883488 -807.001091 -362.355505 -366.005649 -496.401292 -578.397183 -682.720160 -623.095719 -480.159544 11.353652 -531.592938 -485.675427 2.073454 43.796999 -68.462767 -26.757991 -15.709034 -66.266403 100.472477 176.770302 -80.681011 -70.997349 -9999.0 -9999.0
-9999.0 -9999.0 -9999.0 -9999.0 -9999.0 -9999.0 -9999.0 -9999.0 -9999.0 95.951185 31.679934 23.751430 2232.091562 4.619669 -167.867649 3.630894 14.859860 6.995744 -556.662052 -649.272384 -664.788094 -743.174753 -416.168809 9.204396 14.919794 -332.823850 -305.001217 -226.226458 2.000954 2.871293 22.516844 25.239110 28.052710 15.654304 22.097323 -95.315421 -95.076774 -100.352637 -319.091704 11.795647 -368.554565 -465.257349 -575.589504 -381.765979 -566.172527 -587.216073 -559.538003 -635.301708 -580.651030 1.961784 22.253655 26.004581 -40.742328 39.292945 -38.931917 56.879494 151.115112 103.532473 -89.669625 -9999.0 -9999.0
-9999.0 -9999.0 -9999.0 -9999.0 -9999.0 -9999.0 -9999.0 -9999.0 -9999.0 -9999.0 23.083660 36.833307 33.819649 1260.130439 -287.072020 4.130258 3.023458 -447.077616 -600.587258 -567.531257 -566.383637 -378.461696 -298.017427 15.530667 -385.483358 -358.248415 -442.378029 2.228214 22.593961 20.625418 23.532056 2134.522375 20.474846 20.504902 31.496826 38.534125 -430.747416 -251.474722 -89.005649 17.513540 11.757069 12.101014 2322.826482 12.069501 10.422745 -347.025933 -274.478095 -362.328820 -492.850322 14.970135 28.870400 40.402700 -73.009804 -64.177892 30.615114 37.036787 67.007222 8898.067593 27.764264 -346.537509 -9999.0
-9999.0 -9999.0 -9999.0 -9999.0 -9999.0 -9999.0 -9999.0 -9999.0 -9999.0 -9999.0 32.937118 27.862907 21.348063 29.499381 2.417822 -367.239020 -419.239298 -492.528167 -623.928649 -617.597668 -608.012709 -551.691895 -503.714956 -522.846225 -442.915167 -436.763746 2.159766 28.258328 27.633592 20.783437 20.793529 48.739123 -9.049385 16.136769 15.953132 35.146506 1909.317387 11.113094 18.957220 15.293345 21.246427 -61.983190 53.241021 15.052962 15.929654 12.890265 11.125182 12.304871 3.223724 2.871953 34.080268 36.456588 41.148152 -72.616683 -67.932566 -79.830583 22.297100 22.404438 45.454739 28.987449 -9999.0
-9999.0 -9999.0 -9999.0 -9999.0 -9999.0 -9999.0 -9999.0 -9999.0 28.124679 20.552038 17.103401 36.918456 205.101342 34.632960 27.161226 2.713949 -539.988110 -682.153784 -667.249998 -647.039180 -737.978098 -708.945489 -655.425034 -680.644258 -583.266880 -234.806233 24.780290 25.104538 34.753265 35.485244 -78.671773 27.374082 22.384897 16.582560 33.158582 12.245395 12.221757 10.690701 13.188092 -92.093743 -95.311256 43.687076 -23.402650 -88.903069 -119.907313 1111.732440 17.885443 16.854466 14.254947 1.836837 33.349589 42.565570 42.117828 35.962834 -93.187728 28.122290 -96.659454 19.758359 13.373039 18.028402 -9999.0
-9999.0 -9999.0 -9999.0 -9999.0 -9999.0 -9999.0 -9999.0 -9999.0 1183.171521 44.815598 30.401312 18.538467 18.520038 948.972450 11.879648 6.959346 -390.052885 -506.228468 -741.795430 -703.458548 -827.077813 -953.386709 -737.937035 -910.487914 -734.322816 -233.442881 28.668778 30.219764 49.285964 19.326052 18.604587 -102.119145 40.101950 -102.579796 31.039294 18.898320 32.464089 32.243556 22.350920 21.666201 22.780159 19.251517 -88.932167 23.217170 1334.981054 27.582467 -15.240724 19.703835 16.128389 -144.865938 2.626340 28.268940 35.852354 22.757069 20.946414 -34.205216 18.630712 18.676181 -334.991945 -387.874042 -534.317660
-9999.0 -9999.0 -9999.0 -9999.0 -9999.0 -9999.0 -9999.0 -9999.0 22.134821 1633.342830 26.324600 25.143328 132.772130 28.094998 19.540670 15.554251 -450.589871 -586.357599 -760.784493 -737.483986 -776.299752 -1026.657693 -1031.221549 -824.570798 -760.255843 -532.660466 -271.872151 18.740648 20.391504 21.750471 -104.714495 34.216924 29.204471 27.466196 28.565326 55.811430 30.030373 4.592682 31.675391 35.342218 30.495309 -97.450535 28.672816 1350.360561 18.534477 24.380492 -96.553111 18.738514 11.887863 5.496103 -228.121479 25.856469 23.649107 19.421412 22.321378 30.784221 23.243289 11.033936 -486.374130 -439.698562 -480.859773
-9999.0 -9999.0 -9999.0 -9999.0 -9999.0 -9999.0 -9999.0 -9999.0 -82.283358 25.149269 62.565510 27.645301 28.885379 30.511477 28.002155 12.105107 -654.629238 -691.707870 -561.063202 -762.657739 -746.520222 -798.596773 -1140.690649 -1138.910575 -666.513703 -452.720742 -347.346513 15.285228 12.873520 26.238863 18.241304 29.325733 28.873360 41.148043 25.953316 11.577087 8.925244 3.057712 24.239323 28.151507 17.602806 24.311405 28.185138 -102.200243 14.803641 -102.449775 21.589472 -105.316178 11.014218 -211.488074 -356.467656 2.840326 17.167818 9.090006 15.274903 25.791500 23.624635 8.777885 -514.552909 -469.543722 -402.667987
-9999.0 -9999.0 -9999.0 -9999.0 -9999.0 -9999.0 -9999.0 -9999.0 16.476037 26.753107 2212.662814 20.610312 32.919599 32.499730 25.584652 -257.410360 2.939298 -400.604442 -297.732201 -488.017755 -696.146103 -797.208131 -875.397344 -933.901927 -1022.333924 -551.617399 -471.170163 -417.905541 -434.698759 27.109099 15.279625 23.688506 41.601629 28.696302 15.420531 7.935604 -280.590489 3.293212 31.623872 22.591849 18.206495 22.112564 31.537556 18.126795 16.397125 16.256420 17.010290 25.255576 -369.956893 -564.557746 -633.081990 -599.400017 -407.722363 -528.867563 60.868476 68.095084 -252.891947 -393.057408 -398.600373 -420.291006 -381.307061
-9999.0 -9999.0 19.205646 21.383043 587.202336 -161.079537 86.362507 41.142272 24.636717 28.484623 29.680349 82.842582 39.171096 35.839097 2.979755 2.871949 16.887135 6.792255 -313.509551 -256.604020 -562.297640 -658.915030 -490.103820 -1041.172082 -746.169540 -667.133881 -547.084240 -527.977817 -532.771162 -289.730788 -418.515824 3.139078 46.871187 12.549740 -306.510653 -360.673064 -483.201721 -251.061958 23.957700 17.017041 11.025123 15.496319 33.050912 -329.644264 7.835892 -152.587118 -335.833574 -212.225920 -614.404104 -604.751195 -670.798168 -566.463158 -345.795627 3.012406 3.182939 3.577568 15.939608 -317.383443 -299.521003 -301.256333 12.311891
-9999.0 -332.525831 24.776180 23.023724 -236.243866 47.823402 76.613193 34.191744 32.163879 26.644538 29.859374 25.761514 43.206449 57.333830 2.882494 23.968419 21.479394 17.755286 -335.214002 -411.357612 -635.763411 -590.141912 37.402989 -581.789329 -993.883089 -786.873712 -788.436529 -746.646672 -625.610951 -492.824419 -648.994234 -582.540679 4.403246 -378.970632 -562.598251 -568.541194 -589.727922 -568.454107 -275.079357 -365.338563 -551.772256 -419.105947 21.616080 -523.120807 -553.793423 -595.448428 -510.335605 -709.230970 -654.380450 -612.289376 -478.599199 -346.074401 14.927672 38.282003 24.156247 16.858119 21.882828 12.625086 13.319436 15.247142 17.768285
