erum2020/resources/simulation/Vinschgau/output-maps/psiL0003N1338.asc
ncols         63
nrows         48
xllcorner     598000.000000
yllcorner     5145000.000000
cellsize      1000.000000
NODATA_value  -9999.0
[rows 0 to 24 of 48, columns 0 to 56 of 63]
-9999.0 -9999.0 -9999.0 -9999.0 -9999.0 -9999.0 -9999.0 -9999.0 -9999.0 -9999.0 -9999.0 -9999.0 -9999.0 -9999.0 -9999.0 -9999.0 -9999.0 -9999.0 -9999.0 -9999.0 -9999.0 -9999.0 -9999.0 -9999.0 -9999.0 -9999.0 -9999.0 -9999.0 -9999.0 -9999.0 -9999.0 -9999.0 -9999.0 -9999.0 -9999.0 -9999.0 -9999.0 -9999.0 -9999.0 -9999.0 -9999.0 -9999.0 -9999.0 -9999.0 -9999.0 -9999.0 -9999.0 -9999.0 -9999.0 -9999.0 -9999.0 -9999.0 -9999.0 -9999.0 -9999.0 -9999.0 -9999.0
-9999.0 -9999.0 -9999.0 -9999.0 -9999.0 -9999.0 -9999.0 -9999.0 -9999.0 -9999.0 -9999.0 -9999.0 -9999.0 -9999.0 -9999.0 -9999.0 -9999.0 -9999.0 -9999.0 -9999.0 -9999.0 -9999.0 -9999.0 -9999.0 -9999.0 -9999.0 -9999.0 -287.754246 -1097.955957 -250.042890 -616.044387 -699.725192 -194.044513 -9999.0 -9999.0 -9999.0 -9999.0 -9999.0 -9999.0 -9999.0 -9999.0 -9999.0 -9999.0 -9999.0 -9999.0 -9999.0 -9999.0 -9999.0 -9999.0 -9999.0 -9999.0 -9999.0 -9999.0 -9999.0 -9999.0 -9999.0 -9999.0
-9999.0 -9999.0 -9999.0 -9999.0 -9999.0 -9999.0 -9999.0 -9999.0 -9999.0 -9999.0 -9999.0 -9999.0 -9999.0 -9999.0 -9999.0 -9999.0 -9999.0 -9999.0 -9999.0 -9999.0 -9999.0 -9999.0 -9999.0 -9999.0 -761.064752 -806.317565 -863.357871 -775.410717 -750.202109 -965.452091 -555.177020 -9999.0 -9999.0 -9999.0 -9999.0 -9999.0 -9999.0 -9999.0 -9999.0 -9999.0 -9999.0 -9999.0 -9999.0 -9999.0 -9999.0 -9999.0 -9999.0 -9999.0 -9999.0 -9999.0 -9999.0 -9999.0 -9999.0 -9999.0 -9999.0 -9999.0 -9999.0
-9999.0 -9999.0 -9999.0 -9999.0 -9999.0 -9999.0 -9999.0 -9999.0 -9999.0 -9999.0 -9999.0 -9999.0 -9999.0 -9999.0 -9999.0 -9999.0 -9999.0 -9999.0 -9999.0 -9999.0 -9999.0 -9999.0 -9999.0 -861.385732 -1023.275872 -3097.218091 -3105.600346 -3162.846866 -3182.894210 -1360.132622 -573.515693 -230.003904 -9999.0 -9999.0 -9999.0 -9999.0 -9999.0 -9999.0 -9999.0 -9999.0 -9999.0 -9999.0 -9999.0 -9999.0 -9999.0 -9999.0 -9999.0 -9999.0 -9999.0 -9999.0 -9999.0 -9999.0 -9999.0 -9999.0 -9999.0 -9999.0 -9999.0
-9999.0 -9999.0 -9999.0 -9999.0 -9999.0 -9999.0 -9999.0 -9999.0 -9999.0 -9999.0 -9999.0 -9999.0 -9999.0 -9999.0 -9999.0 -9999.0 -9999.0 -9999.0 -1557.016210 -1208.337195 -9999.0 -980.136524 -1099.911366 -3087.463820 -3008.145253 -3068.241759 -1881.452568 -2508.239446 -1992.270486 -2726.302875 -1080.416815 -666.513971 -166.872369 -194.249912 -9999.0 -9999.0 -9999.0 -9999.0 -9999.0 -9999.0 -9999.0 -9999.0 -9999.0 -9999.0 -9999.0 -9999.0 -9999.0 -9999.0 -9999.0 -9999.0 -9999.0 -9999.0 -9999.0 -9999.0 -9999.0 -9999.0 -9999.0
-9999.0 -9999.0 -9999.0 -9999.0 -9999.0 -9999.0 -9999.0 -9999.0 -9999.0 -9999.0 -9999.0 -9999.0 -9999.0 -9999.0 -9999.0 -9999.0 -9999.0 -2947.955456 -2896.533248 -8992.866166 -5673.638322 -1391.530071 -2781.298860 -2968.986723 -2604.404419 -1210.670776 83165.353936 -1900.682302 8044.845331 -1606.867533 -1023.141016 -1152.765006 -281.347943 -310.976795 -198.591238 -203.434315 -9999.0 -9999.0 -9999.0 -9999.0 -9999.0 -9999.0 -9999.0 -9999.0 -9999.0 -9999.0 -9999.0 -9999.0 -9999.0 -9999.0 -9999.0 -9999.0 -9999.0 -9999.0 -9999.0 -9999.0 -9999.0
-9999.0 -9999.0 -9999.0 -9999.0 -9999.0 -9999.0 -9999.0 -9999.0 -9999.0 -9999.0 -9999.0 -9999.0 -9999.0 -2899.318453 -2899.753644 -2817.411901 -2922.167680 -7496.500152 -2919.093011 -3018.561764 -2981.485246 -2955.086195 -3022.400372 -3059.970470 -1105.315562 -1078.141193 -552.618258 -646.003918 -1754.643823 -875.810711 547395.204151 -783.243813 -916.386411 -665.554402 -136.994605 -183.735229 -9999.0 -9999.0 -9999.0 -9999.0 -9999.0 -9999.0 -9999.0 -9999.0 -9999.0 -9999.0 -9999.0 -9999.0 -9999.0 -9999.0 -9999.0 -9999.0 -9999.0 -9999.0 -9999.0 -9999.0 -9999.0
-9999.0 -9999.0 -9999.0 -9999.0 -9999.0 -9999.0 -9999.0 -9999.0 -9999.0 -9999.0 -9999.0 -9999.0 -9999.0 -1959.098047 -3036.891183 -2906.933389 -2890.986287 -2528.146335 -7508.560370 -3020.842746 -2905.521924 -3232.866541 -2802.269948 -2256.800158 -2882.960797 -2883.476051 -1099.829410 -291.869996 -167.337998 84339.141144 5256.862758 -767.552301 -134.896645 -114.228418 -114.406369 -9999.0 -9999.0 -9999.0 -9999.0 -9999.0 -9999.0 -9999.0 -9999.0 -9999.0 -9999.0 -9999.0 -9999.0 -9999.0 -9999.0 -9999.0 -9999.0 -9999.0 -9999.0 -9999.0 -9999.0 -9999.0 -9999.0
-9999.0 -9999.0 -9999.0 -9999.0 -9999.0 -9999.0 -9999.0 -9999.0 -9999.0 -9999.0 -9999.0 -9999.0 -9999.0 -3071.212167 346.918662 -3113.307798 -2884.219878 -2891.600138 -7578.822489 -2923.081717 -2995.883319 -7989.326878 -1405.514166 -749.709028 -2957.236047 -2917.714260 -432.290959 -182.949244 -277.628466 -131.015242 -457.747324 -76.505413 -120.714311 -36.266389 -145.692579 -9999.0 -9999.0 -9999.0 -9999.0 -9999.0 -9999.0 -9999.0 -9999.0 -9999.0 -9999.0 -9999.0 -9999.0 -9999.0 -9999.0 -9999.0 -9999.0 -9999.0 -9999.0 -9999.0 -9999.0 -9999.0 -9999.0
-9999.0 -9999.0 -9999.0 -9999.0 -9999.0 -9999.0 -9999.0 -9999.0 -9999.0 -9999.0 -9999.0 -9999.0 -3012.116157 6238.759459 -3075.790482 -2962.647050 -2685.056336 -2847.625926 -3373.436845 -9282.924279 -2964.806717 -1685.013339 -2915.384633 -1194.815093 595281.303772 -1143.577555 626951.343006 -518.228930 -726.943149 -117.489158 -335.661278 -133.268677 -98.279085 -207.423449 -9999.0 -9999.0 -9999.0 -9999.0 -9999.0 -9999.0 -9999.0 -9999.0 -9999.0 -9999.0 -9999.0 -9999.0 -9999.0 -9999.0 -9999.0 -9999.0 -9999.0 -9999.0 -9999.0 -9999.0 -9999.0 -9999.0 -9999.0
-9999.0 -9999.0 -9999.0 -9999.0 -9999.0 -9999.0 -9999.0 -9999.0 -9999.0 -9999.0 -9999.0 -1731.030318 -3075.118361 24.747591 -3092.626555 -2496.646849 -9709.203048 -2897.365944 -2131.209014 -10275.468004 -2849.106288 -2899.554434 -1998.969186 -1052.840542 -2093.545586 -963.356889 -353.399893 -971.016624 3176.835501 -116.989183 -156.253871 -843.141374 -128.683724 -177.816367 -141.001568 -188.005134 -567.195438 -848.967619 -1407.960331 -9999.0 -9999.0 -9999.0 -223.153968 -9999.0 -9999.0 -9999.0 -9999.0 -9999.0 -9999.0 -9999.0 -9999.0 -9999.0 -9999.0 -9999.0 -9999.0 -9999.0 -9999.0
-9999.0 -9999.0 -9999.0 -9999.0 -9999.0 -9999.0 -9999.0 -9999.0 -9999.0 -9999.0 -9999.0 -1779.935167 -3110.292834 -3229.241446 -3218.181779 -3215.456490 -3288.808704 -2940.962130 -2339.911588 -3184.515456 -2762.359667 -2667.765500 -781.787109 1198890.727813 1277852.880182 -1099.851132 -885.392180 -905.496147 -202.909220 -146.585050 -881.999705 -860.406587 -226.989143 -184.565957 -311.461457 -958.193931 -1223.935738 -2156.794376 -1336.899038 -210.973228 -191.455415 -181.316976 -645.364170 -167.682529 -9999.0 -9999.0 -9999.0 -904.251303 -436.590992 -100.163553 -182.323358 -113.177797 -110.567282 -986.858395 -488.145514 -108.651284 -9999.0
-9999.0 -9999.0 -9999.0 -9999.0 -9999.0 -9999.0 -9999.0 -9999.0 -9999.0 -9999.0 -9999.0 -1693.416871 -1960.654001 -2541.991223 -1633.928221 -3290.568429 -2830.863457 -2844.200637 -3346.246072 -3185.730392 -1998.576655 -986.214909 1138211.067988 -660.085395 -1118.875425 -296.180557 1344204.591642 1364087.030078 -214.293463 -287.202497 -181.979804 1346597.029755 -861.574346 -169.806725 -124.192223 -996.559210 1343308.901010 1063686.785358 -2757.890549 -266.824405 -983.246862 -697.973931 -845.546959 -891.962422 -187.605027 -9999.0 -181.740557 -167.827208 -563.512716 -842.695220 -1384.615606 -253.454201 -967.327256 -542.937442 -802.118667 -171.105105 -9999.0
-9999.0 -9999.0 -9999.0 -9999.0 -9999.0 -9999.0 -9999.0 -9999.0 -9999.0 -9999.0 -9999.0 -9999.0 -1571.729128 -735.631224 -2113.002211 -2163.592521 -2260.960971 -2789.735549 -2387.375469 -3158.311994 -2711.119522 -2244.190839 828.029209 854854.383351 1352686.888290 1390487.282370 2265.966186 -1565.031273 -595.091849 -157.817933 -820.736900 1398067.348159 -1658.346822 -429.457956 -182.825391 -942.580061 1329582.329784 939795.088644 -1359.688805 -2626.342834 -1892.649209 -505.517527 1065421.081906 -787.807593 -148.217541 -232.263574 -133.805851 -174.537963 1297422.305874 1141034.992205 64911.810286 1202410.565542 1203991.602622 1217446.583997 1227188.182193 -421.422449 -164.029885
-9999.0 -9999.0 -9999.0 -9999.0 -9999.0 -9999.0 -9999.0 -9999.0 -9999.0 -9999.0 -9999.0 751693.950229 -1150.727034 -3228.186427 -677.078451 -1487.358195 -2755.030033 -2700.888930 -3187.504675 -2727.109762 -2770.412958 -1644.739901 -266.108425 1343805.756821 1378155.989021 1440732.382165 1335254.481371 -549.503504 -458.351934 -289.513401 1401418.716892 1404133.721305 -1180.969448 -490.570448 -294.359329 -798.807175 -1016.975908 222002.938027 -993.714803 -3159.459264 241567.493050 -1791.814211 64.352836 -269.426550 -1693.342458 -559.596228 -831.789134 -265.065484 -241.934042 2199.104326 414921.500546 -625.070104 317510.659193 48351.154807 36068.101626 461.039288 -108.096018
-9999.0 -9999.0 -9999.0 -9999.0 -9999.0 -9999.0 -9999.0 -9999.0 -9999.0 -9999.0 2115.935190 52052.993101 -1113.773222 -1285.175123 -1661.328003 2000.591594 2002.176897 -1373.424125 -2803.478811 -2659.598013 -2847.162103 -1320.398424 1800880.172640 -1060.486787 -127.121094 970702.821943 1373685.630658 350452.865477 -1876.243000 -1472.001121 63359.355133 592081.947727 -1179.512194 -483.951310 -160.878993 -201.331742 -1194.595356 1005223.843499 1536400.025517 -379.637533 -785.628292 -61.785956 -102.478002 -1013.099546 30.153208 -300.780399 -1013.972411 508973.857061 1073256.488746 -600.735599 69128.659457 -107.197996 37387.410008 624.280069 -110.815682 -436.885550 -486.005221
-9999.0 -9999.0 -9999.0 -9999.0 -9999.0 -9999.0 -9999.0 -9999.0 -9999.0 -1044.358492 -735.960741 14689.626544 -547.548051 433377.607684 78825.790143 1225.434328 20184.379034 -1743.233077 -2844.289233 -2762.835251 -2980.510343 -2543.331840 -2306.710988 -2361.262449 -545.121277 1865478.393035 1378254.982845 -1109.590004 34947.796414 -572.442000 -371.141259 1816460.262411 -197.583693 -155.262849 -182.374573 -193.715320 -1093.288934 1527732.669127 1372378.521309 45601.796653 1503523.374161 1858087.377421 1879483.276246 -1977.167006 -2084.409215 -151.022842 -1890.935553 837933.380059 763713.731054 -403.175505 1134754.088404 -105.943519 497.850192 -112.166968 -101.402913 196880.471323 223076.815833
-9999.0 -9999.0 -9999.0 -9999.0 -9999.0 -9999.0 -9999.0 -9999.0 -9999.0 -1078.256525 -1082.761324 -1658.622616 4716.793733 -828.989433 37270.860594 507943.642720 -1160.049385 -1870.957780 -2890.398746 -3170.515511 -3110.390810 -3235.733918 -1905.503304 -745.688376 1861686.408785 1440674.785064 499000.075932 -474.577348 -589.875710 -793.258214 -1291.023603 1760479.170617 -862.157677 -174.039452 -547.269514 -202.609979 -257.941421 -454.996951 -1107.259514 -1320.080731 1437119.351773 1419024.739291 162384.489608 -826.135918 -1799.777770 -1783.231775 -2393.503377 -1882.608493 -877.064526 -789.424934 1799271.430251 1155292.739531 -130.374115 104696.322559 58.317453 330485.445352 344028.392872
-9999.0 -9999.0 -9999.0 -9999.0 -9999.0 -9999.0 -9999.0 -9999.0 -9999.0 -9999.0 -790.548355 -1300.802085 -369.587501 644245.745375 -961.740578 16392.271636 -1024.919590 -2749.227902 -2946.536221 -2961.582026 -3094.612407 -2831.883577 -87.136308 1695666.668361 1339012.022061 4900.785522 -419.396871 -844.806653 -1034.332299 1870518.321718 1842437.905952 1824638.854875 1288233.522266 -376.391809 -718.881004 -1148.363135 -967.789422 -906.331561 -240.465740 -896.729960 -684.834249 -774.018933 4782.494857 -159.769535 -1261.625712 -827.286710 -2666.600994 -1897.184517 -2869.641686 -1297.387569 1793256.612804 596532.060277 -110.066834 -25.093638 143194.903510 -115.810402 -390.949288
-9999.0 -9999.0 -9999.0 -9999.0 -9999.0 -9999.0 -9999.0 -9999.0 -9999.0 -9999.0 -524.156990 -937.621054 -880.436946 -843.839850 -752.484332 -1535.351786 -1255.810349 -2653.167587 -2955.617489 -3067.133013 -2882.885809 -2783.286785 7895.599270 9760.671482 3381.260530 -554.340284 -874.584405 725.725609 1876693.501797 1319819.062031 -878.542454 -558.456948 211753.270556 -217.215382 -985.079063 -813.206435 287336.497316 39033.760398 1276746.982499 -497.064346 -921.571768 -512.533572 762058.923265 -1354.780483 -845.223889 1894727.565062 -819.692088 -435.785474 -2747.121780 -2775.516530 -258.619315 1241443.619093 1185910.360137 -87.870320 722.237345 -114.148594 -149.636979
-9999.0 -9999.0 -9999.0 -9999.0 -9999.0 -9999.0 -9999.0 -9999.0 -637.262049 -707.423264 -670.293969 -585.183945 678768.616009 163300.694493 235955.846795 -1162.645874 -2901.332466 -3238.987927 -3131.977895 -3092.602890 -3007.656528 -2989.639814 -2968.657137 -2906.771755 -1630.819372 -833.275385 -741.270385 1970817.836659 1507767.217142 1311484.002902 -104.529158 -872.819635 -920.651444 -299.609625 -823.195533 -1083.313002 -2254.503539 1610.699308 1857167.010017 -212.572192 -311.387586 -782.605726 483017.166358 -226.638713 -1473.070322 2069.127684 1828405.031725 224249.370052 -199.555500 -1004.302823 -531.421698 1372973.566403 556160.337278 1068327.902397 -152.686678 -279.337013 -122.870672
-9999.0 -9999.0 -9999.0 -9999.0 -9999.0 -9999.0 -9999.0 -9999.0 -305171793.249147 557771.455052 1311568.323238 -444.264354 -1020.196082 1297504.514594 1847497.011872 -898.734714 -2668.187988 -2771.515685 -2998.157872 -3126.751159 -2431.327437 -3447.390021 -3546.372559 -3551.995874 -2901.957702 -2298.579667 -644.345034 58066.877298 128557.083518 -481.610859 -171.829262 -248.801453 -930.828467 -274.094118 -638.503071 -805.858030 -2274.766221 -349.364032 105138.250085 -1101.802387 -925.732748 -1024.871149 -296.336974 -1207.676135 2559.869584 1087308.774846 422474.848722 -983.844599 31598.341324 -807.787401 -619.224552 42616.786587 527056.622652 -121.089073 -992.229980 -18.315580 1148038.423958
-9999.0 -9999.0 -9999.0 -9999.0 -9999.0 -9999.0 -9999.0 -9999.0 -952.213786 3276.056148 -403.201899 1278192.615998 -501.763268 436044.103246 834301.133570 1845317.349096 -1566.549029 -2874.656814 -2972.769240 -2405.529447 -3155.872036 -3404.613419 -3483.813316 -3115.212020 -3209.116645 -2750.121532 -720.067843 1922509.374226 178769.546959 -897.472506 -290.111314 -664.220505 1320456.669211 1378534.558863 -749.679159 -1951.436644 -821.080029 -818.285340 26086.261935 551653.664061 -1018.049924 -383.606779 -722.875592 2376.077850 1383707.102075 -702.907007 -231.052486 -639.621735 1400965.085561 -30.546499 -1182.388554 -451.604167 231684.892946 564486.746019 93057.011414 127.656132 -398.033528
-9999.0 -9999.0 -9999.0 -9999.0 -9999.0 -9999.0 -9999.0 -9999.0 -114.468595 -968.584474 213248.559178 111033.059660 -671.483383 1309469.934484 1810772.854570 -599.786892 -2831.167445 -2923.157511 -3034.461723 -2969.446584 -3086.048131 -3108.912156 -3275.996840 -3184.415792 -2746.102994 -1609.252505 291619.720593 1869395.216439 -883.393102 1371994.831540 842487.118952 90890.583966 -421.342840 51.507582 7055.418462 -2653.784453 -2926.042950 -2757.868906 -1086.072100 -181.071463 -1497.820144 -1632.902319 -1549.340419 -827.661775 -797.907737 -350.698620 -2075.529135 -316.310058 -1055.928180 1205514.735999 11.417488 -1568.172275 -545.771393 47479.386355 -335.316976 -516.579404 -1883.702346
-9999.0 -9999.0 -9999.0 -9999.0 -9999.0 -9999.0 -9999.0 -9999.0 -212.361179 -579.877163 -2504.369994 1893214.387534 1911501.183334 1928928.896273 -478.473356 -1556.714763 -1405.365119 -2626.173063 -2124.047174 -2781.507029 -2892.659826 -3021.420132 -3006.200672 -2939.673321 -3112.881464 -1607.457366 1865615.273036 3902.679065 -795.575515 51.018144 1786916.118227 -482.748549 -1805.521252 -768.135750 -1444.297526 -2728.312136 -2800.340864 -2841.601868 -2810.585603 -1549.056778 -1988.446131 -2598.437359 -1221.667702 -934.093137 991564.518672 -1837.996663 49499.115076 1323.299939 93132.364854 -527.468194 -2316.211034 -2124.058293 -1596.879698 -1061.661635 -695.189988 -764.763616 -1362.623926
