erum2020/resources/simulation/Vinschgau/output-maps/psiL0008N0272.asc
ncols         63
nrows         48
xllcorner     598000.000000
yllcorner     5145000.000000
cellsize      1000.000000
NODATA_value  -9999.0
[rows 0 to 25 of 48, columns 0 to 57 of 63]
-9999.0 -9999.0 -9999.0 -9999.0 -9999.0 -9999.0 -9999.0 -9999.0 -9999.0 -9999.0 -9999.0 -9999.0 -9999.0 -9999.0 -9999.0 -9999.0 -9999.0 -9999.0 -9999.0 -9999.0 -9999.0 -9999.0 -9999.0 -9999.0 -9999.0 -9999.0 -9999.0 -9999.0 -9999.0 -9999.0 -9999.0 -9999.0 -9999.0 -9999.0 -9999.0 -9999.0 -9999.0 -9999.0 -9999.0 -9999.0 -9999.0 -9999.0 -9999.0 -9999.0 -9999.0 -9999.0 -9999.0 -9999.0 -9999.0 -9999.0 -9999.0 -9999.0 -9999.0 -9999.0 -9999.0 -9999.0 -9999.0 -9999.0
-9999.0 -9999.0 -9999.0 -9999.0 -9999.0 -9999.0 -9999.0 -9999.0 -9999.0 -9999.0 -9999.0 -9999.0 -9999.0 -9999.0 -9999.0 -9999.0 -9999.0 -9999.0 -9999.0 -9999.0 -9999.0 -9999.0 -9999.0 -9999.0 -9999.0 -9999.0 -9999.0 -252.615988 -252.619179 -252.656578 -253.635263 -253.801471 -253.801759 -9999.0 -9999.0 -9999.0 -9999.0 -9999.0 -9999.0 -9999.0 -9999.0 -9999.0 -9999.0 -9999.0 -9999.0 -9999.0 -9999.0 -9999.0 -9999.0 -9999.0 -9999.0 -9999.0 -9999.0 -9999.0 -9999.0 -9999.0 -9999.0 -9999.0
-9999.0 -9999.0 -9999.0 -9999.0 -9999.0 -9999.0 -9999.0 -9999.0 -9999.0 -9999.0 -9999.0 -9999.0 -9999.0 -9999.0 -9999.0 -9999.0 -9999.0 -9999.0 -9999.0 -9999.0 -9999.0 -9999.0 -9999.0 -9999.0 -252.573187 -252.606904 -252.631750 -252.629818 -252.626507 -252.629553 -253.292628 -9999.0 -9999.0 -9999.0 -9999.0 -9999.0 -9999.0 -9999.0 -9999.0 -9999.0 -9999.0 -9999.0 -9999.0 -9999.0 -9999.0 -9999.0 -9999.0 -9999.0 -9999.0 -9999.0 -9999.0 -9999.0 -9999.0 -9999.0 -9999.0 -9999.0 -9999.0 -9999.0
-9999.0 -9999.0 -9999.0 -9999.0 -9999.0 -9999.0 -9999.0 -9999.0 -9999.0 -9999.0 -9999.0 -9999.0 -9999.0 -9999.0 -9999.0 -9999.0 -9999.0 -9999.0 -9999.0 -9999.0 -9999.0 -9999.0 -9999.0 -252.597493 -252.586331 -246.134371 -252.514818 -252.684921 -252.649914 -252.629329 -252.628314 -252.602726 -9999.0 -9999.0 -9999.0 -9999.0 -9999.0 -9999.0 -9999.0 -9999.0 -9999.0 -9999.0 -9999.0 -9999.0 -9999.0 -9999.0 -9999.0 -9999.0 -9999.0 -9999.0 -9999.0 -9999.0 -9999.0 -9999.0 -9999.0 -9999.0 -9999.0 -9999.0
-9999.0 -9999.0 -9999.0 -9999.0 -9999.0 -9999.0 -9999.0 -9999.0 -9999.0 -9999.0 -9999.0 -9999.0 -9999.0 -9999.0 -9999.0 -9999.0 -9999.0 -9999.0 -226.857880 -252.553365 -9999.0 -252.585135 -252.583957 -252.667395 -252.467959 -252.637933 -253.337941 -253.339536 -225.116310 -252.604657 -252.646130 -252.622360 -252.699222 -252.691962 -9999.0 -9999.0 -9999.0 -9999.0 -9999.0 -9999.0 -9999.0 -9999.0 -9999.0 -9999.0 -9999.0 -9999.0 -9999.0 -9999.0 -9999.0 -9999.0 -9999.0 -9999.0 -9999.0 -9999.0 -9999.0 -9999.0 -9999.0 -9999.0
-9999.0 -9999.0 -9999.0 -9999.0 -9999.0 -9999.0 -9999.0 -9999.0 -9999.0 -9999.0 -9999.0 -9999.0 -9999.0 -9999.0 -9999.0 -9999.0 -9999.0 -626.557674 -290.308592 -252.675924 -252.857404 -253.331097 -252.582181 -252.609831 -235.512920 -260.787555 -255.719846 -252.582506 -254.367924 -253.352827 -252.573427 -252.640228 -252.896296 -252.736670 -253.727215 -253.851838 -9999.0 -9999.0 -9999.0 -9999.0 -9999.0 -9999.0 -9999.0 -9999.0 -9999.0 -9999.0 -9999.0 -9999.0 -9999.0 -9999.0 -9999.0 -9999.0 -9999.0 -9999.0 -9999.0 -9999.0 -9999.0 -9999.0
-9999.0 -9999.0 -9999.0 -9999.0 -9999.0 -9999.0 -9999.0 -9999.0 -9999.0 -9999.0 -9999.0 -9999.0 -9999.0 -252.608551 -252.568511 -269.276216 -286.053269 -252.754651 -601.210470 -252.685281 -252.508069 -252.503907 -252.666247 -252.482840 -259.199908 -252.641455 -252.726633 -252.610728 -252.630765 -252.590483 -252.595594 -252.619419 -253.057607 -253.905544 -253.875604 -253.865934 -9999.0 -9999.0 -9999.0 -9999.0 -9999.0 -9999.0 -9999.0 -9999.0 -9999.0 -9999.0 -9999.0 -9999.0 -9999.0 -9999.0 -9999.0 -9999.0 -9999.0 -9999.0 -9999.0 -9999.0 -9999.0 -9999.0
-9999.0 -9999.0 -9999.0 -9999.0 -9999.0 -9999.0 -9999.0 -9999.0 -9999.0 -9999.0 -9999.0 -9999.0 -9999.0 -252.559108 -252.471760 -275.823732 -274.971516 -230.184466 -252.823042 -252.548861 -298.835985 -252.604439 -262.660050 -260.959866 -252.589728 -252.620422 -252.627499 -253.802999 -253.849185 -252.704172 -252.605418 -253.879417 -253.876770 -253.879340 -253.875580 -9999.0 -9999.0 -9999.0 -9999.0 -9999.0 -9999.0 -9999.0 -9999.0 -9999.0 -9999.0 -9999.0 -9999.0 -9999.0 -9999.0 -9999.0 -9999.0 -9999.0 -9999.0 -9999.0 -9999.0 -9999.0 -9999.0 -9999.0
-9999.0 -9999.0 -9999.0 -9999.0 -9999.0 -9999.0 -9999.0 -9999.0 -9999.0 -9999.0 -9999.0 -9999.0 -9999.0 -252.581010 -252.464936 -236.041535 -273.970621 -272.160024 -252.854042 -472.539159 -252.558853 -253.031638 -259.668502 -255.956527 -252.585924 -252.581331 -252.658177 -253.812161 -252.625306 -253.872660 -253.845744 -253.867875 -253.861137 -253.870977 -253.885076 -9999.0 -9999.0 -9999.0 -9999.0 -9999.0 -9999.0 -9999.0 -9999.0 -9999.0 -9999.0 -9999.0 -9999.0 -9999.0 -9999.0 -9999.0 -9999.0 -9999.0 -9999.0 -9999.0 -9999.0 -9999.0 -9999.0 -9999.0
-9999.0 -9999.0 -9999.0 -9999.0 -9999.0 -9999.0 -9999.0 -9999.0 -9999.0 -9999.0 -9999.0 -9999.0 -252.628824 -252.467671 -252.453031 -252.620883 -261.208887 -271.789707 -222.204619 -252.994266 -252.625143 -252.617038 -252.694606 -252.593133 -253.341344 -253.751808 -252.596391 -252.613514 -252.643501 -253.835434 -253.845745 -252.656793 -252.681155 -253.640746 -9999.0 -9999.0 -9999.0 -9999.0 -9999.0 -9999.0 -9999.0 -9999.0 -9999.0 -9999.0 -9999.0 -9999.0 -9999.0 -9999.0 -9999.0 -9999.0 -9999.0 -9999.0 -9999.0 -9999.0 -9999.0 -9999.0 -9999.0 -9999.0
-9999.0 -9999.0 -9999.0 -9999.0 -9999.0 -9999.0 -9999.0 -9999.0 -9999.0 -9999.0 -9999.0 -252.569798 -252.583263 -245.934088 -252.609417 -252.604199 -252.935977 -270.154799 -319.144997 -253.012011 -280.213861 -253.297422 -252.627384 -253.592455 -252.633054 -252.656564 -253.783550 -252.617884 -252.615842 -253.851066 -252.693767 -252.657478 -253.029667 -253.616463 -252.845657 -252.676850 -252.820854 -252.763204 -252.664831 -9999.0 -9999.0 -9999.0 -253.604371 -9999.0 -9999.0 -9999.0 -9999.0 -9999.0 -9999.0 -9999.0 -9999.0 -9999.0 -9999.0 -9999.0 -9999.0 -9999.0 -9999.0 -9999.0
-9999.0 -9999.0 -9999.0 -9999.0 -9999.0 -9999.0 -9999.0 -9999.0 -9999.0 -9999.0 -9999.0 -252.597897 -252.583997 -252.632165 -252.565398 -253.234495 -252.611326 -284.029352 -349.086295 -394.016954 -252.471430 -252.594668 -252.591085 -252.623657 -252.609863 -253.572248 -252.640426 -252.652704 -252.710253 -253.645878 -252.651263 -252.657700 -252.737517 -252.697503 -252.673407 -252.770072 -252.652365 -252.674764 -252.598088 -252.728457 -252.805025 -253.021837 -252.761665 -253.636927 -9999.0 -9999.0 -9999.0 -500.651330 -252.517319 -252.573275 -252.559976 -252.563011 -252.558897 -307.698390 -279.265498 -253.528304 -9999.0 -9999.0
-9999.0 -9999.0 -9999.0 -9999.0 -9999.0 -9999.0 -9999.0 -9999.0 -9999.0 -9999.0 -9999.0 -252.588855 -252.597736 -252.748369 -253.336962 -252.752279 -252.578797 -268.888756 -252.507998 -385.120672 -494.149392 -252.572617 -252.594646 -252.588677 -253.620836 -252.743386 -252.616811 -252.727471 -253.650043 -253.475566 -253.746731 -252.747398 -252.673345 -252.687888 -253.145956 -252.704595 -252.640969 -252.726552 -252.682012 -252.810311 -252.591804 -252.795006 -252.765348 -252.668156 -252.618392 -9999.0 -253.435535 -252.506971 -252.582172 -252.585886 -252.602129 -252.598804 -252.551355 -249.851078 -250.269256 -250.013405 -9999.0 -9999.0
-9999.0 -9999.0 -9999.0 -9999.0 -9999.0 -9999.0 -9999.0 -9999.0 -9999.0 -9999.0 -9999.0 -9999.0 -252.578397 -253.342613 -252.526144 -252.552991 -261.824802 -266.647520 -234.938411 -325.932000 -275.071792 -252.623080 -252.637449 -252.587119 -252.653583 -252.605274 -252.499536 -253.683209 -253.473404 -252.655487 -252.646171 -252.649492 -252.666407 -252.666863 -253.328406 -252.754942 -252.929156 -252.614138 -252.793962 -252.710918 -252.588777 -252.771984 -252.709345 -252.565940 -252.699249 -252.597245 -252.613395 -252.578913 -252.596486 -252.618287 -253.335576 -252.553136 -454.275774 -250.484089 -252.574753 -252.577418 -252.469928 -9999.0
-9999.0 -9999.0 -9999.0 -9999.0 -9999.0 -9999.0 -9999.0 -9999.0 -9999.0 -9999.0 -9999.0 -253.353256 -252.658811 -252.714025 -252.573411 -252.573606 -252.579041 -263.591551 -252.435367 -534.961787 -277.838984 -272.538336 -252.572255 -252.715077 -252.591839 -252.552751 -253.342667 -253.654018 -252.659697 -252.700851 -252.634310 -252.626485 -252.588014 -252.652968 -253.760122 -252.719533 -253.011172 -253.073380 -655.558093 -252.706674 -252.621888 -252.635920 -252.657412 -252.900884 -252.606394 -252.602223 -252.588525 -252.622422 -252.593870 -252.644896 -253.346004 -252.841553 -252.593242 -253.640328 -253.333075 -253.634869 -252.568124 -9999.0
-9999.0 -9999.0 -9999.0 -9999.0 -9999.0 -9999.0 -9999.0 -9999.0 -9999.0 -9999.0 -253.317259 -252.565957 -252.536528 -252.611675 -252.516529 -252.568024 -252.592274 -258.999341 -272.069323 -558.769823 -249.802708 -520.523962 -264.564295 -252.523134 -252.567649 -253.340504 -252.751945 -253.293911 -252.689581 -252.609050 -252.595264 -252.610720 -252.644725 -253.446868 -253.861819 -252.830533 -252.858405 -252.752300 -266.433850 -252.728200 -252.824464 -252.750406 -253.613032 -445.765312 -252.600727 -252.700232 -252.589507 -252.678075 -252.583230 -252.612962 -253.228078 -253.596148 -253.396253 -253.625670 -253.547815 -250.854009 -250.588314 -9999.0
-9999.0 -9999.0 -9999.0 -9999.0 -9999.0 -9999.0 -9999.0 -9999.0 -9999.0 -252.742261 -253.327328 -253.323206 -252.578274 -252.592592 -253.173186 -252.592136 -252.613904 -252.532394 -279.954390 -555.823649 -360.839502 -274.688363 -273.110275 -252.573953 -253.321832 -253.735055 -252.718748 -252.604946 -252.635842 -252.585434 -252.584592 -254.414616 -253.825079 -253.834814 -253.465649 -253.683948 -252.648732 -252.684709 -252.762113 -252.611181 -264.636802 -253.361551 -253.975160 -276.209827 -286.807041 -252.646472 -252.601138 -252.674829 -252.628810 -247.180118 -252.634421 -252.593850 -253.627025 -253.357554 -252.880908 -252.558783 -250.174578 -252.600353
-9999.0 -9999.0 -9999.0 -9999.0 -9999.0 -9999.0 -9999.0 -9999.0 -9999.0 -252.714689 -252.663597 -252.644643 -252.466638 -252.586716 -252.568605 -252.567960 -250.670338 -252.622429 -286.995428 -369.602794 -359.708176 -252.447231 -253.013823 -252.540615 -253.668485 -252.597614 -252.591414 -252.582280 -252.490787 -253.340800 -252.614070 -256.894906 -253.601001 -252.623623 -252.648449 -252.825463 -252.732587 -252.746794 -253.676894 -252.633873 -253.362044 -252.832194 -252.618645 -252.625245 -369.496105 -243.411806 -252.579618 -252.666027 -252.655659 -252.588627 -255.015414 -252.672254 -253.465062 -253.459076 -253.529323 -252.863624 -252.497353 -252.296317
-9999.0 -9999.0 -9999.0 -9999.0 -9999.0 -9999.0 -9999.0 -9999.0 -9999.0 -9999.0 -252.635712 -252.639326 -252.583113 -467.171192 -252.627259 -252.581114 -252.558552 -252.537773 -299.271719 -419.019885 -368.589311 -271.711709 -258.750340 -257.344937 -252.590800 -252.596152 -252.475472 -252.510714 -252.602351 -253.140437 -253.339806 -253.358987 -253.261611 -253.649148 -252.667726 -252.591962 -252.589623 -252.607602 -252.662974 -253.709724 -253.781350 -252.604702 -252.608474 -252.618936 -255.166073 -258.393051 -270.143839 -235.282659 -252.959512 -252.633429 -257.312866 -252.592798 -252.564090 -253.451913 -252.578375 -253.163490 -252.569415 -252.633128
-9999.0 -9999.0 -9999.0 -9999.0 -9999.0 -9999.0 -9999.0 -9999.0 -9999.0 -9999.0 -252.629899 -252.632827 -252.583724 -252.562565 -220.977223 -274.528023 -271.220406 -274.614097 -296.510374 -384.777505 -287.369364 -277.013777 -272.163745 -252.611014 -252.590627 -252.467746 -244.333765 -259.023081 -254.230026 -253.194018 -253.619189 -252.584907 -253.248822 -253.636550 -253.622699 -252.698860 -252.635004 -252.630642 -252.719462 -253.544071 -252.596677 -252.603760 -252.592116 -253.486818 -253.339794 -254.540443 -252.580447 -255.624569 -279.069441 -252.726509 -252.835136 -252.580585 -252.561958 -252.559936 -253.599713 -252.562425 -252.767735 -252.584478
-9999.0 -9999.0 -9999.0 -9999.0 -9999.0 -9999.0 -9999.0 -9999.0 -252.554384 -252.613687 -252.783418 -252.582454 -252.604731 -252.607985 -259.098426 -394.050895 -289.490057 -252.501256 -349.342246 -393.045599 -300.159086 -296.254001 -284.086250 -278.715904 -252.564538 -272.045215 -233.767024 -253.766696 -252.587558 -252.899905 -253.761021 -253.600808 -253.333830 -253.146991 -252.592383 -253.693824 -252.589525 -252.635763 -254.604731 -252.628679 -253.410845 -252.642763 -253.506091 -253.738763 -252.601598 -252.571690 -253.474554 -252.561456 -260.419769 -10.362704 -252.539229 -261.235700 -252.552959 -252.793324 -252.597564 -252.279972 -252.603245 -249.988486
-9999.0 -9999.0 -9999.0 -9999.0 -9999.0 -9999.0 -9999.0 -9999.0 -252.833971 -252.560875 -252.714683 -253.294862 -252.712728 -252.569462 -258.400432 -261.926562 -270.292276 -268.378461 -315.268115 -353.600522 -264.867437 -396.809804 -245.688650 -252.508969 -295.049088 -284.246298 -255.744408 -252.595145 -253.300309 -252.592094 -252.589896 -252.671460 -252.586020 -252.599562 -252.566259 -252.582356 -252.598691 -252.604747 -252.655235 -252.585093 -253.113581 -253.708912 -253.602359 -252.579742 -252.583916 -252.567021 -253.428048 -253.408644 -252.602554 -273.400001 -252.479582 -252.587749 -254.102652 -250.653712 -252.594252 -252.627542 -252.592090 -252.617985
-9999.0 -9999.0 -9999.0 -9999.0 -9999.0 -9999.0 -9999.0 -9999.0 -252.693253 -252.612790 -252.566767 -252.734417 -252.578936 -253.031203 -252.544467 -266.229957 -278.560823 -252.565098 -312.156084 -260.837380 -290.586375 -382.143681 -244.147891 -247.321722 -243.498392 -275.773640 -263.490568 -255.797560 -253.223717 -252.656302 -252.656279 -252.583279 -252.638242 -252.697845 -252.560451 -252.603588 -252.586142 -266.995155 -255.006376 -252.591049 -252.576348 -252.594136 -252.551841 -252.580473 -252.585521 -252.594124 -252.580231 -252.524389 -252.580319 -259.917239 -116.271138 -252.470007 -258.686418 -255.497522 -252.580935 -252.488323 -252.432174 -252.444148
-9999.0 -9999.0 -9999.0 -9999.0 -9999.0 -9999.0 -9999.0 -9999.0 -253.730005 -252.611004 -407.265408 -252.828580 -252.490858 -251.477084 -267.298246 -279.061240 -303.149968 -317.949754 -326.568743 -522.309005 -391.652857 184.190459 381.132030 -240.051405 -265.421056 -265.238755 -258.038018 -259.759548 -252.534949 -252.586822 -252.671076 -252.633642 -252.644926 -252.600368 -252.625876 -252.600025 -252.606497 -267.094424 -257.131968 -252.617143 -252.578508 -252.578134 -252.583907 -252.642013 -252.554408 -252.588222 -252.594529 -252.591807 -252.603929 -252.625073 -259.541407 -310.071812 -252.464661 -220.893375 -252.418944 -252.417065 -252.533412 -191.539147
-9999.0 -9999.0 -9999.0 -9999.0 -9999.0 -9999.0 -9999.0 -9999.0 -252.602768 -252.581370 -250.150936 -262.677784 -268.058873 -272.097255 -252.476628 -240.547077 -248.100654 -265.946931 -260.372128 -268.482174 -283.954079 -138.837576 -130.923354 -239.610619 -252.487474 -271.829028 -263.998765 -252.559197 -252.544715 -252.541398 -261.288612 -252.510162 -252.629545 -252.546815 -252.639302 -252.626652 -252.585724 -270.746387 -269.313619 -252.603098 -252.648863 -252.740095 -252.595804 -252.661643 -252.634198 -252.596827 -252.633465 -252.630748 -252.584024 -252.620107 -252.715010 -298.814670 -303.203513 -252.474256 -252.237022 -69.156253 -145.660918 -147.215027
-9999.0 -9999.0 -252.652478 -252.572731 -252.575614 -252.593928 -252.563722 -252.607369 -252.585079 -252.569989 -252.571430 -293.631658 -270.157813 -252.496363 -252.478976 -228.837067 -260.889943 -253.813024 -252.589533 -261.898717 -271.144113 -309.434920 -146.361142 -182.576073 -351.569057 -281.326751 -276.451644 -275.173944 -287.397036 -252.479720 -268.798669 -267.113799 -217.209314 -276.748873 -252.490736 -268.178326 -252.477238 -275.180746 -268.490328 -259.997106 -252.608610 -252.622200 -280.880628 -252.556023 -266.525897 -252.617951 -252.468044 -253.085393 -252.972866 -252.520325 -252.494618 -72.056735 -115.422816 -94.101387 -60.449491 134.885055 -39.485910 -217.478552
