erum2020/resources/simulation/Vinschgau/output-maps/psiL0003N1402.asc
ncols         63
nrows         48
xllcorner     598000.000000
yllcorner     5145000.000000
cellsize      1000.000000
NODATA_value  -9999.0
[rows 0 to 24 of 48, columns 0 to 56 of 63]
-9999.0 -9999.0 -9999.0 -9999.0 -9999.0 -9999.0 -9999.0 -9999.0 -9999.0 -9999.0 -9999.0 -9999.0 -9999.0 -9999.0 -9999.0 -9999.0 -9999.0 -9999.0 -9999.0 -9999.0 -9999.0 -9999.0 -9999.0 -9999.0 -9999.0 -9999.0 -9999.0 -9999.0 -9999.0 -9999.0 -9999.0 -9999.0 -9999.0 -9999.0 -9999.0 -9999.0 -9999.0 -9999.0 -9999.0 -9999.0 -9999.0 -9999.0 -9999.0 -9999.0 -9999.0 -9999.0 -9999.0 -9999.0 -9999.0 -9999.0 -9999.0 -9999.0 -9999.0 -9999.0 -9999.0 -9999.0 -9999.0
-9999.0 -9999.0 -9999.0 -9999.0 -9999.0 -9999.0 -9999.0 -9999.0 -9999.0 -9999.0 -9999.0 -9999.0 -9999.0 -9999.0 -9999.0 -9999.0 -9999.0 -9999.0 -9999.0 -9999.0 -9999.0 -9999.0 -9999.0 -9999.0 -9999.0 -9999.0 -9999.0 -217.248081 -1016.595741 -191.628587 2563.052681 -1292.444063 10479.520155 -9999.0 -9999.0 -9999.0 -9999.0 -9999.0 -9999.0 -9999.0 -9999.0 -9999.0 -9999.0 -9999.0 -9999.0 -9999.0 -9999.0 -9999.0 -9999.0 -9999.0 -9999.0 -9999.0 -9999.0 -9999.0 -9999.0 -9999.0 -9999.0
-9999.0 -9999.0 -9999.0 -9999.0 -9999.0 -9999.0 -9999.0 -9999.0 -9999.0 -9999.0 -9999.0 -9999.0 -9999.0 -9999.0 -9999.0 -9999.0 -9999.0 -9999.0 -9999.0 -9999.0 -9999.0 -9999.0 -9999.0 -9999.0 -796.788400 -980.465062 -1138.501513 -829.589182 -1151.228680 -1040.609488 10835.726954 -9999.0 -9999.0 -9999.0 -9999.0 -9999.0 -9999.0 -9999.0 -9999.0 -9999.0 -9999.0 -9999.0 -9999.0 -9999.0 -9999.0 -9999.0 -9999.0 -9999.0 -9999.0 -9999.0 -9999.0 -9999.0 -9999.0 -9999.0 -9999.0 -9999.0 -9999.0
-9999.0 -9999.0 -9999.0 -9999.0 -9999.0 -9999.0 -9999.0 -9999.0 -9999.0 -9999.0 -9999.0 -9999.0 -9999.0 -9999.0 -9999.0 -9999.0 -9999.0 -9999.0 -9999.0 -9999.0 -9999.0 -9999.0 -9999.0 -1011.246820 -1236.278349 -3026.002946 -3059.611121 -3109.163089 -3108.489003 -1085.036364 3264.246992 33450.922619 -9999.0 -9999.0 -9999.0 -9999.0 -9999.0 -9999.0 -9999.0 -9999.0 -9999.0 -9999.0 -9999.0 -9999.0 -9999.0 -9999.0 -9999.0 -9999.0 -9999.0 -9999.0 -9999.0 -9999.0 -9999.0 -9999.0 -9999.0 -9999.0 -9999.0
-9999.0 -9999.0 -9999.0 -9999.0 -9999.0 -9999.0 -9999.0 -9999.0 -9999.0 -9999.0 -9999.0 -9999.0 -9999.0 -9999.0 -9999.0 -9999.0 -9999.0 -9999.0 -1673.755942 -1117.718489 -9999.0 -1093.727156 -1222.740378 -3013.754821 -2954.199564 -3004.650544 -2261.504244 -2708.573012 -2484.462545 -2794.800423 -941.905353 -51.915529 -175.785946 -200.897419 -9999.0 -9999.0 -9999.0 -9999.0 -9999.0 -9999.0 -9999.0 -9999.0 -9999.0 -9999.0 -9999.0 -9999.0 -9999.0 -9999.0 -9999.0 -9999.0 -9999.0 -9999.0 -9999.0 -9999.0 -9999.0 -9999.0 -9999.0
-9999.0 -9999.0 -9999.0 -9999.0 -9999.0 -9999.0 -9999.0 -9999.0 -9999.0 -9999.0 -9999.0 -9999.0 -9999.0 -9999.0 -9999.0 -9999.0 -9999.0 -2923.201476 -2872.980277 -7969.659774 -4149.265491 -1715.349706 -2778.966911 -2880.332761 -2730.570706 -1586.649533 156791.116927 -2602.196717 28706.105349 -2068.162512 -1408.877748 -984.580190 -280.691156 -276.297315 -191.810913 -201.771310 -9999.0 -9999.0 -9999.0 -9999.0 -9999.0 -9999.0 -9999.0 -9999.0 -9999.0 -9999.0 -9999.0 -9999.0 -9999.0 -9999.0 -9999.0 -9999.0 -9999.0 -9999.0 -9999.0 -9999.0 -9999.0
-9999.0 -9999.0 -9999.0 -9999.0 -9999.0 -9999.0 -9999.0 -9999.0 -9999.0 -9999.0 -9999.0 -9999.0 -9999.0 -2575.413022 -2821.640455 -2791.472411 -2890.490253 -6913.451930 -2888.543258 -2930.958157 -2908.942374 -2886.157703 -2940.326141 -2943.746785 -1204.083247 -1264.792391 -407.596964 -639.468390 -783.298308 -1212.354551 491313.395633 -1117.814179 -402.460116 9588.735394 -123.514795 -188.762026 -9999.0 -9999.0 -9999.0 -9999.0 -9999.0 -9999.0 -9999.0 -9999.0 -9999.0 -9999.0 -9999.0 -9999.0 -9999.0 -9999.0 -9999.0 -9999.0 -9999.0 -9999.0 -9999.0 -9999.0 -9999.0
-9999.0 -9999.0 -9999.0 -9999.0 -9999.0 -9999.0 -9999.0 -9999.0 -9999.0 -9999.0 -9999.0 -9999.0 -9999.0 -2492.996766 -2974.628488 -2877.757615 -2867.931577 -2561.824713 -6923.394271 -2927.169377 -2869.347606 -3073.466648 -2792.151976 -2554.099659 -2843.210716 -2863.227564 -1119.399191 -183.389960 -151.317195 228179.084301 59103.748441 8992.028705 -158.557775 -172.734465 -164.669709 -9999.0 -9999.0 -9999.0 -9999.0 -9999.0 -9999.0 -9999.0 -9999.0 -9999.0 -9999.0 -9999.0 -9999.0 -9999.0 -9999.0 -9999.0 -9999.0 -9999.0 -9999.0 -9999.0 -9999.0 -9999.0 -9999.0
-9999.0 -9999.0 -9999.0 -9999.0 -9999.0 -9999.0 -9999.0 -9999.0 -9999.0 -9999.0 -9999.0 -9999.0 -9999.0 -2988.622282 305.140409 -3025.441350 -2851.591874 -2856.081373 -6969.584454 -2888.045766 -2963.185517 -7052.593116 -1795.562612 -962.986905 -2889.775681 -2875.592360 -423.185169 -172.657998 18548.385508 -171.609141 28714.590042 -145.717326 -172.596180 -36.266387 -177.080639 -9999.0 -9999.0 -9999.0 -9999.0 -9999.0 -9999.0 -9999.0 -9999.0 -9999.0 -9999.0 -9999.0 -9999.0 -9999.0 -9999.0 -9999.0 -9999.0 -9999.0 -9999.0 -9999.0 -9999.0 -9999.0 -9999.0
-9999.0 -9999.0 -9999.0 -9999.0 -9999.0 -9999.0 -9999.0 -9999.0 -9999.0 -9999.0 -9999.0 -9999.0 -2919.585916 6200.312685 -2989.667244 -2864.640780 -2688.713605 -2820.033067 -3061.530339 -8094.087177 -2881.103618 -2521.885632 -2878.423469 -777.165896 514679.437250 -1179.904891 556551.035638 9410.137424 -320.835033 -144.265977 30946.054693 -164.182905 45929.463825 -215.038710 -9999.0 -9999.0 -9999.0 -9999.0 -9999.0 -9999.0 -9999.0 -9999.0 -9999.0 -9999.0 -9999.0 -9999.0 -9999.0 -9999.0 -9999.0 -9999.0 -9999.0 -9999.0 -9999.0 -9999.0 -9999.0 -9999.0 -9999.0
-9999.0 -9999.0 -9999.0 -9999.0 -9999.0 -9999.0 -9999.0 -9999.0 -9999.0 -9999.0 -9999.0 -2085.196569 -2981.654101 -575.445966 -3000.456081 -2645.712696 -8280.266753 -2863.137160 -2170.464657 -8872.308418 -2814.109917 -2860.728625 -1759.273674 -924.865187 -2683.529365 -870.969959 30953.516954 -277.773671 -84.052993 -163.993147 -171.432422 -478.818812 -123.391537 -179.252615 -167.577204 -160.273306 -115.215257 -1167.698524 -1198.206262 -9999.0 -9999.0 -9999.0 -215.929349 -9999.0 -9999.0 -9999.0 -9999.0 -9999.0 -9999.0 -9999.0 -9999.0 -9999.0 -9999.0 -9999.0 -9999.0 -9999.0 -9999.0
-9999.0 -9999.0 -9999.0 -9999.0 -9999.0 -9999.0 -9999.0 -9999.0 -9999.0 -9999.0 -9999.0 -1750.645054 -3027.048829 -3142.155662 -3136.489292 -3094.636457 -3206.032332 -2906.842853 -2315.896143 -3048.449715 -2847.190153 -2925.304650 -1147.733262 1350141.615650 1429683.091773 -643.242032 -264.908497 -875.144306 -142.155739 -167.002072 -163.557990 -1233.503090 27543.299562 30814.906685 -179.168558 -242.059228 -1013.699365 -1839.639128 -1194.956039 -200.044741 -185.399166 -183.249915 9463.587825 -172.336283 -9999.0 -9999.0 -9999.0 -702.947787 39088.727420 -153.210557 82761.431564 -206.200755 -200.436679 -505.629568 22323.193748 -189.389593 -9999.0
-9999.0 -9999.0 -9999.0 -9999.0 -9999.0 -9999.0 -9999.0 -9999.0 -9999.0 -9999.0 -9999.0 -1581.546424 -1796.476449 -2753.957876 -1786.285682 -3152.522282 -2765.449586 -2829.115806 -3182.497332 -3046.866075 -2130.758563 -1377.387691 1281506.012743 -698.313125 -903.803805 -209.611514 1487758.987993 1528914.511736 -166.026521 -108.764861 -163.260031 1499370.731788 -952.186687 40343.150679 -150.909808 -964.150977 1493676.671510 1201498.952765 -2320.969592 -227.419423 -1149.916258 -1388.990443 -937.407393 -171.376084 57754.640333 -9999.0 -197.526566 71715.963373 10995.791514 -402.826095 -1370.912018 -219.947598 -1170.778625 8857.881557 -1270.840494 35409.089892 -9999.0
-9999.0 -9999.0 -9999.0 -9999.0 -9999.0 -9999.0 -9999.0 -9999.0 -9999.0 -9999.0 -9999.0 -9999.0 -1916.160114 -896.828317 -2493.441613 -2619.399962 -2412.130514 -2776.347582 -2441.819743 -3035.843838 -2735.694397 -2684.602224 1006.466252 971102.638223 1502271.275023 1533615.424793 2068.246961 -1401.540328 12493.516182 -166.056030 -154.231101 1548211.199864 -1603.479618 21633.602721 41142.551876 -289.107665 1469931.915700 1087132.935852 -1660.310528 -2024.489195 -1640.165470 -508.430789 1175752.044526 -1188.167742 -156.078093 56131.402533 -174.608288 46119.228411 1443702.907025 1260716.652063 172359.479151 1352445.707051 1356600.687924 1356823.891403 1362892.253185 20416.302681 18877.264431
-9999.0 -9999.0 -9999.0 -9999.0 -9999.0 -9999.0 -9999.0 -9999.0 -9999.0 -9999.0 -9999.0 880555.503926 -908.245630 -3024.983060 -844.700137 -2186.816423 -2731.686640 -2719.964612 -3116.179677 -2757.559994 -2773.331271 -1948.457740 -448.014925 1483777.001913 1519449.865782 1602064.173092 1443247.959757 21336.285227 6433.040589 -207.524676 1545051.532993 1561270.759217 -1333.325451 21215.246043 5174.562666 -67.164544 -1161.800329 375457.463287 -1103.265355 -2599.690695 395545.337056 -1567.541340 -329.019717 -231.045406 -1566.907026 15798.714540 -226.542731 -233.654851 -274.600582 47750.017933 464217.795641 19166.610190 452028.862497 95383.555459 80686.541268 18536.464943 -145.156173
-9999.0 -9999.0 -9999.0 -9999.0 -9999.0 -9999.0 -9999.0 -9999.0 -9999.0 -9999.0 2051.518721 143993.421489 -1078.820136 -1105.763253 -2034.243536 2077.940891 2631.192291 -1654.846230 -2801.121867 -2704.961743 -2804.798689 -1601.376138 1997255.679775 -1363.885603 4744.958299 961349.783449 1523723.320100 400119.732164 -1628.648401 -1162.129959 78061.845998 718897.785492 -1157.375153 27746.255055 -175.803001 -173.172357 -983.813464 1148054.454737 1737168.712279 -434.202951 -936.603707 -53.752197 -169.647018 -1217.900178 48091.959550 -220.294234 -557.120803 623869.780293 908940.866129 -476.591098 117751.081298 -172.718078 80608.873239 28811.660354 -106.208650 23549.921978 19702.843057
-9999.0 -9999.0 -9999.0 -9999.0 -9999.0 -9999.0 -9999.0 -9999.0 -9999.0 -602.548391 -985.304840 83504.603667 -390.189585 582541.211209 53727.152805 7469.880098 98009.058351 -2071.680322 -2834.605329 -2779.478096 -2899.590268 -2601.025573 -2551.704895 -2602.937342 -605.382934 2075291.457188 1531434.885646 -1051.120661 130878.284864 -844.830974 -433.005039 2025469.513252 -154.589246 -177.129373 -180.758657 -170.932343 -1017.131395 1674367.617733 1513467.694951 82582.847169 1661939.996130 2070986.420386 2076533.430326 -2372.129051 -2491.116633 16575.628629 -2497.361514 980438.332461 906915.790443 -482.119996 1285034.277402 -144.752523 23336.668548 -150.611609 -128.750524 332331.975714 361086.617746
-9999.0 -9999.0 -9999.0 -9999.0 -9999.0 -9999.0 -9999.0 -9999.0 -9999.0 -1134.581507 -640.610123 -1367.601869 4687.402936 -752.222601 130665.467141 655019.075999 -1611.350208 -2423.177743 -2879.826301 -3045.815253 -3002.589694 -3095.742379 -2172.509347 -830.085107 2070916.317937 1588283.206149 639801.083086 -349.773933 -738.063005 -886.097029 -1937.007198 1967536.736517 -167.583050 31567.992991 9642.294800 -176.267532 -196.240994 -304.874478 -1075.317485 -1401.128802 1575249.203845 1567583.788218 303725.013705 -1052.567937 -1928.988303 -2182.570853 -2653.311188 -2565.662110 -1084.227468 -914.869209 2002477.465127 1287551.908406 -102.953799 245661.378507 4499.432508 458442.117405 486135.866778
-9999.0 -9999.0 -9999.0 -9999.0 -9999.0 -9999.0 -9999.0 -9999.0 -9999.0 -9999.0 -123.684393 -1131.972951 -224.749989 590476.545079 -1381.915875 86818.975121 -1054.952615 -2764.637761 -2935.489185 -2925.869938 -2993.318162 -2806.661885 3081.137118 1892921.752350 1481247.363971 54871.926412 -535.148028 -1083.998340 -1237.587283 2083692.552921 2052481.453745 2027356.046142 1436941.175907 26282.143385 -932.242814 -1281.309414 -1138.685378 -1254.816296 -174.742933 -148.365650 16063.918179 -1162.699191 4757.887576 9037.458385 -1544.232013 -1032.995291 -2674.493105 -2181.671427 -2819.067506 -1795.561357 2001240.749597 741774.646527 -128.601923 23639.089603 281333.754350 84370.773369 1262.590059
-9999.0 -9999.0 -9999.0 -9999.0 -9999.0 -9999.0 -9999.0 -9999.0 -9999.0 -9999.0 16155.363250 -485.962853 -1158.113555 -1015.572013 -855.579821 -1795.303786 -1378.379575 -2696.689362 -2949.726255 -3015.047745 -2873.644277 -2784.829831 24692.402465 76545.247442 43982.780141 -649.207765 -997.031092 638.650833 2095730.172737 1471088.168958 -56.838537 -857.234482 262460.738778 25784.726827 -232.211196 -1061.346638 338708.603705 83530.100750 1431769.193857 15767.226652 -218.212259 -348.376498 888014.582243 -1061.781805 -1043.999067 2085800.144099 -444.084459 -866.012680 -2742.080708 -2760.593725 -329.914760 1395927.082800 1327992.054241 -102.599936 33671.776656 -76.302232 104189.858405
-9999.0 -9999.0 -9999.0 -9999.0 -9999.0 -9999.0 -9999.0 -9999.0 -633.035445 -75.520963 -1320.858412 -762.449859 802021.981895 302071.758392 290050.586552 -1334.773163 -2879.297751 -3102.769045 -3078.603847 -3038.629212 -2995.647451 -2975.762468 -2954.393899 -2897.088481 -2266.784210 -917.057838 -789.006802 2198775.437854 1672021.528869 1462614.319402 -161.625901 -113.451588 -170.720427 15604.584753 -207.723548 -678.670805 -2555.942114 6156.129480 2066315.444512 -179.534072 -240.603361 -1144.806799 534106.196723 -174.282009 -1295.208145 2048.497849 2034107.629095 371820.243453 -283.487905 -1192.976038 -622.677606 1582483.859538 698876.144499 1194067.108284 -142.783676 -552.198288 -126.269208
-9999.0 -9999.0 -9999.0 -9999.0 -9999.0 -9999.0 -9999.0 -9999.0 -549755365.097829 710484.386118 1462970.198454 26267.492190 -366.623743 1445287.039928 2056656.113093 -1109.935095 -2687.910565 -2768.670210 -2985.007907 -3073.268823 -2423.137185 -3291.779779 -3372.006034 -3370.980019 -2890.237256 -2418.219134 -699.733339 151835.188027 180873.167355 15880.746964 36166.113933 -212.129932 -320.643439 -227.406810 -719.830904 -1112.205731 -2654.005053 -463.669418 239933.368119 -929.601006 -190.363466 -833.867097 -232.972264 -974.045012 2745.319253 1226043.474038 473086.615055 -686.596629 125001.205573 -1037.859111 -706.891856 145729.296412 711141.508042 88238.903321 -1179.910497 52798.791653 1297478.709478
-9999.0 -9999.0 -9999.0 -9999.0 -9999.0 -9999.0 -9999.0 -9999.0 -169.295547 6637.929466 9360.883827 1424749.444385 -499.349879 487556.399508 979701.396529 2053028.730482 -1890.034737 -2822.797569 -2961.072280 -2390.007337 -3102.883814 -3260.651891 -3332.272929 -3057.912330 -3085.794983 -2748.122734 -774.840425 2140077.579878 229035.218016 -185.164651 -253.272938 -985.463680 1474007.548655 1528658.450259 -1042.409360 -2512.808730 -1124.332314 -1184.813667 36717.879139 684094.146259 -885.406252 -324.222639 -913.092611 729.758212 1535081.761975 -759.616508 -196.441582 4586.304606 1554718.041703 522.555151 -1357.136985 -529.910164 422411.643652 748134.574535 236111.625363 734.655464 -474.864562
-9999.0 -9999.0 -9999.0 -9999.0 -9999.0 -9999.0 -9999.0 -9999.0 -172.841632 -938.587189 361262.266696 161027.329090 -232.223054 1458241.257708 2030749.165019 -668.117116 -2819.439928 -2912.260173 -2933.713890 -2958.164300 -3033.482263 -3058.431899 -3143.979702 -3049.142155 -2746.963719 -1881.780393 374776.818651 2080107.031916 -1131.881178 1386802.340381 985196.686435 190991.770881 -544.231996 -342.962750 91047.412790 -2206.592482 -2894.756067 -2750.379339 -1516.829435 -117.720578 -1160.616114 -1316.854290 -1234.952468 -816.370652 -107.085868 -273.978926 -1702.379521 -281.859668 -344.456870 1351281.979171 -22.132849 -1835.645592 -610.164516 164026.419983 -345.857965 -614.473090 -2415.811960
-9999.0 -9999.0 -9999.0 -9999.0 -9999.0 -9999.0 -9999.0 -9999.0 81779.151524 -187.789745 -7667145.684312 2107057.948067 2125599.007854 2125828.888141 -470.496659 -1851.837361 -1571.147001 -2653.385279 -2300.007738 -2777.589676 -2884.685237 -2974.824416 -2955.408916 -2887.524334 -2976.379341 -1822.815993 2077147.601524 49823.328379 -1039.909041 60.033836 1962144.163237 -608.000356 -2686.626083 -1033.743004 -2389.079095 -2683.801048 -2740.990453 -2829.900721 -2798.385517 -2249.917192 -2567.476835 -2672.185497 -2152.903888 -1346.391313 1137010.728049 -1555.268088 160242.836653 7273.702557 224143.431961 -672.275835 -2575.915107 -2232.984566 -1799.179057 -1217.398677 -829.607633 -871.183483 -1586.670259
