erum2020/resources/simulation/Vinschgau/output-maps/psiL0004N0092.asc
ncols         63
nrows         48
xllcorner     598000.000000
yllcorner     5145000.000000
cellsize      1000.000000
NODATA_value  -9999.0
[rows 0 to 25 of 48, columns 0 to 58 of 63]
-9999.0 -9999.0 -9999.0 -9999.0 -9999.0 -9999.0 -9999.0 -9999.0 -9999.0 -9999.0 -9999.0 -9999.0 -9999.0 -9999.0 -9999.0 -9999.0 -9999.0 -9999.0 -9999.0 -9999.0 -9999.0 -9999.0 -9999.0 -9999.0 -9999.0 -9999.0 -9999.0 -9999.0 -9999.0 -9999.0 -9999.0 -9999.0 -9999.0 -9999.0 -9999.0 -9999.0 -9999.0 -9999.0 -9999.0 -9999.0 -9999.0 -9999.0 -9999.0 -9999.0 -9999.0 -9999.0 -9999.0 -9999.0 -9999.0 -9999.0 -9999.0 -9999.0 -9999.0 -9999.0 -9999.0 -9999.0 -9999.0 -9999.0 -9999.0
-9999.0 -9999.0 -9999.0 -9999.0 -9999.0 -9999.0 -9999.0 -9999.0 -9999.0 -9999.0 -9999.0 -9999.0 -9999.0 -9999.0 -9999.0 -9999.0 -9999.0 -9999.0 -9999.0 -9999.0 -9999.0 -9999.0 -9999.0 -9999.0 -9999.0 -9999.0 -9999.0 -945.093426 -628.337999 -951.844651 -673.959156 -1443.933571 -1468.953362 -9999.0 -9999.0 -9999.0 -9999.0 -9999.0 -9999.0 -9999.0 -9999.0 -9999.0 -9999.0 -9999.0 -9999.0 -9999.0 -9999.0 -9999.0 -9999.0 -9999.0 -9999.0 -9999.0 -9999.0 -9999.0 -9999.0 -9999.0 -9999.0 -9999.0 -9999.0
-9999.0 -9999.0 -9999.0 -9999.0 -9999.0 -9999.0 -9999.0 -9999.0 -9999.0 -9999.0 -9999.0 -9999.0 -9999.0 -9999.0 -9999.0 -9999.0 -9999.0 -9999.0 -9999.0 -9999.0 -9999.0 -9999.0 -9999.0 -9999.0 -238.627835 -539.598620 -761.283749 -705.781394 -735.874782 -600.940176 -582.733878 -9999.0 -9999.0 -9999.0 -9999.0 -9999.0 -9999.0 -9999.0 -9999.0 -9999.0 -9999.0 -9999.0 -9999.0 -9999.0 -9999.0 -9999.0 -9999.0 -9999.0 -9999.0 -9999.0 -9999.0 -9999.0 -9999.0 -9999.0 -9999.0 -9999.0 -9999.0 -9999.0 -9999.0
-9999.0 -9999.0 -9999.0 -9999.0 -9999.0 -9999.0 -9999.0 -9999.0 -9999.0 -9999.0 -9999.0 -9999.0 -9999.0 -9999.0 -9999.0 -9999.0 -9999.0 -9999.0 -9999.0 -9999.0 -9999.0 -9999.0 -9999.0 -622.770687 -298.497057 -392.730834 419.328645 -169.895029 821.420230 -755.439511 -724.169928 -377.139675 -9999.0 -9999.0 -9999.0 -9999.0 -9999.0 -9999.0 -9999.0 -9999.0 -9999.0 -9999.0 -9999.0 -9999.0 -9999.0 -9999.0 -9999.0 -9999.0 -9999.0 -9999.0 -9999.0 -9999.0 -9999.0 -9999.0 -9999.0 -9999.0 -9999.0 -9999.0 -9999.0
-9999.0 -9999.0 -9999.0 -9999.0 -9999.0 -9999.0 -9999.0 -9999.0 -9999.0 -9999.0 -9999.0 -9999.0 -9999.0 -9999.0 -9999.0 -9999.0 -9999.0 -9999.0 -497.478459 -207.319826 -9999.0 -561.170204 -385.893493 -149.675483 -200.269449 1206.628358 -264.565908 -326.112472 1210.963429 -196.384225 -1007.861915 -632.058172 -955.213387 -951.654513 -9999.0 -9999.0 -9999.0 -9999.0 -9999.0 -9999.0 -9999.0 -9999.0 -9999.0 -9999.0 -9999.0 -9999.0 -9999.0 -9999.0 -9999.0 -9999.0 -9999.0 -9999.0 -9999.0 -9999.0 -9999.0 -9999.0 -9999.0 -9999.0 -9999.0
-9999.0 -9999.0 -9999.0 -9999.0 -9999.0 -9999.0 -9999.0 -9999.0 -9999.0 -9999.0 -9999.0 -9999.0 -9999.0 -9999.0 -9999.0 -9999.0 -9999.0 -236.261523 791.738352 -2387.628276 -966.808399 -407.486870 -200.183903 683.769604 1053.387006 -242.585110 -620.010185 -426.619349 -696.790476 -354.672454 -168.377462 -965.204307 -984.724442 -964.538391 -948.201385 -951.451729 -9999.0 -9999.0 -9999.0 -9999.0 -9999.0 -9999.0 -9999.0 -9999.0 -9999.0 -9999.0 -9999.0 -9999.0 -9999.0 -9999.0 -9999.0 -9999.0 -9999.0 -9999.0 -9999.0 -9999.0 -9999.0 -9999.0 -9999.0
-9999.0 -9999.0 -9999.0 -9999.0 -9999.0 -9999.0 -9999.0 -9999.0 -9999.0 -9999.0 -9999.0 -9999.0 -9999.0 -584.518778 -97.690920 -210.075194 -213.864523 -282.778873 -236.806986 154.393655 -298.626418 -281.318571 1346.803486 1368.120549 -235.560597 -569.642342 -1036.506393 -598.661992 -626.086970 -447.067134 -537.487364 -612.909603 -556.727624 -692.832902 -952.229214 -951.558202 -9999.0 -9999.0 -9999.0 -9999.0 -9999.0 -9999.0 -9999.0 -9999.0 -9999.0 -9999.0 -9999.0 -9999.0 -9999.0 -9999.0 -9999.0 -9999.0 -9999.0 -9999.0 -9999.0 -9999.0 -9999.0 -9999.0 -9999.0
-9999.0 -9999.0 -9999.0 -9999.0 -9999.0 -9999.0 -9999.0 -9999.0 -9999.0 -9999.0 -9999.0 -9999.0 -9999.0 -499.264350 -212.131366 -208.787480 -209.172211 834.384687 -279.783865 -205.233857 1206.284663 610.966307 -76.905925 -92.555188 -215.113772 -607.248934 -558.318991 -952.061475 -951.607764 -680.957454 -565.644849 -686.368465 -951.916729 -952.140502 -952.164353 -9999.0 -9999.0 -9999.0 -9999.0 -9999.0 -9999.0 -9999.0 -9999.0 -9999.0 -9999.0 -9999.0 -9999.0 -9999.0 -9999.0 -9999.0 -9999.0 -9999.0 -9999.0 -9999.0 -9999.0 -9999.0 -9999.0 -9999.0 -9999.0
-9999.0 -9999.0 -9999.0 -9999.0 -9999.0 -9999.0 -9999.0 -9999.0 -9999.0 -9999.0 -9999.0 -9999.0 -9999.0 -307.561228 449.312437 -567.945439 -213.366351 -213.336662 -272.808500 -183.579483 -207.882078 -1548.539268 -125.946454 -685.476030 -528.098357 -544.970738 -945.293287 -951.647043 -815.735284 -951.709269 -684.332288 -952.274087 -951.746702 -951.089907 -951.325350 -9999.0 -9999.0 -9999.0 -9999.0 -9999.0 -9999.0 -9999.0 -9999.0 -9999.0 -9999.0 -9999.0 -9999.0 -9999.0 -9999.0 -9999.0 -9999.0 -9999.0 -9999.0 -9999.0 -9999.0 -9999.0 -9999.0 -9999.0 -9999.0
-9999.0 -9999.0 -9999.0 -9999.0 -9999.0 -9999.0 -9999.0 -9999.0 -9999.0 -9999.0 -9999.0 -9999.0 -276.950790 80.285159 187.962937 -788.537942 -152.843846 -212.127005 1064.130498 -1086.143423 -247.742475 -508.333554 -1658.014977 -498.426363 -791.928820 -672.580643 -531.644052 -389.289086 -693.434998 -951.767156 -680.343895 -951.701297 -676.326531 -951.197361 -9999.0 -9999.0 -9999.0 -9999.0 -9999.0 -9999.0 -9999.0 -9999.0 -9999.0 -9999.0 -9999.0 -9999.0 -9999.0 -9999.0 -9999.0 -9999.0 -9999.0 -9999.0 -9999.0 -9999.0 -9999.0 -9999.0 -9999.0 -9999.0 -9999.0
-9999.0 -9999.0 -9999.0 -9999.0 -9999.0 -9999.0 -9999.0 -9999.0 -9999.0 -9999.0 -9999.0 -404.461355 -262.010809 -192.650458 -452.648783 -490.452435 -1185.264556 -214.002506 -175.394147 -935.129420 841.193996 -456.242032 -454.818694 -689.218019 -654.159811 -545.922488 -673.524383 -502.518011 -373.500925 -952.112640 -948.247545 -633.772189 -950.990562 -951.810966 -962.007204 -982.128807 -559.200290 -246.592101 -393.835359 -9999.0 -9999.0 -9999.0 -950.573191 -9999.0 -9999.0 -9999.0 -9999.0 -9999.0 -9999.0 -9999.0 -9999.0 -9999.0 -9999.0 -9999.0 -9999.0 -9999.0 -9999.0 -9999.0 -9999.0
-9999.0 -9999.0 -9999.0 -9999.0 -9999.0 -9999.0 -9999.0 -9999.0 -9999.0 -9999.0 -9999.0 -495.436930 -572.183546 1203.844915 -269.790886 -746.540476 -274.384414 -206.784433 -196.730469 -221.619515 1346.000242 228.638294 -277.063706 -577.515003 -616.332190 -671.873633 -539.442937 -924.066374 -939.425222 -951.905414 -1018.061677 -671.968859 -572.692281 -437.322713 -555.709583 -611.616806 -235.522564 -702.027061 -584.479989 -1049.420207 -1033.456664 -967.075141 -443.488872 -949.749293 -9999.0 -9999.0 -9999.0 -232.226125 -389.447342 -948.746884 -535.804081 -946.952089 -944.949523 -380.306592 -391.896986 -935.959218 -9999.0 -9999.0 -9999.0
-9999.0 -9999.0 -9999.0 -9999.0 -9999.0 -9999.0 -9999.0 -9999.0 -9999.0 -9999.0 -9999.0 -647.808394 -565.860004 -620.634968 -501.891607 -638.335793 -219.832076 -188.111682 1131.455478 -233.902882 -205.790375 -189.633673 -463.678832 -558.544041 -662.334749 -953.691943 -383.460695 -683.969988 -952.465599 -687.201957 -952.477590 -636.953470 -705.691114 -459.753349 -960.501609 -258.797998 -807.297736 -1545.614110 -384.633845 -1099.978327 -240.015253 -543.844298 -288.691493 -588.270774 -388.532945 -9999.0 -950.799302 -471.713925 -1395.169845 -536.272312 -291.515657 -908.989967 -68.471742 49.043845 54.954399 78.841682 -9999.0 -9999.0 -9999.0
-9999.0 -9999.0 -9999.0 -9999.0 -9999.0 -9999.0 -9999.0 -9999.0 -9999.0 -9999.0 -9999.0 -9999.0 -570.609253 -610.995749 -812.950001 -900.901228 -251.661918 -214.584586 -189.266956 -220.772033 -198.652173 -237.822884 765.309721 -303.071084 -574.934924 -382.552175 113.637694 -1598.017202 -669.322195 -946.891324 -624.822627 -620.698382 -1095.595303 -496.042073 -563.092791 -497.855964 -594.586228 -970.524744 -659.001142 -1083.971667 -210.941087 -1017.406371 -220.480276 -109.087335 -952.750736 -647.740407 -947.774428 -400.290091 -644.449420 -431.927546 -218.734105 -440.250588 -184.561791 -393.265721 -611.906366 -650.844463 -147.803015 -9999.0 -9999.0
-9999.0 -9999.0 -9999.0 -9999.0 -9999.0 -9999.0 -9999.0 -9999.0 -9999.0 -9999.0 -9999.0 -379.910037 -557.163141 -1641.800125 -298.449233 -272.300854 -207.735716 -239.248538 923.057222 -222.100894 -207.996824 889.582846 -173.956654 -336.364890 -441.543865 943.545684 -659.288721 -655.946016 -677.837297 -950.770471 -367.344275 -309.405907 -223.207207 -407.211213 -655.120961 -462.463712 -504.886414 -542.308797 -378.174089 -588.082827 -493.047592 -82.491111 -129.523880 -490904.696431 1245.455419 -481.356854 -916.699286 -956.521317 -947.391285 -966.650456 -894.792090 -629.815584 -628.059717 -900.878806 -952.022332 -950.560331 -938.100212 -9999.0 -9999.0
-9999.0 -9999.0 -9999.0 -9999.0 -9999.0 -9999.0 -9999.0 -9999.0 -9999.0 -9999.0 -399.007499 -377.374841 -1161.946081 -570.642232 -759.632279 -105.008384 -266.623647 -177.582925 -206.889668 -223.532217 1019.615480 -215.676035 -289.131594 -405.540997 -419.227477 -200.156243 -638.509091 -907.169346 -229.116270 1530.854903 -202.671797 -583.118883 -364.080905 -706.036688 -951.736071 -948.145883 -510.435474 -550.417857 -563.866826 -362.980617 -243.066805 -431.491486 -538.146872 -206.427243 -211.182545 -952.263215 -876.389132 -307.386972 -181.240097 -193.209531 -943.979003 -950.732815 -951.436306 -950.243600 -950.618719 -459.614611 -338.941471 -9999.0 -9999.0
-9999.0 -9999.0 -9999.0 -9999.0 -9999.0 -9999.0 -9999.0 -9999.0 -9999.0 -587.547114 -410.859437 -663.309735 -118.332185 -399.305538 -349.469233 -635.971693 -633.326200 -414.143419 -101.898269 -235.499932 -220.855749 -256.779149 1042.713363 -141.215795 -145.024267 -596.735051 -419.611632 1309.538907 1068.473336 921.063483 -216.950748 -1458.556596 -952.361895 -951.844927 -951.773918 -952.331059 -590.703372 -605.735651 -616.156973 -642.370159 -221.609081 -622.060847 -654.817891 -212.587266 77.468845 903.857150 -143.411977 -275.009888 -513.564793 -132.854851 -1085.286384 -937.401807 -950.397342 -950.511711 -940.830584 -678.026644 -97.854806 -94.354887 -938.056716
-9999.0 -9999.0 -9999.0 -9999.0 -9999.0 -9999.0 -9999.0 -9999.0 -9999.0 -916.965634 -573.207907 -589.266333 58.112641 -250.877426 -260.336359 -422.307641 -453.139809 -236.376095 -182.287534 -226.800189 -226.036870 1209.209233 605.662833 -212.728256 -668.936967 -503.734742 -145.306139 811.920556 1234.817527 -222.208275 -585.849083 -603.092742 -668.180068 -444.496686 -599.844976 -967.549519 -961.918638 -966.834533 -675.426788 -572.262841 -627.335847 -622.047849 -273.396115 -159.120782 -53.656946 -170.881461 828.515494 1206.966177 1238.323356 -144.488207 -1385.797096 -653.519376 -950.544196 -631.381236 -950.945345 -659.627335 -239.729507 -182.170911 -121.905847
-9999.0 -9999.0 -9999.0 -9999.0 -9999.0 -9999.0 -9999.0 -9999.0 -9999.0 -9999.0 -498.509552 -495.773354 -273.110971 -214.035618 -210.877284 -510.198364 -427.289786 1350.840314 -241.474854 -229.852224 -230.787032 1046.596821 -329.618049 801.742770 -520.540596 757.655993 1254.684456 1161.006158 -688.841937 -546.197239 -579.462520 -667.643973 -625.389953 -671.506090 -891.076873 -220.454209 -276.768467 -409.977111 -945.682361 -675.525162 -685.573351 -598.182090 -572.456585 -712.487557 -620.080594 -203.613015 909.335260 -134.990692 2489.477109 1092.464142 -1341.242741 -1433.552209 -941.467253 -950.499928 -655.582393 -637.435454 -569.776849 1438.635048 268.696668
-9999.0 -9999.0 -9999.0 -9999.0 -9999.0 -9999.0 -9999.0 -9999.0 -9999.0 -9999.0 -597.867248 -575.836178 -473.835590 -267.753531 719.121450 980.339565 -204.795737 -172.995812 -237.765625 -212.128196 -217.718553 -139.778120 -548.642462 -304.014799 -274.953376 1096.556821 -177.163367 -110.110019 -616.697757 -597.960652 -636.270852 -316.533610 -941.145890 -655.540811 -653.632179 -646.905277 -297.337528 -357.902036 -614.184563 -647.186881 -438.432296 -944.215017 -623.649579 -639.833628 -634.144886 -1299.980630 -373.815818 -647.042662 565.901684 913.092898 1014.667847 -573.106527 -583.048623 -939.077538 -937.147493 -942.681648 -660.830407 -228.185932 941.769566
-9999.0 -9999.0 -9999.0 -9999.0 -9999.0 -9999.0 -9999.0 -9999.0 -609.150011 -729.546530 -1293.124529 -445.888184 -626.680886 -522.711091 -241.136463 798.645437 893.467942 1066.320784 -212.753606 -213.729319 -241.496681 -249.560231 -218.071620 -367.816937 739.621290 -197.740953 993.006236 -656.119032 -640.616980 -594.253138 -951.814492 -657.070250 -664.807207 -500.268882 -426.857661 -641.458036 -425.542993 -284.152398 -644.662058 -942.054070 -951.936489 -636.031684 -892.708460 -951.325368 -952.538256 -776.894737 -608.398980 -423.356327 955.516252 1024.444134 1557.955450 -66.264429 -466.008489 -670.432929 -930.017285 56.809841 -87.951426 -399.839457 1193.060131
-9999.0 -9999.0 -9999.0 -9999.0 -9999.0 -9999.0 -9999.0 -9999.0 -917.430664 -272.870576 -735.268321 -591.577280 -555.679272 -281.185545 -884.854281 -183.692489 1042.747208 857.568917 2823.601954 -217.596311 -236.982975 -228.711512 -224.031909 -47.629714 -247.108698 -228.989120 -166.394171 -166.829247 -879.229782 -399.542944 -483.447462 -955.369906 -367.884222 -945.063739 -244.974256 -581.675044 -271.360863 -265.357335 -711.647933 -681.986304 -626.109070 -886.149996 -951.130283 -1087.839854 -262.028435 -615.718512 -893.186220 -681.454641 -587.926906 682.004871 913.345148 474.924569 -518.945135 -212.412173 -233.193855 -1019.952692 89.275073 1232.922399 1239.635899
-9999.0 -9999.0 -9999.0 -9999.0 -9999.0 -9999.0 -9999.0 -9999.0 -597.344869 -886.040964 -54.974748 -652.914121 -785.976706 -909.840590 -491.668115 -362.669856 -178.370544 1054.787487 -236.115423 -205.076862 -233.158042 -235.671079 -230.365832 -218.436759 -192.577685 -210.682358 927.051860 -444.714588 -953.201154 -756.388129 -954.756360 -245.217992 -607.519553 -1176.995830 -1107.819735 1262.436229 -608.965160 946.003998 -663.708893 -683.583471 -343.643924 -940.781895 -382.500289 -490.232054 -636.172606 -634.949606 -946.049663 -740.431707 -612.080726 884.680627 3201.950331 1255.699946 -549.606515 -596.283291 1330.513790 1247.791874 889.422764 1488.762253 1169.190053
-9999.0 -9999.0 -9999.0 -9999.0 -9999.0 -9999.0 -9999.0 -9999.0 -951.745609 -860.947591 -274.436398 -1138.762670 -569.286878 -363.761063 -136.163811 909.371474 -70.209775 -202.873433 -222.242335 -226.871084 -218.928797 1151.565023 1265.452067 -210.986971 -233.460450 1245.802726 -235.919798 -287.395141 1082.279245 1172.475374 -398.078923 -555.477796 520.792776 -164.844540 -1517.635661 -360.824652 -301.799826 1507.968276 -639.829313 -649.355451 -614.367886 -1186.683743 -818.238488 -942.652279 -851.424985 -951.389490 -143.935260 -879.880086 -536.636659 -763.213390 861.944265 2912.263909 1211.184111 808.640488 920.224762 1077.365815 1264.946466 998.289953 1297.129080
-9999.0 -9999.0 -9999.0 -9999.0 -9999.0 -9999.0 -9999.0 -9999.0 -815.429209 -561.958679 -618.264127 -351.632671 27.872667 902.311824 863.203635 -206.173723 -201.110262 -202.540303 1237.877389 -202.220644 -237.374695 1164.896859 1175.827554 -183.577390 1047.794981 -103.163804 -327.853172 -221.173666 -347.073200 1117.369704 -184.240628 1232.955123 1548.424426 -44.296538 -877.633733 -744.998570 -215.191999 848.140816 592.378266 -609.094653 -692.101878 -1275.020392 -169.960607 -583.506444 -671.425965 -237.903496 -662.290890 1464.204816 607.932773 1457.169372 980.901780 57.958212 2711.563623 1781.175294 1820.774185 1976.780072 1349.700760 1148.883341 1070.454923
-9999.0 -9999.0 -1802.371530 -712.361271 -696.580928 -592.850531 -230.803596 -716.149207 -829.372121 -240.088133 -451.823301 -111.011684 888.837794 1452.785540 865.719222 -180.911583 824.263643 -718.718975 -443.532875 1058.006575 -183.845244 -221.415711 1089.918984 -26.841829 -200.000091 976.728292 427.404247 1422.429673 957.587742 1301.700275 641.158686 -177.952214 1121.183259 883.089914 1267.144358 912.072287 1134.640069 399.347763 1127.560504 1501.311060 1432.557309 1156.169056 765.915238 1019.983973 760.875146 1083.964592 1371.022519 950.005702 891.787571 1001.183563 1087.948843 1109.293043 1320.255797 842.093025 845.446675 1154.025351 859.442030 636.591479 1064.643884
