erum2020/resources/simulation/Vinschgau/output-maps/psiL0008N0173.asc
ncols         63
nrows         48
xllcorner     598000.000000
yllcorner     5145000.000000
cellsize      1000.000000
NODATA_value  -9999.0
[rows 0 to 25 of 48, columns 0 to 58 of 63]
-9999.0 -9999.0 -9999.0 -9999.0 -9999.0 -9999.0 -9999.0 -9999.0 -9999.0 -9999.0 -9999.0 -9999.0 -9999.0 -9999.0 -9999.0 -9999.0 -9999.0 -9999.0 -9999.0 -9999.0 -9999.0 -9999.0 -9999.0 -9999.0 -9999.0 -9999.0 -9999.0 -9999.0 -9999.0 -9999.0 -9999.0 -9999.0 -9999.0 -9999.0 -9999.0 -9999.0 -9999.0 -9999.0 -9999.0 -9999.0 -9999.0 -9999.0 -9999.0 -9999.0 -9999.0 -9999.0 -9999.0 -9999.0 -9999.0 -9999.0 -9999.0 -9999.0 -9999.0 -9999.0 -9999.0 -9999.0 -9999.0 -9999.0 -9999.0
-9999.0 -9999.0 -9999.0 -9999.0 -9999.0 -9999.0 -9999.0 -9999.0 -9999.0 -9999.0 -9999.0 -9999.0 -9999.0 -9999.0 -9999.0 -9999.0 -9999.0 -9999.0 -9999.0 -9999.0 -9999.0 -9999.0 -9999.0 -9999.0 -9999.0 -9999.0 -9999.0 -252.615970 -252.619162 -252.656566 -253.635249 -253.801456 -253.801745 -9999.0 -9999.0 -9999.0 -9999.0 -9999.0 -9999.0 -9999.0 -9999.0 -9999.0 -9999.0 -9999.0 -9999.0 -9999.0 -9999.0 -9999.0 -9999.0 -9999.0 -9999.0 -9999.0 -9999.0 -9999.0 -9999.0 -9999.0 -9999.0 -9999.0 -9999.0
-9999.0 -9999.0 -9999.0 -9999.0 -9999.0 -9999.0 -9999.0 -9999.0 -9999.0 -9999.0 -9999.0 -9999.0 -9999.0 -9999.0 -9999.0 -9999.0 -9999.0 -9999.0 -9999.0 -9999.0 -9999.0 -9999.0 -9999.0 -9999.0 -252.572488 -252.606976 -252.631757 -252.629806 -252.626493 -252.629540 -253.292610 -9999.0 -9999.0 -9999.0 -9999.0 -9999.0 -9999.0 -9999.0 -9999.0 -9999.0 -9999.0 -9999.0 -9999.0 -9999.0 -9999.0 -9999.0 -9999.0 -9999.0 -9999.0 -9999.0 -9999.0 -9999.0 -9999.0 -9999.0 -9999.0 -9999.0 -9999.0 -9999.0 -9999.0
-9999.0 -9999.0 -9999.0 -9999.0 -9999.0 -9999.0 -9999.0 -9999.0 -9999.0 -9999.0 -9999.0 -9999.0 -9999.0 -9999.0 -9999.0 -9999.0 -9999.0 -9999.0 -9999.0 -9999.0 -9999.0 -9999.0 -9999.0 -252.597475 -252.586420 -243.014284 -250.007499 -251.823806 -252.649901 -252.629320 -252.628299 -252.602706 -9999.0 -9999.0 -9999.0 -9999.0 -9999.0 -9999.0 -9999.0 -9999.0 -9999.0 -9999.0 -9999.0 -9999.0 -9999.0 -9999.0 -9999.0 -9999.0 -9999.0 -9999.0 -9999.0 -9999.0 -9999.0 -9999.0 -9999.0 -9999.0 -9999.0 -9999.0 -9999.0
-9999.0 -9999.0 -9999.0 -9999.0 -9999.0 -9999.0 -9999.0 -9999.0 -9999.0 -9999.0 -9999.0 -9999.0 -9999.0 -9999.0 -9999.0 -9999.0 -9999.0 -9999.0 -226.804559 -250.390403 -9999.0 -252.585110 -252.583934 -250.069503 -249.992937 -252.638504 -253.316198 -253.297693 -223.330560 -252.604630 -252.646123 -252.622344 -252.699210 -252.691949 -9999.0 -9999.0 -9999.0 -9999.0 -9999.0 -9999.0 -9999.0 -9999.0 -9999.0 -9999.0 -9999.0 -9999.0 -9999.0 -9999.0 -9999.0 -9999.0 -9999.0 -9999.0 -9999.0 -9999.0 -9999.0 -9999.0 -9999.0 -9999.0 -9999.0
-9999.0 -9999.0 -9999.0 -9999.0 -9999.0 -9999.0 -9999.0 -9999.0 -9999.0 -9999.0 -9999.0 -9999.0 -9999.0 -9999.0 -9999.0 -9999.0 -9999.0 -619.042558 -290.309329 -252.675967 -252.857400 -251.827107 -252.513005 -252.609921 -232.615742 -260.787570 -255.719824 -252.582107 -254.367921 -253.343642 -252.573407 -252.640219 -252.896292 -252.736661 -253.727199 -253.851824 -9999.0 -9999.0 -9999.0 -9999.0 -9999.0 -9999.0 -9999.0 -9999.0 -9999.0 -9999.0 -9999.0 -9999.0 -9999.0 -9999.0 -9999.0 -9999.0 -9999.0 -9999.0 -9999.0 -9999.0 -9999.0 -9999.0 -9999.0
-9999.0 -9999.0 -9999.0 -9999.0 -9999.0 -9999.0 -9999.0 -9999.0 -9999.0 -9999.0 -9999.0 -9999.0 -9999.0 -252.608533 -251.659892 -268.271042 -285.827592 -252.755078 -596.237508 -252.656104 -250.014427 -250.014966 -252.666318 -252.099346 -259.199931 -252.641438 -252.726616 -252.610709 -252.630746 -252.590456 -252.595569 -252.619400 -253.057590 -253.905530 -253.875592 -253.865921 -9999.0 -9999.0 -9999.0 -9999.0 -9999.0 -9999.0 -9999.0 -9999.0 -9999.0 -9999.0 -9999.0 -9999.0 -9999.0 -9999.0 -9999.0 -9999.0 -9999.0 -9999.0 -9999.0 -9999.0 -9999.0 -9999.0 -9999.0
-9999.0 -9999.0 -9999.0 -9999.0 -9999.0 -9999.0 -9999.0 -9999.0 -9999.0 -9999.0 -9999.0 -9999.0 -9999.0 -252.439906 -249.994361 -273.556413 -272.672338 -227.676530 -252.823296 -252.551088 -298.692595 -252.604641 -262.640204 -260.959845 -252.589704 -252.620407 -252.627485 -253.802987 -253.849172 -252.704154 -252.605396 -253.879402 -253.876759 -253.879327 -253.875568 -9999.0 -9999.0 -9999.0 -9999.0 -9999.0 -9999.0 -9999.0 -9999.0 -9999.0 -9999.0 -9999.0 -9999.0 -9999.0 -9999.0 -9999.0 -9999.0 -9999.0 -9999.0 -9999.0 -9999.0 -9999.0 -9999.0 -9999.0 -9999.0
-9999.0 -9999.0 -9999.0 -9999.0 -9999.0 -9999.0 -9999.0 -9999.0 -9999.0 -9999.0 -9999.0 -9999.0 -9999.0 -251.272271 -249.984763 -236.435823 -271.678997 -271.253355 -252.856723 -425.452762 -252.192295 -253.031626 -259.668479 -255.956505 -252.581092 -252.313515 -252.658167 -253.812148 -252.625291 -253.872646 -253.845730 -253.867860 -253.861123 -253.870961 -253.885064 -9999.0 -9999.0 -9999.0 -9999.0 -9999.0 -9999.0 -9999.0 -9999.0 -9999.0 -9999.0 -9999.0 -9999.0 -9999.0 -9999.0 -9999.0 -9999.0 -9999.0 -9999.0 -9999.0 -9999.0 -9999.0 -9999.0 -9999.0 -9999.0
-9999.0 -9999.0 -9999.0 -9999.0 -9999.0 -9999.0 -9999.0 -9999.0 -9999.0 -9999.0 -9999.0 -9999.0 -252.542770 -249.984114 -249.994105 -252.621217 -258.279080 -269.551842 -219.189585 -252.996889 -252.619401 -252.617030 -252.694589 -252.593107 -252.090614 -253.751801 -252.596364 -252.613496 -252.643489 -253.835421 -253.845730 -252.656779 -252.681142 -253.640732 -9999.0 -9999.0 -9999.0 -9999.0 -9999.0 -9999.0 -9999.0 -9999.0 -9999.0 -9999.0 -9999.0 -9999.0 -9999.0 -9999.0 -9999.0 -9999.0 -9999.0 -9999.0 -9999.0 -9999.0 -9999.0 -9999.0 -9999.0 -9999.0 -9999.0
-9999.0 -9999.0 -9999.0 -9999.0 -9999.0 -9999.0 -9999.0 -9999.0 -9999.0 -9999.0 -9999.0 -252.565410 -252.583303 -243.169257 -252.609508 -252.604180 -252.936041 -267.919314 -181.248369 -253.018712 -280.214084 -250.035974 -252.627384 -253.592441 -252.633043 -252.656547 -253.783534 -252.617867 -252.615824 -253.851052 -252.693750 -252.657468 -253.029654 -253.616452 -252.845647 -252.676847 -252.820855 -252.763211 -252.664863 -9999.0 -9999.0 -9999.0 -253.604359 -9999.0 -9999.0 -9999.0 -9999.0 -9999.0 -9999.0 -9999.0 -9999.0 -9999.0 -9999.0 -9999.0 -9999.0 -9999.0 -9999.0 -9999.0 -9999.0
-9999.0 -9999.0 -9999.0 -9999.0 -9999.0 -9999.0 -9999.0 -9999.0 -9999.0 -9999.0 -9999.0 -252.597876 -252.583838 -252.596666 -252.418617 -253.234479 -252.358515 -284.030859 -210.426767 -215.358926 -249.986383 -250.016736 -252.591065 -252.623641 -252.609846 -253.572233 -252.640412 -252.652693 -252.710238 -253.645864 -252.651252 -252.657692 -252.737510 -252.697488 -252.673395 -252.770071 -252.652403 -252.674796 -252.598123 -252.728464 -252.805030 -253.021830 -252.761661 -253.636916 -9999.0 -9999.0 -9999.0 -350.594959 -252.473771 -252.573172 -251.962909 -252.556155 -252.553554 -256.085778 -242.267479 -253.524932 -9999.0 -9999.0 -9999.0
-9999.0 -9999.0 -9999.0 -9999.0 -9999.0 -9999.0 -9999.0 -9999.0 -9999.0 -9999.0 -9999.0 -252.588835 -252.597715 -252.748387 -251.930422 -252.752272 -252.575153 -268.888728 -252.217450 -242.263643 -358.202271 -252.572838 -252.594621 -252.588659 -253.620823 -252.743376 -252.616822 -252.727456 -253.650030 -253.475550 -253.746719 -252.747389 -252.673338 -252.687875 -253.145949 -252.704606 -252.640983 -252.726554 -252.682027 -252.810338 -252.591842 -252.795014 -252.765347 -252.668153 -252.618374 -9999.0 -253.435518 -252.508702 -252.477257 -251.313041 -252.586071 -252.598840 -250.014598 -249.908775 -249.917708 -250.007258 -9999.0 -9999.0 -9999.0
-9999.0 -9999.0 -9999.0 -9999.0 -9999.0 -9999.0 -9999.0 -9999.0 -9999.0 -9999.0 -9999.0 -9999.0 -252.578373 -252.253381 -250.018743 -252.442002 -261.824784 -266.647496 -231.930626 -213.077548 -275.076735 -252.622337 -252.610977 -252.586999 -252.653570 -252.605266 -249.993276 -253.683228 -253.473389 -252.655473 -252.646156 -252.649483 -252.666399 -252.666851 -253.328395 -252.754941 -252.929162 -252.614142 -252.793977 -252.710939 -252.588812 -252.772002 -252.709357 -252.565921 -252.699242 -252.597225 -252.613376 -252.578441 -252.596466 -252.618299 -251.324017 -251.374958 -340.237698 -250.067386 -252.554045 -252.559834 -250.005215 -9999.0 -9999.0
-9999.0 -9999.0 -9999.0 -9999.0 -9999.0 -9999.0 -9999.0 -9999.0 -9999.0 -9999.0 -9999.0 -252.123518 -252.658798 -252.714012 -252.538062 -252.519585 -252.527306 -263.591536 -249.980054 -523.856011 -277.843137 -270.580501 -252.475126 -252.715094 -252.591822 -252.193050 -252.695599 -253.654004 -252.659683 -252.700840 -252.634305 -252.626480 -252.588004 -252.652955 -253.760110 -252.719530 -253.011179 -253.073386 -655.557679 -252.706701 -252.621909 -252.635942 -252.657424 -252.900895 -252.606371 -252.602202 -252.588501 -252.622410 -252.593852 -252.644896 -253.345988 -252.841536 -252.593395 -253.640377 -253.333060 -253.634941 -252.541642 -9999.0 -9999.0
-9999.0 -9999.0 -9999.0 -9999.0 -9999.0 -9999.0 -9999.0 -9999.0 -9999.0 -9999.0 -250.132681 -252.544384 -251.238345 -252.611676 -250.002903 -252.412920 -252.592259 -258.999332 -270.026415 -451.486542 -128.756265 -328.973700 -264.564324 -249.997839 -252.398035 -251.534554 -252.751932 -253.293905 -252.689567 -252.601250 -252.595248 -252.610704 -252.644710 -253.446855 -253.861807 -252.830527 -252.858415 -252.752312 -266.433854 -252.728213 -252.824480 -252.750418 -253.613039 -445.764345 -252.600718 -252.700226 -252.589474 -252.678072 -252.583211 -252.613547 -253.228068 -253.596133 -253.396238 -253.625656 -253.547862 -250.006187 -250.012825 -9999.0 -9999.0
-9999.0 -9999.0 -9999.0 -9999.0 -9999.0 -9999.0 -9999.0 -9999.0 -9999.0 -252.742250 -250.177034 -250.205390 -252.456884 -252.592116 -250.062521 -252.592223 -252.614009 -250.001728 -279.955929 -544.898405 -241.227708 -274.691810 -273.110265 -252.575035 -251.031858 -253.735049 -252.718743 -252.493710 -252.635826 -252.585033 -252.584592 -254.414605 -253.825067 -253.834800 -253.465640 -253.683941 -252.648724 -252.684709 -252.762111 -252.611189 -264.635415 -253.361544 -253.975154 -275.775604 -286.809420 -252.646474 -252.209834 -252.674827 -252.628803 -244.524557 -252.634416 -252.593274 -253.627010 -253.357539 -252.880266 -252.486269 -250.007079 -251.562631 -252.084049
-9999.0 -9999.0 -9999.0 -9999.0 -9999.0 -9999.0 -9999.0 -9999.0 -9999.0 -252.714674 -252.663585 -252.644637 -249.987628 -252.504060 -252.302132 -252.505987 -249.994408 -252.622544 -286.960090 -249.076832 -247.311703 -252.447922 -249.993400 -251.443958 -253.668473 -252.597602 -252.589988 -252.572122 -252.490800 -253.306696 -252.614060 -256.894907 -253.600987 -252.623606 -252.648439 -252.825461 -252.732585 -252.746793 -253.676883 -252.633861 -253.361996 -252.832181 -252.618638 -252.626883 -359.139545 -243.415529 -252.579656 -252.666085 -252.655638 -252.589146 -255.015400 -252.672238 -253.465046 -253.459059 -253.529454 -250.080487 -250.006181 -250.027061 -251.962947
-9999.0 -9999.0 -9999.0 -9999.0 -9999.0 -9999.0 -9999.0 -9999.0 -9999.0 -9999.0 -252.635695 -252.639309 -252.583554 -394.446621 -252.628501 -251.972992 -251.124342 -251.238912 -294.654013 -398.475087 -230.660911 -271.713183 -257.288474 -257.339619 -252.590786 -252.595319 -252.475480 -252.510739 -252.602338 -253.140420 -253.339793 -253.103499 -253.261596 -253.649133 -252.667714 -252.591951 -252.589607 -252.607593 -252.662965 -253.709710 -253.781336 -252.604684 -252.608460 -252.618919 -255.167170 -258.393051 -270.143896 -232.416831 -252.959605 -252.633433 -257.312863 -252.592786 -252.554052 -253.451897 -252.571506 -253.163586 -252.419339 -252.584824 -251.243660
-9999.0 -9999.0 -9999.0 -9999.0 -9999.0 -9999.0 -9999.0 -9999.0 -9999.0 -9999.0 -252.629882 -252.632811 -252.583651 -252.029650 -131.759484 -274.530018 -271.220399 -274.260368 -298.361941 -377.712796 -286.236383 -277.013772 -272.055692 -252.607318 -252.584304 -252.467761 -244.336476 -259.023066 -254.230011 -253.194003 -253.619176 -252.584883 -253.248815 -253.636534 -253.622686 -252.698844 -252.635001 -252.630640 -252.719456 -253.544054 -252.596657 -252.603743 -252.592094 -253.486824 -250.419611 -254.540456 -252.574809 -255.624591 -278.340004 -252.728572 -252.835139 -252.576190 -251.657933 -252.550414 -253.599694 -252.498008 -252.767719 -250.028090 -289.866954
-9999.0 -9999.0 -9999.0 -9999.0 -9999.0 -9999.0 -9999.0 -9999.0 -250.866683 -252.593490 -252.783406 -252.582317 -252.604713 -252.607969 -258.940396 -335.779524 -288.936395 -252.501746 -322.745877 -364.467798 -299.705522 -291.489954 -283.197562 -278.715898 -252.564534 -276.421448 -230.912391 -253.766679 -252.587537 -252.899889 -253.761008 -253.600794 -253.333815 -253.146973 -252.592362 -253.693810 -252.589503 -252.635758 -254.604724 -252.628661 -253.410831 -252.642745 -253.506076 -253.738749 -252.601582 -251.656689 -253.474541 -251.547449 -260.420340 -9.344829 -252.501061 -261.235723 -250.324125 -252.792467 -252.544343 -250.020674 -251.992909 -249.996380 -252.619811
-9999.0 -9999.0 -9999.0 -9999.0 -9999.0 -9999.0 -9999.0 -9999.0 -252.833989 -252.258445 -252.714682 -253.294847 -252.712711 -252.569257 -258.294083 -261.926984 -269.447088 -268.243046 -293.370397 -306.116043 -285.044364 -388.230408 -248.425860 -252.509006 -291.197705 -288.853680 -255.427681 -252.595132 -253.300296 -252.592076 -252.589877 -252.671451 -252.585999 -252.599545 -252.429215 -252.521716 -252.598681 -252.604736 -252.655226 -252.584878 -253.113564 -253.708895 -253.602360 -252.521204 -252.566210 -252.503402 -253.428033 -253.408739 -252.602535 -273.400608 -252.481124 -252.581512 -253.749620 -250.013884 -252.594424 -252.627725 -252.590685 -252.618242 -252.810854
-9999.0 -9999.0 -9999.0 -9999.0 -9999.0 -9999.0 -9999.0 -9999.0 -252.693237 -252.612779 -252.080219 -252.734407 -252.578913 -253.031388 -250.024976 -266.229994 -278.560853 -252.565108 -298.269797 -242.435276 -267.344943 -364.592262 -246.268318 -250.234769 -243.472199 -275.773711 -263.490565 -255.797546 -253.223754 -252.656294 -252.656269 -252.580892 -252.638234 -252.697856 -251.289148 -252.507437 -252.586113 -266.995192 -255.006366 -252.591032 -252.576325 -252.594118 -251.056351 -252.580326 -252.585523 -252.594103 -252.579568 -250.002786 -252.573005 -259.917403 -55.146032 -252.470705 -258.686416 -255.497808 -252.580941 -252.488314 -252.432194 -252.444248 -252.566032
-9999.0 -9999.0 -9999.0 -9999.0 -9999.0 -9999.0 -9999.0 -9999.0 -253.729992 -252.611373 -257.486962 -252.829051 -250.002651 -250.023249 -267.298517 -279.061248 -299.916718 -305.129472 -314.616768 -486.238112 -375.713308 -65.318052 -11.432833 -206.002017 -263.206489 -263.119145 -256.226838 -259.759602 -250.020798 -252.585911 -252.671073 -252.633645 -252.644915 -252.600180 -252.625875 -252.600006 -252.606486 -266.831556 -257.131967 -252.617135 -252.564079 -252.292174 -252.107707 -252.642042 -250.037838 -252.588009 -250.345219 -252.591869 -250.075075 -252.625126 -258.250211 -304.937951 -252.464836 -220.667072 -252.419149 -252.417484 -252.534487 -92.947151 8.146144
-9999.0 -9999.0 -9999.0 -9999.0 -9999.0 -9999.0 -9999.0 -9999.0 -252.602748 -252.564932 -250.008112 -262.237237 -267.423363 -272.097640 -252.282596 -240.550119 -180.549247 -265.948826 -260.151747 -268.478353 -280.663934 -70.234311 -74.299934 -218.887881 -252.489319 -269.867835 -263.998751 -251.933578 -252.470487 -251.901467 -261.288602 -250.003944 -252.629788 -251.901394 -252.639300 -252.626649 -252.585715 -269.250918 -269.313644 -252.603089 -252.648862 -252.740097 -252.595799 -252.661638 -252.634237 -252.471061 -252.633501 -252.630727 -252.584047 -252.620117 -252.715056 -296.733804 -298.563655 -252.474932 -252.239095 -69.120953 -74.147723 -66.072298 -56.559885
-9999.0 -9999.0 -252.652466 -252.565142 -252.574264 -252.593916 -252.531634 -252.607361 -252.584975 -252.479606 -252.568027 -210.587256 -270.094953 -250.247595 -252.482409 -173.903217 -260.891236 -253.813004 -252.589553 -260.309806 -271.136606 -296.709621 -74.327785 -68.898933 -334.864945 -281.328106 -276.449226 -275.173947 -287.318662 -250.260185 -268.714161 -265.019351 -216.698439 -276.748946 -252.490735 -268.178322 -252.477239 -274.421687 -268.490331 -259.997092 -252.608600 -252.622204 -280.880639 -252.494063 -266.525881 -252.617931 -252.468616 -252.940466 -252.972895 -252.520419 -252.495737 -72.022571 -74.603741 -71.832886 -58.311184 136.807781 -39.359669 -217.448055 -252.452968
