erum2020/resources/simulation/Vinschgau/output-maps/psiL0005N0817.asc
ncols         63
nrows         48
xllcorner     598000.000000
yllcorner     5145000.000000
cellsize      1000.000000
NODATA_value  -9999.0
[rows 0 to 25 of 48, columns 0 to 58 of 63]
-9999.0 -9999.0 -9999.0 -9999.0 -9999.0 -9999.0 -9999.0 -9999.0 -9999.0 -9999.0 -9999.0 -9999.0 -9999.0 -9999.0 -9999.0 -9999.0 -9999.0 -9999.0 -9999.0 -9999.0 -9999.0 -9999.0 -9999.0 -9999.0 -9999.0 -9999.0 -9999.0 -9999.0 -9999.0 -9999.0 -9999.0 -9999.0 -9999.0 -9999.0 -9999.0 -9999.0 -9999.0 -9999.0 -9999.0 -9999.0 -9999.0 -9999.0 -9999.0 -9999.0 -9999.0 -9999.0 -9999.0 -9999.0 -9999.0 -9999.0 -9999.0 -9999.0 -9999.0 -9999.0 -9999.0 -9999.0 -9999.0 -9999.0 -9999.0
-9999.0 -9999.0 -9999.0 -9999.0 -9999.0 -9999.0 -9999.0 -9999.0 -9999.0 -9999.0 -9999.0 -9999.0 -9999.0 -9999.0 -9999.0 -9999.0 -9999.0 -9999.0 -9999.0 -9999.0 -9999.0 -9999.0 -9999.0 -9999.0 -9999.0 -9999.0 -9999.0 -605.661547 6276.643892 -609.940467 5397.868867 -5.783310 1041.127780 -9999.0 -9999.0 -9999.0 -9999.0 -9999.0 -9999.0 -9999.0 -9999.0 -9999.0 -9999.0 -9999.0 -9999.0 -9999.0 -9999.0 -9999.0 -9999.0 -9999.0 -9999.0 -9999.0 -9999.0 -9999.0 -9999.0 -9999.0 -9999.0 -9999.0 -9999.0
-9999.0 -9999.0 -9999.0 -9999.0 -9999.0 -9999.0 -9999.0 -9999.0 -9999.0 -9999.0 -9999.0 -9999.0 -9999.0 -9999.0 -9999.0 -9999.0 -9999.0 -9999.0 -9999.0 -9999.0 -9999.0 -9999.0 -9999.0 -9999.0 5888.250336 5561.144666 5098.975678 5573.108735 5034.257046 5084.047976 6881.777826 -9999.0 -9999.0 -9999.0 -9999.0 -9999.0 -9999.0 -9999.0 -9999.0 -9999.0 -9999.0 -9999.0 -9999.0 -9999.0 -9999.0 -9999.0 -9999.0 -9999.0 -9999.0 -9999.0 -9999.0 -9999.0 -9999.0 -9999.0 -9999.0 -9999.0 -9999.0 -9999.0 -9999.0
-9999.0 -9999.0 -9999.0 -9999.0 -9999.0 -9999.0 -9999.0 -9999.0 -9999.0 -9999.0 -9999.0 -9999.0 -9999.0 -9999.0 -9999.0 -9999.0 -9999.0 -9999.0 -9999.0 -9999.0 -9999.0 -9999.0 -9999.0 5523.085542 4121.663236 -608.585699 -497.309149 -846.063417 -283.143094 5250.906543 6274.680100 6801.846700 -9999.0 -9999.0 -9999.0 -9999.0 -9999.0 -9999.0 -9999.0 -9999.0 -9999.0 -9999.0 -9999.0 -9999.0 -9999.0 -9999.0 -9999.0 -9999.0 -9999.0 -9999.0 -9999.0 -9999.0 -9999.0 -9999.0 -9999.0 -9999.0 -9999.0 -9999.0 -9999.0
-9999.0 -9999.0 -9999.0 -9999.0 -9999.0 -9999.0 -9999.0 -9999.0 -9999.0 -9999.0 -9999.0 -9999.0 -9999.0 -9999.0 -9999.0 -9999.0 -9999.0 -9999.0 -248.820949 4696.129990 -9999.0 5374.270043 4336.962940 -679.285807 -432.697737 -1063.551247 -331.761454 -162.052509 84.326689 -427.571529 5836.192621 6990.151978 -730.803827 -498.061611 -9999.0 -9999.0 -9999.0 -9999.0 -9999.0 -9999.0 -9999.0 -9999.0 -9999.0 -9999.0 -9999.0 -9999.0 -9999.0 -9999.0 -9999.0 -9999.0 -9999.0 -9999.0 -9999.0 -9999.0 -9999.0 -9999.0 -9999.0 -9999.0 -9999.0
-9999.0 -9999.0 -9999.0 -9999.0 -9999.0 -9999.0 -9999.0 -9999.0 -9999.0 -9999.0 -9999.0 -9999.0 -9999.0 -9999.0 -9999.0 -9999.0 -9999.0 -1059.329947 -648.137442 -7458.075226 -734.655416 -218.255220 -422.771599 -401.385267 -404.878564 -362.517905 644.145071 1695.088327 80.493843 -184.409614 613.244942 525.937629 -1754.014596 -7940.890493 -2942.948680 -1307.055612 -9999.0 -9999.0 -9999.0 -9999.0 -9999.0 -9999.0 -9999.0 -9999.0 -9999.0 -9999.0 -9999.0 -9999.0 -9999.0 -9999.0 -9999.0 -9999.0 -9999.0 -9999.0 -9999.0 -9999.0 -9999.0 -9999.0 -9999.0
-9999.0 -9999.0 -9999.0 -9999.0 -9999.0 -9999.0 -9999.0 -9999.0 -9999.0 -9999.0 -9999.0 -9999.0 -9999.0 3386.811388 -334.644961 -686.823818 -1186.260108 -5134.780698 -1027.135488 -732.508041 -453.942126 -498.932838 -529.544353 -358.762661 -287.589061 4748.873440 -4519.662090 -133.938023 -241.056624 -126.129513 8607.146971 4001.239912 4002.919138 3983.893414 -277.986984 -708.461109 -9999.0 -9999.0 -9999.0 -9999.0 -9999.0 -9999.0 -9999.0 -9999.0 -9999.0 -9999.0 -9999.0 -9999.0 -9999.0 -9999.0 -9999.0 -9999.0 -9999.0 -9999.0 -9999.0 -9999.0 -9999.0 -9999.0 -9999.0
-9999.0 -9999.0 -9999.0 -9999.0 -9999.0 -9999.0 -9999.0 -9999.0 -9999.0 -9999.0 -9999.0 -9999.0 -9999.0 814.411213 -431.366573 -752.924489 -1074.019197 -327.860209 -5185.993682 -682.294690 -1007.052214 -359.996780 -404.076257 -312.121652 -308.638041 -206.730067 6125.016483 -483.212272 -396.700651 -56.498983 7320.949651 6803.711479 -438.459695 -523.732740 -415.846255 -9999.0 -9999.0 -9999.0 -9999.0 -9999.0 -9999.0 -9999.0 -9999.0 -9999.0 -9999.0 -9999.0 -9999.0 -9999.0 -9999.0 -9999.0 -9999.0 -9999.0 -9999.0 -9999.0 -9999.0 -9999.0 -9999.0 -9999.0 -9999.0
-9999.0 -9999.0 -9999.0 -9999.0 -9999.0 -9999.0 -9999.0 -9999.0 -9999.0 -9999.0 -9999.0 -9999.0 -9999.0 -502.932550 741.401468 -588.860602 -811.273774 -1005.977789 -5512.261023 -1059.864169 -261.486148 -4460.411471 -314.774805 -216.163059 -272.616436 113.975469 -1056.879968 -655.391334 6610.271884 -584.098724 4539.532225 -298.342760 -610.223916 -294.190940 -471.255509 -9999.0 -9999.0 -9999.0 -9999.0 -9999.0 -9999.0 -9999.0 -9999.0 -9999.0 -9999.0 -9999.0 -9999.0 -9999.0 -9999.0 -9999.0 -9999.0 -9999.0 -9999.0 -9999.0 -9999.0 -9999.0 -9999.0 -9999.0 -9999.0
-9999.0 -9999.0 -9999.0 -9999.0 -9999.0 -9999.0 -9999.0 -9999.0 -9999.0 -9999.0 -9999.0 -9999.0 -511.393971 6550.805280 -375.861972 -277.148330 -417.056467 -668.387491 -415.322450 -5903.460194 -465.655884 -196.629657 -156.469833 582.194711 1077.798442 6677.184394 -69.349977 6710.637566 6690.576202 -357.851583 880.871602 -605.671091 3440.090509 -551.615158 -9999.0 -9999.0 -9999.0 -9999.0 -9999.0 -9999.0 -9999.0 -9999.0 -9999.0 -9999.0 -9999.0 -9999.0 -9999.0 -9999.0 -9999.0 -9999.0 -9999.0 -9999.0 -9999.0 -9999.0 -9999.0 -9999.0 -9999.0 -9999.0 -9999.0
-9999.0 -9999.0 -9999.0 -9999.0 -9999.0 -9999.0 -9999.0 -9999.0 -9999.0 -9999.0 -9999.0 5532.907667 -114.594186 401.920179 -331.483529 35.820290 -4936.149573 -585.489505 101.127002 -213.207761 -621.505733 -239.902758 5694.509055 6470.313267 -189.862456 5857.771703 3615.446719 7060.882267 9775.479762 -267.048860 -546.469946 3389.854914 -466.812927 -572.291369 -669.810644 -660.659020 -267.160975 -1095.805850 -205.418092 -9999.0 -9999.0 -9999.0 -2846.965227 -9999.0 -9999.0 -9999.0 -9999.0 -9999.0 -9999.0 -9999.0 -9999.0 -9999.0 -9999.0 -9999.0 -9999.0 -9999.0 -9999.0 -9999.0 -9999.0
-9999.0 -9999.0 -9999.0 -9999.0 -9999.0 -9999.0 -9999.0 -9999.0 -9999.0 -9999.0 -9999.0 6721.059942 -246.274807 95.860664 -400.802904 3329.598958 -538.267458 -763.105025 -361.299529 -228.762311 -186.352149 606.207275 6331.565685 6511.780373 6008.001903 7412.819949 6439.707603 6159.302452 -231.983380 -398.798786 5719.904302 5493.678676 6474.459917 5465.215337 5764.500663 6471.100060 3354.696975 -1767.586169 -1638.159212 -1882.448778 -924.156725 -571.214992 5800.712176 -628.660646 -9999.0 -9999.0 -9999.0 6002.995044 6202.753691 -526.033923 6711.975240 -538.063089 -487.580667 6088.449228 6016.583325 -234.374651 -9999.0 -9999.0 -9999.0
-9999.0 -9999.0 -9999.0 -9999.0 -9999.0 -9999.0 -9999.0 -9999.0 -9999.0 -9999.0 -9999.0 4899.360167 4541.674476 -133.904933 105.186873 605.046395 -190.159551 -431.516314 -289.790650 -365.754943 -332.804170 -289.646791 4491.316222 6684.580802 7351.715062 -514.826364 6789.714375 6867.621426 -547.184502 6503.718476 -549.754758 -23.335112 5494.068615 6830.578867 -546.618611 2208.849295 6765.736003 -1550.971793 -2507.934509 -2524.264268 -665.131720 -65.174941 4510.838558 7197.349517 6547.127819 -9999.0 -566.995253 5687.251889 6111.665573 6210.946953 1367.395947 -480.236953 -5.514896 6360.840064 1446.881787 5943.657418 -9999.0 -9999.0 -9999.0
-9999.0 -9999.0 -9999.0 -9999.0 -9999.0 -9999.0 -9999.0 -9999.0 -9999.0 -9999.0 -9999.0 -9999.0 6766.896389 6427.181061 1720.691834 1081.282513 -343.440968 -528.124966 -174.831309 -294.879561 -387.564600 -285.373702 -195.667177 5811.840301 6336.639101 5615.589503 921.754085 -9.402244 6144.056021 -600.912562 7052.368546 4629.332774 -12.856551 6424.011436 6361.775473 4154.015466 -504.073940 -2437.027659 -2690.008853 -2080.143347 -942.654434 -2212.560095 -146.557525 6348.956093 -894.925664 6469.144425 -686.653210 6346.439046 -102.252923 3917.148893 1297.227430 -36.813783 423.556489 -37.993180 -38.553882 6428.217740 6407.920682 -9999.0 -9999.0
-9999.0 -9999.0 -9999.0 -9999.0 -9999.0 -9999.0 -9999.0 -9999.0 -9999.0 -9999.0 -9999.0 6881.008383 6783.965060 -12.144508 5776.323017 2201.400122 -234.100395 -332.120222 -202.596052 -520.949465 -416.390107 -205.958457 3700.477746 -192.769721 4853.019156 4006.503353 5911.334407 7116.541480 6272.521754 -668.288589 6707.993522 6719.340642 3440.993181 6389.723687 6373.638162 7038.262816 -288.230378 -2815.296547 -1872.216359 -2296.344514 -2318.715956 -1619.157283 -81.586951 -6743.530066 4149.872442 6586.890050 6238.481215 -1082.197166 -1081.076807 -145.494862 -3736.745059 6764.519291 2946.228569 -896.081180 -1186.222379 -443.236284 -402.169308 -9999.0 -9999.0
-9999.0 -9999.0 -9999.0 -9999.0 -9999.0 -9999.0 -9999.0 -9999.0 -9999.0 -9999.0 4570.371069 5975.265361 5166.483719 5090.972947 2385.338581 3492.101349 4002.310415 -373.408727 -746.010174 -492.042377 101.249454 89.353180 -180.119037 3129.622950 13.638257 2681.229386 -56.413441 -5602.142708 -16.372591 5823.244796 3217.172892 3485.188276 5255.488314 5608.038930 -408.009468 -582.819058 6021.268880 5319.070736 -893.598452 -266.428363 -261.251043 -2238.633883 -230.594468 99.194526 685.727276 -629.453913 7298.052450 -153.935651 1772.361465 99.548882 -5913.549312 -458.290320 -1022.988475 -188.310615 -384.986362 4414.876610 4446.331745 -9999.0 -9999.0
-9999.0 -9999.0 -9999.0 -9999.0 -9999.0 -9999.0 -9999.0 -9999.0 -9999.0 7355.734599 6848.011147 1577.756558 1418.876708 3666.574642 2465.495265 3288.684202 1071.786227 -151.517385 -613.865158 -771.398705 -190.151807 -568.216198 -432.445146 -331.525973 -236.485772 1935.231726 6127.337591 5268.898865 -185.930886 805.261145 -227.366185 -65.347350 -349.159517 -424.322859 -562.600545 -567.573983 3542.120145 5079.357943 6823.797721 6785.074415 7556.480390 1730.505782 -173.327922 -400.208362 -228.283908 -255.915243 1357.482049 -224.764721 -214.290496 -217.140902 -134.884186 -440.677208 -213.006401 -217.258289 -388.523723 -106.301419 938.072466 -210.943565 -326.556563
-9999.0 -9999.0 -9999.0 -9999.0 -9999.0 -9999.0 -9999.0 -9999.0 -9999.0 -7.262632 3414.597391 6863.255405 7486.858557 -218.895075 1373.912469 3640.391958 2127.510468 -220.314624 -655.279168 -442.918680 -365.453516 -511.353956 -212.960841 -153.136374 -65.620479 5226.693952 3210.086321 45.464985 -211.697096 -194.331337 3244.486312 3085.952168 3139.020579 6876.468198 7162.840602 -580.757923 -570.819155 -569.730168 6676.694069 7262.911714 6101.511550 -116.728262 2689.313850 -162.275033 -336.512458 -267.557217 -214.895063 -344.725574 -277.849779 -220.564842 -69.512254 178.095580 -317.798085 5253.957592 -62.964747 5231.800054 -68.804943 4653.584415 -253.258998
-9999.0 -9999.0 -9999.0 -9999.0 -9999.0 -9999.0 -9999.0 -9999.0 -9999.0 -9999.0 6969.599565 6864.088949 6608.583448 7037.511899 -279.944806 641.947191 -200.101402 -277.356634 -668.310732 -486.190593 -249.455606 -580.963166 -283.566096 -188.407366 4621.576076 517.418302 -238.640917 24.094136 1940.519289 10271.571628 6149.261942 14295.809080 2461.465284 6277.097423 6429.143727 6002.265042 4881.665913 5406.294203 -402.872090 6834.201767 7051.532295 5828.782630 9798.417955 -192.610608 -209.449119 -307.471975 -255.367615 -172.505019 -234.870282 -277.784672 -79.040060 -129.608527 -454.206699 -222.412084 5158.933910 5786.848022 5811.538396 14225.872306 -166.001656
-9999.0 -9999.0 -9999.0 -9999.0 -9999.0 -9999.0 -9999.0 -9999.0 -9999.0 -9999.0 6106.372746 6900.189359 5969.296442 1724.126320 73.664798 -461.496810 -405.803200 -598.342230 -658.066887 -958.079666 -974.419889 -600.824220 -337.405902 2025.689691 542.987594 -173.760167 92.565035 280.974199 8734.800103 1944.369951 7113.447398 6997.568292 -3273.049643 6759.085785 7283.113990 6719.796634 8164.943439 6067.492064 -72.686265 7055.635104 7462.802566 -83.607430 7141.025306 6641.910098 5606.290567 -61.042672 255.602663 -209.398196 -200.850488 92.046892 -160.528223 -110.587254 5215.842148 -371.849425 -277.217370 -327.915467 6731.162992 -129.191985 118.188014
-9999.0 -9999.0 -9999.0 -9999.0 -9999.0 -9999.0 -9999.0 -9999.0 7434.004487 6456.461863 -16.998301 5731.078078 3814.833722 3808.146108 4764.205291 -257.298608 -704.565919 -524.017123 -582.601158 -1149.768351 -1137.551423 -786.457324 -701.531897 -580.359202 -304.618482 -212.637538 -71.841429 9651.789242 7940.136452 1625.718588 -375.849403 5066.795203 6783.121641 6772.796962 6979.867561 7209.652477 2892.715392 6194.644775 5729.356629 -618.208853 -814.600611 4377.639258 -3247.792134 -470.598664 -815.405757 3087.201601 5703.625502 4801.681585 -181.817975 90.041956 232.358818 -78.263739 4938.122481 674.220852 -582.056968 54.599057 -291.977916 4025.533031 -219.833722
-9999.0 -9999.0 -9999.0 -9999.0 -9999.0 -9999.0 -9999.0 -9999.0 -8.365662 3152.148630 -58.296441 6785.390201 6714.279547 6680.257431 6438.492783 -288.576604 -486.064798 -568.201726 -999.460515 -1139.681167 -387.133972 -471.405122 -485.761735 -484.162018 -712.948381 -368.519517 93.637926 5101.313914 -5132.612129 7005.142939 6664.804823 -1277.038042 3747.018751 -1194.406198 5477.153289 7340.915677 3812.108446 2207.277330 -134.401313 7126.064456 7522.417671 -31.777142 -806.421586 7049.772682 8981.845141 4589.614294 -4337.588483 7213.504371 -132.338732 -182.010898 85.533448 6349.482200 7653.527916 6271.388157 -19.546513 -11212.625590 -200.338748 -246.792081 -89.420704
-9999.0 -9999.0 -9999.0 -9999.0 -9999.0 -9999.0 -9999.0 -9999.0 7376.513100 6655.222382 1993.192109 -53.847297 6572.671861 -4032.835528 4220.593257 -154.570837 -487.379023 -451.902072 -1001.893654 -460.458149 -1154.443069 -626.786014 -528.703863 -896.776457 -457.871039 -465.586878 -206.027381 8943.088611 -5279.876536 6970.285364 -1916.853315 4675.098130 6677.079853 -152.662757 6548.963854 4649.093978 -140.707417 90.220856 2805.799972 -98.353132 7149.327352 -1278.943501 7407.623031 7302.628590 6587.350990 7428.164692 -965.051562 6817.471551 6424.514921 -217.890292 -190.648354 -168.547316 3829.043752 3165.326287 -138.869479 395.912927 76.384149 92.321226 -193.386779
-9999.0 -9999.0 -9999.0 -9999.0 -9999.0 -9999.0 -9999.0 -9999.0 -828.207476 7320.979381 984.145688 -5446.832785 7242.510379 6034.551458 -94.587282 -194.521748 -728.034836 -906.689336 -372.016547 -1109.498253 -1044.941094 -1023.857037 -612.828670 -920.648806 -748.324063 -395.088294 -112.012285 -53.167573 5133.894895 -115.955848 -163.391805 -140.141101 -146.537041 1484.001226 -126.160521 3481.136783 -205.223809 -455.125138 -132.632388 -189.168510 5907.532058 5995.833598 7203.714754 -1005.207277 6194.685780 -922.769040 -14.207295 -986.769199 6096.861270 -201.548101 -265.658416 -147.462717 -279.339183 1020.148689 100.066244 102.317230 102.471341 149.018480 -259.732063
-9999.0 -9999.0 -9999.0 -9999.0 -9999.0 -9999.0 -9999.0 -9999.0 6259.816476 7615.092819 5586.778436 4032.969717 2148.112461 9648.781233 -164.103057 99.672881 87.854281 -454.567894 -411.014909 -558.652384 -914.875157 -854.355033 -1004.111024 -1029.035833 -399.237920 -470.558497 6869.781172 623.279467 -227.130953 1297.466997 -199.129517 199.822451 98.719322 -146.614852 -247.555824 -245.919130 -275.007380 -513.097401 -430.115435 92.342518 -236.181599 -130.684704 -239.556238 -167.198073 -199.152613 4194.813737 -224.970669 -182.499160 -230.088867 -256.469430 -193.919195 -447.983420 -254.442026 -221.758331 197.151348 188.115610 103.100067 102.874324 101.692826
-9999.0 -9999.0 -21.110074 6528.950538 818.990635 5420.973290 4657.624029 4539.295043 7041.021822 7373.921042 5107.322775 5443.335426 5308.533760 2712.820568 93.544276 83.889524 -172.793342 7506.987569 3452.004274 -300.772001 -578.266975 -590.905685 102.225056 -1277.040960 -893.245887 -595.865069 -472.241492 -406.668462 -317.765643 34.946533 -308.616870 -282.000234 109.077143 -315.655708 -233.495244 -482.759243 -364.507962 -607.235978 -552.575099 -470.724623 -311.447622 -227.201034 -270.393823 -176.633263 -254.142773 -252.407283 88.841560 -231.686985 -206.087752 -299.145137 -392.575709 -479.981628 -11.564766 102.139069 103.242594 102.714879 107.944884 -69.739323 -140.575296
