erum2020/resources/simulation/Vinschgau/output-maps/psiL0002N0551.asc
ncols         63
nrows         48
xllcorner     598000.000000
yllcorner     5145000.000000
cellsize      1000.000000
NODATA_value  -9999.0
[rows 0 to 26 of 48, columns 0 to 60 of 63]
-9999.0 -9999.0 -9999.0 -9999.0 -9999.0 -9999.0 -9999.0 -9999.0 -9999.0 -9999.0 -9999.0 -9999.0 -9999.0 -9999.0 -9999.0 -9999.0 -9999.0 -9999.0 -9999.0 -9999.0 -9999.0 -9999.0 -9999.0 -9999.0 -9999.0 -9999.0 -9999.0 -9999.0 -9999.0 -9999.0 -9999.0 -9999.0 -9999.0 -9999.0 -9999.0 -9999.0 -9999.0 -9999.0 -9999.0 -9999.0 -9999.0 -9999.0 -9999.0 -9999.0 -9999.0 -9999.0 -9999.0 -9999.0 -9999.0 -9999.0 -9999.0 -9999.0 -9999.0 -9999.0 -9999.0 -9999.0 -9999.0 -9999.0 -9999.0 -9999.0 -9999.0
-9999.0 -9999.0 -9999.0 -9999.0 -9999.0 -9999.0 -9999.0 -9999.0 -9999.0 -9999.0 -9999.0 -9999.0 -9999.0 -9999.0 -9999.0 -9999.0 -9999.0 -9999.0 -9999.0 -9999.0 -9999.0 -9999.0 -9999.0 -9999.0 -9999.0 -9999.0 -9999.0 -124.626185 28.631185 -134.994416 36.956710 32.211529 557.118676 -9999.0 -9999.0 -9999.0 -9999.0 -9999.0 -9999.0 -9999.0 -9999.0 -9999.0 -9999.0 -9999.0 -9999.0 -9999.0 -9999.0 -9999.0 -9999.0 -9999.0 -9999.0 -9999.0 -9999.0 -9999.0 -9999.0 -9999.0 -9999.0 -9999.0 -9999.0 -9999.0 -9999.0
-9999.0 -9999.0 -9999.0 -9999.0 -9999.0 -9999.0 -9999.0 -9999.0 -9999.0 -9999.0 -9999.0 -9999.0 -9999.0 -9999.0 -9999.0 -9999.0 -9999.0 -9999.0 -9999.0 -9999.0 -9999.0 -9999.0 -9999.0 -9999.0 29.182428 25.144436 23.575375 23.950184 32.478872 44.122042 28.569219 -9999.0 -9999.0 -9999.0 -9999.0 -9999.0 -9999.0 -9999.0 -9999.0 -9999.0 -9999.0 -9999.0 -9999.0 -9999.0 -9999.0 -9999.0 -9999.0 -9999.0 -9999.0 -9999.0 -9999.0 -9999.0 -9999.0 -9999.0 -9999.0 -9999.0 -9999.0 -9999.0 -9999.0 -9999.0 -9999.0
-9999.0 -9999.0 -9999.0 -9999.0 -9999.0 -9999.0 -9999.0 -9999.0 -9999.0 -9999.0 -9999.0 -9999.0 -9999.0 -9999.0 -9999.0 -9999.0 -9999.0 -9999.0 -9999.0 -9999.0 -9999.0 -9999.0 -9999.0 28.187658 25.997468 -676.382492 -800.171409 -905.283676 -223.256050 20.592606 25.539511 30.430908 -9999.0 -9999.0 -9999.0 -9999.0 -9999.0 -9999.0 -9999.0 -9999.0 -9999.0 -9999.0 -9999.0 -9999.0 -9999.0 -9999.0 -9999.0 -9999.0 -9999.0 -9999.0 -9999.0 -9999.0 -9999.0 -9999.0 -9999.0 -9999.0 -9999.0 -9999.0 -9999.0 -9999.0 -9999.0
-9999.0 -9999.0 -9999.0 -9999.0 -9999.0 -9999.0 -9999.0 -9999.0 -9999.0 -9999.0 -9999.0 -9999.0 -9999.0 -9999.0 -9999.0 -9999.0 -9999.0 -9999.0 27.723790 28.221897 -9999.0 34.397101 31.918184 -482.001984 -657.955350 -1016.506175 -577.290797 -514.474004 -623.958877 -686.930625 23.603162 31.316629 -126.952262 -97.729914 -9999.0 -9999.0 -9999.0 -9999.0 -9999.0 -9999.0 -9999.0 -9999.0 -9999.0 -9999.0 -9999.0 -9999.0 -9999.0 -9999.0 -9999.0 -9999.0 -9999.0 -9999.0 -9999.0 -9999.0 -9999.0 -9999.0 -9999.0 -9999.0 -9999.0 -9999.0 -9999.0
-9999.0 -9999.0 -9999.0 -9999.0 -9999.0 -9999.0 -9999.0 -9999.0 -9999.0 -9999.0 -9999.0 -9999.0 -9999.0 -9999.0 -9999.0 -9999.0 -9999.0 -657.342079 -352.838895 -532.704443 -113.419064 -299.193170 -427.234926 -707.335554 -548.481180 -572.644473 -475.909602 -466.351150 -577.959356 -471.725328 28.463696 39.095222 -377.419528 -343.819282 -230.130800 -207.459360 -9999.0 -9999.0 -9999.0 -9999.0 -9999.0 -9999.0 -9999.0 -9999.0 -9999.0 -9999.0 -9999.0 -9999.0 -9999.0 -9999.0 -9999.0 -9999.0 -9999.0 -9999.0 -9999.0 -9999.0 -9999.0 -9999.0 -9999.0 -9999.0 -9999.0
-9999.0 -9999.0 -9999.0 -9999.0 -9999.0 -9999.0 -9999.0 -9999.0 -9999.0 -9999.0 -9999.0 -9999.0 -9999.0 37.107686 -239.093686 -475.444765 -584.816169 -158.023595 -631.259568 -511.390613 -423.160636 -610.539174 -719.287756 -487.700412 -477.259539 24.662467 -348.499603 21.916281 -463.609374 -515.820731 6098.891430 63.777203 58.386693 68.989151 -128.764528 -116.646193 -9999.0 -9999.0 -9999.0 -9999.0 -9999.0 -9999.0 -9999.0 -9999.0 -9999.0 -9999.0 -9999.0 -9999.0 -9999.0 -9999.0 -9999.0 -9999.0 -9999.0 -9999.0 -9999.0 -9999.0 -9999.0 -9999.0 -9999.0 -9999.0 -9999.0
-9999.0 -9999.0 -9999.0 -9999.0 -9999.0 -9999.0 -9999.0 -9999.0 -9999.0 -9999.0 -9999.0 -9999.0 -9999.0 38.586185 -268.112979 -508.048990 -504.387261 19.437003 -165.808671 -626.448127 -592.003179 -315.004408 -491.962537 -499.710234 -388.366101 -364.557805 25.712185 -122.273224 -113.569180 -192.342471 31.739500 37.602040 -126.480041 -130.604410 -113.054073 -9999.0 -9999.0 -9999.0 -9999.0 -9999.0 -9999.0 -9999.0 -9999.0 -9999.0 -9999.0 -9999.0 -9999.0 -9999.0 -9999.0 -9999.0 -9999.0 -9999.0 -9999.0 -9999.0 -9999.0 -9999.0 -9999.0 -9999.0 -9999.0 -9999.0 -9999.0
-9999.0 -9999.0 -9999.0 -9999.0 -9999.0 -9999.0 -9999.0 -9999.0 -9999.0 -9999.0 -9999.0 -9999.0 -9999.0 -315.665851 475.940457 -455.330122 -453.240576 -515.193818 -167.858967 -511.984110 27.839168 -276.715838 -276.278925 -409.914905 -377.853039 13.376243 -139.801696 -112.154157 32.833507 -113.445136 41.879631 -107.674238 -129.248843 -378.192881 -100.525457 -9999.0 -9999.0 -9999.0 -9999.0 -9999.0 -9999.0 -9999.0 -9999.0 -9999.0 -9999.0 -9999.0 -9999.0 -9999.0 -9999.0 -9999.0 -9999.0 -9999.0 -9999.0 -9999.0 -9999.0 -9999.0 -9999.0 -9999.0 -9999.0 -9999.0 -9999.0
-9999.0 -9999.0 -9999.0 -9999.0 -9999.0 -9999.0 -9999.0 -9999.0 -9999.0 -9999.0 -9999.0 -9999.0 -373.245438 4157.091327 -321.218747 15.565715 -199.533700 -423.244426 -201.896719 -291.927256 -462.770321 -333.239612 32.464686 -256.276491 2150.452748 28.384732 657.506021 32.503261 58.569660 -105.158090 30.242959 -123.537083 54.914225 -107.960740 -9999.0 -9999.0 -9999.0 -9999.0 -9999.0 -9999.0 -9999.0 -9999.0 -9999.0 -9999.0 -9999.0 -9999.0 -9999.0 -9999.0 -9999.0 -9999.0 -9999.0 -9999.0 -9999.0 -9999.0 -9999.0 -9999.0 -9999.0 -9999.0 -9999.0 -9999.0 -9999.0
-9999.0 -9999.0 -9999.0 -9999.0 -9999.0 -9999.0 -9999.0 -9999.0 -9999.0 -9999.0 -9999.0 47.668111 29.229618 115.941667 14.132586 43.713704 -303.231425 -246.809773 15.060991 -81.894701 12.933789 14.726362 42.837187 34.595467 52.251030 48.011394 31.075300 39.675317 2065.941170 -82.115977 -107.169634 55.272690 -131.276932 -111.112574 -130.176587 -132.959094 -887.226104 -1357.542507 -1512.316389 -9999.0 -9999.0 -9999.0 -508.122001 -9999.0 -9999.0 -9999.0 -9999.0 -9999.0 -9999.0 -9999.0 -9999.0 -9999.0 -9999.0 -9999.0 -9999.0 -9999.0 -9999.0 -9999.0 -9999.0 -9999.0 -9999.0
-9999.0 -9999.0 -9999.0 -9999.0 -9999.0 -9999.0 -9999.0 -9999.0 -9999.0 -9999.0 -9999.0 42.907630 24.322097 44.277365 20.224507 34.327530 -176.609568 -474.174126 13.976636 30.919638 36.186483 38.899546 45.349116 38.964879 58.243897 42.162036 34.893052 46.482935 -94.408499 -81.536051 44.071006 73.474226 23.916887 32.694684 -181.965193 -462.568841 -2012.625534 -3302.190661 -3213.398173 -174.357785 -126.748179 -97.599422 14.913705 -132.745542 -9999.0 -9999.0 -9999.0 36.849908 41.353101 -110.260439 46.739194 -93.918542 -84.882134 39.660258 57.295214 -70.973270 -9999.0 -9999.0 -9999.0 -9999.0 -9999.0
-9999.0 -9999.0 -9999.0 -9999.0 -9999.0 -9999.0 -9999.0 -9999.0 -9999.0 -9999.0 -9999.0 56.890279 34.788978 70.406383 49.352839 42.917132 44.256257 31.239392 28.312977 14.452750 19.117509 36.936100 35.290026 43.054012 39.962857 -106.557147 38.960175 2039.358600 -111.098489 36.632463 -119.520819 75.429338 22.053173 21.355233 -103.604240 -890.289812 -2777.219941 -4343.868824 -5898.535611 -2362.094834 -2119.858826 -875.864300 -358.030846 17.961482 26.545090 -9999.0 -94.012516 47.831697 48.151228 51.420354 48.576045 -111.031828 51.289294 49.037727 74.762149 55.699287 -9999.0 -9999.0 -9999.0 -9999.0 -9999.0
-9999.0 -9999.0 -9999.0 -9999.0 -9999.0 -9999.0 -9999.0 -9999.0 -9999.0 -9999.0 -9999.0 -9999.0 55.587157 62.024138 36.484643 41.756838 35.260798 22.979898 38.255089 14.450368 19.185471 35.903506 43.350122 43.727877 35.641027 36.797272 1347.963894 39.987351 45.723326 -104.324905 35.537201 53.612654 22.177042 20.890131 -213.167865 -860.163516 -2970.452566 -4692.541345 -6225.575361 -4413.036709 -2417.448760 -128.206238 -486.185487 13.878612 -137.784604 34.586692 -118.899909 39.639748 43.560912 44.999196 17.188388 138.096161 646.305484 157.884160 122.075171 76.093931 51.237112 -9999.0 -9999.0 -9999.0 -9999.0
-9999.0 -9999.0 -9999.0 -9999.0 -9999.0 -9999.0 -9999.0 -9999.0 -9999.0 -9999.0 -9999.0 45.968054 36.374659 47.286943 66.669067 45.940665 42.506696 29.847663 31.942662 -330.169865 18.188937 30.472688 39.235107 27.842380 33.855440 39.928656 40.079194 35.280519 32.970907 -111.741049 31.199985 62.541552 23.284981 22.688906 19.464479 -503.838557 -2419.425359 -3808.235789 -3864.733885 -3940.630172 -1496.747800 -1088.379021 -431.904732 -145.452335 20.859667 27.999286 48.411343 -131.711342 -133.121230 12.787096 -123.451197 39.282355 71.921834 -23.182420 -29.009207 -85.798114 -77.566334 -9999.0 -9999.0 -9999.0 -9999.0
-9999.0 -9999.0 -9999.0 -9999.0 -9999.0 -9999.0 -9999.0 -9999.0 -9999.0 -9999.0 1369.606793 48.911166 40.007465 37.782842 36.870636 1233.466480 1233.243440 19.236106 -409.033399 -383.152775 30.249996 33.838196 28.449496 28.072466 24.839220 1436.579154 37.684762 -64.141556 36.767982 34.001501 71.091912 249.010639 31.955831 32.697885 -81.050918 -101.335472 -918.640171 -2111.530282 -2690.228224 -2175.558957 -1450.805195 -107.581033 -98.495649 -523.058956 -250.037132 -121.074361 30.903658 31.829756 32.519426 12.048518 -115.236170 -101.081651 -33.306501 -84.668752 -82.009682 58.307955 68.427284 -9999.0 -9999.0 -9999.0 -9999.0
-9999.0 -9999.0 -9999.0 -9999.0 -9999.0 -9999.0 -9999.0 -9999.0 -9999.0 44.641395 51.557682 66.305813 51.613899 32.577286 52.157176 46.269732 31.692252 30.506374 -280.004305 -453.997478 21.779566 -366.115934 22.770859 -303.778331 13.860869 35.034256 27.912755 33.735515 29.470078 20.371583 14.084501 29.688792 -105.178945 -95.025824 -108.559250 -121.675391 18.403063 -597.213449 -1067.918558 -482.993529 -561.637123 -482.677227 -447.234763 -823.701067 -415.837926 -219.298806 21.991835 -253.817160 13.482930 13.364741 51.293234 -89.884234 -77.600490 -71.658939 -81.129660 98.874995 158.997701 -87.467853 -82.576947 -9999.0 -9999.0
-9999.0 -9999.0 -9999.0 -9999.0 -9999.0 -9999.0 -9999.0 -9999.0 -9999.0 90.501519 47.177552 39.287403 2947.735973 24.514219 26.347642 30.565344 36.370770 25.353614 -318.849591 -468.796054 -444.616471 -479.073814 -287.747271 24.607752 31.531408 24.635311 23.853398 20.839803 -196.102107 13.381907 33.376542 35.678024 46.780120 33.630386 37.523919 -102.017113 -106.932708 -105.543202 13.620932 18.674644 -270.888728 -139.870519 -552.457845 -412.984202 -564.964373 -569.917918 -474.580874 -569.213592 -402.937676 11.910910 31.483870 34.602617 -75.717580 51.107776 -45.599814 64.905333 133.257517 92.302070 -88.353473 -9999.0 -9999.0
-9999.0 -9999.0 -9999.0 -9999.0 -9999.0 -9999.0 -9999.0 -9999.0 -9999.0 -9999.0 41.948039 52.300442 43.785635 1600.279122 20.388822 24.298722 29.541749 20.812228 -356.133075 -437.125891 -368.678814 12.493076 21.165573 31.859357 20.691838 17.726995 12.755994 13.155996 37.125950 33.250502 35.900423 2830.652717 36.097592 39.172924 43.727526 36.939775 15.080484 20.500664 -99.950931 32.476319 23.288568 20.715569 2987.177514 17.852627 21.915526 -252.782245 13.582828 -342.524965 -437.126758 25.945078 38.109214 49.706719 -99.999150 -91.054486 43.589786 50.988513 68.677954 11358.231900 108.435579 26.417982 -9999.0
-9999.0 -9999.0 -9999.0 -9999.0 -9999.0 -9999.0 -9999.0 -9999.0 -9999.0 -9999.0 50.753384 44.025417 35.176449 38.986200 14.171921 -224.069937 16.443590 -350.693507 -493.911143 -464.105759 -490.523997 -389.586702 -259.717747 -252.322214 13.060326 -277.290071 -111.352321 41.021164 42.476963 30.447099 39.543979 70.639642 -88.691001 33.459075 33.494681 38.800172 2406.010233 20.953198 31.346597 31.635857 37.512070 -92.984747 53.017900 29.774145 32.473589 27.230053 27.690888 25.480754 22.192848 13.257925 46.577289 45.107574 48.904809 -78.661970 -77.700450 -84.910201 32.427745 32.153936 201.182403 107.584074 -9999.0
-9999.0 -9999.0 -9999.0 -9999.0 -9999.0 -9999.0 -9999.0 -9999.0 42.037477 38.019401 33.956679 51.202497 147.109646 41.848981 34.750507 -246.840319 -447.597876 -463.761816 -526.859179 -495.970036 -588.700822 -564.454066 -498.637892 -455.484842 -425.705379 -299.888731 34.256657 39.113828 54.257162 53.639744 -89.164118 48.282830 43.572460 35.473092 51.685428 25.750274 28.073082 28.169872 28.852585 -108.249525 -127.659191 56.946827 -106.429220 -114.733186 -135.728738 1440.922100 30.336539 34.028509 28.847476 13.608496 47.791848 55.822509 53.545838 45.021734 -96.490147 39.622849 -100.846938 31.124484 24.211112 101.076511 -9999.0
-9999.0 -9999.0 -9999.0 -9999.0 -9999.0 -9999.0 -9999.0 -9999.0 1417.202955 57.671867 44.217626 35.342776 34.148910 1225.587904 28.291330 19.691647 -241.223953 -390.218875 -593.512181 -563.073089 -551.385511 -665.370261 -521.816872 -543.669100 -587.367445 -336.660340 35.549619 46.411880 -43.888937 40.250110 39.045173 -148.965338 61.175021 -150.482664 48.616863 34.428868 46.493601 45.594018 36.592029 38.224481 37.265254 30.231902 -150.844337 38.118542 1783.904464 47.570695 -30.344101 35.667348 32.799069 25.396255 12.383671 45.226699 50.405547 33.274982 31.259693 -74.129699 28.643979 29.352809 22.788925 18.453016 -520.293409
-9999.0 -9999.0 -9999.0 -9999.0 -9999.0 -9999.0 -9999.0 -9999.0 39.566325 2118.023411 43.088298 37.987679 122.793561 -41.597168 34.034536 27.435606 -292.395635 -489.554957 -638.943891 -518.423601 -620.085264 -699.147951 -692.734995 -637.135288 -538.122318 -340.624056 24.839506 35.837069 -56.510724 41.942951 -157.419088 55.792526 42.182347 40.844560 45.879260 68.810076 41.051885 14.070433 42.095687 46.480668 47.013269 -162.805648 43.663512 1794.874581 45.491765 42.852032 -154.894977 33.380850 30.032880 24.111890 12.229464 46.024725 44.788471 26.757332 32.829265 44.864514 36.044684 28.965310 21.852125 48.779899 -390.376000
-9999.0 -9999.0 -9999.0 -9999.0 -9999.0 -9999.0 -9999.0 -9999.0 -126.873134 41.800590 62.864632 -45.998177 43.349359 43.387210 37.322922 14.940416 -342.189270 -657.389435 -461.259713 -641.552050 -601.415055 -623.504102 -689.815443 -641.777970 -513.048857 -261.397783 27.234846 35.455040 30.379644 41.239962 36.116845 46.560725 42.938882 68.325628 43.133188 25.673227 25.962127 12.172720 36.068090 38.564016 30.790984 38.905642 43.744830 -153.636661 30.876483 -153.756620 37.811843 -146.847079 23.248330 21.827129 15.923936 11.803867 40.614966 21.439562 31.056384 39.835256 41.665735 131.533415 -81.845198 -351.021238 -190.430424
-9999.0 -9999.0 -9999.0 -9999.0 -9999.0 -9999.0 -9999.0 -9999.0 32.415203 41.449065 2880.500297 34.253028 44.651930 40.364944 24.555395 -226.073783 -247.715420 -298.112242 -259.848315 -406.341038 -625.725020 -613.451736 -597.122747 -565.952180 -552.854700 -360.188085 17.754889 23.439813 17.209564 37.471926 30.403968 37.295344 56.973780 49.464641 33.312185 31.295439 28.193686 12.705576 45.403627 38.535414 29.668975 36.326805 49.720768 37.832816 33.718896 35.186204 34.171494 44.153988 20.734680 20.057928 15.576056 -498.162408 13.854064 16.876936 169.171353 161.149970 15.588173 14.879603 23.051020 12.518817 -124.528152
-9999.0 -9999.0 36.978538 39.695731 735.699374 36.854487 117.947272 64.622015 44.229358 46.996753 43.621327 57.789575 41.241491 37.199284 -42.192234 -135.140973 24.971647 28.283157 24.183720 -176.270308 -481.064468 -632.668957 -485.203972 -706.480962 -525.610610 -511.864798 -400.509046 -338.348873 -256.961828 24.239976 15.486248 19.791069 75.475879 32.192763 31.687997 22.610377 23.903875 13.271047 36.078704 28.288440 30.029702 34.352402 52.899165 39.822746 28.916234 29.485761 28.537856 29.609156 13.724847 -301.892542 -508.280009 -569.685889 13.645092 15.457611 15.697894 15.465987 60.191241 26.903637 22.493790 18.724588 28.700057
-9999.0 27.841149 37.618075 35.532005 28.530040 74.842140 112.361437 53.726710 49.367827 46.057997 45.663117 35.268529 38.548817 40.630459 14.003856 31.771417 34.503225 31.875597 25.612317 -210.332878 -551.025172 -347.111665 25.134738 -641.015094 -695.712557 -630.291324 -612.052379 -617.392830 -278.428581 -293.907826 -587.883297 -416.367037 36.167307 34.057032 13.789388 -406.882891 -242.969005 -236.019535 31.211023 23.073211 21.519956 28.696494 43.979764 17.838121 -268.331086 -326.113466 -298.123688 -391.848122 -316.604961 -641.935522 -408.101802 14.747053 44.305259 59.641739 59.081720 44.376146 47.180396 34.579720 33.633293 31.176652 33.723636
