erum2020/resources/simulation/Vinschgau/output-maps/psiL0003N0517.asc
ncols         63
nrows         48
xllcorner     598000.000000
yllcorner     5145000.000000
cellsize      1000.000000
NODATA_value  -9999.0
[rows 0 to 26 of 48, columns 0 to 60 of 63]
-9999.0 -9999.0 -9999.0 -9999.0 -9999.0 -9999.0 -9999.0 -9999.0 -9999.0 -9999.0 -9999.0 -9999.0 -9999.0 -9999.0 -9999.0 -9999.0 -9999.0 -9999.0 -9999.0 -9999.0 -9999.0 -9999.0 -9999.0 -9999.0 -9999.0 -9999.0 -9999.0 -9999.0 -9999.0 -9999.0 -9999.0 -9999.0 -9999.0 -9999.0 -9999.0 -9999.0 -9999.0 -9999.0 -9999.0 -9999.0 -9999.0 -9999.0 -9999.0 -9999.0 -9999.0 -9999.0 -9999.0 -9999.0 -9999.0 -9999.0 -9999.0 -9999.0 -9999.0 -9999.0 -9999.0 -9999.0 -9999.0 -9999.0 -9999.0 -9999.0 -9999.0
-9999.0 -9999.0 -9999.0 -9999.0 -9999.0 -9999.0 -9999.0 -9999.0 -9999.0 -9999.0 -9999.0 -9999.0 -9999.0 -9999.0 -9999.0 -9999.0 -9999.0 -9999.0 -9999.0 -9999.0 -9999.0 -9999.0 -9999.0 -9999.0 -9999.0 -9999.0 -9999.0 -220.108021 -144.256593 -253.759397 32.183890 26.281223 557.537210 -9999.0 -9999.0 -9999.0 -9999.0 -9999.0 -9999.0 -9999.0 -9999.0 -9999.0 -9999.0 -9999.0 -9999.0 -9999.0 -9999.0 -9999.0 -9999.0 -9999.0 -9999.0 -9999.0 -9999.0 -9999.0 -9999.0 -9999.0 -9999.0 -9999.0 -9999.0 -9999.0 -9999.0
-9999.0 -9999.0 -9999.0 -9999.0 -9999.0 -9999.0 -9999.0 -9999.0 -9999.0 -9999.0 -9999.0 -9999.0 -9999.0 -9999.0 -9999.0 -9999.0 -9999.0 -9999.0 -9999.0 -9999.0 -9999.0 -9999.0 -9999.0 -9999.0 -187.158823 -217.881255 24.954090 -252.894914 49.091157 65.490784 -186.464324 -9999.0 -9999.0 -9999.0 -9999.0 -9999.0 -9999.0 -9999.0 -9999.0 -9999.0 -9999.0 -9999.0 -9999.0 -9999.0 -9999.0 -9999.0 -9999.0 -9999.0 -9999.0 -9999.0 -9999.0 -9999.0 -9999.0 -9999.0 -9999.0 -9999.0 -9999.0 -9999.0 -9999.0 -9999.0 -9999.0
-9999.0 -9999.0 -9999.0 -9999.0 -9999.0 -9999.0 -9999.0 -9999.0 -9999.0 -9999.0 -9999.0 -9999.0 -9999.0 -9999.0 -9999.0 -9999.0 -9999.0 -9999.0 -9999.0 -9999.0 -9999.0 -9999.0 -9999.0 -233.056253 -107.617470 -913.723901 -963.113976 -1021.865565 36.742536 -258.982962 -228.083596 -111.100405 -9999.0 -9999.0 -9999.0 -9999.0 -9999.0 -9999.0 -9999.0 -9999.0 -9999.0 -9999.0 -9999.0 -9999.0 -9999.0 -9999.0 -9999.0 -9999.0 -9999.0 -9999.0 -9999.0 -9999.0 -9999.0 -9999.0 -9999.0 -9999.0 -9999.0 -9999.0 -9999.0 -9999.0 -9999.0
-9999.0 -9999.0 -9999.0 -9999.0 -9999.0 -9999.0 -9999.0 -9999.0 -9999.0 -9999.0 -9999.0 -9999.0 -9999.0 -9999.0 -9999.0 -9999.0 -9999.0 -9999.0 25.522643 -204.650149 -9999.0 -96.383013 25.373642 -408.012280 -849.544252 -2967.277809 -672.667113 -406.229120 -257.921795 -595.531625 -125.709512 25.683120 -172.233530 -125.699792 -9999.0 -9999.0 -9999.0 -9999.0 -9999.0 -9999.0 -9999.0 -9999.0 -9999.0 -9999.0 -9999.0 -9999.0 -9999.0 -9999.0 -9999.0 -9999.0 -9999.0 -9999.0 -9999.0 -9999.0 -9999.0 -9999.0 -9999.0 -9999.0 -9999.0 -9999.0 -9999.0
-9999.0 -9999.0 -9999.0 -9999.0 -9999.0 -9999.0 -9999.0 -9999.0 -9999.0 -9999.0 -9999.0 -9999.0 -9999.0 -9999.0 -9999.0 -9999.0 -9999.0 -1210.823664 -334.376090 -5495.322530 -194.698004 -579.642177 -579.160122 -1440.514725 -785.962097 -618.985308 -387.257765 24.348822 -346.380309 -272.995881 41.893083 49.558293 -369.649863 -5009.198490 -794.784301 -794.508644 -9999.0 -9999.0 -9999.0 -9999.0 -9999.0 -9999.0 -9999.0 -9999.0 -9999.0 -9999.0 -9999.0 -9999.0 -9999.0 -9999.0 -9999.0 -9999.0 -9999.0 -9999.0 -9999.0 -9999.0 -9999.0 -9999.0 -9999.0 -9999.0 -9999.0
-9999.0 -9999.0 -9999.0 -9999.0 -9999.0 -9999.0 -9999.0 -9999.0 -9999.0 -9999.0 -9999.0 -9999.0 -9999.0 27.921907 -276.675825 -739.578676 -1075.427078 -264.594853 -1149.968874 -609.699231 -752.360755 -1242.323742 -2101.079123 -610.792347 -521.861305 -196.077512 -4301.969393 30.254790 -360.461165 -341.074479 6063.906621 70.936356 57.013016 62.633863 -133.410412 -267.957406 -9999.0 -9999.0 -9999.0 -9999.0 -9999.0 -9999.0 -9999.0 -9999.0 -9999.0 -9999.0 -9999.0 -9999.0 -9999.0 -9999.0 -9999.0 -9999.0 -9999.0 -9999.0 -9999.0 -9999.0 -9999.0 -9999.0 -9999.0 -9999.0 -9999.0
-9999.0 -9999.0 -9999.0 -9999.0 -9999.0 -9999.0 -9999.0 -9999.0 -9999.0 -9999.0 -9999.0 -9999.0 -9999.0 28.363234 -284.766770 -866.486653 -955.320869 -256.992108 -343.273795 -1418.458930 -734.745847 -484.043891 -462.804154 -560.598362 -59.817778 22.384003 -267.595627 -209.381460 -163.023039 -248.005548 33.145212 29.200055 -194.953127 -325.085005 -169.740959 -9999.0 -9999.0 -9999.0 -9999.0 -9999.0 -9999.0 -9999.0 -9999.0 -9999.0 -9999.0 -9999.0 -9999.0 -9999.0 -9999.0 -9999.0 -9999.0 -9999.0 -9999.0 -9999.0 -9999.0 -9999.0 -9999.0 -9999.0 -9999.0 -9999.0 -9999.0
-9999.0 -9999.0 -9999.0 -9999.0 -9999.0 -9999.0 -9999.0 -9999.0 -9999.0 -9999.0 -9999.0 -9999.0 -9999.0 -432.996801 507.554324 -795.581410 -832.163805 -962.333695 -501.952284 -914.172258 -192.226941 -3996.023178 21.830580 -515.990434 -274.240809 -90.609292 -389.774883 -228.749626 -129.069068 -243.272534 31.724922 -794.472729 -1728.236161 -977.267670 -309.224338 -9999.0 -9999.0 -9999.0 -9999.0 -9999.0 -9999.0 -9999.0 -9999.0 -9999.0 -9999.0 -9999.0 -9999.0 -9999.0 -9999.0 -9999.0 -9999.0 -9999.0 -9999.0 -9999.0 -9999.0 -9999.0 -9999.0 -9999.0 -9999.0 -9999.0 -9999.0
-9999.0 -9999.0 -9999.0 -9999.0 -9999.0 -9999.0 -9999.0 -9999.0 -9999.0 -9999.0 -9999.0 -9999.0 -428.203574 4040.482052 -242.639429 -283.152308 -312.764274 -704.080140 -451.819309 -6256.593042 -777.519609 -468.867956 28.618929 -361.741637 2181.472344 -135.890793 673.715583 -157.603285 49.643432 -152.727958 23.971682 -175.300875 41.812498 -197.129218 -9999.0 -9999.0 -9999.0 -9999.0 -9999.0 -9999.0 -9999.0 -9999.0 -9999.0 -9999.0 -9999.0 -9999.0 -9999.0 -9999.0 -9999.0 -9999.0 -9999.0 -9999.0 -9999.0 -9999.0 -9999.0 -9999.0 -9999.0 -9999.0 -9999.0 -9999.0 -9999.0
-9999.0 -9999.0 -9999.0 -9999.0 -9999.0 -9999.0 -9999.0 -9999.0 -9999.0 -9999.0 -9999.0 35.463792 35.569224 281.765148 -257.239113 30.979828 -5104.603471 -408.360286 -163.723787 -310.840016 23.484721 24.422370 29.671940 26.051594 50.497903 33.074027 24.513859 28.425882 2036.714059 -135.262548 -167.411506 50.442068 -162.593117 -183.590777 -227.598510 -305.251838 -1346.210338 -3943.711358 -4286.071853 -9999.0 -9999.0 -9999.0 -1422.050609 -9999.0 -9999.0 -9999.0 -9999.0 -9999.0 -9999.0 -9999.0 -9999.0 -9999.0 -9999.0 -9999.0 -9999.0 -9999.0 -9999.0 -9999.0 -9999.0 -9999.0 -9999.0
-9999.0 -9999.0 -9999.0 -9999.0 -9999.0 -9999.0 -9999.0 -9999.0 -9999.0 -9999.0 -9999.0 33.688650 26.290493 57.562828 -201.549166 27.465630 -302.264331 -722.999267 -282.960505 33.637767 29.686585 28.506747 30.758555 26.774926 41.289806 29.858692 -109.151645 38.578077 -119.827735 -134.946704 31.274243 133.465083 -185.896019 29.238771 -322.001718 -193.077829 -2911.959754 -7276.646289 -7233.996829 -200.383390 -263.598206 -218.537190 24.361556 -236.293898 -9999.0 -9999.0 -9999.0 27.772781 27.489178 -165.599119 29.290221 -148.227796 -140.594579 26.831465 33.697528 -123.339294 -9999.0 -9999.0 -9999.0 -9999.0 -9999.0
-9999.0 -9999.0 -9999.0 -9999.0 -9999.0 -9999.0 -9999.0 -9999.0 -9999.0 -9999.0 -9999.0 46.212468 27.382334 63.019618 32.839038 30.888947 31.567510 32.609327 37.875798 -265.492232 32.359614 28.298973 23.752389 29.436667 29.095718 -156.653448 27.398209 2013.673063 -225.550657 25.370628 -206.052312 172.381104 28.537011 -184.353887 -206.687226 -602.702899 -4691.343155 -5816.731918 -8953.569647 -23067.750176 -5755.490760 -808.261747 25.984473 -213.781638 -227.962863 -9999.0 -181.116922 31.072779 31.153769 32.696909 31.360801 -152.401862 29.728797 29.286505 37.019614 30.818459 -9999.0 -9999.0 -9999.0 -9999.0 -9999.0
-9999.0 -9999.0 -9999.0 -9999.0 -9999.0 -9999.0 -9999.0 -9999.0 -9999.0 -9999.0 -9999.0 -9999.0 38.393717 43.936388 25.970643 29.543697 27.259464 24.608835 62.114753 -105.697525 28.297395 33.892066 38.474669 32.064526 -51.971829 25.131971 1345.509260 29.428844 31.208886 -177.941527 26.004107 103.180925 -113.547198 -151.689239 -235.357428 -587.609061 -4382.672773 -5262.137391 -7694.667960 -6556.553657 -4920.414384 -237.730011 24.907868 -133.807534 -337.340435 25.572907 -235.588739 28.698627 31.759859 34.388274 28.291426 184.038405 819.373905 113.223305 67.265476 40.284292 29.918381 -9999.0 -9999.0 -9999.0 -9999.0
-9999.0 -9999.0 -9999.0 -9999.0 -9999.0 -9999.0 -9999.0 -9999.0 -9999.0 -9999.0 -9999.0 33.179082 28.554856 32.229966 61.998143 40.837766 36.458309 32.738059 40.508168 -287.216585 32.275277 38.271687 42.202236 -151.421874 -124.555406 42.740535 30.014944 25.444475 -197.766222 -264.664852 26.586645 133.109657 33.581577 24.842875 -234.752788 -313.633551 -4383.809938 -4547.440332 -4285.433030 -5475.024531 -3132.006866 -2090.689614 -165.862138 -5679.573680 -54.556051 -177.259338 40.517045 -295.332103 -316.154503 -171.139765 -824.622302 27.956797 56.745920 -84.219181 -81.464301 -251.248663 -135.638509 -9999.0 -9999.0 -9999.0 -9999.0
-9999.0 -9999.0 -9999.0 -9999.0 -9999.0 -9999.0 -9999.0 -9999.0 -9999.0 -9999.0 1348.821774 35.198674 28.226673 27.744753 27.244641 1226.990591 1227.213636 -227.466767 -684.141496 -413.521413 44.273281 43.538159 -129.604075 -221.862929 26.787066 1433.863797 28.051703 -208.787476 26.350957 26.050354 128.846349 492.542295 28.631462 27.506682 -163.704235 -257.851201 -658.299118 -3711.130007 -2752.345896 -2051.565299 -2688.264922 -6560.084921 -149.273201 -507.485025 -163.907886 -187.759635 28.674921 32.044854 45.512702 -135.875844 -361.974066 -168.700253 -79.272815 -211.382333 -122.286582 33.868396 39.534747 -9999.0 -9999.0 -9999.0 -9999.0
-9999.0 -9999.0 -9999.0 -9999.0 -9999.0 -9999.0 -9999.0 -9999.0 -9999.0 31.849124 38.160071 52.832535 47.833238 24.690049 51.239890 44.732031 -161.282690 -102.316337 -274.651056 -654.574131 34.544990 -584.694457 -146.145505 -456.568772 -340.181087 27.166426 -220.948958 25.078990 26.272382 28.091478 25.500347 28.046668 -221.830588 -180.318774 -206.541290 -244.667666 33.217506 -508.532008 -1309.180231 -140.043308 -418.107015 -515.873406 -499.934322 -1067.112582 -190.546310 -225.966049 23.891524 -356.845081 -316.941006 23.005358 42.640281 -147.923357 -734.439346 -102.109514 -126.239009 69.119556 120.398344 -100.771763 -95.150625 -9999.0 -9999.0
-9999.0 -9999.0 -9999.0 -9999.0 -9999.0 -9999.0 -9999.0 -9999.0 -9999.0 99.332348 42.667245 32.157644 2937.953473 25.311245 -188.719553 -215.161722 26.582718 23.557019 -239.765311 -919.002477 -728.120051 -814.193720 -389.727963 25.334069 26.254744 -288.952681 -144.425523 23.254744 -307.698794 -268.689218 30.242551 31.305496 33.506649 -87.043837 30.863443 -186.957932 -199.010253 -205.583572 -279.932651 30.405819 23.894604 -268.353885 -802.946369 -317.727614 -558.142042 -627.165348 -404.545771 -645.968286 -413.793591 -334.221742 28.460840 33.008544 -102.864834 33.303510 -57.100332 57.801118 116.346865 85.642818 -106.931491 -9999.0 -9999.0
-9999.0 -9999.0 -9999.0 -9999.0 -9999.0 -9999.0 -9999.0 -9999.0 -9999.0 -9999.0 31.049785 37.389971 35.521332 1615.841456 24.645896 -199.934275 25.047467 25.570788 -300.434467 -793.880981 -569.087945 -215.833922 -209.338375 26.421229 -301.713492 -229.740437 -158.818121 -263.351869 29.777989 27.377784 29.372668 2778.910295 27.995320 29.423059 37.957996 51.503982 -307.987483 25.096696 -166.216926 29.260818 -130.193404 -201.953329 2950.379623 -174.455424 26.643746 -139.757825 25.540715 -360.787182 -339.024271 22.937870 31.808782 37.175176 -118.837203 -107.709701 30.420720 33.287362 60.034035 11346.971877 102.975908 -225.306781 -9999.0
-9999.0 -9999.0 -9999.0 -9999.0 -9999.0 -9999.0 -9999.0 -9999.0 -9999.0 -9999.0 35.852485 33.094994 29.001898 38.469697 -207.173301 -159.208229 -165.543043 -570.044916 -986.207931 -847.202840 -944.917009 -606.792796 -369.402116 -392.436919 -303.345217 -307.220094 -274.866854 31.881578 31.791224 26.171684 28.882525 52.659211 -191.877375 24.604768 25.879525 50.162527 2417.901951 31.960346 28.414212 -93.537701 30.164798 -69.174102 59.740301 -63.627871 26.446690 27.439481 25.647160 25.936757 36.988225 -176.467191 37.372564 35.348546 41.473384 -112.745132 -79.945953 -86.975740 25.107643 25.536756 189.312911 101.078782 -9999.0
-9999.0 -9999.0 -9999.0 -9999.0 -9999.0 -9999.0 -9999.0 -9999.0 31.368997 27.571885 26.968640 37.398457 209.231913 51.877481 36.284285 -308.873771 -577.845826 -878.903667 -991.932605 -902.821407 -1191.075239 -1083.650123 -842.301164 -788.490513 -663.014857 -340.907517 31.984461 30.469824 36.775835 36.355421 -212.850998 33.425004 30.044655 25.633682 40.257613 22.626632 -155.183508 35.759990 26.882610 -192.072515 -403.434396 44.030207 -309.584733 -237.953054 -318.051572 1401.793211 28.089246 26.379408 26.679768 -205.645990 36.906831 42.011360 37.396118 32.243626 -118.504265 26.846322 -156.034348 -119.689494 -115.681250 83.636150 -9999.0
-9999.0 -9999.0 -9999.0 -9999.0 -9999.0 -9999.0 -9999.0 -9999.0 1106.223251 46.142108 40.054520 28.374752 28.125581 1195.274291 26.268561 25.576623 -76.472101 -532.904056 -915.895133 -1008.340272 -1082.338118 -1377.214350 -910.065750 -925.082276 -1169.307304 -322.096837 34.300097 34.685406 -168.769393 26.551557 26.499959 -397.828346 46.278339 -418.698585 37.376942 28.913250 49.144660 54.265059 29.011201 27.986415 28.331207 26.756544 -254.812805 28.450483 1715.076237 35.289291 -96.909882 29.012456 26.600927 27.599123 -159.790454 33.351079 33.627048 25.046726 22.820773 -200.449753 22.578273 23.833846 23.826478 28.911359 -846.647372
-9999.0 -9999.0 -9999.0 -9999.0 -9999.0 -9999.0 -9999.0 -9999.0 29.853809 2088.537611 33.998817 37.504276 151.241958 -68.545134 29.088970 24.954690 -351.072443 -836.424345 -1328.251888 -963.482300 -1097.621112 -1520.610770 -1456.036115 -1184.824867 -757.969258 -102.859077 25.778464 27.312029 -179.717199 29.131711 -400.996952 39.680979 34.154197 31.115331 34.993588 78.295170 49.049276 23.639041 35.298646 34.956773 32.914149 -363.665158 31.013627 1722.873264 33.101991 30.360989 -213.291117 -136.021688 24.489891 24.110710 -308.822418 31.247716 29.757831 24.905996 27.399508 37.076019 32.485641 30.243607 39.907607 86.020354 -436.472178
-9999.0 -9999.0 -9999.0 -9999.0 -9999.0 -9999.0 -9999.0 -9999.0 -271.212139 31.223362 59.834214 -205.947024 42.805088 34.715350 32.576384 24.375397 23.195146 -902.876460 -669.771174 -1191.703696 -1027.833547 -1070.997904 -1452.281005 -1282.901786 -839.209109 -277.376604 -66.823493 26.107657 -152.322210 32.563643 26.821220 36.975793 36.186867 50.559600 33.150274 -239.950331 -186.647930 -245.943759 32.761781 32.748974 25.137953 29.389310 31.866951 -234.658168 -212.912199 -245.456671 27.389282 -250.873931 -252.713049 -158.228529 -212.618036 -267.437333 27.855504 -216.523450 30.265329 37.584935 46.630714 251.778463 27.572312 -308.780501 26.183072
-9999.0 -9999.0 -9999.0 -9999.0 -9999.0 -9999.0 -9999.0 -9999.0 25.622047 31.669389 2856.460557 29.770796 39.910018 35.726656 31.583177 36.381854 -232.030026 -174.337499 -259.556585 -415.170217 -1082.441660 -1031.438921 -1030.130710 -990.749813 -1061.346676 -526.840497 -303.021024 -223.408894 -96.451472 43.691309 26.351078 34.296933 53.478716 43.139544 27.197914 27.123929 26.342480 -229.702962 41.207052 32.470390 26.086660 30.477456 37.432840 29.867710 25.251406 25.405529 25.716402 35.306462 -175.248234 20.913635 22.385711 -597.598072 -362.742367 -169.061106 244.277834 234.870052 27.929966 27.965618 51.503995 27.063010 -83.541240
-9999.0 -9999.0 27.277014 29.588107 728.324228 38.327762 117.091966 52.641616 30.724219 32.999448 34.432430 99.891899 54.359122 47.741401 -136.966681 -215.585666 27.105836 25.426677 -151.501771 -212.205880 -618.233389 -758.373196 -629.459977 -1397.664465 -886.651915 -934.637100 -609.235374 -420.602016 31.785874 37.298281 -237.802460 25.798493 170.078579 31.219630 31.418828 23.368492 27.101150 -242.450481 38.085019 29.940376 28.037476 29.967925 44.997363 29.677784 24.642175 23.562331 27.758065 31.245800 25.863348 26.135109 -490.520525 -778.506144 27.470850 27.730792 28.330167 27.779882 75.895269 38.740587 28.305984 23.894328 -21.649439
-9999.0 26.538691 33.045116 29.855116 -191.639107 81.750446 112.087127 46.556028 43.732212 33.989428 32.987229 32.581789 55.867548 76.253588 25.153394 31.162148 29.123520 25.360223 -219.003826 -205.570430 -857.712208 36.122018 67.247654 -903.700961 -1443.226410 -1117.923160 -1171.251929 -1145.396415 38.178292 30.438248 -887.030606 -390.420042 70.127000 68.213109 30.348987 -469.628184 -231.433870 -271.719942 38.087227 27.007869 24.650275 39.319209 47.847852 23.490976 -334.763107 -270.965973 26.648195 26.081655 38.527316 -522.123597 -340.430890 27.383868 72.981642 81.112104 77.304002 36.375485 35.159729 28.716056 29.387412 24.199645 25.763966
