erum2020/resources/simulation/Vinschgau/output-maps/psiL0004N1103.asc
ncols         63
nrows         48
xllcorner     598000.000000
yllcorner     5145000.000000
cellsize      1000.000000
NODATA_value  -9999.0
[rows 0 to 25 of 48, columns 0 to 56 of 63]
-9999.0 -9999.0 -9999.0 -9999.0 -9999.0 -9999.0 -9999.0 -9999.0 -9999.0 -9999.0 -9999.0 -9999.0 -9999.0 -9999.0 -9999.0 -9999.0 -9999.0 -9999.0 -9999.0 -9999.0 -9999.0 -9999.0 -9999.0 -9999.0 -9999.0 -9999.0 -9999.0 -9999.0 -9999.0 -9999.0 -9999.0 -9999.0 -9999.0 -9999.0 -9999.0 -9999.0 -9999.0 -9999.0 -9999.0 -9999.0 -9999.0 -9999.0 -9999.0 -9999.0 -9999.0 -9999.0 -9999.0 -9999.0 -9999.0 -9999.0 -9999.0 -9999.0 -9999.0 -9999.0 -9999.0 -9999.0 -9999.0
-9999.0 -9999.0 -9999.0 -9999.0 -9999.0 -9999.0 -9999.0 -9999.0 -9999.0 -9999.0 -9999.0 -9999.0 -9999.0 -9999.0 -9999.0 -9999.0 -9999.0 -9999.0 -9999.0 -9999.0 -9999.0 -9999.0 -9999.0 -9999.0 -9999.0 -9999.0 -9999.0 -79.995747 175544.635390 -50.007463 170091.541267 185918.274961 185762.659089 -9999.0 -9999.0 -9999.0 -9999.0 -9999.0 -9999.0 -9999.0 -9999.0 -9999.0 -9999.0 -9999.0 -9999.0 -9999.0 -9999.0 -9999.0 -9999.0 -9999.0 -9999.0 -9999.0 -9999.0 -9999.0 -9999.0 -9999.0 -9999.0
-9999.0 -9999.0 -9999.0 -9999.0 -9999.0 -9999.0 -9999.0 -9999.0 -9999.0 -9999.0 -9999.0 -9999.0 -9999.0 -9999.0 -9999.0 -9999.0 -9999.0 -9999.0 -9999.0 -9999.0 -9999.0 -9999.0 -9999.0 -9999.0 1786.078600 694.441522 8234.118673 561.867404 190099.484956 190527.619001 203312.059612 -9999.0 -9999.0 -9999.0 -9999.0 -9999.0 -9999.0 -9999.0 -9999.0 -9999.0 -9999.0 -9999.0 -9999.0 -9999.0 -9999.0 -9999.0 -9999.0 -9999.0 -9999.0 -9999.0 -9999.0 -9999.0 -9999.0 -9999.0 -9999.0 -9999.0 -9999.0
-9999.0 -9999.0 -9999.0 -9999.0 -9999.0 -9999.0 -9999.0 -9999.0 -9999.0 -9999.0 -9999.0 -9999.0 -9999.0 -9999.0 -9999.0 -9999.0 -9999.0 -9999.0 -9999.0 -9999.0 -9999.0 -9999.0 -9999.0 398.029920 46.167998 -1183.219328 -1580.138417 -2804.905223 -633.179233 83.162808 202387.377819 191112.513790 -9999.0 -9999.0 -9999.0 -9999.0 -9999.0 -9999.0 -9999.0 -9999.0 -9999.0 -9999.0 -9999.0 -9999.0 -9999.0 -9999.0 -9999.0 -9999.0 -9999.0 -9999.0 -9999.0 -9999.0 -9999.0 -9999.0 -9999.0 -9999.0 -9999.0
-9999.0 -9999.0 -9999.0 -9999.0 -9999.0 -9999.0 -9999.0 -9999.0 -9999.0 -9999.0 -9999.0 -9999.0 -9999.0 -9999.0 -9999.0 -9999.0 -9999.0 -9999.0 -516.003793 5.163787 -9999.0 25.634396 42.991061 -1750.132488 -1009.638900 -2859.378221 -531.001885 -513.164758 -388.632884 994.544306 1406.495106 192587.285749 -37.293556 -122.965058 -9999.0 -9999.0 -9999.0 -9999.0 -9999.0 -9999.0 -9999.0 -9999.0 -9999.0 -9999.0 -9999.0 -9999.0 -9999.0 -9999.0 -9999.0 -9999.0 -9999.0 -9999.0 -9999.0 -9999.0 -9999.0 -9999.0 -9999.0
-9999.0 -9999.0 -9999.0 -9999.0 -9999.0 -9999.0 -9999.0 -9999.0 -9999.0 -9999.0 -9999.0 -9999.0 -9999.0 -9999.0 -9999.0 -9999.0 -9999.0 -2565.811945 -2247.540511 -13900.706801 -83.383845 9276.155358 1105.938093 -584.252160 -574.513905 905.513043 241584.364277 1087.391902 237547.103782 -282.785800 45.558434 3742.468784 17998.270009 -114.675752 -103.840217 -103.574326 -9999.0 -9999.0 -9999.0 -9999.0 -9999.0 -9999.0 -9999.0 -9999.0 -9999.0 -9999.0 -9999.0 -9999.0 -9999.0 -9999.0 -9999.0 -9999.0 -9999.0 -9999.0 -9999.0 -9999.0 -9999.0
-9999.0 -9999.0 -9999.0 -9999.0 -9999.0 -9999.0 -9999.0 -9999.0 -9999.0 -9999.0 -9999.0 -9999.0 -9999.0 -245.954016 -614.913755 -1612.669263 -2650.797431 -7564.197572 -2477.014815 -2830.582583 -1330.569565 -760.057353 -1352.408816 -564.777510 100.541020 23.925060 -187.640904 162032.638772 200298.039352 103875.267312 176966.697827 120798.678598 172334.062057 174972.738066 107264.354000 -64.250796 -9999.0 -9999.0 -9999.0 -9999.0 -9999.0 -9999.0 -9999.0 -9999.0 -9999.0 -9999.0 -9999.0 -9999.0 -9999.0 -9999.0 -9999.0 -9999.0 -9999.0 -9999.0 -9999.0 -9999.0 -9999.0
-9999.0 -9999.0 -9999.0 -9999.0 -9999.0 -9999.0 -9999.0 -9999.0 -9999.0 -9999.0 -9999.0 -9999.0 -9999.0 -305.610914 -1696.520507 -1973.368226 -2511.948602 -945.350060 -7588.210522 -2423.927097 -2788.121569 -1733.035813 -1053.738602 -630.914411 -440.864113 56587.317532 45503.720317 -44.714681 -13.078283 213091.588453 213198.778047 183120.295451 13930.543189 -101.666478 -18.901506 -9999.0 -9999.0 -9999.0 -9999.0 -9999.0 -9999.0 -9999.0 -9999.0 -9999.0 -9999.0 -9999.0 -9999.0 -9999.0 -9999.0 -9999.0 -9999.0 -9999.0 -9999.0 -9999.0 -9999.0 -9999.0 -9999.0
-9999.0 -9999.0 -9999.0 -9999.0 -9999.0 -9999.0 -9999.0 -9999.0 -9999.0 -9999.0 -9999.0 -9999.0 -9999.0 -2234.834264 574.583800 -2238.501405 -2015.089022 -2334.014318 -7654.810248 -2563.638249 -874.514530 -375.010320 1084.867115 287261.200811 -596.613402 12.670572 -96.232553 -35.972894 181543.147571 -104.858600 144532.364814 -59.874589 -113.171403 -62.161837 -20.663339 -9999.0 -9999.0 -9999.0 -9999.0 -9999.0 -9999.0 -9999.0 -9999.0 -9999.0 -9999.0 -9999.0 -9999.0 -9999.0 -9999.0 -9999.0 -9999.0 -9999.0 -9999.0 -9999.0 -9999.0 -9999.0 -9999.0
-9999.0 -9999.0 -9999.0 -9999.0 -9999.0 -9999.0 -9999.0 -9999.0 -9999.0 -9999.0 -9999.0 -9999.0 -1294.234848 6460.750719 -2005.825812 -772.238047 -1151.784696 -1654.088396 -1065.439479 -14574.855254 -961.136440 2247.476627 190841.334875 209554.803224 203711.164489 80734.506515 200605.958081 204251.348421 204845.785992 50828.216962 1054.725728 -42.007116 121498.478744 -118.155673 -9999.0 -9999.0 -9999.0 -9999.0 -9999.0 -9999.0 -9999.0 -9999.0 -9999.0 -9999.0 -9999.0 -9999.0 -9999.0 -9999.0 -9999.0 -9999.0 -9999.0 -9999.0 -9999.0 -9999.0 -9999.0 -9999.0 -9999.0
-9999.0 -9999.0 -9999.0 -9999.0 -9999.0 -9999.0 -9999.0 -9999.0 -9999.0 -9999.0 -9999.0 -66.148417 -889.146830 251.147882 -1746.250245 -417.737550 -16273.489964 -1667.998909 -716.165686 -502.922672 -2600.182084 -548.268189 34.053453 751.529384 51799.036414 194006.857709 174434.788797 199765.948429 202692.339054 19421.447444 -23.660650 102822.537679 18257.183426 -55.598515 -50.606982 -53.997170 185987.560943 144364.677447 -509.425605 -9999.0 -9999.0 -9999.0 -101.007742 -9999.0 -9999.0 -9999.0 -9999.0 -9999.0 -9999.0 -9999.0 -9999.0 -9999.0 -9999.0 -9999.0 -9999.0 -9999.0 -9999.0
-9999.0 -9999.0 -9999.0 -9999.0 -9999.0 -9999.0 -9999.0 -9999.0 -9999.0 -9999.0 -9999.0 44.684636 -1140.396638 -2535.117894 -2760.914098 -362.626322 -3027.647441 -2645.765951 -963.317027 -934.220920 -654.924059 -225.433640 36.046294 209915.517433 210983.228795 189911.281652 200872.595560 202158.194147 138227.257345 253.959867 147297.805425 146786.545893 185441.689830 175921.961898 171661.260411 194079.600676 193498.766583 -470.916901 13873.915705 -78.115336 -68.973093 -43.977887 146428.684711 -8.573688 -9999.0 -9999.0 -9999.0 153730.288146 170548.448071 29355.780044 173220.585556 4714.712638 7529.319471 157877.491004 162351.456020 31969.290602 -9999.0
-9999.0 -9999.0 -9999.0 -9999.0 -9999.0 -9999.0 -9999.0 -9999.0 -9999.0 -9999.0 -9999.0 48.703626 -238.618508 635.489433 -438.316134 -427.921266 -633.303234 -1828.419490 -1574.572802 -1058.767124 -908.894772 899.398624 191333.664810 836.537281 196840.002756 -64.894484 194423.206247 194781.256729 -51.616727 172367.641131 140.401166 194332.601580 136342.526240 176633.539755 11278.149540 126665.436310 194429.016937 -504.829346 -521.307675 -105.609319 112363.196320 186426.165072 192409.800898 196905.114868 190651.789958 -9999.0 -52.292112 144822.039092 161470.524939 178867.145643 184871.344447 -41.282752 180975.180951 185141.944641 185542.043662 176027.007124 -9999.0
-9999.0 -9999.0 -9999.0 -9999.0 -9999.0 -9999.0 -9999.0 -9999.0 -9999.0 -9999.0 -9999.0 -9999.0 52.215855 209126.185370 -329.395856 -333.325606 -868.358929 -1762.780325 -869.707801 -976.533537 -1279.326012 -35.647528 83674.638817 137090.473119 208379.918616 213737.276100 2285.142156 126341.373918 171719.959805 914.935469 186527.230490 213571.747488 198557.005101 194628.795787 191782.290896 203533.802723 164044.231621 -705.649923 -486.262032 -274.508015 -155.767449 -97.627547 197474.405856 1389.257076 -54.546946 159354.812761 -37.333431 166918.622818 187299.361136 191871.445159 206455.696639 196123.115748 196933.671408 196125.109476 190828.162553 168738.274754 167585.169352
-9999.0 -9999.0 -9999.0 -9999.0 -9999.0 -9999.0 -9999.0 -9999.0 -9999.0 -9999.0 -9999.0 219586.888779 3.381970 47.095309 223193.375446 766.922155 -507.965242 -1311.494564 -949.697270 -1390.342018 -1551.014582 -622.156058 159223.443431 206539.132032 209475.452779 210350.859754 208170.297120 176970.353109 183061.659974 -66.448707 204821.603907 205555.003642 43520.076106 155959.805800 168584.860302 189391.995228 204578.818824 -676.377715 -778.667231 -604.959883 -627.679057 -285.231127 167552.268598 -157.477360 44.660872 200177.314920 200843.413114 -91.701642 -93.020760 166641.388748 -79.201399 182799.483963 13397.749923 -104.313425 -135.359040 -79.182315 7533.730704
-9999.0 -9999.0 -9999.0 -9999.0 -9999.0 -9999.0 -9999.0 -9999.0 -9999.0 -9999.0 2217.157364 147319.722240 35.015487 8.333899 -199.198899 112350.614218 159377.369468 206.351016 -1700.113812 -1341.525699 -724.529447 -472.799440 275902.139180 46.633010 211351.964351 191366.392578 211923.420835 -208.644276 1440.838512 1191.264540 74755.303124 75868.026211 3080.224368 197337.787104 -22.792988 -33.632082 128946.289223 160647.861404 13060.442259 -219.118650 -211.560121 -106.754690 -37.503346 -417.400572 215434.797890 -65.428459 89585.194813 190470.356016 192892.422447 18405.170199 -726.592582 13428.532133 -102.334520 -46.008445 -73.882546 140093.199437 144498.021696
-9999.0 -9999.0 -9999.0 -9999.0 -9999.0 -9999.0 -9999.0 -9999.0 -9999.0 191488.744064 404.783893 21219.809389 87604.647141 206170.872536 204504.043568 215009.953286 230129.466490 -361.537435 -1926.269139 -1566.862490 -803.213967 -1297.408610 -628.917652 -480.916784 1047.739713 295550.854229 210054.212557 24.158413 221628.901935 230340.078966 968.926785 284106.049287 -28.717437 -78.812852 -53.630941 -35.714704 90778.935940 241748.262968 219262.933000 225415.883701 270745.476649 276554.598842 281704.242089 -1093.189602 -492.728879 208591.003783 44.091667 209277.830235 209439.460865 887.179749 168055.584558 13564.692129 -63.883650 24927.425970 11622.872432 1564.489313 1710.174884
-9999.0 -9999.0 -9999.0 -9999.0 -9999.0 -9999.0 -9999.0 -9999.0 -9999.0 83109.788105 127325.796989 29.815850 4851.934846 4371.306311 221717.737665 212996.144249 47.855224 -391.828651 -2153.314341 -1169.149083 -1002.340795 -1815.032983 -462.794994 46.267752 290800.129948 213631.393271 214170.484108 207927.370964 43.446227 -248.223287 62.165643 273693.539724 162301.143354 185380.589678 194854.040959 -40.424686 -71.676748 -66.694261 181990.039622 71506.354113 220568.529569 210451.755906 214559.376195 -206.640542 -797.227879 -518.266352 -434.025339 -350.626962 -83.051018 428.377089 283983.726481 181424.183398 9202.856674 140822.309045 102289.323130 33518.056460 31533.844278
-9999.0 -9999.0 -9999.0 -9999.0 -9999.0 -9999.0 -9999.0 -9999.0 -9999.0 -9999.0 181017.415189 164929.584293 176662.533299 172064.612710 856.217209 225728.590217 3070.013999 -536.149881 -2399.929427 -1321.126042 -895.692710 -2500.452109 -30.110444 248014.141143 207433.620051 224666.037076 609.179244 -92.467289 48.355541 296916.251574 292372.265273 297084.333845 201081.572470 169309.183813 174589.728374 79045.574490 25.489585 742.127859 -56.730868 158328.885995 203023.994734 32.349785 4886.706761 227694.777215 388.020400 784.805516 -1009.757928 -500.675642 -685.805544 387.619081 278122.189443 66678.026570 4009.197173 17407.838496 143940.283985 164633.412206 175513.874062
-9999.0 -9999.0 -9999.0 -9999.0 -9999.0 -9999.0 -9999.0 -9999.0 -9999.0 -9999.0 175952.574222 186744.166596 28.043366 217395.047117 45.725533 233.606363 640.266873 -1387.129014 -1879.497972 -2574.664969 -2189.781176 -1590.037143 10748.133595 207521.861331 227039.242843 49.017107 -292.634004 1048.656474 293309.049416 206883.957339 176936.183716 178365.121100 -252.397343 176203.136744 207422.989961 424.865197 43617.819472 129877.376860 195459.180166 202122.640937 208069.319908 86.864189 195746.313975 1438.955441 45.502988 295057.893259 11711.673348 490.927443 -1141.294474 -485.225641 1400.212540 197728.269127 180572.001764 31285.359077 17812.492760 13408.005275 176316.326383
-9999.0 -9999.0 -9999.0 -9999.0 -9999.0 -9999.0 -9999.0 -9999.0 198424.100170 201927.785135 191682.088790 199367.537730 122321.005645 190192.680389 308268.799919 -663.379248 -1988.318529 -2098.985365 -1907.919240 -2902.443020 -2691.422368 -2556.606441 -2191.092495 -1604.315436 -309.200622 -463.041400 -394.468417 310949.004388 224937.821621 204792.601531 -70.207148 135479.396138 160279.976042 178231.098292 185451.795143 120880.638013 44.662650 217913.531147 296944.984201 -39.484121 -75.856158 1188.694295 -56.327400 -48.841718 -82.520629 2170.294548 292551.300097 228168.451238 755.255756 -371.691883 -96.433432 262046.818816 74577.781509 164740.916069 -25.457297 169792.006253 3551.615383
-9999.0 -9999.0 -9999.0 -9999.0 -9999.0 -9999.0 -9999.0 -9999.0 -53.400105 103133.843519 205336.250726 187570.333025 167203.175868 205564.906631 285601.730863 330.950818 -1478.876566 -1705.675724 -2958.805957 -2846.559105 -1055.700185 -1604.894695 -1743.416219 -2658.036393 -2177.781661 -1111.456031 -482.635325 175462.766490 -248.807878 169722.450788 178773.053941 -105.094181 111213.943504 -99.490789 139687.200167 391.946039 52.697362 38477.181349 178314.221468 1401.062990 210178.768727 -26.126827 -84.503332 536.643301 2588.727916 181073.671045 -100.740436 1644.121370 214401.821492 -487.159032 -246.459653 231205.376407 83399.606935 172406.881557 204748.129159 -716.671253 205718.859644
-9999.0 -9999.0 -9999.0 -9999.0 -9999.0 -9999.0 -9999.0 -9999.0 176585.550663 96753.446878 160014.515482 200939.662166 203050.221030 -88.826680 202319.094887 283953.363243 -362.856930 -1416.430359 -2768.392379 -1098.701680 -2887.406230 -2074.889314 -2057.029929 -2659.855570 -1213.098263 -1610.099686 -462.363044 306538.580821 -408.049662 154655.836890 -97.363679 968.371246 205427.844755 204072.294801 42.771864 52.336928 170076.815775 44.422488 168139.810071 215709.797985 88811.643435 -90.889227 1406.541312 130676.235711 209801.921496 1406.281900 -67.168038 195050.876935 215012.088522 396.506647 -544.277359 379.862513 56135.744065 96602.427010 28610.067677 24382.846319 49.317771
-9999.0 -9999.0 -9999.0 -9999.0 -9999.0 -9999.0 -9999.0 -9999.0 -30.720353 4285.611919 41199.410334 -527.672217 4722.308523 200162.926080 282257.049642 98.539118 -2680.395930 -2637.164188 -975.604024 -2638.994195 -2727.157372 -2632.056863 -1798.923057 -2310.102783 -1657.228784 -836.019334 264653.988158 294051.891162 20.085956 250496.485069 224835.038451 226030.259078 73573.643695 217303.546771 238886.713326 -196.910625 -425.627833 -1650.581677 -426.719724 249708.105412 23.099633 32.367405 897.729894 -87.925387 59841.048539 -78.256734 934.526427 -76.849266 88184.264325 214908.096358 848.470819 -545.138843 -234.286868 10991.501856 50.699010 51.250154 -546.240137
-9999.0 -9999.0 -9999.0 -9999.0 -9999.0 -9999.0 -9999.0 -9999.0 167749.244522 200958.689557 -195.999979 302230.035188 307092.675607 307682.434787 47.234345 -508.245398 -478.154784 -1456.355147 -974.434535 -1728.322118 -2181.953340 -2192.837844 -2566.956533 -2586.328082 -1196.986713 151.513888 288664.130615 220046.526138 1120.767901 61112.081792 265762.280602 830.374948 43.627524 -345.856698 188.851006 -492.408529 -1069.526817 -2201.115627 -2640.292141 -344.867059 -264.711929 1011.447291 582.002268 668.192833 206514.073097 43.609036 211356.991281 210830.465147 215880.756178 803.308092 -342.191017 -1067.242396 -697.058678 -506.641779 61.917997 53.967817 -496.091958
-9999.0 -9999.0 150370.417401 20975.453289 -203.067318 202526.090339 199879.257549 198035.102516 195292.685320 203186.733296 206686.574724 242710.225501 279924.619856 182936.060121 -261.390367 -76.806322 87.534157 288955.632145 212041.260610 276.169640 -1719.386539 -1743.211153 -924.512999 -2703.594782 -2179.447548 -1588.754397 185.722705 241.958729 -885.297801 -220.603515 156.627625 -749.367780 -538.686924 -1424.836907 -874.410370 -1818.832643 -2192.159951 -2742.311751 -2780.002979 -2524.635416 -1578.257462 -926.750424 -1295.261122 -495.132109 764.381441 650.424151 -286.338516 -580.973571 -578.848525 -661.866422 -1233.617379 -929.649021 -577.267412 -492.652582 -374.426079 -435.398742 -518.606849
