erum2020/resources/simulation/Vinschgau/output-maps/psiL0007N0584.asc
ncols         63
nrows         48
xllcorner     598000.000000
yllcorner     5145000.000000
cellsize      1000.000000
NODATA_value  -9999.0
[rows 0 to 25 of 48, columns 0 to 57 of 63]
-9999.0 -9999.0 -9999.0 -9999.0 -9999.0 -9999.0 -9999.0 -9999.0 -9999.0 -9999.0 -9999.0 -9999.0 -9999.0 -9999.0 -9999.0 -9999.0 -9999.0 -9999.0 -9999.0 -9999.0 -9999.0 -9999.0 -9999.0 -9999.0 -9999.0 -9999.0 -9999.0 -9999.0 -9999.0 -9999.0 -9999.0 -9999.0 -9999.0 -9999.0 -9999.0 -9999.0 -9999.0 -9999.0 -9999.0 -9999.0 -9999.0 -9999.0 -9999.0 -9999.0 -9999.0 -9999.0 -9999.0 -9999.0 -9999.0 -9999.0 -9999.0 -9999.0 -9999.0 -9999.0 -9999.0 -9999.0 -9999.0 -9999.0
-9999.0 -9999.0 -9999.0 -9999.0 -9999.0 -9999.0 -9999.0 -9999.0 -9999.0 -9999.0 -9999.0 -9999.0 -9999.0 -9999.0 -9999.0 -9999.0 -9999.0 -9999.0 -9999.0 -9999.0 -9999.0 -9999.0 -9999.0 -9999.0 -9999.0 -9999.0 -9999.0 -594.133810 -340.553388 -593.477982 -302.025867 -575.390389 -223.050294 -9999.0 -9999.0 -9999.0 -9999.0 -9999.0 -9999.0 -9999.0 -9999.0 -9999.0 -9999.0 -9999.0 -9999.0 -9999.0 -9999.0 -9999.0 -9999.0 -9999.0 -9999.0 -9999.0 -9999.0 -9999.0 -9999.0 -9999.0 -9999.0 -9999.0
-9999.0 -9999.0 -9999.0 -9999.0 -9999.0 -9999.0 -9999.0 -9999.0 -9999.0 -9999.0 -9999.0 -9999.0 -9999.0 -9999.0 -9999.0 -9999.0 -9999.0 -9999.0 -9999.0 -9999.0 -9999.0 -9999.0 -9999.0 -9999.0 -117.543264 -125.316505 -104.888405 -94.483764 -61.335070 -194.511114 -397.345588 -9999.0 -9999.0 -9999.0 -9999.0 -9999.0 -9999.0 -9999.0 -9999.0 -9999.0 -9999.0 -9999.0 -9999.0 -9999.0 -9999.0 -9999.0 -9999.0 -9999.0 -9999.0 -9999.0 -9999.0 -9999.0 -9999.0 -9999.0 -9999.0 -9999.0 -9999.0 -9999.0
-9999.0 -9999.0 -9999.0 -9999.0 -9999.0 -9999.0 -9999.0 -9999.0 -9999.0 -9999.0 -9999.0 -9999.0 -9999.0 -9999.0 -9999.0 -9999.0 -9999.0 -9999.0 -9999.0 -9999.0 -9999.0 -9999.0 -9999.0 -130.120205 -89.822714 -842.692837 -6448.690466 -40984.000814 -37875.910642 -388.991031 -341.071006 -403.934320 -9999.0 -9999.0 -9999.0 -9999.0 -9999.0 -9999.0 -9999.0 -9999.0 -9999.0 -9999.0 -9999.0 -9999.0 -9999.0 -9999.0 -9999.0 -9999.0 -9999.0 -9999.0 -9999.0 -9999.0 -9999.0 -9999.0 -9999.0 -9999.0 -9999.0 -9999.0
-9999.0 -9999.0 -9999.0 -9999.0 -9999.0 -9999.0 -9999.0 -9999.0 -9999.0 -9999.0 -9999.0 -9999.0 -9999.0 -9999.0 -9999.0 -9999.0 -9999.0 -9999.0 341.724086 -126.930358 -9999.0 -112.397886 -92.504317 -39350.821460 -5198.605187 -40957.089329 -358.550863 -288.362973 -404.916483 -1987.196808 -306.907176 -300.025408 -593.173462 -593.168381 -9999.0 -9999.0 -9999.0 -9999.0 -9999.0 -9999.0 -9999.0 -9999.0 -9999.0 -9999.0 -9999.0 -9999.0 -9999.0 -9999.0 -9999.0 -9999.0 -9999.0 -9999.0 -9999.0 -9999.0 -9999.0 -9999.0 -9999.0 -9999.0
-9999.0 -9999.0 -9999.0 -9999.0 -9999.0 -9999.0 -9999.0 -9999.0 -9999.0 -9999.0 -9999.0 -9999.0 -9999.0 -9999.0 -9999.0 -9999.0 -9999.0 -1091.440587 -2303.832689 -40077.899163 -591.459345 -306.120041 -1366.327723 -40900.303360 -396.417868 -5060.795247 -2012.501348 -667.745242 -2063.675201 -328.102408 -55.634227 -221.406937 -591.209582 -592.631674 -583.514384 -582.529452 -9999.0 -9999.0 -9999.0 -9999.0 -9999.0 -9999.0 -9999.0 -9999.0 -9999.0 -9999.0 -9999.0 -9999.0 -9999.0 -9999.0 -9999.0 -9999.0 -9999.0 -9999.0 -9999.0 -9999.0 -9999.0 -9999.0
-9999.0 -9999.0 -9999.0 -9999.0 -9999.0 -9999.0 -9999.0 -9999.0 -9999.0 -9999.0 -9999.0 -9999.0 -9999.0 -337.342178 -700.209292 -1007.784044 -1305.992737 -591.976265 -1086.934956 -37874.267365 -2300.323983 -5809.283948 -38190.569144 -155.609471 -2271.191409 -114.050293 -40852.190362 -31907.072913 -38577.093923 -795.147748 3980.354435 -81.420343 -262.597483 -329.629236 -582.184238 -582.573671 -9999.0 -9999.0 -9999.0 -9999.0 -9999.0 -9999.0 -9999.0 -9999.0 -9999.0 -9999.0 -9999.0 -9999.0 -9999.0 -9999.0 -9999.0 -9999.0 -9999.0 -9999.0 -9999.0 -9999.0 -9999.0 -9999.0
-9999.0 -9999.0 -9999.0 -9999.0 -9999.0 -9999.0 -9999.0 -9999.0 -9999.0 -9999.0 -9999.0 -9999.0 -9999.0 -85.535064 -825.640906 -1220.251669 -1241.754449 42.779337 -591.529779 -6577.954452 -150576.986029 -592.455076 -3721.256933 -3970.465174 -830.255887 -38666.389670 -440.874320 -582.843759 -582.353808 -37192.941170 -304.894445 -392.881304 -582.137174 -582.154349 -582.169606 -9999.0 -9999.0 -9999.0 -9999.0 -9999.0 -9999.0 -9999.0 -9999.0 -9999.0 -9999.0 -9999.0 -9999.0 -9999.0 -9999.0 -9999.0 -9999.0 -9999.0 -9999.0 -9999.0 -9999.0 -9999.0 -9999.0 -9999.0
-9999.0 -9999.0 -9999.0 -9999.0 -9999.0 -9999.0 -9999.0 -9999.0 -9999.0 -9999.0 -9999.0 -9999.0 -9999.0 -1020.194993 346.786648 -648.980254 -1115.922750 -1233.761672 -591.210511 -1041.267045 -64.043435 -38976.278611 -1891.567232 -2133.079390 -863.598702 -404.180418 -593.451907 -582.684079 -310.754566 -582.141764 -376.025917 -582.150479 -582.242458 -582.099029 -582.046699 -9999.0 -9999.0 -9999.0 -9999.0 -9999.0 -9999.0 -9999.0 -9999.0 -9999.0 -9999.0 -9999.0 -9999.0 -9999.0 -9999.0 -9999.0 -9999.0 -9999.0 -9999.0 -9999.0 -9999.0 -9999.0 -9999.0 -9999.0
-9999.0 -9999.0 -9999.0 -9999.0 -9999.0 -9999.0 -9999.0 -9999.0 -9999.0 -9999.0 -9999.0 -9999.0 -40158.701972 4293.724978 -764.273507 -532.723664 -213.778691 -826.254670 -63.742909 -40429.599439 -2237.194654 -836.581505 -35448.991478 -553.842422 2378.330076 -398.420840 -103.942897 -352.453877 -208.756886 -582.474600 -548.990927 -593.669269 -265.290685 -584.376428 -9999.0 -9999.0 -9999.0 -9999.0 -9999.0 -9999.0 -9999.0 -9999.0 -9999.0 -9999.0 -9999.0 -9999.0 -9999.0 -9999.0 -9999.0 -9999.0 -9999.0 -9999.0 -9999.0 -9999.0 -9999.0 -9999.0 -9999.0 -9999.0
-9999.0 -9999.0 -9999.0 -9999.0 -9999.0 -9999.0 -9999.0 -9999.0 -9999.0 -9999.0 -9999.0 -99.438670 -352.478879 321.418524 -607.548390 -98.196460 -41210.133407 -372.903341 370.746649 -42124.965948 -142578.787968 -134.519431 -254.398202 -349.185392 -37336.730386 -275.389883 -448.160676 -262.195527 1503.841613 -582.486406 -593.217682 -216.382219 -590.165283 -584.513394 -591.986169 -593.264685 -579.792888 -585.661774 -593.217735 -9999.0 -9999.0 -9999.0 -584.534371 -9999.0 -9999.0 -9999.0 -9999.0 -9999.0 -9999.0 -9999.0 -9999.0 -9999.0 -9999.0 -9999.0 -9999.0 -9999.0 -9999.0 -9999.0
-9999.0 -9999.0 -9999.0 -9999.0 -9999.0 -9999.0 -9999.0 -9999.0 -9999.0 -9999.0 -9999.0 -107.904676 -433.328069 -39706.151682 -528.094695 -424.922278 -718.348858 -6806.185803 36.035138 350.691833 -51.315761 -243.694095 -74.521453 -239.770648 -199.479075 -323.555980 -291.154698 -218.435236 -593.130882 -584.241126 -240.818816 -169.612917 -359.627045 -327.311998 -560.451200 -434.036693 -522.832543 -562.958986 -578.659304 -592.845990 -591.998387 -590.255763 -321.559971 -584.389681 -9999.0 -9999.0 -9999.0 352.571124 -378.719917 -594.579349 -309.860815 -594.693159 -594.224865 347.362687 365.706523 -585.196775 -9999.0 -9999.0
-9999.0 -9999.0 -9999.0 -9999.0 -9999.0 -9999.0 -9999.0 -9999.0 -9999.0 -9999.0 -9999.0 -78.997154 -118.989579 -27286.665285 381.804400 -287.618351 -236.320534 -805.314685 -57.513996 -54.268101 249.010262 -29296.996494 -249.300055 -71.175309 -339.280269 -592.530205 -234.490381 -83.645571 -584.192328 -362.709995 -583.377817 -26756.207452 -284.518217 -401.940862 -588.861246 -484.397781 -13634.454828 -36331.215375 -575.110192 -591.980520 -587.844494 -591.757016 -361.198831 -360.242408 -442.692801 -9999.0 -586.252880 -307.793306 -254.325648 -213.870660 -473.333424 -594.087218 -453.440757 -190.377303 -403.747437 -271.280784 -9999.0 -9999.0
-9999.0 -9999.0 -9999.0 -9999.0 -9999.0 -9999.0 -9999.0 -9999.0 -9999.0 -9999.0 -9999.0 -9999.0 -93.812243 319.357131 -102.911222 -98.496014 -617.078714 -818.707918 365.962265 -73.569763 -908.719665 -31172.698707 -30440.319014 -213.620790 -220.272890 -250.355452 1011.845188 -559.309427 -308.010014 -593.745936 -268.680319 -226.302017 -579.184341 -348.820716 -444.697032 -493.801546 -14965.156509 -24148.534414 -353.009284 -592.457613 -490.065692 -592.411242 -32441.038279 -94.882355 -593.037128 -319.459271 -594.130498 -327.140078 -26492.639534 -225.309325 254.331296 -162.601879 860.355883 379.454288 -197.006912 -112.784546 -102.482602 -9999.0
-9999.0 -9999.0 -9999.0 -9999.0 -9999.0 -9999.0 -9999.0 -9999.0 -9999.0 -9999.0 -9999.0 327.445772 -122.710753 -566.948981 -208.654311 -218.761202 -213.616027 -716.635595 -32.930552 -319.299354 -1031.008160 -799.419841 -218.557882 -27016.943932 -265.526853 -197.075857 290.911702 -368.612180 -402.295056 -592.942013 -245.525845 -201.424851 -201.839000 -304.576604 -440.627584 -348.701315 -586.777185 -37494.667910 -960.446104 -575.528100 -36478.810983 -17490.011718 -531.124512 -34697.489090 -260.884268 -371.636650 -223.975688 -593.635325 -593.896785 -32356.931161 -29075.014157 -377.048039 -214.466785 -16843.013751 -7428.879838 -584.244772 -594.475887 -9999.0
-9999.0 -9999.0 -9999.0 -9999.0 -9999.0 -9999.0 -9999.0 -9999.0 -9999.0 -9999.0 1727.945486 -212.443236 -75.596203 -103.680238 -76.379121 707.770309 730.426474 -697.240364 -614.508232 -485.141324 144.767184 337.826874 -22893.491238 -84.429148 -290.754795 1712.405449 -21223.699728 -32691.946427 -540.651080 -250.306004 -197.538965 -116.986160 -264.438336 -320.629355 -582.283024 -591.816965 -498.934004 -11242.977148 -16590.412797 -9490.035864 -35977.665246 -33216.926958 -584.321755 -457.957741 -398.607201 -592.798834 -254.996620 -30100.867835 -227.146027 -235.581798 -30686.725280 -584.612559 -6678.292579 -584.334753 -584.996842 -243.058214 -244.588188 -9999.0
-9999.0 -9999.0 -9999.0 -9999.0 -9999.0 -9999.0 -9999.0 -9999.0 -9999.0 -324.349970 375.982371 352.925950 -194.851656 -251.562755 338.599100 -205.319023 -260.320036 -62.067245 -1442.907310 -850.022932 -46.884913 -1483.419198 -38300.491221 -588.186364 270.132921 -13202.068692 -297.046698 -234.651836 -30867.551318 -283.872719 -218.830866 -151553.357135 -582.647416 -582.542357 -586.002988 -583.969710 -274.886678 -872.334463 -6195.450292 -455.849874 -1286.373026 -1038.006803 -100329.434973 -10601.328275 -127704.539027 -32258.809742 -210.988433 -32189.668853 -31373.098081 247.360808 -30835.590920 -594.276549 -584.291305 -586.793106 -591.381833 -20574.087466 -172.424697 -593.769854
-9999.0 -9999.0 -9999.0 -9999.0 -9999.0 -9999.0 -9999.0 -9999.0 -9999.0 -505.884609 -318.951574 -299.243419 2138.457766 -278.877027 -303.496253 -288.854340 -59.004618 -292.969833 -1555.878560 -490.930122 -379.663655 -207.577291 -117.550902 -82.898403 -14174.350204 -337.276581 -306.151004 -306.516174 -329.680188 301.649035 -532.684660 -14594.194741 -275.487306 -341.024999 -238.499982 -591.771238 -592.821157 -592.663113 -529.677116 -262.080193 -81.771571 -23871.693709 -1481.614304 -497.425546 -499.226015 -506.138788 -793.819225 -33087.398566 -33271.590141 -271.103767 -152300.601238 -17886.696127 -585.837847 -367.205611 -585.152812 322.606093 -19570.289260 -170.360799
-9999.0 -9999.0 -9999.0 -9999.0 -9999.0 -9999.0 -9999.0 -9999.0 -9999.0 -9999.0 -327.680443 -253.631729 -195.366302 1842.487771 -31188.913718 -304.120052 -283.998337 -369.675574 -1722.847842 -874.468888 -249.189336 -92801.279566 -684.147803 -17285.606039 -348.230390 -351.377904 -415.926826 -278.874589 -519.585085 -444.953465 -11471.076792 3181.355768 -15038.549438 -340.929555 -219.282009 -180.304582 -150.319814 -98.331820 -593.557932 -334.958650 -459.137598 -87.425750 2156.659909 -25736.345131 -19273.405280 -929.742925 -40066.137054 -122.223539 -32797.299050 -29234.939743 -152880.937447 -30113.108868 -594.606937 -585.937383 -134.633156 -326.345709 -89.348707 10788.199661
-9999.0 -9999.0 -9999.0 -9999.0 -9999.0 -9999.0 -9999.0 -9999.0 -9999.0 -9999.0 -294.637035 -282.752564 -98.472069 -204.622338 324.505291 -1185.780121 -969.852165 -489.313433 -1222.905087 -939.619840 -1189.914641 -1625.512302 -1206.218173 -534.661780 -437.813227 -505.570712 129.103849 -613.657422 -486.336865 -8286.805300 -335.743127 -72.788136 -32165.617936 -383.420601 -343.484668 -91.060332 1503.612201 -236.259219 -25112.507510 -369.037340 -268.452377 -594.044987 -205.614125 -340.537278 357.983514 -151462.363113 -222.166743 -19039.252039 -29437.449034 -30589.673462 -28946.040819 -25371.840213 -192.049299 -594.665920 -584.584519 -594.499480 -380.164843 -22622.049052
-9999.0 -9999.0 -9999.0 -9999.0 -9999.0 -9999.0 -9999.0 -9999.0 -73.878566 -256.522490 -571.944076 -87.086694 -148.025743 -192.457045 -614.215840 -194.725555 -1961.351418 -190.772005 -803.048750 -980.503082 -1398.911354 -8542.249094 -5271.031244 -3468.773130 -1002.784460 -177.553641 332.038297 -442.235244 -180.795270 -17525.399927 -583.190899 -299.387822 -291.683608 -342.179398 -264.035792 -449.445198 -276.667417 -217.733015 -12172.596579 -593.903455 -586.407724 -88.021496 -29424.517810 -583.341977 -593.812555 1071.573777 -11734.213078 -212.347591 -18827.982046 230.324581 -977.717252 -152864.348086 -190.547433 -17641.483984 -593.890567 -394.214191 -593.756925 -47.083424
-9999.0 -9999.0 -9999.0 -9999.0 -9999.0 -9999.0 -9999.0 -9999.0 -15411.044539 -193.221888 -24401.057909 -354.951025 -323.582349 787.604752 -580.326207 -738.372955 -1249.847588 -1571.385721 -152858.225047 -1004.519648 -392.907732 -628.008690 -437.438447 -229.216828 -10666.889628 -190.111563 266.117988 -174.857126 -30713.345919 -280.828473 -297.176837 -593.222124 -236.632723 -594.333252 -74.224172 -72.390060 -184.986083 -195.444357 -24872.217124 -255.347258 -342.604456 -583.528803 -584.588361 -249.249505 1309.720832 -202.659791 -29853.170477 -296.317112 -23335.862591 -802.404020 -949.604460 -176.528049 -518.096684 -219.063263 -462.660071 -33386.315846 -28219.117607 -28224.827913
-9999.0 -9999.0 -9999.0 -9999.0 -9999.0 -9999.0 -9999.0 -9999.0 -324.197322 1236.785104 -515.516183 -22785.872957 -42.372811 -31069.100509 -218.394289 -21474.617635 -1320.220370 -2040.727547 -14095.873576 -354.402107 -1008.389965 -643.422695 -674.360550 -995.756882 -427.708440 -1432.957176 -725.341249 -518.269806 -32164.468991 -257.829537 -593.395044 -57.883847 -208.951580 -32351.315692 -68.033183 -156.131178 -26649.801469 -18621.538818 -12189.912594 -22648.043381 -285.084548 -594.328203 -81.460250 1309.630035 -231.298837 -103.160579 -594.043457 -98.566725 -238.363407 -17284.892234 162.598928 -901.946028 -17042.261609 -15106.843732 -27402.676621 -154.013944 -166.320577 -198.415944
-9999.0 -9999.0 -9999.0 -9999.0 -9999.0 -9999.0 -9999.0 -9999.0 -583.452457 -247.628840 314.075424 -31552.047697 -55.821726 275.203888 -151751.437516 -901.956816 -139153.531400 -11622.802662 -358.183413 -1071.700215 -996.225859 -972.235900 -604.072216 -574.543630 -1123.993129 -1174.694608 -645.417743 -18442.717530 -82.223824 -29794.898995 -30359.653130 -29787.875306 -33853.835812 -185.106127 -31907.641341 -421.921187 -366.925328 -707.941102 -13559.675321 -23884.349450 -305.309505 -239.965330 -227.756713 -593.529922 -111.298340 -593.988256 -523.982734 -593.893680 -399.306867 -28600.470118 -672.318255 -879.731361 -917.086391 220.480037 -158.430966 -146.002733 -968.073233 244.007031
-9999.0 -9999.0 -9999.0 -9999.0 -9999.0 -9999.0 -9999.0 -9999.0 -119.082163 -75.142744 3254.651944 -15346.322484 -15882.800250 -677.987526 -46.903395 -151.910564 -43.366408 -1247.755780 -1062.765415 -1565.266955 -1303.681048 -964.125606 -952.198756 -919.954251 -236.827336 -1427.687978 -792.761440 -324.603028 -384.148314 -209.576740 -19044.761163 -207.852062 -30959.806879 -190.777649 -28704.612025 -29766.760830 -28274.901246 -729.686206 -15485.589466 -175.228748 -26063.157684 -34179.460602 -28426.239858 -32384.533253 -27357.257621 -282.840940 -29380.876193 -29015.471096 -29902.148584 -30874.705499 -32261.954057 -1562.752006 -971.462263 -291.597982 -71.622603 365.944473 269.869657 -20.919967
-9999.0 -9999.0 -567.862218 -97.024294 -54.307053 -280.560655 -172.307787 -200.423676 -72.260175 -76.427081 -178.155743 276.769733 -661.586355 -157.141857 -48.070928 227.564248 -16637.296388 -499.064428 -280.466778 -1058.328448 -2195.406616 -1171.725331 -510.016254 -1074.615142 -921.808845 -4909.323404 -1571.277620 -1351.432842 -1461.894163 -61.171177 -829.062019 -771.686082 355.049042 -791.656159 -240.799283 -678.311524 -277.619325 -760.826917 -14703.376205 -13140.537232 -29043.972725 -30166.880647 -23245.090951 -1045.122812 -20633.631081 -30426.615157 -270.637334 228.612846 -32742.612269 -498.143752 -773.494086 -428.274848 304.685606 264.219011 264.134874 376.683520 286.537308 235.166519
