erum2020/resources/simulation/Vinschgau/output-maps/psiL0002N0179.asc
ncols         63
nrows         48
xllcorner     598000.000000
yllcorner     5145000.000000
cellsize      1000.000000
NODATA_value  -9999.0
[rows 0 to 25 of 48, columns 0 to 58 of 63]
-9999.0 -9999.0 -9999.0 -9999.0 -9999.0 -9999.0 -9999.0 -9999.0 -9999.0 -9999.0 -9999.0 -9999.0 -9999.0 -9999.0 -9999.0 -9999.0 -9999.0 -9999.0 -9999.0 -9999.0 -9999.0 -9999.0 -9999.0 -9999.0 -9999.0 -9999.0 -9999.0 -9999.0 -9999.0 -9999.0 -9999.0 -9999.0 -9999.0 -9999.0 -9999.0 -9999.0 -9999.0 -9999.0 -9999.0 -9999.0 -9999.0 -9999.0 -9999.0 -9999.0 -9999.0 -9999.0 -9999.0 -9999.0 -9999.0 -9999.0 -9999.0 -9999.0 -9999.0 -9999.0 -9999.0 -9999.0 -9999.0 -9999.0 -9999.0
-9999.0 -9999.0 -9999.0 -9999.0 -9999.0 -9999.0 -9999.0 -9999.0 -9999.0 -9999.0 -9999.0 -9999.0 -9999.0 -9999.0 -9999.0 -9999.0 -9999.0 -9999.0 -9999.0 -9999.0 -9999.0 -9999.0 -9999.0 -9999.0 -9999.0 -9999.0 -9999.0 -152.427550 -631.819144 -163.734477 -782.728326 -821.474261 -846.934553 -9999.0 -9999.0 -9999.0 -9999.0 -9999.0 -9999.0 -9999.0 -9999.0 -9999.0 -9999.0 -9999.0 -9999.0 -9999.0 -9999.0 -9999.0 -9999.0 -9999.0 -9999.0 -9999.0 -9999.0 -9999.0 -9999.0 -9999.0 -9999.0 -9999.0 -9999.0
-9999.0 -9999.0 -9999.0 -9999.0 -9999.0 -9999.0 -9999.0 -9999.0 -9999.0 -9999.0 -9999.0 -9999.0 -9999.0 -9999.0 -9999.0 -9999.0 -9999.0 -9999.0 -9999.0 -9999.0 -9999.0 -9999.0 -9999.0 -9999.0 -678.879993 -289.656350 -262.487424 -195.827828 -82.241240 -672.594040 -1011.944032 -9999.0 -9999.0 -9999.0 -9999.0 -9999.0 -9999.0 -9999.0 -9999.0 -9999.0 -9999.0 -9999.0 -9999.0 -9999.0 -9999.0 -9999.0 -9999.0 -9999.0 -9999.0 -9999.0 -9999.0 -9999.0 -9999.0 -9999.0 -9999.0 -9999.0 -9999.0 -9999.0 -9999.0
-9999.0 -9999.0 -9999.0 -9999.0 -9999.0 -9999.0 -9999.0 -9999.0 -9999.0 -9999.0 -9999.0 -9999.0 -9999.0 -9999.0 -9999.0 -9999.0 -9999.0 -9999.0 -9999.0 -9999.0 -9999.0 -9999.0 -9999.0 -205.434582 1550.840215 2259.559531 2019.015896 2858.929691 1821.599496 -608.513088 -468.400141 -640.262572 -9999.0 -9999.0 -9999.0 -9999.0 -9999.0 -9999.0 -9999.0 -9999.0 -9999.0 -9999.0 -9999.0 -9999.0 -9999.0 -9999.0 -9999.0 -9999.0 -9999.0 -9999.0 -9999.0 -9999.0 -9999.0 -9999.0 -9999.0 -9999.0 -9999.0 -9999.0 -9999.0
-9999.0 -9999.0 -9999.0 -9999.0 -9999.0 -9999.0 -9999.0 -9999.0 -9999.0 -9999.0 -9999.0 -9999.0 -9999.0 -9999.0 -9999.0 -9999.0 -9999.0 -9999.0 2436.699534 1608.908022 -9999.0 -576.112416 1554.011226 2742.945115 2654.717821 3341.237870 1471.111520 1360.896181 2479.155934 941.599916 -467.969790 -513.025760 -178.175804 -195.573134 -9999.0 -9999.0 -9999.0 -9999.0 -9999.0 -9999.0 -9999.0 -9999.0 -9999.0 -9999.0 -9999.0 -9999.0 -9999.0 -9999.0 -9999.0 -9999.0 -9999.0 -9999.0 -9999.0 -9999.0 -9999.0 -9999.0 -9999.0 -9999.0 -9999.0
-9999.0 -9999.0 -9999.0 -9999.0 -9999.0 -9999.0 -9999.0 -9999.0 -9999.0 -9999.0 -9999.0 -9999.0 -9999.0 -9999.0 -9999.0 -9999.0 -9999.0 1568.661571 3991.444275 -76.318774 -209.231050 -232.891686 1274.856686 1489.583941 1478.263488 1682.247441 -121.776282 -407.984299 -63.323501 -95.392632 1771.295937 -536.390442 -198.612583 -190.741998 -262.078127 -983.252304 -9999.0 -9999.0 -9999.0 -9999.0 -9999.0 -9999.0 -9999.0 -9999.0 -9999.0 -9999.0 -9999.0 -9999.0 -9999.0 -9999.0 -9999.0 -9999.0 -9999.0 -9999.0 -9999.0 -9999.0 -9999.0 -9999.0 -9999.0
-9999.0 -9999.0 -9999.0 -9999.0 -9999.0 -9999.0 -9999.0 -9999.0 -9999.0 -9999.0 -9999.0 -9999.0 -9999.0 -661.111175 1907.620655 6616.219150 3102.843616 -39.839908 5666.541429 2450.123859 2390.080886 2703.614450 395.979046 1674.692354 777.073355 -1248.361565 -818.793036 -487.481369 -414.006963 -371.003707 -676.191615 -1209.009320 -1099.585612 -981.991870 -959.117927 -993.278754 -9999.0 -9999.0 -9999.0 -9999.0 -9999.0 -9999.0 -9999.0 -9999.0 -9999.0 -9999.0 -9999.0 -9999.0 -9999.0 -9999.0 -9999.0 -9999.0 -9999.0 -9999.0 -9999.0 -9999.0 -9999.0 -9999.0 -9999.0
-9999.0 -9999.0 -9999.0 -9999.0 -9999.0 -9999.0 -9999.0 -9999.0 -9999.0 -9999.0 -9999.0 -9999.0 -9999.0 1487.942804 2769.290397 3123.723655 1868.362372 2348.584346 -41.172410 3323.920359 4644.498115 1737.333227 7619.680972 1442.116439 778.602691 -239.842456 -688.367405 -769.798914 -509.972917 -712.250946 -646.546119 -881.173939 -914.410854 -984.771679 -988.285519 -9999.0 -9999.0 -9999.0 -9999.0 -9999.0 -9999.0 -9999.0 -9999.0 -9999.0 -9999.0 -9999.0 -9999.0 -9999.0 -9999.0 -9999.0 -9999.0 -9999.0 -9999.0 -9999.0 -9999.0 -9999.0 -9999.0 -9999.0 -9999.0
-9999.0 -9999.0 -9999.0 -9999.0 -9999.0 -9999.0 -9999.0 -9999.0 -9999.0 -9999.0 -9999.0 -9999.0 -9999.0 1869.459928 2615.960810 2208.143242 6407.943974 2475.938035 -41.104759 4656.267250 1203.395501 -2019.072923 1437.102584 -317.431741 -573.317107 -187.765173 -161.937122 -878.811243 -563.015493 -839.573048 -896.420973 -973.758470 -984.284827 -993.465855 -992.446312 -9999.0 -9999.0 -9999.0 -9999.0 -9999.0 -9999.0 -9999.0 -9999.0 -9999.0 -9999.0 -9999.0 -9999.0 -9999.0 -9999.0 -9999.0 -9999.0 -9999.0 -9999.0 -9999.0 -9999.0 -9999.0 -9999.0 -9999.0 -9999.0
-9999.0 -9999.0 -9999.0 -9999.0 -9999.0 -9999.0 -9999.0 -9999.0 -9999.0 -9999.0 -9999.0 -9999.0 2151.246559 2701.154898 2611.927919 -967.631572 1931.869448 6083.854248 2485.413359 -62.134043 -134.261693 -421.101735 -271.181448 -256.543233 -614.291777 -953.702438 -288.197879 -749.955925 -601.820339 -930.669541 -932.769251 -186.915352 -583.415410 -994.986252 -9999.0 -9999.0 -9999.0 -9999.0 -9999.0 -9999.0 -9999.0 -9999.0 -9999.0 -9999.0 -9999.0 -9999.0 -9999.0 -9999.0 -9999.0 -9999.0 -9999.0 -9999.0 -9999.0 -9999.0 -9999.0 -9999.0 -9999.0 -9999.0 -9999.0
-9999.0 -9999.0 -9999.0 -9999.0 -9999.0 -9999.0 -9999.0 -9999.0 -9999.0 -9999.0 -9999.0 -268.749061 -61.096924 2182.999724 -1021.127406 -897.771223 -1034.080419 5912.621067 2408.683203 -52.461159 7413.065137 1790.014751 -818.475863 -1005.234192 -413.986088 -729.891476 -1006.733943 -707.212054 -774.978704 -975.361738 -199.079754 -218.215250 -288.047521 -1001.417215 -434.693820 -930.706053 -292.165981 1909.102220 -159.842525 -9999.0 -9999.0 -9999.0 -595.330804 -9999.0 -9999.0 -9999.0 -9999.0 -9999.0 -9999.0 -9999.0 -9999.0 -9999.0 -9999.0 -9999.0 -9999.0 -9999.0 -9999.0 -9999.0 -9999.0
-9999.0 -9999.0 -9999.0 -9999.0 -9999.0 -9999.0 -9999.0 -9999.0 -9999.0 -9999.0 -9999.0 -784.142853 -430.726590 1789.305580 1386.535832 -861.158822 1679.096266 5583.779937 2400.453247 2342.202498 1518.355046 2560.345403 -786.802935 -256.575768 -261.683218 -956.548087 -651.677619 -183.912726 -206.220058 -990.061257 -479.960668 -751.450129 -711.948387 -911.568112 -740.928058 -676.182012 2051.949587 -147.344591 -108.186538 -474.352975 -428.115325 -768.537968 -213.456033 -516.823981 -9999.0 -9999.0 -9999.0 -302.401425 1402.532207 -168.576104 1650.573199 -151.789098 -156.916739 2204.559692 2308.505095 -186.600117 -9999.0 -9999.0 -9999.0
-9999.0 -9999.0 -9999.0 -9999.0 -9999.0 -9999.0 -9999.0 -9999.0 -9999.0 -9999.0 -9999.0 -675.426286 -696.675524 -97.323343 -754.782596 -677.251316 1316.307491 -81.262074 2559.302059 2377.728716 7243.268107 1381.092054 1892.462115 -285.175297 -987.256241 -173.492864 1760.106085 -394.562184 -993.396647 -724.235632 -997.744803 -284.218668 -131.675157 -807.566991 -626.431253 -102.261587 -734.315338 -255.639731 -1489.075704 -117.040130 2461.445464 -174.049131 -40.380884 -684.007535 -789.629953 -9999.0 -705.460079 -331.054150 1482.030641 2300.431026 2041.899204 -69.310514 2606.380957 2829.530732 2841.110599 2624.161540 -9999.0 -9999.0 -9999.0
-9999.0 -9999.0 -9999.0 -9999.0 -9999.0 -9999.0 -9999.0 -9999.0 -9999.0 -9999.0 -9999.0 -9999.0 -703.516656 -316.861141 1978.656383 1375.120811 -86.124310 6778.567072 2493.696512 2207.413206 7722.907361 1684.883772 2041.576795 1056.713333 -548.385565 1886.083598 2139.284736 -934.987729 -940.828220 -194.324384 -651.871939 -154.622833 -666.734028 -683.882351 -731.095974 -890.822277 72101.125717 -781.852564 -2546.082384 -207.537432 2414.052044 -216.584966 -128.546796 1002.586873 -174.508177 -529.170165 -183.548249 -412.548012 -421.187609 -254.888953 1213.575614 1529.277192 1396.238643 1523.477777 -818.701803 -928.103794 -105.800350 -9999.0 -9999.0
-9999.0 -9999.0 -9999.0 -9999.0 -9999.0 -9999.0 -9999.0 -9999.0 -9999.0 -9999.0 -9999.0 -141.489712 -649.730561 -959.374804 1621.942339 1594.341831 1502.811123 83.819367 2645.084103 15.395138 6947.053601 2493.293185 1420.235487 1866.660861 1906.016227 1785.862966 -235.930627 -981.558757 -598.214404 -164.676899 1290.927312 1156.962174 1993.273701 -1009.124976 -691.151848 -928.211538 -1267.746052 -413.048480 37339.273912 -326.843020 -96.686542 -168.992051 -144.016904 -204.252406 1981.260094 -689.768533 -154.714475 -92.655932 -82.921423 7139.880657 -609.459394 -851.991712 -769.058313 -629.864156 -1001.822683 -273.103620 -139.943729 -9999.0 -9999.0
-9999.0 -9999.0 -9999.0 -9999.0 -9999.0 -9999.0 -9999.0 -9999.0 -9999.0 -9999.0 -473.630461 1288.657973 1769.333651 -619.322599 2361.134143 1486.581497 -91.259325 -71.063083 4985.949515 -151.038992 2513.307258 1173.240059 1716.691031 2174.010983 1612.618384 892.354833 -464.993934 -621.088830 2467.140825 2671.887198 1214.392714 -281.500092 -752.492923 -777.671528 -1005.946981 -590.956499 -74.360339 156205.012852 106729.647106 211656.872855 182916.812426 -42.993037 -48.856269 718.722497 1302.183465 -160.915200 -72.577522 -182.341549 1199.840240 533.779477 -423.679620 -326.729278 -999.864874 -294.982793 -293.855726 2419.004262 2447.022234 -9999.0 -9999.0
-9999.0 -9999.0 -9999.0 -9999.0 -9999.0 -9999.0 -9999.0 -9999.0 -9999.0 -610.470863 -729.817666 706.902690 1856.372021 1130.792412 1561.488647 -126.928748 -227.950081 2028.533529 5173.742172 15.749242 2119.281058 2040.621163 2066.239291 2341.734755 967.812775 -315.067666 1803.778482 2614.482136 1915.017951 2100.174017 -102.446810 -328.131563 -1001.606910 -989.128993 -994.203639 -1008.664938 -978.307793 -460.753939 -340.093745 -171.562659 290217.508886 -119.965659 -181.244884 316.449044 -56.352360 1205.840188 2002.812282 -53.080511 -354.048967 4767.322033 -140.809544 -144.147701 -395.971093 -409.097106 -158.905977 1140.736858 2316.988280 -26.584126 -131.558812
-9999.0 -9999.0 -9999.0 -9999.0 -9999.0 -9999.0 -9999.0 -9999.0 -9999.0 -848.412313 -686.707332 -820.292198 2626.042005 1904.993650 1330.023596 1384.079530 2466.297666 -119.070324 3340.910877 1874.225346 2252.460156 1862.789287 -100.601988 1788.193239 -290.483446 2030.881457 1366.464197 1799.969287 2046.481419 1054.371655 -1091.609500 -234.981919 -921.710999 -876.213908 -680.748135 -209.715197 -231.943307 -284.986109 -818.856435 -683.195287 -547.422900 -569.944838 1970.118757 -97.631657 29.179890 1701.888463 2233.602422 -40.859621 2548.803936 -157.419577 -53.647066 1447.865983 -340.210658 -780.776679 -251.947662 -291.104408 2436.121562 2319.913053 -31.104115
-9999.0 -9999.0 -9999.0 -9999.0 -9999.0 -9999.0 -9999.0 -9999.0 -9999.0 -9999.0 -698.185077 -709.402293 850.187457 280.098965 1808.237599 1445.160220 1592.528576 1211.909339 27.887863 1662.446068 1620.919654 7280.766775 1989.758823 1887.130387 1832.612048 1702.847414 2276.863455 4482.148033 -823.532774 -351.134761 -469.970778 -267.463981 -590.842391 -989.125205 -240.241959 2067.060093 1413.567280 1494.239229 -183.687085 -1000.227593 -1025.721634 -300.953239 -126.396395 1563.514778 -315.768621 -45.075793 -62.919186 2592.809837 68476.494775 1796.519890 -18.769235 1578.447283 -135.674603 -300.603405 -741.246741 -778.195300 -803.585223 2487.643966 2652.477200
-9999.0 -9999.0 -9999.0 -9999.0 -9999.0 -9999.0 -9999.0 -9999.0 -9999.0 -9999.0 -745.662035 -718.309313 -767.771365 1865.501108 2411.011732 5716.329633 -146.499842 5452.373471 33.532187 15.052476 -146.518933 2208.437300 2040.093233 1749.864946 1498.706004 1938.373891 2820.850748 1424.453718 -204.712576 -554.046031 -927.414572 -647.120200 -660.501451 -964.771305 -921.446265 -920.737861 3720.116993 -294.907675 -443.598713 -861.889115 -678.765505 -166.703733 -533.405171 -830.477954 -816.716471 1211.185366 797.278714 -852.052617 897.098407 2508.067654 549.906021 794.871192 1511.225163 -131.063458 -184.894285 -136.053057 -800.912631 2640.237828 -112.545070
-9999.0 -9999.0 -9999.0 -9999.0 -9999.0 -9999.0 -9999.0 -9999.0 1427.292255 1796.603245 -542.341024 -768.234044 1248.899962 1295.228250 1706.480891 3362.476579 4521.971243 1757.055749 15.615024 15.890943 25.903696 26.708972 4774.234299 2192.904462 2393.446026 137.696081 1289.487785 1490.482432 265.083623 -290.820225 -990.206306 -888.453043 -818.790595 -903.325447 -797.351704 -904.662416 -510.155536 1171.913629 -282.742745 -170.581110 -749.052123 -812.212341 -562.495862 -355.843395 -119.264002 1312.199752 -533.034472 1605.493423 -52.154430 2801.688265 2106.781773 1860.129671 1810.980304 1249.991729 -137.804426 2464.695155 -26.561617 2600.323120 2251.547924
-9999.0 -9999.0 -9999.0 -9999.0 -9999.0 -9999.0 -9999.0 -9999.0 -574.341563 1623.803577 -201.839849 -721.386443 -637.318401 1131.380109 1263.309543 -41.407897 5574.473027 5418.752739 25.270753 15.852292 36.170880 30.740135 455.918417 2448.060436 29.334502 43.863744 7705.171446 1181.275223 -524.556597 -808.407392 -856.989771 -158.000282 -767.085466 -172.019031 -584.019727 -62.509890 1334.691318 1066.450360 -349.064580 -219.243051 -785.911002 -794.943714 -306.719969 1342.709124 1252.132474 996.516068 -601.185521 -916.727115 1102.552876 221.473311 2248.142711 1134.921716 1172.444625 2537.323871 1839.179588 -49.104767 1523.251351 1424.151227 802.587297
-9999.0 -9999.0 -9999.0 -9999.0 -9999.0 -9999.0 -9999.0 -9999.0 -995.445517 1272.729629 2174.948503 -443.286860 -60.986039 -556.301663 1885.483097 1928.934178 8105.691460 2792.144670 25.648671 15.917724 15.709426 39.139964 32.696299 27.412587 15.252015 4225.663288 -156.002621 -236.123433 -625.014276 -143.235989 -155.256860 1834.113298 -216.638787 -259.879171 1389.639051 2114.140522 -316.390651 1239.197285 -167.695973 -516.716778 -652.198551 -144.597990 1429.853607 -957.036284 -651.002035 -846.977896 -132.200515 2265.101773 -408.651399 -47.578045 13.565209 2165.911652 1123.020432 1403.026427 2260.807047 2079.656046 2475.693069 14352.198357 1250.422967
-9999.0 -9999.0 -9999.0 -9999.0 -9999.0 -9999.0 -9999.0 -9999.0 -1005.329340 -741.619174 1973.136479 -300.798078 2392.006681 2063.036947 2507.858370 -18.467176 25.607859 14.389134 1934.453867 22.612322 30.912908 16.014366 16.032346 15.286025 1615.325924 2563.696015 1894.912326 -45.725659 2375.535596 2070.850495 -247.789607 -207.254552 1890.734408 1574.758046 -325.076628 1337.912719 1596.423078 4693.260754 1091.543014 -18.059177 1348.634940 1609.210425 2132.389692 -79.062692 2096.925293 -151.302579 2910.667539 -63.190416 2528.590370 1681.139975 -26.270597 450.172642 9813.262142 2354.673877 15817.788966 18898.780222 -170.122006 116.808603 16.039940
-9999.0 -9999.0 -9999.0 -9999.0 -9999.0 -9999.0 -9999.0 -9999.0 -626.706103 -803.322559 2318.158887 2255.966004 2686.759580 -30.815266 2611.001254 3100.144370 2496.470017 4623.372161 6819.542340 5153.853936 24.363209 15.937548 16.092780 32.954852 2389.544110 2525.924421 1486.749256 1698.562766 1964.355262 2170.013384 948.925990 2185.045818 1313.354506 1525.378834 -180.309219 -65.659437 1298.320824 2391.867653 -85.735488 875.584957 -115.884617 -64.538923 1620.170275 1451.757766 -69.106561 1770.549699 -136.548693 1998.846555 1666.747457 2338.414703 2222.355647 41225.406351 749.753850 76761.036655 565.284743 11480.749887 890.697370 16.781476 869.513758
-9999.0 -9999.0 -659.937145 -491.718209 -519.767973 -97.703638 1459.725800 -190.424459 -565.357566 -526.105415 1019.637092 -48.886406 -48.568381 1513.671217 2652.240279 2478.846167 -91.861736 1538.140641 -174.595303 7252.083909 4765.529730 25.298495 16.049522 64.454125 2296.230246 6422.021308 2249.541689 1872.883237 -69.986479 1758.830130 1526.068002 2262.088293 2266.885531 -38.972369 2516.981778 -40.675080 2260.382062 2396.302734 1804.292691 1774.103958 1532.881399 981.268885 -43.985817 1232.274083 1702.865670 2224.335530 2305.603386 -43.615613 2310.633640 97739.607591 88871.027811 91042.041671 1103.963126 2365.218366 4497.977604 1260.972456 44226.282159 41939.891579 3217.659928
