erum2020/resources/simulation/Vinschgau/output-maps/psiL0002N0813.asc
ncols         63
nrows         48
xllcorner     598000.000000
yllcorner     5145000.000000
cellsize      1000.000000
NODATA_value  -9999.0
[rows 0 to 24 of 48, columns 0 to 56 of 63]
-9999.0 -9999.0 -9999.0 -9999.0 -9999.0 -9999.0 -9999.0 -9999.0 -9999.0 -9999.0 -9999.0 -9999.0 -9999.0 -9999.0 -9999.0 -9999.0 -9999.0 -9999.0 -9999.0 -9999.0 -9999.0 -9999.0 -9999.0 -9999.0 -9999.0 -9999.0 -9999.0 -9999.0 -9999.0 -9999.0 -9999.0 -9999.0 -9999.0 -9999.0 -9999.0 -9999.0 -9999.0 -9999.0 -9999.0 -9999.0 -9999.0 -9999.0 -9999.0 -9999.0 -9999.0 -9999.0 -9999.0 -9999.0 -9999.0 -9999.0 -9999.0 -9999.0 -9999.0 -9999.0 -9999.0 -9999.0 -9999.0
-9999.0 -9999.0 -9999.0 -9999.0 -9999.0 -9999.0 -9999.0 -9999.0 -9999.0 -9999.0 -9999.0 -9999.0 -9999.0 -9999.0 -9999.0 -9999.0 -9999.0 -9999.0 -9999.0 -9999.0 -9999.0 -9999.0 -9999.0 -9999.0 -9999.0 -9999.0 -9999.0 103189.999599 356402.146863 316328.603792 345056.812901 378737.142879 339126.186866 -9999.0 -9999.0 -9999.0 -9999.0 -9999.0 -9999.0 -9999.0 -9999.0 -9999.0 -9999.0 -9999.0 -9999.0 -9999.0 -9999.0 -9999.0 -9999.0 -9999.0 -9999.0 -9999.0 -9999.0 -9999.0 -9999.0 -9999.0 -9999.0
-9999.0 -9999.0 -9999.0 -9999.0 -9999.0 -9999.0 -9999.0 -9999.0 -9999.0 -9999.0 -9999.0 -9999.0 -9999.0 -9999.0 -9999.0 -9999.0 -9999.0 -9999.0 -9999.0 -9999.0 -9999.0 -9999.0 -9999.0 -9999.0 314705.893208 285896.560772 246727.933910 296863.790763 305913.141977 325657.954004 377322.342866 -9999.0 -9999.0 -9999.0 -9999.0 -9999.0 -9999.0 -9999.0 -9999.0 -9999.0 -9999.0 -9999.0 -9999.0 -9999.0 -9999.0 -9999.0 -9999.0 -9999.0 -9999.0 -9999.0 -9999.0 -9999.0 -9999.0 -9999.0 -9999.0 -9999.0 -9999.0
-9999.0 -9999.0 -9999.0 -9999.0 -9999.0 -9999.0 -9999.0 -9999.0 -9999.0 -9999.0 -9999.0 -9999.0 -9999.0 -9999.0 -9999.0 -9999.0 -9999.0 -9999.0 -9999.0 -9999.0 -9999.0 -9999.0 -9999.0 282593.912404 174046.067239 -750.027682 -602.253620 -1127.998340 901.484303 277074.396773 368227.046795 368358.839120 -9999.0 -9999.0 -9999.0 -9999.0 -9999.0 -9999.0 -9999.0 -9999.0 -9999.0 -9999.0 -9999.0 -9999.0 -9999.0 -9999.0 -9999.0 -9999.0 -9999.0 -9999.0 -9999.0 -9999.0 -9999.0 -9999.0 -9999.0 -9999.0 -9999.0
-9999.0 -9999.0 -9999.0 -9999.0 -9999.0 -9999.0 -9999.0 -9999.0 -9999.0 -9999.0 -9999.0 -9999.0 -9999.0 -9999.0 -9999.0 -9999.0 -9999.0 -9999.0 274.106399 206379.963257 -9999.0 257436.620203 183209.161918 -557.680571 -523.198718 -1752.199858 725.104979 1147.036723 99.481938 45210.606504 313325.000790 369864.343329 96056.376571 83957.207466 -9999.0 -9999.0 -9999.0 -9999.0 -9999.0 -9999.0 -9999.0 -9999.0 -9999.0 -9999.0 -9999.0 -9999.0 -9999.0 -9999.0 -9999.0 -9999.0 -9999.0 -9999.0 -9999.0 -9999.0 -9999.0 -9999.0 -9999.0
-9999.0 -9999.0 -9999.0 -9999.0 -9999.0 -9999.0 -9999.0 -9999.0 -9999.0 -9999.0 -9999.0 -9999.0 -9999.0 -9999.0 -9999.0 -9999.0 -9999.0 -2330.725889 -907.739567 -227.082836 70402.681570 147093.439072 67175.704991 609.972350 -153.679863 10276.752525 485219.496536 161752.873056 395981.050878 1055.931739 -220.194531 -268.261582 -146.143981 1629.092816 19145.998873 29523.826896 -9999.0 -9999.0 -9999.0 -9999.0 -9999.0 -9999.0 -9999.0 -9999.0 -9999.0 -9999.0 -9999.0 -9999.0 -9999.0 -9999.0 -9999.0 -9999.0 -9999.0 -9999.0 -9999.0 -9999.0 -9999.0
-9999.0 -9999.0 -9999.0 -9999.0 -9999.0 -9999.0 -9999.0 -9999.0 -9999.0 -9999.0 -9999.0 -9999.0 -9999.0 118640.978451 904.935442 -1006.556534 -2551.995754 -5148.714497 -2187.054460 -867.994726 -553.382920 -327.641693 -620.348760 8.383669 28052.678114 205321.006656 112784.246808 266049.011390 346381.763545 168691.751096 250670.325407 281481.256658 286594.711941 288281.338883 309890.942803 90416.672147 -9999.0 -9999.0 -9999.0 -9999.0 -9999.0 -9999.0 -9999.0 -9999.0 -9999.0 -9999.0 -9999.0 -9999.0 -9999.0 -9999.0 -9999.0 -9999.0 -9999.0 -9999.0 -9999.0 -9999.0 -9999.0
-9999.0 -9999.0 -9999.0 -9999.0 -9999.0 -9999.0 -9999.0 -9999.0 -9999.0 -9999.0 -9999.0 -9999.0 -9999.0 36645.032749 -529.605343 -1265.474598 -2294.511023 -417.325594 -5186.275947 -840.676701 -1861.392502 -436.830033 -495.529730 -259.302292 4485.712853 117638.102525 345673.039362 236116.134568 133579.170480 405729.898923 388477.549438 330714.531502 152997.232269 -46.700318 -25.643364 -9999.0 -9999.0 -9999.0 -9999.0 -9999.0 -9999.0 -9999.0 -9999.0 -9999.0 -9999.0 -9999.0 -9999.0 -9999.0 -9999.0 -9999.0 -9999.0 -9999.0 -9999.0 -9999.0 -9999.0 -9999.0 -9999.0
-9999.0 -9999.0 -9999.0 -9999.0 -9999.0 -9999.0 -9999.0 -9999.0 -9999.0 -9999.0 -9999.0 -9999.0 -9999.0 -613.059801 663.313280 -749.290544 -1470.958135 -2075.319460 -5580.058313 -2233.828395 -349.491246 -76.413816 1359.133924 268783.976211 531.724539 16667.936318 63915.261748 120547.457556 377128.892464 -42.720071 200877.065327 -21.840946 -38.171843 -24.857557 40688.964937 -9999.0 -9999.0 -9999.0 -9999.0 -9999.0 -9999.0 -9999.0 -9999.0 -9999.0 -9999.0 -9999.0 -9999.0 -9999.0 -9999.0 -9999.0 -9999.0 -9999.0 -9999.0 -9999.0 -9999.0 -9999.0 -9999.0
-9999.0 -9999.0 -9999.0 -9999.0 -9999.0 -9999.0 -9999.0 -9999.0 -9999.0 -9999.0 -9999.0 -9999.0 727.911502 6929.055669 -466.646175 151.302960 -526.721430 -967.302807 -516.251527 -210.044484 -560.069655 182417.769749 215333.145145 300607.858450 350836.788360 377414.938409 345164.031474 389426.731346 343527.232721 264244.253652 1961.213099 77507.188895 79407.967735 86880.248872 -9999.0 -9999.0 -9999.0 -9999.0 -9999.0 -9999.0 -9999.0 -9999.0 -9999.0 -9999.0 -9999.0 -9999.0 -9999.0 -9999.0 -9999.0 -9999.0 -9999.0 -9999.0 -9999.0 -9999.0 -9999.0 -9999.0 -9999.0
-9999.0 -9999.0 -9999.0 -9999.0 -9999.0 -9999.0 -9999.0 -9999.0 -9999.0 -9999.0 -9999.0 131134.871633 -170.778900 323.882812 -418.077130 12015.235160 -146.140098 -798.099392 15.470947 20.013930 -791.388774 275.452426 266925.394292 356564.044054 -146.626246 365366.781940 156715.017168 338964.439917 293698.520320 117394.131690 104925.070958 90105.533730 106423.990413 91386.913958 93348.340477 93126.669047 370478.214594 369905.255409 383525.537413 -9999.0 -9999.0 -9999.0 83473.339465 -9999.0 -9999.0 -9999.0 -9999.0 -9999.0 -9999.0 -9999.0 -9999.0 -9999.0 -9999.0 -9999.0 -9999.0 -9999.0 -9999.0
-9999.0 -9999.0 -9999.0 -9999.0 -9999.0 -9999.0 -9999.0 -9999.0 -9999.0 -9999.0 -9999.0 174561.070170 -324.641522 15.386002 -500.836772 97137.708025 -680.409875 -1217.546857 -454.077425 -310.782354 -272.562992 40858.229623 261017.958696 425102.598850 416405.953335 359839.952624 373259.737892 354412.445306 397251.491626 117185.078339 250482.771811 246691.468394 377980.979434 341663.839479 348112.263327 359070.805499 303487.781103 -331.916161 71190.111605 113306.183789 117109.851945 110327.606835 256572.889753 111210.210276 -9999.0 -9999.0 -9999.0 314439.105098 325975.088642 180212.373975 355411.271564 104115.334078 108740.976293 322619.928646 328453.130101 142555.257518 -9999.0
-9999.0 -9999.0 -9999.0 -9999.0 -9999.0 -9999.0 -9999.0 -9999.0 -9999.0 -9999.0 -9999.0 172686.575968 151298.551853 261982.400018 18614.953425 26346.293856 120.859341 -549.022250 -375.901880 -459.265698 -425.910537 20355.402672 430752.609669 329071.968675 372897.617255 118498.528514 444126.390123 439475.600168 124435.537193 358314.061795 148134.744548 437122.645638 235644.015690 368667.312251 130983.087021 113745.683493 438333.946785 371269.300966 -771.237117 75738.202880 355218.942800 387048.286774 352516.922810 387592.925314 371613.474174 -9999.0 106378.988000 300157.300326 298121.442607 290895.495219 304621.401474 242888.569695 308155.797000 318946.598995 324439.035769 297918.105201 -9999.0
-9999.0 -9999.0 -9999.0 -9999.0 -9999.0 -9999.0 -9999.0 -9999.0 -9999.0 -9999.0 -9999.0 -9999.0 184644.530183 312369.470601 53792.701036 39045.676955 243.065988 -680.568044 -244.926376 -379.692072 -486.244356 6412.933287 135037.720458 294121.270538 444496.270673 446193.016378 -205.163749 329726.823423 306257.437098 104253.600962 370707.475616 439815.323534 382066.137332 354812.318399 351362.004435 365778.773359 430430.131357 45706.303626 -1620.693959 -221.386282 -242.274114 106868.818365 363569.922463 277657.458059 102568.539925 336204.432338 98696.978661 331052.552319 355715.604358 341417.300820 291870.179314 324665.012488 324438.736590 325304.412421 326635.500387 327650.394128 327897.592958
-9999.0 -9999.0 -9999.0 -9999.0 -9999.0 -9999.0 -9999.0 -9999.0 -9999.0 -9999.0 -9999.0 352715.419746 313770.731958 211895.492671 351935.282369 45549.453946 1101.078096 -421.092123 -280.592517 -709.431657 -531.246222 775.190685 64541.308242 431329.805786 439185.907103 426273.714194 441047.839883 389456.173751 372907.083896 147298.128705 443025.751697 438451.327072 109393.695184 357485.913201 348997.936962 362340.449551 384400.531660 44014.901919 -393.757875 -1698.262171 96024.569379 98488.082016 301816.333120 51954.567809 191158.302267 383163.760763 348505.633455 190007.352860 183085.094471 235235.908694 103009.155055 387619.585433 109603.145686 -25.737330 -25.909714 -24.894572 40294.779912
-9999.0 -9999.0 -9999.0 -9999.0 -9999.0 -9999.0 -9999.0 -9999.0 -9999.0 -9999.0 38663.276287 287177.469656 233560.377135 222375.322782 89663.707588 273492.799224 286347.066243 494.166538 -1227.944246 -660.481047 15.317549 201.710101 605078.618214 128083.023173 143253.638436 324880.136913 435223.221793 103208.577031 363524.930903 293171.556118 153384.856946 150104.350423 344009.236956 337170.388448 116900.775890 127360.067707 345968.064352 242111.685643 440999.091507 2081.329458 1261.265002 -124.427982 -25.429619 16.264603 300036.929669 120033.711394 346362.522557 399217.506614 399669.550907 158345.836069 97187.125440 122217.318965 -14.606854 -19.941949 -13.009098 186177.858316 166379.323346
-9999.0 -9999.0 -9999.0 -9999.0 -9999.0 -9999.0 -9999.0 -9999.0 -9999.0 355223.948115 324144.565850 46483.702066 51680.722458 393949.777957 415674.649946 378765.456853 299915.750734 7356.188503 -840.812267 -1390.131710 -267.604208 262.622159 342.935796 698.933185 13274.517196 631697.431210 463740.707676 268707.413986 379536.838988 221584.535333 8984.872437 521825.446869 137397.453164 -24.965913 92736.879882 112429.036067 104473.062689 500174.227871 399155.235598 383743.521922 419350.371880 601317.136750 618434.098816 -497.408753 -303.406302 237478.617513 58860.156009 388539.837698 389708.996833 4530.919927 135252.131467 61750.908765 -12.165915 94833.654710 96163.093220 -111.381341 -132.332361
-9999.0 -9999.0 -9999.0 -9999.0 -9999.0 -9999.0 -9999.0 -9999.0 -9999.0 81674.366452 80928.838939 316358.403715 64967.762753 74528.203080 297067.108902 390285.073552 88948.126189 994.365216 -941.676349 -551.686680 -461.447040 -618.045640 -295.857534 21171.651679 633978.899506 456794.498023 376759.990443 153964.991480 1037.504546 18983.490936 133295.722681 416550.112162 218953.355996 362468.026915 352594.070813 125478.529834 126935.528151 110638.163504 379366.614927 369418.375311 309862.679997 461538.072198 351602.436230 1052.089277 -426.965378 -338.684887 -283.791472 1019.048820 81547.141934 4547.104703 593517.348708 378449.286001 120998.474500 298701.615125 289489.029691 299429.408348 280330.590980
-9999.0 -9999.0 -9999.0 -9999.0 -9999.0 -9999.0 -9999.0 -9999.0 -9999.0 -9999.0 380378.580387 346037.716618 360129.677512 387682.548912 30751.367246 265544.852882 91874.288764 -355.905051 -994.753769 -609.864985 -331.703631 -729.608063 20025.270506 585068.449982 431697.781366 243108.570014 6006.930195 388.618490 120506.215062 577721.490394 567640.136952 560233.907090 397000.867851 322289.852399 291653.245092 289979.169464 233890.957802 219272.532127 133021.450109 314847.819745 405216.645644 262861.620688 162358.469165 280010.549052 2501.175294 575.203978 -331.778196 -253.926824 -301.210017 5990.647527 476677.488834 387249.945462 77388.126731 75999.321700 250949.502395 284419.472237 253202.596649
-9999.0 -9999.0 -9999.0 -9999.0 -9999.0 -9999.0 -9999.0 -9999.0 -9999.0 -9999.0 289807.469268 325227.977747 280700.187944 302962.020820 470.711250 634.190081 536.300079 -821.286770 -1028.643771 -1718.461947 -2042.116984 -793.554938 76021.821597 276582.871711 235506.040866 1190.868833 14.257636 2284.788296 476798.392837 425657.852621 350707.223508 327866.841712 332684.598224 372515.401414 396445.377095 334022.027914 356655.410740 402958.030607 431291.700768 390497.338603 383837.299629 371475.705516 425657.652159 348141.411433 222174.974534 601621.453103 187062.269704 2280.074290 -269.331023 14.109266 40570.332093 270509.905007 263918.332002 161600.076107 88708.301802 88735.864677 369434.429797
-9999.0 -9999.0 -9999.0 -9999.0 -9999.0 -9999.0 -9999.0 -9999.0 353485.688225 371867.765671 374783.395473 357808.315335 429635.487095 430089.730893 426616.429479 -337.106626 -1017.120417 -636.294363 -748.346076 -2398.415315 -2615.016082 -1370.123428 -1054.495764 -147.120638 917.194972 -285.763531 1062.602300 532721.402462 425827.106950 397018.899385 -23.723776 222787.330761 324956.979312 376493.640095 345581.043798 398946.775989 107687.390253 358713.131099 624779.201383 117704.120994 132382.469759 144581.083428 245007.095651 142877.923878 107580.273095 71146.772701 618451.967510 455136.004995 695.802974 13.785344 5870.020619 230101.325023 240294.256818 282349.268225 98028.834249 343898.358292 108010.383670
-9999.0 -9999.0 -9999.0 -9999.0 -9999.0 -9999.0 -9999.0 -9999.0 -107.201518 100101.212042 388869.955211 377806.337404 373449.175779 380704.648853 629742.729511 627.656805 -620.660486 -746.330210 -1992.761942 -2411.346990 -490.913145 -589.265923 -601.339869 -592.835682 -1082.810991 -464.975694 15.038098 235687.223268 115342.413155 365343.802070 360899.867934 96067.790020 93729.053185 101964.948165 211849.721204 320387.602500 149924.949732 117970.147941 372929.205848 365212.158020 384507.304899 2060.990569 121590.546674 349301.157395 284743.286359 373847.516783 133653.279181 371336.399306 357449.658192 -249.076058 13.136691 308521.324246 414801.317184 356294.186849 360769.770195 56238.149596 444578.025515
-9999.0 -9999.0 -9999.0 -9999.0 -9999.0 -9999.0 -9999.0 -9999.0 388414.466556 334885.544474 337458.472252 409777.863588 357619.131709 128128.339121 417685.194837 626026.567023 446.160859 -547.165236 -2177.192949 -580.460441 -2477.960127 -829.211246 -664.887519 -1667.953397 -562.591249 -592.601872 263.598908 623690.565554 115805.897105 333260.184410 92294.136234 165347.528342 360055.078463 414171.599740 268501.840347 199082.957631 321161.724145 13.547113 109213.394753 357140.928142 325240.285711 100005.347476 327548.847504 313513.771852 344643.073061 330048.284752 111652.764354 374574.941940 450603.151664 7553.122641 -254.558517 13427.215270 521427.640364 615725.591504 305680.247824 278516.977550 316.645208
-9999.0 -9999.0 -9999.0 -9999.0 -9999.0 -9999.0 -9999.0 -9999.0 133830.740124 361759.931880 -128.161832 117323.700692 347894.668703 309011.926495 529555.615696 511.431878 -1003.817889 -1789.260509 -457.231754 -2524.836275 -2074.350944 -2059.933942 -794.617425 -1658.827793 -1200.237388 -491.097060 433034.384611 644903.720637 252736.856592 539542.099196 458210.772597 462919.782374 233103.648245 354635.959992 474822.548316 137669.856583 5304.357631 -570.779688 0.526314 249371.998372 308251.060427 296101.977944 331823.972902 105317.727988 345072.100935 117540.807492 364669.315309 126772.362222 345903.981541 425090.447013 3149.882247 -212.018216 7886.026234 227971.804382 31693.098697 22.932393 21.757834
-9999.0 -9999.0 -9999.0 -9999.0 -9999.0 -9999.0 -9999.0 -9999.0 365577.218332 380352.486002 -146.050513 622738.235324 607392.070177 588552.118993 14393.970060 18.421428 13.213865 -567.719237 -462.451924 -730.601044 -1883.988223 -1315.719680 -1873.063423 -1872.019509 -486.882959 448.621680 635445.983462 242665.404325 25286.217928 98499.402512 584292.130528 13969.397586 23.945919 875.496404 3703.187446 373.648669 -350.303577 -665.150632 -527.639182 14.062051 1215.802030 5665.278143 8877.673730 51720.552154 414132.713164 194068.181714 340419.198477 405965.772005 323318.631942 9439.419410 -276.081769 -546.994909 -334.054634 -298.662100 115.375736 103.581797 15.831376
