erum2020/resources/simulation/Vinschgau/output-maps/psiL0007N0209.asc
ncols         63
nrows         48
xllcorner     598000.000000
yllcorner     5145000.000000
cellsize      1000.000000
NODATA_value  -9999.0
[rows 0 to 25 of 48, columns 0 to 57 of 63]
-9999.0 -9999.0 -9999.0 -9999.0 -9999.0 -9999.0 -9999.0 -9999.0 -9999.0 -9999.0 -9999.0 -9999.0 -9999.0 -9999.0 -9999.0 -9999.0 -9999.0 -9999.0 -9999.0 -9999.0 -9999.0 -9999.0 -9999.0 -9999.0 -9999.0 -9999.0 -9999.0 -9999.0 -9999.0 -9999.0 -9999.0 -9999.0 -9999.0 -9999.0 -9999.0 -9999.0 -9999.0 -9999.0 -9999.0 -9999.0 -9999.0 -9999.0 -9999.0 -9999.0 -9999.0 -9999.0 -9999.0 -9999.0 -9999.0 -9999.0 -9999.0 -9999.0 -9999.0 -9999.0 -9999.0 -9999.0 -9999.0 -9999.0
-9999.0 -9999.0 -9999.0 -9999.0 -9999.0 -9999.0 -9999.0 -9999.0 -9999.0 -9999.0 -9999.0 -9999.0 -9999.0 -9999.0 -9999.0 -9999.0 -9999.0 -9999.0 -9999.0 -9999.0 -9999.0 -9999.0 -9999.0 -9999.0 -9999.0 -9999.0 -9999.0 -594.008914 -593.584882 -593.382305 -584.122668 -582.659324 -582.676412 -9999.0 -9999.0 -9999.0 -9999.0 -9999.0 -9999.0 -9999.0 -9999.0 -9999.0 -9999.0 -9999.0 -9999.0 -9999.0 -9999.0 -9999.0 -9999.0 -9999.0 -9999.0 -9999.0 -9999.0 -9999.0 -9999.0 -9999.0 -9999.0 -9999.0
-9999.0 -9999.0 -9999.0 -9999.0 -9999.0 -9999.0 -9999.0 -9999.0 -9999.0 -9999.0 -9999.0 -9999.0 -9999.0 -9999.0 -9999.0 -9999.0 -9999.0 -9999.0 -9999.0 -9999.0 -9999.0 -9999.0 -9999.0 -9999.0 -594.067411 -593.741084 -593.509500 -593.523237 -593.558775 -593.491176 -587.295749 -9999.0 -9999.0 -9999.0 -9999.0 -9999.0 -9999.0 -9999.0 -9999.0 -9999.0 -9999.0 -9999.0 -9999.0 -9999.0 -9999.0 -9999.0 -9999.0 -9999.0 -9999.0 -9999.0 -9999.0 -9999.0 -9999.0 -9999.0 -9999.0 -9999.0 -9999.0 -9999.0
-9999.0 -9999.0 -9999.0 -9999.0 -9999.0 -9999.0 -9999.0 -9999.0 -9999.0 -9999.0 -9999.0 -9999.0 -9999.0 -9999.0 -9999.0 -9999.0 -9999.0 -9999.0 -9999.0 -9999.0 -9999.0 -9999.0 -9999.0 -593.844180 -593.932142 -784.067018 -397.585564 -772.996395 -755.685247 -593.569780 -593.532427 -593.974503 -9999.0 -9999.0 -9999.0 -9999.0 -9999.0 -9999.0 -9999.0 -9999.0 -9999.0 -9999.0 -9999.0 -9999.0 -9999.0 -9999.0 -9999.0 -9999.0 -9999.0 -9999.0 -9999.0 -9999.0 -9999.0 -9999.0 -9999.0 -9999.0 -9999.0 -9999.0
-9999.0 -9999.0 -9999.0 -9999.0 -9999.0 -9999.0 -9999.0 -9999.0 -9999.0 -9999.0 -9999.0 -9999.0 -9999.0 -9999.0 -9999.0 -9999.0 -9999.0 -9999.0 -428.078549 -495.912039 -9999.0 -593.961271 -593.969186 -752.035996 -296.071220 -818.844477 -1392.603501 -1394.160727 -216.025843 -677.128802 -593.377959 -593.595743 -593.131080 -593.217119 -9999.0 -9999.0 -9999.0 -9999.0 -9999.0 -9999.0 -9999.0 -9999.0 -9999.0 -9999.0 -9999.0 -9999.0 -9999.0 -9999.0 -9999.0 -9999.0 -9999.0 -9999.0 -9999.0 -9999.0 -9999.0 -9999.0 -9999.0 -9999.0
-9999.0 -9999.0 -9999.0 -9999.0 -9999.0 -9999.0 -9999.0 -9999.0 -9999.0 -9999.0 -9999.0 -9999.0 -9999.0 -9999.0 -9999.0 -9999.0 -9999.0 -235.748603 -538.543373 -751.373425 -591.356710 -1426.712443 -594.902078 -652.025393 -393.625057 -683.143992 -635.255279 -614.133165 -616.658050 -1407.563970 -594.080081 -593.447369 -590.990554 -592.585168 -583.401137 -582.291851 -9999.0 -9999.0 -9999.0 -9999.0 -9999.0 -9999.0 -9999.0 -9999.0 -9999.0 -9999.0 -9999.0 -9999.0 -9999.0 -9999.0 -9999.0 -9999.0 -9999.0 -9999.0 -9999.0 -9999.0 -9999.0 -9999.0
-9999.0 -9999.0 -9999.0 -9999.0 -9999.0 -9999.0 -9999.0 -9999.0 -9999.0 -9999.0 -9999.0 -9999.0 -9999.0 -593.748988 -555.608922 -802.233420 -1134.700100 -592.156475 -235.313096 -757.987620 -377.575814 -345.252934 -818.062441 -308.442054 -673.541128 -593.612908 -609.769113 -613.263429 -611.145262 -608.026999 -613.167566 -593.765962 -589.525104 -581.700388 -582.060370 -582.136855 -9999.0 -9999.0 -9999.0 -9999.0 -9999.0 -9999.0 -9999.0 -9999.0 -9999.0 -9999.0 -9999.0 -9999.0 -9999.0 -9999.0 -9999.0 -9999.0 -9999.0 -9999.0 -9999.0 -9999.0 -9999.0 -9999.0
-9999.0 -9999.0 -9999.0 -9999.0 -9999.0 -9999.0 -9999.0 -9999.0 -9999.0 -9999.0 -9999.0 -9999.0 -9999.0 -594.216823 -298.495897 -1041.328234 -1061.014246 -428.220901 -591.581751 -496.820596 -3021.187134 -593.658488 -437.772427 -667.543276 -640.719162 -611.220789 -593.559024 -582.708389 -582.257937 -597.247789 -615.614782 -581.849485 -582.056615 -582.012148 -582.048276 -9999.0 -9999.0 -9999.0 -9999.0 -9999.0 -9999.0 -9999.0 -9999.0 -9999.0 -9999.0 -9999.0 -9999.0 -9999.0 -9999.0 -9999.0 -9999.0 -9999.0 -9999.0 -9999.0 -9999.0 -9999.0 -9999.0 -9999.0
-9999.0 -9999.0 -9999.0 -9999.0 -9999.0 -9999.0 -9999.0 -9999.0 -9999.0 -9999.0 -9999.0 -9999.0 -9999.0 -563.639258 -305.149563 -622.266234 -996.964033 -1000.712821 -591.253006 -251.980887 -485.567056 -612.646342 -694.455461 -638.636403 -626.692493 -625.406998 -593.307908 -582.633312 -593.569781 -582.074121 -582.140070 -582.124557 -582.187913 -582.087939 -581.954469 -9999.0 -9999.0 -9999.0 -9999.0 -9999.0 -9999.0 -9999.0 -9999.0 -9999.0 -9999.0 -9999.0 -9999.0 -9999.0 -9999.0 -9999.0 -9999.0 -9999.0 -9999.0 -9999.0 -9999.0 -9999.0 -9999.0 -9999.0
-9999.0 -9999.0 -9999.0 -9999.0 -9999.0 -9999.0 -9999.0 -9999.0 -9999.0 -9999.0 -9999.0 -9999.0 -679.612778 -298.660156 -307.334741 -623.776120 -1418.959547 -883.855776 -287.806902 -802.137355 -644.915868 -611.881619 -608.574519 -606.738837 -1420.510795 -583.021188 -607.352114 -593.812100 -593.419390 -582.429232 -582.145462 -593.536316 -593.008129 -584.247566 -9999.0 -9999.0 -9999.0 -9999.0 -9999.0 -9999.0 -9999.0 -9999.0 -9999.0 -9999.0 -9999.0 -9999.0 -9999.0 -9999.0 -9999.0 -9999.0 -9999.0 -9999.0 -9999.0 -9999.0 -9999.0 -9999.0 -9999.0 -9999.0
-9999.0 -9999.0 -9999.0 -9999.0 -9999.0 -9999.0 -9999.0 -9999.0 -9999.0 -9999.0 -9999.0 -594.118963 -626.684764 -772.477501 -618.778861 -593.859466 -607.137762 -868.987881 -319.853590 -789.857414 -1232.842359 -1400.916928 -593.544089 -584.506669 -612.792966 -593.458089 -582.726362 -593.616746 -593.675923 -582.290552 -593.181938 -593.253208 -590.053664 -584.469365 -591.870634 -593.355635 -591.680565 -592.243162 -593.184697 -9999.0 -9999.0 -9999.0 -584.555631 -9999.0 -9999.0 -9999.0 -9999.0 -9999.0 -9999.0 -9999.0 -9999.0 -9999.0 -9999.0 -9999.0 -9999.0 -9999.0 -9999.0 -9999.0
-9999.0 -9999.0 -9999.0 -9999.0 -9999.0 -9999.0 -9999.0 -9999.0 -9999.0 -9999.0 -9999.0 -593.882656 -608.308555 -657.872925 -640.666777 -587.882776 -652.016009 -667.233025 -319.534445 -485.902089 -316.003233 -592.911058 -593.917810 -603.686213 -600.482771 -584.703845 -593.428542 -593.272513 -593.021852 -584.173400 -593.330811 -593.250400 -592.479390 -593.078263 -593.390088 -592.168842 -593.282919 -593.093492 -593.948876 -592.828704 -591.922399 -590.211983 -592.253779 -584.265840 -9999.0 -9999.0 -9999.0 -858.527207 -593.969899 -594.483982 -594.251946 -594.614531 -594.313426 -604.760907 -590.445247 -585.169788 -9999.0 -9999.0
-9999.0 -9999.0 -9999.0 -9999.0 -9999.0 -9999.0 -9999.0 -9999.0 -9999.0 -9999.0 -9999.0 -593.950337 -593.954637 -603.631374 -1430.820001 -592.331116 -652.712256 -555.675080 -361.354580 -319.546104 -354.262252 -665.170421 -679.913982 -593.940831 -584.298888 -592.446168 -661.936634 -599.670164 -584.101999 -585.564416 -583.252026 -610.774005 -593.092798 -593.286074 -588.889471 -592.810673 -835.248538 -798.617884 -592.994536 -592.072376 -593.958088 -591.926728 -592.233660 -593.139506 -593.854015 -9999.0 -586.054343 -593.801266 -593.928421 -594.035761 -593.736335 -594.008989 -610.285818 -577.803395 -619.155759 -617.269091 -9999.0 -9999.0
-9999.0 -9999.0 -9999.0 -9999.0 -9999.0 -9999.0 -9999.0 -9999.0 -9999.0 -9999.0 -9999.0 -9999.0 -594.133215 -1433.839258 -587.686586 -594.307997 -657.219873 -599.359482 -475.007909 -294.046726 -539.239689 -677.958713 -688.633464 -670.265340 -608.046008 -656.656730 -347.660439 -583.715525 -585.614482 -593.619673 -593.371876 -635.986269 -593.157411 -593.285244 -587.044728 -592.360815 -607.297106 -701.299591 -591.890177 -592.767825 -592.034315 -592.361284 -674.329764 -568.039586 -593.007475 -593.793494 -594.012425 -593.965853 -609.952432 -642.928148 -1418.167027 -597.069645 -874.564669 -1148.639900 -594.356500 -594.060670 -619.705905 -9999.0
-9999.0 -9999.0 -9999.0 -9999.0 -9999.0 -9999.0 -9999.0 -9999.0 -9999.0 -9999.0 -9999.0 -1454.498422 -593.414805 -592.829683 -661.438584 -659.366494 -635.718277 -618.090894 -300.503487 -242.808716 -612.476938 -419.758488 -619.534065 -624.973025 -650.798310 -520.874644 -1428.818357 -583.992216 -593.212351 -592.842866 -675.773907 -665.426830 -593.934157 -593.599816 -583.032685 -592.950832 -590.048163 -613.376510 -241.370361 -592.756399 -678.772157 -656.556833 -617.314955 -691.275673 -592.964136 -593.745890 -593.865657 -593.594712 -593.837418 -644.997197 -588.338975 -591.666580 -594.218960 -584.261700 -587.085528 -584.226124 -594.438245 -9999.0
-9999.0 -9999.0 -9999.0 -9999.0 -9999.0 -9999.0 -9999.0 -9999.0 -9999.0 -9999.0 -1444.795663 -636.187253 -594.746261 -593.762874 -547.287616 -554.662765 -608.554510 -684.563129 -887.788692 -277.611593 -349.235432 -615.876761 -727.748500 -405.025078 -526.962603 -1425.323276 -597.268745 -595.693189 -592.966126 -593.440963 -655.622574 -605.955612 -593.412043 -585.894862 -582.164277 -591.841624 -591.322863 -618.159534 -820.048843 -744.723458 -779.700534 -604.809856 -584.299171 -226.375590 -642.766653 -592.840143 -593.862755 -666.583925 -605.264123 -661.977293 -600.267414 -584.565768 -586.500356 -584.293080 -584.964840 -619.309360 -619.169606 -9999.0
-9999.0 -9999.0 -9999.0 -9999.0 -9999.0 -9999.0 -9999.0 -9999.0 -9999.0 -592.570058 -1446.496699 -1439.433899 -592.218074 -638.951678 -1431.521090 -607.571928 -599.591442 -446.103321 -550.213155 -247.221626 -301.698270 -685.698695 -983.133896 -449.289281 -1412.791679 -605.218931 -628.997489 -593.134924 -697.487493 -515.074229 -592.212005 -609.813979 -582.541924 -582.443510 -585.858800 -583.868427 -593.357796 -608.080072 -599.233886 -611.759955 -776.339570 -603.072487 -604.753193 -609.230734 -1576.039598 -758.735281 -583.802640 -665.881319 -629.393408 -630.960327 -618.001576 -594.167427 -584.276486 -586.774228 -591.336571 -600.583794 -597.640359 -594.353676
-9999.0 -9999.0 -9999.0 -9999.0 -9999.0 -9999.0 -9999.0 -9999.0 -9999.0 -592.864032 -593.374144 -593.397148 -298.781717 -592.162963 -672.644537 -638.795542 -361.502318 -643.804998 -561.887211 -284.792796 -282.157990 -344.154561 -1131.164384 -476.559958 -605.063327 -655.261203 -614.081415 -524.170461 -372.429715 -1403.063345 -593.640617 -620.825203 -584.425416 -593.959938 -593.346592 -591.657422 -592.641962 -592.432850 -583.726605 -593.502717 -1436.437939 -593.038287 -673.334401 -589.981828 -234.961577 -341.377549 -435.254126 -783.520317 -722.961006 -587.070601 -616.252182 -606.380201 -585.771315 -585.767021 -585.129303 -1437.429363 -619.782905 -641.000667
-9999.0 -9999.0 -9999.0 -9999.0 -9999.0 -9999.0 -9999.0 -9999.0 -9999.0 -9999.0 -593.579835 -593.443061 -609.539642 -275.742286 -698.367410 -667.879151 -589.208016 -362.546882 -565.001556 -278.711959 -365.008321 -943.616549 -535.236177 -659.463074 -645.534102 -561.511395 -364.076813 -408.626339 -593.743151 -599.905068 -597.487644 -1430.035758 -589.835981 -583.998871 -593.121227 -593.885286 -593.904693 -593.745473 -593.522606 -583.420527 -582.787071 -593.775343 -593.725114 -599.537515 -618.366572 -652.622121 -900.767505 -345.543009 -859.188763 -752.791045 -649.288036 -607.900432 -594.542585 -585.896468 -594.052687 -588.559009 -594.138884 -629.640754
-9999.0 -9999.0 -9999.0 -9999.0 -9999.0 -9999.0 -9999.0 -9999.0 -9999.0 -9999.0 -593.572991 -593.508374 -593.996639 -605.458367 -318.154459 -426.621722 -729.359057 -737.141145 -967.328980 -288.013613 -1029.730507 -489.381616 -490.455527 -619.935576 -566.095372 -387.569620 -453.625385 -532.599575 -614.841317 -588.804839 -584.335800 -593.978756 -599.479624 -584.146271 -584.261317 -593.233756 -699.382516 -654.749699 -610.940208 -585.035550 -593.796371 -593.918820 -598.068342 -585.574108 -1426.906173 -617.719383 -601.748021 -633.468895 -1126.591783 -784.529027 -1515.418277 -609.605197 -609.567379 -594.583498 -584.514367 -594.472390 -592.360643 -615.645284
-9999.0 -9999.0 -9999.0 -9999.0 -9999.0 -9999.0 -9999.0 -9999.0 -595.021351 -593.727002 -592.064918 -593.996188 -601.286633 -612.215903 -645.494767 -257.836364 -479.197310 -341.348945 -371.443990 -382.220705 -961.307017 -628.041464 -617.004928 -488.181405 -414.061105 -727.822515 -340.411688 -608.889889 -598.620022 -593.753302 -583.111963 -584.502929 -586.982940 -588.670429 -593.834350 -583.592109 -593.862553 -645.591496 -603.379527 -593.892303 -586.295820 -593.804890 -585.868702 -583.278095 -593.761562 -594.152908 -599.060063 -600.216867 -706.159358 712.985294 -341.193727 -709.250607 -607.240358 -600.327295 -593.900319 -619.556592 -593.882795 -357.490328
-9999.0 -9999.0 -9999.0 -9999.0 -9999.0 -9999.0 -9999.0 -9999.0 -595.389853 -649.093874 -621.658362 -587.352127 -592.760735 -604.620566 -675.942734 -536.506535 -412.910379 -474.995582 -2179.080199 -409.769271 -340.313064 -304.637245 -589.782330 -423.925685 -716.282425 -915.106670 -389.939622 -615.417625 -588.493665 -593.846935 -593.873809 -593.140016 -593.893518 -594.227267 -594.131165 -593.977181 -593.781235 -657.284557 -610.662229 -593.902772 -589.050078 -583.537568 -584.523396 -593.955301 -586.337404 -599.497760 -586.483738 -586.245054 -601.744528 -402.777639 -358.774136 -638.427713 -614.296220 -612.594113 -593.832328 -636.004957 -666.045216 -658.801770
-9999.0 -9999.0 -9999.0 -9999.0 -9999.0 -9999.0 -9999.0 -9999.0 -593.138098 -593.657159 -594.124795 -606.944490 -594.049652 -592.173507 -586.402481 -798.365426 -557.013343 -424.020364 -472.119096 -314.699814 -429.609275 -311.765783 -581.512088 -686.021041 -472.813254 -548.911835 -392.204085 -636.432518 -599.024818 -593.232841 -593.291547 -593.963581 -616.436432 -617.120861 -594.392064 -593.556497 -605.865604 -830.819951 -623.680326 -604.465816 -594.451648 -594.231592 -594.670330 -594.025202 -595.479878 -594.056593 -593.985756 -576.283799 -594.877533 -697.040365 639.980813 -330.176849 -663.693607 -631.687588 -658.304828 -291.095832 -311.637454 -315.985663
-9999.0 -9999.0 -9999.0 -9999.0 -9999.0 -9999.0 -9999.0 -9999.0 -583.389857 -593.674590 -681.735291 -607.858588 -548.694576 -1034.345156 -835.512572 -506.662840 -3134.780638 -482.946005 -242.149064 -319.076784 -343.646919 -125.882527 253.289686 -363.578799 -615.808692 -350.647470 -526.725928 -645.432525 -444.476212 -670.433308 -627.362624 -638.789522 -712.961323 -663.912605 -609.856815 -593.759790 -593.714519 -358.965983 -641.817984 -606.893494 -593.970498 -593.974239 -593.923910 -593.532087 -596.128420 -593.874268 -594.953071 -593.847463 -595.271193 -636.249117 -356.080468 -403.051482 -357.401726 -159.131371 -306.678198 -293.120530 -365.610197 427.367173
-9999.0 -9999.0 -9999.0 -9999.0 -9999.0 -9999.0 -9999.0 -9999.0 -593.817486 -593.994583 -919.179403 -746.989481 -847.806589 -445.427250 -309.022199 -410.946351 -256.684637 -526.044795 -424.555211 -470.452600 -768.679334 -75.570030 -88.186271 -287.510278 -318.509691 -336.562418 -771.473329 -531.061339 -444.694143 -409.655453 -674.378236 -399.906017 -732.800651 -485.363937 -643.644673 -638.731382 -640.212351 -325.404848 -883.656740 -622.182872 -630.324436 -627.311905 -678.163600 -661.929974 -612.569755 -593.756030 -655.583586 -678.888621 -674.942591 -722.670134 -773.762089 -481.866608 -382.240019 -310.233666 -189.919095 358.802928 -100.458061 -97.999874
-9999.0 -9999.0 -593.332563 -594.081441 -606.742158 -630.168961 -623.110834 -625.187423 -593.980668 -594.102761 -601.810616 -293.041964 -407.859685 -327.477214 -287.757734 -273.778288 -713.376026 -609.552829 -602.158258 -380.579960 -464.854256 -729.904881 -102.796717 -58.500111 -254.503263 -480.556370 -389.235384 -435.677904 -504.871029 -305.668365 -597.857672 -428.140852 -179.705530 -436.761468 -338.494831 -407.519505 -316.513317 -331.419011 -861.212027 -700.619997 -665.459314 -726.057207 -1262.197706 -365.187484 -753.468752 -685.315523 -325.171094 -160.587159 -881.688495 -402.411941 -362.433463 342.042510 92.073763 -64.177626 775.710656 672.804370 502.173983 -154.520829
