erum2020/resources/simulation/Vinschgau/output-maps/psiL0002N0980.asc
ncols         63
nrows         48
xllcorner     598000.000000
yllcorner     5145000.000000
cellsize      1000.000000
NODATA_value  -9999.0
[rows 0 to 24 of 48, columns 0 to 55 of 63]
-9999.0 -9999.0 -9999.0 -9999.0 -9999.0 -9999.0 -9999.0 -9999.0 -9999.0 -9999.0 -9999.0 -9999.0 -9999.0 -9999.0 -9999.0 -9999.0 -9999.0 -9999.0 -9999.0 -9999.0 -9999.0 -9999.0 -9999.0 -9999.0 -9999.0 -9999.0 -9999.0 -9999.0 -9999.0 -9999.0 -9999.0 -9999.0 -9999.0 -9999.0 -9999.0 -9999.0 -9999.0 -9999.0 -9999.0 -9999.0 -9999.0 -9999.0 -9999.0 -9999.0 -9999.0 -9999.0 -9999.0 -9999.0 -9999.0 -9999.0 -9999.0 -9999.0 -9999.0 -9999.0 -9999.0 -9999.0
-9999.0 -9999.0 -9999.0 -9999.0 -9999.0 -9999.0 -9999.0 -9999.0 -9999.0 -9999.0 -9999.0 -9999.0 -9999.0 -9999.0 -9999.0 -9999.0 -9999.0 -9999.0 -9999.0 -9999.0 -9999.0 -9999.0 -9999.0 -9999.0 -9999.0 -9999.0 -9999.0 406716.582278 1136075.449965 631758.653765 1148809.612821 1192627.700334 1091528.725101 -9999.0 -9999.0 -9999.0 -9999.0 -9999.0 -9999.0 -9999.0 -9999.0 -9999.0 -9999.0 -9999.0 -9999.0 -9999.0 -9999.0 -9999.0 -9999.0 -9999.0 -9999.0 -9999.0 -9999.0 -9999.0 -9999.0 -9999.0
-9999.0 -9999.0 -9999.0 -9999.0 -9999.0 -9999.0 -9999.0 -9999.0 -9999.0 -9999.0 -9999.0 -9999.0 -9999.0 -9999.0 -9999.0 -9999.0 -9999.0 -9999.0 -9999.0 -9999.0 -9999.0 -9999.0 -9999.0 -9999.0 1134731.737437 1110507.414185 1077856.574927 1123402.206916 1120775.216943 1033055.487354 1189568.372088 -9999.0 -9999.0 -9999.0 -9999.0 -9999.0 -9999.0 -9999.0 -9999.0 -9999.0 -9999.0 -9999.0 -9999.0 -9999.0 -9999.0 -9999.0 -9999.0 -9999.0 -9999.0 -9999.0 -9999.0 -9999.0 -9999.0 -9999.0 -9999.0 -9999.0
-9999.0 -9999.0 -9999.0 -9999.0 -9999.0 -9999.0 -9999.0 -9999.0 -9999.0 -9999.0 -9999.0 -9999.0 -9999.0 -9999.0 -9999.0 -9999.0 -9999.0 -9999.0 -9999.0 -9999.0 -9999.0 -9999.0 -9999.0 1121060.539612 1069253.965994 -798.001425 -906.747835 -2481.592077 -399.297560 1127806.743164 1182429.376280 1127607.296360 -9999.0 -9999.0 -9999.0 -9999.0 -9999.0 -9999.0 -9999.0 -9999.0 -9999.0 -9999.0 -9999.0 -9999.0 -9999.0 -9999.0 -9999.0 -9999.0 -9999.0 -9999.0 -9999.0 -9999.0 -9999.0 -9999.0 -9999.0 -9999.0
-9999.0 -9999.0 -9999.0 -9999.0 -9999.0 -9999.0 -9999.0 -9999.0 -9999.0 -9999.0 -9999.0 -9999.0 -9999.0 -9999.0 -9999.0 -9999.0 -9999.0 -9999.0 -332.653037 1101008.595302 -9999.0 1129183.194165 1085345.802281 -359.225794 -718.459990 -2550.325562 345.851355 595.927633 123.505567 61231.810504 1050786.172926 1190060.601538 384704.019235 319618.843023 -9999.0 -9999.0 -9999.0 -9999.0 -9999.0 -9999.0 -9999.0 -9999.0 -9999.0 -9999.0 -9999.0 -9999.0 -9999.0 -9999.0 -9999.0 -9999.0 -9999.0 -9999.0 -9999.0 -9999.0 -9999.0 -9999.0
-9999.0 -9999.0 -9999.0 -9999.0 -9999.0 -9999.0 -9999.0 -9999.0 -9999.0 -9999.0 -9999.0 -9999.0 -9999.0 -9999.0 -9999.0 -9999.0 -9999.0 -2826.333678 -2419.606986 -581.569863 2192.461106 721274.017622 102107.793099 176.383265 177.269510 6836.038297 1767714.750958 146038.205346 1573703.315883 939.106187 609975.516534 636836.129263 534722.547550 306213.566478 282043.986348 274945.490432 -9999.0 -9999.0 -9999.0 -9999.0 -9999.0 -9999.0 -9999.0 -9999.0 -9999.0 -9999.0 -9999.0 -9999.0 -9999.0 -9999.0 -9999.0 -9999.0 -9999.0 -9999.0 -9999.0 -9999.0
-9999.0 -9999.0 -9999.0 -9999.0 -9999.0 -9999.0 -9999.0 -9999.0 -9999.0 -9999.0 -9999.0 -9999.0 -9999.0 106248.480792 1062.918137 -1895.707302 -2807.415982 -5849.261348 -2774.090695 -1850.228110 -682.401601 -150.057160 -664.744146 175.486182 30876.277410 1096134.329712 462419.551473 1211635.313423 1301148.540541 464743.491576 1122332.224296 1161504.820120 1130948.440474 1127213.938220 989501.775411 331378.755801 -9999.0 -9999.0 -9999.0 -9999.0 -9999.0 -9999.0 -9999.0 -9999.0 -9999.0 -9999.0 -9999.0 -9999.0 -9999.0 -9999.0 -9999.0 -9999.0 -9999.0 -9999.0 -9999.0 -9999.0
-9999.0 -9999.0 -9999.0 -9999.0 -9999.0 -9999.0 -9999.0 -9999.0 -9999.0 -9999.0 -9999.0 -9999.0 -9999.0 43005.016698 -783.476133 -2323.888242 -2749.303392 -663.216844 -5849.308774 -1398.544507 -2761.304900 -710.400071 -725.669946 -478.262626 16411.013732 619223.897111 1111354.910539 546501.876128 435123.282272 1363108.212487 1315962.454906 1155010.858190 431602.637236 -46.699117 253250.692865 -9999.0 -9999.0 -9999.0 -9999.0 -9999.0 -9999.0 -9999.0 -9999.0 -9999.0 -9999.0 -9999.0 -9999.0 -9999.0 -9999.0 -9999.0 -9999.0 -9999.0 -9999.0 -9999.0 -9999.0 -9999.0
-9999.0 -9999.0 -9999.0 -9999.0 -9999.0 -9999.0 -9999.0 -9999.0 -9999.0 -9999.0 -9999.0 -9999.0 -9999.0 -944.417243 615.694100 -1294.471943 -2387.747743 -2668.300368 -5879.188565 -2773.475500 -552.606490 -19.621518 17292.181633 1105928.165835 -36.183520 11146.320190 357515.546157 417324.476913 1171508.285835 -42.718980 991838.860479 -21.838987 -38.170385 -24.855530 277633.644439 -9999.0 -9999.0 -9999.0 -9999.0 -9999.0 -9999.0 -9999.0 -9999.0 -9999.0 -9999.0 -9999.0 -9999.0 -9999.0 -9999.0 -9999.0 -9999.0 -9999.0 -9999.0 -9999.0 -9999.0 -9999.0
-9999.0 -9999.0 -9999.0 -9999.0 -9999.0 -9999.0 -9999.0 -9999.0 -9999.0 -9999.0 -9999.0 -9999.0 980.455071 6632.846267 -819.539698 -163.539018 -964.076377 -1927.095749 -761.700881 -5438.328421 -570.051251 606868.300989 1102911.727655 1258957.706134 1251962.601296 1164973.795597 1246127.648028 1205008.737017 1115411.819530 554854.863592 7131.484773 361948.503304 830890.524173 312892.544982 -9999.0 -9999.0 -9999.0 -9999.0 -9999.0 -9999.0 -9999.0 -9999.0 -9999.0 -9999.0 -9999.0 -9999.0 -9999.0 -9999.0 -9999.0 -9999.0 -9999.0 -9999.0 -9999.0 -9999.0 -9999.0 -9999.0
-9999.0 -9999.0 -9999.0 -9999.0 -9999.0 -9999.0 -9999.0 -9999.0 -9999.0 -9999.0 -9999.0 26722.367019 -468.112795 280.815682 -710.432724 629.592061 -4681.680687 -1818.318235 -395.311735 -57.543069 -2565.436227 744.009995 1139591.456215 1205377.859088 349633.226860 1213192.746628 973826.226367 1168212.017806 1007881.346935 366405.332143 385572.786030 609356.735397 391062.137732 343039.980564 371688.397042 392941.324108 1178366.885623 1193157.010691 1210345.885068 -9999.0 -9999.0 -9999.0 332437.248618 -9999.0 -9999.0 -9999.0 -9999.0 -9999.0 -9999.0 -9999.0 -9999.0 -9999.0 -9999.0 -9999.0 -9999.0 -9999.0
-9999.0 -9999.0 -9999.0 -9999.0 -9999.0 -9999.0 -9999.0 -9999.0 -9999.0 -9999.0 -9999.0 640864.241374 -621.003168 -782.463918 -1073.599280 8223.424440 -2590.869799 -2689.314778 -674.054246 -579.524877 -412.864625 39193.038100 1141177.948390 1334969.075134 1304378.126808 1201075.515183 1205103.968689 1190126.804590 944239.025906 384380.136135 1061666.771575 927837.248249 1168493.274025 1066763.726558 1038101.792040 1186018.512382 1130566.068350 820137.995661 913019.351109 369952.708010 387386.362635 373345.932864 1085539.574713 386187.564863 -9999.0 -9999.0 -9999.0 926894.798224 1033899.262237 443609.971611 1107329.700690 348651.907427 362491.275278 964347.807071 991441.182164 375278.750047
-9999.0 -9999.0 -9999.0 -9999.0 -9999.0 -9999.0 -9999.0 -9999.0 -9999.0 -9999.0 -9999.0 756937.622876 500626.691423 593913.122608 836.353031 1339.761861 -398.483989 -1845.018926 -684.332142 -672.496878 -736.596338 17040.320482 1349362.187729 1008556.885875 1163573.295502 428165.673292 1356273.832666 1272599.189023 431727.347998 1099053.944421 449412.974705 1265735.142046 987562.446319 1142346.723268 421262.319498 841727.339046 1272309.203223 1203431.430081 762000.585913 377236.133647 1140534.327395 1197726.463455 1188171.806591 1223074.838189 1135996.805373 -9999.0 333956.925682 1068161.686899 1118687.589129 1107929.448307 1121562.761853 579563.187417 1103548.026893 1105020.801969 1099035.186858 1014904.898273
-9999.0 -9999.0 -9999.0 -9999.0 -9999.0 -9999.0 -9999.0 -9999.0 -9999.0 -9999.0 -9999.0 -9999.0 698909.489108 1175439.421448 35629.174376 56197.891278 -98.435364 -1913.299340 -589.309760 -618.729970 -940.644274 1652.875445 695987.742359 1219189.199832 1344872.639640 1362408.324189 -217.984118 1076288.995636 1133164.681185 395934.190116 1186938.707352 1273398.419600 1203054.854704 1175750.010707 1150374.232807 1200074.551700 1347898.143200 907423.894813 3288.497505 846073.476478 859759.078345 432247.972304 1245646.260402 1146499.481589 400090.261384 1053218.303922 368711.530587 1105708.839657 1224656.671257 1227646.554570 1161204.734485 1160595.676308 1162205.412091 1159523.213633 1132937.273876 1102854.910817
-9999.0 -9999.0 -9999.0 -9999.0 -9999.0 -9999.0 -9999.0 -9999.0 -9999.0 -9999.0 -9999.0 1299264.264023 1187506.118271 592471.965041 1232067.497591 22640.289783 1046.107781 -980.636084 -571.092678 -1703.873530 -1574.946695 -560.133332 140989.960935 1343248.666528 1357212.933491 1314479.447403 1365132.124361 1213017.648846 1178830.823191 462704.062178 1359417.756112 1277596.855955 616932.264284 1185838.792243 1046634.418383 1194347.130994 1222249.262467 992153.267382 18801.995649 520827.682634 1046240.758271 237931.549796 1169808.690719 398149.574127 1093761.185183 1207441.797399 1163995.276548 502839.903947 501137.867570 1005732.811837 422617.086264 1204636.894827 103721.483117 -25.732220 -25.908149 -24.892972
-9999.0 -9999.0 -9999.0 -9999.0 -9999.0 -9999.0 -9999.0 -9999.0 -9999.0 -9999.0 265986.016997 1142725.454596 1132609.975820 1127994.288784 9360.652563 1085068.252628 1096976.232637 -76.098977 -2230.751077 -1607.225550 -473.403792 -265.522053 1889303.651074 806782.051359 423100.424775 1179339.014454 1353030.138077 425019.609717 1212617.398421 1166926.865323 451233.190324 448291.447826 1207617.769567 1168735.679387 369597.131632 429183.551410 1093105.574369 1164801.114446 1414954.863823 1601.936379 1042.422924 -33.862547 -15.238455 -461.153856 1006563.554440 436023.964481 1131909.714095 1303347.528211 1234917.493421 355347.828892 142983.564764 397695.240080 -14.604137 -19.939837 -13.005899 1006761.501638
-9999.0 -9999.0 -9999.0 -9999.0 -9999.0 -9999.0 -9999.0 -9999.0 -9999.0 1194051.587259 1173024.402435 158998.765352 653646.466676 1327875.695273 1271887.318322 1197703.869781 1126454.270362 629.939829 -2043.105932 -2209.724762 -533.092933 -1337.350659 -261.250523 644.839662 12405.554218 1925841.802245 1385711.419134 1138083.522666 1300793.132026 529362.398003 6890.463672 1812951.310880 446005.523654 -24.964281 347233.502294 396813.492878 588882.956473 1382451.139280 1327502.666406 1283593.062529 578455.337596 1922185.714850 1937456.915228 -1044.857197 -622.404495 1039393.460884 172698.180640 1308992.770485 1309729.965140 4833.579224 1042362.235583 344802.792992 -12.162241 324924.447093 355663.269877 -95.944858
-9999.0 -9999.0 -9999.0 -9999.0 -9999.0 -9999.0 -9999.0 -9999.0 -9999.0 339053.479515 832184.765018 1140359.211340 19374.597091 94860.862554 1186634.663152 1314749.401878 64408.146766 948.835877 -2410.468863 -779.277919 -674.082497 -932.724017 -251.506608 26075.131435 1924870.265025 1399717.414819 1334112.036787 403571.723045 1220.538124 18750.704122 336644.588587 1696710.109065 1069908.936267 1140599.320853 1186716.717216 423590.312955 437776.866657 432139.520081 1203723.343709 1218326.745486 1250446.675896 1386667.861033 1282187.370207 1091.107900 -699.757778 -465.801237 -380.643970 841.394436 103375.134456 3491.810231 1848310.598128 1158082.569641 358361.146778 965527.088847 768934.246536 279939.462220
-9999.0 -9999.0 -9999.0 -9999.0 -9999.0 -9999.0 -9999.0 -9999.0 -9999.0 -9999.0 1163942.276539 1128487.398138 1011209.485759 1189167.130198 59945.999361 1059372.386803 148303.532252 -434.426252 -2664.431697 -976.418300 -589.538071 -2510.659924 24639.954143 1834062.709291 1360270.750995 962809.814918 4532.892557 524.769014 441288.220389 1893827.351552 1863287.846494 1741916.210250 1272222.851244 1137104.775886 1111986.469824 1064773.044692 1119000.761315 1127895.722230 445078.524231 1147993.322604 1244417.598697 1150289.009630 855938.910685 1070449.540523 1748.648300 148.525258 -812.788441 -370.582726 -420.041910 4587.081897 1763651.738208 686802.359620 333388.725789 316323.580556 917099.043738 1042182.999866
-9999.0 -9999.0 -9999.0 -9999.0 -9999.0 -9999.0 -9999.0 -9999.0 -9999.0 -9999.0 1083491.265066 1124069.077135 1107646.477504 534069.887380 206.795620 218.170854 906.097645 -1631.999277 -2334.325893 -2762.762541 -2734.177123 -1599.841496 116423.932833 1109510.784061 924537.975182 1553.457292 13.496974 1821.628025 1830673.093030 1316762.264015 1187249.264737 1111416.547122 380496.775995 1145846.399121 1239968.923812 1175666.793057 375127.932140 1189849.150819 1346740.414819 1207259.056367 1228369.016235 1222017.731223 1301937.011877 1205978.583660 1046112.541800 1914837.040386 282242.399758 1634.759516 -1050.968990 -193.620482 19450.802798 1204569.711250 1104824.182696 425532.142535 316898.124853 329740.564144
-9999.0 -9999.0 -9999.0 -9999.0 -9999.0 -9999.0 -9999.0 -9999.0 1173544.363128 1202438.913938 1138932.658200 1152952.851491 1116385.845475 1321709.593392 1032612.776494 -579.316747 -2281.376670 -1022.702822 -1351.066632 -2875.808389 -2952.000782 -2803.555965 -2373.816044 -1211.575533 782.700780 -326.887180 187.937299 1952230.170226 1377781.943462 1274439.499689 -23.722145 1057111.441956 1163308.489397 1160593.031101 1183551.966322 1251007.868234 481766.263209 1200072.453386 1914612.418285 417727.754191 453428.689323 894597.142656 575561.371783 452198.473851 432535.565424 357493.886662 1887399.508222 1386429.017381 579.720040 -219.651807 1649.763406 1569179.291398 708353.631592 1025599.037374 345445.188960 1129163.154500
-9999.0 -9999.0 -9999.0 -9999.0 -9999.0 -9999.0 -9999.0 -9999.0 -125.303832 1027376.257414 1291982.605681 1144990.022690 1176513.556113 1204269.675997 1924375.413105 162.070639 -1537.618486 -1964.310850 -2952.300951 -2910.659559 -786.967515 -969.507949 -973.692102 -1024.416073 -2462.445446 -955.147038 -455.226534 1185661.907444 181374.421917 1179283.308241 1137266.211569 403873.041432 796901.037633 416236.203531 990435.544178 1191200.489734 591822.350681 381952.822419 1326165.276849 1230444.850769 1244534.510767 5906.669289 438613.893187 1140395.764023 1043199.183653 1306076.939929 461989.550960 1204065.638516 1259981.200079 -547.212099 12.212704 1262071.991644 794931.528822 1101595.192339 1196300.227672 56185.885261
-9999.0 -9999.0 -9999.0 -9999.0 -9999.0 -9999.0 -9999.0 -9999.0 1210205.753833 1064890.903770 1159025.411014 1274853.578103 1163253.182481 462810.704368 1355112.877590 1923931.004961 -176.790452 -860.318479 -2898.810618 -869.911640 -2946.839796 -1606.790425 -1203.748423 -2666.468021 -806.802561 -1694.422237 240.420671 1966529.850656 327124.385203 1130818.568101 411351.915142 959812.254006 1282181.601157 1358299.369250 1177446.075206 1089443.956677 55373.647474 -145.377503 120721.829868 1338523.669194 1223617.043725 425901.126241 1104468.603622 1013357.256500 1278688.216787 1125860.570411 408900.152151 1193127.084473 1380897.696979 9552.324138 -495.919662 4074.644093 531126.741044 953893.874158 295873.246637 258291.485184
-9999.0 -9999.0 -9999.0 -9999.0 -9999.0 -9999.0 -9999.0 -9999.0 413689.482028 1136057.648964 556686.322271 226265.512485 1062726.020027 1255131.803463 1860366.248077 260.171319 -2745.284917 -2819.271646 -660.082824 -2920.888043 -2838.573706 -2836.701460 -1344.438528 -2278.976707 -2159.968330 -754.629796 1505547.883333 1945192.994445 1127327.024491 1467143.781080 1390416.672429 1394690.322738 154947.781263 1206021.347546 1411418.708161 1058405.830606 371.263589 -1494.503401 -408.398189 750814.914479 1201912.927647 1187339.991189 1215801.403818 434338.518107 1152017.077404 436726.603902 1140558.592991 464748.451471 1176542.754597 1386038.813357 4346.151576 -424.988884 4164.954104 222564.869341 2439.877562 14.461274
-9999.0 -9999.0 -9999.0 -9999.0 -9999.0 -9999.0 -9999.0 -9999.0 1087286.989764 1223943.681336 -483.920769 1943005.359139 1864524.459406 1721654.614249 11148.126962 -292.203356 -304.282094 -1403.543664 -945.214044 -1981.181011 -2703.304047 -2472.328132 -2731.708515 -2679.503909 -684.060897 -185.285111 1941679.147489 969203.281567 47391.938039 340842.360159 1897470.350355 3342.441416 19.020418 476.889430 3095.862316 265.061933 -589.688147 -2307.741297 -2624.347795 -235.834107 1384.063846 6412.934583 144630.476050 87083.575700 1351032.926631 1102406.738296 1263532.096272 1116708.677375 1270893.663535 7106.500532 -317.432867 -881.477905 -542.234530 -421.579623 58.668246 49.474970
