erum2020/resources/simulation/Vinschgau/output-maps/psiL0006N0543.asc
ncols         63
nrows         48
xllcorner     598000.000000
yllcorner     5145000.000000
cellsize      1000.000000
NODATA_value  -9999.0
[rows 0 to 25 of 48, columns 0 to 58 of 63]
-9999.0 -9999.0 -9999.0 -9999.0 -9999.0 -9999.0 -9999.0 -9999.0 -9999.0 -9999.0 -9999.0 -9999.0 -9999.0 -9999.0 -9999.0 -9999.0 -9999.0 -9999.0 -9999.0 -9999.0 -9999.0 -9999.0 -9999.0 -9999.0 -9999.0 -9999.0 -9999.0 -9999.0 -9999.0 -9999.0 -9999.0 -9999.0 -9999.0 -9999.0 -9999.0 -9999.0 -9999.0 -9999.0 -9999.0 -9999.0 -9999.0 -9999.0 -9999.0 -9999.0 -9999.0 -9999.0 -9999.0 -9999.0 -9999.0 -9999.0 -9999.0 -9999.0 -9999.0 -9999.0 -9999.0 -9999.0 -9999.0 -9999.0 -9999.0
-9999.0 -9999.0 -9999.0 -9999.0 -9999.0 -9999.0 -9999.0 -9999.0 -9999.0 -9999.0 -9999.0 -9999.0 -9999.0 -9999.0 -9999.0 -9999.0 -9999.0 -9999.0 -9999.0 -9999.0 -9999.0 -9999.0 -9999.0 -9999.0 -9999.0 -9999.0 -9999.0 -798.505586 -43.743243 -800.063130 -27.692789 -219.006777 152.503693 -9999.0 -9999.0 -9999.0 -9999.0 -9999.0 -9999.0 -9999.0 -9999.0 -9999.0 -9999.0 -9999.0 -9999.0 -9999.0 -9999.0 -9999.0 -9999.0 -9999.0 -9999.0 -9999.0 -9999.0 -9999.0 -9999.0 -9999.0 -9999.0 -9999.0 -9999.0
-9999.0 -9999.0 -9999.0 -9999.0 -9999.0 -9999.0 -9999.0 -9999.0 -9999.0 -9999.0 -9999.0 -9999.0 -9999.0 -9999.0 -9999.0 -9999.0 -9999.0 -9999.0 -9999.0 -9999.0 -9999.0 -9999.0 -9999.0 -9999.0 203.988655 196.784964 195.063690 195.633406 207.393644 -3.114834 -58.799560 -9999.0 -9999.0 -9999.0 -9999.0 -9999.0 -9999.0 -9999.0 -9999.0 -9999.0 -9999.0 -9999.0 -9999.0 -9999.0 -9999.0 -9999.0 -9999.0 -9999.0 -9999.0 -9999.0 -9999.0 -9999.0 -9999.0 -9999.0 -9999.0 -9999.0 -9999.0 -9999.0 -9999.0
-9999.0 -9999.0 -9999.0 -9999.0 -9999.0 -9999.0 -9999.0 -9999.0 -9999.0 -9999.0 -9999.0 -9999.0 -9999.0 -9999.0 -9999.0 -9999.0 -9999.0 -9999.0 -9999.0 -9999.0 -9999.0 -9999.0 -9999.0 196.972259 194.178565 -964.419096 -1097.575935 -16420.845647 -724.705567 -65.379402 -45.062575 -59.278289 -9999.0 -9999.0 -9999.0 -9999.0 -9999.0 -9999.0 -9999.0 -9999.0 -9999.0 -9999.0 -9999.0 -9999.0 -9999.0 -9999.0 -9999.0 -9999.0 -9999.0 -9999.0 -9999.0 -9999.0 -9999.0 -9999.0 -9999.0 -9999.0 -9999.0 -9999.0 -9999.0
-9999.0 -9999.0 -9999.0 -9999.0 -9999.0 -9999.0 -9999.0 -9999.0 -9999.0 -9999.0 -9999.0 -9999.0 -9999.0 -9999.0 -9999.0 -9999.0 -9999.0 -9999.0 181.433205 176.393068 -9999.0 203.780001 198.863837 -1383.299652 -1025.453868 -36314.259764 -449.706436 -322.723297 -362.877723 -641.571766 -40.804234 -32.243653 -799.845280 -799.007160 -9999.0 -9999.0 -9999.0 -9999.0 -9999.0 -9999.0 -9999.0 -9999.0 -9999.0 -9999.0 -9999.0 -9999.0 -9999.0 -9999.0 -9999.0 -9999.0 -9999.0 -9999.0 -9999.0 -9999.0 -9999.0 -9999.0 -9999.0 -9999.0 -9999.0
-9999.0 -9999.0 -9999.0 -9999.0 -9999.0 -9999.0 -9999.0 -9999.0 -9999.0 -9999.0 -9999.0 -9999.0 -9999.0 -9999.0 -9999.0 -9999.0 -9999.0 -1060.614720 -516.465328 -493246.298435 -800.530634 -485.349932 -640.513765 -18913.391807 -503.444344 -769.677849 -449.891216 -310.264656 -450.626928 -358.703646 198.959021 -8.878735 -800.913711 -800.687685 -799.147350 -798.209402 -9999.0 -9999.0 -9999.0 -9999.0 -9999.0 -9999.0 -9999.0 -9999.0 -9999.0 -9999.0 -9999.0 -9999.0 -9999.0 -9999.0 -9999.0 -9999.0 -9999.0 -9999.0 -9999.0 -9999.0 -9999.0 -9999.0 -9999.0
-9999.0 -9999.0 -9999.0 -9999.0 -9999.0 -9999.0 -9999.0 -9999.0 -9999.0 -9999.0 -9999.0 -9999.0 -9999.0 -41.596699 -351.436162 -714.041157 -1007.475717 -798.519402 -1043.448470 -2982.963914 -892.323504 -1169.312493 -21059.183048 -499.069887 -620.602715 186.276006 -156335.645243 -907.867997 -1326.252323 -427.204764 6217.385872 213.469464 -15.613585 -34.128231 -798.669309 -798.162091 -9999.0 -9999.0 -9999.0 -9999.0 -9999.0 -9999.0 -9999.0 -9999.0 -9999.0 -9999.0 -9999.0 -9999.0 -9999.0 -9999.0 -9999.0 -9999.0 -9999.0 -9999.0 -9999.0 -9999.0 -9999.0 -9999.0 -9999.0
-9999.0 -9999.0 -9999.0 -9999.0 -9999.0 -9999.0 -9999.0 -9999.0 -9999.0 -9999.0 -9999.0 -9999.0 -9999.0 202.891380 -389.233911 -934.751880 -975.513024 -122.164405 -799.023515 -1266.008397 -2397.063746 -618.228689 -619.315428 -706.788552 -320.838907 -1175.217923 -75.427475 -798.851890 -798.831147 -1173.336031 181.755912 -52.716928 -798.848695 -798.735713 -798.706823 -9999.0 -9999.0 -9999.0 -9999.0 -9999.0 -9999.0 -9999.0 -9999.0 -9999.0 -9999.0 -9999.0 -9999.0 -9999.0 -9999.0 -9999.0 -9999.0 -9999.0 -9999.0 -9999.0 -9999.0 -9999.0 -9999.0 -9999.0 -9999.0
-9999.0 -9999.0 -9999.0 -9999.0 -9999.0 -9999.0 -9999.0 -9999.0 -9999.0 -9999.0 -9999.0 -9999.0 -9999.0 -502.948675 638.795478 -784.109895 -850.922641 -967.792923 -799.082299 -921.427485 184.731582 -177285.758727 -322.863086 -583.653619 -358.420543 -228.089779 -799.878780 -798.746396 -35.339899 -798.790410 -47.284851 -798.735474 -798.654686 -798.662736 -798.673448 -9999.0 -9999.0 -9999.0 -9999.0 -9999.0 -9999.0 -9999.0 -9999.0 -9999.0 -9999.0 -9999.0 -9999.0 -9999.0 -9999.0 -9999.0 -9999.0 -9999.0 -9999.0 -9999.0 -9999.0 -9999.0 -9999.0 -9999.0 -9999.0
-9999.0 -9999.0 -9999.0 -9999.0 -9999.0 -9999.0 -9999.0 -9999.0 -9999.0 -9999.0 -9999.0 -9999.0 -1311.876893 4288.843061 -339.037238 -294.732932 -294.096890 -640.061401 -273.603708 -232532.100850 -939.350390 -491.876590 -59796.207949 -354.982727 2298.349805 -58.033733 800.640211 -45.354171 -6.647457 -798.794784 -143.942751 -799.134014 -16.538834 -798.961637 -9999.0 -9999.0 -9999.0 -9999.0 -9999.0 -9999.0 -9999.0 -9999.0 -9999.0 -9999.0 -9999.0 -9999.0 -9999.0 -9999.0 -9999.0 -9999.0 -9999.0 -9999.0 -9999.0 -9999.0 -9999.0 -9999.0 -9999.0 -9999.0 -9999.0
-9999.0 -9999.0 -9999.0 -9999.0 -9999.0 -9999.0 -9999.0 -9999.0 -9999.0 -9999.0 -9999.0 211.796239 62.872683 291.699154 -277.455397 207.754661 -152584.702445 -400.853918 196.148970 -235430.372455 -697.414896 -254.265252 -21.700932 -45.204345 -734.650104 -21.130122 -73.463849 -23.636786 2188.650456 -798.698673 -799.129828 -9.049819 -798.620557 -799.264178 -799.026731 -800.858349 -259.233048 -295.195750 -697.914623 -9999.0 -9999.0 -9999.0 -799.919904 -9999.0 -9999.0 -9999.0 -9999.0 -9999.0 -9999.0 -9999.0 -9999.0 -9999.0 -9999.0 -9999.0 -9999.0 -9999.0 -9999.0 -9999.0 -9999.0
-9999.0 -9999.0 -9999.0 -9999.0 -9999.0 -9999.0 -9999.0 -9999.0 -9999.0 -9999.0 -9999.0 195.786697 -205.995105 -752.516530 -256.932330 -64.583219 -360.242010 -981.150954 -113.498843 199.050780 189.548645 -26.208008 207.517889 203.908946 208.368376 -37.272563 -32.304591 -9.332954 -798.666939 -798.919461 -14.486947 11.919519 -56.690583 -39.706410 -137.938880 -76.199057 -148.853458 -237.687744 -243.494085 -801.864656 -801.286808 -798.510175 -52.699970 -798.868940 -9999.0 -9999.0 -9999.0 201.180204 -50.119803 -798.414856 -30.606626 -798.286209 -798.253904 199.917481 218.394341 -798.791177 -9999.0 -9999.0 -9999.0
-9999.0 -9999.0 -9999.0 -9999.0 -9999.0 -9999.0 -9999.0 -9999.0 -9999.0 -9999.0 -9999.0 215.746209 193.236275 -460.635265 211.603165 -26.937435 190.551723 175.487855 193.820342 -204.514627 -184.322381 -575.707419 180.719904 207.878959 -41.158598 -800.240785 190.445142 1262.276916 -799.043903 -47.502264 -798.628035 -505.107255 -40.363767 -67.204634 -799.162325 -122.017984 -1812.254395 -115350.308413 -272.628532 -802.686234 -280.876797 -446.975572 -59.163139 -61.935306 -77.991719 -9999.0 -798.909909 -29.129442 -17.336924 -9.206797 -81.481434 -799.293352 -74.119746 -6.041965 -57.991991 -20.333466 -9999.0 -9999.0 -9999.0
-9999.0 -9999.0 -9999.0 -9999.0 -9999.0 -9999.0 -9999.0 -9999.0 -9999.0 -9999.0 -9999.0 -9999.0 213.161000 212.909063 198.287100 206.478097 183.901439 0.000000 204.300971 -66.177477 -104.395341 -550.456601 -495.809977 190.231496 193.702907 188.231133 1486.639230 -153.998152 -31.508668 -798.760776 -27.013906 219.269443 -176.961253 -55.678733 -74.503365 -120.453402 -1956.784911 -2582.998632 -1926.431416 -605.402437 -1263.826449 -800.516282 -1025.737900 -102.146356 -800.144756 -36.787927 -798.805451 -36.171113 -547.272981 190.954068 178.258284 274.465984 723.847410 265.846408 241.340726 223.535006 217.274269 -9999.0 -9999.0
-9999.0 -9999.0 -9999.0 -9999.0 -9999.0 -9999.0 -9999.0 -9999.0 -9999.0 -9999.0 -9999.0 203.225024 201.617725 -154.799151 214.101130 203.041572 198.871333 178.616070 197.489988 -354.828735 -55.424900 186.058656 192.648318 -574.340354 187.627474 192.175560 193.739076 -49.530165 -61.490665 -800.400494 182.615122 236.442616 -20.903415 -44.990954 -80.279689 -61.212528 -332.484226 -92826.219451 -1297.679755 -258.604472 -48136.341005 -2164.199497 -321.869486 -202405.779017 -46.111088 -52.900556 -9.688595 -800.329412 -800.361460 -32871.065275 -157409.282653 -48.748078 236.787790 -152803.921243 -152560.971236 -798.807157 -798.424142 -9999.0 -9999.0
-9999.0 -9999.0 -9999.0 -9999.0 -9999.0 -9999.0 -9999.0 -9999.0 -9999.0 -9999.0 1502.537900 202.829870 200.201412 202.687536 196.338785 1377.160758 1371.110346 -64.860433 -600.155806 -499.807122 204.207761 196.307986 -285.779818 185.332599 182.905993 1570.457157 -416.294012 -152780.076428 -123.979577 -29.964770 238.621476 446.290081 -24.721851 -35.381053 -798.719829 -799.999187 -130.306503 -1645.559640 -1602.990628 -1463.816027 -35584.787623 -150711.567629 -797.143588 -483.065650 -209.565910 -800.477509 -20.181050 -597.309524 184.959085 153.767974 -152897.538899 -799.007708 -152476.262320 -798.899256 -799.133393 -12.450089 -13.011870 -9999.0 -9999.0
-9999.0 -9999.0 -9999.0 -9999.0 -9999.0 -9999.0 -9999.0 -9999.0 -9999.0 -34.964374 210.357614 215.272111 190.676965 185.174190 208.318300 205.902227 184.150486 183.057295 -336.492887 -732.641614 -5.535742 -583.537769 -410.570663 -412.203318 -218.729379 -207.687273 175.204195 -25.740904 -593.523460 -70.697087 168.845520 -4579.587728 -798.586754 -798.668579 -798.712350 -799.110114 -31.826121 -574.110776 -1325.339596 -327.410769 -438.312624 -450.466440 -660.518344 -1275.252152 -584.320385 -906.657022 -35.504511 -905.309698 -828.987977 166.677229 -14363.568431 -798.533705 -798.906101 -799.085394 -798.707142 -331.167421 287.017932 -791.576414 -799.758595
-9999.0 -9999.0 -9999.0 -9999.0 -9999.0 -9999.0 -9999.0 -9999.0 -9999.0 -94.819051 -31.721076 -27.140764 3064.906617 -68.198376 19.493024 186.475939 194.232651 -94.267135 -350.092075 -686.197026 -554.439500 -629.130509 -300.685568 12.686680 -211.915853 172.350666 174.580517 -61.572514 -297.816242 -114.517698 -129.737503 -207.478235 -21.055743 -42.193115 -16.277902 -800.945547 -800.330878 -800.693460 -118.204926 -33.816284 -186.369081 -736.411989 -929.331836 -337.859079 -529.973593 -578.687278 -470.852530 -1688.317554 -1015.380314 -75.878591 -4166.995073 -353.842295 -799.007412 -46.468596 -792.623698 234.525248 -300.648019 229.904448 -796.796062
-9999.0 -9999.0 -9999.0 -9999.0 -9999.0 -9999.0 -9999.0 -9999.0 -9999.0 -9999.0 -36.687611 -16.277066 192.259945 1756.299483 -730.897943 -78.503118 181.539173 -147.294444 -412.238703 -847.194699 -403.633531 -500.705221 -74.020822 -223.081671 -81.920758 -98.631759 -162.265109 -236.631476 -118.705414 183.304599 -183.688562 2930.037778 -365.990035 -39.631000 -9.732710 -3.797067 -90.341936 178.839569 -798.930136 -38.139080 -78.298695 180.895726 3112.241350 -720.303439 -259.913099 -151.325264 -376.328757 -271.606081 -1036.903709 -574.589375 -4752.489639 -11340.581802 -798.590467 -798.970616 216.807060 -34.572424 215.326139 10982.064117 -393.091711
-9999.0 -9999.0 -9999.0 -9999.0 -9999.0 -9999.0 -9999.0 -9999.0 -9999.0 -9999.0 -25.720515 -23.846285 192.411140 195.224294 -123.824693 -233.189474 -175.173305 -513.231827 -993.358213 -914.108947 -956.841479 -633.252822 -314.891223 -319.990004 -212.518629 -259.149206 -256.333965 183.257364 191.540623 -294.612728 -39.301582 220.655072 -152461.985422 -53.071691 -42.699935 191.271250 2557.174523 187.569214 -510.068667 -49.313185 -19.919192 -796.370060 212.145952 -42.580372 200.720088 -5193.006100 187.850666 -247.918718 -274.127227 -558.150560 -289.372506 -407.384796 212.391317 -798.348262 -798.842692 -799.062571 -49.462115 -358.568082 302.149595
-9999.0 -9999.0 -9999.0 -9999.0 -9999.0 -9999.0 -9999.0 -9999.0 195.732445 -22.430342 -166.153673 200.119055 299.337938 212.901461 188.592405 -324.712638 -683.173095 -674.541458 -1035.996913 -954.522667 -1060.234041 -1306.284707 -1013.364151 -959.879879 -716.856845 -281.776832 191.657772 189.512361 219.909284 -332.182021 -798.781340 -26.928684 -27.878665 -42.471795 -17.293038 -73.479782 -31.864424 182.341996 -214.906334 -798.529067 -798.863875 217.157467 -152895.788007 -798.739733 -800.498797 1571.433702 -205.958212 192.954530 -237.041281 174.627517 201.173876 -4233.477144 217.592318 -315.306095 -799.851631 -56.718961 -790.283963 184.799200 -484.547811
-9999.0 -9999.0 -9999.0 -9999.0 -9999.0 -9999.0 -9999.0 -9999.0 -334.161502 206.352658 -413.008045 -44.623386 -36.004921 1344.925483 181.205310 -95.044389 -235.455349 -557.863084 -2928.026984 -1007.465333 -565.583810 -830.977071 -557.583667 -691.557411 -1424.480433 -368.398188 186.480871 196.762441 -152530.010325 -28.711000 -31.811980 -800.319893 -10.548842 -798.245324 220.977514 201.482569 -3.201139 201.036352 -447.869255 -17.623622 -39.114079 -650.426247 -798.772076 -16.287499 1905.371608 218.702368 -152884.469393 -26.775160 -425.857746 173.621064 156.282463 203.597695 218.379659 -14.072900 -81.176519 -152579.548878 -438.540891 -438.741446 -515.338426
-9999.0 -9999.0 -9999.0 -9999.0 -9999.0 -9999.0 -9999.0 -9999.0 -34.220773 1800.703996 -109.371160 -373.221782 277.750200 -152655.440285 190.863564 -247.955526 -367.046665 -1021.802271 -1556.469810 -529.720912 -1023.894432 -872.441098 -860.038961 -1092.161441 -545.867380 -315.112960 169.310388 186.380632 -152714.399294 -22.324075 -800.197690 213.196573 210.693453 -17000.894836 219.873477 20.651008 -430.124662 -239.406740 -190.196647 -396.777840 -22.247573 -798.463672 221.528535 1926.341462 225.534579 218.167872 -800.274679 206.509372 185.714515 -228.868554 160.275080 195.344938 -201.805060 -181.363608 -395.326756 203.981491 186.856586 181.913480 183.027091
-9999.0 -9999.0 -9999.0 -9999.0 -9999.0 -9999.0 -9999.0 -9999.0 -798.537744 -16.869980 203.086020 -183154.479258 209.808405 197.381948 -4146.400506 -167.756121 -563.841120 -1300.746913 -488.827986 -1032.703140 -1009.716057 -1000.532814 -825.063571 -773.706545 -852.974915 -269.415306 175.708341 -223.134843 185.919995 -462.479487 -474.856375 -460.529484 -14471.383577 220.818815 -16368.829961 -68.050983 -52.396061 158.162476 -186.073618 -387.305963 -30.024248 -12.766390 -9.938610 -799.410134 204.884251 -800.072399 -108.796980 -799.629007 -60.250890 -480.351543 155.116691 152.725859 193.123954 169.903242 191.163237 203.759173 200.449490 324.016490 45.991516
-9999.0 -9999.0 -9999.0 -9999.0 -9999.0 -9999.0 -9999.0 -9999.0 179.006499 188.298329 2998.934543 -186.156680 -186.451113 185.452177 -27.437406 -166.378935 -226.481148 -305.223436 -262.630688 -462.016424 -1010.959477 -994.597486 -969.877111 -916.643932 -739.471397 -491.623235 -80.107895 31.491931 -102.106837 191.092200 -235.217085 196.584624 -484.609070 214.005880 -440.850619 -436.818352 -436.301634 166.322443 -198.267388 207.325210 -410.076667 -12028.317902 -447.063713 -13121.105471 -487.927608 -28.463351 -477.717543 -460.519477 -499.237119 -509.818089 -535.439461 -424.756007 177.972581 183.523020 357.110805 353.353306 200.025237 198.103752 204.436544
-9999.0 -9999.0 -157.427692 205.455752 887.744944 200.271795 263.236164 230.511718 203.882465 204.125360 190.804174 213.884042 203.188397 199.783861 -201.086156 -224.578550 -213.489892 174.401603 174.841494 -196.136486 -700.144340 -868.068064 -535.056965 -1069.232341 -899.011458 -1139.689041 -595.538630 -375.739645 -129.776073 190.748294 -48.315236 176.101614 224.118973 178.807324 187.188226 174.789709 183.644190 178.082191 -187.971489 -179.861717 -424.419339 -462.512432 -245.400578 194.835157 -253.369833 -513.063062 175.848184 179.842496 -613.846017 -125.032042 -409.556588 -508.510007 90.366740 198.141085 200.258676 199.135743 228.536762 194.695259 176.194488
