erum2020/resources/simulation/Vinschgau/output-maps/psiL0008N0089.asc
ncols         63
nrows         48
xllcorner     598000.000000
yllcorner     5145000.000000
cellsize      1000.000000
NODATA_value  -9999.0
[rows 0 to 25 of 48, columns 0 to 58 of 63]
-9999.0 -9999.0 -9999.0 -9999.0 -9999.0 -9999.0 -9999.0 -9999.0 -9999.0 -9999.0 -9999.0 -9999.0 -9999.0 -9999.0 -9999.0 -9999.0 -9999.0 -9999.0 -9999.0 -9999.0 -9999.0 -9999.0 -9999.0 -9999.0 -9999.0 -9999.0 -9999.0 -9999.0 -9999.0 -9999.0 -9999.0 -9999.0 -9999.0 -9999.0 -9999.0 -9999.0 -9999.0 -9999.0 -9999.0 -9999.0 -9999.0 -9999.0 -9999.0 -9999.0 -9999.0 -9999.0 -9999.0 -9999.0 -9999.0 -9999.0 -9999.0 -9999.0 -9999.0 -9999.0 -9999.0 -9999.0 -9999.0 -9999.0 -9999.0
-9999.0 -9999.0 -9999.0 -9999.0 -9999.0 -9999.0 -9999.0 -9999.0 -9999.0 -9999.0 -9999.0 -9999.0 -9999.0 -9999.0 -9999.0 -9999.0 -9999.0 -9999.0 -9999.0 -9999.0 -9999.0 -9999.0 -9999.0 -9999.0 -9999.0 -9999.0 -9999.0 -252.301563 -252.284693 -252.625775 -253.633009 -253.801431 -253.801721 -9999.0 -9999.0 -9999.0 -9999.0 -9999.0 -9999.0 -9999.0 -9999.0 -9999.0 -9999.0 -9999.0 -9999.0 -9999.0 -9999.0 -9999.0 -9999.0 -9999.0 -9999.0 -9999.0 -9999.0 -9999.0 -9999.0 -9999.0 -9999.0 -9999.0 -9999.0
-9999.0 -9999.0 -9999.0 -9999.0 -9999.0 -9999.0 -9999.0 -9999.0 -9999.0 -9999.0 -9999.0 -9999.0 -9999.0 -9999.0 -9999.0 -9999.0 -9999.0 -9999.0 -9999.0 -9999.0 -9999.0 -9999.0 -9999.0 -9999.0 -250.001054 -250.476497 -252.132467 -252.247831 -251.764079 -252.429841 -253.238916 -9999.0 -9999.0 -9999.0 -9999.0 -9999.0 -9999.0 -9999.0 -9999.0 -9999.0 -9999.0 -9999.0 -9999.0 -9999.0 -9999.0 -9999.0 -9999.0 -9999.0 -9999.0 -9999.0 -9999.0 -9999.0 -9999.0 -9999.0 -9999.0 -9999.0 -9999.0 -9999.0 -9999.0
-9999.0 -9999.0 -9999.0 -9999.0 -9999.0 -9999.0 -9999.0 -9999.0 -9999.0 -9999.0 -9999.0 -9999.0 -9999.0 -9999.0 -9999.0 -9999.0 -9999.0 -9999.0 -9999.0 -9999.0 -9999.0 -9999.0 -9999.0 -250.031153 -250.003554 -248.946748 -250.011375 -250.032212 -250.030278 -252.610427 -252.574855 -251.811216 -9999.0 -9999.0 -9999.0 -9999.0 -9999.0 -9999.0 -9999.0 -9999.0 -9999.0 -9999.0 -9999.0 -9999.0 -9999.0 -9999.0 -9999.0 -9999.0 -9999.0 -9999.0 -9999.0 -9999.0 -9999.0 -9999.0 -9999.0 -9999.0 -9999.0 -9999.0 -9999.0
-9999.0 -9999.0 -9999.0 -9999.0 -9999.0 -9999.0 -9999.0 -9999.0 -9999.0 -9999.0 -9999.0 -9999.0 -9999.0 -9999.0 -9999.0 -9999.0 -9999.0 -9999.0 -243.781802 -250.006476 -9999.0 -250.003233 -250.002524 -250.030536 -250.011533 -250.041765 -250.013410 -250.014131 -239.396526 -250.022491 -252.633763 -252.501297 -252.698572 -252.691919 -9999.0 -9999.0 -9999.0 -9999.0 -9999.0 -9999.0 -9999.0 -9999.0 -9999.0 -9999.0 -9999.0 -9999.0 -9999.0 -9999.0 -9999.0 -9999.0 -9999.0 -9999.0 -9999.0 -9999.0 -9999.0 -9999.0 -9999.0 -9999.0 -9999.0
-9999.0 -9999.0 -9999.0 -9999.0 -9999.0 -9999.0 -9999.0 -9999.0 -9999.0 -9999.0 -9999.0 -9999.0 -9999.0 -9999.0 -9999.0 -9999.0 -9999.0 -305.250374 -288.682398 -250.268507 -252.221423 -250.024408 -250.014228 -250.015335 -243.010438 -259.923067 -253.418261 -250.007953 -252.191071 -250.022720 -250.005944 -252.615726 -252.880226 -252.736393 -253.725243 -253.851803 -9999.0 -9999.0 -9999.0 -9999.0 -9999.0 -9999.0 -9999.0 -9999.0 -9999.0 -9999.0 -9999.0 -9999.0 -9999.0 -9999.0 -9999.0 -9999.0 -9999.0 -9999.0 -9999.0 -9999.0 -9999.0 -9999.0 -9999.0
-9999.0 -9999.0 -9999.0 -9999.0 -9999.0 -9999.0 -9999.0 -9999.0 -9999.0 -9999.0 -9999.0 -9999.0 -9999.0 -250.950276 -250.009579 -268.004062 -284.296864 -249.999242 -295.268215 -250.037830 -250.017054 -250.022691 -250.039796 -249.998555 -258.476321 -252.158018 -252.678594 -251.665288 -252.186293 -250.008696 -250.009138 -251.866233 -253.024561 -253.905505 -253.875570 -253.865899 -9999.0 -9999.0 -9999.0 -9999.0 -9999.0 -9999.0 -9999.0 -9999.0 -9999.0 -9999.0 -9999.0 -9999.0 -9999.0 -9999.0 -9999.0 -9999.0 -9999.0 -9999.0 -9999.0 -9999.0 -9999.0 -9999.0 -9999.0
-9999.0 -9999.0 -9999.0 -9999.0 -9999.0 -9999.0 -9999.0 -9999.0 -9999.0 -9999.0 -9999.0 -9999.0 -9999.0 -250.002244 -250.012046 -274.211278 -273.065504 -242.948109 -250.040983 -250.016669 -297.109654 -250.009221 -260.415245 -258.621686 -250.010075 -251.247414 -252.433644 -253.802965 -253.849151 -252.598405 -250.047116 -253.879379 -253.876737 -253.879305 -253.875546 -9999.0 -9999.0 -9999.0 -9999.0 -9999.0 -9999.0 -9999.0 -9999.0 -9999.0 -9999.0 -9999.0 -9999.0 -9999.0 -9999.0 -9999.0 -9999.0 -9999.0 -9999.0 -9999.0 -9999.0 -9999.0 -9999.0 -9999.0 -9999.0
-9999.0 -9999.0 -9999.0 -9999.0 -9999.0 -9999.0 -9999.0 -9999.0 -9999.0 -9999.0 -9999.0 -9999.0 -9999.0 -250.014286 -250.002113 -247.143800 -271.826367 -269.914673 -250.176109 -260.282263 -250.002552 -253.002803 -257.344035 -253.492996 -250.008760 -250.008568 -252.558166 -253.812129 -252.460356 -253.872625 -253.845705 -253.867838 -253.861101 -253.870939 -253.885043 -9999.0 -9999.0 -9999.0 -9999.0 -9999.0 -9999.0 -9999.0 -9999.0 -9999.0 -9999.0 -9999.0 -9999.0 -9999.0 -9999.0 -9999.0 -9999.0 -9999.0 -9999.0 -9999.0 -9999.0 -9999.0 -9999.0 -9999.0 -9999.0
-9999.0 -9999.0 -9999.0 -9999.0 -9999.0 -9999.0 -9999.0 -9999.0 -9999.0 -9999.0 -9999.0 -9999.0 -250.017474 -250.002688 -250.009901 -252.047778 -258.249096 -269.803424 -238.046696 -252.836537 -250.018081 -251.012460 -251.959853 -250.009112 -250.024218 -253.751780 -250.011710 -251.856580 -252.529969 -253.835400 -253.845706 -252.652893 -252.675799 -253.640708 -9999.0 -9999.0 -9999.0 -9999.0 -9999.0 -9999.0 -9999.0 -9999.0 -9999.0 -9999.0 -9999.0 -9999.0 -9999.0 -9999.0 -9999.0 -9999.0 -9999.0 -9999.0 -9999.0 -9999.0 -9999.0 -9999.0 -9999.0 -9999.0 -9999.0
-9999.0 -9999.0 -9999.0 -9999.0 -9999.0 -9999.0 -9999.0 -9999.0 -9999.0 -9999.0 -9999.0 -250.002151 -250.009237 -248.691344 -251.134716 -251.062918 -252.925837 -267.903937 -132.886759 -252.831360 -278.293718 -250.011382 -251.808260 -253.586512 -251.848233 -252.236726 -253.783509 -251.876531 -251.508754 -253.851032 -252.651544 -252.580475 -253.029486 -253.616426 -252.845616 -252.676814 -252.820819 -252.763161 -252.664762 -9999.0 -9999.0 -9999.0 -253.604330 -9999.0 -9999.0 -9999.0 -9999.0 -9999.0 -9999.0 -9999.0 -9999.0 -9999.0 -9999.0 -9999.0 -9999.0 -9999.0 -9999.0 -9999.0 -9999.0
-9999.0 -9999.0 -9999.0 -9999.0 -9999.0 -9999.0 -9999.0 -9999.0 -9999.0 -9999.0 -9999.0 -250.125095 -250.006420 -250.019724 -250.010560 -253.126734 -250.019853 -282.250263 -172.168423 -203.670663 -250.001572 -250.005057 -250.038397 -251.733777 -251.448787 -253.546079 -252.333057 -252.355205 -252.616816 -253.645841 -252.602178 -252.644895 -252.737364 -252.692345 -252.673360 -252.770037 -252.639363 -252.674759 -252.598087 -252.728432 -252.804994 -253.021799 -252.761623 -253.636887 -9999.0 -9999.0 -9999.0 -297.805979 -249.975516 -250.035215 -250.004901 -250.011297 -250.044179 -271.712815 -264.669698 -252.470742 -9999.0 -9999.0 -9999.0
-9999.0 -9999.0 -9999.0 -9999.0 -9999.0 -9999.0 -9999.0 -9999.0 -9999.0 -9999.0 -9999.0 -250.052957 -250.289637 -252.661511 -250.035428 -252.489853 -250.014892 -266.779646 -250.000121 -196.938560 -267.488446 -250.026582 -250.026914 -250.014253 -253.617379 -252.694265 -250.297410 -252.416073 -253.649966 -253.446855 -253.746696 -252.743489 -252.581787 -252.687823 -253.145918 -252.704528 -252.640958 -252.726532 -252.681706 -252.810335 -252.591784 -252.794973 -252.742325 -252.667796 -252.330998 -9999.0 -253.419233 -249.959076 -250.004933 -250.005416 -250.007331 -250.084706 -250.007583 -249.953971 -249.957161 -250.003838 -9999.0 -9999.0 -9999.0
-9999.0 -9999.0 -9999.0 -9999.0 -9999.0 -9999.0 -9999.0 -9999.0 -9999.0 -9999.0 -9999.0 -9999.0 -250.056578 -250.040406 -250.003746 -250.012595 -259.603500 -264.475996 -244.091718 -138.523236 -273.121310 -250.014945 -250.018122 -250.018383 -252.374954 -250.045721 -250.002510 -253.681244 -253.449910 -252.570099 -252.499210 -252.628091 -252.661829 -252.665195 -253.328361 -252.754906 -252.929158 -252.614112 -252.563457 -252.710927 -252.570409 -252.771065 -252.701942 -250.003346 -252.692276 -250.621489 -251.539335 -250.004165 -250.133696 -250.293410 -250.019752 -250.007653 -277.877516 -250.025088 -250.009280 -250.008211 -250.002446 -9999.0 -9999.0
-9999.0 -9999.0 -9999.0 -9999.0 -9999.0 -9999.0 -9999.0 -9999.0 -9999.0 -9999.0 -9999.0 -250.061738 -251.685854 -252.316669 -250.013792 -250.013472 -250.011040 -261.329482 -249.999533 -273.214012 -275.950254 -270.583715 -250.009212 -251.500561 -250.026344 -250.008292 -250.031978 -253.649890 -252.291334 -252.665014 -251.774459 -251.952247 -250.009085 -252.647951 -253.760083 -252.719494 -253.011143 -253.074866 -377.784463 -252.707289 -252.621862 -252.501353 -250.990407 -252.900183 -250.008485 -250.379932 -250.002195 -251.714932 -250.018161 -252.576689 -253.258267 -252.640106 -250.561185 -253.637751 -253.295457 -253.633974 -250.057100 -9999.0 -9999.0
-9999.0 -9999.0 -9999.0 -9999.0 -9999.0 -9999.0 -9999.0 -9999.0 -9999.0 -9999.0 -250.020248 -250.025306 -250.004024 -251.058745 -250.002971 -250.010232 -250.566523 -256.632358 -270.993220 -273.898164 84.328629 -254.241248 -262.651368 -250.001806 -250.009356 -250.022766 -252.530000 -253.293803 -250.434572 -250.006113 -250.018851 -251.011554 -252.354322 -253.446812 -253.861783 -252.830495 -252.858374 -252.752300 -266.435244 -252.451476 -252.700297 -252.712284 -253.562488 -279.900181 -250.022589 -252.691282 -250.004473 -252.016889 -250.018362 -250.026161 -252.935579 -253.592967 -253.385421 -253.624886 -253.543209 -250.003228 -250.006700 -9999.0 -9999.0
-9999.0 -9999.0 -9999.0 -9999.0 -9999.0 -9999.0 -9999.0 -9999.0 -9999.0 -252.306470 -250.027763 -250.027402 -250.016814 -250.162558 -250.018288 -250.373112 -250.917800 -250.003449 -278.114528 -276.796511 -184.359236 -272.713420 -271.045679 -250.014884 -250.011433 -253.608128 -252.282491 -250.007221 -250.023756 -250.009990 -250.018807 -254.407239 -253.825044 -253.834778 -253.465615 -253.683915 -252.646196 -252.684670 -252.762068 -252.611153 -264.631609 -253.255972 -253.971419 -274.378696 -286.670338 -250.037023 -250.009908 -251.991249 -251.861335 -246.403957 -251.778568 -250.098963 -253.626678 -253.263547 -250.999093 -250.029053 -250.005391 -250.007439 -250.006535
-9999.0 -9999.0 -9999.0 -9999.0 -9999.0 -9999.0 -9999.0 -9999.0 -9999.0 -252.373391 -251.761622 -251.909708 -250.005610 -250.016022 -250.018381 -250.042334 -250.001698 -250.020346 -285.265878 -192.152180 -184.326863 -250.000876 -249.899962 -250.002445 -253.380915 -250.017930 -250.015887 -250.012553 -250.011570 -250.020084 -251.788931 -256.894484 -253.594252 -252.410108 -252.628580 -252.825402 -252.732551 -252.746756 -253.676855 -252.554052 -250.050920 -252.824473 -250.051322 -250.465263 -203.879870 -243.882786 -250.020043 -250.037941 -250.030928 -250.020645 -254.043238 -250.416610 -253.355499 -252.892007 -253.518882 -250.022932 -250.003208 -250.013697 -250.011747
-9999.0 -9999.0 -9999.0 -9999.0 -9999.0 -9999.0 -9999.0 -9999.0 -9999.0 -9999.0 -251.818129 -251.819744 -250.061212 -265.008342 -250.022439 -250.018778 -250.012888 -250.016160 -291.876343 -225.875690 -189.525862 -269.615516 -256.387603 -255.072496 -250.015913 -250.012905 -250.011553 -250.014468 -250.419455 -252.409327 -253.270301 -250.039485 -253.256387 -253.648603 -252.511421 -250.017977 -250.004884 -250.963989 -252.662725 -253.709671 -253.781313 -250.029202 -250.042948 -251.157831 -255.144074 -258.392437 -268.239655 -243.004931 -250.061076 -250.036736 -256.651784 -250.143901 -250.010623 -253.337066 -250.007128 -252.934083 -250.010666 -250.020499 -250.024723
-9999.0 -9999.0 -9999.0 -9999.0 -9999.0 -9999.0 -9999.0 -9999.0 -9999.0 -9999.0 -251.800840 -251.745769 -250.009712 -250.009191 93.290448 -272.594478 -269.152917 -276.064603 -295.440628 -235.539983 -284.571540 -275.109428 -270.173680 -250.017277 -250.010322 -250.011189 -245.507497 -256.661079 -252.514786 -253.190783 -253.617141 -250.006268 -253.248037 -253.635387 -253.622112 -252.455640 -251.210166 -252.530950 -252.717600 -253.532923 -250.687860 -251.612729 -250.027865 -253.470496 -250.042814 -252.670174 -250.007452 -255.362681 -278.268110 -250.036178 -250.146804 -250.011394 -250.009096 -250.010132 -252.804451 -250.010004 -252.448092 -250.014526 -288.117083
-9999.0 -9999.0 -9999.0 -9999.0 -9999.0 -9999.0 -9999.0 -9999.0 -250.005202 -250.395157 -252.599928 -250.006680 -250.582733 -250.854195 -256.749178 -218.332594 -287.307612 -250.000966 -218.531071 -252.266359 -296.889468 -289.095750 -281.338382 -276.853175 -250.013396 -273.163548 -242.373869 -251.230078 -250.006980 -252.721709 -253.760995 -253.594131 -253.257515 -252.873091 -250.199816 -253.693748 -250.006296 -252.111580 -254.604380 -252.119859 -253.406106 -252.154701 -253.505860 -253.738736 -250.155356 -250.007962 -253.350415 -250.008809 -258.094265 345.427308 -250.026157 -259.332694 -250.008745 -250.663360 -250.010045 -250.010773 -250.007359 -250.003849 -250.028919
-9999.0 -9999.0 -9999.0 -9999.0 -9999.0 -9999.0 -9999.0 -9999.0 -252.653313 -250.013232 -252.555439 -253.259593 -251.840878 -250.023633 -256.050120 -259.637932 -268.260417 -266.282051 -290.244220 -228.147190 -185.389085 -236.319580 -247.654967 -250.005110 -288.976557 -285.817723 -260.893938 -250.011487 -253.289278 -250.140875 -250.336667 -252.566921 -250.010717 -251.574020 -250.000838 -250.005282 -250.012439 -250.017357 -252.435845 -250.003766 -253.050292 -253.708873 -253.602146 -250.004228 -250.004900 -250.004340 -253.407264 -253.284251 -250.028250 -271.438668 -250.020384 -250.016475 -251.603485 -250.007471 -250.020257 -251.249526 -250.024410 -250.022422 -250.042041
-9999.0 -9999.0 -9999.0 -9999.0 -9999.0 -9999.0 -9999.0 -9999.0 -252.237021 -250.529118 -250.004876 -252.627699 -250.005798 -252.987680 -250.013143 -264.232608 -276.704274 -250.021965 -295.251048 -127.395509 -205.095191 -221.736677 -247.425645 -248.659986 -245.785414 -273.843453 -261.274274 -253.480630 -253.223764 -252.202156 -252.459793 -250.005435 -252.159171 -252.676245 -250.001865 -250.005468 -250.013219 -264.801255 -254.620099 -250.337786 -250.056481 -251.093133 -250.001962 -250.010008 -250.039464 -250.890443 -250.006394 -250.002745 -250.011080 -257.520754 376.056683 -250.022634 -257.637257 -254.438034 -250.022290 -250.003348 -250.003508 -250.005747 -250.051316
-9999.0 -9999.0 -9999.0 -9999.0 -9999.0 -9999.0 -9999.0 -9999.0 -253.729986 -250.372251 -253.821438 -252.814527 -250.002686 -250.012162 -265.093317 -277.222207 -297.925022 -302.510789 -172.323472 -276.612606 -241.378453 538.337161 632.773464 -143.473005 -270.000891 -263.114776 -255.670857 -259.152162 -250.003937 -250.056044 -251.952371 -251.550438 -250.028862 -250.021230 -251.905314 -250.007695 -250.022012 -265.001436 -256.981632 -251.750234 -250.006383 -250.004225 -250.004224 -252.117478 -250.003649 -250.004703 -250.004734 -250.009627 -250.013471 -250.932591 -257.235403 -299.496962 -250.018934 -236.712851 -249.999652 -249.998549 -250.033123 484.505159 593.529084
-9999.0 -9999.0 -9999.0 -9999.0 -9999.0 -9999.0 -9999.0 -9999.0 -250.098576 -250.008063 -250.007035 -260.540339 -265.854685 -270.099227 -250.002061 -244.550984 -53.187632 -263.776512 -258.068207 -266.379548 -277.745929 578.560991 581.082515 -119.469027 -250.002689 -269.879155 -261.776416 -250.008826 -250.013834 -250.009415 -259.493724 -250.006284 -250.031678 -250.007243 -251.848326 -251.570820 -250.024680 -268.762806 -267.177960 -250.066564 -252.269789 -252.190557 -250.062838 -251.345681 -252.045524 -250.005902 -251.165602 -250.023323 -250.039836 -250.033422 -250.034723 -293.688466 -292.542519 -250.001557 -249.931276 702.681249 626.172399 626.600541 580.425829
-9999.0 -9999.0 -251.887703 -250.001218 -250.005034 -250.054059 -250.011436 -250.773093 -250.007199 -250.003673 -250.008209 -140.452465 -268.131398 -250.006917 -249.993532 -47.821114 -258.516762 -251.326145 -250.018135 -259.655879 -269.110131 -292.124007 582.649169 291.462055 -209.615750 -279.553378 -274.580878 -273.256948 -285.456636 -250.000258 -266.707066 -265.021941 -237.115271 -274.878512 -250.012773 -266.111366 -250.007065 -272.513107 -266.336065 -257.786636 -250.020293 -250.030978 -278.994537 -250.035017 -264.852794 -250.023985 -250.011386 -265.399509 -250.058615 -250.018093 -250.012975 496.335849 603.455705 577.396598 608.364474 655.335788 518.096983 -229.985502 -250.004182
