erum2020/resources/simulation/Vinschgau/output-maps/psiL0002N1433.asc
ncols         63
nrows         48
xllcorner     598000.000000
yllcorner     5145000.000000
cellsize      1000.000000
NODATA_value  -9999.0
[rows 0 to 24 of 48, columns 0 to 56 of 63]
-9999.0 -9999.0 -9999.0 -9999.0 -9999.0 -9999.0 -9999.0 -9999.0 -9999.0 -9999.0 -9999.0 -9999.0 -9999.0 -9999.0 -9999.0 -9999.0 -9999.0 -9999.0 -9999.0 -9999.0 -9999.0 -9999.0 -9999.0 -9999.0 -9999.0 -9999.0 -9999.0 -9999.0 -9999.0 -9999.0 -9999.0 -9999.0 -9999.0 -9999.0 -9999.0 -9999.0 -9999.0 -9999.0 -9999.0 -9999.0 -9999.0 -9999.0 -9999.0 -9999.0 -9999.0 -9999.0 -9999.0 -9999.0 -9999.0 -9999.0 -9999.0 -9999.0 -9999.0 -9999.0 -9999.0 -9999.0 -9999.0
-9999.0 -9999.0 -9999.0 -9999.0 -9999.0 -9999.0 -9999.0 -9999.0 -9999.0 -9999.0 -9999.0 -9999.0 -9999.0 -9999.0 -9999.0 -9999.0 -9999.0 -9999.0 -9999.0 -9999.0 -9999.0 -9999.0 -9999.0 -9999.0 -9999.0 -9999.0 -9999.0 -178.717830 -936.781118 -161.771952 -405.554835 -1658.469216 26431.679312 -9999.0 -9999.0 -9999.0 -9999.0 -9999.0 -9999.0 -9999.0 -9999.0 -9999.0 -9999.0 -9999.0 -9999.0 -9999.0 -9999.0 -9999.0 -9999.0 -9999.0 -9999.0 -9999.0 -9999.0 -9999.0 -9999.0 -9999.0 -9999.0
-9999.0 -9999.0 -9999.0 -9999.0 -9999.0 -9999.0 -9999.0 -9999.0 -9999.0 -9999.0 -9999.0 -9999.0 -9999.0 -9999.0 -9999.0 -9999.0 -9999.0 -9999.0 -9999.0 -9999.0 -9999.0 -9999.0 -9999.0 -9999.0 -811.201150 -884.022897 -975.885474 -853.885491 -816.475658 -937.394265 -363.104603 -9999.0 -9999.0 -9999.0 -9999.0 -9999.0 -9999.0 -9999.0 -9999.0 -9999.0 -9999.0 -9999.0 -9999.0 -9999.0 -9999.0 -9999.0 -9999.0 -9999.0 -9999.0 -9999.0 -9999.0 -9999.0 -9999.0 -9999.0 -9999.0 -9999.0 -9999.0
-9999.0 -9999.0 -9999.0 -9999.0 -9999.0 -9999.0 -9999.0 -9999.0 -9999.0 -9999.0 -9999.0 -9999.0 -9999.0 -9999.0 -9999.0 -9999.0 -9999.0 -9999.0 -9999.0 -9999.0 -9999.0 -9999.0 -9999.0 -997.071813 -1185.272426 -3000.880075 -3040.275366 -3085.313796 -3074.946670 -1032.643678 -431.849816 -150.085234 -9999.0 -9999.0 -9999.0 -9999.0 -9999.0 -9999.0 -9999.0 -9999.0 -9999.0 -9999.0 -9999.0 -9999.0 -9999.0 -9999.0 -9999.0 -9999.0 -9999.0 -9999.0 -9999.0 -9999.0 -9999.0 -9999.0 -9999.0 -9999.0 -9999.0
-9999.0 -9999.0 -9999.0 -9999.0 -9999.0 -9999.0 -9999.0 -9999.0 -9999.0 -9999.0 -9999.0 -9999.0 -9999.0 -9999.0 -9999.0 -9999.0 -9999.0 -9999.0 -2303.757022 -918.937105 -9999.0 -907.137457 -1120.323866 -2979.787492 -2935.847889 -2975.698081 -2583.343976 -2828.191063 -2761.419732 -2792.293499 -1076.517428 -448.432182 -166.260817 -207.671329 -9999.0 -9999.0 -9999.0 -9999.0 -9999.0 -9999.0 -9999.0 -9999.0 -9999.0 -9999.0 -9999.0 -9999.0 -9999.0 -9999.0 -9999.0 -9999.0 -9999.0 -9999.0 -9999.0 -9999.0 -9999.0 -9999.0 -9999.0
-9999.0 -9999.0 -9999.0 -9999.0 -9999.0 -9999.0 -9999.0 -9999.0 -9999.0 -9999.0 -9999.0 -9999.0 -9999.0 -9999.0 -9999.0 -9999.0 -9999.0 -2936.054240 -2880.399156 -6750.542979 -1734.262141 -1440.249079 -2719.942823 -2828.607328 -2815.848284 -2098.518886 181801.978211 -2641.439686 47640.947833 -2596.831625 -1443.734213 -1042.754439 -229.077876 -197.597333 -183.023294 -205.039351 -9999.0 -9999.0 -9999.0 -9999.0 -9999.0 -9999.0 -9999.0 -9999.0 -9999.0 -9999.0 -9999.0 -9999.0 -9999.0 -9999.0 -9999.0 -9999.0 -9999.0 -9999.0 -9999.0 -9999.0 -9999.0
-9999.0 -9999.0 -9999.0 -9999.0 -9999.0 -9999.0 -9999.0 -9999.0 -9999.0 -9999.0 -9999.0 -9999.0 -9999.0 -2070.856896 -2781.511734 -2803.381507 -2895.237784 -6736.642741 -2897.862961 -2881.551944 -2862.390833 -2846.510332 -2895.319201 -2882.899158 -593.565423 -1064.297868 -106.805738 -1374.115726 -970.796711 -324.371981 -484.645277 -1067.223807 -954.594964 -331.590408 -125.076128 -203.834147 -9999.0 -9999.0 -9999.0 -9999.0 -9999.0 -9999.0 -9999.0 -9999.0 -9999.0 -9999.0 -9999.0 -9999.0 -9999.0 -9999.0 -9999.0 -9999.0 -9999.0 -9999.0 -9999.0 -9999.0 -9999.0
-9999.0 -9999.0 -9999.0 -9999.0 -9999.0 -9999.0 -9999.0 -9999.0 -9999.0 -9999.0 -9999.0 -9999.0 -9999.0 -2199.788481 -2947.717121 -2884.161177 -2879.625878 -2999.235699 -6751.863498 -2877.075817 -2866.241421 -2993.234258 -2800.515194 -2712.187923 -2816.868162 -2835.820502 -930.168284 -159.384065 -148.023826 343930.335384 103835.594364 -338.931216 -154.755317 -170.120558 -178.095114 -9999.0 -9999.0 -9999.0 -9999.0 -9999.0 -9999.0 -9999.0 -9999.0 -9999.0 -9999.0 -9999.0 -9999.0 -9999.0 -9999.0 -9999.0 -9999.0 -9999.0 -9999.0 -9999.0 -9999.0 -9999.0 -9999.0
-9999.0 -9999.0 -9999.0 -9999.0 -9999.0 -9999.0 -9999.0 -9999.0 -9999.0 -9999.0 -9999.0 -9999.0 -9999.0 -2948.984564 282.112595 -2989.441069 -2856.985932 -2858.074780 -6781.638010 -2892.606340 -3012.627852 -6205.930778 -2427.059779 -507.578274 -2860.396437 -2854.571854 -137.111265 -162.421520 -227.097305 -170.250648 -193.756898 -117.962281 -200.910825 -24.842397 -215.857915 -9999.0 -9999.0 -9999.0 -9999.0 -9999.0 -9999.0 -9999.0 -9999.0 -9999.0 -9999.0 -9999.0 -9999.0 -9999.0 -9999.0 -9999.0 -9999.0 -9999.0 -9999.0 -9999.0 -9999.0 -9999.0 -9999.0
-9999.0 -9999.0 -9999.0 -9999.0 -9999.0 -9999.0 -9999.0 -9999.0 -9999.0 -9999.0 -9999.0 -9999.0 -2869.904855 6178.651688 -2946.896658 -2815.329057 -2719.899887 -2828.278616 -3140.805163 -6707.979875 -2838.712047 -1902.212584 -2640.997026 -1791.465321 -219.993674 -1065.445833 971102.154028 -350.330714 -513.116849 -140.069562 -192.088999 -162.824435 11288.810267 -231.631197 -9999.0 -9999.0 -9999.0 -9999.0 -9999.0 -9999.0 -9999.0 -9999.0 -9999.0 -9999.0 -9999.0 -9999.0 -9999.0 -9999.0 -9999.0 -9999.0 -9999.0 -9999.0 -9999.0 -9999.0 -9999.0 -9999.0 -9999.0
-9999.0 -9999.0 -9999.0 -9999.0 -9999.0 -9999.0 -9999.0 -9999.0 -9999.0 -9999.0 -9999.0 -1544.938821 -2938.972439 -741.302304 -2955.198929 -2734.100999 -6743.578533 -2866.676055 -2839.835660 -7135.961923 -2811.706501 -2850.245177 -1226.132713 -1205.602576 -2588.671842 -938.072463 -128.026372 -1091.460408 6185.028915 -190.078173 -169.987098 -930.345483 -126.576770 -184.581590 -168.955240 -146.202946 -415.695835 -1417.766733 -1385.018186 -9999.0 -9999.0 -9999.0 -206.677794 -9999.0 -9999.0 -9999.0 -9999.0 -9999.0 -9999.0 -9999.0 -9999.0 -9999.0 -9999.0 -9999.0 -9999.0 -9999.0 -9999.0
-9999.0 -9999.0 -9999.0 -9999.0 -9999.0 -9999.0 -9999.0 -9999.0 -9999.0 -9999.0 -9999.0 -1343.864906 -2994.946830 -3103.069146 -3101.392815 -2346.911927 -3172.142351 -2907.427289 -2913.710096 -3014.904089 -2996.597792 -2525.386962 -1008.004129 3136683.569679 2462560.838390 -1101.064088 -856.685307 -897.548059 -69.847277 -174.591900 -612.805387 -951.640261 -170.144362 3877.474628 -435.271228 -955.345801 -999.486660 -1301.848907 -1373.345106 -190.281923 -181.760288 -191.058603 -346.886258 -164.654736 -9999.0 -9999.0 -9999.0 -2021.850409 -229.397822 -138.394671 41307.527141 -167.782311 -174.253247 -1847.695509 -430.418990 -198.019124 -9999.0
-9999.0 -9999.0 -9999.0 -9999.0 -9999.0 -9999.0 -9999.0 -9999.0 -9999.0 -9999.0 -9999.0 -1226.208427 -1355.727865 -2734.923318 -2160.103802 -2799.222734 -2738.781547 -2841.400212 -3116.273177 -3013.349015 -2616.627266 -1100.265617 817339.740356 -585.787766 -1142.428895 -173.238421 1333640.679557 3291578.321794 -150.030525 -317.476959 -155.345703 2864406.645731 -811.277562 19546.105695 -152.745631 -1040.826916 1684096.743111 841667.386477 -1594.705537 -176.532383 -1294.458556 -1683.664158 -807.639914 -626.183091 36593.925243 -9999.0 -224.469659 42013.196992 -346.601726 -951.132831 -1177.731571 -178.037483 -1307.822474 -439.739051 -1369.138737 7274.895669 -9999.0
-9999.0 -9999.0 -9999.0 -9999.0 -9999.0 -9999.0 -9999.0 -9999.0 -9999.0 -9999.0 -9999.0 -9999.0 -1517.609186 -40.379586 -1850.776381 -2038.529588 -2605.791630 -2789.721892 -2965.322092 -3012.989205 -2767.715482 -2617.574626 6683.068795 494002.042117 3541019.777900 1484576.836216 2509.963502 -1218.883931 -311.445713 -159.714057 -543.946090 1952719.679541 -1182.820745 -263.443524 2252.604709 -1058.981115 1092919.811166 1281839.963676 -1478.176050 -1432.204619 -1097.857586 -467.478421 522382.311276 -898.754242 -147.116509 15451.845895 -188.348222 33503.350083 3373950.802785 579149.633833 182863.004996 2418099.661426 2685732.489933 2691316.972100 2836644.719885 -337.567192 7828.335947
-9999.0 -9999.0 -9999.0 -9999.0 -9999.0 -9999.0 -9999.0 -9999.0 -9999.0 -9999.0 -9999.0 502865.760529 -838.517427 -2196.306419 -112.361695 -2052.843518 -2718.730321 -2750.610510 -3127.285640 -2863.023849 -2795.847206 -2512.915414 862.125995 1102793.525556 1091082.882945 2798700.508160 597766.072134 -273.687011 -306.046517 -169.687695 1493600.494925 3221045.704691 -1052.781187 -248.974870 -243.170427 -422.943586 -1164.644129 465366.287496 -51.010963 -1934.524124 468756.865734 -1056.293077 887.694956 -109.183762 -1172.376073 -319.797656 -1072.646931 -180.634550 -202.724148 66821.348439 1327928.110157 -278.769569 1311235.423214 324265.696187 290604.964419 55746.503944 -141.953070
-9999.0 -9999.0 -9999.0 -9999.0 -9999.0 -9999.0 -9999.0 -9999.0 -9999.0 -9999.0 2731.871739 157658.550042 -912.689740 -862.385279 -1584.540123 23394.380870 35501.085356 -2225.214785 -2833.455721 -2845.787126 -2884.657018 -2165.973541 4130746.655314 -1398.643251 15389.367129 1612102.534697 2911993.351684 1338635.232192 -1213.033988 -994.539100 62252.558912 1296902.087915 -972.738242 -201.694959 -199.692330 -161.697154 -1096.085622 711326.807084 2180732.874798 -397.990892 -921.089889 -58.797316 -660.215898 -1610.021245 74685.957961 -176.356566 -882.822651 392449.016258 221342.889125 6103.860875 581517.990945 -122.938620 281957.517871 75219.706018 -66.956497 -255.983699 -259.586287
-9999.0 -9999.0 -9999.0 -9999.0 -9999.0 -9999.0 -9999.0 -9999.0 -9999.0 -942.651426 -784.281078 96198.342852 -156.651963 507190.631826 28832.258352 14622.936665 110364.184107 -2473.836425 -2851.153260 -2868.436367 -2935.930388 -2682.700964 -2660.442970 -2666.587903 802.773992 5433302.397136 3675266.684142 -911.573491 157679.389460 1299.019477 616.566905 5317301.908166 -145.643641 -192.752708 -184.319004 -161.072457 -1035.156575 1999380.645063 936547.361023 79710.155867 2023229.896211 3982575.697436 3751460.788319 -2650.323908 -2662.707319 79045.307436 -1797.380898 638628.641406 618008.934011 257.389513 2714385.957632 -120.688207 66337.304771 -140.967922 -82.899841 1036670.018416 1075421.273832
-9999.0 -9999.0 -9999.0 -9999.0 -9999.0 -9999.0 -9999.0 -9999.0 -9999.0 -1270.941110 -976.786633 -1036.118454 4666.183409 -22.579664 148875.306355 531097.003516 -1534.736626 -2636.539629 -2896.014351 -3024.607355 -2997.119629 -3036.639024 -2526.737786 -829.289776 5418637.006643 1973763.137046 476878.840546 5308.603609 -780.885208 -883.400768 -1558.077404 5177994.027339 -609.232791 -42.196650 -325.826712 -161.933497 -162.989815 -301.661127 -1163.287863 -1060.855328 931531.787489 2760179.707578 338182.565328 -1230.149910 -2499.057780 -2589.950303 -2697.672875 -2525.652206 1363.075595 -908.772422 5251731.169076 3388868.501170 -87.737528 126232.554852 20321.145844 1263710.929288 1307540.463031
-9999.0 -9999.0 -9999.0 -9999.0 -9999.0 -9999.0 -9999.0 -9999.0 -9999.0 -9999.0 -462.538244 -939.221582 -832.083855 1112390.101930 -992.534259 97455.897932 -214.709885 -2765.898073 -2951.616591 -2937.882975 -3000.788670 -2790.877831 8145.514794 2576160.898789 1042082.545146 66767.019260 -318.226761 -1321.758865 -1153.602776 5463457.603435 5380705.919572 4533984.193058 3778304.037069 -194.116918 -1036.859898 -1011.299279 -954.585918 -1093.882631 -151.603028 -504.234963 -283.187193 -915.634321 4701.361375 27494.735633 -1941.975314 -430.050780 -2696.710121 -2616.807326 -2796.661453 -1602.861359 5256408.620548 1901808.394522 -85.512641 24810.191092 140960.611734 69990.128750 -81.881865
-9999.0 -9999.0 -9999.0 -9999.0 -9999.0 -9999.0 -9999.0 -9999.0 -9999.0 -9999.0 -273.820534 -913.403090 -1021.099939 -74.382650 -888.720242 -2362.938819 -1707.047230 -2781.169041 -2974.768694 -3005.938129 -2898.659304 -2808.678835 32335.847467 155873.461350 58220.947715 -684.918519 -1107.582794 874.258877 5507058.903708 3857945.227610 -343.915113 -370.045495 883383.830126 -168.839161 -876.797597 -1194.343606 618964.133579 82621.618198 3202266.179166 -258.488618 -1080.536992 -582.478402 510023.075250 -1080.979375 -887.049417 2617901.924046 4852.090262 -1653.772347 -2760.570369 -2743.284639 815.257233 3121609.199600 3507376.452219 -60.342437 38161.791572 -39.659338 81837.096562
-9999.0 -9999.0 -9999.0 -9999.0 -9999.0 -9999.0 -9999.0 -9999.0 -540.160108 -423.065937 -1654.214231 -467.225285 1037681.435081 334779.411630 209836.439644 -1596.785395 -2850.982381 -3046.360873 -3039.506794 -3027.527726 -3015.547387 -2990.886738 -2969.417482 -2914.637467 -2628.684502 -1010.062478 -601.892135 5595925.710591 3267867.995056 3775307.681985 -144.214409 -435.263691 -565.162448 -294.720577 -842.069183 -1084.673692 -1818.774854 10163.683704 5414919.384007 -162.714526 -184.744689 -1102.489908 1511124.118309 -157.854993 -587.521539 2541.309185 5329172.447863 411053.279776 -261.217301 -1458.250865 -659.455900 4003488.816791 1928106.852379 3156438.891457 -101.887264 -1159.125040 -126.302701
-9999.0 -9999.0 -9999.0 -9999.0 -9999.0 -9999.0 -9999.0 -9999.0 -43468199.256397 1627534.365776 3647144.994771 -192.162385 -1034.536845 3247878.093845 5374076.269168 -607.153830 -2725.900385 -2789.257641 -2999.050241 -3062.778524 -3028.885339 -3244.870913 -3305.999346 -3295.534784 -2906.188629 -2620.638078 -732.861952 170219.078283 638727.991663 -326.088211 9846.168884 -167.782672 -950.636390 -173.394744 -545.818382 -793.766763 -2758.809467 -510.621767 274515.964490 -1076.059114 -616.448456 -1512.645847 -177.271997 -1065.775999 4363.155321 685885.800158 1392249.550732 -904.299658 155203.180736 -1263.690877 -751.530272 179577.651922 2013085.539021 82985.349648 -1303.518170 313081.672999 873057.678499
-9999.0 -9999.0 -9999.0 -9999.0 -9999.0 -9999.0 -9999.0 -9999.0 -543.756253 5745.802721 54579.048566 3744151.343466 -286.639771 1397655.677079 656919.392154 5143824.848744 -2398.715645 -2808.184098 -2977.254614 -2971.165910 -3092.844858 -3218.009082 -3276.620439 -3044.147711 -3041.958994 -2768.255887 -802.332251 5604907.596390 886858.012407 -637.943941 -183.445701 -796.970227 3202648.201299 2107821.915174 -898.804804 -2497.459200 -461.591597 -1576.385483 33380.751015 451910.517915 -1026.981999 -223.362588 -660.642384 2656.158385 2191279.475523 -618.661321 -168.198844 -414.802259 3593533.969226 3033.556614 -1727.035044 -507.113530 1281115.333365 2099951.296590 344061.882055 11808.146914 -518.362177
-9999.0 -9999.0 -9999.0 -9999.0 -9999.0 -9999.0 -9999.0 -9999.0 -154.519588 -938.326921 410127.274000 684623.146738 -406.706995 1945814.111789 4343044.527738 -716.712957 -2833.247649 -2928.904053 -2953.666182 -2980.830237 -3023.518130 -3050.047847 -3108.115611 -3008.928719 -2783.096982 -2250.102838 313675.857959 5468909.516642 -964.230662 434649.109908 621191.726184 193004.314471 641.651429 651.021809 135138.122473 -1647.781840 -2859.023229 -2766.120288 -2066.797097 21988.918857 -998.241389 -982.811185 -959.900129 -552.151143 -518.507930 -203.100139 -1222.530338 -215.018265 -1141.341620 856227.556715 -112.593810 -2342.957630 -145.072998 267818.857009 -225.400748 -666.162208 -2554.876234
-9999.0 -9999.0 -9999.0 -9999.0 -9999.0 -9999.0 -9999.0 -9999.0 30749.825718 -339.534136 -2946580.887675 5519620.497550 4685901.600802 2207451.219874 -506.648092 -2365.886440 -1908.841567 -2675.222717 -2556.702540 -2797.639216 -2908.885157 -2969.651294 -2946.438676 -2877.027730 -2917.823679 -2302.963882 5474052.842621 68054.424202 -74.081993 557.846730 1900003.921344 -473.171201 -2744.249107 -1302.791970 -2444.076080 -2657.615186 -2713.541003 -2843.243004 -2809.362788 -2550.178472 -2578.575501 -2600.491231 -2540.395838 -594.694798 718743.194485 -1141.476619 191981.999965 13606.709426 263158.148165 -356.789642 -2569.509783 -2442.881517 -2234.775923 -1278.031157 -916.587974 -951.979846 -2019.628039
