erum2020/resources/simulation/Vinschgau/output-maps/psiL0004N0837.asc
ncols         63
nrows         48
xllcorner     598000.000000
yllcorner     5145000.000000
cellsize      1000.000000
NODATA_value  -9999.0
[rows 0 to 25 of 48, columns 0 to 57 of 63]
-9999.0 -9999.0 -9999.0 -9999.0 -9999.0 -9999.0 -9999.0 -9999.0 -9999.0 -9999.0 -9999.0 -9999.0 -9999.0 -9999.0 -9999.0 -9999.0 -9999.0 -9999.0 -9999.0 -9999.0 -9999.0 -9999.0 -9999.0 -9999.0 -9999.0 -9999.0 -9999.0 -9999.0 -9999.0 -9999.0 -9999.0 -9999.0 -9999.0 -9999.0 -9999.0 -9999.0 -9999.0 -9999.0 -9999.0 -9999.0 -9999.0 -9999.0 -9999.0 -9999.0 -9999.0 -9999.0 -9999.0 -9999.0 -9999.0 -9999.0 -9999.0 -9999.0 -9999.0 -9999.0 -9999.0 -9999.0 -9999.0 -9999.0
-9999.0 -9999.0 -9999.0 -9999.0 -9999.0 -9999.0 -9999.0 -9999.0 -9999.0 -9999.0 -9999.0 -9999.0 -9999.0 -9999.0 -9999.0 -9999.0 -9999.0 -9999.0 -9999.0 -9999.0 -9999.0 -9999.0 -9999.0 -9999.0 -9999.0 -9999.0 -9999.0 -91.670893 56030.890194 -74.773931 52290.708663 49969.094760 49830.513541 -9999.0 -9999.0 -9999.0 -9999.0 -9999.0 -9999.0 -9999.0 -9999.0 -9999.0 -9999.0 -9999.0 -9999.0 -9999.0 -9999.0 -9999.0 -9999.0 -9999.0 -9999.0 -9999.0 -9999.0 -9999.0 -9999.0 -9999.0 -9999.0 -9999.0
-9999.0 -9999.0 -9999.0 -9999.0 -9999.0 -9999.0 -9999.0 -9999.0 -9999.0 -9999.0 -9999.0 -9999.0 -9999.0 -9999.0 -9999.0 -9999.0 -9999.0 -9999.0 -9999.0 -9999.0 -9999.0 -9999.0 -9999.0 -9999.0 55591.987281 52326.825498 51403.073159 52713.149608 50583.294735 50519.036027 56085.312660 -9999.0 -9999.0 -9999.0 -9999.0 -9999.0 -9999.0 -9999.0 -9999.0 -9999.0 -9999.0 -9999.0 -9999.0 -9999.0 -9999.0 -9999.0 -9999.0 -9999.0 -9999.0 -9999.0 -9999.0 -9999.0 -9999.0 -9999.0 -9999.0 -9999.0 -9999.0 -9999.0
-9999.0 -9999.0 -9999.0 -9999.0 -9999.0 -9999.0 -9999.0 -9999.0 -9999.0 -9999.0 -9999.0 -9999.0 -9999.0 -9999.0 -9999.0 -9999.0 -9999.0 -9999.0 -9999.0 -9999.0 -9999.0 -9999.0 -9999.0 52998.106910 46849.057674 -739.658150 -590.367707 -1077.914913 901.371029 51007.003159 54094.987480 50714.568202 -9999.0 -9999.0 -9999.0 -9999.0 -9999.0 -9999.0 -9999.0 -9999.0 -9999.0 -9999.0 -9999.0 -9999.0 -9999.0 -9999.0 -9999.0 -9999.0 -9999.0 -9999.0 -9999.0 -9999.0 -9999.0 -9999.0 -9999.0 -9999.0 -9999.0 -9999.0
-9999.0 -9999.0 -9999.0 -9999.0 -9999.0 -9999.0 -9999.0 -9999.0 -9999.0 -9999.0 -9999.0 -9999.0 -9999.0 -9999.0 -9999.0 -9999.0 -9999.0 -9999.0 -319.409260 49524.778419 -9999.0 53976.581724 48261.769891 -884.884912 -513.315504 -1373.654895 -388.737847 -151.030271 -19.171038 1695.706431 54827.486176 52920.704539 -115.463114 -89.572944 -9999.0 -9999.0 -9999.0 -9999.0 -9999.0 -9999.0 -9999.0 -9999.0 -9999.0 -9999.0 -9999.0 -9999.0 -9999.0 -9999.0 -9999.0 -9999.0 -9999.0 -9999.0 -9999.0 -9999.0 -9999.0 -9999.0 -9999.0 -9999.0
-9999.0 -9999.0 -9999.0 -9999.0 -9999.0 -9999.0 -9999.0 -9999.0 -9999.0 -9999.0 -9999.0 -9999.0 -9999.0 -9999.0 -9999.0 -9999.0 -9999.0 -1448.145610 -847.146980 -442.027185 -107.336281 15057.811789 1888.170662 -295.325896 -493.959258 271.690045 46854.143876 47200.773266 39556.697997 16.988117 1866.938227 828.786442 -155.983012 -395.669557 -400.169931 -271.312972 -9999.0 -9999.0 -9999.0 -9999.0 -9999.0 -9999.0 -9999.0 -9999.0 -9999.0 -9999.0 -9999.0 -9999.0 -9999.0 -9999.0 -9999.0 -9999.0 -9999.0 -9999.0 -9999.0 -9999.0 -9999.0 -9999.0
-9999.0 -9999.0 -9999.0 -9999.0 -9999.0 -9999.0 -9999.0 -9999.0 -9999.0 -9999.0 -9999.0 -9999.0 -9999.0 44874.743501 -338.171994 -867.845033 -1633.424112 -1453.250942 -1387.081917 -922.644586 -557.642787 -589.035035 -609.252195 -433.422831 794.330831 51807.314793 -648.487000 42463.822042 40761.781590 23131.009540 20845.390960 48413.287716 48289.373882 48249.786576 15077.961004 -120.464758 -9999.0 -9999.0 -9999.0 -9999.0 -9999.0 -9999.0 -9999.0 -9999.0 -9999.0 -9999.0 -9999.0 -9999.0 -9999.0 -9999.0 -9999.0 -9999.0 -9999.0 -9999.0 -9999.0 -9999.0 -9999.0 -9999.0
-9999.0 -9999.0 -9999.0 -9999.0 -9999.0 -9999.0 -9999.0 -9999.0 -9999.0 -9999.0 -9999.0 -9999.0 -9999.0 31405.606939 -523.108717 -985.580763 -1447.668300 -415.284215 -4657.233152 -797.121172 -1359.206672 -434.747060 -489.899718 -391.350508 1475.853357 34808.719339 54266.428864 -62.116283 -66.178531 56934.608870 56747.921707 49792.428020 -70.869153 -101.666467 -85.987519 -9999.0 -9999.0 -9999.0 -9999.0 -9999.0 -9999.0 -9999.0 -9999.0 -9999.0 -9999.0 -9999.0 -9999.0 -9999.0 -9999.0 -9999.0 -9999.0 -9999.0 -9999.0 -9999.0 -9999.0 -9999.0 -9999.0 -9999.0
-9999.0 -9999.0 -9999.0 -9999.0 -9999.0 -9999.0 -9999.0 -9999.0 -9999.0 -9999.0 -9999.0 -9999.0 -9999.0 -598.989079 688.012232 -702.283693 -1063.338434 -1336.567423 -5461.705790 -1431.852905 -338.019314 -260.727723 1748.332530 25691.753010 84.654996 4480.414881 -182.582697 -99.617394 55667.231892 -104.858589 34919.116648 -59.874582 -113.171391 -62.161834 -80.042769 -9999.0 -9999.0 -9999.0 -9999.0 -9999.0 -9999.0 -9999.0 -9999.0 -9999.0 -9999.0 -9999.0 -9999.0 -9999.0 -9999.0 -9999.0 -9999.0 -9999.0 -9999.0 -9999.0 -9999.0 -9999.0 -9999.0 -9999.0
-9999.0 -9999.0 -9999.0 -9999.0 -9999.0 -9999.0 -9999.0 -9999.0 -9999.0 -9999.0 -9999.0 -9999.0 -520.993644 6255.317134 -467.928081 -370.314451 -526.400399 -847.518784 -499.395025 -382.040740 -565.098012 22886.008681 35827.998069 37333.999270 33844.181034 57784.015484 30741.110922 56495.859013 55722.992980 -40.473644 1052.699840 -108.903350 23927.129653 -100.099580 -9999.0 -9999.0 -9999.0 -9999.0 -9999.0 -9999.0 -9999.0 -9999.0 -9999.0 -9999.0 -9999.0 -9999.0 -9999.0 -9999.0 -9999.0 -9999.0 -9999.0 -9999.0 -9999.0 -9999.0 -9999.0 -9999.0 -9999.0 -9999.0
-9999.0 -9999.0 -9999.0 -9999.0 -9999.0 -9999.0 -9999.0 -9999.0 -9999.0 -9999.0 -9999.0 55830.597062 -238.025552 349.659745 -423.648608 19283.827152 -291.269615 -742.004629 49.743721 -35.480232 -809.667751 -324.212867 60815.804403 58082.569671 6676.954292 56093.997386 28760.476423 51796.415173 54604.474108 -49.036772 -94.011959 19081.022259 -69.805603 -103.348426 -119.402101 -109.387051 52499.635007 3970.180732 -922.336870 -9999.0 -9999.0 -9999.0 -280.826011 -9999.0 -9999.0 -9999.0 -9999.0 -9999.0 -9999.0 -9999.0 -9999.0 -9999.0 -9999.0 -9999.0 -9999.0 -9999.0 -9999.0 -9999.0
-9999.0 -9999.0 -9999.0 -9999.0 -9999.0 -9999.0 -9999.0 -9999.0 -9999.0 -9999.0 -9999.0 56554.124403 -345.181842 -236.444839 -518.920158 48635.318019 -693.644562 -1021.501077 -441.798361 -323.682482 -268.831073 30206.381062 57548.107764 58576.393553 58828.856146 54630.132220 55820.654469 55692.024764 30501.100684 -69.901170 42874.797564 42273.810021 54237.696534 49123.632101 47973.396764 54863.639273 53033.085696 -768.854042 -633.260489 -159.252181 -121.176458 -93.986872 43461.728007 -86.697971 -9999.0 -9999.0 -9999.0 45863.961780 48686.969551 -70.267045 51135.620973 -80.755591 -77.255629 46966.496758 47699.355415 -35.577922 -9999.0 -9999.0
-9999.0 -9999.0 -9999.0 -9999.0 -9999.0 -9999.0 -9999.0 -9999.0 -9999.0 -9999.0 -9999.0 40543.853569 54577.825693 44051.761552 21699.069603 27900.165592 -288.996428 -576.634366 -380.630605 -446.546623 -436.242724 1565.127132 50746.194594 57857.098883 55907.220917 -75.487189 51680.251010 52052.456930 -72.994364 51300.162624 -71.445611 51652.751144 42632.479116 53423.084262 -86.419066 28209.883583 51697.784846 -910.101663 -1319.708050 -298.196442 15424.683016 51311.142980 52908.875463 55322.604340 53517.672079 -9999.0 -94.055700 44833.902574 47216.842505 46971.344252 47667.261309 -56.835207 48202.951493 48661.997528 48431.997655 45226.064791 -9999.0 -9999.0
-9999.0 -9999.0 -9999.0 -9999.0 -9999.0 -9999.0 -9999.0 -9999.0 -9999.0 -9999.0 -9999.0 -9999.0 56910.382816 52966.804210 36894.913057 34398.224248 -450.667842 -676.826226 -291.832991 -380.781423 -497.546226 1573.060381 6251.224546 43403.748933 57442.335629 59171.055374 -55.124172 50543.488127 47657.907357 -89.551070 55984.666630 59027.920059 58904.321650 53767.300824 51508.905270 55871.178285 9098.433224 -1617.901183 -1614.078133 -1401.574577 -694.706803 -187.203928 41847.034863 58270.364447 -118.769948 48390.667504 -108.060668 48593.843720 37270.718266 38822.305167 35683.487862 30524.347043 31335.294457 30530.929347 30438.846365 48851.495372 48597.773016 -9999.0
-9999.0 -9999.0 -9999.0 -9999.0 -9999.0 -9999.0 -9999.0 -9999.0 -9999.0 -9999.0 -9999.0 52259.586783 64902.946217 63026.523957 53191.706530 44094.532394 94.230034 -448.954438 -301.479727 -675.564713 -552.741541 377.617013 31865.973097 50519.280377 52340.573067 51020.047560 49456.125738 55948.530543 53657.127796 -93.904123 48472.503806 49284.597902 21031.845828 50065.925378 49093.258228 55584.177268 55805.214216 -1528.660579 -2274.881248 -1203.436054 -1287.118759 -979.840617 20590.278075 -966.185441 48282.682692 56226.919303 55329.816493 -237.486381 -211.055491 18115.410100 -178.918902 52935.453710 13045.762706 -104.313413 -135.359022 -79.182309 -70.974791 -9999.0
-9999.0 -9999.0 -9999.0 -9999.0 -9999.0 -9999.0 -9999.0 -9999.0 -9999.0 -9999.0 13869.467427 46331.233906 53391.810960 52769.110530 40475.557225 41512.748059 44796.273214 15.888244 -970.964725 -639.482060 -180.289704 -6.108858 64079.136085 42724.046915 23065.297228 14401.120731 56787.615463 -732.653945 59523.102443 60271.125372 19882.853822 20986.940048 59581.038861 52909.026669 -76.783288 -94.409795 60233.201107 41577.665233 -537.318708 297.069012 241.704017 -223.906638 -62.544696 -117.433759 47318.525304 -83.194201 54342.894397 37128.868545 38877.521091 25337.295393 -727.748643 -71.368454 -102.334507 -46.008442 -73.882537 34162.369277 34064.499236 -9999.0
-9999.0 -9999.0 -9999.0 -9999.0 -9999.0 -9999.0 -9999.0 -9999.0 -9999.0 53753.393877 55870.403697 10715.048058 15625.174322 47783.060305 44120.439884 45764.510510 41392.113449 10425.555796 -800.238237 -1016.403886 -286.866581 -722.061923 -442.488231 -165.427255 636.037585 81579.160921 55820.371229 52470.895218 59063.123266 55576.524566 851.519927 70935.732747 -52.610566 -78.812846 -90.812655 -91.781928 19707.448007 66741.800964 56119.984203 58350.846706 66370.518667 58314.701054 63960.185130 -517.521235 -333.873984 34390.317219 36056.618261 46015.629927 46380.122312 276.764800 20029.842933 -68.662144 -63.883646 -44.564990 -71.622480 1581.145289 1712.292475 -47.888496
-9999.0 -9999.0 -9999.0 -9999.0 -9999.0 -9999.0 -9999.0 -9999.0 -9999.0 18481.816412 24223.581352 51809.623830 33354.404088 13073.540142 40101.222055 47225.196637 39569.780475 31.361579 -868.054378 -527.787905 -448.184810 -597.475591 -272.555836 14762.467812 77267.758575 53358.687634 45588.722946 23806.701469 127.612396 11373.674270 48741.815661 62353.696588 42179.020201 52362.299141 55205.936570 -92.743781 -83.657042 -78.216458 57982.217191 61705.779276 46892.175487 54615.320354 44257.043827 -118.721794 -437.548953 -330.695177 -280.880404 64.331707 16076.699025 494.524906 76831.706168 51054.879567 -69.344272 37507.588497 29196.088187 32561.891584 30654.976798 29452.219098
-9999.0 -9999.0 -9999.0 -9999.0 -9999.0 -9999.0 -9999.0 -9999.0 -9999.0 -9999.0 55070.579471 56637.472230 56794.596404 52545.230372 1368.161439 37002.317901 15378.217550 -345.551153 -901.588963 -586.975069 -341.653125 -761.688518 684.246802 52368.035429 50422.656637 34550.722827 603.962130 -86.197616 54969.863863 79445.062388 78146.258573 82864.472987 54381.108676 46715.188471 47648.441941 47483.358523 50256.608554 58513.847240 -63.616453 50225.073605 59076.195187 60603.018299 50866.169356 41004.464095 865.910457 68.167027 -371.072012 -247.473311 -297.112615 609.052307 65807.432401 46669.054260 -81.381293 -58.122829 37785.964966 42235.594553 42306.728466 66495.016694
-9999.0 -9999.0 -9999.0 -9999.0 -9999.0 -9999.0 -9999.0 -9999.0 -9999.0 -9999.0 45076.672710 50238.841871 60330.812089 24332.385476 -97.593487 -453.167730 -204.509897 -753.664055 -875.155536 -1267.146154 -1300.896436 -752.574375 3209.859170 39182.354227 33737.071359 50.491918 45.589270 1115.834882 69671.241402 57523.539921 52719.501930 52847.597813 -252.900420 53416.593950 60077.034125 58134.336224 42207.900383 53051.423198 59176.529098 57059.992349 59631.571694 53112.328508 58294.561944 62908.875216 64482.622795 80770.659526 46337.612754 874.329294 -338.355527 45.365511 31074.673979 42394.781012 40198.326848 -47.883325 -54.190942 -64.117886 51809.757768 57234.747048
-9999.0 -9999.0 -9999.0 -9999.0 -9999.0 -9999.0 -9999.0 -9999.0 59468.752926 56068.875914 51698.407755 55592.842967 55594.176878 55625.237031 65593.336738 -350.893703 -911.550298 -615.047195 -701.996146 -1579.572986 -1598.521143 -1068.867427 -919.937221 -744.002556 108.854603 -282.933772 -152.105705 76456.100686 59492.655919 55209.094481 -70.207141 38904.803081 50384.631723 55044.410858 55893.015707 61808.924719 47065.904363 58669.258740 83816.432932 -83.649619 -110.905692 34344.094980 -146.022554 -68.198681 -112.033258 19707.881692 82877.279870 60512.360199 618.079257 44.292913 2127.821277 40564.680291 38798.015031 40575.508776 -93.677310 50047.479126 -73.687555 48418.440106
-9999.0 -9999.0 -9999.0 -9999.0 -9999.0 -9999.0 -9999.0 -9999.0 -12.976106 27090.071697 53922.411665 54977.216517 59039.421354 54124.735486 71938.969078 60.793904 -618.754023 -725.682254 -1415.184367 -1579.548361 -479.756518 -567.231389 -578.475783 -572.417976 -945.334386 -484.719883 -167.854269 40934.531698 -256.608561 53988.116727 52470.820401 -164.252008 21704.106843 -156.566449 42196.125497 59537.386167 43566.021046 17065.816738 56298.622728 60420.382674 57839.954880 -26.136783 -119.024740 57793.654782 58381.581001 54016.134777 -228.141795 58585.664996 57482.892676 -299.241091 42.177350 49001.407427 61289.811237 51456.665255 53571.068199 -716.650285 49701.608603 31436.876021
-9999.0 -9999.0 -9999.0 -9999.0 -9999.0 -9999.0 -9999.0 -9999.0 53011.752058 54139.934350 50201.356319 56090.354096 55085.862433 -205.157420 50122.496439 69816.104414 -487.458121 -539.200087 -1379.674120 -553.541261 -1617.411295 -756.914255 -635.624844 -1170.043845 -541.702847 -603.849985 -300.466094 84591.517435 -685.672829 50848.054097 -184.405219 37677.216521 51134.012226 46262.301952 51593.677725 45961.646399 55545.841148 44.236238 58360.968175 53484.500964 53467.435358 -174.800405 56100.698531 56067.540378 50125.291542 55577.626351 -123.309682 59204.024614 59157.604680 473.425125 -276.706380 4614.679531 54528.191835 78466.321123 27590.082798 23421.347633 47.192472 45.884393
-9999.0 -9999.0 -9999.0 -9999.0 -9999.0 -9999.0 -9999.0 -9999.0 -102.748776 55985.053935 -34.876536 -655.756939 55984.110556 46892.165433 69695.496467 -257.912286 -982.251791 -1228.560941 -446.373820 -1549.992615 -1412.664673 -1386.896724 -731.668315 -1167.216989 -965.313850 -496.392671 31522.435058 79419.512358 51885.528922 66028.740286 58871.459997 58707.050544 54512.639447 51150.215034 56138.656774 46771.218820 2717.627640 -589.855152 -226.009454 58583.575835 58120.890541 62235.095801 61059.568153 -135.465226 56007.495648 -110.694536 59601.768349 -128.823767 54284.165758 48854.043090 342.591134 -225.232072 684.251442 10083.393861 6419.356049 53.306799 51.364952 82.191216
-9999.0 -9999.0 -9999.0 -9999.0 -9999.0 -9999.0 -9999.0 -9999.0 50173.796420 60848.252243 3187.179489 84088.060843 84190.363687 83477.266320 8934.403704 49.494334 -50.261690 -580.166389 -520.537878 -715.684481 -1218.782851 -1097.793155 -1334.516684 -1353.717771 -471.653951 -421.392510 73053.800731 34482.763050 1399.839062 1933.693155 54768.605326 4155.444350 52.792078 97.595414 384.798039 -319.231803 -357.225759 -681.969203 -610.401620 -106.070171 209.299364 -187.806999 16057.869151 -145.282429 48902.589226 47482.324416 45763.139426 41242.338350 41423.527164 850.549956 -255.432342 -542.393991 -335.480092 -289.992200 135.919480 126.267550 50.744276 -129.035286
-9999.0 -9999.0 54761.864701 56895.803724 -54.887071 53176.602718 50697.675143 49947.861557 51358.660711 54401.224828 52373.393280 52878.033218 58455.122669 41472.084758 2.930906 41.285379 3926.288129 75633.803125 46961.186172 -242.994486 -736.203676 -778.425167 -166.446186 -1813.177677 -1104.691928 -741.956016 -344.130538 -418.008174 -421.495920 -133.022970 461.657395 -377.200417 58.432789 -440.422478 -316.566921 -625.570162 -458.210347 -838.478835 -786.273103 -632.386180 -395.608056 -304.815419 -394.377128 -262.733177 66.855697 491.856941 -88.056727 -334.083416 -297.071568 -371.245748 -478.112329 -556.262665 -154.522150 50.062361 50.845268 50.601939 54.626583 -224.959215
