erum2020/resources/simulation/Vinschgau/output-maps/psiL0004N0045.asc
ncols         63
nrows         48
xllcorner     598000.000000
yllcorner     5145000.000000
cellsize      1000.000000
NODATA_value  -9999.0
[rows 0 to 25 of 48, columns 0 to 58 of 63]
-9999.0 -9999.0 -9999.0 -9999.0 -9999.0 -9999.0 -9999.0 -9999.0 -9999.0 -9999.0 -9999.0 -9999.0 -9999.0 -9999.0 -9999.0 -9999.0 -9999.0 -9999.0 -9999.0 -9999.0 -9999.0 -9999.0 -9999.0 -9999.0 -9999.0 -9999.0 -9999.0 -9999.0 -9999.0 -9999.0 -9999.0 -9999.0 -9999.0 -9999.0 -9999.0 -9999.0 -9999.0 -9999.0 -9999.0 -9999.0 -9999.0 -9999.0 -9999.0 -9999.0 -9999.0 -9999.0 -9999.0 -9999.0 -9999.0 -9999.0 -9999.0 -9999.0 -9999.0 -9999.0 -9999.0 -9999.0 -9999.0 -9999.0 -9999.0
-9999.0 -9999.0 -9999.0 -9999.0 -9999.0 -9999.0 -9999.0 -9999.0 -9999.0 -9999.0 -9999.0 -9999.0 -9999.0 -9999.0 -9999.0 -9999.0 -9999.0 -9999.0 -9999.0 -9999.0 -9999.0 -9999.0 -9999.0 -9999.0 -9999.0 -9999.0 -9999.0 -945.093429 -628.334603 -951.844679 -673.958600 -1443.805270 -1468.820684 -9999.0 -9999.0 -9999.0 -9999.0 -9999.0 -9999.0 -9999.0 -9999.0 -9999.0 -9999.0 -9999.0 -9999.0 -9999.0 -9999.0 -9999.0 -9999.0 -9999.0 -9999.0 -9999.0 -9999.0 -9999.0 -9999.0 -9999.0 -9999.0 -9999.0 -9999.0
-9999.0 -9999.0 -9999.0 -9999.0 -9999.0 -9999.0 -9999.0 -9999.0 -9999.0 -9999.0 -9999.0 -9999.0 -9999.0 -9999.0 -9999.0 -9999.0 -9999.0 -9999.0 -9999.0 -9999.0 -9999.0 -9999.0 -9999.0 -9999.0 -281.393901 -539.759273 -761.277597 -705.791096 -735.873738 -600.941996 -582.741631 -9999.0 -9999.0 -9999.0 -9999.0 -9999.0 -9999.0 -9999.0 -9999.0 -9999.0 -9999.0 -9999.0 -9999.0 -9999.0 -9999.0 -9999.0 -9999.0 -9999.0 -9999.0 -9999.0 -9999.0 -9999.0 -9999.0 -9999.0 -9999.0 -9999.0 -9999.0 -9999.0 -9999.0
-9999.0 -9999.0 -9999.0 -9999.0 -9999.0 -9999.0 -9999.0 -9999.0 -9999.0 -9999.0 -9999.0 -9999.0 -9999.0 -9999.0 -9999.0 -9999.0 -9999.0 -9999.0 -9999.0 -9999.0 -9999.0 -9999.0 -9999.0 -622.771611 -129.095233 -317.365869 -227.742339 -382.612067 48.728696 -755.451677 -724.165956 -377.135879 -9999.0 -9999.0 -9999.0 -9999.0 -9999.0 -9999.0 -9999.0 -9999.0 -9999.0 -9999.0 -9999.0 -9999.0 -9999.0 -9999.0 -9999.0 -9999.0 -9999.0 -9999.0 -9999.0 -9999.0 -9999.0 -9999.0 -9999.0 -9999.0 -9999.0 -9999.0 -9999.0
-9999.0 -9999.0 -9999.0 -9999.0 -9999.0 -9999.0 -9999.0 -9999.0 -9999.0 -9999.0 -9999.0 -9999.0 -9999.0 -9999.0 -9999.0 -9999.0 -9999.0 -9999.0 -314.662874 -390.920443 -9999.0 -561.173834 -266.897340 -267.669049 -343.653167 -366.161422 -353.019753 -436.855731 -470.390203 -387.612145 -1007.892047 -632.053168 -955.213441 -951.654562 -9999.0 -9999.0 -9999.0 -9999.0 -9999.0 -9999.0 -9999.0 -9999.0 -9999.0 -9999.0 -9999.0 -9999.0 -9999.0 -9999.0 -9999.0 -9999.0 -9999.0 -9999.0 -9999.0 -9999.0 -9999.0 -9999.0 -9999.0 -9999.0 -9999.0
-9999.0 -9999.0 -9999.0 -9999.0 -9999.0 -9999.0 -9999.0 -9999.0 -9999.0 -9999.0 -9999.0 -9999.0 -9999.0 -9999.0 -9999.0 -9999.0 -9999.0 -705.935942 -530.451082 -572339.588477 -966.882840 -404.637241 -360.742448 -383.250694 -314.245984 -503.677457 -637.352107 -495.555778 -697.291987 -356.789499 -434.371530 -965.229402 -984.724203 -964.538454 -948.201360 -951.451650 -9999.0 -9999.0 -9999.0 -9999.0 -9999.0 -9999.0 -9999.0 -9999.0 -9999.0 -9999.0 -9999.0 -9999.0 -9999.0 -9999.0 -9999.0 -9999.0 -9999.0 -9999.0 -9999.0 -9999.0 -9999.0 -9999.0 -9999.0
-9999.0 -9999.0 -9999.0 -9999.0 -9999.0 -9999.0 -9999.0 -9999.0 -9999.0 -9999.0 -9999.0 -9999.0 -9999.0 -584.532866 -340.137930 -505.157523 -626.725874 -664.680233 -663.027770 -535.877378 -404.900743 -446.782705 -556.842351 -317.072282 -241.415459 -569.643316 -1036.506358 -598.663556 -626.088436 -451.208731 -649.768552 -612.911612 -556.728501 -692.833129 -952.229111 -951.558093 -9999.0 -9999.0 -9999.0 -9999.0 -9999.0 -9999.0 -9999.0 -9999.0 -9999.0 -9999.0 -9999.0 -9999.0 -9999.0 -9999.0 -9999.0 -9999.0 -9999.0 -9999.0 -9999.0 -9999.0 -9999.0 -9999.0 -9999.0
-9999.0 -9999.0 -9999.0 -9999.0 -9999.0 -9999.0 -9999.0 -9999.0 -9999.0 -9999.0 -9999.0 -9999.0 -9999.0 -330.962028 -373.176854 -547.782872 -555.833733 -305.576940 -653.462003 -512.561761 -593.288611 -335.878777 -478.151557 -442.315700 199.597381 -607.269537 -558.312652 -952.061437 -951.607717 -680.960250 -565.646318 -686.370516 -951.916632 -952.140384 -952.164238 -9999.0 -9999.0 -9999.0 -9999.0 -9999.0 -9999.0 -9999.0 -9999.0 -9999.0 -9999.0 -9999.0 -9999.0 -9999.0 -9999.0 -9999.0 -9999.0 -9999.0 -9999.0 -9999.0 -9999.0 -9999.0 -9999.0 -9999.0 -9999.0
-9999.0 -9999.0 -9999.0 -9999.0 -9999.0 -9999.0 -9999.0 -9999.0 -9999.0 -9999.0 -9999.0 -9999.0 -9999.0 -386.458812 -370.314318 -467.535163 -517.086517 -552.982349 -628.859546 -550.361188 -293.820592 -1548.541494 -178.528144 -686.566578 -571.338571 -749.761733 -945.293366 -951.646997 -815.730499 -951.709203 -684.334469 -952.273981 -951.746596 -951.089791 -951.325226 -9999.0 -9999.0 -9999.0 -9999.0 -9999.0 -9999.0 -9999.0 -9999.0 -9999.0 -9999.0 -9999.0 -9999.0 -9999.0 -9999.0 -9999.0 -9999.0 -9999.0 -9999.0 -9999.0 -9999.0 -9999.0 -9999.0 -9999.0 -9999.0
-9999.0 -9999.0 -9999.0 -9999.0 -9999.0 -9999.0 -9999.0 -9999.0 -9999.0 -9999.0 -9999.0 -9999.0 -405.804842 -365.174386 -361.108567 -788.573398 -360.336471 -538.597836 -254.913570 -3382.022412 -478.307475 -508.332745 -1657.896644 -498.518105 -792.349741 -672.581651 -534.431041 -389.284091 -693.439572 -951.767096 -680.345733 -951.701329 -676.321482 -951.197267 -9999.0 -9999.0 -9999.0 -9999.0 -9999.0 -9999.0 -9999.0 -9999.0 -9999.0 -9999.0 -9999.0 -9999.0 -9999.0 -9999.0 -9999.0 -9999.0 -9999.0 -9999.0 -9999.0 -9999.0 -9999.0 -9999.0 -9999.0 -9999.0 -9999.0
-9999.0 -9999.0 -9999.0 -9999.0 -9999.0 -9999.0 -9999.0 -9999.0 -9999.0 -9999.0 -9999.0 -406.319710 -150.119796 -355.112459 -452.683311 -490.533080 -1185.269714 -499.258312 -271.539342 -3166.256573 -610.943023 -432.173792 -454.816898 -689.219102 -654.161087 -545.923469 -673.525327 -502.514456 -373.493704 -952.112561 -948.247546 -521.357542 -950.990562 -951.810893 -962.007189 -982.128740 -559.206601 -621.104907 -361.750727 -9999.0 -9999.0 -9999.0 -950.573141 -9999.0 -9999.0 -9999.0 -9999.0 -9999.0 -9999.0 -9999.0 -9999.0 -9999.0 -9999.0 -9999.0 -9999.0 -9999.0 -9999.0 -9999.0 -9999.0
-9999.0 -9999.0 -9999.0 -9999.0 -9999.0 -9999.0 -9999.0 -9999.0 -9999.0 -9999.0 -9999.0 -495.456268 -573.038793 -304.915137 318.000331 -746.718308 -419.823006 -604.669233 -290.627274 -366.416583 -305.941693 -222.159405 -277.065393 -577.514166 -616.331306 -671.874913 -539.441195 -924.069688 -939.425200 -951.905343 -1018.082043 -671.971367 -572.688541 -437.314363 -555.699516 -611.605670 -495.580657 -635.504331 -663.097494 -1017.980428 -1019.498735 -967.075102 -434.166502 -949.749261 -9999.0 -9999.0 -9999.0 -343.990998 -439.604011 -948.750303 -539.962810 -947.014893 -945.073371 -128.561122 54.595422 -936.199177 -9999.0 -9999.0 -9999.0
-9999.0 -9999.0 -9999.0 -9999.0 -9999.0 -9999.0 -9999.0 -9999.0 -9999.0 -9999.0 -9999.0 -647.846152 -565.887345 -624.400941 -502.163020 -638.356251 -126.950247 -504.718502 -384.618422 -338.801645 -541.323663 -409.466870 -173.271010 -559.797862 -662.336414 -953.692002 -173.517017 -683.973573 -952.465509 -687.207616 -952.477524 -636.959302 -519.927965 -459.743948 -960.501546 -668.811974 -809.979380 -1086.731971 -821.951467 -1083.490025 -510.461377 -476.259180 -600.824384 -588.266839 -388.526194 -9999.0 -950.803177 -499.534755 -1120.331546 -558.467514 -298.738157 -909.021150 -32.568795 56.142389 62.311726 -250.203371 -9999.0 -9999.0 -9999.0
-9999.0 -9999.0 -9999.0 -9999.0 -9999.0 -9999.0 -9999.0 -9999.0 -9999.0 -9999.0 -9999.0 -9999.0 -570.723230 -611.552347 -397.398539 -443.341314 -386.484926 -468.838429 -327.841080 -308.139072 -556.029777 -410.992137 -337.380683 -214.547268 -574.935696 -126.940136 -278.291582 -1597.881747 -669.323298 -946.891337 -624.822921 -620.705721 -1095.466558 -496.033650 -563.091035 -497.840832 -608.357818 -923.941418 -938.279710 -679.458106 -553.406834 -1023.718451 -293.034281 -413.296300 -952.750774 -647.736822 -947.774412 -411.474795 -644.460117 -431.958301 183.228884 -611.216871 -338.475874 -607.497723 -611.936583 -650.848375 -109.241932 -9999.0 -9999.0
-9999.0 -9999.0 -9999.0 -9999.0 -9999.0 -9999.0 -9999.0 -9999.0 -9999.0 -9999.0 -9999.0 -227.082568 -557.180819 -1642.079360 -170.327978 -165.269360 -299.450480 -452.464711 -310.568722 -547.324500 -589.349012 -530.031731 140.447648 -273.324368 -184.187568 -338.380877 -659.470779 -655.947454 -677.840473 -950.770594 -188.730925 -161.568404 -445.445274 -407.202337 -655.118571 -462.448684 -504.881041 -523.609308 -652.256716 -770.573550 -642.875343 -515.171215 -442.031271 -29383.145598 50.249934 -481.357911 -1600.005732 -956.521538 -947.391421 -979.017238 -894.792052 -629.816861 -628.057664 -900.878808 -952.022317 -950.560324 -938.384524 -9999.0 -9999.0
-9999.0 -9999.0 -9999.0 -9999.0 -9999.0 -9999.0 -9999.0 -9999.0 -9999.0 -9999.0 -404.634227 75.093162 -332.993408 -570.660788 -346.724866 -319.306231 -196.756492 -470.102681 -579.697475 -604.355161 -384.326122 -334.511545 -548.159434 -427.909515 -434.144944 -121.171366 -638.510948 -907.169441 -36.806860 -229.602959 -315.858811 -583.252367 -364.075677 -706.036598 -951.735930 -948.145806 -400.712266 -565.660297 -851.780104 -780.546945 -684.000675 -850.519517 -854.018752 -480.275085 -240.112844 -952.263296 -1462.395179 -236.242187 -320.706021 157.420831 -943.980305 -950.732797 -951.436295 -950.243591 -950.618708 -384.013842 -320.256744 -9999.0 -9999.0
-9999.0 -9999.0 -9999.0 -9999.0 -9999.0 -9999.0 -9999.0 -9999.0 -9999.0 -587.546728 -411.219921 -670.863065 -260.824422 37.721024 42.447142 -636.283513 -633.353769 -326.578376 -587.388527 -608.310398 -413.985680 -631.549534 -595.357526 -519.526104 559.129350 -596.736050 -131.042765 -256.574975 -308.973568 -387.784500 -410.606885 -1458.421290 -952.361819 -951.844840 -951.773875 -952.330939 -590.705913 -605.734442 -616.151392 -647.700601 -654.690980 -622.073367 -654.821753 -578.235178 -490.575356 -312.191918 60.190407 -193.980834 -513.569889 -87.009378 -1085.242176 -937.466821 -950.397334 -950.511663 -940.909916 -705.369671 -588.801788 -438.902387 -943.773687
-9999.0 -9999.0 -9999.0 -9999.0 -9999.0 -9999.0 -9999.0 -9999.0 -9999.0 -916.927878 -573.228087 -589.263710 -306.422610 -399.532376 117.615291 29.835275 -385.504306 -429.576853 -617.381749 -402.078709 -420.030825 -469.706659 -164.168626 -338.955855 -668.939824 -391.385745 -409.708041 -418.203951 -363.616965 -232.914389 -585.891799 -603.096577 -668.181487 -444.490748 -599.843297 -967.549414 -961.919053 -966.836657 -675.426210 -572.264621 -627.339294 -622.047870 -241.488516 -422.029886 -450.095420 -323.919913 -385.850716 40.583425 34.084706 -314.491978 -1386.163369 -653.768640 -950.567723 -631.381474 -950.945338 -696.481497 -700.055240 -428.958064 -601.044781
-9999.0 -9999.0 -9999.0 -9999.0 -9999.0 -9999.0 -9999.0 -9999.0 -9999.0 -9999.0 -498.506411 -495.771541 -126.113461 -416.452820 -424.461466 -401.499986 -432.412105 -418.765817 -647.429358 -390.465827 -409.909986 -734.024570 -454.267331 -397.591074 -467.038812 -437.215271 -436.594955 -399.404103 -692.573650 -546.194987 -579.462730 -667.701753 -625.389980 -671.507764 -891.078728 -431.203357 -408.126969 -316.274341 -945.682406 -675.525863 -685.573911 -599.784239 -603.107382 -712.472294 -620.179474 -339.871966 -344.745158 -227.412136 37.113247 47.363568 -1341.205293 -1433.610522 -941.564753 -950.540503 -655.580612 -637.436053 -570.377875 136.831701 67.451108
-9999.0 -9999.0 -9999.0 -9999.0 -9999.0 -9999.0 -9999.0 -9999.0 -9999.0 -9999.0 -597.864049 -575.833314 -473.840937 -216.047485 -300.296750 -439.050548 -475.073265 -552.694553 -683.659747 -418.688400 -742.847705 -695.568074 -557.433260 -537.949602 -472.251633 -440.833043 -495.819293 -355.939366 -616.716455 -597.960000 -636.271379 -316.650387 -941.145923 -655.542298 -653.633484 -646.904463 -216.632613 -345.462671 -614.192422 -647.187083 -438.462938 -944.214975 -623.650025 -639.833894 -634.671850 -1467.685492 -430.725041 -647.111239 45.161086 43.779710 69.034890 -577.390204 -677.230196 -939.301515 -937.244506 -943.611358 -660.831398 -607.310143 69.287356
-9999.0 -9999.0 -9999.0 -9999.0 -9999.0 -9999.0 -9999.0 -9999.0 -239.751561 -578.374686 -1293.076917 -445.913954 -628.032624 -523.675158 -416.049049 -424.821092 -462.507973 -367.880335 -431.678775 -514.647462 -840.627550 -895.237161 -905.138002 -676.751014 -600.205747 -545.025628 -320.232480 -656.502708 -640.659966 -594.252568 -951.814454 -657.070417 -664.812157 -500.268623 -426.897243 -641.459462 -449.581729 -172.333365 -644.665016 -942.054045 -951.936664 -636.029683 -892.708462 -951.325351 -952.538330 -1000.322226 -608.400097 -515.075024 -226.394480 -179.615996 49.493773 -442.910995 -628.887998 -681.975689 -941.963041 64.075906 -332.276453 -402.705514 61.928719
-9999.0 -9999.0 -9999.0 -9999.0 -9999.0 -9999.0 -9999.0 -9999.0 -917.461389 121.906506 -735.274456 -591.577013 -556.016527 206.875821 -599.937776 -446.659774 -479.189265 -529.666115 -739.808888 -499.604777 -582.982746 -767.439712 -723.327168 -716.860559 -898.748000 -691.845778 -437.443119 -188.136204 -879.229763 -399.540881 -483.443403 -955.369958 -370.875398 -945.063710 -447.997639 -1507.929931 -66.713058 -224.014897 -711.657324 -856.919699 -626.109684 -886.148284 -951.130258 -1076.867950 -770.073733 -624.481618 -893.186197 -681.457183 -590.934606 -288.336728 40.891556 374.204430 -611.384353 -189.606098 -243.588963 -1492.786289 111.194374 62.650960 65.986215
-9999.0 -9999.0 -9999.0 -9999.0 -9999.0 -9999.0 -9999.0 -9999.0 -597.346202 -887.761574 365.811324 -652.917406 -785.472941 -909.840549 -313.602067 -616.013845 -582.749820 -452.757434 -736.335202 -445.558942 -543.853126 -709.746210 -774.344186 -797.934979 -628.775225 -751.394070 -351.507242 -285.199511 -953.201213 -756.390477 -954.756394 -144.035033 -607.524803 -1176.926214 -1054.944576 -285.449671 -610.200654 -192.519466 -663.711804 -683.594633 -344.081688 -940.784250 -417.112470 -490.240682 -636.192649 -634.948480 -946.058641 -612.045448 -612.539376 41.001364 -167.101259 70.152173 -705.373622 -596.593000 66.463845 79.561407 71.083820 58.948889 -69.944454
-9999.0 -9999.0 -9999.0 -9999.0 -9999.0 -9999.0 -9999.0 -9999.0 -951.745575 -860.961006 -284.092606 -1138.763737 -349.418308 -82.307878 -303.503623 -522.897150 -632.047282 -521.014785 -357.666577 -756.876363 -611.358427 -379.811218 -342.500532 -524.948635 -629.112294 -493.290906 -378.104593 -283.249127 -349.727720 -33.504220 -319.570868 -563.486277 46.452146 -277.260090 -1517.544315 -879.234840 -612.524889 -209.149662 -640.155016 -649.361434 -695.056503 -873.728864 -689.145967 -942.665322 -1018.602955 -951.506588 -94.751579 -879.938388 -487.123556 -768.425314 -236.696558 -57.960412 66.982346 -169.063972 68.219385 72.745227 48.299353 120.465300 50.507951
-9999.0 -9999.0 -9999.0 -9999.0 -9999.0 -9999.0 -9999.0 -9999.0 -815.427798 -563.608529 36.201077 -388.511495 -341.960699 -443.974991 -305.148750 -359.047238 -278.537837 -524.906409 -484.001075 -608.361784 -714.408643 -343.832840 -341.438164 -555.824276 -400.652393 -510.535766 -521.720779 -447.282485 -404.639084 -293.578245 -277.110537 -209.197739 48.228769 -291.841891 -883.865329 -749.283662 -146.960872 -327.553558 71.150008 -611.651649 -692.112718 -1279.945422 -265.969847 -447.210272 -671.433957 -749.087789 -681.754309 80.053016 -235.499690 54.027635 59.774179 -373.107136 -192.481967 -106.967088 266.801966 249.299159 50.836974 50.879773 -214.430512
-9999.0 -9999.0 -1802.313315 -713.255150 -696.697831 -597.130843 -140.307809 -716.153216 -829.418414 -262.711738 -464.452348 -308.345930 -401.221157 -287.704623 -201.973794 -262.098118 -404.847659 -718.973307 -443.963484 -442.279827 -613.635630 -748.130868 49.086366 101.946464 -518.358983 -610.795324 -493.676977 -461.801895 -662.220925 -369.064687 -413.423583 -429.434515 -398.559183 -456.766400 -292.755989 -272.607636 -247.008733 -454.421592 45.268485 65.560929 315.719773 54.031675 55.599261 -173.978684 -136.264421 -125.963685 39.910120 -223.550165 -84.111706 -354.545627 -376.216385 -362.647920 -350.117149 -295.126541 51.408364 50.635337 -308.218949 -240.240932 66.666230
