erum2020/resources/simulation/Vinschgau/output-maps/psiL0007N0761.asc
ncols         63
nrows         48
xllcorner     598000.000000
yllcorner     5145000.000000
cellsize      1000.000000
NODATA_value  -9999.0
[rows 0 to 25 of 48, columns 0 to 58 of 63]
-9999.0 -9999.0 -9999.0 -9999.0 -9999.0 -9999.0 -9999.0 -9999.0 -9999.0 -9999.0 -9999.0 -9999.0 -9999.0 -9999.0 -9999.0 -9999.0 -9999.0 -9999.0 -9999.0 -9999.0 -9999.0 -9999.0 -9999.0 -9999.0 -9999.0 -9999.0 -9999.0 -9999.0 -9999.0 -9999.0 -9999.0 -9999.0 -9999.0 -9999.0 -9999.0 -9999.0 -9999.0 -9999.0 -9999.0 -9999.0 -9999.0 -9999.0 -9999.0 -9999.0 -9999.0 -9999.0 -9999.0 -9999.0 -9999.0 -9999.0 -9999.0 -9999.0 -9999.0 -9999.0 -9999.0 -9999.0 -9999.0 -9999.0 -9999.0
-9999.0 -9999.0 -9999.0 -9999.0 -9999.0 -9999.0 -9999.0 -9999.0 -9999.0 -9999.0 -9999.0 -9999.0 -9999.0 -9999.0 -9999.0 -9999.0 -9999.0 -9999.0 -9999.0 -9999.0 -9999.0 -9999.0 -9999.0 -9999.0 -9999.0 -9999.0 -9999.0 -569.087863 -138.184753 -566.843845 -128.531943 -374.259459 -60.806751 -9999.0 -9999.0 -9999.0 -9999.0 -9999.0 -9999.0 -9999.0 -9999.0 -9999.0 -9999.0 -9999.0 -9999.0 -9999.0 -9999.0 -9999.0 -9999.0 -9999.0 -9999.0 -9999.0 -9999.0 -9999.0 -9999.0 -9999.0 -9999.0 -9999.0 -9999.0
-9999.0 -9999.0 -9999.0 -9999.0 -9999.0 -9999.0 -9999.0 -9999.0 -9999.0 -9999.0 -9999.0 -9999.0 -9999.0 -9999.0 -9999.0 -9999.0 -9999.0 -9999.0 -9999.0 -9999.0 -9999.0 -9999.0 -9999.0 -9999.0 -28.177153 -33.863945 -20.328877 -20.288568 -21.092754 -86.722569 -157.985102 -9999.0 -9999.0 -9999.0 -9999.0 -9999.0 -9999.0 -9999.0 -9999.0 -9999.0 -9999.0 -9999.0 -9999.0 -9999.0 -9999.0 -9999.0 -9999.0 -9999.0 -9999.0 -9999.0 -9999.0 -9999.0 -9999.0 -9999.0 -9999.0 -9999.0 -9999.0 -9999.0 -9999.0
-9999.0 -9999.0 -9999.0 -9999.0 -9999.0 -9999.0 -9999.0 -9999.0 -9999.0 -9999.0 -9999.0 -9999.0 -9999.0 -9999.0 -9999.0 -9999.0 -9999.0 -9999.0 -9999.0 -9999.0 -9999.0 -9999.0 -9999.0 -36.281740 -9.402700 -256.612121 -414.473491 -20803.598213 -12041.875089 -169.270701 -148.933363 -160.258802 -9999.0 -9999.0 -9999.0 -9999.0 -9999.0 -9999.0 -9999.0 -9999.0 -9999.0 -9999.0 -9999.0 -9999.0 -9999.0 -9999.0 -9999.0 -9999.0 -9999.0 -9999.0 -9999.0 -9999.0 -9999.0 -9999.0 -9999.0 -9999.0 -9999.0 -9999.0 -9999.0
-9999.0 -9999.0 -9999.0 -9999.0 -9999.0 -9999.0 -9999.0 -9999.0 -9999.0 -9999.0 -9999.0 -9999.0 -9999.0 -9999.0 -9999.0 -9999.0 -9999.0 -9999.0 283.672929 -40.420768 -9999.0 -24.951042 -10.048023 -19142.948768 -397.369391 -20364.926725 -6.053213 226.618317 348.768531 -408.858257 -132.880401 -129.514962 -565.210607 -563.663056 -9999.0 -9999.0 -9999.0 -9999.0 -9999.0 -9999.0 -9999.0 -9999.0 -9999.0 -9999.0 -9999.0 -9999.0 -9999.0 -9999.0 -9999.0 -9999.0 -9999.0 -9999.0 -9999.0 -9999.0 -9999.0 -9999.0 -9999.0 -9999.0 -9999.0
-9999.0 -9999.0 -9999.0 -9999.0 -9999.0 -9999.0 -9999.0 -9999.0 -9999.0 -9999.0 -9999.0 -9999.0 -9999.0 -9999.0 -9999.0 -9999.0 -9999.0 -613.932092 -598.488030 -21299.124574 -591.639951 112.738475 -382.636863 -12039.362287 -84.000134 -441.361193 -394.498231 -216.028600 -375.481204 335.709024 -13.463167 -99.653566 -567.053397 -564.764780 -555.134571 -555.404141 -9999.0 -9999.0 -9999.0 -9999.0 -9999.0 -9999.0 -9999.0 -9999.0 -9999.0 -9999.0 -9999.0 -9999.0 -9999.0 -9999.0 -9999.0 -9999.0 -9999.0 -9999.0 -9999.0 -9999.0 -9999.0 -9999.0 -9999.0
-9999.0 -9999.0 -9999.0 -9999.0 -9999.0 -9999.0 -9999.0 -9999.0 -9999.0 -9999.0 -9999.0 -9999.0 -9999.0 -134.082490 -273.238055 -278.037832 -791.288077 -591.830519 -602.218758 -18982.599130 -388.335145 -433.940745 -17290.654114 -110.652916 -375.905052 -28.450870 -11620.108603 -6757.561685 -8769.060434 -282.741653 8599.157756 -21.297707 -114.378816 -136.836786 -556.397070 -555.592735 -9999.0 -9999.0 -9999.0 -9999.0 -9999.0 -9999.0 -9999.0 -9999.0 -9999.0 -9999.0 -9999.0 -9999.0 -9999.0 -9999.0 -9999.0 -9999.0 -9999.0 -9999.0 -9999.0 -9999.0 -9999.0 -9999.0 -9999.0
-9999.0 -9999.0 -9999.0 -9999.0 -9999.0 -9999.0 -9999.0 -9999.0 -9999.0 -9999.0 -9999.0 -9999.0 -9999.0 42.377012 -315.076247 -305.684826 -646.321502 100.991134 -591.414184 -509.132674 -68510.054933 -587.406114 -398.721160 -347.820206 -287.113319 -8097.834015 -178.454449 -557.441297 -556.541375 -6522.000972 -170.469893 -166.895978 -556.927575 -557.666803 -556.613255 -9999.0 -9999.0 -9999.0 -9999.0 -9999.0 -9999.0 -9999.0 -9999.0 -9999.0 -9999.0 -9999.0 -9999.0 -9999.0 -9999.0 -9999.0 -9999.0 -9999.0 -9999.0 -9999.0 -9999.0 -9999.0 -9999.0 -9999.0 -9999.0
-9999.0 -9999.0 -9999.0 -9999.0 -9999.0 -9999.0 -9999.0 -9999.0 -9999.0 -9999.0 -9999.0 -9999.0 -9999.0 -388.302832 537.529911 -211.428165 -366.963843 -569.611187 -591.090979 -695.184560 -2.229789 -16845.793713 -380.795661 -385.764753 -256.567674 -197.219983 -569.336368 -556.592938 -135.471641 -556.507697 -162.491755 -560.474264 -559.017007 -560.467216 -557.269490 -9999.0 -9999.0 -9999.0 -9999.0 -9999.0 -9999.0 -9999.0 -9999.0 -9999.0 -9999.0 -9999.0 -9999.0 -9999.0 -9999.0 -9999.0 -9999.0 -9999.0 -9999.0 -9999.0 -9999.0 -9999.0 -9999.0 -9999.0 -9999.0
-9999.0 -9999.0 -9999.0 -9999.0 -9999.0 -9999.0 -9999.0 -9999.0 -9999.0 -9999.0 -9999.0 -9999.0 -15402.614661 6846.636393 -280.491743 -216.522085 11.514568 -258.824440 -51.769447 -21209.881416 -375.575373 -309.191756 -16376.934088 -207.369603 2694.616368 -170.166373 -25.351452 -148.489688 -95.723870 -556.995286 -256.084074 -563.485926 -122.247045 -555.810157 -9999.0 -9999.0 -9999.0 -9999.0 -9999.0 -9999.0 -9999.0 -9999.0 -9999.0 -9999.0 -9999.0 -9999.0 -9999.0 -9999.0 -9999.0 -9999.0 -9999.0 -9999.0 -9999.0 -9999.0 -9999.0 -9999.0 -9999.0 -9999.0 -9999.0
-9999.0 -9999.0 -9999.0 -9999.0 -9999.0 -9999.0 -9999.0 -9999.0 -9999.0 -9999.0 -9999.0 -14.548874 -163.850071 685.627813 -223.424642 48.390571 -18993.075354 -176.381552 372.726998 -20850.936976 -13346.423764 345.293569 -110.556876 -145.157323 -7558.560670 -121.033080 -188.654847 -117.381107 2675.315925 -556.799700 -562.859164 -100.615696 -561.913958 -555.223555 -561.682365 -564.804961 -562.347833 -582.729870 -589.464182 -9999.0 -9999.0 -9999.0 -554.705804 -9999.0 -9999.0 -9999.0 -9999.0 -9999.0 -9999.0 -9999.0 -9999.0 -9999.0 -9999.0 -9999.0 -9999.0 -9999.0 -9999.0 -9999.0 -9999.0
-9999.0 -9999.0 -9999.0 -9999.0 -9999.0 -9999.0 -9999.0 -9999.0 -9999.0 -9999.0 -9999.0 -26.396716 -175.055286 -9525.107722 -220.422731 -173.057255 -302.297030 -657.400356 7.129988 379.000858 69.107229 -101.873400 -16.609354 -131.999879 -106.843477 -135.382945 -129.429475 -100.267062 -566.985253 -556.318745 -112.995158 -71.485448 -155.956888 -138.214083 -307.438191 -302.436061 -465.900500 -558.238353 -574.598889 -564.298984 -563.515577 -561.843483 -150.909008 -557.772056 -9999.0 -9999.0 -9999.0 325.855640 -156.485474 -563.945764 -134.407345 -562.036128 -561.618545 247.345375 466.746423 -555.865475 -9999.0 -9999.0 -9999.0
-9999.0 -9999.0 -9999.0 -9999.0 -9999.0 -9999.0 -9999.0 -9999.0 -9999.0 -9999.0 -9999.0 -15.355232 -35.524188 -5236.245780 351.200864 -120.959009 -132.509536 -351.320894 70.054349 10.305963 167.843080 -8356.102700 -152.439184 -19.587870 -143.274569 -569.513071 -140.544450 -14.388928 -557.663634 -154.108719 -556.373122 -2855.573238 -122.946606 -169.909309 -559.792220 -419.853339 -359.514981 -13313.304826 -572.198851 -568.252987 -584.082357 -570.447060 -248.879891 -153.871661 -178.329700 -9999.0 -557.001995 -134.518002 -115.213986 -99.527585 -226.324426 -568.351632 -221.519573 -94.304231 -192.369483 -119.858850 -9999.0 -9999.0 -9999.0
-9999.0 -9999.0 -9999.0 -9999.0 -9999.0 -9999.0 -9999.0 -9999.0 -9999.0 -9999.0 -9999.0 -9999.0 -14.956686 -49.230002 -13.347713 31.339337 -333.449603 -424.949580 372.033456 143.718643 -381.960560 -8738.790917 -9005.005660 -131.038559 -132.617642 -146.029180 168.335881 -316.988038 -130.722624 -564.874485 -121.088864 -119.009186 -368.472017 -148.984497 -217.544073 -429.405661 -721.248662 -12053.670938 -355.109364 -592.506468 -490.432697 -592.637890 -7837.512786 -19.816894 -565.413569 -138.492787 -562.549680 -140.375805 -5167.091329 -127.167565 73.421990 -61.918525 663.337912 -115.057480 -86.097683 -31.753179 -26.436442 -9999.0 -9999.0
-9999.0 -9999.0 -9999.0 -9999.0 -9999.0 -9999.0 -9999.0 -9999.0 -9999.0 -9999.0 -9999.0 -126.475596 -38.618940 -292.369089 -126.496777 -136.251706 -122.994496 -311.078446 81.122796 -73.171566 -380.063562 -399.290689 -110.872628 -8901.075781 -151.646733 -112.362635 -123.156035 -155.970017 -167.413709 -566.868600 -145.743440 -98.521632 -90.697638 -136.344253 -192.360871 -254.129843 -581.706997 -15778.180244 -980.528664 -571.743271 -16735.879805 -1587.374809 -290.796604 -11942.115181 -112.982191 -155.613127 -101.894444 -566.799026 -569.542404 -15356.275887 -7917.096932 -157.170504 -101.119802 -6897.676261 -7003.075503 -561.237294 -564.744051 -9999.0 -9999.0
-9999.0 -9999.0 -9999.0 -9999.0 -9999.0 -9999.0 -9999.0 -9999.0 -9999.0 -9999.0 2365.437999 -128.090011 -14.115977 -21.046061 -3.321261 -4.726706 -7.649547 -356.486857 -318.392994 -35.957419 383.808922 363.746512 -5268.530795 -6.369452 -146.922806 2255.272293 -4428.280432 -8918.154612 -274.192763 -109.203975 -103.467350 -20.720219 -118.399012 -142.985831 -556.335322 -563.515724 -433.393200 -376.025737 -1858.312585 -338.409852 -9603.350921 -14979.508183 -584.279330 125.610156 -174.413491 -572.037574 -115.132301 -7385.016895 -127.867141 -132.996669 -8791.630550 -558.844620 -7140.429527 -561.130611 -559.843967 -109.642074 -111.234691 -9999.0 -9999.0
-9999.0 -9999.0 -9999.0 -9999.0 -9999.0 -9999.0 -9999.0 -9999.0 -9999.0 -138.160546 -118.785239 -129.446686 -123.052822 -151.123704 -67.194644 -114.403217 -129.287770 51.330213 -520.136819 -350.998079 372.109172 -530.939986 -6541.926837 -262.066953 168.174461 -3050.505070 -173.189570 -106.672472 -9267.812366 -143.767966 -129.921199 -123782.340563 -557.563606 -556.626928 -556.842506 -556.814763 -126.494916 -283.734952 -317.608965 -239.732190 -364.076212 -300.652173 -4145.174878 -406.673340 -5904.577468 -9456.253410 -96.402335 -10753.112450 -9067.079299 227.966803 -8694.179826 -564.451314 -562.382851 -559.185345 -560.989322 -3955.498788 -86.764245 -565.838428 -563.733044
-9999.0 -9999.0 -9999.0 -9999.0 -9999.0 -9999.0 -9999.0 -9999.0 -9999.0 -220.313191 -134.422585 -130.634886 5064.770593 -168.030448 -176.149130 -161.729282 -3.793314 -153.994010 -548.071014 -79.605881 17.436412 -158.545059 125.345039 37.048666 -2719.456418 -180.384345 -159.258726 -153.241232 -169.354427 286.919441 -342.313171 -5110.646101 -122.727833 -147.448712 -110.987431 -566.326237 -568.361901 -571.817746 -252.195878 -118.116301 -121.864519 -2767.462201 -305.311284 -202.245094 103.790212 19.722260 -297.591648 -11475.392398 -10773.357289 -141.725526 -140490.129309 -6732.623945 -557.026054 -150.486756 -559.592029 -103.588713 -3399.830497 -106.687062 -571.147213
-9999.0 -9999.0 -9999.0 -9999.0 -9999.0 -9999.0 -9999.0 -9999.0 -9999.0 -9999.0 -138.371067 -112.093751 -105.360941 2433.612377 -9908.109632 -178.236673 -150.388372 -175.135111 -535.807862 -106.003233 369.099118 -6986.707349 -323.067471 -3318.498442 -177.645300 -163.378813 -172.474601 -152.962689 -333.420715 -234.638130 -2937.505574 4585.496270 -3384.337477 -145.901133 -100.085621 -80.505880 -48.242313 -17.465836 -569.275144 -146.752960 -199.940055 -15.874764 5594.315576 -2945.309215 -2638.519063 -290.124262 -3462.486330 256.365408 -11418.494949 -9331.443621 -150365.010261 -8554.862633 -562.712604 -556.696523 -51.552154 -137.682877 -25.156760 10948.361871 -6499.599306
-9999.0 -9999.0 -9999.0 -9999.0 -9999.0 -9999.0 -9999.0 -9999.0 -9999.0 -9999.0 -127.322648 -123.502363 -21.363534 -111.663773 347.484783 -488.916082 -446.666216 -199.736452 -194.357601 -577.590032 -542.908439 -550.201106 -456.833484 -220.296026 -179.407390 -180.127994 340.721638 -309.072267 -285.906397 -2353.189583 -143.829125 -24.379772 -9071.142608 -163.761886 -147.872391 -20.235263 3005.171222 -123.977143 -5965.577642 -159.927877 -121.064856 -577.665371 -104.585562 -142.271721 9.812368 -76074.669082 -103.721010 -2748.800294 -3852.580623 -8122.428612 -5776.539909 -5935.734969 -119.107329 -563.673482 -555.095649 -563.399577 -165.645576 -3827.720043 -277.487246
-9999.0 -9999.0 -9999.0 -9999.0 -9999.0 -9999.0 -9999.0 -9999.0 -20.936013 -121.668709 -351.238391 -25.696697 -59.057636 -107.985007 -326.431084 352.934790 -625.300113 -154.830847 -200.096077 -764.817964 -695.234771 -649.338778 -601.005031 -544.567804 -276.698666 250.119858 361.387523 -265.083307 -101.379590 -3994.003471 -557.642098 -131.152069 -126.956750 -146.113255 -117.233994 -194.870110 -116.041022 -116.697305 -3940.074746 -567.426450 -560.640276 -23.729298 -8017.159576 -559.048160 -588.059462 -6.626345 -2806.964681 -103.407260 -2948.791823 331.822374 -397.682789 -144898.166993 -113.634389 -5422.029675 -563.765723 -204.080800 -567.396044 -7.919800 -7763.961907
-9999.0 -9999.0 -9999.0 -9999.0 -9999.0 -9999.0 -9999.0 -9999.0 -315.174404 -121.546422 -6871.938983 -151.401839 -140.661531 -18.540941 -301.288294 -317.330170 -410.815783 -471.221223 -44914.059596 -743.102017 14.883140 -94.010348 -120.740743 -147.585593 -607.924264 149.693614 334.994524 -96.162885 -8372.105393 -125.728161 -130.809162 -568.190944 -105.602127 -568.527602 -24.858182 -19.928830 -76.410477 -103.596344 -6306.660129 -115.110085 -145.697866 -550.449486 -559.088314 -111.890336 2728.957701 -103.432062 -8159.776489 -130.488155 -3116.631512 -303.544064 -362.789619 -106.907915 -337.453699 -105.417939 -232.596339 -10102.661407 -8730.494131 -8589.464941 -8068.306229
-9999.0 -9999.0 -9999.0 -9999.0 -9999.0 -9999.0 -9999.0 -9999.0 -143.766011 -11.951952 -389.803578 -5618.835323 -23.799011 -7769.527527 -138.924411 -5097.957311 -534.785341 -376.566942 -758.503993 -90.220215 -750.403945 -230.291817 -144.463541 -433.855113 -106.938452 -396.397090 -309.461115 -294.009350 -9171.905319 -115.153951 -569.936346 -18.530536 -129.495368 -9034.036663 -20.461313 -62.824527 -4268.724330 -3491.761580 -2849.828614 -5285.211917 -123.585136 -569.003487 -25.712123 -17.967001 -114.880096 -29.836299 -567.647134 -25.740625 -116.387641 -2752.454786 305.193981 -409.650880 -6676.757333 -5602.309365 -8313.499716 -95.394462 -101.418228 -113.286207 -397.546544
-9999.0 -9999.0 -9999.0 -9999.0 -9999.0 -9999.0 -9999.0 -9999.0 -555.960121 -113.591564 0.000000 -9532.919215 -24.762293 -118.898213 -145457.272704 -387.560647 -18094.403577 -718.753353 -41.077784 -673.236914 -647.291959 -583.685047 -227.107258 -474.920357 -329.288255 -376.345397 -303.837093 -4753.484702 -12.823270 -8332.511797 -8857.759560 -7488.032837 -16552.500428 -104.999792 -13565.266796 -169.328166 -143.366925 -341.284484 -3022.088271 -6245.561560 -131.891238 -107.471571 -103.337139 -589.128633 -30.452138 -571.660031 -256.842337 -572.841483 -178.357960 -9001.273714 -284.280062 -390.361382 -416.654445 91.444427 -93.095825 -83.452895 -367.145035 479.467450 379.831994
-9999.0 -9999.0 -9999.0 -9999.0 -9999.0 -9999.0 -9999.0 -9999.0 -44.742898 -25.746619 4748.724982 -5281.278128 -5427.985217 -399.294601 102.750488 365.709729 325.320837 -378.492178 -343.787842 -454.763512 -454.441000 -457.733272 -594.679266 -655.088659 -159.581807 -494.132180 -406.107344 -156.346171 -169.063502 -117.511490 -3895.788954 -116.302755 -7395.889856 -100.904266 -7122.118128 -7253.598967 -6989.537714 -360.907953 -3848.354854 -95.286102 -7055.385267 -16390.450574 -7105.752902 -16677.763411 -8007.572422 -117.073130 -8315.806499 -7814.732948 -9452.442468 -9320.860345 -8508.318789 -488.262768 -409.635157 -227.463043 154.243851 512.882769 379.804386 380.434172 389.987360
-9999.0 -9999.0 -317.261609 -19.792702 -23.621925 -152.268168 -95.514740 -122.327655 -26.364282 -25.766208 -105.426219 -33.457440 -362.857862 -85.174284 69.124349 309.054172 -3234.561101 -252.052429 -125.626083 -321.413131 -501.376803 -128.376970 380.432053 -859.375753 -575.142964 -571.071625 -516.213928 -459.416945 -397.676559 71.677254 -393.200058 -325.211109 383.243398 -369.791364 -127.526511 -370.123479 -140.507345 -426.220493 -4494.899153 -3750.371593 -8252.458449 -8482.699876 -4592.551705 -384.889427 -3869.232777 -8002.923919 -140.845293 334.713957 -9549.747993 -265.727686 -304.192799 -146.740277 373.637057 376.181579 380.167336 378.143207 393.321539 364.811882 -310.330703
