erum2020/resources/simulation/Vinschgau/output-maps/psiL0007N0096.asc
ncols         63
nrows         48
xllcorner     598000.000000
yllcorner     5145000.000000
cellsize      1000.000000
NODATA_value  -9999.0
[rows 0 to 25 of 48, columns 0 to 58 of 63]
-9999.0 -9999.0 -9999.0 -9999.0 -9999.0 -9999.0 -9999.0 -9999.0 -9999.0 -9999.0 -9999.0 -9999.0 -9999.0 -9999.0 -9999.0 -9999.0 -9999.0 -9999.0 -9999.0 -9999.0 -9999.0 -9999.0 -9999.0 -9999.0 -9999.0 -9999.0 -9999.0 -9999.0 -9999.0 -9999.0 -9999.0 -9999.0 -9999.0 -9999.0 -9999.0 -9999.0 -9999.0 -9999.0 -9999.0 -9999.0 -9999.0 -9999.0 -9999.0 -9999.0 -9999.0 -9999.0 -9999.0 -9999.0 -9999.0 -9999.0 -9999.0 -9999.0 -9999.0 -9999.0 -9999.0 -9999.0 -9999.0 -9999.0 -9999.0
-9999.0 -9999.0 -9999.0 -9999.0 -9999.0 -9999.0 -9999.0 -9999.0 -9999.0 -9999.0 -9999.0 -9999.0 -9999.0 -9999.0 -9999.0 -9999.0 -9999.0 -9999.0 -9999.0 -9999.0 -9999.0 -9999.0 -9999.0 -9999.0 -9999.0 -9999.0 -9999.0 -595.579033 -595.145857 -593.472704 -584.126159 -582.659192 -582.676280 -9999.0 -9999.0 -9999.0 -9999.0 -9999.0 -9999.0 -9999.0 -9999.0 -9999.0 -9999.0 -9999.0 -9999.0 -9999.0 -9999.0 -9999.0 -9999.0 -9999.0 -9999.0 -9999.0 -9999.0 -9999.0 -9999.0 -9999.0 -9999.0 -9999.0 -9999.0
-9999.0 -9999.0 -9999.0 -9999.0 -9999.0 -9999.0 -9999.0 -9999.0 -9999.0 -9999.0 -9999.0 -9999.0 -9999.0 -9999.0 -9999.0 -9999.0 -9999.0 -9999.0 -9999.0 -9999.0 -9999.0 -9999.0 -9999.0 -9999.0 -620.023191 -607.139850 -595.877997 -595.301324 -597.982778 -594.305380 -587.495737 -9999.0 -9999.0 -9999.0 -9999.0 -9999.0 -9999.0 -9999.0 -9999.0 -9999.0 -9999.0 -9999.0 -9999.0 -9999.0 -9999.0 -9999.0 -9999.0 -9999.0 -9999.0 -9999.0 -9999.0 -9999.0 -9999.0 -9999.0 -9999.0 -9999.0 -9999.0 -9999.0 -9999.0
-9999.0 -9999.0 -9999.0 -9999.0 -9999.0 -9999.0 -9999.0 -9999.0 -9999.0 -9999.0 -9999.0 -9999.0 -9999.0 -9999.0 -9999.0 -9999.0 -9999.0 -9999.0 -9999.0 -9999.0 -9999.0 -9999.0 -9999.0 -615.568197 -620.060944 -479.005297 -458.853624 -822.176410 -798.441252 -593.613569 -593.703558 -598.331388 -9999.0 -9999.0 -9999.0 -9999.0 -9999.0 -9999.0 -9999.0 -9999.0 -9999.0 -9999.0 -9999.0 -9999.0 -9999.0 -9999.0 -9999.0 -9999.0 -9999.0 -9999.0 -9999.0 -9999.0 -9999.0 -9999.0 -9999.0 -9999.0 -9999.0 -9999.0 -9999.0
-9999.0 -9999.0 -9999.0 -9999.0 -9999.0 -9999.0 -9999.0 -9999.0 -9999.0 -9999.0 -9999.0 -9999.0 -9999.0 -9999.0 -9999.0 -9999.0 -9999.0 -9999.0 -204.757745 -517.383015 -9999.0 -620.061261 -620.081467 -803.345122 -383.059777 -869.650412 -924.638046 -898.439918 -52.876551 -710.927981 -593.402814 -594.054042 -593.131226 -593.216954 -9999.0 -9999.0 -9999.0 -9999.0 -9999.0 -9999.0 -9999.0 -9999.0 -9999.0 -9999.0 -9999.0 -9999.0 -9999.0 -9999.0 -9999.0 -9999.0 -9999.0 -9999.0 -9999.0 -9999.0 -9999.0 -9999.0 -9999.0 -9999.0 -9999.0
-9999.0 -9999.0 -9999.0 -9999.0 -9999.0 -9999.0 -9999.0 -9999.0 -9999.0 -9999.0 -9999.0 -9999.0 -9999.0 -9999.0 -9999.0 -9999.0 -9999.0 -893.399060 -570.093919 -774.986998 -594.572986 -925.266500 -620.869702 -683.559588 -241.995251 -693.479796 -658.326258 -641.876425 -631.529146 -1008.043951 -620.031040 -593.509514 -591.021617 -592.585030 -583.403034 -582.291725 -9999.0 -9999.0 -9999.0 -9999.0 -9999.0 -9999.0 -9999.0 -9999.0 -9999.0 -9999.0 -9999.0 -9999.0 -9999.0 -9999.0 -9999.0 -9999.0 -9999.0 -9999.0 -9999.0 -9999.0 -9999.0 -9999.0 -9999.0
-9999.0 -9999.0 -9999.0 -9999.0 -9999.0 -9999.0 -9999.0 -9999.0 -9999.0 -9999.0 -9999.0 -9999.0 -9999.0 -604.186262 -578.320104 -542.147454 -615.474880 -616.889931 -857.044240 -802.778276 -459.598501 -451.811507 -868.571812 -349.402300 -677.358829 -596.099889 -609.950055 -618.983777 -613.590076 -635.357172 -641.013585 -597.645667 -589.625081 -581.700245 -582.060242 -582.136729 -9999.0 -9999.0 -9999.0 -9999.0 -9999.0 -9999.0 -9999.0 -9999.0 -9999.0 -9999.0 -9999.0 -9999.0 -9999.0 -9999.0 -9999.0 -9999.0 -9999.0 -9999.0 -9999.0 -9999.0 -9999.0 -9999.0 -9999.0
-9999.0 -9999.0 -9999.0 -9999.0 -9999.0 -9999.0 -9999.0 -9999.0 -9999.0 -9999.0 -9999.0 -9999.0 -9999.0 -620.016915 -398.295881 -588.764771 -595.662677 -226.041886 -607.967869 -519.082651 -3155.263718 -619.938031 -472.843486 -695.543975 -670.970141 -619.451455 -594.360900 -582.708261 -582.257810 -597.695912 -637.482997 -581.849345 -582.056492 -582.012025 -582.048150 -9999.0 -9999.0 -9999.0 -9999.0 -9999.0 -9999.0 -9999.0 -9999.0 -9999.0 -9999.0 -9999.0 -9999.0 -9999.0 -9999.0 -9999.0 -9999.0 -9999.0 -9999.0 -9999.0 -9999.0 -9999.0 -9999.0 -9999.0 -9999.0
-9999.0 -9999.0 -9999.0 -9999.0 -9999.0 -9999.0 -9999.0 -9999.0 -9999.0 -9999.0 -9999.0 -9999.0 -9999.0 -591.679144 -379.845797 -379.742824 -610.224509 -609.393923 -604.407170 -557.010521 -502.836453 -612.722038 -724.831001 -666.553396 -655.606403 -654.140603 -593.685667 -582.633187 -594.254138 -582.073996 -582.139930 -582.124430 -582.187789 -582.087810 -581.954347 -9999.0 -9999.0 -9999.0 -9999.0 -9999.0 -9999.0 -9999.0 -9999.0 -9999.0 -9999.0 -9999.0 -9999.0 -9999.0 -9999.0 -9999.0 -9999.0 -9999.0 -9999.0 -9999.0 -9999.0 -9999.0 -9999.0 -9999.0 -9999.0
-9999.0 -9999.0 -9999.0 -9999.0 -9999.0 -9999.0 -9999.0 -9999.0 -9999.0 -9999.0 -9999.0 -9999.0 -714.097778 -382.931129 -405.869384 -626.641086 -695.848433 -585.726954 -107.914218 -802.595708 -675.879838 -621.771175 -612.856748 -633.958510 -912.781336 -583.021059 -634.700643 -597.926499 -593.843369 -582.429113 -582.145324 -593.541397 -593.013969 -584.247429 -9999.0 -9999.0 -9999.0 -9999.0 -9999.0 -9999.0 -9999.0 -9999.0 -9999.0 -9999.0 -9999.0 -9999.0 -9999.0 -9999.0 -9999.0 -9999.0 -9999.0 -9999.0 -9999.0 -9999.0 -9999.0 -9999.0 -9999.0 -9999.0 -9999.0
-9999.0 -9999.0 -9999.0 -9999.0 -9999.0 -9999.0 -9999.0 -9999.0 -9999.0 -9999.0 -9999.0 -620.060513 -655.636505 -459.944135 -627.617120 -603.132590 -607.163140 -595.303727 -350.245502 -790.476664 -1301.695667 -644.585160 -598.016602 -584.519740 -617.255705 -595.603984 -582.726227 -597.577984 -599.392673 -582.290434 -593.321659 -593.464399 -590.053511 -584.469220 -591.870452 -593.355444 -591.680359 -592.242933 -593.184451 -9999.0 -9999.0 -9999.0 -584.555465 -9999.0 -9999.0 -9999.0 -9999.0 -9999.0 -9999.0 -9999.0 -9999.0 -9999.0 -9999.0 -9999.0 -9999.0 -9999.0 -9999.0 -9999.0 -9999.0
-9999.0 -9999.0 -9999.0 -9999.0 -9999.0 -9999.0 -9999.0 -9999.0 -9999.0 -9999.0 -9999.0 -612.622855 -635.651713 -690.265005 -670.604473 -588.388061 -683.468463 -685.937893 -367.589956 -398.646225 -376.301100 -619.326124 -615.585123 -608.933523 -607.359967 -584.788646 -594.894831 -594.631602 -593.384592 -584.173265 -593.470091 -593.268600 -592.479215 -593.082838 -593.389887 -592.168655 -593.282684 -593.093475 -593.948864 -592.828534 -591.922198 -590.211796 -592.253568 -584.265679 -9999.0 -9999.0 -9999.0 -647.330318 -619.887573 -619.846702 -619.946304 -620.502818 -619.825168 -546.059994 -534.746252 -595.110596 -9999.0 -9999.0 -9999.0
-9999.0 -9999.0 -9999.0 -9999.0 -9999.0 -9999.0 -9999.0 -9999.0 -9999.0 -9999.0 -9999.0 -616.851193 -610.486036 -603.930035 -1020.370055 -593.447846 -683.902034 -572.305616 -416.256690 -393.301505 -511.644412 -697.357392 -713.818267 -618.463883 -584.305268 -592.621825 -680.343329 -601.125399 -584.101870 -585.655550 -583.251894 -610.777725 -593.308482 -593.285893 -588.889291 -592.810441 -835.461566 -798.617806 -592.994472 -592.072434 -593.957873 -591.926523 -592.244107 -593.139312 -594.999762 -9999.0 -586.110610 -619.863335 -619.943639 -619.889889 -619.917283 -618.171401 -619.912881 -615.844558 -619.802604 -619.765549 -9999.0 -9999.0 -9999.0
-9999.0 -9999.0 -9999.0 -9999.0 -9999.0 -9999.0 -9999.0 -9999.0 -9999.0 -9999.0 -9999.0 -9999.0 -619.336754 -1042.368301 -612.561227 -620.015759 -682.814202 -619.548686 -267.942740 -354.930143 -562.447680 -712.226803 -724.199016 -703.205902 -609.415529 -687.012239 -397.308983 -583.718103 -585.688779 -593.954179 -593.931819 -636.034575 -593.161038 -593.285586 -587.044540 -592.360625 -607.413052 -701.438008 -592.006589 -592.767817 -592.080262 -592.361061 -674.329620 -591.687912 -593.015690 -606.311193 -600.566259 -620.048555 -630.197474 -661.625262 -839.276463 -622.518242 -640.571510 -785.301901 -620.350556 -620.072499 -619.999591 -9999.0 -9999.0
-9999.0 -9999.0 -9999.0 -9999.0 -9999.0 -9999.0 -9999.0 -9999.0 -9999.0 -9999.0 -9999.0 -1105.527068 -599.419919 -595.421870 -693.410826 -691.141154 -665.351955 -640.947178 -361.881488 -738.708296 -629.514051 -509.080767 -647.628672 -633.805582 -681.878444 -542.616262 -992.950109 -584.000022 -595.033648 -592.950399 -680.851810 -668.808003 -618.735125 -593.603628 -583.032531 -592.950637 -590.047986 -613.376507 -643.340641 -592.756363 -678.771955 -656.649917 -621.134966 -691.275427 -619.478605 -607.892464 -620.066264 -598.746849 -619.628596 -645.205410 -588.774133 -592.811489 -609.371449 -584.269717 -587.274309 -584.228384 -619.852203 -9999.0 -9999.0
-9999.0 -9999.0 -9999.0 -9999.0 -9999.0 -9999.0 -9999.0 -9999.0 -9999.0 -9999.0 -826.316757 -665.595249 -620.043703 -604.002982 -577.546378 -577.196458 -621.143649 -714.769987 -541.757302 -608.696560 -270.233524 -547.153800 -754.004668 -437.909089 -559.213605 -812.508755 -598.295121 -595.693055 -615.514042 -619.785477 -687.251899 -614.786448 -594.569938 -585.894707 -582.164140 -591.841449 -591.322668 -618.272884 -820.259084 -744.876027 -779.622026 -604.810218 -584.322901 -508.129475 -673.199150 -592.854910 -620.002510 -670.206881 -632.123346 -694.367291 -602.028146 -584.574978 -586.542169 -584.294510 -584.981189 -619.844140 -619.836034 -9999.0 -9999.0
-9999.0 -9999.0 -9999.0 -9999.0 -9999.0 -9999.0 -9999.0 -9999.0 -9999.0 -595.094609 -882.354198 -898.852383 -618.014950 -667.098909 -755.462939 -623.892398 -612.294818 -474.137649 -570.778878 -799.438775 -369.934823 -724.071881 -1032.717449 -498.892575 -722.427184 -605.735952 -631.160649 -619.640479 -733.836607 -536.356276 -617.935134 -609.826783 -582.541797 -582.443377 -585.858656 -583.868289 -593.358005 -608.084062 -599.236835 -611.778373 -776.531581 -603.290448 -604.755307 -608.559506 -1576.788247 -801.650816 -616.106269 -670.598619 -634.165935 -430.694680 -623.469192 -619.084489 -584.276816 -587.311903 -608.961406 -626.737004 -630.537864 -619.919680 -620.053702
-9999.0 -9999.0 -9999.0 -9999.0 -9999.0 -9999.0 -9999.0 -9999.0 -9999.0 -594.720589 -598.917026 -597.612889 -362.551308 -618.598223 -705.559865 -668.246422 -431.830368 -674.610941 -574.866338 -379.822319 -372.342477 -372.740939 -589.299678 -496.386241 -606.410568 -686.956155 -641.818912 -552.987309 -407.014902 -934.163965 -597.366336 -620.825225 -584.438745 -594.848076 -593.383611 -591.657234 -592.641770 -592.432659 -583.726445 -593.690310 -1280.527149 -593.048924 -694.992399 -598.821383 -500.189962 -283.558890 -448.629622 -829.816036 -762.571791 -612.405247 -623.444862 -627.249388 -586.518483 -589.617755 -585.177480 -801.260779 -627.347962 -644.801166 -619.870002
-9999.0 -9999.0 -9999.0 -9999.0 -9999.0 -9999.0 -9999.0 -9999.0 -9999.0 -9999.0 -598.555519 -598.411641 -636.276693 -530.016566 -734.686210 -700.442069 -616.345583 -432.378931 -689.207466 -493.198973 -380.537854 -990.403214 -558.226482 -686.591911 -676.227058 -587.619103 -405.308056 -421.138537 -606.831715 -603.804052 -597.755404 -1035.258632 -589.847037 -583.999157 -593.688445 -619.386224 -620.037647 -601.483281 -593.522438 -583.420374 -582.786924 -614.307726 -611.953727 -607.985610 -618.418177 -652.624802 -918.276754 -232.697071 -872.259657 -794.935333 -654.445528 -633.171885 -620.424671 -586.865653 -620.051101 -589.998384 -619.956966 -659.399528 -716.795979
-9999.0 -9999.0 -9999.0 -9999.0 -9999.0 -9999.0 -9999.0 -9999.0 -9999.0 -9999.0 -598.623069 -598.909283 -620.049712 -632.165038 -238.962084 -496.109029 -756.851314 -465.705267 -685.629151 -425.831223 -588.113316 -545.162475 -570.558134 -648.406889 -591.707066 -405.032401 -364.551687 -550.902563 -625.726855 -588.810032 -584.338739 -620.059947 -599.480063 -584.147626 -584.261653 -594.314371 -707.655609 -655.095861 -610.941675 -585.064031 -605.818720 -599.448163 -622.972983 -585.623326 -950.063446 -633.047779 -628.369443 -634.559371 -1124.847708 -832.057631 -1698.844771 -636.919187 -636.356933 -620.451459 -591.270202 -620.284618 -594.431766 -624.969224 -405.234701
-9999.0 -9999.0 -9999.0 -9999.0 -9999.0 -9999.0 -9999.0 -9999.0 -619.961072 -615.848303 -593.148451 -620.081368 -620.495518 -628.341591 -672.130683 -413.891113 -506.138081 -367.051161 -411.737769 -439.918587 -732.379911 -704.355792 -632.852845 -544.329630 -466.187339 -708.401114 -221.422114 -633.482344 -625.089725 -594.581467 -583.111841 -584.519886 -587.312126 -590.083625 -611.298030 -583.591978 -619.953727 -648.210708 -603.379505 -596.657651 -586.306776 -596.482015 -585.868677 -583.277974 -612.242106 -619.912463 -599.682797 -626.275373 -725.942534 0.000000 -395.402564 -734.374882 -632.310263 -621.821180 -620.013435 -619.872561 -619.920866 -405.476057 -724.186755
-9999.0 -9999.0 -9999.0 -9999.0 -9999.0 -9999.0 -9999.0 -9999.0 -596.718612 -679.720435 -622.516247 -587.490839 -597.893284 -631.268857 -705.325967 -554.171078 -480.392805 -524.734709 -2096.469210 -405.878211 -357.084229 -415.506303 -462.046414 -440.985552 -720.519106 -861.137536 -300.320853 -643.465090 -588.521569 -611.854700 -609.966817 -593.583711 -619.500801 -600.673777 -620.005398 -619.952732 -619.553662 -689.264851 -611.782014 -620.029060 -589.336832 -583.537439 -584.523478 -619.954135 -611.676310 -625.820742 -586.563763 -586.892256 -627.428204 -417.166950 -369.856255 -668.344378 -640.912318 -619.205885 -619.859317 -651.277901 -698.572981 -691.832791 -830.017449
-9999.0 -9999.0 -9999.0 -9999.0 -9999.0 -9999.0 -9999.0 -9999.0 -595.728815 -610.952807 -619.956716 -607.538258 -620.115563 -592.368237 -624.641767 -831.049522 -572.688101 -475.172168 -666.281926 -329.887345 -387.496737 -402.928375 -373.323207 -468.747321 -325.065293 -564.780311 -411.106437 -653.867636 -599.024684 -595.529835 -594.203994 -619.950572 -619.229656 -617.198762 -619.983478 -619.836650 -632.892349 -869.850435 -626.006756 -621.763343 -616.554260 -604.478758 -619.988601 -619.924388 -618.951029 -605.941637 -620.043413 -590.555840 -620.907583 -728.626749 -34.811404 -368.806026 -675.754345 -641.649566 -690.939950 -325.505045 -317.526863 -319.787117 -389.718834
-9999.0 -9999.0 -9999.0 -9999.0 -9999.0 -9999.0 -9999.0 -9999.0 -583.389739 -611.029873 -476.852506 -607.907073 -577.653385 -639.686837 -875.226515 -518.501856 -3045.279969 -527.912767 -415.431363 -561.157631 -419.348004 91.720372 214.709894 -327.529670 -372.481994 -416.486764 -551.675669 -648.946687 -470.921088 -702.954133 -631.794338 -646.239447 -750.934200 -696.366876 -614.352738 -620.005427 -619.565481 -413.060284 -642.849383 -612.704692 -619.932738 -619.952367 -619.943085 -596.692538 -619.966397 -620.038684 -619.946090 -619.895617 -619.783178 -651.703111 -393.854266 -391.484235 -363.150726 48.423998 -310.991815 -297.017137 -369.285287 -27.731742 142.884830
-9999.0 -9999.0 -9999.0 -9999.0 -9999.0 -9999.0 -9999.0 -9999.0 -615.190613 -619.944809 -614.437845 -778.703541 -893.110641 -469.086256 -359.541266 -271.280501 -301.686983 -541.689752 -478.349136 -517.323795 -570.145339 129.872319 128.662570 -299.919400 -361.420632 -425.823395 -806.214055 -559.252519 -497.400661 -449.070443 -695.905428 -438.778475 -773.010574 -508.628641 -649.191165 -649.297323 -670.238827 -378.309345 -925.734625 -650.049680 -633.097797 -632.634375 -711.404693 -676.591161 -616.266176 -619.908179 -670.116100 -713.315611 -708.034156 -761.637388 -819.705809 -489.833877 -371.980355 -315.489543 -192.355113 285.565408 199.227867 203.083625 191.210699
-9999.0 -9999.0 -598.113547 -620.035694 -633.856281 -656.357731 -651.456687 -639.062551 -620.081033 -619.987006 -628.351701 -378.701760 -442.153543 -384.829298 -325.772131 -291.513147 -744.121929 -634.890178 -628.878148 -445.839597 -515.449537 -520.832755 129.502312 -79.005174 -375.006994 -505.517805 -469.760699 -488.776428 -515.744127 -353.049465 -629.669614 -504.094359 61.794709 -456.811313 -381.695706 -432.739824 -354.122071 -388.827447 -903.005157 -729.867385 -698.223475 -765.394984 -1321.593748 -431.505017 -777.556800 -720.125607 -351.920252 -110.326221 -919.259168 -405.915305 -371.718424 125.376931 165.411011 133.500397 170.638798 261.138240 140.760032 18.050254 -311.735817
