erum2020/resources/simulation/Vinschgau/output-maps/psiL0002N0868.asc
ncols         63
nrows         48
xllcorner     598000.000000
yllcorner     5145000.000000
cellsize      1000.000000
NODATA_value  -9999.0
[rows 0 to 24 of 48, columns 0 to 56 of 63]
-9999.0 -9999.0 -9999.0 -9999.0 -9999.0 -9999.0 -9999.0 -9999.0 -9999.0 -9999.0 -9999.0 -9999.0 -9999.0 -9999.0 -9999.0 -9999.0 -9999.0 -9999.0 -9999.0 -9999.0 -9999.0 -9999.0 -9999.0 -9999.0 -9999.0 -9999.0 -9999.0 -9999.0 -9999.0 -9999.0 -9999.0 -9999.0 -9999.0 -9999.0 -9999.0 -9999.0 -9999.0 -9999.0 -9999.0 -9999.0 -9999.0 -9999.0 -9999.0 -9999.0 -9999.0 -9999.0 -9999.0 -9999.0 -9999.0 -9999.0 -9999.0 -9999.0 -9999.0 -9999.0 -9999.0 -9999.0 -9999.0
-9999.0 -9999.0 -9999.0 -9999.0 -9999.0 -9999.0 -9999.0 -9999.0 -9999.0 -9999.0 -9999.0 -9999.0 -9999.0 -9999.0 -9999.0 -9999.0 -9999.0 -9999.0 -9999.0 -9999.0 -9999.0 -9999.0 -9999.0 -9999.0 -9999.0 -9999.0 -9999.0 202440.199164 624263.778648 417036.499177 610488.511616 643629.478405 591656.167945 -9999.0 -9999.0 -9999.0 -9999.0 -9999.0 -9999.0 -9999.0 -9999.0 -9999.0 -9999.0 -9999.0 -9999.0 -9999.0 -9999.0 -9999.0 -9999.0 -9999.0 -9999.0 -9999.0 -9999.0 -9999.0 -9999.0 -9999.0 -9999.0
-9999.0 -9999.0 -9999.0 -9999.0 -9999.0 -9999.0 -9999.0 -9999.0 -9999.0 -9999.0 -9999.0 -9999.0 -9999.0 -9999.0 -9999.0 -9999.0 -9999.0 -9999.0 -9999.0 -9999.0 -9999.0 -9999.0 -9999.0 -9999.0 587540.806211 561292.642984 529897.872932 569413.748877 570767.310452 559689.215059 641467.347012 -9999.0 -9999.0 -9999.0 -9999.0 -9999.0 -9999.0 -9999.0 -9999.0 -9999.0 -9999.0 -9999.0 -9999.0 -9999.0 -9999.0 -9999.0 -9999.0 -9999.0 -9999.0 -9999.0 -9999.0 -9999.0 -9999.0 -9999.0 -9999.0 -9999.0 -9999.0
-9999.0 -9999.0 -9999.0 -9999.0 -9999.0 -9999.0 -9999.0 -9999.0 -9999.0 -9999.0 -9999.0 -9999.0 -9999.0 -9999.0 -9999.0 -9999.0 -9999.0 -9999.0 -9999.0 -9999.0 -9999.0 -9999.0 -9999.0 560651.797852 468907.226578 -560.610434 -706.055151 -2043.486977 123.858460 552799.291259 632622.182598 614269.771474 -9999.0 -9999.0 -9999.0 -9999.0 -9999.0 -9999.0 -9999.0 -9999.0 -9999.0 -9999.0 -9999.0 -9999.0 -9999.0 -9999.0 -9999.0 -9999.0 -9999.0 -9999.0 -9999.0 -9999.0 -9999.0 -9999.0 -9999.0 -9999.0 -9999.0
-9999.0 -9999.0 -9999.0 -9999.0 -9999.0 -9999.0 -9999.0 -9999.0 -9999.0 -9999.0 -9999.0 -9999.0 -9999.0 -9999.0 -9999.0 -9999.0 -9999.0 -9999.0 8937.351422 504930.925820 -9999.0 544002.730303 482815.725139 -42.033137 -645.231325 -2202.504007 6067.213146 9061.092151 906.997386 189321.690506 586077.855087 635821.845657 190703.277259 160799.644933 -9999.0 -9999.0 -9999.0 -9999.0 -9999.0 -9999.0 -9999.0 -9999.0 -9999.0 -9999.0 -9999.0 -9999.0 -9999.0 -9999.0 -9999.0 -9999.0 -9999.0 -9999.0 -9999.0 -9999.0 -9999.0 -9999.0 -9999.0
-9999.0 -9999.0 -9999.0 -9999.0 -9999.0 -9999.0 -9999.0 -9999.0 -9999.0 -9999.0 -9999.0 -9999.0 -9999.0 -9999.0 -9999.0 -9999.0 -9999.0 -2638.865668 -1392.419170 -667.836833 179153.174087 408868.382336 228131.540647 5674.405239 4492.442934 21989.295172 905713.198993 400346.775977 790820.264709 4049.397860 110536.567109 100673.344606 75894.320323 101160.323558 105045.492080 109674.705225 -9999.0 -9999.0 -9999.0 -9999.0 -9999.0 -9999.0 -9999.0 -9999.0 -9999.0 -9999.0 -9999.0 -9999.0 -9999.0 -9999.0 -9999.0 -9999.0 -9999.0 -9999.0 -9999.0 -9999.0 -9999.0
-9999.0 -9999.0 -9999.0 -9999.0 -9999.0 -9999.0 -9999.0 -9999.0 -9999.0 -9999.0 -9999.0 -9999.0 -9999.0 434719.291178 3413.459668 -1279.017022 -2697.278719 -5120.464556 -2527.525799 -730.070272 301.187508 1271.620749 -741.820591 4455.950616 79367.496453 501392.088959 227664.152158 576363.261604 658115.213001 440978.625469 549890.132535 574336.344780 572267.514184 583788.330301 615407.195762 169069.892483 -9999.0 -9999.0 -9999.0 -9999.0 -9999.0 -9999.0 -9999.0 -9999.0 -9999.0 -9999.0 -9999.0 -9999.0 -9999.0 -9999.0 -9999.0 -9999.0 -9999.0 -9999.0 -9999.0 -9999.0 -9999.0
-9999.0 -9999.0 -9999.0 -9999.0 -9999.0 -9999.0 -9999.0 -9999.0 -9999.0 -9999.0 -9999.0 -9999.0 -9999.0 197546.120511 -615.326695 -1668.939464 -2557.066778 -496.594453 -5248.461678 -945.384408 -2507.834350 -504.652236 -574.457323 155.182934 34891.389846 335205.233576 616995.118262 337380.915750 232474.150112 718926.733861 690539.343990 600836.953918 244043.431894 -46.700040 78912.547155 -9999.0 -9999.0 -9999.0 -9999.0 -9999.0 -9999.0 -9999.0 -9999.0 -9999.0 -9999.0 -9999.0 -9999.0 -9999.0 -9999.0 -9999.0 -9999.0 -9999.0 -9999.0 -9999.0 -9999.0 -9999.0 -9999.0
-9999.0 -9999.0 -9999.0 -9999.0 -9999.0 -9999.0 -9999.0 -9999.0 -9999.0 -9999.0 -9999.0 -9999.0 -9999.0 -701.931546 645.218489 -842.899445 -1794.108175 -2383.435848 -5268.319049 -2565.325479 -379.934402 2242.489751 15801.016883 605958.222901 9094.572057 52064.131776 167637.862005 217876.300845 635506.544712 -42.719820 457173.767260 -21.840515 -38.171507 -24.857127 118030.903257 -9999.0 -9999.0 -9999.0 -9999.0 -9999.0 -9999.0 -9999.0 -9999.0 -9999.0 -9999.0 -9999.0 -9999.0 -9999.0 -9999.0 -9999.0 -9999.0 -9999.0 -9999.0 -9999.0 -9999.0 -9999.0 -9999.0
-9999.0 -9999.0 -9999.0 -9999.0 -9999.0 -9999.0 -9999.0 -9999.0 -9999.0 -9999.0 -9999.0 -9999.0 5678.851792 22496.312397 -562.107539 1646.025624 -659.707859 -1258.203462 -579.538394 -877.841632 1002.293374 484669.993551 512358.507773 615632.548692 654567.164712 649524.045849 648975.522845 654648.589598 588178.271846 359544.371560 3015.689422 170765.329766 321889.204419 160581.946227 -9999.0 -9999.0 -9999.0 -9999.0 -9999.0 -9999.0 -9999.0 -9999.0 -9999.0 -9999.0 -9999.0 -9999.0 -9999.0 -9999.0 -9999.0 -9999.0 -9999.0 -9999.0 -9999.0 -9999.0 -9999.0 -9999.0 -9999.0
-9999.0 -9999.0 -9999.0 -9999.0 -9999.0 -9999.0 -9999.0 -9999.0 -9999.0 -9999.0 -9999.0 417876.875420 -316.949081 310.361565 -509.730052 112350.972581 -482.128118 -1043.047971 15.278602 -4.188596 -1289.531257 1274.171379 559887.474416 631383.113105 84158.331324 639014.808371 422596.755351 610353.435257 543871.049635 198701.668518 196930.410809 165956.790841 198909.909408 173535.627673 184593.848949 188062.979781 633249.231730 639643.574089 655041.323247 -9999.0 -9999.0 -9999.0 164769.303123 -9999.0 -9999.0 -9999.0 -9999.0 -9999.0 -9999.0 -9999.0 -9999.0 -9999.0 -9999.0 -9999.0 -9999.0 -9999.0 -9999.0
-9999.0 -9999.0 -9999.0 -9999.0 -9999.0 -9999.0 -9999.0 -9999.0 -9999.0 -9999.0 -9999.0 489955.504738 -435.303981 -384.310772 -657.040841 425525.900815 -976.159768 -1858.107684 -516.100813 -410.945223 -301.860240 207490.287491 553847.506322 723240.242645 705220.840770 631809.914119 643225.151049 628016.028263 667850.330660 204757.054234 524241.696038 483374.378256 635112.189481 576427.550879 571360.788446 630629.697656 582324.049035 229079.380440 345656.680811 197111.950461 205688.871673 196518.005893 531791.833662 201058.483974 -9999.0 -9999.0 -9999.0 519282.709427 556150.029987 266258.915045 600021.643260 183966.529079 191908.008950 537927.587073 550890.952183 218508.677648 -9999.0
-9999.0 -9999.0 -9999.0 -9999.0 -9999.0 -9999.0 -9999.0 -9999.0 -9999.0 -9999.0 -9999.0 423857.649377 460722.925643 429617.547097 133077.750485 206052.920757 1145.484647 -814.201929 -466.944962 -520.352336 -548.142224 78686.609016 731211.949355 604585.462253 644906.384909 219652.580489 742688.499924 721385.005366 225169.738129 599162.179248 246941.307527 717453.452482 512960.594048 620357.131485 226169.195904 383004.821424 720210.133743 653916.239605 157796.874011 174595.612208 631049.562842 650764.794450 629827.070527 661325.665617 620252.945496 -9999.0 180612.904960 550051.980036 565801.101867 559625.120802 573960.190205 342649.840312 571256.408766 574822.433727 576048.935599 530260.129218 -9999.0
-9999.0 -9999.0 -9999.0 -9999.0 -9999.0 -9999.0 -9999.0 -9999.0 -9999.0 -9999.0 -9999.0 -9999.0 496493.670241 588822.796103 279458.581176 233340.796595 307.059926 -947.861129 -396.461637 -459.804564 -625.691969 19070.230172 398694.693496 596173.516717 739368.241275 746280.314397 -268.321974 608243.791441 579220.026068 199898.443901 642210.472390 722055.292783 658629.859094 621813.144801 611433.376452 639666.240365 730520.104164 337719.640463 9423.848510 256609.463136 259730.907838 212539.736353 649351.606906 568668.885443 200133.334139 568341.806947 187207.979498 583135.670419 638188.556137 630414.275391 582300.954701 605242.470285 605324.376427 606113.485365 604526.775881 579524.219827 574053.751600
-9999.0 -9999.0 -9999.0 -9999.0 -9999.0 -9999.0 -9999.0 -9999.0 -9999.0 -9999.0 -9999.0 661699.168141 600883.904641 537606.678172 639995.739919 99775.332043 1761.024263 -587.516181 -390.395096 -959.356611 -755.725640 133.010603 199682.825088 729454.695502 739690.050170 719557.479398 742489.696714 657368.227669 635001.282844 250055.837155 743037.397131 722176.187358 245858.282976 626879.662582 574895.884871 635762.918556 658712.692080 355540.949736 68907.084954 29612.986751 407874.346289 281760.520773 596255.542699 165760.191822 493899.254570 651094.212961 612375.112538 291736.043930 286345.973384 531965.583515 207836.288577 653422.654692 107091.037549 -25.734704 -25.909353 -24.894222 128372.952770
-9999.0 -9999.0 -9999.0 -9999.0 -9999.0 -9999.0 -9999.0 -9999.0 -9999.0 -9999.0 126422.367833 592742.160498 532631.700160 524383.054987 337033.572687 571806.996367 584254.837823 1972.143257 -1637.379466 -889.250340 -278.351653 1746.781853 1025859.219552 399227.524808 362082.341701 614803.399416 734818.144163 208868.544700 644267.947821 579813.337562 253796.978642 250646.171479 625830.472812 607724.171194 199706.390625 226344.632734 623809.958930 542908.735352 762409.518380 11080.897014 7743.246023 -211.638326 -34.097786 -292.453453 584598.078681 222871.413172 620378.873471 693271.336267 660973.525074 376185.607277 142946.708863 212559.126015 -14.606232 -19.941488 -13.008376 453179.871010 429882.313183
-9999.0 -9999.0 -9999.0 -9999.0 -9999.0 -9999.0 -9999.0 -9999.0 -9999.0 630058.505666 601272.895661 90223.167091 291248.042443 698917.365189 707127.371025 661470.206879 596411.072311 66215.778705 -1263.279499 -1728.344030 -374.094980 -120.606003 -153.321840 5033.418154 54419.741409 1055560.554576 765776.377367 560564.925013 683899.014416 386315.158425 40842.133273 944545.277289 238620.402826 -24.965549 175815.470215 205359.548036 174873.791646 785264.900139 702829.344342 680788.026460 509118.269573 1034280.204004 1050686.332794 -675.136082 -458.813219 521285.415886 312700.967233 689248.551959 690263.241934 21001.053651 429804.043602 154572.713802 -12.165108 170233.391964 181251.573116 -109.244960 -130.170006
-9999.0 -9999.0 -9999.0 -9999.0 -9999.0 -9999.0 -9999.0 -9999.0 -9999.0 166706.192256 323003.709676 585172.751703 246462.984381 220143.659112 595422.929843 692242.283390 326334.146091 3066.023820 -1518.484210 -608.457075 -524.448561 -681.430911 1073.057139 128466.563858 1056813.807371 765873.524815 689237.398866 392620.285974 3892.150492 120240.712640 396998.457992 835494.648851 499381.122190 615605.169615 624818.169088 223228.397134 228617.808622 215208.836398 655514.447802 660182.546099 617214.606037 763963.221659 655420.460351 1831.370049 -550.238216 -390.571265 -338.989600 6291.618663 232342.692674 18427.208473 1004389.584450 632772.883613 198808.869825 515539.339820 504321.835738 292234.468742 273577.212112
-9999.0 -9999.0 -9999.0 -9999.0 -9999.0 -9999.0 -9999.0 -9999.0 -9999.0 -9999.0 637508.323587 612105.417020 614258.081941 678074.351007 114106.360783 555075.935349 269254.817990 -393.242517 -1664.818230 -701.536733 -427.297639 -1158.709076 40964.223602 993526.089140 735702.539315 537672.575329 27578.204968 1366.581355 389178.548965 1008712.114619 991844.715306 959650.037733 682579.108473 587498.909853 555817.369513 541422.277588 527352.764289 521530.048360 235142.951897 592385.327995 678194.598343 556497.452440 425903.695033 561726.791271 4871.858038 1013.287635 -500.667699 -316.975309 -347.979432 28830.270066 897995.542354 681177.588545 161327.724309 154793.786069 467715.222289 531015.034434 499447.635004
-9999.0 -9999.0 -9999.0 -9999.0 -9999.0 -9999.0 -9999.0 -9999.0 -9999.0 -9999.0 547032.869511 587056.106958 552840.860076 538693.508759 6014.682220 -123.859537 2011.045761 -1051.739238 -1533.393214 -2289.848965 -2398.982120 -1016.586612 165160.475936 553125.423989 516907.878043 4713.241588 14.006152 4433.080888 919991.139596 716530.008964 629750.817492 583554.251252 380657.378238 624089.843040 672335.519773 621223.299084 394806.455412 697769.762823 729597.642863 656181.100549 660513.717147 650770.431336 709144.613170 629067.904996 526457.417936 1032038.588717 381376.925076 4541.130499 -500.623948 13.793459 81185.918122 575264.335723 538293.559856 248149.283694 163521.320496 167752.947546 614045.616185
-9999.0 -9999.0 -9999.0 -9999.0 -9999.0 -9999.0 -9999.0 -9999.0 630768.436682 643604.223470 622317.599539 622931.311558 730280.630890 728840.701194 761484.893933 -447.302161 -1521.289940 -712.739186 -861.610821 -2680.297739 -2844.108767 -2040.050040 -1523.131569 -124.205486 7729.628776 -329.778651 7558.151284 997575.842013 736257.683424 682835.913941 -23.723414 504693.886514 603273.504423 631538.386670 621836.840096 678259.710807 398383.515324 646112.449702 1047135.903529 216082.041189 236972.868898 433201.151981 353465.258289 244325.657030 213274.589709 175427.631034 1034003.582123 759059.714146 1948.678343 13.459327 16144.373188 668056.543767 532829.312017 524592.858284 179156.725295 599485.471343 203917.536778
-9999.0 -9999.0 -9999.0 -9999.0 -9999.0 -9999.0 -9999.0 -9999.0 -86.124979 402478.354221 683443.470601 626442.707204 636226.921402 657904.481494 1054198.625956 1150.659732 -821.816744 -1035.037512 -2783.493498 -2717.480202 -573.250908 -669.301079 -675.562685 -770.176563 -1645.230517 -624.286228 -310.449949 563474.620886 181347.850024 630063.961981 613466.254982 196778.705066 291800.989542 204668.380067 498026.323876 610781.244555 377345.562213 209040.703385 686400.066931 650870.810440 663359.122010 2844.280964 225232.800226 630442.972949 563480.199730 678547.894377 241445.769112 652227.531305 661932.124337 -419.724197 12.988039 627533.411838 784785.966266 598818.026983 636003.883944 56221.216081 771554.343157
-9999.0 -9999.0 -9999.0 -9999.0 -9999.0 -9999.0 -9999.0 -9999.0 663710.355878 600062.161923 607744.307097 691972.955504 625182.308176 237978.805330 724133.171835 1051259.160196 -136.116715 -632.254280 -2657.045340 -649.882108 -2765.701757 -934.191454 -761.307146 -1982.732221 -623.580395 -824.490108 384.162021 1063547.686538 222934.293755 611295.060762 196302.963094 461851.818707 661241.679041 722075.101166 572194.442003 500775.327401 260737.445011 -44.924266 142700.717799 677633.751565 613918.675018 206062.897675 612717.680886 592375.217969 650532.032526 610948.882563 209128.874108 650802.642737 755664.441857 14163.539899 -361.820203 31486.465026 525068.272701 942775.110737 302270.995889 271466.274914 1202.353005
-9999.0 -9999.0 -9999.0 -9999.0 -9999.0 -9999.0 -9999.0 -9999.0 225610.747321 644039.326474 48489.808341 224165.733958 614881.993900 618304.670545 965556.868733 685.039179 -1899.843404 -2373.025886 -516.352677 -2801.059903 -2546.137578 -2529.391679 -878.720958 -1752.528129 -1596.329082 -616.052684 822735.864916 1070805.356860 546897.698293 839630.196923 762747.641145 767745.148075 369885.369094 652973.694265 790300.569413 464316.024371 54455.216314 -806.460843 -7.461097 510599.756665 609443.756833 597541.823115 627167.006231 212527.780085 623539.669692 221410.707888 646479.744803 232892.786165 624893.839694 739320.302729 6765.236470 -299.470773 26329.052059 226152.728070 12054.645044 19.477400 14.825403
-9999.0 -9999.0 -9999.0 -9999.0 -9999.0 -9999.0 -9999.0 -9999.0 600385.300401 663560.956940 -259.209868 1055142.089637 999366.872481 967417.090839 101250.250812 14.468409 -164.874719 -767.007299 -493.580175 -1024.363362 -2258.983572 -1844.541014 -2365.461566 -2331.605273 -537.012829 -81.242037 1063534.135595 529356.007719 97727.181953 337994.382078 1014251.890351 29253.105962 21.583492 1416.774079 17796.174962 1883.728172 -438.667044 -1039.786460 -980.406197 -191.947699 8220.301596 24639.143120 36615.983564 172693.414315 720316.237094 498677.845489 643317.483543 691618.626774 632711.505352 41811.532065 -298.583775 -650.581787 -412.426909 -346.674892 88.682935 79.182856 15.434422
