erum2020/resources/simulation/Vinschgau/output-maps/psiL0002N1300.asc
ncols         63
nrows         48
xllcorner     598000.000000
yllcorner     5145000.000000
cellsize      1000.000000
NODATA_value  -9999.0
[rows 0 to 24 of 48, columns 0 to 56 of 63]
-9999.0 -9999.0 -9999.0 -9999.0 -9999.0 -9999.0 -9999.0 -9999.0 -9999.0 -9999.0 -9999.0 -9999.0 -9999.0 -9999.0 -9999.0 -9999.0 -9999.0 -9999.0 -9999.0 -9999.0 -9999.0 -9999.0 -9999.0 -9999.0 -9999.0 -9999.0 -9999.0 -9999.0 -9999.0 -9999.0 -9999.0 -9999.0 -9999.0 -9999.0 -9999.0 -9999.0 -9999.0 -9999.0 -9999.0 -9999.0 -9999.0 -9999.0 -9999.0 -9999.0 -9999.0 -9999.0 -9999.0 -9999.0 -9999.0 -9999.0 -9999.0 -9999.0 -9999.0 -9999.0 -9999.0 -9999.0 -9999.0
-9999.0 -9999.0 -9999.0 -9999.0 -9999.0 -9999.0 -9999.0 -9999.0 -9999.0 -9999.0 -9999.0 -9999.0 -9999.0 -9999.0 -9999.0 -9999.0 -9999.0 -9999.0 -9999.0 -9999.0 -9999.0 -9999.0 -9999.0 -9999.0 -9999.0 -9999.0 -9999.0 -341.143897 -465.142553 -265.091139 -77.001742 -202.065906 2138.921562 -9999.0 -9999.0 -9999.0 -9999.0 -9999.0 -9999.0 -9999.0 -9999.0 -9999.0 -9999.0 -9999.0 -9999.0 -9999.0 -9999.0 -9999.0 -9999.0 -9999.0 -9999.0 -9999.0 -9999.0 -9999.0 -9999.0 -9999.0 -9999.0
-9999.0 -9999.0 -9999.0 -9999.0 -9999.0 -9999.0 -9999.0 -9999.0 -9999.0 -9999.0 -9999.0 -9999.0 -9999.0 -9999.0 -9999.0 -9999.0 -9999.0 -9999.0 -9999.0 -9999.0 -9999.0 -9999.0 -9999.0 -9999.0 -517.716460 -558.460131 -608.519214 -523.512486 -548.375320 -602.440976 -181.783767 -9999.0 -9999.0 -9999.0 -9999.0 -9999.0 -9999.0 -9999.0 -9999.0 -9999.0 -9999.0 -9999.0 -9999.0 -9999.0 -9999.0 -9999.0 -9999.0 -9999.0 -9999.0 -9999.0 -9999.0 -9999.0 -9999.0 -9999.0 -9999.0 -9999.0 -9999.0
-9999.0 -9999.0 -9999.0 -9999.0 -9999.0 -9999.0 -9999.0 -9999.0 -9999.0 -9999.0 -9999.0 -9999.0 -9999.0 -9999.0 -9999.0 -9999.0 -9999.0 -9999.0 -9999.0 -9999.0 -9999.0 -9999.0 -9999.0 -594.738111 -774.894778 -3133.983886 -3124.741236 -3178.152624 -3212.862282 -815.580988 -177.994297 -155.996386 -9999.0 -9999.0 -9999.0 -9999.0 -9999.0 -9999.0 -9999.0 -9999.0 -9999.0 -9999.0 -9999.0 -9999.0 -9999.0 -9999.0 -9999.0 -9999.0 -9999.0 -9999.0 -9999.0 -9999.0 -9999.0 -9999.0 -9999.0 -9999.0 -9999.0
-9999.0 -9999.0 -9999.0 -9999.0 -9999.0 -9999.0 -9999.0 -9999.0 -9999.0 -9999.0 -9999.0 -9999.0 -9999.0 -9999.0 -9999.0 -9999.0 -9999.0 -9999.0 -1955.684337 -859.939093 -9999.0 -687.941250 -827.902653 -3119.081720 -3035.244398 -3093.082714 -1868.393299 -2786.524993 -1974.581680 -2715.638379 -640.224189 -143.680127 -152.593042 -219.648909 -9999.0 -9999.0 -9999.0 -9999.0 -9999.0 -9999.0 -9999.0 -9999.0 -9999.0 -9999.0 -9999.0 -9999.0 -9999.0 -9999.0 -9999.0 -9999.0 -9999.0 -9999.0 -9999.0 -9999.0 -9999.0 -9999.0 -9999.0
-9999.0 -9999.0 -9999.0 -9999.0 -9999.0 -9999.0 -9999.0 -9999.0 -9999.0 -9999.0 -9999.0 -9999.0 -9999.0 -9999.0 -9999.0 -9999.0 -9999.0 -2979.777400 -2922.681820 -8103.442598 -5979.586399 -1328.128891 -2788.961857 -3002.003300 -2866.265568 -1071.029644 29216.324828 -1619.124043 3768.237932 -1528.944082 -843.627342 -690.984712 -760.272646 -297.688007 -171.501903 -198.928120 -9999.0 -9999.0 -9999.0 -9999.0 -9999.0 -9999.0 -9999.0 -9999.0 -9999.0 -9999.0 -9999.0 -9999.0 -9999.0 -9999.0 -9999.0 -9999.0 -9999.0 -9999.0 -9999.0 -9999.0 -9999.0
-9999.0 -9999.0 -9999.0 -9999.0 -9999.0 -9999.0 -9999.0 -9999.0 -9999.0 -9999.0 -9999.0 -9999.0 -9999.0 -3172.728260 -2935.161142 -2860.594543 -2954.903018 -7952.877930 -2955.309413 -3050.569128 -3014.010330 -2987.409180 -3053.326779 -3096.015580 -1199.037113 -820.997463 -264.574849 -1122.629993 -1343.586519 -866.921268 -160.962475 -583.611945 -497.394419 38.405990 -142.896749 -187.267143 -9999.0 -9999.0 -9999.0 -9999.0 -9999.0 -9999.0 -9999.0 -9999.0 -9999.0 -9999.0 -9999.0 -9999.0 -9999.0 -9999.0 -9999.0 -9999.0 -9999.0 -9999.0 -9999.0 -9999.0 -9999.0
-9999.0 -9999.0 -9999.0 -9999.0 -9999.0 -9999.0 -9999.0 -9999.0 -9999.0 -9999.0 -9999.0 -9999.0 -9999.0 -2387.156787 -3063.437604 -2937.905478 -2920.336963 -3177.004472 -7955.311021 -3057.528569 -2934.503305 -3291.049226 -2838.347805 -2475.906620 -2887.052633 -2777.168097 -487.972132 -307.092620 -164.103976 12646.391416 7528.057457 48.391477 -144.316200 -127.830832 -141.899516 -9999.0 -9999.0 -9999.0 -9999.0 -9999.0 -9999.0 -9999.0 -9999.0 -9999.0 -9999.0 -9999.0 -9999.0 -9999.0 -9999.0 -9999.0 -9999.0 -9999.0 -9999.0 -9999.0 -9999.0 -9999.0 -9999.0
-9999.0 -9999.0 -9999.0 -9999.0 -9999.0 -9999.0 -9999.0 -9999.0 -9999.0 -9999.0 -9999.0 -9999.0 -9999.0 -3105.395236 367.917733 -3152.894742 -2919.640414 -2925.576275 -8084.851801 -2957.634437 -3241.577714 -7413.492610 -1327.093217 -1672.125612 -2990.463129 -2932.490933 -3782.995152 -168.088840 -168.983050 -135.442765 -147.524916 -40.713193 -129.923942 -24.847094 -167.282514 -9999.0 -9999.0 -9999.0 -9999.0 -9999.0 -9999.0 -9999.0 -9999.0 -9999.0 -9999.0 -9999.0 -9999.0 -9999.0 -9999.0 -9999.0 -9999.0 -9999.0 -9999.0 -9999.0 -9999.0 -9999.0 -9999.0
-9999.0 -9999.0 -9999.0 -9999.0 -9999.0 -9999.0 -9999.0 -9999.0 -9999.0 -9999.0 -9999.0 -9999.0 -3048.964490 6258.507205 -3110.812315 -3004.250701 -2771.896935 -2883.150055 -3494.020539 -8312.819650 -3002.033751 -1415.887442 -2811.369689 -1264.390447 44522.842768 -473.702933 1176343.595311 -188.073864 -367.802160 -139.820436 -117.552099 -143.328342 2303.577184 -263.971855 -9999.0 -9999.0 -9999.0 -9999.0 -9999.0 -9999.0 -9999.0 -9999.0 -9999.0 -9999.0 -9999.0 -9999.0 -9999.0 -9999.0 -9999.0 -9999.0 -9999.0 -9999.0 -9999.0 -9999.0 -9999.0 -9999.0 -9999.0
-9999.0 -9999.0 -9999.0 -9999.0 -9999.0 -9999.0 -9999.0 -9999.0 -9999.0 -9999.0 -9999.0 -2131.931930 -3116.513904 46.927258 -3130.645848 -2999.048691 -8771.604302 -2933.487194 -2916.587056 -9155.154088 -2878.095691 -2944.304969 -1338.944816 -640.716181 -1190.185197 -567.916181 -191.303638 -303.555307 3702.383229 -151.811832 -156.086733 -489.490808 -138.366125 -177.043256 -148.651286 -154.477285 -186.649204 -679.500185 -877.891816 -9999.0 -9999.0 -9999.0 -222.305811 -9999.0 -9999.0 -9999.0 -9999.0 -9999.0 -9999.0 -9999.0 -9999.0 -9999.0 -9999.0 -9999.0 -9999.0 -9999.0 -9999.0
-9999.0 -9999.0 -9999.0 -9999.0 -9999.0 -9999.0 -9999.0 -9999.0 -9999.0 -9999.0 -9999.0 -1824.530235 -3147.536135 -3264.124791 -3249.745314 -3327.002350 -3322.978780 -2970.906761 -3125.677213 -3258.230801 -3151.374362 -2923.395440 -590.953636 2547174.911376 1963424.567200 -419.760308 -167.366535 -551.664588 -289.718826 -161.439587 -158.863343 -554.231906 -167.654979 420.249261 -116.184406 -283.862745 -735.762201 -1819.455185 -966.910791 -197.760142 -182.406373 -187.424684 53.802043 -157.585601 -9999.0 -9999.0 -9999.0 -125.301228 -209.338377 -120.901205 -127.638096 -132.047935 -133.053458 -351.796700 -298.406205 -139.419904 -9999.0
-9999.0 -9999.0 -9999.0 -9999.0 -9999.0 -9999.0 -9999.0 -9999.0 -9999.0 -9999.0 -9999.0 -1471.702039 -2179.479907 -1774.739202 -2143.340814 -3386.741977 -2862.684538 -2869.659845 -3412.275062 -3256.135220 -2444.979130 -747.355730 216240.046074 -465.613237 -433.833498 -370.531098 846608.214106 2678638.366789 -189.223235 -163.014925 -170.879877 2279196.086943 -528.616242 -87.479440 -141.160112 -613.187375 1583154.775012 811752.331548 -2638.815205 -238.741870 -592.727717 -330.360065 -530.322050 -283.158948 2503.047637 -9999.0 -206.062794 1988.246182 205.053608 -465.839808 -793.241564 -494.829081 -573.207269 -180.167799 -199.652523 26.335044 -9999.0
-9999.0 -9999.0 -9999.0 -9999.0 -9999.0 -9999.0 -9999.0 -9999.0 -9999.0 -9999.0 -9999.0 -9999.0 -1607.487464 -513.630269 -2605.025009 -2634.328457 -2515.652267 -2815.747315 -3088.636883 -3240.482726 -2766.391683 -1628.799579 211.959427 277203.601597 2973772.365479 912602.677381 2267.992983 -980.187529 -153.705415 -153.431722 -148.814678 1573770.023960 -992.090746 -162.663696 -125.865100 -452.024408 569673.764464 1563957.259839 -1302.378149 -2569.854333 -2058.430820 -3607.947351 134955.104047 -574.570640 -142.192987 1851.250307 -145.017965 1472.337847 2808028.104386 176217.070403 13559.247053 1994455.947236 2094406.065575 2119061.390090 2260005.894522 532.988274 -125.437549
-9999.0 -9999.0 -9999.0 -9999.0 -9999.0 -9999.0 -9999.0 -9999.0 -9999.0 -9999.0 -9999.0 92837.427117 -796.519234 -3327.033125 -410.563684 -1281.623052 -2758.721983 -2756.658186 -3359.774565 -2866.152295 -2804.605143 -1813.937651 113.305215 460791.968500 504593.982942 2692229.490029 505317.485909 -190.174349 -167.767953 -281.077385 940309.652928 2687767.521669 -777.689131 -171.900160 -112.152572 -162.007105 -504.748239 48280.826992 -909.146117 -3123.415011 51206.439019 -1481.850580 138.447607 -121.668515 -1106.200814 -191.142780 -392.759697 -225.785698 -392.143590 1341.640872 1061767.625548 -178.654179 596358.583550 70108.325244 49501.791779 -6.367488 -127.638632
-9999.0 -9999.0 -9999.0 -9999.0 -9999.0 -9999.0 -9999.0 -9999.0 -9999.0 -9999.0 2121.057841 13061.306651 -793.336562 -922.301178 -1916.308711 2074.520793 2076.874423 -1397.411095 -2849.007509 -2842.196753 -3037.655009 -1238.942968 3461397.278962 -861.780399 760.815421 1679461.021109 2318927.775804 1070382.007398 -1223.853218 -900.163085 45147.528683 1077373.296139 -741.764308 -176.492538 -176.068131 -192.831302 -720.643704 178988.394916 2421592.642094 -372.795456 -665.191964 -32.736580 -80.768407 -976.554835 73.025302 -310.702793 -527.990453 74117.054762 230108.470151 -866.597411 318884.714618 -131.237360 48400.939649 1023.505713 -42.680701 -166.494446 -159.428774
-9999.0 -9999.0 -9999.0 -9999.0 -9999.0 -9999.0 -9999.0 -9999.0 -9999.0 -499.058872 -578.063630 3755.720981 -230.537109 68600.549401 29095.944325 1078.167201 3825.384733 -2033.559506 -2870.272540 -2877.309449 -3123.484596 -2675.497326 -2398.803729 -2407.263494 -448.580653 4408483.691393 3093939.200121 -697.500979 7822.464124 -292.411599 -315.586778 4292785.691016 -201.215604 -155.815764 -189.148233 -184.091936 -679.438408 1520493.356881 395994.918931 23020.971536 2216256.841963 4033165.493537 3168999.283950 -1808.854782 -2181.003390 -354.951288 -1871.695949 132828.584344 121014.806379 -349.088039 2133431.220728 -122.609710 587.107310 -133.584298 -114.956034 307402.369152 350575.172804
-9999.0 -9999.0 -9999.0 -9999.0 -9999.0 -9999.0 -9999.0 -9999.0 -9999.0 -707.038254 -475.743529 -1041.108138 4728.610810 -800.911510 8581.648704 78895.225525 -1004.728963 -1753.374454 -2915.866027 -3247.130670 -3208.619895 -3293.265911 -2209.534115 -680.593315 4397813.475506 1337526.940906 72856.543956 -376.784054 -511.212275 -742.154477 -988.999051 4159523.072389 -405.720956 -152.819882 64.459307 -203.662085 -289.212711 -2428.891638 -452.595979 -883.577974 704669.382791 2152772.023433 26245.388719 -724.217145 -2248.752282 -1894.548426 -2345.869596 -1397.915222 -862.023248 -704.428801 4256842.550048 2737218.859710 -106.080896 -422.807482 -14.027573 590546.915399 586432.388766
-9999.0 -9999.0 -9999.0 -9999.0 -9999.0 -9999.0 -9999.0 -9999.0 -9999.0 -9999.0 -149.363825 -810.953008 -983.946204 1233666.420558 -732.859111 4817.400911 -1058.146342 -2759.663403 -2971.602387 -3012.019701 -3206.557063 -2859.632730 1417.698403 3098097.717030 383558.280158 2486.470167 -351.524410 -744.017411 -845.798572 4420107.996282 4352402.229578 3770215.178485 3047090.054589 -154.578495 -466.853955 -750.557232 -682.775517 -674.948070 -277.182124 -256.797849 -152.759130 -580.260000 4789.681205 -590.401941 -1396.901033 -804.872916 -2701.374743 -2203.008277 -2889.731024 -1063.286698 4234993.669911 1209145.051690 -105.862658 -26.293203 -441.087489 2063.192563 -227.479625
-9999.0 -9999.0 -9999.0 -9999.0 -9999.0 -9999.0 -9999.0 -9999.0 -9999.0 -9999.0 -116.772216 -527.342702 -632.221562 -536.107178 -684.712158 -1676.470665 -1342.157817 -2778.459307 -2989.748080 -3099.524583 -2919.147868 -2821.565323 7434.477748 3143.242252 1695.572354 -492.534174 -823.227406 790.452600 4431889.155956 3118672.151086 -202.578387 -436.037820 609835.725595 -173.795988 -303.255389 -631.517072 377594.629064 16497.406751 2620577.412496 -188.039820 -389.654394 -4548.722837 100481.366505 -832.942521 -665.716278 2780302.046617 -600.004447 -807.842700 -2774.383165 -2732.867935 -198.603437 2520290.417575 2804734.557952 -96.201741 -33.422145 -87.798169 -194.440221
-9999.0 -9999.0 -9999.0 -9999.0 -9999.0 -9999.0 -9999.0 -9999.0 -418.135641 -145.042295 -206.349741 -432.202665 758728.983960 26251.131166 93777.335467 -1103.567341 -2879.694363 -3296.157086 -3131.535740 -3124.780121 -3037.252753 -3015.510436 -2995.281625 -2937.712394 -1444.931367 -813.545319 -697.287199 4580795.615419 2834733.193168 3053533.298476 -123.901563 -226.393925 -239.693654 -152.039694 -401.536693 -486.410686 -2586.318947 11322.229041 4391914.623668 -220.623133 -337.469731 -586.091410 1235575.994590 -246.722678 -4665.064931 2073.567354 4323334.495304 37716.899377 -186.516648 -937.247537 -495.033955 3047528.469518 1189692.721036 2533630.579121 -102.482821 -195.828444 -137.677079
-9999.0 -9999.0 -9999.0 -9999.0 -9999.0 -9999.0 -9999.0 -9999.0 -266488894.457870 1071228.224789 3017912.229433 -170.426335 -474.194328 2685189.327292 4380913.770873 -859.962269 -2731.624100 -2803.337013 -3022.287704 -3158.775794 -3201.917602 -3518.289495 -3614.221439 -3617.988872 -2928.223222 -2559.342605 -619.880707 16109.627319 356200.547033 -181.258726 -118.068117 -217.375370 -475.118666 -251.001387 -456.929032 -581.545111 -2432.831629 -267.669692 18244.511255 -659.049269 -224.484567 -422.922170 -297.901878 -738.702023 2563.895792 167586.585896 1118883.426089 -586.282193 7210.458346 -721.823093 -570.351679 9942.112501 1046669.458446 2069.912950 -446.030529 69783.529950 233384.743059
-9999.0 -9999.0 -9999.0 -9999.0 -9999.0 -9999.0 -9999.0 -9999.0 -250.164147 3332.883169 -128.854918 3023784.930601 -348.337565 1120069.401427 132273.265914 4278171.017782 -1487.005058 -2905.741667 -2998.050738 -3148.079526 -3187.465003 -3472.277278 -3546.034606 -3147.594924 -3266.141536 -2780.152962 -694.383812 4541687.703602 615373.643244 -216.629373 -261.956053 -515.525559 2601657.935221 1496708.216100 -575.089113 -1943.577805 -621.839907 -678.225029 17097.558265 77548.173483 -612.712851 -493.233785 -515.530327 2699.226757 1732024.481006 -494.298221 -216.535046 -131.590601 3009452.043464 981.622299 -1171.160260 -410.842502 538466.531442 1140687.513511 18463.041334 138.445870 -338.178504
-9999.0 -9999.0 -9999.0 -9999.0 -9999.0 -9999.0 -9999.0 -9999.0 -133.209674 -603.559600 39822.024679 414587.459132 -369.891617 1310234.122344 3973978.138098 -550.579926 -2854.378559 -2948.355296 -3156.204766 -3001.095268 -3118.185564 -3140.182260 -3341.206128 -3249.517266 -2796.241476 -1595.022575 127651.700669 4439473.368861 -627.414198 370726.786185 123595.693732 20992.773734 -308.893469 125.982781 2059.075041 -2553.325220 -3067.500010 -2782.116422 -941.916329 -401.247675 -925.457820 -1018.688562 -952.600106 -4483.388828 -290.752542 -413.993656 -1413.334055 -630.163566 -421.301683 234634.334558 -148.724061 -1696.872113 -510.391394 10450.297592 -306.481936 -456.308978 -1763.239612
-9999.0 -9999.0 -9999.0 -9999.0 -9999.0 -9999.0 -9999.0 -9999.0 -297.528523 -343.623250 -3702355.097047 4474381.960842 4083990.108581 2534616.138362 -467.897927 -1593.865011 -1386.330075 -2652.851999 -2369.355415 -2811.802958 -2926.674712 -3053.824795 -3037.745690 -2971.178958 -3167.915557 -1777.212813 4442172.310711 260.143215 -648.587456 19.105962 1746359.389390 -417.063770 -1290.331829 -650.047218 -1090.726806 -2733.513067 -2824.540233 -2863.995167 -2830.287954 -1271.266291 -1519.097416 -2096.198045 -926.847746 -680.093005 164792.319271 -1204.684611 9741.927805 1479.457463 16804.756578 -424.193639 -1933.936844 -2361.191106 -1757.452921 -984.064055 -626.986718 -714.729864 -1312.751893
