erum2020/resources/simulation/Vinschgau/output-maps/psiL0006N0621.asc
ncols         63
nrows         48
xllcorner     598000.000000
yllcorner     5145000.000000
cellsize      1000.000000
NODATA_value  -9999.0
[rows 0 to 26 of 48, columns 0 to 58 of 63]
-9999.0 -9999.0 -9999.0 -9999.0 -9999.0 -9999.0 -9999.0 -9999.0 -9999.0 -9999.0 -9999.0 -9999.0 -9999.0 -9999.0 -9999.0 -9999.0 -9999.0 -9999.0 -9999.0 -9999.0 -9999.0 -9999.0 -9999.0 -9999.0 -9999.0 -9999.0 -9999.0 -9999.0 -9999.0 -9999.0 -9999.0 -9999.0 -9999.0 -9999.0 -9999.0 -9999.0 -9999.0 -9999.0 -9999.0 -9999.0 -9999.0 -9999.0 -9999.0 -9999.0 -9999.0 -9999.0 -9999.0 -9999.0 -9999.0 -9999.0 -9999.0 -9999.0 -9999.0 -9999.0 -9999.0 -9999.0 -9999.0 -9999.0 -9999.0
-9999.0 -9999.0 -9999.0 -9999.0 -9999.0 -9999.0 -9999.0 -9999.0 -9999.0 -9999.0 -9999.0 -9999.0 -9999.0 -9999.0 -9999.0 -9999.0 -9999.0 -9999.0 -9999.0 -9999.0 -9999.0 -9999.0 -9999.0 -9999.0 -9999.0 -9999.0 -9999.0 -798.527573 -6.012918 -799.881798 -0.707353 -94.757616 276.236982 -9999.0 -9999.0 -9999.0 -9999.0 -9999.0 -9999.0 -9999.0 -9999.0 -9999.0 -9999.0 -9999.0 -9999.0 -9999.0 -9999.0 -9999.0 -9999.0 -9999.0 -9999.0 -9999.0 -9999.0 -9999.0 -9999.0 -9999.0 -9999.0 -9999.0 -9999.0
-9999.0 -9999.0 -9999.0 -9999.0 -9999.0 -9999.0 -9999.0 -9999.0 -9999.0 -9999.0 -9999.0 -9999.0 -9999.0 -9999.0 -9999.0 -9999.0 -9999.0 -9999.0 -9999.0 -9999.0 -9999.0 -9999.0 -9999.0 -9999.0 196.369673 190.790685 190.871427 188.340548 209.221909 37.801125 -10.506964 -9999.0 -9999.0 -9999.0 -9999.0 -9999.0 -9999.0 -9999.0 -9999.0 -9999.0 -9999.0 -9999.0 -9999.0 -9999.0 -9999.0 -9999.0 -9999.0 -9999.0 -9999.0 -9999.0 -9999.0 -9999.0 -9999.0 -9999.0 -9999.0 -9999.0 -9999.0 -9999.0 -9999.0
-9999.0 -9999.0 -9999.0 -9999.0 -9999.0 -9999.0 -9999.0 -9999.0 -9999.0 -9999.0 -9999.0 -9999.0 -9999.0 -9999.0 -9999.0 -9999.0 -9999.0 -9999.0 -9999.0 -9999.0 -9999.0 -9999.0 -9999.0 189.293926 190.466018 -997.823170 -1629.251913 -7212.181191 -799.085014 -17.400645 -7.533447 -10.923807 -9999.0 -9999.0 -9999.0 -9999.0 -9999.0 -9999.0 -9999.0 -9999.0 -9999.0 -9999.0 -9999.0 -9999.0 -9999.0 -9999.0 -9999.0 -9999.0 -9999.0 -9999.0 -9999.0 -9999.0 -9999.0 -9999.0 -9999.0 -9999.0 -9999.0 -9999.0 -9999.0
-9999.0 -9999.0 -9999.0 -9999.0 -9999.0 -9999.0 -9999.0 -9999.0 -9999.0 -9999.0 -9999.0 -9999.0 -9999.0 -9999.0 -9999.0 -9999.0 -9999.0 -9999.0 180.197727 88.207951 -9999.0 194.288923 192.587262 -1328.190789 -1436.462194 -16029.213267 -561.917050 -468.479098 -811.078701 -1025.866532 -5.138930 -3.517017 -799.849012 -798.980478 -9999.0 -9999.0 -9999.0 -9999.0 -9999.0 -9999.0 -9999.0 -9999.0 -9999.0 -9999.0 -9999.0 -9999.0 -9999.0 -9999.0 -9999.0 -9999.0 -9999.0 -9999.0 -9999.0 -9999.0 -9999.0 -9999.0 -9999.0 -9999.0 -9999.0
-9999.0 -9999.0 -9999.0 -9999.0 -9999.0 -9999.0 -9999.0 -9999.0 -9999.0 -9999.0 -9999.0 -9999.0 -9999.0 -9999.0 -9999.0 -9999.0 -9999.0 -1141.877470 -672.352769 -1346758.982755 -800.592320 -392.996778 -896.752201 -15755.490380 -646.075718 -1024.908076 -591.765501 189.106257 -911.560033 -306.570412 202.877354 21.412912 -801.110517 -801.163791 -799.231621 -798.238763 -9999.0 -9999.0 -9999.0 -9999.0 -9999.0 -9999.0 -9999.0 -9999.0 -9999.0 -9999.0 -9999.0 -9999.0 -9999.0 -9999.0 -9999.0 -9999.0 -9999.0 -9999.0 -9999.0 -9999.0 -9999.0 -9999.0 -9999.0
-9999.0 -9999.0 -9999.0 -9999.0 -9999.0 -9999.0 -9999.0 -9999.0 -9999.0 -9999.0 -9999.0 -9999.0 -9999.0 -7.086521 -378.018142 -911.253715 -1081.075805 -798.515983 -1098.402703 -5090.215952 -1010.476542 -1568.763053 -11906.545760 -687.867595 -803.076630 182.926087 -170663.109647 -710.359348 -1235.366413 -732.194264 6830.032028 226.301088 21.878933 9.267623 -798.646702 -798.154739 -9999.0 -9999.0 -9999.0 -9999.0 -9999.0 -9999.0 -9999.0 -9999.0 -9999.0 -9999.0 -9999.0 -9999.0 -9999.0 -9999.0 -9999.0 -9999.0 -9999.0 -9999.0 -9999.0 -9999.0 -9999.0 -9999.0 -9999.0
-9999.0 -9999.0 -9999.0 -9999.0 -9999.0 -9999.0 -9999.0 -9999.0 -9999.0 -9999.0 -9999.0 -9999.0 -9999.0 191.552074 -477.930239 -981.073345 -958.567458 -114.220240 -799.408974 -1745.927362 -5346.483024 -452.833417 -706.846580 -1083.793600 -896.912148 -1008.597765 -17.989723 -798.835230 -798.764177 -683.558898 202.956023 -10.656435 -798.835320 -798.720560 -798.692014 -9999.0 -9999.0 -9999.0 -9999.0 -9999.0 -9999.0 -9999.0 -9999.0 -9999.0 -9999.0 -9999.0 -9999.0 -9999.0 -9999.0 -9999.0 -9999.0 -9999.0 -9999.0 -9999.0 -9999.0 -9999.0 -9999.0 -9999.0 -9999.0
-9999.0 -9999.0 -9999.0 -9999.0 -9999.0 -9999.0 -9999.0 -9999.0 -9999.0 -9999.0 -9999.0 -9999.0 -9999.0 -665.806472 573.185920 -954.160873 -905.913668 -991.872651 -799.506880 -949.121692 183.366501 -223028.093406 173.750086 -534.582706 -423.613396 195.001264 -799.847279 -798.750109 -5.110067 -798.805001 -8.238845 -798.722023 -798.642242 -798.786456 -798.655871 -9999.0 -9999.0 -9999.0 -9999.0 -9999.0 -9999.0 -9999.0 -9999.0 -9999.0 -9999.0 -9999.0 -9999.0 -9999.0 -9999.0 -9999.0 -9999.0 -9999.0 -9999.0 -9999.0 -9999.0 -9999.0 -9999.0 -9999.0 -9999.0
-9999.0 -9999.0 -9999.0 -9999.0 -9999.0 -9999.0 -9999.0 -9999.0 -9999.0 -9999.0 -9999.0 -9999.0 -1658.291186 4423.692322 -713.094624 -185.785339 -341.701762 -832.491709 -206.021114 -1392165.457496 -1076.193756 -460.153615 -33662.822513 -56.043035 2502.746958 -14.728760 887.288537 -8.427176 30.168778 -798.742949 -46.193723 -799.102045 7.177495 -798.946642 -9999.0 -9999.0 -9999.0 -9999.0 -9999.0 -9999.0 -9999.0 -9999.0 -9999.0 -9999.0 -9999.0 -9999.0 -9999.0 -9999.0 -9999.0 -9999.0 -9999.0 -9999.0 -9999.0 -9999.0 -9999.0 -9999.0 -9999.0 -9999.0 -9999.0
-9999.0 -9999.0 -9999.0 -9999.0 -9999.0 -9999.0 -9999.0 -9999.0 -9999.0 -9999.0 -9999.0 201.204400 193.508839 298.994659 -257.368069 194.108192 -152601.872995 -499.037716 -148.004000 -370864.013548 -801.918437 -67.782654 5.481055 -8.212771 -709.282143 3.511520 -19.513229 4.252880 2433.450129 -798.671091 -799.101423 21.643413 -798.464189 -799.256183 -799.027622 -800.880666 -262.748061 -300.386251 -696.935323 -9999.0 -9999.0 -9999.0 -800.882865 -9999.0 -9999.0 -9999.0 -9999.0 -9999.0 -9999.0 -9999.0 -9999.0 -9999.0 -9999.0 -9999.0 -9999.0 -9999.0 -9999.0 -9999.0 -9999.0
-9999.0 -9999.0 -9999.0 -9999.0 -9999.0 -9999.0 -9999.0 -9999.0 -9999.0 -9999.0 -9999.0 187.040582 186.680402 -814.713383 -132.490104 -16.118637 -358.989913 -1316.900743 -183.443989 168.877936 187.514795 4.694677 199.049473 194.678425 208.222924 -4.506406 -4.355312 17.717250 -798.623707 -798.894898 5.501831 73.931829 -11.272268 -4.573573 -77.613281 -100.346325 -173.504352 -252.037709 -256.567318 -802.776606 -802.003411 -798.590059 -17.558164 -798.901901 -9999.0 -9999.0 -9999.0 184.750239 -9.553279 -798.274703 -4.396272 -798.271546 -798.126659 180.526377 195.907545 -798.754002 -9999.0 -9999.0 -9999.0
-9999.0 -9999.0 -9999.0 -9999.0 -9999.0 -9999.0 -9999.0 -9999.0 -9999.0 -9999.0 -9999.0 207.698880 181.966445 -499.675215 198.933320 -4.124608 183.323106 171.994275 -23.559839 -149.659237 193.691506 -513.680129 176.533613 197.292534 -6.166306 -800.255015 189.425835 1493.921144 -798.840533 -8.727710 -798.472624 -344.996206 -3.212087 -15.356800 -799.165738 -141.371559 -2379.825858 -51040.858011 -285.507533 -804.014689 -289.079926 -433.837680 -88.067826 -14.018290 -18.276945 -9999.0 -798.901994 -3.870744 4.315277 15.640327 -39.321610 -799.214408 -36.905501 16.107001 -27.903126 4.202053 -9999.0 -9999.0 -9999.0
-9999.0 -9999.0 -9999.0 -9999.0 -9999.0 -9999.0 -9999.0 -9999.0 -9999.0 -9999.0 -9999.0 -9999.0 203.135529 209.603592 18.195483 191.661189 174.621671 -83.305744 191.706891 -154.170605 180.383612 -551.081603 -500.549766 191.433422 186.921856 185.555036 1714.315427 -70.223273 -2.990177 -798.655279 -2.073772 230.669447 -98.811101 -10.095375 -45.308462 -139.285166 -2461.159380 -3004.948960 -2068.380163 -605.652878 -1464.830565 -801.471274 -2892.627306 183.044001 -800.047924 -5.475094 -798.803045 -5.509694 -419.536917 199.723873 179.842308 308.532927 876.432415 278.359699 228.701674 206.637880 198.392456 -9999.0 -9999.0
-9999.0 -9999.0 -9999.0 -9999.0 -9999.0 -9999.0 -9999.0 -9999.0 -9999.0 -9999.0 -9999.0 195.007060 188.596312 -68.500508 210.490059 195.035983 194.043439 177.169954 196.798836 -388.074939 187.062293 195.912056 202.481393 -485.153584 187.686270 205.581278 196.116078 -9.594249 -12.739639 -800.295063 188.498853 253.429152 17.773991 -5.370315 -21.848561 -92.424523 -336.729165 -52484.117567 -1354.354810 -271.334393 -42705.479445 -2618.299950 -652.513243 -163829.302040 -3.272551 -11.410479 19.661860 -800.097800 -800.389425 -14982.475919 -153814.161389 -8.870680 212.075020 -152822.815495 -152885.234348 -798.789099 -798.333826 -9999.0 -9999.0
-9999.0 -9999.0 -9999.0 -9999.0 -9999.0 -9999.0 -9999.0 -9999.0 -9999.0 -9999.0 1659.368773 198.523280 186.469961 53.364756 36.427646 1516.528929 1518.823156 -67.763982 -635.014992 -495.746058 214.695792 206.907528 -216.983260 183.505054 192.098284 1839.354692 -345.324952 -157633.892131 -57.494052 1.039233 235.181034 453.599150 -0.363403 -5.788016 -798.696563 -800.008449 -147.810863 -2220.822947 -2408.993492 -2143.218347 -40401.300481 -150836.169603 -796.526840 -568.378308 171.474049 -800.464687 2.673130 -481.302806 199.647509 155.097839 -152894.284756 -799.016696 -152883.856953 -798.888120 -799.107121 10.868397 13.087099 -9999.0 -9999.0
-9999.0 -9999.0 -9999.0 -9999.0 -9999.0 -9999.0 -9999.0 -9999.0 -9999.0 -5.133777 197.971700 215.797160 194.830529 -12.770226 210.266709 206.460379 179.086576 19.181586 -328.104183 -781.230294 193.783811 -411.634841 -264.229872 -178.743594 -51.313483 -166.705678 171.482743 3.114825 -487.096991 192.093450 169.616570 -3305.941845 -798.582004 -798.660054 -798.716566 -799.118654 -3.546171 -815.453835 -1195.965377 -561.885894 -793.128497 -362.574821 -467.973556 -1761.187083 -725.740108 -516.348717 4.606713 -541.393597 -507.099626 167.273769 -12159.838152 -798.523305 -798.888118 -799.024254 -798.659884 -315.379567 273.045398 -781.059677 -799.580507
-9999.0 -9999.0 -9999.0 -9999.0 -9999.0 -9999.0 -9999.0 -9999.0 -9999.0 -38.764062 -3.849153 -5.068450 3369.663534 -96.473728 -111.655199 -82.426011 44.946364 -40.672940 -414.788219 -653.444946 -547.332453 -663.702582 -75.104700 191.814855 -172.188386 175.963394 178.361663 179.461158 -36.019205 172.567627 -92.275654 -171.396228 4.666071 -7.383146 8.439949 -801.026729 -800.431640 -800.756985 -58.816424 -0.830930 184.077008 -347.470358 -754.486976 -346.824715 -469.399039 -765.161613 -537.492823 -1242.058077 -843.316193 -12.335763 -2739.422110 -367.715066 -798.888890 -5.962407 -752.817969 225.856878 -311.024005 229.507336 -792.818657
-9999.0 -9999.0 -9999.0 -9999.0 -9999.0 -9999.0 -9999.0 -9999.0 -9999.0 -9999.0 -5.686374 3.236787 191.165861 1824.829787 -701.945340 -140.684178 -55.847710 -74.254453 -601.776311 -767.935322 -369.715028 -322.498624 179.093476 -191.233321 173.929213 177.468459 180.964142 170.057107 -87.789910 182.226669 -152.950620 3444.823522 -287.972246 -6.277180 18.172164 33.176219 3.811963 182.873515 -798.949977 -5.274080 -23.057657 182.756726 3470.352526 -345.042662 -189.783954 185.632118 -248.249613 48.784681 -631.290864 -439.142626 -4058.958921 -12278.125283 -798.574395 -798.908863 211.262117 -3.551146 207.574363 11047.912655 -347.067089
-9999.0 -9999.0 -9999.0 -9999.0 -9999.0 -9999.0 -9999.0 -9999.0 -9999.0 -9999.0 -2.602481 -2.257837 184.582406 187.943493 -185.962140 -332.325583 -147.067462 -552.192399 -947.634462 -830.302696 -853.456257 -479.907093 -135.103464 -131.164793 178.822847 29.543516 179.680734 187.412693 187.111001 -233.759274 -5.995456 220.422054 -152248.012250 -10.922641 -7.504602 199.663648 2700.393623 202.859187 -394.217643 -9.197383 1.374151 -785.527868 228.388543 -7.246674 193.189870 -3744.871109 190.877257 -188.721575 -236.968685 -470.679733 -235.965606 -463.983492 194.924569 -798.271254 -798.330551 -798.821686 -11.913786 -327.971083 375.751160
-9999.0 -9999.0 -9999.0 -9999.0 -9999.0 -9999.0 -9999.0 -9999.0 187.607888 -2.684143 -77.511593 192.668042 306.996853 209.154871 181.068363 -276.440613 -1065.998749 -710.868395 -1021.763775 -867.697918 -992.881337 -1084.945638 -846.256508 -909.498052 -643.063826 -68.175504 200.231170 184.979609 205.624636 -321.265798 -798.799279 -2.392274 -1.830431 -7.020474 10.481246 -21.684271 -2.849829 194.111599 -158.145566 -798.549377 -798.770371 208.758036 -153070.670046 -798.745939 -800.526525 1771.043769 -153.701152 185.867598 -194.517999 174.941955 196.715025 -3986.197849 195.944618 -336.476503 -799.837612 -31.505001 -784.423300 172.308053 -435.404273
-9999.0 -9999.0 -9999.0 -9999.0 -9999.0 -9999.0 -9999.0 -9999.0 -161.589053 202.423302 -444.225957 -8.738318 -7.387360 1537.515552 177.766153 10.113782 -289.436723 -590.736505 -4704.059541 -937.672933 -533.968956 -744.260172 -472.731029 -633.087804 -1288.910351 -32.025532 198.454707 195.916850 -152511.631765 -2.066290 -3.693884 -800.266349 21.872510 -798.181502 211.058357 191.157290 32.672759 215.735801 -404.699238 5.478469 -5.577395 -283.361428 -798.787339 5.520884 2117.242183 205.221828 -152898.103580 -4.133786 -315.826035 185.023515 158.425055 189.396335 192.620504 6.778835 -42.308882 -152347.957113 -451.543189 -420.227485 -424.227372
-9999.0 -9999.0 -9999.0 -9999.0 -9999.0 -9999.0 -9999.0 -9999.0 -6.865981 2060.080513 -93.355715 -406.495964 257.084876 -152752.688968 184.963235 -218.563139 -321.367812 -1031.495309 -1773.207079 -508.284086 -956.556270 -830.723866 -775.500695 -988.170669 -619.394814 177.330502 180.818577 181.911771 -152767.079611 4.828938 -800.095995 200.343113 195.248326 -16178.533453 205.681430 50.039849 -421.914986 -199.681179 -160.802730 -352.348144 3.753743 -798.513249 202.329910 2135.576686 203.604414 202.466907 -800.322701 191.315103 176.952649 -182.839440 -15.756047 176.751795 -190.534431 -188.927384 -418.411281 195.253689 182.103164 182.057849 185.559683
-9999.0 -9999.0 -9999.0 -9999.0 -9999.0 -9999.0 -9999.0 -9999.0 -798.447224 1.673189 204.187480 -181002.435321 196.400527 184.785428 -5238.221154 158.772078 -804.135707 -2002.570715 -517.286826 -1046.191466 -952.491827 -968.640241 -869.996906 -851.662472 -871.291463 175.250018 182.339276 -195.585684 180.459223 -471.656630 -511.026752 -461.080736 -16240.078836 201.974435 -14796.662407 -15.404942 -10.488589 162.238817 -175.439150 -370.464666 -5.273082 7.370807 12.437618 -799.345674 189.174683 -800.014142 -50.861431 -799.435893 -16.008936 -459.360133 156.310986 154.091446 171.182748 161.926908 185.344958 200.014540 203.317042 242.598434 -450.517363
-9999.0 -9999.0 -9999.0 -9999.0 -9999.0 -9999.0 -9999.0 -9999.0 167.692561 183.247960 3486.851887 -188.856583 -190.787876 182.638203 184.137452 -86.348514 -55.409783 -197.860710 -191.158812 -672.849517 -1051.323771 -1008.403565 -1023.870380 -1021.834948 -929.431281 -398.339221 162.531400 187.766018 177.894150 202.951049 -198.967461 197.785242 -481.470303 207.258451 -553.804083 -575.833639 -440.263376 169.091097 -182.503096 193.820445 -412.956907 -24689.076001 -431.210494 -14179.788141 -430.830169 -3.430809 -463.027801 -436.885952 -484.383903 -470.850060 -538.704758 -659.670498 -130.898479 -205.729955 278.823250 290.961916 200.175514 -159.045735 -184.404015
-9999.0 -9999.0 -71.486205 196.703649 948.442600 188.364656 240.798163 201.009840 189.723440 194.642974 204.942281 250.469957 209.049301 204.380624 -57.462218 162.303141 -190.122220 175.431690 178.644235 -73.678734 -1047.390783 -1107.764314 -755.028301 -1215.008282 -899.217198 -1105.751116 -512.109709 -171.549472 166.023266 201.933015 170.379056 180.859977 281.809708 180.598163 194.413682 176.388463 185.586577 179.867037 -182.569633 -174.806004 -446.079307 -458.500936 -215.092555 187.603365 -208.017881 -466.998893 181.885395 183.808909 -498.754306 -381.274698 -879.819286 -685.222622 196.918995 198.365152 200.421469 199.261939 230.504949 202.752283 184.668068
-9999.0 186.975408 193.305279 192.581574 24.090735 223.263717 242.030587 199.937510 201.049866 -3.057700 190.360405 184.124586 216.728148 231.423287 180.112606 -162.803218 186.225978 190.521743 180.100043 -101.029974 -1243.558020 -729.734087 -355.282534 -1049.662805 -977.437645 -1170.814364 -857.886074 -835.552530 -560.515778 -64.960153 -1017.625220 -492.805537 223.656721 213.316901 198.055768 184.164382 190.860047 -24.331238 201.733120 178.509587 175.936442 199.545621 205.728968 177.282504 -53.617829 -234.878305 -171.208457 -301.815960 -563.701040 -903.842197 -384.236359 196.487065 236.591668 253.731199 242.541424 199.324052 196.428101 187.037381 194.405567
