erum2020/resources/simulation/Vinschgau/output-maps/psiL0007N0505.asc
ncols         63
nrows         48
xllcorner     598000.000000
yllcorner     5145000.000000
cellsize      1000.000000
NODATA_value  -9999.0
[rows 0 to 25 of 48, columns 0 to 57 of 63]
-9999.0 -9999.0 -9999.0 -9999.0 -9999.0 -9999.0 -9999.0 -9999.0 -9999.0 -9999.0 -9999.0 -9999.0 -9999.0 -9999.0 -9999.0 -9999.0 -9999.0 -9999.0 -9999.0 -9999.0 -9999.0 -9999.0 -9999.0 -9999.0 -9999.0 -9999.0 -9999.0 -9999.0 -9999.0 -9999.0 -9999.0 -9999.0 -9999.0 -9999.0 -9999.0 -9999.0 -9999.0 -9999.0 -9999.0 -9999.0 -9999.0 -9999.0 -9999.0 -9999.0 -9999.0 -9999.0 -9999.0 -9999.0 -9999.0 -9999.0 -9999.0 -9999.0 -9999.0 -9999.0 -9999.0 -9999.0 -9999.0 -9999.0
-9999.0 -9999.0 -9999.0 -9999.0 -9999.0 -9999.0 -9999.0 -9999.0 -9999.0 -9999.0 -9999.0 -9999.0 -9999.0 -9999.0 -9999.0 -9999.0 -9999.0 -9999.0 -9999.0 -9999.0 -9999.0 -9999.0 -9999.0 -9999.0 -9999.0 -9999.0 -9999.0 -594.128674 -539.303667 -593.472665 -524.379397 -582.625704 -554.682482 -9999.0 -9999.0 -9999.0 -9999.0 -9999.0 -9999.0 -9999.0 -9999.0 -9999.0 -9999.0 -9999.0 -9999.0 -9999.0 -9999.0 -9999.0 -9999.0 -9999.0 -9999.0 -9999.0 -9999.0 -9999.0 -9999.0 -9999.0 -9999.0 -9999.0
-9999.0 -9999.0 -9999.0 -9999.0 -9999.0 -9999.0 -9999.0 -9999.0 -9999.0 -9999.0 -9999.0 -9999.0 -9999.0 -9999.0 -9999.0 -9999.0 -9999.0 -9999.0 -9999.0 -9999.0 -9999.0 -9999.0 -9999.0 -9999.0 -213.501835 -220.790787 -177.955407 -153.327500 -115.416090 -353.278529 -565.462602 -9999.0 -9999.0 -9999.0 -9999.0 -9999.0 -9999.0 -9999.0 -9999.0 -9999.0 -9999.0 -9999.0 -9999.0 -9999.0 -9999.0 -9999.0 -9999.0 -9999.0 -9999.0 -9999.0 -9999.0 -9999.0 -9999.0 -9999.0 -9999.0 -9999.0 -9999.0 -9999.0
-9999.0 -9999.0 -9999.0 -9999.0 -9999.0 -9999.0 -9999.0 -9999.0 -9999.0 -9999.0 -9999.0 -9999.0 -9999.0 -9999.0 -9999.0 -9999.0 -9999.0 -9999.0 -9999.0 -9999.0 -9999.0 -9999.0 -9999.0 -235.015788 -149.764598 -694.926616 -1530.020366 -40375.770132 -39160.853959 -538.714671 -525.877541 -573.620985 -9999.0 -9999.0 -9999.0 -9999.0 -9999.0 -9999.0 -9999.0 -9999.0 -9999.0 -9999.0 -9999.0 -9999.0 -9999.0 -9999.0 -9999.0 -9999.0 -9999.0 -9999.0 -9999.0 -9999.0 -9999.0 -9999.0 -9999.0 -9999.0 -9999.0 -9999.0
-9999.0 -9999.0 -9999.0 -9999.0 -9999.0 -9999.0 -9999.0 -9999.0 -9999.0 -9999.0 -9999.0 -9999.0 -9999.0 -9999.0 -9999.0 -9999.0 -9999.0 -9999.0 358.068513 -213.943620 -9999.0 -202.651443 -160.711946 -39429.414173 -1198.173066 -40908.366767 -97.645985 344.483586 348.282603 -980.748986 -486.860090 -498.831889 -593.175814 -593.224971 -9999.0 -9999.0 -9999.0 -9999.0 -9999.0 -9999.0 -9999.0 -9999.0 -9999.0 -9999.0 -9999.0 -9999.0 -9999.0 -9999.0 -9999.0 -9999.0 -9999.0 -9999.0 -9999.0 -9999.0 -9999.0 -9999.0 -9999.0 -9999.0
-9999.0 -9999.0 -9999.0 -9999.0 -9999.0 -9999.0 -9999.0 -9999.0 -9999.0 -9999.0 -9999.0 -9999.0 -9999.0 -9999.0 -9999.0 -9999.0 -9999.0 -993.754634 -1553.861345 -41899.928863 -591.470972 -70.274472 -908.045122 -38345.214082 -161.148781 -1666.371681 -1205.391912 -329.142948 -1162.752206 337.708294 -107.515336 -403.226645 -591.203787 -592.626125 -583.507158 -582.522410 -9999.0 -9999.0 -9999.0 -9999.0 -9999.0 -9999.0 -9999.0 -9999.0 -9999.0 -9999.0 -9999.0 -9999.0 -9999.0 -9999.0 -9999.0 -9999.0 -9999.0 -9999.0 -9999.0 -9999.0 -9999.0 -9999.0
-9999.0 -9999.0 -9999.0 -9999.0 -9999.0 -9999.0 -9999.0 -9999.0 -9999.0 -9999.0 -9999.0 -9999.0 -9999.0 -542.636368 -471.844727 -423.412956 -786.300711 -592.027840 -966.284618 -37890.391101 -999.690180 -1324.987041 -38835.374665 -156.279041 -1434.654547 -196.368689 -37757.348464 -33863.930787 -32615.583674 -356.829174 3651.962903 -146.167064 -491.814037 -549.283791 -582.177048 -582.566642 -9999.0 -9999.0 -9999.0 -9999.0 -9999.0 -9999.0 -9999.0 -9999.0 -9999.0 -9999.0 -9999.0 -9999.0 -9999.0 -9999.0 -9999.0 -9999.0 -9999.0 -9999.0 -9999.0 -9999.0 -9999.0 -9999.0
-9999.0 -9999.0 -9999.0 -9999.0 -9999.0 -9999.0 -9999.0 -9999.0 -9999.0 -9999.0 -9999.0 -9999.0 -9999.0 -150.181335 -566.299359 -761.422610 -845.569718 375.477574 -591.576832 -2244.042040 -141855.731724 -592.672784 -1358.221156 -1605.576298 -559.707918 -34466.523154 -577.100608 -582.836265 -582.346049 -16002.476122 -338.738775 -564.751312 -582.129882 -582.147453 -582.162576 -9999.0 -9999.0 -9999.0 -9999.0 -9999.0 -9999.0 -9999.0 -9999.0 -9999.0 -9999.0 -9999.0 -9999.0 -9999.0 -9999.0 -9999.0 -9999.0 -9999.0 -9999.0 -9999.0 -9999.0 -9999.0 -9999.0 -9999.0
-9999.0 -9999.0 -9999.0 -9999.0 -9999.0 -9999.0 -9999.0 -9999.0 -9999.0 -9999.0 -9999.0 -9999.0 -9999.0 -757.395738 382.099032 -455.010005 -584.331025 -758.457440 -591.213534 -706.192187 -106.787037 -37964.564171 -1028.191039 -1473.280227 -613.290099 -340.230809 -593.446465 -582.676537 -505.673609 -582.134183 -558.682192 -582.108093 -582.224144 -582.087736 -582.039144 -9999.0 -9999.0 -9999.0 -9999.0 -9999.0 -9999.0 -9999.0 -9999.0 -9999.0 -9999.0 -9999.0 -9999.0 -9999.0 -9999.0 -9999.0 -9999.0 -9999.0 -9999.0 -9999.0 -9999.0 -9999.0 -9999.0 -9999.0
-9999.0 -9999.0 -9999.0 -9999.0 -9999.0 -9999.0 -9999.0 -9999.0 -9999.0 -9999.0 -9999.0 -9999.0 -38113.283735 2661.534674 -459.255900 -396.478909 362.029824 -313.836815 109.193251 -40883.345708 -888.507129 -665.988863 -36644.609270 -494.101177 2451.786619 -557.070878 -184.149867 -541.905544 -378.295787 -582.467316 -582.118663 -593.664199 -465.684386 -584.369856 -9999.0 -9999.0 -9999.0 -9999.0 -9999.0 -9999.0 -9999.0 -9999.0 -9999.0 -9999.0 -9999.0 -9999.0 -9999.0 -9999.0 -9999.0 -9999.0 -9999.0 -9999.0 -9999.0 -9999.0 -9999.0 -9999.0 -9999.0 -9999.0
-9999.0 -9999.0 -9999.0 -9999.0 -9999.0 -9999.0 -9999.0 -9999.0 -9999.0 -9999.0 -9999.0 -183.013726 -338.303028 705.763531 -502.540047 -175.047721 -36717.502831 334.820087 372.059550 -40680.924631 -67020.107017 370.434627 -448.059289 -540.828122 -34112.430465 -497.266859 -573.913462 -456.087808 1383.272183 -582.506946 -593.212450 -385.548176 -590.159770 -584.506391 -591.980751 -593.259145 -582.023335 -586.975509 -593.221740 -9999.0 -9999.0 -9999.0 -584.527032 -9999.0 -9999.0 -9999.0 -9999.0 -9999.0 -9999.0 -9999.0 -9999.0 -9999.0 -9999.0 -9999.0 -9999.0 -9999.0 -9999.0 -9999.0
-9999.0 -9999.0 -9999.0 -9999.0 -9999.0 -9999.0 -9999.0 -9999.0 -9999.0 -9999.0 -9999.0 -191.774282 -370.133536 -36080.368070 -390.515462 -575.174202 -429.972791 -2062.540560 356.119360 410.271918 -98.155086 -412.352168 -134.250580 -309.480447 -252.546321 -532.804712 -482.090274 -397.158534 -593.125785 -584.244703 -423.155669 -287.915154 -517.026906 -527.235002 -588.521742 -520.505842 -541.324311 -566.386776 -581.811916 -592.839953 -591.992302 -590.249769 -449.442480 -584.382282 -9999.0 -9999.0 -9999.0 357.318235 -565.629546 -594.574559 -526.584936 -594.688375 -594.280606 349.669776 376.401716 -585.189970 -9999.0 -9999.0
-9999.0 -9999.0 -9999.0 -9999.0 -9999.0 -9999.0 -9999.0 -9999.0 -9999.0 -9999.0 -9999.0 -143.729877 -212.367144 -6575.817636 390.076987 -493.756897 -280.351807 -638.706873 -103.164478 368.288726 399.907267 -24152.704646 -290.870797 -127.716527 -541.075867 -592.544279 -269.184299 -216.451700 -584.185017 -546.478352 -583.370297 -16432.234782 -450.729858 -546.512709 -588.854785 -512.930686 -5551.498522 -40671.611686 -577.089477 -592.002971 -589.555968 -591.905895 -464.351950 -502.158984 -573.441667 -9999.0 -586.246393 -525.790624 -458.556831 -384.299463 -581.823471 -594.096649 -574.486411 -317.197598 -559.588286 -493.417121 -9999.0 -9999.0
-9999.0 -9999.0 -9999.0 -9999.0 -9999.0 -9999.0 -9999.0 -9999.0 -9999.0 -9999.0 -9999.0 -9999.0 -170.374878 411.345637 -178.264666 -175.210666 -560.924633 -651.441554 439.196562 363.564122 -751.703562 -25813.968641 -23531.586577 -254.008702 -264.343408 -293.999526 950.451526 -583.241952 -524.232722 -593.740758 -451.767884 -273.749812 -592.548625 -506.976931 -546.405798 -524.750951 -7689.447182 -19517.253690 -352.069706 -592.546579 -489.903867 -592.424352 -33249.951737 -130.105142 -593.034222 -516.674724 -594.125525 -537.702037 -11525.548251 -266.463031 341.309827 -223.774318 1434.897060 543.746753 -273.322614 -211.462353 -188.150762 -9999.0
-9999.0 -9999.0 -9999.0 -9999.0 -9999.0 -9999.0 -9999.0 -9999.0 -9999.0 -9999.0 -9999.0 383.591074 -225.118207 -592.418861 -253.491300 -263.915534 -248.265744 -604.894467 -84.245204 370.015612 -796.758643 -669.414718 -280.687126 -17694.260848 -314.253469 -230.027445 374.605825 -550.380050 -569.191066 -592.936263 -265.170272 -242.904208 -333.752945 -466.902610 -557.409565 -449.603858 -587.497184 -41098.042431 -888.411546 -578.110405 -36569.610855 -10462.970893 -403.265013 -37055.476050 -384.126810 -545.155115 -415.291748 -593.629843 -593.897552 -33991.015265 -6351.327215 -570.802218 -290.715393 -982.650724 -779.145700 -584.237213 -594.471433 -9999.0
-9999.0 -9999.0 -9999.0 -9999.0 -9999.0 -9999.0 -9999.0 -9999.0 -9999.0 -9999.0 1665.210876 -262.437559 -132.737400 -185.121633 -132.959616 -53.425410 -76.642158 -719.851588 -343.339842 -199.002894 424.401273 403.489230 -27747.463648 -136.627565 -352.097259 1712.566213 -4208.803448 -19169.859779 -589.793137 -412.405741 -234.595092 -169.600003 -452.439687 -514.790587 -582.275540 -591.811098 -523.990881 -2421.175905 -2503.827114 -1298.380942 -34853.217640 -33282.376407 -584.350941 -151.450619 -381.261744 -592.864312 -448.115136 -29534.666254 -263.376721 -264.833214 -24750.356100 -584.605478 -748.109754 -584.325833 -584.989911 -460.257113 -459.214032 -9999.0
-9999.0 -9999.0 -9999.0 -9999.0 -9999.0 -9999.0 -9999.0 -9999.0 -9999.0 -542.612296 385.642222 431.860280 -228.806905 -310.841643 420.497512 -254.970247 -329.038704 -106.271334 -864.705605 -665.414629 397.698151 -1235.042228 -39296.103456 -472.866413 336.274605 -18399.035284 -396.877818 -384.293223 -25142.450331 -312.943331 -253.703646 -90287.270113 -582.641978 -582.534961 -585.996153 -583.962222 -454.245180 -641.001819 -1518.405585 -324.963119 -924.641058 -940.616704 -87758.535536 -1829.525806 -89320.905984 -31385.172884 -311.225465 -31406.119486 -30841.981833 316.861534 -29115.315993 -594.278982 -584.276345 -586.786646 -591.376220 -3197.713355 -212.498636 -593.779400
-9999.0 -9999.0 -9999.0 -9999.0 -9999.0 -9999.0 -9999.0 -9999.0 -9999.0 -589.920940 -546.649069 -519.452245 1992.652726 -317.611118 -372.900786 -364.770478 -106.978821 -313.892838 -1015.185089 -444.672517 -362.860568 -207.733975 337.690693 -131.823432 -16899.407406 -450.050176 -387.469934 -342.228125 -293.024284 326.354725 -569.787664 -16812.386429 -492.936801 -532.780964 -416.437976 -591.785598 -592.815252 -592.657007 -577.638792 -431.684166 351.420436 -3433.835913 -923.544248 -363.703506 -227.588779 -314.442103 -579.108723 -33868.528404 -33193.989582 -291.457191 -98821.644301 -1984.839117 -585.831218 -566.635253 -585.149072 429.919239 -8833.698731 -209.500081
-9999.0 -9999.0 -9999.0 -9999.0 -9999.0 -9999.0 -9999.0 -9999.0 -9999.0 -9999.0 -544.565893 -468.192109 -239.378369 1940.844580 -26536.727993 -374.628341 -339.271687 -422.057013 -1263.671585 -662.298185 -18.636781 -41013.968523 -558.426842 -16314.456068 -447.937802 -395.338800 -488.847024 -273.597221 -565.162934 -415.977536 -13873.420419 3015.129112 -1193.505349 -543.480234 -398.297332 -308.888487 -217.946429 -158.547823 -593.565417 -541.228026 -574.515405 -135.068928 1977.278101 -23269.448156 -24433.989252 -778.118763 -39821.927360 336.658589 -33581.378860 -28653.442839 -149587.097226 -26720.666483 -594.616619 -585.930595 -265.306624 -550.907767 -164.033506 5782.296570
-9999.0 -9999.0 -9999.0 -9999.0 -9999.0 -9999.0 -9999.0 -9999.0 -9999.0 -9999.0 -524.435446 -507.991404 -176.646177 -250.583130 347.333876 -700.634135 -735.379239 -282.875809 -922.021042 -787.350800 -911.140362 -1194.681820 -803.929715 -583.866184 -498.453128 -564.580500 339.907060 -506.193735 -434.259928 -980.954810 -540.106401 -135.463085 -25645.361196 -555.741309 -536.095328 -159.200220 1336.676639 -273.146228 -14806.250198 -550.003475 -481.409113 -594.048954 -266.541205 -536.549955 368.133819 -125629.638611 -267.458231 -24465.442866 -33759.967756 -31308.132494 -31903.612009 -18045.538183 -235.951603 -594.661026 -584.577438 -594.525206 -568.857101 -14291.133620
-9999.0 -9999.0 -9999.0 -9999.0 -9999.0 -9999.0 -9999.0 -9999.0 -133.009164 -439.252785 -591.586128 -156.803920 -198.237579 -237.071543 -506.325733 353.198602 -1475.020142 -189.673035 -723.570901 -836.983597 -1192.604096 -1898.508560 -1517.162656 -1445.160163 -817.305012 333.995489 383.232067 -410.774319 -227.600167 -1572.179964 -583.183424 -519.785492 -507.109595 -538.649588 -486.625295 -574.600093 -463.876915 -264.644451 -20608.921811 -593.899207 -586.400998 -157.554985 -2812.440424 -583.334437 -593.818639 977.460115 -18614.610862 -267.347966 -22386.107135 332.106456 -887.847477 -152720.329625 -229.210655 -1819.121777 -593.927741 -544.822652 -593.764479 -91.977533
-9999.0 -9999.0 -9999.0 -9999.0 -9999.0 -9999.0 -9999.0 -9999.0 -7533.411540 -231.703917 -6955.277089 -553.579049 -534.303621 -81.245362 -549.949343 -594.413581 -751.245586 -1193.332644 -141404.018785 -895.579828 -332.983283 -571.149155 -263.268850 -228.488915 -2201.587357 339.066234 384.616811 -214.654245 -10434.168596 -479.601780 -500.280785 -593.216518 -452.335255 -594.328246 -137.096087 -130.218995 -330.570677 -235.189933 -18726.091278 -453.581132 -552.434199 -583.561056 -584.581154 -448.966722 1201.393353 -258.745612 -2989.039998 -517.281888 -20680.186605 -793.968067 -972.749058 -215.602560 -439.723302 -374.455973 -573.041174 -29214.143647 -20285.680391 -21586.901845
-9999.0 -9999.0 -9999.0 -9999.0 -9999.0 -9999.0 -9999.0 -9999.0 -538.908879 -26.748657 -567.893743 -2719.155526 -103.685921 -6958.270029 -250.400233 -22429.780115 -983.240735 -963.083548 -3455.206138 -284.966136 -914.777165 -594.709591 -619.567717 -908.769060 -329.663989 -984.999293 -616.616370 -470.595498 -25421.308289 -451.981378 -593.389461 -111.453956 -248.456100 -24435.466334 -127.829692 -261.644193 -20077.055813 -21292.408677 -14537.658029 -7839.921541 -515.868430 -594.323233 -148.083369 1198.501560 -308.935034 -192.630460 -594.038011 -175.786564 -340.861114 -22097.100140 305.033725 -735.742712 -12852.904963 -12330.591734 -18935.706528 -180.062217 -193.921769 -243.079839
-9999.0 -9999.0 -9999.0 -9999.0 -9999.0 -9999.0 -9999.0 -9999.0 -583.446260 -447.339130 419.104565 -26790.063748 -109.707089 368.594853 -151501.086858 -677.641488 -67233.003257 -2239.323411 -219.033515 -949.628268 -889.683419 -851.603066 -551.014113 -524.825131 -656.404545 -784.317128 -591.764993 -19209.268763 -138.784495 -22488.570894 -22026.404489 -24178.953020 -31223.242084 -225.236061 -25807.069280 -578.336833 -557.227782 -642.850237 -12889.156102 -11816.087197 -513.814604 -434.428409 -415.159185 -593.558476 -197.766045 -593.984184 -589.718393 -593.892125 -566.236797 -24759.320868 -675.032897 -841.901944 -704.308584 318.996274 -191.331078 -172.845191 -834.323629 671.181237
-9999.0 -9999.0 -9999.0 -9999.0 -9999.0 -9999.0 -9999.0 -9999.0 -206.378456 -134.557899 3096.088092 -12977.679306 -12942.125917 -518.129062 -84.719496 393.360459 325.261397 -767.232185 -643.992439 -1034.875472 -927.572439 -839.007525 -819.450659 -781.594546 -236.093253 -1114.755523 -784.135993 -437.338309 -459.667010 -255.176204 -21845.334774 -244.701531 -27126.729756 -230.597759 -21265.072161 -22537.122808 -23274.515946 -625.061361 -14062.002975 -216.250463 -19388.071657 -28459.246327 -22474.426057 -29848.388199 -18037.275223 -487.780809 -25117.842294 -24539.052139 -25555.779007 -27410.163490 -30683.608625 -1360.035666 -738.385945 -419.776103 -100.883467 642.711237 381.046030 381.178410
-9999.0 -9999.0 -592.632958 -176.243978 -133.763389 -391.873859 -221.733238 -233.968950 -130.437932 -139.923024 -218.881261 487.184863 -508.135568 -182.662592 -60.887530 309.154477 -14727.309212 -491.366435 -373.098562 -638.468844 -1393.988116 -576.369096 -138.877928 -946.467529 -767.643534 -1779.959065 -1262.994988 -1108.727628 -960.424561 -118.053699 -723.203281 -655.854703 574.839984 -681.802877 -316.701523 -622.022494 -419.257960 -618.558364 -12688.092441 -11421.412938 -22541.459300 -26002.221768 -23594.205986 -928.642453 -26162.012511 -27384.530182 -342.339563 367.927040 -32150.052098 -643.141876 -921.303620 -264.217038 373.922964 377.935376 382.261780 379.072374 496.026611 408.089574
