erum2020/resources/simulation/Vinschgau/output-maps/psiL0005N1441.asc
ncols         63
nrows         48
xllcorner     598000.000000
yllcorner     5145000.000000
cellsize      1000.000000
NODATA_value  -9999.0
[rows 0 to 25 of 48, columns 0 to 56 of 63]
-9999.0 -9999.0 -9999.0 -9999.0 -9999.0 -9999.0 -9999.0 -9999.0 -9999.0 -9999.0 -9999.0 -9999.0 -9999.0 -9999.0 -9999.0 -9999.0 -9999.0 -9999.0 -9999.0 -9999.0 -9999.0 -9999.0 -9999.0 -9999.0 -9999.0 -9999.0 -9999.0 -9999.0 -9999.0 -9999.0 -9999.0 -9999.0 -9999.0 -9999.0 -9999.0 -9999.0 -9999.0 -9999.0 -9999.0 -9999.0 -9999.0 -9999.0 -9999.0 -9999.0 -9999.0 -9999.0 -9999.0 -9999.0 -9999.0 -9999.0 -9999.0 -9999.0 -9999.0 -9999.0 -9999.0 -9999.0 -9999.0
-9999.0 -9999.0 -9999.0 -9999.0 -9999.0 -9999.0 -9999.0 -9999.0 -9999.0 -9999.0 -9999.0 -9999.0 -9999.0 -9999.0 -9999.0 -9999.0 -9999.0 -9999.0 -9999.0 -9999.0 -9999.0 -9999.0 -9999.0 -9999.0 -9999.0 -9999.0 -9999.0 -308.878145 -1040.757613 -244.337764 -829.708160 -116.731552 14244.335294 -9999.0 -9999.0 -9999.0 -9999.0 -9999.0 -9999.0 -9999.0 -9999.0 -9999.0 -9999.0 -9999.0 -9999.0 -9999.0 -9999.0 -9999.0 -9999.0 -9999.0 -9999.0 -9999.0 -9999.0 -9999.0 -9999.0 -9999.0 -9999.0
-9999.0 -9999.0 -9999.0 -9999.0 -9999.0 -9999.0 -9999.0 -9999.0 -9999.0 -9999.0 -9999.0 -9999.0 -9999.0 -9999.0 -9999.0 -9999.0 -9999.0 -9999.0 -9999.0 -9999.0 -9999.0 -9999.0 -9999.0 -9999.0 -521.377254 -788.541244 -1160.524592 -550.677347 -1060.313217 -1415.749760 -799.091487 -9999.0 -9999.0 -9999.0 -9999.0 -9999.0 -9999.0 -9999.0 -9999.0 -9999.0 -9999.0 -9999.0 -9999.0 -9999.0 -9999.0 -9999.0 -9999.0 -9999.0 -9999.0 -9999.0 -9999.0 -9999.0 -9999.0 -9999.0 -9999.0 -9999.0 -9999.0
-9999.0 -9999.0 -9999.0 -9999.0 -9999.0 -9999.0 -9999.0 -9999.0 -9999.0 -9999.0 -9999.0 -9999.0 -9999.0 -9999.0 -9999.0 -9999.0 -9999.0 -9999.0 -9999.0 -9999.0 -9999.0 -9999.0 -9999.0 -941.819042 -920.181814 -2127.150852 -2539.333621 -3721.507771 -3696.814496 -1500.535308 -828.454863 -524.614220 -9999.0 -9999.0 -9999.0 -9999.0 -9999.0 -9999.0 -9999.0 -9999.0 -9999.0 -9999.0 -9999.0 -9999.0 -9999.0 -9999.0 -9999.0 -9999.0 -9999.0 -9999.0 -9999.0 -9999.0 -9999.0 -9999.0 -9999.0 -9999.0 -9999.0
-9999.0 -9999.0 -9999.0 -9999.0 -9999.0 -9999.0 -9999.0 -9999.0 -9999.0 -9999.0 -9999.0 -9999.0 -9999.0 -9999.0 -9999.0 -9999.0 -9999.0 -9999.0 -1002.381631 -1051.707334 -9999.0 -1153.655844 -958.758524 -3580.295867 -2341.498743 -3583.962468 -1236.758175 -1419.983518 -1368.051751 -1929.978983 -1252.897940 -906.187900 -284.888595 -314.444107 -9999.0 -9999.0 -9999.0 -9999.0 -9999.0 -9999.0 -9999.0 -9999.0 -9999.0 -9999.0 -9999.0 -9999.0 -9999.0 -9999.0 -9999.0 -9999.0 -9999.0 -9999.0 -9999.0 -9999.0 -9999.0 -9999.0 -9999.0
-9999.0 -9999.0 -9999.0 -9999.0 -9999.0 -9999.0 -9999.0 -9999.0 -9999.0 -9999.0 -9999.0 -9999.0 -9999.0 -9999.0 -9999.0 -9999.0 -9999.0 -2128.564876 -2532.974915 -30131.522885 -366.028257 -1060.944531 -1965.058238 -3369.374500 -1445.312923 -1109.963659 89355.707980 -1616.145039 25001.977500 -1195.716182 -933.087428 -1327.997622 -272.131993 -453.551560 -417.654575 -370.164346 -9999.0 -9999.0 -9999.0 -9999.0 -9999.0 -9999.0 -9999.0 -9999.0 -9999.0 -9999.0 -9999.0 -9999.0 -9999.0 -9999.0 -9999.0 -9999.0 -9999.0 -9999.0 -9999.0 -9999.0 -9999.0
-9999.0 -9999.0 -9999.0 -9999.0 -9999.0 -9999.0 -9999.0 -9999.0 -9999.0 -9999.0 -9999.0 -9999.0 -9999.0 -1820.383541 -2147.155642 -2018.781363 -2265.766438 -6778.254887 -2089.849257 -3484.077491 -2342.931123 -2265.264794 -3482.582999 -2057.210755 -708.588923 -961.155466 -4501.167395 6213.283121 -55.695975 -1025.811587 20629.390924 -807.973855 -1135.713935 -827.434997 -176.217702 -314.858214 -9999.0 -9999.0 -9999.0 -9999.0 -9999.0 -9999.0 -9999.0 -9999.0 -9999.0 -9999.0 -9999.0 -9999.0 -9999.0 -9999.0 -9999.0 -9999.0 -9999.0 -9999.0 -9999.0 -9999.0 -9999.0
-9999.0 -9999.0 -9999.0 -9999.0 -9999.0 -9999.0 -9999.0 -9999.0 -9999.0 -9999.0 -9999.0 -9999.0 -9999.0 -1266.876502 -2475.607928 -2189.366694 -2234.075852 -1244.376015 -6790.498855 -2539.349628 -3168.838089 -3438.349655 -2277.221986 -1645.300300 -2058.124169 -3057.561746 -1126.526300 -253.884285 -240.628853 69151.173485 51530.169360 -962.979994 -227.451767 -290.901285 -213.101119 -9999.0 -9999.0 -9999.0 -9999.0 -9999.0 -9999.0 -9999.0 -9999.0 -9999.0 -9999.0 -9999.0 -9999.0 -9999.0 -9999.0 -9999.0 -9999.0 -9999.0 -9999.0 -9999.0 -9999.0 -9999.0 -9999.0
-9999.0 -9999.0 -9999.0 -9999.0 -9999.0 -9999.0 -9999.0 -9999.0 -9999.0 -9999.0 -9999.0 -9999.0 -9999.0 -2562.997913 360.412612 -2190.577108 -2189.377231 -2205.557947 -6826.151147 -2148.944502 -1582.298405 -20956.621723 -1200.635913 -180.552675 -2156.244809 -2080.946824 -331.912004 -279.116879 -580.906772 -329.906776 -615.341794 -158.574615 -324.223423 -294.190053 -259.889551 -9999.0 -9999.0 -9999.0 -9999.0 -9999.0 -9999.0 -9999.0 -9999.0 -9999.0 -9999.0 -9999.0 -9999.0 -9999.0 -9999.0 -9999.0 -9999.0 -9999.0 -9999.0 -9999.0 -9999.0 -9999.0 -9999.0
-9999.0 -9999.0 -9999.0 -9999.0 -9999.0 -9999.0 -9999.0 -9999.0 -9999.0 -9999.0 -9999.0 -9999.0 -3485.678938 6256.554929 -2527.557160 -2215.523958 -1782.346928 -2105.530392 -1455.439007 -32236.738491 -2329.527875 -1528.787628 -10405.985658 -1084.156184 28176.983668 -1076.509118 25426.453200 -775.489690 -1090.724624 -187.700605 -554.006060 -255.706983 -370.529988 -324.284582 -9999.0 -9999.0 -9999.0 -9999.0 -9999.0 -9999.0 -9999.0 -9999.0 -9999.0 -9999.0 -9999.0 -9999.0 -9999.0 -9999.0 -9999.0 -9999.0 -9999.0 -9999.0 -9999.0 -9999.0 -9999.0 -9999.0 -9999.0
-9999.0 -9999.0 -9999.0 -9999.0 -9999.0 -9999.0 -9999.0 -9999.0 -9999.0 -9999.0 -9999.0 -1245.296806 -2250.153296 -579.287032 -2508.210478 -1366.389998 -32704.140118 -2169.958638 -1088.567466 -38469.788026 -3076.735816 -1806.091910 -1789.524495 -1209.523028 -2759.193988 -1173.268118 -657.637963 -1086.986665 4441.536869 -206.014190 -270.562868 -1144.150710 -201.724157 -300.346416 -267.024662 -260.192981 -1039.336819 -1428.284287 -224.424973 -9999.0 -9999.0 -9999.0 -421.607060 -9999.0 -9999.0 -9999.0 -9999.0 -9999.0 -9999.0 -9999.0 -9999.0 -9999.0 -9999.0 -9999.0 -9999.0 -9999.0 -9999.0
-9999.0 -9999.0 -9999.0 -9999.0 -9999.0 -9999.0 -9999.0 -9999.0 -9999.0 -9999.0 -9999.0 -1248.118860 -2344.229521 -3757.154324 -2702.417291 -1954.312947 -2831.038872 -2614.746778 -1127.715099 -1716.330502 -1480.374893 -1659.172237 -848.065500 56064.647983 60026.999855 -1043.277836 -1064.442640 -1143.539787 -179.020995 -262.284041 -1070.322964 -1276.515040 -536.012633 -403.159244 -595.934562 -1111.909625 -1504.264459 -2292.590986 -1692.985858 -384.417145 -325.878966 -299.579501 -853.973485 -274.443985 -9999.0 -9999.0 -9999.0 -652.101833 -417.799658 -158.137934 -346.819691 -172.574528 -158.078718 33846.619474 42614.458239 -121.429907 -9999.0
-9999.0 -9999.0 -9999.0 -9999.0 -9999.0 -9999.0 -9999.0 -9999.0 -9999.0 -9999.0 -9999.0 -1198.521835 -1301.712968 -2874.728785 -1027.670756 -1990.362437 -2142.181671 -2448.783170 -2220.567683 -1721.963647 -1208.070513 -1280.079625 63615.346568 -473.786186 -1039.351435 -296.116242 64709.068012 64875.679342 -261.799848 -558.299197 -259.605953 56431.664627 -1168.124794 -429.294840 -224.004208 -1313.154491 64065.979273 -994.425400 -2508.520007 -437.492406 -1416.406469 -139.911274 -1172.113263 -1085.670770 -445.600912 -9999.0 -297.574806 -429.814846 -725.815564 -1132.279782 -159.446178 -232.683339 -140.594383 -751.194257 -116.275461 -406.100884 -9999.0
-9999.0 -9999.0 -9999.0 -9999.0 -9999.0 -9999.0 -9999.0 -9999.0 -9999.0 -9999.0 -9999.0 -9999.0 -1189.016091 -835.464098 -1329.764258 -1321.968209 -1511.103516 -2369.577680 -1197.744520 -1692.794751 -2083.369515 -2562.831795 733.437173 51622.886679 60857.063346 64366.549641 2023.593374 -165.309622 -812.947661 -261.509826 -1040.673142 63281.694550 -173.570950 -609.953726 -498.206537 -1164.532857 -356.316162 -1239.369392 -1106.518896 -394.907068 -1652.020217 -372.894016 50784.777734 -988.094924 -262.526814 -482.591804 -267.617834 -374.018088 49867.360118 62941.792934 60846.600026 56480.067818 57249.897347 55548.174516 54933.282301 -210.137283 -203.778968
-9999.0 -9999.0 -9999.0 -9999.0 -9999.0 -9999.0 -9999.0 -9999.0 -9999.0 -9999.0 -9999.0 72278.474904 -1265.331482 -258.591129 -782.924620 -1406.963268 -2016.060287 -2065.315246 -1672.116599 -1576.259116 -2226.697849 -1245.659885 -500.040110 40139.814894 65383.382532 64934.652304 67300.620672 -795.977390 -729.556918 -280.477434 65981.267478 64959.998523 -1226.561048 -671.500548 -514.851275 -1008.604723 -1343.076938 -1283.129177 -1126.865617 -2235.222131 -1191.507784 -1634.891399 186.423530 -4162.802836 -1451.242227 -799.576995 -1085.281982 -306.137786 -286.814809 -204.577487 -624.036893 -861.871032 22142.189560 -674.443383 -850.707650 -376.890198 -185.467014
-9999.0 -9999.0 -9999.0 -9999.0 -9999.0 -9999.0 -9999.0 -9999.0 -9999.0 -9999.0 2441.045278 63743.426295 -1026.436945 -1063.224103 -1214.790800 1482.964232 715.411359 -1127.240107 -1948.822188 -1513.846130 -1399.646450 -995.211364 56405.498585 -944.003152 -179.082021 30035.403567 56796.237824 -662.252111 -173.072362 -1614.013920 45728.270044 39592.248966 -1476.978748 -654.663942 -274.471250 -279.686433 -1343.533131 58485.080017 -620.046039 -368.512673 -931.819836 -1615.859581 -89.368390 -862.835864 6042.472606 -281.897503 -1087.518550 50134.508458 63714.883024 -214.425323 -1468.970420 -193.252167 -770.752367 -161.552111 -135.170597 -622.355417 -653.042887
-9999.0 -9999.0 -9999.0 -9999.0 -9999.0 -9999.0 -9999.0 -9999.0 -9999.0 -1048.921871 -730.112320 28922.291177 -135.059483 69062.888730 80750.202309 6823.181796 17276.765609 -1189.728505 -2417.901058 -1622.702460 -1472.542984 -1746.895087 -1852.183526 -1726.994916 -558.753429 76343.114295 61587.552483 -1434.441475 48243.227162 -243.858729 -396.359347 4894.962016 -245.772688 -292.823595 -299.290686 -277.203504 -1368.233374 59028.964943 64959.462820 74447.790484 77104.189206 77747.874143 60667.342582 -1560.657152 -1746.950263 7264.493300 -1470.440993 35023.197915 38033.736556 -424.812824 -95.249958 -193.638002 -180.322010 -98.970628 -133.405628 11503.271085 18524.953439
-9999.0 -9999.0 -9999.0 -9999.0 -9999.0 -9999.0 -9999.0 -9999.0 -9999.0 -146.049481 -1049.462935 -1710.213517 4738.712524 -884.256851 36231.148554 69169.034211 -1003.254137 -1529.882870 -2493.355734 -1705.957267 -1610.772488 -2252.864619 -1204.948772 -737.386398 72781.461227 65770.606301 69705.452422 -212.300930 -664.777073 -724.960127 -1508.765494 76716.861484 -1086.306801 -488.334271 -725.439314 -292.331870 -297.582850 -283.300180 -1061.584036 -1294.455754 70743.918730 52349.082468 81374.506189 -914.725962 -1138.395662 -1278.152237 -1816.501657 -2361.218380 -965.798675 -825.904216 1232.640220 46556.531212 -102.073976 50573.265905 -68.011986 21458.180046 16354.203257
-9999.0 -9999.0 -9999.0 -9999.0 -9999.0 -9999.0 -9999.0 -9999.0 -9999.0 -9999.0 -1018.293487 -1481.445408 -45.249342 42982.217982 -1249.197696 15056.244350 -811.562865 -1986.996356 -2571.509560 -1843.604228 -1560.781769 -2841.104472 -32.342919 48009.079927 65540.291264 8404.281765 -476.053357 -931.603596 -1126.451338 85884.460913 80681.757406 88803.745350 54659.302723 -605.767748 -1146.464501 -1207.974194 -1095.895516 -865.562721 -273.669000 -1073.470815 -935.883682 -933.621390 4751.252187 5218.123601 -486.406509 -452.130259 -2207.994482 -1203.982342 -3296.199133 -1779.585146 -21.908188 -108.534200 -129.601006 -108.671074 50405.603640 -321.112377 -196.761426
-9999.0 -9999.0 -9999.0 -9999.0 -9999.0 -9999.0 -9999.0 -9999.0 -9999.0 -9999.0 -709.576342 -1103.895256 -1160.509017 -231.720134 -721.033077 -1187.905313 -857.043092 -1689.866149 -2141.461126 -2093.291581 -2091.390633 -2199.976623 3588.380305 40589.993515 1855.913666 -587.644127 -819.871805 348.538048 86568.421070 55071.425201 -1058.381927 -746.416308 -1104.983800 -548.392670 -1092.728001 -792.353651 19072.925820 55874.063664 51180.871502 -748.280600 -1093.908365 -148.695008 65647.609552 -1403.326250 -737.171345 6642.590252 -257.770242 -446.656580 -2327.408687 -3029.617397 -305.692999 48162.448416 55180.672499 -130.146734 -140.460964 -105.827824 -325.908298
-9999.0 -9999.0 -9999.0 -9999.0 -9999.0 -9999.0 -9999.0 -9999.0 -461.726596 -945.397840 -117.404430 -542.775079 31610.011176 69118.114713 126367.336110 -957.637735 -3148.650781 -2256.856806 -2253.668799 -2149.833544 -2278.289711 -2608.959519 -2545.454257 -2346.261011 -1428.821581 -769.734614 -594.947433 91041.244369 70185.707752 54922.903223 -215.080034 -1056.660705 -1077.631458 -609.781007 -1082.254008 -1077.647435 -1569.963826 13645.845253 79859.692842 -295.416126 -296.822665 -879.417485 -589.338837 -276.050861 -348.204548 2099.650151 78619.282701 77036.990638 -413.637037 -897.111148 -561.339537 -33.954341 31189.634237 44849.112413 -117.423950 -109.455560 -182.511192
-9999.0 -9999.0 -9999.0 -9999.0 -9999.0 -9999.0 -9999.0 -9999.0 -56.287425 33401.144600 52543.875305 -687.434837 -1111.821485 60260.611235 80678.002628 -473.485975 -1989.279135 -2267.822977 -3280.775636 -2165.234968 -1159.457593 -1883.644166 -2138.652914 -2366.762271 -2491.196465 -1470.498250 -619.456231 69977.430215 -1338.322911 -712.816237 -443.522992 -341.444711 -1110.725250 -337.763360 -489.399635 -1107.493580 -1527.608617 -415.484742 62657.202751 -1245.153086 -1077.282854 -96.335028 -321.249155 -1323.657559 3259.746265 61700.635754 -628.693931 -1165.733607 48866.986440 -857.629581 -653.767968 45370.144567 32534.199672 -366.844825 -134.978233 -2622.015823 39473.524509
-9999.0 -9999.0 -9999.0 -9999.0 -9999.0 -9999.0 -9999.0 -9999.0 -1085.667123 5607.705141 -525.436036 50589.329536 -375.372809 -603.715480 66231.777229 62719.181383 -1253.993600 -2227.690475 -2638.194670 -1161.943258 -2175.334533 -1898.675210 -2148.733964 -2197.600624 -1978.908169 -2267.953605 -692.669913 86101.492447 -981.661223 -1070.724045 -357.393083 -782.348509 61897.115535 -103.746522 -783.637287 -1445.982973 -1073.824557 -1045.345766 40765.633321 60402.879268 -1204.337713 -376.706179 -604.194666 1472.337927 66732.278812 -503.108326 -337.997884 -247.448252 63100.353328 -321.674947 -923.741235 -469.490294 15501.260440 26258.243495 25327.162281 -82.070697 -438.183495
-9999.0 -9999.0 -9999.0 -9999.0 -9999.0 -9999.0 -9999.0 -9999.0 -243.961672 -1206.878395 35661.865834 -1274.702000 -311.629166 62953.819783 -37.515127 -602.649726 -3006.459977 -2584.699708 -1514.745232 -2152.088262 -2135.107928 -2123.041616 -1847.536624 -1854.628611 -1908.287439 -1285.607762 86094.960623 73795.044116 -1179.780172 61712.398704 50943.178369 70260.333194 -392.798088 -341.993079 -173.181107 -1704.874110 -1805.299384 -2334.713581 -1210.166671 -149.035842 -1605.353570 -1681.014390 -1628.520334 -352.537265 -274.861113 -326.981293 -176.614342 -287.067156 -1133.036809 41492.974844 96.024107 -1241.704461 -540.293142 34422.937098 54.712994 -564.293503 -1772.731506
-9999.0 -9999.0 -9999.0 -9999.0 -9999.0 -9999.0 -9999.0 -9999.0 16910.299804 -310.691368 -141.369984 79889.153070 79891.236160 88598.705739 -401.500600 -1162.918844 -998.298231 -2055.518013 -1445.634177 -2294.426324 -2139.784739 -2034.712318 -2095.075890 -2092.524096 -2227.598993 -1224.053335 81755.217430 3753.880792 -896.801386 116.833627 53275.602020 -550.220799 -2474.237418 -900.747183 -2043.670882 -3002.377196 -3223.905954 -2506.260127 -2998.714436 -1461.721268 -2393.427014 -7308.253455 -1819.731046 -1861.790658 40642.456943 -1490.183106 47297.244497 8976.645554 56687.934620 -663.293974 -2569.057700 -1484.717435 -1242.790792 -1064.923769 -753.928744 -750.284887 -1061.836614
-9999.0 -9999.0 -163.343728 -471.633273 -159.835321 58883.416156 57051.358024 56278.784281 -192.137174 -229.655786 61095.625987 70512.283172 83477.128450 101.606209 -1242.427840 -173.192184 -302.202944 81571.135323 71930.206185 -939.770142 -2281.272855 -2106.511932 -1761.537337 -2189.019594 -1956.882363 -2098.047163 -1133.093123 -1115.655118 -1834.929026 -1367.522673 354.054353 -1360.567251 -1444.348521 -2249.020765 -2195.010918 -2395.070879 -2273.982667 -2626.687744 -3138.560325 -2875.908302 -3351.577075 -3386.392859 -2885.012245 -2163.495660 -1133.811324 -2375.788285 -1182.140661 -950.226038 -3133.173147 -2103.497075 -2194.030899 -1415.457969 -1108.041974 -923.792649 -811.478051 -895.132206 -1021.871945
