erum2020/resources/simulation/Vinschgau/output-maps/psiL0004N1282.asc
ncols         63
nrows         48
xllcorner     598000.000000
yllcorner     5145000.000000
cellsize      1000.000000
NODATA_value  -9999.0
[rows 0 to 24 of 48, columns 0 to 56 of 63]
-9999.0 -9999.0 -9999.0 -9999.0 -9999.0 -9999.0 -9999.0 -9999.0 -9999.0 -9999.0 -9999.0 -9999.0 -9999.0 -9999.0 -9999.0 -9999.0 -9999.0 -9999.0 -9999.0 -9999.0 -9999.0 -9999.0 -9999.0 -9999.0 -9999.0 -9999.0 -9999.0 -9999.0 -9999.0 -9999.0 -9999.0 -9999.0 -9999.0 -9999.0 -9999.0 -9999.0 -9999.0 -9999.0 -9999.0 -9999.0 -9999.0 -9999.0 -9999.0 -9999.0 -9999.0 -9999.0 -9999.0 -9999.0 -9999.0 -9999.0 -9999.0 -9999.0 -9999.0 -9999.0 -9999.0 -9999.0 -9999.0
-9999.0 -9999.0 -9999.0 -9999.0 -9999.0 -9999.0 -9999.0 -9999.0 -9999.0 -9999.0 -9999.0 -9999.0 -9999.0 -9999.0 -9999.0 -9999.0 -9999.0 -9999.0 -9999.0 -9999.0 -9999.0 -9999.0 -9999.0 -9999.0 -9999.0 -9999.0 -9999.0 -297.687408 -615.768125 -138.631238 -453.119754 -571.056233 108.222705 -9999.0 -9999.0 -9999.0 -9999.0 -9999.0 -9999.0 -9999.0 -9999.0 -9999.0 -9999.0 -9999.0 -9999.0 -9999.0 -9999.0 -9999.0 -9999.0 -9999.0 -9999.0 -9999.0 -9999.0 -9999.0 -9999.0 -9999.0 -9999.0
-9999.0 -9999.0 -9999.0 -9999.0 -9999.0 -9999.0 -9999.0 -9999.0 -9999.0 -9999.0 -9999.0 -9999.0 -9999.0 -9999.0 -9999.0 -9999.0 -9999.0 -9999.0 -9999.0 -9999.0 -9999.0 -9999.0 -9999.0 -9999.0 -566.223320 -584.232682 -594.432517 -576.793839 -533.397638 -571.652898 -463.970714 -9999.0 -9999.0 -9999.0 -9999.0 -9999.0 -9999.0 -9999.0 -9999.0 -9999.0 -9999.0 -9999.0 -9999.0 -9999.0 -9999.0 -9999.0 -9999.0 -9999.0 -9999.0 -9999.0 -9999.0 -9999.0 -9999.0 -9999.0 -9999.0 -9999.0 -9999.0
-9999.0 -9999.0 -9999.0 -9999.0 -9999.0 -9999.0 -9999.0 -9999.0 -9999.0 -9999.0 -9999.0 -9999.0 -9999.0 -9999.0 -9999.0 -9999.0 -9999.0 -9999.0 -9999.0 -9999.0 -9999.0 -9999.0 -9999.0 -610.824636 -671.531865 -2893.726708 -2997.933541 -3193.861786 -3211.556408 -767.670861 -471.270825 -372.766620 -9999.0 -9999.0 -9999.0 -9999.0 -9999.0 -9999.0 -9999.0 -9999.0 -9999.0 -9999.0 -9999.0 -9999.0 -9999.0 -9999.0 -9999.0 -9999.0 -9999.0 -9999.0 -9999.0 -9999.0 -9999.0 -9999.0 -9999.0 -9999.0 -9999.0
-9999.0 -9999.0 -9999.0 -9999.0 -9999.0 -9999.0 -9999.0 -9999.0 -9999.0 -9999.0 -9999.0 -9999.0 -9999.0 -9999.0 -9999.0 -9999.0 -9999.0 -9999.0 -1062.106679 -748.835160 -9999.0 -662.499281 -709.245940 -3141.975951 -2869.116528 -3117.353469 -1050.929959 -1386.190019 -1037.956164 -1442.984386 -653.996324 -485.770853 -188.016391 -195.116650 -9999.0 -9999.0 -9999.0 -9999.0 -9999.0 -9999.0 -9999.0 -9999.0 -9999.0 -9999.0 -9999.0 -9999.0 -9999.0 -9999.0 -9999.0 -9999.0 -9999.0 -9999.0 -9999.0 -9999.0 -9999.0 -9999.0 -9999.0
-9999.0 -9999.0 -9999.0 -9999.0 -9999.0 -9999.0 -9999.0 -9999.0 -9999.0 -9999.0 -9999.0 -9999.0 -9999.0 -9999.0 -9999.0 -9999.0 -9999.0 -2807.718175 -2846.158270 -16727.235629 -404.214905 -877.435034 -1627.004611 -2987.707505 -1495.104625 -783.554375 208921.010815 -936.064319 13522.188941 -912.588438 -665.623309 -681.191504 -136.609394 -290.395522 -214.251739 -212.281125 -9999.0 -9999.0 -9999.0 -9999.0 -9999.0 -9999.0 -9999.0 -9999.0 -9999.0 -9999.0 -9999.0 -9999.0 -9999.0 -9999.0 -9999.0 -9999.0 -9999.0 -9999.0 -9999.0 -9999.0 -9999.0
-9999.0 -9999.0 -9999.0 -9999.0 -9999.0 -9999.0 -9999.0 -9999.0 -9999.0 -9999.0 -9999.0 -9999.0 -9999.0 -1566.946471 -2634.005104 -2534.168111 -2838.446523 -8037.134114 -2773.489653 -3076.688635 -2873.518181 -2751.132491 -3071.422135 -2359.097699 -848.340294 -702.496203 -401.580443 357.778908 157.280602 -684.568116 167159.739653 -536.945280 -548.904890 -442.290981 -95.973424 -191.710644 -9999.0 -9999.0 -9999.0 -9999.0 -9999.0 -9999.0 -9999.0 -9999.0 -9999.0 -9999.0 -9999.0 -9999.0 -9999.0 -9999.0 -9999.0 -9999.0 -9999.0 -9999.0 -9999.0 -9999.0 -9999.0
-9999.0 -9999.0 -9999.0 -9999.0 -9999.0 -9999.0 -9999.0 -9999.0 -9999.0 -9999.0 -9999.0 -9999.0 -9999.0 -1147.738657 -2952.112306 -2734.344614 -2781.136138 -1535.760824 -8057.033271 -2988.447700 -2935.397759 -3328.431260 -2358.967315 -1366.257244 -1837.092598 -1480.826543 -651.287350 -219.696703 -193.548088 112972.752430 273564.986285 -493.565399 -147.238636 -105.353674 -123.163958 -9999.0 -9999.0 -9999.0 -9999.0 -9999.0 -9999.0 -9999.0 -9999.0 -9999.0 -9999.0 -9999.0 -9999.0 -9999.0 -9999.0 -9999.0 -9999.0 -9999.0 -9999.0 -9999.0 -9999.0 -9999.0 -9999.0
-9999.0 -9999.0 -9999.0 -9999.0 -9999.0 -9999.0 -9999.0 -9999.0 -9999.0 -9999.0 -9999.0 -9999.0 -9999.0 -3021.791409 411.153587 -3011.043686 -2740.811711 -2769.424414 -8134.450114 -2810.798844 -1870.382622 -14373.276501 -866.366612 -167.583786 -2632.852668 -1968.414973 -189.747723 -211.392903 -413.350442 -124.694054 -391.588992 -77.000831 -107.338363 -62.161875 -144.520149 -9999.0 -9999.0 -9999.0 -9999.0 -9999.0 -9999.0 -9999.0 -9999.0 -9999.0 -9999.0 -9999.0 -9999.0 -9999.0 -9999.0 -9999.0 -9999.0 -9999.0 -9999.0 -9999.0 -9999.0 -9999.0 -9999.0
-9999.0 -9999.0 -9999.0 -9999.0 -9999.0 -9999.0 -9999.0 -9999.0 -9999.0 -9999.0 -9999.0 -9999.0 -3081.770871 6301.176898 -3014.100652 -2867.787928 -2039.078727 -2613.682612 -2303.963098 -18656.567697 -2859.510520 -905.085161 -1572.110096 -1021.603034 191797.435899 -637.969541 188661.935601 -467.831751 -449.100577 -116.840644 -390.917681 -145.849273 -294.149787 -203.633601 -9999.0 -9999.0 -9999.0 -9999.0 -9999.0 -9999.0 -9999.0 -9999.0 -9999.0 -9999.0 -9999.0 -9999.0 -9999.0 -9999.0 -9999.0 -9999.0 -9999.0 -9999.0 -9999.0 -9999.0 -9999.0 -9999.0 -9999.0
-9999.0 -9999.0 -9999.0 -9999.0 -9999.0 -9999.0 -9999.0 -9999.0 -9999.0 -9999.0 -9999.0 -994.279459 -2994.052413 85.177011 -3029.442700 -1385.059740 -20612.506490 -2711.533850 -1329.903393 -21939.576791 -2866.987363 -2009.852403 -981.029710 -716.572414 -810.808743 -594.665199 -435.209540 -540.085885 2991.182214 -131.569650 -178.701493 -533.157794 -84.287967 -189.175222 -153.322535 -155.572973 -529.438324 -940.200600 -1066.455985 -9999.0 -9999.0 -9999.0 -237.767609 -9999.0 -9999.0 -9999.0 -9999.0 -9999.0 -9999.0 -9999.0 -9999.0 -9999.0 -9999.0 -9999.0 -9999.0 -9999.0 -9999.0
-9999.0 -9999.0 -9999.0 -9999.0 -9999.0 -9999.0 -9999.0 -9999.0 -9999.0 -9999.0 -9999.0 -942.734911 -3019.311267 -3296.029293 -3172.327369 -2070.542211 -3301.651943 -2925.891138 -1467.484749 -2534.767035 -1622.503020 -1438.298745 -558.526282 276221.940331 303903.644168 -585.615161 -551.011809 -573.682147 -113.152998 -160.055981 -524.515384 -515.711845 -392.210561 -353.780522 -496.746470 -536.238394 -692.778670 -1517.753185 -1428.692150 -227.195976 -203.422807 -193.612562 -470.856305 -197.380965 -9999.0 -9999.0 -9999.0 -531.898292 -366.800044 -77.734130 -279.273600 -101.420821 -96.023921 -210.089242 10133.834905 -90.679397 -9999.0
-9999.0 -9999.0 -9999.0 -9999.0 -9999.0 -9999.0 -9999.0 -9999.0 -9999.0 -9999.0 -9999.0 -880.461507 -1038.172911 -991.112519 -1081.276115 -2264.605251 -2577.654407 -2757.402559 -3256.530030 -2581.251386 -1388.266405 -629.007293 326989.012697 -511.828866 -600.811856 -299.308544 322524.129862 322824.281651 -214.896698 -474.971956 -208.576186 319017.721220 -535.237778 -359.554347 -124.750270 -604.200054 318750.417330 -221.118440 -1898.532166 -284.852556 -784.019975 -790.302259 -538.446277 -511.370369 -316.706282 -9999.0 -183.520209 -281.005185 -422.231244 -519.312877 -806.598629 -127.378797 -788.380098 -442.623858 -481.105756 -347.466063 -9999.0
-9999.0 -9999.0 -9999.0 -9999.0 -9999.0 -9999.0 -9999.0 -9999.0 -9999.0 -9999.0 -9999.0 -9999.0 -884.229412 -426.955754 -1196.868339 -1220.741924 -1541.264181 -2654.983323 -1456.679044 -2498.165581 -2147.054277 -1060.509639 1218.857135 218579.105501 319578.510410 337373.877345 2305.681931 -1024.916739 -466.973402 -183.766513 -533.669770 335970.579311 -971.077083 -389.416664 -359.011806 -532.126154 288280.708407 -418.719828 -894.905059 -3246.406765 -1522.453671 -217.062978 324558.334557 -555.234236 -123.215378 -332.678917 -146.489676 -339.102789 299390.262505 312769.450631 49109.409655 286909.545216 287719.465124 292660.647171 294912.145177 -339.554483 -367.430216
-9999.0 -9999.0 -9999.0 -9999.0 -9999.0 -9999.0 -9999.0 -9999.0 -9999.0 -9999.0 -9999.0 361775.693965 -736.790925 -2602.221272 -337.422047 -885.050737 -1822.532292 -2183.834307 -2061.300572 -2022.562626 -2415.856205 -1086.985276 57.108859 336685.245101 339756.813691 340399.189111 335994.493741 -473.409819 -458.303633 -233.435491 330047.584233 327659.323206 -656.364896 -418.469965 -460.354422 -482.674914 -677.378123 30293.359463 -871.256197 -2040.203013 44712.508141 -1116.761454 478.620523 -187.541133 -817.215322 -464.785697 -495.046548 -190.380095 -130.151202 -96.442100 -12.553165 -490.564339 54145.841289 -97.803306 -131.110187 -79.182363 -101.258460
-9999.0 -9999.0 -9999.0 -9999.0 -9999.0 -9999.0 -9999.0 -9999.0 -9999.0 -9999.0 2162.701825 127376.325156 -715.400590 -773.166681 -956.797489 2024.819752 2025.774458 -939.542513 -2432.392999 -1909.487802 -1776.853281 -887.358025 415587.441348 -695.399894 994.076759 261229.041473 331179.859504 -120.520330 -1184.790141 -811.863803 128506.179094 129111.662041 -675.115470 -416.866368 -163.228812 -237.281824 -727.114401 267970.930105 154993.154100 -352.955689 -580.030863 -191.028670 -40.621159 -751.151883 -55.013200 -226.838789 -615.297976 309834.127126 305533.106932 173.867760 -452.943292 -114.685327 -99.487619 -51.486288 -115.245209 -416.259917 -410.332237
-9999.0 -9999.0 -9999.0 -9999.0 -9999.0 -9999.0 -9999.0 -9999.0 -9999.0 -603.885101 -572.180658 5132.153060 1028.873567 355337.897866 351846.726409 8629.509589 8672.868227 -1070.860879 -2726.742126 -2134.772449 -2036.296293 -1911.056222 -1501.727877 -1346.174012 -440.053595 440263.914960 323273.124332 -660.166627 30368.107912 103.477929 -292.942083 428935.369679 -235.976805 -157.089028 -196.571210 -228.437457 -655.792645 371544.716840 348410.939489 357356.175168 404570.598957 424592.230620 430815.204096 -1269.347601 -1236.818549 54.006116 -959.551535 352628.611404 354194.576718 -318.774361 254288.956125 -114.521813 -63.185410 -77.697394 -75.511773 22035.808487 28538.712327
-9999.0 -9999.0 -9999.0 -9999.0 -9999.0 -9999.0 -9999.0 -9999.0 -9999.0 -884.430278 -606.778625 -878.316446 4769.738293 -646.611597 23932.501422 362270.877792 -732.114979 -1058.982376 -2812.327834 -2565.300216 -2388.238586 -3154.056327 -1153.851608 -596.730526 435160.670899 343395.436992 365013.406556 373.254674 -426.622734 -628.141756 -750.768048 416635.313041 -502.497080 -393.431002 -425.680223 -248.556011 -291.192410 -219.418220 -612.059727 -714.435216 357954.434286 334872.859264 235882.978908 -602.988673 -1284.558896 -1108.259552 -1276.234900 -965.726598 -708.370042 -632.049572 424282.106339 273844.325101 -99.120832 230391.963626 -35.448236 58570.556739 58595.308995
-9999.0 -9999.0 -9999.0 -9999.0 -9999.0 -9999.0 -9999.0 -9999.0 -9999.0 -9999.0 -528.410747 -712.013715 505.812179 202333.937535 -605.983667 6533.280345 -802.414836 -1738.451293 -2889.728400 -2503.404896 -2276.624545 -2803.870118 -147.414344 365072.605416 339938.752860 -39.572980 -298.547053 -623.938118 -714.569520 443984.096838 437289.577332 441925.782315 305141.355105 -401.447380 -474.496547 -643.641381 -658.035302 -614.330999 -281.914629 -522.021136 -511.236048 -557.245187 4828.774465 -65.785272 -281.982387 -194.174491 -2224.626821 -1160.024322 -2854.571096 -867.556369 421513.909662 115548.228741 -81.502998 -71.163416 235271.497041 -163.701811 -232.254967
-9999.0 -9999.0 -9999.0 -9999.0 -9999.0 -9999.0 -9999.0 -9999.0 -9999.0 -9999.0 -429.037551 -585.152579 -613.766905 -381.204917 -580.870699 -1052.930796 -816.434761 -1988.601814 -2693.380167 -2910.457576 -2653.515062 -2419.745739 1708.217607 19762.061545 -148.785657 -413.923208 -699.275720 840.953513 444511.194736 312810.882910 -533.777305 -423.283131 -183.451060 -430.522604 -553.378302 -553.894423 64555.917493 219351.399293 302910.164732 -459.264302 -525.941183 -96.992726 328147.304048 -801.798522 -634.218175 444903.287783 -171.975810 -26.293696 -2517.956565 -1847.600402 -133.166733 290235.396467 280002.548157 -63.560268 -72.706987 -109.831446 -315.980509
-9999.0 -9999.0 -9999.0 -9999.0 -9999.0 -9999.0 -9999.0 -9999.0 -487.905989 -504.465924 -625.819121 -462.579433 147369.124499 259643.059299 378712.951326 -890.561191 -2976.993024 -3160.898993 -3065.066947 -2975.495577 -2882.821566 -2938.310704 -2888.134406 -2626.409421 -952.434176 -705.241698 -625.923915 467695.551221 358286.764519 311184.817956 -90.997153 -521.785023 -531.487849 -440.075685 -493.222791 -613.536303 -1166.504288 150755.732480 441159.354839 -260.224291 -230.243964 -551.052257 16083.101585 -271.962344 -265.636830 2113.564935 434387.567547 328449.955542 783.167520 -761.245805 -455.597446 309649.278171 113764.440181 252625.238376 -139.916915 -444.887872 -97.297398
-9999.0 -9999.0 -9999.0 -9999.0 -9999.0 -9999.0 -9999.0 -9999.0 -329.227310 121689.164679 310663.354802 -443.580557 -587.715061 310860.270194 430094.379333 -134.780857 -2184.080057 -2511.138820 -3014.796740 -3006.967532 -1523.138364 -3065.451580 -3300.974708 -3434.839233 -2818.567620 -1612.138444 -572.561966 165727.212122 -197.985700 -444.497807 -376.193642 -251.663129 -551.882887 -263.024817 -500.861403 -578.560643 -1166.297475 -185.038137 138698.410911 -683.878206 -539.876563 -134.592887 -271.213931 -744.931831 2603.804623 307654.612689 -44.213084 -635.983709 21566.084501 -592.981257 -498.643041 27184.921401 96070.981410 -245.200801 -684.561073 -718.702642 338083.498414
-9999.0 -9999.0 -9999.0 -9999.0 -9999.0 -9999.0 -9999.0 -9999.0 -553.167019 3371.920785 -260.008841 303340.979169 -373.798191 -24.524612 345923.818537 429085.552618 -1088.907056 -2757.148868 -2940.043343 -1530.359344 -3033.867736 -3075.615821 -3267.350823 -2992.782151 -2838.135282 -2480.859248 -624.804694 456587.180795 -242.955237 -529.312350 -252.957804 -493.063328 311277.859122 318196.641904 -542.068985 -1006.657425 -544.502623 -560.117061 58144.441621 360356.707019 -642.623307 -294.267485 -551.662098 2603.694719 333158.096707 -534.512447 -263.071343 -481.986659 331933.189322 147.824745 -852.373506 -369.134153 57239.870040 103147.788742 44240.777415 103.207451 -257.811129
-9999.0 -9999.0 -9999.0 -9999.0 -9999.0 -9999.0 -9999.0 -9999.0 -118.565213 -622.222040 102798.054209 -353.818709 -488.006047 312622.565422 423536.427259 -526.681630 -2831.140877 -2882.540167 -2241.357813 -2824.907192 -2956.860904 -2956.733528 -2939.266762 -2924.559958 -2351.293322 -1168.088348 322426.713055 439239.793499 -622.383723 388979.939903 372250.867030 283858.195651 -213.095770 94.899898 981.471016 -1288.236637 -1785.107610 -2586.750272 -774.194341 235.355365 -855.477888 -874.765730 -823.259160 -243.383446 -532.692833 -279.926847 -1321.514185 -181.856448 -586.944983 353192.480876 68.285129 -1082.042360 -464.689526 19854.936824 -243.042504 -376.497139 -1100.930694
-9999.0 -9999.0 -9999.0 -9999.0 -9999.0 -9999.0 -9999.0 -9999.0 -42.006226 -417.202718 -298.347011 449643.418999 457777.182548 461259.132437 -419.795381 -1025.966999 -973.735340 -2156.313210 -1453.588487 -2547.594528 -2686.689424 -2802.904180 -2868.632806 -2826.769400 -3030.496047 -1150.242401 434400.250089 -138.843658 -583.736390 49.372685 405925.286872 -384.165510 -875.416587 -536.499736 -811.648369 -2415.642378 -2837.783272 -2795.350892 -2803.162816 -901.246480 -1008.531892 -1196.384557 -724.500779 -553.685399 349293.619039 -874.158103 35389.341777 133527.400859 97316.234130 -376.886355 -1164.415725 -1573.183770 -1157.522818 -832.669243 -535.622567 -614.816872 -957.383485
