erum2020/resources/simulation/Vinschgau/output-maps/psiL0002N0405.asc
ncols         63
nrows         48
xllcorner     598000.000000
yllcorner     5145000.000000
cellsize      1000.000000
NODATA_value  -9999.0
[rows 0 to 26 of 48, columns 0 to 59 of 63]
-9999.0 -9999.0 -9999.0 -9999.0 -9999.0 -9999.0 -9999.0 -9999.0 -9999.0 -9999.0 -9999.0 -9999.0 -9999.0 -9999.0 -9999.0 -9999.0 -9999.0 -9999.0 -9999.0 -9999.0 -9999.0 -9999.0 -9999.0 -9999.0 -9999.0 -9999.0 -9999.0 -9999.0 -9999.0 -9999.0 -9999.0 -9999.0 -9999.0 -9999.0 -9999.0 -9999.0 -9999.0 -9999.0 -9999.0 -9999.0 -9999.0 -9999.0 -9999.0 -9999.0 -9999.0 -9999.0 -9999.0 -9999.0 -9999.0 -9999.0 -9999.0 -9999.0 -9999.0 -9999.0 -9999.0 -9999.0 -9999.0 -9999.0 -9999.0 -9999.0
-9999.0 -9999.0 -9999.0 -9999.0 -9999.0 -9999.0 -9999.0 -9999.0 -9999.0 -9999.0 -9999.0 -9999.0 -9999.0 -9999.0 -9999.0 -9999.0 -9999.0 -9999.0 -9999.0 -9999.0 -9999.0 -9999.0 -9999.0 -9999.0 -9999.0 -9999.0 -9999.0 -124.279412 -207.987625 -170.224652 -206.955173 -817.295619 -845.864452 -9999.0 -9999.0 -9999.0 -9999.0 -9999.0 -9999.0 -9999.0 -9999.0 -9999.0 -9999.0 -9999.0 -9999.0 -9999.0 -9999.0 -9999.0 -9999.0 -9999.0 -9999.0 -9999.0 -9999.0 -9999.0 -9999.0 -9999.0 -9999.0 -9999.0 -9999.0 -9999.0
-9999.0 -9999.0 -9999.0 -9999.0 -9999.0 -9999.0 -9999.0 -9999.0 -9999.0 -9999.0 -9999.0 -9999.0 -9999.0 -9999.0 -9999.0 -9999.0 -9999.0 -9999.0 -9999.0 -9999.0 -9999.0 -9999.0 -9999.0 -9999.0 -849.447620 -832.370171 -502.362208 -258.069872 70.094658 136.450226 -180.622770 -9999.0 -9999.0 -9999.0 -9999.0 -9999.0 -9999.0 -9999.0 -9999.0 -9999.0 -9999.0 -9999.0 -9999.0 -9999.0 -9999.0 -9999.0 -9999.0 -9999.0 -9999.0 -9999.0 -9999.0 -9999.0 -9999.0 -9999.0 -9999.0 -9999.0 -9999.0 -9999.0 -9999.0 -9999.0
-9999.0 -9999.0 -9999.0 -9999.0 -9999.0 -9999.0 -9999.0 -9999.0 -9999.0 -9999.0 -9999.0 -9999.0 -9999.0 -9999.0 -9999.0 -9999.0 -9999.0 -9999.0 -9999.0 -9999.0 -9999.0 -9999.0 -9999.0 -1333.498514 -361.725568 -1541.661237 -938.298886 -1696.491769 55.902661 -203.472463 19.922051 -332.969954 -9999.0 -9999.0 -9999.0 -9999.0 -9999.0 -9999.0 -9999.0 -9999.0 -9999.0 -9999.0 -9999.0 -9999.0 -9999.0 -9999.0 -9999.0 -9999.0 -9999.0 -9999.0 -9999.0 -9999.0 -9999.0 -9999.0 -9999.0 -9999.0 -9999.0 -9999.0 -9999.0 -9999.0
-9999.0 -9999.0 -9999.0 -9999.0 -9999.0 -9999.0 -9999.0 -9999.0 -9999.0 -9999.0 -9999.0 -9999.0 -9999.0 -9999.0 -9999.0 -9999.0 -9999.0 -9999.0 -709.516153 -1239.854495 -9999.0 -940.729580 -514.128151 -1444.334570 -604.401143 -478.552976 -170.460305 13.992303 13.961379 -550.487248 20.351163 19.325324 -194.858996 -178.261696 -9999.0 -9999.0 -9999.0 -9999.0 -9999.0 -9999.0 -9999.0 -9999.0 -9999.0 -9999.0 -9999.0 -9999.0 -9999.0 -9999.0 -9999.0 -9999.0 -9999.0 -9999.0 -9999.0 -9999.0 -9999.0 -9999.0 -9999.0 -9999.0 -9999.0 -9999.0
-9999.0 -9999.0 -9999.0 -9999.0 -9999.0 -9999.0 -9999.0 -9999.0 -9999.0 -9999.0 -9999.0 -9999.0 -9999.0 -9999.0 -9999.0 -9999.0 -9999.0 -1301.206769 -955.422160 -11586.212620 -464.138480 -764.126191 -774.960485 -689.740775 -357.595886 21.069057 107.905768 44.750568 115.904481 14.072954 42.384921 49.660619 -165.443119 -235.902359 -253.426925 -982.844194 -9999.0 -9999.0 -9999.0 -9999.0 -9999.0 -9999.0 -9999.0 -9999.0 -9999.0 -9999.0 -9999.0 -9999.0 -9999.0 -9999.0 -9999.0 -9999.0 -9999.0 -9999.0 -9999.0 -9999.0 -9999.0 -9999.0 -9999.0 -9999.0
-9999.0 -9999.0 -9999.0 -9999.0 -9999.0 -9999.0 -9999.0 -9999.0 -9999.0 -9999.0 -9999.0 -9999.0 -9999.0 -410.724732 -443.073639 -714.611218 -909.927778 -3779.209675 -1277.178859 -3312.146531 -1101.312938 -860.849527 -2554.749764 -368.753917 -304.388981 -386.637985 -648.159804 89.623692 -410.301100 -13.222291 2382.732053 87.057852 73.987245 -957.230135 -958.967496 -993.059986 -9999.0 -9999.0 -9999.0 -9999.0 -9999.0 -9999.0 -9999.0 -9999.0 -9999.0 -9999.0 -9999.0 -9999.0 -9999.0 -9999.0 -9999.0 -9999.0 -9999.0 -9999.0 -9999.0 -9999.0 -9999.0 -9999.0 -9999.0 -9999.0
-9999.0 -9999.0 -9999.0 -9999.0 -9999.0 -9999.0 -9999.0 -9999.0 -9999.0 -9999.0 -9999.0 -9999.0 -9999.0 -398.542126 -629.440433 -889.224703 -1056.004409 -548.504245 -8125.848072 -3625.198989 -1576.406535 -344.654311 -174.451393 18.582486 18.972783 17.173747 -621.770257 -769.698223 -509.928990 -708.171110 27.967116 -834.997135 -911.233467 -979.163587 -988.014536 -9999.0 -9999.0 -9999.0 -9999.0 -9999.0 -9999.0 -9999.0 -9999.0 -9999.0 -9999.0 -9999.0 -9999.0 -9999.0 -9999.0 -9999.0 -9999.0 -9999.0 -9999.0 -9999.0 -9999.0 -9999.0 -9999.0 -9999.0 -9999.0 -9999.0
-9999.0 -9999.0 -9999.0 -9999.0 -9999.0 -9999.0 -9999.0 -9999.0 -9999.0 -9999.0 -9999.0 -9999.0 -9999.0 -980.814016 536.222393 -770.357283 -408.242264 -1033.279033 -8044.288117 -1382.188545 13.413617 -343.567341 28.183784 -361.098645 -662.858403 18.065590 -194.349801 -878.678225 -260.971198 -838.227073 -895.824228 -970.358281 -979.871172 -989.775051 -992.181720 -9999.0 -9999.0 -9999.0 -9999.0 -9999.0 -9999.0 -9999.0 -9999.0 -9999.0 -9999.0 -9999.0 -9999.0 -9999.0 -9999.0 -9999.0 -9999.0 -9999.0 -9999.0 -9999.0 -9999.0 -9999.0 -9999.0 -9999.0 -9999.0 -9999.0
-9999.0 -9999.0 -9999.0 -9999.0 -9999.0 -9999.0 -9999.0 -9999.0 -9999.0 -9999.0 -9999.0 -9999.0 -1632.898989 2994.782941 -221.223466 -324.188562 20.416921 -475.592364 -666.161601 -11468.426004 -484.098691 -5.267123 29.924083 28.279146 1596.817489 -905.669557 513.668145 -338.444904 75.544276 -927.664468 -915.701366 -166.049826 26.379971 -994.805577 -9999.0 -9999.0 -9999.0 -9999.0 -9999.0 -9999.0 -9999.0 -9999.0 -9999.0 -9999.0 -9999.0 -9999.0 -9999.0 -9999.0 -9999.0 -9999.0 -9999.0 -9999.0 -9999.0 -9999.0 -9999.0 -9999.0 -9999.0 -9999.0 -9999.0 -9999.0
-9999.0 -9999.0 -9999.0 -9999.0 -9999.0 -9999.0 -9999.0 -9999.0 -9999.0 -9999.0 -9999.0 -503.341784 31.916831 312.789455 -507.570446 -201.714457 -607.122773 -219.650908 -263.215877 -122.293810 -208.913927 21.365527 28.349126 -972.724847 73.164638 37.958911 -945.027941 21.087936 1027.390460 -971.515446 -200.042055 42.769095 -211.750781 -329.637800 -224.784806 -219.770590 -4130.122953 -4861.120815 -7694.939130 -9999.0 -9999.0 -9999.0 -310.623855 -9999.0 -9999.0 -9999.0 -9999.0 -9999.0 -9999.0 -9999.0 -9999.0 -9999.0 -9999.0 -9999.0 -9999.0 -9999.0 -9999.0 -9999.0 -9999.0 -9999.0
-9999.0 -9999.0 -9999.0 -9999.0 -9999.0 -9999.0 -9999.0 -9999.0 -9999.0 -9999.0 -9999.0 -526.493055 -217.206827 77.355386 -427.264163 -829.778145 -452.484546 -663.865639 -557.986614 -816.858324 -366.663877 -362.099671 -196.324919 -313.437696 -84.656742 -383.775104 -172.560194 39.904604 -127.071039 -989.910653 43.330846 146.729986 14.745616 16.839910 -667.134348 20.153429 -144.914107 -7871.358113 -8062.879729 -21587.958033 -11426.043781 -133.602519 7.898867 -168.601427 -9999.0 -9999.0 -9999.0 1443.767390 1158.459247 -178.827494 10.807339 -151.772254 -156.876534 1490.175639 1771.999736 -186.439539 -9999.0 -9999.0 -9999.0 -9999.0
-9999.0 -9999.0 -9999.0 -9999.0 -9999.0 -9999.0 -9999.0 -9999.0 -9999.0 -9999.0 -9999.0 22.996075 -640.872906 96.653472 -401.090598 14.864453 -390.798211 9.926789 -165.904137 -608.313142 -425.123873 -381.066236 -441.813546 26.887254 -823.847566 -83.662774 -316.588984 1382.493153 -372.960969 -711.104253 -997.563250 165.933388 20.182733 13.731849 -142.260318 21.957546 -416.367276 -5565.557114 -9237.263780 -21063.893110 -4428.296211 -731.680623 27.537579 14.709834 -402.824346 -9999.0 -705.358410 -51.975453 42.075169 50.024127 37.022856 -125.989142 45.783309 40.983249 71.495741 355.598575 -9999.0 -9999.0 -9999.0 -9999.0
-9999.0 -9999.0 -9999.0 -9999.0 -9999.0 -9999.0 -9999.0 -9999.0 -9999.0 -9999.0 -9999.0 -9999.0 -662.177578 125.848504 -716.931797 -620.317461 35.616843 -366.155775 14.360673 -525.169641 -481.364241 -367.136209 -255.882139 -47.755547 -317.211736 -442.211262 952.710651 27.145390 -256.366002 -222.255579 23.968338 100.302359 16.372840 20.535011 -319.910660 20.268001 -626.664243 -4621.604659 -7403.709670 -6827.090099 -4443.320539 -11093.633505 31.892032 15.174453 -180.133883 15.767956 -209.468434 -147.511042 31.778576 51.465742 20.830747 166.717868 1109.725885 329.821142 1642.248543 777.400970 1301.776105 -9999.0 -9999.0 -9999.0
-9999.0 -9999.0 -9999.0 -9999.0 -9999.0 -9999.0 -9999.0 -9999.0 -9999.0 -9999.0 -9999.0 62.618525 -528.158879 23.983694 58.681055 31.646045 19.488934 -300.641115 -313.611499 -744.184003 -463.731187 -380.766734 -396.272223 -755.964977 -606.872125 23.687184 -6.930929 -880.618960 -566.584040 -175.289866 19.586978 134.763355 28.747546 19.149584 -684.420922 4.172177 -769.121653 -1160.214501 -1010.007551 -5812.414905 -3365.993280 -3310.711562 35.385735 -299.209705 -81.870877 -155.318642 37.916524 -173.166086 -157.199480 12.845648 -620.400369 426.386075 1132.624855 -628.512535 -999.532705 -273.054173 -139.862281 -9999.0 -9999.0 -9999.0
-9999.0 -9999.0 -9999.0 -9999.0 -9999.0 -9999.0 -9999.0 -9999.0 -9999.0 -9999.0 896.735578 -384.705408 15.923355 -748.430707 -258.987360 919.208713 919.277146 -880.537133 -1001.588475 -941.371153 -543.183980 -792.252634 -974.730153 -680.852482 -581.646075 1021.661304 -426.690582 -337.110350 -277.870454 -162.703409 118.069714 489.701069 32.906115 14.065002 -1005.038940 -220.890682 -214.369316 40.364739 40.278128 13.119593 12.379668 -207.997216 -51.943403 -210.269917 -242.729419 -92.116918 21.438372 35.813815 47.274731 11.727255 -383.235796 -326.573762 -999.298783 -294.897264 -293.737669 42.274571 68.854319 -9999.0 -9999.0 -9999.0
-9999.0 -9999.0 -9999.0 -9999.0 -9999.0 -9999.0 -9999.0 -9999.0 -9999.0 -526.038806 -60.895013 58.629851 49.881632 -608.798662 -521.352683 -227.050697 -409.326900 13.951316 -709.352648 -1608.670756 -800.871374 -2873.484349 -1083.262640 -912.391330 -777.890456 -553.272094 -947.359702 -283.845467 -327.933634 -389.520041 15.238540 87.463489 -1000.681650 -988.312301 -209.774226 -210.435914 29.707746 -123.216615 90.323369 40.853755 47.337471 -416.620891 -621.571568 -433.170361 -409.149297 -527.989749 12.068374 -3496.896529 -1855.504651 13.127980 50.325404 -154.731244 -395.717478 -408.870317 -158.845105 100.991368 168.767213 -104.341013 -128.299053 -9999.0
-9999.0 -9999.0 -9999.0 -9999.0 -9999.0 -9999.0 -9999.0 -9999.0 -9999.0 158.897242 -574.179214 39.965659 1965.172349 -481.499161 -821.293769 -844.538760 13.378247 -462.814402 -867.576149 -4133.037281 -3693.433709 -3897.021047 -629.361169 -409.891078 -550.328707 -1360.499738 -632.915405 -529.383144 -315.908987 13.394125 31.135657 32.127881 43.206547 -271.214437 19.653746 -845.223317 -962.884580 -98.907772 -490.421715 55.378787 68.180384 -113.150473 -627.429422 14.088244 -382.647432 -488.560661 -513.427056 -2694.604302 -1213.732725 -341.497312 17.232413 -8.826358 -340.052964 661.780540 -251.869606 1749.565777 168.865350 110.946724 -114.205628 -9999.0
-9999.0 -9999.0 -9999.0 -9999.0 -9999.0 -9999.0 -9999.0 -9999.0 -9999.0 -9999.0 -152.344801 52.174368 40.912231 1151.742239 -837.456691 -745.487300 -631.133752 -731.736098 -1024.624315 -2766.883272 -1455.096931 -664.637738 -697.935861 -407.143295 -1149.935363 -687.338370 -835.347675 -249.943033 25.573934 16.872846 89.546974 1716.604231 -570.334256 -945.280728 60.492750 72.456354 -956.399565 -424.075037 -90.944688 -976.410282 -1007.869758 12.581562 1842.992467 28.519872 20.332795 13.793168 20.416588 -219.923553 -315.604817 15.196822 23.558407 37.913537 -173.567294 -300.500326 705.026733 1516.437530 -180.920665 6318.099533 28.654717 -883.675772
-9999.0 -9999.0 -9999.0 -9999.0 -9999.0 -9999.0 -9999.0 -9999.0 -9999.0 -9999.0 -256.362731 39.998583 -354.445245 36.356541 14.107306 -723.602980 -990.979898 -1521.689964 -2359.225003 -3482.005857 -3094.176033 -2010.748033 -1414.203941 -3147.514329 -1034.701848 -893.976883 -335.920248 23.759171 28.285347 -550.858696 -879.245219 96.359536 -342.961252 -939.855431 -879.120925 66.995494 1690.897391 20.471550 25.692049 -843.162859 36.001429 -71.432184 9.427480 -357.654057 -285.298867 16.753222 27.327339 22.049509 33.220613 12.519077 34.487243 34.716080 41.225174 -163.469609 -184.864190 -164.025087 620.077659 30.296483 54.629503 36.969049
-9999.0 -9999.0 -9999.0 -9999.0 -9999.0 -9999.0 -9999.0 -9999.0 -335.757397 -184.078490 -137.870683 30.814036 286.367946 50.826791 35.201402 -202.550975 -1321.846331 -3801.782342 -3619.974883 -3577.000861 -3329.519505 -2998.397938 -2164.056929 -1561.473024 -1576.320221 -402.165028 15.730460 18.777559 23.378314 47.446045 -988.511761 -282.106995 26.373462 -780.400260 54.586890 -848.104136 22.674921 17.318370 -167.818476 -127.397744 -395.740933 61.873861 -563.985312 -355.654552 -112.476794 1078.364247 -70.938167 26.423896 22.850655 13.389890 34.546942 39.632054 34.736075 19.320236 -152.881205 28.716752 -119.412350 18.176997 -247.259179 27.811959
-9999.0 -9999.0 -9999.0 -9999.0 -9999.0 -9999.0 -9999.0 -9999.0 721.959867 24.365146 26.139501 -448.568889 -210.347952 789.647850 -665.798515 -428.899664 -590.053010 -999.811444 -3090.311679 -3591.905723 -3377.191760 -4315.887695 -3895.000887 -4034.538827 -2336.916580 -380.826382 19.642189 20.141084 -146.863336 14.362835 13.542948 -118.336702 38.622904 -222.974501 40.968027 24.729138 35.143226 34.415303 22.255661 29.840468 -519.256591 -673.878246 -306.631381 35.728039 1228.536275 32.726953 -618.942615 20.694099 21.500507 23.896037 11.393591 29.801291 28.772407 17.213775 18.419105 -91.527019 18.993058 15.880128 -418.268798 -263.544393
-9999.0 -9999.0 -9999.0 -9999.0 -9999.0 -9999.0 -9999.0 -9999.0 -704.750702 1391.911175 16.775790 21.267909 159.151292 -139.158270 14.959742 -742.699804 -1153.534660 -2479.203379 -3327.869157 -2685.370436 -3626.568466 -4248.791610 -4242.525625 -3635.823504 -1331.044519 -594.400778 -429.749009 -620.707903 -127.581543 -170.449902 -142.296712 27.957925 23.972021 21.763135 31.081654 60.257209 35.492446 12.852930 20.844107 30.671202 29.055294 -196.462648 31.772762 1182.823486 -148.610017 -376.804263 -103.147716 -511.572691 -504.871718 15.055624 -208.844998 27.033806 23.259903 18.416108 21.001538 33.652781 25.736151 18.668429 -377.430798 -400.025277
-9999.0 -9999.0 -9999.0 -9999.0 -9999.0 -9999.0 -9999.0 -9999.0 -1005.117880 33.974482 29.419371 -170.053686 33.799704 23.380991 21.539405 -534.635322 -1712.215306 -723.800855 -785.971597 -2762.407522 -3434.068832 -3501.309479 -3900.752462 -3731.765106 -1326.902034 -591.633039 -772.129028 -577.634093 -547.082621 13.543533 14.419395 24.460246 25.224800 32.646757 22.491342 -989.908146 -660.827548 -201.371843 24.585891 24.433822 14.279074 23.943319 22.104481 -78.063574 -820.734777 -89.479102 13.690330 -90.312428 -563.291542 -467.886709 -370.833419 -160.967245 20.257625 14.594497 21.779341 30.713341 35.458963 135.783377 -332.560137 -601.278015
-9999.0 -9999.0 -9999.0 -9999.0 -9999.0 -9999.0 -9999.0 -9999.0 -617.697539 22.673868 1997.762552 16.722867 30.491809 26.420226 16.916471 -707.741698 -304.254321 -336.113797 -375.397708 -510.871849 -1511.669798 -3059.515672 -3370.448776 -3309.024956 -3608.557345 -1040.635775 -1326.774342 -950.051612 -887.298592 -211.397853 -321.671970 18.761796 32.053918 23.871173 13.598335 -437.102921 -519.024591 -225.900289 29.224745 22.110570 -108.385605 21.375529 23.911524 -274.295495 -302.746735 -296.836112 11.895012 18.476554 -534.878644 -721.466465 -1733.310399 -1070.856044 -353.246511 -650.390009 146.587617 149.453326 15.471833 -178.747704 19.937120 -307.918588
-9999.0 -9999.0 -365.744471 -747.050829 549.414209 -853.290115 57.033618 27.181099 20.138397 22.755462 25.797746 76.897230 40.754219 34.612656 -193.355454 -187.427799 15.434754 -611.435731 -739.890501 -361.047639 -635.613512 -422.190021 -227.811008 -3235.446206 -2907.974162 -1882.020541 -1071.273037 -1016.332415 -475.744470 -466.543732 -858.220901 -306.220464 80.731649 15.026373 -376.011051 -488.301953 -698.637134 -330.917724 22.467124 17.518804 -257.451740 13.540317 25.800911 -484.623466 -409.618623 -386.446337 -333.238772 14.132595 -338.189542 -579.783439 -881.864228 -701.098854 15.219469 15.901928 15.997254 15.392498 60.944693 28.848084 17.925450 12.391918
-9999.0 -978.148622 -308.624009 -347.432478 -932.196431 45.384056 57.285323 -440.750943 -85.796691 -172.810474 21.236449 22.983008 43.204137 58.082670 13.935840 21.920797 18.833190 -632.645073 -734.177018 -578.668083 -990.849271 15.903015 155.747190 -233.437243 -3532.180847 -3569.966043 -3580.374650 -2753.336176 -568.435052 -547.421829 -2416.123014 -1029.809518 37.424580 27.785384 -593.516594 -989.222282 -948.469448 -738.128345 -230.620210 -546.266212 -955.700427 -310.800807 21.583586 -575.478158 -776.971571 -670.748521 -539.549468 -399.061917 -503.328243 22.497453 -280.523503 15.168858 74.275449 90.311650 78.402183 33.258002 31.788682 24.922254 21.703780 16.770003
