erum2020/resources/simulation/Vinschgau/output-maps/psiL0004N0170.asc
ncols         63
nrows         48
xllcorner     598000.000000
yllcorner     5145000.000000
cellsize      1000.000000
NODATA_value  -9999.0
[rows 0 to 25 of 48, columns 0 to 57 of 63]
-9999.0 -9999.0 -9999.0 -9999.0 -9999.0 -9999.0 -9999.0 -9999.0 -9999.0 -9999.0 -9999.0 -9999.0 -9999.0 -9999.0 -9999.0 -9999.0 -9999.0 -9999.0 -9999.0 -9999.0 -9999.0 -9999.0 -9999.0 -9999.0 -9999.0 -9999.0 -9999.0 -9999.0 -9999.0 -9999.0 -9999.0 -9999.0 -9999.0 -9999.0 -9999.0 -9999.0 -9999.0 -9999.0 -9999.0 -9999.0 -9999.0 -9999.0 -9999.0 -9999.0 -9999.0 -9999.0 -9999.0 -9999.0 -9999.0 -9999.0 -9999.0 -9999.0 -9999.0 -9999.0 -9999.0 -9999.0 -9999.0 -9999.0
-9999.0 -9999.0 -9999.0 -9999.0 -9999.0 -9999.0 -9999.0 -9999.0 -9999.0 -9999.0 -9999.0 -9999.0 -9999.0 -9999.0 -9999.0 -9999.0 -9999.0 -9999.0 -9999.0 -9999.0 -9999.0 -9999.0 -9999.0 -9999.0 -9999.0 -9999.0 -9999.0 -945.093489 -628.345077 -951.844800 -673.959798 -1444.180445 -1469.204215 -9999.0 -9999.0 -9999.0 -9999.0 -9999.0 -9999.0 -9999.0 -9999.0 -9999.0 -9999.0 -9999.0 -9999.0 -9999.0 -9999.0 -9999.0 -9999.0 -9999.0 -9999.0 -9999.0 -9999.0 -9999.0 -9999.0 -9999.0 -9999.0 -9999.0
-9999.0 -9999.0 -9999.0 -9999.0 -9999.0 -9999.0 -9999.0 -9999.0 -9999.0 -9999.0 -9999.0 -9999.0 -9999.0 -9999.0 -9999.0 -9999.0 -9999.0 -9999.0 -9999.0 -9999.0 -9999.0 -9999.0 -9999.0 -9999.0 -238.644658 -539.606415 -761.292059 -705.774328 -735.878203 -600.937434 -582.731235 -9999.0 -9999.0 -9999.0 -9999.0 -9999.0 -9999.0 -9999.0 -9999.0 -9999.0 -9999.0 -9999.0 -9999.0 -9999.0 -9999.0 -9999.0 -9999.0 -9999.0 -9999.0 -9999.0 -9999.0 -9999.0 -9999.0 -9999.0 -9999.0 -9999.0 -9999.0 -9999.0
-9999.0 -9999.0 -9999.0 -9999.0 -9999.0 -9999.0 -9999.0 -9999.0 -9999.0 -9999.0 -9999.0 -9999.0 -9999.0 -9999.0 -9999.0 -9999.0 -9999.0 -9999.0 -9999.0 -9999.0 -9999.0 -9999.0 -9999.0 -622.773947 -298.494815 -114.815994 1173.558354 1282.886263 821.295107 -755.422243 -724.178117 -377.153549 -9999.0 -9999.0 -9999.0 -9999.0 -9999.0 -9999.0 -9999.0 -9999.0 -9999.0 -9999.0 -9999.0 -9999.0 -9999.0 -9999.0 -9999.0 -9999.0 -9999.0 -9999.0 -9999.0 -9999.0 -9999.0 -9999.0 -9999.0 -9999.0 -9999.0 -9999.0
-9999.0 -9999.0 -9999.0 -9999.0 -9999.0 -9999.0 -9999.0 -9999.0 -9999.0 -9999.0 -9999.0 -9999.0 -9999.0 -9999.0 -9999.0 -9999.0 -9999.0 -9999.0 1015.865749 -181.681528 -9999.0 -561.169433 -385.899058 1197.717892 1370.550317 1209.888759 -264.560576 -326.106513 1227.383851 -196.381650 -1007.816318 -632.068386 -955.213613 -951.654780 -9999.0 -9999.0 -9999.0 -9999.0 -9999.0 -9999.0 -9999.0 -9999.0 -9999.0 -9999.0 -9999.0 -9999.0 -9999.0 -9999.0 -9999.0 -9999.0 -9999.0 -9999.0 -9999.0 -9999.0 -9999.0 -9999.0 -9999.0 -9999.0
-9999.0 -9999.0 -9999.0 -9999.0 -9999.0 -9999.0 -9999.0 -9999.0 -9999.0 -9999.0 -9999.0 -9999.0 -9999.0 -9999.0 -9999.0 -9999.0 -9999.0 -154.934900 788.392928 -2387.593498 -966.808480 -407.482453 -188.556975 685.825860 1055.995429 -242.582610 -620.002501 -426.618013 -696.788385 -354.666429 -167.328848 -965.162653 -984.724661 -964.538645 -948.201601 -951.451967 -9999.0 -9999.0 -9999.0 -9999.0 -9999.0 -9999.0 -9999.0 -9999.0 -9999.0 -9999.0 -9999.0 -9999.0 -9999.0 -9999.0 -9999.0 -9999.0 -9999.0 -9999.0 -9999.0 -9999.0 -9999.0 -9999.0
-9999.0 -9999.0 -9999.0 -9999.0 -9999.0 -9999.0 -9999.0 -9999.0 -9999.0 -9999.0 -9999.0 -9999.0 -9999.0 -584.522220 -97.170038 -210.067288 -213.832886 -282.778689 -157.103042 1495.626674 1133.643328 1139.686354 1345.385634 1374.014457 -235.553962 -569.639484 -1036.506579 -598.657891 -626.083428 -447.074662 -537.479063 -612.906988 -556.725816 -692.833123 -952.229460 -951.558437 -9999.0 -9999.0 -9999.0 -9999.0 -9999.0 -9999.0 -9999.0 -9999.0 -9999.0 -9999.0 -9999.0 -9999.0 -9999.0 -9999.0 -9999.0 -9999.0 -9999.0 -9999.0 -9999.0 -9999.0 -9999.0 -9999.0
-9999.0 -9999.0 -9999.0 -9999.0 -9999.0 -9999.0 -9999.0 -9999.0 -9999.0 -9999.0 -9999.0 -9999.0 -9999.0 -475.505872 1268.486639 -208.783265 -209.168786 902.556845 -279.783689 -205.188279 1204.585754 609.451005 -76.798567 -92.552471 -215.111638 -607.245440 -558.332897 -952.061722 -951.608013 -680.951218 -565.641544 -686.360957 -951.916973 -952.140742 -952.164596 -9999.0 -9999.0 -9999.0 -9999.0 -9999.0 -9999.0 -9999.0 -9999.0 -9999.0 -9999.0 -9999.0 -9999.0 -9999.0 -9999.0 -9999.0 -9999.0 -9999.0 -9999.0 -9999.0 -9999.0 -9999.0 -9999.0 -9999.0
-9999.0 -9999.0 -9999.0 -9999.0 -9999.0 -9999.0 -9999.0 -9999.0 -9999.0 -9999.0 -9999.0 -9999.0 -9999.0 -210.917297 1426.344694 -140.699155 -213.364040 -213.307890 -272.808335 -183.515694 -187.958174 -1548.539766 -125.897745 -685.468257 -528.108957 -507.736872 -945.293402 -951.647283 -815.746510 -951.709515 -684.329587 -952.274331 -951.746946 -951.090155 -951.325589 -9999.0 -9999.0 -9999.0 -9999.0 -9999.0 -9999.0 -9999.0 -9999.0 -9999.0 -9999.0 -9999.0 -9999.0 -9999.0 -9999.0 -9999.0 -9999.0 -9999.0 -9999.0 -9999.0 -9999.0 -9999.0 -9999.0 -9999.0
-9999.0 -9999.0 -9999.0 -9999.0 -9999.0 -9999.0 -9999.0 -9999.0 -9999.0 -9999.0 -9999.0 -9999.0 -205.720555 1412.895598 1360.030615 -788.524443 -148.874751 -212.097444 1148.509254 -1086.203655 -241.420339 -508.335066 -1658.442607 -498.429983 -791.922210 -672.577922 -531.647319 -389.303931 -693.426086 -951.767385 -680.341516 -951.701507 -676.337052 -951.197624 -9999.0 -9999.0 -9999.0 -9999.0 -9999.0 -9999.0 -9999.0 -9999.0 -9999.0 -9999.0 -9999.0 -9999.0 -9999.0 -9999.0 -9999.0 -9999.0 -9999.0 -9999.0 -9999.0 -9999.0 -9999.0 -9999.0 -9999.0 -9999.0
-9999.0 -9999.0 -9999.0 -9999.0 -9999.0 -9999.0 -9999.0 -9999.0 -9999.0 -9999.0 -9999.0 -404.466584 -262.008958 -105.498514 -452.646900 -490.463665 -1185.264806 -213.996766 -162.458349 -935.141530 845.377483 -218.762783 -454.831762 -689.215414 -654.155244 -545.913311 -673.522534 -502.527958 -373.515991 -952.112869 -948.247722 -633.762130 -950.990807 -951.811248 -962.007547 -982.129203 -559.180515 -246.583147 -393.891243 -9999.0 -9999.0 -9999.0 -950.573493 -9999.0 -9999.0 -9999.0 -9999.0 -9999.0 -9999.0 -9999.0 -9999.0 -9999.0 -9999.0 -9999.0 -9999.0 -9999.0 -9999.0 -9999.0
-9999.0 -9999.0 -9999.0 -9999.0 -9999.0 -9999.0 -9999.0 -9999.0 -9999.0 -9999.0 -9999.0 -495.451521 -572.181638 1211.053419 -253.333853 -746.530452 -227.279596 -206.775955 -175.280224 -187.024186 1365.978420 1512.469324 -277.082285 -577.518186 -616.334808 -671.870399 -539.448844 -924.059586 -939.425346 -951.905670 -1018.018116 -671.965372 -572.699427 -437.339239 -555.722690 -611.612393 -235.516796 -700.341554 -583.865937 -1049.420577 -1033.457127 -967.075485 -443.482706 -949.749582 -9999.0 -9999.0 -9999.0 -204.876379 -361.877759 -948.746866 -378.246172 -946.952088 -944.931722 -189.552392 -197.489369 -935.954012 -9999.0 -9999.0
-9999.0 -9999.0 -9999.0 -9999.0 -9999.0 -9999.0 -9999.0 -9999.0 -9999.0 -9999.0 -9999.0 -647.815877 -565.865443 -620.618352 -501.904056 -638.341399 -219.819644 -188.100575 1204.886053 -191.756244 -205.751190 -184.584733 -463.674325 -558.535012 -662.331537 -953.692092 -383.459245 -683.962965 -952.465825 -687.188225 -952.477844 -636.943096 -705.675571 -459.768733 -960.501951 -258.768889 -775.523435 -1477.690969 -202.947759 -1054.172903 -240.011346 -543.876985 -288.682831 -588.276989 -388.549138 -9999.0 -950.799455 -471.719823 -847.003763 -177.650831 -290.880150 -908.950675 1615.223999 1538.634208 1592.543422 1517.531721 -9999.0 -9999.0
-9999.0 -9999.0 -9999.0 -9999.0 -9999.0 -9999.0 -9999.0 -9999.0 -9999.0 -9999.0 -9999.0 -9999.0 -570.614117 -611.002117 -251.493808 -751.139180 -251.658136 -214.580415 -171.675926 -187.740213 -198.614921 -214.003933 1176.225220 -303.068041 -574.933180 -382.550670 1328.544213 -1598.352124 -669.319647 -946.891483 -624.822728 -620.686636 -1095.810645 -496.057457 -563.094396 -497.859316 -576.830960 -936.496619 -624.503291 -1049.980826 -210.934237 -1017.406895 -220.471826 -109.085783 -952.750971 -647.751957 -947.774486 -400.297749 -644.432466 -431.920318 -218.734553 -445.823243 -175.746586 -280.582409 -611.906588 -650.842569 -216.289130 -9999.0
-9999.0 -9999.0 -9999.0 -9999.0 -9999.0 -9999.0 -9999.0 -9999.0 -9999.0 -9999.0 -9999.0 -379.908629 -557.169236 -1642.112361 -281.186587 -260.180808 -201.355023 -239.247756 1459.835668 -91.164477 -207.989374 1385.950247 -170.773636 -336.360506 -441.539537 949.447708 -659.289520 -655.942996 -677.828226 -950.770605 -367.340779 -309.402569 -223.190570 -407.228310 -655.104491 -462.472221 -504.892859 -521.229459 -353.219039 -558.271565 -493.023917 -82.437076 -129.502564 -464551.677530 1248.272457 -481.370869 -916.662268 -956.520857 -947.390636 -966.733394 -894.792147 -629.812010 -628.065594 -900.878905 -952.022428 -950.560457 -938.099781 -9999.0
-9999.0 -9999.0 -9999.0 -9999.0 -9999.0 -9999.0 -9999.0 -9999.0 -9999.0 -9999.0 -399.019075 -331.527975 -629.615334 -570.641475 -216.546622 -104.274981 -266.620559 -177.574992 -206.876533 -223.505268 1245.009389 -193.564614 -226.889812 1159.038326 -207.759543 -200.156118 -638.504242 -907.169524 -229.152990 1534.501397 -202.669642 -583.118814 -364.093205 -706.036317 -951.736335 -948.146196 -510.408005 -529.148361 -521.740801 -325.896042 -196.947639 -431.491445 -538.146292 -166.587895 -211.168159 -952.263405 -876.360009 -307.381136 -181.231436 -193.206795 -943.979067 -950.732946 -951.436429 -950.243737 -950.618837 1103.897166 1340.558028 -9999.0
-9999.0 -9999.0 -9999.0 -9999.0 -9999.0 -9999.0 -9999.0 -9999.0 -9999.0 -587.545766 -410.878431 -663.308662 -116.806859 -394.445809 -232.384506 -635.963896 -633.327134 -141.120020 -101.833638 -127.782329 -185.648112 -207.613659 1117.091676 -130.525468 -145.022121 -596.733431 -419.609335 1322.123904 1071.906727 926.413067 -214.552235 -1458.849948 -952.362150 -951.845189 -951.774196 -952.331331 -590.698897 -605.732360 -616.159888 -642.358357 -132.989181 -622.061902 -654.811625 -95.169111 78.183879 901.637469 1174.601939 -275.004363 -513.552012 -132.807294 -1085.400347 -937.401781 -950.397493 -950.511787 -940.830592 -676.099716 -158.800984 -108.936511
-9999.0 -9999.0 -9999.0 -9999.0 -9999.0 -9999.0 -9999.0 -9999.0 -9999.0 -917.088155 -573.208711 -589.274295 1343.887787 -206.047290 -213.030888 -355.754193 -50.638369 -224.415397 -182.230739 -187.673255 -187.444679 1210.056869 603.585872 -187.096869 -668.929462 -503.727070 -143.203091 818.344273 1237.724756 -222.204444 -585.837963 -603.087139 -668.176563 -444.511555 -599.849450 -967.549840 -961.918987 -966.834888 -675.427418 -572.259717 -627.344608 -622.048351 -273.391972 -159.109727 25305.868309 -170.856615 830.919533 1205.433685 1243.535782 -144.462189 -1386.030739 -653.503774 -950.544273 -631.381216 -950.945461 -657.882986 -135.962774 -181.571354
-9999.0 -9999.0 -9999.0 -9999.0 -9999.0 -9999.0 -9999.0 -9999.0 -9999.0 -9999.0 -498.518923 -495.779766 -273.108007 -214.029222 -205.677448 -243.442483 -220.279237 1387.816388 -196.957865 -229.824972 -190.355702 1047.335182 -208.588981 1001.859057 -520.531586 763.317577 1258.322917 1160.650216 -688.814906 -546.203888 -579.461718 -667.641952 -625.390328 -671.503204 -891.074305 -220.438085 -276.766371 -409.971758 -945.682617 -675.524718 -685.572935 -598.189768 -572.454622 -712.473587 -620.076401 -203.607155 908.136884 -134.440843 5434.738509 1092.538934 -1341.419859 -1433.771717 -941.467219 -950.500000 -655.586819 -637.433738 -569.771851 1450.778723
-9999.0 -9999.0 -9999.0 -9999.0 -9999.0 -9999.0 -9999.0 -9999.0 -9999.0 -9999.0 -597.876602 -575.844971 -473.850942 -213.803362 1278.933254 983.969666 -199.405973 -172.035284 14491.131864 -191.970786 -217.697216 -136.218863 -165.032298 -232.384387 -207.601098 1097.722384 -177.134003 -110.113063 -616.697410 -597.962558 -636.270043 -316.554304 -941.146083 -655.538200 -653.629474 -646.908380 -297.334508 -357.896721 -614.170998 -647.186728 -438.446281 -944.215066 -623.650852 -639.833338 -634.152712 -1300.162015 -373.817848 -647.026666 10427.683635 912.486534 1014.203763 -572.493529 -533.684839 -939.077484 -937.147516 -942.669815 -660.827716 984.497115
-9999.0 -9999.0 -9999.0 -9999.0 -9999.0 -9999.0 -9999.0 -9999.0 -287.722278 -422.935599 -1293.358268 -445.903794 -626.681200 -522.713247 -210.153946 800.633636 893.684332 1070.810193 -103.000309 -82.227872 -87.778317 -160.678034 -218.046955 -131.771094 1243.057274 9881.616168 992.238787 -656.112744 -640.616793 -594.254329 -951.814739 -657.070569 -664.808272 -500.269183 -426.870965 -641.455056 -425.543263 -284.149206 -644.656976 -942.054146 -951.936673 -636.037287 -892.708593 -951.325590 -952.537948 -468.399011 -608.395686 -323.342327 954.258767 1030.302374 1566.232372 -70.526351 -352.648291 -670.424138 -929.940393 1732.038787 -101.796772 1046.832061
-9999.0 -9999.0 -9999.0 -9999.0 -9999.0 -9999.0 -9999.0 -9999.0 -917.430542 -219.184668 -735.246077 -591.578791 -555.689755 -281.103884 -680.605913 -183.690465 1052.707276 839.961606 20660.685141 1931.815422 -209.021475 -174.512179 -224.002737 -47.457112 -139.949882 2343.381703 -166.345464 -166.822870 -879.229887 -399.555881 -483.460567 -955.370020 -367.897450 -945.063794 -244.079339 -579.741880 -271.354294 -265.355008 -711.623766 -681.970519 -626.107965 -886.153709 -951.130470 -836.040350 -261.946285 -615.643998 -893.186306 -681.452205 -587.923047 689.016540 914.577994 481.088218 -509.885152 1520.023862 -233.231959 -1019.771660 -48.010366 1260.972737
-9999.0 -9999.0 -9999.0 -9999.0 -9999.0 -9999.0 -9999.0 -9999.0 -597.341955 -886.014863 1037.968042 -652.899188 -785.954597 -909.840678 -211.105964 -291.460139 -178.337811 1059.781602 12757.333731 -132.310554 8569.732688 -163.187578 -182.335850 -148.375672 -107.311184 -210.644597 923.670444 -444.710949 -953.201378 -756.383374 -954.756450 -245.213536 -607.507028 -1177.124906 -649.151571 1271.343687 -608.954404 944.318262 -663.698490 -683.566170 -343.653699 -940.781856 -247.479566 -490.234187 -636.173955 -634.951934 -946.049602 -213.516102 -612.085120 883.983693 24968.221926 1265.475630 -548.271718 -596.262038 1338.424940 1259.221034 890.979180 2088.973069
-9999.0 -9999.0 -9999.0 -9999.0 -9999.0 -9999.0 -9999.0 -9999.0 -951.745827 -860.909967 -153.200663 -1138.762167 -207.305044 -171.781991 -133.382676 911.236565 12457.230566 17319.647498 -222.216783 15658.743851 -37.959862 20731.369977 22601.295236 -115.277797 -197.451355 1257.373644 -193.779090 -287.390127 1090.021802 1178.126961 -398.072221 -555.460684 524.455935 -163.224961 -1517.895929 -360.815685 -301.791142 1511.055972 -639.820515 -649.338244 -596.659717 -641.487446 -308.464670 -942.651186 -387.394188 -951.389232 -128.381427 -879.848051 -113.299817 -763.164497 861.917491 18716.437175 3564.615344 1441.775011 3008.314219 3167.850369 3868.290864 -115.674008
-9999.0 -9999.0 -9999.0 -9999.0 -9999.0 -9999.0 -9999.0 -9999.0 -815.434842 -561.948445 -213.966927 1036.758831 1295.496012 903.044126 1353.674315 -205.671942 -200.904923 -202.508013 1241.703075 -185.519284 -86.143104 22926.043284 23896.166890 285.334461 1488.851227 1524.185713 -327.848729 -184.563773 733.906275 1123.584256 -181.675126 1239.367402 1545.709979 -43.972769 -877.586462 -744.969011 -215.186449 1421.340726 588.845347 -609.085273 -692.076610 -1275.196059 -168.405948 -583.556134 -671.404495 -193.496605 -662.262886 1470.668914 756.643912 1460.421405 979.948131 754.342131 17219.190435 4272.896910 3641.307584 4257.207554 12613.049025 11988.476768
-9999.0 -9999.0 -1802.784433 -712.347598 -696.569768 -592.838148 -215.401528 -716.132733 -829.348267 -240.101124 -451.825647 -110.982734 889.741420 1490.901169 1359.306609 -178.092219 820.597042 -718.712324 -443.540511 1064.761130 -173.470996 15533.298184 24008.661794 18263.475262 -199.946877 982.206882 1246.162303 1423.438210 957.566751 1313.532941 906.354245 1246.231851 1479.454622 883.841434 1272.234292 912.739246 1141.257129 1158.115813 1128.854160 1507.846747 1434.929591 1161.016093 764.196411 1023.335708 768.197280 1091.559350 1374.561094 950.641274 892.197611 11294.980922 11676.863419 11343.957269 12753.194810 14851.517985 15592.119597 15428.634275 12801.819807 8647.734037
