erum2020/resources/simulation/Vinschgau/output-maps/psiL0002N0069.asc
ncols         63
nrows         48
xllcorner     598000.000000
yllcorner     5145000.000000
cellsize      1000.000000
NODATA_value  -9999.0
[rows 0 to 25 of 48, columns 0 to 58 of 63]
-9999.0 -9999.0 -9999.0 -9999.0 -9999.0 -9999.0 -9999.0 -9999.0 -9999.0 -9999.0 -9999.0 -9999.0 -9999.0 -9999.0 -9999.0 -9999.0 -9999.0 -9999.0 -9999.0 -9999.0 -9999.0 -9999.0 -9999.0 -9999.0 -9999.0 -9999.0 -9999.0 -9999.0 -9999.0 -9999.0 -9999.0 -9999.0 -9999.0 -9999.0 -9999.0 -9999.0 -9999.0 -9999.0 -9999.0 -9999.0 -9999.0 -9999.0 -9999.0 -9999.0 -9999.0 -9999.0 -9999.0 -9999.0 -9999.0 -9999.0 -9999.0 -9999.0 -9999.0 -9999.0 -9999.0 -9999.0 -9999.0 -9999.0 -9999.0
-9999.0 -9999.0 -9999.0 -9999.0 -9999.0 -9999.0 -9999.0 -9999.0 -9999.0 -9999.0 -9999.0 -9999.0 -9999.0 -9999.0 -9999.0 -9999.0 -9999.0 -9999.0 -9999.0 -9999.0 -9999.0 -9999.0 -9999.0 -9999.0 -9999.0 -9999.0 -9999.0 -152.428559 -632.837948 -163.736180 -786.506547 -821.517597 -846.978170 -9999.0 -9999.0 -9999.0 -9999.0 -9999.0 -9999.0 -9999.0 -9999.0 -9999.0 -9999.0 -9999.0 -9999.0 -9999.0 -9999.0 -9999.0 -9999.0 -9999.0 -9999.0 -9999.0 -9999.0 -9999.0 -9999.0 -9999.0 -9999.0 -9999.0 -9999.0
-9999.0 -9999.0 -9999.0 -9999.0 -9999.0 -9999.0 -9999.0 -9999.0 -9999.0 -9999.0 -9999.0 -9999.0 -9999.0 -9999.0 -9999.0 -9999.0 -9999.0 -9999.0 -9999.0 -9999.0 -9999.0 -9999.0 -9999.0 -9999.0 -679.478703 -290.458792 -263.586154 -197.266551 -86.492650 -673.785293 -1012.628107 -9999.0 -9999.0 -9999.0 -9999.0 -9999.0 -9999.0 -9999.0 -9999.0 -9999.0 -9999.0 -9999.0 -9999.0 -9999.0 -9999.0 -9999.0 -9999.0 -9999.0 -9999.0 -9999.0 -9999.0 -9999.0 -9999.0 -9999.0 -9999.0 -9999.0 -9999.0 -9999.0 -9999.0
-9999.0 -9999.0 -9999.0 -9999.0 -9999.0 -9999.0 -9999.0 -9999.0 -9999.0 -9999.0 -9999.0 -9999.0 -9999.0 -9999.0 -9999.0 -9999.0 -9999.0 -9999.0 -9999.0 -9999.0 -9999.0 -9999.0 -9999.0 -206.407817 1364.008743 385.122836 546.640498 259.535083 1083.290911 -609.740403 -469.358704 -641.065682 -9999.0 -9999.0 -9999.0 -9999.0 -9999.0 -9999.0 -9999.0 -9999.0 -9999.0 -9999.0 -9999.0 -9999.0 -9999.0 -9999.0 -9999.0 -9999.0 -9999.0 -9999.0 -9999.0 -9999.0 -9999.0 -9999.0 -9999.0 -9999.0 -9999.0 -9999.0 -9999.0
-9999.0 -9999.0 -9999.0 -9999.0 -9999.0 -9999.0 -9999.0 -9999.0 -9999.0 -9999.0 -9999.0 -9999.0 -9999.0 -9999.0 -9999.0 -9999.0 -9999.0 -9999.0 -318.063525 1571.725589 -9999.0 -576.637864 1382.199649 23.840465 22.506741 211.759838 1334.236256 1222.420304 -210.071593 1137.353965 -469.030011 -513.963010 -178.178765 -195.577427 -9999.0 -9999.0 -9999.0 -9999.0 -9999.0 -9999.0 -9999.0 -9999.0 -9999.0 -9999.0 -9999.0 -9999.0 -9999.0 -9999.0 -9999.0 -9999.0 -9999.0 -9999.0 -9999.0 -9999.0 -9999.0 -9999.0 -9999.0 -9999.0 -9999.0
-9999.0 -9999.0 -9999.0 -9999.0 -9999.0 -9999.0 -9999.0 -9999.0 -9999.0 -9999.0 -9999.0 -9999.0 -9999.0 -9999.0 -9999.0 -9999.0 -9999.0 -490.333250 468.884589 -73.241975 -209.233091 -233.343498 933.383130 1270.672102 1215.835950 -261.620584 -65.429315 -415.052332 -75.610081 -97.127235 398.293837 -537.484390 -198.617045 -190.746185 -262.083049 -983.304227 -9999.0 -9999.0 -9999.0 -9999.0 -9999.0 -9999.0 -9999.0 -9999.0 -9999.0 -9999.0 -9999.0 -9999.0 -9999.0 -9999.0 -9999.0 -9999.0 -9999.0 -9999.0 -9999.0 -9999.0 -9999.0 -9999.0 -9999.0
-9999.0 -9999.0 -9999.0 -9999.0 -9999.0 -9999.0 -9999.0 -9999.0 -9999.0 -9999.0 -9999.0 -9999.0 -9999.0 -661.576432 1415.703215 3611.350201 68.141636 -39.927305 -235.371141 -62.693248 -228.809815 -233.862459 123.826068 1435.632851 473.526112 -1252.482751 -818.820338 -487.524785 -414.632129 -372.076892 -678.997945 -1210.245265 -1100.643071 -983.453526 -959.252645 -993.279977 -9999.0 -9999.0 -9999.0 -9999.0 -9999.0 -9999.0 -9999.0 -9999.0 -9999.0 -9999.0 -9999.0 -9999.0 -9999.0 -9999.0 -9999.0 -9999.0 -9999.0 -9999.0 -9999.0 -9999.0 -9999.0 -9999.0 -9999.0
-9999.0 -9999.0 -9999.0 -9999.0 -9999.0 -9999.0 -9999.0 -9999.0 -9999.0 -9999.0 -9999.0 -9999.0 -9999.0 1056.145846 7.498325 49.126396 -58.257001 723.533252 -41.189413 -116.092819 770.254898 1497.260571 4091.069601 1292.410027 602.665407 -240.831311 -689.581043 -769.852392 -509.997614 -713.052922 -646.543158 -888.826207 -915.482810 -986.465110 -988.286986 -9999.0 -9999.0 -9999.0 -9999.0 -9999.0 -9999.0 -9999.0 -9999.0 -9999.0 -9999.0 -9999.0 -9999.0 -9999.0 -9999.0 -9999.0 -9999.0 -9999.0 -9999.0 -9999.0 -9999.0 -9999.0 -9999.0 -9999.0 -9999.0
-9999.0 -9999.0 -9999.0 -9999.0 -9999.0 -9999.0 -9999.0 -9999.0 -9999.0 -9999.0 -9999.0 -9999.0 -9999.0 1227.964431 526.792441 -377.751267 3910.216906 -66.149349 -41.121876 648.477350 1035.580754 -2019.285985 305.558132 -356.023328 -644.789209 -254.708024 -161.938358 -878.880905 -563.990638 -839.823673 -896.466103 -974.245064 -986.291449 -993.466899 -992.447471 -9999.0 -9999.0 -9999.0 -9999.0 -9999.0 -9999.0 -9999.0 -9999.0 -9999.0 -9999.0 -9999.0 -9999.0 -9999.0 -9999.0 -9999.0 -9999.0 -9999.0 -9999.0 -9999.0 -9999.0 -9999.0 -9999.0 -9999.0 -9999.0
-9999.0 -9999.0 -9999.0 -9999.0 -9999.0 -9999.0 -9999.0 -9999.0 -9999.0 -9999.0 -9999.0 -9999.0 1194.848247 -34.517589 316.478147 -969.063678 521.182429 3355.475141 -134.464460 -65.453716 -136.954517 -421.298740 -271.397386 -256.835856 -614.856754 -963.049723 -288.410225 -750.550984 -602.886536 -931.642834 -934.689780 -186.918214 -584.667888 -995.121354 -9999.0 -9999.0 -9999.0 -9999.0 -9999.0 -9999.0 -9999.0 -9999.0 -9999.0 -9999.0 -9999.0 -9999.0 -9999.0 -9999.0 -9999.0 -9999.0 -9999.0 -9999.0 -9999.0 -9999.0 -9999.0 -9999.0 -9999.0 -9999.0 -9999.0
-9999.0 -9999.0 -9999.0 -9999.0 -9999.0 -9999.0 -9999.0 -9999.0 -9999.0 -9999.0 -9999.0 -331.232455 -64.304436 482.827636 -1022.607086 -900.861710 -1034.136183 3312.553505 -340.675840 -55.644719 3889.246639 793.456148 -819.066334 -1007.921323 -414.225000 -730.756386 -1013.131644 -708.251546 -775.600184 -976.579881 -199.081875 -219.413324 -288.054871 -1001.566769 -434.723261 -930.889107 -293.395985 827.254739 -162.199745 -9999.0 -9999.0 -9999.0 -595.389872 -9999.0 -9999.0 -9999.0 -9999.0 -9999.0 -9999.0 -9999.0 -9999.0 -9999.0 -9999.0 -9999.0 -9999.0 -9999.0 -9999.0 -9999.0 -9999.0
-9999.0 -9999.0 -9999.0 -9999.0 -9999.0 -9999.0 -9999.0 -9999.0 -9999.0 -9999.0 -9999.0 -784.924030 -446.462384 1641.314038 841.230275 -864.050838 1125.450994 2832.814601 -363.893415 -326.956301 1323.924545 963.427109 -787.329948 -256.815889 -261.928907 -957.319594 -652.187594 -185.326856 -206.221628 -990.160712 -480.949644 -752.347531 -713.754129 -912.810822 -742.248520 -678.351014 893.992368 -234.970436 -225.657878 -474.558229 -428.254969 -768.689160 -214.872479 -516.858686 -9999.0 -9999.0 -9999.0 -304.594635 568.312923 -168.576619 616.073428 -151.789182 -156.917690 25.793876 16.508841 -186.653074 -9999.0 -9999.0 -9999.0
-9999.0 -9999.0 -9999.0 -9999.0 -9999.0 -9999.0 -9999.0 -9999.0 -9999.0 -9999.0 -9999.0 -676.310100 -697.302600 -99.798889 -757.439066 -677.808677 1179.369807 3021.726411 -286.959816 -376.449356 3468.043049 1117.369045 1779.362472 -285.748041 -987.932614 -173.494365 1565.276539 -394.840572 -993.472918 -724.686870 -997.866159 -284.776626 -133.960660 -808.837142 -626.509596 -106.574345 -935.116408 -801.322268 -749.262139 -148.273333 1225.297813 -176.480135 -51.513438 -685.731952 -791.052045 -9999.0 -705.481247 -331.577090 515.350609 887.982307 1844.054921 -69.310692 529.637015 22.954444 24.536625 206.579969 -9999.0 -9999.0 -9999.0
-9999.0 -9999.0 -9999.0 -9999.0 -9999.0 -9999.0 -9999.0 -9999.0 -9999.0 -9999.0 -9999.0 -9999.0 -710.146772 -320.886684 708.730267 734.164183 -87.031841 3808.065620 -339.610170 -357.698748 3683.515409 851.978436 996.319791 749.496737 -548.698165 1727.228735 1072.181299 -935.674713 -941.960321 -194.326114 -652.973941 -155.560499 -668.070339 -684.789532 -734.961144 -893.041200 -199.385941 -1272.537334 -893.313707 -292.745529 1350.618344 -216.617199 -131.335648 -143.087343 -174.511903 -529.820211 -183.549178 -412.988489 -421.633127 -255.842997 1132.715962 723.179967 1333.871516 479.765747 -818.860707 -928.263078 -186.273541 -9999.0 -9999.0
-9999.0 -9999.0 -9999.0 -9999.0 -9999.0 -9999.0 -9999.0 -9999.0 -9999.0 -9999.0 -9999.0 -144.310619 -649.890614 -970.823022 1244.234234 1250.120398 1387.745379 679.599935 300.758763 -392.574924 2374.892369 1748.104658 1105.514334 1703.344222 1775.700277 1309.796334 -237.379826 -982.262306 -599.126307 -164.678297 979.771774 990.542862 1751.328010 -1010.755452 -697.946243 -930.449864 -1270.671313 -672.417131 -490.764124 -337.625973 -101.926854 -171.371860 -146.587475 -204.274645 388.730024 -690.611914 -155.673641 -92.656160 -82.921632 7164.778098 -609.467966 -852.027358 -769.105641 -629.864366 -1001.822691 -273.109576 -139.952337 -9999.0 -9999.0
-9999.0 -9999.0 -9999.0 -9999.0 -9999.0 -9999.0 -9999.0 -9999.0 -9999.0 -9999.0 -579.880921 797.442816 654.007926 -619.780243 702.475209 1324.731881 -93.623487 -91.546868 595.122887 -428.055293 59.416263 1032.434374 1155.036684 1361.504271 918.862015 1007.630669 -465.235569 -621.114918 2141.349849 2403.204923 890.441670 -282.570137 -753.071662 -781.822965 -1006.177834 -591.036334 -80.994178 23042.755044 -609.679270 -194.166526 -190.541018 -44.117045 -48.857127 993.074608 1069.649150 -160.917973 -75.450645 -182.975573 1032.484950 309.528462 -423.684157 -326.735490 -999.864773 -294.983106 -293.856055 -221.677907 76.672570 -9999.0 -9999.0
-9999.0 -9999.0 -9999.0 -9999.0 -9999.0 -9999.0 -9999.0 -9999.0 -9999.0 -610.668005 -732.731848 -183.125775 1526.143874 660.823569 1288.537815 -139.729424 -228.403374 735.865643 216.020649 -471.756772 -305.083913 473.990532 238.874606 304.246066 875.855637 -315.346474 1528.174267 2199.138235 1245.981274 936.834699 -106.279876 -328.497851 -1001.617006 -989.288594 -994.320715 -1008.851797 -980.085257 -461.660622 -341.005945 -174.283035 5208.018906 -122.795598 -182.920992 -56.046851 -91.122468 557.818714 33.403601 -57.295955 -354.714010 2581.064398 -142.314266 -144.148004 -395.971747 -409.098876 -158.905866 750.867965 701.364232 -12.799115 -129.040604
-9999.0 -9999.0 -9999.0 -9999.0 -9999.0 -9999.0 -9999.0 -9999.0 -9999.0 -848.797939 -687.141602 -820.654576 50.720698 1059.693163 1069.583433 727.225434 -391.171011 -123.212762 -306.805806 -391.685254 -362.878696 -23.002922 -101.775111 1485.343678 -290.733619 1877.392561 1270.639992 718.769773 1479.186895 899.091266 -1093.586991 -235.536739 -922.779067 -877.062247 -682.076442 -209.723787 -231.953483 -285.000180 -820.084480 -683.887471 -547.454996 -570.559567 1732.816480 -97.628544 416.982248 -206.098215 266.614133 1451.737138 229.830280 -168.310869 -67.416539 1311.297098 -340.211760 -781.061007 -251.948584 -291.751951 612.085334 980.856227 -16.695427
-9999.0 -9999.0 -9999.0 -9999.0 -9999.0 -9999.0 -9999.0 -9999.0 -9999.0 -9999.0 -698.433133 -709.711888 955.460460 -26.356729 1499.375656 1202.076656 1206.800100 1413.338155 -495.822322 -395.303758 -348.653284 425.548631 1220.083441 1409.266292 1678.119786 849.632144 1340.426542 850.933520 -825.898251 -351.292681 -473.641713 -267.699358 -592.784535 -989.960554 -241.437669 1867.328216 1242.884520 1220.815668 -183.691301 -1001.424697 -1029.279657 -301.692930 -128.171179 1245.565527 -316.527977 -20.045499 -61.537937 836.536645 -13.252246 1431.378770 -58.116091 750.282561 -135.674407 -300.603910 -741.302985 -778.480827 -803.714260 495.711156 272.811933
-9999.0 -9999.0 -9999.0 -9999.0 -9999.0 -9999.0 -9999.0 -9999.0 -9999.0 -9999.0 -745.992870 -718.608628 -768.154802 1197.517445 534.541257 4874.502974 -147.440249 143.522208 -501.179937 -376.732776 -489.226965 -308.158866 223.795228 1289.106165 947.102677 1370.971160 -200.525643 1258.159191 -205.319017 -556.025152 -931.348912 -647.807076 -660.529138 -967.129373 -928.277418 -921.398902 3648.527038 -295.349435 -444.093910 -862.462774 -679.590302 -166.704605 -533.639780 -832.524187 -817.220936 1218.624705 1018.182762 -853.317050 -60.243916 -9.289333 1049.967314 1021.501121 1094.195365 -131.060450 -184.895213 -135.944004 -801.106721 660.375862 -80.582936
-9999.0 -9999.0 -9999.0 -9999.0 -9999.0 -9999.0 -9999.0 -9999.0 629.065536 858.342812 -543.149797 -768.666035 1069.598966 -131.180812 1222.220308 605.520407 -176.903416 -128.746308 -384.997991 -384.134409 -465.588991 -534.034083 -431.784731 -360.247649 -343.228738 -426.081627 1100.437476 1257.113026 17.814059 -291.528003 -991.018862 -889.040437 -819.762570 -904.491980 -798.294169 -910.448419 -511.193171 974.555233 -283.283232 -170.582082 -749.078486 -813.873641 -562.569303 -355.844847 -119.264271 861.345129 -533.285660 764.815654 -48.866799 8.773653 698.675883 361.903525 712.424091 919.874438 -132.744404 25.000946 -11.632557 933.693308 1066.530690
-9999.0 -9999.0 -9999.0 -9999.0 -9999.0 -9999.0 -9999.0 -9999.0 -574.397892 750.765220 -202.625216 -722.006559 -638.036474 817.010920 793.692155 -39.036257 1043.981969 402.173063 -333.655603 -372.731121 -346.435158 -360.627159 -363.298628 -244.811804 -515.557543 -518.982590 1301.252569 1286.895214 -524.571807 -809.228865 -858.044751 -158.001330 -767.901430 -172.019769 -584.637018 -66.828503 1524.294894 810.448332 -349.406519 -219.841288 -785.976040 -795.032394 -306.720508 641.238415 1420.004150 -123.487441 -601.196302 -917.263991 1218.731294 -95.993532 6.645624 422.901900 1352.948795 -216.369453 2651.932016 -37.385662 521.794583 1102.480274 22.363475
-9999.0 -9999.0 -9999.0 -9999.0 -9999.0 -9999.0 -9999.0 -9999.0 -995.891545 -105.538600 632.393643 -443.498923 -76.928806 -556.313542 982.214073 783.739581 3488.388017 -278.427504 -467.768183 -336.229802 -364.671356 -360.426865 -358.845401 -368.781081 -335.581877 -389.199280 679.658289 -237.056554 -625.044268 -145.038043 -155.257737 1722.911161 -217.709121 -260.909471 784.585937 1291.625270 -319.330114 997.339923 -168.918202 -517.221057 -652.832016 -144.598367 1164.522699 -957.362741 -651.186878 -847.276614 -132.200799 476.389041 -409.107359 -46.703962 9.472546 808.526587 810.980164 1447.506665 575.932036 770.759770 -48.577694 37.837557 81.428340
-9999.0 -9999.0 -9999.0 -9999.0 -9999.0 -9999.0 -9999.0 -9999.0 -1005.395279 -742.097962 1341.199670 -300.803232 698.429020 775.370902 288.599374 -42.626172 -215.273410 -408.777668 -352.863292 -440.334488 -369.441574 14.980306 15.163848 -314.442718 -403.578107 -66.343690 1300.449307 -52.023672 1069.036450 1397.992770 -248.586222 -208.185008 1050.202634 1238.624272 -325.683324 1182.748562 1406.944663 1228.002288 -69.341815 -35.032418 1040.634406 879.060688 871.605343 -79.062890 889.521766 -151.302973 583.996178 -63.190600 795.938429 1816.443140 -69.561164 10.690778 -60.335890 311.349284 20.911926 47.627590 79.016673 232.955991 14.891219
-9999.0 -9999.0 -9999.0 -9999.0 -9999.0 -9999.0 -9999.0 -9999.0 -626.947695 -809.185949 713.681841 1143.123371 252.651801 357.869035 615.712166 -202.677921 -233.072765 -376.446964 1709.841483 -399.274478 -439.052760 14.872931 15.143712 -258.891418 18.484977 61.572683 1261.757290 1114.960365 271.840991 -43.796758 857.463638 1180.927313 1096.068546 1133.098521 -181.551032 -207.919640 1241.086249 221.221278 -78.783795 902.488498 -117.401803 -160.632951 1288.816417 546.876621 -73.182898 1821.738700 -179.806136 813.606656 857.573659 393.938106 -66.085397 245.261444 13.176809 32.275189 280.841212 269.237718 15.803093 15.976276 94.538267
-9999.0 -9999.0 -660.739833 -492.305476 -524.516009 -99.602696 742.360872 -191.171155 -565.968258 -527.620858 1043.987613 -44.461649 -41.532002 941.798173 -2.615979 -210.032108 -49.555768 885.339206 -198.015504 2485.722534 -389.842341 -422.395275 15.586401 92.443029 -303.725628 -249.271425 14.531284 1237.892532 -76.473250 1333.603949 451.809097 64.061867 -3.777878 -45.705995 1120.771472 -44.242152 499.084223 -12.823329 -47.456028 731.570054 1339.843937 1135.323338 -52.561968 1356.749443 973.411120 1103.791285 1226.316128 -50.896904 -66.797003 34.721698 52.824656 -134.711400 -349.053296 15.121177 15.681051 15.541279 35.601620 72.605949 43.931634
