erum2020/resources/simulation/Vinschgau/output-maps/psiL0005N0765.asc
ncols         63
nrows         48
xllcorner     598000.000000
yllcorner     5145000.000000
cellsize      1000.000000
NODATA_value  -9999.0
[rows 0 to 25 of 48, columns 0 to 58 of 63]
-9999.0 -9999.0 -9999.0 -9999.0 -9999.0 -9999.0 -9999.0 -9999.0 -9999.0 -9999.0 -9999.0 -9999.0 -9999.0 -9999.0 -9999.0 -9999.0 -9999.0 -9999.0 -9999.0 -9999.0 -9999.0 -9999.0 -9999.0 -9999.0 -9999.0 -9999.0 -9999.0 -9999.0 -9999.0 -9999.0 -9999.0 -9999.0 -9999.0 -9999.0 -9999.0 -9999.0 -9999.0 -9999.0 -9999.0 -9999.0 -9999.0 -9999.0 -9999.0 -9999.0 -9999.0 -9999.0 -9999.0 -9999.0 -9999.0 -9999.0 -9999.0 -9999.0 -9999.0 -9999.0 -9999.0 -9999.0 -9999.0 -9999.0 -9999.0
-9999.0 -9999.0 -9999.0 -9999.0 -9999.0 -9999.0 -9999.0 -9999.0 -9999.0 -9999.0 -9999.0 -9999.0 -9999.0 -9999.0 -9999.0 -9999.0 -9999.0 -9999.0 -9999.0 -9999.0 -9999.0 -9999.0 -9999.0 -9999.0 -9999.0 -9999.0 -9999.0 -646.468217 2099.580315 -692.363248 1422.156650 -15.331420 -9.080330 -9999.0 -9999.0 -9999.0 -9999.0 -9999.0 -9999.0 -9999.0 -9999.0 -9999.0 -9999.0 -9999.0 -9999.0 -9999.0 -9999.0 -9999.0 -9999.0 -9999.0 -9999.0 -9999.0 -9999.0 -9999.0 -9999.0 -9999.0 -9999.0 -9999.0 -9999.0
-9999.0 -9999.0 -9999.0 -9999.0 -9999.0 -9999.0 -9999.0 -9999.0 -9999.0 -9999.0 -9999.0 -9999.0 -9999.0 -9999.0 -9999.0 -9999.0 -9999.0 -9999.0 -9999.0 -9999.0 -9999.0 -9999.0 -9999.0 -9999.0 1294.580667 873.307877 535.429305 957.028893 419.335035 479.393964 2955.786768 -9999.0 -9999.0 -9999.0 -9999.0 -9999.0 -9999.0 -9999.0 -9999.0 -9999.0 -9999.0 -9999.0 -9999.0 -9999.0 -9999.0 -9999.0 -9999.0 -9999.0 -9999.0 -9999.0 -9999.0 -9999.0 -9999.0 -9999.0 -9999.0 -9999.0 -9999.0 -9999.0 -9999.0
-9999.0 -9999.0 -9999.0 -9999.0 -9999.0 -9999.0 -9999.0 -9999.0 -9999.0 -9999.0 -9999.0 -9999.0 -9999.0 -9999.0 -9999.0 -9999.0 -9999.0 -9999.0 -9999.0 -9999.0 -9999.0 -9999.0 -9999.0 797.873671 -96.401090 -547.450317 -392.345612 -629.748566 -246.431078 879.560345 2283.030034 3100.609819 -9999.0 -9999.0 -9999.0 -9999.0 -9999.0 -9999.0 -9999.0 -9999.0 -9999.0 -9999.0 -9999.0 -9999.0 -9999.0 -9999.0 -9999.0 -9999.0 -9999.0 -9999.0 -9999.0 -9999.0 -9999.0 -9999.0 -9999.0 -9999.0 -9999.0 -9999.0 -9999.0
-9999.0 -9999.0 -9999.0 -9999.0 -9999.0 -9999.0 -9999.0 -9999.0 -9999.0 -9999.0 -9999.0 -9999.0 -9999.0 -9999.0 -9999.0 -9999.0 -9999.0 -9999.0 -78.972803 205.764963 -9999.0 783.264875 74.496975 -487.637014 -338.808468 -828.216568 -266.003904 -56.142199 94.559308 -321.275219 1341.482930 2973.117531 -786.380502 -519.329096 -9999.0 -9999.0 -9999.0 -9999.0 -9999.0 -9999.0 -9999.0 -9999.0 -9999.0 -9999.0 -9999.0 -9999.0 -9999.0 -9999.0 -9999.0 -9999.0 -9999.0 -9999.0 -9999.0 -9999.0 -9999.0 -9999.0 -9999.0 -9999.0 -9999.0
-9999.0 -9999.0 -9999.0 -9999.0 -9999.0 -9999.0 -9999.0 -9999.0 -9999.0 -9999.0 -9999.0 -9999.0 -9999.0 -9999.0 -9999.0 -9999.0 -9999.0 -878.882447 -470.221695 -13055.517959 -809.114291 -157.063384 -323.487727 -274.676919 -348.792861 -249.640192 -235.547902 568.965016 -231.301661 84.828403 938.781444 865.130435 -1699.886962 -26332.988358 -3943.843643 -1462.822650 -9999.0 -9999.0 -9999.0 -9999.0 -9999.0 -9999.0 -9999.0 -9999.0 -9999.0 -9999.0 -9999.0 -9999.0 -9999.0 -9999.0 -9999.0 -9999.0 -9999.0 -9999.0 -9999.0 -9999.0 -9999.0 -9999.0 -9999.0
-9999.0 -9999.0 -9999.0 -9999.0 -9999.0 -9999.0 -9999.0 -9999.0 -9999.0 -9999.0 -9999.0 -9999.0 -9999.0 -90.584234 -225.367234 -584.072107 -1009.780258 -5052.152599 -852.268841 -588.073782 -354.451176 -413.021017 -415.278444 -294.827787 -198.222084 311.945545 -9337.071480 -155.228182 -239.359694 -208.086529 9397.549651 751.853046 761.326943 740.778155 -295.573549 -751.694057 -9999.0 -9999.0 -9999.0 -9999.0 -9999.0 -9999.0 -9999.0 -9999.0 -9999.0 -9999.0 -9999.0 -9999.0 -9999.0 -9999.0 -9999.0 -9999.0 -9999.0 -9999.0 -9999.0 -9999.0 -9999.0 -9999.0 -9999.0
-9999.0 -9999.0 -9999.0 -9999.0 -9999.0 -9999.0 -9999.0 -9999.0 -9999.0 -9999.0 -9999.0 -9999.0 -9999.0 37.415459 -310.580303 -632.951477 -912.977310 -188.918807 -5133.319727 -591.539020 -742.939550 -262.806573 -292.047633 -175.240377 -212.192881 -192.028057 1903.346649 -515.705706 -414.350222 -112.334862 2844.109459 2817.778621 -458.174640 -523.732811 -419.518797 -9999.0 -9999.0 -9999.0 -9999.0 -9999.0 -9999.0 -9999.0 -9999.0 -9999.0 -9999.0 -9999.0 -9999.0 -9999.0 -9999.0 -9999.0 -9999.0 -9999.0 -9999.0 -9999.0 -9999.0 -9999.0 -9999.0 -9999.0 -9999.0
-9999.0 -9999.0 -9999.0 -9999.0 -9999.0 -9999.0 -9999.0 -9999.0 -9999.0 -9999.0 -9999.0 -9999.0 -9999.0 -394.949615 758.451517 -510.322152 -693.571324 -860.526022 -5417.277290 -865.878465 -105.111992 -6971.668809 -255.138517 -223.613262 -125.515577 68.617208 -1199.233873 -701.262080 2781.067933 -584.098803 879.393748 -298.342792 -610.224022 -294.190989 -488.914575 -9999.0 -9999.0 -9999.0 -9999.0 -9999.0 -9999.0 -9999.0 -9999.0 -9999.0 -9999.0 -9999.0 -9999.0 -9999.0 -9999.0 -9999.0 -9999.0 -9999.0 -9999.0 -9999.0 -9999.0 -9999.0 -9999.0 -9999.0 -9999.0
-9999.0 -9999.0 -9999.0 -9999.0 -9999.0 -9999.0 -9999.0 -9999.0 -9999.0 -9999.0 -9999.0 -9999.0 -331.525049 6611.291664 -242.073622 -89.569327 -265.177868 -560.115947 -329.521724 -12396.269903 -370.067620 -256.339504 -153.873873 -212.872283 3568.189382 2499.444138 822.832988 2755.150019 2735.093493 -373.352519 888.004660 -643.173372 1610.568625 -576.324137 -9999.0 -9999.0 -9999.0 -9999.0 -9999.0 -9999.0 -9999.0 -9999.0 -9999.0 -9999.0 -9999.0 -9999.0 -9999.0 -9999.0 -9999.0 -9999.0 -9999.0 -9999.0 -9999.0 -9999.0 -9999.0 -9999.0 -9999.0 -9999.0 -9999.0
-9999.0 -9999.0 -9999.0 -9999.0 -9999.0 -9999.0 -9999.0 -9999.0 -9999.0 -9999.0 -9999.0 905.725833 105.092864 428.017860 -161.224911 73.359152 -12958.897358 -455.846374 101.082073 -421.869763 -400.671771 92.878873 904.744722 2124.608291 -189.515807 1516.857699 926.944033 2905.760060 5612.424966 -274.287769 -576.679141 1749.227684 -489.083763 -602.013334 -714.538852 -704.173798 -278.399369 -1127.631900 -211.953157 -9999.0 -9999.0 -9999.0 -3712.314020 -9999.0 -9999.0 -9999.0 -9999.0 -9999.0 -9999.0 -9999.0 -9999.0 -9999.0 -9999.0 -9999.0 -9999.0 -9999.0 -9999.0 -9999.0 -9999.0
-9999.0 -9999.0 -9999.0 -9999.0 -9999.0 -9999.0 -9999.0 -9999.0 -9999.0 -9999.0 -9999.0 1567.866013 99.915953 113.122238 -183.275589 -136.233749 -335.967613 -572.392809 -267.371916 103.563866 97.321544 23.324770 1405.415062 2207.602919 1702.392252 3243.267551 2309.807705 2008.229918 -248.897626 -414.509726 1827.036479 1605.802647 2665.067628 1977.164215 2434.239935 2398.574170 -59.262941 -1880.309610 -1720.089090 -2240.711113 -1007.717722 -602.020536 1841.680403 -668.035716 -9999.0 -9999.0 -9999.0 2891.001456 2849.942429 -552.456478 3136.906762 -563.658699 -509.360528 2907.256701 2754.926278 -239.860092 -9999.0 -9999.0 -9999.0
-9999.0 -9999.0 -9999.0 -9999.0 -9999.0 -9999.0 -9999.0 -9999.0 -9999.0 -9999.0 -9999.0 1312.202559 190.005429 -143.211609 72.606408 31.402767 96.523481 -186.757712 -81.977391 -272.359878 -137.886709 -203.998319 567.517448 2079.091624 3205.388430 -545.247312 2453.495167 2542.040695 -580.667598 2974.514690 -582.704739 -102.987429 1809.635404 3140.175450 -577.947722 415.044188 2429.830525 -1623.310012 -2878.626577 -3369.108527 -679.416958 -67.770109 1835.775415 2976.657898 2896.096977 -9999.0 -593.247451 2058.307466 2137.769248 2144.717040 -8.300473 -507.898790 -15.457176 2547.182995 -10.199526 2498.994133 -9999.0 -9999.0 -9999.0
-9999.0 -9999.0 -9999.0 -9999.0 -9999.0 -9999.0 -9999.0 -9999.0 -9999.0 -9999.0 -9999.0 -9999.0 1635.010934 1660.365942 13.784570 20.719795 -162.139585 -366.818790 106.445071 -145.909131 -222.746298 -237.173165 -201.204822 1399.860528 2069.457473 1263.642685 667.757238 -17.777307 2125.704639 -638.877866 2925.880849 277.420327 -20.045779 2493.669777 2574.431354 -12.564901 -530.852495 -2537.501486 -2780.269258 -2795.744692 -1218.986793 -2961.918995 -165.451093 1443.718927 -981.820043 2992.360874 -732.236960 2671.310340 -128.668677 534.322976 -179.997635 872.905473 1640.403636 844.546364 830.809823 2715.306495 2747.278724 -9999.0 -9999.0
-9999.0 -9999.0 -9999.0 -9999.0 -9999.0 -9999.0 -9999.0 -9999.0 -9999.0 -9999.0 -9999.0 2341.043817 1890.557523 -18.848887 1186.095829 891.200838 -94.952185 92.170471 103.195220 -368.824425 -210.673068 -209.500301 786.327482 -210.461598 782.114497 39.011193 1488.696764 3157.114188 2361.579006 -720.667769 2353.581197 2364.637242 1550.221942 2416.847698 3017.429629 2997.531623 -299.614749 -3147.659740 -1950.438696 -2390.563210 -2520.755102 -1304.329746 721.719701 -29936.905607 -108.659702 2561.723295 2211.869796 -1222.443075 -1228.811411 -132.266950 -6113.962910 2845.359572 1419.445603 -896.081380 -1186.222782 -443.236395 -415.400016 -9999.0 -9999.0
-9999.0 -9999.0 -9999.0 -9999.0 -9999.0 -9999.0 -9999.0 -9999.0 -9999.0 -9999.0 2982.151971 1525.830720 491.801076 407.688274 -97.146752 -121.010769 -113.614697 -273.772359 -632.294283 -332.581871 108.755034 104.823018 -197.407866 -126.530402 -171.222927 3204.860360 -110.880376 -13578.142530 -22.625098 1007.936705 1326.942786 1594.964084 577.987418 1645.988342 -423.473825 -619.855099 1528.850232 1763.004141 -947.134107 -96.784150 -67.289299 -4097.791851 -336.546153 104.753965 -149.830244 -676.338371 2988.439526 -158.768015 860.655648 -178.089132 -15121.998926 -479.324291 -1022.988812 -188.310634 -384.986410 945.978888 980.544128 -9999.0 -9999.0
-9999.0 -9999.0 -9999.0 -9999.0 -9999.0 -9999.0 -9999.0 -9999.0 -9999.0 3116.447668 2455.817550 1380.266117 1035.880403 175.455316 697.495558 699.931571 -194.884101 80.476345 -442.840277 -640.297441 102.667778 -441.156833 -273.740490 -246.072062 -92.131927 -99.584447 1763.000031 599.006561 -189.105760 125.462768 -129.272541 -69.359701 -363.466230 -424.322896 -591.715822 -600.854015 1865.050922 2055.323409 2426.628384 2123.472764 2215.314917 -213.904275 -188.900203 -218.462878 93.805733 -228.418736 -44.623807 -234.077683 -224.925770 -43.391427 -137.309858 -460.442156 -213.006421 -222.050433 -403.030290 -106.673340 892.451311 -216.759644 -337.420367
-9999.0 -9999.0 -9999.0 -9999.0 -9999.0 -9999.0 -9999.0 -9999.0 -9999.0 -15.148976 1860.841886 2285.217493 4835.794640 -156.739413 -200.210248 160.362235 -106.564545 -5.037249 -471.761678 -371.438102 -271.530260 -440.298608 -136.306500 37.568504 -127.388934 755.973613 -108.361230 -144.067142 -13.135556 33.629452 -73.746742 -86.294162 801.627067 3163.336789 3140.424516 -617.256834 -608.017599 -609.666796 2479.697129 2586.326164 1686.704991 -145.922151 -192.576325 82.034282 -172.658494 -215.869677 -107.974656 -220.029154 -194.460104 -110.894400 -73.406648 -93.061142 -327.011058 2116.413240 -67.510207 2959.075883 -95.026601 2644.045447 -261.646673
-9999.0 -9999.0 -9999.0 -9999.0 -9999.0 -9999.0 -9999.0 -9999.0 -9999.0 -9999.0 3006.501683 2658.584067 1936.067631 2633.514749 -173.433078 -197.405077 -150.777014 -172.672117 -466.821150 -398.184941 99.733551 -348.324685 -195.119703 -185.217011 595.462618 -181.667965 -120.852311 87.472800 -111.071787 4137.264137 120.082374 8268.220558 -68.907389 2413.318439 2568.583701 2143.184291 292.170573 775.966612 -421.943907 2698.318334 3008.808228 893.778220 5585.077596 -182.868038 -170.983199 -205.908938 96.207820 -40.889630 -130.828875 -152.614031 -83.081443 -133.628093 -473.389348 -227.597577 2031.503149 2210.888281 2231.849511 12120.343590 -177.086051
-9999.0 -9999.0 -9999.0 -9999.0 -9999.0 -9999.0 -9999.0 -9999.0 -9999.0 -9999.0 2257.778506 2716.522901 1257.198143 920.031465 94.208137 -359.143920 -314.805098 -486.462906 -504.172846 -783.081090 -824.821507 -455.968401 -268.074990 -212.257345 -194.215116 90.611662 92.499443 264.159803 2429.046797 -78.059589 2953.986674 2831.793256 -7809.609670 3072.777034 3097.202400 2526.972625 4963.671044 1948.354239 -118.095399 3132.101968 3215.851744 -89.912139 2802.022537 2043.578225 840.948797 -65.030683 -173.216619 -172.847450 101.637820 91.291813 -182.099231 -141.600573 1259.470449 -385.464086 -284.218689 -337.815168 3162.074555 -154.982218 172.841851
-9999.0 -9999.0 -9999.0 -9999.0 -9999.0 -9999.0 -9999.0 -9999.0 2820.943271 2298.753238 -22.138960 1793.009285 53.713108 47.005334 27.120829 -22.128309 -548.419282 -446.763267 -502.809382 -938.617932 -945.800436 -589.109350 -518.479786 -420.493143 -196.325784 -55.879651 104.560800 3037.053760 3051.272135 -85.067746 -375.849455 939.584553 2591.073600 3018.386641 3108.908473 2941.274833 -110.594892 1448.519341 -33.226077 -659.714076 -893.938938 1767.638958 -4994.604206 -495.685718 -901.023634 826.515457 -29.361249 845.120682 -126.526098 90.009777 -210.871819 -80.437471 898.816181 -85.202813 -611.978529 -13.702546 -301.866153 -128.658047 -18.538095
-9999.0 -9999.0 -9999.0 -9999.0 -9999.0 -9999.0 -9999.0 -9999.0 -8.090674 926.013664 -110.816805 3045.621225 2570.222800 2443.086603 789.755922 -157.974109 -337.244852 -416.005534 -659.130102 -917.255701 -276.008050 -380.655786 -399.057779 -384.920527 -535.973944 -140.426936 101.646958 965.604978 -11888.299885 3072.909799 2955.661606 -1469.432991 1920.568413 -1365.819044 1803.193917 2414.620667 45.804336 -167.349328 -161.646113 2465.392082 3313.850399 -31.777144 -882.404305 2434.230850 4358.254918 161.999064 -8091.620914 2780.851245 -145.412502 96.189688 84.790570 1549.750980 1954.665794 2709.600611 -24.766586 -14068.377465 -214.050264 -223.311788 87.394259
-9999.0 -9999.0 -9999.0 -9999.0 -9999.0 -9999.0 -9999.0 -9999.0 3237.880477 2519.776108 -75.232862 -107.536814 2300.374519 -7201.617976 370.497005 -181.458931 -379.660709 -361.572873 -796.222540 -384.149051 -920.738137 -551.767430 -436.966226 -790.511503 -384.095220 -285.255104 76.210204 2676.923411 -12043.694691 2722.572976 -2411.784416 1533.124887 2304.555291 -157.267824 1629.219313 -63.025506 -161.973419 89.857190 -110.199894 -134.889426 2527.525950 -1488.701458 2707.137549 2602.126423 2185.516103 2854.523208 -1066.663632 2440.981559 2023.489635 -155.130820 82.263606 -217.293690 -58.346133 -81.862300 -137.862689 854.721301 97.750032 96.962659 101.471702
-9999.0 -9999.0 -9999.0 -9999.0 -9999.0 -9999.0 -9999.0 -9999.0 -897.260314 2793.753307 1066.970264 -12883.946016 2708.295148 1830.679672 -98.929306 32.194466 -465.593277 -705.849865 -291.309112 -911.530821 -845.777571 -829.812300 -544.979296 -843.195886 -638.235904 -266.689915 -211.731738 -123.269641 467.915987 -148.198466 -182.615080 -161.699740 -147.029385 188.368215 -130.042759 -96.799088 -72.109494 -267.253393 92.427577 -175.316299 889.096536 950.674526 2257.111865 -1140.010067 1669.703532 -1025.949593 -21.083408 -1111.520100 1769.362333 -215.095410 -175.797449 82.599709 -181.324510 -152.823905 97.193473 104.889913 109.175257 200.810121 102.688612
-9999.0 -9999.0 -9999.0 -9999.0 -9999.0 -9999.0 -9999.0 -9999.0 2785.474375 3087.348220 5763.693874 -76.212287 -98.656222 3399.893788 419.227483 106.975478 88.264433 -304.012078 -281.822881 -400.986298 -776.145908 -699.825447 -824.721919 -854.250508 -329.912107 -372.090959 799.454437 -189.944179 -102.270559 -164.554950 -197.371517 68.387434 107.483648 10.583257 -70.302777 -67.796206 -121.372834 -297.486197 93.227725 97.100427 -36.396875 -106.379126 -192.698201 -142.555933 -212.831781 -103.001000 -227.284556 -188.508940 -225.042302 -141.329460 -98.450363 -347.103414 -146.821817 -183.008469 241.540187 232.107350 103.058408 103.196220 115.906237
-9999.0 -9999.0 -26.072777 1974.815359 949.746736 1077.436269 315.217990 266.613570 3067.505874 3101.443784 593.777882 929.289240 624.885560 -14.173862 95.507259 83.853915 -176.009039 1487.284003 148.680291 -179.004537 -426.651519 -423.491251 103.116372 -1074.565110 -760.946942 -465.067175 -383.163060 -311.660621 88.895191 102.612982 -217.215154 -29.382527 137.190920 91.184605 91.267533 -296.412350 -215.176912 -358.680181 -185.964675 -206.681749 -135.192761 88.170512 96.517053 94.565318 -112.853019 -85.857799 93.301818 93.338350 83.118331 -193.914936 -291.624113 -434.099090 101.394700 102.111381 103.201643 102.661683 121.923708 105.529743 98.363168
