erum2020/resources/simulation/Vinschgau/output-maps/psiL0007N1097.asc
ncols         63
nrows         48
xllcorner     598000.000000
yllcorner     5145000.000000
cellsize      1000.000000
NODATA_value  -9999.0
[rows 0 to 25 of 48, columns 0 to 57 of 63]
-9999.0 -9999.0 -9999.0 -9999.0 -9999.0 -9999.0 -9999.0 -9999.0 -9999.0 -9999.0 -9999.0 -9999.0 -9999.0 -9999.0 -9999.0 -9999.0 -9999.0 -9999.0 -9999.0 -9999.0 -9999.0 -9999.0 -9999.0 -9999.0 -9999.0 -9999.0 -9999.0 -9999.0 -9999.0 -9999.0 -9999.0 -9999.0 -9999.0 -9999.0 -9999.0 -9999.0 -9999.0 -9999.0 -9999.0 -9999.0 -9999.0 -9999.0 -9999.0 -9999.0 -9999.0 -9999.0 -9999.0 -9999.0 -9999.0 -9999.0 -9999.0 -9999.0 -9999.0 -9999.0 -9999.0 -9999.0 -9999.0 -9999.0
-9999.0 -9999.0 -9999.0 -9999.0 -9999.0 -9999.0 -9999.0 -9999.0 -9999.0 -9999.0 -9999.0 -9999.0 -9999.0 -9999.0 -9999.0 -9999.0 -9999.0 -9999.0 -9999.0 -9999.0 -9999.0 -9999.0 -9999.0 -9999.0 -9999.0 -9999.0 -9999.0 -568.195190 -136.214548 -566.459137 -127.851771 -373.972859 -60.742532 -9999.0 -9999.0 -9999.0 -9999.0 -9999.0 -9999.0 -9999.0 -9999.0 -9999.0 -9999.0 -9999.0 -9999.0 -9999.0 -9999.0 -9999.0 -9999.0 -9999.0 -9999.0 -9999.0 -9999.0 -9999.0 -9999.0 -9999.0 -9999.0 -9999.0
-9999.0 -9999.0 -9999.0 -9999.0 -9999.0 -9999.0 -9999.0 -9999.0 -9999.0 -9999.0 -9999.0 -9999.0 -9999.0 -9999.0 -9999.0 -9999.0 -9999.0 -9999.0 -9999.0 -9999.0 -9999.0 -9999.0 -9999.0 -9999.0 -37.308015 -41.692653 -35.349782 -33.022629 -26.602173 -86.159847 -155.654808 -9999.0 -9999.0 -9999.0 -9999.0 -9999.0 -9999.0 -9999.0 -9999.0 -9999.0 -9999.0 -9999.0 -9999.0 -9999.0 -9999.0 -9999.0 -9999.0 -9999.0 -9999.0 -9999.0 -9999.0 -9999.0 -9999.0 -9999.0 -9999.0 -9999.0 -9999.0 -9999.0
-9999.0 -9999.0 -9999.0 -9999.0 -9999.0 -9999.0 -9999.0 -9999.0 -9999.0 -9999.0 -9999.0 -9999.0 -9999.0 -9999.0 -9999.0 -9999.0 -9999.0 -9999.0 -9999.0 -9999.0 -9999.0 -9999.0 -9999.0 -43.611883 -35.394784 -550.541340 -487.939720 -29802.155031 -25038.865800 -164.815977 -146.747068 -157.845085 -9999.0 -9999.0 -9999.0 -9999.0 -9999.0 -9999.0 -9999.0 -9999.0 -9999.0 -9999.0 -9999.0 -9999.0 -9999.0 -9999.0 -9999.0 -9999.0 -9999.0 -9999.0 -9999.0 -9999.0 -9999.0 -9999.0 -9999.0 -9999.0 -9999.0 -9999.0
-9999.0 -9999.0 -9999.0 -9999.0 -9999.0 -9999.0 -9999.0 -9999.0 -9999.0 -9999.0 -9999.0 -9999.0 -9999.0 -9999.0 -9999.0 -9999.0 -9999.0 -9999.0 -156.857733 -47.998660 -9999.0 -37.531166 -35.139121 -23028.100244 -377.583411 -26484.051501 -189.498645 -150.462325 -59.278246 -346.485493 -130.791524 -127.609947 -565.135539 -563.663006 -9999.0 -9999.0 -9999.0 -9999.0 -9999.0 -9999.0 -9999.0 -9999.0 -9999.0 -9999.0 -9999.0 -9999.0 -9999.0 -9999.0 -9999.0 -9999.0 -9999.0 -9999.0 -9999.0 -9999.0 -9999.0 -9999.0 -9999.0 -9999.0
-9999.0 -9999.0 -9999.0 -9999.0 -9999.0 -9999.0 -9999.0 -9999.0 -9999.0 -9999.0 -9999.0 -9999.0 -9999.0 -9999.0 -9999.0 -9999.0 -9999.0 -957.218275 -2139.484678 -27858.469461 -569.249851 -320.129318 -321.605767 -10947.742109 -205.111075 -304.788736 -308.923809 -218.629997 -302.069905 14.391165 -29.202918 -98.604609 -565.185474 -564.718985 -555.134525 -555.404058 -9999.0 -9999.0 -9999.0 -9999.0 -9999.0 -9999.0 -9999.0 -9999.0 -9999.0 -9999.0 -9999.0 -9999.0 -9999.0 -9999.0 -9999.0 -9999.0 -9999.0 -9999.0 -9999.0 -9999.0 -9999.0 -9999.0
-9999.0 -9999.0 -9999.0 -9999.0 -9999.0 -9999.0 -9999.0 -9999.0 -9999.0 -9999.0 -9999.0 -9999.0 -9999.0 -125.385189 -232.806568 -689.618145 -1086.557369 -591.666106 -931.666999 -24344.685034 -388.570490 -380.791356 -20320.656809 -112.652270 -232.386583 -41.669869 -10123.564786 -6233.709986 -4777.765040 -247.585926 8372.869824 -28.133508 -112.750140 -136.306191 -556.397052 -555.592668 -9999.0 -9999.0 -9999.0 -9999.0 -9999.0 -9999.0 -9999.0 -9999.0 -9999.0 -9999.0 -9999.0 -9999.0 -9999.0 -9999.0 -9999.0 -9999.0 -9999.0 -9999.0 -9999.0 -9999.0 -9999.0 -9999.0
-9999.0 -9999.0 -9999.0 -9999.0 -9999.0 -9999.0 -9999.0 -9999.0 -9999.0 -9999.0 -9999.0 -9999.0 -9999.0 -42.109387 -368.126604 -791.435537 -1004.123410 -364.902775 -591.274967 -671.861365 -140154.811833 -568.682876 -452.669945 -269.598310 -245.148255 -7710.019287 -175.762256 -557.425486 -556.534030 -5329.592125 -168.080433 -166.013732 -556.927533 -557.666791 -556.613187 -9999.0 -9999.0 -9999.0 -9999.0 -9999.0 -9999.0 -9999.0 -9999.0 -9999.0 -9999.0 -9999.0 -9999.0 -9999.0 -9999.0 -9999.0 -9999.0 -9999.0 -9999.0 -9999.0 -9999.0 -9999.0 -9999.0 -9999.0
-9999.0 -9999.0 -9999.0 -9999.0 -9999.0 -9999.0 -9999.0 -9999.0 -9999.0 -9999.0 -9999.0 -9999.0 -9999.0 -487.988346 809.318483 -632.537064 -816.194882 -933.066795 -590.978288 -1011.361824 -64.236684 -19446.382295 -307.708291 -298.220094 -208.580310 -195.755586 -567.587736 -556.592696 -133.468002 -556.507686 -162.354471 -560.474268 -559.017007 -560.467331 -557.269386 -9999.0 -9999.0 -9999.0 -9999.0 -9999.0 -9999.0 -9999.0 -9999.0 -9999.0 -9999.0 -9999.0 -9999.0 -9999.0 -9999.0 -9999.0 -9999.0 -9999.0 -9999.0 -9999.0 -9999.0 -9999.0 -9999.0 -9999.0
-9999.0 -9999.0 -9999.0 -9999.0 -9999.0 -9999.0 -9999.0 -9999.0 -9999.0 -9999.0 -9999.0 -9999.0 -20168.599658 6767.904603 -315.608990 -193.265507 -499.297014 -701.019584 -412.873217 -29232.299474 -376.823244 -283.095708 -9718.851500 -195.002791 3259.291712 -167.669850 -27.119456 -146.300382 -94.821474 -556.995237 -256.078442 -563.485823 -122.011876 -555.810082 -9999.0 -9999.0 -9999.0 -9999.0 -9999.0 -9999.0 -9999.0 -9999.0 -9999.0 -9999.0 -9999.0 -9999.0 -9999.0 -9999.0 -9999.0 -9999.0 -9999.0 -9999.0 -9999.0 -9999.0 -9999.0 -9999.0 -9999.0 -9999.0
-9999.0 -9999.0 -9999.0 -9999.0 -9999.0 -9999.0 -9999.0 -9999.0 -9999.0 -9999.0 -9999.0 -38.615960 -138.432219 563.219351 -251.231841 -46.307781 -30243.341461 -699.714412 -250.654214 -32578.739718 -68950.913075 -185.440916 -108.386088 -143.118921 -5732.707956 -119.216908 -188.650598 -115.668587 2718.211326 -556.799575 -562.859004 -99.519652 -561.911856 -555.223511 -561.682319 -564.798925 -546.037788 -560.306640 -569.496531 -9999.0 -9999.0 -9999.0 -554.705762 -9999.0 -9999.0 -9999.0 -9999.0 -9999.0 -9999.0 -9999.0 -9999.0 -9999.0 -9999.0 -9999.0 -9999.0 -9999.0 -9999.0 -9999.0
-9999.0 -9999.0 -9999.0 -9999.0 -9999.0 -9999.0 -9999.0 -9999.0 -9999.0 -9999.0 -9999.0 -41.559910 -181.266310 -30691.094937 -347.703207 -159.732438 -1179.619358 -6338.050531 -376.259965 -346.447150 -55.144535 -90.772594 -34.689370 -130.667938 -105.530978 -133.437496 -127.550103 -99.186428 -566.535583 -556.318699 -111.408943 -71.330906 -153.626600 -138.160763 -305.927783 -300.720126 -449.687526 -538.354017 -552.543036 -564.249817 -563.459396 -561.843161 -149.781514 -557.740827 -9999.0 -9999.0 -9999.0 618.188594 -156.319524 -563.945745 -133.892816 -562.036095 -561.612822 606.805395 677.401945 -555.863513 -9999.0 -9999.0
-9999.0 -9999.0 -9999.0 -9999.0 -9999.0 -9999.0 -9999.0 -9999.0 -9999.0 -9999.0 -9999.0 -27.978043 -46.938003 -7280.788972 -69.719264 -102.039424 -119.509915 -832.592751 -70.512468 -393.460676 -403.431783 -5848.413276 -148.889920 -31.007568 -141.219303 -566.969925 -139.284347 -14.450200 -557.620054 -153.310558 -556.358355 -2814.862078 -121.116625 -168.293348 -559.785555 -408.047075 -352.565314 -10512.963647 -549.962382 -565.592575 -561.580905 -566.251440 -244.248825 -151.605779 -176.190206 -9999.0 -557.001925 -134.432695 -113.833064 -98.471886 -222.297260 -567.451087 -219.770499 -93.441517 -192.113937 -119.425589 -9999.0 -9999.0
-9999.0 -9999.0 -9999.0 -9999.0 -9999.0 -9999.0 -9999.0 -9999.0 -9999.0 -9999.0 -9999.0 -9999.0 -34.296695 -195.787732 -39.413440 -40.014738 -312.194215 -799.686493 -333.018404 -370.925253 -422.745260 -7440.537815 -6561.322735 -130.182495 -131.197288 -144.502875 -3.299039 -312.930405 -129.467446 -564.840063 -119.296535 -117.325811 -359.313467 -147.358417 -217.000862 -422.902321 -693.245334 -6618.387465 -337.965477 -569.654644 -474.928327 -569.027796 -7038.708536 -35.318756 -565.267773 -137.023952 -562.549636 -139.644170 -5161.904630 -125.549313 -192.935959 -61.965885 1349.069172 -114.878756 -85.535162 -31.749869 -26.439941 -9999.0
-9999.0 -9999.0 -9999.0 -9999.0 -9999.0 -9999.0 -9999.0 -9999.0 -9999.0 -9999.0 -9999.0 -159.185939 -45.084184 -270.655846 -126.696719 -147.214514 -115.584738 -352.228030 -63.025409 -561.439633 -473.941907 -273.548293 -126.652798 -5740.665423 -148.533201 -111.758285 -151.491100 -153.685161 -164.879921 -565.649976 -144.176817 -98.318586 -90.140989 -134.653485 -192.159110 -253.253940 -563.142249 -9451.590715 -1008.386353 -548.624391 -10232.567325 -1589.064937 -278.132300 -10552.073726 -108.881390 -153.307313 -100.738296 -566.500908 -568.040998 -11292.865318 -7905.580794 -155.257443 -100.151910 -6896.344510 -7003.077767 -561.232114 -564.743989 -9999.0
-9999.0 -9999.0 -9999.0 -9999.0 -9999.0 -9999.0 -9999.0 -9999.0 -9999.0 -9999.0 2908.532046 -128.265387 -33.737038 -36.551723 -38.703561 -41.330057 -40.746205 -295.881731 -728.194617 -544.964327 -267.019177 -138.011695 -4062.151054 -37.531824 -146.865713 2843.234601 -3740.585939 -8917.989767 -268.893718 -107.319770 -103.415812 -30.393037 -116.646833 -142.350507 -556.335257 -563.505411 -421.604055 -368.033871 -1860.503373 -219.801696 -4677.621788 -12925.139990 -584.126848 -110.525636 -168.122528 -567.978296 -113.492556 -6476.267385 -126.896736 -130.839981 -8791.275335 -558.844574 -7140.430576 -561.130675 -559.843971 -108.812976 -110.201323 -9999.0
-9999.0 -9999.0 -9999.0 -9999.0 -9999.0 -9999.0 -9999.0 -9999.0 -9999.0 -136.143725 -130.314040 -144.678940 -122.258039 -146.404828 -160.227962 -116.028335 -128.591175 -40.648171 -1091.627370 -617.264872 -308.325356 -498.918986 -7275.706103 -225.283303 -206.059601 -3050.474685 -170.982779 -104.352833 -5244.101095 -140.901363 -119.705634 -123782.012780 -557.553583 -556.626910 -556.842452 -556.811905 -124.632196 -278.136229 -311.095798 -236.842652 -368.383236 -268.457869 -3133.134211 -416.221851 -3503.524971 -5788.690316 -89.867834 -6229.372875 -5441.698938 -190.313270 -8669.931354 -564.451267 -562.382911 -559.185276 -560.989279 -3955.343236 -86.173959 -565.635442
-9999.0 -9999.0 -9999.0 -9999.0 -9999.0 -9999.0 -9999.0 -9999.0 -9999.0 -219.751030 -132.946446 -128.723355 5972.489933 -152.266948 -167.068552 -156.059697 -39.578042 -133.897927 -1553.292891 -426.187731 -378.984298 -163.049649 -124.993191 -48.186840 -2672.184373 -176.371907 -152.477077 -145.206643 -126.903507 45.074702 -316.043692 -5109.282227 -120.945300 -145.726783 -109.744585 -565.044374 -566.942367 -568.146088 -247.670219 -116.388452 -141.794496 -2399.559672 -268.476307 -125.130519 -382.658613 -217.570188 -174.083802 -7379.879737 -6583.494053 -127.346255 -140489.936101 -6732.624050 -557.025999 -150.486753 -559.591081 -102.829744 -3387.468485 -105.378356
-9999.0 -9999.0 -9999.0 -9999.0 -9999.0 -9999.0 -9999.0 -9999.0 -9999.0 -9999.0 -136.342966 -110.567014 -110.743580 1990.056110 -5693.699458 -169.365949 -139.696827 -155.418399 -2451.272640 -522.782083 -344.333244 -26623.572446 -223.114053 -2095.824976 -172.356017 -158.624887 -144.976114 -53.056132 -303.222217 -235.408202 -2937.188743 5331.294739 -3378.873484 -145.225280 -99.013125 -80.299614 -53.573439 -36.689850 -567.484226 -145.455630 -196.780614 -33.956757 5613.228586 -2109.084703 -1594.706857 -233.345476 -2129.562395 -164.049927 -10827.985343 -5162.158398 -150364.398152 -8552.573693 -562.712568 -556.696472 -51.533257 -137.670524 -25.322901 10975.527132
-9999.0 -9999.0 -9999.0 -9999.0 -9999.0 -9999.0 -9999.0 -9999.0 -9999.0 -9999.0 -126.604180 -121.682181 -35.346495 -114.183313 347.053826 -389.449756 -331.425961 -618.116014 -754.882815 -857.871998 -898.864892 -660.239635 -284.708967 -207.199479 -174.202936 -112.496971 22.138674 -249.075317 -286.047737 -2331.703989 -141.744566 -26.955102 -9070.547015 -162.654909 -145.745838 -28.816157 2876.931638 -123.226151 -5893.020071 -157.565900 -119.250081 -570.073270 -103.560605 -140.255011 -156.200431 -76220.720882 -109.239072 -1639.504274 -4795.423976 -654.842669 -20668.218839 -5810.734677 -118.349910 -563.673442 -555.095607 -563.399548 -165.057197 -2911.295400
-9999.0 -9999.0 -9999.0 -9999.0 -9999.0 -9999.0 -9999.0 -9999.0 -29.048725 -119.894502 -346.046282 -26.509488 -59.571713 -107.039381 -331.133133 -303.627426 -1134.575934 -160.024298 -556.259892 -983.726172 -1068.037485 -3702.084456 -1791.535319 -757.714083 -219.008691 -141.898948 -64.914929 -267.487608 -100.271204 -3993.904274 -557.642114 -130.128524 -125.102634 -143.962440 -115.500510 -191.851671 -109.998125 -117.339135 -3940.074644 -567.119562 -560.550159 -27.567748 -8016.970505 -559.011742 -570.537320 -25.178186 -2806.955304 -103.530330 -1810.431679 -74.498154 -314.230186 -144622.210674 -112.011438 -5422.030206 -563.765696 -202.496453 -566.812252 -35.035962
-9999.0 -9999.0 -9999.0 -9999.0 -9999.0 -9999.0 -9999.0 -9999.0 -314.082264 -119.796392 -6789.497015 -149.175644 -138.629484 -25.638376 -293.028103 -235.971713 -453.130990 -664.165925 -152254.732286 -995.724036 -405.968871 -493.263217 -530.688197 -153.038546 -1591.268511 -493.568533 -175.977189 -97.934686 -8372.027696 -123.859317 -128.867789 -567.238030 -104.295733 -567.853348 -25.778760 -31.952327 -72.151531 -105.946574 -4455.714574 -113.519508 -143.579649 -550.392409 -559.005221 -110.425136 2610.761284 -103.020912 -8159.705961 -128.631014 -2211.211414 -235.014941 -107.767906 -109.642784 -337.438233 -104.110393 -228.536341 -9903.099006 -5321.443804 -4935.527513
-9999.0 -9999.0 -9999.0 -9999.0 -9999.0 -9999.0 -9999.0 -9999.0 -141.658391 -13.707691 -380.163223 -5569.131610 -25.712314 -7758.874953 -135.451780 -4366.659502 -432.616182 -366.000466 -6894.370986 -427.879025 -1004.813073 -553.537169 -570.769085 -809.001482 -458.271678 -557.481059 -209.086895 -296.914988 -9167.638000 -113.507587 -567.969663 -27.397655 -127.596495 -8788.758419 -29.564505 -61.570478 -4800.265478 -452.027646 -2800.067795 -4724.994867 -121.760042 -567.981332 -29.776581 -21.870220 -113.541512 -33.004634 -567.106272 -30.886513 -115.474445 -1279.700916 -259.189356 -275.571957 -6676.744343 -5602.167689 -5143.156652 -96.023634 -31.910500 -57.430993
-9999.0 -9999.0 -9999.0 -9999.0 -9999.0 -9999.0 -9999.0 -9999.0 -555.960037 -112.006949 732.724796 -9532.220739 -25.452179 -119.784133 -141196.504927 -242.960848 -92268.585200 -5046.276967 -399.470281 -1020.817281 -931.127014 -850.247682 -536.702982 -628.543232 -725.637380 -348.187746 -239.543367 -4751.112234 -32.521120 -6720.084591 -5735.003311 -5866.849249 -16696.739753 -103.856417 -9776.305681 -157.646113 -121.889775 -618.826520 -1057.420863 -4388.673543 -129.105524 -105.623174 -102.332252 -570.226273 -37.178291 -568.979362 -252.096404 -567.858130 -175.662996 -5524.573495 -216.162111 -223.669588 -243.642909 -163.955692 -66.306136 30.412010 -184.291189 -377.010191
-9999.0 -9999.0 -9999.0 -9999.0 -9999.0 -9999.0 -9999.0 -9999.0 -44.728056 -27.717738 5436.085838 -5280.270254 -5428.392456 -401.146410 -33.403416 -156.544970 -161.400751 -469.221038 -339.585113 -686.102898 -883.255991 -709.041578 -852.311038 -908.063078 -158.280166 -394.005241 -386.116911 -154.176775 -142.929077 -119.212303 -2504.864109 -114.497934 -377.791913 -67.428097 -3651.159614 -4531.057869 -9555.112340 -1832.769036 -34602.817639 -55.966468 -3018.705678 -10837.745727 -4186.182886 -10942.421078 -4967.809578 -112.260598 -4563.365842 -5563.788924 -4960.138193 -4088.421274 -2828.175533 -401.824860 -253.511887 -154.442051 61.190752 382.429352 -139.917447 -283.043474
-9999.0 -9999.0 -310.358445 -31.402089 -23.815949 -150.278955 -94.696668 -120.486150 -26.709105 -26.155182 -104.662385 1013.581192 -365.965010 -88.871147 -18.330301 164.710290 -1560.827932 -253.958855 -122.851608 -257.104528 -732.651694 -717.060359 -392.151161 -1100.652091 -792.192128 -637.237073 -391.139598 -343.205833 -371.164676 -20.283909 -250.831490 -261.516998 -177.900611 -438.567037 -132.342110 -919.774541 -190.969320 -8056.706597 -121778.073571 -28175.444575 -17643.607070 -15190.639273 -18686.908548 -261.084800 -2038.678625 -4115.606883 -73.229430 -264.177111 -6896.060148 -227.657338 -296.507113 -408.878901 -206.472427 -144.645891 -31.023260 -71.628136 -169.185017 -289.627780
