erum2020/resources/simulation/Vinschgau/output-maps/psiL0007N0828.asc
ncols         63
nrows         48
xllcorner     598000.000000
yllcorner     5145000.000000
cellsize      1000.000000
NODATA_value  -9999.0
[rows 0 to 25 of 48, columns 0 to 58 of 63]
-9999.0 -9999.0 -9999.0 -9999.0 -9999.0 -9999.0 -9999.0 -9999.0 -9999.0 -9999.0 -9999.0 -9999.0 -9999.0 -9999.0 -9999.0 -9999.0 -9999.0 -9999.0 -9999.0 -9999.0 -9999.0 -9999.0 -9999.0 -9999.0 -9999.0 -9999.0 -9999.0 -9999.0 -9999.0 -9999.0 -9999.0 -9999.0 -9999.0 -9999.0 -9999.0 -9999.0 -9999.0 -9999.0 -9999.0 -9999.0 -9999.0 -9999.0 -9999.0 -9999.0 -9999.0 -9999.0 -9999.0 -9999.0 -9999.0 -9999.0 -9999.0 -9999.0 -9999.0 -9999.0 -9999.0 -9999.0 -9999.0 -9999.0 -9999.0
-9999.0 -9999.0 -9999.0 -9999.0 -9999.0 -9999.0 -9999.0 -9999.0 -9999.0 -9999.0 -9999.0 -9999.0 -9999.0 -9999.0 -9999.0 -9999.0 -9999.0 -9999.0 -9999.0 -9999.0 -9999.0 -9999.0 -9999.0 -9999.0 -9999.0 -9999.0 -9999.0 -568.195301 -136.214552 -566.459223 -127.851776 -373.972881 -60.742536 -9999.0 -9999.0 -9999.0 -9999.0 -9999.0 -9999.0 -9999.0 -9999.0 -9999.0 -9999.0 -9999.0 -9999.0 -9999.0 -9999.0 -9999.0 -9999.0 -9999.0 -9999.0 -9999.0 -9999.0 -9999.0 -9999.0 -9999.0 -9999.0 -9999.0 -9999.0
-9999.0 -9999.0 -9999.0 -9999.0 -9999.0 -9999.0 -9999.0 -9999.0 -9999.0 -9999.0 -9999.0 -9999.0 -9999.0 -9999.0 -9999.0 -9999.0 -9999.0 -9999.0 -9999.0 -9999.0 -9999.0 -9999.0 -9999.0 -9999.0 -37.316643 -41.703727 -35.356453 -33.026176 -26.602713 -86.159851 -155.654815 -9999.0 -9999.0 -9999.0 -9999.0 -9999.0 -9999.0 -9999.0 -9999.0 -9999.0 -9999.0 -9999.0 -9999.0 -9999.0 -9999.0 -9999.0 -9999.0 -9999.0 -9999.0 -9999.0 -9999.0 -9999.0 -9999.0 -9999.0 -9999.0 -9999.0 -9999.0 -9999.0 -9999.0
-9999.0 -9999.0 -9999.0 -9999.0 -9999.0 -9999.0 -9999.0 -9999.0 -9999.0 -9999.0 -9999.0 -9999.0 -9999.0 -9999.0 -9999.0 -9999.0 -9999.0 -9999.0 -9999.0 -9999.0 -9999.0 -9999.0 -9999.0 -43.624771 -35.331931 -322.169534 -349.800850 -15117.402017 -7883.870192 -164.819904 -146.747075 -157.845092 -9999.0 -9999.0 -9999.0 -9999.0 -9999.0 -9999.0 -9999.0 -9999.0 -9999.0 -9999.0 -9999.0 -9999.0 -9999.0 -9999.0 -9999.0 -9999.0 -9999.0 -9999.0 -9999.0 -9999.0 -9999.0 -9999.0 -9999.0 -9999.0 -9999.0 -9999.0 -9999.0
-9999.0 -9999.0 -9999.0 -9999.0 -9999.0 -9999.0 -9999.0 -9999.0 -9999.0 -9999.0 -9999.0 -9999.0 -9999.0 -9999.0 -9999.0 -9999.0 -9999.0 -9999.0 -23.973928 -48.022180 -9999.0 -37.540043 -35.116149 -12942.926897 -322.807501 -14336.200689 -88.407429 64.921441 267.543448 -322.829390 -130.791539 -127.609952 -565.135652 -563.663158 -9999.0 -9999.0 -9999.0 -9999.0 -9999.0 -9999.0 -9999.0 -9999.0 -9999.0 -9999.0 -9999.0 -9999.0 -9999.0 -9999.0 -9999.0 -9999.0 -9999.0 -9999.0 -9999.0 -9999.0 -9999.0 -9999.0 -9999.0 -9999.0 -9999.0
-9999.0 -9999.0 -9999.0 -9999.0 -9999.0 -9999.0 -9999.0 -9999.0 -9999.0 -9999.0 -9999.0 -9999.0 -9999.0 -9999.0 -9999.0 -9999.0 -9999.0 -696.787238 -488.130200 -14886.743878 -569.230289 -68.566802 -308.058492 -6754.252871 -151.315354 -319.387575 -306.350307 -198.455572 -292.655996 29.713321 -29.204009 -98.604613 -565.185555 -564.719092 -555.134646 -555.404198 -9999.0 -9999.0 -9999.0 -9999.0 -9999.0 -9999.0 -9999.0 -9999.0 -9999.0 -9999.0 -9999.0 -9999.0 -9999.0 -9999.0 -9999.0 -9999.0 -9999.0 -9999.0 -9999.0 -9999.0 -9999.0 -9999.0 -9999.0
-9999.0 -9999.0 -9999.0 -9999.0 -9999.0 -9999.0 -9999.0 -9999.0 -9999.0 -9999.0 -9999.0 -9999.0 -9999.0 -128.155978 -230.476807 -375.071802 -867.572325 -591.792062 -681.662386 -12838.806935 -322.827898 -355.967302 -11309.483051 -108.816404 -279.336678 -41.673258 -10026.795062 -6229.002902 -5014.700654 -236.715152 8377.268328 -28.134246 -112.750146 -136.306197 -556.397140 -555.592812 -9999.0 -9999.0 -9999.0 -9999.0 -9999.0 -9999.0 -9999.0 -9999.0 -9999.0 -9999.0 -9999.0 -9999.0 -9999.0 -9999.0 -9999.0 -9999.0 -9999.0 -9999.0 -9999.0 -9999.0 -9999.0 -9999.0 -9999.0
-9999.0 -9999.0 -9999.0 -9999.0 -9999.0 -9999.0 -9999.0 -9999.0 -9999.0 -9999.0 -9999.0 -9999.0 -9999.0 -22.281755 -275.941709 -413.774673 -713.860440 -71.926752 -591.383793 -451.163707 -57348.992657 -581.994506 -322.158414 -272.559833 -234.104767 -5674.074171 -175.762262 -557.425581 -556.534139 -5327.539490 -168.081166 -166.013739 -556.927644 -557.666874 -556.613312 -9999.0 -9999.0 -9999.0 -9999.0 -9999.0 -9999.0 -9999.0 -9999.0 -9999.0 -9999.0 -9999.0 -9999.0 -9999.0 -9999.0 -9999.0 -9999.0 -9999.0 -9999.0 -9999.0 -9999.0 -9999.0 -9999.0 -9999.0 -9999.0
-9999.0 -9999.0 -9999.0 -9999.0 -9999.0 -9999.0 -9999.0 -9999.0 -9999.0 -9999.0 -9999.0 -9999.0 -9999.0 -336.850266 527.913648 -298.871503 -460.561730 -632.256083 -591.044849 -766.962617 -25.368329 -11963.340153 -295.095158 -290.828074 -207.619203 -183.475746 -567.563761 -556.592807 -133.468008 -556.507760 -162.354478 -560.474350 -559.017095 -560.467384 -557.269536 -9999.0 -9999.0 -9999.0 -9999.0 -9999.0 -9999.0 -9999.0 -9999.0 -9999.0 -9999.0 -9999.0 -9999.0 -9999.0 -9999.0 -9999.0 -9999.0 -9999.0 -9999.0 -9999.0 -9999.0 -9999.0 -9999.0 -9999.0 -9999.0
-9999.0 -9999.0 -9999.0 -9999.0 -9999.0 -9999.0 -9999.0 -9999.0 -9999.0 -9999.0 -9999.0 -9999.0 -9492.806536 6476.675185 -241.920587 -181.925375 -162.938815 -363.765938 -153.896428 -14079.101624 -320.166537 -263.369521 -11236.867657 -186.923130 2930.037526 -167.670061 -27.119624 -146.300389 -94.821479 -556.995342 -256.078454 -563.485941 -122.011881 -555.810242 -9999.0 -9999.0 -9999.0 -9999.0 -9999.0 -9999.0 -9999.0 -9999.0 -9999.0 -9999.0 -9999.0 -9999.0 -9999.0 -9999.0 -9999.0 -9999.0 -9999.0 -9999.0 -9999.0 -9999.0 -9999.0 -9999.0 -9999.0 -9999.0 -9999.0
-9999.0 -9999.0 -9999.0 -9999.0 -9999.0 -9999.0 -9999.0 -9999.0 -9999.0 -9999.0 -9999.0 -38.294923 -123.569473 643.086157 -196.187267 -18.032798 -13618.086827 -308.395086 372.617267 -14826.331677 -10345.705579 -10.520904 -108.612362 -143.119019 -5629.277354 -119.216911 -188.650607 -115.668591 2718.210760 -556.799712 -562.859125 -99.519657 -561.911948 -555.223645 -561.682439 -564.799033 -546.037853 -560.306701 -569.496584 -9999.0 -9999.0 -9999.0 -554.705896 -9999.0 -9999.0 -9999.0 -9999.0 -9999.0 -9999.0 -9999.0 -9999.0 -9999.0 -9999.0 -9999.0 -9999.0 -9999.0 -9999.0 -9999.0 -9999.0
-9999.0 -9999.0 -9999.0 -9999.0 -9999.0 -9999.0 -9999.0 -9999.0 -9999.0 -9999.0 -9999.0 -41.564100 -144.809334 -3079.717709 -204.722864 -167.123499 -299.070760 -577.206739 -107.253130 24.189013 -17.271591 -92.927250 -34.694464 -130.672006 -105.533465 -133.437501 -127.550108 -99.186431 -566.535665 -556.318832 -111.408948 -71.330909 -153.626607 -138.160769 -305.927805 -300.720140 -449.687538 -538.354042 -552.543097 -564.249948 -563.459527 -561.843299 -149.781519 -557.740940 -9999.0 -9999.0 -9999.0 617.988437 -156.319532 -563.945843 -133.892821 -562.036222 -561.612951 606.591065 677.313773 -555.863649 -9999.0 -9999.0 -9999.0
-9999.0 -9999.0 -9999.0 -9999.0 -9999.0 -9999.0 -9999.0 -9999.0 -9999.0 -9999.0 -9999.0 -27.979044 -46.885110 -3685.585952 -11.590153 -108.081073 -107.671406 -306.523262 -26.451632 -103.226616 -83.060332 -4698.207084 -151.163063 -31.009703 -141.219308 -566.970033 -140.103740 -14.450199 -557.620160 -153.310566 -556.358463 -2814.862486 -121.116629 -168.293356 -559.785663 -408.047093 -352.577548 -10512.970015 -551.340894 -565.592685 -561.580953 -566.251525 -244.248832 -151.605784 -176.190214 -9999.0 -557.002079 -134.432701 -113.833068 -98.471889 -222.297271 -567.451164 -219.770507 -93.441521 -192.113943 -119.425593 -9999.0 -9999.0 -9999.0
-9999.0 -9999.0 -9999.0 -9999.0 -9999.0 -9999.0 -9999.0 -9999.0 -9999.0 -9999.0 -9999.0 -9999.0 -34.290172 -192.360383 -28.889409 -24.963890 -268.431234 -370.268388 54.615860 -44.083564 -304.846102 -5103.718810 -6323.234298 -132.208847 -131.200815 -145.614080 -3.299120 -312.930418 -129.467452 -564.840178 -119.296540 -117.328504 -359.313480 -147.358422 -217.000870 -422.902344 -693.375291 -7990.670170 -355.620029 -569.654707 -475.040066 -569.003856 -7038.711803 -35.324919 -565.267884 -137.023958 -562.549761 -139.644176 -5161.904571 -125.551569 -174.175327 -61.968004 1348.549413 -114.881694 -85.537612 -31.752696 -26.440593 -9999.0 -9999.0
-9999.0 -9999.0 -9999.0 -9999.0 -9999.0 -9999.0 -9999.0 -9999.0 -9999.0 -9999.0 -9999.0 -163.259700 -45.096296 -283.550326 -128.228483 -131.372449 -108.145391 -251.231773 -16.942554 -233.228990 -307.025693 -303.304602 -111.894002 -5740.329650 -150.888702 -111.899573 -157.006219 -153.685207 -164.879928 -565.650106 -144.362043 -98.320932 -90.140992 -134.653489 -192.159120 -253.253949 -563.142314 -9486.352813 -978.734309 -557.993180 -10142.448216 -1368.865819 -279.879902 -10470.795171 -110.466625 -153.307319 -100.738300 -566.504289 -568.017600 -10094.455273 -7915.363856 -155.257449 -100.155855 -6896.353651 -7003.088387 -561.232171 -564.744103 -9999.0 -9999.0
-9999.0 -9999.0 -9999.0 -9999.0 -9999.0 -9999.0 -9999.0 -9999.0 -9999.0 -9999.0 2629.617862 -130.211797 -33.740803 -36.558283 -31.508804 -34.873763 -36.888745 -292.227496 -415.477362 -206.964060 184.561671 326.100790 -4054.156924 -36.010920 -133.422528 2554.470998 -3741.017405 -8917.998371 -268.893727 -107.348518 -103.433369 -30.393880 -116.646835 -142.350513 -556.335404 -563.505521 -421.604071 -368.046000 -1855.750837 -250.356248 -4054.635465 -11014.659979 -584.264205 358.858981 -162.252911 -567.980750 -113.492560 -6475.446988 -126.914173 -123.784098 -8791.646320 -558.844689 -7140.441993 -561.130736 -559.844046 -108.812981 -110.201328 -9999.0 -9999.0
-9999.0 -9999.0 -9999.0 -9999.0 -9999.0 -9999.0 -9999.0 -9999.0 -9999.0 -136.143730 -130.678578 -145.299012 -122.647099 -147.577048 -166.018607 -117.000042 -122.885208 -15.891926 -436.302735 -410.281911 54.192251 -414.449540 -4196.833183 -224.378232 0.000000 -3050.474836 -170.987412 -104.467543 -6033.015275 -134.341921 -116.880504 -123782.385732 -557.553690 -556.626967 -556.842585 -556.812014 -124.632201 -278.144686 -311.145220 -240.940307 -367.629584 -262.024044 -3129.406891 -320.142495 -2453.964292 -5118.808919 -90.313052 -6217.917245 -5447.369624 4.652687 -8669.937941 -564.451381 -562.382978 -559.185417 -560.989397 -3955.345246 -86.177669 -565.635552 -563.733053
-9999.0 -9999.0 -9999.0 -9999.0 -9999.0 -9999.0 -9999.0 -9999.0 -9999.0 -219.751041 -132.946452 -128.723467 6027.768346 -148.584161 -163.317397 -157.241485 -30.194164 -132.216359 -466.379377 -165.263655 -96.863973 -159.085945 29.366192 -20.413966 -2672.181330 -177.113204 -153.165133 -137.957091 -141.995077 -17.529348 -323.261989 -5109.282665 -120.945304 -145.726790 -109.744588 -565.044486 -566.942478 -568.150508 -247.670230 -116.388696 -144.802748 -2399.594521 -271.675379 -157.826142 -96.532348 -44.904851 -229.428645 -5959.073847 -5488.596617 -126.722980 -140490.417753 -6732.628274 -557.026127 -150.486760 -559.591164 -102.828024 -3387.469796 -105.382101 -567.681185
-9999.0 -9999.0 -9999.0 -9999.0 -9999.0 -9999.0 -9999.0 -9999.0 -9999.0 -9999.0 -136.342971 -110.567020 -109.191005 1787.940889 -4825.760915 -162.611866 -134.113895 -156.330575 -472.698508 -206.367546 0.000000 -5719.782787 -254.721502 -2151.387106 -175.159631 -148.520596 -149.361841 -114.513269 -309.864138 -235.410681 -2937.188875 5331.887174 -3378.874401 -145.225286 -99.013128 -80.299617 -53.618594 -36.693610 -567.484355 -145.455636 -196.780706 -33.961107 5589.301748 -2040.780919 -1758.530920 -238.897602 -1684.960410 56.038916 -5312.650729 -4622.387301 -150364.953929 -8552.575463 -562.712687 -556.696592 -51.543309 -137.670529 -25.323266 10975.526616 -4730.929506
-9999.0 -9999.0 -9999.0 -9999.0 -9999.0 -9999.0 -9999.0 -9999.0 -9999.0 -9999.0 -126.604184 -121.682185 -35.352118 -113.279891 233.567215 -367.380398 -337.638100 -313.000472 -342.178904 -640.043543 -608.517742 -439.037722 -330.584255 -203.571709 -162.036618 -143.893950 338.189029 -262.818464 -286.051203 -2331.704386 -141.744572 -26.955690 -9070.553153 -162.654917 -145.745843 -28.817068 2877.005897 -125.142884 -5893.021903 -157.565907 -119.250085 -570.073349 -103.563442 -140.255035 -161.039249 -74349.216836 -98.424560 -1818.322110 -1624.666236 -2303.685070 -4808.089103 -5810.737075 -118.352626 -563.673548 -555.095730 -563.399670 -165.057204 -2916.830219 -182.668015
-9999.0 -9999.0 -9999.0 -9999.0 -9999.0 -9999.0 -9999.0 -9999.0 -29.050091 -119.894507 -346.046303 -26.510010 -59.573874 -107.033113 -327.489473 -21.292478 -508.613092 -155.438187 -287.003478 -809.184671 -777.939050 -574.955680 -511.486300 -430.088442 -226.636864 18.373522 139.481646 -267.490434 -100.273614 -3993.905639 -557.642186 -130.128529 -125.102639 -143.962446 -115.500513 -191.851679 -111.837900 -118.809643 -3940.074911 -567.119677 -560.551840 -27.568357 -8016.978460 -559.011851 -570.515777 -25.178697 -2806.957419 -104.646522 -1977.747996 326.804191 -310.400295 -144744.325780 -112.014901 -5422.032829 -563.765815 -202.496460 -566.813331 -34.863960 -3189.176066
-9999.0 -9999.0 -9999.0 -9999.0 -9999.0 -9999.0 -9999.0 -9999.0 -314.082268 -119.799068 -6789.501207 -149.175651 -138.629489 -25.638666 -293.027230 -249.726898 -338.177552 -396.401789 -53552.469941 -797.726395 -118.799826 -199.244783 -221.518949 -147.859581 -511.497357 -128.190892 202.356713 -98.954143 -8372.040404 -123.859322 -128.867795 -567.238141 -104.295737 -567.853459 -25.779176 -31.955057 -72.512579 -103.123366 -4569.731565 -113.519510 -143.579654 -550.392455 -559.005327 -110.425138 2610.757450 -103.655675 -8159.713308 -128.631023 -2450.728733 -213.719801 -217.945170 -109.514092 -337.453001 -104.110398 -228.536349 -9903.115723 -5333.290458 -4736.321855 -2523.201037
-9999.0 -9999.0 -9999.0 -9999.0 -9999.0 -9999.0 -9999.0 -9999.0 -141.658396 -13.707699 -380.163234 -5569.134343 -25.712720 -7758.895206 -137.196466 -4365.749429 -399.070109 -316.708900 -735.296593 -180.488722 -808.260707 -312.421879 -248.263360 -503.865736 -195.077365 -331.177946 -223.328448 -296.918623 -9167.641627 -113.507592 -567.969796 -27.398366 -127.599918 -8788.762455 -29.565911 -61.673710 -3405.467274 -1373.979088 -2502.065701 -4724.814330 -121.760046 -567.987488 -29.778087 -21.870261 -113.559640 -33.007905 -567.106384 -30.888504 -115.477941 -1750.132641 6.138976 -305.933201 -6676.759794 -5602.309827 -5143.933377 -97.027950 -74.171531 -81.849655 -252.290836
-9999.0 -9999.0 -9999.0 -9999.0 -9999.0 -9999.0 -9999.0 -9999.0 -555.960149 -112.006951 731.977528 -9532.228091 -25.452545 -119.928791 -141100.322013 -259.326152 -15919.416552 -663.324886 -138.457556 -759.731860 -707.559111 -645.029095 -303.661179 -509.515453 -422.849795 -303.131194 -249.278983 -4751.112635 -32.524247 -6719.282401 -5747.518355 -5857.805341 -10898.712243 -104.829413 -9343.237652 -161.296778 -130.853624 -309.103864 -1328.122577 -4204.813794 -129.113953 -105.682313 -102.341561 -570.194204 -37.185980 -568.982619 -252.096412 -567.866766 -175.663003 -5524.942443 -235.540702 -256.301275 -293.496437 -161.776571 -76.287283 -56.270976 -211.616634 402.153678 -28.457898
-9999.0 -9999.0 -9999.0 -9999.0 -9999.0 -9999.0 -9999.0 -9999.0 -44.738178 -27.718544 5435.875768 -5280.270732 -5427.454617 -400.757911 -17.508533 353.441975 323.290865 -324.492668 -293.391310 -388.494739 -540.844036 -515.554658 -651.538120 -705.300422 -155.143096 -376.279467 -386.123132 -142.971897 -146.401586 -116.391757 -2503.347519 -109.586350 -2179.683171 -85.251972 -3319.434986 -3311.263704 -3763.056553 -344.692706 -2745.392191 -68.070298 -3061.848332 -11101.911915 -3877.524949 -11183.511807 -4974.197430 -113.956100 -5239.851362 -5537.102593 -5469.513577 -4415.277682 -3672.842392 -364.627020 -283.480032 -186.961562 128.102924 453.277784 373.511849 283.071014 216.772369
-9999.0 -9999.0 -310.358458 -31.404488 -23.816006 -150.516415 -94.699112 -120.488913 -26.709810 -26.155699 -104.795541 213.171070 -364.831559 -78.562095 51.309078 306.174254 -2063.386032 -253.961625 -123.473203 -256.326999 -415.251449 -295.854148 200.723098 -919.861175 -619.874515 -443.558406 -384.691214 -343.344000 -289.541957 -2.383649 -292.476793 -249.599422 345.274660 -274.898766 -110.004737 -336.180087 -137.784715 -432.409507 -4948.722014 -3292.684291 -4749.466611 -3758.891129 -2381.869504 -253.769828 -2172.825447 -3692.011499 -103.459342 -19.384461 -3501.368749 -222.104840 -258.603741 -203.499149 198.689317 372.055782 376.643147 378.085155 370.980392 115.033212 -210.079442
