erum2020/resources/simulation/Vinschgau/output-maps/psiL0004N0153.asc
ncols         63
nrows         48
xllcorner     598000.000000
yllcorner     5145000.000000
cellsize      1000.000000
NODATA_value  -9999.0
[rows 0 to 25 of 48, columns 0 to 57 of 63]
-9999.0 -9999.0 -9999.0 -9999.0 -9999.0 -9999.0 -9999.0 -9999.0 -9999.0 -9999.0 -9999.0 -9999.0 -9999.0 -9999.0 -9999.0 -9999.0 -9999.0 -9999.0 -9999.0 -9999.0 -9999.0 -9999.0 -9999.0 -9999.0 -9999.0 -9999.0 -9999.0 -9999.0 -9999.0 -9999.0 -9999.0 -9999.0 -9999.0 -9999.0 -9999.0 -9999.0 -9999.0 -9999.0 -9999.0 -9999.0 -9999.0 -9999.0 -9999.0 -9999.0 -9999.0 -9999.0 -9999.0 -9999.0 -9999.0 -9999.0 -9999.0 -9999.0 -9999.0 -9999.0 -9999.0 -9999.0 -9999.0 -9999.0
-9999.0 -9999.0 -9999.0 -9999.0 -9999.0 -9999.0 -9999.0 -9999.0 -9999.0 -9999.0 -9999.0 -9999.0 -9999.0 -9999.0 -9999.0 -9999.0 -9999.0 -9999.0 -9999.0 -9999.0 -9999.0 -9999.0 -9999.0 -9999.0 -9999.0 -9999.0 -9999.0 -945.093428 -628.343409 -951.844741 -673.959849 -1444.135930 -1469.157098 -9999.0 -9999.0 -9999.0 -9999.0 -9999.0 -9999.0 -9999.0 -9999.0 -9999.0 -9999.0 -9999.0 -9999.0 -9999.0 -9999.0 -9999.0 -9999.0 -9999.0 -9999.0 -9999.0 -9999.0 -9999.0 -9999.0 -9999.0 -9999.0 -9999.0
-9999.0 -9999.0 -9999.0 -9999.0 -9999.0 -9999.0 -9999.0 -9999.0 -9999.0 -9999.0 -9999.0 -9999.0 -9999.0 -9999.0 -9999.0 -9999.0 -9999.0 -9999.0 -9999.0 -9999.0 -9999.0 -9999.0 -9999.0 -9999.0 -238.640570 -539.604563 -761.290104 -705.775394 -735.877210 -600.937751 -582.731529 -9999.0 -9999.0 -9999.0 -9999.0 -9999.0 -9999.0 -9999.0 -9999.0 -9999.0 -9999.0 -9999.0 -9999.0 -9999.0 -9999.0 -9999.0 -9999.0 -9999.0 -9999.0 -9999.0 -9999.0 -9999.0 -9999.0 -9999.0 -9999.0 -9999.0 -9999.0 -9999.0
-9999.0 -9999.0 -9999.0 -9999.0 -9999.0 -9999.0 -9999.0 -9999.0 -9999.0 -9999.0 -9999.0 -9999.0 -9999.0 -9999.0 -9999.0 -9999.0 -9999.0 -9999.0 -9999.0 -9999.0 -9999.0 -9999.0 -9999.0 -622.773003 -298.495310 -114.826898 1173.546588 1282.854269 821.374401 -755.425507 -724.176470 -377.150661 -9999.0 -9999.0 -9999.0 -9999.0 -9999.0 -9999.0 -9999.0 -9999.0 -9999.0 -9999.0 -9999.0 -9999.0 -9999.0 -9999.0 -9999.0 -9999.0 -9999.0 -9999.0 -9999.0 -9999.0 -9999.0 -9999.0 -9999.0 -9999.0 -9999.0 -9999.0
-9999.0 -9999.0 -9999.0 -9999.0 -9999.0 -9999.0 -9999.0 -9999.0 -9999.0 -9999.0 -9999.0 -9999.0 -9999.0 -9999.0 -9999.0 -9999.0 -9999.0 -9999.0 1015.348260 -181.681807 -9999.0 -561.169562 -385.897701 1197.497228 1370.155575 1209.718584 -264.561665 -326.107694 1227.249437 -196.382103 -1007.824440 -632.066275 -955.213554 -951.654719 -9999.0 -9999.0 -9999.0 -9999.0 -9999.0 -9999.0 -9999.0 -9999.0 -9999.0 -9999.0 -9999.0 -9999.0 -9999.0 -9999.0 -9999.0 -9999.0 -9999.0 -9999.0 -9999.0 -9999.0 -9999.0 -9999.0 -9999.0 -9999.0
-9999.0 -9999.0 -9999.0 -9999.0 -9999.0 -9999.0 -9999.0 -9999.0 -9999.0 -9999.0 -9999.0 -9999.0 -9999.0 -9999.0 -9999.0 -9999.0 -9999.0 -176.402657 789.279266 -2387.594928 -966.808393 -407.483423 -188.557075 685.432262 1056.171058 -242.582944 -620.004121 -426.618298 -696.788502 -354.667676 -167.328744 -965.169499 -984.724584 -964.538574 -948.201542 -951.451916 -9999.0 -9999.0 -9999.0 -9999.0 -9999.0 -9999.0 -9999.0 -9999.0 -9999.0 -9999.0 -9999.0 -9999.0 -9999.0 -9999.0 -9999.0 -9999.0 -9999.0 -9999.0 -9999.0 -9999.0 -9999.0 -9999.0
-9999.0 -9999.0 -9999.0 -9999.0 -9999.0 -9999.0 -9999.0 -9999.0 -9999.0 -9999.0 -9999.0 -9999.0 -9999.0 -584.521197 -97.179349 -210.067695 -213.832890 -282.778726 -180.840673 1495.805046 1133.467372 1139.416533 1346.162038 1374.153403 -235.555010 -569.639859 -1036.506504 -598.658435 -626.083866 -447.072947 -537.480981 -612.907277 -556.725997 -692.833403 -952.229408 -951.558384 -9999.0 -9999.0 -9999.0 -9999.0 -9999.0 -9999.0 -9999.0 -9999.0 -9999.0 -9999.0 -9999.0 -9999.0 -9999.0 -9999.0 -9999.0 -9999.0 -9999.0 -9999.0 -9999.0 -9999.0 -9999.0 -9999.0
-9999.0 -9999.0 -9999.0 -9999.0 -9999.0 -9999.0 -9999.0 -9999.0 -9999.0 -9999.0 -9999.0 -9999.0 -9999.0 -475.508941 1267.673037 -208.783511 -209.169015 902.304456 -279.783722 -205.191852 1204.997529 609.863521 -76.819365 -92.553057 -215.112156 -607.245924 -558.329933 -952.061666 -951.607955 -680.952186 -565.642188 -686.365076 -951.916918 -952.140689 -952.164540 -9999.0 -9999.0 -9999.0 -9999.0 -9999.0 -9999.0 -9999.0 -9999.0 -9999.0 -9999.0 -9999.0 -9999.0 -9999.0 -9999.0 -9999.0 -9999.0 -9999.0 -9999.0 -9999.0 -9999.0 -9999.0 -9999.0 -9999.0
-9999.0 -9999.0 -9999.0 -9999.0 -9999.0 -9999.0 -9999.0 -9999.0 -9999.0 -9999.0 -9999.0 -9999.0 -9999.0 -210.921608 1426.279761 -140.707151 -213.364175 -213.308009 -272.808366 -183.519678 -187.961329 -1548.539597 -125.898968 -685.470181 -528.106400 -507.739258 -945.293333 -951.647225 -815.743941 -951.709459 -684.330027 -952.274272 -951.746890 -951.090099 -951.325538 -9999.0 -9999.0 -9999.0 -9999.0 -9999.0 -9999.0 -9999.0 -9999.0 -9999.0 -9999.0 -9999.0 -9999.0 -9999.0 -9999.0 -9999.0 -9999.0 -9999.0 -9999.0 -9999.0 -9999.0 -9999.0 -9999.0 -9999.0
-9999.0 -9999.0 -9999.0 -9999.0 -9999.0 -9999.0 -9999.0 -9999.0 -9999.0 -9999.0 -9999.0 -9999.0 -205.726266 1412.411579 1359.540960 -788.526973 -148.874756 -212.097733 1148.509540 -1086.203994 -241.423160 -508.334526 -1658.344773 -498.429034 -791.923541 -672.579507 -531.646488 -389.300646 -693.427714 -951.767333 -680.341793 -951.701446 -676.335237 -951.197559 -9999.0 -9999.0 -9999.0 -9999.0 -9999.0 -9999.0 -9999.0 -9999.0 -9999.0 -9999.0 -9999.0 -9999.0 -9999.0 -9999.0 -9999.0 -9999.0 -9999.0 -9999.0 -9999.0 -9999.0 -9999.0 -9999.0 -9999.0 -9999.0
-9999.0 -9999.0 -9999.0 -9999.0 -9999.0 -9999.0 -9999.0 -9999.0 -9999.0 -9999.0 -9999.0 -404.465293 -262.009415 -105.507840 -452.647170 -490.461034 -1185.264726 -213.996785 -162.463873 -935.141807 844.597210 -218.767006 -454.828381 -689.215847 -654.155949 -545.915015 -673.523447 -502.525723 -373.512653 -952.112816 -948.247644 -633.763946 -950.990745 -951.811181 -962.007470 -982.129116 -559.188171 -246.583952 -393.889496 -9999.0 -9999.0 -9999.0 -950.573432 -9999.0 -9999.0 -9999.0 -9999.0 -9999.0 -9999.0 -9999.0 -9999.0 -9999.0 -9999.0 -9999.0 -9999.0 -9999.0 -9999.0 -9999.0
-9999.0 -9999.0 -9999.0 -9999.0 -9999.0 -9999.0 -9999.0 -9999.0 -9999.0 -9999.0 -9999.0 -495.447873 -572.182111 1210.944699 -253.336432 -746.532288 -227.283599 -206.776548 -175.285464 -187.028861 1366.048979 1512.428668 -277.077268 -577.517224 -616.333990 -671.870812 -539.447260 -924.060573 -939.425282 -951.905610 -1018.026412 -671.966098 -572.698829 -437.335962 -555.721489 -611.617433 -235.517378 -701.981764 -584.447218 -1049.420580 -1033.457072 -967.075403 -443.484967 -949.749527 -9999.0 -9999.0 -9999.0 -204.872944 -361.877738 -948.746855 -378.247579 -946.952094 -944.931729 -198.885621 -210.216202 -935.954018 -9999.0 -9999.0
-9999.0 -9999.0 -9999.0 -9999.0 -9999.0 -9999.0 -9999.0 -9999.0 -9999.0 -9999.0 -9999.0 -647.813960 -565.864053 -620.621501 -501.901047 -638.339948 -219.821831 -188.101032 1204.997324 -191.760152 -205.757211 -184.588007 -463.675517 -558.537311 -662.332028 -953.692021 -383.459415 -683.964177 -952.465761 -687.190528 -952.477785 -636.945170 -705.678867 -459.766487 -960.501884 -258.779111 -776.219668 -1492.817160 -222.484621 -1082.377469 -240.012050 -543.879993 -288.685422 -588.276782 -388.545811 -9999.0 -950.799400 -471.718422 -847.011031 -177.658105 -290.874502 -908.950832 1612.107403 733.483245 602.405452 1466.687324 -9999.0 -9999.0
-9999.0 -9999.0 -9999.0 -9999.0 -9999.0 -9999.0 -9999.0 -9999.0 -9999.0 -9999.0 -9999.0 -9999.0 -570.612893 -611.000523 -251.497137 -751.143461 -251.659074 -214.580652 -171.680897 -187.744417 -198.621003 -214.009664 1175.940182 -303.068765 -574.933314 -382.550977 1328.560723 -1598.280845 -669.319942 -946.891401 -624.822465 -620.688931 -1095.767368 -496.054886 -563.094557 -497.863186 -580.721696 -943.349498 -565.117325 -1059.243265 -210.935746 -1017.406786 -220.476022 -109.085273 -952.750896 -647.749381 -947.774429 -400.296106 -644.436151 -431.921781 -218.734323 -445.824312 -175.749298 -280.582885 -611.906030 -650.842361 -216.312960 -9999.0
-9999.0 -9999.0 -9999.0 -9999.0 -9999.0 -9999.0 -9999.0 -9999.0 -9999.0 -9999.0 -9999.0 -379.908844 -557.167720 -1642.043518 -281.189190 -260.183489 -201.355382 -239.247810 1459.684864 -136.607865 -207.989293 1385.926711 -170.777360 -336.361364 -441.540676 949.451927 -659.289131 -655.943447 -677.829817 -950.770538 -367.341371 -309.403121 -223.193784 -407.225499 -655.105659 -462.474249 -504.892277 -525.485630 -357.803656 -573.837471 -493.031382 -82.456236 -129.511256 -464537.810755 1248.517506 -481.367446 -916.671082 -956.520892 -947.390774 -966.716597 -894.792102 -629.812514 -628.064228 -900.878869 -952.022385 -950.560423 -938.099794 -9999.0
-9999.0 -9999.0 -9999.0 -9999.0 -9999.0 -9999.0 -9999.0 -9999.0 -9999.0 -9999.0 -399.016070 -331.530167 -629.617566 -570.641545 -216.560894 -104.280721 -266.621149 -177.577003 -206.876792 -223.505761 1245.150384 -193.567788 -226.895017 1158.551094 -207.763220 -200.156009 -638.505021 -907.169469 -229.142208 1534.351817 -202.669958 -583.118590 -364.090511 -706.036182 -951.736274 -948.146147 -510.416371 -533.854325 -529.774962 -332.966619 -209.855394 -431.491512 -538.146408 -185.556672 -211.170655 -952.263334 -876.366990 -307.382179 -181.233026 -193.207177 -943.979013 -950.732904 -951.436386 -950.243700 -950.618798 235.564869 1226.340828 -9999.0
-9999.0 -9999.0 -9999.0 -9999.0 -9999.0 -9999.0 -9999.0 -9999.0 -9999.0 -587.545837 -410.873607 -663.308896 -116.813057 -394.446660 -232.387438 -635.965788 -633.326777 -141.127522 -101.839366 -161.813461 -185.653032 -207.617890 1116.970126 -130.532869 -145.022272 -596.733593 -419.609694 1321.894663 1071.613735 926.145484 -214.554704 -1458.790386 -952.362089 -951.845122 -951.774137 -952.331271 -590.700516 -605.735365 -616.161962 -642.363565 -156.966057 -622.062198 -654.813180 -129.871080 77.484831 902.455354 1174.493300 -275.005219 -513.554486 -132.816532 -1085.376614 -937.401788 -950.397453 -950.511749 -940.830597 -676.101837 -161.702723 -108.936514
-9999.0 -9999.0 -9999.0 -9999.0 -9999.0 -9999.0 -9999.0 -9999.0 -9999.0 -917.061755 -573.208361 -589.272236 1343.353528 -206.051212 -213.033454 -355.754967 -50.686184 -224.418234 -182.234628 -187.675781 -187.450242 1210.144096 604.128215 -187.101416 -668.930846 -503.729047 -143.206393 818.438990 1237.710327 -222.205309 -585.840135 -603.088407 -668.177136 -444.508347 -599.848681 -967.549757 -961.918914 -966.834819 -675.428029 -572.260319 -627.342576 -622.048094 -273.392667 -159.111769 20003.323747 -170.861318 830.246293 1206.032995 1243.332495 -144.467321 -1385.974740 -653.507358 -950.544238 -631.381239 -950.945417 -657.882026 -136.979726 -181.618392
-9999.0 -9999.0 -9999.0 -9999.0 -9999.0 -9999.0 -9999.0 -9999.0 -9999.0 -9999.0 -498.516604 -495.778061 -273.108771 -214.030307 -205.683425 -243.445401 -220.282974 1387.905449 -215.315834 -229.825743 -190.356192 1047.441674 -208.592751 1001.467926 -520.533866 763.327918 1258.262817 1160.707989 -688.820852 -546.202087 -579.461942 -667.642314 -625.390340 -671.503633 -891.074566 -220.441278 -276.766668 -409.972703 -945.682537 -675.524915 -685.572718 -598.187829 -572.454836 -712.476329 -620.077283 -203.608963 908.468813 -134.449043 4909.136996 1093.070743 -1341.381600 -1433.720367 -941.467234 -950.499974 -655.585830 -637.434012 -569.773020 1450.703379
-9999.0 -9999.0 -9999.0 -9999.0 -9999.0 -9999.0 -9999.0 -9999.0 -9999.0 -9999.0 -597.874271 -575.842670 -473.847029 -213.806449 1278.862594 983.649128 -199.406102 -172.039432 6866.512122 -211.826230 -217.698628 -136.225097 -165.036972 -232.388435 -207.604441 1097.569802 -177.138021 -110.111749 -616.697224 -597.962341 -636.270366 -316.549070 -941.146017 -655.538742 -653.630423 -646.907475 -297.335062 -357.897639 -614.173737 -647.186590 -438.442789 -944.215003 -623.650478 -639.833301 -634.150784 -1300.118655 -373.817337 -647.029687 6230.916620 912.638635 1014.717989 -572.496620 -533.687872 -939.077500 -937.147520 -942.669830 -660.828241 982.900668
-9999.0 -9999.0 -9999.0 -9999.0 -9999.0 -9999.0 -9999.0 -9999.0 -287.722778 -422.939732 -1293.308961 -445.899745 -626.681095 -522.712648 -210.157596 800.527923 893.800036 1070.534967 -150.268462 -140.956892 -140.323830 -191.407992 -218.050629 -131.777596 1243.490399 2825.962229 992.477900 -656.114140 -640.616784 -594.253860 -951.814677 -657.070342 -664.807826 -500.268912 -426.867660 -641.456180 -425.543153 -284.149664 -644.657960 -942.054076 -951.936610 -636.035821 -892.708552 -951.325535 -952.537996 -468.402676 -608.396144 -323.345106 954.616359 1029.947847 1566.236942 -70.482861 -352.651418 -670.426260 -929.940449 1413.944792 -101.796775 1045.964589
-9999.0 -9999.0 -9999.0 -9999.0 -9999.0 -9999.0 -9999.0 -9999.0 -917.430487 -219.185330 -735.250929 -591.578312 -555.687051 -281.105107 -680.612042 -183.690741 1052.202329 840.961404 12940.383369 -103.685528 -205.325971 -182.625743 -224.003618 -47.485177 -174.944454 -101.450173 -166.354559 -166.824263 -879.229838 -399.552745 -483.457415 -955.369947 -367.894265 -945.063735 -244.077830 -579.743786 -271.355856 -265.355407 -711.628455 -681.974016 -626.107971 -886.152910 -951.130421 -836.047889 -261.947317 -615.643846 -893.186261 -681.452408 -587.923952 688.247579 914.501323 480.926656 -509.887779 1351.514606 -233.221667 -1019.772097 -48.035685 1261.492857
-9999.0 -9999.0 -9999.0 -9999.0 -9999.0 -9999.0 -9999.0 -9999.0 -597.342364 -886.021574 1037.600401 -652.902021 -785.960429 -909.840625 -211.110465 -291.465733 -178.343853 1059.331915 5081.542790 -157.948413 2202.478794 -183.791611 -191.853387 -176.445360 -147.833170 -210.647574 924.424290 -444.711652 -953.201306 -756.384035 -954.756379 -245.214208 -607.509364 -1177.100238 -649.154823 1271.368446 -608.956951 944.801618 -663.700257 -683.570136 -343.651457 -940.781855 -247.480050 -490.233658 -636.173575 -634.951316 -946.049614 -217.155351 -612.083794 884.195765 19125.853966 1265.367855 -548.275894 -596.266221 1338.635665 1259.120474 890.776933 2087.380529
-9999.0 -9999.0 -9999.0 -9999.0 -9999.0 -9999.0 -9999.0 -9999.0 -951.745770 -860.919565 -153.207575 -1138.762069 -207.355108 -171.788106 -133.357834 911.007052 5652.482488 9881.477568 -222.218122 8453.584317 -115.742207 13651.840728 16652.391840 -146.952739 -197.452044 1257.217353 -193.782926 -287.391073 1089.815048 1178.241468 -398.073487 -555.464452 529.528856 -163.227817 -1517.837831 -360.817674 -301.793252 1510.785127 -639.822139 -649.341586 -596.662588 -641.491594 -308.469040 -942.651269 -387.398029 -951.389275 -128.373464 -879.848213 -113.313429 -763.174866 862.013661 12871.736794 3560.955418 1441.468710 3004.381694 3163.844848 3867.217501 -115.701432
-9999.0 -9999.0 -9999.0 -9999.0 -9999.0 -9999.0 -9999.0 -9999.0 -815.433331 -561.951007 -213.971847 1035.984462 1295.099148 903.005910 1353.393209 -205.676503 -200.909529 -202.511573 1241.125700 -185.525028 -137.958441 15830.418457 16683.375145 -110.646025 1488.851853 1524.152508 -327.849817 -184.567436 733.670663 1123.778855 -181.676620 1239.538123 1546.657511 -43.991125 -877.596250 -744.975230 -215.187694 1421.294911 589.665671 -609.087568 -692.081650 -1275.155657 -168.409322 -583.544855 -671.408544 -193.501889 -662.268377 1471.023153 756.450229 1460.747810 980.184892 744.309551 11235.546511 4260.255983 4324.657751 4258.410945 6982.802870 6156.076012
-9999.0 -9999.0 -1802.689885 -712.350885 -696.572491 -592.841430 -215.402465 -716.136943 -829.354102 -240.097879 -451.825011 -110.988603 889.621030 1491.105177 1359.140077 -178.097750 821.469929 -718.714095 -443.538470 1063.702991 -173.476642 8038.398743 16946.975290 11253.726582 -199.948577 981.468106 1246.168374 1423.944913 957.542985 1313.362389 906.503387 1246.141963 1479.512122 883.870107 1272.065228 912.774255 1141.145686 1157.797102 1129.386788 1508.415319 1435.391641 1161.712894 764.664672 1023.305510 768.022930 1091.532066 1374.669399 950.660656 892.109294 6702.147770 7085.090165 6759.004808 7319.829107 9718.662308 10502.588324 11834.257511 7726.864959 3898.334010
