erum2020/resources/simulation/Vinschgau/output-maps/psiL0003N0789.asc
ncols         63
nrows         48
xllcorner     598000.000000
yllcorner     5145000.000000
cellsize      1000.000000
NODATA_value  -9999.0
[rows 0 to 24 of 48, columns 0 to 57 of 63]
-9999.0 -9999.0 -9999.0 -9999.0 -9999.0 -9999.0 -9999.0 -9999.0 -9999.0 -9999.0 -9999.0 -9999.0 -9999.0 -9999.0 -9999.0 -9999.0 -9999.0 -9999.0 -9999.0 -9999.0 -9999.0 -9999.0 -9999.0 -9999.0 -9999.0 -9999.0 -9999.0 -9999.0 -9999.0 -9999.0 -9999.0 -9999.0 -9999.0 -9999.0 -9999.0 -9999.0 -9999.0 -9999.0 -9999.0 -9999.0 -9999.0 -9999.0 -9999.0 -9999.0 -9999.0 -9999.0 -9999.0 -9999.0 -9999.0 -9999.0 -9999.0 -9999.0 -9999.0 -9999.0 -9999.0 -9999.0 -9999.0 -9999.0
-9999.0 -9999.0 -9999.0 -9999.0 -9999.0 -9999.0 -9999.0 -9999.0 -9999.0 -9999.0 -9999.0 -9999.0 -9999.0 -9999.0 -9999.0 -9999.0 -9999.0 -9999.0 -9999.0 -9999.0 -9999.0 -9999.0 -9999.0 -9999.0 -9999.0 -9999.0 -9999.0 11343.710835 121709.135632 85912.018637 117581.210963 111291.033010 111291.869582 -9999.0 -9999.0 -9999.0 -9999.0 -9999.0 -9999.0 -9999.0 -9999.0 -9999.0 -9999.0 -9999.0 -9999.0 -9999.0 -9999.0 -9999.0 -9999.0 -9999.0 -9999.0 -9999.0 -9999.0 -9999.0 -9999.0 -9999.0 -9999.0 -9999.0
-9999.0 -9999.0 -9999.0 -9999.0 -9999.0 -9999.0 -9999.0 -9999.0 -9999.0 -9999.0 -9999.0 -9999.0 -9999.0 -9999.0 -9999.0 -9999.0 -9999.0 -9999.0 -9999.0 -9999.0 -9999.0 -9999.0 -9999.0 -9999.0 115647.615672 102895.745255 93041.575570 105200.752620 103290.606136 102793.222247 113676.984467 -9999.0 -9999.0 -9999.0 -9999.0 -9999.0 -9999.0 -9999.0 -9999.0 -9999.0 -9999.0 -9999.0 -9999.0 -9999.0 -9999.0 -9999.0 -9999.0 -9999.0 -9999.0 -9999.0 -9999.0 -9999.0 -9999.0 -9999.0 -9999.0 -9999.0 -9999.0 -9999.0
-9999.0 -9999.0 -9999.0 -9999.0 -9999.0 -9999.0 -9999.0 -9999.0 -9999.0 -9999.0 -9999.0 -9999.0 -9999.0 -9999.0 -9999.0 -9999.0 -9999.0 -9999.0 -9999.0 -9999.0 -9999.0 -9999.0 -9999.0 102770.159546 70783.972919 -698.323104 -536.134150 -890.405872 -160.706713 96789.457521 117067.056874 107026.371295 -9999.0 -9999.0 -9999.0 -9999.0 -9999.0 -9999.0 -9999.0 -9999.0 -9999.0 -9999.0 -9999.0 -9999.0 -9999.0 -9999.0 -9999.0 -9999.0 -9999.0 -9999.0 -9999.0 -9999.0 -9999.0 -9999.0 -9999.0 -9999.0 -9999.0 -9999.0
-9999.0 -9999.0 -9999.0 -9999.0 -9999.0 -9999.0 -9999.0 -9999.0 -9999.0 -9999.0 -9999.0 -9999.0 -9999.0 -9999.0 -9999.0 -9999.0 -9999.0 -9999.0 -268.465498 79944.182857 -9999.0 100046.528055 75628.212490 -670.228526 -465.597699 -1244.247078 -369.495806 -180.206174 25.493506 2117.880415 114183.121539 112878.215531 287.678283 4899.652119 -9999.0 -9999.0 -9999.0 -9999.0 -9999.0 -9999.0 -9999.0 -9999.0 -9999.0 -9999.0 -9999.0 -9999.0 -9999.0 -9999.0 -9999.0 -9999.0 -9999.0 -9999.0 -9999.0 -9999.0 -9999.0 -9999.0 -9999.0 -9999.0
-9999.0 -9999.0 -9999.0 -9999.0 -9999.0 -9999.0 -9999.0 -9999.0 -9999.0 -9999.0 -9999.0 -9999.0 -9999.0 -9999.0 -9999.0 -9999.0 -9999.0 -1560.103600 -710.415321 -127.841789 -37.065342 25136.586335 5220.068131 -294.519914 -458.418912 719.431054 100103.114771 71172.272474 100565.314923 -94.263384 -114.068096 -138.572011 -87.424338 -132.143678 -125.959415 -102.891015 -9999.0 -9999.0 -9999.0 -9999.0 -9999.0 -9999.0 -9999.0 -9999.0 -9999.0 -9999.0 -9999.0 -9999.0 -9999.0 -9999.0 -9999.0 -9999.0 -9999.0 -9999.0 -9999.0 -9999.0 -9999.0 -9999.0
-9999.0 -9999.0 -9999.0 -9999.0 -9999.0 -9999.0 -9999.0 -9999.0 -9999.0 -9999.0 -9999.0 -9999.0 -9999.0 47333.533108 -364.156083 -834.951960 -1824.088327 -414.871270 -1476.660926 -767.034335 -480.246511 -531.577927 -561.069171 -409.846983 2585.248076 88646.802298 -126.879063 53131.370981 82603.216639 34859.098985 24554.829512 89905.261689 85252.439648 84257.923536 76408.905677 -33.001323 -9999.0 -9999.0 -9999.0 -9999.0 -9999.0 -9999.0 -9999.0 -9999.0 -9999.0 -9999.0 -9999.0 -9999.0 -9999.0 -9999.0 -9999.0 -9999.0 -9999.0 -9999.0 -9999.0 -9999.0 -9999.0 -9999.0
-9999.0 -9999.0 -9999.0 -9999.0 -9999.0 -9999.0 -9999.0 -9999.0 -9999.0 -9999.0 -9999.0 -9999.0 -9999.0 8495.438996 -459.043704 -967.025840 -1583.140310 -349.935792 -512.663067 -763.444880 -1209.687149 -383.575854 -435.281858 -335.080256 948.356494 50630.553727 115764.944352 59853.290255 16925.778273 105059.775435 105087.935848 87579.967683 28900.471225 -56.001415 -42.738149 -9999.0 -9999.0 -9999.0 -9999.0 -9999.0 -9999.0 -9999.0 -9999.0 -9999.0 -9999.0 -9999.0 -9999.0 -9999.0 -9999.0 -9999.0 -9999.0 -9999.0 -9999.0 -9999.0 -9999.0 -9999.0 -9999.0 -9999.0
-9999.0 -9999.0 -9999.0 -9999.0 -9999.0 -9999.0 -9999.0 -9999.0 -9999.0 -9999.0 -9999.0 -9999.0 -9999.0 -542.424370 682.203190 -676.563966 -1080.877750 -1449.041136 -2491.778120 -1498.643700 -277.875887 -108.187331 720.864863 55166.556296 -82.632492 5109.274877 -52.812057 8076.062626 115865.443814 -54.668933 40538.694140 -33.046598 -62.706488 -36.266346 -39.292585 -9999.0 -9999.0 -9999.0 -9999.0 -9999.0 -9999.0 -9999.0 -9999.0 -9999.0 -9999.0 -9999.0 -9999.0 -9999.0 -9999.0 -9999.0 -9999.0 -9999.0 -9999.0 -9999.0 -9999.0 -9999.0 -9999.0 -9999.0
-9999.0 -9999.0 -9999.0 -9999.0 -9999.0 -9999.0 -9999.0 -9999.0 -9999.0 -9999.0 -9999.0 -9999.0 -513.892102 6550.810458 -396.963999 -287.860305 -438.990276 -801.137621 -463.508986 -131.050118 -486.278479 35748.547656 73929.668405 74421.000843 62499.688620 128605.161275 59134.578496 125301.224144 120987.888623 75462.757181 1179.954282 -23.603385 27684.281857 2771.089552 -9999.0 -9999.0 -9999.0 -9999.0 -9999.0 -9999.0 -9999.0 -9999.0 -9999.0 -9999.0 -9999.0 -9999.0 -9999.0 -9999.0 -9999.0 -9999.0 -9999.0 -9999.0 -9999.0 -9999.0 -9999.0 -9999.0 -9999.0 -9999.0
-9999.0 -9999.0 -9999.0 -9999.0 -9999.0 -9999.0 -9999.0 -9999.0 -9999.0 -9999.0 -9999.0 69329.474313 29.343931 341.345842 -342.061869 710.842981 -84.992436 -662.912582 27.689238 5.135586 -617.628789 -243.701959 106697.641773 127321.219889 366.810155 126575.589009 16584.978464 95834.166956 98992.864595 24803.173032 9634.858401 38707.568777 18984.868446 -9.352587 -31.410997 -2.040356 113330.215683 88031.912592 76336.315348 -9999.0 -9999.0 -9999.0 -72.784167 -9999.0 -9999.0 -9999.0 -9999.0 -9999.0 -9999.0 -9999.0 -9999.0 -9999.0 -9999.0 -9999.0 -9999.0 -9999.0 -9999.0 -9999.0
-9999.0 -9999.0 -9999.0 -9999.0 -9999.0 -9999.0 -9999.0 -9999.0 -9999.0 -9999.0 -9999.0 82939.341707 -205.538421 34.259275 -395.479287 44126.602900 -542.567069 -886.555484 -401.327071 -212.574298 -163.916928 11158.743781 97411.001879 115001.631098 115703.571785 105219.713584 124532.080118 123208.939347 113600.890983 18692.064888 68436.839217 65119.153370 118803.538941 111061.043690 107328.847724 116261.095135 104483.816123 -310.323541 19738.915811 962.879461 2622.192884 8527.497669 67602.919122 17076.610458 -9999.0 -9999.0 -9999.0 92754.257392 98537.834484 46992.142873 105320.035853 19371.162285 19548.792702 96380.181237 98067.508837 42086.057994 -9999.0 -9999.0
-9999.0 -9999.0 -9999.0 -9999.0 -9999.0 -9999.0 -9999.0 -9999.0 -9999.0 -9999.0 -9999.0 41329.102873 71370.030021 78691.752126 1351.948586 4018.265584 22.183784 -416.551805 -299.612205 -406.821384 -334.391877 4575.080376 117118.226647 109506.964803 110286.578094 14381.390512 106295.573107 106892.225141 20998.261756 105984.423556 29872.411164 105418.550071 67591.479192 111070.852859 15961.860468 49129.445512 106646.019286 -504.418878 -748.665332 -66.407302 104720.389793 115026.707371 114156.070706 123704.744499 110707.741702 -9999.0 8388.247249 79549.160639 86049.331405 87078.405953 87358.683432 66404.998779 91332.235778 95152.633423 94455.764354 86115.415767 -9999.0 -9999.0
-9999.0 -9999.0 -9999.0 -9999.0 -9999.0 -9999.0 -9999.0 -9999.0 -9999.0 -9999.0 -9999.0 -9999.0 88677.626060 99339.068268 17119.065064 10380.915084 -341.343435 -555.415592 28.218586 -311.190123 -395.722705 2081.120803 -140.254783 64957.165404 121982.291905 124573.942835 -34.151385 89055.726371 81083.122690 12084.279619 111550.321378 124300.050092 117379.937196 105476.813141 99523.580076 111333.178608 81332.833030 -1235.367883 -1991.006151 -569.215606 -208.063096 -31.522722 81446.676342 102725.503160 8467.591981 96831.751263 9478.392607 92731.868459 76324.838299 77718.565311 70452.812323 56652.492916 57453.323794 56290.656402 56223.621533 92575.731805 93503.383503 -9999.0
-9999.0 -9999.0 -9999.0 -9999.0 -9999.0 -9999.0 -9999.0 -9999.0 -9999.0 -9999.0 -9999.0 86232.340289 124712.488826 89516.645023 86430.817062 50954.232974 549.917328 -308.011709 -124.401624 -575.938338 -410.249628 1060.216307 19578.156355 110440.336618 123664.637023 114519.883237 122891.419779 117730.805567 117463.783888 29403.418015 121523.899772 117300.666796 49316.567764 106080.399688 100529.658135 109772.664063 123050.464899 -1028.992869 -2720.262431 -1192.115364 -767.192925 -841.271725 37290.923452 -244.355213 73721.522788 124732.253919 122537.144243 25334.461831 34451.908486 61619.887280 -6.971662 121768.417831 31307.750365 -32.889602 -38.475747 -32.870597 -27.772950 -9999.0
-9999.0 -9999.0 -9999.0 -9999.0 -9999.0 -9999.0 -9999.0 -9999.0 -9999.0 -9999.0 13185.492873 64134.591000 91883.176725 86418.351720 36946.391872 65227.794794 64919.165363 318.455189 -949.196295 -534.027681 30.901476 31.524765 141432.377378 51466.459735 35705.483920 24474.700828 106961.526197 -121.545585 118429.595586 114494.753305 40290.356134 42634.555497 116837.372094 103944.046631 18394.489514 15966.342873 121824.151324 52315.965585 -230.807095 543.673328 438.116914 -102.800542 -32.891132 30.848226 107504.796927 15531.130643 102223.401908 106387.783442 106799.694828 41975.902685 -115.116784 20334.926264 -30.749959 -23.323962 -32.843541 34007.503815 33858.319779 -9999.0
-9999.0 -9999.0 -9999.0 -9999.0 -9999.0 -9999.0 -9999.0 -9999.0 -9999.0 101852.449924 103042.806434 19068.291178 18688.267962 106705.417808 96695.155100 97614.372230 89761.735755 337.123988 -666.356853 -1010.003689 -128.658272 -620.060029 -281.695282 -264.507643 790.439339 172851.955603 120091.508267 96509.108221 126557.258995 110317.693094 1402.967927 130991.051262 19741.832821 -32.311805 7613.405271 10276.499575 39099.993769 131226.186891 104815.931153 107751.808365 109590.032161 131235.877954 142396.081581 -395.559789 -203.741980 64138.228439 26074.930559 100157.584278 100607.342226 172.656374 9169.086288 111.472618 -30.295858 18620.935559 12687.429528 707.426161 1820.423496 16941.625011
-9999.0 -9999.0 -9999.0 -9999.0 -9999.0 -9999.0 -9999.0 -9999.0 -9999.0 35771.011051 35640.750704 91644.620174 21042.507208 18637.740059 83008.460846 104664.759466 38237.684083 -115.656829 -722.641891 -502.853868 -407.984192 -568.936002 -266.120759 5677.302060 173736.993649 114993.193219 98686.690576 35464.744441 213.807188 4275.926618 60422.175500 91440.918698 58032.616127 105197.452727 110036.271025 7661.737480 14821.868655 21245.725149 128562.319772 128222.814290 69453.872246 118877.333598 95292.682757 58.298323 -341.452078 -303.466454 -236.643959 217.497913 21693.636503 888.249741 160270.783558 103551.235210 21045.705418 80309.643923 75882.674266 103583.129029 103550.112386 103588.346180
-9999.0 -9999.0 -9999.0 -9999.0 -9999.0 -9999.0 -9999.0 -9999.0 -9999.0 -9999.0 118453.571435 115887.888319 112898.652684 98195.611877 5421.360263 72918.768443 21886.643219 -306.972367 -737.886508 -544.621531 -247.169959 -563.601106 2378.594091 150629.108236 108881.390165 62031.942188 1112.756038 20.074332 77019.953393 150967.149426 148366.587939 153075.057747 105320.007499 87525.974881 85782.931512 83924.386545 86954.642676 93350.700263 17388.027890 89545.798586 126916.710041 115892.138864 69146.088379 97707.772286 910.162470 480.928340 -212.147198 -192.787365 -254.482647 1116.961334 116199.977861 104477.859645 5191.068169 508.463635 63139.118991 72130.184775 72519.053838 115557.164549
-9999.0 -9999.0 -9999.0 -9999.0 -9999.0 -9999.0 -9999.0 -9999.0 -9999.0 -9999.0 76904.592320 92625.047625 114210.170958 39433.014947 24.897836 -377.789090 181.696799 -690.497841 -783.921471 -1192.884287 -1401.236837 -656.822357 13107.113588 79797.848406 61772.251408 -94.146015 25.432000 1351.657465 110558.214889 115290.060396 97984.427708 99126.779761 50041.457611 109626.617982 125083.964824 124064.903512 115016.934647 111724.110014 117596.081159 118562.523399 125029.956745 118766.884274 117639.046041 128774.956037 118588.365103 161542.643396 95445.069825 882.455471 26.561220 25.138679 25292.144196 53975.338266 56227.229440 57860.892158 15307.503231 13531.498260 107717.052484 118062.699304
-9999.0 -9999.0 -9999.0 -9999.0 -9999.0 -9999.0 -9999.0 -9999.0 124950.717326 123928.974630 114094.246932 119271.966437 117441.158683 117441.385095 122818.813644 -257.452715 -801.224762 -581.002012 -670.257230 -1617.254978 -1754.236047 -941.562919 -797.413406 -613.555613 82.594309 -228.720653 -3.061840 128383.642217 113902.433140 106696.457385 -29.965214 47410.312759 88686.071089 114752.642168 114841.399506 130721.080136 56671.730691 108457.212771 170405.325917 18889.618846 17892.853249 44508.632438 51757.140447 23485.825389 -15.773818 34141.586832 169130.304994 132742.882752 391.254876 24.668702 5323.430643 21528.876121 44428.969411 68554.708310 12947.344501 98653.029594 13785.940420 69776.093283
-9999.0 -9999.0 -9999.0 -9999.0 -9999.0 -9999.0 -9999.0 -9999.0 -9.564124 -42.307698 100685.287650 115153.204326 124724.659559 101170.249080 156911.344028 331.452737 -515.008682 -611.964320 -1170.988032 -1596.674407 -426.711842 -527.337209 -542.187807 -519.274350 -815.847754 -352.033717 29.513613 37978.391923 -41.608782 105422.688310 104634.928176 -12.086299 41405.226257 1297.705226 54483.614923 109946.676856 56680.462796 33113.272162 101060.220438 117535.970787 114778.216140 1274.775406 5923.361373 108967.639327 110837.154153 96462.126929 -13.502882 115833.087365 112235.927064 25.135971 23.393953 69528.599667 93516.089496 106209.801220 116960.114252 -85.731121 106217.705556 51394.915227
-9999.0 -9999.0 -9999.0 -9999.0 -9999.0 -9999.0 -9999.0 -9999.0 116835.120117 119362.148622 94287.968912 111425.509972 120323.163092 -11.472406 111438.301478 152265.749016 -383.905150 -489.261618 -1408.683626 -524.832781 -1633.142511 -744.311818 -594.643359 -1223.924084 -512.876279 -475.874799 -138.531056 167183.540052 -111.459645 88464.067251 -25.555678 41080.564269 89202.435267 108008.761641 75413.659072 59885.698534 99851.039447 24.455132 79531.254702 88023.012303 91202.179450 -9.977295 99689.758761 101109.714390 82440.161731 100669.571954 1979.749801 128288.815817 122790.959452 1371.980021 -170.458167 7939.019739 146414.941191 166050.343004 118113.056944 108000.246324 29.947982 29.776002
-9999.0 -9999.0 -9999.0 -9999.0 -9999.0 -9999.0 -9999.0 -9999.0 22802.277564 112580.036103 178.698746 -96.096706 112325.815866 69809.538085 136428.867661 56.079832 -729.106984 -1186.056216 -409.830691 -1671.555658 -1378.023046 -1367.491659 -722.646692 -1295.270690 -944.141532 -414.953913 79867.431443 169744.998999 92823.724853 154831.587536 131636.530318 125201.171782 112328.065932 95702.759938 131551.673953 57165.816424 -191.297071 -454.288740 23.933921 102059.202281 110960.539885 112280.095673 113808.599011 -36.533437 118766.679631 16164.969601 120603.907374 18841.473064 114611.818968 105678.031285 1053.268764 -138.679455 2111.114496 72744.005077 1287.389073 36.168912 36.902880 100.951690
-9999.0 -9999.0 -9999.0 -9999.0 -9999.0 -9999.0 -9999.0 -9999.0 110498.204637 127999.816269 3515.671965 167969.408342 168019.850327 168523.973153 3844.323294 32.342483 24.181647 -464.411477 -424.111806 -595.941392 -1316.948785 -1015.192285 -1289.527781 -1312.440677 -444.434788 -338.398532 158792.613799 63651.873184 2076.222660 -155.891988 123578.693575 31529.573504 37.274522 863.457884 568.963896 -251.511980 -284.646989 -512.037641 -349.174901 27.388774 272.725269 750.720045 1993.947424 12043.794105 108042.466014 71087.346694 111340.077879 101799.906648 84872.250634 1691.314511 -230.119385 -481.353774 -278.324955 -268.990027 143.799252 132.223818 28.286000 28.289397
