erum2020/resources/simulation/Vinschgau/output-maps/psiL0002N1033.asc
ncols         63
nrows         48
xllcorner     598000.000000
yllcorner     5145000.000000
cellsize      1000.000000
NODATA_value  -9999.0
[rows 0 to 24 of 48, columns 0 to 56 of 63]
-9999.0 -9999.0 -9999.0 -9999.0 -9999.0 -9999.0 -9999.0 -9999.0 -9999.0 -9999.0 -9999.0 -9999.0 -9999.0 -9999.0 -9999.0 -9999.0 -9999.0 -9999.0 -9999.0 -9999.0 -9999.0 -9999.0 -9999.0 -9999.0 -9999.0 -9999.0 -9999.0 -9999.0 -9999.0 -9999.0 -9999.0 -9999.0 -9999.0 -9999.0 -9999.0 -9999.0 -9999.0 -9999.0 -9999.0 -9999.0 -9999.0 -9999.0 -9999.0 -9999.0 -9999.0 -9999.0 -9999.0 -9999.0 -9999.0 -9999.0 -9999.0 -9999.0 -9999.0 -9999.0 -9999.0 -9999.0 -9999.0
-9999.0 -9999.0 -9999.0 -9999.0 -9999.0 -9999.0 -9999.0 -9999.0 -9999.0 -9999.0 -9999.0 -9999.0 -9999.0 -9999.0 -9999.0 -9999.0 -9999.0 -9999.0 -9999.0 -9999.0 -9999.0 -9999.0 -9999.0 -9999.0 -9999.0 -9999.0 -9999.0 218.443510 1242105.106057 379173.548131 1308739.592936 1400819.188526 1268802.429657 -9999.0 -9999.0 -9999.0 -9999.0 -9999.0 -9999.0 -9999.0 -9999.0 -9999.0 -9999.0 -9999.0 -9999.0 -9999.0 -9999.0 -9999.0 -9999.0 -9999.0 -9999.0 -9999.0 -9999.0 -9999.0 -9999.0 -9999.0 -9999.0
-9999.0 -9999.0 -9999.0 -9999.0 -9999.0 -9999.0 -9999.0 -9999.0 -9999.0 -9999.0 -9999.0 -9999.0 -9999.0 -9999.0 -9999.0 -9999.0 -9999.0 -9999.0 -9999.0 -9999.0 -9999.0 -9999.0 -9999.0 -9999.0 363058.206291 116774.593688 486247.227040 263358.796797 945244.831545 1250656.517214 1455543.036945 -9999.0 -9999.0 -9999.0 -9999.0 -9999.0 -9999.0 -9999.0 -9999.0 -9999.0 -9999.0 -9999.0 -9999.0 -9999.0 -9999.0 -9999.0 -9999.0 -9999.0 -9999.0 -9999.0 -9999.0 -9999.0 -9999.0 -9999.0 -9999.0 -9999.0 -9999.0
-9999.0 -9999.0 -9999.0 -9999.0 -9999.0 -9999.0 -9999.0 -9999.0 -9999.0 -9999.0 -9999.0 -9999.0 -9999.0 -9999.0 -9999.0 -9999.0 -9999.0 -9999.0 -9999.0 -9999.0 -9999.0 -9999.0 -9999.0 24466.686976 9954.288060 -877.610562 -1110.066283 -2415.829512 -505.720875 50742.563712 1445449.381360 1386819.652223 -9999.0 -9999.0 -9999.0 -9999.0 -9999.0 -9999.0 -9999.0 -9999.0 -9999.0 -9999.0 -9999.0 -9999.0 -9999.0 -9999.0 -9999.0 -9999.0 -9999.0 -9999.0 -9999.0 -9999.0 -9999.0 -9999.0 -9999.0 -9999.0 -9999.0
-9999.0 -9999.0 -9999.0 -9999.0 -9999.0 -9999.0 -9999.0 -9999.0 -9999.0 -9999.0 -9999.0 -9999.0 -9999.0 -9999.0 -9999.0 -9999.0 -9999.0 -9999.0 -410.449022 7402.970686 -9999.0 378.563506 4798.427080 -947.578962 -790.143227 -2647.746907 -458.546416 -366.776820 -191.416479 1013.179030 652024.381876 1430362.260770 490087.377713 381.533226 -9999.0 -9999.0 -9999.0 -9999.0 -9999.0 -9999.0 -9999.0 -9999.0 -9999.0 -9999.0 -9999.0 -9999.0 -9999.0 -9999.0 -9999.0 -9999.0 -9999.0 -9999.0 -9999.0 -9999.0 -9999.0 -9999.0 -9999.0
-9999.0 -9999.0 -9999.0 -9999.0 -9999.0 -9999.0 -9999.0 -9999.0 -9999.0 -9999.0 -9999.0 -9999.0 -9999.0 -9999.0 -9999.0 -9999.0 -9999.0 -2888.127168 -2713.916640 -322.948457 -15.036799 286677.774716 2096.521978 121.302233 -469.523060 320.247397 2106102.274595 9478.971026 1895633.407338 61.334203 687.205039 138211.685961 -1.241136 22476.579786 338562.759572 343408.573914 -9999.0 -9999.0 -9999.0 -9999.0 -9999.0 -9999.0 -9999.0 -9999.0 -9999.0 -9999.0 -9999.0 -9999.0 -9999.0 -9999.0 -9999.0 -9999.0 -9999.0 -9999.0 -9999.0 -9999.0 -9999.0
-9999.0 -9999.0 -9999.0 -9999.0 -9999.0 -9999.0 -9999.0 -9999.0 -9999.0 -9999.0 -9999.0 -9999.0 -9999.0 28.590749 -432.465198 -2273.207665 -2865.075489 -6726.515194 -2847.840702 -2710.953592 -950.126915 -612.381063 -765.835180 -444.648997 3513.159074 6947.315327 575855.638999 1320065.586616 1552546.007615 116650.620341 1328493.099129 1209385.423630 1173086.939357 1386936.217624 1191787.101617 413754.121648 -9999.0 -9999.0 -9999.0 -9999.0 -9999.0 -9999.0 -9999.0 -9999.0 -9999.0 -9999.0 -9999.0 -9999.0 -9999.0 -9999.0 -9999.0 -9999.0 -9999.0 -9999.0 -9999.0 -9999.0 -9999.0
-9999.0 -9999.0 -9999.0 -9999.0 -9999.0 -9999.0 -9999.0 -9999.0 -9999.0 -9999.0 -9999.0 -9999.0 -9999.0 78.490136 -1009.799855 -2631.427435 -2815.139059 -842.380120 -6742.707162 -2251.588264 -2825.964596 -1010.534301 -855.070106 -537.263743 110.969586 223774.053924 1160875.128426 421420.038499 228493.060242 1673513.399842 1609797.619483 1348691.514721 538625.708157 -46.698531 330410.500921 -9999.0 -9999.0 -9999.0 -9999.0 -9999.0 -9999.0 -9999.0 -9999.0 -9999.0 -9999.0 -9999.0 -9999.0 -9999.0 -9999.0 -9999.0 -9999.0 -9999.0 -9999.0 -9999.0 -9999.0 -9999.0 -9999.0
-9999.0 -9999.0 -9999.0 -9999.0 -9999.0 -9999.0 -9999.0 -9999.0 -9999.0 -9999.0 -9999.0 -9999.0 -9999.0 -1345.932795 591.086374 -2139.470579 -2646.548671 -2771.212393 -6771.791269 -2843.267032 -699.429181 -33.279316 1122.031918 870936.211256 768.302234 1165.563945 -8.553642 417923.285200 1318569.254599 -42.718445 1041986.344354 -21.837987 -38.169668 -24.854449 354787.830141 -9999.0 -9999.0 -9999.0 -9999.0 -9999.0 -9999.0 -9999.0 -9999.0 -9999.0 -9999.0 -9999.0 -9999.0 -9999.0 -9999.0 -9999.0 -9999.0 -9999.0 -9999.0 -9999.0 -9999.0 -9999.0 -9999.0
-9999.0 -9999.0 -9999.0 -9999.0 -9999.0 -9999.0 -9999.0 -9999.0 -9999.0 -9999.0 -9999.0 -9999.0 -672.763149 6471.759503 -1246.515171 -537.406371 -1253.583867 -2302.705745 -1004.705315 -6483.967312 -699.277729 46151.833132 1086252.249782 824430.171176 1522182.458737 1412700.269752 1515927.804834 1468234.874702 1351905.967749 696824.843747 9802.590073 429766.955552 947740.126651 22805.285006 -9999.0 -9999.0 -9999.0 -9999.0 -9999.0 -9999.0 -9999.0 -9999.0 -9999.0 -9999.0 -9999.0 -9999.0 -9999.0 -9999.0 -9999.0 -9999.0 -9999.0 -9999.0 -9999.0 -9999.0 -9999.0 -9999.0 -9999.0
-9999.0 -9999.0 -9999.0 -9999.0 -9999.0 -9999.0 -9999.0 -9999.0 -9999.0 -9999.0 -9999.0 402.172534 -578.865131 261.708159 -1038.496569 15.737127 -6577.407374 -2266.918450 -556.242336 -30.049575 -2732.485887 -400.190424 1296.804378 350767.193930 322173.867449 1446349.050956 1249304.336459 1428150.677852 1242806.211271 453596.383587 459972.219942 721368.237872 510629.768399 287564.690206 457088.936918 486403.279641 1370882.233990 1404594.047941 1398298.868967 -9999.0 -9999.0 -9999.0 284895.185027 -9999.0 -9999.0 -9999.0 -9999.0 -9999.0 -9999.0 -9999.0 -9999.0 -9999.0 -9999.0 -9999.0 -9999.0 -9999.0 -9999.0
-9999.0 -9999.0 -9999.0 -9999.0 -9999.0 -9999.0 -9999.0 -9999.0 -9999.0 -9999.0 -9999.0 -15.851640 -670.140174 -1308.573439 -2150.067375 69.211494 -2976.829519 -2833.489893 -862.655159 -734.395626 -480.432860 82.052643 554.740214 1633460.679442 1585850.982475 1408930.757614 1453915.317846 1411042.693265 1052592.124896 439612.174015 1127421.714860 956153.545345 1361550.891826 1280359.549100 1245102.188439 1389077.280770 1287793.236506 187152.168213 1056698.737003 320401.642701 171807.416199 374101.272318 1162072.600805 440172.743439 -9999.0 -9999.0 -9999.0 1096710.064956 1241507.572470 577726.450052 1318330.497202 441234.193940 454767.463472 1140941.405177 1181766.563808 460991.664646 -9999.0
-9999.0 -9999.0 -9999.0 -9999.0 -9999.0 -9999.0 -9999.0 -9999.0 -9999.0 -9999.0 -9999.0 388.111338 21.889097 397055.716864 18.398258 15.304035 -455.287784 -2399.173146 -994.023645 -854.114263 -850.812168 1121.475416 1639197.478229 293183.286869 1430440.558800 114.926525 1650145.381276 1526323.178325 230740.522287 1259186.451272 302967.916200 1518517.535899 1026001.296046 1300217.261092 530725.053780 892612.152510 1526574.682922 1456861.640132 5303.064099 472.013179 1181797.865957 1398153.539264 1353339.293555 1438448.600270 1386995.746011 -9999.0 398780.027642 1212365.933240 1243693.764015 1336705.542282 655918.642792 47682.903076 1321571.343142 1340425.701142 1342500.829386 1264021.482188 -9999.0
-9999.0 -9999.0 -9999.0 -9999.0 -9999.0 -9999.0 -9999.0 -9999.0 -9999.0 -9999.0 -9999.0 -9999.0 3322.896988 1262316.916426 70.012404 74.492013 -677.820866 -2371.760677 -748.714963 -780.454324 -1291.085408 1200.602692 783554.565712 1393207.641357 1640395.156792 1662725.032902 2115.814808 1062624.519637 1335836.751426 468682.503118 1382697.953948 1531867.214675 1228875.008865 1442591.578557 1425531.153439 1442940.376822 1643335.335842 1172533.671430 -606.093963 459.547023 1044481.238741 -5.471771 1516454.621958 2235.315306 291494.732454 1203957.790966 459798.287787 1266672.596635 1514285.990665 1513589.673801 1049044.538938 1425280.229737 1426962.167623 1423133.434340 1404948.173329 1257299.158117 1250935.359535
-9999.0 -9999.0 -9999.0 -9999.0 -9999.0 -9999.0 -9999.0 -9999.0 -9999.0 -9999.0 -9999.0 1587982.692171 1021.813308 1027.520238 1499248.824492 1505.145295 -410.620479 -1476.793872 -745.176963 -2037.027773 -2059.362162 -565.012840 26592.956715 1642864.554007 1657959.848689 1576111.348698 1649223.449149 1300393.961846 1337371.394045 126.079675 1660194.099408 1538622.978085 680765.732668 1318255.804145 1249981.618011 1381132.952967 1474037.574884 1289629.933069 1402.841279 -401.645175 1274112.594706 130699.409616 1401031.079576 569236.174037 817.869671 1417714.988334 1352273.781690 581.060306 -6.260674 339139.724331 527067.012504 1364237.106350 102814.801801 -25.731653 -25.907380 -24.892147 382990.473871
-9999.0 -9999.0 -9999.0 -9999.0 -9999.0 -9999.0 -9999.0 -9999.0 -9999.0 -9999.0 2787.820734 1171162.590164 2675.970520 9833.089520 82.172266 914254.863424 999363.798704 -168.255798 -2487.160343 -1921.181605 -588.759978 -362.676601 2300882.479205 1294.231075 248970.022611 1463353.046385 1654711.722693 529434.007836 552408.733021 72414.261341 543607.990168 540694.261062 698516.032122 1413489.850456 453953.935908 359373.663369 998460.615450 1367541.894805 1698947.920975 1162.916226 1039.201804 -24.136440 -18.906748 -441.078213 794764.988989 6738.741012 662672.168018 1542051.343822 1449900.497128 58394.731444 143001.017247 485713.503184 -14.602793 -19.938748 -13.004298 1028485.367274 1011729.686271
-9999.0 -9999.0 -9999.0 -9999.0 -9999.0 -9999.0 -9999.0 -9999.0 -9999.0 1289508.028918 101675.257437 155345.553853 708965.720067 1588148.660656 1508537.943494 1285169.065109 858479.358403 12.432363 -2586.732943 -2432.533900 -656.023843 -1185.774874 -1394.174636 970.022287 1098.416229 2341335.908676 1688232.962261 1270.754453 1574003.065922 608048.941862 1263.398901 2227735.013202 13701.420085 -24.963450 140871.173513 362452.911411 626641.690884 1726028.568022 1633438.147696 1512203.296900 898548.025620 2345995.883134 2359544.264638 -1241.907954 -554.617000 452487.489083 2008.033139 1599369.967231 1600420.592536 1327.811766 1341893.871228 437685.440084 -12.160351 402361.283900 443412.804876 -82.978025 -116.444118
-9999.0 -9999.0 -9999.0 -9999.0 -9999.0 -9999.0 -9999.0 -9999.0 -9999.0 400383.751420 1009072.467289 851.267563 4876.666941 33757.541264 1050423.665018 1607451.554518 488.260298 801.057374 -2721.847940 -1008.457151 -837.950270 -1419.921085 -323.157632 93.278413 2339239.700310 1708601.937663 1629722.364278 156760.158869 600.475284 84.819084 3379.386034 2108329.195819 1127882.166902 1296884.106149 1332986.001239 1421.282539 230.000048 9155.638875 1424475.198807 1389660.290409 1598821.672225 1690305.878131 1527048.796373 93.036858 -737.097457 -469.517649 -365.156308 1008.418625 15035.300487 1338.025484 2251310.896663 1413691.244048 437007.817506 1183153.437294 890158.601168 275181.105141 257250.654496
-9999.0 -9999.0 -9999.0 -9999.0 -9999.0 -9999.0 -9999.0 -9999.0 -9999.0 -9999.0 1332127.914012 20498.981584 970232.194660 1369808.019614 1853.097166 740337.847649 35668.939390 -458.548325 -2843.306201 -1331.051597 -731.133783 -2657.211886 7174.601261 2212920.586110 1664453.794647 349101.535676 1351.585686 13.513368 1067.011670 2316468.694316 2279542.268426 2099906.275840 1559785.358707 1205433.554354 1130777.294477 1068259.007518 695.903196 858224.706256 228.748008 1204915.750796 1469092.403721 952.581291 4932.223302 434159.940545 -22.421117 907.204633 -909.573113 -420.966947 -501.577036 1290.935098 2177107.868523 685882.986045 419763.172815 395424.734992 1138854.586312 1270853.841645 1263941.042500
-9999.0 -9999.0 -9999.0 -9999.0 -9999.0 -9999.0 -9999.0 -9999.0 -9999.0 -9999.0 1307561.030439 1025688.618241 766.174284 270468.156152 14.405811 -18.398575 -18.330350 -1918.597559 -2672.814315 -2893.799517 -2813.068790 -2081.174953 45465.670234 1016930.808361 336765.301782 301.289430 13.706278 836.864779 2265726.957482 1609254.925415 1316746.088964 1205612.820004 380420.871453 1286742.609908 1472001.992219 1079291.513246 366553.220696 1189889.286067 1612596.474702 1457092.737174 1464115.683032 56502.850249 1540349.460610 169095.530817 2986.779411 2332552.543460 55990.278201 -15.419128 -1030.413964 -318.159023 2095.224910 1511344.040891 1380006.257209 514662.840572 391741.809263 409399.338842 1316247.995767
-9999.0 -9999.0 -9999.0 -9999.0 -9999.0 -9999.0 -9999.0 -9999.0 391864.943845 1449970.825306 1393089.065507 1374560.052638 1088742.964974 1528134.911807 912847.665945 -636.941076 -2553.961278 -1720.568335 -2037.955893 -2981.449946 -2985.118175 -2912.038582 -2688.175461 -2093.627722 1145.986578 -387.978111 -275.046689 2408069.529667 1692181.576770 1563050.594933 -23.721320 1046398.891683 1164105.952626 1287744.548400 1286904.856214 1522800.665597 775.796872 1461310.021884 2328971.930748 914.193137 9872.421127 861813.743752 683322.610169 450.851360 -2.444120 2881.833884 2294917.497805 1692639.920716 724.622907 -276.107599 1112.690140 1999885.574102 712065.684373 1269889.953662 427882.579988 1283091.446109 208853.812027
-9999.0 -9999.0 -9999.0 -9999.0 -9999.0 -9999.0 -9999.0 -9999.0 -287.691897 1066273.277617 1589251.297805 1351960.233435 1414297.091167 1461023.698844 2339596.273719 788.068930 -1957.503561 -2360.577589 -2980.483247 -3007.037980 -1051.279086 -1617.080404 -1667.973635 -2099.761506 -2755.687439 -1204.646220 -478.862029 1320295.379207 181387.010295 1250341.109505 1290294.622613 299.690613 845693.986815 218.628553 1018319.713721 6006.248254 137.841718 318345.546316 1499406.783783 679160.167821 1527874.890190 7890.647309 162.319072 341210.079745 3987.200280 1553791.620808 568479.030612 565563.178684 1398819.130853 -541.725763 -180.569020 1195517.925915 798624.060498 1272176.008275 1458681.845148 56168.953098 1768625.381046
-9999.0 -9999.0 -9999.0 -9999.0 -9999.0 -9999.0 -9999.0 -9999.0 1367200.264811 1192291.786725 1272996.744848 1559493.965007 1347632.949446 571658.278025 1641936.404253 2340275.928941 -1305.607953 -1136.861194 -2940.209063 -1168.290713 -3040.691558 -2471.345446 -2148.777873 -2900.473090 -1055.420500 -2156.913875 51.808124 2397622.887032 327152.373035 1185782.135840 263.013537 764236.961557 1585575.023002 1668804.691652 2658.404923 653.657310 97847.579577 13.586459 269933.735363 1633552.651013 484186.881578 7564.522002 31507.512311 1197182.772218 1585047.929888 1007481.341967 1064.780868 1410787.117128 1685495.756920 2041.710137 -536.049135 1318.204916 533383.248739 957759.911195 293047.124951 252565.354187 -164.094535
-9999.0 -9999.0 -9999.0 -9999.0 -9999.0 -9999.0 -9999.0 -9999.0 500645.729323 851702.319186 485037.066176 226284.459289 604195.835880 1564280.485994 2285671.127534 62.875907 -2797.867571 -2878.844022 -813.092614 -2952.537537 -2946.278515 -2947.560631 -2162.470238 -2729.592909 -2410.084324 -814.336869 1483537.969292 2362662.820315 1192.614720 1858135.645716 1702310.459212 1688617.367820 54461.997735 1427073.020411 1433085.288158 1234.016232 14.130488 -2156.155105 -422.470355 315887.476712 1009.080451 9351.972469 192239.289244 1.866919 606927.647295 8296.715148 565973.781098 18557.329124 1383402.306037 1697885.834996 841.488132 -482.232820 1273.595679 220932.047292 438.940674 13.957551 -487.861532
-9999.0 -9999.0 -9999.0 -9999.0 -9999.0 -9999.0 -9999.0 -9999.0 1261462.015451 1429159.631495 -640.154072 2366828.374056 2278616.733025 2072970.140524 89.994161 -389.642017 -394.081150 -1823.664946 -901.451576 -2383.500369 -2808.283786 -2733.674554 -2846.335103 -2792.971317 -875.959143 -323.649440 2360789.240881 393445.375071 2868.787810 428301.804918 2312477.286827 1286.727116 18.013932 -228.636526 1271.716438 -340.975781 -754.009539 -2674.818196 -2754.153605 -269.536375 1012.105575 1305.065962 -75.988950 26107.669249 1642763.390797 26263.579886 1531409.002083 1390551.865357 1468778.467228 1347.248245 -317.422862 -1047.316336 -621.481618 -464.572252 47.405723 37.829390 -374.181466
