erum2020/resources/simulation/Vinschgau/output-maps/psiL0003N0713.asc
ncols         63
nrows         48
xllcorner     598000.000000
yllcorner     5145000.000000
cellsize      1000.000000
NODATA_value  -9999.0
[rows 0 to 26 of 48, columns 0 to 60 of 63]
-9999.0 -9999.0 -9999.0 -9999.0 -9999.0 -9999.0 -9999.0 -9999.0 -9999.0 -9999.0 -9999.0 -9999.0 -9999.0 -9999.0 -9999.0 -9999.0 -9999.0 -9999.0 -9999.0 -9999.0 -9999.0 -9999.0 -9999.0 -9999.0 -9999.0 -9999.0 -9999.0 -9999.0 -9999.0 -9999.0 -9999.0 -9999.0 -9999.0 -9999.0 -9999.0 -9999.0 -9999.0 -9999.0 -9999.0 -9999.0 -9999.0 -9999.0 -9999.0 -9999.0 -9999.0 -9999.0 -9999.0 -9999.0 -9999.0 -9999.0 -9999.0 -9999.0 -9999.0 -9999.0 -9999.0 -9999.0 -9999.0 -9999.0 -9999.0 -9999.0 -9999.0
-9999.0 -9999.0 -9999.0 -9999.0 -9999.0 -9999.0 -9999.0 -9999.0 -9999.0 -9999.0 -9999.0 -9999.0 -9999.0 -9999.0 -9999.0 -9999.0 -9999.0 -9999.0 -9999.0 -9999.0 -9999.0 -9999.0 -9999.0 -9999.0 -9999.0 -9999.0 -9999.0 -68.007436 41.251761 -87.650793 55.305662 45.870387 801.831126 -9999.0 -9999.0 -9999.0 -9999.0 -9999.0 -9999.0 -9999.0 -9999.0 -9999.0 -9999.0 -9999.0 -9999.0 -9999.0 -9999.0 -9999.0 -9999.0 -9999.0 -9999.0 -9999.0 -9999.0 -9999.0 -9999.0 -9999.0 -9999.0 -9999.0 -9999.0 -9999.0 -9999.0
-9999.0 -9999.0 -9999.0 -9999.0 -9999.0 -9999.0 -9999.0 -9999.0 -9999.0 -9999.0 -9999.0 -9999.0 -9999.0 -9999.0 -9999.0 -9999.0 -9999.0 -9999.0 -9999.0 -9999.0 -9999.0 -9999.0 -9999.0 -9999.0 40.224712 36.325838 37.947806 35.323092 65.938278 86.509217 43.364787 -9999.0 -9999.0 -9999.0 -9999.0 -9999.0 -9999.0 -9999.0 -9999.0 -9999.0 -9999.0 -9999.0 -9999.0 -9999.0 -9999.0 -9999.0 -9999.0 -9999.0 -9999.0 -9999.0 -9999.0 -9999.0 -9999.0 -9999.0 -9999.0 -9999.0 -9999.0 -9999.0 -9999.0 -9999.0 -9999.0
-9999.0 -9999.0 -9999.0 -9999.0 -9999.0 -9999.0 -9999.0 -9999.0 -9999.0 -9999.0 -9999.0 -9999.0 -9999.0 -9999.0 -9999.0 -9999.0 -9999.0 -9999.0 -9999.0 -9999.0 -9999.0 -9999.0 -9999.0 35.551394 36.518373 -450.700019 -235.295717 -384.005163 57.420551 34.578349 37.921400 44.229138 -9999.0 -9999.0 -9999.0 -9999.0 -9999.0 -9999.0 -9999.0 -9999.0 -9999.0 -9999.0 -9999.0 -9999.0 -9999.0 -9999.0 -9999.0 -9999.0 -9999.0 -9999.0 -9999.0 -9999.0 -9999.0 -9999.0 -9999.0 -9999.0 -9999.0 -9999.0 -9999.0 -9999.0 -9999.0
-9999.0 -9999.0 -9999.0 -9999.0 -9999.0 -9999.0 -9999.0 -9999.0 -9999.0 -9999.0 -9999.0 -9999.0 -9999.0 -9999.0 -9999.0 -9999.0 -9999.0 -9999.0 33.797320 28.212944 -9999.0 39.950711 38.152755 -366.039574 -284.971130 -496.132737 24.731883 25.098293 25.230366 -282.182778 38.318784 43.627419 -79.477813 -67.922578 -9999.0 -9999.0 -9999.0 -9999.0 -9999.0 -9999.0 -9999.0 -9999.0 -9999.0 -9999.0 -9999.0 -9999.0 -9999.0 -9999.0 -9999.0 -9999.0 -9999.0 -9999.0 -9999.0 -9999.0 -9999.0 -9999.0 -9999.0 -9999.0 -9999.0 -9999.0 -9999.0
-9999.0 -9999.0 -9999.0 -9999.0 -9999.0 -9999.0 -9999.0 -9999.0 -9999.0 -9999.0 -9999.0 -9999.0 -9999.0 -9999.0 -9999.0 -9999.0 -9999.0 -579.659252 -303.868291 -945.162267 -80.602970 27.874573 -302.133484 25.075225 -293.822374 24.048238 26.017876 41.169783 -13.295816 24.739809 62.007520 63.845422 -79.833653 -174.526395 -170.059410 -122.363666 -9999.0 -9999.0 -9999.0 -9999.0 -9999.0 -9999.0 -9999.0 -9999.0 -9999.0 -9999.0 -9999.0 -9999.0 -9999.0 -9999.0 -9999.0 -9999.0 -9999.0 -9999.0 -9999.0 -9999.0 -9999.0 -9999.0 -9999.0 -9999.0 -9999.0
-9999.0 -9999.0 -9999.0 -9999.0 -9999.0 -9999.0 -9999.0 -9999.0 -9999.0 -9999.0 -9999.0 -9999.0 -9999.0 40.925206 -210.512953 -438.569302 -718.597359 -301.017405 -564.276342 -401.179028 -337.837439 -380.604551 -325.601453 24.315223 27.985136 38.599228 -208.813335 48.336171 30.941510 35.099511 9033.416450 104.915684 76.776691 66.437990 -19.132819 -68.805345 -9999.0 -9999.0 -9999.0 -9999.0 -9999.0 -9999.0 -9999.0 -9999.0 -9999.0 -9999.0 -9999.0 -9999.0 -9999.0 -9999.0 -9999.0 -9999.0 -9999.0 -9999.0 -9999.0 -9999.0 -9999.0 -9999.0 -9999.0 -9999.0 -9999.0
-9999.0 -9999.0 -9999.0 -9999.0 -9999.0 -9999.0 -9999.0 -9999.0 -9999.0 -9999.0 -9999.0 -9999.0 -9999.0 39.816192 -261.104152 -450.239624 -642.370525 34.629740 -376.386097 -439.125635 -540.230446 -104.923676 22.878209 31.361626 41.095975 37.968242 34.174310 -54.912227 -41.766117 36.878792 63.287812 38.540437 -39.324615 -44.799201 -35.804704 -9999.0 -9999.0 -9999.0 -9999.0 -9999.0 -9999.0 -9999.0 -9999.0 -9999.0 -9999.0 -9999.0 -9999.0 -9999.0 -9999.0 -9999.0 -9999.0 -9999.0 -9999.0 -9999.0 -9999.0 -9999.0 -9999.0 -9999.0 -9999.0 -9999.0 -9999.0
-9999.0 -9999.0 -9999.0 -9999.0 -9999.0 -9999.0 -9999.0 -9999.0 -9999.0 -9999.0 -9999.0 -9999.0 -9999.0 -321.700355 709.230803 -406.443212 -503.895374 -649.597000 -2793.716300 -663.859126 35.162170 -300.795326 32.111883 21.143715 31.841272 38.297768 -111.547832 -51.996709 42.410599 -39.976030 15.843103 -33.046619 -51.862231 -36.379118 -42.348178 -9999.0 -9999.0 -9999.0 -9999.0 -9999.0 -9999.0 -9999.0 -9999.0 -9999.0 -9999.0 -9999.0 -9999.0 -9999.0 -9999.0 -9999.0 -9999.0 -9999.0 -9999.0 -9999.0 -9999.0 -9999.0 -9999.0 -9999.0 -9999.0 -9999.0 -9999.0
-9999.0 -9999.0 -9999.0 -9999.0 -9999.0 -9999.0 -9999.0 -9999.0 -9999.0 -9999.0 -9999.0 -9999.0 23.617095 6231.060226 29.166090 25.454565 -165.339410 -403.424817 -254.565081 -951.084777 -298.316442 -256.525303 39.047658 29.262878 3410.161022 35.863068 1008.067713 41.880018 74.259947 -39.350020 33.955448 -92.291584 63.833419 -65.523181 -9999.0 -9999.0 -9999.0 -9999.0 -9999.0 -9999.0 -9999.0 -9999.0 -9999.0 -9999.0 -9999.0 -9999.0 -9999.0 -9999.0 -9999.0 -9999.0 -9999.0 -9999.0 -9999.0 -9999.0 -9999.0 -9999.0 -9999.0 -9999.0 -9999.0 -9999.0 -9999.0
-9999.0 -9999.0 -9999.0 -9999.0 -9999.0 -9999.0 -9999.0 -9999.0 -9999.0 -9999.0 -9999.0 52.623793 50.115707 479.015478 31.788918 43.771262 -282.570403 -316.694192 27.371680 -12.996020 24.667267 25.171218 44.950690 41.153205 63.636009 53.538136 38.556877 47.602415 3134.200569 -31.414375 -76.569880 72.422295 -63.899022 -72.592865 -89.981642 -82.685164 -271.142125 -551.884170 -545.660245 -9999.0 -9999.0 -9999.0 -118.113069 -9999.0 -9999.0 -9999.0 -9999.0 -9999.0 -9999.0 -9999.0 -9999.0 -9999.0 -9999.0 -9999.0 -9999.0 -9999.0 -9999.0 -9999.0 -9999.0 -9999.0 -9999.0
-9999.0 -9999.0 -9999.0 -9999.0 -9999.0 -9999.0 -9999.0 -9999.0 -9999.0 -9999.0 -9999.0 49.613408 43.070097 63.452345 31.364819 35.510570 -180.618358 -338.204722 25.990635 40.240362 38.088773 38.682370 46.098837 24.180913 50.118892 46.921092 41.753137 59.170482 -37.373326 -48.043023 51.518666 143.730737 38.027168 48.171372 32.006588 41.243141 34.693826 -1597.374076 -1285.923552 -86.437142 -76.120188 -58.403708 39.492752 -63.774550 -9999.0 -9999.0 -9999.0 45.695098 47.566456 -81.950364 50.318407 -72.961367 -73.072786 45.192264 56.743619 -60.715791 -9999.0 -9999.0 -9999.0 -9999.0 -9999.0
-9999.0 -9999.0 -9999.0 -9999.0 -9999.0 -9999.0 -9999.0 -9999.0 -9999.0 -9999.0 -9999.0 63.803755 35.574626 53.018705 46.040180 42.172371 32.095800 28.248742 44.763922 26.818494 31.685987 33.585841 29.939680 45.290418 45.064571 -58.528271 38.306140 3219.951297 -53.440111 43.781219 -50.172367 175.254341 46.210414 39.310839 -60.727972 41.711224 44.288498 -906.143533 -3463.779910 -152.703926 -450.723402 23.986661 40.552103 37.526884 38.856837 -9999.0 -63.950381 53.885212 53.472189 54.694392 49.852873 -91.176100 50.134714 48.718703 62.872449 55.996319 -9999.0 -9999.0 -9999.0 -9999.0 -9999.0
-9999.0 -9999.0 -9999.0 -9999.0 -9999.0 -9999.0 -9999.0 -9999.0 -9999.0 -9999.0 -9999.0 -9999.0 56.365860 24.235696 35.271712 40.474404 -13.160532 -188.851943 76.570283 26.743982 29.838220 39.870622 43.139328 40.458228 19.812627 34.396770 2269.823028 46.042955 50.230227 -66.060918 44.706685 111.747292 44.595376 44.706909 38.682751 38.800792 -623.634408 -2672.116239 -3718.395566 -3083.086039 -1354.096032 -126.441397 40.836500 35.542183 -83.033922 43.802741 -86.323177 48.951663 49.085278 53.132091 28.795707 175.164570 756.654221 126.284919 89.507996 66.425347 53.510641 -9999.0 -9999.0 -9999.0 -9999.0
-9999.0 -9999.0 -9999.0 -9999.0 -9999.0 -9999.0 -9999.0 -9999.0 -9999.0 -9999.0 -9999.0 32.482712 40.128082 46.965086 62.399132 44.021347 45.754506 26.897969 51.686904 26.277894 35.379723 42.330635 49.668048 28.881198 34.192803 50.227175 44.703216 42.520348 39.557378 -72.739095 39.925168 150.885101 54.806950 43.835537 19.881454 42.487850 -352.396837 -2592.572933 -2664.638386 -3140.093411 -1601.708112 -1078.098208 43.287106 -396.281702 34.164272 37.819573 62.339644 -181.018617 -167.320834 23.391433 -71.719974 45.421525 65.646524 -32.559100 -38.099229 -37.889942 -66.480236 -9999.0 -9999.0 -9999.0 -9999.0
-9999.0 -9999.0 -9999.0 -9999.0 -9999.0 -9999.0 -9999.0 -9999.0 -9999.0 -9999.0 2146.772928 38.858074 38.615098 38.624279 35.951465 2007.170255 2007.012362 -213.516897 -465.283934 27.287221 55.326955 53.935157 23.627780 33.226909 35.557039 2536.847384 35.107630 -188.609970 40.166827 40.009528 152.661410 561.141152 49.845834 44.168468 -42.465578 -60.034448 34.164079 26.450972 -778.396693 -248.524648 22.938178 -172.985896 -46.216271 33.413892 30.274688 -65.431260 46.095892 48.475930 57.890047 21.686034 -195.275472 -48.060842 -30.817276 -17.141831 -40.495297 66.914702 68.453629 -9999.0 -9999.0 -9999.0 -9999.0
-9999.0 -9999.0 -9999.0 -9999.0 -9999.0 -9999.0 -9999.0 -9999.0 -9999.0 49.255034 57.463297 63.665006 52.250388 25.894421 56.310942 52.721517 30.566843 32.153391 -279.823060 -358.515378 48.505815 -288.848838 27.650882 -281.196036 25.090525 12.112712 24.503675 37.088472 34.505702 37.218799 26.762341 2.436985 -31.386492 -35.134033 -61.937775 -61.585552 56.980470 48.964869 37.293802 42.558651 49.293355 24.135430 21.816532 -273.261499 29.360544 26.077880 36.944758 22.995805 28.103083 23.554779 59.739968 -58.825545 -30.529701 -48.208352 -71.240293 92.202206 135.729583 -58.034235 -58.212867 -9999.0 -9999.0
-9999.0 -9999.0 -9999.0 -9999.0 -9999.0 -9999.0 -9999.0 -9999.0 -9999.0 119.896975 54.226890 48.301623 4583.987364 -112.489313 -191.877929 25.087956 34.630057 24.458929 -256.501941 -314.583287 27.740795 -363.578107 24.895418 40.965451 21.005397 28.622011 30.538516 31.129686 24.026989 24.172603 47.744167 -9.191834 55.636711 42.239538 49.121535 -66.572889 -62.257815 -61.545028 34.641343 50.140001 41.958200 30.712833 -227.171058 31.778292 -248.203094 -349.345637 -274.252625 -161.931118 21.487872 21.537256 9.876356 -28.928356 -66.755255 49.851066 -7.243482 53.653146 123.701372 93.263587 -66.125553 -9999.0 -9999.0
-9999.0 -9999.0 -9999.0 -9999.0 -9999.0 -9999.0 -9999.0 -9999.0 -9999.0 -9999.0 44.590344 52.889564 45.637541 2374.710931 23.730383 -217.428649 27.856828 25.713772 24.368594 -320.293742 44.871736 28.547228 31.529519 29.741600 30.225885 29.880813 29.501984 23.707523 44.712537 23.689051 -3.210296 4587.661320 28.110897 47.442487 57.713579 64.300655 30.288949 39.253428 -51.771917 50.032013 33.298791 37.601973 4546.518531 37.348425 37.572819 33.866313 35.417388 24.895091 -196.256804 33.797171 41.155887 55.172395 -77.284458 -62.759642 55.228075 62.258964 78.553210 11367.257167 117.438783 27.364700 -9999.0
-9999.0 -9999.0 -9999.0 -9999.0 -9999.0 -9999.0 -9999.0 -9999.0 -9999.0 -9999.0 50.092650 47.422317 41.374696 50.768995 25.595520 -281.891047 -233.539304 -314.938710 -177.709773 -504.249655 -528.175472 -261.862405 -157.255850 25.049252 31.304397 29.652960 25.020079 40.946294 38.188179 31.591578 48.063558 72.032660 -121.979756 42.790664 45.420880 64.314803 3787.525139 46.212334 39.133696 30.026560 50.105554 -19.665103 70.976829 43.701296 47.025611 39.364119 41.885549 36.499802 43.084016 24.053873 50.147230 51.254172 44.914970 -71.174859 -49.421664 -60.008045 37.450954 41.030670 244.916070 147.469294 -9999.0
-9999.0 -9999.0 -9999.0 -9999.0 -9999.0 -9999.0 -9999.0 -9999.0 41.694502 36.640350 36.933651 51.886645 219.502722 57.826741 45.722478 25.678531 -401.547222 -374.411177 -391.039233 -621.059001 -598.030209 -308.617443 -252.000887 -263.308572 24.553653 -181.489182 44.504254 39.784025 52.379642 45.598370 -33.008648 53.788505 49.989953 45.030456 62.799159 35.862904 42.164808 49.751589 -42.173658 -64.474653 -75.373062 68.929862 -67.426540 -38.928664 -76.257192 2116.171096 5.997964 43.025819 36.967211 24.516022 50.613616 57.931067 57.680600 -21.391978 -71.881171 49.339162 -69.507238 39.833906 29.620597 154.969018 -9999.0
-9999.0 -9999.0 -9999.0 -9999.0 -9999.0 -9999.0 -9999.0 -9999.0 1939.186016 45.793179 -11.722579 38.688803 40.443640 1866.138509 28.163508 26.522155 26.321176 -231.838085 -345.765604 -576.433320 30.551522 -202.334506 -222.583632 -276.682959 -314.877944 -224.492915 41.513604 47.874506 -88.869116 48.141540 47.824783 -98.934130 68.838298 -90.177430 61.551204 47.334978 66.874830 67.179827 43.153987 48.848961 43.335595 -10.835640 -71.212262 50.704732 2548.467120 53.285828 -80.265124 46.713603 41.137434 39.753932 22.324196 47.338520 47.692221 46.356426 41.363371 -230.988301 35.130988 33.462233 28.847030 32.887215 -560.370917
-9999.0 -9999.0 -9999.0 -9999.0 -9999.0 -9999.0 -9999.0 -9999.0 43.556027 3253.321779 37.087546 -29.653510 163.985101 -83.027465 29.443132 25.614820 -304.961512 -301.297343 -505.501163 -331.937947 -553.779908 -416.431064 -284.824430 -517.269327 -294.420101 30.660048 33.771155 32.240395 -190.088227 48.628235 -103.953214 57.390186 44.670813 24.204282 56.410186 87.813261 58.486036 25.536333 47.054051 52.128181 59.155854 -101.079428 56.871825 2561.932501 49.286383 54.154184 -78.992521 44.847352 39.411203 34.812748 22.351264 43.087902 39.706295 32.764390 38.649456 47.379479 38.697760 33.966342 37.628183 136.539736 27.556737
-9999.0 -9999.0 -9999.0 -9999.0 -9999.0 -9999.0 -9999.0 -9999.0 -57.195259 46.940430 60.699067 -167.503601 55.539872 44.813534 34.764948 -91.750732 -166.400264 -442.712425 23.459808 -575.895110 -523.434420 -505.457862 -418.272855 -592.925894 -398.381254 29.604113 32.548737 0.517357 35.148729 42.443614 40.454402 50.450933 45.456588 57.595884 47.244510 33.827760 33.832056 22.876607 42.480343 43.212865 42.753490 48.949288 50.859417 -90.784683 40.718833 -81.473543 45.467718 -93.792555 31.393880 26.924969 26.068929 21.582423 35.601290 27.859420 36.910401 43.917477 46.773090 220.717335 27.783101 27.761019 40.928086
-9999.0 -9999.0 -9999.0 -9999.0 -9999.0 -9999.0 -9999.0 -9999.0 37.328695 46.396019 4722.040351 32.130983 49.985839 40.727972 34.458169 34.239360 23.919084 22.317620 22.931912 -159.139377 -505.943284 -384.583410 -503.788941 -519.167922 -197.272358 -157.252817 20.884182 32.836176 29.512116 47.609983 33.023126 46.447348 57.521314 50.440804 38.672934 35.994321 33.245680 23.921139 48.065446 42.733736 35.122460 40.528613 45.337312 38.329068 34.565095 40.202270 35.867165 43.084113 24.859157 25.623042 27.972190 -236.680064 -234.934115 24.500892 307.515255 281.109669 28.116136 28.137925 58.118985 40.327233 37.894799
-9999.0 -9999.0 41.499018 44.862632 1087.438622 34.037654 94.555237 48.098308 44.978483 49.710276 45.979876 87.011774 55.999250 52.665761 25.866079 22.794208 31.343535 31.948807 35.042950 27.557083 -242.429456 36.049821 27.942837 -675.799588 -473.140828 -277.121746 -220.418221 23.307447 35.183507 43.909598 25.858985 35.407296 139.116631 38.471427 38.319602 29.275667 30.455728 24.992464 43.771511 36.736669 33.549812 35.057572 45.423743 36.691632 32.139993 31.835285 32.011181 32.446455 27.704459 26.782706 31.626437 -350.074408 27.655007 27.874644 28.604985 28.064077 68.838604 46.802526 40.814786 37.567097 43.603907
-9999.0 34.015341 40.477119 38.069347 28.971985 77.586721 98.059421 43.968528 -50.815635 49.368809 44.302965 37.280143 58.838593 75.311871 25.301656 35.339442 40.775117 37.723611 28.654583 26.213626 -181.182158 47.792815 285.512047 27.603806 -587.160388 -552.375018 -462.487580 -327.819078 42.391139 35.097470 -275.723766 25.209740 66.618675 70.399393 34.994469 29.081477 33.658749 -182.199908 38.710063 27.909470 25.963435 37.710415 43.427360 25.694590 -262.592709 -266.987405 25.064187 21.336986 33.799517 123.809516 27.698311 27.587316 67.214508 69.514455 70.604908 46.075685 42.702941 38.143295 43.930839 41.950197 37.541902
