erum2020/resources/simulation/Vinschgau/output-maps/psiL0005N0655.asc
ncols         63
nrows         48
xllcorner     598000.000000
yllcorner     5145000.000000
cellsize      1000.000000
NODATA_value  -9999.0
[rows 0 to 25 of 48, columns 0 to 59 of 63]
-9999.0 -9999.0 -9999.0 -9999.0 -9999.0 -9999.0 -9999.0 -9999.0 -9999.0 -9999.0 -9999.0 -9999.0 -9999.0 -9999.0 -9999.0 -9999.0 -9999.0 -9999.0 -9999.0 -9999.0 -9999.0 -9999.0 -9999.0 -9999.0 -9999.0 -9999.0 -9999.0 -9999.0 -9999.0 -9999.0 -9999.0 -9999.0 -9999.0 -9999.0 -9999.0 -9999.0 -9999.0 -9999.0 -9999.0 -9999.0 -9999.0 -9999.0 -9999.0 -9999.0 -9999.0 -9999.0 -9999.0 -9999.0 -9999.0 -9999.0 -9999.0 -9999.0 -9999.0 -9999.0 -9999.0 -9999.0 -9999.0 -9999.0 -9999.0 -9999.0
-9999.0 -9999.0 -9999.0 -9999.0 -9999.0 -9999.0 -9999.0 -9999.0 -9999.0 -9999.0 -9999.0 -9999.0 -9999.0 -9999.0 -9999.0 -9999.0 -9999.0 -9999.0 -9999.0 -9999.0 -9999.0 -9999.0 -9999.0 -9999.0 -9999.0 -9999.0 -9999.0 -1057.294691 113.219339 -962.470036 127.480775 18.123118 534.510575 -9999.0 -9999.0 -9999.0 -9999.0 -9999.0 -9999.0 -9999.0 -9999.0 -9999.0 -9999.0 -9999.0 -9999.0 -9999.0 -9999.0 -9999.0 -9999.0 -9999.0 -9999.0 -9999.0 -9999.0 -9999.0 -9999.0 -9999.0 -9999.0 -9999.0 -9999.0 -9999.0
-9999.0 -9999.0 -9999.0 -9999.0 -9999.0 -9999.0 -9999.0 -9999.0 -9999.0 -9999.0 -9999.0 -9999.0 -9999.0 -9999.0 -9999.0 -9999.0 -9999.0 -9999.0 -9999.0 -9999.0 -9999.0 -9999.0 -9999.0 -9999.0 113.766770 109.248625 107.419463 105.186379 123.850939 143.443225 111.355847 -9999.0 -9999.0 -9999.0 -9999.0 -9999.0 -9999.0 -9999.0 -9999.0 -9999.0 -9999.0 -9999.0 -9999.0 -9999.0 -9999.0 -9999.0 -9999.0 -9999.0 -9999.0 -9999.0 -9999.0 -9999.0 -9999.0 -9999.0 -9999.0 -9999.0 -9999.0 -9999.0 -9999.0 -9999.0
-9999.0 -9999.0 -9999.0 -9999.0 -9999.0 -9999.0 -9999.0 -9999.0 -9999.0 -9999.0 -9999.0 -9999.0 -9999.0 -9999.0 -9999.0 -9999.0 -9999.0 -9999.0 -9999.0 -9999.0 -9999.0 -9999.0 -9999.0 108.932738 113.909807 -720.886854 -1158.109445 -1526.461031 -351.607572 101.017756 105.501428 113.120457 -9999.0 -9999.0 -9999.0 -9999.0 -9999.0 -9999.0 -9999.0 -9999.0 -9999.0 -9999.0 -9999.0 -9999.0 -9999.0 -9999.0 -9999.0 -9999.0 -9999.0 -9999.0 -9999.0 -9999.0 -9999.0 -9999.0 -9999.0 -9999.0 -9999.0 -9999.0 -9999.0 -9999.0
-9999.0 -9999.0 -9999.0 -9999.0 -9999.0 -9999.0 -9999.0 -9999.0 -9999.0 -9999.0 -9999.0 -9999.0 -9999.0 -9999.0 -9999.0 -9999.0 -9999.0 -9999.0 112.745538 96.563888 -9999.0 114.589083 116.378509 -324.791563 -755.372791 -1653.176345 -635.334486 -591.577511 -1354.642716 -1040.729467 107.186296 114.852951 -1063.007931 -769.997696 -9999.0 -9999.0 -9999.0 -9999.0 -9999.0 -9999.0 -9999.0 -9999.0 -9999.0 -9999.0 -9999.0 -9999.0 -9999.0 -9999.0 -9999.0 -9999.0 -9999.0 -9999.0 -9999.0 -9999.0 -9999.0 -9999.0 -9999.0 -9999.0 -9999.0 -9999.0
-9999.0 -9999.0 -9999.0 -9999.0 -9999.0 -9999.0 -9999.0 -9999.0 -9999.0 -9999.0 -9999.0 -9999.0 -9999.0 -9999.0 -9999.0 -9999.0 -9999.0 -739.095930 90.010501 -152166.702348 -1354.226763 103.170479 -468.461304 -837.330230 -641.321797 -680.710323 -585.122884 101.735883 -815.270897 -302.523066 124.498104 133.280857 -13405.079689 -9317.915988 -3068.936430 -1383.068408 -9999.0 -9999.0 -9999.0 -9999.0 -9999.0 -9999.0 -9999.0 -9999.0 -9999.0 -9999.0 -9999.0 -9999.0 -9999.0 -9999.0 -9999.0 -9999.0 -9999.0 -9999.0 -9999.0 -9999.0 -9999.0 -9999.0 -9999.0 -9999.0
-9999.0 -9999.0 -9999.0 -9999.0 -9999.0 -9999.0 -9999.0 -9999.0 -9999.0 -9999.0 -9999.0 -9999.0 -9999.0 112.071881 100.610882 -563.372894 -668.479302 -3236.302970 -700.345024 -411.753037 -495.422686 -737.924210 -820.149838 -601.144006 -549.553147 102.289500 -16574108.547665 125.417023 -369.593647 -599.402528 7048.629321 171.541876 155.773217 174.149546 -832.414488 -1010.387481 -9999.0 -9999.0 -9999.0 -9999.0 -9999.0 -9999.0 -9999.0 -9999.0 -9999.0 -9999.0 -9999.0 -9999.0 -9999.0 -9999.0 -9999.0 -9999.0 -9999.0 -9999.0 -9999.0 -9999.0 -9999.0 -9999.0 -9999.0 -9999.0
-9999.0 -9999.0 -9999.0 -9999.0 -9999.0 -9999.0 -9999.0 -9999.0 -9999.0 -9999.0 -9999.0 -9999.0 -9999.0 115.505299 98.640125 -589.811159 -581.225542 113.993799 -5063.876362 -756.456663 -416.004170 -121.742934 -182.857135 -652.696296 -648.772243 101.100655 101.135405 -954.565404 -829.956315 106.764114 135.405792 113.746522 -930.265828 -917.941291 -866.813612 -9999.0 -9999.0 -9999.0 -9999.0 -9999.0 -9999.0 -9999.0 -9999.0 -9999.0 -9999.0 -9999.0 -9999.0 -9999.0 -9999.0 -9999.0 -9999.0 -9999.0 -9999.0 -9999.0 -9999.0 -9999.0 -9999.0 -9999.0 -9999.0 -9999.0
-9999.0 -9999.0 -9999.0 -9999.0 -9999.0 -9999.0 -9999.0 -9999.0 -9999.0 -9999.0 -9999.0 -9999.0 -9999.0 -282.546701 499.285623 -467.993009 -530.201203 -598.305223 -5272.864886 -467.823406 109.657713 -20810976.737881 118.901841 -329.519923 -285.840465 122.490963 -1304.162015 -1111.867258 110.868491 -1048.559328 119.705923 -511.761783 -932.636804 -573.150170 -868.392718 -9999.0 -9999.0 -9999.0 -9999.0 -9999.0 -9999.0 -9999.0 -9999.0 -9999.0 -9999.0 -9999.0 -9999.0 -9999.0 -9999.0 -9999.0 -9999.0 -9999.0 -9999.0 -9999.0 -9999.0 -9999.0 -9999.0 -9999.0 -9999.0 -9999.0
-9999.0 -9999.0 -9999.0 -9999.0 -9999.0 -9999.0 -9999.0 -9999.0 -9999.0 -9999.0 -9999.0 -9999.0 -289.110325 4468.558199 -277.144571 108.271826 99.523214 -513.524416 -104.649411 -30377314.690553 -550.195460 -169.896869 -200.016109 104.540933 2624.620368 97.528180 864.396254 107.372649 167.509659 -800.091307 103.779192 -898.004725 136.386647 -901.940017 -9999.0 -9999.0 -9999.0 -9999.0 -9999.0 -9999.0 -9999.0 -9999.0 -9999.0 -9999.0 -9999.0 -9999.0 -9999.0 -9999.0 -9999.0 -9999.0 -9999.0 -9999.0 -9999.0 -9999.0 -9999.0 -9999.0 -9999.0 -9999.0 -9999.0 -9999.0
-9999.0 -9999.0 -9999.0 -9999.0 -9999.0 -9999.0 -9999.0 -9999.0 -9999.0 -9999.0 -9999.0 130.760211 145.654567 392.123274 109.676925 115.863084 -160789.231792 -310.315060 98.073222 -9338175.460014 110.690991 122.808548 120.487774 106.991995 193.050487 131.481317 101.309822 120.220182 2535.335441 -515.287932 -871.356050 161.032058 -902.432050 -908.688477 -994.937128 -1086.773786 -602.511124 -1141.642000 -531.289161 -9999.0 -9999.0 -9999.0 -4892.481186 -9999.0 -9999.0 -9999.0 -9999.0 -9999.0 -9999.0 -9999.0 -9999.0 -9999.0 -9999.0 -9999.0 -9999.0 -9999.0 -9999.0 -9999.0 -9999.0 -9999.0
-9999.0 -9999.0 -9999.0 -9999.0 -9999.0 -9999.0 -9999.0 -9999.0 -9999.0 -9999.0 -9999.0 120.024137 122.672627 192.025263 118.078372 101.666748 99.828017 -551.284596 96.485697 140.922362 125.948282 117.734345 125.351333 112.708080 152.212929 120.134954 109.244831 138.390967 -616.501779 -718.509888 125.149127 262.097651 105.017507 125.729496 99.518472 100.774028 -1628.660856 -2357.392096 -2341.354299 -4513.768608 -2697.749249 -1151.277437 113.546387 -1107.109705 -9999.0 -9999.0 -9999.0 106.475914 112.500089 -868.940820 117.163846 -828.363685 -764.818863 103.790071 122.171720 -381.923827 -9999.0 -9999.0 -9999.0 -9999.0
-9999.0 -9999.0 -9999.0 -9999.0 -9999.0 -9999.0 -9999.0 -9999.0 -9999.0 -9999.0 -9999.0 149.064991 103.897636 203.592964 124.775156 113.216784 121.654664 127.130709 149.456553 100.067998 140.211242 117.608459 105.614277 119.606735 114.675415 -950.816195 117.387780 2587.221223 -1061.291690 110.325750 -967.763287 244.534901 125.140666 106.997172 -991.746432 -594.077942 -2302.792104 -3378.887376 -3014.386655 -5253.697145 -1731.997182 -207.853234 102.936684 113.109219 107.409634 -9999.0 -913.133224 121.721508 124.887473 130.581106 39.716633 -741.422291 36.251864 116.606494 51.957927 122.077629 -9999.0 -9999.0 -9999.0 -9999.0
-9999.0 -9999.0 -9999.0 -9999.0 -9999.0 -9999.0 -9999.0 -9999.0 -9999.0 -9999.0 -9999.0 -9999.0 137.832240 160.487575 106.322803 114.236495 107.061368 104.507674 169.315272 98.676821 121.943433 134.149378 151.367310 128.823007 107.331767 110.864447 1839.435138 28.274770 127.416245 -984.007227 114.156643 170.918161 19.948130 119.667041 112.708196 -623.661687 -2311.611850 -2610.977460 -3029.642761 -4634.651488 -1945.816593 -4710.894974 -943.261874 110.855804 -1349.617868 113.420766 -944.494754 116.455247 123.562415 134.191879 95.530988 257.610493 915.914948 277.694591 209.163440 144.252339 120.503644 -9999.0 -9999.0 -9999.0
-9999.0 -9999.0 -9999.0 -9999.0 -9999.0 -9999.0 -9999.0 -9999.0 -9999.0 -9999.0 -9999.0 123.198460 107.038365 29.901411 182.499720 130.384553 130.119970 123.387108 146.007077 100.251012 133.828215 144.755949 156.112205 95.816426 110.623719 161.602882 123.004762 108.053561 106.187656 -1000.835478 117.680713 218.996293 138.713523 115.694326 104.771676 103.715344 -2048.532923 -3316.956394 -2175.740057 -2885.457513 -2756.099626 -1911.167055 -646.661508 -10144241.150413 108.159078 103.402176 140.659554 -1045.071257 -1055.028611 -163.092333 -164483.844115 111.790102 141.790452 -8020.705915 -10494.073557 -792.400782 -620.183365 -9999.0 -9999.0 -9999.0
-9999.0 -9999.0 -9999.0 -9999.0 -9999.0 -9999.0 -9999.0 -9999.0 -9999.0 -9999.0 1747.068513 131.109634 111.108876 110.035218 110.092755 1569.579621 1570.069945 92.008051 -443.292685 -32.094201 159.779426 156.452171 99.680163 107.995930 122.998549 1982.939614 108.184235 -952225.893821 28.725979 114.897014 180.157982 467.019726 120.713127 115.671332 -665.904372 -897.827991 -675.021793 -2182.870125 -2255.832544 -2312.517819 -2762.383812 -34417.869012 -687.427197 -463.191392 100.844919 -1373.203730 114.311900 118.460443 139.867271 79.979623 -149395.161925 -1030.077814 -6015.135890 -349.431552 -710.253202 129.480737 140.722659 -9999.0 -9999.0 -9999.0
-9999.0 -9999.0 -9999.0 -9999.0 -9999.0 -9999.0 -9999.0 -9999.0 -9999.0 119.747724 127.344254 176.716264 156.339199 103.234757 157.477196 141.455515 101.825014 106.941702 100.731397 -371.495612 134.281143 89.134536 108.753788 90.981892 91.329630 105.143894 96.061183 108.898058 112.321253 125.104283 89.031425 -84.981882 -877.180395 -820.522919 -976.793895 -990.790200 129.213890 -465.288845 -760.591993 -394.356130 -605.278989 -382.796955 -189.522188 -1076.100544 -285.422224 91.342318 104.446212 89.567085 94.713994 86.119376 -152.121045 -820.193477 -366.490996 -351.985067 -648.972366 170.647212 249.509651 -267.960847 -523.102037 -9999.0
-9999.0 -9999.0 -9999.0 -9999.0 -9999.0 -9999.0 -9999.0 -9999.0 -9999.0 82.073460 124.487837 111.347284 3548.021647 108.713060 104.096864 104.155424 112.150549 109.178707 102.989018 -449.498230 -228.516612 -254.901636 91.575412 120.438608 106.689083 99.220219 105.658262 110.407661 88.630900 88.614881 122.746778 121.145111 131.867836 110.113460 127.581052 -1171.596881 -1219.933431 -1145.695795 101.917073 123.129639 109.990630 97.236958 -545.875718 -274.353319 -386.862198 -564.774232 -417.060586 -545.485667 82.456473 79.254394 -86.200350 96.816975 -504.206114 122.354979 -145.647144 145.389620 228.930445 172.215598 -325.948252 -9999.0
-9999.0 -9999.0 -9999.0 -9999.0 -9999.0 -9999.0 -9999.0 -9999.0 -9999.0 -9999.0 115.896573 132.728798 129.206723 1839.718733 101.938168 102.723626 112.115742 115.904641 99.328988 -449.153561 123.351919 111.003728 107.534294 112.800966 98.983641 105.302451 112.402335 87.507418 118.351505 106.068090 112.518981 3689.936584 109.129196 118.253881 148.232741 172.274360 104.842698 113.113560 -810.720503 119.974753 95.998084 106.031251 3593.205690 102.111546 110.687708 106.486601 110.178762 91.412121 75.285485 96.556382 -97.044980 -151.903508 -818.233450 -370.597395 116.299555 122.169085 143.965451 11439.225169 190.886257 96.320120
-9999.0 -9999.0 -9999.0 -9999.0 -9999.0 -9999.0 -9999.0 -9999.0 -9999.0 -9999.0 129.007505 123.331316 111.060196 116.552061 94.206635 -251.666984 99.066929 -292.990214 -570.690216 -509.185369 -499.728429 92.286963 94.258660 98.190637 107.395012 110.956386 92.234273 118.908486 115.707558 96.220322 114.747234 184.239300 -131247.513389 106.699344 109.798434 147.356133 2771.378721 128.332928 113.993399 108.721511 121.304633 -234.496808 150.472175 107.012337 112.811846 -90.449525 110.745158 106.058152 122.938571 88.914092 119.040264 114.525308 119.387419 -581.505379 -429.871857 -499.976135 99.649176 96.102726 306.514865 201.388545
-9999.0 -9999.0 -9999.0 -9999.0 -9999.0 -9999.0 -9999.0 -9999.0 122.348487 108.596702 14.225572 131.368305 307.752679 127.536415 108.702534 95.510111 -576.477276 -468.234580 -568.008633 -517.777841 -576.577975 -433.460240 89.221533 -395.677748 -230.944585 88.840348 128.579641 112.532193 131.541414 125.414223 -834.390980 127.831640 123.169838 109.810407 142.672313 94.224402 109.293826 125.860336 102.904461 -1107.057236 -1150.234015 144.363380 -425448.253715 -1055.839264 -1233.600324 1777.641428 102.244093 108.561308 105.072415 90.089409 123.069450 -93.953457 121.680619 115.799923 -912.791147 29.620778 -339.712434 99.910647 89.008931 185.697925
-9999.0 -9999.0 -9999.0 -9999.0 -9999.0 -9999.0 -9999.0 -9999.0 860.115744 144.931658 111.932908 107.074818 105.345547 1559.616754 103.428561 106.466540 99.348092 -413.169883 -556.428880 -544.213137 -397.745859 -424.521290 100.774882 -159.789217 -643.648783 90.677765 133.034017 126.797461 -299993.810901 116.619022 114.104713 -1700.300018 161.180457 -1603.384760 138.921607 115.557585 146.654402 163.351935 112.692451 115.359382 115.541405 -26.255622 -1171.626644 115.711867 2137.944230 125.622739 -143671.949524 109.711084 102.411766 110.603430 82.181497 113.964884 115.201296 106.122827 23.476822 -151152.410156 92.120815 95.086572 90.607134 104.003195
-9999.0 -9999.0 -9999.0 -9999.0 -9999.0 -9999.0 -9999.0 -9999.0 110.866525 2670.865861 115.406312 106.035514 230.306346 -5046091.265579 108.737464 97.705638 81.408330 -525.788879 -734.372722 -396.322580 -549.074307 -502.449441 -429.236699 -527.865802 -308.911511 118.812787 113.136434 106.899897 -20397698.351343 121.192865 -2914.493936 143.160555 122.742201 -161.894069 132.071425 186.910490 131.335206 92.094684 121.823439 123.563514 126.559941 -1659.684292 122.196301 2159.637637 121.549239 121.342623 -1411.016650 109.547079 101.193610 92.708692 82.807827 104.938018 101.396332 92.025660 97.814789 118.059484 102.596643 95.752718 -141.809091 -370.305437
-9999.0 -9999.0 -9999.0 -9999.0 -9999.0 -9999.0 -9999.0 -9999.0 -1221.028935 118.654869 183.380199 -15458627.743640 120.464155 111.999870 -106.204458 99.920567 92.312535 -695.957207 -333.038605 -636.778825 -549.005876 -564.953076 -601.367413 -674.970724 -464.067182 105.871745 106.762353 106.154055 103.673290 125.499236 111.985203 132.973024 -171.582962 152.860392 -161.740406 99.130698 100.533595 84.145927 113.029185 112.587717 104.512342 115.136407 121.806963 -1380.361776 105.191838 -1369.176959 28.894758 -1279.861171 90.706486 86.096886 82.184101 79.866062 92.930989 83.073812 96.227033 108.800187 100.074363 101.719011 -643.748119 -525.105702
-9999.0 -9999.0 -9999.0 -9999.0 -9999.0 -9999.0 -9999.0 -9999.0 96.913811 119.364495 3780.772085 104.109325 120.857831 118.710772 119.723737 133.374194 88.264610 98.007430 91.642845 -302.080586 -634.907114 -600.807852 -657.979578 -749.953436 -670.275461 84.354005 91.135415 111.461978 111.001653 161.927633 107.806373 129.407490 165.878584 133.259228 105.350657 108.076490 103.569965 87.888883 128.045211 115.032889 98.278856 -186.196290 122.615094 -171.458494 97.932660 108.468373 103.613748 118.222974 83.257657 86.541423 -210.986358 -746.981009 -386.718866 -432.181363 152.834483 157.006003 -215.822720 -366.039523 -367.240020 -331.760091
-9999.0 -9999.0 17.064650 121.055142 955.120675 110.264602 237.294471 139.894963 116.993432 124.424701 127.224701 252.631885 146.616467 139.899723 95.927445 83.927639 102.714455 101.832127 103.356263 101.683575 -473.512700 -735.539247 -574.308289 -890.031734 -595.301194 -614.762482 -264.393138 100.251878 127.249729 139.186873 98.136994 110.679829 259.608420 110.274051 117.601371 99.128272 108.941493 93.097314 119.021097 101.290548 101.470623 107.386861 137.589767 113.750429 97.373279 99.802761 109.273772 111.769478 87.337545 -525.740298 -952.617008 -820.789598 -213.161903 -19.718368 -157.602337 -137.454079 111.326012 97.483186 94.929038 89.510368
