erum2020/resources/simulation/Vinschgau/output-maps/psiL0006N0976.asc
ncols         63
nrows         48
xllcorner     598000.000000
yllcorner     5145000.000000
cellsize      1000.000000
NODATA_value  -9999.0
[rows 0 to 25 of 48, columns 0 to 58 of 63]
-9999.0 -9999.0 -9999.0 -9999.0 -9999.0 -9999.0 -9999.0 -9999.0 -9999.0 -9999.0 -9999.0 -9999.0 -9999.0 -9999.0 -9999.0 -9999.0 -9999.0 -9999.0 -9999.0 -9999.0 -9999.0 -9999.0 -9999.0 -9999.0 -9999.0 -9999.0 -9999.0 -9999.0 -9999.0 -9999.0 -9999.0 -9999.0 -9999.0 -9999.0 -9999.0 -9999.0 -9999.0 -9999.0 -9999.0 -9999.0 -9999.0 -9999.0 -9999.0 -9999.0 -9999.0 -9999.0 -9999.0 -9999.0 -9999.0 -9999.0 -9999.0 -9999.0 -9999.0 -9999.0 -9999.0 -9999.0 -9999.0 -9999.0 -9999.0
-9999.0 -9999.0 -9999.0 -9999.0 -9999.0 -9999.0 -9999.0 -9999.0 -9999.0 -9999.0 -9999.0 -9999.0 -9999.0 -9999.0 -9999.0 -9999.0 -9999.0 -9999.0 -9999.0 -9999.0 -9999.0 -9999.0 -9999.0 -9999.0 -9999.0 -9999.0 -9999.0 -796.197026 -33.284033 -797.521379 -24.948879 -43.225293 -12.834421 -9999.0 -9999.0 -9999.0 -9999.0 -9999.0 -9999.0 -9999.0 -9999.0 -9999.0 -9999.0 -9999.0 -9999.0 -9999.0 -9999.0 -9999.0 -9999.0 -9999.0 -9999.0 -9999.0 -9999.0 -9999.0 -9999.0 -9999.0 -9999.0 -9999.0 -9999.0
-9999.0 -9999.0 -9999.0 -9999.0 -9999.0 -9999.0 -9999.0 -9999.0 -9999.0 -9999.0 -9999.0 -9999.0 -9999.0 -9999.0 -9999.0 -9999.0 -9999.0 -9999.0 -9999.0 -9999.0 -9999.0 -9999.0 -9999.0 -9999.0 -103.585933 -107.580108 -92.195169 -88.599958 -56.074781 -28.223866 -28.696055 -9999.0 -9999.0 -9999.0 -9999.0 -9999.0 -9999.0 -9999.0 -9999.0 -9999.0 -9999.0 -9999.0 -9999.0 -9999.0 -9999.0 -9999.0 -9999.0 -9999.0 -9999.0 -9999.0 -9999.0 -9999.0 -9999.0 -9999.0 -9999.0 -9999.0 -9999.0 -9999.0 -9999.0
-9999.0 -9999.0 -9999.0 -9999.0 -9999.0 -9999.0 -9999.0 -9999.0 -9999.0 -9999.0 -9999.0 -9999.0 -9999.0 -9999.0 -9999.0 -9999.0 -9999.0 -9999.0 -9999.0 -9999.0 -9999.0 -9999.0 -9999.0 -110.351734 -69.674693 -618.864040 -635.391960 -4989.895116 -362.859989 -38.881840 -32.064086 -26.521269 -9999.0 -9999.0 -9999.0 -9999.0 -9999.0 -9999.0 -9999.0 -9999.0 -9999.0 -9999.0 -9999.0 -9999.0 -9999.0 -9999.0 -9999.0 -9999.0 -9999.0 -9999.0 -9999.0 -9999.0 -9999.0 -9999.0 -9999.0 -9999.0 -9999.0 -9999.0 -9999.0
-9999.0 -9999.0 -9999.0 -9999.0 -9999.0 -9999.0 -9999.0 -9999.0 -9999.0 -9999.0 -9999.0 -9999.0 -9999.0 -9999.0 -9999.0 -9999.0 -9999.0 -9999.0 -230.775360 -103.124028 -9999.0 -106.653890 -73.407630 -1065.269207 -507.065805 -4071.415100 -374.371650 -307.626835 149.772258 -541.639765 -36.637835 -27.354334 -797.601040 -796.998535 -9999.0 -9999.0 -9999.0 -9999.0 -9999.0 -9999.0 -9999.0 -9999.0 -9999.0 -9999.0 -9999.0 -9999.0 -9999.0 -9999.0 -9999.0 -9999.0 -9999.0 -9999.0 -9999.0 -9999.0 -9999.0 -9999.0 -9999.0 -9999.0 -9999.0
-9999.0 -9999.0 -9999.0 -9999.0 -9999.0 -9999.0 -9999.0 -9999.0 -9999.0 -9999.0 -9999.0 -9999.0 -9999.0 -9999.0 -9999.0 -9999.0 -9999.0 -1071.659141 -880.190936 -264591.962618 -799.796058 34.966265 -514.100624 -300.859315 -404.955565 -398.012486 -312.330475 -256.572220 -335.588884 -312.351402 -73.028913 -29.051765 -804.921460 -804.342007 -798.314400 -797.415277 -9999.0 -9999.0 -9999.0 -9999.0 -9999.0 -9999.0 -9999.0 -9999.0 -9999.0 -9999.0 -9999.0 -9999.0 -9999.0 -9999.0 -9999.0 -9999.0 -9999.0 -9999.0 -9999.0 -9999.0 -9999.0 -9999.0 -9999.0
-9999.0 -9999.0 -9999.0 -9999.0 -9999.0 -9999.0 -9999.0 -9999.0 -9999.0 -9999.0 -9999.0 -9999.0 -9999.0 -39.328716 -398.813207 -738.357939 -1192.904440 -801.535053 -1042.988437 -1101.871703 -542.550768 -546.054674 -537.686974 -383.117235 -312.381194 -97.641430 -157139.393811 -240.835379 -233.372422 -329.814811 9306.976643 -41.505574 -26.789249 -24.916673 -795.681508 -797.187482 -9999.0 -9999.0 -9999.0 -9999.0 -9999.0 -9999.0 -9999.0 -9999.0 -9999.0 -9999.0 -9999.0 -9999.0 -9999.0 -9999.0 -9999.0 -9999.0 -9999.0 -9999.0 -9999.0 -9999.0 -9999.0 -9999.0 -9999.0
-9999.0 -9999.0 -9999.0 -9999.0 -9999.0 -9999.0 -9999.0 -9999.0 -9999.0 -9999.0 -9999.0 -9999.0 -9999.0 -11.499019 -539.969316 -809.084741 -1077.291546 -403.642790 -802.885532 -768.779037 -989.303309 -203.268508 -486.550415 -329.290705 -371.253063 -271.148699 -35.446798 -797.225513 -796.930898 -207.367753 -147.491667 -26.623565 -797.716946 -797.844973 -797.459300 -9999.0 -9999.0 -9999.0 -9999.0 -9999.0 -9999.0 -9999.0 -9999.0 -9999.0 -9999.0 -9999.0 -9999.0 -9999.0 -9999.0 -9999.0 -9999.0 -9999.0 -9999.0 -9999.0 -9999.0 -9999.0 -9999.0 -9999.0 -9999.0
-9999.0 -9999.0 -9999.0 -9999.0 -9999.0 -9999.0 -9999.0 -9999.0 -9999.0 -9999.0 -9999.0 -9999.0 -9999.0 -622.039098 778.587288 -641.459693 -841.972016 -992.070949 -803.531472 -1108.261304 -340.784348 -145821.757881 -401.630344 -357.452462 -370.965970 -315.902081 -797.803896 -797.587631 -28.334795 -797.867203 -26.008781 -796.303346 -797.949839 -795.132523 -797.641947 -9999.0 -9999.0 -9999.0 -9999.0 -9999.0 -9999.0 -9999.0 -9999.0 -9999.0 -9999.0 -9999.0 -9999.0 -9999.0 -9999.0 -9999.0 -9999.0 -9999.0 -9999.0 -9999.0 -9999.0 -9999.0 -9999.0 -9999.0 -9999.0
-9999.0 -9999.0 -9999.0 -9999.0 -9999.0 -9999.0 -9999.0 -9999.0 -9999.0 -9999.0 -9999.0 -9999.0 -455.478348 5159.929678 -517.573671 -345.686401 -533.596087 -737.741033 -461.769772 -148360.640676 -539.242573 -375.704445 -5580.822913 -246.514325 3455.238555 -32.975771 47.369262 -30.601215 -25.390403 -797.034741 -30.513340 -797.067528 -23.729724 -797.791694 -9999.0 -9999.0 -9999.0 -9999.0 -9999.0 -9999.0 -9999.0 -9999.0 -9999.0 -9999.0 -9999.0 -9999.0 -9999.0 -9999.0 -9999.0 -9999.0 -9999.0 -9999.0 -9999.0 -9999.0 -9999.0 -9999.0 -9999.0 -9999.0 -9999.0
-9999.0 -9999.0 -9999.0 -9999.0 -9999.0 -9999.0 -9999.0 -9999.0 -9999.0 -9999.0 -9999.0 974.435557 -285.038523 442.037240 -464.693505 1962.002689 -152284.087908 -700.613638 -187.872966 -4263.528258 -344.203409 -307.830657 -36.839005 -34.353793 -228.296334 -27.045496 -24.790200 -25.988072 3561.445166 -794.791399 -797.239435 -25.423756 -796.353891 -797.428577 -797.185891 -799.118328 -163.514136 -293.298952 -670.191522 -9999.0 -9999.0 -9999.0 -800.157844 -9999.0 -9999.0 -9999.0 -9999.0 -9999.0 -9999.0 -9999.0 -9999.0 -9999.0 -9999.0 -9999.0 -9999.0 -9999.0 -9999.0 -9999.0 -9999.0
-9999.0 -9999.0 -9999.0 -9999.0 -9999.0 -9999.0 -9999.0 -9999.0 -9999.0 -9999.0 -9999.0 830.473461 -403.785525 -250.173935 -669.271290 -54.073688 -947.451072 -989.723857 -411.863715 -346.399389 -231.741629 -44.006701 -7.499321 -140.136621 -125.594316 -27.084373 -31.986967 -27.687148 -792.824578 -797.122400 -24.695352 -23.791464 -30.478863 -23.616155 -37.304539 -37.717226 -80.451483 -269.027881 -273.102188 -801.425859 -800.215227 -796.956797 -25.493898 -796.750026 -9999.0 -9999.0 -9999.0 840.493948 -23.627278 -796.032217 -24.338094 -796.247749 -795.995439 844.859394 837.671499 -788.439380 -9999.0 -9999.0 -9999.0
-9999.0 -9999.0 -9999.0 -9999.0 -9999.0 -9999.0 -9999.0 -9999.0 -9999.0 -9999.0 -9999.0 647.748226 -116.747196 -184.470154 1028.006350 -41.219102 -283.712018 -732.222465 -424.793767 -415.462428 -452.881738 -245.558114 -185.122806 -39.338228 -26.844820 -798.602474 -141.818375 -16.249061 -796.712288 -26.028948 -796.565429 -134.401582 -27.198512 -26.950973 -796.831229 -66.896570 -181.567499 -1603.931403 -304.275705 -803.657413 -250.476530 -356.060045 -33.031809 -28.264444 -28.173149 -9999.0 -797.692328 -23.618978 -24.265467 -24.911789 -26.977063 -797.219258 -25.574835 -23.316783 -21.251960 -24.384737 -9999.0 -9999.0 -9999.0
-9999.0 -9999.0 -9999.0 -9999.0 -9999.0 -9999.0 -9999.0 -9999.0 -9999.0 -9999.0 -9999.0 -9999.0 1044.667638 1100.732945 -31.319053 -20.792495 -506.436390 -767.163259 -351.611677 -379.708699 -562.646504 -266.262637 -252.222661 -135.279229 -141.575848 -161.508792 933.120456 -35.291351 -25.043125 -796.395241 -27.418109 -130.432980 -42.230523 -25.473253 -26.932124 -70.676225 -1505.952411 -3317.440158 -2260.293780 -607.816519 -1672.660956 -801.560632 -262.898042 -38.808480 -797.855045 -25.449442 -796.914086 -24.212721 -206.645810 -135.609452 964.993931 -98.646577 1560.045022 776.105096 -98.796952 -57.409474 -59.342661 -9999.0 -9999.0
-9999.0 -9999.0 -9999.0 -9999.0 -9999.0 -9999.0 -9999.0 -9999.0 -9999.0 -9999.0 -9999.0 949.137531 -90.352749 -42.592671 -185.710036 -233.240161 -295.639268 -557.748422 -342.416115 -645.234032 -675.976306 -381.608283 -162.143000 -253.798137 -179.771688 -149.881525 980.222996 -27.365297 -32.210162 -797.942829 -132.819814 -138.014050 -25.626785 -25.219133 -27.719797 -32.710678 -257.200404 -13218.499517 -1336.048952 -290.306201 -7122.763399 -1654.801995 -232.615511 -196413.655491 -41.121256 -31.410161 -25.099499 -797.955209 -798.884823 -1372.471754 -148587.635449 -24.685429 -100.154015 -104222.773871 -136236.102190 -797.851186 -796.149141 -9999.0 -9999.0
-9999.0 -9999.0 -9999.0 -9999.0 -9999.0 -9999.0 -9999.0 -9999.0 -9999.0 -9999.0 3114.932864 -143.618898 -83.549726 -84.716212 -36.856407 -43.062855 -71.084580 -424.006527 -793.269016 -623.723980 -263.886905 -74.943399 -181.509749 -55.889515 -268.353137 3047.507808 -174.464810 -150857.120018 -37.677027 -34.985102 -145.109731 -35.948589 -29.157066 -24.315760 -797.295229 -798.475550 -75.385727 -177.070856 -1665.180657 -357.986064 -214.924891 -109769.161554 -659.666599 -266.796941 -219.147450 -798.875188 -25.772450 -246.385323 -159.084211 -236.095304 -150272.023524 -798.032630 -110848.600300 -779.732303 -797.803614 -24.795249 -24.619474 -9999.0 -9999.0
-9999.0 -9999.0 -9999.0 -9999.0 -9999.0 -9999.0 -9999.0 -9999.0 -9999.0 -26.314556 782.793790 793.100537 -158.954692 -193.220123 796.132599 -158.030977 -204.295711 -87.703125 -842.898370 -752.982978 -315.846810 -724.994278 -221.626358 -400.487769 -290.501482 -130.369487 -160.395493 -37.871594 -265.154224 -215.386560 -250.430182 -798.628996 -796.813000 -797.501657 -796.792681 -797.382809 -27.193709 -152.419151 -160.674982 -173.801619 -199.404867 -267.767898 -166.713077 -619.128258 -164.312321 -234.260815 -40.560701 -268.527615 -245.925613 -284.888686 -3315.687325 -796.906253 -791.268047 -786.656232 -796.452263 -168.593150 -103.839954 -755.211724 -795.824877
-9999.0 -9999.0 -9999.0 -9999.0 -9999.0 -9999.0 -9999.0 -9999.0 -9999.0 -21.179749 -25.709642 -28.780275 6987.356732 -287.768583 -222.248992 -198.997218 -49.040221 -310.823460 -888.970839 -473.112962 -413.262108 -588.525835 -114.643097 -145.372936 -130.736085 -180.655937 -196.906865 -253.352253 -294.019224 -174.625865 -63.747360 -136.168468 -25.838064 -25.532521 -25.146165 -799.108847 -798.790808 -798.943677 -37.639464 -29.338175 987.606200 -141.206225 -253.247055 -266.758435 -454.326340 -303.841614 -242.011106 -277.662612 -254.727177 -263.523883 -981.673496 -274.000359 -795.890885 -21.188783 -471.130607 713.543527 -152.985732 -115.165920 -779.723422
-9999.0 -9999.0 -9999.0 -9999.0 -9999.0 -9999.0 -9999.0 -9999.0 -9999.0 -9999.0 -27.956129 -26.808858 -112.254296 2917.577605 -238.576444 -227.582334 -277.565634 -269.679583 -923.350064 -555.351227 -356.780894 -264.513244 -327.404777 -153.930589 -188.031155 -222.488391 -283.867115 138.772269 -66.048131 -129.713179 -107.546235 5528.033457 -154.400116 -23.980829 -25.966171 -27.461632 -120.785654 -27.893537 -797.006080 -25.380921 -29.850794 209.605426 6591.080436 -153.559191 -152.812982 -361.248707 -145.852109 -200.924820 -259.557553 -235.099705 -1356.655067 -3482.604260 -796.706178 -786.471455 -83.842641 -22.365384 405.263122 10837.949462 -205.065130
-9999.0 -9999.0 -9999.0 -9999.0 -9999.0 -9999.0 -9999.0 -9999.0 -9999.0 -9999.0 -24.646200 -27.348432 -63.181894 -164.226009 -151.034683 -544.339291 -461.649560 -681.863103 -773.618630 -1004.498076 -972.384708 -768.725325 -380.215208 -237.695334 -234.071029 -273.547509 174.117148 -337.815740 -139.415551 -128.869524 -24.894269 -17.227799 -161050.141528 -25.373094 -28.098698 661.969870 3819.847094 -145.864695 -230.646810 -28.522568 -26.323081 -610.402650 -124.861050 -33.665134 876.176261 -661.624625 -225.469525 -154.578898 -144.154479 -68.282516 -187.179145 -232.532794 -104.098161 -795.786278 -792.301177 -795.017989 -23.597772 -168.113039 171.616085
-9999.0 -9999.0 -9999.0 -9999.0 -9999.0 -9999.0 -9999.0 -9999.0 911.523654 -31.243779 -45.852029 -46.402661 -106.062378 -136.979407 -173.539874 -369.222117 -887.282071 -622.036421 -639.282731 -1162.187954 -1161.661461 -996.836985 -904.026354 -769.196994 -383.823746 -163.156673 -245.179062 -144.990810 -117.100151 -175.044882 -797.268882 -24.948703 -26.095962 -27.152931 -26.332009 -30.500118 -44.702343 -154.175389 -130.383825 -796.975093 -797.031139 418.214377 -153630.757456 -797.544442 -799.494789 935.744175 -114.227954 -144.028045 -160.749981 -55.213221 -359.281306 -1094.514477 -113.020647 -214.244920 -797.888377 -24.279299 -774.133115 39.034887 -185.397986
-9999.0 -9999.0 -9999.0 -9999.0 -9999.0 -9999.0 -9999.0 -9999.0 -20.120191 -128.560959 -263.090434 -26.888063 -30.586209 881.800490 -220.893630 -353.434329 -687.825646 -783.093965 -1460.324001 -1171.190738 -456.565550 -536.396921 -547.006991 -604.453016 -912.800454 -530.421147 -285.054624 -130.518618 -148669.473376 -27.508028 -26.540999 -797.736082 -25.793750 -796.206367 -42.621386 849.798799 -24.546627 -185.101399 -216.751560 -30.366012 -26.599213 -140.364042 -797.614852 -30.348386 3499.751408 -125.522870 -152099.236408 -29.726997 -157.807174 -387.552612 163.464235 -133.191805 -126.445035 -25.853089 -32.772427 -148222.612004 -239.677981 -232.479730 -125.097224
-9999.0 -9999.0 -9999.0 -9999.0 -9999.0 -9999.0 -9999.0 -9999.0 -24.995964 -17.547162 -74.033768 -225.711786 -43.756748 -148681.219061 -182.597809 -177.864766 -603.837319 -559.521466 -1167.736699 -498.222385 -1188.792084 -655.962800 -599.323381 -896.565774 -498.893278 -712.900100 -317.025353 -180.206101 -152173.394707 -26.767117 -798.007267 -51.063318 -117.545300 -4669.418024 -46.814162 -26.239824 -174.373160 -64.329689 -93.912876 -200.547330 -27.679050 -797.131491 885.626550 859.492273 -115.813659 665.287756 -798.764260 -65.345132 -135.289134 -149.579472 -325.795942 -332.000385 -157.552466 -152.781618 -241.220404 -114.961723 185.188723 -101.656050 -391.218372
-9999.0 -9999.0 -9999.0 -9999.0 -9999.0 -9999.0 -9999.0 -9999.0 -797.067267 -27.187986 938.048094 -203452.484917 -36.560469 786.034077 -1848.653926 -374.119645 -448.747428 -1085.635383 -425.218514 -1139.695619 -1088.980900 -1010.584612 -634.540542 -808.507987 -793.452335 -525.792728 -320.757410 -156.346481 -68.160929 -257.778149 -257.648532 -230.540773 -3675.423831 -148.922341 -2566.249268 -42.142510 -74.077968 -713.878891 -118.888592 -224.187124 -36.932448 -35.830928 -30.680295 -798.204300 -94.329123 -798.662209 -34.849577 -797.391649 -37.172756 -246.864139 -321.540519 -261.915111 -344.871056 867.924784 -167.979991 180.747103 -206.937114 -333.460018 -532.613386
-9999.0 -9999.0 -9999.0 -9999.0 -9999.0 -9999.0 -9999.0 -9999.0 -84.719296 888.230929 5624.834544 -159.400759 -153.791042 -191.253780 -177.660727 -114.509676 -137.446140 -684.512289 -574.836210 -785.911060 -931.266025 -848.151245 -1014.389227 -1062.296064 -454.414109 -550.639555 -241.260793 -222.403753 -261.693839 -177.020348 -161.016989 -236.124528 -39.888920 -85.755626 -198.503888 -203.579049 -245.452218 -836.499121 -208.035394 -70.460350 -187.370794 -1100.513058 -219.046105 -1720.739984 -235.177408 -38.106520 -236.405819 -228.294490 -239.934230 -222.218763 -170.916939 -563.257274 -339.155908 -242.949973 233.784691 227.977263 -35.806113 -278.177144 -319.465764
-9999.0 -9999.0 -41.801232 -54.006416 666.041285 -172.826881 -121.514632 -115.663413 620.484934 241.766889 -123.599294 956.912535 -191.629953 -105.282739 182.843536 -21.578129 -146.973096 -189.881039 -182.222285 -394.755644 -793.995702 -733.038867 -346.961546 -1265.192554 -937.722969 -773.607991 -531.207578 -470.730439 -452.473279 -156.169039 -366.757616 -428.915564 102.801531 -591.680802 -333.621205 -763.612900 -568.440070 -981.392020 -286.444448 -215.382619 -325.392853 -261.808068 -178.680161 -256.091743 -159.615127 -207.910750 -98.367110 -370.282043 -215.233565 -354.830312 -498.664974 -476.979279 -222.280166 -142.537728 194.753995 198.525103 -139.373109 -304.093707 -296.919072
