erum2020/resources/simulation/Vinschgau/output-maps/psiL0001N0168.asc
ncols         63
nrows         48
xllcorner     598000.000000
yllcorner     5145000.000000
cellsize      1000.000000
NODATA_value  -9999.0
[rows 0 to 25 of 48, columns 0 to 57 of 63]
-9999.0 -9999.0 -9999.0 -9999.0 -9999.0 -9999.0 -9999.0 -9999.0 -9999.0 -9999.0 -9999.0 -9999.0 -9999.0 -9999.0 -9999.0 -9999.0 -9999.0 -9999.0 -9999.0 -9999.0 -9999.0 -9999.0 -9999.0 -9999.0 -9999.0 -9999.0 -9999.0 -9999.0 -9999.0 -9999.0 -9999.0 -9999.0 -9999.0 -9999.0 -9999.0 -9999.0 -9999.0 -9999.0 -9999.0 -9999.0 -9999.0 -9999.0 -9999.0 -9999.0 -9999.0 -9999.0 -9999.0 -9999.0 -9999.0 -9999.0 -9999.0 -9999.0 -9999.0 -9999.0 -9999.0 -9999.0 -9999.0 -9999.0
-9999.0 -9999.0 -9999.0 -9999.0 -9999.0 -9999.0 -9999.0 -9999.0 -9999.0 -9999.0 -9999.0 -9999.0 -9999.0 -9999.0 -9999.0 -9999.0 -9999.0 -9999.0 -9999.0 -9999.0 -9999.0 -9999.0 -9999.0 -9999.0 -9999.0 -9999.0 -9999.0 -28.698618 18884.994139 -27.468540 -353.167814 -504.221258 -507.753241 -9999.0 -9999.0 -9999.0 -9999.0 -9999.0 -9999.0 -9999.0 -9999.0 -9999.0 -9999.0 -9999.0 -9999.0 -9999.0 -9999.0 -9999.0 -9999.0 -9999.0 -9999.0 -9999.0 -9999.0 -9999.0 -9999.0 -9999.0 -9999.0 -9999.0
-9999.0 -9999.0 -9999.0 -9999.0 -9999.0 -9999.0 -9999.0 -9999.0 -9999.0 -9999.0 -9999.0 -9999.0 -9999.0 -9999.0 -9999.0 -9999.0 -9999.0 -9999.0 -9999.0 -9999.0 -9999.0 -9999.0 -9999.0 -9999.0 10156.444986 16337.093725 21140.775683 21484.787772 19779.507284 21827.122871 9481.440449 -9999.0 -9999.0 -9999.0 -9999.0 -9999.0 -9999.0 -9999.0 -9999.0 -9999.0 -9999.0 -9999.0 -9999.0 -9999.0 -9999.0 -9999.0 -9999.0 -9999.0 -9999.0 -9999.0 -9999.0 -9999.0 -9999.0 -9999.0 -9999.0 -9999.0 -9999.0 -9999.0
-9999.0 -9999.0 -9999.0 -9999.0 -9999.0 -9999.0 -9999.0 -9999.0 -9999.0 -9999.0 -9999.0 -9999.0 -9999.0 -9999.0 -9999.0 -9999.0 -9999.0 -9999.0 -9999.0 -9999.0 -9999.0 -9999.0 -9999.0 14517.354437 12998.456623 5293.257559 5459.817927 6490.511581 12296.807685 26453.086373 23664.780547 14396.321881 -9999.0 -9999.0 -9999.0 -9999.0 -9999.0 -9999.0 -9999.0 -9999.0 -9999.0 -9999.0 -9999.0 -9999.0 -9999.0 -9999.0 -9999.0 -9999.0 -9999.0 -9999.0 -9999.0 -9999.0 -9999.0 -9999.0 -9999.0 -9999.0 -9999.0 -9999.0
-9999.0 -9999.0 -9999.0 -9999.0 -9999.0 -9999.0 -9999.0 -9999.0 -9999.0 -9999.0 -9999.0 -9999.0 -9999.0 -9999.0 -9999.0 -9999.0 -9999.0 -9999.0 5254.467079 5923.873847 -9999.0 11141.288566 12164.466257 4923.824713 5614.273167 31152.915397 11390.722627 11077.213505 10802.136132 11512.045552 27685.613296 21515.268011 -26.559283 -26.049220 -9999.0 -9999.0 -9999.0 -9999.0 -9999.0 -9999.0 -9999.0 -9999.0 -9999.0 -9999.0 -9999.0 -9999.0 -9999.0 -9999.0 -9999.0 -9999.0 -9999.0 -9999.0 -9999.0 -9999.0 -9999.0 -9999.0 -9999.0 -9999.0
-9999.0 -9999.0 -9999.0 -9999.0 -9999.0 -9999.0 -9999.0 -9999.0 -9999.0 -9999.0 -9999.0 -9999.0 -9999.0 -9999.0 -9999.0 -9999.0 -9999.0 -96.692710 24312.907783 402.152073 -30.064727 6754.956818 8170.268190 14682.437439 8977.566991 15993.939742 -256.940865 -555.841380 14839.268249 11146.394850 12968.963045 26787.334358 -27.118432 -26.392554 -27.356421 -227.862430 -9999.0 -9999.0 -9999.0 -9999.0 -9999.0 -9999.0 -9999.0 -9999.0 -9999.0 -9999.0 -9999.0 -9999.0 -9999.0 -9999.0 -9999.0 -9999.0 -9999.0 -9999.0 -9999.0 -9999.0 -9999.0 -9999.0
-9999.0 -9999.0 -9999.0 -9999.0 -9999.0 -9999.0 -9999.0 -9999.0 -9999.0 -9999.0 -9999.0 -9999.0 -9999.0 9354.097113 6193.620398 21139.064287 8709.332255 340.073474 3715.598592 8593.570272 6259.976988 5895.827543 8251.740266 8339.837442 18580.672474 -437.091962 -28.737904 -1111.875710 -545.469896 -1002.181606 12735.238289 11029.028064 9879.593824 24785.068782 -25.690214 -276.918786 -9999.0 -9999.0 -9999.0 -9999.0 -9999.0 -9999.0 -9999.0 -9999.0 -9999.0 -9999.0 -9999.0 -9999.0 -9999.0 -9999.0 -9999.0 -9999.0 -9999.0 -9999.0 -9999.0 -9999.0 -9999.0 -9999.0
-9999.0 -9999.0 -9999.0 -9999.0 -9999.0 -9999.0 -9999.0 -9999.0 -9999.0 -9999.0 -9999.0 -9999.0 -9999.0 7938.520801 4731.649559 18875.412194 19097.346589 4741.517768 -6.545638 24075.544530 38955.946521 17122.694292 23018.077087 12852.895831 11726.443007 14454.499174 20250.118161 -27.105720 -26.730154 -203.091303 -1266.610151 -464.076056 -135.485972 -150.418072 -245.779896 -9999.0 -9999.0 -9999.0 -9999.0 -9999.0 -9999.0 -9999.0 -9999.0 -9999.0 -9999.0 -9999.0 -9999.0 -9999.0 -9999.0 -9999.0 -9999.0 -9999.0 -9999.0 -9999.0 -9999.0 -9999.0 -9999.0 -9999.0
-9999.0 -9999.0 -9999.0 -9999.0 -9999.0 -9999.0 -9999.0 -9999.0 -9999.0 -9999.0 -9999.0 -9999.0 -9999.0 5868.741020 5857.228387 4641.149110 17110.581867 11534.076356 -11.046145 15752.851841 6873.389366 -28.531165 12261.717603 11666.613517 9914.740223 7147.039842 -27.864929 -26.950330 20460.265668 -94.886999 -486.835733 -155.102068 -126.952790 -312.753166 -289.936516 -9999.0 -9999.0 -9999.0 -9999.0 -9999.0 -9999.0 -9999.0 -9999.0 -9999.0 -9999.0 -9999.0 -9999.0 -9999.0 -9999.0 -9999.0 -9999.0 -9999.0 -9999.0 -9999.0 -9999.0 -9999.0 -9999.0 -9999.0
-9999.0 -9999.0 -9999.0 -9999.0 -9999.0 -9999.0 -9999.0 -9999.0 -9999.0 -9999.0 -9999.0 -9999.0 7907.269551 5263.902372 4790.171670 14830.484194 5389.397432 11226.798710 6155.321185 -27.070769 9618.722534 6080.743552 5936.497326 7859.999261 7521.595779 -411.202456 3815.777716 10391.793300 21841.125934 -126.753107 -444.678311 -26.941299 29743.173544 -25.724447 -9999.0 -9999.0 -9999.0 -9999.0 -9999.0 -9999.0 -9999.0 -9999.0 -9999.0 -9999.0 -9999.0 -9999.0 -9999.0 -9999.0 -9999.0 -9999.0 -9999.0 -9999.0 -9999.0 -9999.0 -9999.0 -9999.0 -9999.0 -9999.0
-9999.0 -9999.0 -9999.0 -9999.0 -9999.0 -9999.0 -9999.0 -9999.0 -9999.0 -9999.0 -9999.0 9258.408567 10525.437815 5224.770895 13171.524458 12384.778231 -28.727738 18892.837672 6461.323055 -27.318402 31673.830990 5195.195189 8609.092467 -322.536487 7907.082795 13840.837066 -388.958656 15446.367703 10767.145789 -155.185420 -27.986247 24455.068741 -26.666378 -25.210130 -25.040670 -24.116796 61192.452860 68169.796428 68710.504672 -9999.0 -9999.0 -9999.0 -25.083712 -9999.0 -9999.0 -9999.0 -9999.0 -9999.0 -9999.0 -9999.0 -9999.0 -9999.0 -9999.0 -9999.0 -9999.0 -9999.0 -9999.0 -9999.0
-9999.0 -9999.0 -9999.0 -9999.0 -9999.0 -9999.0 -9999.0 -9999.0 -9999.0 -9999.0 -9999.0 10365.797855 10513.496202 7940.790489 7455.774642 13177.965098 7375.235508 19806.542191 6624.391028 5193.290060 5338.892548 4959.383441 8343.171505 6537.793375 6721.066248 11534.443590 11920.065458 18702.681405 -28.611799 -27.173390 25278.414079 21961.716994 37681.397552 21315.629041 37737.441604 63461.237648 69451.840711 4313.958793 86635.740494 -22.533660 -23.037662 -23.610120 40667.493468 -25.920153 -9999.0 -9999.0 -9999.0 4683.137636 8213.110849 -31.323450 6403.738636 -30.798800 -30.698497 2702.111639 4009.314334 -29.179520 -9999.0 -9999.0
-9999.0 -9999.0 -9999.0 -9999.0 -9999.0 -9999.0 -9999.0 -9999.0 -9999.0 -9999.0 -9999.0 10573.872196 10653.791979 16900.262729 6445.693832 11415.811489 9246.285647 7780.369110 7039.190491 6994.647776 21976.046554 10325.257956 11518.796909 12467.600859 10882.307341 -27.871412 14458.030900 10159.934941 -28.048134 12023.648257 -27.228224 20155.483941 27672.316206 29236.728943 -24.483462 64547.847433 11.187469 10487.087097 -1656.769858 -37.635821 75448.832870 70896.599764 39076.739807 39607.294486 20360.764472 -9999.0 -29.835566 9401.491766 7914.564982 5689.653129 8615.477703 265.714039 4095.507072 4088.798455 4024.346467 4045.159772 -9999.0 -9999.0
-9999.0 -9999.0 -9999.0 -9999.0 -9999.0 -9999.0 -9999.0 -9999.0 -9999.0 -9999.0 -9999.0 -9999.0 10850.176927 6656.507998 4899.904138 7705.266495 3421.122366 28770.326283 6887.867147 8896.301839 26465.906886 9656.139995 8366.178913 10760.461758 10101.085053 13141.905673 5133.337018 11669.017891 14920.441575 -28.238549 19991.015740 18142.756048 29079.823147 25444.745271 21854.475172 57154.399762 243901.428723 -550.609518 -3419.413762 -265.030559 66749.180198 -23.912231 41957.552499 14909.906780 -26.392243 13670.773728 -30.105994 9884.338276 10758.259181 12079.476755 6717.686597 5813.038522 4342.877302 4365.565328 1424.094453 623.574040 987.461021 -9999.0
-9999.0 -9999.0 -9999.0 -9999.0 -9999.0 -9999.0 -9999.0 -9999.0 -9999.0 -9999.0 -9999.0 6639.516055 -448.800145 11193.822360 8674.954912 8263.224338 8583.588775 5119.023115 4642.495959 1002.972325 29555.306423 6057.531531 7855.048062 13592.062999 12128.110944 7424.799535 7737.184169 11454.506921 18187.066208 -27.690380 20035.851234 15941.469921 18536.171142 23081.474502 -524.020959 51725.334961 -966.073855 167418.810524 54789.052164 -433.419123 60931.730055 51154.766130 48343.972470 -24.993353 12004.950336 13237.457163 11202.270945 298.947126 277.568503 22226.749475 -30.685709 -427.599151 -388.063124 -393.321818 -809.900746 -52.921432 -25.779024 -9999.0
-9999.0 -9999.0 -9999.0 -9999.0 -9999.0 -9999.0 -9999.0 -9999.0 -9999.0 -9999.0 5280.329499 8332.206368 5738.027586 9806.919091 4742.811057 7611.453161 13514.152095 11240.397498 16676.457360 11519.282613 7698.441359 5361.649006 10456.609461 4969.804126 7707.371981 6752.214633 8754.613138 -27.228680 12508.679828 9253.237323 13113.378641 16148.049205 12121.537709 -387.237680 -244.822408 -24.423035 65263.978060 315483.317225 298203.047287 56888.350993 66460.415789 2543.906603 -5.521134 45753.019434 17750.514969 -26.718330 11091.465941 13773.117724 12513.107120 14029.566716 -30.575483 -71.569758 -902.472421 -75.889576 -67.516731 2856.564975 3936.458137 -9999.0
-9999.0 -9999.0 -9999.0 -9999.0 -9999.0 -9999.0 -9999.0 -9999.0 -9999.0 5018.912781 5330.103912 5760.337744 8244.638644 9668.278404 4887.106020 11922.400489 9388.435655 4672.604973 24170.621984 1745.075200 9468.641361 13521.697980 13092.633025 12710.254452 6922.872680 10109.621395 19476.640972 7903.302308 11938.545140 11308.215277 21862.750035 14881.046572 -285.462587 -89.339078 -25.234308 -24.768106 31614.918918 43643.995839 39553.629226 48055.612135 85195.856089 30263.398558 30382.782733 73673.181805 34979.403478 24343.148363 6278.811513 15501.341805 15868.885190 18172.150118 13735.510166 -29.795659 -105.809804 -30.035161 -29.977579 7451.045389 4079.652306 355.807916
-9999.0 -9999.0 -9999.0 -9999.0 -9999.0 -9999.0 -9999.0 -9999.0 -9999.0 5500.662403 8611.910330 5359.095039 6087.218461 8568.635763 6689.772589 7743.460494 4339.609649 10989.599859 25676.009290 9581.121637 10291.329198 24811.860972 6993.284494 6306.326569 8404.575737 13894.164719 10186.247416 9656.130182 22072.698215 11050.755410 17611.351469 18627.651283 17024.966775 12920.241130 27430.006651 -25.880152 -25.089653 -25.149761 29232.459005 18981.033326 -412.157344 -451.364316 19888.131761 18926.265076 1179.093370 30926.071217 34606.323988 28143.690656 11559.339265 23047.990761 10815.402403 10489.336344 -29.780205 5179.383945 -28.432617 4505.248269 4235.226091 4505.560784
-9999.0 -9999.0 -9999.0 -9999.0 -9999.0 -9999.0 -9999.0 -9999.0 -9999.0 -9999.0 4146.231803 6246.015266 11641.809945 4464.292002 13441.113782 6140.437684 5450.600072 3751.309838 -156.731436 15531.735654 6344.170130 24985.415119 5805.918638 8449.417254 13681.543510 10559.626232 22904.295649 39392.435341 14433.946601 -353.221639 -290.805482 6164.809739 -518.527154 12870.428102 22723.983052 16225.055469 14851.625417 21622.785867 -26.045414 19970.513004 -383.905989 16061.398417 17563.348512 15096.497935 22750.909644 32475.039803 13157.492814 7678.659887 102667.060415 22840.899326 13119.244516 10601.995670 -28.479492 -29.714470 -165.106711 5378.043872 2486.235168 7751.096895
-9999.0 -9999.0 -9999.0 -9999.0 -9999.0 -9999.0 -9999.0 -9999.0 -9999.0 -9999.0 5939.589574 5707.379962 6825.387459 6711.470167 8718.052429 23946.001661 11338.120984 19899.642882 416.782409 1067.502952 24211.626753 14262.504484 8251.745709 10043.797792 9763.669131 30648.944990 27615.412824 13716.950198 12056.601247 -410.133217 -450.182244 11848.976596 -27.427868 -417.997105 -385.662804 10342.127366 19960.525617 16018.947179 20841.091490 11398.779968 12995.890764 -29.219639 4678.758707 -451.562060 4344.562404 11386.379092 9805.369055 18342.352572 65626.577894 28553.117828 14715.757637 8828.528403 5991.086698 -25.049287 -30.187271 -19.430742 3245.031528 4440.201375
-9999.0 -9999.0 -9999.0 -9999.0 -9999.0 -9999.0 -9999.0 -9999.0 5298.031645 7748.324928 15311.413236 7474.456254 11120.932356 11344.482432 7736.487217 18958.292050 27862.749970 19016.368408 728.816281 643.628172 546.899374 59283.131071 41294.385172 15948.026419 16086.888120 81584.646761 10026.795128 14913.616199 12390.030137 15864.690116 -155.257994 11248.258224 14028.574080 13141.660390 11623.278186 -402.295633 11750.237074 17011.457995 19486.380211 -29.263073 -28.845195 -297.444649 -323.674541 -85.944214 267.321517 5917.726859 -491.029920 5855.194432 7926.492778 13312.284965 9763.825249 10790.956491 5171.233859 9116.358452 332.491137 3750.886185 337.254897 4473.327865
-9999.0 -9999.0 -9999.0 -9999.0 -9999.0 -9999.0 -9999.0 -9999.0 -30.262921 6973.907171 13593.614742 -581.579110 12488.488607 10455.807760 7381.385190 2241.655393 15134.072919 15502.389189 309.474330 350.512509 564.634914 -83.044905 22845.557029 30238.495448 78113.409247 68246.482014 25185.375388 13978.120027 -28.654150 10985.490576 11744.902287 -28.017655 10955.521768 -29.742230 7800.702408 8377.326421 12513.804413 14164.684219 12437.745874 10079.781956 -466.970196 -490.239423 -72.548881 8361.064702 9062.813053 8094.227537 -29.824761 7714.605161 11381.430948 5133.451680 21340.453389 9453.466565 6567.519641 3883.936316 10295.772571 418.043733 9175.311152 11971.718948
-9999.0 -9999.0 -9999.0 -9999.0 -9999.0 -9999.0 -9999.0 -9999.0 -268.775507 11167.432358 6479.640771 8360.806055 11062.347904 -29.934978 4804.551681 13601.469615 39533.313955 17444.734199 294.339198 6.546800 6.394186 919.586166 -87.771973 1611.586004 27965.825329 25550.308573 4176.741952 14530.978666 -26.708467 17341.158613 -28.243658 10753.215263 17802.376322 21734.739400 6111.589167 7623.803493 10621.134774 16808.255631 14849.452826 11370.969496 10511.175439 -29.745643 5823.425383 3284.689558 3470.699499 4190.873971 -29.675606 4497.498346 9051.753062 4545.401694 102179.160718 17076.024481 12258.709280 12105.807320 17871.449199 13181.343871 20426.028794 12400.474450
-9999.0 -9999.0 -9999.0 -9999.0 -9999.0 -9999.0 -9999.0 -9999.0 -28.153183 9024.313118 4919.568373 -28.862088 4841.656356 4905.935279 10700.720402 15108.739884 1494.245428 304.810246 20343.467082 11.706001 -141.963338 332.779840 835.419005 3274.035503 8434.327728 10818.821203 5529.215570 15496.285182 5869.167525 9422.997563 16068.516939 14703.623734 13200.503361 10831.575158 13370.228732 11252.376262 12437.068407 12651.374685 14980.313850 14231.150143 9119.455889 7193.971506 6743.530240 302.945327 5226.463569 321.046636 5341.158338 279.971037 5133.571738 14041.039500 -35.081418 194528.907280 8926.237410 10259.700651 7099.797371 9075.149139 -133.043054 -229.758554
-9999.0 -9999.0 -9999.0 -9999.0 -9999.0 -9999.0 -9999.0 -9999.0 6016.527221 9050.529574 5042.421133 6033.375413 6294.107104 7127.435427 9473.412876 12150.779938 9064.077929 24964.790774 19993.892249 12643.879752 961.238012 685.108056 1033.278966 15315.117003 16283.739700 5985.232407 12789.383239 6592.472975 8867.982298 7577.487298 11137.228369 5675.985581 15571.696434 6901.654571 15740.076193 12411.135946 12331.629480 7186.209457 16158.011181 12278.950106 13603.399316 13175.599101 12001.411455 13934.965345 14684.664056 7478.307603 13332.098083 11029.644571 10965.658168 23178.498132 25581.499636 99869.882807 203287.204991 54285.641453 -57.608902 -160.321218 1392.513929 913.114057
-9999.0 -9999.0 13181.461474 9379.003519 9783.468093 11603.450824 8523.288012 11482.044423 10895.201566 7955.508868 9875.962969 1963.791366 1644.769382 6407.135819 16228.547235 8845.221624 7866.532341 12169.407156 10642.077480 18983.322517 15583.117977 375.244129 1088.387131 -164.926472 15158.642299 33133.003342 10603.916200 15085.373177 22783.396547 7000.653196 7913.590349 5548.827248 9094.692185 8348.242620 16378.906998 6777.057375 16011.562103 11836.224865 16626.886224 11158.498306 12568.931230 15232.657851 24363.150707 2042.050031 10945.734213 10852.039393 18050.446715 6234.469029 30633.564693 51714.348390 -155.944683 -180.572232 2798.510403 55619.984662 73997.144706 1741.483465 -164.025647 -169.811997
