erum2020/resources/simulation/Vinschgau/output-maps/psiL0003N0659.asc
ncols         63
nrows         48
xllcorner     598000.000000
yllcorner     5145000.000000
cellsize      1000.000000
NODATA_value  -9999.0
[rows 0 to 26 of 48, columns 0 to 60 of 63]
-9999.0 -9999.0 -9999.0 -9999.0 -9999.0 -9999.0 -9999.0 -9999.0 -9999.0 -9999.0 -9999.0 -9999.0 -9999.0 -9999.0 -9999.0 -9999.0 -9999.0 -9999.0 -9999.0 -9999.0 -9999.0 -9999.0 -9999.0 -9999.0 -9999.0 -9999.0 -9999.0 -9999.0 -9999.0 -9999.0 -9999.0 -9999.0 -9999.0 -9999.0 -9999.0 -9999.0 -9999.0 -9999.0 -9999.0 -9999.0 -9999.0 -9999.0 -9999.0 -9999.0 -9999.0 -9999.0 -9999.0 -9999.0 -9999.0 -9999.0 -9999.0 -9999.0 -9999.0 -9999.0 -9999.0 -9999.0 -9999.0 -9999.0 -9999.0 -9999.0 -9999.0
-9999.0 -9999.0 -9999.0 -9999.0 -9999.0 -9999.0 -9999.0 -9999.0 -9999.0 -9999.0 -9999.0 -9999.0 -9999.0 -9999.0 -9999.0 -9999.0 -9999.0 -9999.0 -9999.0 -9999.0 -9999.0 -9999.0 -9999.0 -9999.0 -9999.0 -9999.0 -9999.0 -100.898767 35.911949 -112.235215 48.456736 38.812883 635.895220 -9999.0 -9999.0 -9999.0 -9999.0 -9999.0 -9999.0 -9999.0 -9999.0 -9999.0 -9999.0 -9999.0 -9999.0 -9999.0 -9999.0 -9999.0 -9999.0 -9999.0 -9999.0 -9999.0 -9999.0 -9999.0 -9999.0 -9999.0 -9999.0 -9999.0 -9999.0 -9999.0 -9999.0
-9999.0 -9999.0 -9999.0 -9999.0 -9999.0 -9999.0 -9999.0 -9999.0 -9999.0 -9999.0 -9999.0 -9999.0 -9999.0 -9999.0 -9999.0 -9999.0 -9999.0 -9999.0 -9999.0 -9999.0 -9999.0 -9999.0 -9999.0 -9999.0 35.881393 33.702047 32.989990 31.610636 49.744743 66.959108 35.231404 -9999.0 -9999.0 -9999.0 -9999.0 -9999.0 -9999.0 -9999.0 -9999.0 -9999.0 -9999.0 -9999.0 -9999.0 -9999.0 -9999.0 -9999.0 -9999.0 -9999.0 -9999.0 -9999.0 -9999.0 -9999.0 -9999.0 -9999.0 -9999.0 -9999.0 -9999.0 -9999.0 -9999.0 -9999.0 -9999.0
-9999.0 -9999.0 -9999.0 -9999.0 -9999.0 -9999.0 -9999.0 -9999.0 -9999.0 -9999.0 -9999.0 -9999.0 -9999.0 -9999.0 -9999.0 -9999.0 -9999.0 -9999.0 -9999.0 -9999.0 -9999.0 -9999.0 -9999.0 33.341315 37.352667 -783.260136 -1188.213829 -1366.315471 -396.644105 28.920592 32.124929 36.428212 -9999.0 -9999.0 -9999.0 -9999.0 -9999.0 -9999.0 -9999.0 -9999.0 -9999.0 -9999.0 -9999.0 -9999.0 -9999.0 -9999.0 -9999.0 -9999.0 -9999.0 -9999.0 -9999.0 -9999.0 -9999.0 -9999.0 -9999.0 -9999.0 -9999.0 -9999.0 -9999.0 -9999.0 -9999.0
-9999.0 -9999.0 -9999.0 -9999.0 -9999.0 -9999.0 -9999.0 -9999.0 -9999.0 -9999.0 -9999.0 -9999.0 -9999.0 -9999.0 -9999.0 -9999.0 -9999.0 -9999.0 38.987246 28.910945 -9999.0 36.512759 38.477464 -467.931902 -763.021933 -1755.339662 -835.653827 -764.644279 -1812.720265 -1020.435195 34.257130 38.113908 -132.923429 -104.205024 -9999.0 -9999.0 -9999.0 -9999.0 -9999.0 -9999.0 -9999.0 -9999.0 -9999.0 -9999.0 -9999.0 -9999.0 -9999.0 -9999.0 -9999.0 -9999.0 -9999.0 -9999.0 -9999.0 -9999.0 -9999.0 -9999.0 -9999.0 -9999.0 -9999.0 -9999.0 -9999.0
-9999.0 -9999.0 -9999.0 -9999.0 -9999.0 -9999.0 -9999.0 -9999.0 -9999.0 -9999.0 -9999.0 -9999.0 -9999.0 -9999.0 -9999.0 -9999.0 -9999.0 -1059.615083 25.902796 -5577.602583 -125.569203 27.608000 -579.731928 -1002.536302 -929.911552 -780.183816 -688.566036 33.908412 -966.157302 -296.017839 52.415807 59.291228 -392.380418 -632.387934 -536.889145 -364.952436 -9999.0 -9999.0 -9999.0 -9999.0 -9999.0 -9999.0 -9999.0 -9999.0 -9999.0 -9999.0 -9999.0 -9999.0 -9999.0 -9999.0 -9999.0 -9999.0 -9999.0 -9999.0 -9999.0 -9999.0 -9999.0 -9999.0 -9999.0 -9999.0 -9999.0
-9999.0 -9999.0 -9999.0 -9999.0 -9999.0 -9999.0 -9999.0 -9999.0 -9999.0 -9999.0 -9999.0 -9999.0 -9999.0 35.512583 29.108035 -733.334351 -957.191576 -324.348338 -988.216839 -551.636688 -649.712343 -960.422954 -1102.898699 -846.401219 -654.303257 32.449089 -649.756510 52.327671 -489.755387 -621.835584 7048.747663 98.295447 77.049911 94.301345 -69.588946 -123.895121 -9999.0 -9999.0 -9999.0 -9999.0 -9999.0 -9999.0 -9999.0 -9999.0 -9999.0 -9999.0 -9999.0 -9999.0 -9999.0 -9999.0 -9999.0 -9999.0 -9999.0 -9999.0 -9999.0 -9999.0 -9999.0 -9999.0 -9999.0 -9999.0 -9999.0
-9999.0 -9999.0 -9999.0 -9999.0 -9999.0 -9999.0 -9999.0 -9999.0 -9999.0 -9999.0 -9999.0 -9999.0 -9999.0 37.434340 26.201707 -820.778429 -811.628936 36.077414 -371.567070 -989.356308 -589.814063 -268.764145 -151.968023 -830.149812 -754.939586 33.386008 30.012393 -98.737868 -78.071542 36.626663 57.538881 42.155026 -89.204750 -83.898338 -64.634020 -9999.0 -9999.0 -9999.0 -9999.0 -9999.0 -9999.0 -9999.0 -9999.0 -9999.0 -9999.0 -9999.0 -9999.0 -9999.0 -9999.0 -9999.0 -9999.0 -9999.0 -9999.0 -9999.0 -9999.0 -9999.0 -9999.0 -9999.0 -9999.0 -9999.0 -9999.0
-9999.0 -9999.0 -9999.0 -9999.0 -9999.0 -9999.0 -9999.0 -9999.0 -9999.0 -9999.0 -9999.0 -9999.0 -9999.0 -426.009129 424.478448 -611.213088 -725.521443 -838.140795 -964.142466 -615.437117 35.002775 -1445.881500 47.208270 -461.822348 -388.812405 44.884925 -213.852796 -132.532092 35.034420 -110.650611 46.808024 -64.303038 -109.669589 -67.251017 -97.762935 -9999.0 -9999.0 -9999.0 -9999.0 -9999.0 -9999.0 -9999.0 -9999.0 -9999.0 -9999.0 -9999.0 -9999.0 -9999.0 -9999.0 -9999.0 -9999.0 -9999.0 -9999.0 -9999.0 -9999.0 -9999.0 -9999.0 -9999.0 -9999.0 -9999.0 -9999.0
-9999.0 -9999.0 -9999.0 -9999.0 -9999.0 -9999.0 -9999.0 -9999.0 -9999.0 -9999.0 -9999.0 -9999.0 -463.741786 4448.607877 -402.485237 33.083683 29.266735 -680.559828 -260.238319 -5486.352329 -703.088065 -318.917867 46.331854 31.437633 2594.903837 30.472097 800.145815 33.538012 80.676750 -78.960352 32.994505 -110.278226 59.417798 -99.040985 -9999.0 -9999.0 -9999.0 -9999.0 -9999.0 -9999.0 -9999.0 -9999.0 -9999.0 -9999.0 -9999.0 -9999.0 -9999.0 -9999.0 -9999.0 -9999.0 -9999.0 -9999.0 -9999.0 -9999.0 -9999.0 -9999.0 -9999.0 -9999.0 -9999.0 -9999.0 -9999.0
-9999.0 -9999.0 -9999.0 -9999.0 -9999.0 -9999.0 -9999.0 -9999.0 -9999.0 -9999.0 -9999.0 51.370062 62.127068 345.819422 34.836772 38.693248 -2809.941244 -449.121414 -82.547476 -209.138835 39.830531 44.995594 42.100939 33.790915 101.877572 51.671873 32.173433 41.273800 2495.472130 -60.839589 -103.440973 79.327871 -89.300333 -103.401759 -109.247238 -103.048286 -842.961301 -1417.250007 -1001.037886 -9999.0 -9999.0 -9999.0 -317.715369 -9999.0 -9999.0 -9999.0 -9999.0 -9999.0 -9999.0 -9999.0 -9999.0 -9999.0 -9999.0 -9999.0 -9999.0 -9999.0 -9999.0 -9999.0 -9999.0 -9999.0 -9999.0
-9999.0 -9999.0 -9999.0 -9999.0 -9999.0 -9999.0 -9999.0 -9999.0 -9999.0 -9999.0 -9999.0 47.586045 46.080614 106.487458 39.836306 31.759194 28.628009 -721.050257 26.374126 56.448358 48.070520 41.339755 45.713423 35.947093 65.948813 41.232197 34.055211 58.484418 -56.503397 -82.193888 48.539316 182.852453 34.229840 46.122598 29.576998 32.951676 -1932.662090 -2819.844401 -2579.720923 -144.932330 -93.851728 -80.757831 42.221411 -101.071190 -9999.0 -9999.0 -9999.0 33.793601 37.342015 -108.345705 41.129101 -109.201547 -107.788676 32.474053 44.778846 -63.377478 -9999.0 -9999.0 -9999.0 -9999.0 -9999.0
-9999.0 -9999.0 -9999.0 -9999.0 -9999.0 -9999.0 -9999.0 -9999.0 -9999.0 -9999.0 -9999.0 66.571264 33.319553 113.329566 44.895579 37.592589 45.159709 51.114587 64.808245 27.290283 56.772275 43.867078 34.681803 40.409156 38.454432 -100.513709 42.131519 2543.806834 -107.670505 35.248463 -98.621914 185.069384 48.280211 35.959495 -87.946858 -658.071329 -2237.975520 -2781.367543 -3833.959802 -597.565738 -1685.123666 -528.517883 34.553387 37.206277 34.544771 -9999.0 -101.682255 45.209137 47.168988 51.808665 48.835349 -110.238557 43.544226 42.010033 56.126148 43.593315 -9999.0 -9999.0 -9999.0 -9999.0 -9999.0
-9999.0 -9999.0 -9999.0 -9999.0 -9999.0 -9999.0 -9999.0 -9999.0 -9999.0 -9999.0 -9999.0 -9999.0 56.667226 70.563408 32.199523 36.407664 35.246101 33.938754 92.352880 26.934349 48.264092 55.781413 64.481274 50.723791 34.087280 37.186998 1780.953586 43.800588 46.922036 -112.712966 37.991001 104.116239 42.438066 41.894347 39.187742 -660.444089 -2031.715607 -2745.631066 -3813.121319 -3534.560851 -2355.280360 -186.705549 -725.704541 37.285547 -124.994256 36.958079 -123.650182 40.252487 49.830251 56.079378 29.289558 188.333019 835.209103 173.457386 108.543062 60.793548 42.346834 -9999.0 -9999.0 -9999.0 -9999.0
-9999.0 -9999.0 -9999.0 -9999.0 -9999.0 -9999.0 -9999.0 -9999.0 -9999.0 -9999.0 -9999.0 45.797255 34.141166 43.756314 95.201421 54.705309 52.356800 50.514754 64.395990 27.220195 59.532815 66.522669 73.129031 29.383851 35.841011 73.825156 46.768448 34.840771 32.365229 -122.088957 42.912392 140.060044 59.985404 41.284088 33.773301 31.640877 -1614.222020 -2657.777381 -2710.745394 -3742.463137 -1996.310822 -1530.366405 -644.344164 -419.553721 36.329054 33.306534 59.699000 -235.438494 -221.523793 23.567501 -152.075709 39.035292 60.410731 -60.712264 -62.007355 -137.653435 -161.213215 -9999.0 -9999.0 -9999.0 -9999.0
-9999.0 -9999.0 -9999.0 -9999.0 -9999.0 -9999.0 -9999.0 -9999.0 -9999.0 -9999.0 1683.302474 51.050953 35.213759 34.349281 34.805883 1510.065287 1510.299093 27.496873 -587.960100 27.757785 77.190356 76.019853 30.742021 33.112689 44.794178 1943.611072 37.650326 -262.516096 37.482221 39.117526 110.448742 410.440485 46.046914 42.029259 -119.091880 -145.254248 -723.094390 -1782.369731 -2143.270724 -2570.662750 -2349.239633 -480.510715 -133.214829 -475.218205 33.314790 -103.424793 39.737925 49.736069 65.227840 22.057089 -249.341488 -86.595199 -51.115909 -45.159148 -81.613027 49.414533 59.214605 -9999.0 -9999.0 -9999.0 -9999.0
-9999.0 -9999.0 -9999.0 -9999.0 -9999.0 -9999.0 -9999.0 -9999.0 -9999.0 42.786651 50.734636 84.119023 75.332017 32.119479 73.656802 63.072921 31.594455 34.162236 30.647079 -383.728829 58.399711 -195.722909 35.077951 -185.798902 25.260140 35.661211 27.745361 35.321210 40.945131 47.506927 25.824709 40.433490 -84.182699 -76.452069 -99.400339 -94.991476 56.661961 -411.410581 -733.903956 -376.019350 -551.300671 -474.897833 -287.008709 -1191.777452 -379.680518 28.447752 34.552496 25.276266 27.824264 23.724201 49.278290 -93.239442 -48.581370 -62.635053 -91.068071 83.323992 149.948251 -85.176912 -88.384519 -9999.0 -9999.0
-9999.0 -9999.0 -9999.0 -9999.0 -9999.0 -9999.0 -9999.0 -9999.0 -9999.0 110.172778 49.171072 40.538572 3525.591685 35.792814 32.124864 31.113277 36.455018 37.018896 32.613262 -629.789686 -220.979343 -393.258898 25.279238 43.756851 35.938594 28.628107 33.761874 37.746495 24.457629 24.504250 48.741156 47.190972 52.820900 35.904143 48.657402 -92.849171 -91.912101 -95.565365 31.941512 48.908435 40.956053 30.108378 -634.558443 -360.082149 -434.583194 -603.604022 -459.277603 -674.953034 -186.005348 -41.270449 34.166016 32.568461 -82.517736 43.860620 -15.466454 66.085494 141.036261 99.779052 -85.828641 -9999.0 -9999.0
-9999.0 -9999.0 -9999.0 -9999.0 -9999.0 -9999.0 -9999.0 -9999.0 -9999.0 -9999.0 38.984668 54.950852 53.481603 1780.055268 33.135318 31.081949 37.423084 41.852303 31.134246 -522.972319 45.693100 37.921536 35.555122 38.596919 28.475137 33.507358 38.501240 24.133834 45.232436 38.058366 40.494323 3664.875890 37.225511 42.407862 63.257399 88.577526 31.636539 40.872170 -78.649460 44.169593 30.988057 34.206454 3560.609052 33.757134 40.519179 36.185183 38.688525 25.065736 -134.740246 32.837871 41.619303 46.203087 -98.983565 -59.816339 40.310975 46.278424 72.167209 11373.362468 124.159051 28.943795 -9999.0
-9999.0 -9999.0 -9999.0 -9999.0 -9999.0 -9999.0 -9999.0 -9999.0 -9999.0 -9999.0 50.160356 46.316503 39.687455 46.909176 25.822354 -349.102648 31.380105 -402.562174 -803.969758 -666.375051 -677.142814 25.303836 28.239867 27.468722 33.763374 38.003281 25.431273 48.235749 45.349735 31.757126 39.841227 89.077613 -138.353573 33.611023 36.423362 77.089366 2742.501540 51.728520 42.585277 34.609214 44.352182 -31.179350 76.925846 34.805098 38.912747 38.410900 39.450248 38.216619 51.363582 24.436743 49.520039 44.843631 45.300860 -89.688618 -78.897418 -85.932555 32.821794 34.218574 252.080254 143.095539 -9999.0
-9999.0 -9999.0 -9999.0 -9999.0 -9999.0 -9999.0 -9999.0 -9999.0 45.638232 34.715458 32.400104 54.898444 228.124547 56.856810 42.323764 -139.135043 -672.144046 -668.924576 -747.330645 -681.251766 -825.618767 -622.041434 -176.733790 -549.678534 -360.008493 24.540957 51.713916 43.135497 52.896779 49.111951 -68.380810 49.984139 43.630355 34.534675 60.821303 30.493271 35.914667 54.870390 34.713562 -110.038558 -157.351025 64.707161 -160.285145 -87.437451 -137.074847 1717.464008 34.108029 38.782357 38.850821 24.807862 51.278548 54.705967 48.130174 42.284576 -113.154711 36.343213 -110.217137 32.020039 27.770096 136.118630 -9999.0
-9999.0 -9999.0 -9999.0 -9999.0 -9999.0 -9999.0 -9999.0 -9999.0 1619.887583 61.229973 39.001436 34.826936 35.057201 1502.600359 33.736521 35.852409 27.140426 -560.870490 -807.108656 -716.091165 -602.825893 -635.632789 26.772421 -341.814926 -870.988785 24.927830 55.898785 51.643831 -174.987590 42.263882 36.031123 -252.927582 71.714972 -234.488725 57.189080 41.159103 66.683998 83.027523 41.176514 38.618765 38.203157 37.587873 -143.992114 39.655195 2075.460325 49.254032 -181.774280 37.466822 38.115177 41.694234 22.733555 44.759923 44.523725 34.506244 31.667445 -239.706145 30.409976 31.432918 28.418715 32.070486 -798.597207
-9999.0 -9999.0 -9999.0 -9999.0 -9999.0 -9999.0 -9999.0 -9999.0 39.373390 2619.222676 39.788693 34.437142 149.461828 -197.924394 34.895223 31.016183 -138.255810 -672.466197 -986.411728 -578.129502 -732.984676 -746.689573 -640.567095 -724.845419 -412.314955 44.274435 41.590971 37.577641 -293.135805 42.528168 -364.250639 60.940306 49.149699 40.269785 52.444800 104.817454 59.393449 26.554393 48.696418 48.026260 46.225500 -255.294857 43.530536 2094.027271 45.473986 43.584295 -158.268383 34.375513 34.310358 32.135953 22.144109 41.313718 37.064684 30.968307 34.719790 47.190616 37.824040 29.409257 -285.961020 -497.895376 -662.934718
-9999.0 -9999.0 -9999.0 -9999.0 -9999.0 -9999.0 -9999.0 -9999.0 -146.923587 44.120416 95.014417 -361.048953 46.419236 39.061846 40.476563 33.919359 25.799521 -755.537217 -438.308088 -895.196847 -714.369661 -750.304650 -878.746934 -977.041258 -587.280883 34.072302 35.548461 34.020276 32.170098 50.883053 38.089028 55.990233 52.150827 74.407716 43.834388 28.606575 30.727947 23.150989 43.742225 41.171742 32.356677 38.607581 44.329759 -151.720160 31.050674 -154.446943 37.409553 -161.407775 26.318312 25.559735 22.148531 21.857912 30.216340 -186.750136 28.782286 40.482476 32.845633 -274.509356 -933.135757 -673.666205 -482.789205
-9999.0 -9999.0 -9999.0 -9999.0 -9999.0 -9999.0 -9999.0 -9999.0 30.681325 45.551435 3752.573169 34.807385 47.946054 46.126939 43.530435 54.001645 24.272969 32.441140 28.320586 -415.480350 -876.443592 -778.150769 -846.319475 -947.391238 -910.009011 -227.821053 26.496662 35.997056 38.334423 74.257400 36.078296 53.045886 87.029018 58.900491 37.314617 37.862432 35.539330 24.294708 54.740956 42.329035 31.802112 38.697948 51.617246 37.842266 30.750826 34.106604 36.467070 49.120654 24.730149 25.064765 -345.527150 -944.909479 -505.693863 -564.858863 76.617312 78.704926 -329.256658 -488.735881 -486.569928 -441.576679 -372.096988
-9999.0 -9999.0 36.033942 41.604824 880.886147 34.677348 145.578449 56.902210 40.267470 46.491178 50.523369 157.373597 69.911500 62.895616 26.304050 23.070529 37.172808 34.428145 33.422548 32.701263 -587.495073 -1038.649535 -749.011745 -1245.775217 -759.611765 -803.551927 -396.541884 31.242067 57.633893 61.427283 30.273215 40.123456 197.158468 44.056794 46.057127 33.673526 38.776280 25.671389 47.732494 35.208987 34.152403 39.833992 61.525944 42.617348 31.264266 32.951047 39.569567 43.281286 29.612871 -635.819423 -1175.797939 -1050.179400 -333.596223 28.150172 -254.214298 -267.579356 35.201044 -155.827861 27.467880 -175.230208 28.134360
-9999.0 38.608325 49.914111 43.598698 31.284698 97.627047 135.402670 45.642287 42.810230 42.894995 44.422229 44.336069 81.974344 118.373463 25.609298 41.561781 40.279818 34.951631 31.431019 33.867796 -600.325186 32.252475 -520.175023 -1058.165768 -1012.468035 -914.264406 -909.401970 -718.381125 54.111116 49.717958 -660.484865 -386.868431 74.626330 68.687155 45.433433 37.622871 41.384721 -258.070686 43.436053 27.826726 28.665074 46.951905 61.969580 31.006560 -284.191380 -425.124674 -261.729629 -450.069636 -870.316320 -1439.805755 -637.996885 -313.396340 43.596066 63.249136 43.818085 29.735922 32.058245 27.175127 33.384530 30.485414 26.863767
