erum2020/resources/simulation/Vinschgau/output-maps/psiL0005N1084.asc
ncols         63
nrows         48
xllcorner     598000.000000
yllcorner     5145000.000000
cellsize      1000.000000
NODATA_value  -9999.0
[rows 0 to 25 of 48, columns 0 to 57 of 63]
-9999.0 -9999.0 -9999.0 -9999.0 -9999.0 -9999.0 -9999.0 -9999.0 -9999.0 -9999.0 -9999.0 -9999.0 -9999.0 -9999.0 -9999.0 -9999.0 -9999.0 -9999.0 -9999.0 -9999.0 -9999.0 -9999.0 -9999.0 -9999.0 -9999.0 -9999.0 -9999.0 -9999.0 -9999.0 -9999.0 -9999.0 -9999.0 -9999.0 -9999.0 -9999.0 -9999.0 -9999.0 -9999.0 -9999.0 -9999.0 -9999.0 -9999.0 -9999.0 -9999.0 -9999.0 -9999.0 -9999.0 -9999.0 -9999.0 -9999.0 -9999.0 -9999.0 -9999.0 -9999.0 -9999.0 -9999.0 -9999.0 -9999.0
-9999.0 -9999.0 -9999.0 -9999.0 -9999.0 -9999.0 -9999.0 -9999.0 -9999.0 -9999.0 -9999.0 -9999.0 -9999.0 -9999.0 -9999.0 -9999.0 -9999.0 -9999.0 -9999.0 -9999.0 -9999.0 -9999.0 -9999.0 -9999.0 -9999.0 -9999.0 -9999.0 -435.616689 25294.678353 -418.708935 24684.112115 11393.589779 12734.945754 -9999.0 -9999.0 -9999.0 -9999.0 -9999.0 -9999.0 -9999.0 -9999.0 -9999.0 -9999.0 -9999.0 -9999.0 -9999.0 -9999.0 -9999.0 -9999.0 -9999.0 -9999.0 -9999.0 -9999.0 -9999.0 -9999.0 -9999.0 -9999.0 -9999.0
-9999.0 -9999.0 -9999.0 -9999.0 -9999.0 -9999.0 -9999.0 -9999.0 -9999.0 -9999.0 -9999.0 -9999.0 -9999.0 -9999.0 -9999.0 -9999.0 -9999.0 -9999.0 -9999.0 -9999.0 -9999.0 -9999.0 -9999.0 -9999.0 26652.142949 27572.128417 27330.581994 27927.618630 27510.557113 27565.692716 28603.025922 -9999.0 -9999.0 -9999.0 -9999.0 -9999.0 -9999.0 -9999.0 -9999.0 -9999.0 -9999.0 -9999.0 -9999.0 -9999.0 -9999.0 -9999.0 -9999.0 -9999.0 -9999.0 -9999.0 -9999.0 -9999.0 -9999.0 -9999.0 -9999.0 -9999.0 -9999.0 -9999.0
-9999.0 -9999.0 -9999.0 -9999.0 -9999.0 -9999.0 -9999.0 -9999.0 -9999.0 -9999.0 -9999.0 -9999.0 -9999.0 -9999.0 -9999.0 -9999.0 -9999.0 -9999.0 -9999.0 -9999.0 -9999.0 -9999.0 -9999.0 29252.739270 29510.610453 -932.661578 -1145.826036 -2960.269471 -519.759315 29129.234263 28262.927269 27327.760257 -9999.0 -9999.0 -9999.0 -9999.0 -9999.0 -9999.0 -9999.0 -9999.0 -9999.0 -9999.0 -9999.0 -9999.0 -9999.0 -9999.0 -9999.0 -9999.0 -9999.0 -9999.0 -9999.0 -9999.0 -9999.0 -9999.0 -9999.0 -9999.0 -9999.0 -9999.0
-9999.0 -9999.0 -9999.0 -9999.0 -9999.0 -9999.0 -9999.0 -9999.0 -9999.0 -9999.0 -9999.0 -9999.0 -9999.0 -9999.0 -9999.0 -9999.0 -9999.0 -9999.0 -398.642373 685.887311 -9999.0 29358.432461 28109.778827 -1577.226998 -814.495297 -2863.786200 -443.240319 -391.504906 -275.332625 -119.227802 23662.544945 27671.381533 -515.277636 -395.401323 -9999.0 -9999.0 -9999.0 -9999.0 -9999.0 -9999.0 -9999.0 -9999.0 -9999.0 -9999.0 -9999.0 -9999.0 -9999.0 -9999.0 -9999.0 -9999.0 -9999.0 -9999.0 -9999.0 -9999.0 -9999.0 -9999.0 -9999.0 -9999.0
-9999.0 -9999.0 -9999.0 -9999.0 -9999.0 -9999.0 -9999.0 -9999.0 -9999.0 -9999.0 -9999.0 -9999.0 -9999.0 -9999.0 -9999.0 -9999.0 -9999.0 -1768.677715 -1495.942185 -30985.165412 -313.908282 22303.866468 -83.077953 -430.118491 -456.684444 -64.792622 29080.039202 -10.960203 22929.504521 -219.166697 1277.037776 19507.041817 -638.236425 -1339.542281 -1202.808477 -814.289609 -9999.0 -9999.0 -9999.0 -9999.0 -9999.0 -9999.0 -9999.0 -9999.0 -9999.0 -9999.0 -9999.0 -9999.0 -9999.0 -9999.0 -9999.0 -9999.0 -9999.0 -9999.0 -9999.0 -9999.0 -9999.0 -9999.0
-9999.0 -9999.0 -9999.0 -9999.0 -9999.0 -9999.0 -9999.0 -9999.0 -9999.0 -9999.0 -9999.0 -9999.0 -9999.0 95.840527 -474.501053 -1150.938585 -1917.118642 -6957.810236 -1678.164475 -2490.651029 -932.872734 -629.685288 -954.290539 -445.441757 308.413789 760.615194 -1224.078156 10535.370728 -143.070256 27551.630837 23667.591231 26955.706137 26491.997116 25502.799102 -207.564416 -530.093434 -9999.0 -9999.0 -9999.0 -9999.0 -9999.0 -9999.0 -9999.0 -9999.0 -9999.0 -9999.0 -9999.0 -9999.0 -9999.0 -9999.0 -9999.0 -9999.0 -9999.0 -9999.0 -9999.0 -9999.0 -9999.0 -9999.0
-9999.0 -9999.0 -9999.0 -9999.0 -9999.0 -9999.0 -9999.0 -9999.0 -9999.0 -9999.0 -9999.0 -9999.0 -9999.0 -156.903876 -1074.960637 -1320.422358 -1742.844534 -703.989401 -6975.820827 -1508.879987 -2328.219939 -1113.856892 -794.805182 -520.011096 -202.102184 -102.732514 26379.590344 -332.515645 -317.682753 22686.721186 30981.829154 26832.695002 -349.481622 -523.732768 -346.673969 -9999.0 -9999.0 -9999.0 -9999.0 -9999.0 -9999.0 -9999.0 -9999.0 -9999.0 -9999.0 -9999.0 -9999.0 -9999.0 -9999.0 -9999.0 -9999.0 -9999.0 -9999.0 -9999.0 -9999.0 -9999.0 -9999.0 -9999.0
-9999.0 -9999.0 -9999.0 -9999.0 -9999.0 -9999.0 -9999.0 -9999.0 -9999.0 -9999.0 -9999.0 -9999.0 -9999.0 -1293.640233 623.069705 -1280.927292 -1350.134294 -1566.661180 -7027.646798 -1793.687853 -663.368802 -7418.229635 820.077808 19445.399138 -434.619355 524.716583 -521.721862 -482.877080 25330.641008 -584.098751 20436.930693 -298.342774 -610.223951 -294.190945 -387.830092 -9999.0 -9999.0 -9999.0 -9999.0 -9999.0 -9999.0 -9999.0 -9999.0 -9999.0 -9999.0 -9999.0 -9999.0 -9999.0 -9999.0 -9999.0 -9999.0 -9999.0 -9999.0 -9999.0 -9999.0 -9999.0 -9999.0 -9999.0
-9999.0 -9999.0 -9999.0 -9999.0 -9999.0 -9999.0 -9999.0 -9999.0 -9999.0 -9999.0 -9999.0 -9999.0 -902.901390 6510.974497 -1173.800690 -585.308757 -868.048231 -1166.258729 -773.514283 -40050.084084 -727.295368 25377.467949 -134.883634 27434.249663 26746.354149 27621.630565 23998.121130 28387.915922 28589.035905 -283.746937 880.325883 -458.938272 19636.578174 -439.674822 -9999.0 -9999.0 -9999.0 -9999.0 -9999.0 -9999.0 -9999.0 -9999.0 -9999.0 -9999.0 -9999.0 -9999.0 -9999.0 -9999.0 -9999.0 -9999.0 -9999.0 -9999.0 -9999.0 -9999.0 -9999.0 -9999.0 -9999.0 -9999.0
-9999.0 -9999.0 -9999.0 -9999.0 -9999.0 -9999.0 -9999.0 -9999.0 -9999.0 -9999.0 -9999.0 104.904493 -640.946731 292.094537 -1062.240457 -279.955715 -45306.413195 -1157.339291 -543.197341 -3907.230700 -1961.263459 -424.670130 25340.285216 29620.543473 -147.176285 28844.332417 25029.265489 28864.896821 31560.575080 -231.578133 -421.644327 17301.360531 -366.989027 -445.803144 -495.866160 -483.146184 -201.227510 -960.278563 -164.236720 -9999.0 -9999.0 -9999.0 -1191.328510 -9999.0 -9999.0 -9999.0 -9999.0 -9999.0 -9999.0 -9999.0 -9999.0 -9999.0 -9999.0 -9999.0 -9999.0 -9999.0 -9999.0 -9999.0
-9999.0 -9999.0 -9999.0 -9999.0 -9999.0 -9999.0 -9999.0 -9999.0 -9999.0 -9999.0 -9999.0 98.013090 -782.476819 -2098.951870 -1855.748280 -213.486235 -2161.406323 -1881.887490 -712.495659 -688.097380 -501.312866 93.606506 27746.592886 29121.021751 28742.700471 29363.637803 28097.140994 28114.035611 -177.496604 -327.691733 22399.660894 22173.482583 25811.645358 23999.817596 23750.730347 26953.041635 24227.343175 -1394.162857 -1321.869933 -979.672074 -627.582215 -442.502404 22539.028444 -471.642106 -9999.0 -9999.0 -9999.0 21893.798737 24101.177084 -398.886523 25100.651161 -427.095532 -392.332797 22334.833437 22860.332874 -206.536325 -9999.0 -9999.0
-9999.0 -9999.0 -9999.0 -9999.0 -9999.0 -9999.0 -9999.0 -9999.0 -9999.0 -9999.0 -9999.0 148.876775 94.012859 18045.584809 -306.490055 -275.901277 -498.058609 -1267.231197 -976.687912 -761.228128 -719.536804 -290.245553 25911.482837 24364.487011 28876.372626 -367.448371 28444.130952 28540.480124 -410.111486 24594.618955 -413.502373 21564.783205 21884.056562 25458.872762 -406.751459 18911.946838 28420.271190 -1276.562827 -482.584409 -1051.603280 -612.896290 -50.362689 20575.701749 26032.672706 26244.618570 -9999.0 -451.203370 22036.307091 24040.071564 26215.413709 13483.395731 -361.491669 10240.300620 24901.487060 12986.652040 24033.571966 -9999.0 -9999.0
-9999.0 -9999.0 -9999.0 -9999.0 -9999.0 -9999.0 -9999.0 -9999.0 -9999.0 -9999.0 -9999.0 -9999.0 1055.152199 29724.705538 -198.953576 -198.156742 -689.853279 -1253.243036 -655.793522 -716.622167 -955.884252 -282.684977 -126.920919 21792.512921 28705.727703 28538.520036 -76.887914 6164.297948 21633.517623 -451.693543 26884.494843 27555.165483 11225.370874 25312.557021 25498.808195 24421.500398 -446.055913 -1738.039297 -517.454705 -470.272685 -854.433471 -618.299145 12647.787634 25377.103062 -592.614516 23834.506860 -506.703253 24461.645311 17820.656996 26593.965992 25787.645875 24128.830440 24897.883418 24101.656874 23283.314359 24751.619906 24494.699847 -9999.0
-9999.0 -9999.0 -9999.0 -9999.0 -9999.0 -9999.0 -9999.0 -9999.0 -9999.0 -9999.0 -9999.0 31686.504872 25176.987594 -3.453877 31018.987275 292.091853 -391.445507 -978.595408 -700.901404 -1016.219973 -1131.452617 -512.564074 24127.087222 2890.772644 27990.598925 27546.963624 29306.165993 24972.403746 25304.905757 -396.184702 29782.259166 29795.274515 17158.485851 24471.699943 24054.342014 26997.997194 -220.105878 -1884.541791 -1310.398433 -506.649259 -1705.630063 -1029.696027 22160.052714 -1045.666159 26612.763221 27941.026170 27879.866473 -494.878189 -498.514416 -130.708657 -1220.540331 25842.007394 2964.867949 -896.081254 -1186.222497 -443.236298 -335.118006 -9999.0
-9999.0 -9999.0 -9999.0 -9999.0 -9999.0 -9999.0 -9999.0 -9999.0 -9999.0 -9999.0 3958.815361 21190.492073 15832.541846 782.741632 99.071631 18755.041596 19223.716039 -339.551664 -1212.688002 -988.766706 -566.246597 -387.121050 14404.605652 103.533907 20489.499023 17848.494505 21925.123022 -1367.138752 10137.137697 28463.497830 13200.323646 13469.789302 28313.524362 27295.705808 -337.596775 -436.602053 24127.995742 24610.419237 -766.673974 105.510535 150.389813 -816.124176 -88.401893 -363.257486 24245.847604 -366.184476 27638.449555 10884.799956 24550.005947 32429.045144 -4772.931419 -368.808615 -1022.988613 -188.310618 -384.986380 19869.411092 20562.373798 -9999.0
-9999.0 -9999.0 -9999.0 -9999.0 -9999.0 -9999.0 -9999.0 -9999.0 -9999.0 27699.510342 29921.286718 3832.968439 12549.625483 26801.266665 25925.152179 28176.051105 27299.034778 -250.153606 -1341.787760 -1125.708238 -619.391046 -990.858466 -1047.845633 -215.680359 272.940432 33767.705075 28982.181870 27151.216935 5523.069641 25387.021772 284.990635 -42.721536 -284.344515 -424.322867 -439.708667 -433.761326 16043.001280 25528.710544 29263.763581 30247.675108 37331.373377 34071.573301 16760.411600 -960.622925 -445.601573 -144.257479 95.679755 -104.750976 -70.188293 182.567253 -115.855918 -352.430252 -213.006404 -193.552602 -323.597278 -106.410913 938.756486 -182.911031
-9999.0 -9999.0 -9999.0 -9999.0 -9999.0 -9999.0 -9999.0 -9999.0 -9999.0 8208.104200 22589.977430 29493.222447 4898.423686 24684.550580 27146.598958 27930.962754 101.408546 -102.939446 -1453.340882 -830.703284 -739.291567 -1137.954116 -357.301151 91.003323 30306.534513 28861.799197 27925.842627 23416.422997 179.457442 -186.221153 13075.795540 34584.938935 24104.841649 27366.311399 28607.001821 -434.546334 -413.091095 -307.465351 27937.574307 29730.850523 31411.267867 17004.831633 27600.435551 -145.530342 -663.243507 -443.305099 -336.916979 -173.843639 -92.692816 180.091727 -48.066381 19512.872486 -274.303666 20679.692802 -44.910372 5285.980693 -67.920550 4701.743220
-9999.0 -9999.0 -9999.0 -9999.0 -9999.0 -9999.0 -9999.0 -9999.0 -9999.0 -9999.0 26124.816739 26447.405652 25179.146136 25599.749210 -248.663494 26516.974942 19264.403676 -438.181419 -1600.574094 -951.121579 -674.948859 -1851.214361 306.576548 10189.009613 27714.250482 26196.476385 231.536433 80.445336 735.479145 42621.617750 38031.860366 46168.100694 24215.128977 27224.744424 28104.498502 27870.571214 28972.586466 30576.042625 -309.365059 24540.054644 28343.186960 30229.224624 4931.283411 8289.211569 -320.528369 -298.491465 -852.013112 -405.770028 -543.092286 -293.025945 -57.559363 -125.643329 -371.276147 -197.027673 20876.185540 24005.512620 25603.933042 16357.404538
-9999.0 -9999.0 -9999.0 -9999.0 -9999.0 -9999.0 -9999.0 -9999.0 -9999.0 -9999.0 25441.795841 27738.398903 29386.118191 28666.346053 86.283657 -596.690413 -376.948049 -1035.353592 -1273.809222 -1723.281677 -1486.832467 -1174.766271 1233.289978 26184.148728 25967.150511 89.175889 -190.615619 548.608804 42037.104610 24091.959375 25744.206244 25789.259435 -2872.425693 24620.995098 28920.014964 29417.215630 8997.256525 19065.848848 18624.826230 28311.649712 29314.555929 -51.351968 27781.241685 30978.224039 23092.824312 -37.902460 32527.568877 -317.716527 -984.925101 -373.245408 1815.087797 17983.363197 26057.578285 -301.391291 -243.645711 -281.870980 25462.040576 16389.755161
-9999.0 -9999.0 -9999.0 -9999.0 -9999.0 -9999.0 -9999.0 -9999.0 28528.173285 28006.529946 7835.198291 22333.350039 15332.221743 23958.903250 37576.021646 -570.250414 -1364.101467 -1244.517090 -1144.320019 -2077.865401 -1897.133616 -1747.590947 -1477.970151 -1165.189501 -144.268666 -381.479196 -303.654053 44565.754230 32261.931882 23809.947660 -375.849419 19606.427811 22979.287959 24713.719309 26006.995005 30140.202205 99.604198 29851.734808 37434.792093 -454.508664 -438.249847 22494.424107 -1137.621531 -363.424927 -378.727481 3004.317519 36895.155709 29350.644394 -314.058444 -288.599191 906.350042 -55.940001 11767.896343 19105.761211 -458.341486 9073.950875 -246.020081 804.521032
-9999.0 -9999.0 -9999.0 -9999.0 -9999.0 -9999.0 -9999.0 -9999.0 -16.662613 16889.276477 21389.561114 27141.423947 28502.180217 29133.584943 38197.407172 -301.497024 -1104.502522 -1234.864563 -2682.796384 -2026.016458 -777.366052 -1013.140237 -1055.619039 -1486.871641 -1473.313725 -853.282720 -422.643136 25630.582324 -3904.683242 23885.276587 25056.264247 -726.317870 19303.667662 -662.837029 22697.729772 30475.227178 103.063583 6761.461402 10077.780197 30097.898456 30680.627072 -31.777138 -511.360949 27972.117560 30095.892421 23615.876483 -1257.558399 29534.135129 15348.029821 -444.707340 -176.448622 32405.200961 12987.448185 24208.988289 7792.360287 -11212.626312 1970.580663 16658.282165
-9999.0 -9999.0 -9999.0 -9999.0 -9999.0 -9999.0 -9999.0 -9999.0 25854.846750 25128.566752 18712.497950 20600.909355 28398.576783 -1212.397718 26768.420064 19959.158361 -696.484240 -1010.442444 -2056.952229 -812.552274 -2053.574434 -1205.232785 -1172.080094 -1806.136729 -860.031556 -1172.259015 -414.512605 41958.195634 -2469.346906 22744.760401 -743.074974 23222.010343 29731.772833 -129.807894 28843.718431 112.666323 31266.550597 89.406397 26562.562299 18182.010329 29438.476938 -522.227281 27286.593193 27181.901722 30131.219912 28104.777562 -627.504581 27564.847843 29528.719324 -164.155146 -473.060923 580.454759 3922.124640 7856.458384 -138.596290 443.246419 85.845435 -235.955472
-9999.0 -9999.0 -9999.0 -9999.0 -9999.0 -9999.0 -9999.0 -9999.0 -584.150366 27060.157670 8053.248999 -3440.456442 25794.687188 29311.984862 -71.633460 -526.789699 -2124.501020 -1899.425533 -732.273766 -1855.405354 -1906.529469 -1775.788577 -1124.011098 -1386.218887 -1198.248172 -728.865092 19316.181868 31074.863879 27954.207163 20933.413462 10739.027945 15166.427646 -117.378235 8652.770063 -108.512891 94.001063 -288.134336 -1187.840581 -366.534972 6779.641221 29427.750299 30704.744058 32324.817740 -431.173914 27926.734262 -438.017186 8430.096325 -410.917028 28400.855044 2166.440526 88.592840 -457.563144 370.383932 1040.643680 546.653898 92.116175 -470.922637 -696.116312
-9999.0 -9999.0 -9999.0 -9999.0 -9999.0 -9999.0 -9999.0 -9999.0 23867.659382 28857.164087 2152.120152 36499.013156 35342.039176 43142.628516 90.041434 -404.514672 -391.730999 -1096.771591 -821.492085 -1246.238721 -1466.967865 -1399.439491 -1739.932837 -1814.630625 -854.777072 -560.075683 38913.643109 27344.884454 -52.072850 4406.680485 10734.624577 678.586879 86.528031 -267.615978 -251.353230 -378.840417 -826.371404 -1460.399791 -2036.605049 -265.901443 274.920757 -170.348266 -154.709552 -132.651045 656.356964 957.605539 -105.154663 7038.900758 -105.152503 -208.509429 -262.146413 -859.869475 -580.918454 -432.156314 110.451962 100.530228 -394.575508 -562.010299
-9999.0 -9999.0 7550.908661 27016.051366 -78.761065 28032.977929 27248.873725 26934.758855 27284.968560 28405.011892 28529.634778 33756.758283 38719.294753 35638.733083 -207.834740 -98.368130 -105.000684 39206.920869 27621.283936 -428.618372 -1246.490344 -1207.787470 -706.974556 -1994.048694 -1459.286195 -1184.910465 -475.864260 -529.497112 -716.247022 -143.371894 197.357933 -618.098401 -417.944062 -1048.445271 -677.219802 -1280.294154 -1300.141823 -2027.137794 -2273.545504 -1903.238253 -1082.759864 -704.626278 -1036.417966 -404.414889 -469.023300 -277.128210 -209.555237 -504.388449 -514.281532 -555.852114 -914.405307 -745.899905 -476.356223 -402.779366 -275.170570 -324.038956 -423.752065 -555.206590
