erum2020/resources/simulation/Vinschgau/output-maps/psiL0007N1275.asc
ncols         63
nrows         48
xllcorner     598000.000000
yllcorner     5145000.000000
cellsize      1000.000000
NODATA_value  -9999.0
[rows 0 to 25 of 48, columns 0 to 57 of 63]
-9999.0 -9999.0 -9999.0 -9999.0 -9999.0 -9999.0 -9999.0 -9999.0 -9999.0 -9999.0 -9999.0 -9999.0 -9999.0 -9999.0 -9999.0 -9999.0 -9999.0 -9999.0 -9999.0 -9999.0 -9999.0 -9999.0 -9999.0 -9999.0 -9999.0 -9999.0 -9999.0 -9999.0 -9999.0 -9999.0 -9999.0 -9999.0 -9999.0 -9999.0 -9999.0 -9999.0 -9999.0 -9999.0 -9999.0 -9999.0 -9999.0 -9999.0 -9999.0 -9999.0 -9999.0 -9999.0 -9999.0 -9999.0 -9999.0 -9999.0 -9999.0 -9999.0 -9999.0 -9999.0 -9999.0 -9999.0 -9999.0 -9999.0
-9999.0 -9999.0 -9999.0 -9999.0 -9999.0 -9999.0 -9999.0 -9999.0 -9999.0 -9999.0 -9999.0 -9999.0 -9999.0 -9999.0 -9999.0 -9999.0 -9999.0 -9999.0 -9999.0 -9999.0 -9999.0 -9999.0 -9999.0 -9999.0 -9999.0 -9999.0 -9999.0 -568.253715 -128.868387 -566.513458 -122.128012 -317.373097 -60.742516 -9999.0 -9999.0 -9999.0 -9999.0 -9999.0 -9999.0 -9999.0 -9999.0 -9999.0 -9999.0 -9999.0 -9999.0 -9999.0 -9999.0 -9999.0 -9999.0 -9999.0 -9999.0 -9999.0 -9999.0 -9999.0 -9999.0 -9999.0 -9999.0 -9999.0
-9999.0 -9999.0 -9999.0 -9999.0 -9999.0 -9999.0 -9999.0 -9999.0 -9999.0 -9999.0 -9999.0 -9999.0 -9999.0 -9999.0 -9999.0 -9999.0 -9999.0 -9999.0 -9999.0 -9999.0 -9999.0 -9999.0 -9999.0 -9999.0 -45.143631 -49.818722 -45.478605 -42.285013 -34.965449 -81.683736 -148.477675 -9999.0 -9999.0 -9999.0 -9999.0 -9999.0 -9999.0 -9999.0 -9999.0 -9999.0 -9999.0 -9999.0 -9999.0 -9999.0 -9999.0 -9999.0 -9999.0 -9999.0 -9999.0 -9999.0 -9999.0 -9999.0 -9999.0 -9999.0 -9999.0 -9999.0 -9999.0 -9999.0
-9999.0 -9999.0 -9999.0 -9999.0 -9999.0 -9999.0 -9999.0 -9999.0 -9999.0 -9999.0 -9999.0 -9999.0 -9999.0 -9999.0 -9999.0 -9999.0 -9999.0 -9999.0 -9999.0 -9999.0 -9999.0 -9999.0 -9999.0 -52.342172 -48.116662 -879.284820 -5979.964313 -39611.514489 -39423.930581 -146.991860 -140.523895 -154.254372 -9999.0 -9999.0 -9999.0 -9999.0 -9999.0 -9999.0 -9999.0 -9999.0 -9999.0 -9999.0 -9999.0 -9999.0 -9999.0 -9999.0 -9999.0 -9999.0 -9999.0 -9999.0 -9999.0 -9999.0 -9999.0 -9999.0 -9999.0 -9999.0 -9999.0 -9999.0
-9999.0 -9999.0 -9999.0 -9999.0 -9999.0 -9999.0 -9999.0 -9999.0 -9999.0 -9999.0 -9999.0 -9999.0 -9999.0 -9999.0 -9999.0 -9999.0 -9999.0 -9999.0 -424.426647 -60.321028 -9999.0 -49.553759 -49.485314 -36361.092317 -1341.041617 -36180.490194 -427.903382 -478.536543 -419.505521 -554.027631 -119.083484 -122.401042 -565.196524 -563.715907 -9999.0 -9999.0 -9999.0 -9999.0 -9999.0 -9999.0 -9999.0 -9999.0 -9999.0 -9999.0 -9999.0 -9999.0 -9999.0 -9999.0 -9999.0 -9999.0 -9999.0 -9999.0 -9999.0 -9999.0 -9999.0 -9999.0 -9999.0 -9999.0
-9999.0 -9999.0 -9999.0 -9999.0 -9999.0 -9999.0 -9999.0 -9999.0 -9999.0 -9999.0 -9999.0 -9999.0 -9999.0 -9999.0 -9999.0 -9999.0 -9999.0 -1074.107663 -17805.063040 -36837.854306 -569.266470 -356.378401 -528.087428 -31110.968946 -507.997925 -514.118974 -362.440817 -314.318018 -470.815892 -374.309632 -43.459083 -92.367241 -565.247140 -564.785527 -555.201923 -555.467950 -9999.0 -9999.0 -9999.0 -9999.0 -9999.0 -9999.0 -9999.0 -9999.0 -9999.0 -9999.0 -9999.0 -9999.0 -9999.0 -9999.0 -9999.0 -9999.0 -9999.0 -9999.0 -9999.0 -9999.0 -9999.0 -9999.0
-9999.0 -9999.0 -9999.0 -9999.0 -9999.0 -9999.0 -9999.0 -9999.0 -9999.0 -9999.0 -9999.0 -9999.0 -9999.0 -117.049316 -413.846268 -1006.582850 -1453.563332 -591.594523 -1053.964108 -34541.823509 -1561.110398 -1082.241109 -34167.524191 -120.076169 -353.387892 -54.595441 -65603.058916 -29648.452249 -45291.491044 -336.439959 7412.043400 -37.874089 -105.823459 -128.837082 -556.445572 -555.651991 -9999.0 -9999.0 -9999.0 -9999.0 -9999.0 -9999.0 -9999.0 -9999.0 -9999.0 -9999.0 -9999.0 -9999.0 -9999.0 -9999.0 -9999.0 -9999.0 -9999.0 -9999.0 -9999.0 -9999.0 -9999.0 -9999.0
-9999.0 -9999.0 -9999.0 -9999.0 -9999.0 -9999.0 -9999.0 -9999.0 -9999.0 -9999.0 -9999.0 -9999.0 -9999.0 -66.075998 -4307.120908 -1159.376319 -1323.290521 -564.269262 -591.207489 -8786.746978 -145673.386742 -572.290009 -3293.418090 -742.026007 -364.613999 -25996.659943 -163.160932 -557.484907 -556.594257 -22013.949175 -171.736558 -155.441624 -556.990127 -557.713032 -556.670988 -9999.0 -9999.0 -9999.0 -9999.0 -9999.0 -9999.0 -9999.0 -9999.0 -9999.0 -9999.0 -9999.0 -9999.0 -9999.0 -9999.0 -9999.0 -9999.0 -9999.0 -9999.0 -9999.0 -9999.0 -9999.0 -9999.0 -9999.0
-9999.0 -9999.0 -9999.0 -9999.0 -9999.0 -9999.0 -9999.0 -9999.0 -9999.0 -9999.0 -9999.0 -9999.0 -9999.0 -8510.011253 730.601167 -993.549116 -1190.464122 -1235.605258 -590.982019 -1119.014534 -87.973534 -31726.160675 -532.845633 -581.830755 -346.749392 -304.763798 -567.624195 -556.658161 -130.708902 -556.553990 -152.540639 -560.534060 -559.055870 -560.467073 -557.323340 -9999.0 -9999.0 -9999.0 -9999.0 -9999.0 -9999.0 -9999.0 -9999.0 -9999.0 -9999.0 -9999.0 -9999.0 -9999.0 -9999.0 -9999.0 -9999.0 -9999.0 -9999.0 -9999.0 -9999.0 -9999.0 -9999.0 -9999.0
-9999.0 -9999.0 -9999.0 -9999.0 -9999.0 -9999.0 -9999.0 -9999.0 -9999.0 -9999.0 -9999.0 -9999.0 -35650.548076 6617.125033 -6293.828031 -427.766381 -813.010498 -1054.135027 -635.436581 -40104.696447 -1663.316539 -417.838568 -61326.080638 -255.445536 3259.639055 -156.736006 -27.119204 -140.957075 -91.251060 -557.051961 -255.996716 -563.546359 -121.322155 -555.865961 -9999.0 -9999.0 -9999.0 -9999.0 -9999.0 -9999.0 -9999.0 -9999.0 -9999.0 -9999.0 -9999.0 -9999.0 -9999.0 -9999.0 -9999.0 -9999.0 -9999.0 -9999.0 -9999.0 -9999.0 -9999.0 -9999.0 -9999.0 -9999.0
-9999.0 -9999.0 -9999.0 -9999.0 -9999.0 -9999.0 -9999.0 -9999.0 -9999.0 -9999.0 -9999.0 -59.421342 -345.225678 413.103525 -3636.393914 -72.218098 -40424.558431 -1128.818750 -487.806099 -43668.130051 -151505.599512 -587.894168 -101.280647 -134.242893 -43271.413566 -111.008267 -179.131172 -110.045205 2718.221705 -556.848504 -562.918199 -94.471182 -561.972313 -555.285706 -561.743875 -564.860987 -533.919297 -557.089800 -569.494522 -9999.0 -9999.0 -9999.0 -554.770041 -9999.0 -9999.0 -9999.0 -9999.0 -9999.0 -9999.0 -9999.0 -9999.0 -9999.0 -9999.0 -9999.0 -9999.0 -9999.0 -9999.0 -9999.0
-9999.0 -9999.0 -9999.0 -9999.0 -9999.0 -9999.0 -9999.0 -9999.0 -9999.0 -9999.0 -9999.0 -60.363133 -534.347665 -43195.367734 -11689.939290 -151.119012 -20787.734825 -34468.208410 -532.713259 -591.854019 -80.424564 -86.244959 -43.003845 -130.696644 -105.636744 -125.575011 -122.394132 -93.929067 -566.561883 -556.375967 -107.560717 -68.215186 -150.536869 -137.059834 -280.709810 -260.717187 -373.691226 -533.958167 -548.878836 -564.311785 -563.521461 -561.899887 -142.086048 -557.805159 -9999.0 -9999.0 -9999.0 622.202461 -156.319465 -563.993640 -133.892766 -562.091344 -561.667054 607.520784 678.078044 -555.912649 -9999.0 -9999.0
-9999.0 -9999.0 -9999.0 -9999.0 -9999.0 -9999.0 -9999.0 -9999.0 -9999.0 -9999.0 -9999.0 -51.517243 -65.447341 -22126.111953 -406.953906 -100.006919 -183.340910 -10095.544974 -100.419394 -606.181789 -573.484376 -15980.052479 -150.460859 -37.430673 -132.784299 -567.027799 -139.531482 -14.450191 -557.682998 -150.693030 -556.422658 -2829.018494 -110.287934 -165.711054 -559.846441 -338.308044 -353.009133 -10924.553089 -547.179639 -565.657945 -555.789136 -564.985785 -211.368101 -139.803971 -174.732380 -9999.0 -557.052380 -134.303871 -110.220964 -93.548277 -182.343986 -567.499981 -189.985599 -92.782295 -175.668703 -118.906100 -9999.0 -9999.0
-9999.0 -9999.0 -9999.0 -9999.0 -9999.0 -9999.0 -9999.0 -9999.0 -9999.0 -9999.0 -9999.0 -9999.0 -54.301118 -189.144266 -65.900355 -66.739758 -556.616596 -6718.537790 -540.061691 -593.613909 -1465.553702 -19531.320713 -18007.762065 -130.524849 -131.197675 -144.855668 2543.309691 -242.541376 -124.272194 -564.899630 -115.138210 -117.467978 -271.336670 -141.550676 -206.254382 -355.522250 -697.408652 -6679.163385 -298.238654 -569.662751 -404.187954 -569.069086 -7774.241919 -44.041988 -565.330590 -136.687530 -562.599528 -138.587909 -5164.560461 -126.007737 -169.464954 -61.974524 1349.283258 -114.875897 -85.533895 -31.822757 -26.439453 -9999.0
-9999.0 -9999.0 -9999.0 -9999.0 -9999.0 -9999.0 -9999.0 -9999.0 -9999.0 -9999.0 -9999.0 -159.184537 -57.223042 -212.973786 -141.880432 -188.948717 -161.460688 -1166.349334 -88.794912 -720.189631 -2296.906870 -409.944243 -149.552602 -6445.173558 -149.134392 -111.773564 -151.489262 -146.851109 -158.184036 -565.709285 -144.445516 -98.369963 -82.297856 -130.065185 -187.368930 -224.922441 -554.023838 -18512.475911 -896.331801 -545.466463 -27804.502913 -1837.849903 -292.883847 -33186.309479 -98.346744 -146.287832 -96.156144 -566.568227 -568.081569 -37339.121822 -7905.222439 -147.586988 -100.148158 -6896.335522 -7003.068433 -561.230263 -564.800295 -9999.0
-9999.0 -9999.0 -9999.0 -9999.0 -9999.0 -9999.0 -9999.0 -9999.0 -9999.0 -9999.0 2477.833813 -132.028301 -48.744796 -52.828523 -59.247961 -64.244949 -63.132480 -389.227444 -973.588452 -698.713187 -523.807927 -364.609063 -4182.616438 -52.451898 -172.691170 2843.646584 -3769.914118 -8917.507016 -217.129562 -101.250044 -103.711405 -30.416302 -105.715191 -137.376756 -556.388282 -563.567177 -352.925271 -370.940110 -1922.535711 -188.690263 -14820.383913 -21647.146969 -582.183909 -305.747636 -187.019374 -568.035271 -107.323207 -8180.279344 -127.300328 -148.499267 -8791.253056 -558.891869 -7140.417291 -561.130461 -559.828647 -107.148830 -108.407312 -9999.0
-9999.0 -9999.0 -9999.0 -9999.0 -9999.0 -9999.0 -9999.0 -9999.0 -9999.0 -127.254817 -177.137766 -144.602039 -129.769823 -151.182003 -160.227304 -121.833299 -146.006101 -65.264650 -7508.694947 -753.858640 -547.944630 -952.749267 -18196.913164 -283.839650 -125.591816 -3050.474870 -170.978260 -98.532701 -11534.980822 -156.804449 -98.262377 -123779.070315 -557.610561 -556.686052 -556.904335 -556.877600 -114.942721 -278.690389 -312.508211 -242.448451 -369.496268 -269.030932 -3209.318793 -916.888012 -16267.229821 -24516.004381 -80.871755 -11213.221842 -9255.115851 -31.226253 -8741.557567 -564.506423 -562.382697 -559.161647 -561.066011 -3955.183760 -86.170820 -565.674589
-9999.0 -9999.0 -9999.0 -9999.0 -9999.0 -9999.0 -9999.0 -9999.0 -9999.0 -183.184180 -124.690305 -117.668477 5058.128762 -177.622121 -188.750554 -160.898053 -53.975233 -165.167616 -11014.600201 -613.952181 -587.880421 -169.389621 -434.825394 -54.427246 -2674.716786 -176.750587 -155.231885 -168.389924 -101.321836 -254.174893 -284.335842 -5108.711126 -112.872080 -143.940777 -106.580568 -565.105527 -567.001346 -568.207590 -220.847387 -105.464178 -141.792549 -2421.818891 -284.399986 -133.321518 -544.437411 -469.611996 -224.479685 -19013.558040 -17809.617302 -146.445284 -140488.613901 -6732.611957 -557.025916 -150.486744 -559.065013 -102.828295 -3387.255946 -105.402178
-9999.0 -9999.0 -9999.0 -9999.0 -9999.0 -9999.0 -9999.0 -9999.0 -9999.0 -9999.0 -129.862143 -102.102419 -118.674424 1990.334424 -15799.470107 -192.673130 -163.072860 -206.506929 -16156.098429 -749.264019 -571.510633 -143140.821100 -270.358004 -2182.394487 -173.373220 -176.506433 -102.889738 -73.635202 -279.429113 -235.404901 -2937.073155 5331.705732 -3378.804519 -140.424999 -93.526821 -74.169337 -61.886778 -47.589632 -567.537478 -135.687999 -183.335967 -43.492828 5120.606913 -7767.174472 -5573.352250 -288.825613 -15648.651559 -442.987338 -27732.795712 -16273.724401 -150362.886648 -8552.556402 -562.695095 -556.696374 -51.527738 -137.663977 -25.847505 10932.229186
-9999.0 -9999.0 -9999.0 -9999.0 -9999.0 -9999.0 -9999.0 -9999.0 -9999.0 -9999.0 -122.083587 -112.904795 -46.974700 -130.665160 -214.874605 -537.695368 -434.104210 -834.496578 -1071.445833 -985.306164 -1093.532177 -2396.072416 -358.500942 -235.585073 -198.922267 -80.764518 -303.971728 -284.217303 -286.043239 -2331.678476 -133.378013 -29.337343 -9069.228733 -158.830464 -136.888299 -40.522368 2775.507959 -125.807568 -5897.781547 -150.808174 -112.700380 -568.338810 -104.491347 -130.348623 -223.272550 -91640.158629 -128.378385 -5447.645598 -37392.554184 -1709.856806 -6337.520643 -5833.380790 -118.345928 -563.732155 -555.095441 -563.399451 -165.057138 -3225.528712
-9999.0 -9999.0 -9999.0 -9999.0 -9999.0 -9999.0 -9999.0 -9999.0 -33.817509 -115.920471 -302.245672 -31.580542 -59.631498 -109.931566 -352.813278 -452.886384 -10311.534276 -167.057952 -732.883011 -1050.690900 -1385.503707 -18377.837022 -12329.207383 -4571.580353 -265.409894 -328.293494 -268.900035 -267.548070 -100.289792 -3993.803110 -557.690746 -122.832723 -118.264454 -140.210736 -109.123336 -176.263824 -100.973620 -121.352289 -3940.071900 -567.178372 -560.616297 -39.316572 -8016.830931 -559.072412 -570.567707 2077.596259 -2806.954862 -106.805379 -5567.891272 -357.368701 -368.698653 -144774.469389 -112.007840 -5422.022951 -563.765636 -193.484760 -566.860847 -46.616768
-9999.0 -9999.0 -9999.0 -9999.0 -9999.0 -9999.0 -9999.0 -9999.0 -314.077049 -119.825824 -6789.301150 -143.987960 -129.893184 -25.638743 -293.134848 -291.451804 -1216.760833 -3497.262153 -152750.295629 -1058.191481 -546.387741 -666.628032 -813.162519 -161.525716 -10447.392094 -711.500986 -261.596756 -100.384571 -8371.356069 -120.698112 -127.990611 -567.300890 -98.708819 -567.915296 -32.022335 -42.695346 -64.415708 -124.710357 -8847.846641 -106.374247 -134.523434 -529.973589 -559.071339 -104.710821 2878.855793 -103.538637 -8159.477440 -120.442557 -3053.678659 -296.838244 -202.184083 -118.053440 -337.430711 -104.109023 -198.006820 -9902.675291 -6048.597643 -11700.405048
-9999.0 -9999.0 -9999.0 -9999.0 -9999.0 -9999.0 -9999.0 -9999.0 -134.010346 3597.738883 -355.015942 -5569.014098 -25.001241 -7756.316111 -137.878305 -4406.689630 -633.216542 -812.177399 -25912.515713 -553.781920 -1063.161716 -691.255560 -832.491971 -1039.912434 -727.240343 -3442.817651 -254.778720 -296.910985 -9165.957886 -108.297250 -568.033305 -34.582318 -127.636583 -9149.156846 -39.307226 -57.227283 -18269.497110 -587.771694 -6365.932902 -5772.891060 -112.769836 -568.049757 -39.065305 2883.992145 -113.639741 -41.002850 -567.168596 -34.596296 -115.482863 -1830.382687 -418.904253 -260.361867 -6676.743744 -5602.167574 -6223.718973 -98.865704 -18.653395 -88.988547
-9999.0 -9999.0 -9999.0 -9999.0 -9999.0 -9999.0 -9999.0 -9999.0 -556.014070 -105.087395 732.872663 -9525.859000 -30.143552 -119.782693 -144488.636165 -288.395995 -152234.835138 -20797.392775 -583.187542 -1115.650864 -1025.535096 -989.766163 -678.605999 -720.789841 -961.246113 -560.938199 -261.339994 -4748.021529 -45.471714 -7156.258249 -8527.547829 -10047.092330 -36037.452988 -110.364736 -40839.930749 -145.033270 -118.840782 -5426.032792 -3733.183548 -19553.319564 -120.266364 -99.918047 -95.944932 -570.247932 -42.272476 -569.035435 -206.794905 -567.914835 -164.093335 -6546.626169 -243.015885 -336.649117 -256.176045 -163.916546 -25.844948 -34.383414 -736.044000 -593.793778
-9999.0 -9999.0 -9999.0 -9999.0 -9999.0 -9999.0 -9999.0 -9999.0 -44.724460 -30.389048 5436.454751 -5280.271517 -5498.666518 -405.421672 -39.460545 -432.354890 -414.482923 -1520.693931 -501.486861 -4097.330127 -1114.509167 -905.631086 -983.778516 -1009.136861 -164.257632 -529.539823 -386.165053 -174.306994 -165.849502 -134.832963 -2657.795118 -119.524642 -515.447268 -95.076069 -15518.352153 -20745.576616 -26285.647992 -16550.223392 -152493.793154 -92.021096 -15115.532358 -19319.977802 -15305.382352 -18587.387704 -6893.056863 -104.210573 -12014.210370 -8828.690096 -12892.546123 -5839.812680 -16361.753470 -636.760343 -356.087465 -184.197427 -47.424722 -238.520379 -431.106782 -557.074957
-9999.0 -9999.0 -253.393941 -38.956106 -23.815875 -150.409000 -94.693517 -120.482027 -26.717770 -28.216250 -104.729762 1013.871768 -373.058096 -102.947927 -51.146554 132.438175 -3033.712579 -253.955333 -127.010199 -323.194975 -4037.093829 -1045.176819 -681.714172 -1177.224230 -922.862300 -1902.357458 -516.622279 -453.886887 -999.633879 -52.045161 -299.704008 -365.728410 -494.083481 -2610.772945 -210.233642 -8713.745993 -488.740112 -37638.303776 -152890.950536 -151660.934149 -30460.892713 -30488.387267 -145640.608968 -1177.690527 -9875.427130 -16296.171464 -99.788792 -410.607018 -24918.064933 -340.740416 -577.257326 -588.660167 -448.028353 -387.412881 -310.485448 -348.732612 -430.389076 -568.512206
