erum2020/resources/simulation/Vinschgau/output-maps/psiL0005N1204.asc
ncols         63
nrows         48
xllcorner     598000.000000
yllcorner     5145000.000000
cellsize      1000.000000
NODATA_value  -9999.0
[rows 0 to 25 of 48, columns 0 to 57 of 63]
-9999.0 -9999.0 -9999.0 -9999.0 -9999.0 -9999.0 -9999.0 -9999.0 -9999.0 -9999.0 -9999.0 -9999.0 -9999.0 -9999.0 -9999.0 -9999.0 -9999.0 -9999.0 -9999.0 -9999.0 -9999.0 -9999.0 -9999.0 -9999.0 -9999.0 -9999.0 -9999.0 -9999.0 -9999.0 -9999.0 -9999.0 -9999.0 -9999.0 -9999.0 -9999.0 -9999.0 -9999.0 -9999.0 -9999.0 -9999.0 -9999.0 -9999.0 -9999.0 -9999.0 -9999.0 -9999.0 -9999.0 -9999.0 -9999.0 -9999.0 -9999.0 -9999.0 -9999.0 -9999.0 -9999.0 -9999.0 -9999.0 -9999.0
-9999.0 -9999.0 -9999.0 -9999.0 -9999.0 -9999.0 -9999.0 -9999.0 -9999.0 -9999.0 -9999.0 -9999.0 -9999.0 -9999.0 -9999.0 -9999.0 -9999.0 -9999.0 -9999.0 -9999.0 -9999.0 -9999.0 -9999.0 -9999.0 -9999.0 -9999.0 -9999.0 -224.026363 -235.849545 -180.942223 106.447312 34.055985 13769.024227 -9999.0 -9999.0 -9999.0 -9999.0 -9999.0 -9999.0 -9999.0 -9999.0 -9999.0 -9999.0 -9999.0 -9999.0 -9999.0 -9999.0 -9999.0 -9999.0 -9999.0 -9999.0 -9999.0 -9999.0 -9999.0 -9999.0 -9999.0 -9999.0 -9999.0
-9999.0 -9999.0 -9999.0 -9999.0 -9999.0 -9999.0 -9999.0 -9999.0 -9999.0 -9999.0 -9999.0 -9999.0 -9999.0 -9999.0 -9999.0 -9999.0 -9999.0 -9999.0 -9999.0 -9999.0 -9999.0 -9999.0 -9999.0 -9999.0 -275.560895 -292.192462 -286.536923 -293.702286 -202.411311 -56.160819 110.799141 -9999.0 -9999.0 -9999.0 -9999.0 -9999.0 -9999.0 -9999.0 -9999.0 -9999.0 -9999.0 -9999.0 -9999.0 -9999.0 -9999.0 -9999.0 -9999.0 -9999.0 -9999.0 -9999.0 -9999.0 -9999.0 -9999.0 -9999.0 -9999.0 -9999.0 -9999.0 -9999.0
-9999.0 -9999.0 -9999.0 -9999.0 -9999.0 -9999.0 -9999.0 -9999.0 -9999.0 -9999.0 -9999.0 -9999.0 -9999.0 -9999.0 -9999.0 -9999.0 -9999.0 -9999.0 -9999.0 -9999.0 -9999.0 -9999.0 -9999.0 -317.339019 -343.852086 -1865.339096 -2129.707536 -3643.946148 -2650.751463 -318.240915 104.883026 553.979306 -9999.0 -9999.0 -9999.0 -9999.0 -9999.0 -9999.0 -9999.0 -9999.0 -9999.0 -9999.0 -9999.0 -9999.0 -9999.0 -9999.0 -9999.0 -9999.0 -9999.0 -9999.0 -9999.0 -9999.0 -9999.0 -9999.0 -9999.0 -9999.0 -9999.0 -9999.0
-9999.0 -9999.0 -9999.0 -9999.0 -9999.0 -9999.0 -9999.0 -9999.0 -9999.0 -9999.0 -9999.0 -9999.0 -9999.0 -9999.0 -9999.0 -9999.0 -9999.0 -9999.0 -672.096944 -406.343809 -9999.0 -347.497115 -376.450196 -3268.588797 -1887.128122 -3557.499666 -663.011258 -742.480657 -602.579255 -667.453927 -241.368112 103.558075 -263.340969 -222.338297 -9999.0 -9999.0 -9999.0 -9999.0 -9999.0 -9999.0 -9999.0 -9999.0 -9999.0 -9999.0 -9999.0 -9999.0 -9999.0 -9999.0 -9999.0 -9999.0 -9999.0 -9999.0 -9999.0 -9999.0 -9999.0 -9999.0 -9999.0 -9999.0
-9999.0 -9999.0 -9999.0 -9999.0 -9999.0 -9999.0 -9999.0 -9999.0 -9999.0 -9999.0 -9999.0 -9999.0 -9999.0 -9999.0 -9999.0 -9999.0 -9999.0 -2036.481853 -2217.208155 -55372.498544 -259.093714 -494.279761 -714.589367 -2041.059539 -798.333172 -248.295657 41913.725347 -539.729139 44587.080272 -520.565813 -334.978687 -261.262587 -222.432461 -423.307259 -452.826323 -364.934855 -9999.0 -9999.0 -9999.0 -9999.0 -9999.0 -9999.0 -9999.0 -9999.0 -9999.0 -9999.0 -9999.0 -9999.0 -9999.0 -9999.0 -9999.0 -9999.0 -9999.0 -9999.0 -9999.0 -9999.0 -9999.0 -9999.0
-9999.0 -9999.0 -9999.0 -9999.0 -9999.0 -9999.0 -9999.0 -9999.0 -9999.0 -9999.0 -9999.0 -9999.0 -9999.0 -704.972996 -1126.405993 -1554.605909 -2140.945166 -8101.674763 -1991.194009 -3459.934465 -2000.945682 -1414.597034 -3004.704371 -923.080847 228.867576 -375.786687 -9132.438681 21873.996253 15259.048422 189.480278 25492.783097 -193.382323 -123.967138 98.418914 -126.933797 -267.424090 -9999.0 -9999.0 -9999.0 -9999.0 -9999.0 -9999.0 -9999.0 -9999.0 -9999.0 -9999.0 -9999.0 -9999.0 -9999.0 -9999.0 -9999.0 -9999.0 -9999.0 -9999.0 -9999.0 -9999.0 -9999.0 -9999.0
-9999.0 -9999.0 -9999.0 -9999.0 -9999.0 -9999.0 -9999.0 -9999.0 -9999.0 -9999.0 -9999.0 -9999.0 -9999.0 -613.669913 -2139.281986 -1870.022659 -2056.901239 -946.894920 -8124.371744 -2215.103418 -3009.082376 -2662.469373 -1267.964431 -800.966335 -741.162161 -499.892151 -276.072844 -166.504541 -177.381948 35531.400418 43982.614221 -128.124563 -197.844561 -407.913756 -202.020804 -9999.0 -9999.0 -9999.0 -9999.0 -9999.0 -9999.0 -9999.0 -9999.0 -9999.0 -9999.0 -9999.0 -9999.0 -9999.0 -9999.0 -9999.0 -9999.0 -9999.0 -9999.0 -9999.0 -9999.0 -9999.0 -9999.0 -9999.0
-9999.0 -9999.0 -9999.0 -9999.0 -9999.0 -9999.0 -9999.0 -9999.0 -9999.0 -9999.0 -9999.0 -9999.0 -9999.0 -2196.396125 522.808660 -2079.276570 -1901.339711 -1983.174721 -8210.451123 -2067.048066 -1050.007490 -46029.965111 -181.459965 6760.595062 -1071.210103 -737.875564 -282.216219 -242.620695 262.480529 -414.238896 105.463285 -298.341545 -530.660347 -294.190562 -204.127612 -9999.0 -9999.0 -9999.0 -9999.0 -9999.0 -9999.0 -9999.0 -9999.0 -9999.0 -9999.0 -9999.0 -9999.0 -9999.0 -9999.0 -9999.0 -9999.0 -9999.0 -9999.0 -9999.0 -9999.0 -9999.0 -9999.0 -9999.0
-9999.0 -9999.0 -9999.0 -9999.0 -9999.0 -9999.0 -9999.0 -9999.0 -9999.0 -9999.0 -9999.0 -9999.0 -3091.210555 6410.039764 -2188.231146 -1764.421224 -1186.532741 -1642.701983 -1109.645290 -60665.313775 -1876.538147 -433.093790 -226.254424 8205.802234 36581.722352 -271.829095 33832.768007 42.225386 100.444479 -164.502133 1218.797612 -244.522141 726.965869 -244.093580 -9999.0 -9999.0 -9999.0 -9999.0 -9999.0 -9999.0 -9999.0 -9999.0 -9999.0 -9999.0 -9999.0 -9999.0 -9999.0 -9999.0 -9999.0 -9999.0 -9999.0 -9999.0 -9999.0 -9999.0 -9999.0 -9999.0 -9999.0 -9999.0
-9999.0 -9999.0 -9999.0 -9999.0 -9999.0 -9999.0 -9999.0 -9999.0 -9999.0 -9999.0 -9999.0 -512.812402 -2055.441695 186.836154 -2186.968002 -735.415966 -66410.156692 -1759.915932 -837.674153 -69339.652151 -2525.059561 -872.447785 -434.363932 -312.964434 -210.203512 -183.471414 109.615019 -113.305687 3956.891252 -151.840102 -224.293022 -98.804948 -189.620623 -234.583017 -255.895567 -232.469291 -144.998043 -476.687894 -103.055385 -9999.0 -9999.0 -9999.0 -419.933697 -9999.0 -9999.0 -9999.0 -9999.0 -9999.0 -9999.0 -9999.0 -9999.0 -9999.0 -9999.0 -9999.0 -9999.0 -9999.0 -9999.0 -9999.0
-9999.0 -9999.0 -9999.0 -9999.0 -9999.0 -9999.0 -9999.0 -9999.0 -9999.0 -9999.0 -9999.0 -487.057735 -2107.855622 -3667.141423 -2240.402112 -904.985526 -2464.541273 -2374.778277 -936.886681 -1197.100257 -909.329206 -674.676495 -264.600372 34461.456042 36810.665354 -205.493770 -173.861062 -156.350434 -114.163356 -185.880335 -115.184868 93.098228 461.725729 4188.615998 795.435488 -93.668174 -238.318088 -670.127397 -672.001570 -369.972911 -285.542931 -227.284611 92.114854 -236.482176 -9999.0 -9999.0 -9999.0 32243.325365 35582.583546 -208.915578 35728.370037 -206.279293 -195.052435 33064.011155 33433.988623 -135.530820 -9999.0 -9999.0
-9999.0 -9999.0 -9999.0 -9999.0 -9999.0 -9999.0 -9999.0 -9999.0 -9999.0 -9999.0 -9999.0 -453.919074 -535.109443 -374.859002 -656.733050 -988.521823 -1101.368288 -1938.953237 -2158.432432 -1274.487699 -949.922071 -306.914409 38283.230402 -221.401944 -228.043562 -202.673473 40215.502821 40330.007741 -201.190630 620.306717 -206.444056 33334.737178 52.669614 930.677968 -211.570420 -148.767073 40126.220903 -1167.786808 -878.218547 -413.735005 -371.662846 -57.597752 -22.924525 -5.055429 31602.932447 -9999.0 -234.051225 30106.846704 102.200768 13.017716 -24.225472 -162.770373 -30.022478 105.763064 38.719447 4680.144251 -9999.0 -9999.0
-9999.0 -9999.0 -9999.0 -9999.0 -9999.0 -9999.0 -9999.0 -9999.0 -9999.0 -9999.0 -9999.0 -9999.0 -449.843770 29412.817497 -634.259516 -646.694819 -1002.564450 -1773.971741 -908.425646 -1201.940707 -1314.409360 -560.464481 -103.627728 27340.010550 39482.752723 40293.557527 2379.440083 -49.665126 109.954650 -226.581918 -156.371123 39184.100423 -40.959011 133.145638 673.813828 95.384786 -417.226443 -1533.027510 -550.597803 -303.686716 -846.272213 -309.107877 24462.481071 -239.045891 -277.728714 30453.504689 -253.403098 14508.561275 28846.899283 38003.704720 58650.386901 35964.922737 36734.423461 35942.714320 35093.541686 146.168823 810.377461 -9999.0
-9999.0 -9999.0 -9999.0 -9999.0 -9999.0 -9999.0 -9999.0 -9999.0 -9999.0 -9999.0 -9999.0 45137.506607 -387.171889 -118.428280 46893.230837 -502.928857 -820.203250 -1344.406508 -1110.993400 -1256.397658 -1495.204421 -729.036792 5674.654572 15699.205680 40728.283146 40286.115302 41680.220996 -48.842269 110.058150 -207.222924 41705.960858 41719.531592 -197.135878 113.340893 903.710332 101.082010 -283.473506 -1617.074804 -766.939276 -976.560915 -1474.501755 -877.173896 28253.719916 -1945.932243 -347.158047 98.613228 98.216906 -278.385444 -267.202783 -107.271135 -922.690450 -95.187704 2973.190121 -896.081407 -1186.222808 -443.232076 -196.891792 -9999.0
-9999.0 -9999.0 -9999.0 -9999.0 -9999.0 -9999.0 -9999.0 -9999.0 -9999.0 -9999.0 2250.941421 31482.865746 -380.816287 -412.628049 -511.258866 2418.141208 2578.192993 -401.838955 -1526.342176 -1215.016050 -930.690435 -573.830184 28151.049941 -394.333640 52689.755979 31729.818874 33705.838159 -1004.034445 -61.792903 -358.862322 17962.947970 18233.096186 -243.456619 112.146756 -189.718202 -223.688155 -292.616963 33352.704850 -716.226233 -274.317764 -333.804034 -2020.038874 -73.484951 -490.787901 35270.151512 -209.232617 -242.211956 23592.657906 37368.785505 -60.583468 -4772.886218 -207.934117 -1022.987100 -188.310635 -358.900949 113.172193 111.068086 -9999.0
-9999.0 -9999.0 -9999.0 -9999.0 -9999.0 -9999.0 -9999.0 -9999.0 -9999.0 -226.105847 -304.812541 14876.145342 26864.891056 41006.530147 40088.133485 42842.747400 53604.185650 -592.885431 -1899.374798 -1339.066907 -1009.260154 -1268.451494 -1030.531705 -726.849835 -330.247087 48239.204593 40035.882904 -294.165231 20736.650646 46905.427843 77.790200 -30.273513 -164.400717 -277.525214 -225.481271 -223.086042 -240.639265 35287.988940 39960.334574 41938.373391 49538.864234 48613.493872 31515.242283 -1026.065045 -661.630155 22737.732995 -441.986466 8982.375381 11906.570906 -187.910707 -110.462536 -203.393601 -213.006354 -126.800163 -181.692133 -106.505708 938.846570 -130.214037
-9999.0 -9999.0 -9999.0 -9999.0 -9999.0 -9999.0 -9999.0 -9999.0 -9999.0 -41.659621 -237.357735 -392.948577 4861.370956 798.885826 58374.928084 41898.812857 -397.011103 -615.170889 -2094.548297 -1315.232219 -1174.818868 -2155.994327 -659.934957 -377.738117 44743.397862 41495.219201 41565.051267 -37.355296 -213.348641 -404.997009 -337.657750 48905.857027 0.000000 662.076397 104.924364 -227.131534 -211.684023 -190.504036 -241.700666 -267.115692 45344.515409 29041.942421 43671.610860 -366.325309 -890.225793 -677.633334 -687.715469 -529.064546 29.644264 -432.403825 -36.878377 28732.136875 -180.001799 29615.199392 -49.410856 5310.568426 -67.588173 5003.037728
-9999.0 -9999.0 -9999.0 -9999.0 -9999.0 -9999.0 -9999.0 -9999.0 -9999.0 -9999.0 -142.088071 -268.083679 37771.192170 37207.599781 192.788213 49444.418146 348.825697 -830.013991 -2239.394707 -1407.842506 -1099.244446 -2284.195375 335.529140 21838.584289 40722.305449 42622.645936 -56.900961 -365.976153 -378.665773 57326.779385 52529.031570 60660.596534 34595.097026 124.751230 98.114479 -178.017439 -349.676310 -302.323277 -177.830713 -76.183628 -135.280861 -255.849028 4908.477935 28024.705124 -361.941790 -272.221890 -1318.082877 -677.664280 -1921.092983 -517.570597 -47.148072 -125.373076 -198.508831 -158.849174 29905.942987 34671.406663 96.515729 16508.812589
-9999.0 -9999.0 -9999.0 -9999.0 -9999.0 -9999.0 -9999.0 -9999.0 -9999.0 -9999.0 116.165869 -194.785743 -312.486424 8668.636924 -355.672664 -552.045934 -373.020806 -1272.510642 -1747.309386 -2039.193277 -1827.874193 -1506.192534 424.161648 51301.400543 20707.459154 -164.976322 -482.771437 796.599578 57173.302388 34650.899678 -160.986147 98.050045 -2589.611728 538.396444 -169.476437 -227.349494 9705.447603 24902.120286 28178.624796 108.096437 -77.939757 -68.256673 39090.831144 -362.898078 -389.628533 -22.275172 660.006562 -301.587097 -1499.222790 -802.695924 92.366394 26025.619781 35984.812231 -176.675752 -221.205032 -211.576605 36965.067447 29162.746413
-9999.0 -9999.0 -9999.0 -9999.0 -9999.0 -9999.0 -9999.0 -9999.0 -157.506673 -101.717492 27.377807 -70.121825 15426.899750 34544.168045 61904.190351 -701.058801 -2229.989825 -2184.209262 -1966.807189 -2163.540537 -2115.410791 -2289.350120 -2141.307295 -1601.129296 -555.784127 -537.629963 -487.477072 60422.758740 45563.497413 34409.075052 -279.180771 -111.366674 -120.964889 304.920270 97.949249 -254.805940 -528.662821 41808.353042 51855.455381 -225.762667 -232.597665 -237.921591 -865.944324 -192.376788 -253.943360 2195.174548 51077.439175 43690.257744 570.469288 -513.940498 -324.393595 -53.922856 11821.992338 27880.737299 -275.131773 1192.004937 -157.957674 -327.430657
-9999.0 -9999.0 -9999.0 -9999.0 -9999.0 -9999.0 -9999.0 -9999.0 -27.139594 15877.397147 31966.813049 111.944592 -229.669960 39702.884138 52633.841334 -321.044666 -1405.422373 -1597.092340 -3195.227938 -2168.945176 -976.768975 -1770.233140 -1994.167830 -2243.684961 -2086.636622 -1079.242061 -488.135210 35410.275340 -3901.981331 112.121469 836.528423 -311.271086 -152.187688 -294.233408 -172.721125 -286.253346 -514.180175 90.649138 23587.678650 -286.297208 -145.560993 -30.801649 -256.894125 -328.968990 2686.911320 35785.227890 -938.699085 -267.081069 30210.817775 -450.249100 -326.509524 63527.588963 13048.272423 33364.567705 -26.493839 -11204.073826 13246.101368 630.244811
-9999.0 -9999.0 -9999.0 -9999.0 -9999.0 -9999.0 -9999.0 -9999.0 -181.514865 3456.899243 168.304175 30821.687369 102.558071 -904.371833 40137.193829 34494.304346 -873.880912 -1924.038692 -2400.269008 -992.765014 -2180.460489 -1867.703784 -2020.713380 -2129.770396 -1453.037357 -1549.240647 -495.271276 56962.306053 -1977.432069 -132.186613 -326.502873 -163.422668 38976.618525 -119.973433 -255.127670 -432.878769 342.912122 -306.508237 48235.762955 31583.839219 -247.809121 -307.374475 -267.062936 2695.812202 42568.672942 -245.776526 -290.739451 -202.573423 40911.045022 -239.359801 -620.044975 -204.375261 3962.894743 7932.707163 -117.852625 4387.874839 81.279981 -469.194808
-9999.0 -9999.0 -9999.0 -9999.0 -9999.0 -9999.0 -9999.0 -9999.0 -280.131856 -248.115410 8901.695574 -3437.892864 -198.827207 38839.412550 -60.959580 -481.712430 -2514.515060 -2325.184713 -1122.348935 -2066.548488 -2119.052076 -2068.693798 -1775.064956 -1878.760528 -1489.850720 -879.805593 47202.237614 45595.622407 -337.857606 34879.968847 24303.069174 28853.953773 -140.208157 11629.956791 -83.768528 -594.222529 -870.034898 -1648.485560 -514.669009 10106.439234 -391.162324 -393.056748 -358.259145 -265.761694 -249.595437 -251.895277 -71.268746 -224.806823 -244.524146 15685.247625 209.142507 -710.465783 -308.881800 8422.777099 87.263790 -118.397921 -675.329409 -967.013050
-9999.0 -9999.0 -9999.0 -9999.0 -9999.0 -9999.0 -9999.0 -9999.0 34576.876578 92.173840 -53.854998 51246.634655 50393.290379 58473.234535 -272.814955 -660.788851 -639.137212 -1399.071753 -1006.957190 -1630.366658 -1859.166291 -1869.848305 -2042.975384 -2069.527240 -1984.611389 -740.550342 53474.792387 22577.464465 51.173665 4322.094770 23865.333596 -243.903420 -417.887907 -334.298252 -411.440096 -944.137616 -2546.617474 -2200.129900 -2351.318489 -516.124633 -527.071240 -333.902055 -358.063203 -175.632641 14389.691789 -403.002734 18426.264827 21187.339991 16646.442463 -124.007213 -601.164099 -1107.991620 -800.076754 -577.082557 -294.538309 -394.812953 -639.875220 -859.053779
-9999.0 -9999.0 -61.843786 -245.421352 -107.989131 35783.284062 34997.710594 35131.951345 139.073603 99.173140 36836.464033 44306.565999 52794.223134 100.880610 -437.178338 72.192975 -210.520611 53605.930828 41747.848861 -435.695889 -1626.702232 -1659.990451 -1169.005990 -2131.105968 -1855.153743 -1474.012715 -492.668828 -527.095862 -1068.211438 -449.942532 282.636266 -883.050431 -761.130368 -1446.582440 -1572.243685 -1894.887225 -2169.670994 -2424.171379 -2907.373440 -2290.459239 -3057.044234 -2711.492094 -1897.651167 -733.175909 -511.338612 -520.872767 -425.335551 -633.289363 -1060.257371 -1051.374066 -1867.384021 -1066.085746 -705.157554 -596.683542 -506.607634 -579.698851 -641.497012 -807.287974
