erum2020/resources/simulation/Vinschgau/output-maps/psiL0008N0546.asc
ncols         63
nrows         48
xllcorner     598000.000000
yllcorner     5145000.000000
cellsize      1000.000000
NODATA_value  -9999.0
[rows 0 to 25 of 48, columns 0 to 57 of 63]
-9999.0 -9999.0 -9999.0 -9999.0 -9999.0 -9999.0 -9999.0 -9999.0 -9999.0 -9999.0 -9999.0 -9999.0 -9999.0 -9999.0 -9999.0 -9999.0 -9999.0 -9999.0 -9999.0 -9999.0 -9999.0 -9999.0 -9999.0 -9999.0 -9999.0 -9999.0 -9999.0 -9999.0 -9999.0 -9999.0 -9999.0 -9999.0 -9999.0 -9999.0 -9999.0 -9999.0 -9999.0 -9999.0 -9999.0 -9999.0 -9999.0 -9999.0 -9999.0 -9999.0 -9999.0 -9999.0 -9999.0 -9999.0 -9999.0 -9999.0 -9999.0 -9999.0 -9999.0 -9999.0 -9999.0 -9999.0 -9999.0 -9999.0
-9999.0 -9999.0 -9999.0 -9999.0 -9999.0 -9999.0 -9999.0 -9999.0 -9999.0 -9999.0 -9999.0 -9999.0 -9999.0 -9999.0 -9999.0 -9999.0 -9999.0 -9999.0 -9999.0 -9999.0 -9999.0 -9999.0 -9999.0 -9999.0 -9999.0 -9999.0 -9999.0 -252.601849 -252.608665 -252.639572 -253.619430 -253.796361 -253.784217 -9999.0 -9999.0 -9999.0 -9999.0 -9999.0 -9999.0 -9999.0 -9999.0 -9999.0 -9999.0 -9999.0 -9999.0 -9999.0 -9999.0 -9999.0 -9999.0 -9999.0 -9999.0 -9999.0 -9999.0 -9999.0 -9999.0 -9999.0 -9999.0 -9999.0
-9999.0 -9999.0 -9999.0 -9999.0 -9999.0 -9999.0 -9999.0 -9999.0 -9999.0 -9999.0 -9999.0 -9999.0 -9999.0 -9999.0 -9999.0 -9999.0 -9999.0 -9999.0 -9999.0 -9999.0 -9999.0 -9999.0 -9999.0 -9999.0 -252.274542 -252.366273 -252.029888 -251.722074 -250.060932 -252.593917 -253.276076 -9999.0 -9999.0 -9999.0 -9999.0 -9999.0 -9999.0 -9999.0 -9999.0 -9999.0 -9999.0 -9999.0 -9999.0 -9999.0 -9999.0 -9999.0 -9999.0 -9999.0 -9999.0 -9999.0 -9999.0 -9999.0 -9999.0 -9999.0 -9999.0 -9999.0 -9999.0 -9999.0
-9999.0 -9999.0 -9999.0 -9999.0 -9999.0 -9999.0 -9999.0 -9999.0 -9999.0 -9999.0 -9999.0 -9999.0 -9999.0 -9999.0 -9999.0 -9999.0 -9999.0 -9999.0 -9999.0 -9999.0 -9999.0 -9999.0 -9999.0 -252.381209 -251.490017 -235.031559 -253.069050 -269.489855 -267.332658 -252.624381 -252.618362 -252.591750 -9999.0 -9999.0 -9999.0 -9999.0 -9999.0 -9999.0 -9999.0 -9999.0 -9999.0 -9999.0 -9999.0 -9999.0 -9999.0 -9999.0 -9999.0 -9999.0 -9999.0 -9999.0 -9999.0 -9999.0 -9999.0 -9999.0 -9999.0 -9999.0 -9999.0 -9999.0
-9999.0 -9999.0 -9999.0 -9999.0 -9999.0 -9999.0 -9999.0 -9999.0 -9999.0 -9999.0 -9999.0 -9999.0 -9999.0 -9999.0 -9999.0 -9999.0 -9999.0 -9999.0 -154.230612 -252.284789 -9999.0 -252.222914 -251.761518 -267.955677 -252.603943 -272.097167 -192.941126 -170.583102 -158.235831 -252.790579 -252.627421 -252.611171 -252.687834 -252.685970 -9999.0 -9999.0 -9999.0 -9999.0 -9999.0 -9999.0 -9999.0 -9999.0 -9999.0 -9999.0 -9999.0 -9999.0 -9999.0 -9999.0 -9999.0 -9999.0 -9999.0 -9999.0 -9999.0 -9999.0 -9999.0 -9999.0 -9999.0 -9999.0
-9999.0 -9999.0 -9999.0 -9999.0 -9999.0 -9999.0 -9999.0 -9999.0 -9999.0 -9999.0 -9999.0 -9999.0 -9999.0 -9999.0 -9999.0 -9999.0 -9999.0 -768.648866 -152797.140207 -270.623670 -252.846568 -229.029773 -252.764871 -266.503349 -172.337527 -145091.408846 -79878.423750 -252.560640 -82790.931373 -180.542158 -249.357156 -252.621828 -252.872298 -252.722636 -253.708086 -253.842563 -9999.0 -9999.0 -9999.0 -9999.0 -9999.0 -9999.0 -9999.0 -9999.0 -9999.0 -9999.0 -9999.0 -9999.0 -9999.0 -9999.0 -9999.0 -9999.0 -9999.0 -9999.0 -9999.0 -9999.0 -9999.0 -9999.0
-9999.0 -9999.0 -9999.0 -9999.0 -9999.0 -9999.0 -9999.0 -9999.0 -9999.0 -9999.0 -9999.0 -9999.0 -9999.0 -252.598245 -252.568287 -3199.869081 -6753.836953 -252.730054 -741.258262 -268.750761 -252.740022 -252.812093 -270.655319 -251.063716 -126214.465453 -252.291004 -260.895620 -259.273209 -259.051561 -252.577876 -83.168190 -251.547931 -253.046962 -253.899723 -253.861435 -253.836172 -9999.0 -9999.0 -9999.0 -9999.0 -9999.0 -9999.0 -9999.0 -9999.0 -9999.0 -9999.0 -9999.0 -9999.0 -9999.0 -9999.0 -9999.0 -9999.0 -9999.0 -9999.0 -9999.0 -9999.0 -9999.0 -9999.0
-9999.0 -9999.0 -9999.0 -9999.0 -9999.0 -9999.0 -9999.0 -9999.0 -9999.0 -9999.0 -9999.0 -9999.0 -9999.0 -251.480298 -252.449007 -6064.804943 -6552.664996 -148.058323 -252.800992 -254.009982 -147754.222070 -252.608026 -147304.197778 -149689.700185 -252.584112 -262.812480 -252.616812 -253.784376 -253.837785 -257.273498 -252.580002 -253.873169 -253.863595 -253.864312 -253.861849 -9999.0 -9999.0 -9999.0 -9999.0 -9999.0 -9999.0 -9999.0 -9999.0 -9999.0 -9999.0 -9999.0 -9999.0 -9999.0 -9999.0 -9999.0 -9999.0 -9999.0 -9999.0 -9999.0 -9999.0 -9999.0 -9999.0 -9999.0
-9999.0 -9999.0 -9999.0 -9999.0 -9999.0 -9999.0 -9999.0 -9999.0 -9999.0 -9999.0 -9999.0 -9999.0 -9999.0 -252.741248 -195.178856 -230.277149 -4227.003154 -6134.367008 -252.831106 -659.694134 -249.324077 -264.283745 -134530.690302 -122284.498338 -252.644202 -252.559788 -252.639955 -253.807053 -252.614415 -253.865282 -253.840118 -253.864013 -253.854897 -253.870930 -253.875225 -9999.0 -9999.0 -9999.0 -9999.0 -9999.0 -9999.0 -9999.0 -9999.0 -9999.0 -9999.0 -9999.0 -9999.0 -9999.0 -9999.0 -9999.0 -9999.0 -9999.0 -9999.0 -9999.0 -9999.0 -9999.0 -9999.0 -9999.0
-9999.0 -9999.0 -9999.0 -9999.0 -9999.0 -9999.0 -9999.0 -9999.0 -9999.0 -9999.0 -9999.0 -9999.0 -264.067466 -49.627018 -252.429378 -252.606745 -1386.986221 -3047.324554 -147.849408 -272.655517 -252.771392 -252.687048 -261.600385 -252.612335 -86.269122 -253.744082 -252.246755 -252.604457 -252.616725 -253.830627 -253.839356 -252.640894 -252.669370 -253.623870 -9999.0 -9999.0 -9999.0 -9999.0 -9999.0 -9999.0 -9999.0 -9999.0 -9999.0 -9999.0 -9999.0 -9999.0 -9999.0 -9999.0 -9999.0 -9999.0 -9999.0 -9999.0 -9999.0 -9999.0 -9999.0 -9999.0 -9999.0 -9999.0
-9999.0 -9999.0 -9999.0 -9999.0 -9999.0 -9999.0 -9999.0 -9999.0 -9999.0 -9999.0 -9999.0 -252.039750 -252.559280 -165.077679 -252.639345 -251.995236 -261.356203 -2751.467958 554.689176 -271.552253 -152876.243623 -173.142611 -252.609254 -253.576546 -261.093199 -252.647732 -253.776047 -252.599995 -155.201009 -253.828961 -252.687117 -252.637343 -253.016665 -253.602914 -252.831594 -252.668793 -252.804527 -252.757675 -252.655978 -9999.0 -9999.0 -9999.0 -253.596691 -9999.0 -9999.0 -9999.0 -9999.0 -9999.0 -9999.0 -9999.0 -9999.0 -9999.0 -9999.0 -9999.0 -9999.0 -9999.0 -9999.0 -9999.0
-9999.0 -9999.0 -9999.0 -9999.0 -9999.0 -9999.0 -9999.0 -9999.0 -9999.0 -9999.0 -9999.0 -252.183295 -252.574006 -262.850760 -252.557238 -253.226550 -252.612706 -152872.347895 376.463324 508.625596 -247.907445 -252.576944 -250.995287 -252.597895 -252.527955 -253.560024 -252.625129 -252.632274 -252.697965 -253.637754 -252.632779 -252.575512 -252.725038 -252.689568 -252.668877 -252.750803 -252.649135 -252.671687 -252.592526 -252.716216 -252.793758 -253.010000 -252.727907 -253.620455 -9999.0 -9999.0 -9999.0 687.390586 -252.465528 -252.558625 -252.552634 -252.551295 -252.532041 676.141831 712.393745 -253.522511 -9999.0 -9999.0
-9999.0 -9999.0 -9999.0 -9999.0 -9999.0 -9999.0 -9999.0 -9999.0 -9999.0 -9999.0 -9999.0 -251.353458 -252.334941 -255.569634 -175.800592 -252.744375 -252.533182 -3049.624458 -248.279353 329.639211 253.859619 -262.221183 -252.552310 -250.717229 -253.611965 -252.732771 -252.550825 -252.538073 -253.639839 -253.461519 -253.732453 -256.762787 -252.651245 -252.680364 -253.138416 -252.695323 -253.893498 -269.342814 -252.670716 -252.807962 -252.587450 -252.776504 -252.750691 -252.642683 -252.612688 -9999.0 -253.415879 -252.426729 -252.566980 -252.565219 -252.593909 -252.590750 -252.594105 -251.219019 -251.705287 -252.063788 -9999.0 -9999.0
-9999.0 -9999.0 -9999.0 -9999.0 -9999.0 -9999.0 -9999.0 -9999.0 -9999.0 -9999.0 -9999.0 -9999.0 -251.898104 -197.200896 -251.977165 -251.946184 -719.392642 -2646.408977 -125.579928 408.303272 -114934.814246 -263.695687 -263.541754 -252.511663 -252.598294 -252.560677 -150.183637 -253.672672 -253.461099 -252.642377 -252.625764 -252.597130 -252.659763 -252.656291 -253.316693 -252.736376 -254.657595 -258.542698 -252.688888 -252.723585 -252.579232 -252.764592 -263.171840 -250.898448 -252.689783 -252.591625 -252.601693 -252.560594 -256.273700 -252.540212 -160.597871 -252.416025 1190.310267 -179.923000 -252.529896 -252.295028 -252.053968 -9999.0
-9999.0 -9999.0 -9999.0 -9999.0 -9999.0 -9999.0 -9999.0 -9999.0 -9999.0 -9999.0 -9999.0 -199.999625 -252.438662 -252.704623 -252.495733 -252.509589 -252.474863 -1986.931712 -244.934630 33.137406 -147864.585488 -80185.739581 -252.520903 -257.800658 -252.562449 -252.401072 -183.167450 -253.644862 -252.649186 -252.686528 -252.562217 -252.525063 -252.542959 -252.639386 -253.743341 -252.710462 -252.993340 -265.686014 -517.257520 -252.696684 -266.993885 -256.120409 -252.638212 -267.620635 -252.586951 -252.595239 -252.561978 -252.615337 -252.584236 -264.844539 -256.707515 -252.840044 -252.560307 -253.855706 -253.409379 -253.633580 -252.563440 -9999.0
-9999.0 -9999.0 -9999.0 -9999.0 -9999.0 -9999.0 -9999.0 -9999.0 -9999.0 -9999.0 -99.054036 -252.498563 -250.931469 -252.112883 -250.918524 -227.503051 -241.822818 -1109.885680 -2121.240575 -160.996676 715.461377 682.286454 -40478.369539 -251.018497 -252.546404 -113.960185 -255.231092 -258.072602 -252.678311 -252.590911 -252.472103 -252.105375 -252.629881 -253.435326 -253.850553 -252.820495 -252.850171 -253.506850 -10114.858277 -253.186643 -268.892602 -265.080773 -253.596534 -72.205286 -252.585392 -252.708038 -252.569561 -263.123379 -252.514322 -252.554662 -258.607732 -253.590608 -253.461429 -253.621301 -253.545211 -252.414221 -252.425009 -9999.0
-9999.0 -9999.0 -9999.0 -9999.0 -9999.0 -9999.0 -9999.0 -9999.0 -9999.0 -252.733282 -167.154947 -184.197075 -252.434560 -252.568798 -188.730089 -252.506603 -252.594256 -249.292989 -150738.850214 -587.310321 453.550720 -149522.979064 -150001.149001 -252.608958 -204.342040 -875.726759 -252.740360 -252.582573 -263.834185 -252.551032 -252.498365 -904.501361 -253.813803 -253.823966 -253.456496 -253.667591 -252.634111 -252.691273 -253.103627 -252.567757 -56228.309793 -968.600403 -1359.766360 -139837.040683 -152628.336826 -265.705902 -252.553576 -265.248670 -263.197032 -161.083428 -261.589956 -252.582202 -253.625883 -253.354557 -252.876813 -254.171751 -251.461366 -252.599967
-9999.0 -9999.0 -9999.0 -9999.0 -9999.0 -9999.0 -9999.0 -9999.0 -9999.0 -252.703560 -252.655645 -252.636542 -82.012145 -252.555020 -252.567683 -252.564285 -249.213667 -252.590899 -151929.510648 -128.031575 10.755434 -251.692776 -177.268066 -250.902431 -1040.471304 -252.695341 -252.582730 -252.559684 -252.441808 -164.709623 -252.606032 -842.297320 -253.590313 -252.615163 -252.628581 -252.809841 -252.715990 -252.726137 -253.670524 -252.614219 -203.903288 -255.066137 -252.785630 -252.602715 -123.603680 -204.376502 -252.631353 -267.988341 -266.631564 -252.555414 -1056.783498 -253.667863 -253.457722 -253.457420 -253.525907 -204.275372 -255.214824 -252.344969
-9999.0 -9999.0 -9999.0 -9999.0 -9999.0 -9999.0 -9999.0 -9999.0 -9999.0 -9999.0 -252.623018 -252.626597 -252.468229 2105.383209 -264.846651 -252.583073 -252.539511 -252.522537 -151923.482769 -383.108721 129.806726 -152152.675974 -5653.975610 -2560.837475 -252.656904 -252.589380 -252.489583 -252.454369 -252.596839 -614.736736 -664.690756 -87.400030 -253.635348 -253.636249 -252.646115 -252.530751 -252.337740 -251.742213 -252.653081 -253.697085 -253.776166 -251.234132 -102.619010 -257.856355 -4750.832466 -21805.689836 -148113.075193 -161.965234 -271.804611 -266.303809 -36378.812295 -260.328713 -252.554710 -253.448474 -252.459705 -253.161013 -251.842668 10387.661582
-9999.0 -9999.0 -9999.0 -9999.0 -9999.0 -9999.0 -9999.0 -9999.0 -9999.0 -9999.0 -252.614244 -252.623394 -252.004081 -252.473002 371.308215 -130045.812957 -122015.649942 -2316.867818 -6277.745705 -466.048654 -5286.434385 -150107.638646 -90108.172762 -253.159649 -252.668685 -252.497342 -157.559808 -31056.584102 -739.373479 -253.378070 -253.608330 -251.085117 -258.637773 -253.626730 -253.612663 -251.916520 -158.944072 -252.561268 -256.783208 -253.527351 -252.582127 -252.588740 -252.531911 -253.474614 -172.018390 -2611.198096 -252.506814 -29833.971755 -152838.471842 -269.742114 -275.066260 -258.973645 -252.460122 -252.551027 -253.593607 -252.555102 -252.769067 -256.628607
-9999.0 -9999.0 -9999.0 -9999.0 -9999.0 -9999.0 -9999.0 -9999.0 -250.920971 -252.600011 -252.775884 -251.689134 -252.354655 -252.484275 -2023.307790 40.868487 -145740.515925 -251.397354 -376.743315 -486.021838 -7738.335399 -152899.165907 -152773.528557 -150260.242447 -252.836015 -1289.004846 -134.537380 -852.835801 -252.446501 -253.566002 -253.752994 -253.584567 -253.321148 -253.128867 -252.583919 -253.690617 -252.574130 -252.555372 -631.053913 -252.623269 -253.398343 -251.800679 -255.804244 -253.732948 -252.591052 -167.737866 -691.469099 -252.501776 -102542.625504 531.099852 -252.876575 -133297.115372 -252.437901 -253.821372 -252.597453 -252.491810 -252.597466 -247.482058
-9999.0 -9999.0 -9999.0 -9999.0 -9999.0 -9999.0 -9999.0 -9999.0 -255.716563 -252.425942 -255.412535 -253.289647 -252.704611 -243.102619 -1283.810932 -26898.183536 -145791.914478 -146473.710277 -152219.927705 -499.041140 -5.445902 -242.855271 -202.840217 -252.033616 -152889.488563 -2086.802004 -665.009253 -252.403619 -257.070720 -252.578136 -252.582676 -252.657650 -252.569858 -252.588578 -251.075029 -250.845403 -252.549575 -252.485017 -257.658540 -252.569949 -253.104600 -253.706788 -253.596363 -252.563930 -141.945170 -252.493873 -255.378493 -253.400084 -257.989881 -149099.843474 -252.934195 -252.400004 -1039.821254 -252.309254 -252.602244 -265.819222 -263.050477 -263.982099
-9999.0 -9999.0 -9999.0 -9999.0 -9999.0 -9999.0 -9999.0 -9999.0 -252.681314 -191.015592 -252.559135 -254.319914 -248.861950 -256.034466 -252.457620 -85099.347952 -148410.793129 -253.127472 -152419.306089 29.760311 -500.891628 -237.416682 -227.798458 -239.781187 -171.439661 -152085.702107 -85555.018091 -895.688135 -259.218842 -252.645448 -252.642464 -249.700541 -252.561181 -257.826197 -250.639640 -252.484368 -257.640270 -141776.744024 -996.345544 -255.460161 -252.565434 -252.584231 -251.429456 -172.179573 -252.555388 -252.150061 -252.572581 -251.940931 -252.561613 -83328.674963 433.949043 -252.753040 -56544.358890 -8424.471016 -263.548365 -251.974267 -252.051045 -252.273209
-9999.0 -9999.0 -9999.0 -9999.0 -9999.0 -9999.0 -9999.0 -9999.0 -253.724122 -252.593220 642.418348 -259.468716 -249.399305 -171.171843 -130313.433844 -147716.062998 -152563.054975 -145453.445196 -5.084340 -676.761925 -483.161061 -445.115025 -190.557572 -176.346354 -3445.899263 -132156.132462 -4525.022899 -2932.844880 -251.132709 -262.509786 -260.856833 -261.058656 -266.331649 -252.463414 -258.412291 -252.598111 -252.603471 -119773.625926 -11320.006849 -256.099597 -252.569383 -252.558833 -252.562596 -252.642380 -252.193101 -252.576258 -252.589397 -252.587528 -252.612059 -262.571817 -57915.326084 -142339.874970 -252.752823 -148.117488 -251.971292 -251.735949 -252.913512 669.483133
-9999.0 -9999.0 -9999.0 -9999.0 -9999.0 -9999.0 -9999.0 -9999.0 -252.322810 -251.045503 -43.547200 -28882.314936 -106293.344084 -104675.395798 -245.796272 -167.168670 246.660095 -144400.085005 -29066.661248 -150444.804831 -5890.526501 -435.777504 -422.198231 -402.286369 -252.092097 -142739.860319 -26343.288318 -252.598608 -252.581409 -252.445508 -25787.764389 -252.379856 -266.181384 -252.400557 -261.870036 -262.359238 -263.089516 -138437.795438 -145989.203891 -252.417118 -260.835428 -263.654840 -263.337720 -264.841759 -257.228012 -252.587311 -262.898673 -264.173742 -263.981308 -266.681204 -270.022756 -152354.349710 -142119.808771 -252.409220 -246.907848 791.195521 646.674415 646.051512
-9999.0 -9999.0 -252.641711 -251.937412 -251.099199 -252.611801 -252.398436 -252.499208 -250.847273 -251.172846 -252.391947 563.120378 -107021.746004 -251.998854 -237.928350 200.205784 -49582.752641 -887.682062 -252.583009 -38141.047017 -151939.203760 -3470.649453 -6.063502 -622.625971 -423.933388 -152844.655506 -148612.074423 -148042.107402 -151886.183737 -249.307542 -119583.884707 -113641.437456 -118.009855 -146390.464530 -252.423665 -105698.440875 -252.446568 -141120.154230 -143283.019322 -44717.134113 -264.513960 -266.049537 -152711.673861 -253.051784 -128622.380991 -265.033801 -252.412308 -1138.956844 -270.749912 -252.569972 -252.595613 25.633729 663.898737 640.366844 647.172036 743.667119 669.603391 -125.658463
