erum2020/resources/simulation/Vinschgau/output-maps/psiL0007N0136.asc
ncols         63
nrows         48
xllcorner     598000.000000
yllcorner     5145000.000000
cellsize      1000.000000
NODATA_value  -9999.0
[rows 0 to 25 of 48, columns 0 to 58 of 63]
-9999.0 -9999.0 -9999.0 -9999.0 -9999.0 -9999.0 -9999.0 -9999.0 -9999.0 -9999.0 -9999.0 -9999.0 -9999.0 -9999.0 -9999.0 -9999.0 -9999.0 -9999.0 -9999.0 -9999.0 -9999.0 -9999.0 -9999.0 -9999.0 -9999.0 -9999.0 -9999.0 -9999.0 -9999.0 -9999.0 -9999.0 -9999.0 -9999.0 -9999.0 -9999.0 -9999.0 -9999.0 -9999.0 -9999.0 -9999.0 -9999.0 -9999.0 -9999.0 -9999.0 -9999.0 -9999.0 -9999.0 -9999.0 -9999.0 -9999.0 -9999.0 -9999.0 -9999.0 -9999.0 -9999.0 -9999.0 -9999.0 -9999.0 -9999.0
-9999.0 -9999.0 -9999.0 -9999.0 -9999.0 -9999.0 -9999.0 -9999.0 -9999.0 -9999.0 -9999.0 -9999.0 -9999.0 -9999.0 -9999.0 -9999.0 -9999.0 -9999.0 -9999.0 -9999.0 -9999.0 -9999.0 -9999.0 -9999.0 -9999.0 -9999.0 -9999.0 -594.008820 -593.584780 -593.382216 -584.122595 -582.659254 -582.676344 -9999.0 -9999.0 -9999.0 -9999.0 -9999.0 -9999.0 -9999.0 -9999.0 -9999.0 -9999.0 -9999.0 -9999.0 -9999.0 -9999.0 -9999.0 -9999.0 -9999.0 -9999.0 -9999.0 -9999.0 -9999.0 -9999.0 -9999.0 -9999.0 -9999.0 -9999.0
-9999.0 -9999.0 -9999.0 -9999.0 -9999.0 -9999.0 -9999.0 -9999.0 -9999.0 -9999.0 -9999.0 -9999.0 -9999.0 -9999.0 -9999.0 -9999.0 -9999.0 -9999.0 -9999.0 -9999.0 -9999.0 -9999.0 -9999.0 -9999.0 -599.615258 -593.751218 -593.510759 -593.523150 -593.559492 -593.491078 -587.295661 -9999.0 -9999.0 -9999.0 -9999.0 -9999.0 -9999.0 -9999.0 -9999.0 -9999.0 -9999.0 -9999.0 -9999.0 -9999.0 -9999.0 -9999.0 -9999.0 -9999.0 -9999.0 -9999.0 -9999.0 -9999.0 -9999.0 -9999.0 -9999.0 -9999.0 -9999.0 -9999.0 -9999.0
-9999.0 -9999.0 -9999.0 -9999.0 -9999.0 -9999.0 -9999.0 -9999.0 -9999.0 -9999.0 -9999.0 -9999.0 -9999.0 -9999.0 -9999.0 -9999.0 -9999.0 -9999.0 -9999.0 -9999.0 -9999.0 -9999.0 -9999.0 -593.952114 -594.546790 -474.755318 -408.491661 -818.301873 -756.642097 -593.569689 -593.532331 -593.974646 -9999.0 -9999.0 -9999.0 -9999.0 -9999.0 -9999.0 -9999.0 -9999.0 -9999.0 -9999.0 -9999.0 -9999.0 -9999.0 -9999.0 -9999.0 -9999.0 -9999.0 -9999.0 -9999.0 -9999.0 -9999.0 -9999.0 -9999.0 -9999.0 -9999.0 -9999.0 -9999.0
-9999.0 -9999.0 -9999.0 -9999.0 -9999.0 -9999.0 -9999.0 -9999.0 -9999.0 -9999.0 -9999.0 -9999.0 -9999.0 -9999.0 -9999.0 -9999.0 -9999.0 -9999.0 -284.167512 -513.618744 -9999.0 -595.103295 -595.620038 -796.409476 -312.172764 -819.071455 -1408.882916 -1412.454410 -204.699715 -681.100716 -593.377872 -593.595645 -593.130995 -593.217036 -9999.0 -9999.0 -9999.0 -9999.0 -9999.0 -9999.0 -9999.0 -9999.0 -9999.0 -9999.0 -9999.0 -9999.0 -9999.0 -9999.0 -9999.0 -9999.0 -9999.0 -9999.0 -9999.0 -9999.0 -9999.0 -9999.0 -9999.0 -9999.0 -9999.0
-9999.0 -9999.0 -9999.0 -9999.0 -9999.0 -9999.0 -9999.0 -9999.0 -9999.0 -9999.0 -9999.0 -9999.0 -9999.0 -9999.0 -9999.0 -9999.0 -9999.0 -302.577591 -538.609700 -751.373255 -591.356645 -1420.219290 -620.858648 -652.086267 -364.189169 -683.146293 -635.313509 -620.010196 -616.660430 -1420.698241 -594.804520 -593.447281 -590.990463 -592.585084 -583.401054 -582.291783 -9999.0 -9999.0 -9999.0 -9999.0 -9999.0 -9999.0 -9999.0 -9999.0 -9999.0 -9999.0 -9999.0 -9999.0 -9999.0 -9999.0 -9999.0 -9999.0 -9999.0 -9999.0 -9999.0 -9999.0 -9999.0 -9999.0 -9999.0
-9999.0 -9999.0 -9999.0 -9999.0 -9999.0 -9999.0 -9999.0 -9999.0 -9999.0 -9999.0 -9999.0 -9999.0 -9999.0 -593.801757 -578.194565 -780.381047 -1083.081002 -592.189189 -293.769054 -801.111760 -387.685396 -359.948410 -818.089682 -314.882274 -673.544516 -593.612741 -609.769022 -613.264285 -611.145160 -609.310928 -613.788199 -593.765764 -589.525015 -581.700314 -582.060306 -582.136787 -9999.0 -9999.0 -9999.0 -9999.0 -9999.0 -9999.0 -9999.0 -9999.0 -9999.0 -9999.0 -9999.0 -9999.0 -9999.0 -9999.0 -9999.0 -9999.0 -9999.0 -9999.0 -9999.0 -9999.0 -9999.0 -9999.0 -9999.0
-9999.0 -9999.0 -9999.0 -9999.0 -9999.0 -9999.0 -9999.0 -9999.0 -9999.0 -9999.0 -9999.0 -9999.0 -9999.0 -619.829304 -320.267277 -890.840125 -909.514315 -348.427808 -591.618138 -496.835274 -3021.188535 -593.661014 -449.581396 -668.355916 -642.755832 -611.223224 -593.558929 -582.708323 -582.257870 -597.247695 -615.699727 -581.849411 -582.056553 -582.012085 -582.048210 -9999.0 -9999.0 -9999.0 -9999.0 -9999.0 -9999.0 -9999.0 -9999.0 -9999.0 -9999.0 -9999.0 -9999.0 -9999.0 -9999.0 -9999.0 -9999.0 -9999.0 -9999.0 -9999.0 -9999.0 -9999.0 -9999.0 -9999.0 -9999.0
-9999.0 -9999.0 -9999.0 -9999.0 -9999.0 -9999.0 -9999.0 -9999.0 -9999.0 -9999.0 -9999.0 -9999.0 -9999.0 -586.911169 -315.599994 -412.834579 -898.725721 -949.398314 -591.279352 -576.001259 -502.860775 -612.646251 -695.418841 -639.272145 -637.494096 -654.169723 -593.307818 -582.633244 -593.569685 -582.074055 -582.139996 -582.124487 -582.187847 -582.087868 -581.954408 -9999.0 -9999.0 -9999.0 -9999.0 -9999.0 -9999.0 -9999.0 -9999.0 -9999.0 -9999.0 -9999.0 -9999.0 -9999.0 -9999.0 -9999.0 -9999.0 -9999.0 -9999.0 -9999.0 -9999.0 -9999.0 -9999.0 -9999.0 -9999.0
-9999.0 -9999.0 -9999.0 -9999.0 -9999.0 -9999.0 -9999.0 -9999.0 -9999.0 -9999.0 -9999.0 -9999.0 -712.951883 -313.618908 -327.139542 -623.788946 -749.585027 -836.749845 -247.947667 -802.216057 -664.835892 -611.911399 -608.577568 -608.149916 -1420.555006 -583.021116 -609.099052 -593.812552 -593.419294 -582.429168 -582.145387 -593.536228 -593.008036 -584.247493 -9999.0 -9999.0 -9999.0 -9999.0 -9999.0 -9999.0 -9999.0 -9999.0 -9999.0 -9999.0 -9999.0 -9999.0 -9999.0 -9999.0 -9999.0 -9999.0 -9999.0 -9999.0 -9999.0 -9999.0 -9999.0 -9999.0 -9999.0 -9999.0 -9999.0
-9999.0 -9999.0 -9999.0 -9999.0 -9999.0 -9999.0 -9999.0 -9999.0 -9999.0 -9999.0 -9999.0 -600.611005 -628.301903 -489.758108 -618.789853 -593.891129 -607.141684 -829.282618 -448.730157 -790.001288 -1232.923412 -688.462963 -593.549093 -584.506594 -612.793971 -593.458100 -582.726286 -593.617040 -593.675818 -582.290488 -593.181844 -593.253112 -590.053581 -584.469293 -591.870543 -593.355549 -591.680484 -592.243105 -593.184649 -9999.0 -9999.0 -9999.0 -584.555549 -9999.0 -9999.0 -9999.0 -9999.0 -9999.0 -9999.0 -9999.0 -9999.0 -9999.0 -9999.0 -9999.0 -9999.0 -9999.0 -9999.0 -9999.0 -9999.0
-9999.0 -9999.0 -9999.0 -9999.0 -9999.0 -9999.0 -9999.0 -9999.0 -9999.0 -9999.0 -9999.0 -594.135663 -611.041788 -684.731529 -670.069577 -587.882693 -683.439365 -672.488303 -479.599727 -507.213520 -322.623091 -618.035712 -594.339347 -603.695562 -600.496640 -584.703766 -593.428449 -593.272418 -593.021765 -584.173326 -593.330714 -593.250305 -592.479312 -593.078167 -593.389989 -592.168761 -593.282873 -593.093621 -593.949010 -592.828664 -591.922343 -590.211896 -592.253680 -584.265761 -9999.0 -9999.0 -9999.0 -692.764710 -612.795742 -596.289390 -620.020567 -602.102397 -600.521390 -532.248397 -520.165327 -588.338883 -9999.0 -9999.0 -9999.0
-9999.0 -9999.0 -9999.0 -9999.0 -9999.0 -9999.0 -9999.0 -9999.0 -9999.0 -9999.0 -9999.0 -594.504799 -594.232144 -603.631295 -1438.919438 -592.331028 -665.606371 -562.090242 -370.669144 -538.028422 -668.584683 -671.306856 -683.684791 -594.382522 -584.298814 -592.446081 -661.966164 -599.670070 -584.101924 -585.564332 -583.251956 -610.773911 -593.092696 -593.285986 -588.889385 -592.810613 -835.423851 -798.617924 -592.994571 -592.072468 -593.958058 -591.926670 -592.233565 -593.139416 -593.853911 -9999.0 -586.054264 -599.762991 -617.912588 -619.833616 -606.621447 -594.570761 -619.869761 -602.565949 -619.633256 -619.030454 -9999.0 -9999.0 -9999.0
-9999.0 -9999.0 -9999.0 -9999.0 -9999.0 -9999.0 -9999.0 -9999.0 -9999.0 -9999.0 -9999.0 -9999.0 -595.310843 -1448.067964 -610.541350 -619.171140 -657.701602 -601.699792 -396.725398 -479.985330 -544.342554 -688.933094 -723.242728 -678.238968 -608.045812 -656.923280 -353.986928 -583.715475 -585.614399 -593.619583 -593.371776 -635.987021 -593.157322 -593.285151 -587.044638 -592.360738 -607.380094 -701.404476 -591.976251 -592.767881 -592.078805 -592.361250 -674.329702 -568.491456 -593.007383 -593.812254 -594.024078 -597.456247 -610.271978 -642.952140 -1389.441220 -622.503474 -703.115893 -804.925707 -603.057839 -601.360947 -619.998495 -9999.0 -9999.0
-9999.0 -9999.0 -9999.0 -9999.0 -9999.0 -9999.0 -9999.0 -9999.0 -9999.0 -9999.0 -9999.0 -1464.270831 -593.452360 -592.831634 -686.120435 -687.044869 -663.910914 -618.245217 -308.460846 -304.945987 -612.585462 -428.183906 -647.583874 -624.977436 -652.169309 -540.654504 -1444.868376 -583.992136 -593.212255 -592.842777 -675.779117 -665.430378 -593.934038 -593.599722 -583.032608 -592.950750 -590.048105 -613.376531 -254.617171 -592.756458 -678.772132 -656.630504 -617.370702 -691.275631 -598.808923 -593.771084 -595.236589 -593.595047 -594.359233 -644.997097 -588.338904 -591.667387 -594.857143 -584.262056 -587.085464 -584.226065 -603.404833 -9999.0 -9999.0
-9999.0 -9999.0 -9999.0 -9999.0 -9999.0 -9999.0 -9999.0 -9999.0 -9999.0 -9999.0 -1122.210296 -654.889930 -620.033319 -593.861777 -556.320045 -577.329052 -608.571039 -687.832172 -831.314745 -691.831147 -375.425277 -687.247883 -732.233616 -409.180739 -547.303309 -1354.685947 -597.268654 -595.693115 -593.364581 -614.243310 -657.387626 -605.955492 -593.411942 -585.894782 -582.164205 -591.841548 -591.322810 -618.244076 -820.205784 -744.831199 -779.619224 -604.809764 -584.299064 -244.022280 -642.779014 -592.840055 -596.056563 -666.583800 -606.954362 -662.079803 -600.267714 -584.565704 -586.500288 -584.293017 -584.964775 -619.627675 -619.593541 -9999.0 -9999.0
-9999.0 -9999.0 -9999.0 -9999.0 -9999.0 -9999.0 -9999.0 -9999.0 -9999.0 -592.573472 -1224.696261 -1275.687373 -617.979622 -645.038057 -809.849310 -607.704158 -599.721921 -453.882913 -550.722657 -312.054287 -543.259147 -690.084688 -986.040896 -464.405773 -1255.013714 -605.218837 -629.001225 -619.351947 -701.610766 -530.692751 -592.225246 -609.813892 -582.541858 -582.443438 -585.858731 -583.868364 -593.357704 -608.084310 -599.237085 -611.777566 -776.484719 -603.072990 -604.753105 -608.388248 -1576.039538 -758.735113 -609.059147 -665.881191 -629.393317 -620.509480 -618.002360 -596.789878 -584.276420 -586.774830 -593.271398 -616.825514 -601.447034 -619.912366 -620.093805
-9999.0 -9999.0 -9999.0 -9999.0 -9999.0 -9999.0 -9999.0 -9999.0 -9999.0 -592.864690 -593.402603 -593.405036 -305.740308 -618.021593 -705.488561 -663.915146 -371.457919 -655.940557 -561.907564 -561.157050 -552.970067 -344.168179 -957.082567 -493.041641 -605.063235 -655.725098 -634.835980 -544.588594 -372.454191 -1422.352026 -593.640516 -620.825121 -584.425334 -593.959840 -593.346497 -591.657333 -592.641877 -592.432767 -583.726527 -593.502616 -1441.102188 -593.038199 -673.341973 -589.992526 -291.043175 -341.385228 -435.274254 -783.536108 -729.232745 -587.101526 -616.298605 -607.315998 -585.773888 -585.867892 -585.131416 -889.024930 -627.316715 -644.734034 -619.917370
-9999.0 -9999.0 -9999.0 -9999.0 -9999.0 -9999.0 -9999.0 -9999.0 -9999.0 -9999.0 -593.602739 -593.456189 -610.204214 -566.104306 -699.186663 -700.309995 -613.921962 -371.996456 -687.198321 -567.430554 -518.993086 -943.715252 -553.613791 -676.717240 -646.184009 -584.541675 -364.116401 -408.644249 -593.745885 -599.905225 -597.487556 -1450.252298 -589.835901 -583.998795 -593.121124 -593.886103 -593.974910 -593.746675 -593.522518 -583.420447 -582.786996 -593.784804 -593.725031 -599.538402 -618.366632 -652.625029 -900.779860 -329.150934 -858.730526 -752.790910 -649.288803 -608.813907 -603.657162 -585.906790 -599.675913 -588.571463 -616.252821 -655.062295 -713.860625
-9999.0 -9999.0 -9999.0 -9999.0 -9999.0 -9999.0 -9999.0 -9999.0 -9999.0 -9999.0 -593.594206 -593.533724 -596.313062 -632.151320 -340.332052 -435.596836 -737.070456 -709.342462 -967.326791 -470.809530 -1030.743221 -495.321330 -502.358794 -646.792741 -589.751378 -387.583193 -453.902647 -534.523012 -614.847272 -588.804758 -584.335723 -595.119221 -599.479548 -584.146193 -584.261240 -593.233573 -699.394339 -654.752320 -610.940118 -585.035466 -593.825649 -593.919506 -598.362267 -585.574046 -1364.874279 -617.798632 -610.772108 -633.469062 -1124.847711 -784.531463 -1515.417798 -616.956448 -636.359727 -602.025546 -584.887136 -612.879433 -592.382482 -624.881117 -402.181736
-9999.0 -9999.0 -9999.0 -9999.0 -9999.0 -9999.0 -9999.0 -9999.0 -619.948321 -609.475483 -592.064854 -597.411319 -601.693650 -612.443753 -672.147060 -521.569016 -479.210278 -341.860882 -534.402610 -572.264820 -969.289349 -701.160695 -616.666758 -491.138626 -420.114373 -727.824416 -320.352971 -608.948878 -599.420713 -593.753211 -583.111896 -584.502852 -586.982858 -588.670399 -594.048027 -583.592033 -594.619841 -645.592523 -603.379450 -593.892346 -586.295744 -593.804948 -585.868633 -583.278029 -593.910533 -619.898507 -599.059983 -626.263135 -706.159239 534.941276 -350.166428 -709.944405 -632.279087 -603.208806 -612.980519 -619.761351 -619.987449 -359.470545 -687.759432
-9999.0 -9999.0 -9999.0 -9999.0 -9999.0 -9999.0 -9999.0 -9999.0 -595.389830 -679.687907 -621.658268 -587.352049 -592.773213 -609.679391 -705.029052 -546.311635 -421.623794 -487.145821 -2016.001338 -555.333370 -510.926003 -556.386610 -589.937261 -423.949822 -718.986464 -915.101299 -387.135529 -615.626179 -588.493585 -593.991127 -594.041331 -593.139926 -594.657322 -594.243754 -619.961459 -618.688392 -593.901689 -657.397846 -610.662133 -597.228784 -589.049997 -583.537494 -584.523328 -612.919057 -601.496322 -618.713803 -586.483662 -586.245017 -602.084971 -409.214974 -358.780384 -653.619015 -640.904721 -616.991615 -596.007067 -636.009055 -677.178754 -660.244035 -781.774336
-9999.0 -9999.0 -9999.0 -9999.0 -9999.0 -9999.0 -9999.0 -9999.0 -593.140507 -593.915069 -619.963896 -606.944406 -596.661915 -592.183886 -607.483912 -798.935972 -557.032118 -426.167493 -654.817617 -449.314866 -559.401398 -561.026257 -585.501586 -687.783446 -473.389464 -548.925361 -398.810756 -636.453076 -599.024752 -593.232753 -593.291455 -604.979469 -616.436295 -617.120778 -619.990942 -619.741584 -607.423647 -830.819876 -623.680248 -604.707716 -595.241316 -594.374614 -619.996069 -595.981542 -596.445304 -594.323546 -597.787130 -576.435615 -602.568487 -697.068078 498.807206 -330.255730 -663.739020 -631.704915 -658.306155 -293.948966 -311.644621 -315.842709 -365.182892
-9999.0 -9999.0 -9999.0 -9999.0 -9999.0 -9999.0 -9999.0 -9999.0 -583.389789 -593.959827 -531.645186 -607.861465 -553.137131 -627.685284 -846.860669 -506.676738 -3053.328104 -528.083038 -432.850694 -602.315382 -575.644539 -86.622881 -16.476581 -436.162169 -580.626264 -357.253204 -544.541065 -645.432434 -458.075447 -688.673235 -627.362526 -638.790330 -713.197659 -675.981000 -609.860840 -595.313744 -594.136208 -365.827265 -641.817888 -606.900749 -608.604223 -620.012826 -620.012534 -593.532261 -619.957899 -597.278985 -619.922465 -595.275864 -619.663335 -636.253853 -363.947788 -399.527511 -357.417157 -154.047834 -306.691125 -293.139833 -364.391610 -59.303298 -38.182892
-9999.0 -9999.0 -9999.0 -9999.0 -9999.0 -9999.0 -9999.0 -9999.0 -594.361539 -607.332620 -601.091626 -777.740738 -888.939780 -447.196542 -315.431186 -408.392026 -372.371405 -526.072604 -435.839799 -482.616957 -768.808879 -57.036515 -68.843448 -395.670465 -319.560288 -342.905054 -774.115161 -551.624677 -459.062096 -421.824758 -674.900423 -410.583957 -732.836332 -502.521032 -643.644615 -638.738730 -640.608699 -330.307249 -883.656715 -622.543082 -630.324346 -627.312199 -678.678880 -661.931902 -612.570469 -619.450211 -655.588155 -683.877866 -678.332659 -722.670072 -773.762065 -481.891951 -379.419103 -310.773938 -191.417598 -69.180828 -98.970055 -88.357693 -60.752145
-9999.0 -9999.0 -593.343284 -603.290434 -611.589253 -630.786004 -643.160652 -625.316227 -596.631796 -616.806393 -609.943344 -424.251161 -416.693697 -334.904246 -291.690529 -356.630637 -713.375924 -610.090343 -603.879704 -389.222606 -476.167310 -797.912200 -63.584947 -58.575639 -500.048385 -480.571019 -396.037828 -436.823225 -504.893659 -311.917486 -616.987801 -437.328109 -166.492427 -436.793387 -339.104449 -408.008151 -317.247312 -337.017180 -861.220134 -703.568138 -666.446170 -726.059229 -1262.197596 -375.339074 -754.595978 -690.849995 -325.200890 -161.175887 -881.694389 -401.698057 -361.848978 -79.121012 -97.890799 -98.815527 -70.607149 224.903941 66.088761 -153.218784 -298.684605
