erum2020/resources/simulation/Vinschgau/output-maps/psiL0002N0922.asc
ncols         63
nrows         48
xllcorner     598000.000000
yllcorner     5145000.000000
cellsize      1000.000000
NODATA_value  -9999.0
[rows 0 to 24 of 48, columns 0 to 55 of 63]
-9999.0 -9999.0 -9999.0 -9999.0 -9999.0 -9999.0 -9999.0 -9999.0 -9999.0 -9999.0 -9999.0 -9999.0 -9999.0 -9999.0 -9999.0 -9999.0 -9999.0 -9999.0 -9999.0 -9999.0 -9999.0 -9999.0 -9999.0 -9999.0 -9999.0 -9999.0 -9999.0 -9999.0 -9999.0 -9999.0 -9999.0 -9999.0 -9999.0 -9999.0 -9999.0 -9999.0 -9999.0 -9999.0 -9999.0 -9999.0 -9999.0 -9999.0 -9999.0 -9999.0 -9999.0 -9999.0 -9999.0 -9999.0 -9999.0 -9999.0 -9999.0 -9999.0 -9999.0 -9999.0 -9999.0 -9999.0
-9999.0 -9999.0 -9999.0 -9999.0 -9999.0 -9999.0 -9999.0 -9999.0 -9999.0 -9999.0 -9999.0 -9999.0 -9999.0 -9999.0 -9999.0 -9999.0 -9999.0 -9999.0 -9999.0 -9999.0 -9999.0 -9999.0 -9999.0 -9999.0 -9999.0 -9999.0 -9999.0 299899.448980 888764.393537 515950.157095 873112.376598 905568.479803 835384.788203 -9999.0 -9999.0 -9999.0 -9999.0 -9999.0 -9999.0 -9999.0 -9999.0 -9999.0 -9999.0 -9999.0 -9999.0 -9999.0 -9999.0 -9999.0 -9999.0 -9999.0 -9999.0 -9999.0 -9999.0 -9999.0 -9999.0 -9999.0
-9999.0 -9999.0 -9999.0 -9999.0 -9999.0 -9999.0 -9999.0 -9999.0 -9999.0 -9999.0 -9999.0 -9999.0 -9999.0 -9999.0 -9999.0 -9999.0 -9999.0 -9999.0 -9999.0 -9999.0 -9999.0 -9999.0 -9999.0 -9999.0 855277.882195 829450.692776 799596.865414 836045.997788 835478.022219 769688.989812 902663.682052 -9999.0 -9999.0 -9999.0 -9999.0 -9999.0 -9999.0 -9999.0 -9999.0 -9999.0 -9999.0 -9999.0 -9999.0 -9999.0 -9999.0 -9999.0 -9999.0 -9999.0 -9999.0 -9999.0 -9999.0 -9999.0 -9999.0 -9999.0 -9999.0 -9999.0
-9999.0 -9999.0 -9999.0 -9999.0 -9999.0 -9999.0 -9999.0 -9999.0 -9999.0 -9999.0 -9999.0 -9999.0 -9999.0 -9999.0 -9999.0 -9999.0 -9999.0 -9999.0 -9999.0 -9999.0 -9999.0 -9999.0 -9999.0 830533.221682 757709.362133 -146.597199 -860.470046 -2658.609976 -553.077637 822074.107459 893977.438393 857345.669661 -9999.0 -9999.0 -9999.0 -9999.0 -9999.0 -9999.0 -9999.0 -9999.0 -9999.0 -9999.0 -9999.0 -9999.0 -9999.0 -9999.0 -9999.0 -9999.0 -9999.0 -9999.0 -9999.0 -9999.0 -9999.0 -9999.0 -9999.0 -9999.0
-9999.0 -9999.0 -9999.0 -9999.0 -9999.0 -9999.0 -9999.0 -9999.0 -9999.0 -9999.0 -9999.0 -9999.0 -9999.0 -9999.0 -9999.0 -9999.0 -9999.0 -9999.0 4856.658920 783937.492668 -9999.0 817298.471197 770739.442546 -146.457166 -648.730558 -2394.958521 3272.061120 6009.463374 871.496160 222551.906466 854195.471905 898732.265388 283644.235414 236274.081472 -9999.0 -9999.0 -9999.0 -9999.0 -9999.0 -9999.0 -9999.0 -9999.0 -9999.0 -9999.0 -9999.0 -9999.0 -9999.0 -9999.0 -9999.0 -9999.0 -9999.0 -9999.0 -9999.0 -9999.0 -9999.0 -9999.0
-9999.0 -9999.0 -9999.0 -9999.0 -9999.0 -9999.0 -9999.0 -9999.0 -9999.0 -9999.0 -9999.0 -9999.0 -9999.0 -9999.0 -9999.0 -9999.0 -9999.0 -2754.802795 -1922.753699 -4391.353323 285540.278515 638118.602657 297039.378451 5066.301379 1729.462467 25358.135525 1320156.193310 565799.197920 1184766.070398 2344.417286 407079.474729 373701.576853 312759.443711 198881.948084 189395.388631 188374.256412 -9999.0 -9999.0 -9999.0 -9999.0 -9999.0 -9999.0 -9999.0 -9999.0 -9999.0 -9999.0 -9999.0 -9999.0 -9999.0 -9999.0 -9999.0 -9999.0 -9999.0 -9999.0 -9999.0 -9999.0
-9999.0 -9999.0 -9999.0 -9999.0 -9999.0 -9999.0 -9999.0 -9999.0 -9999.0 -9999.0 -9999.0 -9999.0 -9999.0 746553.512077 2648.493382 -1526.700725 -2754.352760 -5378.883040 -2682.156301 -388.065698 88.493790 984.472647 -664.033822 2795.339616 81534.032443 783028.686920 340127.571170 883101.871284 966098.168061 699156.311386 834547.125617 845415.930266 842759.787334 856038.132082 889675.991627 246326.361780 -9999.0 -9999.0 -9999.0 -9999.0 -9999.0 -9999.0 -9999.0 -9999.0 -9999.0 -9999.0 -9999.0 -9999.0 -9999.0 -9999.0 -9999.0 -9999.0 -9999.0 -9999.0 -9999.0 -9999.0
-9999.0 -9999.0 -9999.0 -9999.0 -9999.0 -9999.0 -9999.0 -9999.0 -9999.0 -9999.0 -9999.0 -9999.0 -9999.0 370175.781719 -687.695454 -1959.499778 -2672.687095 -563.478367 -5381.421324 -1081.788220 -2694.186092 -571.657393 -642.630094 116.467072 131390.870401 569670.237357 884867.798273 436828.637502 329590.356533 1027109.559190 989079.295183 867931.255217 333462.645146 -46.699653 161981.563260 -9999.0 -9999.0 -9999.0 -9999.0 -9999.0 -9999.0 -9999.0 -9999.0 -9999.0 -9999.0 -9999.0 -9999.0 -9999.0 -9999.0 -9999.0 -9999.0 -9999.0 -9999.0 -9999.0 -9999.0 -9999.0
-9999.0 -9999.0 -9999.0 -9999.0 -9999.0 -9999.0 -9999.0 -9999.0 -9999.0 -9999.0 -9999.0 -9999.0 -9999.0 -797.151446 635.785035 -971.686581 -2079.629428 -2551.768343 -5397.618236 -2695.551130 -428.773636 38884.165901 20366.204710 890498.498166 7854.863807 37918.795457 269481.988278 313456.650800 891034.275634 -42.719469 710520.658173 -21.839886 -38.171038 -24.856478 194001.511953 -9999.0 -9999.0 -9999.0 -9999.0 -9999.0 -9999.0 -9999.0 -9999.0 -9999.0 -9999.0 -9999.0 -9999.0 -9999.0 -9999.0 -9999.0 -9999.0 -9999.0 -9999.0 -9999.0 -9999.0 -9999.0
-9999.0 -9999.0 -9999.0 -9999.0 -9999.0 -9999.0 -9999.0 -9999.0 -9999.0 -9999.0 -9999.0 -9999.0 2816.458939 15805.690260 -654.640269 1344.607427 -788.426511 -1630.927328 -645.243727 -4913.439484 795.278587 783724.233403 804846.101894 927108.034041 945154.438547 918423.472797 939508.139291 916909.168206 839836.708547 453135.470747 4698.139493 262348.363332 562651.849834 232976.132314 -9999.0 -9999.0 -9999.0 -9999.0 -9999.0 -9999.0 -9999.0 -9999.0 -9999.0 -9999.0 -9999.0 -9999.0 -9999.0 -9999.0 -9999.0 -9999.0 -9999.0 -9999.0 -9999.0 -9999.0 -9999.0 -9999.0
-9999.0 -9999.0 -9999.0 -9999.0 -9999.0 -9999.0 -9999.0 -9999.0 -9999.0 -9999.0 -9999.0 728058.452456 -394.008456 297.715387 -591.015255 111236.681625 -3236.339592 -1391.190219 -220.073501 -19.647949 -2080.874893 1124.396686 835674.592744 902605.034371 313031.216673 909764.445408 685621.463205 878612.658560 786355.974362 278560.887636 287282.560921 385184.268410 290494.117083 254221.105186 274202.917477 286146.349474 893080.105781 906461.624662 923808.882420 -9999.0 -9999.0 -9999.0 244590.759970 -9999.0 -9999.0 -9999.0 -9999.0 -9999.0 -9999.0 -9999.0 -9999.0 -9999.0 -9999.0 -9999.0 -9999.0 -9999.0
-9999.0 -9999.0 -9999.0 -9999.0 -9999.0 -9999.0 -9999.0 -9999.0 -9999.0 -9999.0 -9999.0 801107.392497 -511.504436 -543.461894 -839.124461 751446.241238 -1672.069830 -2354.218509 -575.619780 -483.671617 -333.280225 377101.288843 830147.297729 1015657.679940 991138.169782 900677.734427 909974.035515 898981.709398 825568.138068 290758.456395 794904.892831 689119.459529 889390.607469 808651.277116 792261.023086 899276.431373 855346.577844 504282.046754 614686.288185 279416.604030 292675.237436 281160.447009 803869.492989 289296.213364 -9999.0 -9999.0 -9999.0 712140.570258 783883.757767 350769.168704 841951.866930 262390.545289 273582.989980 740439.548321 760247.964005 293111.053034
-9999.0 -9999.0 -9999.0 -9999.0 -9999.0 -9999.0 -9999.0 -9999.0 -9999.0 -9999.0 -9999.0 645329.405739 774594.355467 715805.787380 137357.999366 421359.807064 829.097287 -1198.783009 -548.512221 -578.010713 -644.025502 70611.479747 1027343.572811 874825.468367 913850.895597 318975.538258 1036317.753224 989325.240207 324090.536791 837473.085865 343969.376418 983861.000241 787226.595738 869297.695303 319643.324080 659312.386763 988524.508597 920865.318217 450778.832249 271652.134207 903685.897770 911556.344146 904522.436950 931833.394156 866177.650302 -9999.0 253527.794873 797160.514903 830447.201393 825491.866776 840467.491548 440623.446440 831508.129274 827775.333156 825170.745091 759959.328927
-9999.0 -9999.0 -9999.0 -9999.0 -9999.0 -9999.0 -9999.0 -9999.0 -9999.0 -9999.0 -9999.0 -9999.0 806093.855391 875501.696471 560537.216478 457733.317556 198.138764 -1354.150973 -484.902891 -524.891198 -754.826628 12190.214874 638089.901233 894530.615707 1028774.704041 1041167.288707 -336.987523 883791.914236 849091.503774 293821.920617 910524.006715 990078.190105 932209.697691 885820.468179 868578.199218 910617.270946 1025695.669448 615754.316119 166355.065827 532823.588870 541129.951724 316249.473987 936421.054443 845264.432089 295939.531410 797876.953180 274129.089374 832395.489322 918197.409016 915590.770569 869940.267297 873966.539460 874694.330870 874074.011158 864619.429899 828937.795411
-9999.0 -9999.0 -9999.0 -9999.0 -9999.0 -9999.0 -9999.0 -9999.0 -9999.0 -9999.0 -9999.0 967264.752967 880115.034254 849002.458453 928268.494354 82641.560720 1264.919544 -739.207820 -466.869466 -1288.737334 -1039.692335 73.674265 264282.698122 1022795.377660 1035450.379992 1009219.715608 1040643.727361 922291.571632 894157.965327 350957.038218 1037770.725191 991866.456467 506193.429575 893239.310474 798403.453206 906250.725459 929988.622322 661038.499908 40771.678070 345711.776717 713705.971382 445369.080444 882438.568173 277400.285739 782359.829042 915957.336530 877108.144790 391632.961581 387739.447822 823199.547252 310799.139949 916272.136949 105188.813640 -25.733183 -25.908851 -24.893708
-9999.0 -9999.0 -9999.0 -9999.0 -9999.0 -9999.0 -9999.0 -9999.0 -9999.0 -9999.0 210600.775781 894974.831213 812858.266096 806580.745602 630235.533659 857648.111349 869701.331166 1897.151813 -1908.793503 -1175.117640 -374.170765 1614.815028 1440980.509971 695333.707859 529934.895898 892330.777298 1030290.459890 312583.927647 921434.818530 856666.460237 349745.636416 346716.919013 900987.966109 875194.906211 281027.759504 323548.077706 897955.121830 839936.328694 1058421.286986 11013.607670 7255.425304 -116.964818 -32.985779 -402.200439 853613.399553 323843.042083 891115.649629 984535.368417 936180.070927 546876.338308 142964.471721 301280.284994 -14.605358 -19.940810 -13.007349 717141.191519
-9999.0 -9999.0 -9999.0 -9999.0 -9999.0 -9999.0 -9999.0 -9999.0 -9999.0 901780.037878 868282.587723 158479.689353 521790.078603 999777.043344 979066.338831 937109.431548 889411.548243 73155.582249 -1732.383100 -1950.285789 -446.451783 -159.672022 -181.599497 4320.397678 53863.658822 1473882.993964 1062170.147015 841283.538842 985245.019221 443451.710486 35406.832655 1361895.041721 338021.691983 -24.965029 257412.713243 296627.515383 424007.544697 1070055.615945 1001453.705427 975855.376422 482363.137975 1461476.962232 1477082.552512 -848.985640 -586.602111 815142.161078 588354.280166 985547.669475 986481.002579 24482.804431 722055.618403 245729.580249 -12.163929 244282.015465 264813.206243 -104.614067
-9999.0 -9999.0 -9999.0 -9999.0 -9999.0 -9999.0 -9999.0 -9999.0 -9999.0 250484.592401 580834.300265 845157.702186 440835.526693 257911.670222 891199.292191 990085.215082 601082.265031 2225.530605 -1949.567381 -669.645955 -582.965335 -763.545525 901.108822 160988.333874 1474085.313391 1069131.715904 997810.882873 589229.468394 2997.713129 109548.180747 668924.773116 1249291.643706 776681.964798 865976.249716 894065.206309 319211.813035 328463.110403 317882.525847 928460.608657 937039.134580 920396.395943 1061670.293033 955962.377975 1499.204070 -644.396643 -441.570376 -368.426009 5935.263539 279823.676601 18442.486510 1409999.710747 884093.020138 275223.880709 730169.879341 670126.589566 285888.070997
-9999.0 -9999.0 -9999.0 -9999.0 -9999.0 -9999.0 -9999.0 -9999.0 -9999.0 -9999.0 891501.882948 872102.435511 857846.003714 958566.717884 114547.859161 840408.885516 348561.300162 -414.604991 -2226.751340 -802.865081 -498.116643 -1886.071331 43688.834643 1397611.433711 1034833.402925 820597.293259 24654.939340 1244.733245 673746.936106 1434139.113405 1410652.239182 1341918.327500 964663.882426 849705.144369 828735.061923 790449.279940 805074.441785 810247.519603 335418.290079 866828.729955 948114.349810 835089.482073 687786.341991 855818.335662 3973.200804 809.041872 -650.457582 -290.415850 -377.710133 25705.794178 1314014.472955 687533.053252 243760.508328 232175.182895 682178.017867 774954.636079
-9999.0 -9999.0 -9999.0 -9999.0 -9999.0 -9999.0 -9999.0 -9999.0 -9999.0 -9999.0 801285.146399 845269.210273 813118.740520 677219.152850 3099.400721 357.652133 1994.134416 -1289.102086 -1900.922464 -2577.707954 -2600.197214 -1287.078287 183590.483886 827938.968335 786363.828261 3683.131739 13.896758 3698.326503 1357625.256996 1003747.225624 905614.114359 848257.770736 380579.908663 872941.544706 945063.001100 895379.381707 385118.557871 983599.885244 1024390.763777 918922.498626 934149.311965 924689.624479 992301.381288 905497.902764 819134.822853 1456827.717513 527749.856794 3696.237960 -750.747433 -102.453348 67114.397953 876402.285847 809429.826597 333146.360978 236991.958188 245351.378062
-9999.0 -9999.0 -9999.0 -9999.0 -9999.0 -9999.0 -9999.0 -9999.0 902599.838651 912030.656103 867034.923864 882484.586741 1016658.217146 1011087.157684 1023759.316663 -524.306796 -1886.760871 -809.409352 -1013.898832 -2780.345510 -2911.468224 -2518.127379 -1981.536837 -544.095372 7836.063749 -329.941927 4020.685730 1456402.793918 1042687.281583 965701.548071 -23.722890 783364.240228 878398.515544 883811.435875 895573.372477 954342.629798 700108.454706 924507.061675 1464045.368587 312686.743634 339681.166501 717447.351704 459981.753770 343948.222997 317021.302988 275351.823362 1444179.984726 1059294.597610 1516.645175 -38.306611 10322.727067 1100956.705023 703579.943674 764176.077499 258827.656277 852200.589981
-9999.0 -9999.0 -9999.0 -9999.0 -9999.0 -9999.0 -9999.0 -9999.0 -86.506864 701024.170756 974397.135115 872249.982221 895319.743190 923170.275639 1472540.258961 973.053064 -1078.106930 -1477.062027 -2911.017628 -2819.396213 -653.962263 -764.117300 -766.130011 -802.133294 -2054.679274 -768.258070 -421.758660 887500.326942 181360.654085 891812.662713 863268.566381 295671.570780 568623.457577 305519.324486 779730.633641 891747.980442 544552.393405 312039.925415 996394.726080 932079.832401 939058.576166 4096.093474 327010.288702 906861.703157 828156.243249 978960.108878 347283.512624 929381.735058 964083.500771 -541.992756 -110.148983 943510.263231 790086.113986 838708.684193 907812.145509 56204.271584
-9999.0 -9999.0 -9999.0 -9999.0 -9999.0 -9999.0 -9999.0 -9999.0 935896.573319 817461.509251 874148.692401 970679.521932 888337.682339 345844.633385 1026328.762427 1470807.404140 -152.345274 -719.571344 -2829.436429 -727.898005 -2859.076402 -1101.705410 -887.600916 -2301.850062 -689.509050 -1137.634741 369.025905 1497587.128331 327093.734566 886058.528982 298430.126159 738008.827621 957877.908601 1026106.400052 855717.880826 783966.549725 179232.273497 -145.683811 140486.333577 993482.208167 899106.694725 310205.531760 892509.002139 820304.781358 950857.973058 887134.207893 304848.092448 922478.787138 1054947.665890 16197.643646 -436.490564 21461.690446 528202.797896 948651.280522 299094.421340 264918.587999
-9999.0 -9999.0 -9999.0 -9999.0 -9999.0 -9999.0 -9999.0 -9999.0 315742.960257 922303.481328 350834.712643 226244.775168 873145.033664 923670.260404 1396037.637943 516.160136 -2557.529185 -2684.920401 -573.097813 -2879.069337 -2723.169848 -2715.302754 -1006.051044 -1894.509944 -1857.324170 -724.405207 1193865.723582 1491099.578859 827272.524374 1136364.940151 1062754.661300 1069087.511172 411782.975268 931791.162387 1102021.936106 783943.073055 37471.455625 -1058.524204 -363.750192 794335.938886 901489.491085 885592.582164 910379.769148 317760.913278 897022.510830 323400.591798 924638.305567 337084.429311 900140.267357 1048584.922374 7504.740381 -365.828982 22503.826351 224396.240884 9108.004023 17.111328
-9999.0 -9999.0 -9999.0 -9999.0 -9999.0 -9999.0 -9999.0 -9999.0 832614.949595 941783.768699 -360.471332 1481922.095934 1414311.141743 1328878.477220 78783.412810 -205.682150 -231.249315 -1008.115232 -735.761447 -1479.616752 -2507.260281 -2173.289446 -2587.252605 -2541.925811 -589.974286 -115.361619 1485679.552486 805001.178868 96181.455017 341201.228419 1439354.123451 19956.040312 20.424813 1117.401908 18144.648099 1467.893514 -505.574636 -1676.061282 -1914.050355 -242.040488 7798.721158 22555.259936 18918.359148 269113.959796 1021787.725248 787292.423061 943479.195599 913176.863676 939025.826806 36402.427401 -287.161546 -752.534136 -474.613557 -381.063857 71.643717 62.879456
