erum2020/resources/simulation/Vinschgau/output-maps/psiL0001N1330.asc
ncols         63
nrows         48
xllcorner     598000.000000
yllcorner     5145000.000000
cellsize      1000.000000
NODATA_value  -9999.0
[rows 0 to 24 of 48, columns 0 to 56 of 63]
-9999.0 -9999.0 -9999.0 -9999.0 -9999.0 -9999.0 -9999.0 -9999.0 -9999.0 -9999.0 -9999.0 -9999.0 -9999.0 -9999.0 -9999.0 -9999.0 -9999.0 -9999.0 -9999.0 -9999.0 -9999.0 -9999.0 -9999.0 -9999.0 -9999.0 -9999.0 -9999.0 -9999.0 -9999.0 -9999.0 -9999.0 -9999.0 -9999.0 -9999.0 -9999.0 -9999.0 -9999.0 -9999.0 -9999.0 -9999.0 -9999.0 -9999.0 -9999.0 -9999.0 -9999.0 -9999.0 -9999.0 -9999.0 -9999.0 -9999.0 -9999.0 -9999.0 -9999.0 -9999.0 -9999.0 -9999.0 -9999.0
-9999.0 -9999.0 -9999.0 -9999.0 -9999.0 -9999.0 -9999.0 -9999.0 -9999.0 -9999.0 -9999.0 -9999.0 -9999.0 -9999.0 -9999.0 -9999.0 -9999.0 -9999.0 -9999.0 -9999.0 -9999.0 -9999.0 -9999.0 -9999.0 -9999.0 -9999.0 -9999.0 -2550.943020 -503.857475 -1709.375728 -278.542303 -310.200915 1161.879030 -9999.0 -9999.0 -9999.0 -9999.0 -9999.0 -9999.0 -9999.0 -9999.0 -9999.0 -9999.0 -9999.0 -9999.0 -9999.0 -9999.0 -9999.0 -9999.0 -9999.0 -9999.0 -9999.0 -9999.0 -9999.0 -9999.0 -9999.0 -9999.0
-9999.0 -9999.0 -9999.0 -9999.0 -9999.0 -9999.0 -9999.0 -9999.0 -9999.0 -9999.0 -9999.0 -9999.0 -9999.0 -9999.0 -9999.0 -9999.0 -9999.0 -9999.0 -9999.0 -9999.0 -9999.0 -9999.0 -9999.0 -9999.0 -500.307858 -524.495526 -569.636281 -504.936338 -536.587991 -597.832472 -260.616320 -9999.0 -9999.0 -9999.0 -9999.0 -9999.0 -9999.0 -9999.0 -9999.0 -9999.0 -9999.0 -9999.0 -9999.0 -9999.0 -9999.0 -9999.0 -9999.0 -9999.0 -9999.0 -9999.0 -9999.0 -9999.0 -9999.0 -9999.0 -9999.0 -9999.0 -9999.0
-9999.0 -9999.0 -9999.0 -9999.0 -9999.0 -9999.0 -9999.0 -9999.0 -9999.0 -9999.0 -9999.0 -9999.0 -9999.0 -9999.0 -9999.0 -9999.0 -9999.0 -9999.0 -9999.0 -9999.0 -9999.0 -9999.0 -9999.0 -550.917671 -762.536108 -3371.777340 -3369.400112 -3438.371589 -3466.869415 -812.554244 -266.050163 -136.026067 -9999.0 -9999.0 -9999.0 -9999.0 -9999.0 -9999.0 -9999.0 -9999.0 -9999.0 -9999.0 -9999.0 -9999.0 -9999.0 -9999.0 -9999.0 -9999.0 -9999.0 -9999.0 -9999.0 -9999.0 -9999.0 -9999.0 -9999.0 -9999.0 -9999.0
-9999.0 -9999.0 -9999.0 -9999.0 -9999.0 -9999.0 -9999.0 -9999.0 -9999.0 -9999.0 -9999.0 -9999.0 -9999.0 -9999.0 -9999.0 -9999.0 -9999.0 -9999.0 -2948.110782 -802.199057 -9999.0 -648.458055 -795.202698 -3330.150479 -3231.734886 -3288.337878 -2697.348325 -3128.754626 -2921.076147 -3015.953817 -638.554436 -280.973426 -293.722761 -1968.174291 -9999.0 -9999.0 -9999.0 -9999.0 -9999.0 -9999.0 -9999.0 -9999.0 -9999.0 -9999.0 -9999.0 -9999.0 -9999.0 -9999.0 -9999.0 -9999.0 -9999.0 -9999.0 -9999.0 -9999.0 -9999.0 -9999.0 -9999.0
-9999.0 -9999.0 -9999.0 -9999.0 -9999.0 -9999.0 -9999.0 -9999.0 -9999.0 -9999.0 -9999.0 -9999.0 -9999.0 -9999.0 -9999.0 -9999.0 -9999.0 -3349.678066 -3261.681089 -7918.416207 -5361.490164 -1710.864395 -3007.357106 -3148.729996 -3127.931992 -1431.016862 3438.952400 -2787.946155 1288.337771 -2687.043753 -888.316867 -687.562875 -3232.551057 -2231.597159 -514.337107 -1119.235152 -9999.0 -9999.0 -9999.0 -9999.0 -9999.0 -9999.0 -9999.0 -9999.0 -9999.0 -9999.0 -9999.0 -9999.0 -9999.0 -9999.0 -9999.0 -9999.0 -9999.0 -9999.0 -9999.0 -9999.0 -9999.0
-9999.0 -9999.0 -9999.0 -9999.0 -9999.0 -9999.0 -9999.0 -9999.0 -9999.0 -9999.0 -9999.0 -9999.0 -9999.0 -2928.591184 -3080.288340 -3155.870136 -3298.224026 -8567.101138 -3299.957668 -3211.965312 -3185.737164 -3154.877405 -3217.397161 -3248.571879 -850.722150 -785.807186 -531.440742 -706.683193 -977.950262 -607.283261 -182.373866 -602.531658 -518.828593 -283.399690 -220.143314 -919.204390 -9999.0 -9999.0 -9999.0 -9999.0 -9999.0 -9999.0 -9999.0 -9999.0 -9999.0 -9999.0 -9999.0 -9999.0 -9999.0 -9999.0 -9999.0 -9999.0 -9999.0 -9999.0 -9999.0 -9999.0 -9999.0
-9999.0 -9999.0 -9999.0 -9999.0 -9999.0 -9999.0 -9999.0 -9999.0 -9999.0 -9999.0 -9999.0 -9999.0 -9999.0 -2993.978558 -3254.531999 -3294.560162 -3260.842605 -3538.519531 -8569.009463 -3209.025476 -3258.225957 -3430.197411 -3135.988961 -3001.832814 -3098.068633 -3085.623656 -545.625705 -2514.577858 -360.531828 1149.286842 1005.289162 -297.891165 -232.598158 -262.134468 -276.393687 -9999.0 -9999.0 -9999.0 -9999.0 -9999.0 -9999.0 -9999.0 -9999.0 -9999.0 -9999.0 -9999.0 -9999.0 -9999.0 -9999.0 -9999.0 -9999.0 -9999.0 -9999.0 -9999.0 -9999.0 -9999.0 -9999.0
-9999.0 -9999.0 -9999.0 -9999.0 -9999.0 -9999.0 -9999.0 -9999.0 -9999.0 -9999.0 -9999.0 -9999.0 -9999.0 -3303.385001 335.396636 -3361.642126 -3259.966794 -3247.816576 -8739.929031 -3301.046847 -3476.356725 -7223.197772 -2420.127651 -1172.344160 -3174.566475 -3150.725239 -755.685761 -380.773990 -186.776419 -228.849360 -208.731165 -170.090080 -338.393246 4438.269051 -604.268290 -9999.0 -9999.0 -9999.0 -9999.0 -9999.0 -9999.0 -9999.0 -9999.0 -9999.0 -9999.0 -9999.0 -9999.0 -9999.0 -9999.0 -9999.0 -9999.0 -9999.0 -9999.0 -9999.0 -9999.0 -9999.0 -9999.0
-9999.0 -9999.0 -9999.0 -9999.0 -9999.0 -9999.0 -9999.0 -9999.0 -9999.0 -9999.0 -9999.0 -9999.0 -3210.995913 6226.894868 -3297.599220 -3148.276744 -3044.813814 -3189.757814 -3795.998827 -8002.451637 -3154.229738 -1525.232902 -3066.606560 -666.207691 -190.593360 -527.516576 -177.756538 -253.511886 -433.381411 -221.106740 -246.776239 -261.365508 4.004274 -2853.956321 -9999.0 -9999.0 -9999.0 -9999.0 -9999.0 -9999.0 -9999.0 -9999.0 -9999.0 -9999.0 -9999.0 -9999.0 -9999.0 -9999.0 -9999.0 -9999.0 -9999.0 -9999.0 -9999.0 -9999.0 -9999.0 -9999.0 -9999.0
-9999.0 -9999.0 -9999.0 -9999.0 -9999.0 -9999.0 -9999.0 -9999.0 -9999.0 -9999.0 -9999.0 -2461.018823 -3313.752354 16.594844 -3329.940216 -3411.721070 -8368.459515 -3273.756763 -3477.380694 -8710.109937 -3183.178060 -3149.666203 -1477.818183 -666.540472 -2317.500656 -557.288974 -217.970779 -381.781838 3215.663654 -366.660027 -345.152513 -504.543641 -207.709318 -645.018260 -312.406033 -328.712872 -270.990196 -747.089406 -1027.732944 -9999.0 -9999.0 -9999.0 -1508.052615 -9999.0 -9999.0 -9999.0 -9999.0 -9999.0 -9999.0 -9999.0 -9999.0 -9999.0 -9999.0 -9999.0 -9999.0 -9999.0 -9999.0
-9999.0 -9999.0 -9999.0 -9999.0 -9999.0 -9999.0 -9999.0 -9999.0 -9999.0 -9999.0 -9999.0 -2101.626969 -3370.257680 -3509.908082 -3507.899040 -3332.558957 -3616.796107 -3330.503693 -3542.211034 -3441.024024 -3437.559258 -3123.260251 -585.163030 34142.506627 16765.805911 -460.830250 -323.077937 -546.244512 -138.108292 -433.923825 -344.444071 -567.742532 -147.219082 -100.791428 -290.343519 -365.420442 -735.895809 -2151.392913 -1048.560564 -864.400449 -685.042605 -789.489118 -282.182587 -318.369935 -9999.0 -9999.0 -9999.0 -407.346937 -288.976302 -191.814152 -180.975402 -261.846320 -281.042055 -841.086642 -645.456003 -345.117841 -9999.0
-9999.0 -9999.0 -9999.0 -9999.0 -9999.0 -9999.0 -9999.0 -9999.0 -9999.0 -9999.0 -9999.0 -1493.540533 -2411.719089 -2818.911309 -3084.510677 -3629.288732 -2995.396612 -3170.554193 -3607.449905 -3435.807911 -2965.333304 -734.621535 8641.525505 -456.845569 -473.528824 -2604.348868 12857.922290 -160.425835 -555.841735 -230.764804 -393.311462 17496.219935 -519.336708 -89.673040 -233.499933 -606.138780 6699.176995 1135.285651 -2562.693591 -947.193766 -690.969785 -613.761405 -524.777767 -367.409407 -121.787834 -9999.0 -1565.771477 -141.120449 -257.753232 -491.128747 -945.479271 -2818.346613 -762.385928 -252.033794 -285.524870 -102.658370 -9999.0
-9999.0 -9999.0 -9999.0 -9999.0 -9999.0 -9999.0 -9999.0 -9999.0 -9999.0 -9999.0 -9999.0 -9999.0 -2006.599582 -415.091451 -2882.248765 -3044.928023 -2837.234806 -3091.585890 -3502.383289 -3417.241009 -3042.376933 -2412.910194 575.502768 2080.500613 186271.074369 14268.623126 2248.581541 -1103.167040 -269.377413 -296.764075 -311.821868 14741.143982 -1180.958396 -214.307242 -125.729471 -477.545593 12828.432113 -139.644504 -1742.802430 -2504.728120 -2008.835629 -3451.252857 1764.682510 -556.504114 -233.495577 -133.682358 -313.225206 -116.707948 224771.509277 2646.321667 1111.469321 3866.951071 -160.406053 28888.540852 390115.365244 -130.868333 -91.622392
-9999.0 -9999.0 -9999.0 -9999.0 -9999.0 -9999.0 -9999.0 -9999.0 -9999.0 -9999.0 -9999.0 1475.135069 -748.686406 -3180.333074 -382.265664 -1372.922793 -2931.190246 -3022.482629 -3628.914031 -3206.062940 -3088.207791 -2711.580147 115.337509 13721.306702 11279.479315 -189.375362 3695.249062 -256.035877 -250.169974 -2267.654419 14370.106004 -183.613609 -807.783555 -232.148247 -230.380613 -341.061070 -581.085866 1877.873160 -692.776070 -2784.847160 1904.819583 -1096.366780 393.116573 -135.183095 -1073.942947 -255.215146 -434.222415 -1182.892112 -745.955374 991.775404 2185163.250522 -268.345720 1395000.736323 266962.680897 225715.165165 -5.265178 -179.299627
-9999.0 -9999.0 -9999.0 -9999.0 -9999.0 -9999.0 -9999.0 -9999.0 -9999.0 -9999.0 2098.159148 1032.878453 -749.095356 -857.351906 -2233.761099 2263.920239 2299.333428 -1491.302257 -3153.953093 -3185.710342 -3238.472298 -1851.042983 332669.312675 -871.593003 -175.163407 -190.629746 22092.646410 2339581.244950 -1381.187507 -885.249380 964.621638 -155.442084 -734.868381 -223.651481 -685.063261 -520.722161 -724.182363 5123.250211 19487.904801 -379.183217 -738.503245 -18.037018 -245.833865 -1259.578345 -725.464109 -2452.227313 -541.788748 1273.518931 1007.981833 -522.324513 834639.014066 -212.445144 212502.355317 -5.453689 -134.915135 -221.564378 -225.581989
-9999.0 -9999.0 -9999.0 -9999.0 -9999.0 -9999.0 -9999.0 -9999.0 -9999.0 -519.525522 -550.138473 994.763127 -308.265602 2225.721307 1076.124129 874.075881 -408.322354 -3021.440588 -3177.514464 -3215.829423 -3305.498119 -2930.348964 -2543.133564 -2788.976232 -410.087918 7357681.243146 406398.566121 -700.242357 1035.454112 -34.408315 -317.825941 7220011.979865 -567.034248 -409.856516 -762.371966 -473.634738 -670.166835 16437.796668 9491.172986 1005.855567 -205.643220 143944.676901 237203.286415 -2245.759898 -2847.457448 -828.786797 -2332.961022 4547.576354 3395.780848 -365.855418 21959.325059 -170.818469 -6.781510 -296.420760 -186.426584 1046970.572776 617527.223986
-9999.0 -9999.0 -9999.0 -9999.0 -9999.0 -9999.0 -9999.0 -9999.0 -9999.0 -839.945367 -504.406938 -1047.589731 4702.459801 -389.607023 1041.807591 1983.067591 -1057.362842 -2659.177001 -3247.713992 -3430.847991 -3385.996933 -3454.147798 -2773.051521 -740.874172 7309322.291130 17098.829388 1595.256351 -503.460748 -595.580606 -830.256333 -1116.219397 7049796.891404 -437.698512 -88.227319 -261.660705 -599.508263 -1784.754074 -3337.340011 -481.185224 -903.042953 8989.095552 21128.854174 1146.482840 -865.802980 -2904.337863 -2684.401592 -2809.775775 -2280.909188 -432.340309 -716.988896 7163457.076514 4711329.259306 -192.652444 -550.778652 -10.744329 1140229.311071 399119.629106
-9999.0 -9999.0 -9999.0 -9999.0 -9999.0 -9999.0 -9999.0 -9999.0 -9999.0 -9999.0 -307.748709 -809.668692 -698.933997 -226.414629 -641.649337 1017.989476 -551.331948 -2953.771389 -3335.669737 -3191.648935 -3390.015462 -3011.735313 1538.772735 57576.663263 11574.430535 994.391645 -396.402646 -888.141229 -874.574787 7409895.024105 7299643.078575 -161.571355 5191805.303667 -215.033172 -481.298109 -785.090942 -641.327272 -668.070771 -1519.963891 -357.675791 -287.013726 -570.052386 4766.828598 -829.732034 -1136.861636 -577.389050 -2946.209819 -2896.922454 -3019.754592 -1086.548200 7153187.547110 520448.725647 -173.828228 -113.255337 -565.190177 -146.630322 -198.920030
-9999.0 -9999.0 -9999.0 -9999.0 -9999.0 -9999.0 -9999.0 -9999.0 -9999.0 -9999.0 -257.226543 -534.753915 -591.775927 -298.275533 -792.695278 -2525.762400 -1227.363083 -3078.830070 -3373.297458 -3290.262720 -3255.564794 -3110.752039 -53.489524 -719.973853 -374.099983 -563.708513 -939.361651 874.444023 7465395.365730 5197248.709794 -337.774418 -452.376893 726220.402757 -196.438694 -372.709831 -670.799723 -192.924572 1018.987433 24016.480052 -248.268399 -419.337273 -5274.067856 2292.671969 -832.281271 -659.205024 98097.885932 -154.887666 -1010.170358 -3046.127264 -2922.719499 -212.489163 33932.437029 4845459.467332 -165.089193 -121.807897 -162.652798 -303.679063
-9999.0 -9999.0 -9999.0 -9999.0 -9999.0 -9999.0 -9999.0 -9999.0 -433.606606 -287.667859 -360.008526 -437.521455 5360.554221 1172.323896 11263.104673 -1375.284567 -3154.916257 -3464.647094 -3312.141889 -3320.353477 -3439.643984 -3397.436380 -3361.396231 -3275.731734 -2257.460795 -897.884923 -769.716048 4878982.606249 20584.851585 4557307.679832 -210.899394 -351.221802 -356.264927 -208.703117 -431.761756 -510.986667 -2598.679367 838.632773 7369743.572493 -754.770783 -2572.893101 -587.727040 2201738.083843 -996.775679 -3741.833162 2052.252751 7247540.743855 1406.088074 -632.592251 -1138.582457 -520.624541 2566681.793428 2172484.893950 4420383.102818 -178.257565 -243.321768 -201.117479
-9999.0 -9999.0 -9999.0 -9999.0 -9999.0 -9999.0 -9999.0 -9999.0 -67.483669 14744.091410 1913226.208188 -239.792012 -494.865465 -178.912870 6576132.867409 -657.995022 -2992.044270 -3086.989526 -3415.618412 -3368.602915 -3607.290062 -3752.648792 -3857.414349 -3852.464350 -3264.236722 -2862.434214 -665.735884 1105.451664 844032.562929 -245.121851 -101.746788 -818.214666 -498.320665 -1326.194617 -454.226937 -545.748566 -3146.707997 -345.559966 1144.258809 -651.493424 -342.826317 -714.847182 -2213.108515 -736.706198 2542.486245 5631.822263 2372761.173436 -572.493622 1057.437267 -870.402053 -636.474587 1153.402118 2087469.143153 -135.120166 -635.919796 105454.100714 11823.121881
-9999.0 -9999.0 -9999.0 -9999.0 -9999.0 -9999.0 -9999.0 -9999.0 -357.428544 3310.541221 -38.991112 5148327.555778 -340.955174 1868953.365441 4264.099827 3102936.386489 -2129.702605 -3046.371312 -3382.227079 -3528.280526 -3404.981332 -3698.043895 -3786.101114 -3350.318872 -3441.411845 -3053.494486 -736.901671 7583504.489670 1425025.474150 -350.292881 -1569.338709 -527.560484 29800.677413 18221.870044 -581.380280 -2891.194309 -532.017032 -851.988269 3205.526116 1557.326545 -602.747277 -2825.830259 -494.150692 2536.967711 17254.451180 -477.553737 -718.962568 -300.376045 131192.212346 1363.559075 -1650.954159 -438.549923 795370.552599 2159788.265378 1559.778204 478.497083 -407.861280
-9999.0 -9999.0 -9999.0 -9999.0 -9999.0 -9999.0 -9999.0 -9999.0 -216.123670 -581.193884 2173.391097 1013714.536685 -388.840124 17563.615497 588979.008831 -554.031197 -3157.128175 -3306.632791 -3332.174879 -3390.338609 -3315.757276 -3347.059651 -3538.743747 -3417.230966 -3083.331137 -1994.714493 18499.639765 7444113.749813 -577.489840 1338.404468 3935.405256 1047.349690 22.124762 272.895936 -672.382240 -2493.277884 -3277.421927 -3046.731525 -1202.394552 -583.447939 -929.406919 -1018.047539 -927.148971 -3609.708397 -376.132743 -2760.228880 -1677.317251 -2984.677097 -450.707711 9460.993908 -370.178782 -2486.199998 -533.443997 1234.119548 -350.234518 -530.871929 -2574.664663
-9999.0 -9999.0 -9999.0 -9999.0 -9999.0 -9999.0 -9999.0 -9999.0 -630.092465 -349.983995 -178.161652 7482032.791542 363507.703430 19908.541350 -495.246539 -2444.519385 -2016.618928 -2667.089512 -2734.331353 -3099.925748 -3276.398172 -3240.729384 -3217.819528 -3131.439754 -3303.910024 -2265.978670 7418553.277913 -392.763064 -552.701613 176.927722 66457.809227 -447.222633 -2573.598108 -800.492418 -1374.777675 -2850.547476 -2931.227636 -3165.652238 -3109.298870 -2298.003563 -2387.118282 -2586.114507 -1294.331349 -560.448824 6638.508327 -1123.405194 1054.829168 883.974927 1112.493900 -464.964567 -2625.352937 -2634.886552 -2406.756382 -1126.728541 -718.813862 -805.505617 -1934.352924
