erum2020/resources/simulation/Vinschgau/output-maps/psiL0003N1334.asc
ncols         63
nrows         48
xllcorner     598000.000000
yllcorner     5145000.000000
cellsize      1000.000000
NODATA_value  -9999.0
[rows 0 to 24 of 48, columns 0 to 56 of 63]
-9999.0 -9999.0 -9999.0 -9999.0 -9999.0 -9999.0 -9999.0 -9999.0 -9999.0 -9999.0 -9999.0 -9999.0 -9999.0 -9999.0 -9999.0 -9999.0 -9999.0 -9999.0 -9999.0 -9999.0 -9999.0 -9999.0 -9999.0 -9999.0 -9999.0 -9999.0 -9999.0 -9999.0 -9999.0 -9999.0 -9999.0 -9999.0 -9999.0 -9999.0 -9999.0 -9999.0 -9999.0 -9999.0 -9999.0 -9999.0 -9999.0 -9999.0 -9999.0 -9999.0 -9999.0 -9999.0 -9999.0 -9999.0 -9999.0 -9999.0 -9999.0 -9999.0 -9999.0 -9999.0 -9999.0 -9999.0 -9999.0
-9999.0 -9999.0 -9999.0 -9999.0 -9999.0 -9999.0 -9999.0 -9999.0 -9999.0 -9999.0 -9999.0 -9999.0 -9999.0 -9999.0 -9999.0 -9999.0 -9999.0 -9999.0 -9999.0 -9999.0 -9999.0 -9999.0 -9999.0 -9999.0 -9999.0 -9999.0 -9999.0 -290.872835 -1066.996717 -243.197237 -619.699869 -729.586752 -191.702687 -9999.0 -9999.0 -9999.0 -9999.0 -9999.0 -9999.0 -9999.0 -9999.0 -9999.0 -9999.0 -9999.0 -9999.0 -9999.0 -9999.0 -9999.0 -9999.0 -9999.0 -9999.0 -9999.0 -9999.0 -9999.0 -9999.0 -9999.0 -9999.0
-9999.0 -9999.0 -9999.0 -9999.0 -9999.0 -9999.0 -9999.0 -9999.0 -9999.0 -9999.0 -9999.0 -9999.0 -9999.0 -9999.0 -9999.0 -9999.0 -9999.0 -9999.0 -9999.0 -9999.0 -9999.0 -9999.0 -9999.0 -9999.0 -742.474048 -792.528898 -847.644456 -757.105560 -736.215642 -940.073416 -563.062980 -9999.0 -9999.0 -9999.0 -9999.0 -9999.0 -9999.0 -9999.0 -9999.0 -9999.0 -9999.0 -9999.0 -9999.0 -9999.0 -9999.0 -9999.0 -9999.0 -9999.0 -9999.0 -9999.0 -9999.0 -9999.0 -9999.0 -9999.0 -9999.0 -9999.0 -9999.0
-9999.0 -9999.0 -9999.0 -9999.0 -9999.0 -9999.0 -9999.0 -9999.0 -9999.0 -9999.0 -9999.0 -9999.0 -9999.0 -9999.0 -9999.0 -9999.0 -9999.0 -9999.0 -9999.0 -9999.0 -9999.0 -9999.0 -9999.0 -847.994931 -1000.965812 -3100.546234 -3106.764974 -3164.552409 -3186.607971 -1348.161978 -580.466770 -271.105625 -9999.0 -9999.0 -9999.0 -9999.0 -9999.0 -9999.0 -9999.0 -9999.0 -9999.0 -9999.0 -9999.0 -9999.0 -9999.0 -9999.0 -9999.0 -9999.0 -9999.0 -9999.0 -9999.0 -9999.0 -9999.0 -9999.0 -9999.0 -9999.0 -9999.0
-9999.0 -9999.0 -9999.0 -9999.0 -9999.0 -9999.0 -9999.0 -9999.0 -9999.0 -9999.0 -9999.0 -9999.0 -9999.0 -9999.0 -9999.0 -9999.0 -9999.0 -9999.0 -1545.749153 -1180.902453 -9999.0 -964.690926 -1075.549225 -3091.170058 -3010.386402 -3071.212249 -1841.333018 -2481.212912 -1938.630388 -2703.167391 -1054.121183 -670.105807 -166.473837 -192.842463 -9999.0 -9999.0 -9999.0 -9999.0 -9999.0 -9999.0 -9999.0 -9999.0 -9999.0 -9999.0 -9999.0 -9999.0 -9999.0 -9999.0 -9999.0 -9999.0 -9999.0 -9999.0 -9999.0 -9999.0 -9999.0 -9999.0 -9999.0
-9999.0 -9999.0 -9999.0 -9999.0 -9999.0 -9999.0 -9999.0 -9999.0 -9999.0 -9999.0 -9999.0 -9999.0 -9999.0 -9999.0 -9999.0 -9999.0 -9999.0 -2949.057535 -2897.561647 -9051.071016 -5752.433763 -1365.364849 -2771.381824 -2973.138570 -2582.977353 -1183.805719 81861.150699 -1831.917013 7677.092759 -1571.292757 -1002.047307 -1126.376421 -274.513364 -308.169719 -197.769737 -202.307015 -9999.0 -9999.0 -9999.0 -9999.0 -9999.0 -9999.0 -9999.0 -9999.0 -9999.0 -9999.0 -9999.0 -9999.0 -9999.0 -9999.0 -9999.0 -9999.0 -9999.0 -9999.0 -9999.0 -9999.0 -9999.0
-9999.0 -9999.0 -9999.0 -9999.0 -9999.0 -9999.0 -9999.0 -9999.0 -9999.0 -9999.0 -9999.0 -9999.0 -9999.0 -2862.230930 -2902.837984 -2818.401633 -2923.744967 -7528.540198 -2920.587344 -3022.578349 -2984.857249 -2958.085822 -3026.341054 -3062.593527 -1094.000421 -1054.233650 -535.320365 -602.145442 -1714.829714 -860.548707 550391.104304 -767.960631 -871.837605 -659.811343 -137.939120 -182.803081 -9999.0 -9999.0 -9999.0 -9999.0 -9999.0 -9999.0 -9999.0 -9999.0 -9999.0 -9999.0 -9999.0 -9999.0 -9999.0 -9999.0 -9999.0 -9999.0 -9999.0 -9999.0 -9999.0 -9999.0 -9999.0
-9999.0 -9999.0 -9999.0 -9999.0 -9999.0 -9999.0 -9999.0 -9999.0 -9999.0 -9999.0 -9999.0 -9999.0 -9999.0 -1927.747204 -3039.636092 -2908.231884 -2892.026641 -2520.299620 -7540.135189 -3025.321176 -2907.320944 -3240.959337 -2801.998034 -2227.287067 -2880.379247 -2875.746968 -1113.983934 -290.296516 -170.346701 78259.948498 4810.913560 -764.737516 -136.233343 -113.365653 -115.298879 -9999.0 -9999.0 -9999.0 -9999.0 -9999.0 -9999.0 -9999.0 -9999.0 -9999.0 -9999.0 -9999.0 -9999.0 -9999.0 -9999.0 -9999.0 -9999.0 -9999.0 -9999.0 -9999.0 -9999.0 -9999.0 -9999.0
-9999.0 -9999.0 -9999.0 -9999.0 -9999.0 -9999.0 -9999.0 -9999.0 -9999.0 -9999.0 -9999.0 -9999.0 -9999.0 -3075.135637 349.978331 -3117.667887 -2885.748075 -2893.258793 -7611.661036 -2924.769042 -2990.009615 -8042.181237 -1379.483275 -709.602311 -2959.728199 -2916.769263 -423.382836 -183.604611 -307.688085 -130.040032 -467.152742 -73.214420 -119.149464 -36.266389 -144.748368 -9999.0 -9999.0 -9999.0 -9999.0 -9999.0 -9999.0 -9999.0 -9999.0 -9999.0 -9999.0 -9999.0 -9999.0 -9999.0 -9999.0 -9999.0 -9999.0 -9999.0 -9999.0 -9999.0 -9999.0 -9999.0 -9999.0
-9999.0 -9999.0 -9999.0 -9999.0 -9999.0 -9999.0 -9999.0 -9999.0 -9999.0 -9999.0 -9999.0 -9999.0 -3016.742072 6241.630555 -3079.880163 -2967.395111 -2682.245065 -2848.618150 -3383.593170 -9346.958659 -2968.647710 -1623.527737 -2911.949817 -1180.796080 599927.312314 -1130.647149 630885.363700 -528.647404 -689.398116 -119.172848 -300.210879 -133.304348 166.041871 -205.804224 -9999.0 -9999.0 -9999.0 -9999.0 -9999.0 -9999.0 -9999.0 -9999.0 -9999.0 -9999.0 -9999.0 -9999.0 -9999.0 -9999.0 -9999.0 -9999.0 -9999.0 -9999.0 -9999.0 -9999.0 -9999.0 -9999.0 -9999.0
-9999.0 -9999.0 -9999.0 -9999.0 -9999.0 -9999.0 -9999.0 -9999.0 -9999.0 -9999.0 -9999.0 -1701.431921 -3079.719509 28.795957 -3097.064591 -2475.032459 -9792.251089 -2898.877852 -2122.457644 -10356.618457 -2850.816199 -2896.841711 -1996.306492 -1059.117835 -1945.054666 -935.416099 -415.117326 -937.184040 4207.075468 -117.982931 -155.875951 -802.690885 -128.659230 -177.158332 -140.636783 -188.373338 -582.212137 -855.305676 -1375.012862 -9999.0 -9999.0 -9999.0 -221.965538 -9999.0 -9999.0 -9999.0 -9999.0 -9999.0 -9999.0 -9999.0 -9999.0 -9999.0 -9999.0 -9999.0 -9999.0 -9999.0 -9999.0
-9999.0 -9999.0 -9999.0 -9999.0 -9999.0 -9999.0 -9999.0 -9999.0 -9999.0 -9999.0 -9999.0 -1712.494012 -3114.479967 -3233.816138 -3222.007766 -3216.874431 -3292.968182 -2942.679472 -2336.662224 -3189.089408 -2747.727625 -2639.820154 -768.653662 1188963.937101 1267884.158732 -1048.687659 -884.409436 -880.046360 -202.223900 -146.170880 -864.325206 -832.216681 -237.045604 -161.897676 -309.537433 -931.809165 -1192.005720 -2129.958449 -1327.209151 -210.207842 -190.721045 -180.619453 -648.804577 -167.773737 -9999.0 -9999.0 -9999.0 -816.546907 -401.487143 -100.066738 -175.783029 -111.634306 -109.126491 -974.980748 -510.737736 -107.718393 -9999.0
-9999.0 -9999.0 -9999.0 -9999.0 -9999.0 -9999.0 -9999.0 -9999.0 -9999.0 -9999.0 -9999.0 -1622.625499 -1884.340065 -2467.240571 -1622.416909 -3294.836765 -2833.330815 -2844.901500 -3354.712579 -3191.169399 -1987.011190 -960.430861 1129436.507958 -642.358392 -1077.049240 -300.910535 1334909.286519 1353365.766305 -217.270345 -278.132501 -184.039628 1336610.679547 -834.601339 -152.192069 -125.111678 -972.528531 1333645.050530 1054742.955863 -2803.453809 -265.637845 -998.236824 -691.799993 -821.571224 -867.518438 -176.877415 -9999.0 -180.235217 -178.229092 -567.666230 -800.422871 -1397.197407 -247.422674 -978.581566 -549.011093 -796.424496 -154.319225 -9999.0
-9999.0 -9999.0 -9999.0 -9999.0 -9999.0 -9999.0 -9999.0 -9999.0 -9999.0 -9999.0 -9999.0 -9999.0 -1537.544514 -728.948406 -2080.866918 -2131.730748 -2246.971456 -2790.231350 -2378.191055 -3162.156374 -2707.591047 -2158.594334 821.412538 851422.050114 1343122.762820 1381124.207078 2267.252618 -1543.064677 -601.251281 -158.212574 -818.794474 1388226.998272 -1632.833251 -439.481040 -191.723741 -890.205741 1320657.120209 930083.248405 -1335.737869 -2649.289888 -1899.942410 -489.809138 1063205.378629 -771.972529 -147.157883 -212.429163 -133.149845 -159.722544 1288095.253655 1136624.769037 60868.500244 1192903.976275 1194361.606880 1208447.940421 1218587.072254 -430.698967 -158.899856
-9999.0 -9999.0 -9999.0 -9999.0 -9999.0 -9999.0 -9999.0 -9999.0 -9999.0 -9999.0 -9999.0 747535.344608 -1133.151327 -3235.359381 -654.889789 -1445.233407 -2750.300937 -2698.137341 -3185.634256 -2723.469247 -2769.453556 -1623.681637 -248.651619 1334758.739865 1369123.911657 1429738.063848 1332395.731051 -559.100613 -472.253565 -288.089405 1392032.535285 1393970.040459 -1139.140058 -498.673349 -288.585704 -782.183924 -1035.168858 212862.467850 -988.918941 -3134.470353 232467.937546 -1760.929489 65.009681 -257.618551 -1612.979028 -566.977203 -786.339988 -260.155816 -238.491894 1703.888123 411795.492357 -632.207265 309032.228444 45363.845400 33234.112242 452.913292 -109.081458
-9999.0 -9999.0 -9999.0 -9999.0 -9999.0 -9999.0 -9999.0 -9999.0 -9999.0 -9999.0 2117.617790 49790.322066 -1092.149843 -1254.636085 -1630.745505 2002.056342 2003.527997 -1354.346577 -2803.085841 -2654.492164 -2840.841081 -1296.624257 1788450.697243 -1040.929903 -118.616390 973416.720030 1363759.406254 347299.067846 -1837.075216 -1459.398130 78015.063368 586230.652305 -1144.339538 -493.083607 -160.189566 -203.160945 -1183.058195 997047.436436 1523391.821656 -377.733674 -773.731548 -62.164360 -98.100003 -1000.108406 -28.285962 -297.205540 -964.856876 506843.033064 1085706.909468 -595.952209 66041.565913 -106.814990 34641.976393 591.337757 -103.457348 -447.790084 -493.754434
-9999.0 -9999.0 -9999.0 -9999.0 -9999.0 -9999.0 -9999.0 -9999.0 -9999.0 -991.781776 -726.622620 12936.022221 -528.551730 425471.675895 80674.340603 1306.698826 17953.867998 -1718.992980 -2844.663317 -2760.665616 -2979.984909 -2537.708574 -2283.910161 -2326.913419 -538.381924 1852342.143863 1368538.387412 -1079.044913 32112.303145 -538.948916 -365.354142 1803375.055502 -202.817175 -154.014196 -181.755138 -195.260381 -1067.075788 1518070.046383 1363699.649412 47318.982192 1495840.193848 1843711.642942 1866869.800535 -1940.090370 -2044.750547 -153.546384 -1842.687739 829997.159065 755777.440962 -397.663199 1124843.796730 -107.116625 473.338079 -109.334599 -98.895726 188343.533392 214368.432194
-9999.0 -9999.0 -9999.0 -9999.0 -9999.0 -9999.0 -9999.0 -9999.0 -9999.0 -1073.409912 -1032.234961 -1651.777548 4719.003256 -819.426807 34424.679626 500102.305350 -1135.228871 -1822.480148 -2890.873651 -3175.166208 -3113.990026 -3242.865510 -1877.869223 -737.998767 1848588.381157 1430944.632455 492859.547139 -467.054781 -580.257346 -785.508177 -1250.731237 1747516.523843 -820.041356 -176.107638 -552.513417 -203.852488 -261.632308 -442.057126 -1075.447699 -1268.787745 1429157.826208 1409178.922808 155722.807770 -812.512801 -1790.135720 -1753.539255 -2351.761230 -1804.079080 -865.048717 -780.771147 1786550.261148 1146953.182964 -124.186927 96199.756338 -5.077378 322418.399284 335022.958085
-9999.0 -9999.0 -9999.0 -9999.0 -9999.0 -9999.0 -9999.0 -9999.0 -9999.0 -9999.0 -790.956662 -1257.396759 -350.481412 647826.234920 -937.026059 14525.113119 -1014.892291 -2740.125879 -2947.063986 -2962.977255 -3097.126505 -2833.462933 -96.063534 1682725.998556 1329873.374203 3801.391564 -411.931425 -830.750169 -1014.358557 1857171.823795 1829286.832019 1811906.498463 1278853.911307 -396.617614 -695.624033 -1109.060783 -952.031144 -890.471213 -246.280588 -875.070286 -688.307103 -759.845737 4784.307007 -161.171447 -1252.737570 -818.150326 -2664.602715 -1869.780816 -2871.896686 -1265.596158 1780237.684683 587352.576944 -104.554510 -24.829298 134170.635260 -163.236897 -380.260632
-9999.0 -9999.0 -9999.0 -9999.0 -9999.0 -9999.0 -9999.0 -9999.0 -9999.0 -9999.0 -530.884021 -891.574093 -866.306361 -802.447627 -743.468279 -1517.638627 -1250.388027 -2648.513425 -2955.709686 -3069.706824 -2883.210969 -2782.407743 7630.805617 9247.320514 2700.698416 -546.682646 -865.754001 739.091875 1862981.423764 1310277.892022 -868.254355 -549.561023 208534.175887 -252.127876 -956.813616 -797.485023 284092.890469 39732.449254 1266517.101353 -508.752760 -875.511208 -488.804921 757948.523969 -1346.842789 -834.733346 1882105.225312 -788.016293 -399.777062 -2746.879667 -2772.083389 -250.962646 1231336.201415 1176953.226615 -86.306625 558.503976 -110.211153 -139.026577
-9999.0 -9999.0 -9999.0 -9999.0 -9999.0 -9999.0 -9999.0 -9999.0 -614.525717 -705.570147 -705.020186 -574.485872 669694.000287 156899.505100 234684.061807 -1148.972228 -2902.023645 -3245.976856 -3134.485042 -3095.365678 -3008.248429 -2990.317327 -2969.310924 -2906.699133 -1585.787481 -827.707160 -735.096821 1956537.162062 1496918.513138 1301948.993080 -104.344142 -855.295798 -898.420456 -306.117644 -776.678494 -1031.822748 -2208.341581 1616.715855 1844071.772886 -214.172796 -307.325699 -768.402064 479776.880285 -230.984818 -1349.261267 2070.626518 1815525.726413 216648.667557 -191.610260 -991.451867 -526.547415 1359855.042879 547165.697764 1060401.390667 -145.517481 -327.476613 -124.109339
-9999.0 -9999.0 -9999.0 -9999.0 -9999.0 -9999.0 -9999.0 -9999.0 -319182823.730541 548342.280997 1302003.269425 -459.558392 -963.797068 1288157.870970 1834402.703286 -887.599814 -2665.694450 -2771.168898 -2998.856854 -3129.499975 -2427.821722 -3455.011996 -3555.051769 -3561.010975 -2902.481399 -2288.261024 -640.047088 55988.449335 125235.945537 -492.319819 -155.781062 -248.111226 -881.997456 -273.344439 -623.521341 -792.168208 -2228.109703 -341.021727 99532.436023 -1079.905343 -913.217034 -1016.356245 -296.051352 -1197.751879 2561.365575 1079874.376118 419261.463973 -956.762611 28828.342313 -795.224332 -612.794682 39368.928241 515541.487687 -162.643876 -1014.142277 -27.833325 1138861.640860
-9999.0 -9999.0 -9999.0 -9999.0 -9999.0 -9999.0 -9999.0 -9999.0 -932.933574 3307.187735 -396.385256 1268954.224270 -477.263853 432780.553800 826111.439939 1832293.567531 -1540.463596 -2877.159168 -2973.366908 -2402.825114 -3158.600360 -3411.829156 -3491.465497 -3118.093794 -3214.813286 -2749.692454 -715.926618 1908888.805961 175578.137864 -879.344720 -287.346993 -653.247313 1310364.662834 1368624.183338 -737.208674 -1900.421562 -803.360611 -798.973745 25950.486703 547378.145604 -993.857977 -379.266053 -709.748846 2439.887426 1373718.685517 -686.070228 -231.175863 -644.126310 1391093.374899 -28.352162 -1169.091714 -447.175762 220662.440360 552999.432760 86817.751765 102.365152 -391.596690
-9999.0 -9999.0 -9999.0 -9999.0 -9999.0 -9999.0 -9999.0 -9999.0 -114.174438 -947.535805 205222.350699 107859.854819 -645.271084 1299681.825529 1797388.344371 -595.581785 -2831.740294 -2923.697576 -3036.996070 -2970.013545 -3088.720986 -3111.419533 -3282.505414 -3191.240317 -2745.365259 -1588.691730 288488.802767 1856202.651918 -870.146946 1385415.322465 834894.394693 88835.473896 -408.633596 52.111615 6093.224543 -2607.699414 -2917.398359 -2757.915620 -1063.581607 -177.863368 -1495.391030 -1625.646528 -1535.032051 -787.344866 -780.729100 -348.114748 -2040.523554 -309.260796 -1003.358540 1196636.868409 3.123932 -1549.703757 -541.944107 43616.995999 -332.293935 -509.329545 -1837.231924
-9999.0 -9999.0 -9999.0 -9999.0 -9999.0 -9999.0 -9999.0 -9999.0 -232.670685 -561.753565 -2294.778936 1879828.010004 1898084.123808 1916179.154689 -477.040328 -1533.745403 -1385.640353 -2623.020790 -2106.773105 -2781.254176 -2892.959652 -3023.539645 -3008.723078 -2942.288770 -3119.774633 -1591.864917 1852373.897860 3182.816989 -783.883721 51.058816 1775958.427720 -475.502082 -1724.708211 -752.976415 -1391.063374 -2729.047767 -2803.243226 -2842.170646 -2811.148617 -1501.323427 -1908.523516 -2567.861732 -1177.885517 -907.239574 983160.228688 -1790.196344 45809.799999 1340.163131 87697.564196 -517.223332 -2258.039303 -2114.519672 -1582.529256 -1049.709953 -686.140088 -757.165364 -1341.428491
