erum2020/resources/simulation/Vinschgau/output-maps/psiL0001N0672.asc
ncols         63
nrows         48
xllcorner     598000.000000
yllcorner     5145000.000000
cellsize      1000.000000
NODATA_value  -9999.0
[rows 0 to 26 of 48, columns 0 to 60 of 63]
-9999.0 -9999.0 -9999.0 -9999.0 -9999.0 -9999.0 -9999.0 -9999.0 -9999.0 -9999.0 -9999.0 -9999.0 -9999.0 -9999.0 -9999.0 -9999.0 -9999.0 -9999.0 -9999.0 -9999.0 -9999.0 -9999.0 -9999.0 -9999.0 -9999.0 -9999.0 -9999.0 -9999.0 -9999.0 -9999.0 -9999.0 -9999.0 -9999.0 -9999.0 -9999.0 -9999.0 -9999.0 -9999.0 -9999.0 -9999.0 -9999.0 -9999.0 -9999.0 -9999.0 -9999.0 -9999.0 -9999.0 -9999.0 -9999.0 -9999.0 -9999.0 -9999.0 -9999.0 -9999.0 -9999.0 -9999.0 -9999.0 -9999.0 -9999.0 -9999.0 -9999.0
-9999.0 -9999.0 -9999.0 -9999.0 -9999.0 -9999.0 -9999.0 -9999.0 -9999.0 -9999.0 -9999.0 -9999.0 -9999.0 -9999.0 -9999.0 -9999.0 -9999.0 -9999.0 -9999.0 -9999.0 -9999.0 -9999.0 -9999.0 -9999.0 -9999.0 -9999.0 -9999.0 -109.486540 18.218716 -95.180011 30.605840 24.373111 627.311170 -9999.0 -9999.0 -9999.0 -9999.0 -9999.0 -9999.0 -9999.0 -9999.0 -9999.0 -9999.0 -9999.0 -9999.0 -9999.0 -9999.0 -9999.0 -9999.0 -9999.0 -9999.0 -9999.0 -9999.0 -9999.0 -9999.0 -9999.0 -9999.0 -9999.0 -9999.0 -9999.0 -9999.0
-9999.0 -9999.0 -9999.0 -9999.0 -9999.0 -9999.0 -9999.0 -9999.0 -9999.0 -9999.0 -9999.0 -9999.0 -9999.0 -9999.0 -9999.0 -9999.0 -9999.0 -9999.0 -9999.0 -9999.0 -9999.0 -9999.0 -9999.0 -9999.0 18.985115 15.378469 14.147883 13.590532 29.369175 43.838314 20.984040 -9999.0 -9999.0 -9999.0 -9999.0 -9999.0 -9999.0 -9999.0 -9999.0 -9999.0 -9999.0 -9999.0 -9999.0 -9999.0 -9999.0 -9999.0 -9999.0 -9999.0 -9999.0 -9999.0 -9999.0 -9999.0 -9999.0 -9999.0 -9999.0 -9999.0 -9999.0 -9999.0 -9999.0 -9999.0 -9999.0
-9999.0 -9999.0 -9999.0 -9999.0 -9999.0 -9999.0 -9999.0 -9999.0 -9999.0 -9999.0 -9999.0 -9999.0 -9999.0 -9999.0 -9999.0 -9999.0 -9999.0 -9999.0 -9999.0 -9999.0 -9999.0 -9999.0 -9999.0 16.217964 16.522169 -408.705458 -499.253410 -514.253310 -213.331386 11.171044 16.107342 21.212972 -9999.0 -9999.0 -9999.0 -9999.0 -9999.0 -9999.0 -9999.0 -9999.0 -9999.0 -9999.0 -9999.0 -9999.0 -9999.0 -9999.0 -9999.0 -9999.0 -9999.0 -9999.0 -9999.0 -9999.0 -9999.0 -9999.0 -9999.0 -9999.0 -9999.0 -9999.0 -9999.0 -9999.0 -9999.0
-9999.0 -9999.0 -9999.0 -9999.0 -9999.0 -9999.0 -9999.0 -9999.0 -9999.0 -9999.0 -9999.0 -9999.0 -9999.0 -9999.0 -9999.0 -9999.0 -9999.0 -9999.0 18.004261 13.382826 -9999.0 20.254364 19.188167 -300.650045 -424.124387 -589.576969 -387.329143 -350.483186 -585.735040 -475.108883 15.069726 20.111673 -93.571705 -84.327870 -9999.0 -9999.0 -9999.0 -9999.0 -9999.0 -9999.0 -9999.0 -9999.0 -9999.0 -9999.0 -9999.0 -9999.0 -9999.0 -9999.0 -9999.0 -9999.0 -9999.0 -9999.0 -9999.0 -9999.0 -9999.0 -9999.0 -9999.0 -9999.0 -9999.0 -9999.0 -9999.0
-9999.0 -9999.0 -9999.0 -9999.0 -9999.0 -9999.0 -9999.0 -9999.0 -9999.0 -9999.0 -9999.0 -9999.0 -9999.0 -9999.0 -9999.0 -9999.0 -9999.0 -513.821800 2.728353 -108.516515 -98.710408 6.103961 -313.023273 -443.807563 -458.911426 -381.235774 -325.677418 15.356803 -386.856388 4.079883 32.309684 37.262454 -99.539277 -115.048474 -97.678306 -75.213030 -9999.0 -9999.0 -9999.0 -9999.0 -9999.0 -9999.0 -9999.0 -9999.0 -9999.0 -9999.0 -9999.0 -9999.0 -9999.0 -9999.0 -9999.0 -9999.0 -9999.0 -9999.0 -9999.0 -9999.0 -9999.0 -9999.0 -9999.0 -9999.0 -9999.0
-9999.0 -9999.0 -9999.0 -9999.0 -9999.0 -9999.0 -9999.0 -9999.0 -9999.0 -9999.0 -9999.0 -9999.0 -9999.0 22.519754 6.214890 -367.435236 -458.854492 -64.225458 -496.191095 -340.959873 -352.312292 -459.293800 -518.234180 -413.884604 -323.368568 18.766949 -57.812226 29.918375 -240.156512 -312.440832 7193.274660 66.319426 50.539177 58.061677 -4.840740 -53.396093 -9999.0 -9999.0 -9999.0 -9999.0 -9999.0 -9999.0 -9999.0 -9999.0 -9999.0 -9999.0 -9999.0 -9999.0 -9999.0 -9999.0 -9999.0 -9999.0 -9999.0 -9999.0 -9999.0 -9999.0 -9999.0 -9999.0 -9999.0 -9999.0 -9999.0
-9999.0 -9999.0 -9999.0 -9999.0 -9999.0 -9999.0 -9999.0 -9999.0 -9999.0 -9999.0 -9999.0 -9999.0 -9999.0 22.922631 1.887557 -380.954422 -381.942999 14.889152 -64.935844 -489.349390 -404.510675 3.262913 2.783599 -388.934394 -371.364151 14.366255 15.404944 -54.040634 -72.910761 20.636015 35.686121 27.843137 -35.419605 -33.812130 -44.119619 -9999.0 -9999.0 -9999.0 -9999.0 -9999.0 -9999.0 -9999.0 -9999.0 -9999.0 -9999.0 -9999.0 -9999.0 -9999.0 -9999.0 -9999.0 -9999.0 -9999.0 -9999.0 -9999.0 -9999.0 -9999.0 -9999.0 -9999.0 -9999.0 -9999.0 -9999.0
-9999.0 -9999.0 -9999.0 -9999.0 -9999.0 -9999.0 -9999.0 -9999.0 -9999.0 -9999.0 -9999.0 -9999.0 -9999.0 -172.497329 397.696311 -303.997566 -351.166406 -422.989282 -75.685869 -396.854660 16.997491 -63.616073 21.517441 -214.110437 -203.484969 18.450427 -84.447501 -53.029217 18.806560 -57.597842 36.186446 36.320548 -38.733304 12.082795 -45.557620 -9999.0 -9999.0 -9999.0 -9999.0 -9999.0 -9999.0 -9999.0 -9999.0 -9999.0 -9999.0 -9999.0 -9999.0 -9999.0 -9999.0 -9999.0 -9999.0 -9999.0 -9999.0 -9999.0 -9999.0 -9999.0 -9999.0 -9999.0 -9999.0 -9999.0 -9999.0
-9999.0 -9999.0 -9999.0 -9999.0 -9999.0 -9999.0 -9999.0 -9999.0 -9999.0 -9999.0 -9999.0 -9999.0 -186.071978 4599.857563 -177.579239 9.473275 7.451893 -381.681909 3.002787 -98.269680 -353.708693 -112.659999 25.088913 12.034991 2642.630290 19.685258 787.406005 19.737339 47.479406 -22.573560 24.376807 -113.103538 33.905708 3.284736 -9999.0 -9999.0 -9999.0 -9999.0 -9999.0 -9999.0 -9999.0 -9999.0 -9999.0 -9999.0 -9999.0 -9999.0 -9999.0 -9999.0 -9999.0 -9999.0 -9999.0 -9999.0 -9999.0 -9999.0 -9999.0 -9999.0 -9999.0 -9999.0 -9999.0 -9999.0 -9999.0
-9999.0 -9999.0 -9999.0 -9999.0 -9999.0 -9999.0 -9999.0 -9999.0 -9999.0 -9999.0 -9999.0 38.799427 36.956276 294.896458 13.382849 25.705949 -99.950805 -276.273954 3.633505 -25.914569 13.767645 13.765265 25.026725 20.828293 52.322259 32.835446 21.683302 22.610995 2527.120113 -25.744544 -113.201139 40.026703 -65.698549 -70.589616 -108.955138 -107.545532 -560.709766 -842.071325 -808.106222 -9999.0 -9999.0 -9999.0 -116.804219 -9999.0 -9999.0 -9999.0 -9999.0 -9999.0 -9999.0 -9999.0 -9999.0 -9999.0 -9999.0 -9999.0 -9999.0 -9999.0 -9999.0 -9999.0 -9999.0 -9999.0 -9999.0
-9999.0 -9999.0 -9999.0 -9999.0 -9999.0 -9999.0 -9999.0 -9999.0 -9999.0 -9999.0 -9999.0 36.374746 30.317157 59.285404 16.425176 21.578645 3.360211 -442.554593 3.303009 25.028330 22.109273 20.930608 26.940264 22.145858 41.530119 25.381389 18.234481 33.733543 -48.561428 -43.043760 25.054370 114.504469 14.433948 22.377229 10.767869 11.767981 -1049.520643 -1267.561716 -1246.673781 -38.822724 -41.136670 -55.993598 14.364786 -82.434782 -9999.0 -9999.0 -9999.0 17.850689 19.881186 -118.327362 22.118752 -106.454112 -102.548937 18.174548 27.399563 -99.665177 -9999.0 -9999.0 -9999.0 -9999.0 -9999.0
-9999.0 -9999.0 -9999.0 -9999.0 -9999.0 -9999.0 -9999.0 -9999.0 -9999.0 -9999.0 -9999.0 52.067961 27.361792 70.076718 32.614164 24.817475 23.219454 22.167050 28.538017 3.367969 24.196844 23.625483 17.375909 23.078041 25.030012 -127.806016 20.404721 2576.056201 27.822880 22.773458 -87.349903 143.552543 22.051984 15.926473 -102.095079 -535.313757 -1197.776067 -1742.198908 -2684.092961 -123.244027 -1054.654938 -470.195945 10.576326 12.188466 14.365904 -9999.0 -104.610089 24.944744 23.576444 25.990072 23.404666 -119.525080 22.351130 21.541836 33.663857 26.096738 -9999.0 -9999.0 -9999.0 -9999.0 -9999.0
-9999.0 -9999.0 -9999.0 -9999.0 -9999.0 -9999.0 -9999.0 -9999.0 -9999.0 -9999.0 -9999.0 -9999.0 47.789755 53.584957 24.429370 26.435117 18.099379 13.110663 53.815991 3.724876 21.769172 29.316766 34.315413 27.611194 20.511258 17.922258 1785.797830 26.256601 28.003348 -104.401634 18.396544 79.555392 18.388678 18.290368 17.771424 -491.006076 -1231.679612 -2363.041324 -3645.159104 -1978.722013 -1253.115145 -56.017039 -512.077220 10.933045 -95.448036 16.480869 -117.122062 20.035715 26.469363 27.709205 5.340880 146.694070 703.281461 109.843843 67.296686 40.460502 25.821437 -9999.0 -9999.0 -9999.0 -9999.0
-9999.0 -9999.0 -9999.0 -9999.0 -9999.0 -9999.0 -9999.0 -9999.0 -9999.0 -9999.0 -9999.0 40.857370 33.779434 39.997874 67.733129 39.927179 35.314151 29.077454 36.792626 2.876059 29.943717 34.513956 40.361300 16.196781 16.842908 36.753796 28.279219 21.677089 15.687166 -118.537321 18.637198 108.480007 30.235284 18.683720 14.031836 10.822248 -1085.188668 -1862.097426 -2224.449869 -2063.401556 -1086.866155 -916.267852 -495.236843 -66.014036 10.867747 13.911831 30.766534 -134.422481 -142.791290 3.553684 -19.750930 24.190111 42.002500 -12.412368 -14.701523 -61.585362 -77.461866 -9999.0 -9999.0 -9999.0 -9999.0
-9999.0 -9999.0 -9999.0 -9999.0 -9999.0 -9999.0 -9999.0 -9999.0 -9999.0 -9999.0 1714.430614 45.812270 35.499537 35.304670 31.976639 1538.571080 1539.272378 14.691012 -288.525010 2.933207 42.798805 42.462489 16.068674 13.267995 19.110462 1973.020840 23.019056 -28.910619 16.958271 16.207820 91.654014 397.324355 26.268813 22.884770 -39.899644 -95.620759 -613.656804 -1080.647330 -1268.009496 -1313.025108 -1111.931539 -31.542615 -35.634061 -392.567502 10.779509 -81.063602 17.338408 24.571949 33.335068 3.641656 -36.462232 -52.014201 -10.834093 -41.072737 -65.046934 29.857329 36.119417 -9999.0 -9999.0 -9999.0 -9999.0
-9999.0 -9999.0 -9999.0 -9999.0 -9999.0 -9999.0 -9999.0 -9999.0 -9999.0 42.791411 51.208437 71.742146 60.123756 35.485486 66.080824 57.952799 28.439780 21.835475 11.804381 -205.810886 32.325812 3.205824 15.216107 2.244243 5.527783 20.294320 12.037867 14.620293 17.682349 19.200182 5.256070 24.484626 -21.265598 -41.263596 -105.180481 -96.468448 30.114375 -312.201292 -526.200104 -262.636916 -414.803713 -339.509127 -169.778059 -660.599710 -278.029220 9.370320 10.731944 7.768590 10.749421 3.364046 29.778694 -61.047194 -38.707026 -100.545774 -109.555375 50.707122 90.536592 -102.054364 -99.471967 -9999.0 -9999.0
-9999.0 -9999.0 -9999.0 -9999.0 -9999.0 -9999.0 -9999.0 -9999.0 -9999.0 104.500511 52.304243 43.173387 3619.980137 39.865937 39.402950 36.637357 32.168437 21.191260 11.759289 -336.749118 3.287066 -265.573616 4.325443 21.225722 19.903309 10.624927 11.902164 13.495554 2.133514 4.597983 27.861475 26.717485 31.992083 18.726907 22.513604 -123.300314 -121.486675 -122.983207 12.864781 28.334133 22.185823 13.369334 -393.535217 -228.493000 -330.789641 -437.985824 -348.948397 -412.347383 2.234081 3.936141 18.363057 18.108543 -68.045575 28.395583 -51.709328 42.535499 86.815583 58.825170 -112.401077 -9999.0 -9999.0
-9999.0 -9999.0 -9999.0 -9999.0 -9999.0 -9999.0 -9999.0 -9999.0 -9999.0 -9999.0 45.270570 59.492723 57.703735 1827.798537 45.618402 40.649618 33.226293 20.456513 10.179353 -306.930225 21.647269 14.657163 16.383008 19.711335 10.058098 11.053935 12.657479 2.444925 25.411059 22.764149 24.212710 3731.226375 22.832302 24.287050 32.317676 42.326710 10.175645 15.870835 -73.693280 35.579672 15.644371 13.043894 3626.274632 16.655438 20.096362 16.896731 18.311872 3.747251 1.932391 13.405094 22.547695 27.464789 -75.450270 -74.255543 27.208540 28.477043 44.554273 11330.737966 81.298861 7.620087 -9999.0
-9999.0 -9999.0 -9999.0 -9999.0 -9999.0 -9999.0 -9999.0 -9999.0 -9999.0 -9999.0 54.984352 51.932363 47.499134 61.439103 8.206126 25.146263 24.478946 -207.368134 -465.528898 -393.027490 -428.879295 4.475764 9.025094 6.750404 11.419767 12.183679 2.586156 27.380952 26.754178 19.734218 23.939380 48.741504 -23.091631 23.665836 20.183622 43.745158 2804.736776 25.139045 23.020213 21.835453 22.748802 -69.418684 49.445094 18.993663 20.041003 20.221329 21.440376 18.915895 28.052084 3.251240 26.207449 24.968783 25.662254 -77.057912 -75.088669 -122.835188 18.718508 16.600586 197.483524 110.812091 -9999.0
-9999.0 -9999.0 -9999.0 -9999.0 -9999.0 -9999.0 -9999.0 -9999.0 36.921160 34.167485 34.652166 59.155793 224.618039 62.943728 55.600425 4.765517 -145.099955 -305.679134 -418.027793 -405.858923 -542.248211 -502.889371 -271.236842 -464.728423 -289.618173 3.224829 25.914195 24.403032 32.911893 32.288039 -57.105981 29.712991 24.904290 19.767580 35.743358 17.326006 17.665854 31.446690 20.187737 -74.156376 -90.112800 40.229366 -19.307255 -68.260505 -136.709008 1716.630296 20.104495 20.831743 19.039252 2.521739 25.886234 30.346676 27.310513 25.825063 -135.482409 14.992770 -139.133620 10.025155 8.109504 116.484131 -9999.0
-9999.0 -9999.0 -9999.0 -9999.0 -9999.0 -9999.0 -9999.0 -9999.0 1798.584031 49.658379 41.150810 40.022804 40.615681 1546.075074 39.746754 35.102668 19.315245 -207.029238 -429.850594 -444.119287 -445.537173 -597.885700 -266.311930 -370.706278 -660.519880 3.182469 29.779026 30.568200 -10.705784 22.815040 20.249487 -120.341333 40.956902 -106.505070 33.245279 20.579448 38.896076 46.239531 23.296437 21.316250 25.019906 23.858369 -76.551289 20.544058 2071.612562 30.331856 -22.334373 20.076502 19.919353 19.476849 2.913967 21.454011 23.983516 15.334368 9.865270 -65.430114 11.233522 10.786447 7.381913 7.631360 -531.664900
-9999.0 -9999.0 -9999.0 -9999.0 -9999.0 -9999.0 -9999.0 -9999.0 33.544241 2653.778494 33.444423 35.817335 138.587200 -26.760213 33.502476 25.341686 9.027352 -278.014103 -488.040599 -364.929705 -540.154279 -649.313801 -643.343019 -660.082648 -454.141426 15.570866 19.306504 20.172255 -27.022117 20.876755 -128.646652 31.410596 25.667785 22.234713 29.432272 62.102447 37.712197 6.006135 29.481284 30.218989 29.398210 -107.081002 25.530950 2094.949555 28.764543 26.024647 -93.595529 17.046400 18.029122 14.243002 2.017570 18.507331 18.189110 13.936775 12.234374 18.886169 12.222683 6.039536 -285.262001 -387.113414 -466.852489
-9999.0 -9999.0 -9999.0 -9999.0 -9999.0 -9999.0 -9999.0 -9999.0 -87.123180 32.829846 59.202919 -35.931968 38.237450 30.620696 28.785657 18.490899 8.320539 -437.766473 -238.851063 -545.006656 -515.121379 -606.702897 -831.058492 -1086.898526 -593.054296 11.375642 16.419389 16.938422 11.125070 24.794273 18.166302 28.808046 27.517416 40.270641 26.259577 12.284481 12.673679 3.316697 25.886951 25.329158 18.834086 21.155958 23.259118 -122.308190 15.983975 -124.049939 17.510046 -132.480694 10.021690 8.513009 5.386876 2.578347 10.633781 -153.172341 4.921670 14.102414 11.323789 -332.757611 -605.405145 -467.970344 -346.470891
-9999.0 -9999.0 -9999.0 -9999.0 -9999.0 -9999.0 -9999.0 -9999.0 23.258192 30.946751 3823.682101 22.074746 32.307561 26.952577 20.394735 24.181600 4.445718 13.397095 12.155470 -274.175347 -587.420715 -606.836663 -758.914461 -1127.023279 -871.537870 -214.515319 9.508680 12.218211 11.952192 33.884993 17.787666 25.249485 43.914618 31.897776 19.070193 18.631289 16.594324 3.543390 32.503578 23.238839 16.222392 20.393376 26.760703 19.074949 15.879773 14.546157 15.359465 22.757434 7.451940 5.572912 -285.483647 -539.542508 -381.278759 -409.948330 42.918327 46.008593 -277.606780 -370.715074 -369.931757 -334.232706 -299.669432
-9999.0 -9999.0 25.180539 28.006341 880.277204 23.295290 95.968315 39.042080 27.523603 31.550229 31.296255 91.386170 41.721999 34.599157 3.366590 4.314246 19.176049 20.040534 17.947068 13.256213 -420.286963 -493.301610 -620.950803 -1092.443870 -643.448667 -586.440404 -303.653612 9.588615 24.640303 26.315501 12.213624 18.061233 138.587986 22.024832 20.259774 15.174141 14.895417 3.972534 27.701041 19.653227 15.646268 17.726875 32.591534 19.407216 14.881689 12.703546 13.377155 16.082242 9.827641 -452.637048 -640.501916 -601.741473 -257.517937 3.023850 -139.131601 -210.030485 10.407234 -188.091209 7.045053 -167.780147 8.846466
-9999.0 23.382905 30.607067 27.444549 18.534471 67.387577 95.281731 34.083478 32.595415 29.549969 26.996483 22.685276 41.798292 60.907221 3.753808 20.729032 24.005689 21.218915 12.301152 12.555808 -430.566041 31.953391 8.109962 -745.297679 -731.581320 -628.890945 -636.134556 -555.223595 28.787642 17.234679 -455.041308 -266.456159 47.602966 45.778161 17.166815 11.827043 15.861314 3.642059 20.160292 8.048334 7.906516 19.760863 31.521320 11.028616 -197.284383 -315.193889 -209.514143 -381.439769 -567.580823 -722.863420 -442.432692 -215.283846 27.122315 38.596284 24.556272 9.917561 12.251671 6.660794 14.063173 13.098005 7.218862
