erum2020/resources/simulation/Vinschgau/output-maps/psiL0005N0550.asc
ncols         63
nrows         48
xllcorner     598000.000000
yllcorner     5145000.000000
cellsize      1000.000000
NODATA_value  -9999.0
[rows 0 to 26 of 48, columns 0 to 59 of 63]
-9999.0 -9999.0 -9999.0 -9999.0 -9999.0 -9999.0 -9999.0 -9999.0 -9999.0 -9999.0 -9999.0 -9999.0 -9999.0 -9999.0 -9999.0 -9999.0 -9999.0 -9999.0 -9999.0 -9999.0 -9999.0 -9999.0 -9999.0 -9999.0 -9999.0 -9999.0 -9999.0 -9999.0 -9999.0 -9999.0 -9999.0 -9999.0 -9999.0 -9999.0 -9999.0 -9999.0 -9999.0 -9999.0 -9999.0 -9999.0 -9999.0 -9999.0 -9999.0 -9999.0 -9999.0 -9999.0 -9999.0 -9999.0 -9999.0 -9999.0 -9999.0 -9999.0 -9999.0 -9999.0 -9999.0 -9999.0 -9999.0 -9999.0 -9999.0 -9999.0
-9999.0 -9999.0 -9999.0 -9999.0 -9999.0 -9999.0 -9999.0 -9999.0 -9999.0 -9999.0 -9999.0 -9999.0 -9999.0 -9999.0 -9999.0 -9999.0 -9999.0 -9999.0 -9999.0 -9999.0 -9999.0 -9999.0 -9999.0 -9999.0 -9999.0 -9999.0 -9999.0 -1032.629344 109.741216 -952.693517 119.507915 -14.913278 446.181236 -9999.0 -9999.0 -9999.0 -9999.0 -9999.0 -9999.0 -9999.0 -9999.0 -9999.0 -9999.0 -9999.0 -9999.0 -9999.0 -9999.0 -9999.0 -9999.0 -9999.0 -9999.0 -9999.0 -9999.0 -9999.0 -9999.0 -9999.0 -9999.0 -9999.0 -9999.0 -9999.0
-9999.0 -9999.0 -9999.0 -9999.0 -9999.0 -9999.0 -9999.0 -9999.0 -9999.0 -9999.0 -9999.0 -9999.0 -9999.0 -9999.0 -9999.0 -9999.0 -9999.0 -9999.0 -9999.0 -9999.0 -9999.0 -9999.0 -9999.0 -9999.0 111.069310 104.890828 102.738381 102.602290 111.858929 124.642290 109.647028 -9999.0 -9999.0 -9999.0 -9999.0 -9999.0 -9999.0 -9999.0 -9999.0 -9999.0 -9999.0 -9999.0 -9999.0 -9999.0 -9999.0 -9999.0 -9999.0 -9999.0 -9999.0 -9999.0 -9999.0 -9999.0 -9999.0 -9999.0 -9999.0 -9999.0 -9999.0 -9999.0 -9999.0 -9999.0
-9999.0 -9999.0 -9999.0 -9999.0 -9999.0 -9999.0 -9999.0 -9999.0 -9999.0 -9999.0 -9999.0 -9999.0 -9999.0 -9999.0 -9999.0 -9999.0 -9999.0 -9999.0 -9999.0 -9999.0 -9999.0 -9999.0 -9999.0 107.964512 104.654074 -980.439666 -1222.665788 -1921.533822 -103.107632 99.392556 103.668771 111.010597 -9999.0 -9999.0 -9999.0 -9999.0 -9999.0 -9999.0 -9999.0 -9999.0 -9999.0 -9999.0 -9999.0 -9999.0 -9999.0 -9999.0 -9999.0 -9999.0 -9999.0 -9999.0 -9999.0 -9999.0 -9999.0 -9999.0 -9999.0 -9999.0 -9999.0 -9999.0 -9999.0 -9999.0
-9999.0 -9999.0 -9999.0 -9999.0 -9999.0 -9999.0 -9999.0 -9999.0 -9999.0 -9999.0 -9999.0 -9999.0 -9999.0 -9999.0 -9999.0 -9999.0 -9999.0 -9999.0 102.879235 100.280539 -9999.0 116.124288 112.071330 -631.274391 -1010.815944 -2468.508162 -519.814101 -412.883134 -494.290834 -698.083892 100.397194 110.609718 -980.937298 -907.532241 -9999.0 -9999.0 -9999.0 -9999.0 -9999.0 -9999.0 -9999.0 -9999.0 -9999.0 -9999.0 -9999.0 -9999.0 -9999.0 -9999.0 -9999.0 -9999.0 -9999.0 -9999.0 -9999.0 -9999.0 -9999.0 -9999.0 -9999.0 -9999.0 -9999.0 -9999.0
-9999.0 -9999.0 -9999.0 -9999.0 -9999.0 -9999.0 -9999.0 -9999.0 -9999.0 -9999.0 -9999.0 -9999.0 -9999.0 -9999.0 -9999.0 -9999.0 -9999.0 -1170.924247 -420.778898 -42079338.230813 -1210.471953 -316.955256 -501.341110 -1733.815379 -558.862724 -668.365746 -450.502109 -390.494788 -503.029859 -426.948084 106.304655 117.975060 -1305.334120 -1751.308532 -1117.746640 -1029.522334 -9999.0 -9999.0 -9999.0 -9999.0 -9999.0 -9999.0 -9999.0 -9999.0 -9999.0 -9999.0 -9999.0 -9999.0 -9999.0 -9999.0 -9999.0 -9999.0 -9999.0 -9999.0 -9999.0 -9999.0 -9999.0 -9999.0 -9999.0 -9999.0
-9999.0 -9999.0 -9999.0 -9999.0 -9999.0 -9999.0 -9999.0 -9999.0 -9999.0 -9999.0 -9999.0 -9999.0 -9999.0 116.833994 -219.099408 -573.436720 -913.116670 -1032.284295 -1069.002003 -861.956669 -569.062197 -1121.021795 -1802.293258 -497.617639 -535.014665 100.710783 -30171495.136751 66.725216 -476.877516 -477.437073 6103.707635 137.138687 138.228171 143.839931 -896.385333 -946.114794 -9999.0 -9999.0 -9999.0 -9999.0 -9999.0 -9999.0 -9999.0 -9999.0 -9999.0 -9999.0 -9999.0 -9999.0 -9999.0 -9999.0 -9999.0 -9999.0 -9999.0 -9999.0 -9999.0 -9999.0 -9999.0 -9999.0 -9999.0 -9999.0
-9999.0 -9999.0 -9999.0 -9999.0 -9999.0 -9999.0 -9999.0 -9999.0 -9999.0 -9999.0 -9999.0 -9999.0 -9999.0 119.948800 -265.080923 -683.916733 -690.400355 101.502886 -1632.129232 -1248.588173 -1062.616066 -292.008881 -552.028947 -583.851721 -338.458115 -336.800489 101.655819 -967.606423 -954.438966 -129.582497 46.439268 112.963281 -927.428478 -921.473148 -917.107256 -9999.0 -9999.0 -9999.0 -9999.0 -9999.0 -9999.0 -9999.0 -9999.0 -9999.0 -9999.0 -9999.0 -9999.0 -9999.0 -9999.0 -9999.0 -9999.0 -9999.0 -9999.0 -9999.0 -9999.0 -9999.0 -9999.0 -9999.0 -9999.0 -9999.0
-9999.0 -9999.0 -9999.0 -9999.0 -9999.0 -9999.0 -9999.0 -9999.0 -9999.0 -9999.0 -9999.0 -9999.0 -9999.0 -338.186904 522.444121 -561.774617 -552.319812 -710.896256 -1560.744142 -755.042544 105.438920 -238080.722496 -250.986332 -435.395359 -337.552282 -61.706627 -1143.280634 -1049.841273 111.741725 -1029.215240 116.169936 -922.611560 -918.614657 -897.458826 -898.208770 -9999.0 -9999.0 -9999.0 -9999.0 -9999.0 -9999.0 -9999.0 -9999.0 -9999.0 -9999.0 -9999.0 -9999.0 -9999.0 -9999.0 -9999.0 -9999.0 -9999.0 -9999.0 -9999.0 -9999.0 -9999.0 -9999.0 -9999.0 -9999.0 -9999.0
-9999.0 -9999.0 -9999.0 -9999.0 -9999.0 -9999.0 -9999.0 -9999.0 -9999.0 -9999.0 -9999.0 -9999.0 -373.765474 4195.402668 -265.467657 29.130849 -153.083109 -459.781920 -121.674314 -600699.854904 -596.174429 -314.016034 -295.723506 -217.528210 2151.702887 102.126542 678.980895 111.188470 134.997506 -916.160213 108.085614 -936.334114 128.954611 -924.713592 -9999.0 -9999.0 -9999.0 -9999.0 -9999.0 -9999.0 -9999.0 -9999.0 -9999.0 -9999.0 -9999.0 -9999.0 -9999.0 -9999.0 -9999.0 -9999.0 -9999.0 -9999.0 -9999.0 -9999.0 -9999.0 -9999.0 -9999.0 -9999.0 -9999.0 -9999.0
-9999.0 -9999.0 -9999.0 -9999.0 -9999.0 -9999.0 -9999.0 -9999.0 -9999.0 -9999.0 -9999.0 129.900555 48.570536 129.439065 28.359794 125.955679 -1559703.244597 -239.340859 98.088712 -6516299.300431 73.912685 12.278648 124.801313 113.905668 95.376569 127.851665 107.340757 120.483293 2130.571728 -921.787093 -937.682391 126.219706 -930.881207 -953.081510 -989.315592 -1045.032783 -1082.565818 -1929.493828 -407.092238 -9999.0 -9999.0 -9999.0 -5862.529000 -9999.0 -9999.0 -9999.0 -9999.0 -9999.0 -9999.0 -9999.0 -9999.0 -9999.0 -9999.0 -9999.0 -9999.0 -9999.0 -9999.0 -9999.0 -9999.0 -9999.0
-9999.0 -9999.0 -9999.0 -9999.0 -9999.0 -9999.0 -9999.0 -9999.0 -9999.0 -9999.0 -9999.0 118.616798 44.498457 89.636899 29.630839 112.403923 -156.946284 -583.266956 93.474956 90.646705 113.556484 117.296525 126.809893 109.700727 118.110900 124.851261 113.891104 124.725198 -841.652121 -926.896708 117.891261 143.494536 97.997075 114.491346 -84.492775 -394.830972 -1627.394437 -3359.157932 -3374.704576 -5854.820197 -4091.730652 -1299.917222 89.053698 -1111.672013 -9999.0 -9999.0 -9999.0 114.523645 119.148445 -927.814519 124.520926 -918.281705 -886.421421 116.152344 136.339357 -867.959524 -9999.0 -9999.0 -9999.0 -9999.0
-9999.0 -9999.0 -9999.0 -9999.0 -9999.0 -9999.0 -9999.0 -9999.0 -9999.0 -9999.0 -9999.0 137.621669 112.121385 122.192214 131.864584 122.498932 75.104467 91.165397 88.532485 71.723204 58.599322 93.149546 81.975840 124.669606 121.809170 -1049.520715 58.502193 2083.451896 -1022.849541 117.413842 -981.707349 122.567772 101.155617 97.731473 -1136.418512 -806.174869 -2490.584051 -5084.825802 -4321.279250 -8953.252799 -2784.183398 -169.440192 -264.499140 97.003825 104.002513 -9999.0 -940.343862 124.373830 124.601792 126.886817 25.494245 -855.626894 30.089352 123.569445 50.908518 135.373998 -9999.0 -9999.0 -9999.0 -9999.0
-9999.0 -9999.0 -9999.0 -9999.0 -9999.0 -9999.0 -9999.0 -9999.0 -9999.0 -9999.0 -9999.0 -9999.0 136.204292 135.873783 116.606965 123.822366 98.410721 82.952330 118.659283 72.159388 77.535762 97.078921 99.085712 75.840707 114.338755 61.510159 1417.046451 -3.445938 127.759299 -973.598034 113.247748 77.039862 -47.226710 102.989395 -114.653458 -751.192056 -2546.987632 -3353.861473 -3539.676747 -831.285978 -1892.689173 -4990.701050 -468.242365 90.847782 -1285.159041 113.894953 -951.793770 117.831021 96.456628 77.837882 39.877000 175.734791 659.534211 187.973454 158.918953 152.438498 132.392397 -9999.0 -9999.0 -9999.0
-9999.0 -9999.0 -9999.0 -9999.0 -9999.0 -9999.0 -9999.0 -9999.0 -9999.0 -9999.0 -9999.0 124.179075 117.315407 4.746785 95.799814 76.305553 82.920566 91.664693 112.273177 -296.951368 78.397670 89.546401 81.205755 93.176029 60.108847 72.925310 77.835503 114.256864 111.183217 -1001.776514 51.001314 95.288075 100.392617 101.262034 96.286068 -449.384877 -2080.759789 -4353.592554 -2206.631705 -3253.985513 -3259.041090 -2250.676877 -391.865642 -74767.938054 94.545916 101.824819 127.311334 -1106.796058 -1117.819713 -246.558303 -6057511.116701 117.748825 112.377472 -5859.004318 -6854.303649 -929.634931 -814.331777 -9999.0 -9999.0 -9999.0
-9999.0 -9999.0 -9999.0 -9999.0 -9999.0 -9999.0 -9999.0 -9999.0 -9999.0 -9999.0 1439.716517 92.490908 119.444384 118.916428 116.322005 1257.777598 1270.334395 77.546672 -456.070125 -400.995533 92.401996 92.815763 97.817625 105.048097 55.711825 1466.008109 110.504362 -143197.738668 5.445000 109.484033 104.652076 288.747706 107.898315 108.170575 -947.005052 -1013.246630 -830.953344 -2277.186600 -2160.695984 -2230.573194 -2950.312423 -37176.303627 -581.459818 -528.167229 -202.381633 -1314.478625 108.675219 82.698105 64.087080 42.522305 -162957.006063 -1007.614198 -30111.849946 -929.193084 -897.176497 138.162859 143.262425 -9999.0 -9999.0 -9999.0
-9999.0 -9999.0 -9999.0 -9999.0 -9999.0 -9999.0 -9999.0 -9999.0 -9999.0 126.057182 131.225308 94.334759 77.911609 95.173795 73.941418 84.790454 67.043767 105.770852 -257.345848 -550.302480 80.000573 -401.285638 90.480261 -301.660292 51.003221 104.790417 100.357353 108.378343 78.318630 49.244808 41.872285 -117.479749 -989.393152 -960.078374 -994.506387 -1017.300187 96.497086 -659.105841 -2137.602530 -427.991352 -519.402939 -472.163613 -420.301918 -1193.868841 -348.161314 -166.526208 94.610661 -191.923499 64.603505 41.414379 -179.289957 -937.700567 -900.665979 -832.998832 -843.538642 155.633594 187.608916 -305.555329 -726.262579 -9999.0
-9999.0 -9999.0 -9999.0 -9999.0 -9999.0 -9999.0 -9999.0 -9999.0 -9999.0 49.745377 129.951282 116.099760 3007.227744 56.794876 62.074847 63.241355 115.114802 57.128843 -282.514761 -547.268756 -495.116327 -590.773160 -241.733979 80.941703 104.257874 49.773787 52.632072 52.451964 -205.632343 65.881844 95.917596 104.962918 125.735056 112.499738 115.278397 -1330.955943 -1368.123379 -1245.909616 90.258660 97.418793 -210.386692 -64.742070 -717.778212 -376.077671 -577.601191 -628.059343 -496.809370 -813.698176 -392.716885 45.357759 -111.154446 99.785091 -761.737697 132.370225 -250.848613 95.127705 191.043235 122.817051 -381.890486 -9999.0
-9999.0 -9999.0 -9999.0 -9999.0 -9999.0 -9999.0 -9999.0 -9999.0 -9999.0 -9999.0 124.592955 129.394942 82.197023 1634.357982 76.355464 61.657963 67.800715 47.097434 -322.545318 -521.903654 -334.616294 82.031930 85.390570 107.006307 47.273166 48.242512 51.149446 46.936353 99.584217 96.535048 108.375582 2850.944185 115.980030 117.940405 120.421843 113.310054 93.028394 96.178621 -1099.170993 112.134430 94.535012 96.965800 3051.499744 75.312506 91.568998 -178.373367 84.416374 -291.356014 -481.176619 75.334043 -116.661754 -164.568320 -917.435821 -842.743380 124.709607 129.116252 139.575206 11395.140552 156.778528 59.705563
-9999.0 -9999.0 -9999.0 -9999.0 -9999.0 -9999.0 -9999.0 -9999.0 -9999.0 -9999.0 131.550202 124.677046 112.357362 79.491407 69.963719 -173.239442 72.663543 -338.149234 -640.510943 -591.399768 -717.375145 -465.566953 -205.593474 -188.360220 52.049762 -213.358732 -145.956795 102.255350 105.759145 102.583243 118.989664 146.170172 -630856.010550 112.940886 111.118593 110.906087 2434.454125 49.486588 81.172325 111.208800 116.449007 -323.874936 89.376658 107.652031 110.912207 -122.235397 67.556632 93.135633 92.026629 71.070424 102.460064 100.813275 80.291803 -807.259820 -616.487779 -695.635357 104.382870 84.453742 242.995693 134.971906
-9999.0 -9999.0 -9999.0 -9999.0 -9999.0 -9999.0 -9999.0 -9999.0 118.614644 115.167095 -8.668109 127.021235 185.659209 85.870863 98.279418 -247.482209 -526.725393 -514.211043 -797.774878 -684.219222 -1041.689493 -1008.146731 -775.468097 -707.612779 -559.415111 -265.852744 87.922959 102.960363 107.049457 134.592462 -1029.541434 126.300298 125.884564 115.783468 130.673153 95.551137 105.770496 58.117746 95.498248 -1034.912586 -1015.060129 132.289783 -154289.949675 -996.682420 -1044.344033 1509.346460 100.838441 74.632298 92.959024 40.155763 98.254659 -106.373797 85.709478 105.583987 -945.193917 28.131466 -335.347915 101.468471 75.134926 153.854053
-9999.0 -9999.0 -9999.0 -9999.0 -9999.0 -9999.0 -9999.0 -9999.0 -2.914071 85.846064 120.783028 114.833511 110.647767 1258.594430 92.081391 79.779504 -172.594126 -410.829214 -1061.718851 -903.945434 -629.333675 -1070.758371 -644.164101 -781.615979 -1109.865885 -365.936898 84.525022 87.514095 -191128.190533 122.074593 121.162607 -1154.833758 142.369326 -1123.492151 130.152181 111.469383 123.389274 74.839460 88.772425 117.812618 119.801444 -77.672908 -1000.476481 116.541879 1852.692386 92.668578 -14986.226423 112.326715 85.585594 80.442644 57.430208 74.452524 114.055237 107.945652 13.852275 -150879.010218 78.353118 79.754382 72.450393 56.687126
-9999.0 -9999.0 -9999.0 -9999.0 -9999.0 -9999.0 -9999.0 -9999.0 114.841081 2184.678513 105.041412 113.928738 199.073156 -416390.146838 71.649739 94.837479 -277.586178 -707.253124 -1264.725015 -559.360560 -1098.848454 -1165.819513 -1129.547404 -1398.506665 -639.587763 -317.821265 84.657608 98.403278 -139193.078357 120.518812 -1208.642037 131.130316 85.660853 -201.288061 126.485679 143.468092 101.041689 82.596982 112.641632 102.290060 129.546506 -1064.125122 124.599506 1867.747582 89.075587 124.078767 -1104.229287 112.599047 66.409567 83.071850 42.173608 93.261512 109.522521 88.576666 81.112490 84.761196 66.172373 60.884368 71.823762 86.342094
-9999.0 -9999.0 -9999.0 -9999.0 -9999.0 -9999.0 -9999.0 -9999.0 -1027.503220 117.308734 92.966749 -199119.685156 122.690751 61.874004 -113.628806 63.161882 -282.401099 -1129.018932 -497.668009 -1120.117949 -1008.994814 -1052.371416 -1049.635404 -909.541945 -711.549348 -205.854781 90.052089 106.861539 104.813302 93.424940 95.638858 105.396573 -188.725647 103.091415 -199.739091 100.757898 99.663972 61.586912 101.057647 91.578290 108.225839 117.955081 122.630987 -1112.272672 109.803842 -1104.744689 12.179941 -1066.348316 91.097358 67.713072 69.343439 59.064502 89.511713 39.700717 65.978892 70.825949 88.438374 161.981341 58.968797 -280.628237
-9999.0 -9999.0 -9999.0 -9999.0 -9999.0 -9999.0 -9999.0 -9999.0 102.593404 114.067293 2897.202084 103.010230 113.491435 98.630446 77.083371 -150.561149 -194.820102 -280.400173 -208.491702 -422.846816 -1023.355059 -991.622897 -918.877611 -797.105745 -734.327955 -372.663482 69.230294 62.105005 52.541276 73.572518 101.462489 74.117359 103.810695 83.295858 82.564932 83.216578 78.234495 63.812035 115.781342 73.838471 82.637910 -178.404084 102.226169 -182.016575 84.013940 111.915118 83.821180 96.854007 64.098387 67.903825 72.935891 -451.959792 68.434506 46.560156 207.782564 196.103288 58.879813 59.164994 62.504611 68.821381
-9999.0 -9999.0 -12.144474 121.304119 765.636252 66.877047 154.959598 129.346633 122.371104 125.549267 81.201277 94.726585 101.907361 69.542186 -66.500953 -143.020989 88.411984 90.454457 64.116187 -109.433753 -591.520653 -874.678265 -540.709184 -1233.049321 -725.970339 -751.885800 -454.957976 -315.875795 -176.122696 81.222191 73.180596 78.264626 120.278761 90.416391 58.934128 71.422547 46.843835 75.591543 107.403180 95.815610 77.290442 84.247865 115.518403 82.068151 93.891135 79.233324 55.474005 66.289973 62.653217 -220.041184 -465.469444 -545.830011 47.083549 58.535128 60.361341 99.959195 92.022213 54.487384 76.405982 78.634069
-9999.0 67.508206 74.234384 69.806800 54.841510 111.019409 153.138241 133.593362 134.040177 128.169944 76.195100 95.926781 72.380580 103.546632 71.184222 97.288697 76.548335 83.635972 39.991307 -143.111126 -801.436052 -267.771986 91.956221 -853.331930 -1042.384783 -1152.809632 -845.133439 -813.550998 -189.983836 -225.424386 -816.301827 -394.942444 71.042045 90.504873 55.119778 -353.904081 -133.508175 -115.204086 64.054763 49.666981 52.206883 62.422235 93.537007 75.506172 -206.690172 -286.171371 -238.783901 -344.888390 -217.999502 -599.713055 -338.202239 57.107608 85.597908 96.606707 92.830621 80.184533 90.765882 83.711208 67.859845 87.326645
