erum2020/resources/simulation/Vinschgau/output-maps/psiL0007N1036.asc
ncols         63
nrows         48
xllcorner     598000.000000
yllcorner     5145000.000000
cellsize      1000.000000
NODATA_value  -9999.0
[rows 0 to 25 of 48, columns 0 to 57 of 63]
-9999.0 -9999.0 -9999.0 -9999.0 -9999.0 -9999.0 -9999.0 -9999.0 -9999.0 -9999.0 -9999.0 -9999.0 -9999.0 -9999.0 -9999.0 -9999.0 -9999.0 -9999.0 -9999.0 -9999.0 -9999.0 -9999.0 -9999.0 -9999.0 -9999.0 -9999.0 -9999.0 -9999.0 -9999.0 -9999.0 -9999.0 -9999.0 -9999.0 -9999.0 -9999.0 -9999.0 -9999.0 -9999.0 -9999.0 -9999.0 -9999.0 -9999.0 -9999.0 -9999.0 -9999.0 -9999.0 -9999.0 -9999.0 -9999.0 -9999.0 -9999.0 -9999.0 -9999.0 -9999.0 -9999.0 -9999.0 -9999.0 -9999.0
-9999.0 -9999.0 -9999.0 -9999.0 -9999.0 -9999.0 -9999.0 -9999.0 -9999.0 -9999.0 -9999.0 -9999.0 -9999.0 -9999.0 -9999.0 -9999.0 -9999.0 -9999.0 -9999.0 -9999.0 -9999.0 -9999.0 -9999.0 -9999.0 -9999.0 -9999.0 -9999.0 -568.195239 -136.214550 -566.459187 -127.851774 -373.972875 -60.742534 -9999.0 -9999.0 -9999.0 -9999.0 -9999.0 -9999.0 -9999.0 -9999.0 -9999.0 -9999.0 -9999.0 -9999.0 -9999.0 -9999.0 -9999.0 -9999.0 -9999.0 -9999.0 -9999.0 -9999.0 -9999.0 -9999.0 -9999.0 -9999.0 -9999.0
-9999.0 -9999.0 -9999.0 -9999.0 -9999.0 -9999.0 -9999.0 -9999.0 -9999.0 -9999.0 -9999.0 -9999.0 -9999.0 -9999.0 -9999.0 -9999.0 -9999.0 -9999.0 -9999.0 -9999.0 -9999.0 -9999.0 -9999.0 -9999.0 -37.309526 -41.693904 -35.350864 -33.023178 -26.602296 -86.159849 -155.654811 -9999.0 -9999.0 -9999.0 -9999.0 -9999.0 -9999.0 -9999.0 -9999.0 -9999.0 -9999.0 -9999.0 -9999.0 -9999.0 -9999.0 -9999.0 -9999.0 -9999.0 -9999.0 -9999.0 -9999.0 -9999.0 -9999.0 -9999.0 -9999.0 -9999.0 -9999.0 -9999.0
-9999.0 -9999.0 -9999.0 -9999.0 -9999.0 -9999.0 -9999.0 -9999.0 -9999.0 -9999.0 -9999.0 -9999.0 -9999.0 -9999.0 -9999.0 -9999.0 -9999.0 -9999.0 -9999.0 -9999.0 -9999.0 -9999.0 -9999.0 -43.612915 -35.395316 -479.819829 -397.773160 -20979.647519 -14916.679654 -164.815981 -146.747071 -157.845090 -9999.0 -9999.0 -9999.0 -9999.0 -9999.0 -9999.0 -9999.0 -9999.0 -9999.0 -9999.0 -9999.0 -9999.0 -9999.0 -9999.0 -9999.0 -9999.0 -9999.0 -9999.0 -9999.0 -9999.0 -9999.0 -9999.0 -9999.0 -9999.0 -9999.0 -9999.0
-9999.0 -9999.0 -9999.0 -9999.0 -9999.0 -9999.0 -9999.0 -9999.0 -9999.0 -9999.0 -9999.0 -9999.0 -9999.0 -9999.0 -9999.0 -9999.0 -9999.0 -9999.0 -73.665458 -48.000415 -9999.0 -37.531860 -35.139450 -14988.436387 -331.328718 -17379.309094 -129.982249 -38.941650 128.355103 -320.628144 -130.791526 -127.609949 -565.135590 -563.663069 -9999.0 -9999.0 -9999.0 -9999.0 -9999.0 -9999.0 -9999.0 -9999.0 -9999.0 -9999.0 -9999.0 -9999.0 -9999.0 -9999.0 -9999.0 -9999.0 -9999.0 -9999.0 -9999.0 -9999.0 -9999.0 -9999.0 -9999.0 -9999.0
-9999.0 -9999.0 -9999.0 -9999.0 -9999.0 -9999.0 -9999.0 -9999.0 -9999.0 -9999.0 -9999.0 -9999.0 -9999.0 -9999.0 -9999.0 -9999.0 -9999.0 -902.676408 -980.725305 -18435.895755 -569.202971 -283.109297 -300.305092 -5925.551538 -150.606108 -274.617144 -308.049682 -206.088731 -282.631430 -175.665577 -29.203034 -98.604611 -565.185510 -564.719051 -555.134578 -555.404121 -9999.0 -9999.0 -9999.0 -9999.0 -9999.0 -9999.0 -9999.0 -9999.0 -9999.0 -9999.0 -9999.0 -9999.0 -9999.0 -9999.0 -9999.0 -9999.0 -9999.0 -9999.0 -9999.0 -9999.0 -9999.0 -9999.0
-9999.0 -9999.0 -9999.0 -9999.0 -9999.0 -9999.0 -9999.0 -9999.0 -9999.0 -9999.0 -9999.0 -9999.0 -9999.0 -126.158461 -222.856338 -602.941009 -1025.454103 -591.694122 -876.883189 -14101.532193 -341.123450 -351.226875 -12346.790787 -111.581189 -225.378714 -41.670660 -10026.798837 -6231.554594 -4609.328241 -234.460781 8377.049138 -28.133671 -112.750142 -136.306193 -556.397092 -555.592730 -9999.0 -9999.0 -9999.0 -9999.0 -9999.0 -9999.0 -9999.0 -9999.0 -9999.0 -9999.0 -9999.0 -9999.0 -9999.0 -9999.0 -9999.0 -9999.0 -9999.0 -9999.0 -9999.0 -9999.0 -9999.0 -9999.0
-9999.0 -9999.0 -9999.0 -9999.0 -9999.0 -9999.0 -9999.0 -9999.0 -9999.0 -9999.0 -9999.0 -9999.0 -9999.0 -42.202119 -308.586024 -676.056649 -926.012396 -288.183289 -591.300400 -514.051478 -114314.579441 -569.791349 -352.436545 -240.180196 -229.884250 -4787.818957 -175.762259 -557.425543 -556.534082 -5329.556350 -168.081713 -166.013735 -556.927582 -557.666829 -556.613241 -9999.0 -9999.0 -9999.0 -9999.0 -9999.0 -9999.0 -9999.0 -9999.0 -9999.0 -9999.0 -9999.0 -9999.0 -9999.0 -9999.0 -9999.0 -9999.0 -9999.0 -9999.0 -9999.0 -9999.0 -9999.0 -9999.0 -9999.0
-9999.0 -9999.0 -9999.0 -9999.0 -9999.0 -9999.0 -9999.0 -9999.0 -9999.0 -9999.0 -9999.0 -9999.0 -9999.0 -384.310160 498.851938 -516.116958 -704.479249 -841.469128 -590.982604 -949.707770 -56.330187 -12697.868262 -275.486050 -273.986130 -193.669843 -182.415639 -567.560241 -556.592746 -133.468005 -556.507719 -162.354475 -560.474305 -559.017047 -560.467369 -557.269453 -9999.0 -9999.0 -9999.0 -9999.0 -9999.0 -9999.0 -9999.0 -9999.0 -9999.0 -9999.0 -9999.0 -9999.0 -9999.0 -9999.0 -9999.0 -9999.0 -9999.0 -9999.0 -9999.0 -9999.0 -9999.0 -9999.0 -9999.0
-9999.0 -9999.0 -9999.0 -9999.0 -9999.0 -9999.0 -9999.0 -9999.0 -9999.0 -9999.0 -9999.0 -9999.0 -11107.872011 6795.630442 -263.899831 -174.993049 -418.179786 -606.322257 -341.372819 -17490.133903 -333.406856 -264.984742 -8743.375055 -189.862535 3259.121899 -167.669852 -27.119530 -146.300385 -94.821476 -556.995284 -256.078448 -563.485875 -122.011879 -555.810150 -9999.0 -9999.0 -9999.0 -9999.0 -9999.0 -9999.0 -9999.0 -9999.0 -9999.0 -9999.0 -9999.0 -9999.0 -9999.0 -9999.0 -9999.0 -9999.0 -9999.0 -9999.0 -9999.0 -9999.0 -9999.0 -9999.0 -9999.0 -9999.0
-9999.0 -9999.0 -9999.0 -9999.0 -9999.0 -9999.0 -9999.0 -9999.0 -9999.0 -9999.0 -9999.0 -38.617290 -121.212853 572.739009 -213.780607 -49.828335 -18745.514589 -588.924086 -138.197075 -20501.573168 -25432.689396 -73.210087 -108.386090 -143.118924 -5731.481360 -119.216910 -188.650602 -115.668589 2718.209397 -556.799634 -562.859057 -99.519654 -561.911899 -555.223572 -561.682382 -564.798981 -546.037815 -560.306661 -569.496570 -9999.0 -9999.0 -9999.0 -554.705825 -9999.0 -9999.0 -9999.0 -9999.0 -9999.0 -9999.0 -9999.0 -9999.0 -9999.0 -9999.0 -9999.0 -9999.0 -9999.0 -9999.0 -9999.0
-9999.0 -9999.0 -9999.0 -9999.0 -9999.0 -9999.0 -9999.0 -9999.0 -9999.0 -9999.0 -9999.0 -41.561673 -157.650956 -11049.001970 -259.949610 -164.522071 -497.978415 -1758.141597 -300.069614 -246.266128 -47.579710 -93.073058 -34.689845 -130.669237 -105.531925 -133.437498 -127.550105 -99.186430 -566.535619 -556.318757 -111.408947 -71.330907 -153.626603 -138.160767 -305.927792 -300.720131 -449.687536 -538.354048 -552.543062 -564.249874 -563.459462 -561.843221 -149.781518 -557.740877 -9999.0 -9999.0 -9999.0 617.928390 -156.319529 -563.945797 -133.892820 -562.036152 -561.612890 606.553029 677.168597 -555.863572 -9999.0 -9999.0
-9999.0 -9999.0 -9999.0 -9999.0 -9999.0 -9999.0 -9999.0 -9999.0 -9999.0 -9999.0 -9999.0 -27.978207 -46.941650 -3674.692251 -207.592262 -106.884183 -109.049372 -489.865460 -60.937094 -303.668371 -335.299786 -4067.383962 -148.891148 -31.007933 -141.219305 -566.969970 -139.285663 -14.450202 -557.620111 -153.310562 -556.358409 -2814.862293 -121.116628 -168.293352 -559.785621 -408.047087 -352.569884 -10512.967900 -550.936342 -565.592623 -561.580944 -566.251475 -244.248830 -151.605781 -176.190212 -9999.0 -557.001991 -134.432699 -113.833067 -98.471887 -222.297263 -567.451133 -219.770502 -93.441519 -192.113941 -119.425592 -9999.0 -9999.0
-9999.0 -9999.0 -9999.0 -9999.0 -9999.0 -9999.0 -9999.0 -9999.0 -9999.0 -9999.0 -9999.0 -9999.0 -34.297152 -197.386596 -39.315858 -39.921292 -281.656602 -534.628309 -249.222315 -277.094810 -351.757157 -4894.979449 -6559.527562 -130.183529 -131.198660 -144.503908 -3.299060 -312.930413 -129.467450 -564.840115 -119.296537 -117.326827 -359.313475 -147.358420 -217.000867 -422.902333 -693.266867 -6620.059904 -339.394483 -569.654679 -474.944233 -569.003799 -7038.710418 -35.319722 -565.267830 -137.023956 -562.549692 -139.644174 -5161.905217 -125.550367 -198.028165 -61.966695 1349.022832 -114.879149 -85.535989 -31.750796 -26.440157 -9999.0
-9999.0 -9999.0 -9999.0 -9999.0 -9999.0 -9999.0 -9999.0 -9999.0 -9999.0 -9999.0 -9999.0 -159.184632 -45.085288 -282.619437 -126.402010 -139.481384 -109.524187 -296.618533 -54.054538 -500.742410 -381.262794 -263.124608 -121.987494 -5740.306730 -148.534248 -111.759237 -151.489288 -153.685164 -164.879924 -565.650053 -144.178244 -98.319486 -90.140991 -134.653488 -192.159115 -253.253946 -563.142273 -9451.590989 -1002.946939 -550.068513 -10121.882127 -1422.557788 -278.054640 -10480.681092 -108.881391 -153.307315 -100.738298 -566.504237 -568.017539 -8776.526219 -7905.584415 -155.257445 -100.153465 -6896.349223 -7003.082803 -561.232145 -564.744040 -9999.0
-9999.0 -9999.0 -9999.0 -9999.0 -9999.0 -9999.0 -9999.0 -9999.0 -9999.0 -9999.0 2908.124210 -128.235184 -33.737352 -36.552130 -38.707248 -38.741505 -38.724912 -279.598025 -650.402303 -483.631865 -170.584396 -18.996244 -4054.139180 -37.532628 -136.037112 2843.091966 -3740.586226 -8917.994906 -268.893724 -107.319772 -103.416718 -30.393246 -116.646835 -142.350511 -556.335321 -563.505466 -421.604065 -368.038643 -1859.047985 -212.570857 -3181.271331 -9449.299451 -584.195509 -118.614298 -168.050539 -567.980150 -113.492559 -6476.268603 -126.897783 -126.606762 -8791.281828 -558.844627 -7140.435991 -561.130708 -559.844005 -108.812979 -110.201326 -9999.0
-9999.0 -9999.0 -9999.0 -9999.0 -9999.0 -9999.0 -9999.0 -9999.0 -9999.0 -136.143727 -130.315717 -144.679205 -122.249904 -146.327246 -160.251429 -115.721483 -127.156446 -44.029540 -682.522837 -570.124461 -216.148017 -448.872037 -4524.906168 -215.567991 -164.324371 -3050.474770 -170.984622 -104.352835 -5209.866616 -141.633599 -115.373167 -123782.206725 -557.553629 -556.626946 -556.842513 -556.811962 -124.632199 -278.139146 -311.099334 -236.820975 -368.291039 -268.413078 -3129.435044 -362.264807 -2187.218458 -4377.272175 -89.942186 -6178.913707 -5405.738147 -165.553617 -8669.932400 -564.451318 -562.382946 -559.185338 -560.989335 -3955.344250 -86.175410 -565.635490
-9999.0 -9999.0 -9999.0 -9999.0 -9999.0 -9999.0 -9999.0 -9999.0 -9999.0 -219.751036 -132.946448 -128.723357 5977.673461 -146.890521 -165.294649 -155.977618 -39.580017 -128.787351 -882.977179 -346.849624 -294.355961 -161.712725 0.634604 -57.133659 -2672.181972 -176.373393 -152.400390 -139.456426 -132.571068 -216.514808 -316.045777 -5109.282469 -120.945303 -145.726786 -109.744587 -565.044422 -566.942414 -568.150439 -247.670223 -116.388453 -141.792899 -2399.559326 -267.942413 -138.315138 -330.317398 -183.662139 -175.243609 -5098.597878 -4781.894666 -123.659927 -140490.184196 -6732.626477 -557.026055 -150.486757 -559.591117 -102.830615 -3387.469109 -105.379790
-9999.0 -9999.0 -9999.0 -9999.0 -9999.0 -9999.0 -9999.0 -9999.0 -9999.0 -9999.0 -136.342968 -110.567016 -110.752949 1989.940962 -3989.540420 -167.289157 -134.592228 -146.761781 -1113.795146 -438.731249 -253.074607 -13143.140758 -217.631176 -2090.958908 -172.353337 -155.110422 -140.380805 -71.728264 -303.223356 -235.409135 -2937.188818 5331.142783 -3378.873968 -145.225284 -99.013127 -80.299616 -53.575086 -36.690900 -567.484273 -145.455635 -196.780618 -33.957218 5613.213555 -1869.523116 -1408.271362 -222.195515 -1499.029692 -92.019917 -5725.631880 -3700.206164 -150364.683112 -8552.577580 -562.712620 -556.696524 -51.536686 -137.670527 -25.323007 10975.526718
-9999.0 -9999.0 -9999.0 -9999.0 -9999.0 -9999.0 -9999.0 -9999.0 -9999.0 -9999.0 -126.604183 -121.682183 -35.346961 -112.929923 340.772001 -363.581107 -313.307186 -550.027000 -647.401103 -799.276203 -821.465738 -531.427394 -280.714534 -204.402797 -169.577876 -129.026218 327.999384 -240.451952 -286.049029 -2331.704204 -141.744569 -26.955245 -9070.552468 -162.654913 -145.745840 -28.816319 2876.930704 -123.227178 -5893.022283 -157.565903 -119.250083 -570.073305 -103.561517 -140.255013 -156.236628 -74075.592240 -104.266907 -1451.406232 -1927.053434 -604.992277 -9083.097625 -5810.735698 -118.351014 -563.673489 -555.095662 -563.399602 -165.057200 -2911.260432
-9999.0 -9999.0 -9999.0 -9999.0 -9999.0 -9999.0 -9999.0 -9999.0 -29.049030 -119.894504 -346.046290 -26.509637 -59.572544 -107.033399 -328.311252 -248.983867 -761.768533 -158.466324 -489.801520 -942.455206 -999.973464 -1419.569900 -995.044642 -552.439475 -209.369196 -59.568985 59.027099 -267.488644 -100.272033 -3993.905042 -557.642148 -130.128528 -125.102637 -143.962443 -115.500512 -191.851674 -110.230249 -117.265630 -3940.074791 -567.119612 -560.551796 -27.567883 -8016.974656 -559.011789 -570.506614 -25.178251 -2806.955374 -103.505784 -1593.827121 25.962110 -278.189245 -144655.756423 -112.012956 -5422.031595 -563.765748 -202.496456 -566.812306 -35.036290
-9999.0 -9999.0 -9999.0 -9999.0 -9999.0 -9999.0 -9999.0 -9999.0 -314.082266 -119.797409 -6789.499092 -149.175647 -138.629485 -25.638426 -293.028902 -224.752565 -389.883844 -513.180907 -148284.916876 -955.262850 -334.000890 -416.168138 -433.202492 -151.135478 -941.943617 -419.240772 -147.070467 -97.869184 -8372.033765 -123.859319 -128.867792 -567.238080 -104.295735 -567.853398 -25.778870 -31.952671 -72.271084 -104.213839 -4455.525561 -113.519510 -143.579650 -550.392431 -559.005265 -110.425138 2610.759882 -103.021861 -8159.710423 -128.631016 -2187.607293 -218.578682 -101.817722 -108.933729 -337.444282 -104.110395 -228.536344 -9903.103477 -5321.104949 -4054.927861
-9999.0 -9999.0 -9999.0 -9999.0 -9999.0 -9999.0 -9999.0 -9999.0 -141.658393 -13.707697 -380.163228 -5569.132970 -25.712427 -7758.878849 -135.449674 -4365.777506 -402.590941 -329.649436 -2651.377832 -365.252199 -965.511533 -494.008609 -474.373208 -714.950107 -379.036943 -431.235530 -201.555621 -296.916373 -9167.642858 -113.507589 -567.969735 -27.397783 -127.597725 -8788.758260 -29.564669 -61.577196 -4132.364685 -525.520364 -2648.236805 -4724.995506 -121.760044 -567.987424 -29.776894 -21.870234 -113.542508 -33.005406 -567.106320 -30.886965 -115.475580 -1246.956467 -222.785844 -256.576128 -6676.746025 -5602.168888 -5143.157251 -96.007389 -47.660312 -52.651973
-9999.0 -9999.0 -9999.0 -9999.0 -9999.0 -9999.0 -9999.0 -9999.0 -555.960089 -112.006950 732.644260 -9532.228313 -25.452255 -119.783725 -140973.241184 -230.451920 -44841.546422 -1840.592136 -325.365090 -964.057196 -881.424297 -783.846249 -477.753978 -595.067486 -651.099188 -317.513870 -234.925963 -4751.112456 -32.521358 -6720.085922 -5735.003347 -5860.466994 -11979.808816 -103.774480 -9035.915425 -158.762333 -126.182586 -443.431173 -937.058096 -3688.133065 -129.105526 -105.623176 -102.332254 -570.194145 -37.179683 -568.982556 -252.096410 -567.866728 -175.662999 -5516.335878 -209.805348 -205.623575 -236.690067 -163.955428 -73.576164 31.122202 -148.655000 -269.785400
-9999.0 -9999.0 -9999.0 -9999.0 -9999.0 -9999.0 -9999.0 -9999.0 -44.731305 -27.717953 5435.939327 -5280.270512 -5427.547272 -400.900250 -49.706166 -47.158328 -73.393575 -393.638960 -314.602763 -517.992157 -787.978187 -647.112752 -792.510734 -859.931087 -157.186431 -371.984244 -386.119206 -150.386589 -138.324116 -118.765499 -2498.279376 -109.276269 -430.028250 -65.866428 -2568.525828 -2805.854390 -4766.457904 -772.404062 -14214.687015 -50.109669 -2255.410418 -8545.554106 -3108.532114 -8660.628671 -4958.810481 -112.260615 -4483.180578 -5561.800523 -4758.445115 -3167.454552 -2206.356014 -367.636342 -234.569736 -149.491481 77.378123 381.162611 -20.313120 -186.161083
-9999.0 -9999.0 -310.358453 -31.402574 -23.815971 -150.280257 -94.697556 -120.486949 -26.709325 -26.155347 -104.663235 1013.449922 -365.088676 -87.385241 39.440444 34.122688 -1477.159615 -253.959882 -122.760620 -244.350544 -550.173714 -611.829477 -271.274546 -1066.549704 -747.319734 -527.125436 -369.915322 -323.107655 -315.793256 -19.849378 -243.683896 -243.673153 -37.648516 -345.409166 -120.071034 -546.827916 -165.102684 -2353.204134 -41370.097867 -12510.823513 -8844.630899 -6719.174945 -8429.155877 -216.683640 -1688.395560 -2871.376706 -74.529833 -237.685704 -3566.177256 -210.881100 -268.981906 -342.757274 -122.845901 -55.811134 118.857564 76.913971 -72.334201 -206.657963
