erum2020/resources/simulation/Vinschgau/output-maps/psiL0002N1002.asc
ncols         63
nrows         48
xllcorner     598000.000000
yllcorner     5145000.000000
cellsize      1000.000000
NODATA_value  -9999.0
[rows 0 to 24 of 48, columns 0 to 55 of 63]
-9999.0 -9999.0 -9999.0 -9999.0 -9999.0 -9999.0 -9999.0 -9999.0 -9999.0 -9999.0 -9999.0 -9999.0 -9999.0 -9999.0 -9999.0 -9999.0 -9999.0 -9999.0 -9999.0 -9999.0 -9999.0 -9999.0 -9999.0 -9999.0 -9999.0 -9999.0 -9999.0 -9999.0 -9999.0 -9999.0 -9999.0 -9999.0 -9999.0 -9999.0 -9999.0 -9999.0 -9999.0 -9999.0 -9999.0 -9999.0 -9999.0 -9999.0 -9999.0 -9999.0 -9999.0 -9999.0 -9999.0 -9999.0 -9999.0 -9999.0 -9999.0 -9999.0 -9999.0 -9999.0 -9999.0 -9999.0
-9999.0 -9999.0 -9999.0 -9999.0 -9999.0 -9999.0 -9999.0 -9999.0 -9999.0 -9999.0 -9999.0 -9999.0 -9999.0 -9999.0 -9999.0 -9999.0 -9999.0 -9999.0 -9999.0 -9999.0 -9999.0 -9999.0 -9999.0 -9999.0 -9999.0 -9999.0 -9999.0 428352.090541 1155545.927813 663430.995245 1176806.971842 1264395.802364 1138726.637406 -9999.0 -9999.0 -9999.0 -9999.0 -9999.0 -9999.0 -9999.0 -9999.0 -9999.0 -9999.0 -9999.0 -9999.0 -9999.0 -9999.0 -9999.0 -9999.0 -9999.0 -9999.0 -9999.0 -9999.0 -9999.0 -9999.0 -9999.0
-9999.0 -9999.0 -9999.0 -9999.0 -9999.0 -9999.0 -9999.0 -9999.0 -9999.0 -9999.0 -9999.0 -9999.0 -9999.0 -9999.0 -9999.0 -9999.0 -9999.0 -9999.0 -9999.0 -9999.0 -9999.0 -9999.0 -9999.0 -9999.0 1248365.628377 1227549.817344 1191626.045310 1240375.310205 1226520.917438 1146208.582700 1308905.567961 -9999.0 -9999.0 -9999.0 -9999.0 -9999.0 -9999.0 -9999.0 -9999.0 -9999.0 -9999.0 -9999.0 -9999.0 -9999.0 -9999.0 -9999.0 -9999.0 -9999.0 -9999.0 -9999.0 -9999.0 -9999.0 -9999.0 -9999.0 -9999.0 -9999.0
-9999.0 -9999.0 -9999.0 -9999.0 -9999.0 -9999.0 -9999.0 -9999.0 -9999.0 -9999.0 -9999.0 -9999.0 -9999.0 -9999.0 -9999.0 -9999.0 -9999.0 -9999.0 -9999.0 -9999.0 -9999.0 -9999.0 -9999.0 1237592.063793 726113.027887 -875.624146 -1010.992789 -2737.360462 -450.688993 1240332.964136 1297319.701709 1238789.667075 -9999.0 -9999.0 -9999.0 -9999.0 -9999.0 -9999.0 -9999.0 -9999.0 -9999.0 -9999.0 -9999.0 -9999.0 -9999.0 -9999.0 -9999.0 -9999.0 -9999.0 -9999.0 -9999.0 -9999.0 -9999.0 -9999.0 -9999.0 -9999.0
-9999.0 -9999.0 -9999.0 -9999.0 -9999.0 -9999.0 -9999.0 -9999.0 -9999.0 -9999.0 -9999.0 -9999.0 -9999.0 -9999.0 -9999.0 -9999.0 -9999.0 -9999.0 -321.627218 173990.140734 -9999.0 1238027.164291 466386.381010 -813.137635 -738.615156 -2607.676372 -396.897309 -325.536409 12.308492 19469.652669 1166487.084127 1306003.033193 425130.200757 355115.249962 -9999.0 -9999.0 -9999.0 -9999.0 -9999.0 -9999.0 -9999.0 -9999.0 -9999.0 -9999.0 -9999.0 -9999.0 -9999.0 -9999.0 -9999.0 -9999.0 -9999.0 -9999.0 -9999.0 -9999.0 -9999.0 -9999.0
-9999.0 -9999.0 -9999.0 -9999.0 -9999.0 -9999.0 -9999.0 -9999.0 -9999.0 -9999.0 -9999.0 -9999.0 -9999.0 -9999.0 -9999.0 -9999.0 -9999.0 -2849.971746 -2563.826080 -1495.403922 5350.961344 570715.962696 39386.230683 954.827888 -352.889068 2085.795378 1916825.229592 68808.800341 1709828.109184 918.381407 120086.285535 757768.171562 617668.898752 362179.028294 319653.959189 309550.187900 -9999.0 -9999.0 -9999.0 -9999.0 -9999.0 -9999.0 -9999.0 -9999.0 -9999.0 -9999.0 -9999.0 -9999.0 -9999.0 -9999.0 -9999.0 -9999.0 -9999.0 -9999.0 -9999.0 -9999.0
-9999.0 -9999.0 -9999.0 -9999.0 -9999.0 -9999.0 -9999.0 -9999.0 -9999.0 -9999.0 -9999.0 -9999.0 -9999.0 28371.857322 777.830573 -2053.737933 -2828.222233 -6100.012518 -2803.030854 -2408.042519 -775.519275 -513.483630 -691.519728 -351.470115 15761.006035 976616.010432 509372.212627 1263500.869723 1419242.997334 226407.267642 1212758.698467 1249297.274481 1245955.885599 1241378.322228 1030507.705659 365108.834061 -9999.0 -9999.0 -9999.0 -9999.0 -9999.0 -9999.0 -9999.0 -9999.0 -9999.0 -9999.0 -9999.0 -9999.0 -9999.0 -9999.0 -9999.0 -9999.0 -9999.0 -9999.0 -9999.0 -9999.0
-9999.0 -9999.0 -9999.0 -9999.0 -9999.0 -9999.0 -9999.0 -9999.0 -9999.0 -9999.0 -9999.0 -9999.0 -9999.0 768.099060 -810.372104 -2453.729397 -2774.617350 -719.701284 -6100.317421 -1682.133060 -2786.498235 -796.103758 -767.947137 -487.051426 6622.269753 588209.341668 1197535.685659 636396.487420 477925.609677 1492406.307518 1441062.047047 1212503.657033 470774.225780 -46.698883 289006.666867 -9999.0 -9999.0 -9999.0 -9999.0 -9999.0 -9999.0 -9999.0 -9999.0 -9999.0 -9999.0 -9999.0 -9999.0 -9999.0 -9999.0 -9999.0 -9999.0 -9999.0 -9999.0 -9999.0 -9999.0 -9999.0
-9999.0 -9999.0 -9999.0 -9999.0 -9999.0 -9999.0 -9999.0 -9999.0 -9999.0 -9999.0 -9999.0 -9999.0 -9999.0 -1002.003987 605.745685 -1583.417747 -2499.351355 -2709.013214 -6137.866493 -2799.936567 -602.150221 -44.729583 6511.591350 1103373.172941 838.871009 2194.343517 172655.195428 459031.593276 1250234.634838 -42.718766 1037636.299074 -21.838590 -38.170099 -24.855105 310368.623570 -9999.0 -9999.0 -9999.0 -9999.0 -9999.0 -9999.0 -9999.0 -9999.0 -9999.0 -9999.0 -9999.0 -9999.0 -9999.0 -9999.0 -9999.0 -9999.0 -9999.0 -9999.0 -9999.0 -9999.0 -9999.0
-9999.0 -9999.0 -9999.0 -9999.0 -9999.0 -9999.0 -9999.0 -9999.0 -9999.0 -9999.0 -9999.0 -9999.0 -98.327017 6483.703213 -934.594656 -423.940390 -1061.852751 -2080.110166 -834.731221 -5779.960377 -596.001057 224007.920571 1175115.314167 1375094.822015 1368117.912491 1259322.245705 1362139.848967 1310409.464249 1215724.371470 594787.136509 8196.129359 401682.480701 909962.469227 345556.804380 -9999.0 -9999.0 -9999.0 -9999.0 -9999.0 -9999.0 -9999.0 -9999.0 -9999.0 -9999.0 -9999.0 -9999.0 -9999.0 -9999.0 -9999.0 -9999.0 -9999.0 -9999.0 -9999.0 -9999.0 -9999.0 -9999.0
-9999.0 -9999.0 -9999.0 -9999.0 -9999.0 -9999.0 -9999.0 -9999.0 -9999.0 -9999.0 -9999.0 16070.131037 -509.257016 272.652487 -797.569227 447.077349 -5272.899805 -1989.179123 -457.856085 -34.724134 -2657.904425 -321.227742 856731.104627 1322821.026482 338725.339469 1333390.093837 1089332.561459 1277838.839406 1115827.807282 400825.982943 424661.072098 699497.320585 440050.546920 379108.881456 410482.254265 435942.447619 1245964.284009 1258902.486444 1277153.505133 -9999.0 -9999.0 -9999.0 368221.131554 -9999.0 -9999.0 -9999.0 -9999.0 -9999.0 -9999.0 -9999.0 -9999.0 -9999.0 -9999.0 -9999.0 -9999.0 -9999.0
-9999.0 -9999.0 -9999.0 -9999.0 -9999.0 -9999.0 -9999.0 -9999.0 -9999.0 -9999.0 -9999.0 5019.641884 -622.270297 -931.823362 -1229.700187 1954.258462 -2665.502924 -2759.610525 -732.517857 -630.511738 -427.990518 593.833898 1129103.399142 1458037.400831 1422495.650943 1309704.428774 1308256.091800 1293707.794332 1019363.018238 421361.073411 1100204.385589 957522.926651 1247251.887242 1155366.678647 1125869.395834 1267932.901278 1200825.242397 927496.345310 1032082.635686 406853.104667 425893.237979 410023.306653 1131086.497458 425525.258523 -9999.0 -9999.0 -9999.0 1004658.325722 1131374.959577 480116.646653 1208978.417352 382368.168681 396795.005679 1053065.206694 1082718.001632 407448.765866
-9999.0 -9999.0 -9999.0 -9999.0 -9999.0 -9999.0 -9999.0 -9999.0 -9999.0 -9999.0 -9999.0 150388.924309 14405.833201 660018.226099 603.723793 632.924136 -369.430958 -2089.637402 -772.178329 -729.036572 -775.266989 6757.740948 1473436.692506 1120169.845115 1276093.933249 472252.204502 1479601.977842 1379750.103832 475715.862409 1189470.059336 492195.314921 1372471.182015 1018999.413652 1237494.221973 461774.273467 872897.149465 1379678.533201 1310420.093414 350806.830603 420912.813031 1175591.287947 1274335.421873 1259291.717510 1297714.463648 1238095.732361 -9999.0 365914.767935 1167636.552162 1211366.987814 1206054.842050 1228020.423180 601566.828543 1168453.210275 1184221.291656 1182491.496059 1106490.724324
-9999.0 -9999.0 -9999.0 -9999.0 -9999.0 -9999.0 -9999.0 -9999.0 -9999.0 -9999.0 -9999.0 -9999.0 23011.291131 1285266.041349 1378.710819 1266.233513 -80.051145 -2120.806728 -642.129849 -670.963902 -1048.946766 413.094943 756840.068972 1306601.801148 1466710.806918 1486218.299515 -209.505165 1111899.804105 1194026.357720 437025.086031 1237853.397583 1380600.324375 1296581.181061 1283640.377119 1265001.827033 1305901.136551 1471683.977261 1017515.614311 -270.060652 966660.212223 973585.598111 2365.500389 1359282.287689 1248431.339573 442811.231113 1146361.629324 405684.369820 1203360.694469 1342923.788743 1347850.652433 1206870.446224 1271756.919082 1273477.521172 1270241.136621 1244965.913240 1195202.535732
-9999.0 -9999.0 -9999.0 -9999.0 -9999.0 -9999.0 -9999.0 -9999.0 -9999.0 -9999.0 -9999.0 1422072.316802 1300854.818863 14771.814893 1344182.603778 10740.170692 672.976617 -1154.413420 -627.437010 -1828.375103 -1774.938967 -567.110617 99951.669159 1466757.043428 1481204.953104 1425776.311969 1485492.031014 1242648.027336 1239706.367295 504540.651886 1483412.622590 1385717.615971 632988.597122 1239346.106779 1145128.532555 1287880.883597 1315804.350493 1117512.813290 8349.698294 17208.032722 1164783.915768 142896.829692 1261819.721736 441029.655951 492042.605628 1286516.512202 1243184.168465 544428.078620 4219.289359 879015.197011 465654.183070 1257685.142558 103300.676540 -25.731949 -25.907843 -24.892646
-9999.0 -9999.0 -9999.0 -9999.0 -9999.0 -9999.0 -9999.0 -9999.0 -9999.0 -9999.0 284539.264672 1182455.679557 570259.297158 241067.019254 38422.258313 1103963.515156 1126296.058812 -147.837220 -2340.286671 -1733.298604 -515.204759 -257.980970 2059997.532386 10981.239827 383950.462393 1294202.294317 1477413.970865 468132.105949 1333031.150497 1274038.274559 489565.747441 486641.576953 1315818.125971 1286875.964238 403934.927478 472237.455356 1154647.200445 1290064.054827 1558289.469998 925.143464 1022.921212 -26.005841 -14.632080 -466.517389 881163.193827 475916.886280 1227608.449335 1425139.727629 1343646.661632 167414.430374 142990.809491 434823.096101 -14.603602 -19.939406 -13.005262 1035212.860660
-9999.0 -9999.0 -9999.0 -9999.0 -9999.0 -9999.0 -9999.0 -9999.0 -9999.0 1234065.064574 1263088.092923 157420.332243 718830.006016 1453750.146267 1384097.645841 1205440.860824 1129956.344519 350.960169 -2289.197927 -2302.118178 -575.687282 -1233.433302 -622.864179 1029.580516 5007.288593 2098023.349889 1510441.751823 1244138.037362 1417382.457312 500634.470119 2701.890846 1984825.342693 490181.625849 -24.963950 383982.850250 438321.081683 623859.343881 1503186.263709 1453145.039270 1395739.177839 695292.947235 2097187.699805 2112642.599604 -1090.118924 -603.323405 963873.152583 39507.642871 1433663.896019 1434301.578336 1933.747933 1165855.555665 383490.191780 -12.161494 356063.815550 390668.287626 -91.295491
-9999.0 -9999.0 -9999.0 -9999.0 -9999.0 -9999.0 -9999.0 -9999.0 -9999.0 367778.974697 869916.334327 1240652.292087 5322.874863 53544.147774 1239159.921413 1439532.928065 59267.826597 1093.176830 -2527.784793 -848.636245 -726.500879 -1060.000156 -275.970071 3938.874589 2096592.119944 1527102.411703 1460426.985763 200364.148780 1152.566617 2252.611784 65201.485476 1867252.703304 1135701.916094 1230577.813540 1273369.351974 465651.697743 482592.139278 343837.168295 1264631.126214 1260078.193716 1384488.475629 1511877.052402 1398711.654556 847.009819 -708.564686 -474.280380 -374.169619 1010.104500 59743.608569 1486.577493 2015309.835797 1263493.089420 390426.705390 1056803.700846 806985.525458 277892.939734
-9999.0 -9999.0 -9999.0 -9999.0 -9999.0 -9999.0 -9999.0 -9999.0 -9999.0 -9999.0 1218103.675531 1166729.693239 1037191.899200 1272907.164799 20159.155937 1050348.608250 83623.924031 -437.043223 -2760.221436 -1084.897860 -637.016209 -2596.211590 17842.380781 2000437.288473 1485670.236487 840117.916007 1840.010086 114.147271 68113.308949 2068965.815895 2035768.634846 1891308.458254 1390666.563484 1222652.818162 1187180.916094 1132521.952078 1223884.415373 1212223.812013 491212.049605 1189810.144959 1314513.361041 1248346.131443 20895.945090 978812.241830 1147.539678 270.922875 -866.715852 -393.498165 -451.433784 1675.988206 1934980.685846 686452.005397 367924.565062 348760.704605 1008140.983198 1146064.433433
-9999.0 -9999.0 -9999.0 -9999.0 -9999.0 -9999.0 -9999.0 -9999.0 -9999.0 -9999.0 1184601.025689 1227560.427535 1216113.316427 413587.476374 140.339913 419.189577 411.280484 -1743.263646 -2480.346300 -2815.899411 -2769.357217 -1780.553209 86173.064026 1168557.204239 805477.255794 1188.096006 13.270133 1285.336510 2010942.019397 1437259.145493 1201170.403566 1116731.306207 380465.262189 1231081.268175 1323592.702964 1240118.680908 371482.734838 1204370.947898 1471067.630057 1301811.976746 1319651.773378 943208.058870 1416819.617661 1324137.559922 512985.229649 2089096.225940 137608.583597 1054.683627 -1045.271188 -241.211732 10008.838253 1330914.072010 1218371.122568 461114.079330 347703.221274 362266.349394
-9999.0 -9999.0 -9999.0 -9999.0 -9999.0 -9999.0 -9999.0 -9999.0 1260608.312227 1296592.538574 1240582.885949 1247124.983921 1104758.486815 1425599.792157 1009133.213898 -601.975976 -2400.226143 -1192.775480 -1614.694360 -2913.661538 -2964.747146 -2857.331673 -2521.439845 -1560.812018 578.454133 -347.247723 -204.837688 2141136.155492 1507308.938463 1393351.238971 -23.721817 1068700.229150 1185314.019745 1234159.368841 1252905.059090 1364127.470286 11169.077733 1308873.163575 2086306.707577 457869.169815 493569.492512 995983.132685 619964.376944 499576.813536 2265.690449 360011.026903 2056268.739683 1511756.457411 401.973688 -238.903204 1131.936784 1747650.588071 709971.736711 1126269.640037 378814.619772 1208090.535657
-9999.0 -9999.0 -9999.0 -9999.0 -9999.0 -9999.0 -9999.0 -9999.0 -163.736601 1099224.178251 1414489.163420 1238037.542496 1283221.373937 1310748.584431 2096466.256123 178.832772 -1726.682904 -2144.899992 -2963.060647 -2946.202191 -867.787321 -1130.776392 -1142.547825 -1258.284056 -2591.902624 -1045.451435 -464.458110 1252320.369394 181379.647329 1215316.064931 1228299.864158 449156.150657 837865.700168 459523.689279 1024853.116324 1307425.780823 34244.000117 375155.574542 1420021.410922 1352358.870751 1367047.669721 6698.066223 477547.998685 1260179.806179 1148246.736812 1432099.480739 505961.143136 1323286.610332 1350219.843988 -538.457266 12.391699 1343268.235062 796549.341018 1195315.992322 1303945.867438 56178.883707
-9999.0 -9999.0 -9999.0 -9999.0 -9999.0 -9999.0 -9999.0 -9999.0 1227931.778613 1068173.098541 1200301.727706 1392158.761679 1214000.575032 507698.744148 1481612.596967 2096500.578468 -449.053961 -945.869700 -2916.310096 -960.071365 -2981.410203 -1924.226226 -1497.085180 -2775.496792 -881.532503 -1876.051528 156.906378 2145178.449227 327136.005351 1139005.343597 452944.209224 1035890.935363 1407246.325144 1486338.952598 1068021.034247 8984.665332 45258.332625 12.469620 179713.933465 1464022.028082 1326720.508352 480891.278842 1212628.092310 1108115.577859 1405021.433940 1233421.681525 454372.056281 1252170.425438 1506422.602468 7007.542149 -506.653852 1847.287002 532113.685533 955604.953809 294690.261568 255878.633420
-9999.0 -9999.0 -9999.0 -9999.0 -9999.0 -9999.0 -9999.0 -9999.0 451483.466557 1253712.101566 530772.146793 226273.378335 1140836.444902 1382623.093974 2037033.478731 162.997697 -2770.201806 -2846.397351 -709.333246 -2933.405579 -2880.121837 -2878.947702 -1642.797480 -2463.429694 -2267.233414 -776.910637 1594016.652678 2118192.222816 1238909.879867 1631637.952540 1516735.355272 1514777.995836 113415.470320 1301869.319294 1504567.733929 11733.447078 257.432630 -1784.541594 -413.002604 533000.738866 1318873.922355 1278316.319736 1314973.653234 2243.684932 1260336.143266 480151.103396 1261414.200295 527495.470809 1293960.214246 1516008.729642 3174.056032 -442.925565 2046.118359 221884.557394 1582.080469 13.022065
-9999.0 -9999.0 -9999.0 -9999.0 -9999.0 -9999.0 -9999.0 -9999.0 1186054.831140 1315444.071536 -541.195376 2118648.601739 2036297.799483 1872142.564519 866.210353 -327.359412 -338.753188 -1592.555184 -924.073866 -2165.779512 -2752.761714 -2586.981022 -2776.628013 -2723.867637 -742.791219 -187.651225 2115373.056760 863259.325492 16369.694856 398549.625257 2072509.442570 1063.465124 18.420110 -42.539194 1138.935548 -380.682508 -642.369859 -2492.980590 -2701.215745 -241.371546 1209.738226 2435.649010 46465.929852 68668.483105 1477957.344829 578650.521778 1380037.324403 1232012.830747 1389915.078157 2884.932449 -308.936833 -942.350875 -572.762097 -439.185032 53.619418 44.383081
