erum2020/resources/simulation/Vinschgau/output-maps/psiL0002N0693.asc
ncols         63
nrows         48
xllcorner     598000.000000
yllcorner     5145000.000000
cellsize      1000.000000
NODATA_value  -9999.0
[rows 0 to 26 of 48, columns 0 to 60 of 63]
-9999.0 -9999.0 -9999.0 -9999.0 -9999.0 -9999.0 -9999.0 -9999.0 -9999.0 -9999.0 -9999.0 -9999.0 -9999.0 -9999.0 -9999.0 -9999.0 -9999.0 -9999.0 -9999.0 -9999.0 -9999.0 -9999.0 -9999.0 -9999.0 -9999.0 -9999.0 -9999.0 -9999.0 -9999.0 -9999.0 -9999.0 -9999.0 -9999.0 -9999.0 -9999.0 -9999.0 -9999.0 -9999.0 -9999.0 -9999.0 -9999.0 -9999.0 -9999.0 -9999.0 -9999.0 -9999.0 -9999.0 -9999.0 -9999.0 -9999.0 -9999.0 -9999.0 -9999.0 -9999.0 -9999.0 -9999.0 -9999.0 -9999.0 -9999.0 -9999.0 -9999.0
-9999.0 -9999.0 -9999.0 -9999.0 -9999.0 -9999.0 -9999.0 -9999.0 -9999.0 -9999.0 -9999.0 -9999.0 -9999.0 -9999.0 -9999.0 -9999.0 -9999.0 -9999.0 -9999.0 -9999.0 -9999.0 -9999.0 -9999.0 -9999.0 -9999.0 -9999.0 -9999.0 -76.930510 27.627675 -54.962620 47.797140 32.342315 782.147934 -9999.0 -9999.0 -9999.0 -9999.0 -9999.0 -9999.0 -9999.0 -9999.0 -9999.0 -9999.0 -9999.0 -9999.0 -9999.0 -9999.0 -9999.0 -9999.0 -9999.0 -9999.0 -9999.0 -9999.0 -9999.0 -9999.0 -9999.0 -9999.0 -9999.0 -9999.0 -9999.0 -9999.0
-9999.0 -9999.0 -9999.0 -9999.0 -9999.0 -9999.0 -9999.0 -9999.0 -9999.0 -9999.0 -9999.0 -9999.0 -9999.0 -9999.0 -9999.0 -9999.0 -9999.0 -9999.0 -9999.0 -9999.0 -9999.0 -9999.0 -9999.0 -9999.0 24.519830 23.678619 30.535441 22.750261 86.298171 147.316439 27.740992 -9999.0 -9999.0 -9999.0 -9999.0 -9999.0 -9999.0 -9999.0 -9999.0 -9999.0 -9999.0 -9999.0 -9999.0 -9999.0 -9999.0 -9999.0 -9999.0 -9999.0 -9999.0 -9999.0 -9999.0 -9999.0 -9999.0 -9999.0 -9999.0 -9999.0 -9999.0 -9999.0 -9999.0 -9999.0 -9999.0
-9999.0 -9999.0 -9999.0 -9999.0 -9999.0 -9999.0 -9999.0 -9999.0 -9999.0 -9999.0 -9999.0 -9999.0 -9999.0 -9999.0 -9999.0 -9999.0 -9999.0 -9999.0 -9999.0 -9999.0 -9999.0 -9999.0 -9999.0 20.969513 26.967144 -396.908894 31.188595 18.560822 82.228288 24.553453 24.394708 29.459923 -9999.0 -9999.0 -9999.0 -9999.0 -9999.0 -9999.0 -9999.0 -9999.0 -9999.0 -9999.0 -9999.0 -9999.0 -9999.0 -9999.0 -9999.0 -9999.0 -9999.0 -9999.0 -9999.0 -9999.0 -9999.0 -9999.0 -9999.0 -9999.0 -9999.0 -9999.0 -9999.0 -9999.0 -9999.0
-9999.0 -9999.0 -9999.0 -9999.0 -9999.0 -9999.0 -9999.0 -9999.0 -9999.0 -9999.0 -9999.0 -9999.0 -9999.0 -9999.0 -9999.0 -9999.0 -9999.0 -9999.0 26.577964 16.694003 -9999.0 23.892805 25.494739 20.265009 24.328911 -210.977685 14.469129 14.356764 15.059338 24.921247 30.344319 32.120690 -84.654151 -84.840569 -9999.0 -9999.0 -9999.0 -9999.0 -9999.0 -9999.0 -9999.0 -9999.0 -9999.0 -9999.0 -9999.0 -9999.0 -9999.0 -9999.0 -9999.0 -9999.0 -9999.0 -9999.0 -9999.0 -9999.0 -9999.0 -9999.0 -9999.0 -9999.0 -9999.0 -9999.0 -9999.0
-9999.0 -9999.0 -9999.0 -9999.0 -9999.0 -9999.0 -9999.0 -9999.0 -9999.0 -9999.0 -9999.0 -9999.0 -9999.0 -9999.0 -9999.0 -9999.0 -9999.0 -359.488045 26.315457 -218.365046 -53.157111 24.956775 21.764614 26.795767 13.638364 27.138788 30.345497 43.911396 35.906352 14.892785 66.038241 70.665063 -37.386575 -87.868438 -91.926510 -57.437803 -9999.0 -9999.0 -9999.0 -9999.0 -9999.0 -9999.0 -9999.0 -9999.0 -9999.0 -9999.0 -9999.0 -9999.0 -9999.0 -9999.0 -9999.0 -9999.0 -9999.0 -9999.0 -9999.0 -9999.0 -9999.0 -9999.0 -9999.0 -9999.0 -9999.0
-9999.0 -9999.0 -9999.0 -9999.0 -9999.0 -9999.0 -9999.0 -9999.0 -9999.0 -9999.0 -9999.0 -9999.0 -9999.0 25.082287 23.221940 -311.304138 -693.416954 -83.680795 -361.015458 14.202019 16.355356 18.559954 25.231580 14.154722 27.927666 23.141286 -75.199233 55.503961 25.359024 32.641181 8544.396972 144.482201 101.733664 133.301491 36.326790 -49.924140 -9999.0 -9999.0 -9999.0 -9999.0 -9999.0 -9999.0 -9999.0 -9999.0 -9999.0 -9999.0 -9999.0 -9999.0 -9999.0 -9999.0 -9999.0 -9999.0 -9999.0 -9999.0 -9999.0 -9999.0 -9999.0 -9999.0 -9999.0 -9999.0 -9999.0
-9999.0 -9999.0 -9999.0 -9999.0 -9999.0 -9999.0 -9999.0 -9999.0 -9999.0 -9999.0 -9999.0 -9999.0 -9999.0 25.531882 24.872453 -303.050904 -657.590638 25.971665 -94.493010 -271.069556 -307.503780 -146.993025 13.486084 48.378262 55.306119 40.103541 18.783275 -38.348484 -44.636718 35.040027 63.190378 39.544112 -31.330606 -27.300017 -24.408562 -9999.0 -9999.0 -9999.0 -9999.0 -9999.0 -9999.0 -9999.0 -9999.0 -9999.0 -9999.0 -9999.0 -9999.0 -9999.0 -9999.0 -9999.0 -9999.0 -9999.0 -9999.0 -9999.0 -9999.0 -9999.0 -9999.0 -9999.0 -9999.0 -9999.0 -9999.0
-9999.0 -9999.0 -9999.0 -9999.0 -9999.0 -9999.0 -9999.0 -9999.0 -9999.0 -9999.0 -9999.0 -9999.0 -9999.0 19.524885 713.561459 -320.128280 -425.652544 -626.596425 -694.213214 -579.640751 23.521028 -96.107001 40.196100 24.678319 35.637503 39.532893 -104.082675 -67.759003 27.124069 -41.791554 49.232038 4.314029 -29.307960 0.779617 -25.361475 -9999.0 -9999.0 -9999.0 -9999.0 -9999.0 -9999.0 -9999.0 -9999.0 -9999.0 -9999.0 -9999.0 -9999.0 -9999.0 -9999.0 -9999.0 -9999.0 -9999.0 -9999.0 -9999.0 -9999.0 -9999.0 -9999.0 -9999.0 -9999.0 -9999.0 -9999.0
-9999.0 -9999.0 -9999.0 -9999.0 -9999.0 -9999.0 -9999.0 -9999.0 -9999.0 -9999.0 -9999.0 -9999.0 27.055432 5744.726787 36.348111 25.774565 27.144968 12.734314 -208.933054 -154.296652 14.649127 14.307050 34.920477 21.260787 3340.327085 20.890413 995.924848 24.225424 103.727034 -29.923058 37.103016 -76.105971 69.477920 -45.328698 -9999.0 -9999.0 -9999.0 -9999.0 -9999.0 -9999.0 -9999.0 -9999.0 -9999.0 -9999.0 -9999.0 -9999.0 -9999.0 -9999.0 -9999.0 -9999.0 -9999.0 -9999.0 -9999.0 -9999.0 -9999.0 -9999.0 -9999.0 -9999.0 -9999.0 -9999.0 -9999.0
-9999.0 -9999.0 -9999.0 -9999.0 -9999.0 -9999.0 -9999.0 -9999.0 -9999.0 -9999.0 -9999.0 43.899647 68.729679 765.160698 33.793999 32.261280 -89.353655 21.608171 15.587943 167.317014 31.451120 33.576635 29.255452 23.005649 97.885501 42.484693 27.080375 32.545942 3033.975811 -25.272315 -72.714565 93.618862 -43.448869 -74.385089 -75.005911 -54.013504 -176.335611 -578.035638 -364.692931 -9999.0 -9999.0 -9999.0 -104.645999 -9999.0 -9999.0 -9999.0 -9999.0 -9999.0 -9999.0 -9999.0 -9999.0 -9999.0 -9999.0 -9999.0 -9999.0 -9999.0 -9999.0 -9999.0 -9999.0 -9999.0 -9999.0
-9999.0 -9999.0 -9999.0 -9999.0 -9999.0 -9999.0 -9999.0 -9999.0 -9999.0 -9999.0 -9999.0 42.211574 44.679606 128.186873 35.289816 26.629318 26.635174 25.738330 14.675730 48.203346 37.358485 27.999318 32.477396 25.237412 54.945542 28.636465 23.661980 53.114894 -23.113235 -51.116357 45.275604 260.587152 26.254183 40.962017 19.889847 42.059007 35.973675 -2396.817656 -1269.532456 -71.600140 -108.212257 -66.996646 39.565695 -85.042341 -9999.0 -9999.0 -9999.0 32.996530 36.352704 -62.990595 37.292714 -70.259317 -61.921617 29.624702 49.862800 -43.132010 -9999.0 -9999.0 -9999.0 -9999.0 -9999.0
-9999.0 -9999.0 -9999.0 -9999.0 -9999.0 -9999.0 -9999.0 -9999.0 -9999.0 -9999.0 -9999.0 67.066144 24.257967 126.963124 35.030704 30.152164 42.415692 49.335097 74.217881 15.170764 44.506533 30.569006 22.147153 27.503113 27.135593 -49.088918 29.488206 3168.370624 -48.921874 29.584715 -50.979515 308.245249 44.489920 27.722134 -70.933541 48.945945 39.404749 -1903.367728 -3557.257456 -76.533319 -326.224716 17.748034 49.042233 30.108771 25.345562 -9999.0 -26.069917 52.193384 51.279772 55.561189 49.109797 -62.239986 44.194868 40.816903 69.546067 47.886529 -9999.0 -9999.0 -9999.0 -9999.0 -9999.0
-9999.0 -9999.0 -9999.0 -9999.0 -9999.0 -9999.0 -9999.0 -9999.0 -9999.0 -9999.0 -9999.0 -9999.0 49.129306 68.501366 20.614261 25.379295 24.620852 24.330160 150.349801 15.822836 35.832017 41.686864 48.866361 36.675022 22.176318 23.966120 2254.084629 32.955421 35.951742 -72.736932 28.568457 170.335287 36.070647 35.035331 32.363407 36.599971 -445.164137 -2561.542239 -3663.535964 -3212.830935 -1479.121278 -68.695330 59.435931 32.920271 -92.500731 29.998388 -80.376571 37.991408 51.189039 62.183905 21.649045 271.976779 1144.581243 229.018199 148.319015 69.135450 36.182853 -9999.0 -9999.0 -9999.0 -9999.0
-9999.0 -9999.0 -9999.0 -9999.0 -9999.0 -9999.0 -9999.0 -9999.0 -9999.0 -9999.0 -9999.0 35.650483 25.149042 32.713772 110.529754 52.310882 47.554461 45.602049 68.100690 15.045728 49.445534 54.493188 60.372967 17.149714 22.445810 59.250827 34.273118 23.849547 19.465473 -77.855814 31.948515 238.395661 62.857962 34.378661 25.584312 40.532714 -379.217132 -2371.140907 -2541.257803 -3416.038190 -1184.144060 -848.720758 75.902297 -86.838497 29.639316 24.264684 67.815178 -122.636901 -112.988740 13.601712 -31.274214 37.976676 75.201109 0.454480 6.674066 -1.254288 -46.977664 -9999.0 -9999.0 -9999.0 -9999.0
-9999.0 -9999.0 -9999.0 -9999.0 -9999.0 -9999.0 -9999.0 -9999.0 -9999.0 -9999.0 2109.723006 39.934930 23.587886 21.403216 21.678563 1972.370300 1972.391295 16.261545 -476.334269 15.423281 79.135287 73.490847 18.262091 18.665481 29.572696 2502.425818 25.369265 -75.011159 23.905924 26.561799 204.929147 826.004024 41.607301 38.943504 -52.387444 -57.628789 29.821808 -208.625732 -631.392803 -197.025166 12.856040 -46.709329 -30.814005 47.201010 28.492436 -68.902841 35.985929 51.315240 86.428006 12.797657 -68.186630 -25.161508 -25.366502 13.381780 7.115733 54.392072 64.673354 -9999.0 -9999.0 -9999.0 -9999.0
-9999.0 -9999.0 -9999.0 -9999.0 -9999.0 -9999.0 -9999.0 -9999.0 -9999.0 31.535531 42.433091 77.730078 69.512877 19.044657 76.749302 60.156108 19.096699 20.288662 21.846275 -164.620644 56.463859 13.755431 21.621468 -215.977411 13.969544 22.935980 15.004736 21.852439 27.549836 33.707516 18.780370 32.627034 -31.342235 -26.254000 -78.596435 -55.401064 67.763414 54.364368 35.975354 46.473738 70.028384 22.505427 18.582410 12.359692 34.552841 21.544705 30.810909 14.616516 16.268329 13.392533 49.792114 -48.279693 10.759552 -2.141214 -49.120937 115.712965 204.070258 -73.136618 -66.585873 -9999.0 -9999.0
-9999.0 -9999.0 -9999.0 -9999.0 -9999.0 -9999.0 -9999.0 -9999.0 -9999.0 144.960379 43.762720 32.362174 4508.251507 21.720616 17.121965 16.480657 21.424621 22.038090 27.877047 -224.207460 15.547536 -321.753788 14.052144 29.441009 23.008211 15.239745 19.991737 23.565518 13.628272 13.736959 39.572070 37.990824 45.481009 28.546676 40.991329 -53.739832 -52.850542 -79.437226 21.859567 50.856302 39.395993 20.328602 15.358165 26.398726 14.170715 -156.925732 12.399059 17.951487 15.673506 12.186170 27.962214 32.797246 -12.829359 62.390672 122.005777 86.825802 195.101471 132.283943 -82.518036 -9999.0 -9999.0
-9999.0 -9999.0 -9999.0 -9999.0 -9999.0 -9999.0 -9999.0 -9999.0 -9999.0 -9999.0 25.952489 42.635455 41.139469 2352.957519 21.271052 16.553058 22.479986 26.744623 43.163579 -200.214152 48.706589 24.626779 22.683205 24.893189 15.628437 20.148723 24.229166 13.440200 33.955422 26.867278 29.281929 4497.716221 27.980803 35.316742 60.898518 102.788367 19.489536 34.814884 -42.805449 43.313801 23.477086 26.112436 4364.986506 24.801575 31.674409 29.707574 33.304627 14.082533 11.614598 27.781379 37.430839 48.784961 -63.681475 -12.020786 54.018995 53.287069 95.857529 11433.052607 183.102789 17.233507 -9999.0
-9999.0 -9999.0 -9999.0 -9999.0 -9999.0 -9999.0 -9999.0 -9999.0 -9999.0 -9999.0 37.173740 33.420124 27.295987 43.982132 14.469323 19.655858 19.395192 21.176979 48.290361 -422.957512 -600.377563 13.949256 15.640637 13.727268 19.845322 24.389470 14.178050 37.617724 33.984930 21.786918 31.140351 85.194944 -44.128084 29.462737 29.346515 93.827228 3645.907329 47.699331 36.234792 29.172259 38.730858 90.913322 98.682401 27.213087 28.738183 27.836623 30.116248 29.542146 54.944810 13.789565 49.453223 45.722440 50.767755 -53.725695 -42.798270 -67.468205 29.501781 30.116004 430.816868 243.076954 -9999.0
-9999.0 -9999.0 -9999.0 -9999.0 -9999.0 -9999.0 -9999.0 -9999.0 31.522740 21.169729 19.301514 42.206029 334.696624 56.724737 41.143347 14.371656 -233.997397 -257.785952 -182.267296 -752.927600 -636.151914 16.068006 17.261780 12.741432 18.668954 13.893236 41.003556 31.950786 41.440676 39.537336 -33.729520 41.252072 33.714543 26.098065 56.902711 21.216876 24.622980 58.327324 24.741644 -63.391955 -52.181529 70.249162 -28.836037 -33.144656 -83.503001 2088.086717 24.204093 29.145535 30.242774 13.864032 52.696365 58.209662 50.098998 41.393740 -79.351343 34.921749 -79.917093 24.728474 20.212973 252.717937 -9999.0
-9999.0 -9999.0 -9999.0 -9999.0 -9999.0 -9999.0 -9999.0 -9999.0 2140.940234 47.216165 25.813338 22.976565 22.669481 1814.423362 21.171324 24.223341 29.205381 20.330209 18.754816 -637.450912 25.314615 23.034325 18.582520 -174.890435 13.771212 13.897452 43.967506 39.379386 -41.618139 26.269152 25.797973 -96.033781 65.809410 -85.945056 50.963097 32.505446 74.818314 104.655485 32.012657 30.229525 32.199904 35.699046 -48.187718 33.316971 2521.315142 40.383386 -40.767645 27.635683 29.134880 40.383943 13.003091 43.614291 41.489999 29.840711 27.855926 -57.009391 23.902351 24.562579 25.072914 26.875835 -683.370172
-9999.0 -9999.0 -9999.0 -9999.0 -9999.0 -9999.0 -9999.0 -9999.0 31.065597 3222.750718 25.767430 22.555255 206.970944 -34.955557 20.027561 18.556393 14.416294 15.677889 -451.205708 -382.016203 -613.240318 -486.566903 19.043331 -644.510779 -113.795253 33.343161 29.907903 25.630269 -67.081971 29.406146 -96.749242 51.882663 39.983105 29.898422 44.788706 136.366450 58.758005 17.271121 39.516561 39.829380 38.532380 -78.790681 36.007101 2524.730366 35.490212 33.865957 -63.037136 23.544642 24.171968 37.430746 12.487633 40.412083 31.967500 24.508204 31.656900 47.256698 39.482419 34.488583 50.065661 163.266141 15.453543
-9999.0 -9999.0 -9999.0 -9999.0 -9999.0 -9999.0 -9999.0 -9999.0 -51.405801 35.338663 87.726297 -74.545451 42.636798 30.265808 28.467548 22.689977 27.186863 -218.289257 -143.348409 -546.087004 -636.419003 -579.724079 -492.563024 -763.698464 -435.003689 22.991975 23.505061 21.455124 18.643599 38.114534 25.490625 46.163254 44.266785 74.531440 34.596016 14.709813 17.281761 12.998733 33.870441 32.028011 21.389558 27.965883 34.166601 -69.771023 19.356881 -72.425174 26.262856 -89.537193 14.707084 15.756726 17.863727 12.326228 30.110759 19.267107 34.106200 47.617989 64.597537 361.922712 16.069758 15.561674 41.473966
-9999.0 -9999.0 -9999.0 -9999.0 -9999.0 -9999.0 -9999.0 -9999.0 21.346450 35.000280 4646.201378 22.819584 41.101256 36.841257 31.362640 42.341289 13.565212 22.029179 17.759397 20.792415 -499.352104 -293.220978 -582.634699 -597.782955 16.586097 15.294511 14.986933 22.012361 24.177600 61.561473 23.796922 43.213695 91.591580 52.117085 26.193763 22.684283 21.898822 13.537336 46.109424 32.088209 20.765138 27.721781 42.773457 25.952321 19.777247 22.738132 25.935016 42.163534 15.442093 19.248691 22.813205 18.018311 13.713786 21.300824 504.772929 470.638507 17.231484 16.502080 92.013642 42.026785 40.174489
-9999.0 -9999.0 23.023387 27.943888 1075.050390 21.218675 164.202542 45.800730 29.998289 36.090202 39.404280 168.388002 66.856059 56.705282 15.177980 12.873809 26.336021 22.661669 21.158809 21.148171 17.598253 49.871603 15.958016 -808.934503 -531.033352 15.340020 15.735542 20.590752 52.296308 50.405309 19.664499 31.755586 316.360346 38.268965 36.909308 20.988296 25.057883 14.334904 39.452590 25.641936 24.366517 29.872323 56.774854 32.233525 20.968816 22.437546 30.888563 38.066414 30.651577 31.910055 40.351079 -293.712269 15.798453 16.958556 18.312706 17.144747 131.595773 54.741075 37.473515 34.549360 35.972073
-9999.0 25.283672 36.482505 29.885405 17.846896 113.295879 159.469799 35.313062 33.175131 32.819482 34.029733 33.655974 82.199351 129.017426 14.627539 31.234470 29.005445 22.454777 18.155298 22.655743 24.699279 70.626496 406.465646 -4.914703 -762.786091 -615.634551 -578.633938 -168.702722 82.459863 41.797008 19.083510 23.661073 110.908593 119.504516 36.721638 29.368907 35.506326 13.946744 39.658945 23.899917 22.447645 46.683063 68.777356 27.208352 16.687057 19.769059 29.681983 37.315316 58.387207 164.645305 15.509514 15.886658 106.910143 124.044148 119.232195 46.668188 44.651185 36.359347 35.146475 29.183597 29.292987
