erum2020/resources/simulation/Vinschgau/output-maps/psiL0007N0602.asc
ncols         63
nrows         48
xllcorner     598000.000000
yllcorner     5145000.000000
cellsize      1000.000000
NODATA_value  -9999.0
[rows 0 to 25 of 48, columns 0 to 57 of 63]
-9999.0 -9999.0 -9999.0 -9999.0 -9999.0 -9999.0 -9999.0 -9999.0 -9999.0 -9999.0 -9999.0 -9999.0 -9999.0 -9999.0 -9999.0 -9999.0 -9999.0 -9999.0 -9999.0 -9999.0 -9999.0 -9999.0 -9999.0 -9999.0 -9999.0 -9999.0 -9999.0 -9999.0 -9999.0 -9999.0 -9999.0 -9999.0 -9999.0 -9999.0 -9999.0 -9999.0 -9999.0 -9999.0 -9999.0 -9999.0 -9999.0 -9999.0 -9999.0 -9999.0 -9999.0 -9999.0 -9999.0 -9999.0 -9999.0 -9999.0 -9999.0 -9999.0 -9999.0 -9999.0 -9999.0 -9999.0 -9999.0 -9999.0
-9999.0 -9999.0 -9999.0 -9999.0 -9999.0 -9999.0 -9999.0 -9999.0 -9999.0 -9999.0 -9999.0 -9999.0 -9999.0 -9999.0 -9999.0 -9999.0 -9999.0 -9999.0 -9999.0 -9999.0 -9999.0 -9999.0 -9999.0 -9999.0 -9999.0 -9999.0 -9999.0 -594.134941 -297.283368 -593.479161 -264.515342 -567.877557 -188.435694 -9999.0 -9999.0 -9999.0 -9999.0 -9999.0 -9999.0 -9999.0 -9999.0 -9999.0 -9999.0 -9999.0 -9999.0 -9999.0 -9999.0 -9999.0 -9999.0 -9999.0 -9999.0 -9999.0 -9999.0 -9999.0 -9999.0 -9999.0 -9999.0 -9999.0
-9999.0 -9999.0 -9999.0 -9999.0 -9999.0 -9999.0 -9999.0 -9999.0 -9999.0 -9999.0 -9999.0 -9999.0 -9999.0 -9999.0 -9999.0 -9999.0 -9999.0 -9999.0 -9999.0 -9999.0 -9999.0 -9999.0 -9999.0 -9999.0 -102.452401 -109.348238 -91.656772 -82.201368 -50.587819 -174.919333 -348.228998 -9999.0 -9999.0 -9999.0 -9999.0 -9999.0 -9999.0 -9999.0 -9999.0 -9999.0 -9999.0 -9999.0 -9999.0 -9999.0 -9999.0 -9999.0 -9999.0 -9999.0 -9999.0 -9999.0 -9999.0 -9999.0 -9999.0 -9999.0 -9999.0 -9999.0 -9999.0 -9999.0
-9999.0 -9999.0 -9999.0 -9999.0 -9999.0 -9999.0 -9999.0 -9999.0 -9999.0 -9999.0 -9999.0 -9999.0 -9999.0 -9999.0 -9999.0 -9999.0 -9999.0 -9999.0 -9999.0 -9999.0 -9999.0 -9999.0 -9999.0 -113.578938 -77.505643 -896.448474 -8427.175982 -42813.657068 -40456.648284 -355.125605 -300.533133 -353.970962 -9999.0 -9999.0 -9999.0 -9999.0 -9999.0 -9999.0 -9999.0 -9999.0 -9999.0 -9999.0 -9999.0 -9999.0 -9999.0 -9999.0 -9999.0 -9999.0 -9999.0 -9999.0 -9999.0 -9999.0 -9999.0 -9999.0 -9999.0 -9999.0 -9999.0 -9999.0
-9999.0 -9999.0 -9999.0 -9999.0 -9999.0 -9999.0 -9999.0 -9999.0 -9999.0 -9999.0 -9999.0 -9999.0 -9999.0 -9999.0 -9999.0 -9999.0 -9999.0 -9999.0 344.713877 -112.062864 -9999.0 -97.970707 -79.918027 -40903.317276 -6920.742707 -43261.516966 -376.809848 -301.364980 -480.599791 -3281.954155 -271.954068 -264.184714 -593.172898 -593.155425 -9999.0 -9999.0 -9999.0 -9999.0 -9999.0 -9999.0 -9999.0 -9999.0 -9999.0 -9999.0 -9999.0 -9999.0 -9999.0 -9999.0 -9999.0 -9999.0 -9999.0 -9999.0 -9999.0 -9999.0 -9999.0 -9999.0 -9999.0 -9999.0
-9999.0 -9999.0 -9999.0 -9999.0 -9999.0 -9999.0 -9999.0 -9999.0 -9999.0 -9999.0 -9999.0 -9999.0 -9999.0 -9999.0 -9999.0 -9999.0 -9999.0 -1097.320160 -2400.944633 -44098.920742 -591.456696 -242.535715 -1430.391916 -42598.914957 -424.880510 -4215.183694 -1967.917555 -641.323003 -2124.988899 -332.308016 -44.849532 -197.572512 -591.210923 -592.632935 -583.516017 -582.531029 -9999.0 -9999.0 -9999.0 -9999.0 -9999.0 -9999.0 -9999.0 -9999.0 -9999.0 -9999.0 -9999.0 -9999.0 -9999.0 -9999.0 -9999.0 -9999.0 -9999.0 -9999.0 -9999.0 -9999.0 -9999.0 -9999.0
-9999.0 -9999.0 -9999.0 -9999.0 -9999.0 -9999.0 -9999.0 -9999.0 -9999.0 -9999.0 -9999.0 -9999.0 -9999.0 -295.216905 -722.030336 -1088.592660 -1376.702934 -591.965543 -1093.490829 -39628.844639 -2197.406248 -7200.966373 -39604.339689 -156.095959 -2218.638639 -100.252831 -41105.913087 -36233.696783 -38508.612230 -938.545887 5737.160351 -69.841954 -230.578385 -285.250618 -582.185898 -582.575273 -9999.0 -9999.0 -9999.0 -9999.0 -9999.0 -9999.0 -9999.0 -9999.0 -9999.0 -9999.0 -9999.0 -9999.0 -9999.0 -9999.0 -9999.0 -9999.0 -9999.0 -9999.0 -9999.0 -9999.0 -9999.0 -9999.0
-9999.0 -9999.0 -9999.0 -9999.0 -9999.0 -9999.0 -9999.0 -9999.0 -9999.0 -9999.0 -9999.0 -9999.0 -9999.0 -73.763250 -863.307020 -1275.749009 -1283.193958 226.448822 -591.519387 -8255.687650 -150890.790082 -592.440683 -3317.245883 -3832.874099 -985.138864 -39318.650542 -391.173730 -582.845443 -582.355490 -34888.825782 -287.579978 -345.848047 -582.138829 -582.155971 -582.171242 -9999.0 -9999.0 -9999.0 -9999.0 -9999.0 -9999.0 -9999.0 -9999.0 -9999.0 -9999.0 -9999.0 -9999.0 -9999.0 -9999.0 -9999.0 -9999.0 -9999.0 -9999.0 -9999.0 -9999.0 -9999.0 -9999.0 -9999.0
-9999.0 -9999.0 -9999.0 -9999.0 -9999.0 -9999.0 -9999.0 -9999.0 -9999.0 -9999.0 -9999.0 -9999.0 -9999.0 -1065.896727 337.443439 -706.055728 -1150.003777 -1286.021238 -591.211336 -1060.386525 -53.089270 -40401.387377 -1243.167258 -2004.731827 -918.356619 -374.938577 -593.453127 -582.685734 -274.266821 -582.143434 -330.955612 -582.152094 -582.244061 -582.100398 -582.048310 -9999.0 -9999.0 -9999.0 -9999.0 -9999.0 -9999.0 -9999.0 -9999.0 -9999.0 -9999.0 -9999.0 -9999.0 -9999.0 -9999.0 -9999.0 -9999.0 -9999.0 -9999.0 -9999.0 -9999.0 -9999.0 -9999.0 -9999.0
-9999.0 -9999.0 -9999.0 -9999.0 -9999.0 -9999.0 -9999.0 -9999.0 -9999.0 -9999.0 -9999.0 -9999.0 -41991.511621 4515.097363 -895.855839 -499.655968 -116.277632 -947.366671 37.000692 -43716.395128 -2256.508997 -813.124988 -40797.853826 -467.458375 2437.415414 -353.837128 -89.772115 -310.539276 -187.161944 -582.476225 -518.919939 -593.670397 -236.193562 -584.377950 -9999.0 -9999.0 -9999.0 -9999.0 -9999.0 -9999.0 -9999.0 -9999.0 -9999.0 -9999.0 -9999.0 -9999.0 -9999.0 -9999.0 -9999.0 -9999.0 -9999.0 -9999.0 -9999.0 -9999.0 -9999.0 -9999.0 -9999.0 -9999.0
-9999.0 -9999.0 -9999.0 -9999.0 -9999.0 -9999.0 -9999.0 -9999.0 -9999.0 -9999.0 -9999.0 -86.596917 -331.101980 327.460335 -576.956598 -85.752945 -42109.936417 -367.590994 88.925618 -43911.507027 -135406.108764 212.834316 -224.828314 -306.527900 -36740.267799 -242.290003 -401.226526 -231.707714 1549.902066 -582.481703 -593.218833 -194.188091 -590.166507 -584.514966 -591.987381 -593.265933 -579.321384 -585.385568 -593.216825 -9999.0 -9999.0 -9999.0 -584.536008 -9999.0 -9999.0 -9999.0 -9999.0 -9999.0 -9999.0 -9999.0 -9999.0 -9999.0 -9999.0 -9999.0 -9999.0 -9999.0 -9999.0 -9999.0
-9999.0 -9999.0 -9999.0 -9999.0 -9999.0 -9999.0 -9999.0 -9999.0 -9999.0 -9999.0 -9999.0 -95.237675 -393.791382 -39819.305972 -484.449475 -376.594161 -735.101529 -6305.749336 55.799402 346.137500 -40.306370 -216.122785 -63.225709 -224.876304 -185.488270 -282.297626 -257.509090 -195.224337 -593.132054 -584.240287 -215.100674 -153.391402 -321.107878 -287.253388 -550.926168 -424.826799 -520.160895 -562.335601 -578.083763 -592.847349 -591.999766 -590.257080 -302.328632 -584.391312 -9999.0 -9999.0 -9999.0 347.536548 -332.426576 -594.580399 -272.675899 -594.694222 -594.212452 340.466291 360.063979 -585.198310 -9999.0 -9999.0
-9999.0 -9999.0 -9999.0 -9999.0 -9999.0 -9999.0 -9999.0 -9999.0 -9999.0 -9999.0 -9999.0 -67.637763 -105.209206 -27643.810925 378.463073 -254.314910 -222.773006 -798.435932 -46.413827 137.067291 175.836383 -29178.155535 -233.441077 -60.133747 -296.737591 -592.527020 -223.716609 -56.638756 -584.193912 -319.310486 -583.379439 -24235.288584 -255.307289 -360.185004 -588.862659 -480.102781 -16303.658910 -38795.306711 -574.737504 -591.975541 -587.502587 -591.719237 -352.763824 -329.602976 -395.372532 -9999.0 -586.254337 -270.978106 -225.417037 -191.481609 -435.805613 -594.085036 -416.524934 -172.586925 -366.756840 -238.843992 -9999.0 -9999.0
-9999.0 -9999.0 -9999.0 -9999.0 -9999.0 -9999.0 -9999.0 -9999.0 -9999.0 -9999.0 -9999.0 -9999.0 -81.540998 288.306853 -90.151784 -85.876828 -607.320433 -790.107654 368.957745 96.947425 -855.875468 -30821.293414 -29889.710127 -200.695782 -209.012873 -237.890936 1080.451728 -541.567427 -269.461124 -593.747049 -238.392397 -214.335844 -571.801233 -316.226268 -428.661561 -489.124178 -16891.596462 -25927.371433 -353.236959 -592.438034 -490.109850 -592.408224 -32065.519109 -83.711018 -593.037726 -281.550730 -594.131603 -287.466153 -26251.493983 -208.446204 233.142683 -147.058878 964.907984 381.936831 -178.021386 -98.458854 -89.286873 -9999.0
-9999.0 -9999.0 -9999.0 -9999.0 -9999.0 -9999.0 -9999.0 -9999.0 -9999.0 -9999.0 -9999.0 260.743012 -108.206219 -547.660282 -197.526086 -207.145421 -203.540790 -710.566100 -20.059677 -332.348910 -927.367151 -775.898810 -201.923676 -27940.348822 -251.257309 -184.154358 287.089943 -324.530074 -353.843723 -592.943274 -233.929687 -186.784726 -181.907989 -271.976061 -400.426081 -341.950307 -586.624961 -38593.576928 -965.901881 -575.032177 -38723.994637 -20276.634780 -594.472645 -36109.971467 -234.637755 -328.826471 -199.562172 -593.636509 -593.896585 -31967.493358 -28411.070827 -329.099208 -194.999207 -21836.543923 -14124.997572 -584.246371 -594.476710 -9999.0
-9999.0 -9999.0 -9999.0 -9999.0 -9999.0 -9999.0 -9999.0 -9999.0 -9999.0 -9999.0 1792.382925 -200.729519 -64.839875 -90.603144 -65.374463 473.727693 567.821680 -657.972106 -652.266589 -510.811324 356.453949 353.591790 -22392.867866 -72.334208 -263.362466 1837.011818 -20849.436491 -32904.258138 -513.774231 -222.287371 -185.299001 -105.241697 -234.582804 -283.901738 -582.284692 -591.818245 -494.983646 -13409.990007 -23240.487040 -12638.071902 -39102.630345 -33821.405538 -584.316130 -497.411464 -353.523361 -592.783739 -226.350130 -28813.585274 -211.034105 -218.774673 -31122.796601 -584.614145 -12107.842991 -584.336137 -584.998394 -214.945641 -216.601671 -9999.0
-9999.0 -9999.0 -9999.0 -9999.0 -9999.0 -9999.0 -9999.0 -9999.0 -9999.0 -283.771072 372.143469 296.563186 -185.596649 -235.251276 282.064129 -196.492819 -239.976094 -51.471394 -1448.116973 -887.994952 89.514860 -1501.973172 -37294.863607 -534.634300 255.785462 -12544.598110 -272.311359 -209.311972 -29486.374226 -259.410494 -206.351841 -152547.955386 -582.648601 -582.543989 -586.004488 -583.971353 -252.012208 -920.923335 -5262.596062 -504.709595 -1363.261996 -979.839357 -88529.749224 -15918.510675 -130605.456833 -31151.891595 -193.331580 -31243.189301 -30686.727401 233.854971 -32039.169363 -594.275985 -584.292674 -586.794545 -591.383081 -19182.559539 -158.661376 -593.767486
-9999.0 -9999.0 -9999.0 -9999.0 -9999.0 -9999.0 -9999.0 -9999.0 -9999.0 -467.072351 -278.045006 -264.185792 2217.441975 -259.682997 -278.881620 -267.015609 -48.309038 -269.772641 -1607.338242 -493.992492 -387.839546 -207.841606 307.474425 -70.999228 -13232.921692 -312.230014 -278.023657 -278.794579 -298.401703 298.693803 -520.024116 -14534.009927 -242.583684 -300.769727 -212.854228 -591.767975 -592.822455 -592.664477 -514.127758 -238.419622 262.288324 -22240.324288 -1262.096662 -516.378795 -519.875711 -559.011412 -886.171670 -34240.007389 -33644.720079 -245.924226 -152560.565113 -18935.039804 -585.839320 -318.655226 -585.152094 296.380245 -19953.423766 -163.829971
-9999.0 -9999.0 -9999.0 -9999.0 -9999.0 -9999.0 -9999.0 -9999.0 -9999.0 -9999.0 -286.542100 -224.134077 -184.321152 1760.442896 -33025.707007 -278.528770 -260.919478 -330.575073 -1841.608528 -881.265269 -217.273368 -72142.090509 -620.624025 -16901.721909 -320.707816 -313.078069 -370.378764 -257.084787 -505.373180 -425.264776 -11271.165987 3353.802570 -15382.648857 -299.441263 -196.078615 -162.967072 -131.962727 -85.898811 -593.556227 -293.550602 -414.008065 -76.119509 2219.486048 -22218.119586 -18690.450848 -751.752622 -37109.603820 243.456736 -36037.327826 -28173.905840 -152847.632736 -30521.407615 -594.604684 -585.938904 -118.299757 -284.228664 -77.262317 10492.759140
-9999.0 -9999.0 -9999.0 -9999.0 -9999.0 -9999.0 -9999.0 -9999.0 -9999.0 -9999.0 -258.428847 -248.574729 -86.091125 -193.010959 110.221485 -1193.620642 -865.078956 -484.761381 -1237.345751 -945.816367 -1214.538658 -1666.084150 -1076.717437 -485.062144 -380.040379 -485.075708 235.285953 -580.318587 -455.460781 -9745.701505 -294.180185 -61.068201 -34012.605528 -338.459284 -302.562925 -79.545245 1368.563929 -216.919268 -23713.399241 -324.902963 -237.684326 -594.041503 -192.148455 -298.682029 357.806163 -151451.274136 -203.282972 -18417.986268 -31847.655811 -31309.992560 -29182.714850 -25560.277173 -180.955286 -594.667010 -584.586128 -594.493450 -335.079518 -19765.823971
-9999.0 -9999.0 -9999.0 -9999.0 -9999.0 -9999.0 -9999.0 -9999.0 -63.060628 -228.641208 -557.186713 -75.479666 -139.641114 -185.511231 -615.445021 -53.540755 -2333.679260 -191.081225 -814.750822 -987.384481 -1448.907409 -8706.165737 -4018.839471 -3288.780650 -1057.047800 163.869406 339.273936 -419.138831 -171.923836 -17784.278785 -583.192523 -263.259540 -256.077485 -300.751328 -232.871955 -403.869217 -244.024572 -202.141425 -11359.476976 -593.904391 -586.409199 -76.162123 -29078.586431 -583.343633 -593.811140 1110.823536 -11115.013211 -194.989978 -18589.501554 191.223542 -889.007735 -152820.667022 -178.766395 -18957.761197 -593.881909 -361.155447 -593.755064 -36.864025
-9999.0 -9999.0 -9999.0 -9999.0 -9999.0 -9999.0 -9999.0 -9999.0 -11486.192904 -186.517742 -26075.345080 -311.378718 -285.001211 627.323680 -557.509763 -707.761101 -1221.598459 -1620.931906 -152837.553818 -1011.997659 -403.082166 -639.657258 -443.097398 -229.472513 -12621.556477 176.349421 260.784545 -163.637143 -30384.533347 -247.711955 -261.831534 -593.223319 -209.648335 -594.334326 -63.032850 -61.790987 -166.192579 -181.919104 -25164.542016 -226.961173 -299.402703 -583.456835 -584.589949 -221.262049 1348.882054 -187.296899 -29772.570545 -261.125164 -20114.969433 -761.490894 -919.176048 -166.492090 -512.092084 -196.504873 -427.954821 -34873.894301 -27561.343450 -27518.130729
-9999.0 -9999.0 -9999.0 -9999.0 -9999.0 -9999.0 -9999.0 -9999.0 -285.788037 1297.667866 -501.633908 -22865.733850 -29.118265 -32438.188318 -211.903906 -23330.636723 -1374.335691 -2141.239132 -19876.644581 -359.528645 -1016.376338 -655.634803 -704.159638 -1017.670164 -461.689857 -1252.928524 -686.595715 -485.229213 -33947.782923 -228.257634 -593.396216 -47.311795 -196.926686 -33381.609206 -57.057520 -141.441588 -25474.077626 -18994.928632 -12402.883329 -21343.703475 -250.080250 -594.329303 -70.092217 1348.999788 -211.541757 -89.810669 -594.044668 -85.795801 -218.088885 -16406.820837 34.402789 -861.980720 -16646.355097 -16269.412650 -27112.930267 -147.350032 -159.237914 -187.908371
-9999.0 -9999.0 -9999.0 -9999.0 -9999.0 -9999.0 -9999.0 -9999.0 -583.453363 -220.293604 304.107811 -33703.824054 -45.249503 235.014387 -151957.990426 -880.438724 -141028.525003 -19962.004237 -366.854926 -1081.089165 -1007.518227 -984.920167 -619.371573 -590.166179 -1178.494815 -971.532979 -606.174539 -19582.224592 -70.831663 -28712.479340 -31645.703797 -28370.576993 -35470.918727 -174.107346 -33468.936930 -370.280334 -320.259362 -651.948704 -14381.534486 -22510.763662 -269.827367 -213.801069 -203.250748 -593.522856 -97.588739 -593.988627 -491.843077 -593.892649 -352.739448 -27683.468520 -603.114356 -873.062190 -897.883679 209.145774 -151.614599 -140.152566 -985.804801 170.877518
-9999.0 -9999.0 -9999.0 -9999.0 -9999.0 -9999.0 -9999.0 -9999.0 -105.997875 -64.563453 3359.808570 -16724.153323 -17134.889289 -653.594718 -35.968605 -8.786947 301.314297 -1183.016740 -1018.695388 -1766.320110 -1366.158398 -979.973650 -967.421559 -939.794472 -237.066053 -1443.596341 -719.741913 -289.508119 -341.911373 -197.060944 -18993.362243 -195.868264 -30601.821883 -179.111191 -29433.841711 -30416.735274 -26677.133595 -692.187710 -16121.036163 -164.597754 -24795.527897 -36244.637900 -27190.109319 -32210.204960 -25699.281850 -248.773994 -27651.298397 -28528.727238 -28905.022057 -30287.230358 -33854.815486 -1728.135825 -947.965315 -303.651167 -67.777445 314.426654 20.840777 -88.726810
-9999.0 -9999.0 -549.859429 -83.984884 -35.000779 -259.387436 -161.781830 -188.848129 -61.612144 -65.356465 -170.227946 262.833371 -636.267363 -149.544829 -39.974277 232.568899 -16910.353943 -461.598985 -252.943915 -991.192839 -3352.466551 -1252.355268 -566.362212 -1086.718964 -942.871423 -4968.618603 -1630.729599 -1364.051469 -1604.632513 -49.941984 -781.284409 -749.057570 391.203871 -790.186933 -224.365944 -654.083679 -252.931497 -708.185750 -15928.499395 -13991.408765 -27622.961134 -29639.116655 -24640.584561 -972.167596 -20857.631167 -29725.480362 -250.465107 198.250996 -35147.801878 -546.207844 -917.055965 -469.887988 285.986833 246.148234 246.650098 375.888024 265.176687 43.021135
