erum2020/resources/simulation/Vinschgau/output-maps/psiL0005N0825.asc
ncols         63
nrows         48
xllcorner     598000.000000
yllcorner     5145000.000000
cellsize      1000.000000
NODATA_value  -9999.0
[rows 0 to 25 of 48, columns 0 to 58 of 63]
-9999.0 -9999.0 -9999.0 -9999.0 -9999.0 -9999.0 -9999.0 -9999.0 -9999.0 -9999.0 -9999.0 -9999.0 -9999.0 -9999.0 -9999.0 -9999.0 -9999.0 -9999.0 -9999.0 -9999.0 -9999.0 -9999.0 -9999.0 -9999.0 -9999.0 -9999.0 -9999.0 -9999.0 -9999.0 -9999.0 -9999.0 -9999.0 -9999.0 -9999.0 -9999.0 -9999.0 -9999.0 -9999.0 -9999.0 -9999.0 -9999.0 -9999.0 -9999.0 -9999.0 -9999.0 -9999.0 -9999.0 -9999.0 -9999.0 -9999.0 -9999.0 -9999.0 -9999.0 -9999.0 -9999.0 -9999.0 -9999.0 -9999.0 -9999.0
-9999.0 -9999.0 -9999.0 -9999.0 -9999.0 -9999.0 -9999.0 -9999.0 -9999.0 -9999.0 -9999.0 -9999.0 -9999.0 -9999.0 -9999.0 -9999.0 -9999.0 -9999.0 -9999.0 -9999.0 -9999.0 -9999.0 -9999.0 -9999.0 -9999.0 -9999.0 -9999.0 -599.865084 6891.625353 -603.978191 6000.940397 -1.683818 1315.888758 -9999.0 -9999.0 -9999.0 -9999.0 -9999.0 -9999.0 -9999.0 -9999.0 -9999.0 -9999.0 -9999.0 -9999.0 -9999.0 -9999.0 -9999.0 -9999.0 -9999.0 -9999.0 -9999.0 -9999.0 -9999.0 -9999.0 -9999.0 -9999.0 -9999.0 -9999.0
-9999.0 -9999.0 -9999.0 -9999.0 -9999.0 -9999.0 -9999.0 -9999.0 -9999.0 -9999.0 -9999.0 -9999.0 -9999.0 -9999.0 -9999.0 -9999.0 -9999.0 -9999.0 -9999.0 -9999.0 -9999.0 -9999.0 -9999.0 -9999.0 6522.189542 6206.706767 5803.463848 6206.205894 5667.258149 5716.749115 7482.621097 -9999.0 -9999.0 -9999.0 -9999.0 -9999.0 -9999.0 -9999.0 -9999.0 -9999.0 -9999.0 -9999.0 -9999.0 -9999.0 -9999.0 -9999.0 -9999.0 -9999.0 -9999.0 -9999.0 -9999.0 -9999.0 -9999.0 -9999.0 -9999.0 -9999.0 -9999.0 -9999.0 -9999.0
-9999.0 -9999.0 -9999.0 -9999.0 -9999.0 -9999.0 -9999.0 -9999.0 -9999.0 -9999.0 -9999.0 -9999.0 -9999.0 -9999.0 -9999.0 -9999.0 -9999.0 -9999.0 -9999.0 -9999.0 -9999.0 -9999.0 -9999.0 6184.393148 4858.932986 -616.885753 -509.729334 -879.045776 -277.073363 5899.844697 6877.473562 7361.701904 -9999.0 -9999.0 -9999.0 -9999.0 -9999.0 -9999.0 -9999.0 -9999.0 -9999.0 -9999.0 -9999.0 -9999.0 -9999.0 -9999.0 -9999.0 -9999.0 -9999.0 -9999.0 -9999.0 -9999.0 -9999.0 -9999.0 -9999.0 -9999.0 -9999.0 -9999.0 -9999.0
-9999.0 -9999.0 -9999.0 -9999.0 -9999.0 -9999.0 -9999.0 -9999.0 -9999.0 -9999.0 -9999.0 -9999.0 -9999.0 -9999.0 -9999.0 -9999.0 -9999.0 -9999.0 -272.003422 5432.159929 -9999.0 6089.015933 5073.373241 -714.812969 -443.857017 -1098.320743 -346.538242 -180.845827 72.451400 -429.419637 6470.758463 7596.764427 -722.867290 -494.948556 -9999.0 -9999.0 -9999.0 -9999.0 -9999.0 -9999.0 -9999.0 -9999.0 -9999.0 -9999.0 -9999.0 -9999.0 -9999.0 -9999.0 -9999.0 -9999.0 -9999.0 -9999.0 -9999.0 -9999.0 -9999.0 -9999.0 -9999.0 -9999.0 -9999.0
-9999.0 -9999.0 -9999.0 -9999.0 -9999.0 -9999.0 -9999.0 -9999.0 -9999.0 -9999.0 -9999.0 -9999.0 -9999.0 -9999.0 -9999.0 -9999.0 -9999.0 -1082.267834 -673.227972 -7249.297639 -724.598141 -162.092364 -423.394174 -424.866766 -404.256051 -365.107624 689.538288 2354.996271 153.676907 -209.841153 759.818491 672.630697 -1729.199328 -7077.696381 -2832.082991 -1286.040482 -9999.0 -9999.0 -9999.0 -9999.0 -9999.0 -9999.0 -9999.0 -9999.0 -9999.0 -9999.0 -9999.0 -9999.0 -9999.0 -9999.0 -9999.0 -9999.0 -9999.0 -9999.0 -9999.0 -9999.0 -9999.0 -9999.0 -9999.0
-9999.0 -9999.0 -9999.0 -9999.0 -9999.0 -9999.0 -9999.0 -9999.0 -9999.0 -9999.0 -9999.0 -9999.0 -9999.0 4173.045423 -343.275048 -700.948063 -1208.828884 -5128.912627 -1049.119543 -754.979716 -473.378257 -506.783714 -540.636660 -362.344990 -289.903959 5477.003809 -4183.402227 -129.226960 -238.762490 86.377337 8323.532068 4729.222871 4730.788282 4711.837129 -274.287694 -702.224407 -9999.0 -9999.0 -9999.0 -9999.0 -9999.0 -9999.0 -9999.0 -9999.0 -9999.0 -9999.0 -9999.0 -9999.0 -9999.0 -9999.0 -9999.0 -9999.0 -9999.0 -9999.0 -9999.0 -9999.0 -9999.0 -9999.0 -9999.0
-9999.0 -9999.0 -9999.0 -9999.0 -9999.0 -9999.0 -9999.0 -9999.0 -9999.0 -9999.0 -9999.0 -9999.0 -9999.0 1068.005391 -445.063645 -769.291051 -1094.354216 -340.720743 -5168.551025 -693.355965 -1046.320341 -372.044834 -416.094508 -324.488102 -312.409863 -209.273043 6746.952487 -479.354963 -394.082482 -34.779266 8021.248529 7414.844060 -435.557453 -523.732738 -413.400919 -9999.0 -9999.0 -9999.0 -9999.0 -9999.0 -9999.0 -9999.0 -9999.0 -9999.0 -9999.0 -9999.0 -9999.0 -9999.0 -9999.0 -9999.0 -9999.0 -9999.0 -9999.0 -9999.0 -9999.0 -9999.0 -9999.0 -9999.0 -9999.0
-9999.0 -9999.0 -9999.0 -9999.0 -9999.0 -9999.0 -9999.0 -9999.0 -9999.0 -9999.0 -9999.0 -9999.0 -9999.0 -516.045222 739.056858 -598.786733 -826.884440 -1023.348639 -5504.111911 -1083.302383 -273.837782 -4380.099958 -314.712530 -177.480854 -296.980131 131.889873 -1039.040821 -648.779089 7197.762422 -584.098722 5113.488616 -298.342758 -610.223913 -294.190937 -468.433366 -9999.0 -9999.0 -9999.0 -9999.0 -9999.0 -9999.0 -9999.0 -9999.0 -9999.0 -9999.0 -9999.0 -9999.0 -9999.0 -9999.0 -9999.0 -9999.0 -9999.0 -9999.0 -9999.0 -9999.0 -9999.0 -9999.0 -9999.0 -9999.0
-9999.0 -9999.0 -9999.0 -9999.0 -9999.0 -9999.0 -9999.0 -9999.0 -9999.0 -9999.0 -9999.0 -9999.0 -523.078034 6223.585271 -390.061999 -292.695004 -433.416067 -683.488247 -424.838482 -5740.761873 -479.843138 -95.265071 -156.000371 1151.335868 1631.215031 7300.139960 -58.983041 7314.560210 7294.704394 -355.753774 880.610176 -600.221957 3989.250735 -547.994068 -9999.0 -9999.0 -9999.0 -9999.0 -9999.0 -9999.0 -9999.0 -9999.0 -9999.0 -9999.0 -9999.0 -9999.0 -9999.0 -9999.0 -9999.0 -9999.0 -9999.0 -9999.0 -9999.0 -9999.0 -9999.0 -9999.0 -9999.0 -9999.0 -9999.0
-9999.0 -9999.0 -9999.0 -9999.0 -9999.0 -9999.0 -9999.0 -9999.0 -9999.0 -9999.0 -9999.0 6348.392508 -151.375585 399.960726 -346.943949 209.207767 -4817.774669 -602.508615 101.130966 -200.460833 -655.060680 -257.573235 6402.920727 7103.830933 -188.282368 6489.067194 4210.014948 7680.381270 10395.322145 -265.960618 -542.049044 3645.953384 -463.525044 -567.968488 -663.340935 -654.358520 -265.398985 -1091.179954 -204.482799 -9999.0 -9999.0 -9999.0 -2748.386192 -9999.0 -9999.0 -9999.0 -9999.0 -9999.0 -9999.0 -9999.0 -9999.0 -9999.0 -9999.0 -9999.0 -9999.0 -9999.0 -9999.0 -9999.0 -9999.0
-9999.0 -9999.0 -9999.0 -9999.0 -9999.0 -9999.0 -9999.0 -9999.0 -9999.0 -9999.0 -9999.0 7508.136259 -266.123553 -108.366907 -422.261648 4159.530943 -564.059875 -790.385043 -371.005009 -246.059495 -200.457201 984.267521 7061.484180 7180.413599 6677.999802 8034.790687 7057.033971 6790.452010 -229.575080 -396.455693 6337.611321 6111.042170 7059.037459 5996.376146 6269.734147 7088.871179 4015.098883 -1752.970179 -1626.998362 -1837.406602 -912.419220 -566.706493 6420.007435 -623.009329 -9999.0 -9999.0 -9999.0 6475.826472 6720.617192 -522.176656 7263.961565 -534.325248 -484.354364 6578.864335 6521.843817 -233.547252 -9999.0 -9999.0 -9999.0
-9999.0 -9999.0 -9999.0 -9999.0 -9999.0 -9999.0 -9999.0 -9999.0 -9999.0 -9999.0 -9999.0 5641.726084 5338.779884 -128.367246 301.944137 961.749157 -211.267192 -458.125223 -304.502646 -375.326164 -350.571336 -291.294666 5173.075641 7325.297450 7973.608162 -510.486414 7463.786117 7540.414625 -542.336499 7048.472869 -544.956121 564.218208 6127.521126 7400.054484 -542.044019 2840.482140 7439.826499 -1540.367615 -2471.992177 -2430.419128 -663.056821 -64.773820 5150.432937 7825.539562 7110.201214 -9999.0 -563.152980 6248.302114 6716.872439 6825.821630 1652.092837 -476.479464 2.334818 6941.098059 1711.042551 6467.068351 -9999.0 -9999.0 -9999.0
-9999.0 -9999.0 -9999.0 -9999.0 -9999.0 -9999.0 -9999.0 -9999.0 -9999.0 -9999.0 -9999.0 -9999.0 7563.744167 7203.240841 2552.803413 1921.117021 -362.766988 -550.297434 -203.981345 -308.136822 -406.477535 -287.473933 -193.658595 6493.523369 6999.553018 6293.044111 886.204066 -7.447525 6759.836607 -595.408738 7672.504758 5306.882284 -11.481268 7028.443658 6947.287259 4780.020873 -502.322599 -2405.041960 -2543.371711 -2008.197889 -938.718511 -2135.154252 -142.399526 7075.725465 -882.803554 6995.358420 -680.067898 6913.861426 -95.875677 4583.563219 1965.347735 323.383551 1091.384281 295.312928 280.168864 7005.740722 6966.211675 -9999.0 -9999.0
-9999.0 -9999.0 -9999.0 -9999.0 -9999.0 -9999.0 -9999.0 -9999.0 -9999.0 -9999.0 -9999.0 7580.396448 7465.775609 -10.347482 6525.526388 2535.928915 -246.290667 -355.326714 -222.556745 -539.770405 -440.780223 -193.819857 4401.059602 -189.981680 5533.213141 4708.151873 6596.836483 7725.366872 6868.746810 -661.042229 7384.638835 7396.043955 3726.341295 6999.836732 6884.374608 7660.148022 -286.478186 -2771.226850 -1875.253963 -2264.591788 -2290.829364 -1537.600614 -77.656120 -6028.341217 4895.440569 7197.649041 6850.593830 -1063.880619 -1062.521834 -144.871096 -3523.645405 7367.921149 2946.767665 -896.081168 -1186.222365 -443.236280 -399.772952 -9999.0 -9999.0
-9999.0 -9999.0 -9999.0 -9999.0 -9999.0 -9999.0 -9999.0 -9999.0 -9999.0 -9999.0 4815.791847 6683.094351 5907.901894 5837.908762 3195.931032 4199.976071 4710.307476 -389.052395 -761.749040 -511.252452 -66.721038 83.204646 -175.885146 3903.337151 92.350898 2465.701249 -35.970479 -5133.302108 -15.282164 6509.500431 3511.213123 3779.265492 5929.033023 6218.413125 -405.698958 -577.447617 6666.063775 6002.997450 -888.935502 -274.644462 -267.324805 -2130.830648 -220.710288 98.118664 1338.147126 -622.988841 7928.475818 -150.194203 2450.630661 170.449272 -5401.844713 -455.171022 -1022.988463 -188.310615 -384.986361 5011.525143 5043.888398 -9999.0 -9999.0
-9999.0 -9999.0 -9999.0 -9999.0 -9999.0 -9999.0 -9999.0 -9999.0 -9999.0 7984.988869 7528.544946 1866.297074 1947.236584 4362.667280 3167.278491 4020.888184 1779.456576 -140.518952 -638.241651 -785.990616 -209.394875 -588.075547 -453.054053 -348.571138 -242.429774 2880.918642 6805.110126 5966.823188 -182.874284 1307.289896 -229.485804 -64.713770 -347.028016 -424.322858 -558.368817 -562.767130 3801.273979 5746.547888 7508.893327 7501.791190 8477.192255 2690.682922 -168.758735 -421.622128 -249.950440 -257.728950 2155.133158 -222.384248 -211.787261 -225.006714 -134.293364 -437.697259 -213.006400 -216.527232 -386.352661 -106.303240 938.078158 -210.062161 -324.924743
-9999.0 -9999.0 -9999.0 -9999.0 -9999.0 -9999.0 -9999.0 -9999.0 -9999.0 -5.071387 3935.723700 7513.443597 8139.700457 -187.935250 2078.430891 4328.862081 2915.713047 -240.984972 -681.586324 -451.121324 -375.202894 -520.532223 -216.484988 31.081684 -43.097654 5920.923452 3923.648376 126.758555 -227.241310 -175.960861 4007.701982 4021.688393 3771.186049 7449.304153 7781.116555 -575.486924 -565.515383 -564.296084 7306.970435 7977.754742 6790.364267 -111.187312 3387.845839 -184.296291 -353.647186 -274.912270 -224.019091 -373.124839 -278.548051 -224.456232 -68.899044 745.670495 -316.405952 5740.668086 -62.257613 5233.346011 -68.777425 4654.989327 -252.017794
-9999.0 -9999.0 -9999.0 -9999.0 -9999.0 -9999.0 -9999.0 -9999.0 -9999.0 -9999.0 7558.785175 7509.381754 7326.416693 7754.913249 -281.833982 1105.041831 -151.123207 -286.219327 -697.067929 -497.109944 -265.611737 -615.325936 -286.479909 -187.861441 5309.133260 763.966263 -242.766666 -31.076819 2717.281769 11232.879331 7096.424598 15242.646599 3099.130043 6873.639191 7038.985904 6611.074571 5608.819717 6151.430346 -400.091275 7462.686072 7672.648706 6559.388977 10528.227494 -191.080730 -212.577194 -324.649535 -281.136792 -183.074287 -243.394985 -279.912310 -78.406886 -129.027630 -451.354815 -221.621441 5641.886454 6341.159945 6365.812852 14534.965434 -164.466835
-9999.0 -9999.0 -9999.0 -9999.0 -9999.0 -9999.0 -9999.0 -9999.0 -9999.0 -9999.0 6687.465081 7504.168183 6648.465330 2303.267945 6.512839 -472.814745 -421.410689 -613.716059 -678.640781 -982.128304 -991.996635 -620.144202 -336.754161 2682.908810 764.185382 -198.789855 92.572058 287.657138 9724.271953 2594.003417 7746.931472 7631.164237 -3104.094483 7328.251267 7914.009786 7390.641683 8465.596243 6747.368290 -60.759871 7659.355167 8097.028058 -82.678728 7814.846492 7296.896898 6348.666448 -60.402228 327.055306 -212.538262 -236.647332 92.118933 -156.757058 -104.548480 5829.246886 -369.808666 -276.154865 -326.423208 7282.973976 -124.149951 115.878857
-9999.0 -9999.0 -9999.0 -9999.0 -9999.0 -9999.0 -9999.0 -9999.0 8080.144344 7078.147587 -16.093579 6354.187014 4529.908819 4523.233537 5719.838445 -274.095495 -727.185120 -534.052891 -593.236131 -1176.021186 -1162.627502 -814.826658 -726.338365 -601.890114 -326.401305 -223.079809 -106.785906 10690.059411 8650.851795 2276.016413 -375.849402 5699.250204 7415.373354 7351.486751 7616.865649 7849.502597 3696.013566 6911.688965 6671.113770 -612.232894 -803.789006 5044.189174 -3080.156825 -466.921542 -804.446502 3381.958035 6630.266843 5497.658869 -187.878215 90.044119 244.263780 -77.606097 5593.104433 1214.694452 -577.658661 319.851958 -290.494241 4822.029985 -227.436756
-9999.0 -9999.0 -9999.0 -9999.0 -9999.0 -9999.0 -9999.0 -9999.0 -8.514050 3830.977994 -40.069364 7351.856239 7320.379040 7338.312327 7384.310565 -307.295946 -505.897778 -589.669440 -1049.629726 -1167.742963 -398.949995 -481.875198 -495.740231 -496.442054 -738.432671 -389.874244 14.947438 5850.288036 -4715.545409 7606.610432 7236.755861 -1251.952540 4027.490211 -1171.979217 6135.644604 8031.606319 4564.283983 2518.001687 -129.651605 7793.320647 8158.644290 -31.777142 -795.915417 7708.254863 9641.355245 5277.870949 -4045.607323 7862.894652 -127.498845 -210.711129 85.602451 7086.874008 8548.886338 6820.866173 -18.656894 -11212.626396 -197.426242 -247.559444 -102.182052
-9999.0 -9999.0 -9999.0 -9999.0 -9999.0 -9999.0 -9999.0 -9999.0 8004.416099 7282.021503 2609.625042 -32.911316 7226.469263 -3774.676577 4917.244683 -149.342593 -499.571042 -463.439927 -1029.568325 -469.656159 -1183.996128 -636.475148 -539.895054 -910.181990 -466.529558 -488.394320 -226.167827 9924.667714 -4856.019529 7604.302802 -1859.392150 5384.113630 7358.209399 -151.958174 7286.800955 5385.372011 -135.641241 90.263888 4374.926051 -90.655314 7814.890855 -1252.475490 8070.544590 7965.560595 7272.748594 8079.243652 -951.018299 7459.747040 7108.392839 -215.692413 -208.311899 -151.857670 3831.904126 4058.588320 -138.863985 397.297877 65.975677 91.900137 -221.397341
-9999.0 -9999.0 -9999.0 -9999.0 -9999.0 -9999.0 -9999.0 -9999.0 -818.395475 7976.805052 956.978235 -4998.027412 7899.266871 6734.553940 -93.908379 -214.113356 -769.519826 -933.528887 -380.951112 -1135.069788 -1071.089117 -1048.561729 -621.536456 -927.590032 -763.531971 -411.196230 42.351222 87.946692 5862.567603 -110.200776 -159.859626 -135.727645 -146.501724 1554.083568 -125.556070 4288.441103 -200.298484 -478.640255 -153.521268 -191.015104 6624.828220 6723.843843 7920.971646 -988.492368 6841.341228 -909.077511 -12.941784 -970.825594 6736.569450 -198.755412 -270.085084 -161.961601 -283.270156 1020.919509 173.190303 101.817663 101.565074 142.654489 -293.935730
-9999.0 -9999.0 -9999.0 -9999.0 -9999.0 -9999.0 -9999.0 -9999.0 6791.700683 8272.578953 5539.898922 4997.668881 3119.858544 10654.791825 -159.237728 99.171083 87.626436 -475.691878 -429.582219 -580.767984 -930.969917 -873.284893 -1027.993251 -1052.250115 -407.042723 -483.405159 7823.816859 760.541017 -229.094936 1558.560890 -193.942953 214.492182 98.212868 -157.420771 -250.997060 -267.489644 -288.744104 -541.250204 -472.193129 -2.922635 -242.021402 -134.307035 -239.803638 -170.771220 -196.385045 4944.288699 -222.527027 -179.278679 -227.672195 -257.697938 -199.676565 -461.279253 -266.580628 -230.016228 192.609044 183.955583 103.102386 102.311971 22.339439
-9999.0 -9999.0 -20.289247 7165.172907 779.252569 6094.644734 5331.183411 5200.665846 7637.514949 8012.436264 5811.003917 6147.049211 6321.892976 3677.486312 88.204101 83.891491 -168.063348 8450.646810 4137.782369 -317.751903 -599.750662 -612.308050 -46.331087 -1302.813849 -910.546934 -614.513517 -486.435964 -416.219177 -338.706698 -33.045456 -312.075256 -299.033124 106.966051 -342.683152 -248.520169 -506.894485 -380.554222 -641.708234 -602.143947 -506.025396 -326.512830 -240.812764 -300.268701 -192.912800 -279.658051 -254.997891 88.206489 -254.868723 -226.286675 -309.096822 -404.531129 -485.591243 -60.025691 102.111659 103.245206 102.719523 106.953879 -126.868157 -169.075648
