erum2020/resources/simulation/Vinschgau/output-maps/SWEDENSITYN0046.asc
ncols         63
nrows         48
xllcorner     598000.000000
yllcorner     5145000.000000
cellsize      1000.000000
NODATA_value  -9999.0
[rows 0 to 27 of 48, columns 0 to 62 of 63]
-9999.0 -9999.0 -9999.0 -9999.0 -9999.0 -9999.0 -9999.0 -9999.0 -9999.0 -9999.0 -9999.0 -9999.0 -9999.0 -9999.0 -9999.0 -9999.0 -9999.0 -9999.0 -9999.0 -9999.0 -9999.0 -9999.0 -9999.0 -9999.0 -9999.0 -9999.0 -9999.0 -9999.0 -9999.0 -9999.0 -9999.0 -9999.0 -9999.0 -9999.0 -9999.0 -9999.0 -9999.0 -9999.0 -9999.0 -9999.0 -9999.0 -9999.0 -9999.0 -9999.0 -9999.0 -9999.0 -9999.0 -9999.0 -9999.0 -9999.0 -9999.0 -9999.0 -9999.0 -9999.0 -9999.0 -9999.0 -9999.0 -9999.0 -9999.0 -9999.0 -9999.0 -9999.0 -9999.0
-9999.0 -9999.0 -9999.0 -9999.0 -9999.0 -9999.0 -9999.0 -9999.0 -9999.0 -9999.0 -9999.0 -9999.0 -9999.0 -9999.0 -9999.0 -9999.0 -9999.0 -9999.0 -9999.0 -9999.0 -9999.0 -9999.0 -9999.0 -9999.0 -9999.0 -9999.0 -9999.0 214.791037 199.256097 200.499866 211.536547 191.008292 184.624314 -9999.0 -9999.0 -9999.0 -9999.0 -9999.0 -9999.0 -9999.0 -9999.0 -9999.0 -9999.0 -9999.0 -9999.0 -9999.0 -9999.0 -9999.0 -9999.0 -9999.0 -9999.0 -9999.0 -9999.0 -9999.0 -9999.0 -9999.0 -9999.0 -9999.0 -9999.0 -9999.0 -9999.0 -9999.0 -9999.0
-9999.0 -9999.0 -9999.0 -9999.0 -9999.0 -9999.0 -9999.0 -9999.0 -9999.0 -9999.0 -9999.0 -9999.0 -9999.0 -9999.0 -9999.0 -9999.0 -9999.0 -9999.0 -9999.0 -9999.0 -9999.0 -9999.0 -9999.0 -9999.0 193.752725 156.871157 107.532264 169.273011 145.272243 198.338532 218.458584 -9999.0 -9999.0 -9999.0 -9999.0 -9999.0 -9999.0 -9999.0 -9999.0 -9999.0 -9999.0 -9999.0 -9999.0 -9999.0 -9999.0 -9999.0 -9999.0 -9999.0 -9999.0 -9999.0 -9999.0 -9999.0 -9999.0 -9999.0 -9999.0 -9999.0 -9999.0 -9999.0 -9999.0 -9999.0 -9999.0 -9999.0 -9999.0
-9999.0 -9999.0 -9999.0 -9999.0 -9999.0 -9999.0 -9999.0 -9999.0 -9999.0 -9999.0 -9999.0 -9999.0 -9999.0 -9999.0 -9999.0 -9999.0 -9999.0 -9999.0 -9999.0 -9999.0 -9999.0 -9999.0 -9999.0 137.927756 115.861496 3.263008 40.240978 98.983819 -nan 173.390722 194.238863 213.043397 -9999.0 -9999.0 -9999.0 -9999.0 -9999.0 -9999.0 -9999.0 -9999.0 -9999.0 -9999.0 -9999.0 -9999.0 -9999.0 -9999.0 -9999.0 -9999.0 -9999.0 -9999.0 -9999.0 -9999.0 -9999.0 -9999.0 -9999.0 -9999.0 -9999.0 -9999.0 -9999.0 -9999.0 -9999.0 -9999.0 -9999.0
-9999.0 -9999.0 -9999.0 -9999.0 -9999.0 -9999.0 -9999.0 -9999.0 -9999.0 -9999.0 -9999.0 -9999.0 -9999.0 -9999.0 -9999.0 -9999.0 -9999.0 -9999.0 114.726256 114.952112 -9999.0 150.097314 120.098856 48.144812 6.272755 126.694456 303.017626 311.501795 -nan 96.144819 126.237102 197.488655 169.294954 171.865559 -9999.0 -9999.0 -9999.0 -9999.0 -9999.0 -9999.0 -9999.0 -9999.0 -9999.0 -9999.0 -9999.0 -9999.0 -9999.0 -9999.0 -9999.0 -9999.0 -9999.0 -9999.0 -9999.0 -9999.0 -9999.0 -9999.0 -9999.0 -9999.0 -9999.0 -9999.0 -9999.0 -9999.0 -9999.0
-9999.0 -9999.0 -9999.0 -9999.0 -9999.0 -9999.0 -9999.0 -9999.0 -9999.0 -9999.0 -9999.0 -9999.0 -9999.0 -9999.0 -9999.0 -9999.0 -9999.0 208.792484 147.811292 60.803014 121.047936 129.904170 144.429864 44.631876 87.491473 110.960731 226.178809 236.067373 256.761007 303.996152 104.455938 153.917648 107.826780 151.853878 204.464508 184.144580 -9999.0 -9999.0 -9999.0 -9999.0 -9999.0 -9999.0 -9999.0 -9999.0 -9999.0 -9999.0 -9999.0 -9999.0 -9999.0 -9999.0 -9999.0 -9999.0 -9999.0 -9999.0 -9999.0 -9999.0 -9999.0 -9999.0 -9999.0 -9999.0 -9999.0 -9999.0 -9999.0
-9999.0 -9999.0 -9999.0 -9999.0 -9999.0 -9999.0 -9999.0 -9999.0 -9999.0 -9999.0 -9999.0 -9999.0 -9999.0 172.050988 130.842335 136.927184 -nan -nan 196.686977 58.909698 64.613539 38.656184 48.374291 110.933202 108.357174 203.282157 196.678810 216.752442 193.803978 211.993130 260.398777 215.784375 210.436655 176.010361 175.081874 178.082445 -9999.0 -9999.0 -9999.0 -9999.0 -9999.0 -9999.0 -9999.0 -9999.0 -9999.0 -9999.0 -9999.0 -9999.0 -9999.0 -9999.0 -9999.0 -9999.0 -9999.0 -9999.0 -9999.0 -9999.0 -9999.0 -9999.0 -9999.0 -9999.0 -9999.0 -9999.0 -9999.0
-9999.0 -9999.0 -9999.0 -9999.0 -9999.0 -9999.0 -9999.0 -9999.0 -9999.0 -9999.0 -9999.0 -9999.0 -9999.0 115.581673 30.944473 -nan 131.926110 43.979534 210.174281 -nan 171.260819 94.264543 143.928009 -nan 63.468540 209.739702 177.446184 191.366019 189.708155 185.166870 185.338937 170.132906 170.008995 164.777920 166.787323 -9999.0 -9999.0 -9999.0 -9999.0 -9999.0 -9999.0 -9999.0 -9999.0 -9999.0 -9999.0 -9999.0 -9999.0 -9999.0 -9999.0 -9999.0 -9999.0 -9999.0 -9999.0 -9999.0 -9999.0 -9999.0 -9999.0 -9999.0 -9999.0 -9999.0 -9999.0 -9999.0 -9999.0
-9999.0 -9999.0 -9999.0 -9999.0 -9999.0 -9999.0 -9999.0 -9999.0 -9999.0 -9999.0 -9999.0 -9999.0 -9999.0 127.220018 106.498084 38.518484 -nan 157.895165 -nan -nan 126.380651 223.032062 39.878541 221.704044 224.124465 212.727281 177.334112 179.756517 167.725830 167.014279 170.300079 160.752618 161.309193 157.400032 164.494006 -9999.0 -9999.0 -9999.0 -9999.0 -9999.0 -9999.0 -9999.0 -9999.0 -9999.0 -9999.0 -9999.0 -9999.0 -9999.0 -9999.0 -9999.0 -9999.0 -9999.0 -9999.0 -9999.0 -9999.0 -9999.0 -9999.0 -9999.0 -9999.0 -9999.0 -9999.0 -9999.0 -9999.0
-9999.0 -9999.0 -9999.0 -9999.0 -9999.0 -9999.0 -9999.0 -9999.0 -9999.0 -9999.0 -9999.0 -9999.0 128.255702 123.071874 47.539055 133.093014 21.553021 -nan 213.458894 200.754861 72.961921 168.684238 186.654341 182.343224 175.002611 169.640386 184.320749 185.526045 133.973840 172.876738 159.969251 179.035869 158.794329 195.825199 -9999.0 -9999.0 -9999.0 -9999.0 -9999.0 -9999.0 -9999.0 -9999.0 -9999.0 -9999.0 -9999.0 -9999.0 -9999.0 -9999.0 -9999.0 -9999.0 -9999.0 -9999.0 -9999.0 -9999.0 -9999.0 -9999.0 -9999.0 -9999.0 -9999.0 -9999.0 -9999.0 -9999.0 -9999.0
-9999.0 -9999.0 -9999.0 -9999.0 -9999.0 -9999.0 -9999.0 -9999.0 -9999.0 -9999.0 -9999.0 194.836194 140.254136 58.417086 124.635277 198.532495 157.500147 -nan 214.511207 -nan 118.064123 135.584779 151.865321 181.106606 172.632577 193.648851 157.295672 163.259882 157.090875 163.402811 185.480320 107.211459 196.353383 198.351976 191.840402 186.003920 87.111304 82.012713 78.927471 -9999.0 -9999.0 -9999.0 207.494429 -9999.0 -9999.0 -9999.0 -9999.0 -9999.0 -9999.0 -9999.0 -9999.0 -9999.0 -9999.0 -9999.0 -9999.0 -9999.0 -9999.0 -9999.0 -9999.0 -9999.0 -9999.0 -9999.0 -9999.0
-9999.0 -9999.0 -9999.0 -9999.0 -9999.0 -9999.0 -9999.0 -9999.0 -9999.0 -9999.0 -9999.0 187.096159 188.275404 133.544424 114.918543 197.456546 129.795342 -nan -nan 198.119870 134.517559 129.255334 129.995520 153.989146 179.083247 191.452738 128.084491 112.211002 199.338121 187.207182 112.658160 128.457260 103.849443 198.642082 190.516749 130.417470 69.721191 31.855409 27.328336 74.428092 80.122068 214.831395 96.192579 212.466334 -9999.0 -9999.0 -9999.0 171.458755 176.373421 178.502101 172.533868 173.615156 174.372365 167.184773 172.247364 175.658952 -9999.0 -9999.0 -9999.0 -9999.0 -9999.0 -9999.0 -9999.0
-9999.0 -9999.0 -9999.0 -9999.0 -9999.0 -9999.0 -9999.0 -9999.0 -9999.0 -9999.0 -9999.0 157.978849 207.841422 147.647262 161.265811 109.726050 142.959946 -nan 204.946262 203.234161 -nan 160.377368 125.118109 107.587726 166.321005 117.186088 127.542340 211.147038 183.787172 183.388781 188.130605 174.876694 108.892458 189.933322 209.399369 82.317246 108.397302 -nan -nan 12.623784 71.058093 89.667028 97.498628 129.102625 188.375659 -9999.0 186.362757 182.259254 174.559522 163.077250 145.911520 145.589516 156.916824 166.430078 173.797550 178.145070 -9999.0 -9999.0 -9999.0 -9999.0 -9999.0 -9999.0 -9999.0
-9999.0 -9999.0 -9999.0 -9999.0 -9999.0 -9999.0 -9999.0 -9999.0 -9999.0 -9999.0 -9999.0 -9999.0 214.623594 174.330987 123.709728 110.924674 99.449226 123.350392 210.171638 -nan 135.584751 159.396209 165.018431 130.181448 123.596741 123.653767 123.065089 193.653458 186.600786 165.396834 137.970005 145.574315 146.348929 184.336622 178.262755 239.752240 33.313472 -nan 129.784501 88.443289 72.801381 92.058384 100.467663 102.966361 151.896825 172.273905 177.006009 187.645195 202.577536 135.786280 157.989951 220.711065 173.118370 209.219175 190.794259 179.805607 186.772353 -9999.0 -9999.0 -9999.0 -9999.0 -9999.0 -9999.0
-9999.0 -9999.0 -9999.0 -9999.0 -9999.0 -9999.0 -9999.0 -9999.0 -9999.0 -9999.0 -9999.0 119.495984 172.531994 208.659520 128.021949 130.049730 143.532090 2.745268 4.363572 -nan 145.777359 45.171372 157.760098 122.681725 123.759646 160.094805 164.838306 174.439824 124.646892 132.654607 136.079081 117.894679 116.872733 192.121602 176.712705 223.651652 204.175422 -nan -nan 12.184513 96.550103 -nan -nan 39.551852 102.397926 185.329185 183.390678 162.105315 188.321197 97.516756 198.264601 177.409564 179.674679 173.654348 176.352170 171.652346 187.855503 -9999.0 -9999.0 -9999.0 -9999.0 -9999.0 -9999.0
-9999.0 -9999.0 -9999.0 -9999.0 -9999.0 -9999.0 -9999.0 -9999.0 -9999.0 -9999.0 191.239388 128.585241 114.090477 124.521539 138.840066 137.952811 147.683690 80.787293 165.536452 198.601952 165.987830 144.401808 141.013283 129.563919 166.269922 141.151596 192.419117 147.237233 110.062816 114.638111 112.494616 224.620902 214.644960 195.640854 172.178781 228.223103 84.572933 96.636762 -nan 145.950425 142.603088 -nan 135.098484 169.548991 37.607777 149.862103 184.108426 140.629758 97.010165 63.348365 180.808388 179.468169 173.493472 172.087826 175.213797 188.657252 187.367965 -9999.0 -9999.0 -9999.0 -9999.0 -9999.0 -9999.0
-9999.0 -9999.0 -9999.0 -9999.0 -9999.0 -9999.0 -9999.0 -9999.0 -9999.0 171.703505 185.111136 187.809090 141.462373 125.716778 131.259144 176.133106 183.197103 129.481255 171.183088 207.689576 178.770977 75.164870 79.030616 98.293154 106.535904 190.697877 115.725174 118.330947 152.440818 108.833450 67.071468 199.619653 168.200576 159.805437 191.260920 215.244030 209.550640 225.786877 233.095204 472.880356 -nan 233.757044 219.449301 193.697675 172.189718 51.882385 107.729040 140.432291 173.400149 44.308288 180.523349 193.184088 171.553001 187.587030 190.614023 196.925902 193.966467 178.068022 180.976865 -9999.0 -9999.0 -9999.0 -9999.0
-9999.0 -9999.0 -9999.0 -9999.0 -9999.0 -9999.0 -9999.0 -9999.0 -9999.0 167.584327 170.440512 180.049404 116.707373 149.030059 138.187120 127.725724 138.661661 117.520746 204.587737 215.626633 215.626633 169.400714 61.449690 163.531387 195.455186 129.295601 165.211709 123.271139 29.864033 296.622564 215.454404 145.004082 200.393588 185.679974 133.217662 97.025967 115.901322 132.386967 198.483160 240.799282 227.588431 201.075681 46.102504 -nan -nan -nan -nan 38.814314 68.851735 24.433810 198.349594 175.112268 194.661460 192.438094 182.064599 194.603693 205.966278 183.946875 166.099719 -9999.0 -9999.0 -9999.0 -9999.0
-9999.0 -9999.0 -9999.0 -9999.0 -9999.0 -9999.0 -9999.0 -9999.0 -9999.0 -9999.0 164.267891 170.345191 144.072270 14.511118 154.564880 144.765830 149.160864 36.411148 -nan -nan 215.626633 147.854639 133.306992 157.916737 135.634473 117.654614 131.675348 164.706321 190.739346 198.164088 192.396077 176.225758 178.215793 177.257718 123.834395 113.178166 109.680628 112.141848 178.877373 176.382608 167.424781 187.669248 267.615722 246.007478 265.144630 -nan 190.793167 -nan -nan 59.107373 173.468830 186.974945 190.098091 197.550506 180.505529 187.889500 195.725043 156.920130 183.305591 156.132712 -9999.0 -9999.0 -9999.0
-9999.0 -9999.0 -9999.0 -9999.0 -9999.0 -9999.0 -9999.0 -9999.0 -9999.0 -9999.0 163.539497 167.493711 179.871425 158.083052 138.318445 54.511193 94.051966 155.409115 -nan -nan 163.329599 83.346580 135.700120 151.493996 145.725130 153.507329 -nan -nan 179.825437 167.222807 170.521352 207.686201 172.267744 179.392606 179.002859 200.583104 57.770839 87.256302 159.874379 192.980965 203.057054 244.635773 218.009969 188.847202 223.129135 255.484368 259.111190 275.045811 -nan -nan 58.693406 210.062189 194.328300 201.988819 196.292696 188.753492 181.788817 238.684863 -nan -nan -9999.0 -9999.0 -9999.0
-9999.0 -9999.0 -9999.0 -9999.0 -9999.0 -9999.0 -9999.0 -9999.0 111.881619 106.204766 124.005932 176.861802 173.967967 157.186524 160.776751 -nan 169.652865 215.626633 -nan -nan -nan 169.299119 -nan 94.258445 89.485574 -nan 184.094450 209.486174 196.727029 186.152681 159.967591 179.359413 190.980353 188.878669 199.157361 167.888960 230.972225 71.890447 177.476202 195.766678 206.294303 197.896896 181.066334 175.798188 188.278660 265.871142 193.083552 241.585719 172.721641 -nan -nan 78.593222 212.129616 208.356187 195.165123 183.536888 190.625753 186.398161 0.205420 -nan -9999.0 -9999.0 -9999.0
-9999.0 -9999.0 -9999.0 -9999.0 -9999.0 -9999.0 -9999.0 -9999.0 188.654910 132.306563 112.811006 163.488123 172.662453 152.021051 144.537864 76.084914 21.075852 155.755035 -nan -nan -nan -nan 168.791711 24.882303 177.053253 -nan 161.589144 135.431856 200.951565 172.062934 179.706649 130.842871 194.345901 191.119197 198.101396 180.144976 123.270452 69.614387 179.973131 196.918762 189.779428 169.298297 188.177382 201.386929 169.367065 220.447957 193.393860 201.127249 283.177620 -nan -nan 98.787432 227.020899 210.181104 144.706994 150.447201 169.291109 59.970550 -nan -nan -nan -9999.0 -9999.0
-9999.0 -9999.0 -9999.0 -9999.0 -9999.0 -9999.0 -9999.0 -9999.0 171.689623 145.402502 114.732032 134.541933 114.680353 175.578612 134.683620 143.296998 76.018380 165.894815 -nan -nan -nan -nan -nan -nan -nan 194.371436 131.557840 159.579022 126.260339 107.265734 136.799284 114.396316 128.872446 122.475014 201.597148 120.633922 233.842838 -nan 203.859824 209.163492 203.753512 201.172358 206.541652 203.645983 195.236952 200.353011 194.857227 205.293525 211.749480 194.780789 -nan 19.092433 126.231600 234.487311 0.591723 1.597695 72.766578 -nan -nan -nan -nan -9999.0 -9999.0
-9999.0 -9999.0 -9999.0 -9999.0 -9999.0 -9999.0 -9999.0 -9999.0 160.838417 146.438917 151.383256 111.890342 113.169685 125.447248 148.427842 73.351997 -nan -nan -nan -nan -nan -nan -nan -nan -nan 98.319052 162.100858 131.992992 113.430256 144.519331 128.737459 136.131939 146.156075 127.644892 185.856898 169.027658 160.820026 215.626633 176.589746 199.322815 201.780564 188.551702 190.801699 152.737057 193.747015 190.137944 188.846021 185.904799 178.993117 159.502042 -nan -nan 159.206404 0.932658 2568.181750 -nan -nan -nan -nan -nan -nan -nan -9999.0
-9999.0 -9999.0 -9999.0 -9999.0 -9999.0 -9999.0 -9999.0 -9999.0 134.580014 145.530761 151.064557 142.638152 158.008258 184.568289 165.772348 -nan -nan 197.873694 74.261525 -nan -nan -nan -nan -nan 21.212469 122.353712 140.086164 150.662269 132.599775 102.358587 158.614730 136.685216 -nan 104.304250 156.144737 137.392807 84.957724 -nan -nan 85.161713 152.014432 150.689595 108.596880 151.188123 166.306455 172.567356 159.645201 86.117452 128.456569 215.626633 -nan -nan 6873.740428 -nan 7476.567234 16997.346166 -nan -nan -nan -nan -nan 215.626633 -9999.0
-9999.0 -9999.0 121.254982 131.322811 161.416613 119.814430 129.627528 115.707100 111.983909 167.235908 137.562039 179.259606 182.399480 146.288340 215.626633 -nan 94.069166 166.733889 165.698722 84.612558 174.627966 -nan -nan -nan 213.844169 141.052250 93.342600 81.644870 -nan 101.569153 86.337779 57.360227 -nan -nan 215.626633 215.626633 21.820387 -nan -nan -nan 39.064099 -nan -nan 42.005832 40.595593 98.683337 -nan -nan -nan -nan -nan -nan -nan 7274.496471 4538.895345 -nan -nan -nan -nan -nan 15.123305 232.785132 -9999.0
-9999.0 137.702564 138.004873 133.517566 121.389072 139.408547 153.958190 166.012496 159.592146 172.366767 156.130745 149.971881 -nan 34.312315 35.695281 158.175946 161.683113 164.624697 126.207252 92.690711 190.303132 -nan -nan -nan -nan -nan 215.445398 215.626633 -nan -nan 215.626633 204.777528 -nan -nan -nan 3423.302894 1380.910524 820.705645 345.211318 549.724150 -nan -nan -nan -nan -nan -nan -nan -nan -nan -nan -nan -nan -nan 3704.994095 3411.051585 1205.447603 82.014498 8.285674 0.166819 283.129248 252.518159 237.414735 -9999.0
-9999.0 210.811077 151.841499 152.370800 139.228539 144.832967 125.107897 109.899892 106.725989 106.256978 117.560670 146.936677 168.238652 98.168091 176.809156 134.978949 167.972764 119.257004 151.738559 83.250210 197.256941 -nan -nan -nan -nan -nan -nan -nan -nan -nan -nan -nan -nan -nan -nan -nan -nan -nan -nan -nan -nan -nan -nan -nan -nan -nan -nan -nan -nan -nan -nan -nan 40.948701 11312.341204 692.068588 0.499810 6.975945 284.570280 267.764119 243.551911 236.795789 -9999.0 -9999.0
