erum2020/resources/simulation/Vinschgau/output-maps/SWEDENSITYN0142.asc
ncols         63
nrows         48
xllcorner     598000.000000
yllcorner     5145000.000000
cellsize      1000.000000
NODATA_value  -9999.0
[rows 0 to 26 of 48, columns 0 to 60 of 63]
-9999.0 -9999.0 -9999.0 -9999.0 -9999.0 -9999.0 -9999.0 -9999.0 -9999.0 -9999.0 -9999.0 -9999.0 -9999.0 -9999.0 -9999.0 -9999.0 -9999.0 -9999.0 -9999.0 -9999.0 -9999.0 -9999.0 -9999.0 -9999.0 -9999.0 -9999.0 -9999.0 -9999.0 -9999.0 -9999.0 -9999.0 -9999.0 -9999.0 -9999.0 -9999.0 -9999.0 -9999.0 -9999.0 -9999.0 -9999.0 -9999.0 -9999.0 -9999.0 -9999.0 -9999.0 -9999.0 -9999.0 -9999.0 -9999.0 -9999.0 -9999.0 -9999.0 -9999.0 -9999.0 -9999.0 -9999.0 -9999.0 -9999.0 -9999.0 -9999.0 -9999.0
-9999.0 -9999.0 -9999.0 -9999.0 -9999.0 -9999.0 -9999.0 -9999.0 -9999.0 -9999.0 -9999.0 -9999.0 -9999.0 -9999.0 -9999.0 -9999.0 -9999.0 -9999.0 -9999.0 -9999.0 -9999.0 -9999.0 -9999.0 -9999.0 -9999.0 -9999.0 -9999.0 255.082322 249.601212 247.298319 253.563992 252.369839 249.943319 -9999.0 -9999.0 -9999.0 -9999.0 -9999.0 -9999.0 -9999.0 -9999.0 -9999.0 -9999.0 -9999.0 -9999.0 -9999.0 -9999.0 -9999.0 -9999.0 -9999.0 -9999.0 -9999.0 -9999.0 -9999.0 -9999.0 -9999.0 -9999.0 -9999.0 -9999.0 -9999.0 -9999.0
-9999.0 -9999.0 -9999.0 -9999.0 -9999.0 -9999.0 -9999.0 -9999.0 -9999.0 -9999.0 -9999.0 -9999.0 -9999.0 -9999.0 -9999.0 -9999.0 -9999.0 -9999.0 -9999.0 -9999.0 -9999.0 -9999.0 -9999.0 -9999.0 253.880518 240.489347 233.328151 234.734548 233.077072 240.744996 252.097282 -9999.0 -9999.0 -9999.0 -9999.0 -9999.0 -9999.0 -9999.0 -9999.0 -9999.0 -9999.0 -9999.0 -9999.0 -9999.0 -9999.0 -9999.0 -9999.0 -9999.0 -9999.0 -9999.0 -9999.0 -9999.0 -9999.0 -9999.0 -9999.0 -9999.0 -9999.0 -9999.0 -9999.0 -9999.0 -9999.0
-9999.0 -9999.0 -9999.0 -9999.0 -9999.0 -9999.0 -9999.0 -9999.0 -9999.0 -9999.0 -9999.0 -9999.0 -9999.0 -9999.0 -9999.0 -9999.0 -9999.0 -9999.0 -9999.0 -9999.0 -9999.0 -9999.0 -9999.0 244.870610 240.790644 243.683929 233.583600 237.071462 228.373685 231.176826 244.937530 251.042219 -9999.0 -9999.0 -9999.0 -9999.0 -9999.0 -9999.0 -9999.0 -9999.0 -9999.0 -9999.0 -9999.0 -9999.0 -9999.0 -9999.0 -9999.0 -9999.0 -9999.0 -9999.0 -9999.0 -9999.0 -9999.0 -9999.0 -9999.0 -9999.0 -9999.0 -9999.0 -9999.0 -9999.0 -9999.0
-9999.0 -9999.0 -9999.0 -9999.0 -9999.0 -9999.0 -9999.0 -9999.0 -9999.0 -9999.0 -9999.0 -9999.0 -9999.0 -9999.0 -9999.0 -9999.0 -9999.0 -9999.0 231.325876 247.694180 -9999.0 250.133510 239.511890 244.750109 234.605132 227.971060 228.792878 234.141768 214.048981 224.363587 229.957881 247.320279 242.880642 242.944452 -9999.0 -9999.0 -9999.0 -9999.0 -9999.0 -9999.0 -9999.0 -9999.0 -9999.0 -9999.0 -9999.0 -9999.0 -9999.0 -9999.0 -9999.0 -9999.0 -9999.0 -9999.0 -9999.0 -9999.0 -9999.0 -9999.0 -9999.0 -9999.0 -9999.0 -9999.0 -9999.0
-9999.0 -9999.0 -9999.0 -9999.0 -9999.0 -9999.0 -9999.0 -9999.0 -9999.0 -9999.0 -9999.0 -9999.0 -9999.0 -9999.0 -9999.0 -9999.0 -9999.0 -nan 275.063885 240.571965 245.390805 242.193889 238.991038 238.821207 233.754999 211.092527 245.019975 247.345837 244.960991 235.993410 228.900790 234.947622 233.922984 242.536892 253.073609 249.420721 -9999.0 -9999.0 -9999.0 -9999.0 -9999.0 -9999.0 -9999.0 -9999.0 -9999.0 -9999.0 -9999.0 -9999.0 -9999.0 -9999.0 -9999.0 -9999.0 -9999.0 -9999.0 -9999.0 -9999.0 -9999.0 -9999.0 -9999.0 -9999.0 -9999.0
-9999.0 -9999.0 -9999.0 -9999.0 -9999.0 -9999.0 -9999.0 -9999.0 -9999.0 -9999.0 -9999.0 -9999.0 -9999.0 258.228843 234.676202 250.270764 248.694454 282.977997 -nan 235.067156 256.198244 253.012386 236.091858 246.826514 216.109084 248.779278 249.255236 250.300041 246.140534 247.901610 244.047719 247.039638 249.735153 243.034801 243.176276 242.823807 -9999.0 -9999.0 -9999.0 -9999.0 -9999.0 -9999.0 -9999.0 -9999.0 -9999.0 -9999.0 -9999.0 -9999.0 -9999.0 -9999.0 -9999.0 -9999.0 -9999.0 -9999.0 -9999.0 -9999.0 -9999.0 -9999.0 -9999.0 -9999.0 -9999.0
-9999.0 -9999.0 -9999.0 -9999.0 -9999.0 -9999.0 -9999.0 -9999.0 -9999.0 -9999.0 -9999.0 -9999.0 -9999.0 244.997325 228.654396 229.375142 225.925465 270.010852 292.184791 352.350062 287.896869 228.494442 207.709120 207.825190 219.624591 247.938691 243.160699 250.315943 249.726490 247.786213 245.185286 242.561266 244.256619 241.166479 242.249728 -9999.0 -9999.0 -9999.0 -9999.0 -9999.0 -9999.0 -9999.0 -9999.0 -9999.0 -9999.0 -9999.0 -9999.0 -9999.0 -9999.0 -9999.0 -9999.0 -9999.0 -9999.0 -9999.0 -9999.0 -9999.0 -9999.0 -9999.0 -9999.0 -9999.0 -9999.0
-9999.0 -9999.0 -9999.0 -9999.0 -9999.0 -9999.0 -9999.0 -9999.0 -9999.0 -9999.0 -9999.0 -9999.0 -9999.0 236.887876 246.185848 224.278654 217.242055 251.131568 288.851329 268.623709 229.699442 244.855018 218.547763 254.387026 253.386470 257.032001 250.593316 251.414053 250.089309 247.035450 243.624818 241.986813 243.221075 239.038605 242.773653 -9999.0 -9999.0 -9999.0 -9999.0 -9999.0 -9999.0 -9999.0 -9999.0 -9999.0 -9999.0 -9999.0 -9999.0 -9999.0 -9999.0 -9999.0 -9999.0 -9999.0 -9999.0 -9999.0 -9999.0 -9999.0 -9999.0 -9999.0 -9999.0 -9999.0 -9999.0
-9999.0 -9999.0 -9999.0 -9999.0 -9999.0 -9999.0 -9999.0 -9999.0 -9999.0 -9999.0 -9999.0 -9999.0 242.724352 244.532736 227.949473 238.618451 228.918239 243.361212 284.332407 288.649220 216.147188 248.295097 256.423782 255.722483 237.471437 248.727591 247.824175 251.477913 240.274831 249.820605 247.070373 251.088934 239.711923 243.983313 -9999.0 -9999.0 -9999.0 -9999.0 -9999.0 -9999.0 -9999.0 -9999.0 -9999.0 -9999.0 -9999.0 -9999.0 -9999.0 -9999.0 -9999.0 -9999.0 -9999.0 -9999.0 -9999.0 -9999.0 -9999.0 -9999.0 -9999.0 -9999.0 -9999.0 -9999.0 -9999.0
-9999.0 -9999.0 -9999.0 -9999.0 -9999.0 -9999.0 -9999.0 -9999.0 -9999.0 -9999.0 -9999.0 265.739669 238.085019 233.193994 242.090073 258.928260 247.794058 228.032872 292.759725 283.938280 216.160083 243.912816 255.253506 258.875194 250.072029 256.645249 249.804987 250.602729 237.683152 242.049380 255.314434 231.189843 248.592400 246.551139 246.351307 233.946318 226.832761 215.260580 209.370568 -9999.0 -9999.0 -9999.0 247.921093 -9999.0 -9999.0 -9999.0 -9999.0 -9999.0 -9999.0 -9999.0 -9999.0 -9999.0 -9999.0 -9999.0 -9999.0 -9999.0 -9999.0 -9999.0 -9999.0 -9999.0 -9999.0
-9999.0 -9999.0 -9999.0 -9999.0 -9999.0 -9999.0 -9999.0 -9999.0 -9999.0 -9999.0 -9999.0 256.391027 253.746144 229.650254 244.284303 263.241087 238.091693 243.983134 287.162770 269.420293 238.575263 240.546316 252.175830 256.870325 253.538199 260.754606 251.756732 242.912589 255.726464 247.023183 239.444001 228.564733 233.298617 249.888495 239.988458 209.936231 243.047775 136.457170 129.595252 197.482231 213.624975 236.179534 214.010324 247.159664 -9999.0 -9999.0 -9999.0 255.213753 260.715591 261.371037 264.194055 265.131761 265.802994 268.304260 267.151738 277.917932 -9999.0 -9999.0 -9999.0 -9999.0 -9999.0
-9999.0 -9999.0 -9999.0 -9999.0 -9999.0 -9999.0 -9999.0 -9999.0 -9999.0 -9999.0 -9999.0 258.180667 263.565568 239.352968 257.174155 248.463718 242.720983 238.210197 289.773478 297.266837 232.994406 229.423815 247.570254 250.993924 258.380045 247.587694 245.726231 248.739472 252.252917 253.341112 250.746928 236.294936 235.401333 236.471540 240.222757 202.486757 -nan -nan -nan 109.510142 210.363074 235.209519 221.920175 234.152204 245.728143 -9999.0 261.049146 256.716262 256.020499 252.633511 248.279216 248.666420 256.562497 259.658953 262.527197 274.792501 -9999.0 -9999.0 -9999.0 -9999.0 -9999.0
-9999.0 -9999.0 -9999.0 -9999.0 -9999.0 -9999.0 -9999.0 -9999.0 -9999.0 -9999.0 -9999.0 -9999.0 267.347115 256.636056 256.536395 252.664650 230.887242 221.093741 297.715458 310.215157 231.514268 229.075161 242.619295 247.849791 248.656741 245.494743 243.734891 255.098393 258.324841 258.807130 244.416151 229.092018 239.094683 240.209457 229.712236 227.895029 -nan -nan -nan 8.852359 203.547322 250.384840 257.983090 229.887395 246.541669 249.481031 252.634065 256.237688 253.176785 234.415554 218.430611 261.030086 242.662442 267.326530 265.665853 269.784883 275.662273 -9999.0 -9999.0 -9999.0 -9999.0
-9999.0 -9999.0 -9999.0 -9999.0 -9999.0 -9999.0 -9999.0 -9999.0 -9999.0 -9999.0 -9999.0 251.960403 266.156903 268.116597 251.502069 248.636024 232.336794 209.388062 268.892444 -nan 240.930431 235.552010 233.753623 237.826691 245.248435 240.515014 241.425172 255.040106 249.210918 244.364847 245.102707 235.353389 232.099950 239.875120 230.663029 230.213866 208.177546 -nan -nan 131.530715 228.785572 238.708867 272.681504 253.929276 243.998183 247.914811 251.667551 245.623792 250.285890 220.399704 257.613286 264.240445 263.254627 266.000409 272.039496 272.163962 275.044586 -9999.0 -9999.0 -9999.0 -9999.0
-9999.0 -9999.0 -9999.0 -9999.0 -9999.0 -9999.0 -9999.0 -9999.0 -9999.0 -9999.0 258.103885 253.488137 256.488218 260.939575 254.258878 243.009876 238.339938 219.334803 239.872719 261.789309 269.502699 220.087802 245.242224 251.744378 254.051050 228.540000 253.051363 251.391495 248.499825 244.802536 237.603112 243.961010 245.925442 240.366677 231.512046 234.933023 198.071984 -nan -nan -nan 22.023696 354.277823 326.748451 -nan 229.880968 241.476699 251.417798 241.090291 236.599554 219.996005 250.422145 266.407106 268.505534 270.809611 274.235781 274.107638 270.070023 -9999.0 -9999.0 -9999.0 -9999.0
-9999.0 -9999.0 -9999.0 -9999.0 -9999.0 -9999.0 -9999.0 -9999.0 -9999.0 267.256366 265.649710 259.501425 249.374705 251.830823 252.284688 253.468041 258.823918 241.309105 269.263186 -nan 285.012532 255.637917 252.323033 279.558191 221.315757 249.428324 241.984143 254.143917 257.526662 248.462957 263.705135 243.275840 241.678114 244.323731 244.495011 239.382476 229.901708 227.687523 221.667826 189.091575 -nan 238.209354 236.993230 -nan 308.967255 255.052749 249.999058 240.971436 246.206187 240.236502 243.098557 261.490179 267.821794 268.614745 271.088190 272.403417 270.127520 267.458918 274.617312 -9999.0 -9999.0
-9999.0 -9999.0 -9999.0 -9999.0 -9999.0 -9999.0 -9999.0 -9999.0 -9999.0 264.608409 267.976082 262.067542 248.226100 248.695822 259.411707 255.318166 255.155792 237.221617 286.064433 323.330701 317.811496 258.501334 222.120308 228.650328 250.074746 243.942414 252.645623 246.382412 261.460598 222.931527 239.272360 236.565325 251.687767 249.413972 241.458567 236.394583 236.663932 227.746569 234.903603 239.911016 239.239903 241.616951 231.566076 250.656941 -nan 314.837849 480.609843 241.417475 244.105637 224.707376 248.665789 257.435414 273.160731 274.947866 269.218925 276.725350 275.398815 262.195890 258.849378 -9999.0 -9999.0
-9999.0 -9999.0 -9999.0 -9999.0 -9999.0 -9999.0 -9999.0 -9999.0 -9999.0 -9999.0 267.306418 261.623631 243.877468 242.243910 241.993264 258.098721 246.764413 246.855080 -nan 324.372081 273.203794 219.786214 233.058221 236.991027 244.389073 258.804631 275.855770 195.270569 234.424981 249.995647 252.620982 241.108517 252.469533 254.055639 237.302775 241.825409 238.621280 227.278536 240.830501 245.587321 239.511438 237.808399 238.684666 247.893894 241.391794 195.209795 225.339794 259.842813 685.601544 237.772556 243.478338 251.455571 262.765265 276.883360 273.969750 271.728200 265.362783 227.053563 242.261958 233.772500 -9999.0
-9999.0 -9999.0 -9999.0 -9999.0 -9999.0 -9999.0 -9999.0 -9999.0 -9999.0 -9999.0 266.732267 264.992537 263.745308 240.746062 252.611839 240.458645 239.520366 272.520011 -nan 256.528386 281.915465 276.888371 273.415669 256.212497 247.958036 232.471323 224.223068 202.463472 244.643779 248.144956 255.905832 254.125770 250.342364 253.590335 250.950642 244.256463 230.492000 223.716179 240.648737 251.435732 254.860702 253.905069 252.147932 253.885824 258.546192 253.673531 247.216698 236.755386 486.100388 331.935076 241.864719 253.707798 259.540401 266.223022 262.192630 267.844940 265.254786 255.149965 264.051733 248.772149 -9999.0
-9999.0 -9999.0 -9999.0 -9999.0 -9999.0 -9999.0 -9999.0 -9999.0 253.856478 257.796989 256.350392 262.075638 261.016693 258.668053 240.377708 242.598083 248.302335 304.107174 -nan -nan -nan -nan 269.174775 290.727648 288.277685 -nan 227.737397 246.558805 254.875525 255.531447 253.829275 256.834952 258.920690 259.203149 258.064871 244.472187 253.247510 221.373320 242.282349 252.986161 256.265887 251.776113 255.163939 252.452628 247.784653 251.923004 254.406993 257.572562 196.229788 275.354384 247.657567 223.787889 259.662117 266.964706 261.226900 257.306145 263.360796 244.452262 241.704345 -nan -9999.0
-9999.0 -9999.0 -9999.0 -9999.0 -9999.0 -9999.0 -9999.0 -9999.0 262.049832 254.033627 253.962106 265.919088 261.915614 239.833775 248.880318 204.670152 212.072893 215.468842 -nan -nan -nan -nan 291.320308 271.360417 -nan -nan 214.282302 228.424418 256.046842 257.795801 258.767010 251.973813 257.540726 259.295849 259.590326 253.703664 235.717696 225.673912 245.735439 253.663102 259.722014 251.579838 258.911078 256.055158 240.848576 260.948622 259.760949 259.828002 246.427971 242.545383 286.198581 228.104047 259.957894 260.385071 241.029581 239.469223 238.461198 234.069059 302.841274 -nan -nan
-9999.0 -9999.0 -9999.0 -9999.0 -9999.0 -9999.0 -9999.0 -9999.0 261.212580 251.266451 255.343511 259.565266 254.432428 262.976969 261.069573 260.771971 233.117271 278.729725 -nan -nan -nan -nan -nan -nan -nan 237.037451 201.208751 234.153150 242.442372 244.909433 250.358883 243.882345 243.695206 243.003955 259.547767 243.564048 258.245978 212.851392 248.960086 256.860122 261.142354 258.636537 262.282911 260.254151 259.554437 263.322153 260.527795 263.642009 256.901067 193.911458 -nan 245.741031 240.453284 251.404117 230.327052 247.750922 229.605083 277.893974 -nan -nan -nan
-9999.0 -9999.0 -9999.0 -9999.0 -9999.0 -9999.0 -9999.0 -9999.0 260.160190 255.656177 240.259511 247.803303 258.615866 260.251251 244.650487 237.330446 -nan -nan 251.821110 -nan -nan -nan -nan -nan 239.366668 197.898788 233.171609 244.684894 249.528079 254.057567 244.767282 245.364248 251.640359 241.162683 251.707740 243.462487 239.779655 211.554945 235.668316 253.884503 255.217942 258.169160 258.871075 245.294251 260.454462 257.366590 256.174211 251.136347 249.736058 236.918515 205.526997 -nan 211.442084 235.091025 222.160571 273.285241 -nan -nan -nan -nan 358.083124
-9999.0 -9999.0 -9999.0 -9999.0 -9999.0 -9999.0 -9999.0 -9999.0 254.195543 256.029755 243.788411 253.837758 251.303478 262.915225 273.906061 322.219315 316.388119 222.812146 199.363271 226.732377 -nan -nan -nan -nan 270.551873 233.205528 246.389134 244.899312 254.854229 240.373643 233.107431 235.440281 232.167141 232.061417 241.465303 239.746179 236.171003 223.302193 229.344669 231.658574 245.398334 249.185827 243.616720 246.073305 246.143500 249.993089 243.664195 240.563791 237.267216 227.008321 271.303930 285.862167 -nan 245.280550 -nan -nan -nan -nan -nan 237.288715 286.577297
-9999.0 -9999.0 252.857443 254.543034 262.205170 252.589737 249.651625 253.709197 255.739588 265.049623 246.421266 236.797795 230.899115 260.444033 356.004686 258.135587 197.159713 250.279513 249.061609 199.081108 220.196154 -nan -nan -nan 263.765778 206.375648 261.849529 240.760183 200.830818 237.735875 236.498784 228.805095 247.132796 231.575482 237.701574 229.266343 223.809450 238.358340 231.280556 226.817827 233.471377 235.878792 231.958226 234.218213 235.012144 237.029082 235.538048 249.025924 298.327505 -nan -nan -nan -nan -nan -nan -nan -nan -nan 322.061247 262.631067 245.882603
-9999.0 250.047080 253.577827 252.376236 251.491409 249.667940 256.428410 263.359927 265.255261 267.630268 260.785317 245.218610 253.131144 270.858928 260.512920 229.538159 252.731818 260.006842 252.545478 211.470453 238.627608 -nan -nan -nan 248.748604 298.910671 213.075966 221.183868 503.630101 219.542404 189.916112 243.379803 244.309455 221.863615 226.822516 196.441345 202.718964 194.814929 184.860629 187.470258 191.024230 238.217311 271.277293 242.756172 218.252504 212.538462 330.703439 -nan -nan -nan -nan -nan -nan -nan -nan 251.076551 244.562844 240.660892 240.484308 236.325620 250.508033
