erum2020/resources/simulation/Vinschgau/output-maps/SWEN0133.asc
ncols         63
nrows         48
xllcorner     598000.000000
yllcorner     5145000.000000
cellsize      1000.000000
NODATA_value  -9999.0
[rows 0 to 26 of 48, columns 0 to 60 of 63]
-9999.0 -9999.0 -9999.0 -9999.0 -9999.0 -9999.0 -9999.0 -9999.0 -9999.0 -9999.0 -9999.0 -9999.0 -9999.0 -9999.0 -9999.0 -9999.0 -9999.0 -9999.0 -9999.0 -9999.0 -9999.0 -9999.0 -9999.0 -9999.0 -9999.0 -9999.0 -9999.0 -9999.0 -9999.0 -9999.0 -9999.0 -9999.0 -9999.0 -9999.0 -9999.0 -9999.0 -9999.0 -9999.0 -9999.0 -9999.0 -9999.0 -9999.0 -9999.0 -9999.0 -9999.0 -9999.0 -9999.0 -9999.0 -9999.0 -9999.0 -9999.0 -9999.0 -9999.0 -9999.0 -9999.0 -9999.0 -9999.0 -9999.0 -9999.0 -9999.0 -9999.0
-9999.0 -9999.0 -9999.0 -9999.0 -9999.0 -9999.0 -9999.0 -9999.0 -9999.0 -9999.0 -9999.0 -9999.0 -9999.0 -9999.0 -9999.0 -9999.0 -9999.0 -9999.0 -9999.0 -9999.0 -9999.0 -9999.0 -9999.0 -9999.0 -9999.0 -9999.0 -9999.0 213.832324 187.459638 177.463559 239.128306 249.311827 227.539295 -9999.0 -9999.0 -9999.0 -9999.0 -9999.0 -9999.0 -9999.0 -9999.0 -9999.0 -9999.0 -9999.0 -9999.0 -9999.0 -9999.0 -9999.0 -9999.0 -9999.0 -9999.0 -9999.0 -9999.0 -9999.0 -9999.0 -9999.0 -9999.0 -9999.0 -9999.0 -9999.0 -9999.0
-9999.0 -9999.0 -9999.0 -9999.0 -9999.0 -9999.0 -9999.0 -9999.0 -9999.0 -9999.0 -9999.0 -9999.0 -9999.0 -9999.0 -9999.0 -9999.0 -9999.0 -9999.0 -9999.0 -9999.0 -9999.0 -9999.0 -9999.0 -9999.0 201.247640 158.888410 139.321023 148.715385 138.549626 154.794848 236.949709 -9999.0 -9999.0 -9999.0 -9999.0 -9999.0 -9999.0 -9999.0 -9999.0 -9999.0 -9999.0 -9999.0 -9999.0 -9999.0 -9999.0 -9999.0 -9999.0 -9999.0 -9999.0 -9999.0 -9999.0 -9999.0 -9999.0 -9999.0 -9999.0 -9999.0 -9999.0 -9999.0 -9999.0 -9999.0 -9999.0
-9999.0 -9999.0 -9999.0 -9999.0 -9999.0 -9999.0 -9999.0 -9999.0 -9999.0 -9999.0 -9999.0 -9999.0 -9999.0 -9999.0 -9999.0 -9999.0 -9999.0 -9999.0 -9999.0 -9999.0 -9999.0 -9999.0 -9999.0 169.407019 132.741893 115.479905 96.676928 99.571348 97.007016 139.124387 182.548890 229.674924 -9999.0 -9999.0 -9999.0 -9999.0 -9999.0 -9999.0 -9999.0 -9999.0 -9999.0 -9999.0 -9999.0 -9999.0 -9999.0 -9999.0 -9999.0 -9999.0 -9999.0 -9999.0 -9999.0 -9999.0 -9999.0 -9999.0 -9999.0 -9999.0 -9999.0 -9999.0 -9999.0 -9999.0 -9999.0
-9999.0 -9999.0 -9999.0 -9999.0 -9999.0 -9999.0 -9999.0 -9999.0 -9999.0 -9999.0 -9999.0 -9999.0 -9999.0 -9999.0 -9999.0 -9999.0 -9999.0 -9999.0 83.579398 146.650247 -9999.0 190.795062 151.718508 119.098903 80.982595 35.542768 84.952845 92.611500 43.452124 105.352969 135.955290 186.336188 176.326827 195.265405 -9999.0 -9999.0 -9999.0 -9999.0 -9999.0 -9999.0 -9999.0 -9999.0 -9999.0 -9999.0 -9999.0 -9999.0 -9999.0 -9999.0 -9999.0 -9999.0 -9999.0 -9999.0 -9999.0 -9999.0 -9999.0 -9999.0 -9999.0 -9999.0 -9999.0 -9999.0 -9999.0
-9999.0 -9999.0 -9999.0 -9999.0 -9999.0 -9999.0 -9999.0 -9999.0 -9999.0 -9999.0 -9999.0 -9999.0 -9999.0 -9999.0 -9999.0 -9999.0 -9999.0 0.000210 36.190571 89.574133 152.816621 139.586132 116.699060 71.929372 53.451784 80.445843 164.550421 175.236292 151.984360 101.485695 103.816341 141.406317 124.858828 153.321048 216.964278 252.438298 -9999.0 -9999.0 -9999.0 -9999.0 -9999.0 -9999.0 -9999.0 -9999.0 -9999.0 -9999.0 -9999.0 -9999.0 -9999.0 -9999.0 -9999.0 -9999.0 -9999.0 -9999.0 -9999.0 -9999.0 -9999.0 -9999.0 -9999.0 -9999.0 -9999.0
-9999.0 -9999.0 -9999.0 -9999.0 -9999.0 -9999.0 -9999.0 -9999.0 -9999.0 -9999.0 -9999.0 -9999.0 -9999.0 194.390848 111.826451 45.009002 37.995327 49.268604 0.000000 73.594395 77.149430 80.730158 49.189973 56.716856 86.324366 188.631022 212.351300 201.808112 196.290521 177.284372 145.057428 166.688025 196.861375 193.314221 197.516312 226.670629 -9999.0 -9999.0 -9999.0 -9999.0 -9999.0 -9999.0 -9999.0 -9999.0 -9999.0 -9999.0 -9999.0 -9999.0 -9999.0 -9999.0 -9999.0 -9999.0 -9999.0 -9999.0 -9999.0 -9999.0 -9999.0 -9999.0 -9999.0 -9999.0 -9999.0
-9999.0 -9999.0 -9999.0 -9999.0 -9999.0 -9999.0 -9999.0 -9999.0 -9999.0 -9999.0 -9999.0 -9999.0 -9999.0 156.162663 86.455355 52.292885 51.495271 51.554677 50.122160 30.848338 24.953941 46.021968 42.887822 65.282614 93.022475 160.111157 178.491402 227.953075 242.701395 207.374632 185.261102 202.242654 217.461963 224.406882 216.124463 -9999.0 -9999.0 -9999.0 -9999.0 -9999.0 -9999.0 -9999.0 -9999.0 -9999.0 -9999.0 -9999.0 -9999.0 -9999.0 -9999.0 -9999.0 -9999.0 -9999.0 -9999.0 -9999.0 -9999.0 -9999.0 -9999.0 -9999.0 -9999.0 -9999.0 -9999.0
-9999.0 -9999.0 -9999.0 -9999.0 -9999.0 -9999.0 -9999.0 -9999.0 -9999.0 -9999.0 -9999.0 -9999.0 -9999.0 110.829352 69.848259 87.478138 58.432698 43.850414 49.677789 30.875688 68.851740 143.428362 93.975465 182.076980 176.339405 195.747843 175.673158 252.766753 197.875243 247.711816 212.640360 244.834401 247.706992 255.857344 222.120694 -9999.0 -9999.0 -9999.0 -9999.0 -9999.0 -9999.0 -9999.0 -9999.0 -9999.0 -9999.0 -9999.0 -9999.0 -9999.0 -9999.0 -9999.0 -9999.0 -9999.0 -9999.0 -9999.0 -9999.0 -9999.0 -9999.0 -9999.0 -9999.0 -9999.0 -9999.0
-9999.0 -9999.0 -9999.0 -9999.0 -9999.0 -9999.0 -9999.0 -9999.0 -9999.0 -9999.0 -9999.0 -9999.0 141.616872 82.685913 88.425284 136.073847 95.124866 47.599405 45.650221 44.845976 78.710810 184.834655 198.600129 210.142187 133.757107 217.309027 194.176722 223.594328 158.380610 241.328664 255.595375 189.303173 154.973916 214.031050 -9999.0 -9999.0 -9999.0 -9999.0 -9999.0 -9999.0 -9999.0 -9999.0 -9999.0 -9999.0 -9999.0 -9999.0 -9999.0 -9999.0 -9999.0 -9999.0 -9999.0 -9999.0 -9999.0 -9999.0 -9999.0 -9999.0 -9999.0 -9999.0 -9999.0 -9999.0 -9999.0
-9999.0 -9999.0 -9999.0 -9999.0 -9999.0 -9999.0 -9999.0 -9999.0 -9999.0 -9999.0 -9999.0 215.714863 131.546174 84.301266 153.053930 192.020608 157.215732 50.217867 48.430054 45.368635 53.745708 105.610508 194.296585 235.078945 171.929749 218.188727 242.489183 199.459605 152.033472 239.951293 213.916104 118.826164 169.689086 176.755582 134.363915 86.487515 53.639093 30.341665 22.699166 -9999.0 -9999.0 -9999.0 154.958771 -9999.0 -9999.0 -9999.0 -9999.0 -9999.0 -9999.0 -9999.0 -9999.0 -9999.0 -9999.0 -9999.0 -9999.0 -9999.0 -9999.0 -9999.0 -9999.0 -9999.0 -9999.0
-9999.0 -9999.0 -9999.0 -9999.0 -9999.0 -9999.0 -9999.0 -9999.0 -9999.0 -9999.0 -9999.0 206.993324 181.086007 107.460694 150.601175 228.602021 117.666647 52.185299 45.242728 52.511534 66.131228 126.462563 189.584676 216.298275 197.328484 240.290455 192.223337 160.988447 200.488461 239.734829 146.722532 111.477594 126.497718 167.040691 119.464384 55.200835 12.500195 0.820760 1.461300 23.382763 38.945869 95.583908 73.941099 160.319509 -9999.0 -9999.0 -9999.0 310.503317 315.073028 308.516082 325.654655 375.371704 417.181060 425.561757 460.291013 523.600038 -9999.0 -9999.0 -9999.0 -9999.0 -9999.0
-9999.0 -9999.0 -9999.0 -9999.0 -9999.0 -9999.0 -9999.0 -9999.0 -9999.0 -9999.0 -9999.0 215.505203 235.368007 134.910201 180.738071 173.623886 112.364288 50.118582 48.322635 47.842885 49.586307 97.745003 146.229343 185.475687 244.920383 182.071214 130.718432 157.217454 222.344624 243.992595 217.257815 125.598574 103.062684 137.590298 108.080635 26.495102 0.000000 0.000000 0.000687 0.001647 13.953215 49.421404 58.120753 99.960308 183.644450 -9999.0 325.340460 265.582840 234.066507 203.711440 188.340943 205.844169 255.165750 304.939794 353.411116 427.996914 -9999.0 -9999.0 -9999.0 -9999.0 -9999.0
-9999.0 -9999.0 -9999.0 -9999.0 -9999.0 -9999.0 -9999.0 -9999.0 -9999.0 -9999.0 -9999.0 -9999.0 237.923117 179.502623 180.851865 182.913950 106.236159 52.133812 46.703058 43.837298 48.994582 93.350807 99.670550 131.604622 186.039517 139.634437 106.375368 211.260313 233.397755 212.628433 166.329058 114.451531 122.227452 135.073923 119.096516 54.672620 0.000000 0.000000 0.000059 0.000892 14.221928 36.147478 41.984637 74.945080 141.718586 213.213271 243.130835 272.533445 223.608033 130.841764 103.201232 250.792024 186.274968 305.710681 341.046164 407.020060 462.432347 -9999.0 -9999.0 -9999.0 -9999.0
-9999.0 -9999.0 -9999.0 -9999.0 -9999.0 -9999.0 -9999.0 -9999.0 -9999.0 -9999.0 -9999.0 190.459634 270.169965 230.016186 139.442267 134.052178 103.765472 53.911136 50.353210 0.000000 45.058232 69.774713 106.766301 141.903709 145.330845 101.471985 139.408484 237.271610 188.866247 167.427065 115.035806 98.459465 90.447425 139.257830 138.349385 68.508411 34.470982 0.000000 0.000000 0.001190 17.776535 14.982085 19.505173 50.702426 82.401296 188.052989 191.724229 184.019002 194.881632 82.573250 277.122919 338.747130 343.811030 377.246443 433.352721 472.078639 453.660267 -9999.0 -9999.0 -9999.0 -9999.0
-9999.0 -9999.0 -9999.0 -9999.0 -9999.0 -9999.0 -9999.0 -9999.0 -9999.0 -9999.0 182.918346 171.789626 196.988920 216.689611 177.509282 96.347802 126.263931 91.300595 39.817626 32.159951 50.528327 62.251295 114.262134 127.285240 95.142556 99.493698 191.189664 193.960847 139.600529 126.486214 82.493127 120.185444 150.222003 165.312608 170.049993 100.015348 29.374679 0.000000 0.000000 0.000000 0.037428 8.356564 24.018690 0.000000 60.609584 135.461751 191.783475 100.032324 80.967378 67.707735 240.066301 391.171467 409.500745 467.822022 474.681725 385.799522 376.253078 -9999.0 -9999.0 -9999.0 -9999.0
-9999.0 -9999.0 -9999.0 -9999.0 -9999.0 -9999.0 -9999.0 -9999.0 -9999.0 274.225867 232.256907 187.633785 109.195267 178.384887 150.732820 171.838564 203.289318 112.558725 36.839768 0.000273 41.642600 67.023358 68.326088 60.045325 77.539490 162.884079 140.160760 126.769142 89.960066 74.117098 49.992214 148.353144 193.802918 221.937261 173.274830 137.594281 90.905783 62.495669 63.722457 28.027005 0.000000 86.902621 89.269009 0.000000 20.257910 69.735833 87.116078 114.045868 146.756468 46.240275 164.856390 342.071822 465.425138 489.073852 431.107943 371.212596 343.330029 377.043554 457.030571 -9999.0 -9999.0
-9999.0 -9999.0 -9999.0 -9999.0 -9999.0 -9999.0 -9999.0 -9999.0 -9999.0 265.190896 277.325316 222.384546 71.198143 106.225070 154.614467 185.669459 162.939283 73.024846 25.282089 36.710396 34.897332 14.222916 48.735729 83.831206 160.391721 126.072120 104.902415 78.383546 35.077721 72.351412 108.549812 132.251393 202.879359 204.028182 141.889174 111.421649 104.415413 87.879372 128.235278 112.298829 116.789643 150.723115 77.258907 33.193949 0.000000 6.654169 2.591974 32.752109 75.674691 42.324831 217.453201 283.481582 453.902615 461.607874 401.116017 415.862902 353.232451 244.979760 302.627568 -9999.0 -9999.0
-9999.0 -9999.0 -9999.0 -9999.0 -9999.0 -9999.0 -9999.0 -9999.0 -9999.0 -9999.0 279.037841 217.187175 144.077460 46.578472 86.504776 142.864375 123.989500 55.299853 0.000327 22.049226 38.535561 40.003399 104.484922 121.767632 123.482926 81.827776 36.099155 8.820233 107.074533 175.614928 191.792950 140.016853 228.858210 234.984419 140.611224 102.533220 99.486415 87.497317 137.679577 185.827581 181.218802 124.583553 89.266945 152.961890 103.050812 46.947256 41.335466 36.354015 0.000000 47.024055 161.257883 217.966406 368.154380 463.710409 476.326770 409.591471 332.090144 86.034250 93.586333 112.420793 -9999.0
-9999.0 -9999.0 -9999.0 -9999.0 -9999.0 -9999.0 -9999.0 -9999.0 -9999.0 -9999.0 277.224545 251.494664 227.941468 127.608650 56.791400 58.965511 72.090964 42.819280 0.000281 6.269336 24.942715 52.675675 81.363381 104.261487 88.990684 14.511300 6.511912 44.733813 142.394050 207.207605 234.436201 199.757306 188.694803 262.622703 227.743663 167.922680 81.150806 94.801009 145.373671 236.529112 207.495573 182.026110 188.067064 224.179323 216.034669 185.668748 160.408481 103.961649 0.000000 23.668044 50.144946 208.543693 288.584790 383.404617 451.764801 404.000154 387.593101 225.493044 12.953522 22.241804 -9999.0
-9999.0 -9999.0 -9999.0 -9999.0 -9999.0 -9999.0 -9999.0 -9999.0 185.503389 209.978384 237.777988 232.072599 199.110844 188.866363 124.030368 31.893526 28.972324 16.981428 0.000410 0.000000 0.000064 0.000000 10.855684 54.443816 51.047199 0.000000 38.411658 127.108653 177.754234 221.545902 267.269596 242.783733 251.864398 272.910140 237.073803 221.245312 184.824493 93.863441 173.601649 239.732116 255.338300 216.744009 251.332810 273.784945 199.056707 174.800782 246.220072 214.445421 50.681237 12.226905 54.677600 104.966783 261.003576 384.268456 356.003853 270.610797 312.448500 165.479332 50.023195 0.000000 -9999.0
-9999.0 -9999.0 -9999.0 -9999.0 -9999.0 -9999.0 -9999.0 -9999.0 217.522928 168.098425 203.202921 281.170005 244.319223 135.426005 154.567181 57.548951 51.299220 47.074585 0.000000 0.000158 0.108481 0.000869 5.955628 12.182422 0.000000 0.000000 27.127877 101.179120 205.394591 228.055049 258.478525 193.844741 239.573899 252.846878 243.363563 203.296283 120.813937 90.399763 171.223028 236.875531 307.948367 292.149425 300.420914 237.206154 150.901602 244.812029 292.552011 277.973064 154.978101 37.136601 16.434149 92.859852 255.176531 306.455394 155.072947 104.012844 110.265600 63.216633 6.774944 0.000078 0.000095
-9999.0 -9999.0 -9999.0 -9999.0 -9999.0 -9999.0 -9999.0 -9999.0 256.209470 182.335537 180.149916 241.152598 194.284861 237.438297 154.633054 99.636848 28.815456 33.681943 0.000000 0.967818 0.000000 0.000423 0.000000 0.000000 0.000294 25.692008 37.093575 127.968986 166.122994 179.041377 189.410656 149.277244 182.169144 177.556559 231.639329 139.031946 211.746384 59.593547 185.456282 243.543454 305.220455 308.805892 285.458192 264.508508 275.036870 294.075490 295.918207 292.549111 262.178246 49.722965 0.000032 24.496503 119.449087 162.411243 42.629776 40.985029 2.738633 0.000271 0.000072 0.000000 0.000000
-9999.0 -9999.0 -9999.0 -9999.0 -9999.0 -9999.0 -9999.0 -9999.0 284.673659 207.184966 109.910431 183.923318 197.060863 161.838891 89.000461 28.996051 0.000000 0.000000 9.691943 0.000052 0.000000 0.000000 0.000378 0.000000 33.461301 44.625384 114.321159 138.323221 137.160421 115.363908 147.193698 147.676835 100.692140 96.696526 207.924673 192.896898 163.115791 49.951693 145.366574 214.513617 280.648387 260.435506 247.701038 202.289763 283.098314 267.915638 239.085280 221.027728 208.406639 114.164081 51.440530 0.000000 0.001790 43.767842 0.009030 0.004075 0.001006 0.000000 0.000000 0.000051 12.417505
-9999.0 -9999.0 -9999.0 -9999.0 -9999.0 -9999.0 -9999.0 -9999.0 251.028722 209.920262 133.636512 134.452798 91.950377 53.668811 54.493531 23.823509 28.798823 26.759118 44.719702 36.900048 0.000000 0.000000 0.000000 0.000000 33.243544 67.631695 113.794141 110.846133 71.953722 68.431452 121.113432 95.785277 36.914071 94.449347 140.334518 145.334737 111.882215 50.120338 57.895706 132.096399 158.044622 147.839533 111.750506 127.312177 199.678595 188.958590 127.615580 82.893650 97.851302 30.685336 12.224682 0.000000 0.000000 0.000000 0.000000 0.000000 0.000000 0.000029 0.000053 10.274770 20.459993
-9999.0 -9999.0 217.946497 214.756504 227.521491 192.233601 177.092158 199.881384 234.035542 253.798318 165.045170 54.455190 65.346661 61.296985 36.928403 29.792380 50.995650 178.095814 173.231328 51.360110 36.604489 0.000000 0.000000 0.000000 10.412296 16.298116 58.884488 47.361552 6.034724 56.731400 91.755091 80.942108 39.445475 45.134132 39.380894 51.117133 27.656778 41.093286 53.712870 86.244128 81.217959 51.878474 47.172881 59.435349 106.248966 97.162293 28.008807 27.712183 7.629870 0.000000 0.000025 0.000000 0.000000 0.000000 0.000000 0.032899 0.000022 0.023878 17.540979 20.840402 79.973869
-9999.0 156.580313 154.131478 169.090677 176.199905 162.058765 202.981296 261.489620 284.270535 287.493312 216.994943 139.356691 60.121679 65.898853 59.362973 106.126075 185.496561 227.472016 159.014758 51.058855 34.218638 0.000024 0.009240 0.000000 0.007329 1.763711 1.330442 3.168050 0.000060 5.025705 8.576322 35.052865 38.113941 4.834414 12.570874 0.000513 0.025928 0.007334 0.000890 6.157728 10.428136 0.697449 3.459604 37.763230 24.725874 0.000000 0.000000 0.000035 0.000000 0.000000 0.000000 0.000000 0.000000 0.000000 0.085529 9.913603 42.915704 47.090972 60.100014 104.127452 176.205036
