erum2020/resources/simulation/Vinschgau/output-maps/SWEN0215.asc
ncols         63
nrows         48
xllcorner     598000.000000
yllcorner     5145000.000000
cellsize      1000.000000
NODATA_value  -9999.0
[rows 0 to 26 of 48, columns 0 to 60 of 63]
-9999.0 -9999.0 -9999.0 -9999.0 -9999.0 -9999.0 -9999.0 -9999.0 -9999.0 -9999.0 -9999.0 -9999.0 -9999.0 -9999.0 -9999.0 -9999.0 -9999.0 -9999.0 -9999.0 -9999.0 -9999.0 -9999.0 -9999.0 -9999.0 -9999.0 -9999.0 -9999.0 -9999.0 -9999.0 -9999.0 -9999.0 -9999.0 -9999.0 -9999.0 -9999.0 -9999.0 -9999.0 -9999.0 -9999.0 -9999.0 -9999.0 -9999.0 -9999.0 -9999.0 -9999.0 -9999.0 -9999.0 -9999.0 -9999.0 -9999.0 -9999.0 -9999.0 -9999.0 -9999.0 -9999.0 -9999.0 -9999.0 -9999.0 -9999.0 -9999.0 -9999.0
-9999.0 -9999.0 -9999.0 -9999.0 -9999.0 -9999.0 -9999.0 -9999.0 -9999.0 -9999.0 -9999.0 -9999.0 -9999.0 -9999.0 -9999.0 -9999.0 -9999.0 -9999.0 -9999.0 -9999.0 -9999.0 -9999.0 -9999.0 -9999.0 -9999.0 -9999.0 -9999.0 261.709795 232.036773 219.618616 288.754920 301.678761 275.118952 -9999.0 -9999.0 -9999.0 -9999.0 -9999.0 -9999.0 -9999.0 -9999.0 -9999.0 -9999.0 -9999.0 -9999.0 -9999.0 -9999.0 -9999.0 -9999.0 -9999.0 -9999.0 -9999.0 -9999.0 -9999.0 -9999.0 -9999.0 -9999.0 -9999.0 -9999.0 -9999.0 -9999.0
-9999.0 -9999.0 -9999.0 -9999.0 -9999.0 -9999.0 -9999.0 -9999.0 -9999.0 -9999.0 -9999.0 -9999.0 -9999.0 -9999.0 -9999.0 -9999.0 -9999.0 -9999.0 -9999.0 -9999.0 -9999.0 -9999.0 -9999.0 -9999.0 247.687795 201.078698 177.502545 188.415250 175.157700 192.799665 285.737934 -9999.0 -9999.0 -9999.0 -9999.0 -9999.0 -9999.0 -9999.0 -9999.0 -9999.0 -9999.0 -9999.0 -9999.0 -9999.0 -9999.0 -9999.0 -9999.0 -9999.0 -9999.0 -9999.0 -9999.0 -9999.0 -9999.0 -9999.0 -9999.0 -9999.0 -9999.0 -9999.0 -9999.0 -9999.0 -9999.0
-9999.0 -9999.0 -9999.0 -9999.0 -9999.0 -9999.0 -9999.0 -9999.0 -9999.0 -9999.0 -9999.0 -9999.0 -9999.0 -9999.0 -9999.0 -9999.0 -9999.0 -9999.0 -9999.0 -9999.0 -9999.0 -9999.0 -9999.0 213.993292 169.982408 147.717072 124.588738 127.138075 124.791692 174.640102 226.156700 278.249844 -9999.0 -9999.0 -9999.0 -9999.0 -9999.0 -9999.0 -9999.0 -9999.0 -9999.0 -9999.0 -9999.0 -9999.0 -9999.0 -9999.0 -9999.0 -9999.0 -9999.0 -9999.0 -9999.0 -9999.0 -9999.0 -9999.0 -9999.0 -9999.0 -9999.0 -9999.0 -9999.0 -9999.0 -9999.0
-9999.0 -9999.0 -9999.0 -9999.0 -9999.0 -9999.0 -9999.0 -9999.0 -9999.0 -9999.0 -9999.0 -9999.0 -9999.0 -9999.0 -9999.0 -9999.0 -9999.0 -9999.0 112.367503 185.799500 -9999.0 237.933772 193.417113 153.604291 103.309182 52.739158 113.036533 120.205838 48.813278 134.050314 171.281577 229.246284 218.623538 241.796473 -9999.0 -9999.0 -9999.0 -9999.0 -9999.0 -9999.0 -9999.0 -9999.0 -9999.0 -9999.0 -9999.0 -9999.0 -9999.0 -9999.0 -9999.0 -9999.0 -9999.0 -9999.0 -9999.0 -9999.0 -9999.0 -9999.0 -9999.0 -9999.0 -9999.0 -9999.0 -9999.0
-9999.0 -9999.0 -9999.0 -9999.0 -9999.0 -9999.0 -9999.0 -9999.0 -9999.0 -9999.0 -9999.0 -9999.0 -9999.0 -9999.0 -9999.0 -9999.0 -9999.0 0.000000 50.157147 120.691007 192.663602 178.867967 151.995249 98.477284 59.751473 112.768558 201.180187 212.562626 185.789683 128.377025 132.262641 176.759708 156.044050 189.654121 261.581567 303.231933 -9999.0 -9999.0 -9999.0 -9999.0 -9999.0 -9999.0 -9999.0 -9999.0 -9999.0 -9999.0 -9999.0 -9999.0 -9999.0 -9999.0 -9999.0 -9999.0 -9999.0 -9999.0 -9999.0 -9999.0 -9999.0 -9999.0 -9999.0 -9999.0 -9999.0
-9999.0 -9999.0 -9999.0 -9999.0 -9999.0 -9999.0 -9999.0 -9999.0 -9999.0 -9999.0 -9999.0 -9999.0 -9999.0 242.083802 148.898370 65.931041 58.015535 65.386079 0.000000 99.647367 89.694469 96.922920 70.659966 64.916678 119.519082 228.664199 258.310583 244.487445 238.221020 213.794451 176.241605 199.398387 235.662686 232.282271 236.266895 271.281041 -9999.0 -9999.0 -9999.0 -9999.0 -9999.0 -9999.0 -9999.0 -9999.0 -9999.0 -9999.0 -9999.0 -9999.0 -9999.0 -9999.0 -9999.0 -9999.0 -9999.0 -9999.0 -9999.0 -9999.0 -9999.0 -9999.0 -9999.0 -9999.0 -9999.0
-9999.0 -9999.0 -9999.0 -9999.0 -9999.0 -9999.0 -9999.0 -9999.0 -9999.0 -9999.0 -9999.0 -9999.0 -9999.0 201.065070 120.334305 83.010643 81.859417 63.215797 64.614255 30.132300 28.526480 69.556239 70.569591 96.958425 127.442575 198.416547 222.338221 276.146947 294.360631 251.679990 223.758878 244.028359 261.974931 270.487006 259.102520 -9999.0 -9999.0 -9999.0 -9999.0 -9999.0 -9999.0 -9999.0 -9999.0 -9999.0 -9999.0 -9999.0 -9999.0 -9999.0 -9999.0 -9999.0 -9999.0 -9999.0 -9999.0 -9999.0 -9999.0 -9999.0 -9999.0 -9999.0 -9999.0 -9999.0 -9999.0
-9999.0 -9999.0 -9999.0 -9999.0 -9999.0 -9999.0 -9999.0 -9999.0 -9999.0 -9999.0 -9999.0 -9999.0 -9999.0 149.044674 93.007785 124.059032 91.755474 65.766648 63.923966 33.228416 96.484222 178.847990 130.290914 223.078528 217.373022 238.345987 218.227843 307.235934 246.515006 300.866323 257.127504 296.847276 299.475995 309.110704 265.890154 -9999.0 -9999.0 -9999.0 -9999.0 -9999.0 -9999.0 -9999.0 -9999.0 -9999.0 -9999.0 -9999.0 -9999.0 -9999.0 -9999.0 -9999.0 -9999.0 -9999.0 -9999.0 -9999.0 -9999.0 -9999.0 -9999.0 -9999.0 -9999.0 -9999.0 -9999.0
-9999.0 -9999.0 -9999.0 -9999.0 -9999.0 -9999.0 -9999.0 -9999.0 -9999.0 -9999.0 -9999.0 -9999.0 185.120271 110.324966 125.460467 177.530056 131.276974 72.028127 40.144653 64.553188 109.062089 227.091745 243.734024 257.278530 170.940597 264.595795 236.516599 273.510923 198.777589 292.484295 310.416259 232.229143 189.797864 256.283548 -9999.0 -9999.0 -9999.0 -9999.0 -9999.0 -9999.0 -9999.0 -9999.0 -9999.0 -9999.0 -9999.0 -9999.0 -9999.0 -9999.0 -9999.0 -9999.0 -9999.0 -9999.0 -9999.0 -9999.0 -9999.0 -9999.0 -9999.0 -9999.0 -9999.0 -9999.0 -9999.0
-9999.0 -9999.0 -9999.0 -9999.0 -9999.0 -9999.0 -9999.0 -9999.0 -9999.0 -9999.0 -9999.0 267.769543 174.012313 117.871547 198.102470 238.503881 198.492487 75.751457 41.276169 65.048295 82.134306 134.135004 239.918864 285.522924 213.366757 265.809928 295.817269 246.934741 189.253449 291.386521 260.132076 148.257555 204.749550 211.204484 159.011243 98.950157 59.169182 28.838512 18.418251 -9999.0 -9999.0 -9999.0 184.110327 -9999.0 -9999.0 -9999.0 -9999.0 -9999.0 -9999.0 -9999.0 -9999.0 -9999.0 -9999.0 -9999.0 -9999.0 -9999.0 -9999.0 -9999.0 -9999.0 -9999.0 -9999.0
-9999.0 -9999.0 -9999.0 -9999.0 -9999.0 -9999.0 -9999.0 -9999.0 -9999.0 -9999.0 -9999.0 257.129645 228.566807 148.024009 195.828267 278.430939 153.533428 75.644259 39.848866 62.154821 86.380130 161.916777 235.442630 267.017333 242.669356 292.367293 240.195797 202.859433 243.725627 290.343908 183.068082 137.969149 157.574533 198.719426 140.509352 60.692285 5.092920 0.000000 0.000000 18.479454 39.834771 109.338929 88.954684 192.981959 -9999.0 -9999.0 -9999.0 386.773681 393.189099 387.069220 411.565294 474.353049 528.236032 542.258877 586.213813 666.886968 -9999.0 -9999.0 -9999.0 -9999.0 -9999.0
-9999.0 -9999.0 -9999.0 -9999.0 -9999.0 -9999.0 -9999.0 -9999.0 -9999.0 -9999.0 -9999.0 269.650680 288.237176 176.789341 229.236710 220.324731 147.162170 75.139641 45.033257 44.295520 70.978691 130.809600 184.944570 233.607178 298.510874 227.603408 166.828032 192.536736 269.707497 297.140920 261.870751 153.835680 127.850542 164.825406 125.614078 25.463977 0.000000 0.000000 0.000000 0.000000 7.150343 57.170450 70.861083 125.557208 225.307548 -9999.0 398.577588 329.171357 295.278289 263.587880 249.864821 272.926234 333.286754 394.548032 455.158883 546.797140 -9999.0 -9999.0 -9999.0 -9999.0 -9999.0
-9999.0 -9999.0 -9999.0 -9999.0 -9999.0 -9999.0 -9999.0 -9999.0 -9999.0 -9999.0 -9999.0 -9999.0 292.257262 228.725225 229.641236 231.969685 143.550941 80.771784 41.455587 42.486972 73.654134 127.472204 129.382109 168.291476 233.293409 178.198300 136.587427 256.519576 283.882508 261.376012 206.625519 143.097119 149.717527 162.238674 138.964661 58.402177 0.000000 0.000000 0.000000 0.000000 12.103101 44.038348 54.845508 95.321188 179.145831 265.527316 303.089269 337.934430 279.901649 181.004163 152.841386 315.785085 255.863370 385.399344 431.319949 514.410124 586.929768 -9999.0 -9999.0 -9999.0 -9999.0
-9999.0 -9999.0 -9999.0 -9999.0 -9999.0 -9999.0 -9999.0 -9999.0 -9999.0 -9999.0 -9999.0 243.435246 331.356981 284.276734 183.250102 176.482192 141.671526 86.249022 63.044634 0.000000 69.314440 94.779246 142.030803 181.942171 185.719906 133.217072 177.203415 288.464778 236.103131 209.195535 145.453674 124.859315 113.424353 167.411033 163.402955 76.780390 34.296315 0.000000 0.000000 0.000000 18.303032 0.000000 20.842628 67.095917 104.414764 233.383486 241.397162 236.910094 247.821922 123.682789 345.961065 423.115083 432.030553 474.968223 545.978290 595.531592 574.512740 -9999.0 -9999.0 -9999.0 -9999.0
-9999.0 -9999.0 -9999.0 -9999.0 -9999.0 -9999.0 -9999.0 -9999.0 -9999.0 -9999.0 231.103151 221.574788 251.078410 273.185033 225.945744 131.873099 168.547019 127.845855 63.160256 35.635913 59.301003 90.378553 148.637801 161.156251 121.280432 131.018979 234.047201 241.045712 177.538751 160.407797 107.286627 149.005221 180.284538 197.755938 203.175123 116.500121 32.317642 0.000000 0.000000 0.000000 0.000000 21.992323 37.848957 0.000000 82.580429 174.565685 241.436655 138.288615 108.796201 103.106289 305.996364 487.959871 512.903569 586.202048 595.567009 488.617056 477.828502 -9999.0 -9999.0 -9999.0 -9999.0
-9999.0 -9999.0 -9999.0 -9999.0 -9999.0 -9999.0 -9999.0 -9999.0 -9999.0 337.681802 287.552496 239.109958 147.384945 229.241899 198.138659 221.446783 252.691783 149.126190 53.511215 0.000000 41.743507 81.413378 87.332263 62.700654 108.279844 201.683855 179.378862 160.139113 109.174572 88.899144 67.919834 182.033360 234.674096 268.762027 209.494176 163.045140 105.678367 72.822049 74.455623 39.218400 0.000000 110.233992 113.938177 0.000000 25.333107 90.445079 105.587119 155.749163 195.500404 75.017450 218.738016 427.376099 581.234561 609.644912 540.189715 468.483386 437.596440 482.577712 579.837440 -9999.0 -9999.0
-9999.0 -9999.0 -9999.0 -9999.0 -9999.0 -9999.0 -9999.0 -9999.0 -9999.0 327.996071 342.459298 276.619530 92.872018 146.263955 202.984780 238.481529 208.118322 97.849697 27.989898 18.633949 16.982799 0.000000 74.946153 114.760698 198.909877 161.383618 127.148251 91.369567 48.942744 98.813264 139.991221 168.369029 245.424977 249.013905 177.280494 139.845560 129.802346 108.196543 153.040105 134.600238 141.843319 184.725361 102.995898 55.786459 0.000000 0.000000 0.000000 52.256184 102.597498 74.076054 277.135230 361.366161 564.388867 575.213427 501.857956 521.879817 446.689406 325.903191 395.316657 -9999.0 -9999.0
-9999.0 -9999.0 -9999.0 -9999.0 -9999.0 -9999.0 -9999.0 -9999.0 -9999.0 -9999.0 345.538508 272.156661 192.262080 67.591910 127.567920 190.172009 165.401124 70.081358 0.000000 0.000000 47.193886 66.980857 139.707255 158.809611 158.309659 92.412279 40.054575 0.000000 138.546972 214.187014 233.864450 174.820889 278.565513 284.709940 176.862948 130.334624 126.066228 111.295472 170.819198 225.603938 221.109739 157.701632 116.591417 189.550877 137.672324 84.817657 75.746034 50.554588 0.000000 78.510839 218.085451 283.497696 461.466072 576.798133 594.185525 512.019508 417.221971 139.210920 140.448965 174.485524 -9999.0
-9999.0 -9999.0 -9999.0 -9999.0 -9999.0 -9999.0 -9999.0 -9999.0 -9999.0 -9999.0 343.467677 313.620331 285.053533 175.301355 74.565635 84.580659 99.477114 47.734680 0.000000 0.000000 2.511046 57.200406 88.905007 131.397185 109.178925 2.092761 0.000000 69.716987 177.022572 252.044564 284.673774 242.978600 234.667283 319.226883 276.500714 203.372682 106.487067 125.198606 182.949637 287.541490 254.047142 222.717673 230.306280 274.499888 264.301513 232.662344 205.631122 146.249941 0.000000 33.381025 87.585872 271.868715 366.942653 479.229130 563.579055 507.759659 484.639965 295.157807 30.666523 7.683438 -9999.0
-9999.0 -9999.0 -9999.0 -9999.0 -9999.0 -9999.0 -9999.0 -9999.0 237.072797 267.007267 299.088593 288.644330 252.705343 244.376788 172.403359 33.412202 25.361235 0.000000 0.000000 0.000000 0.000000 0.000000 0.000000 58.916787 54.683739 0.000000 40.351502 157.598547 216.801151 269.839727 324.912218 294.904436 306.455008 332.371748 289.099357 270.316849 225.102444 125.187841 217.764037 295.858063 311.190019 265.091027 309.101082 336.507475 249.928758 219.059107 305.235335 267.755179 93.156812 9.064671 92.358543 160.518559 332.304715 479.256385 447.132765 348.965077 399.164142 234.292134 95.454663 0.000000 -9999.0
-9999.0 -9999.0 -9999.0 -9999.0 -9999.0 -9999.0 -9999.0 -9999.0 269.267680 216.648381 259.953876 346.963067 303.236770 180.726246 204.566701 98.630111 86.812969 78.819544 0.000000 0.000000 0.000000 0.000000 0.000000 0.000000 0.000000 0.000000 35.689814 131.385460 249.360447 279.441570 315.723051 244.261459 293.607811 310.376304 298.758927 253.556365 158.695382 124.683230 216.903937 294.140059 376.552794 358.878773 368.247173 294.466100 197.432740 302.142279 361.977857 343.339306 202.897496 70.593622 29.010823 144.757586 326.012918 385.926684 215.931086 157.804773 159.977409 106.598918 0.000000 0.000000 0.000000
-9999.0 -9999.0 -9999.0 -9999.0 -9999.0 -9999.0 -9999.0 -9999.0 314.429360 231.003465 230.144177 302.212569 248.009803 294.381361 201.429895 137.959790 41.592568 40.682838 0.000000 0.000000 0.000000 0.000000 0.000000 0.000000 0.000000 45.575816 62.917608 163.999397 209.345622 227.268742 237.959130 191.974305 232.499003 227.059757 285.654423 181.080043 261.707842 94.136349 234.376752 301.847277 374.460981 379.412686 350.870644 324.803579 339.635608 362.064478 368.327039 363.584938 325.795617 92.320531 0.000000 47.737212 176.182373 220.384293 72.579226 64.654262 0.000000 0.000000 0.000000 0.000000 0.000000
-9999.0 -9999.0 -9999.0 -9999.0 -9999.0 -9999.0 -9999.0 -9999.0 348.268924 258.819248 148.228354 234.065005 249.268023 207.515324 120.072977 44.335267 0.000000 0.000000 0.000000 0.000000 0.000000 0.000000 0.000000 0.000000 52.132504 75.966569 151.706860 179.019271 175.587359 144.618487 190.354834 190.784717 129.907849 127.676079 260.623164 246.587018 210.828316 81.575658 191.984617 271.435704 347.461536 324.892748 310.065258 260.401345 352.510213 335.617397 302.346523 284.067222 267.885960 163.523182 96.849754 0.000000 4.682182 46.610096 0.000000 0.000000 0.000000 0.000000 0.000000 0.000000 0.000000
-9999.0 -9999.0 -9999.0 -9999.0 -9999.0 -9999.0 -9999.0 -9999.0 311.733764 261.140325 176.078938 170.872641 120.179584 76.259974 62.921298 7.031420 34.374394 54.437207 77.820680 65.339134 0.000000 0.000000 0.000000 0.000000 43.532153 85.455335 149.129772 143.849038 78.389619 87.433357 161.982836 131.347139 49.435795 133.177368 185.035327 192.331982 155.088148 77.438273 93.663024 180.414037 208.164027 195.206200 148.707118 171.335096 256.545492 245.334843 174.976265 114.586891 134.242857 54.409646 28.187213 0.000000 0.000000 0.000000 0.000000 0.000000 0.000000 0.000000 0.000000 0.000000 41.244463
-9999.0 -9999.0 275.583011 271.280363 283.870573 245.510090 227.594423 254.552115 293.230684 311.417222 212.039650 65.128365 96.857397 80.028153 28.792414 44.359982 86.723368 223.900506 219.019496 88.279078 64.618069 0.000000 0.000000 0.000000 0.000000 24.195359 64.352706 60.855072 0.000000 73.193941 124.131925 114.567413 44.508027 68.691752 50.718688 74.201530 33.181397 52.690489 89.443292 130.598783 116.840762 75.010599 75.374575 85.371135 149.354490 132.970996 39.719624 30.287919 0.000000 0.000000 0.000000 0.000000 0.000000 0.000000 0.000000 0.000000 0.000000 0.000000 28.352636 50.629203 137.797499
-9999.0 203.948444 200.436486 218.278216 226.086841 209.564459 255.722257 322.339427 349.435591 350.512337 268.668556 182.863432 84.536202 87.473751 85.918213 146.110943 233.453491 282.093506 204.589845 84.646728 53.975316 0.000000 0.000000 0.000000 0.000000 0.000000 0.000000 0.000000 0.000000 0.000000 0.000000 42.282249 48.482912 0.000000 5.937213 0.000000 0.000000 0.000000 0.000000 0.000000 0.000000 0.000000 0.000000 57.088655 36.581988 0.000000 0.000000 0.000000 0.000000 0.000000 0.000000 0.000000 0.000000 0.000000 0.000000 27.088857 86.173922 91.925353 110.833108 174.839516 260.391375
