erum2020/resources/simulation/Vinschgau/output-maps/TaN0328.asc
ncols         63
nrows         48
xllcorner     598000.000000
yllcorner     5145000.000000
cellsize      1000.000000
NODATA_value  -9999.0
[rows 0 to 27 of 48, columns 0 to 62 of 63]
-9999.0 -9999.0 -9999.0 -9999.0 -9999.0 -9999.0 -9999.0 -9999.0 -9999.0 -9999.0 -9999.0 -9999.0 -9999.0 -9999.0 -9999.0 -9999.0 -9999.0 -9999.0 -9999.0 -9999.0 -9999.0 -9999.0 -9999.0 -9999.0 -9999.0 -9999.0 -9999.0 -9999.0 -9999.0 -9999.0 -9999.0 -9999.0 -9999.0 -9999.0 -9999.0 -9999.0 -9999.0 -9999.0 -9999.0 -9999.0 -9999.0 -9999.0 -9999.0 -9999.0 -9999.0 -9999.0 -9999.0 -9999.0 -9999.0 -9999.0 -9999.0 -9999.0 -9999.0 -9999.0 -9999.0 -9999.0 -9999.0 -9999.0 -9999.0 -9999.0 -9999.0 -9999.0 -9999.0
-9999.0 -9999.0 -9999.0 -9999.0 -9999.0 -9999.0 -9999.0 -9999.0 -9999.0 -9999.0 -9999.0 -9999.0 -9999.0 -9999.0 -9999.0 -9999.0 -9999.0 -9999.0 -9999.0 -9999.0 -9999.0 -9999.0 -9999.0 -9999.0 -9999.0 -9999.0 -9999.0 -6.227321 -5.649366 -5.259123 -6.167127 -6.908073 -5.875831 -9999.0 -9999.0 -9999.0 -9999.0 -9999.0 -9999.0 -9999.0 -9999.0 -9999.0 -9999.0 -9999.0 -9999.0 -9999.0 -9999.0 -9999.0 -9999.0 -9999.0 -9999.0 -9999.0 -9999.0 -9999.0 -9999.0 -9999.0 -9999.0 -9999.0 -9999.0 -9999.0 -9999.0 -9999.0 -9999.0
-9999.0 -9999.0 -9999.0 -9999.0 -9999.0 -9999.0 -9999.0 -9999.0 -9999.0 -9999.0 -9999.0 -9999.0 -9999.0 -9999.0 -9999.0 -9999.0 -9999.0 -9999.0 -9999.0 -9999.0 -9999.0 -9999.0 -9999.0 -9999.0 -5.145405 -4.841210 -4.276359 -4.948451 -4.106674 -4.260270 -6.525312 -9999.0 -9999.0 -9999.0 -9999.0 -9999.0 -9999.0 -9999.0 -9999.0 -9999.0 -9999.0 -9999.0 -9999.0 -9999.0 -9999.0 -9999.0 -9999.0 -9999.0 -9999.0 -9999.0 -9999.0 -9999.0 -9999.0 -9999.0 -9999.0 -9999.0 -9999.0 -9999.0 -9999.0 -9999.0 -9999.0 -9999.0 -9999.0
-9999.0 -9999.0 -9999.0 -9999.0 -9999.0 -9999.0 -9999.0 -9999.0 -9999.0 -9999.0 -9999.0 -9999.0 -9999.0 -9999.0 -9999.0 -9999.0 -9999.0 -9999.0 -9999.0 -9999.0 -9999.0 -9999.0 -9999.0 -4.950918 -3.665101 -3.184503 -2.295326 -2.499811 -2.470815 -4.302795 -6.540010 -7.042105 -9999.0 -9999.0 -9999.0 -9999.0 -9999.0 -9999.0 -9999.0 -9999.0 -9999.0 -9999.0 -9999.0 -9999.0 -9999.0 -9999.0 -9999.0 -9999.0 -9999.0 -9999.0 -9999.0 -9999.0 -9999.0 -9999.0 -9999.0 -9999.0 -9999.0 -9999.0 -9999.0 -9999.0 -9999.0 -9999.0 -9999.0
-9999.0 -9999.0 -9999.0 -9999.0 -9999.0 -9999.0 -9999.0 -9999.0 -9999.0 -9999.0 -9999.0 -9999.0 -9999.0 -9999.0 -9999.0 -9999.0 -9999.0 -9999.0 -1.273242 -5.002330 -9999.0 -4.879946 -4.035741 -3.134761 -1.645238 -0.266721 -0.268441 -0.407609 -0.428828 -2.936813 -4.687437 -6.254298 -7.357804 -9.643444 -9999.0 -9999.0 -9999.0 -9999.0 -9999.0 -9999.0 -9999.0 -9999.0 -9999.0 -9999.0 -9999.0 -9999.0 -9999.0 -9999.0 -9999.0 -9999.0 -9999.0 -9999.0 -9999.0 -9999.0 -9999.0 -9999.0 -9999.0 -9999.0 -9999.0 -9999.0 -9999.0 -9999.0 -9999.0
-9999.0 -9999.0 -9999.0 -9999.0 -9999.0 -9999.0 -9999.0 -9999.0 -9999.0 -9999.0 -9999.0 -9999.0 -9999.0 -9999.0 -9999.0 -9999.0 -9999.0 1.906384 0.455959 -2.125653 -4.530756 -3.568974 -2.965400 -0.887034 0.459741 -1.260518 -2.645604 -2.943142 -2.249466 -0.914938 -2.584107 -4.511332 -4.800520 -6.199163 -8.001938 -9.037507 -9999.0 -9999.0 -9999.0 -9999.0 -9999.0 -9999.0 -9999.0 -9999.0 -9999.0 -9999.0 -9999.0 -9999.0 -9999.0 -9999.0 -9999.0 -9999.0 -9999.0 -9999.0 -9999.0 -9999.0 -9999.0 -9999.0 -9999.0 -9999.0 -9999.0 -9999.0 -9999.0
-9999.0 -9999.0 -9999.0 -9999.0 -9999.0 -9999.0 -9999.0 -9999.0 -9999.0 -9999.0 -9999.0 -9999.0 -9999.0 -4.932972 -2.940334 -0.258704 1.018102 1.833879 1.684874 -1.774337 -1.679080 -1.587589 -0.196489 0.635709 -1.416859 -3.501078 -5.014770 -4.183860 -4.485015 -3.367150 -2.192878 -3.293339 -5.111672 -5.933724 -6.667087 -9.365997 -9999.0 -9999.0 -9999.0 -9999.0 -9999.0 -9999.0 -9999.0 -9999.0 -9999.0 -9999.0 -9999.0 -9999.0 -9999.0 -9999.0 -9999.0 -9999.0 -9999.0 -9999.0 -9999.0 -9999.0 -9999.0 -9999.0 -9999.0 -9999.0 -9999.0 -9999.0 -9999.0
-9999.0 -9999.0 -9999.0 -9999.0 -9999.0 -9999.0 -9999.0 -9999.0 -9999.0 -9999.0 -9999.0 -9999.0 -9999.0 -4.399533 -2.350519 -0.669898 -0.606183 1.432835 1.837322 1.455603 1.298546 1.312754 0.606911 -0.387445 -1.403102 -3.060441 -5.637670 -5.475860 -6.617235 -5.300298 -4.355893 -5.939560 -7.023783 -8.513463 -8.268098 -9999.0 -9999.0 -9999.0 -9999.0 -9999.0 -9999.0 -9999.0 -9999.0 -9999.0 -9999.0 -9999.0 -9999.0 -9999.0 -9999.0 -9999.0 -9999.0 -9999.0 -9999.0 -9999.0 -9999.0 -9999.0 -9999.0 -9999.0 -9999.0 -9999.0 -9999.0 -9999.0 -9999.0
-9999.0 -9999.0 -9999.0 -9999.0 -9999.0 -9999.0 -9999.0 -9999.0 -9999.0 -9999.0 -9999.0 -9999.0 -9999.0 -3.535431 -1.335455 -2.382560 -1.772487 0.366916 1.763938 1.695773 0.105447 -2.200429 -1.662343 -2.746386 -2.772682 -3.435028 -4.454497 -6.852550 -7.025508 -7.386293 -6.396711 -8.745138 -9.138718 -10.890730 -9.616236 -9999.0 -9999.0 -9999.0 -9999.0 -9999.0 -9999.0 -9999.0 -9999.0 -9999.0 -9999.0 -9999.0 -9999.0 -9999.0 -9999.0 -9999.0 -9999.0 -9999.0 -9999.0 -9999.0 -9999.0 -9999.0 -9999.0 -9999.0 -9999.0 -9999.0 -9999.0 -9999.0 -9999.0
-9999.0 -9999.0 -9999.0 -9999.0 -9999.0 -9999.0 -9999.0 -9999.0 -9999.0 -9999.0 -9999.0 -9999.0 -4.324758 -2.143054 -2.582808 -3.926338 -3.011863 -0.408783 1.693376 1.725820 -1.314943 -4.359104 -3.660966 -4.467422 -2.658323 -5.521631 -4.294804 -6.572317 -4.972219 -7.052607 -8.603670 -7.501970 -7.244964 -10.304136 -9999.0 -9999.0 -9999.0 -9999.0 -9999.0 -9999.0 -9999.0 -9999.0 -9999.0 -9999.0 -9999.0 -9999.0 -9999.0 -9999.0 -9999.0 -9999.0 -9999.0 -9999.0 -9999.0 -9999.0 -9999.0 -9999.0 -9999.0 -9999.0 -9999.0 -9999.0 -9999.0 -9999.0 -9999.0
-9999.0 -9999.0 -9999.0 -9999.0 -9999.0 -9999.0 -9999.0 -9999.0 -9999.0 -9999.0 -9999.0 -5.103533 -3.439691 -2.258588 -4.816441 -5.244297 -4.570421 -1.272838 1.646146 1.859994 -0.855557 -2.381536 -4.101962 -5.351629 -3.196805 -4.743740 -6.686703 -5.570258 -4.614458 -8.415323 -7.578975 -4.975721 -6.653031 -8.694717 -8.194790 -6.961114 -7.646908 -6.989187 -6.866494 -9999.0 -9999.0 -9999.0 -9.187878 -9999.0 -9999.0 -9999.0 -9999.0 -9999.0 -9999.0 -9999.0 -9999.0 -9999.0 -9999.0 -9999.0 -9999.0 -9999.0 -9999.0 -9999.0 -9999.0 -9999.0 -9999.0 -9999.0 -9999.0
-9999.0 -9999.0 -9999.0 -9999.0 -9999.0 -9999.0 -9999.0 -9999.0 -9999.0 -9999.0 -9999.0 -5.526433 -4.391259 -3.385193 -5.063588 -6.812285 -4.322999 -1.032857 1.652511 1.741614 0.190610 -2.449225 -4.060782 -5.177629 -3.820324 -5.435246 -5.869058 -4.512750 -4.604816 -8.164408 -5.672706 -3.810331 -7.149534 -7.898909 -8.809824 -6.429072 -5.083736 -5.497681 -7.176133 -9.572622 -9.400407 -9.450551 -6.696998 -7.475397 -9999.0 -9999.0 -9999.0 -10.127632 -8.450027 -7.230674 -7.283313 -8.147990 -8.347766 -8.958755 -8.454558 -8.730107 -9999.0 -9999.0 -9999.0 -9999.0 -9999.0 -9999.0 -9999.0
-9999.0 -9999.0 -9999.0 -9999.0 -9999.0 -9999.0 -9999.0 -9999.0 -9999.0 -9999.0 -9999.0 -5.617628 -5.881710 -3.746956 -5.325037 -5.967651 -3.694452 -0.729198 1.647444 1.991383 0.521983 -1.481776 -3.976518 -4.805249 -5.382947 -5.651244 -3.186291 -2.628514 -5.808337 -7.791340 -6.345764 -3.640834 -4.636870 -7.601649 -7.495133 -5.035208 -3.477564 -3.291080 -4.922313 -7.946586 -6.557611 -7.553471 -5.154878 -6.003344 -7.809657 -9999.0 -9.816378 -7.382842 -5.772030 -4.545097 -4.184351 -4.075867 -4.862439 -5.526341 -5.601759 -6.443010 -9999.0 -9999.0 -9999.0 -9999.0 -9999.0 -9999.0 -9999.0
-9999.0 -9999.0 -9999.0 -9999.0 -9999.0 -9999.0 -9999.0 -9999.0 -9999.0 -9999.0 -9999.0 -9999.0 -5.163185 -4.605490 -5.906012 -5.776188 -3.697809 -1.029245 2.011496 2.405033 0.585529 -0.866966 -1.132226 -2.790467 -4.948802 -3.508039 -1.731314 -4.390893 -5.821784 -6.669914 -5.734216 -3.458169 -4.539509 -6.642667 -7.276920 -5.798898 -4.223934 -2.846337 -2.306917 -5.767468 -4.627831 -4.962576 -3.245207 -4.173945 -6.940160 -7.871746 -8.077773 -7.177828 -4.458875 -2.372314 -1.281713 -2.351668 -2.396660 -2.927401 -3.769245 -5.071791 -6.234651 -9999.0 -9999.0 -9999.0 -9999.0 -9999.0 -9999.0
-9999.0 -9999.0 -9999.0 -9999.0 -9999.0 -9999.0 -9999.0 -9999.0 -9999.0 -9999.0 -9999.0 -5.283992 -6.435250 -5.115408 -4.018639 -3.914352 -2.533395 -0.735818 2.063998 2.590796 1.275748 0.213225 -0.590265 -3.613716 -3.428352 -1.284836 -2.238463 -5.852283 -6.217142 -5.036341 -3.293062 -2.138705 -3.188367 -6.394334 -8.350717 -6.078682 -6.034333 -3.740688 -1.165886 -3.134277 -3.427677 -1.601544 -1.013199 -2.067857 -3.401600 -6.409019 -5.164902 -5.131784 -4.017334 -0.667272 -4.097728 -5.333757 -4.966027 -5.701825 -6.560120 -7.374726 -6.211163 -9999.0 -9999.0 -9999.0 -9999.0 -9999.0 -9999.0
-9999.0 -9999.0 -9999.0 -9999.0 -9999.0 -9999.0 -9999.0 -9999.0 -9999.0 -9999.0 -3.139428 -3.881313 -5.412671 -5.510659 -4.241415 -1.968618 -1.877077 -1.804825 1.786525 2.783350 2.220121 1.468404 -1.987820 -2.097758 -0.890083 -0.599359 -3.691261 -5.540979 -4.153500 -3.414405 -1.251117 -1.341361 -3.552335 -6.272674 -9.182828 -6.730536 -4.853813 -3.788734 -1.985944 -0.295185 -0.198477 0.874470 0.857149 0.594551 -1.791074 -5.323983 -5.000333 -2.359537 -1.012115 -0.258758 -5.143001 -6.799766 -7.012545 -8.182199 -7.753542 -5.395936 -5.185459 -9999.0 -9999.0 -9999.0 -9999.0 -9999.0 -9999.0
-9999.0 -9999.0 -9999.0 -9999.0 -9999.0 -9999.0 -9999.0 -9999.0 -9999.0 -5.825056 -4.099422 -3.030051 -2.393591 -4.426932 -2.944123 -2.760496 -3.423773 -1.301165 2.289944 3.257699 2.831404 0.401503 0.370007 0.726893 0.466285 -2.488681 -4.741985 -3.168703 -1.302831 -0.450789 0.417329 -2.987485 -5.806082 -8.044844 -8.174022 -6.626410 -4.350786 -4.170142 -3.814371 -2.175546 -0.909685 -2.340361 -2.463843 1.196352 0.701671 -1.759407 -1.847604 -2.960294 -2.751179 0.999174 -2.998462 -6.262865 -8.794906 -9.114173 -7.308526 -4.769356 -3.837802 -5.710063 -7.019444 -9999.0 -9999.0 -9999.0 -9999.0
-9999.0 -9999.0 -9999.0 -9999.0 -9999.0 -9999.0 -9999.0 -9999.0 -9999.0 -5.686306 -5.672759 -4.072367 -0.477026 -1.782517 -3.102581 -3.799859 -2.413132 0.145786 3.306321 3.939530 3.844985 2.943793 2.487236 0.461753 -2.018542 -3.494440 -2.084486 -0.676403 1.334932 0.789187 -0.557582 -3.274209 -4.808912 -6.991638 -6.019742 -6.669901 -6.186726 -4.894475 -5.698596 -3.382175 -3.352534 -4.674271 -2.964072 0.608980 2.278068 2.242724 2.181120 0.502347 -0.563434 1.386997 -3.655886 -6.616877 -8.535422 -8.061817 -5.820156 -5.616515 -3.508436 -2.857649 -4.642341 -9999.0 -9999.0 -9999.0 -9999.0
-9999.0 -9999.0 -9999.0 -9999.0 -9999.0 -9999.0 -9999.0 -9999.0 -9999.0 -9999.0 -5.918468 -3.594294 -1.617983 0.269359 -0.859548 -2.214404 -1.138488 1.802667 4.416286 4.657932 4.366304 2.554460 -0.012561 -0.977001 -3.053189 -1.005267 0.583652 1.866058 -0.602036 -2.563444 -3.032415 -2.333391 -5.806664 -6.278178 -4.384049 -3.230343 -3.844251 -3.344709 -6.122267 -5.745285 -6.194242 -3.777406 -0.752621 -1.859945 -0.362057 -0.086071 1.246059 2.988692 3.385475 0.607325 -2.456898 -3.404622 -7.205791 -8.022072 -7.875159 -5.885841 -3.535023 0.051802 -0.063654 -0.561292 -9999.0 -9999.0 -9999.0
-9999.0 -9999.0 -9999.0 -9999.0 -9999.0 -9999.0 -9999.0 -9999.0 -9999.0 -9999.0 -5.779502 -4.504022 -3.369924 -0.910116 1.235823 0.230032 0.088109 2.368255 5.134396 5.337217 3.254941 1.371237 -0.239277 -1.763071 -1.102631 1.057979 2.489176 0.516101 -2.162488 -5.129566 -4.966416 -3.168010 -4.674133 -6.901364 -5.314303 -2.480547 -1.137308 -1.836996 -4.437112 -6.525673 -5.451186 -2.898006 -2.731738 -3.999440 -2.777539 -1.623084 -0.748379 0.231542 3.245299 3.400004 1.093266 -2.704379 -4.755186 -6.351833 -8.439478 -7.693141 -5.783264 -1.396112 2.963128 3.065326 -9999.0 -9999.0 -9999.0
-9999.0 -9999.0 -9999.0 -9999.0 -9999.0 -9999.0 -9999.0 -9999.0 -4.014389 -5.312764 -6.033525 -3.575973 -2.127709 -2.070521 -0.679318 2.253651 2.738014 4.339426 5.905888 5.987132 5.126738 3.985180 3.072547 1.005838 0.779848 2.491298 1.530147 -1.617581 -3.018812 -5.034756 -6.859524 -4.958621 -5.035145 -6.616805 -4.840123 -4.978642 -1.853974 -0.812493 -4.196875 -6.514522 -5.147993 -3.318284 -4.728266 -5.831761 -3.881059 -1.150645 -3.501744 -1.835256 0.723300 3.976649 1.465904 -0.692791 -3.400959 -6.235095 -6.916059 -4.854075 -4.658532 -1.621289 1.480391 5.065209 -9999.0 -9999.0 -9999.0
-9999.0 -9999.0 -9999.0 -9999.0 -9999.0 -9999.0 -9999.0 -9999.0 -2.519457 -2.549295 -4.374911 -5.340617 -4.030646 -1.010794 -1.547135 0.776899 2.055228 2.575478 5.545790 6.464186 6.677096 6.430287 4.977843 2.979426 3.294360 3.674693 1.475944 -1.237501 -4.201746 -5.573980 -6.400705 -5.440832 -4.467259 -5.378443 -4.182031 -3.751002 -0.379821 0.479386 -2.226813 -4.417900 -5.594110 -6.153999 -5.415654 -4.072415 -2.079756 -2.559310 -4.699389 -3.755301 -0.549944 2.826800 3.523679 -0.292400 -3.044434 -4.995451 -3.107619 -0.912869 -1.120156 0.610998 4.126268 6.781033 6.913753 -9999.0 -9999.0
-9999.0 -9999.0 -9999.0 -9999.0 -9999.0 -9999.0 -9999.0 -9999.0 -4.482668 -2.044824 -3.059660 -4.872705 -2.997033 -3.135270 -1.882121 -1.123359 1.077415 2.898909 5.659791 6.786783 7.114500 7.186108 6.656187 5.445380 5.218223 3.446337 1.111983 -1.963940 -4.851515 -4.788883 -4.743557 -2.791768 -3.952990 -3.617922 -2.883501 -0.842638 -0.537019 2.207002 -0.771913 -2.661531 -4.419934 -5.084009 -4.246045 -2.990155 -3.428173 -3.888436 -5.731235 -4.571655 -3.207312 0.962277 4.454861 2.049127 -1.682323 -2.397970 0.574465 1.401218 2.949620 4.270897 6.526005 7.030995 7.119655 -9999.0 -9999.0
-9999.0 -9999.0 -9999.0 -9999.0 -9999.0 -9999.0 -9999.0 -9999.0 -6.053784 -2.958320 -0.606179 -3.806440 -3.063231 -2.007762 -0.001202 1.738495 4.735981 5.779093 5.922607 6.075183 6.787422 7.158308 7.144178 6.361299 4.054562 1.794191 -0.487205 -2.713212 -2.981420 -1.532580 -2.296621 -1.590143 -0.165163 0.501424 -1.773187 -2.165993 -0.097330 3.767598 0.803195 -1.262394 -3.731590 -3.440923 -3.390153 -3.845381 -4.819579 -4.632886 -3.724535 -3.512018 -4.023604 -1.496858 1.427726 4.297186 2.497105 0.590120 3.220255 3.971261 5.541755 6.426926 6.829848 7.162271 5.847334 3.028532 -9999.0
-9999.0 -9999.0 -9999.0 -9999.0 -9999.0 -9999.0 -9999.0 -9999.0 -6.645444 -3.135950 -0.338927 -1.096951 0.329597 1.076426 2.091007 4.382920 5.126745 3.546933 1.778760 3.396392 5.231021 6.881832 6.906931 6.671971 4.166285 0.952259 -1.672370 -0.928846 0.408247 0.885780 -1.097398 0.389835 3.175224 1.378436 0.134162 0.979886 2.606320 5.817219 5.218556 2.278678 0.361585 0.254567 0.853909 -0.149944 -2.722159 -2.425527 -1.215073 0.305060 -0.888770 1.542984 3.116248 3.446260 4.244763 4.171521 5.278524 5.449915 5.844948 6.354924 6.756446 5.943124 4.484586 2.294657 -9999.0
-9999.0 -9999.0 -4.446313 -3.781190 -3.226339 -3.383562 -2.359404 -3.738522 -4.895552 -3.674610 -1.133043 1.407746 1.434293 2.686604 4.172622 4.486748 1.439926 -1.084973 -1.240696 1.279698 3.351997 6.139100 6.635443 6.720380 4.897099 2.563994 0.889339 1.014022 2.989162 1.855155 0.075992 0.970273 4.651061 3.239501 4.247029 4.423605 6.839796 8.175516 7.035056 4.241460 3.973529 4.135419 3.938343 2.882810 0.303769 0.380093 2.516685 2.412871 3.627808 5.092032 6.091951 5.989450 5.515785 5.183668 5.261285 5.437156 5.766598 5.865453 4.758094 4.100725 2.734016 1.320658 -9999.0
-9999.0 -2.347728 -2.317208 -2.610253 -3.239214 -2.026201 -2.296291 -4.205513 -4.978500 -4.548484 -2.197011 0.124358 2.881976 3.660452 3.857021 0.959812 -1.090325 -2.788146 -2.200143 1.074371 3.340711 5.204571 5.978591 6.028319 5.988059 4.644292 3.785283 4.034679 5.158698 3.784641 3.310107 3.118127 4.858382 6.528702 7.326333 8.736717 10.521677 11.218394 10.802278 8.983588 7.963232 7.902850 7.030314 4.510840 3.279362 3.829908 5.191768 6.244197 7.253165 7.135422 6.629962 6.137120 5.376486 4.658462 4.705909 4.089766 2.886578 2.905596 2.788557 1.571783 0.900877 0.996034 -9999.0
-9999.0 -1.085657 -0.546617 -0.484665 -1.078183 -0.750997 -3.019865 -4.723701 -5.132263 -4.948176 -2.811717 -0.247344 2.951502 3.796561 1.731916 -1.263050 -3.000725 -3.070686 -0.296248 1.433360 3.106294 3.850545 4.916301 5.000118 5.409671 5.857097 6.179986 6.420510 6.633199 6.592650 6.654674 6.257331 7.017698 7.905549 9.374314 11.217089 12.920713 14.055819 13.820690 12.707865 11.865848 10.828323 9.433666 7.837275 7.803781 7.727571 8.212162 8.185600 7.738274 7.278063 5.669820 3.693797 2.923873 3.945000 3.038086 1.130469 1.444818 0.400925 0.192395 -0.668881 -0.503259 -9999.0 -9999.0
