erum2020/resources/simulation/Vinschgau/output-maps/TaN0092.asc
ncols         63
nrows         48
xllcorner     598000.000000
yllcorner     5145000.000000
cellsize      1000.000000
NODATA_value  -9999.0
[rows 0 to 26 of 48, columns 0 to 60 of 63]
-9999.0 -9999.0 -9999.0 -9999.0 -9999.0 -9999.0 -9999.0 -9999.0 -9999.0 -9999.0 -9999.0 -9999.0 -9999.0 -9999.0 -9999.0 -9999.0 -9999.0 -9999.0 -9999.0 -9999.0 -9999.0 -9999.0 -9999.0 -9999.0 -9999.0 -9999.0 -9999.0 -9999.0 -9999.0 -9999.0 -9999.0 -9999.0 -9999.0 -9999.0 -9999.0 -9999.0 -9999.0 -9999.0 -9999.0 -9999.0 -9999.0 -9999.0 -9999.0 -9999.0 -9999.0 -9999.0 -9999.0 -9999.0 -9999.0 -9999.0 -9999.0 -9999.0 -9999.0 -9999.0 -9999.0 -9999.0 -9999.0 -9999.0 -9999.0 -9999.0 -9999.0
-9999.0 -9999.0 -9999.0 -9999.0 -9999.0 -9999.0 -9999.0 -9999.0 -9999.0 -9999.0 -9999.0 -9999.0 -9999.0 -9999.0 -9999.0 -9999.0 -9999.0 -9999.0 -9999.0 -9999.0 -9999.0 -9999.0 -9999.0 -9999.0 -9999.0 -9999.0 -9999.0 -13.816398 -13.193645 -12.741674 -13.572837 -14.224393 -13.093570 -9999.0 -9999.0 -9999.0 -9999.0 -9999.0 -9999.0 -9999.0 -9999.0 -9999.0 -9999.0 -9999.0 -9999.0 -9999.0 -9999.0 -9999.0 -9999.0 -9999.0 -9999.0 -9999.0 -9999.0 -9999.0 -9999.0 -9999.0 -9999.0 -9999.0 -9999.0 -9999.0 -9999.0
-9999.0 -9999.0 -9999.0 -9999.0 -9999.0 -9999.0 -9999.0 -9999.0 -9999.0 -9999.0 -9999.0 -9999.0 -9999.0 -9999.0 -9999.0 -9999.0 -9999.0 -9999.0 -9999.0 -9999.0 -9999.0 -9999.0 -9999.0 -9999.0 -12.764743 -12.476787 -11.905637 -12.548732 -11.655813 -11.737368 -13.911475 -9999.0 -9999.0 -9999.0 -9999.0 -9999.0 -9999.0 -9999.0 -9999.0 -9999.0 -9999.0 -9999.0 -9999.0 -9999.0 -9999.0 -9999.0 -9999.0 -9999.0 -9999.0 -9999.0 -9999.0 -9999.0 -9999.0 -9999.0 -9999.0 -9999.0 -9999.0 -9999.0 -9999.0 -9999.0 -9999.0
-9999.0 -9999.0 -9999.0 -9999.0 -9999.0 -9999.0 -9999.0 -9999.0 -9999.0 -9999.0 -9999.0 -9999.0 -9999.0 -9999.0 -9999.0 -9999.0 -9999.0 -9999.0 -9999.0 -9999.0 -9999.0 -9999.0 -9999.0 -12.532429 -11.297165 -10.840359 -9.947363 -10.120416 -10.033039 -11.781021 -13.910723 -14.284896 -9999.0 -9999.0 -9999.0 -9999.0 -9999.0 -9999.0 -9999.0 -9999.0 -9999.0 -9999.0 -9999.0 -9999.0 -9999.0 -9999.0 -9999.0 -9999.0 -9999.0 -9999.0 -9999.0 -9999.0 -9999.0 -9999.0 -9999.0 -9999.0 -9999.0 -9999.0 -9999.0 -9999.0 -9999.0
-9999.0 -9999.0 -9999.0 -9999.0 -9999.0 -9999.0 -9999.0 -9999.0 -9999.0 -9999.0 -9999.0 -9999.0 -9999.0 -9999.0 -9999.0 -9999.0 -9999.0 -9999.0 -8.179905 -12.064828 -9999.0 -12.246406 -11.527228 -10.723528 -9.299870 -7.954104 -7.955009 -8.060096 -8.014783 -10.425121 -12.049032 -13.463237 -14.392806 -16.489911 -9999.0 -9999.0 -9999.0 -9999.0 -9999.0 -9999.0 -9999.0 -9999.0 -9999.0 -9999.0 -9999.0 -9999.0 -9999.0 -9999.0 -9999.0 -9999.0 -9999.0 -9999.0 -9999.0 -9999.0 -9999.0 -9999.0 -9999.0 -9999.0 -9999.0 -9999.0 -9999.0
-9999.0 -9999.0 -9999.0 -9999.0 -9999.0 -9999.0 -9999.0 -9999.0 -9999.0 -9999.0 -9999.0 -9999.0 -9999.0 -9999.0 -9999.0 -9999.0 -9999.0 -4.627797 -6.262695 -9.051314 -11.663863 -10.892002 -10.448602 -8.493701 -7.230535 -8.993712 -10.381356 -10.641898 -9.872668 -8.425249 -9.945941 -11.691915 -11.771666 -12.939908 -14.501963 -15.300984 -9999.0 -9999.0 -9999.0 -9999.0 -9999.0 -9999.0 -9999.0 -9999.0 -9999.0 -9999.0 -9999.0 -9999.0 -9999.0 -9999.0 -9999.0 -9999.0 -9999.0 -9999.0 -9999.0 -9999.0 -9999.0 -9999.0 -9999.0 -9999.0 -9999.0
-9999.0 -9999.0 -9999.0 -9999.0 -9999.0 -9999.0 -9999.0 -9999.0 -9999.0 -9999.0 -9999.0 -9999.0 -9999.0 -10.978760 -8.903822 -6.223515 -5.043018 -4.411293 -4.807183 -8.542127 -8.718977 -8.871800 -7.682850 -7.004127 -9.159905 -11.297909 -12.817584 -11.946414 -12.162257 -10.914973 -9.568294 -10.455371 -12.023259 -12.564944 -12.999866 -15.400100 -9999.0 -9999.0 -9999.0 -9999.0 -9999.0 -9999.0 -9999.0 -9999.0 -9999.0 -9999.0 -9999.0 -9999.0 -9999.0 -9999.0 -9999.0 -9999.0 -9999.0 -9999.0 -9999.0 -9999.0 -9999.0 -9999.0 -9999.0 -9999.0 -9999.0
-9999.0 -9999.0 -9999.0 -9999.0 -9999.0 -9999.0 -9999.0 -9999.0 -9999.0 -9999.0 -9999.0 -9999.0 -9999.0 -10.092509 -7.908178 -6.206345 -6.258224 -4.462775 -4.390275 -5.138928 -5.650127 -5.945689 -6.901522 -8.081818 -9.220887 -10.942659 -13.528842 -13.323043 -14.368867 -12.905281 -11.763226 -13.098853 -13.887055 -15.038741 -14.425397 -9999.0 -9999.0 -9999.0 -9999.0 -9999.0 -9999.0 -9999.0 -9999.0 -9999.0 -9999.0 -9999.0 -9999.0 -9999.0 -9999.0 -9999.0 -9999.0 -9999.0 -9999.0 -9999.0 -9999.0 -9999.0 -9999.0 -9999.0 -9999.0 -9999.0 -9999.0
-9999.0 -9999.0 -9999.0 -9999.0 -9999.0 -9999.0 -9999.0 -9999.0 -9999.0 -9999.0 -9999.0 -9999.0 -9999.0 -8.841630 -6.428951 -7.416297 -6.942708 -5.126056 -4.174422 -4.726348 -6.769938 -9.459591 -9.222036 -10.524124 -10.692536 -11.428401 -12.458644 -14.808384 -14.875447 -15.072529 -13.860139 -15.925273 -15.975048 -17.326250 -15.604186 -9999.0 -9999.0 -9999.0 -9999.0 -9999.0 -9999.0 -9999.0 -9999.0 -9999.0 -9999.0 -9999.0 -9999.0 -9999.0 -9999.0 -9999.0 -9999.0 -9999.0 -9999.0 -9999.0 -9999.0 -9999.0 -9999.0 -9999.0 -9999.0 -9999.0 -9999.0
-9999.0 -9999.0 -9999.0 -9999.0 -9999.0 -9999.0 -9999.0 -9999.0 -9999.0 -9999.0 -9999.0 -9999.0 -9.658836 -7.069414 -7.194499 -8.420824 -7.663969 -5.483700 -3.968638 -4.558305 -8.161363 -11.664263 -11.313639 -12.365434 -10.712804 -13.655501 -12.439337 -14.663499 -12.947534 -14.848448 -16.153516 -14.735550 -14.088887 -16.684774 -9999.0 -9999.0 -9999.0 -9999.0 -9999.0 -9999.0 -9999.0 -9999.0 -9999.0 -9999.0 -9999.0 -9999.0 -9999.0 -9999.0 -9999.0 -9999.0 -9999.0 -9999.0 -9999.0 -9999.0 -9999.0 -9999.0 -9999.0 -9999.0 -9999.0 -9999.0 -9999.0
-9999.0 -9999.0 -9999.0 -9999.0 -9999.0 -9999.0 -9999.0 -9999.0 -9999.0 -9999.0 -9999.0 -10.754090 -8.587230 -6.890827 -9.023361 -9.265458 -8.769417 -6.006237 -3.827652 -4.375358 -7.753318 -9.799810 -11.901918 -13.413876 -11.422433 -13.049813 -15.000713 -13.825118 -12.744360 -16.352440 -15.250981 -12.304262 -13.553584 -15.078587 -13.974521 -12.061682 -12.028085 -10.690866 -10.087100 -9999.0 -9999.0 -9999.0 -13.887821 -9999.0 -9999.0 -9999.0 -9999.0 -9999.0 -9999.0 -9999.0 -9999.0 -9999.0 -9999.0 -9999.0 -9999.0 -9999.0 -9999.0 -9999.0 -9999.0 -9999.0 -9999.0
-9999.0 -9999.0 -9999.0 -9999.0 -9999.0 -9999.0 -9999.0 -9999.0 -9999.0 -9999.0 -9999.0 -11.194565 -9.509378 -7.919266 -9.094353 -10.606731 -8.315640 -5.654115 -3.829601 -4.600661 -6.875185 -10.065973 -12.070761 -13.451599 -12.254843 -13.945467 -14.381564 -12.959622 -12.918966 -16.275901 -13.505888 -11.281902 -14.167999 -14.366218 -14.626257 -11.502871 -9.349184 -8.956026 -10.001433 -12.282874 -12.689689 -13.541473 -11.405950 -12.636197 -9999.0 -9999.0 -9999.0 -16.610405 -15.187627 -14.189032 -14.428405 -15.447089 -15.770022 -16.475237 -16.037944 -16.354240 -9999.0 -9999.0 -9999.0 -9999.0 -9999.0
-9999.0 -9999.0 -9999.0 -9999.0 -9999.0 -9999.0 -9999.0 -9999.0 -9999.0 -9999.0 -9999.0 -11.452748 -11.181900 -8.473646 -9.554753 -9.970632 -7.919177 -5.617753 -4.131358 -4.658802 -6.846436 -9.387019 -12.258462 -13.335799 -14.061154 -14.394831 -11.923886 -11.293571 -14.334522 -16.108934 -14.378807 -11.305196 -11.839906 -14.244567 -13.479479 -10.274699 -7.916656 -6.937969 -7.938927 -10.872850 -10.195497 -11.986291 -10.062545 -11.255792 -13.391398 -9999.0 -16.045686 -13.905455 -12.555245 -11.552933 -11.380832 -11.426876 -12.336525 -13.094822 -13.238428 -14.123699 -9999.0 -9999.0 -9999.0 -9999.0 -9999.0
-9999.0 -9999.0 -9999.0 -9999.0 -9999.0 -9999.0 -9999.0 -9999.0 -9999.0 -9999.0 -9999.0 -9999.0 -10.855720 -9.823068 -10.731514 -10.457350 -8.625525 -6.578714 -4.346446 -4.737355 -7.201437 -9.134278 -9.734857 -11.612198 -13.897618 -12.508064 -10.715518 -13.295686 -14.583180 -15.220566 -14.000949 -11.360337 -11.989207 -13.548499 -13.553499 -11.384265 -9.106609 -7.105776 -6.185726 -9.776412 -9.246340 -9.966207 -8.413237 -9.550961 -12.601488 -13.852911 -14.377904 -13.773694 -11.316221 -9.453184 -8.548669 -9.769940 -9.935009 -10.558213 -11.468212 -12.817474 -14.008183 -9999.0 -9999.0 -9999.0 -9999.0
-9999.0 -9999.0 -9999.0 -9999.0 -9999.0 -9999.0 -9999.0 -9999.0 -9999.0 -9999.0 -9999.0 -11.846030 -12.664797 -11.019837 -9.688145 -9.554478 -8.436356 -7.169144 -5.030719 -5.144841 -6.991774 -8.454324 -9.538154 -12.744088 -12.662217 -10.555037 -11.483263 -15.011390 -15.229597 -13.838817 -11.817972 -10.312749 -10.933037 -13.630485 -15.009823 -12.123195 -11.488091 -8.727047 -5.942638 -8.055037 -8.630511 -6.872217 -6.321531 -7.553495 -9.170236 -12.501375 -11.577607 -11.837845 -10.979508 -7.845823 -11.454579 -12.834465 -12.580504 -13.404335 -14.328918 -15.191591 -14.061058 -9999.0 -9999.0 -9999.0 -9999.0
-9999.0 -9999.0 -9999.0 -9999.0 -9999.0 -9999.0 -9999.0 -9999.0 -9999.0 -9999.0 -10.359624 -10.902560 -12.228502 -12.150280 -10.792452 -8.586983 -8.759063 -9.119810 -6.042504 -5.543195 -6.524923 -7.595359 -11.276344 -11.532875 -10.407709 -10.142010 -13.201612 -14.960381 -13.423343 -12.476448 -10.045893 -9.806239 -11.621425 -13.880759 -16.275507 -13.281943 -10.890207 -9.409263 -7.359376 -5.596073 -5.495457 -4.423192 -4.536753 -5.027373 -7.720753 -11.583386 -11.574784 -9.215998 -8.110708 -7.559240 -12.608093 -14.396653 -14.713343 -15.963847 -15.597398 -13.287283 -13.113106 -9999.0 -9999.0 -9999.0 -9999.0
-9999.0 -9999.0 -9999.0 -9999.0 -9999.0 -9999.0 -9999.0 -9999.0 -9999.0 -13.510256 -11.679823 -10.500615 -9.765246 -11.737856 -10.269535 -10.211504 -11.125917 -9.356727 -6.166119 -5.584522 -6.338642 -9.019307 -9.227012 -8.986351 -9.316512 -12.294530 -14.514407 -12.845535 -10.825524 -9.767255 -8.644392 -11.745673 -14.209935 -16.043564 -15.723824 -13.702735 -10.962947 -10.370388 -9.689700 -7.821081 -6.417177 -7.830311 -8.086308 -4.678018 -5.481493 -8.257727 -8.638443 -10.007903 -10.016087 -6.444862 -10.587207 -13.966697 -16.589271 -16.979433 -15.229579 -12.735154 -11.840899 -13.746308 -15.087866 -9999.0 -9999.0
-9999.0 -9999.0 -9999.0 -9999.0 -9999.0 -9999.0 -9999.0 -9999.0 -9999.0 -13.647678 -13.588875 -11.948365 -8.330899 -9.651062 -11.044711 -11.892599 -10.737331 -8.473514 -5.636720 -5.315022 -5.674594 -6.774648 -7.364297 -9.479241 -12.029898 -13.546792 -12.111659 -10.600276 -8.424365 -8.762736 -9.868711 -12.313026 -13.542010 -15.383470 -14.036112 -14.285048 -13.392260 -11.706154 -12.157690 -9.555939 -9.343594 -10.625267 -9.024687 -5.668635 -4.264923 -4.569150 -4.878225 -6.772429 -8.019135 -6.216809 -11.378600 -14.433721 -16.426269 -16.011127 -13.816724 -13.653079 -11.581205 -10.965843 -12.787820 -9999.0 -9999.0
-9999.0 -9999.0 -9999.0 -9999.0 -9999.0 -9999.0 -9999.0 -9999.0 -9999.0 -9999.0 -14.132996 -11.818441 -9.869409 -8.039162 -9.268395 -10.777109 -9.910185 -7.222284 -4.883516 -4.908600 -5.427616 -7.399918 -10.050390 -11.064079 -13.235564 -11.295221 -9.697913 -8.287067 -10.567823 -12.317715 -12.562660 -11.628653 -14.852982 -15.056654 -12.871261 -11.401520 -11.679189 -10.835649 -13.283186 -12.622880 -12.876794 -10.387247 -7.413898 -8.663252 -7.352253 -7.271559 -6.121728 -4.538736 -4.276262 -7.164321 -10.316678 -11.334129 -15.190316 -16.050758 -15.941010 -13.985528 -11.668431 -8.117761 -8.273638 -8.817140 -9999.0
-9999.0 -9999.0 -9999.0 -9999.0 -9999.0 -9999.0 -9999.0 -9999.0 -9999.0 -9999.0 -14.252540 -13.020222 -11.942192 -9.558834 -7.518875 -8.668457 -8.995496 -6.937020 -4.414886 -4.456035 -6.752807 -8.780302 -10.403342 -11.848990 -11.358057 -9.514290 -8.055996 -9.827466 -12.284968 -15.039874 -14.676855 -12.689634 -14.013789 -16.058553 -14.278653 -11.231385 -9.647014 -10.079431 -12.400957 -14.229349 -12.951121 -10.280366 -10.088053 -11.401793 -10.268119 -9.217883 -8.446340 -7.559702 -4.625929 -4.537490 -6.897869 -10.738386 -12.823638 -14.449093 -16.563099 -15.843997 -13.965143 -9.614743 -5.298649 -5.245476 -9999.0
-9999.0 -9999.0 -9999.0 -9999.0 -9999.0 -9999.0 -9999.0 -9999.0 -12.591473 -13.946887 -14.729156 -12.337483 -10.960677 -10.984451 -9.691146 -6.882588 -6.556930 -5.149878 -3.805884 -3.959499 -5.045760 -6.375027 -7.314203 -8.772539 -9.331143 -8.367981 -9.177576 -12.054183 -13.225787 -15.047171 -16.709375 -14.677392 -14.651391 -16.150961 -14.298177 -14.346943 -11.098541 -9.886225 -13.055422 -15.135783 -13.544799 -11.535465 -12.825850 -13.865950 -11.893269 -9.166023 -11.532847 -9.886683 -7.348735 -4.114302 -6.641636 -8.814753 -11.535969 -14.383328 -15.080113 -13.039539 -12.873647 -9.875477 -6.821352 -3.289678 -9999.0
-9999.0 -9999.0 -9999.0 -9999.0 -9999.0 -9999.0 -9999.0 -9999.0 -11.245018 -11.355160 -13.264504 -14.313760 -13.083940 -10.140926 -10.757318 -8.529544 -7.377973 -7.023151 -4.254899 -3.564246 -3.591015 -4.093277 -5.898985 -7.277175 -6.861950 -6.902108 -9.097823 -11.636572 -14.419919 -15.639371 -16.355155 -15.334320 -14.352063 -15.300514 -14.169308 -13.800731 -10.450228 -9.534383 -12.090623 -14.052150 -14.957340 -15.248749 -14.276205 -12.745981 -10.611959 -10.987403 -13.051243 -12.051038 -8.804130 -5.396703 -4.677637 -8.478566 -11.221823 -13.170794 -11.289352 -9.112201 -9.350737 -7.664696 -4.205372 -1.611541 -1.537452
-9999.0 -9999.0 -9999.0 -9999.0 -9999.0 -9999.0 -9999.0 -9999.0 -13.336136 -11.001205 -12.122352 -14.037634 -12.250986 -12.458956 -11.260501 -10.559326 -8.443232 -6.750562 -4.165515 -3.252360 -3.159967 -3.319885 -4.008697 -5.140048 -5.265100 -7.023630 -9.312540 -12.278055 -15.038059 -14.873233 -14.777983 -12.846555 -14.108786 -13.954211 -13.460121 -11.675012 -11.573162 -8.908524 -11.797109 -13.433680 -14.830887 -15.096629 -13.879948 -12.295451 -12.463404 -12.708055 -14.380922 -13.088022 -11.619380 -7.368770 -3.814332 -6.174544 -9.875056 -10.573881 -7.599993 -6.789888 -5.278459 -4.013416 -1.828256 -1.397985 -1.378507
-9999.0 -9999.0 -9999.0 -9999.0 -9999.0 -9999.0 -9999.0 -9999.0 -15.014079 -12.045441 -9.826292 -13.154583 -12.517443 -11.528853 -9.546816 -7.812587 -4.841611 -3.876542 -3.870671 -3.908507 -3.428488 -3.323517 -3.660971 -4.784357 -6.888615 -8.790294 -10.862772 -12.950683 -13.116987 -11.613638 -12.393807 -11.798487 -10.600418 -10.285544 -13.019908 -13.920241 -12.295746 -8.676537 -11.595380 -13.331074 -15.282354 -14.406802 -13.795309 -13.760475 -14.328062 -13.813035 -12.642793 -12.222326 -12.569194 -9.912714 -6.887460 -3.942431 -5.689696 -7.565877 -4.928157 -4.195605 -2.671488 -1.858035 -1.544111 -1.306508 -2.709812
-9999.0 -9999.0 -9999.0 -9999.0 -9999.0 -9999.0 -9999.0 -9999.0 -15.688444 -12.331113 -9.699275 -10.622386 -9.335084 -8.666286 -7.646861 -5.293101 -4.496005 -6.082978 -7.931526 -6.460826 -4.841059 -3.509227 -4.001606 -4.768499 -6.978139 -9.650221 -11.966980 -11.065288 -9.651879 -9.170226 -11.240168 -9.961663 -7.541773 -9.887543 -11.859341 -11.845195 -10.979566 -8.219149 -8.788207 -11.241799 -12.397534 -11.669288 -10.291989 -10.630629 -12.658595 -11.925833 -10.368577 -8.573034 -9.548135 -6.943259 -5.234735 -4.802384 -3.931796 -3.962487 -2.843705 -2.693958 -2.355313 -1.932718 -1.640078 -2.571252 -4.143611
-9999.0 -9999.0 -12.929155 -12.327199 -11.847472 -12.094231 -11.176882 -12.683238 -13.991004 -12.946174 -10.604006 -8.273772 -8.436523 -7.293934 -5.783265 -5.330215 -8.225018 -10.666969 -10.823167 -8.370126 -6.427706 -3.869055 -3.756594 -4.020339 -5.715550 -7.718918 -9.178704 -8.953291 -6.956968 -8.148313 -10.088329 -9.500464 -6.324525 -8.491161 -8.507798 -9.544535 -8.276087 -7.627718 -8.711948 -10.775134 -9.961258 -8.672250 -7.862868 -8.083893 -9.994140 -9.388777 -6.834689 -6.608323 -5.131703 -3.460584 -2.299206 -2.279874 -2.668253 -2.950590 -2.859307 -2.707540 -2.440459 -2.438433 -3.668332 -4.462258 -5.966484
-9999.0 -10.769065 -10.791624 -11.147991 -11.852829 -10.731103 -11.111387 -13.153882 -14.087874 -13.850862 -11.725493 -9.653904 -7.134364 -6.504644 -6.276939 -8.969844 -10.775730 -12.299873 -11.620586 -8.300416 -5.997483 -4.097043 -3.337116 -3.422283 -3.613881 -5.023457 -5.909252 -5.692276 -4.633226 -6.134933 -6.841259 -7.424994 -6.307259 -5.567827 -6.057966 -6.218802 -5.958761 -6.171419 -6.470555 -7.287468 -6.910777 -5.583801 -5.262192 -6.816838 -7.288164 -6.142735 -4.314546 -2.894991 -1.596229 -1.485980 -1.814796 -2.175780 -2.845534 -3.511599 -3.450227 -4.090391 -5.355083 -5.432193 -5.673623 -7.033471 -7.853138
