erum2020/resources/simulation/Vinschgau/output-maps/TaN0302.asc
ncols         63
nrows         48
xllcorner     598000.000000
yllcorner     5145000.000000
cellsize      1000.000000
NODATA_value  -9999.0
[rows 0 to 27 of 48, columns 0 to 62 of 63]
-9999.0 -9999.0 -9999.0 -9999.0 -9999.0 -9999.0 -9999.0 -9999.0 -9999.0 -9999.0 -9999.0 -9999.0 -9999.0 -9999.0 -9999.0 -9999.0 -9999.0 -9999.0 -9999.0 -9999.0 -9999.0 -9999.0 -9999.0 -9999.0 -9999.0 -9999.0 -9999.0 -9999.0 -9999.0 -9999.0 -9999.0 -9999.0 -9999.0 -9999.0 -9999.0 -9999.0 -9999.0 -9999.0 -9999.0 -9999.0 -9999.0 -9999.0 -9999.0 -9999.0 -9999.0 -9999.0 -9999.0 -9999.0 -9999.0 -9999.0 -9999.0 -9999.0 -9999.0 -9999.0 -9999.0 -9999.0 -9999.0 -9999.0 -9999.0 -9999.0 -9999.0 -9999.0 -9999.0
-9999.0 -9999.0 -9999.0 -9999.0 -9999.0 -9999.0 -9999.0 -9999.0 -9999.0 -9999.0 -9999.0 -9999.0 -9999.0 -9999.0 -9999.0 -9999.0 -9999.0 -9999.0 -9999.0 -9999.0 -9999.0 -9999.0 -9999.0 -9999.0 -9999.0 -9999.0 -9999.0 -4.977728 -4.361832 -3.923165 -4.773303 -5.448491 -4.344712 -9999.0 -9999.0 -9999.0 -9999.0 -9999.0 -9999.0 -9999.0 -9999.0 -9999.0 -9999.0 -9999.0 -9999.0 -9999.0 -9999.0 -9999.0 -9999.0 -9999.0 -9999.0 -9999.0 -9999.0 -9999.0 -9999.0 -9999.0 -9999.0 -9999.0 -9999.0 -9999.0 -9999.0 -9999.0 -9999.0
-9999.0 -9999.0 -9999.0 -9999.0 -9999.0 -9999.0 -9999.0 -9999.0 -9999.0 -9999.0 -9999.0 -9999.0 -9999.0 -9999.0 -9999.0 -9999.0 -9999.0 -9999.0 -9999.0 -9999.0 -9999.0 -9999.0 -9999.0 -9999.0 -3.953729 -3.647587 -3.067314 -3.710270 -2.825807 -2.923756 -5.121271 -9999.0 -9999.0 -9999.0 -9999.0 -9999.0 -9999.0 -9999.0 -9999.0 -9999.0 -9999.0 -9999.0 -9999.0 -9999.0 -9999.0 -9999.0 -9999.0 -9999.0 -9999.0 -9999.0 -9999.0 -9999.0 -9999.0 -9999.0 -9999.0 -9999.0 -9999.0 -9999.0 -9999.0 -9999.0 -9999.0 -9999.0 -9999.0
-9999.0 -9999.0 -9999.0 -9999.0 -9999.0 -9999.0 -9999.0 -9999.0 -9999.0 -9999.0 -9999.0 -9999.0 -9999.0 -9999.0 -9999.0 -9999.0 -9999.0 -9999.0 -9999.0 -9999.0 -9999.0 -9999.0 -9999.0 -3.757508 -2.488763 -2.009578 -1.105470 -1.278435 -1.201451 -2.969503 -5.127884 -5.537970 -9999.0 -9999.0 -9999.0 -9999.0 -9999.0 -9999.0 -9999.0 -9999.0 -9999.0 -9999.0 -9999.0 -9999.0 -9999.0 -9999.0 -9999.0 -9999.0 -9999.0 -9999.0 -9999.0 -9999.0 -9999.0 -9999.0 -9999.0 -9999.0 -9999.0 -9999.0 -9999.0 -9999.0 -9999.0 -9999.0 -9999.0
-9999.0 -9999.0 -9999.0 -9999.0 -9999.0 -9999.0 -9999.0 -9999.0 -9999.0 -9999.0 -9999.0 -9999.0 -9999.0 -9999.0 -9999.0 -9999.0 -9999.0 -9999.0 0.233519 -3.573276 -9999.0 -3.599010 -2.813181 -1.954824 -0.490002 0.882926 0.895303 0.790117 0.822695 -1.612052 -3.270836 -4.728840 -5.709170 -7.861553 -9999.0 -9999.0 -9999.0 -9999.0 -9999.0 -9999.0 -9999.0 -9999.0 -9999.0 -9999.0 -9999.0 -9999.0 -9999.0 -9999.0 -9999.0 -9999.0 -9999.0 -9999.0 -9999.0 -9999.0 -9999.0 -9999.0 -9999.0 -9999.0 -9999.0 -9999.0 -9999.0 -9999.0 -9999.0
-9999.0 -9999.0 -9999.0 -9999.0 -9999.0 -9999.0 -9999.0 -9999.0 -9999.0 -9999.0 -9999.0 -9999.0 -9999.0 -9999.0 -9999.0 -9999.0 -9999.0 3.591874 2.048259 -0.636976 -3.144971 -2.276092 -1.748950 0.273345 1.586402 -0.144384 -1.516530 -1.777597 -1.023918 0.394038 -1.168708 -2.967657 -3.109119 -4.344964 -5.976956 -6.844084 -9999.0 -9999.0 -9999.0 -9999.0 -9999.0 -9999.0 -9999.0 -9999.0 -9999.0 -9999.0 -9999.0 -9999.0 -9999.0 -9999.0 -9999.0 -9999.0 -9999.0 -9999.0 -9999.0 -9999.0 -9999.0 -9999.0 -9999.0 -9999.0 -9999.0 -9999.0 -9999.0
-9999.0 -9999.0 -9999.0 -9999.0 -9999.0 -9999.0 -9999.0 -9999.0 -9999.0 -9999.0 -9999.0 -9999.0 -9999.0 -2.995915 -0.968518 1.707896 2.933604 3.655575 3.382080 -0.215489 -0.256073 -0.285423 1.007537 1.768077 -0.328365 -2.428598 -3.930734 -3.060885 -3.295632 -2.083592 -0.787127 -1.737662 -3.379898 -4.003578 -4.523854 -7.007547 -9999.0 -9999.0 -9999.0 -9999.0 -9999.0 -9999.0 -9999.0 -9999.0 -9999.0 -9999.0 -9999.0 -9999.0 -9999.0 -9999.0 -9999.0 -9999.0 -9999.0 -9999.0 -9999.0 -9999.0 -9999.0 -9999.0 -9999.0 -9999.0 -9999.0 -9999.0 -9999.0
-9999.0 -9999.0 -9999.0 -9999.0 -9999.0 -9999.0 -9999.0 -9999.0 -9999.0 -9999.0 -9999.0 -9999.0 -9999.0 -2.293947 -0.184445 1.502096 1.505399 3.421231 3.658710 3.092557 2.757761 2.617340 1.788412 0.705322 -0.364894 -2.043849 -4.610925 -4.407767 -5.476419 -4.054532 -2.971729 -4.382488 -5.259273 -6.509386 -5.999190 -9999.0 -9999.0 -9999.0 -9999.0 -9999.0 -9999.0 -9999.0 -9999.0 -9999.0 -9999.0 -9999.0 -9999.0 -9999.0 -9999.0 -9999.0 -9999.0 -9999.0 -9999.0 -9999.0 -9999.0 -9999.0 -9999.0 -9999.0 -9999.0 -9999.0 -9999.0 -9999.0 -9999.0
-9999.0 -9999.0 -9999.0 -9999.0 -9999.0 -9999.0 -9999.0 -9999.0 -9999.0 -9999.0 -9999.0 -9999.0 -9999.0 -1.244597 1.053639 0.031782 0.571759 2.549157 3.722593 3.410859 1.591917 -0.907097 -0.518752 -1.708686 -1.799679 -2.488665 -3.499073 -5.853442 -5.947812 -6.193591 -5.050139 -7.202972 -7.356844 -8.824636 -7.225597 -9999.0 -9999.0 -9999.0 -9999.0 -9999.0 -9999.0 -9999.0 -9999.0 -9999.0 -9999.0 -9999.0 -9999.0 -9999.0 -9999.0 -9999.0 -9999.0 -9999.0 -9999.0 -9999.0 -9999.0 -9999.0 -9999.0 -9999.0 -9999.0 -9999.0 -9999.0 -9999.0 -9999.0
-9999.0 -9999.0 -9999.0 -9999.0 -9999.0 -9999.0 -9999.0 -9999.0 -9999.0 -9999.0 -9999.0 -9999.0 -2.042300 0.329961 0.038320 -1.251017 -0.415980 1.976190 3.783911 3.502342 0.176456 -3.100396 -2.577239 -3.504529 -1.768191 -4.661667 -3.426125 -5.657672 -3.973968 -5.930891 -7.314860 -5.997548 -5.471140 -8.202798 -9999.0 -9999.0 -9999.0 -9999.0 -9999.0 -9999.0 -9999.0 -9999.0 -9999.0 -9999.0 -9999.0 -9999.0 -9999.0 -9999.0 -9999.0 -9999.0 -9999.0 -9999.0 -9999.0 -9999.0 -9999.0 -9999.0 -9999.0 -9999.0 -9999.0 -9999.0 -9999.0 -9999.0 -9999.0
-9999.0 -9999.0 -9999.0 -9999.0 -9999.0 -9999.0 -9999.0 -9999.0 -9999.0 -9999.0 -9999.0 -2.964144 -1.067434 0.355608 -2.000145 -2.339260 -1.753491 1.278427 3.825655 3.653487 0.599842 -1.192381 -3.106869 -4.487139 -2.409304 -3.987449 -5.920826 -4.756130 -3.712913 -7.384325 -6.371529 -3.538102 -4.923545 -6.603370 -5.664776 -3.914468 -4.020922 -2.779991 -2.220747 -9999.0 -9999.0 -9999.0 -6.146371 -9999.0 -9999.0 -9999.0 -9999.0 -9999.0 -9999.0 -9999.0 -9999.0 -9999.0 -9999.0 -9999.0 -9999.0 -9999.0 -9999.0 -9999.0 -9999.0 -9999.0 -9999.0 -9999.0 -9999.0
-9999.0 -9999.0 -9999.0 -9999.0 -9999.0 -9999.0 -9999.0 -9999.0 -9999.0 -9999.0 -9999.0 -3.392538 -2.003655 -0.723629 -2.162321 -3.796982 -1.405180 1.572029 3.823157 3.473194 1.549651 -1.374724 -3.188061 -4.437294 -3.155855 -4.799726 -5.221476 -3.814551 -3.816829 -7.244119 -4.571818 -2.472652 -5.509312 -5.879860 -6.325248 -3.384071 -1.383882 -1.083546 -2.145211 -4.425065 -4.927583 -5.925150 -3.846607 -5.018232 -9999.0 -9999.0 -9999.0 -8.262052 -6.639188 -5.452023 -5.517609 -6.379081 -6.562195 -7.145094 -6.602566 -6.829872 -9999.0 -9999.0 -9999.0 -9999.0 -9999.0 -9999.0 -9999.0
-9999.0 -9999.0 -9999.0 -9999.0 -9999.0 -9999.0 -9999.0 -9999.0 -9999.0 -9999.0 -9999.0 -3.558250 -3.578332 -1.176843 -2.519802 -3.054114 -0.891503 1.740303 3.663360 3.557365 1.713534 -0.570749 -3.260405 -4.213871 -4.860262 -5.151576 -2.670277 -2.059368 -5.148554 -6.999826 -5.375351 -2.436265 -3.133452 -5.725025 -5.162659 -2.159461 0.026338 0.899835 -0.116979 -3.068061 -2.614430 -4.665448 -2.788623 -3.860583 -5.792151 -9999.0 -7.964646 -5.586342 -4.011909 -2.803185 -2.444572 -2.325017 -3.090261 -3.725046 -3.765187 -4.565709 -9999.0 -9999.0 -9999.0 -9999.0 -9999.0 -9999.0 -9999.0
-9999.0 -9999.0 -9999.0 -9999.0 -9999.0 -9999.0 -9999.0 -9999.0 -9999.0 -9999.0 -9999.0 -9999.0 -3.041579 -2.268206 -3.388162 -3.194357 -1.243868 1.105763 3.726775 3.707557 1.545793 -0.161505 -0.601276 -2.367951 -4.582175 -3.154999 -1.355897 -3.959680 -5.300547 -6.020814 -4.913571 -2.414914 -3.214800 -4.971504 -5.193168 -3.245530 -1.171778 0.667301 1.461051 -2.345238 -2.239298 -3.192408 -1.526547 -2.402076 -5.150150 -6.097822 -6.332839 -5.458873 -2.754688 -0.669214 0.432932 -0.615683 -0.632889 -1.132378 -1.941580 -3.211098 -4.340685 -9999.0 -9999.0 -9999.0 -9999.0 -9999.0 -9999.0
-9999.0 -9999.0 -9999.0 -9999.0 -9999.0 -9999.0 -9999.0 -9999.0 -9999.0 -9999.0 -9999.0 -3.547801 -4.559577 -3.101451 -1.906679 -1.802272 -0.566165 0.948394 3.393118 3.571886 1.966260 0.687281 -0.261923 -3.371464 -3.224723 -1.082383 -2.006147 -5.561523 -5.838393 -4.536539 -2.633889 -1.275732 -2.071683 -4.971954 -6.576874 -3.929898 -3.537528 -1.021321 1.473393 -1.083031 -2.183688 -0.560290 0.261374 -0.578834 -1.805620 -4.776538 -3.526017 -3.491764 -2.369426 0.999072 -2.403371 -3.605150 -3.201006 -3.901882 -4.729290 -5.518216 -4.334165 -9999.0 -9999.0 -9999.0 -9999.0 -9999.0 -9999.0
-9999.0 -9999.0 -9999.0 -9999.0 -9999.0 -9999.0 -9999.0 -9999.0 -9999.0 -9999.0 -1.671570 -2.341405 -3.798883 -3.836950 -2.549422 -0.334562 -0.400361 -0.574851 2.724247 3.436320 2.633751 1.704657 -1.866317 -2.036609 -0.846654 -0.542041 -3.595606 -5.384786 -3.913047 -3.062407 -0.755809 -0.666337 -2.657756 -5.119305 -7.741026 -4.996532 -2.874990 -1.696324 -0.018318 1.267476 0.918465 1.885207 2.033682 1.949939 -0.328929 -3.810307 -3.459446 -0.794692 0.583638 1.377354 -3.459266 -5.065737 -5.230811 -6.359967 -5.901123 -3.524850 -3.306735 -9999.0 -9999.0 -9999.0 -9999.0 -9999.0 -9999.0
-9999.0 -9999.0 -9999.0 -9999.0 -9999.0 -9999.0 -9999.0 -9999.0 -9999.0 -4.521819 -2.767143 -1.670765 -1.016301 -3.052932 -1.612335 -1.528231 -2.357345 -0.456670 2.885382 3.612782 2.984518 0.408498 0.291403 0.616578 0.363940 -2.558719 -4.764948 -3.131029 -1.187385 -0.236285 0.755707 -2.497360 -5.134364 -7.162974 -7.061910 -5.284744 -2.817655 -2.535990 -2.218312 -0.751194 0.323031 -1.177095 -1.247641 2.496660 2.067209 -0.348447 -0.397086 -1.464669 -1.199860 2.616214 -1.310102 -4.504139 -6.973799 -7.244701 -5.408590 -2.858034 -1.932809 -3.826083 -5.167695 -9999.0 -9999.0 -9999.0 -9999.0
-9999.0 -9999.0 -9999.0 -9999.0 -9999.0 -9999.0 -9999.0 -9999.0 -9999.0 -4.466385 -4.451180 -2.858402 0.713757 -0.639366 -2.042104 -2.866206 -1.652776 0.695355 3.627816 4.041999 3.763729 2.735579 2.220055 0.197827 -2.238717 -3.657379 -2.193095 -0.730015 1.347294 0.884125 -0.361672 -2.957972 -4.352139 -6.374661 -5.227570 -5.699627 -5.056889 -3.651547 -4.411670 -2.117517 -2.137118 -3.486282 -1.766966 1.836026 3.542304 3.550534 3.543745 1.934840 0.954095 3.000902 -1.941318 -4.806435 -6.643415 -6.110718 -3.837580 -3.631218 -1.546406 -0.939424 -2.782141 -9999.0 -9999.0 -9999.0 -9999.0
-9999.0 -9999.0 -9999.0 -9999.0 -9999.0 -9999.0 -9999.0 -9999.0 -9999.0 -9999.0 -4.773296 -2.479688 -0.553339 1.258046 0.020607 -1.479860 -0.586252 2.143442 4.531414 4.554001 4.075341 2.139012 -0.461757 -1.372798 -3.347540 -1.201120 0.441690 1.758153 -0.665369 -2.565864 -2.960486 -2.176196 -5.553713 -5.918224 -3.905867 -2.625906 -3.113717 -2.500873 -5.190680 -4.757252 -5.175230 -2.739170 0.305800 -0.772610 0.767948 1.104565 2.518236 4.363861 4.882451 2.238791 -0.687739 -1.506612 -5.200759 -5.943347 -5.763396 -3.782941 -1.477909 2.035584 1.830052 1.235139 -9999.0 -9999.0 -9999.0
-9999.0 -9999.0 -9999.0 -9999.0 -9999.0 -9999.0 -9999.0 -9999.0 -9999.0 -9999.0 -4.671358 -3.437999 -2.368107 -0.000483 2.020317 0.853974 0.517775 2.576687 5.106151 5.072221 2.774307 0.736070 -0.886747 -2.261375 -1.417059 0.932909 2.382952 0.389958 -2.276624 -5.208455 -5.000624 -3.155786 -4.615846 -6.795340 -5.154252 -2.255087 -0.832102 -1.439226 -3.940651 -5.934100 -4.776055 -2.152390 -1.922732 -3.124012 -1.822811 -0.569121 0.428464 1.555315 4.737002 5.073664 2.951595 -0.674079 -2.583464 -4.086102 -6.138425 -5.417285 -3.584654 0.689017 4.916505 4.884152 -9999.0 -9999.0 -9999.0
-9999.0 -9999.0 -9999.0 -9999.0 -9999.0 -9999.0 -9999.0 -9999.0 -2.864158 -4.175273 -4.920761 -2.505623 -1.124366 -1.165873 0.089511 2.847890 3.122281 4.486202 5.797650 5.615276 4.488450 3.090499 2.077724 0.570157 0.449634 2.507254 1.471539 -1.757073 -3.172803 -5.176457 -6.986983 -5.082036 -5.168479 -6.770975 -5.016990 -5.166600 -2.026982 -0.934305 -4.230221 -6.431440 -4.935305 -2.974775 -4.256285 -5.229458 -3.138973 -0.252121 -2.425180 -0.557015 2.225327 5.718384 3.451061 1.520501 -0.999366 -3.710476 -4.352147 -2.338235 -2.264293 0.604142 3.519092 6.923317 -9999.0 -9999.0 -9999.0
-9999.0 -9999.0 -9999.0 -9999.0 -9999.0 -9999.0 -9999.0 -9999.0 -1.343728 -1.376746 -3.215668 -4.211925 -2.959492 -0.035073 -0.713219 1.421015 2.468626 2.730087 5.426132 6.060756 5.971565 5.358917 3.373667 2.077358 2.832492 3.483016 1.318687 -1.427836 -4.399950 -5.773237 -6.615060 -5.697166 -4.797561 -5.811389 -4.733188 -4.412925 -1.115769 -0.266950 -2.906549 -4.960634 -5.951562 -6.302981 -5.349928 -3.791349 -1.580100 -1.831572 -3.727520 -2.518351 0.974683 4.658036 5.668786 2.151584 -0.349626 -2.136252 -0.201363 1.914998 1.525437 3.013223 6.270412 8.688054 8.624821 -9999.0 -9999.0
-9999.0 -9999.0 -9999.0 -9999.0 -9999.0 -9999.0 -9999.0 -9999.0 -3.261281 -0.808953 -1.814528 -3.632146 -1.789161 -2.006840 -0.896037 -0.345654 1.595300 3.130126 5.598938 6.438949 6.483524 6.269247 5.522787 4.520501 4.606304 3.038299 0.812162 -2.223203 -5.096269 -5.042936 -5.042601 -3.183712 -4.493296 -4.360581 -3.866673 -2.069984 -1.960941 0.688344 -2.249617 -3.966525 -5.457480 -5.806599 -4.642276 -3.066071 -3.192121 -3.342604 -4.868550 -3.376055 -1.656523 2.891050 6.775100 4.750122 1.346484 0.850277 3.883829 4.596296 5.886184 6.870773 8.780720 8.981726 8.831789 -9999.0 -9999.0
-9999.0 -9999.0 -9999.0 -9999.0 -9999.0 -9999.0 -9999.0 -9999.0 -4.772329 -1.637874 0.756900 -2.406107 -1.650833 -0.640283 1.231762 2.738423 5.432819 6.149982 5.981307 5.851709 6.317810 6.496575 6.395447 5.623252 3.397164 1.297890 -0.857166 -3.014152 -3.259793 -1.834205 -2.677677 -2.121586 -0.931369 -0.588683 -3.261427 -4.079063 -2.377099 1.280449 -1.663567 -3.486351 -5.559919 -4.806409 -4.287762 -4.299074 -4.857657 -4.274851 -2.976078 -2.364636 -2.457216 0.514226 3.903652 7.233935 5.840921 4.214270 6.925293 7.527379 8.759294 9.208544 9.173846 9.130662 7.528914 4.513765 -9999.0
-9999.0 -9999.0 -9999.0 -9999.0 -9999.0 -9999.0 -9999.0 -9999.0 -5.298151 -1.721706 1.158583 0.493360 1.998207 2.758700 3.659398 5.685730 6.063989 4.104221 1.998538 3.337298 4.946515 6.414454 6.279702 5.919770 3.496988 0.464592 -2.033199 -1.225516 0.121206 0.550490 -1.553054 -0.279723 2.174362 -0.088585 -1.927073 -1.744407 -0.716266 2.141043 1.559181 -1.011939 -2.342473 -1.791408 -0.555251 -0.979463 -3.029781 -2.253572 -0.585536 1.390119 0.666372 3.592837 5.683408 6.530365 7.791968 8.043798 9.248595 9.248562 9.247326 9.246401 9.136645 7.885776 6.092721 3.672214 -9999.0
-9999.0 -9999.0 -3.258587 -2.576579 -2.000337 -2.129791 -1.068779 -2.398117 -3.487243 -2.173961 0.489910 3.181294 3.362445 4.704577 6.110423 6.122991 2.636870 -0.327244 -0.843786 1.406357 3.280313 5.907390 6.242628 6.205248 4.426726 2.211376 0.615925 0.769194 2.722385 1.505378 -0.439104 0.176863 3.428704 1.401366 1.595523 0.825137 2.355407 3.163483 2.064582 -0.171234 0.394550 1.440356 2.057551 1.713156 -0.247845 0.378813 3.025753 3.417344 5.132800 7.114983 8.649675 9.076643 9.074277 9.071805 9.248686 9.250723 9.175148 8.745745 7.101307 5.974864 4.240630 2.567838 -9999.0
-9999.0 -1.160359 -1.114253 -1.388074 -1.992739 -0.748234 -0.976507 -2.829028 -3.523966 -2.986054 -0.487742 2.022496 4.989181 5.917173 6.065094 2.844990 0.307763 -1.862483 -1.639626 1.388532 3.510099 5.304098 6.037021 6.022743 5.918350 4.543008 3.663822 3.880302 4.938490 3.442608 2.760206 2.234466 3.464378 4.392305 4.182483 4.379704 4.997348 5.001342 4.674333 3.620269 3.674871 4.698941 4.786078 3.078437 2.534181 3.682357 5.585809 7.151836 8.667450 9.061332 9.070965 9.074984 8.744991 8.320154 8.451801 7.678932 6.113143 5.651206 5.030910 3.358874 2.318602 2.146973 -9999.0
-9999.0 0.115735 0.671977 0.754889 0.187493 0.548027 -1.677232 -3.322756 -3.651986 -3.359196 -1.075672 1.677233 5.084609 6.079925 3.972699 0.670806 -1.530067 -2.046427 0.390678 1.910634 3.499821 4.284767 5.469688 5.561548 5.783278 6.038470 6.233443 6.375402 6.478351 6.281599 6.103868 5.337842 5.543130 5.623869 5.987374 6.480226 6.868919 7.227120 7.113779 6.877882 7.231306 7.371581 7.000458 6.257833 6.938269 7.475010 8.506586 8.988807 9.031574 9.052471 7.913138 6.373540 5.968010 7.228312 6.386838 4.352788 4.375940 2.938307 2.304266 1.043359 0.873717 -9999.0 -9999.0
