erum2020/resources/simulation/Vinschgau/output-maps/TaN0236.asc
ncols         63
nrows         48
xllcorner     598000.000000
yllcorner     5145000.000000
cellsize      1000.000000
NODATA_value  -9999.0
[rows 0 to 27 of 48, columns 0 to 62 of 63]
-9999.0 -9999.0 -9999.0 -9999.0 -9999.0 -9999.0 -9999.0 -9999.0 -9999.0 -9999.0 -9999.0 -9999.0 -9999.0 -9999.0 -9999.0 -9999.0 -9999.0 -9999.0 -9999.0 -9999.0 -9999.0 -9999.0 -9999.0 -9999.0 -9999.0 -9999.0 -9999.0 -9999.0 -9999.0 -9999.0 -9999.0 -9999.0 -9999.0 -9999.0 -9999.0 -9999.0 -9999.0 -9999.0 -9999.0 -9999.0 -9999.0 -9999.0 -9999.0 -9999.0 -9999.0 -9999.0 -9999.0 -9999.0 -9999.0 -9999.0 -9999.0 -9999.0 -9999.0 -9999.0 -9999.0 -9999.0 -9999.0 -9999.0 -9999.0 -9999.0 -9999.0 -9999.0 -9999.0
-9999.0 -9999.0 -9999.0 -9999.0 -9999.0 -9999.0 -9999.0 -9999.0 -9999.0 -9999.0 -9999.0 -9999.0 -9999.0 -9999.0 -9999.0 -9999.0 -9999.0 -9999.0 -9999.0 -9999.0 -9999.0 -9999.0 -9999.0 -9999.0 -9999.0 -9999.0 -9999.0 -6.270226 -5.632114 -5.171571 -5.999979 -6.653627 -5.528877 -9999.0 -9999.0 -9999.0 -9999.0 -9999.0 -9999.0 -9999.0 -9999.0 -9999.0 -9999.0 -9999.0 -9999.0 -9999.0 -9999.0 -9999.0 -9999.0 -9999.0 -9999.0 -9999.0 -9999.0 -9999.0 -9999.0 -9999.0 -9999.0 -9999.0 -9999.0 -9999.0 -9999.0 -9999.0 -9999.0
-9999.0 -9999.0 -9999.0 -9999.0 -9999.0 -9999.0 -9999.0 -9999.0 -9999.0 -9999.0 -9999.0 -9999.0 -9999.0 -9999.0 -9999.0 -9999.0 -9999.0 -9999.0 -9999.0 -9999.0 -9999.0 -9999.0 -9999.0 -9999.0 -5.297895 -4.962911 -4.355433 -4.972302 -4.062253 -4.134513 -6.305788 -9999.0 -9999.0 -9999.0 -9999.0 -9999.0 -9999.0 -9999.0 -9999.0 -9999.0 -9999.0 -9999.0 -9999.0 -9999.0 -9999.0 -9999.0 -9999.0 -9999.0 -9999.0 -9999.0 -9999.0 -9999.0 -9999.0 -9999.0 -9999.0 -9999.0 -9999.0 -9999.0 -9999.0 -9999.0 -9999.0 -9999.0 -9999.0
-9999.0 -9999.0 -9999.0 -9999.0 -9999.0 -9999.0 -9999.0 -9999.0 -9999.0 -9999.0 -9999.0 -9999.0 -9999.0 -9999.0 -9999.0 -9999.0 -9999.0 -9999.0 -9999.0 -9999.0 -9999.0 -9999.0 -9999.0 -5.115541 -3.811421 -3.299570 -2.364954 -2.508730 -2.402892 -4.141426 -6.268794 -6.645893 -9999.0 -9999.0 -9999.0 -9999.0 -9999.0 -9999.0 -9999.0 -9999.0 -9999.0 -9999.0 -9999.0 -9999.0 -9999.0 -9999.0 -9999.0 -9999.0 -9999.0 -9999.0 -9999.0 -9999.0 -9999.0 -9999.0 -9999.0 -9999.0 -9999.0 -9999.0 -9999.0 -9999.0 -9999.0 -9999.0 -9999.0
-9999.0 -9999.0 -9999.0 -9999.0 -9999.0 -9999.0 -9999.0 -9999.0 -9999.0 -9999.0 -9999.0 -9999.0 -9999.0 -9999.0 -9999.0 -9999.0 -9999.0 -9999.0 -1.351674 -5.108839 -9999.0 -5.031684 -4.197419 -3.294483 -1.789277 -0.379795 -0.333799 -0.407029 -0.342676 -2.744299 -4.367239 -5.785704 -6.722528 -8.828187 -9999.0 -9999.0 -9999.0 -9999.0 -9999.0 -9999.0 -9999.0 -9999.0 -9999.0 -9999.0 -9999.0 -9999.0 -9999.0 -9999.0 -9999.0 -9999.0 -9999.0 -9999.0 -9999.0 -9999.0 -9999.0 -9999.0 -9999.0 -9999.0 -9999.0 -9999.0 -9999.0 -9999.0 -9999.0
-9999.0 -9999.0 -9999.0 -9999.0 -9999.0 -9999.0 -9999.0 -9999.0 -9999.0 -9999.0 -9999.0 -9999.0 -9999.0 -9999.0 -9999.0 -9999.0 -9999.0 1.920337 0.431622 -2.191761 -4.635668 -3.704482 -3.119564 -1.045411 0.313376 -1.377093 -2.712960 -2.939944 -2.152258 -0.698149 -2.220490 -3.973089 -4.061366 -5.237592 -6.805766 -7.609381 -9999.0 -9999.0 -9999.0 -9999.0 -9999.0 -9999.0 -9999.0 -9999.0 -9999.0 -9999.0 -9999.0 -9999.0 -9999.0 -9999.0 -9999.0 -9999.0 -9999.0 -9999.0 -9999.0 -9999.0 -9999.0 -9999.0 -9999.0 -9999.0 -9999.0 -9999.0 -9999.0
-9999.0 -9999.0 -9999.0 -9999.0 -9999.0 -9999.0 -9999.0 -9999.0 -9999.0 -9999.0 -9999.0 -9999.0 -9999.0 -4.816192 -2.793395 -0.104734 1.153726 1.928805 1.724484 -1.794770 -1.755134 -1.708119 -0.346218 0.474346 -1.570873 -3.627437 -5.091429 -4.186409 -4.386052 -3.135887 -1.795227 -2.692804 -4.271471 -4.820631 -5.257486 -7.654202 -9999.0 -9999.0 -9999.0 -9999.0 -9999.0 -9999.0 -9999.0 -9999.0 -9999.0 -9999.0 -9999.0 -9999.0 -9999.0 -9999.0 -9999.0 -9999.0 -9999.0 -9999.0 -9999.0 -9999.0 -9999.0 -9999.0 -9999.0 -9999.0 -9999.0 -9999.0 -9999.0
-9999.0 -9999.0 -9999.0 -9999.0 -9999.0 -9999.0 -9999.0 -9999.0 -9999.0 -9999.0 -9999.0 -9999.0 -9999.0 -4.182448 -2.089315 -0.396454 -0.357312 1.624259 1.950446 1.484739 1.251027 1.204271 0.457247 -0.557013 -1.570727 -3.203471 -5.731775 -5.493876 -6.527997 -5.067688 -3.938366 -5.290522 -6.093379 -7.252607 -6.635793 -9999.0 -9999.0 -9999.0 -9999.0 -9999.0 -9999.0 -9999.0 -9999.0 -9999.0 -9999.0 -9999.0 -9999.0 -9999.0 -9999.0 -9999.0 -9999.0 -9999.0 -9999.0 -9999.0 -9999.0 -9999.0 -9999.0 -9999.0 -9999.0 -9999.0 -9999.0 -9999.0 -9999.0
-9999.0 -9999.0 -9999.0 -9999.0 -9999.0 -9999.0 -9999.0 -9999.0 -9999.0 -9999.0 -9999.0 -9999.0 -9999.0 -3.209135 -0.944659 -1.970352 -1.391844 0.668040 1.956556 1.774276 0.082452 -2.302539 -1.818036 -2.930286 -2.960274 -3.601850 -4.574604 -6.896716 -6.959407 -7.168860 -5.978918 -8.069548 -8.140455 -9.500914 -7.769609 -9999.0 -9999.0 -9999.0 -9999.0 -9999.0 -9999.0 -9999.0 -9999.0 -9999.0 -9999.0 -9999.0 -9999.0 -9999.0 -9999.0 -9999.0 -9999.0 -9999.0 -9999.0 -9999.0 -9999.0 -9999.0 -9999.0 -9999.0 -9999.0 -9999.0 -9999.0 -9999.0 -9999.0
-9999.0 -9999.0 -9999.0 -9999.0 -9999.0 -9999.0 -9999.0 -9999.0 -9999.0 -9999.0 -9999.0 -9999.0 -4.011885 -1.710107 -2.058457 -3.366669 -2.491115 0.004926 1.961520 1.845065 -1.323539 -4.464310 -3.830705 -4.672415 -2.872126 -5.718953 -4.449171 -6.653547 -4.943908 -6.869759 -8.210621 -6.830930 -6.215737 -8.826082 -9999.0 -9999.0 -9999.0 -9999.0 -9999.0 -9999.0 -9999.0 -9999.0 -9999.0 -9999.0 -9999.0 -9999.0 -9999.0 -9999.0 -9999.0 -9999.0 -9999.0 -9999.0 -9999.0 -9999.0 -9999.0 -9999.0 -9999.0 -9999.0 -9999.0 -9999.0 -9999.0 -9999.0 -9999.0
-9999.0 -9999.0 -9999.0 -9999.0 -9999.0 -9999.0 -9999.0 -9999.0 -9999.0 -9999.0 -9999.0 -4.888391 -3.074491 -1.743453 -4.180509 -4.556224 -3.928366 -0.767896 1.966523 1.997891 -0.868002 -2.503404 -4.295206 -5.584314 -3.442022 -4.976870 -6.882230 -5.698547 -4.638587 -8.288037 -7.239852 -4.348753 -5.645091 -7.195712 -6.081184 -4.106550 -3.949602 -2.438811 -1.677705 -9999.0 -9999.0 -9999.0 -6.379772 -9999.0 -9999.0 -9999.0 -9999.0 -9999.0 -9999.0 -9999.0 -9999.0 -9999.0 -9999.0 -9999.0 -9999.0 -9999.0 -9999.0 -9999.0 -9999.0 -9999.0 -9999.0 -9999.0 -9999.0
-9999.0 -9999.0 -9999.0 -9999.0 -9999.0 -9999.0 -9999.0 -9999.0 -9999.0 -9999.0 -9999.0 -5.318611 -4.018941 -2.843024 -4.379273 -6.063035 -3.626027 -0.497270 1.974808 1.860415 0.148551 -2.603871 -4.286756 -5.442886 -4.099690 -5.706710 -6.109875 -4.695626 -4.694227 -8.113054 -5.418168 -3.272117 -6.226913 -6.470191 -6.734136 -3.552711 -1.257800 -0.633875 -1.423188 -3.652269 -4.429011 -5.820702 -4.069500 -5.513105 -9999.0 -9999.0 -9999.0 -9.859322 -8.515606 -7.591710 -7.895357 -8.960815 -9.305511 -9.999896 -9.511842 -9.730819 -9999.0 -9999.0 -9999.0 -9999.0 -9999.0 -9999.0 -9999.0
-9999.0 -9999.0 -9999.0 -9999.0 -9999.0 -9999.0 -9999.0 -9999.0 -9999.0 -9999.0 -9999.0 -5.461787 -5.563670 -3.259894 -4.695716 -5.274584 -3.058436 -0.261003 1.899692 2.044045 0.422511 -1.683728 -4.241188 -5.103931 -5.694819 -5.959071 -3.472057 -2.869206 -5.971904 -7.832883 -6.204068 -3.235520 -3.866690 -6.344849 -5.613200 -2.381524 0.085853 1.269651 0.519689 -2.394177 -2.274576 -4.709966 -3.087564 -4.381290 -6.560108 -9999.0 -9.313588 -7.245441 -5.977043 -5.058653 -4.964166 -5.073017 -6.022542 -6.790439 -6.907177 -7.724576 -9999.0 -9999.0 -9999.0 -9999.0 -9999.0 -9999.0 -9999.0
-9999.0 -9999.0 -9999.0 -9999.0 -9999.0 -9999.0 -9999.0 -9999.0 -9999.0 -9999.0 -9999.0 -9999.0 -4.962073 -4.259513 -5.442547 -5.266687 -3.246795 -0.728627 2.125529 2.351419 0.408478 -1.123382 -1.434606 -3.116780 -5.285072 -3.843902 -2.055438 -4.686474 -6.062259 -6.815094 -5.727095 -3.222785 -3.980641 -5.648907 -5.729578 -3.590097 -1.288999 0.775085 1.713159 -2.164664 -2.343930 -3.482058 -1.922642 -2.961890 -5.948619 -7.189173 -7.748525 -7.211600 -4.841931 -3.075464 -2.265278 -3.568531 -3.794354 -4.449901 -5.358883 -6.671596 -7.791446 -9999.0 -9999.0 -9999.0 -9999.0 -9999.0 -9999.0
-9999.0 -9999.0 -9999.0 -9999.0 -9999.0 -9999.0 -9999.0 -9999.0 -9999.0 -9999.0 -9999.0 -5.355698 -6.397160 -4.970469 -3.793920 -3.667398 -2.340249 -0.658504 2.004831 2.413769 1.017002 -0.092825 -0.919524 -3.953084 -3.772639 -1.632406 -2.586546 -6.192162 -6.529552 -5.287658 -3.432717 -2.098165 -2.882533 -5.727294 -7.229149 -4.437481 -3.880204 -1.221865 1.326845 -1.314944 -2.544857 -0.950883 -0.177682 -1.177463 -2.659344 -5.946742 -5.047006 -5.377973 -4.619636 -1.600298 -5.324482 -6.809099 -6.639255 -7.519239 -8.468036 -9.323072 -8.157643 -9999.0 -9999.0 -9999.0 -9999.0 -9999.0 -9999.0
-9999.0 -9999.0 -9999.0 -9999.0 -9999.0 -9999.0 -9999.0 -9999.0 -9999.0 -9999.0 -3.432099 -4.102573 -5.558403 -5.587620 -4.272917 -1.995197 -1.945857 -1.949683 1.559233 2.491900 1.892927 1.130296 -2.322541 -2.425977 -1.216798 -0.933297 -4.040157 -5.906217 -4.524732 -3.765738 -1.539527 -1.507092 -3.521694 -5.965012 -8.524827 -5.681295 -3.442549 -2.160219 -0.425968 0.864008 0.514044 1.481545 1.551330 1.274441 -1.287846 -5.110871 -5.135694 -2.862894 -1.878006 -1.465165 -6.655978 -8.576268 -9.002959 -10.333515 -10.013545 -7.718306 -7.535331 -9999.0 -9999.0 -9999.0 -9999.0 -9999.0 -9999.0
-9999.0 -9999.0 -9999.0 -9999.0 -9999.0 -9999.0 -9999.0 -9999.0 -9999.0 -6.284893 -4.519481 -3.404965 -2.722509 -4.716656 -3.211164 -3.029155 -3.718202 -1.634262 1.923104 2.876705 2.460320 0.058277 0.060135 0.442817 0.191488 -2.774691 -5.059791 -3.532632 -1.713062 -0.889348 -0.013828 -3.360130 -6.057401 -8.106783 -7.985054 -6.150460 -3.601864 -3.233240 -2.839369 -1.310607 -0.191497 -1.698113 -1.875121 1.654368 0.925987 -1.845721 -2.287400 -3.769736 -3.927418 -0.526549 -4.844046 -8.387691 -11.149332 -11.643151 -9.957214 -7.490273 -6.598459 -8.499680 -9.853441 -9999.0 -9999.0 -9999.0 -9999.0
-9999.0 -9999.0 -9999.0 -9999.0 -9999.0 -9999.0 -9999.0 -9999.0 -9999.0 -6.252468 -6.219330 -4.595930 -0.977111 -2.263066 -3.572192 -4.269392 -2.890309 -0.337391 2.831140 3.495625 3.456573 2.625956 2.238227 0.261423 -2.200734 -3.690737 -2.331553 -1.007250 0.907963 0.277941 -1.122643 -3.849465 -5.341500 -7.423938 -6.296894 -6.751564 -6.061361 -4.589541 -5.276035 -2.913653 -2.892189 -4.263875 -2.661736 0.726241 2.136846 1.788591 1.380145 -0.662712 -2.096211 -0.504299 -5.882840 -9.142077 -11.307705 -11.020160 -8.901160 -8.764650 -6.686997 -6.057925 -7.889001 -9999.0 -9999.0 -9999.0 -9999.0
-9999.0 -9999.0 -9999.0 -9999.0 -9999.0 -9999.0 -9999.0 -9999.0 -9999.0 -9999.0 -6.587205 -4.258154 -2.274910 -0.380293 -1.502990 -2.852141 -1.766812 1.195703 3.852823 4.167858 3.979428 2.288723 -0.162480 -1.048490 -3.101486 -1.065804 0.452796 1.598152 -1.030310 -3.139660 -3.727235 -3.109428 -6.621049 -7.083671 -5.131679 -3.875014 -4.352928 -3.704461 -6.344340 -5.863759 -6.262577 -3.865390 -0.939514 -2.222265 -0.963643 -0.975679 0.032361 1.424963 1.455628 -1.692506 -5.114285 -6.386875 -10.458589 -11.473148 -11.444308 -9.500037 -7.144878 -3.541114 -3.670537 -4.256263 -9999.0 -9999.0 -9999.0
-9999.0 -9999.0 -9999.0 -9999.0 -9999.0 -9999.0 -9999.0 -9999.0 -9999.0 -9999.0 -6.565347 -5.300559 -4.172478 -1.713641 0.436843 -0.557238 -0.676025 1.646432 4.484467 4.798554 2.869627 1.168069 -0.258407 -1.642259 -0.987943 1.176638 2.515435 0.317190 -2.601484 -5.781792 -5.799891 -4.152539 -5.779435 -8.093453 -6.552888 -3.719219 -2.327692 -2.936974 -5.421583 -7.396546 -6.241900 -3.668462 -3.554705 -4.946348 -3.911117 -2.997084 -2.410004 -1.759625 0.889681 0.657096 -2.039989 -6.202893 -8.560321 -10.373609 -12.569710 -11.828304 -9.850209 -5.371562 -0.955266 -0.885250 -9999.0 -9999.0 -9999.0
-9999.0 -9999.0 -9999.0 -9999.0 -9999.0 -9999.0 -9999.0 -9999.0 -4.848705 -6.180723 -6.932340 -4.500433 -3.070063 -3.020901 -1.626447 1.322424 1.838501 3.494426 5.149815 5.369132 4.708036 3.817120 3.148745 1.442538 1.049323 2.758355 1.654671 -1.822120 -3.526859 -5.802929 -7.858963 -6.173098 -6.453642 -8.225021 -6.612354 -6.872062 -3.808332 -2.757955 -6.069932 -8.276570 -6.797285 -4.888565 -6.276469 -7.424037 -5.584421 -3.030759 -5.623439 -4.262315 -2.068755 0.771349 -2.177871 -4.762770 -7.834871 -10.918459 -11.698350 -9.583563 -9.223653 -5.980409 -2.708953 0.941507 -9999.0 -9999.0 -9999.0
-9999.0 -9999.0 -9999.0 -9999.0 -9999.0 -9999.0 -9999.0 -9999.0 -3.429616 -3.510001 -5.383986 -6.391766 -5.112810 -2.108829 -2.644032 -0.302256 1.010393 1.585917 4.643784 5.700513 6.127419 6.191494 5.049813 3.189432 3.397474 3.686830 1.366193 -1.635616 -4.886279 -6.523089 -7.609036 -6.919202 -6.234672 -7.450593 -6.557297 -6.396604 -3.223894 -2.457653 -5.139916 -7.210606 -8.215660 -8.605615 -7.739541 -6.335099 -4.359480 -4.939962 -7.268578 -6.603144 -3.765565 -0.836382 -0.642317 -4.969915 -8.171988 -10.429353 -8.638887 -6.319172 -6.232849 -4.139666 -0.300299 2.558466 2.723694 -9999.0 -9999.0
-9999.0 -9999.0 -9999.0 -9999.0 -9999.0 -9999.0 -9999.0 -9999.0 -5.462014 -3.093480 -4.177084 -6.052284 -4.224273 -4.388381 -3.136665 -2.359030 -0.126000 1.739235 4.562672 5.785488 6.259049 6.538253 6.204530 4.847847 4.486311 2.784357 0.464088 -2.738553 -5.820148 -5.986017 -6.207036 -4.572880 -6.113324 -6.217129 -5.958468 -4.380672 -4.452848 -1.927183 -4.924216 -6.649344 -8.128604 -8.482658 -7.371886 -5.922043 -6.265617 -6.740480 -8.712523 -7.801266 -6.806233 -3.121000 -0.204580 -3.225518 -7.520316 -8.627653 -5.767281 -4.737486 -2.740446 -0.866806 1.900279 2.779608 3.059901 -9999.0 -9999.0
-9999.0 -9999.0 -9999.0 -9999.0 -9999.0 -9999.0 -9999.0 -9999.0 -7.092809 -4.087685 -1.828748 -5.116969 -4.444087 -3.427910 -1.424055 0.339234 3.366424 4.432035 4.591789 4.760228 5.476101 5.758870 5.315997 3.798943 1.855598 0.238638 -1.755873 -3.935863 -4.292192 -3.021415 -4.049173 -3.705733 -2.759388 -2.691876 -5.661989 -6.774994 -5.326530 -1.837469 -4.843261 -6.638649 -8.644251 -7.836942 -7.321637 -7.421945 -8.174696 -7.907761 -7.063544 -7.063017 -7.937695 -5.922571 -3.638211 -1.482790 -3.963726 -6.361548 -3.874849 -2.852766 -0.678711 0.955380 2.067271 2.956883 2.011862 -0.618797 -9999.0
-9999.0 -9999.0 -9999.0 -9999.0 -9999.0 -9999.0 -9999.0 -9999.0 -7.729896 -4.333393 -1.657912 -2.536362 -1.210918 -0.521678 0.492556 2.822355 3.598471 2.014236 0.201475 1.740581 3.449291 4.849042 4.319657 3.435076 1.304658 -1.217891 -3.461735 -2.574247 -1.247717 -0.904768 -3.149148 -2.071442 0.126936 -2.455186 -4.667868 -4.880680 -4.202119 -1.566132 -2.195054 -4.668439 -5.839293 -5.149679 -3.851026 -4.318195 -6.533552 -6.058303 -4.843113 -3.490974 -5.027098 -3.110237 -2.206717 -2.646760 -2.603678 -3.237864 -2.304127 -1.822589 -0.717268 0.688681 1.958889 1.864525 0.945075 -0.870014 -9999.0
-9999.0 -9999.0 -5.084228 -4.466500 -3.968822 -4.194861 -3.253261 -4.730869 -6.004243 -4.918231 -2.527611 -0.143615 -0.255497 0.916158 2.408673 2.786940 -0.218381 -2.779310 -3.052615 -0.715381 1.122190 3.637300 3.859685 3.781786 2.090151 0.082998 -1.297414 -0.997419 1.018215 -0.216553 -2.255803 -1.815051 1.171950 -1.219358 -1.485070 -2.770986 -1.710541 -1.185580 -2.298176 -4.332058 -3.485935 -2.200263 -1.447420 -1.785362 -3.878688 -3.531170 -1.322123 -1.543331 -0.632071 0.347258 0.700875 -0.153847 -1.370828 -2.258162 -2.353341 -1.865621 -0.810896 0.223741 0.054677 0.214301 -0.491851 -1.395223 -9999.0
-9999.0 -2.915549 -2.923489 -3.263780 -3.950723 -2.808766 -3.165743 -5.180776 -6.081615 -5.803702 -3.627439 -1.494273 1.091290 1.767919 1.979070 -0.827702 -2.830972 -4.603666 -4.217823 -1.255385 0.608077 2.029303 2.468191 2.487533 2.703863 1.729622 1.215659 1.702282 2.920055 1.477863 0.748189 0.071445 1.035143 1.565920 0.823228 0.393138 0.422156 0.083366 -0.215101 -0.956024 -0.503127 0.852891 1.139278 -0.518630 -1.163591 -0.267663 1.225798 2.213515 2.972265 2.430635 1.353306 0.198294 -1.207328 -2.396511 -2.484467 -2.816313 -3.368402 -2.490156 -1.710792 -2.106830 -2.079751 -1.428190 -9999.0
-9999.0 -1.612377 -1.108974 -1.091633 -1.740924 -1.483366 -3.838959 -5.650351 -6.191192 -6.167092 -4.217597 -1.856229 1.156118 1.891311 -0.157653 -3.061616 -4.768940 -4.959235 -2.471339 -1.195464 -0.162833 -0.252954 -0.015248 -0.070735 1.060445 2.320728 3.225667 3.822675 4.194075 4.120721 3.941430 3.052467 3.003670 2.681508 2.484015 2.297669 2.037609 2.022693 1.962961 2.100501 2.913209 3.432250 3.294227 2.627929 3.232598 3.545495 4.204381 4.161079 3.523495 2.718517 0.642658 -1.866124 -3.140366 -2.472225 -3.463704 -5.130306 -4.285255 -4.616809 -4.054649 -4.180153 -3.369097 -9999.0 -9999.0
