erum2020/resources/simulation/Vinschgau/output-maps/TaN0189.asc
ncols         63
nrows         48
xllcorner     598000.000000
yllcorner     5145000.000000
cellsize      1000.000000
NODATA_value  -9999.0
[rows 0 to 27 of 48, columns 0 to 62 of 63]
-9999.0 -9999.0 -9999.0 -9999.0 -9999.0 -9999.0 -9999.0 -9999.0 -9999.0 -9999.0 -9999.0 -9999.0 -9999.0 -9999.0 -9999.0 -9999.0 -9999.0 -9999.0 -9999.0 -9999.0 -9999.0 -9999.0 -9999.0 -9999.0 -9999.0 -9999.0 -9999.0 -9999.0 -9999.0 -9999.0 -9999.0 -9999.0 -9999.0 -9999.0 -9999.0 -9999.0 -9999.0 -9999.0 -9999.0 -9999.0 -9999.0 -9999.0 -9999.0 -9999.0 -9999.0 -9999.0 -9999.0 -9999.0 -9999.0 -9999.0 -9999.0 -9999.0 -9999.0 -9999.0 -9999.0 -9999.0 -9999.0 -9999.0 -9999.0 -9999.0 -9999.0 -9999.0 -9999.0
-9999.0 -9999.0 -9999.0 -9999.0 -9999.0 -9999.0 -9999.0 -9999.0 -9999.0 -9999.0 -9999.0 -9999.0 -9999.0 -9999.0 -9999.0 -9999.0 -9999.0 -9999.0 -9999.0 -9999.0 -9999.0 -9999.0 -9999.0 -9999.0 -9999.0 -9999.0 -9999.0 -5.689562 -5.097397 -4.686544 -5.567908 -6.276955 -5.208825 -9999.0 -9999.0 -9999.0 -9999.0 -9999.0 -9999.0 -9999.0 -9999.0 -9999.0 -9999.0 -9999.0 -9999.0 -9999.0 -9999.0 -9999.0 -9999.0 -9999.0 -9999.0 -9999.0 -9999.0 -9999.0 -9999.0 -9999.0 -9999.0 -9999.0 -9999.0 -9999.0 -9999.0 -9999.0 -9999.0
-9999.0 -9999.0 -9999.0 -9999.0 -9999.0 -9999.0 -9999.0 -9999.0 -9999.0 -9999.0 -9999.0 -9999.0 -9999.0 -9999.0 -9999.0 -9999.0 -9999.0 -9999.0 -9999.0 -9999.0 -9999.0 -9999.0 -9999.0 -9999.0 -4.591853 -4.293830 -3.727833 -4.391005 -3.532244 -3.660721 -5.892762 -9999.0 -9999.0 -9999.0 -9999.0 -9999.0 -9999.0 -9999.0 -9999.0 -9999.0 -9999.0 -9999.0 -9999.0 -9999.0 -9999.0 -9999.0 -9999.0 -9999.0 -9999.0 -9999.0 -9999.0 -9999.0 -9999.0 -9999.0 -9999.0 -9999.0 -9999.0 -9999.0 -9999.0 -9999.0 -9999.0 -9999.0 -9999.0
-9999.0 -9999.0 -9999.0 -9999.0 -9999.0 -9999.0 -9999.0 -9999.0 -9999.0 -9999.0 -9999.0 -9999.0 -9999.0 -9999.0 -9999.0 -9999.0 -9999.0 -9999.0 -9999.0 -9999.0 -9999.0 -9999.0 -9999.0 -4.361442 -3.092225 -2.619970 -1.730224 -1.924686 -1.875763 -3.677627 -5.874551 -6.326722 -9999.0 -9999.0 -9999.0 -9999.0 -9999.0 -9999.0 -9999.0 -9999.0 -9999.0 -9999.0 -9999.0 -9999.0 -9999.0 -9999.0 -9999.0 -9999.0 -9999.0 -9999.0 -9999.0 -9999.0 -9999.0 -9999.0 -9999.0 -9999.0 -9999.0 -9999.0 -9999.0 -9999.0 -9999.0 -9999.0 -9999.0
-9999.0 -9999.0 -9999.0 -9999.0 -9999.0 -9999.0 -9999.0 -9999.0 -9999.0 -9999.0 -9999.0 -9999.0 -9999.0 -9999.0 -9999.0 -9999.0 -9999.0 -9999.0 -0.454512 -4.229965 -9999.0 -4.199659 -3.393895 -2.523270 -1.054803 0.312727 0.310696 0.182498 0.184184 -2.288337 -3.990547 -5.496190 -6.526770 -8.730286 -9999.0 -9999.0 -9999.0 -9999.0 -9999.0 -9999.0 -9999.0 -9999.0 -9999.0 -9999.0 -9999.0 -9999.0 -9999.0 -9999.0 -9999.0 -9999.0 -9999.0 -9999.0 -9999.0 -9999.0 -9999.0 -9999.0 -9999.0 -9999.0 -9999.0 -9999.0 -9999.0 -9999.0 -9999.0
-9999.0 -9999.0 -9999.0 -9999.0 -9999.0 -9999.0 -9999.0 -9999.0 -9999.0 -9999.0 -9999.0 -9999.0 -9999.0 -9999.0 -9999.0 -9999.0 -9999.0 2.859988 1.355271 -1.288226 -3.755658 -2.851077 -2.295962 -0.255347 1.065307 -0.668983 -2.055581 -2.341474 -1.622080 -0.246659 -1.858721 -3.712067 -3.911104 -5.205617 -6.895143 -7.816361 -9999.0 -9999.0 -9999.0 -9999.0 -9999.0 -9999.0 -9999.0 -9999.0 -9999.0 -9999.0 -9999.0 -9999.0 -9999.0 -9999.0 -9999.0 -9999.0 -9999.0 -9999.0 -9999.0 -9999.0 -9999.0 -9999.0 -9999.0 -9999.0 -9999.0 -9999.0 -9999.0
-9999.0 -9999.0 -9999.0 -9999.0 -9999.0 -9999.0 -9999.0 -9999.0 -9999.0 -9999.0 -9999.0 -9999.0 -9999.0 -3.837486 -1.806750 0.883406 2.136203 2.898745 2.676164 -0.865607 -0.851559 -0.832656 0.498446 1.284770 -0.799312 -2.900834 -4.417534 -3.574719 -3.847812 -2.683975 -1.443848 -2.456889 -4.165609 -4.857341 -5.444585 -7.991226 -9999.0 -9999.0 -9999.0 -9999.0 -9999.0 -9999.0 -9999.0 -9999.0 -9999.0 -9999.0 -9999.0 -9999.0 -9999.0 -9999.0 -9999.0 -9999.0 -9999.0 -9999.0 -9999.0 -9999.0 -9999.0 -9999.0 -9999.0 -9999.0 -9999.0 -9999.0 -9999.0
-9999.0 -9999.0 -9999.0 -9999.0 -9999.0 -9999.0 -9999.0 -9999.0 -9999.0 -9999.0 -9999.0 -9999.0 -9999.0 -3.174321 -1.069842 0.626243 0.659336 2.626139 2.930878 2.439538 2.177895 2.101685 1.323388 0.274956 -0.777426 -2.455259 -5.037214 -4.863815 -5.975655 -4.608650 -3.590419 -5.073211 -6.027054 -7.356618 -6.925343 -9999.0 -9999.0 -9999.0 -9999.0 -9999.0 -9999.0 -9999.0 -9999.0 -9999.0 -9999.0 -9999.0 -9999.0 -9999.0 -9999.0 -9999.0 -9999.0 -9999.0 -9999.0 -9999.0 -9999.0 -9999.0 -9999.0 -9999.0 -9999.0 -9999.0 -9999.0 -9999.0 -9999.0
-9999.0 -9999.0 -9999.0 -9999.0 -9999.0 -9999.0 -9999.0 -9999.0 -9999.0 -9999.0 -9999.0 -9999.0 -9999.0 -2.171468 0.108687 -0.911571 -0.339799 1.702124 2.964924 2.753222 1.031058 -1.384264 -0.930671 -2.075962 -2.143222 -2.828729 -3.854736 -6.242275 -6.385591 -6.694022 -5.624612 -7.860357 -8.103377 -9.663852 -8.158194 -9999.0 -9999.0 -9999.0 -9999.0 -9999.0 -9999.0 -9999.0 -9999.0 -9999.0 -9999.0 -9999.0 -9999.0 -9999.0 -9999.0 -9999.0 -9999.0 -9999.0 -9999.0 -9999.0 -9999.0 -9999.0 -9999.0 -9999.0 -9999.0 -9999.0 -9999.0 -9999.0 -9999.0
-9999.0 -9999.0 -9999.0 -9999.0 -9999.0 -9999.0 -9999.0 -9999.0 -9999.0 -9999.0 -9999.0 -9999.0 -2.975567 -0.645508 -0.973081 -2.273176 -1.405329 1.068653 2.994431 2.844559 -0.356308 -3.527318 -2.923033 -3.795285 -2.029412 -4.917477 -3.698937 -5.967965 -4.340034 -6.368561 -7.837244 -6.614869 -6.190747 -9.029384 -9999.0 -9999.0 -9999.0 -9999.0 -9999.0 -9999.0 -9999.0 -9999.0 -9999.0 -9999.0 -9999.0 -9999.0 -9999.0 -9999.0 -9999.0 -9999.0 -9999.0 -9999.0 -9999.0 -9999.0 -9999.0 -9999.0 -9999.0 -9999.0 -9999.0 -9999.0 -9999.0 -9999.0 -9999.0
-9999.0 -9999.0 -9999.0 -9999.0 -9999.0 -9999.0 -9999.0 -9999.0 -9999.0 -9999.0 -9999.0 -3.873447 -2.023628 -0.658979 -3.070268 -3.435129 -2.816061 0.318089 3.016902 3.011857 0.113225 -1.550734 -3.368662 -4.684204 -2.571825 -4.143504 -6.096287 -4.974532 -3.995190 -7.748461 -6.832227 -4.106615 -5.607791 -7.408506 -6.594343 -4.971817 -5.209272 -4.095958 -3.632855 -9999.0 -9999.0 -9999.0 -7.206428 -9999.0 -9999.0 -9999.0 -9999.0 -9999.0 -9999.0 -9999.0 -9999.0 -9999.0 -9999.0 -9999.0 -9999.0 -9999.0 -9999.0 -9999.0 -9999.0 -9999.0 -9999.0 -9999.0 -9999.0
-9999.0 -9999.0 -9999.0 -9999.0 -9999.0 -9999.0 -9999.0 -9999.0 -9999.0 -9999.0 -9999.0 -4.302008 -2.963830 -1.751179 -3.258584 -4.929776 -2.502362 0.597447 3.031717 2.880747 1.138186 -1.639040 -3.343082 -4.519849 -3.200327 -4.837945 -5.282794 -3.925697 -4.001497 -7.522425 -4.959799 -2.981983 -6.147417 -6.650698 -7.231127 -4.428794 -2.576360 -2.435816 -3.643530 -5.951800 -6.268586 -7.009903 -4.783560 -5.930070 -9999.0 -9999.0 -9999.0 -9.607239 -8.132722 -7.090738 -7.292010 -8.274136 -8.558028 -9.217700 -8.724582 -8.971453 -9999.0 -9999.0 -9999.0 -9999.0 -9999.0 -9999.0 -9999.0
-9999.0 -9999.0 -9999.0 -9999.0 -9999.0 -9999.0 -9999.0 -9999.0 -9999.0 -9999.0 -9999.0 -4.453169 -4.516927 -2.176978 -3.584561 -4.151302 -1.944675 0.824974 2.950528 3.062306 1.415013 -0.710323 -3.282404 -4.158398 -4.764942 -5.051624 -2.598569 -2.046071 -5.220345 -7.178961 -5.678861 -2.875456 -3.713865 -6.447077 -6.023451 -3.156332 -1.109552 -0.386495 -1.549709 -4.512782 -3.762007 -5.481464 -3.492051 -4.604237 -6.649566 -9999.0 -9.139080 -6.935469 -5.535322 -4.493990 -4.290011 -4.307000 -5.186062 -5.908245 -6.006868 -6.835860 -9999.0 -9999.0 -9999.0 -9999.0 -9999.0 -9999.0 -9999.0
-9999.0 -9999.0 -9999.0 -9999.0 -9999.0 -9999.0 -9999.0 -9999.0 -9999.0 -9999.0 -9999.0 -9999.0 -3.935543 -3.200732 -4.359495 -4.173695 -2.161791 0.333999 3.160373 3.361040 1.399096 -0.145163 -0.463513 -2.150127 -4.324097 -2.894970 -1.130613 -3.803334 -5.243300 -6.087195 -5.121265 -2.774048 -3.727696 -5.632949 -5.991455 -4.164528 -2.193348 -0.434173 0.336090 -3.309315 -2.796540 -3.518096 -1.910153 -2.952812 -5.898062 -7.052279 -7.496547 -6.830270 -4.327842 -2.433314 -1.506066 -2.708338 -2.853380 -3.451521 -4.328572 -5.635628 -6.775197 -9999.0 -9999.0 -9999.0 -9999.0 -9999.0 -9999.0
-9999.0 -9999.0 -9999.0 -9999.0 -9999.0 -9999.0 -9999.0 -9999.0 -9999.0 -9999.0 -9999.0 -4.388436 -5.398948 -3.944985 -2.748755 -2.614095 -1.291815 0.375055 3.019477 3.410899 2.001347 0.885173 0.058964 -2.968779 -2.781395 -0.639782 -1.605665 -5.242697 -5.635904 -4.477522 -2.736333 -1.547817 -2.511575 -5.567817 -7.307091 -4.763272 -4.431826 -1.914081 0.695110 -1.549332 -2.239350 -0.510100 0.118932 -0.990935 -2.485762 -5.713190 -4.709608 -4.913756 -4.019803 -0.866062 -4.464614 -5.838311 -5.576854 -6.387696 -7.291331 -8.124775 -6.958739 -9999.0 -9999.0 -9999.0 -9999.0 -9999.0 -9999.0
-9999.0 -9999.0 -9999.0 -9999.0 -9999.0 -9999.0 -9999.0 -9999.0 -9999.0 -9999.0 -2.522522 -3.163918 -4.592153 -4.597601 -3.265684 -0.979487 -0.930815 -0.942615 2.554211 3.474116 2.865290 2.099639 -1.345985 -1.431408 -0.198207 0.105125 -2.997742 -4.883908 -3.550298 -2.867948 -0.747327 -0.849186 -3.025388 -5.653470 -8.411720 -5.761492 -3.677443 -2.457753 -0.625589 0.947783 0.902357 1.942079 1.911142 1.548141 -1.022382 -4.786103 -4.707060 -2.304773 -1.178610 -0.623092 -5.678131 -7.476365 -7.800063 -9.050204 -8.673638 -6.344236 -6.145387 -9999.0 -9999.0 -9999.0 -9999.0 -9999.0 -9999.0
-9999.0 -9999.0 -9999.0 -9999.0 -9999.0 -9999.0 -9999.0 -9999.0 -9999.0 -5.432056 -3.639489 -2.497637 -1.789074 -3.760209 -2.236780 -2.043436 -2.728395 -0.647415 2.900809 3.841129 3.411745 1.004419 1.017564 1.433479 1.232059 -1.686137 -3.946710 -2.429043 -0.652452 0.098588 0.874701 -2.595425 -5.437809 -7.648001 -7.692783 -6.013679 -3.584096 -3.264963 -2.822133 -1.154857 0.109447 -1.341552 -1.539789 1.970037 1.267309 -1.430037 -1.759924 -3.105867 -3.113776 0.440483 -3.728818 -7.137418 -9.783787 -10.186589 -8.435364 -5.926765 -5.011233 -6.897970 -8.235838 -9999.0 -9999.0 -9999.0 -9999.0
-9999.0 -9999.0 -9999.0 -9999.0 -9999.0 -9999.0 -9999.0 -9999.0 -9999.0 -5.431745 -5.372750 -3.722607 -0.077155 -1.338035 -2.625390 -3.305965 -1.917296 0.636171 3.794577 4.438667 4.374196 3.525615 3.146197 1.221724 -1.145617 -2.538133 -1.128075 0.190608 2.059539 1.355330 -0.141729 -2.984237 -4.607488 -6.830893 -5.845737 -6.430555 -5.842267 -4.426379 -5.111755 -2.700162 -2.615889 -3.945966 -2.322867 1.092889 2.560017 2.302976 2.016640 0.119467 -1.153134 0.605948 -4.608652 -7.716847 -9.753138 -9.364377 -7.174715 -6.995534 -4.895675 -4.253561 -6.067618 -9999.0 -9999.0 -9999.0 -9999.0
-9999.0 -9999.0 -9999.0 -9999.0 -9999.0 -9999.0 -9999.0 -9999.0 -9999.0 -9999.0 -5.779064 -3.423187 -1.411282 0.512830 -0.581351 -1.905760 -0.803378 2.163523 4.807177 5.088022 4.848963 3.109169 0.645233 -0.171011 -2.041290 0.196472 1.790339 2.908090 0.213951 -1.977850 -2.661978 -2.153945 -5.785610 -6.373292 -4.544120 -3.399101 -3.967549 -3.379358 -6.044530 -5.558244 -5.932963 -3.505409 -0.543825 -1.776327 -0.443177 -0.351841 0.787955 2.336938 2.542492 -0.420606 -3.657795 -4.758492 -8.683338 -9.585910 -9.484467 -7.504157 -5.139403 -1.537276 -1.662699 -2.223482 -9999.0 -9999.0 -9999.0
-9999.0 -9999.0 -9999.0 -9999.0 -9999.0 -9999.0 -9999.0 -9999.0 -9999.0 -9999.0 -5.802840 -4.511460 -3.352185 -0.857759 1.330918 0.373616 0.283640 2.618039 5.440847 5.703289 3.684227 1.873463 0.376912 -0.957684 0.047222 2.685439 4.056495 1.745838 -1.273597 -4.546588 -4.661663 -3.119362 -4.857467 -7.284026 -5.851260 -3.114337 -1.802684 -2.470408 -4.989762 -6.976733 -5.815019 -3.218859 -3.066612 -4.400103 -3.282038 -2.256880 -1.529177 -0.710086 2.131677 2.107392 -0.377548 -4.340270 -6.527169 -8.215178 -10.339639 -9.577447 -7.615232 -3.167636 1.224989 1.297180 -9999.0 -9999.0 -9999.0
-9999.0 -9999.0 -9999.0 -9999.0 -9999.0 -9999.0 -9999.0 -9999.0 -4.175696 -5.492564 -6.225474 -3.769100 -2.306122 -2.214732 -0.769481 2.233673 2.797843 4.482019 6.129302 6.285810 5.489619 4.391025 3.540178 1.815843 1.886189 4.605382 3.348869 -0.322296 -2.141108 -4.509830 -6.660246 -5.075147 -5.460245 -7.334755 -5.818190 -6.162223 -3.167744 -2.169728 -5.516472 -7.740254 -6.260671 -4.333890 -5.684324 -6.771857 -4.845659 -2.175121 -4.618045 -3.073715 -0.666037 2.411965 -0.288866 -2.635036 -5.503327 -8.442759 -9.153469 -7.042421 -6.738520 -3.571805 -0.366091 3.251722 -9999.0 -9999.0 -9999.0
-9999.0 -9999.0 -9999.0 -9999.0 -9999.0 -9999.0 -9999.0 -9999.0 -2.810536 -2.882842 -4.745598 -5.735220 -4.426046 -1.374882 -1.844433 0.576119 1.967365 2.602130 5.677724 6.685769 6.965113 6.735241 5.160916 3.526157 4.196034 5.175127 2.938380 -0.139820 -3.466518 -5.183657 -6.359683 -5.767896 -5.184057 -6.496968 -5.691249 -5.604783 -2.491304 -1.769529 -4.482360 -6.569874 -7.576838 -7.951431 -7.049514 -5.584843 -3.520205 -3.978349 -6.147275 -5.282207 -2.205406 0.996983 1.484428 -2.554178 -5.506529 -7.591657 -5.733484 -3.450965 -3.476412 -1.521683 2.197081 4.980159 5.122525 -9999.0 -9999.0
-9999.0 -9999.0 -9999.0 -9999.0 -9999.0 -9999.0 -9999.0 -9999.0 -4.903090 -2.536740 -3.621697 -5.492160 -3.644318 -3.762229 -2.430078 -1.541283 0.815651 2.790956 5.684265 6.914634 7.313994 7.421383 6.901485 5.781111 5.751043 4.239617 1.991411 -1.223800 -4.358006 -4.599572 -4.911783 -3.377330 -5.018509 -5.216811 -5.040433 -3.529152 -3.651631 -1.162202 -4.184148 -5.923832 -7.405467 -7.745821 -6.600529 -5.090343 -5.342535 -5.689511 -7.491718 -6.364043 -5.103846 -1.107912 2.151736 -0.521362 -4.508932 -5.405236 -2.474642 -1.521428 0.295233 1.955458 4.538918 5.297302 5.522298 -9999.0 -9999.0
-9999.0 -9999.0 -9999.0 -9999.0 -9999.0 -9999.0 -9999.0 -9999.0 -6.598335 -3.608611 -1.369408 -4.676077 -4.007077 -2.958565 -0.864641 1.049677 4.263906 5.513235 5.821510 6.089861 6.870380 7.256624 7.173017 6.247913 4.086895 2.099347 -0.052359 -2.318382 -2.756496 -1.578473 -2.709283 -2.473616 -1.632635 -1.660894 -4.711169 -5.885320 -4.479448 -1.018603 -4.043365 -5.850657 -7.858696 -7.038923 -6.490046 -6.529682 -7.188757 -6.788944 -5.766087 -5.534816 -6.122120 -3.763522 -1.090739 1.468635 -0.646601 -2.790118 -0.225780 0.682318 2.606632 3.951979 4.819753 5.549285 4.526214 1.874761 -9999.0
-9999.0 -9999.0 -9999.0 -9999.0 -9999.0 -9999.0 -9999.0 -9999.0 -7.300651 -3.933852 -1.300469 -2.229952 -0.948699 -0.261427 0.839559 3.364910 4.409924 3.105502 1.540582 3.286310 5.184781 6.835323 6.766694 6.386072 3.987489 0.988320 -1.529885 -0.809335 0.384510 0.602054 -1.766812 -0.810852 1.273528 -1.408793 -3.702210 -3.972839 -3.330212 -0.714644 -1.356652 -3.839516 -5.013034 -4.312108 -2.980650 -3.386872 -5.506917 -4.895482 -3.496139 -1.904615 -3.140202 -0.860425 0.458782 0.457604 0.904405 0.554601 1.573395 1.917682 2.726914 3.793046 4.779119 4.501833 3.496635 1.661673 -9999.0
-9999.0 -9999.0 -4.659951 -4.043261 -3.547782 -3.778258 -2.845057 -4.337689 -5.636620 -4.591913 -2.263855 0.034803 -0.171212 0.945489 2.503663 3.119018 0.474446 -1.697678 -1.611902 1.045303 3.176228 5.968974 6.440076 6.503076 4.718913 2.465387 0.833832 0.919629 2.751710 1.352682 -0.837685 -0.535959 2.326372 -0.171069 -0.519499 -1.861152 -0.830689 -0.318547 -1.438654 -3.480198 -2.637461 -1.341839 -0.557162 -0.834495 -2.832321 -2.348108 0.045711 0.064425 1.276500 2.618580 3.387096 2.969745 2.154526 1.549898 1.539161 1.889735 2.647617 3.340082 2.884797 2.863252 2.079717 1.170977 -9999.0
-9999.0 -2.531659 -2.542529 -2.886144 -3.577369 -2.441663 -2.808595 -4.840169 -5.768712 -5.536448 -3.432421 -1.404677 1.051440 1.627922 1.878064 -0.667165 -2.238769 -3.529911 -2.678769 0.728853 3.032035 4.872242 5.610373 5.666614 5.680352 4.398797 3.566300 3.769116 4.745779 3.097765 2.189429 1.356625 2.185912 2.605759 1.779253 1.295837 1.300614 0.955918 0.654335 -0.093721 0.354125 1.718056 2.034520 0.435604 -0.115815 0.913823 2.587119 3.806606 4.853119 4.654266 3.963165 3.208257 2.163401 1.224131 1.211609 0.765075 -0.039109 0.545056 1.076256 0.525425 0.494963 1.158841 -9999.0
-9999.0 -1.272279 -0.774529 -0.763017 -1.418664 -1.168707 -3.534516 -5.361188 -5.926525 -5.942654 -4.057968 -1.793768 1.095629 1.732028 -0.282590 -2.928873 -4.193616 -3.864231 -0.837387 1.005626 2.676844 3.325745 4.257626 4.319661 4.864255 5.444941 5.822312 6.022908 6.087439 5.768260 5.386547 4.328618 4.139772 3.705822 3.426819 3.191661 2.913109 2.897225 2.836183 2.965192 3.770008 4.293959 4.183058 3.572448 4.266285 4.706434 5.535198 5.708274 5.335147 4.839024 3.103028 0.937095 -0.035957 0.837600 -0.087419 -1.832995 -1.171740 -1.721886 -1.346096 -1.585508 -0.808883 -9999.0 -9999.0
