erum2020/resources/simulation/Vinschgau/output-maps/TaN0464.asc
ncols         63
nrows         48
xllcorner     598000.000000
yllcorner     5145000.000000
cellsize      1000.000000
NODATA_value  -9999.0
[rows 0 to 27 of 48, columns 0 to 62 of 63]
-9999.0 -9999.0 -9999.0 -9999.0 -9999.0 -9999.0 -9999.0 -9999.0 -9999.0 -9999.0 -9999.0 -9999.0 -9999.0 -9999.0 -9999.0 -9999.0 -9999.0 -9999.0 -9999.0 -9999.0 -9999.0 -9999.0 -9999.0 -9999.0 -9999.0 -9999.0 -9999.0 -9999.0 -9999.0 -9999.0 -9999.0 -9999.0 -9999.0 -9999.0 -9999.0 -9999.0 -9999.0 -9999.0 -9999.0 -9999.0 -9999.0 -9999.0 -9999.0 -9999.0 -9999.0 -9999.0 -9999.0 -9999.0 -9999.0 -9999.0 -9999.0 -9999.0 -9999.0 -9999.0 -9999.0 -9999.0 -9999.0 -9999.0 -9999.0 -9999.0 -9999.0 -9999.0 -9999.0
-9999.0 -9999.0 -9999.0 -9999.0 -9999.0 -9999.0 -9999.0 -9999.0 -9999.0 -9999.0 -9999.0 -9999.0 -9999.0 -9999.0 -9999.0 -9999.0 -9999.0 -9999.0 -9999.0 -9999.0 -9999.0 -9999.0 -9999.0 -9999.0 -9999.0 -9999.0 -9999.0 2.625647 3.223771 3.644584 2.776404 2.082913 3.168093 -9999.0 -9999.0 -9999.0 -9999.0 -9999.0 -9999.0 -9999.0 -9999.0 -9999.0 -9999.0 -9999.0 -9999.0 -9999.0 -9999.0 -9999.0 -9999.0 -9999.0 -9999.0 -9999.0 -9999.0 -9999.0 -9999.0 -9999.0 -9999.0 -9999.0 -9999.0 -9999.0 -9999.0 -9999.0 -9999.0
-9999.0 -9999.0 -9999.0 -9999.0 -9999.0 -9999.0 -9999.0 -9999.0 -9999.0 -9999.0 -9999.0 -9999.0 -9999.0 -9999.0 -9999.0 -9999.0 -9999.0 -9999.0 -9999.0 -9999.0 -9999.0 -9999.0 -9999.0 -9999.0 3.717301 4.003594 4.564633 3.902865 4.768719 4.652164 2.435890 -9999.0 -9999.0 -9999.0 -9999.0 -9999.0 -9999.0 -9999.0 -9999.0 -9999.0 -9999.0 -9999.0 -9999.0 -9999.0 -9999.0 -9999.0 -9999.0 -9999.0 -9999.0 -9999.0 -9999.0 -9999.0 -9999.0 -9999.0 -9999.0 -9999.0 -9999.0 -9999.0 -9999.0 -9999.0 -9999.0 -9999.0 -9999.0
-9999.0 -9999.0 -9999.0 -9999.0 -9999.0 -9999.0 -9999.0 -9999.0 -9999.0 -9999.0 -9999.0 -9999.0 -9999.0 -9999.0 -9999.0 -9999.0 -9999.0 -9999.0 -9999.0 -9999.0 -9999.0 -9999.0 -9999.0 3.949716 5.195663 5.653343 6.536988 6.344268 6.401857 4.614474 2.436608 2.006769 -9999.0 -9999.0 -9999.0 -9999.0 -9999.0 -9999.0 -9999.0 -9999.0 -9999.0 -9999.0 -9999.0 -9999.0 -9999.0 -9999.0 -9999.0 -9999.0 -9999.0 -9999.0 -9999.0 -9999.0 -9999.0 -9999.0 -9999.0 -9999.0 -9999.0 -9999.0 -9999.0 -9999.0 -9999.0 -9999.0 -9999.0
-9999.0 -9999.0 -9999.0 -9999.0 -9999.0 -9999.0 -9999.0 -9999.0 -9999.0 -9999.0 -9999.0 -9999.0 -9999.0 -9999.0 -9999.0 -9999.0 -9999.0 -9999.0 8.105554 4.269153 -9999.0 4.180706 4.936839 5.767704 7.207332 8.557096 8.547873 8.422112 8.434626 5.979896 4.300910 2.822343 1.821106 -0.352367 -9999.0 -9999.0 -9999.0 -9999.0 -9999.0 -9999.0 -9999.0 -9999.0 -9999.0 -9999.0 -9999.0 -9999.0 -9999.0 -9999.0 -9999.0 -9999.0 -9999.0 -9999.0 -9999.0 -9999.0 -9999.0 -9999.0 -9999.0 -9999.0 -9999.0 -9999.0 -9999.0 -9999.0 -9999.0
-9999.0 -9999.0 -9999.0 -9999.0 -9999.0 -9999.0 -9999.0 -9999.0 -9999.0 -9999.0 -9999.0 -9999.0 -9999.0 -9999.0 -9999.0 -9999.0 -9999.0 11.543484 9.966931 7.243577 4.696094 5.526962 6.019208 8.010308 9.295714 7.540233 6.145566 5.863343 6.596492 7.993949 6.410327 4.589944 4.426543 3.168533 1.514576 0.626121 -9999.0 -9999.0 -9999.0 -9999.0 -9999.0 -9999.0 -9999.0 -9999.0 -9999.0 -9999.0 -9999.0 -9999.0 -9999.0 -9999.0 -9999.0 -9999.0 -9999.0 -9999.0 -9999.0 -9999.0 -9999.0 -9999.0 -9999.0 -9999.0 -9999.0 -9999.0 -9999.0
-9999.0 -9999.0 -9999.0 -9999.0 -9999.0 -9999.0 -9999.0 -9999.0 -9999.0 -9999.0 -9999.0 -9999.0 -9999.0 5.039081 7.088227 9.769215 10.980537 11.670952 11.353683 7.706439 7.615948 7.540292 8.792391 9.517831 7.391428 5.265294 3.740110 4.588600 4.333173 5.524414 6.799420 5.826529 4.161135 3.513933 2.970471 0.464701 -9999.0 -9999.0 -9999.0 -9999.0 -9999.0 -9999.0 -9999.0 -9999.0 -9999.0 -9999.0 -9999.0 -9999.0 -9999.0 -9999.0 -9999.0 -9999.0 -9999.0 -9999.0 -9999.0 -9999.0 -9999.0 -9999.0 -9999.0 -9999.0 -9999.0 -9999.0 -9999.0
-9999.0 -9999.0 -9999.0 -9999.0 -9999.0 -9999.0 -9999.0 -9999.0 -9999.0 -9999.0 -9999.0 -9999.0 -9999.0 5.814924 7.956380 9.651646 9.636841 11.510234 11.688945 11.057713 10.659873 10.463393 9.587171 8.465229 7.363214 5.657753 3.067706 3.249850 2.160819 3.561925 4.622844 3.188781 2.287406 1.012052 1.497447 -9999.0 -9999.0 -9999.0 -9999.0 -9999.0 -9999.0 -9999.0 -9999.0 -9999.0 -9999.0 -9999.0 -9999.0 -9999.0 -9999.0 -9999.0 -9999.0 -9999.0 -9999.0 -9999.0 -9999.0 -9999.0 -9999.0 -9999.0 -9999.0 -9999.0 -9999.0 -9999.0 -9999.0
-9999.0 -9999.0 -9999.0 -9999.0 -9999.0 -9999.0 -9999.0 -9999.0 -9999.0 -9999.0 -9999.0 -9999.0 -9999.0 6.943747 9.288511 8.282130 8.799542 10.719734 11.814302 11.417822 9.520218 6.954544 7.289373 6.057575 5.933874 5.218703 4.186248 1.811939 1.698080 1.431977 2.553376 0.376329 0.196225 -1.298965 0.273119 -9999.0 -9999.0 -9999.0 -9999.0 -9999.0 -9999.0 -9999.0 -9999.0 -9999.0 -9999.0 -9999.0 -9999.0 -9999.0 -9999.0 -9999.0 -9999.0 -9999.0 -9999.0 -9999.0 -9999.0 -9999.0 -9999.0 -9999.0 -9999.0 -9999.0 -9999.0 -9999.0 -9999.0
-9999.0 -9999.0 -9999.0 -9999.0 -9999.0 -9999.0 -9999.0 -9999.0 -9999.0 -9999.0 -9999.0 -9999.0 6.136538 8.595312 8.369211 7.105227 7.912749 10.228920 11.932775 11.543536 8.122388 4.768912 5.233719 4.263122 5.967312 3.049251 4.264747 2.015227 3.681061 1.704838 0.299031 1.591370 2.089757 -0.671936 -9999.0 -9999.0 -9999.0 -9999.0 -9999.0 -9999.0 -9999.0 -9999.0 -9999.0 -9999.0 -9999.0 -9999.0 -9999.0 -9999.0 -9999.0 -9999.0 -9999.0 -9999.0 -9999.0 -9999.0 -9999.0 -9999.0 -9999.0 -9999.0 -9999.0 -9999.0 -9999.0 -9999.0 -9999.0
-9999.0 -9999.0 -9999.0 -9999.0 -9999.0 -9999.0 -9999.0 -9999.0 -9999.0 -9999.0 -9999.0 5.144083 7.149503 8.680092 6.410502 6.108503 6.661804 9.596997 12.013913 11.711889 8.548916 6.673267 4.698575 3.276046 5.324282 3.724728 1.774557 2.924259 3.952062 0.263064 1.254781 4.062813 2.647582 0.934658 1.839604 3.560531 3.435323 4.672911 5.239330 -9999.0 -9999.0 -9999.0 1.149665 -9999.0 -9999.0 -9999.0 -9999.0 -9999.0 -9999.0 -9999.0 -9999.0 -9999.0 -9999.0 -9999.0 -9999.0 -9999.0 -9999.0 -9999.0 -9999.0 -9999.0 -9999.0 -9999.0 -9999.0
-9999.0 -9999.0 -9999.0 -9999.0 -9999.0 -9999.0 -9999.0 -9999.0 -9999.0 -9999.0 -9999.0 4.711124 6.219061 7.620578 6.282862 4.694148 7.049142 9.913058 12.014575 11.521005 9.481858 6.473414 4.602520 3.315291 4.572011 2.911641 2.477680 3.873644 3.859285 0.416908 3.069600 5.143548 2.075670 1.668782 1.184904 4.091413 6.070036 6.371913 5.333427 3.059537 2.491685 1.393080 3.401449 2.195835 -9999.0 -9999.0 -9999.0 -1.155549 0.409170 1.523182 1.370605 0.409492 0.114790 -0.591778 -0.186088 -0.565260 -9999.0 -9999.0 -9999.0 -9999.0 -9999.0 -9999.0 -9999.0
-9999.0 -9999.0 -9999.0 -9999.0 -9999.0 -9999.0 -9999.0 -9999.0 -9999.0 -9999.0 -9999.0 4.508963 4.606658 7.129033 5.886894 5.397579 7.520352 10.035026 11.807144 11.560320 9.606794 7.245840 4.506403 3.522570 2.858691 2.557513 5.032476 5.637446 2.540336 0.677269 2.284465 5.199424 4.470407 1.839630 2.357953 5.318261 7.472596 8.338926 7.342065 4.388318 4.728485 2.542435 4.365066 3.289666 1.365985 -9999.0 -0.824820 1.516624 3.035613 4.172514 4.445702 4.468913 3.598496 2.850896 2.690468 1.761536 -9999.0 -9999.0 -9999.0 -9999.0 -9999.0 -9999.0 -9999.0
-9999.0 -9999.0 -9999.0 -9999.0 -9999.0 -9999.0 -9999.0 -9999.0 -9999.0 -9999.0 -9999.0 -9999.0 5.061668 5.939383 4.903024 5.129643 7.039826 9.284923 11.774980 11.635521 9.381838 7.612380 7.134847 5.348215 3.125803 4.551371 6.351199 3.747303 2.403278 1.675171 2.768382 5.245231 4.414336 2.616839 2.345941 4.240313 6.264497 8.065431 8.825689 4.935277 4.864063 3.808999 5.495012 4.673421 1.968974 1.041087 0.799084 1.640592 4.290201 6.303315 7.319929 6.176939 6.060118 5.458336 4.545598 3.171808 1.937399 -9999.0 -9999.0 -9999.0 -9999.0 -9999.0 -9999.0
-9999.0 -9999.0 -9999.0 -9999.0 -9999.0 -9999.0 -9999.0 -9999.0 -9999.0 -9999.0 -9999.0 4.358279 3.429784 4.966906 6.219914 6.341288 7.540709 8.974083 11.320228 11.409162 9.735557 8.412346 7.439428 4.322041 4.471700 6.622373 5.707531 2.158336 1.883202 3.181452 5.074118 6.414264 5.590214 2.649992 0.992846 3.577072 3.899398 6.337838 8.729501 6.003442 4.702740 6.275285 7.181563 6.443385 5.289391 2.353599 3.603380 3.605746 4.670931 7.963409 4.472527 3.175909 3.483964 2.689671 1.774091 0.903666 2.013763 -9999.0 -9999.0 -9999.0 -9999.0 -9999.0 -9999.0
-9999.0 -9999.0 -9999.0 -9999.0 -9999.0 -9999.0 -9999.0 -9999.0 -9999.0 -9999.0 6.066841 5.457749 4.061904 4.078528 5.402355 7.623393 7.528846 7.298492 10.531611 11.183729 10.336176 9.379653 5.798370 5.633031 6.839190 7.164602 4.129510 2.352620 3.830113 4.680871 6.981993 7.058862 5.044952 2.547913 -0.124704 2.552480 4.589899 5.663897 7.203953 8.308578 7.791609 8.719191 8.948987 8.972068 6.772107 3.328129 3.676078 6.303346 7.616920 8.326557 3.394614 1.689268 1.428498 0.212101 0.595735 2.910866 3.083027 -9999.0 -9999.0 -9999.0 -9999.0 -9999.0 -9999.0
-9999.0 -9999.0 -9999.0 -9999.0 -9999.0 -9999.0 -9999.0 -9999.0 -9999.0 3.078156 4.875256 6.016735 6.715317 4.716019 6.180001 6.267555 5.420777 7.288124 10.590838 11.281956 10.626206 8.034752 7.917362 8.260316 8.041533 5.157652 2.981532 4.632023 6.582450 7.535489 8.526432 5.267854 2.617204 0.562210 0.619786 2.333067 4.713569 4.883331 5.061271 6.370585 7.315427 5.776233 5.754985 9.578337 9.210094 6.818607 6.754475 5.636146 5.822321 9.540661 5.506951 2.205227 -0.363946 -0.719422 1.051584 3.558857 4.463481 2.572836 1.258466 -9999.0 -9999.0 -9999.0 -9999.0
-9999.0 -9999.0 -9999.0 -9999.0 -9999.0 -9999.0 -9999.0 -9999.0 -9999.0 3.046379 3.092303 4.717815 8.322160 6.996901 5.613458 4.796915 6.005747 8.339900 11.253591 11.648498 11.353486 10.314378 9.801047 7.807834 5.433607 4.086256 5.595280 7.072334 9.150124 8.686883 7.443976 4.851202 3.456041 1.421701 2.539896 2.016691 2.582700 3.884973 2.999694 5.162749 5.039428 3.646755 5.381324 9.023944 10.758840 10.765167 10.720245 9.039218 7.958858 9.887582 4.819393 1.831621 -0.114093 0.332462 2.547720 2.726872 4.815090 5.455241 3.675560 -9999.0 -9999.0 -9999.0 -9999.0
-9999.0 -9999.0 -9999.0 -9999.0 -9999.0 -9999.0 -9999.0 -9999.0 -9999.0 -9999.0 2.669395 4.986266 6.937536 8.773507 7.557790 6.073883 6.977638 9.711131 12.097413 12.113576 11.623864 9.672214 7.059633 6.176624 4.319918 6.613677 8.314160 9.619283 7.175596 5.268106 4.880447 5.680083 2.318818 1.963287 3.969219 5.220298 4.676542 5.206003 2.411739 2.735455 2.226069 4.607922 7.634671 6.553502 8.082423 8.381986 9.726277 11.470507 11.860898 9.071057 5.991979 5.027593 1.208518 0.373105 0.499721 2.468606 4.801860 8.379663 8.272121 7.809707 -9999.0 -9999.0 -9999.0
-9999.0 -9999.0 -9999.0 -9999.0 -9999.0 -9999.0 -9999.0 -9999.0 -9999.0 -9999.0 2.667478 3.916020 5.006197 7.398934 9.448210 8.311165 8.002066 10.083103 12.627548 12.599723 10.296815 8.236702 6.560865 5.145343 6.221006 8.937923 10.406799 8.321611 5.598939 2.652399 2.874263 4.750670 3.329797 1.187272 2.853124 5.755488 7.153100 6.489775 3.906271 1.817867 2.885583 5.436717 5.612195 4.363413 5.607854 6.782716 7.672481 8.661280 11.678357 11.832055 9.521203 5.717078 3.657408 2.048770 -0.054840 0.671848 2.561331 6.934007 11.295258 11.429674 -9999.0 -9999.0 -9999.0
-9999.0 -9999.0 -9999.0 -9999.0 -9999.0 -9999.0 -9999.0 -9999.0 4.369607 3.054392 2.308660 4.730089 6.127020 6.112497 7.405819 10.209724 10.531519 11.938488 13.283642 13.122731 12.004340 10.601559 9.531719 7.659377 7.903214 10.790304 9.614844 6.206576 4.716209 2.701942 0.920066 2.879076 2.861646 1.332625 3.152855 3.049774 6.204876 7.275056 3.919447 1.630862 3.026714 4.886764 3.508976 2.439092 4.422936 7.183676 4.858318 6.545216 9.119037 12.383281 9.879941 7.725583 5.018103 2.179212 1.485668 3.526026 3.693132 6.702486 9.789474 13.389759 -9999.0 -9999.0 -9999.0
-9999.0 -9999.0 -9999.0 -9999.0 -9999.0 -9999.0 -9999.0 -9999.0 5.799661 5.749183 3.896101 2.893673 4.153945 7.105721 6.476294 8.676235 9.796660 10.126696 12.878594 13.552885 13.490039 12.907750 11.023821 9.419724 10.254950 11.426561 9.310147 6.480413 3.472610 2.113464 1.324653 2.326194 3.332483 2.438897 3.637881 4.062619 7.429269 8.296953 5.619140 3.475952 2.360890 1.867607 2.672093 4.077594 6.126820 5.697120 3.599723 4.579445 7.814086 11.214864 11.931643 8.131804 5.391333 3.444077 5.323137 7.492648 7.244156 8.925637 12.397163 15.033552 15.195896 -9999.0 -9999.0
-9999.0 -9999.0 -9999.0 -9999.0 -9999.0 -9999.0 -9999.0 -9999.0 3.789857 6.208471 5.170039 3.327093 5.162649 4.967236 6.137006 6.778267 8.825257 10.461241 13.012458 13.911591 13.995506 13.810925 13.085642 12.034400 12.145979 10.733309 8.605978 5.596983 2.747196 2.850466 2.934938 4.913259 3.756282 4.068281 4.754631 6.734157 6.985607 9.705708 6.748531 4.926263 3.266963 2.715281 3.664246 5.021580 4.672355 4.287923 2.508916 3.721741 5.130611 9.338020 12.863576 10.486932 6.779544 6.078373 9.047765 9.845745 11.336853 12.579087 14.749024 15.183502 15.239622 -9999.0 -9999.0
-9999.0 -9999.0 -9999.0 -9999.0 -9999.0 -9999.0 -9999.0 -9999.0 2.187503 5.269312 7.607001 4.390229 5.110541 6.127147 8.064710 9.693692 12.538904 13.399968 13.346086 13.296906 13.813841 14.021040 13.929588 13.156915 10.948674 8.916525 6.840838 4.747271 4.564502 6.073299 5.346955 6.062453 7.458931 8.053607 5.666509 5.138237 7.082996 10.878187 7.928000 5.959892 3.643733 4.107991 4.326831 4.020974 3.173649 3.465731 4.460842 4.744831 4.292814 6.870520 9.840413 12.751384 10.988190 9.107801 11.742782 12.463088 13.959452 14.731696 14.998746 15.193189 13.760042 10.866684 -9999.0
-9999.0 -9999.0 -9999.0 -9999.0 -9999.0 -9999.0 -9999.0 -9999.0 1.576003 5.080166 7.875519 7.119367 8.546885 9.280406 10.244746 12.431214 13.019318 11.257910 9.305491 10.748446 12.422450 13.927378 13.809691 13.450511 11.040092 8.058150 5.629293 6.511574 7.943944 8.483312 6.528507 8.002690 10.721843 8.795520 7.358518 7.970995 9.378208 12.458653 11.871665 9.080053 7.393916 7.540276 8.376105 7.575355 5.170468 5.602460 6.921904 8.530258 7.409020 9.902404 11.530431 11.911178 12.756212 12.719233 13.838182 13.978245 14.284855 14.649821 14.863573 13.838913 12.165337 9.781011 -9999.0
-9999.0 -9999.0 3.806046 4.461387 5.006598 4.840283 5.856544 4.471729 3.312704 4.537439 7.091010 9.653356 9.707039 10.974847 12.431142 12.642752 9.433173 6.726817 6.403200 8.780886 10.732775 13.404846 13.764843 13.739979 11.978318 9.803577 8.270818 8.504225 10.558283 9.472991 7.705453 8.561166 12.135618 10.532393 11.256205 11.082041 13.160065 14.292431 13.171502 10.601659 10.665198 11.173056 11.285121 10.485771 8.111741 8.349934 10.614146 10.611660 11.908408 13.440721 14.499909 14.451339 14.026638 13.732754 13.823326 13.965748 14.197257 14.128665 12.792940 11.861829 10.195259 8.486289 -9999.0
-9999.0 5.892548 5.912633 5.609399 4.970913 6.175699 5.899616 3.988006 3.218209 3.659686 6.034086 8.392043 11.196169 12.011173 12.192903 9.196112 6.982506 5.112403 5.557217 8.730653 10.939181 12.780042 13.536718 13.541053 13.464179 12.133713 11.320314 11.624515 12.796488 11.449870 10.967041 10.711788 12.309801 13.733086 14.163227 15.109540 16.437633 16.860683 16.481282 14.970183 14.381141 14.750777 14.248510 12.027142 11.028844 11.759995 13.261720 14.423120 15.518092 15.469815 15.022464 14.579942 13.862382 13.175127 13.228051 12.572615 11.266652 11.109864 10.746060 9.222717 8.206286 7.957365 -9999.0
-9999.0 7.134294 7.662132 7.713414 7.110309 7.429783 5.156194 3.452182 3.050097 3.250014 5.414581 8.020815 11.270340 12.154212 10.077155 6.990790 5.107478 4.891810 7.557214 9.230614 10.912152 11.741401 12.936711 13.037438 13.298387 13.616620 13.891647 14.133528 14.362732 14.328680 14.365165 13.886435 14.481431 15.089139 16.141788 17.454859 18.632710 19.454710 19.269105 18.513068 18.156752 17.592261 16.597503 15.318495 15.530310 15.641949 16.270170 16.353674 15.991162 15.597001 14.041023 12.106730 11.368469 12.407031 11.492960 9.537965 9.748462 8.533301 8.084009 6.920874 6.746560 -9999.0 -9999.0
