erum2020/resources/simulation/Vinschgau/output-maps/thetaliqL0005N0202.asc
ncols         63
nrows         48
xllcorner     598000.000000
yllcorner     5145000.000000
cellsize      1000.000000
NODATA_value  -9999.0
[rows 0 to 28 of 48, columns 0 to 62 of 63]
-9999.0 -9999.0 -9999.0 -9999.0 -9999.0 -9999.0 -9999.0 -9999.0 -9999.0 -9999.0 -9999.0 -9999.0 -9999.0 -9999.0 -9999.0 -9999.0 -9999.0 -9999.0 -9999.0 -9999.0 -9999.0 -9999.0 -9999.0 -9999.0 -9999.0 -9999.0 -9999.0 -9999.0 -9999.0 -9999.0 -9999.0 -9999.0 -9999.0 -9999.0 -9999.0 -9999.0 -9999.0 -9999.0 -9999.0 -9999.0 -9999.0 -9999.0 -9999.0 -9999.0 -9999.0 -9999.0 -9999.0 -9999.0 -9999.0 -9999.0 -9999.0 -9999.0 -9999.0 -9999.0 -9999.0 -9999.0 -9999.0 -9999.0 -9999.0 -9999.0 -9999.0 -9999.0 -9999.0
-9999.0 -9999.0 -9999.0 -9999.0 -9999.0 -9999.0 -9999.0 -9999.0 -9999.0 -9999.0 -9999.0 -9999.0 -9999.0 -9999.0 -9999.0 -9999.0 -9999.0 -9999.0 -9999.0 -9999.0 -9999.0 -9999.0 -9999.0 -9999.0 -9999.0 -9999.0 -9999.0 0.020027 0.040007 0.020022 0.040007 0.020021 0.020021 -9999.0 -9999.0 -9999.0 -9999.0 -9999.0 -9999.0 -9999.0 -9999.0 -9999.0 -9999.0 -9999.0 -9999.0 -9999.0 -9999.0 -9999.0 -9999.0 -9999.0 -9999.0 -9999.0 -9999.0 -9999.0 -9999.0 -9999.0 -9999.0 -9999.0 -9999.0 -9999.0 -9999.0 -9999.0 -9999.0
-9999.0 -9999.0 -9999.0 -9999.0 -9999.0 -9999.0 -9999.0 -9999.0 -9999.0 -9999.0 -9999.0 -9999.0 -9999.0 -9999.0 -9999.0 -9999.0 -9999.0 -9999.0 -9999.0 -9999.0 -9999.0 -9999.0 -9999.0 -9999.0 0.040022 0.040008 0.040006 0.040006 0.040007 0.040006 0.040007 -9999.0 -9999.0 -9999.0 -9999.0 -9999.0 -9999.0 -9999.0 -9999.0 -9999.0 -9999.0 -9999.0 -9999.0 -9999.0 -9999.0 -9999.0 -9999.0 -9999.0 -9999.0 -9999.0 -9999.0 -9999.0 -9999.0 -9999.0 -9999.0 -9999.0 -9999.0 -9999.0 -9999.0 -9999.0 -9999.0 -9999.0 -9999.0
-9999.0 -9999.0 -9999.0 -9999.0 -9999.0 -9999.0 -9999.0 -9999.0 -9999.0 -9999.0 -9999.0 -9999.0 -9999.0 -9999.0 -9999.0 -9999.0 -9999.0 -9999.0 -9999.0 -9999.0 -9999.0 -9999.0 -9999.0 0.040011 0.040010 0.040064 0.040014 0.040012 0.040007 0.040005 0.040006 0.040009 -9999.0 -9999.0 -9999.0 -9999.0 -9999.0 -9999.0 -9999.0 -9999.0 -9999.0 -9999.0 -9999.0 -9999.0 -9999.0 -9999.0 -9999.0 -9999.0 -9999.0 -9999.0 -9999.0 -9999.0 -9999.0 -9999.0 -9999.0 -9999.0 -9999.0 -9999.0 -9999.0 -9999.0 -9999.0 -9999.0 -9999.0
-9999.0 -9999.0 -9999.0 -9999.0 -9999.0 -9999.0 -9999.0 -9999.0 -9999.0 -9999.0 -9999.0 -9999.0 -9999.0 -9999.0 -9999.0 -9999.0 -9999.0 -9999.0 0.040154 0.040017 -9999.0 0.040018 0.040013 0.040018 0.040020 0.040003 0.040017 0.040018 0.040009 0.040009 0.040005 0.040006 0.020019 0.020018 -9999.0 -9999.0 -9999.0 -9999.0 -9999.0 -9999.0 -9999.0 -9999.0 -9999.0 -9999.0 -9999.0 -9999.0 -9999.0 -9999.0 -9999.0 -9999.0 -9999.0 -9999.0 -9999.0 -9999.0 -9999.0 -9999.0 -9999.0 -9999.0 -9999.0 -9999.0 -9999.0 -9999.0 -9999.0
-9999.0 -9999.0 -9999.0 -9999.0 -9999.0 -9999.0 -9999.0 -9999.0 -9999.0 -9999.0 -9999.0 -9999.0 -9999.0 -9999.0 -9999.0 -9999.0 -9999.0 0.040021 0.040004 0.020021 0.020028 0.040019 0.040015 0.040005 0.040010 0.040007 0.040010 0.040021 0.040009 0.040017 0.040008 0.040005 0.020018 0.020018 0.020021 0.020018 -9999.0 -9999.0 -9999.0 -9999.0 -9999.0 -9999.0 -9999.0 -9999.0 -9999.0 -9999.0 -9999.0 -9999.0 -9999.0 -9999.0 -9999.0 -9999.0 -9999.0 -9999.0 -9999.0 -9999.0 -9999.0 -9999.0 -9999.0 -9999.0 -9999.0 -9999.0 -9999.0
-9999.0 -9999.0 -9999.0 -9999.0 -9999.0 -9999.0 -9999.0 -9999.0 -9999.0 -9999.0 -9999.0 -9999.0 -9999.0 0.040014 0.040018 0.040007 0.040007 0.020019 0.040015 0.040009 0.040007 0.040010 0.040004 0.040008 0.040006 0.040009 0.020026 0.040010 0.040008 0.040015 0.040012 0.040007 0.040006 0.040004 0.020017 0.020017 -9999.0 -9999.0 -9999.0 -9999.0 -9999.0 -9999.0 -9999.0 -9999.0 -9999.0 -9999.0 -9999.0 -9999.0 -9999.0 -9999.0 -9999.0 -9999.0 -9999.0 -9999.0 -9999.0 -9999.0 -9999.0 -9999.0 -9999.0 -9999.0 -9999.0 -9999.0 -9999.0
-9999.0 -9999.0 -9999.0 -9999.0 -9999.0 -9999.0 -9999.0 -9999.0 -9999.0 -9999.0 -9999.0 -9999.0 -9999.0 0.040025 0.040178 0.040015 0.040015 0.040021 0.020018 0.040004 0.040004 0.040006 0.040016 0.040009 0.040012 0.040010 0.040007 0.020021 0.020020 0.040007 0.040011 0.040004 0.020017 0.020016 0.020016 -9999.0 -9999.0 -9999.0 -9999.0 -9999.0 -9999.0 -9999.0 -9999.0 -9999.0 -9999.0 -9999.0 -9999.0 -9999.0 -9999.0 -9999.0 -9999.0 -9999.0 -9999.0 -9999.0 -9999.0 -9999.0 -9999.0 -9999.0 -9999.0 -9999.0 -9999.0 -9999.0 -9999.0
-9999.0 -9999.0 -9999.0 -9999.0 -9999.0 -9999.0 -9999.0 -9999.0 -9999.0 -9999.0 -9999.0 -9999.0 -9999.0 0.040017 0.040016 0.040383 0.040018 0.040008 0.020018 0.040007 0.040018 0.020024 0.040011 0.040016 0.040030 0.040036 0.020025 0.020021 0.040007 0.020019 0.040005 0.020016 0.020017 0.020016 0.020016 -9999.0 -9999.0 -9999.0 -9999.0 -9999.0 -9999.0 -9999.0 -9999.0 -9999.0 -9999.0 -9999.0 -9999.0 -9999.0 -9999.0 -9999.0 -9999.0 -9999.0 -9999.0 -9999.0 -9999.0 -9999.0 -9999.0 -9999.0 -9999.0 -9999.0 -9999.0 -9999.0 -9999.0
-9999.0 -9999.0 -9999.0 -9999.0 -9999.0 -9999.0 -9999.0 -9999.0 -9999.0 -9999.0 -9999.0 -9999.0 0.040024 0.040034 0.040401 0.040008 0.040075 0.040010 0.040015 0.020018 0.040018 0.040012 0.020035 0.040020 0.040026 0.040006 0.040019 0.040010 0.040006 0.020020 0.040005 0.020020 0.040004 0.020017 -9999.0 -9999.0 -9999.0 -9999.0 -9999.0 -9999.0 -9999.0 -9999.0 -9999.0 -9999.0 -9999.0 -9999.0 -9999.0 -9999.0 -9999.0 -9999.0 -9999.0 -9999.0 -9999.0 -9999.0 -9999.0 -9999.0 -9999.0 -9999.0 -9999.0 -9999.0 -9999.0 -9999.0 -9999.0
-9999.0 -9999.0 -9999.0 -9999.0 -9999.0 -9999.0 -9999.0 -9999.0 -9999.0 -9999.0 -9999.0 0.040039 0.040017 0.040101 0.040010 0.040013 0.020024 0.040011 0.040010 0.020018 0.040005 0.040041 0.040012 0.040008 0.040011 0.040010 0.040006 0.040010 0.040008 0.020019 0.020023 0.040005 0.020019 0.020015 0.020014 0.020012 0.040002 0.040002 0.020010 -9999.0 -9999.0 -9999.0 0.020014 -9999.0 -9999.0 -9999.0 -9999.0 -9999.0 -9999.0 -9999.0 -9999.0 -9999.0 -9999.0 -9999.0 -9999.0 -9999.0 -9999.0 -9999.0 -9999.0 -9999.0 -9999.0 -9999.0 -9999.0
-9999.0 -9999.0 -9999.0 -9999.0 -9999.0 -9999.0 -9999.0 -9999.0 -9999.0 -9999.0 -9999.0 0.040016 0.040025 0.040027 0.040027 0.040010 0.040017 0.040005 0.040010 0.040021 0.040014 0.040025 0.040016 0.040012 0.040012 0.040008 0.040008 0.040008 0.020027 0.020020 0.040005 0.040004 0.040004 0.040004 0.040003 0.040002 0.040002 0.040004 0.040003 0.020009 0.020009 0.020011 0.040003 0.020016 -9999.0 -9999.0 -9999.0 0.040545 0.040059 0.020076 0.040068 0.020134 0.020149 0.076966 0.098230 0.020175 -9999.0 -9999.0 -9999.0 -9999.0 -9999.0 -9999.0 -9999.0
-9999.0 -9999.0 -9999.0 -9999.0 -9999.0 -9999.0 -9999.0 -9999.0 -9999.0 -9999.0 -9999.0 0.040020 0.040018 0.040007 0.040031 0.040009 0.040016 0.040008 0.040006 0.040011 0.040021 0.040014 0.040015 0.040014 0.040007 0.020025 0.040008 0.040008 0.020022 0.040007 0.020020 0.040005 0.040004 0.040004 0.020013 0.040002 0.040004 0.040005 0.040005 0.020013 0.040002 0.020010 0.040003 0.040003 0.040006 -9999.0 0.020029 0.040039 0.040038 0.040032 0.020073 0.020060 0.020167 0.245944 0.027535 0.156565 -9999.0 -9999.0 -9999.0 -9999.0 -9999.0 -9999.0 -9999.0
-9999.0 -9999.0 -9999.0 -9999.0 -9999.0 -9999.0 -9999.0 -9999.0 -9999.0 -9999.0 -9999.0 -9999.0 0.040025 0.040032 0.040030 0.040032 0.040010 0.040008 0.040008 0.040009 0.040006 0.040017 0.040015 0.040015 0.040008 0.040010 0.040044 0.020024 0.040008 0.020025 0.040006 0.040005 0.020018 0.040004 0.040003 0.040002 0.040003 0.040004 0.040006 0.020015 0.040002 0.020011 0.040002 0.040004 0.020017 0.040010 0.020034 0.040036 0.040019 0.040010 0.040022 0.040060 0.040516 0.040783 0.040085 0.040096 0.040295 -9999.0 -9999.0 -9999.0 -9999.0 -9999.0 -9999.0
-9999.0 -9999.0 -9999.0 -9999.0 -9999.0 -9999.0 -9999.0 -9999.0 -9999.0 -9999.0 -9999.0 0.040034 0.040016 0.020037 0.040020 0.040020 0.040018 0.040008 0.040009 0.040023 0.040005 0.040013 0.040026 0.040009 0.040013 0.040016 0.040026 0.040007 0.040008 0.020024 0.040005 0.040005 0.040005 0.040004 0.040003 0.040002 0.040002 0.040004 0.040006 0.040006 0.040003 0.040004 0.040004 0.020014 0.040005 0.040010 0.040017 0.020030 0.020045 0.020022 0.020037 0.040015 0.040035 0.020033 0.020042 0.020035 0.020165 -9999.0 -9999.0 -9999.0 -9999.0 -9999.0 -9999.0
-9999.0 -9999.0 -9999.0 -9999.0 -9999.0 -9999.0 -9999.0 -9999.0 -9999.0 -9999.0 0.040052 0.040032 0.040034 0.040016 0.040076 0.040015 0.040010 0.040015 0.040009 0.040009 0.040021 0.040063 0.040012 0.040048 0.040011 0.040024 0.040009 0.020022 0.020031 0.040018 0.040006 0.040007 0.040006 0.040004 0.020014 0.020013 0.040002 0.040004 0.040005 0.040008 0.040009 0.020015 0.020015 0.040010 0.040004 0.020019 0.040017 0.040006 0.040007 0.040007 0.020037 0.020034 0.020036 0.020033 0.020037 0.071177 0.085684 -9999.0 -9999.0 -9999.0 -9999.0 -9999.0 -9999.0
-9999.0 -9999.0 -9999.0 -9999.0 -9999.0 -9999.0 -9999.0 -9999.0 -9999.0 0.040014 0.040054 0.040041 0.040018 0.040028 0.040097 0.040014 0.040016 0.040047 0.040005 0.040035 0.040011 0.040005 0.040005 0.040005 0.040021 0.040008 0.040006 0.040018 0.040006 0.040006 0.040004 0.020022 0.020018 0.020017 0.020016 0.020015 0.040003 0.040003 0.040003 0.040003 0.040007 0.040004 0.040004 0.040011 0.040004 0.040004 0.040009 0.040006 0.040009 0.040010 0.020033 0.020105 0.020031 0.020047 0.020127 0.040103 0.041260 0.020153 0.020164 -9999.0 -9999.0 -9999.0 -9999.0
-9999.0 -9999.0 -9999.0 -9999.0 -9999.0 -9999.0 -9999.0 -9999.0 -9999.0 0.020038 0.040016 0.040014 0.040015 0.040017 0.040026 0.040035 0.040369 0.040009 0.040006 0.040012 0.040012 0.040020 0.040015 0.040020 0.040009 0.040009 0.040010 0.040007 0.040004 0.040019 0.040007 0.040005 0.040006 0.040007 0.040004 0.020015 0.020014 0.020014 0.040004 0.040004 0.040012 0.040005 0.040004 0.040004 0.040019 0.040015 0.040014 0.040004 0.040007 0.040007 0.020044 0.040028 0.020048 0.040028 0.020037 0.040446 0.040233 0.040111 0.020144 -9999.0 -9999.0 -9999.0 -9999.0
-9999.0 -9999.0 -9999.0 -9999.0 -9999.0 -9999.0 -9999.0 -9999.0 -9999.0 -9999.0 0.040016 0.040015 0.040018 0.040010 0.040010 0.040025 0.040024 0.040010 0.040056 0.040061 0.040026 0.040006 0.040025 0.040026 0.040009 0.040006 0.040004 0.040011 0.040008 0.040009 0.040008 0.040026 0.040007 0.040006 0.040006 0.040006 0.040006 0.040004 0.020017 0.040005 0.040004 0.040007 0.040007 0.040009 0.040005 0.040004 0.040005 0.040021 0.040019 0.040004 0.020035 0.020062 0.020132 0.020053 0.040084 0.040021 0.040082 0.040025 0.040026 0.040328 -9999.0 -9999.0 -9999.0
-9999.0 -9999.0 -9999.0 -9999.0 -9999.0 -9999.0 -9999.0 -9999.0 -9999.0 -9999.0 0.040016 0.040016 0.040034 0.040033 0.040025 0.040008 0.040008 0.040007 0.040053 0.112912 0.040008 0.040005 0.040007 0.040010 0.040010 0.040007 0.040024 0.040007 0.040009 0.040006 0.040007 0.040018 0.020022 0.040006 0.040006 0.040007 0.040004 0.040005 0.040005 0.040007 0.040011 0.020031 0.040014 0.040008 0.040043 0.020041 0.040034 0.040007 0.040018 0.040005 0.040005 0.040040 0.040052 0.020139 0.020073 0.020139 0.040021 0.040146 0.040006 0.040013 -9999.0 -9999.0 -9999.0
-9999.0 -9999.0 -9999.0 -9999.0 -9999.0 -9999.0 -9999.0 -9999.0 0.040031 0.040040 0.020034 0.040032 0.040020 0.040018 0.040033 0.040009 0.040006 0.040058 0.164963 0.221242 0.040913 0.040051 0.040014 0.040004 0.040004 0.040042 0.040011 0.040009 0.040014 0.040008 0.020020 0.040007 0.040009 0.040010 0.040015 0.040006 0.040017 0.040006 0.040005 0.020030 0.020026 0.040010 0.020025 0.020024 0.020039 0.040035 0.040011 0.040046 0.040007 0.040011 0.040012 0.020042 0.040054 0.040065 0.020126 0.020373 0.020118 0.040464 0.040008 0.040016 -9999.0 -9999.0 -9999.0
-9999.0 -9999.0 -9999.0 -9999.0 -9999.0 -9999.0 -9999.0 -9999.0 0.020035 0.040028 0.040010 0.040010 0.040013 0.040027 0.040037 0.040020 0.040020 0.040020 0.063869 0.304488 0.060611 0.069370 0.040018 0.040016 0.040033 0.040075 0.040008 0.040009 0.020025 0.040013 0.040015 0.020026 0.040020 0.020037 0.040039 0.040031 0.040010 0.040008 0.040008 0.040025 0.040010 0.020022 0.020027 0.040040 0.040024 0.040051 0.020031 0.040013 0.040018 0.040012 0.040006 0.040021 0.040055 0.127970 0.020056 0.020041 0.040025 0.040010 0.040011 0.232080 0.254530 -9999.0 -9999.0
-9999.0 -9999.0 -9999.0 -9999.0 -9999.0 -9999.0 -9999.0 -9999.0 0.040013 0.040018 0.040033 0.040011 0.040026 0.020030 0.040030 0.040008 0.040004 0.040006 0.047957 0.084260 0.372180 0.040330 0.064825 0.044580 0.206142 0.040006 0.040008 0.040009 0.020020 0.040008 0.020028 0.040022 0.040009 0.020025 0.040040 0.040024 0.040025 0.040006 0.040010 0.040017 0.040026 0.020050 0.040050 0.040035 0.040026 0.040021 0.020087 0.040135 0.040057 0.040009 0.040042 0.040006 0.040012 0.040013 0.040006 0.040007 0.040009 0.040014 0.040039 0.067926 0.253025 -9999.0 -9999.0
-9999.0 -9999.0 -9999.0 -9999.0 -9999.0 -9999.0 -9999.0 -9999.0 0.020024 0.040018 0.040255 0.020026 0.040072 0.040310 0.020035 0.040005 0.040086 0.044654 0.040037 0.090381 0.250051 0.410425 0.371618 0.222082 0.040012 0.040017 0.040027 0.040008 0.040021 0.040015 0.040008 0.040009 0.020025 0.040012 0.020035 0.040017 0.040015 0.040012 0.040008 0.040012 0.040053 0.040046 0.040041 0.020032 0.040050 0.020075 0.020083 0.020059 0.040038 0.040010 0.040028 0.040035 0.040008 0.040014 0.040010 0.040012 0.040020 0.040042 0.420234 0.254400 0.040399 0.040085 -9999.0
-9999.0 -9999.0 -9999.0 -9999.0 -9999.0 -9999.0 -9999.0 -9999.0 0.040019 0.040041 0.040412 0.040024 0.040015 0.040005 0.040009 0.040011 0.040011 0.040006 0.040022 0.040013 0.041288 0.364928 0.394160 0.040111 0.040006 0.040015 0.040010 0.040017 0.040007 0.040011 0.040012 0.040020 0.040005 0.040018 0.040009 0.040011 0.040013 0.040012 0.040007 0.040014 0.040010 0.020033 0.040012 0.020031 0.040011 0.040033 0.040010 0.040010 0.040011 0.040006 0.040006 0.040018 0.040034 0.040014 0.040018 0.040026 0.042787 0.076168 0.040041 0.040089 0.040006 0.040503 -9999.0
-9999.0 -9999.0 0.020039 0.040039 0.040038 0.040018 0.040033 0.040014 0.040028 0.040048 0.040032 0.040013 0.040014 0.040012 0.040007 0.040016 0.040007 0.040017 0.040023 0.040024 0.040014 0.174531 0.352025 0.040039 0.040020 0.040006 0.040006 0.040005 0.040008 0.040010 0.040014 0.040018 0.040025 0.040005 0.040006 0.040006 0.040007 0.040009 0.040008 0.040012 0.040008 0.040006 0.040005 0.040010 0.040012 0.040013 0.040005 0.040007 0.040009 0.040014 0.040020 0.040029 0.041263 0.040205 0.040143 0.040062 0.040022 0.040022 0.040006 0.040006 0.040447 0.040575 -9999.0
-9999.0 0.040028 0.040023 0.040030 0.040029 0.040029 0.040037 0.040032 0.040028 0.040022 0.040040 0.040071 0.040037 0.040056 0.040053 0.040032 0.040026 0.040032 0.040062 0.040015 0.040007 0.041449 0.040048 0.236445 0.040060 0.040016 0.040057 0.040084 0.040017 0.040011 0.040009 0.040005 0.040007 0.040028 0.040012 0.040024 0.040024 0.040142 0.040035 0.040021 0.040012 0.040014 0.040012 0.040006 0.040005 0.040014 0.040025 0.040047 0.040029 0.040036 0.043580 0.040205 0.040053 0.040017 0.040017 0.040008 0.040065 0.040073 0.040094 0.040648 0.117778 0.156056 -9999.0
-9999.0 0.040035 0.040021 0.040022 0.040241 0.040022 0.040017 0.040012 0.040021 0.020036 0.040023 0.040036 0.040015 0.040262 0.040009 0.040023 0.040023 0.040014 0.040025 0.040013 0.040076 0.040015 0.043396 0.040053 0.040251 0.283785 0.244807 0.303723 0.273458 0.189323 0.156071 0.061767 0.040019 0.040029 0.040063 0.040662 0.204331 0.429857 0.161050 0.175804 0.175513 0.063181 0.040033 0.245853 0.338809 0.218051 0.350978 0.318225 0.155964 0.085637 0.040053 0.040005 0.040065 0.040007 0.040012 0.040099 0.040049 0.040324 0.040113 0.092176 0.148482 -9999.0 -9999.0
-9999.0 0.020057 0.040013 0.040027 0.040004 0.040250 0.040218 0.040027 0.040029 0.040030 0.040081 0.040010 0.040012 0.040085 0.040085 0.040029 0.040050 0.040048 0.040016 0.040021 0.040035 0.040027 0.040059 0.040057 0.040020 0.047619 0.112456 0.138486 0.165941 0.166836 0.145829 0.251332 0.261593 0.040036 0.191469 0.146318 0.065889 0.040420 0.180918 0.226927 0.280685 0.310069 0.301069 0.315167 0.288608 0.290152 0.123263 0.040089 0.040058 0.040043 0.040023 0.040032 0.040097 0.040084 0.040094 0.040469 0.040665 0.041022 0.041437 -9999.0 -9999.0 -9999.0 -9999.0
