erum2020/resources/simulation/Vinschgau/output-maps/thetaliqL0004N0850.asc
ncols         63
nrows         48
xllcorner     598000.000000
yllcorner     5145000.000000
cellsize      1000.000000
NODATA_value  -9999.0
[rows 0 to 28 of 48, columns 0 to 62 of 63]
-9999.0 -9999.0 -9999.0 -9999.0 -9999.0 -9999.0 -9999.0 -9999.0 -9999.0 -9999.0 -9999.0 -9999.0 -9999.0 -9999.0 -9999.0 -9999.0 -9999.0 -9999.0 -9999.0 -9999.0 -9999.0 -9999.0 -9999.0 -9999.0 -9999.0 -9999.0 -9999.0 -9999.0 -9999.0 -9999.0 -9999.0 -9999.0 -9999.0 -9999.0 -9999.0 -9999.0 -9999.0 -9999.0 -9999.0 -9999.0 -9999.0 -9999.0 -9999.0 -9999.0 -9999.0 -9999.0 -9999.0 -9999.0 -9999.0 -9999.0 -9999.0 -9999.0 -9999.0 -9999.0 -9999.0 -9999.0 -9999.0 -9999.0 -9999.0 -9999.0 -9999.0 -9999.0 -9999.0
-9999.0 -9999.0 -9999.0 -9999.0 -9999.0 -9999.0 -9999.0 -9999.0 -9999.0 -9999.0 -9999.0 -9999.0 -9999.0 -9999.0 -9999.0 -9999.0 -9999.0 -9999.0 -9999.0 -9999.0 -9999.0 -9999.0 -9999.0 -9999.0 -9999.0 -9999.0 -9999.0 0.020033 0.040020 0.020039 0.040015 0.040012 0.040011 -9999.0 -9999.0 -9999.0 -9999.0 -9999.0 -9999.0 -9999.0 -9999.0 -9999.0 -9999.0 -9999.0 -9999.0 -9999.0 -9999.0 -9999.0 -9999.0 -9999.0 -9999.0 -9999.0 -9999.0 -9999.0 -9999.0 -9999.0 -9999.0 -9999.0 -9999.0 -9999.0 -9999.0 -9999.0 -9999.0
-9999.0 -9999.0 -9999.0 -9999.0 -9999.0 -9999.0 -9999.0 -9999.0 -9999.0 -9999.0 -9999.0 -9999.0 -9999.0 -9999.0 -9999.0 -9999.0 -9999.0 -9999.0 -9999.0 -9999.0 -9999.0 -9999.0 -9999.0 -9999.0 0.040051 0.040072 0.040106 0.040063 0.040033 0.040017 0.040014 -9999.0 -9999.0 -9999.0 -9999.0 -9999.0 -9999.0 -9999.0 -9999.0 -9999.0 -9999.0 -9999.0 -9999.0 -9999.0 -9999.0 -9999.0 -9999.0 -9999.0 -9999.0 -9999.0 -9999.0 -9999.0 -9999.0 -9999.0 -9999.0 -9999.0 -9999.0 -9999.0 -9999.0 -9999.0 -9999.0 -9999.0 -9999.0
-9999.0 -9999.0 -9999.0 -9999.0 -9999.0 -9999.0 -9999.0 -9999.0 -9999.0 -9999.0 -9999.0 -9999.0 -9999.0 -9999.0 -9999.0 -9999.0 -9999.0 -9999.0 -9999.0 -9999.0 -9999.0 -9999.0 -9999.0 0.040078 0.040412 0.249349 0.307096 0.165581 0.162398 0.040058 0.040014 0.040011 -9999.0 -9999.0 -9999.0 -9999.0 -9999.0 -9999.0 -9999.0 -9999.0 -9999.0 -9999.0 -9999.0 -9999.0 -9999.0 -9999.0 -9999.0 -9999.0 -9999.0 -9999.0 -9999.0 -9999.0 -9999.0 -9999.0 -9999.0 -9999.0 -9999.0 -9999.0 -9999.0 -9999.0 -9999.0 -9999.0 -9999.0
-9999.0 -9999.0 -9999.0 -9999.0 -9999.0 -9999.0 -9999.0 -9999.0 -9999.0 -9999.0 -9999.0 -9999.0 -9999.0 -9999.0 -9999.0 -9999.0 -9999.0 -9999.0 0.416361 0.040146 -9999.0 0.040108 0.040325 0.198395 0.337174 0.133962 0.384386 0.388637 0.513377 0.053252 0.040037 0.040016 0.020027 0.020020 -9999.0 -9999.0 -9999.0 -9999.0 -9999.0 -9999.0 -9999.0 -9999.0 -9999.0 -9999.0 -9999.0 -9999.0 -9999.0 -9999.0 -9999.0 -9999.0 -9999.0 -9999.0 -9999.0 -9999.0 -9999.0 -9999.0 -9999.0 -9999.0 -9999.0 -9999.0 -9999.0 -9999.0 -9999.0
-9999.0 -9999.0 -9999.0 -9999.0 -9999.0 -9999.0 -9999.0 -9999.0 -9999.0 -9999.0 -9999.0 -9999.0 -9999.0 -9999.0 -9999.0 -9999.0 -9999.0 0.128871 0.215217 0.057614 0.020077 0.046003 0.056081 0.319271 0.362725 0.216160 0.041459 0.044700 0.046294 0.386831 0.040283 0.040016 0.020043 0.020034 0.020024 0.020021 -9999.0 -9999.0 -9999.0 -9999.0 -9999.0 -9999.0 -9999.0 -9999.0 -9999.0 -9999.0 -9999.0 -9999.0 -9999.0 -9999.0 -9999.0 -9999.0 -9999.0 -9999.0 -9999.0 -9999.0 -9999.0 -9999.0 -9999.0 -9999.0 -9999.0 -9999.0 -9999.0
-9999.0 -9999.0 -9999.0 -9999.0 -9999.0 -9999.0 -9999.0 -9999.0 -9999.0 -9999.0 -9999.0 -9999.0 -9999.0 0.040314 0.381487 0.215866 0.115300 0.030506 0.134651 0.190175 0.315972 0.300688 0.302267 0.383195 0.123666 0.040206 0.020068 0.040153 0.040174 0.045134 0.040057 0.040025 0.040013 0.040011 0.020026 0.020020 -9999.0 -9999.0 -9999.0 -9999.0 -9999.0 -9999.0 -9999.0 -9999.0 -9999.0 -9999.0 -9999.0 -9999.0 -9999.0 -9999.0 -9999.0 -9999.0 -9999.0 -9999.0 -9999.0 -9999.0 -9999.0 -9999.0 -9999.0 -9999.0 -9999.0 -9999.0 -9999.0
-9999.0 -9999.0 -9999.0 -9999.0 -9999.0 -9999.0 -9999.0 -9999.0 -9999.0 -9999.0 -9999.0 -9999.0 -9999.0 0.042118 0.337140 0.189479 0.129501 0.389837 0.023457 0.237040 0.133768 0.374129 0.353258 0.403082 0.044721 0.047561 0.040020 0.020036 0.020029 0.040058 0.040099 0.040016 0.020027 0.020015 0.020023 -9999.0 -9999.0 -9999.0 -9999.0 -9999.0 -9999.0 -9999.0 -9999.0 -9999.0 -9999.0 -9999.0 -9999.0 -9999.0 -9999.0 -9999.0 -9999.0 -9999.0 -9999.0 -9999.0 -9999.0 -9999.0 -9999.0 -9999.0 -9999.0 -9999.0 -9999.0 -9999.0 -9999.0
-9999.0 -9999.0 -9999.0 -9999.0 -9999.0 -9999.0 -9999.0 -9999.0 -9999.0 -9999.0 -9999.0 -9999.0 -9999.0 0.304447 0.520000 0.266893 0.176947 0.140650 0.023343 0.130282 0.419037 0.021818 0.091787 0.050740 0.308112 0.076259 0.020049 0.020027 0.040012 0.020017 0.040013 0.020014 0.020014 0.020011 0.020019 -9999.0 -9999.0 -9999.0 -9999.0 -9999.0 -9999.0 -9999.0 -9999.0 -9999.0 -9999.0 -9999.0 -9999.0 -9999.0 -9999.0 -9999.0 -9999.0 -9999.0 -9999.0 -9999.0 -9999.0 -9999.0 -9999.0 -9999.0 -9999.0 -9999.0 -9999.0 -9999.0 -9999.0
-9999.0 -9999.0 -9999.0 -9999.0 -9999.0 -9999.0 -9999.0 -9999.0 -9999.0 -9999.0 -9999.0 -9999.0 0.276015 0.152827 0.362168 0.414333 0.332453 0.220202 0.350561 0.063635 0.316057 0.045685 0.042479 0.041407 0.040082 0.040020 0.040021 0.040013 0.040014 0.020026 0.040004 0.020026 0.040011 0.020018 -9999.0 -9999.0 -9999.0 -9999.0 -9999.0 -9999.0 -9999.0 -9999.0 -9999.0 -9999.0 -9999.0 -9999.0 -9999.0 -9999.0 -9999.0 -9999.0 -9999.0 -9999.0 -9999.0 -9999.0 -9999.0 -9999.0 -9999.0 -9999.0 -9999.0 -9999.0 -9999.0 -9999.0 -9999.0
-9999.0 -9999.0 -9999.0 -9999.0 -9999.0 -9999.0 -9999.0 -9999.0 -9999.0 -9999.0 -9999.0 0.040609 0.467175 0.520000 0.381575 0.045449 0.075867 0.248826 0.520000 0.189232 0.220582 0.434065 0.040158 0.040026 0.040228 0.040028 0.040012 0.040019 0.040018 0.020020 0.020025 0.040014 0.020029 0.020022 0.020024 0.020031 0.040013 0.040018 0.040027 -9999.0 -9999.0 -9999.0 0.020022 -9999.0 -9999.0 -9999.0 -9999.0 -9999.0 -9999.0 -9999.0 -9999.0 -9999.0 -9999.0 -9999.0 -9999.0 -9999.0 -9999.0 -9999.0 -9999.0 -9999.0 -9999.0 -9999.0 -9999.0
-9999.0 -9999.0 -9999.0 -9999.0 -9999.0 -9999.0 -9999.0 -9999.0 -9999.0 -9999.0 -9999.0 0.040311 0.421497 0.459358 0.333467 0.040355 0.259280 0.178845 0.378495 0.433039 0.457739 0.042364 0.040150 0.040033 0.040043 0.040019 0.040017 0.040030 0.020034 0.020022 0.040018 0.040019 0.040011 0.040009 0.040008 0.040018 0.040049 0.040075 0.040026 0.020023 0.020023 0.020022 0.040017 0.020026 -9999.0 -9999.0 -9999.0 0.040012 0.040007 0.020025 0.040009 0.020021 0.020021 0.040012 0.040013 0.020019 -9999.0 -9999.0 -9999.0 -9999.0 -9999.0 -9999.0 -9999.0
-9999.0 -9999.0 -9999.0 -9999.0 -9999.0 -9999.0 -9999.0 -9999.0 -9999.0 -9999.0 -9999.0 0.040208 0.040476 0.041488 0.042231 0.042259 0.451715 0.302289 0.405797 0.376180 0.375311 0.069374 0.040101 0.040053 0.040019 0.020034 0.040085 0.040019 0.020031 0.040008 0.020029 0.040015 0.040032 0.040010 0.020027 0.040035 0.040021 0.040033 0.040296 0.020030 0.040022 0.040012 0.040032 0.040020 0.040010 -9999.0 0.020019 0.040010 0.040016 0.040027 0.040031 0.020045 0.040020 0.040015 0.040014 0.040010 -9999.0 -9999.0 -9999.0 -9999.0 -9999.0 -9999.0 -9999.0
-9999.0 -9999.0 -9999.0 -9999.0 -9999.0 -9999.0 -9999.0 -9999.0 -9999.0 -9999.0 -9999.0 -9999.0 0.040547 0.042160 0.041854 0.042008 0.365729 0.266854 0.444069 0.406950 0.344256 0.086739 0.041970 0.040172 0.040024 0.040076 0.040072 0.040025 0.040014 0.020027 0.040017 0.040016 0.040031 0.040013 0.040011 0.040021 0.040075 0.040048 0.042076 0.040046 0.040124 0.020049 0.040044 0.040125 0.020029 0.040009 0.020023 0.040010 0.040021 0.040117 0.041359 0.040017 0.040026 0.040016 0.040011 0.040015 0.040011 -9999.0 -9999.0 -9999.0 -9999.0 -9999.0 -9999.0
-9999.0 -9999.0 -9999.0 -9999.0 -9999.0 -9999.0 -9999.0 -9999.0 -9999.0 -9999.0 -9999.0 0.040274 0.040082 0.040286 0.040377 0.057585 0.358071 0.364672 0.443077 0.269524 0.314295 0.225132 0.049830 0.040054 0.040086 0.040926 0.040295 0.040013 0.040013 0.020037 0.040078 0.040025 0.040024 0.040014 0.040008 0.040018 0.040019 0.040191 0.062817 0.040518 0.040189 0.044367 0.040182 0.020134 0.040219 0.040014 0.040022 0.020039 0.020049 0.041067 0.020036 0.040015 0.040008 0.020020 0.020017 0.020015 0.020026 -9999.0 -9999.0 -9999.0 -9999.0 -9999.0 -9999.0
-9999.0 -9999.0 -9999.0 -9999.0 -9999.0 -9999.0 -9999.0 -9999.0 -9999.0 -9999.0 0.040150 0.040862 0.040135 0.040147 0.040665 0.040306 0.040280 0.318006 0.192358 0.282568 0.486611 0.515359 0.040235 0.040554 0.046532 0.040090 0.040030 0.020030 0.040031 0.040103 0.040045 0.040047 0.040059 0.040014 0.020019 0.020029 0.040035 0.040065 0.048302 0.231499 0.262103 0.091906 0.171967 0.494733 0.042212 0.020038 0.040024 0.040110 0.040097 0.046775 0.020025 0.020024 0.020016 0.020014 0.020015 0.040014 0.040015 -9999.0 -9999.0 -9999.0 -9999.0 -9999.0 -9999.0
-9999.0 -9999.0 -9999.0 -9999.0 -9999.0 -9999.0 -9999.0 -9999.0 -9999.0 0.040021 0.040154 0.040044 0.041357 0.040292 0.041149 0.042272 0.041925 0.046207 0.227472 0.185433 0.450006 0.249000 0.314090 0.340098 0.132448 0.040063 0.040021 0.040120 0.040488 0.046062 0.114259 0.040053 0.020031 0.020017 0.020023 0.020029 0.040017 0.040035 0.040095 0.041382 0.041132 0.041595 0.040320 0.332359 0.421392 0.042042 0.040841 0.040119 0.040124 0.251509 0.040027 0.020026 0.020013 0.020018 0.020022 0.040007 0.040009 0.020028 0.020023 -9999.0 -9999.0 -9999.0 -9999.0
-9999.0 -9999.0 -9999.0 -9999.0 -9999.0 -9999.0 -9999.0 -9999.0 -9999.0 0.040012 0.040019 0.040066 0.041757 0.052155 0.041728 0.040283 0.041890 0.374547 0.209429 0.338095 0.375168 0.306420 0.464443 0.046068 0.040097 0.040064 0.040335 0.046197 0.341565 0.046398 0.041114 0.040039 0.040021 0.040010 0.040015 0.020029 0.020032 0.020044 0.040019 0.040120 0.040216 0.040032 0.040846 0.438449 0.374545 0.434387 0.457299 0.286634 0.051351 0.184615 0.040024 0.040008 0.020018 0.040006 0.020023 0.040006 0.040010 0.040013 0.020034 -9999.0 -9999.0 -9999.0 -9999.0
-9999.0 -9999.0 -9999.0 -9999.0 -9999.0 -9999.0 -9999.0 -9999.0 -9999.0 -9999.0 0.040015 0.040055 0.043156 0.040303 0.062724 0.041946 0.049159 0.424244 0.200678 0.309800 0.424657 0.233628 0.140660 0.042724 0.040083 0.042256 0.151135 0.499555 0.041019 0.040056 0.040042 0.040031 0.040013 0.040012 0.040029 0.040024 0.040121 0.040192 0.020032 0.040017 0.040015 0.040139 0.040381 0.042473 0.106701 0.332830 0.401848 0.468592 0.450883 0.142333 0.040045 0.040020 0.020021 0.020019 0.040006 0.040010 0.040015 0.040059 0.040046 0.044551 -9999.0 -9999.0 -9999.0
-9999.0 -9999.0 -9999.0 -9999.0 -9999.0 -9999.0 -9999.0 -9999.0 -9999.0 -9999.0 0.040014 0.040024 0.040101 0.043926 0.498470 0.318526 0.329531 0.246099 0.210644 0.146161 0.144293 0.245115 0.070944 0.041557 0.042265 0.385357 0.520000 0.106568 0.040076 0.040014 0.040017 0.040020 0.020028 0.040010 0.040018 0.040183 0.040061 0.040843 0.040027 0.040013 0.040020 0.020053 0.040021 0.040043 0.040407 0.040617 0.047485 0.107746 0.412292 0.520000 0.063121 0.040027 0.040011 0.020023 0.020017 0.020019 0.040009 0.040110 0.520000 0.520000 -9999.0 -9999.0 -9999.0
-9999.0 -9999.0 -9999.0 -9999.0 -9999.0 -9999.0 -9999.0 -9999.0 0.040054 0.040016 0.040012 0.040036 0.040021 0.040023 0.046651 0.418463 0.201589 0.299244 0.266132 0.118060 0.116929 0.171712 0.199740 0.241516 0.288540 0.456960 0.450083 0.040147 0.040035 0.040014 0.020016 0.040017 0.040018 0.040011 0.040021 0.040020 0.040755 0.041884 0.040029 0.020029 0.020038 0.040079 0.020036 0.020031 0.020051 0.040096 0.040032 0.040375 0.115258 0.520000 0.088921 0.040171 0.040017 0.040007 0.020021 0.040012 0.020030 0.040446 0.329241 0.520000 -9999.0 -9999.0 -9999.0
-9999.0 -9999.0 -9999.0 -9999.0 -9999.0 -9999.0 -9999.0 -9999.0 0.020039 0.040049 0.040018 0.040012 0.040020 0.040044 0.040137 0.342289 0.290151 0.251109 0.126208 0.117695 0.358126 0.318864 0.314522 0.310033 0.193139 0.349017 0.485544 0.040852 0.020030 0.040013 0.040010 0.020032 0.040020 0.020033 0.040032 0.040098 0.041697 0.040473 0.040268 0.040033 0.040017 0.020019 0.020034 0.040039 0.040062 0.040124 0.020033 0.040029 0.040519 0.437734 0.520000 0.040744 0.040018 0.040010 0.040022 0.020039 0.040093 0.047173 0.501183 0.520000 0.137565 -9999.0 -9999.0
-9999.0 -9999.0 -9999.0 -9999.0 -9999.0 -9999.0 -9999.0 -9999.0 0.040018 0.040042 0.040027 0.040013 0.040016 0.020039 0.040238 0.040151 0.307736 0.330268 0.133845 0.325617 0.114926 0.249221 0.290291 0.161295 0.331436 0.293878 0.441387 0.040081 0.020031 0.040018 0.020036 0.040162 0.040028 0.040034 0.040174 0.040156 0.050838 0.520000 0.067219 0.040138 0.040029 0.020037 0.040044 0.040039 0.040070 0.040037 0.020029 0.040020 0.040031 0.210645 0.453952 0.084347 0.040014 0.040019 0.040047 0.040182 0.509929 0.520000 0.436195 0.520000 0.415990 -9999.0 -9999.0
-9999.0 -9999.0 -9999.0 -9999.0 -9999.0 -9999.0 -9999.0 -9999.0 0.020025 0.040035 0.040035 0.020032 0.040018 0.040070 0.040615 0.447747 0.179677 0.150077 0.376441 0.120187 0.131168 0.133982 0.257863 0.164122 0.193766 0.346121 0.050680 0.040041 0.040110 0.040128 0.040122 0.040395 0.045426 0.040734 0.040674 0.040310 0.046393 0.298878 0.475337 0.043519 0.040069 0.040127 0.040099 0.020051 0.040024 0.020038 0.040032 0.020046 0.040022 0.040098 0.237989 0.477459 0.140686 0.040099 0.097434 0.520000 0.520000 0.520000 0.378939 0.422984 0.414578 0.360588 -9999.0
-9999.0 -9999.0 -9999.0 -9999.0 -9999.0 -9999.0 -9999.0 -9999.0 0.040008 0.040032 0.040041 0.040058 0.040284 0.045655 0.046465 0.520000 0.515120 0.304855 0.332630 0.253858 0.154070 0.169216 0.139251 0.137409 0.364959 0.313534 0.040097 0.042185 0.068407 0.041415 0.041530 0.082095 0.520000 0.421468 0.205916 0.437788 0.417313 0.260911 0.277682 0.509743 0.288242 0.171803 0.071128 0.058616 0.040106 0.040214 0.040402 0.042223 0.040299 0.114843 0.467059 0.327319 0.429162 0.453929 0.520000 0.520000 0.520000 0.496439 0.482117 0.418178 0.337300 0.371060 -9999.0
-9999.0 -9999.0 0.040022 0.040047 0.040014 0.040057 0.040017 0.040019 0.040013 0.040019 0.040092 0.040521 0.046424 0.041997 0.518550 0.520000 0.094267 0.040084 0.040341 0.392064 0.247818 0.235269 0.487946 0.104496 0.168976 0.247961 0.311849 0.350723 0.382155 0.489966 0.179190 0.404739 0.520000 0.366137 0.438081 0.284228 0.365054 0.211956 0.217219 0.274028 0.398281 0.445238 0.388138 0.462262 0.354255 0.168893 0.507603 0.425407 0.444112 0.413560 0.358578 0.327005 0.496846 0.520000 0.520000 0.520000 0.520000 0.471062 0.462152 0.370834 0.472291 0.382239 -9999.0
-9999.0 0.040306 0.040139 0.040104 0.040063 0.040020 0.040017 0.040017 0.040012 0.040012 0.040028 0.040137 0.053933 0.043553 0.375207 0.040579 0.040085 0.040038 0.040131 0.258507 0.246795 0.306291 0.520000 0.420070 0.192843 0.167504 0.270532 0.326139 0.383345 0.440926 0.307705 0.373504 0.519902 0.485553 0.346770 0.311220 0.281450 0.153628 0.336601 0.331154 0.319760 0.363459 0.386806 0.267033 0.257908 0.234921 0.401009 0.246347 0.326109 0.351622 0.401899 0.479082 0.520000 0.520000 0.520000 0.520000 0.504327 0.475295 0.520000 0.306019 0.435519 0.386922 -9999.0
-9999.0 0.040822 0.040151 0.041848 0.041899 0.040042 0.040029 0.040014 0.040012 0.040011 0.040021 0.040081 0.149606 0.399818 0.045717 0.040029 0.040018 0.040026 0.040922 0.056940 0.299197 0.440133 0.393167 0.520000 0.496355 0.311154 0.098538 0.108320 0.316957 0.188028 0.121649 0.142373 0.448642 0.442405 0.434387 0.342851 0.370030 0.324882 0.289007 0.247476 0.290822 0.340993 0.343204 0.147948 0.091379 0.126427 0.280503 0.347383 0.362520 0.391276 0.430195 0.400049 0.457695 0.520000 0.520000 0.059560 0.052566 0.051530 0.065458 0.043594 0.070207 -9999.0 -9999.0
-9999.0 0.040083 0.040180 0.042313 0.504855 0.040506 0.041949 0.040053 0.040036 0.040035 0.040097 0.079024 0.498896 0.043045 0.040061 0.040021 0.040015 0.040030 0.040055 0.051099 0.044651 0.065659 0.247088 0.517294 0.512976 0.405877 0.416169 0.413331 0.146915 0.309101 0.104568 0.093058 0.387964 0.401446 0.339700 0.273988 0.288674 0.305141 0.257969 0.242081 0.245314 0.337882 0.300951 0.087807 0.086796 0.338840 0.331950 0.400334 0.424206 0.343854 0.441407 0.045912 0.072328 0.041114 0.042331 0.040159 0.040153 0.040107 0.040119 -9999.0 -9999.0 -9999.0 -9999.0
