erum2020/resources/simulation/Vinschgau/output-maps/thetaiceL0005N0264.asc
ncols         63
nrows         48
xllcorner     598000.000000
yllcorner     5145000.000000
cellsize      1000.000000
NODATA_value  -9999.0
[rows 0 to 28 of 48, columns 0 to 62 of 63]
-9999.0 -9999.0 -9999.0 -9999.0 -9999.0 -9999.0 -9999.0 -9999.0 -9999.0 -9999.0 -9999.0 -9999.0 -9999.0 -9999.0 -9999.0 -9999.0 -9999.0 -9999.0 -9999.0 -9999.0 -9999.0 -9999.0 -9999.0 -9999.0 -9999.0 -9999.0 -9999.0 -9999.0 -9999.0 -9999.0 -9999.0 -9999.0 -9999.0 -9999.0 -9999.0 -9999.0 -9999.0 -9999.0 -9999.0 -9999.0 -9999.0 -9999.0 -9999.0 -9999.0 -9999.0 -9999.0 -9999.0 -9999.0 -9999.0 -9999.0 -9999.0 -9999.0 -9999.0 -9999.0 -9999.0 -9999.0 -9999.0 -9999.0 -9999.0 -9999.0 -9999.0 -9999.0 -9999.0
-9999.0 -9999.0 -9999.0 -9999.0 -9999.0 -9999.0 -9999.0 -9999.0 -9999.0 -9999.0 -9999.0 -9999.0 -9999.0 -9999.0 -9999.0 -9999.0 -9999.0 -9999.0 -9999.0 -9999.0 -9999.0 -9999.0 -9999.0 -9999.0 -9999.0 -9999.0 -9999.0 0.019969 0.097636 0.019923 0.083263 0.019941 0.019941 -9999.0 -9999.0 -9999.0 -9999.0 -9999.0 -9999.0 -9999.0 -9999.0 -9999.0 -9999.0 -9999.0 -9999.0 -9999.0 -9999.0 -9999.0 -9999.0 -9999.0 -9999.0 -9999.0 -9999.0 -9999.0 -9999.0 -9999.0 -9999.0 -9999.0 -9999.0 -9999.0 -9999.0 -9999.0 -9999.0
-9999.0 -9999.0 -9999.0 -9999.0 -9999.0 -9999.0 -9999.0 -9999.0 -9999.0 -9999.0 -9999.0 -9999.0 -9999.0 -9999.0 -9999.0 -9999.0 -9999.0 -9999.0 -9999.0 -9999.0 -9999.0 -9999.0 -9999.0 -9999.0 0.173396 0.181333 0.211402 0.190281 0.200731 0.071493 0.084375 -9999.0 -9999.0 -9999.0 -9999.0 -9999.0 -9999.0 -9999.0 -9999.0 -9999.0 -9999.0 -9999.0 -9999.0 -9999.0 -9999.0 -9999.0 -9999.0 -9999.0 -9999.0 -9999.0 -9999.0 -9999.0 -9999.0 -9999.0 -9999.0 -9999.0 -9999.0 -9999.0 -9999.0 -9999.0 -9999.0 -9999.0 -9999.0
-9999.0 -9999.0 -9999.0 -9999.0 -9999.0 -9999.0 -9999.0 -9999.0 -9999.0 -9999.0 -9999.0 -9999.0 -9999.0 -9999.0 -9999.0 -9999.0 -9999.0 -9999.0 -9999.0 -9999.0 -9999.0 -9999.0 -9999.0 0.187214 0.210364 0.363968 0.368187 0.360091 0.365433 0.070672 0.129771 0.087742 -9999.0 -9999.0 -9999.0 -9999.0 -9999.0 -9999.0 -9999.0 -9999.0 -9999.0 -9999.0 -9999.0 -9999.0 -9999.0 -9999.0 -9999.0 -9999.0 -9999.0 -9999.0 -9999.0 -9999.0 -9999.0 -9999.0 -9999.0 -9999.0 -9999.0 -9999.0 -9999.0 -9999.0 -9999.0 -9999.0 -9999.0
-9999.0 -9999.0 -9999.0 -9999.0 -9999.0 -9999.0 -9999.0 -9999.0 -9999.0 -9999.0 -9999.0 -9999.0 -9999.0 -9999.0 -9999.0 -9999.0 -9999.0 -9999.0 0.368492 0.349366 -9999.0 0.192646 0.242223 0.364252 0.389994 0.364784 0.268033 0.259958 0.389938 0.355464 0.072955 0.118727 0.019932 0.019974 -9999.0 -9999.0 -9999.0 -9999.0 -9999.0 -9999.0 -9999.0 -9999.0 -9999.0 -9999.0 -9999.0 -9999.0 -9999.0 -9999.0 -9999.0 -9999.0 -9999.0 -9999.0 -9999.0 -9999.0 -9999.0 -9999.0 -9999.0 -9999.0 -9999.0 -9999.0 -9999.0 -9999.0 -9999.0
-9999.0 -9999.0 -9999.0 -9999.0 -9999.0 -9999.0 -9999.0 -9999.0 -9999.0 -9999.0 -9999.0 -9999.0 -9999.0 -9999.0 -9999.0 -9999.0 -9999.0 0.386464 0.368946 0.000131 0.019851 0.284041 0.348461 0.217263 0.380316 0.254733 0.230113 0.164179 0.235638 0.253252 0.317601 0.071740 0.019775 0.019883 0.019991 0.019919 -9999.0 -9999.0 -9999.0 -9999.0 -9999.0 -9999.0 -9999.0 -9999.0 -9999.0 -9999.0 -9999.0 -9999.0 -9999.0 -9999.0 -9999.0 -9999.0 -9999.0 -9999.0 -9999.0 -9999.0 -9999.0 -9999.0 -9999.0 -9999.0 -9999.0 -9999.0 -9999.0
-9999.0 -9999.0 -9999.0 -9999.0 -9999.0 -9999.0 -9999.0 -9999.0 -9999.0 -9999.0 -9999.0 -9999.0 -9999.0 0.068189 0.342946 0.362527 0.359735 0.019602 0.385472 0.350119 0.369588 0.388499 0.364976 0.389969 0.195316 0.199608 0.018287 0.049575 0.053383 0.174749 0.161736 0.225929 0.080847 0.085570 0.019915 0.019916 -9999.0 -9999.0 -9999.0 -9999.0 -9999.0 -9999.0 -9999.0 -9999.0 -9999.0 -9999.0 -9999.0 -9999.0 -9999.0 -9999.0 -9999.0 -9999.0 -9999.0 -9999.0 -9999.0 -9999.0 -9999.0 -9999.0 -9999.0 -9999.0 -9999.0 -9999.0 -9999.0
-9999.0 -9999.0 -9999.0 -9999.0 -9999.0 -9999.0 -9999.0 -9999.0 -9999.0 -9999.0 -9999.0 -9999.0 -9999.0 0.311501 0.389992 0.360258 0.360156 0.367749 0.019521 0.362129 0.373429 0.252460 0.389993 0.293286 0.301247 0.055287 0.098963 0.019915 0.019914 0.071181 0.194135 0.078330 0.019918 0.019916 0.019916 -9999.0 -9999.0 -9999.0 -9999.0 -9999.0 -9999.0 -9999.0 -9999.0 -9999.0 -9999.0 -9999.0 -9999.0 -9999.0 -9999.0 -9999.0 -9999.0 -9999.0 -9999.0 -9999.0 -9999.0 -9999.0 -9999.0 -9999.0 -9999.0 -9999.0 -9999.0 -9999.0 -9999.0
-9999.0 -9999.0 -9999.0 -9999.0 -9999.0 -9999.0 -9999.0 -9999.0 -9999.0 -9999.0 -9999.0 -9999.0 -9999.0 0.313902 0.389994 0.364212 0.361724 0.361605 0.019554 0.368170 0.353485 0.013660 0.253929 0.228770 0.163495 0.150209 0.019933 0.019918 0.131218 0.019918 0.076780 0.019918 0.019919 0.019921 0.019918 -9999.0 -9999.0 -9999.0 -9999.0 -9999.0 -9999.0 -9999.0 -9999.0 -9999.0 -9999.0 -9999.0 -9999.0 -9999.0 -9999.0 -9999.0 -9999.0 -9999.0 -9999.0 -9999.0 -9999.0 -9999.0 -9999.0 -9999.0 -9999.0 -9999.0 -9999.0 -9999.0 -9999.0
-9999.0 -9999.0 -9999.0 -9999.0 -9999.0 -9999.0 -9999.0 -9999.0 -9999.0 -9999.0 -9999.0 -9999.0 0.147941 0.389994 0.389977 0.196003 0.355207 0.362563 0.389640 0.000028 0.213491 0.184099 0.015709 0.190297 0.277992 0.078082 0.191641 0.091403 0.068860 0.019920 0.075781 0.019966 0.119118 0.019917 -9999.0 -9999.0 -9999.0 -9999.0 -9999.0 -9999.0 -9999.0 -9999.0 -9999.0 -9999.0 -9999.0 -9999.0 -9999.0 -9999.0 -9999.0 -9999.0 -9999.0 -9999.0 -9999.0 -9999.0 -9999.0 -9999.0 -9999.0 -9999.0 -9999.0 -9999.0 -9999.0 -9999.0 -9999.0
-9999.0 -9999.0 -9999.0 -9999.0 -9999.0 -9999.0 -9999.0 -9999.0 -9999.0 -9999.0 -9999.0 0.206480 0.277209 0.363898 0.182894 0.245939 0.016294 0.362926 0.371908 0.000065 0.372451 0.330590 0.081079 0.078078 0.062061 0.072609 0.077514 0.075506 0.211416 0.019919 0.019980 0.115850 0.019924 0.019913 0.019882 0.019850 0.060446 0.131327 0.058255 -9999.0 -9999.0 -9999.0 0.019941 -9999.0 -9999.0 -9999.0 -9999.0 -9999.0 -9999.0 -9999.0 -9999.0 -9999.0 -9999.0 -9999.0 -9999.0 -9999.0 -9999.0 -9999.0 -9999.0 -9999.0 -9999.0 -9999.0 -9999.0
-9999.0 -9999.0 -9999.0 -9999.0 -9999.0 -9999.0 -9999.0 -9999.0 -9999.0 -9999.0 -9999.0 0.230385 0.193760 0.279039 0.326834 0.084036 0.220004 0.357881 0.370895 0.363233 0.389994 0.346738 0.188440 0.224034 0.234312 0.073881 0.068196 0.075418 0.019991 0.019916 0.071789 0.068459 0.065834 0.090989 0.096371 0.061585 0.199954 0.230925 0.333887 0.019824 0.019784 0.019866 0.086336 0.019939 -9999.0 -9999.0 -9999.0 0.363400 0.116316 0.019954 0.071576 0.019945 0.019956 0.352322 0.344822 0.019961 -9999.0 -9999.0 -9999.0 -9999.0 -9999.0 -9999.0 -9999.0
-9999.0 -9999.0 -9999.0 -9999.0 -9999.0 -9999.0 -9999.0 -9999.0 -9999.0 -9999.0 -9999.0 0.226714 0.224056 0.073055 0.312246 0.079362 0.316805 0.370322 0.389968 0.367745 0.362919 0.159251 0.286485 0.199390 0.070646 0.019919 0.271855 0.072550 0.019916 0.078950 0.019914 0.068831 0.156189 0.092278 0.019894 0.112380 0.246725 0.100433 0.120773 0.020344 0.214516 0.050163 0.199918 0.066914 0.087031 -9999.0 0.019911 0.109372 0.066281 0.155198 0.056586 0.019797 0.120536 0.333694 0.133303 0.319049 -9999.0 -9999.0 -9999.0 -9999.0 -9999.0 -9999.0 -9999.0
-9999.0 -9999.0 -9999.0 -9999.0 -9999.0 -9999.0 -9999.0 -9999.0 -9999.0 -9999.0 -9999.0 -9999.0 0.232251 0.302940 0.306594 0.269002 0.228448 0.361616 0.365809 0.369136 0.371719 0.151859 0.232301 0.287260 0.221818 0.277984 0.371826 0.019913 0.074130 0.019978 0.068252 0.212075 0.025526 0.091477 0.062974 0.073469 0.233030 0.246254 0.123660 0.113091 0.271236 0.019622 0.316217 0.354562 0.019968 0.121807 0.019971 0.100009 0.072160 0.175092 0.350138 0.240626 0.340547 0.354455 0.244779 0.250022 0.238742 -9999.0 -9999.0 -9999.0 -9999.0 -9999.0 -9999.0
-9999.0 -9999.0 -9999.0 -9999.0 -9999.0 -9999.0 -9999.0 -9999.0 -9999.0 -9999.0 -9999.0 0.320542 0.207103 0.019963 0.311256 0.322685 0.343484 0.360343 0.389990 0.377244 0.358527 0.380067 0.348754 0.157027 0.280956 0.354410 0.311583 0.069476 0.069895 0.019915 0.253463 0.212778 0.240985 0.083393 0.079369 0.085262 0.080633 0.098175 0.265280 0.189820 0.108991 0.341750 0.346196 0.001457 0.355619 0.089906 0.061430 0.019862 0.019845 0.024705 0.020059 0.067882 0.227992 0.020076 0.019894 0.019912 0.019949 -9999.0 -9999.0 -9999.0 -9999.0 -9999.0 -9999.0
-9999.0 -9999.0 -9999.0 -9999.0 -9999.0 -9999.0 -9999.0 -9999.0 -9999.0 -9999.0 0.322811 0.288740 0.314515 0.166282 0.350884 0.346853 0.223660 0.203855 0.361484 0.386521 0.365412 0.362382 0.125805 0.360219 0.337908 0.323739 0.066494 0.020028 0.062310 0.307679 0.354219 0.208519 0.070867 0.086228 0.019915 0.019937 0.140883 0.234433 0.176002 0.264067 0.133175 0.017538 0.020018 0.363272 0.353948 0.019911 0.061841 0.143456 0.362044 0.348605 0.019736 0.019909 0.019902 0.019914 0.019915 0.195704 0.260869 -9999.0 -9999.0 -9999.0 -9999.0 -9999.0 -9999.0
-9999.0 -9999.0 -9999.0 -9999.0 -9999.0 -9999.0 -9999.0 -9999.0 -9999.0 0.060478 0.342912 0.331536 0.351622 0.291167 0.358587 0.208296 0.226852 0.356176 0.362729 0.356117 0.366232 0.309938 0.270599 0.364034 0.325683 0.065487 0.295187 0.331912 0.255452 0.353018 0.332085 0.019796 0.019914 0.019917 0.019916 0.019908 0.057458 0.230599 0.232831 0.212346 0.296117 0.230695 0.070281 0.291260 0.380875 0.246366 0.371189 0.076663 0.051781 0.363195 0.017288 0.019976 0.019915 0.019911 0.019938 0.081021 0.343857 0.026544 0.019668 -9999.0 -9999.0 -9999.0 -9999.0
-9999.0 -9999.0 -9999.0 -9999.0 -9999.0 -9999.0 -9999.0 -9999.0 -9999.0 0.025233 0.061025 0.081776 0.389990 0.299640 0.337855 0.289080 0.371808 0.245024 0.366807 0.000860 0.000947 0.000345 0.357677 0.353511 0.070718 0.276348 0.340376 0.349699 0.389966 0.278076 0.063598 0.068525 0.073396 0.101472 0.069481 0.019908 0.019934 0.019894 0.083130 0.055030 0.314883 0.070116 0.276963 0.331912 0.384318 0.374877 0.383874 0.369088 0.340093 0.352706 0.019936 0.079169 0.019908 0.077734 0.019912 0.355621 0.205946 0.238799 0.023883 -9999.0 -9999.0 -9999.0 -9999.0
-9999.0 -9999.0 -9999.0 -9999.0 -9999.0 -9999.0 -9999.0 -9999.0 -9999.0 -9999.0 0.079956 0.054482 0.237616 0.362952 0.139087 0.326007 0.267688 0.389986 0.372457 0.002841 0.363704 0.369055 0.331692 0.209243 0.259062 0.339551 0.389988 0.385950 0.060725 0.220238 0.066837 0.304324 0.073967 0.073098 0.073581 0.261399 0.344894 0.297944 0.019985 0.080313 0.082439 0.185994 0.179423 0.073803 0.060421 0.202736 0.380958 0.368844 0.250673 0.376995 0.018813 0.017849 0.019963 0.019907 0.250275 0.076911 0.249285 0.360295 0.366031 0.376735 -9999.0 -9999.0 -9999.0
-9999.0 -9999.0 -9999.0 -9999.0 -9999.0 -9999.0 -9999.0 -9999.0 -9999.0 -9999.0 0.093962 0.076934 0.227097 0.347922 0.364507 0.389991 0.318392 0.361437 0.004330 0.000540 0.374766 0.365593 0.356029 0.235620 0.316182 0.389987 0.186112 0.357992 0.239566 0.069063 0.072512 0.232122 0.019862 0.071003 0.072688 0.211053 0.286856 0.166565 0.070153 0.076372 0.096775 0.019966 0.233659 0.076206 0.284923 0.020759 0.161896 0.063346 0.379618 0.380714 0.378892 0.059287 0.226758 0.019958 0.020005 0.019949 0.078241 0.217400 0.389979 0.389932 -9999.0 -9999.0 -9999.0
-9999.0 -9999.0 -9999.0 -9999.0 -9999.0 -9999.0 -9999.0 -9999.0 0.327279 0.145688 0.021921 0.226474 0.203012 0.177306 0.284472 0.386100 0.386638 0.000133 0.000214 0.000140 0.025531 0.169205 0.336744 0.356868 0.378388 0.320326 0.378173 0.244144 0.239708 0.067815 0.019917 0.077864 0.080939 0.079347 0.095040 0.070328 0.054643 0.202396 0.075798 0.019984 0.019909 0.216718 0.020076 0.019912 0.019879 0.170647 0.071384 0.204517 0.382600 0.389699 0.389991 0.057990 0.199223 0.079046 0.019941 0.141160 0.034816 0.389120 0.372644 0.155585 -9999.0 -9999.0 -9999.0
-9999.0 -9999.0 -9999.0 -9999.0 -9999.0 -9999.0 -9999.0 -9999.0 0.019628 0.277057 0.080327 0.065880 0.087455 0.259629 0.243257 0.364887 0.389989 0.372808 0.002298 0.000066 0.000000 0.000000 0.000000 0.000469 0.272618 0.184389 0.367268 0.181990 0.020072 0.074161 0.106043 0.019873 0.074642 0.019971 0.158458 0.165935 0.104027 0.340776 0.076486 0.061856 0.070523 0.019917 0.019909 0.065870 0.220782 0.236234 0.020026 0.083454 0.053115 0.389989 0.389839 0.295931 0.239478 0.342852 0.063935 0.013804 0.209270 0.375393 0.302449 0.000000 0.000000 -9999.0 -9999.0
-9999.0 -9999.0 -9999.0 -9999.0 -9999.0 -9999.0 -9999.0 -9999.0 0.059927 0.070098 0.234592 0.070858 0.214640 0.019820 0.346600 0.076376 0.377063 0.389796 0.001074 0.000000 0.000047 0.000000 0.000000 0.000285 0.000000 0.361001 0.389994 0.287532 0.019410 0.063613 0.019872 0.214536 0.223459 0.017422 0.170291 0.287558 0.056110 0.332728 0.072688 0.074502 0.091880 0.019984 0.166818 0.248025 0.237817 0.213606 0.019950 0.263338 0.244507 0.383214 0.200899 0.389980 0.100332 0.079475 0.373075 0.389969 0.389924 0.269370 0.000418 0.000277 0.000000 -9999.0 -9999.0
-9999.0 -9999.0 -9999.0 -9999.0 -9999.0 -9999.0 -9999.0 -9999.0 0.019913 0.066705 0.364272 0.017587 0.353122 0.362643 0.067673 0.389983 0.378363 0.000487 0.371110 0.000629 0.000248 0.000011 0.000000 0.000000 0.360771 0.389992 0.350868 0.156265 0.359101 0.343696 0.077137 0.056820 0.060509 0.353899 0.017828 0.077956 0.075828 0.389989 0.071550 0.070192 0.063353 0.069524 0.075334 0.019842 0.178889 0.019883 0.101667 0.019838 0.182957 0.079320 0.389986 0.146694 0.389953 0.389892 0.389882 0.375109 0.036140 0.000381 0.000000 0.000000 0.021084 0.389964 -9999.0
-9999.0 -9999.0 -9999.0 -9999.0 -9999.0 -9999.0 -9999.0 -9999.0 0.243921 0.181752 0.363518 0.241384 0.355746 0.389984 0.388996 0.385322 0.365614 0.362374 0.389990 0.374559 0.007467 0.000060 0.000000 0.001326 0.389877 0.389988 0.273018 0.342609 0.356336 0.374758 0.246010 0.385304 0.375045 0.362060 0.077601 0.075388 0.257665 0.389989 0.376762 0.205724 0.070727 0.012390 0.296331 0.028463 0.076755 0.122049 0.073801 0.351813 0.269012 0.374918 0.376103 0.389072 0.137640 0.341369 0.217983 0.061619 0.000175 0.000369 0.000734 0.084211 0.389966 0.389922 -9999.0
-9999.0 -9999.0 0.019717 0.199482 0.223448 0.187543 0.231395 0.202937 0.190610 0.168710 0.201360 0.368104 0.389982 0.389947 0.000000 0.369964 0.382003 0.233739 0.184558 0.389989 0.381518 0.000486 0.000177 0.014220 0.169960 0.389915 0.389963 0.389989 0.389980 0.389953 0.345905 0.362479 0.389781 0.389992 0.389985 0.389987 0.389974 0.389941 0.382106 0.360024 0.304404 0.381232 0.385460 0.389991 0.279570 0.360825 0.389982 0.389989 0.374543 0.300536 0.048872 0.001185 0.000164 0.000317 0.072919 0.000000 0.330992 0.367278 0.389961 0.389988 0.389790 0.348659 -9999.0
-9999.0 0.320762 0.329269 0.267795 0.218613 0.348553 0.197508 0.240276 0.230656 0.078846 0.197229 0.358008 0.389934 0.358904 0.389858 0.276877 0.175602 0.224972 0.345677 0.389987 0.384541 0.366187 0.001353 0.000109 0.000000 0.003926 0.000000 0.000000 0.304688 0.379336 0.388191 0.389934 0.389972 0.000693 0.383021 0.067447 0.001146 0.000250 0.000830 0.143130 0.378097 0.288700 0.385946 0.389990 0.389962 0.389967 0.379073 0.383713 0.000751 0.001285 0.000732 0.004087 0.359525 0.371998 0.384026 0.389962 0.389978 0.389941 0.389948 0.389761 0.352697 0.346355 -9999.0
-9999.0 0.176187 0.359112 0.356968 0.364810 0.355229 0.303453 0.213499 0.199048 0.019887 0.172158 0.355209 0.389951 0.389924 0.384081 0.236453 0.078619 0.203259 0.361775 0.389985 0.389939 0.362400 0.355725 0.172310 0.000000 0.000000 0.000143 0.000024 0.000394 0.000440 0.000004 0.000515 0.117867 0.011695 0.000019 0.000222 0.000000 0.000000 0.000000 0.000000 0.000049 0.000229 0.000987 0.004447 0.000140 0.000000 0.000000 0.000000 0.000833 0.000570 0.362972 0.389991 0.389974 0.389841 0.389989 0.389887 0.389963 0.277591 0.246352 0.354785 0.334402 -9999.0 -9999.0
-9999.0 0.021095 0.197517 0.389989 0.389964 0.376077 0.364549 0.320079 0.209735 0.232123 0.362468 0.389983 0.389164 0.364896 0.357650 0.245272 0.241583 0.216832 0.231786 0.389990 0.362118 0.389990 0.367913 0.000000 0.000000 0.001230 0.000789 0.000472 0.000549 0.000658 0.000275 0.000052 0.000180 0.001713 0.000188 0.000224 0.000025 0.000000 0.000000 0.000000 0.000000 0.000000 0.000000 0.000000 0.000000 0.000000 0.000373 0.002204 0.319517 0.152273 0.389990 0.298624 0.369948 0.389947 0.275972 0.284731 0.322580 0.358133 0.358926 -9999.0 -9999.0 -9999.0 -9999.0
