erum2020/resources/simulation/Vinschgau/output-maps/thetaliqL0007N0733.asc
ncols         63
nrows         48
xllcorner     598000.000000
yllcorner     5145000.000000
cellsize      1000.000000
NODATA_value  -9999.0
[rows 0 to 28 of 48, columns 0 to 62 of 63]
-9999.0 -9999.0 -9999.0 -9999.0 -9999.0 -9999.0 -9999.0 -9999.0 -9999.0 -9999.0 -9999.0 -9999.0 -9999.0 -9999.0 -9999.0 -9999.0 -9999.0 -9999.0 -9999.0 -9999.0 -9999.0 -9999.0 -9999.0 -9999.0 -9999.0 -9999.0 -9999.0 -9999.0 -9999.0 -9999.0 -9999.0 -9999.0 -9999.0 -9999.0 -9999.0 -9999.0 -9999.0 -9999.0 -9999.0 -9999.0 -9999.0 -9999.0 -9999.0 -9999.0 -9999.0 -9999.0 -9999.0 -9999.0 -9999.0 -9999.0 -9999.0 -9999.0 -9999.0 -9999.0 -9999.0 -9999.0 -9999.0 -9999.0 -9999.0 -9999.0 -9999.0 -9999.0 -9999.0
-9999.0 -9999.0 -9999.0 -9999.0 -9999.0 -9999.0 -9999.0 -9999.0 -9999.0 -9999.0 -9999.0 -9999.0 -9999.0 -9999.0 -9999.0 -9999.0 -9999.0 -9999.0 -9999.0 -9999.0 -9999.0 -9999.0 -9999.0 -9999.0 -9999.0 -9999.0 -9999.0 0.049873 0.123060 0.049908 0.129051 0.065170 0.173939 -9999.0 -9999.0 -9999.0 -9999.0 -9999.0 -9999.0 -9999.0 -9999.0 -9999.0 -9999.0 -9999.0 -9999.0 -9999.0 -9999.0 -9999.0 -9999.0 -9999.0 -9999.0 -9999.0 -9999.0 -9999.0 -9999.0 -9999.0 -9999.0 -9999.0 -9999.0 -9999.0 -9999.0 -9999.0 -9999.0
-9999.0 -9999.0 -9999.0 -9999.0 -9999.0 -9999.0 -9999.0 -9999.0 -9999.0 -9999.0 -9999.0 -9999.0 -9999.0 -9999.0 -9999.0 -9999.0 -9999.0 -9999.0 -9999.0 -9999.0 -9999.0 -9999.0 -9999.0 -9999.0 0.193834 0.189610 0.196535 0.197279 0.199980 0.154500 0.114919 -9999.0 -9999.0 -9999.0 -9999.0 -9999.0 -9999.0 -9999.0 -9999.0 -9999.0 -9999.0 -9999.0 -9999.0 -9999.0 -9999.0 -9999.0 -9999.0 -9999.0 -9999.0 -9999.0 -9999.0 -9999.0 -9999.0 -9999.0 -9999.0 -9999.0 -9999.0 -9999.0 -9999.0 -9999.0 -9999.0 -9999.0 -9999.0
-9999.0 -9999.0 -9999.0 -9999.0 -9999.0 -9999.0 -9999.0 -9999.0 -9999.0 -9999.0 -9999.0 -9999.0 -9999.0 -9999.0 -9999.0 -9999.0 -9999.0 -9999.0 -9999.0 -9999.0 -9999.0 -9999.0 -9999.0 0.188082 0.200000 0.399331 0.055353 0.020581 0.020701 0.107083 0.118090 0.114313 -9999.0 -9999.0 -9999.0 -9999.0 -9999.0 -9999.0 -9999.0 -9999.0 -9999.0 -9999.0 -9999.0 -9999.0 -9999.0 -9999.0 -9999.0 -9999.0 -9999.0 -9999.0 -9999.0 -9999.0 -9999.0 -9999.0 -9999.0 -9999.0 -9999.0 -9999.0 -9999.0 -9999.0 -9999.0 -9999.0 -9999.0
-9999.0 -9999.0 -9999.0 -9999.0 -9999.0 -9999.0 -9999.0 -9999.0 -9999.0 -9999.0 -9999.0 -9999.0 -9999.0 -9999.0 -9999.0 -9999.0 -9999.0 -9999.0 0.430000 0.184053 -9999.0 0.194958 0.200000 0.020597 0.056306 0.020589 0.430000 0.430000 0.430000 0.054395 0.124991 0.128773 0.049911 0.049918 -9999.0 -9999.0 -9999.0 -9999.0 -9999.0 -9999.0 -9999.0 -9999.0 -9999.0 -9999.0 -9999.0 -9999.0 -9999.0 -9999.0 -9999.0 -9999.0 -9999.0 -9999.0 -9999.0 -9999.0 -9999.0 -9999.0 -9999.0 -9999.0 -9999.0 -9999.0 -9999.0 -9999.0 -9999.0
-9999.0 -9999.0 -9999.0 -9999.0 -9999.0 -9999.0 -9999.0 -9999.0 -9999.0 -9999.0 -9999.0 -9999.0 -9999.0 -9999.0 -9999.0 -9999.0 -9999.0 0.272567 0.040174 0.020569 0.050008 0.430000 0.057688 0.020813 0.429901 0.048845 0.053363 0.090171 0.056382 0.430000 0.200000 0.145891 0.050019 0.049945 0.039142 0.020190 -9999.0 -9999.0 -9999.0 -9999.0 -9999.0 -9999.0 -9999.0 -9999.0 -9999.0 -9999.0 -9999.0 -9999.0 -9999.0 -9999.0 -9999.0 -9999.0 -9999.0 -9999.0 -9999.0 -9999.0 -9999.0 -9999.0 -9999.0 -9999.0 -9999.0 -9999.0 -9999.0
-9999.0 -9999.0 -9999.0 -9999.0 -9999.0 -9999.0 -9999.0 -9999.0 -9999.0 -9999.0 -9999.0 -9999.0 -9999.0 0.122481 0.073359 0.399117 0.217449 0.049988 0.276008 0.020619 0.057669 0.053406 0.020680 0.138256 0.054832 0.192552 0.020775 0.021407 0.021083 0.071862 0.200000 0.199903 0.137370 0.124828 0.040474 0.020149 -9999.0 -9999.0 -9999.0 -9999.0 -9999.0 -9999.0 -9999.0 -9999.0 -9999.0 -9999.0 -9999.0 -9999.0 -9999.0 -9999.0 -9999.0 -9999.0 -9999.0 -9999.0 -9999.0 -9999.0 -9999.0 -9999.0 -9999.0 -9999.0 -9999.0 -9999.0 -9999.0
-9999.0 -9999.0 -9999.0 -9999.0 -9999.0 -9999.0 -9999.0 -9999.0 -9999.0 -9999.0 -9999.0 -9999.0 -9999.0 0.200000 0.067915 0.392906 0.256619 0.430000 0.050009 0.049523 0.020174 0.050081 0.055312 0.056560 0.069933 0.021353 0.104796 0.048116 0.036111 0.022059 0.108828 0.111274 0.025832 0.020084 0.020215 -9999.0 -9999.0 -9999.0 -9999.0 -9999.0 -9999.0 -9999.0 -9999.0 -9999.0 -9999.0 -9999.0 -9999.0 -9999.0 -9999.0 -9999.0 -9999.0 -9999.0 -9999.0 -9999.0 -9999.0 -9999.0 -9999.0 -9999.0 -9999.0 -9999.0 -9999.0 -9999.0 -9999.0
-9999.0 -9999.0 -9999.0 -9999.0 -9999.0 -9999.0 -9999.0 -9999.0 -9999.0 -9999.0 -9999.0 -9999.0 -9999.0 0.058866 0.200000 0.417369 0.365605 0.281690 0.050024 0.240694 0.200000 0.020817 0.056898 0.054467 0.073016 0.096496 0.049909 0.028614 0.125602 0.020081 0.112814 0.020067 0.020077 0.039443 0.020057 -9999.0 -9999.0 -9999.0 -9999.0 -9999.0 -9999.0 -9999.0 -9999.0 -9999.0 -9999.0 -9999.0 -9999.0 -9999.0 -9999.0 -9999.0 -9999.0 -9999.0 -9999.0 -9999.0 -9999.0 -9999.0 -9999.0 -9999.0 -9999.0 -9999.0 -9999.0 -9999.0 -9999.0
-9999.0 -9999.0 -9999.0 -9999.0 -9999.0 -9999.0 -9999.0 -9999.0 -9999.0 -9999.0 -9999.0 -9999.0 0.020687 0.200000 0.070926 0.083695 0.430000 0.407912 0.430000 0.020568 0.060127 0.068382 0.020776 0.091301 0.430000 0.109167 0.199906 0.118989 0.148812 0.024839 0.083674 0.046913 0.132395 0.020172 -9999.0 -9999.0 -9999.0 -9999.0 -9999.0 -9999.0 -9999.0 -9999.0 -9999.0 -9999.0 -9999.0 -9999.0 -9999.0 -9999.0 -9999.0 -9999.0 -9999.0 -9999.0 -9999.0 -9999.0 -9999.0 -9999.0 -9999.0 -9999.0 -9999.0 -9999.0 -9999.0 -9999.0 -9999.0
-9999.0 -9999.0 -9999.0 -9999.0 -9999.0 -9999.0 -9999.0 -9999.0 -9999.0 -9999.0 -9999.0 0.199454 0.103273 0.430000 0.083071 0.198637 0.020745 0.426373 0.430000 0.020612 0.020796 0.430000 0.137729 0.119623 0.021483 0.133361 0.102816 0.135717 0.200000 0.020091 0.043265 0.145618 0.050062 0.037133 0.043294 0.049909 0.051080 0.050409 0.049921 -9999.0 -9999.0 -9999.0 0.038488 -9999.0 -9999.0 -9999.0 -9999.0 -9999.0 -9999.0 -9999.0 -9999.0 -9999.0 -9999.0 -9999.0 -9999.0 -9999.0 -9999.0 -9999.0 -9999.0 -9999.0 -9999.0 -9999.0 -9999.0
-9999.0 -9999.0 -9999.0 -9999.0 -9999.0 -9999.0 -9999.0 -9999.0 -9999.0 -9999.0 -9999.0 0.194586 0.098960 0.020903 0.084542 0.106650 0.071324 0.040016 0.430000 0.430000 0.200000 0.140593 0.199951 0.126483 0.142260 0.125808 0.128046 0.145725 0.049925 0.027828 0.138275 0.165143 0.115553 0.123913 0.073330 0.074210 0.056126 0.051715 0.050862 0.049939 0.049980 0.050061 0.117801 0.049962 -9999.0 -9999.0 -9999.0 0.430000 0.115527 0.047255 0.126075 0.043569 0.038806 0.430000 0.430000 0.026623 -9999.0 -9999.0 -9999.0 -9999.0 -9999.0 -9999.0 -9999.0
-9999.0 -9999.0 -9999.0 -9999.0 -9999.0 -9999.0 -9999.0 -9999.0 -9999.0 -9999.0 -9999.0 0.200000 0.188864 0.022081 0.430000 0.128833 0.119057 0.057044 0.200000 0.430000 0.430000 0.021143 0.114346 0.199881 0.121941 0.049956 0.121812 0.200000 0.048592 0.116601 0.042954 0.024324 0.131795 0.110029 0.049033 0.060516 0.063024 0.020695 0.050974 0.049984 0.050355 0.050011 0.085008 0.116497 0.106601 -9999.0 0.020261 0.125784 0.136838 0.146392 0.090985 0.049879 0.092381 0.150183 0.101179 0.133849 -9999.0 -9999.0 -9999.0 -9999.0 -9999.0 -9999.0 -9999.0
-9999.0 -9999.0 -9999.0 -9999.0 -9999.0 -9999.0 -9999.0 -9999.0 -9999.0 -9999.0 -9999.0 -9999.0 0.200000 0.430000 0.195046 0.198369 0.058822 0.054140 0.430000 0.430000 0.052913 0.021073 0.021079 0.127010 0.125991 0.118038 0.200000 0.072855 0.128168 0.049878 0.133326 0.134542 0.065807 0.119136 0.093673 0.059600 0.041838 0.021023 0.068822 0.049966 0.055964 0.049962 0.021139 0.198532 0.049919 0.124332 0.044493 0.123181 0.022004 0.129367 0.430000 0.174004 0.430000 0.430000 0.156485 0.194486 0.197532 -9999.0 -9999.0 -9999.0 -9999.0 -9999.0 -9999.0
-9999.0 -9999.0 -9999.0 -9999.0 -9999.0 -9999.0 -9999.0 -9999.0 -9999.0 -9999.0 -9999.0 0.430000 0.188514 0.074170 0.128043 0.122556 0.125334 0.062002 0.200000 0.430000 0.052113 0.053875 0.136705 0.021113 0.114682 0.136557 0.430000 0.116109 0.110177 0.049934 0.119975 0.146076 0.150632 0.125453 0.101590 0.083836 0.050310 0.020787 0.167470 0.050993 0.020705 0.029042 0.071206 0.020675 0.135522 0.115451 0.144995 0.049900 0.049888 0.020838 0.020118 0.115823 0.146376 0.020072 0.020079 0.050367 0.046039 -9999.0 -9999.0 -9999.0 -9999.0 -9999.0 -9999.0
-9999.0 -9999.0 -9999.0 -9999.0 -9999.0 -9999.0 -9999.0 -9999.0 -9999.0 -9999.0 0.430000 0.128554 0.199967 0.195822 0.200000 0.200000 0.200000 0.060897 0.382724 0.430000 0.430000 0.430000 0.021620 0.199998 0.115381 0.430000 0.022927 0.020102 0.079194 0.138517 0.141920 0.199933 0.134278 0.121706 0.020216 0.044804 0.058946 0.061577 0.024503 0.057639 0.020815 0.020965 0.050365 0.430000 0.104236 0.049947 0.136875 0.021269 0.127224 0.123180 0.020117 0.020255 0.020068 0.044008 0.020165 0.140141 0.139218 -9999.0 -9999.0 -9999.0 -9999.0 -9999.0 -9999.0
-9999.0 -9999.0 -9999.0 -9999.0 -9999.0 -9999.0 -9999.0 -9999.0 -9999.0 0.124539 0.430000 0.430000 0.129842 0.114099 0.430000 0.135446 0.125139 0.200000 0.045229 0.360257 0.430000 0.043446 0.021302 0.077382 0.430000 0.023879 0.106386 0.139805 0.021066 0.117348 0.123136 0.020145 0.035142 0.020061 0.041969 0.047250 0.130278 0.077045 0.070659 0.084369 0.060898 0.068735 0.022417 0.050222 0.021087 0.020942 0.144529 0.020858 0.021045 0.430000 0.020793 0.042552 0.020149 0.020089 0.030923 0.022929 0.155941 0.049895 0.047490 -9999.0 -9999.0 -9999.0 -9999.0
-9999.0 -9999.0 -9999.0 -9999.0 -9999.0 -9999.0 -9999.0 -9999.0 -9999.0 0.092603 0.126196 0.127396 0.200000 0.104969 0.102393 0.108995 0.200000 0.107771 0.043558 0.429998 0.430000 0.115562 0.430000 0.200000 0.023909 0.102151 0.109753 0.111139 0.101461 0.430000 0.066822 0.023135 0.132674 0.119995 0.139409 0.049993 0.049940 0.049947 0.083842 0.134203 0.430000 0.024649 0.067299 0.088479 0.430000 0.430000 0.064960 0.020774 0.020840 0.116619 0.020128 0.021339 0.020157 0.118402 0.038378 0.430000 0.023469 0.142054 0.049912 -9999.0 -9999.0 -9999.0 -9999.0
-9999.0 -9999.0 -9999.0 -9999.0 -9999.0 -9999.0 -9999.0 -9999.0 -9999.0 -9999.0 0.124225 0.137725 0.141242 0.430000 0.020840 0.101298 0.112459 0.100507 0.044909 0.429720 0.430000 0.021456 0.063590 0.022935 0.102907 0.106906 0.102599 0.108650 0.068104 0.089543 0.025607 0.430000 0.023905 0.120468 0.145701 0.158008 0.178696 0.199109 0.049905 0.120146 0.099208 0.199931 0.200000 0.024190 0.024103 0.070858 0.022500 0.430000 0.020693 0.020964 0.020120 0.020809 0.035919 0.020442 0.180955 0.124338 0.199740 0.200000 0.021435 0.109811 -9999.0 -9999.0 -9999.0
-9999.0 -9999.0 -9999.0 -9999.0 -9999.0 -9999.0 -9999.0 -9999.0 -9999.0 -9999.0 0.129744 0.132041 0.197825 0.136974 0.430000 0.045619 0.049426 0.422534 0.426816 0.277353 0.290842 0.042561 0.047375 0.087330 0.100476 0.095876 0.430000 0.068142 0.078019 0.026004 0.121954 0.199890 0.020123 0.112515 0.119603 0.199874 0.200000 0.129438 0.021611 0.114355 0.133600 0.049886 0.143263 0.120925 0.430000 0.020168 0.140771 0.023850 0.022096 0.020946 0.021447 0.021517 0.134798 0.037904 0.030984 0.044397 0.111695 0.023082 0.065863 0.430000 -9999.0 -9999.0 -9999.0
-9999.0 -9999.0 -9999.0 -9999.0 -9999.0 -9999.0 -9999.0 -9999.0 0.199949 0.132196 0.067675 0.199773 0.175818 0.140721 0.068790 0.430000 0.038891 0.117330 0.420161 0.215864 0.242956 0.039185 0.040832 0.042548 0.071272 0.430000 0.430000 0.081698 0.145737 0.022951 0.026515 0.127818 0.130402 0.120598 0.135702 0.100512 0.133331 0.133339 0.023803 0.049887 0.050250 0.199846 0.020107 0.038625 0.049892 0.200000 0.025339 0.141918 0.023511 0.430000 0.052876 0.020122 0.138338 0.022067 0.040990 0.097951 0.049895 0.200000 0.021040 0.051796 -9999.0 -9999.0 -9999.0
-9999.0 -9999.0 -9999.0 -9999.0 -9999.0 -9999.0 -9999.0 -9999.0 0.073023 0.133016 0.021332 0.118231 0.122502 0.200000 0.069589 0.063578 0.053597 0.049318 0.020304 0.221783 0.430000 0.430000 0.429753 0.119271 0.040011 0.430000 0.430000 0.146970 0.020118 0.131031 0.128475 0.049919 0.142608 0.049862 0.199875 0.199904 0.157313 0.140429 0.021736 0.136051 0.120853 0.051007 0.042122 0.137894 0.200000 0.143811 0.020097 0.127827 0.023952 0.063023 0.052720 0.139511 0.070551 0.143057 0.088567 0.020702 0.021059 0.021109 0.020954 0.430000 0.231705 -9999.0 -9999.0
-9999.0 -9999.0 -9999.0 -9999.0 -9999.0 -9999.0 -9999.0 -9999.0 0.121970 0.200000 0.063642 0.021829 0.199968 0.020198 0.120393 0.021694 0.042536 0.059509 0.036938 0.429952 0.219569 0.413848 0.428787 0.333188 0.429773 0.053031 0.061365 0.072962 0.020241 0.136878 0.049912 0.199982 0.129068 0.020788 0.199946 0.168297 0.022563 0.022436 0.023939 0.021967 0.131758 0.049862 0.199857 0.200000 0.137476 0.197729 0.049880 0.198115 0.135153 0.023717 0.430000 0.051180 0.022301 0.022562 0.021125 0.145134 0.137607 0.129325 0.047006 0.430000 0.430000 -9999.0 -9999.0
-9999.0 -9999.0 -9999.0 -9999.0 -9999.0 -9999.0 -9999.0 -9999.0 0.026845 0.137561 0.430000 0.020118 0.199896 0.430000 0.020120 0.049465 0.020604 0.036835 0.430000 0.250436 0.251553 0.274397 0.413901 0.313650 0.379154 0.056345 0.067208 0.022336 0.200000 0.021113 0.021141 0.021372 0.020675 0.138234 0.020830 0.106432 0.116293 0.062896 0.022984 0.021711 0.125178 0.139588 0.142761 0.049909 0.192861 0.049884 0.082696 0.049890 0.104989 0.021058 0.071700 0.048891 0.048726 0.430000 0.142379 0.148855 0.050302 0.430000 0.430000 0.430000 0.430000 0.430000 -9999.0
-9999.0 -9999.0 -9999.0 -9999.0 -9999.0 -9999.0 -9999.0 -9999.0 0.186428 0.199827 0.430000 0.022298 0.022329 0.057645 0.200000 0.430000 0.430000 0.058055 0.062343 0.050871 0.327523 0.328363 0.270066 0.248103 0.112487 0.045722 0.053625 0.110196 0.102568 0.130307 0.022257 0.131465 0.021072 0.137313 0.021159 0.021116 0.021220 0.060989 0.022410 0.141290 0.021161 0.020743 0.021186 0.020718 0.021224 0.132200 0.021182 0.021217 0.020965 0.020908 0.020874 0.045153 0.047685 0.084887 0.200000 0.430000 0.430000 0.430000 0.430000 0.055284 0.054619 0.430000 -9999.0
-9999.0 -9999.0 0.071882 0.199773 0.199982 0.114380 0.149445 0.133215 0.199755 0.199764 0.142665 0.430000 0.061675 0.148190 0.200000 0.430000 0.023055 0.081077 0.127438 0.062367 0.046597 0.430000 0.430000 0.197033 0.274371 0.040610 0.043713 0.047824 0.047428 0.200000 0.053463 0.058473 0.430000 0.052522 0.121425 0.058523 0.117392 0.055758 0.022278 0.022577 0.021016 0.020967 0.021781 0.050007 0.022064 0.021011 0.114597 0.430000 0.020788 0.072903 0.068305 0.425535 0.430000 0.430000 0.430000 0.430000 0.430000 0.430000 0.062576 0.059681 0.430000 0.430000 -9999.0
-9999.0 0.109108 0.121999 0.122646 0.105331 0.139584 0.154205 0.134007 0.133044 0.129642 0.142674 0.073872 0.430000 0.430000 0.430000 0.023964 0.149230 0.127283 0.430000 0.055606 0.044067 0.048900 0.430000 0.430000 0.344791 0.307107 0.392764 0.425697 0.079462 0.430000 0.057676 0.071252 0.128298 0.430000 0.107674 0.430000 0.106962 0.049074 0.430000 0.430000 0.106535 0.118649 0.045068 0.047357 0.043311 0.041190 0.430000 0.044118 0.068227 0.430000 0.430000 0.430000 0.430000 0.430000 0.430000 0.430000 0.430000 0.430000 0.430000 0.430000 0.430000 0.430000 -9999.0
-9999.0 0.200000 0.135321 0.127489 0.430000 0.140841 0.061515 0.113302 0.194367 0.068225 0.123670 0.062499 0.062683 0.430000 0.023615 0.081181 0.023098 0.113699 0.134684 0.056378 0.430000 0.430000 0.430000 0.430000 0.430000 0.424597 0.156596 0.242570 0.430000 0.042101 0.035557 0.036967 0.430000 0.430000 0.430000 0.430000 0.430000 0.430000 0.430000 0.430000 0.430000 0.430000 0.120069 0.356467 0.170764 0.036496 0.428121 0.430000 0.430000 0.430000 0.430000 0.430000 0.430000 0.430000 0.068739 0.430000 0.072523 0.430000 0.076951 0.430000 0.430000 -9999.0 -9999.0
-9999.0 0.076606 0.145776 0.066800 0.049368 0.430000 0.430000 0.059705 0.121570 0.125631 0.128833 0.059204 0.126644 0.430000 0.078327 0.084157 0.133298 0.146646 0.073561 0.064380 0.061258 0.061040 0.351550 0.430000 0.430000 0.430000 0.430000 0.430000 0.272569 0.430000 0.185577 0.172638 0.430000 0.430000 0.430000 0.430000 0.430000 0.430000 0.430000 0.430000 0.430000 0.430000 0.430000 0.182715 0.170323 0.430000 0.430000 0.430000 0.430000 0.430000 0.062664 0.430000 0.430000 0.430000 0.430000 0.430000 0.430000 0.430000 0.430000 -9999.0 -9999.0 -9999.0 -9999.0
