erum2020/resources/simulation/Vinschgau/output-maps/thetaliqL0006N0764.asc
ncols         63
nrows         48
xllcorner     598000.000000
yllcorner     5145000.000000
cellsize      1000.000000
NODATA_value  -9999.0
[rows 0 to 28 of 48, columns 0 to 62 of 63]
-9999.0 -9999.0 -9999.0 -9999.0 -9999.0 -9999.0 -9999.0 -9999.0 -9999.0 -9999.0 -9999.0 -9999.0 -9999.0 -9999.0 -9999.0 -9999.0 -9999.0 -9999.0 -9999.0 -9999.0 -9999.0 -9999.0 -9999.0 -9999.0 -9999.0 -9999.0 -9999.0 -9999.0 -9999.0 -9999.0 -9999.0 -9999.0 -9999.0 -9999.0 -9999.0 -9999.0 -9999.0 -9999.0 -9999.0 -9999.0 -9999.0 -9999.0 -9999.0 -9999.0 -9999.0 -9999.0 -9999.0 -9999.0 -9999.0 -9999.0 -9999.0 -9999.0 -9999.0 -9999.0 -9999.0 -9999.0 -9999.0 -9999.0 -9999.0 -9999.0 -9999.0 -9999.0 -9999.0
-9999.0 -9999.0 -9999.0 -9999.0 -9999.0 -9999.0 -9999.0 -9999.0 -9999.0 -9999.0 -9999.0 -9999.0 -9999.0 -9999.0 -9999.0 -9999.0 -9999.0 -9999.0 -9999.0 -9999.0 -9999.0 -9999.0 -9999.0 -9999.0 -9999.0 -9999.0 -9999.0 0.020051 0.020139 0.020048 0.020043 0.020052 0.020045 -9999.0 -9999.0 -9999.0 -9999.0 -9999.0 -9999.0 -9999.0 -9999.0 -9999.0 -9999.0 -9999.0 -9999.0 -9999.0 -9999.0 -9999.0 -9999.0 -9999.0 -9999.0 -9999.0 -9999.0 -9999.0 -9999.0 -9999.0 -9999.0 -9999.0 -9999.0 -9999.0 -9999.0 -9999.0 -9999.0
-9999.0 -9999.0 -9999.0 -9999.0 -9999.0 -9999.0 -9999.0 -9999.0 -9999.0 -9999.0 -9999.0 -9999.0 -9999.0 -9999.0 -9999.0 -9999.0 -9999.0 -9999.0 -9999.0 -9999.0 -9999.0 -9999.0 -9999.0 -9999.0 0.361671 0.421052 0.421835 0.413585 0.149105 0.020107 0.020106 -9999.0 -9999.0 -9999.0 -9999.0 -9999.0 -9999.0 -9999.0 -9999.0 -9999.0 -9999.0 -9999.0 -9999.0 -9999.0 -9999.0 -9999.0 -9999.0 -9999.0 -9999.0 -9999.0 -9999.0 -9999.0 -9999.0 -9999.0 -9999.0 -9999.0 -9999.0 -9999.0 -9999.0 -9999.0 -9999.0 -9999.0 -9999.0
-9999.0 -9999.0 -9999.0 -9999.0 -9999.0 -9999.0 -9999.0 -9999.0 -9999.0 -9999.0 -9999.0 -9999.0 -9999.0 -9999.0 -9999.0 -9999.0 -9999.0 -9999.0 -9999.0 -9999.0 -9999.0 -9999.0 -9999.0 0.420919 0.426815 0.322570 0.378413 0.048925 0.087618 0.189036 0.020107 0.020058 -9999.0 -9999.0 -9999.0 -9999.0 -9999.0 -9999.0 -9999.0 -9999.0 -9999.0 -9999.0 -9999.0 -9999.0 -9999.0 -9999.0 -9999.0 -9999.0 -9999.0 -9999.0 -9999.0 -9999.0 -9999.0 -9999.0 -9999.0 -9999.0 -9999.0 -9999.0 -9999.0 -9999.0 -9999.0 -9999.0 -9999.0
-9999.0 -9999.0 -9999.0 -9999.0 -9999.0 -9999.0 -9999.0 -9999.0 -9999.0 -9999.0 -9999.0 -9999.0 -9999.0 -9999.0 -9999.0 -9999.0 -9999.0 -9999.0 0.430000 0.423068 -9999.0 0.420295 0.423199 0.056271 0.395394 0.042938 0.413673 0.430000 0.430000 0.399144 0.146788 0.020115 0.020042 0.020031 -9999.0 -9999.0 -9999.0 -9999.0 -9999.0 -9999.0 -9999.0 -9999.0 -9999.0 -9999.0 -9999.0 -9999.0 -9999.0 -9999.0 -9999.0 -9999.0 -9999.0 -9999.0 -9999.0 -9999.0 -9999.0 -9999.0 -9999.0 -9999.0 -9999.0 -9999.0 -9999.0 -9999.0 -9999.0
-9999.0 -9999.0 -9999.0 -9999.0 -9999.0 -9999.0 -9999.0 -9999.0 -9999.0 -9999.0 -9999.0 -9999.0 -9999.0 -9999.0 -9999.0 -9999.0 -9999.0 0.224105 0.351795 0.020060 0.020169 0.428656 0.398797 0.081957 0.392454 0.417207 0.419732 0.408622 0.420513 0.430000 0.421556 0.020103 0.020053 0.020043 0.020034 0.020023 -9999.0 -9999.0 -9999.0 -9999.0 -9999.0 -9999.0 -9999.0 -9999.0 -9999.0 -9999.0 -9999.0 -9999.0 -9999.0 -9999.0 -9999.0 -9999.0 -9999.0 -9999.0 -9999.0 -9999.0 -9999.0 -9999.0 -9999.0 -9999.0 -9999.0 -9999.0 -9999.0
-9999.0 -9999.0 -9999.0 -9999.0 -9999.0 -9999.0 -9999.0 -9999.0 -9999.0 -9999.0 -9999.0 -9999.0 -9999.0 0.197079 0.421362 0.312965 0.193952 0.042336 0.228979 0.051663 0.389982 0.369320 0.063081 0.407827 0.425236 0.421543 0.020115 0.020069 0.092436 0.424080 0.430000 0.181755 0.020068 0.020045 0.020039 0.020025 -9999.0 -9999.0 -9999.0 -9999.0 -9999.0 -9999.0 -9999.0 -9999.0 -9999.0 -9999.0 -9999.0 -9999.0 -9999.0 -9999.0 -9999.0 -9999.0 -9999.0 -9999.0 -9999.0 -9999.0 -9999.0 -9999.0 -9999.0 -9999.0 -9999.0 -9999.0 -9999.0
-9999.0 -9999.0 -9999.0 -9999.0 -9999.0 -9999.0 -9999.0 -9999.0 -9999.0 -9999.0 -9999.0 -9999.0 -9999.0 0.430000 0.404654 0.298988 0.214912 0.427018 0.042298 0.303368 0.048742 0.106702 0.408972 0.427625 0.423772 0.088734 0.025893 0.020046 0.020046 0.020155 0.040136 0.020065 0.020039 0.020020 0.020025 -9999.0 -9999.0 -9999.0 -9999.0 -9999.0 -9999.0 -9999.0 -9999.0 -9999.0 -9999.0 -9999.0 -9999.0 -9999.0 -9999.0 -9999.0 -9999.0 -9999.0 -9999.0 -9999.0 -9999.0 -9999.0 -9999.0 -9999.0 -9999.0 -9999.0 -9999.0 -9999.0 -9999.0
-9999.0 -9999.0 -9999.0 -9999.0 -9999.0 -9999.0 -9999.0 -9999.0 -9999.0 -9999.0 -9999.0 -9999.0 -9999.0 0.377481 0.430000 0.338644 0.277742 0.227693 0.042288 0.218545 0.429999 0.020105 0.416406 0.423144 0.429795 0.405752 0.020074 0.020043 0.020096 0.020022 0.020041 0.020021 0.020020 0.020032 0.020020 -9999.0 -9999.0 -9999.0 -9999.0 -9999.0 -9999.0 -9999.0 -9999.0 -9999.0 -9999.0 -9999.0 -9999.0 -9999.0 -9999.0 -9999.0 -9999.0 -9999.0 -9999.0 -9999.0 -9999.0 -9999.0 -9999.0 -9999.0 -9999.0 -9999.0 -9999.0 -9999.0 -9999.0
-9999.0 -9999.0 -9999.0 -9999.0 -9999.0 -9999.0 -9999.0 -9999.0 -9999.0 -9999.0 -9999.0 -9999.0 0.071451 0.430000 0.419941 0.430000 0.415680 0.321412 0.399932 0.020068 0.383669 0.414361 0.024202 0.423494 0.430000 0.020130 0.058860 0.020103 0.020094 0.020031 0.020030 0.020040 0.020038 0.020023 -9999.0 -9999.0 -9999.0 -9999.0 -9999.0 -9999.0 -9999.0 -9999.0 -9999.0 -9999.0 -9999.0 -9999.0 -9999.0 -9999.0 -9999.0 -9999.0 -9999.0 -9999.0 -9999.0 -9999.0 -9999.0 -9999.0 -9999.0 -9999.0 -9999.0 -9999.0 -9999.0 -9999.0 -9999.0
-9999.0 -9999.0 -9999.0 -9999.0 -9999.0 -9999.0 -9999.0 -9999.0 -9999.0 -9999.0 -9999.0 0.424236 0.430000 0.430000 0.428724 0.430000 0.020119 0.357877 0.430000 0.020426 0.084240 0.430000 0.189730 0.020359 0.020152 0.020096 0.020038 0.020127 0.040057 0.020027 0.020039 0.020096 0.020039 0.020032 0.020034 0.020041 0.020054 0.020071 0.020071 -9999.0 -9999.0 -9999.0 0.020032 -9999.0 -9999.0 -9999.0 -9999.0 -9999.0 -9999.0 -9999.0 -9999.0 -9999.0 -9999.0 -9999.0 -9999.0 -9999.0 -9999.0 -9999.0 -9999.0 -9999.0 -9999.0 -9999.0 -9999.0
-9999.0 -9999.0 -9999.0 -9999.0 -9999.0 -9999.0 -9999.0 -9999.0 -9999.0 -9999.0 -9999.0 0.407003 0.430000 0.103138 0.427458 0.189562 0.397527 0.313741 0.415030 0.430000 0.430000 0.199906 0.389127 0.219242 0.040065 0.020128 0.020117 0.020099 0.020051 0.020031 0.020050 0.020114 0.020095 0.020046 0.020040 0.020047 0.149452 0.051544 0.020121 0.020036 0.020036 0.020034 0.020045 0.020042 -9999.0 -9999.0 -9999.0 0.040027 0.020039 0.020036 0.020046 0.020031 0.020028 0.040029 0.040032 0.020024 -9999.0 -9999.0 -9999.0 -9999.0 -9999.0 -9999.0 -9999.0
-9999.0 -9999.0 -9999.0 -9999.0 -9999.0 -9999.0 -9999.0 -9999.0 -9999.0 -9999.0 -9999.0 0.311995 0.420042 0.111756 0.430000 0.199896 0.430000 0.427088 0.430000 0.414507 0.429645 0.094823 0.413104 0.277571 0.020128 0.020053 0.297180 0.020124 0.020049 0.020042 0.020046 0.020055 0.020100 0.020048 0.020042 0.020060 0.070403 0.020087 0.076890 0.020047 0.020124 0.020051 0.020063 0.020129 0.020048 -9999.0 0.020024 0.020047 0.020064 0.020095 0.020058 0.020052 0.020072 0.020115 0.020040 0.020050 -9999.0 -9999.0 -9999.0 -9999.0 -9999.0 -9999.0 -9999.0
-9999.0 -9999.0 -9999.0 -9999.0 -9999.0 -9999.0 -9999.0 -9999.0 -9999.0 -9999.0 -9999.0 -9999.0 0.358863 0.365511 0.430000 0.430000 0.428573 0.388096 0.430000 0.429383 0.422993 0.092881 0.063689 0.177262 0.206711 0.375700 0.429875 0.020084 0.020061 0.020043 0.020119 0.040068 0.020132 0.020058 0.020051 0.020074 0.100263 0.062998 0.082315 0.020152 0.124243 0.020083 0.020068 0.382221 0.020045 0.020047 0.020036 0.020049 0.020046 0.070007 0.426681 0.040072 0.102208 0.040054 0.040049 0.040035 0.040053 -9999.0 -9999.0 -9999.0 -9999.0 -9999.0 -9999.0
-9999.0 -9999.0 -9999.0 -9999.0 -9999.0 -9999.0 -9999.0 -9999.0 -9999.0 -9999.0 -9999.0 0.272802 0.311509 0.180601 0.411895 0.410858 0.430000 0.430000 0.430000 0.390511 0.424846 0.412112 0.413846 0.086545 0.413465 0.296033 0.227750 0.020078 0.020101 0.020057 0.215629 0.191607 0.031338 0.020061 0.020041 0.020045 0.020070 0.020311 0.123208 0.079428 0.020260 0.133790 0.401830 0.020088 0.194106 0.020107 0.020077 0.020059 0.020074 0.031457 0.020061 0.020063 0.040017 0.020029 0.020026 0.020040 0.020034 -9999.0 -9999.0 -9999.0 -9999.0 -9999.0 -9999.0
-9999.0 -9999.0 -9999.0 -9999.0 -9999.0 -9999.0 -9999.0 -9999.0 -9999.0 -9999.0 0.430000 0.239962 0.421836 0.422646 0.430000 0.429815 0.427658 0.411128 0.297005 0.401271 0.430000 0.430000 0.109523 0.429714 0.428047 0.397401 0.020098 0.020048 0.020173 0.190324 0.329787 0.233290 0.020204 0.020059 0.020025 0.020046 0.040940 0.040075 0.091519 0.429986 0.098237 0.020136 0.042465 0.430000 0.419662 0.020059 0.020144 0.020070 0.338065 0.425874 0.020047 0.020031 0.020023 0.020029 0.020020 0.020042 0.020043 -9999.0 -9999.0 -9999.0 -9999.0 -9999.0 -9999.0
-9999.0 -9999.0 -9999.0 -9999.0 -9999.0 -9999.0 -9999.0 -9999.0 -9999.0 0.020136 0.207657 0.227373 0.368406 0.413287 0.350324 0.318141 0.425462 0.430000 0.362553 0.291492 0.430000 0.359862 0.104299 0.417806 0.429998 0.020194 0.248233 0.190100 0.085081 0.417589 0.429472 0.020082 0.020048 0.020020 0.020035 0.020046 0.020108 0.040063 0.096209 0.242873 0.261793 0.421028 0.116229 0.422444 0.121855 0.091542 0.199284 0.083837 0.089129 0.430000 0.020053 0.020032 0.020025 0.020021 0.020028 0.020040 0.040050 0.020043 0.020035 -9999.0 -9999.0 -9999.0 -9999.0
-9999.0 -9999.0 -9999.0 -9999.0 -9999.0 -9999.0 -9999.0 -9999.0 -9999.0 0.020046 0.020049 0.020220 0.430000 0.428514 0.424994 0.412209 0.429992 0.430000 0.352553 0.388457 0.415146 0.361302 0.429280 0.430000 0.099734 0.412974 0.419233 0.429019 0.430000 0.430000 0.180676 0.020062 0.020053 0.020050 0.020045 0.020045 0.020050 0.020067 0.020127 0.020130 0.126651 0.052586 0.418835 0.430000 0.427798 0.421539 0.429876 0.086073 0.088286 0.429802 0.020050 0.020039 0.020022 0.020032 0.020030 0.040032 0.020048 0.040061 0.020053 -9999.0 -9999.0 -9999.0 -9999.0
-9999.0 -9999.0 -9999.0 -9999.0 -9999.0 -9999.0 -9999.0 -9999.0 -9999.0 -9999.0 0.020117 0.020119 0.286235 0.430000 0.092807 0.425273 0.428905 0.427585 0.355609 0.379365 0.430000 0.103363 0.425433 0.126025 0.412866 0.426550 0.429781 0.430000 0.182739 0.106355 0.020077 0.058346 0.020055 0.020054 0.020101 0.020353 0.421740 0.423104 0.020050 0.020068 0.020078 0.423489 0.430000 0.125514 0.134278 0.424354 0.139169 0.430000 0.091102 0.094258 0.020072 0.020047 0.020029 0.020023 0.040012 0.020044 0.040056 0.200000 0.099308 0.428742 -9999.0 -9999.0 -9999.0
-9999.0 -9999.0 -9999.0 -9999.0 -9999.0 -9999.0 -9999.0 -9999.0 -9999.0 -9999.0 0.020060 0.020148 0.392903 0.356502 0.430000 0.389859 0.401475 0.347219 0.344539 0.238846 0.236605 0.355436 0.411758 0.423204 0.425561 0.430000 0.430000 0.407509 0.040259 0.020059 0.020095 0.081054 0.020042 0.020047 0.020125 0.227979 0.332833 0.294514 0.020090 0.020067 0.020127 0.020076 0.049110 0.067206 0.416490 0.021614 0.426185 0.133440 0.138185 0.107231 0.108144 0.020059 0.040022 0.020029 0.020022 0.020026 0.020046 0.113080 0.430000 0.430000 -9999.0 -9999.0 -9999.0
-9999.0 -9999.0 -9999.0 -9999.0 -9999.0 -9999.0 -9999.0 -9999.0 0.244114 0.020115 0.020053 0.040063 0.056228 0.100613 0.094760 0.430000 0.321132 0.359150 0.342181 0.199344 0.208470 0.308740 0.333843 0.368297 0.425487 0.430000 0.430000 0.188448 0.040067 0.020041 0.020025 0.020047 0.020125 0.020056 0.020059 0.020134 0.194528 0.416677 0.020061 0.020045 0.020059 0.114965 0.020060 0.020048 0.020079 0.427161 0.020067 0.419571 0.129810 0.430000 0.419757 0.020065 0.040046 0.020029 0.020029 0.020053 0.020046 0.429492 0.106248 0.430000 -9999.0 -9999.0 -9999.0
-9999.0 -9999.0 -9999.0 -9999.0 -9999.0 -9999.0 -9999.0 -9999.0 0.020063 0.040071 0.020068 0.020065 0.020135 0.214053 0.405970 0.428538 0.398759 0.371648 0.056878 0.205017 0.414449 0.385041 0.377620 0.381000 0.327683 0.429448 0.430000 0.301362 0.020058 0.020104 0.020054 0.020049 0.020088 0.020051 0.040058 0.291271 0.199847 0.425227 0.095802 0.020295 0.020120 0.020040 0.020053 0.027438 0.388576 0.108560 0.020055 0.020157 0.120247 0.430000 0.430000 0.393907 0.040017 0.020069 0.020135 0.020072 0.090522 0.092651 0.107128 0.430000 0.213291 -9999.0 -9999.0
-9999.0 -9999.0 -9999.0 -9999.0 -9999.0 -9999.0 -9999.0 -9999.0 0.020126 0.020136 0.020185 0.020056 0.054963 0.020065 0.414480 0.109642 0.379395 0.387823 0.244805 0.384721 0.204520 0.327151 0.365833 0.249904 0.382368 0.411723 0.430000 0.293140 0.020052 0.020125 0.020056 0.233073 0.040134 0.020104 0.194018 0.198717 0.113112 0.140222 0.114095 0.020138 0.020160 0.020058 0.141503 0.161020 0.078658 0.117080 0.020045 0.155266 0.248832 0.133751 0.430000 0.420929 0.020062 0.020046 0.089848 0.423391 0.430000 0.430000 0.430000 0.430000 0.430000 -9999.0 -9999.0
-9999.0 -9999.0 -9999.0 -9999.0 -9999.0 -9999.0 -9999.0 -9999.0 0.020037 0.020173 0.165484 0.020053 0.040056 0.040062 0.020327 0.430000 0.075460 0.269065 0.407542 0.215539 0.222600 0.230307 0.328826 0.237113 0.293966 0.414730 0.423371 0.020091 0.423146 0.020073 0.085622 0.020079 0.020122 0.422291 0.020442 0.195807 0.198911 0.413879 0.141927 0.097804 0.189436 0.189976 0.094389 0.020078 0.288239 0.020058 0.020180 0.020070 0.055651 0.088640 0.426341 0.430000 0.426221 0.428180 0.430000 0.430000 0.430000 0.430000 0.430000 0.430000 0.430000 0.428907 -9999.0
-9999.0 -9999.0 -9999.0 -9999.0 -9999.0 -9999.0 -9999.0 -9999.0 0.040040 0.061149 0.215293 0.020107 0.020074 0.169517 0.430000 0.430000 0.430000 0.404603 0.410147 0.376502 0.252619 0.265697 0.229730 0.219633 0.397925 0.383455 0.400013 0.426134 0.429961 0.425644 0.121270 0.416689 0.110860 0.430000 0.106977 0.109689 0.108013 0.408188 0.141417 0.430000 0.109105 0.031817 0.103966 0.028824 0.091591 0.195779 0.092585 0.092848 0.090310 0.095489 0.102604 0.392556 0.429160 0.426509 0.430000 0.430000 0.430000 0.430000 0.430000 0.430000 0.430000 0.430000 -9999.0
-9999.0 -9999.0 0.020133 0.285677 0.040064 0.384892 0.040071 0.040049 0.040060 0.040084 0.097170 0.328736 0.215807 0.430000 0.430000 0.430000 0.127296 0.373931 0.415193 0.426903 0.366757 0.372145 0.430000 0.182120 0.241310 0.351323 0.380483 0.402605 0.430000 0.430000 0.423142 0.430000 0.430000 0.430000 0.430000 0.407471 0.423104 0.393008 0.134801 0.133734 0.102592 0.105451 0.134048 0.430000 0.127897 0.102781 0.430000 0.430000 0.101715 0.425392 0.409257 0.365255 0.430000 0.430000 0.430000 0.430000 0.430000 0.430000 0.430000 0.430000 0.430000 0.430000 -9999.0
-9999.0 0.412459 0.208925 0.298665 0.343254 0.050119 0.040071 0.040088 0.040032 0.020057 0.040157 0.176499 0.430000 0.430000 0.430000 0.081101 0.325488 0.287275 0.413476 0.422053 0.362902 0.430000 0.430000 0.430000 0.259313 0.235712 0.311852 0.366015 0.429799 0.430000 0.364828 0.420128 0.430000 0.430000 0.426371 0.397321 0.401324 0.348190 0.428698 0.406695 0.406289 0.430000 0.430000 0.414367 0.386798 0.359800 0.430000 0.412471 0.410066 0.430000 0.429773 0.430000 0.430000 0.430000 0.430000 0.430000 0.430000 0.430000 0.430000 0.430000 0.429530 0.430000 -9999.0
-9999.0 0.422445 0.339172 0.389554 0.430000 0.276769 0.040209 0.040674 0.040099 0.020050 0.164285 0.287311 0.428243 0.430000 0.122344 0.040103 0.020069 0.265011 0.215380 0.370010 0.430000 0.430000 0.430000 0.430000 0.430000 0.359057 0.167680 0.182319 0.390839 0.360325 0.232486 0.272594 0.430000 0.430000 0.430000 0.430000 0.430000 0.409625 0.421479 0.371402 0.413447 0.430000 0.430000 0.267106 0.174703 0.259388 0.365082 0.424932 0.427401 0.430000 0.430000 0.430000 0.430000 0.430000 0.430000 0.409275 0.385007 0.408017 0.411009 0.408031 0.409179 -9999.0 -9999.0
-9999.0 0.074159 0.365553 0.328193 0.430000 0.430000 0.430000 0.178858 0.302262 0.176538 0.325007 0.406345 0.430000 0.430000 0.040206 0.040022 0.040077 0.040064 0.040069 0.239290 0.421042 0.423897 0.306864 0.430000 0.430000 0.430000 0.430000 0.430000 0.241681 0.389095 0.182209 0.167511 0.430000 0.430000 0.429943 0.389722 0.412595 0.392464 0.385774 0.371771 0.372615 0.417832 0.419703 0.174587 0.166462 0.429379 0.420191 0.430000 0.430000 0.430000 0.430000 0.430000 0.407196 0.429075 0.378006 0.160118 0.168420 0.171075 0.343474 -9999.0 -9999.0 -9999.0 -9999.0
