erum2020/resources/simulation/Vinschgau/output-maps/thetaliqL0006N0488.asc
ncols         63
nrows         48
xllcorner     598000.000000
yllcorner     5145000.000000
cellsize      1000.000000
NODATA_value  -9999.0
[rows 0 to 28 of 48, columns 0 to 62 of 63]
-9999.0 -9999.0 -9999.0 -9999.0 -9999.0 -9999.0 -9999.0 -9999.0 -9999.0 -9999.0 -9999.0 -9999.0 -9999.0 -9999.0 -9999.0 -9999.0 -9999.0 -9999.0 -9999.0 -9999.0 -9999.0 -9999.0 -9999.0 -9999.0 -9999.0 -9999.0 -9999.0 -9999.0 -9999.0 -9999.0 -9999.0 -9999.0 -9999.0 -9999.0 -9999.0 -9999.0 -9999.0 -9999.0 -9999.0 -9999.0 -9999.0 -9999.0 -9999.0 -9999.0 -9999.0 -9999.0 -9999.0 -9999.0 -9999.0 -9999.0 -9999.0 -9999.0 -9999.0 -9999.0 -9999.0 -9999.0 -9999.0 -9999.0 -9999.0 -9999.0 -9999.0 -9999.0 -9999.0
-9999.0 -9999.0 -9999.0 -9999.0 -9999.0 -9999.0 -9999.0 -9999.0 -9999.0 -9999.0 -9999.0 -9999.0 -9999.0 -9999.0 -9999.0 -9999.0 -9999.0 -9999.0 -9999.0 -9999.0 -9999.0 -9999.0 -9999.0 -9999.0 -9999.0 -9999.0 -9999.0 0.042368 0.154962 0.042323 0.160907 0.058456 0.141742 -9999.0 -9999.0 -9999.0 -9999.0 -9999.0 -9999.0 -9999.0 -9999.0 -9999.0 -9999.0 -9999.0 -9999.0 -9999.0 -9999.0 -9999.0 -9999.0 -9999.0 -9999.0 -9999.0 -9999.0 -9999.0 -9999.0 -9999.0 -9999.0 -9999.0 -9999.0 -9999.0 -9999.0 -9999.0 -9999.0
-9999.0 -9999.0 -9999.0 -9999.0 -9999.0 -9999.0 -9999.0 -9999.0 -9999.0 -9999.0 -9999.0 -9999.0 -9999.0 -9999.0 -9999.0 -9999.0 -9999.0 -9999.0 -9999.0 -9999.0 -9999.0 -9999.0 -9999.0 -9999.0 0.430000 0.430000 0.430000 0.430000 0.430000 0.196249 0.136731 -9999.0 -9999.0 -9999.0 -9999.0 -9999.0 -9999.0 -9999.0 -9999.0 -9999.0 -9999.0 -9999.0 -9999.0 -9999.0 -9999.0 -9999.0 -9999.0 -9999.0 -9999.0 -9999.0 -9999.0 -9999.0 -9999.0 -9999.0 -9999.0 -9999.0 -9999.0 -9999.0 -9999.0 -9999.0 -9999.0 -9999.0 -9999.0
-9999.0 -9999.0 -9999.0 -9999.0 -9999.0 -9999.0 -9999.0 -9999.0 -9999.0 -9999.0 -9999.0 -9999.0 -9999.0 -9999.0 -9999.0 -9999.0 -9999.0 -9999.0 -9999.0 -9999.0 -9999.0 -9999.0 -9999.0 0.430000 0.430000 0.189181 0.149274 0.030758 0.041692 0.150611 0.161133 0.134862 -9999.0 -9999.0 -9999.0 -9999.0 -9999.0 -9999.0 -9999.0 -9999.0 -9999.0 -9999.0 -9999.0 -9999.0 -9999.0 -9999.0 -9999.0 -9999.0 -9999.0 -9999.0 -9999.0 -9999.0 -9999.0 -9999.0 -9999.0 -9999.0 -9999.0 -9999.0 -9999.0 -9999.0 -9999.0 -9999.0 -9999.0
-9999.0 -9999.0 -9999.0 -9999.0 -9999.0 -9999.0 -9999.0 -9999.0 -9999.0 -9999.0 -9999.0 -9999.0 -9999.0 -9999.0 -9999.0 -9999.0 -9999.0 -9999.0 0.430000 0.430000 -9999.0 0.430000 0.430000 0.032825 0.189048 0.021411 0.367113 0.430000 0.430000 0.256044 0.171517 0.170294 0.042330 0.042353 -9999.0 -9999.0 -9999.0 -9999.0 -9999.0 -9999.0 -9999.0 -9999.0 -9999.0 -9999.0 -9999.0 -9999.0 -9999.0 -9999.0 -9999.0 -9999.0 -9999.0 -9999.0 -9999.0 -9999.0 -9999.0 -9999.0 -9999.0 -9999.0 -9999.0 -9999.0 -9999.0 -9999.0 -9999.0
-9999.0 -9999.0 -9999.0 -9999.0 -9999.0 -9999.0 -9999.0 -9999.0 -9999.0 -9999.0 -9999.0 -9999.0 -9999.0 -9999.0 -9999.0 -9999.0 -9999.0 0.198155 0.322293 0.020014 0.042312 0.340838 0.285992 0.027569 0.349605 0.369416 0.418281 0.430000 0.430000 0.430000 0.430000 0.190482 0.042301 0.042309 0.042350 0.042379 -9999.0 -9999.0 -9999.0 -9999.0 -9999.0 -9999.0 -9999.0 -9999.0 -9999.0 -9999.0 -9999.0 -9999.0 -9999.0 -9999.0 -9999.0 -9999.0 -9999.0 -9999.0 -9999.0 -9999.0 -9999.0 -9999.0 -9999.0 -9999.0 -9999.0 -9999.0 -9999.0
-9999.0 -9999.0 -9999.0 -9999.0 -9999.0 -9999.0 -9999.0 -9999.0 -9999.0 -9999.0 -9999.0 -9999.0 -9999.0 0.155062 0.430000 0.306508 0.261513 0.042363 0.208657 0.032567 0.274476 0.184699 0.024070 0.381865 0.379052 0.430000 0.020117 0.052420 0.050095 0.430000 0.430000 0.430000 0.174078 0.147754 0.042363 0.042378 -9999.0 -9999.0 -9999.0 -9999.0 -9999.0 -9999.0 -9999.0 -9999.0 -9999.0 -9999.0 -9999.0 -9999.0 -9999.0 -9999.0 -9999.0 -9999.0 -9999.0 -9999.0 -9999.0 -9999.0 -9999.0 -9999.0 -9999.0 -9999.0 -9999.0 -9999.0 -9999.0
-9999.0 -9999.0 -9999.0 -9999.0 -9999.0 -9999.0 -9999.0 -9999.0 -9999.0 -9999.0 -9999.0 -9999.0 -9999.0 0.430000 0.430000 0.264912 0.258124 0.430000 0.042352 0.144194 0.037928 0.069218 0.430000 0.382714 0.388108 0.044577 0.129140 0.042358 0.042358 0.055749 0.430000 0.133180 0.042358 0.042362 0.042362 -9999.0 -9999.0 -9999.0 -9999.0 -9999.0 -9999.0 -9999.0 -9999.0 -9999.0 -9999.0 -9999.0 -9999.0 -9999.0 -9999.0 -9999.0 -9999.0 -9999.0 -9999.0 -9999.0 -9999.0 -9999.0 -9999.0 -9999.0 -9999.0 -9999.0 -9999.0 -9999.0 -9999.0
-9999.0 -9999.0 -9999.0 -9999.0 -9999.0 -9999.0 -9999.0 -9999.0 -9999.0 -9999.0 -9999.0 -9999.0 -9999.0 0.361077 0.430000 0.288415 0.293737 0.267102 0.042350 0.276419 0.430000 0.020101 0.430000 0.365225 0.428003 0.430000 0.042330 0.042361 0.169578 0.042360 0.140042 0.020227 0.020161 0.022739 0.042364 -9999.0 -9999.0 -9999.0 -9999.0 -9999.0 -9999.0 -9999.0 -9999.0 -9999.0 -9999.0 -9999.0 -9999.0 -9999.0 -9999.0 -9999.0 -9999.0 -9999.0 -9999.0 -9999.0 -9999.0 -9999.0 -9999.0 -9999.0 -9999.0 -9999.0 -9999.0 -9999.0 -9999.0
-9999.0 -9999.0 -9999.0 -9999.0 -9999.0 -9999.0 -9999.0 -9999.0 -9999.0 -9999.0 -9999.0 -9999.0 0.035100 0.430000 0.430000 0.430000 0.399499 0.337320 0.429918 0.020083 0.301538 0.382219 0.020787 0.430000 0.430000 0.141706 0.430000 0.156433 0.194526 0.042359 0.049682 0.042350 0.180635 0.042357 -9999.0 -9999.0 -9999.0 -9999.0 -9999.0 -9999.0 -9999.0 -9999.0 -9999.0 -9999.0 -9999.0 -9999.0 -9999.0 -9999.0 -9999.0 -9999.0 -9999.0 -9999.0 -9999.0 -9999.0 -9999.0 -9999.0 -9999.0 -9999.0 -9999.0 -9999.0 -9999.0 -9999.0 -9999.0
-9999.0 -9999.0 -9999.0 -9999.0 -9999.0 -9999.0 -9999.0 -9999.0 -9999.0 -9999.0 -9999.0 0.430000 0.430000 0.430000 0.430000 0.430000 0.020113 0.400460 0.430000 0.020086 0.061604 0.430000 0.182368 0.152748 0.054967 0.171927 0.119952 0.181219 0.430000 0.042362 0.042350 0.193436 0.042363 0.042346 0.042353 0.042303 0.085226 0.078267 0.045443 -9999.0 -9999.0 -9999.0 0.042341 -9999.0 -9999.0 -9999.0 -9999.0 -9999.0 -9999.0 -9999.0 -9999.0 -9999.0 -9999.0 -9999.0 -9999.0 -9999.0 -9999.0 -9999.0 -9999.0 -9999.0 -9999.0 -9999.0 -9999.0
-9999.0 -9999.0 -9999.0 -9999.0 -9999.0 -9999.0 -9999.0 -9999.0 -9999.0 -9999.0 -9999.0 0.430000 0.430000 0.046126 0.430000 0.126306 0.430000 0.287812 0.430000 0.430000 0.430000 0.185344 0.430000 0.430000 0.430000 0.156801 0.175380 0.190771 0.042363 0.042356 0.187097 0.200000 0.163830 0.162880 0.099512 0.147523 0.127873 0.093056 0.091175 0.042295 0.042298 0.042368 0.179920 0.042358 -9999.0 -9999.0 -9999.0 0.429514 0.143171 0.042369 0.163262 0.042373 0.042372 0.430000 0.430000 0.042359 -9999.0 -9999.0 -9999.0 -9999.0 -9999.0 -9999.0 -9999.0
-9999.0 -9999.0 -9999.0 -9999.0 -9999.0 -9999.0 -9999.0 -9999.0 -9999.0 -9999.0 -9999.0 0.430000 0.430000 0.077641 0.430000 0.172381 0.430000 0.430000 0.430000 0.430000 0.429994 0.066345 0.430000 0.430000 0.152617 0.042320 0.430000 0.200000 0.042351 0.151137 0.042363 0.075880 0.179616 0.152656 0.042349 0.139784 0.135135 0.020164 0.084480 0.042293 0.081433 0.057653 0.166236 0.166600 0.134639 -9999.0 0.042356 0.163516 0.181064 0.192326 0.121800 0.042345 0.131049 0.197204 0.146029 0.173601 -9999.0 -9999.0 -9999.0 -9999.0 -9999.0 -9999.0 -9999.0
-9999.0 -9999.0 -9999.0 -9999.0 -9999.0 -9999.0 -9999.0 -9999.0 -9999.0 -9999.0 -9999.0 -9999.0 0.430000 0.430000 0.430000 0.430000 0.430000 0.430000 0.430000 0.430000 0.430000 0.064886 0.069098 0.430000 0.430000 0.430000 0.430000 0.076664 0.161186 0.042360 0.181778 0.430000 0.077013 0.167505 0.151129 0.139911 0.118399 0.083013 0.097123 0.049332 0.150880 0.042330 0.038879 0.430000 0.042322 0.166477 0.042359 0.158482 0.071365 0.430000 0.430000 0.430000 0.430000 0.430000 0.430000 0.430000 0.430000 -9999.0 -9999.0 -9999.0 -9999.0 -9999.0 -9999.0
-9999.0 -9999.0 -9999.0 -9999.0 -9999.0 -9999.0 -9999.0 -9999.0 -9999.0 -9999.0 -9999.0 0.430000 0.430000 0.074499 0.430000 0.430000 0.430000 0.430000 0.430000 0.415546 0.430000 0.430000 0.430000 0.074360 0.430000 0.430000 0.430000 0.147159 0.137990 0.042315 0.430000 0.430000 0.196595 0.178964 0.141964 0.181331 0.072150 0.020237 0.142873 0.087265 0.020367 0.092860 0.399136 0.020076 0.186503 0.153547 0.188733 0.042316 0.042317 0.021003 0.020118 0.135467 0.430000 0.020140 0.020580 0.021778 0.042369 -9999.0 -9999.0 -9999.0 -9999.0 -9999.0 -9999.0
-9999.0 -9999.0 -9999.0 -9999.0 -9999.0 -9999.0 -9999.0 -9999.0 -9999.0 -9999.0 0.430000 0.430000 0.430000 0.430000 0.430000 0.430000 0.430000 0.429993 0.326398 0.296023 0.430000 0.430000 0.081581 0.430000 0.430000 0.430000 0.082956 0.020118 0.098741 0.186393 0.430000 0.430000 0.181715 0.165286 0.042361 0.042326 0.134350 0.153748 0.207444 0.184793 0.027067 0.020119 0.042385 0.359664 0.430000 0.042313 0.182089 0.060076 0.430000 0.430000 0.020118 0.042354 0.021021 0.021255 0.042350 0.181078 0.181655 -9999.0 -9999.0 -9999.0 -9999.0 -9999.0 -9999.0
-9999.0 -9999.0 -9999.0 -9999.0 -9999.0 -9999.0 -9999.0 -9999.0 -9999.0 0.155270 0.430000 0.430000 0.430000 0.430000 0.430000 0.430000 0.430000 0.430000 0.430000 0.268284 0.396725 0.294574 0.072182 0.430000 0.430000 0.095235 0.430000 0.189901 0.066871 0.430000 0.430000 0.025143 0.042365 0.042363 0.042362 0.042351 0.180440 0.310074 0.166344 0.430000 0.400001 0.376295 0.048907 0.222950 0.046018 0.048007 0.192797 0.040279 0.048743 0.430000 0.021783 0.042366 0.025670 0.042351 0.042361 0.093611 0.430000 0.042423 0.042332 -9999.0 -9999.0 -9999.0 -9999.0
-9999.0 -9999.0 -9999.0 -9999.0 -9999.0 -9999.0 -9999.0 -9999.0 -9999.0 0.098830 0.153642 0.164570 0.430000 0.430000 0.430000 0.430000 0.430000 0.430000 0.418245 0.282601 0.293939 0.250625 0.430000 0.430000 0.097930 0.430000 0.430000 0.430000 0.430000 0.430000 0.130969 0.103239 0.171744 0.160620 0.187966 0.042301 0.042318 0.042308 0.108275 0.184941 0.430000 0.048998 0.233308 0.430000 0.352631 0.285687 0.423233 0.034563 0.037054 0.430000 0.026013 0.089153 0.042353 0.135255 0.042355 0.430000 0.096376 0.430000 0.042367 -9999.0 -9999.0 -9999.0 -9999.0
-9999.0 -9999.0 -9999.0 -9999.0 -9999.0 -9999.0 -9999.0 -9999.0 -9999.0 -9999.0 0.154730 0.178706 0.430000 0.430000 0.061510 0.430000 0.430000 0.430000 0.283831 0.271887 0.339864 0.072085 0.430000 0.103400 0.430000 0.430000 0.424277 0.430000 0.134743 0.430000 0.107965 0.430000 0.092486 0.151581 0.190786 0.198875 0.430000 0.430000 0.042356 0.152506 0.118605 0.430000 0.430000 0.063513 0.093564 0.430000 0.077873 0.430000 0.047046 0.059092 0.025276 0.022184 0.042365 0.042354 0.430000 0.148807 0.430000 0.200000 0.069863 0.430000 -9999.0 -9999.0 -9999.0
-9999.0 -9999.0 -9999.0 -9999.0 -9999.0 -9999.0 -9999.0 -9999.0 -9999.0 -9999.0 0.163432 0.168476 0.430000 0.430000 0.430000 0.430000 0.430000 0.319153 0.251282 0.248282 0.244411 0.308044 0.382854 0.357680 0.407619 0.355473 0.430000 0.430000 0.430000 0.094906 0.153098 0.430000 0.020118 0.143887 0.155324 0.430000 0.430000 0.430000 0.073567 0.147984 0.175871 0.042360 0.430000 0.155337 0.430000 0.024041 0.430000 0.094178 0.086243 0.055742 0.085206 0.074198 0.430000 0.042371 0.042357 0.042351 0.137867 0.079511 0.430000 0.430000 -9999.0 -9999.0 -9999.0
-9999.0 -9999.0 -9999.0 -9999.0 -9999.0 -9999.0 -9999.0 -9999.0 0.430000 0.183511 0.076327 0.430000 0.430000 0.430000 0.430000 0.430000 0.259887 0.269729 0.220652 0.234369 0.196848 0.188186 0.252227 0.234203 0.259966 0.430000 0.430000 0.430000 0.430000 0.094780 0.042360 0.162514 0.167563 0.156000 0.174953 0.119976 0.178787 0.430000 0.089662 0.042367 0.042357 0.430000 0.020119 0.042361 0.042313 0.430000 0.094354 0.430000 0.098071 0.430000 0.430000 0.026041 0.430000 0.092213 0.042330 0.150323 0.042480 0.430000 0.065169 0.430000 -9999.0 -9999.0 -9999.0
-9999.0 -9999.0 -9999.0 -9999.0 -9999.0 -9999.0 -9999.0 -9999.0 0.060259 0.430000 0.088357 0.146503 0.158698 0.430000 0.430000 0.430000 0.430000 0.330742 0.039831 0.207487 0.299481 0.224538 0.315157 0.242278 0.162936 0.430000 0.430000 0.430000 0.020118 0.175904 0.171061 0.042317 0.182579 0.042374 0.430000 0.430000 0.197131 0.430000 0.073692 0.181596 0.148636 0.042379 0.042360 0.182346 0.430000 0.430000 0.020118 0.163404 0.069756 0.430000 0.430000 0.430000 0.430000 0.192181 0.130921 0.020118 0.071563 0.069518 0.056051 0.430000 0.272717 -9999.0 -9999.0
-9999.0 -9999.0 -9999.0 -9999.0 -9999.0 -9999.0 -9999.0 -9999.0 0.157158 0.200000 0.133990 0.091627 0.430000 0.020118 0.430000 0.089920 0.375011 0.220702 0.139266 0.309790 0.191652 0.206946 0.210575 0.182942 0.287890 0.385690 0.430000 0.430000 0.020118 0.181297 0.042320 0.430000 0.430000 0.022556 0.430000 0.200000 0.072165 0.098184 0.105767 0.082940 0.166729 0.042369 0.430000 0.430000 0.430000 0.430000 0.042319 0.430000 0.430000 0.094634 0.430000 0.430000 0.107073 0.110038 0.073147 0.430000 0.430000 0.430000 0.430000 0.409079 0.317964 -9999.0 -9999.0
-9999.0 -9999.0 -9999.0 -9999.0 -9999.0 -9999.0 -9999.0 -9999.0 0.042364 0.182320 0.430000 0.020097 0.430000 0.430000 0.026617 0.430000 0.053493 0.170543 0.327007 0.193818 0.195546 0.192828 0.210165 0.218840 0.255017 0.424755 0.430000 0.093693 0.430000 0.070973 0.071967 0.070577 0.021716 0.430000 0.022305 0.127730 0.144596 0.430000 0.106771 0.081478 0.166557 0.184893 0.188053 0.042341 0.430000 0.042322 0.101996 0.042333 0.138949 0.060078 0.430000 0.430000 0.430000 0.430000 0.430000 0.430000 0.430000 0.430000 0.413210 0.357343 0.416931 0.430000 -9999.0
-9999.0 -9999.0 -9999.0 -9999.0 -9999.0 -9999.0 -9999.0 -9999.0 0.430000 0.430000 0.430000 0.110001 0.112288 0.430000 0.430000 0.430000 0.430000 0.430000 0.430000 0.372486 0.224056 0.189497 0.184019 0.186259 0.185030 0.307012 0.371967 0.430000 0.430000 0.430000 0.092979 0.430000 0.065227 0.430000 0.068442 0.066845 0.061878 0.430000 0.108259 0.430000 0.070535 0.021808 0.068096 0.021361 0.072806 0.170590 0.063946 0.065197 0.057160 0.050621 0.039621 0.240803 0.430000 0.430000 0.430000 0.430000 0.430000 0.430000 0.430000 0.430000 0.430000 0.430000 -9999.0
-9999.0 -9999.0 0.079897 0.430000 0.430000 0.430000 0.430000 0.430000 0.430000 0.430000 0.430000 0.430000 0.430000 0.430000 0.430000 0.430000 0.107195 0.430000 0.430000 0.430000 0.300861 0.274298 0.357550 0.161687 0.207688 0.183952 0.281430 0.295907 0.430000 0.430000 0.430000 0.430000 0.430000 0.430000 0.430000 0.430000 0.430000 0.430000 0.107670 0.108470 0.065859 0.063241 0.094584 0.430000 0.085857 0.058758 0.430000 0.430000 0.047872 0.270896 0.199815 0.309212 0.430000 0.430000 0.430000 0.430000 0.430000 0.430000 0.430000 0.430000 0.430000 0.430000 -9999.0
-9999.0 0.430000 0.430000 0.430000 0.430000 0.430000 0.430000 0.430000 0.430000 0.162111 0.430000 0.430000 0.430000 0.430000 0.430000 0.114185 0.430000 0.430000 0.430000 0.419226 0.195395 0.318131 0.430000 0.305957 0.206330 0.170554 0.233997 0.250680 0.215417 0.430000 0.170600 0.281759 0.430000 0.430000 0.421953 0.301657 0.262589 0.380118 0.430000 0.430000 0.430000 0.430000 0.430000 0.430000 0.338077 0.352486 0.410050 0.430000 0.246242 0.295526 0.430000 0.430000 0.430000 0.430000 0.430000 0.430000 0.430000 0.430000 0.430000 0.430000 0.430000 0.430000 -9999.0
-9999.0 0.430000 0.430000 0.430000 0.418837 0.430000 0.430000 0.430000 0.430000 0.079013 0.430000 0.430000 0.430000 0.430000 0.116366 0.430000 0.083405 0.430000 0.430000 0.430000 0.430000 0.430000 0.344632 0.430000 0.387797 0.288640 0.141889 0.170394 0.260143 0.129071 0.100046 0.111429 0.430000 0.430000 0.399258 0.345772 0.366255 0.323294 0.430000 0.255944 0.302145 0.430000 0.430000 0.197808 0.152791 0.104896 0.271687 0.407845 0.430000 0.430000 0.430000 0.430000 0.430000 0.430000 0.430000 0.430000 0.430000 0.430000 0.430000 0.430000 0.430000 -9999.0 -9999.0
-9999.0 0.087213 0.430000 0.430000 0.430000 0.430000 0.430000 0.430000 0.430000 0.430000 0.430000 0.430000 0.430000 0.430000 0.430000 0.430000 0.430000 0.430000 0.430000 0.430000 0.401767 0.395533 0.252980 0.430000 0.430000 0.430000 0.430000 0.430000 0.200313 0.323383 0.182488 0.163688 0.339744 0.338411 0.430000 0.302820 0.430000 0.365609 0.321884 0.293539 0.259879 0.430000 0.430000 0.187795 0.180962 0.430000 0.363869 0.430000 0.430000 0.430000 0.430000 0.430000 0.430000 0.430000 0.430000 0.430000 0.430000 0.430000 0.430000 -9999.0 -9999.0 -9999.0 -9999.0
