erum2020/resources/simulation/Vinschgau/output-maps/thetaliqL0003N1340.asc
ncols         63
nrows         48
xllcorner     598000.000000
yllcorner     5145000.000000
cellsize      1000.000000
NODATA_value  -9999.0
[rows 0 to 28 of 48, columns 0 to 62 of 63]
-9999.0 -9999.0 -9999.0 -9999.0 -9999.0 -9999.0 -9999.0 -9999.0 -9999.0 -9999.0 -9999.0 -9999.0 -9999.0 -9999.0 -9999.0 -9999.0 -9999.0 -9999.0 -9999.0 -9999.0 -9999.0 -9999.0 -9999.0 -9999.0 -9999.0 -9999.0 -9999.0 -9999.0 -9999.0 -9999.0 -9999.0 -9999.0 -9999.0 -9999.0 -9999.0 -9999.0 -9999.0 -9999.0 -9999.0 -9999.0 -9999.0 -9999.0 -9999.0 -9999.0 -9999.0 -9999.0 -9999.0 -9999.0 -9999.0 -9999.0 -9999.0 -9999.0 -9999.0 -9999.0 -9999.0 -9999.0 -9999.0 -9999.0 -9999.0 -9999.0 -9999.0 -9999.0 -9999.0
-9999.0 -9999.0 -9999.0 -9999.0 -9999.0 -9999.0 -9999.0 -9999.0 -9999.0 -9999.0 -9999.0 -9999.0 -9999.0 -9999.0 -9999.0 -9999.0 -9999.0 -9999.0 -9999.0 -9999.0 -9999.0 -9999.0 -9999.0 -9999.0 -9999.0 -9999.0 -9999.0 0.079419 0.172916 0.086099 0.243858 0.091575 0.041233 -9999.0 -9999.0 -9999.0 -9999.0 -9999.0 -9999.0 -9999.0 -9999.0 -9999.0 -9999.0 -9999.0 -9999.0 -9999.0 -9999.0 -9999.0 -9999.0 -9999.0 -9999.0 -9999.0 -9999.0 -9999.0 -9999.0 -9999.0 -9999.0 -9999.0 -9999.0 -9999.0 -9999.0 -9999.0 -9999.0
-9999.0 -9999.0 -9999.0 -9999.0 -9999.0 -9999.0 -9999.0 -9999.0 -9999.0 -9999.0 -9999.0 -9999.0 -9999.0 -9999.0 -9999.0 -9999.0 -9999.0 -9999.0 -9999.0 -9999.0 -9999.0 -9999.0 -9999.0 -9999.0 0.250210 0.238075 0.222653 0.245910 0.254680 0.198293 0.226430 -9999.0 -9999.0 -9999.0 -9999.0 -9999.0 -9999.0 -9999.0 -9999.0 -9999.0 -9999.0 -9999.0 -9999.0 -9999.0 -9999.0 -9999.0 -9999.0 -9999.0 -9999.0 -9999.0 -9999.0 -9999.0 -9999.0 -9999.0 -9999.0 -9999.0 -9999.0 -9999.0 -9999.0 -9999.0 -9999.0 -9999.0 -9999.0
-9999.0 -9999.0 -9999.0 -9999.0 -9999.0 -9999.0 -9999.0 -9999.0 -9999.0 -9999.0 -9999.0 -9999.0 -9999.0 -9999.0 -9999.0 -9999.0 -9999.0 -9999.0 -9999.0 -9999.0 -9999.0 -9999.0 -9999.0 0.223463 0.187310 0.070966 0.070826 0.070005 0.069738 0.141477 0.221833 0.186328 -9999.0 -9999.0 -9999.0 -9999.0 -9999.0 -9999.0 -9999.0 -9999.0 -9999.0 -9999.0 -9999.0 -9999.0 -9999.0 -9999.0 -9999.0 -9999.0 -9999.0 -9999.0 -9999.0 -9999.0 -9999.0 -9999.0 -9999.0 -9999.0 -9999.0 -9999.0 -9999.0 -9999.0 -9999.0 -9999.0 -9999.0
-9999.0 -9999.0 -9999.0 -9999.0 -9999.0 -9999.0 -9999.0 -9999.0 -9999.0 -9999.0 -9999.0 -9999.0 -9999.0 -9999.0 -9999.0 -9999.0 -9999.0 -9999.0 0.124006 0.158200 -9999.0 0.196385 0.174085 0.071114 0.072328 0.071398 0.103389 0.081958 0.098146 0.077178 0.177222 0.224460 0.112487 0.102154 -9999.0 -9999.0 -9999.0 -9999.0 -9999.0 -9999.0 -9999.0 -9999.0 -9999.0 -9999.0 -9999.0 -9999.0 -9999.0 -9999.0 -9999.0 -9999.0 -9999.0 -9999.0 -9999.0 -9999.0 -9999.0 -9999.0 -9999.0 -9999.0 -9999.0 -9999.0 -9999.0 -9999.0 -9999.0
-9999.0 -9999.0 -9999.0 -9999.0 -9999.0 -9999.0 -9999.0 -9999.0 -9999.0 -9999.0 -9999.0 -9999.0 -9999.0 -9999.0 -9999.0 -9999.0 -9999.0 0.073302 0.074182 0.022008 0.023195 0.137594 0.076212 0.072979 0.079751 0.157924 0.058491 0.101745 0.072671 0.119495 0.187498 0.166182 0.079622 0.074915 0.100865 0.099251 -9999.0 -9999.0 -9999.0 -9999.0 -9999.0 -9999.0 -9999.0 -9999.0 -9999.0 -9999.0 -9999.0 -9999.0 -9999.0 -9999.0 -9999.0 -9999.0 -9999.0 -9999.0 -9999.0 -9999.0 -9999.0 -9999.0 -9999.0 -9999.0 -9999.0 -9999.0 -9999.0
-9999.0 -9999.0 -9999.0 -9999.0 -9999.0 -9999.0 -9999.0 -9999.0 -9999.0 -9999.0 -9999.0 -9999.0 -9999.0 0.073772 0.074145 0.075613 0.073743 0.022406 0.073795 0.072177 0.072768 0.073200 0.072116 0.071526 0.173447 0.177661 0.023645 0.129137 0.099922 0.219373 0.041171 0.244446 0.206401 0.272126 0.126558 0.105897 -9999.0 -9999.0 -9999.0 -9999.0 -9999.0 -9999.0 -9999.0 -9999.0 -9999.0 -9999.0 -9999.0 -9999.0 -9999.0 -9999.0 -9999.0 -9999.0 -9999.0 -9999.0 -9999.0 -9999.0 -9999.0 -9999.0 -9999.0 -9999.0 -9999.0 -9999.0 -9999.0
-9999.0 -9999.0 -9999.0 -9999.0 -9999.0 -9999.0 -9999.0 -9999.0 -9999.0 -9999.0 -9999.0 -9999.0 -9999.0 0.099994 0.071879 0.074003 0.074279 0.081694 0.022402 0.072145 0.074032 0.069087 0.075887 0.088923 0.074397 0.074350 0.160999 0.078374 0.112933 0.050482 0.074416 0.238332 0.127556 0.138282 0.138660 -9999.0 -9999.0 -9999.0 -9999.0 -9999.0 -9999.0 -9999.0 -9999.0 -9999.0 -9999.0 -9999.0 -9999.0 -9999.0 -9999.0 -9999.0 -9999.0 -9999.0 -9999.0 -9999.0 -9999.0 -9999.0 -9999.0 -9999.0 -9999.0 -9999.0 -9999.0 -9999.0 -9999.0
-9999.0 -9999.0 -9999.0 -9999.0 -9999.0 -9999.0 -9999.0 -9999.0 -9999.0 -9999.0 -9999.0 -9999.0 -9999.0 0.071361 0.520000 0.070736 0.074403 0.074274 0.022380 0.073728 0.072466 0.022260 0.136263 0.110870 0.073160 0.073802 0.060171 0.106466 0.161909 0.128982 0.288387 0.161916 0.134370 0.020026 0.121650 -9999.0 -9999.0 -9999.0 -9999.0 -9999.0 -9999.0 -9999.0 -9999.0 -9999.0 -9999.0 -9999.0 -9999.0 -9999.0 -9999.0 -9999.0 -9999.0 -9999.0 -9999.0 -9999.0 -9999.0 -9999.0 -9999.0 -9999.0 -9999.0 -9999.0 -9999.0 -9999.0 -9999.0
-9999.0 -9999.0 -9999.0 -9999.0 -9999.0 -9999.0 -9999.0 -9999.0 -9999.0 -9999.0 -9999.0 -9999.0 0.072284 0.520000 0.071293 0.073089 0.078203 0.075055 0.067364 0.021946 0.073045 0.113492 0.073827 0.158585 0.040937 0.162823 0.040086 0.218519 0.258014 0.137188 0.052032 0.128086 0.061237 0.097918 -9999.0 -9999.0 -9999.0 -9999.0 -9999.0 -9999.0 -9999.0 -9999.0 -9999.0 -9999.0 -9999.0 -9999.0 -9999.0 -9999.0 -9999.0 -9999.0 -9999.0 -9999.0 -9999.0 -9999.0 -9999.0 -9999.0 -9999.0 -9999.0 -9999.0 -9999.0 -9999.0 -9999.0 -9999.0
-9999.0 -9999.0 -9999.0 -9999.0 -9999.0 -9999.0 -9999.0 -9999.0 -9999.0 -9999.0 -9999.0 0.111648 0.071307 0.520000 0.071042 0.082310 0.021862 0.074171 0.093542 0.021759 0.075034 0.074102 0.099012 0.185060 0.092545 0.198132 0.212435 0.196704 0.059394 0.137178 0.116989 0.224319 0.130602 0.108148 0.124071 0.104690 0.163686 0.125816 0.135879 -9999.0 -9999.0 -9999.0 0.093483 -9999.0 -9999.0 -9999.0 -9999.0 -9999.0 -9999.0 -9999.0 -9999.0 -9999.0 -9999.0 -9999.0 -9999.0 -9999.0 -9999.0 -9999.0 -9999.0 -9999.0 -9999.0 -9999.0 -9999.0
-9999.0 -9999.0 -9999.0 -9999.0 -9999.0 -9999.0 -9999.0 -9999.0 -9999.0 -9999.0 -9999.0 0.107722 0.070779 0.069112 0.069256 0.069282 0.068328 0.073425 0.086782 0.069724 0.076524 0.078319 0.245219 0.040976 0.042197 0.172966 0.192998 0.211094 0.099365 0.121344 0.218451 0.221656 0.082317 0.062067 0.067516 0.200277 0.156168 0.092335 0.144152 0.097004 0.103224 0.106868 0.245618 0.112252 -9999.0 -9999.0 -9999.0 0.077983 0.053303 0.147148 0.052864 0.116778 0.130892 0.057067 0.047084 0.141597 -9999.0 -9999.0 -9999.0 -9999.0 -9999.0 -9999.0 -9999.0
-9999.0 -9999.0 -9999.0 -9999.0 -9999.0 -9999.0 -9999.0 -9999.0 -9999.0 -9999.0 -9999.0 0.112704 0.098868 0.080725 0.118448 0.068311 0.075377 0.075114 0.067635 0.069713 0.098723 0.194069 0.043470 0.283909 0.171512 0.078052 0.042775 0.040059 0.096618 0.064932 0.107083 0.041431 0.221259 0.061730 0.133172 0.192211 0.043939 0.040623 0.077203 0.083084 0.135656 0.091283 0.225860 0.214790 0.057366 -9999.0 0.106465 0.052916 0.276159 0.224211 0.140066 0.085370 0.131219 0.248052 0.133002 0.061954 -9999.0 -9999.0 -9999.0 -9999.0 -9999.0 -9999.0 -9999.0
-9999.0 -9999.0 -9999.0 -9999.0 -9999.0 -9999.0 -9999.0 -9999.0 -9999.0 -9999.0 -9999.0 -9999.0 0.121972 0.260508 0.093793 0.091985 0.089027 0.076132 0.085340 0.070085 0.077654 0.088526 0.230667 0.046427 0.040436 0.042374 0.520000 0.122994 0.236274 0.116460 0.207487 0.042696 0.116250 0.278594 0.064218 0.199952 0.042943 0.043188 0.140885 0.079767 0.103919 0.054426 0.046322 0.243114 0.120491 0.052599 0.127560 0.062136 0.040476 0.045593 0.053219 0.042565 0.040052 0.040725 0.040314 0.349334 0.061591 -9999.0 -9999.0 -9999.0 -9999.0 -9999.0 -9999.0
-9999.0 -9999.0 -9999.0 -9999.0 -9999.0 -9999.0 -9999.0 -9999.0 -9999.0 -9999.0 -9999.0 0.046373 0.166936 0.069145 0.277894 0.128250 0.076766 0.077872 0.069640 0.077326 0.076492 0.117391 0.465405 0.042446 0.042856 0.040829 0.045873 0.223542 0.216825 0.078755 0.042439 0.041020 0.160790 0.268775 0.060888 0.240149 0.150637 0.046096 0.194719 0.069896 0.046016 0.108340 0.519403 0.029347 0.112718 0.234195 0.226843 0.083102 0.088272 0.070003 0.020116 0.222657 0.040080 0.020047 0.020039 0.021033 0.142608 -9999.0 -9999.0 -9999.0 -9999.0 -9999.0 -9999.0
-9999.0 -9999.0 -9999.0 -9999.0 -9999.0 -9999.0 -9999.0 -9999.0 -9999.0 -9999.0 0.520000 0.056137 0.172144 0.148632 0.115919 0.519809 0.519753 0.139725 0.075862 0.078719 0.075007 0.145018 0.042816 0.181002 0.127402 0.040448 0.041191 0.020068 0.103647 0.130936 0.066476 0.041870 0.161498 0.273316 0.114855 0.100383 0.161104 0.044351 0.048721 0.415499 0.244334 0.173265 0.144359 0.190139 0.070261 0.076595 0.186767 0.047963 0.044058 0.166541 0.020062 0.130038 0.020035 0.020538 0.020970 0.270843 0.278514 -9999.0 -9999.0 -9999.0 -9999.0 -9999.0 -9999.0
-9999.0 -9999.0 -9999.0 -9999.0 -9999.0 -9999.0 -9999.0 -9999.0 -9999.0 0.181369 0.259970 0.061443 0.165831 0.046050 0.066273 0.117856 0.058693 0.111150 0.075110 0.076629 0.072756 0.081351 0.087485 0.085740 0.334272 0.040173 0.040291 0.172077 0.056689 0.315610 0.418723 0.040123 0.102147 0.117254 0.106456 0.102843 0.175025 0.042245 0.043459 0.064803 0.040800 0.044914 0.043732 0.099103 0.094721 0.076716 0.102715 0.044602 0.044843 0.402868 0.041200 0.143889 0.020624 0.072169 0.066242 0.040067 0.040256 0.134810 0.098125 -9999.0 -9999.0 -9999.0 -9999.0
-9999.0 -9999.0 -9999.0 -9999.0 -9999.0 -9999.0 -9999.0 -9999.0 -9999.0 0.153377 0.175552 0.117093 0.520000 0.231636 0.055953 0.045793 0.165019 0.103677 0.074284 0.069919 0.070775 0.069042 0.102531 0.257158 0.040457 0.041813 0.046770 0.136543 0.314202 0.242657 0.147309 0.040077 0.219802 0.061456 0.268406 0.099875 0.085500 0.058162 0.171474 0.143428 0.044133 0.041334 0.049160 0.232579 0.108364 0.108721 0.084753 0.102380 0.218812 0.243632 0.040036 0.040021 0.020775 0.040746 0.073348 0.040034 0.040411 0.041192 0.098423 -9999.0 -9999.0 -9999.0 -9999.0
-9999.0 -9999.0 -9999.0 -9999.0 -9999.0 -9999.0 -9999.0 -9999.0 -9999.0 -9999.0 0.208675 0.146136 0.129068 0.040895 0.199111 0.059486 0.187093 0.076840 0.073321 0.073078 0.071001 0.075346 0.079817 0.046519 0.042726 0.066555 0.394277 0.227539 0.185607 0.040136 0.040087 0.040069 0.040061 0.253081 0.262831 0.165539 0.198852 0.212199 0.089846 0.214309 0.215413 0.247367 0.520000 0.080407 0.151717 0.232380 0.078602 0.102937 0.074669 0.147097 0.040093 0.040250 0.028861 0.020610 0.040685 0.052978 0.407912 0.040545 0.087625 0.097992 -9999.0 -9999.0 -9999.0
-9999.0 -9999.0 -9999.0 -9999.0 -9999.0 -9999.0 -9999.0 -9999.0 -9999.0 -9999.0 0.262142 0.201512 0.218577 0.220256 0.254800 0.125417 0.152517 0.078862 0.073166 0.071412 0.074415 0.076243 0.068281 0.057585 0.066345 0.329960 0.220648 0.216451 0.040247 0.040078 0.217462 0.327857 0.020096 0.061547 0.194686 0.235847 0.040707 0.063867 0.041081 0.223375 0.205627 0.053706 0.046485 0.142585 0.227921 0.045725 0.227634 0.154417 0.076957 0.076375 0.470416 0.040986 0.040042 0.073014 0.020331 0.020708 0.053133 0.044290 0.425962 0.314779 -9999.0 -9999.0 -9999.0
-9999.0 -9999.0 -9999.0 -9999.0 -9999.0 -9999.0 -9999.0 -9999.0 0.291737 0.222716 0.082587 0.315780 0.043287 0.049255 0.056699 0.165411 0.074095 0.068998 0.070451 0.071030 0.072322 0.072612 0.072954 0.073994 0.117516 0.231742 0.258812 0.041190 0.041819 0.040090 0.144345 0.220771 0.208685 0.081500 0.228900 0.175253 0.088732 0.119742 0.040049 0.096876 0.074804 0.244807 0.020124 0.093258 0.031665 0.520000 0.040056 0.047798 0.202373 0.191835 0.340875 0.041508 0.040110 0.040017 0.022961 0.062309 0.134054 0.230833 0.159011 0.081122 -9999.0 -9999.0 -9999.0
-9999.0 -9999.0 -9999.0 -9999.0 -9999.0 -9999.0 -9999.0 -9999.0 0.020000 0.042437 0.040191 0.231638 0.184797 0.040182 0.040848 0.214202 0.078562 0.076476 0.072475 0.070528 0.084215 0.066431 0.065345 0.065287 0.074082 0.087910 0.293349 0.056407 0.020100 0.235421 0.062044 0.087087 0.202753 0.081668 0.292895 0.238226 0.088119 0.428906 0.051043 0.174279 0.205924 0.097477 0.077590 0.159425 0.520000 0.044585 0.020087 0.194060 0.057282 0.237785 0.302815 0.055511 0.040025 0.052856 0.130216 0.020439 0.043561 0.341266 0.080060 0.078417 0.074856 -9999.0 -9999.0
-9999.0 -9999.0 -9999.0 -9999.0 -9999.0 -9999.0 -9999.0 -9999.0 0.202591 0.520000 0.402650 0.040068 0.349837 0.020151 0.044638 0.041422 0.122734 0.074581 0.072886 0.084925 0.070110 0.066925 0.066021 0.070697 0.069392 0.076896 0.266103 0.040278 0.020074 0.214788 0.078459 0.284535 0.040985 0.041697 0.255117 0.099893 0.233364 0.233893 0.070615 0.047265 0.188132 0.065212 0.263235 0.520000 0.042173 0.269028 0.091542 0.280778 0.040709 0.096643 0.162649 0.379071 0.040041 0.040027 0.051221 0.512559 0.405261 0.163761 0.075466 0.080058 0.076799 -9999.0 -9999.0
-9999.0 -9999.0 -9999.0 -9999.0 -9999.0 -9999.0 -9999.0 -9999.0 0.138295 0.198016 0.047292 0.020076 0.279034 0.041834 0.044169 0.311204 0.075353 0.073717 0.071918 0.072941 0.071127 0.070787 0.068509 0.069739 0.076973 0.119833 0.054685 0.040084 0.218037 0.048148 0.044901 0.054760 0.392032 0.518367 0.062809 0.078493 0.073602 0.076747 0.176428 0.135952 0.129265 0.118831 0.124565 0.041072 0.240372 0.069259 0.095224 0.073732 0.179356 0.043509 0.146476 0.122879 0.334639 0.055255 0.437001 0.347209 0.103111 0.094611 0.080609 0.077382 0.077351 0.100713 -9999.0
-9999.0 -9999.0 -9999.0 -9999.0 -9999.0 -9999.0 -9999.0 -9999.0 0.042131 0.316346 0.040146 0.040143 0.043483 0.047995 0.366709 0.123574 0.136602 0.079470 0.093653 0.076283 0.074243 0.072116 0.072361 0.073454 0.070761 0.120135 0.040439 0.065724 0.241403 0.519851 0.045859 0.363176 0.106117 0.248977 0.131408 0.077347 0.075953 0.075161 0.075737 0.123193 0.097711 0.079855 0.155300 0.204737 0.044107 0.105649 0.054682 0.113940 0.051401 0.341474 0.086741 0.093784 0.120931 0.181469 0.273790 0.251188 0.140721 0.092113 0.081985 0.075237 0.077897 0.107515 -9999.0
-9999.0 -9999.0 0.126884 0.267489 0.040029 0.041451 0.040136 0.040336 0.323626 0.335972 0.042974 0.040436 0.050741 0.520000 0.140361 0.498167 0.089426 0.040276 0.047040 0.196226 0.076736 0.074084 0.074404 0.073899 0.074965 0.078833 0.139221 0.140581 0.081509 0.130124 0.085354 0.101382 0.081247 0.076870 0.074834 0.076585 0.073809 0.073729 0.074666 0.077292 0.074534 0.073923 0.075561 0.080691 0.184073 0.096152 0.177299 0.182534 0.076178 0.076647 0.076364 0.082038 0.122401 0.182793 0.222605 0.154355 0.150861 0.098537 0.078498 0.080041 0.089533 0.119040 -9999.0
-9999.0 0.046198 0.045100 0.043601 0.041715 0.042772 0.040259 0.040139 0.040048 0.254649 0.040799 0.040998 0.519552 0.273258 0.473930 0.045261 0.042599 0.040888 0.042104 0.108879 0.077362 0.075144 0.076451 0.079282 0.069690 0.074401 0.070985 0.070834 0.073269 0.077789 0.075000 0.074231 0.072841 0.069199 0.071992 0.071896 0.071113 0.071886 0.071724 0.072522 0.072346 0.071925 0.071496 0.074550 0.075739 0.075189 0.076768 0.073433 0.072644 0.076476 0.080294 0.103231 0.149659 0.222638 0.231102 0.372009 0.332504 0.303991 0.366325 0.262833 0.221618 0.121847 -9999.0
-9999.0 0.230870 0.379311 0.127305 0.259781 0.066288 0.040049 0.040073 0.109652 0.065030 0.040267 0.040279 0.289901 0.351361 0.050530 0.040048 0.040175 0.040575 0.043615 0.170611 0.266236 0.125065 0.095354 0.106750 0.113311 0.091869 0.073745 0.072249 0.071216 0.072266 0.072131 0.072409 0.071424 0.071483 0.068073 0.070465 0.075306 0.073389 0.069887 0.070096 0.069788 0.069977 0.069570 0.071397 0.071185 0.071066 0.071364 0.071796 0.073024 0.075052 0.080445 0.121030 0.260034 0.373910 0.516987 0.060116 0.040592 0.053542 0.060169 0.049395 0.066535 -9999.0 -9999.0
-9999.0 0.072741 0.078457 0.059027 0.323506 0.270547 0.280701 0.040124 0.040838 0.041017 0.043153 0.075288 0.281758 0.438369 0.040149 0.040030 0.040086 0.041048 0.040133 0.041392 0.048661 0.062385 0.111148 0.130467 0.121924 0.078366 0.075119 0.073894 0.071714 0.072007 0.070741 0.070378 0.070849 0.070547 0.070240 0.069911 0.069854 0.072634 0.069801 0.069442 0.069177 0.074582 0.068996 0.068840 0.069134 0.069991 0.070883 0.072540 0.076068 0.078231 0.123018 0.220418 0.072595 0.520000 0.046987 0.040240 0.040220 0.040120 0.040149 -9999.0 -9999.0 -9999.0 -9999.0
