erum2020/resources/simulation/Vinschgau/output-maps/thetaliqL0002N1238.asc
ncols         63
nrows         48
xllcorner     598000.000000
yllcorner     5145000.000000
cellsize      1000.000000
NODATA_value  -9999.0
[rows 0 to 28 of 48, columns 0 to 62 of 63]
-9999.0 -9999.0 -9999.0 -9999.0 -9999.0 -9999.0 -9999.0 -9999.0 -9999.0 -9999.0 -9999.0 -9999.0 -9999.0 -9999.0 -9999.0 -9999.0 -9999.0 -9999.0 -9999.0 -9999.0 -9999.0 -9999.0 -9999.0 -9999.0 -9999.0 -9999.0 -9999.0 -9999.0 -9999.0 -9999.0 -9999.0 -9999.0 -9999.0 -9999.0 -9999.0 -9999.0 -9999.0 -9999.0 -9999.0 -9999.0 -9999.0 -9999.0 -9999.0 -9999.0 -9999.0 -9999.0 -9999.0 -9999.0 -9999.0 -9999.0 -9999.0 -9999.0 -9999.0 -9999.0 -9999.0 -9999.0 -9999.0 -9999.0 -9999.0 -9999.0 -9999.0 -9999.0 -9999.0
-9999.0 -9999.0 -9999.0 -9999.0 -9999.0 -9999.0 -9999.0 -9999.0 -9999.0 -9999.0 -9999.0 -9999.0 -9999.0 -9999.0 -9999.0 -9999.0 -9999.0 -9999.0 -9999.0 -9999.0 -9999.0 -9999.0 -9999.0 -9999.0 -9999.0 -9999.0 -9999.0 0.106321 0.404290 0.121106 0.478654 0.473306 0.405119 -9999.0 -9999.0 -9999.0 -9999.0 -9999.0 -9999.0 -9999.0 -9999.0 -9999.0 -9999.0 -9999.0 -9999.0 -9999.0 -9999.0 -9999.0 -9999.0 -9999.0 -9999.0 -9999.0 -9999.0 -9999.0 -9999.0 -9999.0 -9999.0 -9999.0 -9999.0 -9999.0 -9999.0 -9999.0 -9999.0
-9999.0 -9999.0 -9999.0 -9999.0 -9999.0 -9999.0 -9999.0 -9999.0 -9999.0 -9999.0 -9999.0 -9999.0 -9999.0 -9999.0 -9999.0 -9999.0 -9999.0 -9999.0 -9999.0 -9999.0 -9999.0 -9999.0 -9999.0 -9999.0 0.389536 0.379566 0.374360 0.384322 0.404489 0.419224 0.475343 -9999.0 -9999.0 -9999.0 -9999.0 -9999.0 -9999.0 -9999.0 -9999.0 -9999.0 -9999.0 -9999.0 -9999.0 -9999.0 -9999.0 -9999.0 -9999.0 -9999.0 -9999.0 -9999.0 -9999.0 -9999.0 -9999.0 -9999.0 -9999.0 -9999.0 -9999.0 -9999.0 -9999.0 -9999.0 -9999.0 -9999.0 -9999.0
-9999.0 -9999.0 -9999.0 -9999.0 -9999.0 -9999.0 -9999.0 -9999.0 -9999.0 -9999.0 -9999.0 -9999.0 -9999.0 -9999.0 -9999.0 -9999.0 -9999.0 -9999.0 -9999.0 -9999.0 -9999.0 -9999.0 -9999.0 0.366774 0.337334 0.070510 0.070369 0.069560 0.069395 0.338255 0.473443 0.496333 -9999.0 -9999.0 -9999.0 -9999.0 -9999.0 -9999.0 -9999.0 -9999.0 -9999.0 -9999.0 -9999.0 -9999.0 -9999.0 -9999.0 -9999.0 -9999.0 -9999.0 -9999.0 -9999.0 -9999.0 -9999.0 -9999.0 -9999.0 -9999.0 -9999.0 -9999.0 -9999.0 -9999.0 -9999.0 -9999.0 -9999.0
-9999.0 -9999.0 -9999.0 -9999.0 -9999.0 -9999.0 -9999.0 -9999.0 -9999.0 -9999.0 -9999.0 -9999.0 -9999.0 -9999.0 -9999.0 -9999.0 -9999.0 -9999.0 0.127520 0.304673 -9999.0 0.343979 0.318079 0.070114 0.071699 0.070586 0.200372 0.102541 0.222223 0.140879 0.382768 0.466269 0.127937 0.112134 -9999.0 -9999.0 -9999.0 -9999.0 -9999.0 -9999.0 -9999.0 -9999.0 -9999.0 -9999.0 -9999.0 -9999.0 -9999.0 -9999.0 -9999.0 -9999.0 -9999.0 -9999.0 -9999.0 -9999.0 -9999.0 -9999.0 -9999.0 -9999.0 -9999.0 -9999.0 -9999.0 -9999.0 -9999.0
-9999.0 -9999.0 -9999.0 -9999.0 -9999.0 -9999.0 -9999.0 -9999.0 -9999.0 -9999.0 -9999.0 -9999.0 -9999.0 -9999.0 -9999.0 -9999.0 -9999.0 0.072578 0.073553 0.022236 0.022881 0.242722 0.117078 0.072083 0.089853 0.276941 0.075003 0.261109 0.091995 0.249588 0.329608 0.370775 0.098848 0.110522 0.125483 0.121089 -9999.0 -9999.0 -9999.0 -9999.0 -9999.0 -9999.0 -9999.0 -9999.0 -9999.0 -9999.0 -9999.0 -9999.0 -9999.0 -9999.0 -9999.0 -9999.0 -9999.0 -9999.0 -9999.0 -9999.0 -9999.0 -9999.0 -9999.0 -9999.0 -9999.0 -9999.0 -9999.0
-9999.0 -9999.0 -9999.0 -9999.0 -9999.0 -9999.0 -9999.0 -9999.0 -9999.0 -9999.0 -9999.0 -9999.0 -9999.0 0.089796 0.074299 0.074677 0.072876 0.022176 0.072884 0.071088 0.071919 0.072791 0.071214 0.075416 0.226213 0.319962 0.124798 0.332943 0.164218 0.382607 0.053677 0.406190 0.425868 0.482713 0.191645 0.118541 -9999.0 -9999.0 -9999.0 -9999.0 -9999.0 -9999.0 -9999.0 -9999.0 -9999.0 -9999.0 -9999.0 -9999.0 -9999.0 -9999.0 -9999.0 -9999.0 -9999.0 -9999.0 -9999.0 -9999.0 -9999.0 -9999.0 -9999.0 -9999.0 -9999.0 -9999.0 -9999.0
-9999.0 -9999.0 -9999.0 -9999.0 -9999.0 -9999.0 -9999.0 -9999.0 -9999.0 -9999.0 -9999.0 -9999.0 -9999.0 0.136849 0.070962 0.073394 0.073608 0.072001 0.022175 0.070759 0.073194 0.067311 0.075790 0.106913 0.104095 0.197415 0.390203 0.098042 0.127979 0.083858 0.060603 0.460370 0.144595 0.190204 0.145759 -9999.0 -9999.0 -9999.0 -9999.0 -9999.0 -9999.0 -9999.0 -9999.0 -9999.0 -9999.0 -9999.0 -9999.0 -9999.0 -9999.0 -9999.0 -9999.0 -9999.0 -9999.0 -9999.0 -9999.0 -9999.0 -9999.0 -9999.0 -9999.0 -9999.0 -9999.0 -9999.0 -9999.0
-9999.0 -9999.0 -9999.0 -9999.0 -9999.0 -9999.0 -9999.0 -9999.0 -9999.0 -9999.0 -9999.0 -9999.0 -9999.0 0.070192 0.520000 0.069497 0.073527 0.073431 0.022140 0.072861 0.069812 0.022377 0.242829 0.092349 0.073884 0.098109 0.053908 0.126306 0.501037 0.190228 0.498310 0.194246 0.189317 0.020037 0.120617 -9999.0 -9999.0 -9999.0 -9999.0 -9999.0 -9999.0 -9999.0 -9999.0 -9999.0 -9999.0 -9999.0 -9999.0 -9999.0 -9999.0 -9999.0 -9999.0 -9999.0 -9999.0 -9999.0 -9999.0 -9999.0 -9999.0 -9999.0 -9999.0 -9999.0 -9999.0 -9999.0 -9999.0
-9999.0 -9999.0 -9999.0 -9999.0 -9999.0 -9999.0 -9999.0 -9999.0 -9999.0 -9999.0 -9999.0 -9999.0 0.070894 0.520000 0.070034 0.071745 0.077204 0.074277 0.066094 0.022153 0.071808 0.168757 0.243317 0.272607 0.050877 0.393926 0.040282 0.475782 0.476477 0.162686 0.520000 0.155462 0.398226 0.109184 -9999.0 -9999.0 -9999.0 -9999.0 -9999.0 -9999.0 -9999.0 -9999.0 -9999.0 -9999.0 -9999.0 -9999.0 -9999.0 -9999.0 -9999.0 -9999.0 -9999.0 -9999.0 -9999.0 -9999.0 -9999.0 -9999.0 -9999.0 -9999.0 -9999.0 -9999.0 -9999.0 -9999.0 -9999.0
-9999.0 -9999.0 -9999.0 -9999.0 -9999.0 -9999.0 -9999.0 -9999.0 -9999.0 -9999.0 -9999.0 0.195500 0.069983 0.520000 0.069692 0.091136 0.022045 0.073323 0.080297 0.021969 0.074187 0.080501 0.251577 0.362243 0.346766 0.406091 0.489028 0.439987 0.411557 0.123710 0.125921 0.431954 0.191267 0.119821 0.136828 0.160318 0.457110 0.317340 0.340980 -9999.0 -9999.0 -9999.0 0.118954 -9999.0 -9999.0 -9999.0 -9999.0 -9999.0 -9999.0 -9999.0 -9999.0 -9999.0 -9999.0 -9999.0 -9999.0 -9999.0 -9999.0 -9999.0 -9999.0 -9999.0 -9999.0 -9999.0 -9999.0
-9999.0 -9999.0 -9999.0 -9999.0 -9999.0 -9999.0 -9999.0 -9999.0 -9999.0 -9999.0 -9999.0 0.214669 0.070046 0.068084 0.068347 0.071083 0.067339 0.072614 0.072327 0.068619 0.075379 0.113537 0.391375 0.047104 0.050314 0.416344 0.436452 0.414343 0.101110 0.121060 0.445510 0.446066 0.464310 0.475668 0.500137 0.442427 0.372059 0.171032 0.247401 0.121072 0.122024 0.118306 0.467561 0.126246 -9999.0 -9999.0 -9999.0 0.469759 0.506999 0.193535 0.390628 0.153715 0.163960 0.464045 0.433523 0.144840 -9999.0 -9999.0 -9999.0 -9999.0 -9999.0 -9999.0 -9999.0
-9999.0 -9999.0 -9999.0 -9999.0 -9999.0 -9999.0 -9999.0 -9999.0 -9999.0 -9999.0 -9999.0 0.238365 0.179955 0.285259 0.121430 0.068529 0.076331 0.074654 0.065771 0.068423 0.090756 0.369528 0.058446 0.414669 0.409422 0.100353 0.052940 0.040136 0.123727 0.501129 0.125889 0.050276 0.431558 0.415327 0.166582 0.407138 0.047791 0.056473 0.094310 0.119892 0.348163 0.424587 0.430229 0.450676 0.391840 -9999.0 0.113794 0.421885 0.487224 0.439955 0.392008 0.103208 0.396330 0.481575 0.502227 0.418416 -9999.0 -9999.0 -9999.0 -9999.0 -9999.0 -9999.0 -9999.0
-9999.0 -9999.0 -9999.0 -9999.0 -9999.0 -9999.0 -9999.0 -9999.0 -9999.0 -9999.0 -9999.0 -9999.0 0.238025 0.505906 0.122038 0.117766 0.089704 0.075702 0.074932 0.068879 0.077190 0.229606 0.073446 0.052535 0.044217 0.051475 0.520000 0.329673 0.471929 0.130091 0.442324 0.050626 0.342638 0.498699 0.495920 0.440032 0.053730 0.044208 0.224186 0.103575 0.124339 0.058665 0.052042 0.395018 0.190375 0.424570 0.128384 0.447796 0.044554 0.049912 0.079562 0.040324 0.040108 0.040273 0.043873 0.513156 0.434004 -9999.0 -9999.0 -9999.0 -9999.0 -9999.0 -9999.0
-9999.0 -9999.0 -9999.0 -9999.0 -9999.0 -9999.0 -9999.0 -9999.0 -9999.0 -9999.0 -9999.0 0.060992 0.313829 0.068902 0.520000 0.251975 0.099823 0.077225 0.067813 0.075220 0.076071 0.175228 0.520000 0.054483 0.054247 0.043115 0.049315 0.471915 0.477990 0.101569 0.051660 0.041791 0.384189 0.489192 0.504735 0.464039 0.385205 0.069931 0.263830 0.071891 0.068388 0.215446 0.177787 0.170711 0.310919 0.475881 0.455416 0.124663 0.100575 0.140829 0.020634 0.463109 0.040535 0.020041 0.020035 0.020126 0.181752 -9999.0 -9999.0 -9999.0 -9999.0 -9999.0 -9999.0
-9999.0 -9999.0 -9999.0 -9999.0 -9999.0 -9999.0 -9999.0 -9999.0 -9999.0 -9999.0 0.520000 0.079267 0.319567 0.291224 0.205729 0.520000 0.520000 0.166445 0.075151 0.075858 0.075660 0.234917 0.049077 0.313974 0.375121 0.045061 0.048590 0.020151 0.293428 0.317753 0.046719 0.042710 0.374356 0.489691 0.116019 0.121783 0.354862 0.053199 0.040625 0.432057 0.364102 0.191322 0.192945 0.256933 0.108305 0.097534 0.398212 0.055512 0.059410 0.322063 0.020118 0.144860 0.020032 0.020051 0.194912 0.486422 0.490894 -9999.0 -9999.0 -9999.0 -9999.0 -9999.0 -9999.0
-9999.0 -9999.0 -9999.0 -9999.0 -9999.0 -9999.0 -9999.0 -9999.0 -9999.0 0.405049 0.369299 0.101504 0.499911 0.066823 0.052404 0.083458 0.091103 0.166291 0.074682 0.074773 0.072234 0.079338 0.128481 0.134320 0.414192 0.040342 0.043494 0.375045 0.087810 0.508302 0.489958 0.040208 0.118399 0.130396 0.118919 0.123169 0.379786 0.049840 0.055018 0.055654 0.040245 0.040968 0.051418 0.175405 0.160020 0.107146 0.249085 0.062461 0.063587 0.472924 0.047681 0.158758 0.020048 0.161857 0.195213 0.040025 0.040646 0.132903 0.175917 -9999.0 -9999.0 -9999.0 -9999.0
-9999.0 -9999.0 -9999.0 -9999.0 -9999.0 -9999.0 -9999.0 -9999.0 -9999.0 0.369824 0.403939 0.291711 0.520000 0.445046 0.084267 0.066385 0.293885 0.199484 0.073818 0.068546 0.069508 0.067284 0.144042 0.338296 0.041712 0.051767 0.064298 0.495920 0.427264 0.322110 0.322760 0.040111 0.445665 0.441888 0.485325 0.121311 0.110651 0.059724 0.404940 0.354752 0.052230 0.049593 0.074339 0.342980 0.100180 0.169215 0.163286 0.250625 0.382409 0.320007 0.040044 0.040037 0.195819 0.199408 0.197463 0.040045 0.040049 0.047531 0.114304 -9999.0 -9999.0 -9999.0 -9999.0
-9999.0 -9999.0 -9999.0 -9999.0 -9999.0 -9999.0 -9999.0 -9999.0 -9999.0 -9999.0 0.444160 0.359696 0.240564 0.042030 0.401744 0.090965 0.336518 0.101135 0.072860 0.072377 0.070080 0.074435 0.086857 0.040535 0.055948 0.121291 0.484650 0.333329 0.318412 0.040237 0.040132 0.040180 0.040319 0.492416 0.458542 0.390753 0.345129 0.366009 0.109451 0.445914 0.450930 0.392248 0.520000 0.119984 0.160804 0.282322 0.078907 0.141158 0.074422 0.262692 0.040138 0.042535 0.195540 0.198188 0.178152 0.424726 0.520000 0.045967 0.073228 0.162519 -9999.0 -9999.0 -9999.0
-9999.0 -9999.0 -9999.0 -9999.0 -9999.0 -9999.0 -9999.0 -9999.0 -9999.0 -9999.0 0.483073 0.409205 0.364934 0.508003 0.344547 0.179948 0.169579 0.077015 0.072660 0.070563 0.073753 0.075737 0.078537 0.086890 0.117724 0.432091 0.283487 0.252379 0.040587 0.040651 0.438721 0.457195 0.020373 0.466508 0.432494 0.394498 0.046843 0.071031 0.042996 0.477949 0.442225 0.090770 0.060971 0.321751 0.331847 0.053910 0.468186 0.169542 0.076959 0.128126 0.520000 0.046833 0.040123 0.195906 0.199945 0.196644 0.409888 0.062360 0.520000 0.444061 -9999.0 -9999.0 -9999.0
-9999.0 -9999.0 -9999.0 -9999.0 -9999.0 -9999.0 -9999.0 -9999.0 0.430254 0.455230 0.463815 0.439570 0.040242 0.074387 0.068562 0.217535 0.074672 0.067265 0.070218 0.070120 0.071790 0.072121 0.072454 0.073604 0.224600 0.268313 0.307218 0.044291 0.042941 0.040994 0.191666 0.444516 0.441559 0.491235 0.455477 0.401087 0.185040 0.056928 0.040063 0.119671 0.093061 0.397402 0.020876 0.113877 0.023605 0.520000 0.040075 0.071711 0.246901 0.266009 0.390356 0.043136 0.041059 0.040028 0.195161 0.455668 0.190847 0.363476 0.286414 0.083301 -9999.0 -9999.0 -9999.0
-9999.0 -9999.0 -9999.0 -9999.0 -9999.0 -9999.0 -9999.0 -9999.0 0.020000 0.040472 0.041440 0.478821 0.409275 0.041583 0.043720 0.283054 0.077590 0.076033 0.072006 0.069657 0.070636 0.064919 0.063688 0.063473 0.073597 0.084820 0.320065 0.081359 0.020395 0.480801 0.467083 0.119692 0.424811 0.111734 0.422590 0.379189 0.190768 0.520000 0.077946 0.367358 0.439398 0.510528 0.101547 0.343796 0.520000 0.053180 0.020285 0.384646 0.090580 0.342124 0.379642 0.084322 0.040016 0.417373 0.417647 0.020241 0.059580 0.508552 0.211661 0.081264 0.073872 -9999.0 -9999.0
-9999.0 -9999.0 -9999.0 -9999.0 -9999.0 -9999.0 -9999.0 -9999.0 0.432128 0.520000 0.520000 0.040422 0.486143 0.021408 0.062757 0.045041 0.180068 0.073692 0.072411 0.071172 0.069263 0.065393 0.064501 0.069800 0.068372 0.076521 0.306445 0.040712 0.020180 0.442525 0.108284 0.423295 0.047256 0.051195 0.394688 0.239182 0.414102 0.367866 0.077210 0.061725 0.384140 0.079951 0.392960 0.520000 0.049742 0.401970 0.120954 0.443965 0.046020 0.107347 0.235133 0.444736 0.040024 0.040017 0.080947 0.510217 0.520000 0.278248 0.075433 0.085568 0.076783 -9999.0 -9999.0
-9999.0 -9999.0 -9999.0 -9999.0 -9999.0 -9999.0 -9999.0 -9999.0 0.160267 0.388262 0.068830 0.020179 0.429575 0.051747 0.040351 0.352343 0.074880 0.073230 0.070628 0.072360 0.070259 0.070001 0.066999 0.067962 0.076160 0.165213 0.066494 0.040124 0.358094 0.042021 0.063418 0.074418 0.520000 0.500261 0.098628 0.148143 0.079548 0.076443 0.271034 0.450527 0.300918 0.292607 0.313072 0.024636 0.417661 0.079751 0.263596 0.085082 0.412248 0.058957 0.186248 0.166396 0.388533 0.090109 0.520000 0.454600 0.184540 0.090553 0.078059 0.077562 0.080018 0.095556 -9999.0
-9999.0 -9999.0 -9999.0 -9999.0 -9999.0 -9999.0 -9999.0 -9999.0 0.406494 0.464310 0.040001 0.040250 0.049073 0.055733 0.408031 0.184573 0.198208 0.080850 0.110701 0.075864 0.073646 0.071403 0.071499 0.072497 0.069042 0.145434 0.041522 0.110241 0.359924 0.520000 0.054950 0.432561 0.285299 0.379227 0.296045 0.089808 0.075065 0.074702 0.075362 0.246013 0.240360 0.232307 0.322261 0.435793 0.060924 0.285249 0.083871 0.078886 0.079267 0.465475 0.209282 0.091173 0.147056 0.247427 0.368873 0.322270 0.202528 0.104982 0.085521 0.074941 0.077589 0.102098 -9999.0
-9999.0 -9999.0 0.319476 0.402743 0.040000 0.049878 0.040158 0.041904 0.504040 0.478407 0.049236 0.040262 0.061733 0.520000 0.280437 0.519998 0.098089 0.040694 0.070268 0.272863 0.076296 0.073543 0.074510 0.073304 0.073932 0.078171 0.163081 0.202141 0.082572 0.277744 0.091918 0.106400 0.098915 0.076613 0.074293 0.076166 0.072855 0.073292 0.074218 0.076873 0.073558 0.073126 0.075275 0.140367 0.224496 0.238010 0.306886 0.244581 0.089445 0.079579 0.075472 0.081941 0.172319 0.233493 0.275678 0.198509 0.206733 0.128120 0.093311 0.079420 0.104793 0.113781 -9999.0
-9999.0 0.065522 0.049805 0.050751 0.051235 0.051856 0.040193 0.041232 0.040164 0.494629 0.043317 0.043539 0.520000 0.372634 0.492862 0.049600 0.049859 0.046670 0.053053 0.124632 0.076903 0.074742 0.083775 0.076610 0.067994 0.073420 0.069545 0.069809 0.072407 0.083811 0.073917 0.073387 0.072077 0.068700 0.071159 0.071163 0.070529 0.071499 0.071001 0.071762 0.071601 0.071053 0.070778 0.074098 0.075323 0.074737 0.076732 0.072972 0.071867 0.075067 0.081036 0.124363 0.205931 0.275183 0.280445 0.423078 0.349593 0.322267 0.405651 0.308829 0.256936 0.116836 -9999.0
-9999.0 0.352577 0.506493 0.079435 0.366486 0.058053 0.040064 0.040471 0.471364 0.479391 0.042179 0.040698 0.331000 0.396850 0.060115 0.040024 0.041576 0.044833 0.042870 0.204241 0.343729 0.146751 0.087417 0.144278 0.101752 0.075725 0.073177 0.071289 0.072250 0.071821 0.071682 0.071957 0.070869 0.070753 0.066928 0.070021 0.067765 0.067202 0.069155 0.069368 0.069080 0.069293 0.069039 0.070950 0.070754 0.070647 0.070531 0.071314 0.072449 0.074756 0.087459 0.119640 0.280697 0.444816 0.520000 0.071580 0.064886 0.065667 0.070733 0.058656 0.077234 -9999.0 -9999.0
-9999.0 0.126574 0.053809 0.069889 0.371156 0.343276 0.368703 0.040204 0.045801 0.043451 0.050924 0.083068 0.346121 0.489104 0.040256 0.040018 0.040840 0.040084 0.040033 0.040180 0.059598 0.073899 0.121588 0.130723 0.116317 0.078570 0.074932 0.073626 0.070846 0.071413 0.069856 0.069514 0.070465 0.070177 0.069794 0.069366 0.069322 0.066947 0.069254 0.068874 0.068605 0.066677 0.068476 0.068048 0.068343 0.069606 0.070426 0.072070 0.076102 0.077016 0.165134 0.286716 0.081278 0.520000 0.055813 0.040525 0.040461 0.040193 0.040268 -9999.0 -9999.0 -9999.0 -9999.0
