erum2020/resources/simulation/Vinschgau/output-maps/thetaiceL0006N0104.asc
ncols         63
nrows         48
xllcorner     598000.000000
yllcorner     5145000.000000
cellsize      1000.000000
NODATA_value  -9999.0
[rows 0 to 28 of 48, columns 0 to 62 of 63]
-9999.0 -9999.0 -9999.0 -9999.0 -9999.0 -9999.0 -9999.0 -9999.0 -9999.0 -9999.0 -9999.0 -9999.0 -9999.0 -9999.0 -9999.0 -9999.0 -9999.0 -9999.0 -9999.0 -9999.0 -9999.0 -9999.0 -9999.0 -9999.0 -9999.0 -9999.0 -9999.0 -9999.0 -9999.0 -9999.0 -9999.0 -9999.0 -9999.0 -9999.0 -9999.0 -9999.0 -9999.0 -9999.0 -9999.0 -9999.0 -9999.0 -9999.0 -9999.0 -9999.0 -9999.0 -9999.0 -9999.0 -9999.0 -9999.0 -9999.0 -9999.0 -9999.0 -9999.0 -9999.0 -9999.0 -9999.0 -9999.0 -9999.0 -9999.0 -9999.0 -9999.0 -9999.0 -9999.0
-9999.0 -9999.0 -9999.0 -9999.0 -9999.0 -9999.0 -9999.0 -9999.0 -9999.0 -9999.0 -9999.0 -9999.0 -9999.0 -9999.0 -9999.0 -9999.0 -9999.0 -9999.0 -9999.0 -9999.0 -9999.0 -9999.0 -9999.0 -9999.0 -9999.0 -9999.0 -9999.0 0.022209 0.022194 0.022183 0.022193 0.022244 0.022262 -9999.0 -9999.0 -9999.0 -9999.0 -9999.0 -9999.0 -9999.0 -9999.0 -9999.0 -9999.0 -9999.0 -9999.0 -9999.0 -9999.0 -9999.0 -9999.0 -9999.0 -9999.0 -9999.0 -9999.0 -9999.0 -9999.0 -9999.0 -9999.0 -9999.0 -9999.0 -9999.0 -9999.0 -9999.0 -9999.0
-9999.0 -9999.0 -9999.0 -9999.0 -9999.0 -9999.0 -9999.0 -9999.0 -9999.0 -9999.0 -9999.0 -9999.0 -9999.0 -9999.0 -9999.0 -9999.0 -9999.0 -9999.0 -9999.0 -9999.0 -9999.0 -9999.0 -9999.0 -9999.0 0.066681 0.071118 0.071435 0.070818 0.072260 0.022206 0.022191 -9999.0 -9999.0 -9999.0 -9999.0 -9999.0 -9999.0 -9999.0 -9999.0 -9999.0 -9999.0 -9999.0 -9999.0 -9999.0 -9999.0 -9999.0 -9999.0 -9999.0 -9999.0 -9999.0 -9999.0 -9999.0 -9999.0 -9999.0 -9999.0 -9999.0 -9999.0 -9999.0 -9999.0 -9999.0 -9999.0 -9999.0 -9999.0
-9999.0 -9999.0 -9999.0 -9999.0 -9999.0 -9999.0 -9999.0 -9999.0 -9999.0 -9999.0 -9999.0 -9999.0 -9999.0 -9999.0 -9999.0 -9999.0 -9999.0 -9999.0 -9999.0 -9999.0 -9999.0 -9999.0 -9999.0 0.069051 0.075964 0.000000 0.000000 0.000000 0.004547 0.022213 0.022198 0.022214 -9999.0 -9999.0 -9999.0 -9999.0 -9999.0 -9999.0 -9999.0 -9999.0 -9999.0 -9999.0 -9999.0 -9999.0 -9999.0 -9999.0 -9999.0 -9999.0 -9999.0 -9999.0 -9999.0 -9999.0 -9999.0 -9999.0 -9999.0 -9999.0 -9999.0 -9999.0 -9999.0 -9999.0 -9999.0 -9999.0 -9999.0
-9999.0 -9999.0 -9999.0 -9999.0 -9999.0 -9999.0 -9999.0 -9999.0 -9999.0 -9999.0 -9999.0 -9999.0 -9999.0 -9999.0 -9999.0 -9999.0 -9999.0 -9999.0 0.000000 0.000045 -9999.0 0.068472 0.069377 0.000000 0.000000 0.000129 0.227337 0.200699 0.000000 0.053358 0.022207 0.022195 0.022213 0.022269 -9999.0 -9999.0 -9999.0 -9999.0 -9999.0 -9999.0 -9999.0 -9999.0 -9999.0 -9999.0 -9999.0 -9999.0 -9999.0 -9999.0 -9999.0 -9999.0 -9999.0 -9999.0 -9999.0 -9999.0 -9999.0 -9999.0 -9999.0 -9999.0 -9999.0 -9999.0 -9999.0 -9999.0 -9999.0
-9999.0 -9999.0 -9999.0 -9999.0 -9999.0 -9999.0 -9999.0 -9999.0 -9999.0 -9999.0 -9999.0 -9999.0 -9999.0 -9999.0 -9999.0 -9999.0 -9999.0 0.351940 0.084217 0.000624 0.022181 0.166369 0.001541 0.028639 0.000000 0.069956 0.060915 0.043653 0.059392 0.250679 0.076448 0.022203 0.022206 0.022197 0.022217 0.022312 -9999.0 -9999.0 -9999.0 -9999.0 -9999.0 -9999.0 -9999.0 -9999.0 -9999.0 -9999.0 -9999.0 -9999.0 -9999.0 -9999.0 -9999.0 -9999.0 -9999.0 -9999.0 -9999.0 -9999.0 -9999.0 -9999.0 -9999.0 -9999.0 -9999.0 -9999.0 -9999.0
-9999.0 -9999.0 -9999.0 -9999.0 -9999.0 -9999.0 -9999.0 -9999.0 -9999.0 -9999.0 -9999.0 -9999.0 -9999.0 0.022181 0.000405 0.127607 0.074898 0.022210 0.352756 0.000000 0.000000 0.000000 0.000777 0.000000 0.067463 0.082180 0.019496 0.016985 0.017369 0.066276 0.068087 0.071641 0.022205 0.022292 0.022319 0.022322 -9999.0 -9999.0 -9999.0 -9999.0 -9999.0 -9999.0 -9999.0 -9999.0 -9999.0 -9999.0 -9999.0 -9999.0 -9999.0 -9999.0 -9999.0 -9999.0 -9999.0 -9999.0 -9999.0 -9999.0 -9999.0 -9999.0 -9999.0 -9999.0 -9999.0 -9999.0 -9999.0
-9999.0 -9999.0 -9999.0 -9999.0 -9999.0 -9999.0 -9999.0 -9999.0 -9999.0 -9999.0 -9999.0 -9999.0 -9999.0 0.020684 0.000000 0.045013 0.049114 0.000000 0.022221 0.098933 0.047057 0.035717 0.056138 0.067433 0.070876 0.017670 0.022204 0.022274 0.022287 0.020965 0.061852 0.022277 0.022320 0.022326 0.022325 -9999.0 -9999.0 -9999.0 -9999.0 -9999.0 -9999.0 -9999.0 -9999.0 -9999.0 -9999.0 -9999.0 -9999.0 -9999.0 -9999.0 -9999.0 -9999.0 -9999.0 -9999.0 -9999.0 -9999.0 -9999.0 -9999.0 -9999.0 -9999.0 -9999.0 -9999.0 -9999.0 -9999.0
-9999.0 -9999.0 -9999.0 -9999.0 -9999.0 -9999.0 -9999.0 -9999.0 -9999.0 -9999.0 -9999.0 -9999.0 -9999.0 0.000000 0.000000 0.000000 0.095701 0.114794 0.022216 0.265241 0.000187 0.015622 0.070561 0.062723 0.040686 0.001603 0.022185 0.022286 0.022198 0.022307 0.022261 0.022323 0.022323 0.022326 0.022328 -9999.0 -9999.0 -9999.0 -9999.0 -9999.0 -9999.0 -9999.0 -9999.0 -9999.0 -9999.0 -9999.0 -9999.0 -9999.0 -9999.0 -9999.0 -9999.0 -9999.0 -9999.0 -9999.0 -9999.0 -9999.0 -9999.0 -9999.0 -9999.0 -9999.0 -9999.0 -9999.0 -9999.0
-9999.0 -9999.0 -9999.0 -9999.0 -9999.0 -9999.0 -9999.0 -9999.0 -9999.0 -9999.0 -9999.0 -9999.0 0.000243 0.000000 0.000000 0.067713 0.011909 0.136300 0.000000 0.000072 0.004421 0.066021 0.017683 0.062224 0.172157 0.022218 0.063741 0.022201 0.022203 0.022302 0.022272 0.022228 0.022213 0.022319 -9999.0 -9999.0 -9999.0 -9999.0 -9999.0 -9999.0 -9999.0 -9999.0 -9999.0 -9999.0 -9999.0 -9999.0 -9999.0 -9999.0 -9999.0 -9999.0 -9999.0 -9999.0 -9999.0 -9999.0 -9999.0 -9999.0 -9999.0 -9999.0 -9999.0 -9999.0 -9999.0 -9999.0 -9999.0
-9999.0 -9999.0 -9999.0 -9999.0 -9999.0 -9999.0 -9999.0 -9999.0 -9999.0 -9999.0 -9999.0 0.061551 0.068092 0.000000 0.063193 0.055144 0.018936 0.159208 0.000000 0.000077 0.037611 0.000000 0.022185 0.022181 0.017602 0.022198 0.022235 0.022186 0.064789 0.022314 0.022221 0.022456 0.022267 0.022323 0.022331 0.022322 0.022314 0.034103 0.022325 -9999.0 -9999.0 -9999.0 0.022320 -9999.0 -9999.0 -9999.0 -9999.0 -9999.0 -9999.0 -9999.0 -9999.0 -9999.0 -9999.0 -9999.0 -9999.0 -9999.0 -9999.0 -9999.0 -9999.0 -9999.0 -9999.0 -9999.0 -9999.0
-9999.0 -9999.0 -9999.0 -9999.0 -9999.0 -9999.0 -9999.0 -9999.0 -9999.0 -9999.0 -9999.0 0.065646 0.063723 0.000781 0.012936 0.022178 0.000787 0.064136 0.000000 0.000000 0.000000 0.000000 0.069897 0.062840 0.056441 0.022188 0.022195 0.022201 0.022210 0.022280 0.022212 0.022221 0.022246 0.022248 0.022316 0.022310 0.030289 0.028665 0.028930 0.022330 0.022304 0.022355 0.022290 0.022300 -9999.0 -9999.0 -9999.0 0.000575 0.005270 0.022120 0.000409 0.021745 0.021773 0.000000 0.000000 0.021383 -9999.0 -9999.0 -9999.0 -9999.0 -9999.0 -9999.0 -9999.0
-9999.0 -9999.0 -9999.0 -9999.0 -9999.0 -9999.0 -9999.0 -9999.0 -9999.0 -9999.0 -9999.0 0.067285 0.060254 0.018965 0.214350 0.022174 0.081770 0.223953 0.000000 0.000000 0.097948 0.006730 0.101095 0.067740 0.022187 0.022182 0.086125 0.020194 0.022219 0.022196 0.022286 0.017646 0.029652 0.022296 0.022332 0.034027 0.080757 0.005995 0.023595 0.022327 0.031224 0.022305 0.035450 0.022252 0.022235 -9999.0 0.022177 0.021827 0.000648 0.000125 0.000000 0.022114 0.000000 0.000000 0.000000 0.000000 -9999.0 -9999.0 -9999.0 -9999.0 -9999.0 -9999.0 -9999.0
-9999.0 -9999.0 -9999.0 -9999.0 -9999.0 -9999.0 -9999.0 -9999.0 -9999.0 -9999.0 -9999.0 -9999.0 0.055014 0.218598 0.065914 0.065007 0.127322 0.188838 0.000000 0.000000 0.110424 0.001221 0.000085 0.038552 0.062578 0.091813 0.000000 0.022194 0.022191 0.022221 0.022212 0.067004 0.022225 0.022254 0.022301 0.022313 0.060966 0.072084 0.072309 0.022325 0.081782 0.022316 0.027324 0.075299 0.022217 0.022172 0.022200 0.021837 0.019262 0.069341 0.121451 0.000000 0.000326 0.000393 0.053698 0.050927 0.000000 -9999.0 -9999.0 -9999.0 -9999.0 -9999.0 -9999.0
-9999.0 -9999.0 -9999.0 -9999.0 -9999.0 -9999.0 -9999.0 -9999.0 -9999.0 -9999.0 -9999.0 0.229557 0.070846 0.022160 0.035868 0.034688 0.004660 0.266698 0.000000 0.352594 0.100662 0.000000 0.002712 0.029932 0.104592 0.000530 0.199076 0.022193 0.022199 0.022186 0.074270 0.073518 0.035182 0.022269 0.022318 0.022339 0.022337 0.015589 0.341537 0.026173 0.023205 0.085062 0.105371 0.004519 0.000083 0.022189 0.021941 0.022166 0.022113 0.013802 0.022075 0.022156 0.067343 0.022130 0.022117 0.022142 0.021681 -9999.0 -9999.0 -9999.0 -9999.0 -9999.0 -9999.0
-9999.0 -9999.0 -9999.0 -9999.0 -9999.0 -9999.0 -9999.0 -9999.0 -9999.0 -9999.0 0.058388 0.050212 0.061025 0.078354 0.041535 0.000855 0.070548 0.080205 0.072138 0.153745 0.000000 0.000029 0.007515 0.000000 0.000000 0.091615 0.021116 0.022072 0.022139 0.000621 0.078046 0.060775 0.022214 0.022255 0.022331 0.022323 0.025796 0.060418 0.091471 0.081332 0.025817 0.019884 0.022272 0.353554 0.127969 0.022194 0.021926 0.018053 0.065714 0.097527 0.021284 0.022155 0.022131 0.022153 0.022130 0.000011 0.000001 -9999.0 -9999.0 -9999.0 -9999.0 -9999.0 -9999.0
-9999.0 -9999.0 -9999.0 -9999.0 -9999.0 -9999.0 -9999.0 -9999.0 -9999.0 0.022162 0.093756 0.110484 0.000638 0.059029 0.007486 0.068363 0.061626 0.000000 0.090595 0.352280 0.000000 0.000404 0.000109 0.000000 0.058685 0.021719 0.071413 0.000034 0.000679 0.000481 0.029573 0.021710 0.022314 0.022319 0.022314 0.022334 0.022253 0.059232 0.059559 0.066758 0.079938 0.059498 0.021641 0.201764 0.041219 0.027837 0.000000 0.008209 0.013928 0.085709 0.016195 0.022053 0.022157 0.022123 0.022070 0.016588 0.000000 0.000000 0.000000 -9999.0 -9999.0 -9999.0 -9999.0
-9999.0 -9999.0 -9999.0 -9999.0 -9999.0 -9999.0 -9999.0 -9999.0 -9999.0 0.022180 0.022172 0.022166 0.000000 0.000468 0.006006 0.049893 0.000000 0.003568 0.194877 0.000000 0.000000 0.041361 0.028282 0.000377 0.021689 0.114508 0.001527 0.000065 0.044870 0.216887 0.020729 0.021477 0.022204 0.022236 0.022226 0.022241 0.022275 0.022264 0.022294 0.022229 0.275832 0.022085 0.099630 0.080560 0.354968 0.344515 0.372337 0.060503 0.000121 0.124750 0.021490 0.019524 0.022110 0.022112 0.022128 0.012593 0.001531 0.000000 0.000000 -9999.0 -9999.0 -9999.0 -9999.0
-9999.0 -9999.0 -9999.0 -9999.0 -9999.0 -9999.0 -9999.0 -9999.0 -9999.0 -9999.0 0.022167 0.022163 0.077879 0.194889 0.019513 0.000156 0.000240 0.000253 0.176083 0.185741 0.000000 0.018065 0.000040 0.020033 0.121746 0.000201 0.008411 0.317898 0.020803 0.064054 0.022035 0.223276 0.022051 0.022196 0.022204 0.036239 0.082550 0.069777 0.022255 0.022242 0.022276 0.071793 0.071394 0.020486 0.020930 0.068447 0.048390 0.035927 0.065505 0.016765 0.020855 0.018763 0.021718 0.022077 0.054435 0.022114 0.042202 0.000320 0.000000 0.000125 -9999.0 -9999.0 -9999.0
-9999.0 -9999.0 -9999.0 -9999.0 -9999.0 -9999.0 -9999.0 -9999.0 -9999.0 -9999.0 0.022160 0.022158 0.063105 0.000660 0.000000 0.002468 0.005265 0.044857 0.324312 0.243199 0.123227 0.000000 0.000000 0.000935 0.000280 0.197131 0.278834 0.081185 0.053605 0.022116 0.022202 0.057360 0.021857 0.022193 0.022187 0.077733 0.069378 0.074984 0.018277 0.022202 0.022175 0.022198 0.057351 0.022195 0.180673 0.021484 0.043435 0.020568 0.068789 0.074842 0.035108 0.016931 0.000028 0.021793 0.022082 0.020185 0.022127 0.000000 0.375477 0.109866 -9999.0 -9999.0 -9999.0
-9999.0 -9999.0 -9999.0 -9999.0 -9999.0 -9999.0 -9999.0 -9999.0 0.000020 0.028088 0.022151 0.060460 0.071176 0.075247 0.009089 0.108206 0.109057 0.063911 0.182309 0.185603 0.334303 0.154614 0.200403 0.000000 0.000000 0.354686 0.000793 0.056668 0.056737 0.021764 0.022294 0.022194 0.022188 0.022173 0.022148 0.022203 0.022078 0.073497 0.021824 0.022212 0.022187 0.076146 0.022133 0.022238 0.022146 0.000255 0.021975 0.000000 0.048760 0.205479 0.000284 0.010021 0.000000 0.021504 0.010251 0.000000 0.000000 0.000000 0.000000 0.368365 -9999.0 -9999.0 -9999.0
-9999.0 -9999.0 -9999.0 -9999.0 -9999.0 -9999.0 -9999.0 -9999.0 0.021313 0.005319 0.016383 0.022175 0.022166 0.077166 0.060057 0.135644 0.000067 0.000594 0.049615 0.144672 0.000000 0.093500 0.262370 0.213165 0.136949 0.351030 0.162129 0.070598 0.022068 0.022169 0.022164 0.022180 0.022134 0.022195 0.006660 0.005536 0.023955 0.071587 0.017216 0.021867 0.022169 0.022239 0.022181 0.001478 0.013226 0.020631 0.022102 0.022161 0.019836 0.126865 0.162453 0.001345 0.009011 0.000000 0.021536 0.015602 0.000160 0.000632 0.076074 0.000000 0.000000 -9999.0 -9999.0
-9999.0 -9999.0 -9999.0 -9999.0 -9999.0 -9999.0 -9999.0 -9999.0 0.022181 0.022154 0.000002 0.018664 0.065108 0.021549 0.000002 0.007379 0.192258 0.012042 0.192346 0.000000 0.022107 0.048233 0.102773 0.281145 0.227983 0.127550 0.118200 0.056649 0.021246 0.022197 0.022182 0.023497 0.064508 0.018639 0.000336 0.000161 0.018541 0.045590 0.020903 0.019428 0.022174 0.022183 0.000415 0.060690 0.058245 0.075911 0.021827 0.000001 0.053719 0.058347 0.388759 0.000118 0.017786 0.020701 0.000594 0.000000 0.171326 0.220712 0.024150 0.000000 0.000000 -9999.0 -9999.0
-9999.0 -9999.0 -9999.0 -9999.0 -9999.0 -9999.0 -9999.0 -9999.0 0.022234 0.022153 0.000000 0.018721 0.000000 0.000001 0.000000 0.255231 0.046939 0.298883 0.282223 0.285569 0.117117 0.000000 0.001150 0.089619 0.000000 0.000000 0.000245 0.033011 0.000003 0.005432 0.014040 0.013877 0.002326 0.011604 0.017779 0.025520 0.025496 0.000815 0.020355 0.018334 0.005540 0.000275 0.000233 0.022168 0.000067 0.021821 0.000000 0.021961 0.000029 0.013652 0.027798 0.374540 0.129300 0.000000 0.233590 0.226451 0.085848 0.255421 0.000000 0.000000 0.000000 0.001104 -9999.0
-9999.0 -9999.0 -9999.0 -9999.0 -9999.0 -9999.0 -9999.0 -9999.0 0.066058 0.045761 0.000051 0.004548 0.000000 0.130602 0.000000 0.071120 0.065709 0.209127 0.001469 0.000000 0.330973 0.055647 0.061347 0.113578 0.000000 0.000000 0.087448 0.000087 0.000000 0.000032 0.037386 0.000176 0.036837 0.000396 0.013919 0.015621 0.027183 0.000000 0.049258 0.072013 0.015311 0.013942 0.022335 0.010636 0.016715 0.000726 0.012731 0.000715 0.006810 0.010299 0.075412 0.371485 0.276859 0.194513 0.116479 0.081738 0.000000 0.000000 0.000000 0.000000 0.371397 0.000000 -9999.0
-9999.0 -9999.0 0.022167 0.062601 0.062756 0.074084 0.041445 0.075908 0.076866 0.025561 0.055956 0.135400 0.081202 0.000000 0.000000 0.021466 0.044956 0.063683 0.065879 0.002842 0.000000 0.271593 0.099869 0.389468 0.111824 0.134975 0.000000 0.001301 0.308102 0.000000 0.000095 0.000000 0.000000 0.131995 0.000061 0.094314 0.000000 0.000000 0.000528 0.017326 0.001915 0.001147 0.052345 0.000914 0.023511 0.001206 0.017674 0.137694 0.058761 0.331636 0.163801 0.055339 0.000000 0.021199 0.000000 0.000000 0.023314 0.044359 0.073577 0.372087 0.000000 0.000000 -9999.0
-9999.0 0.015638 0.006990 0.025252 0.066161 0.006370 0.064889 0.054082 0.057731 0.022138 0.068538 0.000122 0.000000 0.000000 0.000000 0.000000 0.069028 0.062965 0.002820 0.013125 0.000000 0.304953 0.119785 0.242954 0.045694 0.247858 0.068779 0.080493 0.289856 0.173020 0.076663 0.000000 0.000000 0.000000 0.000005 0.011802 0.024334 0.084211 0.000000 0.000080 0.000659 0.071519 0.114778 0.072094 0.000551 0.196560 0.335936 0.375256 0.159889 0.383393 0.009207 0.007603 0.079418 0.117147 0.113065 0.185689 0.029089 0.032136 0.000000 0.000056 0.000000 0.000000 -9999.0
-9999.0 0.021221 0.000242 0.000040 0.000000 0.000095 0.059182 0.072178 0.073526 0.022160 0.070026 0.000140 0.032199 0.000000 0.057927 0.061883 0.020411 0.066261 0.000014 0.090738 0.000000 0.010159 0.334143 0.273557 0.019178 0.000000 0.232463 0.063946 0.067171 0.219245 0.195284 0.226517 0.314784 0.180273 0.000000 0.005508 0.000000 0.000000 0.000000 0.000000 0.021645 0.041401 0.161061 0.218250 0.146166 0.179401 0.000000 0.000000 0.000000 0.000000 0.253683 0.389817 0.063579 0.389711 0.095265 0.000000 0.000154 0.000256 0.000005 0.000000 0.000000 -9999.0 -9999.0
-9999.0 0.022134 0.068720 0.065678 0.114741 0.000000 0.000000 0.060370 0.033269 0.023705 0.000046 0.112543 0.000000 0.000000 0.000025 0.054793 0.055968 0.044845 0.068393 0.153941 0.000140 0.097300 0.000000 0.000000 0.000000 0.165019 0.150287 0.145153 0.092937 0.082655 0.095191 0.037591 0.047662 0.094126 0.048315 0.009053 0.000000 0.000000 0.000000 0.000000 0.000000 0.000000 0.000000 0.000000 0.000000 0.000000 0.000000 0.043987 0.354462 0.357269 0.062461 0.048728 0.057718 0.000000 0.015305 0.000061 0.000000 0.000000 0.000000 -9999.0 -9999.0 -9999.0 -9999.0
