erum2020/resources/simulation/Vinschgau/output-maps/thetaliqL0003N0391.asc
ncols         63
nrows         48
xllcorner     598000.000000
yllcorner     5145000.000000
cellsize      1000.000000
NODATA_value  -9999.0
[rows 0 to 28 of 48, columns 0 to 62 of 63]
-9999.0 -9999.0 -9999.0 -9999.0 -9999.0 -9999.0 -9999.0 -9999.0 -9999.0 -9999.0 -9999.0 -9999.0 -9999.0 -9999.0 -9999.0 -9999.0 -9999.0 -9999.0 -9999.0 -9999.0 -9999.0 -9999.0 -9999.0 -9999.0 -9999.0 -9999.0 -9999.0 -9999.0 -9999.0 -9999.0 -9999.0 -9999.0 -9999.0 -9999.0 -9999.0 -9999.0 -9999.0 -9999.0 -9999.0 -9999.0 -9999.0 -9999.0 -9999.0 -9999.0 -9999.0 -9999.0 -9999.0 -9999.0 -9999.0 -9999.0 -9999.0 -9999.0 -9999.0 -9999.0 -9999.0 -9999.0 -9999.0 -9999.0 -9999.0 -9999.0 -9999.0 -9999.0 -9999.0
-9999.0 -9999.0 -9999.0 -9999.0 -9999.0 -9999.0 -9999.0 -9999.0 -9999.0 -9999.0 -9999.0 -9999.0 -9999.0 -9999.0 -9999.0 -9999.0 -9999.0 -9999.0 -9999.0 -9999.0 -9999.0 -9999.0 -9999.0 -9999.0 -9999.0 -9999.0 -9999.0 0.052663 0.520000 0.063549 0.040026 0.042642 0.040121 -9999.0 -9999.0 -9999.0 -9999.0 -9999.0 -9999.0 -9999.0 -9999.0 -9999.0 -9999.0 -9999.0 -9999.0 -9999.0 -9999.0 -9999.0 -9999.0 -9999.0 -9999.0 -9999.0 -9999.0 -9999.0 -9999.0 -9999.0 -9999.0 -9999.0 -9999.0 -9999.0 -9999.0 -9999.0 -9999.0
-9999.0 -9999.0 -9999.0 -9999.0 -9999.0 -9999.0 -9999.0 -9999.0 -9999.0 -9999.0 -9999.0 -9999.0 -9999.0 -9999.0 -9999.0 -9999.0 -9999.0 -9999.0 -9999.0 -9999.0 -9999.0 -9999.0 -9999.0 -9999.0 0.336973 0.338828 0.464922 0.520000 0.520000 0.520000 0.040023 -9999.0 -9999.0 -9999.0 -9999.0 -9999.0 -9999.0 -9999.0 -9999.0 -9999.0 -9999.0 -9999.0 -9999.0 -9999.0 -9999.0 -9999.0 -9999.0 -9999.0 -9999.0 -9999.0 -9999.0 -9999.0 -9999.0 -9999.0 -9999.0 -9999.0 -9999.0 -9999.0 -9999.0 -9999.0 -9999.0 -9999.0 -9999.0
-9999.0 -9999.0 -9999.0 -9999.0 -9999.0 -9999.0 -9999.0 -9999.0 -9999.0 -9999.0 -9999.0 -9999.0 -9999.0 -9999.0 -9999.0 -9999.0 -9999.0 -9999.0 -9999.0 -9999.0 -9999.0 -9999.0 -9999.0 0.259963 0.520000 0.282055 0.356607 0.309106 0.520000 0.520000 0.520000 0.040015 -9999.0 -9999.0 -9999.0 -9999.0 -9999.0 -9999.0 -9999.0 -9999.0 -9999.0 -9999.0 -9999.0 -9999.0 -9999.0 -9999.0 -9999.0 -9999.0 -9999.0 -9999.0 -9999.0 -9999.0 -9999.0 -9999.0 -9999.0 -9999.0 -9999.0 -9999.0 -9999.0 -9999.0 -9999.0 -9999.0 -9999.0
-9999.0 -9999.0 -9999.0 -9999.0 -9999.0 -9999.0 -9999.0 -9999.0 -9999.0 -9999.0 -9999.0 -9999.0 -9999.0 -9999.0 -9999.0 -9999.0 -9999.0 -9999.0 0.383485 0.276608 -9999.0 0.326124 0.453316 0.333231 0.462921 0.520000 0.520000 0.520000 0.520000 0.489012 0.520000 0.520000 0.053610 0.020025 -9999.0 -9999.0 -9999.0 -9999.0 -9999.0 -9999.0 -9999.0 -9999.0 -9999.0 -9999.0 -9999.0 -9999.0 -9999.0 -9999.0 -9999.0 -9999.0 -9999.0 -9999.0 -9999.0 -9999.0 -9999.0 -9999.0 -9999.0 -9999.0 -9999.0 -9999.0 -9999.0 -9999.0 -9999.0
-9999.0 -9999.0 -9999.0 -9999.0 -9999.0 -9999.0 -9999.0 -9999.0 -9999.0 -9999.0 -9999.0 -9999.0 -9999.0 -9999.0 -9999.0 -9999.0 -9999.0 0.294834 0.347288 0.022120 0.091135 0.438684 0.384356 0.426838 0.520000 0.519770 0.319810 0.517634 0.482290 0.519953 0.520000 0.520000 0.074154 0.055150 0.020038 0.020756 -9999.0 -9999.0 -9999.0 -9999.0 -9999.0 -9999.0 -9999.0 -9999.0 -9999.0 -9999.0 -9999.0 -9999.0 -9999.0 -9999.0 -9999.0 -9999.0 -9999.0 -9999.0 -9999.0 -9999.0 -9999.0 -9999.0 -9999.0 -9999.0 -9999.0 -9999.0 -9999.0
-9999.0 -9999.0 -9999.0 -9999.0 -9999.0 -9999.0 -9999.0 -9999.0 -9999.0 -9999.0 -9999.0 -9999.0 -9999.0 0.500010 0.520000 0.436077 0.348759 0.129703 0.290320 0.192737 0.321208 0.387241 0.268183 0.520000 0.519134 0.040019 0.020061 0.220493 0.040044 0.040435 0.520000 0.040017 0.040013 0.040429 0.020101 0.020243 -9999.0 -9999.0 -9999.0 -9999.0 -9999.0 -9999.0 -9999.0 -9999.0 -9999.0 -9999.0 -9999.0 -9999.0 -9999.0 -9999.0 -9999.0 -9999.0 -9999.0 -9999.0 -9999.0 -9999.0 -9999.0 -9999.0 -9999.0 -9999.0 -9999.0 -9999.0 -9999.0
-9999.0 -9999.0 -9999.0 -9999.0 -9999.0 -9999.0 -9999.0 -9999.0 -9999.0 -9999.0 -9999.0 -9999.0 -9999.0 0.504692 0.440138 0.395403 0.333877 0.441990 0.062580 0.117284 0.277001 0.520000 0.520000 0.520000 0.520000 0.520000 0.405555 0.020090 0.020970 0.040119 0.040023 0.042143 0.020608 0.020403 0.020397 -9999.0 -9999.0 -9999.0 -9999.0 -9999.0 -9999.0 -9999.0 -9999.0 -9999.0 -9999.0 -9999.0 -9999.0 -9999.0 -9999.0 -9999.0 -9999.0 -9999.0 -9999.0 -9999.0 -9999.0 -9999.0 -9999.0 -9999.0 -9999.0 -9999.0 -9999.0 -9999.0 -9999.0
-9999.0 -9999.0 -9999.0 -9999.0 -9999.0 -9999.0 -9999.0 -9999.0 -9999.0 -9999.0 -9999.0 -9999.0 -9999.0 0.337083 0.520000 0.429116 0.520000 0.330754 0.069575 0.283224 0.520000 0.022198 0.520000 0.519635 0.432011 0.492567 0.048931 0.021898 0.520000 0.023033 0.041269 0.020199 0.020322 0.020029 0.020203 -9999.0 -9999.0 -9999.0 -9999.0 -9999.0 -9999.0 -9999.0 -9999.0 -9999.0 -9999.0 -9999.0 -9999.0 -9999.0 -9999.0 -9999.0 -9999.0 -9999.0 -9999.0 -9999.0 -9999.0 -9999.0 -9999.0 -9999.0 -9999.0 -9999.0 -9999.0 -9999.0 -9999.0
-9999.0 -9999.0 -9999.0 -9999.0 -9999.0 -9999.0 -9999.0 -9999.0 -9999.0 -9999.0 -9999.0 -9999.0 0.272996 0.520000 0.520000 0.481224 0.513779 0.520000 0.395134 0.022358 0.450413 0.040031 0.520000 0.040023 0.520000 0.040273 0.040036 0.040013 0.520000 0.020856 0.044311 0.047584 0.520000 0.020100 -9999.0 -9999.0 -9999.0 -9999.0 -9999.0 -9999.0 -9999.0 -9999.0 -9999.0 -9999.0 -9999.0 -9999.0 -9999.0 -9999.0 -9999.0 -9999.0 -9999.0 -9999.0 -9999.0 -9999.0 -9999.0 -9999.0 -9999.0 -9999.0 -9999.0 -9999.0 -9999.0 -9999.0 -9999.0
-9999.0 -9999.0 -9999.0 -9999.0 -9999.0 -9999.0 -9999.0 -9999.0 -9999.0 -9999.0 -9999.0 0.452903 0.520000 0.520000 0.518492 0.040026 0.032131 0.520000 0.520000 0.095710 0.520000 0.520000 0.520000 0.040052 0.520000 0.501241 0.048440 0.520000 0.520000 0.021885 0.020035 0.520000 0.043670 0.020026 0.020735 0.045198 0.099479 0.090511 0.053148 -9999.0 -9999.0 -9999.0 0.020024 -9999.0 -9999.0 -9999.0 -9999.0 -9999.0 -9999.0 -9999.0 -9999.0 -9999.0 -9999.0 -9999.0 -9999.0 -9999.0 -9999.0 -9999.0 -9999.0 -9999.0 -9999.0 -9999.0 -9999.0
-9999.0 -9999.0 -9999.0 -9999.0 -9999.0 -9999.0 -9999.0 -9999.0 -9999.0 -9999.0 -9999.0 0.040017 0.219575 0.520000 0.518966 0.043566 0.443712 0.427109 0.429205 0.360118 0.520000 0.520000 0.520000 0.512095 0.519886 0.040018 0.520000 0.520000 0.073948 0.020224 0.520000 0.520000 0.520000 0.508825 0.382132 0.520000 0.520000 0.051157 0.051386 0.021922 0.063587 0.039397 0.520000 0.021218 -9999.0 -9999.0 -9999.0 0.043364 0.040203 0.020050 0.040018 0.020174 0.024593 0.149375 0.164445 0.034846 -9999.0 -9999.0 -9999.0 -9999.0 -9999.0 -9999.0 -9999.0
-9999.0 -9999.0 -9999.0 -9999.0 -9999.0 -9999.0 -9999.0 -9999.0 -9999.0 -9999.0 -9999.0 0.517451 0.043796 0.519859 0.519944 0.520000 0.516557 0.520000 0.520000 0.434351 0.520000 0.520000 0.429927 0.520000 0.040168 0.093221 0.520000 0.520000 0.020049 0.040037 0.020076 0.516538 0.520000 0.520000 0.039981 0.520000 0.455150 0.061740 0.047736 0.021644 0.103753 0.427104 0.520000 0.520000 0.505652 -9999.0 0.024956 0.040024 0.520000 0.520000 0.520000 0.116380 0.520000 0.520000 0.520000 0.052992 -9999.0 -9999.0 -9999.0 -9999.0 -9999.0 -9999.0 -9999.0
-9999.0 -9999.0 -9999.0 -9999.0 -9999.0 -9999.0 -9999.0 -9999.0 -9999.0 -9999.0 -9999.0 -9999.0 0.040082 0.510226 0.386927 0.414001 0.127034 0.520000 0.520000 0.475152 0.476138 0.520000 0.520000 0.520000 0.421435 0.451099 0.520000 0.040019 0.040013 0.047749 0.520000 0.512316 0.520000 0.520000 0.040010 0.520000 0.313812 0.061274 0.050065 0.052492 0.091480 0.022795 0.520000 0.520000 0.022788 0.520000 0.020029 0.040031 0.516262 0.520000 0.520000 0.040052 0.520000 0.078883 0.244593 0.226906 0.145130 -9999.0 -9999.0 -9999.0 -9999.0 -9999.0 -9999.0
-9999.0 -9999.0 -9999.0 -9999.0 -9999.0 -9999.0 -9999.0 -9999.0 -9999.0 -9999.0 -9999.0 0.518500 0.058140 0.040026 0.520000 0.520000 0.520000 0.520000 0.520000 0.390294 0.499298 0.520000 0.509139 0.334199 0.379762 0.520000 0.520000 0.040126 0.417840 0.052316 0.520000 0.520000 0.520000 0.520000 0.040021 0.520000 0.289214 0.200336 0.282852 0.056361 0.075895 0.083080 0.520000 0.020982 0.520000 0.520000 0.520000 0.080336 0.088920 0.520000 0.020205 0.147915 0.224683 0.028599 0.029290 0.026576 0.034209 -9999.0 -9999.0 -9999.0 -9999.0 -9999.0 -9999.0
-9999.0 -9999.0 -9999.0 -9999.0 -9999.0 -9999.0 -9999.0 -9999.0 -9999.0 -9999.0 0.520000 0.443327 0.520000 0.399632 0.520000 0.520000 0.520000 0.295840 0.297831 0.332042 0.472346 0.386506 0.265793 0.395056 0.422421 0.520000 0.419806 0.020134 0.520000 0.520000 0.520000 0.520000 0.520000 0.040014 0.020097 0.043838 0.520000 0.368356 0.040049 0.520000 0.520000 0.116055 0.169050 0.520000 0.520000 0.073954 0.520000 0.520000 0.520000 0.520000 0.025550 0.029324 0.028531 0.027971 0.029180 0.515740 0.519956 -9999.0 -9999.0 -9999.0 -9999.0 -9999.0 -9999.0
-9999.0 -9999.0 -9999.0 -9999.0 -9999.0 -9999.0 -9999.0 -9999.0 -9999.0 0.040246 0.516056 0.519947 0.520000 0.375628 0.519582 0.520000 0.040057 0.520000 0.395104 0.225192 0.373937 0.117709 0.292701 0.362488 0.360724 0.370857 0.259610 0.520000 0.520000 0.520000 0.520000 0.487153 0.020187 0.021156 0.020086 0.039168 0.520000 0.456698 0.460876 0.520000 0.520000 0.436891 0.354281 0.500641 0.520000 0.476304 0.520000 0.083617 0.211610 0.520000 0.520000 0.020124 0.026634 0.031338 0.034336 0.085921 0.519961 0.166380 0.020557 -9999.0 -9999.0 -9999.0 -9999.0
-9999.0 -9999.0 -9999.0 -9999.0 -9999.0 -9999.0 -9999.0 -9999.0 -9999.0 0.040054 0.040274 0.080488 0.520000 0.472982 0.333519 0.315928 0.520000 0.470066 0.349439 0.081565 0.124597 0.137614 0.409999 0.520000 0.383684 0.210459 0.388191 0.439526 0.520000 0.520000 0.520000 0.501377 0.496942 0.511143 0.520000 0.070453 0.077036 0.063807 0.427822 0.520000 0.519826 0.040024 0.400773 0.520000 0.520000 0.494183 0.466143 0.213771 0.311499 0.520000 0.519971 0.518129 0.031980 0.270338 0.030715 0.238181 0.519958 0.520000 0.146249 -9999.0 -9999.0 -9999.0 -9999.0
-9999.0 -9999.0 -9999.0 -9999.0 -9999.0 -9999.0 -9999.0 -9999.0 -9999.0 -9999.0 0.040061 0.520000 0.520000 0.520000 0.368761 0.363919 0.404502 0.373946 0.320729 0.157793 0.257858 0.401627 0.362174 0.476529 0.237915 0.367972 0.342256 0.520000 0.520000 0.519335 0.512784 0.520000 0.040049 0.040126 0.520000 0.520000 0.326304 0.520000 0.095440 0.040039 0.042265 0.495379 0.520000 0.520000 0.520000 0.520000 0.520000 0.520000 0.520000 0.520000 0.520000 0.520000 0.020058 0.032799 0.228539 0.247817 0.066682 0.520000 0.520000 0.354760 -9999.0 -9999.0 -9999.0
-9999.0 -9999.0 -9999.0 -9999.0 -9999.0 -9999.0 -9999.0 -9999.0 -9999.0 -9999.0 0.040048 0.040019 0.504487 0.520000 0.520000 0.371604 0.304067 0.225243 0.162531 0.084870 0.102969 0.177876 0.222110 0.108932 0.283355 0.313813 0.520000 0.520000 0.520000 0.040102 0.040090 0.520000 0.028176 0.042919 0.040063 0.517300 0.520000 0.520000 0.518747 0.040083 0.520000 0.180536 0.519328 0.040053 0.520000 0.520000 0.520000 0.520000 0.520000 0.520000 0.520000 0.520000 0.520000 0.020050 0.025334 0.020072 0.236852 0.520000 0.520000 0.520000 -9999.0 -9999.0 -9999.0
-9999.0 -9999.0 -9999.0 -9999.0 -9999.0 -9999.0 -9999.0 -9999.0 0.520000 0.520000 0.520000 0.518679 0.520000 0.520000 0.520000 0.520000 0.273154 0.131438 0.077154 0.079487 0.080183 0.122179 0.176150 0.225993 0.235036 0.504689 0.520000 0.520000 0.520000 0.501450 0.025991 0.040039 0.040014 0.040046 0.520000 0.048334 0.520000 0.520000 0.040023 0.046901 0.020063 0.040021 0.020134 0.026930 0.083201 0.520000 0.040042 0.517418 0.520000 0.520000 0.520000 0.520000 0.520000 0.040028 0.079093 0.520000 0.155155 0.520000 0.520000 0.520000 -9999.0 -9999.0 -9999.0
-9999.0 -9999.0 -9999.0 -9999.0 -9999.0 -9999.0 -9999.0 -9999.0 0.200000 0.520000 0.520000 0.051749 0.040066 0.520000 0.373143 0.487313 0.430165 0.310881 0.133594 0.078620 0.127255 0.071468 0.088525 0.104312 0.165830 0.520000 0.520000 0.520000 0.047823 0.520000 0.492502 0.059908 0.520000 0.050014 0.520000 0.520000 0.520000 0.520000 0.520000 0.520000 0.048600 0.048040 0.022780 0.520000 0.520000 0.519292 0.020158 0.040033 0.520000 0.520000 0.520000 0.520000 0.520000 0.520000 0.520000 0.138099 0.520000 0.520000 0.518173 0.520000 0.195297 -9999.0 -9999.0
-9999.0 -9999.0 -9999.0 -9999.0 -9999.0 -9999.0 -9999.0 -9999.0 0.040110 0.520000 0.520000 0.520000 0.520000 0.042824 0.520000 0.365111 0.291073 0.199831 0.085520 0.153124 0.077035 0.072404 0.072280 0.076577 0.286361 0.426085 0.478824 0.357804 0.054250 0.520000 0.026879 0.520000 0.520000 0.520000 0.520000 0.520000 0.520000 0.520000 0.519969 0.520000 0.040018 0.020045 0.509560 0.289530 0.040040 0.040041 0.060791 0.453682 0.251443 0.520000 0.520000 0.520000 0.520000 0.520000 0.520000 0.520000 0.520000 0.520000 0.520000 0.520000 0.389121 -9999.0 -9999.0
-9999.0 -9999.0 -9999.0 -9999.0 -9999.0 -9999.0 -9999.0 -9999.0 0.022939 0.520000 0.520000 0.037278 0.520000 0.520000 0.520000 0.443985 0.262237 0.427147 0.361323 0.142247 0.084713 0.082014 0.094455 0.112092 0.245625 0.410410 0.331362 0.368714 0.436288 0.520000 0.520000 0.520000 0.520000 0.520000 0.520000 0.322525 0.405932 0.520000 0.520000 0.520000 0.520000 0.520000 0.520000 0.110246 0.376881 0.076862 0.520000 0.100852 0.453267 0.467875 0.515066 0.520000 0.520000 0.520000 0.520000 0.520000 0.520000 0.520000 0.520000 0.449679 0.476363 0.469517 -9999.0
-9999.0 -9999.0 -9999.0 -9999.0 -9999.0 -9999.0 -9999.0 -9999.0 0.040050 0.520000 0.520000 0.520000 0.520000 0.520000 0.519920 0.432891 0.520000 0.520000 0.520000 0.467904 0.232655 0.151700 0.096774 0.108375 0.141391 0.285507 0.210315 0.313678 0.334977 0.520000 0.520000 0.520000 0.520000 0.520000 0.520000 0.495922 0.445275 0.520000 0.520000 0.520000 0.520000 0.520000 0.520000 0.520000 0.520000 0.520000 0.520000 0.520000 0.449262 0.410611 0.279317 0.324485 0.495605 0.422554 0.520000 0.520000 0.520000 0.520000 0.520000 0.520000 0.520000 0.493090 -9999.0
-9999.0 -9999.0 0.520000 0.430835 0.520000 0.358616 0.520000 0.520000 0.520000 0.520000 0.520000 0.520000 0.520000 0.520000 0.520000 0.520000 0.520000 0.431064 0.377120 0.520000 0.415953 0.520000 0.520000 0.100999 0.144726 0.202043 0.284866 0.297064 0.500046 0.520000 0.323808 0.520000 0.520000 0.520000 0.520000 0.449149 0.371862 0.520000 0.520000 0.520000 0.520000 0.520000 0.520000 0.482341 0.507003 0.520000 0.520000 0.520000 0.520000 0.461283 0.372000 0.413465 0.520000 0.520000 0.520000 0.520000 0.520000 0.520000 0.520000 0.520000 0.520000 0.519975 -9999.0
-9999.0 0.324329 0.520000 0.520000 0.324808 0.520000 0.520000 0.519922 0.274004 0.503541 0.520000 0.520000 0.520000 0.520000 0.520000 0.520000 0.520000 0.434039 0.393027 0.432532 0.325934 0.520000 0.520000 0.520000 0.130977 0.080729 0.131195 0.175796 0.468132 0.454591 0.203262 0.313230 0.520000 0.520000 0.443951 0.301612 0.313180 0.360638 0.520000 0.413918 0.320822 0.520000 0.520000 0.444913 0.366456 0.410824 0.453813 0.520000 0.520000 0.520000 0.520000 0.520000 0.520000 0.520000 0.520000 0.520000 0.520000 0.520000 0.520000 0.520000 0.520000 0.520000 -9999.0
-9999.0 0.520000 0.520000 0.520000 0.340102 0.520000 0.520000 0.389847 0.441807 0.520000 0.493454 0.520000 0.520000 0.520000 0.520000 0.520000 0.520000 0.388218 0.520000 0.520000 0.520000 0.520000 0.520000 0.520000 0.465602 0.180002 0.085672 0.079027 0.375194 0.339825 0.080665 0.108444 0.520000 0.520000 0.520000 0.520000 0.328515 0.246800 0.459466 0.224206 0.482489 0.520000 0.520000 0.228051 0.078714 0.088943 0.520000 0.520000 0.520000 0.520000 0.520000 0.520000 0.520000 0.520000 0.520000 0.520000 0.520000 0.520000 0.520000 0.501366 0.497876 -9999.0 -9999.0
-9999.0 0.520000 0.520000 0.520000 0.520000 0.520000 0.420005 0.520000 0.520000 0.520000 0.520000 0.520000 0.520000 0.520000 0.520000 0.520000 0.518889 0.520000 0.520000 0.520000 0.394565 0.481910 0.314849 0.520000 0.520000 0.520000 0.520000 0.520000 0.193027 0.492125 0.091193 0.073884 0.520000 0.520000 0.520000 0.402101 0.520000 0.256177 0.321937 0.296657 0.254312 0.519990 0.491996 0.075243 0.074895 0.520000 0.520000 0.520000 0.520000 0.520000 0.520000 0.520000 0.520000 0.520000 0.520000 0.520000 0.520000 0.520000 0.519989 -9999.0 -9999.0 -9999.0 -9999.0
