erum2020/resources/simulation/Vinschgau/output-maps/thetaliqL0001N0231.asc
ncols         63
nrows         48
xllcorner     598000.000000
yllcorner     5145000.000000
cellsize      1000.000000
NODATA_value  -9999.0
[rows 0 to 28 of 48, columns 0 to 62 of 63]
-9999.0 -9999.0 -9999.0 -9999.0 -9999.0 -9999.0 -9999.0 -9999.0 -9999.0 -9999.0 -9999.0 -9999.0 -9999.0 -9999.0 -9999.0 -9999.0 -9999.0 -9999.0 -9999.0 -9999.0 -9999.0 -9999.0 -9999.0 -9999.0 -9999.0 -9999.0 -9999.0 -9999.0 -9999.0 -9999.0 -9999.0 -9999.0 -9999.0 -9999.0 -9999.0 -9999.0 -9999.0 -9999.0 -9999.0 -9999.0 -9999.0 -9999.0 -9999.0 -9999.0 -9999.0 -9999.0 -9999.0 -9999.0 -9999.0 -9999.0 -9999.0 -9999.0 -9999.0 -9999.0 -9999.0 -9999.0 -9999.0 -9999.0 -9999.0 -9999.0 -9999.0 -9999.0 -9999.0
-9999.0 -9999.0 -9999.0 -9999.0 -9999.0 -9999.0 -9999.0 -9999.0 -9999.0 -9999.0 -9999.0 -9999.0 -9999.0 -9999.0 -9999.0 -9999.0 -9999.0 -9999.0 -9999.0 -9999.0 -9999.0 -9999.0 -9999.0 -9999.0 -9999.0 -9999.0 -9999.0 0.020025 0.040009 0.020025 0.040011 0.040005 0.040005 -9999.0 -9999.0 -9999.0 -9999.0 -9999.0 -9999.0 -9999.0 -9999.0 -9999.0 -9999.0 -9999.0 -9999.0 -9999.0 -9999.0 -9999.0 -9999.0 -9999.0 -9999.0 -9999.0 -9999.0 -9999.0 -9999.0 -9999.0 -9999.0 -9999.0 -9999.0 -9999.0 -9999.0 -9999.0 -9999.0
-9999.0 -9999.0 -9999.0 -9999.0 -9999.0 -9999.0 -9999.0 -9999.0 -9999.0 -9999.0 -9999.0 -9999.0 -9999.0 -9999.0 -9999.0 -9999.0 -9999.0 -9999.0 -9999.0 -9999.0 -9999.0 -9999.0 -9999.0 -9999.0 0.040018 0.040016 0.040025 0.040014 0.040018 0.040011 0.040007 -9999.0 -9999.0 -9999.0 -9999.0 -9999.0 -9999.0 -9999.0 -9999.0 -9999.0 -9999.0 -9999.0 -9999.0 -9999.0 -9999.0 -9999.0 -9999.0 -9999.0 -9999.0 -9999.0 -9999.0 -9999.0 -9999.0 -9999.0 -9999.0 -9999.0 -9999.0 -9999.0 -9999.0 -9999.0 -9999.0 -9999.0 -9999.0
-9999.0 -9999.0 -9999.0 -9999.0 -9999.0 -9999.0 -9999.0 -9999.0 -9999.0 -9999.0 -9999.0 -9999.0 -9999.0 -9999.0 -9999.0 -9999.0 -9999.0 -9999.0 -9999.0 -9999.0 -9999.0 -9999.0 -9999.0 0.040017 0.040064 0.047182 0.040076 0.040039 0.040032 0.040013 0.040008 0.040008 -9999.0 -9999.0 -9999.0 -9999.0 -9999.0 -9999.0 -9999.0 -9999.0 -9999.0 -9999.0 -9999.0 -9999.0 -9999.0 -9999.0 -9999.0 -9999.0 -9999.0 -9999.0 -9999.0 -9999.0 -9999.0 -9999.0 -9999.0 -9999.0 -9999.0 -9999.0 -9999.0 -9999.0 -9999.0 -9999.0 -9999.0
-9999.0 -9999.0 -9999.0 -9999.0 -9999.0 -9999.0 -9999.0 -9999.0 -9999.0 -9999.0 -9999.0 -9999.0 -9999.0 -9999.0 -9999.0 -9999.0 -9999.0 -9999.0 0.040355 0.056698 -9999.0 0.040018 0.040034 0.044693 0.040029 0.040017 0.040014 0.040014 0.040028 0.040065 0.040017 0.040008 0.020022 0.020018 -9999.0 -9999.0 -9999.0 -9999.0 -9999.0 -9999.0 -9999.0 -9999.0 -9999.0 -9999.0 -9999.0 -9999.0 -9999.0 -9999.0 -9999.0 -9999.0 -9999.0 -9999.0 -9999.0 -9999.0 -9999.0 -9999.0 -9999.0 -9999.0 -9999.0 -9999.0 -9999.0 -9999.0 -9999.0
-9999.0 -9999.0 -9999.0 -9999.0 -9999.0 -9999.0 -9999.0 -9999.0 -9999.0 -9999.0 -9999.0 -9999.0 -9999.0 -9999.0 -9999.0 -9999.0 -9999.0 0.520000 0.040040 0.020067 0.020060 0.051070 0.040459 0.040018 0.040017 0.040010 0.040009 0.040013 0.040009 0.040013 0.040057 0.040012 0.020051 0.020023 0.020019 0.020016 -9999.0 -9999.0 -9999.0 -9999.0 -9999.0 -9999.0 -9999.0 -9999.0 -9999.0 -9999.0 -9999.0 -9999.0 -9999.0 -9999.0 -9999.0 -9999.0 -9999.0 -9999.0 -9999.0 -9999.0 -9999.0 -9999.0 -9999.0 -9999.0 -9999.0 -9999.0 -9999.0
-9999.0 -9999.0 -9999.0 -9999.0 -9999.0 -9999.0 -9999.0 -9999.0 -9999.0 -9999.0 -9999.0 -9999.0 -9999.0 0.040015 0.048878 0.040021 0.040032 0.020051 0.520000 0.040024 0.040016 0.040021 0.040015 0.040016 0.040011 0.040013 0.020021 0.040008 0.040007 0.040035 0.040010 0.040007 0.040006 0.040004 0.020016 0.020015 -9999.0 -9999.0 -9999.0 -9999.0 -9999.0 -9999.0 -9999.0 -9999.0 -9999.0 -9999.0 -9999.0 -9999.0 -9999.0 -9999.0 -9999.0 -9999.0 -9999.0 -9999.0 -9999.0 -9999.0 -9999.0 -9999.0 -9999.0 -9999.0 -9999.0 -9999.0 -9999.0
-9999.0 -9999.0 -9999.0 -9999.0 -9999.0 -9999.0 -9999.0 -9999.0 -9999.0 -9999.0 -9999.0 -9999.0 -9999.0 0.040141 0.055724 0.053223 0.048871 0.040063 0.020050 0.040056 0.520000 0.040009 0.040018 0.040013 0.040020 0.040011 0.040009 0.020018 0.020017 0.040007 0.040022 0.040009 0.020021 0.020020 0.020014 -9999.0 -9999.0 -9999.0 -9999.0 -9999.0 -9999.0 -9999.0 -9999.0 -9999.0 -9999.0 -9999.0 -9999.0 -9999.0 -9999.0 -9999.0 -9999.0 -9999.0 -9999.0 -9999.0 -9999.0 -9999.0 -9999.0 -9999.0 -9999.0 -9999.0 -9999.0 -9999.0 -9999.0
-9999.0 -9999.0 -9999.0 -9999.0 -9999.0 -9999.0 -9999.0 -9999.0 -9999.0 -9999.0 -9999.0 -9999.0 -9999.0 0.053164 0.040072 0.043575 0.052777 0.040046 0.020051 0.520000 0.040390 0.020022 0.040011 0.040012 0.040019 0.040041 0.020027 0.020018 0.040009 0.020016 0.040005 0.020014 0.020020 0.020014 0.020014 -9999.0 -9999.0 -9999.0 -9999.0 -9999.0 -9999.0 -9999.0 -9999.0 -9999.0 -9999.0 -9999.0 -9999.0 -9999.0 -9999.0 -9999.0 -9999.0 -9999.0 -9999.0 -9999.0 -9999.0 -9999.0 -9999.0 -9999.0 -9999.0 -9999.0 -9999.0 -9999.0 -9999.0
-9999.0 -9999.0 -9999.0 -9999.0 -9999.0 -9999.0 -9999.0 -9999.0 -9999.0 -9999.0 -9999.0 -9999.0 0.040513 0.040212 0.043083 0.040011 0.040328 0.040086 0.040042 0.020048 0.040031 0.040010 0.040010 0.040013 0.040107 0.040015 0.040012 0.040009 0.040011 0.020023 0.040005 0.020020 0.040006 0.020015 -9999.0 -9999.0 -9999.0 -9999.0 -9999.0 -9999.0 -9999.0 -9999.0 -9999.0 -9999.0 -9999.0 -9999.0 -9999.0 -9999.0 -9999.0 -9999.0 -9999.0 -9999.0 -9999.0 -9999.0 -9999.0 -9999.0 -9999.0 -9999.0 -9999.0 -9999.0 -9999.0 -9999.0 -9999.0
-9999.0 -9999.0 -9999.0 -9999.0 -9999.0 -9999.0 -9999.0 -9999.0 -9999.0 -9999.0 -9999.0 0.040024 0.040018 0.071447 0.040012 0.040012 0.020024 0.040175 0.040049 0.020051 0.040022 0.040375 0.040012 0.040011 0.040011 0.040009 0.040009 0.040010 0.040010 0.020022 0.020021 0.040010 0.020018 0.020015 0.020015 0.020016 0.040004 0.040004 0.040004 -9999.0 -9999.0 -9999.0 0.020015 -9999.0 -9999.0 -9999.0 -9999.0 -9999.0 -9999.0 -9999.0 -9999.0 -9999.0 -9999.0 -9999.0 -9999.0 -9999.0 -9999.0 -9999.0 -9999.0 -9999.0 -9999.0 -9999.0 -9999.0
-9999.0 -9999.0 -9999.0 -9999.0 -9999.0 -9999.0 -9999.0 -9999.0 -9999.0 -9999.0 -9999.0 0.040013 0.040018 0.040053 0.040063 0.040009 0.040701 0.040027 0.040051 0.040049 0.040044 0.064370 0.040016 0.040011 0.040010 0.040008 0.040010 0.040014 0.020024 0.020017 0.040009 0.040009 0.040008 0.040005 0.040004 0.040005 0.040533 0.040185 0.040202 0.020014 0.020014 0.020013 0.040007 0.020017 -9999.0 -9999.0 -9999.0 0.040439 0.040030 0.020043 0.040121 0.020060 0.020063 0.041061 0.041230 0.020072 -9999.0 -9999.0 -9999.0 -9999.0 -9999.0 -9999.0 -9999.0
-9999.0 -9999.0 -9999.0 -9999.0 -9999.0 -9999.0 -9999.0 -9999.0 -9999.0 -9999.0 -9999.0 0.040019 0.040013 0.040010 0.040131 0.040012 0.040199 0.040043 0.040034 0.040084 0.040033 0.040188 0.040327 0.040019 0.040007 0.020027 0.040089 0.040009 0.020019 0.040007 0.020018 0.040007 0.040011 0.040004 0.020015 0.040005 0.183910 0.138135 0.040078 0.020110 0.040464 0.040004 0.040008 0.040011 0.040007 -9999.0 0.020022 0.040019 0.040074 0.058685 0.045822 0.020731 0.061617 0.075838 0.043785 0.041527 -9999.0 -9999.0 -9999.0 -9999.0 -9999.0 -9999.0 -9999.0
-9999.0 -9999.0 -9999.0 -9999.0 -9999.0 -9999.0 -9999.0 -9999.0 -9999.0 -9999.0 -9999.0 -9999.0 0.040016 0.040094 0.055556 0.040089 0.040087 0.040044 0.040032 0.040083 0.040019 0.040413 0.040071 0.040222 0.040010 0.040078 0.045413 0.040007 0.040007 0.020024 0.040009 0.040009 0.040008 0.040005 0.040004 0.040004 0.040027 0.040199 0.040137 0.040145 0.040000 0.020020 0.040009 0.040015 0.020026 0.040011 0.020029 0.040017 0.040016 0.040326 0.065914 0.040062 0.080064 0.040309 0.040037 0.040040 0.040094 -9999.0 -9999.0 -9999.0 -9999.0 -9999.0 -9999.0
-9999.0 -9999.0 -9999.0 -9999.0 -9999.0 -9999.0 -9999.0 -9999.0 -9999.0 -9999.0 -9999.0 0.043290 0.040016 0.040011 0.041130 0.041248 0.041756 0.040019 0.040033 0.481323 0.040018 0.040035 0.040039 0.040020 0.040074 0.040379 0.040055 0.040006 0.040010 0.020027 0.040054 0.040025 0.040024 0.040005 0.040003 0.040004 0.040003 0.040047 0.204464 0.040394 0.040000 0.336964 0.278030 0.020028 0.040015 0.040011 0.040022 0.020049 0.020051 0.040041 0.020027 0.040013 0.040020 0.020025 0.020032 0.020027 0.020087 -9999.0 -9999.0 -9999.0 -9999.0 -9999.0 -9999.0
-9999.0 -9999.0 -9999.0 -9999.0 -9999.0 -9999.0 -9999.0 -9999.0 -9999.0 -9999.0 0.040088 0.040382 0.056549 0.040016 0.049340 0.040286 0.040011 0.040017 0.040031 0.520000 0.040033 0.061205 0.040102 0.053010 0.040039 0.040126 0.040008 0.020024 0.040059 0.040165 0.040024 0.040009 0.040007 0.040005 0.020013 0.020014 0.040005 0.040047 0.241496 0.329606 0.337578 0.020040 0.020031 0.385328 0.040013 0.020035 0.040023 0.040041 0.040018 0.040033 0.020038 0.020026 0.020027 0.020026 0.020028 0.040456 0.040592 -9999.0 -9999.0 -9999.0 -9999.0 -9999.0 -9999.0
-9999.0 -9999.0 -9999.0 -9999.0 -9999.0 -9999.0 -9999.0 -9999.0 -9999.0 0.040011 0.040069 0.040084 0.040194 0.040252 0.060861 0.040013 0.040012 0.063960 0.040021 0.520000 0.216192 0.040015 0.040016 0.040016 0.040080 0.040008 0.040034 0.040368 0.040019 0.040017 0.040014 0.040007 0.020016 0.020015 0.020016 0.020015 0.040004 0.040005 0.040004 0.040006 0.386160 0.040006 0.040007 0.510799 0.286801 0.040013 0.040015 0.040055 0.040081 0.040017 0.040141 0.020048 0.020024 0.020032 0.020052 0.040072 0.040804 0.020217 0.020129 -9999.0 -9999.0 -9999.0 -9999.0
-9999.0 -9999.0 -9999.0 -9999.0 -9999.0 -9999.0 -9999.0 -9999.0 -9999.0 0.040010 0.040011 0.040011 0.040033 0.040222 0.052020 0.040344 0.070533 0.040030 0.488620 0.408772 0.399457 0.369727 0.040100 0.047507 0.040009 0.040114 0.040036 0.040018 0.040024 0.040017 0.040010 0.040013 0.040006 0.040007 0.040008 0.020028 0.020022 0.020024 0.040004 0.040006 0.040012 0.040011 0.040021 0.040015 0.520000 0.458288 0.436691 0.040024 0.040017 0.040027 0.040020 0.040024 0.020032 0.040016 0.020027 0.040185 0.040119 0.065097 0.027356 -9999.0 -9999.0 -9999.0 -9999.0
-9999.0 -9999.0 -9999.0 -9999.0 -9999.0 -9999.0 -9999.0 -9999.0 -9999.0 -9999.0 0.040011 0.040012 0.040015 0.040028 0.040044 0.063019 0.068392 0.040020 0.520000 0.520000 0.040039 0.040024 0.040145 0.040020 0.040073 0.040019 0.040052 0.472724 0.040012 0.040008 0.040007 0.040032 0.040012 0.040006 0.040012 0.040033 0.040031 0.040023 0.020021 0.040005 0.040005 0.040015 0.040009 0.040009 0.040007 0.040007 0.040012 0.040197 0.456080 0.040013 0.040345 0.041591 0.020057 0.020035 0.040028 0.040013 0.040055 0.040059 0.040028 0.040829 -9999.0 -9999.0 -9999.0
-9999.0 -9999.0 -9999.0 -9999.0 -9999.0 -9999.0 -9999.0 -9999.0 -9999.0 -9999.0 0.040011 0.040012 0.040016 0.040091 0.040024 0.040016 0.040023 0.040042 0.520000 0.450614 0.520000 0.040019 0.040013 0.040035 0.040028 0.487298 0.520000 0.040034 0.040011 0.040006 0.040011 0.040012 0.020024 0.040006 0.040013 0.040007 0.040016 0.040045 0.040010 0.040006 0.040010 0.020027 0.040011 0.040011 0.040060 0.040012 0.040020 0.040009 0.494685 0.415385 0.040015 0.042112 0.040259 0.020061 0.020041 0.020077 0.040013 0.040135 0.375942 0.372150 -9999.0 -9999.0 -9999.0
-9999.0 -9999.0 -9999.0 -9999.0 -9999.0 -9999.0 -9999.0 -9999.0 0.062699 0.043215 0.040011 0.040016 0.040014 0.040014 0.040047 0.493051 0.514222 0.408189 0.381735 0.391817 0.463966 0.450165 0.493395 0.040013 0.040016 0.520000 0.040146 0.040010 0.040013 0.040008 0.020017 0.040007 0.040008 0.040008 0.040011 0.040009 0.040013 0.040064 0.040009 0.020026 0.020022 0.040014 0.020024 0.020019 0.020040 0.040079 0.040016 0.040072 0.040011 0.424438 0.040017 0.040174 0.040243 0.040023 0.020075 0.054042 0.020239 0.091094 0.040019 0.520000 -9999.0 -9999.0 -9999.0
-9999.0 -9999.0 -9999.0 -9999.0 -9999.0 -9999.0 -9999.0 -9999.0 0.020028 0.057205 0.040017 0.040011 0.040010 0.040017 0.040054 0.040022 0.041713 0.040060 0.390284 0.382260 0.520000 0.520000 0.482593 0.330638 0.496358 0.520000 0.280195 0.040028 0.020022 0.040013 0.040012 0.020035 0.040015 0.020029 0.040040 0.040054 0.040089 0.040080 0.040019 0.040019 0.040008 0.040005 0.020021 0.040036 0.040922 0.040034 0.020024 0.040010 0.040014 0.040036 0.353725 0.040122 0.040232 0.040987 0.040354 0.020061 0.040049 0.040017 0.426289 0.520000 0.452480 -9999.0 -9999.0
-9999.0 -9999.0 -9999.0 -9999.0 -9999.0 -9999.0 -9999.0 -9999.0 0.040013 0.040015 0.061374 0.040011 0.040031 0.020024 0.070819 0.040034 0.040000 0.040060 0.479402 0.422488 0.398859 0.520000 0.520000 0.520000 0.477837 0.040024 0.040025 0.040013 0.020028 0.040020 0.020034 0.040520 0.040021 0.040029 0.040182 0.041604 0.040018 0.040025 0.040021 0.040017 0.040015 0.020033 0.040083 0.040016 0.040014 0.040013 0.020047 0.040100 0.040021 0.040011 0.473567 0.040023 0.040086 0.040056 0.040010 0.040014 0.262946 0.409398 0.518669 0.520000 0.520000 -9999.0 -9999.0
-9999.0 -9999.0 -9999.0 -9999.0 -9999.0 -9999.0 -9999.0 -9999.0 0.020020 0.040015 0.052535 0.020049 0.065829 0.079584 0.040036 0.305358 0.520000 0.520000 0.416304 0.365637 0.520000 0.445349 0.431532 0.474427 0.040024 0.040192 0.040208 0.040064 0.057372 0.040056 0.040100 0.040087 0.040023 0.040037 0.040018 0.040049 0.040156 0.040025 0.040262 0.040030 0.040030 0.040147 0.042210 0.020075 0.040136 0.020050 0.046980 0.020090 0.048884 0.040123 0.040036 0.408961 0.167356 0.040015 0.181008 0.281657 0.421518 0.520000 0.494991 0.520000 0.520000 0.081454 -9999.0
-9999.0 -9999.0 -9999.0 -9999.0 -9999.0 -9999.0 -9999.0 -9999.0 0.040014 0.040031 0.065996 0.044624 0.040035 0.040018 0.040025 0.487308 0.040070 0.040012 0.040020 0.040024 0.387360 0.402987 0.437671 0.513880 0.040022 0.040017 0.040057 0.040379 0.040014 0.040018 0.040093 0.051473 0.040040 0.040775 0.040277 0.040446 0.040137 0.040028 0.040024 0.040464 0.040419 0.040232 0.040046 0.040100 0.040055 0.046210 0.040152 0.040020 0.040027 0.040021 0.260922 0.203413 0.327889 0.263911 0.336820 0.372151 0.455832 0.503258 0.520000 0.520000 0.049698 0.083495 -9999.0
-9999.0 -9999.0 0.040018 0.040045 0.040022 0.040046 0.043244 0.040040 0.040029 0.040038 0.040034 0.040002 0.040027 0.040043 0.367616 0.040098 0.040010 0.040013 0.040015 0.040095 0.040034 0.369379 0.484646 0.520000 0.460456 0.265969 0.040018 0.040016 0.389124 0.040017 0.040039 0.040130 0.040046 0.040016 0.040001 0.040016 0.456658 0.520000 0.040031 0.040043 0.040025 0.040019 0.040019 0.040017 0.040054 0.040034 0.248275 0.186229 0.335030 0.419493 0.461385 0.445684 0.428208 0.376070 0.369499 0.090120 0.417363 0.465080 0.040061 0.040038 0.089246 0.095582 -9999.0
-9999.0 0.053063 0.051435 0.055224 0.043924 0.064215 0.040025 0.040018 0.040016 0.040014 0.040025 0.059817 0.040089 0.040074 0.040529 0.040709 0.040017 0.040018 0.065421 0.040031 0.040018 0.520000 0.382724 0.454270 0.438695 0.501803 0.484387 0.495315 0.494127 0.419673 0.409959 0.040000 0.040054 0.392014 0.507797 0.520000 0.520000 0.520000 0.520000 0.520000 0.508008 0.512289 0.501409 0.040095 0.286222 0.371487 0.459591 0.520000 0.519297 0.520000 0.503138 0.459579 0.384904 0.312488 0.279966 0.040015 0.043902 0.042305 0.075021 0.046833 0.075218 0.096418 -9999.0
-9999.0 0.040031 0.056210 0.048589 0.046876 0.059405 0.040710 0.040113 0.040035 0.040023 0.041890 0.065458 0.040052 0.054063 0.040115 0.040020 0.040015 0.040019 0.040156 0.040022 0.045067 0.040039 0.493340 0.469379 0.370400 0.501904 0.405473 0.455021 0.519833 0.443115 0.423356 0.509888 0.520000 0.520000 0.491341 0.520000 0.520000 0.520000 0.520000 0.520000 0.520000 0.520000 0.520000 0.520000 0.520000 0.377499 0.433543 0.489146 0.520000 0.520000 0.463595 0.040011 0.040396 0.040025 0.040016 0.040240 0.040200 0.040303 0.040105 0.042885 0.044572 -9999.0 -9999.0
-9999.0 0.040015 0.040013 0.040061 0.040019 0.047908 0.040175 0.056659 0.045300 0.049813 0.072082 0.040021 0.040055 0.086899 0.041367 0.040019 0.040020 0.040028 0.040014 0.040056 0.040458 0.040026 0.040040 0.150735 0.270363 0.514556 0.520000 0.493124 0.520000 0.520000 0.425458 0.391070 0.520000 0.520000 0.520000 0.520000 0.520000 0.520000 0.520000 0.520000 0.520000 0.520000 0.520000 0.412464 0.393804 0.443289 0.520000 0.520000 0.498402 0.509978 0.040022 0.040064 0.040134 0.041746 0.040053 0.040218 0.040371 0.040607 0.040890 -9999.0 -9999.0 -9999.0 -9999.0
