erum2020/resources/simulation/Vinschgau/output-maps/thetaliqL0005N0887.asc
ncols         63
nrows         48
xllcorner     598000.000000
yllcorner     5145000.000000
cellsize      1000.000000
NODATA_value  -9999.0
[rows 0 to 28 of 48, columns 0 to 62 of 63]
-9999.0 -9999.0 -9999.0 -9999.0 -9999.0 -9999.0 -9999.0 -9999.0 -9999.0 -9999.0 -9999.0 -9999.0 -9999.0 -9999.0 -9999.0 -9999.0 -9999.0 -9999.0 -9999.0 -9999.0 -9999.0 -9999.0 -9999.0 -9999.0 -9999.0 -9999.0 -9999.0 -9999.0 -9999.0 -9999.0 -9999.0 -9999.0 -9999.0 -9999.0 -9999.0 -9999.0 -9999.0 -9999.0 -9999.0 -9999.0 -9999.0 -9999.0 -9999.0 -9999.0 -9999.0 -9999.0 -9999.0 -9999.0 -9999.0 -9999.0 -9999.0 -9999.0 -9999.0 -9999.0 -9999.0 -9999.0 -9999.0 -9999.0 -9999.0 -9999.0 -9999.0 -9999.0 -9999.0
-9999.0 -9999.0 -9999.0 -9999.0 -9999.0 -9999.0 -9999.0 -9999.0 -9999.0 -9999.0 -9999.0 -9999.0 -9999.0 -9999.0 -9999.0 -9999.0 -9999.0 -9999.0 -9999.0 -9999.0 -9999.0 -9999.0 -9999.0 -9999.0 -9999.0 -9999.0 -9999.0 0.020024 0.040010 0.020028 0.040008 0.020024 0.020023 -9999.0 -9999.0 -9999.0 -9999.0 -9999.0 -9999.0 -9999.0 -9999.0 -9999.0 -9999.0 -9999.0 -9999.0 -9999.0 -9999.0 -9999.0 -9999.0 -9999.0 -9999.0 -9999.0 -9999.0 -9999.0 -9999.0 -9999.0 -9999.0 -9999.0 -9999.0 -9999.0 -9999.0 -9999.0 -9999.0
-9999.0 -9999.0 -9999.0 -9999.0 -9999.0 -9999.0 -9999.0 -9999.0 -9999.0 -9999.0 -9999.0 -9999.0 -9999.0 -9999.0 -9999.0 -9999.0 -9999.0 -9999.0 -9999.0 -9999.0 -9999.0 -9999.0 -9999.0 -9999.0 0.040013 0.040014 0.040021 0.040013 0.040017 0.040009 0.040007 -9999.0 -9999.0 -9999.0 -9999.0 -9999.0 -9999.0 -9999.0 -9999.0 -9999.0 -9999.0 -9999.0 -9999.0 -9999.0 -9999.0 -9999.0 -9999.0 -9999.0 -9999.0 -9999.0 -9999.0 -9999.0 -9999.0 -9999.0 -9999.0 -9999.0 -9999.0 -9999.0 -9999.0 -9999.0 -9999.0 -9999.0 -9999.0
-9999.0 -9999.0 -9999.0 -9999.0 -9999.0 -9999.0 -9999.0 -9999.0 -9999.0 -9999.0 -9999.0 -9999.0 -9999.0 -9999.0 -9999.0 -9999.0 -9999.0 -9999.0 -9999.0 -9999.0 -9999.0 -9999.0 -9999.0 0.040015 0.040044 0.227343 0.259977 0.141159 0.183366 0.040016 0.040008 0.040006 -9999.0 -9999.0 -9999.0 -9999.0 -9999.0 -9999.0 -9999.0 -9999.0 -9999.0 -9999.0 -9999.0 -9999.0 -9999.0 -9999.0 -9999.0 -9999.0 -9999.0 -9999.0 -9999.0 -9999.0 -9999.0 -9999.0 -9999.0 -9999.0 -9999.0 -9999.0 -9999.0 -9999.0 -9999.0 -9999.0 -9999.0
-9999.0 -9999.0 -9999.0 -9999.0 -9999.0 -9999.0 -9999.0 -9999.0 -9999.0 -9999.0 -9999.0 -9999.0 -9999.0 -9999.0 -9999.0 -9999.0 -9999.0 -9999.0 0.361370 0.040030 -9999.0 0.040020 0.040042 0.160701 0.285747 0.123549 0.333562 0.379304 0.412013 0.258552 0.040014 0.040008 0.020020 0.020015 -9999.0 -9999.0 -9999.0 -9999.0 -9999.0 -9999.0 -9999.0 -9999.0 -9999.0 -9999.0 -9999.0 -9999.0 -9999.0 -9999.0 -9999.0 -9999.0 -9999.0 -9999.0 -9999.0 -9999.0 -9999.0 -9999.0 -9999.0 -9999.0 -9999.0 -9999.0 -9999.0 -9999.0 -9999.0
-9999.0 -9999.0 -9999.0 -9999.0 -9999.0 -9999.0 -9999.0 -9999.0 -9999.0 -9999.0 -9999.0 -9999.0 -9999.0 -9999.0 -9999.0 -9999.0 -9999.0 0.135226 0.191859 0.022566 0.020042 0.104975 0.264339 0.272180 0.303051 0.332691 0.041720 0.047747 0.048103 0.373985 0.040047 0.040014 0.020028 0.020025 0.020018 0.020016 -9999.0 -9999.0 -9999.0 -9999.0 -9999.0 -9999.0 -9999.0 -9999.0 -9999.0 -9999.0 -9999.0 -9999.0 -9999.0 -9999.0 -9999.0 -9999.0 -9999.0 -9999.0 -9999.0 -9999.0 -9999.0 -9999.0 -9999.0 -9999.0 -9999.0 -9999.0 -9999.0
-9999.0 -9999.0 -9999.0 -9999.0 -9999.0 -9999.0 -9999.0 -9999.0 -9999.0 -9999.0 -9999.0 -9999.0 -9999.0 0.040056 0.328287 0.203341 0.122747 0.023500 0.139638 0.159922 0.266715 0.264066 0.254877 0.319831 0.345675 0.040043 0.020059 0.040090 0.040112 0.044522 0.040045 0.040012 0.040008 0.040006 0.020022 0.020015 -9999.0 -9999.0 -9999.0 -9999.0 -9999.0 -9999.0 -9999.0 -9999.0 -9999.0 -9999.0 -9999.0 -9999.0 -9999.0 -9999.0 -9999.0 -9999.0 -9999.0 -9999.0 -9999.0 -9999.0 -9999.0 -9999.0 -9999.0 -9999.0 -9999.0 -9999.0 -9999.0
-9999.0 -9999.0 -9999.0 -9999.0 -9999.0 -9999.0 -9999.0 -9999.0 -9999.0 -9999.0 -9999.0 -9999.0 -9999.0 0.040366 0.286515 0.186101 0.135440 0.330652 0.023414 0.210642 0.125443 0.315840 0.300106 0.341518 0.157312 0.046178 0.040010 0.020026 0.020022 0.040037 0.040059 0.040009 0.020021 0.020014 0.020018 -9999.0 -9999.0 -9999.0 -9999.0 -9999.0 -9999.0 -9999.0 -9999.0 -9999.0 -9999.0 -9999.0 -9999.0 -9999.0 -9999.0 -9999.0 -9999.0 -9999.0 -9999.0 -9999.0 -9999.0 -9999.0 -9999.0 -9999.0 -9999.0 -9999.0 -9999.0 -9999.0 -9999.0
-9999.0 -9999.0 -9999.0 -9999.0 -9999.0 -9999.0 -9999.0 -9999.0 -9999.0 -9999.0 -9999.0 -9999.0 -9999.0 0.261235 0.430000 0.238605 0.177127 0.146348 0.023352 0.134310 0.359419 0.022278 0.325949 0.180368 0.352729 0.221862 0.020033 0.020021 0.040006 0.020016 0.040007 0.020014 0.020013 0.020011 0.020015 -9999.0 -9999.0 -9999.0 -9999.0 -9999.0 -9999.0 -9999.0 -9999.0 -9999.0 -9999.0 -9999.0 -9999.0 -9999.0 -9999.0 -9999.0 -9999.0 -9999.0 -9999.0 -9999.0 -9999.0 -9999.0 -9999.0 -9999.0 -9999.0 -9999.0 -9999.0 -9999.0 -9999.0
-9999.0 -9999.0 -9999.0 -9999.0 -9999.0 -9999.0 -9999.0 -9999.0 -9999.0 -9999.0 -9999.0 -9999.0 0.207928 0.174711 0.304454 0.346233 0.282606 0.205615 0.302655 0.023032 0.272137 0.044151 0.021278 0.040886 0.040043 0.040010 0.040015 0.040007 0.040008 0.020020 0.040003 0.020020 0.040006 0.020014 -9999.0 -9999.0 -9999.0 -9999.0 -9999.0 -9999.0 -9999.0 -9999.0 -9999.0 -9999.0 -9999.0 -9999.0 -9999.0 -9999.0 -9999.0 -9999.0 -9999.0 -9999.0 -9999.0 -9999.0 -9999.0 -9999.0 -9999.0 -9999.0 -9999.0 -9999.0 -9999.0 -9999.0 -9999.0
-9999.0 -9999.0 -9999.0 -9999.0 -9999.0 -9999.0 -9999.0 -9999.0 -9999.0 -9999.0 -9999.0 0.040066 0.387322 0.430000 0.321686 0.045642 0.023397 0.223590 0.430000 0.118260 0.178515 0.355436 0.040024 0.040011 0.040264 0.040013 0.040007 0.040009 0.040008 0.020016 0.020019 0.040010 0.020022 0.020017 0.020019 0.020023 0.040007 0.040009 0.020031 -9999.0 -9999.0 -9999.0 0.020017 -9999.0 -9999.0 -9999.0 -9999.0 -9999.0 -9999.0 -9999.0 -9999.0 -9999.0 -9999.0 -9999.0 -9999.0 -9999.0 -9999.0 -9999.0 -9999.0 -9999.0 -9999.0 -9999.0 -9999.0
-9999.0 -9999.0 -9999.0 -9999.0 -9999.0 -9999.0 -9999.0 -9999.0 -9999.0 -9999.0 -9999.0 0.040050 0.350138 0.359153 0.274611 0.040064 0.213620 0.168471 0.324403 0.361061 0.389286 0.040686 0.040033 0.040017 0.040028 0.040010 0.040008 0.040013 0.020029 0.020017 0.040009 0.040010 0.040006 0.040005 0.040005 0.040009 0.040017 0.040016 0.040010 0.020018 0.020018 0.020017 0.040009 0.020020 -9999.0 -9999.0 -9999.0 0.040003 0.040004 0.020019 0.040005 0.020017 0.020016 0.040004 0.040004 0.020015 -9999.0 -9999.0 -9999.0 -9999.0 -9999.0 -9999.0 -9999.0
-9999.0 -9999.0 -9999.0 -9999.0 -9999.0 -9999.0 -9999.0 -9999.0 -9999.0 -9999.0 -9999.0 0.040019 0.040047 0.041214 0.045579 0.040667 0.377122 0.247009 0.339789 0.322972 0.314587 0.285210 0.040062 0.040013 0.040009 0.020025 0.040037 0.040013 0.020024 0.040005 0.020022 0.040011 0.040014 0.040006 0.020020 0.040015 0.040015 0.040019 0.040024 0.020022 0.040011 0.020024 0.040014 0.040010 0.040006 -9999.0 0.020014 0.040006 0.040008 0.040012 0.020038 0.020031 0.020031 0.040008 0.020026 0.040006 -9999.0 -9999.0 -9999.0 -9999.0 -9999.0 -9999.0 -9999.0
-9999.0 -9999.0 -9999.0 -9999.0 -9999.0 -9999.0 -9999.0 -9999.0 -9999.0 -9999.0 -9999.0 -9999.0 0.040061 0.040305 0.040170 0.040225 0.306321 0.226549 0.363602 0.343531 0.286219 0.277982 0.040765 0.040094 0.040015 0.040033 0.040027 0.020035 0.040008 0.020021 0.040009 0.040011 0.020038 0.040007 0.040006 0.040010 0.040032 0.040025 0.042244 0.020037 0.040019 0.020032 0.040048 0.040024 0.020022 0.040005 0.020018 0.040006 0.040015 0.040046 0.040258 0.040012 0.040020 0.040010 0.040008 0.040008 0.040006 -9999.0 -9999.0 -9999.0 -9999.0 -9999.0 -9999.0
-9999.0 -9999.0 -9999.0 -9999.0 -9999.0 -9999.0 -9999.0 -9999.0 -9999.0 -9999.0 -9999.0 0.040146 0.040015 0.020075 0.040175 0.064803 0.372168 0.297363 0.367917 0.239134 0.258473 0.331265 0.041138 0.040029 0.040053 0.040372 0.040166 0.040007 0.040007 0.020026 0.040030 0.040016 0.040024 0.040008 0.040005 0.040009 0.040010 0.040059 0.080874 0.040064 0.040056 0.046155 0.040150 0.020088 0.040043 0.040008 0.040011 0.020027 0.020032 0.020409 0.020033 0.040008 0.040006 0.020018 0.020016 0.020015 0.020020 -9999.0 -9999.0 -9999.0 -9999.0 -9999.0 -9999.0
-9999.0 -9999.0 -9999.0 -9999.0 -9999.0 -9999.0 -9999.0 -9999.0 -9999.0 -9999.0 0.040027 0.040195 0.040028 0.040027 0.040141 0.040160 0.040125 0.320824 0.188196 0.247860 0.397876 0.419216 0.040143 0.040059 0.068243 0.040041 0.040020 0.020027 0.020037 0.040019 0.040022 0.040021 0.040019 0.040008 0.020015 0.020022 0.040014 0.040037 0.048364 0.358536 0.361086 0.030164 0.109845 0.393792 0.042667 0.020027 0.040011 0.040060 0.040119 0.070174 0.020021 0.020019 0.020015 0.020014 0.020014 0.040008 0.040008 -9999.0 -9999.0 -9999.0 -9999.0 -9999.0 -9999.0
-9999.0 -9999.0 -9999.0 -9999.0 -9999.0 -9999.0 -9999.0 -9999.0 -9999.0 0.040010 0.040038 0.040046 0.040219 0.040085 0.040227 0.040427 0.041441 0.045883 0.200337 0.187792 0.373418 0.221931 0.243703 0.333222 0.360006 0.040045 0.040014 0.040019 0.040204 0.050293 0.364002 0.020077 0.020023 0.020014 0.020017 0.020022 0.040014 0.040025 0.040034 0.040359 0.042748 0.041502 0.040186 0.272949 0.332545 0.040352 0.040178 0.040046 0.040049 0.378155 0.020049 0.020020 0.020013 0.020014 0.020017 0.040005 0.040007 0.020021 0.020018 -9999.0 -9999.0 -9999.0 -9999.0
-9999.0 -9999.0 -9999.0 -9999.0 -9999.0 -9999.0 -9999.0 -9999.0 -9999.0 0.020024 0.040010 0.040019 0.040142 0.228254 0.040342 0.040082 0.040159 0.372478 0.188379 0.295038 0.322487 0.265891 0.394590 0.047609 0.040067 0.040026 0.040094 0.050734 0.379634 0.135882 0.040183 0.040029 0.040011 0.040006 0.040008 0.020022 0.020024 0.020030 0.040009 0.040026 0.040127 0.040021 0.040113 0.383557 0.313641 0.364904 0.385225 0.318729 0.170624 0.376470 0.020047 0.040006 0.020015 0.040004 0.020020 0.040004 0.040007 0.040009 0.020025 -9999.0 -9999.0 -9999.0 -9999.0
-9999.0 -9999.0 -9999.0 -9999.0 -9999.0 -9999.0 -9999.0 -9999.0 -9999.0 -9999.0 0.040008 0.040019 0.041974 0.040241 0.277430 0.041651 0.184076 0.363595 0.182595 0.270250 0.355092 0.186468 0.350881 0.040941 0.040050 0.042649 0.364653 0.407876 0.040159 0.040041 0.040031 0.040024 0.040009 0.040007 0.040013 0.040011 0.040023 0.040043 0.020024 0.040009 0.040008 0.040027 0.040049 0.040419 0.313445 0.345256 0.318396 0.397480 0.380911 0.336771 0.020070 0.020029 0.020017 0.020015 0.040004 0.040006 0.040012 0.040043 0.040029 0.043540 -9999.0 -9999.0 -9999.0
-9999.0 -9999.0 -9999.0 -9999.0 -9999.0 -9999.0 -9999.0 -9999.0 -9999.0 -9999.0 0.040008 0.040011 0.040019 0.044123 0.419525 0.267700 0.303653 0.223315 0.199261 0.146312 0.150011 0.215191 0.312048 0.040239 0.042641 0.385406 0.430000 0.208246 0.040054 0.040010 0.040009 0.040011 0.020024 0.040006 0.040009 0.040028 0.040042 0.040338 0.040019 0.040007 0.040010 0.020037 0.040044 0.040016 0.040077 0.020323 0.054623 0.312152 0.312351 0.430000 0.073240 0.040019 0.040009 0.020018 0.020014 0.020016 0.040006 0.040045 0.430000 0.430000 -9999.0 -9999.0 -9999.0
-9999.0 -9999.0 -9999.0 -9999.0 -9999.0 -9999.0 -9999.0 -9999.0 0.040013 0.040008 0.020024 0.040014 0.040014 0.040053 0.046336 0.346644 0.184421 0.258546 0.238048 0.123692 0.125145 0.164490 0.183153 0.210855 0.345556 0.391363 0.397017 0.040096 0.040023 0.040011 0.020016 0.040009 0.040009 0.040006 0.040010 0.040010 0.040089 0.040346 0.040021 0.020022 0.020027 0.040022 0.020033 0.020023 0.020033 0.040032 0.040024 0.040106 0.304435 0.430000 0.198877 0.020157 0.040012 0.040005 0.020016 0.020024 0.020022 0.040047 0.380515 0.430000 -9999.0 -9999.0 -9999.0
-9999.0 -9999.0 -9999.0 -9999.0 -9999.0 -9999.0 -9999.0 -9999.0 0.020036 0.040030 0.040013 0.040007 0.040010 0.040021 0.040081 0.349939 0.245514 0.217263 0.117605 0.123260 0.307305 0.277458 0.273740 0.268632 0.179775 0.290578 0.387582 0.040205 0.020024 0.040007 0.040006 0.020023 0.040011 0.020024 0.040013 0.040017 0.040225 0.040925 0.040132 0.040013 0.040009 0.020018 0.020025 0.040014 0.040024 0.040066 0.020030 0.040013 0.040224 0.350699 0.430000 0.040336 0.040009 0.040006 0.020032 0.020034 0.040041 0.059814 0.420113 0.424999 0.137848 -9999.0 -9999.0
-9999.0 -9999.0 -9999.0 -9999.0 -9999.0 -9999.0 -9999.0 -9999.0 0.040009 0.040012 0.040014 0.040010 0.040008 0.020035 0.040074 0.040099 0.258479 0.280937 0.135994 0.284986 0.120997 0.227542 0.254819 0.164594 0.287812 0.244795 0.363132 0.040056 0.020028 0.040009 0.020026 0.040022 0.040018 0.020053 0.040027 0.040030 0.052011 0.429804 0.077655 0.040054 0.040013 0.020026 0.040013 0.040012 0.040026 0.040013 0.020022 0.040009 0.040017 0.384271 0.372747 0.295990 0.040009 0.040008 0.040019 0.040063 0.417383 0.429596 0.355800 0.430000 0.343597 -9999.0 -9999.0
-9999.0 -9999.0 -9999.0 -9999.0 -9999.0 -9999.0 -9999.0 -9999.0 0.020019 0.040014 0.040087 0.020026 0.040011 0.040047 0.020319 0.364386 0.151745 0.148307 0.321424 0.127438 0.134107 0.138783 0.233992 0.170284 0.188269 0.288830 0.146475 0.040030 0.040022 0.040063 0.040046 0.040108 0.022434 0.040913 0.020280 0.040058 0.173540 0.245898 0.389270 0.041349 0.040017 0.040020 0.040019 0.020033 0.040010 0.020027 0.020038 0.020031 0.040010 0.040038 0.366774 0.394150 0.350047 0.040083 0.285700 0.430000 0.426922 0.430000 0.302372 0.348605 0.343532 0.301122 -9999.0
-9999.0 -9999.0 -9999.0 -9999.0 -9999.0 -9999.0 -9999.0 -9999.0 0.040005 0.040012 0.040031 0.040041 0.040210 0.045047 0.167170 0.429974 0.423956 0.253012 0.277212 0.218356 0.158687 0.167564 0.141507 0.138295 0.313270 0.264760 0.040065 0.042402 0.339584 0.040581 0.040366 0.232716 0.430000 0.396486 0.360585 0.355908 0.344961 0.217266 0.204500 0.421359 0.373254 0.074131 0.144882 0.022796 0.040041 0.040036 0.040173 0.042330 0.040139 0.335957 0.402457 0.277053 0.359348 0.384679 0.430000 0.430000 0.430000 0.399153 0.386188 0.343764 0.272812 0.308962 -9999.0
-9999.0 -9999.0 0.020032 0.040013 0.040011 0.040022 0.040012 0.040014 0.040007 0.040009 0.040035 0.040792 0.044638 0.040405 0.420972 0.430000 0.326209 0.040058 0.040100 0.333338 0.214579 0.213851 0.387928 0.113725 0.160216 0.216051 0.274189 0.293001 0.316362 0.404319 0.347995 0.334953 0.430000 0.293808 0.365788 0.235310 0.300902 0.184537 0.165464 0.207386 0.329967 0.372966 0.303558 0.385249 0.357109 0.350133 0.417574 0.350517 0.361662 0.349774 0.303330 0.287897 0.407343 0.426863 0.430000 0.430000 0.430000 0.382987 0.380245 0.302687 0.394094 0.318430 -9999.0
-9999.0 0.040088 0.040080 0.040060 0.040024 0.040014 0.040012 0.040012 0.040009 0.040007 0.040018 0.040090 0.054414 0.041444 0.417128 0.040322 0.040047 0.040018 0.040087 0.342843 0.214705 0.248925 0.430000 0.326233 0.187214 0.167641 0.243273 0.285084 0.316829 0.366110 0.264820 0.312506 0.398122 0.381345 0.282797 0.264073 0.227396 0.142076 0.278615 0.278522 0.261441 0.293511 0.311068 0.222227 0.218506 0.204761 0.334379 0.206843 0.270692 0.283022 0.337932 0.391907 0.430000 0.430000 0.430000 0.430000 0.412416 0.388277 0.430000 0.387040 0.363980 0.321947 -9999.0
-9999.0 0.040092 0.040085 0.040313 0.040186 0.040031 0.040022 0.040010 0.040007 0.020023 0.040014 0.040057 0.324525 0.420192 0.043836 0.040023 0.040013 0.040016 0.040209 0.067507 0.385929 0.356620 0.317649 0.430000 0.404602 0.276489 0.107460 0.120807 0.274004 0.173044 0.125842 0.141055 0.349408 0.346542 0.349199 0.281182 0.308300 0.277166 0.240904 0.215023 0.244252 0.279349 0.270845 0.152083 0.102252 0.127792 0.244778 0.291643 0.303934 0.326240 0.354832 0.331698 0.379302 0.430000 0.422974 0.101080 0.052262 0.055175 0.128121 0.045167 0.188165 -9999.0 -9999.0
-9999.0 0.020052 0.040436 0.042841 0.427749 0.040119 0.040215 0.040038 0.040018 0.040019 0.040055 0.171855 0.406897 0.045702 0.040044 0.040011 0.040011 0.040021 0.040040 0.050293 0.044282 0.288991 0.223374 0.421324 0.420087 0.339608 0.342682 0.338990 0.145027 0.267474 0.112441 0.103454 0.315224 0.321161 0.281201 0.235087 0.242668 0.264790 0.221488 0.211592 0.214533 0.288378 0.253131 0.098306 0.097432 0.282399 0.280377 0.327391 0.347751 0.281826 0.364143 0.045399 0.098189 0.040242 0.042566 0.040087 0.040084 0.040060 0.040066 -9999.0 -9999.0 -9999.0 -9999.0
