erum2020/resources/simulation/Vinschgau/output-maps/thetaliqL0006N0207.asc
ncols         63
nrows         48
xllcorner     598000.000000
yllcorner     5145000.000000
cellsize      1000.000000
NODATA_value  -9999.0
[rows 0 to 28 of 48, columns 0 to 62 of 63]
-9999.0 -9999.0 -9999.0 -9999.0 -9999.0 -9999.0 -9999.0 -9999.0 -9999.0 -9999.0 -9999.0 -9999.0 -9999.0 -9999.0 -9999.0 -9999.0 -9999.0 -9999.0 -9999.0 -9999.0 -9999.0 -9999.0 -9999.0 -9999.0 -9999.0 -9999.0 -9999.0 -9999.0 -9999.0 -9999.0 -9999.0 -9999.0 -9999.0 -9999.0 -9999.0 -9999.0 -9999.0 -9999.0 -9999.0 -9999.0 -9999.0 -9999.0 -9999.0 -9999.0 -9999.0 -9999.0 -9999.0 -9999.0 -9999.0 -9999.0 -9999.0 -9999.0 -9999.0 -9999.0 -9999.0 -9999.0 -9999.0 -9999.0 -9999.0 -9999.0 -9999.0 -9999.0 -9999.0
-9999.0 -9999.0 -9999.0 -9999.0 -9999.0 -9999.0 -9999.0 -9999.0 -9999.0 -9999.0 -9999.0 -9999.0 -9999.0 -9999.0 -9999.0 -9999.0 -9999.0 -9999.0 -9999.0 -9999.0 -9999.0 -9999.0 -9999.0 -9999.0 -9999.0 -9999.0 -9999.0 0.020026 0.020024 0.020022 0.020024 0.020021 0.020020 -9999.0 -9999.0 -9999.0 -9999.0 -9999.0 -9999.0 -9999.0 -9999.0 -9999.0 -9999.0 -9999.0 -9999.0 -9999.0 -9999.0 -9999.0 -9999.0 -9999.0 -9999.0 -9999.0 -9999.0 -9999.0 -9999.0 -9999.0 -9999.0 -9999.0 -9999.0 -9999.0 -9999.0 -9999.0 -9999.0
-9999.0 -9999.0 -9999.0 -9999.0 -9999.0 -9999.0 -9999.0 -9999.0 -9999.0 -9999.0 -9999.0 -9999.0 -9999.0 -9999.0 -9999.0 -9999.0 -9999.0 -9999.0 -9999.0 -9999.0 -9999.0 -9999.0 -9999.0 -9999.0 0.040020 0.040008 0.040006 0.040006 0.040006 0.020022 0.020025 -9999.0 -9999.0 -9999.0 -9999.0 -9999.0 -9999.0 -9999.0 -9999.0 -9999.0 -9999.0 -9999.0 -9999.0 -9999.0 -9999.0 -9999.0 -9999.0 -9999.0 -9999.0 -9999.0 -9999.0 -9999.0 -9999.0 -9999.0 -9999.0 -9999.0 -9999.0 -9999.0 -9999.0 -9999.0 -9999.0 -9999.0 -9999.0
-9999.0 -9999.0 -9999.0 -9999.0 -9999.0 -9999.0 -9999.0 -9999.0 -9999.0 -9999.0 -9999.0 -9999.0 -9999.0 -9999.0 -9999.0 -9999.0 -9999.0 -9999.0 -9999.0 -9999.0 -9999.0 -9999.0 -9999.0 0.040010 0.040009 0.040121 0.040018 0.020044 0.020025 0.020020 0.020021 0.020028 -9999.0 -9999.0 -9999.0 -9999.0 -9999.0 -9999.0 -9999.0 -9999.0 -9999.0 -9999.0 -9999.0 -9999.0 -9999.0 -9999.0 -9999.0 -9999.0 -9999.0 -9999.0 -9999.0 -9999.0 -9999.0 -9999.0 -9999.0 -9999.0 -9999.0 -9999.0 -9999.0 -9999.0 -9999.0 -9999.0 -9999.0
-9999.0 -9999.0 -9999.0 -9999.0 -9999.0 -9999.0 -9999.0 -9999.0 -9999.0 -9999.0 -9999.0 -9999.0 -9999.0 -9999.0 -9999.0 -9999.0 -9999.0 -9999.0 0.040111 0.040021 -9999.0 0.040017 0.040013 0.020052 0.040020 0.020017 0.040017 0.040018 0.040010 0.040008 0.020019 0.020022 0.020019 0.020017 -9999.0 -9999.0 -9999.0 -9999.0 -9999.0 -9999.0 -9999.0 -9999.0 -9999.0 -9999.0 -9999.0 -9999.0 -9999.0 -9999.0 -9999.0 -9999.0 -9999.0 -9999.0 -9999.0 -9999.0 -9999.0 -9999.0 -9999.0 -9999.0 -9999.0 -9999.0 -9999.0 -9999.0 -9999.0
-9999.0 -9999.0 -9999.0 -9999.0 -9999.0 -9999.0 -9999.0 -9999.0 -9999.0 -9999.0 -9999.0 -9999.0 -9999.0 -9999.0 -9999.0 -9999.0 -9999.0 0.040030 0.040004 0.020022 0.020027 0.040022 0.040022 0.020022 0.040013 0.040007 0.040010 0.040019 0.040009 0.040016 0.040007 0.020020 0.020018 0.020017 0.020020 0.020018 -9999.0 -9999.0 -9999.0 -9999.0 -9999.0 -9999.0 -9999.0 -9999.0 -9999.0 -9999.0 -9999.0 -9999.0 -9999.0 -9999.0 -9999.0 -9999.0 -9999.0 -9999.0 -9999.0 -9999.0 -9999.0 -9999.0 -9999.0 -9999.0 -9999.0 -9999.0 -9999.0
-9999.0 -9999.0 -9999.0 -9999.0 -9999.0 -9999.0 -9999.0 -9999.0 -9999.0 -9999.0 -9999.0 -9999.0 -9999.0 0.020037 0.040025 0.040011 0.040009 0.020021 0.040021 0.020032 0.040014 0.040016 0.020019 0.040010 0.040006 0.040009 0.020025 0.020030 0.020026 0.040014 0.040011 0.040007 0.020023 0.020017 0.020017 0.020016 -9999.0 -9999.0 -9999.0 -9999.0 -9999.0 -9999.0 -9999.0 -9999.0 -9999.0 -9999.0 -9999.0 -9999.0 -9999.0 -9999.0 -9999.0 -9999.0 -9999.0 -9999.0 -9999.0 -9999.0 -9999.0 -9999.0 -9999.0 -9999.0 -9999.0 -9999.0 -9999.0
-9999.0 -9999.0 -9999.0 -9999.0 -9999.0 -9999.0 -9999.0 -9999.0 -9999.0 -9999.0 -9999.0 -9999.0 -9999.0 0.040032 0.040355 0.040023 0.040021 0.040064 0.020020 0.040005 0.020019 0.020023 0.040016 0.040009 0.040012 0.020030 0.020024 0.020020 0.020020 0.020025 0.040010 0.020018 0.020017 0.020016 0.020016 -9999.0 -9999.0 -9999.0 -9999.0 -9999.0 -9999.0 -9999.0 -9999.0 -9999.0 -9999.0 -9999.0 -9999.0 -9999.0 -9999.0 -9999.0 -9999.0 -9999.0 -9999.0 -9999.0 -9999.0 -9999.0 -9999.0 -9999.0 -9999.0 -9999.0 -9999.0 -9999.0 -9999.0
-9999.0 -9999.0 -9999.0 -9999.0 -9999.0 -9999.0 -9999.0 -9999.0 -9999.0 -9999.0 -9999.0 -9999.0 -9999.0 0.040026 0.040020 0.044061 0.040025 0.040013 0.020020 0.040012 0.040029 0.020024 0.040011 0.040015 0.040031 0.040047 0.020024 0.020020 0.020023 0.020018 0.020019 0.020016 0.020016 0.020015 0.020016 -9999.0 -9999.0 -9999.0 -9999.0 -9999.0 -9999.0 -9999.0 -9999.0 -9999.0 -9999.0 -9999.0 -9999.0 -9999.0 -9999.0 -9999.0 -9999.0 -9999.0 -9999.0 -9999.0 -9999.0 -9999.0 -9999.0 -9999.0 -9999.0 -9999.0 -9999.0 -9999.0 -9999.0
-9999.0 -9999.0 -9999.0 -9999.0 -9999.0 -9999.0 -9999.0 -9999.0 -9999.0 -9999.0 -9999.0 -9999.0 0.020069 0.040057 0.056357 0.040008 0.040149 0.040016 0.040014 0.020020 0.040019 0.040011 0.020034 0.040018 0.040033 0.020022 0.040017 0.020029 0.020023 0.020019 0.020018 0.020019 0.020018 0.020016 -9999.0 -9999.0 -9999.0 -9999.0 -9999.0 -9999.0 -9999.0 -9999.0 -9999.0 -9999.0 -9999.0 -9999.0 -9999.0 -9999.0 -9999.0 -9999.0 -9999.0 -9999.0 -9999.0 -9999.0 -9999.0 -9999.0 -9999.0 -9999.0 -9999.0 -9999.0 -9999.0 -9999.0 -9999.0
-9999.0 -9999.0 -9999.0 -9999.0 -9999.0 -9999.0 -9999.0 -9999.0 -9999.0 -9999.0 -9999.0 0.040039 0.040016 0.040219 0.040010 0.040012 0.020024 0.040017 0.040018 0.020021 0.020022 0.040088 0.020034 0.020026 0.020032 0.020030 0.020021 0.020030 0.040007 0.020018 0.020022 0.020019 0.020018 0.020015 0.020014 0.020012 0.020011 0.020010 0.020010 -9999.0 -9999.0 -9999.0 0.020014 -9999.0 -9999.0 -9999.0 -9999.0 -9999.0 -9999.0 -9999.0 -9999.0 -9999.0 -9999.0 -9999.0 -9999.0 -9999.0 -9999.0 -9999.0 -9999.0 -9999.0 -9999.0 -9999.0 -9999.0
-9999.0 -9999.0 -9999.0 -9999.0 -9999.0 -9999.0 -9999.0 -9999.0 -9999.0 -9999.0 -9999.0 0.040014 0.040023 0.020073 0.040035 0.020030 0.040024 0.040006 0.040016 0.040072 0.040022 0.020070 0.040016 0.040011 0.040011 0.020027 0.020027 0.020026 0.020027 0.020019 0.020020 0.020018 0.020016 0.020018 0.020013 0.020012 0.020011 0.020022 0.020020 0.020009 0.020009 0.020011 0.020013 0.020016 -9999.0 -9999.0 -9999.0 0.041049 0.020108 0.020066 0.020120 0.020129 0.020148 0.180165 0.182172 0.020182 -9999.0 -9999.0 -9999.0 -9999.0 -9999.0 -9999.0 -9999.0
-9999.0 -9999.0 -9999.0 -9999.0 -9999.0 -9999.0 -9999.0 -9999.0 -9999.0 -9999.0 -9999.0 0.040018 0.040016 0.020025 0.040035 0.020029 0.040017 0.040008 0.040007 0.040019 0.040037 0.020040 0.040014 0.040013 0.020025 0.020024 0.040008 0.020027 0.020022 0.020025 0.020019 0.020019 0.020017 0.020016 0.020013 0.020011 0.040004 0.020020 0.020027 0.020017 0.020010 0.020011 0.020013 0.020015 0.020022 -9999.0 0.020028 0.020069 0.020086 0.020077 0.020077 0.020054 0.020129 0.128007 0.052186 0.082385 -9999.0 -9999.0 -9999.0 -9999.0 -9999.0 -9999.0 -9999.0
-9999.0 -9999.0 -9999.0 -9999.0 -9999.0 -9999.0 -9999.0 -9999.0 -9999.0 -9999.0 -9999.0 -9999.0 0.040022 0.040036 0.040038 0.040040 0.040010 0.040009 0.040012 0.040017 0.040007 0.020047 0.020053 0.040014 0.040008 0.040010 0.040037 0.020023 0.020025 0.020025 0.020023 0.040005 0.020018 0.020016 0.020014 0.020011 0.040003 0.040004 0.040009 0.020020 0.040002 0.020012 0.020013 0.040005 0.020017 0.020029 0.020032 0.020065 0.020044 0.040010 0.040026 0.040067 0.042810 0.043614 0.040092 0.040108 0.040404 -9999.0 -9999.0 -9999.0 -9999.0 -9999.0 -9999.0
-9999.0 -9999.0 -9999.0 -9999.0 -9999.0 -9999.0 -9999.0 -9999.0 -9999.0 -9999.0 -9999.0 0.040037 0.040015 0.020035 0.040026 0.040028 0.040026 0.040009 0.040017 0.040027 0.040006 0.040022 0.040036 0.020029 0.040012 0.040023 0.040033 0.020024 0.020026 0.020023 0.040006 0.040005 0.020019 0.020017 0.020014 0.020012 0.020010 0.020016 0.040005 0.020033 0.020014 0.040005 0.040004 0.020016 0.020021 0.020029 0.020041 0.020029 0.020041 0.020022 0.020035 0.020040 0.040030 0.020032 0.020040 0.020034 0.020180 -9999.0 -9999.0 -9999.0 -9999.0 -9999.0 -9999.0
-9999.0 -9999.0 -9999.0 -9999.0 -9999.0 -9999.0 -9999.0 -9999.0 -9999.0 -9999.0 0.040048 0.040039 0.040041 0.040015 0.040061 0.040022 0.040010 0.040014 0.040014 0.040015 0.040058 0.040162 0.020035 0.040053 0.040017 0.040031 0.020028 0.020021 0.020030 0.020046 0.040007 0.040007 0.020023 0.020018 0.020014 0.020013 0.020011 0.040003 0.040005 0.040009 0.020033 0.020015 0.020015 0.040009 0.040005 0.020018 0.020042 0.020022 0.040008 0.040007 0.020034 0.020033 0.020034 0.020032 0.020036 0.060000 0.063706 -9999.0 -9999.0 -9999.0 -9999.0 -9999.0 -9999.0
-9999.0 -9999.0 -9999.0 -9999.0 -9999.0 -9999.0 -9999.0 -9999.0 -9999.0 0.020038 0.040053 0.040044 0.040026 0.040025 0.040173 0.040014 0.040015 0.040042 0.040005 0.040030 0.040016 0.040006 0.020024 0.040008 0.040028 0.020026 0.040006 0.020058 0.020025 0.040007 0.040004 0.020022 0.020018 0.020016 0.020016 0.020015 0.020015 0.040003 0.040003 0.040003 0.040006 0.040004 0.020018 0.040010 0.020018 0.020019 0.020040 0.020023 0.020028 0.040017 0.020032 0.020091 0.020030 0.020045 0.020112 0.020159 0.095399 0.020151 0.020175 -9999.0 -9999.0 -9999.0 -9999.0
-9999.0 -9999.0 -9999.0 -9999.0 -9999.0 -9999.0 -9999.0 -9999.0 -9999.0 0.020036 0.020041 0.020038 0.040021 0.040024 0.040031 0.040042 0.178212 0.040011 0.040006 0.040014 0.040014 0.040056 0.040021 0.040030 0.020028 0.040009 0.040011 0.040009 0.040005 0.040021 0.020025 0.020020 0.020022 0.020024 0.020018 0.020015 0.020014 0.020014 0.020016 0.020018 0.040011 0.020019 0.040005 0.040004 0.040019 0.040017 0.040016 0.020019 0.020027 0.040007 0.020041 0.020056 0.020046 0.020059 0.020036 0.040603 0.020202 0.040132 0.020135 -9999.0 -9999.0 -9999.0 -9999.0
-9999.0 -9999.0 -9999.0 -9999.0 -9999.0 -9999.0 -9999.0 -9999.0 -9999.0 -9999.0 0.020041 0.020039 0.040017 0.040017 0.020032 0.040032 0.040031 0.040018 0.040039 0.040077 0.040026 0.020024 0.040036 0.020062 0.040009 0.040008 0.040005 0.040012 0.020028 0.040009 0.020026 0.040032 0.020023 0.020022 0.020021 0.020022 0.040005 0.040004 0.020017 0.020018 0.020018 0.040007 0.040006 0.020029 0.020021 0.040004 0.020020 0.040021 0.020053 0.020021 0.020034 0.020055 0.020132 0.020050 0.040090 0.020048 0.040091 0.020068 0.020083 0.112229 -9999.0 -9999.0 -9999.0
-9999.0 -9999.0 -9999.0 -9999.0 -9999.0 -9999.0 -9999.0 -9999.0 -9999.0 -9999.0 0.020041 0.020040 0.040030 0.040042 0.040082 0.040009 0.040010 0.040008 0.040033 0.048373 0.040007 0.040005 0.040010 0.040012 0.040012 0.040007 0.040023 0.040007 0.040009 0.020022 0.020023 0.040016 0.020022 0.020023 0.020022 0.040007 0.040005 0.040005 0.020019 0.020023 0.020032 0.020029 0.040013 0.020026 0.040045 0.020039 0.040035 0.020025 0.020039 0.020021 0.020023 0.020083 0.040056 0.020143 0.020067 0.020145 0.020049 0.020150 0.040007 0.040020 -9999.0 -9999.0 -9999.0
-9999.0 -9999.0 -9999.0 -9999.0 -9999.0 -9999.0 -9999.0 -9999.0 0.040037 0.020091 0.020032 0.040028 0.040018 0.040017 0.040044 0.040013 0.040006 0.040086 0.064174 0.065832 0.040084 0.040027 0.040012 0.040005 0.040005 0.040024 0.040014 0.040009 0.040014 0.020027 0.020020 0.020025 0.020029 0.020031 0.020039 0.020021 0.020043 0.040006 0.020020 0.020029 0.020025 0.040009 0.020024 0.020023 0.020037 0.040044 0.020031 0.040055 0.020025 0.040013 0.040014 0.020039 0.040059 0.020098 0.020129 0.020267 0.020117 0.201604 0.020032 0.040016 -9999.0 -9999.0 -9999.0
-9999.0 -9999.0 -9999.0 -9999.0 -9999.0 -9999.0 -9999.0 -9999.0 0.020033 0.040036 0.020030 0.020030 0.020036 0.040025 0.040049 0.040018 0.040032 0.040029 0.021987 0.111621 0.110338 0.059303 0.040085 0.040038 0.040017 0.040034 0.040007 0.040009 0.020024 0.020036 0.020039 0.020026 0.020047 0.020034 0.040047 0.040038 0.020031 0.040008 0.020026 0.020054 0.020031 0.020022 0.020026 0.020088 0.040028 0.040059 0.020030 0.020035 0.020044 0.040011 0.040006 0.040021 0.040061 0.094258 0.020046 0.020037 0.020058 0.020034 0.020052 0.072778 0.072975 -9999.0 -9999.0
-9999.0 -9999.0 -9999.0 -9999.0 -9999.0 -9999.0 -9999.0 -9999.0 0.020036 0.020044 0.020081 0.020031 0.040024 0.020029 0.040035 0.020027 0.040005 0.040007 0.115052 0.054643 0.187482 0.040148 0.055789 0.040529 0.060246 0.040006 0.040008 0.040009 0.020020 0.020028 0.020027 0.040022 0.040008 0.020024 0.040048 0.020063 0.020054 0.020024 0.020030 0.020042 0.020055 0.020046 0.040056 0.040030 0.040023 0.040019 0.020075 0.040192 0.040055 0.020028 0.040033 0.040007 0.020032 0.020035 0.020025 0.040008 0.040010 0.040015 0.040038 0.040189 0.073108 -9999.0 -9999.0
-9999.0 -9999.0 -9999.0 -9999.0 -9999.0 -9999.0 -9999.0 -9999.0 0.020024 0.020045 0.040288 0.020025 0.040086 0.041222 0.020035 0.040006 0.020068 0.054807 0.040022 0.186691 0.063936 0.134573 0.090636 0.065929 0.040019 0.040026 0.040037 0.020026 0.040025 0.020044 0.020028 0.020029 0.020027 0.040013 0.020033 0.020042 0.020038 0.040018 0.020028 0.020034 0.020098 0.020095 0.020089 0.020031 0.040055 0.020066 0.020088 0.020053 0.020084 0.020030 0.040035 0.040026 0.040009 0.040014 0.040010 0.040013 0.040021 0.040035 0.161687 0.073160 0.040147 0.040168 -9999.0
-9999.0 -9999.0 -9999.0 -9999.0 -9999.0 -9999.0 -9999.0 -9999.0 0.040017 0.040049 0.041175 0.020068 0.020056 0.040006 0.040013 0.040010 0.040012 0.040006 0.040029 0.040013 0.040048 0.079110 0.093062 0.040033 0.040007 0.040028 0.040010 0.040025 0.040010 0.040019 0.020033 0.040027 0.020022 0.040025 0.020029 0.020033 0.020036 0.040018 0.020028 0.040013 0.020030 0.020031 0.020035 0.020030 0.020032 0.020078 0.020030 0.020034 0.020034 0.020030 0.020025 0.040016 0.040025 0.040015 0.040018 0.040031 0.041203 0.066014 0.040037 0.040062 0.040006 0.070109 -9999.0
-9999.0 -9999.0 0.020037 0.040045 0.040035 0.040017 0.040043 0.040013 0.040025 0.040057 0.040034 0.040019 0.040021 0.040020 0.040008 0.040018 0.020024 0.040016 0.040021 0.040034 0.040013 0.141128 0.073440 0.040023 0.040020 0.040006 0.040008 0.040006 0.040007 0.040017 0.040020 0.040022 0.040049 0.040006 0.040008 0.040007 0.040008 0.040011 0.020032 0.020036 0.020033 0.020025 0.020026 0.040014 0.020034 0.020037 0.040006 0.040008 0.020030 0.040015 0.040021 0.040035 0.041200 0.040456 0.040179 0.040050 0.040023 0.040033 0.040005 0.040006 0.189096 0.308982 -9999.0
-9999.0 0.040032 0.040028 0.040040 0.040031 0.040037 0.040034 0.040027 0.040024 0.020049 0.040039 0.040088 0.040097 0.040102 0.040105 0.020086 0.040024 0.040029 0.040090 0.040021 0.040007 0.040042 0.040035 0.145168 0.040106 0.040013 0.040148 0.040176 0.040014 0.040009 0.040013 0.040006 0.040007 0.040049 0.040013 0.040025 0.040026 0.040111 0.040057 0.040107 0.040014 0.040015 0.040013 0.040007 0.040006 0.040012 0.040076 0.040039 0.040031 0.040031 0.040492 0.040195 0.040047 0.040020 0.040019 0.040007 0.040127 0.040137 0.040163 0.140046 0.383251 0.382834 -9999.0
-9999.0 0.040046 0.040026 0.040026 0.069325 0.040027 0.040015 0.040011 0.040019 0.020034 0.040022 0.040035 0.040024 0.040131 0.020030 0.040021 0.020052 0.040013 0.040029 0.040013 0.040136 0.040018 0.040027 0.040021 0.040498 0.064071 0.154741 0.072927 0.072632 0.220858 0.211140 0.053253 0.040016 0.040029 0.040135 0.040145 0.065284 0.276457 0.061951 0.056962 0.056976 0.040310 0.040033 0.061151 0.082997 0.193930 0.084064 0.077182 0.071400 0.065278 0.040034 0.040005 0.040126 0.040006 0.040011 0.040172 0.040048 0.040977 0.040099 0.187097 0.223126 -9999.0 -9999.0
-9999.0 0.020053 0.040013 0.040036 0.040005 0.107527 0.040872 0.040033 0.040034 0.040039 0.040122 0.040011 0.040019 0.040177 0.040082 0.040027 0.040044 0.040057 0.040015 0.040023 0.040040 0.040032 0.040067 0.040015 0.040013 0.040228 0.062345 0.069459 0.070896 0.071024 0.071921 0.074493 0.074320 0.040033 0.067661 0.066169 0.053342 0.044275 0.067829 0.070757 0.071928 0.072004 0.072940 0.082070 0.080755 0.079359 0.062299 0.040083 0.040044 0.040027 0.040027 0.040036 0.040179 0.040154 0.040072 0.042366 0.050712 0.090566 0.122595 -9999.0 -9999.0 -9999.0 -9999.0
