erum2020/resources/simulation/Vinschgau/output-maps/thetaiceL0003N0254.asc
ncols         63
nrows         48
xllcorner     598000.000000
yllcorner     5145000.000000
cellsize      1000.000000
NODATA_value  -9999.0
[rows 0 to 28 of 48, columns 0 to 62 of 63]
-9999.0 -9999.0 -9999.0 -9999.0 -9999.0 -9999.0 -9999.0 -9999.0 -9999.0 -9999.0 -9999.0 -9999.0 -9999.0 -9999.0 -9999.0 -9999.0 -9999.0 -9999.0 -9999.0 -9999.0 -9999.0 -9999.0 -9999.0 -9999.0 -9999.0 -9999.0 -9999.0 -9999.0 -9999.0 -9999.0 -9999.0 -9999.0 -9999.0 -9999.0 -9999.0 -9999.0 -9999.0 -9999.0 -9999.0 -9999.0 -9999.0 -9999.0 -9999.0 -9999.0 -9999.0 -9999.0 -9999.0 -9999.0 -9999.0 -9999.0 -9999.0 -9999.0 -9999.0 -9999.0 -9999.0 -9999.0 -9999.0 -9999.0 -9999.0 -9999.0 -9999.0 -9999.0 -9999.0
-9999.0 -9999.0 -9999.0 -9999.0 -9999.0 -9999.0 -9999.0 -9999.0 -9999.0 -9999.0 -9999.0 -9999.0 -9999.0 -9999.0 -9999.0 -9999.0 -9999.0 -9999.0 -9999.0 -9999.0 -9999.0 -9999.0 -9999.0 -9999.0 -9999.0 -9999.0 -9999.0 0.023410 0.173131 0.021347 0.212229 0.212684 0.223206 -9999.0 -9999.0 -9999.0 -9999.0 -9999.0 -9999.0 -9999.0 -9999.0 -9999.0 -9999.0 -9999.0 -9999.0 -9999.0 -9999.0 -9999.0 -9999.0 -9999.0 -9999.0 -9999.0 -9999.0 -9999.0 -9999.0 -9999.0 -9999.0 -9999.0 -9999.0 -9999.0 -9999.0 -9999.0 -9999.0
-9999.0 -9999.0 -9999.0 -9999.0 -9999.0 -9999.0 -9999.0 -9999.0 -9999.0 -9999.0 -9999.0 -9999.0 -9999.0 -9999.0 -9999.0 -9999.0 -9999.0 -9999.0 -9999.0 -9999.0 -9999.0 -9999.0 -9999.0 -9999.0 0.172715 0.204941 0.199789 0.318057 0.229795 0.258034 0.276197 -9999.0 -9999.0 -9999.0 -9999.0 -9999.0 -9999.0 -9999.0 -9999.0 -9999.0 -9999.0 -9999.0 -9999.0 -9999.0 -9999.0 -9999.0 -9999.0 -9999.0 -9999.0 -9999.0 -9999.0 -9999.0 -9999.0 -9999.0 -9999.0 -9999.0 -9999.0 -9999.0 -9999.0 -9999.0 -9999.0 -9999.0 -9999.0
-9999.0 -9999.0 -9999.0 -9999.0 -9999.0 -9999.0 -9999.0 -9999.0 -9999.0 -9999.0 -9999.0 -9999.0 -9999.0 -9999.0 -9999.0 -9999.0 -9999.0 -9999.0 -9999.0 -9999.0 -9999.0 -9999.0 -9999.0 0.239385 0.402720 0.479986 0.479990 0.479991 0.479991 0.333644 0.171234 0.118574 -9999.0 -9999.0 -9999.0 -9999.0 -9999.0 -9999.0 -9999.0 -9999.0 -9999.0 -9999.0 -9999.0 -9999.0 -9999.0 -9999.0 -9999.0 -9999.0 -9999.0 -9999.0 -9999.0 -9999.0 -9999.0 -9999.0 -9999.0 -9999.0 -9999.0 -9999.0 -9999.0 -9999.0 -9999.0 -9999.0 -9999.0
-9999.0 -9999.0 -9999.0 -9999.0 -9999.0 -9999.0 -9999.0 -9999.0 -9999.0 -9999.0 -9999.0 -9999.0 -9999.0 -9999.0 -9999.0 -9999.0 -9999.0 -9999.0 0.479966 0.472527 -9999.0 0.297793 0.270940 0.479986 0.479989 0.479799 0.464450 0.458806 0.479047 0.479637 0.362500 0.155590 0.019970 0.019328 -9999.0 -9999.0 -9999.0 -9999.0 -9999.0 -9999.0 -9999.0 -9999.0 -9999.0 -9999.0 -9999.0 -9999.0 -9999.0 -9999.0 -9999.0 -9999.0 -9999.0 -9999.0 -9999.0 -9999.0 -9999.0 -9999.0 -9999.0 -9999.0 -9999.0 -9999.0 -9999.0 -9999.0 -9999.0
-9999.0 -9999.0 -9999.0 -9999.0 -9999.0 -9999.0 -9999.0 -9999.0 -9999.0 -9999.0 -9999.0 -9999.0 -9999.0 -9999.0 -9999.0 -9999.0 -9999.0 0.479977 0.469986 0.075899 0.020558 0.445798 0.461719 0.479986 0.477187 0.438808 0.376816 0.332398 0.292854 0.453157 0.439102 0.364198 0.020271 0.019772 0.018602 0.018284 -9999.0 -9999.0 -9999.0 -9999.0 -9999.0 -9999.0 -9999.0 -9999.0 -9999.0 -9999.0 -9999.0 -9999.0 -9999.0 -9999.0 -9999.0 -9999.0 -9999.0 -9999.0 -9999.0 -9999.0 -9999.0 -9999.0 -9999.0 -9999.0 -9999.0 -9999.0 -9999.0
-9999.0 -9999.0 -9999.0 -9999.0 -9999.0 -9999.0 -9999.0 -9999.0 -9999.0 -9999.0 -9999.0 -9999.0 -9999.0 0.191300 0.479978 0.466500 0.453811 0.140390 0.479982 0.479990 0.479987 0.479986 0.479984 0.479982 0.479723 0.330647 0.017464 0.261962 0.249688 0.214615 0.381788 0.322086 0.272094 0.217499 0.018228 0.018261 -9999.0 -9999.0 -9999.0 -9999.0 -9999.0 -9999.0 -9999.0 -9999.0 -9999.0 -9999.0 -9999.0 -9999.0 -9999.0 -9999.0 -9999.0 -9999.0 -9999.0 -9999.0 -9999.0 -9999.0 -9999.0 -9999.0 -9999.0 -9999.0 -9999.0 -9999.0 -9999.0
-9999.0 -9999.0 -9999.0 -9999.0 -9999.0 -9999.0 -9999.0 -9999.0 -9999.0 -9999.0 -9999.0 -9999.0 -9999.0 0.479974 0.479982 0.458581 0.458035 0.479968 0.140539 0.479984 0.479929 0.479408 0.479989 0.447533 0.453667 0.252592 0.118466 0.018230 0.018276 0.271476 0.328575 0.252322 0.018233 0.018232 0.018225 -9999.0 -9999.0 -9999.0 -9999.0 -9999.0 -9999.0 -9999.0 -9999.0 -9999.0 -9999.0 -9999.0 -9999.0 -9999.0 -9999.0 -9999.0 -9999.0 -9999.0 -9999.0 -9999.0 -9999.0 -9999.0 -9999.0 -9999.0 -9999.0 -9999.0 -9999.0 -9999.0 -9999.0
-9999.0 -9999.0 -9999.0 -9999.0 -9999.0 -9999.0 -9999.0 -9999.0 -9999.0 -9999.0 -9999.0 -9999.0 -9999.0 0.479982 0.479987 0.479903 0.454631 0.458243 0.141537 0.479869 0.479981 0.009926 0.450121 0.353075 0.166518 0.464997 0.021817 0.018258 0.151688 0.018256 0.255349 0.018253 0.018268 0.018308 0.018278 -9999.0 -9999.0 -9999.0 -9999.0 -9999.0 -9999.0 -9999.0 -9999.0 -9999.0 -9999.0 -9999.0 -9999.0 -9999.0 -9999.0 -9999.0 -9999.0 -9999.0 -9999.0 -9999.0 -9999.0 -9999.0 -9999.0 -9999.0 -9999.0 -9999.0 -9999.0 -9999.0 -9999.0
-9999.0 -9999.0 -9999.0 -9999.0 -9999.0 -9999.0 -9999.0 -9999.0 -9999.0 -9999.0 -9999.0 -9999.0 0.479975 0.479984 0.479946 0.354688 0.455882 0.458765 0.191427 0.103913 0.479987 0.276541 0.205798 0.251897 0.318375 0.235897 0.254657 0.106198 0.284825 0.018242 0.248597 0.019709 0.153772 0.018278 -9999.0 -9999.0 -9999.0 -9999.0 -9999.0 -9999.0 -9999.0 -9999.0 -9999.0 -9999.0 -9999.0 -9999.0 -9999.0 -9999.0 -9999.0 -9999.0 -9999.0 -9999.0 -9999.0 -9999.0 -9999.0 -9999.0 -9999.0 -9999.0 -9999.0 -9999.0 -9999.0 -9999.0 -9999.0
-9999.0 -9999.0 -9999.0 -9999.0 -9999.0 -9999.0 -9999.0 -9999.0 -9999.0 -9999.0 -9999.0 0.245443 0.439624 0.479931 0.344908 0.171088 0.014683 0.451714 0.198493 0.110684 0.479989 0.479984 0.104696 0.243758 0.254406 0.378555 0.233314 0.140136 0.149290 0.018266 0.019304 0.339100 0.018349 0.018222 0.017305 0.015458 0.290198 0.469680 0.431024 -9999.0 -9999.0 -9999.0 0.018215 -9999.0 -9999.0 -9999.0 -9999.0 -9999.0 -9999.0 -9999.0 -9999.0 -9999.0 -9999.0 -9999.0 -9999.0 -9999.0 -9999.0 -9999.0 -9999.0 -9999.0 -9999.0 -9999.0 -9999.0
-9999.0 -9999.0 -9999.0 -9999.0 -9999.0 -9999.0 -9999.0 -9999.0 -9999.0 -9999.0 -9999.0 0.132669 0.311435 0.479981 0.479979 0.296950 0.479985 0.470618 0.235494 0.479918 0.479985 0.479945 0.116971 0.256865 0.262195 0.251956 0.178601 0.201302 0.019848 0.018235 0.331304 0.242456 0.160851 0.096603 0.112380 0.146068 0.476035 0.113324 0.106664 0.012860 0.012671 0.016945 0.332056 0.018212 -9999.0 -9999.0 -9999.0 0.250810 0.311088 0.021106 0.450671 0.023435 0.022833 0.476921 0.476721 0.020694 -9999.0 -9999.0 -9999.0 -9999.0 -9999.0 -9999.0 -9999.0
-9999.0 -9999.0 -9999.0 -9999.0 -9999.0 -9999.0 -9999.0 -9999.0 -9999.0 -9999.0 -9999.0 0.203624 0.227834 0.457834 0.191355 0.168208 0.479983 0.476194 0.474917 0.352376 0.479974 0.479986 0.432700 0.422978 0.257295 0.020604 0.396574 0.272661 0.018220 0.368026 0.018196 0.333813 0.357285 0.098779 0.017380 0.473399 0.458761 0.405507 0.118242 0.083721 0.478119 0.436190 0.451420 0.166387 0.107238 -9999.0 0.018311 0.193159 0.422617 0.469126 0.479896 0.083371 0.452822 0.423068 0.436469 0.463688 -9999.0 -9999.0 -9999.0 -9999.0 -9999.0 -9999.0 -9999.0
-9999.0 -9999.0 -9999.0 -9999.0 -9999.0 -9999.0 -9999.0 -9999.0 -9999.0 -9999.0 -9999.0 -9999.0 0.238138 0.252846 0.479916 0.462614 0.448269 0.455925 0.475479 0.333235 0.479985 0.479985 0.479987 0.450566 0.324782 0.400331 0.479982 0.231990 0.244812 0.019481 0.222670 0.437533 0.128351 0.106290 0.200985 0.106549 0.330334 0.453199 0.097499 0.116807 0.478890 0.013977 0.459565 0.468191 0.020410 0.145875 0.020068 0.175607 0.433233 0.440352 0.439864 0.458379 0.438205 0.477717 0.245779 0.277013 0.409337 -9999.0 -9999.0 -9999.0 -9999.0 -9999.0 -9999.0
-9999.0 -9999.0 -9999.0 -9999.0 -9999.0 -9999.0 -9999.0 -9999.0 -9999.0 -9999.0 -9999.0 0.421609 0.212807 0.334150 0.479975 0.479976 0.467669 0.458013 0.479975 0.477505 0.450751 0.479983 0.479979 0.412614 0.435353 0.479985 0.308995 0.254918 0.291060 0.021458 0.427561 0.420727 0.479992 0.093494 0.187852 0.099794 0.205428 0.292835 0.479958 0.209873 0.479981 0.479948 0.479987 0.012644 0.479990 0.114832 0.349695 0.054260 0.065377 0.479989 0.022779 0.265747 0.209312 0.022203 0.018258 0.018603 0.025898 -9999.0 -9999.0 -9999.0 -9999.0 -9999.0 -9999.0
-9999.0 -9999.0 -9999.0 -9999.0 -9999.0 -9999.0 -9999.0 -9999.0 -9999.0 -9999.0 0.209789 0.479937 0.452765 0.284013 0.479709 0.479985 0.434496 0.475901 0.455180 0.473482 0.473001 0.479955 0.479988 0.479979 0.479988 0.438027 0.268867 0.022310 0.479987 0.479988 0.469419 0.290545 0.144916 0.207981 0.018234 0.018388 0.440290 0.479986 0.479981 0.432007 0.459490 0.132258 0.120701 0.479986 0.479991 0.021878 0.329061 0.432083 0.479988 0.479853 0.021306 0.018439 0.018277 0.018563 0.018550 0.478677 0.477880 -9999.0 -9999.0 -9999.0 -9999.0 -9999.0 -9999.0
-9999.0 -9999.0 -9999.0 -9999.0 -9999.0 -9999.0 -9999.0 -9999.0 -9999.0 0.242993 0.124083 0.332645 0.479987 0.446183 0.477773 0.370540 0.272900 0.479963 0.479980 0.471874 0.168750 0.479985 0.479982 0.479941 0.451860 0.246692 0.412879 0.479987 0.479988 0.479987 0.479987 0.254290 0.018205 0.018245 0.018234 0.018172 0.259570 0.274904 0.223718 0.302250 0.479974 0.275319 0.267197 0.478957 0.479988 0.479583 0.479988 0.399530 0.431745 0.479984 0.453060 0.025080 0.018402 0.018394 0.022334 0.340816 0.470593 0.144332 0.041066 -9999.0 -9999.0 -9999.0 -9999.0
-9999.0 -9999.0 -9999.0 -9999.0 -9999.0 -9999.0 -9999.0 -9999.0 -9999.0 0.118271 0.219136 0.147885 0.479981 0.479984 0.479889 0.455391 0.472795 0.479985 0.473249 0.000710 0.000926 0.001341 0.478744 0.479970 0.284525 0.445870 0.479988 0.479985 0.479919 0.455446 0.345766 0.298145 0.254959 0.109541 0.190400 0.019210 0.018530 0.017443 0.208448 0.261119 0.257183 0.223222 0.459201 0.479989 0.475838 0.404176 0.400856 0.473862 0.479987 0.479986 0.268893 0.421954 0.018460 0.221079 0.018660 0.274736 0.479602 0.437736 0.129823 -9999.0 -9999.0 -9999.0 -9999.0
-9999.0 -9999.0 -9999.0 -9999.0 -9999.0 -9999.0 -9999.0 -9999.0 -9999.0 -9999.0 0.134927 0.162643 0.439198 0.476094 0.479985 0.479938 0.479953 0.479974 0.479496 0.000156 0.457169 0.479981 0.479947 0.479981 0.442775 0.479986 0.477672 0.441927 0.441456 0.225110 0.240499 0.329590 0.222207 0.252776 0.186730 0.479992 0.461998 0.452770 0.020236 0.227535 0.222710 0.207889 0.298802 0.312438 0.261759 0.453855 0.479989 0.479978 0.320269 0.479983 0.464874 0.368315 0.026991 0.018553 0.229903 0.243956 0.414899 0.479981 0.479978 0.479976 -9999.0 -9999.0 -9999.0
-9999.0 -9999.0 -9999.0 -9999.0 -9999.0 -9999.0 -9999.0 -9999.0 -9999.0 -9999.0 0.139046 0.139541 0.120580 0.479945 0.333846 0.479983 0.446468 0.479978 0.000002 0.000000 0.473355 0.479985 0.479987 0.479990 0.479988 0.479948 0.405358 0.445269 0.299133 0.207639 0.232564 0.103524 0.021024 0.250359 0.246812 0.249162 0.440586 0.428621 0.394948 0.227163 0.113950 0.021597 0.276499 0.228349 0.229929 0.404837 0.294257 0.383117 0.471254 0.468005 0.479982 0.423083 0.468371 0.028093 0.020997 0.026707 0.249695 0.479504 0.477656 0.359840 -9999.0 -9999.0 -9999.0
-9999.0 -9999.0 -9999.0 -9999.0 -9999.0 -9999.0 -9999.0 -9999.0 0.458569 0.477094 0.180992 0.121234 0.272870 0.260701 0.479959 0.475664 0.474019 0.000124 0.000013 0.000000 0.000177 0.242087 0.477121 0.479986 0.478336 0.467822 0.478332 0.345073 0.290799 0.217449 0.018242 0.220871 0.209965 0.254787 0.111158 0.251384 0.261983 0.421927 0.282689 0.021372 0.018236 0.223847 0.023483 0.018354 0.042465 0.479967 0.269896 0.479951 0.479990 0.462140 0.479981 0.479981 0.478088 0.331990 0.043989 0.455662 0.148591 0.477716 0.479967 0.214291 -9999.0 -9999.0 -9999.0
-9999.0 -9999.0 -9999.0 -9999.0 -9999.0 -9999.0 -9999.0 -9999.0 0.022558 0.464962 0.430737 0.213075 0.132676 0.477249 0.479955 0.466181 0.479971 0.469194 0.000000 0.000000 0.000000 0.000000 0.000000 0.001915 0.445516 0.201195 0.479915 0.440158 0.024347 0.122507 0.118048 0.021951 0.115106 0.020792 0.274086 0.376563 0.426747 0.467655 0.448097 0.364095 0.238106 0.072116 0.018432 0.450771 0.457336 0.287772 0.022713 0.241048 0.263345 0.479976 0.463840 0.479985 0.478021 0.474998 0.479976 0.118492 0.479986 0.479977 0.126270 0.000000 0.000000 -9999.0 -9999.0
-9999.0 -9999.0 -9999.0 -9999.0 -9999.0 -9999.0 -9999.0 -9999.0 0.259307 0.325112 0.477621 0.414369 0.452099 0.023102 0.479907 0.479987 0.479958 0.478330 0.000000 0.000000 0.000000 0.000000 0.000000 0.000000 0.000000 0.479958 0.477225 0.422061 0.021448 0.224652 0.022302 0.426496 0.465632 0.454293 0.434689 0.479982 0.348250 0.479987 0.323667 0.391653 0.152759 0.024701 0.414104 0.292732 0.272657 0.250076 0.027625 0.479825 0.231699 0.479989 0.002302 0.477677 0.474793 0.469278 0.479971 0.477894 0.474563 0.002299 0.000060 0.000028 0.000000 -9999.0 -9999.0
-9999.0 -9999.0 -9999.0 -9999.0 -9999.0 -9999.0 -9999.0 -9999.0 0.018236 0.447807 0.479961 0.017792 0.458501 0.479913 0.479984 0.479978 0.478953 0.000000 0.242698 0.000000 0.000000 0.000000 0.000000 0.000000 0.462870 0.479975 0.479940 0.434950 0.479981 0.479988 0.395478 0.463973 0.479988 0.479988 0.379803 0.456935 0.461047 0.479978 0.313725 0.411256 0.392908 0.458785 0.479750 0.073142 0.479853 0.037738 0.477927 0.088668 0.473478 0.479986 0.479979 0.002621 0.479569 0.479464 0.461754 0.020932 0.000713 0.000082 0.000000 0.000000 0.000549 0.479825 -9999.0
-9999.0 -9999.0 -9999.0 -9999.0 -9999.0 -9999.0 -9999.0 -9999.0 0.219078 0.448750 0.479278 0.479981 0.479979 0.474175 0.066670 0.421908 0.479883 0.479985 0.479984 0.479976 0.000131 0.000000 0.000000 0.000000 0.219815 0.479982 0.449978 0.479986 0.479980 0.479982 0.477857 0.479981 0.478135 0.479984 0.470056 0.451105 0.479809 0.479939 0.470135 0.394392 0.473958 0.466993 0.479985 0.456338 0.467557 0.479671 0.462271 0.479984 0.479987 0.475418 0.479662 0.017229 0.002769 0.006318 0.001059 0.000733 0.000094 0.000050 0.000139 0.000551 0.479706 0.471667 -9999.0
-9999.0 -9999.0 0.324503 0.409570 0.404394 0.465448 0.457545 0.435794 0.432554 0.182676 0.284897 0.479973 0.479970 0.479895 0.000178 0.479869 0.479989 0.332183 0.203234 0.479975 0.479974 0.000000 0.000000 0.000739 0.002970 0.479972 0.476605 0.479984 0.475793 0.479253 0.479988 0.479983 0.436545 0.479976 0.478698 0.479969 0.477539 0.419802 0.479830 0.479982 0.479974 0.476724 0.473787 0.479975 0.479988 0.479986 0.475866 0.479977 0.476446 0.002419 0.000762 0.000599 0.000102 0.000508 0.000599 0.000379 0.002589 0.002018 0.479404 0.479956 0.450546 0.422893 -9999.0
-9999.0 0.479890 0.479956 0.463373 0.356586 0.478368 0.302099 0.348448 0.307215 0.142279 0.284505 0.473973 0.478786 0.012432 0.479720 0.479933 0.197019 0.314374 0.406253 0.479981 0.479953 0.472494 0.000521 0.000000 0.000044 0.000456 0.000034 0.000283 0.352701 0.476070 0.479071 0.478638 0.479839 0.001772 0.407716 0.352849 0.000281 0.000000 0.000000 0.401442 0.405387 0.402740 0.409256 0.479960 0.479750 0.479958 0.407736 0.470262 0.000054 0.000461 0.000138 0.000495 0.003722 0.258741 0.328656 0.479891 0.479932 0.479871 0.479646 0.479164 0.437212 0.414518 -9999.0
-9999.0 0.438219 0.479975 0.479982 0.479973 0.479974 0.465218 0.463438 0.425323 0.217388 0.450281 0.479972 0.479937 0.479723 0.479972 0.310340 0.358403 0.330346 0.479981 0.479980 0.479910 0.479932 0.438080 0.000838 0.000000 0.000000 0.000000 0.000000 0.000033 0.000000 0.000000 0.000000 0.204591 0.068628 0.000000 0.000000 0.000000 0.000000 0.000000 0.000000 0.000000 0.000000 0.000169 0.383722 0.000000 0.000000 0.000000 0.000000 0.000081 0.000098 0.000882 0.479978 0.479928 0.479832 0.479981 0.479768 0.479861 0.479729 0.479820 0.477166 0.467165 -9999.0 -9999.0
-9999.0 0.126768 0.307633 0.469987 0.479965 0.479964 0.479968 0.479978 0.419859 0.454373 0.479950 0.479973 0.466407 0.479913 0.479719 0.431356 0.390569 0.290767 0.271443 0.479982 0.479916 0.479985 0.479718 0.000600 0.000000 0.000138 0.000098 0.000000 0.000000 0.000000 0.000000 0.000000 0.000000 0.000212 0.000000 0.000000 0.000000 0.000000 0.000000 0.000000 0.000000 0.000000 0.000000 0.000000 0.000000 0.000000 0.000000 0.000220 0.003504 0.000418 0.479984 0.432475 0.479899 0.479867 0.479886 0.479493 0.479494 0.478905 0.478301 -9999.0 -9999.0 -9999.0 -9999.0
