erum2020/resources/simulation/Vinschgau/output-maps/thetaliqL0008N1272.asc
ncols         63
nrows         48
xllcorner     598000.000000
yllcorner     5145000.000000
cellsize      1000.000000
NODATA_value  -9999.0
[rows 0 to 28 of 48, columns 0 to 62 of 63]
-9999.0 -9999.0 -9999.0 -9999.0 -9999.0 -9999.0 -9999.0 -9999.0 -9999.0 -9999.0 -9999.0 -9999.0 -9999.0 -9999.0 -9999.0 -9999.0 -9999.0 -9999.0 -9999.0 -9999.0 -9999.0 -9999.0 -9999.0 -9999.0 -9999.0 -9999.0 -9999.0 -9999.0 -9999.0 -9999.0 -9999.0 -9999.0 -9999.0 -9999.0 -9999.0 -9999.0 -9999.0 -9999.0 -9999.0 -9999.0 -9999.0 -9999.0 -9999.0 -9999.0 -9999.0 -9999.0 -9999.0 -9999.0 -9999.0 -9999.0 -9999.0 -9999.0 -9999.0 -9999.0 -9999.0 -9999.0 -9999.0 -9999.0 -9999.0 -9999.0 -9999.0 -9999.0 -9999.0
-9999.0 -9999.0 -9999.0 -9999.0 -9999.0 -9999.0 -9999.0 -9999.0 -9999.0 -9999.0 -9999.0 -9999.0 -9999.0 -9999.0 -9999.0 -9999.0 -9999.0 -9999.0 -9999.0 -9999.0 -9999.0 -9999.0 -9999.0 -9999.0 -9999.0 -9999.0 -9999.0 0.085604 0.086380 0.085569 0.048849 0.049144 0.023165 -9999.0 -9999.0 -9999.0 -9999.0 -9999.0 -9999.0 -9999.0 -9999.0 -9999.0 -9999.0 -9999.0 -9999.0 -9999.0 -9999.0 -9999.0 -9999.0 -9999.0 -9999.0 -9999.0 -9999.0 -9999.0 -9999.0 -9999.0 -9999.0 -9999.0 -9999.0 -9999.0 -9999.0 -9999.0 -9999.0
-9999.0 -9999.0 -9999.0 -9999.0 -9999.0 -9999.0 -9999.0 -9999.0 -9999.0 -9999.0 -9999.0 -9999.0 -9999.0 -9999.0 -9999.0 -9999.0 -9999.0 -9999.0 -9999.0 -9999.0 -9999.0 -9999.0 -9999.0 -9999.0 0.095079 0.094136 0.097757 0.097526 0.106661 0.088117 0.043879 -9999.0 -9999.0 -9999.0 -9999.0 -9999.0 -9999.0 -9999.0 -9999.0 -9999.0 -9999.0 -9999.0 -9999.0 -9999.0 -9999.0 -9999.0 -9999.0 -9999.0 -9999.0 -9999.0 -9999.0 -9999.0 -9999.0 -9999.0 -9999.0 -9999.0 -9999.0 -9999.0 -9999.0 -9999.0 -9999.0 -9999.0 -9999.0
-9999.0 -9999.0 -9999.0 -9999.0 -9999.0 -9999.0 -9999.0 -9999.0 -9999.0 -9999.0 -9999.0 -9999.0 -9999.0 -9999.0 -9999.0 -9999.0 -9999.0 -9999.0 -9999.0 -9999.0 -9999.0 -9999.0 -9999.0 0.093888 0.103403 0.104482 0.085388 0.075530 0.076682 0.086162 0.046883 0.024956 -9999.0 -9999.0 -9999.0 -9999.0 -9999.0 -9999.0 -9999.0 -9999.0 -9999.0 -9999.0 -9999.0 -9999.0 -9999.0 -9999.0 -9999.0 -9999.0 -9999.0 -9999.0 -9999.0 -9999.0 -9999.0 -9999.0 -9999.0 -9999.0 -9999.0 -9999.0 -9999.0 -9999.0 -9999.0 -9999.0 -9999.0
-9999.0 -9999.0 -9999.0 -9999.0 -9999.0 -9999.0 -9999.0 -9999.0 -9999.0 -9999.0 -9999.0 -9999.0 -9999.0 -9999.0 -9999.0 -9999.0 -9999.0 -9999.0 0.183126 0.094042 -9999.0 0.097074 0.103007 0.076394 0.085821 0.075364 0.144507 0.160286 0.172545 0.086041 0.086619 0.052798 0.085529 0.085494 -9999.0 -9999.0 -9999.0 -9999.0 -9999.0 -9999.0 -9999.0 -9999.0 -9999.0 -9999.0 -9999.0 -9999.0 -9999.0 -9999.0 -9999.0 -9999.0 -9999.0 -9999.0 -9999.0 -9999.0 -9999.0 -9999.0 -9999.0 -9999.0 -9999.0 -9999.0 -9999.0 -9999.0 -9999.0
-9999.0 -9999.0 -9999.0 -9999.0 -9999.0 -9999.0 -9999.0 -9999.0 -9999.0 -9999.0 -9999.0 -9999.0 -9999.0 -9999.0 -9999.0 -9999.0 -9999.0 0.232808 0.020119 0.075531 0.085649 0.139578 0.086178 0.077740 0.143223 0.020326 0.020299 0.086446 0.020297 0.160966 0.111559 0.087775 0.085537 0.085524 0.085271 0.085277 -9999.0 -9999.0 -9999.0 -9999.0 -9999.0 -9999.0 -9999.0 -9999.0 -9999.0 -9999.0 -9999.0 -9999.0 -9999.0 -9999.0 -9999.0 -9999.0 -9999.0 -9999.0 -9999.0 -9999.0 -9999.0 -9999.0 -9999.0 -9999.0 -9999.0 -9999.0 -9999.0
-9999.0 -9999.0 -9999.0 -9999.0 -9999.0 -9999.0 -9999.0 -9999.0 -9999.0 -9999.0 -9999.0 -9999.0 -9999.0 0.087062 0.086382 0.035715 0.022460 0.086236 0.240965 0.076350 0.086102 0.085743 0.076222 0.089514 0.020812 0.096582 0.029371 0.022521 0.023014 0.086095 0.020577 0.101698 0.086773 0.053610 0.085308 0.085283 -9999.0 -9999.0 -9999.0 -9999.0 -9999.0 -9999.0 -9999.0 -9999.0 -9999.0 -9999.0 -9999.0 -9999.0 -9999.0 -9999.0 -9999.0 -9999.0 -9999.0 -9999.0 -9999.0 -9999.0 -9999.0 -9999.0 -9999.0 -9999.0 -9999.0 -9999.0 -9999.0
-9999.0 -9999.0 -9999.0 -9999.0 -9999.0 -9999.0 -9999.0 -9999.0 -9999.0 -9999.0 -9999.0 -9999.0 -9999.0 0.110408 0.086262 0.024808 0.023209 0.178944 0.086220 0.085085 0.020131 0.086252 0.020145 0.020257 0.086319 0.079643 0.086015 0.085334 0.085310 0.022296 0.021481 0.066291 0.085323 0.056897 0.085315 -9999.0 -9999.0 -9999.0 -9999.0 -9999.0 -9999.0 -9999.0 -9999.0 -9999.0 -9999.0 -9999.0 -9999.0 -9999.0 -9999.0 -9999.0 -9999.0 -9999.0 -9999.0 -9999.0 -9999.0 -9999.0 -9999.0 -9999.0 -9999.0 -9999.0 -9999.0 -9999.0 -9999.0
-9999.0 -9999.0 -9999.0 -9999.0 -9999.0 -9999.0 -9999.0 -9999.0 -9999.0 -9999.0 -9999.0 -9999.0 -9999.0 0.085972 0.200000 0.108368 0.024097 0.023896 0.086205 0.187932 0.118822 0.077554 0.020308 0.020361 0.086452 0.086600 0.085599 0.085312 0.025392 0.078586 0.040590 0.035032 0.056874 0.020027 0.085332 -9999.0 -9999.0 -9999.0 -9999.0 -9999.0 -9999.0 -9999.0 -9999.0 -9999.0 -9999.0 -9999.0 -9999.0 -9999.0 -9999.0 -9999.0 -9999.0 -9999.0 -9999.0 -9999.0 -9999.0 -9999.0 -9999.0 -9999.0 -9999.0 -9999.0 -9999.0 -9999.0 -9999.0
-9999.0 -9999.0 -9999.0 -9999.0 -9999.0 -9999.0 -9999.0 -9999.0 -9999.0 -9999.0 -9999.0 -9999.0 0.077477 0.200000 0.086268 0.086596 0.049457 0.030890 0.165556 0.075065 0.086084 0.086260 0.064138 0.044307 0.020400 0.085804 0.020090 0.040417 0.066109 0.085324 0.022527 0.085489 0.024540 0.085292 -9999.0 -9999.0 -9999.0 -9999.0 -9999.0 -9999.0 -9999.0 -9999.0 -9999.0 -9999.0 -9999.0 -9999.0 -9999.0 -9999.0 -9999.0 -9999.0 -9999.0 -9999.0 -9999.0 -9999.0 -9999.0 -9999.0 -9999.0 -9999.0 -9999.0 -9999.0 -9999.0 -9999.0 -9999.0
-9999.0 -9999.0 -9999.0 -9999.0 -9999.0 -9999.0 -9999.0 -9999.0 -9999.0 -9999.0 -9999.0 0.102578 0.087688 0.200000 0.086411 0.112239 0.076984 0.025105 0.423829 0.074914 0.020118 0.167812 0.087586 0.086148 0.068521 0.086719 0.031406 0.077654 0.024223 0.085319 0.085474 0.087371 0.085446 0.085273 0.085439 0.085526 0.056956 0.085635 0.085655 -9999.0 -9999.0 -9999.0 0.085258 -9999.0 -9999.0 -9999.0 -9999.0 -9999.0 -9999.0 -9999.0 -9999.0 -9999.0 -9999.0 -9999.0 -9999.0 -9999.0 -9999.0 -9999.0 -9999.0 -9999.0 -9999.0 -9999.0 -9999.0
-9999.0 -9999.0 -9999.0 -9999.0 -9999.0 -9999.0 -9999.0 -9999.0 -9999.0 -9999.0 -9999.0 0.097956 0.086928 0.077570 0.086097 0.086166 0.085135 0.020118 0.413732 0.406908 0.126719 0.089242 0.105520 0.020184 0.020287 0.086203 0.069247 0.087446 0.085570 0.085303 0.065834 0.088883 0.025118 0.024204 0.024664 0.083744 0.085712 0.085692 0.085686 0.085507 0.085489 0.085444 0.053416 0.085336 -9999.0 -9999.0 -9999.0 0.045719 0.023509 0.066844 0.023552 0.038646 0.042767 0.044483 0.044342 0.041416 -9999.0 -9999.0 -9999.0 -9999.0 -9999.0 -9999.0 -9999.0
-9999.0 -9999.0 -9999.0 -9999.0 -9999.0 -9999.0 -9999.0 -9999.0 -9999.0 -9999.0 -9999.0 0.105222 0.096312 0.082280 0.174940 0.088073 0.088427 0.020119 0.121189 0.401311 0.406502 0.080409 0.020869 0.102082 0.086072 0.085585 0.020478 0.020069 0.085337 0.024903 0.085303 0.020230 0.086692 0.024359 0.085392 0.085683 0.020262 0.020251 0.085682 0.085543 0.085692 0.065783 0.085767 0.080272 0.023902 -9999.0 0.085324 0.023786 0.041187 0.087444 0.085855 0.085593 0.085817 0.029844 0.037565 0.024110 -9999.0 -9999.0 -9999.0 -9999.0 -9999.0 -9999.0 -9999.0
-9999.0 -9999.0 -9999.0 -9999.0 -9999.0 -9999.0 -9999.0 -9999.0 -9999.0 -9999.0 -9999.0 -9999.0 0.102279 0.089866 0.103308 0.106545 0.020446 0.020123 0.197230 0.403401 0.020187 0.079789 0.022444 0.020508 0.020139 0.020415 0.135206 0.085516 0.048254 0.085521 0.062925 0.020343 0.085726 0.030947 0.024730 0.085658 0.020514 0.020177 0.085968 0.085663 0.085714 0.085634 0.020669 0.098810 0.085538 0.023887 0.080439 0.024099 0.020141 0.020680 0.151904 0.020197 0.040028 0.020107 0.020135 0.024841 0.024052 -9999.0 -9999.0 -9999.0 -9999.0 -9999.0 -9999.0
-9999.0 -9999.0 -9999.0 -9999.0 -9999.0 -9999.0 -9999.0 -9999.0 -9999.0 -9999.0 -9999.0 0.021458 0.094060 0.085773 0.023280 0.087440 0.088665 0.020211 0.132928 0.365126 0.020158 0.020698 0.087063 0.020497 0.020536 0.020133 0.020437 0.044808 0.035836 0.085550 0.020428 0.020242 0.088310 0.035381 0.024569 0.071006 0.085614 0.022333 0.250933 0.085669 0.022570 0.070802 0.022490 0.032222 0.087592 0.047640 0.077109 0.085573 0.085614 0.036871 0.020088 0.050284 0.020083 0.020035 0.020027 0.020031 0.085523 -9999.0 -9999.0 -9999.0 -9999.0 -9999.0 -9999.0
-9999.0 -9999.0 -9999.0 -9999.0 -9999.0 -9999.0 -9999.0 -9999.0 -9999.0 -9999.0 0.090257 0.022170 0.104558 0.098735 0.108730 0.054742 0.036857 0.020879 0.040487 0.373900 0.419944 0.429964 0.020118 0.105767 0.087008 0.020185 0.020232 0.020057 0.085792 0.087482 0.020641 0.020135 0.087010 0.033393 0.085306 0.085495 0.085680 0.020865 0.020118 0.085114 0.078550 0.078460 0.086041 0.430000 0.069184 0.085611 0.086954 0.021340 0.020409 0.087575 0.020052 0.064213 0.020025 0.020093 0.022343 0.029589 0.030960 -9999.0 -9999.0 -9999.0 -9999.0 -9999.0 -9999.0
-9999.0 -9999.0 -9999.0 -9999.0 -9999.0 -9999.0 -9999.0 -9999.0 -9999.0 0.086349 0.092910 0.022817 0.023108 0.022232 0.021514 0.022500 0.066769 0.122055 0.020122 0.354988 0.414492 0.020280 0.020118 0.086408 0.162767 0.020137 0.020125 0.087702 0.022777 0.060604 0.088443 0.020117 0.085337 0.085315 0.085312 0.085314 0.086687 0.020347 0.020659 0.021861 0.020289 0.020436 0.020124 0.020285 0.020118 0.036679 0.089179 0.021481 0.021595 0.179690 0.020224 0.082954 0.020028 0.023226 0.025754 0.020062 0.020097 0.085548 0.039635 -9999.0 -9999.0 -9999.0 -9999.0
-9999.0 -9999.0 -9999.0 -9999.0 -9999.0 -9999.0 -9999.0 -9999.0 -9999.0 0.085813 0.086398 0.086741 0.200000 0.087062 0.046163 0.022116 0.113818 0.087518 0.020120 0.401332 0.407637 0.087365 0.173950 0.117188 0.020125 0.020313 0.021956 0.087153 0.088050 0.178848 0.085732 0.020090 0.086415 0.024818 0.041893 0.085534 0.085582 0.085614 0.085578 0.087013 0.020441 0.020241 0.022790 0.087428 0.409582 0.132551 0.086511 0.078558 0.074973 0.087650 0.020058 0.020039 0.020333 0.020191 0.056921 0.020049 0.020091 0.020218 0.085603 -9999.0 -9999.0 -9999.0 -9999.0
-9999.0 -9999.0 -9999.0 -9999.0 -9999.0 -9999.0 -9999.0 -9999.0 -9999.0 -9999.0 0.064091 0.087194 0.023330 0.308614 0.079596 0.067295 0.087392 0.087016 0.020120 0.368528 0.409526 0.020118 0.021762 0.020118 0.020535 0.080615 0.087551 0.092653 0.085740 0.020123 0.020096 0.020075 0.020074 0.028520 0.087327 0.088942 0.092457 0.099666 0.085593 0.077320 0.062142 0.101265 0.200000 0.044698 0.020124 0.021563 0.020119 0.178510 0.077311 0.079580 0.020099 0.020124 0.023629 0.020230 0.020170 0.023477 0.025925 0.020183 0.021598 0.086813 -9999.0 -9999.0 -9999.0
-9999.0 -9999.0 -9999.0 -9999.0 -9999.0 -9999.0 -9999.0 -9999.0 -9999.0 -9999.0 0.040067 0.086711 0.098094 0.058710 0.430000 0.020509 0.020741 0.050294 0.030999 0.286915 0.031689 0.020153 0.020943 0.023412 0.083074 0.088777 0.200000 0.021732 0.020167 0.020086 0.076695 0.093320 0.020074 0.025013 0.081487 0.098781 0.020206 0.021887 0.020159 0.039807 0.082423 0.085672 0.021404 0.086261 0.133889 0.020121 0.089070 0.020122 0.020118 0.079550 0.077682 0.020202 0.020060 0.032842 0.020114 0.020235 0.023554 0.021367 0.032751 0.200000 -9999.0 -9999.0 -9999.0
-9999.0 -9999.0 -9999.0 -9999.0 -9999.0 -9999.0 -9999.0 -9999.0 0.077832 0.057960 0.046410 0.076817 0.020356 0.022365 0.020396 0.425252 0.020141 0.087559 0.367115 0.263642 0.023065 0.020118 0.020118 0.020130 0.086338 0.091724 0.200000 0.020334 0.020254 0.020090 0.059262 0.075107 0.076429 0.025411 0.079907 0.085691 0.087815 0.022181 0.020069 0.085582 0.085416 0.099650 0.020090 0.085377 0.085682 0.172002 0.020075 0.022603 0.020121 0.429809 0.086198 0.020118 0.020098 0.020035 0.020486 0.024946 0.085576 0.113617 0.080191 0.020390 -9999.0 -9999.0 -9999.0
-9999.0 -9999.0 -9999.0 -9999.0 -9999.0 -9999.0 -9999.0 -9999.0 0.020067 0.020193 0.020101 0.032947 0.086326 0.020113 0.020279 0.021528 0.020225 0.020142 0.020119 0.260821 0.414579 0.381985 0.134628 0.087447 0.020119 0.059445 0.094399 0.022214 0.020077 0.035380 0.024598 0.085586 0.087208 0.085596 0.091436 0.103606 0.091666 0.038159 0.022600 0.087104 0.079321 0.046698 0.085377 0.087251 0.112429 0.020959 0.020072 0.086418 0.022756 0.021036 0.087429 0.028145 0.020036 0.023762 0.085840 0.020079 0.020994 0.072669 0.079114 0.411275 0.289052 -9999.0 -9999.0
-9999.0 -9999.0 -9999.0 -9999.0 -9999.0 -9999.0 -9999.0 -9999.0 0.076977 0.076867 0.037168 0.020075 0.047462 0.020100 0.021576 0.020118 0.020434 0.086043 0.020119 0.413478 0.259212 0.377339 0.118459 0.094800 0.138820 0.020142 0.021894 0.020177 0.020061 0.075821 0.085606 0.108076 0.020191 0.020293 0.106436 0.092690 0.045756 0.020291 0.020124 0.021514 0.086778 0.085603 0.100738 0.050209 0.020344 0.095982 0.085589 0.040820 0.020164 0.020131 0.423971 0.086247 0.020044 0.020035 0.022388 0.023013 0.105383 0.095630 0.085805 0.407446 0.386941 -9999.0 -9999.0
-9999.0 -9999.0 -9999.0 -9999.0 -9999.0 -9999.0 -9999.0 -9999.0 0.075381 0.087082 0.043866 0.020061 0.072499 0.020317 0.020119 0.021435 0.020119 0.020136 0.396116 0.203314 0.275485 0.292257 0.381917 0.362605 0.041551 0.020484 0.022356 0.020093 0.102323 0.020409 0.021566 0.021874 0.064526 0.022985 0.023799 0.086311 0.088012 0.020143 0.020131 0.055439 0.086732 0.087636 0.087781 0.085668 0.065500 0.085640 0.085836 0.085609 0.086002 0.020892 0.022590 0.020942 0.086273 0.022649 0.097496 0.121953 0.086660 0.404067 0.376639 0.391233 0.165164 0.067717 -9999.0
-9999.0 -9999.0 -9999.0 -9999.0 -9999.0 -9999.0 -9999.0 -9999.0 0.022846 0.057634 0.020102 0.020120 0.020118 0.020309 0.131894 0.186102 0.426818 0.020194 0.020601 0.020137 0.029339 0.320966 0.292834 0.279278 0.087248 0.020567 0.020213 0.082917 0.087173 0.029790 0.020118 0.088836 0.080488 0.092818 0.081007 0.080597 0.079664 0.020130 0.020118 0.096444 0.081208 0.079161 0.080425 0.079007 0.021243 0.087426 0.023062 0.021834 0.023098 0.079660 0.078707 0.020428 0.020960 0.086927 0.147823 0.430000 0.429080 0.415722 0.404203 0.085773 0.020145 0.072039 -9999.0
-9999.0 -9999.0 0.085757 0.093518 0.020055 0.020251 0.020091 0.020088 0.024894 0.026223 0.020349 0.259818 0.020372 0.076911 0.145521 0.430000 0.020123 0.020178 0.022530 0.021256 0.020137 0.032886 0.388581 0.165883 0.303652 0.020169 0.020574 0.020683 0.020231 0.134193 0.021513 0.020941 0.199172 0.020148 0.088220 0.020120 0.087137 0.020127 0.020118 0.020118 0.078546 0.078436 0.020118 0.086217 0.020119 0.079973 0.091098 0.077010 0.078008 0.086425 0.086265 0.406729 0.427838 0.429948 0.430000 0.430000 0.428654 0.196664 0.086385 0.020223 0.199353 0.082024 -9999.0
-9999.0 0.021816 0.020548 0.020598 0.020295 0.020240 0.020119 0.020101 0.020063 0.025633 0.020098 0.020296 0.429719 0.430000 0.430000 0.020118 0.020410 0.020184 0.020370 0.021446 0.020146 0.020122 0.424503 0.380480 0.105326 0.092804 0.109904 0.122669 0.086409 0.161174 0.085983 0.086310 0.091426 0.195836 0.086827 0.143554 0.086154 0.020124 0.175060 0.156796 0.086547 0.087336 0.084234 0.020118 0.020122 0.020120 0.383923 0.020122 0.086250 0.360955 0.398647 0.419136 0.428665 0.430000 0.430000 0.200000 0.104738 0.097214 0.200000 0.200000 0.104273 0.087325 -9999.0
-9999.0 0.110320 0.023229 0.022820 0.430000 0.022204 0.020069 0.020078 0.024367 0.033684 0.020117 0.020171 0.022026 0.430000 0.020118 0.020059 0.020106 0.020145 0.020212 0.020425 0.200000 0.076237 0.402337 0.425201 0.427527 0.415926 0.021911 0.301805 0.362605 0.020120 0.020118 0.020118 0.185365 0.376531 0.389263 0.314893 0.405438 0.395236 0.175082 0.136135 0.165223 0.350069 0.087498 0.022046 0.021141 0.020118 0.356056 0.350357 0.362397 0.381132 0.184767 0.075623 0.094095 0.122212 0.032838 0.093741 0.020608 0.090985 0.023011 0.086199 0.101285 -9999.0 -9999.0
-9999.0 0.085800 0.021428 0.020278 0.026670 0.430000 0.430000 0.020115 0.020172 0.020094 0.020369 0.022469 0.096483 0.430000 0.020130 0.020040 0.020084 0.020057 0.020049 0.020281 0.021400 0.022676 0.061463 0.429592 0.429020 0.399102 0.389529 0.383169 0.285971 0.355119 0.252134 0.242415 0.347943 0.340789 0.323136 0.303483 0.297534 0.398668 0.291390 0.292289 0.295367 0.405983 0.309549 0.243662 0.241143 0.335482 0.345403 0.365420 0.386025 0.051977 0.020935 0.186276 0.094807 0.166932 0.078259 0.020165 0.020159 0.020115 0.020128 -9999.0 -9999.0 -9999.0 -9999.0
