erum2020/resources/simulation/Vinschgau/output-maps/thetaliqL0008N0866.asc
ncols         63
nrows         48
xllcorner     598000.000000
yllcorner     5145000.000000
cellsize      1000.000000
NODATA_value  -9999.0
[rows 0 to 28 of 48, columns 0 to 62 of 63]
-9999.0 -9999.0 -9999.0 -9999.0 -9999.0 -9999.0 -9999.0 -9999.0 -9999.0 -9999.0 -9999.0 -9999.0 -9999.0 -9999.0 -9999.0 -9999.0 -9999.0 -9999.0 -9999.0 -9999.0 -9999.0 -9999.0 -9999.0 -9999.0 -9999.0 -9999.0 -9999.0 -9999.0 -9999.0 -9999.0 -9999.0 -9999.0 -9999.0 -9999.0 -9999.0 -9999.0 -9999.0 -9999.0 -9999.0 -9999.0 -9999.0 -9999.0 -9999.0 -9999.0 -9999.0 -9999.0 -9999.0 -9999.0 -9999.0 -9999.0 -9999.0 -9999.0 -9999.0 -9999.0 -9999.0 -9999.0 -9999.0 -9999.0 -9999.0 -9999.0 -9999.0 -9999.0 -9999.0
-9999.0 -9999.0 -9999.0 -9999.0 -9999.0 -9999.0 -9999.0 -9999.0 -9999.0 -9999.0 -9999.0 -9999.0 -9999.0 -9999.0 -9999.0 -9999.0 -9999.0 -9999.0 -9999.0 -9999.0 -9999.0 -9999.0 -9999.0 -9999.0 -9999.0 -9999.0 -9999.0 0.020025 0.020033 0.020029 0.020029 0.020025 0.020024 -9999.0 -9999.0 -9999.0 -9999.0 -9999.0 -9999.0 -9999.0 -9999.0 -9999.0 -9999.0 -9999.0 -9999.0 -9999.0 -9999.0 -9999.0 -9999.0 -9999.0 -9999.0 -9999.0 -9999.0 -9999.0 -9999.0 -9999.0 -9999.0 -9999.0 -9999.0 -9999.0 -9999.0 -9999.0 -9999.0
-9999.0 -9999.0 -9999.0 -9999.0 -9999.0 -9999.0 -9999.0 -9999.0 -9999.0 -9999.0 -9999.0 -9999.0 -9999.0 -9999.0 -9999.0 -9999.0 -9999.0 -9999.0 -9999.0 -9999.0 -9999.0 -9999.0 -9999.0 -9999.0 0.020048 0.020064 0.029725 0.020055 0.020044 0.020031 0.020027 -9999.0 -9999.0 -9999.0 -9999.0 -9999.0 -9999.0 -9999.0 -9999.0 -9999.0 -9999.0 -9999.0 -9999.0 -9999.0 -9999.0 -9999.0 -9999.0 -9999.0 -9999.0 -9999.0 -9999.0 -9999.0 -9999.0 -9999.0 -9999.0 -9999.0 -9999.0 -9999.0 -9999.0 -9999.0 -9999.0 -9999.0 -9999.0
-9999.0 -9999.0 -9999.0 -9999.0 -9999.0 -9999.0 -9999.0 -9999.0 -9999.0 -9999.0 -9999.0 -9999.0 -9999.0 -9999.0 -9999.0 -9999.0 -9999.0 -9999.0 -9999.0 -9999.0 -9999.0 -9999.0 -9999.0 0.020074 0.084380 0.100947 0.085487 0.078286 0.079173 0.020053 0.020027 0.020024 -9999.0 -9999.0 -9999.0 -9999.0 -9999.0 -9999.0 -9999.0 -9999.0 -9999.0 -9999.0 -9999.0 -9999.0 -9999.0 -9999.0 -9999.0 -9999.0 -9999.0 -9999.0 -9999.0 -9999.0 -9999.0 -9999.0 -9999.0 -9999.0 -9999.0 -9999.0 -9999.0 -9999.0 -9999.0 -9999.0 -9999.0
-9999.0 -9999.0 -9999.0 -9999.0 -9999.0 -9999.0 -9999.0 -9999.0 -9999.0 -9999.0 -9999.0 -9999.0 -9999.0 -9999.0 -9999.0 -9999.0 -9999.0 -9999.0 0.168000 0.046672 -9999.0 0.025444 0.077381 0.078721 0.085817 0.077788 0.127700 0.142625 0.145810 0.086011 0.020044 0.020029 0.020021 0.020016 -9999.0 -9999.0 -9999.0 -9999.0 -9999.0 -9999.0 -9999.0 -9999.0 -9999.0 -9999.0 -9999.0 -9999.0 -9999.0 -9999.0 -9999.0 -9999.0 -9999.0 -9999.0 -9999.0 -9999.0 -9999.0 -9999.0 -9999.0 -9999.0 -9999.0 -9999.0 -9999.0 -9999.0 -9999.0
-9999.0 -9999.0 -9999.0 -9999.0 -9999.0 -9999.0 -9999.0 -9999.0 -9999.0 -9999.0 -9999.0 -9999.0 -9999.0 -9999.0 -9999.0 -9999.0 -9999.0 0.291929 0.020317 0.078137 0.020048 0.127164 0.086145 0.079355 0.129653 0.020809 0.020887 0.086332 0.020994 0.140315 0.025537 0.020036 0.020029 0.020026 0.020019 0.020016 -9999.0 -9999.0 -9999.0 -9999.0 -9999.0 -9999.0 -9999.0 -9999.0 -9999.0 -9999.0 -9999.0 -9999.0 -9999.0 -9999.0 -9999.0 -9999.0 -9999.0 -9999.0 -9999.0 -9999.0 -9999.0 -9999.0 -9999.0 -9999.0 -9999.0 -9999.0 -9999.0
-9999.0 -9999.0 -9999.0 -9999.0 -9999.0 -9999.0 -9999.0 -9999.0 -9999.0 -9999.0 -9999.0 -9999.0 -9999.0 0.059909 0.086284 0.050865 0.040855 0.086229 0.295872 0.078726 0.086106 0.085729 0.078357 0.087733 0.021079 0.066374 0.020061 0.020141 0.046911 0.086251 0.139185 0.020038 0.020027 0.020024 0.020022 0.020016 -9999.0 -9999.0 -9999.0 -9999.0 -9999.0 -9999.0 -9999.0 -9999.0 -9999.0 -9999.0 -9999.0 -9999.0 -9999.0 -9999.0 -9999.0 -9999.0 -9999.0 -9999.0 -9999.0 -9999.0 -9999.0 -9999.0 -9999.0 -9999.0 -9999.0 -9999.0 -9999.0
-9999.0 -9999.0 -9999.0 -9999.0 -9999.0 -9999.0 -9999.0 -9999.0 -9999.0 -9999.0 -9999.0 -9999.0 -9999.0 0.105208 0.086287 0.048700 0.043389 0.171124 0.086213 0.085364 0.020166 0.086252 0.020792 0.021110 0.086235 0.080487 0.020033 0.020028 0.020023 0.020081 0.020109 0.020030 0.020022 0.020015 0.020018 -9999.0 -9999.0 -9999.0 -9999.0 -9999.0 -9999.0 -9999.0 -9999.0 -9999.0 -9999.0 -9999.0 -9999.0 -9999.0 -9999.0 -9999.0 -9999.0 -9999.0 -9999.0 -9999.0 -9999.0 -9999.0 -9999.0 -9999.0 -9999.0 -9999.0 -9999.0 -9999.0 -9999.0
-9999.0 -9999.0 -9999.0 -9999.0 -9999.0 -9999.0 -9999.0 -9999.0 -9999.0 -9999.0 -9999.0 -9999.0 -9999.0 0.086193 0.165383 0.104749 0.047816 0.045702 0.086204 0.225916 0.110711 0.076860 0.020957 0.020980 0.086273 0.086374 0.020035 0.020022 0.020025 0.020016 0.020027 0.020014 0.020013 0.020012 0.020015 -9999.0 -9999.0 -9999.0 -9999.0 -9999.0 -9999.0 -9999.0 -9999.0 -9999.0 -9999.0 -9999.0 -9999.0 -9999.0 -9999.0 -9999.0 -9999.0 -9999.0 -9999.0 -9999.0 -9999.0 -9999.0 -9999.0 -9999.0 -9999.0 -9999.0 -9999.0 -9999.0 -9999.0
-9999.0 -9999.0 -9999.0 -9999.0 -9999.0 -9999.0 -9999.0 -9999.0 -9999.0 -9999.0 -9999.0 -9999.0 0.079808 0.200000 0.086295 0.086338 0.059018 0.050732 0.159987 0.077783 0.086088 0.086229 0.074457 0.086337 0.195708 0.020033 0.020043 0.020026 0.020027 0.020021 0.020014 0.020020 0.020024 0.020014 -9999.0 -9999.0 -9999.0 -9999.0 -9999.0 -9999.0 -9999.0 -9999.0 -9999.0 -9999.0 -9999.0 -9999.0 -9999.0 -9999.0 -9999.0 -9999.0 -9999.0 -9999.0 -9999.0 -9999.0 -9999.0 -9999.0 -9999.0 -9999.0 -9999.0 -9999.0 -9999.0 -9999.0 -9999.0
-9999.0 -9999.0 -9999.0 -9999.0 -9999.0 -9999.0 -9999.0 -9999.0 -9999.0 -9999.0 -9999.0 0.098341 0.086612 0.182776 0.086311 0.102824 0.080222 0.051338 0.430000 0.078037 0.020119 0.154065 0.020135 0.020037 0.020197 0.020039 0.020025 0.020032 0.020032 0.020017 0.020020 0.020028 0.020023 0.020017 0.020019 0.020024 0.020026 0.020031 0.020033 -9999.0 -9999.0 -9999.0 0.020017 -9999.0 -9999.0 -9999.0 -9999.0 -9999.0 -9999.0 -9999.0 -9999.0 -9999.0 -9999.0 -9999.0 -9999.0 -9999.0 -9999.0 -9999.0 -9999.0 -9999.0 -9999.0 -9999.0 -9999.0
-9999.0 -9999.0 -9999.0 -9999.0 -9999.0 -9999.0 -9999.0 -9999.0 -9999.0 -9999.0 -9999.0 0.071520 0.086480 0.080574 0.086329 0.061510 0.086257 0.020234 0.430000 0.430000 0.116633 0.087493 0.047221 0.020053 0.020064 0.020032 0.020030 0.020040 0.020028 0.020017 0.020031 0.020033 0.020024 0.020021 0.020019 0.020031 0.020050 0.020052 0.020032 0.020018 0.020018 0.020017 0.020030 0.020021 -9999.0 -9999.0 -9999.0 0.040007 0.020019 0.020020 0.020022 0.020017 0.020017 0.040017 0.040017 0.020016 -9999.0 -9999.0 -9999.0 -9999.0 -9999.0 -9999.0 -9999.0
-9999.0 -9999.0 -9999.0 -9999.0 -9999.0 -9999.0 -9999.0 -9999.0 -9999.0 -9999.0 -9999.0 0.022906 0.079915 0.071315 0.160359 0.086929 0.086910 0.020791 0.113613 0.430000 0.430000 0.081295 0.058527 0.020049 0.020032 0.020026 0.028693 0.020039 0.020025 0.020020 0.020023 0.020033 0.020042 0.020023 0.020021 0.020043 0.020042 0.020048 0.020130 0.020023 0.020034 0.020025 0.020042 0.020033 0.020022 -9999.0 0.020015 0.020022 0.020030 0.020038 0.020041 0.020033 0.020033 0.020028 0.020028 0.020023 -9999.0 -9999.0 -9999.0 -9999.0 -9999.0 -9999.0 -9999.0
-9999.0 -9999.0 -9999.0 -9999.0 -9999.0 -9999.0 -9999.0 -9999.0 -9999.0 -9999.0 -9999.0 -9999.0 0.081364 0.141697 0.098695 0.101543 0.021146 0.020574 0.190515 0.430000 0.020850 0.080871 0.034951 0.055573 0.020044 0.028496 0.113558 0.020038 0.020028 0.020021 0.020030 0.020035 0.020041 0.020027 0.020024 0.020034 0.020108 0.029917 0.086213 0.020041 0.020071 0.020034 0.020068 0.031197 0.020023 0.020021 0.020018 0.020023 0.020041 0.020108 0.158145 0.020037 0.295398 0.020035 0.020028 0.020029 0.020024 -9999.0 -9999.0 -9999.0 -9999.0 -9999.0 -9999.0
-9999.0 -9999.0 -9999.0 -9999.0 -9999.0 -9999.0 -9999.0 -9999.0 -9999.0 -9999.0 -9999.0 0.137721 0.020058 0.025443 0.076549 0.086777 0.087044 0.021260 0.123928 0.430000 0.020828 0.020888 0.087135 0.020073 0.044944 0.049213 0.145232 0.020027 0.020026 0.020028 0.020181 0.020046 0.020046 0.020027 0.020019 0.020031 0.020032 0.021539 0.260775 0.044944 0.020442 0.083278 0.045825 0.020107 0.042997 0.020028 0.020034 0.020028 0.020035 0.067018 0.020033 0.020028 0.020022 0.020019 0.020016 0.020015 0.020021 -9999.0 -9999.0 -9999.0 -9999.0 -9999.0 -9999.0
-9999.0 -9999.0 -9999.0 -9999.0 -9999.0 -9999.0 -9999.0 -9999.0 -9999.0 -9999.0 0.177842 0.086539 0.047346 0.043939 0.104890 0.157789 0.153768 0.021012 0.050023 0.430000 0.430000 0.430000 0.020118 0.102467 0.086656 0.190829 0.020051 0.020027 0.020040 0.020065 0.020064 0.020067 0.020056 0.020027 0.020016 0.020023 0.020043 0.020081 0.020118 0.084945 0.079157 0.080078 0.086035 0.430000 0.086426 0.020029 0.020036 0.020108 0.020101 0.086756 0.020024 0.020019 0.020016 0.020014 0.020014 0.020027 0.020028 -9999.0 -9999.0 -9999.0 -9999.0 -9999.0 -9999.0
-9999.0 -9999.0 -9999.0 -9999.0 -9999.0 -9999.0 -9999.0 -9999.0 -9999.0 0.020034 0.106118 0.084550 0.052674 0.085957 0.143048 0.086903 0.086789 0.111305 0.020406 0.427805 0.430000 0.020467 0.020118 0.086291 0.144592 0.020087 0.020041 0.020079 0.059596 0.086662 0.086878 0.020078 0.020024 0.020016 0.020018 0.020023 0.020031 0.020057 0.020112 0.086022 0.020466 0.021322 0.020125 0.020793 0.020118 0.076975 0.087521 0.020444 0.021138 0.160386 0.020049 0.020021 0.020013 0.020014 0.020018 0.020021 0.020025 0.020022 0.020018 -9999.0 -9999.0 -9999.0 -9999.0
-9999.0 -9999.0 -9999.0 -9999.0 -9999.0 -9999.0 -9999.0 -9999.0 -9999.0 0.020025 0.020032 0.020056 0.199997 0.086508 0.086448 0.083421 0.110111 0.086589 0.020351 0.430000 0.430000 0.086834 0.153599 0.106703 0.020113 0.020377 0.086456 0.086582 0.086535 0.160541 0.082889 0.020065 0.020034 0.020023 0.020029 0.020023 0.020025 0.020032 0.020032 0.020073 0.132842 0.020053 0.086129 0.086386 0.430000 0.116597 0.086250 0.079527 0.079944 0.086659 0.020047 0.020023 0.020015 0.020017 0.020020 0.020019 0.020025 0.020032 0.020026 -9999.0 -9999.0 -9999.0 -9999.0
-9999.0 -9999.0 -9999.0 -9999.0 -9999.0 -9999.0 -9999.0 -9999.0 -9999.0 -9999.0 0.020029 0.020053 0.087274 0.429943 0.080395 0.086440 0.086624 0.086460 0.020336 0.430000 0.430000 0.020118 0.021335 0.020118 0.043103 0.086498 0.086492 0.086744 0.085505 0.020081 0.020067 0.078344 0.020030 0.020025 0.020040 0.020037 0.033296 0.065847 0.020025 0.020031 0.020028 0.041210 0.196811 0.082857 0.020121 0.021538 0.020119 0.161141 0.078706 0.080355 0.020070 0.020041 0.020017 0.020016 0.020017 0.020022 0.020032 0.112899 0.020068 0.086564 -9999.0 -9999.0 -9999.0
-9999.0 -9999.0 -9999.0 -9999.0 -9999.0 -9999.0 -9999.0 -9999.0 -9999.0 -9999.0 0.020027 0.020036 0.020556 0.086005 0.430000 0.020600 0.020720 0.052487 0.050548 0.348018 0.045224 0.020410 0.020751 0.086191 0.086406 0.086482 0.168341 0.021302 0.020098 0.020033 0.020030 0.020033 0.020028 0.020022 0.020031 0.020087 0.123248 0.073945 0.020049 0.020026 0.020033 0.020039 0.020054 0.020048 0.153137 0.020122 0.087382 0.020119 0.020120 0.079581 0.078964 0.020050 0.020029 0.020018 0.020015 0.020016 0.020022 0.020221 0.022376 0.193690 -9999.0 -9999.0 -9999.0
-9999.0 -9999.0 -9999.0 -9999.0 -9999.0 -9999.0 -9999.0 -9999.0 0.020050 0.020030 0.020025 0.020044 0.020041 0.020050 0.020562 0.430000 0.020325 0.086972 0.430000 0.297920 0.041642 0.020237 0.020293 0.020417 0.086202 0.064417 0.183037 0.020147 0.020058 0.020033 0.020016 0.020031 0.020031 0.020023 0.020034 0.020033 0.084495 0.086834 0.020053 0.020022 0.020028 0.020062 0.020033 0.020024 0.020036 0.124663 0.020056 0.087149 0.020119 0.430000 0.086150 0.020118 0.020037 0.020021 0.020017 0.020025 0.020023 0.103489 0.080576 0.021686 -9999.0 -9999.0 -9999.0
-9999.0 -9999.0 -9999.0 -9999.0 -9999.0 -9999.0 -9999.0 -9999.0 0.020037 0.020069 0.020037 0.020025 0.020033 0.022250 0.020141 0.021367 0.020712 0.020509 0.020122 0.293929 0.430000 0.430000 0.130950 0.086772 0.020296 0.058113 0.069958 0.087265 0.020030 0.020026 0.020023 0.020024 0.020033 0.020025 0.020041 0.020107 0.087812 0.087274 0.040481 0.020042 0.020030 0.020019 0.020026 0.020045 0.080246 0.037099 0.020030 0.020040 0.067439 0.021732 0.086173 0.087289 0.020039 0.020023 0.020034 0.020036 0.020151 0.080922 0.079482 0.430000 0.347449 -9999.0 -9999.0
-9999.0 -9999.0 -9999.0 -9999.0 -9999.0 -9999.0 -9999.0 -9999.0 0.020031 0.020062 0.020043 0.020031 0.020030 0.020035 0.075308 0.020118 0.020504 0.086032 0.020174 0.430000 0.292344 0.430000 0.113994 0.094793 0.133176 0.020719 0.021645 0.020102 0.020028 0.020031 0.020027 0.020089 0.020048 0.020055 0.029626 0.036947 0.066233 0.020146 0.020128 0.020125 0.020040 0.020028 0.020046 0.020078 0.020083 0.020044 0.020023 0.020033 0.020052 0.020119 0.430000 0.086184 0.020031 0.020037 0.020064 0.077239 0.088129 0.087706 0.086070 0.430000 0.430000 -9999.0 -9999.0
-9999.0 -9999.0 -9999.0 -9999.0 -9999.0 -9999.0 -9999.0 -9999.0 0.020020 0.020044 0.360094 0.020029 0.020033 0.100294 0.020119 0.021194 0.020120 0.020224 0.430000 0.243985 0.322815 0.372905 0.430000 0.416576 0.049598 0.020902 0.021425 0.020066 0.036316 0.020118 0.020202 0.020340 0.064809 0.087090 0.049117 0.057158 0.086645 0.020840 0.020122 0.082994 0.020057 0.020074 0.020064 0.020035 0.020035 0.020028 0.020041 0.020033 0.020034 0.020131 0.021613 0.021220 0.086191 0.159479 0.088360 0.089699 0.086188 0.430000 0.430000 0.430000 0.158176 0.063923 -9999.0
-9999.0 -9999.0 -9999.0 -9999.0 -9999.0 -9999.0 -9999.0 -9999.0 0.020020 0.020041 0.134198 0.020082 0.020118 0.020367 0.117677 0.163908 0.430000 0.020782 0.021002 0.020530 0.046723 0.416011 0.362532 0.326276 0.086661 0.020576 0.020114 0.086549 0.086484 0.087030 0.020118 0.087149 0.080493 0.087726 0.081676 0.081535 0.081247 0.020624 0.020118 0.088356 0.081805 0.080542 0.081187 0.079925 0.020192 0.037909 0.059926 0.044154 0.055514 0.080127 0.079225 0.020608 0.021017 0.086394 0.112587 0.430000 0.430000 0.430000 0.430000 0.086113 0.020961 0.064780 -9999.0
-9999.0 -9999.0 0.020034 0.020047 0.020034 0.020103 0.020036 0.020040 0.020026 0.020032 0.020310 0.429307 0.020465 0.088527 0.121508 0.430000 0.020118 0.020104 0.086731 0.021295 0.020459 0.052031 0.430000 0.183555 0.354333 0.020402 0.020546 0.020692 0.020924 0.116425 0.020980 0.021323 0.197564 0.021002 0.086994 0.020683 0.086725 0.020366 0.020118 0.020118 0.080746 0.080384 0.020118 0.086129 0.020118 0.080657 0.086919 0.061213 0.079092 0.086295 0.086218 0.430000 0.430000 0.430000 0.430000 0.430000 0.430000 0.187622 0.086232 0.021249 0.194179 0.071967 -9999.0
-9999.0 0.086010 0.047199 0.041046 0.020113 0.020040 0.020036 0.020036 0.020029 0.020026 0.020049 0.020140 0.430000 0.430000 0.430000 0.020118 0.039180 0.020058 0.140381 0.021010 0.020443 0.020774 0.430000 0.430000 0.104765 0.092832 0.106579 0.116304 0.086273 0.151141 0.085992 0.086253 0.087723 0.195236 0.086562 0.142362 0.086472 0.020187 0.178823 0.157805 0.086459 0.086839 0.086075 0.020525 0.020427 0.020348 0.430000 0.020437 0.086279 0.430000 0.430000 0.430000 0.430000 0.430000 0.430000 0.187759 0.075393 0.073754 0.187073 0.186157 0.084578 0.077571 -9999.0
-9999.0 0.093422 0.031739 0.086578 0.430000 0.020063 0.020053 0.020032 0.020025 0.020024 0.020041 0.020102 0.021327 0.430000 0.020118 0.020055 0.020038 0.020047 0.086791 0.020645 0.184657 0.064829 0.430000 0.430000 0.430000 0.430000 0.030401 0.342846 0.430000 0.020274 0.020152 0.020177 0.182864 0.430000 0.430000 0.430000 0.430000 0.430000 0.185372 0.136560 0.168561 0.430000 0.087011 0.044141 0.030331 0.020152 0.430000 0.430000 0.430000 0.430000 0.178303 0.064746 0.071316 0.074888 0.022491 0.072108 0.021173 0.072948 0.021707 0.074923 0.077759 -9999.0 -9999.0
-9999.0 0.020063 0.041633 0.020637 0.021575 0.429911 0.430000 0.020078 0.020056 0.020055 0.040741 0.021036 0.087546 0.429997 0.020086 0.020043 0.020033 0.020053 0.020080 0.020608 0.021130 0.021231 0.050905 0.430000 0.430000 0.430000 0.430000 0.430000 0.339112 0.430000 0.280790 0.263884 0.430000 0.430000 0.430000 0.430000 0.430000 0.430000 0.430000 0.430000 0.430000 0.430000 0.430000 0.273101 0.264137 0.430000 0.430000 0.430000 0.430000 0.061448 0.021617 0.171928 0.071281 0.175856 0.073077 0.069961 0.074622 0.065967 0.073119 -9999.0 -9999.0 -9999.0 -9999.0
