erum2020/resources/simulation/Vinschgau/output-maps/thetaliqL0005N0225.asc
ncols         63
nrows         48
xllcorner     598000.000000
yllcorner     5145000.000000
cellsize      1000.000000
NODATA_value  -9999.0
[rows 0 to 28 of 48, columns 0 to 62 of 63]
-9999.0 -9999.0 -9999.0 -9999.0 -9999.0 -9999.0 -9999.0 -9999.0 -9999.0 -9999.0 -9999.0 -9999.0 -9999.0 -9999.0 -9999.0 -9999.0 -9999.0 -9999.0 -9999.0 -9999.0 -9999.0 -9999.0 -9999.0 -9999.0 -9999.0 -9999.0 -9999.0 -9999.0 -9999.0 -9999.0 -9999.0 -9999.0 -9999.0 -9999.0 -9999.0 -9999.0 -9999.0 -9999.0 -9999.0 -9999.0 -9999.0 -9999.0 -9999.0 -9999.0 -9999.0 -9999.0 -9999.0 -9999.0 -9999.0 -9999.0 -9999.0 -9999.0 -9999.0 -9999.0 -9999.0 -9999.0 -9999.0 -9999.0 -9999.0 -9999.0 -9999.0 -9999.0 -9999.0
-9999.0 -9999.0 -9999.0 -9999.0 -9999.0 -9999.0 -9999.0 -9999.0 -9999.0 -9999.0 -9999.0 -9999.0 -9999.0 -9999.0 -9999.0 -9999.0 -9999.0 -9999.0 -9999.0 -9999.0 -9999.0 -9999.0 -9999.0 -9999.0 -9999.0 -9999.0 -9999.0 0.020022 0.040005 0.020019 0.040005 0.020018 0.020018 -9999.0 -9999.0 -9999.0 -9999.0 -9999.0 -9999.0 -9999.0 -9999.0 -9999.0 -9999.0 -9999.0 -9999.0 -9999.0 -9999.0 -9999.0 -9999.0 -9999.0 -9999.0 -9999.0 -9999.0 -9999.0 -9999.0 -9999.0 -9999.0 -9999.0 -9999.0 -9999.0 -9999.0 -9999.0 -9999.0
-9999.0 -9999.0 -9999.0 -9999.0 -9999.0 -9999.0 -9999.0 -9999.0 -9999.0 -9999.0 -9999.0 -9999.0 -9999.0 -9999.0 -9999.0 -9999.0 -9999.0 -9999.0 -9999.0 -9999.0 -9999.0 -9999.0 -9999.0 -9999.0 0.040011 0.040007 0.040006 0.040005 0.040006 0.040005 0.040005 -9999.0 -9999.0 -9999.0 -9999.0 -9999.0 -9999.0 -9999.0 -9999.0 -9999.0 -9999.0 -9999.0 -9999.0 -9999.0 -9999.0 -9999.0 -9999.0 -9999.0 -9999.0 -9999.0 -9999.0 -9999.0 -9999.0 -9999.0 -9999.0 -9999.0 -9999.0 -9999.0 -9999.0 -9999.0 -9999.0 -9999.0 -9999.0
-9999.0 -9999.0 -9999.0 -9999.0 -9999.0 -9999.0 -9999.0 -9999.0 -9999.0 -9999.0 -9999.0 -9999.0 -9999.0 -9999.0 -9999.0 -9999.0 -9999.0 -9999.0 -9999.0 -9999.0 -9999.0 -9999.0 -9999.0 0.040008 0.040009 0.041646 0.040151 0.040037 0.040013 0.040005 0.040005 0.040006 -9999.0 -9999.0 -9999.0 -9999.0 -9999.0 -9999.0 -9999.0 -9999.0 -9999.0 -9999.0 -9999.0 -9999.0 -9999.0 -9999.0 -9999.0 -9999.0 -9999.0 -9999.0 -9999.0 -9999.0 -9999.0 -9999.0 -9999.0 -9999.0 -9999.0 -9999.0 -9999.0 -9999.0 -9999.0 -9999.0 -9999.0
-9999.0 -9999.0 -9999.0 -9999.0 -9999.0 -9999.0 -9999.0 -9999.0 -9999.0 -9999.0 -9999.0 -9999.0 -9999.0 -9999.0 -9999.0 -9999.0 -9999.0 -9999.0 0.041630 0.040070 -9999.0 0.040010 0.040009 0.040128 0.040066 0.040010 0.040010 0.040010 0.040013 0.040013 0.040005 0.040005 0.020017 0.020016 -9999.0 -9999.0 -9999.0 -9999.0 -9999.0 -9999.0 -9999.0 -9999.0 -9999.0 -9999.0 -9999.0 -9999.0 -9999.0 -9999.0 -9999.0 -9999.0 -9999.0 -9999.0 -9999.0 -9999.0 -9999.0 -9999.0 -9999.0 -9999.0 -9999.0 -9999.0 -9999.0 -9999.0 -9999.0
-9999.0 -9999.0 -9999.0 -9999.0 -9999.0 -9999.0 -9999.0 -9999.0 -9999.0 -9999.0 -9999.0 -9999.0 -9999.0 -9999.0 -9999.0 -9999.0 -9999.0 0.045515 0.040013 0.020037 0.020025 0.040037 0.040022 0.040014 0.040019 0.040006 0.040007 0.040010 0.040007 0.040009 0.040009 0.040005 0.020021 0.020017 0.020017 0.020016 -9999.0 -9999.0 -9999.0 -9999.0 -9999.0 -9999.0 -9999.0 -9999.0 -9999.0 -9999.0 -9999.0 -9999.0 -9999.0 -9999.0 -9999.0 -9999.0 -9999.0 -9999.0 -9999.0 -9999.0 -9999.0 -9999.0 -9999.0 -9999.0 -9999.0 -9999.0 -9999.0
-9999.0 -9999.0 -9999.0 -9999.0 -9999.0 -9999.0 -9999.0 -9999.0 -9999.0 -9999.0 -9999.0 -9999.0 -9999.0 0.040009 0.040038 0.040016 0.040014 0.020041 0.041623 0.040018 0.040018 0.040033 0.040011 0.040015 0.040006 0.040007 0.020021 0.040007 0.040006 0.040009 0.040008 0.040005 0.040005 0.040003 0.020015 0.020015 -9999.0 -9999.0 -9999.0 -9999.0 -9999.0 -9999.0 -9999.0 -9999.0 -9999.0 -9999.0 -9999.0 -9999.0 -9999.0 -9999.0 -9999.0 -9999.0 -9999.0 -9999.0 -9999.0 -9999.0 -9999.0 -9999.0 -9999.0 -9999.0 -9999.0 -9999.0 -9999.0
-9999.0 -9999.0 -9999.0 -9999.0 -9999.0 -9999.0 -9999.0 -9999.0 -9999.0 -9999.0 -9999.0 -9999.0 -9999.0 0.040023 0.040256 0.040071 0.040047 0.040072 0.020040 0.040018 0.040041 0.040006 0.040011 0.040008 0.040010 0.040007 0.040005 0.020018 0.020017 0.040005 0.040007 0.040004 0.020016 0.020014 0.020014 -9999.0 -9999.0 -9999.0 -9999.0 -9999.0 -9999.0 -9999.0 -9999.0 -9999.0 -9999.0 -9999.0 -9999.0 -9999.0 -9999.0 -9999.0 -9999.0 -9999.0 -9999.0 -9999.0 -9999.0 -9999.0 -9999.0 -9999.0 -9999.0 -9999.0 -9999.0 -9999.0 -9999.0
-9999.0 -9999.0 -9999.0 -9999.0 -9999.0 -9999.0 -9999.0 -9999.0 -9999.0 -9999.0 -9999.0 -9999.0 -9999.0 0.040044 0.040107 0.040289 0.040049 0.040015 0.020039 0.040091 0.040029 0.020021 0.040008 0.040009 0.040015 0.040034 0.020022 0.020018 0.040005 0.020016 0.040004 0.020014 0.020015 0.020014 0.020014 -9999.0 -9999.0 -9999.0 -9999.0 -9999.0 -9999.0 -9999.0 -9999.0 -9999.0 -9999.0 -9999.0 -9999.0 -9999.0 -9999.0 -9999.0 -9999.0 -9999.0 -9999.0 -9999.0 -9999.0 -9999.0 -9999.0 -9999.0 -9999.0 -9999.0 -9999.0 -9999.0 -9999.0
-9999.0 -9999.0 -9999.0 -9999.0 -9999.0 -9999.0 -9999.0 -9999.0 -9999.0 -9999.0 -9999.0 -9999.0 0.040020 0.040162 0.040262 0.040007 0.040047 0.040025 0.040040 0.020040 0.040012 0.040008 0.020027 0.040010 0.040039 0.040005 0.040010 0.040007 0.040006 0.020017 0.040004 0.020017 0.040004 0.020015 -9999.0 -9999.0 -9999.0 -9999.0 -9999.0 -9999.0 -9999.0 -9999.0 -9999.0 -9999.0 -9999.0 -9999.0 -9999.0 -9999.0 -9999.0 -9999.0 -9999.0 -9999.0 -9999.0 -9999.0 -9999.0 -9999.0 -9999.0 -9999.0 -9999.0 -9999.0 -9999.0 -9999.0 -9999.0
-9999.0 -9999.0 -9999.0 -9999.0 -9999.0 -9999.0 -9999.0 -9999.0 -9999.0 -9999.0 -9999.0 0.040018 0.040010 0.040334 0.040008 0.040009 0.020022 0.040022 0.040042 0.020042 0.040012 0.040271 0.040008 0.040006 0.040008 0.040007 0.040004 0.040007 0.040006 0.020016 0.020019 0.040004 0.020017 0.020014 0.020013 0.020013 0.040003 0.040003 0.020015 -9999.0 -9999.0 -9999.0 0.020013 -9999.0 -9999.0 -9999.0 -9999.0 -9999.0 -9999.0 -9999.0 -9999.0 -9999.0 -9999.0 -9999.0 -9999.0 -9999.0 -9999.0 -9999.0 -9999.0 -9999.0 -9999.0 -9999.0 -9999.0
-9999.0 -9999.0 -9999.0 -9999.0 -9999.0 -9999.0 -9999.0 -9999.0 -9999.0 -9999.0 -9999.0 0.040009 0.040013 0.040018 0.040024 0.040007 0.040019 0.040011 0.040043 0.040068 0.040093 0.040081 0.040010 0.040008 0.040008 0.040006 0.040006 0.040006 0.020023 0.020017 0.040005 0.040004 0.040004 0.040004 0.040003 0.040003 0.040007 0.040951 0.040194 0.020012 0.020012 0.020011 0.040003 0.020015 -9999.0 -9999.0 -9999.0 0.040203 0.040026 0.020040 0.040060 0.020060 0.020068 0.041088 0.041726 0.020085 -9999.0 -9999.0 -9999.0 -9999.0 -9999.0 -9999.0 -9999.0
-9999.0 -9999.0 -9999.0 -9999.0 -9999.0 -9999.0 -9999.0 -9999.0 -9999.0 -9999.0 -9999.0 0.040011 0.040010 0.040006 0.040041 0.040007 0.040012 0.040010 0.040017 0.040040 0.040064 0.040016 0.040016 0.040009 0.040006 0.020021 0.040009 0.040006 0.020019 0.040005 0.020017 0.040004 0.040004 0.040003 0.020013 0.040003 0.040045 0.040059 0.088750 0.020076 0.040004 0.020013 0.040004 0.040004 0.040005 -9999.0 0.020023 0.040014 0.040026 0.040063 0.020062 0.020046 0.020122 0.049568 0.020284 0.041397 -9999.0 -9999.0 -9999.0 -9999.0 -9999.0 -9999.0 -9999.0
-9999.0 -9999.0 -9999.0 -9999.0 -9999.0 -9999.0 -9999.0 -9999.0 -9999.0 -9999.0 -9999.0 -9999.0 0.040013 0.040041 0.040050 0.040025 0.040009 0.040010 0.040027 0.040040 0.040014 0.040022 0.040049 0.040016 0.040006 0.040009 0.040245 0.020020 0.040006 0.020022 0.040005 0.040005 0.020018 0.040003 0.040003 0.040002 0.040012 0.040024 0.102240 0.020246 0.040005 0.020021 0.040007 0.040010 0.020017 0.040006 0.020025 0.040013 0.040010 0.040011 0.040494 0.040045 0.041388 0.040328 0.040038 0.040044 0.040084 -9999.0 -9999.0 -9999.0 -9999.0 -9999.0 -9999.0
-9999.0 -9999.0 -9999.0 -9999.0 -9999.0 -9999.0 -9999.0 -9999.0 -9999.0 -9999.0 -9999.0 0.040039 0.040010 0.020028 0.040021 0.040021 0.040020 0.040008 0.040030 0.047031 0.040014 0.040069 0.040022 0.040007 0.040010 0.040064 0.040031 0.040005 0.040006 0.020021 0.040008 0.040006 0.040007 0.040004 0.040003 0.040002 0.040002 0.040017 0.040068 0.094225 0.040016 0.040311 0.040044 0.020031 0.040013 0.040007 0.040009 0.020025 0.020032 0.020026 0.020028 0.040010 0.040015 0.020026 0.020032 0.020028 0.020106 -9999.0 -9999.0 -9999.0 -9999.0 -9999.0 -9999.0
-9999.0 -9999.0 -9999.0 -9999.0 -9999.0 -9999.0 -9999.0 -9999.0 -9999.0 -9999.0 0.040042 0.040020 0.040056 0.040010 0.040054 0.040071 0.040008 0.040010 0.040026 0.040123 0.040038 0.041262 0.040022 0.040240 0.040041 0.040041 0.040006 0.020020 0.020029 0.040015 0.040014 0.040006 0.040005 0.040004 0.020013 0.020013 0.040003 0.040019 0.040159 0.040448 0.040719 0.020031 0.020024 0.040612 0.040012 0.020019 0.040009 0.040014 0.040019 0.040015 0.020028 0.020027 0.020028 0.020027 0.020029 0.040254 0.040295 -9999.0 -9999.0 -9999.0 -9999.0 -9999.0 -9999.0
-9999.0 -9999.0 -9999.0 -9999.0 -9999.0 -9999.0 -9999.0 -9999.0 -9999.0 0.040009 0.040045 0.040044 0.040094 0.040015 0.040087 0.040010 0.040010 0.040085 0.040014 0.048444 0.040036 0.040015 0.040015 0.040013 0.040040 0.040006 0.040006 0.040032 0.040016 0.040016 0.040012 0.020020 0.020016 0.020015 0.020015 0.020014 0.040003 0.040003 0.040003 0.040004 0.040336 0.040004 0.040004 0.040862 0.040065 0.040012 0.040019 0.040017 0.040009 0.040022 0.020030 0.020051 0.020025 0.020035 0.020058 0.040062 0.040250 0.020121 0.020124 -9999.0 -9999.0 -9999.0 -9999.0
-9999.0 -9999.0 -9999.0 -9999.0 -9999.0 -9999.0 -9999.0 -9999.0 -9999.0 0.020028 0.040010 0.040009 0.040077 0.040113 0.040055 0.040027 0.041409 0.040025 0.040084 0.041531 0.042214 0.042566 0.040044 0.040057 0.040007 0.040010 0.040028 0.040017 0.040012 0.040012 0.040006 0.040005 0.040005 0.040005 0.040004 0.020016 0.020015 0.020016 0.040003 0.040004 0.040007 0.040004 0.040011 0.040007 0.044947 0.041071 0.041019 0.040011 0.040016 0.040017 0.020031 0.040012 0.020034 0.040015 0.020029 0.040208 0.040075 0.040108 0.020122 -9999.0 -9999.0 -9999.0 -9999.0
-9999.0 -9999.0 -9999.0 -9999.0 -9999.0 -9999.0 -9999.0 -9999.0 -9999.0 -9999.0 0.040010 0.040009 0.040011 0.040029 0.040033 0.040182 0.040113 0.040021 0.044352 0.050392 0.040066 0.040011 0.040050 0.040014 0.040009 0.040017 0.040013 0.040684 0.040007 0.040006 0.040006 0.040020 0.040005 0.040005 0.040005 0.040007 0.040008 0.040006 0.020016 0.040004 0.040004 0.040006 0.040006 0.040007 0.040005 0.040004 0.040006 0.040079 0.041359 0.040012 0.020038 0.020041 0.020060 0.020037 0.040030 0.040012 0.040054 0.040092 0.040074 0.042577 -9999.0 -9999.0 -9999.0
-9999.0 -9999.0 -9999.0 -9999.0 -9999.0 -9999.0 -9999.0 -9999.0 -9999.0 -9999.0 0.040010 0.040009 0.040014 0.040045 0.040037 0.040016 0.040024 0.040015 0.062493 0.050873 0.040848 0.040012 0.040015 0.040029 0.040024 0.040202 0.041284 0.040008 0.040007 0.040005 0.040005 0.040010 0.020020 0.040005 0.040005 0.040005 0.040011 0.040007 0.040005 0.040005 0.040007 0.020024 0.040008 0.040006 0.040040 0.020030 0.040015 0.040006 0.040966 0.040029 0.040014 0.040021 0.040048 0.020066 0.020044 0.020085 0.040012 0.040059 0.040287 0.040833 -9999.0 -9999.0 -9999.0
-9999.0 -9999.0 -9999.0 -9999.0 -9999.0 -9999.0 -9999.0 -9999.0 0.040066 0.040025 0.020026 0.040013 0.040011 0.040011 0.040031 0.041129 0.040130 0.051301 0.054833 0.057157 0.080682 0.043422 0.041424 0.040011 0.040012 0.042117 0.040040 0.040007 0.040009 0.040006 0.020017 0.040005 0.040007 0.040007 0.040009 0.040004 0.040010 0.040009 0.040005 0.020024 0.020021 0.040007 0.020020 0.020019 0.020029 0.040044 0.040007 0.040045 0.040007 0.041818 0.040018 0.020058 0.040050 0.040021 0.020075 0.020116 0.020106 0.043571 0.040021 0.041515 -9999.0 -9999.0 -9999.0
-9999.0 -9999.0 -9999.0 -9999.0 -9999.0 -9999.0 -9999.0 -9999.0 0.020027 0.040089 0.040008 0.040007 0.040008 0.040013 0.040031 0.040012 0.040134 0.040022 0.110006 0.135986 0.425597 0.276806 0.105779 0.042191 0.042427 0.043319 0.040016 0.040008 0.020021 0.040008 0.040009 0.020024 0.040011 0.020027 0.040027 0.040019 0.040010 0.040015 0.040006 0.040011 0.040007 0.020018 0.020021 0.040021 0.040018 0.040030 0.020025 0.040008 0.040010 0.040013 0.040028 0.040051 0.040052 0.040428 0.020045 0.020070 0.040073 0.040021 0.041360 0.172137 0.241121 -9999.0 -9999.0
-9999.0 -9999.0 -9999.0 -9999.0 -9999.0 -9999.0 -9999.0 -9999.0 0.040008 0.040010 0.040114 0.040007 0.040014 0.020024 0.040575 0.040026 0.040018 0.040017 0.140379 0.097180 0.252319 0.155895 0.266168 0.050990 0.243284 0.040015 0.040011 0.040007 0.020019 0.040007 0.020024 0.040015 0.040007 0.020023 0.040043 0.040053 0.040012 0.040014 0.040007 0.040010 0.040012 0.020033 0.040041 0.040014 0.040012 0.040011 0.020043 0.040050 0.040019 0.040007 0.044826 0.040014 0.040026 0.040010 0.040012 0.040013 0.040289 0.041334 0.042835 0.050151 0.191027 -9999.0 -9999.0
-9999.0 -9999.0 -9999.0 -9999.0 -9999.0 -9999.0 -9999.0 -9999.0 0.020020 0.040011 0.043165 0.020024 0.040075 0.042613 0.020082 0.040025 0.043057 0.152787 0.043968 0.169341 0.054214 0.247101 0.303673 0.166392 0.040034 0.040114 0.040050 0.040008 0.040272 0.040042 0.040009 0.040009 0.020054 0.040037 0.020027 0.040010 0.040010 0.040023 0.040011 0.040008 0.040018 0.040037 0.040042 0.020026 0.040043 0.020041 0.020092 0.020037 0.040052 0.040015 0.040031 0.041177 0.040167 0.040019 0.040162 0.040282 0.040973 0.056937 0.412913 0.165040 0.049109 0.042611 -9999.0
-9999.0 -9999.0 -9999.0 -9999.0 -9999.0 -9999.0 -9999.0 -9999.0 0.040010 0.040020 0.040539 0.041063 0.040106 0.040020 0.040027 0.040483 0.040229 0.040008 0.040016 0.040013 0.055567 0.095468 0.133311 0.059759 0.040015 0.040030 0.040027 0.040277 0.040015 0.040022 0.040011 0.040303 0.040014 0.040117 0.040015 0.040018 0.040034 0.040025 0.040019 0.040026 0.040016 0.020056 0.040036 0.020064 0.040008 0.040032 0.040017 0.040022 0.040026 0.040013 0.040045 0.040592 0.040957 0.040339 0.040382 0.043462 0.051113 0.052284 0.047754 0.043215 0.040038 0.042878 -9999.0
-9999.0 -9999.0 0.020030 0.040020 0.040016 0.040012 0.040027 0.040010 0.040013 0.040031 0.040017 0.040064 0.040066 0.040081 0.040340 0.041214 0.040007 0.040010 0.040012 0.040050 0.040017 0.191332 0.066846 0.046869 0.049615 0.040066 0.040013 0.040012 0.040318 0.040020 0.040050 0.040420 0.040042 0.040013 0.040014 0.040014 0.040034 0.040021 0.040020 0.040030 0.040023 0.040016 0.040016 0.040018 0.040033 0.040032 0.040019 0.040041 0.040766 0.041038 0.040995 0.045207 0.051190 0.050095 0.044401 0.044640 0.042082 0.040942 0.040023 0.040029 0.045080 0.045722 -9999.0
-9999.0 0.040057 0.040066 0.040068 0.040021 0.040080 0.040016 0.040014 0.040013 0.040011 0.040017 0.040083 0.041320 0.042890 0.045039 0.040081 0.040013 0.040014 0.040089 0.040037 0.040018 0.069014 0.046194 0.196429 0.042260 0.041994 0.134499 0.135580 0.040703 0.040602 0.040779 0.040015 0.040017 0.041455 0.040518 0.041685 0.041269 0.055699 0.044163 0.042101 0.040845 0.040584 0.040540 0.040015 0.040031 0.040652 0.046804 0.043155 0.042375 0.048510 0.050716 0.049290 0.043128 0.041995 0.040955 0.040010 0.040407 0.040360 0.040618 0.040568 0.042142 0.045864 -9999.0
-9999.0 0.040023 0.040308 0.040732 0.042782 0.040517 0.040016 0.040009 0.040012 0.020028 0.040015 0.041417 0.040205 0.045499 0.040021 0.040012 0.040012 0.040009 0.040561 0.040026 0.041028 0.040163 0.079972 0.046609 0.119613 0.297847 0.221628 0.101380 0.060070 0.207149 0.179509 0.077965 0.040764 0.045942 0.048269 0.048477 0.275786 0.430000 0.123457 0.105152 0.080324 0.049060 0.042101 0.091124 0.145705 0.202897 0.397576 0.364594 0.052487 0.051440 0.041013 0.040007 0.040298 0.040010 0.040010 0.040206 0.040053 0.040192 0.040053 0.041351 0.041785 -9999.0 -9999.0
-9999.0 0.020036 0.040009 0.040033 0.040013 0.042767 0.042203 0.040528 0.040030 0.040055 0.041016 0.040035 0.040094 0.043438 0.040068 0.040014 0.040017 0.040023 0.040010 0.040018 0.040062 0.040019 0.041376 0.040188 0.044261 0.048938 0.053338 0.053712 0.053718 0.053464 0.053845 0.094443 0.063731 0.046737 0.055030 0.052015 0.049364 0.066574 0.060260 0.156280 0.291959 0.387655 0.287994 0.327525 0.235767 0.194317 0.052952 0.047462 0.044936 0.041332 0.040014 0.040037 0.040130 0.040309 0.040034 0.040199 0.040417 0.040786 0.041065 -9999.0 -9999.0 -9999.0 -9999.0
