erum2020/resources/simulation/Vinschgau/output-maps/thetaliqL0005N0268.asc
ncols         63
nrows         48
xllcorner     598000.000000
yllcorner     5145000.000000
cellsize      1000.000000
NODATA_value  -9999.0
[rows 0 to 28 of 48, columns 0 to 62 of 63]
-9999.0 -9999.0 -9999.0 -9999.0 -9999.0 -9999.0 -9999.0 -9999.0 -9999.0 -9999.0 -9999.0 -9999.0 -9999.0 -9999.0 -9999.0 -9999.0 -9999.0 -9999.0 -9999.0 -9999.0 -9999.0 -9999.0 -9999.0 -9999.0 -9999.0 -9999.0 -9999.0 -9999.0 -9999.0 -9999.0 -9999.0 -9999.0 -9999.0 -9999.0 -9999.0 -9999.0 -9999.0 -9999.0 -9999.0 -9999.0 -9999.0 -9999.0 -9999.0 -9999.0 -9999.0 -9999.0 -9999.0 -9999.0 -9999.0 -9999.0 -9999.0 -9999.0 -9999.0 -9999.0 -9999.0 -9999.0 -9999.0 -9999.0 -9999.0 -9999.0 -9999.0 -9999.0 -9999.0
-9999.0 -9999.0 -9999.0 -9999.0 -9999.0 -9999.0 -9999.0 -9999.0 -9999.0 -9999.0 -9999.0 -9999.0 -9999.0 -9999.0 -9999.0 -9999.0 -9999.0 -9999.0 -9999.0 -9999.0 -9999.0 -9999.0 -9999.0 -9999.0 -9999.0 -9999.0 -9999.0 0.020021 0.040005 0.020021 0.040005 0.020017 0.020017 -9999.0 -9999.0 -9999.0 -9999.0 -9999.0 -9999.0 -9999.0 -9999.0 -9999.0 -9999.0 -9999.0 -9999.0 -9999.0 -9999.0 -9999.0 -9999.0 -9999.0 -9999.0 -9999.0 -9999.0 -9999.0 -9999.0 -9999.0 -9999.0 -9999.0 -9999.0 -9999.0 -9999.0 -9999.0 -9999.0
-9999.0 -9999.0 -9999.0 -9999.0 -9999.0 -9999.0 -9999.0 -9999.0 -9999.0 -9999.0 -9999.0 -9999.0 -9999.0 -9999.0 -9999.0 -9999.0 -9999.0 -9999.0 -9999.0 -9999.0 -9999.0 -9999.0 -9999.0 -9999.0 0.040007 0.040007 0.040007 0.040006 0.040006 0.040006 0.040005 -9999.0 -9999.0 -9999.0 -9999.0 -9999.0 -9999.0 -9999.0 -9999.0 -9999.0 -9999.0 -9999.0 -9999.0 -9999.0 -9999.0 -9999.0 -9999.0 -9999.0 -9999.0 -9999.0 -9999.0 -9999.0 -9999.0 -9999.0 -9999.0 -9999.0 -9999.0 -9999.0 -9999.0 -9999.0 -9999.0 -9999.0 -9999.0
-9999.0 -9999.0 -9999.0 -9999.0 -9999.0 -9999.0 -9999.0 -9999.0 -9999.0 -9999.0 -9999.0 -9999.0 -9999.0 -9999.0 -9999.0 -9999.0 -9999.0 -9999.0 -9999.0 -9999.0 -9999.0 -9999.0 -9999.0 0.040007 0.040008 0.040012 0.040007 0.040006 0.040006 0.040006 0.040005 0.040005 -9999.0 -9999.0 -9999.0 -9999.0 -9999.0 -9999.0 -9999.0 -9999.0 -9999.0 -9999.0 -9999.0 -9999.0 -9999.0 -9999.0 -9999.0 -9999.0 -9999.0 -9999.0 -9999.0 -9999.0 -9999.0 -9999.0 -9999.0 -9999.0 -9999.0 -9999.0 -9999.0 -9999.0 -9999.0 -9999.0 -9999.0
-9999.0 -9999.0 -9999.0 -9999.0 -9999.0 -9999.0 -9999.0 -9999.0 -9999.0 -9999.0 -9999.0 -9999.0 -9999.0 -9999.0 -9999.0 -9999.0 -9999.0 -9999.0 0.040012 0.040009 -9999.0 0.040008 0.040008 0.040008 0.040007 0.040060 0.040007 0.040007 0.040112 0.040006 0.040006 0.040005 0.020018 0.020016 -9999.0 -9999.0 -9999.0 -9999.0 -9999.0 -9999.0 -9999.0 -9999.0 -9999.0 -9999.0 -9999.0 -9999.0 -9999.0 -9999.0 -9999.0 -9999.0 -9999.0 -9999.0 -9999.0 -9999.0 -9999.0 -9999.0 -9999.0 -9999.0 -9999.0 -9999.0 -9999.0 -9999.0 -9999.0
-9999.0 -9999.0 -9999.0 -9999.0 -9999.0 -9999.0 -9999.0 -9999.0 -9999.0 -9999.0 -9999.0 -9999.0 -9999.0 -9999.0 -9999.0 -9999.0 -9999.0 0.040018 0.040009 0.020025 0.020027 0.040011 0.040009 0.040007 0.041398 0.040006 0.040006 0.040007 0.040005 0.040006 0.040007 0.040005 0.020022 0.020019 0.020017 0.020015 -9999.0 -9999.0 -9999.0 -9999.0 -9999.0 -9999.0 -9999.0 -9999.0 -9999.0 -9999.0 -9999.0 -9999.0 -9999.0 -9999.0 -9999.0 -9999.0 -9999.0 -9999.0 -9999.0 -9999.0 -9999.0 -9999.0 -9999.0 -9999.0 -9999.0 -9999.0 -9999.0
-9999.0 -9999.0 -9999.0 -9999.0 -9999.0 -9999.0 -9999.0 -9999.0 -9999.0 -9999.0 -9999.0 -9999.0 -9999.0 0.040007 0.040010 0.040008 0.040009 0.020032 0.040011 0.040007 0.040008 0.040008 0.040010 0.040406 0.040006 0.040005 0.020019 0.040006 0.040005 0.040007 0.040006 0.040005 0.040004 0.040003 0.020015 0.020014 -9999.0 -9999.0 -9999.0 -9999.0 -9999.0 -9999.0 -9999.0 -9999.0 -9999.0 -9999.0 -9999.0 -9999.0 -9999.0 -9999.0 -9999.0 -9999.0 -9999.0 -9999.0 -9999.0 -9999.0 -9999.0 -9999.0 -9999.0 -9999.0 -9999.0 -9999.0 -9999.0
-9999.0 -9999.0 -9999.0 -9999.0 -9999.0 -9999.0 -9999.0 -9999.0 -9999.0 -9999.0 -9999.0 -9999.0 -9999.0 0.040011 0.040013 0.040007 0.040008 0.040011 0.020031 0.040009 0.040031 0.040006 0.040008 0.040007 0.040007 0.040006 0.040005 0.020017 0.020016 0.040005 0.040005 0.040003 0.020015 0.020014 0.020014 -9999.0 -9999.0 -9999.0 -9999.0 -9999.0 -9999.0 -9999.0 -9999.0 -9999.0 -9999.0 -9999.0 -9999.0 -9999.0 -9999.0 -9999.0 -9999.0 -9999.0 -9999.0 -9999.0 -9999.0 -9999.0 -9999.0 -9999.0 -9999.0 -9999.0 -9999.0 -9999.0 -9999.0
-9999.0 -9999.0 -9999.0 -9999.0 -9999.0 -9999.0 -9999.0 -9999.0 -9999.0 -9999.0 -9999.0 -9999.0 -9999.0 0.040009 0.040007 0.040121 0.040009 0.040007 0.020032 0.040051 0.040009 0.020020 0.040007 0.040007 0.040009 0.040012 0.020022 0.020017 0.040005 0.020015 0.040004 0.020014 0.020014 0.020013 0.020014 -9999.0 -9999.0 -9999.0 -9999.0 -9999.0 -9999.0 -9999.0 -9999.0 -9999.0 -9999.0 -9999.0 -9999.0 -9999.0 -9999.0 -9999.0 -9999.0 -9999.0 -9999.0 -9999.0 -9999.0 -9999.0 -9999.0 -9999.0 -9999.0 -9999.0 -9999.0 -9999.0 -9999.0
-9999.0 -9999.0 -9999.0 -9999.0 -9999.0 -9999.0 -9999.0 -9999.0 -9999.0 -9999.0 -9999.0 -9999.0 0.040011 0.040008 0.040033 0.040006 0.040026 0.040008 0.045349 0.020034 0.040008 0.040006 0.020025 0.040007 0.040011 0.040004 0.040007 0.040006 0.040006 0.020016 0.040003 0.020017 0.040004 0.020014 -9999.0 -9999.0 -9999.0 -9999.0 -9999.0 -9999.0 -9999.0 -9999.0 -9999.0 -9999.0 -9999.0 -9999.0 -9999.0 -9999.0 -9999.0 -9999.0 -9999.0 -9999.0 -9999.0 -9999.0 -9999.0 -9999.0 -9999.0 -9999.0 -9999.0 -9999.0 -9999.0 -9999.0 -9999.0
-9999.0 -9999.0 -9999.0 -9999.0 -9999.0 -9999.0 -9999.0 -9999.0 -9999.0 -9999.0 -9999.0 0.040010 0.040008 0.040020 0.040006 0.040007 0.020020 0.040006 0.049686 0.020033 0.040007 0.040009 0.040007 0.040005 0.040007 0.040006 0.040004 0.040006 0.040005 0.020015 0.020018 0.040005 0.020017 0.020014 0.020014 0.020014 0.040003 0.040003 0.020126 -9999.0 -9999.0 -9999.0 0.020014 -9999.0 -9999.0 -9999.0 -9999.0 -9999.0 -9999.0 -9999.0 -9999.0 -9999.0 -9999.0 -9999.0 -9999.0 -9999.0 -9999.0 -9999.0 -9999.0 -9999.0 -9999.0 -9999.0 -9999.0
-9999.0 -9999.0 -9999.0 -9999.0 -9999.0 -9999.0 -9999.0 -9999.0 -9999.0 -9999.0 -9999.0 0.040007 0.040008 0.040009 0.040009 0.040006 0.040008 0.040007 0.048697 0.040684 0.040009 0.040016 0.040008 0.040007 0.040007 0.040005 0.040006 0.040007 0.020021 0.020016 0.040005 0.040005 0.040004 0.040003 0.040003 0.040003 0.040295 0.040035 0.040024 0.020012 0.020012 0.020012 0.040003 0.020015 -9999.0 -9999.0 -9999.0 0.040123 0.040011 0.020032 0.040031 0.020049 0.020052 0.041263 0.047139 0.020064 -9999.0 -9999.0 -9999.0 -9999.0 -9999.0 -9999.0 -9999.0
-9999.0 -9999.0 -9999.0 -9999.0 -9999.0 -9999.0 -9999.0 -9999.0 -9999.0 -9999.0 -9999.0 0.040008 0.040008 0.040006 0.040013 0.040006 0.040007 0.040007 0.040120 0.044198 0.040016 0.040008 0.040010 0.040008 0.040005 0.020023 0.040009 0.040006 0.020018 0.040005 0.020017 0.040005 0.040005 0.040003 0.020014 0.040004 0.040008 0.040009 0.040042 0.020042 0.040110 0.020013 0.040004 0.040004 0.040004 -9999.0 0.020020 0.040008 0.040013 0.040026 0.020052 0.020068 0.020148 0.056252 0.026725 0.058141 -9999.0 -9999.0 -9999.0 -9999.0 -9999.0 -9999.0 -9999.0
-9999.0 -9999.0 -9999.0 -9999.0 -9999.0 -9999.0 -9999.0 -9999.0 -9999.0 -9999.0 -9999.0 -9999.0 0.040009 0.040014 0.040021 0.040011 0.040007 0.040006 0.040923 0.045697 0.040008 0.040009 0.040008 0.040010 0.040007 0.040009 0.040009 0.020020 0.040005 0.020021 0.040005 0.040005 0.020019 0.040004 0.040003 0.040003 0.040005 0.040008 0.040084 0.020048 0.040167 0.020025 0.040005 0.040005 0.020019 0.040006 0.020023 0.040008 0.040008 0.040012 0.040011 0.040031 0.041372 0.040312 0.040018 0.040019 0.040168 -9999.0 -9999.0 -9999.0 -9999.0 -9999.0 -9999.0
-9999.0 -9999.0 -9999.0 -9999.0 -9999.0 -9999.0 -9999.0 -9999.0 -9999.0 -9999.0 -9999.0 0.040020 0.040007 0.020024 0.040011 0.040009 0.040009 0.040007 0.040012 0.040099 0.040010 0.040009 0.040011 0.040008 0.040010 0.040009 0.040011 0.040005 0.040006 0.020022 0.040007 0.040007 0.040006 0.040004 0.040003 0.040003 0.040002 0.040007 0.040012 0.040323 0.040009 0.040018 0.040008 0.020023 0.040006 0.040006 0.040008 0.020027 0.020031 0.020028 0.020024 0.040007 0.040010 0.020023 0.020027 0.020024 0.020065 -9999.0 -9999.0 -9999.0 -9999.0 -9999.0 -9999.0
-9999.0 -9999.0 -9999.0 -9999.0 -9999.0 -9999.0 -9999.0 -9999.0 -9999.0 -9999.0 0.040056 0.040016 0.040025 0.040008 0.040034 0.040008 0.040008 0.040007 0.040010 0.040103 0.043135 0.040029 0.040009 0.040014 0.040008 0.040014 0.040006 0.020021 0.020028 0.040009 0.040008 0.040006 0.040005 0.040004 0.020013 0.020013 0.040003 0.040007 0.040010 0.040037 0.040058 0.020026 0.020023 0.040008 0.040006 0.020021 0.040008 0.040008 0.040008 0.040008 0.020030 0.020023 0.020024 0.020023 0.020025 0.040428 0.040250 -9999.0 -9999.0 -9999.0 -9999.0 -9999.0 -9999.0
-9999.0 -9999.0 -9999.0 -9999.0 -9999.0 -9999.0 -9999.0 -9999.0 -9999.0 0.040007 0.040053 0.040055 0.040008 0.040015 0.040028 0.040009 0.040008 0.040019 0.040013 0.040844 0.043897 0.040010 0.040011 0.040064 0.040014 0.040006 0.040008 0.040010 0.040008 0.040009 0.040009 0.020020 0.020016 0.020014 0.020015 0.020015 0.040003 0.040003 0.040003 0.040004 0.040011 0.040004 0.040005 0.040026 0.040009 0.040007 0.040007 0.040008 0.040011 0.040010 0.020041 0.020036 0.020021 0.020029 0.020044 0.040037 0.043490 0.027797 0.020209 -9999.0 -9999.0 -9999.0 -9999.0
-9999.0 -9999.0 -9999.0 -9999.0 -9999.0 -9999.0 -9999.0 -9999.0 -9999.0 0.020025 0.040008 0.040007 0.040009 0.040009 0.040017 0.040021 0.040093 0.040009 0.040021 0.420898 0.429955 0.429987 0.040011 0.040013 0.040006 0.040010 0.040011 0.040009 0.040058 0.040008 0.040007 0.040007 0.040005 0.040005 0.040005 0.020018 0.020017 0.020018 0.040003 0.040004 0.040005 0.040004 0.040006 0.040006 0.040054 0.049648 0.043414 0.040018 0.040008 0.040009 0.020032 0.040014 0.020029 0.040010 0.020025 0.040130 0.040146 0.042422 0.020372 -9999.0 -9999.0 -9999.0 -9999.0
-9999.0 -9999.0 -9999.0 -9999.0 -9999.0 -9999.0 -9999.0 -9999.0 -9999.0 -9999.0 0.040008 0.040008 0.040009 0.040014 0.040009 0.040018 0.040016 0.040015 0.040065 0.409572 0.040882 0.040011 0.040016 0.040010 0.040008 0.040009 0.040016 0.040378 0.040007 0.040006 0.040005 0.040010 0.040005 0.040004 0.040006 0.040006 0.040006 0.040005 0.020017 0.040004 0.040003 0.040006 0.040006 0.040006 0.040005 0.040005 0.040007 0.040010 0.144705 0.040012 0.020046 0.020065 0.020044 0.020031 0.040014 0.040009 0.040025 0.040012 0.040015 0.040023 -9999.0 -9999.0 -9999.0
-9999.0 -9999.0 -9999.0 -9999.0 -9999.0 -9999.0 -9999.0 -9999.0 -9999.0 -9999.0 0.040008 0.040008 0.040010 0.040017 0.048429 0.040010 0.040009 0.040017 0.302414 0.298871 0.040365 0.040025 0.040009 0.040008 0.040009 0.040025 0.196469 0.040008 0.040007 0.040004 0.040005 0.040008 0.020022 0.040004 0.040005 0.040005 0.040007 0.040007 0.040005 0.040004 0.040006 0.020023 0.040007 0.040005 0.040026 0.020027 0.040010 0.040006 0.040113 0.041925 0.040013 0.040032 0.040085 0.020049 0.020034 0.020059 0.040009 0.040096 0.040037 0.041433 -9999.0 -9999.0 -9999.0
-9999.0 -9999.0 -9999.0 -9999.0 -9999.0 -9999.0 -9999.0 -9999.0 0.040046 0.040030 0.020027 0.040010 0.040010 0.040009 0.040016 0.040080 0.040089 0.430000 0.265530 0.282576 0.129508 0.135341 0.040070 0.040021 0.040028 0.046557 0.040400 0.040006 0.040008 0.040005 0.020017 0.040005 0.040006 0.040006 0.040007 0.040004 0.040008 0.040007 0.040006 0.020021 0.020020 0.040006 0.020019 0.020018 0.020028 0.040016 0.040006 0.040022 0.040008 0.040809 0.040013 0.020038 0.040072 0.040014 0.020054 0.020408 0.020220 0.040135 0.040026 0.187571 -9999.0 -9999.0 -9999.0
-9999.0 -9999.0 -9999.0 -9999.0 -9999.0 -9999.0 -9999.0 -9999.0 0.020026 0.040033 0.040011 0.040006 0.040007 0.040010 0.040016 0.040010 0.040014 0.040011 0.210101 0.299444 0.345842 0.367748 0.350960 0.429991 0.049387 0.084532 0.040029 0.040009 0.020020 0.040008 0.040007 0.020027 0.040008 0.020024 0.040012 0.040011 0.040011 0.040009 0.040008 0.040009 0.040006 0.020017 0.020020 0.040011 0.040015 0.040013 0.020022 0.040007 0.040009 0.040014 0.042271 0.040011 0.040070 0.040206 0.020048 0.020034 0.040011 0.040019 0.098515 0.430000 0.335965 -9999.0 -9999.0
-9999.0 -9999.0 -9999.0 -9999.0 -9999.0 -9999.0 -9999.0 -9999.0 0.040007 0.040010 0.040041 0.040008 0.040014 0.020023 0.040034 0.040010 0.040026 0.041641 0.312231 0.375406 0.266798 0.385835 0.294426 0.251552 0.410928 0.040026 0.040010 0.040008 0.020023 0.040009 0.020026 0.040013 0.040010 0.020031 0.040020 0.040012 0.040010 0.040009 0.040009 0.040009 0.040009 0.020027 0.040021 0.040009 0.040009 0.040008 0.020034 0.040055 0.040012 0.040008 0.221953 0.040047 0.040012 0.040024 0.040035 0.040066 0.041381 0.157429 0.430000 0.430000 0.430000 -9999.0 -9999.0
-9999.0 -9999.0 -9999.0 -9999.0 -9999.0 -9999.0 -9999.0 -9999.0 0.020019 0.040009 0.040033 0.020034 0.040151 0.040039 0.020034 0.040015 0.042800 0.400927 0.041147 0.273747 0.378867 0.324630 0.368971 0.416984 0.040208 0.040012 0.040017 0.040011 0.040012 0.040010 0.040013 0.040013 0.020029 0.040009 0.020030 0.040013 0.040017 0.040011 0.040014 0.040012 0.040012 0.040021 0.040026 0.020036 0.040037 0.020035 0.020091 0.020054 0.040068 0.040012 0.040015 0.278764 0.040874 0.041208 0.041879 0.056957 0.412663 0.428796 0.430000 0.430000 0.399655 0.040075 -9999.0
-9999.0 -9999.0 -9999.0 -9999.0 -9999.0 -9999.0 -9999.0 -9999.0 0.040008 0.040013 0.040172 0.040012 0.040014 0.040014 0.047757 0.042246 0.040047 0.040010 0.040010 0.040012 0.146604 0.330383 0.393779 0.414339 0.042748 0.040012 0.040009 0.040011 0.040014 0.040012 0.040011 0.040011 0.040021 0.040010 0.040012 0.040015 0.040012 0.040021 0.040016 0.040014 0.040014 0.020038 0.040010 0.020031 0.040013 0.040033 0.040011 0.040010 0.040010 0.040028 0.041807 0.043273 0.287562 0.161881 0.227418 0.388746 0.430000 0.430000 0.428200 0.335737 0.040706 0.040126 -9999.0
-9999.0 -9999.0 0.020032 0.040014 0.040011 0.040016 0.040025 0.040016 0.040013 0.040015 0.040014 0.040030 0.040020 0.040148 0.429993 0.040082 0.040008 0.040008 0.040010 0.040013 0.040015 0.275976 0.386544 0.413699 0.236440 0.040052 0.040023 0.040013 0.040019 0.040930 0.040009 0.040010 0.045175 0.040012 0.040026 0.040020 0.040103 0.040598 0.040026 0.040010 0.040013 0.040022 0.040013 0.040014 0.040009 0.040010 0.040023 0.040015 0.040442 0.121170 0.381033 0.430000 0.424360 0.430000 0.412815 0.430000 0.098476 0.064036 0.040167 0.040021 0.040159 0.066334 -9999.0
-9999.0 0.040023 0.040020 0.040035 0.040026 0.040052 0.040012 0.040010 0.040010 0.040009 0.040013 0.040063 0.040071 0.073408 0.044821 0.040028 0.040010 0.040011 0.040038 0.040012 0.040029 0.042889 0.430000 0.380393 0.430000 0.429560 0.430000 0.430000 0.086445 0.040102 0.042126 0.040198 0.040046 0.429992 0.043000 0.331669 0.427109 0.429324 0.427815 0.240248 0.044793 0.093722 0.042132 0.040018 0.040038 0.040023 0.047501 0.042189 0.429908 0.414943 0.430000 0.430000 0.072554 0.047737 0.044947 0.040162 0.040041 0.040093 0.040120 0.040278 0.061156 0.084277 -9999.0
-9999.0 0.040013 0.040013 0.040012 0.040033 0.040012 0.040018 0.040016 0.040015 0.020037 0.040031 0.040020 0.040035 0.040240 0.040015 0.040012 0.040010 0.040010 0.040012 0.040013 0.040084 0.040043 0.065623 0.254251 0.430000 0.427309 0.330849 0.354499 0.430000 0.411647 0.282617 0.274788 0.271326 0.389859 0.430000 0.430000 0.430000 0.430000 0.430000 0.430000 0.430000 0.430000 0.416988 0.383446 0.257673 0.280025 0.298841 0.326852 0.430000 0.419642 0.067622 0.040015 0.040041 0.041160 0.040017 0.040167 0.040037 0.040073 0.040105 0.041748 0.051118 -9999.0 -9999.0
-9999.0 0.020029 0.040009 0.040012 0.040022 0.040038 0.040027 0.040014 0.040033 0.040057 0.040030 0.040017 0.043281 0.040080 0.040060 0.040011 0.040012 0.040014 0.040010 0.040012 0.040031 0.040012 0.040147 0.430000 0.430000 0.429946 0.429621 0.378337 0.409777 0.406824 0.277583 0.268222 0.430000 0.406601 0.430000 0.430000 0.430000 0.430000 0.430000 0.430000 0.430000 0.430000 0.430000 0.282884 0.258573 0.277359 0.363923 0.425959 0.109898 0.237490 0.040011 0.040028 0.040053 0.040132 0.040050 0.040099 0.040293 0.040889 0.041913 -9999.0 -9999.0 -9999.0 -9999.0
