erum2020/resources/simulation/Vinschgau/output-maps/thetaliqL0004N0981.asc
ncols         63
nrows         48
xllcorner     598000.000000
yllcorner     5145000.000000
cellsize      1000.000000
NODATA_value  -9999.0
[rows 0 to 28 of 48, columns 0 to 62 of 63]
-9999.0 -9999.0 -9999.0 -9999.0 -9999.0 -9999.0 -9999.0 -9999.0 -9999.0 -9999.0 -9999.0 -9999.0 -9999.0 -9999.0 -9999.0 -9999.0 -9999.0 -9999.0 -9999.0 -9999.0 -9999.0 -9999.0 -9999.0 -9999.0 -9999.0 -9999.0 -9999.0 -9999.0 -9999.0 -9999.0 -9999.0 -9999.0 -9999.0 -9999.0 -9999.0 -9999.0 -9999.0 -9999.0 -9999.0 -9999.0 -9999.0 -9999.0 -9999.0 -9999.0 -9999.0 -9999.0 -9999.0 -9999.0 -9999.0 -9999.0 -9999.0 -9999.0 -9999.0 -9999.0 -9999.0 -9999.0 -9999.0 -9999.0 -9999.0 -9999.0 -9999.0 -9999.0 -9999.0
-9999.0 -9999.0 -9999.0 -9999.0 -9999.0 -9999.0 -9999.0 -9999.0 -9999.0 -9999.0 -9999.0 -9999.0 -9999.0 -9999.0 -9999.0 -9999.0 -9999.0 -9999.0 -9999.0 -9999.0 -9999.0 -9999.0 -9999.0 -9999.0 -9999.0 -9999.0 -9999.0 0.020032 0.040011 0.020032 0.040010 0.040012 0.040010 -9999.0 -9999.0 -9999.0 -9999.0 -9999.0 -9999.0 -9999.0 -9999.0 -9999.0 -9999.0 -9999.0 -9999.0 -9999.0 -9999.0 -9999.0 -9999.0 -9999.0 -9999.0 -9999.0 -9999.0 -9999.0 -9999.0 -9999.0 -9999.0 -9999.0 -9999.0 -9999.0 -9999.0 -9999.0 -9999.0
-9999.0 -9999.0 -9999.0 -9999.0 -9999.0 -9999.0 -9999.0 -9999.0 -9999.0 -9999.0 -9999.0 -9999.0 -9999.0 -9999.0 -9999.0 -9999.0 -9999.0 -9999.0 -9999.0 -9999.0 -9999.0 -9999.0 -9999.0 -9999.0 0.040013 0.040026 0.040033 0.040027 0.040016 0.040015 0.040011 -9999.0 -9999.0 -9999.0 -9999.0 -9999.0 -9999.0 -9999.0 -9999.0 -9999.0 -9999.0 -9999.0 -9999.0 -9999.0 -9999.0 -9999.0 -9999.0 -9999.0 -9999.0 -9999.0 -9999.0 -9999.0 -9999.0 -9999.0 -9999.0 -9999.0 -9999.0 -9999.0 -9999.0 -9999.0 -9999.0 -9999.0 -9999.0
-9999.0 -9999.0 -9999.0 -9999.0 -9999.0 -9999.0 -9999.0 -9999.0 -9999.0 -9999.0 -9999.0 -9999.0 -9999.0 -9999.0 -9999.0 -9999.0 -9999.0 -9999.0 -9999.0 -9999.0 -9999.0 -9999.0 -9999.0 0.040033 0.040188 0.252519 0.231114 0.086280 0.420725 0.040041 0.040010 0.040012 -9999.0 -9999.0 -9999.0 -9999.0 -9999.0 -9999.0 -9999.0 -9999.0 -9999.0 -9999.0 -9999.0 -9999.0 -9999.0 -9999.0 -9999.0 -9999.0 -9999.0 -9999.0 -9999.0 -9999.0 -9999.0 -9999.0 -9999.0 -9999.0 -9999.0 -9999.0 -9999.0 -9999.0 -9999.0 -9999.0 -9999.0
-9999.0 -9999.0 -9999.0 -9999.0 -9999.0 -9999.0 -9999.0 -9999.0 -9999.0 -9999.0 -9999.0 -9999.0 -9999.0 -9999.0 -9999.0 -9999.0 -9999.0 -9999.0 0.450077 0.040084 -9999.0 0.040048 0.040143 0.178769 0.282734 0.086568 0.159891 0.152501 0.417796 0.072141 0.040030 0.040011 0.020027 0.020020 -9999.0 -9999.0 -9999.0 -9999.0 -9999.0 -9999.0 -9999.0 -9999.0 -9999.0 -9999.0 -9999.0 -9999.0 -9999.0 -9999.0 -9999.0 -9999.0 -9999.0 -9999.0 -9999.0 -9999.0 -9999.0 -9999.0 -9999.0 -9999.0 -9999.0 -9999.0 -9999.0 -9999.0 -9999.0
-9999.0 -9999.0 -9999.0 -9999.0 -9999.0 -9999.0 -9999.0 -9999.0 -9999.0 -9999.0 -9999.0 -9999.0 -9999.0 -9999.0 -9999.0 -9999.0 -9999.0 0.098708 0.135594 0.025723 0.020094 0.050173 0.069865 0.109899 0.192239 0.097147 0.040787 0.060232 0.041964 0.136290 0.040506 0.040032 0.020039 0.020033 0.020024 0.020021 -9999.0 -9999.0 -9999.0 -9999.0 -9999.0 -9999.0 -9999.0 -9999.0 -9999.0 -9999.0 -9999.0 -9999.0 -9999.0 -9999.0 -9999.0 -9999.0 -9999.0 -9999.0 -9999.0 -9999.0 -9999.0 -9999.0 -9999.0 -9999.0 -9999.0 -9999.0 -9999.0
-9999.0 -9999.0 -9999.0 -9999.0 -9999.0 -9999.0 -9999.0 -9999.0 -9999.0 -9999.0 -9999.0 -9999.0 -9999.0 0.040043 0.138129 0.162832 0.090366 0.022999 0.104203 0.140604 0.292278 0.288323 0.296441 0.183275 0.087713 0.040124 0.020071 0.040032 0.040181 0.053964 0.040042 0.040020 0.040013 0.040012 0.020029 0.020020 -9999.0 -9999.0 -9999.0 -9999.0 -9999.0 -9999.0 -9999.0 -9999.0 -9999.0 -9999.0 -9999.0 -9999.0 -9999.0 -9999.0 -9999.0 -9999.0 -9999.0 -9999.0 -9999.0 -9999.0 -9999.0 -9999.0 -9999.0 -9999.0 -9999.0 -9999.0 -9999.0
-9999.0 -9999.0 -9999.0 -9999.0 -9999.0 -9999.0 -9999.0 -9999.0 -9999.0 -9999.0 -9999.0 -9999.0 -9999.0 0.066228 0.263824 0.142998 0.101504 0.312289 0.022996 0.176419 0.086816 0.288478 0.285400 0.387391 0.063422 0.040277 0.040012 0.020035 0.020029 0.040065 0.040143 0.040013 0.020028 0.020016 0.020023 -9999.0 -9999.0 -9999.0 -9999.0 -9999.0 -9999.0 -9999.0 -9999.0 -9999.0 -9999.0 -9999.0 -9999.0 -9999.0 -9999.0 -9999.0 -9999.0 -9999.0 -9999.0 -9999.0 -9999.0 -9999.0 -9999.0 -9999.0 -9999.0 -9999.0 -9999.0 -9999.0 -9999.0
-9999.0 -9999.0 -9999.0 -9999.0 -9999.0 -9999.0 -9999.0 -9999.0 -9999.0 -9999.0 -9999.0 -9999.0 -9999.0 0.228066 0.520000 0.196185 0.137598 0.113283 0.022982 0.098706 0.352442 0.048346 0.058197 0.046752 0.115233 0.064939 0.020047 0.020028 0.040012 0.020018 0.040014 0.020015 0.020015 0.020012 0.020019 -9999.0 -9999.0 -9999.0 -9999.0 -9999.0 -9999.0 -9999.0 -9999.0 -9999.0 -9999.0 -9999.0 -9999.0 -9999.0 -9999.0 -9999.0 -9999.0 -9999.0 -9999.0 -9999.0 -9999.0 -9999.0 -9999.0 -9999.0 -9999.0 -9999.0 -9999.0 -9999.0 -9999.0
-9999.0 -9999.0 -9999.0 -9999.0 -9999.0 -9999.0 -9999.0 -9999.0 -9999.0 -9999.0 -9999.0 -9999.0 0.121985 0.434642 0.262719 0.262388 0.242093 0.161871 0.282120 0.033808 0.342915 0.052892 0.040495 0.040116 0.040052 0.040013 0.040020 0.040013 0.040012 0.020025 0.040004 0.020025 0.040012 0.020019 -9999.0 -9999.0 -9999.0 -9999.0 -9999.0 -9999.0 -9999.0 -9999.0 -9999.0 -9999.0 -9999.0 -9999.0 -9999.0 -9999.0 -9999.0 -9999.0 -9999.0 -9999.0 -9999.0 -9999.0 -9999.0 -9999.0 -9999.0 -9999.0 -9999.0 -9999.0 -9999.0 -9999.0 -9999.0
-9999.0 -9999.0 -9999.0 -9999.0 -9999.0 -9999.0 -9999.0 -9999.0 -9999.0 -9999.0 -9999.0 0.040061 0.387461 0.520000 0.290994 0.110238 0.040775 0.170355 0.426782 0.151781 0.115569 0.244912 0.040099 0.040019 0.040042 0.040013 0.040012 0.040011 0.040013 0.020020 0.020025 0.040013 0.020030 0.020022 0.020024 0.020031 0.040013 0.040010 0.040014 -9999.0 -9999.0 -9999.0 0.020021 -9999.0 -9999.0 -9999.0 -9999.0 -9999.0 -9999.0 -9999.0 -9999.0 -9999.0 -9999.0 -9999.0 -9999.0 -9999.0 -9999.0 -9999.0 -9999.0 -9999.0 -9999.0 -9999.0 -9999.0
-9999.0 -9999.0 -9999.0 -9999.0 -9999.0 -9999.0 -9999.0 -9999.0 -9999.0 -9999.0 -9999.0 0.040122 0.320501 0.268999 0.205078 0.046145 0.115645 0.116183 0.308924 0.342760 0.415358 0.058242 0.040082 0.040027 0.040031 0.040011 0.040011 0.040013 0.020033 0.020022 0.040012 0.040017 0.040012 0.040010 0.040008 0.040012 0.040015 0.040042 0.040021 0.020023 0.020023 0.020022 0.040011 0.020027 -9999.0 -9999.0 -9999.0 0.040006 0.040008 0.020025 0.040010 0.020021 0.020021 0.040006 0.040007 0.020018 -9999.0 -9999.0 -9999.0 -9999.0 -9999.0 -9999.0 -9999.0
-9999.0 -9999.0 -9999.0 -9999.0 -9999.0 -9999.0 -9999.0 -9999.0 -9999.0 -9999.0 -9999.0 0.040037 0.040140 0.040240 0.074380 0.072018 0.366810 0.167412 0.302831 0.307248 0.288506 0.082217 0.040059 0.040013 0.040012 0.020033 0.040050 0.040017 0.020032 0.040009 0.020029 0.040014 0.040014 0.040010 0.020027 0.040014 0.040020 0.040029 0.040125 0.020029 0.040011 0.040013 0.040014 0.040011 0.040010 -9999.0 0.020019 0.040010 0.040011 0.040013 0.040014 0.020033 0.040012 0.040011 0.040011 0.040011 -9999.0 -9999.0 -9999.0 -9999.0 -9999.0 -9999.0 -9999.0
-9999.0 -9999.0 -9999.0 -9999.0 -9999.0 -9999.0 -9999.0 -9999.0 -9999.0 -9999.0 -9999.0 -9999.0 0.040045 0.040156 0.053157 0.059717 0.274966 0.161044 0.340037 0.326889 0.239994 0.099739 0.040305 0.040104 0.040022 0.040044 0.040035 0.040013 0.040011 0.020027 0.040012 0.040016 0.040014 0.040014 0.040012 0.040013 0.040051 0.040031 0.070872 0.040029 0.040023 0.020047 0.040021 0.040061 0.020029 0.040010 0.020023 0.040011 0.040022 0.040088 0.040459 0.040017 0.040018 0.040013 0.040020 0.040012 0.040011 -9999.0 -9999.0 -9999.0 -9999.0 -9999.0 -9999.0
-9999.0 -9999.0 -9999.0 -9999.0 -9999.0 -9999.0 -9999.0 -9999.0 -9999.0 -9999.0 -9999.0 0.040089 0.040039 0.040041 0.040066 0.072606 0.166972 0.237670 0.346708 0.181489 0.184377 0.284461 0.049072 0.040047 0.040050 0.040044 0.040160 0.040014 0.040013 0.020036 0.040045 0.040022 0.040020 0.040011 0.040008 0.040014 0.040012 0.040087 0.072029 0.044788 0.040087 0.054072 0.040055 0.020115 0.040284 0.040011 0.040012 0.020036 0.020047 0.043676 0.020037 0.040015 0.040008 0.020021 0.020018 0.020017 0.020026 -9999.0 -9999.0 -9999.0 -9999.0 -9999.0 -9999.0
-9999.0 -9999.0 -9999.0 -9999.0 -9999.0 -9999.0 -9999.0 -9999.0 -9999.0 -9999.0 0.040040 0.040036 0.040070 0.040080 0.047593 0.040155 0.040142 0.112581 0.147609 0.188523 0.389462 0.485265 0.040203 0.044465 0.050844 0.040044 0.040031 0.020030 0.040024 0.040053 0.040030 0.040029 0.040054 0.040014 0.020020 0.020029 0.040015 0.040069 0.044210 0.107846 0.111083 0.106678 0.185201 0.394326 0.042778 0.020038 0.040013 0.040035 0.040033 0.053935 0.020023 0.020024 0.020017 0.020015 0.020016 0.040014 0.040010 -9999.0 -9999.0 -9999.0 -9999.0 -9999.0 -9999.0
-9999.0 -9999.0 -9999.0 -9999.0 -9999.0 -9999.0 -9999.0 -9999.0 -9999.0 0.040012 0.040087 0.040026 0.040173 0.040097 0.040092 0.043443 0.040875 0.101668 0.146552 0.151800 0.362149 0.190326 0.141687 0.115341 0.087075 0.040059 0.040020 0.040056 0.040059 0.040213 0.092516 0.040050 0.020029 0.020016 0.020023 0.020029 0.040015 0.040043 0.040058 0.040109 0.040786 0.040481 0.040269 0.220700 0.318783 0.041599 0.046226 0.040078 0.040080 0.097295 0.040033 0.020026 0.020014 0.020017 0.020022 0.040008 0.040010 0.020027 0.020022 -9999.0 -9999.0 -9999.0 -9999.0
-9999.0 -9999.0 -9999.0 -9999.0 -9999.0 -9999.0 -9999.0 -9999.0 -9999.0 0.040010 0.040012 0.040059 0.049994 0.061878 0.040405 0.040090 0.040076 0.129059 0.134231 0.275246 0.307201 0.235829 0.477725 0.068828 0.040090 0.040037 0.040124 0.053036 0.128836 0.073175 0.048653 0.040038 0.040012 0.040011 0.040010 0.020029 0.020032 0.020041 0.040012 0.040023 0.040116 0.040032 0.040126 0.179102 0.295793 0.387675 0.427775 0.110444 0.060144 0.101158 0.040023 0.040008 0.020019 0.040006 0.020025 0.040006 0.040010 0.040013 0.020033 -9999.0 -9999.0 -9999.0 -9999.0
-9999.0 -9999.0 -9999.0 -9999.0 -9999.0 -9999.0 -9999.0 -9999.0 -9999.0 -9999.0 0.040012 0.040017 0.040085 0.040244 0.070194 0.041007 0.057126 0.403357 0.124539 0.234794 0.338752 0.119015 0.088196 0.041135 0.040048 0.042788 0.098562 0.330972 0.047947 0.040053 0.040040 0.040019 0.040013 0.040013 0.040013 0.040027 0.040057 0.040139 0.020032 0.040012 0.040015 0.040065 0.044779 0.041992 0.106895 0.127118 0.259224 0.434774 0.409840 0.095355 0.040043 0.040011 0.020021 0.020019 0.040006 0.040010 0.040014 0.040035 0.040042 0.048318 -9999.0 -9999.0 -9999.0
-9999.0 -9999.0 -9999.0 -9999.0 -9999.0 -9999.0 -9999.0 -9999.0 -9999.0 -9999.0 0.040010 0.040013 0.040048 0.049927 0.178045 0.145001 0.110334 0.178990 0.147565 0.106070 0.114700 0.168488 0.073951 0.040271 0.042760 0.132191 0.520000 0.106855 0.040071 0.040015 0.040012 0.040017 0.020026 0.040010 0.040013 0.040026 0.040036 0.040115 0.040030 0.040013 0.040012 0.020047 0.040022 0.040036 0.042464 0.040564 0.055176 0.108058 0.213357 0.503129 0.071388 0.040029 0.040012 0.020021 0.020018 0.020019 0.040010 0.040072 0.520000 0.520000 -9999.0 -9999.0 -9999.0
-9999.0 -9999.0 -9999.0 -9999.0 -9999.0 -9999.0 -9999.0 -9999.0 0.040013 0.040011 0.040012 0.040014 0.040020 0.040136 0.050342 0.340856 0.137910 0.220798 0.193132 0.087427 0.088904 0.113544 0.132959 0.196727 0.108345 0.455504 0.179804 0.040131 0.040038 0.040015 0.020017 0.040011 0.040012 0.040011 0.040011 0.040013 0.046264 0.040189 0.040028 0.020029 0.020037 0.040051 0.020037 0.020031 0.020050 0.040048 0.040031 0.040167 0.115785 0.495696 0.100762 0.040154 0.040010 0.040007 0.020020 0.040012 0.020030 0.040241 0.127012 0.408043 -9999.0 -9999.0 -9999.0
-9999.0 -9999.0 -9999.0 -9999.0 -9999.0 -9999.0 -9999.0 -9999.0 0.020038 0.040052 0.040019 0.040013 0.040013 0.040026 0.040109 0.124705 0.183666 0.157732 0.078501 0.085948 0.278365 0.237600 0.235748 0.224455 0.130658 0.243608 0.394032 0.040123 0.020025 0.040013 0.040011 0.020031 0.040012 0.020032 0.040013 0.040042 0.045621 0.040176 0.040081 0.040022 0.040012 0.020021 0.020033 0.040030 0.040028 0.040073 0.020034 0.040014 0.040190 0.347517 0.520000 0.040150 0.040010 0.040010 0.040013 0.020041 0.040060 0.051850 0.484119 0.391552 0.105071 -9999.0 -9999.0
-9999.0 -9999.0 -9999.0 -9999.0 -9999.0 -9999.0 -9999.0 -9999.0 0.040012 0.040020 0.040018 0.040014 0.040014 0.020039 0.040075 0.040134 0.156240 0.250629 0.092816 0.258209 0.083962 0.179744 0.207298 0.118506 0.266873 0.174772 0.373854 0.040075 0.020026 0.040014 0.020035 0.040071 0.040028 0.040036 0.040100 0.040150 0.063220 0.513108 0.058303 0.040039 0.040013 0.020036 0.040014 0.040019 0.040042 0.040014 0.020029 0.040012 0.040025 0.099970 0.375042 0.098858 0.040013 0.040010 0.040033 0.040095 0.371697 0.479935 0.326611 0.426444 0.315292 -9999.0 -9999.0
-9999.0 -9999.0 -9999.0 -9999.0 -9999.0 -9999.0 -9999.0 -9999.0 0.020025 0.040019 0.040034 0.020024 0.040014 0.040039 0.040546 0.332844 0.096610 0.103125 0.310305 0.090827 0.094032 0.099847 0.193288 0.138960 0.149254 0.273397 0.044654 0.040039 0.040049 0.040030 0.040080 0.040092 0.055472 0.040157 0.040101 0.043555 0.124668 0.181855 0.417116 0.048605 0.040048 0.040063 0.040055 0.020049 0.040012 0.020033 0.040022 0.020038 0.040018 0.040063 0.109158 0.408652 0.103275 0.040051 0.112832 0.520000 0.424356 0.340900 0.229897 0.321403 0.326025 0.265627 -9999.0
-9999.0 -9999.0 -9999.0 -9999.0 -9999.0 -9999.0 -9999.0 -9999.0 0.040008 0.040017 0.040024 0.040054 0.040321 0.041685 0.079968 0.470865 0.465020 0.189994 0.238741 0.157143 0.119614 0.131214 0.103728 0.101815 0.299481 0.124024 0.040087 0.042205 0.073919 0.040326 0.040625 0.094042 0.520000 0.279564 0.100292 0.269564 0.332695 0.143240 0.114911 0.491265 0.112331 0.078682 0.050917 0.058895 0.040070 0.040219 0.040089 0.040053 0.040135 0.092873 0.459644 0.247870 0.356511 0.411630 0.520000 0.520000 0.493127 0.383042 0.361111 0.315193 0.198493 0.275871 -9999.0
-9999.0 -9999.0 0.040012 0.040013 0.040013 0.040033 0.040016 0.040021 0.040013 0.040012 0.040053 0.041005 0.042951 0.050985 0.520000 0.506053 0.095137 0.040077 0.040147 0.144953 0.156169 0.158230 0.341235 0.083965 0.126111 0.163237 0.111896 0.165840 0.303568 0.353077 0.092768 0.306574 0.512296 0.219337 0.364838 0.162405 0.244181 0.113837 0.090621 0.123490 0.304358 0.379741 0.238189 0.409078 0.124163 0.094711 0.485922 0.347050 0.356583 0.357794 0.277244 0.284198 0.415257 0.454326 0.520000 0.520000 0.455707 0.374826 0.381377 0.252934 0.405432 0.290742 -9999.0
-9999.0 0.040102 0.040083 0.040061 0.040037 0.040088 0.040021 0.040017 0.040012 0.040013 0.040026 0.040122 0.070127 0.056450 0.138085 0.040527 0.040050 0.040028 0.040071 0.102714 0.161336 0.168247 0.520000 0.242529 0.152428 0.134886 0.230282 0.274145 0.271149 0.358813 0.245524 0.280162 0.347817 0.345179 0.203155 0.204939 0.124539 0.080793 0.209419 0.230214 0.180938 0.212522 0.245374 0.148736 0.153613 0.148799 0.311662 0.134996 0.205215 0.203818 0.320273 0.384780 0.459305 0.497326 0.518716 0.520000 0.444959 0.414632 0.520000 0.148234 0.378512 0.294904 -9999.0
-9999.0 0.043897 0.040108 0.041127 0.047705 0.040117 0.040028 0.040014 0.040012 0.040012 0.040020 0.040075 0.177382 0.145828 0.042022 0.040014 0.040019 0.040023 0.040097 0.059065 0.415243 0.343834 0.261249 0.502351 0.395651 0.262112 0.081534 0.088972 0.234284 0.111478 0.084364 0.092157 0.289206 0.281543 0.298432 0.204582 0.256687 0.221664 0.153971 0.131537 0.157781 0.195254 0.157366 0.101055 0.076755 0.081687 0.188241 0.241246 0.262093 0.294518 0.340041 0.317611 0.394435 0.487940 0.480854 0.058546 0.045237 0.043601 0.050257 0.041614 0.062179 -9999.0 -9999.0
-9999.0 0.040070 0.040071 0.040603 0.453252 0.049898 0.048121 0.040050 0.040027 0.040029 0.040056 0.076746 0.316694 0.061889 0.040058 0.040011 0.040015 0.040035 0.040052 0.040578 0.044857 0.067680 0.218567 0.437123 0.430123 0.317202 0.309877 0.301115 0.103247 0.221955 0.081633 0.078886 0.254745 0.254034 0.210015 0.160587 0.160854 0.210691 0.144114 0.136989 0.140298 0.238977 0.173398 0.075673 0.075912 0.216822 0.224434 0.282451 0.319658 0.216649 0.364928 0.064100 0.070142 0.040422 0.041489 0.040074 0.040071 0.040050 0.040056 -9999.0 -9999.0 -9999.0 -9999.0
