erum2020/resources/simulation/Vinschgau/output-maps/thetaliqL0006N0994.asc
ncols         63
nrows         48
xllcorner     598000.000000
yllcorner     5145000.000000
cellsize      1000.000000
NODATA_value  -9999.0
[rows 0 to 28 of 48, columns 0 to 62 of 63]
-9999.0 -9999.0 -9999.0 -9999.0 -9999.0 -9999.0 -9999.0 -9999.0 -9999.0 -9999.0 -9999.0 -9999.0 -9999.0 -9999.0 -9999.0 -9999.0 -9999.0 -9999.0 -9999.0 -9999.0 -9999.0 -9999.0 -9999.0 -9999.0 -9999.0 -9999.0 -9999.0 -9999.0 -9999.0 -9999.0 -9999.0 -9999.0 -9999.0 -9999.0 -9999.0 -9999.0 -9999.0 -9999.0 -9999.0 -9999.0 -9999.0 -9999.0 -9999.0 -9999.0 -9999.0 -9999.0 -9999.0 -9999.0 -9999.0 -9999.0 -9999.0 -9999.0 -9999.0 -9999.0 -9999.0 -9999.0 -9999.0 -9999.0 -9999.0 -9999.0 -9999.0 -9999.0 -9999.0
-9999.0 -9999.0 -9999.0 -9999.0 -9999.0 -9999.0 -9999.0 -9999.0 -9999.0 -9999.0 -9999.0 -9999.0 -9999.0 -9999.0 -9999.0 -9999.0 -9999.0 -9999.0 -9999.0 -9999.0 -9999.0 -9999.0 -9999.0 -9999.0 -9999.0 -9999.0 -9999.0 0.020034 0.020034 0.020036 0.020031 0.020035 0.020031 -9999.0 -9999.0 -9999.0 -9999.0 -9999.0 -9999.0 -9999.0 -9999.0 -9999.0 -9999.0 -9999.0 -9999.0 -9999.0 -9999.0 -9999.0 -9999.0 -9999.0 -9999.0 -9999.0 -9999.0 -9999.0 -9999.0 -9999.0 -9999.0 -9999.0 -9999.0 -9999.0 -9999.0 -9999.0 -9999.0
-9999.0 -9999.0 -9999.0 -9999.0 -9999.0 -9999.0 -9999.0 -9999.0 -9999.0 -9999.0 -9999.0 -9999.0 -9999.0 -9999.0 -9999.0 -9999.0 -9999.0 -9999.0 -9999.0 -9999.0 -9999.0 -9999.0 -9999.0 -9999.0 0.040027 0.040035 0.040047 0.040034 0.040018 0.020044 0.020031 -9999.0 -9999.0 -9999.0 -9999.0 -9999.0 -9999.0 -9999.0 -9999.0 -9999.0 -9999.0 -9999.0 -9999.0 -9999.0 -9999.0 -9999.0 -9999.0 -9999.0 -9999.0 -9999.0 -9999.0 -9999.0 -9999.0 -9999.0 -9999.0 -9999.0 -9999.0 -9999.0 -9999.0 -9999.0 -9999.0 -9999.0 -9999.0
-9999.0 -9999.0 -9999.0 -9999.0 -9999.0 -9999.0 -9999.0 -9999.0 -9999.0 -9999.0 -9999.0 -9999.0 -9999.0 -9999.0 -9999.0 -9999.0 -9999.0 -9999.0 -9999.0 -9999.0 -9999.0 -9999.0 -9999.0 0.040041 0.040124 0.251166 0.239386 0.022215 0.067323 0.020091 0.020031 0.020032 -9999.0 -9999.0 -9999.0 -9999.0 -9999.0 -9999.0 -9999.0 -9999.0 -9999.0 -9999.0 -9999.0 -9999.0 -9999.0 -9999.0 -9999.0 -9999.0 -9999.0 -9999.0 -9999.0 -9999.0 -9999.0 -9999.0 -9999.0 -9999.0 -9999.0 -9999.0 -9999.0 -9999.0 -9999.0 -9999.0 -9999.0
-9999.0 -9999.0 -9999.0 -9999.0 -9999.0 -9999.0 -9999.0 -9999.0 -9999.0 -9999.0 -9999.0 -9999.0 -9999.0 -9999.0 -9999.0 -9999.0 -9999.0 -9999.0 0.410139 0.040080 -9999.0 0.040058 0.040112 0.031877 0.286449 0.022798 0.347160 0.370927 0.430000 0.278417 0.020075 0.020033 0.020029 0.020022 -9999.0 -9999.0 -9999.0 -9999.0 -9999.0 -9999.0 -9999.0 -9999.0 -9999.0 -9999.0 -9999.0 -9999.0 -9999.0 -9999.0 -9999.0 -9999.0 -9999.0 -9999.0 -9999.0 -9999.0 -9999.0 -9999.0 -9999.0 -9999.0 -9999.0 -9999.0 -9999.0 -9999.0 -9999.0
-9999.0 -9999.0 -9999.0 -9999.0 -9999.0 -9999.0 -9999.0 -9999.0 -9999.0 -9999.0 -9999.0 -9999.0 -9999.0 -9999.0 -9999.0 -9999.0 -9999.0 0.151402 0.179306 0.020068 0.020106 0.287523 0.289864 0.068274 0.354347 0.330175 0.040957 0.200002 0.131217 0.366615 0.040077 0.020080 0.020042 0.020034 0.020026 0.020022 -9999.0 -9999.0 -9999.0 -9999.0 -9999.0 -9999.0 -9999.0 -9999.0 -9999.0 -9999.0 -9999.0 -9999.0 -9999.0 -9999.0 -9999.0 -9999.0 -9999.0 -9999.0 -9999.0 -9999.0 -9999.0 -9999.0 -9999.0 -9999.0 -9999.0 -9999.0 -9999.0
-9999.0 -9999.0 -9999.0 -9999.0 -9999.0 -9999.0 -9999.0 -9999.0 -9999.0 -9999.0 -9999.0 -9999.0 -9999.0 0.020301 0.332106 0.213602 0.136789 0.042279 0.155468 0.032772 0.281264 0.291608 0.051512 0.366320 0.370278 0.040109 0.020076 0.020056 0.020168 0.165208 0.040038 0.040023 0.020056 0.020033 0.020033 0.020022 -9999.0 -9999.0 -9999.0 -9999.0 -9999.0 -9999.0 -9999.0 -9999.0 -9999.0 -9999.0 -9999.0 -9999.0 -9999.0 -9999.0 -9999.0 -9999.0 -9999.0 -9999.0 -9999.0 -9999.0 -9999.0 -9999.0 -9999.0 -9999.0 -9999.0 -9999.0 -9999.0
-9999.0 -9999.0 -9999.0 -9999.0 -9999.0 -9999.0 -9999.0 -9999.0 -9999.0 -9999.0 -9999.0 -9999.0 -9999.0 0.057145 0.271223 0.195919 0.150687 0.327558 0.042242 0.202777 0.036196 0.097703 0.294646 0.372498 0.193129 0.020214 0.020049 0.020038 0.020032 0.020105 0.040034 0.020038 0.020030 0.020017 0.020025 -9999.0 -9999.0 -9999.0 -9999.0 -9999.0 -9999.0 -9999.0 -9999.0 -9999.0 -9999.0 -9999.0 -9999.0 -9999.0 -9999.0 -9999.0 -9999.0 -9999.0 -9999.0 -9999.0 -9999.0 -9999.0 -9999.0 -9999.0 -9999.0 -9999.0 -9999.0 -9999.0 -9999.0
-9999.0 -9999.0 -9999.0 -9999.0 -9999.0 -9999.0 -9999.0 -9999.0 -9999.0 -9999.0 -9999.0 -9999.0 -9999.0 0.242084 0.430000 0.238724 0.189348 0.163094 0.042224 0.146674 0.351291 0.020121 0.332330 0.282851 0.339023 0.351714 0.020048 0.020030 0.020032 0.020019 0.020034 0.020016 0.020015 0.020012 0.020021 -9999.0 -9999.0 -9999.0 -9999.0 -9999.0 -9999.0 -9999.0 -9999.0 -9999.0 -9999.0 -9999.0 -9999.0 -9999.0 -9999.0 -9999.0 -9999.0 -9999.0 -9999.0 -9999.0 -9999.0 -9999.0 -9999.0 -9999.0 -9999.0 -9999.0 -9999.0 -9999.0 -9999.0
-9999.0 -9999.0 -9999.0 -9999.0 -9999.0 -9999.0 -9999.0 -9999.0 -9999.0 -9999.0 -9999.0 -9999.0 0.047418 0.357752 0.275729 0.361361 0.276540 0.213660 0.304807 0.020121 0.302876 0.162890 0.020376 0.040193 0.040041 0.020050 0.040018 0.020033 0.020037 0.020029 0.020016 0.020028 0.020031 0.020020 -9999.0 -9999.0 -9999.0 -9999.0 -9999.0 -9999.0 -9999.0 -9999.0 -9999.0 -9999.0 -9999.0 -9999.0 -9999.0 -9999.0 -9999.0 -9999.0 -9999.0 -9999.0 -9999.0 -9999.0 -9999.0 -9999.0 -9999.0 -9999.0 -9999.0 -9999.0 -9999.0 -9999.0 -9999.0
-9999.0 -9999.0 -9999.0 -9999.0 -9999.0 -9999.0 -9999.0 -9999.0 -9999.0 -9999.0 -9999.0 0.040068 0.374936 0.430000 0.297493 0.080506 0.020118 0.222227 0.399803 0.022806 0.068340 0.380656 0.020139 0.020059 0.020074 0.020038 0.020034 0.020034 0.040013 0.020023 0.020027 0.020054 0.020033 0.020024 0.020027 0.020035 0.020031 0.020034 0.020033 -9999.0 -9999.0 -9999.0 0.020024 -9999.0 -9999.0 -9999.0 -9999.0 -9999.0 -9999.0 -9999.0 -9999.0 -9999.0 -9999.0 -9999.0 -9999.0 -9999.0 -9999.0 -9999.0 -9999.0 -9999.0 -9999.0 -9999.0 -9999.0
-9999.0 -9999.0 -9999.0 -9999.0 -9999.0 -9999.0 -9999.0 -9999.0 -9999.0 -9999.0 -9999.0 0.040056 0.325197 0.077009 0.221821 0.021567 0.161772 0.159491 0.324553 0.348927 0.396071 0.024161 0.040084 0.040025 0.040016 0.020035 0.020034 0.020039 0.020048 0.020024 0.020034 0.020047 0.020031 0.020032 0.020029 0.020034 0.020045 0.020084 0.020049 0.020025 0.020025 0.020024 0.020033 0.020029 -9999.0 -9999.0 -9999.0 0.040006 0.020027 0.020027 0.020031 0.020023 0.020022 0.040007 0.040007 0.020021 -9999.0 -9999.0 -9999.0 -9999.0 -9999.0 -9999.0 -9999.0
-9999.0 -9999.0 -9999.0 -9999.0 -9999.0 -9999.0 -9999.0 -9999.0 -9999.0 -9999.0 -9999.0 0.040040 0.040201 0.020310 0.060072 0.024983 0.396730 0.209672 0.312344 0.322372 0.308233 0.076472 0.040059 0.040028 0.020038 0.020039 0.040049 0.020042 0.020036 0.020029 0.020033 0.020036 0.020040 0.020033 0.020029 0.020042 0.040018 0.020054 0.020128 0.020033 0.020034 0.020035 0.020041 0.020036 0.020032 -9999.0 0.020020 0.020033 0.020033 0.020038 0.020060 0.020049 0.020040 0.020032 0.020032 0.020034 -9999.0 -9999.0 -9999.0 -9999.0 -9999.0 -9999.0 -9999.0
-9999.0 -9999.0 -9999.0 -9999.0 -9999.0 -9999.0 -9999.0 -9999.0 -9999.0 -9999.0 -9999.0 -9999.0 0.040090 0.040266 0.049974 0.050534 0.287240 0.202682 0.347272 0.336229 0.263308 0.071823 0.020243 0.040027 0.040020 0.040043 0.040043 0.020046 0.020032 0.020030 0.020034 0.040014 0.020059 0.020033 0.020031 0.020036 0.040048 0.040025 0.052478 0.020065 0.040022 0.020057 0.020047 0.040069 0.020032 0.020031 0.020025 0.020034 0.020050 0.040093 0.040871 0.040015 0.040015 0.040011 0.040012 0.040010 0.040010 -9999.0 -9999.0 -9999.0 -9999.0 -9999.0 -9999.0
-9999.0 -9999.0 -9999.0 -9999.0 -9999.0 -9999.0 -9999.0 -9999.0 -9999.0 -9999.0 -9999.0 0.040104 0.040048 0.020088 0.040059 0.313180 0.374971 0.263322 0.348933 0.239184 0.225679 0.343250 0.049486 0.020085 0.040050 0.040031 0.040039 0.020033 0.020031 0.020041 0.040044 0.040020 0.020055 0.020031 0.020028 0.020037 0.020035 0.020105 0.116960 0.020352 0.020136 0.052713 0.040052 0.020092 0.020182 0.020033 0.020036 0.020043 0.020058 0.021012 0.020037 0.020033 0.040007 0.020021 0.020019 0.020017 0.020029 -9999.0 -9999.0 -9999.0 -9999.0 -9999.0 -9999.0
-9999.0 -9999.0 -9999.0 -9999.0 -9999.0 -9999.0 -9999.0 -9999.0 -9999.0 -9999.0 0.040049 0.040059 0.040073 0.040079 0.044990 0.040236 0.040216 0.320430 0.200357 0.245384 0.380169 0.427336 0.020227 0.040256 0.235876 0.040037 0.020063 0.020029 0.020067 0.020106 0.040028 0.040026 0.020109 0.020037 0.020021 0.020033 0.020041 0.040071 0.042345 0.345409 0.089162 0.020156 0.048139 0.382856 0.043581 0.020044 0.020053 0.020055 0.040030 0.275669 0.020024 0.020026 0.020018 0.020015 0.020016 0.020034 0.020032 -9999.0 -9999.0 -9999.0 -9999.0 -9999.0 -9999.0
-9999.0 -9999.0 -9999.0 -9999.0 -9999.0 -9999.0 -9999.0 -9999.0 -9999.0 0.020036 0.040049 0.040024 0.040180 0.040099 0.040157 0.041100 0.040783 0.295055 0.187134 0.211574 0.361626 0.216856 0.083310 0.329128 0.375393 0.020094 0.040018 0.020109 0.020119 0.040579 0.388147 0.020083 0.020035 0.020017 0.020025 0.020032 0.020043 0.040041 0.040057 0.040193 0.040785 0.040462 0.020278 0.244982 0.112014 0.020772 0.021945 0.020124 0.020127 0.377874 0.020065 0.020028 0.020014 0.020019 0.020023 0.020024 0.040008 0.020031 0.020024 -9999.0 -9999.0 -9999.0 -9999.0
-9999.0 -9999.0 -9999.0 -9999.0 -9999.0 -9999.0 -9999.0 -9999.0 -9999.0 0.020033 0.020041 0.020113 0.048452 0.354594 0.040504 0.040094 0.043414 0.365430 0.177964 0.300023 0.323675 0.254282 0.423483 0.286540 0.020126 0.040036 0.040122 0.238603 0.372029 0.350771 0.021051 0.020069 0.020036 0.020032 0.020032 0.020032 0.020035 0.020051 0.020038 0.020059 0.040164 0.020064 0.040152 0.385053 0.309389 0.370755 0.399242 0.073618 0.041699 0.384874 0.020048 0.020024 0.020019 0.020023 0.020028 0.040005 0.020029 0.040011 0.020039 -9999.0 -9999.0 -9999.0 -9999.0
-9999.0 -9999.0 -9999.0 -9999.0 -9999.0 -9999.0 -9999.0 -9999.0 -9999.0 -9999.0 0.020033 0.020050 0.040415 0.040517 0.076027 0.040810 0.333990 0.385829 0.171338 0.267795 0.345529 0.081632 0.363996 0.020660 0.040048 0.043701 0.377050 0.428580 0.022084 0.040046 0.020072 0.040017 0.020034 0.020032 0.020040 0.020060 0.040065 0.040079 0.020036 0.020033 0.020037 0.040074 0.040552 0.020886 0.107774 0.345779 0.119836 0.403714 0.081066 0.082859 0.020075 0.020030 0.020022 0.020020 0.040006 0.020032 0.040015 0.020068 0.020078 0.067859 -9999.0 -9999.0 -9999.0
-9999.0 -9999.0 -9999.0 -9999.0 -9999.0 -9999.0 -9999.0 -9999.0 -9999.0 -9999.0 0.020031 0.020047 0.040058 0.046505 0.429327 0.275475 0.305376 0.228978 0.203385 0.161273 0.166141 0.204375 0.344868 0.040355 0.043598 0.379896 0.430000 0.345362 0.040063 0.020037 0.020034 0.040019 0.020027 0.020033 0.020035 0.040031 0.040033 0.040035 0.020061 0.020032 0.020035 0.020060 0.040019 0.020085 0.040287 0.020453 0.283747 0.106886 0.119790 0.164525 0.027509 0.020059 0.040010 0.020024 0.020018 0.020020 0.020032 0.020118 0.430000 0.430000 -9999.0 -9999.0 -9999.0
-9999.0 -9999.0 -9999.0 -9999.0 -9999.0 -9999.0 -9999.0 -9999.0 0.040014 0.020033 0.020031 0.040015 0.040017 0.040094 0.047401 0.343630 0.179150 0.242593 0.240432 0.140208 0.139978 0.159158 0.175567 0.207794 0.334879 0.414224 0.426393 0.040122 0.040036 0.020037 0.020018 0.020038 0.020034 0.020032 0.020035 0.020051 0.020124 0.040165 0.020055 0.020032 0.020036 0.040051 0.020037 0.020035 0.020062 0.040060 0.020059 0.040111 0.103749 0.428000 0.334852 0.020184 0.040009 0.020023 0.020021 0.020032 0.020033 0.040141 0.099785 0.382788 -9999.0 -9999.0 -9999.0
-9999.0 -9999.0 -9999.0 -9999.0 -9999.0 -9999.0 -9999.0 -9999.0 0.020041 0.040046 0.020044 0.020032 0.020048 0.040024 0.040100 0.348461 0.223744 0.199829 0.029010 0.138885 0.306213 0.274218 0.270479 0.245724 0.174117 0.277047 0.379286 0.040140 0.020026 0.020031 0.020034 0.020034 0.020036 0.020034 0.040015 0.040052 0.020705 0.040258 0.020130 0.020068 0.020033 0.020021 0.020036 0.020077 0.040035 0.040075 0.020033 0.020060 0.020171 0.343178 0.430000 0.040353 0.040008 0.020033 0.020050 0.020044 0.020099 0.023158 0.129527 0.378232 0.156027 -9999.0 -9999.0
-9999.0 -9999.0 -9999.0 -9999.0 -9999.0 -9999.0 -9999.0 -9999.0 0.020038 0.020055 0.020046 0.020035 0.040015 0.020039 0.040077 0.020169 0.253916 0.264187 0.136715 0.290897 0.136873 0.235854 0.252225 0.177680 0.290081 0.215929 0.365503 0.040067 0.020025 0.020034 0.020040 0.040046 0.040026 0.020070 0.040095 0.020159 0.025035 0.171763 0.042295 0.020054 0.020040 0.020042 0.040026 0.040022 0.040040 0.040015 0.020032 0.040012 0.040023 0.114398 0.361658 0.355537 0.020034 0.020029 0.020066 0.040094 0.428544 0.423696 0.329173 0.397520 0.325325 -9999.0 -9999.0
-9999.0 -9999.0 -9999.0 -9999.0 -9999.0 -9999.0 -9999.0 -9999.0 0.020027 0.020069 0.040043 0.020025 0.040022 0.040037 0.020444 0.336360 0.057147 0.146985 0.319173 0.142675 0.149171 0.160624 0.242811 0.198588 0.200473 0.282327 0.284409 0.020070 0.040058 0.020055 0.020126 0.020121 0.023953 0.040168 0.020195 0.020228 0.117695 0.215835 0.134071 0.021814 0.020098 0.020114 0.020110 0.020061 0.040021 0.020043 0.020067 0.020041 0.020054 0.020106 0.361477 0.385379 0.355677 0.040070 0.405169 0.430000 0.398621 0.348124 0.273564 0.330328 0.329575 0.290292 -9999.0
-9999.0 -9999.0 -9999.0 -9999.0 -9999.0 -9999.0 -9999.0 -9999.0 0.040008 0.040015 0.040022 0.020088 0.020313 0.041678 0.368964 0.420666 0.416397 0.224359 0.259834 0.198964 0.172508 0.189279 0.160113 0.152905 0.304820 0.272367 0.040079 0.043173 0.384409 0.040183 0.020473 0.380412 0.188239 0.428703 0.093568 0.093461 0.084230 0.186161 0.093842 0.428164 0.098127 0.028299 0.020450 0.024650 0.020114 0.020173 0.020147 0.020087 0.020176 0.086278 0.109482 0.265500 0.354234 0.391544 0.430000 0.430000 0.427046 0.374798 0.358773 0.318968 0.232797 0.298515 -9999.0
-9999.0 -9999.0 0.020036 0.040014 0.040013 0.040031 0.040016 0.040019 0.040010 0.040012 0.040053 0.040911 0.041907 0.041102 0.430000 0.429180 0.111823 0.040068 0.040138 0.332450 0.197376 0.213284 0.345513 0.129377 0.172365 0.202696 0.279240 0.304052 0.308221 0.430000 0.348180 0.315497 0.428770 0.250151 0.354286 0.202523 0.255479 0.158279 0.074328 0.092447 0.067706 0.078940 0.104356 0.390186 0.108844 0.090271 0.427250 0.344736 0.092287 0.350010 0.286373 0.300351 0.395140 0.415329 0.430000 0.430000 0.414534 0.366706 0.370013 0.271675 0.387620 0.310329 -9999.0
-9999.0 0.040104 0.040086 0.040061 0.040035 0.040093 0.040018 0.040015 0.040010 0.020033 0.040023 0.040113 0.239027 0.056727 0.426187 0.020432 0.040048 0.040025 0.040069 0.339448 0.201039 0.211369 0.430000 0.284871 0.204476 0.185167 0.256391 0.292019 0.281654 0.354152 0.254431 0.288304 0.344796 0.348203 0.225985 0.244696 0.166593 0.113820 0.248689 0.256970 0.205206 0.231605 0.261174 0.192249 0.194807 0.188157 0.319748 0.179533 0.227936 0.256338 0.329641 0.375597 0.415964 0.428238 0.430000 0.430000 0.409655 0.391865 0.430000 0.387380 0.368738 0.313955 -9999.0
-9999.0 0.040072 0.040044 0.040239 0.044243 0.040104 0.040024 0.040012 0.040010 0.020032 0.040018 0.040067 0.365624 0.426609 0.020893 0.040012 0.020043 0.040021 0.040143 0.137353 0.428800 0.344802 0.296091 0.426999 0.385283 0.290522 0.120739 0.150713 0.267055 0.157293 0.124115 0.136172 0.307859 0.303879 0.317822 0.246375 0.292256 0.267411 0.206273 0.192427 0.214727 0.244396 0.191302 0.158104 0.117347 0.119146 0.238073 0.271701 0.286333 0.310520 0.341264 0.324229 0.379350 0.426451 0.425874 0.336170 0.040609 0.281213 0.340723 0.131608 0.358845 -9999.0 -9999.0
-9999.0 0.020123 0.040066 0.040571 0.428906 0.047888 0.045622 0.040043 0.040025 0.040027 0.040056 0.376775 0.428806 0.064482 0.040051 0.040009 0.040013 0.040033 0.040045 0.041485 0.115511 0.377424 0.239367 0.407476 0.403885 0.328967 0.323574 0.317140 0.156864 0.259004 0.131126 0.125264 0.282945 0.282436 0.250857 0.216910 0.217086 0.260795 0.204157 0.198485 0.201209 0.280924 0.227154 0.123403 0.122254 0.256817 0.261553 0.301256 0.327153 0.261785 0.357387 0.220615 0.347242 0.040911 0.043242 0.040066 0.040063 0.040044 0.040049 -9999.0 -9999.0 -9999.0 -9999.0
