erum2020/resources/simulation/Vinschgau/output-maps/thetaliqL0005N0906.asc
ncols         63
nrows         48
xllcorner     598000.000000
yllcorner     5145000.000000
cellsize      1000.000000
NODATA_value  -9999.0
[rows 0 to 28 of 48, columns 0 to 62 of 63]
-9999.0 -9999.0 -9999.0 -9999.0 -9999.0 -9999.0 -9999.0 -9999.0 -9999.0 -9999.0 -9999.0 -9999.0 -9999.0 -9999.0 -9999.0 -9999.0 -9999.0 -9999.0 -9999.0 -9999.0 -9999.0 -9999.0 -9999.0 -9999.0 -9999.0 -9999.0 -9999.0 -9999.0 -9999.0 -9999.0 -9999.0 -9999.0 -9999.0 -9999.0 -9999.0 -9999.0 -9999.0 -9999.0 -9999.0 -9999.0 -9999.0 -9999.0 -9999.0 -9999.0 -9999.0 -9999.0 -9999.0 -9999.0 -9999.0 -9999.0 -9999.0 -9999.0 -9999.0 -9999.0 -9999.0 -9999.0 -9999.0 -9999.0 -9999.0 -9999.0 -9999.0 -9999.0 -9999.0
-9999.0 -9999.0 -9999.0 -9999.0 -9999.0 -9999.0 -9999.0 -9999.0 -9999.0 -9999.0 -9999.0 -9999.0 -9999.0 -9999.0 -9999.0 -9999.0 -9999.0 -9999.0 -9999.0 -9999.0 -9999.0 -9999.0 -9999.0 -9999.0 -9999.0 -9999.0 -9999.0 0.020027 0.040012 0.020032 0.040010 0.020027 0.020025 -9999.0 -9999.0 -9999.0 -9999.0 -9999.0 -9999.0 -9999.0 -9999.0 -9999.0 -9999.0 -9999.0 -9999.0 -9999.0 -9999.0 -9999.0 -9999.0 -9999.0 -9999.0 -9999.0 -9999.0 -9999.0 -9999.0 -9999.0 -9999.0 -9999.0 -9999.0 -9999.0 -9999.0 -9999.0 -9999.0
-9999.0 -9999.0 -9999.0 -9999.0 -9999.0 -9999.0 -9999.0 -9999.0 -9999.0 -9999.0 -9999.0 -9999.0 -9999.0 -9999.0 -9999.0 -9999.0 -9999.0 -9999.0 -9999.0 -9999.0 -9999.0 -9999.0 -9999.0 -9999.0 0.040016 0.040019 0.040025 0.040017 0.040025 0.040011 0.040009 -9999.0 -9999.0 -9999.0 -9999.0 -9999.0 -9999.0 -9999.0 -9999.0 -9999.0 -9999.0 -9999.0 -9999.0 -9999.0 -9999.0 -9999.0 -9999.0 -9999.0 -9999.0 -9999.0 -9999.0 -9999.0 -9999.0 -9999.0 -9999.0 -9999.0 -9999.0 -9999.0 -9999.0 -9999.0 -9999.0 -9999.0 -9999.0
-9999.0 -9999.0 -9999.0 -9999.0 -9999.0 -9999.0 -9999.0 -9999.0 -9999.0 -9999.0 -9999.0 -9999.0 -9999.0 -9999.0 -9999.0 -9999.0 -9999.0 -9999.0 -9999.0 -9999.0 -9999.0 -9999.0 -9999.0 0.040020 0.040078 0.220445 0.249352 0.129679 0.185222 0.040022 0.040009 0.040008 -9999.0 -9999.0 -9999.0 -9999.0 -9999.0 -9999.0 -9999.0 -9999.0 -9999.0 -9999.0 -9999.0 -9999.0 -9999.0 -9999.0 -9999.0 -9999.0 -9999.0 -9999.0 -9999.0 -9999.0 -9999.0 -9999.0 -9999.0 -9999.0 -9999.0 -9999.0 -9999.0 -9999.0 -9999.0 -9999.0 -9999.0
-9999.0 -9999.0 -9999.0 -9999.0 -9999.0 -9999.0 -9999.0 -9999.0 -9999.0 -9999.0 -9999.0 -9999.0 -9999.0 -9999.0 -9999.0 -9999.0 -9999.0 -9999.0 0.352028 0.040032 -9999.0 0.040025 0.040072 0.146058 0.279724 0.116927 0.328323 0.368363 0.401716 0.235615 0.040018 0.040010 0.020023 0.020017 -9999.0 -9999.0 -9999.0 -9999.0 -9999.0 -9999.0 -9999.0 -9999.0 -9999.0 -9999.0 -9999.0 -9999.0 -9999.0 -9999.0 -9999.0 -9999.0 -9999.0 -9999.0 -9999.0 -9999.0 -9999.0 -9999.0 -9999.0 -9999.0 -9999.0 -9999.0 -9999.0 -9999.0 -9999.0
-9999.0 -9999.0 -9999.0 -9999.0 -9999.0 -9999.0 -9999.0 -9999.0 -9999.0 -9999.0 -9999.0 -9999.0 -9999.0 -9999.0 -9999.0 -9999.0 -9999.0 0.131311 0.181528 0.022459 0.020052 0.046521 0.243656 0.262632 0.305296 0.324363 0.041601 0.047363 0.045102 0.365847 0.040072 0.040019 0.020032 0.020027 0.020020 0.020017 -9999.0 -9999.0 -9999.0 -9999.0 -9999.0 -9999.0 -9999.0 -9999.0 -9999.0 -9999.0 -9999.0 -9999.0 -9999.0 -9999.0 -9999.0 -9999.0 -9999.0 -9999.0 -9999.0 -9999.0 -9999.0 -9999.0 -9999.0 -9999.0 -9999.0 -9999.0 -9999.0
-9999.0 -9999.0 -9999.0 -9999.0 -9999.0 -9999.0 -9999.0 -9999.0 -9999.0 -9999.0 -9999.0 -9999.0 -9999.0 0.040092 0.323326 0.196734 0.119228 0.023456 0.135685 0.149371 0.254533 0.254354 0.253088 0.317740 0.335287 0.040056 0.020060 0.040103 0.040125 0.042229 0.040049 0.040015 0.040009 0.040007 0.020024 0.020017 -9999.0 -9999.0 -9999.0 -9999.0 -9999.0 -9999.0 -9999.0 -9999.0 -9999.0 -9999.0 -9999.0 -9999.0 -9999.0 -9999.0 -9999.0 -9999.0 -9999.0 -9999.0 -9999.0 -9999.0 -9999.0 -9999.0 -9999.0 -9999.0 -9999.0 -9999.0 -9999.0
-9999.0 -9999.0 -9999.0 -9999.0 -9999.0 -9999.0 -9999.0 -9999.0 -9999.0 -9999.0 -9999.0 -9999.0 -9999.0 0.040365 0.278229 0.180183 0.131787 0.322702 0.023393 0.204571 0.118423 0.306989 0.292264 0.335194 0.048877 0.041820 0.040012 0.020030 0.020024 0.040038 0.040065 0.040011 0.020023 0.020015 0.020019 -9999.0 -9999.0 -9999.0 -9999.0 -9999.0 -9999.0 -9999.0 -9999.0 -9999.0 -9999.0 -9999.0 -9999.0 -9999.0 -9999.0 -9999.0 -9999.0 -9999.0 -9999.0 -9999.0 -9999.0 -9999.0 -9999.0 -9999.0 -9999.0 -9999.0 -9999.0 -9999.0 -9999.0
-9999.0 -9999.0 -9999.0 -9999.0 -9999.0 -9999.0 -9999.0 -9999.0 -9999.0 -9999.0 -9999.0 -9999.0 -9999.0 0.253192 0.430000 0.231914 0.172070 0.142800 0.023354 0.130058 0.351704 0.021351 0.315821 0.128553 0.343553 0.200611 0.020038 0.020023 0.040008 0.020017 0.040009 0.020014 0.020013 0.020011 0.020016 -9999.0 -9999.0 -9999.0 -9999.0 -9999.0 -9999.0 -9999.0 -9999.0 -9999.0 -9999.0 -9999.0 -9999.0 -9999.0 -9999.0 -9999.0 -9999.0 -9999.0 -9999.0 -9999.0 -9999.0 -9999.0 -9999.0 -9999.0 -9999.0 -9999.0 -9999.0 -9999.0 -9999.0
-9999.0 -9999.0 -9999.0 -9999.0 -9999.0 -9999.0 -9999.0 -9999.0 -9999.0 -9999.0 -9999.0 -9999.0 0.190750 0.054624 0.294311 0.335437 0.272340 0.198225 0.295870 0.022870 0.264154 0.042635 0.020982 0.040458 0.040046 0.040012 0.040015 0.040008 0.040014 0.020022 0.040003 0.020022 0.040007 0.020015 -9999.0 -9999.0 -9999.0 -9999.0 -9999.0 -9999.0 -9999.0 -9999.0 -9999.0 -9999.0 -9999.0 -9999.0 -9999.0 -9999.0 -9999.0 -9999.0 -9999.0 -9999.0 -9999.0 -9999.0 -9999.0 -9999.0 -9999.0 -9999.0 -9999.0 -9999.0 -9999.0 -9999.0 -9999.0
-9999.0 -9999.0 -9999.0 -9999.0 -9999.0 -9999.0 -9999.0 -9999.0 -9999.0 -9999.0 -9999.0 0.040123 0.379733 0.430000 0.312287 0.041467 0.023117 0.214383 0.428995 0.119778 0.164014 0.349360 0.040033 0.040015 0.040921 0.040016 0.040008 0.040011 0.040010 0.020018 0.020021 0.040015 0.020025 0.020018 0.020021 0.020026 0.040009 0.040012 0.020035 -9999.0 -9999.0 -9999.0 0.020018 -9999.0 -9999.0 -9999.0 -9999.0 -9999.0 -9999.0 -9999.0 -9999.0 -9999.0 -9999.0 -9999.0 -9999.0 -9999.0 -9999.0 -9999.0 -9999.0 -9999.0 -9999.0 -9999.0 -9999.0
-9999.0 -9999.0 -9999.0 -9999.0 -9999.0 -9999.0 -9999.0 -9999.0 -9999.0 -9999.0 -9999.0 0.040088 0.340423 0.338743 0.259885 0.040117 0.197294 0.160300 0.317566 0.351997 0.382557 0.040463 0.040034 0.040019 0.040030 0.040012 0.040010 0.040017 0.020034 0.020019 0.040011 0.040012 0.040008 0.040006 0.040005 0.040011 0.040023 0.040022 0.040012 0.020019 0.020020 0.020019 0.040010 0.020022 -9999.0 -9999.0 -9999.0 0.040004 0.040005 0.020021 0.040006 0.020018 0.020018 0.040004 0.040005 0.020017 -9999.0 -9999.0 -9999.0 -9999.0 -9999.0 -9999.0 -9999.0
-9999.0 -9999.0 -9999.0 -9999.0 -9999.0 -9999.0 -9999.0 -9999.0 -9999.0 -9999.0 -9999.0 0.040030 0.040090 0.040701 0.041335 0.040273 0.367561 0.230652 0.329602 0.316169 0.304153 0.259773 0.040061 0.040017 0.040012 0.020028 0.040034 0.040013 0.020026 0.040006 0.020025 0.040011 0.040018 0.040007 0.020023 0.040020 0.040016 0.040020 0.040034 0.020025 0.040014 0.020027 0.040018 0.040012 0.040007 -9999.0 0.020016 0.040007 0.040010 0.040015 0.020045 0.020036 0.020036 0.040010 0.020030 0.040007 -9999.0 -9999.0 -9999.0 -9999.0 -9999.0 -9999.0 -9999.0
-9999.0 -9999.0 -9999.0 -9999.0 -9999.0 -9999.0 -9999.0 -9999.0 -9999.0 -9999.0 -9999.0 -9999.0 0.040113 0.040371 0.040144 0.040286 0.294662 0.213612 0.352792 0.335466 0.274131 0.260318 0.041171 0.040114 0.040015 0.040031 0.040041 0.020041 0.040009 0.020023 0.040010 0.040012 0.020046 0.040009 0.040007 0.040013 0.040034 0.040024 0.040531 0.020042 0.040025 0.020038 0.040058 0.040029 0.020024 0.040006 0.020020 0.040007 0.040016 0.040052 0.040333 0.040013 0.040022 0.040010 0.040008 0.040010 0.040007 -9999.0 -9999.0 -9999.0 -9999.0 -9999.0 -9999.0
-9999.0 -9999.0 -9999.0 -9999.0 -9999.0 -9999.0 -9999.0 -9999.0 -9999.0 -9999.0 -9999.0 0.040193 0.040020 0.020100 0.040207 0.065253 0.365059 0.283019 0.358477 0.228604 0.243133 0.321150 0.048264 0.040031 0.040039 0.040463 0.040215 0.040009 0.040008 0.020030 0.040030 0.040017 0.040036 0.040009 0.040005 0.040011 0.040012 0.040062 0.079285 0.040088 0.040060 0.043824 0.040187 0.020096 0.040048 0.040009 0.040014 0.020031 0.020038 0.020450 0.020034 0.040010 0.040006 0.020019 0.020017 0.020015 0.020022 -9999.0 -9999.0 -9999.0 -9999.0 -9999.0 -9999.0
-9999.0 -9999.0 -9999.0 -9999.0 -9999.0 -9999.0 -9999.0 -9999.0 -9999.0 -9999.0 0.040042 0.040259 0.040030 0.040031 0.040138 0.040125 0.040119 0.314840 0.182386 0.236901 0.388317 0.414692 0.040164 0.040110 0.043998 0.040048 0.040021 0.020028 0.020044 0.040026 0.040023 0.040022 0.040026 0.040009 0.020016 0.020025 0.040019 0.040042 0.047162 0.348155 0.345707 0.030140 0.113445 0.381398 0.041620 0.020031 0.040014 0.040071 0.040282 0.044733 0.020021 0.020020 0.020016 0.020014 0.020014 0.040009 0.040009 -9999.0 -9999.0 -9999.0 -9999.0 -9999.0 -9999.0
-9999.0 -9999.0 -9999.0 -9999.0 -9999.0 -9999.0 -9999.0 -9999.0 -9999.0 0.040013 0.040056 0.040050 0.040446 0.040104 0.040314 0.040906 0.040553 0.042204 0.189287 0.183443 0.364597 0.214060 0.222674 0.326833 0.348512 0.040048 0.040014 0.040027 0.040266 0.050399 0.346546 0.020080 0.020026 0.020015 0.020019 0.020024 0.040020 0.040028 0.040037 0.040452 0.041356 0.041225 0.040216 0.259486 0.314136 0.040427 0.040189 0.040049 0.040051 0.367371 0.020052 0.020022 0.020013 0.020015 0.020019 0.040005 0.040007 0.020024 0.020020 -9999.0 -9999.0 -9999.0 -9999.0
-9999.0 -9999.0 -9999.0 -9999.0 -9999.0 -9999.0 -9999.0 -9999.0 -9999.0 0.020027 0.040012 0.040026 0.040255 0.180240 0.040445 0.040101 0.040185 0.365589 0.178410 0.288844 0.315608 0.259063 0.388898 0.042423 0.040072 0.040026 0.040116 0.043298 0.372402 0.066014 0.040277 0.040030 0.040013 0.040007 0.040010 0.020024 0.020027 0.020035 0.040012 0.040039 0.040087 0.040022 0.040143 0.376842 0.303343 0.357825 0.381708 0.305449 0.124270 0.366548 0.020048 0.040006 0.020016 0.040004 0.020022 0.040004 0.040007 0.040009 0.020028 -9999.0 -9999.0 -9999.0 -9999.0
-9999.0 -9999.0 -9999.0 -9999.0 -9999.0 -9999.0 -9999.0 -9999.0 -9999.0 -9999.0 0.040010 0.040026 0.041350 0.040281 0.245556 0.041034 0.128010 0.360655 0.172528 0.262357 0.346267 0.171186 0.341214 0.040678 0.040037 0.041646 0.354011 0.402479 0.040244 0.040043 0.040033 0.040017 0.040010 0.040008 0.040017 0.040032 0.040028 0.040054 0.020027 0.040011 0.040010 0.040031 0.040086 0.040492 0.298872 0.338501 0.300200 0.393087 0.377282 0.316022 0.020072 0.020026 0.020018 0.020016 0.040004 0.040007 0.040015 0.040048 0.040031 0.041892 -9999.0 -9999.0 -9999.0
-9999.0 -9999.0 -9999.0 -9999.0 -9999.0 -9999.0 -9999.0 -9999.0 -9999.0 -9999.0 0.040009 0.040014 0.040024 0.042560 0.413734 0.258509 0.297929 0.215124 0.191198 0.141662 0.146134 0.205687 0.300603 0.040177 0.041644 0.378695 0.430000 0.198523 0.040057 0.040011 0.040011 0.040023 0.020023 0.040007 0.040011 0.040038 0.040049 0.040426 0.040020 0.040008 0.040012 0.020044 0.040055 0.040021 0.040082 0.020364 0.046255 0.297809 0.285658 0.430000 0.073116 0.040020 0.040009 0.020020 0.020015 0.020017 0.040007 0.040046 0.430000 0.430000 -9999.0 -9999.0 -9999.0
-9999.0 -9999.0 -9999.0 -9999.0 -9999.0 -9999.0 -9999.0 -9999.0 0.040017 0.040010 0.020026 0.040018 0.040015 0.040071 0.046360 0.336706 0.175884 0.250779 0.230676 0.119703 0.121111 0.156657 0.174322 0.199798 0.336890 0.391170 0.388788 0.040106 0.040025 0.040011 0.020016 0.040011 0.040011 0.040007 0.040013 0.040012 0.040161 0.040351 0.040022 0.020024 0.020031 0.040032 0.020034 0.020026 0.020040 0.040051 0.040025 0.040132 0.290316 0.430000 0.184671 0.020169 0.040010 0.040006 0.020018 0.020027 0.020025 0.040085 0.369905 0.430000 -9999.0 -9999.0 -9999.0
-9999.0 -9999.0 -9999.0 -9999.0 -9999.0 -9999.0 -9999.0 -9999.0 0.020038 0.040033 0.040013 0.040008 0.040012 0.040021 0.040088 0.342925 0.232984 0.205587 0.109243 0.118961 0.299112 0.269712 0.266439 0.260969 0.171434 0.278425 0.374787 0.040267 0.020024 0.040009 0.040007 0.020026 0.040014 0.020027 0.040017 0.040023 0.040462 0.040749 0.040148 0.040017 0.040010 0.020019 0.020028 0.040019 0.040024 0.040051 0.020031 0.040016 0.040292 0.335602 0.430000 0.040419 0.040007 0.040007 0.020038 0.020035 0.040042 0.046318 0.419764 0.410932 0.134056 -9999.0 -9999.0
-9999.0 -9999.0 -9999.0 -9999.0 -9999.0 -9999.0 -9999.0 -9999.0 0.040011 0.040015 0.040017 0.040010 0.040010 0.020036 0.040089 0.040111 0.247846 0.272417 0.130295 0.278197 0.116594 0.221109 0.246937 0.159977 0.281378 0.230601 0.353156 0.040060 0.020029 0.040011 0.020029 0.040032 0.040019 0.020057 0.040035 0.040039 0.052457 0.429152 0.077487 0.040062 0.040016 0.020030 0.040017 0.040014 0.040028 0.040017 0.020024 0.040012 0.040018 0.371780 0.363643 0.275718 0.040009 0.040008 0.040019 0.040084 0.413405 0.426239 0.343656 0.430000 0.332480 -9999.0 -9999.0
-9999.0 -9999.0 -9999.0 -9999.0 -9999.0 -9999.0 -9999.0 -9999.0 0.020021 0.040019 0.040108 0.020023 0.040014 0.040054 0.020362 0.351889 0.140235 0.141930 0.314741 0.123301 0.129632 0.134756 0.227969 0.168137 0.182524 0.277600 0.095382 0.040031 0.040026 0.040074 0.040049 0.040129 0.022094 0.040491 0.020331 0.040090 0.104463 0.231878 0.381849 0.040934 0.040023 0.040027 0.040027 0.020039 0.040013 0.020031 0.020045 0.020036 0.040013 0.040041 0.359696 0.386875 0.340126 0.040086 0.271540 0.430000 0.416058 0.415338 0.285310 0.337396 0.333692 0.290122 -9999.0
-9999.0 -9999.0 -9999.0 -9999.0 -9999.0 -9999.0 -9999.0 -9999.0 0.040006 0.040016 0.040034 0.040044 0.040249 0.043910 0.098070 0.426766 0.420915 0.239389 0.268548 0.206221 0.154127 0.163622 0.137302 0.134132 0.306866 0.262304 0.040071 0.041587 0.307170 0.045202 0.040420 0.214487 0.430000 0.391137 0.340698 0.341949 0.336260 0.201975 0.182199 0.418459 0.359378 0.051513 0.136602 0.022395 0.040044 0.040044 0.040228 0.041413 0.040181 0.314935 0.400395 0.267690 0.351264 0.380582 0.430000 0.430000 0.430000 0.387912 0.373232 0.332259 0.256568 0.297880 -9999.0
-9999.0 -9999.0 0.020038 0.040017 0.040011 0.040023 0.040013 0.040015 0.040009 0.040012 0.040036 0.040891 0.043894 0.040777 0.417527 0.430000 0.312242 0.040062 0.040122 0.326166 0.203121 0.203812 0.371886 0.110265 0.155476 0.205959 0.269996 0.287128 0.306072 0.398240 0.338920 0.324452 0.430000 0.277485 0.358104 0.220479 0.287930 0.171828 0.148328 0.187223 0.319045 0.365031 0.284570 0.378724 0.346785 0.328439 0.412120 0.340879 0.349676 0.343646 0.294474 0.283453 0.400094 0.421774 0.430000 0.430000 0.429997 0.372630 0.371748 0.289136 0.385790 0.307718 -9999.0
-9999.0 0.040109 0.040068 0.040045 0.040025 0.040034 0.040013 0.040013 0.040009 0.040008 0.040019 0.040100 0.057167 0.041146 0.392862 0.040377 0.040037 0.040019 0.040057 0.335474 0.203914 0.231997 0.430000 0.305951 0.183700 0.164253 0.239851 0.280078 0.304780 0.358582 0.258373 0.302467 0.381706 0.366496 0.267265 0.253196 0.210033 0.130992 0.265394 0.267902 0.246649 0.277202 0.295255 0.207054 0.205452 0.194247 0.324677 0.192061 0.257650 0.266008 0.328967 0.382236 0.430000 0.430000 0.430000 0.430000 0.406851 0.380814 0.430000 0.373157 0.357103 0.311173 -9999.0
-9999.0 0.040187 0.040071 0.040514 0.040299 0.040040 0.040023 0.040010 0.040008 0.020026 0.040015 0.040061 0.316622 0.401294 0.042531 0.040015 0.040013 0.040017 0.040281 0.069967 0.371113 0.345409 0.302561 0.430000 0.395464 0.271784 0.104217 0.118517 0.265222 0.162772 0.120209 0.134087 0.332061 0.329140 0.334894 0.266393 0.296333 0.266591 0.226304 0.202554 0.230379 0.264104 0.250408 0.145748 0.098584 0.120893 0.235341 0.280211 0.292984 0.315569 0.344854 0.321580 0.372085 0.430000 0.418230 0.080050 0.040295 0.055247 0.107723 0.044263 0.165081 -9999.0 -9999.0
-9999.0 0.020065 0.040685 0.040369 0.426972 0.040554 0.040330 0.040040 0.040019 0.040020 0.040042 0.155881 0.401845 0.042237 0.040047 0.040009 0.040011 0.040024 0.040042 0.050039 0.043411 0.257237 0.219052 0.414699 0.414652 0.329873 0.330975 0.326630 0.139900 0.258258 0.108717 0.100302 0.300660 0.305041 0.267335 0.222735 0.228680 0.255139 0.208499 0.199377 0.202430 0.278146 0.239523 0.095335 0.094782 0.269283 0.268845 0.314434 0.336309 0.267184 0.354965 0.041903 0.090564 0.040327 0.041247 0.040094 0.040091 0.040059 0.040071 -9999.0 -9999.0 -9999.0 -9999.0
