erum2020/resources/simulation/Vinschgau/output-maps/thetaliqL0002N0753.asc
ncols         63
nrows         48
xllcorner     598000.000000
yllcorner     5145000.000000
cellsize      1000.000000
NODATA_value  -9999.0
[rows 0 to 28 of 48, columns 0 to 62 of 63]
-9999.0 -9999.0 -9999.0 -9999.0 -9999.0 -9999.0 -9999.0 -9999.0 -9999.0 -9999.0 -9999.0 -9999.0 -9999.0 -9999.0 -9999.0 -9999.0 -9999.0 -9999.0 -9999.0 -9999.0 -9999.0 -9999.0 -9999.0 -9999.0 -9999.0 -9999.0 -9999.0 -9999.0 -9999.0 -9999.0 -9999.0 -9999.0 -9999.0 -9999.0 -9999.0 -9999.0 -9999.0 -9999.0 -9999.0 -9999.0 -9999.0 -9999.0 -9999.0 -9999.0 -9999.0 -9999.0 -9999.0 -9999.0 -9999.0 -9999.0 -9999.0 -9999.0 -9999.0 -9999.0 -9999.0 -9999.0 -9999.0 -9999.0 -9999.0 -9999.0 -9999.0 -9999.0 -9999.0
-9999.0 -9999.0 -9999.0 -9999.0 -9999.0 -9999.0 -9999.0 -9999.0 -9999.0 -9999.0 -9999.0 -9999.0 -9999.0 -9999.0 -9999.0 -9999.0 -9999.0 -9999.0 -9999.0 -9999.0 -9999.0 -9999.0 -9999.0 -9999.0 -9999.0 -9999.0 -9999.0 0.020048 0.040040 0.020031 0.040013 0.040014 0.040014 -9999.0 -9999.0 -9999.0 -9999.0 -9999.0 -9999.0 -9999.0 -9999.0 -9999.0 -9999.0 -9999.0 -9999.0 -9999.0 -9999.0 -9999.0 -9999.0 -9999.0 -9999.0 -9999.0 -9999.0 -9999.0 -9999.0 -9999.0 -9999.0 -9999.0 -9999.0 -9999.0 -9999.0 -9999.0 -9999.0
-9999.0 -9999.0 -9999.0 -9999.0 -9999.0 -9999.0 -9999.0 -9999.0 -9999.0 -9999.0 -9999.0 -9999.0 -9999.0 -9999.0 -9999.0 -9999.0 -9999.0 -9999.0 -9999.0 -9999.0 -9999.0 -9999.0 -9999.0 -9999.0 0.040079 0.040100 0.040278 0.040081 0.040026 0.040025 0.040022 -9999.0 -9999.0 -9999.0 -9999.0 -9999.0 -9999.0 -9999.0 -9999.0 -9999.0 -9999.0 -9999.0 -9999.0 -9999.0 -9999.0 -9999.0 -9999.0 -9999.0 -9999.0 -9999.0 -9999.0 -9999.0 -9999.0 -9999.0 -9999.0 -9999.0 -9999.0 -9999.0 -9999.0 -9999.0 -9999.0 -9999.0 -9999.0
-9999.0 -9999.0 -9999.0 -9999.0 -9999.0 -9999.0 -9999.0 -9999.0 -9999.0 -9999.0 -9999.0 -9999.0 -9999.0 -9999.0 -9999.0 -9999.0 -9999.0 -9999.0 -9999.0 -9999.0 -9999.0 -9999.0 -9999.0 0.040115 0.043398 0.287759 0.377517 0.270758 0.269619 0.040180 0.040028 0.040018 -9999.0 -9999.0 -9999.0 -9999.0 -9999.0 -9999.0 -9999.0 -9999.0 -9999.0 -9999.0 -9999.0 -9999.0 -9999.0 -9999.0 -9999.0 -9999.0 -9999.0 -9999.0 -9999.0 -9999.0 -9999.0 -9999.0 -9999.0 -9999.0 -9999.0 -9999.0 -9999.0 -9999.0 -9999.0 -9999.0 -9999.0
-9999.0 -9999.0 -9999.0 -9999.0 -9999.0 -9999.0 -9999.0 -9999.0 -9999.0 -9999.0 -9999.0 -9999.0 -9999.0 -9999.0 -9999.0 -9999.0 -9999.0 -9999.0 0.520000 0.040911 -9999.0 0.040223 0.041505 0.335588 0.406884 0.191926 0.440463 0.520000 0.520000 0.418743 0.040098 0.040031 0.020043 0.020033 -9999.0 -9999.0 -9999.0 -9999.0 -9999.0 -9999.0 -9999.0 -9999.0 -9999.0 -9999.0 -9999.0 -9999.0 -9999.0 -9999.0 -9999.0 -9999.0 -9999.0 -9999.0 -9999.0 -9999.0 -9999.0 -9999.0 -9999.0 -9999.0 -9999.0 -9999.0 -9999.0 -9999.0 -9999.0
-9999.0 -9999.0 -9999.0 -9999.0 -9999.0 -9999.0 -9999.0 -9999.0 -9999.0 -9999.0 -9999.0 -9999.0 -9999.0 -9999.0 -9999.0 -9999.0 -9999.0 0.127328 0.331566 0.179171 0.020268 0.218545 0.416105 0.437742 0.395748 0.450135 0.045986 0.040144 0.048473 0.520000 0.040050 0.040001 0.020030 0.020024 0.020018 0.020016 -9999.0 -9999.0 -9999.0 -9999.0 -9999.0 -9999.0 -9999.0 -9999.0 -9999.0 -9999.0 -9999.0 -9999.0 -9999.0 -9999.0 -9999.0 -9999.0 -9999.0 -9999.0 -9999.0 -9999.0 -9999.0 -9999.0 -9999.0 -9999.0 -9999.0 -9999.0 -9999.0
-9999.0 -9999.0 -9999.0 -9999.0 -9999.0 -9999.0 -9999.0 -9999.0 -9999.0 -9999.0 -9999.0 -9999.0 -9999.0 0.217417 0.469040 0.256471 0.103103 0.068155 0.140815 0.289041 0.398826 0.364321 0.369892 0.425564 0.337613 0.041100 0.020106 0.040031 0.042274 0.071186 0.040169 0.040033 0.040017 0.040014 0.020027 0.020021 -9999.0 -9999.0 -9999.0 -9999.0 -9999.0 -9999.0 -9999.0 -9999.0 -9999.0 -9999.0 -9999.0 -9999.0 -9999.0 -9999.0 -9999.0 -9999.0 -9999.0 -9999.0 -9999.0 -9999.0 -9999.0 -9999.0 -9999.0 -9999.0 -9999.0 -9999.0 -9999.0
-9999.0 -9999.0 -9999.0 -9999.0 -9999.0 -9999.0 -9999.0 -9999.0 -9999.0 -9999.0 -9999.0 -9999.0 -9999.0 0.519958 0.426015 0.224653 0.122509 0.495911 0.062559 0.272925 0.204930 0.450415 0.435320 0.510160 0.098048 0.068828 0.040058 0.020030 0.020030 0.040128 0.040047 0.040025 0.020025 0.020020 0.020022 -9999.0 -9999.0 -9999.0 -9999.0 -9999.0 -9999.0 -9999.0 -9999.0 -9999.0 -9999.0 -9999.0 -9999.0 -9999.0 -9999.0 -9999.0 -9999.0 -9999.0 -9999.0 -9999.0 -9999.0 -9999.0 -9999.0 -9999.0 -9999.0 -9999.0 -9999.0 -9999.0 -9999.0
-9999.0 -9999.0 -9999.0 -9999.0 -9999.0 -9999.0 -9999.0 -9999.0 -9999.0 -9999.0 -9999.0 -9999.0 -9999.0 0.376445 0.520000 0.302603 0.198783 0.140700 0.041362 0.152969 0.520000 0.187390 0.104681 0.058625 0.520000 0.077379 0.020035 0.020029 0.040019 0.020022 0.040012 0.020023 0.020020 0.020030 0.020018 -9999.0 -9999.0 -9999.0 -9999.0 -9999.0 -9999.0 -9999.0 -9999.0 -9999.0 -9999.0 -9999.0 -9999.0 -9999.0 -9999.0 -9999.0 -9999.0 -9999.0 -9999.0 -9999.0 -9999.0 -9999.0 -9999.0 -9999.0 -9999.0 -9999.0 -9999.0 -9999.0 -9999.0
-9999.0 -9999.0 -9999.0 -9999.0 -9999.0 -9999.0 -9999.0 -9999.0 -9999.0 -9999.0 -9999.0 -9999.0 0.418737 0.520000 0.468291 0.520000 0.459625 0.268955 0.408448 0.182626 0.389463 0.075129 0.062130 0.045456 0.040155 0.040038 0.040049 0.040026 0.040018 0.020024 0.040009 0.020041 0.040026 0.020019 -9999.0 -9999.0 -9999.0 -9999.0 -9999.0 -9999.0 -9999.0 -9999.0 -9999.0 -9999.0 -9999.0 -9999.0 -9999.0 -9999.0 -9999.0 -9999.0 -9999.0 -9999.0 -9999.0 -9999.0 -9999.0 -9999.0 -9999.0 -9999.0 -9999.0 -9999.0 -9999.0 -9999.0 -9999.0
-9999.0 -9999.0 -9999.0 -9999.0 -9999.0 -9999.0 -9999.0 -9999.0 -9999.0 -9999.0 -9999.0 0.040171 0.520000 0.520000 0.520000 0.520000 0.183629 0.335731 0.520000 0.200000 0.381743 0.520000 0.040632 0.040067 0.040152 0.040018 0.040009 0.040029 0.040022 0.020023 0.020026 0.040012 0.020027 0.020036 0.020035 0.020027 0.040024 0.040027 0.040022 -9999.0 -9999.0 -9999.0 0.020035 -9999.0 -9999.0 -9999.0 -9999.0 -9999.0 -9999.0 -9999.0 -9999.0 -9999.0 -9999.0 -9999.0 -9999.0 -9999.0 -9999.0 -9999.0 -9999.0 -9999.0 -9999.0 -9999.0 -9999.0
-9999.0 -9999.0 -9999.0 -9999.0 -9999.0 -9999.0 -9999.0 -9999.0 -9999.0 -9999.0 -9999.0 0.040090 0.520000 0.520000 0.520000 0.255098 0.424386 0.271589 0.444884 0.520000 0.520000 0.519965 0.040393 0.040074 0.040039 0.040037 0.040031 0.040023 0.020034 0.020023 0.040014 0.040029 0.040024 0.040008 0.040013 0.040014 0.040100 0.040140 0.040069 0.020024 0.020024 0.020023 0.040014 0.020028 -9999.0 -9999.0 -9999.0 0.040009 0.040011 0.020023 0.040015 0.020023 0.020022 0.040010 0.040011 0.020021 -9999.0 -9999.0 -9999.0 -9999.0 -9999.0 -9999.0 -9999.0
-9999.0 -9999.0 -9999.0 -9999.0 -9999.0 -9999.0 -9999.0 -9999.0 -9999.0 -9999.0 -9999.0 0.040067 0.128360 0.042749 0.520000 0.519939 0.520000 0.520000 0.520000 0.441826 0.520000 0.095830 0.040245 0.040073 0.040031 0.020035 0.040128 0.040046 0.020033 0.040013 0.020030 0.040020 0.040024 0.040016 0.020028 0.040025 0.040049 0.040035 0.040159 0.020046 0.040056 0.040015 0.040023 0.040038 0.040016 -9999.0 0.020020 0.040009 0.040014 0.040017 0.040018 0.020034 0.040015 0.040022 0.040012 0.040014 -9999.0 -9999.0 -9999.0 -9999.0 -9999.0 -9999.0 -9999.0
-9999.0 -9999.0 -9999.0 -9999.0 -9999.0 -9999.0 -9999.0 -9999.0 -9999.0 -9999.0 -9999.0 -9999.0 0.040136 0.040170 0.519578 0.519770 0.519999 0.394269 0.520000 0.510369 0.482076 0.040709 0.040163 0.040045 0.040063 0.040210 0.040273 0.040036 0.040013 0.020043 0.040032 0.040040 0.040044 0.040020 0.040015 0.040029 0.040209 0.042111 0.075671 0.040076 0.040177 0.020055 0.040032 0.040267 0.020045 0.040015 0.020024 0.040016 0.040015 0.040046 0.044050 0.040042 0.040040 0.040035 0.040021 0.040013 0.040017 -9999.0 -9999.0 -9999.0 -9999.0 -9999.0 -9999.0
-9999.0 -9999.0 -9999.0 -9999.0 -9999.0 -9999.0 -9999.0 -9999.0 -9999.0 -9999.0 -9999.0 0.040205 0.040159 0.127426 0.040177 0.040188 0.308900 0.520000 0.520000 0.389900 0.496238 0.040398 0.040194 0.040210 0.040222 0.040129 0.040048 0.040021 0.040025 0.020037 0.040117 0.040053 0.040053 0.040021 0.040011 0.040014 0.040031 0.040191 0.100799 0.040489 0.040208 0.050262 0.040195 0.020122 0.047369 0.040028 0.040016 0.020030 0.020037 0.048119 0.020060 0.040022 0.040017 0.020029 0.020026 0.020033 0.020024 -9999.0 -9999.0 -9999.0 -9999.0 -9999.0 -9999.0
-9999.0 -9999.0 -9999.0 -9999.0 -9999.0 -9999.0 -9999.0 -9999.0 -9999.0 -9999.0 0.040498 0.040055 0.040753 0.040853 0.390359 0.044080 0.040759 0.440112 0.230144 0.413629 0.520000 0.520000 0.041283 0.147181 0.056618 0.040148 0.040087 0.020052 0.040057 0.040238 0.040134 0.040066 0.040029 0.040013 0.020021 0.020030 0.040096 0.040044 0.040315 0.494624 0.512886 0.183915 0.196459 0.172069 0.043685 0.020039 0.040045 0.040041 0.040137 0.057940 0.020052 0.020025 0.020024 0.020027 0.020021 0.040014 0.040014 -9999.0 -9999.0 -9999.0 -9999.0 -9999.0 -9999.0
-9999.0 -9999.0 -9999.0 -9999.0 -9999.0 -9999.0 -9999.0 -9999.0 -9999.0 0.040031 0.040032 0.040060 0.040151 0.040874 0.040140 0.040149 0.042677 0.520000 0.346461 0.240763 0.520000 0.342350 0.446255 0.447212 0.512901 0.040125 0.040123 0.040347 0.041253 0.042043 0.309374 0.040049 0.020032 0.020019 0.020024 0.020030 0.040022 0.040038 0.040042 0.040113 0.040117 0.042113 0.041588 0.485239 0.520000 0.046401 0.519715 0.040799 0.040816 0.520000 0.040018 0.020024 0.020026 0.020019 0.020023 0.040012 0.040028 0.020044 0.020024 -9999.0 -9999.0 -9999.0 -9999.0
-9999.0 -9999.0 -9999.0 -9999.0 -9999.0 -9999.0 -9999.0 -9999.0 -9999.0 0.040014 0.040015 0.040030 0.520000 0.086402 0.042030 0.040854 0.361207 0.520000 0.328766 0.380117 0.440570 0.343889 0.503429 0.520000 0.040310 0.040183 0.040924 0.096418 0.520000 0.519974 0.040312 0.040017 0.040017 0.040016 0.040013 0.020030 0.020033 0.020059 0.040036 0.040035 0.040045 0.040171 0.041070 0.520000 0.500130 0.465134 0.518749 0.474739 0.076738 0.420978 0.040024 0.040012 0.020020 0.040008 0.020024 0.040014 0.040016 0.040037 0.020051 -9999.0 -9999.0 -9999.0 -9999.0
-9999.0 -9999.0 -9999.0 -9999.0 -9999.0 -9999.0 -9999.0 -9999.0 -9999.0 -9999.0 0.040027 0.040030 0.040143 0.040912 0.434300 0.044676 0.180680 0.497225 0.331943 0.366880 0.520000 0.415096 0.282756 0.043669 0.040214 0.046518 0.361524 0.520000 0.040307 0.040112 0.040045 0.040046 0.040019 0.040019 0.040023 0.040052 0.040550 0.040995 0.020033 0.040016 0.040023 0.040279 0.142052 0.044400 0.081977 0.147501 0.520000 0.520000 0.513093 0.317243 0.040040 0.040015 0.020036 0.020033 0.040009 0.040009 0.040022 0.040151 0.040166 0.049522 -9999.0 -9999.0 -9999.0
-9999.0 -9999.0 -9999.0 -9999.0 -9999.0 -9999.0 -9999.0 -9999.0 -9999.0 -9999.0 0.040013 0.040040 0.040222 0.040214 0.520000 0.394465 0.421610 0.312273 0.299718 0.197788 0.148478 0.338379 0.076745 0.041284 0.046355 0.520000 0.520000 0.040337 0.040149 0.040022 0.040025 0.040027 0.020034 0.040016 0.040034 0.040043 0.040152 0.040128 0.040023 0.040020 0.040015 0.020051 0.040048 0.040116 0.041199 0.040977 0.048970 0.084301 0.520000 0.520000 0.040428 0.040019 0.040015 0.020021 0.020019 0.020021 0.040015 0.040294 0.520000 0.520000 -9999.0 -9999.0 -9999.0
-9999.0 -9999.0 -9999.0 -9999.0 -9999.0 -9999.0 -9999.0 -9999.0 0.040060 0.040031 0.040018 0.040024 0.040047 0.040050 0.040070 0.520000 0.285986 0.341539 0.304768 0.146196 0.110403 0.259016 0.300519 0.358687 0.478566 0.520000 0.520000 0.040255 0.040040 0.040012 0.020024 0.040015 0.040026 0.040017 0.040016 0.040039 0.111052 0.040168 0.040032 0.020030 0.020031 0.040031 0.020044 0.020032 0.020057 0.040246 0.040039 0.040459 0.089127 0.520000 0.041046 0.040034 0.040027 0.040010 0.020022 0.040018 0.020031 0.070680 0.520000 0.520000 -9999.0 -9999.0 -9999.0
-9999.0 -9999.0 -9999.0 -9999.0 -9999.0 -9999.0 -9999.0 -9999.0 0.020051 0.040041 0.040026 0.040019 0.040040 0.040060 0.040357 0.465032 0.408625 0.361685 0.241026 0.151207 0.441063 0.378546 0.369087 0.379903 0.290246 0.520000 0.520000 0.040131 0.020060 0.040020 0.040016 0.020047 0.040032 0.020049 0.040019 0.040088 0.225214 0.041319 0.040761 0.040065 0.040025 0.040013 0.020034 0.040071 0.040074 0.040045 0.020041 0.040054 0.041363 0.520000 0.520000 0.040134 0.040014 0.040016 0.040038 0.020051 0.040788 0.050994 0.520000 0.520000 0.178692 -9999.0 -9999.0
-9999.0 -9999.0 -9999.0 -9999.0 -9999.0 -9999.0 -9999.0 -9999.0 0.040026 0.040035 0.040070 0.040020 0.040024 0.020048 0.040286 0.040414 0.388742 0.393401 0.156673 0.370554 0.149460 0.273126 0.345215 0.175799 0.376183 0.448545 0.520000 0.040149 0.020054 0.040030 0.020051 0.040050 0.040033 0.040046 0.040032 0.164716 0.040201 0.520000 0.058362 0.040039 0.040024 0.020053 0.040061 0.040031 0.040110 0.040058 0.020030 0.040034 0.040072 0.220851 0.520000 0.041162 0.040033 0.040021 0.040894 0.040240 0.520000 0.520000 0.520000 0.520000 0.520000 -9999.0 -9999.0
-9999.0 -9999.0 -9999.0 -9999.0 -9999.0 -9999.0 -9999.0 -9999.0 0.020026 0.040067 0.040054 0.020039 0.040022 0.040039 0.040200 0.519939 0.347612 0.200294 0.433411 0.119147 0.175697 0.175995 0.277992 0.156624 0.229348 0.450003 0.051262 0.040084 0.040294 0.040053 0.040306 0.040057 0.040185 0.040661 0.040400 0.155174 0.520000 0.460805 0.444101 0.045817 0.040220 0.040280 0.040260 0.020057 0.040058 0.020038 0.040059 0.020045 0.040058 0.040730 0.167923 0.520000 0.122459 0.044963 0.520000 0.520000 0.520000 0.520000 0.520000 0.520000 0.520000 0.520000 -9999.0
-9999.0 -9999.0 -9999.0 -9999.0 -9999.0 -9999.0 -9999.0 -9999.0 0.040017 0.040040 0.040058 0.040111 0.040042 0.040091 0.520000 0.520000 0.520000 0.432866 0.443953 0.372250 0.161992 0.230274 0.182052 0.176110 0.408624 0.389101 0.040296 0.045952 0.509435 0.042073 0.042610 0.040673 0.520000 0.520000 0.517059 0.520000 0.520000 0.448783 0.520000 0.520000 0.520000 0.510575 0.177164 0.201624 0.040744 0.049941 0.041854 0.040170 0.041408 0.308364 0.520000 0.401874 0.500046 0.476513 0.520000 0.520000 0.520000 0.520000 0.520000 0.520000 0.520000 0.520000 -9999.0
-9999.0 -9999.0 0.040040 0.040077 0.040037 0.040171 0.040041 0.040030 0.040025 0.040035 0.040045 0.040188 0.040104 0.519965 0.520000 0.520000 0.074009 0.040271 0.040973 0.491745 0.356719 0.358132 0.520000 0.093673 0.212690 0.334253 0.387724 0.418812 0.520000 0.520000 0.388736 0.520000 0.520000 0.520000 0.520000 0.445260 0.486655 0.412051 0.520000 0.504281 0.520000 0.520000 0.520000 0.520000 0.507677 0.514509 0.520000 0.520000 0.520000 0.488135 0.433414 0.344013 0.520000 0.520000 0.520000 0.520000 0.520000 0.520000 0.520000 0.520000 0.520000 0.520000 -9999.0
-9999.0 0.040893 0.040112 0.040153 0.040184 0.040046 0.040041 0.040047 0.040026 0.040019 0.040077 0.040236 0.043933 0.520000 0.520000 0.040933 0.040164 0.040155 0.040193 0.461974 0.347545 0.520000 0.520000 0.520000 0.182893 0.177055 0.268802 0.350913 0.520000 0.520000 0.360561 0.468051 0.520000 0.520000 0.512606 0.418742 0.428002 0.329589 0.520000 0.445020 0.440277 0.520000 0.520000 0.467897 0.400408 0.352128 0.520000 0.467689 0.442600 0.520000 0.518393 0.520000 0.520000 0.520000 0.520000 0.520000 0.520000 0.520000 0.520000 0.520000 0.188103 0.520000 -9999.0
-9999.0 0.040144 0.040155 0.040152 0.520000 0.040136 0.040061 0.040044 0.040023 0.040017 0.040059 0.040147 0.041362 0.520000 0.040150 0.040065 0.040027 0.040137 0.040060 0.040241 0.520000 0.520000 0.520000 0.520000 0.520000 0.326259 0.090033 0.105302 0.390333 0.345090 0.137152 0.199201 0.520000 0.520000 0.520000 0.520000 0.520000 0.439545 0.517862 0.366845 0.469564 0.520000 0.520000 0.172981 0.088005 0.173416 0.349756 0.492682 0.503574 0.520000 0.520000 0.520000 0.520000 0.520000 0.520000 0.051509 0.040324 0.048815 0.054498 0.043407 0.056604 -9999.0 -9999.0
-9999.0 0.040187 0.040164 0.040246 0.520000 0.471650 0.520000 0.040103 0.040150 0.040078 0.040154 0.059444 0.520000 0.118630 0.040044 0.040032 0.040048 0.040038 0.040027 0.040095 0.044648 0.060584 0.292486 0.520000 0.520000 0.520000 0.520000 0.520000 0.211970 0.387309 0.125058 0.095805 0.520000 0.520000 0.520000 0.399918 0.463116 0.390976 0.395557 0.364531 0.364967 0.455684 0.481127 0.101426 0.093022 0.520000 0.473477 0.520000 0.520000 0.520000 0.520000 0.520000 0.060911 0.062384 0.041267 0.040147 0.040143 0.040105 0.040205 -9999.0 -9999.0 -9999.0 -9999.0
