erum2020/resources/simulation/Vinschgau/output-maps/thetaliqL0001N0084.asc
ncols         63
nrows         48
xllcorner     598000.000000
yllcorner     5145000.000000
cellsize      1000.000000
NODATA_value  -9999.0
[rows 0 to 28 of 48, columns 0 to 62 of 63]
-9999.0 -9999.0 -9999.0 -9999.0 -9999.0 -9999.0 -9999.0 -9999.0 -9999.0 -9999.0 -9999.0 -9999.0 -9999.0 -9999.0 -9999.0 -9999.0 -9999.0 -9999.0 -9999.0 -9999.0 -9999.0 -9999.0 -9999.0 -9999.0 -9999.0 -9999.0 -9999.0 -9999.0 -9999.0 -9999.0 -9999.0 -9999.0 -9999.0 -9999.0 -9999.0 -9999.0 -9999.0 -9999.0 -9999.0 -9999.0 -9999.0 -9999.0 -9999.0 -9999.0 -9999.0 -9999.0 -9999.0 -9999.0 -9999.0 -9999.0 -9999.0 -9999.0 -9999.0 -9999.0 -9999.0 -9999.0 -9999.0 -9999.0 -9999.0 -9999.0 -9999.0 -9999.0 -9999.0
-9999.0 -9999.0 -9999.0 -9999.0 -9999.0 -9999.0 -9999.0 -9999.0 -9999.0 -9999.0 -9999.0 -9999.0 -9999.0 -9999.0 -9999.0 -9999.0 -9999.0 -9999.0 -9999.0 -9999.0 -9999.0 -9999.0 -9999.0 -9999.0 -9999.0 -9999.0 -9999.0 0.020174 0.040102 0.020134 0.040130 0.040123 0.040115 -9999.0 -9999.0 -9999.0 -9999.0 -9999.0 -9999.0 -9999.0 -9999.0 -9999.0 -9999.0 -9999.0 -9999.0 -9999.0 -9999.0 -9999.0 -9999.0 -9999.0 -9999.0 -9999.0 -9999.0 -9999.0 -9999.0 -9999.0 -9999.0 -9999.0 -9999.0 -9999.0 -9999.0 -9999.0 -9999.0
-9999.0 -9999.0 -9999.0 -9999.0 -9999.0 -9999.0 -9999.0 -9999.0 -9999.0 -9999.0 -9999.0 -9999.0 -9999.0 -9999.0 -9999.0 -9999.0 -9999.0 -9999.0 -9999.0 -9999.0 -9999.0 -9999.0 -9999.0 -9999.0 0.040933 0.040162 0.040094 0.040105 0.040097 0.040098 0.040126 -9999.0 -9999.0 -9999.0 -9999.0 -9999.0 -9999.0 -9999.0 -9999.0 -9999.0 -9999.0 -9999.0 -9999.0 -9999.0 -9999.0 -9999.0 -9999.0 -9999.0 -9999.0 -9999.0 -9999.0 -9999.0 -9999.0 -9999.0 -9999.0 -9999.0 -9999.0 -9999.0 -9999.0 -9999.0 -9999.0 -9999.0 -9999.0
-9999.0 -9999.0 -9999.0 -9999.0 -9999.0 -9999.0 -9999.0 -9999.0 -9999.0 -9999.0 -9999.0 -9999.0 -9999.0 -9999.0 -9999.0 -9999.0 -9999.0 -9999.0 -9999.0 -9999.0 -9999.0 -9999.0 -9999.0 0.040187 0.040388 0.065102 0.045882 0.055379 0.041870 0.040083 0.040098 0.040128 -9999.0 -9999.0 -9999.0 -9999.0 -9999.0 -9999.0 -9999.0 -9999.0 -9999.0 -9999.0 -9999.0 -9999.0 -9999.0 -9999.0 -9999.0 -9999.0 -9999.0 -9999.0 -9999.0 -9999.0 -9999.0 -9999.0 -9999.0 -9999.0 -9999.0 -9999.0 -9999.0 -9999.0 -9999.0 -9999.0 -9999.0
-9999.0 -9999.0 -9999.0 -9999.0 -9999.0 -9999.0 -9999.0 -9999.0 -9999.0 -9999.0 -9999.0 -9999.0 -9999.0 -9999.0 -9999.0 -9999.0 -9999.0 -9999.0 0.046538 0.044564 -9999.0 0.040378 0.040450 0.152463 0.048205 0.042606 0.040195 0.040208 0.041530 0.040934 0.040091 0.040096 0.020130 0.020129 -9999.0 -9999.0 -9999.0 -9999.0 -9999.0 -9999.0 -9999.0 -9999.0 -9999.0 -9999.0 -9999.0 -9999.0 -9999.0 -9999.0 -9999.0 -9999.0 -9999.0 -9999.0 -9999.0 -9999.0 -9999.0 -9999.0 -9999.0 -9999.0 -9999.0 -9999.0 -9999.0 -9999.0 -9999.0
-9999.0 -9999.0 -9999.0 -9999.0 -9999.0 -9999.0 -9999.0 -9999.0 -9999.0 -9999.0 -9999.0 -9999.0 -9999.0 -9999.0 -9999.0 -9999.0 -9999.0 0.040017 0.042531 0.020102 0.020142 0.040449 0.040737 0.040373 0.040421 0.041401 0.041055 0.042617 0.040153 0.040228 0.046572 0.040079 0.020119 0.020115 0.020140 0.020083 -9999.0 -9999.0 -9999.0 -9999.0 -9999.0 -9999.0 -9999.0 -9999.0 -9999.0 -9999.0 -9999.0 -9999.0 -9999.0 -9999.0 -9999.0 -9999.0 -9999.0 -9999.0 -9999.0 -9999.0 -9999.0 -9999.0 -9999.0 -9999.0 -9999.0 -9999.0 -9999.0
-9999.0 -9999.0 -9999.0 -9999.0 -9999.0 -9999.0 -9999.0 -9999.0 -9999.0 -9999.0 -9999.0 -9999.0 -9999.0 0.040181 0.041589 0.042448 0.041459 0.020080 0.040016 0.043059 0.043255 0.048670 0.041313 0.040338 0.040052 0.040117 0.020148 0.040123 0.040148 0.040472 0.040336 0.040104 0.040107 0.040082 0.020067 0.020058 -9999.0 -9999.0 -9999.0 -9999.0 -9999.0 -9999.0 -9999.0 -9999.0 -9999.0 -9999.0 -9999.0 -9999.0 -9999.0 -9999.0 -9999.0 -9999.0 -9999.0 -9999.0 -9999.0 -9999.0 -9999.0 -9999.0 -9999.0 -9999.0 -9999.0 -9999.0 -9999.0
-9999.0 -9999.0 -9999.0 -9999.0 -9999.0 -9999.0 -9999.0 -9999.0 -9999.0 -9999.0 -9999.0 -9999.0 -9999.0 0.043376 0.043511 0.040597 0.040541 0.042611 0.020065 0.043301 0.040183 0.040301 0.040374 0.040341 0.040496 0.040110 0.040097 0.020150 0.020136 0.040140 0.040164 0.040088 0.020064 0.020050 0.020051 -9999.0 -9999.0 -9999.0 -9999.0 -9999.0 -9999.0 -9999.0 -9999.0 -9999.0 -9999.0 -9999.0 -9999.0 -9999.0 -9999.0 -9999.0 -9999.0 -9999.0 -9999.0 -9999.0 -9999.0 -9999.0 -9999.0 -9999.0 -9999.0 -9999.0 -9999.0 -9999.0 -9999.0
-9999.0 -9999.0 -9999.0 -9999.0 -9999.0 -9999.0 -9999.0 -9999.0 -9999.0 -9999.0 -9999.0 -9999.0 -9999.0 0.041930 0.041275 0.044315 0.040397 0.040363 0.020066 0.040036 0.040354 0.020107 0.044287 0.040520 0.041007 0.044444 0.020139 0.020136 0.040106 0.020089 0.040105 0.020058 0.020056 0.020048 0.020046 -9999.0 -9999.0 -9999.0 -9999.0 -9999.0 -9999.0 -9999.0 -9999.0 -9999.0 -9999.0 -9999.0 -9999.0 -9999.0 -9999.0 -9999.0 -9999.0 -9999.0 -9999.0 -9999.0 -9999.0 -9999.0 -9999.0 -9999.0 -9999.0 -9999.0 -9999.0 -9999.0 -9999.0
-9999.0 -9999.0 -9999.0 -9999.0 -9999.0 -9999.0 -9999.0 -9999.0 -9999.0 -9999.0 -9999.0 -9999.0 0.043599 0.043450 0.044311 0.040060 0.041773 0.040228 0.046227 0.020038 0.040506 0.040113 0.040155 0.040389 0.040344 0.040109 0.040425 0.040121 0.040093 0.020097 0.040103 0.020125 0.040072 0.020075 -9999.0 -9999.0 -9999.0 -9999.0 -9999.0 -9999.0 -9999.0 -9999.0 -9999.0 -9999.0 -9999.0 -9999.0 -9999.0 -9999.0 -9999.0 -9999.0 -9999.0 -9999.0 -9999.0 -9999.0 -9999.0 -9999.0 -9999.0 -9999.0 -9999.0 -9999.0 -9999.0 -9999.0 -9999.0
-9999.0 -9999.0 -9999.0 -9999.0 -9999.0 -9999.0 -9999.0 -9999.0 -9999.0 -9999.0 -9999.0 0.041312 0.040364 0.041415 0.040080 0.040136 0.020113 0.040180 0.045661 0.020039 0.040887 0.043656 0.040121 0.040123 0.040117 0.040118 0.040120 0.040116 0.040082 0.020073 0.020148 0.040068 0.020108 0.020065 0.020080 0.020044 0.040012 0.040011 0.040011 -9999.0 -9999.0 -9999.0 0.020069 -9999.0 -9999.0 -9999.0 -9999.0 -9999.0 -9999.0 -9999.0 -9999.0 -9999.0 -9999.0 -9999.0 -9999.0 -9999.0 -9999.0 -9999.0 -9999.0 -9999.0 -9999.0 -9999.0 -9999.0
-9999.0 -9999.0 -9999.0 -9999.0 -9999.0 -9999.0 -9999.0 -9999.0 -9999.0 -9999.0 -9999.0 0.040202 0.040488 0.040774 0.042938 0.040218 0.042030 0.042624 0.046608 0.043117 0.041283 0.045038 0.040191 0.040139 0.040114 0.040125 0.040122 0.040108 0.020145 0.020150 0.040085 0.040054 0.040060 0.040066 0.040038 0.040013 0.040013 0.040004 0.040007 0.020019 0.020024 0.020033 0.040031 0.020094 -9999.0 -9999.0 -9999.0 0.045326 0.052173 0.020377 0.066942 0.020905 0.020934 0.227171 0.292590 0.045224 -9999.0 -9999.0 -9999.0 -9999.0 -9999.0 -9999.0 -9999.0
-9999.0 -9999.0 -9999.0 -9999.0 -9999.0 -9999.0 -9999.0 -9999.0 -9999.0 -9999.0 -9999.0 0.040332 0.040257 0.040069 0.040395 0.040088 0.040623 0.040152 0.046284 0.043909 0.040858 0.041359 0.041066 0.040204 0.040127 0.020179 0.040159 0.040111 0.020150 0.040121 0.020140 0.040067 0.040051 0.040052 0.020051 0.040013 0.040000 0.040073 0.152307 0.020012 0.040008 0.040012 0.040024 0.040038 0.040077 -9999.0 0.020179 0.041861 0.055181 0.058758 0.054646 0.020575 0.207368 0.502463 0.520000 0.341528 -9999.0 -9999.0 -9999.0 -9999.0 -9999.0 -9999.0 -9999.0
-9999.0 -9999.0 -9999.0 -9999.0 -9999.0 -9999.0 -9999.0 -9999.0 -9999.0 -9999.0 -9999.0 -9999.0 0.041036 0.040422 0.053334 0.047788 0.040221 0.040161 0.046224 0.043865 0.040984 0.041523 0.041639 0.041266 0.040110 0.040357 0.043866 0.040120 0.040131 0.020163 0.040094 0.040064 0.040058 0.040053 0.040066 0.040012 0.040003 0.040017 0.083675 0.043226 0.040009 0.020037 0.040020 0.040369 0.020101 0.040172 0.020187 0.041179 0.040264 0.040196 0.040315 0.186772 0.046238 0.166678 0.041682 0.040772 0.178096 -9999.0 -9999.0 -9999.0 -9999.0 -9999.0 -9999.0
-9999.0 -9999.0 -9999.0 -9999.0 -9999.0 -9999.0 -9999.0 -9999.0 -9999.0 -9999.0 -9999.0 0.041648 0.040150 0.040477 0.042487 0.042241 0.040516 0.040141 0.043211 0.040016 0.041643 0.041226 0.041174 0.040276 0.040480 0.041653 0.040417 0.040125 0.040149 0.020136 0.040076 0.040055 0.040166 0.040057 0.040024 0.040016 0.040006 0.040056 0.040031 0.040005 0.040021 0.040009 0.040053 0.020046 0.042858 0.040169 0.040778 0.020149 0.020308 0.040040 0.020216 0.040198 0.040288 0.020219 0.020231 0.020216 0.021514 -9999.0 -9999.0 -9999.0 -9999.0 -9999.0 -9999.0
-9999.0 -9999.0 -9999.0 -9999.0 -9999.0 -9999.0 -9999.0 -9999.0 -9999.0 -9999.0 0.042125 0.050824 0.055113 0.040189 0.066263 0.040461 0.040102 0.040519 0.042717 0.040097 0.042992 0.040342 0.042499 0.048048 0.043475 0.040510 0.040112 0.020147 0.042405 0.041709 0.040433 0.040079 0.040075 0.040075 0.020044 0.020049 0.040013 0.040004 0.040004 0.040013 0.040010 0.020027 0.020030 0.040021 0.040169 0.020104 0.041021 0.040068 0.040421 0.040164 0.020233 0.020206 0.020205 0.020196 0.020209 0.352335 0.359575 -9999.0 -9999.0 -9999.0 -9999.0 -9999.0 -9999.0
-9999.0 -9999.0 -9999.0 -9999.0 -9999.0 -9999.0 -9999.0 -9999.0 -9999.0 0.040176 0.041395 0.042731 0.041637 0.044929 0.045290 0.040249 0.040449 0.043620 0.044367 0.040014 0.045069 0.041490 0.041720 0.041553 0.040438 0.040109 0.040095 0.044258 0.042531 0.041043 0.040261 0.040082 0.020080 0.020073 0.020077 0.020049 0.040034 0.040018 0.040022 0.040015 0.040004 0.040030 0.040035 0.040012 0.040032 0.040306 0.049769 0.040109 0.040129 0.040393 0.040151 0.020582 0.020192 0.020246 0.020747 0.053999 0.228608 0.200000 0.106982 -9999.0 -9999.0 -9999.0 -9999.0
-9999.0 -9999.0 -9999.0 -9999.0 -9999.0 -9999.0 -9999.0 -9999.0 -9999.0 0.040169 0.040165 0.040150 0.045544 0.041517 0.059650 0.052790 0.138546 0.040485 0.040483 0.047862 0.047046 0.047850 0.040331 0.041679 0.040125 0.040370 0.042197 0.042939 0.040340 0.040162 0.040059 0.040085 0.040106 0.040106 0.040076 0.020090 0.020079 0.020066 0.040053 0.040045 0.040213 0.040067 0.040066 0.040036 0.040014 0.040058 0.040713 0.042279 0.041487 0.040163 0.040367 0.041010 0.020417 0.040288 0.020236 0.044103 0.218728 0.221722 0.200000 -9999.0 -9999.0 -9999.0 -9999.0
-9999.0 -9999.0 -9999.0 -9999.0 -9999.0 -9999.0 -9999.0 -9999.0 -9999.0 -9999.0 0.040164 0.040187 0.040603 0.040875 0.040344 0.050112 0.042541 0.042142 0.040000 0.040152 0.042770 0.040548 0.042498 0.043961 0.040387 0.043193 0.045379 0.042779 0.040108 0.040108 0.040121 0.040386 0.040127 0.040136 0.040077 0.040252 0.040268 0.040059 0.020094 0.040088 0.040081 0.040100 0.040064 0.040117 0.040045 0.040018 0.040058 0.040313 0.054396 0.040792 0.040406 0.043269 0.021384 0.020713 0.040532 0.040243 0.044420 0.044133 0.114508 0.177688 -9999.0 -9999.0 -9999.0
-9999.0 -9999.0 -9999.0 -9999.0 -9999.0 -9999.0 -9999.0 -9999.0 -9999.0 -9999.0 0.040161 0.040164 0.040775 0.042952 0.045922 0.041625 0.040462 0.044134 0.040077 0.040390 0.044101 0.042998 0.047502 0.041550 0.043009 0.044287 0.040510 0.040318 0.040143 0.040121 0.040128 0.040436 0.020145 0.040133 0.040124 0.040093 0.040048 0.040053 0.040077 0.040120 0.040169 0.020150 0.040247 0.040133 0.041392 0.040751 0.041086 0.040049 0.040028 0.042051 0.040739 0.061649 0.067215 0.020833 0.020576 0.038279 0.040242 0.270060 0.040000 0.044899 -9999.0 -9999.0 -9999.0
-9999.0 -9999.0 -9999.0 -9999.0 -9999.0 -9999.0 -9999.0 -9999.0 0.065373 0.063925 0.040418 0.040580 0.043103 0.041356 0.042612 0.045565 0.042935 0.052003 0.042754 0.041303 0.040085 0.040014 0.045098 0.043547 0.042516 0.040020 0.040339 0.040191 0.040384 0.040133 0.020122 0.040139 0.040146 0.040147 0.040260 0.040125 0.040425 0.040053 0.040104 0.020164 0.020167 0.040145 0.020166 0.020163 0.020251 0.048961 0.040166 0.125739 0.040079 0.040282 0.040620 0.059218 0.172544 0.043702 0.075911 0.490997 0.200000 0.161771 0.047272 0.040202 -9999.0 -9999.0 -9999.0
-9999.0 -9999.0 -9999.0 -9999.0 -9999.0 -9999.0 -9999.0 -9999.0 0.020845 0.071481 0.040181 0.040151 0.040154 0.042931 0.048719 0.040137 0.041136 0.041102 0.040081 0.048381 0.051056 0.322593 0.042746 0.044425 0.040028 0.040028 0.040836 0.040291 0.020153 0.040272 0.040316 0.020170 0.040314 0.020205 0.042364 0.042242 0.040218 0.040260 0.040126 0.041290 0.040154 0.040144 0.020181 0.048321 0.041761 0.048283 0.020191 0.040189 0.040189 0.041404 0.040768 0.042498 0.143161 0.417583 0.080195 0.054036 0.195493 0.041902 0.052293 0.121168 0.106338 -9999.0 -9999.0
-9999.0 -9999.0 -9999.0 -9999.0 -9999.0 -9999.0 -9999.0 -9999.0 0.040149 0.041169 0.076017 0.040360 0.040833 0.020198 0.139915 0.041308 0.045142 0.044544 0.040111 0.041179 0.051136 0.251142 0.321399 0.067986 0.327272 0.040864 0.040396 0.040165 0.020144 0.040130 0.020166 0.041649 0.040135 0.040151 0.049653 0.050211 0.041100 0.040424 0.040172 0.040328 0.040357 0.020208 0.049986 0.040354 0.040296 0.040200 0.020604 0.069035 0.041159 0.040319 0.040108 0.042462 0.077253 0.042193 0.046244 0.046553 0.045476 0.062953 0.078033 0.055415 0.068310 -9999.0 -9999.0
-9999.0 -9999.0 -9999.0 -9999.0 -9999.0 -9999.0 -9999.0 -9999.0 0.020185 0.040631 0.043057 0.020173 0.094093 0.110757 0.049065 0.041189 0.040000 0.040071 0.040051 0.040092 0.042576 0.049077 0.245340 0.235722 0.041352 0.041156 0.043764 0.040181 0.045850 0.046291 0.040167 0.040201 0.072599 0.041822 0.040166 0.040911 0.040405 0.041871 0.040464 0.040221 0.046755 0.060525 0.063194 0.020195 0.055683 0.020602 0.102404 0.020345 0.074131 0.040917 0.040642 0.040405 0.044874 0.045846 0.045100 0.051976 0.071756 0.040013 0.059280 0.065377 0.040286 0.040989 -9999.0
-9999.0 -9999.0 -9999.0 -9999.0 -9999.0 -9999.0 -9999.0 -9999.0 0.040375 0.041662 0.052078 0.087473 0.048125 0.041510 0.045428 0.042627 0.040206 0.040069 0.040397 0.040730 0.040070 0.046937 0.064757 0.061455 0.046548 0.042827 0.040865 0.045951 0.048008 0.041253 0.042216 0.042040 0.043403 0.042033 0.040180 0.042650 0.043049 0.046175 0.040208 0.041053 0.040427 0.046393 0.048023 0.046601 0.040158 0.058529 0.041432 0.041145 0.052862 0.043339 0.046024 0.040001 0.040822 0.058545 0.061962 0.056958 0.082724 0.072189 0.041583 0.040044 0.040001 0.040524 -9999.0
-9999.0 -9999.0 0.040198 0.041038 0.041957 0.040322 0.057697 0.040305 0.040740 0.042025 0.041413 0.040623 0.040796 0.040804 0.047995 0.040288 0.040114 0.040664 0.040987 0.040587 0.041163 0.040556 0.066665 0.040013 0.040195 0.043819 0.044552 0.042030 0.046006 0.041508 0.052458 0.044536 0.046495 0.041025 0.043095 0.042705 0.048154 0.051454 0.041143 0.041122 0.040864 0.042264 0.040769 0.040550 0.045795 0.042030 0.043746 0.043993 0.045481 0.057372 0.069250 0.064125 0.099535 0.082941 0.056487 0.041877 0.040259 0.040109 0.040004 0.040056 0.041646 0.045897 -9999.0
-9999.0 0.051019 0.050778 0.061483 0.044934 0.069301 0.044394 0.040431 0.040383 0.040229 0.047476 0.054467 0.040760 0.052240 0.041041 0.048998 0.041620 0.040773 0.048961 0.040941 0.043657 0.040137 0.129765 0.044246 0.274631 0.040464 0.049922 0.047798 0.040348 0.045227 0.048651 0.046944 0.046539 0.050625 0.050829 0.050183 0.051389 0.042664 0.050366 0.049350 0.049319 0.045967 0.044513 0.042681 0.044558 0.045724 0.044275 0.040001 0.079068 0.040004 0.050074 0.041300 0.040260 0.040316 0.040024 0.040003 0.040500 0.040415 0.040465 0.041103 0.091511 0.081401 -9999.0
-9999.0 0.043353 0.042206 0.043057 0.064947 0.042362 0.047654 0.040202 0.040461 0.040312 0.042364 0.061028 0.040687 0.043191 0.040182 0.041168 0.040344 0.040255 0.043737 0.040963 0.041468 0.042394 0.040393 0.040062 0.042314 0.046946 0.056219 0.077890 0.060060 0.050323 0.050700 0.043163 0.040892 0.077555 0.378128 0.176093 0.520000 0.470752 0.520000 0.405318 0.184934 0.108571 0.067361 0.045835 0.050064 0.050311 0.171574 0.105842 0.046596 0.044631 0.040014 0.040001 0.040683 0.040002 0.040529 0.040447 0.040479 0.044887 0.055534 0.306461 0.341838 -9999.0 -9999.0
-9999.0 0.043592 0.040123 0.040463 0.043622 0.050217 0.053294 0.066964 0.057726 0.079397 0.121811 0.041716 0.043051 0.041472 0.064873 0.044888 0.040808 0.049052 0.040457 0.040163 0.042239 0.040538 0.043964 0.050572 0.047381 0.049593 0.048966 0.047954 0.048137 0.046068 0.044780 0.088202 0.085860 0.070575 0.101302 0.075746 0.254213 0.494378 0.510184 0.418874 0.259049 0.520000 0.129328 0.119867 0.099679 0.096960 0.048441 0.040832 0.040006 0.040000 0.040367 0.040411 0.040493 0.040386 0.040964 0.079015 0.215302 0.277962 0.279767 -9999.0 -9999.0 -9999.0 -9999.0
