erum2020/resources/simulation/Vinschgau/output-maps/thetaliqL0004N0295.asc
ncols         63
nrows         48
xllcorner     598000.000000
yllcorner     5145000.000000
cellsize      1000.000000
NODATA_value  -9999.0
[rows 0 to 28 of 48, columns 0 to 62 of 63]
-9999.0 -9999.0 -9999.0 -9999.0 -9999.0 -9999.0 -9999.0 -9999.0 -9999.0 -9999.0 -9999.0 -9999.0 -9999.0 -9999.0 -9999.0 -9999.0 -9999.0 -9999.0 -9999.0 -9999.0 -9999.0 -9999.0 -9999.0 -9999.0 -9999.0 -9999.0 -9999.0 -9999.0 -9999.0 -9999.0 -9999.0 -9999.0 -9999.0 -9999.0 -9999.0 -9999.0 -9999.0 -9999.0 -9999.0 -9999.0 -9999.0 -9999.0 -9999.0 -9999.0 -9999.0 -9999.0 -9999.0 -9999.0 -9999.0 -9999.0 -9999.0 -9999.0 -9999.0 -9999.0 -9999.0 -9999.0 -9999.0 -9999.0 -9999.0 -9999.0 -9999.0 -9999.0 -9999.0
-9999.0 -9999.0 -9999.0 -9999.0 -9999.0 -9999.0 -9999.0 -9999.0 -9999.0 -9999.0 -9999.0 -9999.0 -9999.0 -9999.0 -9999.0 -9999.0 -9999.0 -9999.0 -9999.0 -9999.0 -9999.0 -9999.0 -9999.0 -9999.0 -9999.0 -9999.0 -9999.0 0.020023 0.040009 0.020028 0.040006 0.040005 0.040005 -9999.0 -9999.0 -9999.0 -9999.0 -9999.0 -9999.0 -9999.0 -9999.0 -9999.0 -9999.0 -9999.0 -9999.0 -9999.0 -9999.0 -9999.0 -9999.0 -9999.0 -9999.0 -9999.0 -9999.0 -9999.0 -9999.0 -9999.0 -9999.0 -9999.0 -9999.0 -9999.0 -9999.0 -9999.0 -9999.0
-9999.0 -9999.0 -9999.0 -9999.0 -9999.0 -9999.0 -9999.0 -9999.0 -9999.0 -9999.0 -9999.0 -9999.0 -9999.0 -9999.0 -9999.0 -9999.0 -9999.0 -9999.0 -9999.0 -9999.0 -9999.0 -9999.0 -9999.0 -9999.0 0.040011 0.040015 0.040014 0.040013 0.040014 0.040013 0.040006 -9999.0 -9999.0 -9999.0 -9999.0 -9999.0 -9999.0 -9999.0 -9999.0 -9999.0 -9999.0 -9999.0 -9999.0 -9999.0 -9999.0 -9999.0 -9999.0 -9999.0 -9999.0 -9999.0 -9999.0 -9999.0 -9999.0 -9999.0 -9999.0 -9999.0 -9999.0 -9999.0 -9999.0 -9999.0 -9999.0 -9999.0 -9999.0
-9999.0 -9999.0 -9999.0 -9999.0 -9999.0 -9999.0 -9999.0 -9999.0 -9999.0 -9999.0 -9999.0 -9999.0 -9999.0 -9999.0 -9999.0 -9999.0 -9999.0 -9999.0 -9999.0 -9999.0 -9999.0 -9999.0 -9999.0 0.040013 0.040016 0.040010 0.040012 0.040010 0.040011 0.040013 0.040008 0.040006 -9999.0 -9999.0 -9999.0 -9999.0 -9999.0 -9999.0 -9999.0 -9999.0 -9999.0 -9999.0 -9999.0 -9999.0 -9999.0 -9999.0 -9999.0 -9999.0 -9999.0 -9999.0 -9999.0 -9999.0 -9999.0 -9999.0 -9999.0 -9999.0 -9999.0 -9999.0 -9999.0 -9999.0 -9999.0 -9999.0 -9999.0
-9999.0 -9999.0 -9999.0 -9999.0 -9999.0 -9999.0 -9999.0 -9999.0 -9999.0 -9999.0 -9999.0 -9999.0 -9999.0 -9999.0 -9999.0 -9999.0 -9999.0 -9999.0 0.044172 0.040015 -9999.0 0.040012 0.040018 0.040012 0.040021 0.362106 0.040013 0.040011 0.512267 0.040011 0.040012 0.040008 0.020023 0.020017 -9999.0 -9999.0 -9999.0 -9999.0 -9999.0 -9999.0 -9999.0 -9999.0 -9999.0 -9999.0 -9999.0 -9999.0 -9999.0 -9999.0 -9999.0 -9999.0 -9999.0 -9999.0 -9999.0 -9999.0 -9999.0 -9999.0 -9999.0 -9999.0 -9999.0 -9999.0 -9999.0 -9999.0 -9999.0
-9999.0 -9999.0 -9999.0 -9999.0 -9999.0 -9999.0 -9999.0 -9999.0 -9999.0 -9999.0 -9999.0 -9999.0 -9999.0 -9999.0 -9999.0 -9999.0 -9999.0 0.040058 0.040024 0.020030 0.020040 0.040020 0.040015 0.040013 0.519807 0.040013 0.040007 0.040009 0.040008 0.040010 0.040012 0.040012 0.020028 0.020026 0.020018 0.020015 -9999.0 -9999.0 -9999.0 -9999.0 -9999.0 -9999.0 -9999.0 -9999.0 -9999.0 -9999.0 -9999.0 -9999.0 -9999.0 -9999.0 -9999.0 -9999.0 -9999.0 -9999.0 -9999.0 -9999.0 -9999.0 -9999.0 -9999.0 -9999.0 -9999.0 -9999.0 -9999.0
-9999.0 -9999.0 -9999.0 -9999.0 -9999.0 -9999.0 -9999.0 -9999.0 -9999.0 -9999.0 -9999.0 -9999.0 -9999.0 0.040010 0.040018 0.040016 0.040023 0.091252 0.040032 0.040013 0.040021 0.040027 0.040049 0.519081 0.040016 0.040007 0.020020 0.040007 0.040006 0.040008 0.040008 0.040006 0.040006 0.040004 0.020015 0.020014 -9999.0 -9999.0 -9999.0 -9999.0 -9999.0 -9999.0 -9999.0 -9999.0 -9999.0 -9999.0 -9999.0 -9999.0 -9999.0 -9999.0 -9999.0 -9999.0 -9999.0 -9999.0 -9999.0 -9999.0 -9999.0 -9999.0 -9999.0 -9999.0 -9999.0 -9999.0 -9999.0
-9999.0 -9999.0 -9999.0 -9999.0 -9999.0 -9999.0 -9999.0 -9999.0 -9999.0 -9999.0 -9999.0 -9999.0 -9999.0 0.040020 0.040017 0.040018 0.040018 0.267147 0.093911 0.040029 0.131326 0.040015 0.040020 0.040018 0.040019 0.040011 0.040009 0.020018 0.020017 0.040006 0.040007 0.040004 0.020015 0.020014 0.020014 -9999.0 -9999.0 -9999.0 -9999.0 -9999.0 -9999.0 -9999.0 -9999.0 -9999.0 -9999.0 -9999.0 -9999.0 -9999.0 -9999.0 -9999.0 -9999.0 -9999.0 -9999.0 -9999.0 -9999.0 -9999.0 -9999.0 -9999.0 -9999.0 -9999.0 -9999.0 -9999.0 -9999.0
-9999.0 -9999.0 -9999.0 -9999.0 -9999.0 -9999.0 -9999.0 -9999.0 -9999.0 -9999.0 -9999.0 -9999.0 -9999.0 0.040016 0.040016 0.040103 0.040016 0.040019 0.093070 0.270322 0.040024 0.020023 0.040010 0.040009 0.040012 0.040013 0.020029 0.020017 0.040008 0.020015 0.040005 0.020013 0.020014 0.020013 0.020014 -9999.0 -9999.0 -9999.0 -9999.0 -9999.0 -9999.0 -9999.0 -9999.0 -9999.0 -9999.0 -9999.0 -9999.0 -9999.0 -9999.0 -9999.0 -9999.0 -9999.0 -9999.0 -9999.0 -9999.0 -9999.0 -9999.0 -9999.0 -9999.0 -9999.0 -9999.0 -9999.0 -9999.0
-9999.0 -9999.0 -9999.0 -9999.0 -9999.0 -9999.0 -9999.0 -9999.0 -9999.0 -9999.0 -9999.0 -9999.0 0.040020 0.040012 0.040089 0.040009 0.040032 0.040017 0.520000 0.020094 0.040020 0.040007 0.040009 0.040008 0.040017 0.040006 0.040008 0.040007 0.040012 0.020016 0.040004 0.020019 0.040006 0.020014 -9999.0 -9999.0 -9999.0 -9999.0 -9999.0 -9999.0 -9999.0 -9999.0 -9999.0 -9999.0 -9999.0 -9999.0 -9999.0 -9999.0 -9999.0 -9999.0 -9999.0 -9999.0 -9999.0 -9999.0 -9999.0 -9999.0 -9999.0 -9999.0 -9999.0 -9999.0 -9999.0 -9999.0 -9999.0
-9999.0 -9999.0 -9999.0 -9999.0 -9999.0 -9999.0 -9999.0 -9999.0 -9999.0 -9999.0 -9999.0 0.040011 0.040012 0.040032 0.040008 0.040009 0.020022 0.040014 0.520000 0.020094 0.040015 0.040012 0.040010 0.040007 0.040010 0.040007 0.040005 0.040009 0.040010 0.020015 0.020018 0.040009 0.020019 0.020016 0.020016 0.020017 0.040004 0.040018 0.382578 -9999.0 -9999.0 -9999.0 0.020015 -9999.0 -9999.0 -9999.0 -9999.0 -9999.0 -9999.0 -9999.0 -9999.0 -9999.0 -9999.0 -9999.0 -9999.0 -9999.0 -9999.0 -9999.0 -9999.0 -9999.0 -9999.0 -9999.0 -9999.0
-9999.0 -9999.0 -9999.0 -9999.0 -9999.0 -9999.0 -9999.0 -9999.0 -9999.0 -9999.0 -9999.0 0.040009 0.040010 0.040016 0.040014 0.040007 0.040016 0.040014 0.519977 0.515223 0.415664 0.040021 0.040012 0.040009 0.040008 0.040007 0.040009 0.040014 0.020023 0.020016 0.040009 0.040010 0.040007 0.040005 0.040004 0.040004 0.177841 0.061054 0.064426 0.020030 0.020013 0.020014 0.040005 0.020017 -9999.0 -9999.0 -9999.0 0.040164 0.040010 0.020029 0.040024 0.020038 0.020041 0.040885 0.041133 0.020047 -9999.0 -9999.0 -9999.0 -9999.0 -9999.0 -9999.0 -9999.0
-9999.0 -9999.0 -9999.0 -9999.0 -9999.0 -9999.0 -9999.0 -9999.0 -9999.0 -9999.0 -9999.0 0.040011 0.040009 0.040010 0.040015 0.040009 0.040017 0.040018 0.519910 0.520000 0.040027 0.040019 0.040017 0.040016 0.040006 0.020026 0.040017 0.040009 0.020019 0.040006 0.020017 0.040008 0.040009 0.040005 0.020016 0.040042 0.040026 0.040039 0.056361 0.020058 0.176038 0.040004 0.040006 0.040007 0.040006 -9999.0 0.020019 0.040009 0.040021 0.040038 0.040028 0.020064 0.043747 0.068722 0.052140 0.040486 -9999.0 -9999.0 -9999.0 -9999.0 -9999.0 -9999.0 -9999.0
-9999.0 -9999.0 -9999.0 -9999.0 -9999.0 -9999.0 -9999.0 -9999.0 -9999.0 -9999.0 -9999.0 -9999.0 0.040011 0.040015 0.040033 0.040015 0.040016 0.040018 0.520000 0.520000 0.040022 0.040018 0.040014 0.040018 0.040011 0.040019 0.040013 0.040006 0.040007 0.020021 0.040008 0.040011 0.040009 0.040005 0.040004 0.040004 0.040015 0.040027 0.086992 0.040118 0.356097 0.020089 0.040008 0.040008 0.020025 0.040008 0.020023 0.040009 0.040012 0.040019 0.040012 0.040025 0.040082 0.040148 0.040017 0.040018 0.040139 -9999.0 -9999.0 -9999.0 -9999.0 -9999.0 -9999.0
-9999.0 -9999.0 -9999.0 -9999.0 -9999.0 -9999.0 -9999.0 -9999.0 -9999.0 -9999.0 -9999.0 0.040028 0.040009 0.040009 0.040021 0.040021 0.040020 0.040017 0.516307 0.159340 0.040026 0.040020 0.040025 0.040019 0.040020 0.040016 0.040017 0.040006 0.040009 0.020028 0.040013 0.040014 0.040010 0.040006 0.040003 0.040005 0.040004 0.040018 0.040056 0.126992 0.040027 0.053358 0.040017 0.020031 0.040013 0.040008 0.040014 0.020042 0.020045 0.040017 0.020024 0.040008 0.040011 0.020022 0.020025 0.020023 0.020052 -9999.0 -9999.0 -9999.0 -9999.0 -9999.0 -9999.0
-9999.0 -9999.0 -9999.0 -9999.0 -9999.0 -9999.0 -9999.0 -9999.0 -9999.0 -9999.0 0.040033 0.040033 0.040041 0.040011 0.040070 0.040014 0.040012 0.040013 0.040036 0.162999 0.518737 0.040040 0.040014 0.040015 0.040015 0.040029 0.040008 0.020026 0.040017 0.040015 0.040012 0.040010 0.040007 0.040005 0.020013 0.020016 0.040005 0.040018 0.040032 0.149300 0.228305 0.020040 0.020038 0.040018 0.040011 0.020030 0.040014 0.040011 0.040014 0.040014 0.020047 0.020023 0.020023 0.020022 0.020024 0.040205 0.040233 -9999.0 -9999.0 -9999.0 -9999.0 -9999.0 -9999.0
-9999.0 -9999.0 -9999.0 -9999.0 -9999.0 -9999.0 -9999.0 -9999.0 -9999.0 0.040008 0.040029 0.040030 0.040013 0.040031 0.040049 0.040013 0.040010 0.040025 0.040173 0.369886 0.519924 0.040103 0.040022 0.193995 0.040028 0.040009 0.040016 0.040016 0.040015 0.040019 0.047283 0.040008 0.020016 0.020015 0.020016 0.020016 0.040005 0.040006 0.040006 0.040008 0.040050 0.040008 0.040008 0.054992 0.040017 0.040057 0.492857 0.040010 0.040021 0.044707 0.040027 0.020033 0.020020 0.020026 0.020036 0.040030 0.050209 0.021450 0.020090 -9999.0 -9999.0 -9999.0 -9999.0
-9999.0 -9999.0 -9999.0 -9999.0 -9999.0 -9999.0 -9999.0 -9999.0 -9999.0 0.040008 0.040008 0.040009 0.434721 0.040014 0.040025 0.040039 0.040069 0.040020 0.040442 0.434116 0.495975 0.508757 0.040040 0.040030 0.040009 0.040016 0.040012 0.040022 0.182081 0.040015 0.040015 0.040016 0.040006 0.040006 0.040008 0.020022 0.020021 0.020022 0.040005 0.040007 0.040007 0.040006 0.040009 0.040015 0.066706 0.447262 0.518176 0.040029 0.040082 0.040022 0.040036 0.040034 0.020026 0.040011 0.020024 0.040120 0.040298 0.040217 0.030054 -9999.0 -9999.0 -9999.0 -9999.0
-9999.0 -9999.0 -9999.0 -9999.0 -9999.0 -9999.0 -9999.0 -9999.0 -9999.0 -9999.0 0.040009 0.040009 0.040012 0.040022 0.040015 0.040022 0.040024 0.040068 0.055152 0.508258 0.509706 0.040039 0.040034 0.040019 0.040017 0.040022 0.045399 0.511560 0.040020 0.040007 0.040007 0.040016 0.040006 0.040005 0.040011 0.040011 0.040009 0.040009 0.020021 0.040005 0.040004 0.040012 0.040011 0.040008 0.040009 0.040012 0.040020 0.040028 0.460675 0.040046 0.040025 0.040060 0.020040 0.020028 0.040014 0.040010 0.040021 0.040027 0.040049 0.040045 -9999.0 -9999.0 -9999.0
-9999.0 -9999.0 -9999.0 -9999.0 -9999.0 -9999.0 -9999.0 -9999.0 -9999.0 -9999.0 0.040008 0.040009 0.040012 0.040023 0.519994 0.040022 0.040021 0.040060 0.342959 0.339459 0.235852 0.051142 0.040024 0.040011 0.040015 0.048971 0.519906 0.040027 0.040013 0.040005 0.040006 0.040009 0.020027 0.040005 0.040006 0.040007 0.040011 0.040013 0.040012 0.040005 0.040008 0.020026 0.040008 0.040007 0.040019 0.040010 0.040012 0.040011 0.131277 0.519594 0.040049 0.040075 0.049283 0.020042 0.020030 0.020044 0.040010 0.040604 0.053401 0.519663 -9999.0 -9999.0 -9999.0
-9999.0 -9999.0 -9999.0 -9999.0 -9999.0 -9999.0 -9999.0 -9999.0 0.040036 0.040042 0.040010 0.040011 0.040012 0.040012 0.040021 0.074412 0.177682 0.462430 0.291788 0.307629 0.220867 0.455397 0.137649 0.040033 0.040076 0.519890 0.519862 0.040012 0.040013 0.040008 0.020016 0.040006 0.040008 0.040007 0.040008 0.040005 0.040010 0.040015 0.040012 0.020022 0.020020 0.040007 0.020019 0.020018 0.020036 0.040018 0.040008 0.040018 0.040023 0.221892 0.040103 0.040023 0.057160 0.040016 0.020051 0.064756 0.024845 0.040067 0.054891 0.520000 -9999.0 -9999.0 -9999.0
-9999.0 -9999.0 -9999.0 -9999.0 -9999.0 -9999.0 -9999.0 -9999.0 0.020026 0.040031 0.040031 0.040007 0.040009 0.040013 0.040023 0.040030 0.040030 0.040042 0.293451 0.261535 0.290068 0.292686 0.295485 0.457458 0.410506 0.380807 0.044584 0.040027 0.020022 0.040010 0.040009 0.020033 0.040011 0.020025 0.040013 0.040017 0.040021 0.040015 0.040023 0.040013 0.040007 0.020016 0.020019 0.040015 0.040024 0.040014 0.020022 0.040008 0.040014 0.040039 0.519795 0.040023 0.050112 0.055027 0.040021 0.020055 0.040030 0.046261 0.519995 0.520000 0.327031 -9999.0 -9999.0
-9999.0 -9999.0 -9999.0 -9999.0 -9999.0 -9999.0 -9999.0 -9999.0 0.040009 0.040015 0.040035 0.040010 0.040024 0.020024 0.040027 0.040015 0.040037 0.516017 0.324145 0.342227 0.235255 0.319406 0.231092 0.217862 0.367325 0.047509 0.040024 0.040019 0.020034 0.040020 0.020033 0.040023 0.040023 0.040022 0.040023 0.040016 0.040015 0.040019 0.040033 0.040016 0.040010 0.020026 0.040019 0.040010 0.040010 0.040009 0.020036 0.040108 0.040012 0.040033 0.520000 0.058513 0.040019 0.040038 0.047820 0.059104 0.519881 0.520000 0.520000 0.520000 0.520000 -9999.0 -9999.0
-9999.0 -9999.0 -9999.0 -9999.0 -9999.0 -9999.0 -9999.0 -9999.0 0.020020 0.040013 0.040028 0.020059 0.040075 0.040032 0.040025 0.040058 0.300135 0.412714 0.119692 0.280671 0.385843 0.302745 0.354722 0.364281 0.298216 0.040028 0.040036 0.040023 0.040016 0.040013 0.040024 0.040026 0.040017 0.040016 0.040024 0.040029 0.040031 0.040030 0.040022 0.040045 0.040016 0.040042 0.040070 0.020054 0.040040 0.020042 0.040177 0.020093 0.040064 0.040017 0.040061 0.520000 0.507927 0.062221 0.520000 0.520000 0.520000 0.520000 0.520000 0.520000 0.520000 0.040337 -9999.0
-9999.0 -9999.0 -9999.0 -9999.0 -9999.0 -9999.0 -9999.0 -9999.0 0.040009 0.040016 0.040186 0.040017 0.040032 0.040050 0.520000 0.519742 0.104145 0.040052 0.040024 0.040048 0.264171 0.323268 0.372039 0.520000 0.520000 0.040035 0.040015 0.040015 0.040036 0.040036 0.040024 0.040016 0.040241 0.040017 0.040018 0.040020 0.040016 0.046947 0.040048 0.040021 0.040018 0.040015 0.040023 0.040012 0.040035 0.040035 0.040015 0.040024 0.040018 0.050086 0.519566 0.520000 0.520000 0.506354 0.520000 0.520000 0.520000 0.520000 0.520000 0.520000 0.468153 0.040196 -9999.0
-9999.0 -9999.0 0.040018 0.040023 0.040014 0.040038 0.040053 0.040044 0.040022 0.040016 0.040029 0.040093 0.040081 0.254412 0.520000 0.095468 0.040037 0.040011 0.040012 0.040029 0.040047 0.354672 0.436189 0.467482 0.520000 0.058390 0.040039 0.040032 0.040138 0.518905 0.040018 0.040020 0.518872 0.040034 0.053851 0.040035 0.316481 0.519949 0.042019 0.040024 0.040046 0.040233 0.040037 0.040048 0.040014 0.040019 0.049590 0.040049 0.505254 0.520000 0.520000 0.520000 0.438640 0.466519 0.520000 0.520000 0.520000 0.520000 0.428620 0.097965 0.040410 0.044779 -9999.0
-9999.0 0.040028 0.040025 0.040034 0.040032 0.040038 0.040019 0.040013 0.040012 0.040010 0.040018 0.040256 0.092437 0.520000 0.519964 0.040132 0.040015 0.040014 0.040036 0.040034 0.043661 0.309752 0.520000 0.434469 0.444181 0.403372 0.388254 0.412787 0.519944 0.273309 0.181040 0.057739 0.061361 0.520000 0.519995 0.520000 0.520000 0.493482 0.520000 0.520000 0.518764 0.519973 0.519826 0.040068 0.040040 0.040078 0.519763 0.520000 0.520000 0.520000 0.455320 0.520000 0.520000 0.520000 0.520000 0.064665 0.040286 0.040374 0.040551 0.050464 0.060106 0.062603 -9999.0
-9999.0 0.040016 0.040019 0.040017 0.395433 0.040019 0.040026 0.040035 0.040031 0.040028 0.040050 0.040021 0.053570 0.519953 0.040067 0.040024 0.040012 0.040019 0.040023 0.040051 0.040115 0.048947 0.520000 0.520000 0.487590 0.452351 0.286661 0.322094 0.520000 0.520000 0.297348 0.356608 0.520000 0.520000 0.520000 0.520000 0.520000 0.481481 0.520000 0.520000 0.520000 0.520000 0.520000 0.399017 0.242746 0.295670 0.322329 0.334524 0.423655 0.417155 0.520000 0.046943 0.040179 0.407150 0.040101 0.044393 0.040513 0.040428 0.040381 0.045348 0.054345 -9999.0 -9999.0
-9999.0 0.040011 0.040013 0.040026 0.047636 0.400555 0.492321 0.040017 0.040032 0.040040 0.040026 0.040073 0.519878 0.040102 0.043719 0.040016 0.040012 0.040015 0.040016 0.040030 0.040049 0.040040 0.337654 0.520000 0.520000 0.459623 0.448651 0.394370 0.418299 0.419258 0.326733 0.231430 0.497128 0.520000 0.451666 0.459796 0.520000 0.513517 0.520000 0.488117 0.494167 0.520000 0.520000 0.240998 0.220809 0.240087 0.365120 0.520000 0.513194 0.426888 0.040074 0.040093 0.041294 0.040166 0.040192 0.040172 0.040205 0.040579 0.041872 -9999.0 -9999.0 -9999.0 -9999.0
