erum2020/resources/simulation/Vinschgau/output-maps/thetaliqL0004N1440.asc
ncols         63
nrows         48
xllcorner     598000.000000
yllcorner     5145000.000000
cellsize      1000.000000
NODATA_value  -9999.0
[rows 0 to 28 of 48, columns 0 to 62 of 63]
-9999.0 -9999.0 -9999.0 -9999.0 -9999.0 -9999.0 -9999.0 -9999.0 -9999.0 -9999.0 -9999.0 -9999.0 -9999.0 -9999.0 -9999.0 -9999.0 -9999.0 -9999.0 -9999.0 -9999.0 -9999.0 -9999.0 -9999.0 -9999.0 -9999.0 -9999.0 -9999.0 -9999.0 -9999.0 -9999.0 -9999.0 -9999.0 -9999.0 -9999.0 -9999.0 -9999.0 -9999.0 -9999.0 -9999.0 -9999.0 -9999.0 -9999.0 -9999.0 -9999.0 -9999.0 -9999.0 -9999.0 -9999.0 -9999.0 -9999.0 -9999.0 -9999.0 -9999.0 -9999.0 -9999.0 -9999.0 -9999.0 -9999.0 -9999.0 -9999.0 -9999.0 -9999.0 -9999.0
-9999.0 -9999.0 -9999.0 -9999.0 -9999.0 -9999.0 -9999.0 -9999.0 -9999.0 -9999.0 -9999.0 -9999.0 -9999.0 -9999.0 -9999.0 -9999.0 -9999.0 -9999.0 -9999.0 -9999.0 -9999.0 -9999.0 -9999.0 -9999.0 -9999.0 -9999.0 -9999.0 0.020265 0.040781 0.020367 0.040691 0.040191 0.040060 -9999.0 -9999.0 -9999.0 -9999.0 -9999.0 -9999.0 -9999.0 -9999.0 -9999.0 -9999.0 -9999.0 -9999.0 -9999.0 -9999.0 -9999.0 -9999.0 -9999.0 -9999.0 -9999.0 -9999.0 -9999.0 -9999.0 -9999.0 -9999.0 -9999.0 -9999.0 -9999.0 -9999.0 -9999.0 -9999.0
-9999.0 -9999.0 -9999.0 -9999.0 -9999.0 -9999.0 -9999.0 -9999.0 -9999.0 -9999.0 -9999.0 -9999.0 -9999.0 -9999.0 -9999.0 -9999.0 -9999.0 -9999.0 -9999.0 -9999.0 -9999.0 -9999.0 -9999.0 -9999.0 0.045450 0.046699 0.052010 0.045493 0.057100 0.046160 0.040328 -9999.0 -9999.0 -9999.0 -9999.0 -9999.0 -9999.0 -9999.0 -9999.0 -9999.0 -9999.0 -9999.0 -9999.0 -9999.0 -9999.0 -9999.0 -9999.0 -9999.0 -9999.0 -9999.0 -9999.0 -9999.0 -9999.0 -9999.0 -9999.0 -9999.0 -9999.0 -9999.0 -9999.0 -9999.0 -9999.0 -9999.0 -9999.0
-9999.0 -9999.0 -9999.0 -9999.0 -9999.0 -9999.0 -9999.0 -9999.0 -9999.0 -9999.0 -9999.0 -9999.0 -9999.0 -9999.0 -9999.0 -9999.0 -9999.0 -9999.0 -9999.0 -9999.0 -9999.0 -9999.0 -9999.0 0.046910 0.151084 0.075046 0.072572 0.070933 0.071031 0.044214 0.040384 0.040187 -9999.0 -9999.0 -9999.0 -9999.0 -9999.0 -9999.0 -9999.0 -9999.0 -9999.0 -9999.0 -9999.0 -9999.0 -9999.0 -9999.0 -9999.0 -9999.0 -9999.0 -9999.0 -9999.0 -9999.0 -9999.0 -9999.0 -9999.0 -9999.0 -9999.0 -9999.0 -9999.0 -9999.0 -9999.0 -9999.0 -9999.0
-9999.0 -9999.0 -9999.0 -9999.0 -9999.0 -9999.0 -9999.0 -9999.0 -9999.0 -9999.0 -9999.0 -9999.0 -9999.0 -9999.0 -9999.0 -9999.0 -9999.0 -9999.0 0.148128 0.088022 -9999.0 0.053556 0.135163 0.072444 0.074826 0.072539 0.113739 0.094627 0.100019 0.080581 0.042534 0.040734 0.020151 0.020107 -9999.0 -9999.0 -9999.0 -9999.0 -9999.0 -9999.0 -9999.0 -9999.0 -9999.0 -9999.0 -9999.0 -9999.0 -9999.0 -9999.0 -9999.0 -9999.0 -9999.0 -9999.0 -9999.0 -9999.0 -9999.0 -9999.0 -9999.0 -9999.0 -9999.0 -9999.0 -9999.0 -9999.0 -9999.0
-9999.0 -9999.0 -9999.0 -9999.0 -9999.0 -9999.0 -9999.0 -9999.0 -9999.0 -9999.0 -9999.0 -9999.0 -9999.0 -9999.0 -9999.0 -9999.0 -9999.0 0.076204 0.075243 0.021745 0.044260 0.136425 0.080334 0.074828 0.093612 0.138753 0.044667 0.089011 0.054244 0.119672 0.163157 0.042896 0.020837 0.020269 0.020122 0.020094 -9999.0 -9999.0 -9999.0 -9999.0 -9999.0 -9999.0 -9999.0 -9999.0 -9999.0 -9999.0 -9999.0 -9999.0 -9999.0 -9999.0 -9999.0 -9999.0 -9999.0 -9999.0 -9999.0 -9999.0 -9999.0 -9999.0 -9999.0 -9999.0 -9999.0 -9999.0 -9999.0
-9999.0 -9999.0 -9999.0 -9999.0 -9999.0 -9999.0 -9999.0 -9999.0 -9999.0 -9999.0 -9999.0 -9999.0 -9999.0 0.083401 0.078201 0.079489 0.075901 0.022729 0.077097 0.073927 0.075774 0.076428 0.073738 0.077460 0.133888 0.127077 0.020218 0.042698 0.041803 0.124822 0.040103 0.163486 0.042425 0.040757 0.020199 0.020085 -9999.0 -9999.0 -9999.0 -9999.0 -9999.0 -9999.0 -9999.0 -9999.0 -9999.0 -9999.0 -9999.0 -9999.0 -9999.0 -9999.0 -9999.0 -9999.0 -9999.0 -9999.0 -9999.0 -9999.0 -9999.0 -9999.0 -9999.0 -9999.0 -9999.0 -9999.0 -9999.0
-9999.0 -9999.0 -9999.0 -9999.0 -9999.0 -9999.0 -9999.0 -9999.0 -9999.0 -9999.0 -9999.0 -9999.0 -9999.0 0.099110 0.074079 0.076559 0.076373 0.110868 0.022724 0.074873 0.074742 0.072226 0.077628 0.090760 0.078651 0.075083 0.040732 0.020310 0.020194 0.040636 0.042052 0.040732 0.020169 0.020086 0.020103 -9999.0 -9999.0 -9999.0 -9999.0 -9999.0 -9999.0 -9999.0 -9999.0 -9999.0 -9999.0 -9999.0 -9999.0 -9999.0 -9999.0 -9999.0 -9999.0 -9999.0 -9999.0 -9999.0 -9999.0 -9999.0 -9999.0 -9999.0 -9999.0 -9999.0 -9999.0 -9999.0 -9999.0
-9999.0 -9999.0 -9999.0 -9999.0 -9999.0 -9999.0 -9999.0 -9999.0 -9999.0 -9999.0 -9999.0 -9999.0 -9999.0 0.073737 0.520000 0.074612 0.076981 0.076838 0.022710 0.076659 0.087339 0.022172 0.126132 0.074374 0.076940 0.077813 0.020646 0.020177 0.040216 0.020126 0.040311 0.020072 0.020076 0.020016 0.020083 -9999.0 -9999.0 -9999.0 -9999.0 -9999.0 -9999.0 -9999.0 -9999.0 -9999.0 -9999.0 -9999.0 -9999.0 -9999.0 -9999.0 -9999.0 -9999.0 -9999.0 -9999.0 -9999.0 -9999.0 -9999.0 -9999.0 -9999.0 -9999.0 -9999.0 -9999.0 -9999.0 -9999.0
-9999.0 -9999.0 -9999.0 -9999.0 -9999.0 -9999.0 -9999.0 -9999.0 -9999.0 -9999.0 -9999.0 -9999.0 0.074142 0.520000 0.073851 0.077092 0.084522 0.078146 0.091207 0.021695 0.076254 0.092908 0.070985 0.047075 0.040094 0.040745 0.040034 0.040298 0.042822 0.020145 0.040065 0.020138 0.040132 0.020077 -9999.0 -9999.0 -9999.0 -9999.0 -9999.0 -9999.0 -9999.0 -9999.0 -9999.0 -9999.0 -9999.0 -9999.0 -9999.0 -9999.0 -9999.0 -9999.0 -9999.0 -9999.0 -9999.0 -9999.0 -9999.0 -9999.0 -9999.0 -9999.0 -9999.0 -9999.0 -9999.0 -9999.0 -9999.0
-9999.0 -9999.0 -9999.0 -9999.0 -9999.0 -9999.0 -9999.0 -9999.0 -9999.0 -9999.0 -9999.0 0.100227 0.074987 0.284627 0.073772 0.101222 0.021663 0.076953 0.129223 0.021470 0.075759 0.081378 0.046420 0.042198 0.078347 0.042223 0.040248 0.040921 0.040125 0.020087 0.020133 0.042633 0.020197 0.020107 0.020126 0.020220 0.040297 0.040337 0.040346 -9999.0 -9999.0 -9999.0 0.020107 -9999.0 -9999.0 -9999.0 -9999.0 -9999.0 -9999.0 -9999.0 -9999.0 -9999.0 -9999.0 -9999.0 -9999.0 -9999.0 -9999.0 -9999.0 -9999.0 -9999.0 -9999.0 -9999.0 -9999.0
-9999.0 -9999.0 -9999.0 -9999.0 -9999.0 -9999.0 -9999.0 -9999.0 -9999.0 -9999.0 -9999.0 0.082096 0.073831 0.070652 0.071277 0.074714 0.070150 0.074564 0.123680 0.081056 0.092994 0.082748 0.122189 0.040073 0.040229 0.040853 0.040820 0.042409 0.020375 0.020101 0.040981 0.050750 0.040164 0.040101 0.040091 0.040895 0.045470 0.042589 0.040398 0.020116 0.020120 0.020109 0.040733 0.020161 -9999.0 -9999.0 -9999.0 0.040057 0.040071 0.020110 0.040089 0.020075 0.020073 0.040039 0.040052 0.020069 -9999.0 -9999.0 -9999.0 -9999.0 -9999.0 -9999.0 -9999.0
-9999.0 -9999.0 -9999.0 -9999.0 -9999.0 -9999.0 -9999.0 -9999.0 -9999.0 -9999.0 -9999.0 0.087123 0.079775 0.077378 0.136230 0.074116 0.079068 0.076116 0.072816 0.080985 0.119628 0.133106 0.040385 0.046520 0.040824 0.020285 0.040279 0.040027 0.020215 0.040094 0.020196 0.040158 0.042636 0.040107 0.020158 0.042936 0.040723 0.040230 0.045447 0.020205 0.040656 0.040159 0.042696 0.041004 0.040099 -9999.0 0.020084 0.040104 0.040701 0.042615 0.042752 0.020747 0.040606 0.040658 0.040233 0.040115 -9999.0 -9999.0 -9999.0 -9999.0 -9999.0 -9999.0 -9999.0
-9999.0 -9999.0 -9999.0 -9999.0 -9999.0 -9999.0 -9999.0 -9999.0 -9999.0 -9999.0 -9999.0 -9999.0 0.099971 0.173457 0.092594 0.092229 0.098242 0.077313 0.115894 0.081543 0.079946 0.079125 0.063714 0.040805 0.040049 0.040220 0.047116 0.042465 0.040626 0.020170 0.040863 0.040275 0.042779 0.040301 0.040153 0.040993 0.040275 0.040265 0.139256 0.040959 0.045098 0.031650 0.040805 0.065854 0.020188 0.040096 0.020105 0.040110 0.040051 0.040694 0.042534 0.040312 0.040026 0.040086 0.040045 0.040550 0.040114 -9999.0 -9999.0 -9999.0 -9999.0 -9999.0 -9999.0
-9999.0 -9999.0 -9999.0 -9999.0 -9999.0 -9999.0 -9999.0 -9999.0 -9999.0 -9999.0 -9999.0 0.040687 0.049031 0.073689 0.197018 0.104108 0.080630 0.080343 0.082296 0.088593 0.078118 0.120203 0.322972 0.040224 0.040294 0.040319 0.040732 0.040316 0.040283 0.020320 0.040228 0.040137 0.089565 0.040372 0.040087 0.040855 0.040449 0.040878 0.131819 0.070029 0.040863 0.075877 0.285991 0.020694 0.064148 0.040362 0.041112 0.020336 0.020885 0.044244 0.020048 0.040407 0.040023 0.020028 0.020028 0.020065 0.020138 -9999.0 -9999.0 -9999.0 -9999.0 -9999.0 -9999.0
-9999.0 -9999.0 -9999.0 -9999.0 -9999.0 -9999.0 -9999.0 -9999.0 -9999.0 -9999.0 0.121785 0.042163 0.080686 0.089150 0.102978 0.046536 0.046364 0.136249 0.080081 0.091801 0.094077 0.149001 0.040667 0.158507 0.056961 0.040078 0.040089 0.020037 0.042742 0.045669 0.044754 0.040113 0.046821 0.040330 0.020080 0.020198 0.042540 0.040506 0.046104 0.396935 0.204890 0.119488 0.136633 0.179780 0.045390 0.020330 0.041530 0.041014 0.043400 0.061977 0.020032 0.020093 0.020026 0.020047 0.020057 0.040341 0.040573 -9999.0 -9999.0 -9999.0 -9999.0 -9999.0 -9999.0
-9999.0 -9999.0 -9999.0 -9999.0 -9999.0 -9999.0 -9999.0 -9999.0 -9999.0 0.040851 0.175069 0.043558 0.062406 0.040708 0.047775 0.055519 0.043337 0.120418 0.076126 0.086902 0.089474 0.087513 0.086456 0.086904 0.292401 0.040093 0.040040 0.047722 0.042235 0.078265 0.380963 0.040074 0.020207 0.020096 0.020122 0.020197 0.043536 0.040189 0.040364 0.043910 0.040929 0.041555 0.040979 0.096280 0.089650 0.043730 0.088221 0.040560 0.040598 0.368426 0.040094 0.020125 0.020044 0.020050 0.020067 0.040020 0.040037 0.020176 0.020079 -9999.0 -9999.0 -9999.0 -9999.0
-9999.0 -9999.0 -9999.0 -9999.0 -9999.0 -9999.0 -9999.0 -9999.0 -9999.0 0.040595 0.040851 0.045788 0.520000 0.123509 0.042286 0.040694 0.147218 0.095121 0.075135 0.081316 0.083773 0.073708 0.118584 0.242959 0.040167 0.040149 0.040823 0.057399 0.261289 0.236212 0.109247 0.040052 0.041116 0.040119 0.040663 0.020198 0.020256 0.020672 0.040836 0.080839 0.040463 0.040095 0.041096 0.182968 0.128851 0.112089 0.084164 0.081528 0.093247 0.201700 0.040028 0.040011 0.020045 0.040032 0.020105 0.040014 0.040040 0.040082 0.020247 -9999.0 -9999.0 -9999.0 -9999.0
-9999.0 -9999.0 -9999.0 -9999.0 -9999.0 -9999.0 -9999.0 -9999.0 -9999.0 -9999.0 0.040784 0.047680 0.053397 0.040407 0.126603 0.043278 0.103006 0.080475 0.074039 0.080005 0.085310 0.076030 0.080482 0.042743 0.040276 0.045066 0.341013 0.177960 0.167804 0.040079 0.040057 0.040030 0.040019 0.040266 0.042956 0.088276 0.056740 0.150579 0.020240 0.040913 0.040400 0.079419 0.520000 0.044385 0.136948 0.179207 0.080066 0.118057 0.075618 0.103250 0.040061 0.040034 0.020061 0.020045 0.040028 0.040096 0.042629 0.040071 0.048636 0.048346 -9999.0 -9999.0 -9999.0
-9999.0 -9999.0 -9999.0 -9999.0 -9999.0 -9999.0 -9999.0 -9999.0 -9999.0 -9999.0 0.040597 0.042318 0.052417 0.075640 0.236542 0.128162 0.154899 0.086757 0.075757 0.075372 0.077386 0.078178 0.066428 0.041596 0.045250 0.292679 0.203884 0.153871 0.040118 0.040022 0.040788 0.048790 0.020044 0.040119 0.040909 0.203103 0.040090 0.043659 0.040083 0.040288 0.041015 0.065911 0.040769 0.042833 0.199066 0.041965 0.069524 0.125226 0.078118 0.076914 0.429506 0.040060 0.040017 0.020072 0.020038 0.020049 0.040091 0.040418 0.334540 0.273333 -9999.0 -9999.0 -9999.0
-9999.0 -9999.0 -9999.0 -9999.0 -9999.0 -9999.0 -9999.0 -9999.0 0.046855 0.040745 0.040186 0.047449 0.040423 0.041104 0.051331 0.164554 0.073001 0.073562 0.072232 0.074565 0.074163 0.073357 0.073849 0.075507 0.102076 0.219690 0.315515 0.040295 0.040112 0.040023 0.020103 0.040874 0.040939 0.040177 0.041150 0.040905 0.085040 0.061323 0.040036 0.020191 0.020337 0.104855 0.020047 0.020224 0.045780 0.372505 0.040040 0.040932 0.146841 0.177621 0.300789 0.040372 0.040026 0.040010 0.020056 0.040126 0.020194 0.185730 0.103611 0.084518 -9999.0 -9999.0 -9999.0
-9999.0 -9999.0 -9999.0 -9999.0 -9999.0 -9999.0 -9999.0 -9999.0 0.020000 0.040292 0.040032 0.040280 0.040991 0.040053 0.040232 0.169580 0.081742 0.077962 0.072622 0.073968 0.119077 0.075245 0.071419 0.069962 0.074989 0.099266 0.279225 0.042202 0.020038 0.040303 0.040117 0.020247 0.041246 0.020268 0.046947 0.048451 0.093796 0.368748 0.041360 0.042447 0.040867 0.020216 0.020281 0.042731 0.047211 0.040526 0.020041 0.042270 0.042418 0.191155 0.269758 0.042118 0.040020 0.040104 0.040594 0.020140 0.040207 0.072668 0.079018 0.089970 0.078762 -9999.0 -9999.0
-9999.0 -9999.0 -9999.0 -9999.0 -9999.0 -9999.0 -9999.0 -9999.0 0.040937 0.041289 0.041075 0.040021 0.047469 0.020052 0.040558 0.040330 0.121840 0.077461 0.073503 0.119506 0.073496 0.075223 0.071582 0.074019 0.076227 0.078294 0.254284 0.040127 0.020039 0.040947 0.020305 0.138857 0.040077 0.040134 0.163417 0.097654 0.142851 0.157514 0.066669 0.040876 0.042325 0.020385 0.046630 0.042382 0.040178 0.046167 0.020196 0.041229 0.040048 0.091227 0.167888 0.344615 0.040047 0.040018 0.040485 0.162395 0.362343 0.122943 0.077279 0.090871 0.084870 -9999.0 -9999.0
-9999.0 -9999.0 -9999.0 -9999.0 -9999.0 -9999.0 -9999.0 -9999.0 0.020114 0.042545 0.040884 0.020034 0.043165 0.040152 0.041948 0.283341 0.075537 0.074384 0.087534 0.075473 0.074743 0.074489 0.077343 0.078417 0.081451 0.120322 0.049422 0.040055 0.051153 0.041086 0.040587 0.041894 0.107236 0.393733 0.043088 0.067408 0.082160 0.077879 0.133033 0.054712 0.045321 0.046132 0.046350 0.035887 0.042516 0.020371 0.042809 0.020697 0.040985 0.040388 0.118952 0.123755 0.314921 0.040648 0.519920 0.302979 0.089692 0.112432 0.092397 0.086515 0.081502 0.114959 -9999.0
-9999.0 -9999.0 -9999.0 -9999.0 -9999.0 -9999.0 -9999.0 -9999.0 0.040067 0.043167 0.040038 0.040083 0.041181 0.046914 0.375580 0.127274 0.152145 0.081521 0.103905 0.077659 0.076763 0.076497 0.076162 0.077205 0.075558 0.125797 0.040165 0.044796 0.162517 0.513203 0.042019 0.300447 0.078891 0.182820 0.085920 0.078465 0.077168 0.075903 0.075940 0.100012 0.081303 0.075041 0.092757 0.104327 0.040476 0.061541 0.041893 0.056608 0.041457 0.257205 0.081003 0.103949 0.125420 0.163623 0.230316 0.227335 0.144152 0.108298 0.094688 0.077054 0.079208 0.122417 -9999.0
-9999.0 -9999.0 0.040736 0.045850 0.040016 0.040111 0.040034 0.040041 0.040315 0.042119 0.040301 0.040574 0.048280 0.518176 0.119572 0.488653 0.085817 0.040129 0.040855 0.170504 0.078142 0.076856 0.082025 0.076045 0.080076 0.081042 0.137483 0.138232 0.084485 0.104152 0.084824 0.110253 0.092643 0.078289 0.077765 0.077551 0.076367 0.074305 0.074854 0.077553 0.075689 0.074992 0.075789 0.079465 0.143248 0.080205 0.130385 0.162252 0.077844 0.080002 0.079232 0.098201 0.135336 0.176317 0.208983 0.173088 0.151843 0.105741 0.080030 0.082193 0.107807 0.134671 -9999.0
-9999.0 0.040749 0.040631 0.040407 0.040139 0.040622 0.040028 0.040028 0.040018 0.040266 0.040050 0.040267 0.489817 0.261844 0.520000 0.041755 0.040233 0.040071 0.040185 0.101390 0.078968 0.076173 0.093532 0.091675 0.075362 0.078095 0.078282 0.078589 0.076055 0.082487 0.078061 0.077159 0.075669 0.076188 0.073789 0.074858 0.072537 0.072348 0.074581 0.075537 0.074008 0.073822 0.072915 0.075364 0.076801 0.076132 0.087615 0.074103 0.074403 0.084742 0.092842 0.119158 0.151331 0.209636 0.219155 0.372974 0.334430 0.305058 0.369250 0.270943 0.221131 0.137519 -9999.0
-9999.0 0.204325 0.060407 0.055871 0.227331 0.043073 0.040036 0.040022 0.040147 0.040122 0.040034 0.040129 0.261796 0.382042 0.046198 0.040033 0.040031 0.040051 0.041905 0.115948 0.261149 0.134806 0.115930 0.120025 0.144160 0.126804 0.075169 0.076383 0.072552 0.072844 0.072666 0.072973 0.074976 0.077257 0.075958 0.073655 0.105603 0.101862 0.072624 0.072800 0.072609 0.073938 0.070913 0.072864 0.072203 0.071539 0.077179 0.076616 0.078910 0.082760 0.085501 0.134792 0.255722 0.371874 0.520000 0.058293 0.040640 0.049615 0.060316 0.045110 0.066358 -9999.0 -9999.0
-9999.0 0.046265 0.056810 0.057389 0.306110 0.267676 0.261235 0.040075 0.040065 0.040068 0.040345 0.075100 0.253982 0.496672 0.040087 0.040023 0.040024 0.040117 0.040078 0.040885 0.043468 0.061603 0.124921 0.157345 0.150846 0.090736 0.083937 0.081569 0.075496 0.077240 0.074075 0.073599 0.075106 0.074406 0.073680 0.073054 0.072829 0.100299 0.072685 0.072372 0.072211 0.105257 0.072306 0.071951 0.072249 0.073932 0.075327 0.078666 0.086412 0.084579 0.125110 0.223671 0.072406 0.447940 0.043212 0.040120 0.040114 0.040074 0.040085 -9999.0 -9999.0 -9999.0 -9999.0
