erum2020/resources/simulation/Vinschgau/output-maps/thetaliqL0006N0322.asc
ncols         63
nrows         48
xllcorner     598000.000000
yllcorner     5145000.000000
cellsize      1000.000000
NODATA_value  -9999.0
[rows 0 to 28 of 48, columns 0 to 62 of 63]
-9999.0 -9999.0 -9999.0 -9999.0 -9999.0 -9999.0 -9999.0 -9999.0 -9999.0 -9999.0 -9999.0 -9999.0 -9999.0 -9999.0 -9999.0 -9999.0 -9999.0 -9999.0 -9999.0 -9999.0 -9999.0 -9999.0 -9999.0 -9999.0 -9999.0 -9999.0 -9999.0 -9999.0 -9999.0 -9999.0 -9999.0 -9999.0 -9999.0 -9999.0 -9999.0 -9999.0 -9999.0 -9999.0 -9999.0 -9999.0 -9999.0 -9999.0 -9999.0 -9999.0 -9999.0 -9999.0 -9999.0 -9999.0 -9999.0 -9999.0 -9999.0 -9999.0 -9999.0 -9999.0 -9999.0 -9999.0 -9999.0 -9999.0 -9999.0 -9999.0 -9999.0 -9999.0 -9999.0
-9999.0 -9999.0 -9999.0 -9999.0 -9999.0 -9999.0 -9999.0 -9999.0 -9999.0 -9999.0 -9999.0 -9999.0 -9999.0 -9999.0 -9999.0 -9999.0 -9999.0 -9999.0 -9999.0 -9999.0 -9999.0 -9999.0 -9999.0 -9999.0 -9999.0 -9999.0 -9999.0 0.020077 0.020084 0.020096 0.020025 0.020019 0.020020 -9999.0 -9999.0 -9999.0 -9999.0 -9999.0 -9999.0 -9999.0 -9999.0 -9999.0 -9999.0 -9999.0 -9999.0 -9999.0 -9999.0 -9999.0 -9999.0 -9999.0 -9999.0 -9999.0 -9999.0 -9999.0 -9999.0 -9999.0 -9999.0 -9999.0 -9999.0 -9999.0 -9999.0 -9999.0 -9999.0
-9999.0 -9999.0 -9999.0 -9999.0 -9999.0 -9999.0 -9999.0 -9999.0 -9999.0 -9999.0 -9999.0 -9999.0 -9999.0 -9999.0 -9999.0 -9999.0 -9999.0 -9999.0 -9999.0 -9999.0 -9999.0 -9999.0 -9999.0 -9999.0 0.040067 0.040056 0.040033 0.040054 0.040042 0.020083 0.020026 -9999.0 -9999.0 -9999.0 -9999.0 -9999.0 -9999.0 -9999.0 -9999.0 -9999.0 -9999.0 -9999.0 -9999.0 -9999.0 -9999.0 -9999.0 -9999.0 -9999.0 -9999.0 -9999.0 -9999.0 -9999.0 -9999.0 -9999.0 -9999.0 -9999.0 -9999.0 -9999.0 -9999.0 -9999.0 -9999.0 -9999.0 -9999.0
-9999.0 -9999.0 -9999.0 -9999.0 -9999.0 -9999.0 -9999.0 -9999.0 -9999.0 -9999.0 -9999.0 -9999.0 -9999.0 -9999.0 -9999.0 -9999.0 -9999.0 -9999.0 -9999.0 -9999.0 -9999.0 -9999.0 -9999.0 0.040070 0.040033 0.040017 0.040072 0.020087 0.020043 0.020069 0.020080 0.020040 -9999.0 -9999.0 -9999.0 -9999.0 -9999.0 -9999.0 -9999.0 -9999.0 -9999.0 -9999.0 -9999.0 -9999.0 -9999.0 -9999.0 -9999.0 -9999.0 -9999.0 -9999.0 -9999.0 -9999.0 -9999.0 -9999.0 -9999.0 -9999.0 -9999.0 -9999.0 -9999.0 -9999.0 -9999.0 -9999.0 -9999.0
-9999.0 -9999.0 -9999.0 -9999.0 -9999.0 -9999.0 -9999.0 -9999.0 -9999.0 -9999.0 -9999.0 -9999.0 -9999.0 -9999.0 -9999.0 -9999.0 -9999.0 -9999.0 0.041688 0.040022 -9999.0 0.040073 0.040062 0.020053 0.040582 0.023092 0.040050 0.040071 0.068518 0.040017 0.020069 0.020071 0.020084 0.020048 -9999.0 -9999.0 -9999.0 -9999.0 -9999.0 -9999.0 -9999.0 -9999.0 -9999.0 -9999.0 -9999.0 -9999.0 -9999.0 -9999.0 -9999.0 -9999.0 -9999.0 -9999.0 -9999.0 -9999.0 -9999.0 -9999.0 -9999.0 -9999.0 -9999.0 -9999.0 -9999.0 -9999.0 -9999.0
-9999.0 -9999.0 -9999.0 -9999.0 -9999.0 -9999.0 -9999.0 -9999.0 -9999.0 -9999.0 -9999.0 -9999.0 -9999.0 -9999.0 -9999.0 -9999.0 -9999.0 0.041104 0.040369 0.020072 0.020075 0.040034 0.040022 0.020154 0.417624 0.040038 0.040010 0.040015 0.040014 0.040053 0.040018 0.020064 0.020046 0.020063 0.020029 0.020017 -9999.0 -9999.0 -9999.0 -9999.0 -9999.0 -9999.0 -9999.0 -9999.0 -9999.0 -9999.0 -9999.0 -9999.0 -9999.0 -9999.0 -9999.0 -9999.0 -9999.0 -9999.0 -9999.0 -9999.0 -9999.0 -9999.0 -9999.0 -9999.0 -9999.0 -9999.0 -9999.0
-9999.0 -9999.0 -9999.0 -9999.0 -9999.0 -9999.0 -9999.0 -9999.0 -9999.0 -9999.0 -9999.0 -9999.0 -9999.0 0.020084 0.040031 0.040332 0.040652 0.042340 0.040430 0.020272 0.040550 0.040836 0.020743 0.349236 0.040030 0.040009 0.020024 0.020031 0.020023 0.040011 0.040020 0.040007 0.020027 0.020017 0.020018 0.020016 -9999.0 -9999.0 -9999.0 -9999.0 -9999.0 -9999.0 -9999.0 -9999.0 -9999.0 -9999.0 -9999.0 -9999.0 -9999.0 -9999.0 -9999.0 -9999.0 -9999.0 -9999.0 -9999.0 -9999.0 -9999.0 -9999.0 -9999.0 -9999.0 -9999.0 -9999.0 -9999.0
-9999.0 -9999.0 -9999.0 -9999.0 -9999.0 -9999.0 -9999.0 -9999.0 -9999.0 -9999.0 -9999.0 -9999.0 -9999.0 0.040075 0.040021 0.040025 0.040025 0.154333 0.042339 0.040619 0.023932 0.020067 0.040026 0.040029 0.040033 0.020098 0.020083 0.020021 0.020019 0.020022 0.040008 0.020017 0.020017 0.020015 0.020016 -9999.0 -9999.0 -9999.0 -9999.0 -9999.0 -9999.0 -9999.0 -9999.0 -9999.0 -9999.0 -9999.0 -9999.0 -9999.0 -9999.0 -9999.0 -9999.0 -9999.0 -9999.0 -9999.0 -9999.0 -9999.0 -9999.0 -9999.0 -9999.0 -9999.0 -9999.0 -9999.0 -9999.0
-9999.0 -9999.0 -9999.0 -9999.0 -9999.0 -9999.0 -9999.0 -9999.0 -9999.0 -9999.0 -9999.0 -9999.0 -9999.0 0.040026 0.041323 0.040182 0.040025 0.040177 0.042337 0.057500 0.040024 0.020036 0.040051 0.040016 0.040050 0.040058 0.020109 0.020019 0.020073 0.020017 0.020018 0.020014 0.020015 0.020013 0.020015 -9999.0 -9999.0 -9999.0 -9999.0 -9999.0 -9999.0 -9999.0 -9999.0 -9999.0 -9999.0 -9999.0 -9999.0 -9999.0 -9999.0 -9999.0 -9999.0 -9999.0 -9999.0 -9999.0 -9999.0 -9999.0 -9999.0 -9999.0 -9999.0 -9999.0 -9999.0 -9999.0 -9999.0
-9999.0 -9999.0 -9999.0 -9999.0 -9999.0 -9999.0 -9999.0 -9999.0 -9999.0 -9999.0 -9999.0 -9999.0 0.020094 0.040219 0.040140 0.040034 0.040072 0.040046 0.430000 0.020121 0.040023 0.040010 0.020052 0.040012 0.040065 0.020021 0.040009 0.020047 0.020087 0.020018 0.020016 0.020054 0.020046 0.020018 -9999.0 -9999.0 -9999.0 -9999.0 -9999.0 -9999.0 -9999.0 -9999.0 -9999.0 -9999.0 -9999.0 -9999.0 -9999.0 -9999.0 -9999.0 -9999.0 -9999.0 -9999.0 -9999.0 -9999.0 -9999.0 -9999.0 -9999.0 -9999.0 -9999.0 -9999.0 -9999.0 -9999.0 -9999.0
-9999.0 -9999.0 -9999.0 -9999.0 -9999.0 -9999.0 -9999.0 -9999.0 -9999.0 -9999.0 -9999.0 0.040041 0.040059 0.040024 0.040023 0.040014 0.020038 0.040021 0.430000 0.020121 0.020174 0.040112 0.020082 0.020027 0.020085 0.020041 0.020018 0.020086 0.040038 0.020016 0.020039 0.020048 0.020042 0.020024 0.020026 0.020025 0.020020 0.020724 0.043384 -9999.0 -9999.0 -9999.0 0.020021 -9999.0 -9999.0 -9999.0 -9999.0 -9999.0 -9999.0 -9999.0 -9999.0 -9999.0 -9999.0 -9999.0 -9999.0 -9999.0 -9999.0 -9999.0 -9999.0 -9999.0 -9999.0 -9999.0 -9999.0
-9999.0 -9999.0 -9999.0 -9999.0 -9999.0 -9999.0 -9999.0 -9999.0 -9999.0 -9999.0 -9999.0 0.040029 0.040025 0.020086 0.040075 0.020025 0.040026 0.040095 0.430000 0.160495 0.095492 0.020056 0.040074 0.040037 0.040027 0.020034 0.020095 0.020110 0.020066 0.020021 0.020063 0.020043 0.020041 0.020025 0.020021 0.020021 0.081019 0.102877 0.099021 0.027250 0.020029 0.020019 0.020026 0.020029 -9999.0 -9999.0 -9999.0 0.047288 0.020081 0.020103 0.020227 0.020161 0.020146 0.062664 0.130017 0.020136 -9999.0 -9999.0 -9999.0 -9999.0 -9999.0 -9999.0 -9999.0
-9999.0 -9999.0 -9999.0 -9999.0 -9999.0 -9999.0 -9999.0 -9999.0 -9999.0 -9999.0 -9999.0 0.040058 0.040010 0.020078 0.040078 0.020065 0.040027 0.040027 0.347181 0.430000 0.043587 0.020050 0.040023 0.040115 0.020023 0.020102 0.040029 0.020066 0.020026 0.020029 0.020022 0.020055 0.020039 0.020025 0.020025 0.059530 0.040716 0.021397 0.091991 0.042353 0.079172 0.020022 0.020029 0.020035 0.020040 -9999.0 0.020022 0.020074 0.020228 0.020189 0.020115 0.020158 0.023873 0.036337 0.024672 0.022729 -9999.0 -9999.0 -9999.0 -9999.0 -9999.0 -9999.0 -9999.0
-9999.0 -9999.0 -9999.0 -9999.0 -9999.0 -9999.0 -9999.0 -9999.0 -9999.0 -9999.0 -9999.0 -9999.0 0.040014 0.040085 0.040108 0.040096 0.040027 0.040023 0.430000 0.430000 0.040332 0.020054 0.020224 0.040022 0.040069 0.040037 0.040017 0.020027 0.020033 0.020063 0.020072 0.040022 0.020047 0.020035 0.020018 0.020021 0.040059 0.040687 0.129498 0.048773 0.251983 0.042342 0.020147 0.040010 0.020053 0.020070 0.020068 0.020061 0.020128 0.040033 0.040437 0.040032 0.040119 0.041669 0.040017 0.040016 0.043734 -9999.0 -9999.0 -9999.0 -9999.0 -9999.0 -9999.0
-9999.0 -9999.0 -9999.0 -9999.0 -9999.0 -9999.0 -9999.0 -9999.0 -9999.0 -9999.0 -9999.0 0.040257 0.040009 0.020042 0.040035 0.040031 0.040028 0.040027 0.309802 0.074587 0.040409 0.040370 0.040070 0.020081 0.040045 0.040024 0.040132 0.020022 0.020084 0.020097 0.040019 0.040020 0.020038 0.020033 0.020016 0.020023 0.020020 0.020231 0.041151 0.093929 0.021371 0.043911 0.040420 0.020154 0.020867 0.020068 0.020138 0.020154 0.020238 0.020057 0.020029 0.020026 0.040011 0.020023 0.020026 0.020023 0.020195 -9999.0 -9999.0 -9999.0 -9999.0 -9999.0 -9999.0
-9999.0 -9999.0 -9999.0 -9999.0 -9999.0 -9999.0 -9999.0 -9999.0 -9999.0 -9999.0 0.040456 0.040102 0.040206 0.040065 0.040306 0.040028 0.040073 0.040043 0.041049 0.087528 0.362156 0.044129 0.020047 0.040023 0.040373 0.040065 0.020051 0.020101 0.020072 0.020059 0.040046 0.040043 0.020049 0.020024 0.020015 0.020023 0.020541 0.040024 0.040375 0.096825 0.038224 0.020286 0.020060 0.040319 0.040268 0.020056 0.020143 0.020043 0.040429 0.040180 0.020230 0.020024 0.020024 0.020022 0.020025 0.022817 0.022875 -9999.0 -9999.0 -9999.0 -9999.0 -9999.0 -9999.0
-9999.0 -9999.0 -9999.0 -9999.0 -9999.0 -9999.0 -9999.0 -9999.0 -9999.0 0.020030 0.040122 0.040403 0.040031 0.040080 0.040069 0.040071 0.040014 0.040029 0.041105 0.179849 0.430000 0.040745 0.020346 0.073345 0.040078 0.020071 0.040034 0.020059 0.020384 0.040489 0.042499 0.020067 0.020018 0.020016 0.020027 0.020023 0.020026 0.040008 0.040009 0.040013 0.040661 0.040020 0.020050 0.046940 0.020313 0.020443 0.125451 0.020040 0.020095 0.042803 0.020095 0.020101 0.020021 0.020028 0.020094 0.020288 0.050701 0.024614 0.020492 -9999.0 -9999.0 -9999.0 -9999.0
-9999.0 -9999.0 -9999.0 -9999.0 -9999.0 -9999.0 -9999.0 -9999.0 -9999.0 0.020042 0.020032 0.020038 0.083751 0.040040 0.040030 0.040156 0.040105 0.040644 0.045304 0.382353 0.416383 0.420881 0.040045 0.040035 0.020071 0.040030 0.040200 0.040512 0.049301 0.040068 0.020095 0.020069 0.020028 0.020039 0.020055 0.020038 0.020036 0.020035 0.020022 0.020038 0.040011 0.020023 0.040020 0.040056 0.052787 0.246763 0.201350 0.020527 0.020499 0.040502 0.020324 0.020270 0.020031 0.020032 0.020026 0.042682 0.022875 0.046150 0.025155 -9999.0 -9999.0 -9999.0 -9999.0
-9999.0 -9999.0 -9999.0 -9999.0 -9999.0 -9999.0 -9999.0 -9999.0 -9999.0 -9999.0 0.020038 0.020057 0.040119 0.040300 0.020377 0.040022 0.040029 0.041901 0.047949 0.429874 0.333482 0.020569 0.040084 0.020187 0.040037 0.040518 0.041705 0.081889 0.020108 0.040009 0.020028 0.040079 0.020023 0.020021 0.020068 0.020046 0.040015 0.040012 0.020047 0.020019 0.020017 0.040027 0.040033 0.020040 0.020083 0.040027 0.020063 0.040289 0.054253 0.020616 0.020074 0.020292 0.020185 0.020042 0.040012 0.020032 0.040030 0.020559 0.021023 0.041712 -9999.0 -9999.0 -9999.0
-9999.0 -9999.0 -9999.0 -9999.0 -9999.0 -9999.0 -9999.0 -9999.0 -9999.0 -9999.0 0.020039 0.020041 0.040018 0.040334 0.430000 0.040345 0.040290 0.041264 0.334226 0.344902 0.133517 0.041368 0.040357 0.040054 0.040300 0.042245 0.284462 0.040037 0.040083 0.020021 0.020022 0.040024 0.020109 0.020020 0.020022 0.040008 0.040194 0.040017 0.020067 0.020021 0.020064 0.020090 0.040012 0.020024 0.040040 0.020102 0.040141 0.020133 0.022388 0.068720 0.020689 0.020316 0.043652 0.020207 0.020070 0.020230 0.020029 0.023391 0.045667 0.241779 -9999.0 -9999.0 -9999.0
-9999.0 -9999.0 -9999.0 -9999.0 -9999.0 -9999.0 -9999.0 -9999.0 0.040070 0.020244 0.020097 0.040020 0.040052 0.040098 0.040295 0.055865 0.092552 0.430000 0.253530 0.281619 0.223346 0.424989 0.044905 0.040651 0.041467 0.335702 0.205050 0.040071 0.040072 0.020051 0.020018 0.020024 0.020038 0.020030 0.020060 0.020019 0.020080 0.040018 0.020105 0.020061 0.020026 0.040008 0.020022 0.020019 0.020184 0.040256 0.020028 0.040175 0.020072 0.119896 0.042400 0.020106 0.046051 0.020154 0.020318 0.024263 0.022994 0.040058 0.022320 0.430000 -9999.0 -9999.0 -9999.0
-9999.0 -9999.0 -9999.0 -9999.0 -9999.0 -9999.0 -9999.0 -9999.0 0.020046 0.040042 0.020292 0.020025 0.020032 0.040120 0.040457 0.040044 0.040674 0.040240 0.064941 0.269240 0.331020 0.302202 0.366470 0.430000 0.205749 0.402123 0.040997 0.040042 0.020051 0.020090 0.020073 0.020170 0.020105 0.020089 0.040096 0.040160 0.020079 0.040018 0.020123 0.020122 0.020023 0.020017 0.020021 0.020156 0.040064 0.040058 0.020026 0.020031 0.020305 0.040976 0.251554 0.040538 0.044138 0.024183 0.020057 0.029333 0.020758 0.021574 0.064129 0.430000 0.359168 -9999.0 -9999.0
-9999.0 -9999.0 -9999.0 -9999.0 -9999.0 -9999.0 -9999.0 -9999.0 0.020030 0.020180 0.020097 0.020105 0.040328 0.020032 0.040031 0.020213 0.041477 0.143252 0.349277 0.346410 0.252903 0.309160 0.299493 0.241917 0.430000 0.051991 0.040463 0.040078 0.020118 0.020158 0.020163 0.040053 0.040177 0.020130 0.040210 0.020060 0.020166 0.020330 0.020289 0.020153 0.020063 0.020059 0.040142 0.040014 0.040011 0.040011 0.020157 0.041594 0.040019 0.020075 0.430000 0.047133 0.020214 0.020069 0.021914 0.049635 0.291729 0.430000 0.430000 0.430000 0.430000 -9999.0 -9999.0
-9999.0 -9999.0 -9999.0 -9999.0 -9999.0 -9999.0 -9999.0 -9999.0 0.020023 0.020129 0.043891 0.020140 0.040189 0.040047 0.020365 0.041233 0.082373 0.430000 0.286738 0.372189 0.335830 0.330839 0.380402 0.388035 0.101805 0.040476 0.040106 0.020081 0.040026 0.020240 0.020085 0.020105 0.020402 0.040422 0.020223 0.020269 0.020141 0.041767 0.020066 0.020394 0.020140 0.020303 0.020449 0.020164 0.040391 0.020199 0.021072 0.020640 0.020478 0.020064 0.040052 0.430000 0.170094 0.050207 0.353766 0.430000 0.430000 0.430000 0.430000 0.430000 0.430000 0.047178 -9999.0
-9999.0 -9999.0 -9999.0 -9999.0 -9999.0 -9999.0 -9999.0 -9999.0 0.040042 0.040175 0.040189 0.020302 0.020407 0.041068 0.430000 0.263011 0.206487 0.040832 0.040046 0.040853 0.393732 0.341395 0.380777 0.429433 0.430000 0.040792 0.040018 0.040060 0.040878 0.040897 0.020070 0.040072 0.021106 0.040061 0.020058 0.020066 0.020287 0.046814 0.020519 0.040025 0.020062 0.020052 0.020415 0.020112 0.020216 0.020142 0.020050 0.020495 0.020444 0.021780 0.071327 0.328100 0.430000 0.430000 0.430000 0.430000 0.430000 0.430000 0.430000 0.430000 0.202175 0.047292 -9999.0
-9999.0 -9999.0 0.020200 0.040253 0.040106 0.040268 0.040162 0.040264 0.040217 0.040127 0.040644 0.045650 0.041453 0.063201 0.430000 0.105921 0.020089 0.040039 0.040111 0.040046 0.042790 0.430000 0.430000 0.409134 0.430000 0.045862 0.040715 0.040573 0.042167 0.346495 0.040320 0.040434 0.382063 0.040541 0.043675 0.040673 0.051535 0.211782 0.021218 0.020418 0.020857 0.021269 0.020478 0.041232 0.020133 0.020425 0.043278 0.040707 0.057621 0.430000 0.430000 0.430000 0.430000 0.430000 0.430000 0.430000 0.430000 0.430000 0.218682 0.081048 0.041261 0.077877 -9999.0
-9999.0 0.040041 0.040033 0.040058 0.040085 0.040061 0.040213 0.040076 0.040064 0.020060 0.040266 0.040277 0.047163 0.430000 0.430000 0.020264 0.040172 0.040104 0.040042 0.040660 0.051143 0.279572 0.430000 0.428484 0.426603 0.328827 0.416597 0.430000 0.422071 0.089128 0.050849 0.045490 0.049939 0.430000 0.374448 0.430000 0.430000 0.430000 0.430000 0.430000 0.296445 0.407619 0.280288 0.041250 0.040707 0.041671 0.288702 0.311858 0.430000 0.430000 0.430000 0.430000 0.430000 0.430000 0.430000 0.146263 0.048257 0.045310 0.046242 0.057975 0.295032 0.323123 -9999.0
-9999.0 0.040209 0.040031 0.040412 0.054548 0.040028 0.040038 0.040168 0.040273 0.020281 0.040245 0.040447 0.044125 0.430000 0.020124 0.040479 0.020099 0.040251 0.040672 0.040725 0.043664 0.050719 0.382578 0.430000 0.429488 0.413063 0.311554 0.346419 0.430000 0.430000 0.376361 0.416493 0.430000 0.430000 0.430000 0.430000 0.430000 0.430000 0.430000 0.430000 0.430000 0.430000 0.430000 0.406485 0.287710 0.355044 0.366927 0.430000 0.430000 0.430000 0.421275 0.048974 0.043261 0.205539 0.044271 0.040093 0.040062 0.047943 0.048563 0.121971 0.196226 -9999.0 -9999.0
-9999.0 0.020074 0.040174 0.040047 0.043560 0.079480 0.135776 0.040022 0.040057 0.040083 0.040032 0.041365 0.305772 0.052670 0.048047 0.040163 0.040060 0.040111 0.040250 0.040039 0.040061 0.040055 0.150443 0.430000 0.430000 0.423824 0.418023 0.430000 0.399822 0.430000 0.330304 0.270477 0.430000 0.430000 0.430000 0.415564 0.430000 0.430000 0.430000 0.430000 0.430000 0.430000 0.430000 0.276581 0.252821 0.367925 0.425213 0.430000 0.322975 0.363795 0.040278 0.040131 0.040079 0.043801 0.041720 0.047514 0.047519 0.052872 0.058888 -9999.0 -9999.0 -9999.0 -9999.0
