erum2020/resources/simulation/Vinschgau/output-maps/thetaliqL0005N0885.asc
ncols         63
nrows         48
xllcorner     598000.000000
yllcorner     5145000.000000
cellsize      1000.000000
NODATA_value  -9999.0
[rows 0 to 28 of 48, columns 0 to 62 of 63]
-9999.0 -9999.0 -9999.0 -9999.0 -9999.0 -9999.0 -9999.0 -9999.0 -9999.0 -9999.0 -9999.0 -9999.0 -9999.0 -9999.0 -9999.0 -9999.0 -9999.0 -9999.0 -9999.0 -9999.0 -9999.0 -9999.0 -9999.0 -9999.0 -9999.0 -9999.0 -9999.0 -9999.0 -9999.0 -9999.0 -9999.0 -9999.0 -9999.0 -9999.0 -9999.0 -9999.0 -9999.0 -9999.0 -9999.0 -9999.0 -9999.0 -9999.0 -9999.0 -9999.0 -9999.0 -9999.0 -9999.0 -9999.0 -9999.0 -9999.0 -9999.0 -9999.0 -9999.0 -9999.0 -9999.0 -9999.0 -9999.0 -9999.0 -9999.0 -9999.0 -9999.0 -9999.0 -9999.0
-9999.0 -9999.0 -9999.0 -9999.0 -9999.0 -9999.0 -9999.0 -9999.0 -9999.0 -9999.0 -9999.0 -9999.0 -9999.0 -9999.0 -9999.0 -9999.0 -9999.0 -9999.0 -9999.0 -9999.0 -9999.0 -9999.0 -9999.0 -9999.0 -9999.0 -9999.0 -9999.0 0.020024 0.040010 0.020028 0.040008 0.020024 0.020023 -9999.0 -9999.0 -9999.0 -9999.0 -9999.0 -9999.0 -9999.0 -9999.0 -9999.0 -9999.0 -9999.0 -9999.0 -9999.0 -9999.0 -9999.0 -9999.0 -9999.0 -9999.0 -9999.0 -9999.0 -9999.0 -9999.0 -9999.0 -9999.0 -9999.0 -9999.0 -9999.0 -9999.0 -9999.0 -9999.0
-9999.0 -9999.0 -9999.0 -9999.0 -9999.0 -9999.0 -9999.0 -9999.0 -9999.0 -9999.0 -9999.0 -9999.0 -9999.0 -9999.0 -9999.0 -9999.0 -9999.0 -9999.0 -9999.0 -9999.0 -9999.0 -9999.0 -9999.0 -9999.0 0.040013 0.040014 0.040021 0.040013 0.040017 0.040009 0.040007 -9999.0 -9999.0 -9999.0 -9999.0 -9999.0 -9999.0 -9999.0 -9999.0 -9999.0 -9999.0 -9999.0 -9999.0 -9999.0 -9999.0 -9999.0 -9999.0 -9999.0 -9999.0 -9999.0 -9999.0 -9999.0 -9999.0 -9999.0 -9999.0 -9999.0 -9999.0 -9999.0 -9999.0 -9999.0 -9999.0 -9999.0 -9999.0
-9999.0 -9999.0 -9999.0 -9999.0 -9999.0 -9999.0 -9999.0 -9999.0 -9999.0 -9999.0 -9999.0 -9999.0 -9999.0 -9999.0 -9999.0 -9999.0 -9999.0 -9999.0 -9999.0 -9999.0 -9999.0 -9999.0 -9999.0 0.040015 0.040043 0.228198 0.261080 0.142430 0.183217 0.040016 0.040008 0.040006 -9999.0 -9999.0 -9999.0 -9999.0 -9999.0 -9999.0 -9999.0 -9999.0 -9999.0 -9999.0 -9999.0 -9999.0 -9999.0 -9999.0 -9999.0 -9999.0 -9999.0 -9999.0 -9999.0 -9999.0 -9999.0 -9999.0 -9999.0 -9999.0 -9999.0 -9999.0 -9999.0 -9999.0 -9999.0 -9999.0 -9999.0
-9999.0 -9999.0 -9999.0 -9999.0 -9999.0 -9999.0 -9999.0 -9999.0 -9999.0 -9999.0 -9999.0 -9999.0 -9999.0 -9999.0 -9999.0 -9999.0 -9999.0 -9999.0 0.362103 0.040032 -9999.0 0.040020 0.040041 0.162435 0.286538 0.124269 0.334016 0.380308 0.413091 0.260876 0.040014 0.040008 0.020020 0.020015 -9999.0 -9999.0 -9999.0 -9999.0 -9999.0 -9999.0 -9999.0 -9999.0 -9999.0 -9999.0 -9999.0 -9999.0 -9999.0 -9999.0 -9999.0 -9999.0 -9999.0 -9999.0 -9999.0 -9999.0 -9999.0 -9999.0 -9999.0 -9999.0 -9999.0 -9999.0 -9999.0 -9999.0 -9999.0
-9999.0 -9999.0 -9999.0 -9999.0 -9999.0 -9999.0 -9999.0 -9999.0 -9999.0 -9999.0 -9999.0 -9999.0 -9999.0 -9999.0 -9999.0 -9999.0 -9999.0 0.135665 0.193043 0.022574 0.020042 0.113533 0.266459 0.272968 0.303872 0.333531 0.041702 0.047691 0.050085 0.374811 0.040048 0.040014 0.020028 0.020025 0.020018 0.020016 -9999.0 -9999.0 -9999.0 -9999.0 -9999.0 -9999.0 -9999.0 -9999.0 -9999.0 -9999.0 -9999.0 -9999.0 -9999.0 -9999.0 -9999.0 -9999.0 -9999.0 -9999.0 -9999.0 -9999.0 -9999.0 -9999.0 -9999.0 -9999.0 -9999.0 -9999.0 -9999.0
-9999.0 -9999.0 -9999.0 -9999.0 -9999.0 -9999.0 -9999.0 -9999.0 -9999.0 -9999.0 -9999.0 -9999.0 -9999.0 0.040055 0.328752 0.204081 0.123136 0.023502 0.140082 0.161226 0.268052 0.265159 0.255553 0.319788 0.346885 0.040043 0.020059 0.040090 0.040111 0.044472 0.040045 0.040012 0.040008 0.040006 0.020022 0.020015 -9999.0 -9999.0 -9999.0 -9999.0 -9999.0 -9999.0 -9999.0 -9999.0 -9999.0 -9999.0 -9999.0 -9999.0 -9999.0 -9999.0 -9999.0 -9999.0 -9999.0 -9999.0 -9999.0 -9999.0 -9999.0 -9999.0 -9999.0 -9999.0 -9999.0 -9999.0 -9999.0
-9999.0 -9999.0 -9999.0 -9999.0 -9999.0 -9999.0 -9999.0 -9999.0 -9999.0 -9999.0 -9999.0 -9999.0 -9999.0 0.040346 0.287431 0.186756 0.135846 0.331503 0.023416 0.211280 0.126239 0.316781 0.300960 0.342250 0.169786 0.046024 0.040010 0.020026 0.020022 0.040037 0.040059 0.040009 0.020021 0.020014 0.020018 -9999.0 -9999.0 -9999.0 -9999.0 -9999.0 -9999.0 -9999.0 -9999.0 -9999.0 -9999.0 -9999.0 -9999.0 -9999.0 -9999.0 -9999.0 -9999.0 -9999.0 -9999.0 -9999.0 -9999.0 -9999.0 -9999.0 -9999.0 -9999.0 -9999.0 -9999.0 -9999.0 -9999.0
-9999.0 -9999.0 -9999.0 -9999.0 -9999.0 -9999.0 -9999.0 -9999.0 -9999.0 -9999.0 -9999.0 -9999.0 -9999.0 0.262082 0.430000 0.239305 0.177679 0.146738 0.023351 0.134786 0.360172 0.022242 0.326875 0.186138 0.353589 0.224200 0.020033 0.020021 0.040006 0.020016 0.040007 0.020014 0.020013 0.020011 0.020015 -9999.0 -9999.0 -9999.0 -9999.0 -9999.0 -9999.0 -9999.0 -9999.0 -9999.0 -9999.0 -9999.0 -9999.0 -9999.0 -9999.0 -9999.0 -9999.0 -9999.0 -9999.0 -9999.0 -9999.0 -9999.0 -9999.0 -9999.0 -9999.0 -9999.0 -9999.0 -9999.0 -9999.0
-9999.0 -9999.0 -9999.0 -9999.0 -9999.0 -9999.0 -9999.0 -9999.0 -9999.0 -9999.0 -9999.0 -9999.0 0.210483 0.189543 0.305530 0.347441 0.283733 0.206426 0.303372 0.023044 0.272859 0.044130 0.021257 0.040901 0.040043 0.040010 0.040015 0.040007 0.040008 0.020020 0.040003 0.020020 0.040006 0.020014 -9999.0 -9999.0 -9999.0 -9999.0 -9999.0 -9999.0 -9999.0 -9999.0 -9999.0 -9999.0 -9999.0 -9999.0 -9999.0 -9999.0 -9999.0 -9999.0 -9999.0 -9999.0 -9999.0 -9999.0 -9999.0 -9999.0 -9999.0 -9999.0 -9999.0 -9999.0 -9999.0 -9999.0 -9999.0
-9999.0 -9999.0 -9999.0 -9999.0 -9999.0 -9999.0 -9999.0 -9999.0 -9999.0 -9999.0 -9999.0 0.040065 0.388118 0.430000 0.322695 0.045629 0.023425 0.224601 0.430000 0.117998 0.180171 0.356754 0.040024 0.040011 0.040254 0.040013 0.040007 0.040009 0.040008 0.020016 0.020019 0.040010 0.020022 0.020017 0.020019 0.020023 0.040007 0.040009 0.020031 -9999.0 -9999.0 -9999.0 0.020017 -9999.0 -9999.0 -9999.0 -9999.0 -9999.0 -9999.0 -9999.0 -9999.0 -9999.0 -9999.0 -9999.0 -9999.0 -9999.0 -9999.0 -9999.0 -9999.0 -9999.0 -9999.0 -9999.0 -9999.0
-9999.0 -9999.0 -9999.0 -9999.0 -9999.0 -9999.0 -9999.0 -9999.0 -9999.0 -9999.0 -9999.0 0.040049 0.351174 0.361278 0.276171 0.040063 0.215364 0.169386 0.325123 0.362029 0.389787 0.040637 0.040035 0.040017 0.040027 0.040009 0.040008 0.040013 0.020027 0.020017 0.040009 0.040010 0.040006 0.040005 0.040004 0.040009 0.040017 0.040016 0.040010 0.020018 0.020018 0.020017 0.040009 0.020020 -9999.0 -9999.0 -9999.0 0.040003 0.040004 0.020019 0.040005 0.020017 0.020016 0.040004 0.040004 0.020015 -9999.0 -9999.0 -9999.0 -9999.0 -9999.0 -9999.0 -9999.0
-9999.0 -9999.0 -9999.0 -9999.0 -9999.0 -9999.0 -9999.0 -9999.0 -9999.0 -9999.0 -9999.0 0.040022 0.040047 0.041226 0.045558 0.040602 0.378054 0.248815 0.340850 0.323687 0.315743 0.288028 0.040061 0.040013 0.040009 0.020025 0.040038 0.040013 0.020024 0.040005 0.020022 0.040011 0.040014 0.040006 0.020020 0.040015 0.040015 0.040019 0.040025 0.020022 0.040011 0.020024 0.040014 0.040010 0.040006 -9999.0 0.020014 0.040006 0.040008 0.040012 0.020038 0.020031 0.020031 0.040008 0.020026 0.040006 -9999.0 -9999.0 -9999.0 -9999.0 -9999.0 -9999.0 -9999.0
-9999.0 -9999.0 -9999.0 -9999.0 -9999.0 -9999.0 -9999.0 -9999.0 -9999.0 -9999.0 -9999.0 -9999.0 0.040060 0.040295 0.040164 0.040216 0.307539 0.227973 0.364783 0.344388 0.287549 0.279896 0.040886 0.040094 0.040015 0.040035 0.040027 0.020035 0.040008 0.020021 0.040008 0.040011 0.020038 0.040007 0.040006 0.040010 0.040032 0.040026 0.042226 0.020037 0.040019 0.020032 0.040047 0.040024 0.020022 0.040005 0.020018 0.040006 0.040015 0.040046 0.040257 0.040012 0.040020 0.040010 0.040008 0.040008 0.040006 -9999.0 -9999.0 -9999.0 -9999.0 -9999.0 -9999.0
-9999.0 -9999.0 -9999.0 -9999.0 -9999.0 -9999.0 -9999.0 -9999.0 -9999.0 -9999.0 -9999.0 0.040146 0.040015 0.020076 0.040177 0.064838 0.372889 0.298945 0.368912 0.240299 0.260161 0.332345 0.046436 0.040029 0.040054 0.040368 0.040165 0.040007 0.040007 0.020026 0.040030 0.040016 0.040024 0.040008 0.040005 0.040009 0.040010 0.040061 0.081097 0.040063 0.040057 0.046196 0.040145 0.020088 0.040045 0.040008 0.040011 0.020027 0.020032 0.020406 0.020033 0.040008 0.040006 0.020018 0.020016 0.020015 0.020020 -9999.0 -9999.0 -9999.0 -9999.0 -9999.0 -9999.0
-9999.0 -9999.0 -9999.0 -9999.0 -9999.0 -9999.0 -9999.0 -9999.0 -9999.0 -9999.0 0.040027 0.040193 0.040030 0.040029 0.040138 0.040159 0.040150 0.321416 0.188845 0.249073 0.398818 0.419692 0.040143 0.040059 0.074807 0.040041 0.040020 0.020027 0.020037 0.040019 0.040022 0.040021 0.040019 0.040008 0.020015 0.020022 0.040014 0.040037 0.048461 0.359588 0.362469 0.030149 0.109451 0.395181 0.042626 0.020027 0.040011 0.040060 0.040105 0.076339 0.020021 0.020019 0.020015 0.020014 0.020014 0.040008 0.040008 -9999.0 -9999.0 -9999.0 -9999.0 -9999.0 -9999.0
-9999.0 -9999.0 -9999.0 -9999.0 -9999.0 -9999.0 -9999.0 -9999.0 -9999.0 0.040010 0.040037 0.040046 0.040222 0.040085 0.040270 0.040421 0.041439 0.046519 0.201606 0.188276 0.374362 0.222726 0.245987 0.333818 0.361336 0.040045 0.040014 0.040019 0.040202 0.050245 0.365224 0.020077 0.020023 0.020015 0.020017 0.020022 0.040014 0.040025 0.040035 0.040356 0.040890 0.041501 0.040186 0.274437 0.334660 0.040348 0.040212 0.040047 0.040050 0.379264 0.020049 0.020020 0.020013 0.020014 0.020017 0.040005 0.040007 0.020021 0.020018 -9999.0 -9999.0 -9999.0 -9999.0
-9999.0 -9999.0 -9999.0 -9999.0 -9999.0 -9999.0 -9999.0 -9999.0 -9999.0 0.020024 0.040010 0.040019 0.040140 0.233509 0.040372 0.040082 0.040156 0.373153 0.189546 0.295687 0.323213 0.266605 0.395071 0.051862 0.040067 0.040027 0.040094 0.055073 0.380348 0.144463 0.040180 0.040029 0.040011 0.040006 0.040008 0.020022 0.020024 0.020030 0.040009 0.040026 0.040128 0.040021 0.040113 0.384251 0.314775 0.365726 0.385604 0.319889 0.175792 0.377542 0.020047 0.040006 0.020015 0.040004 0.020020 0.040004 0.040007 0.040009 0.020025 -9999.0 -9999.0 -9999.0 -9999.0
-9999.0 -9999.0 -9999.0 -9999.0 -9999.0 -9999.0 -9999.0 -9999.0 -9999.0 -9999.0 0.040008 0.040019 0.041982 0.040240 0.280933 0.041630 0.190268 0.364036 0.183740 0.271089 0.356038 0.188214 0.351960 0.041029 0.040052 0.042608 0.365858 0.408471 0.040157 0.040040 0.040031 0.040024 0.040009 0.040007 0.040013 0.040011 0.040024 0.040042 0.020024 0.040009 0.040008 0.040029 0.040049 0.040414 0.314996 0.345952 0.320365 0.397743 0.381307 0.339061 0.020070 0.020030 0.020017 0.020015 0.040004 0.040006 0.040011 0.040043 0.040029 0.043495 -9999.0 -9999.0 -9999.0
-9999.0 -9999.0 -9999.0 -9999.0 -9999.0 -9999.0 -9999.0 -9999.0 -9999.0 -9999.0 0.040008 0.040011 0.040019 0.044152 0.419983 0.268943 0.304216 0.224234 0.200178 0.146831 0.150438 0.216238 0.313313 0.040238 0.042599 0.386067 0.430000 0.209296 0.040054 0.040010 0.040009 0.040010 0.020024 0.040006 0.040009 0.040034 0.040042 0.040335 0.040019 0.040007 0.040010 0.020037 0.040043 0.040015 0.040077 0.020323 0.057690 0.313678 0.315271 0.430000 0.073277 0.040019 0.040009 0.020018 0.020014 0.020016 0.040006 0.040045 0.430000 0.430000 -9999.0 -9999.0 -9999.0
-9999.0 -9999.0 -9999.0 -9999.0 -9999.0 -9999.0 -9999.0 -9999.0 0.040013 0.040008 0.020024 0.040014 0.040014 0.040051 0.046311 0.347760 0.185404 0.259353 0.238824 0.124136 0.125595 0.165371 0.184154 0.212117 0.346374 0.391429 0.397791 0.040096 0.040023 0.040011 0.020016 0.040009 0.040009 0.040006 0.040010 0.040010 0.040088 0.040169 0.040021 0.020022 0.020027 0.040022 0.020033 0.020023 0.020033 0.040032 0.040024 0.040106 0.305940 0.430000 0.200438 0.020157 0.040012 0.040005 0.020016 0.020024 0.020022 0.040047 0.381464 0.430000 -9999.0 -9999.0 -9999.0
-9999.0 -9999.0 -9999.0 -9999.0 -9999.0 -9999.0 -9999.0 -9999.0 0.020036 0.040030 0.040013 0.040007 0.040010 0.040021 0.040081 0.350663 0.246883 0.218551 0.118554 0.123737 0.308181 0.278270 0.274504 0.269448 0.180717 0.291924 0.388999 0.040205 0.020024 0.040007 0.040006 0.020023 0.040011 0.020024 0.040013 0.040017 0.040107 0.040823 0.040132 0.040013 0.040009 0.020018 0.020025 0.040014 0.040024 0.040070 0.020030 0.040013 0.040222 0.352375 0.430000 0.040334 0.040009 0.040006 0.020032 0.020034 0.040041 0.063884 0.420180 0.426165 0.138276 -9999.0 -9999.0
-9999.0 -9999.0 -9999.0 -9999.0 -9999.0 -9999.0 -9999.0 -9999.0 0.040009 0.040012 0.040014 0.040010 0.040008 0.020035 0.040074 0.040099 0.259668 0.281845 0.136628 0.285706 0.121484 0.228217 0.255649 0.165078 0.288489 0.246354 0.364229 0.040056 0.020028 0.040009 0.020026 0.040022 0.040018 0.020053 0.040027 0.040031 0.051942 0.429855 0.077675 0.040054 0.040013 0.020026 0.040013 0.040012 0.040026 0.040013 0.020022 0.040009 0.040017 0.385423 0.373732 0.298183 0.040009 0.040008 0.040020 0.040063 0.417836 0.429839 0.357114 0.430000 0.344804 -9999.0 -9999.0
-9999.0 -9999.0 -9999.0 -9999.0 -9999.0 -9999.0 -9999.0 -9999.0 0.020019 0.040014 0.040087 0.020026 0.040011 0.040047 0.020319 0.365705 0.153093 0.149017 0.322128 0.127904 0.134608 0.139242 0.234618 0.170501 0.188915 0.290076 0.152215 0.040030 0.040023 0.040064 0.040046 0.040109 0.022426 0.042648 0.020278 0.040057 0.181772 0.247562 0.390260 0.041352 0.040017 0.040020 0.040019 0.020033 0.040010 0.020027 0.020038 0.020031 0.040010 0.040039 0.367481 0.394913 0.351168 0.040084 0.287225 0.430000 0.427883 0.430000 0.304300 0.349824 0.344604 0.302333 -9999.0
-9999.0 -9999.0 -9999.0 -9999.0 -9999.0 -9999.0 -9999.0 -9999.0 0.040005 0.040012 0.040031 0.040041 0.040209 0.045054 0.175347 0.430000 0.424265 0.254504 0.278311 0.219697 0.159186 0.168013 0.141972 0.138758 0.313929 0.265734 0.040065 0.042363 0.343097 0.043594 0.040368 0.234706 0.430000 0.397077 0.362604 0.357696 0.346092 0.218977 0.207087 0.421696 0.374468 0.076578 0.146430 0.022851 0.040042 0.040037 0.040172 0.042445 0.040138 0.338309 0.402474 0.278072 0.360220 0.385116 0.430000 0.430000 0.430000 0.400346 0.387589 0.345005 0.274592 0.310185 -9999.0
-9999.0 -9999.0 0.020032 0.040013 0.040011 0.040023 0.040012 0.040014 0.040007 0.040009 0.040036 0.040777 0.043986 0.047324 0.421429 0.430000 0.327598 0.040058 0.040102 0.334096 0.215844 0.214977 0.389598 0.114107 0.160753 0.217156 0.274569 0.294101 0.317518 0.404923 0.348979 0.336052 0.430000 0.295612 0.366602 0.236945 0.302266 0.185993 0.167527 0.209683 0.331100 0.373721 0.305672 0.385956 0.358104 0.352498 0.418007 0.351592 0.362914 0.350434 0.304274 0.288361 0.408105 0.427342 0.430000 0.430000 0.430000 0.384128 0.381167 0.304185 0.394804 0.319614 -9999.0
-9999.0 0.040088 0.040079 0.040062 0.040025 0.040014 0.040012 0.040012 0.040009 0.040007 0.040018 0.040090 0.052262 0.041355 0.418834 0.040322 0.040051 0.040018 0.040088 0.343567 0.215911 0.250806 0.430000 0.328501 0.187571 0.168001 0.243623 0.285605 0.318113 0.366939 0.265506 0.313577 0.399892 0.382999 0.284439 0.265232 0.229245 0.143340 0.280038 0.279657 0.263000 0.295236 0.312775 0.223925 0.219954 0.205928 0.335424 0.208533 0.272069 0.284949 0.338898 0.392932 0.430000 0.430000 0.430000 0.430000 0.413026 0.389177 0.430000 0.388475 0.364760 0.323139 -9999.0
-9999.0 0.040091 0.040090 0.040273 0.040184 0.040030 0.040022 0.040010 0.040007 0.020023 0.040014 0.040056 0.325373 0.421458 0.043905 0.040023 0.040013 0.040016 0.040207 0.066644 0.387900 0.357919 0.319342 0.430000 0.405545 0.276978 0.107820 0.121051 0.274941 0.174211 0.126464 0.141834 0.351356 0.348480 0.350767 0.282785 0.309600 0.278303 0.242485 0.216359 0.245745 0.281001 0.273026 0.152775 0.102661 0.128559 0.245784 0.292874 0.305115 0.327396 0.355921 0.332819 0.380106 0.430000 0.423529 0.103709 0.052388 0.055202 0.130465 0.045136 0.190682 -9999.0 -9999.0
-9999.0 0.020052 0.041134 0.041658 0.427826 0.040921 0.040213 0.040038 0.040018 0.040019 0.040058 0.173613 0.407447 0.045673 0.040044 0.040011 0.040011 0.040021 0.040040 0.050200 0.044257 0.292396 0.223858 0.421890 0.420621 0.340660 0.343956 0.340341 0.145604 0.268457 0.112855 0.103800 0.316818 0.322938 0.282702 0.236412 0.244173 0.265824 0.222902 0.212927 0.215847 0.289480 0.254599 0.098670 0.097749 0.283818 0.281619 0.328806 0.348998 0.283467 0.365151 0.045350 0.099131 0.040241 0.042590 0.040091 0.040085 0.040060 0.040066 -9999.0 -9999.0 -9999.0 -9999.0
