erum2020/resources/simulation/Vinschgau/output-maps/thetaliqL0007N1097.asc
ncols         63
nrows         48
xllcorner     598000.000000
yllcorner     5145000.000000
cellsize      1000.000000
NODATA_value  -9999.0
[rows 0 to 28 of 48, columns 0 to 62 of 63]
-9999.0 -9999.0 -9999.0 -9999.0 -9999.0 -9999.0 -9999.0 -9999.0 -9999.0 -9999.0 -9999.0 -9999.0 -9999.0 -9999.0 -9999.0 -9999.0 -9999.0 -9999.0 -9999.0 -9999.0 -9999.0 -9999.0 -9999.0 -9999.0 -9999.0 -9999.0 -9999.0 -9999.0 -9999.0 -9999.0 -9999.0 -9999.0 -9999.0 -9999.0 -9999.0 -9999.0 -9999.0 -9999.0 -9999.0 -9999.0 -9999.0 -9999.0 -9999.0 -9999.0 -9999.0 -9999.0 -9999.0 -9999.0 -9999.0 -9999.0 -9999.0 -9999.0 -9999.0 -9999.0 -9999.0 -9999.0 -9999.0 -9999.0 -9999.0 -9999.0 -9999.0 -9999.0 -9999.0
-9999.0 -9999.0 -9999.0 -9999.0 -9999.0 -9999.0 -9999.0 -9999.0 -9999.0 -9999.0 -9999.0 -9999.0 -9999.0 -9999.0 -9999.0 -9999.0 -9999.0 -9999.0 -9999.0 -9999.0 -9999.0 -9999.0 -9999.0 -9999.0 -9999.0 -9999.0 -9999.0 0.020932 0.020248 0.020313 0.020094 0.020123 0.020098 -9999.0 -9999.0 -9999.0 -9999.0 -9999.0 -9999.0 -9999.0 -9999.0 -9999.0 -9999.0 -9999.0 -9999.0 -9999.0 -9999.0 -9999.0 -9999.0 -9999.0 -9999.0 -9999.0 -9999.0 -9999.0 -9999.0 -9999.0 -9999.0 -9999.0 -9999.0 -9999.0 -9999.0 -9999.0 -9999.0
-9999.0 -9999.0 -9999.0 -9999.0 -9999.0 -9999.0 -9999.0 -9999.0 -9999.0 -9999.0 -9999.0 -9999.0 -9999.0 -9999.0 -9999.0 -9999.0 -9999.0 -9999.0 -9999.0 -9999.0 -9999.0 -9999.0 -9999.0 -9999.0 0.021138 0.021541 0.021153 0.021615 0.020485 0.020324 0.020254 -9999.0 -9999.0 -9999.0 -9999.0 -9999.0 -9999.0 -9999.0 -9999.0 -9999.0 -9999.0 -9999.0 -9999.0 -9999.0 -9999.0 -9999.0 -9999.0 -9999.0 -9999.0 -9999.0 -9999.0 -9999.0 -9999.0 -9999.0 -9999.0 -9999.0 -9999.0 -9999.0 -9999.0 -9999.0 -9999.0 -9999.0 -9999.0
-9999.0 -9999.0 -9999.0 -9999.0 -9999.0 -9999.0 -9999.0 -9999.0 -9999.0 -9999.0 -9999.0 -9999.0 -9999.0 -9999.0 -9999.0 -9999.0 -9999.0 -9999.0 -9999.0 -9999.0 -9999.0 -9999.0 -9999.0 0.022074 0.022333 0.278341 0.056139 0.020604 0.020719 0.021947 0.020325 0.020111 -9999.0 -9999.0 -9999.0 -9999.0 -9999.0 -9999.0 -9999.0 -9999.0 -9999.0 -9999.0 -9999.0 -9999.0 -9999.0 -9999.0 -9999.0 -9999.0 -9999.0 -9999.0 -9999.0 -9999.0 -9999.0 -9999.0 -9999.0 -9999.0 -9999.0 -9999.0 -9999.0 -9999.0 -9999.0 -9999.0 -9999.0
-9999.0 -9999.0 -9999.0 -9999.0 -9999.0 -9999.0 -9999.0 -9999.0 -9999.0 -9999.0 -9999.0 -9999.0 -9999.0 -9999.0 -9999.0 -9999.0 -9999.0 -9999.0 0.417644 0.023667 -9999.0 0.022362 0.022966 0.020782 0.066083 0.020680 0.410668 0.418819 0.428872 0.068267 0.020954 0.020341 0.020159 0.020125 -9999.0 -9999.0 -9999.0 -9999.0 -9999.0 -9999.0 -9999.0 -9999.0 -9999.0 -9999.0 -9999.0 -9999.0 -9999.0 -9999.0 -9999.0 -9999.0 -9999.0 -9999.0 -9999.0 -9999.0 -9999.0 -9999.0 -9999.0 -9999.0 -9999.0 -9999.0 -9999.0 -9999.0 -9999.0
-9999.0 -9999.0 -9999.0 -9999.0 -9999.0 -9999.0 -9999.0 -9999.0 -9999.0 -9999.0 -9999.0 -9999.0 -9999.0 -9999.0 -9999.0 -9999.0 -9999.0 0.172161 0.028404 0.020646 0.051144 0.366457 0.071808 0.021644 0.406768 0.075041 0.020519 0.089019 0.050319 0.430000 0.023082 0.021005 0.020189 0.020778 0.020134 0.020107 -9999.0 -9999.0 -9999.0 -9999.0 -9999.0 -9999.0 -9999.0 -9999.0 -9999.0 -9999.0 -9999.0 -9999.0 -9999.0 -9999.0 -9999.0 -9999.0 -9999.0 -9999.0 -9999.0 -9999.0 -9999.0 -9999.0 -9999.0 -9999.0 -9999.0 -9999.0 -9999.0
-9999.0 -9999.0 -9999.0 -9999.0 -9999.0 -9999.0 -9999.0 -9999.0 -9999.0 -9999.0 -9999.0 -9999.0 -9999.0 0.106661 0.091041 0.232848 0.152322 0.049997 0.176692 0.020739 0.064862 0.065720 0.020886 0.139495 0.090382 0.023573 0.020280 0.020178 0.020760 0.080506 0.020173 0.021170 0.020257 0.020106 0.020077 0.020101 -9999.0 -9999.0 -9999.0 -9999.0 -9999.0 -9999.0 -9999.0 -9999.0 -9999.0 -9999.0 -9999.0 -9999.0 -9999.0 -9999.0 -9999.0 -9999.0 -9999.0 -9999.0 -9999.0 -9999.0 -9999.0 -9999.0 -9999.0 -9999.0 -9999.0 -9999.0 -9999.0
-9999.0 -9999.0 -9999.0 -9999.0 -9999.0 -9999.0 -9999.0 -9999.0 -9999.0 -9999.0 -9999.0 -9999.0 -9999.0 0.181510 0.067186 0.205996 0.164401 0.351419 0.050016 0.046499 0.020128 0.051174 0.058828 0.082598 0.083637 0.022334 0.021555 0.020617 0.020276 0.020106 0.020066 0.020533 0.020180 0.020026 0.020107 -9999.0 -9999.0 -9999.0 -9999.0 -9999.0 -9999.0 -9999.0 -9999.0 -9999.0 -9999.0 -9999.0 -9999.0 -9999.0 -9999.0 -9999.0 -9999.0 -9999.0 -9999.0 -9999.0 -9999.0 -9999.0 -9999.0 -9999.0 -9999.0 -9999.0 -9999.0 -9999.0 -9999.0
-9999.0 -9999.0 -9999.0 -9999.0 -9999.0 -9999.0 -9999.0 -9999.0 -9999.0 -9999.0 -9999.0 -9999.0 -9999.0 0.056135 0.200000 0.250263 0.200223 0.176438 0.050031 0.163264 0.171446 0.020926 0.074538 0.075005 0.097817 0.100021 0.051232 0.020206 0.020170 0.020030 0.020239 0.020024 0.020023 0.020017 0.020093 -9999.0 -9999.0 -9999.0 -9999.0 -9999.0 -9999.0 -9999.0 -9999.0 -9999.0 -9999.0 -9999.0 -9999.0 -9999.0 -9999.0 -9999.0 -9999.0 -9999.0 -9999.0 -9999.0 -9999.0 -9999.0 -9999.0 -9999.0 -9999.0 -9999.0 -9999.0 -9999.0 -9999.0
-9999.0 -9999.0 -9999.0 -9999.0 -9999.0 -9999.0 -9999.0 -9999.0 -9999.0 -9999.0 -9999.0 -9999.0 0.020892 0.200000 0.074369 0.102719 0.297575 0.229579 0.332024 0.020616 0.066170 0.073922 0.020583 0.024031 0.040109 0.021460 0.020070 0.020279 0.020152 0.020114 0.020025 0.020150 0.020071 0.020098 -9999.0 -9999.0 -9999.0 -9999.0 -9999.0 -9999.0 -9999.0 -9999.0 -9999.0 -9999.0 -9999.0 -9999.0 -9999.0 -9999.0 -9999.0 -9999.0 -9999.0 -9999.0 -9999.0 -9999.0 -9999.0 -9999.0 -9999.0 -9999.0 -9999.0 -9999.0 -9999.0 -9999.0 -9999.0
-9999.0 -9999.0 -9999.0 -9999.0 -9999.0 -9999.0 -9999.0 -9999.0 -9999.0 -9999.0 -9999.0 0.030890 0.125403 0.430000 0.086567 0.183337 0.020595 0.229949 0.393502 0.020553 0.020261 0.411623 0.023059 0.021627 0.020147 0.020230 0.020209 0.020203 0.020173 0.020108 0.020146 0.020158 0.020080 0.020128 0.020118 0.020185 0.020224 0.020221 0.020114 -9999.0 -9999.0 -9999.0 0.020118 -9999.0 -9999.0 -9999.0 -9999.0 -9999.0 -9999.0 -9999.0 -9999.0 -9999.0 -9999.0 -9999.0 -9999.0 -9999.0 -9999.0 -9999.0 -9999.0 -9999.0 -9999.0 -9999.0 -9999.0
-9999.0 -9999.0 -9999.0 -9999.0 -9999.0 -9999.0 -9999.0 -9999.0 -9999.0 -9999.0 -9999.0 0.025133 0.106948 0.020586 0.069752 0.115515 0.035205 0.022840 0.346857 0.358754 0.177623 0.153280 0.022509 0.020111 0.020051 0.020438 0.020408 0.020282 0.020159 0.020125 0.020274 0.020421 0.020162 0.020072 0.020123 0.020363 0.020401 0.021314 0.020877 0.020132 0.020139 0.020123 0.020119 0.020176 -9999.0 -9999.0 -9999.0 0.040044 0.020064 0.020066 0.020062 0.020081 0.020078 0.040035 0.040020 0.020075 -9999.0 -9999.0 -9999.0 -9999.0 -9999.0 -9999.0 -9999.0
-9999.0 -9999.0 -9999.0 -9999.0 -9999.0 -9999.0 -9999.0 -9999.0 -9999.0 -9999.0 -9999.0 0.024170 0.035169 0.022472 0.428311 0.145988 0.135511 0.041465 0.167107 0.339902 0.335857 0.023077 0.020107 0.021496 0.020427 0.021200 0.020074 0.020058 0.020550 0.020125 0.020267 0.020049 0.020336 0.020111 0.020131 0.020243 0.020068 0.020082 0.052202 0.020301 0.020197 0.020199 0.020210 0.020381 0.020078 -9999.0 0.020090 0.020074 0.020112 0.020218 0.020295 0.020427 0.020577 0.020246 0.020079 0.020070 -9999.0 -9999.0 -9999.0 -9999.0 -9999.0 -9999.0 -9999.0
-9999.0 -9999.0 -9999.0 -9999.0 -9999.0 -9999.0 -9999.0 -9999.0 -9999.0 -9999.0 -9999.0 -9999.0 0.023700 0.042324 0.174548 0.187117 0.074908 0.042335 0.364006 0.349004 0.061435 0.022419 0.020153 0.020065 0.020100 0.020101 0.022859 0.020746 0.020210 0.020183 0.020588 0.020053 0.020382 0.020082 0.020071 0.020234 0.020053 0.020089 0.071071 0.022629 0.020540 0.051155 0.020066 0.021308 0.020242 0.020082 0.020111 0.020081 0.020039 0.020063 0.148989 0.020055 0.040022 0.040017 0.020037 0.020087 0.020083 -9999.0 -9999.0 -9999.0 -9999.0 -9999.0 -9999.0
-9999.0 -9999.0 -9999.0 -9999.0 -9999.0 -9999.0 -9999.0 -9999.0 -9999.0 -9999.0 -9999.0 0.040061 0.022879 0.082383 0.020620 0.117826 0.137771 0.069160 0.172279 0.274408 0.057161 0.081802 0.079228 0.020150 0.020100 0.020097 0.040030 0.020294 0.020248 0.021730 0.020080 0.020075 0.021381 0.020087 0.020108 0.020110 0.020575 0.020095 0.162383 0.052278 0.020386 0.024685 0.020240 0.020349 0.022793 0.020356 0.020140 0.022650 0.051208 0.021594 0.020062 0.020335 0.020038 0.020034 0.020029 0.020024 0.020139 -9999.0 -9999.0 -9999.0 -9999.0 -9999.0 -9999.0
-9999.0 -9999.0 -9999.0 -9999.0 -9999.0 -9999.0 -9999.0 -9999.0 -9999.0 -9999.0 0.047112 0.020369 0.022926 0.023488 0.058723 0.023577 0.023100 0.076306 0.222060 0.280376 0.388125 0.420923 0.020430 0.025343 0.098422 0.040072 0.020112 0.020042 0.021346 0.022175 0.020103 0.020097 0.020940 0.020161 0.020100 0.020267 0.020431 0.020059 0.020245 0.093396 0.023847 0.021393 0.050373 0.424721 0.022749 0.022343 0.020837 0.020070 0.020107 0.125450 0.020038 0.020102 0.020026 0.020021 0.020023 0.020208 0.020126 -9999.0 -9999.0 -9999.0 -9999.0 -9999.0 -9999.0
-9999.0 -9999.0 -9999.0 -9999.0 -9999.0 -9999.0 -9999.0 -9999.0 -9999.0 0.020296 0.043396 0.040048 0.020256 0.020482 0.040287 0.020716 0.023656 0.186751 0.036420 0.255222 0.373410 0.055374 0.022474 0.091485 0.405331 0.020123 0.020089 0.023324 0.020307 0.021193 0.133864 0.020105 0.020419 0.020026 0.020141 0.020249 0.020399 0.020050 0.020093 0.020122 0.020157 0.020309 0.020420 0.062050 0.025136 0.023109 0.066233 0.020390 0.020396 0.409492 0.020098 0.020131 0.020019 0.020055 0.020073 0.020040 0.020048 0.020192 0.020087 -9999.0 -9999.0 -9999.0 -9999.0
-9999.0 -9999.0 -9999.0 -9999.0 -9999.0 -9999.0 -9999.0 -9999.0 -9999.0 0.020363 0.020842 0.023101 0.094146 0.116799 0.023139 0.020459 0.029461 0.127708 0.031564 0.326625 0.345758 0.114107 0.422866 0.182156 0.020182 0.020110 0.020476 0.115993 0.131408 0.430000 0.026641 0.020083 0.020199 0.020139 0.020095 0.020269 0.020796 0.046238 0.020685 0.021449 0.040026 0.020115 0.020802 0.132374 0.344275 0.403409 0.109659 0.022439 0.022734 0.129769 0.020055 0.020033 0.020053 0.020052 0.020056 0.040010 0.020052 0.020062 0.020953 -9999.0 -9999.0 -9999.0 -9999.0
-9999.0 -9999.0 -9999.0 -9999.0 -9999.0 -9999.0 -9999.0 -9999.0 -9999.0 -9999.0 0.020570 0.021089 0.020652 0.040692 0.023161 0.023785 0.122326 0.117397 0.027337 0.288616 0.359586 0.020676 0.092725 0.020388 0.020200 0.032657 0.120800 0.179006 0.027571 0.020110 0.020087 0.040028 0.020054 0.020131 0.020208 0.021387 0.022597 0.021577 0.020845 0.020374 0.020425 0.022182 0.029727 0.024255 0.031265 0.089676 0.028443 0.416247 0.021662 0.023486 0.020091 0.020049 0.020069 0.020050 0.020054 0.020071 0.020165 0.020120 0.020153 0.094062 -9999.0 -9999.0 -9999.0
-9999.0 -9999.0 -9999.0 -9999.0 -9999.0 -9999.0 -9999.0 -9999.0 -9999.0 -9999.0 0.020107 0.020302 0.022505 0.022955 0.430000 0.063195 0.070676 0.254942 0.215042 0.191112 0.182847 0.046955 0.078834 0.022293 0.038716 0.139587 0.430000 0.085891 0.020144 0.020060 0.020635 0.020464 0.020042 0.020145 0.020511 0.021919 0.020125 0.020096 0.020084 0.020242 0.020208 0.022267 0.020066 0.022358 0.052159 0.020236 0.137556 0.030959 0.023753 0.047173 0.020871 0.020117 0.020045 0.020064 0.020043 0.020054 0.020088 0.020117 0.164302 0.430000 -9999.0 -9999.0 -9999.0
-9999.0 -9999.0 -9999.0 -9999.0 -9999.0 -9999.0 -9999.0 -9999.0 0.020284 0.020597 0.020198 0.020375 0.020064 0.020277 0.022714 0.375154 0.035804 0.115389 0.276270 0.167690 0.154877 0.024860 0.030032 0.043551 0.093269 0.420292 0.428586 0.020269 0.020102 0.020063 0.020027 0.020339 0.020445 0.020164 0.020140 0.021365 0.064953 0.020386 0.020064 0.020292 0.021937 0.021248 0.020063 0.020488 0.051075 0.023301 0.020070 0.020466 0.029927 0.428008 0.073714 0.020124 0.020044 0.020030 0.020060 0.020079 0.020236 0.023497 0.026896 0.102002 -9999.0 -9999.0 -9999.0
-9999.0 -9999.0 -9999.0 -9999.0 -9999.0 -9999.0 -9999.0 -9999.0 0.020056 0.020055 0.020080 0.020234 0.020982 0.020086 0.020222 0.089105 0.058790 0.046800 0.020118 0.165740 0.334827 0.299913 0.285653 0.118461 0.031289 0.299794 0.413754 0.020448 0.020046 0.020235 0.020121 0.020568 0.020151 0.020984 0.020475 0.022052 0.123299 0.023437 0.020160 0.021236 0.020270 0.020035 0.021231 0.021656 0.022401 0.020090 0.020050 0.021370 0.020505 0.090476 0.142435 0.023008 0.020042 0.020106 0.020748 0.020085 0.020122 0.023646 0.030975 0.377126 0.187887 -9999.0 -9999.0
-9999.0 -9999.0 -9999.0 -9999.0 -9999.0 -9999.0 -9999.0 -9999.0 0.020458 0.021300 0.020210 0.020055 0.020254 0.020069 0.020224 0.020278 0.058892 0.067441 0.022611 0.325940 0.164292 0.277254 0.271088 0.201871 0.313709 0.051781 0.097320 0.020151 0.020034 0.020396 0.021640 0.021118 0.020110 0.020094 0.022144 0.028656 0.023254 0.058881 0.021511 0.020070 0.020490 0.023970 0.021194 0.021102 0.020075 0.020865 0.020267 0.020629 0.020115 0.034023 0.390734 0.080701 0.020061 0.020044 0.020130 0.020301 0.191481 0.176090 0.055012 0.382887 0.330382 -9999.0 -9999.0
-9999.0 -9999.0 -9999.0 -9999.0 -9999.0 -9999.0 -9999.0 -9999.0 0.020115 0.020865 0.040158 0.020041 0.021096 0.040060 0.020127 0.087333 0.020195 0.023566 0.337465 0.161802 0.176790 0.192724 0.283418 0.251548 0.222751 0.069688 0.086678 0.020085 0.022943 0.020073 0.020101 0.020248 0.021078 0.020365 0.020742 0.057956 0.134169 0.048715 0.036947 0.023040 0.023198 0.022414 0.021891 0.051092 0.021231 0.022906 0.021351 0.043937 0.021464 0.020275 0.094659 0.093468 0.087571 0.040109 0.168883 0.200000 0.105847 0.346554 0.292899 0.336392 0.338422 0.315668 -9999.0
-9999.0 -9999.0 -9999.0 -9999.0 -9999.0 -9999.0 -9999.0 -9999.0 0.020076 0.020329 0.040041 0.020111 0.020159 0.020405 0.190727 0.417703 0.416771 0.057519 0.070847 0.045961 0.185916 0.227319 0.192286 0.181081 0.116142 0.062712 0.020178 0.036395 0.121796 0.021191 0.020412 0.136609 0.066059 0.169243 0.024928 0.023972 0.021884 0.029807 0.020520 0.177074 0.025960 0.021661 0.024299 0.021645 0.020290 0.023754 0.020495 0.020161 0.021195 0.024401 0.026361 0.063470 0.086050 0.117831 0.200000 0.430000 0.420617 0.382594 0.363467 0.051972 0.055995 0.326648 -9999.0
-9999.0 -9999.0 0.020739 0.020827 0.020048 0.020100 0.020055 0.020040 0.020172 0.020354 0.020060 0.040497 0.021131 0.023883 0.197050 0.430000 0.031509 0.020152 0.020577 0.083902 0.044343 0.225094 0.340433 0.150436 0.205815 0.047905 0.063140 0.069080 0.066826 0.196408 0.085773 0.084289 0.413332 0.060016 0.128516 0.039455 0.103501 0.022234 0.020148 0.020639 0.021020 0.021185 0.020963 0.084382 0.028819 0.024372 0.165225 0.389079 0.022610 0.092390 0.077523 0.333646 0.406412 0.419832 0.429776 0.428194 0.415201 0.380252 0.082433 0.068094 0.399641 0.342906 -9999.0
-9999.0 0.020101 0.020061 0.020059 0.020101 0.020065 0.020093 0.020072 0.020048 0.020162 0.020122 0.020243 0.424475 0.388121 0.430000 0.020418 0.020111 0.020128 0.040065 0.083538 0.045723 0.045463 0.415876 0.299425 0.239506 0.215175 0.287775 0.317746 0.089506 0.358452 0.060494 0.080762 0.147634 0.351784 0.092431 0.244904 0.067016 0.020779 0.241756 0.235320 0.080311 0.102543 0.026785 0.033035 0.037677 0.033575 0.327150 0.026552 0.065055 0.278707 0.342788 0.387047 0.415637 0.427745 0.429076 0.430000 0.425541 0.416934 0.430000 0.429979 0.411409 0.347410 -9999.0
-9999.0 0.023575 0.020387 0.020428 0.192699 0.020208 0.020065 0.020058 0.020169 0.020147 0.020086 0.020149 0.091432 0.430000 0.021542 0.020056 0.020078 0.020105 0.020357 0.051651 0.430000 0.368474 0.319931 0.412870 0.396983 0.330174 0.124555 0.195488 0.284753 0.022967 0.021668 0.022075 0.306073 0.304407 0.322060 0.249930 0.316382 0.300652 0.169842 0.196894 0.213024 0.262548 0.094020 0.158962 0.115989 0.021225 0.269758 0.281133 0.294881 0.317986 0.353850 0.351785 0.407443 0.430000 0.149198 0.377956 0.020417 0.363867 0.093562 0.310900 0.398062 -9999.0 -9999.0
-9999.0 0.023399 0.020142 0.020580 0.151436 0.130137 0.233095 0.020104 0.020124 0.020107 0.020109 0.093618 0.186450 0.405075 0.020116 0.020045 0.020060 0.020093 0.020107 0.020615 0.027494 0.095448 0.281372 0.412752 0.408411 0.341990 0.330248 0.321654 0.185299 0.276959 0.160448 0.155785 0.282821 0.278022 0.255675 0.231475 0.227806 0.298036 0.218091 0.214416 0.217494 0.311659 0.237840 0.155290 0.154313 0.264980 0.272758 0.303709 0.331575 0.278381 0.090923 0.426487 0.395052 0.140017 0.229225 0.040098 0.040093 0.040060 0.040069 -9999.0 -9999.0 -9999.0 -9999.0
