erum2020/resources/simulation/Vinschgau/output-maps/thetaliqL0002N0397.asc
ncols         63
nrows         48
xllcorner     598000.000000
yllcorner     5145000.000000
cellsize      1000.000000
NODATA_value  -9999.0
[rows 0 to 28 of 48, columns 0 to 62 of 63]
-9999.0 -9999.0 -9999.0 -9999.0 -9999.0 -9999.0 -9999.0 -9999.0 -9999.0 -9999.0 -9999.0 -9999.0 -9999.0 -9999.0 -9999.0 -9999.0 -9999.0 -9999.0 -9999.0 -9999.0 -9999.0 -9999.0 -9999.0 -9999.0 -9999.0 -9999.0 -9999.0 -9999.0 -9999.0 -9999.0 -9999.0 -9999.0 -9999.0 -9999.0 -9999.0 -9999.0 -9999.0 -9999.0 -9999.0 -9999.0 -9999.0 -9999.0 -9999.0 -9999.0 -9999.0 -9999.0 -9999.0 -9999.0 -9999.0 -9999.0 -9999.0 -9999.0 -9999.0 -9999.0 -9999.0 -9999.0 -9999.0 -9999.0 -9999.0 -9999.0 -9999.0 -9999.0 -9999.0
-9999.0 -9999.0 -9999.0 -9999.0 -9999.0 -9999.0 -9999.0 -9999.0 -9999.0 -9999.0 -9999.0 -9999.0 -9999.0 -9999.0 -9999.0 -9999.0 -9999.0 -9999.0 -9999.0 -9999.0 -9999.0 -9999.0 -9999.0 -9999.0 -9999.0 -9999.0 -9999.0 0.115739 0.520000 0.127271 0.040013 0.040240 0.040046 -9999.0 -9999.0 -9999.0 -9999.0 -9999.0 -9999.0 -9999.0 -9999.0 -9999.0 -9999.0 -9999.0 -9999.0 -9999.0 -9999.0 -9999.0 -9999.0 -9999.0 -9999.0 -9999.0 -9999.0 -9999.0 -9999.0 -9999.0 -9999.0 -9999.0 -9999.0 -9999.0 -9999.0 -9999.0 -9999.0
-9999.0 -9999.0 -9999.0 -9999.0 -9999.0 -9999.0 -9999.0 -9999.0 -9999.0 -9999.0 -9999.0 -9999.0 -9999.0 -9999.0 -9999.0 -9999.0 -9999.0 -9999.0 -9999.0 -9999.0 -9999.0 -9999.0 -9999.0 -9999.0 0.279868 0.289976 0.418553 0.520000 0.520000 0.520000 0.040012 -9999.0 -9999.0 -9999.0 -9999.0 -9999.0 -9999.0 -9999.0 -9999.0 -9999.0 -9999.0 -9999.0 -9999.0 -9999.0 -9999.0 -9999.0 -9999.0 -9999.0 -9999.0 -9999.0 -9999.0 -9999.0 -9999.0 -9999.0 -9999.0 -9999.0 -9999.0 -9999.0 -9999.0 -9999.0 -9999.0 -9999.0 -9999.0
-9999.0 -9999.0 -9999.0 -9999.0 -9999.0 -9999.0 -9999.0 -9999.0 -9999.0 -9999.0 -9999.0 -9999.0 -9999.0 -9999.0 -9999.0 -9999.0 -9999.0 -9999.0 -9999.0 -9999.0 -9999.0 -9999.0 -9999.0 0.205501 0.512591 0.207751 0.290699 0.224311 0.520000 0.520000 0.520000 0.040008 -9999.0 -9999.0 -9999.0 -9999.0 -9999.0 -9999.0 -9999.0 -9999.0 -9999.0 -9999.0 -9999.0 -9999.0 -9999.0 -9999.0 -9999.0 -9999.0 -9999.0 -9999.0 -9999.0 -9999.0 -9999.0 -9999.0 -9999.0 -9999.0 -9999.0 -9999.0 -9999.0 -9999.0 -9999.0 -9999.0 -9999.0
-9999.0 -9999.0 -9999.0 -9999.0 -9999.0 -9999.0 -9999.0 -9999.0 -9999.0 -9999.0 -9999.0 -9999.0 -9999.0 -9999.0 -9999.0 -9999.0 -9999.0 -9999.0 0.324349 0.219136 -9999.0 0.264731 0.408040 0.244801 0.393983 0.481774 0.520000 0.520000 0.520000 0.426785 0.520000 0.520000 0.063080 0.020043 -9999.0 -9999.0 -9999.0 -9999.0 -9999.0 -9999.0 -9999.0 -9999.0 -9999.0 -9999.0 -9999.0 -9999.0 -9999.0 -9999.0 -9999.0 -9999.0 -9999.0 -9999.0 -9999.0 -9999.0 -9999.0 -9999.0 -9999.0 -9999.0 -9999.0 -9999.0 -9999.0 -9999.0 -9999.0
-9999.0 -9999.0 -9999.0 -9999.0 -9999.0 -9999.0 -9999.0 -9999.0 -9999.0 -9999.0 -9999.0 -9999.0 -9999.0 -9999.0 -9999.0 -9999.0 -9999.0 0.215608 0.272780 0.021654 0.141993 0.340064 0.323770 0.363110 0.516785 0.520000 0.516284 0.520000 0.509397 0.519997 0.520000 0.520000 0.137717 0.079462 0.020024 0.020360 -9999.0 -9999.0 -9999.0 -9999.0 -9999.0 -9999.0 -9999.0 -9999.0 -9999.0 -9999.0 -9999.0 -9999.0 -9999.0 -9999.0 -9999.0 -9999.0 -9999.0 -9999.0 -9999.0 -9999.0 -9999.0 -9999.0 -9999.0 -9999.0 -9999.0 -9999.0 -9999.0
-9999.0 -9999.0 -9999.0 -9999.0 -9999.0 -9999.0 -9999.0 -9999.0 -9999.0 -9999.0 -9999.0 -9999.0 -9999.0 0.463175 0.467366 0.348939 0.274873 0.086081 0.215966 0.112149 0.253967 0.313289 0.173902 0.516695 0.519802 0.503883 0.020044 0.511025 0.040023 0.517673 0.520000 0.497193 0.454408 0.040112 0.020061 0.020212 -9999.0 -9999.0 -9999.0 -9999.0 -9999.0 -9999.0 -9999.0 -9999.0 -9999.0 -9999.0 -9999.0 -9999.0 -9999.0 -9999.0 -9999.0 -9999.0 -9999.0 -9999.0 -9999.0 -9999.0 -9999.0 -9999.0 -9999.0 -9999.0 -9999.0 -9999.0 -9999.0
-9999.0 -9999.0 -9999.0 -9999.0 -9999.0 -9999.0 -9999.0 -9999.0 -9999.0 -9999.0 -9999.0 -9999.0 -9999.0 0.465077 0.373423 0.298230 0.252484 0.388629 0.022447 0.075269 0.201059 0.496305 0.520000 0.520000 0.520000 0.520000 0.358623 0.020049 0.020218 0.040047 0.040065 0.040224 0.020208 0.021086 0.020265 -9999.0 -9999.0 -9999.0 -9999.0 -9999.0 -9999.0 -9999.0 -9999.0 -9999.0 -9999.0 -9999.0 -9999.0 -9999.0 -9999.0 -9999.0 -9999.0 -9999.0 -9999.0 -9999.0 -9999.0 -9999.0 -9999.0 -9999.0 -9999.0 -9999.0 -9999.0 -9999.0 -9999.0
-9999.0 -9999.0 -9999.0 -9999.0 -9999.0 -9999.0 -9999.0 -9999.0 -9999.0 -9999.0 -9999.0 -9999.0 -9999.0 0.270541 0.520000 0.342593 0.520000 0.255622 0.022633 0.211684 0.520000 0.049583 0.520000 0.519586 0.366646 0.514035 0.111839 0.020256 0.517679 0.025053 0.040125 0.020958 0.022257 0.020032 0.020568 -9999.0 -9999.0 -9999.0 -9999.0 -9999.0 -9999.0 -9999.0 -9999.0 -9999.0 -9999.0 -9999.0 -9999.0 -9999.0 -9999.0 -9999.0 -9999.0 -9999.0 -9999.0 -9999.0 -9999.0 -9999.0 -9999.0 -9999.0 -9999.0 -9999.0 -9999.0 -9999.0 -9999.0
-9999.0 -9999.0 -9999.0 -9999.0 -9999.0 -9999.0 -9999.0 -9999.0 -9999.0 -9999.0 -9999.0 -9999.0 0.201836 0.520000 0.520000 0.494588 0.514626 0.474415 0.337829 0.022116 0.449364 0.040102 0.520000 0.040326 0.520000 0.040060 0.040072 0.408075 0.520000 0.020207 0.052990 0.020392 0.520000 0.020071 -9999.0 -9999.0 -9999.0 -9999.0 -9999.0 -9999.0 -9999.0 -9999.0 -9999.0 -9999.0 -9999.0 -9999.0 -9999.0 -9999.0 -9999.0 -9999.0 -9999.0 -9999.0 -9999.0 -9999.0 -9999.0 -9999.0 -9999.0 -9999.0 -9999.0 -9999.0 -9999.0 -9999.0 -9999.0
-9999.0 -9999.0 -9999.0 -9999.0 -9999.0 -9999.0 -9999.0 -9999.0 -9999.0 -9999.0 -9999.0 0.492715 0.520000 0.520000 0.519987 0.040012 0.063692 0.520000 0.520000 0.158849 0.520000 0.520000 0.520000 0.040023 0.520000 0.520000 0.048586 0.520000 0.520000 0.021063 0.020071 0.520000 0.055031 0.020034 0.020089 0.020096 0.041959 0.054697 0.051288 -9999.0 -9999.0 -9999.0 0.020039 -9999.0 -9999.0 -9999.0 -9999.0 -9999.0 -9999.0 -9999.0 -9999.0 -9999.0 -9999.0 -9999.0 -9999.0 -9999.0 -9999.0 -9999.0 -9999.0 -9999.0 -9999.0 -9999.0 -9999.0
-9999.0 -9999.0 -9999.0 -9999.0 -9999.0 -9999.0 -9999.0 -9999.0 -9999.0 -9999.0 -9999.0 0.487583 0.519632 0.520000 0.453076 0.040497 0.407832 0.355603 0.380652 0.297627 0.512447 0.519176 0.520000 0.518646 0.519203 0.461607 0.520000 0.520000 0.155263 0.020098 0.520000 0.520000 0.520000 0.389971 0.310018 0.519923 0.520000 0.049913 0.044284 0.020939 0.069868 0.127749 0.519999 0.082204 -9999.0 -9999.0 -9999.0 0.040083 0.040043 0.020030 0.447126 0.020056 0.023268 0.068228 0.199053 0.040777 -9999.0 -9999.0 -9999.0 -9999.0 -9999.0 -9999.0 -9999.0
-9999.0 -9999.0 -9999.0 -9999.0 -9999.0 -9999.0 -9999.0 -9999.0 -9999.0 -9999.0 -9999.0 0.520000 0.040227 0.520000 0.519244 0.520000 0.454344 0.520000 0.520000 0.375511 0.474852 0.491077 0.422614 0.520000 0.040042 0.167794 0.520000 0.520000 0.020031 0.040018 0.020050 0.519804 0.520000 0.520000 0.110499 0.520000 0.406837 0.054718 0.046837 0.020919 0.074173 0.350050 0.520000 0.520000 0.451026 -9999.0 0.024330 0.040009 0.520000 0.520000 0.520000 0.156104 0.520000 0.520000 0.520000 0.040042 -9999.0 -9999.0 -9999.0 -9999.0 -9999.0 -9999.0 -9999.0
-9999.0 -9999.0 -9999.0 -9999.0 -9999.0 -9999.0 -9999.0 -9999.0 -9999.0 -9999.0 -9999.0 -9999.0 0.040026 0.517095 0.324293 0.356040 0.516094 0.485386 0.520000 0.417466 0.423372 0.515659 0.520000 0.520000 0.423702 0.434684 0.520000 0.520000 0.520000 0.104654 0.520000 0.520000 0.520000 0.520000 0.300965 0.520000 0.315436 0.057957 0.049218 0.050640 0.062591 0.021958 0.520000 0.520000 0.083789 0.520000 0.020099 0.040013 0.519857 0.520000 0.520000 0.064595 0.520000 0.040070 0.253685 0.242481 0.172476 -9999.0 -9999.0 -9999.0 -9999.0 -9999.0 -9999.0
-9999.0 -9999.0 -9999.0 -9999.0 -9999.0 -9999.0 -9999.0 -9999.0 -9999.0 -9999.0 -9999.0 0.518482 0.051936 0.040012 0.520000 0.520000 0.520000 0.520000 0.520000 0.325272 0.441609 0.488036 0.465844 0.305377 0.356748 0.520000 0.520000 0.040040 0.384579 0.101847 0.520000 0.520000 0.520000 0.520000 0.040014 0.520000 0.260507 0.190345 0.243160 0.053721 0.071629 0.073834 0.520000 0.042017 0.520000 0.520000 0.520000 0.123854 0.130288 0.520000 0.020066 0.226165 0.227737 0.033279 0.034193 0.030607 0.026053 -9999.0 -9999.0 -9999.0 -9999.0 -9999.0 -9999.0
-9999.0 -9999.0 -9999.0 -9999.0 -9999.0 -9999.0 -9999.0 -9999.0 -9999.0 -9999.0 0.520000 0.443192 0.520000 0.323472 0.520000 0.520000 0.520000 0.250366 0.245423 0.271487 0.413492 0.321930 0.235100 0.344166 0.380296 0.520000 0.423561 0.084282 0.520000 0.520000 0.520000 0.520000 0.520000 0.520000 0.020064 0.020109 0.520000 0.490132 0.040332 0.520000 0.520000 0.144409 0.181896 0.520000 0.520000 0.161243 0.520000 0.520000 0.520000 0.520000 0.053076 0.034016 0.033154 0.032312 0.033869 0.520000 0.520000 -9999.0 -9999.0 -9999.0 -9999.0 -9999.0 -9999.0
-9999.0 -9999.0 -9999.0 -9999.0 -9999.0 -9999.0 -9999.0 -9999.0 -9999.0 0.040049 0.519737 0.520000 0.520000 0.339181 0.454307 0.520000 0.517145 0.520000 0.347194 0.177622 0.313732 0.107145 0.245239 0.299175 0.312877 0.356623 0.250180 0.520000 0.520000 0.491764 0.520000 0.492701 0.020083 0.020976 0.020093 0.020200 0.520000 0.498524 0.505271 0.520000 0.520000 0.415833 0.322038 0.453825 0.491106 0.422713 0.520000 0.078476 0.178045 0.520000 0.520000 0.020044 0.030698 0.036500 0.028105 0.508149 0.520000 0.162538 0.020063 -9999.0 -9999.0 -9999.0 -9999.0
-9999.0 -9999.0 -9999.0 -9999.0 -9999.0 -9999.0 -9999.0 -9999.0 -9999.0 0.040014 0.040048 0.520000 0.520000 0.424262 0.287347 0.279899 0.520000 0.437660 0.289943 0.066667 0.078298 0.080461 0.362751 0.476207 0.362197 0.200232 0.356063 0.403093 0.506244 0.520000 0.520000 0.512007 0.520000 0.460547 0.520000 0.106534 0.101815 0.154668 0.372145 0.520000 0.518532 0.142813 0.377530 0.520000 0.490976 0.438350 0.420372 0.154613 0.241908 0.488639 0.520000 0.520000 0.037413 0.243340 0.035702 0.090948 0.520000 0.520000 0.154240 -9999.0 -9999.0 -9999.0 -9999.0
-9999.0 -9999.0 -9999.0 -9999.0 -9999.0 -9999.0 -9999.0 -9999.0 -9999.0 -9999.0 0.040022 0.520000 0.520000 0.520000 0.308080 0.313825 0.359752 0.323096 0.258089 0.118875 0.203664 0.356488 0.324335 0.450616 0.226217 0.341648 0.303417 0.520000 0.520000 0.519829 0.517689 0.520000 0.040019 0.040047 0.520000 0.520000 0.268895 0.463181 0.163333 0.040018 0.040308 0.520000 0.520000 0.520000 0.520000 0.520000 0.520000 0.520000 0.520000 0.520000 0.520000 0.520000 0.104868 0.034030 0.229001 0.243423 0.040061 0.520000 0.520000 0.306832 -9999.0 -9999.0 -9999.0
-9999.0 -9999.0 -9999.0 -9999.0 -9999.0 -9999.0 -9999.0 -9999.0 -9999.0 -9999.0 0.040018 0.520000 0.465101 0.520000 0.520000 0.319456 0.251707 0.179520 0.113829 0.074637 0.089657 0.155101 0.194825 0.108904 0.260279 0.285543 0.505540 0.520000 0.520000 0.040042 0.040036 0.520000 0.092974 0.040103 0.040027 0.519008 0.520000 0.520000 0.519999 0.040030 0.520000 0.194685 0.518846 0.040021 0.518781 0.520000 0.520000 0.520000 0.520000 0.520000 0.520000 0.520000 0.520000 0.124241 0.023557 0.020039 0.229384 0.520000 0.520000 0.520000 -9999.0 -9999.0 -9999.0
-9999.0 -9999.0 -9999.0 -9999.0 -9999.0 -9999.0 -9999.0 -9999.0 0.520000 0.520000 0.520000 0.519905 0.520000 0.520000 0.520000 0.520000 0.212176 0.076611 0.070973 0.073151 0.076460 0.097298 0.147900 0.197906 0.205602 0.476275 0.520000 0.520000 0.520000 0.518714 0.026137 0.040022 0.520000 0.040019 0.520000 0.049182 0.520000 0.520000 0.040001 0.110047 0.020037 0.504049 0.020056 0.026925 0.126187 0.520000 0.040049 0.520000 0.520000 0.520000 0.520000 0.520000 0.520000 0.501557 0.134258 0.520000 0.156916 0.520000 0.520000 0.520000 -9999.0 -9999.0 -9999.0
-9999.0 -9999.0 -9999.0 -9999.0 -9999.0 -9999.0 -9999.0 -9999.0 0.200000 0.520000 0.520000 0.040759 0.040020 0.520000 0.330191 0.443658 0.374428 0.256315 0.092853 0.073142 0.078217 0.064343 0.067883 0.073255 0.149488 0.504488 0.520000 0.520000 0.126305 0.520000 0.520000 0.112081 0.520000 0.109411 0.520000 0.520000 0.520000 0.520000 0.520000 0.520000 0.040352 0.064807 0.020371 0.520000 0.520000 0.516463 0.020058 0.468713 0.520000 0.520000 0.520000 0.520000 0.520000 0.520000 0.520000 0.190831 0.520000 0.520000 0.478631 0.520000 0.155117 -9999.0 -9999.0
-9999.0 -9999.0 -9999.0 -9999.0 -9999.0 -9999.0 -9999.0 -9999.0 0.040029 0.520000 0.520000 0.520000 0.520000 0.114497 0.520000 0.317244 0.233611 0.156527 0.077975 0.099874 0.072262 0.064785 0.064707 0.072406 0.229021 0.383507 0.448765 0.333101 0.144549 0.520000 0.090243 0.520000 0.520000 0.520000 0.520000 0.520000 0.520000 0.520000 0.519253 0.520000 0.466242 0.020030 0.520000 0.520000 0.040040 0.040017 0.134105 0.401307 0.519482 0.520000 0.520000 0.520000 0.520000 0.520000 0.520000 0.520000 0.520000 0.520000 0.499191 0.511277 0.310559 -9999.0 -9999.0
-9999.0 -9999.0 -9999.0 -9999.0 -9999.0 -9999.0 -9999.0 -9999.0 0.020641 0.520000 0.520000 0.108161 0.520000 0.520000 0.520000 0.405327 0.190525 0.349705 0.305695 0.108020 0.077807 0.074304 0.068769 0.072603 0.209527 0.376744 0.297964 0.354201 0.396508 0.520000 0.520000 0.520000 0.520000 0.520000 0.520000 0.271480 0.359072 0.520000 0.520000 0.520000 0.520000 0.520000 0.520000 0.171201 0.308217 0.156345 0.520000 0.134112 0.395505 0.432939 0.469716 0.520000 0.520000 0.520000 0.520000 0.520000 0.520000 0.520000 0.494994 0.373361 0.405774 0.385216 -9999.0
-9999.0 -9999.0 -9999.0 -9999.0 -9999.0 -9999.0 -9999.0 -9999.0 0.490325 0.520000 0.520000 0.520000 0.520000 0.520000 0.520000 0.340919 0.508801 0.520000 0.478119 0.416482 0.188410 0.113841 0.076728 0.078925 0.082534 0.251865 0.190578 0.272235 0.288665 0.520000 0.508506 0.520000 0.520000 0.520000 0.520000 0.457640 0.412478 0.520000 0.520000 0.520000 0.520000 0.520000 0.520000 0.520000 0.520000 0.520000 0.520000 0.520000 0.406469 0.342016 0.203169 0.248520 0.486676 0.368025 0.520000 0.520000 0.520000 0.520000 0.520000 0.520000 0.520000 0.408732 -9999.0
-9999.0 -9999.0 0.520000 0.331235 0.520000 0.296268 0.520000 0.520000 0.520000 0.520000 0.520000 0.520000 0.520000 0.520000 0.520000 0.520000 0.520000 0.352475 0.321284 0.489875 0.362228 0.520000 0.520000 0.078174 0.110778 0.164297 0.245331 0.254255 0.444467 0.464038 0.279711 0.520000 0.520000 0.520000 0.506887 0.413797 0.331941 0.503640 0.520000 0.520000 0.520000 0.520000 0.520000 0.428964 0.462004 0.499497 0.520000 0.520000 0.520000 0.393904 0.295901 0.340170 0.520000 0.520000 0.520000 0.520000 0.520000 0.520000 0.520000 0.520000 0.520000 0.464604 -9999.0
-9999.0 0.266578 0.520000 0.516217 0.274370 0.520000 0.520000 0.516069 0.517502 0.520000 0.520000 0.520000 0.520000 0.520000 0.520000 0.520000 0.520000 0.365175 0.331439 0.375516 0.266147 0.520000 0.520000 0.520000 0.079095 0.073468 0.079792 0.115410 0.406382 0.401380 0.151227 0.260047 0.520000 0.520000 0.389048 0.259790 0.269800 0.322293 0.520000 0.388628 0.275519 0.520000 0.520000 0.388080 0.309532 0.349100 0.398875 0.520000 0.443541 0.520000 0.520000 0.520000 0.520000 0.520000 0.520000 0.520000 0.520000 0.520000 0.520000 0.520000 0.520000 0.520000 -9999.0
-9999.0 0.520000 0.520000 0.520000 0.242460 0.520000 0.502145 0.340532 0.342747 0.520000 0.460330 0.520000 0.520000 0.520000 0.520000 0.520000 0.520000 0.322387 0.520000 0.520000 0.520000 0.520000 0.520000 0.520000 0.439112 0.117589 0.073759 0.071337 0.321754 0.269843 0.071070 0.075509 0.520000 0.520000 0.520000 0.520000 0.276487 0.191276 0.411240 0.180269 0.418167 0.520000 0.520000 0.169869 0.071126 0.071632 0.484463 0.520000 0.520000 0.520000 0.520000 0.520000 0.520000 0.520000 0.520000 0.520000 0.520000 0.520000 0.520000 0.412808 0.401466 -9999.0 -9999.0
-9999.0 0.520000 0.520000 0.520000 0.520000 0.520000 0.315365 0.520000 0.520000 0.520000 0.520000 0.520000 0.520000 0.520000 0.520000 0.520000 0.519469 0.520000 0.520000 0.520000 0.334802 0.434093 0.264473 0.520000 0.520000 0.520000 0.520000 0.520000 0.144962 0.468624 0.072365 0.067721 0.520000 0.520000 0.520000 0.376336 0.520000 0.208358 0.289152 0.257795 0.208457 0.465024 0.443580 0.069290 0.068821 0.520000 0.520000 0.520000 0.520000 0.520000 0.520000 0.520000 0.520000 0.520000 0.520000 0.520000 0.520000 0.520000 0.520000 -9999.0 -9999.0 -9999.0 -9999.0
