erum2020/resources/simulation/Vinschgau/output-maps/thetaliqL0003N1306.asc
ncols         63
nrows         48
xllcorner     598000.000000
yllcorner     5145000.000000
cellsize      1000.000000
NODATA_value  -9999.0
[rows 0 to 28 of 48, columns 0 to 62 of 63]
-9999.0 -9999.0 -9999.0 -9999.0 -9999.0 -9999.0 -9999.0 -9999.0 -9999.0 -9999.0 -9999.0 -9999.0 -9999.0 -9999.0 -9999.0 -9999.0 -9999.0 -9999.0 -9999.0 -9999.0 -9999.0 -9999.0 -9999.0 -9999.0 -9999.0 -9999.0 -9999.0 -9999.0 -9999.0 -9999.0 -9999.0 -9999.0 -9999.0 -9999.0 -9999.0 -9999.0 -9999.0 -9999.0 -9999.0 -9999.0 -9999.0 -9999.0 -9999.0 -9999.0 -9999.0 -9999.0 -9999.0 -9999.0 -9999.0 -9999.0 -9999.0 -9999.0 -9999.0 -9999.0 -9999.0 -9999.0 -9999.0 -9999.0 -9999.0 -9999.0 -9999.0 -9999.0 -9999.0
-9999.0 -9999.0 -9999.0 -9999.0 -9999.0 -9999.0 -9999.0 -9999.0 -9999.0 -9999.0 -9999.0 -9999.0 -9999.0 -9999.0 -9999.0 -9999.0 -9999.0 -9999.0 -9999.0 -9999.0 -9999.0 -9999.0 -9999.0 -9999.0 -9999.0 -9999.0 -9999.0 0.079749 0.256410 0.102068 0.315271 0.192971 0.044335 -9999.0 -9999.0 -9999.0 -9999.0 -9999.0 -9999.0 -9999.0 -9999.0 -9999.0 -9999.0 -9999.0 -9999.0 -9999.0 -9999.0 -9999.0 -9999.0 -9999.0 -9999.0 -9999.0 -9999.0 -9999.0 -9999.0 -9999.0 -9999.0 -9999.0 -9999.0 -9999.0 -9999.0 -9999.0 -9999.0
-9999.0 -9999.0 -9999.0 -9999.0 -9999.0 -9999.0 -9999.0 -9999.0 -9999.0 -9999.0 -9999.0 -9999.0 -9999.0 -9999.0 -9999.0 -9999.0 -9999.0 -9999.0 -9999.0 -9999.0 -9999.0 -9999.0 -9999.0 -9999.0 0.292995 0.275978 0.264210 0.287928 0.298459 0.258236 0.305243 -9999.0 -9999.0 -9999.0 -9999.0 -9999.0 -9999.0 -9999.0 -9999.0 -9999.0 -9999.0 -9999.0 -9999.0 -9999.0 -9999.0 -9999.0 -9999.0 -9999.0 -9999.0 -9999.0 -9999.0 -9999.0 -9999.0 -9999.0 -9999.0 -9999.0 -9999.0 -9999.0 -9999.0 -9999.0 -9999.0 -9999.0 -9999.0
-9999.0 -9999.0 -9999.0 -9999.0 -9999.0 -9999.0 -9999.0 -9999.0 -9999.0 -9999.0 -9999.0 -9999.0 -9999.0 -9999.0 -9999.0 -9999.0 -9999.0 -9999.0 -9999.0 -9999.0 -9999.0 -9999.0 -9999.0 0.259449 0.224427 0.070644 0.070689 0.069853 0.069383 0.177185 0.300337 0.357499 -9999.0 -9999.0 -9999.0 -9999.0 -9999.0 -9999.0 -9999.0 -9999.0 -9999.0 -9999.0 -9999.0 -9999.0 -9999.0 -9999.0 -9999.0 -9999.0 -9999.0 -9999.0 -9999.0 -9999.0 -9999.0 -9999.0 -9999.0 -9999.0 -9999.0 -9999.0 -9999.0 -9999.0 -9999.0 -9999.0 -9999.0
-9999.0 -9999.0 -9999.0 -9999.0 -9999.0 -9999.0 -9999.0 -9999.0 -9999.0 -9999.0 -9999.0 -9999.0 -9999.0 -9999.0 -9999.0 -9999.0 -9999.0 -9999.0 0.133072 0.195456 -9999.0 0.230754 0.210128 0.070709 0.072088 0.071078 0.126104 0.090110 0.122652 0.085347 0.221796 0.295740 0.117450 0.108450 -9999.0 -9999.0 -9999.0 -9999.0 -9999.0 -9999.0 -9999.0 -9999.0 -9999.0 -9999.0 -9999.0 -9999.0 -9999.0 -9999.0 -9999.0 -9999.0 -9999.0 -9999.0 -9999.0 -9999.0 -9999.0 -9999.0 -9999.0 -9999.0 -9999.0 -9999.0 -9999.0 -9999.0 -9999.0
-9999.0 -9999.0 -9999.0 -9999.0 -9999.0 -9999.0 -9999.0 -9999.0 -9999.0 -9999.0 -9999.0 -9999.0 -9999.0 -9999.0 -9999.0 -9999.0 -9999.0 0.073179 0.074064 0.021920 0.022952 0.164936 0.080398 0.072501 0.085653 0.193332 0.062313 0.138421 0.078810 0.147819 0.225936 0.209662 0.086000 0.081618 0.106997 0.105335 -9999.0 -9999.0 -9999.0 -9999.0 -9999.0 -9999.0 -9999.0 -9999.0 -9999.0 -9999.0 -9999.0 -9999.0 -9999.0 -9999.0 -9999.0 -9999.0 -9999.0 -9999.0 -9999.0 -9999.0 -9999.0 -9999.0 -9999.0 -9999.0 -9999.0 -9999.0 -9999.0
-9999.0 -9999.0 -9999.0 -9999.0 -9999.0 -9999.0 -9999.0 -9999.0 -9999.0 -9999.0 -9999.0 -9999.0 -9999.0 0.079796 0.073845 0.075516 0.073543 0.022330 0.073608 0.071711 0.072402 0.072903 0.071679 0.071611 0.187808 0.213306 0.028928 0.155037 0.126145 0.237098 0.042091 0.290064 0.286997 0.322928 0.133108 0.111388 -9999.0 -9999.0 -9999.0 -9999.0 -9999.0 -9999.0 -9999.0 -9999.0 -9999.0 -9999.0 -9999.0 -9999.0 -9999.0 -9999.0 -9999.0 -9999.0 -9999.0 -9999.0 -9999.0 -9999.0 -9999.0 -9999.0 -9999.0 -9999.0 -9999.0 -9999.0 -9999.0
-9999.0 -9999.0 -9999.0 -9999.0 -9999.0 -9999.0 -9999.0 -9999.0 -9999.0 -9999.0 -9999.0 -9999.0 -9999.0 0.113876 0.071584 0.073904 0.074159 0.083938 0.022326 0.071638 0.073801 0.068294 0.076143 0.099689 0.076240 0.079544 0.235489 0.088580 0.108318 0.056587 0.093227 0.287762 0.126278 0.144131 0.135983 -9999.0 -9999.0 -9999.0 -9999.0 -9999.0 -9999.0 -9999.0 -9999.0 -9999.0 -9999.0 -9999.0 -9999.0 -9999.0 -9999.0 -9999.0 -9999.0 -9999.0 -9999.0 -9999.0 -9999.0 -9999.0 -9999.0 -9999.0 -9999.0 -9999.0 -9999.0 -9999.0 -9999.0
-9999.0 -9999.0 -9999.0 -9999.0 -9999.0 -9999.0 -9999.0 -9999.0 -9999.0 -9999.0 -9999.0 -9999.0 -9999.0 0.070934 0.520000 0.070269 0.074215 0.074072 0.022303 0.073523 0.073913 0.022151 0.165294 0.128468 0.072974 0.074939 0.064227 0.107529 0.329395 0.135472 0.361456 0.184149 0.143901 0.020028 0.125680 -9999.0 -9999.0 -9999.0 -9999.0 -9999.0 -9999.0 -9999.0 -9999.0 -9999.0 -9999.0 -9999.0 -9999.0 -9999.0 -9999.0 -9999.0 -9999.0 -9999.0 -9999.0 -9999.0 -9999.0 -9999.0 -9999.0 -9999.0 -9999.0 -9999.0 -9999.0 -9999.0 -9999.0
-9999.0 -9999.0 -9999.0 -9999.0 -9999.0 -9999.0 -9999.0 -9999.0 -9999.0 -9999.0 -9999.0 -9999.0 0.071740 0.520000 0.070845 0.072526 0.079050 0.074962 0.067267 0.021850 0.072588 0.153676 0.076676 0.162412 0.041720 0.239922 0.040110 0.296748 0.353409 0.133655 0.182157 0.129926 0.398921 0.104531 -9999.0 -9999.0 -9999.0 -9999.0 -9999.0 -9999.0 -9999.0 -9999.0 -9999.0 -9999.0 -9999.0 -9999.0 -9999.0 -9999.0 -9999.0 -9999.0 -9999.0 -9999.0 -9999.0 -9999.0 -9999.0 -9999.0 -9999.0 -9999.0 -9999.0 -9999.0 -9999.0 -9999.0 -9999.0
-9999.0 -9999.0 -9999.0 -9999.0 -9999.0 -9999.0 -9999.0 -9999.0 -9999.0 -9999.0 -9999.0 0.129397 0.070799 0.520000 0.070556 0.089071 0.021744 0.073999 0.097446 0.021656 0.074807 0.075248 0.117245 0.209674 0.160751 0.254709 0.314490 0.286978 0.413282 0.133380 0.120394 0.299830 0.137090 0.112860 0.127311 0.115774 0.247153 0.189018 0.163434 -9999.0 -9999.0 -9999.0 0.098903 -9999.0 -9999.0 -9999.0 -9999.0 -9999.0 -9999.0 -9999.0 -9999.0 -9999.0 -9999.0 -9999.0 -9999.0 -9999.0 -9999.0 -9999.0 -9999.0 -9999.0 -9999.0 -9999.0 -9999.0
-9999.0 -9999.0 -9999.0 -9999.0 -9999.0 -9999.0 -9999.0 -9999.0 -9999.0 -9999.0 -9999.0 0.137717 0.070350 0.068660 0.068874 0.069848 0.067937 0.073211 0.088175 0.069432 0.079908 0.086143 0.283351 0.041341 0.042942 0.266763 0.255493 0.268611 0.089223 0.123706 0.273689 0.289316 0.340453 0.344080 0.208894 0.283292 0.203463 0.102155 0.162867 0.102077 0.108419 0.111104 0.307511 0.114641 -9999.0 -9999.0 -9999.0 0.076690 0.063287 0.148975 0.080554 0.144253 0.144800 0.064145 0.045454 0.144171 -9999.0 -9999.0 -9999.0 -9999.0 -9999.0 -9999.0 -9999.0
-9999.0 -9999.0 -9999.0 -9999.0 -9999.0 -9999.0 -9999.0 -9999.0 -9999.0 -9999.0 -9999.0 0.152002 0.123581 0.119618 0.126892 0.068349 0.075150 0.075030 0.066870 0.069338 0.103522 0.242656 0.044616 0.328258 0.259807 0.077756 0.043657 0.040070 0.099049 0.252521 0.105248 0.042232 0.285401 0.354255 0.132071 0.244284 0.043677 0.045517 0.073486 0.087796 0.190733 0.126038 0.286772 0.302891 0.347860 -9999.0 0.113020 0.298502 0.336923 0.309757 0.153440 0.091412 0.182122 0.326236 0.258046 0.362457 -9999.0 -9999.0 -9999.0 -9999.0 -9999.0 -9999.0 -9999.0
-9999.0 -9999.0 -9999.0 -9999.0 -9999.0 -9999.0 -9999.0 -9999.0 -9999.0 -9999.0 -9999.0 -9999.0 0.149874 0.313002 0.107159 0.104692 0.093766 0.076092 0.088286 0.069760 0.078493 0.127435 0.235497 0.047026 0.040739 0.043126 0.520000 0.130036 0.311478 0.118184 0.266012 0.043199 0.124178 0.357264 0.361247 0.302986 0.043912 0.040686 0.166164 0.076233 0.096277 0.064415 0.048337 0.285606 0.129846 0.274606 0.130644 0.366262 0.040798 0.047164 0.056981 0.042342 0.040061 0.040458 0.040589 0.394966 0.346764 -9999.0 -9999.0 -9999.0 -9999.0 -9999.0 -9999.0
-9999.0 -9999.0 -9999.0 -9999.0 -9999.0 -9999.0 -9999.0 -9999.0 -9999.0 -9999.0 -9999.0 0.048533 0.198240 0.068558 0.360718 0.163549 0.078959 0.078511 0.070331 0.078148 0.076740 0.131617 0.519754 0.043252 0.043766 0.041015 0.046274 0.300144 0.297072 0.088133 0.043213 0.041201 0.216135 0.344783 0.232432 0.307416 0.225794 0.048412 0.205362 0.072587 0.048247 0.130938 0.519400 0.083861 0.165682 0.310555 0.333341 0.097022 0.083893 0.083414 0.020151 0.296556 0.040115 0.020052 0.020042 0.021144 0.140506 -9999.0 -9999.0 -9999.0 -9999.0 -9999.0 -9999.0
-9999.0 -9999.0 -9999.0 -9999.0 -9999.0 -9999.0 -9999.0 -9999.0 -9999.0 -9999.0 0.520000 0.062224 0.207976 0.185897 0.136619 0.519838 0.519809 0.159211 0.075988 0.079939 0.077335 0.170564 0.043277 0.216882 0.217102 0.040783 0.041638 0.020079 0.118473 0.164941 0.052336 0.040382 0.212336 0.347655 0.119809 0.098970 0.195544 0.045790 0.049634 0.421114 0.280322 0.171592 0.168962 0.213103 0.076226 0.087402 0.258388 0.050452 0.048938 0.209831 0.020070 0.141554 0.020037 0.021082 0.056608 0.347359 0.351541 -9999.0 -9999.0 -9999.0 -9999.0 -9999.0 -9999.0
-9999.0 -9999.0 -9999.0 -9999.0 -9999.0 -9999.0 -9999.0 -9999.0 -9999.0 0.266021 0.287333 0.071553 0.363134 0.048176 0.076597 0.136971 0.066009 0.126404 0.075078 0.077104 0.073373 0.082746 0.095546 0.098562 0.361884 0.040201 0.040522 0.223212 0.063356 0.436938 0.441146 0.040139 0.095917 0.124031 0.110242 0.101724 0.221436 0.042983 0.044619 0.074161 0.040510 0.044749 0.044262 0.117781 0.110868 0.091803 0.130991 0.046094 0.046417 0.425801 0.041641 0.141986 0.020989 0.147656 0.154132 0.040089 0.040428 0.127831 0.148347 -9999.0 -9999.0 -9999.0 -9999.0
-9999.0 -9999.0 -9999.0 -9999.0 -9999.0 -9999.0 -9999.0 -9999.0 -9999.0 0.173408 0.263706 0.144623 0.520000 0.250695 0.061125 0.047720 0.201047 0.129640 0.074230 0.069591 0.070557 0.068344 0.116129 0.281029 0.040596 0.042391 0.049137 0.228078 0.351131 0.264643 0.195837 0.040084 0.323613 0.334034 0.336387 0.098398 0.083298 0.070238 0.259074 0.196295 0.045133 0.041804 0.052422 0.267575 0.113372 0.125876 0.101062 0.145279 0.237374 0.267060 0.040038 0.040023 0.059374 0.041513 0.131635 0.040041 0.040563 0.041606 0.095218 -9999.0 -9999.0 -9999.0 -9999.0
-9999.0 -9999.0 -9999.0 -9999.0 -9999.0 -9999.0 -9999.0 -9999.0 -9999.0 -9999.0 0.269432 0.197961 0.139145 0.041064 0.247861 0.068066 0.201021 0.080131 0.073260 0.072994 0.070990 0.075117 0.082748 0.046735 0.043595 0.078869 0.426039 0.261414 0.222290 0.040154 0.040096 0.040084 0.040082 0.338050 0.328073 0.221623 0.233537 0.250555 0.084526 0.292176 0.283749 0.286907 0.520000 0.100027 0.159939 0.249537 0.079205 0.116341 0.074409 0.182614 0.040101 0.040451 0.108106 0.020933 0.041368 0.230287 0.465958 0.040891 0.110846 0.126947 -9999.0 -9999.0 -9999.0
-9999.0 -9999.0 -9999.0 -9999.0 -9999.0 -9999.0 -9999.0 -9999.0 -9999.0 -9999.0 0.336552 0.270809 0.256535 0.320289 0.282416 0.139304 0.161996 0.079946 0.073181 0.071129 0.074390 0.076474 0.069485 0.062327 0.076716 0.361096 0.241143 0.228719 0.040296 0.040112 0.277655 0.366670 0.020119 0.307310 0.278532 0.280345 0.041095 0.071189 0.041470 0.302252 0.313791 0.069911 0.048769 0.170276 0.254625 0.046236 0.299254 0.160790 0.077069 0.078393 0.492096 0.041374 0.040052 0.166199 0.020670 0.038492 0.062350 0.045722 0.481980 0.347306 -9999.0 -9999.0 -9999.0
-9999.0 -9999.0 -9999.0 -9999.0 -9999.0 -9999.0 -9999.0 -9999.0 0.345682 0.285670 0.162986 0.355012 0.044422 0.052733 0.057748 0.184723 0.074059 0.068313 0.070199 0.070724 0.072255 0.072535 0.072883 0.074070 0.149670 0.245329 0.277284 0.041571 0.042429 0.040133 0.146847 0.290103 0.282266 0.303488 0.336536 0.262436 0.106219 0.088989 0.040052 0.094823 0.085419 0.285892 0.020165 0.088381 0.041501 0.520000 0.040060 0.050411 0.222825 0.215300 0.358532 0.041880 0.040167 0.040019 0.067366 0.288367 0.136058 0.265351 0.202530 0.084123 -9999.0 -9999.0 -9999.0
-9999.0 -9999.0 -9999.0 -9999.0 -9999.0 -9999.0 -9999.0 -9999.0 0.020000 0.042744 0.040333 0.311209 0.277618 0.040265 0.041147 0.235592 0.079135 0.076589 0.072391 0.070232 0.085463 0.065814 0.064679 0.064593 0.074023 0.091104 0.307184 0.062992 0.020126 0.313485 0.343714 0.092320 0.293060 0.087355 0.335650 0.276737 0.106830 0.464611 0.055425 0.213472 0.271616 0.114675 0.083277 0.191246 0.520000 0.046122 0.020107 0.241772 0.064605 0.270875 0.326596 0.061027 0.040026 0.183250 0.201688 0.020569 0.044701 0.448108 0.096675 0.079914 0.074533 -9999.0 -9999.0
-9999.0 -9999.0 -9999.0 -9999.0 -9999.0 -9999.0 -9999.0 -9999.0 0.271546 0.520000 0.436680 0.040093 0.407842 0.020213 0.046210 0.041809 0.142862 0.074269 0.072815 0.085976 0.069823 0.066312 0.065402 0.070388 0.068877 0.077039 0.278885 0.040338 0.020087 0.281511 0.087102 0.323187 0.041350 0.042251 0.293767 0.125794 0.279270 0.281743 0.072303 0.049713 0.231959 0.073044 0.300737 0.520000 0.042901 0.311005 0.093718 0.318652 0.041077 0.104333 0.182033 0.398718 0.040023 0.040027 0.055509 0.519407 0.435733 0.201444 0.075246 0.083445 0.077406 -9999.0 -9999.0
-9999.0 -9999.0 -9999.0 -9999.0 -9999.0 -9999.0 -9999.0 -9999.0 0.139066 0.244015 0.049597 0.020089 0.351460 0.042417 0.044585 0.325796 0.075278 0.073651 0.071887 0.072874 0.070832 0.070519 0.067908 0.069053 0.077180 0.133757 0.055712 0.040092 0.254212 0.045165 0.046524 0.059754 0.446113 0.519532 0.069748 0.094294 0.076109 0.076785 0.210266 0.176350 0.153079 0.146075 0.160749 0.050095 0.301198 0.076917 0.111088 0.083641 0.273715 0.044621 0.166233 0.136435 0.350740 0.060800 0.452771 0.378725 0.127336 0.099448 0.082129 0.078286 0.078701 0.105669 -9999.0
-9999.0 -9999.0 -9999.0 -9999.0 -9999.0 -9999.0 -9999.0 -9999.0 0.049174 0.391558 0.040198 0.040162 0.043323 0.048476 0.375513 0.141893 0.155795 0.080253 0.100552 0.076372 0.074218 0.071892 0.072070 0.073131 0.070027 0.130817 0.040561 0.075602 0.273151 0.519869 0.046512 0.391881 0.156766 0.292010 0.180799 0.077528 0.075557 0.075088 0.075667 0.162114 0.136870 0.102045 0.209221 0.262030 0.045471 0.150515 0.059640 0.118574 0.055759 0.383108 0.113280 0.097365 0.130920 0.201555 0.303099 0.273047 0.161688 0.099455 0.085334 0.074979 0.078067 0.112545 -9999.0
-9999.0 -9999.0 0.148025 0.313380 0.040034 0.041928 0.040177 0.040386 0.381477 0.367990 0.043557 0.040307 0.050978 0.520000 0.182797 0.500558 0.094860 0.040335 0.049574 0.223286 0.076822 0.074129 0.074851 0.073820 0.074665 0.079198 0.156290 0.160408 0.085102 0.176207 0.089290 0.109162 0.088867 0.077149 0.074579 0.076533 0.073461 0.073646 0.074569 0.077228 0.074143 0.073574 0.075583 0.091957 0.201070 0.133789 0.218767 0.218833 0.076136 0.076790 0.076065 0.083544 0.136536 0.200088 0.240164 0.169808 0.169880 0.110103 0.081162 0.081050 0.098083 0.124723 -9999.0
-9999.0 0.048328 0.045833 0.044743 0.042264 0.041089 0.040262 0.040232 0.040062 0.353791 0.040797 0.041330 0.519567 0.299483 0.471957 0.045169 0.043467 0.041256 0.042766 0.119662 0.077535 0.075138 0.081085 0.080931 0.069021 0.074086 0.070386 0.070436 0.072966 0.081151 0.074716 0.073923 0.072547 0.068806 0.071726 0.071612 0.070864 0.071809 0.071434 0.072206 0.072100 0.071616 0.071215 0.074494 0.075721 0.075147 0.078016 0.073377 0.072396 0.077113 0.082485 0.112410 0.168816 0.240063 0.247427 0.384630 0.338167 0.309725 0.376451 0.274385 0.233416 0.127551 -9999.0
-9999.0 0.270272 0.478269 0.158485 0.290539 0.077217 0.040052 0.040101 0.365215 0.212779 0.040493 0.040336 0.306323 0.361706 0.050620 0.040051 0.040309 0.040898 0.041165 0.180283 0.288296 0.134682 0.099070 0.118615 0.118029 0.093299 0.073671 0.071936 0.071629 0.072203 0.072063 0.072339 0.071228 0.071237 0.067522 0.070259 0.075853 0.073726 0.069604 0.069812 0.069516 0.069742 0.069391 0.071339 0.071129 0.071001 0.071123 0.071748 0.072951 0.075398 0.084408 0.127649 0.266385 0.391830 0.515700 0.061478 0.043099 0.054984 0.061928 0.049546 0.068338 -9999.0 -9999.0
-9999.0 0.071347 0.050383 0.042245 0.338306 0.290081 0.305267 0.040138 0.041175 0.041277 0.043986 0.077696 0.301468 0.449168 0.040168 0.040031 0.040125 0.040792 0.040143 0.040232 0.049486 0.063821 0.116922 0.137732 0.128181 0.080217 0.075712 0.074174 0.071423 0.071932 0.070437 0.070083 0.070759 0.070409 0.070042 0.069673 0.069615 0.072832 0.069559 0.069198 0.068937 0.075045 0.068778 0.068559 0.068859 0.069856 0.070777 0.072502 0.077096 0.079536 0.136450 0.240391 0.074930 0.520000 0.047204 0.040284 0.040259 0.040134 0.040170 -9999.0 -9999.0 -9999.0 -9999.0
