erum2020/resources/simulation/Vinschgau/output-maps/thetaliqL0008N0137.asc
ncols         63
nrows         48
xllcorner     598000.000000
yllcorner     5145000.000000
cellsize      1000.000000
NODATA_value  -9999.0
[rows 0 to 28 of 48, columns 0 to 62 of 63]
-9999.0 -9999.0 -9999.0 -9999.0 -9999.0 -9999.0 -9999.0 -9999.0 -9999.0 -9999.0 -9999.0 -9999.0 -9999.0 -9999.0 -9999.0 -9999.0 -9999.0 -9999.0 -9999.0 -9999.0 -9999.0 -9999.0 -9999.0 -9999.0 -9999.0 -9999.0 -9999.0 -9999.0 -9999.0 -9999.0 -9999.0 -9999.0 -9999.0 -9999.0 -9999.0 -9999.0 -9999.0 -9999.0 -9999.0 -9999.0 -9999.0 -9999.0 -9999.0 -9999.0 -9999.0 -9999.0 -9999.0 -9999.0 -9999.0 -9999.0 -9999.0 -9999.0 -9999.0 -9999.0 -9999.0 -9999.0 -9999.0 -9999.0 -9999.0 -9999.0 -9999.0 -9999.0 -9999.0
-9999.0 -9999.0 -9999.0 -9999.0 -9999.0 -9999.0 -9999.0 -9999.0 -9999.0 -9999.0 -9999.0 -9999.0 -9999.0 -9999.0 -9999.0 -9999.0 -9999.0 -9999.0 -9999.0 -9999.0 -9999.0 -9999.0 -9999.0 -9999.0 -9999.0 -9999.0 -9999.0 0.020461 0.020215 0.020069 0.020065 0.020045 0.020041 -9999.0 -9999.0 -9999.0 -9999.0 -9999.0 -9999.0 -9999.0 -9999.0 -9999.0 -9999.0 -9999.0 -9999.0 -9999.0 -9999.0 -9999.0 -9999.0 -9999.0 -9999.0 -9999.0 -9999.0 -9999.0 -9999.0 -9999.0 -9999.0 -9999.0 -9999.0 -9999.0 -9999.0 -9999.0 -9999.0
-9999.0 -9999.0 -9999.0 -9999.0 -9999.0 -9999.0 -9999.0 -9999.0 -9999.0 -9999.0 -9999.0 -9999.0 -9999.0 -9999.0 -9999.0 -9999.0 -9999.0 -9999.0 -9999.0 -9999.0 -9999.0 -9999.0 -9999.0 -9999.0 0.069374 0.032959 0.020194 0.020149 0.020493 0.020094 0.020114 -9999.0 -9999.0 -9999.0 -9999.0 -9999.0 -9999.0 -9999.0 -9999.0 -9999.0 -9999.0 -9999.0 -9999.0 -9999.0 -9999.0 -9999.0 -9999.0 -9999.0 -9999.0 -9999.0 -9999.0 -9999.0 -9999.0 -9999.0 -9999.0 -9999.0 -9999.0 -9999.0 -9999.0 -9999.0 -9999.0 -9999.0 -9999.0
-9999.0 -9999.0 -9999.0 -9999.0 -9999.0 -9999.0 -9999.0 -9999.0 -9999.0 -9999.0 -9999.0 -9999.0 -9999.0 -9999.0 -9999.0 -9999.0 -9999.0 -9999.0 -9999.0 -9999.0 -9999.0 -9999.0 -9999.0 0.043482 0.052544 0.088123 0.086823 0.086837 0.052204 0.020054 0.020070 0.026958 -9999.0 -9999.0 -9999.0 -9999.0 -9999.0 -9999.0 -9999.0 -9999.0 -9999.0 -9999.0 -9999.0 -9999.0 -9999.0 -9999.0 -9999.0 -9999.0 -9999.0 -9999.0 -9999.0 -9999.0 -9999.0 -9999.0 -9999.0 -9999.0 -9999.0 -9999.0 -9999.0 -9999.0 -9999.0 -9999.0 -9999.0
-9999.0 -9999.0 -9999.0 -9999.0 -9999.0 -9999.0 -9999.0 -9999.0 -9999.0 -9999.0 -9999.0 -9999.0 -9999.0 -9999.0 -9999.0 -9999.0 -9999.0 -9999.0 0.091127 0.086761 -9999.0 0.056869 0.059387 0.086838 0.086849 0.020040 0.083666 0.085184 0.092932 0.064022 0.020049 0.020095 0.020043 0.020036 -9999.0 -9999.0 -9999.0 -9999.0 -9999.0 -9999.0 -9999.0 -9999.0 -9999.0 -9999.0 -9999.0 -9999.0 -9999.0 -9999.0 -9999.0 -9999.0 -9999.0 -9999.0 -9999.0 -9999.0 -9999.0 -9999.0 -9999.0 -9999.0 -9999.0 -9999.0 -9999.0 -9999.0 -9999.0
-9999.0 -9999.0 -9999.0 -9999.0 -9999.0 -9999.0 -9999.0 -9999.0 -9999.0 -9999.0 -9999.0 -9999.0 -9999.0 -9999.0 -9999.0 -9999.0 -9999.0 0.208338 0.035335 0.023698 0.024855 0.086419 0.086533 0.040038 0.090840 0.024272 0.040338 0.069246 0.029864 0.080697 0.053598 0.020053 0.020044 0.020037 0.020052 0.020032 -9999.0 -9999.0 -9999.0 -9999.0 -9999.0 -9999.0 -9999.0 -9999.0 -9999.0 -9999.0 -9999.0 -9999.0 -9999.0 -9999.0 -9999.0 -9999.0 -9999.0 -9999.0 -9999.0 -9999.0 -9999.0 -9999.0 -9999.0 -9999.0 -9999.0 -9999.0 -9999.0
-9999.0 -9999.0 -9999.0 -9999.0 -9999.0 -9999.0 -9999.0 -9999.0 -9999.0 -9999.0 -9999.0 -9999.0 -9999.0 0.040744 0.086731 0.083077 0.079739 0.024708 0.199401 0.086800 0.086844 0.086846 0.035489 0.086850 0.020147 0.023413 0.020102 0.029138 0.021462 0.057218 0.052342 0.021879 0.020079 0.020033 0.020028 0.020028 -9999.0 -9999.0 -9999.0 -9999.0 -9999.0 -9999.0 -9999.0 -9999.0 -9999.0 -9999.0 -9999.0 -9999.0 -9999.0 -9999.0 -9999.0 -9999.0 -9999.0 -9999.0 -9999.0 -9999.0 -9999.0 -9999.0 -9999.0 -9999.0 -9999.0 -9999.0 -9999.0
-9999.0 -9999.0 -9999.0 -9999.0 -9999.0 -9999.0 -9999.0 -9999.0 -9999.0 -9999.0 -9999.0 -9999.0 -9999.0 0.086323 0.086849 0.081770 0.081945 0.091242 0.020239 0.030351 0.020031 0.031408 0.084473 0.053081 0.059923 0.031208 0.020133 0.020040 0.020038 0.020143 0.042153 0.020035 0.020028 0.020025 0.020026 -9999.0 -9999.0 -9999.0 -9999.0 -9999.0 -9999.0 -9999.0 -9999.0 -9999.0 -9999.0 -9999.0 -9999.0 -9999.0 -9999.0 -9999.0 -9999.0 -9999.0 -9999.0 -9999.0 -9999.0 -9999.0 -9999.0 -9999.0 -9999.0 -9999.0 -9999.0 -9999.0 -9999.0
-9999.0 -9999.0 -9999.0 -9999.0 -9999.0 -9999.0 -9999.0 -9999.0 -9999.0 -9999.0 -9999.0 -9999.0 -9999.0 0.086770 0.086852 0.089303 0.082118 0.082507 0.020245 0.371193 0.086783 0.020078 0.053742 0.052164 0.074855 0.086615 0.020111 0.020040 0.020128 0.020033 0.020039 0.020028 0.020027 0.020025 0.020024 -9999.0 -9999.0 -9999.0 -9999.0 -9999.0 -9999.0 -9999.0 -9999.0 -9999.0 -9999.0 -9999.0 -9999.0 -9999.0 -9999.0 -9999.0 -9999.0 -9999.0 -9999.0 -9999.0 -9999.0 -9999.0 -9999.0 -9999.0 -9999.0 -9999.0 -9999.0 -9999.0 -9999.0
-9999.0 -9999.0 -9999.0 -9999.0 -9999.0 -9999.0 -9999.0 -9999.0 -9999.0 -9999.0 -9999.0 -9999.0 0.086041 0.086851 0.086849 0.023870 0.084837 0.082568 0.093209 0.020044 0.080990 0.038336 0.031839 0.058083 0.086444 0.020050 0.059515 0.028258 0.020098 0.020035 0.020038 0.020050 0.020043 0.020029 -9999.0 -9999.0 -9999.0 -9999.0 -9999.0 -9999.0 -9999.0 -9999.0 -9999.0 -9999.0 -9999.0 -9999.0 -9999.0 -9999.0 -9999.0 -9999.0 -9999.0 -9999.0 -9999.0 -9999.0 -9999.0 -9999.0 -9999.0 -9999.0 -9999.0 -9999.0 -9999.0 -9999.0 -9999.0
-9999.0 -9999.0 -9999.0 -9999.0 -9999.0 -9999.0 -9999.0 -9999.0 -9999.0 -9999.0 -9999.0 0.071069 0.058718 0.088211 0.034930 0.038821 0.020075 0.082898 0.427991 0.020051 0.022677 0.086810 0.033146 0.020088 0.029522 0.025996 0.020047 0.027714 0.025912 0.020032 0.020089 0.020056 0.020041 0.020026 0.020025 0.020019 0.020015 0.020012 0.020012 -9999.0 -9999.0 -9999.0 0.020024 -9999.0 -9999.0 -9999.0 -9999.0 -9999.0 -9999.0 -9999.0 -9999.0 -9999.0 -9999.0 -9999.0 -9999.0 -9999.0 -9999.0 -9999.0 -9999.0 -9999.0 -9999.0 -9999.0 -9999.0
-9999.0 -9999.0 -9999.0 -9999.0 -9999.0 -9999.0 -9999.0 -9999.0 -9999.0 -9999.0 -9999.0 0.047863 0.063138 0.084083 0.086100 0.020613 0.086697 0.067282 0.424380 0.420083 0.086852 0.086849 0.050711 0.034755 0.035916 0.020118 0.020863 0.020336 0.020158 0.020041 0.020065 0.020045 0.020030 0.020044 0.020024 0.020017 0.020013 0.020010 0.020009 0.020010 0.020011 0.020017 0.020023 0.020030 -9999.0 -9999.0 -9999.0 0.370835 0.082053 0.060324 0.086613 0.072469 0.070809 0.389806 0.393397 0.065429 -9999.0 -9999.0 -9999.0 -9999.0 -9999.0 -9999.0 -9999.0
-9999.0 -9999.0 -9999.0 -9999.0 -9999.0 -9999.0 -9999.0 -9999.0 -9999.0 -9999.0 -9999.0 0.052330 0.048361 0.020114 0.086330 0.021347 0.076053 0.072448 0.086851 0.418340 0.381292 0.068391 0.063770 0.050824 0.020079 0.020097 0.037185 0.020333 0.020052 0.020098 0.020039 0.020046 0.020044 0.020030 0.020021 0.020014 0.020012 0.020016 0.020015 0.020010 0.020011 0.020013 0.020023 0.020028 0.020122 -9999.0 0.020132 0.070128 0.085024 0.086786 0.077642 0.052075 0.086848 0.086867 0.086865 0.086847 -9999.0 -9999.0 -9999.0 -9999.0 -9999.0 -9999.0 -9999.0
-9999.0 -9999.0 -9999.0 -9999.0 -9999.0 -9999.0 -9999.0 -9999.0 -9999.0 -9999.0 -9999.0 -9999.0 0.057178 0.086299 0.086605 0.085770 0.050341 0.062234 0.090619 0.424939 0.070526 0.073545 0.086203 0.070441 0.021434 0.046910 0.086840 0.020066 0.020106 0.020124 0.020130 0.020052 0.020041 0.020036 0.020025 0.020016 0.020012 0.020015 0.020019 0.020013 0.020013 0.020014 0.020017 0.050805 0.020039 0.036610 0.035288 0.065407 0.048784 0.036810 0.086496 0.086592 0.376732 0.086629 0.073997 0.072438 0.086648 -9999.0 -9999.0 -9999.0 -9999.0 -9999.0 -9999.0
-9999.0 -9999.0 -9999.0 -9999.0 -9999.0 -9999.0 -9999.0 -9999.0 -9999.0 -9999.0 -9999.0 0.086241 0.039444 0.030993 0.082807 0.084321 0.085617 0.045014 0.086853 0.243759 0.042040 0.082392 0.086519 0.032384 0.056840 0.086698 0.086339 0.020074 0.020562 0.020086 0.020178 0.020109 0.023224 0.020040 0.020022 0.020017 0.020012 0.020013 0.108014 0.020016 0.020015 0.020017 0.020018 0.020018 0.069426 0.037740 0.057977 0.027720 0.051703 0.020060 0.022309 0.029463 0.053349 0.020128 0.022718 0.020130 0.074464 -9999.0 -9999.0 -9999.0 -9999.0 -9999.0 -9999.0
-9999.0 -9999.0 -9999.0 -9999.0 -9999.0 -9999.0 -9999.0 -9999.0 -9999.0 -9999.0 0.086557 0.080463 0.086565 0.043371 0.086669 0.086693 0.036473 0.062682 0.082540 0.355703 0.429980 0.388926 0.064001 0.086837 0.086769 0.086506 0.020527 0.020048 0.050032 0.083111 0.058148 0.025917 0.020131 0.020038 0.020022 0.020020 0.020014 0.020013 0.020016 0.020020 0.020020 0.020017 0.020025 0.150453 0.028553 0.020045 0.061481 0.020107 0.058847 0.042074 0.027635 0.020136 0.020223 0.020115 0.020199 0.086827 0.086822 -9999.0 -9999.0 -9999.0 -9999.0 -9999.0 -9999.0
-9999.0 -9999.0 -9999.0 -9999.0 -9999.0 -9999.0 -9999.0 -9999.0 -9999.0 0.032255 0.086503 0.086481 0.086636 0.068958 0.086623 0.044376 0.044512 0.086813 0.052357 0.246128 0.419116 0.064523 0.055879 0.086713 0.086564 0.020179 0.020193 0.086814 0.063653 0.083053 0.028318 0.020058 0.020031 0.020029 0.020027 0.020022 0.020028 0.020020 0.020021 0.020017 0.020018 0.020042 0.020036 0.020024 0.020018 0.020069 0.086847 0.020150 0.023753 0.088095 0.028893 0.063283 0.020099 0.029246 0.061220 0.080330 0.086721 0.086811 0.086701 -9999.0 -9999.0 -9999.0 -9999.0
-9999.0 -9999.0 -9999.0 -9999.0 -9999.0 -9999.0 -9999.0 -9999.0 -9999.0 0.029023 0.038433 0.034412 0.086851 0.086666 0.086491 0.083884 0.086842 0.075529 0.029250 0.417377 0.416209 0.022880 0.086683 0.086724 0.020644 0.049679 0.082182 0.086748 0.038900 0.085940 0.020312 0.020043 0.020067 0.020177 0.020048 0.020029 0.020025 0.020025 0.020028 0.020050 0.069389 0.020049 0.020315 0.020052 0.292674 0.044557 0.020035 0.020034 0.066617 0.038252 0.039875 0.055276 0.031981 0.043939 0.020294 0.086577 0.086584 0.086710 0.086797 -9999.0 -9999.0 -9999.0 -9999.0
-9999.0 -9999.0 -9999.0 -9999.0 -9999.0 -9999.0 -9999.0 -9999.0 -9999.0 -9999.0 0.037705 0.035879 0.053058 0.373530 0.052450 0.086597 0.086653 0.086836 0.020029 0.385610 0.420857 0.039118 0.085322 0.078826 0.051782 0.086095 0.040686 0.020033 0.031528 0.027629 0.020134 0.086247 0.020072 0.020057 0.020092 0.028815 0.041154 0.020100 0.020036 0.020039 0.020035 0.034613 0.026348 0.029261 0.020051 0.020028 0.020070 0.090811 0.020029 0.020092 0.028693 0.054971 0.074383 0.035593 0.070034 0.035787 0.084130 0.084376 0.086841 0.086822 -9999.0 -9999.0 -9999.0
-9999.0 -9999.0 -9999.0 -9999.0 -9999.0 -9999.0 -9999.0 -9999.0 -9999.0 -9999.0 0.037419 0.038033 0.062140 0.086623 0.430000 0.081946 0.068751 0.081995 0.033827 0.378096 0.062866 0.073426 0.082441 0.085330 0.086497 0.020052 0.061405 0.061919 0.033250 0.020063 0.020068 0.056794 0.020052 0.020065 0.020060 0.020226 0.020093 0.020054 0.020044 0.020077 0.038327 0.028913 0.048415 0.020093 0.086417 0.041929 0.073889 0.020108 0.020027 0.020047 0.020115 0.071518 0.086596 0.072489 0.050512 0.081944 0.037816 0.086759 0.020030 0.096158 -9999.0 -9999.0 -9999.0
-9999.0 -9999.0 -9999.0 -9999.0 -9999.0 -9999.0 -9999.0 -9999.0 0.086658 0.080155 0.024316 0.065242 0.050335 0.047013 0.085014 0.397518 0.026869 0.058725 0.394289 0.381493 0.031473 0.020032 0.020031 0.066586 0.076570 0.020049 0.091241 0.040633 0.054315 0.020404 0.020038 0.020083 0.020260 0.025462 0.046921 0.020051 0.054062 0.020109 0.020046 0.026233 0.020082 0.027053 0.020060 0.020051 0.045004 0.086682 0.021360 0.086618 0.020535 0.430000 0.086805 0.051277 0.086617 0.063981 0.082250 0.086847 0.086792 0.086835 0.045565 0.020125 -9999.0 -9999.0 -9999.0
-9999.0 -9999.0 -9999.0 -9999.0 -9999.0 -9999.0 -9999.0 -9999.0 0.025378 0.086496 0.021130 0.020186 0.035646 0.068330 0.084912 0.077257 0.082863 0.083256 0.020107 0.393606 0.411229 0.387132 0.056837 0.020049 0.020028 0.020104 0.086011 0.046175 0.020078 0.044846 0.045683 0.020165 0.054177 0.036402 0.086470 0.085405 0.043956 0.042528 0.020213 0.064902 0.020418 0.020051 0.020069 0.082114 0.079792 0.082075 0.020179 0.024888 0.049286 0.078981 0.025582 0.077956 0.086132 0.086848 0.061224 0.031704 0.073620 0.056407 0.020063 0.430000 0.430000 -9999.0 -9999.0
-9999.0 -9999.0 -9999.0 -9999.0 -9999.0 -9999.0 -9999.0 -9999.0 0.031454 0.047992 0.086673 0.021079 0.063063 0.020181 0.086669 0.048531 0.020100 0.066544 0.020289 0.420300 0.408438 0.395374 0.088102 0.075892 0.088926 0.030907 0.079277 0.036595 0.020042 0.023262 0.020388 0.075946 0.023373 0.020077 0.086696 0.086687 0.058795 0.024673 0.023996 0.047310 0.054519 0.045051 0.086657 0.060904 0.055840 0.048212 0.066219 0.086731 0.072640 0.036956 0.429271 0.046533 0.038706 0.035955 0.028549 0.075684 0.030293 0.032483 0.068994 0.430000 0.430000 -9999.0 -9999.0
-9999.0 -9999.0 -9999.0 -9999.0 -9999.0 -9999.0 -9999.0 -9999.0 0.020056 0.048505 0.398932 0.020087 0.086731 0.086745 0.069676 0.020164 0.020030 0.020682 0.400908 0.349605 0.389278 0.430000 0.430000 0.418190 0.083936 0.083947 0.085412 0.020993 0.086796 0.078751 0.023032 0.028799 0.044907 0.074573 0.032350 0.058799 0.050401 0.083535 0.020206 0.033677 0.079098 0.086656 0.086731 0.026956 0.086695 0.065151 0.086849 0.058319 0.086804 0.032304 0.085211 0.035890 0.026951 0.093835 0.029114 0.041549 0.065856 0.428340 0.430000 0.430000 0.095516 0.091660 -9999.0
-9999.0 -9999.0 -9999.0 -9999.0 -9999.0 -9999.0 -9999.0 -9999.0 0.052157 0.078218 0.086749 0.083372 0.083366 0.063838 0.086852 0.089722 0.422124 0.038551 0.085020 0.083203 0.050185 0.430000 0.430000 0.421313 0.064585 0.082541 0.058647 0.086726 0.086808 0.086805 0.050098 0.086793 0.020084 0.086722 0.024630 0.033366 0.048906 0.082771 0.020072 0.048910 0.022220 0.027282 0.049613 0.029869 0.028740 0.086136 0.032043 0.065763 0.062593 0.020078 0.020054 0.020058 0.049799 0.062439 0.078539 0.429724 0.430000 0.430000 0.430000 0.068415 0.020132 0.093217 -9999.0
-9999.0 -9999.0 0.035198 0.074359 0.067950 0.052247 0.081702 0.043990 0.063199 0.084383 0.072925 0.418669 0.082868 0.086849 0.080261 0.425469 0.024562 0.051751 0.059691 0.084670 0.082658 0.076750 0.430000 0.421563 0.403351 0.020063 0.081583 0.060262 0.020033 0.086853 0.083034 0.083512 0.094114 0.038703 0.058785 0.054715 0.061392 0.081925 0.030999 0.060523 0.053478 0.028867 0.020036 0.086813 0.053213 0.066466 0.041436 0.086149 0.020033 0.020611 0.055100 0.429761 0.430000 0.430000 0.430000 0.430000 0.429895 0.095165 0.056756 0.020090 0.096763 0.097384 -9999.0
-9999.0 0.086526 0.086525 0.086474 0.072032 0.086553 0.066634 0.060430 0.056781 0.048476 0.070837 0.085586 0.428118 0.430000 0.430000 0.085542 0.063226 0.064433 0.086613 0.083301 0.067553 0.020049 0.430000 0.429030 0.090586 0.063383 0.087891 0.088941 0.020046 0.079207 0.020090 0.057801 0.076322 0.092359 0.041945 0.091068 0.051682 0.055380 0.093625 0.091373 0.039078 0.034821 0.025474 0.031465 0.020686 0.020041 0.402609 0.020054 0.052687 0.428416 0.430000 0.430000 0.429774 0.430000 0.430000 0.094907 0.092214 0.092877 0.094723 0.093972 0.097248 0.098405 -9999.0
-9999.0 0.081335 0.086733 0.086776 0.420481 0.086755 0.059833 0.036065 0.057364 0.032173 0.062879 0.084484 0.082446 0.430000 0.042806 0.058776 0.050101 0.045450 0.086805 0.081440 0.093049 0.083354 0.320628 0.429392 0.430000 0.430000 0.085144 0.430000 0.430000 0.020056 0.020277 0.020261 0.067456 0.401145 0.426842 0.419874 0.430000 0.430000 0.094951 0.094203 0.093470 0.429404 0.043814 0.075004 0.072987 0.045660 0.416186 0.430000 0.430000 0.430000 0.093035 0.064914 0.091467 0.090168 0.082170 0.090413 0.085402 0.086196 0.086243 0.086805 0.087959 -9999.0 -9999.0
-9999.0 0.052868 0.045162 0.084366 0.044022 0.430000 0.419249 0.084034 0.078405 0.085353 0.086744 0.082506 0.086861 0.426357 0.086148 0.061969 0.070923 0.078144 0.046774 0.084237 0.085083 0.084390 0.084513 0.430000 0.430000 0.429659 0.429834 0.429731 0.430000 0.430000 0.426789 0.401371 0.407190 0.400274 0.415542 0.427157 0.430000 0.430000 0.430000 0.430000 0.430000 0.430000 0.430000 0.429450 0.415994 0.414883 0.418067 0.426149 0.428835 0.045154 0.083303 0.086628 0.087136 0.091894 0.086135 0.086342 0.086454 0.086563 0.086552 -9999.0 -9999.0 -9999.0 -9999.0
