erum2020/resources/simulation/Vinschgau/output-maps/thetaiceL0001N0076.asc
ncols         63
nrows         48
xllcorner     598000.000000
yllcorner     5145000.000000
cellsize      1000.000000
NODATA_value  -9999.0
[rows 0 to 28 of 48, columns 0 to 62 of 63]
-9999.0 -9999.0 -9999.0 -9999.0 -9999.0 -9999.0 -9999.0 -9999.0 -9999.0 -9999.0 -9999.0 -9999.0 -9999.0 -9999.0 -9999.0 -9999.0 -9999.0 -9999.0 -9999.0 -9999.0 -9999.0 -9999.0 -9999.0 -9999.0 -9999.0 -9999.0 -9999.0 -9999.0 -9999.0 -9999.0 -9999.0 -9999.0 -9999.0 -9999.0 -9999.0 -9999.0 -9999.0 -9999.0 -9999.0 -9999.0 -9999.0 -9999.0 -9999.0 -9999.0 -9999.0 -9999.0 -9999.0 -9999.0 -9999.0 -9999.0 -9999.0 -9999.0 -9999.0 -9999.0 -9999.0 -9999.0 -9999.0 -9999.0 -9999.0 -9999.0 -9999.0 -9999.0 -9999.0
-9999.0 -9999.0 -9999.0 -9999.0 -9999.0 -9999.0 -9999.0 -9999.0 -9999.0 -9999.0 -9999.0 -9999.0 -9999.0 -9999.0 -9999.0 -9999.0 -9999.0 -9999.0 -9999.0 -9999.0 -9999.0 -9999.0 -9999.0 -9999.0 -9999.0 -9999.0 -9999.0 0.169496 0.479862 0.170457 0.364622 0.314452 0.312799 -9999.0 -9999.0 -9999.0 -9999.0 -9999.0 -9999.0 -9999.0 -9999.0 -9999.0 -9999.0 -9999.0 -9999.0 -9999.0 -9999.0 -9999.0 -9999.0 -9999.0 -9999.0 -9999.0 -9999.0 -9999.0 -9999.0 -9999.0 -9999.0 -9999.0 -9999.0 -9999.0 -9999.0 -9999.0 -9999.0
-9999.0 -9999.0 -9999.0 -9999.0 -9999.0 -9999.0 -9999.0 -9999.0 -9999.0 -9999.0 -9999.0 -9999.0 -9999.0 -9999.0 -9999.0 -9999.0 -9999.0 -9999.0 -9999.0 -9999.0 -9999.0 -9999.0 -9999.0 -9999.0 0.478227 0.479738 0.479834 0.479866 0.479808 0.479844 0.474970 -9999.0 -9999.0 -9999.0 -9999.0 -9999.0 -9999.0 -9999.0 -9999.0 -9999.0 -9999.0 -9999.0 -9999.0 -9999.0 -9999.0 -9999.0 -9999.0 -9999.0 -9999.0 -9999.0 -9999.0 -9999.0 -9999.0 -9999.0 -9999.0 -9999.0 -9999.0 -9999.0 -9999.0 -9999.0 -9999.0 -9999.0 -9999.0
-9999.0 -9999.0 -9999.0 -9999.0 -9999.0 -9999.0 -9999.0 -9999.0 -9999.0 -9999.0 -9999.0 -9999.0 -9999.0 -9999.0 -9999.0 -9999.0 -9999.0 -9999.0 -9999.0 -9999.0 -9999.0 -9999.0 -9999.0 0.479660 0.476063 0.222988 0.387636 0.267457 0.444137 0.479869 0.479866 0.479814 -9999.0 -9999.0 -9999.0 -9999.0 -9999.0 -9999.0 -9999.0 -9999.0 -9999.0 -9999.0 -9999.0 -9999.0 -9999.0 -9999.0 -9999.0 -9999.0 -9999.0 -9999.0 -9999.0 -9999.0 -9999.0 -9999.0 -9999.0 -9999.0 -9999.0 -9999.0 -9999.0 -9999.0 -9999.0 -9999.0 -9999.0
-9999.0 -9999.0 -9999.0 -9999.0 -9999.0 -9999.0 -9999.0 -9999.0 -9999.0 -9999.0 -9999.0 -9999.0 -9999.0 -9999.0 -9999.0 -9999.0 -9999.0 -9999.0 0.385544 0.468380 -9999.0 0.479238 0.478270 0.065683 0.390071 0.470776 0.479068 0.478966 0.468471 0.465505 0.479848 0.479876 0.170918 0.171087 -9999.0 -9999.0 -9999.0 -9999.0 -9999.0 -9999.0 -9999.0 -9999.0 -9999.0 -9999.0 -9999.0 -9999.0 -9999.0 -9999.0 -9999.0 -9999.0 -9999.0 -9999.0 -9999.0 -9999.0 -9999.0 -9999.0 -9999.0 -9999.0 -9999.0 -9999.0 -9999.0 -9999.0 -9999.0
-9999.0 -9999.0 -9999.0 -9999.0 -9999.0 -9999.0 -9999.0 -9999.0 -9999.0 -9999.0 -9999.0 -9999.0 -9999.0 -9999.0 -9999.0 -9999.0 -9999.0 0.479821 0.473645 0.179284 0.164381 0.477812 0.469976 0.477621 0.473145 0.457639 0.360597 0.235430 0.478531 0.478974 0.417844 0.479862 0.168868 0.170615 0.169680 0.066233 -9999.0 -9999.0 -9999.0 -9999.0 -9999.0 -9999.0 -9999.0 -9999.0 -9999.0 -9999.0 -9999.0 -9999.0 -9999.0 -9999.0 -9999.0 -9999.0 -9999.0 -9999.0 -9999.0 -9999.0 -9999.0 -9999.0 -9999.0 -9999.0 -9999.0 -9999.0 -9999.0
-9999.0 -9999.0 -9999.0 -9999.0 -9999.0 -9999.0 -9999.0 -9999.0 -9999.0 -9999.0 -9999.0 -9999.0 -9999.0 0.477120 0.467520 0.477410 0.472587 0.174998 0.479206 0.447417 0.437824 0.378497 0.463211 0.473322 0.479519 0.302405 0.167923 0.118517 0.196678 0.107668 0.477395 0.476081 0.470398 0.477021 0.168817 0.061067 -9999.0 -9999.0 -9999.0 -9999.0 -9999.0 -9999.0 -9999.0 -9999.0 -9999.0 -9999.0 -9999.0 -9999.0 -9999.0 -9999.0 -9999.0 -9999.0 -9999.0 -9999.0 -9999.0 -9999.0 -9999.0 -9999.0 -9999.0 -9999.0 -9999.0 -9999.0 -9999.0
-9999.0 -9999.0 -9999.0 -9999.0 -9999.0 -9999.0 -9999.0 -9999.0 -9999.0 -9999.0 -9999.0 -9999.0 -9999.0 0.465346 0.427889 0.478353 0.478368 0.471041 0.178740 0.472200 0.471940 0.478802 0.478173 0.478218 0.476873 0.479295 0.479845 0.168016 0.168854 0.371533 0.111033 0.317048 0.083830 0.068442 0.067774 -9999.0 -9999.0 -9999.0 -9999.0 -9999.0 -9999.0 -9999.0 -9999.0 -9999.0 -9999.0 -9999.0 -9999.0 -9999.0 -9999.0 -9999.0 -9999.0 -9999.0 -9999.0 -9999.0 -9999.0 -9999.0 -9999.0 -9999.0 -9999.0 -9999.0 -9999.0 -9999.0 -9999.0
-9999.0 -9999.0 -9999.0 -9999.0 -9999.0 -9999.0 -9999.0 -9999.0 -9999.0 -9999.0 -9999.0 -9999.0 -9999.0 0.467070 0.468184 0.438096 0.478726 0.477359 0.177990 0.479060 0.475201 0.166667 0.416604 0.454960 0.454621 0.454935 0.170496 0.168228 0.479845 0.106585 0.322754 0.076289 0.065165 0.054763 0.058636 -9999.0 -9999.0 -9999.0 -9999.0 -9999.0 -9999.0 -9999.0 -9999.0 -9999.0 -9999.0 -9999.0 -9999.0 -9999.0 -9999.0 -9999.0 -9999.0 -9999.0 -9999.0 -9999.0 -9999.0 -9999.0 -9999.0 -9999.0 -9999.0 -9999.0 -9999.0 -9999.0 -9999.0
-9999.0 -9999.0 -9999.0 -9999.0 -9999.0 -9999.0 -9999.0 -9999.0 -9999.0 -9999.0 -9999.0 -9999.0 0.457860 0.445681 0.457691 0.479795 0.464499 0.477993 0.467641 0.160926 0.475297 0.474704 0.474445 0.477807 0.478284 0.326679 0.472716 0.478549 0.479863 0.081084 0.332231 0.170539 0.479891 0.169227 -9999.0 -9999.0 -9999.0 -9999.0 -9999.0 -9999.0 -9999.0 -9999.0 -9999.0 -9999.0 -9999.0 -9999.0 -9999.0 -9999.0 -9999.0 -9999.0 -9999.0 -9999.0 -9999.0 -9999.0 -9999.0 -9999.0 -9999.0 -9999.0 -9999.0 -9999.0 -9999.0 -9999.0 -9999.0
-9999.0 -9999.0 -9999.0 -9999.0 -9999.0 -9999.0 -9999.0 -9999.0 -9999.0 -9999.0 -9999.0 0.446825 0.476788 0.465484 0.479517 0.478444 0.166134 0.478126 0.467899 0.160865 0.478228 0.405617 0.478062 0.388994 0.476430 0.479815 0.351071 0.479808 0.477047 0.070748 0.169798 0.479868 0.170030 0.170252 0.170990 0.171482 0.479965 0.479966 0.479967 -9999.0 -9999.0 -9999.0 0.170334 -9999.0 -9999.0 -9999.0 -9999.0 -9999.0 -9999.0 -9999.0 -9999.0 -9999.0 -9999.0 -9999.0 -9999.0 -9999.0 -9999.0 -9999.0 -9999.0 -9999.0 -9999.0 -9999.0 -9999.0
-9999.0 -9999.0 -9999.0 -9999.0 -9999.0 -9999.0 -9999.0 -9999.0 -9999.0 -9999.0 -9999.0 0.478846 0.469393 0.471486 0.467874 0.475251 0.470225 0.478214 0.461742 0.465944 0.474784 0.448469 0.477944 0.475689 0.475581 0.477844 0.478959 0.479844 0.169500 0.166764 0.479848 0.479134 0.479872 0.478187 0.479916 0.479951 0.479844 0.479987 0.476448 0.170007 0.168736 0.171840 0.479922 0.169635 -9999.0 -9999.0 -9999.0 0.470103 0.452515 0.166704 0.417888 0.163738 0.166819 0.210564 0.176868 0.140279 -9999.0 -9999.0 -9999.0 -9999.0 -9999.0 -9999.0 -9999.0
-9999.0 -9999.0 -9999.0 -9999.0 -9999.0 -9999.0 -9999.0 -9999.0 -9999.0 -9999.0 -9999.0 0.477800 0.478167 0.479744 0.477753 0.479465 0.476815 0.475745 0.468203 0.468393 0.478112 0.470921 0.475880 0.479398 0.475296 0.170349 0.479189 0.476092 0.165839 0.476998 0.163681 0.478357 0.479868 0.479453 0.170967 0.479965 0.479970 0.172626 0.028380 0.170804 0.479967 0.479951 0.479922 0.479889 0.479876 -9999.0 0.163691 0.476513 0.436043 0.428890 0.430161 0.175378 0.222187 0.000000 0.000000 0.172566 -9999.0 -9999.0 -9999.0 -9999.0 -9999.0 -9999.0 -9999.0
-9999.0 -9999.0 -9999.0 -9999.0 -9999.0 -9999.0 -9999.0 -9999.0 -9999.0 -9999.0 -9999.0 -9999.0 0.458477 0.476590 0.430695 0.439917 0.470107 0.478164 0.462826 0.458171 0.478047 0.469469 0.442267 0.469942 0.476954 0.477559 0.426632 0.474594 0.479795 0.169799 0.479861 0.477266 0.479876 0.479093 0.418427 0.479964 0.479988 0.126895 0.000000 0.479991 0.479866 0.167968 0.475481 0.471651 0.170628 0.479693 0.167593 0.477550 0.479328 0.476390 0.477459 0.348507 0.426742 0.364459 0.468381 0.472183 0.172029 -9999.0 -9999.0 -9999.0 -9999.0 -9999.0 -9999.0
-9999.0 -9999.0 -9999.0 -9999.0 -9999.0 -9999.0 -9999.0 -9999.0 -9999.0 -9999.0 -9999.0 0.472656 0.336895 0.455881 0.462365 0.469262 0.474176 0.471615 0.467592 0.478424 0.477100 0.469288 0.466852 0.477317 0.477425 0.465623 0.477106 0.475097 0.479818 0.170566 0.479742 0.477241 0.477141 0.478376 0.281329 0.479950 0.158146 0.264817 0.302112 0.424839 0.479913 0.479074 0.477945 0.166305 0.423236 0.479695 0.478038 0.179777 0.177444 0.479908 0.165554 0.351732 0.371198 0.044092 0.021791 0.154671 0.160410 -9999.0 -9999.0 -9999.0 -9999.0 -9999.0 -9999.0
-9999.0 -9999.0 -9999.0 -9999.0 -9999.0 -9999.0 -9999.0 -9999.0 -9999.0 -9999.0 0.428804 0.352756 0.416390 0.479135 0.339935 0.473389 0.479335 0.471985 0.472174 0.477207 0.467348 0.474107 0.439965 0.362676 0.408401 0.476570 0.475821 0.169591 0.470382 0.468372 0.475845 0.479281 0.475806 0.338878 0.057276 0.170587 0.479966 0.479985 0.479955 0.435553 0.429180 0.179920 0.179221 0.471798 0.478058 0.170570 0.477295 0.476829 0.477295 0.478019 0.165688 0.137472 0.019587 0.143171 0.148953 0.116060 0.162334 -9999.0 -9999.0 -9999.0 -9999.0 -9999.0 -9999.0
-9999.0 -9999.0 -9999.0 -9999.0 -9999.0 -9999.0 -9999.0 -9999.0 -9999.0 0.475190 0.457020 0.409971 0.463600 0.442171 0.427094 0.473816 0.463929 0.432193 0.470432 0.478252 0.424988 0.462787 0.460588 0.463793 0.477221 0.476015 0.479838 0.460335 0.450780 0.468159 0.476128 0.475889 0.058964 0.116293 0.171069 0.170341 0.478392 0.479630 0.476656 0.476797 0.479842 0.479895 0.479907 0.442656 0.469808 0.474332 0.215441 0.479439 0.479607 0.477749 0.479380 0.169211 0.123345 0.169641 0.168371 0.438130 0.295388 0.000000 0.098658 -9999.0 -9999.0 -9999.0 -9999.0
-9999.0 -9999.0 -9999.0 -9999.0 -9999.0 -9999.0 -9999.0 -9999.0 -9999.0 0.475340 0.479042 0.475301 0.438902 0.455007 0.355327 0.403367 0.170798 0.474551 0.474073 0.262256 0.276547 0.395833 0.477592 0.470161 0.474857 0.478248 0.436664 0.386346 0.469940 0.479092 0.479712 0.476731 0.479784 0.478145 0.479852 0.169355 0.171027 0.170838 0.476687 0.476072 0.358696 0.329710 0.479363 0.469444 0.434300 0.470910 0.469743 0.472349 0.466590 0.478130 0.473349 0.475397 0.169713 0.477483 0.171224 0.471913 0.308449 0.316347 0.000000 -9999.0 -9999.0 -9999.0 -9999.0
-9999.0 -9999.0 -9999.0 -9999.0 -9999.0 -9999.0 -9999.0 -9999.0 -9999.0 -9999.0 0.474490 0.475414 0.470069 0.467523 0.473239 0.351849 0.433694 0.462235 0.437045 0.452683 0.453461 0.471744 0.452170 0.440226 0.477630 0.396686 0.470354 0.469958 0.478501 0.387726 0.337061 0.477831 0.292600 0.474417 0.479857 0.476764 0.477691 0.479741 0.170982 0.475884 0.356230 0.479463 0.479529 0.477079 0.479861 0.479972 0.467466 0.473922 0.469862 0.475564 0.462305 0.457107 0.156044 0.168081 0.459034 0.477578 0.463526 0.467487 0.413172 0.300679 -9999.0 -9999.0 -9999.0
-9999.0 -9999.0 -9999.0 -9999.0 -9999.0 -9999.0 -9999.0 -9999.0 -9999.0 -9999.0 0.476198 0.475856 0.464641 0.454905 0.465201 0.478110 0.478012 0.470803 0.200864 0.045778 0.470894 0.441453 0.228667 0.448197 0.411189 0.469959 0.470440 0.478047 0.478199 0.332688 0.327949 0.478974 0.169444 0.351252 0.336680 0.475455 0.479605 0.474127 0.478804 0.475077 0.479689 0.169034 0.471321 0.328320 0.462250 0.441283 0.465508 0.479881 0.451852 0.463087 0.464245 0.428561 0.382645 0.171424 0.168650 0.133198 0.475382 0.269621 0.461802 0.459212 -9999.0 -9999.0 -9999.0
-9999.0 -9999.0 -9999.0 -9999.0 -9999.0 -9999.0 -9999.0 -9999.0 0.446241 0.398677 0.476459 0.476174 0.438609 0.441780 0.463029 0.469685 0.469371 0.132528 0.000000 0.000000 0.203260 0.468758 0.466418 0.359249 0.444136 0.474252 0.472734 0.475475 0.478705 0.479816 0.067775 0.475866 0.479788 0.479809 0.479626 0.335033 0.475558 0.479376 0.478823 0.169000 0.167169 0.359403 0.046440 0.135537 0.179635 0.378085 0.319828 0.345543 0.468359 0.462871 0.426714 0.333058 0.346351 0.466629 0.087162 0.000000 0.000000 0.296426 0.417967 0.000000 -9999.0 -9999.0 -9999.0
-9999.0 -9999.0 -9999.0 -9999.0 -9999.0 -9999.0 -9999.0 -9999.0 0.151885 0.334706 0.479487 0.273921 0.479688 0.450241 0.383698 0.468773 0.472757 0.471840 0.000000 0.000000 0.000000 0.000000 0.248538 0.457307 0.477014 0.416875 0.475027 0.476047 0.166829 0.479576 0.479591 0.170641 0.479402 0.168874 0.475369 0.474242 0.476114 0.476727 0.478565 0.477626 0.330867 0.319852 0.144930 0.459419 0.470288 0.434473 0.166935 0.477986 0.477387 0.464633 0.463390 0.426181 0.364797 0.037485 0.422212 0.167393 0.278762 0.461310 0.353520 0.000000 0.000000 -9999.0 -9999.0
-9999.0 -9999.0 -9999.0 -9999.0 -9999.0 -9999.0 -9999.0 -9999.0 0.427032 0.441702 0.343599 0.476485 0.468992 0.164562 0.325548 0.455491 0.475414 0.463763 0.000000 0.000000 0.000000 0.000000 0.000000 0.000000 0.164332 0.477277 0.469910 0.478700 0.170156 0.479802 0.170578 0.473422 0.479812 0.479768 0.460096 0.396248 0.459820 0.477449 0.479438 0.479492 0.479498 0.169641 0.463108 0.474182 0.474046 0.474713 0.169746 0.429396 0.474654 0.466954 0.000000 0.418345 0.271874 0.444708 0.438282 0.420114 0.460656 0.295012 0.000000 0.000000 0.000000 -9999.0 -9999.0
-9999.0 -9999.0 -9999.0 -9999.0 -9999.0 -9999.0 -9999.0 -9999.0 0.166803 0.468856 0.442978 0.166786 0.329779 0.312381 0.407405 0.465668 0.346101 0.000000 0.446172 0.000000 0.000000 0.000000 0.000000 0.000000 0.449070 0.470898 0.446743 0.479029 0.454797 0.401935 0.479682 0.479317 0.395585 0.454518 0.479721 0.476697 0.477560 0.473649 0.468687 0.479722 0.466511 0.440189 0.450260 0.179733 0.450524 0.178915 0.349291 0.179218 0.395662 0.468906 0.467920 0.000000 0.435638 0.418294 0.458714 0.394983 0.000000 0.000000 0.000000 0.000000 0.000000 0.464248 -9999.0
-9999.0 -9999.0 -9999.0 -9999.0 -9999.0 -9999.0 -9999.0 -9999.0 0.475500 0.464492 0.419811 0.375851 0.403338 0.467488 0.457599 0.463080 0.462598 0.478554 0.474090 0.470676 0.098024 0.000000 0.000000 0.000000 0.367230 0.388223 0.471555 0.402986 0.414348 0.459065 0.465335 0.452221 0.463422 0.460955 0.478979 0.419200 0.458444 0.454769 0.458034 0.457419 0.477357 0.440310 0.448279 0.451962 0.479783 0.409504 0.465982 0.470326 0.381071 0.432328 0.461738 0.176372 0.000000 0.102602 0.000000 0.000000 0.000000 0.000000 0.000000 0.000000 0.197090 0.436502 -9999.0
-9999.0 -9999.0 0.479615 0.477291 0.457108 0.478870 0.383015 0.479366 0.477295 0.474075 0.459287 0.467332 0.465873 0.451451 0.281924 0.470732 0.467550 0.456067 0.448883 0.476787 0.470691 0.000000 0.000000 0.000000 0.242900 0.465487 0.452640 0.471351 0.464356 0.471096 0.229821 0.423020 0.445733 0.466627 0.458632 0.466216 0.421773 0.402264 0.438939 0.470256 0.475383 0.463547 0.464410 0.462430 0.396698 0.453863 0.455066 0.466952 0.464234 0.329134 0.000000 0.000000 0.000000 0.000000 0.000000 0.000000 0.000000 0.000000 0.352494 0.292895 0.414500 0.448150 -9999.0
-9999.0 0.444477 0.430062 0.353562 0.453376 0.400876 0.426259 0.477271 0.475926 0.477385 0.433355 0.417473 0.465671 0.354051 0.392729 0.447908 0.441950 0.474133 0.423241 0.476111 0.469688 0.000000 0.063379 0.000000 0.000000 0.446434 0.025767 0.009480 0.449506 0.451819 0.464639 0.465185 0.469997 0.057524 0.455576 0.221958 0.370757 0.230032 0.276315 0.398758 0.441585 0.450588 0.463601 0.469009 0.469655 0.463973 0.462800 0.234201 0.000000 0.000000 0.000000 0.000000 0.000000 0.118510 0.093020 0.415807 0.466399 0.466870 0.452809 0.451315 0.261152 0.343292 -9999.0
-9999.0 0.421815 0.465247 0.437957 0.274062 0.461526 0.427726 0.479699 0.478947 0.479268 0.458795 0.432751 0.465433 0.392304 0.465834 0.453616 0.478419 0.477759 0.444350 0.465530 0.444898 0.461598 0.096542 0.430839 0.033492 0.125868 0.000000 0.000000 0.000000 0.000000 0.000000 0.139489 0.227734 0.288445 0.182485 0.000000 0.000000 0.000000 0.000000 0.000000 0.000000 0.000000 0.086082 0.000000 0.000000 0.000000 0.000000 0.000000 0.000000 0.000000 0.002072 0.291252 0.463397 0.000000 0.460027 0.438641 0.437873 0.464149 0.390801 0.227738 0.192494 -9999.0 -9999.0
-9999.0 0.451066 0.479046 0.472564 0.476426 0.405875 0.341233 0.431588 0.407371 0.344978 0.315106 0.466838 0.467886 0.468103 0.361751 0.450022 0.478637 0.442221 0.470236 0.467786 0.449099 0.466827 0.459712 0.144902 0.185252 0.000000 0.000000 0.000000 0.000000 0.000000 0.000000 0.000000 0.000000 0.000000 0.000000 0.000000 0.000000 0.000000 0.000000 0.000000 0.000000 0.000000 0.000000 0.000000 0.000000 0.000000 0.000000 0.000000 0.389839 0.354440 0.467824 0.470614 0.459608 0.443039 0.473890 0.353563 0.323433 0.257688 0.226547 -9999.0 -9999.0 -9999.0 -9999.0
