erum2020/resources/simulation/Vinschgau/output-maps/thetaliqL0004N0765.asc
ncols         63
nrows         48
xllcorner     598000.000000
yllcorner     5145000.000000
cellsize      1000.000000
NODATA_value  -9999.0
[rows 0 to 28 of 48, columns 0 to 62 of 63]
-9999.0 -9999.0 -9999.0 -9999.0 -9999.0 -9999.0 -9999.0 -9999.0 -9999.0 -9999.0 -9999.0 -9999.0 -9999.0 -9999.0 -9999.0 -9999.0 -9999.0 -9999.0 -9999.0 -9999.0 -9999.0 -9999.0 -9999.0 -9999.0 -9999.0 -9999.0 -9999.0 -9999.0 -9999.0 -9999.0 -9999.0 -9999.0 -9999.0 -9999.0 -9999.0 -9999.0 -9999.0 -9999.0 -9999.0 -9999.0 -9999.0 -9999.0 -9999.0 -9999.0 -9999.0 -9999.0 -9999.0 -9999.0 -9999.0 -9999.0 -9999.0 -9999.0 -9999.0 -9999.0 -9999.0 -9999.0 -9999.0 -9999.0 -9999.0 -9999.0 -9999.0 -9999.0 -9999.0
-9999.0 -9999.0 -9999.0 -9999.0 -9999.0 -9999.0 -9999.0 -9999.0 -9999.0 -9999.0 -9999.0 -9999.0 -9999.0 -9999.0 -9999.0 -9999.0 -9999.0 -9999.0 -9999.0 -9999.0 -9999.0 -9999.0 -9999.0 -9999.0 -9999.0 -9999.0 -9999.0 0.020036 0.040034 0.020037 0.040012 0.040016 0.040013 -9999.0 -9999.0 -9999.0 -9999.0 -9999.0 -9999.0 -9999.0 -9999.0 -9999.0 -9999.0 -9999.0 -9999.0 -9999.0 -9999.0 -9999.0 -9999.0 -9999.0 -9999.0 -9999.0 -9999.0 -9999.0 -9999.0 -9999.0 -9999.0 -9999.0 -9999.0 -9999.0 -9999.0 -9999.0 -9999.0
-9999.0 -9999.0 -9999.0 -9999.0 -9999.0 -9999.0 -9999.0 -9999.0 -9999.0 -9999.0 -9999.0 -9999.0 -9999.0 -9999.0 -9999.0 -9999.0 -9999.0 -9999.0 -9999.0 -9999.0 -9999.0 -9999.0 -9999.0 -9999.0 0.040070 0.040161 0.040282 0.040075 0.040036 0.040024 0.040025 -9999.0 -9999.0 -9999.0 -9999.0 -9999.0 -9999.0 -9999.0 -9999.0 -9999.0 -9999.0 -9999.0 -9999.0 -9999.0 -9999.0 -9999.0 -9999.0 -9999.0 -9999.0 -9999.0 -9999.0 -9999.0 -9999.0 -9999.0 -9999.0 -9999.0 -9999.0 -9999.0 -9999.0 -9999.0 -9999.0 -9999.0 -9999.0
-9999.0 -9999.0 -9999.0 -9999.0 -9999.0 -9999.0 -9999.0 -9999.0 -9999.0 -9999.0 -9999.0 -9999.0 -9999.0 -9999.0 -9999.0 -9999.0 -9999.0 -9999.0 -9999.0 -9999.0 -9999.0 -9999.0 -9999.0 0.040177 0.052265 0.302931 0.381054 0.272741 0.448302 0.040222 0.040025 0.040017 -9999.0 -9999.0 -9999.0 -9999.0 -9999.0 -9999.0 -9999.0 -9999.0 -9999.0 -9999.0 -9999.0 -9999.0 -9999.0 -9999.0 -9999.0 -9999.0 -9999.0 -9999.0 -9999.0 -9999.0 -9999.0 -9999.0 -9999.0 -9999.0 -9999.0 -9999.0 -9999.0 -9999.0 -9999.0 -9999.0 -9999.0
-9999.0 -9999.0 -9999.0 -9999.0 -9999.0 -9999.0 -9999.0 -9999.0 -9999.0 -9999.0 -9999.0 -9999.0 -9999.0 -9999.0 -9999.0 -9999.0 -9999.0 -9999.0 0.510814 0.044291 -9999.0 0.040285 0.049876 0.336070 0.409814 0.206611 0.448174 0.514400 0.520000 0.421460 0.040088 0.040028 0.020031 0.020023 -9999.0 -9999.0 -9999.0 -9999.0 -9999.0 -9999.0 -9999.0 -9999.0 -9999.0 -9999.0 -9999.0 -9999.0 -9999.0 -9999.0 -9999.0 -9999.0 -9999.0 -9999.0 -9999.0 -9999.0 -9999.0 -9999.0 -9999.0 -9999.0 -9999.0 -9999.0 -9999.0 -9999.0 -9999.0
-9999.0 -9999.0 -9999.0 -9999.0 -9999.0 -9999.0 -9999.0 -9999.0 -9999.0 -9999.0 -9999.0 -9999.0 -9999.0 -9999.0 -9999.0 -9999.0 -9999.0 0.177465 0.335216 0.047054 0.020101 0.490704 0.419675 0.442728 0.405620 0.454619 0.321517 0.060039 0.317248 0.520000 0.040069 0.040023 0.020035 0.020029 0.020026 0.020020 -9999.0 -9999.0 -9999.0 -9999.0 -9999.0 -9999.0 -9999.0 -9999.0 -9999.0 -9999.0 -9999.0 -9999.0 -9999.0 -9999.0 -9999.0 -9999.0 -9999.0 -9999.0 -9999.0 -9999.0 -9999.0 -9999.0 -9999.0 -9999.0 -9999.0 -9999.0 -9999.0
-9999.0 -9999.0 -9999.0 -9999.0 -9999.0 -9999.0 -9999.0 -9999.0 -9999.0 -9999.0 -9999.0 -9999.0 -9999.0 0.286854 0.464627 0.279151 0.152903 0.042906 0.185080 0.292409 0.401937 0.373287 0.370942 0.433015 0.476376 0.047068 0.020091 0.040029 0.152613 0.472094 0.040137 0.040044 0.040017 0.040013 0.020032 0.020021 -9999.0 -9999.0 -9999.0 -9999.0 -9999.0 -9999.0 -9999.0 -9999.0 -9999.0 -9999.0 -9999.0 -9999.0 -9999.0 -9999.0 -9999.0 -9999.0 -9999.0 -9999.0 -9999.0 -9999.0 -9999.0 -9999.0 -9999.0 -9999.0 -9999.0 -9999.0 -9999.0
-9999.0 -9999.0 -9999.0 -9999.0 -9999.0 -9999.0 -9999.0 -9999.0 -9999.0 -9999.0 -9999.0 -9999.0 -9999.0 0.519967 0.422918 0.254809 0.171519 0.478232 0.034777 0.285819 0.224544 0.449052 0.432459 0.482730 0.470395 0.074865 0.040050 0.020036 0.020034 0.040094 0.040041 0.040021 0.020031 0.020018 0.020021 -9999.0 -9999.0 -9999.0 -9999.0 -9999.0 -9999.0 -9999.0 -9999.0 -9999.0 -9999.0 -9999.0 -9999.0 -9999.0 -9999.0 -9999.0 -9999.0 -9999.0 -9999.0 -9999.0 -9999.0 -9999.0 -9999.0 -9999.0 -9999.0 -9999.0 -9999.0 -9999.0 -9999.0
-9999.0 -9999.0 -9999.0 -9999.0 -9999.0 -9999.0 -9999.0 -9999.0 -9999.0 -9999.0 -9999.0 -9999.0 -9999.0 0.379367 0.520000 0.317654 0.232715 0.183979 0.023407 0.185962 0.505282 0.077565 0.330551 0.463517 0.499937 0.090813 0.020052 0.020032 0.040021 0.020020 0.040011 0.020019 0.020017 0.020027 0.020017 -9999.0 -9999.0 -9999.0 -9999.0 -9999.0 -9999.0 -9999.0 -9999.0 -9999.0 -9999.0 -9999.0 -9999.0 -9999.0 -9999.0 -9999.0 -9999.0 -9999.0 -9999.0 -9999.0 -9999.0 -9999.0 -9999.0 -9999.0 -9999.0 -9999.0 -9999.0 -9999.0 -9999.0
-9999.0 -9999.0 -9999.0 -9999.0 -9999.0 -9999.0 -9999.0 -9999.0 -9999.0 -9999.0 -9999.0 -9999.0 0.416877 0.520000 0.456240 0.507853 0.444705 0.289809 0.412130 0.053193 0.394837 0.453536 0.067768 0.310765 0.040163 0.040034 0.040062 0.040024 0.040020 0.020028 0.040008 0.020030 0.040010 0.020020 -9999.0 -9999.0 -9999.0 -9999.0 -9999.0 -9999.0 -9999.0 -9999.0 -9999.0 -9999.0 -9999.0 -9999.0 -9999.0 -9999.0 -9999.0 -9999.0 -9999.0 -9999.0 -9999.0 -9999.0 -9999.0 -9999.0 -9999.0 -9999.0 -9999.0 -9999.0 -9999.0 -9999.0 -9999.0
-9999.0 -9999.0 -9999.0 -9999.0 -9999.0 -9999.0 -9999.0 -9999.0 -9999.0 -9999.0 -9999.0 0.058574 0.520000 0.520000 0.488846 0.520000 0.055230 0.342319 0.520000 0.183787 0.374804 0.520000 0.043697 0.040049 0.040059 0.040023 0.040011 0.040032 0.040021 0.020023 0.020029 0.040021 0.020029 0.020025 0.020027 0.020030 0.040016 0.040024 0.040025 -9999.0 -9999.0 -9999.0 0.020024 -9999.0 -9999.0 -9999.0 -9999.0 -9999.0 -9999.0 -9999.0 -9999.0 -9999.0 -9999.0 -9999.0 -9999.0 -9999.0 -9999.0 -9999.0 -9999.0 -9999.0 -9999.0 -9999.0 -9999.0
-9999.0 -9999.0 -9999.0 -9999.0 -9999.0 -9999.0 -9999.0 -9999.0 -9999.0 -9999.0 -9999.0 0.049507 0.520000 0.520000 0.480542 0.130917 0.409065 0.284902 0.444026 0.520000 0.520000 0.519835 0.040225 0.040103 0.040032 0.040033 0.040028 0.040021 0.020040 0.020025 0.040013 0.040027 0.040021 0.040013 0.040011 0.040019 0.040099 0.040088 0.040029 0.020027 0.020027 0.020025 0.040012 0.020031 -9999.0 -9999.0 -9999.0 0.040011 0.040010 0.020028 0.040013 0.020024 0.020023 0.040012 0.040013 0.020021 -9999.0 -9999.0 -9999.0 -9999.0 -9999.0 -9999.0 -9999.0
-9999.0 -9999.0 -9999.0 -9999.0 -9999.0 -9999.0 -9999.0 -9999.0 -9999.0 -9999.0 -9999.0 0.040053 0.058555 0.126743 0.520000 0.519933 0.520000 0.479295 0.509608 0.441355 0.495930 0.473710 0.040514 0.040073 0.040032 0.020038 0.040175 0.040037 0.020036 0.040012 0.020034 0.040020 0.040022 0.040014 0.020031 0.040018 0.040069 0.040036 0.045904 0.020034 0.040036 0.040016 0.040017 0.040034 0.040014 -9999.0 0.020020 0.040014 0.040020 0.040020 0.040016 0.020040 0.040024 0.040027 0.040011 0.040015 -9999.0 -9999.0 -9999.0 -9999.0 -9999.0 -9999.0 -9999.0
-9999.0 -9999.0 -9999.0 -9999.0 -9999.0 -9999.0 -9999.0 -9999.0 -9999.0 -9999.0 -9999.0 -9999.0 0.040072 0.040120 0.519607 0.519743 0.488760 0.391485 0.520000 0.493827 0.464465 0.143544 0.040113 0.040374 0.040088 0.040153 0.040168 0.040030 0.040019 0.020031 0.040029 0.040032 0.040042 0.040018 0.040015 0.040025 0.040177 0.060939 0.072001 0.040042 0.040152 0.020052 0.040029 0.040178 0.020033 0.040013 0.020027 0.040014 0.040017 0.040066 0.332077 0.040032 0.040057 0.040025 0.040020 0.040014 0.040021 -9999.0 -9999.0 -9999.0 -9999.0 -9999.0 -9999.0
-9999.0 -9999.0 -9999.0 -9999.0 -9999.0 -9999.0 -9999.0 -9999.0 -9999.0 -9999.0 -9999.0 0.040292 0.040108 0.051813 0.040366 0.040407 0.507400 0.520000 0.520000 0.387025 0.469087 0.103626 0.040419 0.040443 0.040469 0.040088 0.040351 0.040020 0.040023 0.020040 0.040163 0.040074 0.040046 0.040019 0.040011 0.040013 0.040023 0.040130 0.082670 0.076978 0.040127 0.105578 0.040419 0.020133 0.054459 0.040026 0.040017 0.020041 0.020050 0.376141 0.020048 0.040019 0.040014 0.020026 0.020023 0.020032 0.020025 -9999.0 -9999.0 -9999.0 -9999.0 -9999.0 -9999.0
-9999.0 -9999.0 -9999.0 -9999.0 -9999.0 -9999.0 -9999.0 -9999.0 -9999.0 -9999.0 0.040201 0.040603 0.041522 0.043399 0.507014 0.246987 0.040595 0.444327 0.257045 0.407178 0.520000 0.520000 0.041170 0.340127 0.485409 0.040101 0.040046 0.020038 0.040048 0.040271 0.040091 0.040091 0.040084 0.040019 0.020021 0.020034 0.040088 0.040036 0.040609 0.507599 0.513073 0.093649 0.167789 0.520000 0.050423 0.020042 0.040039 0.040033 0.040099 0.446471 0.020038 0.020026 0.020020 0.020024 0.020018 0.040011 0.040012 -9999.0 -9999.0 -9999.0 -9999.0 -9999.0 -9999.0
-9999.0 -9999.0 -9999.0 -9999.0 -9999.0 -9999.0 -9999.0 -9999.0 -9999.0 0.040035 0.040042 0.040084 0.040104 0.040688 0.040096 0.040103 0.138030 0.520000 0.349396 0.255372 0.520000 0.355397 0.440973 0.456515 0.508579 0.040089 0.040080 0.040394 0.045414 0.040908 0.500277 0.040049 0.020036 0.020018 0.020026 0.020034 0.040024 0.040031 0.040208 0.040090 0.040159 0.042996 0.041523 0.468074 0.520000 0.395586 0.516022 0.040583 0.040599 0.516321 0.040019 0.020024 0.020022 0.020019 0.020024 0.040013 0.040024 0.020033 0.020027 -9999.0 -9999.0 -9999.0 -9999.0
-9999.0 -9999.0 -9999.0 -9999.0 -9999.0 -9999.0 -9999.0 -9999.0 -9999.0 0.040013 0.040014 0.040089 0.520000 0.491318 0.201054 0.040656 0.504943 0.519027 0.333302 0.389306 0.441131 0.356059 0.497919 0.519979 0.040245 0.040379 0.040760 0.495611 0.518638 0.519973 0.057759 0.040035 0.040015 0.040014 0.040012 0.020033 0.020036 0.020047 0.040032 0.040032 0.040248 0.040120 0.041063 0.520000 0.485283 0.471534 0.506022 0.468334 0.478626 0.505759 0.040023 0.040013 0.020020 0.040008 0.020024 0.040016 0.040017 0.040030 0.020039 -9999.0 -9999.0 -9999.0 -9999.0
-9999.0 -9999.0 -9999.0 -9999.0 -9999.0 -9999.0 -9999.0 -9999.0 -9999.0 -9999.0 0.040028 0.040028 0.040098 0.040797 0.485608 0.318886 0.492918 0.485879 0.334445 0.375041 0.520000 0.402333 0.477638 0.085424 0.040455 0.448417 0.501846 0.520000 0.057910 0.040155 0.040042 0.040063 0.040021 0.040016 0.040022 0.040036 0.040408 0.048795 0.020036 0.040022 0.040021 0.040444 0.256465 0.158988 0.120399 0.473027 0.520000 0.516342 0.500950 0.493896 0.040041 0.040016 0.020024 0.020020 0.040009 0.040013 0.040022 0.040139 0.040354 0.491513 -9999.0 -9999.0 -9999.0
-9999.0 -9999.0 -9999.0 -9999.0 -9999.0 -9999.0 -9999.0 -9999.0 -9999.0 -9999.0 0.040019 0.040041 0.040136 0.040113 0.520000 0.397151 0.423322 0.326393 0.312668 0.214695 0.192137 0.344544 0.448145 0.127562 0.423088 0.520000 0.520000 0.087960 0.040126 0.040023 0.040025 0.040038 0.020038 0.040013 0.040031 0.040053 0.040105 0.040087 0.040042 0.040018 0.040031 0.020051 0.040055 0.040104 0.050065 0.040948 0.062853 0.123638 0.520000 0.520000 0.040535 0.040033 0.040019 0.020025 0.020019 0.020022 0.040013 0.040610 0.520000 0.520000 -9999.0 -9999.0 -9999.0
-9999.0 -9999.0 -9999.0 -9999.0 -9999.0 -9999.0 -9999.0 -9999.0 0.040077 0.040028 0.040016 0.040024 0.040063 0.040071 0.040097 0.517799 0.298316 0.352519 0.320687 0.173835 0.162949 0.275672 0.309848 0.363840 0.477246 0.514590 0.520000 0.040350 0.040033 0.040013 0.020021 0.040013 0.040031 0.040015 0.040015 0.040034 0.161862 0.040193 0.040029 0.020033 0.020041 0.040042 0.020047 0.020035 0.020053 0.040297 0.040034 0.040901 0.110471 0.520000 0.040753 0.040033 0.040021 0.040009 0.020023 0.040016 0.020034 0.129471 0.518498 0.520000 -9999.0 -9999.0 -9999.0
-9999.0 -9999.0 -9999.0 -9999.0 -9999.0 -9999.0 -9999.0 -9999.0 0.020049 0.040034 0.040028 0.040018 0.040035 0.040083 0.040747 0.490731 0.406318 0.364669 0.250312 0.177814 0.438159 0.384270 0.375600 0.384499 0.301697 0.496000 0.520000 0.040089 0.020046 0.040024 0.040015 0.020035 0.040018 0.020036 0.040022 0.040120 0.396424 0.040802 0.041282 0.040060 0.040029 0.020032 0.020038 0.040090 0.040062 0.040264 0.020044 0.040045 0.045991 0.520000 0.520000 0.040716 0.040019 0.040016 0.040035 0.020060 0.040558 0.359441 0.520000 0.520000 0.195525 -9999.0 -9999.0
-9999.0 -9999.0 -9999.0 -9999.0 -9999.0 -9999.0 -9999.0 -9999.0 0.040031 0.040032 0.040058 0.040021 0.040032 0.020051 0.040590 0.040860 0.389128 0.398172 0.198539 0.381286 0.176482 0.294843 0.354356 0.205318 0.384289 0.433966 0.520000 0.040203 0.020041 0.040031 0.020039 0.040041 0.040064 0.040050 0.040043 0.170665 0.040432 0.520000 0.060662 0.040103 0.040047 0.020040 0.040079 0.040042 0.040155 0.040075 0.020033 0.040046 0.040099 0.493703 0.520000 0.059687 0.040031 0.040020 0.041916 0.040519 0.520000 0.520000 0.520000 0.520000 0.513914 -9999.0 -9999.0
-9999.0 -9999.0 -9999.0 -9999.0 -9999.0 -9999.0 -9999.0 -9999.0 0.020028 0.040053 0.040076 0.020042 0.040021 0.040031 0.040408 0.519975 0.341201 0.229520 0.434767 0.170255 0.196274 0.198415 0.299094 0.190854 0.255849 0.444972 0.444715 0.040046 0.040279 0.040030 0.040625 0.040033 0.040059 0.040485 0.040513 0.284198 0.512142 0.445092 0.520000 0.056864 0.040266 0.040503 0.040190 0.020053 0.040050 0.020041 0.040050 0.020048 0.040052 0.040519 0.486726 0.520000 0.484018 0.427625 0.520000 0.520000 0.520000 0.520000 0.520000 0.520000 0.520000 0.491706 -9999.0
-9999.0 -9999.0 -9999.0 -9999.0 -9999.0 -9999.0 -9999.0 -9999.0 0.040016 0.040066 0.040081 0.040062 0.040039 0.040126 0.520000 0.520000 0.520000 0.427336 0.438430 0.372974 0.204275 0.241711 0.202032 0.196123 0.414505 0.392142 0.040613 0.415567 0.506524 0.040508 0.112298 0.051232 0.520000 0.519547 0.512532 0.512676 0.501964 0.428147 0.520000 0.520000 0.516905 0.515177 0.418775 0.493404 0.040555 0.053378 0.043827 0.040367 0.176060 0.497408 0.507228 0.405231 0.494141 0.482589 0.520000 0.520000 0.520000 0.520000 0.520000 0.520000 0.518589 0.510142 -9999.0
-9999.0 -9999.0 0.040036 0.040071 0.040030 0.040117 0.040034 0.040023 0.040023 0.040032 0.040178 0.040154 0.040142 0.518348 0.520000 0.520000 0.177309 0.040203 0.040813 0.483894 0.359858 0.356795 0.520000 0.142093 0.226067 0.341452 0.384651 0.424255 0.520000 0.520000 0.467803 0.517270 0.520000 0.520000 0.520000 0.429947 0.469602 0.393051 0.479412 0.472588 0.498189 0.520000 0.520000 0.520000 0.504303 0.510023 0.520000 0.520000 0.520000 0.478605 0.433133 0.358664 0.520000 0.520000 0.520000 0.520000 0.520000 0.520000 0.520000 0.520000 0.520000 0.517054 -9999.0
-9999.0 0.040713 0.040291 0.040210 0.040129 0.040053 0.040034 0.040042 0.040022 0.040017 0.040064 0.040323 0.299270 0.520000 0.520000 0.041412 0.040174 0.040103 0.040412 0.468247 0.352661 0.503505 0.520000 0.520000 0.215124 0.201697 0.290138 0.363327 0.500129 0.520000 0.366888 0.460648 0.520000 0.520000 0.477584 0.411091 0.416058 0.319979 0.490259 0.432558 0.431033 0.512184 0.520000 0.440067 0.393630 0.352041 0.509171 0.437297 0.433889 0.520000 0.498226 0.520000 0.520000 0.520000 0.520000 0.520000 0.520000 0.520000 0.520000 0.520000 0.502089 0.520000 -9999.0
-9999.0 0.040175 0.040107 0.040105 0.519490 0.040092 0.040053 0.040042 0.040023 0.040015 0.040083 0.040200 0.061731 0.520000 0.049672 0.040051 0.040028 0.040090 0.040084 0.040197 0.520000 0.520000 0.520000 0.520000 0.520000 0.344382 0.135844 0.143085 0.393675 0.340981 0.184865 0.228946 0.520000 0.520000 0.520000 0.520000 0.520000 0.429113 0.458772 0.362656 0.438691 0.520000 0.520000 0.212823 0.135767 0.210708 0.356891 0.471075 0.481675 0.516057 0.520000 0.520000 0.520000 0.520000 0.520000 0.065906 0.040267 0.060707 0.071054 0.050645 0.075309 -9999.0 -9999.0
-9999.0 0.040208 0.040113 0.040200 0.520000 0.499475 0.519511 0.040142 0.040100 0.040109 0.040192 0.080589 0.520000 0.359985 0.040102 0.040023 0.040037 0.040031 0.040063 0.040129 0.148100 0.468527 0.298755 0.520000 0.520000 0.507291 0.520000 0.520000 0.223147 0.390117 0.157262 0.135296 0.520000 0.520000 0.502430 0.391316 0.435697 0.392644 0.385165 0.360681 0.361598 0.444487 0.451453 0.139648 0.132042 0.492927 0.453549 0.520000 0.520000 0.520000 0.520000 0.519996 0.077813 0.360026 0.041933 0.040203 0.040197 0.040145 0.040152 -9999.0 -9999.0 -9999.0 -9999.0
