erum2020/resources/simulation/Vinschgau/output-maps/thetaliqL0008N0824.asc
ncols         63
nrows         48
xllcorner     598000.000000
yllcorner     5145000.000000
cellsize      1000.000000
NODATA_value  -9999.0
[rows 0 to 28 of 48, columns 0 to 62 of 63]
-9999.0 -9999.0 -9999.0 -9999.0 -9999.0 -9999.0 -9999.0 -9999.0 -9999.0 -9999.0 -9999.0 -9999.0 -9999.0 -9999.0 -9999.0 -9999.0 -9999.0 -9999.0 -9999.0 -9999.0 -9999.0 -9999.0 -9999.0 -9999.0 -9999.0 -9999.0 -9999.0 -9999.0 -9999.0 -9999.0 -9999.0 -9999.0 -9999.0 -9999.0 -9999.0 -9999.0 -9999.0 -9999.0 -9999.0 -9999.0 -9999.0 -9999.0 -9999.0 -9999.0 -9999.0 -9999.0 -9999.0 -9999.0 -9999.0 -9999.0 -9999.0 -9999.0 -9999.0 -9999.0 -9999.0 -9999.0 -9999.0 -9999.0 -9999.0 -9999.0 -9999.0 -9999.0 -9999.0
-9999.0 -9999.0 -9999.0 -9999.0 -9999.0 -9999.0 -9999.0 -9999.0 -9999.0 -9999.0 -9999.0 -9999.0 -9999.0 -9999.0 -9999.0 -9999.0 -9999.0 -9999.0 -9999.0 -9999.0 -9999.0 -9999.0 -9999.0 -9999.0 -9999.0 -9999.0 -9999.0 0.020028 0.020054 0.020032 0.020032 0.020028 0.020026 -9999.0 -9999.0 -9999.0 -9999.0 -9999.0 -9999.0 -9999.0 -9999.0 -9999.0 -9999.0 -9999.0 -9999.0 -9999.0 -9999.0 -9999.0 -9999.0 -9999.0 -9999.0 -9999.0 -9999.0 -9999.0 -9999.0 -9999.0 -9999.0 -9999.0 -9999.0 -9999.0 -9999.0 -9999.0 -9999.0
-9999.0 -9999.0 -9999.0 -9999.0 -9999.0 -9999.0 -9999.0 -9999.0 -9999.0 -9999.0 -9999.0 -9999.0 -9999.0 -9999.0 -9999.0 -9999.0 -9999.0 -9999.0 -9999.0 -9999.0 -9999.0 -9999.0 -9999.0 -9999.0 0.066142 0.078980 0.095573 0.076345 0.020115 0.020038 0.020032 -9999.0 -9999.0 -9999.0 -9999.0 -9999.0 -9999.0 -9999.0 -9999.0 -9999.0 -9999.0 -9999.0 -9999.0 -9999.0 -9999.0 -9999.0 -9999.0 -9999.0 -9999.0 -9999.0 -9999.0 -9999.0 -9999.0 -9999.0 -9999.0 -9999.0 -9999.0 -9999.0 -9999.0 -9999.0 -9999.0 -9999.0 -9999.0
-9999.0 -9999.0 -9999.0 -9999.0 -9999.0 -9999.0 -9999.0 -9999.0 -9999.0 -9999.0 -9999.0 -9999.0 -9999.0 -9999.0 -9999.0 -9999.0 -9999.0 -9999.0 -9999.0 -9999.0 -9999.0 -9999.0 -9999.0 0.082117 0.100738 0.099429 0.085486 0.078454 0.079283 0.047238 0.020035 0.020028 -9999.0 -9999.0 -9999.0 -9999.0 -9999.0 -9999.0 -9999.0 -9999.0 -9999.0 -9999.0 -9999.0 -9999.0 -9999.0 -9999.0 -9999.0 -9999.0 -9999.0 -9999.0 -9999.0 -9999.0 -9999.0 -9999.0 -9999.0 -9999.0 -9999.0 -9999.0 -9999.0 -9999.0 -9999.0 -9999.0 -9999.0
-9999.0 -9999.0 -9999.0 -9999.0 -9999.0 -9999.0 -9999.0 -9999.0 -9999.0 -9999.0 -9999.0 -9999.0 -9999.0 -9999.0 -9999.0 -9999.0 -9999.0 -9999.0 0.165414 0.091518 -9999.0 0.094540 0.100204 0.078913 0.085815 0.077940 0.125000 0.139212 0.140955 0.086025 0.031854 0.020037 0.020023 0.020017 -9999.0 -9999.0 -9999.0 -9999.0 -9999.0 -9999.0 -9999.0 -9999.0 -9999.0 -9999.0 -9999.0 -9999.0 -9999.0 -9999.0 -9999.0 -9999.0 -9999.0 -9999.0 -9999.0 -9999.0 -9999.0 -9999.0 -9999.0 -9999.0 -9999.0 -9999.0 -9999.0 -9999.0 -9999.0
-9999.0 -9999.0 -9999.0 -9999.0 -9999.0 -9999.0 -9999.0 -9999.0 -9999.0 -9999.0 -9999.0 -9999.0 -9999.0 -9999.0 -9999.0 -9999.0 -9999.0 0.290070 0.020258 0.078301 0.020253 0.124268 0.086154 0.079429 0.127447 0.020546 0.020647 0.086310 0.020714 0.137114 0.086056 0.020035 0.020032 0.020029 0.020021 0.020018 -9999.0 -9999.0 -9999.0 -9999.0 -9999.0 -9999.0 -9999.0 -9999.0 -9999.0 -9999.0 -9999.0 -9999.0 -9999.0 -9999.0 -9999.0 -9999.0 -9999.0 -9999.0 -9999.0 -9999.0 -9999.0 -9999.0 -9999.0 -9999.0 -9999.0 -9999.0 -9999.0
-9999.0 -9999.0 -9999.0 -9999.0 -9999.0 -9999.0 -9999.0 -9999.0 -9999.0 -9999.0 -9999.0 -9999.0 -9999.0 0.086590 0.086272 0.047016 0.039173 0.086229 0.293426 0.078877 0.086104 0.085737 0.078477 0.087537 0.020737 0.093811 0.020100 0.020174 0.074420 0.086240 0.199913 0.027504 0.020030 0.020026 0.020024 0.020017 -9999.0 -9999.0 -9999.0 -9999.0 -9999.0 -9999.0 -9999.0 -9999.0 -9999.0 -9999.0 -9999.0 -9999.0 -9999.0 -9999.0 -9999.0 -9999.0 -9999.0 -9999.0 -9999.0 -9999.0 -9999.0 -9999.0 -9999.0 -9999.0 -9999.0 -9999.0 -9999.0
-9999.0 -9999.0 -9999.0 -9999.0 -9999.0 -9999.0 -9999.0 -9999.0 -9999.0 -9999.0 -9999.0 -9999.0 -9999.0 0.103363 0.086282 0.045157 0.040992 0.168497 0.086213 0.085364 0.020156 0.086252 0.020588 0.020787 0.086222 0.080565 0.020056 0.020031 0.020025 0.024041 0.021176 0.020035 0.020024 0.020015 0.020019 -9999.0 -9999.0 -9999.0 -9999.0 -9999.0 -9999.0 -9999.0 -9999.0 -9999.0 -9999.0 -9999.0 -9999.0 -9999.0 -9999.0 -9999.0 -9999.0 -9999.0 -9999.0 -9999.0 -9999.0 -9999.0 -9999.0 -9999.0 -9999.0 -9999.0 -9999.0 -9999.0 -9999.0
-9999.0 -9999.0 -9999.0 -9999.0 -9999.0 -9999.0 -9999.0 -9999.0 -9999.0 -9999.0 -9999.0 -9999.0 -9999.0 0.086191 0.158510 0.102999 0.044450 0.042956 0.086204 0.222845 0.108877 0.079443 0.020676 0.020688 0.086252 0.086341 0.020042 0.020024 0.020029 0.020017 0.020030 0.020014 0.020014 0.020013 0.020016 -9999.0 -9999.0 -9999.0 -9999.0 -9999.0 -9999.0 -9999.0 -9999.0 -9999.0 -9999.0 -9999.0 -9999.0 -9999.0 -9999.0 -9999.0 -9999.0 -9999.0 -9999.0 -9999.0 -9999.0 -9999.0 -9999.0 -9999.0 -9999.0 -9999.0 -9999.0 -9999.0 -9999.0
-9999.0 -9999.0 -9999.0 -9999.0 -9999.0 -9999.0 -9999.0 -9999.0 -9999.0 -9999.0 -9999.0 -9999.0 0.079933 0.200000 0.086285 0.086302 0.054595 0.046878 0.157870 0.077938 0.086087 0.086225 0.078380 0.086309 0.199921 0.020047 0.023138 0.020032 0.020031 0.020023 0.020015 0.020022 0.020024 0.020016 -9999.0 -9999.0 -9999.0 -9999.0 -9999.0 -9999.0 -9999.0 -9999.0 -9999.0 -9999.0 -9999.0 -9999.0 -9999.0 -9999.0 -9999.0 -9999.0 -9999.0 -9999.0 -9999.0 -9999.0 -9999.0 -9999.0 -9999.0 -9999.0 -9999.0 -9999.0 -9999.0 -9999.0 -9999.0
-9999.0 -9999.0 -9999.0 -9999.0 -9999.0 -9999.0 -9999.0 -9999.0 -9999.0 -9999.0 -9999.0 0.098277 0.086460 0.175167 0.086286 0.100522 0.080395 0.047609 0.430000 0.078200 0.020119 0.151172 0.071588 0.020082 0.020149 0.020055 0.020027 0.020042 0.065619 0.020018 0.020021 0.020031 0.020024 0.020019 0.020021 0.020024 0.020030 0.020040 0.020043 -9999.0 -9999.0 -9999.0 0.020019 -9999.0 -9999.0 -9999.0 -9999.0 -9999.0 -9999.0 -9999.0 -9999.0 -9999.0 -9999.0 -9999.0 -9999.0 -9999.0 -9999.0 -9999.0 -9999.0 -9999.0 -9999.0 -9999.0 -9999.0
-9999.0 -9999.0 -9999.0 -9999.0 -9999.0 -9999.0 -9999.0 -9999.0 -9999.0 -9999.0 -9999.0 0.094264 0.086395 0.080606 0.086308 0.086234 0.086254 0.020205 0.430000 0.430000 0.114400 0.087194 0.102777 0.042516 0.020082 0.020043 0.020040 0.020047 0.020031 0.020019 0.020037 0.020044 0.020029 0.020024 0.020021 0.020037 0.024826 0.030507 0.020048 0.020020 0.020020 0.020019 0.020034 0.020023 -9999.0 -9999.0 -9999.0 0.199244 0.020021 0.020021 0.020024 0.020019 0.020018 0.229246 0.216913 0.020017 -9999.0 -9999.0 -9999.0 -9999.0 -9999.0 -9999.0 -9999.0
-9999.0 -9999.0 -9999.0 -9999.0 -9999.0 -9999.0 -9999.0 -9999.0 -9999.0 -9999.0 -9999.0 0.093202 0.092734 0.079095 0.157712 0.086757 0.086692 0.020650 0.111693 0.430000 0.430000 0.081351 0.086495 0.068032 0.020042 0.020030 0.080355 0.020183 0.020027 0.020022 0.020025 0.020035 0.020058 0.020025 0.020023 0.020040 0.020057 0.020062 0.056711 0.020026 0.020051 0.020029 0.020048 0.020045 0.020025 -9999.0 0.020016 0.020025 0.020035 0.020048 0.020055 0.020038 0.020040 0.020035 0.020031 0.020026 -9999.0 -9999.0 -9999.0 -9999.0 -9999.0 -9999.0 -9999.0
-9999.0 -9999.0 -9999.0 -9999.0 -9999.0 -9999.0 -9999.0 -9999.0 -9999.0 -9999.0 -9999.0 -9999.0 0.098303 0.140727 0.097398 0.099872 0.020846 0.020467 0.187291 0.430000 0.020634 0.080931 0.044437 0.086568 0.028210 0.083164 0.198330 0.020049 0.020032 0.020024 0.020039 0.020043 0.020064 0.020031 0.020027 0.020042 0.046364 0.077156 0.086248 0.020100 0.048470 0.020048 0.020045 0.096594 0.020025 0.020024 0.020020 0.020026 0.020043 0.036518 0.156526 0.020050 0.404498 0.064968 0.020029 0.020033 0.020028 -9999.0 -9999.0 -9999.0 -9999.0 -9999.0 -9999.0
-9999.0 -9999.0 -9999.0 -9999.0 -9999.0 -9999.0 -9999.0 -9999.0 -9999.0 -9999.0 -9999.0 0.137930 0.069187 0.071314 0.086660 0.086668 0.086825 0.020961 0.121618 0.430000 0.020630 0.020616 0.086962 0.033961 0.086467 0.063568 0.145483 0.020032 0.020031 0.020032 0.067196 0.022629 0.020066 0.020032 0.020021 0.020036 0.020041 0.048627 0.262232 0.078414 0.045988 0.083636 0.077128 0.028422 0.086819 0.020034 0.020029 0.020032 0.020042 0.077201 0.020035 0.020033 0.020026 0.020020 0.020017 0.020017 0.020023 -9999.0 -9999.0 -9999.0 -9999.0 -9999.0 -9999.0
-9999.0 -9999.0 -9999.0 -9999.0 -9999.0 -9999.0 -9999.0 -9999.0 -9999.0 -9999.0 0.199928 0.086730 0.101872 0.095602 0.103888 0.157161 0.153358 0.020756 0.046580 0.430000 0.430000 0.430000 0.020118 0.101956 0.086549 0.199899 0.020077 0.020028 0.020084 0.058157 0.055116 0.064552 0.030620 0.020031 0.020017 0.020025 0.020115 0.020225 0.020118 0.084936 0.079196 0.080212 0.086035 0.430000 0.086379 0.020034 0.020057 0.020118 0.054641 0.086636 0.020028 0.020021 0.020016 0.020015 0.020015 0.020031 0.020030 -9999.0 -9999.0 -9999.0 -9999.0 -9999.0 -9999.0
-9999.0 -9999.0 -9999.0 -9999.0 -9999.0 -9999.0 -9999.0 -9999.0 -9999.0 0.020046 0.152488 0.143372 0.073271 0.086510 0.143347 0.086884 0.086658 0.109080 0.020329 0.429562 0.430000 0.020349 0.020118 0.086277 0.141569 0.020089 0.022152 0.067207 0.077284 0.086562 0.086719 0.020079 0.020027 0.020017 0.020019 0.020025 0.020036 0.020052 0.050360 0.086282 0.020467 0.021050 0.020125 0.020591 0.020118 0.080397 0.087362 0.054606 0.056416 0.157613 0.020051 0.020022 0.020014 0.020015 0.020019 0.020022 0.020031 0.020025 0.020020 -9999.0 -9999.0 -9999.0 -9999.0
-9999.0 -9999.0 -9999.0 -9999.0 -9999.0 -9999.0 -9999.0 -9999.0 -9999.0 0.020027 0.020029 0.037472 0.200000 0.086436 0.086401 0.086450 0.108960 0.086478 0.020293 0.430000 0.430000 0.086779 0.150365 0.104626 0.020119 0.077372 0.086451 0.086490 0.086448 0.158002 0.086259 0.020065 0.020040 0.020026 0.020033 0.020025 0.020028 0.020038 0.020043 0.038155 0.133325 0.020152 0.086169 0.086324 0.430000 0.113525 0.086236 0.079591 0.080004 0.086544 0.020047 0.020023 0.020016 0.020018 0.020021 0.020026 0.020027 0.020041 0.020030 -9999.0 -9999.0 -9999.0 -9999.0
-9999.0 -9999.0 -9999.0 -9999.0 -9999.0 -9999.0 -9999.0 -9999.0 -9999.0 -9999.0 0.020036 0.020146 0.087109 0.430000 0.080448 0.086391 0.086520 0.086399 0.020290 0.430000 0.430000 0.020118 0.020955 0.020118 0.086328 0.086429 0.086419 0.086556 0.086263 0.020086 0.020068 0.180400 0.020032 0.020029 0.020034 0.020065 0.090350 0.097351 0.020028 0.020037 0.020034 0.098788 0.200000 0.083184 0.020120 0.021150 0.020118 0.157830 0.078760 0.080406 0.020071 0.020042 0.020019 0.020017 0.020018 0.020025 0.020036 0.181642 0.024062 0.086483 -9999.0 -9999.0 -9999.0
-9999.0 -9999.0 -9999.0 -9999.0 -9999.0 -9999.0 -9999.0 -9999.0 -9999.0 -9999.0 0.020032 0.020057 0.093831 0.086765 0.430000 0.020426 0.020509 0.048590 0.046991 0.346036 0.042483 0.020315 0.020508 0.086173 0.086355 0.086395 0.162869 0.020989 0.020101 0.020035 0.020037 0.020085 0.020031 0.020025 0.020040 0.044613 0.191728 0.086534 0.020056 0.020030 0.020042 0.020047 0.020072 0.029921 0.153497 0.020121 0.087115 0.020118 0.020118 0.079597 0.079063 0.020055 0.020031 0.020020 0.020015 0.020017 0.020025 0.052319 0.021468 0.188349 -9999.0 -9999.0 -9999.0
-9999.0 -9999.0 -9999.0 -9999.0 -9999.0 -9999.0 -9999.0 -9999.0 0.066087 0.020041 0.020029 0.028863 0.020093 0.020110 0.020562 0.430000 0.020265 0.086910 0.430000 0.297426 0.039711 0.020210 0.020246 0.020320 0.086188 0.058840 0.179555 0.020265 0.020251 0.020034 0.020017 0.020036 0.020039 0.020027 0.020037 0.020045 0.086865 0.086829 0.020053 0.020025 0.020032 0.032532 0.020035 0.020027 0.020049 0.192084 0.020057 0.087109 0.020118 0.430000 0.086163 0.020118 0.020042 0.020022 0.020018 0.020029 0.020026 0.111297 0.080609 0.020980 -9999.0 -9999.0 -9999.0
-9999.0 -9999.0 -9999.0 -9999.0 -9999.0 -9999.0 -9999.0 -9999.0 0.020039 0.020137 0.020041 0.020030 0.020051 0.103866 0.020930 0.020984 0.020545 0.020403 0.020121 0.293180 0.430000 0.430000 0.129170 0.086702 0.020247 0.053404 0.064092 0.087335 0.020034 0.020031 0.020026 0.020027 0.020030 0.020028 0.020273 0.085902 0.088141 0.087156 0.064401 0.020514 0.020037 0.020020 0.020029 0.025521 0.174841 0.079612 0.020032 0.020094 0.083089 0.021209 0.086151 0.087174 0.020039 0.020026 0.020051 0.020044 0.050208 0.080978 0.079503 0.430000 0.347108 -9999.0 -9999.0
-9999.0 -9999.0 -9999.0 -9999.0 -9999.0 -9999.0 -9999.0 -9999.0 0.020039 0.102095 0.020109 0.020033 0.020060 0.020038 0.086648 0.020118 0.020361 0.086029 0.020164 0.430000 0.291667 0.430000 0.111942 0.094389 0.131135 0.020564 0.021143 0.020135 0.020030 0.020041 0.020031 0.065767 0.020127 0.020067 0.094233 0.088938 0.068075 0.020137 0.020128 0.032781 0.020067 0.020032 0.053355 0.116302 0.053454 0.044047 0.020025 0.020403 0.043653 0.020118 0.430000 0.086191 0.020043 0.020041 0.041717 0.087672 0.087543 0.087166 0.086060 0.430000 0.430000 -9999.0 -9999.0
-9999.0 -9999.0 -9999.0 -9999.0 -9999.0 -9999.0 -9999.0 -9999.0 0.020022 0.020223 0.429596 0.020031 0.020040 0.146010 0.020119 0.020782 0.020120 0.020204 0.430000 0.242183 0.321224 0.372319 0.430000 0.419745 0.046089 0.020669 0.021067 0.020067 0.100069 0.020522 0.049542 0.035476 0.066661 0.087112 0.063349 0.086393 0.086535 0.020703 0.020119 0.083210 0.051396 0.062446 0.052277 0.020048 0.037380 0.020033 0.020093 0.020040 0.020061 0.048719 0.021205 0.020793 0.086187 0.158676 0.087847 0.088559 0.086158 0.430000 0.430000 0.430000 0.155312 0.059723 -9999.0
-9999.0 -9999.0 -9999.0 -9999.0 -9999.0 -9999.0 -9999.0 -9999.0 0.020023 0.039327 0.199680 0.020084 0.020071 0.020367 0.115581 0.158096 0.430000 0.020620 0.020777 0.020426 0.043850 0.417383 0.361364 0.324839 0.086601 0.020414 0.020390 0.086468 0.086407 0.086892 0.020118 0.086947 0.080510 0.087304 0.081714 0.081572 0.081292 0.020561 0.020118 0.087620 0.081839 0.080682 0.081232 0.080179 0.052194 0.086738 0.079569 0.050972 0.078371 0.080174 0.079259 0.020431 0.020671 0.086360 0.107664 0.430000 0.430000 0.430000 0.430000 0.086104 0.020742 0.060397 -9999.0
-9999.0 -9999.0 0.020049 0.062534 0.020057 0.069748 0.020047 0.020045 0.020039 0.020076 0.066492 0.429864 0.020219 0.088068 0.117766 0.430000 0.020118 0.020269 0.086681 0.020944 0.020363 0.048320 0.430000 0.182660 0.351892 0.020305 0.020388 0.020485 0.020660 0.113401 0.020673 0.020945 0.192356 0.020744 0.086786 0.020579 0.086626 0.020359 0.020118 0.020118 0.080807 0.080428 0.020118 0.086120 0.020118 0.080697 0.086654 0.056111 0.079126 0.086280 0.086210 0.430000 0.430000 0.430000 0.430000 0.430000 0.430000 0.184056 0.086208 0.020945 0.191074 0.067768 -9999.0
-9999.0 0.086433 0.085884 0.086146 0.067442 0.020066 0.020047 0.020045 0.020032 0.020029 0.022725 0.020184 0.430000 0.430000 0.430000 0.020118 0.087223 0.051413 0.140707 0.020707 0.020343 0.020606 0.430000 0.430000 0.104134 0.092608 0.105329 0.114352 0.086246 0.147950 0.085990 0.086243 0.087122 0.190976 0.086488 0.140573 0.086433 0.020198 0.176951 0.156210 0.086421 0.086703 0.086071 0.020431 0.020336 0.020283 0.430000 0.020375 0.086272 0.430000 0.430000 0.430000 0.430000 0.430000 0.430000 0.182421 0.069263 0.068525 0.181795 0.183115 0.080317 0.073556 -9999.0
-9999.0 0.106835 0.070490 0.086765 0.430000 0.050175 0.020054 0.020043 0.020035 0.020028 0.020243 0.020124 0.020966 0.430000 0.020118 0.020055 0.020041 0.034888 0.086952 0.020544 0.181534 0.059511 0.430000 0.430000 0.430000 0.430000 0.029657 0.342954 0.430000 0.020249 0.020149 0.020169 0.179162 0.430000 0.430000 0.430000 0.430000 0.430000 0.183851 0.135115 0.166928 0.430000 0.086835 0.041732 0.030136 0.020151 0.430000 0.430000 0.430000 0.430000 0.175428 0.060132 0.066273 0.067273 0.021548 0.068173 0.021020 0.069082 0.021323 0.071189 0.073658 -9999.0 -9999.0
-9999.0 0.038673 0.074694 0.020245 0.020899 0.430000 0.430000 0.020082 0.050329 0.040953 0.086597 0.020738 0.087111 0.430000 0.020088 0.020044 0.020043 0.020068 0.020081 0.020604 0.020837 0.020878 0.046865 0.430000 0.430000 0.430000 0.430000 0.430000 0.336341 0.430000 0.281503 0.264870 0.430000 0.430000 0.430000 0.430000 0.430000 0.430000 0.430000 0.430000 0.430000 0.430000 0.430000 0.274929 0.265543 0.430000 0.430000 0.430000 0.430000 0.057365 0.021144 0.169441 0.067086 0.174311 0.069840 0.070294 0.074993 0.076441 0.073442 -9999.0 -9999.0 -9999.0 -9999.0
