erum2020/resources/simulation/Vinschgau/output-maps/thetaliqL0008N0732.asc
ncols         63
nrows         48
xllcorner     598000.000000
yllcorner     5145000.000000
cellsize      1000.000000
NODATA_value  -9999.0
[rows 0 to 28 of 48, columns 0 to 62 of 63]
-9999.0 -9999.0 -9999.0 -9999.0 -9999.0 -9999.0 -9999.0 -9999.0 -9999.0 -9999.0 -9999.0 -9999.0 -9999.0 -9999.0 -9999.0 -9999.0 -9999.0 -9999.0 -9999.0 -9999.0 -9999.0 -9999.0 -9999.0 -9999.0 -9999.0 -9999.0 -9999.0 -9999.0 -9999.0 -9999.0 -9999.0 -9999.0 -9999.0 -9999.0 -9999.0 -9999.0 -9999.0 -9999.0 -9999.0 -9999.0 -9999.0 -9999.0 -9999.0 -9999.0 -9999.0 -9999.0 -9999.0 -9999.0 -9999.0 -9999.0 -9999.0 -9999.0 -9999.0 -9999.0 -9999.0 -9999.0 -9999.0 -9999.0 -9999.0 -9999.0 -9999.0 -9999.0 -9999.0
-9999.0 -9999.0 -9999.0 -9999.0 -9999.0 -9999.0 -9999.0 -9999.0 -9999.0 -9999.0 -9999.0 -9999.0 -9999.0 -9999.0 -9999.0 -9999.0 -9999.0 -9999.0 -9999.0 -9999.0 -9999.0 -9999.0 -9999.0 -9999.0 -9999.0 -9999.0 -9999.0 0.086255 0.086381 0.086247 0.086205 0.085986 0.087071 -9999.0 -9999.0 -9999.0 -9999.0 -9999.0 -9999.0 -9999.0 -9999.0 -9999.0 -9999.0 -9999.0 -9999.0 -9999.0 -9999.0 -9999.0 -9999.0 -9999.0 -9999.0 -9999.0 -9999.0 -9999.0 -9999.0 -9999.0 -9999.0 -9999.0 -9999.0 -9999.0 -9999.0 -9999.0 -9999.0
-9999.0 -9999.0 -9999.0 -9999.0 -9999.0 -9999.0 -9999.0 -9999.0 -9999.0 -9999.0 -9999.0 -9999.0 -9999.0 -9999.0 -9999.0 -9999.0 -9999.0 -9999.0 -9999.0 -9999.0 -9999.0 -9999.0 -9999.0 -9999.0 0.090689 0.089758 0.091658 0.092453 0.102436 0.086960 0.086175 -9999.0 -9999.0 -9999.0 -9999.0 -9999.0 -9999.0 -9999.0 -9999.0 -9999.0 -9999.0 -9999.0 -9999.0 -9999.0 -9999.0 -9999.0 -9999.0 -9999.0 -9999.0 -9999.0 -9999.0 -9999.0 -9999.0 -9999.0 -9999.0 -9999.0 -9999.0 -9999.0 -9999.0 -9999.0 -9999.0 -9999.0 -9999.0
-9999.0 -9999.0 -9999.0 -9999.0 -9999.0 -9999.0 -9999.0 -9999.0 -9999.0 -9999.0 -9999.0 -9999.0 -9999.0 -9999.0 -9999.0 -9999.0 -9999.0 -9999.0 -9999.0 -9999.0 -9999.0 -9999.0 -9999.0 0.089498 0.094646 0.094748 0.085484 0.078999 0.079606 0.086296 0.086347 0.086327 -9999.0 -9999.0 -9999.0 -9999.0 -9999.0 -9999.0 -9999.0 -9999.0 -9999.0 -9999.0 -9999.0 -9999.0 -9999.0 -9999.0 -9999.0 -9999.0 -9999.0 -9999.0 -9999.0 -9999.0 -9999.0 -9999.0 -9999.0 -9999.0 -9999.0 -9999.0 -9999.0 -9999.0 -9999.0 -9999.0 -9999.0
-9999.0 -9999.0 -9999.0 -9999.0 -9999.0 -9999.0 -9999.0 -9999.0 -9999.0 -9999.0 -9999.0 -9999.0 -9999.0 -9999.0 -9999.0 -9999.0 -9999.0 -9999.0 0.155852 0.089061 -9999.0 0.091093 0.094292 0.079415 0.085812 0.078456 0.117226 0.128199 0.127463 0.086022 0.086397 0.086433 0.086235 0.086233 -9999.0 -9999.0 -9999.0 -9999.0 -9999.0 -9999.0 -9999.0 -9999.0 -9999.0 -9999.0 -9999.0 -9999.0 -9999.0 -9999.0 -9999.0 -9999.0 -9999.0 -9999.0 -9999.0 -9999.0 -9999.0 -9999.0 -9999.0 -9999.0 -9999.0 -9999.0 -9999.0 -9999.0 -9999.0
-9999.0 -9999.0 -9999.0 -9999.0 -9999.0 -9999.0 -9999.0 -9999.0 -9999.0 -9999.0 -9999.0 -9999.0 -9999.0 -9999.0 -9999.0 -9999.0 -9999.0 0.275356 0.020121 0.078851 0.086199 0.114868 0.086151 0.079733 0.120986 0.020134 0.020151 0.086272 0.020168 0.126307 0.104274 0.086717 0.086194 0.086228 0.086005 0.085973 -9999.0 -9999.0 -9999.0 -9999.0 -9999.0 -9999.0 -9999.0 -9999.0 -9999.0 -9999.0 -9999.0 -9999.0 -9999.0 -9999.0 -9999.0 -9999.0 -9999.0 -9999.0 -9999.0 -9999.0 -9999.0 -9999.0 -9999.0 -9999.0 -9999.0 -9999.0 -9999.0
-9999.0 -9999.0 -9999.0 -9999.0 -9999.0 -9999.0 -9999.0 -9999.0 -9999.0 -9999.0 -9999.0 -9999.0 -9999.0 0.086377 0.086257 0.033815 0.030077 0.086227 0.276494 0.079378 0.086101 0.085736 0.078902 0.087103 0.020156 0.090268 0.081090 0.082056 0.081614 0.086228 0.200000 0.096969 0.086435 0.086096 0.085971 0.085973 -9999.0 -9999.0 -9999.0 -9999.0 -9999.0 -9999.0 -9999.0 -9999.0 -9999.0 -9999.0 -9999.0 -9999.0 -9999.0 -9999.0 -9999.0 -9999.0 -9999.0 -9999.0 -9999.0 -9999.0 -9999.0 -9999.0 -9999.0 -9999.0 -9999.0 -9999.0 -9999.0
-9999.0 -9999.0 -9999.0 -9999.0 -9999.0 -9999.0 -9999.0 -9999.0 -9999.0 -9999.0 -9999.0 -9999.0 -9999.0 0.095421 0.086274 0.032432 0.031230 0.158911 0.086211 0.085364 0.020128 0.086252 0.020175 0.020165 0.086209 0.080788 0.086291 0.085988 0.085976 0.082511 0.086314 0.086026 0.085970 0.085913 0.085970 -9999.0 -9999.0 -9999.0 -9999.0 -9999.0 -9999.0 -9999.0 -9999.0 -9999.0 -9999.0 -9999.0 -9999.0 -9999.0 -9999.0 -9999.0 -9999.0 -9999.0 -9999.0 -9999.0 -9999.0 -9999.0 -9999.0 -9999.0 -9999.0 -9999.0 -9999.0 -9999.0 -9999.0
-9999.0 -9999.0 -9999.0 -9999.0 -9999.0 -9999.0 -9999.0 -9999.0 -9999.0 -9999.0 -9999.0 -9999.0 -9999.0 0.086188 0.142375 0.097439 0.032270 0.032505 0.086204 0.208693 0.101460 0.080232 0.020172 0.020154 0.086230 0.086286 0.086247 0.085983 0.086400 0.085908 0.086039 0.074123 0.084916 0.085969 0.081438 -9999.0 -9999.0 -9999.0 -9999.0 -9999.0 -9999.0 -9999.0 -9999.0 -9999.0 -9999.0 -9999.0 -9999.0 -9999.0 -9999.0 -9999.0 -9999.0 -9999.0 -9999.0 -9999.0 -9999.0 -9999.0 -9999.0 -9999.0 -9999.0 -9999.0 -9999.0 -9999.0 -9999.0
-9999.0 -9999.0 -9999.0 -9999.0 -9999.0 -9999.0 -9999.0 -9999.0 -9999.0 -9999.0 -9999.0 -9999.0 0.080354 0.200000 0.086272 0.086260 0.040102 0.033359 0.151004 0.078485 0.086084 0.086218 0.081177 0.086263 0.200000 0.086045 0.100968 0.086350 0.086780 0.085978 0.085981 0.086247 0.086452 0.086022 -9999.0 -9999.0 -9999.0 -9999.0 -9999.0 -9999.0 -9999.0 -9999.0 -9999.0 -9999.0 -9999.0 -9999.0 -9999.0 -9999.0 -9999.0 -9999.0 -9999.0 -9999.0 -9999.0 -9999.0 -9999.0 -9999.0 -9999.0 -9999.0 -9999.0 -9999.0 -9999.0 -9999.0 -9999.0
-9999.0 -9999.0 -9999.0 -9999.0 -9999.0 -9999.0 -9999.0 -9999.0 -9999.0 -9999.0 -9999.0 0.092751 0.086299 0.157193 0.086251 0.092361 0.080951 0.035051 0.430000 0.078741 0.020118 0.140989 0.086558 0.086135 0.081546 0.086476 0.086019 0.086528 0.200000 0.085926 0.086236 0.086689 0.086162 0.086029 0.086203 0.086240 0.086210 0.086220 0.086243 -9999.0 -9999.0 -9999.0 0.086031 -9999.0 -9999.0 -9999.0 -9999.0 -9999.0 -9999.0 -9999.0 -9999.0 -9999.0 -9999.0 -9999.0 -9999.0 -9999.0 -9999.0 -9999.0 -9999.0 -9999.0 -9999.0 -9999.0 -9999.0
-9999.0 -9999.0 -9999.0 -9999.0 -9999.0 -9999.0 -9999.0 -9999.0 -9999.0 -9999.0 -9999.0 0.090705 0.086282 0.080858 0.086272 0.086154 0.086246 0.020121 0.430000 0.430000 0.105810 0.086617 0.098663 0.086428 0.086652 0.086188 0.086428 0.086714 0.086234 0.086020 0.086556 0.087315 0.086303 0.086367 0.086242 0.086226 0.086245 0.086240 0.086258 0.086229 0.086212 0.086163 0.086315 0.086025 -9999.0 -9999.0 -9999.0 0.430000 0.086379 0.086265 0.086416 0.086267 0.086278 0.430000 0.430000 0.086047 -9999.0 -9999.0 -9999.0 -9999.0 -9999.0 -9999.0 -9999.0
-9999.0 -9999.0 -9999.0 -9999.0 -9999.0 -9999.0 -9999.0 -9999.0 -9999.0 -9999.0 -9999.0 0.097550 0.089538 0.083413 0.146834 0.086403 0.086397 0.020174 0.103590 0.430000 0.430000 0.081591 0.086373 0.099440 0.086143 0.086225 0.086416 0.127210 0.086021 0.086142 0.086000 0.083572 0.086456 0.086288 0.086134 0.086236 0.084545 0.079395 0.086240 0.086207 0.086259 0.086215 0.086234 0.086328 0.086292 -9999.0 0.086070 0.086468 0.086547 0.086748 0.086272 0.086257 0.086274 0.087209 0.086524 0.086616 -9999.0 -9999.0 -9999.0 -9999.0 -9999.0 -9999.0 -9999.0
-9999.0 -9999.0 -9999.0 -9999.0 -9999.0 -9999.0 -9999.0 -9999.0 -9999.0 -9999.0 -9999.0 -9999.0 0.093530 0.135011 0.091407 0.092451 0.020194 0.020166 0.174402 0.430000 0.020149 0.081176 0.081305 0.086494 0.086447 0.086384 0.196148 0.086016 0.086232 0.086246 0.086486 0.086491 0.086243 0.086340 0.086109 0.086226 0.084370 0.082318 0.086245 0.086224 0.086262 0.086217 0.081095 0.093018 0.086235 0.086393 0.086255 0.086389 0.083439 0.086492 0.149223 0.087561 0.430000 0.143018 0.086867 0.090597 0.091980 -9999.0 -9999.0 -9999.0 -9999.0 -9999.0 -9999.0
-9999.0 -9999.0 -9999.0 -9999.0 -9999.0 -9999.0 -9999.0 -9999.0 -9999.0 -9999.0 -9999.0 0.132919 0.089433 0.086235 0.086502 0.086449 0.086482 0.020218 0.112415 0.430000 0.020145 0.020154 0.086561 0.082792 0.086364 0.086646 0.140787 0.086098 0.086304 0.086236 0.086394 0.086705 0.086872 0.086392 0.086026 0.086245 0.086167 0.080248 0.266555 0.086234 0.079963 0.083757 0.086236 0.079879 0.086528 0.086331 0.086708 0.086252 0.086259 0.080760 0.082760 0.086277 0.086655 0.079534 0.081329 0.086022 0.086264 -9999.0 -9999.0 -9999.0 -9999.0 -9999.0 -9999.0
-9999.0 -9999.0 -9999.0 -9999.0 -9999.0 -9999.0 -9999.0 -9999.0 -9999.0 -9999.0 0.200000 0.086505 0.097174 0.091552 0.096856 0.147818 0.145906 0.020229 0.034180 0.430000 0.430000 0.430000 0.020118 0.095319 0.086369 0.200000 0.084079 0.082148 0.086243 0.086579 0.086662 0.094016 0.086493 0.086182 0.085969 0.086206 0.086200 0.084902 0.020118 0.084929 0.079428 0.080629 0.086034 0.430000 0.086295 0.086227 0.086553 0.081484 0.086477 0.086419 0.082091 0.086031 0.076947 0.086025 0.086041 0.086639 0.086611 -9999.0 -9999.0 -9999.0 -9999.0 -9999.0 -9999.0
-9999.0 -9999.0 -9999.0 -9999.0 -9999.0 -9999.0 -9999.0 -9999.0 -9999.0 0.086362 0.149603 0.140062 0.086557 0.086366 0.138666 0.086556 0.086399 0.100879 0.020130 0.421543 0.430000 0.020126 0.020118 0.086260 0.132218 0.020137 0.086285 0.086627 0.081255 0.086377 0.086463 0.020138 0.085981 0.085546 0.086062 0.086015 0.086439 0.086213 0.085873 0.086267 0.020205 0.020316 0.020125 0.020152 0.020118 0.080656 0.086729 0.080765 0.081326 0.148338 0.081621 0.086259 0.086021 0.086063 0.086193 0.084304 0.087227 0.086255 0.086260 -9999.0 -9999.0 -9999.0 -9999.0
-9999.0 -9999.0 -9999.0 -9999.0 -9999.0 -9999.0 -9999.0 -9999.0 -9999.0 0.086246 0.086393 0.086409 0.200000 0.086327 0.086314 0.086335 0.102074 0.086323 0.020126 0.430000 0.430000 0.086651 0.140998 0.096928 0.020125 0.086275 0.086331 0.086341 0.086337 0.148798 0.086256 0.020130 0.086253 0.086355 0.086582 0.086207 0.086229 0.086227 0.086020 0.086497 0.129614 0.084131 0.086163 0.086261 0.430000 0.105516 0.086226 0.079886 0.080284 0.086364 0.020126 0.084208 0.086061 0.086153 0.086047 0.132379 0.084148 0.086767 0.086247 -9999.0 -9999.0 -9999.0 -9999.0
-9999.0 -9999.0 -9999.0 -9999.0 -9999.0 -9999.0 -9999.0 -9999.0 -9999.0 -9999.0 0.086386 0.086546 0.086657 0.430000 0.080721 0.086307 0.086353 0.086307 0.020129 0.430000 0.430000 0.020118 0.020239 0.020118 0.086284 0.086313 0.086318 0.086369 0.086258 0.021502 0.020575 0.200000 0.084883 0.086126 0.086705 0.087129 0.088358 0.092839 0.086243 0.086111 0.086012 0.094577 0.200000 0.083265 0.020118 0.020335 0.020118 0.147315 0.079063 0.080653 0.020118 0.081713 0.086265 0.086064 0.088374 0.086260 0.094158 0.200000 0.081589 0.086348 -9999.0 -9999.0 -9999.0
-9999.0 -9999.0 -9999.0 -9999.0 -9999.0 -9999.0 -9999.0 -9999.0 -9999.0 -9999.0 0.086440 0.086468 0.092211 0.086589 0.430000 0.020129 0.020142 0.034709 0.033380 0.331601 0.030938 0.020124 0.020134 0.086140 0.086272 0.086297 0.150555 0.020294 0.020480 0.085369 0.086143 0.099524 0.082143 0.086084 0.086125 0.093315 0.200000 0.086476 0.083225 0.086119 0.086497 0.086259 0.086602 0.086166 0.147855 0.020119 0.086597 0.020118 0.020118 0.079803 0.079214 0.082780 0.086609 0.086267 0.086031 0.086264 0.086275 0.083583 0.020239 0.175160 -9999.0 -9999.0 -9999.0
-9999.0 -9999.0 -9999.0 -9999.0 -9999.0 -9999.0 -9999.0 -9999.0 0.098382 0.086499 0.086217 0.094563 0.087701 0.086647 0.020308 0.430000 0.020129 0.086765 0.430000 0.294484 0.029918 0.020120 0.020122 0.020122 0.086173 0.041675 0.167385 0.020556 0.086758 0.084646 0.085995 0.086198 0.086290 0.086242 0.086520 0.086033 0.086496 0.086518 0.020417 0.086250 0.086075 0.094594 0.082984 0.086000 0.086257 0.186536 0.020563 0.086622 0.020118 0.430000 0.086161 0.020118 0.086653 0.084387 0.086254 0.086308 0.086256 0.105573 0.080812 0.020142 -9999.0 -9999.0 -9999.0
-9999.0 -9999.0 -9999.0 -9999.0 -9999.0 -9999.0 -9999.0 -9999.0 0.084863 0.086589 0.083492 0.086191 0.086352 0.142637 0.020321 0.020235 0.020158 0.020143 0.020119 0.288724 0.430000 0.430000 0.123033 0.086540 0.020121 0.036237 0.045542 0.086841 0.082571 0.086467 0.086437 0.086243 0.086646 0.086258 0.098738 0.098175 0.087103 0.086660 0.083097 0.086538 0.086251 0.086006 0.086031 0.086570 0.200000 0.086675 0.082978 0.086242 0.083370 0.020228 0.086142 0.086748 0.020339 0.086740 0.086268 0.080254 0.081375 0.081215 0.079711 0.430000 0.344652 -9999.0 -9999.0
-9999.0 -9999.0 -9999.0 -9999.0 -9999.0 -9999.0 -9999.0 -9999.0 0.086351 0.187528 0.086267 0.083973 0.109188 0.082948 0.086453 0.020118 0.020124 0.086026 0.020120 0.430000 0.287399 0.430000 0.104985 0.092123 0.124578 0.020150 0.020212 0.020379 0.081977 0.086535 0.086246 0.102966 0.086500 0.082228 0.100384 0.087661 0.083299 0.020123 0.020128 0.083684 0.086474 0.086259 0.096285 0.193015 0.086537 0.091971 0.086262 0.092586 0.086491 0.020118 0.430000 0.086189 0.020118 0.020118 0.081294 0.087091 0.086886 0.086641 0.086054 0.430000 0.430000 -9999.0 -9999.0
-9999.0 -9999.0 -9999.0 -9999.0 -9999.0 -9999.0 -9999.0 -9999.0 0.086001 0.086556 0.430000 0.081916 0.103510 0.144221 0.020118 0.020137 0.020118 0.020128 0.430000 0.229020 0.311437 0.363262 0.430000 0.420830 0.032738 0.020171 0.020284 0.020118 0.095344 0.081585 0.082049 0.082009 0.080260 0.086668 0.082239 0.086306 0.086348 0.020241 0.020118 0.083413 0.086410 0.086603 0.086665 0.086244 0.090694 0.086261 0.086265 0.086259 0.086297 0.081485 0.020360 0.020146 0.086184 0.151810 0.087046 0.087363 0.086148 0.430000 0.430000 0.430000 0.143900 0.044862 -9999.0
-9999.0 -9999.0 -9999.0 -9999.0 -9999.0 -9999.0 -9999.0 -9999.0 0.089149 0.096907 0.200000 0.020118 0.020118 0.020186 0.107608 0.144483 0.430000 0.020191 0.020229 0.020149 0.032217 0.398601 0.351280 0.316714 0.086473 0.020131 0.020162 0.086327 0.086300 0.086551 0.020118 0.086577 0.080695 0.086676 0.081923 0.081784 0.081504 0.020220 0.020118 0.086770 0.082046 0.081157 0.081440 0.080644 0.082878 0.086491 0.081507 0.081245 0.081099 0.080417 0.079484 0.020127 0.020140 0.086322 0.095773 0.430000 0.430000 0.430000 0.430000 0.086096 0.020160 0.045417 -9999.0
-9999.0 -9999.0 0.086249 0.093595 0.114781 0.086345 0.086896 0.086567 0.098301 0.097408 0.086700 0.430000 0.020219 0.087129 0.108032 0.430000 0.020118 0.020548 0.086410 0.020225 0.020133 0.034255 0.430000 0.178550 0.338545 0.020121 0.020126 0.020135 0.020130 0.103899 0.020157 0.020186 0.179341 0.020150 0.086459 0.020192 0.086415 0.020178 0.020118 0.020118 0.081065 0.080670 0.020118 0.086114 0.020118 0.080918 0.086403 0.037874 0.079372 0.086262 0.086200 0.430000 0.430000 0.430000 0.430000 0.430000 0.430000 0.170828 0.086191 0.020198 0.180092 0.053768 -9999.0
-9999.0 0.086316 0.086439 0.086444 0.086306 0.086696 0.086984 0.086517 0.086517 0.086446 0.086690 0.020389 0.430000 0.430000 0.430000 0.020118 0.086844 0.086436 0.134728 0.020169 0.020126 0.020133 0.430000 0.430000 0.101539 0.091249 0.101297 0.108357 0.086211 0.135784 0.085988 0.086231 0.086569 0.176973 0.086337 0.133515 0.086329 0.020151 0.167273 0.149259 0.086328 0.086428 0.086069 0.020131 0.020124 0.020122 0.430000 0.020125 0.086263 0.430000 0.430000 0.430000 0.430000 0.430000 0.430000 0.169935 0.051353 0.051250 0.169912 0.172686 0.068042 0.060155 -9999.0
-9999.0 0.102103 0.086655 0.086545 0.430000 0.086777 0.020224 0.086340 0.091134 0.086241 0.086429 0.020234 0.020224 0.430000 0.020118 0.020548 0.084065 0.086329 0.086678 0.020172 0.170686 0.039914 0.430000 0.430000 0.430000 0.430000 0.025160 0.339950 0.430000 0.020124 0.020119 0.020119 0.164634 0.430000 0.430000 0.430000 0.430000 0.430000 0.174354 0.128366 0.158145 0.430000 0.086483 0.030553 0.026873 0.020119 0.430000 0.430000 0.430000 0.430000 0.163922 0.044284 0.049735 0.048772 0.020297 0.057444 0.020361 0.058249 0.020448 0.060373 0.062975 -9999.0 -9999.0
-9999.0 0.086260 0.086706 0.020272 0.020144 0.430000 0.430000 0.020205 0.086443 0.086475 0.086538 0.020198 0.086625 0.430000 0.020475 0.020725 0.086507 0.086751 0.020384 0.020248 0.020216 0.020213 0.033483 0.430000 0.430000 0.430000 0.430000 0.430000 0.318840 0.430000 0.281417 0.266362 0.430000 0.430000 0.430000 0.430000 0.430000 0.430000 0.430000 0.430000 0.430000 0.430000 0.430000 0.276445 0.268194 0.430000 0.430000 0.430000 0.430000 0.040737 0.020226 0.159838 0.055686 0.166986 0.060593 0.063286 0.068641 0.070789 0.065431 -9999.0 -9999.0 -9999.0 -9999.0
