erum2020/resources/simulation/Vinschgau/output-maps/thetaliqL0003N0247.asc
ncols         63
nrows         48
xllcorner     598000.000000
yllcorner     5145000.000000
cellsize      1000.000000
NODATA_value  -9999.0
[rows 0 to 28 of 48, columns 0 to 62 of 63]
-9999.0 -9999.0 -9999.0 -9999.0 -9999.0 -9999.0 -9999.0 -9999.0 -9999.0 -9999.0 -9999.0 -9999.0 -9999.0 -9999.0 -9999.0 -9999.0 -9999.0 -9999.0 -9999.0 -9999.0 -9999.0 -9999.0 -9999.0 -9999.0 -9999.0 -9999.0 -9999.0 -9999.0 -9999.0 -9999.0 -9999.0 -9999.0 -9999.0 -9999.0 -9999.0 -9999.0 -9999.0 -9999.0 -9999.0 -9999.0 -9999.0 -9999.0 -9999.0 -9999.0 -9999.0 -9999.0 -9999.0 -9999.0 -9999.0 -9999.0 -9999.0 -9999.0 -9999.0 -9999.0 -9999.0 -9999.0 -9999.0 -9999.0 -9999.0 -9999.0 -9999.0 -9999.0 -9999.0
-9999.0 -9999.0 -9999.0 -9999.0 -9999.0 -9999.0 -9999.0 -9999.0 -9999.0 -9999.0 -9999.0 -9999.0 -9999.0 -9999.0 -9999.0 -9999.0 -9999.0 -9999.0 -9999.0 -9999.0 -9999.0 -9999.0 -9999.0 -9999.0 -9999.0 -9999.0 -9999.0 0.020023 0.040007 0.020022 0.040006 0.040005 0.040005 -9999.0 -9999.0 -9999.0 -9999.0 -9999.0 -9999.0 -9999.0 -9999.0 -9999.0 -9999.0 -9999.0 -9999.0 -9999.0 -9999.0 -9999.0 -9999.0 -9999.0 -9999.0 -9999.0 -9999.0 -9999.0 -9999.0 -9999.0 -9999.0 -9999.0 -9999.0 -9999.0 -9999.0 -9999.0 -9999.0
-9999.0 -9999.0 -9999.0 -9999.0 -9999.0 -9999.0 -9999.0 -9999.0 -9999.0 -9999.0 -9999.0 -9999.0 -9999.0 -9999.0 -9999.0 -9999.0 -9999.0 -9999.0 -9999.0 -9999.0 -9999.0 -9999.0 -9999.0 -9999.0 0.040012 0.040010 0.040010 0.040009 0.040009 0.040008 0.040006 -9999.0 -9999.0 -9999.0 -9999.0 -9999.0 -9999.0 -9999.0 -9999.0 -9999.0 -9999.0 -9999.0 -9999.0 -9999.0 -9999.0 -9999.0 -9999.0 -9999.0 -9999.0 -9999.0 -9999.0 -9999.0 -9999.0 -9999.0 -9999.0 -9999.0 -9999.0 -9999.0 -9999.0 -9999.0 -9999.0 -9999.0 -9999.0
-9999.0 -9999.0 -9999.0 -9999.0 -9999.0 -9999.0 -9999.0 -9999.0 -9999.0 -9999.0 -9999.0 -9999.0 -9999.0 -9999.0 -9999.0 -9999.0 -9999.0 -9999.0 -9999.0 -9999.0 -9999.0 -9999.0 -9999.0 0.040011 0.040013 0.040022 0.040014 0.040012 0.040011 0.040008 0.040006 0.040007 -9999.0 -9999.0 -9999.0 -9999.0 -9999.0 -9999.0 -9999.0 -9999.0 -9999.0 -9999.0 -9999.0 -9999.0 -9999.0 -9999.0 -9999.0 -9999.0 -9999.0 -9999.0 -9999.0 -9999.0 -9999.0 -9999.0 -9999.0 -9999.0 -9999.0 -9999.0 -9999.0 -9999.0 -9999.0 -9999.0 -9999.0
-9999.0 -9999.0 -9999.0 -9999.0 -9999.0 -9999.0 -9999.0 -9999.0 -9999.0 -9999.0 -9999.0 -9999.0 -9999.0 -9999.0 -9999.0 -9999.0 -9999.0 -9999.0 0.040050 0.040034 -9999.0 0.040013 0.040014 0.040023 0.040013 0.040036 0.040011 0.040011 0.040056 0.040012 0.040008 0.040007 0.020019 0.020017 -9999.0 -9999.0 -9999.0 -9999.0 -9999.0 -9999.0 -9999.0 -9999.0 -9999.0 -9999.0 -9999.0 -9999.0 -9999.0 -9999.0 -9999.0 -9999.0 -9999.0 -9999.0 -9999.0 -9999.0 -9999.0 -9999.0 -9999.0 -9999.0 -9999.0 -9999.0 -9999.0 -9999.0 -9999.0
-9999.0 -9999.0 -9999.0 -9999.0 -9999.0 -9999.0 -9999.0 -9999.0 -9999.0 -9999.0 -9999.0 -9999.0 -9999.0 -9999.0 -9999.0 -9999.0 -9999.0 0.040132 0.040017 0.020032 0.020033 0.040046 0.040019 0.040013 0.040062 0.040008 0.040008 0.040011 0.040008 0.040010 0.040012 0.040008 0.020026 0.020020 0.020018 0.020016 -9999.0 -9999.0 -9999.0 -9999.0 -9999.0 -9999.0 -9999.0 -9999.0 -9999.0 -9999.0 -9999.0 -9999.0 -9999.0 -9999.0 -9999.0 -9999.0 -9999.0 -9999.0 -9999.0 -9999.0 -9999.0 -9999.0 -9999.0 -9999.0 -9999.0 -9999.0 -9999.0
-9999.0 -9999.0 -9999.0 -9999.0 -9999.0 -9999.0 -9999.0 -9999.0 -9999.0 -9999.0 -9999.0 -9999.0 -9999.0 0.040012 0.040038 0.040015 0.040018 0.020045 0.040029 0.040012 0.040012 0.040013 0.040014 0.040014 0.040008 0.040008 0.020020 0.040008 0.040007 0.040010 0.040008 0.040006 0.040006 0.040004 0.020015 0.020015 -9999.0 -9999.0 -9999.0 -9999.0 -9999.0 -9999.0 -9999.0 -9999.0 -9999.0 -9999.0 -9999.0 -9999.0 -9999.0 -9999.0 -9999.0 -9999.0 -9999.0 -9999.0 -9999.0 -9999.0 -9999.0 -9999.0 -9999.0 -9999.0 -9999.0 -9999.0 -9999.0
-9999.0 -9999.0 -9999.0 -9999.0 -9999.0 -9999.0 -9999.0 -9999.0 -9999.0 -9999.0 -9999.0 -9999.0 -9999.0 0.040036 0.040040 0.040031 0.040028 0.040041 0.020044 0.040016 0.041237 0.040009 0.040013 0.040011 0.040013 0.040009 0.040007 0.020018 0.020017 0.040006 0.040008 0.040005 0.020016 0.020014 0.020014 -9999.0 -9999.0 -9999.0 -9999.0 -9999.0 -9999.0 -9999.0 -9999.0 -9999.0 -9999.0 -9999.0 -9999.0 -9999.0 -9999.0 -9999.0 -9999.0 -9999.0 -9999.0 -9999.0 -9999.0 -9999.0 -9999.0 -9999.0 -9999.0 -9999.0 -9999.0 -9999.0 -9999.0
-9999.0 -9999.0 -9999.0 -9999.0 -9999.0 -9999.0 -9999.0 -9999.0 -9999.0 -9999.0 -9999.0 -9999.0 -9999.0 0.040031 0.040019 0.040159 0.040034 0.040018 0.020045 0.041437 0.040026 0.020021 0.040010 0.040010 0.040014 0.040023 0.020024 0.020017 0.040007 0.020016 0.040005 0.020014 0.020014 0.020013 0.020014 -9999.0 -9999.0 -9999.0 -9999.0 -9999.0 -9999.0 -9999.0 -9999.0 -9999.0 -9999.0 -9999.0 -9999.0 -9999.0 -9999.0 -9999.0 -9999.0 -9999.0 -9999.0 -9999.0 -9999.0 -9999.0 -9999.0 -9999.0 -9999.0 -9999.0 -9999.0 -9999.0 -9999.0
-9999.0 -9999.0 -9999.0 -9999.0 -9999.0 -9999.0 -9999.0 -9999.0 -9999.0 -9999.0 -9999.0 -9999.0 0.040032 0.040028 0.040068 0.040009 0.040049 0.040019 0.415533 0.020045 0.040015 0.040009 0.040009 0.040011 0.040028 0.040006 0.040010 0.040008 0.040008 0.020017 0.040004 0.020018 0.040005 0.020015 -9999.0 -9999.0 -9999.0 -9999.0 -9999.0 -9999.0 -9999.0 -9999.0 -9999.0 -9999.0 -9999.0 -9999.0 -9999.0 -9999.0 -9999.0 -9999.0 -9999.0 -9999.0 -9999.0 -9999.0 -9999.0 -9999.0 -9999.0 -9999.0 -9999.0 -9999.0 -9999.0 -9999.0 -9999.0
-9999.0 -9999.0 -9999.0 -9999.0 -9999.0 -9999.0 -9999.0 -9999.0 -9999.0 -9999.0 -9999.0 0.040018 0.040013 0.040132 0.040009 0.040010 0.020022 0.040018 0.402423 0.020046 0.040013 0.040027 0.040010 0.040007 0.040010 0.040008 0.040005 0.040009 0.040008 0.020016 0.020020 0.040007 0.020017 0.020015 0.020014 0.020014 0.040004 0.040004 0.040005 -9999.0 -9999.0 -9999.0 0.020014 -9999.0 -9999.0 -9999.0 -9999.0 -9999.0 -9999.0 -9999.0 -9999.0 -9999.0 -9999.0 -9999.0 -9999.0 -9999.0 -9999.0 -9999.0 -9999.0 -9999.0 -9999.0 -9999.0 -9999.0
-9999.0 -9999.0 -9999.0 -9999.0 -9999.0 -9999.0 -9999.0 -9999.0 -9999.0 -9999.0 -9999.0 0.040011 0.040014 0.040020 0.040024 0.040008 0.040025 0.040014 0.419892 0.040033 0.040019 0.040083 0.040013 0.040010 0.040009 0.040007 0.040009 0.040010 0.020023 0.020017 0.040007 0.040006 0.040005 0.040004 0.040003 0.040004 0.040011 0.040010 0.040008 0.020012 0.020013 0.020012 0.040005 0.020016 -9999.0 -9999.0 -9999.0 0.040216 0.040021 0.020039 0.040130 0.020061 0.020061 0.041904 0.042765 0.020068 -9999.0 -9999.0 -9999.0 -9999.0 -9999.0 -9999.0 -9999.0
-9999.0 -9999.0 -9999.0 -9999.0 -9999.0 -9999.0 -9999.0 -9999.0 -9999.0 -9999.0 -9999.0 0.040016 0.040011 0.040009 0.040045 0.040010 0.040021 0.040015 0.040028 0.428034 0.040031 0.040023 0.040021 0.040014 0.040007 0.020024 0.040016 0.040008 0.020019 0.040006 0.020017 0.040006 0.040006 0.040004 0.020014 0.040004 0.040014 0.040017 0.040015 0.020021 0.040009 0.040004 0.040005 0.040006 0.040006 -9999.0 0.020021 0.040014 0.040045 0.040354 0.040122 0.020150 0.068947 0.091218 0.077162 0.053427 -9999.0 -9999.0 -9999.0 -9999.0 -9999.0 -9999.0 -9999.0
-9999.0 -9999.0 -9999.0 -9999.0 -9999.0 -9999.0 -9999.0 -9999.0 -9999.0 -9999.0 -9999.0 -9999.0 0.040013 0.040038 0.040159 0.040040 0.040016 0.040016 0.104660 0.483818 0.040017 0.040023 0.040018 0.040023 0.040009 0.040016 0.040030 0.040006 0.040007 0.020022 0.040007 0.040007 0.040006 0.040005 0.040004 0.040004 0.040012 0.040017 0.040030 0.040009 0.040008 0.020019 0.040008 0.040008 0.020020 0.040008 0.020026 0.040014 0.040014 0.040027 0.040049 0.040064 0.077818 0.040298 0.040028 0.040029 0.040133 -9999.0 -9999.0 -9999.0 -9999.0 -9999.0 -9999.0
-9999.0 -9999.0 -9999.0 -9999.0 -9999.0 -9999.0 -9999.0 -9999.0 -9999.0 -9999.0 -9999.0 0.040381 0.040010 0.040010 0.040041 0.040033 0.040035 0.040013 0.040026 0.064367 0.040018 0.040019 0.040022 0.040013 0.040020 0.040022 0.040025 0.040006 0.040008 0.020024 0.040012 0.040010 0.040009 0.040005 0.040003 0.040004 0.040003 0.040016 0.040026 0.040055 0.040011 0.040032 0.040013 0.020025 0.040009 0.040008 0.040013 0.020036 0.020041 0.040016 0.020026 0.040010 0.040014 0.020024 0.020028 0.020025 0.020075 -9999.0 -9999.0 -9999.0 -9999.0 -9999.0 -9999.0
-9999.0 -9999.0 -9999.0 -9999.0 -9999.0 -9999.0 -9999.0 -9999.0 -9999.0 -9999.0 0.040084 0.040092 0.044295 0.040016 0.041226 0.040024 0.040010 0.040013 0.040026 0.169261 0.073996 0.040155 0.040019 0.040044 0.040016 0.040034 0.040008 0.020022 0.040015 0.040016 0.040012 0.040008 0.040006 0.040005 0.020013 0.020014 0.040004 0.040009 0.040019 0.040117 0.040862 0.020036 0.020030 0.040018 0.040010 0.020024 0.040014 0.040014 0.040013 0.040016 0.020039 0.020025 0.020025 0.020024 0.020026 0.040929 0.042166 -9999.0 -9999.0 -9999.0 -9999.0 -9999.0 -9999.0
-9999.0 -9999.0 -9999.0 -9999.0 -9999.0 -9999.0 -9999.0 -9999.0 -9999.0 0.040010 0.040079 0.040091 0.040022 0.040069 0.051326 0.040012 0.040011 0.040112 0.040029 0.403742 0.496800 0.040016 0.040016 0.040029 0.040034 0.040008 0.040011 0.040020 0.040015 0.040013 0.040013 0.040007 0.020016 0.020014 0.020015 0.020015 0.040004 0.040004 0.040004 0.040006 0.040023 0.040006 0.040006 0.040357 0.040014 0.040010 0.040011 0.040015 0.040023 0.040018 0.040032 0.020042 0.020022 0.020030 0.020047 0.040065 0.047100 0.026629 0.020252 -9999.0 -9999.0 -9999.0 -9999.0
-9999.0 -9999.0 -9999.0 -9999.0 -9999.0 -9999.0 -9999.0 -9999.0 -9999.0 0.040010 0.040010 0.040011 0.040020 0.040030 0.040407 0.040208 0.053581 0.040018 0.040061 0.519201 0.519190 0.516829 0.040043 0.040047 0.040008 0.040015 0.040013 0.040013 0.040036 0.040014 0.040009 0.040009 0.040006 0.040006 0.040006 0.020018 0.020017 0.020018 0.040004 0.040005 0.040007 0.040005 0.040009 0.040012 0.041275 0.401266 0.327244 0.040016 0.040014 0.040019 0.040018 0.040028 0.020030 0.040014 0.020026 0.040111 0.040207 0.075887 0.033789 -9999.0 -9999.0 -9999.0 -9999.0
-9999.0 -9999.0 -9999.0 -9999.0 -9999.0 -9999.0 -9999.0 -9999.0 -9999.0 -9999.0 0.040011 0.040011 0.040015 0.040019 0.040020 0.040402 0.040156 0.040024 0.202504 0.518791 0.040298 0.040025 0.040041 0.040015 0.040014 0.040013 0.040024 0.337581 0.040010 0.040008 0.040007 0.040017 0.040006 0.040006 0.040007 0.040010 0.040009 0.040008 0.020018 0.040005 0.040004 0.040008 0.040008 0.040008 0.040007 0.040007 0.040012 0.040041 0.505370 0.040016 0.040053 0.040067 0.020051 0.020032 0.040021 0.040012 0.040038 0.040031 0.040026 0.040071 -9999.0 -9999.0 -9999.0
-9999.0 -9999.0 -9999.0 -9999.0 -9999.0 -9999.0 -9999.0 -9999.0 -9999.0 -9999.0 0.040011 0.040011 0.040015 0.040063 0.040660 0.040019 0.040019 0.040034 0.520000 0.421763 0.408774 0.040023 0.040013 0.040012 0.040014 0.040705 0.507041 0.040016 0.040009 0.040006 0.040006 0.040011 0.020023 0.040006 0.040006 0.040007 0.040010 0.040011 0.040007 0.040006 0.040008 0.020025 0.040009 0.040007 0.040062 0.040011 0.040015 0.040008 0.243822 0.213407 0.040019 0.040097 0.049355 0.020055 0.020036 0.020071 0.040011 0.040149 0.040133 0.467284 -9999.0 -9999.0 -9999.0
-9999.0 -9999.0 -9999.0 -9999.0 -9999.0 -9999.0 -9999.0 -9999.0 0.051041 0.040260 0.040012 0.040014 0.040013 0.040014 0.040042 0.041725 0.103485 0.519440 0.391412 0.382256 0.353864 0.404995 0.040418 0.040020 0.040022 0.436674 0.040093 0.040009 0.040011 0.040007 0.020017 0.040006 0.040008 0.040008 0.040010 0.040005 0.040011 0.040012 0.040007 0.020023 0.020021 0.040008 0.020019 0.020018 0.020032 0.040034 0.040008 0.040047 0.040011 0.440413 0.040023 0.040034 0.040747 0.040020 0.020071 0.058669 0.022967 0.067266 0.040032 0.520000 -9999.0 -9999.0 -9999.0
-9999.0 -9999.0 -9999.0 -9999.0 -9999.0 -9999.0 -9999.0 -9999.0 0.020027 0.042063 0.040021 0.040007 0.040009 0.040015 0.040045 0.040021 0.040053 0.040042 0.368457 0.362376 0.471267 0.447569 0.397728 0.516144 0.395713 0.461375 0.040032 0.040014 0.020021 0.040011 0.040010 0.020029 0.040012 0.020027 0.040024 0.040025 0.040019 0.040016 0.040012 0.040014 0.040008 0.040005 0.020020 0.040023 0.040041 0.040022 0.020023 0.040009 0.040012 0.040038 0.054910 0.040030 0.040497 0.040611 0.040041 0.020050 0.040026 0.040025 0.509670 0.520000 0.461713 -9999.0 -9999.0
-9999.0 -9999.0 -9999.0 -9999.0 -9999.0 -9999.0 -9999.0 -9999.0 0.040009 0.040015 0.045958 0.040011 0.040032 0.020024 0.040414 0.040019 0.040036 0.040065 0.414435 0.424327 0.358512 0.468851 0.400531 0.409840 0.520000 0.040074 0.040018 0.040011 0.020024 0.040013 0.020029 0.040024 0.040014 0.040014 0.040068 0.040027 0.040014 0.040015 0.040015 0.040014 0.040013 0.020030 0.040069 0.040013 0.040012 0.040011 0.020044 0.040108 0.040016 0.040012 0.520000 0.040053 0.040025 0.040034 0.040033 0.040048 0.063537 0.518541 0.520000 0.520000 0.520000 -9999.0 -9999.0
-9999.0 -9999.0 -9999.0 -9999.0 -9999.0 -9999.0 -9999.0 -9999.0 0.020019 0.040014 0.040119 0.020043 0.056634 0.040446 0.040021 0.040032 0.066643 0.509657 0.476802 0.336740 0.471896 0.404118 0.436742 0.520000 0.040176 0.040033 0.040047 0.040017 0.040033 0.040016 0.040020 0.040020 0.040013 0.040015 0.040014 0.040022 0.040026 0.040020 0.040023 0.040020 0.040025 0.040077 0.040120 0.020044 0.040157 0.020047 0.040779 0.020079 0.040397 0.040023 0.040025 0.520000 0.040258 0.040102 0.052425 0.095627 0.520000 0.520000 0.520000 0.520000 0.517164 0.045346 -9999.0
-9999.0 -9999.0 -9999.0 -9999.0 -9999.0 -9999.0 -9999.0 -9999.0 0.040013 0.040024 0.043915 0.040040 0.040022 0.040027 0.482980 0.421398 0.040268 0.040019 0.040019 0.040032 0.371137 0.406550 0.452620 0.520000 0.203132 0.040020 0.040015 0.040023 0.040016 0.040017 0.040021 0.040035 0.040027 0.040026 0.040022 0.040028 0.040022 0.040033 0.040025 0.040031 0.040027 0.040024 0.040017 0.040020 0.040024 0.040091 0.040020 0.040017 0.040017 0.040032 0.040186 0.154317 0.520000 0.336495 0.520000 0.520000 0.520000 0.520000 0.520000 0.517739 0.153584 0.061809 -9999.0
-9999.0 -9999.0 0.040018 0.040036 0.040019 0.040036 0.040143 0.040039 0.040029 0.040027 0.040025 0.040040 0.040027 0.040076 0.518962 0.040321 0.040011 0.040011 0.040014 0.040034 0.040039 0.353625 0.476063 0.520000 0.512593 0.040053 0.040021 0.040021 0.040050 0.040021 0.040016 0.040023 0.202116 0.040022 0.040031 0.040022 0.040086 0.376968 0.040047 0.040019 0.040018 0.040024 0.040024 0.040019 0.040017 0.040018 0.040029 0.040031 0.184871 0.518422 0.520000 0.520000 0.520000 0.520000 0.520000 0.520000 0.520000 0.520000 0.042782 0.041394 0.065215 0.092203 -9999.0
-9999.0 0.040130 0.040069 0.040442 0.040081 0.045112 0.040019 0.040015 0.040014 0.040012 0.040020 0.041805 0.040145 0.490985 0.041257 0.040075 0.040014 0.040015 0.040238 0.040023 0.040089 0.426453 0.520000 0.428828 0.520000 0.519324 0.519360 0.519330 0.507052 0.151326 0.040959 0.040036 0.040064 0.518649 0.493382 0.510781 0.518628 0.520000 0.518350 0.496077 0.459614 0.503844 0.485726 0.040035 0.040046 0.040042 0.475992 0.463527 0.520000 0.520000 0.520000 0.520000 0.520000 0.081763 0.080239 0.041365 0.044864 0.041318 0.044018 0.041567 0.083048 0.097457 -9999.0
-9999.0 0.040022 0.040056 0.040041 0.040063 0.040061 0.040042 0.040045 0.040036 0.040022 0.040091 0.040059 0.040070 0.043874 0.040037 0.040016 0.040013 0.040016 0.040036 0.040023 0.040491 0.040099 0.160810 0.502079 0.520000 0.506783 0.372965 0.435819 0.520000 0.520000 0.364713 0.419217 0.512388 0.516384 0.520000 0.520000 0.520000 0.520000 0.520000 0.520000 0.520000 0.520000 0.520000 0.306713 0.406673 0.345421 0.414780 0.439700 0.520000 0.520000 0.520000 0.040051 0.040435 0.045116 0.040046 0.040441 0.040157 0.040176 0.040110 0.041470 0.052388 -9999.0 -9999.0
-9999.0 0.040013 0.040012 0.040028 0.040019 0.040100 0.040058 0.040045 0.040194 0.040740 0.040146 0.040029 0.043232 0.041060 0.040214 0.040016 0.040017 0.040020 0.040012 0.040025 0.040074 0.040019 0.042679 0.520000 0.520000 0.520000 0.520000 0.470885 0.520000 0.520000 0.413061 0.337353 0.520000 0.519135 0.520000 0.520000 0.520000 0.520000 0.520000 0.515376 0.503000 0.520000 0.520000 0.393688 0.350323 0.385953 0.504037 0.520000 0.515949 0.520000 0.040022 0.040070 0.040103 0.040970 0.040071 0.040240 0.040307 0.040719 0.041022 -9999.0 -9999.0 -9999.0 -9999.0
