erum2020/resources/simulation/Vinschgau/output-maps/thetaliqL0001N0743.asc
ncols         63
nrows         48
xllcorner     598000.000000
yllcorner     5145000.000000
cellsize      1000.000000
NODATA_value  -9999.0
[rows 0 to 28 of 48, columns 0 to 62 of 63]
-9999.0 -9999.0 -9999.0 -9999.0 -9999.0 -9999.0 -9999.0 -9999.0 -9999.0 -9999.0 -9999.0 -9999.0 -9999.0 -9999.0 -9999.0 -9999.0 -9999.0 -9999.0 -9999.0 -9999.0 -9999.0 -9999.0 -9999.0 -9999.0 -9999.0 -9999.0 -9999.0 -9999.0 -9999.0 -9999.0 -9999.0 -9999.0 -9999.0 -9999.0 -9999.0 -9999.0 -9999.0 -9999.0 -9999.0 -9999.0 -9999.0 -9999.0 -9999.0 -9999.0 -9999.0 -9999.0 -9999.0 -9999.0 -9999.0 -9999.0 -9999.0 -9999.0 -9999.0 -9999.0 -9999.0 -9999.0 -9999.0 -9999.0 -9999.0 -9999.0 -9999.0 -9999.0 -9999.0
-9999.0 -9999.0 -9999.0 -9999.0 -9999.0 -9999.0 -9999.0 -9999.0 -9999.0 -9999.0 -9999.0 -9999.0 -9999.0 -9999.0 -9999.0 -9999.0 -9999.0 -9999.0 -9999.0 -9999.0 -9999.0 -9999.0 -9999.0 -9999.0 -9999.0 -9999.0 -9999.0 0.020038 0.040051 0.020162 0.040000 0.040018 0.040061 -9999.0 -9999.0 -9999.0 -9999.0 -9999.0 -9999.0 -9999.0 -9999.0 -9999.0 -9999.0 -9999.0 -9999.0 -9999.0 -9999.0 -9999.0 -9999.0 -9999.0 -9999.0 -9999.0 -9999.0 -9999.0 -9999.0 -9999.0 -9999.0 -9999.0 -9999.0 -9999.0 -9999.0 -9999.0 -9999.0
-9999.0 -9999.0 -9999.0 -9999.0 -9999.0 -9999.0 -9999.0 -9999.0 -9999.0 -9999.0 -9999.0 -9999.0 -9999.0 -9999.0 -9999.0 -9999.0 -9999.0 -9999.0 -9999.0 -9999.0 -9999.0 -9999.0 -9999.0 -9999.0 0.040136 0.040163 0.040448 0.040134 0.040000 0.040000 0.040028 -9999.0 -9999.0 -9999.0 -9999.0 -9999.0 -9999.0 -9999.0 -9999.0 -9999.0 -9999.0 -9999.0 -9999.0 -9999.0 -9999.0 -9999.0 -9999.0 -9999.0 -9999.0 -9999.0 -9999.0 -9999.0 -9999.0 -9999.0 -9999.0 -9999.0 -9999.0 -9999.0 -9999.0 -9999.0 -9999.0 -9999.0 -9999.0
-9999.0 -9999.0 -9999.0 -9999.0 -9999.0 -9999.0 -9999.0 -9999.0 -9999.0 -9999.0 -9999.0 -9999.0 -9999.0 -9999.0 -9999.0 -9999.0 -9999.0 -9999.0 -9999.0 -9999.0 -9999.0 -9999.0 -9999.0 0.040200 0.041134 0.292858 0.389488 0.287412 0.407346 0.040364 0.040039 0.040023 -9999.0 -9999.0 -9999.0 -9999.0 -9999.0 -9999.0 -9999.0 -9999.0 -9999.0 -9999.0 -9999.0 -9999.0 -9999.0 -9999.0 -9999.0 -9999.0 -9999.0 -9999.0 -9999.0 -9999.0 -9999.0 -9999.0 -9999.0 -9999.0 -9999.0 -9999.0 -9999.0 -9999.0 -9999.0 -9999.0 -9999.0
-9999.0 -9999.0 -9999.0 -9999.0 -9999.0 -9999.0 -9999.0 -9999.0 -9999.0 -9999.0 -9999.0 -9999.0 -9999.0 -9999.0 -9999.0 -9999.0 -9999.0 -9999.0 0.520000 0.041041 -9999.0 0.040379 0.041165 0.350370 0.418237 0.201800 0.447100 0.520000 0.520000 0.389535 0.040150 0.040032 0.020059 0.020022 -9999.0 -9999.0 -9999.0 -9999.0 -9999.0 -9999.0 -9999.0 -9999.0 -9999.0 -9999.0 -9999.0 -9999.0 -9999.0 -9999.0 -9999.0 -9999.0 -9999.0 -9999.0 -9999.0 -9999.0 -9999.0 -9999.0 -9999.0 -9999.0 -9999.0 -9999.0 -9999.0 -9999.0 -9999.0
-9999.0 -9999.0 -9999.0 -9999.0 -9999.0 -9999.0 -9999.0 -9999.0 -9999.0 -9999.0 -9999.0 -9999.0 -9999.0 -9999.0 -9999.0 -9999.0 -9999.0 0.118085 0.353397 0.195496 0.020300 0.053798 0.379082 0.462268 0.401129 0.135477 0.044507 0.040339 0.045509 0.510445 0.040031 0.040000 0.020150 0.020136 0.020072 0.020061 -9999.0 -9999.0 -9999.0 -9999.0 -9999.0 -9999.0 -9999.0 -9999.0 -9999.0 -9999.0 -9999.0 -9999.0 -9999.0 -9999.0 -9999.0 -9999.0 -9999.0 -9999.0 -9999.0 -9999.0 -9999.0 -9999.0 -9999.0 -9999.0 -9999.0 -9999.0 -9999.0
-9999.0 -9999.0 -9999.0 -9999.0 -9999.0 -9999.0 -9999.0 -9999.0 -9999.0 -9999.0 -9999.0 -9999.0 -9999.0 0.051296 0.488578 0.260983 0.082764 0.037891 0.135897 0.302646 0.408715 0.369398 0.383899 0.432683 0.068714 0.041203 0.020101 0.040113 0.042673 0.049202 0.040371 0.040000 0.040000 0.040000 0.020083 0.020053 -9999.0 -9999.0 -9999.0 -9999.0 -9999.0 -9999.0 -9999.0 -9999.0 -9999.0 -9999.0 -9999.0 -9999.0 -9999.0 -9999.0 -9999.0 -9999.0 -9999.0 -9999.0 -9999.0 -9999.0 -9999.0 -9999.0 -9999.0 -9999.0 -9999.0 -9999.0 -9999.0
-9999.0 -9999.0 -9999.0 -9999.0 -9999.0 -9999.0 -9999.0 -9999.0 -9999.0 -9999.0 -9999.0 -9999.0 -9999.0 0.277141 0.443785 0.227424 0.111621 0.520000 0.032935 0.277032 0.216920 0.465319 0.453962 0.518139 0.042646 0.040186 0.040052 0.020131 0.020061 0.040177 0.040105 0.040012 0.020070 0.020021 0.020058 -9999.0 -9999.0 -9999.0 -9999.0 -9999.0 -9999.0 -9999.0 -9999.0 -9999.0 -9999.0 -9999.0 -9999.0 -9999.0 -9999.0 -9999.0 -9999.0 -9999.0 -9999.0 -9999.0 -9999.0 -9999.0 -9999.0 -9999.0 -9999.0 -9999.0 -9999.0 -9999.0 -9999.0
-9999.0 -9999.0 -9999.0 -9999.0 -9999.0 -9999.0 -9999.0 -9999.0 -9999.0 -9999.0 -9999.0 -9999.0 -9999.0 0.388824 0.520000 0.309217 0.199178 0.135410 0.023641 0.162310 0.520000 0.197824 0.081481 0.047644 0.506685 0.040380 0.020136 0.020060 0.040035 0.020023 0.040079 0.020025 0.020021 0.020034 0.020006 -9999.0 -9999.0 -9999.0 -9999.0 -9999.0 -9999.0 -9999.0 -9999.0 -9999.0 -9999.0 -9999.0 -9999.0 -9999.0 -9999.0 -9999.0 -9999.0 -9999.0 -9999.0 -9999.0 -9999.0 -9999.0 -9999.0 -9999.0 -9999.0 -9999.0 -9999.0 -9999.0 -9999.0
-9999.0 -9999.0 -9999.0 -9999.0 -9999.0 -9999.0 -9999.0 -9999.0 -9999.0 -9999.0 -9999.0 -9999.0 0.440362 0.520000 0.508514 0.520000 0.499589 0.274583 0.421623 0.196762 0.398172 0.055526 0.040187 0.044635 0.040360 0.040052 0.040113 0.040038 0.040000 0.020068 0.040016 0.020074 0.040090 0.020045 -9999.0 -9999.0 -9999.0 -9999.0 -9999.0 -9999.0 -9999.0 -9999.0 -9999.0 -9999.0 -9999.0 -9999.0 -9999.0 -9999.0 -9999.0 -9999.0 -9999.0 -9999.0 -9999.0 -9999.0 -9999.0 -9999.0 -9999.0 -9999.0 -9999.0 -9999.0 -9999.0 -9999.0 -9999.0
-9999.0 -9999.0 -9999.0 -9999.0 -9999.0 -9999.0 -9999.0 -9999.0 -9999.0 -9999.0 -9999.0 0.040464 0.520000 0.520000 0.520000 0.323023 0.197231 0.352972 0.520000 0.200000 0.407267 0.520000 0.040802 0.040066 0.040327 0.040000 0.040012 0.040000 0.040000 0.020049 0.020060 0.040000 0.020099 0.020054 0.020071 0.020111 0.040036 0.040133 0.040124 -9999.0 -9999.0 -9999.0 0.020053 -9999.0 -9999.0 -9999.0 -9999.0 -9999.0 -9999.0 -9999.0 -9999.0 -9999.0 -9999.0 -9999.0 -9999.0 -9999.0 -9999.0 -9999.0 -9999.0 -9999.0 -9999.0 -9999.0 -9999.0
-9999.0 -9999.0 -9999.0 -9999.0 -9999.0 -9999.0 -9999.0 -9999.0 -9999.0 -9999.0 -9999.0 0.040020 0.517489 0.520000 0.520000 0.043663 0.459859 0.285766 0.460187 0.520000 0.520000 0.289857 0.040000 0.040129 0.040083 0.040038 0.040043 0.040000 0.020158 0.020051 0.040000 0.040000 0.040035 0.040085 0.040016 0.040000 0.040000 0.040242 0.040126 0.020027 0.020027 0.020023 0.040000 0.020058 -9999.0 -9999.0 -9999.0 0.040011 0.040012 0.020066 0.040100 0.020049 0.020082 0.040012 0.040092 0.020049 -9999.0 -9999.0 -9999.0 -9999.0 -9999.0 -9999.0 -9999.0
-9999.0 -9999.0 -9999.0 -9999.0 -9999.0 -9999.0 -9999.0 -9999.0 -9999.0 -9999.0 -9999.0 0.040001 0.041119 0.046290 0.156281 0.258876 0.435432 0.520000 0.520000 0.456947 0.520000 0.058579 0.040491 0.040097 0.040036 0.020039 0.040095 0.040103 0.020128 0.040017 0.020064 0.040079 0.040000 0.040020 0.020063 0.040000 0.040118 0.041104 0.040235 0.020069 0.040113 0.040023 0.040000 0.040052 0.040019 -9999.0 0.020044 0.040090 0.040000 0.040000 0.040000 0.020165 0.040000 0.040005 0.040030 0.040093 -9999.0 -9999.0 -9999.0 -9999.0 -9999.0 -9999.0 -9999.0
-9999.0 -9999.0 -9999.0 -9999.0 -9999.0 -9999.0 -9999.0 -9999.0 -9999.0 -9999.0 -9999.0 -9999.0 0.040181 0.040229 0.216161 0.230823 0.367732 0.415729 0.520000 0.520000 0.520000 0.040849 0.040375 0.040113 0.040111 0.040177 0.040593 0.040000 0.040000 0.020059 0.040045 0.040094 0.040000 0.040015 0.040017 0.040000 0.040424 0.041961 0.061314 0.040136 0.040296 0.020135 0.040115 0.040000 0.020062 0.040019 0.020054 0.040164 0.040044 0.040110 0.043997 0.040097 0.040095 0.040051 0.040040 0.040060 0.040093 -9999.0 -9999.0 -9999.0 -9999.0 -9999.0 -9999.0
-9999.0 -9999.0 -9999.0 -9999.0 -9999.0 -9999.0 -9999.0 -9999.0 -9999.0 -9999.0 -9999.0 0.040110 0.040164 0.040051 0.040354 0.040316 0.363185 0.520000 0.520000 0.414068 0.520000 0.040653 0.040434 0.040433 0.040452 0.040184 0.040113 0.040026 0.040036 0.020179 0.040093 0.040125 0.040000 0.040012 0.040014 0.040000 0.040049 0.040480 0.073738 0.040486 0.040358 0.044647 0.040428 0.020105 0.041357 0.040040 0.040000 0.020159 0.020136 0.045497 0.020047 0.040029 0.040033 0.020030 0.020027 0.020040 0.020072 -9999.0 -9999.0 -9999.0 -9999.0 -9999.0 -9999.0
-9999.0 -9999.0 -9999.0 -9999.0 -9999.0 -9999.0 -9999.0 -9999.0 -9999.0 -9999.0 0.040698 0.040135 0.040844 0.040978 0.173037 0.128219 0.042978 0.111996 0.234735 0.437757 0.520000 0.520000 0.040933 0.136262 0.046167 0.040333 0.040144 0.020036 0.040106 0.040284 0.040307 0.040153 0.040000 0.040046 0.020021 0.020088 0.040129 0.040104 0.045417 0.311991 0.360456 0.198290 0.198892 0.293159 0.042353 0.020045 0.040000 0.040120 0.040316 0.046433 0.020036 0.020057 0.020025 0.020028 0.020021 0.040021 0.040003 -9999.0 -9999.0 -9999.0 -9999.0 -9999.0 -9999.0
-9999.0 -9999.0 -9999.0 -9999.0 -9999.0 -9999.0 -9999.0 -9999.0 -9999.0 0.040030 0.040000 0.040143 0.040349 0.040608 0.040325 0.040186 0.042264 0.437138 0.365576 0.261498 0.520000 0.344948 0.242957 0.459499 0.318018 0.040187 0.040101 0.040408 0.040148 0.040386 0.101648 0.040026 0.020066 0.020020 0.020051 0.020091 0.040000 0.040067 0.040098 0.040152 0.040178 0.042224 0.041143 0.514046 0.520000 0.045154 0.268525 0.041184 0.041224 0.496027 0.040034 0.020067 0.020027 0.020019 0.020050 0.040031 0.040042 0.020063 0.020052 -9999.0 -9999.0 -9999.0 -9999.0
-9999.0 -9999.0 -9999.0 -9999.0 -9999.0 -9999.0 -9999.0 -9999.0 -9999.0 0.040000 0.040000 0.040000 0.447232 0.054963 0.042033 0.040590 0.195735 0.496432 0.348146 0.387988 0.453427 0.349670 0.520000 0.286913 0.040262 0.040379 0.041411 0.047726 0.442895 0.359036 0.040738 0.040028 0.040000 0.040020 0.040000 0.020034 0.020037 0.020052 0.040049 0.040000 0.040105 0.040142 0.041581 0.474467 0.520000 0.466655 0.520000 0.409254 0.052840 0.198202 0.040026 0.040013 0.020044 0.040026 0.020060 0.040027 0.040047 0.040085 0.020041 -9999.0 -9999.0 -9999.0 -9999.0
-9999.0 -9999.0 -9999.0 -9999.0 -9999.0 -9999.0 -9999.0 -9999.0 -9999.0 -9999.0 0.040031 0.040000 0.040167 0.040767 0.136614 0.044154 0.052174 0.520000 0.354726 0.376740 0.520000 0.446547 0.062976 0.042661 0.040436 0.045048 0.118582 0.518294 0.040584 0.040103 0.040060 0.040108 0.040023 0.040070 0.040000 0.040000 0.041020 0.040000 0.020038 0.040000 0.040029 0.040414 0.158151 0.042644 0.085318 0.087898 0.213841 0.520000 0.520000 0.109894 0.040026 0.040030 0.020057 0.020041 0.040000 0.040059 0.040001 0.040318 0.040380 0.045521 -9999.0 -9999.0 -9999.0
-9999.0 -9999.0 -9999.0 -9999.0 -9999.0 -9999.0 -9999.0 -9999.0 -9999.0 -9999.0 0.040000 0.040000 0.040227 0.040369 0.520000 0.234568 0.134173 0.320849 0.316489 0.207987 0.143451 0.352284 0.053775 0.041611 0.045103 0.520000 0.520000 0.040561 0.040046 0.040045 0.040000 0.040000 0.020048 0.040019 0.040035 0.040000 0.040179 0.040183 0.040051 0.040025 0.040000 0.020042 0.040115 0.040153 0.041407 0.041388 0.040744 0.072305 0.520000 0.520000 0.040467 0.040085 0.040030 0.020054 0.020019 0.020021 0.040019 0.040300 0.520000 0.520000 -9999.0 -9999.0 -9999.0
-9999.0 -9999.0 -9999.0 -9999.0 -9999.0 -9999.0 -9999.0 -9999.0 0.040000 0.040043 0.040023 0.040000 0.040113 0.040121 0.040109 0.520000 0.296934 0.346467 0.307939 0.152491 0.090324 0.272662 0.317036 0.352201 0.470523 0.520000 0.520000 0.040066 0.040083 0.040031 0.020024 0.040000 0.040000 0.040021 0.040000 0.040053 0.084681 0.040379 0.040058 0.020034 0.020145 0.040000 0.020049 0.020032 0.020082 0.041291 0.040063 0.040461 0.117578 0.520000 0.042760 0.040048 0.040040 0.040013 0.020022 0.040023 0.020065 0.042453 0.435654 0.520000 -9999.0 -9999.0 -9999.0
-9999.0 -9999.0 -9999.0 -9999.0 -9999.0 -9999.0 -9999.0 -9999.0 0.020098 0.040098 0.040030 0.040024 0.040054 0.040139 0.040602 0.143562 0.429972 0.378150 0.264503 0.159109 0.462266 0.391289 0.380674 0.391634 0.304474 0.520000 0.495063 0.040196 0.020050 0.040025 0.040020 0.020036 0.040000 0.020037 0.040000 0.040000 0.228498 0.042793 0.040130 0.040119 0.040032 0.040022 0.020070 0.040000 0.040003 0.040107 0.020041 0.040077 0.040153 0.520000 0.520000 0.040300 0.040024 0.040019 0.040102 0.020082 0.041190 0.045889 0.520000 0.520000 0.188200 -9999.0 -9999.0
-9999.0 -9999.0 -9999.0 -9999.0 -9999.0 -9999.0 -9999.0 -9999.0 0.040034 0.040000 0.040025 0.040040 0.040000 0.020048 0.040548 0.040695 0.212565 0.402459 0.155271 0.378150 0.158083 0.273724 0.355189 0.179891 0.384641 0.487049 0.485631 0.040228 0.020038 0.040000 0.020040 0.040000 0.040050 0.040033 0.040000 0.200170 0.040443 0.520000 0.040147 0.040119 0.040000 0.020073 0.040000 0.040000 0.040062 0.040000 0.020034 0.040048 0.040124 0.069461 0.520000 0.043436 0.040043 0.040038 0.040322 0.040486 0.505636 0.520000 0.520000 0.520000 0.520000 -9999.0 -9999.0
-9999.0 -9999.0 -9999.0 -9999.0 -9999.0 -9999.0 -9999.0 -9999.0 0.020055 0.040000 0.040125 0.020039 0.040000 0.040091 0.040051 0.343234 0.374098 0.206105 0.445880 0.107879 0.185571 0.185533 0.277767 0.155256 0.232588 0.472197 0.045925 0.040127 0.040585 0.040124 0.040270 0.040135 0.040408 0.042278 0.040152 0.102206 0.470926 0.490919 0.045244 0.040353 0.040374 0.040399 0.040000 0.020083 0.040111 0.020043 0.040115 0.020131 0.040114 0.040554 0.078479 0.520000 0.057907 0.044649 0.520000 0.520000 0.520000 0.520000 0.520000 0.520000 0.520000 0.520000 -9999.0
-9999.0 -9999.0 -9999.0 -9999.0 -9999.0 -9999.0 -9999.0 -9999.0 0.040016 0.040000 0.040132 0.040171 0.040084 0.040141 0.473436 0.520000 0.520000 0.453152 0.466736 0.390723 0.158830 0.243191 0.190494 0.182829 0.416880 0.251890 0.040506 0.044967 0.298480 0.042286 0.042659 0.042577 0.520000 0.503240 0.409454 0.520000 0.520000 0.490058 0.520000 0.520000 0.469063 0.275022 0.352535 0.059747 0.040527 0.041148 0.041481 0.040381 0.041813 0.106506 0.520000 0.413201 0.520000 0.481817 0.520000 0.520000 0.520000 0.520000 0.520000 0.520000 0.520000 0.520000 -9999.0
-9999.0 -9999.0 0.040057 0.040089 0.040065 0.040355 0.040098 0.040043 0.040024 0.040000 0.040103 0.040171 0.040158 0.474048 0.520000 0.520000 0.060770 0.040228 0.040683 0.247568 0.372729 0.387068 0.520000 0.077146 0.219955 0.345537 0.170404 0.298787 0.520000 0.520000 0.066289 0.473889 0.520000 0.520000 0.520000 0.484000 0.520000 0.457552 0.520000 0.520000 0.520000 0.520000 0.520000 0.520000 0.202267 0.382900 0.520000 0.520000 0.520000 0.514839 0.448983 0.344594 0.520000 0.520000 0.520000 0.520000 0.520000 0.520000 0.520000 0.520000 0.520000 0.520000 -9999.0
-9999.0 0.040624 0.040109 0.040101 0.040155 0.040111 0.040098 0.040038 0.040037 0.040022 0.040053 0.040060 0.070552 0.520000 0.520000 0.040667 0.040196 0.040128 0.040396 0.085558 0.362038 0.520000 0.520000 0.520000 0.178902 0.179402 0.265032 0.353966 0.520000 0.520000 0.368503 0.492441 0.520000 0.520000 0.520000 0.445260 0.459506 0.372326 0.520000 0.476542 0.466474 0.520000 0.520000 0.520000 0.425882 0.374165 0.520000 0.520000 0.465377 0.520000 0.520000 0.520000 0.520000 0.520000 0.520000 0.520000 0.520000 0.520000 0.520000 0.432768 0.042061 0.520000 -9999.0
-9999.0 0.040231 0.040346 0.040346 0.330953 0.040161 0.040096 0.040080 0.040034 0.040021 0.040105 0.040223 0.044360 0.520000 0.040149 0.040034 0.040053 0.040113 0.040142 0.040396 0.491720 0.520000 0.520000 0.520000 0.520000 0.326324 0.075508 0.101773 0.405195 0.372596 0.133219 0.208098 0.520000 0.520000 0.520000 0.520000 0.520000 0.468524 0.520000 0.392091 0.520000 0.520000 0.520000 0.183309 0.073913 0.180407 0.360651 0.520000 0.520000 0.520000 0.520000 0.520000 0.520000 0.520000 0.520000 0.046543 0.040295 0.040159 0.052849 0.042737 0.052725 -9999.0 -9999.0
-9999.0 0.040440 0.040371 0.040222 0.420827 0.374163 0.347075 0.040159 0.040125 0.040135 0.040206 0.040188 0.520000 0.210018 0.040050 0.040027 0.040043 0.040059 0.040038 0.040144 0.043540 0.049964 0.305631 0.520000 0.520000 0.520000 0.520000 0.520000 0.227457 0.402822 0.130762 0.087985 0.520000 0.520000 0.520000 0.428012 0.512736 0.409312 0.428741 0.390260 0.390321 0.480621 0.520000 0.100950 0.087240 0.520000 0.520000 0.520000 0.520000 0.520000 0.520000 0.340461 0.040199 0.062675 0.040133 0.040062 0.040057 0.040096 0.040171 -9999.0 -9999.0 -9999.0 -9999.0
