erum2020/resources/simulation/Vinschgau/output-maps/thetaliqL0004N0525.asc
ncols         63
nrows         48
xllcorner     598000.000000
yllcorner     5145000.000000
cellsize      1000.000000
NODATA_value  -9999.0
[rows 0 to 28 of 48, columns 0 to 62 of 63]
-9999.0 -9999.0 -9999.0 -9999.0 -9999.0 -9999.0 -9999.0 -9999.0 -9999.0 -9999.0 -9999.0 -9999.0 -9999.0 -9999.0 -9999.0 -9999.0 -9999.0 -9999.0 -9999.0 -9999.0 -9999.0 -9999.0 -9999.0 -9999.0 -9999.0 -9999.0 -9999.0 -9999.0 -9999.0 -9999.0 -9999.0 -9999.0 -9999.0 -9999.0 -9999.0 -9999.0 -9999.0 -9999.0 -9999.0 -9999.0 -9999.0 -9999.0 -9999.0 -9999.0 -9999.0 -9999.0 -9999.0 -9999.0 -9999.0 -9999.0 -9999.0 -9999.0 -9999.0 -9999.0 -9999.0 -9999.0 -9999.0 -9999.0 -9999.0 -9999.0 -9999.0 -9999.0 -9999.0
-9999.0 -9999.0 -9999.0 -9999.0 -9999.0 -9999.0 -9999.0 -9999.0 -9999.0 -9999.0 -9999.0 -9999.0 -9999.0 -9999.0 -9999.0 -9999.0 -9999.0 -9999.0 -9999.0 -9999.0 -9999.0 -9999.0 -9999.0 -9999.0 -9999.0 -9999.0 -9999.0 0.043149 0.465139 0.032521 0.520000 0.478113 0.520000 -9999.0 -9999.0 -9999.0 -9999.0 -9999.0 -9999.0 -9999.0 -9999.0 -9999.0 -9999.0 -9999.0 -9999.0 -9999.0 -9999.0 -9999.0 -9999.0 -9999.0 -9999.0 -9999.0 -9999.0 -9999.0 -9999.0 -9999.0 -9999.0 -9999.0 -9999.0 -9999.0 -9999.0 -9999.0 -9999.0
-9999.0 -9999.0 -9999.0 -9999.0 -9999.0 -9999.0 -9999.0 -9999.0 -9999.0 -9999.0 -9999.0 -9999.0 -9999.0 -9999.0 -9999.0 -9999.0 -9999.0 -9999.0 -9999.0 -9999.0 -9999.0 -9999.0 -9999.0 -9999.0 0.453668 0.447612 0.466199 0.444307 0.520000 0.520000 0.466248 -9999.0 -9999.0 -9999.0 -9999.0 -9999.0 -9999.0 -9999.0 -9999.0 -9999.0 -9999.0 -9999.0 -9999.0 -9999.0 -9999.0 -9999.0 -9999.0 -9999.0 -9999.0 -9999.0 -9999.0 -9999.0 -9999.0 -9999.0 -9999.0 -9999.0 -9999.0 -9999.0 -9999.0 -9999.0 -9999.0 -9999.0 -9999.0
-9999.0 -9999.0 -9999.0 -9999.0 -9999.0 -9999.0 -9999.0 -9999.0 -9999.0 -9999.0 -9999.0 -9999.0 -9999.0 -9999.0 -9999.0 -9999.0 -9999.0 -9999.0 -9999.0 -9999.0 -9999.0 -9999.0 -9999.0 0.439423 0.455433 0.183248 0.170189 0.147070 0.520000 0.435766 0.451804 0.473724 -9999.0 -9999.0 -9999.0 -9999.0 -9999.0 -9999.0 -9999.0 -9999.0 -9999.0 -9999.0 -9999.0 -9999.0 -9999.0 -9999.0 -9999.0 -9999.0 -9999.0 -9999.0 -9999.0 -9999.0 -9999.0 -9999.0 -9999.0 -9999.0 -9999.0 -9999.0 -9999.0 -9999.0 -9999.0 -9999.0 -9999.0
-9999.0 -9999.0 -9999.0 -9999.0 -9999.0 -9999.0 -9999.0 -9999.0 -9999.0 -9999.0 -9999.0 -9999.0 -9999.0 -9999.0 -9999.0 -9999.0 -9999.0 -9999.0 0.455199 0.437857 -9999.0 0.451417 0.453981 0.318465 0.194266 0.076591 0.291967 0.377502 0.401877 0.294057 0.461272 0.475721 0.062523 0.085520 -9999.0 -9999.0 -9999.0 -9999.0 -9999.0 -9999.0 -9999.0 -9999.0 -9999.0 -9999.0 -9999.0 -9999.0 -9999.0 -9999.0 -9999.0 -9999.0 -9999.0 -9999.0 -9999.0 -9999.0 -9999.0 -9999.0 -9999.0 -9999.0 -9999.0 -9999.0 -9999.0 -9999.0 -9999.0
-9999.0 -9999.0 -9999.0 -9999.0 -9999.0 -9999.0 -9999.0 -9999.0 -9999.0 -9999.0 -9999.0 -9999.0 -9999.0 -9999.0 -9999.0 -9999.0 -9999.0 0.148612 0.364056 0.021483 0.044533 0.287581 0.283042 0.094300 0.251488 0.286343 0.375958 0.432355 0.389869 0.408618 0.520000 0.520000 0.027863 0.023544 0.023585 0.023651 -9999.0 -9999.0 -9999.0 -9999.0 -9999.0 -9999.0 -9999.0 -9999.0 -9999.0 -9999.0 -9999.0 -9999.0 -9999.0 -9999.0 -9999.0 -9999.0 -9999.0 -9999.0 -9999.0 -9999.0 -9999.0 -9999.0 -9999.0 -9999.0 -9999.0 -9999.0 -9999.0
-9999.0 -9999.0 -9999.0 -9999.0 -9999.0 -9999.0 -9999.0 -9999.0 -9999.0 -9999.0 -9999.0 -9999.0 -9999.0 0.462913 0.387540 0.235825 0.167517 0.050003 0.155039 0.237003 0.216877 0.126701 0.081429 0.286753 0.314533 0.457807 0.021006 0.484066 0.353254 0.383223 0.520000 0.520000 0.520000 0.520000 0.082997 0.034794 -9999.0 -9999.0 -9999.0 -9999.0 -9999.0 -9999.0 -9999.0 -9999.0 -9999.0 -9999.0 -9999.0 -9999.0 -9999.0 -9999.0 -9999.0 -9999.0 -9999.0 -9999.0 -9999.0 -9999.0 -9999.0 -9999.0 -9999.0 -9999.0 -9999.0 -9999.0 -9999.0
-9999.0 -9999.0 -9999.0 -9999.0 -9999.0 -9999.0 -9999.0 -9999.0 -9999.0 -9999.0 -9999.0 -9999.0 -9999.0 0.460135 0.378753 0.198364 0.183191 0.407620 0.025310 0.110278 0.218710 0.310108 0.323954 0.293208 0.415109 0.416444 0.431765 0.041781 0.057282 0.389091 0.488574 0.520000 0.051756 0.035990 0.059836 -9999.0 -9999.0 -9999.0 -9999.0 -9999.0 -9999.0 -9999.0 -9999.0 -9999.0 -9999.0 -9999.0 -9999.0 -9999.0 -9999.0 -9999.0 -9999.0 -9999.0 -9999.0 -9999.0 -9999.0 -9999.0 -9999.0 -9999.0 -9999.0 -9999.0 -9999.0 -9999.0 -9999.0
-9999.0 -9999.0 -9999.0 -9999.0 -9999.0 -9999.0 -9999.0 -9999.0 -9999.0 -9999.0 -9999.0 -9999.0 -9999.0 0.327076 0.520000 0.198952 0.208513 0.182816 0.022541 0.189629 0.428283 0.021253 0.424467 0.313596 0.386985 0.417609 0.024229 0.036409 0.462773 0.032865 0.520000 0.032769 0.033061 0.020140 0.039785 -9999.0 -9999.0 -9999.0 -9999.0 -9999.0 -9999.0 -9999.0 -9999.0 -9999.0 -9999.0 -9999.0 -9999.0 -9999.0 -9999.0 -9999.0 -9999.0 -9999.0 -9999.0 -9999.0 -9999.0 -9999.0 -9999.0 -9999.0 -9999.0 -9999.0 -9999.0 -9999.0 -9999.0
-9999.0 -9999.0 -9999.0 -9999.0 -9999.0 -9999.0 -9999.0 -9999.0 -9999.0 -9999.0 -9999.0 -9999.0 0.301579 0.520000 0.390971 0.384845 0.389385 0.246654 0.343812 0.021409 0.206750 0.320489 0.452094 0.365695 0.520000 0.462482 0.520000 0.455369 0.520000 0.066508 0.485059 0.062879 0.520000 0.045453 -9999.0 -9999.0 -9999.0 -9999.0 -9999.0 -9999.0 -9999.0 -9999.0 -9999.0 -9999.0 -9999.0 -9999.0 -9999.0 -9999.0 -9999.0 -9999.0 -9999.0 -9999.0 -9999.0 -9999.0 -9999.0 -9999.0 -9999.0 -9999.0 -9999.0 -9999.0 -9999.0 -9999.0 -9999.0
-9999.0 -9999.0 -9999.0 -9999.0 -9999.0 -9999.0 -9999.0 -9999.0 -9999.0 -9999.0 -9999.0 0.516022 0.485799 0.520000 0.394323 0.483431 0.021083 0.351678 0.463239 0.020428 0.418049 0.410197 0.473075 0.459700 0.520000 0.515822 0.475722 0.474005 0.520000 0.063985 0.060487 0.520000 0.066748 0.053329 0.045508 0.036525 0.158059 0.074563 0.063339 -9999.0 -9999.0 -9999.0 0.023440 -9999.0 -9999.0 -9999.0 -9999.0 -9999.0 -9999.0 -9999.0 -9999.0 -9999.0 -9999.0 -9999.0 -9999.0 -9999.0 -9999.0 -9999.0 -9999.0 -9999.0 -9999.0 -9999.0 -9999.0
-9999.0 -9999.0 -9999.0 -9999.0 -9999.0 -9999.0 -9999.0 -9999.0 -9999.0 -9999.0 -9999.0 0.520000 0.422794 0.520000 0.397076 0.479374 0.365938 0.233469 0.400115 0.464488 0.464062 0.461739 0.479225 0.454582 0.520000 0.477574 0.444883 0.520000 0.089966 0.069909 0.513036 0.520000 0.433168 0.473687 0.392422 0.416305 0.097253 0.051141 0.051266 0.034803 0.026381 0.037256 0.447406 0.045995 -9999.0 -9999.0 -9999.0 0.507687 0.488211 0.064151 0.499097 0.073282 0.081892 0.503248 0.520000 0.088195 -9999.0 -9999.0 -9999.0 -9999.0 -9999.0 -9999.0 -9999.0
-9999.0 -9999.0 -9999.0 -9999.0 -9999.0 -9999.0 -9999.0 -9999.0 -9999.0 -9999.0 -9999.0 0.520000 0.477414 0.520000 0.491627 0.486443 0.492039 0.514265 0.492848 0.395019 0.460659 0.472755 0.446853 0.464370 0.477494 0.064196 0.462507 0.520000 0.037980 0.462075 0.040611 0.520000 0.467022 0.434925 0.051029 0.273444 0.061684 0.053654 0.047887 0.021014 0.057330 0.186918 0.451268 0.422929 0.432413 -9999.0 0.047107 0.515095 0.504830 0.520000 0.515075 0.083278 0.500813 0.501583 0.520000 0.508844 -9999.0 -9999.0 -9999.0 -9999.0 -9999.0 -9999.0 -9999.0
-9999.0 -9999.0 -9999.0 -9999.0 -9999.0 -9999.0 -9999.0 -9999.0 -9999.0 -9999.0 -9999.0 -9999.0 0.520000 0.520000 0.448222 0.465524 0.486583 0.459585 0.520000 0.443545 0.461926 0.502580 0.520000 0.492004 0.446261 0.449201 0.520000 0.484906 0.490542 0.050252 0.455848 0.520000 0.396564 0.433738 0.421433 0.284335 0.062669 0.055853 0.049733 0.052348 0.066671 0.027644 0.455012 0.442213 0.031316 0.460648 0.045107 0.492512 0.520000 0.520000 0.520000 0.520000 0.520000 0.520000 0.520000 0.520000 0.499550 -9999.0 -9999.0 -9999.0 -9999.0 -9999.0 -9999.0
-9999.0 -9999.0 -9999.0 -9999.0 -9999.0 -9999.0 -9999.0 -9999.0 -9999.0 -9999.0 -9999.0 0.495440 0.475819 0.476835 0.520000 0.520000 0.516107 0.520000 0.520000 0.384506 0.486207 0.520000 0.520000 0.430110 0.434778 0.520000 0.476377 0.464144 0.428952 0.040550 0.456365 0.520000 0.506056 0.450257 0.428942 0.386801 0.071182 0.059087 0.064005 0.055887 0.074787 0.084815 0.433175 0.021150 0.442629 0.450240 0.520000 0.043124 0.041565 0.443110 0.021064 0.513561 0.520000 0.061501 0.062430 0.036455 0.094192 -9999.0 -9999.0 -9999.0 -9999.0 -9999.0 -9999.0
-9999.0 -9999.0 -9999.0 -9999.0 -9999.0 -9999.0 -9999.0 -9999.0 -9999.0 -9999.0 0.520000 0.506517 0.460440 0.455594 0.453720 0.520000 0.520000 0.433305 0.250858 0.324058 0.520000 0.520000 0.443700 0.418596 0.441549 0.520000 0.493948 0.021747 0.425970 0.451271 0.520000 0.520000 0.484636 0.483141 0.060868 0.042730 0.260312 0.068688 0.087940 0.081763 0.079067 0.021252 0.102845 0.329027 0.439639 0.060044 0.490857 0.520000 0.520000 0.468005 0.021400 0.059463 0.067431 0.041463 0.081714 0.520000 0.520000 -9999.0 -9999.0 -9999.0 -9999.0 -9999.0 -9999.0
-9999.0 -9999.0 -9999.0 -9999.0 -9999.0 -9999.0 -9999.0 -9999.0 -9999.0 0.491993 0.520000 0.520000 0.520000 0.447773 0.520000 0.520000 0.437924 0.434990 0.393002 0.239366 0.474881 0.282814 0.425029 0.331858 0.387973 0.496318 0.428334 0.445905 0.465817 0.453048 0.520000 0.514073 0.035295 0.045799 0.042828 0.040676 0.520000 0.318534 0.121126 0.439254 0.373840 0.347215 0.344624 0.173740 0.430252 0.412348 0.453454 0.370576 0.389605 0.497000 0.520000 0.066387 0.037959 0.094564 0.089858 0.520000 0.520000 0.130222 0.110860 -9999.0 -9999.0 -9999.0 -9999.0
-9999.0 -9999.0 -9999.0 -9999.0 -9999.0 -9999.0 -9999.0 -9999.0 -9999.0 0.520000 0.520000 0.520000 0.520000 0.439632 0.423464 0.420846 0.446721 0.428264 0.393533 0.181124 0.208268 0.216424 0.362946 0.431920 0.478790 0.402408 0.433061 0.434002 0.390780 0.414958 0.486304 0.520000 0.520000 0.455663 0.493731 0.048295 0.044620 0.048546 0.417773 0.497598 0.459777 0.428381 0.218988 0.403850 0.306888 0.271908 0.361870 0.243165 0.340323 0.408878 0.520000 0.520000 0.105744 0.520000 0.162356 0.520000 0.520000 0.520000 0.119914 -9999.0 -9999.0 -9999.0 -9999.0
-9999.0 -9999.0 -9999.0 -9999.0 -9999.0 -9999.0 -9999.0 -9999.0 -9999.0 -9999.0 0.478947 0.520000 0.519767 0.520000 0.434354 0.418958 0.430883 0.431927 0.369348 0.203601 0.295500 0.400649 0.423007 0.461322 0.396147 0.416690 0.423549 0.405333 0.483379 0.501037 0.514133 0.520000 0.511386 0.498345 0.520000 0.520000 0.409228 0.462555 0.066082 0.501359 0.477672 0.447490 0.520000 0.445328 0.495363 0.450687 0.469945 0.388765 0.365199 0.469377 0.520000 0.520000 0.087482 0.099844 0.520000 0.520000 0.520000 0.520000 0.520000 0.448725 -9999.0 -9999.0 -9999.0
-9999.0 -9999.0 -9999.0 -9999.0 -9999.0 -9999.0 -9999.0 -9999.0 -9999.0 -9999.0 0.520000 0.499711 0.481063 0.520000 0.413065 0.423316 0.425495 0.279886 0.167420 0.191048 0.178395 0.270209 0.368949 0.353451 0.389337 0.390326 0.399280 0.520000 0.520000 0.510481 0.490509 0.520000 0.021099 0.472665 0.480709 0.520000 0.520000 0.490073 0.508122 0.478729 0.510556 0.149451 0.520000 0.479601 0.485170 0.506677 0.468524 0.498814 0.520000 0.437729 0.520000 0.520000 0.520000 0.098007 0.124108 0.115066 0.520000 0.520000 0.520000 0.520000 -9999.0 -9999.0 -9999.0
-9999.0 -9999.0 -9999.0 -9999.0 -9999.0 -9999.0 -9999.0 -9999.0 0.491428 0.464621 0.438304 0.520000 0.520000 0.520000 0.520000 0.385460 0.269647 0.198293 0.149699 0.179126 0.145171 0.156891 0.201146 0.211281 0.238138 0.398794 0.477575 0.520000 0.520000 0.520000 0.036413 0.520000 0.491613 0.473034 0.520000 0.493590 0.455605 0.520000 0.520000 0.055204 0.024747 0.520000 0.021410 0.032735 0.032548 0.520000 0.520000 0.488114 0.512244 0.443063 0.520000 0.520000 0.520000 0.520000 0.083418 0.520000 0.106928 0.470292 0.463180 0.520000 -9999.0 -9999.0 -9999.0
-9999.0 -9999.0 -9999.0 -9999.0 -9999.0 -9999.0 -9999.0 -9999.0 0.200000 0.520000 0.520000 0.478004 0.482254 0.520000 0.470325 0.455567 0.423280 0.298375 0.173099 0.160967 0.194125 0.136244 0.207924 0.192662 0.144516 0.380321 0.507225 0.520000 0.022503 0.453169 0.459589 0.024546 0.520000 0.024510 0.520000 0.505059 0.520000 0.520000 0.520000 0.509684 0.520000 0.198795 0.037991 0.510934 0.520000 0.520000 0.037450 0.520000 0.520000 0.486888 0.456134 0.520000 0.520000 0.495567 0.475537 0.021306 0.496089 0.496891 0.481054 0.520000 0.231262 -9999.0 -9999.0
-9999.0 -9999.0 -9999.0 -9999.0 -9999.0 -9999.0 -9999.0 -9999.0 0.506410 0.520000 0.518446 0.520000 0.520000 0.057027 0.468795 0.473332 0.378507 0.183568 0.128235 0.212826 0.151017 0.125537 0.129506 0.127210 0.225679 0.413441 0.459996 0.494028 0.022583 0.474965 0.024553 0.520000 0.520000 0.520000 0.520000 0.520000 0.520000 0.520000 0.520000 0.520000 0.520000 0.025127 0.520000 0.520000 0.520000 0.520000 0.046362 0.477859 0.495184 0.514354 0.411249 0.520000 0.520000 0.520000 0.520000 0.520000 0.520000 0.504557 0.520000 0.520000 0.377690 -9999.0 -9999.0
-9999.0 -9999.0 -9999.0 -9999.0 -9999.0 -9999.0 -9999.0 -9999.0 0.031472 0.505435 0.520000 0.022154 0.520000 0.520000 0.520000 0.461917 0.424293 0.176195 0.263434 0.147589 0.159594 0.155224 0.131228 0.145270 0.199099 0.395004 0.443313 0.475992 0.439528 0.520000 0.470252 0.520000 0.520000 0.520000 0.520000 0.455977 0.466121 0.452779 0.520000 0.520000 0.518460 0.520000 0.520000 0.064537 0.473362 0.053006 0.498790 0.063229 0.444782 0.461167 0.459331 0.425321 0.520000 0.445734 0.515099 0.520000 0.520000 0.520000 0.513380 0.416042 0.467666 0.471630 -9999.0
-9999.0 -9999.0 -9999.0 -9999.0 -9999.0 -9999.0 -9999.0 -9999.0 0.480429 0.516093 0.520000 0.520000 0.520000 0.520000 0.479830 0.493796 0.423859 0.424700 0.415283 0.346187 0.161004 0.159812 0.161865 0.171124 0.173778 0.304732 0.407815 0.415483 0.431236 0.520000 0.487025 0.513818 0.520000 0.520000 0.513212 0.511220 0.514426 0.460765 0.520000 0.520000 0.520000 0.520000 0.520000 0.520000 0.520000 0.488233 0.503744 0.520000 0.450958 0.461343 0.448864 0.313861 0.401885 0.446150 0.520000 0.520000 0.520000 0.520000 0.520000 0.486570 0.466083 0.469007 -9999.0
-9999.0 -9999.0 0.426831 0.470438 0.520000 0.520000 0.520000 0.520000 0.493180 0.511245 0.520000 0.520000 0.520000 0.520000 0.445908 0.443496 0.513223 0.484487 0.438744 0.424780 0.269077 0.208835 0.269352 0.128667 0.187954 0.182716 0.278407 0.354272 0.498468 0.520000 0.431609 0.470974 0.520000 0.520000 0.511020 0.492267 0.490887 0.462377 0.520000 0.520000 0.520000 0.520000 0.520000 0.513106 0.509203 0.478076 0.481947 0.510199 0.496292 0.461156 0.331996 0.246806 0.518257 0.520000 0.520000 0.520000 0.520000 0.520000 0.503567 0.480570 0.475350 0.483428 -9999.0
-9999.0 0.449346 0.493853 0.470789 0.434418 0.520000 0.520000 0.520000 0.520000 0.520000 0.520000 0.520000 0.520000 0.520000 0.513369 0.520000 0.493127 0.450974 0.421200 0.425719 0.195679 0.507067 0.520000 0.195051 0.132402 0.139410 0.157179 0.163371 0.517472 0.464910 0.184033 0.364636 0.520000 0.520000 0.478020 0.361165 0.439467 0.444748 0.520000 0.495736 0.475885 0.520000 0.520000 0.464241 0.409133 0.420372 0.455795 0.461426 0.520000 0.305868 0.396132 0.519466 0.520000 0.520000 0.520000 0.520000 0.520000 0.510543 0.507063 0.480387 0.509031 0.499043 -9999.0
-9999.0 0.520000 0.520000 0.520000 0.414213 0.520000 0.519936 0.520000 0.458289 0.432011 0.474808 0.506475 0.520000 0.511708 0.520000 0.520000 0.514017 0.448609 0.520000 0.520000 0.520000 0.520000 0.520000 0.477540 0.314197 0.194308 0.121465 0.119634 0.327411 0.240806 0.102489 0.112823 0.520000 0.520000 0.520000 0.520000 0.357110 0.419076 0.520000 0.322650 0.520000 0.520000 0.520000 0.233134 0.140897 0.130885 0.298412 0.441533 0.426994 0.453057 0.484797 0.453527 0.468798 0.520000 0.520000 0.514928 0.520000 0.520000 0.520000 0.500370 0.517281 -9999.0 -9999.0
-9999.0 0.476457 0.520000 0.520000 0.520000 0.520000 0.470653 0.520000 0.463135 0.478043 0.480869 0.509969 0.446742 0.520000 0.520000 0.520000 0.481302 0.520000 0.520000 0.520000 0.420193 0.402906 0.223375 0.414282 0.505591 0.410729 0.511856 0.520000 0.165921 0.366062 0.149115 0.134522 0.520000 0.520000 0.506285 0.320665 0.463768 0.372179 0.460032 0.287664 0.296012 0.510728 0.466688 0.171774 0.164204 0.509372 0.477938 0.520000 0.520000 0.520000 0.512078 0.506992 0.520000 0.520000 0.520000 0.520000 0.520000 0.520000 0.514581 -9999.0 -9999.0 -9999.0 -9999.0
