erum2020/resources/simulation/Vinschgau/output-maps/thetaliqL0002N0966.asc
ncols         63
nrows         48
xllcorner     598000.000000
yllcorner     5145000.000000
cellsize      1000.000000
NODATA_value  -9999.0
[rows 0 to 28 of 48, columns 0 to 62 of 63]
-9999.0 -9999.0 -9999.0 -9999.0 -9999.0 -9999.0 -9999.0 -9999.0 -9999.0 -9999.0 -9999.0 -9999.0 -9999.0 -9999.0 -9999.0 -9999.0 -9999.0 -9999.0 -9999.0 -9999.0 -9999.0 -9999.0 -9999.0 -9999.0 -9999.0 -9999.0 -9999.0 -9999.0 -9999.0 -9999.0 -9999.0 -9999.0 -9999.0 -9999.0 -9999.0 -9999.0 -9999.0 -9999.0 -9999.0 -9999.0 -9999.0 -9999.0 -9999.0 -9999.0 -9999.0 -9999.0 -9999.0 -9999.0 -9999.0 -9999.0 -9999.0 -9999.0 -9999.0 -9999.0 -9999.0 -9999.0 -9999.0 -9999.0 -9999.0 -9999.0 -9999.0 -9999.0 -9999.0
-9999.0 -9999.0 -9999.0 -9999.0 -9999.0 -9999.0 -9999.0 -9999.0 -9999.0 -9999.0 -9999.0 -9999.0 -9999.0 -9999.0 -9999.0 -9999.0 -9999.0 -9999.0 -9999.0 -9999.0 -9999.0 -9999.0 -9999.0 -9999.0 -9999.0 -9999.0 -9999.0 0.020084 0.040105 0.020149 0.040102 0.040048 0.040026 -9999.0 -9999.0 -9999.0 -9999.0 -9999.0 -9999.0 -9999.0 -9999.0 -9999.0 -9999.0 -9999.0 -9999.0 -9999.0 -9999.0 -9999.0 -9999.0 -9999.0 -9999.0 -9999.0 -9999.0 -9999.0 -9999.0 -9999.0 -9999.0 -9999.0 -9999.0 -9999.0 -9999.0 -9999.0 -9999.0
-9999.0 -9999.0 -9999.0 -9999.0 -9999.0 -9999.0 -9999.0 -9999.0 -9999.0 -9999.0 -9999.0 -9999.0 -9999.0 -9999.0 -9999.0 -9999.0 -9999.0 -9999.0 -9999.0 -9999.0 -9999.0 -9999.0 -9999.0 -9999.0 0.040439 0.040072 0.040092 0.040324 0.040099 0.040072 0.040069 -9999.0 -9999.0 -9999.0 -9999.0 -9999.0 -9999.0 -9999.0 -9999.0 -9999.0 -9999.0 -9999.0 -9999.0 -9999.0 -9999.0 -9999.0 -9999.0 -9999.0 -9999.0 -9999.0 -9999.0 -9999.0 -9999.0 -9999.0 -9999.0 -9999.0 -9999.0 -9999.0 -9999.0 -9999.0 -9999.0 -9999.0 -9999.0
-9999.0 -9999.0 -9999.0 -9999.0 -9999.0 -9999.0 -9999.0 -9999.0 -9999.0 -9999.0 -9999.0 -9999.0 -9999.0 -9999.0 -9999.0 -9999.0 -9999.0 -9999.0 -9999.0 -9999.0 -9999.0 -9999.0 -9999.0 0.040776 0.042616 0.251414 0.222835 0.090621 0.378988 0.041145 0.040082 0.040046 -9999.0 -9999.0 -9999.0 -9999.0 -9999.0 -9999.0 -9999.0 -9999.0 -9999.0 -9999.0 -9999.0 -9999.0 -9999.0 -9999.0 -9999.0 -9999.0 -9999.0 -9999.0 -9999.0 -9999.0 -9999.0 -9999.0 -9999.0 -9999.0 -9999.0 -9999.0 -9999.0 -9999.0 -9999.0 -9999.0 -9999.0
-9999.0 -9999.0 -9999.0 -9999.0 -9999.0 -9999.0 -9999.0 -9999.0 -9999.0 -9999.0 -9999.0 -9999.0 -9999.0 -9999.0 -9999.0 -9999.0 -9999.0 -9999.0 0.485679 0.041899 -9999.0 0.041374 0.042441 0.166073 0.271844 0.081914 0.161759 0.138761 0.376463 0.059061 0.040576 0.040107 0.020051 0.020040 -9999.0 -9999.0 -9999.0 -9999.0 -9999.0 -9999.0 -9999.0 -9999.0 -9999.0 -9999.0 -9999.0 -9999.0 -9999.0 -9999.0 -9999.0 -9999.0 -9999.0 -9999.0 -9999.0 -9999.0 -9999.0 -9999.0 -9999.0 -9999.0 -9999.0 -9999.0 -9999.0 -9999.0 -9999.0
-9999.0 -9999.0 -9999.0 -9999.0 -9999.0 -9999.0 -9999.0 -9999.0 -9999.0 -9999.0 -9999.0 -9999.0 -9999.0 -9999.0 -9999.0 -9999.0 -9999.0 0.075729 0.087534 0.054568 0.020849 0.051936 0.058737 0.079526 0.238398 0.070805 0.044056 0.055891 0.047798 0.094620 0.041183 0.040081 0.020215 0.020088 0.020046 0.020037 -9999.0 -9999.0 -9999.0 -9999.0 -9999.0 -9999.0 -9999.0 -9999.0 -9999.0 -9999.0 -9999.0 -9999.0 -9999.0 -9999.0 -9999.0 -9999.0 -9999.0 -9999.0 -9999.0 -9999.0 -9999.0 -9999.0 -9999.0 -9999.0 -9999.0 -9999.0 -9999.0
-9999.0 -9999.0 -9999.0 -9999.0 -9999.0 -9999.0 -9999.0 -9999.0 -9999.0 -9999.0 -9999.0 -9999.0 -9999.0 0.044199 0.100052 0.108972 0.076039 0.023153 0.076814 0.128122 0.304955 0.218179 0.289585 0.236532 0.065802 0.042369 0.020090 0.040738 0.040337 0.051545 0.040065 0.040127 0.040236 0.040069 0.020058 0.020034 -9999.0 -9999.0 -9999.0 -9999.0 -9999.0 -9999.0 -9999.0 -9999.0 -9999.0 -9999.0 -9999.0 -9999.0 -9999.0 -9999.0 -9999.0 -9999.0 -9999.0 -9999.0 -9999.0 -9999.0 -9999.0 -9999.0 -9999.0 -9999.0 -9999.0 -9999.0 -9999.0
-9999.0 -9999.0 -9999.0 -9999.0 -9999.0 -9999.0 -9999.0 -9999.0 -9999.0 -9999.0 -9999.0 -9999.0 -9999.0 0.054720 0.254662 0.089938 0.077255 0.298218 0.023152 0.150158 0.076994 0.284541 0.272308 0.345095 0.042520 0.040499 0.040194 0.020103 0.020060 0.040101 0.040266 0.040101 0.020050 0.020018 0.020039 -9999.0 -9999.0 -9999.0 -9999.0 -9999.0 -9999.0 -9999.0 -9999.0 -9999.0 -9999.0 -9999.0 -9999.0 -9999.0 -9999.0 -9999.0 -9999.0 -9999.0 -9999.0 -9999.0 -9999.0 -9999.0 -9999.0 -9999.0 -9999.0 -9999.0 -9999.0 -9999.0 -9999.0
-9999.0 -9999.0 -9999.0 -9999.0 -9999.0 -9999.0 -9999.0 -9999.0 -9999.0 -9999.0 -9999.0 -9999.0 -9999.0 0.214872 0.520000 0.163940 0.087547 0.079135 0.023139 0.076779 0.345991 0.038031 0.075045 0.051363 0.077304 0.068620 0.020121 0.020053 0.040050 0.020021 0.040060 0.020016 0.020016 0.020012 0.020033 -9999.0 -9999.0 -9999.0 -9999.0 -9999.0 -9999.0 -9999.0 -9999.0 -9999.0 -9999.0 -9999.0 -9999.0 -9999.0 -9999.0 -9999.0 -9999.0 -9999.0 -9999.0 -9999.0 -9999.0 -9999.0 -9999.0 -9999.0 -9999.0 -9999.0 -9999.0 -9999.0 -9999.0
-9999.0 -9999.0 -9999.0 -9999.0 -9999.0 -9999.0 -9999.0 -9999.0 -9999.0 -9999.0 -9999.0 -9999.0 0.096167 0.496967 0.251706 0.200665 0.212176 0.105989 0.264894 0.023399 0.288935 0.050399 0.040277 0.042309 0.040077 0.040217 0.040025 0.040062 0.040052 0.020047 0.040005 0.020050 0.040040 0.020032 -9999.0 -9999.0 -9999.0 -9999.0 -9999.0 -9999.0 -9999.0 -9999.0 -9999.0 -9999.0 -9999.0 -9999.0 -9999.0 -9999.0 -9999.0 -9999.0 -9999.0 -9999.0 -9999.0 -9999.0 -9999.0 -9999.0 -9999.0 -9999.0 -9999.0 -9999.0 -9999.0 -9999.0 -9999.0
-9999.0 -9999.0 -9999.0 -9999.0 -9999.0 -9999.0 -9999.0 -9999.0 -9999.0 -9999.0 -9999.0 0.046253 0.375695 0.520000 0.280768 0.092463 0.023690 0.112850 0.427854 0.183438 0.084033 0.193651 0.042104 0.040060 0.040102 0.040054 0.040045 0.040240 0.040044 0.020034 0.020048 0.040289 0.020061 0.020041 0.020047 0.020073 0.040060 0.040157 0.040047 -9999.0 -9999.0 -9999.0 0.020043 -9999.0 -9999.0 -9999.0 -9999.0 -9999.0 -9999.0 -9999.0 -9999.0 -9999.0 -9999.0 -9999.0 -9999.0 -9999.0 -9999.0 -9999.0 -9999.0 -9999.0 -9999.0 -9999.0 -9999.0
-9999.0 -9999.0 -9999.0 -9999.0 -9999.0 -9999.0 -9999.0 -9999.0 -9999.0 -9999.0 -9999.0 0.043468 0.309874 0.270335 0.181406 0.043062 0.082486 0.079443 0.294149 0.332516 0.407046 0.053374 0.041952 0.040043 0.040092 0.040200 0.040146 0.040064 0.020151 0.020038 0.040216 0.040080 0.040046 0.040031 0.040029 0.040203 0.040621 0.041853 0.040337 0.020044 0.020046 0.020043 0.040136 0.020051 -9999.0 -9999.0 -9999.0 0.040021 0.040022 0.020044 0.040028 0.020036 0.020034 0.040018 0.040018 0.020033 -9999.0 -9999.0 -9999.0 -9999.0 -9999.0 -9999.0 -9999.0
-9999.0 -9999.0 -9999.0 -9999.0 -9999.0 -9999.0 -9999.0 -9999.0 -9999.0 -9999.0 -9999.0 0.042901 0.043450 0.042368 0.053532 0.060672 0.342083 0.114049 0.294956 0.294311 0.268637 0.064466 0.040142 0.040069 0.040205 0.020095 0.040106 0.040023 0.020069 0.040027 0.020061 0.040018 0.040067 0.040033 0.020052 0.040073 0.040029 0.040041 0.043382 0.020065 0.040167 0.040056 0.040070 0.040046 0.040030 -9999.0 0.020035 0.040032 0.040125 0.040227 0.040061 0.020236 0.040140 0.040093 0.040077 0.040037 -9999.0 -9999.0 -9999.0 -9999.0 -9999.0 -9999.0 -9999.0
-9999.0 -9999.0 -9999.0 -9999.0 -9999.0 -9999.0 -9999.0 -9999.0 -9999.0 -9999.0 -9999.0 -9999.0 0.044102 0.040870 0.049247 0.051452 0.219190 0.108975 0.328873 0.315540 0.218907 0.072540 0.051528 0.040440 0.040032 0.040090 0.040952 0.040222 0.040085 0.020054 0.040142 0.040021 0.040390 0.040065 0.040042 0.040256 0.040104 0.040050 0.059844 0.041284 0.041987 0.020436 0.040032 0.041664 0.020060 0.040029 0.020042 0.040035 0.040033 0.040306 0.044280 0.040022 0.040034 0.040016 0.040026 0.040082 0.040039 -9999.0 -9999.0 -9999.0 -9999.0 -9999.0 -9999.0
-9999.0 -9999.0 -9999.0 -9999.0 -9999.0 -9999.0 -9999.0 -9999.0 -9999.0 -9999.0 -9999.0 0.041156 0.041209 0.043993 0.040535 0.064806 0.129571 0.214082 0.337487 0.119478 0.136847 0.323989 0.053006 0.040093 0.040111 0.041946 0.041042 0.040061 0.040063 0.020119 0.040092 0.040033 0.040159 0.040070 0.040025 0.040171 0.040199 0.040590 0.062757 0.045864 0.040596 0.053565 0.040136 0.020307 0.042751 0.040076 0.040047 0.020141 0.020451 0.047106 0.020042 0.040074 0.040010 0.020023 0.020020 0.020017 0.020048 -9999.0 -9999.0 -9999.0 -9999.0 -9999.0 -9999.0
-9999.0 -9999.0 -9999.0 -9999.0 -9999.0 -9999.0 -9999.0 -9999.0 -9999.0 -9999.0 0.041371 0.042140 0.041775 0.041900 0.047411 0.041072 0.040756 0.081709 0.092752 0.127982 0.381330 0.461183 0.040466 0.045591 0.052526 0.040093 0.040050 0.020032 0.040499 0.041556 0.040050 0.040045 0.041337 0.040063 0.020032 0.020062 0.040076 0.040184 0.050368 0.073643 0.076161 0.186002 0.196923 0.382940 0.047432 0.020120 0.040059 0.040786 0.040068 0.052856 0.020027 0.020040 0.020019 0.020016 0.020017 0.040074 0.040080 -9999.0 -9999.0 -9999.0 -9999.0 -9999.0 -9999.0
-9999.0 -9999.0 -9999.0 -9999.0 -9999.0 -9999.0 -9999.0 -9999.0 -9999.0 0.040047 0.042059 0.040041 0.040213 0.040459 0.040259 0.047394 0.046416 0.075211 0.099193 0.093025 0.352191 0.135143 0.097069 0.078398 0.065643 0.040081 0.040028 0.041633 0.041847 0.043343 0.067489 0.040066 0.020063 0.020019 0.020045 0.020062 0.040069 0.040081 0.040130 0.043764 0.041725 0.041933 0.040692 0.192308 0.309717 0.046428 0.049110 0.040232 0.040252 0.068942 0.040053 0.020046 0.020014 0.020027 0.020035 0.040010 0.040012 0.020055 0.020038 -9999.0 -9999.0 -9999.0 -9999.0
-9999.0 -9999.0 -9999.0 -9999.0 -9999.0 -9999.0 -9999.0 -9999.0 -9999.0 0.040032 0.040139 0.041623 0.048416 0.057834 0.043873 0.040393 0.047732 0.085995 0.087407 0.258487 0.293102 0.221422 0.474998 0.060566 0.040136 0.040070 0.041338 0.052519 0.085673 0.063043 0.049896 0.040047 0.040045 0.040035 0.040113 0.020063 0.020082 0.020244 0.040229 0.042301 0.040462 0.040052 0.042318 0.122044 0.275528 0.379450 0.409261 0.077095 0.057586 0.070662 0.040027 0.040009 0.020027 0.040013 0.020044 0.040007 0.040013 0.040018 0.020088 -9999.0 -9999.0 -9999.0 -9999.0
-9999.0 -9999.0 -9999.0 -9999.0 -9999.0 -9999.0 -9999.0 -9999.0 -9999.0 -9999.0 0.040110 0.040125 0.047807 0.040400 0.060626 0.046503 0.056026 0.390108 0.080567 0.210133 0.327391 0.084706 0.067716 0.043577 0.040106 0.047798 0.069747 0.248108 0.049038 0.040070 0.040051 0.040025 0.040016 0.040054 0.040072 0.040184 0.041629 0.042373 0.020077 0.040155 0.040082 0.041828 0.044354 0.046883 0.079136 0.088435 0.248580 0.428995 0.402512 0.069017 0.040055 0.040014 0.020033 0.020028 0.040012 0.040030 0.040063 0.040057 0.040074 0.050113 -9999.0 -9999.0 -9999.0
-9999.0 -9999.0 -9999.0 -9999.0 -9999.0 -9999.0 -9999.0 -9999.0 -9999.0 -9999.0 0.040084 0.040290 0.041411 0.052807 0.179014 0.096167 0.080741 0.125145 0.090045 0.077406 0.077748 0.126042 0.061425 0.043630 0.047846 0.087197 0.520000 0.082616 0.040101 0.040018 0.040132 0.040109 0.020030 0.040032 0.040174 0.041207 0.040064 0.042353 0.040047 0.040056 0.040051 0.020252 0.040345 0.040940 0.044284 0.041978 0.054325 0.079846 0.195606 0.501559 0.065723 0.040040 0.040014 0.020037 0.020024 0.020029 0.040027 0.040170 0.520000 0.520000 -9999.0 -9999.0 -9999.0
-9999.0 -9999.0 -9999.0 -9999.0 -9999.0 -9999.0 -9999.0 -9999.0 0.040063 0.040128 0.040053 0.040071 0.040027 0.040872 0.053093 0.326819 0.091414 0.204153 0.156272 0.075002 0.073369 0.076760 0.087938 0.163720 0.074258 0.443907 0.205877 0.040226 0.040060 0.040018 0.020019 0.040163 0.040167 0.040043 0.040048 0.040273 0.047403 0.047983 0.040033 0.020060 0.020124 0.040135 0.020041 0.020069 0.020499 0.041449 0.040037 0.041596 0.085088 0.493227 0.074955 0.040281 0.040010 0.040008 0.020032 0.040050 0.020064 0.042932 0.085683 0.414126 -9999.0 -9999.0 -9999.0
-9999.0 -9999.0 -9999.0 -9999.0 -9999.0 -9999.0 -9999.0 -9999.0 0.020043 0.040111 0.040025 0.040054 0.040309 0.040040 0.040182 0.086779 0.138243 0.105756 0.073349 0.074318 0.258054 0.215519 0.214973 0.208310 0.085869 0.214487 0.380949 0.042622 0.020030 0.040063 0.040037 0.020080 0.040214 0.020089 0.040073 0.041254 0.045508 0.041886 0.041497 0.040075 0.040135 0.040008 0.020091 0.040090 0.040738 0.040193 0.020036 0.040068 0.043013 0.331566 0.512898 0.043047 0.040012 0.040033 0.040316 0.020055 0.040106 0.052662 0.478837 0.387389 0.080654 -9999.0 -9999.0
-9999.0 -9999.0 -9999.0 -9999.0 -9999.0 -9999.0 -9999.0 -9999.0 0.040160 0.040169 0.040163 0.040017 0.040064 0.020044 0.040234 0.040247 0.101110 0.236749 0.074359 0.234533 0.073676 0.136493 0.177647 0.080444 0.250615 0.124118 0.246040 0.040108 0.020028 0.040211 0.020113 0.041570 0.040045 0.040065 0.042164 0.042216 0.062162 0.503967 0.064146 0.040516 0.040065 0.020128 0.040078 0.040142 0.040078 0.040392 0.020063 0.040229 0.040035 0.073481 0.362431 0.070813 0.040017 0.040013 0.040059 0.040350 0.310430 0.474063 0.317434 0.430920 0.303272 -9999.0 -9999.0
-9999.0 -9999.0 -9999.0 -9999.0 -9999.0 -9999.0 -9999.0 -9999.0 0.020044 0.040486 0.040054 0.020029 0.040069 0.040074 0.041974 0.184513 0.077437 0.075983 0.297975 0.073899 0.075707 0.075749 0.158109 0.092328 0.095339 0.259227 0.049924 0.040050 0.041490 0.040925 0.040241 0.041812 0.057225 0.040367 0.042649 0.043993 0.138539 0.143264 0.404724 0.050138 0.041365 0.041654 0.041262 0.020489 0.040161 0.020132 0.040084 0.020299 0.040229 0.040149 0.078061 0.398458 0.071355 0.040133 0.080153 0.520000 0.418434 0.332901 0.191890 0.309576 0.315048 0.242836 -9999.0
-9999.0 -9999.0 -9999.0 -9999.0 -9999.0 -9999.0 -9999.0 -9999.0 0.040022 0.040067 0.040025 0.040073 0.040906 0.048803 0.066735 0.465688 0.461046 0.149621 0.213769 0.105157 0.078654 0.085159 0.077899 0.078990 0.290077 0.087900 0.040135 0.047543 0.061421 0.042727 0.042223 0.070506 0.520000 0.257815 0.070837 0.196167 0.327229 0.092449 0.081702 0.480433 0.076256 0.069308 0.045144 0.058402 0.040181 0.042669 0.041924 0.040143 0.042073 0.068037 0.448281 0.228855 0.345169 0.400471 0.520000 0.520000 0.498742 0.374561 0.352112 0.305588 0.161013 0.254674 -9999.0
-9999.0 -9999.0 0.040052 0.040070 0.040008 0.040058 0.040022 0.040029 0.040067 0.040184 0.040112 0.041391 0.051697 0.044026 0.520000 0.506278 0.071842 0.040109 0.041355 0.095047 0.104915 0.099453 0.332705 0.074542 0.087427 0.113497 0.082316 0.103221 0.293433 0.451760 0.069814 0.258597 0.520000 0.188681 0.357377 0.110942 0.234304 0.077985 0.076570 0.086795 0.300795 0.372731 0.229833 0.394619 0.086713 0.068864 0.470110 0.332187 0.337083 0.346900 0.266357 0.269174 0.406853 0.447974 0.520000 0.520000 0.452721 0.365444 0.372136 0.234455 0.398544 0.271522 -9999.0
-9999.0 0.040554 0.040269 0.040149 0.040067 0.040313 0.040022 0.040022 0.040015 0.040054 0.040036 0.040208 0.046489 0.051537 0.103674 0.041598 0.040096 0.040043 0.040192 0.075391 0.113088 0.114394 0.520000 0.206921 0.107759 0.091817 0.211960 0.259673 0.260631 0.352127 0.234634 0.269490 0.343397 0.336864 0.184786 0.177461 0.088617 0.072972 0.184387 0.210175 0.158060 0.197596 0.232122 0.096042 0.101809 0.101779 0.299244 0.085778 0.185849 0.152003 0.307363 0.375331 0.457212 0.502478 0.520000 0.520000 0.435395 0.403136 0.520000 0.128650 0.331013 0.275989 -9999.0
-9999.0 0.046310 0.040246 0.046471 0.048608 0.040201 0.040034 0.040018 0.040049 0.040045 0.040026 0.040109 0.153928 0.121361 0.047478 0.040019 0.040024 0.040035 0.042327 0.040794 0.500656 0.333135 0.232155 0.520000 0.387371 0.241141 0.074334 0.076165 0.210134 0.075955 0.073154 0.073914 0.277110 0.268506 0.287131 0.174060 0.232827 0.186351 0.103958 0.086248 0.108735 0.161402 0.121180 0.073292 0.071688 0.072004 0.148702 0.219233 0.243902 0.280166 0.329129 0.303052 0.383090 0.485939 0.469240 0.056083 0.041222 0.051149 0.057496 0.047135 0.059811 -9999.0 -9999.0
-9999.0 0.041865 0.040158 0.043030 0.307215 0.046500 0.049165 0.040066 0.040041 0.040045 0.040128 0.065671 0.229512 0.059958 0.040077 0.040014 0.040019 0.040061 0.040069 0.047343 0.047091 0.058308 0.198294 0.436935 0.425584 0.303601 0.296463 0.287185 0.077341 0.194145 0.074076 0.073377 0.235728 0.235697 0.180216 0.108253 0.108880 0.170357 0.091439 0.086366 0.088363 0.209019 0.123994 0.071540 0.071731 0.187163 0.197154 0.267336 0.307805 0.173237 0.353566 0.058663 0.064023 0.042806 0.043870 0.040105 0.040101 0.040066 0.040075 -9999.0 -9999.0 -9999.0 -9999.0
