erum2020/resources/simulation/Vinschgau/output-maps/thetaliqL0004N0031.asc
ncols         63
nrows         48
xllcorner     598000.000000
yllcorner     5145000.000000
cellsize      1000.000000
NODATA_value  -9999.0
[rows 0 to 28 of 48, columns 0 to 62 of 63]
-9999.0 -9999.0 -9999.0 -9999.0 -9999.0 -9999.0 -9999.0 -9999.0 -9999.0 -9999.0 -9999.0 -9999.0 -9999.0 -9999.0 -9999.0 -9999.0 -9999.0 -9999.0 -9999.0 -9999.0 -9999.0 -9999.0 -9999.0 -9999.0 -9999.0 -9999.0 -9999.0 -9999.0 -9999.0 -9999.0 -9999.0 -9999.0 -9999.0 -9999.0 -9999.0 -9999.0 -9999.0 -9999.0 -9999.0 -9999.0 -9999.0 -9999.0 -9999.0 -9999.0 -9999.0 -9999.0 -9999.0 -9999.0 -9999.0 -9999.0 -9999.0 -9999.0 -9999.0 -9999.0 -9999.0 -9999.0 -9999.0 -9999.0 -9999.0 -9999.0 -9999.0 -9999.0 -9999.0
-9999.0 -9999.0 -9999.0 -9999.0 -9999.0 -9999.0 -9999.0 -9999.0 -9999.0 -9999.0 -9999.0 -9999.0 -9999.0 -9999.0 -9999.0 -9999.0 -9999.0 -9999.0 -9999.0 -9999.0 -9999.0 -9999.0 -9999.0 -9999.0 -9999.0 -9999.0 -9999.0 0.020176 0.041029 0.020146 0.040107 0.040067 0.040068 -9999.0 -9999.0 -9999.0 -9999.0 -9999.0 -9999.0 -9999.0 -9999.0 -9999.0 -9999.0 -9999.0 -9999.0 -9999.0 -9999.0 -9999.0 -9999.0 -9999.0 -9999.0 -9999.0 -9999.0 -9999.0 -9999.0 -9999.0 -9999.0 -9999.0 -9999.0 -9999.0 -9999.0 -9999.0 -9999.0
-9999.0 -9999.0 -9999.0 -9999.0 -9999.0 -9999.0 -9999.0 -9999.0 -9999.0 -9999.0 -9999.0 -9999.0 -9999.0 -9999.0 -9999.0 -9999.0 -9999.0 -9999.0 -9999.0 -9999.0 -9999.0 -9999.0 -9999.0 -9999.0 0.050052 0.050154 0.041033 0.042315 0.041678 0.040543 0.040145 -9999.0 -9999.0 -9999.0 -9999.0 -9999.0 -9999.0 -9999.0 -9999.0 -9999.0 -9999.0 -9999.0 -9999.0 -9999.0 -9999.0 -9999.0 -9999.0 -9999.0 -9999.0 -9999.0 -9999.0 -9999.0 -9999.0 -9999.0 -9999.0 -9999.0 -9999.0 -9999.0 -9999.0 -9999.0 -9999.0 -9999.0 -9999.0
-9999.0 -9999.0 -9999.0 -9999.0 -9999.0 -9999.0 -9999.0 -9999.0 -9999.0 -9999.0 -9999.0 -9999.0 -9999.0 -9999.0 -9999.0 -9999.0 -9999.0 -9999.0 -9999.0 -9999.0 -9999.0 -9999.0 -9999.0 0.042278 0.043363 0.057709 0.104771 0.090990 0.076276 0.040262 0.040178 0.040679 -9999.0 -9999.0 -9999.0 -9999.0 -9999.0 -9999.0 -9999.0 -9999.0 -9999.0 -9999.0 -9999.0 -9999.0 -9999.0 -9999.0 -9999.0 -9999.0 -9999.0 -9999.0 -9999.0 -9999.0 -9999.0 -9999.0 -9999.0 -9999.0 -9999.0 -9999.0 -9999.0 -9999.0 -9999.0 -9999.0 -9999.0
-9999.0 -9999.0 -9999.0 -9999.0 -9999.0 -9999.0 -9999.0 -9999.0 -9999.0 -9999.0 -9999.0 -9999.0 -9999.0 -9999.0 -9999.0 -9999.0 -9999.0 -9999.0 0.336051 0.242118 -9999.0 0.041269 0.040983 0.077862 0.177703 0.325736 0.089259 0.074229 0.379719 0.040757 0.040082 0.040238 0.020098 0.020070 -9999.0 -9999.0 -9999.0 -9999.0 -9999.0 -9999.0 -9999.0 -9999.0 -9999.0 -9999.0 -9999.0 -9999.0 -9999.0 -9999.0 -9999.0 -9999.0 -9999.0 -9999.0 -9999.0 -9999.0 -9999.0 -9999.0 -9999.0 -9999.0 -9999.0 -9999.0 -9999.0 -9999.0 -9999.0
-9999.0 -9999.0 -9999.0 -9999.0 -9999.0 -9999.0 -9999.0 -9999.0 -9999.0 -9999.0 -9999.0 -9999.0 -9999.0 -9999.0 -9999.0 -9999.0 -9999.0 0.202562 0.224496 0.020135 0.020076 0.040162 0.040274 0.138085 0.326557 0.046732 0.041343 0.046831 0.042515 0.050037 0.047277 0.040120 0.020080 0.020107 0.020108 0.020103 -9999.0 -9999.0 -9999.0 -9999.0 -9999.0 -9999.0 -9999.0 -9999.0 -9999.0 -9999.0 -9999.0 -9999.0 -9999.0 -9999.0 -9999.0 -9999.0 -9999.0 -9999.0 -9999.0 -9999.0 -9999.0 -9999.0 -9999.0 -9999.0 -9999.0 -9999.0 -9999.0
-9999.0 -9999.0 -9999.0 -9999.0 -9999.0 -9999.0 -9999.0 -9999.0 -9999.0 -9999.0 -9999.0 -9999.0 -9999.0 0.040209 0.111849 0.225885 0.215777 0.036860 0.210470 0.209760 0.259114 0.278248 0.242185 0.343093 0.040789 0.040202 0.020146 0.040700 0.040192 0.045820 0.053412 0.041485 0.040080 0.040082 0.020091 0.020092 -9999.0 -9999.0 -9999.0 -9999.0 -9999.0 -9999.0 -9999.0 -9999.0 -9999.0 -9999.0 -9999.0 -9999.0 -9999.0 -9999.0 -9999.0 -9999.0 -9999.0 -9999.0 -9999.0 -9999.0 -9999.0 -9999.0 -9999.0 -9999.0 -9999.0 -9999.0 -9999.0
-9999.0 -9999.0 -9999.0 -9999.0 -9999.0 -9999.0 -9999.0 -9999.0 -9999.0 -9999.0 -9999.0 -9999.0 -9999.0 0.040249 0.226306 0.232271 0.231039 0.319472 0.037003 0.232436 0.258037 0.040882 0.140889 0.083187 0.042334 0.043250 0.040297 0.020111 0.020101 0.040148 0.042692 0.040058 0.020087 0.020078 0.020082 -9999.0 -9999.0 -9999.0 -9999.0 -9999.0 -9999.0 -9999.0 -9999.0 -9999.0 -9999.0 -9999.0 -9999.0 -9999.0 -9999.0 -9999.0 -9999.0 -9999.0 -9999.0 -9999.0 -9999.0 -9999.0 -9999.0 -9999.0 -9999.0 -9999.0 -9999.0 -9999.0 -9999.0
-9999.0 -9999.0 -9999.0 -9999.0 -9999.0 -9999.0 -9999.0 -9999.0 -9999.0 -9999.0 -9999.0 -9999.0 -9999.0 0.230863 0.286582 0.202346 0.210089 0.237165 0.037179 0.246303 0.041308 0.020074 0.040182 0.040782 0.048097 0.062493 0.020139 0.020103 0.040281 0.020085 0.040063 0.020082 0.020083 0.020081 0.020076 -9999.0 -9999.0 -9999.0 -9999.0 -9999.0 -9999.0 -9999.0 -9999.0 -9999.0 -9999.0 -9999.0 -9999.0 -9999.0 -9999.0 -9999.0 -9999.0 -9999.0 -9999.0 -9999.0 -9999.0 -9999.0 -9999.0 -9999.0 -9999.0 -9999.0 -9999.0 -9999.0 -9999.0
-9999.0 -9999.0 -9999.0 -9999.0 -9999.0 -9999.0 -9999.0 -9999.0 -9999.0 -9999.0 -9999.0 -9999.0 0.077530 0.294974 0.192615 0.040200 0.041717 0.231699 0.325487 0.021804 0.108965 0.040258 0.040112 0.040923 0.040780 0.040055 0.042584 0.040167 0.040233 0.020091 0.040053 0.020095 0.040064 0.020112 -9999.0 -9999.0 -9999.0 -9999.0 -9999.0 -9999.0 -9999.0 -9999.0 -9999.0 -9999.0 -9999.0 -9999.0 -9999.0 -9999.0 -9999.0 -9999.0 -9999.0 -9999.0 -9999.0 -9999.0 -9999.0 -9999.0 -9999.0 -9999.0 -9999.0 -9999.0 -9999.0 -9999.0 -9999.0
-9999.0 -9999.0 -9999.0 -9999.0 -9999.0 -9999.0 -9999.0 -9999.0 -9999.0 -9999.0 -9999.0 0.040785 0.040368 0.220613 0.040391 0.040117 0.020057 0.217879 0.298251 0.021866 0.183164 0.240085 0.040108 0.040056 0.040120 0.040158 0.040059 0.040310 0.040832 0.020083 0.020106 0.040054 0.020073 0.020069 0.020062 0.020066 0.040032 0.040040 0.329851 -9999.0 -9999.0 -9999.0 0.020094 -9999.0 -9999.0 -9999.0 -9999.0 -9999.0 -9999.0 -9999.0 -9999.0 -9999.0 -9999.0 -9999.0 -9999.0 -9999.0 -9999.0 -9999.0 -9999.0 -9999.0 -9999.0 -9999.0 -9999.0
-9999.0 -9999.0 -9999.0 -9999.0 -9999.0 -9999.0 -9999.0 -9999.0 -9999.0 -9999.0 -9999.0 0.040239 0.040920 0.040149 0.040238 0.040042 0.094691 0.215511 0.285084 0.233164 0.290068 0.253826 0.040819 0.040099 0.040182 0.040092 0.040145 0.040236 0.020119 0.020108 0.040091 0.040067 0.040045 0.040097 0.040048 0.040041 0.214304 0.204270 0.173538 0.020044 0.020040 0.020059 0.040040 0.020111 -9999.0 -9999.0 -9999.0 0.100490 0.099453 0.020609 0.136924 0.027582 0.027933 0.185210 0.167010 0.025472 -9999.0 -9999.0 -9999.0 -9999.0 -9999.0 -9999.0 -9999.0
-9999.0 -9999.0 -9999.0 -9999.0 -9999.0 -9999.0 -9999.0 -9999.0 -9999.0 -9999.0 -9999.0 0.040304 0.040141 0.040071 0.040251 0.040040 0.040453 0.221845 0.226252 0.269070 0.228918 0.044485 0.040073 0.040476 0.040067 0.020093 0.040053 0.040181 0.020137 0.040120 0.020100 0.040048 0.040042 0.040051 0.020062 0.040058 0.112998 0.148206 0.230482 0.020034 0.181234 0.040031 0.040043 0.040065 0.040188 -9999.0 0.022435 0.103330 0.185598 0.338825 0.475133 0.020285 0.505396 0.425004 0.520000 0.231985 -9999.0 -9999.0 -9999.0 -9999.0 -9999.0 -9999.0 -9999.0
-9999.0 -9999.0 -9999.0 -9999.0 -9999.0 -9999.0 -9999.0 -9999.0 -9999.0 -9999.0 -9999.0 -9999.0 0.040324 0.040257 0.040163 0.040084 0.040199 0.204182 0.265411 0.310495 0.226176 0.127229 0.134719 0.040148 0.040055 0.040064 0.287875 0.040062 0.040097 0.020098 0.040192 0.040051 0.040072 0.040069 0.040038 0.040053 0.040024 0.056098 0.240881 0.160610 0.203070 0.020108 0.040031 0.200174 0.020115 0.042355 0.020211 0.089705 0.050095 0.048615 0.042384 0.045578 0.072468 0.044821 0.042155 0.043032 0.107862 -9999.0 -9999.0 -9999.0 -9999.0 -9999.0 -9999.0
-9999.0 -9999.0 -9999.0 -9999.0 -9999.0 -9999.0 -9999.0 -9999.0 -9999.0 -9999.0 -9999.0 0.040050 0.040125 0.040053 0.040117 0.040124 0.040725 0.186031 0.290512 0.248957 0.224550 0.213960 0.040892 0.040031 0.040068 0.040491 0.040563 0.040075 0.040199 0.020098 0.040052 0.040058 0.104250 0.040076 0.040035 0.040046 0.040025 0.040025 0.077118 0.261179 0.040109 0.255668 0.262552 0.020062 0.291670 0.043278 0.121020 0.020480 0.021148 0.043073 0.020226 0.040160 0.040619 0.020131 0.020153 0.020129 0.026538 -9999.0 -9999.0 -9999.0 -9999.0 -9999.0 -9999.0
-9999.0 -9999.0 -9999.0 -9999.0 -9999.0 -9999.0 -9999.0 -9999.0 -9999.0 -9999.0 0.040935 0.040079 0.040083 0.040102 0.040129 0.163164 0.040123 0.041211 0.220490 0.217992 0.277403 0.166562 0.040113 0.348337 0.125964 0.041976 0.040134 0.020068 0.040039 0.041234 0.040220 0.044219 0.040158 0.040049 0.020075 0.020070 0.040032 0.040042 0.069767 0.263136 0.276688 0.033690 0.021081 0.296719 0.145782 0.020132 0.137422 0.040052 0.040252 0.040422 0.020117 0.020154 0.020143 0.020140 0.020163 0.296561 0.286410 -9999.0 -9999.0 -9999.0 -9999.0 -9999.0 -9999.0
-9999.0 -9999.0 -9999.0 -9999.0 -9999.0 -9999.0 -9999.0 -9999.0 -9999.0 0.040099 0.040523 0.040424 0.112367 0.040047 0.040191 0.040246 0.040101 0.282248 0.210875 0.217141 0.266077 0.208627 0.203728 0.276968 0.051561 0.040068 0.040023 0.155823 0.040218 0.259230 0.130769 0.040053 0.020085 0.020077 0.020069 0.020086 0.040128 0.040071 0.040078 0.040524 0.115325 0.040358 0.040141 0.315241 0.296565 0.059923 0.453424 0.040054 0.042885 0.089039 0.040265 0.026787 0.020134 0.020469 0.023765 0.059723 0.092629 0.039250 0.033334 -9999.0 -9999.0 -9999.0 -9999.0
-9999.0 -9999.0 -9999.0 -9999.0 -9999.0 -9999.0 -9999.0 -9999.0 -9999.0 0.040115 0.040177 0.040114 0.291805 0.149756 0.058884 0.040081 0.243730 0.216296 0.196336 0.248446 0.265121 0.274817 0.059450 0.040821 0.040142 0.040076 0.040135 0.277800 0.297661 0.051957 0.046575 0.040036 0.040079 0.040139 0.040119 0.020055 0.020082 0.020094 0.040050 0.040237 0.040843 0.040070 0.040091 0.062307 0.360642 0.381126 0.364415 0.319661 0.243770 0.053115 0.040169 0.043084 0.020932 0.041732 0.020157 0.048106 0.066098 0.151576 0.043249 -9999.0 -9999.0 -9999.0 -9999.0
-9999.0 -9999.0 -9999.0 -9999.0 -9999.0 -9999.0 -9999.0 -9999.0 -9999.0 -9999.0 0.040182 0.040103 0.040068 0.219913 0.177244 0.098181 0.083681 0.222492 0.189209 0.273885 0.269326 0.209787 0.041262 0.040145 0.040052 0.043441 0.323617 0.313337 0.069623 0.040114 0.040071 0.040510 0.040059 0.040066 0.040660 0.040379 0.040368 0.040366 0.020093 0.040073 0.040060 0.060922 0.061268 0.040615 0.040911 0.044959 0.247811 0.065609 0.446266 0.217039 0.040429 0.040309 0.028628 0.023206 0.042202 0.040332 0.047346 0.048128 0.173842 0.152228 -9999.0 -9999.0 -9999.0
-9999.0 -9999.0 -9999.0 -9999.0 -9999.0 -9999.0 -9999.0 -9999.0 -9999.0 -9999.0 0.040177 0.040109 0.040734 0.040995 0.310834 0.208324 0.191307 0.199700 0.182864 0.271327 0.198668 0.255367 0.197618 0.114292 0.040261 0.338266 0.322515 0.040406 0.040296 0.040051 0.040066 0.041621 0.020076 0.040071 0.040069 0.040530 0.040180 0.040062 0.040056 0.040092 0.043706 0.020400 0.041382 0.040081 0.044388 0.041356 0.050484 0.044042 0.363440 0.512578 0.053179 0.045958 0.067114 0.028018 0.024679 0.030351 0.040347 0.102576 0.497442 0.508641 -9999.0 -9999.0 -9999.0
-9999.0 -9999.0 -9999.0 -9999.0 -9999.0 -9999.0 -9999.0 -9999.0 0.096857 0.040071 0.040062 0.041237 0.040146 0.040111 0.051072 0.262911 0.249485 0.259512 0.261375 0.231884 0.200825 0.199277 0.193751 0.290437 0.311332 0.300651 0.149953 0.040615 0.040674 0.040119 0.020089 0.040119 0.040105 0.040193 0.050932 0.040062 0.050838 0.040076 0.040038 0.020213 0.020148 0.040259 0.020105 0.020102 0.020719 0.153993 0.040119 0.056427 0.045406 0.481601 0.099733 0.043557 0.061761 0.055218 0.038981 0.520000 0.043958 0.370045 0.284515 0.456474 -9999.0 -9999.0 -9999.0
-9999.0 -9999.0 -9999.0 -9999.0 -9999.0 -9999.0 -9999.0 -9999.0 0.020095 0.040153 0.040023 0.040064 0.040146 0.040139 0.040193 0.183484 0.227665 0.216232 0.193069 0.277703 0.241539 0.219625 0.225625 0.261930 0.218024 0.263972 0.256049 0.041061 0.020106 0.041582 0.040989 0.020105 0.044615 0.020218 0.107246 0.135144 0.135419 0.040156 0.040132 0.121329 0.040111 0.020099 0.020119 0.190183 0.219830 0.046983 0.020197 0.040158 0.054761 0.400200 0.503266 0.051384 0.085429 0.332243 0.492777 0.021611 0.050554 0.216134 0.520000 0.475701 0.488390 -9999.0 -9999.0
-9999.0 -9999.0 -9999.0 -9999.0 -9999.0 -9999.0 -9999.0 -9999.0 0.040169 0.040336 0.235228 0.040041 0.040205 0.020084 0.141285 0.040497 0.225776 0.229695 0.199814 0.276979 0.297533 0.227027 0.219633 0.222950 0.275016 0.231590 0.252716 0.040272 0.020056 0.041283 0.020124 0.057194 0.040303 0.040054 0.184339 0.210610 0.054764 0.042937 0.040124 0.040401 0.052056 0.021013 0.139376 0.042977 0.042652 0.040701 0.021676 0.224349 0.045611 0.046073 0.405547 0.414114 0.043138 0.042196 0.203737 0.198980 0.516971 0.494192 0.462630 0.499701 0.497209 -9999.0 -9999.0
-9999.0 -9999.0 -9999.0 -9999.0 -9999.0 -9999.0 -9999.0 -9999.0 0.020102 0.040871 0.065067 0.020048 0.217332 0.040410 0.113242 0.234275 0.199233 0.279150 0.337306 0.209189 0.246072 0.378911 0.382578 0.284138 0.237678 0.311498 0.041284 0.040029 0.177865 0.040051 0.040033 0.040062 0.255320 0.040160 0.040174 0.224187 0.200930 0.054916 0.040238 0.040350 0.151710 0.217179 0.264951 0.020286 0.210933 0.025516 0.456287 0.021882 0.334822 0.045772 0.060325 0.416200 0.514911 0.200960 0.515105 0.509381 0.458762 0.520000 0.519932 0.519141 0.498824 0.510688 -9999.0
-9999.0 -9999.0 -9999.0 -9999.0 -9999.0 -9999.0 -9999.0 -9999.0 0.040371 0.042621 0.040372 0.040199 0.075681 0.255597 0.308607 0.252264 0.356518 0.229105 0.247146 0.224241 0.217121 0.386160 0.388553 0.255865 0.278870 0.270904 0.040247 0.040416 0.310809 0.287412 0.040062 0.054046 0.358203 0.040289 0.040042 0.040043 0.040073 0.272549 0.040178 0.048268 0.040070 0.040034 0.040048 0.040046 0.040137 0.314704 0.040077 0.040283 0.040254 0.235097 0.497430 0.417737 0.448147 0.489578 0.520000 0.520000 0.520000 0.520000 0.472350 0.492848 0.504326 0.238155 -9999.0
-9999.0 -9999.0 0.040077 0.041041 0.040998 0.040075 0.040052 0.040088 0.040622 0.043052 0.041130 0.281786 0.268404 0.315411 0.325194 0.340695 0.212753 0.041613 0.043207 0.176441 0.223743 0.213193 0.452335 0.520000 0.260863 0.216959 0.242153 0.268560 0.233311 0.375833 0.040870 0.061517 0.360771 0.218889 0.340057 0.054850 0.377880 0.328959 0.178300 0.040040 0.116740 0.200166 0.150903 0.135416 0.040032 0.040111 0.376891 0.433834 0.420374 0.403633 0.404571 0.454288 0.466233 0.482596 0.520000 0.520000 0.469730 0.472937 0.500411 0.487931 0.335536 0.498573 -9999.0
-9999.0 0.040098 0.040122 0.040078 0.040068 0.040143 0.041334 0.049010 0.040415 0.040300 0.048228 0.040128 0.292267 0.337629 0.378781 0.072640 0.046505 0.042261 0.040225 0.185688 0.223362 0.219562 0.520000 0.424625 0.251592 0.241501 0.261347 0.267766 0.253081 0.291232 0.293843 0.323135 0.314437 0.324940 0.305677 0.319725 0.328097 0.314755 0.334374 0.373486 0.343150 0.319481 0.331484 0.311486 0.291611 0.337440 0.360287 0.284345 0.346114 0.520000 0.503495 0.496189 0.461607 0.481538 0.483666 0.502884 0.470110 0.472421 0.100290 0.498960 0.299767 0.489540 -9999.0
-9999.0 0.054147 0.040191 0.238425 0.346511 0.150815 0.040019 0.040028 0.040594 0.040058 0.040153 0.073760 0.293148 0.395826 0.217357 0.043660 0.040305 0.040434 0.242100 0.279117 0.128951 0.229297 0.223575 0.520000 0.419201 0.397676 0.350167 0.375096 0.387610 0.217706 0.223472 0.235956 0.288228 0.300431 0.334372 0.324759 0.375498 0.389967 0.338831 0.323791 0.310675 0.306838 0.306932 0.260021 0.250633 0.253428 0.331308 0.410079 0.520000 0.520000 0.426532 0.417041 0.447883 0.442166 0.458082 0.196661 0.202588 0.180260 0.165800 0.155996 0.173755 -9999.0 -9999.0
-9999.0 0.040436 0.048215 0.213065 0.297503 0.366632 0.357613 0.040032 0.040071 0.040077 0.040145 0.296897 0.351596 0.182567 0.046982 0.042128 0.044231 0.045696 0.040853 0.097024 0.048029 0.089587 0.244835 0.422599 0.406314 0.385958 0.386745 0.390507 0.394822 0.402320 0.390808 0.321548 0.326515 0.307380 0.323291 0.355778 0.368179 0.423354 0.476704 0.444611 0.427151 0.436184 0.391511 0.378308 0.324990 0.333913 0.351587 0.363352 0.395169 0.358193 0.412144 0.201053 0.180353 0.073479 0.160738 0.069951 0.059370 0.052505 0.055480 -9999.0 -9999.0 -9999.0 -9999.0
