erum2020/resources/simulation/Vinschgau/output-maps/thetaliqL0008N0169.asc
ncols         63
nrows         48
xllcorner     598000.000000
yllcorner     5145000.000000
cellsize      1000.000000
NODATA_value  -9999.0
[rows 0 to 28 of 48, columns 0 to 62 of 63]
-9999.0 -9999.0 -9999.0 -9999.0 -9999.0 -9999.0 -9999.0 -9999.0 -9999.0 -9999.0 -9999.0 -9999.0 -9999.0 -9999.0 -9999.0 -9999.0 -9999.0 -9999.0 -9999.0 -9999.0 -9999.0 -9999.0 -9999.0 -9999.0 -9999.0 -9999.0 -9999.0 -9999.0 -9999.0 -9999.0 -9999.0 -9999.0 -9999.0 -9999.0 -9999.0 -9999.0 -9999.0 -9999.0 -9999.0 -9999.0 -9999.0 -9999.0 -9999.0 -9999.0 -9999.0 -9999.0 -9999.0 -9999.0 -9999.0 -9999.0 -9999.0 -9999.0 -9999.0 -9999.0 -9999.0 -9999.0 -9999.0 -9999.0 -9999.0 -9999.0 -9999.0 -9999.0 -9999.0
-9999.0 -9999.0 -9999.0 -9999.0 -9999.0 -9999.0 -9999.0 -9999.0 -9999.0 -9999.0 -9999.0 -9999.0 -9999.0 -9999.0 -9999.0 -9999.0 -9999.0 -9999.0 -9999.0 -9999.0 -9999.0 -9999.0 -9999.0 -9999.0 -9999.0 -9999.0 -9999.0 0.020055 0.020049 0.020037 0.020037 0.020030 0.020029 -9999.0 -9999.0 -9999.0 -9999.0 -9999.0 -9999.0 -9999.0 -9999.0 -9999.0 -9999.0 -9999.0 -9999.0 -9999.0 -9999.0 -9999.0 -9999.0 -9999.0 -9999.0 -9999.0 -9999.0 -9999.0 -9999.0 -9999.0 -9999.0 -9999.0 -9999.0 -9999.0 -9999.0 -9999.0 -9999.0
-9999.0 -9999.0 -9999.0 -9999.0 -9999.0 -9999.0 -9999.0 -9999.0 -9999.0 -9999.0 -9999.0 -9999.0 -9999.0 -9999.0 -9999.0 -9999.0 -9999.0 -9999.0 -9999.0 -9999.0 -9999.0 -9999.0 -9999.0 -9999.0 0.039621 0.020082 0.020048 0.020046 0.020053 0.020040 0.020046 -9999.0 -9999.0 -9999.0 -9999.0 -9999.0 -9999.0 -9999.0 -9999.0 -9999.0 -9999.0 -9999.0 -9999.0 -9999.0 -9999.0 -9999.0 -9999.0 -9999.0 -9999.0 -9999.0 -9999.0 -9999.0 -9999.0 -9999.0 -9999.0 -9999.0 -9999.0 -9999.0 -9999.0 -9999.0 -9999.0 -9999.0 -9999.0
-9999.0 -9999.0 -9999.0 -9999.0 -9999.0 -9999.0 -9999.0 -9999.0 -9999.0 -9999.0 -9999.0 -9999.0 -9999.0 -9999.0 -9999.0 -9999.0 -9999.0 -9999.0 -9999.0 -9999.0 -9999.0 -9999.0 -9999.0 0.020156 0.020791 0.088397 0.086772 0.079606 0.020203 0.020032 0.020036 0.020070 -9999.0 -9999.0 -9999.0 -9999.0 -9999.0 -9999.0 -9999.0 -9999.0 -9999.0 -9999.0 -9999.0 -9999.0 -9999.0 -9999.0 -9999.0 -9999.0 -9999.0 -9999.0 -9999.0 -9999.0 -9999.0 -9999.0 -9999.0 -9999.0 -9999.0 -9999.0 -9999.0 -9999.0 -9999.0 -9999.0 -9999.0
-9999.0 -9999.0 -9999.0 -9999.0 -9999.0 -9999.0 -9999.0 -9999.0 -9999.0 -9999.0 -9999.0 -9999.0 -9999.0 -9999.0 -9999.0 -9999.0 -9999.0 -9999.0 0.092472 0.086558 -9999.0 0.028103 0.029002 0.086825 0.086840 0.020022 0.051470 0.054812 0.093488 0.028755 0.020031 0.020040 0.020028 0.020025 -9999.0 -9999.0 -9999.0 -9999.0 -9999.0 -9999.0 -9999.0 -9999.0 -9999.0 -9999.0 -9999.0 -9999.0 -9999.0 -9999.0 -9999.0 -9999.0 -9999.0 -9999.0 -9999.0 -9999.0 -9999.0 -9999.0 -9999.0 -9999.0 -9999.0 -9999.0 -9999.0 -9999.0 -9999.0
-9999.0 -9999.0 -9999.0 -9999.0 -9999.0 -9999.0 -9999.0 -9999.0 -9999.0 -9999.0 -9999.0 -9999.0 -9999.0 -9999.0 -9999.0 -9999.0 -9999.0 0.126010 0.020033 0.020048 0.020064 0.081433 0.059883 0.020065 0.090986 0.020053 0.020116 0.038006 0.020072 0.047675 0.020333 0.020032 0.020028 0.020026 0.020032 0.020024 -9999.0 -9999.0 -9999.0 -9999.0 -9999.0 -9999.0 -9999.0 -9999.0 -9999.0 -9999.0 -9999.0 -9999.0 -9999.0 -9999.0 -9999.0 -9999.0 -9999.0 -9999.0 -9999.0 -9999.0 -9999.0 -9999.0 -9999.0 -9999.0 -9999.0 -9999.0 -9999.0
-9999.0 -9999.0 -9999.0 -9999.0 -9999.0 -9999.0 -9999.0 -9999.0 -9999.0 -9999.0 -9999.0 -9999.0 -9999.0 0.020169 0.079139 0.077965 0.064262 0.020039 0.111686 0.055814 0.086796 0.086819 0.020042 0.073627 0.020044 0.020063 0.020044 0.020079 0.020058 0.026454 0.020643 0.020053 0.020038 0.020024 0.020022 0.020022 -9999.0 -9999.0 -9999.0 -9999.0 -9999.0 -9999.0 -9999.0 -9999.0 -9999.0 -9999.0 -9999.0 -9999.0 -9999.0 -9999.0 -9999.0 -9999.0 -9999.0 -9999.0 -9999.0 -9999.0 -9999.0 -9999.0 -9999.0 -9999.0 -9999.0 -9999.0 -9999.0
-9999.0 -9999.0 -9999.0 -9999.0 -9999.0 -9999.0 -9999.0 -9999.0 -9999.0 -9999.0 -9999.0 -9999.0 -9999.0 0.062471 0.086845 0.081483 0.081642 0.092279 0.020034 0.020027 0.020021 0.020047 0.052240 0.020249 0.025770 0.020080 0.020044 0.020028 0.020027 0.020047 0.020131 0.020025 0.020022 0.020020 0.020020 -9999.0 -9999.0 -9999.0 -9999.0 -9999.0 -9999.0 -9999.0 -9999.0 -9999.0 -9999.0 -9999.0 -9999.0 -9999.0 -9999.0 -9999.0 -9999.0 -9999.0 -9999.0 -9999.0 -9999.0 -9999.0 -9999.0 -9999.0 -9999.0 -9999.0 -9999.0 -9999.0 -9999.0
-9999.0 -9999.0 -9999.0 -9999.0 -9999.0 -9999.0 -9999.0 -9999.0 -9999.0 -9999.0 -9999.0 -9999.0 -9999.0 0.082434 0.086839 0.090023 0.081828 0.075935 0.020035 0.317775 0.070975 0.020038 0.020459 0.022286 0.045745 0.068367 0.020043 0.020028 0.020044 0.020024 0.020026 0.020021 0.020021 0.020020 0.020019 -9999.0 -9999.0 -9999.0 -9999.0 -9999.0 -9999.0 -9999.0 -9999.0 -9999.0 -9999.0 -9999.0 -9999.0 -9999.0 -9999.0 -9999.0 -9999.0 -9999.0 -9999.0 -9999.0 -9999.0 -9999.0 -9999.0 -9999.0 -9999.0 -9999.0 -9999.0 -9999.0 -9999.0
-9999.0 -9999.0 -9999.0 -9999.0 -9999.0 -9999.0 -9999.0 -9999.0 -9999.0 -9999.0 -9999.0 -9999.0 0.060240 0.086843 0.086840 0.020065 0.084686 0.082174 0.094629 0.020027 0.046505 0.020116 0.020090 0.028378 0.079594 0.020031 0.028317 0.020072 0.020040 0.020026 0.020026 0.020031 0.020027 0.020022 -9999.0 -9999.0 -9999.0 -9999.0 -9999.0 -9999.0 -9999.0 -9999.0 -9999.0 -9999.0 -9999.0 -9999.0 -9999.0 -9999.0 -9999.0 -9999.0 -9999.0 -9999.0 -9999.0 -9999.0 -9999.0 -9999.0 -9999.0 -9999.0 -9999.0 -9999.0 -9999.0 -9999.0 -9999.0
-9999.0 -9999.0 -9999.0 -9999.0 -9999.0 -9999.0 -9999.0 -9999.0 -9999.0 -9999.0 -9999.0 0.044905 0.030265 0.088368 0.020108 0.020147 0.020039 0.082441 0.415432 0.020029 0.020041 0.086673 0.020097 0.020042 0.020081 0.020071 0.020030 0.020075 0.020063 0.020024 0.020040 0.020031 0.020027 0.020020 0.020019 0.020015 0.020013 0.020012 0.020012 -9999.0 -9999.0 -9999.0 0.020019 -9999.0 -9999.0 -9999.0 -9999.0 -9999.0 -9999.0 -9999.0 -9999.0 -9999.0 -9999.0 -9999.0 -9999.0 -9999.0 -9999.0 -9999.0 -9999.0 -9999.0 -9999.0 -9999.0 -9999.0
-9999.0 -9999.0 -9999.0 -9999.0 -9999.0 -9999.0 -9999.0 -9999.0 -9999.0 -9999.0 -9999.0 0.020661 0.035051 0.054746 0.063369 0.020062 0.067992 0.022339 0.408547 0.407230 0.086832 0.086811 0.022046 0.020103 0.020107 0.020047 0.020055 0.020052 0.020049 0.020028 0.020033 0.020027 0.020022 0.020027 0.020018 0.020015 0.020013 0.020013 0.020012 0.020010 0.020011 0.020014 0.020018 0.020022 -9999.0 -9999.0 -9999.0 0.358776 0.056000 0.033914 0.074364 0.046057 0.045734 0.391563 0.395866 0.043163 -9999.0 -9999.0 -9999.0 -9999.0 -9999.0 -9999.0 -9999.0
-9999.0 -9999.0 -9999.0 -9999.0 -9999.0 -9999.0 -9999.0 -9999.0 -9999.0 -9999.0 -9999.0 0.024783 0.021181 0.020046 0.080201 0.020063 0.044687 0.026182 0.070353 0.399541 0.356490 0.034328 0.031209 0.020866 0.020040 0.020041 0.020085 0.020052 0.020032 0.020043 0.020027 0.020028 0.020026 0.020022 0.020016 0.020012 0.020016 0.020024 0.020026 0.020014 0.020012 0.020012 0.020018 0.020020 0.020041 -9999.0 0.020050 0.042163 0.061250 0.082298 0.051120 0.024597 0.086832 0.086871 0.086869 0.086846 -9999.0 -9999.0 -9999.0 -9999.0 -9999.0 -9999.0 -9999.0
-9999.0 -9999.0 -9999.0 -9999.0 -9999.0 -9999.0 -9999.0 -9999.0 -9999.0 -9999.0 -9999.0 -9999.0 0.029130 0.077901 0.086472 0.061874 0.020465 0.021045 0.091214 0.406461 0.022101 0.040003 0.054776 0.036170 0.020056 0.020188 0.086808 0.020036 0.020044 0.020044 0.020045 0.020030 0.020026 0.020024 0.020018 0.020013 0.020016 0.020020 0.020027 0.020017 0.020013 0.020013 0.020015 0.020073 0.020026 0.020099 0.020107 0.037566 0.023030 0.020116 0.083773 0.081119 0.363102 0.086482 0.051019 0.049997 0.086527 -9999.0 -9999.0 -9999.0 -9999.0 -9999.0 -9999.0
-9999.0 -9999.0 -9999.0 -9999.0 -9999.0 -9999.0 -9999.0 -9999.0 -9999.0 -9999.0 -9999.0 0.079312 0.020158 0.020096 0.055217 0.057516 0.057177 0.020089 0.086842 0.176091 0.020048 0.082339 0.061329 0.020072 0.024458 0.072182 0.073948 0.020037 0.020051 0.020040 0.020040 0.020036 0.020041 0.020026 0.020017 0.020014 0.020011 0.020017 0.040020 0.020019 0.020014 0.020016 0.020016 0.020017 0.022342 0.020109 0.027863 0.020076 0.022909 0.020034 0.020074 0.020098 0.028337 0.020053 0.020083 0.020056 0.051901 -9999.0 -9999.0 -9999.0 -9999.0 -9999.0 -9999.0
-9999.0 -9999.0 -9999.0 -9999.0 -9999.0 -9999.0 -9999.0 -9999.0 -9999.0 -9999.0 0.086250 0.052665 0.082466 0.020274 0.086571 0.065399 0.020095 0.028888 0.081984 0.319464 0.424315 0.368650 0.027445 0.086786 0.067129 0.082813 0.020055 0.020030 0.020178 0.049416 0.020209 0.020058 0.020041 0.020025 0.020018 0.020016 0.020013 0.020015 0.020021 0.020025 0.020024 0.020015 0.020018 0.040335 0.020040 0.020028 0.031571 0.020039 0.020944 0.020086 0.020082 0.020056 0.020062 0.020052 0.020063 0.086803 0.086801 -9999.0 -9999.0 -9999.0 -9999.0 -9999.0 -9999.0
-9999.0 -9999.0 -9999.0 -9999.0 -9999.0 -9999.0 -9999.0 -9999.0 -9999.0 0.020102 0.086118 0.086036 0.063836 0.038448 0.086454 0.020228 0.020255 0.086747 0.020050 0.176755 0.398612 0.020232 0.020095 0.031923 0.084681 0.020046 0.020041 0.064405 0.020773 0.040600 0.020029 0.020032 0.020023 0.020021 0.020021 0.020018 0.020019 0.020016 0.020016 0.020015 0.020022 0.020024 0.020024 0.020032 0.020017 0.020029 0.073936 0.020043 0.020064 0.087596 0.020083 0.037688 0.020048 0.020108 0.037630 0.057958 0.086616 0.079213 0.072335 -9999.0 -9999.0 -9999.0 -9999.0
-9999.0 -9999.0 -9999.0 -9999.0 -9999.0 -9999.0 -9999.0 -9999.0 -9999.0 0.020088 0.020141 0.020117 0.086838 0.061345 0.069038 0.058352 0.086807 0.037217 0.020030 0.395871 0.396095 0.020024 0.086341 0.081091 0.020054 0.020146 0.044065 0.052544 0.020027 0.053963 0.020045 0.020028 0.020035 0.020045 0.020028 0.020021 0.020019 0.020019 0.020021 0.020028 0.031281 0.020029 0.020038 0.020025 0.212517 0.020024 0.020021 0.020023 0.026261 0.020066 0.020194 0.027198 0.020124 0.020864 0.020066 0.086388 0.086489 0.086582 0.074970 -9999.0 -9999.0 -9999.0 -9999.0
-9999.0 -9999.0 -9999.0 -9999.0 -9999.0 -9999.0 -9999.0 -9999.0 -9999.0 -9999.0 0.020140 0.020124 0.022748 0.339175 0.020134 0.075962 0.083373 0.082935 0.020042 0.307907 0.402730 0.020052 0.082816 0.046524 0.020168 0.043705 0.020024 0.020020 0.020065 0.020065 0.020046 0.066694 0.020037 0.020034 0.020038 0.020049 0.020066 0.020032 0.020024 0.020026 0.020025 0.020081 0.020050 0.020070 0.020030 0.020022 0.020032 0.091018 0.020022 0.020030 0.020082 0.028047 0.047752 0.020169 0.045795 0.020170 0.063104 0.057388 0.083448 0.086781 -9999.0 -9999.0 -9999.0
-9999.0 -9999.0 -9999.0 -9999.0 -9999.0 -9999.0 -9999.0 -9999.0 -9999.0 -9999.0 0.020133 0.020135 0.033592 0.074334 0.423615 0.041943 0.027259 0.070311 0.020060 0.306336 0.020043 0.020105 0.064338 0.047235 0.049352 0.020020 0.020030 0.020179 0.020073 0.020034 0.020036 0.025764 0.020031 0.020035 0.020035 0.020047 0.020033 0.020030 0.020028 0.020038 0.020117 0.020076 0.020451 0.020044 0.085760 0.020194 0.046247 0.020042 0.020027 0.020023 0.020034 0.045046 0.078300 0.047405 0.025165 0.057335 0.020212 0.086693 0.020026 0.095885 -9999.0 -9999.0 -9999.0
-9999.0 -9999.0 -9999.0 -9999.0 -9999.0 -9999.0 -9999.0 -9999.0 0.084949 0.052491 0.020070 0.035299 0.021846 0.020451 0.064291 0.354136 0.020027 0.020034 0.365468 0.350002 0.020053 0.020037 0.020022 0.020055 0.020065 0.020033 0.091411 0.020083 0.022069 0.020053 0.020027 0.020040 0.020055 0.020071 0.020403 0.020031 0.023842 0.020039 0.020030 0.020069 0.020041 0.020072 0.020036 0.020033 0.020299 0.079213 0.020065 0.079897 0.020047 0.389580 0.057168 0.021364 0.086328 0.038850 0.056446 0.086846 0.074550 0.086801 0.020094 0.020027 -9999.0 -9999.0 -9999.0
-9999.0 -9999.0 -9999.0 -9999.0 -9999.0 -9999.0 -9999.0 -9999.0 0.020071 0.069772 0.020058 0.020052 0.020102 0.036272 0.061758 0.038230 0.076949 0.062777 0.020055 0.375315 0.373870 0.312157 0.020037 0.020022 0.020034 0.020041 0.072976 0.020112 0.020038 0.020170 0.020224 0.020047 0.024544 0.020107 0.063583 0.058732 0.020137 0.020091 0.020049 0.036077 0.020060 0.020032 0.020039 0.057506 0.051805 0.057904 0.020055 0.020083 0.022601 0.040765 0.020025 0.047287 0.070208 0.086847 0.028717 0.020071 0.042356 0.020539 0.020023 0.429993 0.429998 -9999.0 -9999.0
-9999.0 -9999.0 -9999.0 -9999.0 -9999.0 -9999.0 -9999.0 -9999.0 0.020092 0.020782 0.073953 0.020064 0.033182 0.020051 0.086545 0.020085 0.020023 0.020052 0.020055 0.375885 0.390099 0.328797 0.031215 0.022355 0.060797 0.020033 0.029014 0.020079 0.020027 0.020058 0.020053 0.044103 0.020057 0.020038 0.082451 0.062290 0.030873 0.020044 0.020069 0.020453 0.026373 0.020337 0.083550 0.034849 0.028693 0.021518 0.038575 0.086626 0.047007 0.020077 0.387821 0.020050 0.020090 0.020102 0.020041 0.028837 0.020026 0.020026 0.020060 0.427759 0.429998 -9999.0 -9999.0
-9999.0 -9999.0 -9999.0 -9999.0 -9999.0 -9999.0 -9999.0 -9999.0 0.020034 0.021010 0.393284 0.020040 0.086633 0.086639 0.030366 0.020025 0.020038 0.020057 0.281841 0.287706 0.335439 0.428996 0.429902 0.406785 0.083742 0.083886 0.084687 0.020049 0.086710 0.042414 0.020055 0.020068 0.020090 0.037823 0.020092 0.027835 0.020761 0.069344 0.020050 0.020089 0.050117 0.068866 0.073041 0.020073 0.086540 0.036019 0.086569 0.030559 0.086683 0.020075 0.081728 0.020035 0.020025 0.094223 0.020023 0.020023 0.020037 0.387881 0.430000 0.429998 0.079662 0.093706 -9999.0
-9999.0 -9999.0 -9999.0 -9999.0 -9999.0 -9999.0 -9999.0 -9999.0 0.022386 0.051072 0.086652 0.072830 0.075601 0.020068 0.068856 0.035569 0.412634 0.020044 0.067120 0.044968 0.020058 0.428288 0.428338 0.376866 0.020055 0.082519 0.020567 0.076851 0.063357 0.077685 0.020229 0.086736 0.020027 0.077145 0.020059 0.020085 0.020191 0.082313 0.020031 0.020440 0.020059 0.020065 0.020168 0.020064 0.020080 0.062968 0.020075 0.029344 0.026314 0.020030 0.020024 0.020020 0.020035 0.020027 0.020034 0.400420 0.428531 0.428995 0.428380 0.020041 0.020025 0.095319 -9999.0
-9999.0 -9999.0 0.020115 0.047336 0.041006 0.023845 0.054635 0.020214 0.034571 0.060399 0.044585 0.405975 0.059287 0.086701 0.020049 0.414800 0.020044 0.021832 0.030817 0.083079 0.047486 0.020297 0.427953 0.328896 0.313544 0.020024 0.047401 0.020075 0.020021 0.086744 0.061171 0.083456 0.095392 0.020042 0.020064 0.020068 0.020071 0.040363 0.020045 0.020753 0.020139 0.020039 0.020025 0.060874 0.020354 0.030846 0.020042 0.079357 0.020022 0.020033 0.020035 0.413792 0.428456 0.428295 0.428830 0.424538 0.395506 0.059860 0.020029 0.020027 0.099236 0.100047 -9999.0
-9999.0 0.070955 0.069938 0.067373 0.043336 0.085845 0.039389 0.032747 0.029552 0.021397 0.043890 0.085509 0.420602 0.430000 0.430000 0.083035 0.033739 0.036593 0.086392 0.068525 0.020247 0.020030 0.378708 0.427248 0.041590 0.020034 0.020066 0.020082 0.020027 0.020053 0.020025 0.020052 0.025003 0.060988 0.020035 0.060342 0.020035 0.020037 0.086992 0.076328 0.020034 0.020027 0.020026 0.020038 0.020031 0.020021 0.300856 0.020043 0.020043 0.377415 0.428804 0.429313 0.379794 0.367177 0.366522 0.059758 0.093636 0.094597 0.096761 0.095673 0.100066 0.101196 -9999.0
-9999.0 0.054676 0.086626 0.086701 0.421288 0.086661 0.028087 0.020099 0.028330 0.020097 0.033556 0.084407 0.066645 0.430000 0.020083 0.030488 0.023335 0.020270 0.086752 0.042126 0.094742 0.083110 0.195438 0.362493 0.395268 0.429537 0.083918 0.428137 0.427898 0.020042 0.020054 0.020050 0.020042 0.299041 0.400334 0.375961 0.429955 0.429692 0.095510 0.094386 0.088170 0.425128 0.020035 0.034621 0.035277 0.020088 0.403878 0.428862 0.429719 0.428965 0.026997 0.020044 0.092536 0.020143 0.039709 0.091713 0.085386 0.086063 0.086126 0.087185 0.088916 -9999.0 -9999.0
-9999.0 0.025999 0.020199 0.076209 0.020040 0.429977 0.418918 0.069826 0.049919 0.060431 0.086670 0.046169 0.084598 0.419471 0.086058 0.033734 0.043959 0.050947 0.020527 0.055094 0.085022 0.061086 0.084765 0.429964 0.429354 0.428572 0.428888 0.428724 0.428924 0.428704 0.418933 0.380791 0.387830 0.307298 0.398117 0.415714 0.424540 0.427781 0.429628 0.429915 0.430000 0.429995 0.430000 0.422816 0.399750 0.397846 0.396656 0.382315 0.358380 0.020038 0.063333 0.086283 0.087146 0.093321 0.085904 0.086212 0.086333 0.086459 0.086459 -9999.0 -9999.0 -9999.0 -9999.0
