erum2020/resources/simulation/Vinschgau/output-maps/thetaliqL0005N1426.asc
ncols         63
nrows         48
xllcorner     598000.000000
yllcorner     5145000.000000
cellsize      1000.000000
NODATA_value  -9999.0
[rows 0 to 28 of 48, columns 0 to 62 of 63]
-9999.0 -9999.0 -9999.0 -9999.0 -9999.0 -9999.0 -9999.0 -9999.0 -9999.0 -9999.0 -9999.0 -9999.0 -9999.0 -9999.0 -9999.0 -9999.0 -9999.0 -9999.0 -9999.0 -9999.0 -9999.0 -9999.0 -9999.0 -9999.0 -9999.0 -9999.0 -9999.0 -9999.0 -9999.0 -9999.0 -9999.0 -9999.0 -9999.0 -9999.0 -9999.0 -9999.0 -9999.0 -9999.0 -9999.0 -9999.0 -9999.0 -9999.0 -9999.0 -9999.0 -9999.0 -9999.0 -9999.0 -9999.0 -9999.0 -9999.0 -9999.0 -9999.0 -9999.0 -9999.0 -9999.0 -9999.0 -9999.0 -9999.0 -9999.0 -9999.0 -9999.0 -9999.0 -9999.0
-9999.0 -9999.0 -9999.0 -9999.0 -9999.0 -9999.0 -9999.0 -9999.0 -9999.0 -9999.0 -9999.0 -9999.0 -9999.0 -9999.0 -9999.0 -9999.0 -9999.0 -9999.0 -9999.0 -9999.0 -9999.0 -9999.0 -9999.0 -9999.0 -9999.0 -9999.0 -9999.0 0.020142 0.041166 0.020290 0.040254 0.020122 0.020061 -9999.0 -9999.0 -9999.0 -9999.0 -9999.0 -9999.0 -9999.0 -9999.0 -9999.0 -9999.0 -9999.0 -9999.0 -9999.0 -9999.0 -9999.0 -9999.0 -9999.0 -9999.0 -9999.0 -9999.0 -9999.0 -9999.0 -9999.0 -9999.0 -9999.0 -9999.0 -9999.0 -9999.0 -9999.0 -9999.0
-9999.0 -9999.0 -9999.0 -9999.0 -9999.0 -9999.0 -9999.0 -9999.0 -9999.0 -9999.0 -9999.0 -9999.0 -9999.0 -9999.0 -9999.0 -9999.0 -9999.0 -9999.0 -9999.0 -9999.0 -9999.0 -9999.0 -9999.0 -9999.0 0.138858 0.167465 0.203642 0.139129 0.219620 0.159618 0.040216 -9999.0 -9999.0 -9999.0 -9999.0 -9999.0 -9999.0 -9999.0 -9999.0 -9999.0 -9999.0 -9999.0 -9999.0 -9999.0 -9999.0 -9999.0 -9999.0 -9999.0 -9999.0 -9999.0 -9999.0 -9999.0 -9999.0 -9999.0 -9999.0 -9999.0 -9999.0 -9999.0 -9999.0 -9999.0 -9999.0 -9999.0 -9999.0
-9999.0 -9999.0 -9999.0 -9999.0 -9999.0 -9999.0 -9999.0 -9999.0 -9999.0 -9999.0 -9999.0 -9999.0 -9999.0 -9999.0 -9999.0 -9999.0 -9999.0 -9999.0 -9999.0 -9999.0 -9999.0 -9999.0 -9999.0 0.176005 0.184708 0.083669 0.074003 0.058951 0.059136 0.124505 0.040224 0.040104 -9999.0 -9999.0 -9999.0 -9999.0 -9999.0 -9999.0 -9999.0 -9999.0 -9999.0 -9999.0 -9999.0 -9999.0 -9999.0 -9999.0 -9999.0 -9999.0 -9999.0 -9999.0 -9999.0 -9999.0 -9999.0 -9999.0 -9999.0 -9999.0 -9999.0 -9999.0 -9999.0 -9999.0 -9999.0 -9999.0 -9999.0
-9999.0 -9999.0 -9999.0 -9999.0 -9999.0 -9999.0 -9999.0 -9999.0 -9999.0 -9999.0 -9999.0 -9999.0 -9999.0 -9999.0 -9999.0 -9999.0 -9999.0 -9999.0 0.166345 0.168357 -9999.0 0.190801 0.178224 0.060026 0.078386 0.060011 0.136001 0.118922 0.124076 0.090931 0.110757 0.040258 0.020095 0.020072 -9999.0 -9999.0 -9999.0 -9999.0 -9999.0 -9999.0 -9999.0 -9999.0 -9999.0 -9999.0 -9999.0 -9999.0 -9999.0 -9999.0 -9999.0 -9999.0 -9999.0 -9999.0 -9999.0 -9999.0 -9999.0 -9999.0 -9999.0 -9999.0 -9999.0 -9999.0 -9999.0 -9999.0 -9999.0
-9999.0 -9999.0 -9999.0 -9999.0 -9999.0 -9999.0 -9999.0 -9999.0 -9999.0 -9999.0 -9999.0 -9999.0 -9999.0 -9999.0 -9999.0 -9999.0 -9999.0 0.083677 0.073983 0.020552 0.060282 0.158305 0.089425 0.061921 0.116714 0.153183 0.045884 0.107386 0.057818 0.141053 0.181269 0.127171 0.021144 0.020142 0.020086 0.020066 -9999.0 -9999.0 -9999.0 -9999.0 -9999.0 -9999.0 -9999.0 -9999.0 -9999.0 -9999.0 -9999.0 -9999.0 -9999.0 -9999.0 -9999.0 -9999.0 -9999.0 -9999.0 -9999.0 -9999.0 -9999.0 -9999.0 -9999.0 -9999.0 -9999.0 -9999.0 -9999.0
-9999.0 -9999.0 -9999.0 -9999.0 -9999.0 -9999.0 -9999.0 -9999.0 -9999.0 -9999.0 -9999.0 -9999.0 -9999.0 0.098932 0.083163 0.087450 0.079974 0.022592 0.084831 0.060784 0.078245 0.080074 0.060839 0.085879 0.164783 0.179799 0.020176 0.047806 0.041615 0.172644 0.040071 0.218196 0.042032 0.040301 0.020115 0.020058 -9999.0 -9999.0 -9999.0 -9999.0 -9999.0 -9999.0 -9999.0 -9999.0 -9999.0 -9999.0 -9999.0 -9999.0 -9999.0 -9999.0 -9999.0 -9999.0 -9999.0 -9999.0 -9999.0 -9999.0 -9999.0 -9999.0 -9999.0 -9999.0 -9999.0 -9999.0 -9999.0
-9999.0 -9999.0 -9999.0 -9999.0 -9999.0 -9999.0 -9999.0 -9999.0 -9999.0 -9999.0 -9999.0 -9999.0 -9999.0 0.135541 0.075272 0.082092 0.080822 0.134583 0.022587 0.073740 0.064103 0.061178 0.080031 0.105868 0.086140 0.065975 0.041130 0.020199 0.020112 0.040327 0.041802 0.040281 0.020100 0.020057 0.020076 -9999.0 -9999.0 -9999.0 -9999.0 -9999.0 -9999.0 -9999.0 -9999.0 -9999.0 -9999.0 -9999.0 -9999.0 -9999.0 -9999.0 -9999.0 -9999.0 -9999.0 -9999.0 -9999.0 -9999.0 -9999.0 -9999.0 -9999.0 -9999.0 -9999.0 -9999.0 -9999.0 -9999.0
-9999.0 -9999.0 -9999.0 -9999.0 -9999.0 -9999.0 -9999.0 -9999.0 -9999.0 -9999.0 -9999.0 -9999.0 -9999.0 0.073354 0.430000 0.081810 0.082069 0.081596 0.022573 0.083049 0.107936 0.020773 0.141961 0.092513 0.082952 0.085398 0.021090 0.020102 0.040122 0.020089 0.040209 0.020048 0.020050 0.020015 0.020055 -9999.0 -9999.0 -9999.0 -9999.0 -9999.0 -9999.0 -9999.0 -9999.0 -9999.0 -9999.0 -9999.0 -9999.0 -9999.0 -9999.0 -9999.0 -9999.0 -9999.0 -9999.0 -9999.0 -9999.0 -9999.0 -9999.0 -9999.0 -9999.0 -9999.0 -9999.0 -9999.0 -9999.0
-9999.0 -9999.0 -9999.0 -9999.0 -9999.0 -9999.0 -9999.0 -9999.0 -9999.0 -9999.0 -9999.0 -9999.0 0.060781 0.430000 0.074114 0.081199 0.097082 0.084622 0.115624 0.020512 0.078547 0.113322 0.021596 0.098072 0.040064 0.041129 0.040025 0.040200 0.042291 0.020093 0.040027 0.020092 0.040064 0.020053 -9999.0 -9999.0 -9999.0 -9999.0 -9999.0 -9999.0 -9999.0 -9999.0 -9999.0 -9999.0 -9999.0 -9999.0 -9999.0 -9999.0 -9999.0 -9999.0 -9999.0 -9999.0 -9999.0 -9999.0 -9999.0 -9999.0 -9999.0 -9999.0 -9999.0 -9999.0 -9999.0 -9999.0 -9999.0
-9999.0 -9999.0 -9999.0 -9999.0 -9999.0 -9999.0 -9999.0 -9999.0 -9999.0 -9999.0 -9999.0 0.139081 0.080305 0.282014 0.074549 0.123975 0.020501 0.082655 0.152744 0.020436 0.065239 0.095460 0.105531 0.041741 0.070887 0.082921 0.040101 0.041201 0.040058 0.020062 0.020090 0.046694 0.020115 0.020078 0.020088 0.020125 0.040107 0.040227 0.020239 -9999.0 -9999.0 -9999.0 0.020078 -9999.0 -9999.0 -9999.0 -9999.0 -9999.0 -9999.0 -9999.0 -9999.0 -9999.0 -9999.0 -9999.0 -9999.0 -9999.0 -9999.0 -9999.0 -9999.0 -9999.0 -9999.0 -9999.0 -9999.0
-9999.0 -9999.0 -9999.0 -9999.0 -9999.0 -9999.0 -9999.0 -9999.0 -9999.0 -9999.0 -9999.0 0.138130 0.078414 0.058639 0.070827 0.090814 0.068651 0.072345 0.147388 0.099056 0.114917 0.104543 0.221030 0.040049 0.040122 0.041176 0.040278 0.103340 0.020328 0.020074 0.040366 0.178659 0.040090 0.040043 0.040038 0.040354 0.134859 0.060275 0.040229 0.020082 0.020084 0.020080 0.040282 0.020097 -9999.0 -9999.0 -9999.0 0.040024 0.040029 0.020075 0.040036 0.020048 0.020047 0.040019 0.040022 0.020044 -9999.0 -9999.0 -9999.0 -9999.0 -9999.0 -9999.0 -9999.0
-9999.0 -9999.0 -9999.0 -9999.0 -9999.0 -9999.0 -9999.0 -9999.0 -9999.0 -9999.0 -9999.0 0.143177 0.132817 0.068874 0.163783 0.088774 0.083350 0.075803 0.080988 0.098764 0.138403 0.136416 0.040171 0.168442 0.041160 0.020154 0.040137 0.040020 0.020127 0.040042 0.020113 0.040093 0.122647 0.040046 0.020098 0.136626 0.040297 0.040154 0.078201 0.020114 0.041036 0.020117 0.120376 0.041220 0.040040 -9999.0 0.020054 0.040041 0.040269 0.042686 0.026591 0.020863 0.020901 0.040238 0.020212 0.040048 -9999.0 -9999.0 -9999.0 -9999.0 -9999.0 -9999.0 -9999.0
-9999.0 -9999.0 -9999.0 -9999.0 -9999.0 -9999.0 -9999.0 -9999.0 -9999.0 -9999.0 -9999.0 -9999.0 0.145216 0.212280 0.130524 0.130816 0.113137 0.077619 0.139597 0.100185 0.086094 0.074538 0.068781 0.040342 0.040035 0.040116 0.430000 0.021197 0.040240 0.020100 0.040285 0.040136 0.037719 0.040202 0.040083 0.041309 0.040141 0.040164 0.152723 0.020884 0.100505 0.021202 0.040339 0.218341 0.020108 0.040039 0.020073 0.040045 0.040036 0.040288 0.041430 0.040155 0.040019 0.040058 0.040032 0.041220 0.040052 -9999.0 -9999.0 -9999.0 -9999.0 -9999.0 -9999.0
-9999.0 -9999.0 -9999.0 -9999.0 -9999.0 -9999.0 -9999.0 -9999.0 -9999.0 -9999.0 -9999.0 0.040287 0.171342 0.086091 0.223769 0.122456 0.087623 0.086701 0.102786 0.107910 0.081491 0.136233 0.304264 0.040118 0.040140 0.040232 0.040313 0.040211 0.040192 0.020196 0.040119 0.040072 0.142618 0.040219 0.040036 0.040345 0.040325 0.040351 0.155144 0.083114 0.040344 0.105169 0.198652 0.020417 0.121346 0.040223 0.041432 0.020229 0.021259 0.021830 0.020048 0.040237 0.040018 0.020030 0.020026 0.020047 0.020093 -9999.0 -9999.0 -9999.0 -9999.0 -9999.0 -9999.0
-9999.0 -9999.0 -9999.0 -9999.0 -9999.0 -9999.0 -9999.0 -9999.0 -9999.0 -9999.0 0.429894 0.041282 0.177985 0.164283 0.142266 0.428098 0.423624 0.150080 0.090061 0.111899 0.119343 0.167472 0.040371 0.179456 0.076865 0.040052 0.040059 0.020036 0.021695 0.124682 0.046349 0.040081 0.146668 0.040213 0.020055 0.020115 0.098816 0.040215 0.043410 0.352321 0.180044 0.030058 0.155474 0.193174 0.048951 0.020244 0.041624 0.040443 0.042164 0.104253 0.020034 0.020061 0.020024 0.020037 0.020042 0.040214 0.040227 -9999.0 -9999.0 -9999.0 -9999.0 -9999.0 -9999.0
-9999.0 -9999.0 -9999.0 -9999.0 -9999.0 -9999.0 -9999.0 -9999.0 -9999.0 0.041266 0.244142 0.042806 0.076297 0.040297 0.053688 0.063100 0.042855 0.142163 0.076525 0.105107 0.113714 0.099424 0.095493 0.100774 0.285663 0.040068 0.040030 0.150403 0.041276 0.117293 0.345017 0.020097 0.020121 0.020068 0.020085 0.020114 0.140972 0.040107 0.040169 0.044348 0.040435 0.040820 0.040524 0.110780 0.101119 0.044701 0.119005 0.040234 0.040248 0.330572 0.020106 0.020089 0.020034 0.020036 0.020047 0.040016 0.040029 0.020101 0.020051 -9999.0 -9999.0 -9999.0 -9999.0
-9999.0 -9999.0 -9999.0 -9999.0 -9999.0 -9999.0 -9999.0 -9999.0 -9999.0 0.020890 0.041207 0.115355 0.430000 0.174106 0.041434 0.040287 0.169056 0.112751 0.074857 0.099556 0.104579 0.080173 0.139166 0.221169 0.040116 0.040088 0.040346 0.088738 0.245534 0.224297 0.115848 0.040039 0.041320 0.040055 0.040255 0.020111 0.020136 0.020443 0.041177 0.135143 0.040206 0.040063 0.040489 0.185351 0.146639 0.132346 0.096401 0.079335 0.142673 0.205316 0.020053 0.040009 0.020035 0.040016 0.020077 0.040012 0.040032 0.040059 0.020143 -9999.0 -9999.0 -9999.0 -9999.0
-9999.0 -9999.0 -9999.0 -9999.0 -9999.0 -9999.0 -9999.0 -9999.0 -9999.0 -9999.0 0.040271 0.137019 0.066748 0.040296 0.140881 0.042868 0.154921 0.088823 0.073268 0.093836 0.107679 0.068774 0.098655 0.041562 0.040134 0.047704 0.315472 0.182221 0.148595 0.040058 0.040042 0.040022 0.040016 0.040186 0.106054 0.145171 0.193049 0.200242 0.020133 0.040329 0.040247 0.220568 0.430000 0.049617 0.149902 0.194609 0.081954 0.139393 0.062787 0.101391 0.020086 0.020061 0.020044 0.020035 0.040015 0.040038 0.180437 0.040051 0.054558 0.067050 -9999.0 -9999.0 -9999.0
-9999.0 -9999.0 -9999.0 -9999.0 -9999.0 -9999.0 -9999.0 -9999.0 -9999.0 -9999.0 0.040239 0.042045 0.202762 0.115354 0.226251 0.142426 0.169214 0.101909 0.083641 0.084608 0.085094 0.082244 0.078238 0.040898 0.049023 0.269276 0.202098 0.188131 0.040084 0.040018 0.040300 0.255308 0.020042 0.040061 0.040339 0.210888 0.040058 0.043697 0.040055 0.040194 0.041267 0.133237 0.040328 0.112897 0.228196 0.020703 0.121891 0.137453 0.078634 0.066295 0.381407 0.040047 0.040013 0.020050 0.020031 0.020037 0.040036 0.040212 0.310698 0.258186 -9999.0 -9999.0 -9999.0
-9999.0 -9999.0 -9999.0 -9999.0 -9999.0 -9999.0 -9999.0 -9999.0 0.180571 0.040269 0.020122 0.210048 0.040157 0.040496 0.051487 0.173855 0.064443 0.080073 0.080146 0.082915 0.079748 0.072552 0.073815 0.078340 0.120473 0.214059 0.243081 0.040192 0.040080 0.040019 0.020068 0.040322 0.040385 0.040088 0.041393 0.041220 0.111775 0.066155 0.040027 0.020110 0.020241 0.220171 0.020048 0.020126 0.022616 0.430000 0.040031 0.040401 0.160608 0.185785 0.280829 0.020257 0.040021 0.040008 0.020041 0.020123 0.020112 0.214356 0.110599 0.095882 -9999.0 -9999.0 -9999.0
-9999.0 -9999.0 -9999.0 -9999.0 -9999.0 -9999.0 -9999.0 -9999.0 0.020049 0.040142 0.040025 0.040194 0.041286 0.040036 0.040154 0.183940 0.089199 0.080249 0.062969 0.082487 0.143548 0.091749 0.083322 0.077325 0.074909 0.115576 0.256562 0.041334 0.020043 0.040201 0.040051 0.020130 0.041599 0.020142 0.179200 0.204768 0.112688 0.335290 0.040662 0.104272 0.040290 0.020132 0.020152 0.111213 0.426671 0.040227 0.020041 0.054598 0.041428 0.196944 0.247377 0.041204 0.040016 0.040040 0.020924 0.020124 0.040144 0.138252 0.069192 0.110560 0.085634 -9999.0 -9999.0
-9999.0 -9999.0 -9999.0 -9999.0 -9999.0 -9999.0 -9999.0 -9999.0 0.040311 0.041854 0.041627 0.040017 0.259919 0.020052 0.040232 0.040207 0.135055 0.081061 0.071977 0.143213 0.082210 0.091175 0.083034 0.081660 0.088468 0.080239 0.234313 0.040090 0.020037 0.040429 0.020167 0.242445 0.040051 0.020126 0.228453 0.119007 0.164676 0.165827 0.065512 0.040379 0.094611 0.020209 0.164641 0.041246 0.040103 0.157140 0.020110 0.041502 0.040038 0.123196 0.180051 0.316079 0.040027 0.040017 0.040565 0.185754 0.326716 0.137836 0.076062 0.110606 0.100841 -9999.0 -9999.0
-9999.0 -9999.0 -9999.0 -9999.0 -9999.0 -9999.0 -9999.0 -9999.0 0.020080 0.112472 0.040397 0.020038 0.140775 0.040090 0.020696 0.265645 0.066239 0.072978 0.110603 0.083039 0.083349 0.083729 0.093165 0.092817 0.091629 0.131745 0.054657 0.040041 0.201342 0.040482 0.040247 0.041005 0.059273 0.365525 0.021130 0.104762 0.096533 0.078487 0.142568 0.069246 0.121814 0.117493 0.122653 0.021762 0.050860 0.020221 0.025419 0.020445 0.041262 0.040179 0.203751 0.136543 0.285641 0.041030 0.396319 0.277870 0.100638 0.130602 0.111152 0.103651 0.090962 0.129740 -9999.0
-9999.0 -9999.0 -9999.0 -9999.0 -9999.0 -9999.0 -9999.0 -9999.0 0.040027 0.171306 0.040031 0.040061 0.040619 0.044543 0.332932 0.144686 0.166107 0.086914 0.117632 0.079554 0.083630 0.086525 0.084552 0.084604 0.080821 0.137970 0.040113 0.046790 0.195197 0.429279 0.041061 0.289082 0.077341 0.189471 0.090599 0.066378 0.063443 0.074529 0.066352 0.118292 0.078425 0.022318 0.101312 0.031561 0.040204 0.117937 0.041007 0.061521 0.040709 0.258344 0.074235 0.114540 0.135953 0.157505 0.220283 0.219458 0.157419 0.126756 0.114424 0.075705 0.080273 0.136743 -9999.0
-9999.0 -9999.0 0.020955 0.149239 0.040016 0.040070 0.040025 0.040031 0.040175 0.041392 0.040149 0.040407 0.045656 0.429995 0.137053 0.416616 0.098263 0.040092 0.040362 0.179739 0.079868 0.084719 0.097655 0.081976 0.089124 0.085352 0.148980 0.151584 0.096019 0.126092 0.109965 0.124694 0.117237 0.080827 0.081844 0.076980 0.079892 0.072149 0.064529 0.068100 0.062115 0.061806 0.068186 0.083800 0.152041 0.078962 0.145346 0.176457 0.064680 0.084676 0.081863 0.118071 0.150389 0.180023 0.203600 0.185139 0.163259 0.122161 0.080707 0.088098 0.129218 0.147762 -9999.0
-9999.0 0.040314 0.040262 0.040179 0.040083 0.040233 0.040023 0.040022 0.040014 0.040179 0.040039 0.040176 0.320855 0.242055 0.430000 0.040946 0.040127 0.040049 0.040104 0.160196 0.081301 0.076679 0.119508 0.111635 0.084605 0.084371 0.089510 0.091005 0.080577 0.095690 0.079953 0.081284 0.080777 0.089488 0.075783 0.081715 0.071490 0.070044 0.081534 0.081966 0.074319 0.076532 0.070924 0.074794 0.077159 0.076042 0.106735 0.073025 0.075434 0.101728 0.112016 0.136236 0.162960 0.204290 0.210633 0.326898 0.296699 0.271428 0.322596 0.242717 0.212659 0.150502 -9999.0
-9999.0 0.205653 0.081168 0.064703 0.240540 0.042510 0.040028 0.040017 0.040085 0.020117 0.040027 0.040091 0.247084 0.320790 0.045840 0.040027 0.040025 0.040037 0.040766 0.121909 0.237465 0.148938 0.133937 0.138809 0.162849 0.148072 0.078349 0.085385 0.080043 0.071448 0.070867 0.071279 0.083841 0.090663 0.091805 0.082964 0.132798 0.129758 0.080893 0.080547 0.080809 0.085342 0.071558 0.078112 0.075122 0.069710 0.090370 0.088359 0.091607 0.098123 0.099285 0.148004 0.236203 0.326122 0.430000 0.067877 0.040515 0.050558 0.067245 0.044860 0.079211 -9999.0 -9999.0
-9999.0 0.086219 0.059401 0.051620 0.279209 0.246044 0.257378 0.040055 0.040046 0.040050 0.040160 0.090653 0.233233 0.399666 0.040064 0.040018 0.040019 0.040074 0.040057 0.040562 0.042207 0.072910 0.135916 0.173011 0.168172 0.110356 0.100908 0.096922 0.084134 0.089383 0.082217 0.081784 0.086499 0.085080 0.083495 0.082376 0.081990 0.128110 0.081750 0.081634 0.081721 0.132420 0.082389 0.081090 0.081217 0.084977 0.086796 0.092115 0.105044 0.098897 0.136857 0.213000 0.087441 0.429495 0.042192 0.040086 0.040082 0.040055 0.040062 -9999.0 -9999.0 -9999.0 -9999.0
