erum2020/resources/simulation/Vinschgau/output-maps/thetaliqL0008N0387.asc
ncols         63
nrows         48
xllcorner     598000.000000
yllcorner     5145000.000000
cellsize      1000.000000
NODATA_value  -9999.0
[rows 0 to 28 of 48, columns 0 to 62 of 63]
-9999.0 -9999.0 -9999.0 -9999.0 -9999.0 -9999.0 -9999.0 -9999.0 -9999.0 -9999.0 -9999.0 -9999.0 -9999.0 -9999.0 -9999.0 -9999.0 -9999.0 -9999.0 -9999.0 -9999.0 -9999.0 -9999.0 -9999.0 -9999.0 -9999.0 -9999.0 -9999.0 -9999.0 -9999.0 -9999.0 -9999.0 -9999.0 -9999.0 -9999.0 -9999.0 -9999.0 -9999.0 -9999.0 -9999.0 -9999.0 -9999.0 -9999.0 -9999.0 -9999.0 -9999.0 -9999.0 -9999.0 -9999.0 -9999.0 -9999.0 -9999.0 -9999.0 -9999.0 -9999.0 -9999.0 -9999.0 -9999.0 -9999.0 -9999.0 -9999.0 -9999.0 -9999.0 -9999.0
-9999.0 -9999.0 -9999.0 -9999.0 -9999.0 -9999.0 -9999.0 -9999.0 -9999.0 -9999.0 -9999.0 -9999.0 -9999.0 -9999.0 -9999.0 -9999.0 -9999.0 -9999.0 -9999.0 -9999.0 -9999.0 -9999.0 -9999.0 -9999.0 -9999.0 -9999.0 -9999.0 0.021192 0.032056 0.054001 0.020152 0.020413 0.020323 -9999.0 -9999.0 -9999.0 -9999.0 -9999.0 -9999.0 -9999.0 -9999.0 -9999.0 -9999.0 -9999.0 -9999.0 -9999.0 -9999.0 -9999.0 -9999.0 -9999.0 -9999.0 -9999.0 -9999.0 -9999.0 -9999.0 -9999.0 -9999.0 -9999.0 -9999.0 -9999.0 -9999.0 -9999.0 -9999.0
-9999.0 -9999.0 -9999.0 -9999.0 -9999.0 -9999.0 -9999.0 -9999.0 -9999.0 -9999.0 -9999.0 -9999.0 -9999.0 -9999.0 -9999.0 -9999.0 -9999.0 -9999.0 -9999.0 -9999.0 -9999.0 -9999.0 -9999.0 -9999.0 0.026325 0.075748 0.086255 0.078528 0.081299 0.068475 0.020126 -9999.0 -9999.0 -9999.0 -9999.0 -9999.0 -9999.0 -9999.0 -9999.0 -9999.0 -9999.0 -9999.0 -9999.0 -9999.0 -9999.0 -9999.0 -9999.0 -9999.0 -9999.0 -9999.0 -9999.0 -9999.0 -9999.0 -9999.0 -9999.0 -9999.0 -9999.0 -9999.0 -9999.0 -9999.0 -9999.0 -9999.0 -9999.0
-9999.0 -9999.0 -9999.0 -9999.0 -9999.0 -9999.0 -9999.0 -9999.0 -9999.0 -9999.0 -9999.0 -9999.0 -9999.0 -9999.0 -9999.0 -9999.0 -9999.0 -9999.0 -9999.0 -9999.0 -9999.0 -9999.0 -9999.0 0.058849 0.086267 0.024078 0.081036 0.086181 0.079669 0.083415 0.026957 0.020086 -9999.0 -9999.0 -9999.0 -9999.0 -9999.0 -9999.0 -9999.0 -9999.0 -9999.0 -9999.0 -9999.0 -9999.0 -9999.0 -9999.0 -9999.0 -9999.0 -9999.0 -9999.0 -9999.0 -9999.0 -9999.0 -9999.0 -9999.0 -9999.0 -9999.0 -9999.0 -9999.0 -9999.0 -9999.0 -9999.0 -9999.0
-9999.0 -9999.0 -9999.0 -9999.0 -9999.0 -9999.0 -9999.0 -9999.0 -9999.0 -9999.0 -9999.0 -9999.0 -9999.0 -9999.0 -9999.0 -9999.0 -9999.0 -9999.0 0.094928 0.086276 -9999.0 0.036789 0.086262 0.082557 0.073204 0.085735 0.051897 0.043482 0.092816 0.055255 0.086249 0.023966 0.036484 0.020050 -9999.0 -9999.0 -9999.0 -9999.0 -9999.0 -9999.0 -9999.0 -9999.0 -9999.0 -9999.0 -9999.0 -9999.0 -9999.0 -9999.0 -9999.0 -9999.0 -9999.0 -9999.0 -9999.0 -9999.0 -9999.0 -9999.0 -9999.0 -9999.0 -9999.0 -9999.0 -9999.0 -9999.0 -9999.0
-9999.0 -9999.0 -9999.0 -9999.0 -9999.0 -9999.0 -9999.0 -9999.0 -9999.0 -9999.0 -9999.0 -9999.0 -9999.0 -9999.0 -9999.0 -9999.0 -9999.0 0.071434 0.057180 0.086002 0.086201 0.020845 0.047496 0.072509 0.095913 0.020733 0.020157 0.020171 0.020189 0.021377 0.086268 0.081069 0.086194 0.056680 0.020072 0.020220 -9999.0 -9999.0 -9999.0 -9999.0 -9999.0 -9999.0 -9999.0 -9999.0 -9999.0 -9999.0 -9999.0 -9999.0 -9999.0 -9999.0 -9999.0 -9999.0 -9999.0 -9999.0 -9999.0 -9999.0 -9999.0 -9999.0 -9999.0 -9999.0 -9999.0 -9999.0 -9999.0
-9999.0 -9999.0 -9999.0 -9999.0 -9999.0 -9999.0 -9999.0 -9999.0 -9999.0 -9999.0 -9999.0 -9999.0 -9999.0 0.020574 0.022092 0.021833 0.028892 0.086225 0.066856 0.086158 0.086283 0.086284 0.085987 0.086314 0.020581 0.020122 0.020176 0.020114 0.020261 0.020116 0.020337 0.020093 0.020082 0.020143 0.020115 0.020103 -9999.0 -9999.0 -9999.0 -9999.0 -9999.0 -9999.0 -9999.0 -9999.0 -9999.0 -9999.0 -9999.0 -9999.0 -9999.0 -9999.0 -9999.0 -9999.0 -9999.0 -9999.0 -9999.0 -9999.0 -9999.0 -9999.0 -9999.0 -9999.0 -9999.0 -9999.0 -9999.0
-9999.0 -9999.0 -9999.0 -9999.0 -9999.0 -9999.0 -9999.0 -9999.0 -9999.0 -9999.0 -9999.0 -9999.0 -9999.0 0.052442 0.045075 0.021573 0.021569 0.095301 0.086209 0.086268 0.037420 0.086256 0.046832 0.021263 0.033877 0.022166 0.035220 0.020253 0.020476 0.020299 0.020115 0.020191 0.020199 0.020059 0.020120 -9999.0 -9999.0 -9999.0 -9999.0 -9999.0 -9999.0 -9999.0 -9999.0 -9999.0 -9999.0 -9999.0 -9999.0 -9999.0 -9999.0 -9999.0 -9999.0 -9999.0 -9999.0 -9999.0 -9999.0 -9999.0 -9999.0 -9999.0 -9999.0 -9999.0 -9999.0 -9999.0 -9999.0
-9999.0 -9999.0 -9999.0 -9999.0 -9999.0 -9999.0 -9999.0 -9999.0 -9999.0 -9999.0 -9999.0 -9999.0 -9999.0 0.055629 0.086329 0.046211 0.020584 0.021809 0.086202 0.146136 0.086276 0.020405 0.020549 0.020200 0.020597 0.020282 0.059662 0.020543 0.022224 0.020183 0.020200 0.020037 0.020058 0.020020 0.020061 -9999.0 -9999.0 -9999.0 -9999.0 -9999.0 -9999.0 -9999.0 -9999.0 -9999.0 -9999.0 -9999.0 -9999.0 -9999.0 -9999.0 -9999.0 -9999.0 -9999.0 -9999.0 -9999.0 -9999.0 -9999.0 -9999.0 -9999.0 -9999.0 -9999.0 -9999.0 -9999.0 -9999.0
-9999.0 -9999.0 -9999.0 -9999.0 -9999.0 -9999.0 -9999.0 -9999.0 -9999.0 -9999.0 -9999.0 -9999.0 0.032701 0.086365 0.020881 0.020278 0.020235 0.021804 0.100026 0.085627 0.065628 0.020124 0.020194 0.020155 0.021086 0.020337 0.020169 0.020073 0.063171 0.020379 0.020103 0.020110 0.020300 0.020081 -9999.0 -9999.0 -9999.0 -9999.0 -9999.0 -9999.0 -9999.0 -9999.0 -9999.0 -9999.0 -9999.0 -9999.0 -9999.0 -9999.0 -9999.0 -9999.0 -9999.0 -9999.0 -9999.0 -9999.0 -9999.0 -9999.0 -9999.0 -9999.0 -9999.0 -9999.0 -9999.0 -9999.0 -9999.0
-9999.0 -9999.0 -9999.0 -9999.0 -9999.0 -9999.0 -9999.0 -9999.0 -9999.0 -9999.0 -9999.0 0.020105 0.020469 0.021936 0.020112 0.020118 0.020099 0.021190 0.430000 0.085766 0.025388 0.045907 0.031389 0.020284 0.020817 0.020086 0.020273 0.026376 0.029448 0.020234 0.020074 0.078816 0.020196 0.020048 0.020314 0.050006 0.086210 0.086220 0.086243 -9999.0 -9999.0 -9999.0 0.020040 -9999.0 -9999.0 -9999.0 -9999.0 -9999.0 -9999.0 -9999.0 -9999.0 -9999.0 -9999.0 -9999.0 -9999.0 -9999.0 -9999.0 -9999.0 -9999.0 -9999.0 -9999.0 -9999.0 -9999.0
-9999.0 -9999.0 -9999.0 -9999.0 -9999.0 -9999.0 -9999.0 -9999.0 -9999.0 -9999.0 -9999.0 0.020088 0.020117 0.022210 0.020211 0.020291 0.028693 0.027181 0.430000 0.430000 0.086312 0.086259 0.035047 0.020118 0.020150 0.020123 0.044197 0.076161 0.023732 0.020194 0.056706 0.086247 0.065913 0.020045 0.020076 0.078574 0.086244 0.086239 0.086258 0.086230 0.086212 0.024554 0.069122 0.020091 -9999.0 -9999.0 -9999.0 0.254902 0.020835 0.020200 0.020161 0.021300 0.021646 0.349870 0.358072 0.021645 -9999.0 -9999.0 -9999.0 -9999.0 -9999.0 -9999.0 -9999.0
-9999.0 -9999.0 -9999.0 -9999.0 -9999.0 -9999.0 -9999.0 -9999.0 -9999.0 -9999.0 -9999.0 0.020129 0.020399 0.020268 0.020119 0.020090 0.020481 0.021097 0.086300 0.430000 0.054422 0.062417 0.022326 0.054252 0.020570 0.064179 0.023311 0.020317 0.020113 0.020136 0.020180 0.020345 0.086243 0.020079 0.027700 0.086234 0.027945 0.086132 0.086240 0.086210 0.086259 0.086216 0.086221 0.085619 0.020057 -9999.0 0.020687 0.020123 0.035367 0.086097 0.086258 0.086259 0.086258 0.086533 0.074705 0.081268 -9999.0 -9999.0 -9999.0 -9999.0 -9999.0 -9999.0 -9999.0
-9999.0 -9999.0 -9999.0 -9999.0 -9999.0 -9999.0 -9999.0 -9999.0 -9999.0 -9999.0 -9999.0 -9999.0 0.020369 0.020142 0.034702 0.020373 0.020195 0.021327 0.097675 0.430000 0.037396 0.086248 0.086241 0.032245 0.020318 0.022199 0.086317 0.020129 0.020099 0.020155 0.045659 0.020508 0.082323 0.027670 0.020042 0.085613 0.021995 0.056660 0.086228 0.086231 0.086260 0.086220 0.034613 0.086272 0.065104 0.020093 0.020077 0.020180 0.020213 0.038115 0.070618 0.021233 0.275267 0.063149 0.021080 0.020959 0.027866 -9999.0 -9999.0 -9999.0 -9999.0 -9999.0 -9999.0
-9999.0 -9999.0 -9999.0 -9999.0 -9999.0 -9999.0 -9999.0 -9999.0 -9999.0 -9999.0 -9999.0 0.020274 0.020536 0.020150 0.020849 0.020978 0.022281 0.021045 0.086336 0.170634 0.057696 0.032378 0.027044 0.027176 0.022194 0.056303 0.020564 0.020403 0.043456 0.067604 0.022384 0.027638 0.086261 0.024051 0.020050 0.043205 0.073238 0.032869 0.045107 0.086234 0.086233 0.086244 0.086244 0.086119 0.086256 0.020272 0.053709 0.083899 0.078444 0.086240 0.021010 0.020781 0.020842 0.020777 0.020878 0.020508 0.021740 -9999.0 -9999.0 -9999.0 -9999.0 -9999.0 -9999.0
-9999.0 -9999.0 -9999.0 -9999.0 -9999.0 -9999.0 -9999.0 -9999.0 -9999.0 -9999.0 0.020679 0.020694 0.048630 0.020222 0.053170 0.046533 0.020752 0.020738 0.060710 0.233630 0.430000 0.365700 0.045782 0.086292 0.086265 0.021973 0.020193 0.020471 0.086238 0.086256 0.058130 0.020878 0.029415 0.020053 0.020063 0.026142 0.086199 0.020857 0.021822 0.086221 0.085943 0.086214 0.086029 0.049106 0.050856 0.086235 0.058416 0.061216 0.077772 0.086254 0.020553 0.020881 0.020786 0.020694 0.020850 0.059545 0.059437 -9999.0 -9999.0 -9999.0 -9999.0 -9999.0 -9999.0
-9999.0 -9999.0 -9999.0 -9999.0 -9999.0 -9999.0 -9999.0 -9999.0 -9999.0 0.020777 0.020176 0.020349 0.043030 0.020640 0.021436 0.020549 0.020160 0.086281 0.062284 0.230616 0.430000 0.060485 0.061054 0.086263 0.024527 0.020601 0.021951 0.086256 0.086236 0.086261 0.086261 0.020245 0.020175 0.020187 0.020050 0.020141 0.027269 0.020808 0.020253 0.023426 0.031826 0.020520 0.021223 0.065282 0.058681 0.086218 0.086256 0.086231 0.061246 0.054298 0.039776 0.020778 0.020523 0.021185 0.021568 0.020490 0.074885 0.028033 0.022009 -9999.0 -9999.0 -9999.0 -9999.0
-9999.0 -9999.0 -9999.0 -9999.0 -9999.0 -9999.0 -9999.0 -9999.0 -9999.0 0.020199 0.020857 0.020148 0.086389 0.072347 0.041753 0.020847 0.086288 0.086253 0.055927 0.422513 0.430000 0.086350 0.088521 0.086277 0.020943 0.043674 0.086259 0.086262 0.086284 0.046673 0.086255 0.020341 0.020078 0.020060 0.054969 0.086209 0.086230 0.086227 0.020066 0.048140 0.020197 0.020093 0.062095 0.076752 0.118490 0.090812 0.086262 0.086140 0.086205 0.086260 0.020393 0.020258 0.021246 0.021136 0.021070 0.039328 0.025764 0.069161 0.086253 -9999.0 -9999.0 -9999.0 -9999.0
-9999.0 -9999.0 -9999.0 -9999.0 -9999.0 -9999.0 -9999.0 -9999.0 -9999.0 -9999.0 0.020382 0.020243 0.021028 0.046832 0.086221 0.067636 0.072436 0.086275 0.048915 0.393707 0.430000 0.059723 0.039728 0.028624 0.039433 0.086259 0.086289 0.086278 0.086257 0.020210 0.020166 0.020489 0.020197 0.020347 0.086242 0.086260 0.086265 0.086263 0.070856 0.020128 0.020143 0.086259 0.086079 0.020312 0.020728 0.022232 0.055583 0.080391 0.085341 0.086169 0.026681 0.038566 0.020237 0.021404 0.020841 0.021193 0.021438 0.086246 0.086205 0.086284 -9999.0 -9999.0 -9999.0
-9999.0 -9999.0 -9999.0 -9999.0 -9999.0 -9999.0 -9999.0 -9999.0 -9999.0 -9999.0 0.020311 0.020175 0.020202 0.021882 0.430000 0.056780 0.066226 0.065692 0.043234 0.372600 0.054178 0.060256 0.063137 0.086252 0.086259 0.086291 0.092612 0.059813 0.020591 0.020341 0.020552 0.020264 0.020642 0.020575 0.020305 0.020116 0.064268 0.035309 0.020439 0.020222 0.020138 0.052902 0.020148 0.020404 0.020215 0.020565 0.020890 0.030291 0.055738 0.085737 0.085179 0.044642 0.021157 0.020276 0.021487 0.020679 0.021001 0.029019 0.052028 0.099634 -9999.0 -9999.0 -9999.0
-9999.0 -9999.0 -9999.0 -9999.0 -9999.0 -9999.0 -9999.0 -9999.0 0.086270 0.084118 0.020311 0.020172 0.020668 0.021106 0.021252 0.217275 0.050430 0.086359 0.382744 0.360991 0.035310 0.037387 0.053511 0.062500 0.086266 0.066226 0.095439 0.021027 0.020926 0.020119 0.020437 0.020322 0.020122 0.020278 0.020108 0.020286 0.044039 0.043200 0.020110 0.020066 0.020221 0.020181 0.020497 0.020523 0.075468 0.048526 0.020357 0.020382 0.059626 0.298537 0.086264 0.064716 0.024638 0.020278 0.022927 0.086281 0.086257 0.086300 0.086191 0.034469 -9999.0 -9999.0 -9999.0
-9999.0 -9999.0 -9999.0 -9999.0 -9999.0 -9999.0 -9999.0 -9999.0 0.020377 0.041202 0.021695 0.020828 0.020414 0.021337 0.021089 0.047335 0.066225 0.066421 0.024488 0.366715 0.429809 0.411530 0.092953 0.086314 0.042742 0.055957 0.030886 0.047389 0.020334 0.026314 0.020087 0.067581 0.022530 0.020181 0.020491 0.049456 0.086258 0.075205 0.021429 0.032196 0.020789 0.020159 0.020892 0.036188 0.086267 0.020240 0.020818 0.020597 0.028877 0.064183 0.086263 0.086261 0.021408 0.086318 0.086258 0.086183 0.086232 0.086220 0.085578 0.430000 0.421337 -9999.0 -9999.0
-9999.0 -9999.0 -9999.0 -9999.0 -9999.0 -9999.0 -9999.0 -9999.0 0.020772 0.071711 0.086265 0.020275 0.077178 0.020206 0.078109 0.065202 0.060739 0.086264 0.025462 0.430000 0.368528 0.418087 0.092197 0.089328 0.102099 0.057176 0.062961 0.021034 0.033004 0.086244 0.072831 0.086265 0.020841 0.022669 0.041881 0.086257 0.021227 0.064407 0.020660 0.020542 0.020181 0.020218 0.020143 0.020213 0.020562 0.020584 0.020327 0.020550 0.020337 0.071840 0.430000 0.086277 0.067203 0.073418 0.086222 0.086293 0.086302 0.086298 0.086229 0.430000 0.430000 -9999.0 -9999.0
-9999.0 -9999.0 -9999.0 -9999.0 -9999.0 -9999.0 -9999.0 -9999.0 0.020908 0.053951 0.245438 0.035900 0.086277 0.039886 0.061685 0.061186 0.036856 0.021944 0.374258 0.340648 0.380898 0.412766 0.429729 0.429918 0.062825 0.069231 0.035459 0.030269 0.086283 0.084558 0.048601 0.056251 0.086163 0.086257 0.023357 0.086257 0.086256 0.067292 0.037001 0.021468 0.020305 0.051438 0.062266 0.086248 0.021629 0.049395 0.086258 0.086259 0.086256 0.086237 0.073423 0.035021 0.086273 0.083586 0.086308 0.086310 0.086248 0.430000 0.430000 0.430000 0.101164 0.069457 -9999.0
-9999.0 -9999.0 -9999.0 -9999.0 -9999.0 -9999.0 -9999.0 -9999.0 0.020100 0.043197 0.067535 0.062898 0.063182 0.064212 0.086331 0.092318 0.332470 0.065282 0.054789 0.063744 0.050775 0.417287 0.422096 0.423035 0.086308 0.065018 0.049130 0.086267 0.086272 0.086273 0.031245 0.081591 0.086168 0.086271 0.085402 0.086242 0.086245 0.062321 0.060569 0.086257 0.083120 0.086215 0.086238 0.086215 0.026251 0.086258 0.086240 0.086224 0.086237 0.086161 0.085808 0.041780 0.036453 0.086299 0.086469 0.430000 0.430000 0.430000 0.430000 0.086270 0.052577 0.080147 -9999.0
-9999.0 -9999.0 0.078136 0.063173 0.020580 0.022162 0.022544 0.021297 0.048865 0.020997 0.029445 0.179819 0.064125 0.086287 0.086465 0.367712 0.071214 0.020840 0.021297 0.051754 0.061207 0.044207 0.430000 0.403001 0.400543 0.052764 0.062907 0.063588 0.056716 0.086319 0.067138 0.046615 0.100564 0.064053 0.086288 0.066226 0.086291 0.055275 0.060344 0.067291 0.086217 0.086166 0.055754 0.086259 0.059407 0.086225 0.086293 0.022759 0.085609 0.086276 0.086290 0.430000 0.430000 0.430000 0.430000 0.430000 0.430000 0.101435 0.086290 0.057155 0.112590 0.094879 -9999.0
-9999.0 0.055081 0.046967 0.037200 0.037901 0.039966 0.021216 0.020190 0.020143 0.020167 0.021342 0.042798 0.428308 0.430000 0.430000 0.074273 0.021570 0.020731 0.032866 0.067751 0.053933 0.040557 0.430000 0.430000 0.096610 0.089660 0.095057 0.097105 0.086223 0.091432 0.086279 0.086280 0.086274 0.102729 0.086282 0.094375 0.086294 0.039591 0.101110 0.094863 0.086287 0.086281 0.086227 0.057344 0.058197 0.055016 0.399017 0.031546 0.086278 0.430000 0.430000 0.430000 0.430000 0.430000 0.418188 0.098526 0.075890 0.072877 0.103933 0.104669 0.101745 0.100947 -9999.0
-9999.0 0.062821 0.073331 0.086283 0.429886 0.075433 0.021476 0.021086 0.062736 0.086240 0.030779 0.069417 0.061211 0.430000 0.068748 0.021287 0.020474 0.024077 0.086279 0.064394 0.098022 0.066304 0.374895 0.430000 0.430000 0.430000 0.026252 0.423070 0.430000 0.020441 0.020369 0.022768 0.095036 0.430000 0.430000 0.430000 0.430000 0.430000 0.111102 0.104051 0.105182 0.430000 0.086285 0.034115 0.025645 0.020188 0.430000 0.430000 0.430000 0.430000 0.097566 0.074132 0.082848 0.075329 0.064032 0.076719 0.071895 0.057101 0.041317 0.080295 0.085258 -9999.0 -9999.0
-9999.0 0.020949 0.024990 0.021555 0.060481 0.430000 0.430000 0.024398 0.046397 0.037517 0.077436 0.064104 0.086308 0.430000 0.026007 0.020967 0.020255 0.020856 0.021009 0.051806 0.061847 0.071471 0.066201 0.430000 0.430000 0.430000 0.430000 0.430000 0.429599 0.430000 0.416995 0.360069 0.430000 0.430000 0.430000 0.430000 0.430000 0.430000 0.430000 0.430000 0.430000 0.430000 0.430000 0.389350 0.360154 0.430000 0.430000 0.430000 0.413852 0.064461 0.066392 0.088648 0.051741 0.096424 0.051401 0.050017 0.066070 0.080348 0.082452 -9999.0 -9999.0 -9999.0 -9999.0
