erum2020/resources/simulation/Vinschgau/output-maps/thetaliqL0001N1051.asc
ncols         63
nrows         48
xllcorner     598000.000000
yllcorner     5145000.000000
cellsize      1000.000000
NODATA_value  -9999.0
[rows 0 to 28 of 48, columns 0 to 62 of 63]
-9999.0 -9999.0 -9999.0 -9999.0 -9999.0 -9999.0 -9999.0 -9999.0 -9999.0 -9999.0 -9999.0 -9999.0 -9999.0 -9999.0 -9999.0 -9999.0 -9999.0 -9999.0 -9999.0 -9999.0 -9999.0 -9999.0 -9999.0 -9999.0 -9999.0 -9999.0 -9999.0 -9999.0 -9999.0 -9999.0 -9999.0 -9999.0 -9999.0 -9999.0 -9999.0 -9999.0 -9999.0 -9999.0 -9999.0 -9999.0 -9999.0 -9999.0 -9999.0 -9999.0 -9999.0 -9999.0 -9999.0 -9999.0 -9999.0 -9999.0 -9999.0 -9999.0 -9999.0 -9999.0 -9999.0 -9999.0 -9999.0 -9999.0 -9999.0 -9999.0 -9999.0 -9999.0 -9999.0
-9999.0 -9999.0 -9999.0 -9999.0 -9999.0 -9999.0 -9999.0 -9999.0 -9999.0 -9999.0 -9999.0 -9999.0 -9999.0 -9999.0 -9999.0 -9999.0 -9999.0 -9999.0 -9999.0 -9999.0 -9999.0 -9999.0 -9999.0 -9999.0 -9999.0 -9999.0 -9999.0 0.020074 0.040000 0.020127 0.040001 0.040020 0.040000 -9999.0 -9999.0 -9999.0 -9999.0 -9999.0 -9999.0 -9999.0 -9999.0 -9999.0 -9999.0 -9999.0 -9999.0 -9999.0 -9999.0 -9999.0 -9999.0 -9999.0 -9999.0 -9999.0 -9999.0 -9999.0 -9999.0 -9999.0 -9999.0 -9999.0 -9999.0 -9999.0 -9999.0 -9999.0 -9999.0
-9999.0 -9999.0 -9999.0 -9999.0 -9999.0 -9999.0 -9999.0 -9999.0 -9999.0 -9999.0 -9999.0 -9999.0 -9999.0 -9999.0 -9999.0 -9999.0 -9999.0 -9999.0 -9999.0 -9999.0 -9999.0 -9999.0 -9999.0 -9999.0 0.040882 0.040913 0.040000 0.040854 0.040000 0.040000 0.040029 -9999.0 -9999.0 -9999.0 -9999.0 -9999.0 -9999.0 -9999.0 -9999.0 -9999.0 -9999.0 -9999.0 -9999.0 -9999.0 -9999.0 -9999.0 -9999.0 -9999.0 -9999.0 -9999.0 -9999.0 -9999.0 -9999.0 -9999.0 -9999.0 -9999.0 -9999.0 -9999.0 -9999.0 -9999.0 -9999.0 -9999.0 -9999.0
-9999.0 -9999.0 -9999.0 -9999.0 -9999.0 -9999.0 -9999.0 -9999.0 -9999.0 -9999.0 -9999.0 -9999.0 -9999.0 -9999.0 -9999.0 -9999.0 -9999.0 -9999.0 -9999.0 -9999.0 -9999.0 -9999.0 -9999.0 0.041068 0.040287 0.193640 0.174958 0.082612 0.353140 0.048955 0.040000 0.040020 -9999.0 -9999.0 -9999.0 -9999.0 -9999.0 -9999.0 -9999.0 -9999.0 -9999.0 -9999.0 -9999.0 -9999.0 -9999.0 -9999.0 -9999.0 -9999.0 -9999.0 -9999.0 -9999.0 -9999.0 -9999.0 -9999.0 -9999.0 -9999.0 -9999.0 -9999.0 -9999.0 -9999.0 -9999.0 -9999.0 -9999.0
-9999.0 -9999.0 -9999.0 -9999.0 -9999.0 -9999.0 -9999.0 -9999.0 -9999.0 -9999.0 -9999.0 -9999.0 -9999.0 -9999.0 -9999.0 -9999.0 -9999.0 -9999.0 0.385099 0.060234 -9999.0 0.040162 0.040272 0.174778 0.223276 0.081302 0.358867 0.399601 0.473742 0.189232 0.040978 0.040026 0.020035 0.020028 -9999.0 -9999.0 -9999.0 -9999.0 -9999.0 -9999.0 -9999.0 -9999.0 -9999.0 -9999.0 -9999.0 -9999.0 -9999.0 -9999.0 -9999.0 -9999.0 -9999.0 -9999.0 -9999.0 -9999.0 -9999.0 -9999.0 -9999.0 -9999.0 -9999.0 -9999.0 -9999.0 -9999.0 -9999.0
-9999.0 -9999.0 -9999.0 -9999.0 -9999.0 -9999.0 -9999.0 -9999.0 -9999.0 -9999.0 -9999.0 -9999.0 -9999.0 -9999.0 -9999.0 -9999.0 -9999.0 0.068807 0.070645 0.123167 0.020660 0.112912 0.195454 0.367317 0.354404 0.120846 0.040452 0.171271 0.045989 0.435514 0.108565 0.041627 0.020086 0.020001 0.020031 0.020052 -9999.0 -9999.0 -9999.0 -9999.0 -9999.0 -9999.0 -9999.0 -9999.0 -9999.0 -9999.0 -9999.0 -9999.0 -9999.0 -9999.0 -9999.0 -9999.0 -9999.0 -9999.0 -9999.0 -9999.0 -9999.0 -9999.0 -9999.0 -9999.0 -9999.0 -9999.0 -9999.0
-9999.0 -9999.0 -9999.0 -9999.0 -9999.0 -9999.0 -9999.0 -9999.0 -9999.0 -9999.0 -9999.0 -9999.0 -9999.0 0.154293 0.367402 0.073467 0.069405 0.022673 0.069515 0.073105 0.157151 0.284570 0.216658 0.362742 0.063322 0.097891 0.020105 0.040025 0.040034 0.050448 0.040121 0.040245 0.040000 0.040032 0.020152 0.020026 -9999.0 -9999.0 -9999.0 -9999.0 -9999.0 -9999.0 -9999.0 -9999.0 -9999.0 -9999.0 -9999.0 -9999.0 -9999.0 -9999.0 -9999.0 -9999.0 -9999.0 -9999.0 -9999.0 -9999.0 -9999.0 -9999.0 -9999.0 -9999.0 -9999.0 -9999.0 -9999.0
-9999.0 -9999.0 -9999.0 -9999.0 -9999.0 -9999.0 -9999.0 -9999.0 -9999.0 -9999.0 -9999.0 -9999.0 -9999.0 0.327742 0.129455 0.070802 0.070243 0.189699 0.022668 0.076077 0.070303 0.138517 0.193031 0.317211 0.472141 0.168632 0.040489 0.020083 0.020043 0.040040 0.040023 0.040000 0.020037 0.020019 0.020110 -9999.0 -9999.0 -9999.0 -9999.0 -9999.0 -9999.0 -9999.0 -9999.0 -9999.0 -9999.0 -9999.0 -9999.0 -9999.0 -9999.0 -9999.0 -9999.0 -9999.0 -9999.0 -9999.0 -9999.0 -9999.0 -9999.0 -9999.0 -9999.0 -9999.0 -9999.0 -9999.0 -9999.0
-9999.0 -9999.0 -9999.0 -9999.0 -9999.0 -9999.0 -9999.0 -9999.0 -9999.0 -9999.0 -9999.0 -9999.0 -9999.0 0.081895 0.520000 0.074137 0.071259 0.070867 0.022659 0.069767 0.238609 0.190096 0.197349 0.051431 0.355903 0.340418 0.020264 0.020039 0.040021 0.020021 0.040028 0.020018 0.020017 0.020015 0.020136 -9999.0 -9999.0 -9999.0 -9999.0 -9999.0 -9999.0 -9999.0 -9999.0 -9999.0 -9999.0 -9999.0 -9999.0 -9999.0 -9999.0 -9999.0 -9999.0 -9999.0 -9999.0 -9999.0 -9999.0 -9999.0 -9999.0 -9999.0 -9999.0 -9999.0 -9999.0 -9999.0 -9999.0
-9999.0 -9999.0 -9999.0 -9999.0 -9999.0 -9999.0 -9999.0 -9999.0 -9999.0 -9999.0 -9999.0 -9999.0 0.230785 0.520000 0.091203 0.304996 0.107885 0.073262 0.143505 0.022774 0.247137 0.120290 0.040538 0.045419 0.040115 0.040101 0.040047 0.040028 0.040000 0.020000 0.040005 0.020034 0.040051 0.020024 -9999.0 -9999.0 -9999.0 -9999.0 -9999.0 -9999.0 -9999.0 -9999.0 -9999.0 -9999.0 -9999.0 -9999.0 -9999.0 -9999.0 -9999.0 -9999.0 -9999.0 -9999.0 -9999.0 -9999.0 -9999.0 -9999.0 -9999.0 -9999.0 -9999.0 -9999.0 -9999.0 -9999.0 -9999.0
-9999.0 -9999.0 -9999.0 -9999.0 -9999.0 -9999.0 -9999.0 -9999.0 -9999.0 -9999.0 -9999.0 0.132954 0.292576 0.520000 0.123911 0.461736 0.022737 0.072457 0.294120 0.181573 0.071731 0.383308 0.040214 0.040829 0.040115 0.040000 0.040023 0.040000 0.040000 0.020028 0.020033 0.040000 0.020132 0.020029 0.020105 0.020089 0.040025 0.040000 0.040000 -9999.0 -9999.0 -9999.0 0.020028 -9999.0 -9999.0 -9999.0 -9999.0 -9999.0 -9999.0 -9999.0 -9999.0 -9999.0 -9999.0 -9999.0 -9999.0 -9999.0 -9999.0 -9999.0 -9999.0 -9999.0 -9999.0 -9999.0 -9999.0
-9999.0 -9999.0 -9999.0 -9999.0 -9999.0 -9999.0 -9999.0 -9999.0 -9999.0 -9999.0 -9999.0 0.107183 0.251810 0.121187 0.070915 0.275172 0.067181 0.069573 0.182074 0.225934 0.334997 0.340040 0.081187 0.040036 0.040017 0.040000 0.040024 0.040000 0.020107 0.020029 0.040027 0.040000 0.040021 0.040056 0.040013 0.040000 0.040000 0.040000 0.040000 0.020031 0.020031 0.020028 0.040001 0.020037 -9999.0 -9999.0 -9999.0 0.040008 0.040010 0.020001 0.040011 0.020026 0.020025 0.040009 0.040085 0.020024 -9999.0 -9999.0 -9999.0 -9999.0 -9999.0 -9999.0 -9999.0
-9999.0 -9999.0 -9999.0 -9999.0 -9999.0 -9999.0 -9999.0 -9999.0 -9999.0 -9999.0 -9999.0 0.040240 0.137247 0.175605 0.378650 0.400774 0.346333 0.072562 0.134263 0.187523 0.206703 0.149036 0.040050 0.040857 0.040000 0.020105 0.040019 0.040040 0.020053 0.040014 0.020042 0.040032 0.040000 0.040016 0.020097 0.040000 0.040049 0.040071 0.081602 0.020048 0.040033 0.040024 0.040000 0.040000 0.040015 -9999.0 0.020023 0.040008 0.040024 0.040000 0.040000 0.020001 0.040000 0.040000 0.040000 0.040016 -9999.0 -9999.0 -9999.0 -9999.0 -9999.0 -9999.0 -9999.0
-9999.0 -9999.0 -9999.0 -9999.0 -9999.0 -9999.0 -9999.0 -9999.0 -9999.0 -9999.0 -9999.0 -9999.0 0.042481 0.040058 0.290895 0.308991 0.238667 0.073664 0.220161 0.210907 0.096941 0.310709 0.040121 0.040022 0.040028 0.040049 0.089796 0.040000 0.040025 0.020036 0.040000 0.040036 0.040000 0.040001 0.040026 0.040000 0.040018 0.040080 0.290394 0.040804 0.040000 0.020258 0.040022 0.040000 0.020041 0.040014 0.020028 0.040015 0.040012 0.040021 0.041538 0.040037 0.040036 0.040028 0.040012 0.040000 0.040016 -9999.0 -9999.0 -9999.0 -9999.0 -9999.0 -9999.0
-9999.0 -9999.0 -9999.0 -9999.0 -9999.0 -9999.0 -9999.0 -9999.0 -9999.0 -9999.0 -9999.0 0.040038 0.041092 0.040570 0.040023 0.221044 0.393377 0.085758 0.217680 0.073627 0.074957 0.318800 0.041272 0.040049 0.040046 0.040075 0.040031 0.040029 0.040025 0.020089 0.040019 0.040056 0.040370 0.040021 0.040013 0.040001 0.040000 0.040022 0.140518 0.178787 0.040042 0.047598 0.040156 0.020061 0.040333 0.040000 0.040000 0.020219 0.020263 0.055189 0.020041 0.040034 0.040010 0.020024 0.020021 0.020019 0.020001 -9999.0 -9999.0 -9999.0 -9999.0 -9999.0 -9999.0
-9999.0 -9999.0 -9999.0 -9999.0 -9999.0 -9999.0 -9999.0 -9999.0 -9999.0 -9999.0 0.105492 0.040027 0.040181 0.053398 0.184037 0.047877 0.041774 0.083480 0.072181 0.074997 0.288200 0.395108 0.040237 0.149110 0.040456 0.040090 0.040044 0.020031 0.040881 0.060381 0.040080 0.040074 0.040000 0.040027 0.020025 0.020041 0.040000 0.040020 0.040247 0.360267 0.402965 0.198758 0.198115 0.386372 0.040887 0.020235 0.040039 0.040024 0.040084 0.079290 0.020026 0.020029 0.020020 0.020017 0.020018 0.040026 0.040026 -9999.0 -9999.0 -9999.0 -9999.0 -9999.0 -9999.0
-9999.0 -9999.0 -9999.0 -9999.0 -9999.0 -9999.0 -9999.0 -9999.0 -9999.0 0.040000 0.040364 0.040068 0.040102 0.040060 0.040282 0.040118 0.044173 0.469927 0.071672 0.071385 0.259794 0.113851 0.111016 0.404690 0.151934 0.040063 0.040026 0.040991 0.040036 0.042293 0.189467 0.040053 0.020051 0.020018 0.020030 0.020039 0.040000 0.040017 0.040030 0.040084 0.040088 0.040353 0.040325 0.116667 0.339231 0.052746 0.184905 0.040062 0.040056 0.201852 0.040045 0.020099 0.020016 0.020044 0.020025 0.040010 0.040012 0.020039 0.020027 -9999.0 -9999.0 -9999.0 -9999.0
-9999.0 -9999.0 -9999.0 -9999.0 -9999.0 -9999.0 -9999.0 -9999.0 -9999.0 0.040000 0.040000 0.040305 0.380426 0.127285 0.042692 0.040083 0.195305 0.418122 0.070405 0.148083 0.195462 0.083083 0.419662 0.344601 0.040097 0.040053 0.040066 0.046666 0.426885 0.360871 0.225035 0.040039 0.040032 0.040017 0.040001 0.020044 0.020068 0.020247 0.040000 0.040402 0.040054 0.040044 0.040312 0.442793 0.243982 0.365941 0.419464 0.405438 0.106119 0.234364 0.040023 0.040009 0.020021 0.040006 0.020154 0.040008 0.040013 0.040017 0.020082 -9999.0 -9999.0 -9999.0 -9999.0
-9999.0 -9999.0 -9999.0 -9999.0 -9999.0 -9999.0 -9999.0 -9999.0 -9999.0 -9999.0 0.040021 0.040000 0.040112 0.040227 0.130833 0.045437 0.098390 0.363488 0.069051 0.095306 0.230079 0.079768 0.057432 0.040226 0.040053 0.042638 0.249502 0.520000 0.272847 0.040056 0.040042 0.040044 0.040016 0.040017 0.040000 0.040363 0.040262 0.040372 0.020071 0.040000 0.040035 0.040277 0.249052 0.052498 0.077921 0.122227 0.203650 0.381191 0.336689 0.222709 0.040044 0.040014 0.020025 0.020021 0.040006 0.040008 0.040037 0.040088 0.040112 0.062136 -9999.0 -9999.0 -9999.0
-9999.0 -9999.0 -9999.0 -9999.0 -9999.0 -9999.0 -9999.0 -9999.0 -9999.0 -9999.0 0.040024 0.040000 0.040208 0.072025 0.520000 0.145749 0.085815 0.076773 0.069084 0.070797 0.069875 0.080608 0.051755 0.042370 0.044482 0.433163 0.510506 0.104488 0.040075 0.040018 0.040000 0.040000 0.020030 0.040017 0.040000 0.041773 0.040097 0.040075 0.040038 0.040026 0.040000 0.020079 0.040022 0.046983 0.119879 0.040465 0.084915 0.081111 0.185347 0.417676 0.177830 0.040041 0.040013 0.020027 0.020020 0.020022 0.040014 0.040060 0.520000 0.520000 -9999.0 -9999.0 -9999.0
-9999.0 -9999.0 -9999.0 -9999.0 -9999.0 -9999.0 -9999.0 -9999.0 0.040000 0.040000 0.040022 0.040000 0.040046 0.040032 0.046598 0.283077 0.073084 0.076988 0.075677 0.069565 0.067223 0.068174 0.076234 0.079508 0.347412 0.394144 0.440488 0.040144 0.040056 0.040018 0.020020 0.040000 0.040000 0.040019 0.040000 0.040043 0.206037 0.040103 0.040028 0.020045 0.020031 0.040000 0.020041 0.020053 0.020265 0.136463 0.040032 0.040060 0.109422 0.447059 0.407544 0.040169 0.040012 0.040008 0.020023 0.040021 0.020042 0.112309 0.429740 0.252887 -9999.0 -9999.0 -9999.0
-9999.0 -9999.0 -9999.0 -9999.0 -9999.0 -9999.0 -9999.0 -9999.0 0.020067 0.040018 0.040024 0.040024 0.040000 0.040065 0.040118 0.113658 0.077180 0.073512 0.067383 0.069120 0.132279 0.076545 0.074955 0.070768 0.070148 0.120754 0.358591 0.040045 0.020030 0.040026 0.040017 0.020059 0.040000 0.020079 0.040000 0.047087 0.250179 0.047034 0.040027 0.040145 0.040000 0.040008 0.020104 0.041076 0.052545 0.040021 0.020035 0.040069 0.040718 0.342241 0.484390 0.042290 0.040012 0.040015 0.040000 0.020051 0.040092 0.095346 0.466979 0.285244 0.074368 -9999.0 -9999.0
-9999.0 -9999.0 -9999.0 -9999.0 -9999.0 -9999.0 -9999.0 -9999.0 0.040000 0.040648 0.040331 0.040016 0.040000 0.020044 0.040038 0.040147 0.126545 0.128643 0.067984 0.111752 0.068587 0.070655 0.071483 0.070311 0.138146 0.074849 0.340646 0.040080 0.020027 0.040000 0.020223 0.040087 0.040038 0.040051 0.040508 0.168852 0.040174 0.520000 0.041570 0.040023 0.040046 0.020228 0.040065 0.040209 0.040019 0.040000 0.020044 0.040000 0.040033 0.064569 0.335600 0.318880 0.040018 0.040012 0.040046 0.040096 0.520000 0.452451 0.226837 0.302619 0.213474 -9999.0 -9999.0
-9999.0 -9999.0 -9999.0 -9999.0 -9999.0 -9999.0 -9999.0 -9999.0 0.020000 0.040000 0.040034 0.020028 0.040840 0.040055 0.040395 0.289061 0.070933 0.069030 0.204223 0.067755 0.070072 0.069967 0.073261 0.071850 0.073272 0.226527 0.044646 0.040040 0.048739 0.040025 0.040041 0.040029 0.143312 0.040134 0.040469 0.161283 0.488065 0.074977 0.386686 0.040732 0.040459 0.040295 0.068587 0.020260 0.040767 0.020229 0.040901 0.020137 0.040330 0.040056 0.076662 0.348292 0.375606 0.040048 0.452054 0.520000 0.340873 0.202554 0.084078 0.222106 0.238863 0.164809 -9999.0
-9999.0 -9999.0 -9999.0 -9999.0 -9999.0 -9999.0 -9999.0 -9999.0 0.040011 0.040000 0.040061 0.040057 0.040039 0.042238 0.365592 0.386300 0.387535 0.083479 0.199350 0.073243 0.069670 0.072403 0.071740 0.072825 0.182498 0.103514 0.040093 0.050310 0.138015 0.040036 0.040392 0.249620 0.520000 0.458848 0.279293 0.413602 0.222897 0.071662 0.071870 0.452283 0.407352 0.230567 0.372839 0.085340 0.040051 0.100323 0.040489 0.040117 0.040783 0.205646 0.439064 0.158498 0.280470 0.359525 0.520000 0.520000 0.390524 0.294247 0.266804 0.214132 0.077953 0.180832 -9999.0
-9999.0 -9999.0 0.040000 0.040000 0.040033 0.040047 0.040022 0.040027 0.040023 0.040000 0.040037 0.040397 0.043283 0.068003 0.496133 0.479084 0.062771 0.040081 0.040161 0.142957 0.073736 0.070343 0.223663 0.068698 0.075236 0.076394 0.087642 0.172292 0.227251 0.487909 0.059618 0.265064 0.387418 0.079330 0.264202 0.073992 0.082328 0.069414 0.070353 0.073883 0.173405 0.284283 0.162949 0.374802 0.118465 0.212156 0.475754 0.327336 0.331160 0.311954 0.170158 0.209005 0.337059 0.376943 0.457619 0.433476 0.368241 0.297793 0.302223 0.108395 0.327739 0.205047 -9999.0
-9999.0 0.040059 0.040020 0.040041 0.040052 0.040029 0.040000 0.040022 0.040014 0.040021 0.040035 0.040133 0.271500 0.430542 0.520000 0.040511 0.040050 0.040037 0.040060 0.067999 0.077070 0.072076 0.382849 0.084448 0.072698 0.075066 0.102775 0.164246 0.126866 0.264411 0.151364 0.158119 0.208347 0.221926 0.073629 0.075154 0.070532 0.066816 0.074738 0.081509 0.073274 0.073896 0.081691 0.070999 0.072618 0.076560 0.210911 0.069092 0.075148 0.075118 0.230688 0.303258 0.369962 0.413038 0.442347 0.520000 0.399067 0.371383 0.520000 0.477893 0.344177 0.210338 -9999.0
-9999.0 0.099217 0.040099 0.041499 0.236536 0.040465 0.040029 0.040017 0.040021 0.040019 0.040026 0.040079 0.300473 0.520000 0.041172 0.040016 0.040024 0.040030 0.040214 0.143338 0.520000 0.264205 0.129413 0.366662 0.294802 0.140808 0.068541 0.070951 0.090404 0.067442 0.066972 0.067439 0.136200 0.111201 0.129682 0.073463 0.081867 0.073807 0.070504 0.069677 0.070060 0.071535 0.069015 0.066319 0.065728 0.065670 0.073529 0.086163 0.124668 0.184097 0.256914 0.236149 0.344961 0.520000 0.513622 0.049848 0.065602 0.043956 0.048545 0.040696 0.053132 -9999.0 -9999.0
-9999.0 0.077254 0.040104 0.040538 0.405435 0.310572 0.245486 0.040052 0.040036 0.040038 0.040047 0.057038 0.520000 0.359710 0.040061 0.040013 0.040018 0.040050 0.040054 0.060327 0.041087 0.050553 0.191436 0.341295 0.327551 0.221419 0.201089 0.184106 0.070941 0.081114 0.069210 0.068665 0.086949 0.082960 0.073715 0.071068 0.070947 0.072775 0.070406 0.069725 0.069507 0.077078 0.070399 0.066915 0.067174 0.074527 0.078058 0.148107 0.215973 0.081567 0.299438 0.343852 0.056158 0.081589 0.040571 0.040077 0.040075 0.040053 0.040058 -9999.0 -9999.0 -9999.0 -9999.0
