erum2020/resources/simulation/Vinschgau/output-maps/thetaliqL0003N0788.asc
ncols         63
nrows         48
xllcorner     598000.000000
yllcorner     5145000.000000
cellsize      1000.000000
NODATA_value  -9999.0
[rows 0 to 28 of 48, columns 0 to 62 of 63]
-9999.0 -9999.0 -9999.0 -9999.0 -9999.0 -9999.0 -9999.0 -9999.0 -9999.0 -9999.0 -9999.0 -9999.0 -9999.0 -9999.0 -9999.0 -9999.0 -9999.0 -9999.0 -9999.0 -9999.0 -9999.0 -9999.0 -9999.0 -9999.0 -9999.0 -9999.0 -9999.0 -9999.0 -9999.0 -9999.0 -9999.0 -9999.0 -9999.0 -9999.0 -9999.0 -9999.0 -9999.0 -9999.0 -9999.0 -9999.0 -9999.0 -9999.0 -9999.0 -9999.0 -9999.0 -9999.0 -9999.0 -9999.0 -9999.0 -9999.0 -9999.0 -9999.0 -9999.0 -9999.0 -9999.0 -9999.0 -9999.0 -9999.0 -9999.0 -9999.0 -9999.0 -9999.0 -9999.0
-9999.0 -9999.0 -9999.0 -9999.0 -9999.0 -9999.0 -9999.0 -9999.0 -9999.0 -9999.0 -9999.0 -9999.0 -9999.0 -9999.0 -9999.0 -9999.0 -9999.0 -9999.0 -9999.0 -9999.0 -9999.0 -9999.0 -9999.0 -9999.0 -9999.0 -9999.0 -9999.0 0.020071 0.040251 0.020059 0.040067 0.040035 0.040024 -9999.0 -9999.0 -9999.0 -9999.0 -9999.0 -9999.0 -9999.0 -9999.0 -9999.0 -9999.0 -9999.0 -9999.0 -9999.0 -9999.0 -9999.0 -9999.0 -9999.0 -9999.0 -9999.0 -9999.0 -9999.0 -9999.0 -9999.0 -9999.0 -9999.0 -9999.0 -9999.0 -9999.0 -9999.0 -9999.0
-9999.0 -9999.0 -9999.0 -9999.0 -9999.0 -9999.0 -9999.0 -9999.0 -9999.0 -9999.0 -9999.0 -9999.0 -9999.0 -9999.0 -9999.0 -9999.0 -9999.0 -9999.0 -9999.0 -9999.0 -9999.0 -9999.0 -9999.0 -9999.0 0.040881 0.043330 0.043564 0.041195 0.040231 0.040074 0.040082 -9999.0 -9999.0 -9999.0 -9999.0 -9999.0 -9999.0 -9999.0 -9999.0 -9999.0 -9999.0 -9999.0 -9999.0 -9999.0 -9999.0 -9999.0 -9999.0 -9999.0 -9999.0 -9999.0 -9999.0 -9999.0 -9999.0 -9999.0 -9999.0 -9999.0 -9999.0 -9999.0 -9999.0 -9999.0 -9999.0 -9999.0 -9999.0
-9999.0 -9999.0 -9999.0 -9999.0 -9999.0 -9999.0 -9999.0 -9999.0 -9999.0 -9999.0 -9999.0 -9999.0 -9999.0 -9999.0 -9999.0 -9999.0 -9999.0 -9999.0 -9999.0 -9999.0 -9999.0 -9999.0 -9999.0 0.043430 0.043979 0.271169 0.341286 0.219467 0.043588 0.041106 0.040094 0.040058 -9999.0 -9999.0 -9999.0 -9999.0 -9999.0 -9999.0 -9999.0 -9999.0 -9999.0 -9999.0 -9999.0 -9999.0 -9999.0 -9999.0 -9999.0 -9999.0 -9999.0 -9999.0 -9999.0 -9999.0 -9999.0 -9999.0 -9999.0 -9999.0 -9999.0 -9999.0 -9999.0 -9999.0 -9999.0 -9999.0 -9999.0
-9999.0 -9999.0 -9999.0 -9999.0 -9999.0 -9999.0 -9999.0 -9999.0 -9999.0 -9999.0 -9999.0 -9999.0 -9999.0 -9999.0 -9999.0 -9999.0 -9999.0 -9999.0 0.471149 0.043694 -9999.0 0.043646 0.043941 0.274732 0.372806 0.156591 0.421493 0.497631 0.520000 0.067823 0.040953 0.040119 0.020050 0.020033 -9999.0 -9999.0 -9999.0 -9999.0 -9999.0 -9999.0 -9999.0 -9999.0 -9999.0 -9999.0 -9999.0 -9999.0 -9999.0 -9999.0 -9999.0 -9999.0 -9999.0 -9999.0 -9999.0 -9999.0 -9999.0 -9999.0 -9999.0 -9999.0 -9999.0 -9999.0 -9999.0 -9999.0 -9999.0
-9999.0 -9999.0 -9999.0 -9999.0 -9999.0 -9999.0 -9999.0 -9999.0 -9999.0 -9999.0 -9999.0 -9999.0 -9999.0 -9999.0 -9999.0 -9999.0 -9999.0 0.124882 0.272018 0.132098 0.020504 0.057321 0.063160 0.393754 0.364387 0.176921 0.044826 0.050499 0.048996 0.507046 0.040729 0.040064 0.020076 0.020075 0.020044 0.020036 -9999.0 -9999.0 -9999.0 -9999.0 -9999.0 -9999.0 -9999.0 -9999.0 -9999.0 -9999.0 -9999.0 -9999.0 -9999.0 -9999.0 -9999.0 -9999.0 -9999.0 -9999.0 -9999.0 -9999.0 -9999.0 -9999.0 -9999.0 -9999.0 -9999.0 -9999.0 -9999.0
-9999.0 -9999.0 -9999.0 -9999.0 -9999.0 -9999.0 -9999.0 -9999.0 -9999.0 -9999.0 -9999.0 -9999.0 -9999.0 0.048535 0.423854 0.233038 0.107809 0.063191 0.131692 0.249169 0.359920 0.328002 0.328526 0.395294 0.088429 0.043938 0.020119 0.040291 0.043979 0.054865 0.040230 0.040307 0.040043 0.040023 0.020038 0.020034 -9999.0 -9999.0 -9999.0 -9999.0 -9999.0 -9999.0 -9999.0 -9999.0 -9999.0 -9999.0 -9999.0 -9999.0 -9999.0 -9999.0 -9999.0 -9999.0 -9999.0 -9999.0 -9999.0 -9999.0 -9999.0 -9999.0 -9999.0 -9999.0 -9999.0 -9999.0 -9999.0
-9999.0 -9999.0 -9999.0 -9999.0 -9999.0 -9999.0 -9999.0 -9999.0 -9999.0 -9999.0 -9999.0 -9999.0 -9999.0 0.057323 0.378122 0.201645 0.123056 0.432462 0.055330 0.253597 0.161349 0.415406 0.389713 0.439164 0.129720 0.053658 0.040230 0.020071 0.020049 0.040133 0.040031 0.040108 0.020041 0.020017 0.020028 -9999.0 -9999.0 -9999.0 -9999.0 -9999.0 -9999.0 -9999.0 -9999.0 -9999.0 -9999.0 -9999.0 -9999.0 -9999.0 -9999.0 -9999.0 -9999.0 -9999.0 -9999.0 -9999.0 -9999.0 -9999.0 -9999.0 -9999.0 -9999.0 -9999.0 -9999.0 -9999.0 -9999.0
-9999.0 -9999.0 -9999.0 -9999.0 -9999.0 -9999.0 -9999.0 -9999.0 -9999.0 -9999.0 -9999.0 -9999.0 -9999.0 0.338463 0.520000 0.283069 0.180129 0.134023 0.028138 0.129913 0.467373 0.143640 0.106662 0.056600 0.460637 0.068948 0.020304 0.020044 0.040063 0.020020 0.040042 0.020017 0.020016 0.020016 0.020031 -9999.0 -9999.0 -9999.0 -9999.0 -9999.0 -9999.0 -9999.0 -9999.0 -9999.0 -9999.0 -9999.0 -9999.0 -9999.0 -9999.0 -9999.0 -9999.0 -9999.0 -9999.0 -9999.0 -9999.0 -9999.0 -9999.0 -9999.0 -9999.0 -9999.0 -9999.0 -9999.0 -9999.0
-9999.0 -9999.0 -9999.0 -9999.0 -9999.0 -9999.0 -9999.0 -9999.0 -9999.0 -9999.0 -9999.0 -9999.0 0.346865 0.520000 0.409063 0.460914 0.388196 0.242536 0.375952 0.130164 0.352799 0.054653 0.046973 0.045518 0.040190 0.040193 0.040045 0.040075 0.040046 0.020038 0.040005 0.020047 0.040015 0.020027 -9999.0 -9999.0 -9999.0 -9999.0 -9999.0 -9999.0 -9999.0 -9999.0 -9999.0 -9999.0 -9999.0 -9999.0 -9999.0 -9999.0 -9999.0 -9999.0 -9999.0 -9999.0 -9999.0 -9999.0 -9999.0 -9999.0 -9999.0 -9999.0 -9999.0 -9999.0 -9999.0 -9999.0 -9999.0
-9999.0 -9999.0 -9999.0 -9999.0 -9999.0 -9999.0 -9999.0 -9999.0 -9999.0 -9999.0 -9999.0 0.044657 0.520000 0.520000 0.436353 0.228915 0.158569 0.288707 0.520000 0.199903 0.307141 0.479283 0.041531 0.040370 0.040069 0.040415 0.040026 0.040207 0.040053 0.020029 0.020040 0.040050 0.020039 0.020039 0.020044 0.020049 0.040067 0.040183 0.040401 -9999.0 -9999.0 -9999.0 0.020041 -9999.0 -9999.0 -9999.0 -9999.0 -9999.0 -9999.0 -9999.0 -9999.0 -9999.0 -9999.0 -9999.0 -9999.0 -9999.0 -9999.0 -9999.0 -9999.0 -9999.0 -9999.0 -9999.0 -9999.0
-9999.0 -9999.0 -9999.0 -9999.0 -9999.0 -9999.0 -9999.0 -9999.0 -9999.0 -9999.0 -9999.0 0.044318 0.494194 0.520000 0.410679 0.048809 0.339537 0.220506 0.406790 0.491113 0.505424 0.057135 0.043897 0.040125 0.040028 0.040199 0.040148 0.040058 0.020060 0.020032 0.040198 0.040084 0.040058 0.040024 0.040024 0.040147 0.040586 0.040620 0.040331 0.020038 0.020039 0.020035 0.040114 0.020044 -9999.0 -9999.0 -9999.0 0.040029 0.040018 0.020037 0.040026 0.020031 0.020029 0.040026 0.040027 0.020028 -9999.0 -9999.0 -9999.0 -9999.0 -9999.0 -9999.0 -9999.0
-9999.0 -9999.0 -9999.0 -9999.0 -9999.0 -9999.0 -9999.0 -9999.0 -9999.0 -9999.0 -9999.0 0.041627 0.044301 0.045809 0.113878 0.057860 0.520000 0.400249 0.456167 0.403844 0.440067 0.071607 0.041682 0.040885 0.040184 0.020085 0.041419 0.040033 0.020057 0.040024 0.020050 0.040021 0.040420 0.040034 0.020043 0.040063 0.040039 0.040075 0.041650 0.020069 0.040266 0.040049 0.040060 0.040211 0.040033 -9999.0 0.020028 0.040026 0.040136 0.040363 0.040461 0.020068 0.040218 0.040110 0.040040 0.040034 -9999.0 -9999.0 -9999.0 -9999.0 -9999.0 -9999.0 -9999.0
-9999.0 -9999.0 -9999.0 -9999.0 -9999.0 -9999.0 -9999.0 -9999.0 -9999.0 -9999.0 -9999.0 -9999.0 0.044679 0.049302 0.048632 0.049573 0.434666 0.333083 0.520000 0.450669 0.409860 0.077452 0.040223 0.041299 0.040092 0.041208 0.042781 0.040340 0.040095 0.020046 0.040147 0.040029 0.040454 0.040076 0.040035 0.040247 0.040142 0.044271 0.051044 0.040492 0.040888 0.020312 0.040037 0.043761 0.020051 0.040030 0.020036 0.040033 0.040027 0.040073 0.045903 0.040031 0.040045 0.040035 0.040019 0.040051 0.040053 -9999.0 -9999.0 -9999.0 -9999.0 -9999.0 -9999.0
-9999.0 -9999.0 -9999.0 -9999.0 -9999.0 -9999.0 -9999.0 -9999.0 -9999.0 -9999.0 -9999.0 0.042664 0.041090 0.042528 0.040866 0.057649 0.249684 0.452929 0.514730 0.324044 0.403060 0.174561 0.056241 0.040130 0.041418 0.040097 0.042500 0.040074 0.040075 0.020098 0.040291 0.040071 0.040146 0.040084 0.040020 0.040104 0.040160 0.041113 0.069335 0.043876 0.041085 0.050395 0.040653 0.020383 0.044199 0.040089 0.040044 0.020102 0.020297 0.047589 0.020049 0.040086 0.040013 0.020024 0.020020 0.020020 0.020045 -9999.0 -9999.0 -9999.0 -9999.0 -9999.0 -9999.0
-9999.0 -9999.0 -9999.0 -9999.0 -9999.0 -9999.0 -9999.0 -9999.0 -9999.0 -9999.0 0.043097 0.044068 0.043719 0.043814 0.048612 0.044830 0.042150 0.276165 0.205398 0.342834 0.520000 0.520000 0.041364 0.048337 0.056207 0.040261 0.040073 0.020040 0.040451 0.041295 0.040105 0.040096 0.040793 0.040063 0.020027 0.020051 0.040498 0.040055 0.049010 0.245002 0.291625 0.145996 0.190900 0.520000 0.047115 0.020119 0.040347 0.040040 0.040110 0.055429 0.020039 0.020034 0.020019 0.020018 0.020017 0.040058 0.040022 -9999.0 -9999.0 -9999.0 -9999.0 -9999.0 -9999.0
-9999.0 -9999.0 -9999.0 -9999.0 -9999.0 -9999.0 -9999.0 -9999.0 -9999.0 0.040262 0.040332 0.040084 0.040142 0.042435 0.040115 0.045794 0.046888 0.382151 0.287696 0.193204 0.513123 0.304941 0.388583 0.423445 0.186972 0.040078 0.040082 0.041329 0.046699 0.049049 0.086984 0.040061 0.020052 0.020024 0.020037 0.020050 0.040067 0.040026 0.040360 0.044669 0.040861 0.044240 0.043301 0.410072 0.493481 0.047193 0.048590 0.042120 0.042277 0.430350 0.040033 0.020044 0.020017 0.020023 0.020030 0.040010 0.040019 0.020048 0.020033 -9999.0 -9999.0 -9999.0 -9999.0
-9999.0 -9999.0 -9999.0 -9999.0 -9999.0 -9999.0 -9999.0 -9999.0 -9999.0 0.040027 0.040032 0.041349 0.056201 0.059499 0.046623 0.042434 0.048559 0.483278 0.267854 0.356511 0.403216 0.326327 0.479038 0.057509 0.040139 0.040876 0.045504 0.056007 0.412684 0.059102 0.048286 0.040044 0.040230 0.040038 0.040107 0.020057 0.020071 0.020203 0.040187 0.040956 0.040499 0.040076 0.046003 0.501485 0.436497 0.453264 0.481323 0.339226 0.059142 0.155291 0.040026 0.040010 0.020024 0.040011 0.020031 0.040012 0.040016 0.040026 0.020084 -9999.0 -9999.0 -9999.0 -9999.0
-9999.0 -9999.0 -9999.0 -9999.0 -9999.0 -9999.0 -9999.0 -9999.0 -9999.0 -9999.0 0.040121 0.040649 0.046037 0.040532 0.066686 0.046893 0.058087 0.452140 0.262996 0.337157 0.478267 0.330074 0.087143 0.045803 0.041335 0.047262 0.116109 0.520000 0.048282 0.040098 0.040048 0.040052 0.040018 0.040049 0.040061 0.040162 0.043633 0.043952 0.020069 0.040152 0.040091 0.043877 0.047224 0.047338 0.087361 0.243370 0.491255 0.496670 0.474486 0.108350 0.040051 0.040025 0.020029 0.020029 0.040011 0.040022 0.040052 0.040119 0.040089 0.052086 -9999.0 -9999.0 -9999.0
-9999.0 -9999.0 -9999.0 -9999.0 -9999.0 -9999.0 -9999.0 -9999.0 -9999.0 -9999.0 0.040083 0.040342 0.043691 0.040162 0.520000 0.355297 0.316365 0.278289 0.248170 0.163297 0.138574 0.291035 0.070456 0.046568 0.047290 0.507522 0.520000 0.088644 0.040104 0.040023 0.040135 0.040128 0.020033 0.040031 0.040164 0.040548 0.040134 0.040254 0.040068 0.040069 0.040249 0.020183 0.040039 0.041067 0.044153 0.041302 0.050563 0.088459 0.520000 0.520000 0.056795 0.040055 0.040019 0.020031 0.020022 0.020026 0.040025 0.040291 0.520000 0.520000 -9999.0 -9999.0 -9999.0
-9999.0 -9999.0 -9999.0 -9999.0 -9999.0 -9999.0 -9999.0 -9999.0 0.040908 0.040137 0.040057 0.040671 0.040042 0.040046 0.040188 0.473975 0.242944 0.321150 0.285310 0.120889 0.111795 0.207756 0.244395 0.307951 0.416423 0.484326 0.519287 0.040392 0.040078 0.040018 0.020020 0.040145 0.040164 0.040051 0.040041 0.040214 0.048577 0.047925 0.040032 0.020052 0.020088 0.040265 0.020042 0.020056 0.020333 0.043206 0.040036 0.042779 0.093454 0.520000 0.075716 0.040075 0.040034 0.040008 0.020028 0.040051 0.020055 0.044097 0.388055 0.520000 -9999.0 -9999.0 -9999.0
-9999.0 -9999.0 -9999.0 -9999.0 -9999.0 -9999.0 -9999.0 -9999.0 0.020053 0.040029 0.040030 0.040067 0.040241 0.040085 0.040569 0.308041 0.351353 0.308766 0.167337 0.122429 0.394290 0.345385 0.338623 0.343483 0.239000 0.431997 0.520000 0.043814 0.020047 0.040077 0.040043 0.020075 0.040045 0.020073 0.040447 0.041186 0.047767 0.044536 0.041337 0.040596 0.040138 0.040009 0.020069 0.040972 0.040772 0.040614 0.020044 0.040415 0.046660 0.520000 0.520000 0.043719 0.040019 0.040042 0.040238 0.020063 0.040306 0.054219 0.520000 0.520000 0.149528 -9999.0 -9999.0
-9999.0 -9999.0 -9999.0 -9999.0 -9999.0 -9999.0 -9999.0 -9999.0 0.040154 0.040229 0.040184 0.040020 0.040074 0.020055 0.042095 0.040396 0.347028 0.362980 0.138048 0.346480 0.119856 0.259762 0.315642 0.158748 0.351799 0.370370 0.508806 0.040321 0.020042 0.040193 0.020106 0.040364 0.040071 0.040090 0.041598 0.043748 0.040139 0.520000 0.061143 0.040545 0.040440 0.020110 0.040959 0.040344 0.040243 0.040900 0.020055 0.040575 0.040100 0.118540 0.502755 0.071339 0.040032 0.040020 0.040911 0.042131 0.520000 0.520000 0.520000 0.520000 0.477196 -9999.0 -9999.0
-9999.0 -9999.0 -9999.0 -9999.0 -9999.0 -9999.0 -9999.0 -9999.0 0.020037 0.040536 0.040064 0.020043 0.040058 0.040155 0.041209 0.497341 0.266232 0.164435 0.402127 0.116962 0.141403 0.142459 0.266819 0.149769 0.206448 0.399874 0.054878 0.040048 0.043607 0.040681 0.040309 0.041679 0.048542 0.040918 0.042464 0.048379 0.491605 0.381010 0.520000 0.048439 0.041173 0.041360 0.041368 0.020331 0.040644 0.020117 0.040469 0.020238 0.040273 0.040306 0.131686 0.509552 0.090269 0.045531 0.192859 0.520000 0.520000 0.520000 0.502840 0.485963 0.481905 0.428919 -9999.0
-9999.0 -9999.0 -9999.0 -9999.0 -9999.0 -9999.0 -9999.0 -9999.0 0.040032 0.040859 0.040073 0.040069 0.040043 0.040226 0.061035 0.520000 0.520000 0.375635 0.395306 0.315468 0.147415 0.192187 0.150962 0.148255 0.384836 0.348927 0.040429 0.047192 0.075327 0.041166 0.044956 0.067158 0.520000 0.190577 0.246376 0.475767 0.462300 0.353536 0.434703 0.520000 0.381500 0.193183 0.085703 0.062486 0.040399 0.044242 0.046592 0.040197 0.046302 0.087704 0.484348 0.366795 0.464680 0.468028 0.520000 0.520000 0.520000 0.520000 0.520000 0.491885 0.435242 0.444061 -9999.0
-9999.0 -9999.0 0.040276 0.040888 0.040027 0.040659 0.040030 0.040040 0.040085 0.040202 0.040356 0.040135 0.040113 0.044854 0.520000 0.520000 0.081010 0.040338 0.042629 0.435728 0.304667 0.288973 0.520000 0.097164 0.186442 0.293527 0.340307 0.387826 0.459164 0.520000 0.106502 0.463349 0.520000 0.471008 0.488039 0.365380 0.421077 0.307071 0.373777 0.396297 0.450752 0.487960 0.500143 0.509211 0.351220 0.201452 0.520000 0.509892 0.500551 0.443877 0.395102 0.334555 0.520000 0.520000 0.520000 0.520000 0.520000 0.520000 0.520000 0.463874 0.520000 0.453213 -9999.0
-9999.0 0.042503 0.041498 0.041805 0.040805 0.040038 0.040030 0.040035 0.040024 0.040062 0.040067 0.040351 0.041834 0.520000 0.520000 0.041831 0.041149 0.040122 0.040973 0.202080 0.299349 0.417015 0.520000 0.520000 0.183052 0.164683 0.268942 0.337227 0.444941 0.520000 0.332466 0.418946 0.520000 0.520000 0.417625 0.360796 0.356438 0.220922 0.414619 0.382392 0.380685 0.442843 0.485448 0.362281 0.331124 0.291031 0.458647 0.350401 0.383494 0.520000 0.451575 0.520000 0.520000 0.520000 0.520000 0.520000 0.520000 0.520000 0.520000 0.518759 0.315244 0.459618 -9999.0
-9999.0 0.045164 0.040135 0.040903 0.052540 0.040105 0.040035 0.040029 0.040067 0.040045 0.040066 0.040238 0.095383 0.520000 0.047700 0.040033 0.040033 0.040100 0.044183 0.047710 0.507083 0.520000 0.520000 0.520000 0.520000 0.317663 0.092553 0.098672 0.351507 0.258108 0.125647 0.157464 0.520000 0.520000 0.520000 0.443645 0.447978 0.375540 0.374959 0.304539 0.365869 0.444791 0.453036 0.146694 0.087340 0.139765 0.314861 0.410055 0.423796 0.456990 0.507294 0.471826 0.513369 0.520000 0.520000 0.054903 0.041255 0.052213 0.058044 0.046954 0.060477 -9999.0 -9999.0
-9999.0 0.041004 0.040185 0.040271 0.510539 0.046525 0.055485 0.040084 0.040121 0.040131 0.041596 0.066978 0.520000 0.046763 0.040081 0.040022 0.040031 0.040026 0.040065 0.041304 0.046587 0.064717 0.263781 0.520000 0.520000 0.462959 0.495299 0.504444 0.170053 0.346047 0.105442 0.089520 0.502302 0.520000 0.428952 0.332318 0.363578 0.345296 0.322332 0.300357 0.301980 0.389210 0.376648 0.087470 0.084647 0.419176 0.392701 0.501014 0.513925 0.472527 0.510902 0.057126 0.064310 0.044893 0.043504 0.040174 0.040166 0.040112 0.040216 -9999.0 -9999.0 -9999.0 -9999.0
