erum2020/resources/simulation/Vinschgau/output-maps/thetaliqL0004N0101.asc
ncols         63
nrows         48
xllcorner     598000.000000
yllcorner     5145000.000000
cellsize      1000.000000
NODATA_value  -9999.0
[rows 0 to 28 of 48, columns 0 to 62 of 63]
-9999.0 -9999.0 -9999.0 -9999.0 -9999.0 -9999.0 -9999.0 -9999.0 -9999.0 -9999.0 -9999.0 -9999.0 -9999.0 -9999.0 -9999.0 -9999.0 -9999.0 -9999.0 -9999.0 -9999.0 -9999.0 -9999.0 -9999.0 -9999.0 -9999.0 -9999.0 -9999.0 -9999.0 -9999.0 -9999.0 -9999.0 -9999.0 -9999.0 -9999.0 -9999.0 -9999.0 -9999.0 -9999.0 -9999.0 -9999.0 -9999.0 -9999.0 -9999.0 -9999.0 -9999.0 -9999.0 -9999.0 -9999.0 -9999.0 -9999.0 -9999.0 -9999.0 -9999.0 -9999.0 -9999.0 -9999.0 -9999.0 -9999.0 -9999.0 -9999.0 -9999.0 -9999.0 -9999.0
-9999.0 -9999.0 -9999.0 -9999.0 -9999.0 -9999.0 -9999.0 -9999.0 -9999.0 -9999.0 -9999.0 -9999.0 -9999.0 -9999.0 -9999.0 -9999.0 -9999.0 -9999.0 -9999.0 -9999.0 -9999.0 -9999.0 -9999.0 -9999.0 -9999.0 -9999.0 -9999.0 0.020134 0.040080 0.020124 0.040092 0.040076 0.040061 -9999.0 -9999.0 -9999.0 -9999.0 -9999.0 -9999.0 -9999.0 -9999.0 -9999.0 -9999.0 -9999.0 -9999.0 -9999.0 -9999.0 -9999.0 -9999.0 -9999.0 -9999.0 -9999.0 -9999.0 -9999.0 -9999.0 -9999.0 -9999.0 -9999.0 -9999.0 -9999.0 -9999.0 -9999.0 -9999.0
-9999.0 -9999.0 -9999.0 -9999.0 -9999.0 -9999.0 -9999.0 -9999.0 -9999.0 -9999.0 -9999.0 -9999.0 -9999.0 -9999.0 -9999.0 -9999.0 -9999.0 -9999.0 -9999.0 -9999.0 -9999.0 -9999.0 -9999.0 -9999.0 0.040537 0.040073 0.040064 0.040065 0.040063 0.040071 0.040091 -9999.0 -9999.0 -9999.0 -9999.0 -9999.0 -9999.0 -9999.0 -9999.0 -9999.0 -9999.0 -9999.0 -9999.0 -9999.0 -9999.0 -9999.0 -9999.0 -9999.0 -9999.0 -9999.0 -9999.0 -9999.0 -9999.0 -9999.0 -9999.0 -9999.0 -9999.0 -9999.0 -9999.0 -9999.0 -9999.0 -9999.0 -9999.0
-9999.0 -9999.0 -9999.0 -9999.0 -9999.0 -9999.0 -9999.0 -9999.0 -9999.0 -9999.0 -9999.0 -9999.0 -9999.0 -9999.0 -9999.0 -9999.0 -9999.0 -9999.0 -9999.0 -9999.0 -9999.0 -9999.0 -9999.0 0.040092 0.040163 0.262487 0.063228 0.444003 0.042033 0.040068 0.040076 0.040088 -9999.0 -9999.0 -9999.0 -9999.0 -9999.0 -9999.0 -9999.0 -9999.0 -9999.0 -9999.0 -9999.0 -9999.0 -9999.0 -9999.0 -9999.0 -9999.0 -9999.0 -9999.0 -9999.0 -9999.0 -9999.0 -9999.0 -9999.0 -9999.0 -9999.0 -9999.0 -9999.0 -9999.0 -9999.0 -9999.0 -9999.0
-9999.0 -9999.0 -9999.0 -9999.0 -9999.0 -9999.0 -9999.0 -9999.0 -9999.0 -9999.0 -9999.0 -9999.0 -9999.0 -9999.0 -9999.0 -9999.0 -9999.0 -9999.0 0.302904 0.043218 -9999.0 0.040213 0.040181 0.496944 0.389025 0.040305 0.040386 0.040382 0.041177 0.040433 0.040071 0.040078 0.020115 0.020093 -9999.0 -9999.0 -9999.0 -9999.0 -9999.0 -9999.0 -9999.0 -9999.0 -9999.0 -9999.0 -9999.0 -9999.0 -9999.0 -9999.0 -9999.0 -9999.0 -9999.0 -9999.0 -9999.0 -9999.0 -9999.0 -9999.0 -9999.0 -9999.0 -9999.0 -9999.0 -9999.0 -9999.0 -9999.0
-9999.0 -9999.0 -9999.0 -9999.0 -9999.0 -9999.0 -9999.0 -9999.0 -9999.0 -9999.0 -9999.0 -9999.0 -9999.0 -9999.0 -9999.0 -9999.0 -9999.0 0.040023 0.040147 0.020097 0.020115 0.040471 0.042578 0.040153 0.041398 0.040099 0.040086 0.040474 0.040064 0.040319 0.040391 0.040083 0.020100 0.020120 0.020121 0.020054 -9999.0 -9999.0 -9999.0 -9999.0 -9999.0 -9999.0 -9999.0 -9999.0 -9999.0 -9999.0 -9999.0 -9999.0 -9999.0 -9999.0 -9999.0 -9999.0 -9999.0 -9999.0 -9999.0 -9999.0 -9999.0 -9999.0 -9999.0 -9999.0 -9999.0 -9999.0 -9999.0
-9999.0 -9999.0 -9999.0 -9999.0 -9999.0 -9999.0 -9999.0 -9999.0 -9999.0 -9999.0 -9999.0 -9999.0 -9999.0 0.040095 0.042996 0.040210 0.040343 0.020080 0.040022 0.199259 0.297532 0.428513 0.040826 0.041597 0.040050 0.040079 0.020121 0.040088 0.040087 0.040162 0.040122 0.040070 0.040081 0.040035 0.020046 0.020042 -9999.0 -9999.0 -9999.0 -9999.0 -9999.0 -9999.0 -9999.0 -9999.0 -9999.0 -9999.0 -9999.0 -9999.0 -9999.0 -9999.0 -9999.0 -9999.0 -9999.0 -9999.0 -9999.0 -9999.0 -9999.0 -9999.0 -9999.0 -9999.0 -9999.0 -9999.0 -9999.0
-9999.0 -9999.0 -9999.0 -9999.0 -9999.0 -9999.0 -9999.0 -9999.0 -9999.0 -9999.0 -9999.0 -9999.0 -9999.0 0.042161 0.388526 0.040674 0.040692 0.043604 0.020071 0.040132 0.040018 0.040101 0.040414 0.040439 0.040417 0.040073 0.040078 0.020087 0.020074 0.040088 0.040083 0.040039 0.020045 0.020037 0.020038 -9999.0 -9999.0 -9999.0 -9999.0 -9999.0 -9999.0 -9999.0 -9999.0 -9999.0 -9999.0 -9999.0 -9999.0 -9999.0 -9999.0 -9999.0 -9999.0 -9999.0 -9999.0 -9999.0 -9999.0 -9999.0 -9999.0 -9999.0 -9999.0 -9999.0 -9999.0 -9999.0 -9999.0
-9999.0 -9999.0 -9999.0 -9999.0 -9999.0 -9999.0 -9999.0 -9999.0 -9999.0 -9999.0 -9999.0 -9999.0 -9999.0 0.042757 0.096520 0.226414 0.040597 0.040490 0.020070 0.040249 0.043102 0.020102 0.040360 0.040140 0.040516 0.042347 0.020125 0.020076 0.040083 0.020055 0.040051 0.020041 0.020041 0.020037 0.020035 -9999.0 -9999.0 -9999.0 -9999.0 -9999.0 -9999.0 -9999.0 -9999.0 -9999.0 -9999.0 -9999.0 -9999.0 -9999.0 -9999.0 -9999.0 -9999.0 -9999.0 -9999.0 -9999.0 -9999.0 -9999.0 -9999.0 -9999.0 -9999.0 -9999.0 -9999.0 -9999.0 -9999.0
-9999.0 -9999.0 -9999.0 -9999.0 -9999.0 -9999.0 -9999.0 -9999.0 -9999.0 -9999.0 -9999.0 -9999.0 0.049186 0.291355 0.220958 0.040066 0.043312 0.040471 0.043671 0.020066 0.041714 0.040079 0.040093 0.040199 0.040393 0.040083 0.040180 0.040094 0.040078 0.020060 0.040042 0.020109 0.040061 0.020047 -9999.0 -9999.0 -9999.0 -9999.0 -9999.0 -9999.0 -9999.0 -9999.0 -9999.0 -9999.0 -9999.0 -9999.0 -9999.0 -9999.0 -9999.0 -9999.0 -9999.0 -9999.0 -9999.0 -9999.0 -9999.0 -9999.0 -9999.0 -9999.0 -9999.0 -9999.0 -9999.0 -9999.0 -9999.0
-9999.0 -9999.0 -9999.0 -9999.0 -9999.0 -9999.0 -9999.0 -9999.0 -9999.0 -9999.0 -9999.0 0.040359 0.040171 0.059947 0.040078 0.040085 0.020118 0.040484 0.042071 0.020067 0.040056 0.109658 0.040092 0.040100 0.040091 0.040097 0.040073 0.040094 0.040065 0.020049 0.020118 0.040061 0.020094 0.020043 0.020048 0.020032 0.040008 0.040008 0.040008 -9999.0 -9999.0 -9999.0 0.020043 -9999.0 -9999.0 -9999.0 -9999.0 -9999.0 -9999.0 -9999.0 -9999.0 -9999.0 -9999.0 -9999.0 -9999.0 -9999.0 -9999.0 -9999.0 -9999.0 -9999.0 -9999.0 -9999.0 -9999.0
-9999.0 -9999.0 -9999.0 -9999.0 -9999.0 -9999.0 -9999.0 -9999.0 -9999.0 -9999.0 -9999.0 0.040111 0.040187 0.043201 0.042732 0.040102 0.042572 0.040463 0.041584 0.041417 0.041809 0.213346 0.040103 0.040091 0.040085 0.040096 0.040088 0.040075 0.020126 0.020082 0.040069 0.040057 0.040054 0.040056 0.040023 0.040010 0.040008 0.040004 0.040003 0.020014 0.020018 0.020026 0.040025 0.020064 -9999.0 -9999.0 -9999.0 0.044620 0.043852 0.020225 0.094473 0.020354 0.020354 0.278064 0.291590 0.020744 -9999.0 -9999.0 -9999.0 -9999.0 -9999.0 -9999.0 -9999.0
-9999.0 -9999.0 -9999.0 -9999.0 -9999.0 -9999.0 -9999.0 -9999.0 -9999.0 -9999.0 -9999.0 0.040124 0.040110 0.040076 0.040696 0.040092 0.040957 0.040485 0.042717 0.040653 0.040192 0.041954 0.040413 0.040116 0.040096 0.020121 0.040093 0.040072 0.020122 0.040086 0.020077 0.040055 0.040054 0.040039 0.020035 0.040008 0.040005 0.040007 0.040007 0.020010 0.040006 0.040008 0.040032 0.040043 0.040071 -9999.0 0.020143 0.040331 0.056108 0.225903 0.066537 0.020228 0.507527 0.517174 0.519466 0.413221 -9999.0 -9999.0 -9999.0 -9999.0 -9999.0 -9999.0 -9999.0
-9999.0 -9999.0 -9999.0 -9999.0 -9999.0 -9999.0 -9999.0 -9999.0 -9999.0 -9999.0 -9999.0 -9999.0 0.040183 0.040650 0.122421 0.042984 0.040167 0.040456 0.040969 0.040636 0.040160 0.042383 0.042000 0.040765 0.040087 0.040095 0.177125 0.040097 0.040093 0.020124 0.040070 0.040051 0.040053 0.040047 0.040024 0.040009 0.040004 0.040007 0.040008 0.040004 0.040007 0.020027 0.040016 0.040373 0.020107 0.040098 0.020141 0.040320 0.040124 0.040089 0.040478 0.134433 0.043146 0.180927 0.040342 0.040330 0.165444 -9999.0 -9999.0 -9999.0 -9999.0 -9999.0 -9999.0
-9999.0 -9999.0 -9999.0 -9999.0 -9999.0 -9999.0 -9999.0 -9999.0 -9999.0 -9999.0 -9999.0 0.040879 0.040107 0.040126 0.042834 0.042569 0.042578 0.040207 0.041905 0.040021 0.040153 0.041241 0.042592 0.040085 0.040179 0.042124 0.040449 0.040093 0.040083 0.020111 0.040060 0.040047 0.040060 0.040049 0.040013 0.040010 0.040005 0.040005 0.040014 0.040006 0.040007 0.040014 0.040010 0.020038 0.041964 0.040089 0.040212 0.020133 0.020198 0.040067 0.020160 0.040129 0.040132 0.020164 0.020172 0.020173 0.020402 -9999.0 -9999.0 -9999.0 -9999.0 -9999.0 -9999.0
-9999.0 -9999.0 -9999.0 -9999.0 -9999.0 -9999.0 -9999.0 -9999.0 -9999.0 -9999.0 0.041073 0.045123 0.085531 0.040108 0.206195 0.042843 0.040070 0.040416 0.040260 0.040211 0.040809 0.042016 0.041824 0.263869 0.072211 0.040446 0.040085 0.020115 0.040257 0.042356 0.040356 0.040052 0.040065 0.040056 0.020031 0.020033 0.040007 0.040005 0.040008 0.040011 0.040010 0.020023 0.020048 0.040007 0.040290 0.020113 0.040227 0.040069 0.040399 0.040253 0.020175 0.020160 0.020164 0.020162 0.020175 0.371548 0.387567 -9999.0 -9999.0 -9999.0 -9999.0 -9999.0 -9999.0
-9999.0 -9999.0 -9999.0 -9999.0 -9999.0 -9999.0 -9999.0 -9999.0 -9999.0 0.040121 0.041069 0.040887 0.044134 0.042084 0.047180 0.040092 0.040107 0.177897 0.040155 0.040019 0.040503 0.040889 0.040951 0.040650 0.040512 0.040080 0.040078 0.042299 0.041726 0.041478 0.040198 0.040069 0.020052 0.020046 0.020050 0.020034 0.040033 0.040016 0.040018 0.040010 0.040009 0.040033 0.040047 0.040012 0.040016 0.040154 0.501088 0.040116 0.040086 0.040225 0.040105 0.020276 0.020159 0.020183 0.020244 0.042433 0.284321 0.149994 0.039148 -9999.0 -9999.0 -9999.0 -9999.0
-9999.0 -9999.0 -9999.0 -9999.0 -9999.0 -9999.0 -9999.0 -9999.0 -9999.0 0.040114 0.040114 0.040106 0.317045 0.042380 0.048259 0.046567 0.361134 0.041170 0.040099 0.040521 0.040480 0.040117 0.040611 0.042142 0.040074 0.040135 0.041805 0.041600 0.040163 0.040312 0.040052 0.040079 0.040081 0.040082 0.040057 0.020073 0.020055 0.020054 0.040025 0.040045 0.040170 0.040062 0.040047 0.040031 0.040016 0.040021 0.040037 0.040072 0.041754 0.040247 0.040150 0.040217 0.020198 0.040170 0.020178 0.043009 0.266333 0.228445 0.135933 -9999.0 -9999.0 -9999.0 -9999.0
-9999.0 -9999.0 -9999.0 -9999.0 -9999.0 -9999.0 -9999.0 -9999.0 -9999.0 -9999.0 0.040115 0.040110 0.040160 0.040243 0.040610 0.081239 0.051504 0.040870 0.040009 0.040097 0.040812 0.040537 0.042474 0.042324 0.040145 0.041631 0.040230 0.040034 0.040061 0.040074 0.040083 0.040392 0.040091 0.040090 0.040077 0.040080 0.040104 0.040042 0.020098 0.040064 0.040042 0.040072 0.040049 0.040073 0.040057 0.040034 0.040044 0.040374 0.040010 0.040597 0.040121 0.040264 0.020371 0.020232 0.040306 0.040167 0.041185 0.043035 0.361095 0.315443 -9999.0 -9999.0 -9999.0
-9999.0 -9999.0 -9999.0 -9999.0 -9999.0 -9999.0 -9999.0 -9999.0 -9999.0 -9999.0 0.040115 0.040116 0.040230 0.043093 0.044674 0.042144 0.041258 0.040160 0.040028 0.040052 0.040085 0.040439 0.222889 0.041401 0.041418 0.040039 0.040049 0.040294 0.040065 0.040083 0.040089 0.040189 0.020115 0.040095 0.040096 0.040069 0.040042 0.040049 0.040068 0.040090 0.040092 0.020119 0.040106 0.040099 0.040816 0.040111 0.040471 0.040061 0.040010 0.040053 0.040267 0.041103 0.051639 0.020335 0.020227 0.020794 0.040158 0.314787 0.040024 0.040173 -9999.0 -9999.0 -9999.0
-9999.0 -9999.0 -9999.0 -9999.0 -9999.0 -9999.0 -9999.0 -9999.0 0.094124 0.084940 0.040133 0.040258 0.040133 0.040128 0.042619 0.040179 0.040140 0.040092 0.040054 0.040049 0.040023 0.040013 0.040016 0.040265 0.040282 0.040015 0.040796 0.040071 0.040169 0.040089 0.020068 0.040099 0.040102 0.040106 0.040122 0.040091 0.040197 0.040056 0.040083 0.020133 0.020137 0.040092 0.020138 0.020117 0.020148 0.050480 0.040115 0.079812 0.040059 0.040146 0.040903 0.082383 0.136209 0.040340 0.020847 0.519297 0.152597 0.378381 0.040755 0.040061 -9999.0 -9999.0 -9999.0
-9999.0 -9999.0 -9999.0 -9999.0 -9999.0 -9999.0 -9999.0 -9999.0 0.020155 0.074678 0.040103 0.040110 0.040110 0.040495 0.043757 0.040592 0.042537 0.042074 0.040014 0.040040 0.040204 0.040037 0.040054 0.040029 0.040012 0.040017 0.040121 0.040101 0.020121 0.040111 0.040106 0.020123 0.040159 0.020148 0.042573 0.041755 0.040128 0.040113 0.040091 0.040312 0.040114 0.020114 0.020145 0.043953 0.041388 0.040999 0.020156 0.040127 0.040112 0.040415 0.040113 0.042034 0.076746 0.485629 0.046294 0.020333 0.146222 0.041250 0.040029 0.040346 0.040383 -9999.0 -9999.0
-9999.0 -9999.0 -9999.0 -9999.0 -9999.0 -9999.0 -9999.0 -9999.0 0.040113 0.040117 0.160015 0.040110 0.040220 0.020143 0.179421 0.042735 0.040108 0.040481 0.040023 0.040338 0.040066 0.040052 0.040039 0.040031 0.040030 0.040087 0.040153 0.040065 0.020095 0.040081 0.020120 0.040922 0.040089 0.040097 0.049421 0.047134 0.040265 0.040104 0.040107 0.040122 0.040151 0.020154 0.049088 0.040241 0.040141 0.040127 0.020307 0.188959 0.040345 0.040142 0.040038 0.040481 0.042683 0.040257 0.040608 0.040637 0.040088 0.040056 0.040190 0.040409 0.040445 -9999.0 -9999.0
-9999.0 -9999.0 -9999.0 -9999.0 -9999.0 -9999.0 -9999.0 -9999.0 0.020122 0.040120 0.103443 0.020143 0.229194 0.208763 0.309955 0.040121 0.040000 0.040029 0.040137 0.040040 0.040071 0.040186 0.040201 0.040038 0.040539 0.040989 0.042425 0.040092 0.042623 0.042246 0.040081 0.040082 0.040844 0.041607 0.040110 0.040266 0.040171 0.040947 0.040102 0.040139 0.042515 0.089916 0.141947 0.020157 0.085567 0.020303 0.487939 0.020319 0.294308 0.040128 0.040595 0.040037 0.040052 0.040663 0.040092 0.040055 0.040057 0.040036 0.040241 0.040439 0.040771 0.043273 -9999.0
-9999.0 -9999.0 -9999.0 -9999.0 -9999.0 -9999.0 -9999.0 -9999.0 0.040130 0.040676 0.180148 0.308937 0.345574 0.040188 0.040821 0.040130 0.040276 0.040258 0.041718 0.041323 0.040024 0.040079 0.040056 0.040037 0.040225 0.241296 0.040374 0.041811 0.161623 0.041451 0.041518 0.042420 0.040263 0.042346 0.040143 0.040134 0.040335 0.040769 0.040071 0.040155 0.040132 0.040267 0.042035 0.040161 0.040120 0.061412 0.040156 0.042269 0.042556 0.040426 0.040042 0.040015 0.040052 0.040052 0.040056 0.040058 0.040277 0.040482 0.040590 0.040785 0.040196 0.044065 -9999.0
-9999.0 -9999.0 0.040118 0.040601 0.040268 0.040121 0.044419 0.040122 0.040232 0.041272 0.040533 0.040335 0.040384 0.042230 0.040566 0.040366 0.040055 0.040117 0.040192 0.041868 0.041045 0.040040 0.040039 0.040014 0.040056 0.040041 0.040620 0.040500 0.040040 0.041164 0.041761 0.186677 0.040692 0.040163 0.040452 0.040192 0.040383 0.057136 0.040776 0.042268 0.042083 0.040687 0.040040 0.041270 0.042466 0.042587 0.040409 0.040121 0.040018 0.040046 0.040046 0.040053 0.040214 0.040236 0.040462 0.040598 0.040161 0.040169 0.040254 0.040090 0.122492 0.292523 -9999.0
-9999.0 0.052125 0.047746 0.064023 0.040763 0.125367 0.040259 0.040227 0.040147 0.040137 0.040448 0.218089 0.042216 0.440638 0.231912 0.293107 0.040220 0.040230 0.042840 0.040963 0.040569 0.040006 0.040074 0.040040 0.040062 0.040064 0.040041 0.040050 0.040017 0.040037 0.040048 0.040431 0.040586 0.040203 0.040312 0.040222 0.040247 0.040074 0.040191 0.040210 0.040222 0.040069 0.040061 0.040137 0.040341 0.040047 0.040025 0.040012 0.040042 0.040036 0.040204 0.040304 0.040137 0.040146 0.040161 0.040179 0.040531 0.040494 0.043213 0.043643 0.497282 0.493381 -9999.0
-9999.0 0.040713 0.042495 0.056052 0.330342 0.042553 0.041972 0.040102 0.040204 0.040127 0.040241 0.224571 0.040482 0.321188 0.040159 0.040238 0.040141 0.040099 0.146130 0.040232 0.042718 0.040638 0.040015 0.040072 0.040280 0.040248 0.040046 0.040050 0.040049 0.040015 0.040033 0.040019 0.040040 0.040047 0.040231 0.040155 0.352773 0.199852 0.040140 0.040129 0.040124 0.040119 0.040037 0.040036 0.040047 0.040028 0.040229 0.040248 0.040242 0.040229 0.040078 0.040021 0.040444 0.040044 0.040377 0.043041 0.043521 0.054913 0.159824 0.316567 0.331386 -9999.0 -9999.0
-9999.0 0.040153 0.040084 0.040591 0.040146 0.346669 0.299138 0.086461 0.044624 0.049525 0.271024 0.040436 0.042112 0.042762 0.224040 0.040295 0.040320 0.040741 0.040108 0.040468 0.042366 0.040507 0.041109 0.083528 0.040531 0.040052 0.040045 0.040049 0.040087 0.040050 0.040052 0.040056 0.040053 0.040049 0.040051 0.040183 0.040178 0.398876 0.040211 0.040176 0.040136 0.271497 0.040180 0.040201 0.040212 0.040216 0.040541 0.040129 0.040068 0.040013 0.040527 0.040548 0.040613 0.043216 0.041279 0.076664 0.187211 0.246310 0.257832 -9999.0 -9999.0 -9999.0 -9999.0
