erum2020/resources/simulation/Vinschgau/output-maps/thetaliqL0001N0848.asc
ncols         63
nrows         48
xllcorner     598000.000000
yllcorner     5145000.000000
cellsize      1000.000000
NODATA_value  -9999.0
[rows 0 to 28 of 48, columns 0 to 62 of 63]
-9999.0 -9999.0 -9999.0 -9999.0 -9999.0 -9999.0 -9999.0 -9999.0 -9999.0 -9999.0 -9999.0 -9999.0 -9999.0 -9999.0 -9999.0 -9999.0 -9999.0 -9999.0 -9999.0 -9999.0 -9999.0 -9999.0 -9999.0 -9999.0 -9999.0 -9999.0 -9999.0 -9999.0 -9999.0 -9999.0 -9999.0 -9999.0 -9999.0 -9999.0 -9999.0 -9999.0 -9999.0 -9999.0 -9999.0 -9999.0 -9999.0 -9999.0 -9999.0 -9999.0 -9999.0 -9999.0 -9999.0 -9999.0 -9999.0 -9999.0 -9999.0 -9999.0 -9999.0 -9999.0 -9999.0 -9999.0 -9999.0 -9999.0 -9999.0 -9999.0 -9999.0 -9999.0 -9999.0
-9999.0 -9999.0 -9999.0 -9999.0 -9999.0 -9999.0 -9999.0 -9999.0 -9999.0 -9999.0 -9999.0 -9999.0 -9999.0 -9999.0 -9999.0 -9999.0 -9999.0 -9999.0 -9999.0 -9999.0 -9999.0 -9999.0 -9999.0 -9999.0 -9999.0 -9999.0 -9999.0 0.020039 0.040035 0.020050 0.040023 0.040016 0.040014 -9999.0 -9999.0 -9999.0 -9999.0 -9999.0 -9999.0 -9999.0 -9999.0 -9999.0 -9999.0 -9999.0 -9999.0 -9999.0 -9999.0 -9999.0 -9999.0 -9999.0 -9999.0 -9999.0 -9999.0 -9999.0 -9999.0 -9999.0 -9999.0 -9999.0 -9999.0 -9999.0 -9999.0 -9999.0 -9999.0
-9999.0 -9999.0 -9999.0 -9999.0 -9999.0 -9999.0 -9999.0 -9999.0 -9999.0 -9999.0 -9999.0 -9999.0 -9999.0 -9999.0 -9999.0 -9999.0 -9999.0 -9999.0 -9999.0 -9999.0 -9999.0 -9999.0 -9999.0 -9999.0 0.040151 0.040266 0.040824 0.040193 0.040134 0.040000 0.040020 -9999.0 -9999.0 -9999.0 -9999.0 -9999.0 -9999.0 -9999.0 -9999.0 -9999.0 -9999.0 -9999.0 -9999.0 -9999.0 -9999.0 -9999.0 -9999.0 -9999.0 -9999.0 -9999.0 -9999.0 -9999.0 -9999.0 -9999.0 -9999.0 -9999.0 -9999.0 -9999.0 -9999.0 -9999.0 -9999.0 -9999.0 -9999.0
-9999.0 -9999.0 -9999.0 -9999.0 -9999.0 -9999.0 -9999.0 -9999.0 -9999.0 -9999.0 -9999.0 -9999.0 -9999.0 -9999.0 -9999.0 -9999.0 -9999.0 -9999.0 -9999.0 -9999.0 -9999.0 -9999.0 -9999.0 0.040326 0.064608 0.168700 0.281164 0.091939 0.408515 0.040206 0.040021 0.040016 -9999.0 -9999.0 -9999.0 -9999.0 -9999.0 -9999.0 -9999.0 -9999.0 -9999.0 -9999.0 -9999.0 -9999.0 -9999.0 -9999.0 -9999.0 -9999.0 -9999.0 -9999.0 -9999.0 -9999.0 -9999.0 -9999.0 -9999.0 -9999.0 -9999.0 -9999.0 -9999.0 -9999.0 -9999.0 -9999.0 -9999.0
-9999.0 -9999.0 -9999.0 -9999.0 -9999.0 -9999.0 -9999.0 -9999.0 -9999.0 -9999.0 -9999.0 -9999.0 -9999.0 -9999.0 -9999.0 -9999.0 -9999.0 -9999.0 0.206358 0.044006 -9999.0 0.040927 0.062335 0.107200 0.320121 0.089480 0.137347 0.135122 0.144076 0.068334 0.040089 0.040024 0.020030 0.020023 -9999.0 -9999.0 -9999.0 -9999.0 -9999.0 -9999.0 -9999.0 -9999.0 -9999.0 -9999.0 -9999.0 -9999.0 -9999.0 -9999.0 -9999.0 -9999.0 -9999.0 -9999.0 -9999.0 -9999.0 -9999.0 -9999.0 -9999.0 -9999.0 -9999.0 -9999.0 -9999.0 -9999.0 -9999.0
-9999.0 -9999.0 -9999.0 -9999.0 -9999.0 -9999.0 -9999.0 -9999.0 -9999.0 -9999.0 -9999.0 -9999.0 -9999.0 -9999.0 -9999.0 -9999.0 -9999.0 0.072011 0.137951 0.040038 0.020153 0.058131 0.066793 0.087357 0.140200 0.072154 0.041535 0.055612 0.048056 0.089883 0.059675 0.040024 0.020000 0.020041 0.020028 0.020023 -9999.0 -9999.0 -9999.0 -9999.0 -9999.0 -9999.0 -9999.0 -9999.0 -9999.0 -9999.0 -9999.0 -9999.0 -9999.0 -9999.0 -9999.0 -9999.0 -9999.0 -9999.0 -9999.0 -9999.0 -9999.0 -9999.0 -9999.0 -9999.0 -9999.0 -9999.0 -9999.0
-9999.0 -9999.0 -9999.0 -9999.0 -9999.0 -9999.0 -9999.0 -9999.0 -9999.0 -9999.0 -9999.0 -9999.0 -9999.0 0.079235 0.093845 0.142223 0.072551 0.023538 0.073333 0.119762 0.153189 0.107933 0.287097 0.145634 0.069498 0.048896 0.020072 0.040213 0.040221 0.054133 0.040038 0.040002 0.040018 0.040014 0.020030 0.020022 -9999.0 -9999.0 -9999.0 -9999.0 -9999.0 -9999.0 -9999.0 -9999.0 -9999.0 -9999.0 -9999.0 -9999.0 -9999.0 -9999.0 -9999.0 -9999.0 -9999.0 -9999.0 -9999.0 -9999.0 -9999.0 -9999.0 -9999.0 -9999.0 -9999.0 -9999.0 -9999.0
-9999.0 -9999.0 -9999.0 -9999.0 -9999.0 -9999.0 -9999.0 -9999.0 -9999.0 -9999.0 -9999.0 -9999.0 -9999.0 0.152823 0.311557 0.091640 0.073732 0.364140 0.023339 0.206799 0.075052 0.399204 0.328584 0.254640 0.083246 0.066581 0.040034 0.020044 0.020033 0.040069 0.040125 0.040024 0.020030 0.020016 0.020025 -9999.0 -9999.0 -9999.0 -9999.0 -9999.0 -9999.0 -9999.0 -9999.0 -9999.0 -9999.0 -9999.0 -9999.0 -9999.0 -9999.0 -9999.0 -9999.0 -9999.0 -9999.0 -9999.0 -9999.0 -9999.0 -9999.0 -9999.0 -9999.0 -9999.0 -9999.0 -9999.0 -9999.0
-9999.0 -9999.0 -9999.0 -9999.0 -9999.0 -9999.0 -9999.0 -9999.0 -9999.0 -9999.0 -9999.0 -9999.0 -9999.0 0.279394 0.454079 0.230834 0.084830 0.075178 0.023305 0.073539 0.458633 0.035228 0.083605 0.054581 0.085895 0.080626 0.020069 0.020031 0.040017 0.020018 0.040019 0.020015 0.020014 0.020011 0.020021 -9999.0 -9999.0 -9999.0 -9999.0 -9999.0 -9999.0 -9999.0 -9999.0 -9999.0 -9999.0 -9999.0 -9999.0 -9999.0 -9999.0 -9999.0 -9999.0 -9999.0 -9999.0 -9999.0 -9999.0 -9999.0 -9999.0 -9999.0 -9999.0 -9999.0 -9999.0 -9999.0 -9999.0
-9999.0 -9999.0 -9999.0 -9999.0 -9999.0 -9999.0 -9999.0 -9999.0 -9999.0 -9999.0 -9999.0 -9999.0 0.093313 0.142339 0.336448 0.110948 0.297449 0.146526 0.323464 0.023845 0.105838 0.052039 0.050355 0.042480 0.040049 0.040032 0.040014 0.040019 0.040019 0.020029 0.040004 0.020029 0.040015 0.020020 -9999.0 -9999.0 -9999.0 -9999.0 -9999.0 -9999.0 -9999.0 -9999.0 -9999.0 -9999.0 -9999.0 -9999.0 -9999.0 -9999.0 -9999.0 -9999.0 -9999.0 -9999.0 -9999.0 -9999.0 -9999.0 -9999.0 -9999.0 -9999.0 -9999.0 -9999.0 -9999.0 -9999.0 -9999.0
-9999.0 -9999.0 -9999.0 -9999.0 -9999.0 -9999.0 -9999.0 -9999.0 -9999.0 -9999.0 -9999.0 0.100817 0.457391 0.520000 0.371912 0.192404 0.025952 0.186729 0.520000 0.200000 0.163369 0.105653 0.043754 0.040047 0.040587 0.040053 0.040016 0.040031 0.040000 0.020022 0.020028 0.040020 0.020033 0.020025 0.020028 0.020036 0.040018 0.040029 0.040040 -9999.0 -9999.0 -9999.0 0.020025 -9999.0 -9999.0 -9999.0 -9999.0 -9999.0 -9999.0 -9999.0 -9999.0 -9999.0 -9999.0 -9999.0 -9999.0 -9999.0 -9999.0 -9999.0 -9999.0 -9999.0 -9999.0 -9999.0 -9999.0
-9999.0 -9999.0 -9999.0 -9999.0 -9999.0 -9999.0 -9999.0 -9999.0 -9999.0 -9999.0 -9999.0 0.078576 0.398432 0.440349 0.302651 0.096541 0.214181 0.085441 0.352453 0.409749 0.476154 0.131082 0.043073 0.040039 0.040054 0.040031 0.040026 0.040061 0.020042 0.020024 0.040030 0.040000 0.040016 0.040012 0.040011 0.040029 0.040149 0.040419 0.040037 0.020026 0.020027 0.020025 0.040026 0.020030 -9999.0 -9999.0 -9999.0 0.040017 0.040010 0.020027 0.040012 0.020023 0.020023 0.040017 0.040017 0.020021 -9999.0 -9999.0 -9999.0 -9999.0 -9999.0 -9999.0 -9999.0
-9999.0 -9999.0 -9999.0 -9999.0 -9999.0 -9999.0 -9999.0 -9999.0 -9999.0 -9999.0 -9999.0 0.053812 0.085188 0.043627 0.167961 0.182652 0.143369 0.257026 0.381000 0.350475 0.345386 0.083098 0.040135 0.040163 0.040030 0.020042 0.040107 0.040008 0.020037 0.040011 0.020033 0.040003 0.040066 0.040013 0.020030 0.040078 0.040008 0.040011 0.056850 0.020035 0.040037 0.040018 0.040067 0.040032 0.040013 -9999.0 0.020021 0.040013 0.040025 0.040050 0.040063 0.020060 0.040033 0.040023 0.040021 0.040014 -9999.0 -9999.0 -9999.0 -9999.0 -9999.0 -9999.0 -9999.0
-9999.0 -9999.0 -9999.0 -9999.0 -9999.0 -9999.0 -9999.0 -9999.0 -9999.0 -9999.0 -9999.0 -9999.0 0.090579 0.066820 0.148701 0.158629 0.175259 0.215793 0.422107 0.382593 0.313454 0.094188 0.059636 0.040272 0.040027 0.040094 0.040049 0.040045 0.040021 0.020031 0.040026 0.040005 0.040064 0.040019 0.040015 0.040036 0.040093 0.040000 0.135257 0.040200 0.041800 0.020069 0.040047 0.041425 0.020033 0.040012 0.020026 0.040014 0.040024 0.040182 0.043423 0.040007 0.040013 0.040009 0.040002 0.040022 0.040015 -9999.0 -9999.0 -9999.0 -9999.0 -9999.0 -9999.0
-9999.0 -9999.0 -9999.0 -9999.0 -9999.0 -9999.0 -9999.0 -9999.0 -9999.0 -9999.0 -9999.0 0.040468 0.040470 0.072196 0.040288 0.091009 0.115136 0.334036 0.420575 0.206365 0.272526 0.292005 0.076746 0.040069 0.040110 0.045253 0.040468 0.040019 0.040018 0.020046 0.040097 0.040011 0.040001 0.040020 0.040010 0.040028 0.040030 0.040313 0.079219 0.086460 0.040307 0.065648 0.040077 0.020176 0.049798 0.040021 0.040037 0.020049 0.020070 0.046101 0.020036 0.040021 0.040008 0.020021 0.020018 0.020016 0.020029 -9999.0 -9999.0 -9999.0 -9999.0 -9999.0 -9999.0
-9999.0 -9999.0 -9999.0 -9999.0 -9999.0 -9999.0 -9999.0 -9999.0 -9999.0 -9999.0 0.040451 0.043516 0.042953 0.044811 0.103111 0.040356 0.040285 0.087024 0.094853 0.224682 0.475740 0.157357 0.040300 0.080387 0.065346 0.040052 0.040035 0.020029 0.040064 0.040996 0.040026 0.040026 0.040184 0.040020 0.020021 0.020034 0.040077 0.040087 0.056781 0.092710 0.094221 0.074229 0.192566 0.482248 0.050918 0.020047 0.040044 0.040170 0.040241 0.063041 0.020026 0.020026 0.020017 0.020015 0.020016 0.040020 0.040021 -9999.0 -9999.0 -9999.0 -9999.0 -9999.0 -9999.0
-9999.0 -9999.0 -9999.0 -9999.0 -9999.0 -9999.0 -9999.0 -9999.0 -9999.0 0.040035 0.043095 0.040023 0.052166 0.040488 0.051814 0.058475 0.048388 0.168117 0.155740 0.085197 0.428604 0.114822 0.094985 0.096849 0.081993 0.040069 0.040024 0.041351 0.041600 0.069811 0.084786 0.040057 0.020035 0.020019 0.020026 0.020033 0.040025 0.040041 0.040121 0.047391 0.040000 0.041947 0.040420 0.298448 0.398769 0.052004 0.100100 0.040169 0.040177 0.085011 0.040030 0.020029 0.020013 0.020019 0.020024 0.040008 0.040010 0.020032 0.020025 -9999.0 -9999.0 -9999.0 -9999.0
-9999.0 -9999.0 -9999.0 -9999.0 -9999.0 -9999.0 -9999.0 -9999.0 -9999.0 0.040016 0.040030 0.040275 0.098100 0.073537 0.047092 0.040467 0.113171 0.101247 0.123312 0.310115 0.348668 0.297123 0.177621 0.104875 0.040109 0.040077 0.040604 0.064118 0.097300 0.106280 0.069979 0.040042 0.040035 0.040014 0.040024 0.020034 0.020039 0.020058 0.040031 0.041505 0.040292 0.040037 0.043446 0.106069 0.344987 0.415532 0.440192 0.095789 0.073357 0.085768 0.040025 0.040008 0.020019 0.040008 0.020027 0.040006 0.040010 0.040014 0.020042 -9999.0 -9999.0 -9999.0 -9999.0
-9999.0 -9999.0 -9999.0 -9999.0 -9999.0 -9999.0 -9999.0 -9999.0 -9999.0 -9999.0 0.040023 0.040185 0.058046 0.040237 0.079968 0.049107 0.070694 0.422892 0.103386 0.277035 0.400980 0.183170 0.072096 0.044419 0.040105 0.052131 0.089356 0.123584 0.067381 0.040061 0.040045 0.040015 0.040013 0.040017 0.040059 0.040000 0.041432 0.047212 0.020038 0.040027 0.040021 0.042223 0.049215 0.052377 0.084602 0.090889 0.377488 0.464879 0.433987 0.087999 0.040048 0.040021 0.020023 0.020020 0.040007 0.040013 0.040020 0.040036 0.040027 0.058722 -9999.0 -9999.0 -9999.0
-9999.0 -9999.0 -9999.0 -9999.0 -9999.0 -9999.0 -9999.0 -9999.0 -9999.0 -9999.0 0.040021 0.040042 0.040586 0.065076 0.149329 0.094279 0.086077 0.183192 0.110317 0.079288 0.073156 0.193910 0.068493 0.047117 0.052333 0.100248 0.520000 0.088105 0.040084 0.040015 0.040026 0.040030 0.020029 0.040013 0.040028 0.047705 0.040034 0.044361 0.040032 0.040018 0.040034 0.020009 0.040008 0.040104 0.059942 0.040967 0.065825 0.085251 0.388289 0.520000 0.084131 0.040030 0.040012 0.020025 0.020018 0.020021 0.040012 0.040141 0.520000 0.520000 -9999.0 -9999.0 -9999.0
-9999.0 -9999.0 -9999.0 -9999.0 -9999.0 -9999.0 -9999.0 -9999.0 0.040168 0.040026 0.040017 0.040078 0.040008 0.040009 0.056694 0.394333 0.120771 0.272844 0.226809 0.075056 0.068992 0.078434 0.118871 0.137939 0.094902 0.438899 0.133812 0.040172 0.040041 0.040015 0.020017 0.040027 0.040028 0.040015 0.040037 0.040033 0.089973 0.058809 0.040030 0.020033 0.020047 0.040375 0.020036 0.020036 0.020074 0.040139 0.040034 0.040667 0.089406 0.520000 0.094143 0.040204 0.040018 0.040007 0.020022 0.040017 0.020035 0.064395 0.099751 0.520000 -9999.0 -9999.0 -9999.0
-9999.0 -9999.0 -9999.0 -9999.0 -9999.0 -9999.0 -9999.0 -9999.0 0.020022 0.040063 0.040019 0.040017 0.040034 0.040022 0.040158 0.089806 0.246772 0.194596 0.070070 0.074344 0.328364 0.288157 0.285375 0.329712 0.097511 0.315703 0.471482 0.043006 0.020032 0.040019 0.040014 0.020038 0.040034 0.020040 0.040067 0.040627 0.061811 0.040395 0.040539 0.040072 0.040026 0.040006 0.020041 0.040095 0.040024 0.040168 0.020033 0.040054 0.041534 0.415954 0.520000 0.042385 0.040018 0.040014 0.040036 0.020044 0.040111 0.066364 0.490298 0.520000 0.081773 -9999.0 -9999.0
-9999.0 -9999.0 -9999.0 -9999.0 -9999.0 -9999.0 -9999.0 -9999.0 0.040028 0.040005 0.040040 0.040014 0.040024 0.020039 0.040353 0.040180 0.096168 0.304861 0.070618 0.294106 0.073597 0.206700 0.256759 0.083189 0.304726 0.249535 0.195253 0.040090 0.020031 0.040030 0.020045 0.044060 0.040033 0.040041 0.045679 0.041469 0.081018 0.520000 0.071083 0.040229 0.040058 0.020047 0.040120 0.040004 0.040086 0.040082 0.020034 0.040034 0.040035 0.076854 0.436504 0.089307 0.040016 0.040019 0.040063 0.040212 0.133491 0.520000 0.414433 0.520000 0.391814 -9999.0 -9999.0
-9999.0 -9999.0 -9999.0 -9999.0 -9999.0 -9999.0 -9999.0 -9999.0 0.020028 0.040075 0.040019 0.020032 0.040021 0.040083 0.040971 0.139726 0.093234 0.073419 0.352713 0.069512 0.076240 0.075915 0.219889 0.091405 0.101891 0.316494 0.052752 0.040044 0.040951 0.040208 0.040174 0.041095 0.072674 0.041635 0.043093 0.067685 0.178502 0.256673 0.430858 0.060821 0.040342 0.041939 0.041152 0.020073 0.040045 0.020048 0.040069 0.020062 0.040038 0.040127 0.081854 0.462836 0.085750 0.040106 0.086756 0.520000 0.520000 0.520000 0.345158 0.399174 0.392076 0.330659 -9999.0
-9999.0 -9999.0 -9999.0 -9999.0 -9999.0 -9999.0 -9999.0 -9999.0 0.040011 0.040065 0.040022 0.040063 0.040380 0.055882 0.115365 0.520000 0.509949 0.265754 0.285102 0.197692 0.074032 0.090136 0.078756 0.080146 0.341945 0.090746 0.040111 0.051450 0.081183 0.041248 0.042787 0.092344 0.520000 0.125514 0.091460 0.120052 0.396309 0.201943 0.232903 0.501385 0.095884 0.089913 0.105263 0.076373 0.040145 0.050670 0.041103 0.057627 0.040644 0.086352 0.463122 0.299269 0.407256 0.434621 0.520000 0.520000 0.520000 0.483626 0.466171 0.395515 0.302185 0.342013 -9999.0
-9999.0 -9999.0 0.040038 0.040133 0.040004 0.040067 0.040004 0.040021 0.040020 0.040031 0.040115 0.040088 0.060331 0.043789 0.171688 0.520000 0.077156 0.040093 0.040580 0.093662 0.191378 0.153821 0.473063 0.070060 0.109185 0.198010 0.087200 0.097630 0.356725 0.156271 0.074486 0.215328 0.520000 0.335371 0.418014 0.238180 0.340453 0.118775 0.144907 0.233328 0.377029 0.426205 0.363844 0.443874 0.090476 0.089122 0.500414 0.403865 0.426062 0.392843 0.334009 0.301575 0.483519 0.520000 0.520000 0.520000 0.520000 0.453667 0.443774 0.342213 0.481404 0.354122 -9999.0
-9999.0 0.040519 0.040202 0.040137 0.040075 0.040007 0.040005 0.040018 0.040013 0.040018 0.040031 0.040159 0.085226 0.080347 0.123421 0.040860 0.040104 0.040046 0.040155 0.079886 0.191610 0.260010 0.520000 0.393468 0.142417 0.097683 0.250299 0.301574 0.358336 0.420541 0.284903 0.349141 0.520000 0.471968 0.318889 0.279762 0.246835 0.071308 0.306964 0.303258 0.292184 0.337418 0.361832 0.209009 0.202439 0.178271 0.377019 0.174946 0.297732 0.310138 0.376726 0.461881 0.520000 0.520000 0.520000 0.520000 0.494809 0.459399 0.520000 0.135795 0.272628 0.358990 -9999.0
-9999.0 0.093709 0.040009 0.056857 0.075569 0.040024 0.040031 0.040015 0.040017 0.040016 0.040023 0.040091 0.109921 0.127760 0.050417 0.040030 0.040019 0.040031 0.043762 0.089379 0.138282 0.418754 0.361619 0.520000 0.482553 0.281980 0.069819 0.075320 0.284603 0.084334 0.069035 0.070791 0.428303 0.420394 0.411361 0.311020 0.339637 0.290157 0.248939 0.197205 0.251711 0.308423 0.312673 0.069587 0.066852 0.067980 0.242326 0.317024 0.333939 0.364911 0.408439 0.375707 0.439266 0.520000 0.520000 0.058901 0.053198 0.056205 0.062788 0.046508 0.065722 -9999.0 -9999.0
-9999.0 0.040472 0.040010 0.041098 0.245298 0.042512 0.076408 0.040057 0.040044 0.040041 0.040124 0.071437 0.120359 0.090201 0.040067 0.040021 0.040016 0.040035 0.040060 0.050442 0.046906 0.061872 0.212943 0.474783 0.505613 0.380176 0.390964 0.387805 0.079909 0.274972 0.073602 0.072565 0.360041 0.374674 0.307135 0.230637 0.248038 0.267249 0.208899 0.186249 0.190793 0.304089 0.261669 0.070521 0.070595 0.305669 0.298940 0.374557 0.401292 0.305097 0.421213 0.101083 0.069434 0.041722 0.043285 0.040148 0.040142 0.040097 0.040109 -9999.0 -9999.0 -9999.0 -9999.0
