erum2020/resources/simulation/Vinschgau/output-maps/thetaliqL0005N1415.asc
ncols         63
nrows         48
xllcorner     598000.000000
yllcorner     5145000.000000
cellsize      1000.000000
NODATA_value  -9999.0
[rows 0 to 28 of 48, columns 0 to 62 of 63]
-9999.0 -9999.0 -9999.0 -9999.0 -9999.0 -9999.0 -9999.0 -9999.0 -9999.0 -9999.0 -9999.0 -9999.0 -9999.0 -9999.0 -9999.0 -9999.0 -9999.0 -9999.0 -9999.0 -9999.0 -9999.0 -9999.0 -9999.0 -9999.0 -9999.0 -9999.0 -9999.0 -9999.0 -9999.0 -9999.0 -9999.0 -9999.0 -9999.0 -9999.0 -9999.0 -9999.0 -9999.0 -9999.0 -9999.0 -9999.0 -9999.0 -9999.0 -9999.0 -9999.0 -9999.0 -9999.0 -9999.0 -9999.0 -9999.0 -9999.0 -9999.0 -9999.0 -9999.0 -9999.0 -9999.0 -9999.0 -9999.0 -9999.0 -9999.0 -9999.0 -9999.0 -9999.0 -9999.0
-9999.0 -9999.0 -9999.0 -9999.0 -9999.0 -9999.0 -9999.0 -9999.0 -9999.0 -9999.0 -9999.0 -9999.0 -9999.0 -9999.0 -9999.0 -9999.0 -9999.0 -9999.0 -9999.0 -9999.0 -9999.0 -9999.0 -9999.0 -9999.0 -9999.0 -9999.0 -9999.0 0.020507 0.052213 0.040764 0.045474 0.020328 0.020042 -9999.0 -9999.0 -9999.0 -9999.0 -9999.0 -9999.0 -9999.0 -9999.0 -9999.0 -9999.0 -9999.0 -9999.0 -9999.0 -9999.0 -9999.0 -9999.0 -9999.0 -9999.0 -9999.0 -9999.0 -9999.0 -9999.0 -9999.0 -9999.0 -9999.0 -9999.0 -9999.0 -9999.0 -9999.0 -9999.0
-9999.0 -9999.0 -9999.0 -9999.0 -9999.0 -9999.0 -9999.0 -9999.0 -9999.0 -9999.0 -9999.0 -9999.0 -9999.0 -9999.0 -9999.0 -9999.0 -9999.0 -9999.0 -9999.0 -9999.0 -9999.0 -9999.0 -9999.0 -9999.0 0.203396 0.211223 0.212527 0.202440 0.228950 0.170176 0.041908 -9999.0 -9999.0 -9999.0 -9999.0 -9999.0 -9999.0 -9999.0 -9999.0 -9999.0 -9999.0 -9999.0 -9999.0 -9999.0 -9999.0 -9999.0 -9999.0 -9999.0 -9999.0 -9999.0 -9999.0 -9999.0 -9999.0 -9999.0 -9999.0 -9999.0 -9999.0 -9999.0 -9999.0 -9999.0 -9999.0 -9999.0 -9999.0
-9999.0 -9999.0 -9999.0 -9999.0 -9999.0 -9999.0 -9999.0 -9999.0 -9999.0 -9999.0 -9999.0 -9999.0 -9999.0 -9999.0 -9999.0 -9999.0 -9999.0 -9999.0 -9999.0 -9999.0 -9999.0 -9999.0 -9999.0 0.208086 0.188299 0.083595 0.074251 0.058822 0.059010 0.132969 0.042482 0.040245 -9999.0 -9999.0 -9999.0 -9999.0 -9999.0 -9999.0 -9999.0 -9999.0 -9999.0 -9999.0 -9999.0 -9999.0 -9999.0 -9999.0 -9999.0 -9999.0 -9999.0 -9999.0 -9999.0 -9999.0 -9999.0 -9999.0 -9999.0 -9999.0 -9999.0 -9999.0 -9999.0 -9999.0 -9999.0 -9999.0 -9999.0
-9999.0 -9999.0 -9999.0 -9999.0 -9999.0 -9999.0 -9999.0 -9999.0 -9999.0 -9999.0 -9999.0 -9999.0 -9999.0 -9999.0 -9999.0 -9999.0 -9999.0 -9999.0 0.167674 0.171919 -9999.0 0.196304 0.181701 0.059859 0.078696 0.059853 0.137380 0.119689 0.125691 0.091410 0.154099 0.045336 0.020076 0.020060 -9999.0 -9999.0 -9999.0 -9999.0 -9999.0 -9999.0 -9999.0 -9999.0 -9999.0 -9999.0 -9999.0 -9999.0 -9999.0 -9999.0 -9999.0 -9999.0 -9999.0 -9999.0 -9999.0 -9999.0 -9999.0 -9999.0 -9999.0 -9999.0 -9999.0 -9999.0 -9999.0 -9999.0 -9999.0
-9999.0 -9999.0 -9999.0 -9999.0 -9999.0 -9999.0 -9999.0 -9999.0 -9999.0 -9999.0 -9999.0 -9999.0 -9999.0 -9999.0 -9999.0 -9999.0 -9999.0 0.083649 0.074097 0.020508 0.070238 0.160087 0.089725 0.061761 0.117215 0.156555 0.048374 0.109541 0.059617 0.142982 0.184798 0.149932 0.076558 0.020356 0.020065 0.020053 -9999.0 -9999.0 -9999.0 -9999.0 -9999.0 -9999.0 -9999.0 -9999.0 -9999.0 -9999.0 -9999.0 -9999.0 -9999.0 -9999.0 -9999.0 -9999.0 -9999.0 -9999.0 -9999.0 -9999.0 -9999.0 -9999.0 -9999.0 -9999.0 -9999.0 -9999.0 -9999.0
-9999.0 -9999.0 -9999.0 -9999.0 -9999.0 -9999.0 -9999.0 -9999.0 -9999.0 -9999.0 -9999.0 -9999.0 -9999.0 0.101020 0.083183 0.087638 0.080039 0.022542 0.084780 0.060561 0.078492 0.080235 0.060652 0.085834 0.170125 0.183151 0.020178 0.056146 0.049206 0.181315 0.040061 0.221907 0.125773 0.045726 0.020116 0.020051 -9999.0 -9999.0 -9999.0 -9999.0 -9999.0 -9999.0 -9999.0 -9999.0 -9999.0 -9999.0 -9999.0 -9999.0 -9999.0 -9999.0 -9999.0 -9999.0 -9999.0 -9999.0 -9999.0 -9999.0 -9999.0 -9999.0 -9999.0 -9999.0 -9999.0 -9999.0 -9999.0
-9999.0 -9999.0 -9999.0 -9999.0 -9999.0 -9999.0 -9999.0 -9999.0 -9999.0 -9999.0 -9999.0 -9999.0 -9999.0 0.137705 0.075510 0.082213 0.080905 0.135309 0.022536 0.073788 0.063968 0.060948 0.080411 0.107903 0.086347 0.066369 0.052471 0.025863 0.020102 0.040610 0.045961 0.045484 0.020081 0.020049 0.020058 -9999.0 -9999.0 -9999.0 -9999.0 -9999.0 -9999.0 -9999.0 -9999.0 -9999.0 -9999.0 -9999.0 -9999.0 -9999.0 -9999.0 -9999.0 -9999.0 -9999.0 -9999.0 -9999.0 -9999.0 -9999.0 -9999.0 -9999.0 -9999.0 -9999.0 -9999.0 -9999.0 -9999.0
-9999.0 -9999.0 -9999.0 -9999.0 -9999.0 -9999.0 -9999.0 -9999.0 -9999.0 -9999.0 -9999.0 -9999.0 -9999.0 0.073456 0.430000 0.081726 0.082172 0.081681 0.022520 0.083007 0.108699 0.020700 0.144996 0.095629 0.083007 0.085587 0.071787 0.020086 0.040263 0.020064 0.041276 0.020037 0.020041 0.020016 0.020045 -9999.0 -9999.0 -9999.0 -9999.0 -9999.0 -9999.0 -9999.0 -9999.0 -9999.0 -9999.0 -9999.0 -9999.0 -9999.0 -9999.0 -9999.0 -9999.0 -9999.0 -9999.0 -9999.0 -9999.0 -9999.0 -9999.0 -9999.0 -9999.0 -9999.0 -9999.0 -9999.0 -9999.0
-9999.0 -9999.0 -9999.0 -9999.0 -9999.0 -9999.0 -9999.0 -9999.0 -9999.0 -9999.0 -9999.0 -9999.0 0.060569 0.430000 0.074279 0.081178 0.097552 0.084799 0.115712 0.020468 0.078773 0.115988 0.021486 0.110669 0.040053 0.047901 0.040023 0.041352 0.143954 0.020073 0.040016 0.020070 0.040064 0.020050 -9999.0 -9999.0 -9999.0 -9999.0 -9999.0 -9999.0 -9999.0 -9999.0 -9999.0 -9999.0 -9999.0 -9999.0 -9999.0 -9999.0 -9999.0 -9999.0 -9999.0 -9999.0 -9999.0 -9999.0 -9999.0 -9999.0 -9999.0 -9999.0 -9999.0 -9999.0 -9999.0 -9999.0 -9999.0
-9999.0 -9999.0 -9999.0 -9999.0 -9999.0 -9999.0 -9999.0 -9999.0 -9999.0 -9999.0 -9999.0 0.143425 0.080310 0.294049 0.074755 0.125258 0.020460 0.082788 0.153304 0.020403 0.065147 0.095377 0.110490 0.112141 0.071930 0.158128 0.040240 0.046401 0.040058 0.020053 0.020068 0.142345 0.020119 0.020061 0.020065 0.020156 0.040106 0.046041 0.022877 -9999.0 -9999.0 -9999.0 0.020058 -9999.0 -9999.0 -9999.0 -9999.0 -9999.0 -9999.0 -9999.0 -9999.0 -9999.0 -9999.0 -9999.0 -9999.0 -9999.0 -9999.0 -9999.0 -9999.0 -9999.0 -9999.0 -9999.0 -9999.0
-9999.0 -9999.0 -9999.0 -9999.0 -9999.0 -9999.0 -9999.0 -9999.0 -9999.0 -9999.0 -9999.0 0.142382 0.078795 0.058476 0.070910 0.091630 0.068619 0.072389 0.147738 0.098475 0.115983 0.106016 0.224894 0.040040 0.040085 0.047014 0.045781 0.166923 0.025832 0.020060 0.045796 0.185541 0.040214 0.040030 0.040024 0.045949 0.142260 0.076269 0.045791 0.020064 0.020067 0.020058 0.045566 0.020079 -9999.0 -9999.0 -9999.0 0.040012 0.040016 0.020061 0.040021 0.020036 0.020035 0.040012 0.040013 0.020033 -9999.0 -9999.0 -9999.0 -9999.0 -9999.0 -9999.0 -9999.0
-9999.0 -9999.0 -9999.0 -9999.0 -9999.0 -9999.0 -9999.0 -9999.0 -9999.0 -9999.0 -9999.0 0.147278 0.136820 0.069684 0.165574 0.089296 0.083415 0.075991 0.080910 0.098162 0.139111 0.141592 0.040115 0.224546 0.046650 0.025112 0.040092 0.040018 0.020191 0.040035 0.020102 0.040067 0.178007 0.040033 0.020076 0.163488 0.040116 0.040256 0.082372 0.020123 0.046826 0.020132 0.176718 0.046442 0.040025 -9999.0 0.020044 0.040023 0.045653 0.136367 0.087953 0.068557 0.024340 0.042559 0.021489 0.040033 -9999.0 -9999.0 -9999.0 -9999.0 -9999.0 -9999.0 -9999.0
-9999.0 -9999.0 -9999.0 -9999.0 -9999.0 -9999.0 -9999.0 -9999.0 -9999.0 -9999.0 -9999.0 -9999.0 0.149763 0.224425 0.133734 0.133096 0.114383 0.077848 0.140351 0.099592 0.086943 0.075768 0.072688 0.040310 0.040030 0.040079 0.430000 0.058840 0.042962 0.020081 0.045539 0.040091 0.091108 0.041305 0.040134 0.059516 0.040097 0.040198 0.155281 0.055440 0.106486 0.061397 0.040305 0.224172 0.020102 0.040022 0.020057 0.040028 0.040030 0.040213 0.043877 0.040106 0.040017 0.040047 0.040028 0.045848 0.040049 -9999.0 -9999.0 -9999.0 -9999.0 -9999.0 -9999.0
-9999.0 -9999.0 -9999.0 -9999.0 -9999.0 -9999.0 -9999.0 -9999.0 -9999.0 -9999.0 -9999.0 0.040234 0.175934 0.086847 0.234963 0.125468 0.087922 0.087574 0.103480 0.108303 0.081986 0.138402 0.322717 0.040086 0.040093 0.040127 0.040253 0.041371 0.040719 0.029445 0.040081 0.040059 0.147815 0.042002 0.040021 0.045683 0.046578 0.040249 0.159047 0.084273 0.040250 0.108198 0.200992 0.020519 0.125644 0.042396 0.084941 0.033410 0.079323 0.022913 0.020045 0.042187 0.040017 0.020029 0.020025 0.020033 0.020072 -9999.0 -9999.0 -9999.0 -9999.0 -9999.0 -9999.0
-9999.0 -9999.0 -9999.0 -9999.0 -9999.0 -9999.0 -9999.0 -9999.0 -9999.0 -9999.0 0.430000 0.043690 0.181480 0.167687 0.146359 0.429182 0.426743 0.152595 0.090356 0.112324 0.119103 0.168962 0.040272 0.182844 0.081192 0.040041 0.040049 0.020034 0.081916 0.129290 0.049458 0.040092 0.151663 0.041522 0.020049 0.020106 0.139603 0.040144 0.043670 0.353706 0.183219 0.028756 0.156455 0.195777 0.053315 0.032457 0.113798 0.040596 0.044457 0.112137 0.020033 0.020051 0.020023 0.020029 0.020031 0.041131 0.042436 -9999.0 -9999.0 -9999.0 -9999.0 -9999.0 -9999.0
-9999.0 -9999.0 -9999.0 -9999.0 -9999.0 -9999.0 -9999.0 -9999.0 -9999.0 0.071982 0.246594 0.046464 0.080117 0.040239 0.055465 0.066200 0.046921 0.144179 0.076752 0.105446 0.113314 0.100423 0.097196 0.102214 0.287718 0.040058 0.040026 0.155269 0.043608 0.127592 0.347999 0.020089 0.020137 0.020054 0.020064 0.020106 0.158095 0.040076 0.040113 0.048178 0.040919 0.040800 0.040398 0.112696 0.103560 0.050367 0.122239 0.040170 0.040176 0.335493 0.020093 0.020067 0.020027 0.020027 0.020034 0.040015 0.040026 0.020086 0.020038 -9999.0 -9999.0 -9999.0 -9999.0
-9999.0 -9999.0 -9999.0 -9999.0 -9999.0 -9999.0 -9999.0 -9999.0 -9999.0 0.024379 0.052490 0.119891 0.430000 0.184662 0.044441 0.040213 0.172265 0.114934 0.075032 0.099000 0.103939 0.080139 0.140337 0.222434 0.040093 0.040063 0.040300 0.094587 0.249873 0.225700 0.119658 0.040035 0.060092 0.040049 0.045587 0.020109 0.020333 0.057954 0.046379 0.139828 0.040140 0.040050 0.040733 0.189940 0.147467 0.134079 0.097720 0.081046 0.154773 0.208563 0.020051 0.040008 0.020027 0.040010 0.020062 0.040011 0.040028 0.040048 0.021238 -9999.0 -9999.0 -9999.0 -9999.0
-9999.0 -9999.0 -9999.0 -9999.0 -9999.0 -9999.0 -9999.0 -9999.0 -9999.0 -9999.0 0.045404 0.141585 0.071303 0.040211 0.146594 0.047045 0.162552 0.089281 0.073404 0.093828 0.107121 0.068977 0.100667 0.042648 0.040088 0.052310 0.320588 0.186731 0.150734 0.040051 0.040038 0.040020 0.040015 0.040335 0.187430 0.150389 0.197578 0.203641 0.020419 0.045592 0.042380 0.225331 0.430000 0.056445 0.153566 0.199950 0.082421 0.140649 0.062717 0.105531 0.020079 0.020059 0.020033 0.020028 0.040010 0.040022 0.303540 0.040041 0.057384 0.074955 -9999.0 -9999.0 -9999.0
-9999.0 -9999.0 -9999.0 -9999.0 -9999.0 -9999.0 -9999.0 -9999.0 -9999.0 -9999.0 0.042758 0.129465 0.210574 0.123669 0.228324 0.144580 0.173240 0.102612 0.083893 0.084469 0.085286 0.082752 0.079650 0.042941 0.055245 0.272515 0.204358 0.188096 0.040071 0.040017 0.045496 0.273171 0.020040 0.040059 0.045938 0.214424 0.040043 0.047519 0.040046 0.040903 0.047480 0.141539 0.040272 0.133388 0.229989 0.020758 0.130480 0.141086 0.078881 0.066639 0.384674 0.040042 0.040013 0.020037 0.020025 0.020028 0.040020 0.040145 0.317449 0.261922 -9999.0 -9999.0 -9999.0
-9999.0 -9999.0 -9999.0 -9999.0 -9999.0 -9999.0 -9999.0 -9999.0 0.231431 0.045477 0.020313 0.249220 0.040072 0.040739 0.052034 0.175347 0.064388 0.080041 0.080068 0.082791 0.079879 0.072673 0.073988 0.078706 0.123170 0.216258 0.239659 0.040147 0.040064 0.040018 0.020056 0.045580 0.045791 0.040166 0.074015 0.047282 0.114735 0.068559 0.040025 0.020115 0.032921 0.223974 0.020045 0.020152 0.067675 0.430000 0.040028 0.040384 0.166091 0.187971 0.284031 0.020212 0.040020 0.040007 0.020030 0.020228 0.020099 0.216934 0.115463 0.097500 -9999.0 -9999.0 -9999.0
-9999.0 -9999.0 -9999.0 -9999.0 -9999.0 -9999.0 -9999.0 -9999.0 0.020045 0.040096 0.040023 0.040422 0.053659 0.040029 0.040117 0.188589 0.089991 0.080605 0.062889 0.082378 0.143925 0.091299 0.083206 0.077283 0.075090 0.116551 0.258350 0.043832 0.020042 0.041194 0.040039 0.020205 0.104363 0.020504 0.230509 0.221167 0.114608 0.338952 0.042111 0.153001 0.045706 0.020165 0.025041 0.142455 0.429665 0.040157 0.020039 0.144388 0.043881 0.201631 0.250596 0.043745 0.040015 0.040022 0.024390 0.020084 0.040113 0.151530 0.069858 0.110426 0.085460 -9999.0 -9999.0
-9999.0 -9999.0 -9999.0 -9999.0 -9999.0 -9999.0 -9999.0 -9999.0 0.045593 0.272529 0.123038 0.040015 0.282778 0.020049 0.040157 0.040151 0.136961 0.081192 0.072060 0.143561 0.082110 0.090770 0.082947 0.081615 0.088328 0.080592 0.236254 0.040075 0.020036 0.045939 0.029501 0.246732 0.040042 0.020104 0.231712 0.121348 0.172956 0.172242 0.066369 0.040426 0.158116 0.035578 0.218199 0.222417 0.040074 0.216372 0.020110 0.115692 0.040033 0.126539 0.181614 0.319056 0.040026 0.040016 0.040862 0.187627 0.330712 0.141665 0.076215 0.111017 0.100991 -9999.0 -9999.0
-9999.0 -9999.0 -9999.0 -9999.0 -9999.0 -9999.0 -9999.0 -9999.0 0.020059 0.166118 0.040429 0.020037 0.228128 0.040065 0.020737 0.269015 0.066229 0.073078 0.110033 0.083060 0.083225 0.083617 0.092698 0.092310 0.091944 0.133455 0.055742 0.040036 0.210644 0.040794 0.040183 0.043122 0.063521 0.374622 0.022279 0.107684 0.097455 0.078754 0.146954 0.074790 0.126381 0.121678 0.126936 0.067812 0.156959 0.035260 0.084697 0.059361 0.047143 0.040120 0.207669 0.138640 0.290737 0.042804 0.386365 0.281970 0.103816 0.131362 0.111644 0.103797 0.091323 0.130748 -9999.0
-9999.0 -9999.0 -9999.0 -9999.0 -9999.0 -9999.0 -9999.0 -9999.0 0.040015 0.251094 0.040027 0.040052 0.040510 0.043072 0.331561 0.146433 0.166846 0.087691 0.118814 0.079875 0.083833 0.086408 0.084415 0.084444 0.080769 0.139712 0.040090 0.051764 0.203196 0.429619 0.041446 0.295868 0.079529 0.195179 0.094880 0.066489 0.063279 0.074649 0.066354 0.121208 0.079961 0.022216 0.107026 0.032833 0.040145 0.121615 0.043133 0.064529 0.042204 0.268757 0.075272 0.115471 0.137651 0.159707 0.224409 0.222169 0.158863 0.127327 0.114772 0.075841 0.080593 0.137783 -9999.0
-9999.0 -9999.0 0.024698 0.211912 0.040014 0.040053 0.040022 0.040027 0.045660 0.118084 0.040099 0.040494 0.045133 0.430000 0.140136 0.417827 0.100823 0.040076 0.040308 0.183397 0.080178 0.084989 0.097760 0.081992 0.088912 0.085952 0.151173 0.154111 0.097539 0.129484 0.112752 0.126167 0.118155 0.081270 0.081894 0.077162 0.080000 0.072203 0.064440 0.068160 0.061941 0.061658 0.068435 0.084898 0.156955 0.080612 0.149694 0.179009 0.064716 0.084859 0.081897 0.117818 0.151242 0.181640 0.205562 0.186446 0.164668 0.123533 0.081088 0.089056 0.129913 0.148837 -9999.0
-9999.0 0.040254 0.040189 0.040119 0.040061 0.040105 0.040023 0.040021 0.040013 0.040271 0.040035 0.040132 0.320492 0.243539 0.429948 0.041127 0.040090 0.040040 0.040071 0.164874 0.081705 0.076929 0.119574 0.112152 0.084447 0.084287 0.089302 0.090848 0.080612 0.096475 0.080059 0.081318 0.080815 0.089342 0.076121 0.081681 0.071538 0.070060 0.081486 0.081894 0.074522 0.076918 0.070944 0.074959 0.077392 0.076240 0.106945 0.073151 0.075677 0.102230 0.112241 0.136930 0.164355 0.206214 0.212439 0.326907 0.297210 0.272016 0.322443 0.242521 0.214148 0.151599 -9999.0
-9999.0 0.209066 0.090414 0.068428 0.242919 0.046947 0.040025 0.040016 0.040205 0.020105 0.040024 0.040074 0.250508 0.318457 0.046794 0.040026 0.040023 0.040031 0.041417 0.123948 0.238406 0.150443 0.134550 0.139788 0.163575 0.148418 0.078470 0.085190 0.080590 0.071537 0.070926 0.071348 0.083822 0.090508 0.091444 0.082911 0.133102 0.130017 0.080832 0.080526 0.080774 0.085258 0.071775 0.078323 0.075252 0.069756 0.090208 0.088347 0.091615 0.098201 0.100311 0.149242 0.237679 0.326167 0.430000 0.068951 0.041838 0.050783 0.067635 0.046601 0.080475 -9999.0 -9999.0
-9999.0 0.092036 0.060725 0.048493 0.281422 0.246922 0.258245 0.040047 0.040038 0.040041 0.040105 0.091992 0.235859 0.394780 0.040055 0.040018 0.040017 0.040057 0.040049 0.040463 0.043645 0.074061 0.136749 0.173932 0.169017 0.110556 0.101039 0.097003 0.084000 0.089347 0.082110 0.081691 0.086479 0.085046 0.083442 0.082314 0.081933 0.128328 0.081692 0.081579 0.081667 0.132693 0.082337 0.081023 0.081145 0.084939 0.086758 0.092149 0.105201 0.099698 0.138777 0.213823 0.088791 0.429742 0.043731 0.040072 0.040069 0.040048 0.040053 -9999.0 -9999.0 -9999.0 -9999.0
