erum2020/resources/simulation/Vinschgau/output-maps/thetaliqL0002N0780.asc
ncols         63
nrows         48
xllcorner     598000.000000
yllcorner     5145000.000000
cellsize      1000.000000
NODATA_value  -9999.0
[rows 0 to 28 of 48, columns 0 to 62 of 63]
-9999.0 -9999.0 -9999.0 -9999.0 -9999.0 -9999.0 -9999.0 -9999.0 -9999.0 -9999.0 -9999.0 -9999.0 -9999.0 -9999.0 -9999.0 -9999.0 -9999.0 -9999.0 -9999.0 -9999.0 -9999.0 -9999.0 -9999.0 -9999.0 -9999.0 -9999.0 -9999.0 -9999.0 -9999.0 -9999.0 -9999.0 -9999.0 -9999.0 -9999.0 -9999.0 -9999.0 -9999.0 -9999.0 -9999.0 -9999.0 -9999.0 -9999.0 -9999.0 -9999.0 -9999.0 -9999.0 -9999.0 -9999.0 -9999.0 -9999.0 -9999.0 -9999.0 -9999.0 -9999.0 -9999.0 -9999.0 -9999.0 -9999.0 -9999.0 -9999.0 -9999.0 -9999.0 -9999.0
-9999.0 -9999.0 -9999.0 -9999.0 -9999.0 -9999.0 -9999.0 -9999.0 -9999.0 -9999.0 -9999.0 -9999.0 -9999.0 -9999.0 -9999.0 -9999.0 -9999.0 -9999.0 -9999.0 -9999.0 -9999.0 -9999.0 -9999.0 -9999.0 -9999.0 -9999.0 -9999.0 0.020138 0.041401 0.020084 0.040298 0.040082 0.040041 -9999.0 -9999.0 -9999.0 -9999.0 -9999.0 -9999.0 -9999.0 -9999.0 -9999.0 -9999.0 -9999.0 -9999.0 -9999.0 -9999.0 -9999.0 -9999.0 -9999.0 -9999.0 -9999.0 -9999.0 -9999.0 -9999.0 -9999.0 -9999.0 -9999.0 -9999.0 -9999.0 -9999.0 -9999.0 -9999.0
-9999.0 -9999.0 -9999.0 -9999.0 -9999.0 -9999.0 -9999.0 -9999.0 -9999.0 -9999.0 -9999.0 -9999.0 -9999.0 -9999.0 -9999.0 -9999.0 -9999.0 -9999.0 -9999.0 -9999.0 -9999.0 -9999.0 -9999.0 -9999.0 0.047608 0.047796 0.048206 0.047597 0.040654 0.040134 0.040184 -9999.0 -9999.0 -9999.0 -9999.0 -9999.0 -9999.0 -9999.0 -9999.0 -9999.0 -9999.0 -9999.0 -9999.0 -9999.0 -9999.0 -9999.0 -9999.0 -9999.0 -9999.0 -9999.0 -9999.0 -9999.0 -9999.0 -9999.0 -9999.0 -9999.0 -9999.0 -9999.0 -9999.0 -9999.0 -9999.0 -9999.0 -9999.0
-9999.0 -9999.0 -9999.0 -9999.0 -9999.0 -9999.0 -9999.0 -9999.0 -9999.0 -9999.0 -9999.0 -9999.0 -9999.0 -9999.0 -9999.0 -9999.0 -9999.0 -9999.0 -9999.0 -9999.0 -9999.0 -9999.0 -9999.0 0.047936 0.055148 0.268714 0.341755 0.220031 0.044848 0.048248 0.040247 0.040110 -9999.0 -9999.0 -9999.0 -9999.0 -9999.0 -9999.0 -9999.0 -9999.0 -9999.0 -9999.0 -9999.0 -9999.0 -9999.0 -9999.0 -9999.0 -9999.0 -9999.0 -9999.0 -9999.0 -9999.0 -9999.0 -9999.0 -9999.0 -9999.0 -9999.0 -9999.0 -9999.0 -9999.0 -9999.0 -9999.0 -9999.0
-9999.0 -9999.0 -9999.0 -9999.0 -9999.0 -9999.0 -9999.0 -9999.0 -9999.0 -9999.0 -9999.0 -9999.0 -9999.0 -9999.0 -9999.0 -9999.0 -9999.0 -9999.0 0.475637 0.048552 -9999.0 0.048378 0.054861 0.279092 0.375359 0.148260 0.415910 0.500127 0.520000 0.072682 0.042936 0.040359 0.020062 0.020045 -9999.0 -9999.0 -9999.0 -9999.0 -9999.0 -9999.0 -9999.0 -9999.0 -9999.0 -9999.0 -9999.0 -9999.0 -9999.0 -9999.0 -9999.0 -9999.0 -9999.0 -9999.0 -9999.0 -9999.0 -9999.0 -9999.0 -9999.0 -9999.0 -9999.0 -9999.0 -9999.0 -9999.0 -9999.0
-9999.0 -9999.0 -9999.0 -9999.0 -9999.0 -9999.0 -9999.0 -9999.0 -9999.0 -9999.0 -9999.0 -9999.0 -9999.0 -9999.0 -9999.0 -9999.0 -9999.0 0.101073 0.271678 0.161188 0.021194 0.058755 0.070911 0.234957 0.389874 0.086867 0.046648 0.055963 0.053324 0.415674 0.046221 0.040109 0.020123 0.020132 0.020065 0.020052 -9999.0 -9999.0 -9999.0 -9999.0 -9999.0 -9999.0 -9999.0 -9999.0 -9999.0 -9999.0 -9999.0 -9999.0 -9999.0 -9999.0 -9999.0 -9999.0 -9999.0 -9999.0 -9999.0 -9999.0 -9999.0 -9999.0 -9999.0 -9999.0 -9999.0 -9999.0 -9999.0
-9999.0 -9999.0 -9999.0 -9999.0 -9999.0 -9999.0 -9999.0 -9999.0 -9999.0 -9999.0 -9999.0 -9999.0 -9999.0 0.056160 0.428828 0.223438 0.087622 0.027221 0.107900 0.251284 0.370870 0.336349 0.331446 0.418810 0.075685 0.049003 0.020122 0.040036 0.045778 0.056846 0.040250 0.040882 0.040062 0.040039 0.020046 0.020035 -9999.0 -9999.0 -9999.0 -9999.0 -9999.0 -9999.0 -9999.0 -9999.0 -9999.0 -9999.0 -9999.0 -9999.0 -9999.0 -9999.0 -9999.0 -9999.0 -9999.0 -9999.0 -9999.0 -9999.0 -9999.0 -9999.0 -9999.0 -9999.0 -9999.0 -9999.0 -9999.0
-9999.0 -9999.0 -9999.0 -9999.0 -9999.0 -9999.0 -9999.0 -9999.0 -9999.0 -9999.0 -9999.0 -9999.0 -9999.0 0.063583 0.380429 0.186816 0.100113 0.436489 0.023758 0.250154 0.149273 0.416616 0.391378 0.442437 0.092675 0.058849 0.041282 0.020114 0.020068 0.040161 0.040033 0.040299 0.020052 0.020018 0.020003 -9999.0 -9999.0 -9999.0 -9999.0 -9999.0 -9999.0 -9999.0 -9999.0 -9999.0 -9999.0 -9999.0 -9999.0 -9999.0 -9999.0 -9999.0 -9999.0 -9999.0 -9999.0 -9999.0 -9999.0 -9999.0 -9999.0 -9999.0 -9999.0 -9999.0 -9999.0 -9999.0 -9999.0
-9999.0 -9999.0 -9999.0 -9999.0 -9999.0 -9999.0 -9999.0 -9999.0 -9999.0 -9999.0 -9999.0 -9999.0 -9999.0 0.338839 0.520000 0.278483 0.162141 0.110345 0.023313 0.107994 0.471057 0.169530 0.083722 0.056659 0.252855 0.068341 0.020785 0.020059 0.040124 0.020021 0.040105 0.020018 0.020017 0.020018 0.020045 -9999.0 -9999.0 -9999.0 -9999.0 -9999.0 -9999.0 -9999.0 -9999.0 -9999.0 -9999.0 -9999.0 -9999.0 -9999.0 -9999.0 -9999.0 -9999.0 -9999.0 -9999.0 -9999.0 -9999.0 -9999.0 -9999.0 -9999.0 -9999.0 -9999.0 -9999.0 -9999.0 -9999.0
-9999.0 -9999.0 -9999.0 -9999.0 -9999.0 -9999.0 -9999.0 -9999.0 -9999.0 -9999.0 -9999.0 -9999.0 0.360977 0.520000 0.412886 0.465685 0.393021 0.234131 0.374968 0.151360 0.367042 0.056181 0.055017 0.048629 0.040187 0.040730 0.040049 0.040161 0.040068 0.020048 0.040007 0.020055 0.040022 0.020033 -9999.0 -9999.0 -9999.0 -9999.0 -9999.0 -9999.0 -9999.0 -9999.0 -9999.0 -9999.0 -9999.0 -9999.0 -9999.0 -9999.0 -9999.0 -9999.0 -9999.0 -9999.0 -9999.0 -9999.0 -9999.0 -9999.0 -9999.0 -9999.0 -9999.0 -9999.0 -9999.0 -9999.0 -9999.0
-9999.0 -9999.0 -9999.0 -9999.0 -9999.0 -9999.0 -9999.0 -9999.0 -9999.0 -9999.0 -9999.0 0.050703 0.520000 0.520000 0.442783 0.098522 0.189162 0.286233 0.520000 0.200000 0.313219 0.486425 0.049330 0.042445 0.040076 0.041433 0.040014 0.040773 0.040181 0.020036 0.020053 0.040076 0.020049 0.020044 0.020049 0.020054 0.040139 0.040696 0.041416 -9999.0 -9999.0 -9999.0 0.020047 -9999.0 -9999.0 -9999.0 -9999.0 -9999.0 -9999.0 -9999.0 -9999.0 -9999.0 -9999.0 -9999.0 -9999.0 -9999.0 -9999.0 -9999.0 -9999.0 -9999.0 -9999.0 -9999.0 -9999.0
-9999.0 -9999.0 -9999.0 -9999.0 -9999.0 -9999.0 -9999.0 -9999.0 -9999.0 -9999.0 -9999.0 0.049918 0.519548 0.520000 0.420923 0.056687 0.347284 0.214380 0.407107 0.505370 0.520000 0.063042 0.048906 0.040148 0.040030 0.040742 0.040576 0.040093 0.020085 0.020041 0.040728 0.040197 0.040110 0.040047 0.040054 0.040637 0.043389 0.045282 0.040909 0.020052 0.020055 0.020047 0.040475 0.020061 -9999.0 -9999.0 -9999.0 0.040070 0.040033 0.020047 0.040057 0.020038 0.020036 0.040122 0.040042 0.020033 -9999.0 -9999.0 -9999.0 -9999.0 -9999.0 -9999.0 -9999.0
-9999.0 -9999.0 -9999.0 -9999.0 -9999.0 -9999.0 -9999.0 -9999.0 -9999.0 -9999.0 -9999.0 0.042339 0.055774 0.049259 0.079277 0.077368 0.520000 0.412393 0.463450 0.404281 0.448028 0.067900 0.042808 0.043526 0.040673 0.020173 0.042328 0.040036 0.020086 0.040056 0.020071 0.040026 0.041406 0.040070 0.020059 0.040104 0.040043 0.040061 0.054753 0.020109 0.040988 0.040124 0.040096 0.040784 0.040063 -9999.0 0.020035 0.040050 0.040441 0.041223 0.041575 0.020104 0.040795 0.040307 0.040027 0.040084 -9999.0 -9999.0 -9999.0 -9999.0 -9999.0 -9999.0 -9999.0
-9999.0 -9999.0 -9999.0 -9999.0 -9999.0 -9999.0 -9999.0 -9999.0 -9999.0 -9999.0 -9999.0 -9999.0 0.050672 0.040826 0.063130 0.063620 0.424466 0.336276 0.520000 0.455688 0.415894 0.072724 0.040105 0.044965 0.040103 0.041866 0.046522 0.041196 0.040249 0.020064 0.040517 0.040031 0.041556 0.040173 0.040088 0.040899 0.040294 0.050618 0.120042 0.042351 0.045591 0.020785 0.040039 0.048617 0.020077 0.040064 0.020046 0.040077 0.040031 0.040242 0.049086 0.040043 0.040046 0.040035 0.040019 0.040035 0.040092 -9999.0 -9999.0 -9999.0 -9999.0 -9999.0 -9999.0
-9999.0 -9999.0 -9999.0 -9999.0 -9999.0 -9999.0 -9999.0 -9999.0 -9999.0 -9999.0 -9999.0 0.044823 0.048444 0.050920 0.041205 0.063396 0.159504 0.466863 0.520000 0.325243 0.412302 0.204721 0.060963 0.040198 0.042276 0.040133 0.044376 0.040154 0.040166 0.020236 0.041961 0.040075 0.041188 0.040190 0.040037 0.040545 0.040564 0.042683 0.067326 0.083124 0.042555 0.058087 0.040796 0.020657 0.054947 0.040215 0.040065 0.020276 0.020787 0.055940 0.020047 0.040193 0.040016 0.020025 0.020022 0.020024 0.020064 -9999.0 -9999.0 -9999.0 -9999.0 -9999.0 -9999.0
-9999.0 -9999.0 -9999.0 -9999.0 -9999.0 -9999.0 -9999.0 -9999.0 -9999.0 -9999.0 0.047174 0.047407 0.048579 0.048800 0.056223 0.047121 0.046171 0.110764 0.191732 0.346899 0.520000 0.520000 0.042957 0.055687 0.058763 0.040298 0.040085 0.020036 0.041631 0.044647 0.040268 0.040104 0.043964 0.040163 0.020033 0.020072 0.041777 0.040056 0.051851 0.093181 0.104592 0.161415 0.195886 0.520000 0.051241 0.020244 0.041277 0.040043 0.040287 0.058189 0.020035 0.020041 0.020020 0.020020 0.020018 0.040204 0.040037 -9999.0 -9999.0 -9999.0 -9999.0 -9999.0 -9999.0
-9999.0 -9999.0 -9999.0 -9999.0 -9999.0 -9999.0 -9999.0 -9999.0 -9999.0 0.040963 0.041056 0.040091 0.040369 0.048009 0.040311 0.051181 0.050830 0.252198 0.288229 0.179485 0.520000 0.308625 0.189225 0.250356 0.079218 0.040086 0.040091 0.048933 0.050663 0.057328 0.076884 0.040064 0.020074 0.020025 0.020049 0.020070 0.040109 0.040028 0.040616 0.048541 0.040187 0.044867 0.043647 0.417974 0.503844 0.055050 0.062548 0.047227 0.047508 0.163886 0.040011 0.020048 0.020018 0.020028 0.020036 0.040002 0.040010 0.020069 0.020041 -9999.0 -9999.0 -9999.0 -9999.0
-9999.0 -9999.0 -9999.0 -9999.0 -9999.0 -9999.0 -9999.0 -9999.0 -9999.0 0.040046 0.040056 0.044111 0.071609 0.061917 0.050403 0.048059 0.056057 0.307841 0.267141 0.353959 0.403506 0.323670 0.482943 0.075870 0.040177 0.041255 0.048544 0.058439 0.183398 0.076360 0.055137 0.040046 0.040514 0.040079 0.040392 0.020095 0.020138 0.020567 0.040696 0.044928 0.040805 0.040090 0.049331 0.407332 0.442946 0.452029 0.483421 0.111528 0.061750 0.084807 0.040027 0.040011 0.020028 0.040014 0.020036 0.040013 0.040019 0.040027 0.020153 -9999.0 -9999.0 -9999.0 -9999.0
-9999.0 -9999.0 -9999.0 -9999.0 -9999.0 -9999.0 -9999.0 -9999.0 -9999.0 -9999.0 0.040371 0.042501 0.050956 0.040933 0.071019 0.050882 0.060691 0.454019 0.262605 0.335327 0.487937 0.338439 0.075836 0.047265 0.042119 0.056232 0.081263 0.519934 0.054970 0.040125 0.040051 0.040054 0.040022 0.040132 0.040098 0.041371 0.048373 0.049045 0.020128 0.040522 0.040212 0.048856 0.054179 0.051615 0.079570 0.120817 0.506705 0.498314 0.477158 0.080319 0.040054 0.040028 0.020035 0.020028 0.040015 0.040037 0.040082 0.040134 0.040105 0.056972 -9999.0 -9999.0 -9999.0
-9999.0 -9999.0 -9999.0 -9999.0 -9999.0 -9999.0 -9999.0 -9999.0 -9999.0 -9999.0 0.040255 0.041247 0.048480 0.040406 0.520000 0.188083 0.107109 0.273584 0.241583 0.153032 0.113718 0.290524 0.064499 0.050550 0.056000 0.402146 0.520000 0.081880 0.040129 0.040029 0.040430 0.040553 0.020034 0.040069 0.040589 0.041708 0.040374 0.040434 0.040081 0.040139 0.040908 0.020391 0.040061 0.043299 0.049453 0.041954 0.055938 0.080289 0.520000 0.520000 0.063259 0.040063 0.040023 0.020038 0.020025 0.020030 0.040050 0.043021 0.520000 0.520000 -9999.0 -9999.0 -9999.0
-9999.0 -9999.0 -9999.0 -9999.0 -9999.0 -9999.0 -9999.0 -9999.0 0.042860 0.040552 0.040126 0.043132 0.040060 0.040069 0.040245 0.481483 0.238663 0.318750 0.280736 0.103064 0.088983 0.198708 0.240699 0.310314 0.145518 0.488296 0.520000 0.040764 0.040088 0.040020 0.020022 0.040554 0.040580 0.040102 0.040063 0.040790 0.056062 0.040457 0.040033 0.020080 0.020184 0.040812 0.020046 0.020084 0.020822 0.047388 0.040038 0.044892 0.084601 0.520000 0.072552 0.040038 0.040035 0.040009 0.020033 0.040118 0.020087 0.055180 0.166398 0.520000 -9999.0 -9999.0 -9999.0
-9999.0 -9999.0 -9999.0 -9999.0 -9999.0 -9999.0 -9999.0 -9999.0 0.020054 0.040026 0.040040 0.040131 0.040974 0.040091 0.040586 0.124003 0.354126 0.309685 0.157716 0.104462 0.395458 0.344050 0.337076 0.351905 0.234467 0.443865 0.520000 0.045744 0.020043 0.040169 0.040083 0.020131 0.040067 0.020146 0.040274 0.048549 0.054659 0.046569 0.046332 0.042882 0.040461 0.040011 0.020121 0.043177 0.046703 0.041050 0.020041 0.042468 0.050454 0.520000 0.520000 0.046746 0.040019 0.040071 0.040895 0.020071 0.041604 0.058841 0.520000 0.520000 0.139354 -9999.0 -9999.0
-9999.0 -9999.0 -9999.0 -9999.0 -9999.0 -9999.0 -9999.0 -9999.0 0.040530 0.041277 0.040542 0.040026 0.040354 0.020056 0.043619 0.040859 0.181989 0.362954 0.113468 0.343446 0.101739 0.252746 0.313412 0.142157 0.349734 0.376660 0.478156 0.040339 0.020039 0.040721 0.020231 0.041163 0.040089 0.040110 0.044731 0.054125 0.040268 0.520000 0.063565 0.041083 0.041536 0.020277 0.042946 0.041080 0.040320 0.042770 0.020087 0.041839 0.040121 0.086010 0.509702 0.069892 0.040033 0.040021 0.046931 0.040723 0.515288 0.520000 0.520000 0.520000 0.483764 -9999.0 -9999.0
-9999.0 -9999.0 -9999.0 -9999.0 -9999.0 -9999.0 -9999.0 -9999.0 0.020047 0.043079 0.040065 0.020039 0.040183 0.040167 0.041690 0.392670 0.271614 0.146883 0.402099 0.093490 0.127253 0.127261 0.260181 0.131540 0.193508 0.403035 0.054534 0.040051 0.048295 0.040090 0.042329 0.042949 0.051149 0.041642 0.045337 0.055796 0.421120 0.388817 0.519889 0.053665 0.044271 0.047794 0.044086 0.020817 0.042077 0.020281 0.041742 0.020647 0.041946 0.042937 0.092186 0.514287 0.076116 0.049136 0.189292 0.520000 0.520000 0.520000 0.520000 0.493979 0.496625 0.438576 -9999.0
-9999.0 -9999.0 -9999.0 -9999.0 -9999.0 -9999.0 -9999.0 -9999.0 0.040046 0.042643 0.040078 0.040074 0.040045 0.040218 0.076475 0.520000 0.520000 0.380202 0.398124 0.317297 0.121960 0.185980 0.138621 0.136379 0.383531 0.149711 0.040431 0.055486 0.075326 0.044582 0.046044 0.067848 0.520000 0.067249 0.087192 0.480763 0.467459 0.362408 0.457780 0.520000 0.134075 0.083971 0.060469 0.063914 0.043420 0.055194 0.050375 0.040117 0.049823 0.077326 0.485294 0.367364 0.466630 0.465321 0.520000 0.520000 0.520000 0.520000 0.520000 0.513651 0.450142 0.455189 -9999.0
-9999.0 -9999.0 0.041002 0.044086 0.040028 0.040885 0.040035 0.040040 0.040659 0.041797 0.040462 0.040186 0.040116 0.047493 0.520000 0.520000 0.073399 0.040330 0.048211 0.184590 0.305509 0.288736 0.520000 0.081380 0.180386 0.292670 0.108820 0.273975 0.472739 0.520000 0.081625 0.472759 0.520000 0.490030 0.500495 0.372468 0.426659 0.315327 0.394711 0.410178 0.457710 0.497254 0.520000 0.520000 0.131913 0.083208 0.520000 0.520000 0.512399 0.446132 0.396292 0.330211 0.520000 0.520000 0.520000 0.520000 0.520000 0.520000 0.520000 0.482704 0.520000 0.463973 -9999.0
-9999.0 0.048114 0.044260 0.043027 0.041188 0.040060 0.040035 0.040039 0.040026 0.040129 0.040110 0.040669 0.041678 0.520000 0.520000 0.043591 0.041712 0.040483 0.041420 0.094233 0.299339 0.432930 0.520000 0.520000 0.169376 0.152046 0.262259 0.333676 0.452965 0.520000 0.331928 0.422260 0.520000 0.520000 0.425867 0.364186 0.362800 0.221081 0.427284 0.386900 0.385633 0.454764 0.515058 0.372105 0.335769 0.291022 0.467202 0.362027 0.387840 0.520000 0.457373 0.520000 0.520000 0.520000 0.520000 0.520000 0.520000 0.520000 0.520000 0.471561 0.289095 0.471307 -9999.0
-9999.0 0.047229 0.040372 0.040369 0.060642 0.040126 0.040039 0.040035 0.040686 0.040100 0.040081 0.040335 0.077893 0.520000 0.050296 0.040035 0.040039 0.040119 0.047696 0.054894 0.449782 0.520000 0.520000 0.520000 0.520000 0.312090 0.079478 0.084494 0.351338 0.259417 0.101643 0.137603 0.520000 0.520000 0.520000 0.463094 0.460691 0.378814 0.387191 0.307407 0.374972 0.465831 0.475033 0.118936 0.075753 0.114983 0.313708 0.417991 0.431719 0.467202 0.520000 0.485318 0.520000 0.520000 0.520000 0.056578 0.040374 0.054311 0.059268 0.048837 0.061305 -9999.0 -9999.0
-9999.0 0.044315 0.040382 0.040259 0.462029 0.051713 0.060683 0.040116 0.040509 0.040156 0.042585 0.066014 0.520000 0.051952 0.040099 0.040023 0.040035 0.040027 0.040071 0.041267 0.048317 0.060998 0.260800 0.520000 0.520000 0.469674 0.509786 0.520000 0.162547 0.346104 0.088872 0.079226 0.520000 0.520000 0.443882 0.336126 0.372269 0.345309 0.326931 0.302936 0.304314 0.393204 0.386209 0.077711 0.076422 0.431748 0.399252 0.520000 0.520000 0.507890 0.520000 0.075699 0.064268 0.047019 0.044676 0.040179 0.040170 0.040113 0.040218 -9999.0 -9999.0 -9999.0 -9999.0
