erum2020/resources/simulation/Vinschgau/output-maps/thetaliqL0001N0284.asc
ncols         63
nrows         48
xllcorner     598000.000000
yllcorner     5145000.000000
cellsize      1000.000000
NODATA_value  -9999.0
[rows 0 to 28 of 48, columns 0 to 62 of 63]
-9999.0 -9999.0 -9999.0 -9999.0 -9999.0 -9999.0 -9999.0 -9999.0 -9999.0 -9999.0 -9999.0 -9999.0 -9999.0 -9999.0 -9999.0 -9999.0 -9999.0 -9999.0 -9999.0 -9999.0 -9999.0 -9999.0 -9999.0 -9999.0 -9999.0 -9999.0 -9999.0 -9999.0 -9999.0 -9999.0 -9999.0 -9999.0 -9999.0 -9999.0 -9999.0 -9999.0 -9999.0 -9999.0 -9999.0 -9999.0 -9999.0 -9999.0 -9999.0 -9999.0 -9999.0 -9999.0 -9999.0 -9999.0 -9999.0 -9999.0 -9999.0 -9999.0 -9999.0 -9999.0 -9999.0 -9999.0 -9999.0 -9999.0 -9999.0 -9999.0 -9999.0 -9999.0 -9999.0
-9999.0 -9999.0 -9999.0 -9999.0 -9999.0 -9999.0 -9999.0 -9999.0 -9999.0 -9999.0 -9999.0 -9999.0 -9999.0 -9999.0 -9999.0 -9999.0 -9999.0 -9999.0 -9999.0 -9999.0 -9999.0 -9999.0 -9999.0 -9999.0 -9999.0 -9999.0 -9999.0 0.020023 0.040008 0.020024 0.040006 0.040005 0.040005 -9999.0 -9999.0 -9999.0 -9999.0 -9999.0 -9999.0 -9999.0 -9999.0 -9999.0 -9999.0 -9999.0 -9999.0 -9999.0 -9999.0 -9999.0 -9999.0 -9999.0 -9999.0 -9999.0 -9999.0 -9999.0 -9999.0 -9999.0 -9999.0 -9999.0 -9999.0 -9999.0 -9999.0 -9999.0 -9999.0
-9999.0 -9999.0 -9999.0 -9999.0 -9999.0 -9999.0 -9999.0 -9999.0 -9999.0 -9999.0 -9999.0 -9999.0 -9999.0 -9999.0 -9999.0 -9999.0 -9999.0 -9999.0 -9999.0 -9999.0 -9999.0 -9999.0 -9999.0 -9999.0 0.040010 0.040010 0.040010 0.040009 0.040010 0.040009 0.040006 -9999.0 -9999.0 -9999.0 -9999.0 -9999.0 -9999.0 -9999.0 -9999.0 -9999.0 -9999.0 -9999.0 -9999.0 -9999.0 -9999.0 -9999.0 -9999.0 -9999.0 -9999.0 -9999.0 -9999.0 -9999.0 -9999.0 -9999.0 -9999.0 -9999.0 -9999.0 -9999.0 -9999.0 -9999.0 -9999.0 -9999.0 -9999.0
-9999.0 -9999.0 -9999.0 -9999.0 -9999.0 -9999.0 -9999.0 -9999.0 -9999.0 -9999.0 -9999.0 -9999.0 -9999.0 -9999.0 -9999.0 -9999.0 -9999.0 -9999.0 -9999.0 -9999.0 -9999.0 -9999.0 -9999.0 0.040010 0.040011 0.040034 0.040065 0.040034 0.040013 0.040008 0.040007 0.040007 -9999.0 -9999.0 -9999.0 -9999.0 -9999.0 -9999.0 -9999.0 -9999.0 -9999.0 -9999.0 -9999.0 -9999.0 -9999.0 -9999.0 -9999.0 -9999.0 -9999.0 -9999.0 -9999.0 -9999.0 -9999.0 -9999.0 -9999.0 -9999.0 -9999.0 -9999.0 -9999.0 -9999.0 -9999.0 -9999.0 -9999.0
-9999.0 -9999.0 -9999.0 -9999.0 -9999.0 -9999.0 -9999.0 -9999.0 -9999.0 -9999.0 -9999.0 -9999.0 -9999.0 -9999.0 -9999.0 -9999.0 -9999.0 -9999.0 0.040051 0.040011 -9999.0 0.040010 0.040011 0.040018 0.040134 0.425047 0.040010 0.040009 0.377687 0.040010 0.040008 0.040007 0.020020 0.020017 -9999.0 -9999.0 -9999.0 -9999.0 -9999.0 -9999.0 -9999.0 -9999.0 -9999.0 -9999.0 -9999.0 -9999.0 -9999.0 -9999.0 -9999.0 -9999.0 -9999.0 -9999.0 -9999.0 -9999.0 -9999.0 -9999.0 -9999.0 -9999.0 -9999.0 -9999.0 -9999.0 -9999.0 -9999.0
-9999.0 -9999.0 -9999.0 -9999.0 -9999.0 -9999.0 -9999.0 -9999.0 -9999.0 -9999.0 -9999.0 -9999.0 -9999.0 -9999.0 -9999.0 -9999.0 -9999.0 0.336389 0.040009 0.020034 0.020030 0.040013 0.040014 0.040122 0.520000 0.040008 0.040008 0.040009 0.040008 0.040008 0.040010 0.040008 0.020024 0.020020 0.020018 0.020015 -9999.0 -9999.0 -9999.0 -9999.0 -9999.0 -9999.0 -9999.0 -9999.0 -9999.0 -9999.0 -9999.0 -9999.0 -9999.0 -9999.0 -9999.0 -9999.0 -9999.0 -9999.0 -9999.0 -9999.0 -9999.0 -9999.0 -9999.0 -9999.0 -9999.0 -9999.0 -9999.0
-9999.0 -9999.0 -9999.0 -9999.0 -9999.0 -9999.0 -9999.0 -9999.0 -9999.0 -9999.0 -9999.0 -9999.0 -9999.0 0.040009 0.040013 0.040130 0.040121 0.197545 0.040001 0.040015 0.040740 0.040772 0.112225 0.520000 0.040009 0.040007 0.020020 0.040008 0.040006 0.040034 0.040008 0.040006 0.040006 0.040004 0.020016 0.020014 -9999.0 -9999.0 -9999.0 -9999.0 -9999.0 -9999.0 -9999.0 -9999.0 -9999.0 -9999.0 -9999.0 -9999.0 -9999.0 -9999.0 -9999.0 -9999.0 -9999.0 -9999.0 -9999.0 -9999.0 -9999.0 -9999.0 -9999.0 -9999.0 -9999.0 -9999.0 -9999.0
-9999.0 -9999.0 -9999.0 -9999.0 -9999.0 -9999.0 -9999.0 -9999.0 -9999.0 -9999.0 -9999.0 -9999.0 -9999.0 0.040013 0.040053 0.040019 0.040014 0.040578 0.193606 0.079114 0.339355 0.040009 0.040011 0.040010 0.040010 0.040009 0.040008 0.020018 0.020017 0.040006 0.040021 0.040008 0.020015 0.020014 0.020014 -9999.0 -9999.0 -9999.0 -9999.0 -9999.0 -9999.0 -9999.0 -9999.0 -9999.0 -9999.0 -9999.0 -9999.0 -9999.0 -9999.0 -9999.0 -9999.0 -9999.0 -9999.0 -9999.0 -9999.0 -9999.0 -9999.0 -9999.0 -9999.0 -9999.0 -9999.0 -9999.0 -9999.0
-9999.0 -9999.0 -9999.0 -9999.0 -9999.0 -9999.0 -9999.0 -9999.0 -9999.0 -9999.0 -9999.0 -9999.0 -9999.0 0.040013 0.040104 0.040050 0.040012 0.040067 0.196599 0.313516 0.040013 0.020022 0.040009 0.040010 0.040011 0.040014 0.020025 0.020017 0.040007 0.020016 0.040005 0.020014 0.020014 0.020013 0.020014 -9999.0 -9999.0 -9999.0 -9999.0 -9999.0 -9999.0 -9999.0 -9999.0 -9999.0 -9999.0 -9999.0 -9999.0 -9999.0 -9999.0 -9999.0 -9999.0 -9999.0 -9999.0 -9999.0 -9999.0 -9999.0 -9999.0 -9999.0 -9999.0 -9999.0 -9999.0 -9999.0 -9999.0
-9999.0 -9999.0 -9999.0 -9999.0 -9999.0 -9999.0 -9999.0 -9999.0 -9999.0 -9999.0 -9999.0 -9999.0 0.040012 0.040134 0.040037 0.040007 0.040022 0.040069 0.520000 0.033678 0.040011 0.040008 0.040009 0.040009 0.040013 0.040008 0.040009 0.040007 0.040008 0.020017 0.040004 0.020018 0.040005 0.020015 -9999.0 -9999.0 -9999.0 -9999.0 -9999.0 -9999.0 -9999.0 -9999.0 -9999.0 -9999.0 -9999.0 -9999.0 -9999.0 -9999.0 -9999.0 -9999.0 -9999.0 -9999.0 -9999.0 -9999.0 -9999.0 -9999.0 -9999.0 -9999.0 -9999.0 -9999.0 -9999.0 -9999.0 -9999.0
-9999.0 -9999.0 -9999.0 -9999.0 -9999.0 -9999.0 -9999.0 -9999.0 -9999.0 -9999.0 -9999.0 0.040011 0.040009 0.040021 0.040008 0.040009 0.020021 0.040035 0.520000 0.020688 0.040021 0.040025 0.040009 0.040010 0.040009 0.040007 0.040008 0.040008 0.040008 0.020016 0.020019 0.040007 0.020018 0.020015 0.020015 0.020016 0.040009 0.040049 0.520000 -9999.0 -9999.0 -9999.0 0.020014 -9999.0 -9999.0 -9999.0 -9999.0 -9999.0 -9999.0 -9999.0 -9999.0 -9999.0 -9999.0 -9999.0 -9999.0 -9999.0 -9999.0 -9999.0 -9999.0 -9999.0 -9999.0 -9999.0 -9999.0
-9999.0 -9999.0 -9999.0 -9999.0 -9999.0 -9999.0 -9999.0 -9999.0 -9999.0 -9999.0 -9999.0 0.040009 0.040010 0.040011 0.040011 0.040007 0.040009 0.040133 0.520000 0.520000 0.040235 0.040013 0.040011 0.040009 0.040008 0.040007 0.040008 0.040009 0.020022 0.020017 0.040006 0.040007 0.040005 0.040004 0.040003 0.040011 0.447446 0.062569 0.059534 0.178182 0.020035 0.020012 0.040007 0.020016 -9999.0 -9999.0 -9999.0 0.040164 0.040012 0.020030 0.040029 0.020042 0.020046 0.040794 0.041170 0.020054 -9999.0 -9999.0 -9999.0 -9999.0 -9999.0 -9999.0 -9999.0
-9999.0 -9999.0 -9999.0 -9999.0 -9999.0 -9999.0 -9999.0 -9999.0 -9999.0 -9999.0 -9999.0 0.040011 0.040009 0.040008 0.040013 0.040008 0.040010 0.040068 0.520000 0.520000 0.040051 0.040011 0.040011 0.040012 0.040006 0.020024 0.040012 0.040008 0.020019 0.040006 0.020018 0.040006 0.040006 0.040004 0.020014 0.520000 0.160626 0.108116 0.052652 0.029278 0.477919 0.040010 0.040013 0.040006 0.040006 -9999.0 0.020020 0.040010 0.040020 0.040041 0.040022 0.020058 0.059592 0.070130 0.043782 0.040902 -9999.0 -9999.0 -9999.0 -9999.0 -9999.0 -9999.0 -9999.0
-9999.0 -9999.0 -9999.0 -9999.0 -9999.0 -9999.0 -9999.0 -9999.0 -9999.0 -9999.0 -9999.0 -9999.0 0.040011 0.040014 0.040020 0.040013 0.040010 0.040030 0.520000 0.520000 0.040047 0.040014 0.040028 0.040011 0.040009 0.040012 0.040013 0.040007 0.040007 0.020021 0.040007 0.040007 0.040006 0.040005 0.040004 0.040005 0.040062 0.048597 0.057612 0.094263 0.520000 0.180009 0.040038 0.040010 0.020021 0.040008 0.020023 0.040010 0.040012 0.040014 0.040057 0.040030 0.040062 0.040204 0.040019 0.040020 0.040187 -9999.0 -9999.0 -9999.0 -9999.0 -9999.0 -9999.0
-9999.0 -9999.0 -9999.0 -9999.0 -9999.0 -9999.0 -9999.0 -9999.0 -9999.0 -9999.0 -9999.0 0.040019 0.040015 0.040008 0.040014 0.040013 0.040014 0.040011 0.520000 0.270045 0.040047 0.040042 0.040014 0.040011 0.040012 0.040035 0.040013 0.040006 0.040008 0.020024 0.040012 0.040012 0.040009 0.040005 0.040003 0.040004 0.040011 0.042765 0.090855 0.091482 0.136042 0.364088 0.040001 0.020037 0.040023 0.040008 0.040012 0.020034 0.020037 0.040015 0.020025 0.040013 0.040019 0.020027 0.020029 0.020023 0.020059 -9999.0 -9999.0 -9999.0 -9999.0 -9999.0 -9999.0
-9999.0 -9999.0 -9999.0 -9999.0 -9999.0 -9999.0 -9999.0 -9999.0 -9999.0 -9999.0 0.040043 0.040020 0.040024 0.040010 0.040042 0.040034 0.040011 0.040009 0.040255 0.304945 0.520000 0.040026 0.040011 0.040024 0.040068 0.040015 0.040007 0.020024 0.040011 0.040011 0.040077 0.040008 0.040007 0.040005 0.020013 0.020014 0.040035 0.040355 0.040056 0.265860 0.387088 0.020040 0.020030 0.040000 0.040022 0.020024 0.040012 0.040027 0.040593 0.040013 0.020041 0.020023 0.020023 0.020022 0.020024 0.040233 0.040221 -9999.0 -9999.0 -9999.0 -9999.0 -9999.0 -9999.0
-9999.0 -9999.0 -9999.0 -9999.0 -9999.0 -9999.0 -9999.0 -9999.0 -9999.0 0.040009 0.040048 0.040042 0.040016 0.040019 0.040034 0.040012 0.040010 0.040025 0.276599 0.316000 0.520000 0.040029 0.040033 0.444723 0.040015 0.040008 0.040010 0.040015 0.040325 0.040588 0.098438 0.040007 0.020016 0.020015 0.020016 0.020015 0.040004 0.040006 0.040005 0.040011 0.040048 0.040006 0.040006 0.126500 0.040000 0.040000 0.520000 0.040014 0.040014 0.067154 0.040017 0.020035 0.020021 0.020027 0.020039 0.040035 0.041356 0.020654 0.020111 -9999.0 -9999.0 -9999.0 -9999.0
-9999.0 -9999.0 -9999.0 -9999.0 -9999.0 -9999.0 -9999.0 -9999.0 -9999.0 0.040009 0.040009 0.040009 0.520000 0.040020 0.040016 0.040023 0.040052 0.040108 0.042695 0.469527 0.515634 0.510489 0.040014 0.040012 0.040009 0.040011 0.040065 0.080222 0.520000 0.040011 0.040009 0.040010 0.040006 0.040006 0.040006 0.020019 0.020018 0.020021 0.040005 0.040006 0.040010 0.040013 0.040032 0.040024 0.141654 0.510099 0.472217 0.088506 0.040903 0.040014 0.040027 0.040028 0.020027 0.040012 0.020024 0.040148 0.040242 0.041881 0.033752 -9999.0 -9999.0 -9999.0 -9999.0
-9999.0 -9999.0 -9999.0 -9999.0 -9999.0 -9999.0 -9999.0 -9999.0 -9999.0 -9999.0 0.040009 0.040010 0.040012 0.040000 0.040042 0.040014 0.040019 0.137714 0.082099 0.489539 0.389321 0.040019 0.040017 0.040013 0.040010 0.040600 0.233215 0.358744 0.040011 0.040008 0.040007 0.040013 0.040011 0.040005 0.040007 0.040011 0.040010 0.040008 0.020018 0.040005 0.040004 0.040008 0.040008 0.040008 0.040008 0.040008 0.040018 0.040029 0.405871 0.304030 0.040016 0.040064 0.020041 0.020029 0.040015 0.040011 0.040026 0.040463 0.198717 0.164021 -9999.0 -9999.0 -9999.0
-9999.0 -9999.0 -9999.0 -9999.0 -9999.0 -9999.0 -9999.0 -9999.0 -9999.0 -9999.0 0.040009 0.040010 0.040012 0.040019 0.519979 0.040032 0.040146 0.040001 0.409013 0.386561 0.219312 0.091397 0.040017 0.040013 0.040066 0.337082 0.400153 0.040012 0.040010 0.040006 0.040010 0.040010 0.020024 0.040006 0.040012 0.040007 0.040067 0.040010 0.040008 0.040005 0.040008 0.020026 0.040009 0.040010 0.040026 0.040011 0.040013 0.040009 0.279058 0.366858 0.063451 0.040082 0.045605 0.020043 0.020032 0.020047 0.040010 0.040420 0.195428 0.465343 -9999.0 -9999.0 -9999.0
-9999.0 -9999.0 -9999.0 -9999.0 -9999.0 -9999.0 -9999.0 -9999.0 0.040031 0.040037 0.040010 0.040012 0.040013 0.040012 0.040017 0.296534 0.323879 0.471066 0.299349 0.311633 0.284930 0.234019 0.171001 0.051349 0.145199 0.512873 0.452696 0.040010 0.040011 0.040008 0.020017 0.040007 0.040008 0.040007 0.040009 0.040009 0.040010 0.040010 0.040010 0.020022 0.020021 0.040010 0.020023 0.020018 0.020032 0.040020 0.040015 0.040023 0.040014 0.429080 0.083233 0.040020 0.058198 0.040016 0.020050 0.073601 0.022350 0.040191 0.461039 0.375232 -9999.0 -9999.0 -9999.0
-9999.0 -9999.0 -9999.0 -9999.0 -9999.0 -9999.0 -9999.0 -9999.0 0.020027 0.040020 0.040022 0.040007 0.040009 0.040013 0.040020 0.040014 0.040063 0.040023 0.321723 0.275830 0.301352 0.334749 0.359782 0.506340 0.305837 0.381724 0.050205 0.040012 0.020022 0.040010 0.040009 0.020029 0.040012 0.020026 0.040014 0.040015 0.040018 0.040015 0.040017 0.040014 0.040007 0.040005 0.020020 0.040015 0.040018 0.040016 0.020023 0.040009 0.040014 0.040280 0.314545 0.040021 0.048043 0.044710 0.040043 0.020438 0.040633 0.350367 0.520000 0.520000 0.324315 -9999.0 -9999.0
-9999.0 -9999.0 -9999.0 -9999.0 -9999.0 -9999.0 -9999.0 -9999.0 0.040009 0.040014 0.040024 0.040011 0.040021 0.020024 0.040019 0.040090 0.040000 0.508141 0.367540 0.378753 0.232159 0.357861 0.247176 0.278689 0.403688 0.043665 0.040016 0.040011 0.020026 0.040013 0.020028 0.040015 0.040016 0.040016 0.040022 0.040033 0.040016 0.040042 0.040023 0.040015 0.040011 0.020028 0.040023 0.040011 0.040011 0.040010 0.020037 0.040100 0.040013 0.040020 0.351497 0.263904 0.040039 0.040038 0.392232 0.421169 0.520000 0.520000 0.520000 0.520000 0.520000 -9999.0 -9999.0
-9999.0 -9999.0 -9999.0 -9999.0 -9999.0 -9999.0 -9999.0 -9999.0 0.020020 0.040013 0.040057 0.020052 0.040069 0.040034 0.040089 0.040001 0.230005 0.448817 0.240547 0.300215 0.394583 0.298300 0.361261 0.416174 0.189278 0.040016 0.040019 0.040013 0.040016 0.040089 0.040014 0.040016 0.040459 0.040070 0.040017 0.040021 0.040026 0.040875 0.040016 0.040047 0.040016 0.040038 0.040048 0.020050 0.040049 0.020041 0.040678 0.020103 0.040097 0.040058 0.040024 0.519341 0.377486 0.520000 0.515956 0.505922 0.520000 0.520000 0.520000 0.520000 0.321991 0.040057 -9999.0
-9999.0 -9999.0 -9999.0 -9999.0 -9999.0 -9999.0 -9999.0 -9999.0 0.040010 0.040018 0.040107 0.040114 0.040000 0.040001 0.520000 0.462861 0.167697 0.040016 0.040012 0.040032 0.302063 0.334252 0.396025 0.520000 0.487542 0.040000 0.040012 0.040057 0.145125 0.046449 0.040013 0.040052 0.340133 0.040035 0.040016 0.040062 0.040280 0.520000 0.127568 0.040037 0.040021 0.040064 0.040240 0.040069 0.040034 0.040031 0.040047 0.147731 0.040208 0.436650 0.504547 0.450097 0.475601 0.520000 0.520000 0.520000 0.520000 0.520000 0.520000 0.350416 0.084228 0.040043 -9999.0
-9999.0 -9999.0 0.040015 0.040023 0.040015 0.040028 0.040050 0.040039 0.040022 0.040020 0.040030 0.041072 0.040002 0.371796 0.520000 0.124276 0.040014 0.040012 0.040012 0.040016 0.040156 0.378026 0.444050 0.520000 0.373411 0.225155 0.118149 0.040000 0.044375 0.520000 0.040070 0.040107 0.520000 0.040001 0.465450 0.139341 0.520000 0.520000 0.520000 0.040973 0.404336 0.503667 0.067896 0.173813 0.040071 0.040219 0.406133 0.040184 0.520000 0.520000 0.520000 0.520000 0.463989 0.485257 0.520000 0.520000 0.392360 0.317429 0.169971 0.048770 0.040051 0.040795 -9999.0
-9999.0 0.040018 0.040016 0.040022 0.040023 0.040026 0.040021 0.040015 0.040014 0.040011 0.040021 0.040086 0.091776 0.520000 0.272698 0.040101 0.040016 0.040015 0.040023 0.040112 0.040868 0.211538 0.520000 0.447797 0.520000 0.499422 0.453887 0.473769 0.394759 0.388332 0.428891 0.459351 0.474113 0.520000 0.520000 0.520000 0.520000 0.520000 0.520000 0.520000 0.520000 0.520000 0.520000 0.083625 0.061620 0.099518 0.520000 0.430574 0.520000 0.520000 0.476870 0.520000 0.343831 0.300548 0.252467 0.154880 0.040057 0.040050 0.040050 0.075281 0.086336 0.105299 -9999.0
-9999.0 0.040016 0.040028 0.040065 0.040278 0.040015 0.040016 0.040033 0.040028 0.040026 0.040050 0.040066 0.088685 0.338864 0.040017 0.040029 0.040013 0.040018 0.040168 0.040087 0.040121 0.147159 0.302235 0.414482 0.503207 0.471755 0.301550 0.351273 0.520000 0.520000 0.301601 0.370052 0.520000 0.520000 0.520000 0.520000 0.520000 0.520000 0.520000 0.520000 0.520000 0.520000 0.520000 0.411980 0.248017 0.288537 0.311782 0.340188 0.437321 0.426566 0.379989 0.040316 0.040218 0.199063 0.040036 0.040174 0.040055 0.040964 0.041089 0.045635 0.048576 -9999.0 -9999.0
-9999.0 0.040012 0.040012 0.040015 0.176098 0.040534 0.520000 0.040015 0.040021 0.040028 0.040082 0.040004 0.456629 0.040055 0.061486 0.040018 0.040014 0.040018 0.040016 0.040030 0.040026 0.040019 0.375836 0.520000 0.520000 0.497051 0.481725 0.415903 0.444920 0.446830 0.313331 0.237540 0.520000 0.520000 0.513194 0.508709 0.520000 0.520000 0.520000 0.520000 0.520000 0.520000 0.520000 0.241704 0.217065 0.243634 0.357995 0.520000 0.390045 0.336515 0.040022 0.040078 0.040115 0.040049 0.040811 0.040288 0.040648 0.041080 0.042396 -9999.0 -9999.0 -9999.0 -9999.0
