erum2020/resources/simulation/Vinschgau/output-maps/thetaliqL0007N1368.asc
ncols         63
nrows         48
xllcorner     598000.000000
yllcorner     5145000.000000
cellsize      1000.000000
NODATA_value  -9999.0
[rows 0 to 28 of 48, columns 0 to 62 of 63]
-9999.0 -9999.0 -9999.0 -9999.0 -9999.0 -9999.0 -9999.0 -9999.0 -9999.0 -9999.0 -9999.0 -9999.0 -9999.0 -9999.0 -9999.0 -9999.0 -9999.0 -9999.0 -9999.0 -9999.0 -9999.0 -9999.0 -9999.0 -9999.0 -9999.0 -9999.0 -9999.0 -9999.0 -9999.0 -9999.0 -9999.0 -9999.0 -9999.0 -9999.0 -9999.0 -9999.0 -9999.0 -9999.0 -9999.0 -9999.0 -9999.0 -9999.0 -9999.0 -9999.0 -9999.0 -9999.0 -9999.0 -9999.0 -9999.0 -9999.0 -9999.0 -9999.0 -9999.0 -9999.0 -9999.0 -9999.0 -9999.0 -9999.0 -9999.0 -9999.0 -9999.0 -9999.0 -9999.0
-9999.0 -9999.0 -9999.0 -9999.0 -9999.0 -9999.0 -9999.0 -9999.0 -9999.0 -9999.0 -9999.0 -9999.0 -9999.0 -9999.0 -9999.0 -9999.0 -9999.0 -9999.0 -9999.0 -9999.0 -9999.0 -9999.0 -9999.0 -9999.0 -9999.0 -9999.0 -9999.0 0.051196 0.131815 0.051290 0.136547 0.079627 0.020082 -9999.0 -9999.0 -9999.0 -9999.0 -9999.0 -9999.0 -9999.0 -9999.0 -9999.0 -9999.0 -9999.0 -9999.0 -9999.0 -9999.0 -9999.0 -9999.0 -9999.0 -9999.0 -9999.0 -9999.0 -9999.0 -9999.0 -9999.0 -9999.0 -9999.0 -9999.0 -9999.0 -9999.0 -9999.0 -9999.0
-9999.0 -9999.0 -9999.0 -9999.0 -9999.0 -9999.0 -9999.0 -9999.0 -9999.0 -9999.0 -9999.0 -9999.0 -9999.0 -9999.0 -9999.0 -9999.0 -9999.0 -9999.0 -9999.0 -9999.0 -9999.0 -9999.0 -9999.0 -9999.0 0.175095 0.172706 0.174304 0.176075 0.179090 0.159302 0.123177 -9999.0 -9999.0 -9999.0 -9999.0 -9999.0 -9999.0 -9999.0 -9999.0 -9999.0 -9999.0 -9999.0 -9999.0 -9999.0 -9999.0 -9999.0 -9999.0 -9999.0 -9999.0 -9999.0 -9999.0 -9999.0 -9999.0 -9999.0 -9999.0 -9999.0 -9999.0 -9999.0 -9999.0 -9999.0 -9999.0 -9999.0 -9999.0
-9999.0 -9999.0 -9999.0 -9999.0 -9999.0 -9999.0 -9999.0 -9999.0 -9999.0 -9999.0 -9999.0 -9999.0 -9999.0 -9999.0 -9999.0 -9999.0 -9999.0 -9999.0 -9999.0 -9999.0 -9999.0 -9999.0 -9999.0 0.171232 0.172283 0.165767 0.021764 0.020479 0.020504 0.122511 0.126684 0.119783 -9999.0 -9999.0 -9999.0 -9999.0 -9999.0 -9999.0 -9999.0 -9999.0 -9999.0 -9999.0 -9999.0 -9999.0 -9999.0 -9999.0 -9999.0 -9999.0 -9999.0 -9999.0 -9999.0 -9999.0 -9999.0 -9999.0 -9999.0 -9999.0 -9999.0 -9999.0 -9999.0 -9999.0 -9999.0 -9999.0 -9999.0
-9999.0 -9999.0 -9999.0 -9999.0 -9999.0 -9999.0 -9999.0 -9999.0 -9999.0 -9999.0 -9999.0 -9999.0 -9999.0 -9999.0 -9999.0 -9999.0 -9999.0 -9999.0 0.290876 0.165924 -9999.0 0.171873 0.171379 0.020554 0.023305 0.020539 0.276670 0.255614 0.264137 0.040316 0.136842 0.135962 0.043082 0.032404 -9999.0 -9999.0 -9999.0 -9999.0 -9999.0 -9999.0 -9999.0 -9999.0 -9999.0 -9999.0 -9999.0 -9999.0 -9999.0 -9999.0 -9999.0 -9999.0 -9999.0 -9999.0 -9999.0 -9999.0 -9999.0 -9999.0 -9999.0 -9999.0 -9999.0 -9999.0 -9999.0 -9999.0 -9999.0
-9999.0 -9999.0 -9999.0 -9999.0 -9999.0 -9999.0 -9999.0 -9999.0 -9999.0 -9999.0 -9999.0 -9999.0 -9999.0 -9999.0 -9999.0 -9999.0 -9999.0 0.149004 0.020692 0.020529 0.051142 0.298249 0.041504 0.020665 0.248045 0.046573 0.023162 0.063663 0.023645 0.281967 0.174066 0.152262 0.051357 0.051382 0.031531 0.022135 -9999.0 -9999.0 -9999.0 -9999.0 -9999.0 -9999.0 -9999.0 -9999.0 -9999.0 -9999.0 -9999.0 -9999.0 -9999.0 -9999.0 -9999.0 -9999.0 -9999.0 -9999.0 -9999.0 -9999.0 -9999.0 -9999.0 -9999.0 -9999.0 -9999.0 -9999.0 -9999.0
-9999.0 -9999.0 -9999.0 -9999.0 -9999.0 -9999.0 -9999.0 -9999.0 -9999.0 -9999.0 -9999.0 -9999.0 -9999.0 0.136688 0.046545 0.146999 0.102496 0.050001 0.151435 0.020581 0.023170 0.024729 0.020590 0.131589 0.056224 0.169047 0.020161 0.020236 0.020190 0.066666 0.020162 0.177651 0.144853 0.133088 0.051840 0.020322 -9999.0 -9999.0 -9999.0 -9999.0 -9999.0 -9999.0 -9999.0 -9999.0 -9999.0 -9999.0 -9999.0 -9999.0 -9999.0 -9999.0 -9999.0 -9999.0 -9999.0 -9999.0 -9999.0 -9999.0 -9999.0 -9999.0 -9999.0 -9999.0 -9999.0 -9999.0 -9999.0
-9999.0 -9999.0 -9999.0 -9999.0 -9999.0 -9999.0 -9999.0 -9999.0 -9999.0 -9999.0 -9999.0 -9999.0 -9999.0 0.160799 0.021966 0.120347 0.109812 0.247381 0.050020 0.021523 0.020126 0.050698 0.022555 0.032579 0.052927 0.020745 0.115727 0.051781 0.051830 0.020286 0.023402 0.119874 0.051169 0.020212 0.024689 -9999.0 -9999.0 -9999.0 -9999.0 -9999.0 -9999.0 -9999.0 -9999.0 -9999.0 -9999.0 -9999.0 -9999.0 -9999.0 -9999.0 -9999.0 -9999.0 -9999.0 -9999.0 -9999.0 -9999.0 -9999.0 -9999.0 -9999.0 -9999.0 -9999.0 -9999.0 -9999.0 -9999.0
-9999.0 -9999.0 -9999.0 -9999.0 -9999.0 -9999.0 -9999.0 -9999.0 -9999.0 -9999.0 -9999.0 -9999.0 -9999.0 0.021468 0.200000 0.154093 0.118064 0.115548 0.050031 0.143317 0.147795 0.020649 0.043810 0.036136 0.053386 0.060649 0.051230 0.051826 0.130182 0.031855 0.122009 0.020187 0.020179 0.020019 0.020203 -9999.0 -9999.0 -9999.0 -9999.0 -9999.0 -9999.0 -9999.0 -9999.0 -9999.0 -9999.0 -9999.0 -9999.0 -9999.0 -9999.0 -9999.0 -9999.0 -9999.0 -9999.0 -9999.0 -9999.0 -9999.0 -9999.0 -9999.0 -9999.0 -9999.0 -9999.0 -9999.0 -9999.0
-9999.0 -9999.0 -9999.0 -9999.0 -9999.0 -9999.0 -9999.0 -9999.0 -9999.0 -9999.0 -9999.0 -9999.0 0.020573 0.200000 0.021653 0.038926 0.171561 0.134960 0.219312 0.020495 0.023212 0.051828 0.020750 0.027106 0.040098 0.118415 0.020067 0.126323 0.154233 0.048724 0.020415 0.040820 0.075258 0.020357 -9999.0 -9999.0 -9999.0 -9999.0 -9999.0 -9999.0 -9999.0 -9999.0 -9999.0 -9999.0 -9999.0 -9999.0 -9999.0 -9999.0 -9999.0 -9999.0 -9999.0 -9999.0 -9999.0 -9999.0 -9999.0 -9999.0 -9999.0 -9999.0 -9999.0 -9999.0 -9999.0 -9999.0 -9999.0
-9999.0 -9999.0 -9999.0 -9999.0 -9999.0 -9999.0 -9999.0 -9999.0 -9999.0 -9999.0 -9999.0 0.164641 0.041485 0.429667 0.021724 0.156716 0.020503 0.122138 0.279031 0.020458 0.020118 0.213768 0.146256 0.128637 0.020756 0.141628 0.110583 0.142583 0.030546 0.021203 0.040326 0.151560 0.051535 0.033801 0.037591 0.051378 0.053802 0.051906 0.051135 -9999.0 -9999.0 -9999.0 0.026567 -9999.0 -9999.0 -9999.0 -9999.0 -9999.0 -9999.0 -9999.0 -9999.0 -9999.0 -9999.0 -9999.0 -9999.0 -9999.0 -9999.0 -9999.0 -9999.0 -9999.0 -9999.0 -9999.0 -9999.0
-9999.0 -9999.0 -9999.0 -9999.0 -9999.0 -9999.0 -9999.0 -9999.0 -9999.0 -9999.0 -9999.0 0.164457 0.024634 0.020459 0.021050 0.119472 0.020752 0.020402 0.267590 0.241379 0.152061 0.154897 0.175844 0.020112 0.020177 0.133755 0.135478 0.151761 0.051291 0.034012 0.143923 0.167763 0.120038 0.060211 0.082031 0.087551 0.068868 0.053248 0.052370 0.033034 0.039261 0.032684 0.126106 0.048155 -9999.0 -9999.0 -9999.0 0.040079 0.020119 0.020343 0.020198 0.020145 0.020144 0.040037 0.040038 0.020134 -9999.0 -9999.0 -9999.0 -9999.0 -9999.0 -9999.0 -9999.0
-9999.0 -9999.0 -9999.0 -9999.0 -9999.0 -9999.0 -9999.0 -9999.0 -9999.0 -9999.0 -9999.0 0.168862 0.161605 0.020805 0.295121 0.146187 0.089245 0.021114 0.139530 0.238746 0.249967 0.021123 0.020269 0.179045 0.129922 0.051262 0.020213 0.020055 0.051770 0.104365 0.051839 0.020125 0.142329 0.060102 0.049062 0.073748 0.020316 0.020327 0.052441 0.051335 0.052076 0.051461 0.099877 0.127138 0.033407 -9999.0 0.020181 0.031619 0.143018 0.152271 0.111726 0.051237 0.109019 0.152023 0.115587 0.042226 -9999.0 -9999.0 -9999.0 -9999.0 -9999.0 -9999.0 -9999.0
-9999.0 -9999.0 -9999.0 -9999.0 -9999.0 -9999.0 -9999.0 -9999.0 -9999.0 -9999.0 -9999.0 -9999.0 0.167512 0.085909 0.160552 0.160055 0.040546 0.021677 0.255968 0.241630 0.025417 0.020943 0.020466 0.020700 0.020090 0.020186 0.200000 0.093417 0.135100 0.050484 0.139543 0.020210 0.087276 0.127009 0.101773 0.071729 0.020232 0.020248 0.077179 0.051122 0.063216 0.051153 0.020678 0.175321 0.051353 0.032134 0.020271 0.037474 0.020091 0.020507 0.135533 0.020207 0.040021 0.040070 0.020086 0.163821 0.030334 -9999.0 -9999.0 -9999.0 -9999.0 -9999.0 -9999.0
-9999.0 -9999.0 -9999.0 -9999.0 -9999.0 -9999.0 -9999.0 -9999.0 -9999.0 -9999.0 -9999.0 0.041000 0.167596 0.099895 0.026968 0.095696 0.101576 0.025848 0.146910 0.207046 0.023420 0.053256 0.041914 0.020200 0.020217 0.020213 0.040870 0.123699 0.118614 0.051333 0.020191 0.020201 0.158545 0.132200 0.073515 0.096668 0.052339 0.020575 0.184662 0.052548 0.020399 0.034362 0.024968 0.020319 0.148251 0.123951 0.150997 0.051286 0.051205 0.020319 0.020060 0.123385 0.020057 0.020034 0.020030 0.020068 0.039982 -9999.0 -9999.0 -9999.0 -9999.0 -9999.0 -9999.0
-9999.0 -9999.0 -9999.0 -9999.0 -9999.0 -9999.0 -9999.0 -9999.0 -9999.0 -9999.0 0.430000 0.023331 0.171666 0.169283 0.165098 0.036021 0.030208 0.058617 0.154971 0.213352 0.260676 0.309876 0.020383 0.170095 0.049819 0.040063 0.020129 0.020043 0.099671 0.146521 0.022813 0.020294 0.144306 0.128474 0.020630 0.051448 0.071161 0.020341 0.021409 0.106542 0.021049 0.020919 0.050685 0.331187 0.027960 0.051208 0.143579 0.021074 0.021036 0.104743 0.020041 0.020199 0.020027 0.020051 0.020060 0.143880 0.143495 -9999.0 -9999.0 -9999.0 -9999.0 -9999.0 -9999.0
-9999.0 -9999.0 -9999.0 -9999.0 -9999.0 -9999.0 -9999.0 -9999.0 -9999.0 0.132753 0.379012 0.054149 0.024758 0.020593 0.049383 0.024260 0.027475 0.161708 0.021571 0.200631 0.254353 0.032910 0.020732 0.072207 0.403949 0.020116 0.020081 0.148325 0.020858 0.028777 0.145613 0.020100 0.051774 0.024437 0.040632 0.051814 0.139126 0.020180 0.020261 0.023532 0.020375 0.020758 0.020500 0.033865 0.020732 0.020415 0.158665 0.020395 0.020414 0.421371 0.020133 0.031811 0.020048 0.020051 0.020074 0.020054 0.020081 0.051336 0.020157 -9999.0 -9999.0 -9999.0 -9999.0
-9999.0 -9999.0 -9999.0 -9999.0 -9999.0 -9999.0 -9999.0 -9999.0 -9999.0 0.111332 0.134073 0.137003 0.200000 0.097309 0.026711 0.020525 0.169138 0.105289 0.021112 0.237862 0.244253 0.109933 0.273671 0.170259 0.020168 0.020154 0.020759 0.087041 0.139559 0.351216 0.080075 0.020079 0.141078 0.092009 0.145089 0.051365 0.051263 0.051199 0.096499 0.144352 0.040347 0.020132 0.021564 0.120838 0.259588 0.258492 0.083924 0.020961 0.021019 0.116736 0.020054 0.020032 0.020048 0.020054 0.042208 0.040015 0.020091 0.020129 0.051226 -9999.0 -9999.0 -9999.0 -9999.0
-9999.0 -9999.0 -9999.0 -9999.0 -9999.0 -9999.0 -9999.0 -9999.0 -9999.0 -9999.0 0.131811 0.146336 0.024737 0.040573 0.021129 0.027506 0.101452 0.087512 0.020779 0.195735 0.248005 0.020118 0.074251 0.021168 0.020207 0.028126 0.142423 0.154189 0.080887 0.020104 0.020083 0.040026 0.020052 0.126893 0.152597 0.163588 0.166057 0.173019 0.051235 0.129057 0.108716 0.175523 0.200000 0.021177 0.021513 0.070057 0.020731 0.272420 0.020708 0.021094 0.020087 0.020084 0.020065 0.020047 0.020052 0.021029 0.191221 0.020109 0.021760 0.062788 -9999.0 -9999.0 -9999.0
-9999.0 -9999.0 -9999.0 -9999.0 -9999.0 -9999.0 -9999.0 -9999.0 -9999.0 -9999.0 0.136479 0.140590 0.173449 0.028779 0.361697 0.046506 0.051407 0.176776 0.135534 0.163140 0.138517 0.023886 0.059987 0.023871 0.028512 0.152535 0.332865 0.077312 0.020134 0.020058 0.129987 0.182570 0.020053 0.116325 0.128137 0.176221 0.020113 0.023429 0.020123 0.121963 0.141125 0.051359 0.020689 0.130384 0.362934 0.020189 0.114270 0.021612 0.020227 0.022086 0.022895 0.020123 0.020045 0.020124 0.020039 0.020049 0.020163 0.020346 0.164460 0.391990 -9999.0 -9999.0 -9999.0
-9999.0 -9999.0 -9999.0 -9999.0 -9999.0 -9999.0 -9999.0 -9999.0 0.180649 0.139188 0.081425 0.181402 0.020290 0.021587 0.023816 0.292262 0.020715 0.110735 0.203109 0.155705 0.107073 0.020707 0.021008 0.022403 0.076337 0.335135 0.359394 0.020242 0.020160 0.020060 0.020331 0.135562 0.138045 0.125790 0.143399 0.110677 0.146193 0.024075 0.020062 0.051254 0.051608 0.177038 0.020061 0.051693 0.051074 0.200000 0.020067 0.021055 0.022024 0.311990 0.063235 0.020124 0.020066 0.020029 0.020055 0.107089 0.051271 0.173851 0.021247 0.033362 -9999.0 -9999.0 -9999.0
-9999.0 -9999.0 -9999.0 -9999.0 -9999.0 -9999.0 -9999.0 -9999.0 0.020053 0.020201 0.020074 0.124919 0.131315 0.020080 0.020202 0.069389 0.027788 0.022947 0.020118 0.154770 0.263883 0.225600 0.182601 0.112728 0.021187 0.199720 0.374310 0.023490 0.020055 0.136606 0.070907 0.051247 0.149037 0.051214 0.180907 0.175726 0.168397 0.132064 0.021115 0.143862 0.129482 0.055142 0.051693 0.144629 0.200000 0.020373 0.020051 0.136064 0.023221 0.067907 0.074304 0.025445 0.020044 0.020323 0.106022 0.020103 0.020290 0.021308 0.020831 0.245289 0.163221 -9999.0 -9999.0
-9999.0 -9999.0 -9999.0 -9999.0 -9999.0 -9999.0 -9999.0 -9999.0 0.129494 0.200000 0.070880 0.020053 0.187211 0.020066 0.020374 0.020248 0.042277 0.029211 0.020530 0.262248 0.154194 0.220901 0.179491 0.151152 0.197587 0.022785 0.079382 0.020141 0.020045 0.143561 0.051208 0.179766 0.020115 0.020150 0.177424 0.172755 0.020687 0.039206 0.021662 0.020914 0.140414 0.051207 0.177666 0.200000 0.020176 0.177147 0.051254 0.182116 0.020104 0.027633 0.300515 0.080529 0.020062 0.020045 0.022254 0.025739 0.184323 0.142993 0.020856 0.228708 0.211044 -9999.0 -9999.0
-9999.0 -9999.0 -9999.0 -9999.0 -9999.0 -9999.0 -9999.0 -9999.0 0.020296 0.144782 0.042231 0.020046 0.182524 0.040112 0.020124 0.075567 0.020118 0.020642 0.246040 0.144162 0.158426 0.162180 0.223699 0.215375 0.157147 0.042818 0.069583 0.020082 0.174034 0.021098 0.020431 0.020915 0.020722 0.025905 0.020258 0.122597 0.135514 0.021942 0.022284 0.020579 0.135564 0.147190 0.149703 0.051091 0.177151 0.051155 0.102523 0.051216 0.115414 0.020275 0.082437 0.060483 0.079016 0.052266 0.186363 0.177520 0.029159 0.240116 0.212202 0.215099 0.169003 0.220995 -9999.0
-9999.0 -9999.0 -9999.0 -9999.0 -9999.0 -9999.0 -9999.0 -9999.0 0.020086 0.183480 0.040037 0.020106 0.020551 0.021132 0.180022 0.275994 0.298488 0.025658 0.047549 0.022639 0.131822 0.172508 0.163179 0.160482 0.111902 0.048081 0.020163 0.028601 0.107984 0.030492 0.020986 0.130106 0.045150 0.140864 0.021084 0.020867 0.020753 0.020732 0.020118 0.139957 0.021076 0.020958 0.021066 0.021101 0.020339 0.144592 0.020834 0.021060 0.020844 0.022202 0.020956 0.040312 0.060289 0.100063 0.169334 0.353522 0.284311 0.245445 0.230398 0.020820 0.022530 0.233138 -9999.0
-9999.0 -9999.0 0.090406 0.177998 0.020046 0.020136 0.020069 0.020085 0.116565 0.188400 0.020227 0.040745 0.021705 0.138128 0.169337 0.430000 0.023539 0.020142 0.020829 0.067444 0.022708 0.139912 0.208522 0.136854 0.172311 0.025062 0.049233 0.052680 0.030004 0.168569 0.069635 0.059319 0.252917 0.022968 0.080291 0.021297 0.032109 0.020365 0.020118 0.020118 0.020646 0.020644 0.020118 0.023511 0.021036 0.021050 0.137295 0.301756 0.020748 0.057828 0.036425 0.244807 0.283676 0.304235 0.331314 0.320237 0.287987 0.224535 0.022207 0.026177 0.259523 0.252211 -9999.0
-9999.0 0.020622 0.020445 0.020278 0.020150 0.020190 0.020093 0.020068 0.020046 0.134260 0.020109 0.020220 0.417553 0.381099 0.430000 0.020893 0.020208 0.020113 0.040127 0.067413 0.023275 0.021477 0.265676 0.214934 0.177037 0.159019 0.193845 0.202073 0.037368 0.181613 0.024157 0.037250 0.084353 0.208946 0.022242 0.153863 0.021021 0.020223 0.155279 0.148572 0.021639 0.022676 0.020467 0.020965 0.021649 0.021330 0.218194 0.020649 0.022060 0.199074 0.225552 0.255726 0.287914 0.331287 0.335092 0.416068 0.397774 0.375316 0.412284 0.356230 0.334872 0.257382 -9999.0
-9999.0 0.173807 0.024922 0.024502 0.375168 0.023567 0.020062 0.020055 0.057297 0.081673 0.020080 0.020139 0.083016 0.411278 0.022416 0.020063 0.020073 0.020094 0.020325 0.035052 0.364727 0.257901 0.242527 0.264044 0.289911 0.266825 0.093420 0.176489 0.189577 0.020471 0.020393 0.020427 0.171160 0.212045 0.227422 0.164476 0.250881 0.245199 0.150025 0.147014 0.151007 0.193541 0.021331 0.097544 0.084269 0.020307 0.206028 0.182692 0.190817 0.206306 0.187116 0.250699 0.346820 0.419303 0.179825 0.387311 0.020489 0.318671 0.090141 0.206374 0.371007 -9999.0 -9999.0
-9999.0 0.099095 0.023117 0.021451 0.123105 0.375553 0.381797 0.020099 0.020109 0.020117 0.020241 0.082714 0.158904 0.429949 0.020110 0.020049 0.020057 0.020122 0.020102 0.020479 0.021875 0.087520 0.223595 0.303215 0.297381 0.224582 0.212474 0.205379 0.161394 0.185122 0.152947 0.151248 0.178622 0.174031 0.167127 0.161358 0.159600 0.244112 0.158210 0.157990 0.158669 0.250495 0.162500 0.151005 0.150709 0.173056 0.178539 0.192977 0.216615 0.175281 0.059855 0.340098 0.356869 0.252660 0.083243 0.040090 0.040085 0.040056 0.040064 -9999.0 -9999.0 -9999.0 -9999.0
