erum2020/resources/simulation/Vinschgau/output-maps/thetaliqL0005N1207.asc
ncols         63
nrows         48
xllcorner     598000.000000
yllcorner     5145000.000000
cellsize      1000.000000
NODATA_value  -9999.0
[rows 0 to 28 of 48, columns 0 to 62 of 63]
-9999.0 -9999.0 -9999.0 -9999.0 -9999.0 -9999.0 -9999.0 -9999.0 -9999.0 -9999.0 -9999.0 -9999.0 -9999.0 -9999.0 -9999.0 -9999.0 -9999.0 -9999.0 -9999.0 -9999.0 -9999.0 -9999.0 -9999.0 -9999.0 -9999.0 -9999.0 -9999.0 -9999.0 -9999.0 -9999.0 -9999.0 -9999.0 -9999.0 -9999.0 -9999.0 -9999.0 -9999.0 -9999.0 -9999.0 -9999.0 -9999.0 -9999.0 -9999.0 -9999.0 -9999.0 -9999.0 -9999.0 -9999.0 -9999.0 -9999.0 -9999.0 -9999.0 -9999.0 -9999.0 -9999.0 -9999.0 -9999.0 -9999.0 -9999.0 -9999.0 -9999.0 -9999.0 -9999.0
-9999.0 -9999.0 -9999.0 -9999.0 -9999.0 -9999.0 -9999.0 -9999.0 -9999.0 -9999.0 -9999.0 -9999.0 -9999.0 -9999.0 -9999.0 -9999.0 -9999.0 -9999.0 -9999.0 -9999.0 -9999.0 -9999.0 -9999.0 -9999.0 -9999.0 -9999.0 -9999.0 0.093571 0.397670 0.107646 0.430000 0.200000 0.023864 -9999.0 -9999.0 -9999.0 -9999.0 -9999.0 -9999.0 -9999.0 -9999.0 -9999.0 -9999.0 -9999.0 -9999.0 -9999.0 -9999.0 -9999.0 -9999.0 -9999.0 -9999.0 -9999.0 -9999.0 -9999.0 -9999.0 -9999.0 -9999.0 -9999.0 -9999.0 -9999.0 -9999.0 -9999.0 -9999.0
-9999.0 -9999.0 -9999.0 -9999.0 -9999.0 -9999.0 -9999.0 -9999.0 -9999.0 -9999.0 -9999.0 -9999.0 -9999.0 -9999.0 -9999.0 -9999.0 -9999.0 -9999.0 -9999.0 -9999.0 -9999.0 -9999.0 -9999.0 -9999.0 0.384076 0.377945 0.379249 0.377740 0.404213 0.423915 0.430000 -9999.0 -9999.0 -9999.0 -9999.0 -9999.0 -9999.0 -9999.0 -9999.0 -9999.0 -9999.0 -9999.0 -9999.0 -9999.0 -9999.0 -9999.0 -9999.0 -9999.0 -9999.0 -9999.0 -9999.0 -9999.0 -9999.0 -9999.0 -9999.0 -9999.0 -9999.0 -9999.0 -9999.0 -9999.0 -9999.0 -9999.0 -9999.0
-9999.0 -9999.0 -9999.0 -9999.0 -9999.0 -9999.0 -9999.0 -9999.0 -9999.0 -9999.0 -9999.0 -9999.0 -9999.0 -9999.0 -9999.0 -9999.0 -9999.0 -9999.0 -9999.0 -9999.0 -9999.0 -9999.0 -9999.0 0.368420 0.356885 0.092288 0.083420 0.059659 0.070772 0.366111 0.430000 0.371146 -9999.0 -9999.0 -9999.0 -9999.0 -9999.0 -9999.0 -9999.0 -9999.0 -9999.0 -9999.0 -9999.0 -9999.0 -9999.0 -9999.0 -9999.0 -9999.0 -9999.0 -9999.0 -9999.0 -9999.0 -9999.0 -9999.0 -9999.0 -9999.0 -9999.0 -9999.0 -9999.0 -9999.0 -9999.0 -9999.0 -9999.0
-9999.0 -9999.0 -9999.0 -9999.0 -9999.0 -9999.0 -9999.0 -9999.0 -9999.0 -9999.0 -9999.0 -9999.0 -9999.0 -9999.0 -9999.0 -9999.0 -9999.0 -9999.0 0.235935 0.331532 -9999.0 0.355775 0.343715 0.062959 0.091132 0.060376 0.238680 0.215503 0.257380 0.235248 0.393489 0.429917 0.084433 0.093744 -9999.0 -9999.0 -9999.0 -9999.0 -9999.0 -9999.0 -9999.0 -9999.0 -9999.0 -9999.0 -9999.0 -9999.0 -9999.0 -9999.0 -9999.0 -9999.0 -9999.0 -9999.0 -9999.0 -9999.0 -9999.0 -9999.0 -9999.0 -9999.0 -9999.0 -9999.0 -9999.0 -9999.0 -9999.0
-9999.0 -9999.0 -9999.0 -9999.0 -9999.0 -9999.0 -9999.0 -9999.0 -9999.0 -9999.0 -9999.0 -9999.0 -9999.0 -9999.0 -9999.0 -9999.0 -9999.0 0.086467 0.080943 0.020315 0.084684 0.290417 0.221635 0.083903 0.201720 0.291014 0.049652 0.288220 0.056304 0.286163 0.359980 0.387053 0.094426 0.061794 0.059298 0.067953 -9999.0 -9999.0 -9999.0 -9999.0 -9999.0 -9999.0 -9999.0 -9999.0 -9999.0 -9999.0 -9999.0 -9999.0 -9999.0 -9999.0 -9999.0 -9999.0 -9999.0 -9999.0 -9999.0 -9999.0 -9999.0 -9999.0 -9999.0 -9999.0 -9999.0 -9999.0 -9999.0
-9999.0 -9999.0 -9999.0 -9999.0 -9999.0 -9999.0 -9999.0 -9999.0 -9999.0 -9999.0 -9999.0 -9999.0 -9999.0 0.223496 0.143385 0.107963 0.083215 0.022200 0.087978 0.061202 0.087294 0.115557 0.065900 0.174724 0.172824 0.344039 0.021612 0.049295 0.059442 0.230155 0.042295 0.406228 0.419004 0.430000 0.131804 0.083301 -9999.0 -9999.0 -9999.0 -9999.0 -9999.0 -9999.0 -9999.0 -9999.0 -9999.0 -9999.0 -9999.0 -9999.0 -9999.0 -9999.0 -9999.0 -9999.0 -9999.0 -9999.0 -9999.0 -9999.0 -9999.0 -9999.0 -9999.0 -9999.0 -9999.0 -9999.0 -9999.0
-9999.0 -9999.0 -9999.0 -9999.0 -9999.0 -9999.0 -9999.0 -9999.0 -9999.0 -9999.0 -9999.0 -9999.0 -9999.0 0.252787 0.083157 0.092309 0.085771 0.172896 0.022194 0.081036 0.066094 0.070684 0.129842 0.201388 0.214271 0.289829 0.384013 0.113067 0.108965 0.046423 0.040073 0.420104 0.101841 0.062972 0.100335 -9999.0 -9999.0 -9999.0 -9999.0 -9999.0 -9999.0 -9999.0 -9999.0 -9999.0 -9999.0 -9999.0 -9999.0 -9999.0 -9999.0 -9999.0 -9999.0 -9999.0 -9999.0 -9999.0 -9999.0 -9999.0 -9999.0 -9999.0 -9999.0 -9999.0 -9999.0 -9999.0 -9999.0
-9999.0 -9999.0 -9999.0 -9999.0 -9999.0 -9999.0 -9999.0 -9999.0 -9999.0 -9999.0 -9999.0 -9999.0 -9999.0 0.081559 0.430000 0.084921 0.091093 0.088194 0.022170 0.085467 0.156020 0.020376 0.284947 0.090211 0.150596 0.214828 0.080401 0.089186 0.430000 0.062516 0.430000 0.020033 0.054157 0.020028 0.099488 -9999.0 -9999.0 -9999.0 -9999.0 -9999.0 -9999.0 -9999.0 -9999.0 -9999.0 -9999.0 -9999.0 -9999.0 -9999.0 -9999.0 -9999.0 -9999.0 -9999.0 -9999.0 -9999.0 -9999.0 -9999.0 -9999.0 -9999.0 -9999.0 -9999.0 -9999.0 -9999.0 -9999.0
-9999.0 -9999.0 -9999.0 -9999.0 -9999.0 -9999.0 -9999.0 -9999.0 -9999.0 -9999.0 -9999.0 -9999.0 0.064829 0.430000 0.081811 0.094898 0.138809 0.102712 0.147521 0.020287 0.091299 0.266743 0.089402 0.079943 0.041816 0.385796 0.040044 0.427918 0.430000 0.114126 0.040861 0.088632 0.273263 0.088111 -9999.0 -9999.0 -9999.0 -9999.0 -9999.0 -9999.0 -9999.0 -9999.0 -9999.0 -9999.0 -9999.0 -9999.0 -9999.0 -9999.0 -9999.0 -9999.0 -9999.0 -9999.0 -9999.0 -9999.0 -9999.0 -9999.0 -9999.0 -9999.0 -9999.0 -9999.0 -9999.0 -9999.0 -9999.0
-9999.0 -9999.0 -9999.0 -9999.0 -9999.0 -9999.0 -9999.0 -9999.0 -9999.0 -9999.0 -9999.0 0.288330 0.085467 0.430000 0.081833 0.216775 0.020265 0.096804 0.194001 0.020253 0.073579 0.184925 0.318205 0.369212 0.399947 0.408910 0.430000 0.420634 0.269008 0.119304 0.093724 0.421341 0.104586 0.090818 0.086052 0.091739 0.418967 0.303501 0.144566 -9999.0 -9999.0 -9999.0 0.062011 -9999.0 -9999.0 -9999.0 -9999.0 -9999.0 -9999.0 -9999.0 -9999.0 -9999.0 -9999.0 -9999.0 -9999.0 -9999.0 -9999.0 -9999.0 -9999.0 -9999.0 -9999.0 -9999.0 -9999.0
-9999.0 -9999.0 -9999.0 -9999.0 -9999.0 -9999.0 -9999.0 -9999.0 -9999.0 -9999.0 -9999.0 0.298248 0.083998 0.059419 0.080458 0.177814 0.075000 0.077080 0.174829 0.136785 0.178871 0.232503 0.387461 0.040041 0.040132 0.405901 0.412845 0.414187 0.138884 0.105525 0.420531 0.430000 0.399738 0.190388 0.277379 0.422340 0.393731 0.234755 0.235201 0.067307 0.079870 0.092671 0.430000 0.090659 -9999.0 -9999.0 -9999.0 0.063042 0.065701 0.098273 0.066555 0.098561 0.102225 0.047549 0.046968 0.127043 -9999.0 -9999.0 -9999.0 -9999.0 -9999.0 -9999.0 -9999.0
-9999.0 -9999.0 -9999.0 -9999.0 -9999.0 -9999.0 -9999.0 -9999.0 -9999.0 -9999.0 -9999.0 0.311422 0.280056 0.341580 0.240135 0.163692 0.147021 0.089413 0.082622 0.128887 0.172619 0.365820 0.043200 0.401005 0.400050 0.099736 0.041321 0.040029 0.100650 0.336711 0.099059 0.040093 0.426778 0.224200 0.097580 0.414107 0.041001 0.040075 0.183641 0.062665 0.346108 0.174485 0.425531 0.426756 0.104057 -9999.0 0.090727 0.071164 0.430000 0.426790 0.192815 0.114722 0.190293 0.430000 0.200000 0.178920 -9999.0 -9999.0 -9999.0 -9999.0 -9999.0 -9999.0 -9999.0
-9999.0 -9999.0 -9999.0 -9999.0 -9999.0 -9999.0 -9999.0 -9999.0 -9999.0 -9999.0 -9999.0 -9999.0 0.312856 0.130746 0.246027 0.242135 0.163457 0.096181 0.179876 0.136385 0.126140 0.270563 0.047275 0.041464 0.040037 0.041334 0.430000 0.179279 0.430000 0.093307 0.415793 0.040161 0.184495 0.430000 0.325167 0.427755 0.040162 0.040069 0.275703 0.076199 0.191749 0.075707 0.041469 0.394492 0.081628 0.080470 0.086444 0.158536 0.040033 0.040229 0.062797 0.040026 0.040025 0.040034 0.040048 0.430000 0.256667 -9999.0 -9999.0 -9999.0 -9999.0 -9999.0 -9999.0
-9999.0 -9999.0 -9999.0 -9999.0 -9999.0 -9999.0 -9999.0 -9999.0 -9999.0 -9999.0 -9999.0 0.041435 0.339393 0.134650 0.064013 0.293151 0.196000 0.123499 0.147735 0.131892 0.112009 0.220416 0.089950 0.042461 0.040300 0.040075 0.041289 0.426839 0.429502 0.098707 0.041811 0.040043 0.404809 0.430000 0.244465 0.430000 0.381086 0.048401 0.211729 0.165947 0.051179 0.103297 0.049585 0.030058 0.353960 0.429933 0.430000 0.081454 0.083693 0.027187 0.020078 0.423972 0.040017 0.020033 0.020030 0.020033 0.102141 -9999.0 -9999.0 -9999.0 -9999.0 -9999.0 -9999.0
-9999.0 -9999.0 -9999.0 -9999.0 -9999.0 -9999.0 -9999.0 -9999.0 -9999.0 -9999.0 0.430000 0.043081 0.342002 0.328793 0.289202 0.399897 0.327807 0.212043 0.110023 0.136205 0.174854 0.268171 0.040560 0.336797 0.065773 0.040152 0.040186 0.020053 0.171440 0.349828 0.040089 0.040077 0.392492 0.430000 0.104047 0.093980 0.376042 0.040256 0.040465 0.385604 0.361319 0.028381 0.165183 0.298451 0.070129 0.098043 0.394960 0.040267 0.040225 0.112089 0.020035 0.098477 0.020027 0.020029 0.020969 0.430000 0.430000 -9999.0 -9999.0 -9999.0 -9999.0 -9999.0 -9999.0
-9999.0 -9999.0 -9999.0 -9999.0 -9999.0 -9999.0 -9999.0 -9999.0 -9999.0 0.400239 0.372564 0.056481 0.060418 0.046899 0.043524 0.044688 0.066452 0.260081 0.091019 0.124265 0.161722 0.130651 0.159401 0.219379 0.365714 0.040082 0.040043 0.377442 0.052634 0.065970 0.430000 0.020109 0.113914 0.081390 0.093191 0.094175 0.393492 0.040205 0.040740 0.043120 0.040177 0.040603 0.040798 0.160763 0.237522 0.067300 0.315055 0.044622 0.044962 0.411908 0.020067 0.100017 0.020029 0.050769 0.083792 0.040013 0.040015 0.130110 0.111442 -9999.0 -9999.0 -9999.0 -9999.0
-9999.0 -9999.0 -9999.0 -9999.0 -9999.0 -9999.0 -9999.0 -9999.0 -9999.0 0.184172 0.397276 0.335599 0.430000 0.126486 0.062955 0.046317 0.334852 0.252948 0.084383 0.125386 0.139646 0.082652 0.238987 0.343556 0.040159 0.040997 0.044376 0.099902 0.402781 0.333187 0.357617 0.040044 0.426789 0.309618 0.430000 0.092911 0.097088 0.103842 0.395398 0.384470 0.040552 0.040316 0.052011 0.348335 0.183639 0.234062 0.230278 0.282556 0.087065 0.321923 0.020056 0.040013 0.024626 0.041424 0.180573 0.040009 0.040017 0.040039 0.125431 -9999.0 -9999.0 -9999.0 -9999.0
-9999.0 -9999.0 -9999.0 -9999.0 -9999.0 -9999.0 -9999.0 -9999.0 -9999.0 -9999.0 0.417921 0.384309 0.064020 0.040310 0.279082 0.067239 0.122853 0.194078 0.080382 0.118027 0.148858 0.079286 0.145423 0.041609 0.042463 0.068678 0.428002 0.347814 0.341917 0.040069 0.040048 0.040032 0.040032 0.430000 0.430000 0.408991 0.355001 0.373205 0.108388 0.423699 0.418756 0.389495 0.430000 0.067694 0.158439 0.266575 0.125329 0.233881 0.088019 0.287007 0.020093 0.020082 0.048262 0.021651 0.041220 0.064690 0.430000 0.040142 0.041088 0.086656 -9999.0 -9999.0 -9999.0
-9999.0 -9999.0 -9999.0 -9999.0 -9999.0 -9999.0 -9999.0 -9999.0 -9999.0 -9999.0 0.430000 0.406917 0.369681 0.081960 0.352218 0.234162 0.208978 0.130296 0.097652 0.086366 0.094241 0.111237 0.092303 0.060292 0.076931 0.413698 0.301835 0.157180 0.040106 0.040040 0.415007 0.430000 0.020063 0.372493 0.413251 0.397500 0.040218 0.044589 0.040040 0.429684 0.423372 0.168712 0.041259 0.348459 0.338673 0.020762 0.117219 0.183738 0.111115 0.199879 0.430000 0.040034 0.040024 0.108751 0.020910 0.021886 0.065702 0.044110 0.430000 0.428875 -9999.0 -9999.0 -9999.0
-9999.0 -9999.0 -9999.0 -9999.0 -9999.0 -9999.0 -9999.0 -9999.0 0.414235 0.422321 0.199755 0.423433 0.040034 0.047004 0.052944 0.228769 0.080350 0.081912 0.088677 0.082629 0.083989 0.079116 0.082999 0.105068 0.273508 0.281830 0.300989 0.040233 0.040036 0.040043 0.080872 0.421002 0.420168 0.430000 0.430000 0.391058 0.281068 0.047445 0.040030 0.093245 0.091564 0.395561 0.020080 0.103296 0.085943 0.430000 0.040034 0.049636 0.242867 0.289817 0.366457 0.020066 0.040014 0.040011 0.025946 0.200000 0.116866 0.364108 0.309292 0.155964 -9999.0 -9999.0 -9999.0
-9999.0 -9999.0 -9999.0 -9999.0 -9999.0 -9999.0 -9999.0 -9999.0 0.020061 0.040106 0.040040 0.430000 0.399307 0.040056 0.040221 0.247003 0.118658 0.105520 0.063929 0.082462 0.168051 0.096288 0.087622 0.080368 0.084633 0.152554 0.301456 0.046150 0.020042 0.430000 0.253840 0.075599 0.415631 0.078430 0.411434 0.379458 0.286117 0.430000 0.052167 0.378844 0.417629 0.071395 0.085540 0.362414 0.430000 0.041490 0.020066 0.385978 0.053869 0.317044 0.365004 0.062989 0.040011 0.070610 0.191991 0.020075 0.043606 0.088435 0.267084 0.165846 0.086985 -9999.0 -9999.0
-9999.0 -9999.0 -9999.0 -9999.0 -9999.0 -9999.0 -9999.0 -9999.0 0.411095 0.430000 0.430000 0.040032 0.430000 0.020088 0.044525 0.040250 0.187187 0.090079 0.076520 0.165507 0.082139 0.092451 0.086848 0.083535 0.113929 0.108388 0.298376 0.040114 0.020056 0.418908 0.073244 0.412925 0.040122 0.020478 0.389922 0.317946 0.250747 0.371337 0.053952 0.040106 0.391933 0.075831 0.386818 0.430000 0.040037 0.393602 0.078915 0.410063 0.040045 0.183739 0.253313 0.406350 0.040018 0.040012 0.049314 0.056664 0.430000 0.306230 0.110687 0.172912 0.142167 -9999.0 -9999.0
-9999.0 -9999.0 -9999.0 -9999.0 -9999.0 -9999.0 -9999.0 -9999.0 0.081045 0.391794 0.044522 0.020041 0.406864 0.040921 0.020502 0.305002 0.073902 0.078258 0.146109 0.085534 0.083900 0.085424 0.096275 0.092087 0.112470 0.185836 0.064111 0.040046 0.360008 0.041300 0.044228 0.042901 0.035582 0.057811 0.025623 0.258001 0.185062 0.102410 0.289113 0.075541 0.336736 0.335653 0.349892 0.083471 0.393838 0.086637 0.165080 0.093608 0.395278 0.043422 0.238039 0.225041 0.371861 0.053579 0.430000 0.422101 0.234647 0.169536 0.139698 0.146766 0.153053 0.167271 -9999.0
-9999.0 -9999.0 -9999.0 -9999.0 -9999.0 -9999.0 -9999.0 -9999.0 0.051118 0.430000 0.040050 0.040069 0.040367 0.041749 0.384458 0.239385 0.246177 0.119159 0.162977 0.103577 0.092920 0.092449 0.086251 0.085413 0.087628 0.214012 0.040148 0.076567 0.312055 0.076513 0.042815 0.395302 0.325803 0.363565 0.328669 0.170188 0.072922 0.081395 0.077684 0.287678 0.282919 0.070016 0.349838 0.083825 0.044067 0.331598 0.056240 0.042646 0.055041 0.421918 0.256551 0.148728 0.202609 0.267132 0.375352 0.336613 0.245946 0.189076 0.168260 0.103785 0.111085 0.174676 -9999.0
-9999.0 -9999.0 0.171464 0.393831 0.040021 0.040298 0.040035 0.040035 0.430000 0.430000 0.040040 0.040151 0.042250 0.430000 0.318632 0.430000 0.140580 0.040115 0.048847 0.245677 0.103785 0.101959 0.140415 0.083570 0.093082 0.113560 0.198533 0.256751 0.153635 0.313429 0.167971 0.184538 0.210886 0.115342 0.105343 0.091103 0.082359 0.075996 0.067417 0.079169 0.065332 0.069993 0.090758 0.217805 0.210818 0.285039 0.324154 0.249180 0.151918 0.154337 0.092113 0.153861 0.226559 0.260417 0.292881 0.265848 0.245591 0.200525 0.175594 0.128224 0.207487 0.187329 -9999.0
-9999.0 0.043118 0.040163 0.040296 0.040741 0.040556 0.040065 0.040033 0.040026 0.430000 0.040031 0.040195 0.146963 0.386453 0.428324 0.040822 0.040146 0.040037 0.041640 0.222542 0.108401 0.095103 0.195399 0.141577 0.087768 0.088466 0.108782 0.125201 0.085822 0.168388 0.089087 0.089861 0.088382 0.129413 0.081109 0.085275 0.079944 0.071899 0.084068 0.085907 0.080795 0.081081 0.077245 0.084366 0.093366 0.088157 0.149074 0.079789 0.082102 0.128785 0.157216 0.200970 0.245647 0.292403 0.294510 0.398048 0.327924 0.304810 0.380831 0.314999 0.273839 0.190646 -9999.0
-9999.0 0.366214 0.064151 0.052680 0.363827 0.045326 0.040030 0.040034 0.404747 0.200000 0.040037 0.040109 0.318172 0.382355 0.044184 0.040016 0.040040 0.040038 0.040172 0.100375 0.346833 0.205721 0.163279 0.219712 0.207488 0.170738 0.081023 0.085194 0.113369 0.076631 0.074328 0.075321 0.093244 0.095825 0.103067 0.088714 0.154241 0.148860 0.080997 0.081386 0.081992 0.088460 0.080137 0.082764 0.079102 0.072650 0.093560 0.106296 0.116782 0.134497 0.169477 0.194224 0.280497 0.418701 0.430000 0.077859 0.040213 0.053043 0.066605 0.045019 0.086949 -9999.0 -9999.0
-9999.0 0.154023 0.041869 0.041617 0.354979 0.354002 0.365811 0.040063 0.040032 0.040037 0.040163 0.097920 0.345567 0.430000 0.040075 0.040012 0.040038 0.040022 0.040066 0.040270 0.045795 0.081902 0.167809 0.231524 0.221481 0.154220 0.140875 0.133030 0.085306 0.106743 0.081933 0.081381 0.100966 0.095899 0.090426 0.085890 0.084851 0.146292 0.083889 0.083567 0.083907 0.152509 0.086538 0.080789 0.080871 0.094409 0.099328 0.120634 0.147791 0.135108 0.214927 0.309014 0.094216 0.430000 0.042787 0.040104 0.040098 0.040063 0.040073 -9999.0 -9999.0 -9999.0 -9999.0
