erum2020/resources/simulation/Vinschgau/output-maps/thetaiceL0007N0167.asc
ncols         63
nrows         48
xllcorner     598000.000000
yllcorner     5145000.000000
cellsize      1000.000000
NODATA_value  -9999.0
[rows 0 to 28 of 48, columns 0 to 62 of 63]
-9999.0 -9999.0 -9999.0 -9999.0 -9999.0 -9999.0 -9999.0 -9999.0 -9999.0 -9999.0 -9999.0 -9999.0 -9999.0 -9999.0 -9999.0 -9999.0 -9999.0 -9999.0 -9999.0 -9999.0 -9999.0 -9999.0 -9999.0 -9999.0 -9999.0 -9999.0 -9999.0 -9999.0 -9999.0 -9999.0 -9999.0 -9999.0 -9999.0 -9999.0 -9999.0 -9999.0 -9999.0 -9999.0 -9999.0 -9999.0 -9999.0 -9999.0 -9999.0 -9999.0 -9999.0 -9999.0 -9999.0 -9999.0 -9999.0 -9999.0 -9999.0 -9999.0 -9999.0 -9999.0 -9999.0 -9999.0 -9999.0 -9999.0 -9999.0 -9999.0 -9999.0 -9999.0 -9999.0
-9999.0 -9999.0 -9999.0 -9999.0 -9999.0 -9999.0 -9999.0 -9999.0 -9999.0 -9999.0 -9999.0 -9999.0 -9999.0 -9999.0 -9999.0 -9999.0 -9999.0 -9999.0 -9999.0 -9999.0 -9999.0 -9999.0 -9999.0 -9999.0 -9999.0 -9999.0 -9999.0 0.029832 0.029858 0.029878 0.030338 0.030419 0.030419 -9999.0 -9999.0 -9999.0 -9999.0 -9999.0 -9999.0 -9999.0 -9999.0 -9999.0 -9999.0 -9999.0 -9999.0 -9999.0 -9999.0 -9999.0 -9999.0 -9999.0 -9999.0 -9999.0 -9999.0 -9999.0 -9999.0 -9999.0 -9999.0 -9999.0 -9999.0 -9999.0 -9999.0 -9999.0 -9999.0
-9999.0 -9999.0 -9999.0 -9999.0 -9999.0 -9999.0 -9999.0 -9999.0 -9999.0 -9999.0 -9999.0 -9999.0 -9999.0 -9999.0 -9999.0 -9999.0 -9999.0 -9999.0 -9999.0 -9999.0 -9999.0 -9999.0 -9999.0 -9999.0 0.029720 0.029825 0.029863 0.029864 0.029856 0.029870 0.030171 -9999.0 -9999.0 -9999.0 -9999.0 -9999.0 -9999.0 -9999.0 -9999.0 -9999.0 -9999.0 -9999.0 -9999.0 -9999.0 -9999.0 -9999.0 -9999.0 -9999.0 -9999.0 -9999.0 -9999.0 -9999.0 -9999.0 -9999.0 -9999.0 -9999.0 -9999.0 -9999.0 -9999.0 -9999.0 -9999.0 -9999.0 -9999.0
-9999.0 -9999.0 -9999.0 -9999.0 -9999.0 -9999.0 -9999.0 -9999.0 -9999.0 -9999.0 -9999.0 -9999.0 -9999.0 -9999.0 -9999.0 -9999.0 -9999.0 -9999.0 -9999.0 -9999.0 -9999.0 -9999.0 -9999.0 0.029780 0.029758 0.000289 0.000892 0.022102 0.023512 0.029873 0.029872 0.029820 -9999.0 -9999.0 -9999.0 -9999.0 -9999.0 -9999.0 -9999.0 -9999.0 -9999.0 -9999.0 -9999.0 -9999.0 -9999.0 -9999.0 -9999.0 -9999.0 -9999.0 -9999.0 -9999.0 -9999.0 -9999.0 -9999.0 -9999.0 -9999.0 -9999.0 -9999.0 -9999.0 -9999.0 -9999.0 -9999.0 -9999.0
-9999.0 -9999.0 -9999.0 -9999.0 -9999.0 -9999.0 -9999.0 -9999.0 -9999.0 -9999.0 -9999.0 -9999.0 -9999.0 -9999.0 -9999.0 -9999.0 -9999.0 -9999.0 0.000163 0.026150 -9999.0 0.029718 0.029734 0.000000 0.000173 0.021796 0.080149 0.079996 0.166512 0.026185 0.029884 0.029865 0.029898 0.029897 -9999.0 -9999.0 -9999.0 -9999.0 -9999.0 -9999.0 -9999.0 -9999.0 -9999.0 -9999.0 -9999.0 -9999.0 -9999.0 -9999.0 -9999.0 -9999.0 -9999.0 -9999.0 -9999.0 -9999.0 -9999.0 -9999.0 -9999.0 -9999.0 -9999.0 -9999.0 -9999.0 -9999.0 -9999.0
-9999.0 -9999.0 -9999.0 -9999.0 -9999.0 -9999.0 -9999.0 -9999.0 -9999.0 -9999.0 -9999.0 -9999.0 -9999.0 -9999.0 -9999.0 -9999.0 -9999.0 0.352381 0.032829 0.023705 0.029956 0.076271 0.029612 0.027235 0.140826 0.026024 0.027899 0.028778 0.028750 0.078981 0.029763 0.029879 0.030004 0.029927 0.030379 0.030443 -9999.0 -9999.0 -9999.0 -9999.0 -9999.0 -9999.0 -9999.0 -9999.0 -9999.0 -9999.0 -9999.0 -9999.0 -9999.0 -9999.0 -9999.0 -9999.0 -9999.0 -9999.0 -9999.0 -9999.0 -9999.0 -9999.0 -9999.0 -9999.0 -9999.0 -9999.0 -9999.0
-9999.0 -9999.0 -9999.0 -9999.0 -9999.0 -9999.0 -9999.0 -9999.0 -9999.0 -9999.0 -9999.0 -9999.0 -9999.0 0.029776 0.030946 0.162558 0.105801 0.029936 0.353966 0.023384 0.007385 0.000329 0.021804 0.054903 0.026394 0.029844 0.029089 0.028899 0.029014 0.029057 0.028840 0.029846 0.030067 0.030473 0.030457 0.030453 -9999.0 -9999.0 -9999.0 -9999.0 -9999.0 -9999.0 -9999.0 -9999.0 -9999.0 -9999.0 -9999.0 -9999.0 -9999.0 -9999.0 -9999.0 -9999.0 -9999.0 -9999.0 -9999.0 -9999.0 -9999.0 -9999.0 -9999.0 -9999.0 -9999.0 -9999.0 -9999.0
-9999.0 -9999.0 -9999.0 -9999.0 -9999.0 -9999.0 -9999.0 -9999.0 -9999.0 -9999.0 -9999.0 -9999.0 -9999.0 0.029583 0.000022 0.081321 0.081600 0.019535 0.029968 0.035491 0.005933 0.029857 0.039942 0.026557 0.027636 0.028994 0.029863 0.030418 0.030442 0.029681 0.028761 0.030465 0.030457 0.030461 0.030459 -9999.0 -9999.0 -9999.0 -9999.0 -9999.0 -9999.0 -9999.0 -9999.0 -9999.0 -9999.0 -9999.0 -9999.0 -9999.0 -9999.0 -9999.0 -9999.0 -9999.0 -9999.0 -9999.0 -9999.0 -9999.0 -9999.0 -9999.0 -9999.0 -9999.0 -9999.0 -9999.0 -9999.0
-9999.0 -9999.0 -9999.0 -9999.0 -9999.0 -9999.0 -9999.0 -9999.0 -9999.0 -9999.0 -9999.0 -9999.0 -9999.0 0.030238 0.000341 0.000127 0.084810 0.124168 0.029984 0.310959 0.035814 0.028961 0.025537 0.027699 0.028200 0.027982 0.029876 0.030422 0.029863 0.030454 0.030448 0.030454 0.030451 0.030457 0.030465 -9999.0 -9999.0 -9999.0 -9999.0 -9999.0 -9999.0 -9999.0 -9999.0 -9999.0 -9999.0 -9999.0 -9999.0 -9999.0 -9999.0 -9999.0 -9999.0 -9999.0 -9999.0 -9999.0 -9999.0 -9999.0 -9999.0 -9999.0 -9999.0 -9999.0 -9999.0 -9999.0 -9999.0
-9999.0 -9999.0 -9999.0 -9999.0 -9999.0 -9999.0 -9999.0 -9999.0 -9999.0 -9999.0 -9999.0 -9999.0 0.025954 0.000127 0.000053 0.028434 0.002706 0.125958 0.061262 0.022240 0.027448 0.028940 0.029109 0.029111 0.076925 0.030399 0.029090 0.029828 0.029874 0.030434 0.030449 0.029876 0.029906 0.030346 -9999.0 -9999.0 -9999.0 -9999.0 -9999.0 -9999.0 -9999.0 -9999.0 -9999.0 -9999.0 -9999.0 -9999.0 -9999.0 -9999.0 -9999.0 -9999.0 -9999.0 -9999.0 -9999.0 -9999.0 -9999.0 -9999.0 -9999.0 -9999.0 -9999.0 -9999.0 -9999.0 -9999.0 -9999.0
-9999.0 -9999.0 -9999.0 -9999.0 -9999.0 -9999.0 -9999.0 -9999.0 -9999.0 -9999.0 -9999.0 0.029690 0.028201 0.000343 0.028628 0.029776 0.029216 0.134087 0.071601 0.022579 0.014516 0.002003 0.029824 0.030314 0.028921 0.029845 0.030415 0.029835 0.029842 0.030443 0.029886 0.029890 0.030051 0.030337 0.029969 0.029899 0.029983 0.029957 0.029910 -9999.0 -9999.0 -9999.0 0.030333 -9999.0 -9999.0 -9999.0 -9999.0 -9999.0 -9999.0 -9999.0 -9999.0 -9999.0 -9999.0 -9999.0 -9999.0 -9999.0 -9999.0 -9999.0 -9999.0 -9999.0 -9999.0 -9999.0 -9999.0
-9999.0 -9999.0 -9999.0 -9999.0 -9999.0 -9999.0 -9999.0 -9999.0 -9999.0 -9999.0 -9999.0 0.029728 0.029033 0.026863 0.027442 0.030128 0.026883 0.026577 0.071983 0.021915 0.000707 0.005227 0.029736 0.029329 0.029481 0.030300 0.029861 0.029871 0.029885 0.030344 0.029884 0.029894 0.029936 0.029902 0.029895 0.029958 0.029905 0.029912 0.029872 0.029929 0.029973 0.030055 0.029951 0.030345 -9999.0 -9999.0 -9999.0 0.001089 0.029615 0.029640 0.029155 0.029600 0.029599 0.000022 0.000011 0.030030 -9999.0 -9999.0 -9999.0 -9999.0 -9999.0 -9999.0 -9999.0
-9999.0 -9999.0 -9999.0 -9999.0 -9999.0 -9999.0 -9999.0 -9999.0 -9999.0 -9999.0 -9999.0 0.029715 0.029712 0.029376 0.076088 0.029907 0.027120 0.031775 0.047550 0.094634 0.147204 0.026643 0.026073 0.029748 0.030327 0.029921 0.026819 0.029561 0.030344 0.030261 0.030392 0.029057 0.029903 0.029897 0.030119 0.029928 0.021378 0.022338 0.029903 0.029962 0.029872 0.029972 0.029952 0.029905 0.029852 -9999.0 0.030229 0.029694 0.029577 0.028672 0.029703 0.029696 0.000000 0.000000 0.000000 0.000000 -9999.0 -9999.0 -9999.0 -9999.0 -9999.0 -9999.0 -9999.0
-9999.0 -9999.0 -9999.0 -9999.0 -9999.0 -9999.0 -9999.0 -9999.0 -9999.0 -9999.0 -9999.0 -9999.0 0.029700 0.076062 0.009276 0.029582 0.026944 0.029510 0.089588 0.164047 0.032740 0.026149 0.025712 0.026449 0.029161 0.026991 0.000310 0.030360 0.030257 0.029861 0.029872 0.027931 0.029899 0.029895 0.030209 0.029950 0.029227 0.025386 0.029955 0.029925 0.029965 0.029950 0.026390 0.031152 0.029907 0.029808 0.029790 0.029669 0.028923 0.027573 0.076619 0.028623 0.001152 0.000296 0.029587 0.029589 0.000538 -9999.0 -9999.0 -9999.0 -9999.0 -9999.0 -9999.0
-9999.0 -9999.0 -9999.0 -9999.0 -9999.0 -9999.0 -9999.0 -9999.0 -9999.0 -9999.0 -9999.0 0.074410 0.029788 0.029857 0.026721 0.026779 0.027768 0.028677 0.002992 0.350751 0.028963 0.003431 0.028431 0.028379 0.027214 0.033386 0.076713 0.030345 0.029875 0.029902 0.026313 0.026717 0.029849 0.029878 0.030412 0.029920 0.030067 0.028946 0.356401 0.029923 0.026222 0.027085 0.028766 0.025755 0.029858 0.029807 0.029741 0.029835 0.029722 0.027546 0.030094 0.029909 0.029633 0.030316 0.030147 0.030314 0.029556 -9999.0 -9999.0 -9999.0 -9999.0 -9999.0 -9999.0
-9999.0 -9999.0 -9999.0 -9999.0 -9999.0 -9999.0 -9999.0 -9999.0 -9999.0 -9999.0 0.029743 0.027772 0.028628 0.029747 0.000422 0.031616 0.029109 0.025894 0.137275 0.254654 0.073189 0.012152 0.024405 0.000354 0.033189 0.076227 0.029674 0.029771 0.029832 0.029781 0.027056 0.029257 0.029874 0.030260 0.030456 0.029973 0.030001 0.028727 0.021763 0.023928 0.022875 0.029347 0.030347 0.360839 0.027636 0.029913 0.029740 0.026669 0.029253 0.026819 0.029505 0.030298 0.030195 0.030315 0.030271 0.000000 0.000000 -9999.0 -9999.0 -9999.0 -9999.0 -9999.0 -9999.0
-9999.0 -9999.0 -9999.0 -9999.0 -9999.0 -9999.0 -9999.0 -9999.0 -9999.0 0.029864 0.042256 0.051950 0.029684 0.027681 0.003797 0.029100 0.029471 0.000494 0.032146 0.350201 0.156797 0.025910 0.018157 0.039055 0.076769 0.029301 0.028225 0.029625 0.025470 0.034225 0.029944 0.029098 0.030431 0.030438 0.030266 0.030369 0.029895 0.029193 0.029613 0.029023 0.022970 0.029422 0.029342 0.029160 0.011381 0.023494 0.029743 0.026693 0.028188 0.195924 0.028680 0.029629 0.030319 0.030142 0.029743 0.029230 0.000017 0.028864 0.029219 -9999.0 -9999.0 -9999.0 -9999.0
-9999.0 -9999.0 -9999.0 -9999.0 -9999.0 -9999.0 -9999.0 -9999.0 -9999.0 0.029861 0.029800 0.029815 0.000545 0.029736 0.026033 0.027603 0.000061 0.027535 0.031511 0.215970 0.227046 0.050200 0.079901 0.035884 0.029302 0.027067 0.028837 0.033613 0.046653 0.079303 0.029860 0.028599 0.030325 0.029842 0.029888 0.029978 0.029931 0.029941 0.030374 0.029881 0.076797 0.029902 0.026409 0.030056 0.353684 0.320740 0.040283 0.022767 0.024577 0.030170 0.028693 0.029080 0.030180 0.030047 0.030260 0.003602 0.000000 0.000409 0.029137 -9999.0 -9999.0 -9999.0 -9999.0
-9999.0 -9999.0 -9999.0 -9999.0 -9999.0 -9999.0 -9999.0 -9999.0 -9999.0 -9999.0 0.029790 0.029809 0.029001 0.288701 0.025435 0.025912 0.028833 0.046638 0.025873 0.325509 0.094677 0.018926 0.031779 0.026855 0.027462 0.031483 0.047653 0.042767 0.029840 0.029539 0.029671 0.076960 0.030052 0.030348 0.029890 0.029845 0.029833 0.029865 0.029883 0.030384 0.030417 0.029826 0.029852 0.029554 0.028707 0.027242 0.019831 0.180990 0.020800 0.023676 0.027328 0.029026 0.029606 0.030142 0.029615 0.030009 0.029494 0.028038 0.024895 0.000035 -9999.0 -9999.0 -9999.0
-9999.0 -9999.0 -9999.0 -9999.0 -9999.0 -9999.0 -9999.0 -9999.0 -9999.0 -9999.0 0.029795 0.029799 0.029715 0.028680 0.096175 0.041002 0.024368 0.179199 0.130396 0.337711 0.120438 0.035990 0.035659 0.028566 0.031205 0.044951 0.275559 0.033137 0.028834 0.030107 0.030329 0.029731 0.029587 0.030339 0.030334 0.029877 0.025448 0.027148 0.029050 0.030291 0.029799 0.029820 0.029537 0.030259 0.065586 0.028636 0.029344 0.028028 0.015908 0.022738 0.011821 0.028945 0.028212 0.029596 0.030106 0.029548 0.029799 0.000000 0.043410 0.319575 -9999.0 -9999.0 -9999.0
-9999.0 -9999.0 -9999.0 -9999.0 -9999.0 -9999.0 -9999.0 -9999.0 0.028210 0.029709 0.029914 0.029720 0.029377 0.028867 0.027248 0.309612 0.036745 0.050573 0.292381 0.285144 0.130069 0.025378 0.028791 0.036083 0.042219 0.182152 0.187141 0.029105 0.029520 0.029846 0.030399 0.030316 0.030179 0.030081 0.029728 0.030371 0.029737 0.027517 0.029402 0.029826 0.030225 0.029828 0.030251 0.030385 0.029736 0.028922 0.029577 0.028571 0.025196 0.389971 0.050453 0.024998 0.021836 0.029329 0.029597 0.000000 0.029166 0.000100 0.025840 0.038745 -9999.0 -9999.0 -9999.0
-9999.0 -9999.0 -9999.0 -9999.0 -9999.0 -9999.0 -9999.0 -9999.0 0.029751 0.026939 0.028535 0.030162 0.029857 0.029240 0.026077 0.032877 0.041585 0.036823 0.008841 0.224495 0.307949 0.329464 0.224451 0.041303 0.024764 0.139737 0.300791 0.028790 0.030118 0.029768 0.029744 0.029882 0.029712 0.029781 0.029543 0.029644 0.029798 0.027003 0.029044 0.029698 0.030070 0.030372 0.030316 0.029617 0.030086 0.029343 0.030203 0.030192 0.029352 0.043276 0.048304 0.027716 0.028398 0.000000 0.029759 0.027898 0.026601 0.026915 0.022816 0.063426 0.042250 -9999.0 -9999.0
-9999.0 -9999.0 -9999.0 -9999.0 -9999.0 -9999.0 -9999.0 -9999.0 0.029845 0.029748 0.029238 0.029204 0.029730 0.029925 0.006475 0.022311 0.031785 0.041278 0.027090 0.325450 0.125568 0.323281 0.227266 0.193810 0.267805 0.032231 0.044399 0.027874 0.029613 0.029868 0.029869 0.029747 0.028771 0.028756 0.028636 0.029635 0.029139 0.021471 0.028435 0.029208 0.029651 0.029683 0.028487 0.029671 0.029614 0.029679 0.029668 0.000253 0.029629 0.025498 0.389917 0.052135 0.026746 0.028061 0.026997 0.058406 0.054972 0.054292 0.047475 0.325493 0.049605 -9999.0 -9999.0
-9999.0 -9999.0 -9999.0 -9999.0 -9999.0 -9999.0 -9999.0 -9999.0 0.030377 0.029739 0.000424 0.029182 0.000286 0.000314 0.021303 0.034831 0.005849 0.033399 0.348290 0.316528 0.309721 0.128926 0.181070 0.291096 0.149672 0.029508 0.029844 0.027516 0.016182 0.026457 0.028285 0.027781 0.024936 0.026710 0.029047 0.029728 0.029751 0.047870 0.027665 0.029187 0.029664 0.029411 0.029260 0.029840 0.013170 0.029690 0.022653 0.029700 0.014099 0.027884 0.047531 0.043561 0.048476 0.173854 0.055778 0.058095 0.047555 0.389911 0.073632 0.051121 0.377283 0.005070 -9999.0
-9999.0 -9999.0 -9999.0 -9999.0 -9999.0 -9999.0 -9999.0 -9999.0 0.029722 0.029691 0.000227 0.023298 0.020357 0.039382 0.054994 0.292783 0.311680 0.033577 0.040907 0.037324 0.171510 0.181475 0.183052 0.331426 0.053877 0.000580 0.023044 0.032512 0.039213 0.041834 0.026293 0.007543 0.024313 0.035510 0.027582 0.027769 0.027674 0.047479 0.020213 0.028426 0.028151 0.028279 0.026162 0.026833 0.028930 0.029581 0.027079 0.026132 0.026276 0.024646 0.023048 0.036554 0.045719 0.055195 0.083828 0.389955 0.179738 0.133767 0.385314 0.056879 0.048872 0.000425 -9999.0
-9999.0 -9999.0 0.029820 0.029687 0.029088 0.028061 0.028323 0.028302 0.029706 0.029588 0.029350 0.207167 0.042665 0.043572 0.059048 0.215020 0.024949 0.029000 0.029337 0.044344 0.037747 0.164927 0.213849 0.388859 0.338061 0.036648 0.044708 0.040219 0.034952 0.044466 0.029460 0.000903 0.122924 0.040137 0.050952 0.042848 0.054180 0.051922 0.020723 0.025334 0.026670 0.024527 0.014193 0.047317 0.023574 0.025883 0.052874 0.376757 0.020263 0.043447 0.047883 0.389933 0.191988 0.257492 0.283855 0.389730 0.389957 0.377999 0.057166 0.048246 0.000155 0.000282 -9999.0
-9999.0 0.026720 0.026586 0.027059 0.027510 0.023932 0.029149 0.029305 0.029280 0.029703 0.029410 0.000273 0.048558 0.000000 0.000074 0.025276 0.029560 0.029231 0.013126 0.043762 0.037718 0.031779 0.389959 0.349723 0.331727 0.206348 0.285276 0.289237 0.033909 0.309743 0.043357 0.048346 0.048953 0.376096 0.046700 0.352962 0.049017 0.045185 0.376415 0.355197 0.049212 0.045575 0.038179 0.040808 0.037997 0.038199 0.351883 0.030411 0.043053 0.387393 0.172822 0.237973 0.389963 0.389969 0.389969 0.377552 0.099411 0.064967 0.000538 0.000384 0.000238 0.000251 -9999.0
-9999.0 0.029681 0.019169 0.006115 0.000026 0.015382 0.026673 0.027969 0.029712 0.029845 0.028310 0.000646 0.045371 0.000053 0.024920 0.028718 0.029424 0.028702 0.000780 0.041354 0.000427 0.175810 0.352611 0.389965 0.389971 0.377680 0.307913 0.179325 0.184064 0.026080 0.025543 0.026672 0.253794 0.342280 0.348606 0.318314 0.258755 0.088628 0.300583 0.333859 0.374089 0.389746 0.043740 0.197447 0.136328 0.025607 0.033114 0.018850 0.091050 0.132611 0.379899 0.380864 0.125754 0.379349 0.052936 0.000880 0.001882 0.000923 0.000404 0.000011 0.000094 -9999.0 -9999.0
-9999.0 0.029720 0.029186 0.043945 0.040647 0.000018 0.000066 0.025271 0.027540 0.027866 0.000177 0.041158 0.054731 0.000355 0.000256 0.029040 0.029344 0.029446 0.028025 0.039839 0.000795 0.042303 0.117531 0.180157 0.384578 0.359923 0.300653 0.276531 0.235819 0.216018 0.213469 0.159119 0.163506 0.337373 0.249712 0.264126 0.290273 0.286307 0.234707 0.084302 0.055855 0.127524 0.023800 0.033364 0.048018 0.059900 0.263991 0.352215 0.389918 0.334944 0.048008 0.044454 0.052305 0.001023 0.015835 0.000516 0.000180 0.000001 0.000000 -9999.0 -9999.0 -9999.0 -9999.0
