erum2020/resources/simulation/Vinschgau/output-maps/thetaliqL0008N0037.asc
ncols         63
nrows         48
xllcorner     598000.000000
yllcorner     5145000.000000
cellsize      1000.000000
NODATA_value  -9999.0
[rows 0 to 28 of 48, columns 0 to 62 of 63]
-9999.0 -9999.0 -9999.0 -9999.0 -9999.0 -9999.0 -9999.0 -9999.0 -9999.0 -9999.0 -9999.0 -9999.0 -9999.0 -9999.0 -9999.0 -9999.0 -9999.0 -9999.0 -9999.0 -9999.0 -9999.0 -9999.0 -9999.0 -9999.0 -9999.0 -9999.0 -9999.0 -9999.0 -9999.0 -9999.0 -9999.0 -9999.0 -9999.0 -9999.0 -9999.0 -9999.0 -9999.0 -9999.0 -9999.0 -9999.0 -9999.0 -9999.0 -9999.0 -9999.0 -9999.0 -9999.0 -9999.0 -9999.0 -9999.0 -9999.0 -9999.0 -9999.0 -9999.0 -9999.0 -9999.0 -9999.0 -9999.0 -9999.0 -9999.0 -9999.0 -9999.0 -9999.0 -9999.0
-9999.0 -9999.0 -9999.0 -9999.0 -9999.0 -9999.0 -9999.0 -9999.0 -9999.0 -9999.0 -9999.0 -9999.0 -9999.0 -9999.0 -9999.0 -9999.0 -9999.0 -9999.0 -9999.0 -9999.0 -9999.0 -9999.0 -9999.0 -9999.0 -9999.0 -9999.0 -9999.0 0.086847 0.086850 0.086842 0.063378 0.052599 0.051024 -9999.0 -9999.0 -9999.0 -9999.0 -9999.0 -9999.0 -9999.0 -9999.0 -9999.0 -9999.0 -9999.0 -9999.0 -9999.0 -9999.0 -9999.0 -9999.0 -9999.0 -9999.0 -9999.0 -9999.0 -9999.0 -9999.0 -9999.0 -9999.0 -9999.0 -9999.0 -9999.0 -9999.0 -9999.0 -9999.0
-9999.0 -9999.0 -9999.0 -9999.0 -9999.0 -9999.0 -9999.0 -9999.0 -9999.0 -9999.0 -9999.0 -9999.0 -9999.0 -9999.0 -9999.0 -9999.0 -9999.0 -9999.0 -9999.0 -9999.0 -9999.0 -9999.0 -9999.0 -9999.0 0.086850 0.086850 0.086850 0.086850 0.086850 0.086850 0.076781 -9999.0 -9999.0 -9999.0 -9999.0 -9999.0 -9999.0 -9999.0 -9999.0 -9999.0 -9999.0 -9999.0 -9999.0 -9999.0 -9999.0 -9999.0 -9999.0 -9999.0 -9999.0 -9999.0 -9999.0 -9999.0 -9999.0 -9999.0 -9999.0 -9999.0 -9999.0 -9999.0 -9999.0 -9999.0 -9999.0 -9999.0 -9999.0
-9999.0 -9999.0 -9999.0 -9999.0 -9999.0 -9999.0 -9999.0 -9999.0 -9999.0 -9999.0 -9999.0 -9999.0 -9999.0 -9999.0 -9999.0 -9999.0 -9999.0 -9999.0 -9999.0 -9999.0 -9999.0 -9999.0 -9999.0 0.086850 0.086850 0.086850 0.086849 0.086849 0.086849 0.086850 0.086849 0.086850 -9999.0 -9999.0 -9999.0 -9999.0 -9999.0 -9999.0 -9999.0 -9999.0 -9999.0 -9999.0 -9999.0 -9999.0 -9999.0 -9999.0 -9999.0 -9999.0 -9999.0 -9999.0 -9999.0 -9999.0 -9999.0 -9999.0 -9999.0 -9999.0 -9999.0 -9999.0 -9999.0 -9999.0 -9999.0 -9999.0 -9999.0
-9999.0 -9999.0 -9999.0 -9999.0 -9999.0 -9999.0 -9999.0 -9999.0 -9999.0 -9999.0 -9999.0 -9999.0 -9999.0 -9999.0 -9999.0 -9999.0 -9999.0 -9999.0 0.086850 0.086849 -9999.0 0.086850 0.086850 0.086849 0.086849 0.086848 0.086850 0.086850 0.086850 0.086849 0.086849 0.086850 0.082617 0.075141 -9999.0 -9999.0 -9999.0 -9999.0 -9999.0 -9999.0 -9999.0 -9999.0 -9999.0 -9999.0 -9999.0 -9999.0 -9999.0 -9999.0 -9999.0 -9999.0 -9999.0 -9999.0 -9999.0 -9999.0 -9999.0 -9999.0 -9999.0 -9999.0 -9999.0 -9999.0 -9999.0 -9999.0 -9999.0
-9999.0 -9999.0 -9999.0 -9999.0 -9999.0 -9999.0 -9999.0 -9999.0 -9999.0 -9999.0 -9999.0 -9999.0 -9999.0 -9999.0 -9999.0 -9999.0 -9999.0 0.384147 0.081905 0.086846 0.083840 0.086850 0.086849 0.086849 0.086850 0.085624 0.086116 0.086850 0.086433 0.086850 0.086850 0.086850 0.084714 0.084365 0.066436 0.035125 -9999.0 -9999.0 -9999.0 -9999.0 -9999.0 -9999.0 -9999.0 -9999.0 -9999.0 -9999.0 -9999.0 -9999.0 -9999.0 -9999.0 -9999.0 -9999.0 -9999.0 -9999.0 -9999.0 -9999.0 -9999.0 -9999.0 -9999.0 -9999.0 -9999.0 -9999.0 -9999.0
-9999.0 -9999.0 -9999.0 -9999.0 -9999.0 -9999.0 -9999.0 -9999.0 -9999.0 -9999.0 -9999.0 -9999.0 -9999.0 0.086850 0.086849 0.084216 0.082200 0.086851 0.385059 0.086848 0.086849 0.086848 0.086848 0.086850 0.085949 0.086845 0.081037 0.086850 0.086849 0.086850 0.086849 0.086848 0.075583 0.049720 0.032576 0.027196 -9999.0 -9999.0 -9999.0 -9999.0 -9999.0 -9999.0 -9999.0 -9999.0 -9999.0 -9999.0 -9999.0 -9999.0 -9999.0 -9999.0 -9999.0 -9999.0 -9999.0 -9999.0 -9999.0 -9999.0 -9999.0 -9999.0 -9999.0 -9999.0 -9999.0 -9999.0 -9999.0
-9999.0 -9999.0 -9999.0 -9999.0 -9999.0 -9999.0 -9999.0 -9999.0 -9999.0 -9999.0 -9999.0 -9999.0 -9999.0 0.086850 0.086849 0.083411 0.083586 0.086850 0.086851 0.086849 0.080917 0.086849 0.085365 0.085653 0.086850 0.086850 0.086850 0.045857 0.043671 0.085225 0.086849 0.049906 0.030991 0.023499 0.024972 -9999.0 -9999.0 -9999.0 -9999.0 -9999.0 -9999.0 -9999.0 -9999.0 -9999.0 -9999.0 -9999.0 -9999.0 -9999.0 -9999.0 -9999.0 -9999.0 -9999.0 -9999.0 -9999.0 -9999.0 -9999.0 -9999.0 -9999.0 -9999.0 -9999.0 -9999.0 -9999.0 -9999.0
-9999.0 -9999.0 -9999.0 -9999.0 -9999.0 -9999.0 -9999.0 -9999.0 -9999.0 -9999.0 -9999.0 -9999.0 -9999.0 0.086849 0.086850 0.086850 0.083783 0.084049 0.086851 0.387277 0.086850 0.072892 0.085870 0.086058 0.086850 0.086850 0.086841 0.042873 0.086850 0.036480 0.051625 0.027174 0.027326 0.022816 0.022810 -9999.0 -9999.0 -9999.0 -9999.0 -9999.0 -9999.0 -9999.0 -9999.0 -9999.0 -9999.0 -9999.0 -9999.0 -9999.0 -9999.0 -9999.0 -9999.0 -9999.0 -9999.0 -9999.0 -9999.0 -9999.0 -9999.0 -9999.0 -9999.0 -9999.0 -9999.0 -9999.0 -9999.0
-9999.0 -9999.0 -9999.0 -9999.0 -9999.0 -9999.0 -9999.0 -9999.0 -9999.0 -9999.0 -9999.0 -9999.0 0.086849 0.086850 0.086849 0.086850 0.085692 0.083952 0.086938 0.086849 0.086849 0.086849 0.086774 0.086850 0.086849 0.056530 0.086849 0.086849 0.086850 0.038207 0.049612 0.080939 0.086839 0.035588 -9999.0 -9999.0 -9999.0 -9999.0 -9999.0 -9999.0 -9999.0 -9999.0 -9999.0 -9999.0 -9999.0 -9999.0 -9999.0 -9999.0 -9999.0 -9999.0 -9999.0 -9999.0 -9999.0 -9999.0 -9999.0 -9999.0 -9999.0 -9999.0 -9999.0 -9999.0 -9999.0 -9999.0 -9999.0
-9999.0 -9999.0 -9999.0 -9999.0 -9999.0 -9999.0 -9999.0 -9999.0 -9999.0 -9999.0 -9999.0 0.086850 0.086850 0.086850 0.086850 0.086850 0.065401 0.084298 0.393289 0.086849 0.083083 0.086849 0.086849 0.061596 0.086849 0.085452 0.054241 0.086850 0.086849 0.032883 0.080577 0.086848 0.070329 0.041047 0.070228 0.076440 0.083884 0.085281 0.086840 -9999.0 -9999.0 -9999.0 0.054146 -9999.0 -9999.0 -9999.0 -9999.0 -9999.0 -9999.0 -9999.0 -9999.0 -9999.0 -9999.0 -9999.0 -9999.0 -9999.0 -9999.0 -9999.0 -9999.0 -9999.0 -9999.0 -9999.0 -9999.0
-9999.0 -9999.0 -9999.0 -9999.0 -9999.0 -9999.0 -9999.0 -9999.0 -9999.0 -9999.0 -9999.0 0.086850 0.086850 0.086849 0.086850 0.066958 0.086849 0.082615 0.391631 0.392782 0.086850 0.086850 0.086850 0.086849 0.086850 0.067888 0.086850 0.086850 0.080740 0.041762 0.086849 0.086848 0.086621 0.082555 0.080374 0.085773 0.086850 0.086850 0.086850 0.070267 0.071304 0.063905 0.086434 0.057126 -9999.0 -9999.0 -9999.0 0.384771 0.086853 0.086850 0.086850 0.086850 0.086848 0.387386 0.388841 0.078433 -9999.0 -9999.0 -9999.0 -9999.0 -9999.0 -9999.0 -9999.0
-9999.0 -9999.0 -9999.0 -9999.0 -9999.0 -9999.0 -9999.0 -9999.0 -9999.0 -9999.0 -9999.0 0.086850 0.086849 0.082322 0.086849 0.086142 0.086849 0.084543 0.086850 0.392506 0.387407 0.086849 0.086849 0.086850 0.064605 0.084476 0.086849 0.085002 0.048448 0.071520 0.041640 0.080258 0.086846 0.080161 0.064736 0.086073 0.086849 0.086824 0.086850 0.062604 0.086849 0.079523 0.086818 0.086846 0.086849 -9999.0 0.059339 0.086854 0.086850 0.086850 0.086850 0.086850 0.086850 0.086855 0.086855 0.086850 -9999.0 -9999.0 -9999.0 -9999.0 -9999.0 -9999.0 -9999.0
-9999.0 -9999.0 -9999.0 -9999.0 -9999.0 -9999.0 -9999.0 -9999.0 -9999.0 -9999.0 -9999.0 -9999.0 0.086850 0.086849 0.086850 0.086850 0.085532 0.084858 0.086850 0.393137 0.083711 0.086850 0.086849 0.086849 0.086847 0.086849 0.086850 0.057947 0.068542 0.081438 0.086850 0.086848 0.086845 0.086321 0.065091 0.082026 0.067984 0.086850 0.086849 0.086571 0.086850 0.086844 0.085972 0.086850 0.084975 0.086850 0.086778 0.086850 0.086847 0.086849 0.086849 0.086850 0.389426 0.086849 0.086850 0.086850 0.086850 -9999.0 -9999.0 -9999.0 -9999.0 -9999.0 -9999.0
-9999.0 -9999.0 -9999.0 -9999.0 -9999.0 -9999.0 -9999.0 -9999.0 -9999.0 -9999.0 -9999.0 0.086849 0.086837 0.079596 0.086849 0.086850 0.086850 0.085260 0.086850 0.387534 0.083331 0.084039 0.086850 0.081631 0.086849 0.086849 0.086849 0.062482 0.086850 0.086608 0.086849 0.086850 0.086850 0.086089 0.042704 0.078705 0.059920 0.060726 0.387438 0.086850 0.086846 0.086849 0.086849 0.080835 0.086849 0.086850 0.086850 0.086850 0.086850 0.086845 0.069419 0.081554 0.086850 0.059541 0.070378 0.058521 0.086847 -9999.0 -9999.0 -9999.0 -9999.0 -9999.0 -9999.0
-9999.0 -9999.0 -9999.0 -9999.0 -9999.0 -9999.0 -9999.0 -9999.0 -9999.0 -9999.0 0.086850 0.086850 0.086850 0.086850 0.086850 0.086849 0.086849 0.085935 0.083756 0.387634 0.392778 0.390509 0.084922 0.086850 0.086849 0.086849 0.083185 0.061839 0.086838 0.086850 0.086849 0.086850 0.086844 0.063414 0.023445 0.070589 0.082870 0.085032 0.085133 0.086849 0.086848 0.086848 0.083327 0.386085 0.086849 0.086837 0.086850 0.086844 0.086849 0.086848 0.072385 0.060641 0.066702 0.058823 0.062744 0.086850 0.086850 -9999.0 -9999.0 -9999.0 -9999.0 -9999.0 -9999.0
-9999.0 -9999.0 -9999.0 -9999.0 -9999.0 -9999.0 -9999.0 -9999.0 -9999.0 0.081597 0.086849 0.086850 0.086849 0.086848 0.086850 0.086850 0.086849 0.086850 0.083013 0.387162 0.391877 0.083737 0.084010 0.086849 0.086850 0.081350 0.086389 0.086850 0.086849 0.086849 0.086849 0.072501 0.036658 0.032335 0.046197 0.038601 0.086848 0.086844 0.086209 0.086850 0.085245 0.086674 0.079526 0.083825 0.082464 0.086848 0.086849 0.086845 0.086849 0.086849 0.086846 0.086844 0.057975 0.063775 0.084858 0.086849 0.086850 0.086850 0.086850 -9999.0 -9999.0 -9999.0 -9999.0
-9999.0 -9999.0 -9999.0 -9999.0 -9999.0 -9999.0 -9999.0 -9999.0 -9999.0 0.083002 0.085960 0.086846 0.086849 0.086849 0.086849 0.086849 0.086850 0.086849 0.082187 0.392981 0.393070 0.086850 0.086850 0.086850 0.084575 0.086849 0.086849 0.086849 0.086849 0.086849 0.086850 0.073759 0.064454 0.086846 0.086850 0.078461 0.081368 0.083321 0.054835 0.086847 0.086849 0.075732 0.086849 0.086849 0.389356 0.086849 0.086848 0.086848 0.086848 0.086848 0.081000 0.086788 0.060279 0.077677 0.064195 0.086849 0.086850 0.086849 0.086849 -9999.0 -9999.0 -9999.0 -9999.0
-9999.0 -9999.0 -9999.0 -9999.0 -9999.0 -9999.0 -9999.0 -9999.0 -9999.0 -9999.0 0.086843 0.086848 0.086849 0.385704 0.086849 0.086849 0.086849 0.086849 0.081509 0.389855 0.392059 0.084146 0.086226 0.086447 0.086849 0.086849 0.086849 0.086848 0.086850 0.086727 0.075718 0.086849 0.069917 0.060722 0.086850 0.086850 0.086850 0.086850 0.080683 0.058312 0.053461 0.086850 0.086849 0.086847 0.080883 0.086134 0.084409 0.086850 0.086847 0.086848 0.085207 0.086848 0.086850 0.059822 0.086850 0.080098 0.086849 0.086849 0.086849 0.086849 -9999.0 -9999.0 -9999.0
-9999.0 -9999.0 -9999.0 -9999.0 -9999.0 -9999.0 -9999.0 -9999.0 -9999.0 -9999.0 0.086846 0.086848 0.086850 0.086849 0.390523 0.083534 0.084094 0.082880 0.081105 0.387659 0.082191 0.083494 0.084457 0.086849 0.086849 0.086849 0.086850 0.086010 0.086522 0.069208 0.064861 0.086850 0.065836 0.063275 0.062183 0.085913 0.086849 0.086850 0.080798 0.068037 0.086850 0.086849 0.086850 0.070063 0.086848 0.085491 0.086850 0.086165 0.083335 0.086848 0.086845 0.086849 0.086849 0.086850 0.075605 0.086849 0.084345 0.086849 0.081865 0.086891 -9999.0 -9999.0 -9999.0
-9999.0 -9999.0 -9999.0 -9999.0 -9999.0 -9999.0 -9999.0 -9999.0 0.086850 0.086847 0.082536 0.086850 0.086849 0.086849 0.085730 0.385716 0.081789 0.086850 0.391669 0.388356 0.080877 0.081781 0.082810 0.084022 0.086849 0.083480 0.086850 0.086581 0.086850 0.081176 0.041315 0.067381 0.072301 0.081740 0.086850 0.059162 0.086850 0.086849 0.065657 0.086679 0.059295 0.086842 0.058194 0.050868 0.086850 0.086850 0.077480 0.086849 0.085918 0.393399 0.086847 0.085762 0.086850 0.086313 0.086849 0.086849 0.086850 0.086849 0.086848 0.079772 -9999.0 -9999.0 -9999.0
-9999.0 -9999.0 -9999.0 -9999.0 -9999.0 -9999.0 -9999.0 -9999.0 0.072582 0.086849 0.077608 0.068008 0.086278 0.086849 0.085823 0.085279 0.084092 0.084400 0.081651 0.389458 0.393168 0.390969 0.086850 0.086850 0.082131 0.082189 0.084435 0.086849 0.066765 0.086850 0.086850 0.086846 0.086850 0.086849 0.086850 0.086850 0.086850 0.086849 0.086845 0.086850 0.078025 0.052920 0.056462 0.086850 0.086850 0.086850 0.066385 0.074960 0.086849 0.083912 0.086846 0.086849 0.086484 0.086850 0.086849 0.086845 0.086848 0.086849 0.086848 0.391501 0.389801 -9999.0 -9999.0
-9999.0 -9999.0 -9999.0 -9999.0 -9999.0 -9999.0 -9999.0 -9999.0 0.084682 0.086850 0.086850 0.077941 0.086850 0.065747 0.086849 0.084487 0.082950 0.086848 0.081090 0.393525 0.392020 0.392739 0.086850 0.086849 0.086850 0.083596 0.085259 0.086443 0.063502 0.086850 0.086848 0.086850 0.086850 0.081829 0.086850 0.086850 0.086850 0.084870 0.085036 0.086849 0.086850 0.086847 0.086850 0.086850 0.086850 0.086850 0.086850 0.086850 0.086849 0.085903 0.382917 0.086846 0.085916 0.086176 0.086849 0.086849 0.086849 0.086848 0.086842 0.394795 0.391640 -9999.0 -9999.0
-9999.0 -9999.0 -9999.0 -9999.0 -9999.0 -9999.0 -9999.0 -9999.0 0.045201 0.086850 0.387059 0.067404 0.086850 0.086849 0.084287 0.082776 0.080623 0.079851 0.388927 0.386368 0.389225 0.430000 0.430000 0.392616 0.083278 0.084863 0.086184 0.077496 0.086850 0.086848 0.086841 0.086848 0.086848 0.086849 0.086847 0.086850 0.086849 0.084711 0.086030 0.086849 0.086850 0.086850 0.086850 0.086849 0.086850 0.086850 0.086850 0.086850 0.086849 0.086849 0.085924 0.080782 0.086846 0.086849 0.086849 0.086849 0.086845 0.430000 0.430000 0.430000 0.086861 0.084318 -9999.0
-9999.0 -9999.0 -9999.0 -9999.0 -9999.0 -9999.0 -9999.0 -9999.0 0.086849 0.086850 0.086850 0.084994 0.084116 0.083602 0.086850 0.086850 0.388728 0.084710 0.085517 0.084366 0.082698 0.430000 0.430000 0.387505 0.086850 0.083962 0.085181 0.086849 0.086848 0.086849 0.085284 0.086849 0.086848 0.086849 0.086848 0.086849 0.086849 0.084029 0.084193 0.086849 0.086848 0.086822 0.086848 0.086842 0.086848 0.086850 0.086848 0.086849 0.086848 0.086848 0.086848 0.081224 0.081463 0.086849 0.086851 0.430000 0.430000 0.430000 0.390424 0.086847 0.082860 0.085408 -9999.0
-9999.0 -9999.0 0.086848 0.086850 0.086850 0.086850 0.086850 0.086849 0.086850 0.086850 0.086850 0.385259 0.083825 0.086849 0.086851 0.385939 0.085351 0.086561 0.086849 0.085308 0.083967 0.081107 0.430000 0.430000 0.386207 0.082604 0.083342 0.083486 0.082057 0.086850 0.084559 0.084770 0.086849 0.083393 0.086848 0.084330 0.086849 0.083510 0.084342 0.085564 0.086849 0.086848 0.082881 0.086846 0.084136 0.086849 0.086848 0.082217 0.086847 0.086848 0.086848 0.393815 0.394050 0.394289 0.430000 0.430000 0.392014 0.086862 0.086848 0.083538 0.086861 0.085941 -9999.0
-9999.0 0.086849 0.086849 0.086849 0.086849 0.086849 0.086850 0.086850 0.086850 0.086850 0.086850 0.085907 0.387175 0.393412 0.390684 0.085733 0.086850 0.086850 0.086849 0.084401 0.082574 0.081374 0.430000 0.430000 0.086853 0.086849 0.086849 0.086849 0.086848 0.086849 0.086848 0.086848 0.086849 0.086850 0.086848 0.086849 0.086849 0.081811 0.086849 0.086849 0.086848 0.086848 0.086842 0.082120 0.082229 0.081313 0.383921 0.078728 0.086847 0.430000 0.430000 0.430000 0.391778 0.393144 0.392805 0.086901 0.084746 0.085029 0.086850 0.086879 0.086161 0.086000 -9999.0
-9999.0 0.086850 0.086849 0.086850 0.390908 0.086850 0.082224 0.086845 0.086850 0.086847 0.086849 0.085006 0.083527 0.393119 0.085213 0.086521 0.086846 0.086849 0.086849 0.083784 0.086850 0.082885 0.385320 0.430000 0.430000 0.430000 0.081545 0.423884 0.416566 0.079109 0.079150 0.079572 0.086850 0.390812 0.392669 0.387550 0.393333 0.393292 0.086849 0.086850 0.086850 0.389810 0.086848 0.079214 0.078665 0.078447 0.387896 0.396972 0.430000 0.430000 0.086849 0.083964 0.084783 0.083655 0.084744 0.086189 0.086010 0.086312 0.086377 0.086424 0.086416 -9999.0 -9999.0
-9999.0 0.086847 0.086850 0.085105 0.082805 0.392611 0.390636 0.085128 0.086849 0.086850 0.086849 0.083703 0.086852 0.391053 0.086424 0.086590 0.086850 0.086850 0.086363 0.085113 0.085684 0.085005 0.082814 0.430000 0.430000 0.427586 0.423886 0.419842 0.415032 0.411139 0.396490 0.387227 0.387815 0.388117 0.388390 0.390210 0.390951 0.394803 0.430000 0.430000 0.425078 0.409319 0.396329 0.393504 0.387623 0.387482 0.388900 0.388327 0.388473 0.082924 0.084521 0.086850 0.086101 0.086850 0.086332 0.086484 0.086596 0.086665 0.086646 -9999.0 -9999.0 -9999.0 -9999.0
