erum2020/resources/simulation/Vinschgau/output-maps/thetaliqL0005N0160.asc
ncols         63
nrows         48
xllcorner     598000.000000
yllcorner     5145000.000000
cellsize      1000.000000
NODATA_value  -9999.0
[rows 0 to 28 of 48, columns 0 to 62 of 63]
-9999.0 -9999.0 -9999.0 -9999.0 -9999.0 -9999.0 -9999.0 -9999.0 -9999.0 -9999.0 -9999.0 -9999.0 -9999.0 -9999.0 -9999.0 -9999.0 -9999.0 -9999.0 -9999.0 -9999.0 -9999.0 -9999.0 -9999.0 -9999.0 -9999.0 -9999.0 -9999.0 -9999.0 -9999.0 -9999.0 -9999.0 -9999.0 -9999.0 -9999.0 -9999.0 -9999.0 -9999.0 -9999.0 -9999.0 -9999.0 -9999.0 -9999.0 -9999.0 -9999.0 -9999.0 -9999.0 -9999.0 -9999.0 -9999.0 -9999.0 -9999.0 -9999.0 -9999.0 -9999.0 -9999.0 -9999.0 -9999.0 -9999.0 -9999.0 -9999.0 -9999.0 -9999.0 -9999.0
-9999.0 -9999.0 -9999.0 -9999.0 -9999.0 -9999.0 -9999.0 -9999.0 -9999.0 -9999.0 -9999.0 -9999.0 -9999.0 -9999.0 -9999.0 -9999.0 -9999.0 -9999.0 -9999.0 -9999.0 -9999.0 -9999.0 -9999.0 -9999.0 -9999.0 -9999.0 -9999.0 0.020055 0.040020 0.020037 0.040013 0.020030 0.020029 -9999.0 -9999.0 -9999.0 -9999.0 -9999.0 -9999.0 -9999.0 -9999.0 -9999.0 -9999.0 -9999.0 -9999.0 -9999.0 -9999.0 -9999.0 -9999.0 -9999.0 -9999.0 -9999.0 -9999.0 -9999.0 -9999.0 -9999.0 -9999.0 -9999.0 -9999.0 -9999.0 -9999.0 -9999.0 -9999.0
-9999.0 -9999.0 -9999.0 -9999.0 -9999.0 -9999.0 -9999.0 -9999.0 -9999.0 -9999.0 -9999.0 -9999.0 -9999.0 -9999.0 -9999.0 -9999.0 -9999.0 -9999.0 -9999.0 -9999.0 -9999.0 -9999.0 -9999.0 -9999.0 0.040060 0.040038 0.040019 0.040017 0.040022 0.040014 0.040017 -9999.0 -9999.0 -9999.0 -9999.0 -9999.0 -9999.0 -9999.0 -9999.0 -9999.0 -9999.0 -9999.0 -9999.0 -9999.0 -9999.0 -9999.0 -9999.0 -9999.0 -9999.0 -9999.0 -9999.0 -9999.0 -9999.0 -9999.0 -9999.0 -9999.0 -9999.0 -9999.0 -9999.0 -9999.0 -9999.0 -9999.0 -9999.0
-9999.0 -9999.0 -9999.0 -9999.0 -9999.0 -9999.0 -9999.0 -9999.0 -9999.0 -9999.0 -9999.0 -9999.0 -9999.0 -9999.0 -9999.0 -9999.0 -9999.0 -9999.0 -9999.0 -9999.0 -9999.0 -9999.0 -9999.0 0.040052 0.040044 0.040441 0.040347 0.040097 0.040039 0.040010 0.040012 0.040033 -9999.0 -9999.0 -9999.0 -9999.0 -9999.0 -9999.0 -9999.0 -9999.0 -9999.0 -9999.0 -9999.0 -9999.0 -9999.0 -9999.0 -9999.0 -9999.0 -9999.0 -9999.0 -9999.0 -9999.0 -9999.0 -9999.0 -9999.0 -9999.0 -9999.0 -9999.0 -9999.0 -9999.0 -9999.0 -9999.0 -9999.0
-9999.0 -9999.0 -9999.0 -9999.0 -9999.0 -9999.0 -9999.0 -9999.0 -9999.0 -9999.0 -9999.0 -9999.0 -9999.0 -9999.0 -9999.0 -9999.0 -9999.0 -9999.0 0.040278 0.040203 -9999.0 0.040063 0.040055 0.055190 0.040208 0.040005 0.040031 0.040032 0.040040 0.040038 0.040010 0.040015 0.020029 0.020025 -9999.0 -9999.0 -9999.0 -9999.0 -9999.0 -9999.0 -9999.0 -9999.0 -9999.0 -9999.0 -9999.0 -9999.0 -9999.0 -9999.0 -9999.0 -9999.0 -9999.0 -9999.0 -9999.0 -9999.0 -9999.0 -9999.0 -9999.0 -9999.0 -9999.0 -9999.0 -9999.0 -9999.0 -9999.0
-9999.0 -9999.0 -9999.0 -9999.0 -9999.0 -9999.0 -9999.0 -9999.0 -9999.0 -9999.0 -9999.0 -9999.0 -9999.0 -9999.0 -9999.0 -9999.0 -9999.0 0.040012 0.040007 0.020044 0.020064 0.040124 0.040045 0.040021 0.040037 0.040019 0.040046 0.040050 0.040031 0.040033 0.040037 0.040010 0.020029 0.020026 0.020032 0.020024 -9999.0 -9999.0 -9999.0 -9999.0 -9999.0 -9999.0 -9999.0 -9999.0 -9999.0 -9999.0 -9999.0 -9999.0 -9999.0 -9999.0 -9999.0 -9999.0 -9999.0 -9999.0 -9999.0 -9999.0 -9999.0 -9999.0 -9999.0 -9999.0 -9999.0 -9999.0 -9999.0
-9999.0 -9999.0 -9999.0 -9999.0 -9999.0 -9999.0 -9999.0 -9999.0 -9999.0 -9999.0 -9999.0 -9999.0 -9999.0 0.040063 0.040075 0.040031 0.040030 0.020030 0.040010 0.040025 0.040116 0.040135 0.040012 0.040035 0.040015 0.040027 0.020044 0.040038 0.040024 0.040054 0.040042 0.040021 0.040013 0.040007 0.020022 0.020022 -9999.0 -9999.0 -9999.0 -9999.0 -9999.0 -9999.0 -9999.0 -9999.0 -9999.0 -9999.0 -9999.0 -9999.0 -9999.0 -9999.0 -9999.0 -9999.0 -9999.0 -9999.0 -9999.0 -9999.0 -9999.0 -9999.0 -9999.0 -9999.0 -9999.0 -9999.0 -9999.0
-9999.0 -9999.0 -9999.0 -9999.0 -9999.0 -9999.0 -9999.0 -9999.0 -9999.0 -9999.0 -9999.0 -9999.0 -9999.0 0.040056 0.040416 0.040058 0.040061 0.040143 0.020027 0.040005 0.040004 0.040014 0.040026 0.040029 0.040036 0.040038 0.040017 0.020028 0.020027 0.040018 0.040048 0.040007 0.020022 0.020020 0.020020 -9999.0 -9999.0 -9999.0 -9999.0 -9999.0 -9999.0 -9999.0 -9999.0 -9999.0 -9999.0 -9999.0 -9999.0 -9999.0 -9999.0 -9999.0 -9999.0 -9999.0 -9999.0 -9999.0 -9999.0 -9999.0 -9999.0 -9999.0 -9999.0 -9999.0 -9999.0 -9999.0 -9999.0
-9999.0 -9999.0 -9999.0 -9999.0 -9999.0 -9999.0 -9999.0 -9999.0 -9999.0 -9999.0 -9999.0 -9999.0 -9999.0 0.040069 0.040199 0.040392 0.040071 0.040034 0.020027 0.040016 0.040038 0.020038 0.040033 0.040052 0.040054 0.040069 0.020044 0.020028 0.040017 0.020024 0.040008 0.020021 0.020021 0.020020 0.020019 -9999.0 -9999.0 -9999.0 -9999.0 -9999.0 -9999.0 -9999.0 -9999.0 -9999.0 -9999.0 -9999.0 -9999.0 -9999.0 -9999.0 -9999.0 -9999.0 -9999.0 -9999.0 -9999.0 -9999.0 -9999.0 -9999.0 -9999.0 -9999.0 -9999.0 -9999.0 -9999.0 -9999.0
-9999.0 -9999.0 -9999.0 -9999.0 -9999.0 -9999.0 -9999.0 -9999.0 -9999.0 -9999.0 -9999.0 -9999.0 0.040053 0.040210 0.040375 0.040025 0.040342 0.040044 0.040042 0.020022 0.040029 0.040048 0.020088 0.040058 0.040121 0.040010 0.040053 0.040034 0.040014 0.020026 0.040007 0.020031 0.040008 0.020022 -9999.0 -9999.0 -9999.0 -9999.0 -9999.0 -9999.0 -9999.0 -9999.0 -9999.0 -9999.0 -9999.0 -9999.0 -9999.0 -9999.0 -9999.0 -9999.0 -9999.0 -9999.0 -9999.0 -9999.0 -9999.0 -9999.0 -9999.0 -9999.0 -9999.0 -9999.0 -9999.0 -9999.0 -9999.0
-9999.0 -9999.0 -9999.0 -9999.0 -9999.0 -9999.0 -9999.0 -9999.0 -9999.0 -9999.0 -9999.0 0.040067 0.040049 0.040373 0.040045 0.040057 0.020038 0.040046 0.040024 0.020024 0.040012 0.040232 0.040050 0.040016 0.040040 0.040034 0.040009 0.040037 0.040027 0.020024 0.020040 0.040010 0.020028 0.020020 0.020019 0.020015 0.040003 0.040002 0.020011 -9999.0 -9999.0 -9999.0 0.020019 -9999.0 -9999.0 -9999.0 -9999.0 -9999.0 -9999.0 -9999.0 -9999.0 -9999.0 -9999.0 -9999.0 -9999.0 -9999.0 -9999.0 -9999.0 -9999.0 -9999.0 -9999.0 -9999.0 -9999.0
-9999.0 -9999.0 -9999.0 -9999.0 -9999.0 -9999.0 -9999.0 -9999.0 -9999.0 -9999.0 -9999.0 0.040060 0.040057 0.040042 0.040058 0.040027 0.040037 0.040015 0.040024 0.040113 0.040189 0.040492 0.040057 0.040051 0.040051 0.040019 0.040023 0.040021 0.020050 0.020028 0.040011 0.040008 0.040006 0.040008 0.040004 0.040003 0.040002 0.040002 0.040002 0.020010 0.020011 0.020014 0.040004 0.020022 -9999.0 -9999.0 -9999.0 0.041416 0.040095 0.020147 0.040126 0.020148 0.020152 0.148188 0.168875 0.020159 -9999.0 -9999.0 -9999.0 -9999.0 -9999.0 -9999.0 -9999.0
-9999.0 -9999.0 -9999.0 -9999.0 -9999.0 -9999.0 -9999.0 -9999.0 -9999.0 -9999.0 -9999.0 0.040066 0.040064 0.040016 0.040143 0.040027 0.040035 0.040019 0.040020 0.040021 0.040035 0.040039 0.040050 0.040055 0.040014 0.020042 0.040039 0.040021 0.020033 0.040016 0.020027 0.040008 0.040007 0.040006 0.020016 0.040002 0.040003 0.040005 0.040006 0.020013 0.040002 0.020012 0.040004 0.040005 0.040015 -9999.0 0.020050 0.040084 0.040092 0.040219 0.020139 0.020149 0.062297 0.403976 0.154673 0.345055 -9999.0 -9999.0 -9999.0 -9999.0 -9999.0 -9999.0 -9999.0
-9999.0 -9999.0 -9999.0 -9999.0 -9999.0 -9999.0 -9999.0 -9999.0 -9999.0 -9999.0 -9999.0 -9999.0 0.040064 0.040117 0.040502 0.040063 0.040036 0.040023 0.040020 0.040018 0.040016 0.040039 0.040036 0.040043 0.040023 0.040046 0.040295 0.020036 0.040017 0.020045 0.040017 0.040009 0.020026 0.040007 0.040004 0.040003 0.040003 0.040004 0.040006 0.020014 0.040002 0.020011 0.040003 0.040020 0.020026 0.040053 0.020106 0.040092 0.040092 0.040050 0.040114 0.040189 0.041046 0.041783 0.040101 0.040102 0.045036 -9999.0 -9999.0 -9999.0 -9999.0 -9999.0 -9999.0
-9999.0 -9999.0 -9999.0 -9999.0 -9999.0 -9999.0 -9999.0 -9999.0 -9999.0 -9999.0 -9999.0 0.040154 0.040068 0.020094 0.040045 0.040046 0.040037 0.040026 0.040121 0.040010 0.040013 0.040174 0.040044 0.040034 0.040049 0.040055 0.040072 0.040013 0.040021 0.020041 0.040014 0.040011 0.040014 0.040007 0.040004 0.040003 0.040002 0.040003 0.040007 0.040004 0.040002 0.040003 0.040003 0.020015 0.040022 0.040057 0.040067 0.020079 0.020124 0.020033 0.020074 0.040051 0.040090 0.020053 0.020080 0.020055 0.020162 -9999.0 -9999.0 -9999.0 -9999.0 -9999.0 -9999.0
-9999.0 -9999.0 -9999.0 -9999.0 -9999.0 -9999.0 -9999.0 -9999.0 -9999.0 -9999.0 0.040267 0.040055 0.040161 0.040066 0.040992 0.040032 0.040037 0.040033 0.040035 0.040020 0.040028 0.040232 0.040039 0.040416 0.040031 0.040094 0.040023 0.020031 0.020087 0.040048 0.040026 0.040022 0.040015 0.040007 0.020018 0.020016 0.040002 0.040003 0.040004 0.040004 0.040004 0.020012 0.020015 0.040006 0.040012 0.020028 0.040067 0.040013 0.040028 0.040028 0.020082 0.020055 0.020061 0.020051 0.020061 0.235948 0.282719 -9999.0 -9999.0 -9999.0 -9999.0 -9999.0 -9999.0
-9999.0 -9999.0 -9999.0 -9999.0 -9999.0 -9999.0 -9999.0 -9999.0 -9999.0 0.040055 0.040250 0.040191 0.040035 0.040057 0.040435 0.040053 0.040057 0.040429 0.040010 0.040009 0.040018 0.040014 0.040017 0.040009 0.040077 0.040018 0.040015 0.040046 0.040024 0.040020 0.040006 0.020032 0.020023 0.020022 0.020021 0.020018 0.040005 0.040003 0.040003 0.040003 0.040003 0.040006 0.040006 0.040005 0.040003 0.040008 0.040057 0.040016 0.040029 0.040048 0.020083 0.020150 0.020048 0.020100 0.020157 0.040116 0.117041 0.020219 0.020178 -9999.0 -9999.0 -9999.0 -9999.0
-9999.0 -9999.0 -9999.0 -9999.0 -9999.0 -9999.0 -9999.0 -9999.0 -9999.0 0.020087 0.040069 0.040064 0.040137 0.040030 0.040052 0.040065 0.214887 0.040021 0.040006 0.040012 0.040013 0.040005 0.040059 0.040064 0.040023 0.040040 0.040030 0.040018 0.040006 0.040028 0.040016 0.040008 0.040012 0.040017 0.040008 0.020021 0.020018 0.020019 0.040005 0.040008 0.040029 0.040009 0.040011 0.040006 0.040007 0.040004 0.040004 0.040005 0.040026 0.040021 0.020131 0.040090 0.020113 0.040097 0.020065 0.041351 0.087004 0.043687 0.020193 -9999.0 -9999.0 -9999.0 -9999.0
-9999.0 -9999.0 -9999.0 -9999.0 -9999.0 -9999.0 -9999.0 -9999.0 -9999.0 -9999.0 0.040072 0.040065 0.040048 0.040022 0.040025 0.040076 0.040088 0.040048 0.040008 0.040008 0.040027 0.040016 0.040089 0.040048 0.040039 0.040017 0.040005 0.040004 0.040028 0.040028 0.040018 0.040048 0.040013 0.040011 0.040014 0.040019 0.040025 0.040009 0.020024 0.040008 0.040007 0.040035 0.040016 0.040031 0.040009 0.040005 0.040009 0.040033 0.040004 0.040008 0.020083 0.020138 0.020143 0.020137 0.040088 0.040090 0.040102 0.040049 0.040138 0.044886 -9999.0 -9999.0 -9999.0
-9999.0 -9999.0 -9999.0 -9999.0 -9999.0 -9999.0 -9999.0 -9999.0 -9999.0 -9999.0 0.040069 0.040067 0.040063 0.040066 0.040026 0.040016 0.040019 0.040015 0.040010 0.040015 0.040006 0.040008 0.040020 0.040024 0.040024 0.040004 0.040006 0.040021 0.040032 0.040011 0.040012 0.040056 0.020032 0.040012 0.040012 0.040018 0.040010 0.040009 0.040008 0.040013 0.040060 0.020076 0.040055 0.040016 0.040221 0.020116 0.040054 0.040015 0.040005 0.040004 0.040010 0.040082 0.040142 0.020149 0.020142 0.020148 0.040096 0.105475 0.040006 0.040023 -9999.0 -9999.0 -9999.0
-9999.0 -9999.0 -9999.0 -9999.0 -9999.0 -9999.0 -9999.0 -9999.0 0.040147 0.040069 0.020070 0.040058 0.040057 0.040057 0.040045 0.040015 0.040006 0.040006 0.040022 0.040021 0.040009 0.040006 0.040004 0.040007 0.040007 0.040009 0.040029 0.040034 0.040052 0.040022 0.020027 0.040015 0.040023 0.040033 0.040075 0.040010 0.040061 0.040013 0.040009 0.020070 0.020041 0.040032 0.020036 0.020033 0.020129 0.040112 0.040029 0.040146 0.040017 0.040011 0.040028 0.020095 0.040235 0.040098 0.020146 0.140947 0.020179 0.196205 0.040026 0.040005 -9999.0 -9999.0 -9999.0
-9999.0 -9999.0 -9999.0 -9999.0 -9999.0 -9999.0 -9999.0 -9999.0 0.020071 0.040062 0.040025 0.040021 0.040052 0.040044 0.040053 0.040029 0.040060 0.040031 0.040010 0.040024 0.040014 0.040010 0.040006 0.040004 0.040006 0.040009 0.040022 0.040034 0.020039 0.040066 0.040072 0.020048 0.040074 0.020105 0.040073 0.040060 0.040045 0.040032 0.040019 0.040082 0.040026 0.020032 0.020039 0.040093 0.040054 0.040082 0.020055 0.040041 0.040063 0.040022 0.040006 0.040041 0.040097 0.361198 0.020099 0.020070 0.040050 0.040033 0.040004 0.040041 0.040167 -9999.0 -9999.0
-9999.0 -9999.0 -9999.0 -9999.0 -9999.0 -9999.0 -9999.0 -9999.0 0.040047 0.040064 0.040084 0.040029 0.040056 0.020051 0.040470 0.040022 0.040005 0.040008 0.040009 0.040017 0.040026 0.040011 0.040009 0.040014 0.040018 0.040009 0.040019 0.040035 0.020028 0.040026 0.020054 0.040048 0.040024 0.020039 0.040158 0.040063 0.040075 0.040016 0.040032 0.040077 0.040086 0.020135 0.040208 0.040083 0.040074 0.040077 0.020138 0.057286 0.040077 0.040032 0.040008 0.040012 0.040039 0.040050 0.040013 0.040018 0.040005 0.040005 0.040007 0.040013 0.040141 -9999.0 -9999.0
-9999.0 -9999.0 -9999.0 -9999.0 -9999.0 -9999.0 -9999.0 -9999.0 0.020035 0.040069 0.040372 0.020040 0.041146 0.040575 0.020061 0.040005 0.040007 0.040010 0.040007 0.040013 0.040011 0.040024 0.040024 0.040019 0.040039 0.040238 0.040136 0.040020 0.040461 0.040038 0.040024 0.040032 0.020072 0.040035 0.020091 0.040075 0.040060 0.040060 0.040020 0.040046 0.040079 0.040094 0.040103 0.020073 0.040500 0.020133 0.020310 0.020141 0.040652 0.040034 0.040092 0.040006 0.040005 0.040048 0.040004 0.040004 0.040006 0.040007 0.040027 0.040118 0.040011 0.040405 -9999.0
-9999.0 -9999.0 -9999.0 -9999.0 -9999.0 -9999.0 -9999.0 -9999.0 0.040063 0.040064 0.040537 0.040098 0.040077 0.040011 0.040020 0.040006 0.040019 0.040013 0.040039 0.040020 0.040009 0.040021 0.040020 0.040009 0.040011 0.040173 0.040033 0.040077 0.040024 0.040046 0.040048 0.040363 0.040007 0.040078 0.040026 0.040043 0.040050 0.040078 0.040009 0.040050 0.040025 0.020067 0.040046 0.020066 0.040039 0.040079 0.040037 0.040035 0.040041 0.040008 0.040005 0.040004 0.040006 0.040005 0.040005 0.040009 0.040016 0.040018 0.040011 0.040006 0.040006 0.040631 -9999.0
-9999.0 -9999.0 0.020109 0.040070 0.040071 0.040058 0.040058 0.040059 0.040068 0.040075 0.040053 0.040033 0.040031 0.040132 0.040005 0.040026 0.040015 0.040050 0.040056 0.040084 0.040023 0.040010 0.040019 0.040006 0.040008 0.040005 0.040014 0.040014 0.040004 0.040134 0.040037 0.040323 0.040035 0.040014 0.040014 0.040018 0.040014 0.040019 0.040016 0.040037 0.040032 0.040012 0.040007 0.040029 0.040045 0.040045 0.040012 0.040021 0.040004 0.040007 0.040006 0.040010 0.040015 0.040013 0.040013 0.040012 0.040009 0.040009 0.040006 0.040007 0.041494 0.165450 -9999.0
-9999.0 0.040063 0.040058 0.040061 0.040057 0.040191 0.040064 0.040071 0.040073 0.040078 0.040068 0.040677 0.040058 0.040126 0.040161 0.040125 0.040053 0.040068 0.040369 0.040053 0.040016 0.040006 0.040007 0.040013 0.040008 0.040006 0.040006 0.040007 0.040005 0.040007 0.040005 0.040010 0.040018 0.040015 0.040009 0.040014 0.040009 0.040009 0.040017 0.040018 0.040010 0.040006 0.040006 0.040011 0.040008 0.040004 0.040007 0.040010 0.040007 0.040007 0.040019 0.040016 0.040006 0.040005 0.040005 0.040014 0.040058 0.040064 0.040325 0.040657 0.344067 0.346314 -9999.0
-9999.0 0.040053 0.040337 0.040366 0.051166 0.040352 0.040052 0.040049 0.040066 0.020096 0.040059 0.040438 0.040046 0.040193 0.040030 0.040060 0.040079 0.040056 0.040324 0.040026 0.040258 0.040040 0.040005 0.040007 0.040011 0.040023 0.040016 0.040024 0.040025 0.040009 0.040012 0.040011 0.040008 0.040009 0.040015 0.040016 0.040020 0.040077 0.040019 0.040018 0.040017 0.040016 0.040008 0.040016 0.040018 0.040019 0.040086 0.040163 0.040028 0.040023 0.040006 0.040010 0.040055 0.040008 0.040018 0.040454 0.040458 0.040653 0.043950 0.173319 0.219512 -9999.0 -9999.0
-9999.0 0.020123 0.040041 0.040086 0.040010 0.046570 0.040370 0.040065 0.040055 0.040064 0.040532 0.040021 0.040045 0.040292 0.040640 0.040062 0.040071 0.040063 0.040058 0.040034 0.040407 0.040037 0.040046 0.040020 0.040013 0.040016 0.040019 0.040021 0.040023 0.040026 0.040026 0.040029 0.040031 0.040009 0.040033 0.040036 0.040018 0.040025 0.040019 0.040052 0.040352 0.040044 0.040351 0.040250 0.040053 0.040043 0.040013 0.040009 0.040010 0.040008 0.040034 0.040136 0.040116 0.040313 0.040286 0.041255 0.045464 0.091092 0.122076 -9999.0 -9999.0 -9999.0 -9999.0
