erum2020/resources/simulation/Vinschgau/output-maps/thetaliqL0002N0357.asc
ncols         63
nrows         48
xllcorner     598000.000000
yllcorner     5145000.000000
cellsize      1000.000000
NODATA_value  -9999.0
[rows 0 to 28 of 48, columns 0 to 62 of 63]
-9999.0 -9999.0 -9999.0 -9999.0 -9999.0 -9999.0 -9999.0 -9999.0 -9999.0 -9999.0 -9999.0 -9999.0 -9999.0 -9999.0 -9999.0 -9999.0 -9999.0 -9999.0 -9999.0 -9999.0 -9999.0 -9999.0 -9999.0 -9999.0 -9999.0 -9999.0 -9999.0 -9999.0 -9999.0 -9999.0 -9999.0 -9999.0 -9999.0 -9999.0 -9999.0 -9999.0 -9999.0 -9999.0 -9999.0 -9999.0 -9999.0 -9999.0 -9999.0 -9999.0 -9999.0 -9999.0 -9999.0 -9999.0 -9999.0 -9999.0 -9999.0 -9999.0 -9999.0 -9999.0 -9999.0 -9999.0 -9999.0 -9999.0 -9999.0 -9999.0 -9999.0 -9999.0 -9999.0
-9999.0 -9999.0 -9999.0 -9999.0 -9999.0 -9999.0 -9999.0 -9999.0 -9999.0 -9999.0 -9999.0 -9999.0 -9999.0 -9999.0 -9999.0 -9999.0 -9999.0 -9999.0 -9999.0 -9999.0 -9999.0 -9999.0 -9999.0 -9999.0 -9999.0 -9999.0 -9999.0 0.020128 0.040023 0.020038 0.049101 0.041346 0.044433 -9999.0 -9999.0 -9999.0 -9999.0 -9999.0 -9999.0 -9999.0 -9999.0 -9999.0 -9999.0 -9999.0 -9999.0 -9999.0 -9999.0 -9999.0 -9999.0 -9999.0 -9999.0 -9999.0 -9999.0 -9999.0 -9999.0 -9999.0 -9999.0 -9999.0 -9999.0 -9999.0 -9999.0 -9999.0 -9999.0
-9999.0 -9999.0 -9999.0 -9999.0 -9999.0 -9999.0 -9999.0 -9999.0 -9999.0 -9999.0 -9999.0 -9999.0 -9999.0 -9999.0 -9999.0 -9999.0 -9999.0 -9999.0 -9999.0 -9999.0 -9999.0 -9999.0 -9999.0 -9999.0 0.040039 0.040009 0.506543 0.379129 0.500398 0.040000 0.047929 -9999.0 -9999.0 -9999.0 -9999.0 -9999.0 -9999.0 -9999.0 -9999.0 -9999.0 -9999.0 -9999.0 -9999.0 -9999.0 -9999.0 -9999.0 -9999.0 -9999.0 -9999.0 -9999.0 -9999.0 -9999.0 -9999.0 -9999.0 -9999.0 -9999.0 -9999.0 -9999.0 -9999.0 -9999.0 -9999.0 -9999.0 -9999.0
-9999.0 -9999.0 -9999.0 -9999.0 -9999.0 -9999.0 -9999.0 -9999.0 -9999.0 -9999.0 -9999.0 -9999.0 -9999.0 -9999.0 -9999.0 -9999.0 -9999.0 -9999.0 -9999.0 -9999.0 -9999.0 -9999.0 -9999.0 0.040013 0.519883 0.517388 0.520000 0.520000 0.520000 0.518452 0.040020 0.043144 -9999.0 -9999.0 -9999.0 -9999.0 -9999.0 -9999.0 -9999.0 -9999.0 -9999.0 -9999.0 -9999.0 -9999.0 -9999.0 -9999.0 -9999.0 -9999.0 -9999.0 -9999.0 -9999.0 -9999.0 -9999.0 -9999.0 -9999.0 -9999.0 -9999.0 -9999.0 -9999.0 -9999.0 -9999.0 -9999.0 -9999.0
-9999.0 -9999.0 -9999.0 -9999.0 -9999.0 -9999.0 -9999.0 -9999.0 -9999.0 -9999.0 -9999.0 -9999.0 -9999.0 -9999.0 -9999.0 -9999.0 -9999.0 -9999.0 0.520000 0.334680 -9999.0 0.040027 0.460506 0.520000 0.520000 0.520000 0.520000 0.514928 0.520000 0.519999 0.518885 0.040024 0.020038 0.020065 -9999.0 -9999.0 -9999.0 -9999.0 -9999.0 -9999.0 -9999.0 -9999.0 -9999.0 -9999.0 -9999.0 -9999.0 -9999.0 -9999.0 -9999.0 -9999.0 -9999.0 -9999.0 -9999.0 -9999.0 -9999.0 -9999.0 -9999.0 -9999.0 -9999.0 -9999.0 -9999.0 -9999.0 -9999.0
-9999.0 -9999.0 -9999.0 -9999.0 -9999.0 -9999.0 -9999.0 -9999.0 -9999.0 -9999.0 -9999.0 -9999.0 -9999.0 -9999.0 -9999.0 -9999.0 -9999.0 0.518076 0.514584 0.020256 0.020206 0.176370 0.518452 0.520000 0.520000 0.158470 0.044529 0.049296 0.040126 0.507642 0.520000 0.463141 0.020082 0.020025 0.020157 0.020178 -9999.0 -9999.0 -9999.0 -9999.0 -9999.0 -9999.0 -9999.0 -9999.0 -9999.0 -9999.0 -9999.0 -9999.0 -9999.0 -9999.0 -9999.0 -9999.0 -9999.0 -9999.0 -9999.0 -9999.0 -9999.0 -9999.0 -9999.0 -9999.0 -9999.0 -9999.0 -9999.0
-9999.0 -9999.0 -9999.0 -9999.0 -9999.0 -9999.0 -9999.0 -9999.0 -9999.0 -9999.0 -9999.0 -9999.0 -9999.0 0.040087 0.379696 0.040161 0.449825 0.174817 0.520000 0.520000 0.520000 0.520000 0.520000 0.520000 0.040166 0.049145 0.022710 0.052919 0.046881 0.050208 0.040046 0.042047 0.041885 0.040142 0.020170 0.020087 -9999.0 -9999.0 -9999.0 -9999.0 -9999.0 -9999.0 -9999.0 -9999.0 -9999.0 -9999.0 -9999.0 -9999.0 -9999.0 -9999.0 -9999.0 -9999.0 -9999.0 -9999.0 -9999.0 -9999.0 -9999.0 -9999.0 -9999.0 -9999.0 -9999.0 -9999.0 -9999.0
-9999.0 -9999.0 -9999.0 -9999.0 -9999.0 -9999.0 -9999.0 -9999.0 -9999.0 -9999.0 -9999.0 -9999.0 -9999.0 0.040012 0.518894 0.040159 0.040156 0.520000 0.173564 0.305995 0.421670 0.520000 0.520000 0.345641 0.515044 0.040016 0.040023 0.022245 0.021300 0.045037 0.046515 0.040191 0.020156 0.020040 0.020098 -9999.0 -9999.0 -9999.0 -9999.0 -9999.0 -9999.0 -9999.0 -9999.0 -9999.0 -9999.0 -9999.0 -9999.0 -9999.0 -9999.0 -9999.0 -9999.0 -9999.0 -9999.0 -9999.0 -9999.0 -9999.0 -9999.0 -9999.0 -9999.0 -9999.0 -9999.0 -9999.0 -9999.0
-9999.0 -9999.0 -9999.0 -9999.0 -9999.0 -9999.0 -9999.0 -9999.0 -9999.0 -9999.0 -9999.0 -9999.0 -9999.0 0.505559 0.520000 0.515222 0.040042 0.040162 0.174928 0.362751 0.520000 0.020128 0.040001 0.047485 0.040057 0.041823 0.020039 0.021374 0.040035 0.020133 0.040253 0.020026 0.020038 0.020019 0.020042 -9999.0 -9999.0 -9999.0 -9999.0 -9999.0 -9999.0 -9999.0 -9999.0 -9999.0 -9999.0 -9999.0 -9999.0 -9999.0 -9999.0 -9999.0 -9999.0 -9999.0 -9999.0 -9999.0 -9999.0 -9999.0 -9999.0 -9999.0 -9999.0 -9999.0 -9999.0 -9999.0 -9999.0
-9999.0 -9999.0 -9999.0 -9999.0 -9999.0 -9999.0 -9999.0 -9999.0 -9999.0 -9999.0 -9999.0 -9999.0 0.040016 0.520000 0.317372 0.040026 0.040009 0.040169 0.520000 0.062723 0.407466 0.047053 0.046095 0.053515 0.502378 0.044822 0.051694 0.044533 0.040009 0.020352 0.040055 0.020076 0.040017 0.020080 -9999.0 -9999.0 -9999.0 -9999.0 -9999.0 -9999.0 -9999.0 -9999.0 -9999.0 -9999.0 -9999.0 -9999.0 -9999.0 -9999.0 -9999.0 -9999.0 -9999.0 -9999.0 -9999.0 -9999.0 -9999.0 -9999.0 -9999.0 -9999.0 -9999.0 -9999.0 -9999.0 -9999.0 -9999.0
-9999.0 -9999.0 -9999.0 -9999.0 -9999.0 -9999.0 -9999.0 -9999.0 -9999.0 -9999.0 -9999.0 0.048434 0.040020 0.154135 0.040065 0.040518 0.020165 0.040033 0.520000 0.187942 0.258093 0.515315 0.040051 0.048748 0.040036 0.047990 0.040726 0.040044 0.040015 0.020149 0.020223 0.497665 0.020053 0.020059 0.020031 0.020030 0.074071 0.070797 0.040229 -9999.0 -9999.0 -9999.0 0.020037 -9999.0 -9999.0 -9999.0 -9999.0 -9999.0 -9999.0 -9999.0 -9999.0 -9999.0 -9999.0 -9999.0 -9999.0 -9999.0 -9999.0 -9999.0 -9999.0 -9999.0 -9999.0 -9999.0 -9999.0
-9999.0 -9999.0 -9999.0 -9999.0 -9999.0 -9999.0 -9999.0 -9999.0 -9999.0 -9999.0 -9999.0 0.041808 0.043594 0.040021 0.040026 0.040462 0.040015 0.040062 0.520000 0.520000 0.520000 0.520000 0.040029 0.046215 0.041433 0.050096 0.040027 0.040009 0.020146 0.020355 0.040009 0.520000 0.040006 0.040034 0.040009 0.378773 0.469823 0.040038 0.040026 0.020060 0.020182 0.020018 0.301079 0.020044 -9999.0 -9999.0 -9999.0 0.199827 0.069025 0.028299 0.085583 0.030050 0.029999 0.149930 0.159990 0.030017 -9999.0 -9999.0 -9999.0 -9999.0 -9999.0 -9999.0 -9999.0
-9999.0 -9999.0 -9999.0 -9999.0 -9999.0 -9999.0 -9999.0 -9999.0 -9999.0 -9999.0 -9999.0 0.040273 0.041728 0.040020 0.040102 0.040048 0.040090 0.040045 0.520000 0.520000 0.432227 0.519926 0.508182 0.040018 0.048070 0.020047 0.517797 0.040037 0.022626 0.045248 0.022078 0.040013 0.519079 0.040015 0.020023 0.518897 0.307002 0.040055 0.040063 0.020080 0.170086 0.519268 0.518924 0.416769 0.040034 -9999.0 0.020542 0.059850 0.040041 0.402185 0.520000 0.124159 0.040012 0.040297 0.153933 0.137384 -9999.0 -9999.0 -9999.0 -9999.0 -9999.0 -9999.0 -9999.0
-9999.0 -9999.0 -9999.0 -9999.0 -9999.0 -9999.0 -9999.0 -9999.0 -9999.0 -9999.0 -9999.0 -9999.0 0.053274 0.040121 0.040022 0.040030 0.040015 0.040053 0.520000 0.520000 0.506111 0.520000 0.520000 0.519646 0.040026 0.503092 0.520000 0.049891 0.050643 0.020145 0.040016 0.282132 0.518255 0.040014 0.040022 0.519380 0.107767 0.040202 0.050279 0.040055 0.042508 0.144138 0.443527 0.519966 0.020021 0.040061 0.020530 0.067940 0.040147 0.519407 0.519542 0.077600 0.519465 0.124225 0.067551 0.060663 0.149784 -9999.0 -9999.0 -9999.0 -9999.0 -9999.0 -9999.0
-9999.0 -9999.0 -9999.0 -9999.0 -9999.0 -9999.0 -9999.0 -9999.0 -9999.0 -9999.0 -9999.0 0.040018 0.043155 0.049889 0.040251 0.040252 0.165143 0.040160 0.520000 0.519999 0.519190 0.518306 0.504821 0.493642 0.484341 0.520000 0.065073 0.046663 0.040027 0.020034 0.516510 0.520000 0.520000 0.040014 0.040030 0.272472 0.309183 0.148156 0.171665 0.054642 0.050569 0.157258 0.520000 0.020008 0.520000 0.040032 0.040014 0.020026 0.020035 0.520000 0.024352 0.048310 0.054587 0.021917 0.022445 0.021029 0.031699 -9999.0 -9999.0 -9999.0 -9999.0 -9999.0 -9999.0
-9999.0 -9999.0 -9999.0 -9999.0 -9999.0 -9999.0 -9999.0 -9999.0 -9999.0 -9999.0 0.040224 0.040015 0.040013 0.040184 0.040012 0.520000 0.040019 0.040154 0.418894 0.520000 0.520000 0.520000 0.251090 0.520000 0.520000 0.518108 0.041198 0.020057 0.520000 0.520000 0.520000 0.496340 0.040024 0.040105 0.020066 0.020025 0.520000 0.040210 0.040009 0.501348 0.519631 0.176737 0.182362 0.458938 0.519302 0.020053 0.040017 0.519722 0.520000 0.520000 0.020071 0.022399 0.021917 0.021531 0.022297 0.139120 0.137872 -9999.0 -9999.0 -9999.0 -9999.0 -9999.0 -9999.0
-9999.0 -9999.0 -9999.0 -9999.0 -9999.0 -9999.0 -9999.0 -9999.0 -9999.0 0.053139 0.093859 0.040196 0.519522 0.040013 0.430915 0.040045 0.062512 0.520000 0.456501 0.333802 0.520000 0.128400 0.376613 0.520000 0.519997 0.040046 0.507904 0.520000 0.520000 0.520000 0.520000 0.040020 0.020626 0.020132 0.020080 0.020048 0.040010 0.040236 0.040241 0.518793 0.271626 0.040155 0.388040 0.520000 0.517506 0.519603 0.520000 0.198737 0.327972 0.520000 0.518823 0.028719 0.020967 0.024643 0.029019 0.096667 0.144210 0.053695 0.036122 -9999.0 -9999.0 -9999.0 -9999.0
-9999.0 -9999.0 -9999.0 -9999.0 -9999.0 -9999.0 -9999.0 -9999.0 -9999.0 0.059137 0.053428 0.059591 0.520000 0.519999 0.436977 0.040017 0.520000 0.520000 0.520000 0.140264 0.257973 0.327339 0.506386 0.520000 0.040052 0.281262 0.520000 0.520000 0.520000 0.519991 0.520000 0.040139 0.045641 0.040230 0.040008 0.020101 0.020050 0.020083 0.040035 0.040011 0.040023 0.041818 0.320536 0.520000 0.520000 0.520000 0.520000 0.425389 0.520000 0.520000 0.040018 0.041243 0.025353 0.063166 0.023714 0.203509 0.140271 0.516436 0.020091 -9999.0 -9999.0 -9999.0 -9999.0
-9999.0 -9999.0 -9999.0 -9999.0 -9999.0 -9999.0 -9999.0 -9999.0 -9999.0 -9999.0 0.059492 0.060535 0.040026 0.512420 0.520000 0.455680 0.478480 0.520000 0.520000 0.286913 0.459918 0.520000 0.387557 0.517113 0.296901 0.520000 0.465724 0.520000 0.520000 0.057993 0.060076 0.040009 0.047663 0.045471 0.519000 0.520000 0.439851 0.520000 0.020028 0.041908 0.040159 0.477248 0.520000 0.040140 0.268033 0.443436 0.519782 0.520000 0.520000 0.520000 0.332143 0.518871 0.030888 0.026854 0.055106 0.066213 0.117140 0.520000 0.520000 0.315870 -9999.0 -9999.0 -9999.0
-9999.0 -9999.0 -9999.0 -9999.0 -9999.0 -9999.0 -9999.0 -9999.0 -9999.0 -9999.0 0.059935 0.061097 0.065114 0.517176 0.520000 0.415151 0.323394 0.337182 0.255610 0.122400 0.120816 0.208427 0.206605 0.163499 0.353162 0.454114 0.520000 0.520000 0.370682 0.046133 0.047997 0.058820 0.020048 0.045023 0.046900 0.046849 0.520000 0.519747 0.040000 0.044140 0.040206 0.020064 0.050083 0.048672 0.127399 0.040234 0.040062 0.517818 0.520000 0.520000 0.520000 0.520000 0.040040 0.031860 0.027595 0.031965 0.057889 0.088065 0.520000 0.520000 -9999.0 -9999.0 -9999.0
-9999.0 -9999.0 -9999.0 -9999.0 -9999.0 -9999.0 -9999.0 -9999.0 0.511179 0.040011 0.051590 0.066193 0.062964 0.040051 0.342599 0.520000 0.366814 0.307023 0.070052 0.080537 0.068406 0.182284 0.244712 0.213657 0.315525 0.520000 0.520000 0.503734 0.040034 0.055809 0.020892 0.052835 0.062324 0.058345 0.056473 0.041571 0.040098 0.520000 0.040012 0.022160 0.023862 0.054511 0.022464 0.021213 0.020046 0.040042 0.056087 0.079236 0.520000 0.520000 0.520000 0.520000 0.174970 0.082141 0.033399 0.520000 0.020101 0.520000 0.520000 0.520000 -9999.0 -9999.0 -9999.0
-9999.0 -9999.0 -9999.0 -9999.0 -9999.0 -9999.0 -9999.0 -9999.0 0.026429 0.520000 0.040015 0.050044 0.059046 0.040037 0.224371 0.519419 0.520000 0.369584 0.274910 0.073555 0.103077 0.067355 0.117789 0.210594 0.230931 0.520000 0.520000 0.520000 0.022210 0.040429 0.063933 0.020040 0.051262 0.024129 0.051448 0.040023 0.520000 0.520000 0.457289 0.040170 0.048236 0.040259 0.022454 0.040300 0.520000 0.077621 0.023977 0.065046 0.450056 0.520000 0.520000 0.520000 0.504833 0.040299 0.520000 0.173933 0.520000 0.520000 0.520000 0.520000 0.164114 -9999.0 -9999.0
-9999.0 -9999.0 -9999.0 -9999.0 -9999.0 -9999.0 -9999.0 -9999.0 0.057384 0.040021 0.520000 0.057867 0.040019 0.025410 0.454656 0.326760 0.311936 0.308279 0.092431 0.134959 0.068864 0.068295 0.069369 0.067374 0.520000 0.520000 0.520000 0.419966 0.020040 0.452496 0.020040 0.520000 0.040000 0.514105 0.040100 0.520000 0.040068 0.520000 0.360847 0.040155 0.069083 0.026874 0.079850 0.067484 0.062300 0.062135 0.026252 0.108528 0.081110 0.520000 0.520000 0.520000 0.520000 0.520000 0.520000 0.520000 0.520000 0.520000 0.520000 0.520000 0.478560 -9999.0 -9999.0
-9999.0 -9999.0 -9999.0 -9999.0 -9999.0 -9999.0 -9999.0 -9999.0 0.022553 0.040109 0.520000 0.020059 0.520000 0.519701 0.520000 0.514572 0.382776 0.520000 0.461284 0.222152 0.120020 0.093799 0.122066 0.153220 0.345692 0.520000 0.372413 0.386499 0.520000 0.520000 0.520000 0.520000 0.520000 0.520000 0.040024 0.473132 0.520000 0.520000 0.520000 0.308085 0.063903 0.040087 0.040029 0.156494 0.063358 0.020623 0.040018 0.154631 0.520000 0.520000 0.520000 0.520000 0.520000 0.520000 0.520000 0.520000 0.520000 0.520000 0.520000 0.520000 0.520000 0.509816 -9999.0
-9999.0 -9999.0 -9999.0 -9999.0 -9999.0 -9999.0 -9999.0 -9999.0 0.066700 0.040092 0.520000 0.517962 0.520000 0.520000 0.520000 0.520000 0.520000 0.520000 0.520000 0.520000 0.298484 0.128311 0.144700 0.180129 0.295763 0.342990 0.181748 0.411433 0.478770 0.520000 0.520000 0.520000 0.520000 0.520000 0.520000 0.520000 0.520000 0.520000 0.520000 0.520000 0.520000 0.520000 0.520000 0.520000 0.458586 0.520000 0.520000 0.520000 0.520000 0.520000 0.455249 0.368487 0.520000 0.461545 0.520000 0.520000 0.520000 0.520000 0.520000 0.520000 0.520000 0.520000 -9999.0
-9999.0 -9999.0 0.040021 0.040025 0.043127 0.159183 0.505210 0.444501 0.040035 0.085224 0.498529 0.520000 0.520000 0.520000 0.520000 0.520000 0.520000 0.067575 0.040058 0.520000 0.520000 0.520000 0.520000 0.118064 0.244984 0.277291 0.346659 0.366183 0.520000 0.520000 0.374225 0.520000 0.520000 0.520000 0.520000 0.520000 0.520000 0.520000 0.520000 0.520000 0.520000 0.520000 0.520000 0.520000 0.519651 0.520000 0.520000 0.520000 0.520000 0.520000 0.520000 0.520000 0.520000 0.520000 0.520000 0.520000 0.520000 0.520000 0.520000 0.520000 0.520000 0.520000 -9999.0
-9999.0 0.341286 0.520000 0.519025 0.362207 0.520000 0.040032 0.074185 0.070402 0.066868 0.040042 0.520000 0.520000 0.520000 0.520000 0.520000 0.040039 0.051030 0.483503 0.520000 0.442154 0.520000 0.520000 0.520000 0.213807 0.096036 0.215049 0.323219 0.520000 0.520000 0.372100 0.476836 0.520000 0.520000 0.520000 0.464611 0.520000 0.439872 0.520000 0.520000 0.459746 0.520000 0.520000 0.520000 0.520000 0.520000 0.520000 0.520000 0.520000 0.520000 0.520000 0.520000 0.520000 0.520000 0.520000 0.520000 0.520000 0.520000 0.520000 0.520000 0.520000 0.520000 -9999.0
-9999.0 0.040025 0.520000 0.520000 0.470907 0.520000 0.518274 0.352145 0.040018 0.040015 0.503140 0.519779 0.520000 0.520000 0.520000 0.389863 0.077501 0.040022 0.520000 0.520000 0.520000 0.520000 0.520000 0.520000 0.422167 0.219555 0.083197 0.098223 0.520000 0.520000 0.115567 0.195790 0.520000 0.520000 0.520000 0.520000 0.520000 0.403884 0.520000 0.362712 0.520000 0.520000 0.520000 0.389233 0.081678 0.213527 0.520000 0.520000 0.520000 0.520000 0.520000 0.520000 0.520000 0.520000 0.520000 0.520000 0.520000 0.520000 0.517716 0.152733 0.172099 -9999.0 -9999.0
-9999.0 0.076210 0.514023 0.520000 0.520000 0.520000 0.520000 0.368721 0.519941 0.519457 0.520000 0.520000 0.520000 0.520000 0.510812 0.041156 0.073824 0.082219 0.349423 0.520000 0.393646 0.495881 0.363289 0.520000 0.520000 0.520000 0.520000 0.520000 0.302853 0.520000 0.146596 0.076700 0.520000 0.520000 0.520000 0.402918 0.520000 0.362935 0.450044 0.459675 0.407929 0.520000 0.520000 0.074609 0.070977 0.520000 0.520000 0.520000 0.520000 0.520000 0.520000 0.520000 0.520000 0.520000 0.520000 0.519634 0.041004 0.151134 0.155748 -9999.0 -9999.0 -9999.0 -9999.0
