erum2020/resources/simulation/Vinschgau/output-maps/thetaliqL0003N0483.asc
ncols         63
nrows         48
xllcorner     598000.000000
yllcorner     5145000.000000
cellsize      1000.000000
NODATA_value  -9999.0
[rows 0 to 28 of 48, columns 0 to 62 of 63]
-9999.0 -9999.0 -9999.0 -9999.0 -9999.0 -9999.0 -9999.0 -9999.0 -9999.0 -9999.0 -9999.0 -9999.0 -9999.0 -9999.0 -9999.0 -9999.0 -9999.0 -9999.0 -9999.0 -9999.0 -9999.0 -9999.0 -9999.0 -9999.0 -9999.0 -9999.0 -9999.0 -9999.0 -9999.0 -9999.0 -9999.0 -9999.0 -9999.0 -9999.0 -9999.0 -9999.0 -9999.0 -9999.0 -9999.0 -9999.0 -9999.0 -9999.0 -9999.0 -9999.0 -9999.0 -9999.0 -9999.0 -9999.0 -9999.0 -9999.0 -9999.0 -9999.0 -9999.0 -9999.0 -9999.0 -9999.0 -9999.0 -9999.0 -9999.0 -9999.0 -9999.0 -9999.0 -9999.0
-9999.0 -9999.0 -9999.0 -9999.0 -9999.0 -9999.0 -9999.0 -9999.0 -9999.0 -9999.0 -9999.0 -9999.0 -9999.0 -9999.0 -9999.0 -9999.0 -9999.0 -9999.0 -9999.0 -9999.0 -9999.0 -9999.0 -9999.0 -9999.0 -9999.0 -9999.0 -9999.0 0.094052 0.520000 0.074275 0.520000 0.520000 0.520000 -9999.0 -9999.0 -9999.0 -9999.0 -9999.0 -9999.0 -9999.0 -9999.0 -9999.0 -9999.0 -9999.0 -9999.0 -9999.0 -9999.0 -9999.0 -9999.0 -9999.0 -9999.0 -9999.0 -9999.0 -9999.0 -9999.0 -9999.0 -9999.0 -9999.0 -9999.0 -9999.0 -9999.0 -9999.0 -9999.0
-9999.0 -9999.0 -9999.0 -9999.0 -9999.0 -9999.0 -9999.0 -9999.0 -9999.0 -9999.0 -9999.0 -9999.0 -9999.0 -9999.0 -9999.0 -9999.0 -9999.0 -9999.0 -9999.0 -9999.0 -9999.0 -9999.0 -9999.0 -9999.0 0.520000 0.520000 0.520000 0.520000 0.520000 0.520000 0.520000 -9999.0 -9999.0 -9999.0 -9999.0 -9999.0 -9999.0 -9999.0 -9999.0 -9999.0 -9999.0 -9999.0 -9999.0 -9999.0 -9999.0 -9999.0 -9999.0 -9999.0 -9999.0 -9999.0 -9999.0 -9999.0 -9999.0 -9999.0 -9999.0 -9999.0 -9999.0 -9999.0 -9999.0 -9999.0 -9999.0 -9999.0 -9999.0
-9999.0 -9999.0 -9999.0 -9999.0 -9999.0 -9999.0 -9999.0 -9999.0 -9999.0 -9999.0 -9999.0 -9999.0 -9999.0 -9999.0 -9999.0 -9999.0 -9999.0 -9999.0 -9999.0 -9999.0 -9999.0 -9999.0 -9999.0 0.520000 0.520000 0.318696 0.295057 0.299253 0.520000 0.520000 0.520000 0.520000 -9999.0 -9999.0 -9999.0 -9999.0 -9999.0 -9999.0 -9999.0 -9999.0 -9999.0 -9999.0 -9999.0 -9999.0 -9999.0 -9999.0 -9999.0 -9999.0 -9999.0 -9999.0 -9999.0 -9999.0 -9999.0 -9999.0 -9999.0 -9999.0 -9999.0 -9999.0 -9999.0 -9999.0 -9999.0 -9999.0 -9999.0
-9999.0 -9999.0 -9999.0 -9999.0 -9999.0 -9999.0 -9999.0 -9999.0 -9999.0 -9999.0 -9999.0 -9999.0 -9999.0 -9999.0 -9999.0 -9999.0 -9999.0 -9999.0 0.520000 0.520000 -9999.0 0.520000 0.520000 0.368288 0.336847 0.200809 0.360766 0.520000 0.520000 0.389057 0.520000 0.520000 0.120828 0.146689 -9999.0 -9999.0 -9999.0 -9999.0 -9999.0 -9999.0 -9999.0 -9999.0 -9999.0 -9999.0 -9999.0 -9999.0 -9999.0 -9999.0 -9999.0 -9999.0 -9999.0 -9999.0 -9999.0 -9999.0 -9999.0 -9999.0 -9999.0 -9999.0 -9999.0 -9999.0 -9999.0 -9999.0 -9999.0
-9999.0 -9999.0 -9999.0 -9999.0 -9999.0 -9999.0 -9999.0 -9999.0 -9999.0 -9999.0 -9999.0 -9999.0 -9999.0 -9999.0 -9999.0 -9999.0 -9999.0 0.289587 0.432956 0.020395 0.100176 0.439697 0.386279 0.263106 0.351519 0.397687 0.452877 0.520000 0.520000 0.520000 0.520000 0.520000 0.098946 0.045962 0.079554 0.045738 -9999.0 -9999.0 -9999.0 -9999.0 -9999.0 -9999.0 -9999.0 -9999.0 -9999.0 -9999.0 -9999.0 -9999.0 -9999.0 -9999.0 -9999.0 -9999.0 -9999.0 -9999.0 -9999.0 -9999.0 -9999.0 -9999.0 -9999.0 -9999.0 -9999.0 -9999.0 -9999.0
-9999.0 -9999.0 -9999.0 -9999.0 -9999.0 -9999.0 -9999.0 -9999.0 -9999.0 -9999.0 -9999.0 -9999.0 -9999.0 0.520000 0.520000 0.376410 0.326587 0.109502 0.299878 0.351947 0.371818 0.302986 0.244285 0.380721 0.408510 0.520000 0.042907 0.520000 0.520000 0.520000 0.520000 0.520000 0.520000 0.520000 0.149173 0.021798 -9999.0 -9999.0 -9999.0 -9999.0 -9999.0 -9999.0 -9999.0 -9999.0 -9999.0 -9999.0 -9999.0 -9999.0 -9999.0 -9999.0 -9999.0 -9999.0 -9999.0 -9999.0 -9999.0 -9999.0 -9999.0 -9999.0 -9999.0 -9999.0 -9999.0 -9999.0 -9999.0
-9999.0 -9999.0 -9999.0 -9999.0 -9999.0 -9999.0 -9999.0 -9999.0 -9999.0 -9999.0 -9999.0 -9999.0 -9999.0 0.520000 0.520000 0.340006 0.341319 0.520000 0.104581 0.276536 0.349067 0.503218 0.520000 0.401063 0.430379 0.520000 0.520000 0.091517 0.115628 0.520000 0.520000 0.520000 0.112401 0.045152 0.117763 -9999.0 -9999.0 -9999.0 -9999.0 -9999.0 -9999.0 -9999.0 -9999.0 -9999.0 -9999.0 -9999.0 -9999.0 -9999.0 -9999.0 -9999.0 -9999.0 -9999.0 -9999.0 -9999.0 -9999.0 -9999.0 -9999.0 -9999.0 -9999.0 -9999.0 -9999.0 -9999.0 -9999.0
-9999.0 -9999.0 -9999.0 -9999.0 -9999.0 -9999.0 -9999.0 -9999.0 -9999.0 -9999.0 -9999.0 -9999.0 -9999.0 0.420864 0.520000 0.391145 0.366267 0.342768 0.105431 0.388708 0.520000 0.020875 0.520000 0.394771 0.474922 0.520000 0.077889 0.105072 0.520000 0.096257 0.520000 0.020067 0.020049 0.031368 0.020075 -9999.0 -9999.0 -9999.0 -9999.0 -9999.0 -9999.0 -9999.0 -9999.0 -9999.0 -9999.0 -9999.0 -9999.0 -9999.0 -9999.0 -9999.0 -9999.0 -9999.0 -9999.0 -9999.0 -9999.0 -9999.0 -9999.0 -9999.0 -9999.0 -9999.0 -9999.0 -9999.0 -9999.0
-9999.0 -9999.0 -9999.0 -9999.0 -9999.0 -9999.0 -9999.0 -9999.0 -9999.0 -9999.0 -9999.0 -9999.0 0.457083 0.520000 0.520000 0.520000 0.475891 0.388346 0.501211 0.020919 0.363828 0.420192 0.520000 0.520000 0.520000 0.520000 0.520000 0.520000 0.520000 0.128637 0.473212 0.126674 0.520000 0.020404 -9999.0 -9999.0 -9999.0 -9999.0 -9999.0 -9999.0 -9999.0 -9999.0 -9999.0 -9999.0 -9999.0 -9999.0 -9999.0 -9999.0 -9999.0 -9999.0 -9999.0 -9999.0 -9999.0 -9999.0 -9999.0 -9999.0 -9999.0 -9999.0 -9999.0 -9999.0 -9999.0 -9999.0 -9999.0
-9999.0 -9999.0 -9999.0 -9999.0 -9999.0 -9999.0 -9999.0 -9999.0 -9999.0 -9999.0 -9999.0 0.520000 0.520000 0.520000 0.520000 0.520000 0.044701 0.468571 0.505639 0.041075 0.520000 0.520000 0.520000 0.520000 0.520000 0.520000 0.520000 0.520000 0.520000 0.117515 0.122402 0.520000 0.131700 0.115683 0.107219 0.090708 0.226777 0.150809 0.137119 -9999.0 -9999.0 -9999.0 0.025232 -9999.0 -9999.0 -9999.0 -9999.0 -9999.0 -9999.0 -9999.0 -9999.0 -9999.0 -9999.0 -9999.0 -9999.0 -9999.0 -9999.0 -9999.0 -9999.0 -9999.0 -9999.0 -9999.0 -9999.0
-9999.0 -9999.0 -9999.0 -9999.0 -9999.0 -9999.0 -9999.0 -9999.0 -9999.0 -9999.0 -9999.0 0.520000 0.520000 0.520000 0.520000 0.520000 0.520000 0.405106 0.520000 0.520000 0.520000 0.520000 0.520000 0.520000 0.520000 0.520000 0.520000 0.520000 0.133595 0.131179 0.520000 0.520000 0.520000 0.520000 0.520000 0.520000 0.155031 0.057581 0.057840 0.105230 0.097192 0.107042 0.520000 0.114616 -9999.0 -9999.0 -9999.0 0.518585 0.520000 0.128275 0.520000 0.139841 0.148839 0.520000 0.520000 0.141184 -9999.0 -9999.0 -9999.0 -9999.0 -9999.0 -9999.0 -9999.0
-9999.0 -9999.0 -9999.0 -9999.0 -9999.0 -9999.0 -9999.0 -9999.0 -9999.0 -9999.0 -9999.0 0.520000 0.520000 0.520000 0.520000 0.520000 0.520000 0.520000 0.520000 0.520000 0.520000 0.520000 0.520000 0.520000 0.520000 0.107021 0.520000 0.520000 0.087118 0.520000 0.087177 0.520000 0.520000 0.520000 0.113305 0.360346 0.073710 0.056765 0.049772 0.022533 0.101365 0.372863 0.520000 0.520000 0.520000 -9999.0 0.085011 0.520000 0.520000 0.520000 0.520000 0.129672 0.520000 0.520000 0.520000 0.520000 -9999.0 -9999.0 -9999.0 -9999.0 -9999.0 -9999.0 -9999.0
-9999.0 -9999.0 -9999.0 -9999.0 -9999.0 -9999.0 -9999.0 -9999.0 -9999.0 -9999.0 -9999.0 -9999.0 0.520000 0.520000 0.520000 0.520000 0.520000 0.520000 0.520000 0.520000 0.520000 0.520000 0.520000 0.520000 0.520000 0.520000 0.520000 0.520000 0.520000 0.101249 0.520000 0.520000 0.520000 0.520000 0.520000 0.397741 0.068071 0.056026 0.049494 0.054885 0.085027 0.099755 0.437681 0.520000 0.100044 0.520000 0.119904 0.520000 0.520000 0.520000 0.520000 0.520000 0.520000 0.520000 0.520000 0.520000 0.520000 -9999.0 -9999.0 -9999.0 -9999.0 -9999.0 -9999.0
-9999.0 -9999.0 -9999.0 -9999.0 -9999.0 -9999.0 -9999.0 -9999.0 -9999.0 -9999.0 -9999.0 0.520000 0.520000 0.520000 0.520000 0.520000 0.520000 0.520000 0.520000 0.504197 0.520000 0.520000 0.520000 0.520000 0.520000 0.520000 0.520000 0.520000 0.520000 0.105521 0.520000 0.520000 0.520000 0.520000 0.520000 0.520000 0.100407 0.061084 0.062907 0.057107 0.123197 0.195717 0.435335 0.039211 0.520000 0.520000 0.520000 0.088631 0.084413 0.520000 0.103462 0.520000 0.520000 0.152698 0.162676 0.020144 0.152982 -9999.0 -9999.0 -9999.0 -9999.0 -9999.0 -9999.0
-9999.0 -9999.0 -9999.0 -9999.0 -9999.0 -9999.0 -9999.0 -9999.0 -9999.0 -9999.0 0.520000 0.520000 0.520000 0.520000 0.520000 0.520000 0.520000 0.489187 0.381451 0.362356 0.520000 0.520000 0.520000 0.520000 0.520000 0.520000 0.520000 0.150701 0.520000 0.520000 0.520000 0.520000 0.520000 0.520000 0.130642 0.106614 0.385300 0.130517 0.173023 0.185186 0.225824 0.069446 0.139718 0.453693 0.520000 0.114719 0.520000 0.520000 0.520000 0.520000 0.106180 0.120985 0.159879 0.020100 0.130669 0.520000 0.520000 -9999.0 -9999.0 -9999.0 -9999.0 -9999.0 -9999.0
-9999.0 -9999.0 -9999.0 -9999.0 -9999.0 -9999.0 -9999.0 -9999.0 -9999.0 0.520000 0.520000 0.520000 0.520000 0.520000 0.520000 0.520000 0.520000 0.520000 0.520000 0.345902 0.402089 0.362721 0.520000 0.516236 0.520000 0.520000 0.520000 0.520000 0.520000 0.520000 0.520000 0.520000 0.076162 0.097809 0.104149 0.092027 0.520000 0.390292 0.258115 0.520000 0.417273 0.392455 0.365188 0.286908 0.384355 0.520000 0.520000 0.433282 0.520000 0.520000 0.520000 0.122449 0.036929 0.127956 0.143627 0.520000 0.520000 0.155027 0.150662 -9999.0 -9999.0 -9999.0 -9999.0
-9999.0 -9999.0 -9999.0 -9999.0 -9999.0 -9999.0 -9999.0 -9999.0 -9999.0 0.520000 0.520000 0.520000 0.520000 0.520000 0.520000 0.520000 0.520000 0.520000 0.464183 0.330743 0.332888 0.308860 0.520000 0.520000 0.520000 0.520000 0.520000 0.520000 0.520000 0.520000 0.520000 0.520000 0.520000 0.520000 0.520000 0.108014 0.104676 0.108481 0.520000 0.520000 0.520000 0.479313 0.331552 0.513800 0.442022 0.352745 0.470205 0.315838 0.365016 0.520000 0.520000 0.520000 0.148256 0.520000 0.191540 0.520000 0.520000 0.520000 0.142696 -9999.0 -9999.0 -9999.0 -9999.0
-9999.0 -9999.0 -9999.0 -9999.0 -9999.0 -9999.0 -9999.0 -9999.0 -9999.0 -9999.0 0.520000 0.520000 0.520000 0.520000 0.520000 0.520000 0.520000 0.520000 0.392315 0.354608 0.369643 0.520000 0.520000 0.520000 0.520000 0.520000 0.452171 0.520000 0.520000 0.520000 0.520000 0.520000 0.520000 0.520000 0.520000 0.520000 0.520000 0.520000 0.123606 0.520000 0.520000 0.520000 0.520000 0.520000 0.520000 0.520000 0.520000 0.520000 0.520000 0.520000 0.520000 0.520000 0.127399 0.147343 0.520000 0.520000 0.520000 0.520000 0.520000 0.520000 -9999.0 -9999.0 -9999.0
-9999.0 -9999.0 -9999.0 -9999.0 -9999.0 -9999.0 -9999.0 -9999.0 -9999.0 -9999.0 0.520000 0.520000 0.520000 0.520000 0.520000 0.520000 0.520000 0.408897 0.340521 0.339501 0.335388 0.359272 0.401352 0.390550 0.429502 0.385495 0.520000 0.520000 0.520000 0.520000 0.520000 0.520000 0.149875 0.520000 0.520000 0.520000 0.520000 0.520000 0.520000 0.520000 0.520000 0.178080 0.520000 0.520000 0.520000 0.520000 0.520000 0.520000 0.520000 0.520000 0.520000 0.520000 0.520000 0.149785 0.159122 0.153233 0.520000 0.520000 0.520000 0.520000 -9999.0 -9999.0 -9999.0
-9999.0 -9999.0 -9999.0 -9999.0 -9999.0 -9999.0 -9999.0 -9999.0 0.520000 0.520000 0.520000 0.520000 0.520000 0.520000 0.520000 0.520000 0.341336 0.318472 0.321891 0.327071 0.297009 0.301939 0.325916 0.333456 0.343264 0.520000 0.520000 0.520000 0.520000 0.520000 0.098623 0.520000 0.520000 0.520000 0.520000 0.520000 0.520000 0.520000 0.520000 0.117122 0.083011 0.520000 0.114373 0.086739 0.086465 0.520000 0.520000 0.520000 0.520000 0.520000 0.520000 0.520000 0.520000 0.520000 0.134131 0.520000 0.125228 0.520000 0.520000 0.520000 -9999.0 -9999.0 -9999.0
-9999.0 -9999.0 -9999.0 -9999.0 -9999.0 -9999.0 -9999.0 -9999.0 0.200000 0.520000 0.520000 0.520000 0.520000 0.520000 0.520000 0.520000 0.520000 0.371892 0.295123 0.304520 0.301276 0.268100 0.321497 0.291826 0.290573 0.520000 0.520000 0.520000 0.165053 0.520000 0.520000 0.067197 0.520000 0.068221 0.520000 0.520000 0.520000 0.520000 0.520000 0.520000 0.520000 0.520000 0.097045 0.520000 0.520000 0.520000 0.130158 0.520000 0.520000 0.520000 0.520000 0.520000 0.520000 0.520000 0.520000 0.120750 0.520000 0.520000 0.520000 0.520000 0.351586 -9999.0 -9999.0
-9999.0 -9999.0 -9999.0 -9999.0 -9999.0 -9999.0 -9999.0 -9999.0 0.520000 0.520000 0.520000 0.520000 0.520000 0.154964 0.520000 0.520000 0.413649 0.326182 0.270819 0.313457 0.283645 0.251095 0.256571 0.278600 0.302339 0.429997 0.520000 0.520000 0.160093 0.520000 0.063129 0.520000 0.520000 0.520000 0.520000 0.520000 0.520000 0.520000 0.520000 0.520000 0.520000 0.075121 0.520000 0.520000 0.520000 0.520000 0.101008 0.520000 0.520000 0.520000 0.520000 0.520000 0.520000 0.520000 0.520000 0.520000 0.520000 0.520000 0.520000 0.456126 0.376415 -9999.0 -9999.0
-9999.0 -9999.0 -9999.0 -9999.0 -9999.0 -9999.0 -9999.0 -9999.0 0.081061 0.520000 0.520000 0.139326 0.520000 0.520000 0.520000 0.520000 0.498758 0.278146 0.353282 0.279571 0.287825 0.279259 0.237438 0.242790 0.317793 0.447982 0.520000 0.520000 0.520000 0.520000 0.520000 0.520000 0.520000 0.520000 0.520000 0.520000 0.520000 0.520000 0.520000 0.520000 0.520000 0.520000 0.520000 0.109260 0.520000 0.104411 0.520000 0.105634 0.520000 0.520000 0.520000 0.520000 0.520000 0.520000 0.520000 0.520000 0.520000 0.520000 0.473755 0.402307 0.456894 0.520000 -9999.0
-9999.0 -9999.0 -9999.0 -9999.0 -9999.0 -9999.0 -9999.0 -9999.0 0.520000 0.520000 0.520000 0.520000 0.520000 0.520000 0.520000 0.520000 0.520000 0.520000 0.520000 0.389862 0.297662 0.277291 0.267939 0.264631 0.253807 0.355033 0.396894 0.520000 0.517663 0.520000 0.520000 0.520000 0.520000 0.520000 0.520000 0.520000 0.520000 0.520000 0.520000 0.520000 0.520000 0.520000 0.520000 0.520000 0.520000 0.520000 0.520000 0.520000 0.520000 0.520000 0.392327 0.327499 0.520000 0.500535 0.520000 0.520000 0.520000 0.520000 0.520000 0.520000 0.520000 0.520000 -9999.0
-9999.0 -9999.0 0.520000 0.520000 0.520000 0.520000 0.520000 0.520000 0.520000 0.520000 0.520000 0.520000 0.520000 0.520000 0.520000 0.520000 0.520000 0.520000 0.520000 0.520000 0.346116 0.306858 0.373215 0.233163 0.295479 0.300643 0.344278 0.350771 0.496993 0.520000 0.520000 0.520000 0.520000 0.520000 0.520000 0.520000 0.520000 0.520000 0.520000 0.520000 0.520000 0.520000 0.520000 0.520000 0.520000 0.520000 0.520000 0.520000 0.520000 0.375919 0.303634 0.351041 0.520000 0.520000 0.520000 0.520000 0.520000 0.520000 0.520000 0.520000 0.520000 0.520000 -9999.0
-9999.0 0.520000 0.520000 0.520000 0.520000 0.520000 0.520000 0.520000 0.520000 0.520000 0.520000 0.520000 0.520000 0.520000 0.520000 0.520000 0.520000 0.520000 0.520000 0.448112 0.299856 0.364258 0.520000 0.323748 0.241137 0.266560 0.276987 0.283084 0.298121 0.506081 0.283804 0.378913 0.520000 0.520000 0.454750 0.373494 0.317344 0.415579 0.520000 0.520000 0.491148 0.520000 0.520000 0.494800 0.392745 0.417513 0.491363 0.520000 0.361381 0.321411 0.489715 0.520000 0.520000 0.520000 0.520000 0.520000 0.520000 0.520000 0.520000 0.520000 0.520000 0.520000 -9999.0
-9999.0 0.520000 0.520000 0.520000 0.434584 0.520000 0.520000 0.520000 0.520000 0.520000 0.520000 0.520000 0.520000 0.520000 0.520000 0.520000 0.520000 0.520000 0.520000 0.520000 0.520000 0.520000 0.388393 0.520000 0.366641 0.278003 0.226975 0.244602 0.307638 0.229704 0.210427 0.218745 0.520000 0.497889 0.389137 0.365874 0.341155 0.302861 0.502175 0.322942 0.333813 0.520000 0.520000 0.273447 0.240892 0.228552 0.310388 0.436834 0.520000 0.520000 0.520000 0.520000 0.520000 0.520000 0.520000 0.520000 0.520000 0.520000 0.520000 0.520000 0.520000 -9999.0 -9999.0
-9999.0 0.520000 0.520000 0.520000 0.520000 0.520000 0.520000 0.520000 0.520000 0.520000 0.520000 0.520000 0.520000 0.520000 0.520000 0.520000 0.520000 0.520000 0.520000 0.520000 0.416936 0.414484 0.306491 0.520000 0.520000 0.520000 0.520000 0.520000 0.279542 0.359189 0.257291 0.232848 0.339893 0.349808 0.520000 0.363573 0.520000 0.346698 0.363089 0.339538 0.313867 0.421202 0.519933 0.274129 0.270880 0.520000 0.388126 0.520000 0.520000 0.520000 0.520000 0.520000 0.520000 0.520000 0.520000 0.520000 0.520000 0.520000 0.520000 -9999.0 -9999.0 -9999.0 -9999.0
