erum2020/resources/simulation/Vinschgau/output-maps/thetaliqL0001N0751.asc
ncols         63
nrows         48
xllcorner     598000.000000
yllcorner     5145000.000000
cellsize      1000.000000
NODATA_value  -9999.0
[rows 0 to 28 of 48, columns 0 to 62 of 63]
-9999.0 -9999.0 -9999.0 -9999.0 -9999.0 -9999.0 -9999.0 -9999.0 -9999.0 -9999.0 -9999.0 -9999.0 -9999.0 -9999.0 -9999.0 -9999.0 -9999.0 -9999.0 -9999.0 -9999.0 -9999.0 -9999.0 -9999.0 -9999.0 -9999.0 -9999.0 -9999.0 -9999.0 -9999.0 -9999.0 -9999.0 -9999.0 -9999.0 -9999.0 -9999.0 -9999.0 -9999.0 -9999.0 -9999.0 -9999.0 -9999.0 -9999.0 -9999.0 -9999.0 -9999.0 -9999.0 -9999.0 -9999.0 -9999.0 -9999.0 -9999.0 -9999.0 -9999.0 -9999.0 -9999.0 -9999.0 -9999.0 -9999.0 -9999.0 -9999.0 -9999.0 -9999.0 -9999.0
-9999.0 -9999.0 -9999.0 -9999.0 -9999.0 -9999.0 -9999.0 -9999.0 -9999.0 -9999.0 -9999.0 -9999.0 -9999.0 -9999.0 -9999.0 -9999.0 -9999.0 -9999.0 -9999.0 -9999.0 -9999.0 -9999.0 -9999.0 -9999.0 -9999.0 -9999.0 -9999.0 0.020033 0.040049 0.020124 0.040083 0.040014 0.040082 -9999.0 -9999.0 -9999.0 -9999.0 -9999.0 -9999.0 -9999.0 -9999.0 -9999.0 -9999.0 -9999.0 -9999.0 -9999.0 -9999.0 -9999.0 -9999.0 -9999.0 -9999.0 -9999.0 -9999.0 -9999.0 -9999.0 -9999.0 -9999.0 -9999.0 -9999.0 -9999.0 -9999.0 -9999.0 -9999.0
-9999.0 -9999.0 -9999.0 -9999.0 -9999.0 -9999.0 -9999.0 -9999.0 -9999.0 -9999.0 -9999.0 -9999.0 -9999.0 -9999.0 -9999.0 -9999.0 -9999.0 -9999.0 -9999.0 -9999.0 -9999.0 -9999.0 -9999.0 -9999.0 0.040069 0.040088 0.040240 0.040071 0.040000 0.040000 0.040025 -9999.0 -9999.0 -9999.0 -9999.0 -9999.0 -9999.0 -9999.0 -9999.0 -9999.0 -9999.0 -9999.0 -9999.0 -9999.0 -9999.0 -9999.0 -9999.0 -9999.0 -9999.0 -9999.0 -9999.0 -9999.0 -9999.0 -9999.0 -9999.0 -9999.0 -9999.0 -9999.0 -9999.0 -9999.0 -9999.0 -9999.0 -9999.0
-9999.0 -9999.0 -9999.0 -9999.0 -9999.0 -9999.0 -9999.0 -9999.0 -9999.0 -9999.0 -9999.0 -9999.0 -9999.0 -9999.0 -9999.0 -9999.0 -9999.0 -9999.0 -9999.0 -9999.0 -9999.0 -9999.0 -9999.0 0.040102 0.041195 0.282712 0.374659 0.267244 0.062826 0.040170 0.040025 0.040017 -9999.0 -9999.0 -9999.0 -9999.0 -9999.0 -9999.0 -9999.0 -9999.0 -9999.0 -9999.0 -9999.0 -9999.0 -9999.0 -9999.0 -9999.0 -9999.0 -9999.0 -9999.0 -9999.0 -9999.0 -9999.0 -9999.0 -9999.0 -9999.0 -9999.0 -9999.0 -9999.0 -9999.0 -9999.0 -9999.0 -9999.0
-9999.0 -9999.0 -9999.0 -9999.0 -9999.0 -9999.0 -9999.0 -9999.0 -9999.0 -9999.0 -9999.0 -9999.0 -9999.0 -9999.0 -9999.0 -9999.0 -9999.0 -9999.0 0.499699 0.040424 -9999.0 0.040191 0.040806 0.333224 0.404465 0.183162 0.437773 0.515193 0.520000 0.116783 0.040087 0.040028 0.020027 0.020021 -9999.0 -9999.0 -9999.0 -9999.0 -9999.0 -9999.0 -9999.0 -9999.0 -9999.0 -9999.0 -9999.0 -9999.0 -9999.0 -9999.0 -9999.0 -9999.0 -9999.0 -9999.0 -9999.0 -9999.0 -9999.0 -9999.0 -9999.0 -9999.0 -9999.0 -9999.0 -9999.0 -9999.0 -9999.0
-9999.0 -9999.0 -9999.0 -9999.0 -9999.0 -9999.0 -9999.0 -9999.0 -9999.0 -9999.0 -9999.0 -9999.0 -9999.0 -9999.0 -9999.0 -9999.0 -9999.0 0.095601 0.327135 0.195959 0.020300 0.049893 0.096357 0.433062 0.392116 0.081451 0.043306 0.040169 0.045126 0.482038 0.040000 0.040000 0.020150 0.020096 0.020061 0.020053 -9999.0 -9999.0 -9999.0 -9999.0 -9999.0 -9999.0 -9999.0 -9999.0 -9999.0 -9999.0 -9999.0 -9999.0 -9999.0 -9999.0 -9999.0 -9999.0 -9999.0 -9999.0 -9999.0 -9999.0 -9999.0 -9999.0 -9999.0 -9999.0 -9999.0 -9999.0 -9999.0
-9999.0 -9999.0 -9999.0 -9999.0 -9999.0 -9999.0 -9999.0 -9999.0 -9999.0 -9999.0 -9999.0 -9999.0 -9999.0 0.041358 0.469351 0.246601 0.078265 0.024153 0.113471 0.285849 0.396244 0.360718 0.367536 0.422550 0.065780 0.040545 0.020088 0.040062 0.041847 0.047465 0.040191 0.040000 0.040044 0.040082 0.020070 0.020021 -9999.0 -9999.0 -9999.0 -9999.0 -9999.0 -9999.0 -9999.0 -9999.0 -9999.0 -9999.0 -9999.0 -9999.0 -9999.0 -9999.0 -9999.0 -9999.0 -9999.0 -9999.0 -9999.0 -9999.0 -9999.0 -9999.0 -9999.0 -9999.0 -9999.0 -9999.0 -9999.0
-9999.0 -9999.0 -9999.0 -9999.0 -9999.0 -9999.0 -9999.0 -9999.0 -9999.0 -9999.0 -9999.0 -9999.0 -9999.0 0.206768 0.424767 0.210464 0.092078 0.501182 0.023822 0.267572 0.192508 0.449402 0.434196 0.498829 0.047859 0.056744 0.040050 0.020103 0.020030 0.040162 0.040063 0.040022 0.020062 0.020021 0.020053 -9999.0 -9999.0 -9999.0 -9999.0 -9999.0 -9999.0 -9999.0 -9999.0 -9999.0 -9999.0 -9999.0 -9999.0 -9999.0 -9999.0 -9999.0 -9999.0 -9999.0 -9999.0 -9999.0 -9999.0 -9999.0 -9999.0 -9999.0 -9999.0 -9999.0 -9999.0 -9999.0 -9999.0
-9999.0 -9999.0 -9999.0 -9999.0 -9999.0 -9999.0 -9999.0 -9999.0 -9999.0 -9999.0 -9999.0 -9999.0 -9999.0 0.373654 0.520000 0.296896 0.181891 0.115274 0.023419 0.131855 0.520000 0.197857 0.077697 0.047664 0.449496 0.040197 0.020153 0.020028 0.040022 0.020022 0.040072 0.020023 0.020020 0.020030 0.020042 -9999.0 -9999.0 -9999.0 -9999.0 -9999.0 -9999.0 -9999.0 -9999.0 -9999.0 -9999.0 -9999.0 -9999.0 -9999.0 -9999.0 -9999.0 -9999.0 -9999.0 -9999.0 -9999.0 -9999.0 -9999.0 -9999.0 -9999.0 -9999.0 -9999.0 -9999.0 -9999.0 -9999.0
-9999.0 -9999.0 -9999.0 -9999.0 -9999.0 -9999.0 -9999.0 -9999.0 -9999.0 -9999.0 -9999.0 -9999.0 0.416494 0.520000 0.470312 0.520000 0.461956 0.259777 0.405952 0.197187 0.386484 0.048369 0.049989 0.042996 0.040184 0.040035 0.040070 0.040024 0.040000 0.020060 0.040009 0.020055 0.040060 0.020019 -9999.0 -9999.0 -9999.0 -9999.0 -9999.0 -9999.0 -9999.0 -9999.0 -9999.0 -9999.0 -9999.0 -9999.0 -9999.0 -9999.0 -9999.0 -9999.0 -9999.0 -9999.0 -9999.0 -9999.0 -9999.0 -9999.0 -9999.0 -9999.0 -9999.0 -9999.0 -9999.0 -9999.0 -9999.0
-9999.0 -9999.0 -9999.0 -9999.0 -9999.0 -9999.0 -9999.0 -9999.0 -9999.0 -9999.0 -9999.0 0.040000 0.508761 0.520000 0.520000 0.287793 0.197377 0.331811 0.520000 0.200000 0.380272 0.520000 0.040412 0.040058 0.040179 0.040000 0.040009 0.040033 0.040000 0.020022 0.020025 0.040000 0.020075 0.020023 0.020059 0.020083 0.040022 0.040111 0.040107 -9999.0 -9999.0 -9999.0 0.020048 -9999.0 -9999.0 -9999.0 -9999.0 -9999.0 -9999.0 -9999.0 -9999.0 -9999.0 -9999.0 -9999.0 -9999.0 -9999.0 -9999.0 -9999.0 -9999.0 -9999.0 -9999.0 -9999.0 -9999.0
-9999.0 -9999.0 -9999.0 -9999.0 -9999.0 -9999.0 -9999.0 -9999.0 -9999.0 -9999.0 -9999.0 0.040000 0.520000 0.520000 0.520000 0.041707 0.425897 0.263306 0.443523 0.520000 0.520000 0.223654 0.040316 0.040068 0.040056 0.040034 0.040029 0.040000 0.020117 0.020023 0.040069 0.040000 0.040022 0.040055 0.040012 0.040088 0.040116 0.040163 0.040108 0.020024 0.020023 0.020022 0.040084 0.020028 -9999.0 -9999.0 -9999.0 0.040008 0.040011 0.020056 0.040014 0.020022 0.020022 0.040011 0.040033 0.020045 -9999.0 -9999.0 -9999.0 -9999.0 -9999.0 -9999.0 -9999.0
-9999.0 -9999.0 -9999.0 -9999.0 -9999.0 -9999.0 -9999.0 -9999.0 -9999.0 -9999.0 -9999.0 0.040000 0.041130 0.042888 0.276993 0.208046 0.488626 0.520000 0.520000 0.440296 0.520000 0.052902 0.040209 0.040069 0.040034 0.020035 0.040118 0.040066 0.020063 0.040013 0.020030 0.040038 0.040000 0.040015 0.020027 0.040000 0.040074 0.040095 0.040181 0.020062 0.040049 0.040016 0.040000 0.040035 0.040015 -9999.0 0.020019 0.040046 0.040083 0.040000 0.040000 0.020133 0.040091 0.040020 0.040072 0.040054 -9999.0 -9999.0 -9999.0 -9999.0 -9999.0 -9999.0 -9999.0
-9999.0 -9999.0 -9999.0 -9999.0 -9999.0 -9999.0 -9999.0 -9999.0 -9999.0 -9999.0 -9999.0 -9999.0 0.040000 0.040213 0.127699 0.156517 0.320308 0.392237 0.520000 0.514805 0.485979 0.040522 0.040194 0.040072 0.040058 0.040179 0.040034 0.040034 0.040082 0.020028 0.040029 0.040058 0.040053 0.040019 0.040016 0.040144 0.040181 0.041339 0.042678 0.040117 0.040202 0.020059 0.040074 0.040199 0.020029 0.040014 0.020024 0.040015 0.040023 0.040069 0.041874 0.040060 0.040059 0.040048 0.040040 0.040079 0.040017 -9999.0 -9999.0 -9999.0 -9999.0 -9999.0 -9999.0
-9999.0 -9999.0 -9999.0 -9999.0 -9999.0 -9999.0 -9999.0 -9999.0 -9999.0 -9999.0 -9999.0 0.040290 0.040133 0.041736 0.040223 0.040234 0.077105 0.520000 0.520000 0.387851 0.504897 0.040667 0.040422 0.040180 0.040190 0.040150 0.040071 0.040020 0.040023 0.020068 0.040107 0.040124 0.040000 0.040020 0.040012 0.040087 0.040032 0.040259 0.069741 0.040283 0.040243 0.044365 0.040233 0.020090 0.041242 0.040026 0.040003 0.020123 0.020148 0.043759 0.020075 0.040021 0.040027 0.020029 0.020026 0.020033 0.020061 -9999.0 -9999.0 -9999.0 -9999.0 -9999.0 -9999.0
-9999.0 -9999.0 -9999.0 -9999.0 -9999.0 -9999.0 -9999.0 -9999.0 -9999.0 -9999.0 0.040111 0.040089 0.040384 0.040399 0.057782 0.041516 0.040873 0.087677 0.217621 0.412658 0.520000 0.497603 0.040925 0.043242 0.045739 0.040168 0.040081 0.020036 0.040052 0.040175 0.040156 0.040151 0.040000 0.040072 0.020020 0.020060 0.040086 0.040065 0.040000 0.134285 0.187822 0.191349 0.199009 0.046054 0.042202 0.020039 0.040042 0.040078 0.040160 0.046031 0.020035 0.020053 0.020024 0.020027 0.020021 0.040075 0.040079 -9999.0 -9999.0 -9999.0 -9999.0 -9999.0 -9999.0
-9999.0 -9999.0 -9999.0 -9999.0 -9999.0 -9999.0 -9999.0 -9999.0 -9999.0 0.040037 0.040000 0.040141 0.040179 0.040615 0.040166 0.040176 0.041714 0.371940 0.342342 0.232236 0.520000 0.265827 0.168025 0.434135 0.095145 0.040186 0.040104 0.040337 0.040954 0.040239 0.083237 0.040048 0.020032 0.020019 0.020023 0.020067 0.040000 0.040055 0.040061 0.040151 0.040179 0.041501 0.041129 0.487765 0.520000 0.043002 0.172618 0.040559 0.040571 0.408658 0.040028 0.020058 0.020026 0.020019 0.020049 0.040020 0.040041 0.020029 0.020024 -9999.0 -9999.0 -9999.0 -9999.0
-9999.0 -9999.0 -9999.0 -9999.0 -9999.0 -9999.0 -9999.0 -9999.0 -9999.0 0.040093 0.040090 0.040000 0.377300 0.049442 0.041878 0.040599 0.077023 0.445098 0.323830 0.376185 0.438654 0.339226 0.504580 0.291824 0.040265 0.040156 0.040651 0.046750 0.348870 0.247766 0.040076 0.040023 0.040071 0.040015 0.040085 0.020030 0.020032 0.020043 0.040033 0.040000 0.040065 0.040145 0.040757 0.448246 0.503462 0.462660 0.520000 0.244179 0.047424 0.102780 0.040024 0.040012 0.020020 0.040082 0.020054 0.040019 0.040028 0.040052 0.020036 -9999.0 -9999.0 -9999.0 -9999.0
-9999.0 -9999.0 -9999.0 -9999.0 -9999.0 -9999.0 -9999.0 -9999.0 -9999.0 -9999.0 0.040028 0.040000 0.040165 0.040648 0.062944 0.042260 0.049100 0.500568 0.327280 0.363011 0.520000 0.415198 0.061781 0.042515 0.040187 0.043047 0.099276 0.507200 0.040083 0.040104 0.040046 0.040068 0.040019 0.040018 0.040000 0.040000 0.040363 0.040533 0.020033 0.040089 0.040027 0.040209 0.124943 0.042521 0.069021 0.089074 0.520000 0.520000 0.517161 0.094481 0.040039 0.040025 0.020022 0.020020 0.040009 0.040043 0.040001 0.040164 0.040219 0.044979 -9999.0 -9999.0 -9999.0
-9999.0 -9999.0 -9999.0 -9999.0 -9999.0 -9999.0 -9999.0 -9999.0 -9999.0 -9999.0 0.040081 0.040045 0.040166 0.040187 0.520000 0.159939 0.086044 0.305494 0.292031 0.188846 0.122685 0.333710 0.052152 0.041188 0.042976 0.496664 0.520000 0.040309 0.040046 0.040022 0.040024 0.040000 0.020046 0.040015 0.040032 0.040000 0.040174 0.040150 0.040027 0.040019 0.040070 0.020094 0.040072 0.040105 0.040671 0.040945 0.044733 0.068817 0.520000 0.520000 0.040535 0.040036 0.040024 0.020048 0.020019 0.020020 0.040015 0.040251 0.520000 0.520000 -9999.0 -9999.0 -9999.0
-9999.0 -9999.0 -9999.0 -9999.0 -9999.0 -9999.0 -9999.0 -9999.0 0.040054 0.040036 0.040019 0.040000 0.040070 0.040076 0.040075 0.520000 0.278995 0.337161 0.298694 0.130266 0.080097 0.248972 0.293822 0.266469 0.359576 0.520000 0.520000 0.040236 0.040057 0.040020 0.020024 0.040089 0.040025 0.040016 0.040058 0.040036 0.073182 0.040197 0.040033 0.020029 0.020114 0.040000 0.020076 0.020031 0.020055 0.040193 0.040041 0.040390 0.076291 0.520000 0.040606 0.040043 0.040039 0.040010 0.020022 0.040017 0.020030 0.041254 0.338520 0.520000 -9999.0 -9999.0 -9999.0
-9999.0 -9999.0 -9999.0 -9999.0 -9999.0 -9999.0 -9999.0 -9999.0 0.020074 0.040061 0.040025 0.040018 0.040037 0.040131 0.040305 0.111102 0.406691 0.357936 0.231255 0.135745 0.440091 0.375301 0.365748 0.377018 0.282952 0.520000 0.468829 0.040148 0.020076 0.040023 0.040015 0.020031 0.040000 0.020032 0.040000 0.040099 0.131526 0.040704 0.040616 0.040062 0.040029 0.040013 0.020033 0.040070 0.040000 0.040066 0.020040 0.040049 0.041038 0.520000 0.520000 0.040150 0.040025 0.040015 0.040035 0.020075 0.040550 0.045227 0.520000 0.520000 0.169787 -9999.0 -9999.0
-9999.0 -9999.0 -9999.0 -9999.0 -9999.0 -9999.0 -9999.0 -9999.0 0.040025 0.040000 0.040065 0.040019 0.040000 0.020047 0.040550 0.040356 0.154653 0.390459 0.130960 0.366159 0.133446 0.265441 0.341041 0.162723 0.372544 0.450646 0.411411 0.040209 0.020037 0.040032 0.020035 0.040000 0.040047 0.040044 0.040000 0.068206 0.040450 0.520000 0.047930 0.040077 0.040000 0.020036 0.040042 0.040000 0.040188 0.040053 0.020029 0.040031 0.040126 0.068201 0.520000 0.041151 0.040034 0.040022 0.040816 0.040255 0.488094 0.520000 0.520000 0.520000 0.520000 -9999.0 -9999.0
-9999.0 -9999.0 -9999.0 -9999.0 -9999.0 -9999.0 -9999.0 -9999.0 0.020026 0.040060 0.040081 0.020038 0.040001 0.040056 0.040000 0.280063 0.345270 0.183555 0.431639 0.086664 0.164404 0.164048 0.270681 0.141361 0.217063 0.449593 0.045424 0.040077 0.040245 0.040110 0.040262 0.040134 0.040301 0.040492 0.040295 0.042496 0.411847 0.462714 0.471691 0.043577 0.040163 0.040213 0.040135 0.020055 0.040050 0.020037 0.040054 0.020077 0.040050 0.040512 0.073708 0.520000 0.070533 0.042329 0.500108 0.520000 0.520000 0.520000 0.520000 0.520000 0.520000 0.520000 -9999.0
-9999.0 -9999.0 -9999.0 -9999.0 -9999.0 -9999.0 -9999.0 -9999.0 0.040016 0.040000 0.040125 0.040105 0.040056 0.040098 0.372882 0.520000 0.520000 0.432137 0.442317 0.369113 0.137918 0.223936 0.171691 0.165780 0.405708 0.146681 0.040254 0.042799 0.073531 0.041000 0.041840 0.040499 0.520000 0.457019 0.190673 0.515282 0.520000 0.451616 0.520000 0.520000 0.378321 0.114415 0.045608 0.054498 0.040534 0.041201 0.041276 0.040207 0.041688 0.086269 0.520000 0.399099 0.501198 0.474365 0.520000 0.520000 0.520000 0.520000 0.520000 0.520000 0.520000 0.520000 -9999.0
-9999.0 -9999.0 0.040037 0.040068 0.040053 0.040146 0.040060 0.040042 0.040023 0.040028 0.040064 0.040174 0.040113 0.254064 0.520000 0.520000 0.060701 0.040232 0.040685 0.168915 0.352935 0.355269 0.520000 0.073988 0.206090 0.329624 0.097509 0.202350 0.520000 0.495272 0.064627 0.395910 0.520000 0.520000 0.520000 0.447084 0.490838 0.413853 0.520000 0.515500 0.520000 0.520000 0.520000 0.520000 0.123127 0.139050 0.520000 0.520000 0.520000 0.489654 0.431822 0.338974 0.520000 0.520000 0.520000 0.520000 0.520000 0.520000 0.520000 0.520000 0.520000 0.520000 -9999.0
-9999.0 0.040630 0.040068 0.040140 0.040157 0.040070 0.040060 0.040050 0.040025 0.040018 0.040071 0.040218 0.041767 0.520000 0.520000 0.040836 0.040198 0.040131 0.040405 0.072853 0.343243 0.520000 0.520000 0.520000 0.170640 0.166617 0.262055 0.346439 0.520000 0.520000 0.357171 0.468625 0.520000 0.520000 0.520000 0.418714 0.428774 0.327386 0.520000 0.446434 0.440729 0.520000 0.520000 0.473872 0.399352 0.348881 0.520000 0.473948 0.442608 0.520000 0.520000 0.520000 0.520000 0.520000 0.520000 0.520000 0.520000 0.520000 0.520000 0.449032 0.297240 0.520000 -9999.0
-9999.0 0.040000 0.040181 0.040179 0.144744 0.040159 0.040056 0.040041 0.040021 0.040017 0.040055 0.040223 0.041965 0.520000 0.040151 0.040060 0.040027 0.040116 0.040141 0.040221 0.463963 0.520000 0.520000 0.520000 0.520000 0.320301 0.072853 0.084853 0.387457 0.342227 0.106244 0.181272 0.520000 0.520000 0.520000 0.520000 0.520000 0.440191 0.520000 0.365409 0.476580 0.520000 0.520000 0.148833 0.070309 0.149199 0.345821 0.497413 0.508873 0.520000 0.520000 0.520000 0.520000 0.520000 0.520000 0.048438 0.040295 0.046557 0.050608 0.042673 0.052008 -9999.0 -9999.0
-9999.0 0.040200 0.040187 0.040225 0.367889 0.137767 0.168371 0.040095 0.040128 0.040072 0.040209 0.057241 0.520000 0.091003 0.040048 0.040031 0.040044 0.040053 0.040039 0.040145 0.043105 0.049446 0.288815 0.520000 0.520000 0.520000 0.520000 0.520000 0.205124 0.384486 0.104781 0.078953 0.520000 0.520000 0.520000 0.399656 0.467811 0.388537 0.395731 0.362827 0.363156 0.456488 0.487249 0.080760 0.077132 0.520000 0.477699 0.520000 0.520000 0.520000 0.520000 0.333073 0.056611 0.043894 0.041091 0.040136 0.040132 0.040097 0.040174 -9999.0 -9999.0 -9999.0 -9999.0
