erum2020/resources/simulation/Vinschgau/output-maps/thetaliqL0006N0440.asc
ncols         63
nrows         48
xllcorner     598000.000000
yllcorner     5145000.000000
cellsize      1000.000000
NODATA_value  -9999.0
[rows 0 to 28 of 48, columns 0 to 62 of 63]
-9999.0 -9999.0 -9999.0 -9999.0 -9999.0 -9999.0 -9999.0 -9999.0 -9999.0 -9999.0 -9999.0 -9999.0 -9999.0 -9999.0 -9999.0 -9999.0 -9999.0 -9999.0 -9999.0 -9999.0 -9999.0 -9999.0 -9999.0 -9999.0 -9999.0 -9999.0 -9999.0 -9999.0 -9999.0 -9999.0 -9999.0 -9999.0 -9999.0 -9999.0 -9999.0 -9999.0 -9999.0 -9999.0 -9999.0 -9999.0 -9999.0 -9999.0 -9999.0 -9999.0 -9999.0 -9999.0 -9999.0 -9999.0 -9999.0 -9999.0 -9999.0 -9999.0 -9999.0 -9999.0 -9999.0 -9999.0 -9999.0 -9999.0 -9999.0 -9999.0 -9999.0 -9999.0 -9999.0
-9999.0 -9999.0 -9999.0 -9999.0 -9999.0 -9999.0 -9999.0 -9999.0 -9999.0 -9999.0 -9999.0 -9999.0 -9999.0 -9999.0 -9999.0 -9999.0 -9999.0 -9999.0 -9999.0 -9999.0 -9999.0 -9999.0 -9999.0 -9999.0 -9999.0 -9999.0 -9999.0 0.042368 0.106902 0.042323 0.108785 0.042691 0.051268 -9999.0 -9999.0 -9999.0 -9999.0 -9999.0 -9999.0 -9999.0 -9999.0 -9999.0 -9999.0 -9999.0 -9999.0 -9999.0 -9999.0 -9999.0 -9999.0 -9999.0 -9999.0 -9999.0 -9999.0 -9999.0 -9999.0 -9999.0 -9999.0 -9999.0 -9999.0 -9999.0 -9999.0 -9999.0 -9999.0
-9999.0 -9999.0 -9999.0 -9999.0 -9999.0 -9999.0 -9999.0 -9999.0 -9999.0 -9999.0 -9999.0 -9999.0 -9999.0 -9999.0 -9999.0 -9999.0 -9999.0 -9999.0 -9999.0 -9999.0 -9999.0 -9999.0 -9999.0 -9999.0 0.300964 0.295915 0.340885 0.375751 0.430000 0.167309 0.081513 -9999.0 -9999.0 -9999.0 -9999.0 -9999.0 -9999.0 -9999.0 -9999.0 -9999.0 -9999.0 -9999.0 -9999.0 -9999.0 -9999.0 -9999.0 -9999.0 -9999.0 -9999.0 -9999.0 -9999.0 -9999.0 -9999.0 -9999.0 -9999.0 -9999.0 -9999.0 -9999.0 -9999.0 -9999.0 -9999.0 -9999.0 -9999.0
-9999.0 -9999.0 -9999.0 -9999.0 -9999.0 -9999.0 -9999.0 -9999.0 -9999.0 -9999.0 -9999.0 -9999.0 -9999.0 -9999.0 -9999.0 -9999.0 -9999.0 -9999.0 -9999.0 -9999.0 -9999.0 -9999.0 -9999.0 0.258046 0.375902 0.182295 0.158056 0.020389 0.038715 0.118976 0.118285 0.079318 -9999.0 -9999.0 -9999.0 -9999.0 -9999.0 -9999.0 -9999.0 -9999.0 -9999.0 -9999.0 -9999.0 -9999.0 -9999.0 -9999.0 -9999.0 -9999.0 -9999.0 -9999.0 -9999.0 -9999.0 -9999.0 -9999.0 -9999.0 -9999.0 -9999.0 -9999.0 -9999.0 -9999.0 -9999.0 -9999.0 -9999.0
-9999.0 -9999.0 -9999.0 -9999.0 -9999.0 -9999.0 -9999.0 -9999.0 -9999.0 -9999.0 -9999.0 -9999.0 -9999.0 -9999.0 -9999.0 -9999.0 -9999.0 -9999.0 0.348944 0.291208 -9999.0 0.313243 0.377777 0.020531 0.196479 0.020770 0.356760 0.411655 0.383323 0.199917 0.133225 0.130226 0.042330 0.042353 -9999.0 -9999.0 -9999.0 -9999.0 -9999.0 -9999.0 -9999.0 -9999.0 -9999.0 -9999.0 -9999.0 -9999.0 -9999.0 -9999.0 -9999.0 -9999.0 -9999.0 -9999.0 -9999.0 -9999.0 -9999.0 -9999.0 -9999.0 -9999.0 -9999.0 -9999.0 -9999.0 -9999.0 -9999.0
-9999.0 -9999.0 -9999.0 -9999.0 -9999.0 -9999.0 -9999.0 -9999.0 -9999.0 -9999.0 -9999.0 -9999.0 -9999.0 -9999.0 -9999.0 -9999.0 -9999.0 0.185118 0.152495 0.020118 0.042313 0.172585 0.175061 0.020645 0.333936 0.363111 0.320439 0.430000 0.394598 0.428865 0.430000 0.155601 0.042301 0.042309 0.042350 0.042366 -9999.0 -9999.0 -9999.0 -9999.0 -9999.0 -9999.0 -9999.0 -9999.0 -9999.0 -9999.0 -9999.0 -9999.0 -9999.0 -9999.0 -9999.0 -9999.0 -9999.0 -9999.0 -9999.0 -9999.0 -9999.0 -9999.0 -9999.0 -9999.0 -9999.0 -9999.0 -9999.0
-9999.0 -9999.0 -9999.0 -9999.0 -9999.0 -9999.0 -9999.0 -9999.0 -9999.0 -9999.0 -9999.0 -9999.0 -9999.0 0.102960 0.289030 0.261089 0.249958 0.042358 0.188394 0.020570 0.157040 0.174417 0.020546 0.327244 0.327841 0.367279 0.020118 0.039172 0.034539 0.430000 0.430000 0.430000 0.120220 0.081161 0.042362 0.020054 -9999.0 -9999.0 -9999.0 -9999.0 -9999.0 -9999.0 -9999.0 -9999.0 -9999.0 -9999.0 -9999.0 -9999.0 -9999.0 -9999.0 -9999.0 -9999.0 -9999.0 -9999.0 -9999.0 -9999.0 -9999.0 -9999.0 -9999.0 -9999.0 -9999.0 -9999.0 -9999.0
-9999.0 -9999.0 -9999.0 -9999.0 -9999.0 -9999.0 -9999.0 -9999.0 -9999.0 -9999.0 -9999.0 -9999.0 -9999.0 0.428544 0.221808 0.216317 0.194816 0.371425 0.042350 0.117918 0.021117 0.048662 0.342895 0.376454 0.339430 0.031248 0.073549 0.042357 0.042357 0.041806 0.430000 0.072916 0.042360 0.020113 0.042363 -9999.0 -9999.0 -9999.0 -9999.0 -9999.0 -9999.0 -9999.0 -9999.0 -9999.0 -9999.0 -9999.0 -9999.0 -9999.0 -9999.0 -9999.0 -9999.0 -9999.0 -9999.0 -9999.0 -9999.0 -9999.0 -9999.0 -9999.0 -9999.0 -9999.0 -9999.0 -9999.0 -9999.0
-9999.0 -9999.0 -9999.0 -9999.0 -9999.0 -9999.0 -9999.0 -9999.0 -9999.0 -9999.0 -9999.0 -9999.0 -9999.0 0.162335 0.430000 0.194740 0.251062 0.219394 0.042348 0.179665 0.429205 0.020118 0.421798 0.287279 0.224474 0.430000 0.042330 0.042360 0.124800 0.020148 0.082260 0.020295 0.020177 0.020796 0.020096 -9999.0 -9999.0 -9999.0 -9999.0 -9999.0 -9999.0 -9999.0 -9999.0 -9999.0 -9999.0 -9999.0 -9999.0 -9999.0 -9999.0 -9999.0 -9999.0 -9999.0 -9999.0 -9999.0 -9999.0 -9999.0 -9999.0 -9999.0 -9999.0 -9999.0 -9999.0 -9999.0 -9999.0
-9999.0 -9999.0 -9999.0 -9999.0 -9999.0 -9999.0 -9999.0 -9999.0 -9999.0 -9999.0 -9999.0 -9999.0 0.020781 0.430000 0.342860 0.365643 0.282996 0.307703 0.354101 0.020118 0.254989 0.188845 0.020331 0.229448 0.430000 0.086864 0.430000 0.105508 0.160072 0.042361 0.020181 0.042350 0.140539 0.042362 -9999.0 -9999.0 -9999.0 -9999.0 -9999.0 -9999.0 -9999.0 -9999.0 -9999.0 -9999.0 -9999.0 -9999.0 -9999.0 -9999.0 -9999.0 -9999.0 -9999.0 -9999.0 -9999.0 -9999.0 -9999.0 -9999.0 -9999.0 -9999.0 -9999.0 -9999.0 -9999.0 -9999.0 -9999.0
-9999.0 -9999.0 -9999.0 -9999.0 -9999.0 -9999.0 -9999.0 -9999.0 -9999.0 -9999.0 -9999.0 0.421817 0.414449 0.430000 0.225868 0.430000 0.020117 0.301095 0.427989 0.020106 0.043495 0.387086 0.142534 0.098761 0.040452 0.124665 0.058798 0.141567 0.430000 0.020081 0.042350 0.159909 0.042362 0.042346 0.042353 0.042303 0.085799 0.078732 0.045314 -9999.0 -9999.0 -9999.0 0.042342 -9999.0 -9999.0 -9999.0 -9999.0 -9999.0 -9999.0 -9999.0 -9999.0 -9999.0 -9999.0 -9999.0 -9999.0 -9999.0 -9999.0 -9999.0 -9999.0 -9999.0 -9999.0 -9999.0 -9999.0
-9999.0 -9999.0 -9999.0 -9999.0 -9999.0 -9999.0 -9999.0 -9999.0 -9999.0 -9999.0 -9999.0 0.416357 0.416673 0.038230 0.426903 0.067299 0.422694 0.202239 0.376719 0.311382 0.412021 0.151685 0.430000 0.347713 0.430000 0.101311 0.133664 0.158068 0.042362 0.042360 0.153946 0.176758 0.124727 0.114264 0.070012 0.139265 0.133816 0.096127 0.093755 0.042310 0.042302 0.042368 0.150759 0.042358 -9999.0 -9999.0 -9999.0 0.430000 0.088835 0.042369 0.114371 0.042373 0.042370 0.374566 0.422277 0.020136 -9999.0 -9999.0 -9999.0 -9999.0 -9999.0 -9999.0 -9999.0
-9999.0 -9999.0 -9999.0 -9999.0 -9999.0 -9999.0 -9999.0 -9999.0 -9999.0 -9999.0 -9999.0 0.430000 0.403689 0.054666 0.349029 0.129158 0.430000 0.424075 0.393621 0.338635 0.339626 0.035547 0.412738 0.430000 0.097547 0.042320 0.426949 0.197190 0.042351 0.099302 0.042362 0.049381 0.145383 0.109071 0.042349 0.146195 0.233999 0.020167 0.086763 0.042321 0.082181 0.056142 0.158184 0.128829 0.081809 -9999.0 0.020081 0.115356 0.141231 0.162499 0.081979 0.042345 0.093287 0.180270 0.108039 0.127265 -9999.0 -9999.0 -9999.0 -9999.0 -9999.0 -9999.0 -9999.0
-9999.0 -9999.0 -9999.0 -9999.0 -9999.0 -9999.0 -9999.0 -9999.0 -9999.0 -9999.0 -9999.0 -9999.0 0.430000 0.425832 0.402870 0.423620 0.327998 0.405956 0.418246 0.349109 0.344768 0.034359 0.036646 0.430000 0.429935 0.408124 0.430000 0.046913 0.107554 0.042359 0.144450 0.430000 0.056771 0.127072 0.105420 0.144986 0.156964 0.098575 0.104407 0.049309 0.172109 0.042339 0.033985 0.395152 0.042322 0.120488 0.042359 0.108403 0.047105 0.430000 0.430000 0.430000 0.430000 0.430000 0.430000 0.430000 0.430000 -9999.0 -9999.0 -9999.0 -9999.0 -9999.0 -9999.0
-9999.0 -9999.0 -9999.0 -9999.0 -9999.0 -9999.0 -9999.0 -9999.0 -9999.0 -9999.0 -9999.0 0.375966 0.345250 0.045305 0.430000 0.430000 0.430000 0.419884 0.409831 0.259737 0.338734 0.385238 0.391892 0.035018 0.355803 0.429251 0.400083 0.091547 0.080713 0.042315 0.430000 0.430000 0.176388 0.141942 0.090406 0.149231 0.072307 0.020290 0.169759 0.089428 0.020254 0.111765 0.397953 0.020064 0.159686 0.108508 0.151715 0.042316 0.042317 0.020388 0.020122 0.073429 0.430000 0.034988 0.020459 0.024547 0.042368 -9999.0 -9999.0 -9999.0 -9999.0 -9999.0 -9999.0
-9999.0 -9999.0 -9999.0 -9999.0 -9999.0 -9999.0 -9999.0 -9999.0 -9999.0 -9999.0 0.430000 0.430000 0.430000 0.394337 0.430000 0.430000 0.430000 0.221458 0.257558 0.230281 0.351443 0.278092 0.038784 0.380896 0.310701 0.430000 0.050470 0.020118 0.065620 0.155666 0.430000 0.430000 0.143855 0.120341 0.042361 0.042326 0.138665 0.265952 0.354430 0.349970 0.034886 0.020118 0.042370 0.341473 0.347448 0.042313 0.145768 0.041439 0.430000 0.430000 0.020118 0.042355 0.020299 0.024796 0.025013 0.134352 0.135360 -9999.0 -9999.0 -9999.0 -9999.0 -9999.0 -9999.0
-9999.0 -9999.0 -9999.0 -9999.0 -9999.0 -9999.0 -9999.0 -9999.0 -9999.0 0.100382 0.430000 0.430000 0.430000 0.326237 0.289211 0.430000 0.303656 0.430000 0.243040 0.181982 0.312712 0.106213 0.036033 0.199908 0.244141 0.053076 0.200451 0.162108 0.033293 0.339114 0.430000 0.022393 0.042365 0.042364 0.042361 0.042350 0.147465 0.326588 0.235688 0.426176 0.430000 0.352156 0.041017 0.294933 0.041230 0.024072 0.170719 0.020538 0.020584 0.430000 0.020638 0.042366 0.024551 0.020204 0.042361 0.059181 0.430000 0.042361 0.042332 -9999.0 -9999.0 -9999.0 -9999.0
-9999.0 -9999.0 -9999.0 -9999.0 -9999.0 -9999.0 -9999.0 -9999.0 -9999.0 0.049070 0.096404 0.115065 0.430000 0.339963 0.253792 0.230920 0.430000 0.341501 0.196865 0.183974 0.211766 0.153428 0.347303 0.398248 0.054416 0.161235 0.290740 0.308518 0.366636 0.429434 0.105634 0.078655 0.124772 0.112288 0.154809 0.042302 0.042319 0.042308 0.071121 0.150060 0.362007 0.030930 0.187717 0.372326 0.308855 0.291380 0.239083 0.020531 0.020625 0.412519 0.022735 0.058274 0.042354 0.073537 0.042350 0.427362 0.064366 0.430000 0.042344 -9999.0 -9999.0 -9999.0 -9999.0
-9999.0 -9999.0 -9999.0 -9999.0 -9999.0 -9999.0 -9999.0 -9999.0 -9999.0 -9999.0 0.098612 0.133445 0.430000 0.430000 0.023659 0.265641 0.296357 0.237928 0.168751 0.158542 0.262114 0.042276 0.332720 0.070041 0.174401 0.260745 0.197120 0.404582 0.108338 0.430000 0.078710 0.430000 0.065569 0.097773 0.157536 0.179878 0.285903 0.363590 0.042356 0.098616 0.057186 0.430000 0.430000 0.049477 0.076863 0.382708 0.067287 0.376214 0.030407 0.043619 0.022440 0.020801 0.042365 0.042355 0.114834 0.089221 0.430000 0.200000 0.050221 0.171862 -9999.0 -9999.0 -9999.0
-9999.0 -9999.0 -9999.0 -9999.0 -9999.0 -9999.0 -9999.0 -9999.0 -9999.0 -9999.0 0.110254 0.117982 0.430000 0.430000 0.430000 0.257954 0.189961 0.206438 0.176797 0.144239 0.148611 0.144666 0.176479 0.125071 0.173618 0.183295 0.362975 0.430000 0.430000 0.064251 0.098327 0.430000 0.020118 0.089248 0.103757 0.430000 0.430000 0.423220 0.048622 0.096759 0.132881 0.042351 0.430000 0.102649 0.376923 0.021386 0.420477 0.079310 0.080481 0.043998 0.067314 0.055195 0.430000 0.042371 0.042356 0.042351 0.079296 0.062540 0.430000 0.430000 -9999.0 -9999.0 -9999.0
-9999.0 -9999.0 -9999.0 -9999.0 -9999.0 -9999.0 -9999.0 -9999.0 0.430000 0.147168 0.047710 0.430000 0.430000 0.430000 0.430000 0.407476 0.143734 0.152116 0.150349 0.136653 0.128831 0.115171 0.158853 0.128886 0.146854 0.343544 0.420664 0.430000 0.430000 0.065887 0.042361 0.110694 0.117362 0.104053 0.127907 0.057559 0.137543 0.426877 0.045846 0.042367 0.042357 0.430000 0.020124 0.042361 0.042313 0.430000 0.059921 0.429438 0.088590 0.428090 0.430000 0.023058 0.430000 0.059828 0.042330 0.117582 0.042400 0.430000 0.035856 0.430000 -9999.0 -9999.0 -9999.0
-9999.0 -9999.0 -9999.0 -9999.0 -9999.0 -9999.0 -9999.0 -9999.0 0.022048 0.430000 0.062267 0.089228 0.107019 0.430000 0.313852 0.375271 0.306509 0.185826 0.021202 0.135672 0.247616 0.189526 0.292299 0.160907 0.108141 0.336705 0.416202 0.430000 0.020119 0.131700 0.125043 0.042317 0.137396 0.042374 0.430000 0.430000 0.172654 0.430000 0.050514 0.142705 0.092881 0.024514 0.042360 0.143532 0.430000 0.430000 0.020123 0.112928 0.053554 0.403752 0.430000 0.430000 0.430000 0.165214 0.095245 0.020118 0.051971 0.049873 0.032327 0.347284 0.161741 -9999.0 -9999.0
-9999.0 -9999.0 -9999.0 -9999.0 -9999.0 -9999.0 -9999.0 -9999.0 0.105382 0.200000 0.104630 0.063553 0.430000 0.020120 0.430000 0.043533 0.153131 0.131032 0.086257 0.252871 0.137097 0.182560 0.186952 0.146486 0.265821 0.267586 0.363158 0.344178 0.020118 0.140874 0.042319 0.430000 0.430000 0.020630 0.430000 0.188581 0.052167 0.087234 0.083162 0.057242 0.115237 0.042369 0.430000 0.430000 0.317276 0.386879 0.042319 0.399844 0.284615 0.081433 0.373531 0.430000 0.093586 0.094750 0.053914 0.430000 0.430000 0.386750 0.272554 0.321916 0.242798 -9999.0 -9999.0
-9999.0 -9999.0 -9999.0 -9999.0 -9999.0 -9999.0 -9999.0 -9999.0 0.042362 0.142887 0.430000 0.020109 0.430000 0.430000 0.023079 0.303648 0.021646 0.186660 0.285251 0.155536 0.142332 0.153019 0.198091 0.203866 0.213824 0.296958 0.272771 0.048272 0.393173 0.039894 0.047375 0.047321 0.020466 0.430000 0.020660 0.064879 0.091041 0.389019 0.088418 0.055310 0.123287 0.147948 0.153119 0.042339 0.329078 0.042321 0.070550 0.042329 0.086209 0.033130 0.365190 0.392815 0.430000 0.407334 0.412884 0.430000 0.418121 0.430000 0.324579 0.284253 0.310260 0.329394 -9999.0
-9999.0 -9999.0 -9999.0 -9999.0 -9999.0 -9999.0 -9999.0 -9999.0 0.387677 0.430000 0.430000 0.093290 0.099521 0.430000 0.427786 0.265446 0.403758 0.364560 0.383751 0.311564 0.203598 0.154449 0.154436 0.157515 0.149784 0.171848 0.135357 0.183891 0.183715 0.379808 0.060583 0.403360 0.040609 0.416683 0.038989 0.032638 0.031039 0.376796 0.094695 0.427059 0.038235 0.020582 0.045922 0.020147 0.037614 0.128113 0.034359 0.037221 0.030401 0.021909 0.020653 0.140812 0.326098 0.235105 0.430000 0.430000 0.411968 0.383584 0.371515 0.322329 0.344090 0.352419 -9999.0
-9999.0 -9999.0 0.049868 0.382783 0.430000 0.206986 0.430000 0.430000 0.430000 0.430000 0.430000 0.430000 0.430000 0.430000 0.407400 0.425844 0.093270 0.345584 0.252663 0.391578 0.256584 0.307555 0.370686 0.150057 0.154091 0.118640 0.162795 0.169933 0.284584 0.326237 0.203205 0.374591 0.430000 0.383920 0.318420 0.321748 0.222737 0.354924 0.095862 0.094811 0.033795 0.033370 0.077707 0.255095 0.048900 0.030120 0.318068 0.367715 0.030372 0.226787 0.175134 0.270632 0.410484 0.424662 0.429277 0.427621 0.430000 0.405877 0.390663 0.380235 0.409611 0.386096 -9999.0
-9999.0 0.183929 0.421020 0.423631 0.193914 0.430000 0.430000 0.417571 0.392568 0.108272 0.430000 0.430000 0.430000 0.430000 0.430000 0.103420 0.430000 0.342690 0.270458 0.305760 0.161172 0.341876 0.430000 0.349318 0.203164 0.148199 0.203270 0.221243 0.230241 0.289835 0.133045 0.161385 0.417331 0.390551 0.228251 0.221526 0.175040 0.204904 0.349723 0.291606 0.167742 0.299607 0.350448 0.250217 0.192347 0.210500 0.285454 0.249553 0.248731 0.326276 0.338749 0.408757 0.430000 0.430000 0.430000 0.430000 0.430000 0.429341 0.420986 0.423708 0.422994 0.416867 -9999.0
-9999.0 0.430000 0.430000 0.414199 0.251735 0.430000 0.430000 0.271063 0.388687 0.048867 0.430000 0.430000 0.430000 0.430000 0.108206 0.430000 0.063202 0.240624 0.430000 0.430000 0.429731 0.392070 0.349578 0.430000 0.358350 0.253983 0.134178 0.159842 0.247320 0.145258 0.084944 0.092906 0.379683 0.365952 0.360428 0.323441 0.295539 0.271323 0.292293 0.186945 0.277974 0.329080 0.326437 0.180177 0.128838 0.086277 0.300248 0.360216 0.357839 0.406228 0.395171 0.392416 0.404181 0.430000 0.430000 0.430000 0.430000 0.430000 0.430000 0.330941 0.357193 -9999.0 -9999.0
-9999.0 0.053151 0.430000 0.430000 0.430000 0.430000 0.307182 0.426927 0.430000 0.430000 0.427603 0.412832 0.430000 0.430000 0.430000 0.430000 0.409922 0.430000 0.430000 0.430000 0.269420 0.336337 0.243897 0.418535 0.429929 0.382106 0.430000 0.430000 0.172909 0.322800 0.151018 0.131306 0.320523 0.347048 0.425400 0.241144 0.405388 0.278471 0.245480 0.221565 0.195235 0.340659 0.286012 0.138605 0.130799 0.430000 0.364591 0.420396 0.421889 0.430000 0.430000 0.430000 0.430000 0.430000 0.430000 0.430000 0.430000 0.430000 0.311788 -9999.0 -9999.0 -9999.0 -9999.0
