erum2020/resources/simulation/Vinschgau/output-maps/thetaliqL0005N1352.asc
ncols         63
nrows         48
xllcorner     598000.000000
yllcorner     5145000.000000
cellsize      1000.000000
NODATA_value  -9999.0
[rows 0 to 28 of 48, columns 0 to 62 of 63]
-9999.0 -9999.0 -9999.0 -9999.0 -9999.0 -9999.0 -9999.0 -9999.0 -9999.0 -9999.0 -9999.0 -9999.0 -9999.0 -9999.0 -9999.0 -9999.0 -9999.0 -9999.0 -9999.0 -9999.0 -9999.0 -9999.0 -9999.0 -9999.0 -9999.0 -9999.0 -9999.0 -9999.0 -9999.0 -9999.0 -9999.0 -9999.0 -9999.0 -9999.0 -9999.0 -9999.0 -9999.0 -9999.0 -9999.0 -9999.0 -9999.0 -9999.0 -9999.0 -9999.0 -9999.0 -9999.0 -9999.0 -9999.0 -9999.0 -9999.0 -9999.0 -9999.0 -9999.0 -9999.0 -9999.0 -9999.0 -9999.0 -9999.0 -9999.0 -9999.0 -9999.0 -9999.0 -9999.0
-9999.0 -9999.0 -9999.0 -9999.0 -9999.0 -9999.0 -9999.0 -9999.0 -9999.0 -9999.0 -9999.0 -9999.0 -9999.0 -9999.0 -9999.0 -9999.0 -9999.0 -9999.0 -9999.0 -9999.0 -9999.0 -9999.0 -9999.0 -9999.0 -9999.0 -9999.0 -9999.0 0.065847 0.218075 0.106416 0.287178 0.130286 0.020151 -9999.0 -9999.0 -9999.0 -9999.0 -9999.0 -9999.0 -9999.0 -9999.0 -9999.0 -9999.0 -9999.0 -9999.0 -9999.0 -9999.0 -9999.0 -9999.0 -9999.0 -9999.0 -9999.0 -9999.0 -9999.0 -9999.0 -9999.0 -9999.0 -9999.0 -9999.0 -9999.0 -9999.0 -9999.0 -9999.0
-9999.0 -9999.0 -9999.0 -9999.0 -9999.0 -9999.0 -9999.0 -9999.0 -9999.0 -9999.0 -9999.0 -9999.0 -9999.0 -9999.0 -9999.0 -9999.0 -9999.0 -9999.0 -9999.0 -9999.0 -9999.0 -9999.0 -9999.0 -9999.0 0.257386 0.248209 0.241557 0.254184 0.260098 0.214143 0.281894 -9999.0 -9999.0 -9999.0 -9999.0 -9999.0 -9999.0 -9999.0 -9999.0 -9999.0 -9999.0 -9999.0 -9999.0 -9999.0 -9999.0 -9999.0 -9999.0 -9999.0 -9999.0 -9999.0 -9999.0 -9999.0 -9999.0 -9999.0 -9999.0 -9999.0 -9999.0 -9999.0 -9999.0 -9999.0 -9999.0 -9999.0 -9999.0
-9999.0 -9999.0 -9999.0 -9999.0 -9999.0 -9999.0 -9999.0 -9999.0 -9999.0 -9999.0 -9999.0 -9999.0 -9999.0 -9999.0 -9999.0 -9999.0 -9999.0 -9999.0 -9999.0 -9999.0 -9999.0 -9999.0 -9999.0 0.239349 0.217570 0.083874 0.076557 0.058407 0.058821 0.170140 0.279756 0.283123 -9999.0 -9999.0 -9999.0 -9999.0 -9999.0 -9999.0 -9999.0 -9999.0 -9999.0 -9999.0 -9999.0 -9999.0 -9999.0 -9999.0 -9999.0 -9999.0 -9999.0 -9999.0 -9999.0 -9999.0 -9999.0 -9999.0 -9999.0 -9999.0 -9999.0 -9999.0 -9999.0 -9999.0 -9999.0 -9999.0 -9999.0
-9999.0 -9999.0 -9999.0 -9999.0 -9999.0 -9999.0 -9999.0 -9999.0 -9999.0 -9999.0 -9999.0 -9999.0 -9999.0 -9999.0 -9999.0 -9999.0 -9999.0 -9999.0 0.178680 0.199756 -9999.0 0.223566 0.209769 0.059289 0.080438 0.059267 0.154269 0.132146 0.145667 0.101386 0.196363 0.275999 0.021530 0.021133 -9999.0 -9999.0 -9999.0 -9999.0 -9999.0 -9999.0 -9999.0 -9999.0 -9999.0 -9999.0 -9999.0 -9999.0 -9999.0 -9999.0 -9999.0 -9999.0 -9999.0 -9999.0 -9999.0 -9999.0 -9999.0 -9999.0 -9999.0 -9999.0 -9999.0 -9999.0 -9999.0 -9999.0 -9999.0
-9999.0 -9999.0 -9999.0 -9999.0 -9999.0 -9999.0 -9999.0 -9999.0 -9999.0 -9999.0 -9999.0 -9999.0 -9999.0 -9999.0 -9999.0 -9999.0 -9999.0 0.083759 0.075151 0.020382 0.077064 0.178835 0.095785 0.061732 0.127367 0.184986 0.055835 0.137173 0.065885 0.164795 0.215885 0.189264 0.096770 0.043687 0.020959 0.020509 -9999.0 -9999.0 -9999.0 -9999.0 -9999.0 -9999.0 -9999.0 -9999.0 -9999.0 -9999.0 -9999.0 -9999.0 -9999.0 -9999.0 -9999.0 -9999.0 -9999.0 -9999.0 -9999.0 -9999.0 -9999.0 -9999.0 -9999.0 -9999.0 -9999.0 -9999.0 -9999.0
-9999.0 -9999.0 -9999.0 -9999.0 -9999.0 -9999.0 -9999.0 -9999.0 -9999.0 -9999.0 -9999.0 -9999.0 -9999.0 0.114099 0.084257 0.089518 0.080533 0.022349 0.084812 0.059740 0.080140 0.081977 0.060081 0.087668 0.202946 0.210725 0.020739 0.071914 0.079319 0.229349 0.040192 0.253787 0.233612 0.291768 0.102622 0.020448 -9999.0 -9999.0 -9999.0 -9999.0 -9999.0 -9999.0 -9999.0 -9999.0 -9999.0 -9999.0 -9999.0 -9999.0 -9999.0 -9999.0 -9999.0 -9999.0 -9999.0 -9999.0 -9999.0 -9999.0 -9999.0 -9999.0 -9999.0 -9999.0 -9999.0 -9999.0 -9999.0
-9999.0 -9999.0 -9999.0 -9999.0 -9999.0 -9999.0 -9999.0 -9999.0 -9999.0 -9999.0 -9999.0 -9999.0 -9999.0 0.153710 0.077762 0.083351 0.081604 0.141759 0.022343 0.074865 0.063512 0.060289 0.084500 0.124504 0.090262 0.072810 0.206892 0.098555 0.065116 0.044646 0.062480 0.272244 0.048214 0.020398 0.020737 -9999.0 -9999.0 -9999.0 -9999.0 -9999.0 -9999.0 -9999.0 -9999.0 -9999.0 -9999.0 -9999.0 -9999.0 -9999.0 -9999.0 -9999.0 -9999.0 -9999.0 -9999.0 -9999.0 -9999.0 -9999.0 -9999.0 -9999.0 -9999.0 -9999.0 -9999.0 -9999.0 -9999.0
-9999.0 -9999.0 -9999.0 -9999.0 -9999.0 -9999.0 -9999.0 -9999.0 -9999.0 -9999.0 -9999.0 -9999.0 -9999.0 0.074901 0.430000 0.081657 0.083153 0.082489 0.022324 0.083003 0.115848 0.020483 0.171050 0.108240 0.084271 0.088950 0.078908 0.037357 0.269695 0.021261 0.306305 0.020364 0.020376 0.020020 0.020448 -9999.0 -9999.0 -9999.0 -9999.0 -9999.0 -9999.0 -9999.0 -9999.0 -9999.0 -9999.0 -9999.0 -9999.0 -9999.0 -9999.0 -9999.0 -9999.0 -9999.0 -9999.0 -9999.0 -9999.0 -9999.0 -9999.0 -9999.0 -9999.0 -9999.0 -9999.0 -9999.0 -9999.0
-9999.0 -9999.0 -9999.0 -9999.0 -9999.0 -9999.0 -9999.0 -9999.0 -9999.0 -9999.0 -9999.0 -9999.0 0.059840 0.430000 0.076253 0.081473 0.103365 0.086513 0.113128 0.020352 0.080263 0.146323 0.021135 0.183232 0.040161 0.211182 0.040039 0.275551 0.273082 0.045592 0.065941 0.021500 0.296794 0.020410 -9999.0 -9999.0 -9999.0 -9999.0 -9999.0 -9999.0 -9999.0 -9999.0 -9999.0 -9999.0 -9999.0 -9999.0 -9999.0 -9999.0 -9999.0 -9999.0 -9999.0 -9999.0 -9999.0 -9999.0 -9999.0 -9999.0 -9999.0 -9999.0 -9999.0 -9999.0 -9999.0 -9999.0 -9999.0
-9999.0 -9999.0 -9999.0 -9999.0 -9999.0 -9999.0 -9999.0 -9999.0 -9999.0 -9999.0 -9999.0 0.166093 0.080543 0.425452 0.077052 0.136929 0.020334 0.084099 0.158995 0.020311 0.065179 0.098115 0.141132 0.186436 0.090787 0.214812 0.265938 0.250281 0.424373 0.020527 0.021534 0.238393 0.088441 0.021325 0.021462 0.070514 0.239154 0.146325 0.105631 -9999.0 -9999.0 -9999.0 0.020597 -9999.0 -9999.0 -9999.0 -9999.0 -9999.0 -9999.0 -9999.0 -9999.0 -9999.0 -9999.0 -9999.0 -9999.0 -9999.0 -9999.0 -9999.0 -9999.0 -9999.0 -9999.0 -9999.0 -9999.0
-9999.0 -9999.0 -9999.0 -9999.0 -9999.0 -9999.0 -9999.0 -9999.0 -9999.0 -9999.0 -9999.0 0.168871 0.080276 0.057848 0.072278 0.099034 0.068920 0.072951 0.151602 0.097531 0.125486 0.119407 0.253736 0.040124 0.040280 0.229955 0.250757 0.221109 0.129965 0.021354 0.259766 0.230866 0.260730 0.242768 0.143012 0.250732 0.181949 0.102185 0.107458 0.021207 0.021395 0.021417 0.283808 0.024346 -9999.0 -9999.0 -9999.0 0.040238 0.040268 0.020451 0.045339 0.020192 0.020191 0.040081 0.040093 0.020179 -9999.0 -9999.0 -9999.0 -9999.0 -9999.0 -9999.0 -9999.0
-9999.0 -9999.0 -9999.0 -9999.0 -9999.0 -9999.0 -9999.0 -9999.0 -9999.0 -9999.0 -9999.0 0.175907 0.160994 0.082125 0.176943 0.095694 0.084696 0.077572 0.080792 0.096924 0.145008 0.187739 0.040495 0.278585 0.224940 0.075224 0.040366 0.040029 0.074187 0.202343 0.056811 0.040174 0.231873 0.239193 0.040224 0.205942 0.040675 0.040259 0.096693 0.023821 0.170745 0.117449 0.230814 0.261431 0.173532 -9999.0 0.020423 0.148440 0.301367 0.244239 0.121722 0.112756 0.123914 0.289550 0.139416 0.243042 -9999.0 -9999.0 -9999.0 -9999.0 -9999.0 -9999.0 -9999.0
-9999.0 -9999.0 -9999.0 -9999.0 -9999.0 -9999.0 -9999.0 -9999.0 -9999.0 -9999.0 -9999.0 -9999.0 0.176219 0.272220 0.149649 0.147857 0.123345 0.079699 0.147037 0.098858 0.094275 0.096272 0.078683 0.041408 0.040077 0.040302 0.430000 0.114243 0.285643 0.034213 0.259539 0.040360 0.115574 0.306104 0.265745 0.239627 0.040403 0.040679 0.176676 0.067261 0.125226 0.073575 0.041300 0.253507 0.052689 0.123838 0.020442 0.222399 0.040081 0.041037 0.053296 0.040358 0.040026 0.040109 0.040070 0.343435 0.294109 -9999.0 -9999.0 -9999.0 -9999.0 -9999.0 -9999.0
-9999.0 -9999.0 -9999.0 -9999.0 -9999.0 -9999.0 -9999.0 -9999.0 -9999.0 -9999.0 -9999.0 0.041331 0.203437 0.092812 0.273596 0.155160 0.092562 0.094848 0.109996 0.111955 0.086538 0.154865 0.395988 0.040319 0.040378 0.040281 0.041199 0.277632 0.271878 0.089056 0.040312 0.040245 0.188761 0.301303 0.133073 0.273700 0.195458 0.041205 0.167237 0.093085 0.041183 0.123497 0.210210 0.021809 0.160124 0.283945 0.261160 0.082430 0.088805 0.025630 0.020072 0.276438 0.040033 0.020038 0.020033 0.020132 0.021617 -9999.0 -9999.0 -9999.0 -9999.0 -9999.0 -9999.0
-9999.0 -9999.0 -9999.0 -9999.0 -9999.0 -9999.0 -9999.0 -9999.0 -9999.0 -9999.0 0.430000 0.053968 0.208955 0.195582 0.169661 0.430000 0.429969 0.171563 0.092872 0.116184 0.122280 0.184793 0.040634 0.210876 0.105067 0.040099 0.040152 0.020049 0.110036 0.163918 0.054744 0.040851 0.189429 0.299557 0.020491 0.050657 0.178369 0.040677 0.043067 0.362473 0.218400 0.024463 0.163050 0.215906 0.074218 0.089917 0.215957 0.041998 0.044867 0.146511 0.020046 0.020362 0.020030 0.020092 0.020108 0.299250 0.305505 -9999.0 -9999.0 -9999.0 -9999.0 -9999.0 -9999.0
-9999.0 -9999.0 -9999.0 -9999.0 -9999.0 -9999.0 -9999.0 -9999.0 -9999.0 0.220489 0.266837 0.059486 0.092648 0.041210 0.056869 0.076665 0.064248 0.160693 0.078590 0.108408 0.115109 0.107566 0.110826 0.117468 0.312199 0.040089 0.040064 0.194224 0.053545 0.159336 0.365546 0.020113 0.075545 0.020663 0.021509 0.049834 0.195975 0.040284 0.040488 0.059088 0.040234 0.041349 0.040885 0.126863 0.123078 0.069219 0.145489 0.040758 0.040811 0.353222 0.020196 0.021259 0.020086 0.020096 0.020149 0.040029 0.040062 0.065402 0.020216 -9999.0 -9999.0 -9999.0 -9999.0
-9999.0 -9999.0 -9999.0 -9999.0 -9999.0 -9999.0 -9999.0 -9999.0 -9999.0 0.119672 0.222332 0.153309 0.430000 0.236677 0.058749 0.041085 0.201168 0.136902 0.076467 0.097720 0.103827 0.080189 0.154454 0.241251 0.040172 0.040222 0.041519 0.129928 0.287885 0.242578 0.157823 0.040047 0.259957 0.254526 0.300613 0.041489 0.064516 0.095700 0.220953 0.177508 0.040645 0.040166 0.043030 0.225353 0.154035 0.151002 0.115175 0.112990 0.216259 0.232214 0.020058 0.040012 0.020083 0.040053 0.021475 0.040018 0.040078 0.040153 0.093979 -9999.0 -9999.0 -9999.0 -9999.0
-9999.0 -9999.0 -9999.0 -9999.0 -9999.0 -9999.0 -9999.0 -9999.0 -9999.0 -9999.0 0.262264 0.179756 0.084023 0.040399 0.195062 0.065597 0.201046 0.095654 0.074532 0.095137 0.107701 0.071484 0.112470 0.042061 0.040355 0.072902 0.346810 0.221458 0.180283 0.040074 0.040052 0.040033 0.040027 0.289193 0.254746 0.191903 0.224453 0.232872 0.073346 0.259690 0.268261 0.253949 0.430000 0.071645 0.165993 0.230880 0.087038 0.154532 0.063198 0.140750 0.020098 0.020108 0.020116 0.020084 0.040049 0.136832 0.366960 0.040108 0.066616 0.096112 -9999.0 -9999.0 -9999.0
-9999.0 -9999.0 -9999.0 -9999.0 -9999.0 -9999.0 -9999.0 -9999.0 -9999.0 -9999.0 0.300047 0.223678 0.237330 0.155727 0.250229 0.160827 0.190708 0.108074 0.085783 0.084074 0.086718 0.087155 0.086415 0.058769 0.074678 0.300436 0.223323 0.181708 0.040115 0.040032 0.260201 0.302252 0.020062 0.236811 0.247874 0.246360 0.040119 0.058162 0.040139 0.276014 0.253367 0.151237 0.041407 0.167069 0.248241 0.020995 0.164839 0.159151 0.081065 0.071968 0.403481 0.040133 0.040021 0.020195 0.020066 0.020085 0.040547 0.040677 0.370549 0.291861 -9999.0 -9999.0 -9999.0
-9999.0 -9999.0 -9999.0 -9999.0 -9999.0 -9999.0 -9999.0 -9999.0 0.287190 0.271641 0.126798 0.292890 0.040414 0.043219 0.054382 0.187862 0.065008 0.080076 0.080598 0.082329 0.080646 0.073698 0.075435 0.081558 0.149278 0.231522 0.248708 0.040322 0.040228 0.040035 0.020463 0.262091 0.257611 0.245036 0.261903 0.219174 0.133123 0.071263 0.040032 0.043458 0.085471 0.253262 0.020075 0.064783 0.080067 0.430000 0.040036 0.041984 0.202654 0.206432 0.307078 0.020363 0.040041 0.040010 0.020096 0.108972 0.082681 0.241816 0.156303 0.108851 -9999.0 -9999.0 -9999.0
-9999.0 -9999.0 -9999.0 -9999.0 -9999.0 -9999.0 -9999.0 -9999.0 0.020062 0.040329 0.040053 0.276970 0.229159 0.040060 0.040248 0.218130 0.096163 0.083825 0.062610 0.081978 0.147673 0.090007 0.083283 0.077742 0.076577 0.123908 0.272437 0.054590 0.020065 0.284104 0.248055 0.048965 0.236983 0.060156 0.281850 0.248737 0.132219 0.370164 0.045851 0.192657 0.254448 0.156052 0.070604 0.178336 0.430000 0.040745 0.020060 0.209213 0.054168 0.237192 0.276633 0.056546 0.040018 0.114705 0.129121 0.020139 0.040531 0.169993 0.079236 0.113148 0.084895 -9999.0 -9999.0
-9999.0 -9999.0 -9999.0 -9999.0 -9999.0 -9999.0 -9999.0 -9999.0 0.250789 0.430000 0.367973 0.040029 0.324962 0.020084 0.040749 0.040347 0.151443 0.082076 0.072759 0.147003 0.081743 0.089372 0.083006 0.081591 0.088763 0.083937 0.251298 0.040125 0.020052 0.258858 0.067935 0.276053 0.040127 0.020238 0.259141 0.142498 0.225883 0.222459 0.069916 0.041698 0.203856 0.069347 0.262723 0.430000 0.040274 0.269284 0.030145 0.304040 0.040104 0.146152 0.195424 0.336231 0.040030 0.040019 0.046460 0.194582 0.357460 0.175764 0.077749 0.117184 0.104400 -9999.0 -9999.0
-9999.0 -9999.0 -9999.0 -9999.0 -9999.0 -9999.0 -9999.0 -9999.0 0.020444 0.210632 0.041883 0.020053 0.296375 0.040228 0.020700 0.287720 0.066627 0.073912 0.110156 0.083297 0.082803 0.083314 0.091151 0.090564 0.094695 0.145942 0.060454 0.040050 0.236324 0.042184 0.040835 0.050510 0.086107 0.422394 0.024518 0.125963 0.106705 0.080868 0.180486 0.089208 0.158339 0.154452 0.161425 0.078600 0.281850 0.077952 0.107364 0.091988 0.232370 0.040507 0.221792 0.154695 0.304435 0.053169 0.384455 0.314160 0.129680 0.137744 0.116117 0.107454 0.096702 0.138318 -9999.0
-9999.0 -9999.0 -9999.0 -9999.0 -9999.0 -9999.0 -9999.0 -9999.0 0.040122 0.315466 0.040050 0.040077 0.040898 0.042583 0.328807 0.162874 0.177539 0.094067 0.127690 0.082681 0.085317 0.086332 0.084014 0.083907 0.080848 0.152591 0.040165 0.074213 0.241110 0.429986 0.041748 0.325586 0.126119 0.238879 0.138474 0.069334 0.062912 0.075679 0.067021 0.150602 0.108676 0.022119 0.155346 0.045071 0.040638 0.153301 0.050789 0.072709 0.046287 0.306333 0.090882 0.122185 0.150381 0.180406 0.256349 0.244013 0.172937 0.134488 0.120359 0.077272 0.083814 0.145450 -9999.0
-9999.0 -9999.0 0.111396 0.269002 0.040021 0.040178 0.040047 0.040070 0.338866 0.330782 0.040404 0.040302 0.044574 0.430000 0.171804 0.422703 0.115103 0.040126 0.041638 0.210238 0.083000 0.087049 0.100490 0.082173 0.088385 0.090902 0.167403 0.173227 0.109771 0.163667 0.128809 0.137215 0.130746 0.085616 0.082666 0.078663 0.080296 0.072718 0.064172 0.069440 0.061320 0.061285 0.071495 0.102276 0.199481 0.109860 0.187811 0.201206 0.066760 0.087274 0.082409 0.119245 0.161510 0.195937 0.222408 0.198386 0.178392 0.136194 0.087285 0.097222 0.140092 0.156807 -9999.0
-9999.0 0.041268 0.040894 0.040520 0.040211 0.040362 0.040092 0.040045 0.040023 0.296514 0.040114 0.040284 0.317011 0.265694 0.412277 0.041557 0.040346 0.040120 0.040263 0.187272 0.085341 0.078928 0.125529 0.116828 0.084196 0.084262 0.089398 0.091425 0.080978 0.106828 0.081197 0.081804 0.081285 0.089729 0.078829 0.081756 0.072460 0.070268 0.081455 0.081742 0.076623 0.079468 0.071480 0.076335 0.079251 0.077851 0.110956 0.074207 0.077807 0.106425 0.116573 0.145002 0.178027 0.222774 0.228135 0.334104 0.302934 0.278315 0.328260 0.249394 0.226339 0.159689 -9999.0
-9999.0 0.240432 0.104902 0.081395 0.262581 0.059409 0.040032 0.040030 0.314332 0.110595 0.040063 0.040125 0.272929 0.318756 0.046755 0.040032 0.040051 0.040088 0.040526 0.123634 0.255587 0.161838 0.139618 0.150406 0.170129 0.151910 0.079258 0.084475 0.084168 0.072304 0.071441 0.071946 0.084293 0.090238 0.090411 0.082994 0.136444 0.133049 0.080621 0.080513 0.080729 0.085229 0.074061 0.079606 0.076173 0.070173 0.089918 0.089280 0.092984 0.100660 0.110660 0.158418 0.246584 0.337709 0.430000 0.074714 0.040775 0.052954 0.070748 0.046667 0.086413 -9999.0 -9999.0
-9999.0 0.102830 0.058257 0.044655 0.298074 0.261438 0.273398 0.040068 0.040113 0.040132 0.040435 0.097886 0.259171 0.386051 0.040081 0.040021 0.040034 0.040137 0.040073 0.040547 0.044312 0.079849 0.143095 0.182229 0.176598 0.114620 0.104320 0.098938 0.083576 0.090190 0.081704 0.081331 0.087205 0.085525 0.083593 0.082266 0.081866 0.131090 0.081598 0.081487 0.081593 0.135788 0.082359 0.080775 0.080875 0.085337 0.087354 0.093775 0.108921 0.106405 0.153633 0.228087 0.094748 0.430000 0.042991 0.040116 0.040109 0.040068 0.040080 -9999.0 -9999.0 -9999.0 -9999.0
