erum2020/resources/simulation/Vinschgau/output-maps/thetaliqL0003N1094.asc
ncols         63
nrows         48
xllcorner     598000.000000
yllcorner     5145000.000000
cellsize      1000.000000
NODATA_value  -9999.0
[rows 0 to 28 of 48, columns 0 to 62 of 63]
-9999.0 -9999.0 -9999.0 -9999.0 -9999.0 -9999.0 -9999.0 -9999.0 -9999.0 -9999.0 -9999.0 -9999.0 -9999.0 -9999.0 -9999.0 -9999.0 -9999.0 -9999.0 -9999.0 -9999.0 -9999.0 -9999.0 -9999.0 -9999.0 -9999.0 -9999.0 -9999.0 -9999.0 -9999.0 -9999.0 -9999.0 -9999.0 -9999.0 -9999.0 -9999.0 -9999.0 -9999.0 -9999.0 -9999.0 -9999.0 -9999.0 -9999.0 -9999.0 -9999.0 -9999.0 -9999.0 -9999.0 -9999.0 -9999.0 -9999.0 -9999.0 -9999.0 -9999.0 -9999.0 -9999.0 -9999.0 -9999.0 -9999.0 -9999.0 -9999.0 -9999.0 -9999.0 -9999.0
-9999.0 -9999.0 -9999.0 -9999.0 -9999.0 -9999.0 -9999.0 -9999.0 -9999.0 -9999.0 -9999.0 -9999.0 -9999.0 -9999.0 -9999.0 -9999.0 -9999.0 -9999.0 -9999.0 -9999.0 -9999.0 -9999.0 -9999.0 -9999.0 -9999.0 -9999.0 -9999.0 0.115645 0.041671 0.023059 0.040610 0.041024 0.040666 -9999.0 -9999.0 -9999.0 -9999.0 -9999.0 -9999.0 -9999.0 -9999.0 -9999.0 -9999.0 -9999.0 -9999.0 -9999.0 -9999.0 -9999.0 -9999.0 -9999.0 -9999.0 -9999.0 -9999.0 -9999.0 -9999.0 -9999.0 -9999.0 -9999.0 -9999.0 -9999.0 -9999.0 -9999.0 -9999.0
-9999.0 -9999.0 -9999.0 -9999.0 -9999.0 -9999.0 -9999.0 -9999.0 -9999.0 -9999.0 -9999.0 -9999.0 -9999.0 -9999.0 -9999.0 -9999.0 -9999.0 -9999.0 -9999.0 -9999.0 -9999.0 -9999.0 -9999.0 -9999.0 0.402394 0.058708 0.330120 0.285814 0.044297 0.042728 0.042494 -9999.0 -9999.0 -9999.0 -9999.0 -9999.0 -9999.0 -9999.0 -9999.0 -9999.0 -9999.0 -9999.0 -9999.0 -9999.0 -9999.0 -9999.0 -9999.0 -9999.0 -9999.0 -9999.0 -9999.0 -9999.0 -9999.0 -9999.0 -9999.0 -9999.0 -9999.0 -9999.0 -9999.0 -9999.0 -9999.0 -9999.0 -9999.0
-9999.0 -9999.0 -9999.0 -9999.0 -9999.0 -9999.0 -9999.0 -9999.0 -9999.0 -9999.0 -9999.0 -9999.0 -9999.0 -9999.0 -9999.0 -9999.0 -9999.0 -9999.0 -9999.0 -9999.0 -9999.0 -9999.0 -9999.0 0.502250 0.515993 0.160027 0.118713 0.075696 0.308128 0.429731 0.043202 0.040842 -9999.0 -9999.0 -9999.0 -9999.0 -9999.0 -9999.0 -9999.0 -9999.0 -9999.0 -9999.0 -9999.0 -9999.0 -9999.0 -9999.0 -9999.0 -9999.0 -9999.0 -9999.0 -9999.0 -9999.0 -9999.0 -9999.0 -9999.0 -9999.0 -9999.0 -9999.0 -9999.0 -9999.0 -9999.0 -9999.0 -9999.0
-9999.0 -9999.0 -9999.0 -9999.0 -9999.0 -9999.0 -9999.0 -9999.0 -9999.0 -9999.0 -9999.0 -9999.0 -9999.0 -9999.0 -9999.0 -9999.0 -9999.0 -9999.0 0.345994 0.515890 -9999.0 0.513693 0.516404 0.123610 0.190283 0.074489 0.338596 0.349899 0.416298 0.180072 0.259966 0.043833 0.021242 0.023772 -9999.0 -9999.0 -9999.0 -9999.0 -9999.0 -9999.0 -9999.0 -9999.0 -9999.0 -9999.0 -9999.0 -9999.0 -9999.0 -9999.0 -9999.0 -9999.0 -9999.0 -9999.0 -9999.0 -9999.0 -9999.0 -9999.0 -9999.0 -9999.0 -9999.0 -9999.0 -9999.0 -9999.0 -9999.0
-9999.0 -9999.0 -9999.0 -9999.0 -9999.0 -9999.0 -9999.0 -9999.0 -9999.0 -9999.0 -9999.0 -9999.0 -9999.0 -9999.0 -9999.0 -9999.0 -9999.0 0.074520 0.078195 0.022195 0.180334 0.101860 0.197655 0.326341 0.322786 0.146966 0.044001 0.154197 0.051871 0.460872 0.520000 0.102180 0.021942 0.085980 0.021112 0.020888 -9999.0 -9999.0 -9999.0 -9999.0 -9999.0 -9999.0 -9999.0 -9999.0 -9999.0 -9999.0 -9999.0 -9999.0 -9999.0 -9999.0 -9999.0 -9999.0 -9999.0 -9999.0 -9999.0 -9999.0 -9999.0 -9999.0 -9999.0 -9999.0 -9999.0 -9999.0 -9999.0
-9999.0 -9999.0 -9999.0 -9999.0 -9999.0 -9999.0 -9999.0 -9999.0 -9999.0 -9999.0 -9999.0 -9999.0 -9999.0 0.499473 0.305384 0.094379 0.074659 0.022502 0.075355 0.074247 0.126210 0.252301 0.137356 0.326424 0.094340 0.516771 0.021436 0.040517 0.044580 0.071100 0.040651 0.058156 0.047016 0.040715 0.020394 0.020801 -9999.0 -9999.0 -9999.0 -9999.0 -9999.0 -9999.0 -9999.0 -9999.0 -9999.0 -9999.0 -9999.0 -9999.0 -9999.0 -9999.0 -9999.0 -9999.0 -9999.0 -9999.0 -9999.0 -9999.0 -9999.0 -9999.0 -9999.0 -9999.0 -9999.0 -9999.0 -9999.0
-9999.0 -9999.0 -9999.0 -9999.0 -9999.0 -9999.0 -9999.0 -9999.0 -9999.0 -9999.0 -9999.0 -9999.0 -9999.0 0.466072 0.097478 0.081773 0.075816 0.176589 0.022498 0.077559 0.075053 0.097787 0.163798 0.291913 0.393332 0.091735 0.128153 0.126918 0.030476 0.041062 0.040060 0.045714 0.021376 0.020036 0.020880 -9999.0 -9999.0 -9999.0 -9999.0 -9999.0 -9999.0 -9999.0 -9999.0 -9999.0 -9999.0 -9999.0 -9999.0 -9999.0 -9999.0 -9999.0 -9999.0 -9999.0 -9999.0 -9999.0 -9999.0 -9999.0 -9999.0 -9999.0 -9999.0 -9999.0 -9999.0 -9999.0 -9999.0
-9999.0 -9999.0 -9999.0 -9999.0 -9999.0 -9999.0 -9999.0 -9999.0 -9999.0 -9999.0 -9999.0 -9999.0 -9999.0 0.080591 0.520000 0.078445 0.081348 0.077042 0.022477 0.075062 0.203932 0.112375 0.180043 0.059277 0.314329 0.491485 0.177694 0.021568 0.041449 0.020045 0.042307 0.020028 0.020030 0.020016 0.020755 -9999.0 -9999.0 -9999.0 -9999.0 -9999.0 -9999.0 -9999.0 -9999.0 -9999.0 -9999.0 -9999.0 -9999.0 -9999.0 -9999.0 -9999.0 -9999.0 -9999.0 -9999.0 -9999.0 -9999.0 -9999.0 -9999.0 -9999.0 -9999.0 -9999.0 -9999.0 -9999.0 -9999.0
-9999.0 -9999.0 -9999.0 -9999.0 -9999.0 -9999.0 -9999.0 -9999.0 -9999.0 -9999.0 -9999.0 -9999.0 0.145076 0.520000 0.086198 0.247660 0.138804 0.092221 0.146252 0.022157 0.194447 0.101608 0.056393 0.063483 0.040529 0.089777 0.040068 0.042555 0.041123 0.020983 0.040012 0.021185 0.040440 0.020738 -9999.0 -9999.0 -9999.0 -9999.0 -9999.0 -9999.0 -9999.0 -9999.0 -9999.0 -9999.0 -9999.0 -9999.0 -9999.0 -9999.0 -9999.0 -9999.0 -9999.0 -9999.0 -9999.0 -9999.0 -9999.0 -9999.0 -9999.0 -9999.0 -9999.0 -9999.0 -9999.0 -9999.0 -9999.0
-9999.0 -9999.0 -9999.0 -9999.0 -9999.0 -9999.0 -9999.0 -9999.0 -9999.0 -9999.0 -9999.0 0.520000 0.215113 0.520000 0.095996 0.403694 0.022010 0.091356 0.253254 0.078103 0.076527 0.335111 0.516110 0.423127 0.040503 0.041727 0.041774 0.041344 0.041338 0.020808 0.021148 0.041198 0.020494 0.020986 0.021007 0.024387 0.042080 0.042491 0.041018 -9999.0 -9999.0 -9999.0 0.020981 -9999.0 -9999.0 -9999.0 -9999.0 -9999.0 -9999.0 -9999.0 -9999.0 -9999.0 -9999.0 -9999.0 -9999.0 -9999.0 -9999.0 -9999.0 -9999.0 -9999.0 -9999.0 -9999.0 -9999.0
-9999.0 -9999.0 -9999.0 -9999.0 -9999.0 -9999.0 -9999.0 -9999.0 -9999.0 -9999.0 -9999.0 0.520000 0.159845 0.091883 0.072046 0.444314 0.069747 0.074736 0.170851 0.188953 0.283464 0.498557 0.515714 0.040663 0.040041 0.043329 0.048139 0.043477 0.021219 0.020943 0.043704 0.043603 0.041345 0.040344 0.040887 0.048771 0.043323 0.423215 0.053608 0.021062 0.021092 0.024087 0.040646 0.021348 -9999.0 -9999.0 -9999.0 0.040518 0.040278 0.020317 0.040337 0.020622 0.020616 0.040440 0.040274 0.020591 -9999.0 -9999.0 -9999.0 -9999.0 -9999.0 -9999.0 -9999.0
-9999.0 -9999.0 -9999.0 -9999.0 -9999.0 -9999.0 -9999.0 -9999.0 -9999.0 -9999.0 -9999.0 0.520000 0.501345 0.511149 0.392602 0.409271 0.297316 0.085997 0.102407 0.159034 0.194168 0.154116 0.040861 0.288815 0.047855 0.136379 0.040624 0.040051 0.058683 0.040910 0.028319 0.040038 0.048168 0.040844 0.021125 0.042000 0.040077 0.040162 0.331507 0.025949 0.042150 0.041824 0.041676 0.042399 0.040339 -9999.0 0.020833 0.040341 0.040625 0.041738 0.043203 0.128317 0.048622 0.042481 0.040485 0.040446 -9999.0 -9999.0 -9999.0 -9999.0 -9999.0 -9999.0 -9999.0
-9999.0 -9999.0 -9999.0 -9999.0 -9999.0 -9999.0 -9999.0 -9999.0 -9999.0 -9999.0 -9999.0 -9999.0 0.520000 0.044409 0.455377 0.453260 0.207227 0.088607 0.198491 0.178023 0.124216 0.452237 0.040697 0.040069 0.040240 0.040701 0.514460 0.045006 0.042235 0.021405 0.046794 0.040045 0.046689 0.040504 0.040422 0.041188 0.040046 0.040240 0.362319 0.429630 0.054693 0.170233 0.040074 0.357442 0.021820 0.040526 0.020901 0.040373 0.040024 0.040066 0.049293 0.040046 0.040046 0.040030 0.040022 0.040585 0.040418 -9999.0 -9999.0 -9999.0 -9999.0 -9999.0 -9999.0
-9999.0 -9999.0 -9999.0 -9999.0 -9999.0 -9999.0 -9999.0 -9999.0 -9999.0 -9999.0 -9999.0 0.040723 0.512548 0.520000 0.043433 0.273958 0.352513 0.120673 0.182332 0.108480 0.099567 0.294307 0.045304 0.041021 0.040869 0.040194 0.040068 0.042734 0.042203 0.141499 0.040634 0.040098 0.080561 0.040548 0.040776 0.040752 0.043975 0.040259 0.138635 0.300706 0.044720 0.083360 0.041588 0.022082 0.516864 0.043412 0.041022 0.139059 0.169088 0.060656 0.020096 0.043285 0.040027 0.020046 0.020037 0.020026 0.021104 -9999.0 -9999.0 -9999.0 -9999.0 -9999.0 -9999.0
-9999.0 -9999.0 -9999.0 -9999.0 -9999.0 -9999.0 -9999.0 -9999.0 -9999.0 -9999.0 0.515423 0.043761 0.514944 0.515230 0.520000 0.078293 0.056184 0.144656 0.089592 0.113092 0.254668 0.363275 0.042473 0.520000 0.051899 0.040290 0.040483 0.020056 0.455489 0.508643 0.040235 0.040178 0.065893 0.041511 0.020760 0.030787 0.045322 0.040057 0.040588 0.472551 0.461767 0.184320 0.194049 0.388691 0.051811 0.121684 0.078843 0.040085 0.040256 0.077303 0.020057 0.020806 0.020033 0.020024 0.020030 0.041981 0.040951 -9999.0 -9999.0 -9999.0 -9999.0 -9999.0 -9999.0
-9999.0 -9999.0 -9999.0 -9999.0 -9999.0 -9999.0 -9999.0 -9999.0 -9999.0 0.042706 0.440032 0.040151 0.041466 0.044084 0.046638 0.042397 0.053068 0.429951 0.083264 0.094876 0.227208 0.123808 0.177755 0.342833 0.167939 0.040156 0.040169 0.514860 0.043732 0.042218 0.206001 0.040114 0.037036 0.020038 0.028655 0.030304 0.042400 0.040040 0.040719 0.040253 0.040235 0.042799 0.042939 0.166008 0.351354 0.058034 0.520000 0.043353 0.043483 0.228408 0.040426 0.021026 0.020021 0.020288 0.020414 0.040030 0.040045 0.021389 0.020634 -9999.0 -9999.0 -9999.0 -9999.0
-9999.0 -9999.0 -9999.0 -9999.0 -9999.0 -9999.0 -9999.0 -9999.0 -9999.0 0.046537 0.048681 0.515491 0.520000 0.095005 0.050594 0.043975 0.520000 0.409666 0.078960 0.137367 0.171062 0.088411 0.374148 0.520000 0.040381 0.040813 0.044232 0.062646 0.520000 0.478247 0.519270 0.040073 0.041516 0.041084 0.040626 0.031837 0.105694 0.165510 0.045488 0.107338 0.040055 0.040686 0.046022 0.488308 0.231281 0.345332 0.391202 0.420721 0.095140 0.355071 0.040035 0.040018 0.020272 0.040314 0.020281 0.040018 0.040053 0.040051 0.092265 -9999.0 -9999.0 -9999.0 -9999.0
-9999.0 -9999.0 -9999.0 -9999.0 -9999.0 -9999.0 -9999.0 -9999.0 -9999.0 -9999.0 0.046290 0.050497 0.045346 0.040807 0.130730 0.053799 0.087659 0.338578 0.075756 0.118600 0.198843 0.077638 0.079349 0.041424 0.041746 0.050542 0.455266 0.520000 0.519298 0.040124 0.040081 0.040059 0.040047 0.041146 0.041668 0.081731 0.514651 0.403671 0.092825 0.045751 0.044104 0.512213 0.520000 0.058617 0.110416 0.152490 0.184511 0.353582 0.284932 0.308392 0.040087 0.040033 0.020355 0.020264 0.040319 0.040367 0.041293 0.040350 0.040707 0.063748 -9999.0 -9999.0 -9999.0
-9999.0 -9999.0 -9999.0 -9999.0 -9999.0 -9999.0 -9999.0 -9999.0 -9999.0 -9999.0 0.040612 0.042415 0.514683 0.064656 0.520000 0.165812 0.119755 0.110742 0.082640 0.073508 0.077846 0.097834 0.066736 0.049660 0.055846 0.520000 0.460096 0.128204 0.040217 0.040058 0.049256 0.044137 0.020053 0.041121 0.047330 0.493876 0.040432 0.040179 0.040293 0.042205 0.042271 0.158751 0.040069 0.508759 0.516999 0.043744 0.081605 0.113217 0.164509 0.365490 0.162755 0.040537 0.040033 0.020344 0.020222 0.020285 0.040439 0.041090 0.520000 0.520000 -9999.0 -9999.0 -9999.0
-9999.0 -9999.0 -9999.0 -9999.0 -9999.0 -9999.0 -9999.0 -9999.0 0.042077 0.046344 0.041691 0.042627 0.040068 0.043098 0.053350 0.277290 0.083271 0.081031 0.083169 0.071606 0.073030 0.074198 0.078544 0.096313 0.398972 0.368790 0.406754 0.040945 0.040524 0.040065 0.020037 0.047301 0.042264 0.041357 0.041030 0.069732 0.520000 0.043161 0.040047 0.030358 0.143341 0.454426 0.020100 0.070730 0.185824 0.516582 0.040053 0.044411 0.136545 0.418597 0.518056 0.041248 0.040028 0.040015 0.020325 0.040460 0.021713 0.517019 0.516546 0.214565 -9999.0 -9999.0 -9999.0
-9999.0 -9999.0 -9999.0 -9999.0 -9999.0 -9999.0 -9999.0 -9999.0 0.020068 0.040048 0.040121 0.042084 0.047480 0.040139 0.040674 0.140419 0.105537 0.090944 0.072766 0.071557 0.148493 0.091801 0.086425 0.070340 0.078473 0.145805 0.357289 0.043993 0.020073 0.042191 0.040945 0.082724 0.041120 0.121118 0.045335 0.509846 0.520000 0.072999 0.041379 0.491459 0.042531 0.040022 0.131361 0.121485 0.508259 0.040604 0.020072 0.284676 0.046968 0.355434 0.474682 0.050167 0.040030 0.040772 0.043628 0.020193 0.041012 0.083353 0.461314 0.252067 0.076842 -9999.0 -9999.0
-9999.0 -9999.0 -9999.0 -9999.0 -9999.0 -9999.0 -9999.0 -9999.0 0.049712 0.072440 0.041050 0.040052 0.042133 0.020119 0.042259 0.041160 0.194477 0.116791 0.073519 0.141151 0.071052 0.077439 0.078716 0.072629 0.131601 0.096226 0.367677 0.040243 0.020040 0.047219 0.136964 0.077379 0.040492 0.040557 0.514539 0.520000 0.065142 0.520000 0.052710 0.040080 0.042443 0.148615 0.491561 0.056063 0.040162 0.124307 0.026885 0.045627 0.040388 0.092831 0.332659 0.515816 0.040067 0.040034 0.040393 0.042172 0.520000 0.451953 0.196616 0.265815 0.189605 -9999.0 -9999.0
-9999.0 -9999.0 -9999.0 -9999.0 -9999.0 -9999.0 -9999.0 -9999.0 0.020966 0.098624 0.040162 0.020063 0.185606 0.040685 0.042584 0.312504 0.076043 0.074678 0.178081 0.073647 0.072542 0.072662 0.084181 0.074835 0.092263 0.222555 0.052728 0.040079 0.514192 0.040094 0.040901 0.043449 0.081728 0.042618 0.047526 0.515678 0.402473 0.093949 0.385425 0.045669 0.514108 0.514674 0.429972 0.184860 0.132302 0.145218 0.490823 0.157396 0.083333 0.042448 0.112001 0.331031 0.480093 0.040471 0.520000 0.520000 0.328737 0.192809 0.126685 0.198254 0.216981 0.173996 -9999.0
-9999.0 -9999.0 -9999.0 -9999.0 -9999.0 -9999.0 -9999.0 -9999.0 0.040395 0.041704 0.040109 0.040132 0.040898 0.040683 0.520000 0.349281 0.364007 0.108423 0.184992 0.089943 0.077920 0.077453 0.074347 0.075147 0.143457 0.176952 0.040371 0.057356 0.135005 0.044568 0.043653 0.383370 0.520000 0.428773 0.512629 0.362252 0.175077 0.079118 0.076566 0.430886 0.481270 0.332940 0.508863 0.112518 0.042649 0.516762 0.044807 0.040831 0.047885 0.249753 0.432931 0.162415 0.264631 0.347598 0.520000 0.520000 0.354776 0.270026 0.240845 0.184707 0.104381 0.186521 -9999.0
-9999.0 -9999.0 0.048414 0.182835 0.040032 0.040667 0.040048 0.040024 0.041582 0.044998 0.040056 0.040360 0.049340 0.080032 0.460086 0.511232 0.088480 0.040241 0.044765 0.170348 0.090618 0.087403 0.194195 0.074318 0.079701 0.098420 0.142965 0.187228 0.207042 0.485554 0.084578 0.246011 0.336370 0.109775 0.215652 0.087025 0.082126 0.074393 0.075187 0.078431 0.114942 0.215974 0.139700 0.357347 0.144914 0.232593 0.458494 0.314105 0.318568 0.287002 0.141625 0.194630 0.315337 0.354823 0.417236 0.386451 0.342784 0.277976 0.275309 0.131177 0.300993 0.206786 -9999.0
-9999.0 0.040103 0.040062 0.040054 0.040707 0.040070 0.040191 0.040093 0.040039 0.041442 0.040477 0.040796 0.185058 0.520000 0.520000 0.043582 0.040761 0.040573 0.040819 0.100076 0.096043 0.088195 0.321610 0.129081 0.075889 0.078749 0.115235 0.147935 0.108767 0.239593 0.125447 0.130675 0.158267 0.184037 0.074360 0.078339 0.072348 0.072140 0.076134 0.092122 0.074190 0.074354 0.085903 0.080824 0.086047 0.083372 0.189663 0.076141 0.077148 0.111733 0.210249 0.281663 0.343740 0.398442 0.409170 0.520000 0.394616 0.367101 0.520000 0.442063 0.339287 0.211454 -9999.0
-9999.0 0.520000 0.041155 0.041045 0.519057 0.040852 0.040047 0.040056 0.041414 0.041194 0.040154 0.040245 0.332202 0.520000 0.048447 0.040053 0.040112 0.040317 0.041393 0.081383 0.509049 0.253151 0.153133 0.326812 0.268641 0.152057 0.074116 0.073463 0.114421 0.073189 0.072520 0.072924 0.122544 0.109868 0.118612 0.079532 0.122879 0.109411 0.071710 0.071420 0.071532 0.073723 0.070835 0.072230 0.071457 0.071384 0.081745 0.108926 0.127214 0.165539 0.236462 0.226550 0.339418 0.520000 0.520000 0.059042 0.050374 0.051143 0.056267 0.046096 0.063495 -9999.0 -9999.0
-9999.0 0.515989 0.040518 0.041124 0.414721 0.520000 0.519142 0.040114 0.040541 0.040499 0.040698 0.073065 0.493473 0.520000 0.040136 0.040035 0.040063 0.040534 0.040122 0.041099 0.047474 0.061373 0.188749 0.313368 0.298282 0.201720 0.180208 0.164610 0.073487 0.104448 0.071618 0.071109 0.106875 0.100297 0.082189 0.073843 0.073205 0.105570 0.072378 0.071790 0.071699 0.117580 0.073956 0.069460 0.069740 0.088540 0.097289 0.137692 0.192697 0.123920 0.285403 0.461189 0.070374 0.135262 0.045547 0.040213 0.040197 0.040110 0.040136 -9999.0 -9999.0 -9999.0 -9999.0
