erum2020/resources/simulation/Vinschgau/output-maps/thetaiceL0005N0250.asc
ncols         63
nrows         48
xllcorner     598000.000000
yllcorner     5145000.000000
cellsize      1000.000000
NODATA_value  -9999.0
[rows 0 to 28 of 48, columns 0 to 62 of 63]
-9999.0 -9999.0 -9999.0 -9999.0 -9999.0 -9999.0 -9999.0 -9999.0 -9999.0 -9999.0 -9999.0 -9999.0 -9999.0 -9999.0 -9999.0 -9999.0 -9999.0 -9999.0 -9999.0 -9999.0 -9999.0 -9999.0 -9999.0 -9999.0 -9999.0 -9999.0 -9999.0 -9999.0 -9999.0 -9999.0 -9999.0 -9999.0 -9999.0 -9999.0 -9999.0 -9999.0 -9999.0 -9999.0 -9999.0 -9999.0 -9999.0 -9999.0 -9999.0 -9999.0 -9999.0 -9999.0 -9999.0 -9999.0 -9999.0 -9999.0 -9999.0 -9999.0 -9999.0 -9999.0 -9999.0 -9999.0 -9999.0 -9999.0 -9999.0 -9999.0 -9999.0 -9999.0 -9999.0
-9999.0 -9999.0 -9999.0 -9999.0 -9999.0 -9999.0 -9999.0 -9999.0 -9999.0 -9999.0 -9999.0 -9999.0 -9999.0 -9999.0 -9999.0 -9999.0 -9999.0 -9999.0 -9999.0 -9999.0 -9999.0 -9999.0 -9999.0 -9999.0 -9999.0 -9999.0 -9999.0 0.019966 0.097636 0.019919 0.083263 0.019941 0.019940 -9999.0 -9999.0 -9999.0 -9999.0 -9999.0 -9999.0 -9999.0 -9999.0 -9999.0 -9999.0 -9999.0 -9999.0 -9999.0 -9999.0 -9999.0 -9999.0 -9999.0 -9999.0 -9999.0 -9999.0 -9999.0 -9999.0 -9999.0 -9999.0 -9999.0 -9999.0 -9999.0 -9999.0 -9999.0 -9999.0
-9999.0 -9999.0 -9999.0 -9999.0 -9999.0 -9999.0 -9999.0 -9999.0 -9999.0 -9999.0 -9999.0 -9999.0 -9999.0 -9999.0 -9999.0 -9999.0 -9999.0 -9999.0 -9999.0 -9999.0 -9999.0 -9999.0 -9999.0 -9999.0 0.173392 0.181331 0.211400 0.190279 0.200729 0.071493 0.084375 -9999.0 -9999.0 -9999.0 -9999.0 -9999.0 -9999.0 -9999.0 -9999.0 -9999.0 -9999.0 -9999.0 -9999.0 -9999.0 -9999.0 -9999.0 -9999.0 -9999.0 -9999.0 -9999.0 -9999.0 -9999.0 -9999.0 -9999.0 -9999.0 -9999.0 -9999.0 -9999.0 -9999.0 -9999.0 -9999.0 -9999.0 -9999.0
-9999.0 -9999.0 -9999.0 -9999.0 -9999.0 -9999.0 -9999.0 -9999.0 -9999.0 -9999.0 -9999.0 -9999.0 -9999.0 -9999.0 -9999.0 -9999.0 -9999.0 -9999.0 -9999.0 -9999.0 -9999.0 -9999.0 -9999.0 0.187211 0.210359 0.363956 0.368180 0.360090 0.365432 0.070672 0.129771 0.087742 -9999.0 -9999.0 -9999.0 -9999.0 -9999.0 -9999.0 -9999.0 -9999.0 -9999.0 -9999.0 -9999.0 -9999.0 -9999.0 -9999.0 -9999.0 -9999.0 -9999.0 -9999.0 -9999.0 -9999.0 -9999.0 -9999.0 -9999.0 -9999.0 -9999.0 -9999.0 -9999.0 -9999.0 -9999.0 -9999.0 -9999.0
-9999.0 -9999.0 -9999.0 -9999.0 -9999.0 -9999.0 -9999.0 -9999.0 -9999.0 -9999.0 -9999.0 -9999.0 -9999.0 -9999.0 -9999.0 -9999.0 -9999.0 -9999.0 0.368443 0.349349 -9999.0 0.192642 0.242218 0.364243 0.389986 0.364144 0.268030 0.259955 0.389913 0.355460 0.072956 0.118727 0.019929 0.019973 -9999.0 -9999.0 -9999.0 -9999.0 -9999.0 -9999.0 -9999.0 -9999.0 -9999.0 -9999.0 -9999.0 -9999.0 -9999.0 -9999.0 -9999.0 -9999.0 -9999.0 -9999.0 -9999.0 -9999.0 -9999.0 -9999.0 -9999.0 -9999.0 -9999.0 -9999.0 -9999.0 -9999.0 -9999.0
-9999.0 -9999.0 -9999.0 -9999.0 -9999.0 -9999.0 -9999.0 -9999.0 -9999.0 -9999.0 -9999.0 -9999.0 -9999.0 -9999.0 -9999.0 -9999.0 -9999.0 0.385793 0.368639 0.000120 0.019841 0.284020 0.348452 0.217259 0.379735 0.254732 0.230112 0.164177 0.235637 0.253249 0.317596 0.071740 0.019768 0.019880 0.019990 0.019918 -9999.0 -9999.0 -9999.0 -9999.0 -9999.0 -9999.0 -9999.0 -9999.0 -9999.0 -9999.0 -9999.0 -9999.0 -9999.0 -9999.0 -9999.0 -9999.0 -9999.0 -9999.0 -9999.0 -9999.0 -9999.0 -9999.0 -9999.0 -9999.0 -9999.0 -9999.0 -9999.0
-9999.0 -9999.0 -9999.0 -9999.0 -9999.0 -9999.0 -9999.0 -9999.0 -9999.0 -9999.0 -9999.0 -9999.0 -9999.0 0.068187 0.342927 0.362517 0.359726 0.019584 0.384905 0.350117 0.369580 0.388491 0.364971 0.389987 0.195314 0.199607 0.018286 0.049575 0.053383 0.174748 0.161734 0.225928 0.080847 0.085570 0.019915 0.019916 -9999.0 -9999.0 -9999.0 -9999.0 -9999.0 -9999.0 -9999.0 -9999.0 -9999.0 -9999.0 -9999.0 -9999.0 -9999.0 -9999.0 -9999.0 -9999.0 -9999.0 -9999.0 -9999.0 -9999.0 -9999.0 -9999.0 -9999.0 -9999.0 -9999.0 -9999.0 -9999.0
-9999.0 -9999.0 -9999.0 -9999.0 -9999.0 -9999.0 -9999.0 -9999.0 -9999.0 -9999.0 -9999.0 -9999.0 -9999.0 0.311484 0.389963 0.360244 0.360142 0.367713 0.019504 0.362014 0.372602 0.252459 0.389989 0.293284 0.301242 0.055286 0.098963 0.019915 0.019914 0.071181 0.194134 0.078330 0.019917 0.019916 0.019915 -9999.0 -9999.0 -9999.0 -9999.0 -9999.0 -9999.0 -9999.0 -9999.0 -9999.0 -9999.0 -9999.0 -9999.0 -9999.0 -9999.0 -9999.0 -9999.0 -9999.0 -9999.0 -9999.0 -9999.0 -9999.0 -9999.0 -9999.0 -9999.0 -9999.0 -9999.0 -9999.0 -9999.0
-9999.0 -9999.0 -9999.0 -9999.0 -9999.0 -9999.0 -9999.0 -9999.0 -9999.0 -9999.0 -9999.0 -9999.0 -9999.0 0.313885 0.389980 0.364055 0.361706 0.361596 0.019533 0.354372 0.353473 0.013658 0.253927 0.228769 0.163491 0.150202 0.019930 0.019918 0.131218 0.019917 0.076780 0.019918 0.019918 0.019921 0.019918 -9999.0 -9999.0 -9999.0 -9999.0 -9999.0 -9999.0 -9999.0 -9999.0 -9999.0 -9999.0 -9999.0 -9999.0 -9999.0 -9999.0 -9999.0 -9999.0 -9999.0 -9999.0 -9999.0 -9999.0 -9999.0 -9999.0 -9999.0 -9999.0 -9999.0 -9999.0 -9999.0 -9999.0
-9999.0 -9999.0 -9999.0 -9999.0 -9999.0 -9999.0 -9999.0 -9999.0 -9999.0 -9999.0 -9999.0 -9999.0 0.147928 0.389965 0.389930 0.196002 0.355177 0.362554 0.379163 0.000014 0.213486 0.184098 0.015708 0.190296 0.277979 0.078082 0.191640 0.091403 0.068859 0.019919 0.075781 0.019965 0.119118 0.019916 -9999.0 -9999.0 -9999.0 -9999.0 -9999.0 -9999.0 -9999.0 -9999.0 -9999.0 -9999.0 -9999.0 -9999.0 -9999.0 -9999.0 -9999.0 -9999.0 -9999.0 -9999.0 -9999.0 -9999.0 -9999.0 -9999.0 -9999.0 -9999.0 -9999.0 -9999.0 -9999.0 -9999.0 -9999.0
-9999.0 -9999.0 -9999.0 -9999.0 -9999.0 -9999.0 -9999.0 -9999.0 -9999.0 -9999.0 -9999.0 0.206475 0.277206 0.363800 0.182892 0.245938 0.016292 0.362917 0.329633 0.000050 0.372450 0.330574 0.081078 0.078077 0.062060 0.072609 0.077514 0.075506 0.211414 0.019918 0.019978 0.115850 0.019923 0.019912 0.019880 0.019849 0.060450 0.131331 0.058231 -9999.0 -9999.0 -9999.0 0.019940 -9999.0 -9999.0 -9999.0 -9999.0 -9999.0 -9999.0 -9999.0 -9999.0 -9999.0 -9999.0 -9999.0 -9999.0 -9999.0 -9999.0 -9999.0 -9999.0 -9999.0 -9999.0 -9999.0 -9999.0
-9999.0 -9999.0 -9999.0 -9999.0 -9999.0 -9999.0 -9999.0 -9999.0 -9999.0 -9999.0 -9999.0 0.230383 0.193757 0.279031 0.326824 0.084036 0.219992 0.357873 0.333894 0.363270 0.389986 0.346696 0.188437 0.224033 0.234311 0.073881 0.068195 0.075417 0.019989 0.019915 0.071789 0.068459 0.065835 0.090989 0.096372 0.061588 0.199615 0.195839 0.312125 0.019822 0.019782 0.019865 0.086338 0.019938 -9999.0 -9999.0 -9999.0 0.363251 0.116313 0.019949 0.071523 0.019941 0.019955 0.354327 0.347824 0.019960 -9999.0 -9999.0 -9999.0 -9999.0 -9999.0 -9999.0 -9999.0
-9999.0 -9999.0 -9999.0 -9999.0 -9999.0 -9999.0 -9999.0 -9999.0 -9999.0 -9999.0 -9999.0 0.226710 0.224055 0.073054 0.312224 0.079361 0.316795 0.370316 0.389968 0.345434 0.362898 0.159244 0.286476 0.199387 0.070646 0.019916 0.271848 0.072550 0.019916 0.078950 0.019913 0.068831 0.156189 0.092278 0.019894 0.112384 0.246531 0.100287 0.092901 0.020092 0.214221 0.050156 0.199920 0.066915 0.087031 -9999.0 0.019911 0.109370 0.066263 0.155065 0.056513 0.019732 0.116000 0.342627 0.134378 0.322266 -9999.0 -9999.0 -9999.0 -9999.0 -9999.0 -9999.0 -9999.0
-9999.0 -9999.0 -9999.0 -9999.0 -9999.0 -9999.0 -9999.0 -9999.0 -9999.0 -9999.0 -9999.0 -9999.0 0.232250 0.302923 0.306523 0.268984 0.228442 0.361609 0.365633 0.345762 0.371711 0.151852 0.232295 0.287249 0.221817 0.277977 0.371806 0.019912 0.074130 0.019976 0.068251 0.212074 0.025522 0.091477 0.062974 0.073470 0.232820 0.246075 0.106706 0.107101 0.270831 0.019619 0.316217 0.354559 0.019965 0.121806 0.019967 0.100008 0.072159 0.175079 0.350112 0.240609 0.321686 0.354534 0.244776 0.250019 0.238810 -9999.0 -9999.0 -9999.0 -9999.0 -9999.0 -9999.0
-9999.0 -9999.0 -9999.0 -9999.0 -9999.0 -9999.0 -9999.0 -9999.0 -9999.0 -9999.0 -9999.0 0.320396 0.207102 0.019960 0.311237 0.322668 0.343467 0.360340 0.389973 0.005091 0.358521 0.380054 0.348745 0.157024 0.280947 0.354396 0.311573 0.069476 0.069894 0.019911 0.253459 0.212774 0.240985 0.083393 0.079369 0.085262 0.080634 0.097920 0.264977 0.097622 0.108351 0.341022 0.345485 0.001448 0.355618 0.089905 0.061427 0.019852 0.019834 0.024689 0.020058 0.067882 0.227991 0.020076 0.019893 0.019911 0.019945 -9999.0 -9999.0 -9999.0 -9999.0 -9999.0 -9999.0
-9999.0 -9999.0 -9999.0 -9999.0 -9999.0 -9999.0 -9999.0 -9999.0 -9999.0 -9999.0 0.322775 0.288701 0.313560 0.166278 0.350569 0.346839 0.223659 0.203851 0.361465 0.228415 0.365383 0.362300 0.125799 0.360181 0.337898 0.323722 0.066494 0.020026 0.062295 0.307674 0.354213 0.208518 0.070867 0.086228 0.019914 0.019937 0.140886 0.234093 0.175472 0.263306 0.054157 0.017531 0.020011 0.363077 0.353944 0.019905 0.061838 0.143452 0.362035 0.348598 0.019729 0.019908 0.019901 0.019913 0.019914 0.197289 0.260173 -9999.0 -9999.0 -9999.0 -9999.0 -9999.0 -9999.0
-9999.0 -9999.0 -9999.0 -9999.0 -9999.0 -9999.0 -9999.0 -9999.0 -9999.0 0.060478 0.342890 0.331499 0.351612 0.291138 0.356911 0.208295 0.226851 0.356121 0.362633 0.003466 0.340711 0.309927 0.270590 0.363416 0.325666 0.065486 0.295183 0.331902 0.255446 0.353010 0.332080 0.019794 0.019913 0.019917 0.019915 0.019908 0.057459 0.230599 0.232831 0.212345 0.295324 0.230694 0.070281 0.255677 0.380185 0.246364 0.371186 0.076660 0.051774 0.363188 0.017262 0.019974 0.019914 0.019910 0.019938 0.081017 0.346979 0.029093 0.019733 -9999.0 -9999.0 -9999.0 -9999.0
-9999.0 -9999.0 -9999.0 -9999.0 -9999.0 -9999.0 -9999.0 -9999.0 -9999.0 0.025231 0.061025 0.081776 0.389973 0.299624 0.337772 0.289009 0.365924 0.245013 0.366795 0.001489 0.001394 0.000702 0.357654 0.353483 0.070718 0.276341 0.340367 0.349690 0.389968 0.278072 0.063597 0.068524 0.073396 0.101472 0.069481 0.019906 0.019932 0.019891 0.083130 0.055030 0.314882 0.070116 0.276958 0.331908 0.122104 0.169054 0.234975 0.369669 0.340088 0.352699 0.019928 0.079164 0.019907 0.077734 0.019911 0.355658 0.206036 0.225014 0.020544 -9999.0 -9999.0 -9999.0 -9999.0
-9999.0 -9999.0 -9999.0 -9999.0 -9999.0 -9999.0 -9999.0 -9999.0 -9999.0 -9999.0 0.079955 0.054481 0.237613 0.364006 0.139082 0.325910 0.267623 0.389971 0.000911 0.001666 0.363594 0.369045 0.331669 0.209239 0.259056 0.339540 0.389980 0.265065 0.060723 0.220237 0.066837 0.304320 0.073967 0.073098 0.073581 0.261398 0.344891 0.297941 0.019983 0.080313 0.082439 0.185993 0.179422 0.073803 0.060420 0.202735 0.380956 0.368829 0.203612 0.376990 0.018774 0.017815 0.019961 0.019906 0.250273 0.076911 0.249282 0.360273 0.366018 0.376664 -9999.0 -9999.0 -9999.0
-9999.0 -9999.0 -9999.0 -9999.0 -9999.0 -9999.0 -9999.0 -9999.0 -9999.0 -9999.0 0.093961 0.076934 0.227095 0.347890 0.363983 0.389980 0.318380 0.361408 0.000073 0.000608 0.057292 0.365160 0.356020 0.235612 0.316171 0.389958 0.010544 0.357986 0.239564 0.069063 0.072512 0.232121 0.019860 0.071004 0.072688 0.211053 0.286851 0.166561 0.070152 0.076372 0.096775 0.019964 0.233658 0.076206 0.284896 0.020757 0.161894 0.063345 0.297650 0.379572 0.378888 0.059250 0.223534 0.019958 0.020004 0.019947 0.078241 0.217374 0.389960 0.373625 -9999.0 -9999.0 -9999.0
-9999.0 -9999.0 -9999.0 -9999.0 -9999.0 -9999.0 -9999.0 -9999.0 0.326275 0.145612 0.021918 0.226473 0.203011 0.177304 0.284454 0.289885 0.309864 0.000000 0.000000 0.000000 0.000012 0.000457 0.105659 0.356815 0.378233 0.000614 0.377980 0.244142 0.239706 0.067815 0.019917 0.077864 0.080939 0.079347 0.095040 0.070328 0.054642 0.202391 0.075797 0.019982 0.019908 0.216717 0.020076 0.019912 0.019873 0.170634 0.071384 0.204503 0.382599 0.367370 0.389983 0.057963 0.198873 0.079045 0.019934 0.137932 0.032690 0.367557 0.372647 0.001215 -9999.0 -9999.0 -9999.0
-9999.0 -9999.0 -9999.0 -9999.0 -9999.0 -9999.0 -9999.0 -9999.0 0.019627 0.276885 0.080324 0.065880 0.087455 0.259625 0.243238 0.364880 0.389965 0.372789 0.000000 0.000000 0.000000 0.000000 0.000029 0.000529 0.000291 0.000487 0.366270 0.181985 0.020071 0.074160 0.106042 0.019868 0.074641 0.019969 0.158451 0.165926 0.104022 0.340770 0.076484 0.061855 0.070523 0.019917 0.019909 0.065865 0.220763 0.236231 0.020026 0.083454 0.053115 0.389977 0.389735 0.295919 0.239311 0.342929 0.063903 0.013780 0.209259 0.375390 0.291439 0.000000 0.000000 -9999.0 -9999.0
-9999.0 -9999.0 -9999.0 -9999.0 -9999.0 -9999.0 -9999.0 -9999.0 0.059927 0.070096 0.234297 0.070857 0.214629 0.019819 0.346462 0.076370 0.376154 0.389943 0.000000 0.000000 0.000000 0.000000 0.000000 0.000301 0.000000 0.360999 0.389986 0.287530 0.019406 0.063611 0.019866 0.214525 0.223456 0.017413 0.170258 0.287547 0.056109 0.332726 0.072685 0.074500 0.091880 0.019982 0.166789 0.248023 0.237817 0.213605 0.019944 0.263302 0.244506 0.383212 0.204260 0.389975 0.100325 0.079469 0.373405 0.389969 0.389888 0.287727 0.000000 0.000000 0.000000 -9999.0 -9999.0
-9999.0 -9999.0 -9999.0 -9999.0 -9999.0 -9999.0 -9999.0 -9999.0 0.019913 0.066703 0.364199 0.017576 0.343589 0.362411 0.067650 0.389983 0.002988 0.000000 0.342694 0.000000 0.000000 0.000000 0.000000 0.000000 0.360674 0.389971 0.350840 0.156260 0.359075 0.343689 0.077131 0.056815 0.060492 0.353894 0.017822 0.077950 0.075820 0.389980 0.071543 0.070188 0.063348 0.069496 0.075287 0.019828 0.178819 0.019872 0.101441 0.019811 0.182802 0.079311 0.389979 0.212141 0.389943 0.389932 0.389856 0.383570 0.202603 0.000028 0.000000 0.000000 0.019398 0.383483 -9999.0
-9999.0 -9999.0 -9999.0 -9999.0 -9999.0 -9999.0 -9999.0 -9999.0 0.243920 0.181746 0.360814 0.241358 0.355734 0.389988 0.384875 0.245356 0.365594 0.362369 0.389984 0.374546 0.000043 0.000000 0.000000 0.000000 0.386766 0.389976 0.273010 0.342590 0.356332 0.374750 0.246004 0.385277 0.375040 0.362049 0.077595 0.075380 0.257656 0.389970 0.376755 0.205713 0.070720 0.012371 0.296325 0.028445 0.076747 0.122012 0.073796 0.351806 0.269008 0.374917 0.376033 0.384356 0.280171 0.383034 0.379568 0.278405 0.004023 0.000000 0.000158 0.087638 0.389746 0.374481 -9999.0
-9999.0 -9999.0 0.019708 0.199469 0.223444 0.187530 0.231334 0.202923 0.190600 0.168705 0.201352 0.368114 0.389972 0.389966 0.006609 0.369960 0.382001 0.233738 0.184556 0.389972 0.381497 0.000000 0.000000 0.000000 0.093772 0.389965 0.389986 0.389986 0.389970 0.389973 0.345897 0.362462 0.389252 0.389989 0.389978 0.389989 0.389951 0.380233 0.382100 0.360020 0.304398 0.381229 0.385504 0.389983 0.279567 0.360821 0.389975 0.389984 0.362542 0.297833 0.151140 0.093628 0.000000 0.128002 0.313967 0.000000 0.368761 0.375595 0.389924 0.389963 0.368222 0.356637 -9999.0
-9999.0 0.320709 0.329237 0.267693 0.218581 0.347897 0.197504 0.240274 0.230654 0.078845 0.197225 0.356967 0.389975 0.368212 0.389952 0.276826 0.175600 0.224970 0.345550 0.389974 0.384548 0.002779 0.000000 0.000000 0.000000 0.004000 0.000360 0.000408 0.136493 0.306187 0.324519 0.389965 0.389952 0.001498 0.235014 0.047444 0.003003 0.000027 0.001914 0.098557 0.207088 0.169440 0.241060 0.389985 0.389935 0.389980 0.156893 0.008048 0.000213 0.000054 0.010674 0.159461 0.368241 0.379986 0.380385 0.389955 0.388841 0.385552 0.384560 0.387450 0.358939 0.355722 -9999.0
-9999.0 0.176180 0.359078 0.356936 0.364735 0.355194 0.303435 0.213482 0.199036 0.019876 0.172120 0.355164 0.389957 0.389930 0.384067 0.236452 0.078619 0.203255 0.361738 0.389974 0.389708 0.362394 0.085215 0.195431 0.000000 0.000000 0.000000 0.000000 0.000000 0.000000 0.000000 0.000002 0.060519 0.003542 0.000000 0.000035 0.000000 0.000000 0.000000 0.000000 0.000000 0.000028 0.000147 0.001342 0.000000 0.000000 0.000000 0.000000 0.000000 0.000035 0.375573 0.389983 0.389436 0.389901 0.389979 0.388982 0.389785 0.277483 0.246357 0.352298 0.332821 -9999.0 -9999.0
-9999.0 0.021091 0.197515 0.389977 0.389979 0.375993 0.364480 0.320056 0.209675 0.231996 0.362377 0.389968 0.389843 0.364767 0.357475 0.245270 0.241582 0.216829 0.231785 0.389980 0.362058 0.389985 0.368115 0.038189 0.000000 0.000000 0.000000 0.000000 0.000000 0.000000 0.000000 0.000000 0.000000 0.000171 0.000000 0.000000 0.000000 0.000000 0.000000 0.000000 0.000000 0.000000 0.000000 0.000000 0.000000 0.000000 0.000003 0.000547 0.316172 0.143962 0.389983 0.298569 0.369855 0.389123 0.275929 0.284548 0.322603 0.358307 0.359443 -9999.0 -9999.0 -9999.0 -9999.0
