erum2020/resources/simulation/Vinschgau/output-maps/thetaliqL0003N0601.asc
ncols         63
nrows         48
xllcorner     598000.000000
yllcorner     5145000.000000
cellsize      1000.000000
NODATA_value  -9999.0
[rows 0 to 28 of 48, columns 0 to 62 of 63]
-9999.0 -9999.0 -9999.0 -9999.0 -9999.0 -9999.0 -9999.0 -9999.0 -9999.0 -9999.0 -9999.0 -9999.0 -9999.0 -9999.0 -9999.0 -9999.0 -9999.0 -9999.0 -9999.0 -9999.0 -9999.0 -9999.0 -9999.0 -9999.0 -9999.0 -9999.0 -9999.0 -9999.0 -9999.0 -9999.0 -9999.0 -9999.0 -9999.0 -9999.0 -9999.0 -9999.0 -9999.0 -9999.0 -9999.0 -9999.0 -9999.0 -9999.0 -9999.0 -9999.0 -9999.0 -9999.0 -9999.0 -9999.0 -9999.0 -9999.0 -9999.0 -9999.0 -9999.0 -9999.0 -9999.0 -9999.0 -9999.0 -9999.0 -9999.0 -9999.0 -9999.0 -9999.0 -9999.0
-9999.0 -9999.0 -9999.0 -9999.0 -9999.0 -9999.0 -9999.0 -9999.0 -9999.0 -9999.0 -9999.0 -9999.0 -9999.0 -9999.0 -9999.0 -9999.0 -9999.0 -9999.0 -9999.0 -9999.0 -9999.0 -9999.0 -9999.0 -9999.0 -9999.0 -9999.0 -9999.0 0.126039 0.520000 0.117058 0.520000 0.520000 0.520000 -9999.0 -9999.0 -9999.0 -9999.0 -9999.0 -9999.0 -9999.0 -9999.0 -9999.0 -9999.0 -9999.0 -9999.0 -9999.0 -9999.0 -9999.0 -9999.0 -9999.0 -9999.0 -9999.0 -9999.0 -9999.0 -9999.0 -9999.0 -9999.0 -9999.0 -9999.0 -9999.0 -9999.0 -9999.0 -9999.0
-9999.0 -9999.0 -9999.0 -9999.0 -9999.0 -9999.0 -9999.0 -9999.0 -9999.0 -9999.0 -9999.0 -9999.0 -9999.0 -9999.0 -9999.0 -9999.0 -9999.0 -9999.0 -9999.0 -9999.0 -9999.0 -9999.0 -9999.0 -9999.0 0.520000 0.520000 0.520000 0.520000 0.520000 0.520000 0.520000 -9999.0 -9999.0 -9999.0 -9999.0 -9999.0 -9999.0 -9999.0 -9999.0 -9999.0 -9999.0 -9999.0 -9999.0 -9999.0 -9999.0 -9999.0 -9999.0 -9999.0 -9999.0 -9999.0 -9999.0 -9999.0 -9999.0 -9999.0 -9999.0 -9999.0 -9999.0 -9999.0 -9999.0 -9999.0 -9999.0 -9999.0 -9999.0
-9999.0 -9999.0 -9999.0 -9999.0 -9999.0 -9999.0 -9999.0 -9999.0 -9999.0 -9999.0 -9999.0 -9999.0 -9999.0 -9999.0 -9999.0 -9999.0 -9999.0 -9999.0 -9999.0 -9999.0 -9999.0 -9999.0 -9999.0 0.520000 0.520000 0.194635 0.153444 0.139462 0.302810 0.520000 0.520000 0.520000 -9999.0 -9999.0 -9999.0 -9999.0 -9999.0 -9999.0 -9999.0 -9999.0 -9999.0 -9999.0 -9999.0 -9999.0 -9999.0 -9999.0 -9999.0 -9999.0 -9999.0 -9999.0 -9999.0 -9999.0 -9999.0 -9999.0 -9999.0 -9999.0 -9999.0 -9999.0 -9999.0 -9999.0 -9999.0 -9999.0 -9999.0
-9999.0 -9999.0 -9999.0 -9999.0 -9999.0 -9999.0 -9999.0 -9999.0 -9999.0 -9999.0 -9999.0 -9999.0 -9999.0 -9999.0 -9999.0 -9999.0 -9999.0 -9999.0 0.520000 0.520000 -9999.0 0.520000 0.520000 0.233401 0.194442 0.100191 0.228730 0.244829 0.154383 0.198411 0.520000 0.520000 0.118578 0.135531 -9999.0 -9999.0 -9999.0 -9999.0 -9999.0 -9999.0 -9999.0 -9999.0 -9999.0 -9999.0 -9999.0 -9999.0 -9999.0 -9999.0 -9999.0 -9999.0 -9999.0 -9999.0 -9999.0 -9999.0 -9999.0 -9999.0 -9999.0 -9999.0 -9999.0 -9999.0 -9999.0 -9999.0 -9999.0
-9999.0 -9999.0 -9999.0 -9999.0 -9999.0 -9999.0 -9999.0 -9999.0 -9999.0 -9999.0 -9999.0 -9999.0 -9999.0 -9999.0 -9999.0 -9999.0 -9999.0 0.171159 0.333705 0.020103 0.117926 0.373666 0.275358 0.164668 0.210012 0.246640 0.293888 0.504070 0.236068 0.380297 0.520000 0.520000 0.040974 0.036451 0.040404 0.048844 -9999.0 -9999.0 -9999.0 -9999.0 -9999.0 -9999.0 -9999.0 -9999.0 -9999.0 -9999.0 -9999.0 -9999.0 -9999.0 -9999.0 -9999.0 -9999.0 -9999.0 -9999.0 -9999.0 -9999.0 -9999.0 -9999.0 -9999.0 -9999.0 -9999.0 -9999.0 -9999.0
-9999.0 -9999.0 -9999.0 -9999.0 -9999.0 -9999.0 -9999.0 -9999.0 -9999.0 -9999.0 -9999.0 -9999.0 -9999.0 0.520000 0.386407 0.249585 0.198882 0.066565 0.182068 0.215824 0.256446 0.180440 0.148091 0.228516 0.287487 0.520000 0.032387 0.520000 0.335349 0.267960 0.520000 0.520000 0.520000 0.520000 0.140244 0.114823 -9999.0 -9999.0 -9999.0 -9999.0 -9999.0 -9999.0 -9999.0 -9999.0 -9999.0 -9999.0 -9999.0 -9999.0 -9999.0 -9999.0 -9999.0 -9999.0 -9999.0 -9999.0 -9999.0 -9999.0 -9999.0 -9999.0 -9999.0 -9999.0 -9999.0 -9999.0 -9999.0
-9999.0 -9999.0 -9999.0 -9999.0 -9999.0 -9999.0 -9999.0 -9999.0 -9999.0 -9999.0 -9999.0 -9999.0 -9999.0 0.520000 0.352262 0.232293 0.240565 0.520000 0.064733 0.168003 0.188159 0.413114 0.341861 0.250655 0.262509 0.409797 0.520000 0.123181 0.138079 0.520000 0.520000 0.520000 0.126230 0.120585 0.132672 -9999.0 -9999.0 -9999.0 -9999.0 -9999.0 -9999.0 -9999.0 -9999.0 -9999.0 -9999.0 -9999.0 -9999.0 -9999.0 -9999.0 -9999.0 -9999.0 -9999.0 -9999.0 -9999.0 -9999.0 -9999.0 -9999.0 -9999.0 -9999.0 -9999.0 -9999.0 -9999.0 -9999.0
-9999.0 -9999.0 -9999.0 -9999.0 -9999.0 -9999.0 -9999.0 -9999.0 -9999.0 -9999.0 -9999.0 -9999.0 -9999.0 0.314246 0.520000 0.238985 0.252891 0.226162 0.064186 0.237047 0.520000 0.026453 0.520000 0.344560 0.365936 0.520000 0.095083 0.120050 0.520000 0.125115 0.520000 0.123631 0.107791 0.142436 0.124216 -9999.0 -9999.0 -9999.0 -9999.0 -9999.0 -9999.0 -9999.0 -9999.0 -9999.0 -9999.0 -9999.0 -9999.0 -9999.0 -9999.0 -9999.0 -9999.0 -9999.0 -9999.0 -9999.0 -9999.0 -9999.0 -9999.0 -9999.0 -9999.0 -9999.0 -9999.0 -9999.0 -9999.0
-9999.0 -9999.0 -9999.0 -9999.0 -9999.0 -9999.0 -9999.0 -9999.0 -9999.0 -9999.0 -9999.0 -9999.0 0.259374 0.520000 0.287587 0.499954 0.410067 0.264187 0.450971 0.020192 0.240965 0.353274 0.520000 0.520000 0.520000 0.520000 0.520000 0.520000 0.520000 0.138494 0.520000 0.128116 0.520000 0.128124 -9999.0 -9999.0 -9999.0 -9999.0 -9999.0 -9999.0 -9999.0 -9999.0 -9999.0 -9999.0 -9999.0 -9999.0 -9999.0 -9999.0 -9999.0 -9999.0 -9999.0 -9999.0 -9999.0 -9999.0 -9999.0 -9999.0 -9999.0 -9999.0 -9999.0 -9999.0 -9999.0 -9999.0 -9999.0
-9999.0 -9999.0 -9999.0 -9999.0 -9999.0 -9999.0 -9999.0 -9999.0 -9999.0 -9999.0 -9999.0 0.520000 0.520000 0.520000 0.455661 0.520000 0.022215 0.356290 0.471360 0.060536 0.402480 0.520000 0.520000 0.520000 0.520000 0.520000 0.520000 0.520000 0.520000 0.149902 0.133126 0.520000 0.128896 0.131713 0.125029 0.122222 0.173615 0.099217 0.091873 -9999.0 -9999.0 -9999.0 0.030939 -9999.0 -9999.0 -9999.0 -9999.0 -9999.0 -9999.0 -9999.0 -9999.0 -9999.0 -9999.0 -9999.0 -9999.0 -9999.0 -9999.0 -9999.0 -9999.0 -9999.0 -9999.0 -9999.0 -9999.0
-9999.0 -9999.0 -9999.0 -9999.0 -9999.0 -9999.0 -9999.0 -9999.0 -9999.0 -9999.0 -9999.0 0.520000 0.520000 0.520000 0.520000 0.520000 0.395049 0.208621 0.461920 0.520000 0.520000 0.520000 0.520000 0.520000 0.520000 0.520000 0.520000 0.520000 0.147225 0.143398 0.520000 0.520000 0.520000 0.520000 0.520000 0.344230 0.070800 0.064236 0.066629 0.087228 0.138787 0.140075 0.520000 0.127177 -9999.0 -9999.0 -9999.0 0.520000 0.520000 0.128823 0.520000 0.132167 0.134684 0.520000 0.520000 0.140909 -9999.0 -9999.0 -9999.0 -9999.0 -9999.0 -9999.0 -9999.0
-9999.0 -9999.0 -9999.0 -9999.0 -9999.0 -9999.0 -9999.0 -9999.0 -9999.0 -9999.0 -9999.0 0.520000 0.520000 0.520000 0.520000 0.520000 0.520000 0.520000 0.520000 0.498540 0.520000 0.520000 0.520000 0.520000 0.520000 0.133430 0.520000 0.520000 0.120149 0.520000 0.127798 0.520000 0.520000 0.520000 0.138874 0.178665 0.080594 0.075065 0.061861 0.022741 0.072534 0.208291 0.366648 0.520000 0.520000 -9999.0 0.128766 0.520000 0.520000 0.520000 0.520000 0.131665 0.520000 0.520000 0.520000 0.520000 -9999.0 -9999.0 -9999.0 -9999.0 -9999.0 -9999.0 -9999.0
-9999.0 -9999.0 -9999.0 -9999.0 -9999.0 -9999.0 -9999.0 -9999.0 -9999.0 -9999.0 -9999.0 -9999.0 0.520000 0.520000 0.520000 0.520000 0.520000 0.520000 0.520000 0.484155 0.520000 0.520000 0.520000 0.520000 0.520000 0.520000 0.520000 0.520000 0.520000 0.124966 0.520000 0.520000 0.520000 0.520000 0.520000 0.163909 0.081778 0.075295 0.061135 0.065121 0.065604 0.092633 0.233588 0.520000 0.119206 0.520000 0.124062 0.520000 0.520000 0.520000 0.520000 0.520000 0.520000 0.520000 0.520000 0.520000 0.520000 -9999.0 -9999.0 -9999.0 -9999.0 -9999.0 -9999.0
-9999.0 -9999.0 -9999.0 -9999.0 -9999.0 -9999.0 -9999.0 -9999.0 -9999.0 -9999.0 -9999.0 0.520000 0.520000 0.520000 0.520000 0.520000 0.520000 0.520000 0.520000 0.385954 0.520000 0.520000 0.520000 0.520000 0.520000 0.520000 0.520000 0.520000 0.520000 0.124577 0.520000 0.520000 0.520000 0.520000 0.520000 0.338757 0.074086 0.076240 0.076184 0.061841 0.085447 0.105418 0.291324 0.059553 0.520000 0.520000 0.520000 0.111298 0.109935 0.520000 0.109909 0.520000 0.520000 0.182385 0.165974 0.132211 0.137861 -9999.0 -9999.0 -9999.0 -9999.0 -9999.0 -9999.0
-9999.0 -9999.0 -9999.0 -9999.0 -9999.0 -9999.0 -9999.0 -9999.0 -9999.0 -9999.0 0.520000 0.520000 0.520000 0.520000 0.520000 0.520000 0.520000 0.520000 0.320031 0.327181 0.520000 0.520000 0.520000 0.520000 0.520000 0.520000 0.520000 0.083484 0.520000 0.520000 0.520000 0.520000 0.520000 0.520000 0.144438 0.132472 0.173697 0.087188 0.090550 0.077705 0.082452 0.071633 0.130010 0.300669 0.520000 0.131126 0.520000 0.520000 0.520000 0.520000 0.098301 0.127975 0.181892 0.155478 0.142265 0.520000 0.520000 -9999.0 -9999.0 -9999.0 -9999.0 -9999.0 -9999.0
-9999.0 -9999.0 -9999.0 -9999.0 -9999.0 -9999.0 -9999.0 -9999.0 -9999.0 0.520000 0.520000 0.520000 0.520000 0.520000 0.520000 0.520000 0.520000 0.520000 0.414868 0.284826 0.478572 0.374497 0.520000 0.517863 0.520000 0.520000 0.520000 0.520000 0.520000 0.520000 0.520000 0.520000 0.136439 0.139075 0.129162 0.131046 0.520000 0.288714 0.259128 0.305370 0.266635 0.362697 0.399389 0.185648 0.336293 0.520000 0.520000 0.497312 0.520000 0.520000 0.520000 0.138198 0.159957 0.150903 0.143682 0.520000 0.520000 0.150195 0.146739 -9999.0 -9999.0 -9999.0 -9999.0
-9999.0 -9999.0 -9999.0 -9999.0 -9999.0 -9999.0 -9999.0 -9999.0 -9999.0 0.520000 0.520000 0.520000 0.520000 0.520000 0.520000 0.520000 0.520000 0.520000 0.378004 0.262033 0.298444 0.281765 0.520000 0.520000 0.520000 0.520000 0.520000 0.520000 0.520000 0.520000 0.520000 0.520000 0.520000 0.520000 0.520000 0.136855 0.137003 0.134637 0.520000 0.520000 0.520000 0.520000 0.294336 0.352003 0.342973 0.240146 0.304859 0.227956 0.360552 0.520000 0.520000 0.520000 0.151312 0.520000 0.184901 0.520000 0.520000 0.520000 0.148522 -9999.0 -9999.0 -9999.0 -9999.0
-9999.0 -9999.0 -9999.0 -9999.0 -9999.0 -9999.0 -9999.0 -9999.0 -9999.0 -9999.0 0.520000 0.520000 0.520000 0.520000 0.520000 0.520000 0.520000 0.520000 0.312774 0.287240 0.359523 0.520000 0.520000 0.520000 0.520000 0.520000 0.520000 0.520000 0.520000 0.520000 0.520000 0.520000 0.520000 0.520000 0.520000 0.520000 0.520000 0.520000 0.148545 0.520000 0.520000 0.520000 0.520000 0.520000 0.520000 0.520000 0.520000 0.520000 0.399085 0.520000 0.520000 0.520000 0.127395 0.133587 0.520000 0.520000 0.520000 0.520000 0.520000 0.520000 -9999.0 -9999.0 -9999.0
-9999.0 -9999.0 -9999.0 -9999.0 -9999.0 -9999.0 -9999.0 -9999.0 -9999.0 -9999.0 0.520000 0.520000 0.520000 0.520000 0.494111 0.434676 0.520000 0.326491 0.219391 0.273419 0.303736 0.377916 0.506284 0.509342 0.520000 0.456646 0.520000 0.520000 0.520000 0.520000 0.520000 0.520000 0.155248 0.520000 0.520000 0.520000 0.520000 0.520000 0.520000 0.520000 0.520000 0.168774 0.520000 0.520000 0.520000 0.520000 0.520000 0.520000 0.520000 0.520000 0.520000 0.520000 0.520000 0.146418 0.150713 0.146614 0.520000 0.520000 0.520000 0.520000 -9999.0 -9999.0 -9999.0
-9999.0 -9999.0 -9999.0 -9999.0 -9999.0 -9999.0 -9999.0 -9999.0 0.520000 0.520000 0.520000 0.520000 0.520000 0.520000 0.520000 0.471102 0.258030 0.226051 0.218919 0.275680 0.276387 0.317352 0.351936 0.282062 0.310251 0.519832 0.520000 0.520000 0.520000 0.520000 0.097687 0.520000 0.520000 0.520000 0.520000 0.520000 0.520000 0.520000 0.520000 0.122106 0.097944 0.520000 0.104293 0.125784 0.106973 0.520000 0.520000 0.520000 0.520000 0.520000 0.520000 0.520000 0.520000 0.520000 0.124457 0.520000 0.125603 0.520000 0.520000 0.520000 -9999.0 -9999.0 -9999.0
-9999.0 -9999.0 -9999.0 -9999.0 -9999.0 -9999.0 -9999.0 -9999.0 0.200000 0.520000 0.520000 0.520000 0.520000 0.520000 0.520000 0.520000 0.433002 0.320797 0.210604 0.266609 0.314206 0.306146 0.421938 0.323443 0.250163 0.520000 0.520000 0.520000 0.108688 0.520000 0.520000 0.041120 0.520000 0.038275 0.520000 0.520000 0.520000 0.520000 0.520000 0.520000 0.520000 0.520000 0.077211 0.520000 0.520000 0.520000 0.131334 0.520000 0.520000 0.520000 0.520000 0.520000 0.520000 0.520000 0.520000 0.082901 0.520000 0.520000 0.520000 0.520000 0.252328 -9999.0 -9999.0
-9999.0 -9999.0 -9999.0 -9999.0 -9999.0 -9999.0 -9999.0 -9999.0 0.520000 0.520000 0.520000 0.520000 0.520000 0.156992 0.520000 0.520000 0.423278 0.263246 0.215555 0.302812 0.275370 0.280214 0.305993 0.288281 0.278782 0.520000 0.520000 0.520000 0.144582 0.520000 0.028098 0.520000 0.520000 0.520000 0.520000 0.520000 0.520000 0.520000 0.520000 0.520000 0.520000 0.029572 0.520000 0.520000 0.520000 0.520000 0.073950 0.520000 0.520000 0.520000 0.514073 0.520000 0.520000 0.520000 0.520000 0.520000 0.520000 0.520000 0.436983 0.458962 0.310500 -9999.0 -9999.0
-9999.0 -9999.0 -9999.0 -9999.0 -9999.0 -9999.0 -9999.0 -9999.0 0.076259 0.520000 0.520000 0.148072 0.520000 0.520000 0.520000 0.520000 0.365049 0.186680 0.319142 0.239141 0.272602 0.268067 0.229979 0.186594 0.265499 0.520000 0.520000 0.520000 0.520000 0.520000 0.520000 0.520000 0.520000 0.520000 0.520000 0.520000 0.520000 0.520000 0.520000 0.520000 0.520000 0.520000 0.520000 0.100331 0.520000 0.096875 0.520000 0.092635 0.520000 0.520000 0.520000 0.520000 0.520000 0.520000 0.520000 0.520000 0.520000 0.520000 0.315950 0.314256 0.377783 0.470004 -9999.0
-9999.0 -9999.0 -9999.0 -9999.0 -9999.0 -9999.0 -9999.0 -9999.0 0.520000 0.520000 0.520000 0.520000 0.520000 0.520000 0.520000 0.463418 0.520000 0.448820 0.452714 0.326380 0.244694 0.242841 0.218390 0.178927 0.193339 0.367529 0.520000 0.520000 0.520000 0.520000 0.520000 0.520000 0.520000 0.520000 0.520000 0.520000 0.520000 0.520000 0.520000 0.520000 0.520000 0.520000 0.520000 0.520000 0.520000 0.520000 0.520000 0.520000 0.520000 0.520000 0.405292 0.252260 0.481202 0.374896 0.520000 0.520000 0.480848 0.402399 0.381262 0.377262 0.419917 0.498455 -9999.0
-9999.0 -9999.0 0.520000 0.520000 0.520000 0.520000 0.520000 0.520000 0.520000 0.520000 0.520000 0.520000 0.520000 0.520000 0.520000 0.520000 0.520000 0.520000 0.520000 0.492012 0.283338 0.204701 0.263472 0.151716 0.244546 0.259760 0.341628 0.444747 0.439208 0.520000 0.520000 0.520000 0.520000 0.520000 0.520000 0.520000 0.520000 0.520000 0.520000 0.520000 0.520000 0.520000 0.520000 0.520000 0.520000 0.520000 0.520000 0.520000 0.520000 0.300434 0.203433 0.199312 0.520000 0.520000 0.520000 0.520000 0.520000 0.498236 0.518925 0.486560 0.520000 0.520000 -9999.0
-9999.0 0.520000 0.520000 0.520000 0.520000 0.520000 0.520000 0.520000 0.520000 0.520000 0.520000 0.520000 0.520000 0.520000 0.520000 0.520000 0.520000 0.520000 0.520000 0.498627 0.247734 0.278816 0.352807 0.186196 0.148616 0.190502 0.190082 0.187617 0.305947 0.423281 0.229625 0.311055 0.520000 0.520000 0.520000 0.406937 0.474517 0.483848 0.520000 0.520000 0.520000 0.520000 0.520000 0.520000 0.462928 0.392711 0.397560 0.347538 0.252736 0.172450 0.313812 0.520000 0.520000 0.520000 0.520000 0.520000 0.520000 0.520000 0.520000 0.520000 0.520000 0.520000 -9999.0
-9999.0 0.520000 0.520000 0.520000 0.520000 0.520000 0.520000 0.520000 0.520000 0.520000 0.520000 0.520000 0.520000 0.520000 0.520000 0.520000 0.520000 0.520000 0.520000 0.520000 0.520000 0.509090 0.281745 0.307556 0.263307 0.198000 0.148140 0.154900 0.240534 0.143286 0.112911 0.120247 0.520000 0.520000 0.417893 0.363134 0.301148 0.328662 0.520000 0.306365 0.388101 0.520000 0.520000 0.215813 0.137689 0.121925 0.178512 0.260701 0.409165 0.520000 0.520000 0.520000 0.520000 0.520000 0.520000 0.520000 0.520000 0.520000 0.520000 0.520000 0.520000 -9999.0 -9999.0
-9999.0 0.520000 0.520000 0.520000 0.520000 0.520000 0.520000 0.520000 0.520000 0.520000 0.520000 0.520000 0.520000 0.520000 0.520000 0.520000 0.520000 0.520000 0.520000 0.520000 0.473351 0.381940 0.217051 0.306584 0.520000 0.307532 0.481422 0.520000 0.192950 0.255340 0.153330 0.123921 0.330261 0.329558 0.321713 0.265648 0.455137 0.373335 0.415313 0.258481 0.227522 0.489730 0.520000 0.172798 0.169812 0.437188 0.296123 0.512486 0.520000 0.520000 0.520000 0.520000 0.520000 0.520000 0.520000 0.520000 0.520000 0.520000 0.520000 -9999.0 -9999.0 -9999.0 -9999.0
