erum2020/resources/simulation/Vinschgau/output-maps/thetaliqL0002N0873.asc
ncols         63
nrows         48
xllcorner     598000.000000
yllcorner     5145000.000000
cellsize      1000.000000
NODATA_value  -9999.0
[rows 0 to 28 of 48, columns 0 to 62 of 63]
-9999.0 -9999.0 -9999.0 -9999.0 -9999.0 -9999.0 -9999.0 -9999.0 -9999.0 -9999.0 -9999.0 -9999.0 -9999.0 -9999.0 -9999.0 -9999.0 -9999.0 -9999.0 -9999.0 -9999.0 -9999.0 -9999.0 -9999.0 -9999.0 -9999.0 -9999.0 -9999.0 -9999.0 -9999.0 -9999.0 -9999.0 -9999.0 -9999.0 -9999.0 -9999.0 -9999.0 -9999.0 -9999.0 -9999.0 -9999.0 -9999.0 -9999.0 -9999.0 -9999.0 -9999.0 -9999.0 -9999.0 -9999.0 -9999.0 -9999.0 -9999.0 -9999.0 -9999.0 -9999.0 -9999.0 -9999.0 -9999.0 -9999.0 -9999.0 -9999.0 -9999.0 -9999.0 -9999.0
-9999.0 -9999.0 -9999.0 -9999.0 -9999.0 -9999.0 -9999.0 -9999.0 -9999.0 -9999.0 -9999.0 -9999.0 -9999.0 -9999.0 -9999.0 -9999.0 -9999.0 -9999.0 -9999.0 -9999.0 -9999.0 -9999.0 -9999.0 -9999.0 -9999.0 -9999.0 -9999.0 0.020022 0.040010 0.020025 0.040009 0.040007 0.040007 -9999.0 -9999.0 -9999.0 -9999.0 -9999.0 -9999.0 -9999.0 -9999.0 -9999.0 -9999.0 -9999.0 -9999.0 -9999.0 -9999.0 -9999.0 -9999.0 -9999.0 -9999.0 -9999.0 -9999.0 -9999.0 -9999.0 -9999.0 -9999.0 -9999.0 -9999.0 -9999.0 -9999.0 -9999.0 -9999.0
-9999.0 -9999.0 -9999.0 -9999.0 -9999.0 -9999.0 -9999.0 -9999.0 -9999.0 -9999.0 -9999.0 -9999.0 -9999.0 -9999.0 -9999.0 -9999.0 -9999.0 -9999.0 -9999.0 -9999.0 -9999.0 -9999.0 -9999.0 -9999.0 0.040014 0.040015 0.040024 0.040014 0.040017 0.040010 0.040008 -9999.0 -9999.0 -9999.0 -9999.0 -9999.0 -9999.0 -9999.0 -9999.0 -9999.0 -9999.0 -9999.0 -9999.0 -9999.0 -9999.0 -9999.0 -9999.0 -9999.0 -9999.0 -9999.0 -9999.0 -9999.0 -9999.0 -9999.0 -9999.0 -9999.0 -9999.0 -9999.0 -9999.0 -9999.0 -9999.0 -9999.0 -9999.0
-9999.0 -9999.0 -9999.0 -9999.0 -9999.0 -9999.0 -9999.0 -9999.0 -9999.0 -9999.0 -9999.0 -9999.0 -9999.0 -9999.0 -9999.0 -9999.0 -9999.0 -9999.0 -9999.0 -9999.0 -9999.0 -9999.0 -9999.0 0.040016 0.040033 0.198065 0.267344 0.093461 0.325913 0.040017 0.040008 0.040007 -9999.0 -9999.0 -9999.0 -9999.0 -9999.0 -9999.0 -9999.0 -9999.0 -9999.0 -9999.0 -9999.0 -9999.0 -9999.0 -9999.0 -9999.0 -9999.0 -9999.0 -9999.0 -9999.0 -9999.0 -9999.0 -9999.0 -9999.0 -9999.0 -9999.0 -9999.0 -9999.0 -9999.0 -9999.0 -9999.0 -9999.0
-9999.0 -9999.0 -9999.0 -9999.0 -9999.0 -9999.0 -9999.0 -9999.0 -9999.0 -9999.0 -9999.0 -9999.0 -9999.0 -9999.0 -9999.0 -9999.0 -9999.0 -9999.0 0.090980 0.040027 -9999.0 0.040023 0.040032 0.105767 0.297793 0.090132 0.085977 0.079992 0.169494 0.047521 0.040014 0.040009 0.020019 0.020014 -9999.0 -9999.0 -9999.0 -9999.0 -9999.0 -9999.0 -9999.0 -9999.0 -9999.0 -9999.0 -9999.0 -9999.0 -9999.0 -9999.0 -9999.0 -9999.0 -9999.0 -9999.0 -9999.0 -9999.0 -9999.0 -9999.0 -9999.0 -9999.0 -9999.0 -9999.0 -9999.0 -9999.0 -9999.0
-9999.0 -9999.0 -9999.0 -9999.0 -9999.0 -9999.0 -9999.0 -9999.0 -9999.0 -9999.0 -9999.0 -9999.0 -9999.0 -9999.0 -9999.0 -9999.0 -9999.0 0.078817 0.132946 0.042846 0.020036 0.042880 0.048814 0.075628 0.091323 0.068548 0.040692 0.043005 0.042846 0.078800 0.040042 0.040014 0.020025 0.020022 0.020017 0.020015 -9999.0 -9999.0 -9999.0 -9999.0 -9999.0 -9999.0 -9999.0 -9999.0 -9999.0 -9999.0 -9999.0 -9999.0 -9999.0 -9999.0 -9999.0 -9999.0 -9999.0 -9999.0 -9999.0 -9999.0 -9999.0 -9999.0 -9999.0 -9999.0 -9999.0 -9999.0 -9999.0
-9999.0 -9999.0 -9999.0 -9999.0 -9999.0 -9999.0 -9999.0 -9999.0 -9999.0 -9999.0 -9999.0 -9999.0 -9999.0 0.040039 0.079564 0.147599 0.077776 0.023435 0.081243 0.123931 0.167127 0.104600 0.273077 0.093745 0.059993 0.040033 0.020056 0.040098 0.040105 0.041442 0.040043 0.040013 0.040008 0.040007 0.020020 0.020014 -9999.0 -9999.0 -9999.0 -9999.0 -9999.0 -9999.0 -9999.0 -9999.0 -9999.0 -9999.0 -9999.0 -9999.0 -9999.0 -9999.0 -9999.0 -9999.0 -9999.0 -9999.0 -9999.0 -9999.0 -9999.0 -9999.0 -9999.0 -9999.0 -9999.0 -9999.0 -9999.0
-9999.0 -9999.0 -9999.0 -9999.0 -9999.0 -9999.0 -9999.0 -9999.0 -9999.0 -9999.0 -9999.0 -9999.0 -9999.0 0.040166 0.302444 0.114681 0.080670 0.354880 0.023349 0.202749 0.081476 0.345033 0.319919 0.301195 0.041565 0.043376 0.040010 0.020024 0.020020 0.040043 0.040068 0.040009 0.020019 0.020014 0.020016 -9999.0 -9999.0 -9999.0 -9999.0 -9999.0 -9999.0 -9999.0 -9999.0 -9999.0 -9999.0 -9999.0 -9999.0 -9999.0 -9999.0 -9999.0 -9999.0 -9999.0 -9999.0 -9999.0 -9999.0 -9999.0 -9999.0 -9999.0 -9999.0 -9999.0 -9999.0 -9999.0 -9999.0
-9999.0 -9999.0 -9999.0 -9999.0 -9999.0 -9999.0 -9999.0 -9999.0 -9999.0 -9999.0 -9999.0 -9999.0 -9999.0 0.270758 0.520000 0.227003 0.107538 0.085013 0.023336 0.080446 0.387350 0.020942 0.069096 0.045397 0.069953 0.059668 0.020029 0.020019 0.040007 0.020016 0.040008 0.020013 0.020013 0.020011 0.020014 -9999.0 -9999.0 -9999.0 -9999.0 -9999.0 -9999.0 -9999.0 -9999.0 -9999.0 -9999.0 -9999.0 -9999.0 -9999.0 -9999.0 -9999.0 -9999.0 -9999.0 -9999.0 -9999.0 -9999.0 -9999.0 -9999.0 -9999.0 -9999.0 -9999.0 -9999.0 -9999.0 -9999.0
-9999.0 -9999.0 -9999.0 -9999.0 -9999.0 -9999.0 -9999.0 -9999.0 -9999.0 -9999.0 -9999.0 -9999.0 0.075514 0.044944 0.324324 0.107981 0.283856 0.149718 0.317582 0.036807 0.127718 0.041969 0.041462 0.040379 0.040042 0.040011 0.040018 0.040008 0.040008 0.020019 0.040003 0.020018 0.040007 0.020013 -9999.0 -9999.0 -9999.0 -9999.0 -9999.0 -9999.0 -9999.0 -9999.0 -9999.0 -9999.0 -9999.0 -9999.0 -9999.0 -9999.0 -9999.0 -9999.0 -9999.0 -9999.0 -9999.0 -9999.0 -9999.0 -9999.0 -9999.0 -9999.0 -9999.0 -9999.0 -9999.0 -9999.0 -9999.0
-9999.0 -9999.0 -9999.0 -9999.0 -9999.0 -9999.0 -9999.0 -9999.0 -9999.0 -9999.0 -9999.0 0.040045 0.436605 0.520000 0.348228 0.040580 0.053483 0.180987 0.520000 0.199940 0.142209 0.102204 0.040024 0.040012 0.040629 0.040013 0.040007 0.040010 0.040009 0.020015 0.020018 0.040009 0.020020 0.020015 0.020017 0.020021 0.040008 0.040009 0.040010 -9999.0 -9999.0 -9999.0 0.020015 -9999.0 -9999.0 -9999.0 -9999.0 -9999.0 -9999.0 -9999.0 -9999.0 -9999.0 -9999.0 -9999.0 -9999.0 -9999.0 -9999.0 -9999.0 -9999.0 -9999.0 -9999.0 -9999.0 -9999.0
-9999.0 -9999.0 -9999.0 -9999.0 -9999.0 -9999.0 -9999.0 -9999.0 -9999.0 -9999.0 -9999.0 0.040035 0.384383 0.405920 0.283707 0.040042 0.191195 0.103043 0.346129 0.396553 0.425821 0.040153 0.040029 0.040021 0.040031 0.040010 0.040009 0.040013 0.020025 0.020016 0.040010 0.040011 0.040007 0.040006 0.040005 0.040010 0.040017 0.040015 0.040009 0.020016 0.020016 0.020015 0.040009 0.020019 -9999.0 -9999.0 -9999.0 0.040004 0.040005 0.020018 0.040006 0.020015 0.020015 0.040005 0.040005 0.020014 -9999.0 -9999.0 -9999.0 -9999.0 -9999.0 -9999.0 -9999.0
-9999.0 -9999.0 -9999.0 -9999.0 -9999.0 -9999.0 -9999.0 -9999.0 -9999.0 -9999.0 -9999.0 0.040026 0.040034 0.041126 0.040407 0.040114 0.149086 0.229959 0.368733 0.344350 0.330056 0.054426 0.040056 0.040014 0.040010 0.020022 0.040050 0.040015 0.020022 0.040005 0.020020 0.040013 0.040014 0.040006 0.020019 0.040015 0.040017 0.040021 0.040022 0.020020 0.040011 0.040007 0.040014 0.040010 0.040006 -9999.0 0.020013 0.040006 0.040009 0.040013 0.040014 0.020028 0.040011 0.040009 0.040008 0.040007 -9999.0 -9999.0 -9999.0 -9999.0 -9999.0 -9999.0 -9999.0
-9999.0 -9999.0 -9999.0 -9999.0 -9999.0 -9999.0 -9999.0 -9999.0 -9999.0 -9999.0 -9999.0 -9999.0 0.040042 0.040270 0.040065 0.040077 0.208546 0.198357 0.402743 0.372818 0.296726 0.066465 0.040786 0.040083 0.040017 0.040046 0.040020 0.040013 0.040008 0.020019 0.040009 0.040014 0.040014 0.040008 0.040007 0.040011 0.040037 0.040028 0.040444 0.040012 0.040017 0.020028 0.040049 0.040027 0.020020 0.040006 0.020017 0.040007 0.040017 0.040052 0.040273 0.040014 0.040020 0.040012 0.040010 0.040009 0.040007 -9999.0 -9999.0 -9999.0 -9999.0 -9999.0 -9999.0
-9999.0 -9999.0 -9999.0 -9999.0 -9999.0 -9999.0 -9999.0 -9999.0 -9999.0 -9999.0 -9999.0 0.040101 0.040015 0.040037 0.040190 0.053220 0.095805 0.311319 0.406710 0.196760 0.248169 0.267594 0.049160 0.040032 0.040050 0.040264 0.040115 0.040008 0.040007 0.020024 0.040037 0.040019 0.040022 0.040008 0.040005 0.040010 0.040010 0.040063 0.052542 0.040039 0.040059 0.042662 0.040109 0.020081 0.040036 0.040008 0.040011 0.020024 0.020029 0.040331 0.020032 0.040009 0.040007 0.020018 0.020016 0.020015 0.020019 -9999.0 -9999.0 -9999.0 -9999.0 -9999.0 -9999.0
-9999.0 -9999.0 -9999.0 -9999.0 -9999.0 -9999.0 -9999.0 -9999.0 -9999.0 -9999.0 0.040023 0.040169 0.040026 0.040026 0.040065 0.040113 0.040111 0.083031 0.116749 0.212570 0.451529 0.113336 0.040160 0.040056 0.042596 0.040039 0.040023 0.020026 0.040013 0.040019 0.040026 0.040025 0.040020 0.040008 0.020014 0.020020 0.040014 0.040042 0.047189 0.068237 0.071886 0.072744 0.191038 0.451227 0.040569 0.020025 0.040012 0.040063 0.040045 0.042862 0.020021 0.020017 0.020015 0.020013 0.020014 0.040008 0.040009 -9999.0 -9999.0 -9999.0 -9999.0 -9999.0 -9999.0
-9999.0 -9999.0 -9999.0 -9999.0 -9999.0 -9999.0 -9999.0 -9999.0 -9999.0 0.040011 0.040029 0.040044 0.040286 0.040077 0.040127 0.040463 0.040407 0.043427 0.146933 0.111477 0.414913 0.124933 0.095296 0.075534 0.056336 0.040054 0.040016 0.040020 0.040164 0.044404 0.059124 0.040046 0.020021 0.020015 0.020016 0.020020 0.040010 0.040028 0.040041 0.040308 0.041512 0.040641 0.040206 0.277154 0.369573 0.040253 0.040094 0.040056 0.040060 0.062294 0.040023 0.020019 0.020012 0.020013 0.020016 0.040006 0.040008 0.020020 0.020017 -9999.0 -9999.0 -9999.0 -9999.0
-9999.0 -9999.0 -9999.0 -9999.0 -9999.0 -9999.0 -9999.0 -9999.0 -9999.0 0.040008 0.040010 0.040019 0.040071 0.046026 0.040328 0.040074 0.040075 0.081822 0.122706 0.305939 0.342442 0.279184 0.167272 0.042083 0.040078 0.040034 0.040117 0.042289 0.081071 0.043343 0.040120 0.040035 0.040011 0.040006 0.040009 0.020020 0.020022 0.020027 0.040010 0.040026 0.040094 0.040023 0.040136 0.095874 0.329753 0.408006 0.434786 0.073879 0.045733 0.064461 0.040022 0.040007 0.020014 0.040004 0.020018 0.040005 0.040008 0.040012 0.020023 -9999.0 -9999.0 -9999.0 -9999.0
-9999.0 -9999.0 -9999.0 -9999.0 -9999.0 -9999.0 -9999.0 -9999.0 -9999.0 -9999.0 0.040009 0.040019 0.040975 0.040192 0.051012 0.040424 0.044390 0.400552 0.113427 0.269963 0.388533 0.159566 0.063414 0.040970 0.040049 0.040559 0.061871 0.138097 0.040108 0.040048 0.040037 0.040023 0.040011 0.040007 0.040014 0.040012 0.040026 0.040033 0.020022 0.040010 0.040009 0.040027 0.040039 0.040318 0.076896 0.090045 0.349812 0.439438 0.430035 0.061148 0.040039 0.040013 0.020016 0.020014 0.040004 0.040006 0.040012 0.040041 0.040033 0.040715 -9999.0 -9999.0 -9999.0
-9999.0 -9999.0 -9999.0 -9999.0 -9999.0 -9999.0 -9999.0 -9999.0 -9999.0 -9999.0 0.040008 0.040012 0.040021 0.042569 0.087940 0.094306 0.082305 0.179972 0.123145 0.087185 0.084496 0.186383 0.054963 0.040152 0.040556 0.081773 0.520000 0.080443 0.040063 0.040012 0.040010 0.040011 0.020024 0.040006 0.040010 0.040032 0.040040 0.040244 0.040021 0.040008 0.040010 0.020034 0.040044 0.040016 0.040047 0.040354 0.043341 0.077593 0.346924 0.520000 0.056927 0.040023 0.040010 0.020017 0.020013 0.020015 0.040006 0.040054 0.520000 0.520000 -9999.0 -9999.0 -9999.0
-9999.0 -9999.0 -9999.0 -9999.0 -9999.0 -9999.0 -9999.0 -9999.0 0.040014 0.040009 0.040007 0.040014 0.040017 0.040049 0.046724 0.378042 0.122935 0.266251 0.221852 0.077993 0.074918 0.094972 0.122984 0.143944 0.070135 0.439915 0.087872 0.040111 0.040027 0.040013 0.020015 0.040010 0.040010 0.040007 0.040011 0.040011 0.040060 0.040230 0.040026 0.020020 0.020024 0.040022 0.020032 0.020021 0.020030 0.040027 0.040029 0.040131 0.082701 0.520000 0.069475 0.040129 0.040015 0.040007 0.020015 0.040007 0.020021 0.040036 0.080526 0.520000 -9999.0 -9999.0 -9999.0
-9999.0 -9999.0 -9999.0 -9999.0 -9999.0 -9999.0 -9999.0 -9999.0 0.020035 0.040034 0.040015 0.040008 0.040011 0.040028 0.040095 0.088579 0.229985 0.181465 0.075756 0.077220 0.319729 0.281397 0.279210 0.276666 0.115568 0.296750 0.443446 0.040225 0.020025 0.040008 0.040006 0.020021 0.040011 0.020022 0.040013 0.040019 0.040055 0.040333 0.040114 0.040014 0.040009 0.040005 0.020023 0.040015 0.040021 0.040068 0.020029 0.040013 0.040181 0.388925 0.520000 0.040209 0.040013 0.040006 0.040011 0.020033 0.040049 0.043159 0.488823 0.517413 0.088173 -9999.0 -9999.0
-9999.0 -9999.0 -9999.0 -9999.0 -9999.0 -9999.0 -9999.0 -9999.0 0.040010 0.040014 0.040016 0.040011 0.040009 0.020034 0.040067 0.040113 0.096891 0.295677 0.078242 0.288978 0.076296 0.204652 0.249896 0.098245 0.299685 0.228325 0.238808 0.040066 0.020027 0.040010 0.020023 0.040023 0.040021 0.040025 0.040030 0.040031 0.051322 0.517371 0.059567 0.040060 0.040013 0.020024 0.040014 0.040013 0.040031 0.040014 0.020020 0.040010 0.040021 0.071899 0.421149 0.064105 0.040011 0.040012 0.040023 0.040060 0.152722 0.520000 0.394272 0.520000 0.374557 -9999.0 -9999.0
-9999.0 -9999.0 -9999.0 -9999.0 -9999.0 -9999.0 -9999.0 -9999.0 0.020018 0.040015 0.040079 0.020027 0.040011 0.040043 0.040348 0.161487 0.099639 0.084772 0.346304 0.075680 0.080699 0.081080 0.218004 0.110557 0.119424 0.300843 0.044948 0.040036 0.040024 0.040067 0.040053 0.040115 0.045260 0.040553 0.040204 0.040041 0.056564 0.232984 0.442026 0.040789 0.040017 0.040020 0.040019 0.020029 0.040011 0.020024 0.040014 0.020028 0.040011 0.040044 0.077726 0.451510 0.064402 0.040066 0.075004 0.520000 0.520000 0.520000 0.309468 0.381289 0.377178 0.314422 -9999.0
-9999.0 -9999.0 -9999.0 -9999.0 -9999.0 -9999.0 -9999.0 -9999.0 0.040005 0.040013 0.040024 0.040049 0.040231 0.044892 0.044146 0.520000 0.500780 0.245646 0.283821 0.183214 0.088440 0.104386 0.085227 0.086223 0.337036 0.089790 0.040076 0.040523 0.052151 0.050881 0.040397 0.063284 0.520000 0.128061 0.064299 0.114511 0.382738 0.178433 0.186215 0.493503 0.072637 0.061789 0.040835 0.046999 0.040048 0.040034 0.040143 0.041181 0.040119 0.059402 0.449916 0.288154 0.396524 0.430478 0.520000 0.520000 0.520000 0.457245 0.438421 0.378190 0.275380 0.325210 -9999.0
-9999.0 -9999.0 0.040011 0.040014 0.040008 0.040028 0.040014 0.040016 0.040008 0.040010 0.040045 0.040508 0.046248 0.054452 0.152558 0.520000 0.068759 0.040068 0.040123 0.095639 0.178608 0.151306 0.443037 0.075360 0.112367 0.187416 0.084632 0.099232 0.341329 0.099361 0.066488 0.263895 0.520000 0.307568 0.407600 0.215179 0.323991 0.115882 0.114225 0.195164 0.364122 0.418208 0.333793 0.433674 0.088931 0.060375 0.484101 0.387540 0.408633 0.386025 0.324144 0.300239 0.467728 0.510749 0.520000 0.520000 0.520000 0.433186 0.427853 0.321004 0.440721 0.337882 -9999.0
-9999.0 0.040080 0.040072 0.040058 0.040030 0.040017 0.040014 0.040014 0.040010 0.040008 0.040021 0.040105 0.078587 0.040209 0.069683 0.040350 0.040052 0.040022 0.040065 0.074615 0.179976 0.230943 0.520000 0.349478 0.150108 0.112236 0.247627 0.299020 0.341864 0.407487 0.279210 0.336666 0.463669 0.435621 0.297961 0.265883 0.221090 0.079086 0.287360 0.289419 0.272422 0.314469 0.337170 0.185062 0.184176 0.168911 0.363468 0.153893 0.280940 0.275149 0.365086 0.443905 0.520000 0.520000 0.520000 0.520000 0.478723 0.441432 0.520000 0.076845 0.300417 0.342443 -9999.0
-9999.0 0.040060 0.040094 0.040362 0.040133 0.040026 0.040026 0.040012 0.040007 0.040007 0.040017 0.040067 0.111651 0.073984 0.043012 0.040028 0.040015 0.040019 0.040192 0.077044 0.081201 0.395255 0.332196 0.520000 0.463664 0.280863 0.074984 0.078026 0.275577 0.102009 0.075113 0.079514 0.388783 0.382868 0.384136 0.287634 0.321885 0.276626 0.225617 0.180073 0.230646 0.283975 0.281376 0.080297 0.072187 0.074302 0.232266 0.301512 0.319136 0.349761 0.392110 0.360413 0.426713 0.520000 0.502404 0.049925 0.050961 0.047239 0.053146 0.041839 0.055294 -9999.0 -9999.0
-9999.0 0.040021 0.040171 0.040567 0.302032 0.040311 0.040183 0.040045 0.040021 0.040022 0.040056 0.061237 0.130682 0.040997 0.040053 0.040020 0.040012 0.040024 0.040047 0.050725 0.041522 0.052367 0.212087 0.494119 0.490748 0.366611 0.372031 0.367263 0.087503 0.265224 0.075959 0.074768 0.335312 0.344796 0.286118 0.213829 0.226974 0.256387 0.189760 0.169664 0.174843 0.291311 0.241564 0.072761 0.072872 0.286358 0.283559 0.353161 0.382087 0.278455 0.406294 0.041072 0.059352 0.040175 0.041015 0.040107 0.040103 0.040060 0.040082 -9999.0 -9999.0 -9999.0 -9999.0
