erum2020/resources/simulation/Vinschgau/output-maps/thetaiceL0003N0113.asc
ncols         63
nrows         48
xllcorner     598000.000000
yllcorner     5145000.000000
cellsize      1000.000000
NODATA_value  -9999.0
[rows 0 to 28 of 48, columns 0 to 62 of 63]
-9999.0 -9999.0 -9999.0 -9999.0 -9999.0 -9999.0 -9999.0 -9999.0 -9999.0 -9999.0 -9999.0 -9999.0 -9999.0 -9999.0 -9999.0 -9999.0 -9999.0 -9999.0 -9999.0 -9999.0 -9999.0 -9999.0 -9999.0 -9999.0 -9999.0 -9999.0 -9999.0 -9999.0 -9999.0 -9999.0 -9999.0 -9999.0 -9999.0 -9999.0 -9999.0 -9999.0 -9999.0 -9999.0 -9999.0 -9999.0 -9999.0 -9999.0 -9999.0 -9999.0 -9999.0 -9999.0 -9999.0 -9999.0 -9999.0 -9999.0 -9999.0 -9999.0 -9999.0 -9999.0 -9999.0 -9999.0 -9999.0 -9999.0 -9999.0 -9999.0 -9999.0 -9999.0 -9999.0
-9999.0 -9999.0 -9999.0 -9999.0 -9999.0 -9999.0 -9999.0 -9999.0 -9999.0 -9999.0 -9999.0 -9999.0 -9999.0 -9999.0 -9999.0 -9999.0 -9999.0 -9999.0 -9999.0 -9999.0 -9999.0 -9999.0 -9999.0 -9999.0 -9999.0 -9999.0 -9999.0 0.023313 0.173001 0.021260 0.211774 0.212640 0.223171 -9999.0 -9999.0 -9999.0 -9999.0 -9999.0 -9999.0 -9999.0 -9999.0 -9999.0 -9999.0 -9999.0 -9999.0 -9999.0 -9999.0 -9999.0 -9999.0 -9999.0 -9999.0 -9999.0 -9999.0 -9999.0 -9999.0 -9999.0 -9999.0 -9999.0 -9999.0 -9999.0 -9999.0 -9999.0 -9999.0
-9999.0 -9999.0 -9999.0 -9999.0 -9999.0 -9999.0 -9999.0 -9999.0 -9999.0 -9999.0 -9999.0 -9999.0 -9999.0 -9999.0 -9999.0 -9999.0 -9999.0 -9999.0 -9999.0 -9999.0 -9999.0 -9999.0 -9999.0 -9999.0 0.172533 0.204836 0.199674 0.317937 0.229681 0.257911 0.276075 -9999.0 -9999.0 -9999.0 -9999.0 -9999.0 -9999.0 -9999.0 -9999.0 -9999.0 -9999.0 -9999.0 -9999.0 -9999.0 -9999.0 -9999.0 -9999.0 -9999.0 -9999.0 -9999.0 -9999.0 -9999.0 -9999.0 -9999.0 -9999.0 -9999.0 -9999.0 -9999.0 -9999.0 -9999.0 -9999.0 -9999.0 -9999.0
-9999.0 -9999.0 -9999.0 -9999.0 -9999.0 -9999.0 -9999.0 -9999.0 -9999.0 -9999.0 -9999.0 -9999.0 -9999.0 -9999.0 -9999.0 -9999.0 -9999.0 -9999.0 -9999.0 -9999.0 -9999.0 -9999.0 -9999.0 0.239275 0.402586 0.473059 0.478435 0.472543 0.479850 0.333502 0.171076 0.118454 -9999.0 -9999.0 -9999.0 -9999.0 -9999.0 -9999.0 -9999.0 -9999.0 -9999.0 -9999.0 -9999.0 -9999.0 -9999.0 -9999.0 -9999.0 -9999.0 -9999.0 -9999.0 -9999.0 -9999.0 -9999.0 -9999.0 -9999.0 -9999.0 -9999.0 -9999.0 -9999.0 -9999.0 -9999.0 -9999.0 -9999.0
-9999.0 -9999.0 -9999.0 -9999.0 -9999.0 -9999.0 -9999.0 -9999.0 -9999.0 -9999.0 -9999.0 -9999.0 -9999.0 -9999.0 -9999.0 -9999.0 -9999.0 -9999.0 0.467006 0.470325 -9999.0 0.297682 0.270751 0.470911 0.471196 0.479948 0.464051 0.458415 0.479550 0.479280 0.362359 0.155439 0.019900 0.019284 -9999.0 -9999.0 -9999.0 -9999.0 -9999.0 -9999.0 -9999.0 -9999.0 -9999.0 -9999.0 -9999.0 -9999.0 -9999.0 -9999.0 -9999.0 -9999.0 -9999.0 -9999.0 -9999.0 -9999.0 -9999.0 -9999.0 -9999.0 -9999.0 -9999.0 -9999.0 -9999.0 -9999.0 -9999.0
-9999.0 -9999.0 -9999.0 -9999.0 -9999.0 -9999.0 -9999.0 -9999.0 -9999.0 -9999.0 -9999.0 -9999.0 -9999.0 -9999.0 -9999.0 -9999.0 -9999.0 0.474763 0.477358 0.075823 0.020468 0.445305 0.459934 0.479896 0.478582 0.438710 0.376733 0.332127 0.292740 0.452869 0.438959 0.364052 0.020209 0.019713 0.018511 0.018256 -9999.0 -9999.0 -9999.0 -9999.0 -9999.0 -9999.0 -9999.0 -9999.0 -9999.0 -9999.0 -9999.0 -9999.0 -9999.0 -9999.0 -9999.0 -9999.0 -9999.0 -9999.0 -9999.0 -9999.0 -9999.0 -9999.0 -9999.0 -9999.0 -9999.0 -9999.0 -9999.0
-9999.0 -9999.0 -9999.0 -9999.0 -9999.0 -9999.0 -9999.0 -9999.0 -9999.0 -9999.0 -9999.0 -9999.0 -9999.0 0.191191 0.477712 0.465842 0.452987 0.140323 0.479969 0.477112 0.475261 0.468480 0.479640 0.478001 0.479647 0.330366 0.017362 0.261876 0.249598 0.214252 0.381675 0.321987 0.271972 0.217344 0.018205 0.018240 -9999.0 -9999.0 -9999.0 -9999.0 -9999.0 -9999.0 -9999.0 -9999.0 -9999.0 -9999.0 -9999.0 -9999.0 -9999.0 -9999.0 -9999.0 -9999.0 -9999.0 -9999.0 -9999.0 -9999.0 -9999.0 -9999.0 -9999.0 -9999.0 -9999.0 -9999.0 -9999.0
-9999.0 -9999.0 -9999.0 -9999.0 -9999.0 -9999.0 -9999.0 -9999.0 -9999.0 -9999.0 -9999.0 -9999.0 -9999.0 0.479014 0.467229 0.457714 0.457159 0.476346 0.140478 0.479798 0.479971 0.479289 0.479094 0.447354 0.453497 0.252470 0.118331 0.018183 0.018236 0.271393 0.328220 0.251442 0.018210 0.018213 0.018206 -9999.0 -9999.0 -9999.0 -9999.0 -9999.0 -9999.0 -9999.0 -9999.0 -9999.0 -9999.0 -9999.0 -9999.0 -9999.0 -9999.0 -9999.0 -9999.0 -9999.0 -9999.0 -9999.0 -9999.0 -9999.0 -9999.0 -9999.0 -9999.0 -9999.0 -9999.0 -9999.0 -9999.0
-9999.0 -9999.0 -9999.0 -9999.0 -9999.0 -9999.0 -9999.0 -9999.0 -9999.0 -9999.0 -9999.0 -9999.0 -9999.0 0.478142 0.476960 0.469079 0.453666 0.457229 0.141471 0.479711 0.476783 0.009827 0.449943 0.352955 0.166113 0.463645 0.021724 0.018217 0.151542 0.018226 0.255326 0.018232 0.018247 0.018289 0.018261 -9999.0 -9999.0 -9999.0 -9999.0 -9999.0 -9999.0 -9999.0 -9999.0 -9999.0 -9999.0 -9999.0 -9999.0 -9999.0 -9999.0 -9999.0 -9999.0 -9999.0 -9999.0 -9999.0 -9999.0 -9999.0 -9999.0 -9999.0 -9999.0 -9999.0 -9999.0 -9999.0 -9999.0
-9999.0 -9999.0 -9999.0 -9999.0 -9999.0 -9999.0 -9999.0 -9999.0 -9999.0 -9999.0 -9999.0 -9999.0 0.477916 0.469299 0.472722 0.354590 0.453429 0.457121 0.477425 0.103869 0.478890 0.276431 0.205652 0.251764 0.317934 0.235107 0.254506 0.106087 0.284689 0.018211 0.248564 0.019622 0.153578 0.018254 -9999.0 -9999.0 -9999.0 -9999.0 -9999.0 -9999.0 -9999.0 -9999.0 -9999.0 -9999.0 -9999.0 -9999.0 -9999.0 -9999.0 -9999.0 -9999.0 -9999.0 -9999.0 -9999.0 -9999.0 -9999.0 -9999.0 -9999.0 -9999.0 -9999.0 -9999.0 -9999.0 -9999.0 -9999.0
-9999.0 -9999.0 -9999.0 -9999.0 -9999.0 -9999.0 -9999.0 -9999.0 -9999.0 -9999.0 -9999.0 0.245203 0.439475 0.477390 0.344821 0.170991 0.014577 0.450902 0.475512 0.110613 0.479927 0.477753 0.104580 0.243417 0.254287 0.378433 0.232738 0.140020 0.149192 0.018240 0.019206 0.338947 0.018295 0.018201 0.017282 0.015445 0.289840 0.469645 0.421632 -9999.0 -9999.0 -9999.0 0.018194 -9999.0 -9999.0 -9999.0 -9999.0 -9999.0 -9999.0 -9999.0 -9999.0 -9999.0 -9999.0 -9999.0 -9999.0 -9999.0 -9999.0 -9999.0 -9999.0 -9999.0 -9999.0 -9999.0 -9999.0
-9999.0 -9999.0 -9999.0 -9999.0 -9999.0 -9999.0 -9999.0 -9999.0 -9999.0 -9999.0 -9999.0 0.132561 0.311262 0.477688 0.478910 0.296812 0.478282 0.469578 0.474180 0.474184 0.476683 0.470135 0.116874 0.256749 0.262073 0.251822 0.178479 0.201164 0.019742 0.018191 0.331149 0.242303 0.160648 0.096441 0.112132 0.145708 0.439476 0.351543 0.385289 0.012860 0.012669 0.016935 0.331822 0.018181 -9999.0 -9999.0 -9999.0 0.248491 0.310321 0.020978 0.443878 0.023197 0.022660 0.399551 0.298760 0.020441 -9999.0 -9999.0 -9999.0 -9999.0 -9999.0 -9999.0 -9999.0
-9999.0 -9999.0 -9999.0 -9999.0 -9999.0 -9999.0 -9999.0 -9999.0 -9999.0 -9999.0 -9999.0 0.203517 0.227716 0.457706 0.190893 0.168093 0.479494 0.475465 0.476161 0.474109 0.479293 0.479400 0.432444 0.422877 0.257156 0.020507 0.396455 0.272532 0.018147 0.367894 0.018154 0.333660 0.357112 0.098591 0.017365 0.473065 0.356624 0.149760 0.325827 0.021174 0.433064 0.435799 0.451257 0.166182 0.107100 -9999.0 0.018197 0.192875 0.420746 0.463477 0.478434 0.083450 0.292279 0.063680 0.029072 0.251065 -9999.0 -9999.0 -9999.0 -9999.0 -9999.0 -9999.0 -9999.0
-9999.0 -9999.0 -9999.0 -9999.0 -9999.0 -9999.0 -9999.0 -9999.0 -9999.0 -9999.0 -9999.0 -9999.0 0.238014 0.252369 0.470996 0.461675 0.448176 0.455046 0.474468 0.474290 0.479383 0.478754 0.477474 0.450074 0.324668 0.400203 0.477292 0.231837 0.244672 0.019383 0.222533 0.437395 0.128169 0.106115 0.200867 0.106201 0.275437 0.262424 0.063882 0.297451 0.454240 0.013976 0.459386 0.467870 0.020341 0.145752 0.019964 0.175397 0.433113 0.440270 0.438950 0.451163 0.477038 0.457694 0.245502 0.276821 0.356424 -9999.0 -9999.0 -9999.0 -9999.0 -9999.0 -9999.0
-9999.0 -9999.0 -9999.0 -9999.0 -9999.0 -9999.0 -9999.0 -9999.0 -9999.0 -9999.0 -9999.0 0.421043 0.212622 0.334014 0.479071 0.478783 0.466609 0.457840 0.476215 0.476440 0.449755 0.476924 0.478492 0.412469 0.435185 0.477568 0.308488 0.254773 0.290937 0.021358 0.427471 0.420643 0.479941 0.093334 0.187630 0.099473 0.205424 0.212625 0.442174 0.430129 0.454114 0.478314 0.476478 0.012667 0.478465 0.114722 0.349544 0.054169 0.065272 0.479916 0.022644 0.265590 0.209185 0.022070 0.018125 0.018470 0.025661 -9999.0 -9999.0 -9999.0 -9999.0 -9999.0 -9999.0
-9999.0 -9999.0 -9999.0 -9999.0 -9999.0 -9999.0 -9999.0 -9999.0 -9999.0 -9999.0 0.209101 0.479110 0.449135 0.283904 0.467001 0.477438 0.434385 0.475723 0.454339 0.454691 0.474477 0.475612 0.478169 0.469846 0.477407 0.437362 0.268732 0.022242 0.479879 0.477870 0.468930 0.290426 0.144794 0.207899 0.018219 0.018373 0.439948 0.479995 0.213654 0.467193 0.469801 0.132261 0.120668 0.467613 0.479910 0.021800 0.328853 0.431996 0.479526 0.479706 0.021189 0.018309 0.018146 0.018438 0.018415 0.111299 0.219260 -9999.0 -9999.0 -9999.0 -9999.0 -9999.0 -9999.0
-9999.0 -9999.0 -9999.0 -9999.0 -9999.0 -9999.0 -9999.0 -9999.0 -9999.0 0.242866 0.123330 0.331989 0.477831 0.445621 0.477376 0.370422 0.272770 0.472447 0.479017 0.479900 0.472832 0.476889 0.476422 0.477251 0.450984 0.246549 0.412770 0.477577 0.478089 0.477863 0.479870 0.254132 0.018178 0.018221 0.018212 0.018158 0.259369 0.274646 0.223466 0.302003 0.471562 0.275128 0.267008 0.479965 0.479077 0.479510 0.471320 0.399444 0.431651 0.479599 0.452968 0.024941 0.018283 0.018258 0.022194 0.340362 0.396456 0.143830 0.039899 -9999.0 -9999.0 -9999.0 -9999.0
-9999.0 -9999.0 -9999.0 -9999.0 -9999.0 -9999.0 -9999.0 -9999.0 -9999.0 0.118136 0.219011 0.147765 0.469240 0.477852 0.477595 0.453950 0.395810 0.478665 0.477068 0.468667 0.469806 0.479751 0.477185 0.476392 0.284388 0.445724 0.478127 0.477633 0.479818 0.454807 0.345656 0.298019 0.254806 0.109418 0.190230 0.019177 0.018505 0.017418 0.208263 0.260985 0.256914 0.222867 0.459112 0.479958 0.479910 0.479963 0.479981 0.479972 0.478045 0.479860 0.268741 0.421800 0.018319 0.220948 0.018519 0.273567 0.429352 0.439324 0.123102 -9999.0 -9999.0 -9999.0 -9999.0
-9999.0 -9999.0 -9999.0 -9999.0 -9999.0 -9999.0 -9999.0 -9999.0 -9999.0 -9999.0 0.134806 0.162521 0.439071 0.475757 0.479826 0.476738 0.477083 0.473708 0.472929 0.442073 0.450289 0.478626 0.477005 0.477218 0.442625 0.477710 0.479814 0.479951 0.441352 0.225012 0.240264 0.329155 0.221694 0.252640 0.186578 0.479939 0.461903 0.452692 0.020184 0.227389 0.222666 0.207778 0.298675 0.312308 0.261595 0.453715 0.479930 0.479163 0.479978 0.479911 0.464778 0.369027 0.026726 0.018407 0.229758 0.243813 0.414263 0.476396 0.455459 0.452843 -9999.0 -9999.0 -9999.0
-9999.0 -9999.0 -9999.0 -9999.0 -9999.0 -9999.0 -9999.0 -9999.0 -9999.0 -9999.0 0.138924 0.139418 0.120440 0.477418 0.478642 0.479472 0.444750 0.477463 0.453574 0.477440 0.468269 0.475724 0.469009 0.477948 0.477520 0.479871 0.479920 0.444498 0.299012 0.207513 0.232109 0.103400 0.020940 0.250209 0.246185 0.249047 0.440460 0.428519 0.394805 0.227023 0.113841 0.021498 0.276388 0.228008 0.229321 0.404696 0.293796 0.382986 0.479984 0.479954 0.479889 0.424101 0.476401 0.027870 0.020856 0.026415 0.249560 0.446386 0.479943 0.479683 -9999.0 -9999.0 -9999.0
-9999.0 -9999.0 -9999.0 -9999.0 -9999.0 -9999.0 -9999.0 -9999.0 0.463349 0.474288 0.180852 0.121029 0.272719 0.260555 0.477636 0.479708 0.479573 0.472805 0.464014 0.460970 0.463549 0.479055 0.479967 0.476189 0.477894 0.479850 0.479523 0.344948 0.290681 0.217299 0.018205 0.220731 0.209832 0.254672 0.111051 0.250836 0.261859 0.421843 0.282551 0.021271 0.018124 0.223543 0.023383 0.018290 0.042362 0.477658 0.269574 0.475761 0.479900 0.479697 0.477747 0.479613 0.468959 0.331800 0.043714 0.040173 0.148926 0.450756 0.477961 0.479924 -9999.0 -9999.0 -9999.0
-9999.0 -9999.0 -9999.0 -9999.0 -9999.0 -9999.0 -9999.0 -9999.0 0.022431 0.461380 0.430614 0.212858 0.132541 0.476918 0.478394 0.465152 0.475566 0.466936 0.446204 0.459516 0.458498 0.449841 0.466583 0.479831 0.479964 0.477519 0.479665 0.440047 0.024236 0.122410 0.117947 0.021851 0.114997 0.020686 0.273184 0.375758 0.426637 0.467550 0.447983 0.363868 0.238012 0.072135 0.018325 0.449738 0.456706 0.287005 0.022584 0.240916 0.263197 0.478393 0.479818 0.477446 0.476749 0.089143 0.479637 0.118358 0.471017 0.477282 0.479933 0.396385 0.417636 -9999.0 -9999.0
-9999.0 -9999.0 -9999.0 -9999.0 -9999.0 -9999.0 -9999.0 -9999.0 0.259112 0.324959 0.474574 0.414240 0.451936 0.022977 0.467585 0.479526 0.479777 0.478984 0.438076 0.479434 0.190839 0.446532 0.447712 0.479846 0.464645 0.479187 0.476470 0.421947 0.021402 0.224524 0.022200 0.425938 0.465525 0.454161 0.432392 0.477865 0.348117 0.479921 0.323541 0.391544 0.152645 0.024588 0.411087 0.292624 0.272545 0.249964 0.027468 0.462725 0.231423 0.479851 0.386917 0.479849 0.474536 0.469120 0.479111 0.477053 0.479921 0.479889 0.442224 0.437570 0.442971 -9999.0 -9999.0
-9999.0 -9999.0 -9999.0 -9999.0 -9999.0 -9999.0 -9999.0 -9999.0 0.018169 0.447693 0.477337 0.017716 0.461569 0.466445 0.467169 0.479728 0.479946 0.431381 0.449781 0.375872 0.456512 0.376069 0.462315 0.454960 0.455042 0.475213 0.477018 0.434848 0.477408 0.477740 0.395375 0.463876 0.479855 0.479399 0.379676 0.456764 0.460929 0.478227 0.313620 0.411164 0.392494 0.453427 0.467708 0.073056 0.473121 0.037569 0.452835 0.088595 0.460194 0.479904 0.477917 0.004050 0.479945 0.478257 0.479924 0.479807 0.429876 0.000040 0.000000 0.414985 0.478023 0.476673 -9999.0
-9999.0 -9999.0 -9999.0 -9999.0 -9999.0 -9999.0 -9999.0 -9999.0 0.218972 0.448310 0.466560 0.467174 0.466963 0.479547 0.476364 0.476580 0.471843 0.477569 0.478829 0.473275 0.461113 0.429998 0.409007 0.458790 0.468085 0.471245 0.449490 0.477531 0.477837 0.477091 0.477619 0.477137 0.479921 0.477158 0.469961 0.451019 0.479646 0.476808 0.470073 0.394287 0.473869 0.466901 0.479821 0.456229 0.467454 0.476969 0.462177 0.477470 0.477757 0.479874 0.479959 0.479938 0.002736 0.441579 0.160370 0.231187 0.328089 0.419747 0.448235 0.479124 0.479403 0.474707 -9999.0
-9999.0 -9999.0 0.324385 0.409327 0.404149 0.465372 0.456392 0.435722 0.432432 0.181969 0.284627 0.479363 0.479016 0.474165 0.467644 0.472790 0.479898 0.332024 0.203081 0.478488 0.473293 0.090400 0.432125 0.444901 0.466509 0.479840 0.477910 0.479662 0.479944 0.477091 0.477710 0.477243 0.477326 0.479700 0.479797 0.479658 0.479170 0.470268 0.479270 0.477607 0.479365 0.479626 0.479955 0.478150 0.478318 0.477743 0.479870 0.479852 0.479962 0.479913 0.420450 0.252334 0.003289 0.186320 0.428789 0.479610 0.477655 0.479292 0.479129 0.479278 0.468676 0.456026 -9999.0
-9999.0 0.477581 0.477300 0.460418 0.356419 0.472992 0.301853 0.348317 0.307104 0.142159 0.284214 0.465085 0.473905 0.424740 0.458888 0.464743 0.196806 0.314180 0.402777 0.479055 0.478440 0.478616 0.479560 0.073826 0.461722 0.457562 0.479920 0.479619 0.479952 0.479935 0.479935 0.479601 0.478426 0.479888 0.479794 0.479784 0.479258 0.470891 0.479487 0.479846 0.479799 0.479845 0.479851 0.479765 0.479901 0.479949 0.479726 0.479908 0.429208 0.000815 0.176053 0.446970 0.479401 0.479742 0.479665 0.479776 0.470526 0.476137 0.471938 0.473828 0.350155 0.391694 -9999.0
-9999.0 0.437667 0.477172 0.477397 0.468986 0.477371 0.464568 0.463367 0.425248 0.217271 0.450373 0.468094 0.478027 0.456148 0.479824 0.310192 0.358257 0.330242 0.477158 0.479081 0.473384 0.475541 0.466035 0.479451 0.479481 0.479832 0.060630 0.453764 0.456476 0.452998 0.461340 0.463570 0.479904 0.479703 0.479815 0.475603 0.473082 0.421892 0.458176 0.458252 0.463443 0.463756 0.464483 0.450314 0.158195 0.053174 0.220473 0.009533 0.184692 0.262694 0.479780 0.479883 0.472247 0.479861 0.471260 0.472032 0.472522 0.473647 0.458996 0.339325 0.246481 -9999.0 -9999.0
-9999.0 0.126627 0.307512 0.469078 0.479759 0.467209 0.468765 0.475782 0.419311 0.452465 0.465994 0.479096 0.472616 0.474550 0.464455 0.431202 0.390285 0.290279 0.271317 0.478938 0.476214 0.478658 0.472327 0.467458 0.477395 0.465042 0.461881 0.461244 0.459167 0.458187 0.456625 0.445667 0.452249 0.459238 0.463283 0.470567 0.465169 0.449139 0.464558 0.463452 0.430161 0.478944 0.393200 0.373066 0.350327 0.318612 0.397365 0.465257 0.479865 0.478307 0.477134 0.430926 0.478120 0.471532 0.477398 0.474347 0.459665 0.369279 0.269008 -9999.0 -9999.0 -9999.0 -9999.0
