erum2020/resources/simulation/Vinschgau/output-maps/thetaiceL0004N0241.asc
ncols         63
nrows         48
xllcorner     598000.000000
yllcorner     5145000.000000
cellsize      1000.000000
NODATA_value  -9999.0
[rows 0 to 28 of 48, columns 0 to 62 of 63]
-9999.0 -9999.0 -9999.0 -9999.0 -9999.0 -9999.0 -9999.0 -9999.0 -9999.0 -9999.0 -9999.0 -9999.0 -9999.0 -9999.0 -9999.0 -9999.0 -9999.0 -9999.0 -9999.0 -9999.0 -9999.0 -9999.0 -9999.0 -9999.0 -9999.0 -9999.0 -9999.0 -9999.0 -9999.0 -9999.0 -9999.0 -9999.0 -9999.0 -9999.0 -9999.0 -9999.0 -9999.0 -9999.0 -9999.0 -9999.0 -9999.0 -9999.0 -9999.0 -9999.0 -9999.0 -9999.0 -9999.0 -9999.0 -9999.0 -9999.0 -9999.0 -9999.0 -9999.0 -9999.0 -9999.0 -9999.0 -9999.0 -9999.0 -9999.0 -9999.0 -9999.0 -9999.0 -9999.0
-9999.0 -9999.0 -9999.0 -9999.0 -9999.0 -9999.0 -9999.0 -9999.0 -9999.0 -9999.0 -9999.0 -9999.0 -9999.0 -9999.0 -9999.0 -9999.0 -9999.0 -9999.0 -9999.0 -9999.0 -9999.0 -9999.0 -9999.0 -9999.0 -9999.0 -9999.0 -9999.0 0.018916 0.260437 0.018783 0.243017 0.093847 0.091613 -9999.0 -9999.0 -9999.0 -9999.0 -9999.0 -9999.0 -9999.0 -9999.0 -9999.0 -9999.0 -9999.0 -9999.0 -9999.0 -9999.0 -9999.0 -9999.0 -9999.0 -9999.0 -9999.0 -9999.0 -9999.0 -9999.0 -9999.0 -9999.0 -9999.0 -9999.0 -9999.0 -9999.0 -9999.0 -9999.0
-9999.0 -9999.0 -9999.0 -9999.0 -9999.0 -9999.0 -9999.0 -9999.0 -9999.0 -9999.0 -9999.0 -9999.0 -9999.0 -9999.0 -9999.0 -9999.0 -9999.0 -9999.0 -9999.0 -9999.0 -9999.0 -9999.0 -9999.0 -9999.0 0.439679 0.298258 0.213415 0.231666 0.221531 0.271577 0.279253 -9999.0 -9999.0 -9999.0 -9999.0 -9999.0 -9999.0 -9999.0 -9999.0 -9999.0 -9999.0 -9999.0 -9999.0 -9999.0 -9999.0 -9999.0 -9999.0 -9999.0 -9999.0 -9999.0 -9999.0 -9999.0 -9999.0 -9999.0 -9999.0 -9999.0 -9999.0 -9999.0 -9999.0 -9999.0 -9999.0 -9999.0 -9999.0
-9999.0 -9999.0 -9999.0 -9999.0 -9999.0 -9999.0 -9999.0 -9999.0 -9999.0 -9999.0 -9999.0 -9999.0 -9999.0 -9999.0 -9999.0 -9999.0 -9999.0 -9999.0 -9999.0 -9999.0 -9999.0 -9999.0 -9999.0 0.262655 0.414799 0.472974 0.479983 0.479987 0.479987 0.215260 0.225406 0.377215 -9999.0 -9999.0 -9999.0 -9999.0 -9999.0 -9999.0 -9999.0 -9999.0 -9999.0 -9999.0 -9999.0 -9999.0 -9999.0 -9999.0 -9999.0 -9999.0 -9999.0 -9999.0 -9999.0 -9999.0 -9999.0 -9999.0 -9999.0 -9999.0 -9999.0 -9999.0 -9999.0 -9999.0 -9999.0 -9999.0 -9999.0
-9999.0 -9999.0 -9999.0 -9999.0 -9999.0 -9999.0 -9999.0 -9999.0 -9999.0 -9999.0 -9999.0 -9999.0 -9999.0 -9999.0 -9999.0 -9999.0 -9999.0 -9999.0 0.479960 0.458396 -9999.0 0.288606 0.372858 0.479962 0.479987 0.479981 0.429466 0.402049 0.479801 0.454130 0.152385 0.258963 0.018721 0.018793 -9999.0 -9999.0 -9999.0 -9999.0 -9999.0 -9999.0 -9999.0 -9999.0 -9999.0 -9999.0 -9999.0 -9999.0 -9999.0 -9999.0 -9999.0 -9999.0 -9999.0 -9999.0 -9999.0 -9999.0 -9999.0 -9999.0 -9999.0 -9999.0 -9999.0 -9999.0 -9999.0 -9999.0 -9999.0
-9999.0 -9999.0 -9999.0 -9999.0 -9999.0 -9999.0 -9999.0 -9999.0 -9999.0 -9999.0 -9999.0 -9999.0 -9999.0 -9999.0 -9999.0 -9999.0 -9999.0 0.196095 0.479982 0.007499 0.018477 0.362014 0.456457 0.479988 0.477472 0.438199 0.263776 0.352543 0.234803 0.388300 0.462242 0.160976 0.018157 0.018541 0.018860 0.018799 -9999.0 -9999.0 -9999.0 -9999.0 -9999.0 -9999.0 -9999.0 -9999.0 -9999.0 -9999.0 -9999.0 -9999.0 -9999.0 -9999.0 -9999.0 -9999.0 -9999.0 -9999.0 -9999.0 -9999.0 -9999.0 -9999.0 -9999.0 -9999.0 -9999.0 -9999.0 -9999.0
-9999.0 -9999.0 -9999.0 -9999.0 -9999.0 -9999.0 -9999.0 -9999.0 -9999.0 -9999.0 -9999.0 -9999.0 -9999.0 0.278479 0.475204 0.449783 0.448524 0.059974 0.395930 0.479989 0.479989 0.479988 0.479988 0.479987 0.440844 0.284903 0.017265 0.272526 0.261339 0.342383 0.299231 0.266653 0.290582 0.236209 0.018784 0.018798 -9999.0 -9999.0 -9999.0 -9999.0 -9999.0 -9999.0 -9999.0 -9999.0 -9999.0 -9999.0 -9999.0 -9999.0 -9999.0 -9999.0 -9999.0 -9999.0 -9999.0 -9999.0 -9999.0 -9999.0 -9999.0 -9999.0 -9999.0 -9999.0 -9999.0 -9999.0 -9999.0
-9999.0 -9999.0 -9999.0 -9999.0 -9999.0 -9999.0 -9999.0 -9999.0 -9999.0 -9999.0 -9999.0 -9999.0 -9999.0 0.328395 0.479957 0.450172 0.450039 0.479976 0.060546 0.451368 0.015608 0.479990 0.477348 0.475792 0.448094 0.268967 0.289865 0.018785 0.018795 0.240461 0.286651 0.238543 0.018790 0.018787 0.018786 -9999.0 -9999.0 -9999.0 -9999.0 -9999.0 -9999.0 -9999.0 -9999.0 -9999.0 -9999.0 -9999.0 -9999.0 -9999.0 -9999.0 -9999.0 -9999.0 -9999.0 -9999.0 -9999.0 -9999.0 -9999.0 -9999.0 -9999.0 -9999.0 -9999.0 -9999.0 -9999.0 -9999.0
-9999.0 -9999.0 -9999.0 -9999.0 -9999.0 -9999.0 -9999.0 -9999.0 -9999.0 -9999.0 -9999.0 -9999.0 -9999.0 0.449463 0.479983 0.468115 0.448632 0.448699 0.061912 0.008621 0.456613 0.011578 0.471054 0.238827 0.303508 0.312995 0.018910 0.018793 0.197314 0.018794 0.239242 0.018785 0.018794 0.018808 0.018803 -9999.0 -9999.0 -9999.0 -9999.0 -9999.0 -9999.0 -9999.0 -9999.0 -9999.0 -9999.0 -9999.0 -9999.0 -9999.0 -9999.0 -9999.0 -9999.0 -9999.0 -9999.0 -9999.0 -9999.0 -9999.0 -9999.0 -9999.0 -9999.0 -9999.0 -9999.0 -9999.0 -9999.0
-9999.0 -9999.0 -9999.0 -9999.0 -9999.0 -9999.0 -9999.0 -9999.0 -9999.0 -9999.0 -9999.0 -9999.0 0.451165 0.479977 0.479873 0.205154 0.466505 0.449102 0.107688 0.016460 0.438635 0.312730 0.077146 0.317415 0.204114 0.243536 0.301890 0.371171 0.235991 0.018792 0.240684 0.018791 0.242143 0.018805 -9999.0 -9999.0 -9999.0 -9999.0 -9999.0 -9999.0 -9999.0 -9999.0 -9999.0 -9999.0 -9999.0 -9999.0 -9999.0 -9999.0 -9999.0 -9999.0 -9999.0 -9999.0 -9999.0 -9999.0 -9999.0 -9999.0 -9999.0 -9999.0 -9999.0 -9999.0 -9999.0 -9999.0 -9999.0
-9999.0 -9999.0 -9999.0 -9999.0 -9999.0 -9999.0 -9999.0 -9999.0 -9999.0 -9999.0 -9999.0 0.363592 0.430511 0.474027 0.339632 0.321219 0.015110 0.448464 0.018018 0.019100 0.479988 0.447352 0.338550 0.237493 0.250403 0.295414 0.243187 0.315471 0.379018 0.018786 0.018857 0.258298 0.018806 0.018793 0.018596 0.018219 0.289521 0.436665 0.368868 -9999.0 -9999.0 -9999.0 0.018818 -9999.0 -9999.0 -9999.0 -9999.0 -9999.0 -9999.0 -9999.0 -9999.0 -9999.0 -9999.0 -9999.0 -9999.0 -9999.0 -9999.0 -9999.0 -9999.0 -9999.0 -9999.0 -9999.0 -9999.0
-9999.0 -9999.0 -9999.0 -9999.0 -9999.0 -9999.0 -9999.0 -9999.0 -9999.0 -9999.0 -9999.0 0.318831 0.283787 0.479974 0.433992 0.218086 0.443839 0.450858 0.038303 0.456904 0.479983 0.479531 0.424202 0.281483 0.265254 0.243778 0.298333 0.169940 0.019029 0.018789 0.150436 0.243745 0.283578 0.347215 0.291040 0.267204 0.441133 0.179120 0.136248 0.017064 0.017325 0.018502 0.344178 0.018832 -9999.0 -9999.0 -9999.0 0.451003 0.384747 0.018824 0.376286 0.018832 0.018875 0.454155 0.453457 0.019050 -9999.0 -9999.0 -9999.0 -9999.0 -9999.0 -9999.0 -9999.0
-9999.0 -9999.0 -9999.0 -9999.0 -9999.0 -9999.0 -9999.0 -9999.0 -9999.0 -9999.0 -9999.0 0.252816 0.286543 0.263529 0.315698 0.256495 0.446471 0.456599 0.479968 0.296770 0.451214 0.457601 0.334193 0.289769 0.247322 0.018745 0.374071 0.239372 0.018776 0.238216 0.018777 0.257051 0.231706 0.336137 0.018625 0.431857 0.218859 0.313430 0.156414 0.029817 0.455879 0.296339 0.419191 0.276899 0.371551 -9999.0 0.018806 0.330272 0.188739 0.441478 0.418040 0.019488 0.456260 0.446494 0.456785 0.469620 -9999.0 -9999.0 -9999.0 -9999.0 -9999.0 -9999.0 -9999.0
-9999.0 -9999.0 -9999.0 -9999.0 -9999.0 -9999.0 -9999.0 -9999.0 -9999.0 -9999.0 -9999.0 -9999.0 0.284467 0.267380 0.433006 0.216562 0.434663 0.448271 0.451203 0.224451 0.453450 0.448458 0.479979 0.412724 0.282600 0.374520 0.479960 0.081323 0.244720 0.018881 0.261842 0.263503 0.136696 0.318556 0.287773 0.317720 0.291814 0.178907 0.084130 0.144201 0.448686 0.017591 0.446273 0.473702 0.018768 0.252848 0.018859 0.365678 0.254128 0.349884 0.446808 0.342935 0.434045 0.422343 0.267033 0.251641 0.447566 -9999.0 -9999.0 -9999.0 -9999.0 -9999.0 -9999.0
-9999.0 -9999.0 -9999.0 -9999.0 -9999.0 -9999.0 -9999.0 -9999.0 -9999.0 -9999.0 -9999.0 0.366533 0.290378 0.078247 0.422409 0.431222 0.452556 0.439458 0.479979 0.000076 0.450462 0.479982 0.461351 0.397161 0.345102 0.479965 0.248432 0.249730 0.241594 0.018802 0.382069 0.409844 0.445315 0.362231 0.250048 0.334827 0.314361 0.320680 0.406720 0.138888 0.324043 0.007317 0.470611 0.000017 0.479992 0.325597 0.171628 0.018675 0.018848 0.160625 0.019965 0.259854 0.260539 0.019834 0.018775 0.018807 0.018996 -9999.0 -9999.0 -9999.0 -9999.0 -9999.0 -9999.0
-9999.0 -9999.0 -9999.0 -9999.0 -9999.0 -9999.0 -9999.0 -9999.0 -9999.0 -9999.0 0.366241 0.399359 0.243220 0.284456 0.433646 0.474399 0.428616 0.459561 0.450818 0.001500 0.467066 0.454600 0.444008 0.479929 0.450597 0.452905 0.256436 0.019699 0.443167 0.479976 0.452174 0.279084 0.383676 0.231578 0.018796 0.018866 0.311779 0.318814 0.344342 0.001706 0.000227 0.040608 0.032857 0.470485 0.449425 0.018773 0.181282 0.410771 0.458559 0.455092 0.018919 0.018804 0.018789 0.018814 0.018804 0.477202 0.475382 -9999.0 -9999.0 -9999.0 -9999.0 -9999.0 -9999.0
-9999.0 -9999.0 -9999.0 -9999.0 -9999.0 -9999.0 -9999.0 -9999.0 -9999.0 0.277198 0.360319 0.246872 0.472630 0.368518 0.425887 0.257426 0.258462 0.467738 0.474659 0.000000 0.180320 0.450588 0.479985 0.470224 0.467341 0.273330 0.356034 0.479970 0.479987 0.479987 0.448289 0.092529 0.018781 0.018792 0.018793 0.018783 0.275877 0.269608 0.265344 0.254948 0.479906 0.262953 0.250162 0.000579 0.479539 0.479992 0.479991 0.425094 0.310264 0.469817 0.138381 0.019047 0.018813 0.018802 0.018974 0.242150 0.459555 0.117028 0.018879 -9999.0 -9999.0 -9999.0 -9999.0
-9999.0 -9999.0 -9999.0 -9999.0 -9999.0 -9999.0 -9999.0 -9999.0 -9999.0 0.171518 0.283346 0.276463 0.479983 0.451186 0.448564 0.387307 0.453775 0.444957 0.292854 0.000000 0.000000 0.000000 0.479861 0.456706 0.244863 0.314893 0.467833 0.479985 0.479920 0.445652 0.277926 0.270684 0.245145 0.343653 0.272033 0.018485 0.018594 0.018500 0.242481 0.283766 0.260834 0.262961 0.425782 0.464255 0.000952 0.001139 0.001626 0.479985 0.479988 0.467513 0.099374 0.250625 0.018801 0.259227 0.018799 0.248855 0.468970 0.438521 0.101201 -9999.0 -9999.0 -9999.0 -9999.0
-9999.0 -9999.0 -9999.0 -9999.0 -9999.0 -9999.0 -9999.0 -9999.0 -9999.0 -9999.0 0.317372 0.318678 0.425897 0.448461 0.451213 0.437548 0.444893 0.479979 0.000000 0.000000 0.455892 0.479977 0.450189 0.479980 0.307010 0.479985 0.479943 0.001814 0.237630 0.295279 0.280654 0.245324 0.261625 0.243916 0.177676 0.446275 0.424347 0.360856 0.018909 0.242442 0.238795 0.272718 0.283676 0.229363 0.263749 0.451885 0.479988 0.469484 0.001461 0.479987 0.103964 0.094661 0.018954 0.018800 0.249844 0.256849 0.284807 0.479971 0.479981 0.479923 -9999.0 -9999.0 -9999.0
-9999.0 -9999.0 -9999.0 -9999.0 -9999.0 -9999.0 -9999.0 -9999.0 -9999.0 -9999.0 0.272846 0.282203 0.329234 0.448494 0.474164 0.479987 0.453215 0.461085 0.000000 0.000000 0.000428 0.469155 0.462824 0.442107 0.450622 0.005250 0.000001 0.473537 0.265107 0.272817 0.257319 0.406526 0.018994 0.249884 0.250620 0.253178 0.415333 0.386717 0.266139 0.253073 0.346656 0.018931 0.262307 0.255922 0.258069 0.108578 0.378862 0.253134 0.002599 0.469470 0.479987 0.283339 0.291690 0.018999 0.019060 0.018906 0.247880 0.479825 0.479919 0.009444 -9999.0 -9999.0 -9999.0
-9999.0 -9999.0 -9999.0 -9999.0 -9999.0 -9999.0 -9999.0 -9999.0 0.400662 0.353646 0.109362 0.342952 0.261093 0.306007 0.449732 0.002573 0.002427 0.000000 0.000000 0.000000 0.000000 0.000000 0.000074 0.469995 0.479971 0.000000 0.463339 0.249661 0.255606 0.274369 0.018791 0.249302 0.246394 0.316546 0.352413 0.255302 0.353078 0.421158 0.254047 0.018975 0.018784 0.257402 0.020018 0.018799 0.018756 0.331871 0.268499 0.403306 0.479989 0.367396 0.479984 0.477822 0.385991 0.244298 0.019163 0.458634 0.123930 0.448311 0.479981 0.000000 -9999.0 -9999.0 -9999.0
-9999.0 -9999.0 -9999.0 -9999.0 -9999.0 -9999.0 -9999.0 -9999.0 0.019477 0.440463 0.221729 0.275496 0.291034 0.422479 0.240557 0.457859 0.479930 0.479939 0.000000 0.000000 0.000000 0.000000 0.000000 0.000000 0.000000 0.000000 0.452557 0.462362 0.020319 0.366051 0.324585 0.018705 0.381790 0.018912 0.437599 0.280496 0.426622 0.429132 0.229648 0.240083 0.261328 0.020167 0.018800 0.191721 0.430478 0.265518 0.020004 0.240276 0.277036 0.479974 0.473415 0.479974 0.310726 0.477827 0.441666 0.017522 0.479201 0.479982 0.003025 0.000000 0.000000 -9999.0 -9999.0
-9999.0 -9999.0 -9999.0 -9999.0 -9999.0 -9999.0 -9999.0 -9999.0 0.273075 0.178902 0.465317 0.250883 0.205892 0.019641 0.439484 0.417950 0.459579 0.474402 0.000000 0.000000 0.000000 0.000000 0.000000 0.000000 0.000000 0.449512 0.479980 0.343551 0.018753 0.214946 0.018717 0.437144 0.268850 0.124276 0.252101 0.479959 0.268260 0.479986 0.246798 0.239507 0.393646 0.018993 0.436191 0.321327 0.257341 0.257822 0.018870 0.448487 0.266973 0.479989 0.000162 0.479969 0.294340 0.273510 0.479981 0.479973 0.469893 0.002905 0.000000 0.000000 0.000000 -9999.0 -9999.0
-9999.0 -9999.0 -9999.0 -9999.0 -9999.0 -9999.0 -9999.0 -9999.0 0.018789 0.185193 0.465842 0.015696 0.431122 0.442584 0.469837 0.479971 0.000082 0.000000 0.130824 0.000000 0.000000 0.000000 0.000000 0.000000 0.453629 0.479950 0.454794 0.419730 0.479929 0.479979 0.366776 0.291113 0.479986 0.463317 0.087486 0.385261 0.413285 0.479983 0.255896 0.252220 0.273336 0.254606 0.407038 0.018931 0.371087 0.018759 0.451748 0.020219 0.458082 0.212827 0.479973 0.000224 0.479928 0.479934 0.479568 0.472455 0.000308 0.000000 0.000000 0.000000 0.000018 0.472998 -9999.0
-9999.0 -9999.0 -9999.0 -9999.0 -9999.0 -9999.0 -9999.0 -9999.0 0.197395 0.288254 0.425570 0.479950 0.479982 0.479979 0.447078 0.001567 0.452687 0.452222 0.479978 0.457330 0.000000 0.000000 0.000000 0.000000 0.475408 0.479980 0.401217 0.457772 0.479982 0.479984 0.458413 0.479937 0.479968 0.479309 0.180962 0.218556 0.448057 0.479976 0.479981 0.268182 0.236443 0.111482 0.461970 0.278870 0.243919 0.454545 0.247332 0.479986 0.479985 0.479978 0.479865 0.474312 0.191083 0.472605 0.467733 0.241718 0.000000 0.000000 0.000000 0.000038 0.292360 0.452754 -9999.0
-9999.0 -9999.0 0.068427 0.229366 0.234870 0.274918 0.445969 0.228068 0.193527 0.439113 0.340014 0.473466 0.479981 0.479925 0.000085 0.459357 0.479989 0.227239 0.344126 0.479945 0.460646 0.000000 0.000000 0.000000 0.000101 0.479939 0.479977 0.479978 0.468270 0.479982 0.479983 0.479970 0.448175 0.479979 0.479967 0.479980 0.443976 0.216795 0.479967 0.479983 0.479984 0.479979 0.479979 0.479985 0.479983 0.479984 0.479974 0.479976 0.100902 0.002911 0.000160 0.000093 0.000001 0.000150 0.396202 0.000188 0.430509 0.291327 0.479309 0.479968 0.446778 0.442628 -9999.0
-9999.0 0.434785 0.439621 0.425402 0.424101 0.423147 0.294145 0.249997 0.279268 0.306760 0.286820 0.439196 0.461609 0.400386 0.479944 0.479779 0.363603 0.231070 0.444981 0.479978 0.473523 0.000000 0.000051 0.000000 0.000000 0.000011 0.000000 0.000000 0.000141 0.002854 0.002502 0.479944 0.479784 0.000000 0.001615 0.000600 0.000000 0.000000 0.000000 0.000850 0.001412 0.001180 0.001633 0.479972 0.479945 0.476104 0.001135 0.000007 0.000000 0.000000 0.000000 0.000036 0.432768 0.471633 0.473881 0.479964 0.477077 0.479203 0.473882 0.472235 0.448066 0.442354 -9999.0
-9999.0 0.283770 0.479893 0.479959 0.457993 0.469091 0.358946 0.287502 0.182394 0.080410 0.343625 0.468665 0.479966 0.479929 0.479945 0.221023 0.217946 0.269901 0.479962 0.479981 0.475523 0.452492 0.000070 0.000159 0.000000 0.000000 0.000000 0.000000 0.000000 0.000000 0.000000 0.000000 0.000062 0.000000 0.000000 0.000000 0.000000 0.000000 0.000000 0.000000 0.000000 0.000000 0.000000 0.000000 0.000000 0.000000 0.000000 0.000000 0.000000 0.000000 0.219681 0.479984 0.479742 0.479892 0.479981 0.479697 0.479872 0.440603 0.443885 0.454698 0.457917 -9999.0 -9999.0
-9999.0 0.171420 0.278764 0.479822 0.479982 0.479927 0.463829 0.412405 0.441004 0.442173 0.459867 0.479978 0.475404 0.471730 0.442773 0.252513 0.250842 0.266347 0.215085 0.479967 0.479831 0.479978 0.460480 0.000155 0.000000 0.000000 0.000000 0.000000 0.000000 0.000000 0.000000 0.000000 0.000000 0.000000 0.000000 0.000000 0.000000 0.000000 0.000000 0.000000 0.000000 0.000000 0.000000 0.000000 0.000000 0.000000 0.000000 0.000000 0.000415 0.000083 0.479979 0.312125 0.452690 0.479213 0.394886 0.453829 0.464955 0.455870 0.452706 -9999.0 -9999.0 -9999.0 -9999.0
