erum2020/resources/simulation/Vinschgau/output-maps/thetaliqL0004N0548.asc
ncols         63
nrows         48
xllcorner     598000.000000
yllcorner     5145000.000000
cellsize      1000.000000
NODATA_value  -9999.0
[rows 0 to 28 of 48, columns 0 to 62 of 63]
-9999.0 -9999.0 -9999.0 -9999.0 -9999.0 -9999.0 -9999.0 -9999.0 -9999.0 -9999.0 -9999.0 -9999.0 -9999.0 -9999.0 -9999.0 -9999.0 -9999.0 -9999.0 -9999.0 -9999.0 -9999.0 -9999.0 -9999.0 -9999.0 -9999.0 -9999.0 -9999.0 -9999.0 -9999.0 -9999.0 -9999.0 -9999.0 -9999.0 -9999.0 -9999.0 -9999.0 -9999.0 -9999.0 -9999.0 -9999.0 -9999.0 -9999.0 -9999.0 -9999.0 -9999.0 -9999.0 -9999.0 -9999.0 -9999.0 -9999.0 -9999.0 -9999.0 -9999.0 -9999.0 -9999.0 -9999.0 -9999.0 -9999.0 -9999.0 -9999.0 -9999.0 -9999.0 -9999.0
-9999.0 -9999.0 -9999.0 -9999.0 -9999.0 -9999.0 -9999.0 -9999.0 -9999.0 -9999.0 -9999.0 -9999.0 -9999.0 -9999.0 -9999.0 -9999.0 -9999.0 -9999.0 -9999.0 -9999.0 -9999.0 -9999.0 -9999.0 -9999.0 -9999.0 -9999.0 -9999.0 0.047692 0.520000 0.036540 0.520000 0.520000 0.520000 -9999.0 -9999.0 -9999.0 -9999.0 -9999.0 -9999.0 -9999.0 -9999.0 -9999.0 -9999.0 -9999.0 -9999.0 -9999.0 -9999.0 -9999.0 -9999.0 -9999.0 -9999.0 -9999.0 -9999.0 -9999.0 -9999.0 -9999.0 -9999.0 -9999.0 -9999.0 -9999.0 -9999.0 -9999.0 -9999.0
-9999.0 -9999.0 -9999.0 -9999.0 -9999.0 -9999.0 -9999.0 -9999.0 -9999.0 -9999.0 -9999.0 -9999.0 -9999.0 -9999.0 -9999.0 -9999.0 -9999.0 -9999.0 -9999.0 -9999.0 -9999.0 -9999.0 -9999.0 -9999.0 0.520000 0.520000 0.520000 0.520000 0.520000 0.520000 0.520000 -9999.0 -9999.0 -9999.0 -9999.0 -9999.0 -9999.0 -9999.0 -9999.0 -9999.0 -9999.0 -9999.0 -9999.0 -9999.0 -9999.0 -9999.0 -9999.0 -9999.0 -9999.0 -9999.0 -9999.0 -9999.0 -9999.0 -9999.0 -9999.0 -9999.0 -9999.0 -9999.0 -9999.0 -9999.0 -9999.0 -9999.0 -9999.0
-9999.0 -9999.0 -9999.0 -9999.0 -9999.0 -9999.0 -9999.0 -9999.0 -9999.0 -9999.0 -9999.0 -9999.0 -9999.0 -9999.0 -9999.0 -9999.0 -9999.0 -9999.0 -9999.0 -9999.0 -9999.0 -9999.0 -9999.0 0.520000 0.520000 0.222808 0.199439 0.166883 0.500726 0.520000 0.520000 0.520000 -9999.0 -9999.0 -9999.0 -9999.0 -9999.0 -9999.0 -9999.0 -9999.0 -9999.0 -9999.0 -9999.0 -9999.0 -9999.0 -9999.0 -9999.0 -9999.0 -9999.0 -9999.0 -9999.0 -9999.0 -9999.0 -9999.0 -9999.0 -9999.0 -9999.0 -9999.0 -9999.0 -9999.0 -9999.0 -9999.0 -9999.0
-9999.0 -9999.0 -9999.0 -9999.0 -9999.0 -9999.0 -9999.0 -9999.0 -9999.0 -9999.0 -9999.0 -9999.0 -9999.0 -9999.0 -9999.0 -9999.0 -9999.0 -9999.0 0.520000 0.520000 -9999.0 0.520000 0.520000 0.295874 0.218557 0.127625 0.323128 0.371871 0.333024 0.271301 0.520000 0.520000 0.067164 0.090672 -9999.0 -9999.0 -9999.0 -9999.0 -9999.0 -9999.0 -9999.0 -9999.0 -9999.0 -9999.0 -9999.0 -9999.0 -9999.0 -9999.0 -9999.0 -9999.0 -9999.0 -9999.0 -9999.0 -9999.0 -9999.0 -9999.0 -9999.0 -9999.0 -9999.0 -9999.0 -9999.0 -9999.0 -9999.0
-9999.0 -9999.0 -9999.0 -9999.0 -9999.0 -9999.0 -9999.0 -9999.0 -9999.0 -9999.0 -9999.0 -9999.0 -9999.0 -9999.0 -9999.0 -9999.0 -9999.0 0.183981 0.363817 0.020000 0.052257 0.413647 0.337177 0.168185 0.299187 0.286052 0.364978 0.387148 0.337128 0.372482 0.520000 0.520000 0.020003 0.020001 0.020280 0.020679 -9999.0 -9999.0 -9999.0 -9999.0 -9999.0 -9999.0 -9999.0 -9999.0 -9999.0 -9999.0 -9999.0 -9999.0 -9999.0 -9999.0 -9999.0 -9999.0 -9999.0 -9999.0 -9999.0 -9999.0 -9999.0 -9999.0 -9999.0 -9999.0 -9999.0 -9999.0 -9999.0
-9999.0 -9999.0 -9999.0 -9999.0 -9999.0 -9999.0 -9999.0 -9999.0 -9999.0 -9999.0 -9999.0 -9999.0 -9999.0 0.520000 0.452633 0.301350 0.216410 0.034507 0.194477 0.247747 0.313879 0.198334 0.153259 0.323438 0.327616 0.520000 0.020209 0.520000 0.357204 0.349660 0.520000 0.520000 0.520000 0.520000 0.083501 0.040836 -9999.0 -9999.0 -9999.0 -9999.0 -9999.0 -9999.0 -9999.0 -9999.0 -9999.0 -9999.0 -9999.0 -9999.0 -9999.0 -9999.0 -9999.0 -9999.0 -9999.0 -9999.0 -9999.0 -9999.0 -9999.0 -9999.0 -9999.0 -9999.0 -9999.0 -9999.0 -9999.0
-9999.0 -9999.0 -9999.0 -9999.0 -9999.0 -9999.0 -9999.0 -9999.0 -9999.0 -9999.0 -9999.0 -9999.0 -9999.0 0.520000 0.432751 0.266606 0.266507 0.510535 0.023399 0.181030 0.204037 0.398964 0.313224 0.306377 0.404845 0.400812 0.520000 0.048419 0.065509 0.469540 0.520000 0.520000 0.055131 0.035879 0.060710 -9999.0 -9999.0 -9999.0 -9999.0 -9999.0 -9999.0 -9999.0 -9999.0 -9999.0 -9999.0 -9999.0 -9999.0 -9999.0 -9999.0 -9999.0 -9999.0 -9999.0 -9999.0 -9999.0 -9999.0 -9999.0 -9999.0 -9999.0 -9999.0 -9999.0 -9999.0 -9999.0 -9999.0
-9999.0 -9999.0 -9999.0 -9999.0 -9999.0 -9999.0 -9999.0 -9999.0 -9999.0 -9999.0 -9999.0 -9999.0 -9999.0 0.404332 0.520000 0.306511 0.309454 0.256671 0.023398 0.239008 0.520000 0.020811 0.438782 0.364028 0.402773 0.479358 0.028581 0.044403 0.520000 0.043707 0.520000 0.035938 0.032306 0.038823 0.041509 -9999.0 -9999.0 -9999.0 -9999.0 -9999.0 -9999.0 -9999.0 -9999.0 -9999.0 -9999.0 -9999.0 -9999.0 -9999.0 -9999.0 -9999.0 -9999.0 -9999.0 -9999.0 -9999.0 -9999.0 -9999.0 -9999.0 -9999.0 -9999.0 -9999.0 -9999.0 -9999.0 -9999.0
-9999.0 -9999.0 -9999.0 -9999.0 -9999.0 -9999.0 -9999.0 -9999.0 -9999.0 -9999.0 -9999.0 -9999.0 0.378024 0.520000 0.440511 0.490648 0.488682 0.345030 0.480642 0.020492 0.299167 0.426863 0.520000 0.456989 0.520000 0.520000 0.520000 0.520000 0.520000 0.073029 0.520000 0.066108 0.520000 0.046872 -9999.0 -9999.0 -9999.0 -9999.0 -9999.0 -9999.0 -9999.0 -9999.0 -9999.0 -9999.0 -9999.0 -9999.0 -9999.0 -9999.0 -9999.0 -9999.0 -9999.0 -9999.0 -9999.0 -9999.0 -9999.0 -9999.0 -9999.0 -9999.0 -9999.0 -9999.0 -9999.0 -9999.0 -9999.0
-9999.0 -9999.0 -9999.0 -9999.0 -9999.0 -9999.0 -9999.0 -9999.0 -9999.0 -9999.0 -9999.0 0.520000 0.520000 0.520000 0.492740 0.520000 0.020001 0.454199 0.520000 0.021349 0.481488 0.488994 0.520000 0.520000 0.520000 0.520000 0.520000 0.520000 0.520000 0.076352 0.066773 0.520000 0.066093 0.058371 0.046538 0.032721 0.168258 0.082748 0.070013 -9999.0 -9999.0 -9999.0 0.025342 -9999.0 -9999.0 -9999.0 -9999.0 -9999.0 -9999.0 -9999.0 -9999.0 -9999.0 -9999.0 -9999.0 -9999.0 -9999.0 -9999.0 -9999.0 -9999.0 -9999.0 -9999.0 -9999.0 -9999.0
-9999.0 -9999.0 -9999.0 -9999.0 -9999.0 -9999.0 -9999.0 -9999.0 -9999.0 -9999.0 -9999.0 0.520000 0.513731 0.520000 0.502871 0.520000 0.480173 0.298942 0.520000 0.520000 0.520000 0.520000 0.520000 0.520000 0.520000 0.520000 0.520000 0.520000 0.093205 0.079980 0.520000 0.520000 0.520000 0.520000 0.469330 0.368901 0.077955 0.056605 0.056133 0.023111 0.023440 0.033028 0.500423 0.045906 -9999.0 -9999.0 -9999.0 0.520000 0.520000 0.068140 0.520000 0.078310 0.085750 0.520000 0.520000 0.093113 -9999.0 -9999.0 -9999.0 -9999.0 -9999.0 -9999.0 -9999.0
-9999.0 -9999.0 -9999.0 -9999.0 -9999.0 -9999.0 -9999.0 -9999.0 -9999.0 -9999.0 -9999.0 0.520000 0.520000 0.520000 0.520000 0.520000 0.520000 0.520000 0.520000 0.500845 0.501862 0.520000 0.520000 0.520000 0.520000 0.070698 0.520000 0.520000 0.044606 0.520000 0.048062 0.520000 0.520000 0.520000 0.051003 0.208598 0.063898 0.055031 0.049627 0.021873 0.062133 0.164680 0.429099 0.514088 0.520000 -9999.0 0.055380 0.520000 0.520000 0.520000 0.520000 0.085716 0.520000 0.520000 0.520000 0.520000 -9999.0 -9999.0 -9999.0 -9999.0 -9999.0 -9999.0 -9999.0
-9999.0 -9999.0 -9999.0 -9999.0 -9999.0 -9999.0 -9999.0 -9999.0 -9999.0 -9999.0 -9999.0 -9999.0 0.520000 0.520000 0.520000 0.520000 0.520000 0.520000 0.520000 0.519054 0.512203 0.520000 0.520000 0.520000 0.520000 0.520000 0.520000 0.520000 0.520000 0.057656 0.520000 0.520000 0.520000 0.520000 0.467343 0.224691 0.064746 0.056233 0.050565 0.055227 0.069738 0.023647 0.358126 0.494896 0.033900 0.520000 0.049711 0.520000 0.520000 0.520000 0.520000 0.520000 0.520000 0.520000 0.520000 0.520000 0.520000 -9999.0 -9999.0 -9999.0 -9999.0 -9999.0 -9999.0
-9999.0 -9999.0 -9999.0 -9999.0 -9999.0 -9999.0 -9999.0 -9999.0 -9999.0 -9999.0 -9999.0 0.520000 0.520000 0.520000 0.520000 0.520000 0.520000 0.520000 0.520000 0.419418 0.511257 0.520000 0.520000 0.520000 0.520000 0.520000 0.520000 0.520000 0.520000 0.045693 0.520000 0.520000 0.520000 0.520000 0.520000 0.343236 0.068659 0.060738 0.064786 0.059793 0.080678 0.093358 0.386821 0.021425 0.520000 0.520000 0.520000 0.044626 0.042890 0.520000 0.020509 0.520000 0.520000 0.099947 0.092348 0.047629 0.094824 -9999.0 -9999.0 -9999.0 -9999.0 -9999.0 -9999.0
-9999.0 -9999.0 -9999.0 -9999.0 -9999.0 -9999.0 -9999.0 -9999.0 -9999.0 -9999.0 0.520000 0.520000 0.520000 0.520000 0.520000 0.520000 0.520000 0.520000 0.348562 0.369597 0.520000 0.520000 0.520000 0.520000 0.520000 0.520000 0.520000 0.021986 0.520000 0.520000 0.520000 0.520000 0.520000 0.520000 0.071031 0.046537 0.202641 0.071828 0.075116 0.075632 0.081763 0.021584 0.092208 0.326259 0.465661 0.062458 0.520000 0.520000 0.520000 0.520000 0.020895 0.065793 0.056825 0.053290 0.090762 0.520000 0.520000 -9999.0 -9999.0 -9999.0 -9999.0 -9999.0 -9999.0
-9999.0 -9999.0 -9999.0 -9999.0 -9999.0 -9999.0 -9999.0 -9999.0 -9999.0 0.520000 0.520000 0.520000 0.520000 0.520000 0.520000 0.520000 0.520000 0.520000 0.433388 0.309639 0.515511 0.366628 0.520000 0.398784 0.486676 0.520000 0.520000 0.520000 0.520000 0.504551 0.520000 0.520000 0.047631 0.056537 0.049195 0.046574 0.520000 0.283291 0.094504 0.369420 0.327301 0.354945 0.372105 0.187054 0.401391 0.465053 0.520000 0.456900 0.502468 0.520000 0.520000 0.068945 0.041914 0.101745 0.095638 0.520000 0.520000 0.129670 0.112861 -9999.0 -9999.0 -9999.0 -9999.0
-9999.0 -9999.0 -9999.0 -9999.0 -9999.0 -9999.0 -9999.0 -9999.0 -9999.0 0.520000 0.520000 0.520000 0.520000 0.520000 0.520000 0.520000 0.520000 0.520000 0.428531 0.288595 0.302331 0.272563 0.420828 0.520000 0.520000 0.520000 0.520000 0.512020 0.439662 0.513116 0.520000 0.520000 0.520000 0.520000 0.520000 0.054951 0.049116 0.050541 0.497153 0.520000 0.464021 0.487654 0.285072 0.396938 0.305425 0.295246 0.345773 0.269889 0.387849 0.520000 0.520000 0.520000 0.107654 0.520000 0.153277 0.520000 0.520000 0.520000 0.121203 -9999.0 -9999.0 -9999.0 -9999.0
-9999.0 -9999.0 -9999.0 -9999.0 -9999.0 -9999.0 -9999.0 -9999.0 -9999.0 -9999.0 0.520000 0.520000 0.520000 0.520000 0.520000 0.520000 0.520000 0.515581 0.412399 0.321041 0.381474 0.457894 0.506281 0.520000 0.509520 0.501350 0.479593 0.476972 0.520000 0.520000 0.520000 0.520000 0.520000 0.520000 0.520000 0.520000 0.498878 0.520000 0.072545 0.520000 0.520000 0.520000 0.520000 0.520000 0.520000 0.475190 0.506846 0.429741 0.356112 0.520000 0.520000 0.520000 0.087542 0.098450 0.520000 0.520000 0.520000 0.520000 0.520000 0.520000 -9999.0 -9999.0 -9999.0
-9999.0 -9999.0 -9999.0 -9999.0 -9999.0 -9999.0 -9999.0 -9999.0 -9999.0 -9999.0 0.520000 0.520000 0.520000 0.520000 0.520000 0.480419 0.507476 0.411140 0.272220 0.293914 0.257676 0.331797 0.420309 0.419479 0.463978 0.451647 0.464001 0.520000 0.520000 0.520000 0.520000 0.520000 0.021044 0.520000 0.520000 0.520000 0.520000 0.520000 0.520000 0.520000 0.520000 0.140585 0.520000 0.520000 0.520000 0.520000 0.520000 0.520000 0.520000 0.520000 0.520000 0.520000 0.520000 0.102107 0.123796 0.116812 0.520000 0.520000 0.520000 0.520000 -9999.0 -9999.0 -9999.0
-9999.0 -9999.0 -9999.0 -9999.0 -9999.0 -9999.0 -9999.0 -9999.0 0.520000 0.520000 0.520000 0.520000 0.520000 0.520000 0.520000 0.455543 0.329644 0.307767 0.236011 0.261794 0.201456 0.212160 0.250792 0.272456 0.307160 0.446457 0.520000 0.520000 0.520000 0.520000 0.051062 0.520000 0.520000 0.520000 0.520000 0.520000 0.520000 0.520000 0.520000 0.062857 0.031622 0.520000 0.021317 0.044937 0.038146 0.520000 0.520000 0.520000 0.520000 0.520000 0.520000 0.520000 0.520000 0.520000 0.089711 0.520000 0.107296 0.520000 0.520000 0.520000 -9999.0 -9999.0 -9999.0
-9999.0 -9999.0 -9999.0 -9999.0 -9999.0 -9999.0 -9999.0 -9999.0 0.200000 0.520000 0.520000 0.520000 0.520000 0.520000 0.520000 0.515538 0.471957 0.374838 0.205521 0.218693 0.248360 0.180912 0.253089 0.233500 0.205250 0.384327 0.520000 0.520000 0.023358 0.520000 0.520000 0.025739 0.520000 0.025281 0.520000 0.520000 0.520000 0.520000 0.520000 0.520000 0.520000 0.199999 0.041527 0.520000 0.520000 0.520000 0.077630 0.520000 0.520000 0.520000 0.520000 0.520000 0.520000 0.520000 0.520000 0.023900 0.520000 0.520000 0.520000 0.520000 0.332753 -9999.0 -9999.0
-9999.0 -9999.0 -9999.0 -9999.0 -9999.0 -9999.0 -9999.0 -9999.0 0.520000 0.520000 0.520000 0.520000 0.520000 0.030428 0.520000 0.520000 0.429895 0.267742 0.181475 0.273285 0.195677 0.171176 0.175300 0.176376 0.259958 0.397560 0.520000 0.520000 0.022884 0.520000 0.025058 0.520000 0.520000 0.520000 0.520000 0.520000 0.520000 0.520000 0.520000 0.520000 0.520000 0.024836 0.520000 0.520000 0.520000 0.520000 0.046614 0.520000 0.520000 0.520000 0.520000 0.520000 0.520000 0.520000 0.520000 0.520000 0.520000 0.520000 0.520000 0.520000 0.421020 -9999.0 -9999.0
-9999.0 -9999.0 -9999.0 -9999.0 -9999.0 -9999.0 -9999.0 -9999.0 0.036952 0.520000 0.520000 0.022871 0.520000 0.520000 0.520000 0.493113 0.416377 0.190650 0.319981 0.192535 0.209003 0.203103 0.187751 0.210919 0.263840 0.426738 0.520000 0.520000 0.520000 0.520000 0.520000 0.520000 0.520000 0.520000 0.520000 0.520000 0.520000 0.520000 0.520000 0.520000 0.520000 0.520000 0.520000 0.064962 0.520000 0.054610 0.520000 0.063130 0.520000 0.520000 0.520000 0.520000 0.520000 0.520000 0.520000 0.520000 0.520000 0.520000 0.520000 0.444939 0.497914 0.520000 -9999.0
-9999.0 -9999.0 -9999.0 -9999.0 -9999.0 -9999.0 -9999.0 -9999.0 0.520000 0.520000 0.520000 0.520000 0.520000 0.520000 0.520000 0.472573 0.458491 0.425861 0.446827 0.359785 0.207437 0.212693 0.223164 0.244716 0.246551 0.367240 0.506024 0.520000 0.496613 0.520000 0.520000 0.520000 0.520000 0.520000 0.520000 0.520000 0.520000 0.520000 0.520000 0.520000 0.520000 0.520000 0.520000 0.520000 0.520000 0.520000 0.520000 0.520000 0.520000 0.520000 0.520000 0.373927 0.520000 0.520000 0.520000 0.520000 0.520000 0.520000 0.520000 0.516832 0.497791 0.520000 -9999.0
-9999.0 -9999.0 0.520000 0.520000 0.520000 0.520000 0.520000 0.520000 0.520000 0.520000 0.520000 0.520000 0.520000 0.520000 0.476679 0.475494 0.520000 0.520000 0.520000 0.466863 0.301376 0.226406 0.307397 0.186332 0.261599 0.260479 0.346307 0.400304 0.467780 0.520000 0.506273 0.520000 0.520000 0.520000 0.520000 0.520000 0.520000 0.520000 0.520000 0.520000 0.520000 0.520000 0.520000 0.520000 0.520000 0.520000 0.520000 0.520000 0.520000 0.470246 0.364200 0.334484 0.520000 0.520000 0.520000 0.520000 0.520000 0.520000 0.520000 0.520000 0.520000 0.520000 -9999.0
-9999.0 0.520000 0.520000 0.520000 0.520000 0.520000 0.520000 0.520000 0.520000 0.520000 0.520000 0.520000 0.520000 0.520000 0.520000 0.520000 0.520000 0.520000 0.520000 0.464498 0.250485 0.429796 0.520000 0.227692 0.190671 0.199206 0.222264 0.226970 0.464242 0.452559 0.252638 0.384166 0.520000 0.520000 0.505654 0.410709 0.493949 0.500557 0.520000 0.520000 0.520000 0.520000 0.520000 0.520000 0.470677 0.439296 0.458567 0.411099 0.471146 0.300138 0.419023 0.520000 0.520000 0.520000 0.520000 0.520000 0.520000 0.520000 0.520000 0.520000 0.520000 0.520000 -9999.0
-9999.0 0.520000 0.520000 0.520000 0.514967 0.520000 0.520000 0.520000 0.520000 0.520000 0.520000 0.520000 0.520000 0.520000 0.520000 0.520000 0.520000 0.520000 0.520000 0.520000 0.520000 0.504055 0.460474 0.451234 0.352542 0.252459 0.167010 0.169966 0.324574 0.234950 0.156632 0.170658 0.520000 0.520000 0.520000 0.520000 0.413902 0.465265 0.520000 0.381840 0.520000 0.520000 0.520000 0.259062 0.198997 0.181724 0.311218 0.421657 0.421453 0.520000 0.520000 0.520000 0.520000 0.520000 0.520000 0.520000 0.520000 0.520000 0.520000 0.520000 0.520000 -9999.0 -9999.0
-9999.0 0.520000 0.520000 0.520000 0.520000 0.520000 0.520000 0.520000 0.520000 0.520000 0.520000 0.520000 0.474246 0.520000 0.520000 0.520000 0.520000 0.520000 0.520000 0.520000 0.482200 0.441036 0.274664 0.446051 0.516365 0.407289 0.500930 0.520000 0.228495 0.368449 0.212442 0.194248 0.499485 0.520000 0.492911 0.350423 0.496287 0.450876 0.493726 0.341072 0.322748 0.500701 0.450837 0.245560 0.240042 0.468843 0.452363 0.520000 0.520000 0.520000 0.520000 0.520000 0.520000 0.520000 0.520000 0.520000 0.520000 0.520000 0.520000 -9999.0 -9999.0 -9999.0 -9999.0
