erum2020/resources/simulation/Vinschgau/output-maps/thetaliqL0005N0705.asc
ncols         63
nrows         48
xllcorner     598000.000000
yllcorner     5145000.000000
cellsize      1000.000000
NODATA_value  -9999.0
[rows 0 to 28 of 48, columns 0 to 62 of 63]
-9999.0 -9999.0 -9999.0 -9999.0 -9999.0 -9999.0 -9999.0 -9999.0 -9999.0 -9999.0 -9999.0 -9999.0 -9999.0 -9999.0 -9999.0 -9999.0 -9999.0 -9999.0 -9999.0 -9999.0 -9999.0 -9999.0 -9999.0 -9999.0 -9999.0 -9999.0 -9999.0 -9999.0 -9999.0 -9999.0 -9999.0 -9999.0 -9999.0 -9999.0 -9999.0 -9999.0 -9999.0 -9999.0 -9999.0 -9999.0 -9999.0 -9999.0 -9999.0 -9999.0 -9999.0 -9999.0 -9999.0 -9999.0 -9999.0 -9999.0 -9999.0 -9999.0 -9999.0 -9999.0 -9999.0 -9999.0 -9999.0 -9999.0 -9999.0 -9999.0 -9999.0 -9999.0 -9999.0
-9999.0 -9999.0 -9999.0 -9999.0 -9999.0 -9999.0 -9999.0 -9999.0 -9999.0 -9999.0 -9999.0 -9999.0 -9999.0 -9999.0 -9999.0 -9999.0 -9999.0 -9999.0 -9999.0 -9999.0 -9999.0 -9999.0 -9999.0 -9999.0 -9999.0 -9999.0 -9999.0 0.042186 0.430000 0.041875 0.430000 0.200000 0.200000 -9999.0 -9999.0 -9999.0 -9999.0 -9999.0 -9999.0 -9999.0 -9999.0 -9999.0 -9999.0 -9999.0 -9999.0 -9999.0 -9999.0 -9999.0 -9999.0 -9999.0 -9999.0 -9999.0 -9999.0 -9999.0 -9999.0 -9999.0 -9999.0 -9999.0 -9999.0 -9999.0 -9999.0 -9999.0 -9999.0
-9999.0 -9999.0 -9999.0 -9999.0 -9999.0 -9999.0 -9999.0 -9999.0 -9999.0 -9999.0 -9999.0 -9999.0 -9999.0 -9999.0 -9999.0 -9999.0 -9999.0 -9999.0 -9999.0 -9999.0 -9999.0 -9999.0 -9999.0 -9999.0 0.430000 0.428811 0.430000 0.427044 0.430000 0.430000 0.430000 -9999.0 -9999.0 -9999.0 -9999.0 -9999.0 -9999.0 -9999.0 -9999.0 -9999.0 -9999.0 -9999.0 -9999.0 -9999.0 -9999.0 -9999.0 -9999.0 -9999.0 -9999.0 -9999.0 -9999.0 -9999.0 -9999.0 -9999.0 -9999.0 -9999.0 -9999.0 -9999.0 -9999.0 -9999.0 -9999.0 -9999.0 -9999.0
-9999.0 -9999.0 -9999.0 -9999.0 -9999.0 -9999.0 -9999.0 -9999.0 -9999.0 -9999.0 -9999.0 -9999.0 -9999.0 -9999.0 -9999.0 -9999.0 -9999.0 -9999.0 -9999.0 -9999.0 -9999.0 -9999.0 -9999.0 0.420266 0.430000 0.310389 0.420975 0.372170 0.430000 0.430000 0.430000 0.430000 -9999.0 -9999.0 -9999.0 -9999.0 -9999.0 -9999.0 -9999.0 -9999.0 -9999.0 -9999.0 -9999.0 -9999.0 -9999.0 -9999.0 -9999.0 -9999.0 -9999.0 -9999.0 -9999.0 -9999.0 -9999.0 -9999.0 -9999.0 -9999.0 -9999.0 -9999.0 -9999.0 -9999.0 -9999.0 -9999.0 -9999.0
-9999.0 -9999.0 -9999.0 -9999.0 -9999.0 -9999.0 -9999.0 -9999.0 -9999.0 -9999.0 -9999.0 -9999.0 -9999.0 -9999.0 -9999.0 -9999.0 -9999.0 -9999.0 0.430000 0.405680 -9999.0 0.430000 0.430000 0.375399 0.404642 0.324512 0.415030 0.430000 0.430000 0.405924 0.430000 0.430000 0.039013 0.049079 -9999.0 -9999.0 -9999.0 -9999.0 -9999.0 -9999.0 -9999.0 -9999.0 -9999.0 -9999.0 -9999.0 -9999.0 -9999.0 -9999.0 -9999.0 -9999.0 -9999.0 -9999.0 -9999.0 -9999.0 -9999.0 -9999.0 -9999.0 -9999.0 -9999.0 -9999.0 -9999.0 -9999.0 -9999.0
-9999.0 -9999.0 -9999.0 -9999.0 -9999.0 -9999.0 -9999.0 -9999.0 -9999.0 -9999.0 -9999.0 -9999.0 -9999.0 -9999.0 -9999.0 -9999.0 -9999.0 0.284391 0.409600 0.020345 0.036448 0.416548 0.390791 0.430000 0.387787 0.430000 0.430000 0.430000 0.430000 0.430000 0.430000 0.430000 0.024752 0.020639 0.024586 0.032191 -9999.0 -9999.0 -9999.0 -9999.0 -9999.0 -9999.0 -9999.0 -9999.0 -9999.0 -9999.0 -9999.0 -9999.0 -9999.0 -9999.0 -9999.0 -9999.0 -9999.0 -9999.0 -9999.0 -9999.0 -9999.0 -9999.0 -9999.0 -9999.0 -9999.0 -9999.0 -9999.0
-9999.0 -9999.0 -9999.0 -9999.0 -9999.0 -9999.0 -9999.0 -9999.0 -9999.0 -9999.0 -9999.0 -9999.0 -9999.0 0.430000 0.407246 0.335872 0.225679 0.023641 0.286896 0.362441 0.373457 0.369868 0.401782 0.419213 0.430000 0.430000 0.020396 0.430000 0.430000 0.430000 0.430000 0.430000 0.430000 0.430000 0.066472 0.040324 -9999.0 -9999.0 -9999.0 -9999.0 -9999.0 -9999.0 -9999.0 -9999.0 -9999.0 -9999.0 -9999.0 -9999.0 -9999.0 -9999.0 -9999.0 -9999.0 -9999.0 -9999.0 -9999.0 -9999.0 -9999.0 -9999.0 -9999.0 -9999.0 -9999.0 -9999.0 -9999.0
-9999.0 -9999.0 -9999.0 -9999.0 -9999.0 -9999.0 -9999.0 -9999.0 -9999.0 -9999.0 -9999.0 -9999.0 -9999.0 0.430000 0.403674 0.332895 0.237582 0.430000 0.023459 0.334610 0.310414 0.394112 0.425794 0.430000 0.430000 0.430000 0.421113 0.047752 0.054498 0.430000 0.430000 0.430000 0.050558 0.048025 0.055254 -9999.0 -9999.0 -9999.0 -9999.0 -9999.0 -9999.0 -9999.0 -9999.0 -9999.0 -9999.0 -9999.0 -9999.0 -9999.0 -9999.0 -9999.0 -9999.0 -9999.0 -9999.0 -9999.0 -9999.0 -9999.0 -9999.0 -9999.0 -9999.0 -9999.0 -9999.0 -9999.0 -9999.0
-9999.0 -9999.0 -9999.0 -9999.0 -9999.0 -9999.0 -9999.0 -9999.0 -9999.0 -9999.0 -9999.0 -9999.0 -9999.0 0.380424 0.430000 0.335835 0.298203 0.244593 0.022790 0.242204 0.430000 0.020379 0.430000 0.424954 0.430000 0.430000 0.034001 0.040487 0.430000 0.044611 0.430000 0.061666 0.044078 0.075122 0.050232 -9999.0 -9999.0 -9999.0 -9999.0 -9999.0 -9999.0 -9999.0 -9999.0 -9999.0 -9999.0 -9999.0 -9999.0 -9999.0 -9999.0 -9999.0 -9999.0 -9999.0 -9999.0 -9999.0 -9999.0 -9999.0 -9999.0 -9999.0 -9999.0 -9999.0 -9999.0 -9999.0 -9999.0
-9999.0 -9999.0 -9999.0 -9999.0 -9999.0 -9999.0 -9999.0 -9999.0 -9999.0 -9999.0 -9999.0 -9999.0 0.422545 0.430000 0.430000 0.418728 0.420487 0.358575 0.385204 0.020272 0.387909 0.390487 0.107307 0.418309 0.430000 0.430000 0.430000 0.430000 0.430000 0.058388 0.430000 0.044080 0.430000 0.046180 -9999.0 -9999.0 -9999.0 -9999.0 -9999.0 -9999.0 -9999.0 -9999.0 -9999.0 -9999.0 -9999.0 -9999.0 -9999.0 -9999.0 -9999.0 -9999.0 -9999.0 -9999.0 -9999.0 -9999.0 -9999.0 -9999.0 -9999.0 -9999.0 -9999.0 -9999.0 -9999.0 -9999.0 -9999.0
-9999.0 -9999.0 -9999.0 -9999.0 -9999.0 -9999.0 -9999.0 -9999.0 -9999.0 -9999.0 -9999.0 0.430000 0.430000 0.430000 0.430000 0.430000 0.020360 0.393792 0.430000 0.024107 0.430000 0.430000 0.430000 0.430000 0.430000 0.430000 0.430000 0.430000 0.430000 0.072594 0.046088 0.430000 0.048594 0.045047 0.041370 0.040817 0.381648 0.279884 0.103135 -9999.0 -9999.0 -9999.0 0.023917 -9999.0 -9999.0 -9999.0 -9999.0 -9999.0 -9999.0 -9999.0 -9999.0 -9999.0 -9999.0 -9999.0 -9999.0 -9999.0 -9999.0 -9999.0 -9999.0 -9999.0 -9999.0 -9999.0 -9999.0
-9999.0 -9999.0 -9999.0 -9999.0 -9999.0 -9999.0 -9999.0 -9999.0 -9999.0 -9999.0 -9999.0 0.430000 0.430000 0.430000 0.430000 0.430000 0.414937 0.402310 0.428178 0.430000 0.430000 0.430000 0.430000 0.430000 0.430000 0.430000 0.430000 0.430000 0.073544 0.055471 0.430000 0.430000 0.430000 0.430000 0.428060 0.430000 0.430000 0.151156 0.184390 0.024772 0.033492 0.044207 0.430000 0.041201 -9999.0 -9999.0 -9999.0 0.430000 0.430000 0.046241 0.430000 0.046650 0.049535 0.430000 0.430000 0.082647 -9999.0 -9999.0 -9999.0 -9999.0 -9999.0 -9999.0 -9999.0
-9999.0 -9999.0 -9999.0 -9999.0 -9999.0 -9999.0 -9999.0 -9999.0 -9999.0 -9999.0 -9999.0 0.430000 0.430000 0.430000 0.430000 0.430000 0.430000 0.430000 0.430000 0.425932 0.430000 0.430000 0.424620 0.430000 0.430000 0.045404 0.430000 0.430000 0.043741 0.430000 0.044525 0.430000 0.430000 0.430000 0.046080 0.430000 0.430000 0.074712 0.070657 0.024242 0.347201 0.154040 0.430000 0.430000 0.430000 -9999.0 0.044985 0.430000 0.430000 0.430000 0.200000 0.049244 0.200000 0.430000 0.200000 0.430000 -9999.0 -9999.0 -9999.0 -9999.0 -9999.0 -9999.0 -9999.0
-9999.0 -9999.0 -9999.0 -9999.0 -9999.0 -9999.0 -9999.0 -9999.0 -9999.0 -9999.0 -9999.0 -9999.0 0.430000 0.430000 0.416098 0.430000 0.424079 0.419430 0.430000 0.430000 0.430000 0.430000 0.430000 0.430000 0.430000 0.430000 0.430000 0.200000 0.430000 0.042650 0.430000 0.430000 0.200000 0.430000 0.430000 0.430000 0.246576 0.075016 0.067860 0.028615 0.157548 0.024184 0.430000 0.430000 0.035256 0.430000 0.041499 0.430000 0.430000 0.430000 0.430000 0.430000 0.430000 0.430000 0.430000 0.430000 0.430000 -9999.0 -9999.0 -9999.0 -9999.0 -9999.0 -9999.0
-9999.0 -9999.0 -9999.0 -9999.0 -9999.0 -9999.0 -9999.0 -9999.0 -9999.0 -9999.0 -9999.0 0.430000 0.430000 0.200000 0.430000 0.430000 0.430000 0.430000 0.430000 0.423768 0.430000 0.430000 0.430000 0.418037 0.423865 0.430000 0.430000 0.430000 0.418828 0.040612 0.430000 0.430000 0.430000 0.430000 0.430000 0.430000 0.368194 0.065161 0.082926 0.085133 0.089431 0.155169 0.430000 0.020105 0.430000 0.430000 0.430000 0.035307 0.035177 0.116930 0.021189 0.430000 0.430000 0.034086 0.028659 0.050363 0.056170 -9999.0 -9999.0 -9999.0 -9999.0 -9999.0 -9999.0
-9999.0 -9999.0 -9999.0 -9999.0 -9999.0 -9999.0 -9999.0 -9999.0 -9999.0 -9999.0 0.430000 0.430000 0.428655 0.423761 0.424198 0.430000 0.430000 0.407520 0.304658 0.429510 0.430000 0.430000 0.419152 0.409586 0.430000 0.430000 0.430000 0.020423 0.200000 0.430000 0.430000 0.430000 0.430000 0.430000 0.055452 0.044080 0.430000 0.430000 0.157607 0.415558 0.430000 0.020711 0.048203 0.430000 0.430000 0.039725 0.430000 0.430000 0.430000 0.430000 0.020285 0.049588 0.033973 0.093174 0.056683 0.430000 0.430000 -9999.0 -9999.0 -9999.0 -9999.0 -9999.0 -9999.0
-9999.0 -9999.0 -9999.0 -9999.0 -9999.0 -9999.0 -9999.0 -9999.0 -9999.0 0.430000 0.430000 0.430000 0.430000 0.409830 0.430000 0.430000 0.427108 0.422742 0.402832 0.351778 0.430000 0.381588 0.420368 0.364355 0.416533 0.430000 0.400163 0.427116 0.430000 0.430000 0.430000 0.169884 0.058173 0.054001 0.044533 0.044186 0.430000 0.430000 0.430000 0.430000 0.430000 0.430000 0.430000 0.407911 0.430000 0.428746 0.430000 0.391040 0.404680 0.430000 0.115812 0.051569 0.092261 0.086658 0.057199 0.430000 0.430000 0.089927 0.063875 -9999.0 -9999.0 -9999.0 -9999.0
-9999.0 -9999.0 -9999.0 -9999.0 -9999.0 -9999.0 -9999.0 -9999.0 -9999.0 0.200000 0.430000 0.430000 0.430000 0.411147 0.396174 0.398652 0.424203 0.417119 0.416613 0.368564 0.429751 0.340181 0.418979 0.430000 0.430000 0.396920 0.414101 0.427350 0.407882 0.430000 0.430000 0.430000 0.430000 0.430000 0.430000 0.042846 0.042866 0.043131 0.430000 0.430000 0.430000 0.430000 0.396268 0.430000 0.401454 0.365593 0.388811 0.398383 0.394776 0.419867 0.164075 0.430000 0.066753 0.430000 0.163975 0.430000 0.430000 0.430000 0.079547 -9999.0 -9999.0 -9999.0 -9999.0
-9999.0 -9999.0 -9999.0 -9999.0 -9999.0 -9999.0 -9999.0 -9999.0 -9999.0 -9999.0 0.430000 0.430000 0.430000 0.430000 0.417298 0.395444 0.420823 0.429012 0.430000 0.364607 0.430000 0.430000 0.430000 0.430000 0.400652 0.414782 0.424370 0.421426 0.430000 0.430000 0.430000 0.430000 0.430000 0.430000 0.430000 0.430000 0.412572 0.430000 0.053297 0.430000 0.430000 0.430000 0.430000 0.430000 0.430000 0.430000 0.430000 0.427548 0.401454 0.430000 0.153956 0.114159 0.051534 0.086426 0.430000 0.430000 0.430000 0.430000 0.430000 0.397520 -9999.0 -9999.0 -9999.0
-9999.0 -9999.0 -9999.0 -9999.0 -9999.0 -9999.0 -9999.0 -9999.0 -9999.0 -9999.0 0.430000 0.430000 0.430000 0.430000 0.430000 0.401350 0.408123 0.394233 0.430000 0.278270 0.253945 0.383061 0.399094 0.386697 0.412369 0.425991 0.422322 0.430000 0.430000 0.430000 0.430000 0.430000 0.020240 0.430000 0.430000 0.430000 0.430000 0.430000 0.430000 0.430000 0.430000 0.138368 0.430000 0.430000 0.430000 0.170755 0.430000 0.430000 0.430000 0.430000 0.430000 0.430000 0.430000 0.060762 0.072734 0.064958 0.430000 0.430000 0.430000 0.430000 -9999.0 -9999.0 -9999.0
-9999.0 -9999.0 -9999.0 -9999.0 -9999.0 -9999.0 -9999.0 -9999.0 0.430000 0.422228 0.196612 0.430000 0.430000 0.430000 0.430000 0.426163 0.353791 0.354946 0.351206 0.212160 0.237313 0.378230 0.389252 0.375507 0.397144 0.399561 0.430000 0.430000 0.430000 0.430000 0.057452 0.430000 0.430000 0.430000 0.430000 0.430000 0.430000 0.430000 0.430000 0.040668 0.036429 0.430000 0.021293 0.047063 0.035679 0.430000 0.430000 0.430000 0.430000 0.430000 0.430000 0.159943 0.430000 0.430000 0.044338 0.200000 0.073054 0.430000 0.427955 0.430000 -9999.0 -9999.0 -9999.0
-9999.0 -9999.0 -9999.0 -9999.0 -9999.0 -9999.0 -9999.0 -9999.0 0.200000 0.430000 0.430000 0.430000 0.430000 0.430000 0.429041 0.430000 0.430000 0.409861 0.385813 0.227548 0.426226 0.405000 0.391622 0.365464 0.367820 0.404000 0.430000 0.430000 0.020643 0.430000 0.430000 0.030325 0.430000 0.031100 0.430000 0.430000 0.430000 0.430000 0.430000 0.430000 0.430000 0.193707 0.036727 0.430000 0.430000 0.430000 0.020778 0.430000 0.430000 0.430000 0.430000 0.430000 0.430000 0.430000 0.200000 0.020119 0.430000 0.430000 0.430000 0.430000 0.220485 -9999.0 -9999.0
-9999.0 -9999.0 -9999.0 -9999.0 -9999.0 -9999.0 -9999.0 -9999.0 0.430000 0.430000 0.430000 0.430000 0.430000 0.020838 0.412929 0.421026 0.388500 0.379070 0.298503 0.353526 0.229643 0.306706 0.385173 0.232459 0.376873 0.430000 0.430000 0.430000 0.020409 0.430000 0.025689 0.430000 0.430000 0.107796 0.430000 0.430000 0.430000 0.430000 0.430000 0.430000 0.430000 0.030474 0.430000 0.430000 0.430000 0.430000 0.033144 0.430000 0.430000 0.430000 0.426354 0.430000 0.430000 0.430000 0.430000 0.430000 0.430000 0.430000 0.430000 0.430000 0.430000 -9999.0 -9999.0
-9999.0 -9999.0 -9999.0 -9999.0 -9999.0 -9999.0 -9999.0 -9999.0 0.035891 0.430000 0.430000 0.020395 0.430000 0.430000 0.146615 0.424533 0.425798 0.343823 0.408244 0.254555 0.238541 0.252528 0.309443 0.222708 0.309413 0.429340 0.430000 0.430000 0.413269 0.430000 0.430000 0.430000 0.108126 0.430000 0.116595 0.395487 0.411039 0.415046 0.430000 0.430000 0.430000 0.430000 0.430000 0.033071 0.415872 0.033578 0.200000 0.034080 0.400225 0.409188 0.423378 0.423190 0.430000 0.415310 0.430000 0.430000 0.430000 0.430000 0.430000 0.430000 0.430000 0.430000 -9999.0
-9999.0 -9999.0 -9999.0 -9999.0 -9999.0 -9999.0 -9999.0 -9999.0 0.430000 0.430000 0.430000 0.430000 0.430000 0.430000 0.430000 0.430000 0.430000 0.427871 0.417982 0.413269 0.274913 0.329961 0.252602 0.244422 0.398522 0.399730 0.408181 0.419230 0.425402 0.430000 0.430000 0.430000 0.430000 0.430000 0.430000 0.430000 0.429937 0.422281 0.430000 0.430000 0.427278 0.106661 0.430000 0.105658 0.424605 0.426738 0.430000 0.430000 0.406671 0.416990 0.423034 0.395573 0.388818 0.404981 0.430000 0.430000 0.430000 0.430000 0.430000 0.430000 0.430000 0.430000 -9999.0
-9999.0 -9999.0 0.198849 0.430000 0.430000 0.417192 0.430000 0.430000 0.430000 0.430000 0.430000 0.430000 0.430000 0.430000 0.430000 0.430000 0.430000 0.430000 0.430000 0.426289 0.399534 0.430000 0.430000 0.209222 0.262382 0.384876 0.395926 0.412052 0.430000 0.430000 0.415923 0.430000 0.430000 0.430000 0.430000 0.424400 0.428066 0.409835 0.430000 0.430000 0.430000 0.430000 0.430000 0.430000 0.430000 0.428829 0.430000 0.430000 0.430000 0.430000 0.430000 0.353592 0.430000 0.430000 0.430000 0.430000 0.430000 0.430000 0.430000 0.430000 0.430000 0.430000 -9999.0
-9999.0 0.427009 0.430000 0.430000 0.403676 0.430000 0.430000 0.430000 0.430000 0.430000 0.430000 0.430000 0.430000 0.430000 0.430000 0.430000 0.430000 0.430000 0.404112 0.425375 0.414779 0.430000 0.430000 0.430000 0.228495 0.228402 0.283746 0.363492 0.430000 0.430000 0.389702 0.416892 0.430000 0.430000 0.430000 0.430000 0.430000 0.395467 0.430000 0.422123 0.415938 0.430000 0.430000 0.425977 0.391521 0.397863 0.426712 0.430000 0.430000 0.430000 0.430000 0.430000 0.430000 0.430000 0.430000 0.430000 0.430000 0.430000 0.430000 0.430000 0.430000 0.430000 -9999.0
-9999.0 0.430000 0.430000 0.430000 0.397506 0.430000 0.430000 0.419960 0.425529 0.198553 0.430000 0.430000 0.430000 0.430000 0.430000 0.430000 0.430000 0.422216 0.430000 0.430000 0.430000 0.430000 0.430000 0.430000 0.430000 0.326500 0.197525 0.194571 0.430000 0.430000 0.303811 0.351301 0.430000 0.430000 0.430000 0.430000 0.430000 0.430000 0.430000 0.422671 0.430000 0.430000 0.430000 0.302101 0.215931 0.344858 0.400045 0.430000 0.430000 0.430000 0.430000 0.430000 0.430000 0.430000 0.430000 0.430000 0.430000 0.430000 0.430000 0.430000 0.430000 -9999.0 -9999.0
-9999.0 0.200000 0.430000 0.430000 0.430000 0.430000 0.430000 0.430000 0.426383 0.430000 0.430000 0.430000 0.430000 0.430000 0.430000 0.430000 0.430000 0.430000 0.430000 0.430000 0.417950 0.416095 0.276589 0.430000 0.430000 0.430000 0.430000 0.430000 0.279907 0.426207 0.204700 0.193846 0.430000 0.430000 0.430000 0.430000 0.430000 0.372201 0.430000 0.396936 0.430000 0.430000 0.428204 0.205520 0.187379 0.430000 0.430000 0.430000 0.430000 0.430000 0.430000 0.430000 0.430000 0.430000 0.430000 0.430000 0.430000 0.430000 0.430000 -9999.0 -9999.0 -9999.0 -9999.0
