erum2020/resources/simulation/Vinschgau/output-maps/thetaliqL0005N0115.asc
ncols         63
nrows         48
xllcorner     598000.000000
yllcorner     5145000.000000
cellsize      1000.000000
NODATA_value  -9999.0
[rows 0 to 28 of 48, columns 0 to 62 of 63]
-9999.0 -9999.0 -9999.0 -9999.0 -9999.0 -9999.0 -9999.0 -9999.0 -9999.0 -9999.0 -9999.0 -9999.0 -9999.0 -9999.0 -9999.0 -9999.0 -9999.0 -9999.0 -9999.0 -9999.0 -9999.0 -9999.0 -9999.0 -9999.0 -9999.0 -9999.0 -9999.0 -9999.0 -9999.0 -9999.0 -9999.0 -9999.0 -9999.0 -9999.0 -9999.0 -9999.0 -9999.0 -9999.0 -9999.0 -9999.0 -9999.0 -9999.0 -9999.0 -9999.0 -9999.0 -9999.0 -9999.0 -9999.0 -9999.0 -9999.0 -9999.0 -9999.0 -9999.0 -9999.0 -9999.0 -9999.0 -9999.0 -9999.0 -9999.0 -9999.0 -9999.0 -9999.0 -9999.0
-9999.0 -9999.0 -9999.0 -9999.0 -9999.0 -9999.0 -9999.0 -9999.0 -9999.0 -9999.0 -9999.0 -9999.0 -9999.0 -9999.0 -9999.0 -9999.0 -9999.0 -9999.0 -9999.0 -9999.0 -9999.0 -9999.0 -9999.0 -9999.0 -9999.0 -9999.0 -9999.0 0.020128 0.040072 0.020118 0.040084 0.020077 0.020067 -9999.0 -9999.0 -9999.0 -9999.0 -9999.0 -9999.0 -9999.0 -9999.0 -9999.0 -9999.0 -9999.0 -9999.0 -9999.0 -9999.0 -9999.0 -9999.0 -9999.0 -9999.0 -9999.0 -9999.0 -9999.0 -9999.0 -9999.0 -9999.0 -9999.0 -9999.0 -9999.0 -9999.0 -9999.0 -9999.0
-9999.0 -9999.0 -9999.0 -9999.0 -9999.0 -9999.0 -9999.0 -9999.0 -9999.0 -9999.0 -9999.0 -9999.0 -9999.0 -9999.0 -9999.0 -9999.0 -9999.0 -9999.0 -9999.0 -9999.0 -9999.0 -9999.0 -9999.0 -9999.0 0.040190 0.040064 0.040058 0.040055 0.040055 0.040063 0.040085 -9999.0 -9999.0 -9999.0 -9999.0 -9999.0 -9999.0 -9999.0 -9999.0 -9999.0 -9999.0 -9999.0 -9999.0 -9999.0 -9999.0 -9999.0 -9999.0 -9999.0 -9999.0 -9999.0 -9999.0 -9999.0 -9999.0 -9999.0 -9999.0 -9999.0 -9999.0 -9999.0 -9999.0 -9999.0 -9999.0 -9999.0 -9999.0
-9999.0 -9999.0 -9999.0 -9999.0 -9999.0 -9999.0 -9999.0 -9999.0 -9999.0 -9999.0 -9999.0 -9999.0 -9999.0 -9999.0 -9999.0 -9999.0 -9999.0 -9999.0 -9999.0 -9999.0 -9999.0 -9999.0 -9999.0 0.040077 0.040091 0.237952 0.258283 0.397267 0.040163 0.040060 0.040065 0.040080 -9999.0 -9999.0 -9999.0 -9999.0 -9999.0 -9999.0 -9999.0 -9999.0 -9999.0 -9999.0 -9999.0 -9999.0 -9999.0 -9999.0 -9999.0 -9999.0 -9999.0 -9999.0 -9999.0 -9999.0 -9999.0 -9999.0 -9999.0 -9999.0 -9999.0 -9999.0 -9999.0 -9999.0 -9999.0 -9999.0 -9999.0
-9999.0 -9999.0 -9999.0 -9999.0 -9999.0 -9999.0 -9999.0 -9999.0 -9999.0 -9999.0 -9999.0 -9999.0 -9999.0 -9999.0 -9999.0 -9999.0 -9999.0 -9999.0 0.296253 0.151265 -9999.0 0.040101 0.040138 0.405360 0.395203 0.040049 0.040376 0.040388 0.126409 0.040636 0.040057 0.040070 0.020088 0.020061 -9999.0 -9999.0 -9999.0 -9999.0 -9999.0 -9999.0 -9999.0 -9999.0 -9999.0 -9999.0 -9999.0 -9999.0 -9999.0 -9999.0 -9999.0 -9999.0 -9999.0 -9999.0 -9999.0 -9999.0 -9999.0 -9999.0 -9999.0 -9999.0 -9999.0 -9999.0 -9999.0 -9999.0 -9999.0
-9999.0 -9999.0 -9999.0 -9999.0 -9999.0 -9999.0 -9999.0 -9999.0 -9999.0 -9999.0 -9999.0 -9999.0 -9999.0 -9999.0 -9999.0 -9999.0 -9999.0 0.040027 0.040636 0.020136 0.020140 0.040854 0.050150 0.040130 0.079740 0.040057 0.040074 0.040215 0.040062 0.040309 0.040123 0.040061 0.020096 0.020078 0.020111 0.020044 -9999.0 -9999.0 -9999.0 -9999.0 -9999.0 -9999.0 -9999.0 -9999.0 -9999.0 -9999.0 -9999.0 -9999.0 -9999.0 -9999.0 -9999.0 -9999.0 -9999.0 -9999.0 -9999.0 -9999.0 -9999.0 -9999.0 -9999.0 -9999.0 -9999.0 -9999.0 -9999.0
-9999.0 -9999.0 -9999.0 -9999.0 -9999.0 -9999.0 -9999.0 -9999.0 -9999.0 -9999.0 -9999.0 -9999.0 -9999.0 0.040103 0.092039 0.040792 0.040486 0.020137 0.040020 0.342478 0.335646 0.375788 0.041931 0.101696 0.040061 0.040081 0.020135 0.040085 0.040083 0.040110 0.040088 0.040070 0.040079 0.040020 0.020038 0.020036 -9999.0 -9999.0 -9999.0 -9999.0 -9999.0 -9999.0 -9999.0 -9999.0 -9999.0 -9999.0 -9999.0 -9999.0 -9999.0 -9999.0 -9999.0 -9999.0 -9999.0 -9999.0 -9999.0 -9999.0 -9999.0 -9999.0 -9999.0 -9999.0 -9999.0 -9999.0 -9999.0
-9999.0 -9999.0 -9999.0 -9999.0 -9999.0 -9999.0 -9999.0 -9999.0 -9999.0 -9999.0 -9999.0 -9999.0 -9999.0 0.042220 0.393663 0.041308 0.041247 0.235009 0.020146 0.040175 0.040029 0.040059 0.040692 0.040148 0.040187 0.040086 0.040078 0.020064 0.020056 0.040087 0.040076 0.040022 0.020038 0.020033 0.020033 -9999.0 -9999.0 -9999.0 -9999.0 -9999.0 -9999.0 -9999.0 -9999.0 -9999.0 -9999.0 -9999.0 -9999.0 -9999.0 -9999.0 -9999.0 -9999.0 -9999.0 -9999.0 -9999.0 -9999.0 -9999.0 -9999.0 -9999.0 -9999.0 -9999.0 -9999.0 -9999.0 -9999.0
-9999.0 -9999.0 -9999.0 -9999.0 -9999.0 -9999.0 -9999.0 -9999.0 -9999.0 -9999.0 -9999.0 -9999.0 -9999.0 0.113086 0.356420 0.234923 0.041070 0.041215 0.020145 0.041259 0.098192 0.020139 0.040138 0.040098 0.040467 0.044624 0.020131 0.020058 0.040079 0.020046 0.040027 0.020035 0.020035 0.020032 0.020031 -9999.0 -9999.0 -9999.0 -9999.0 -9999.0 -9999.0 -9999.0 -9999.0 -9999.0 -9999.0 -9999.0 -9999.0 -9999.0 -9999.0 -9999.0 -9999.0 -9999.0 -9999.0 -9999.0 -9999.0 -9999.0 -9999.0 -9999.0 -9999.0 -9999.0 -9999.0 -9999.0 -9999.0
-9999.0 -9999.0 -9999.0 -9999.0 -9999.0 -9999.0 -9999.0 -9999.0 -9999.0 -9999.0 -9999.0 -9999.0 0.115175 0.392575 0.384262 0.040079 0.092424 0.040968 0.237600 0.020054 0.041945 0.040089 0.020159 0.040111 0.040941 0.040045 0.040118 0.040087 0.040079 0.020049 0.040023 0.020111 0.040054 0.020039 -9999.0 -9999.0 -9999.0 -9999.0 -9999.0 -9999.0 -9999.0 -9999.0 -9999.0 -9999.0 -9999.0 -9999.0 -9999.0 -9999.0 -9999.0 -9999.0 -9999.0 -9999.0 -9999.0 -9999.0 -9999.0 -9999.0 -9999.0 -9999.0 -9999.0 -9999.0 -9999.0 -9999.0 -9999.0
-9999.0 -9999.0 -9999.0 -9999.0 -9999.0 -9999.0 -9999.0 -9999.0 -9999.0 -9999.0 -9999.0 0.040246 0.040124 0.186799 0.040083 0.040090 0.020147 0.041274 0.206577 0.020089 0.040075 0.129242 0.040110 0.040106 0.040101 0.040101 0.040038 0.040088 0.040071 0.020041 0.020128 0.040060 0.020072 0.020036 0.020037 0.020027 0.040006 0.040005 0.020017 -9999.0 -9999.0 -9999.0 0.020035 -9999.0 -9999.0 -9999.0 -9999.0 -9999.0 -9999.0 -9999.0 -9999.0 -9999.0 -9999.0 -9999.0 -9999.0 -9999.0 -9999.0 -9999.0 -9999.0 -9999.0 -9999.0 -9999.0 -9999.0
-9999.0 -9999.0 -9999.0 -9999.0 -9999.0 -9999.0 -9999.0 -9999.0 -9999.0 -9999.0 -9999.0 0.040099 0.040150 0.092128 0.042251 0.040111 0.052971 0.041144 0.186797 0.175392 0.230146 0.373181 0.040102 0.040094 0.040096 0.040103 0.040091 0.040087 0.020144 0.020061 0.040069 0.040062 0.040026 0.040047 0.040013 0.040007 0.040004 0.040002 0.040002 0.020013 0.020016 0.020022 0.040013 0.020047 -9999.0 -9999.0 -9999.0 0.065561 0.040620 0.020188 0.102121 0.020325 0.020249 0.236498 0.240641 0.020337 -9999.0 -9999.0 -9999.0 -9999.0 -9999.0 -9999.0 -9999.0
-9999.0 -9999.0 -9999.0 -9999.0 -9999.0 -9999.0 -9999.0 -9999.0 -9999.0 -9999.0 -9999.0 0.040104 0.040108 0.040085 0.040829 0.040092 0.041093 0.041320 0.179460 0.141774 0.042585 0.040625 0.040237 0.040096 0.040101 0.020137 0.040080 0.040093 0.020092 0.040088 0.020059 0.040057 0.040057 0.040021 0.020030 0.040005 0.040003 0.040005 0.040005 0.020009 0.040003 0.020020 0.040025 0.040024 0.040069 -9999.0 0.020150 0.040299 0.061105 0.197624 0.020971 0.020187 0.146537 0.425341 0.176364 0.382848 -9999.0 -9999.0 -9999.0 -9999.0 -9999.0 -9999.0 -9999.0
-9999.0 -9999.0 -9999.0 -9999.0 -9999.0 -9999.0 -9999.0 -9999.0 -9999.0 -9999.0 -9999.0 -9999.0 0.040119 0.040796 0.142113 0.041762 0.040089 0.041206 0.197227 0.131453 0.042494 0.041469 0.162704 0.040799 0.040090 0.040091 0.315242 0.020146 0.040098 0.020133 0.040079 0.040062 0.020094 0.040033 0.040014 0.040006 0.040003 0.040005 0.040006 0.020017 0.040005 0.020025 0.040011 0.040287 0.020100 0.040086 0.020145 0.040176 0.040115 0.040084 0.041154 0.094644 0.066175 0.139365 0.040321 0.040205 0.148338 -9999.0 -9999.0 -9999.0 -9999.0 -9999.0 -9999.0
-9999.0 -9999.0 -9999.0 -9999.0 -9999.0 -9999.0 -9999.0 -9999.0 -9999.0 -9999.0 -9999.0 0.041024 0.040109 0.020171 0.042051 0.042700 0.042279 0.040141 0.317074 0.040028 0.043668 0.272022 0.043127 0.040106 0.040119 0.107942 0.040937 0.040097 0.040081 0.020139 0.040069 0.040064 0.040064 0.040044 0.040009 0.040007 0.040003 0.040004 0.040011 0.040007 0.040006 0.040011 0.040015 0.020046 0.156440 0.040083 0.040128 0.020142 0.020160 0.020128 0.020179 0.040123 0.040121 0.020175 0.020180 0.020175 0.020332 -9999.0 -9999.0 -9999.0 -9999.0 -9999.0 -9999.0
-9999.0 -9999.0 -9999.0 -9999.0 -9999.0 -9999.0 -9999.0 -9999.0 -9999.0 -9999.0 0.041538 0.041345 0.102937 0.040106 0.185028 0.083662 0.040091 0.040206 0.040695 0.043291 0.224089 0.076701 0.047255 0.270301 0.146202 0.041166 0.040102 0.020092 0.020149 0.114060 0.040839 0.040072 0.040076 0.040030 0.020028 0.020028 0.040005 0.040004 0.040006 0.040011 0.040012 0.020025 0.020051 0.040015 0.040193 0.020114 0.040188 0.040074 0.042095 0.040193 0.020177 0.020172 0.020175 0.020164 0.020180 0.316697 0.338782 -9999.0 -9999.0 -9999.0 -9999.0 -9999.0 -9999.0
-9999.0 -9999.0 -9999.0 -9999.0 -9999.0 -9999.0 -9999.0 -9999.0 -9999.0 0.040117 0.041583 0.041477 0.088562 0.040895 0.079320 0.040099 0.040106 0.234407 0.044101 0.040037 0.162045 0.061427 0.127588 0.185082 0.041193 0.040106 0.040073 0.227599 0.054886 0.060617 0.040387 0.020133 0.020043 0.020039 0.020039 0.020030 0.040023 0.040010 0.040011 0.040007 0.040009 0.040047 0.040046 0.040020 0.040014 0.040096 0.410886 0.040074 0.040089 0.043475 0.020158 0.020201 0.020150 0.020184 0.020207 0.040557 0.221885 0.053790 0.022429 -9999.0 -9999.0 -9999.0 -9999.0
-9999.0 -9999.0 -9999.0 -9999.0 -9999.0 -9999.0 -9999.0 -9999.0 -9999.0 0.020167 0.040117 0.040117 0.395175 0.085590 0.072996 0.043399 0.320791 0.043473 0.040485 0.159953 0.144135 0.040066 0.040755 0.142313 0.040109 0.040099 0.052954 0.118783 0.040183 0.040632 0.040084 0.040052 0.040089 0.040081 0.040060 0.020053 0.020042 0.020044 0.040016 0.040058 0.040203 0.040069 0.040058 0.040032 0.040041 0.040025 0.040018 0.040024 0.161155 0.040144 0.020182 0.040147 0.020190 0.040139 0.020188 0.042742 0.224905 0.181466 0.047360 -9999.0 -9999.0 -9999.0 -9999.0
-9999.0 -9999.0 -9999.0 -9999.0 -9999.0 -9999.0 -9999.0 -9999.0 -9999.0 -9999.0 0.040116 0.040118 0.040112 0.042421 0.040340 0.105827 0.118909 0.085421 0.040017 0.040270 0.178472 0.040229 0.134427 0.125516 0.040109 0.088298 0.040200 0.040039 0.040094 0.040092 0.040100 0.040711 0.040091 0.040067 0.040070 0.040066 0.040067 0.040050 0.020069 0.040034 0.040024 0.040060 0.040061 0.040087 0.040073 0.040023 0.040052 0.040326 0.040019 0.040139 0.020163 0.020195 0.020388 0.020198 0.040154 0.040148 0.040640 0.189362 0.401720 0.333439 -9999.0 -9999.0 -9999.0
-9999.0 -9999.0 -9999.0 -9999.0 -9999.0 -9999.0 -9999.0 -9999.0 -9999.0 -9999.0 0.040117 0.040118 0.040138 0.084352 0.244774 0.043641 0.043056 0.044382 0.040127 0.040060 0.040149 0.161385 0.256180 0.055336 0.086523 0.040093 0.040047 0.040849 0.040089 0.040086 0.040090 0.040110 0.020111 0.040079 0.040072 0.040080 0.040058 0.040060 0.040056 0.040087 0.040088 0.020140 0.040096 0.040098 0.041240 0.020156 0.040418 0.040087 0.040024 0.040031 0.040185 0.040400 0.056567 0.020298 0.020197 0.020457 0.040141 0.262651 0.040028 0.040099 -9999.0 -9999.0 -9999.0
-9999.0 -9999.0 -9999.0 -9999.0 -9999.0 -9999.0 -9999.0 -9999.0 0.109304 0.095978 0.020158 0.040184 0.040115 0.040113 0.062922 0.040187 0.040142 0.040112 0.040565 0.044457 0.045284 0.040067 0.040020 0.175217 0.148929 0.040894 0.041309 0.040084 0.040102 0.040096 0.020054 0.040099 0.040102 0.040095 0.040098 0.040050 0.040111 0.040065 0.040054 0.020139 0.020147 0.040092 0.020120 0.020082 0.020152 0.078085 0.040118 0.081884 0.040075 0.040107 0.075990 0.020335 0.112860 0.040165 0.020446 0.175012 0.055420 0.315998 0.138926 0.040119 -9999.0 -9999.0 -9999.0
-9999.0 -9999.0 -9999.0 -9999.0 -9999.0 -9999.0 -9999.0 -9999.0 0.020170 0.080849 0.040117 0.040113 0.040116 0.040298 0.049311 0.041023 0.043981 0.040798 0.055499 0.053895 0.045831 0.041648 0.040033 0.040027 0.040044 0.044290 0.040606 0.040091 0.020148 0.040094 0.040097 0.020144 0.040111 0.020148 0.041375 0.041404 0.040089 0.040091 0.040090 0.040199 0.040104 0.020079 0.020131 0.041284 0.040966 0.041107 0.020170 0.040126 0.040118 0.040413 0.040088 0.046808 0.051771 0.405984 0.020316 0.020197 0.121796 0.151678 0.040041 0.340061 0.382346 -9999.0 -9999.0
-9999.0 -9999.0 -9999.0 -9999.0 -9999.0 -9999.0 -9999.0 -9999.0 0.040114 0.040124 0.198398 0.040113 0.040158 0.020167 0.171632 0.040973 0.040131 0.040294 0.056918 0.040069 0.069649 0.040300 0.042532 0.040043 0.045230 0.040182 0.040691 0.040090 0.020073 0.040098 0.020148 0.040834 0.040087 0.020143 0.075435 0.172722 0.040127 0.040092 0.040106 0.040109 0.040116 0.020161 0.067565 0.040121 0.040112 0.040115 0.020216 0.174153 0.040307 0.040090 0.054942 0.040084 0.040176 0.040123 0.078233 0.158050 0.040109 0.040143 0.058932 0.236040 0.412848 -9999.0 -9999.0
-9999.0 -9999.0 -9999.0 -9999.0 -9999.0 -9999.0 -9999.0 -9999.0 0.020087 0.040122 0.190955 0.020153 0.191552 0.195942 0.081384 0.040143 0.040082 0.060606 0.040044 0.067737 0.059636 0.081502 0.051227 0.049647 0.056582 0.144899 0.143622 0.040091 0.190865 0.140341 0.040097 0.040099 0.020241 0.041840 0.020159 0.040134 0.040102 0.043714 0.040093 0.040107 0.040393 0.101546 0.139840 0.020146 0.111779 0.020226 0.123490 0.020191 0.233990 0.040099 0.040826 0.057173 0.040127 0.250273 0.040221 0.045499 0.060947 0.138448 0.405208 0.380130 0.040126 0.041448 -9999.0
-9999.0 -9999.0 -9999.0 -9999.0 -9999.0 -9999.0 -9999.0 -9999.0 0.040098 0.040401 0.181864 0.278138 0.390588 0.044087 0.304779 0.040124 0.040194 0.040199 0.040622 0.056746 0.047151 0.063869 0.064063 0.043689 0.095124 0.385393 0.040472 0.139399 0.225748 0.199281 0.040211 0.211447 0.040085 0.123889 0.040090 0.040089 0.040142 0.248168 0.040119 0.040095 0.040088 0.020135 0.040265 0.020135 0.040104 0.095511 0.040092 0.098026 0.056148 0.040048 0.040026 0.040073 0.063187 0.045598 0.062102 0.062022 0.166726 0.263631 0.164883 0.040134 0.040067 0.149463 -9999.0
-9999.0 -9999.0 0.020165 0.040286 0.040250 0.040109 0.041436 0.040103 0.040136 0.041021 0.040296 0.043920 0.042612 0.199536 0.254370 0.040251 0.040076 0.040117 0.040136 0.041083 0.061679 0.068150 0.063541 0.040214 0.040077 0.040065 0.273103 0.043208 0.040039 0.227486 0.110920 0.275883 0.209715 0.042978 0.040236 0.043994 0.040132 0.275259 0.043929 0.117560 0.042173 0.043656 0.040068 0.050861 0.042101 0.055499 0.040079 0.040081 0.040024 0.040137 0.062417 0.063102 0.092365 0.061902 0.064091 0.183726 0.045624 0.040502 0.040115 0.040062 0.394586 0.400941 -9999.0
-9999.0 0.065068 0.070727 0.064947 0.040273 0.137724 0.040216 0.040124 0.040110 0.040124 0.040291 0.210581 0.109848 0.383758 0.368177 0.313526 0.040180 0.040162 0.048102 0.041236 0.040233 0.040028 0.040068 0.066511 0.040068 0.040050 0.040056 0.040058 0.040041 0.040042 0.040055 0.040162 0.060281 0.040055 0.040086 0.040131 0.040341 0.045633 0.040511 0.040104 0.040081 0.040108 0.040085 0.040163 0.040066 0.040033 0.040047 0.040052 0.062167 0.063872 0.064068 0.058582 0.041132 0.040801 0.040891 0.040171 0.041273 0.041110 0.224180 0.258941 0.411730 0.408341 -9999.0
-9999.0 0.041003 0.173615 0.207336 0.255232 0.187562 0.040985 0.040100 0.040110 0.020169 0.040154 0.224418 0.041737 0.427456 0.040128 0.040136 0.040128 0.040104 0.269195 0.042493 0.334309 0.040190 0.040046 0.040106 0.040065 0.040067 0.071289 0.061296 0.059688 0.040038 0.045072 0.046627 0.040066 0.040139 0.040103 0.045862 0.376347 0.359384 0.162536 0.082695 0.050863 0.050649 0.045623 0.056779 0.067307 0.064075 0.189954 0.258676 0.163002 0.126018 0.040195 0.040053 0.040469 0.040098 0.040478 0.144955 0.080287 0.105924 0.163223 0.258841 0.275683 -9999.0 -9999.0
-9999.0 0.020180 0.040092 0.040930 0.040397 0.286039 0.243895 0.101186 0.040870 0.048208 0.229995 0.042491 0.241086 0.216749 0.199092 0.040142 0.040269 0.040420 0.040111 0.041195 0.236266 0.040869 0.077995 0.372187 0.111907 0.050608 0.051432 0.051786 0.054313 0.056880 0.060128 0.065729 0.063158 0.040212 0.051113 0.042788 0.100225 0.406772 0.249021 0.244792 0.228858 0.345983 0.303372 0.227332 0.163460 0.138190 0.088788 0.040143 0.040053 0.040044 0.040517 0.041597 0.041125 0.184318 0.044637 0.120271 0.164979 0.205606 0.208801 -9999.0 -9999.0 -9999.0 -9999.0
