erum2020/resources/simulation/Vinschgau/output-maps/thetaliqL0004N0187.asc
ncols         63
nrows         48
xllcorner     598000.000000
yllcorner     5145000.000000
cellsize      1000.000000
NODATA_value  -9999.0
[rows 0 to 28 of 48, columns 0 to 62 of 63]
-9999.0 -9999.0 -9999.0 -9999.0 -9999.0 -9999.0 -9999.0 -9999.0 -9999.0 -9999.0 -9999.0 -9999.0 -9999.0 -9999.0 -9999.0 -9999.0 -9999.0 -9999.0 -9999.0 -9999.0 -9999.0 -9999.0 -9999.0 -9999.0 -9999.0 -9999.0 -9999.0 -9999.0 -9999.0 -9999.0 -9999.0 -9999.0 -9999.0 -9999.0 -9999.0 -9999.0 -9999.0 -9999.0 -9999.0 -9999.0 -9999.0 -9999.0 -9999.0 -9999.0 -9999.0 -9999.0 -9999.0 -9999.0 -9999.0 -9999.0 -9999.0 -9999.0 -9999.0 -9999.0 -9999.0 -9999.0 -9999.0 -9999.0 -9999.0 -9999.0 -9999.0 -9999.0 -9999.0
-9999.0 -9999.0 -9999.0 -9999.0 -9999.0 -9999.0 -9999.0 -9999.0 -9999.0 -9999.0 -9999.0 -9999.0 -9999.0 -9999.0 -9999.0 -9999.0 -9999.0 -9999.0 -9999.0 -9999.0 -9999.0 -9999.0 -9999.0 -9999.0 -9999.0 -9999.0 -9999.0 0.020040 0.040016 0.020032 0.040011 0.040009 0.040008 -9999.0 -9999.0 -9999.0 -9999.0 -9999.0 -9999.0 -9999.0 -9999.0 -9999.0 -9999.0 -9999.0 -9999.0 -9999.0 -9999.0 -9999.0 -9999.0 -9999.0 -9999.0 -9999.0 -9999.0 -9999.0 -9999.0 -9999.0 -9999.0 -9999.0 -9999.0 -9999.0 -9999.0 -9999.0 -9999.0
-9999.0 -9999.0 -9999.0 -9999.0 -9999.0 -9999.0 -9999.0 -9999.0 -9999.0 -9999.0 -9999.0 -9999.0 -9999.0 -9999.0 -9999.0 -9999.0 -9999.0 -9999.0 -9999.0 -9999.0 -9999.0 -9999.0 -9999.0 -9999.0 0.040125 0.040029 0.040020 0.040015 0.040021 0.040014 0.040014 -9999.0 -9999.0 -9999.0 -9999.0 -9999.0 -9999.0 -9999.0 -9999.0 -9999.0 -9999.0 -9999.0 -9999.0 -9999.0 -9999.0 -9999.0 -9999.0 -9999.0 -9999.0 -9999.0 -9999.0 -9999.0 -9999.0 -9999.0 -9999.0 -9999.0 -9999.0 -9999.0 -9999.0 -9999.0 -9999.0 -9999.0 -9999.0
-9999.0 -9999.0 -9999.0 -9999.0 -9999.0 -9999.0 -9999.0 -9999.0 -9999.0 -9999.0 -9999.0 -9999.0 -9999.0 -9999.0 -9999.0 -9999.0 -9999.0 -9999.0 -9999.0 -9999.0 -9999.0 -9999.0 -9999.0 0.040037 0.040078 0.057264 0.055948 0.048013 0.040089 0.040011 0.040012 0.040020 -9999.0 -9999.0 -9999.0 -9999.0 -9999.0 -9999.0 -9999.0 -9999.0 -9999.0 -9999.0 -9999.0 -9999.0 -9999.0 -9999.0 -9999.0 -9999.0 -9999.0 -9999.0 -9999.0 -9999.0 -9999.0 -9999.0 -9999.0 -9999.0 -9999.0 -9999.0 -9999.0 -9999.0 -9999.0 -9999.0 -9999.0
-9999.0 -9999.0 -9999.0 -9999.0 -9999.0 -9999.0 -9999.0 -9999.0 -9999.0 -9999.0 -9999.0 -9999.0 -9999.0 -9999.0 -9999.0 -9999.0 -9999.0 -9999.0 0.062383 0.044310 -9999.0 0.040099 0.040284 0.056878 0.059644 0.040013 0.040076 0.040072 0.040108 0.040122 0.040011 0.040013 0.020026 0.020023 -9999.0 -9999.0 -9999.0 -9999.0 -9999.0 -9999.0 -9999.0 -9999.0 -9999.0 -9999.0 -9999.0 -9999.0 -9999.0 -9999.0 -9999.0 -9999.0 -9999.0 -9999.0 -9999.0 -9999.0 -9999.0 -9999.0 -9999.0 -9999.0 -9999.0 -9999.0 -9999.0 -9999.0 -9999.0
-9999.0 -9999.0 -9999.0 -9999.0 -9999.0 -9999.0 -9999.0 -9999.0 -9999.0 -9999.0 -9999.0 -9999.0 -9999.0 -9999.0 -9999.0 -9999.0 -9999.0 0.480283 0.040018 0.020063 0.020051 0.041315 0.044323 0.040139 0.040329 0.040017 0.040026 0.040087 0.040020 0.040071 0.040059 0.040011 0.020029 0.020025 0.020027 0.020021 -9999.0 -9999.0 -9999.0 -9999.0 -9999.0 -9999.0 -9999.0 -9999.0 -9999.0 -9999.0 -9999.0 -9999.0 -9999.0 -9999.0 -9999.0 -9999.0 -9999.0 -9999.0 -9999.0 -9999.0 -9999.0 -9999.0 -9999.0 -9999.0 -9999.0 -9999.0 -9999.0
-9999.0 -9999.0 -9999.0 -9999.0 -9999.0 -9999.0 -9999.0 -9999.0 -9999.0 -9999.0 -9999.0 -9999.0 -9999.0 0.040040 0.040420 0.040342 0.040183 0.020084 0.228381 0.047157 0.041001 0.049790 0.040037 0.040208 0.040015 0.040019 0.020033 0.040021 0.040016 0.040055 0.040039 0.040015 0.040011 0.040007 0.020020 0.020019 -9999.0 -9999.0 -9999.0 -9999.0 -9999.0 -9999.0 -9999.0 -9999.0 -9999.0 -9999.0 -9999.0 -9999.0 -9999.0 -9999.0 -9999.0 -9999.0 -9999.0 -9999.0 -9999.0 -9999.0 -9999.0 -9999.0 -9999.0 -9999.0 -9999.0 -9999.0 -9999.0
-9999.0 -9999.0 -9999.0 -9999.0 -9999.0 -9999.0 -9999.0 -9999.0 -9999.0 -9999.0 -9999.0 -9999.0 -9999.0 0.040340 0.057442 0.040361 0.040293 0.042783 0.020068 0.040017 0.040014 0.040018 0.040105 0.040038 0.040066 0.040023 0.040014 0.020024 0.020023 0.040013 0.040027 0.040007 0.020020 0.020018 0.020018 -9999.0 -9999.0 -9999.0 -9999.0 -9999.0 -9999.0 -9999.0 -9999.0 -9999.0 -9999.0 -9999.0 -9999.0 -9999.0 -9999.0 -9999.0 -9999.0 -9999.0 -9999.0 -9999.0 -9999.0 -9999.0 -9999.0 -9999.0 -9999.0 -9999.0 -9999.0 -9999.0 -9999.0
-9999.0 -9999.0 -9999.0 -9999.0 -9999.0 -9999.0 -9999.0 -9999.0 -9999.0 -9999.0 -9999.0 -9999.0 -9999.0 0.041509 0.063415 0.041291 0.040354 0.040218 0.020071 0.040041 0.040144 0.020032 0.040042 0.040051 0.040116 0.040110 0.020035 0.020023 0.040013 0.020021 0.040007 0.020018 0.020018 0.020017 0.020018 -9999.0 -9999.0 -9999.0 -9999.0 -9999.0 -9999.0 -9999.0 -9999.0 -9999.0 -9999.0 -9999.0 -9999.0 -9999.0 -9999.0 -9999.0 -9999.0 -9999.0 -9999.0 -9999.0 -9999.0 -9999.0 -9999.0 -9999.0 -9999.0 -9999.0 -9999.0 -9999.0 -9999.0
-9999.0 -9999.0 -9999.0 -9999.0 -9999.0 -9999.0 -9999.0 -9999.0 -9999.0 -9999.0 -9999.0 -9999.0 0.040467 0.062101 0.041387 0.040022 0.040941 0.040400 0.040076 0.020062 0.040123 0.040029 0.040026 0.040075 0.040107 0.040009 0.040066 0.040020 0.040013 0.020023 0.040007 0.020027 0.040008 0.020019 -9999.0 -9999.0 -9999.0 -9999.0 -9999.0 -9999.0 -9999.0 -9999.0 -9999.0 -9999.0 -9999.0 -9999.0 -9999.0 -9999.0 -9999.0 -9999.0 -9999.0 -9999.0 -9999.0 -9999.0 -9999.0 -9999.0 -9999.0 -9999.0 -9999.0 -9999.0 -9999.0 -9999.0 -9999.0
-9999.0 -9999.0 -9999.0 -9999.0 -9999.0 -9999.0 -9999.0 -9999.0 -9999.0 -9999.0 -9999.0 0.040137 0.040138 0.041644 0.040032 0.040037 0.020033 0.040259 0.040078 0.020063 0.040034 0.059564 0.040028 0.040013 0.040025 0.040021 0.040009 0.040023 0.040020 0.020021 0.020031 0.040010 0.020024 0.020018 0.020018 0.020017 0.040004 0.040004 0.040004 -9999.0 -9999.0 -9999.0 0.020018 -9999.0 -9999.0 -9999.0 -9999.0 -9999.0 -9999.0 -9999.0 -9999.0 -9999.0 -9999.0 -9999.0 -9999.0 -9999.0 -9999.0 -9999.0 -9999.0 -9999.0 -9999.0 -9999.0 -9999.0
-9999.0 -9999.0 -9999.0 -9999.0 -9999.0 -9999.0 -9999.0 -9999.0 -9999.0 -9999.0 -9999.0 0.040052 0.040132 0.040161 0.040166 0.040019 0.040411 0.041122 0.040078 0.044289 0.056986 0.041989 0.040060 0.040028 0.040027 0.040015 0.040019 0.040018 0.020036 0.020023 0.040012 0.040010 0.040007 0.040008 0.040005 0.040005 0.040005 0.041397 0.041311 0.020013 0.020014 0.020015 0.040006 0.020021 -9999.0 -9999.0 -9999.0 0.041810 0.040131 0.020156 0.040154 0.020163 0.020144 0.047013 0.046536 0.020152 -9999.0 -9999.0 -9999.0 -9999.0 -9999.0 -9999.0 -9999.0
-9999.0 -9999.0 -9999.0 -9999.0 -9999.0 -9999.0 -9999.0 -9999.0 -9999.0 -9999.0 -9999.0 0.040082 0.040053 0.040017 0.040142 0.040022 0.040669 0.040120 0.040056 0.040085 0.048354 0.040921 0.041455 0.040056 0.040012 0.020035 0.040049 0.040017 0.020027 0.040013 0.020023 0.040009 0.040009 0.040006 0.020016 0.040004 0.040110 0.041110 0.164240 0.020036 0.040004 0.040004 0.040007 0.040007 0.040013 -9999.0 0.020035 0.040134 0.040252 0.040791 0.041184 0.020246 0.043575 0.058100 0.054709 0.048468 -9999.0 -9999.0 -9999.0 -9999.0 -9999.0 -9999.0 -9999.0
-9999.0 -9999.0 -9999.0 -9999.0 -9999.0 -9999.0 -9999.0 -9999.0 -9999.0 -9999.0 -9999.0 -9999.0 0.040095 0.040130 0.040620 0.040213 0.040105 0.040070 0.040072 0.040071 0.041776 0.042976 0.053332 0.041563 0.040018 0.040113 0.061908 0.040011 0.040013 0.020035 0.040016 0.040010 0.040008 0.040007 0.040005 0.040004 0.040023 0.040071 0.072085 0.040164 0.040005 0.020019 0.040008 0.040038 0.020025 0.040029 0.020059 0.040126 0.040083 0.040058 0.040250 0.040137 0.041792 0.041443 0.040116 0.040110 0.040910 -9999.0 -9999.0 -9999.0 -9999.0 -9999.0 -9999.0
-9999.0 -9999.0 -9999.0 -9999.0 -9999.0 -9999.0 -9999.0 -9999.0 -9999.0 -9999.0 -9999.0 0.040196 0.040034 0.040029 0.041821 0.041911 0.041038 0.040031 0.045113 0.477571 0.040075 0.057090 0.040139 0.040028 0.040175 0.048867 0.040115 0.040011 0.040017 0.020033 0.040020 0.040016 0.040015 0.040007 0.040004 0.040004 0.040003 0.040032 0.043971 0.195106 0.040008 0.040027 0.040013 0.020031 0.040503 0.040027 0.040095 0.020054 0.020139 0.040016 0.020046 0.040025 0.040080 0.020037 0.020049 0.020039 0.020151 -9999.0 -9999.0 -9999.0 -9999.0 -9999.0 -9999.0
-9999.0 -9999.0 -9999.0 -9999.0 -9999.0 -9999.0 -9999.0 -9999.0 -9999.0 -9999.0 0.040506 0.040262 0.040354 0.040048 0.042512 0.050213 0.040029 0.040097 0.044151 0.040069 0.040333 0.041268 0.046211 0.060612 0.052024 0.040121 0.040017 0.020027 0.040101 0.045887 0.040383 0.040018 0.040012 0.040007 0.020016 0.020016 0.040005 0.040026 0.042255 0.043980 0.046107 0.020028 0.020026 0.439431 0.040054 0.020028 0.040178 0.040029 0.042255 0.040038 0.020056 0.020039 0.020041 0.020037 0.020041 0.047340 0.047799 -9999.0 -9999.0 -9999.0 -9999.0 -9999.0 -9999.0
-9999.0 -9999.0 -9999.0 -9999.0 -9999.0 -9999.0 -9999.0 -9999.0 -9999.0 0.040028 0.040409 0.040268 0.050332 0.040308 0.045570 0.040046 0.040043 0.049830 0.040036 0.479314 0.040068 0.040101 0.040124 0.040036 0.040119 0.040015 0.040019 0.048708 0.040653 0.043189 0.040020 0.040010 0.020020 0.020019 0.020020 0.020017 0.040006 0.040005 0.040005 0.040005 0.042931 0.040008 0.040008 0.449903 0.040012 0.040025 0.043238 0.040035 0.040030 0.043021 0.040034 0.020147 0.020034 0.020055 0.020148 0.040138 0.044069 0.020184 0.020149 -9999.0 -9999.0 -9999.0 -9999.0
-9999.0 -9999.0 -9999.0 -9999.0 -9999.0 -9999.0 -9999.0 -9999.0 -9999.0 0.040025 0.040032 0.040032 0.060128 0.050757 0.040964 0.040399 0.066174 0.053849 0.040022 0.040046 0.040045 0.040029 0.040353 0.040369 0.040018 0.040116 0.052085 0.041872 0.040016 0.040087 0.040015 0.040010 0.040010 0.040013 0.040009 0.020022 0.020019 0.020020 0.040006 0.040008 0.040053 0.040009 0.040025 0.040011 0.486207 0.042857 0.041797 0.040013 0.042601 0.040027 0.040052 0.040103 0.020058 0.040051 0.020043 0.040691 0.040554 0.043413 0.020281 -9999.0 -9999.0 -9999.0 -9999.0
-9999.0 -9999.0 -9999.0 -9999.0 -9999.0 -9999.0 -9999.0 -9999.0 -9999.0 -9999.0 0.040033 0.040034 0.040070 0.044684 0.042330 0.041299 0.044253 0.044387 0.520000 0.048474 0.040228 0.040042 0.040150 0.040204 0.040115 0.042917 0.040016 0.040051 0.040021 0.040019 0.040014 0.040088 0.040011 0.040010 0.040013 0.040020 0.040030 0.040012 0.020022 0.040007 0.040007 0.040024 0.040016 0.040021 0.040010 0.040007 0.040013 0.040104 0.046142 0.040024 0.040048 0.040239 0.020145 0.020064 0.040092 0.040035 0.040110 0.052420 0.053352 0.062733 -9999.0 -9999.0 -9999.0
-9999.0 -9999.0 -9999.0 -9999.0 -9999.0 -9999.0 -9999.0 -9999.0 -9999.0 -9999.0 0.040032 0.040033 0.040126 0.040173 0.049587 0.048572 0.049917 0.040041 0.520000 0.520000 0.040052 0.040026 0.040180 0.053114 0.051404 0.040048 0.047360 0.040036 0.040022 0.040010 0.040011 0.040061 0.020028 0.040010 0.040010 0.040014 0.040024 0.040012 0.040010 0.040011 0.040027 0.020047 0.040039 0.040013 0.040125 0.040038 0.040105 0.040014 0.183809 0.040013 0.040041 0.040306 0.040216 0.020145 0.020101 0.020144 0.040037 0.040767 0.040014 0.040023 -9999.0 -9999.0 -9999.0
-9999.0 -9999.0 -9999.0 -9999.0 -9999.0 -9999.0 -9999.0 -9999.0 0.041139 0.040270 0.040023 0.040117 0.040060 0.040054 0.040156 0.040037 0.040017 0.044397 0.487822 0.487600 0.520000 0.520000 0.047161 0.040024 0.040024 0.520000 0.040611 0.040022 0.040050 0.040016 0.020022 0.040012 0.040016 0.040020 0.040045 0.040009 0.040057 0.040016 0.040010 0.020042 0.020031 0.040019 0.020029 0.020027 0.020084 0.040120 0.040019 0.040121 0.040016 0.040037 0.043815 0.040222 0.040201 0.040109 0.020148 0.050350 0.020232 0.062073 0.040549 0.390545 -9999.0 -9999.0 -9999.0
-9999.0 -9999.0 -9999.0 -9999.0 -9999.0 -9999.0 -9999.0 -9999.0 0.020047 0.041207 0.040021 0.040016 0.040027 0.040152 0.040159 0.040142 0.041055 0.040144 0.520000 0.485855 0.520000 0.519947 0.519222 0.040054 0.520000 0.510064 0.040073 0.040032 0.020031 0.040036 0.040040 0.020038 0.040065 0.020057 0.040134 0.040135 0.040055 0.040038 0.040018 0.040143 0.040017 0.020025 0.020030 0.040169 0.040369 0.040116 0.020037 0.040023 0.040057 0.040083 0.040011 0.041356 0.040143 0.051780 0.040710 0.020716 0.053289 0.042214 0.040041 0.519848 0.506784 -9999.0 -9999.0
-9999.0 -9999.0 -9999.0 -9999.0 -9999.0 -9999.0 -9999.0 -9999.0 0.040025 0.040058 0.041095 0.040020 0.040155 0.020038 0.042806 0.040517 0.040013 0.040021 0.487932 0.492321 0.520000 0.519950 0.519957 0.519972 0.509564 0.040037 0.040112 0.040024 0.020026 0.040021 0.020041 0.041172 0.040019 0.040017 0.040138 0.047723 0.040101 0.040027 0.040023 0.040045 0.040067 0.020072 0.040127 0.040110 0.040069 0.040047 0.020153 0.041325 0.040107 0.040023 0.436402 0.040016 0.040081 0.040055 0.040025 0.040042 0.040022 0.043835 0.278829 0.519125 0.520000 -9999.0 -9999.0
-9999.0 -9999.0 -9999.0 -9999.0 -9999.0 -9999.0 -9999.0 -9999.0 0.020028 0.040056 0.055346 0.020036 0.047846 0.052052 0.052268 0.040015 0.520000 0.487437 0.044825 0.520000 0.520000 0.520000 0.519976 0.513546 0.042992 0.041948 0.040155 0.040028 0.051837 0.053368 0.040030 0.040037 0.040484 0.050663 0.040027 0.040099 0.040088 0.045162 0.040023 0.040030 0.040116 0.040203 0.040272 0.020055 0.040153 0.020165 0.040443 0.020194 0.040719 0.040058 0.040085 0.290850 0.040014 0.040062 0.040017 0.040029 0.045015 0.515972 0.520000 0.520000 0.175668 0.040878 -9999.0
-9999.0 -9999.0 -9999.0 -9999.0 -9999.0 -9999.0 -9999.0 -9999.0 0.040052 0.040137 0.041365 0.053331 0.053628 0.040037 0.040061 0.040060 0.040037 0.040020 0.040099 0.040130 0.520000 0.515465 0.520000 0.520000 0.040034 0.052423 0.040690 0.052714 0.040104 0.044331 0.040086 0.055651 0.040016 0.045237 0.040038 0.040056 0.040549 0.044161 0.040059 0.040140 0.040032 0.040060 0.042755 0.040082 0.040031 0.040554 0.040081 0.046246 0.047746 0.040016 0.040011 0.040023 0.151222 0.040116 0.040037 0.045861 0.193833 0.396307 0.244994 0.049540 0.040019 0.051302 -9999.0
-9999.0 -9999.0 0.040042 0.040254 0.040163 0.040081 0.040285 0.040045 0.040252 0.040127 0.040142 0.040529 0.049416 0.044644 0.040021 0.040092 0.040016 0.040054 0.040111 0.040139 0.040156 0.520000 0.520000 0.520000 0.061787 0.040016 0.040044 0.040026 0.040094 0.042431 0.051992 0.055465 0.040159 0.040029 0.040018 0.040032 0.040019 0.040084 0.040092 0.042048 0.040789 0.040025 0.040023 0.043210 0.042649 0.050456 0.040015 0.040020 0.040026 0.051771 0.049267 0.094760 0.181179 0.089910 0.084622 0.040066 0.040077 0.051552 0.040014 0.040015 0.044397 0.053036 -9999.0
-9999.0 0.040754 0.041200 0.040758 0.040611 0.040510 0.040138 0.040108 0.040083 0.040051 0.040132 0.041409 0.049190 0.051440 0.043125 0.040141 0.040124 0.040122 0.047773 0.043085 0.040095 0.520000 0.117522 0.520000 0.353429 0.053105 0.049068 0.101467 0.173493 0.041588 0.040044 0.040017 0.040061 0.048710 0.040032 0.047601 0.040602 0.044775 0.044267 0.040146 0.040033 0.041191 0.040066 0.040021 0.040013 0.040044 0.252052 0.520000 0.296370 0.519907 0.286891 0.093194 0.040050 0.040033 0.040030 0.040017 0.040119 0.040149 0.040671 0.041409 0.055210 0.066758 -9999.0
-9999.0 0.040135 0.043263 0.054788 0.063367 0.042367 0.040272 0.040040 0.040151 0.040034 0.040216 0.055597 0.044850 0.043335 0.040027 0.040097 0.040062 0.040054 0.056682 0.043419 0.040733 0.040112 0.519863 0.149518 0.050559 0.519868 0.519996 0.520000 0.520000 0.520000 0.512390 0.505659 0.160451 0.303832 0.126203 0.436381 0.358582 0.519946 0.239961 0.519483 0.520000 0.520000 0.262552 0.520000 0.520000 0.489966 0.489789 0.520000 0.519812 0.456213 0.073432 0.040011 0.040116 0.040013 0.040046 0.040205 0.040197 0.040780 0.040673 0.049283 0.050367 -9999.0 -9999.0
-9999.0 0.040081 0.040042 0.040123 0.040021 0.060940 0.063070 0.046802 0.040645 0.040415 0.058509 0.044708 0.043007 0.040914 0.040903 0.040111 0.040113 0.040125 0.040052 0.040145 0.040226 0.040091 0.040145 0.040045 0.040019 0.485557 0.519783 0.520000 0.520000 0.520000 0.512064 0.493560 0.520000 0.382176 0.520000 0.466944 0.172832 0.045451 0.483203 0.520000 0.520000 0.519788 0.520000 0.485036 0.485906 0.505136 0.512875 0.080007 0.075683 0.407941 0.040070 0.040166 0.040191 0.040162 0.040228 0.041099 0.041389 0.041870 0.043702 -9999.0 -9999.0 -9999.0 -9999.0
