erum2020/resources/simulation/Vinschgau/output-maps/thetaliqL0001N0600.asc
ncols         63
nrows         48
xllcorner     598000.000000
yllcorner     5145000.000000
cellsize      1000.000000
NODATA_value  -9999.0
[rows 0 to 28 of 48, columns 0 to 62 of 63]
-9999.0 -9999.0 -9999.0 -9999.0 -9999.0 -9999.0 -9999.0 -9999.0 -9999.0 -9999.0 -9999.0 -9999.0 -9999.0 -9999.0 -9999.0 -9999.0 -9999.0 -9999.0 -9999.0 -9999.0 -9999.0 -9999.0 -9999.0 -9999.0 -9999.0 -9999.0 -9999.0 -9999.0 -9999.0 -9999.0 -9999.0 -9999.0 -9999.0 -9999.0 -9999.0 -9999.0 -9999.0 -9999.0 -9999.0 -9999.0 -9999.0 -9999.0 -9999.0 -9999.0 -9999.0 -9999.0 -9999.0 -9999.0 -9999.0 -9999.0 -9999.0 -9999.0 -9999.0 -9999.0 -9999.0 -9999.0 -9999.0 -9999.0 -9999.0 -9999.0 -9999.0 -9999.0 -9999.0
-9999.0 -9999.0 -9999.0 -9999.0 -9999.0 -9999.0 -9999.0 -9999.0 -9999.0 -9999.0 -9999.0 -9999.0 -9999.0 -9999.0 -9999.0 -9999.0 -9999.0 -9999.0 -9999.0 -9999.0 -9999.0 -9999.0 -9999.0 -9999.0 -9999.0 -9999.0 -9999.0 0.173760 0.520000 0.127651 0.520000 0.520000 0.520000 -9999.0 -9999.0 -9999.0 -9999.0 -9999.0 -9999.0 -9999.0 -9999.0 -9999.0 -9999.0 -9999.0 -9999.0 -9999.0 -9999.0 -9999.0 -9999.0 -9999.0 -9999.0 -9999.0 -9999.0 -9999.0 -9999.0 -9999.0 -9999.0 -9999.0 -9999.0 -9999.0 -9999.0 -9999.0 -9999.0
-9999.0 -9999.0 -9999.0 -9999.0 -9999.0 -9999.0 -9999.0 -9999.0 -9999.0 -9999.0 -9999.0 -9999.0 -9999.0 -9999.0 -9999.0 -9999.0 -9999.0 -9999.0 -9999.0 -9999.0 -9999.0 -9999.0 -9999.0 -9999.0 0.520000 0.520000 0.520000 0.520000 0.520000 0.520000 0.520000 -9999.0 -9999.0 -9999.0 -9999.0 -9999.0 -9999.0 -9999.0 -9999.0 -9999.0 -9999.0 -9999.0 -9999.0 -9999.0 -9999.0 -9999.0 -9999.0 -9999.0 -9999.0 -9999.0 -9999.0 -9999.0 -9999.0 -9999.0 -9999.0 -9999.0 -9999.0 -9999.0 -9999.0 -9999.0 -9999.0 -9999.0 -9999.0
-9999.0 -9999.0 -9999.0 -9999.0 -9999.0 -9999.0 -9999.0 -9999.0 -9999.0 -9999.0 -9999.0 -9999.0 -9999.0 -9999.0 -9999.0 -9999.0 -9999.0 -9999.0 -9999.0 -9999.0 -9999.0 -9999.0 -9999.0 0.520000 0.520000 0.190675 0.136080 0.111568 0.313349 0.520000 0.520000 0.520000 -9999.0 -9999.0 -9999.0 -9999.0 -9999.0 -9999.0 -9999.0 -9999.0 -9999.0 -9999.0 -9999.0 -9999.0 -9999.0 -9999.0 -9999.0 -9999.0 -9999.0 -9999.0 -9999.0 -9999.0 -9999.0 -9999.0 -9999.0 -9999.0 -9999.0 -9999.0 -9999.0 -9999.0 -9999.0 -9999.0 -9999.0
-9999.0 -9999.0 -9999.0 -9999.0 -9999.0 -9999.0 -9999.0 -9999.0 -9999.0 -9999.0 -9999.0 -9999.0 -9999.0 -9999.0 -9999.0 -9999.0 -9999.0 -9999.0 0.520000 0.520000 -9999.0 0.520000 0.520000 0.242181 0.198346 0.085098 0.204714 0.217808 0.092755 0.188806 0.520000 0.520000 0.126850 0.179005 -9999.0 -9999.0 -9999.0 -9999.0 -9999.0 -9999.0 -9999.0 -9999.0 -9999.0 -9999.0 -9999.0 -9999.0 -9999.0 -9999.0 -9999.0 -9999.0 -9999.0 -9999.0 -9999.0 -9999.0 -9999.0 -9999.0 -9999.0 -9999.0 -9999.0 -9999.0 -9999.0 -9999.0 -9999.0
-9999.0 -9999.0 -9999.0 -9999.0 -9999.0 -9999.0 -9999.0 -9999.0 -9999.0 -9999.0 -9999.0 -9999.0 -9999.0 -9999.0 -9999.0 -9999.0 -9999.0 0.154517 0.342866 0.127818 0.180243 0.378398 0.283205 0.170260 0.191076 0.242900 0.288390 0.512373 0.214466 0.388777 0.520000 0.520000 0.131908 0.126906 0.129214 0.139192 -9999.0 -9999.0 -9999.0 -9999.0 -9999.0 -9999.0 -9999.0 -9999.0 -9999.0 -9999.0 -9999.0 -9999.0 -9999.0 -9999.0 -9999.0 -9999.0 -9999.0 -9999.0 -9999.0 -9999.0 -9999.0 -9999.0 -9999.0 -9999.0 -9999.0 -9999.0 -9999.0
-9999.0 -9999.0 -9999.0 -9999.0 -9999.0 -9999.0 -9999.0 -9999.0 -9999.0 -9999.0 -9999.0 -9999.0 -9999.0 0.520000 0.389143 0.241859 0.182706 0.165449 0.164357 0.231859 0.262993 0.178021 0.147718 0.220805 0.289429 0.520000 0.184724 0.520000 0.334363 0.267655 0.520000 0.520000 0.520000 0.520000 0.168809 0.154183 -9999.0 -9999.0 -9999.0 -9999.0 -9999.0 -9999.0 -9999.0 -9999.0 -9999.0 -9999.0 -9999.0 -9999.0 -9999.0 -9999.0 -9999.0 -9999.0 -9999.0 -9999.0 -9999.0 -9999.0 -9999.0 -9999.0 -9999.0 -9999.0 -9999.0 -9999.0 -9999.0
-9999.0 -9999.0 -9999.0 -9999.0 -9999.0 -9999.0 -9999.0 -9999.0 -9999.0 -9999.0 -9999.0 -9999.0 -9999.0 0.520000 0.356483 0.220345 0.230268 0.520000 0.161039 0.162115 0.179790 0.411625 0.362988 0.249381 0.264486 0.415533 0.520000 0.149239 0.172380 0.520000 0.520000 0.520000 0.155624 0.158846 0.155758 -9999.0 -9999.0 -9999.0 -9999.0 -9999.0 -9999.0 -9999.0 -9999.0 -9999.0 -9999.0 -9999.0 -9999.0 -9999.0 -9999.0 -9999.0 -9999.0 -9999.0 -9999.0 -9999.0 -9999.0 -9999.0 -9999.0 -9999.0 -9999.0 -9999.0 -9999.0 -9999.0 -9999.0
-9999.0 -9999.0 -9999.0 -9999.0 -9999.0 -9999.0 -9999.0 -9999.0 -9999.0 -9999.0 -9999.0 -9999.0 -9999.0 0.320667 0.520000 0.240364 0.241323 0.209582 0.129200 0.227600 0.520000 0.181664 0.520000 0.352029 0.378497 0.520000 0.135206 0.146567 0.520000 0.136465 0.520000 0.160269 0.153508 0.170615 0.140208 -9999.0 -9999.0 -9999.0 -9999.0 -9999.0 -9999.0 -9999.0 -9999.0 -9999.0 -9999.0 -9999.0 -9999.0 -9999.0 -9999.0 -9999.0 -9999.0 -9999.0 -9999.0 -9999.0 -9999.0 -9999.0 -9999.0 -9999.0 -9999.0 -9999.0 -9999.0 -9999.0 -9999.0
-9999.0 -9999.0 -9999.0 -9999.0 -9999.0 -9999.0 -9999.0 -9999.0 -9999.0 -9999.0 -9999.0 -9999.0 0.264058 0.520000 0.288282 0.520000 0.407950 0.249130 0.438916 0.134404 0.244163 0.356428 0.520000 0.520000 0.520000 0.520000 0.520000 0.520000 0.520000 0.158513 0.520000 0.115373 0.520000 0.149828 -9999.0 -9999.0 -9999.0 -9999.0 -9999.0 -9999.0 -9999.0 -9999.0 -9999.0 -9999.0 -9999.0 -9999.0 -9999.0 -9999.0 -9999.0 -9999.0 -9999.0 -9999.0 -9999.0 -9999.0 -9999.0 -9999.0 -9999.0 -9999.0 -9999.0 -9999.0 -9999.0 -9999.0 -9999.0
-9999.0 -9999.0 -9999.0 -9999.0 -9999.0 -9999.0 -9999.0 -9999.0 -9999.0 -9999.0 -9999.0 0.520000 0.520000 0.520000 0.461528 0.520000 0.130065 0.352763 0.461991 0.176174 0.397658 0.520000 0.520000 0.520000 0.520000 0.520000 0.520000 0.520000 0.520000 0.169520 0.110527 0.520000 0.150006 0.138999 0.114562 0.112074 0.148470 0.087826 0.085604 -9999.0 -9999.0 -9999.0 0.101768 -9999.0 -9999.0 -9999.0 -9999.0 -9999.0 -9999.0 -9999.0 -9999.0 -9999.0 -9999.0 -9999.0 -9999.0 -9999.0 -9999.0 -9999.0 -9999.0 -9999.0 -9999.0 -9999.0 -9999.0
-9999.0 -9999.0 -9999.0 -9999.0 -9999.0 -9999.0 -9999.0 -9999.0 -9999.0 -9999.0 -9999.0 0.520000 0.520000 0.520000 0.520000 0.520000 0.393099 0.172354 0.451301 0.520000 0.520000 0.520000 0.520000 0.520000 0.520000 0.520000 0.520000 0.520000 0.160231 0.156928 0.520000 0.520000 0.520000 0.520000 0.520000 0.329030 0.067169 0.061567 0.066128 0.180486 0.182131 0.179734 0.520000 0.170950 -9999.0 -9999.0 -9999.0 0.520000 0.520000 0.115322 0.520000 0.123016 0.124782 0.520000 0.520000 0.125047 -9999.0 -9999.0 -9999.0 -9999.0 -9999.0 -9999.0 -9999.0
-9999.0 -9999.0 -9999.0 -9999.0 -9999.0 -9999.0 -9999.0 -9999.0 -9999.0 -9999.0 -9999.0 0.520000 0.520000 0.520000 0.520000 0.520000 0.520000 0.520000 0.520000 0.506917 0.520000 0.520000 0.520000 0.520000 0.520000 0.103502 0.520000 0.520000 0.155450 0.520000 0.120448 0.520000 0.520000 0.520000 0.112580 0.154143 0.087803 0.075445 0.058580 0.037757 0.075211 0.179790 0.348891 0.520000 0.520000 -9999.0 0.118073 0.520000 0.520000 0.520000 0.520000 0.126570 0.520000 0.520000 0.520000 0.520000 -9999.0 -9999.0 -9999.0 -9999.0 -9999.0 -9999.0 -9999.0
-9999.0 -9999.0 -9999.0 -9999.0 -9999.0 -9999.0 -9999.0 -9999.0 -9999.0 -9999.0 -9999.0 -9999.0 0.520000 0.520000 0.520000 0.520000 0.520000 0.520000 0.520000 0.488452 0.520000 0.520000 0.520000 0.520000 0.520000 0.520000 0.520000 0.520000 0.520000 0.114511 0.520000 0.520000 0.520000 0.520000 0.520000 0.134361 0.089555 0.073034 0.058880 0.063696 0.060667 0.171179 0.238176 0.520000 0.131811 0.520000 0.112052 0.520000 0.520000 0.520000 0.520000 0.520000 0.520000 0.520000 0.520000 0.520000 0.520000 -9999.0 -9999.0 -9999.0 -9999.0 -9999.0 -9999.0
-9999.0 -9999.0 -9999.0 -9999.0 -9999.0 -9999.0 -9999.0 -9999.0 -9999.0 -9999.0 -9999.0 0.520000 0.520000 0.520000 0.520000 0.520000 0.520000 0.520000 0.520000 0.392349 0.520000 0.520000 0.520000 0.520000 0.520000 0.520000 0.520000 0.520000 0.520000 0.110813 0.520000 0.520000 0.520000 0.520000 0.520000 0.325929 0.074644 0.074269 0.073454 0.057760 0.093829 0.116251 0.292957 0.186918 0.520000 0.520000 0.520000 0.112016 0.103482 0.520000 0.191994 0.520000 0.520000 0.198280 0.196236 0.182483 0.146009 -9999.0 -9999.0 -9999.0 -9999.0 -9999.0 -9999.0
-9999.0 -9999.0 -9999.0 -9999.0 -9999.0 -9999.0 -9999.0 -9999.0 -9999.0 -9999.0 0.520000 0.520000 0.520000 0.520000 0.520000 0.520000 0.520000 0.520000 0.320398 0.330531 0.520000 0.520000 0.520000 0.520000 0.520000 0.520000 0.520000 0.182998 0.520000 0.520000 0.520000 0.520000 0.520000 0.520000 0.165184 0.114937 0.151576 0.101897 0.096643 0.079059 0.089853 0.189308 0.155098 0.300495 0.520000 0.187908 0.520000 0.520000 0.520000 0.520000 0.188230 0.148514 0.200000 0.160079 0.131588 0.520000 0.520000 -9999.0 -9999.0 -9999.0 -9999.0 -9999.0 -9999.0
-9999.0 -9999.0 -9999.0 -9999.0 -9999.0 -9999.0 -9999.0 -9999.0 -9999.0 0.520000 0.520000 0.520000 0.520000 0.520000 0.520000 0.520000 0.520000 0.520000 0.412998 0.286144 0.482090 0.381495 0.520000 0.520000 0.520000 0.520000 0.520000 0.520000 0.520000 0.520000 0.520000 0.520000 0.165028 0.152242 0.109825 0.116574 0.520000 0.297372 0.269513 0.309028 0.264405 0.365150 0.394474 0.179947 0.329710 0.520000 0.520000 0.505029 0.520000 0.520000 0.520000 0.155681 0.164510 0.117681 0.114361 0.520000 0.520000 0.132446 0.130056 -9999.0 -9999.0 -9999.0 -9999.0
-9999.0 -9999.0 -9999.0 -9999.0 -9999.0 -9999.0 -9999.0 -9999.0 -9999.0 0.520000 0.520000 0.520000 0.520000 0.520000 0.520000 0.520000 0.520000 0.520000 0.376492 0.262369 0.304309 0.294031 0.520000 0.520000 0.520000 0.520000 0.520000 0.520000 0.520000 0.520000 0.520000 0.520000 0.520000 0.520000 0.520000 0.176515 0.178837 0.176772 0.520000 0.520000 0.520000 0.520000 0.301504 0.351313 0.349635 0.242833 0.314381 0.233636 0.357368 0.520000 0.520000 0.520000 0.143758 0.520000 0.166503 0.520000 0.520000 0.520000 0.131126 -9999.0 -9999.0 -9999.0 -9999.0
-9999.0 -9999.0 -9999.0 -9999.0 -9999.0 -9999.0 -9999.0 -9999.0 -9999.0 -9999.0 0.520000 0.520000 0.520000 0.520000 0.520000 0.520000 0.520000 0.520000 0.305031 0.290939 0.366544 0.520000 0.520000 0.520000 0.520000 0.520000 0.520000 0.520000 0.520000 0.520000 0.520000 0.520000 0.520000 0.520000 0.520000 0.520000 0.520000 0.520000 0.189391 0.520000 0.520000 0.520000 0.520000 0.520000 0.520000 0.520000 0.520000 0.520000 0.403225 0.520000 0.520000 0.520000 0.139694 0.132656 0.520000 0.520000 0.520000 0.520000 0.520000 0.520000 -9999.0 -9999.0 -9999.0
-9999.0 -9999.0 -9999.0 -9999.0 -9999.0 -9999.0 -9999.0 -9999.0 -9999.0 -9999.0 0.520000 0.520000 0.520000 0.520000 0.496476 0.429121 0.520000 0.319084 0.186256 0.278448 0.317468 0.393264 0.520000 0.520000 0.520000 0.456486 0.520000 0.520000 0.520000 0.520000 0.520000 0.520000 0.193682 0.520000 0.520000 0.520000 0.520000 0.520000 0.520000 0.520000 0.520000 0.146010 0.520000 0.520000 0.520000 0.520000 0.520000 0.520000 0.520000 0.520000 0.520000 0.520000 0.520000 0.143044 0.187662 0.180016 0.520000 0.520000 0.520000 0.520000 -9999.0 -9999.0 -9999.0
-9999.0 -9999.0 -9999.0 -9999.0 -9999.0 -9999.0 -9999.0 -9999.0 0.520000 0.520000 0.520000 0.520000 0.520000 0.520000 0.520000 0.474813 0.252152 0.207344 0.216147 0.284723 0.293225 0.342480 0.376749 0.289321 0.321456 0.520000 0.520000 0.520000 0.520000 0.520000 0.132893 0.520000 0.520000 0.520000 0.520000 0.520000 0.520000 0.520000 0.520000 0.183660 0.121841 0.520000 0.189087 0.184848 0.174743 0.520000 0.520000 0.520000 0.520000 0.520000 0.520000 0.520000 0.520000 0.520000 0.177964 0.520000 0.170772 0.520000 0.520000 0.520000 -9999.0 -9999.0 -9999.0
-9999.0 -9999.0 -9999.0 -9999.0 -9999.0 -9999.0 -9999.0 -9999.0 0.200000 0.520000 0.520000 0.520000 0.520000 0.520000 0.520000 0.520000 0.430385 0.320384 0.214877 0.279801 0.322348 0.331615 0.458737 0.348414 0.262740 0.520000 0.520000 0.520000 0.193614 0.520000 0.520000 0.106410 0.520000 0.108571 0.520000 0.520000 0.520000 0.520000 0.520000 0.520000 0.520000 0.520000 0.124738 0.520000 0.520000 0.520000 0.188834 0.520000 0.520000 0.520000 0.520000 0.520000 0.520000 0.520000 0.520000 0.172370 0.520000 0.520000 0.520000 0.520000 0.242455 -9999.0 -9999.0
-9999.0 -9999.0 -9999.0 -9999.0 -9999.0 -9999.0 -9999.0 -9999.0 0.520000 0.520000 0.520000 0.520000 0.520000 0.188212 0.520000 0.520000 0.422042 0.274635 0.223826 0.303536 0.297579 0.305014 0.331351 0.318120 0.291515 0.520000 0.520000 0.520000 0.192845 0.520000 0.102068 0.520000 0.520000 0.520000 0.520000 0.520000 0.520000 0.520000 0.520000 0.520000 0.520000 0.110049 0.520000 0.520000 0.520000 0.520000 0.182355 0.520000 0.520000 0.520000 0.520000 0.520000 0.520000 0.520000 0.520000 0.520000 0.520000 0.520000 0.432848 0.461530 0.301432 -9999.0 -9999.0
-9999.0 -9999.0 -9999.0 -9999.0 -9999.0 -9999.0 -9999.0 -9999.0 0.117841 0.520000 0.520000 0.191357 0.520000 0.520000 0.520000 0.520000 0.365331 0.189657 0.327609 0.252856 0.292176 0.289700 0.247954 0.194287 0.276513 0.520000 0.520000 0.520000 0.520000 0.520000 0.520000 0.520000 0.520000 0.520000 0.520000 0.520000 0.520000 0.520000 0.520000 0.520000 0.520000 0.520000 0.520000 0.172940 0.520000 0.171193 0.520000 0.111030 0.520000 0.520000 0.520000 0.520000 0.520000 0.520000 0.520000 0.520000 0.520000 0.520000 0.303945 0.304591 0.371314 0.472950 -9999.0
-9999.0 -9999.0 -9999.0 -9999.0 -9999.0 -9999.0 -9999.0 -9999.0 0.520000 0.520000 0.520000 0.520000 0.520000 0.520000 0.520000 0.464947 0.520000 0.451527 0.455510 0.334805 0.258223 0.260502 0.228610 0.151061 0.193200 0.373448 0.520000 0.520000 0.520000 0.520000 0.520000 0.520000 0.520000 0.520000 0.520000 0.520000 0.520000 0.520000 0.520000 0.520000 0.520000 0.520000 0.520000 0.520000 0.520000 0.520000 0.520000 0.520000 0.520000 0.520000 0.401019 0.240445 0.484768 0.365793 0.520000 0.520000 0.484001 0.395713 0.373329 0.370655 0.415896 0.514365 -9999.0
-9999.0 -9999.0 0.520000 0.520000 0.520000 0.520000 0.520000 0.520000 0.520000 0.520000 0.520000 0.520000 0.520000 0.520000 0.520000 0.520000 0.520000 0.520000 0.520000 0.497278 0.293562 0.211326 0.268117 0.149701 0.252296 0.269646 0.349538 0.446465 0.442516 0.520000 0.520000 0.520000 0.520000 0.520000 0.520000 0.520000 0.520000 0.520000 0.520000 0.520000 0.520000 0.520000 0.520000 0.520000 0.520000 0.520000 0.520000 0.520000 0.520000 0.290573 0.186148 0.179318 0.520000 0.520000 0.520000 0.520000 0.520000 0.516492 0.520000 0.494169 0.520000 0.520000 -9999.0
-9999.0 0.520000 0.520000 0.520000 0.520000 0.520000 0.520000 0.520000 0.520000 0.520000 0.520000 0.520000 0.520000 0.520000 0.520000 0.520000 0.520000 0.520000 0.520000 0.508496 0.256820 0.278091 0.343633 0.184100 0.148775 0.207357 0.193015 0.183894 0.306917 0.427930 0.239863 0.312081 0.520000 0.520000 0.520000 0.406803 0.476135 0.484324 0.520000 0.520000 0.520000 0.520000 0.520000 0.520000 0.461788 0.387860 0.395554 0.350861 0.237742 0.136197 0.309161 0.520000 0.520000 0.520000 0.520000 0.520000 0.520000 0.520000 0.520000 0.520000 0.520000 0.520000 -9999.0
-9999.0 0.520000 0.520000 0.520000 0.520000 0.520000 0.520000 0.520000 0.520000 0.520000 0.520000 0.520000 0.520000 0.520000 0.520000 0.520000 0.520000 0.520000 0.520000 0.520000 0.520000 0.507456 0.272855 0.300535 0.236883 0.168915 0.150030 0.165471 0.239262 0.126206 0.092591 0.086138 0.520000 0.520000 0.408988 0.351707 0.260528 0.296591 0.520000 0.300539 0.383671 0.520000 0.520000 0.205582 0.099903 0.088518 0.154570 0.243462 0.411123 0.520000 0.520000 0.520000 0.520000 0.520000 0.520000 0.520000 0.520000 0.520000 0.520000 0.520000 0.520000 -9999.0 -9999.0
-9999.0 0.520000 0.520000 0.520000 0.520000 0.520000 0.520000 0.520000 0.520000 0.520000 0.520000 0.520000 0.520000 0.520000 0.520000 0.520000 0.520000 0.520000 0.520000 0.520000 0.472802 0.378554 0.204264 0.271682 0.520000 0.306388 0.484705 0.520000 0.191371 0.246754 0.125294 0.077611 0.321025 0.316819 0.311510 0.255120 0.453082 0.349748 0.409600 0.244722 0.209443 0.474467 0.520000 0.145428 0.144005 0.437488 0.285244 0.520000 0.520000 0.520000 0.520000 0.520000 0.520000 0.520000 0.520000 0.520000 0.520000 0.520000 0.520000 -9999.0 -9999.0 -9999.0 -9999.0
