erum2020/resources/simulation/Vinschgau/output-maps/thetaliqL0006N0928.asc
ncols         63
nrows         48
xllcorner     598000.000000
yllcorner     5145000.000000
cellsize      1000.000000
NODATA_value  -9999.0
[rows 0 to 28 of 48, columns 0 to 62 of 63]
-9999.0 -9999.0 -9999.0 -9999.0 -9999.0 -9999.0 -9999.0 -9999.0 -9999.0 -9999.0 -9999.0 -9999.0 -9999.0 -9999.0 -9999.0 -9999.0 -9999.0 -9999.0 -9999.0 -9999.0 -9999.0 -9999.0 -9999.0 -9999.0 -9999.0 -9999.0 -9999.0 -9999.0 -9999.0 -9999.0 -9999.0 -9999.0 -9999.0 -9999.0 -9999.0 -9999.0 -9999.0 -9999.0 -9999.0 -9999.0 -9999.0 -9999.0 -9999.0 -9999.0 -9999.0 -9999.0 -9999.0 -9999.0 -9999.0 -9999.0 -9999.0 -9999.0 -9999.0 -9999.0 -9999.0 -9999.0 -9999.0 -9999.0 -9999.0 -9999.0 -9999.0 -9999.0 -9999.0
-9999.0 -9999.0 -9999.0 -9999.0 -9999.0 -9999.0 -9999.0 -9999.0 -9999.0 -9999.0 -9999.0 -9999.0 -9999.0 -9999.0 -9999.0 -9999.0 -9999.0 -9999.0 -9999.0 -9999.0 -9999.0 -9999.0 -9999.0 -9999.0 -9999.0 -9999.0 -9999.0 0.020025 0.020034 0.020030 0.020030 0.020026 0.020024 -9999.0 -9999.0 -9999.0 -9999.0 -9999.0 -9999.0 -9999.0 -9999.0 -9999.0 -9999.0 -9999.0 -9999.0 -9999.0 -9999.0 -9999.0 -9999.0 -9999.0 -9999.0 -9999.0 -9999.0 -9999.0 -9999.0 -9999.0 -9999.0 -9999.0 -9999.0 -9999.0 -9999.0 -9999.0 -9999.0
-9999.0 -9999.0 -9999.0 -9999.0 -9999.0 -9999.0 -9999.0 -9999.0 -9999.0 -9999.0 -9999.0 -9999.0 -9999.0 -9999.0 -9999.0 -9999.0 -9999.0 -9999.0 -9999.0 -9999.0 -9999.0 -9999.0 -9999.0 -9999.0 0.040015 0.040017 0.040021 0.040015 0.040017 0.020032 0.020028 -9999.0 -9999.0 -9999.0 -9999.0 -9999.0 -9999.0 -9999.0 -9999.0 -9999.0 -9999.0 -9999.0 -9999.0 -9999.0 -9999.0 -9999.0 -9999.0 -9999.0 -9999.0 -9999.0 -9999.0 -9999.0 -9999.0 -9999.0 -9999.0 -9999.0 -9999.0 -9999.0 -9999.0 -9999.0 -9999.0 -9999.0 -9999.0
-9999.0 -9999.0 -9999.0 -9999.0 -9999.0 -9999.0 -9999.0 -9999.0 -9999.0 -9999.0 -9999.0 -9999.0 -9999.0 -9999.0 -9999.0 -9999.0 -9999.0 -9999.0 -9999.0 -9999.0 -9999.0 -9999.0 -9999.0 0.040017 0.040040 0.259141 0.275341 0.031025 0.054040 0.020049 0.020028 0.020025 -9999.0 -9999.0 -9999.0 -9999.0 -9999.0 -9999.0 -9999.0 -9999.0 -9999.0 -9999.0 -9999.0 -9999.0 -9999.0 -9999.0 -9999.0 -9999.0 -9999.0 -9999.0 -9999.0 -9999.0 -9999.0 -9999.0 -9999.0 -9999.0 -9999.0 -9999.0 -9999.0 -9999.0 -9999.0 -9999.0 -9999.0
-9999.0 -9999.0 -9999.0 -9999.0 -9999.0 -9999.0 -9999.0 -9999.0 -9999.0 -9999.0 -9999.0 -9999.0 -9999.0 -9999.0 -9999.0 -9999.0 -9999.0 -9999.0 0.379048 0.040025 -9999.0 0.040021 0.040034 0.041637 0.313091 0.030296 0.359832 0.390406 0.418595 0.281257 0.020044 0.020030 0.020021 0.020016 -9999.0 -9999.0 -9999.0 -9999.0 -9999.0 -9999.0 -9999.0 -9999.0 -9999.0 -9999.0 -9999.0 -9999.0 -9999.0 -9999.0 -9999.0 -9999.0 -9999.0 -9999.0 -9999.0 -9999.0 -9999.0 -9999.0 -9999.0 -9999.0 -9999.0 -9999.0 -9999.0 -9999.0 -9999.0
-9999.0 -9999.0 -9999.0 -9999.0 -9999.0 -9999.0 -9999.0 -9999.0 -9999.0 -9999.0 -9999.0 -9999.0 -9999.0 -9999.0 -9999.0 -9999.0 -9999.0 0.162661 0.208830 0.020067 0.020047 0.349887 0.288434 0.075547 0.339254 0.354158 0.047521 0.244724 0.292080 0.389592 0.040055 0.020046 0.020029 0.020026 0.020019 0.020017 -9999.0 -9999.0 -9999.0 -9999.0 -9999.0 -9999.0 -9999.0 -9999.0 -9999.0 -9999.0 -9999.0 -9999.0 -9999.0 -9999.0 -9999.0 -9999.0 -9999.0 -9999.0 -9999.0 -9999.0 -9999.0 -9999.0 -9999.0 -9999.0 -9999.0 -9999.0 -9999.0
-9999.0 -9999.0 -9999.0 -9999.0 -9999.0 -9999.0 -9999.0 -9999.0 -9999.0 -9999.0 -9999.0 -9999.0 -9999.0 0.020090 0.354805 0.234524 0.146138 0.042297 0.166762 0.040902 0.281336 0.282804 0.055598 0.351363 0.364667 0.040033 0.020060 0.020144 0.020132 0.237653 0.040060 0.040013 0.020037 0.020024 0.020023 0.020016 -9999.0 -9999.0 -9999.0 -9999.0 -9999.0 -9999.0 -9999.0 -9999.0 -9999.0 -9999.0 -9999.0 -9999.0 -9999.0 -9999.0 -9999.0 -9999.0 -9999.0 -9999.0 -9999.0 -9999.0 -9999.0 -9999.0 -9999.0 -9999.0 -9999.0 -9999.0 -9999.0
-9999.0 -9999.0 -9999.0 -9999.0 -9999.0 -9999.0 -9999.0 -9999.0 -9999.0 -9999.0 -9999.0 -9999.0 -9999.0 0.040451 0.307311 0.217554 0.161695 0.355397 0.042260 0.230583 0.041197 0.101925 0.322146 0.367436 0.300940 0.021255 0.020034 0.020028 0.020023 0.020077 0.040066 0.020031 0.020022 0.020015 0.020018 -9999.0 -9999.0 -9999.0 -9999.0 -9999.0 -9999.0 -9999.0 -9999.0 -9999.0 -9999.0 -9999.0 -9999.0 -9999.0 -9999.0 -9999.0 -9999.0 -9999.0 -9999.0 -9999.0 -9999.0 -9999.0 -9999.0 -9999.0 -9999.0 -9999.0 -9999.0 -9999.0 -9999.0
-9999.0 -9999.0 -9999.0 -9999.0 -9999.0 -9999.0 -9999.0 -9999.0 -9999.0 -9999.0 -9999.0 -9999.0 -9999.0 0.280370 0.430000 0.267201 0.208298 0.174996 0.042244 0.157452 0.380643 0.020127 0.339401 0.346735 0.371315 0.370238 0.020036 0.020022 0.020025 0.020017 0.020028 0.020014 0.020013 0.020011 0.020015 -9999.0 -9999.0 -9999.0 -9999.0 -9999.0 -9999.0 -9999.0 -9999.0 -9999.0 -9999.0 -9999.0 -9999.0 -9999.0 -9999.0 -9999.0 -9999.0 -9999.0 -9999.0 -9999.0 -9999.0 -9999.0 -9999.0 -9999.0 -9999.0 -9999.0 -9999.0 -9999.0 -9999.0
-9999.0 -9999.0 -9999.0 -9999.0 -9999.0 -9999.0 -9999.0 -9999.0 -9999.0 -9999.0 -9999.0 -9999.0 0.060380 0.386765 0.322823 0.369880 0.306459 0.235718 0.330233 0.020114 0.291504 0.238009 0.020324 0.040677 0.040057 0.020034 0.040015 0.020027 0.020038 0.020021 0.020014 0.020021 0.020025 0.020015 -9999.0 -9999.0 -9999.0 -9999.0 -9999.0 -9999.0 -9999.0 -9999.0 -9999.0 -9999.0 -9999.0 -9999.0 -9999.0 -9999.0 -9999.0 -9999.0 -9999.0 -9999.0 -9999.0 -9999.0 -9999.0 -9999.0 -9999.0 -9999.0 -9999.0 -9999.0 -9999.0 -9999.0 -9999.0
-9999.0 -9999.0 -9999.0 -9999.0 -9999.0 -9999.0 -9999.0 -9999.0 -9999.0 -9999.0 -9999.0 0.040105 0.402487 0.430000 0.341462 0.107880 0.020120 0.250469 0.428995 0.027497 0.073834 0.378654 0.020055 0.020038 0.020944 0.020041 0.020026 0.020033 0.040009 0.020017 0.020020 0.020040 0.020023 0.020018 0.020020 0.020024 0.020026 0.020031 0.020033 -9999.0 -9999.0 -9999.0 0.020017 -9999.0 -9999.0 -9999.0 -9999.0 -9999.0 -9999.0 -9999.0 -9999.0 -9999.0 -9999.0 -9999.0 -9999.0 -9999.0 -9999.0 -9999.0 -9999.0 -9999.0 -9999.0 -9999.0 -9999.0
-9999.0 -9999.0 -9999.0 -9999.0 -9999.0 -9999.0 -9999.0 -9999.0 -9999.0 -9999.0 -9999.0 0.040043 0.367863 0.105590 0.283195 0.020103 0.215901 0.186393 0.350654 0.380856 0.407520 0.020467 0.040023 0.040018 0.040030 0.020033 0.020030 0.020042 0.020032 0.020018 0.020033 0.020034 0.020025 0.020022 0.020020 0.020032 0.020050 0.020046 0.020032 0.020018 0.020018 0.020017 0.020031 0.020021 -9999.0 -9999.0 -9999.0 0.040004 0.020019 0.020020 0.020022 0.020017 0.020017 0.040004 0.040004 0.020016 -9999.0 -9999.0 -9999.0 -9999.0 -9999.0 -9999.0 -9999.0
-9999.0 -9999.0 -9999.0 -9999.0 -9999.0 -9999.0 -9999.0 -9999.0 -9999.0 -9999.0 -9999.0 0.040026 0.040046 0.021423 0.040890 0.020253 0.390372 0.255687 0.358557 0.350134 0.337296 0.086564 0.040040 0.040015 0.020033 0.020026 0.040032 0.020038 0.020025 0.020021 0.020023 0.020033 0.020044 0.020023 0.020021 0.020046 0.040015 0.020047 0.020060 0.020023 0.020035 0.020026 0.020044 0.020034 0.020023 -9999.0 0.020015 0.020023 0.020031 0.020039 0.020042 0.020034 0.020034 0.020029 0.020028 0.020024 -9999.0 -9999.0 -9999.0 -9999.0 -9999.0 -9999.0 -9999.0
-9999.0 -9999.0 -9999.0 -9999.0 -9999.0 -9999.0 -9999.0 -9999.0 -9999.0 -9999.0 -9999.0 -9999.0 0.040078 0.040687 0.040123 0.040158 0.322412 0.240123 0.379665 0.366341 0.302545 0.082123 0.020783 0.040069 0.040015 0.040029 0.040024 0.020039 0.020029 0.020022 0.020031 0.040012 0.020043 0.020027 0.020025 0.020035 0.040031 0.040021 0.040835 0.020039 0.040020 0.020035 0.020098 0.040024 0.020023 0.020022 0.020019 0.020024 0.020042 0.040050 0.040459 0.040013 0.040027 0.040010 0.040012 0.040009 0.040007 -9999.0 -9999.0 -9999.0 -9999.0 -9999.0 -9999.0
-9999.0 -9999.0 -9999.0 -9999.0 -9999.0 -9999.0 -9999.0 -9999.0 -9999.0 -9999.0 -9999.0 0.040114 0.040017 0.020082 0.040282 0.335558 0.391931 0.309249 0.384941 0.268070 0.270260 0.352282 0.113283 0.020064 0.040033 0.040224 0.040182 0.020028 0.020026 0.020028 0.040029 0.040017 0.020045 0.020028 0.020020 0.020032 0.020033 0.020097 0.119082 0.020094 0.020095 0.052557 0.040150 0.020092 0.020072 0.020028 0.020036 0.020029 0.020035 0.020461 0.020033 0.020029 0.040006 0.020019 0.020017 0.020015 0.020021 -9999.0 -9999.0 -9999.0 -9999.0 -9999.0 -9999.0
-9999.0 -9999.0 -9999.0 -9999.0 -9999.0 -9999.0 -9999.0 -9999.0 -9999.0 -9999.0 0.040041 0.040268 0.040023 0.040024 0.040119 0.040135 0.040130 0.343513 0.219983 0.276336 0.408654 0.425870 0.020192 0.040093 0.326875 0.040055 0.020051 0.020027 0.020041 0.020053 0.040022 0.040021 0.020055 0.020028 0.020016 0.020023 0.020044 0.040041 0.046741 0.373573 0.097536 0.020176 0.044866 0.402198 0.043154 0.020029 0.020037 0.020111 0.040175 0.340384 0.020021 0.020019 0.020016 0.020014 0.020014 0.020028 0.020029 -9999.0 -9999.0 -9999.0 -9999.0 -9999.0 -9999.0
-9999.0 -9999.0 -9999.0 -9999.0 -9999.0 -9999.0 -9999.0 -9999.0 -9999.0 0.020035 0.040040 0.040026 0.040048 0.040115 0.040379 0.040365 0.040739 0.321927 0.217126 0.226308 0.390742 0.241841 0.091151 0.356268 0.383181 0.020087 0.040014 0.020054 0.020282 0.294401 0.392687 0.020078 0.020024 0.020015 0.020018 0.020023 0.020048 0.040027 0.040035 0.040467 0.042014 0.041127 0.020230 0.284285 0.117581 0.020384 0.020206 0.020085 0.020087 0.389154 0.020052 0.020021 0.020013 0.020014 0.020018 0.020021 0.040007 0.020022 0.020019 -9999.0 -9999.0 -9999.0 -9999.0
-9999.0 -9999.0 -9999.0 -9999.0 -9999.0 -9999.0 -9999.0 -9999.0 -9999.0 0.020026 0.020033 0.020054 0.040136 0.378310 0.040567 0.040111 0.040134 0.390065 0.206189 0.325571 0.350526 0.288014 0.412472 0.325965 0.020114 0.040025 0.040127 0.313701 0.394922 0.373279 0.020278 0.020065 0.020036 0.020023 0.020030 0.020023 0.020025 0.020032 0.020033 0.020053 0.040099 0.020052 0.040153 0.399639 0.335313 0.382924 0.403766 0.081552 0.075243 0.390934 0.020047 0.020023 0.020015 0.020017 0.020021 0.040004 0.020025 0.040009 0.020027 -9999.0 -9999.0 -9999.0 -9999.0
-9999.0 -9999.0 -9999.0 -9999.0 -9999.0 -9999.0 -9999.0 -9999.0 -9999.0 -9999.0 0.020029 0.020055 0.042956 0.040464 0.087844 0.040767 0.376217 0.391058 0.199971 0.298131 0.375712 0.088141 0.369715 0.020482 0.040032 0.089815 0.383849 0.418570 0.020252 0.040042 0.020068 0.040015 0.020030 0.020026 0.020043 0.020041 0.040023 0.040032 0.020025 0.020032 0.020029 0.040025 0.040078 0.020429 0.115669 0.368450 0.126825 0.414908 0.091632 0.090925 0.020071 0.020026 0.020018 0.020016 0.040004 0.020023 0.040014 0.020086 0.020065 0.178621 -9999.0 -9999.0 -9999.0
-9999.0 -9999.0 -9999.0 -9999.0 -9999.0 -9999.0 -9999.0 -9999.0 -9999.0 -9999.0 0.020028 0.020037 0.040021 0.044635 0.423121 0.291668 0.328278 0.252591 0.229641 0.173427 0.179081 0.232928 0.336317 0.040180 0.080748 0.400910 0.430000 0.359711 0.040056 0.020033 0.020031 0.040022 0.020024 0.020023 0.020032 0.040020 0.040057 0.040199 0.020049 0.020027 0.020034 0.020040 0.040054 0.020047 0.040071 0.020342 0.339631 0.114665 0.129798 0.174167 0.031992 0.020050 0.040009 0.020019 0.020015 0.020016 0.020023 0.020083 0.430000 0.430000 -9999.0 -9999.0 -9999.0
-9999.0 -9999.0 -9999.0 -9999.0 -9999.0 -9999.0 -9999.0 -9999.0 0.040016 0.020030 0.020025 0.040016 0.040015 0.040070 0.046676 0.366272 0.203503 0.278720 0.267545 0.149703 0.150824 0.183649 0.201356 0.228276 0.364504 0.414980 0.407146 0.040101 0.040024 0.020033 0.020016 0.020032 0.020032 0.020024 0.020036 0.020034 0.020180 0.040253 0.020053 0.020023 0.020029 0.040019 0.020033 0.020024 0.020036 0.040045 0.020057 0.040145 0.111359 0.430000 0.352290 0.020162 0.040007 0.020021 0.020017 0.020026 0.020024 0.040073 0.107241 0.429143 -9999.0 -9999.0 -9999.0
-9999.0 -9999.0 -9999.0 -9999.0 -9999.0 -9999.0 -9999.0 -9999.0 0.020037 0.040032 0.020037 0.020026 0.020034 0.040020 0.040084 0.371900 0.261711 0.233239 0.039088 0.149443 0.334660 0.305335 0.300600 0.288190 0.198885 0.310640 0.394744 0.040283 0.020023 0.020027 0.020024 0.020025 0.020036 0.020025 0.040015 0.040020 0.020201 0.041090 0.020143 0.020042 0.020031 0.020019 0.020026 0.020045 0.040018 0.040045 0.020030 0.020041 0.020301 0.359506 0.430000 0.040254 0.040007 0.020023 0.020035 0.020035 0.020079 0.033196 0.135318 0.417573 0.164308 -9999.0 -9999.0
-9999.0 -9999.0 -9999.0 -9999.0 -9999.0 -9999.0 -9999.0 -9999.0 0.020032 0.020038 0.020043 0.020031 0.040009 0.020035 0.040079 0.020148 0.274388 0.300466 0.155946 0.315554 0.147491 0.260128 0.282656 0.197230 0.315579 0.257262 0.378941 0.040058 0.020027 0.020032 0.020027 0.040019 0.040019 0.020055 0.040026 0.020066 0.024148 0.174659 0.054771 0.020102 0.020041 0.020028 0.040016 0.040013 0.040027 0.040015 0.020023 0.040011 0.040018 0.120129 0.384859 0.366213 0.020029 0.020026 0.020048 0.040074 0.425329 0.429354 0.368986 0.430000 0.361608 -9999.0 -9999.0
-9999.0 -9999.0 -9999.0 -9999.0 -9999.0 -9999.0 -9999.0 -9999.0 0.020020 0.020044 0.040139 0.020022 0.040013 0.040044 0.020338 0.373316 0.063371 0.167629 0.345050 0.153339 0.160654 0.170354 0.266312 0.209404 0.219535 0.306312 0.352904 0.020066 0.040021 0.020115 0.020086 0.020160 0.022975 0.040258 0.020328 0.020091 0.143919 0.255976 0.140819 0.020750 0.020050 0.020047 0.020044 0.020036 0.040012 0.020029 0.020042 0.020033 0.020035 0.020077 0.382708 0.404660 0.366356 0.040049 0.413029 0.430000 0.422815 0.409920 0.317654 0.366210 0.361231 0.321234 -9999.0
-9999.0 -9999.0 -9999.0 -9999.0 -9999.0 -9999.0 -9999.0 -9999.0 0.040005 0.040014 0.040032 0.020082 0.020253 0.043557 0.396436 0.429461 0.427710 0.264069 0.296741 0.233235 0.188509 0.202697 0.170115 0.163936 0.336971 0.291489 0.040068 0.060969 0.388827 0.042183 0.020356 0.396116 0.180892 0.413055 0.102555 0.102192 0.094853 0.226350 0.107816 0.427806 0.106777 0.038116 0.083174 0.023226 0.020080 0.020069 0.020255 0.021296 0.020218 0.093691 0.112850 0.296008 0.379350 0.405042 0.430000 0.430000 0.430000 0.406546 0.394517 0.358252 0.280668 0.329220 -9999.0
-9999.0 -9999.0 0.020035 0.040015 0.040011 0.040022 0.040012 0.040015 0.040008 0.040011 0.040034 0.041762 0.043666 0.041945 0.429295 0.430000 0.114650 0.040060 0.040134 0.355489 0.230090 0.242046 0.391129 0.138197 0.184865 0.233110 0.299129 0.319144 0.333743 0.415939 0.366331 0.352111 0.430000 0.301317 0.383124 0.244424 0.310565 0.196552 0.090919 0.103632 0.082693 0.094552 0.116107 0.401968 0.115208 0.099191 0.424367 0.367505 0.102849 0.371540 0.323922 0.319731 0.416788 0.428066 0.430000 0.430000 0.429723 0.394995 0.395023 0.314985 0.407489 0.339691 -9999.0
-9999.0 0.040119 0.040051 0.040038 0.040024 0.040044 0.040013 0.040012 0.040009 0.020026 0.040019 0.040095 0.266695 0.040462 0.428997 0.020334 0.040033 0.040019 0.040066 0.363689 0.231923 0.257892 0.430000 0.334538 0.220462 0.199806 0.272909 0.313433 0.330702 0.384508 0.285134 0.329683 0.397594 0.386843 0.288925 0.284443 0.227010 0.152071 0.294962 0.296267 0.265527 0.296943 0.317305 0.232582 0.230679 0.219292 0.352998 0.217124 0.281438 0.300045 0.360377 0.403428 0.429985 0.430000 0.430000 0.430000 0.420738 0.403221 0.430000 0.394560 0.385206 0.343242 -9999.0
-9999.0 0.040073 0.040061 0.040277 0.040330 0.040042 0.040022 0.040010 0.040007 0.020025 0.040014 0.040059 0.371144 0.429151 0.021329 0.040011 0.020038 0.040016 0.040290 0.167058 0.396185 0.372536 0.334867 0.430000 0.412975 0.309576 0.129406 0.156438 0.300148 0.188870 0.144863 0.159020 0.356529 0.354741 0.362174 0.296170 0.329478 0.301002 0.257078 0.236979 0.263001 0.295113 0.268001 0.179163 0.126730 0.144813 0.269863 0.311993 0.324527 0.346595 0.371735 0.350326 0.395963 0.430000 0.427142 0.358849 0.043756 0.334226 0.373893 0.252693 0.376033 -9999.0 -9999.0
-9999.0 0.020059 0.040057 0.041329 0.429451 0.041859 0.040370 0.040039 0.040018 0.040020 0.040036 0.384364 0.419447 0.075590 0.040046 0.040008 0.040011 0.040023 0.040041 0.054525 0.218487 0.376046 0.252058 0.425200 0.425185 0.361327 0.360802 0.356374 0.170558 0.293303 0.139204 0.131772 0.330115 0.333225 0.298559 0.256047 0.260298 0.291901 0.242429 0.234798 0.237771 0.314138 0.272098 0.129730 0.128057 0.301550 0.302114 0.342980 0.363241 0.299653 0.379878 0.279366 0.361587 0.040460 0.041951 0.040111 0.040108 0.040043 0.040067 -9999.0 -9999.0 -9999.0 -9999.0
