erum2020/resources/simulation/Vinschgau/output-maps/thetaliqL0003N1218.asc
ncols         63
nrows         48
xllcorner     598000.000000
yllcorner     5145000.000000
cellsize      1000.000000
NODATA_value  -9999.0
[rows 0 to 28 of 48, columns 0 to 62 of 63]
-9999.0 -9999.0 -9999.0 -9999.0 -9999.0 -9999.0 -9999.0 -9999.0 -9999.0 -9999.0 -9999.0 -9999.0 -9999.0 -9999.0 -9999.0 -9999.0 -9999.0 -9999.0 -9999.0 -9999.0 -9999.0 -9999.0 -9999.0 -9999.0 -9999.0 -9999.0 -9999.0 -9999.0 -9999.0 -9999.0 -9999.0 -9999.0 -9999.0 -9999.0 -9999.0 -9999.0 -9999.0 -9999.0 -9999.0 -9999.0 -9999.0 -9999.0 -9999.0 -9999.0 -9999.0 -9999.0 -9999.0 -9999.0 -9999.0 -9999.0 -9999.0 -9999.0 -9999.0 -9999.0 -9999.0 -9999.0 -9999.0 -9999.0 -9999.0 -9999.0 -9999.0 -9999.0 -9999.0
-9999.0 -9999.0 -9999.0 -9999.0 -9999.0 -9999.0 -9999.0 -9999.0 -9999.0 -9999.0 -9999.0 -9999.0 -9999.0 -9999.0 -9999.0 -9999.0 -9999.0 -9999.0 -9999.0 -9999.0 -9999.0 -9999.0 -9999.0 -9999.0 -9999.0 -9999.0 -9999.0 0.120901 0.439245 0.181663 0.520000 0.515270 0.297845 -9999.0 -9999.0 -9999.0 -9999.0 -9999.0 -9999.0 -9999.0 -9999.0 -9999.0 -9999.0 -9999.0 -9999.0 -9999.0 -9999.0 -9999.0 -9999.0 -9999.0 -9999.0 -9999.0 -9999.0 -9999.0 -9999.0 -9999.0 -9999.0 -9999.0 -9999.0 -9999.0 -9999.0 -9999.0 -9999.0
-9999.0 -9999.0 -9999.0 -9999.0 -9999.0 -9999.0 -9999.0 -9999.0 -9999.0 -9999.0 -9999.0 -9999.0 -9999.0 -9999.0 -9999.0 -9999.0 -9999.0 -9999.0 -9999.0 -9999.0 -9999.0 -9999.0 -9999.0 -9999.0 0.419480 0.407653 0.405784 0.411781 0.442301 0.469497 0.501624 -9999.0 -9999.0 -9999.0 -9999.0 -9999.0 -9999.0 -9999.0 -9999.0 -9999.0 -9999.0 -9999.0 -9999.0 -9999.0 -9999.0 -9999.0 -9999.0 -9999.0 -9999.0 -9999.0 -9999.0 -9999.0 -9999.0 -9999.0 -9999.0 -9999.0 -9999.0 -9999.0 -9999.0 -9999.0 -9999.0 -9999.0 -9999.0
-9999.0 -9999.0 -9999.0 -9999.0 -9999.0 -9999.0 -9999.0 -9999.0 -9999.0 -9999.0 -9999.0 -9999.0 -9999.0 -9999.0 -9999.0 -9999.0 -9999.0 -9999.0 -9999.0 -9999.0 -9999.0 -9999.0 -9999.0 0.392665 0.368779 0.071264 0.070852 0.069860 0.069977 0.382365 0.498683 0.502752 -9999.0 -9999.0 -9999.0 -9999.0 -9999.0 -9999.0 -9999.0 -9999.0 -9999.0 -9999.0 -9999.0 -9999.0 -9999.0 -9999.0 -9999.0 -9999.0 -9999.0 -9999.0 -9999.0 -9999.0 -9999.0 -9999.0 -9999.0 -9999.0 -9999.0 -9999.0 -9999.0 -9999.0 -9999.0 -9999.0 -9999.0
-9999.0 -9999.0 -9999.0 -9999.0 -9999.0 -9999.0 -9999.0 -9999.0 -9999.0 -9999.0 -9999.0 -9999.0 -9999.0 -9999.0 -9999.0 -9999.0 -9999.0 -9999.0 0.182553 0.333253 -9999.0 0.369685 0.347979 0.070553 0.072614 0.070851 0.225360 0.155802 0.250569 0.201345 0.425239 0.495805 0.166997 0.135349 -9999.0 -9999.0 -9999.0 -9999.0 -9999.0 -9999.0 -9999.0 -9999.0 -9999.0 -9999.0 -9999.0 -9999.0 -9999.0 -9999.0 -9999.0 -9999.0 -9999.0 -9999.0 -9999.0 -9999.0 -9999.0 -9999.0 -9999.0 -9999.0 -9999.0 -9999.0 -9999.0 -9999.0 -9999.0
-9999.0 -9999.0 -9999.0 -9999.0 -9999.0 -9999.0 -9999.0 -9999.0 -9999.0 -9999.0 -9999.0 -9999.0 -9999.0 -9999.0 -9999.0 -9999.0 -9999.0 0.073087 0.074031 0.021884 0.038835 0.271570 0.180952 0.073867 0.137405 0.291376 0.060187 0.292970 0.071371 0.283025 0.370094 0.413618 0.169971 0.130547 0.158642 0.152737 -9999.0 -9999.0 -9999.0 -9999.0 -9999.0 -9999.0 -9999.0 -9999.0 -9999.0 -9999.0 -9999.0 -9999.0 -9999.0 -9999.0 -9999.0 -9999.0 -9999.0 -9999.0 -9999.0 -9999.0 -9999.0 -9999.0 -9999.0 -9999.0 -9999.0 -9999.0 -9999.0
-9999.0 -9999.0 -9999.0 -9999.0 -9999.0 -9999.0 -9999.0 -9999.0 -9999.0 -9999.0 -9999.0 -9999.0 -9999.0 0.165070 0.087476 0.076675 0.073329 0.022197 0.073460 0.071316 0.072536 0.076151 0.071547 0.111023 0.220397 0.351109 0.167803 0.103517 0.105083 0.374081 0.045720 0.444115 0.467226 0.520000 0.188007 0.144883 -9999.0 -9999.0 -9999.0 -9999.0 -9999.0 -9999.0 -9999.0 -9999.0 -9999.0 -9999.0 -9999.0 -9999.0 -9999.0 -9999.0 -9999.0 -9999.0 -9999.0 -9999.0 -9999.0 -9999.0 -9999.0 -9999.0 -9999.0 -9999.0 -9999.0 -9999.0 -9999.0
-9999.0 -9999.0 -9999.0 -9999.0 -9999.0 -9999.0 -9999.0 -9999.0 -9999.0 -9999.0 -9999.0 -9999.0 -9999.0 0.204732 0.071308 0.074167 0.074130 0.101127 0.022194 0.071133 0.073559 0.067645 0.084442 0.151617 0.167209 0.269610 0.421607 0.131970 0.177510 0.064550 0.052139 0.484554 0.185912 0.180154 0.186252 -9999.0 -9999.0 -9999.0 -9999.0 -9999.0 -9999.0 -9999.0 -9999.0 -9999.0 -9999.0 -9999.0 -9999.0 -9999.0 -9999.0 -9999.0 -9999.0 -9999.0 -9999.0 -9999.0 -9999.0 -9999.0 -9999.0 -9999.0 -9999.0 -9999.0 -9999.0 -9999.0 -9999.0
-9999.0 -9999.0 -9999.0 -9999.0 -9999.0 -9999.0 -9999.0 -9999.0 -9999.0 -9999.0 -9999.0 -9999.0 -9999.0 0.070513 0.520000 0.069845 0.074253 0.074120 0.022169 0.073459 0.089186 0.022062 0.272230 0.092459 0.091549 0.163309 0.098087 0.168295 0.499861 0.180045 0.520000 0.020217 0.178684 0.020031 0.154334 -9999.0 -9999.0 -9999.0 -9999.0 -9999.0 -9999.0 -9999.0 -9999.0 -9999.0 -9999.0 -9999.0 -9999.0 -9999.0 -9999.0 -9999.0 -9999.0 -9999.0 -9999.0 -9999.0 -9999.0 -9999.0 -9999.0 -9999.0 -9999.0 -9999.0 -9999.0 -9999.0 -9999.0
-9999.0 -9999.0 -9999.0 -9999.0 -9999.0 -9999.0 -9999.0 -9999.0 -9999.0 -9999.0 -9999.0 -9999.0 0.071215 0.520000 0.070319 0.072882 0.089359 0.075662 0.075696 0.021785 0.072716 0.225622 0.331853 0.263276 0.044417 0.425597 0.040204 0.495476 0.520000 0.188150 0.293300 0.174259 0.475943 0.134798 -9999.0 -9999.0 -9999.0 -9999.0 -9999.0 -9999.0 -9999.0 -9999.0 -9999.0 -9999.0 -9999.0 -9999.0 -9999.0 -9999.0 -9999.0 -9999.0 -9999.0 -9999.0 -9999.0 -9999.0 -9999.0 -9999.0 -9999.0 -9999.0 -9999.0 -9999.0 -9999.0 -9999.0 -9999.0
-9999.0 -9999.0 -9999.0 -9999.0 -9999.0 -9999.0 -9999.0 -9999.0 -9999.0 -9999.0 -9999.0 0.256364 0.070492 0.520000 0.069973 0.148734 0.021668 0.074291 0.121758 0.021596 0.074637 0.119848 0.301091 0.394008 0.416137 0.448011 0.496948 0.476976 0.446368 0.156483 0.159991 0.473302 0.186117 0.144188 0.182410 0.183205 0.479939 0.308273 0.389827 -9999.0 -9999.0 -9999.0 0.143154 -9999.0 -9999.0 -9999.0 -9999.0 -9999.0 -9999.0 -9999.0 -9999.0 -9999.0 -9999.0 -9999.0 -9999.0 -9999.0 -9999.0 -9999.0 -9999.0 -9999.0 -9999.0 -9999.0 -9999.0
-9999.0 -9999.0 -9999.0 -9999.0 -9999.0 -9999.0 -9999.0 -9999.0 -9999.0 -9999.0 -9999.0 0.272206 0.070437 0.068504 0.068747 0.108881 0.067515 0.072984 0.102143 0.074172 0.111662 0.185087 0.422757 0.042063 0.043975 0.451999 0.469205 0.457143 0.174661 0.147154 0.479430 0.500839 0.498609 0.409714 0.368659 0.478694 0.421809 0.189681 0.209682 0.145341 0.150095 0.141486 0.499172 0.162193 -9999.0 -9999.0 -9999.0 0.237157 0.310787 0.188692 0.393784 0.186478 0.187270 0.183928 0.125847 0.190425 -9999.0 -9999.0 -9999.0 -9999.0 -9999.0 -9999.0 -9999.0
-9999.0 -9999.0 -9999.0 -9999.0 -9999.0 -9999.0 -9999.0 -9999.0 -9999.0 -9999.0 -9999.0 0.289584 0.244662 0.344633 0.179026 0.093432 0.092751 0.075374 0.065945 0.071936 0.121193 0.399020 0.048481 0.445654 0.443856 0.114725 0.044797 0.040110 0.174498 0.416335 0.171683 0.043413 0.477589 0.434119 0.186404 0.453977 0.044482 0.042249 0.121853 0.138090 0.367030 0.461287 0.475780 0.489144 0.424731 -9999.0 0.139077 0.428395 0.520000 0.483505 0.453838 0.174771 0.448870 0.509811 0.509841 0.442133 -9999.0 -9999.0 -9999.0 -9999.0 -9999.0 -9999.0 -9999.0
-9999.0 -9999.0 -9999.0 -9999.0 -9999.0 -9999.0 -9999.0 -9999.0 -9999.0 -9999.0 -9999.0 -9999.0 0.292784 0.520000 0.191034 0.184699 0.118311 0.076799 0.108928 0.074536 0.085012 0.267532 0.053495 0.040615 0.040976 0.045442 0.520000 0.388914 0.500293 0.175885 0.473665 0.044272 0.412047 0.510746 0.499833 0.482538 0.043990 0.041667 0.263555 0.117943 0.122647 0.092935 0.045494 0.428846 0.183760 0.400493 0.167670 0.437326 0.040963 0.044804 0.069197 0.040094 0.040089 0.040176 0.041187 0.520000 0.449323 -9999.0 -9999.0 -9999.0 -9999.0 -9999.0 -9999.0
-9999.0 -9999.0 -9999.0 -9999.0 -9999.0 -9999.0 -9999.0 -9999.0 -9999.0 -9999.0 -9999.0 0.041143 0.343559 0.091161 0.520000 0.287098 0.152478 0.083832 0.081437 0.083681 0.079172 0.203712 0.520000 0.046266 0.044399 0.041270 0.043183 0.493547 0.493472 0.137660 0.045673 0.040719 0.435947 0.516027 0.371662 0.505684 0.416607 0.059702 0.263473 0.107316 0.057879 0.231315 0.067502 0.169901 0.359280 0.498990 0.498197 0.178233 0.168836 0.114433 0.020361 0.488026 0.040167 0.020043 0.020038 0.020072 0.187812 -9999.0 -9999.0 -9999.0 -9999.0 -9999.0 -9999.0
-9999.0 -9999.0 -9999.0 -9999.0 -9999.0 -9999.0 -9999.0 -9999.0 -9999.0 -9999.0 0.520000 0.060701 0.347122 0.322705 0.261588 0.520000 0.520000 0.198311 0.077568 0.086477 0.105700 0.267703 0.044687 0.342895 0.099870 0.042016 0.043144 0.020124 0.346805 0.358593 0.047117 0.041157 0.421036 0.512886 0.140790 0.153532 0.398049 0.044625 0.040866 0.437888 0.391328 0.175868 0.191076 0.290284 0.098143 0.130044 0.433111 0.046048 0.042267 0.192187 0.020097 0.185981 0.020034 0.020044 0.187186 0.518188 0.512849 -9999.0 -9999.0 -9999.0 -9999.0 -9999.0 -9999.0
-9999.0 -9999.0 -9999.0 -9999.0 -9999.0 -9999.0 -9999.0 -9999.0 -9999.0 0.440732 0.396494 0.088001 0.166995 0.054301 0.052546 0.070162 0.084833 0.223993 0.075519 0.080448 0.091315 0.090200 0.153795 0.181710 0.417947 0.040286 0.041173 0.413367 0.077069 0.318322 0.511684 0.040182 0.149526 0.177570 0.142215 0.159091 0.423359 0.043690 0.045486 0.048516 0.040239 0.041457 0.045948 0.184479 0.211259 0.096385 0.305551 0.051125 0.051800 0.481980 0.041236 0.187515 0.020062 0.192926 0.190049 0.040023 0.040036 0.180268 0.191469 -9999.0 -9999.0 -9999.0 -9999.0
-9999.0 -9999.0 -9999.0 -9999.0 -9999.0 -9999.0 -9999.0 -9999.0 -9999.0 0.420929 0.437956 0.333339 0.520000 0.472640 0.076288 0.053688 0.333192 0.238502 0.074387 0.071711 0.077343 0.067564 0.198076 0.363508 0.041113 0.044758 0.052801 0.197403 0.452024 0.351684 0.369819 0.040102 0.485424 0.461059 0.520000 0.141710 0.124885 0.090107 0.437843 0.405962 0.043804 0.043758 0.061362 0.371326 0.133436 0.208749 0.207989 0.287152 0.354121 0.340142 0.040042 0.040032 0.174094 0.045884 0.197278 0.040016 0.040036 0.041512 0.142935 -9999.0 -9999.0 -9999.0 -9999.0
-9999.0 -9999.0 -9999.0 -9999.0 -9999.0 -9999.0 -9999.0 -9999.0 -9999.0 -9999.0 0.475981 0.407268 0.130369 0.041561 0.354715 0.085681 0.274630 0.151772 0.073293 0.075398 0.081878 0.074910 0.088023 0.040344 0.046901 0.103344 0.500648 0.365744 0.354639 0.040206 0.040119 0.040140 0.040197 0.507377 0.514457 0.442136 0.370962 0.397185 0.123853 0.482671 0.480754 0.423310 0.520000 0.104888 0.158048 0.257147 0.089008 0.192734 0.076723 0.291575 0.040125 0.041001 0.188539 0.147380 0.045196 0.420761 0.520000 0.042298 0.043583 0.129614 -9999.0 -9999.0 -9999.0
-9999.0 -9999.0 -9999.0 -9999.0 -9999.0 -9999.0 -9999.0 -9999.0 -9999.0 -9999.0 0.520000 0.447501 0.393439 0.512419 0.372378 0.219633 0.185662 0.086268 0.073719 0.070918 0.074632 0.078998 0.073465 0.078709 0.103736 0.462945 0.308552 0.210712 0.040459 0.040334 0.471743 0.502924 0.020235 0.472567 0.467347 0.431754 0.042636 0.055684 0.040993 0.498970 0.480722 0.177647 0.041044 0.359006 0.350217 0.046401 0.297050 0.165502 0.081623 0.181130 0.520000 0.041193 0.040094 0.191936 0.056260 0.159575 0.405358 0.050743 0.520000 0.487565 -9999.0 -9999.0 -9999.0
-9999.0 -9999.0 -9999.0 -9999.0 -9999.0 -9999.0 -9999.0 -9999.0 0.464119 0.484574 0.489465 0.476728 0.040179 0.060049 0.059333 0.227897 0.074713 0.067496 0.070254 0.070351 0.072243 0.072522 0.072982 0.075787 0.264161 0.287052 0.319968 0.042392 0.041687 0.040451 0.184982 0.479457 0.477322 0.490902 0.498503 0.433333 0.253133 0.064521 0.040059 0.138626 0.123780 0.431629 0.020445 0.130691 0.065343 0.520000 0.040070 0.058717 0.218217 0.294780 0.405828 0.040054 0.040149 0.040025 0.190303 0.495871 0.187930 0.389720 0.320025 0.108833 -9999.0 -9999.0 -9999.0
-9999.0 -9999.0 -9999.0 -9999.0 -9999.0 -9999.0 -9999.0 -9999.0 0.020000 0.044187 0.040535 0.495879 0.442511 0.040756 0.042103 0.274172 0.082952 0.078177 0.072303 0.069882 0.096172 0.065595 0.063999 0.063614 0.074181 0.106820 0.327200 0.053777 0.020140 0.504927 0.436626 0.158872 0.463629 0.143889 0.457707 0.408789 0.259781 0.520000 0.065886 0.405007 0.474642 0.508553 0.124956 0.380404 0.520000 0.044303 0.020206 0.419064 0.079820 0.354216 0.400879 0.077247 0.040015 0.413007 0.463162 0.020184 0.049061 0.511980 0.260989 0.108351 0.074276 -9999.0 -9999.0
-9999.0 -9999.0 -9999.0 -9999.0 -9999.0 -9999.0 -9999.0 -9999.0 0.466103 0.520000 0.520000 0.040240 0.520000 0.020656 0.051183 0.042700 0.186160 0.074396 0.072776 0.095443 0.069475 0.065800 0.064749 0.070082 0.070232 0.079021 0.317723 0.040542 0.020144 0.476825 0.148839 0.457892 0.042586 0.044434 0.423293 0.304169 0.388471 0.399006 0.066623 0.041312 0.422946 0.093785 0.422531 0.520000 0.043174 0.433396 0.139607 0.466684 0.041813 0.114069 0.257179 0.462515 0.040027 0.040016 0.068358 0.460089 0.520000 0.312027 0.078922 0.118863 0.089171 -9999.0 -9999.0
-9999.0 -9999.0 -9999.0 -9999.0 -9999.0 -9999.0 -9999.0 -9999.0 0.185461 0.425578 0.055323 0.020127 0.457571 0.044748 0.040412 0.343815 0.075295 0.073633 0.081466 0.072851 0.070531 0.070314 0.067639 0.068365 0.079178 0.179824 0.059268 0.040112 0.382080 0.041086 0.051558 0.045368 0.519355 0.151317 0.090366 0.220900 0.125343 0.078010 0.296478 0.164532 0.338393 0.333281 0.355569 0.072452 0.442688 0.098035 0.308687 0.118207 0.442676 0.048682 0.172715 0.201207 0.408996 0.078493 0.520000 0.482911 0.218768 0.119839 0.090760 0.092907 0.101964 0.123385 -9999.0
-9999.0 -9999.0 -9999.0 -9999.0 -9999.0 -9999.0 -9999.0 -9999.0 0.315151 0.497273 0.040426 0.040216 0.044502 0.050206 0.425960 0.218418 0.229488 0.085979 0.132079 0.077757 0.074457 0.072020 0.071848 0.072826 0.069643 0.184363 0.041004 0.099826 0.339275 0.520000 0.048016 0.446018 0.334352 0.407262 0.336801 0.139548 0.075556 0.075118 0.075736 0.283876 0.281629 0.286689 0.364245 0.469058 0.050036 0.328513 0.073917 0.047633 0.067501 0.487601 0.250663 0.112687 0.177104 0.275918 0.400470 0.350163 0.232122 0.144216 0.115969 0.077290 0.080576 0.131060 -9999.0
-9999.0 -9999.0 0.359863 0.433987 0.040052 0.043784 0.040123 0.040646 0.506886 0.516495 0.040574 0.040250 0.050964 0.520000 0.321046 0.520000 0.103866 0.040535 0.057305 0.267949 0.078264 0.074943 0.085581 0.073754 0.074583 0.082081 0.198954 0.242163 0.106665 0.315776 0.096529 0.140767 0.150131 0.080377 0.076063 0.076939 0.073087 0.073580 0.074492 0.077243 0.073779 0.073525 0.076199 0.187884 0.248065 0.280642 0.338416 0.254784 0.135938 0.104974 0.076243 0.102031 0.204357 0.256855 0.298313 0.238309 0.234207 0.167015 0.133285 0.088639 0.152205 0.144976 -9999.0
-9999.0 0.050524 0.045136 0.044299 0.044508 0.044446 0.040208 0.040556 0.040118 0.506655 0.041094 0.042011 0.518012 0.411085 0.505324 0.045476 0.043854 0.042069 0.045406 0.131748 0.079683 0.075874 0.127533 0.090145 0.068334 0.073940 0.071046 0.073484 0.072884 0.115423 0.074623 0.074073 0.072677 0.072431 0.071343 0.071441 0.070698 0.071722 0.071206 0.072114 0.071761 0.071231 0.070995 0.074651 0.076294 0.075466 0.093444 0.073404 0.072148 0.082313 0.104630 0.164747 0.233764 0.297780 0.301965 0.444122 0.358212 0.330316 0.422044 0.329455 0.276586 0.149114 -9999.0
-9999.0 0.385583 0.266555 0.091885 0.389458 0.050105 0.040060 0.040261 0.496172 0.485332 0.040853 0.040534 0.339343 0.418825 0.051584 0.040023 0.040589 0.041025 0.041357 0.166091 0.368844 0.175851 0.113922 0.186011 0.145814 0.104999 0.073602 0.071592 0.074471 0.072179 0.072007 0.072290 0.071582 0.071459 0.067857 0.070388 0.081364 0.077835 0.069231 0.069476 0.069220 0.069550 0.069169 0.071329 0.071085 0.070942 0.071124 0.072719 0.075196 0.083355 0.119838 0.153917 0.293835 0.471965 0.520000 0.065239 0.040889 0.055034 0.063077 0.050921 0.072078 -9999.0 -9999.0
-9999.0 0.208042 0.045527 0.040507 0.384167 0.372271 0.393417 0.040179 0.041061 0.041050 0.043654 0.081537 0.368710 0.511791 0.040223 0.040017 0.040396 0.040071 0.040200 0.040191 0.051506 0.067538 0.142877 0.181214 0.163038 0.099534 0.086718 0.081515 0.071170 0.072865 0.070062 0.069696 0.071468 0.070894 0.070246 0.069633 0.069541 0.076502 0.069432 0.069048 0.068802 0.080129 0.068791 0.068178 0.068489 0.070270 0.071383 0.075556 0.091950 0.088296 0.195306 0.314689 0.078810 0.520000 0.048907 0.040423 0.040379 0.040171 0.040231 -9999.0 -9999.0 -9999.0 -9999.0
