erum2020/resources/simulation/Vinschgau/output-maps/thetaliqL0002N0383.asc
ncols         63
nrows         48
xllcorner     598000.000000
yllcorner     5145000.000000
cellsize      1000.000000
NODATA_value  -9999.0
[rows 0 to 28 of 48, columns 0 to 62 of 63]
-9999.0 -9999.0 -9999.0 -9999.0 -9999.0 -9999.0 -9999.0 -9999.0 -9999.0 -9999.0 -9999.0 -9999.0 -9999.0 -9999.0 -9999.0 -9999.0 -9999.0 -9999.0 -9999.0 -9999.0 -9999.0 -9999.0 -9999.0 -9999.0 -9999.0 -9999.0 -9999.0 -9999.0 -9999.0 -9999.0 -9999.0 -9999.0 -9999.0 -9999.0 -9999.0 -9999.0 -9999.0 -9999.0 -9999.0 -9999.0 -9999.0 -9999.0 -9999.0 -9999.0 -9999.0 -9999.0 -9999.0 -9999.0 -9999.0 -9999.0 -9999.0 -9999.0 -9999.0 -9999.0 -9999.0 -9999.0 -9999.0 -9999.0 -9999.0 -9999.0 -9999.0 -9999.0 -9999.0
-9999.0 -9999.0 -9999.0 -9999.0 -9999.0 -9999.0 -9999.0 -9999.0 -9999.0 -9999.0 -9999.0 -9999.0 -9999.0 -9999.0 -9999.0 -9999.0 -9999.0 -9999.0 -9999.0 -9999.0 -9999.0 -9999.0 -9999.0 -9999.0 -9999.0 -9999.0 -9999.0 0.104333 0.520000 0.103951 0.040059 0.055445 0.046504 -9999.0 -9999.0 -9999.0 -9999.0 -9999.0 -9999.0 -9999.0 -9999.0 -9999.0 -9999.0 -9999.0 -9999.0 -9999.0 -9999.0 -9999.0 -9999.0 -9999.0 -9999.0 -9999.0 -9999.0 -9999.0 -9999.0 -9999.0 -9999.0 -9999.0 -9999.0 -9999.0 -9999.0 -9999.0 -9999.0
-9999.0 -9999.0 -9999.0 -9999.0 -9999.0 -9999.0 -9999.0 -9999.0 -9999.0 -9999.0 -9999.0 -9999.0 -9999.0 -9999.0 -9999.0 -9999.0 -9999.0 -9999.0 -9999.0 -9999.0 -9999.0 -9999.0 -9999.0 -9999.0 0.370847 0.345880 0.499015 0.520000 0.520000 0.520000 0.040049 -9999.0 -9999.0 -9999.0 -9999.0 -9999.0 -9999.0 -9999.0 -9999.0 -9999.0 -9999.0 -9999.0 -9999.0 -9999.0 -9999.0 -9999.0 -9999.0 -9999.0 -9999.0 -9999.0 -9999.0 -9999.0 -9999.0 -9999.0 -9999.0 -9999.0 -9999.0 -9999.0 -9999.0 -9999.0 -9999.0 -9999.0 -9999.0
-9999.0 -9999.0 -9999.0 -9999.0 -9999.0 -9999.0 -9999.0 -9999.0 -9999.0 -9999.0 -9999.0 -9999.0 -9999.0 -9999.0 -9999.0 -9999.0 -9999.0 -9999.0 -9999.0 -9999.0 -9999.0 -9999.0 -9999.0 0.257624 0.520000 0.349900 0.416999 0.391480 0.520000 0.520000 0.520000 0.040026 -9999.0 -9999.0 -9999.0 -9999.0 -9999.0 -9999.0 -9999.0 -9999.0 -9999.0 -9999.0 -9999.0 -9999.0 -9999.0 -9999.0 -9999.0 -9999.0 -9999.0 -9999.0 -9999.0 -9999.0 -9999.0 -9999.0 -9999.0 -9999.0 -9999.0 -9999.0 -9999.0 -9999.0 -9999.0 -9999.0 -9999.0
-9999.0 -9999.0 -9999.0 -9999.0 -9999.0 -9999.0 -9999.0 -9999.0 -9999.0 -9999.0 -9999.0 -9999.0 -9999.0 -9999.0 -9999.0 -9999.0 -9999.0 -9999.0 0.366296 0.224362 -9999.0 0.323745 0.462459 0.410565 0.520000 0.520000 0.520000 0.519999 0.520000 0.520000 0.520000 0.520000 0.091274 0.020033 -9999.0 -9999.0 -9999.0 -9999.0 -9999.0 -9999.0 -9999.0 -9999.0 -9999.0 -9999.0 -9999.0 -9999.0 -9999.0 -9999.0 -9999.0 -9999.0 -9999.0 -9999.0 -9999.0 -9999.0 -9999.0 -9999.0 -9999.0 -9999.0 -9999.0 -9999.0 -9999.0 -9999.0 -9999.0
-9999.0 -9999.0 -9999.0 -9999.0 -9999.0 -9999.0 -9999.0 -9999.0 -9999.0 -9999.0 -9999.0 -9999.0 -9999.0 -9999.0 -9999.0 -9999.0 -9999.0 0.309333 0.359524 0.098215 0.150564 0.520000 0.426184 0.486161 0.520000 0.520000 0.061756 0.475579 0.519489 0.520000 0.520000 0.520000 0.118164 0.098907 0.020048 0.022502 -9999.0 -9999.0 -9999.0 -9999.0 -9999.0 -9999.0 -9999.0 -9999.0 -9999.0 -9999.0 -9999.0 -9999.0 -9999.0 -9999.0 -9999.0 -9999.0 -9999.0 -9999.0 -9999.0 -9999.0 -9999.0 -9999.0 -9999.0 -9999.0 -9999.0 -9999.0 -9999.0
-9999.0 -9999.0 -9999.0 -9999.0 -9999.0 -9999.0 -9999.0 -9999.0 -9999.0 -9999.0 -9999.0 -9999.0 -9999.0 0.479611 0.520000 0.514394 0.365038 0.113768 0.299116 0.235948 0.345045 0.440232 0.333847 0.520000 0.520000 0.040037 0.020111 0.040023 0.040268 0.040026 0.520000 0.040028 0.040023 0.043955 0.020150 0.020605 -9999.0 -9999.0 -9999.0 -9999.0 -9999.0 -9999.0 -9999.0 -9999.0 -9999.0 -9999.0 -9999.0 -9999.0 -9999.0 -9999.0 -9999.0 -9999.0 -9999.0 -9999.0 -9999.0 -9999.0 -9999.0 -9999.0 -9999.0 -9999.0 -9999.0 -9999.0 -9999.0
-9999.0 -9999.0 -9999.0 -9999.0 -9999.0 -9999.0 -9999.0 -9999.0 -9999.0 -9999.0 -9999.0 -9999.0 -9999.0 0.505625 0.496649 0.515226 0.367040 0.456086 0.023857 0.120412 0.294310 0.520000 0.520000 0.520000 0.520000 0.520000 0.418992 0.020218 0.025155 0.045949 0.040038 0.046914 0.022150 0.020412 0.020950 -9999.0 -9999.0 -9999.0 -9999.0 -9999.0 -9999.0 -9999.0 -9999.0 -9999.0 -9999.0 -9999.0 -9999.0 -9999.0 -9999.0 -9999.0 -9999.0 -9999.0 -9999.0 -9999.0 -9999.0 -9999.0 -9999.0 -9999.0 -9999.0 -9999.0 -9999.0 -9999.0 -9999.0
-9999.0 -9999.0 -9999.0 -9999.0 -9999.0 -9999.0 -9999.0 -9999.0 -9999.0 -9999.0 -9999.0 -9999.0 -9999.0 0.356977 0.520000 0.520000 0.520000 0.348043 0.026346 0.292049 0.520000 0.063101 0.520000 0.519541 0.519966 0.520000 0.090679 0.025828 0.520000 0.022517 0.044701 0.020143 0.020414 0.020023 0.020313 -9999.0 -9999.0 -9999.0 -9999.0 -9999.0 -9999.0 -9999.0 -9999.0 -9999.0 -9999.0 -9999.0 -9999.0 -9999.0 -9999.0 -9999.0 -9999.0 -9999.0 -9999.0 -9999.0 -9999.0 -9999.0 -9999.0 -9999.0 -9999.0 -9999.0 -9999.0 -9999.0 -9999.0
-9999.0 -9999.0 -9999.0 -9999.0 -9999.0 -9999.0 -9999.0 -9999.0 -9999.0 -9999.0 -9999.0 -9999.0 0.298575 0.520000 0.520000 0.519798 0.519292 0.520000 0.398543 0.106557 0.429296 0.040053 0.519792 0.040046 0.520000 0.046765 0.040079 0.040018 0.520000 0.023533 0.044435 0.020039 0.520000 0.020149 -9999.0 -9999.0 -9999.0 -9999.0 -9999.0 -9999.0 -9999.0 -9999.0 -9999.0 -9999.0 -9999.0 -9999.0 -9999.0 -9999.0 -9999.0 -9999.0 -9999.0 -9999.0 -9999.0 -9999.0 -9999.0 -9999.0 -9999.0 -9999.0 -9999.0 -9999.0 -9999.0 -9999.0 -9999.0
-9999.0 -9999.0 -9999.0 -9999.0 -9999.0 -9999.0 -9999.0 -9999.0 -9999.0 -9999.0 -9999.0 0.040022 0.520000 0.520000 0.040117 0.040033 0.020055 0.520000 0.520000 0.165730 0.520000 0.520000 0.520000 0.040275 0.520000 0.040020 0.053239 0.520000 0.520000 0.022945 0.020042 0.520000 0.020250 0.020032 0.020083 0.020221 0.056626 0.065311 0.050237 -9999.0 -9999.0 -9999.0 0.020024 -9999.0 -9999.0 -9999.0 -9999.0 -9999.0 -9999.0 -9999.0 -9999.0 -9999.0 -9999.0 -9999.0 -9999.0 -9999.0 -9999.0 -9999.0 -9999.0 -9999.0 -9999.0 -9999.0 -9999.0
-9999.0 -9999.0 -9999.0 -9999.0 -9999.0 -9999.0 -9999.0 -9999.0 -9999.0 -9999.0 -9999.0 0.040022 0.040029 0.520000 0.519843 0.049809 0.455653 0.442108 0.434957 0.371224 0.520000 0.520000 0.520000 0.040053 0.516500 0.040037 0.472403 0.520000 0.127856 0.020449 0.520000 0.520000 0.520000 0.040009 0.383789 0.520000 0.520000 0.048913 0.049015 0.021014 0.133645 0.020355 0.520000 0.020047 -9999.0 -9999.0 -9999.0 0.080698 0.045507 0.020080 0.040029 0.024550 0.037513 0.180613 0.193122 0.037546 -9999.0 -9999.0 -9999.0 -9999.0 -9999.0 -9999.0 -9999.0
-9999.0 -9999.0 -9999.0 -9999.0 -9999.0 -9999.0 -9999.0 -9999.0 -9999.0 -9999.0 -9999.0 0.501694 0.054651 0.519033 0.436951 0.040010 0.516363 0.520000 0.520000 0.453516 0.520000 0.520000 0.439815 0.520000 0.050428 0.138853 0.520000 0.520000 0.020073 0.040085 0.020146 0.519006 0.520000 0.389854 0.020090 0.520000 0.512518 0.069398 0.046647 0.020870 0.074327 0.484807 0.520000 0.520000 0.040008 -9999.0 0.028115 0.040031 0.520000 0.520000 0.520000 0.145530 0.520000 0.520000 0.520000 0.159681 -9999.0 -9999.0 -9999.0 -9999.0 -9999.0 -9999.0 -9999.0
-9999.0 -9999.0 -9999.0 -9999.0 -9999.0 -9999.0 -9999.0 -9999.0 -9999.0 -9999.0 -9999.0 -9999.0 0.040423 0.471864 0.340283 0.475171 0.515269 0.520000 0.520000 0.501818 0.517166 0.520000 0.520000 0.520000 0.518461 0.480641 0.520000 0.040042 0.040025 0.020165 0.520000 0.519151 0.520000 0.520000 0.040010 0.520000 0.239655 0.059375 0.049352 0.050445 0.061721 0.022473 0.520000 0.520000 0.049673 0.397910 0.020039 0.040056 0.483842 0.520000 0.520000 0.042162 0.520000 0.164330 0.225502 0.226732 0.176920 -9999.0 -9999.0 -9999.0 -9999.0 -9999.0 -9999.0
-9999.0 -9999.0 -9999.0 -9999.0 -9999.0 -9999.0 -9999.0 -9999.0 -9999.0 -9999.0 -9999.0 0.519004 0.074223 0.040039 0.519912 0.519990 0.520000 0.520000 0.520000 0.403603 0.520000 0.520000 0.520000 0.340866 0.389328 0.520000 0.520000 0.045888 0.403707 0.095823 0.520000 0.520000 0.520000 0.520000 0.040025 0.520000 0.274337 0.244587 0.312143 0.054088 0.074467 0.080800 0.520000 0.046854 0.520000 0.520000 0.520000 0.103108 0.116820 0.520000 0.025495 0.104307 0.159106 0.028938 0.029966 0.026150 0.039263 -9999.0 -9999.0 -9999.0 -9999.0 -9999.0 -9999.0
-9999.0 -9999.0 -9999.0 -9999.0 -9999.0 -9999.0 -9999.0 -9999.0 -9999.0 -9999.0 0.520000 0.519972 0.457184 0.495017 0.520000 0.520000 0.520000 0.298776 0.268163 0.322544 0.520000 0.410366 0.252681 0.374605 0.429302 0.520000 0.513794 0.077562 0.520000 0.520000 0.520000 0.520000 0.520000 0.040014 0.020106 0.020233 0.520000 0.517177 0.517970 0.520000 0.520000 0.172756 0.181641 0.520000 0.520000 0.094409 0.520000 0.520000 0.520000 0.520000 0.079157 0.029874 0.028881 0.027985 0.029656 0.040056 0.040044 -9999.0 -9999.0 -9999.0 -9999.0 -9999.0 -9999.0
-9999.0 -9999.0 -9999.0 -9999.0 -9999.0 -9999.0 -9999.0 -9999.0 -9999.0 0.051732 0.040032 0.519763 0.520000 0.497810 0.520000 0.519978 0.040037 0.520000 0.346519 0.190923 0.372295 0.093238 0.267937 0.351321 0.352683 0.366742 0.271432 0.520000 0.520000 0.520000 0.520000 0.519268 0.020345 0.022375 0.020028 0.020095 0.520000 0.517378 0.517800 0.520000 0.520000 0.519961 0.351196 0.511311 0.520000 0.520000 0.520000 0.099536 0.218943 0.520000 0.520000 0.020622 0.026266 0.032777 0.036765 0.040041 0.519958 0.175074 0.037236 -9999.0 -9999.0 -9999.0 -9999.0
-9999.0 -9999.0 -9999.0 -9999.0 -9999.0 -9999.0 -9999.0 -9999.0 -9999.0 0.040074 0.053878 0.040034 0.520000 0.470385 0.299021 0.317965 0.520000 0.439416 0.342243 0.065995 0.085192 0.107497 0.406364 0.520000 0.373048 0.199546 0.378980 0.446678 0.520000 0.520000 0.520000 0.519248 0.040019 0.040014 0.520000 0.130509 0.141718 0.103170 0.040010 0.520000 0.519157 0.040025 0.406843 0.520000 0.520000 0.503610 0.484875 0.221284 0.317293 0.519248 0.520000 0.475624 0.033692 0.201978 0.031791 0.260581 0.519588 0.520000 0.148353 -9999.0 -9999.0 -9999.0 -9999.0
-9999.0 -9999.0 -9999.0 -9999.0 -9999.0 -9999.0 -9999.0 -9999.0 -9999.0 -9999.0 0.040235 0.489461 0.520000 0.520000 0.350501 0.328504 0.362482 0.374526 0.317653 0.140728 0.236200 0.401896 0.331598 0.478968 0.226197 0.349818 0.310971 0.520000 0.520000 0.052522 0.040319 0.520000 0.040131 0.046417 0.520000 0.520000 0.309312 0.520000 0.142731 0.040073 0.045863 0.451653 0.520000 0.520000 0.520000 0.520000 0.520000 0.520000 0.520000 0.520000 0.520000 0.520000 0.020083 0.034769 0.181794 0.206465 0.170693 0.520000 0.520000 0.255974 -9999.0 -9999.0 -9999.0
-9999.0 -9999.0 -9999.0 -9999.0 -9999.0 -9999.0 -9999.0 -9999.0 -9999.0 -9999.0 0.040139 0.040036 0.040044 0.520000 0.520000 0.333666 0.264648 0.196444 0.129368 0.074333 0.080680 0.148516 0.196570 0.077418 0.235376 0.307771 0.520000 0.520000 0.519988 0.046027 0.049966 0.506578 0.087160 0.052077 0.040362 0.040029 0.520000 0.520000 0.520000 0.040351 0.477440 0.189803 0.040089 0.040458 0.326578 0.520000 0.520000 0.520000 0.520000 0.520000 0.520000 0.520000 0.520000 0.020081 0.035155 0.020173 0.195675 0.520000 0.520000 0.520000 -9999.0 -9999.0 -9999.0
-9999.0 -9999.0 -9999.0 -9999.0 -9999.0 -9999.0 -9999.0 -9999.0 0.508332 0.520000 0.520000 0.040037 0.520000 0.520000 0.520000 0.497539 0.233839 0.101889 0.069039 0.070689 0.071641 0.096283 0.149300 0.161082 0.180840 0.520000 0.520000 0.520000 0.520000 0.040059 0.025542 0.040213 0.040028 0.040132 0.040013 0.054620 0.520000 0.520000 0.488359 0.020034 0.020109 0.040044 0.021812 0.026661 0.127003 0.520000 0.040192 0.519490 0.520000 0.520000 0.520000 0.520000 0.520000 0.040040 0.131739 0.520000 0.152216 0.520000 0.520000 0.520000 -9999.0 -9999.0 -9999.0
-9999.0 -9999.0 -9999.0 -9999.0 -9999.0 -9999.0 -9999.0 -9999.0 0.200000 0.520000 0.520000 0.107813 0.040208 0.520000 0.329489 0.471614 0.409857 0.273141 0.113574 0.069808 0.076324 0.061324 0.068197 0.071833 0.122666 0.520000 0.520000 0.520000 0.105885 0.520000 0.040016 0.103293 0.520000 0.020147 0.519990 0.520000 0.520000 0.520000 0.520000 0.520000 0.102640 0.047175 0.030002 0.520000 0.520000 0.497248 0.024276 0.040198 0.520000 0.520000 0.520000 0.520000 0.520000 0.520000 0.520000 0.166836 0.520000 0.520000 0.516051 0.520000 0.130656 -9999.0 -9999.0
-9999.0 -9999.0 -9999.0 -9999.0 -9999.0 -9999.0 -9999.0 -9999.0 0.050813 0.520000 0.520000 0.501944 0.520000 0.020079 0.520000 0.282698 0.230674 0.160552 0.073523 0.095848 0.068781 0.062162 0.062018 0.067729 0.278102 0.443804 0.499237 0.393765 0.124364 0.520000 0.063090 0.520000 0.519430 0.520000 0.520000 0.520000 0.520000 0.520000 0.520000 0.520000 0.040039 0.020083 0.040016 0.040038 0.040301 0.040374 0.126287 0.517031 0.040045 0.520000 0.520000 0.520000 0.520000 0.520000 0.520000 0.520000 0.520000 0.520000 0.520000 0.520000 0.337910 -9999.0 -9999.0
-9999.0 -9999.0 -9999.0 -9999.0 -9999.0 -9999.0 -9999.0 -9999.0 0.029992 0.520000 0.520000 0.079068 0.520000 0.520000 0.520000 0.363330 0.204430 0.433885 0.346637 0.111901 0.074804 0.072380 0.069611 0.076921 0.220141 0.406786 0.305875 0.372532 0.439821 0.520000 0.520000 0.520000 0.520000 0.520000 0.520000 0.321443 0.423807 0.520000 0.520000 0.520000 0.517923 0.520000 0.520000 0.131183 0.404190 0.113355 0.520000 0.133148 0.407585 0.437455 0.473717 0.520000 0.520000 0.520000 0.520000 0.520000 0.520000 0.520000 0.513221 0.424392 0.447779 0.400744 -9999.0
-9999.0 -9999.0 -9999.0 -9999.0 -9999.0 -9999.0 -9999.0 -9999.0 0.040021 0.520000 0.520000 0.520000 0.520000 0.520000 0.401806 0.334608 0.497832 0.520000 0.520000 0.476835 0.200768 0.169368 0.079462 0.086227 0.117129 0.265184 0.202695 0.298151 0.325418 0.520000 0.520000 0.520000 0.520000 0.520000 0.520000 0.509285 0.467612 0.520000 0.520000 0.520000 0.520000 0.520000 0.520000 0.520000 0.520000 0.520000 0.520000 0.520000 0.424892 0.405205 0.261397 0.283155 0.461630 0.354182 0.520000 0.520000 0.520000 0.520000 0.520000 0.520000 0.520000 0.415715 -9999.0
-9999.0 -9999.0 0.520000 0.302521 0.520000 0.272398 0.520000 0.520000 0.520000 0.519660 0.520000 0.520000 0.520000 0.520000 0.517810 0.520000 0.520000 0.410056 0.329678 0.520000 0.409963 0.520000 0.520000 0.080694 0.131009 0.184189 0.268640 0.282244 0.520000 0.520000 0.319340 0.520000 0.520000 0.520000 0.520000 0.466288 0.394518 0.520000 0.520000 0.520000 0.520000 0.520000 0.520000 0.520000 0.520000 0.520000 0.520000 0.520000 0.520000 0.482776 0.363917 0.404810 0.520000 0.520000 0.520000 0.520000 0.520000 0.520000 0.520000 0.520000 0.520000 0.430463 -9999.0
-9999.0 0.241851 0.520000 0.520000 0.224784 0.520000 0.520000 0.515907 0.040036 0.040033 0.520000 0.520000 0.520000 0.520000 0.520000 0.520000 0.520000 0.397790 0.333936 0.401077 0.301284 0.520000 0.520000 0.520000 0.099341 0.077504 0.097275 0.152502 0.520000 0.514052 0.225572 0.342867 0.520000 0.520000 0.506495 0.319439 0.338199 0.379602 0.520000 0.430066 0.343381 0.520000 0.520000 0.475935 0.370512 0.424753 0.477878 0.520000 0.520000 0.520000 0.520000 0.520000 0.520000 0.520000 0.520000 0.520000 0.520000 0.520000 0.520000 0.520000 0.520000 0.507629 -9999.0
-9999.0 0.520000 0.520000 0.520000 0.217767 0.520000 0.499110 0.311398 0.263024 0.451345 0.377100 0.508906 0.520000 0.520000 0.520000 0.520000 0.519129 0.278116 0.520000 0.520000 0.520000 0.520000 0.520000 0.520000 0.449223 0.136089 0.078998 0.078100 0.404252 0.373159 0.091312 0.122573 0.520000 0.520000 0.520000 0.520000 0.346390 0.254074 0.520000 0.240860 0.520000 0.520000 0.520000 0.231264 0.079017 0.084683 0.515925 0.520000 0.520000 0.520000 0.520000 0.520000 0.520000 0.520000 0.520000 0.520000 0.520000 0.520000 0.520000 0.520000 0.480767 -9999.0 -9999.0
-9999.0 0.520000 0.520000 0.520000 0.520000 0.520000 0.296733 0.520000 0.487053 0.500172 0.481517 0.485311 0.520000 0.520000 0.520000 0.520000 0.040253 0.520000 0.520000 0.520000 0.351091 0.448160 0.310718 0.520000 0.520000 0.520000 0.520000 0.520000 0.202266 0.520000 0.119544 0.101226 0.520000 0.520000 0.520000 0.385565 0.520000 0.259899 0.336629 0.314509 0.274274 0.520000 0.518594 0.077639 0.077062 0.520000 0.520000 0.520000 0.520000 0.520000 0.520000 0.520000 0.520000 0.520000 0.520000 0.520000 0.520000 0.520000 0.520000 -9999.0 -9999.0 -9999.0 -9999.0
