erum2020/resources/simulation/Vinschgau/output-maps/thetaliqL0003N0708.asc
ncols         63
nrows         48
xllcorner     598000.000000
yllcorner     5145000.000000
cellsize      1000.000000
NODATA_value  -9999.0
[rows 0 to 28 of 48, columns 0 to 62 of 63]
-9999.0 -9999.0 -9999.0 -9999.0 -9999.0 -9999.0 -9999.0 -9999.0 -9999.0 -9999.0 -9999.0 -9999.0 -9999.0 -9999.0 -9999.0 -9999.0 -9999.0 -9999.0 -9999.0 -9999.0 -9999.0 -9999.0 -9999.0 -9999.0 -9999.0 -9999.0 -9999.0 -9999.0 -9999.0 -9999.0 -9999.0 -9999.0 -9999.0 -9999.0 -9999.0 -9999.0 -9999.0 -9999.0 -9999.0 -9999.0 -9999.0 -9999.0 -9999.0 -9999.0 -9999.0 -9999.0 -9999.0 -9999.0 -9999.0 -9999.0 -9999.0 -9999.0 -9999.0 -9999.0 -9999.0 -9999.0 -9999.0 -9999.0 -9999.0 -9999.0 -9999.0 -9999.0 -9999.0
-9999.0 -9999.0 -9999.0 -9999.0 -9999.0 -9999.0 -9999.0 -9999.0 -9999.0 -9999.0 -9999.0 -9999.0 -9999.0 -9999.0 -9999.0 -9999.0 -9999.0 -9999.0 -9999.0 -9999.0 -9999.0 -9999.0 -9999.0 -9999.0 -9999.0 -9999.0 -9999.0 0.169128 0.520000 0.157062 0.520000 0.520000 0.520000 -9999.0 -9999.0 -9999.0 -9999.0 -9999.0 -9999.0 -9999.0 -9999.0 -9999.0 -9999.0 -9999.0 -9999.0 -9999.0 -9999.0 -9999.0 -9999.0 -9999.0 -9999.0 -9999.0 -9999.0 -9999.0 -9999.0 -9999.0 -9999.0 -9999.0 -9999.0 -9999.0 -9999.0 -9999.0 -9999.0
-9999.0 -9999.0 -9999.0 -9999.0 -9999.0 -9999.0 -9999.0 -9999.0 -9999.0 -9999.0 -9999.0 -9999.0 -9999.0 -9999.0 -9999.0 -9999.0 -9999.0 -9999.0 -9999.0 -9999.0 -9999.0 -9999.0 -9999.0 -9999.0 0.506072 0.486232 0.520000 0.481196 0.520000 0.520000 0.520000 -9999.0 -9999.0 -9999.0 -9999.0 -9999.0 -9999.0 -9999.0 -9999.0 -9999.0 -9999.0 -9999.0 -9999.0 -9999.0 -9999.0 -9999.0 -9999.0 -9999.0 -9999.0 -9999.0 -9999.0 -9999.0 -9999.0 -9999.0 -9999.0 -9999.0 -9999.0 -9999.0 -9999.0 -9999.0 -9999.0 -9999.0 -9999.0
-9999.0 -9999.0 -9999.0 -9999.0 -9999.0 -9999.0 -9999.0 -9999.0 -9999.0 -9999.0 -9999.0 -9999.0 -9999.0 -9999.0 -9999.0 -9999.0 -9999.0 -9999.0 -9999.0 -9999.0 -9999.0 -9999.0 -9999.0 0.470001 0.503117 0.297347 0.453917 0.377876 0.520000 0.506767 0.509003 0.520000 -9999.0 -9999.0 -9999.0 -9999.0 -9999.0 -9999.0 -9999.0 -9999.0 -9999.0 -9999.0 -9999.0 -9999.0 -9999.0 -9999.0 -9999.0 -9999.0 -9999.0 -9999.0 -9999.0 -9999.0 -9999.0 -9999.0 -9999.0 -9999.0 -9999.0 -9999.0 -9999.0 -9999.0 -9999.0 -9999.0 -9999.0
-9999.0 -9999.0 -9999.0 -9999.0 -9999.0 -9999.0 -9999.0 -9999.0 -9999.0 -9999.0 -9999.0 -9999.0 -9999.0 -9999.0 -9999.0 -9999.0 -9999.0 -9999.0 0.519600 0.447979 -9999.0 0.496559 0.499023 0.379536 0.432288 0.319708 0.463575 0.503961 0.520000 0.432478 0.520000 0.520000 0.159247 0.167764 -9999.0 -9999.0 -9999.0 -9999.0 -9999.0 -9999.0 -9999.0 -9999.0 -9999.0 -9999.0 -9999.0 -9999.0 -9999.0 -9999.0 -9999.0 -9999.0 -9999.0 -9999.0 -9999.0 -9999.0 -9999.0 -9999.0 -9999.0 -9999.0 -9999.0 -9999.0 -9999.0 -9999.0 -9999.0
-9999.0 -9999.0 -9999.0 -9999.0 -9999.0 -9999.0 -9999.0 -9999.0 -9999.0 -9999.0 -9999.0 -9999.0 -9999.0 -9999.0 -9999.0 -9999.0 -9999.0 0.253120 0.434814 0.036658 0.164118 0.458164 0.411818 0.486138 0.411329 0.481322 0.520000 0.520000 0.520000 0.520000 0.520000 0.520000 0.163678 0.110832 0.110579 0.131254 -9999.0 -9999.0 -9999.0 -9999.0 -9999.0 -9999.0 -9999.0 -9999.0 -9999.0 -9999.0 -9999.0 -9999.0 -9999.0 -9999.0 -9999.0 -9999.0 -9999.0 -9999.0 -9999.0 -9999.0 -9999.0 -9999.0 -9999.0 -9999.0 -9999.0 -9999.0 -9999.0
-9999.0 -9999.0 -9999.0 -9999.0 -9999.0 -9999.0 -9999.0 -9999.0 -9999.0 -9999.0 -9999.0 -9999.0 -9999.0 0.520000 0.442873 0.331401 0.173430 0.083510 0.260222 0.373266 0.389689 0.378080 0.418432 0.466199 0.519690 0.520000 0.095092 0.520000 0.512479 0.520000 0.520000 0.520000 0.520000 0.520000 0.195829 0.158715 -9999.0 -9999.0 -9999.0 -9999.0 -9999.0 -9999.0 -9999.0 -9999.0 -9999.0 -9999.0 -9999.0 -9999.0 -9999.0 -9999.0 -9999.0 -9999.0 -9999.0 -9999.0 -9999.0 -9999.0 -9999.0 -9999.0 -9999.0 -9999.0 -9999.0 -9999.0 -9999.0
-9999.0 -9999.0 -9999.0 -9999.0 -9999.0 -9999.0 -9999.0 -9999.0 -9999.0 -9999.0 -9999.0 -9999.0 -9999.0 0.506860 0.434580 0.323137 0.195054 0.508854 0.073976 0.333544 0.283628 0.433782 0.476874 0.520000 0.520000 0.520000 0.475801 0.176858 0.186877 0.520000 0.520000 0.520000 0.184528 0.178214 0.182423 -9999.0 -9999.0 -9999.0 -9999.0 -9999.0 -9999.0 -9999.0 -9999.0 -9999.0 -9999.0 -9999.0 -9999.0 -9999.0 -9999.0 -9999.0 -9999.0 -9999.0 -9999.0 -9999.0 -9999.0 -9999.0 -9999.0 -9999.0 -9999.0 -9999.0 -9999.0 -9999.0 -9999.0
-9999.0 -9999.0 -9999.0 -9999.0 -9999.0 -9999.0 -9999.0 -9999.0 -9999.0 -9999.0 -9999.0 -9999.0 -9999.0 0.399779 0.520000 0.339232 0.273975 0.201553 0.022884 0.195764 0.520000 0.075045 0.520000 0.469634 0.520000 0.520000 0.133186 0.177348 0.520000 0.182504 0.520000 0.021140 0.180751 0.086339 0.176527 -9999.0 -9999.0 -9999.0 -9999.0 -9999.0 -9999.0 -9999.0 -9999.0 -9999.0 -9999.0 -9999.0 -9999.0 -9999.0 -9999.0 -9999.0 -9999.0 -9999.0 -9999.0 -9999.0 -9999.0 -9999.0 -9999.0 -9999.0 -9999.0 -9999.0 -9999.0 -9999.0 -9999.0
-9999.0 -9999.0 -9999.0 -9999.0 -9999.0 -9999.0 -9999.0 -9999.0 -9999.0 -9999.0 -9999.0 -9999.0 0.463881 0.520000 0.519135 0.463056 0.463179 0.362578 0.410413 0.034305 0.419813 0.425132 0.520000 0.465982 0.520000 0.520000 0.520000 0.520000 0.520000 0.183515 0.520000 0.152664 0.520000 0.162637 -9999.0 -9999.0 -9999.0 -9999.0 -9999.0 -9999.0 -9999.0 -9999.0 -9999.0 -9999.0 -9999.0 -9999.0 -9999.0 -9999.0 -9999.0 -9999.0 -9999.0 -9999.0 -9999.0 -9999.0 -9999.0 -9999.0 -9999.0 -9999.0 -9999.0 -9999.0 -9999.0 -9999.0 -9999.0
-9999.0 -9999.0 -9999.0 -9999.0 -9999.0 -9999.0 -9999.0 -9999.0 -9999.0 -9999.0 -9999.0 0.520000 0.520000 0.520000 0.519198 0.520000 0.077568 0.415488 0.520000 0.198367 0.492838 0.475086 0.520000 0.520000 0.520000 0.520000 0.520000 0.520000 0.520000 0.186639 0.156797 0.520000 0.171980 0.159396 0.150125 0.159487 0.406416 0.257407 0.276449 -9999.0 -9999.0 -9999.0 0.131992 -9999.0 -9999.0 -9999.0 -9999.0 -9999.0 -9999.0 -9999.0 -9999.0 -9999.0 -9999.0 -9999.0 -9999.0 -9999.0 -9999.0 -9999.0 -9999.0 -9999.0 -9999.0 -9999.0 -9999.0
-9999.0 -9999.0 -9999.0 -9999.0 -9999.0 -9999.0 -9999.0 -9999.0 -9999.0 -9999.0 -9999.0 0.520000 0.520000 0.520000 0.512353 0.520000 0.451469 0.421604 0.488831 0.520000 0.520000 0.520000 0.520000 0.516963 0.520000 0.520000 0.508310 0.520000 0.187718 0.179792 0.520000 0.520000 0.520000 0.520000 0.491858 0.520000 0.520000 0.086848 0.122582 0.151460 0.157699 0.172003 0.520000 0.170913 -9999.0 -9999.0 -9999.0 0.520000 0.520000 0.156907 0.520000 0.162508 0.160812 0.520000 0.520000 0.170075 -9999.0 -9999.0 -9999.0 -9999.0 -9999.0 -9999.0 -9999.0
-9999.0 -9999.0 -9999.0 -9999.0 -9999.0 -9999.0 -9999.0 -9999.0 -9999.0 -9999.0 -9999.0 0.520000 0.520000 0.520000 0.520000 0.520000 0.520000 0.520000 0.520000 0.479382 0.520000 0.520000 0.477658 0.520000 0.520000 0.173280 0.520000 0.520000 0.174828 0.520000 0.179570 0.520000 0.520000 0.520000 0.170471 0.520000 0.520000 0.216045 0.065916 0.122001 0.354907 0.431481 0.520000 0.520000 0.520000 -9999.0 0.164869 0.520000 0.520000 0.520000 0.520000 0.155505 0.520000 0.520000 0.520000 0.520000 -9999.0 -9999.0 -9999.0 -9999.0 -9999.0 -9999.0 -9999.0
-9999.0 -9999.0 -9999.0 -9999.0 -9999.0 -9999.0 -9999.0 -9999.0 -9999.0 -9999.0 -9999.0 -9999.0 0.520000 0.520000 0.470657 0.506715 0.475161 0.461138 0.520000 0.520000 0.520000 0.520000 0.520000 0.520000 0.496899 0.491980 0.520000 0.520000 0.520000 0.169066 0.520000 0.520000 0.520000 0.520000 0.520000 0.520000 0.297123 0.080126 0.066823 0.069530 0.100346 0.137411 0.520000 0.520000 0.155709 0.520000 0.150449 0.520000 0.520000 0.520000 0.520000 0.520000 0.520000 0.520000 0.520000 0.520000 0.520000 -9999.0 -9999.0 -9999.0 -9999.0 -9999.0 -9999.0
-9999.0 -9999.0 -9999.0 -9999.0 -9999.0 -9999.0 -9999.0 -9999.0 -9999.0 -9999.0 -9999.0 0.520000 0.520000 0.520000 0.520000 0.520000 0.520000 0.520000 0.520000 0.469175 0.520000 0.520000 0.520000 0.468411 0.474537 0.520000 0.520000 0.520000 0.467622 0.164681 0.520000 0.520000 0.520000 0.520000 0.520000 0.520000 0.405922 0.080646 0.079980 0.067167 0.093253 0.134723 0.520000 0.057804 0.520000 0.520000 0.520000 0.096918 0.101628 0.520000 0.163075 0.520000 0.520000 0.193083 0.187036 0.183506 0.168465 -9999.0 -9999.0 -9999.0 -9999.0 -9999.0 -9999.0
-9999.0 -9999.0 -9999.0 -9999.0 -9999.0 -9999.0 -9999.0 -9999.0 -9999.0 -9999.0 0.520000 0.520000 0.500823 0.492243 0.489302 0.520000 0.520000 0.450159 0.288113 0.487336 0.520000 0.520000 0.461196 0.447759 0.501190 0.520000 0.520000 0.099793 0.492736 0.517272 0.520000 0.520000 0.520000 0.520000 0.181112 0.171969 0.520000 0.517946 0.236405 0.477335 0.520000 0.114620 0.183684 0.520000 0.520000 0.170178 0.520000 0.520000 0.520000 0.520000 0.094003 0.176640 0.190577 0.194042 0.183463 0.520000 0.520000 -9999.0 -9999.0 -9999.0 -9999.0 -9999.0 -9999.0
-9999.0 -9999.0 -9999.0 -9999.0 -9999.0 -9999.0 -9999.0 -9999.0 -9999.0 0.520000 0.520000 0.520000 0.520000 0.468927 0.520000 0.520000 0.495446 0.478893 0.425517 0.364338 0.520000 0.394902 0.454388 0.370167 0.468001 0.520000 0.440229 0.480151 0.520000 0.520000 0.520000 0.520000 0.191346 0.183704 0.171843 0.169218 0.520000 0.520000 0.520000 0.520000 0.520000 0.520000 0.507156 0.450851 0.520000 0.489033 0.520000 0.426721 0.446870 0.520000 0.520000 0.169504 0.022195 0.178737 0.166190 0.520000 0.520000 0.175860 0.175247 -9999.0 -9999.0 -9999.0 -9999.0
-9999.0 -9999.0 -9999.0 -9999.0 -9999.0 -9999.0 -9999.0 -9999.0 -9999.0 0.520000 0.520000 0.520000 0.520000 0.467657 0.449596 0.452790 0.487026 0.462289 0.442789 0.379587 0.490224 0.326616 0.470513 0.520000 0.520000 0.431004 0.457744 0.477951 0.447045 0.520000 0.520000 0.520000 0.520000 0.520000 0.520000 0.168318 0.171234 0.170977 0.520000 0.520000 0.520000 0.520000 0.437542 0.520000 0.439918 0.386225 0.419375 0.431427 0.428862 0.483899 0.520000 0.520000 0.170659 0.520000 0.199857 0.520000 0.520000 0.520000 0.169981 -9999.0 -9999.0 -9999.0 -9999.0
-9999.0 -9999.0 -9999.0 -9999.0 -9999.0 -9999.0 -9999.0 -9999.0 -9999.0 -9999.0 0.520000 0.520000 0.520000 0.520000 0.479522 0.451331 0.475253 0.479254 0.501549 0.383183 0.520000 0.474274 0.480139 0.519433 0.435936 0.456951 0.470409 0.474800 0.520000 0.520000 0.520000 0.520000 0.520000 0.520000 0.520000 0.520000 0.456116 0.520000 0.178810 0.520000 0.520000 0.520000 0.520000 0.520000 0.520000 0.520000 0.520000 0.496881 0.438095 0.520000 0.520000 0.520000 0.160085 0.173730 0.520000 0.520000 0.520000 0.520000 0.520000 0.437124 -9999.0 -9999.0 -9999.0
-9999.0 -9999.0 -9999.0 -9999.0 -9999.0 -9999.0 -9999.0 -9999.0 -9999.0 -9999.0 0.520000 0.520000 0.520000 0.520000 0.520000 0.450250 0.449387 0.410473 0.494149 0.270194 0.216196 0.390360 0.416843 0.407355 0.447710 0.476361 0.475299 0.520000 0.520000 0.520000 0.520000 0.520000 0.132860 0.520000 0.520000 0.520000 0.520000 0.520000 0.520000 0.520000 0.520000 0.199319 0.520000 0.520000 0.520000 0.520000 0.520000 0.520000 0.520000 0.520000 0.520000 0.520000 0.520000 0.165766 0.177331 0.173280 0.520000 0.520000 0.520000 0.520000 -9999.0 -9999.0 -9999.0
-9999.0 -9999.0 -9999.0 -9999.0 -9999.0 -9999.0 -9999.0 -9999.0 0.520000 0.489234 0.494062 0.520000 0.520000 0.520000 0.520000 0.500900 0.361285 0.359855 0.356026 0.178679 0.189433 0.373964 0.390586 0.369406 0.418469 0.443550 0.520000 0.520000 0.520000 0.520000 0.187324 0.520000 0.520000 0.520000 0.520000 0.520000 0.520000 0.520000 0.520000 0.172316 0.157305 0.520000 0.164248 0.188469 0.164186 0.520000 0.520000 0.520000 0.520000 0.520000 0.520000 0.520000 0.520000 0.520000 0.164464 0.520000 0.166100 0.520000 0.486448 0.520000 -9999.0 -9999.0 -9999.0
-9999.0 -9999.0 -9999.0 -9999.0 -9999.0 -9999.0 -9999.0 -9999.0 0.200000 0.520000 0.520000 0.520000 0.520000 0.520000 0.503121 0.499873 0.487828 0.442525 0.387893 0.200397 0.469547 0.426555 0.407292 0.367602 0.357949 0.431902 0.520000 0.520000 0.151533 0.520000 0.520000 0.145829 0.520000 0.151024 0.520000 0.520000 0.520000 0.520000 0.520000 0.520000 0.520000 0.520000 0.161933 0.520000 0.520000 0.520000 0.155655 0.520000 0.520000 0.520000 0.520000 0.520000 0.520000 0.520000 0.520000 0.090908 0.520000 0.520000 0.502586 0.520000 0.203606 -9999.0 -9999.0
-9999.0 -9999.0 -9999.0 -9999.0 -9999.0 -9999.0 -9999.0 -9999.0 0.520000 0.520000 0.510793 0.520000 0.520000 0.155964 0.470961 0.478632 0.417575 0.402259 0.269565 0.361437 0.202257 0.283165 0.394992 0.192105 0.385431 0.507679 0.520000 0.520000 0.097009 0.520000 0.142270 0.520000 0.520000 0.520000 0.520000 0.520000 0.520000 0.520000 0.520000 0.520000 0.520000 0.135883 0.520000 0.520000 0.520000 0.520000 0.161591 0.507355 0.520000 0.520000 0.487152 0.520000 0.520000 0.520000 0.520000 0.520000 0.520000 0.520000 0.520000 0.520000 0.517089 -9999.0 -9999.0
-9999.0 -9999.0 -9999.0 -9999.0 -9999.0 -9999.0 -9999.0 -9999.0 0.172747 0.520000 0.520000 0.098661 0.520000 0.520000 0.520000 0.475223 0.465916 0.334331 0.459807 0.216929 0.218689 0.230887 0.289467 0.168489 0.293930 0.475186 0.508646 0.503589 0.455124 0.520000 0.516513 0.520000 0.520000 0.520000 0.520000 0.428736 0.455191 0.471344 0.520000 0.520000 0.500235 0.520000 0.520000 0.153593 0.465302 0.160734 0.514140 0.149573 0.437402 0.455258 0.482272 0.476515 0.520000 0.463247 0.520000 0.520000 0.520000 0.520000 0.520000 0.520000 0.520000 0.520000 -9999.0
-9999.0 -9999.0 -9999.0 -9999.0 -9999.0 -9999.0 -9999.0 -9999.0 0.520000 0.520000 0.520000 0.520000 0.520000 0.520000 0.520000 0.520000 0.511817 0.479345 0.464193 0.445662 0.246076 0.345609 0.234899 0.227674 0.428815 0.426262 0.447164 0.464098 0.473479 0.520000 0.516789 0.520000 0.520000 0.520000 0.520000 0.496645 0.496149 0.484496 0.520000 0.520000 0.488564 0.520000 0.520000 0.520000 0.483764 0.482032 0.520000 0.520000 0.451401 0.464150 0.468345 0.425573 0.413982 0.438671 0.520000 0.520000 0.520000 0.520000 0.520000 0.520000 0.520000 0.520000 -9999.0
-9999.0 -9999.0 0.490674 0.520000 0.520000 0.472347 0.520000 0.520000 0.520000 0.520000 0.520000 0.520000 0.520000 0.520000 0.520000 0.513160 0.520000 0.520000 0.520000 0.476004 0.423797 0.520000 0.520000 0.157751 0.251526 0.399287 0.420877 0.444655 0.520000 0.520000 0.458000 0.520000 0.520000 0.520000 0.520000 0.482750 0.485976 0.459698 0.520000 0.520000 0.503494 0.520000 0.520000 0.520000 0.500570 0.488738 0.512806 0.520000 0.520000 0.495386 0.520000 0.365261 0.520000 0.520000 0.520000 0.520000 0.520000 0.520000 0.520000 0.520000 0.520000 0.520000 -9999.0
-9999.0 0.485176 0.520000 0.520000 0.450589 0.520000 0.520000 0.520000 0.520000 0.520000 0.520000 0.520000 0.520000 0.520000 0.520000 0.520000 0.520000 0.513392 0.445833 0.473156 0.446312 0.520000 0.520000 0.520000 0.174400 0.199685 0.249713 0.370248 0.520000 0.520000 0.413496 0.454530 0.520000 0.520000 0.520000 0.492643 0.520000 0.433964 0.520000 0.474883 0.462564 0.520000 0.520000 0.473406 0.420867 0.426991 0.472001 0.487742 0.520000 0.520000 0.512389 0.520000 0.520000 0.520000 0.520000 0.520000 0.520000 0.520000 0.520000 0.520000 0.520000 0.494813 -9999.0
-9999.0 0.520000 0.520000 0.520000 0.433571 0.520000 0.504433 0.480765 0.487637 0.482732 0.502048 0.510160 0.520000 0.520000 0.520000 0.520000 0.520000 0.480795 0.520000 0.520000 0.520000 0.520000 0.520000 0.520000 0.520000 0.317334 0.143926 0.151517 0.500506 0.520000 0.276605 0.345593 0.520000 0.520000 0.520000 0.520000 0.520000 0.520000 0.520000 0.470429 0.520000 0.520000 0.520000 0.284147 0.168025 0.336762 0.431098 0.520000 0.505709 0.520000 0.520000 0.520000 0.520000 0.520000 0.520000 0.520000 0.520000 0.520000 0.520000 0.511102 0.520000 -9999.0 -9999.0
-9999.0 0.520000 0.520000 0.520000 0.520000 0.520000 0.504878 0.520000 0.487704 0.520000 0.520000 0.520000 0.520000 0.520000 0.520000 0.520000 0.520000 0.520000 0.520000 0.520000 0.467155 0.467026 0.269226 0.520000 0.520000 0.517132 0.520000 0.520000 0.286490 0.479917 0.177298 0.152667 0.520000 0.520000 0.520000 0.520000 0.520000 0.399386 0.509785 0.435004 0.520000 0.520000 0.488042 0.171366 0.144580 0.520000 0.520000 0.520000 0.520000 0.520000 0.520000 0.520000 0.520000 0.520000 0.520000 0.520000 0.520000 0.520000 0.520000 -9999.0 -9999.0 -9999.0 -9999.0
