erum2020/resources/simulation/Vinschgau/output-maps/thetaiceL0003N0095.asc
ncols         63
nrows         48
xllcorner     598000.000000
yllcorner     5145000.000000
cellsize      1000.000000
NODATA_value  -9999.0
[rows 0 to 28 of 48, columns 0 to 62 of 63]
-9999.0 -9999.0 -9999.0 -9999.0 -9999.0 -9999.0 -9999.0 -9999.0 -9999.0 -9999.0 -9999.0 -9999.0 -9999.0 -9999.0 -9999.0 -9999.0 -9999.0 -9999.0 -9999.0 -9999.0 -9999.0 -9999.0 -9999.0 -9999.0 -9999.0 -9999.0 -9999.0 -9999.0 -9999.0 -9999.0 -9999.0 -9999.0 -9999.0 -9999.0 -9999.0 -9999.0 -9999.0 -9999.0 -9999.0 -9999.0 -9999.0 -9999.0 -9999.0 -9999.0 -9999.0 -9999.0 -9999.0 -9999.0 -9999.0 -9999.0 -9999.0 -9999.0 -9999.0 -9999.0 -9999.0 -9999.0 -9999.0 -9999.0 -9999.0 -9999.0 -9999.0 -9999.0 -9999.0
-9999.0 -9999.0 -9999.0 -9999.0 -9999.0 -9999.0 -9999.0 -9999.0 -9999.0 -9999.0 -9999.0 -9999.0 -9999.0 -9999.0 -9999.0 -9999.0 -9999.0 -9999.0 -9999.0 -9999.0 -9999.0 -9999.0 -9999.0 -9999.0 -9999.0 -9999.0 -9999.0 0.023310 0.172995 0.021248 0.211774 0.212599 0.223130 -9999.0 -9999.0 -9999.0 -9999.0 -9999.0 -9999.0 -9999.0 -9999.0 -9999.0 -9999.0 -9999.0 -9999.0 -9999.0 -9999.0 -9999.0 -9999.0 -9999.0 -9999.0 -9999.0 -9999.0 -9999.0 -9999.0 -9999.0 -9999.0 -9999.0 -9999.0 -9999.0 -9999.0 -9999.0 -9999.0
-9999.0 -9999.0 -9999.0 -9999.0 -9999.0 -9999.0 -9999.0 -9999.0 -9999.0 -9999.0 -9999.0 -9999.0 -9999.0 -9999.0 -9999.0 -9999.0 -9999.0 -9999.0 -9999.0 -9999.0 -9999.0 -9999.0 -9999.0 -9999.0 0.172102 0.204823 0.199662 0.317924 0.229666 0.257900 0.276077 -9999.0 -9999.0 -9999.0 -9999.0 -9999.0 -9999.0 -9999.0 -9999.0 -9999.0 -9999.0 -9999.0 -9999.0 -9999.0 -9999.0 -9999.0 -9999.0 -9999.0 -9999.0 -9999.0 -9999.0 -9999.0 -9999.0 -9999.0 -9999.0 -9999.0 -9999.0 -9999.0 -9999.0 -9999.0 -9999.0 -9999.0 -9999.0
-9999.0 -9999.0 -9999.0 -9999.0 -9999.0 -9999.0 -9999.0 -9999.0 -9999.0 -9999.0 -9999.0 -9999.0 -9999.0 -9999.0 -9999.0 -9999.0 -9999.0 -9999.0 -9999.0 -9999.0 -9999.0 -9999.0 -9999.0 0.239240 0.402266 0.452169 0.465136 0.373345 0.476389 0.333490 0.171067 0.118454 -9999.0 -9999.0 -9999.0 -9999.0 -9999.0 -9999.0 -9999.0 -9999.0 -9999.0 -9999.0 -9999.0 -9999.0 -9999.0 -9999.0 -9999.0 -9999.0 -9999.0 -9999.0 -9999.0 -9999.0 -9999.0 -9999.0 -9999.0 -9999.0 -9999.0 -9999.0 -9999.0 -9999.0 -9999.0 -9999.0 -9999.0
-9999.0 -9999.0 -9999.0 -9999.0 -9999.0 -9999.0 -9999.0 -9999.0 -9999.0 -9999.0 -9999.0 -9999.0 -9999.0 -9999.0 -9999.0 -9999.0 -9999.0 -9999.0 0.437221 0.463986 -9999.0 0.297613 0.270514 0.080425 0.436496 0.476041 0.463640 0.457977 0.477772 0.478521 0.362344 0.155434 0.019876 0.019241 -9999.0 -9999.0 -9999.0 -9999.0 -9999.0 -9999.0 -9999.0 -9999.0 -9999.0 -9999.0 -9999.0 -9999.0 -9999.0 -9999.0 -9999.0 -9999.0 -9999.0 -9999.0 -9999.0 -9999.0 -9999.0 -9999.0 -9999.0 -9999.0 -9999.0 -9999.0 -9999.0 -9999.0 -9999.0
-9999.0 -9999.0 -9999.0 -9999.0 -9999.0 -9999.0 -9999.0 -9999.0 -9999.0 -9999.0 -9999.0 -9999.0 -9999.0 -9999.0 -9999.0 -9999.0 -9999.0 0.464866 0.476596 0.075789 0.020472 0.445117 0.458411 0.478220 0.476634 0.438073 0.376652 0.331576 0.292716 0.452479 0.436093 0.364031 0.020188 0.019683 0.018510 0.018240 -9999.0 -9999.0 -9999.0 -9999.0 -9999.0 -9999.0 -9999.0 -9999.0 -9999.0 -9999.0 -9999.0 -9999.0 -9999.0 -9999.0 -9999.0 -9999.0 -9999.0 -9999.0 -9999.0 -9999.0 -9999.0 -9999.0 -9999.0 -9999.0 -9999.0 -9999.0 -9999.0
-9999.0 -9999.0 -9999.0 -9999.0 -9999.0 -9999.0 -9999.0 -9999.0 -9999.0 -9999.0 -9999.0 -9999.0 -9999.0 0.191195 0.476127 0.465524 0.452911 0.140268 0.459439 0.461171 0.461685 0.376498 0.475948 0.475568 0.479640 0.330369 0.017362 0.261874 0.249593 0.214001 0.381414 0.321985 0.271976 0.217326 0.018194 0.018230 -9999.0 -9999.0 -9999.0 -9999.0 -9999.0 -9999.0 -9999.0 -9999.0 -9999.0 -9999.0 -9999.0 -9999.0 -9999.0 -9999.0 -9999.0 -9999.0 -9999.0 -9999.0 -9999.0 -9999.0 -9999.0 -9999.0 -9999.0 -9999.0 -9999.0 -9999.0 -9999.0
-9999.0 -9999.0 -9999.0 -9999.0 -9999.0 -9999.0 -9999.0 -9999.0 -9999.0 -9999.0 -9999.0 -9999.0 -9999.0 0.476524 0.451147 0.457174 0.456924 0.475072 0.140473 0.479693 0.479926 0.479159 0.478708 0.446395 0.452710 0.252468 0.118333 0.018147 0.018207 0.271395 0.328196 0.251420 0.018200 0.018205 0.018198 -9999.0 -9999.0 -9999.0 -9999.0 -9999.0 -9999.0 -9999.0 -9999.0 -9999.0 -9999.0 -9999.0 -9999.0 -9999.0 -9999.0 -9999.0 -9999.0 -9999.0 -9999.0 -9999.0 -9999.0 -9999.0 -9999.0 -9999.0 -9999.0 -9999.0 -9999.0 -9999.0 -9999.0
-9999.0 -9999.0 -9999.0 -9999.0 -9999.0 -9999.0 -9999.0 -9999.0 -9999.0 -9999.0 -9999.0 -9999.0 -9999.0 0.472991 0.461371 0.463479 0.453608 0.457308 0.141488 0.479649 0.476139 0.009834 0.448082 0.352854 0.165742 0.462436 0.021723 0.018190 0.151545 0.018211 0.255292 0.018223 0.018239 0.018282 0.018255 -9999.0 -9999.0 -9999.0 -9999.0 -9999.0 -9999.0 -9999.0 -9999.0 -9999.0 -9999.0 -9999.0 -9999.0 -9999.0 -9999.0 -9999.0 -9999.0 -9999.0 -9999.0 -9999.0 -9999.0 -9999.0 -9999.0 -9999.0 -9999.0 -9999.0 -9999.0 -9999.0 -9999.0
-9999.0 -9999.0 -9999.0 -9999.0 -9999.0 -9999.0 -9999.0 -9999.0 -9999.0 -9999.0 -9999.0 -9999.0 0.466978 0.459155 0.459792 0.354595 0.451823 0.457565 0.477021 0.103904 0.476906 0.276444 0.205663 0.251704 0.317770 0.235078 0.254441 0.106092 0.284687 0.018192 0.248539 0.019617 0.153573 0.018240 -9999.0 -9999.0 -9999.0 -9999.0 -9999.0 -9999.0 -9999.0 -9999.0 -9999.0 -9999.0 -9999.0 -9999.0 -9999.0 -9999.0 -9999.0 -9999.0 -9999.0 -9999.0 -9999.0 -9999.0 -9999.0 -9999.0 -9999.0 -9999.0 -9999.0 -9999.0 -9999.0 -9999.0 -9999.0
-9999.0 -9999.0 -9999.0 -9999.0 -9999.0 -9999.0 -9999.0 -9999.0 -9999.0 -9999.0 -9999.0 0.244798 0.439205 0.461628 0.344828 0.170999 0.014582 0.450953 0.478514 0.110661 0.479710 0.465573 0.104599 0.243438 0.254297 0.378448 0.232703 0.140029 0.149200 0.018228 0.019212 0.338941 0.018270 0.018189 0.017262 0.015432 0.289828 0.469635 0.421617 -9999.0 -9999.0 -9999.0 0.018179 -9999.0 -9999.0 -9999.0 -9999.0 -9999.0 -9999.0 -9999.0 -9999.0 -9999.0 -9999.0 -9999.0 -9999.0 -9999.0 -9999.0 -9999.0 -9999.0 -9999.0 -9999.0 -9999.0 -9999.0
-9999.0 -9999.0 -9999.0 -9999.0 -9999.0 -9999.0 -9999.0 -9999.0 -9999.0 -9999.0 -9999.0 0.132553 0.311121 0.475621 0.476781 0.296828 0.476299 0.469854 0.477590 0.477702 0.473728 0.460627 0.116853 0.256758 0.262083 0.251838 0.178492 0.201173 0.019752 0.018156 0.331146 0.242302 0.160622 0.096440 0.112113 0.145696 0.439467 0.351524 0.385277 0.012857 0.012662 0.016927 0.331799 0.018151 -9999.0 -9999.0 -9999.0 0.248609 0.307716 0.020877 0.393431 0.023154 0.022520 0.165940 0.135716 0.019178 -9999.0 -9999.0 -9999.0 -9999.0 -9999.0 -9999.0 -9999.0
-9999.0 -9999.0 -9999.0 -9999.0 -9999.0 -9999.0 -9999.0 -9999.0 -9999.0 -9999.0 -9999.0 0.203483 0.227722 0.457702 0.190722 0.168109 0.478035 0.475605 0.475504 0.473435 0.477791 0.476091 0.432015 0.422828 0.257172 0.020517 0.396449 0.272540 0.018120 0.367901 0.018122 0.333655 0.357102 0.098566 0.017352 0.473052 0.356803 0.144196 0.420494 0.021173 0.433056 0.435786 0.451237 0.166151 0.107105 -9999.0 0.018193 0.192614 0.412340 0.463692 0.465714 0.083364 0.081770 0.004582 0.002195 0.136062 -9999.0 -9999.0 -9999.0 -9999.0 -9999.0 -9999.0 -9999.0
-9999.0 -9999.0 -9999.0 -9999.0 -9999.0 -9999.0 -9999.0 -9999.0 -9999.0 -9999.0 -9999.0 -9999.0 0.237914 0.252158 0.468378 0.458641 0.447597 0.455066 0.476216 0.475596 0.477799 0.476077 0.466534 0.449285 0.324684 0.400125 0.464411 0.231850 0.244681 0.019391 0.222542 0.437395 0.128161 0.106099 0.200843 0.106194 0.268009 0.255376 0.144684 0.265409 0.454232 0.013957 0.459369 0.467254 0.020331 0.145744 0.019961 0.175340 0.433103 0.440256 0.438548 0.325278 0.476801 0.294872 0.245355 0.276733 0.184777 -9999.0 -9999.0 -9999.0 -9999.0 -9999.0 -9999.0
-9999.0 -9999.0 -9999.0 -9999.0 -9999.0 -9999.0 -9999.0 -9999.0 -9999.0 -9999.0 -9999.0 0.420735 0.212636 0.334000 0.476590 0.476903 0.463795 0.457128 0.462698 0.470142 0.449059 0.462403 0.476322 0.412460 0.435055 0.476188 0.308378 0.254789 0.290944 0.021367 0.427469 0.420642 0.479800 0.093330 0.187613 0.099466 0.205425 0.202859 0.429333 0.398076 0.454104 0.478313 0.476471 0.012623 0.476361 0.114722 0.349451 0.054167 0.065185 0.479917 0.022648 0.265587 0.209170 0.022060 0.018107 0.018449 0.025484 -9999.0 -9999.0 -9999.0 -9999.0 -9999.0 -9999.0
-9999.0 -9999.0 -9999.0 -9999.0 -9999.0 -9999.0 -9999.0 -9999.0 -9999.0 -9999.0 0.208588 0.474157 0.430822 0.283905 0.441385 0.475287 0.434388 0.474891 0.454303 0.455826 0.464565 0.474721 0.476016 0.466149 0.465148 0.437003 0.268745 0.022216 0.479490 0.477169 0.468236 0.290426 0.144803 0.207871 0.018213 0.018361 0.439936 0.479997 0.192598 0.446760 0.457309 0.132267 0.120674 0.467934 0.479333 0.021790 0.328697 0.431982 0.478589 0.478323 0.021183 0.018300 0.018135 0.018420 0.018396 0.000084 0.129359 -9999.0 -9999.0 -9999.0 -9999.0 -9999.0 -9999.0
-9999.0 -9999.0 -9999.0 -9999.0 -9999.0 -9999.0 -9999.0 -9999.0 -9999.0 0.242871 0.123345 0.331679 0.472935 0.443597 0.466339 0.370403 0.272764 0.463027 0.479576 0.469782 0.472719 0.474300 0.470306 0.466097 0.450375 0.246569 0.412774 0.477008 0.476041 0.475610 0.474041 0.254136 0.018163 0.018210 0.018196 0.018149 0.259357 0.274630 0.223447 0.301995 0.445984 0.275127 0.266994 0.471054 0.479056 0.474454 0.115997 0.399398 0.431642 0.478628 0.452967 0.024823 0.018261 0.018234 0.022056 0.338187 0.278577 0.000000 0.000000 -9999.0 -9999.0 -9999.0 -9999.0
-9999.0 -9999.0 -9999.0 -9999.0 -9999.0 -9999.0 -9999.0 -9999.0 -9999.0 0.118153 0.219027 0.147786 0.453230 0.475979 0.466717 0.447021 0.031942 0.474787 0.475432 0.475400 0.478193 0.478516 0.475931 0.475286 0.284411 0.445655 0.476892 0.475974 0.468768 0.454779 0.345668 0.298001 0.254818 0.109429 0.190231 0.019143 0.018472 0.017381 0.208247 0.260984 0.256705 0.222870 0.459073 0.479955 0.479987 0.479848 0.479725 0.478134 0.474793 0.479169 0.268740 0.421732 0.018263 0.220906 0.018503 0.272227 0.289238 0.319970 0.000000 -9999.0 -9999.0 -9999.0 -9999.0
-9999.0 -9999.0 -9999.0 -9999.0 -9999.0 -9999.0 -9999.0 -9999.0 -9999.0 -9999.0 0.134820 0.162535 0.438810 0.473239 0.476231 0.463748 0.467077 0.473833 0.445209 0.446634 0.454463 0.476862 0.468087 0.469910 0.442362 0.476437 0.468751 0.479910 0.441357 0.225028 0.240275 0.329015 0.221698 0.252630 0.186575 0.479802 0.461578 0.452671 0.020157 0.227361 0.222639 0.207731 0.298646 0.312301 0.261592 0.453699 0.479935 0.478961 0.479988 0.473164 0.464753 0.368846 0.026618 0.018277 0.229613 0.243789 0.413835 0.474931 0.269845 0.297343 -9999.0 -9999.0 -9999.0
-9999.0 -9999.0 -9999.0 -9999.0 -9999.0 -9999.0 -9999.0 -9999.0 -9999.0 -9999.0 0.138938 0.139430 0.120375 0.474437 0.459932 0.476330 0.440622 0.475552 0.458661 0.479964 0.470692 0.474483 0.463545 0.476545 0.476145 0.479556 0.479763 0.444312 0.299021 0.207517 0.232121 0.103332 0.020935 0.250206 0.246180 0.249053 0.440441 0.428512 0.394793 0.227027 0.113838 0.021499 0.276323 0.228011 0.229234 0.404652 0.293294 0.383002 0.478009 0.479827 0.472836 0.422071 0.468074 0.027802 0.020745 0.025448 0.249536 0.276314 0.479966 0.473421 -9999.0 -9999.0 -9999.0
-9999.0 -9999.0 -9999.0 -9999.0 -9999.0 -9999.0 -9999.0 -9999.0 0.451597 0.467868 0.180831 0.120982 0.272616 0.260478 0.476103 0.478821 0.478866 0.468351 0.468677 0.463136 0.457952 0.453640 0.479789 0.457692 0.461781 0.479878 0.478937 0.344895 0.290617 0.217307 0.018182 0.220735 0.209838 0.254673 0.111038 0.250810 0.261760 0.421830 0.282525 0.021272 0.018126 0.223549 0.023366 0.018244 0.042333 0.470876 0.269584 0.462302 0.479894 0.479883 0.472906 0.452655 0.411925 0.331414 0.042325 0.004235 0.000009 0.358256 0.472414 0.479953 -9999.0 -9999.0 -9999.0
-9999.0 -9999.0 -9999.0 -9999.0 -9999.0 -9999.0 -9999.0 -9999.0 0.022392 0.449209 0.430631 0.212869 0.132558 0.475067 0.472088 0.465305 0.476140 0.466497 0.479978 0.469054 0.473393 0.462923 0.465842 0.479719 0.479986 0.479979 0.479787 0.439960 0.024247 0.122404 0.117935 0.021860 0.114893 0.020684 0.272153 0.374737 0.426460 0.467206 0.447978 0.363785 0.238007 0.072094 0.018310 0.446288 0.455119 0.286115 0.022586 0.240918 0.263063 0.479499 0.479221 0.475328 0.439185 0.000803 0.477497 0.118181 0.386132 0.473096 0.479885 0.479064 0.479058 -9999.0 -9999.0
-9999.0 -9999.0 -9999.0 -9999.0 -9999.0 -9999.0 -9999.0 -9999.0 0.259123 0.324919 0.458582 0.414244 0.451833 0.022980 0.461495 0.471907 0.478521 0.477290 0.459399 0.479777 0.457804 0.458158 0.460391 0.479953 0.479949 0.479519 0.476531 0.421952 0.021366 0.224540 0.022212 0.425086 0.465524 0.454160 0.428239 0.476344 0.347993 0.478037 0.323539 0.391521 0.152580 0.024577 0.406615 0.292520 0.272488 0.249961 0.027381 0.447779 0.231118 0.479516 0.479957 0.468314 0.469969 0.469102 0.472498 0.472219 0.475854 0.479736 0.479819 0.479828 0.479029 -9999.0 -9999.0
-9999.0 -9999.0 -9999.0 -9999.0 -9999.0 -9999.0 -9999.0 -9999.0 0.018119 0.447676 0.463134 0.017727 0.389021 0.459871 0.448763 0.477666 0.468773 0.479960 0.452743 0.459043 0.474850 0.479779 0.479863 0.466334 0.459163 0.476982 0.471431 0.434857 0.477436 0.476684 0.395377 0.463879 0.472875 0.476205 0.379681 0.456609 0.460743 0.475795 0.313557 0.411154 0.390531 0.439264 0.466877 0.073034 0.467468 0.037511 0.215757 0.088478 0.445349 0.479865 0.476691 0.479941 0.469287 0.459304 0.472946 0.479773 0.479829 0.479829 0.479448 0.479084 0.478760 0.474433 -9999.0
-9999.0 -9999.0 -9999.0 -9999.0 -9999.0 -9999.0 -9999.0 -9999.0 0.218929 0.447961 0.460430 0.455046 0.448994 0.477031 0.455933 0.474720 0.479681 0.479647 0.477528 0.477863 0.459424 0.479846 0.479829 0.479028 0.458828 0.460685 0.448804 0.469009 0.461974 0.474580 0.474583 0.475777 0.478565 0.475209 0.469934 0.450896 0.478806 0.460895 0.469633 0.394051 0.473809 0.466753 0.476606 0.456066 0.467439 0.464374 0.462112 0.474900 0.470510 0.468632 0.479264 0.479972 0.479956 0.479916 0.479815 0.479825 0.479845 0.479122 0.479800 0.479279 0.479722 0.472655 -9999.0
-9999.0 -9999.0 0.324382 0.408920 0.403929 0.465317 0.447164 0.435708 0.432368 0.181445 0.284120 0.478099 0.477762 0.469808 0.457404 0.478617 0.479763 0.331927 0.202998 0.474951 0.477363 0.457960 0.479854 0.479818 0.460418 0.468176 0.460311 0.474494 0.479526 0.473655 0.467906 0.461107 0.475767 0.478570 0.473977 0.477537 0.468665 0.457281 0.472988 0.474630 0.474901 0.472321 0.479796 0.473675 0.475710 0.475547 0.468655 0.476128 0.479905 0.479960 0.479866 0.479872 0.479877 0.479837 0.479808 0.479139 0.479786 0.479712 0.479651 0.479774 0.451957 0.455320 -9999.0
-9999.0 0.470527 0.469808 0.449743 0.355287 0.462584 0.301644 0.348241 0.307031 0.142157 0.283821 0.461018 0.470814 0.101764 0.451495 0.456118 0.196691 0.314117 0.401723 0.474615 0.478277 0.479925 0.479794 0.479942 0.461615 0.457471 0.479159 0.476276 0.479963 0.479719 0.478982 0.477816 0.478372 0.475909 0.479063 0.469240 0.469082 0.478765 0.474483 0.476946 0.477921 0.469525 0.478485 0.476265 0.469405 0.479452 0.479753 0.479974 0.479782 0.479956 0.479845 0.479874 0.479811 0.479861 0.479860 0.479846 0.476913 0.475237 0.472884 0.474108 0.100820 0.182051 -9999.0
-9999.0 0.436537 0.475652 0.460341 0.306660 0.465270 0.461407 0.463380 0.425150 0.217272 0.450257 0.464733 0.474868 0.448089 0.479227 0.310058 0.358244 0.330244 0.462257 0.478212 0.463243 0.479094 0.479962 0.479945 0.468307 0.479816 0.479952 0.479893 0.479893 0.452539 0.459770 0.479968 0.479963 0.479963 0.479712 0.479905 0.086847 0.000000 0.479431 0.479451 0.479893 0.479881 0.479886 0.479961 0.461435 0.464106 0.479877 0.479849 0.479741 0.479861 0.479954 0.479979 0.479308 0.479932 0.479124 0.475118 0.474394 0.467677 0.461147 0.241857 0.199429 -9999.0 -9999.0
-9999.0 0.126560 0.307413 0.468903 0.477229 0.287630 0.387424 0.462873 0.417012 0.439992 0.445452 0.478580 0.474200 0.473310 0.435969 0.430922 0.390124 0.289866 0.271300 0.478891 0.463770 0.478921 0.478826 0.456001 0.479132 0.479894 0.479886 0.479886 0.479889 0.479892 0.479899 0.460449 0.465663 0.466471 0.479893 0.479898 0.479401 0.251835 0.479454 0.479411 0.479397 0.363119 0.478922 0.478941 0.464862 0.475949 0.459642 0.479848 0.479964 0.479962 0.479188 0.430913 0.478532 0.475814 0.477494 0.463811 0.378401 0.276546 0.264559 -9999.0 -9999.0 -9999.0 -9999.0
