erum2020/resources/simulation/Vinschgau/output-maps/thetaliqL0001N1444.asc
ncols         63
nrows         48
xllcorner     598000.000000
yllcorner     5145000.000000
cellsize      1000.000000
NODATA_value  -9999.0
[rows 0 to 28 of 48, columns 0 to 62 of 63]
-9999.0 -9999.0 -9999.0 -9999.0 -9999.0 -9999.0 -9999.0 -9999.0 -9999.0 -9999.0 -9999.0 -9999.0 -9999.0 -9999.0 -9999.0 -9999.0 -9999.0 -9999.0 -9999.0 -9999.0 -9999.0 -9999.0 -9999.0 -9999.0 -9999.0 -9999.0 -9999.0 -9999.0 -9999.0 -9999.0 -9999.0 -9999.0 -9999.0 -9999.0 -9999.0 -9999.0 -9999.0 -9999.0 -9999.0 -9999.0 -9999.0 -9999.0 -9999.0 -9999.0 -9999.0 -9999.0 -9999.0 -9999.0 -9999.0 -9999.0 -9999.0 -9999.0 -9999.0 -9999.0 -9999.0 -9999.0 -9999.0 -9999.0 -9999.0 -9999.0 -9999.0 -9999.0 -9999.0
-9999.0 -9999.0 -9999.0 -9999.0 -9999.0 -9999.0 -9999.0 -9999.0 -9999.0 -9999.0 -9999.0 -9999.0 -9999.0 -9999.0 -9999.0 -9999.0 -9999.0 -9999.0 -9999.0 -9999.0 -9999.0 -9999.0 -9999.0 -9999.0 -9999.0 -9999.0 -9999.0 0.097574 0.166573 0.102012 0.201669 0.123249 0.040088 -9999.0 -9999.0 -9999.0 -9999.0 -9999.0 -9999.0 -9999.0 -9999.0 -9999.0 -9999.0 -9999.0 -9999.0 -9999.0 -9999.0 -9999.0 -9999.0 -9999.0 -9999.0 -9999.0 -9999.0 -9999.0 -9999.0 -9999.0 -9999.0 -9999.0 -9999.0 -9999.0 -9999.0 -9999.0 -9999.0
-9999.0 -9999.0 -9999.0 -9999.0 -9999.0 -9999.0 -9999.0 -9999.0 -9999.0 -9999.0 -9999.0 -9999.0 -9999.0 -9999.0 -9999.0 -9999.0 -9999.0 -9999.0 -9999.0 -9999.0 -9999.0 -9999.0 -9999.0 -9999.0 0.266401 0.280686 0.289113 0.268635 0.292679 0.197373 0.154416 -9999.0 -9999.0 -9999.0 -9999.0 -9999.0 -9999.0 -9999.0 -9999.0 -9999.0 -9999.0 -9999.0 -9999.0 -9999.0 -9999.0 -9999.0 -9999.0 -9999.0 -9999.0 -9999.0 -9999.0 -9999.0 -9999.0 -9999.0 -9999.0 -9999.0 -9999.0 -9999.0 -9999.0 -9999.0 -9999.0 -9999.0 -9999.0
-9999.0 -9999.0 -9999.0 -9999.0 -9999.0 -9999.0 -9999.0 -9999.0 -9999.0 -9999.0 -9999.0 -9999.0 -9999.0 -9999.0 -9999.0 -9999.0 -9999.0 -9999.0 -9999.0 -9999.0 -9999.0 -9999.0 -9999.0 0.284914 0.287977 0.069875 0.069178 0.068417 0.068676 0.185226 0.166866 0.107608 -9999.0 -9999.0 -9999.0 -9999.0 -9999.0 -9999.0 -9999.0 -9999.0 -9999.0 -9999.0 -9999.0 -9999.0 -9999.0 -9999.0 -9999.0 -9999.0 -9999.0 -9999.0 -9999.0 -9999.0 -9999.0 -9999.0 -9999.0 -9999.0 -9999.0 -9999.0 -9999.0 -9999.0 -9999.0 -9999.0 -9999.0
-9999.0 -9999.0 -9999.0 -9999.0 -9999.0 -9999.0 -9999.0 -9999.0 -9999.0 -9999.0 -9999.0 -9999.0 -9999.0 -9999.0 -9999.0 -9999.0 -9999.0 -9999.0 0.089255 0.256626 -9999.0 0.241756 0.278269 0.070446 0.071239 0.070697 0.089270 0.075294 0.074358 0.096426 0.174523 0.199981 0.055315 0.066020 -9999.0 -9999.0 -9999.0 -9999.0 -9999.0 -9999.0 -9999.0 -9999.0 -9999.0 -9999.0 -9999.0 -9999.0 -9999.0 -9999.0 -9999.0 -9999.0 -9999.0 -9999.0 -9999.0 -9999.0 -9999.0 -9999.0 -9999.0 -9999.0 -9999.0 -9999.0 -9999.0 -9999.0 -9999.0
-9999.0 -9999.0 -9999.0 -9999.0 -9999.0 -9999.0 -9999.0 -9999.0 -9999.0 -9999.0 -9999.0 -9999.0 -9999.0 -9999.0 -9999.0 -9999.0 -9999.0 0.068664 0.069808 0.022666 0.037405 0.127984 0.101922 0.073990 0.074641 0.117195 0.070769 0.107589 0.087762 0.076169 0.264753 0.180642 0.072383 0.092381 0.046818 0.036172 -9999.0 -9999.0 -9999.0 -9999.0 -9999.0 -9999.0 -9999.0 -9999.0 -9999.0 -9999.0 -9999.0 -9999.0 -9999.0 -9999.0 -9999.0 -9999.0 -9999.0 -9999.0 -9999.0 -9999.0 -9999.0 -9999.0 -9999.0 -9999.0 -9999.0 -9999.0 -9999.0
-9999.0 -9999.0 -9999.0 -9999.0 -9999.0 -9999.0 -9999.0 -9999.0 -9999.0 -9999.0 -9999.0 -9999.0 -9999.0 0.108725 0.074871 0.071657 0.069645 0.022611 0.069556 0.072834 0.073053 0.073453 0.072702 0.073526 0.089159 0.271406 0.020465 0.091314 0.079624 0.115689 0.040061 0.287208 0.186346 0.198873 0.081187 0.027562 -9999.0 -9999.0 -9999.0 -9999.0 -9999.0 -9999.0 -9999.0 -9999.0 -9999.0 -9999.0 -9999.0 -9999.0 -9999.0 -9999.0 -9999.0 -9999.0 -9999.0 -9999.0 -9999.0 -9999.0 -9999.0 -9999.0 -9999.0 -9999.0 -9999.0 -9999.0 -9999.0
-9999.0 -9999.0 -9999.0 -9999.0 -9999.0 -9999.0 -9999.0 -9999.0 -9999.0 -9999.0 -9999.0 -9999.0 -9999.0 0.124675 0.071278 0.069729 0.069797 0.070162 0.022611 0.073348 0.070419 0.071651 0.071674 0.073382 0.073913 0.085717 0.167907 0.107900 0.092831 0.048444 0.077479 0.188070 0.052796 0.020984 0.026379 -9999.0 -9999.0 -9999.0 -9999.0 -9999.0 -9999.0 -9999.0 -9999.0 -9999.0 -9999.0 -9999.0 -9999.0 -9999.0 -9999.0 -9999.0 -9999.0 -9999.0 -9999.0 -9999.0 -9999.0 -9999.0 -9999.0 -9999.0 -9999.0 -9999.0 -9999.0 -9999.0 -9999.0
-9999.0 -9999.0 -9999.0 -9999.0 -9999.0 -9999.0 -9999.0 -9999.0 -9999.0 -9999.0 -9999.0 -9999.0 -9999.0 0.071302 0.520000 0.070551 0.070288 0.070554 0.022581 0.069753 0.070864 0.022959 0.077275 0.089641 0.072810 0.073728 0.171960 0.072962 0.122333 0.035882 0.137196 0.020356 0.020747 0.020017 0.026185 -9999.0 -9999.0 -9999.0 -9999.0 -9999.0 -9999.0 -9999.0 -9999.0 -9999.0 -9999.0 -9999.0 -9999.0 -9999.0 -9999.0 -9999.0 -9999.0 -9999.0 -9999.0 -9999.0 -9999.0 -9999.0 -9999.0 -9999.0 -9999.0 -9999.0 -9999.0 -9999.0 -9999.0
-9999.0 -9999.0 -9999.0 -9999.0 -9999.0 -9999.0 -9999.0 -9999.0 -9999.0 -9999.0 -9999.0 -9999.0 0.073058 0.520000 0.071555 0.074314 0.073602 0.071176 0.068602 0.022726 0.073692 0.135394 0.108603 0.115691 0.040048 0.161283 0.040012 0.148402 0.257524 0.042793 0.052787 0.054573 0.083814 0.035587 -9999.0 -9999.0 -9999.0 -9999.0 -9999.0 -9999.0 -9999.0 -9999.0 -9999.0 -9999.0 -9999.0 -9999.0 -9999.0 -9999.0 -9999.0 -9999.0 -9999.0 -9999.0 -9999.0 -9999.0 -9999.0 -9999.0 -9999.0 -9999.0 -9999.0 -9999.0 -9999.0 -9999.0 -9999.0
-9999.0 -9999.0 -9999.0 -9999.0 -9999.0 -9999.0 -9999.0 -9999.0 -9999.0 -9999.0 -9999.0 0.180752 0.071541 0.237401 0.071309 0.089733 0.022666 0.070236 0.070813 0.022512 0.071439 0.073044 0.187520 0.160947 0.110118 0.200563 0.118590 0.212259 0.054763 0.022393 0.056875 0.198182 0.090439 0.047605 0.052207 0.115610 0.151346 0.137874 0.141002 -9999.0 -9999.0 -9999.0 0.056254 -9999.0 -9999.0 -9999.0 -9999.0 -9999.0 -9999.0 -9999.0 -9999.0 -9999.0 -9999.0 -9999.0 -9999.0 -9999.0 -9999.0 -9999.0 -9999.0 -9999.0 -9999.0 -9999.0 -9999.0
-9999.0 -9999.0 -9999.0 -9999.0 -9999.0 -9999.0 -9999.0 -9999.0 -9999.0 -9999.0 -9999.0 0.204433 0.070222 0.068507 0.068400 0.094214 0.067139 0.069344 0.070374 0.070961 0.070982 0.102420 0.299103 0.040115 0.040754 0.169159 0.201499 0.205444 0.168082 0.035626 0.214310 0.225440 0.103612 0.078206 0.095117 0.202997 0.190070 0.162948 0.143164 0.052435 0.065345 0.060304 0.210963 0.062825 -9999.0 -9999.0 -9999.0 0.090038 0.063371 0.027704 0.062868 0.020484 0.020483 0.068077 0.048884 0.020556 -9999.0 -9999.0 -9999.0 -9999.0 -9999.0 -9999.0 -9999.0
-9999.0 -9999.0 -9999.0 -9999.0 -9999.0 -9999.0 -9999.0 -9999.0 -9999.0 -9999.0 -9999.0 0.225126 0.188455 0.076380 0.129228 0.086864 0.075651 0.070655 0.069388 0.070983 0.073158 0.145514 0.043598 0.276758 0.160514 0.101288 0.041300 0.040006 0.105525 0.082373 0.094528 0.040364 0.207947 0.074153 0.060759 0.181081 0.057487 0.040019 0.147597 0.098055 0.148633 0.119787 0.206318 0.213312 0.067473 -9999.0 0.043309 0.070799 0.206839 0.207133 0.168577 0.089013 0.147125 0.183419 0.130143 0.080704 -9999.0 -9999.0 -9999.0 -9999.0 -9999.0 -9999.0 -9999.0
-9999.0 -9999.0 -9999.0 -9999.0 -9999.0 -9999.0 -9999.0 -9999.0 -9999.0 -9999.0 -9999.0 -9999.0 0.204202 0.158989 0.130785 0.122190 0.075801 0.071792 0.070274 0.070932 0.072176 0.108322 0.142362 0.057820 0.040069 0.040741 0.337637 0.165972 0.173574 0.072647 0.210678 0.041215 0.170143 0.147910 0.096073 0.213960 0.041065 0.040127 0.200497 0.148517 0.186920 0.060819 0.057986 0.289190 0.088213 0.070975 0.034137 0.077279 0.040071 0.053637 0.083938 0.041392 0.040006 0.040137 0.040060 0.175449 0.080993 -9999.0 -9999.0 -9999.0 -9999.0 -9999.0 -9999.0
-9999.0 -9999.0 -9999.0 -9999.0 -9999.0 -9999.0 -9999.0 -9999.0 -9999.0 -9999.0 -9999.0 0.056951 0.215191 0.102530 0.172705 0.142503 0.076022 0.072613 0.068955 0.069829 0.071549 0.075046 0.146473 0.040768 0.041585 0.087220 0.053251 0.143192 0.155627 0.103462 0.040793 0.040469 0.245601 0.149441 0.075354 0.217120 0.149178 0.055893 0.147626 0.129987 0.056741 0.135186 0.148589 0.039872 0.208805 0.156401 0.223422 0.097489 0.090695 0.105767 0.020053 0.151144 0.040027 0.020029 0.020027 0.020147 0.041964 -9999.0 -9999.0 -9999.0 -9999.0 -9999.0 -9999.0
-9999.0 -9999.0 -9999.0 -9999.0 -9999.0 -9999.0 -9999.0 -9999.0 -9999.0 -9999.0 0.367008 0.088133 0.257432 0.255799 0.190829 0.098070 0.087375 0.095770 0.070651 0.070093 0.073002 0.081973 0.041612 0.272009 0.133309 0.040037 0.040147 0.020038 0.169008 0.195376 0.111566 0.040027 0.200339 0.139465 0.023298 0.098363 0.173577 0.046828 0.074490 0.195030 0.203770 0.166382 0.023783 0.089133 0.105731 0.099250 0.184551 0.065167 0.107508 0.121662 0.020034 0.020869 0.020025 0.020080 0.020145 0.154820 0.160243 -9999.0 -9999.0 -9999.0 -9999.0 -9999.0 -9999.0
-9999.0 -9999.0 -9999.0 -9999.0 -9999.0 -9999.0 -9999.0 -9999.0 -9999.0 0.168329 0.306524 0.099631 0.134687 0.054817 0.116635 0.134955 0.095856 0.102835 0.070339 0.069715 0.072126 0.074074 0.074965 0.086638 0.148462 0.040112 0.040051 0.207478 0.089396 0.140132 0.157388 0.040086 0.092866 0.026501 0.070396 0.099965 0.183270 0.040508 0.042436 0.102406 0.042416 0.046442 0.042870 0.075246 0.074400 0.105898 0.159451 0.049437 0.050716 0.158090 0.040160 0.031396 0.020073 0.020146 0.020223 0.040023 0.040045 0.070299 0.020423 -9999.0 -9999.0 -9999.0 -9999.0
-9999.0 -9999.0 -9999.0 -9999.0 -9999.0 -9999.0 -9999.0 -9999.0 -9999.0 0.150773 0.163053 0.192022 0.520000 0.141788 0.088744 0.054793 0.240404 0.083057 0.069371 0.070604 0.071085 0.070633 0.084917 0.305846 0.040220 0.040349 0.059069 0.131155 0.265962 0.297140 0.219035 0.040059 0.225829 0.083870 0.208667 0.105622 0.109682 0.069260 0.158123 0.232700 0.044487 0.040163 0.068045 0.174957 0.073722 0.077195 0.076239 0.103328 0.141665 0.157530 0.040031 0.040012 0.020109 0.040198 0.021125 0.040016 0.040049 0.040123 0.128919 -9999.0 -9999.0 -9999.0 -9999.0
-9999.0 -9999.0 -9999.0 -9999.0 -9999.0 -9999.0 -9999.0 -9999.0 -9999.0 -9999.0 0.207862 0.203678 0.124539 0.040382 0.142645 0.097154 0.136817 0.074808 0.068224 0.071255 0.070995 0.075656 0.096435 0.055740 0.041314 0.109496 0.176968 0.133492 0.241848 0.040092 0.040064 0.040006 0.040022 0.141620 0.243364 0.245426 0.241349 0.296531 0.120451 0.213485 0.161851 0.299869 0.452781 0.106454 0.107250 0.127465 0.073843 0.076818 0.074326 0.154783 0.040070 0.040040 0.020175 0.020102 0.040162 0.062218 0.275300 0.040038 0.124570 0.117623 -9999.0 -9999.0 -9999.0
-9999.0 -9999.0 -9999.0 -9999.0 -9999.0 -9999.0 -9999.0 -9999.0 -9999.0 -9999.0 0.173990 0.188264 0.288222 0.136780 0.239170 0.076780 0.112930 0.071644 0.067693 0.070101 0.069286 0.071300 0.094380 0.091995 0.110757 0.305766 0.164138 0.117148 0.040146 0.040025 0.209655 0.350127 0.020045 0.082961 0.201804 0.310294 0.040047 0.101357 0.040138 0.140814 0.216720 0.048088 0.054288 0.178404 0.303706 0.049746 0.128791 0.110049 0.072246 0.075434 0.152643 0.040078 0.040018 0.020257 0.020056 0.020116 0.055207 0.042100 0.302050 0.242226 -9999.0 -9999.0 -9999.0
-9999.0 -9999.0 -9999.0 -9999.0 -9999.0 -9999.0 -9999.0 -9999.0 0.279809 0.210321 0.119099 0.310077 0.046375 0.066144 0.077784 0.109095 0.070800 0.070382 0.069791 0.069737 0.066994 0.067561 0.068038 0.069177 0.097008 0.179662 0.364547 0.040444 0.040182 0.040026 0.024561 0.219314 0.210186 0.115515 0.222601 0.158854 0.140896 0.136838 0.040040 0.099102 0.096745 0.290265 0.020051 0.112603 0.058616 0.377244 0.040045 0.059622 0.119551 0.110586 0.233874 0.040601 0.040030 0.040010 0.020149 0.108535 0.092009 0.306378 0.106589 0.072997 -9999.0 -9999.0 -9999.0
-9999.0 -9999.0 -9999.0 -9999.0 -9999.0 -9999.0 -9999.0 -9999.0 0.020022 0.041449 0.040039 0.139899 0.184810 0.040017 0.040332 0.122975 0.073052 0.071632 0.067287 0.069090 0.068670 0.067290 0.066653 0.066909 0.069202 0.075104 0.257187 0.083448 0.020040 0.149272 0.084692 0.107733 0.199800 0.104962 0.292969 0.290040 0.092991 0.326805 0.072527 0.176261 0.202481 0.144656 0.103026 0.182841 0.348019 0.046840 0.020044 0.193692 0.086907 0.131275 0.251277 0.081279 0.040017 0.070128 0.149492 0.020253 0.040073 0.128826 0.077454 0.075351 0.073895 -9999.0 -9999.0
-9999.0 -9999.0 -9999.0 -9999.0 -9999.0 -9999.0 -9999.0 -9999.0 0.211437 0.202550 0.141710 0.040025 0.353166 0.020056 0.049121 0.040536 0.079135 0.073915 0.067656 0.069541 0.068600 0.067564 0.066842 0.069487 0.070413 0.072109 0.256302 0.040159 0.020035 0.215905 0.100233 0.307431 0.040124 0.040286 0.309893 0.107793 0.144418 0.105463 0.092832 0.060126 0.192021 0.084588 0.278899 0.254078 0.040448 0.267607 0.100123 0.236644 0.040060 0.101801 0.087713 0.177228 0.040040 0.040020 0.041317 0.100527 0.345651 0.081764 0.074715 0.074887 0.074450 -9999.0 -9999.0
-9999.0 -9999.0 -9999.0 -9999.0 -9999.0 -9999.0 -9999.0 -9999.0 0.027406 0.203084 0.057323 0.020036 0.297343 0.040340 0.049782 0.261588 0.070635 0.068575 0.071723 0.067536 0.069766 0.069291 0.069182 0.070909 0.071657 0.094658 0.071186 0.040063 0.291707 0.067089 0.050002 0.084875 0.147053 0.157560 0.099018 0.150811 0.088875 0.072268 0.087707 0.128849 0.195575 0.200133 0.201173 0.085906 0.245818 0.088679 0.169465 0.083150 0.220789 0.042534 0.108524 0.078482 0.119758 0.041582 0.160151 0.283337 0.079352 0.073777 0.071673 0.074638 0.075385 0.077121 -9999.0
-9999.0 -9999.0 -9999.0 -9999.0 -9999.0 -9999.0 -9999.0 -9999.0 0.047965 0.294384 0.040015 0.040098 0.044097 0.076870 0.410284 0.080016 0.094753 0.077658 0.079169 0.071422 0.068950 0.070676 0.071102 0.072446 0.072767 0.090720 0.040220 0.107750 0.148094 0.175342 0.051055 0.182514 0.075256 0.129305 0.119702 0.077552 0.076246 0.070531 0.071358 0.079345 0.096558 0.110128 0.091552 0.139842 0.046276 0.211300 0.084301 0.135561 0.075640 0.163890 0.079527 0.079744 0.081545 0.158671 0.202229 0.194499 0.084792 0.078083 0.076006 0.074555 0.073133 0.077831 -9999.0
-9999.0 -9999.0 0.155558 0.273455 0.040004 0.040212 0.040152 0.040053 0.149389 0.230642 0.041261 0.041207 0.081536 0.211632 0.085622 0.474092 0.099785 0.040159 0.057743 0.130357 0.071920 0.068566 0.072102 0.068615 0.074129 0.073927 0.114734 0.078688 0.072536 0.081863 0.100150 0.077551 0.073463 0.072051 0.074293 0.072207 0.073136 0.068859 0.070105 0.073262 0.074478 0.073637 0.070951 0.075164 0.119931 0.112916 0.086158 0.084416 0.080236 0.075718 0.075766 0.078469 0.083410 0.128282 0.175621 0.092309 0.088827 0.079345 0.076954 0.074231 0.077656 0.079690 -9999.0
-9999.0 0.056171 0.051707 0.043960 0.040303 0.053163 0.040000 0.040033 0.040020 0.134582 0.040061 0.040388 0.265046 0.286335 0.520000 0.047230 0.040683 0.040109 0.040504 0.106093 0.072483 0.070079 0.072440 0.069980 0.070970 0.073597 0.072544 0.072081 0.072343 0.073918 0.078057 0.073562 0.071865 0.070024 0.070750 0.070764 0.069927 0.066640 0.070584 0.071613 0.071316 0.070677 0.070451 0.069716 0.071046 0.070370 0.073345 0.068159 0.071367 0.069392 0.075616 0.079389 0.088256 0.175758 0.189011 0.356894 0.318123 0.290999 0.354651 0.297550 0.191081 0.080076 -9999.0
-9999.0 0.288871 0.135495 0.134867 0.280339 0.041867 0.040040 0.040025 0.102380 0.110571 0.040040 0.040162 0.251040 0.414469 0.067120 0.040054 0.040037 0.040068 0.086590 0.121968 0.258872 0.085918 0.073077 0.077074 0.074818 0.072149 0.068461 0.071008 0.070148 0.066886 0.066780 0.067138 0.069984 0.069935 0.068637 0.068906 0.067894 0.067498 0.068363 0.068642 0.068276 0.068340 0.067959 0.065841 0.065615 0.065502 0.069677 0.069908 0.071056 0.072818 0.075816 0.078967 0.233916 0.355932 0.520000 0.078184 0.040533 0.074760 0.083117 0.063102 0.087163 -9999.0 -9999.0
-9999.0 0.144991 0.133902 0.130809 0.307246 0.319936 0.282682 0.040087 0.040095 0.040097 0.042223 0.093523 0.250819 0.330950 0.040102 0.040021 0.040028 0.040217 0.040091 0.040436 0.059498 0.081930 0.092407 0.079965 0.076883 0.074030 0.072491 0.071703 0.070390 0.070226 0.069355 0.068928 0.069055 0.068850 0.068644 0.068334 0.068248 0.067596 0.068187 0.067780 0.067488 0.066956 0.067249 0.067164 0.067445 0.068121 0.069052 0.070502 0.072892 0.070959 0.091391 0.277612 0.090258 0.095227 0.053596 0.040146 0.040137 0.040085 0.040100 -9999.0 -9999.0 -9999.0 -9999.0
