erum2020/resources/simulation/Vinschgau/output-maps/thetaliqL0001N0839.asc
ncols         63
nrows         48
xllcorner     598000.000000
yllcorner     5145000.000000
cellsize      1000.000000
NODATA_value  -9999.0
[rows 0 to 28 of 48, columns 0 to 62 of 63]
-9999.0 -9999.0 -9999.0 -9999.0 -9999.0 -9999.0 -9999.0 -9999.0 -9999.0 -9999.0 -9999.0 -9999.0 -9999.0 -9999.0 -9999.0 -9999.0 -9999.0 -9999.0 -9999.0 -9999.0 -9999.0 -9999.0 -9999.0 -9999.0 -9999.0 -9999.0 -9999.0 -9999.0 -9999.0 -9999.0 -9999.0 -9999.0 -9999.0 -9999.0 -9999.0 -9999.0 -9999.0 -9999.0 -9999.0 -9999.0 -9999.0 -9999.0 -9999.0 -9999.0 -9999.0 -9999.0 -9999.0 -9999.0 -9999.0 -9999.0 -9999.0 -9999.0 -9999.0 -9999.0 -9999.0 -9999.0 -9999.0 -9999.0 -9999.0 -9999.0 -9999.0 -9999.0 -9999.0
-9999.0 -9999.0 -9999.0 -9999.0 -9999.0 -9999.0 -9999.0 -9999.0 -9999.0 -9999.0 -9999.0 -9999.0 -9999.0 -9999.0 -9999.0 -9999.0 -9999.0 -9999.0 -9999.0 -9999.0 -9999.0 -9999.0 -9999.0 -9999.0 -9999.0 -9999.0 -9999.0 0.020022 0.040011 0.020026 0.040009 0.040007 0.040007 -9999.0 -9999.0 -9999.0 -9999.0 -9999.0 -9999.0 -9999.0 -9999.0 -9999.0 -9999.0 -9999.0 -9999.0 -9999.0 -9999.0 -9999.0 -9999.0 -9999.0 -9999.0 -9999.0 -9999.0 -9999.0 -9999.0 -9999.0 -9999.0 -9999.0 -9999.0 -9999.0 -9999.0 -9999.0 -9999.0
-9999.0 -9999.0 -9999.0 -9999.0 -9999.0 -9999.0 -9999.0 -9999.0 -9999.0 -9999.0 -9999.0 -9999.0 -9999.0 -9999.0 -9999.0 -9999.0 -9999.0 -9999.0 -9999.0 -9999.0 -9999.0 -9999.0 -9999.0 -9999.0 0.040018 0.040020 0.040024 0.040019 0.040029 0.040027 0.040008 -9999.0 -9999.0 -9999.0 -9999.0 -9999.0 -9999.0 -9999.0 -9999.0 -9999.0 -9999.0 -9999.0 -9999.0 -9999.0 -9999.0 -9999.0 -9999.0 -9999.0 -9999.0 -9999.0 -9999.0 -9999.0 -9999.0 -9999.0 -9999.0 -9999.0 -9999.0 -9999.0 -9999.0 -9999.0 -9999.0 -9999.0 -9999.0
-9999.0 -9999.0 -9999.0 -9999.0 -9999.0 -9999.0 -9999.0 -9999.0 -9999.0 -9999.0 -9999.0 -9999.0 -9999.0 -9999.0 -9999.0 -9999.0 -9999.0 -9999.0 -9999.0 -9999.0 -9999.0 -9999.0 -9999.0 0.040021 0.040042 0.196769 0.287749 0.109901 0.439713 0.040022 0.040008 0.040007 -9999.0 -9999.0 -9999.0 -9999.0 -9999.0 -9999.0 -9999.0 -9999.0 -9999.0 -9999.0 -9999.0 -9999.0 -9999.0 -9999.0 -9999.0 -9999.0 -9999.0 -9999.0 -9999.0 -9999.0 -9999.0 -9999.0 -9999.0 -9999.0 -9999.0 -9999.0 -9999.0 -9999.0 -9999.0 -9999.0 -9999.0
-9999.0 -9999.0 -9999.0 -9999.0 -9999.0 -9999.0 -9999.0 -9999.0 -9999.0 -9999.0 -9999.0 -9999.0 -9999.0 -9999.0 -9999.0 -9999.0 -9999.0 -9999.0 0.097245 0.040030 -9999.0 0.040024 0.040040 0.088775 0.314287 0.089245 0.061398 0.055227 0.188448 0.045762 0.040017 0.040009 0.020019 0.020014 -9999.0 -9999.0 -9999.0 -9999.0 -9999.0 -9999.0 -9999.0 -9999.0 -9999.0 -9999.0 -9999.0 -9999.0 -9999.0 -9999.0 -9999.0 -9999.0 -9999.0 -9999.0 -9999.0 -9999.0 -9999.0 -9999.0 -9999.0 -9999.0 -9999.0 -9999.0 -9999.0 -9999.0 -9999.0
-9999.0 -9999.0 -9999.0 -9999.0 -9999.0 -9999.0 -9999.0 -9999.0 -9999.0 -9999.0 -9999.0 -9999.0 -9999.0 -9999.0 -9999.0 -9999.0 -9999.0 0.072095 0.151961 0.041170 0.020038 0.042815 0.046886 0.061421 0.075512 0.060301 0.040645 0.042730 0.042492 0.060528 0.040122 0.040032 0.020053 0.020022 0.020017 0.020015 -9999.0 -9999.0 -9999.0 -9999.0 -9999.0 -9999.0 -9999.0 -9999.0 -9999.0 -9999.0 -9999.0 -9999.0 -9999.0 -9999.0 -9999.0 -9999.0 -9999.0 -9999.0 -9999.0 -9999.0 -9999.0 -9999.0 -9999.0 -9999.0 -9999.0 -9999.0 -9999.0
-9999.0 -9999.0 -9999.0 -9999.0 -9999.0 -9999.0 -9999.0 -9999.0 -9999.0 -9999.0 -9999.0 -9999.0 -9999.0 0.040050 0.061334 0.150011 0.072526 0.023541 0.073484 0.127972 0.187218 0.092455 0.279454 0.083487 0.054378 0.040041 0.020059 0.040102 0.040104 0.041590 0.040051 0.040035 0.040008 0.040007 0.020020 0.020014 -9999.0 -9999.0 -9999.0 -9999.0 -9999.0 -9999.0 -9999.0 -9999.0 -9999.0 -9999.0 -9999.0 -9999.0 -9999.0 -9999.0 -9999.0 -9999.0 -9999.0 -9999.0 -9999.0 -9999.0 -9999.0 -9999.0 -9999.0 -9999.0 -9999.0 -9999.0 -9999.0
-9999.0 -9999.0 -9999.0 -9999.0 -9999.0 -9999.0 -9999.0 -9999.0 -9999.0 -9999.0 -9999.0 -9999.0 -9999.0 0.040153 0.317477 0.097394 0.073796 0.370385 0.023476 0.210715 0.075689 0.354634 0.334212 0.268867 0.062869 0.043681 0.040011 0.020024 0.020020 0.040051 0.040079 0.040010 0.020019 0.020014 0.020017 -9999.0 -9999.0 -9999.0 -9999.0 -9999.0 -9999.0 -9999.0 -9999.0 -9999.0 -9999.0 -9999.0 -9999.0 -9999.0 -9999.0 -9999.0 -9999.0 -9999.0 -9999.0 -9999.0 -9999.0 -9999.0 -9999.0 -9999.0 -9999.0 -9999.0 -9999.0 -9999.0 -9999.0
-9999.0 -9999.0 -9999.0 -9999.0 -9999.0 -9999.0 -9999.0 -9999.0 -9999.0 -9999.0 -9999.0 -9999.0 -9999.0 0.283316 0.453969 0.235066 0.086503 0.075451 0.023315 0.073730 0.393150 0.021057 0.067001 0.044507 0.055993 0.052889 0.020030 0.020020 0.040007 0.020016 0.040008 0.020013 0.020013 0.020012 0.020014 -9999.0 -9999.0 -9999.0 -9999.0 -9999.0 -9999.0 -9999.0 -9999.0 -9999.0 -9999.0 -9999.0 -9999.0 -9999.0 -9999.0 -9999.0 -9999.0 -9999.0 -9999.0 -9999.0 -9999.0 -9999.0 -9999.0 -9999.0 -9999.0 -9999.0 -9999.0 -9999.0 -9999.0
-9999.0 -9999.0 -9999.0 -9999.0 -9999.0 -9999.0 -9999.0 -9999.0 -9999.0 -9999.0 -9999.0 -9999.0 0.057197 0.051393 0.343411 0.092016 0.306535 0.155391 0.328067 0.024068 0.114156 0.041729 0.041611 0.040346 0.040062 0.040011 0.040024 0.040008 0.040008 0.020019 0.040003 0.020018 0.040007 0.020013 -9999.0 -9999.0 -9999.0 -9999.0 -9999.0 -9999.0 -9999.0 -9999.0 -9999.0 -9999.0 -9999.0 -9999.0 -9999.0 -9999.0 -9999.0 -9999.0 -9999.0 -9999.0 -9999.0 -9999.0 -9999.0 -9999.0 -9999.0 -9999.0 -9999.0 -9999.0 -9999.0 -9999.0 -9999.0
-9999.0 -9999.0 -9999.0 -9999.0 -9999.0 -9999.0 -9999.0 -9999.0 -9999.0 -9999.0 -9999.0 0.040056 0.459675 0.520000 0.365740 0.040893 0.032034 0.196642 0.520000 0.200000 0.180258 0.089628 0.040029 0.040013 0.040228 0.040014 0.040007 0.040010 0.040028 0.020015 0.020018 0.040009 0.020020 0.020016 0.020017 0.020021 0.040008 0.040010 0.040010 -9999.0 -9999.0 -9999.0 0.020015 -9999.0 -9999.0 -9999.0 -9999.0 -9999.0 -9999.0 -9999.0 -9999.0 -9999.0 -9999.0 -9999.0 -9999.0 -9999.0 -9999.0 -9999.0 -9999.0 -9999.0 -9999.0 -9999.0 -9999.0
-9999.0 -9999.0 -9999.0 -9999.0 -9999.0 -9999.0 -9999.0 -9999.0 -9999.0 -9999.0 -9999.0 0.040045 0.406895 0.457375 0.313202 0.040054 0.228242 0.090742 0.357347 0.417518 0.432402 0.040232 0.040028 0.040030 0.040032 0.040010 0.040009 0.040014 0.020025 0.020016 0.040010 0.040028 0.040007 0.040006 0.040005 0.040010 0.040019 0.040103 0.040010 0.020016 0.020016 0.020015 0.040009 0.020019 -9999.0 -9999.0 -9999.0 0.040005 0.040005 0.020018 0.040006 0.020016 0.020015 0.040006 0.040007 0.020014 -9999.0 -9999.0 -9999.0 -9999.0 -9999.0 -9999.0 -9999.0
-9999.0 -9999.0 -9999.0 -9999.0 -9999.0 -9999.0 -9999.0 -9999.0 -9999.0 -9999.0 -9999.0 0.040002 0.040043 0.040667 0.040666 0.040197 0.139683 0.273387 0.388193 0.355091 0.354889 0.049149 0.040077 0.040019 0.040010 0.020023 0.040050 0.040023 0.020022 0.040005 0.020021 0.040018 0.040015 0.040006 0.020019 0.040015 0.040024 0.040030 0.040111 0.020021 0.040011 0.040008 0.040014 0.040011 0.040006 -9999.0 0.020013 0.040006 0.040009 0.040013 0.040014 0.020029 0.040011 0.040009 0.040008 0.040007 -9999.0 -9999.0 -9999.0 -9999.0 -9999.0 -9999.0 -9999.0
-9999.0 -9999.0 -9999.0 -9999.0 -9999.0 -9999.0 -9999.0 -9999.0 -9999.0 -9999.0 -9999.0 -9999.0 0.040053 0.040371 0.040094 0.040112 0.172686 0.229075 0.433004 0.388872 0.323446 0.055274 0.040644 0.040082 0.040021 0.040045 0.040064 0.040013 0.040009 0.020019 0.040009 0.040020 0.040015 0.040008 0.040007 0.040011 0.040047 0.040027 0.040659 0.040097 0.040107 0.020029 0.040113 0.040026 0.020020 0.040006 0.020017 0.040007 0.040017 0.040074 0.040251 0.040020 0.040025 0.040021 0.040014 0.040009 0.040007 -9999.0 -9999.0 -9999.0 -9999.0 -9999.0 -9999.0
-9999.0 -9999.0 -9999.0 -9999.0 -9999.0 -9999.0 -9999.0 -9999.0 -9999.0 -9999.0 -9999.0 0.040095 0.040020 0.040037 0.040096 0.048576 0.070501 0.346723 0.428844 0.218479 0.287085 0.289046 0.043113 0.040044 0.040050 0.040260 0.040109 0.040008 0.040008 0.020024 0.040046 0.040029 0.040033 0.040008 0.040005 0.040010 0.040011 0.040065 0.048357 0.040126 0.040065 0.042301 0.040045 0.020096 0.040035 0.040009 0.040011 0.020025 0.020029 0.040328 0.020032 0.040009 0.040008 0.020018 0.020016 0.020015 0.020019 -9999.0 -9999.0 -9999.0 -9999.0 -9999.0 -9999.0
-9999.0 -9999.0 -9999.0 -9999.0 -9999.0 -9999.0 -9999.0 -9999.0 -9999.0 -9999.0 0.040077 0.040207 0.040025 0.040026 0.040091 0.040185 0.040135 0.068911 0.102755 0.236858 0.481066 0.122437 0.040162 0.040053 0.042106 0.040063 0.040024 0.020026 0.040014 0.040025 0.040044 0.040042 0.040024 0.040008 0.020014 0.020021 0.040016 0.040046 0.046242 0.054850 0.056169 0.072252 0.134767 0.499242 0.040508 0.020025 0.040012 0.040065 0.040006 0.042328 0.020025 0.020018 0.020015 0.020014 0.020014 0.040008 0.040009 -9999.0 -9999.0 -9999.0 -9999.0 -9999.0 -9999.0
-9999.0 -9999.0 -9999.0 -9999.0 -9999.0 -9999.0 -9999.0 -9999.0 -9999.0 0.040011 0.040030 0.040042 0.040224 0.040104 0.040234 0.040547 0.040366 0.042195 0.170203 0.087425 0.436435 0.105140 0.077263 0.057390 0.049880 0.040054 0.040019 0.040025 0.040162 0.043538 0.051124 0.040046 0.020022 0.020015 0.020016 0.020020 0.040010 0.040026 0.040055 0.040345 0.043562 0.040585 0.040214 0.310914 0.411731 0.040508 0.040095 0.040064 0.040065 0.052613 0.040022 0.020019 0.020013 0.020013 0.020016 0.040006 0.040009 0.020020 0.020017 -9999.0 -9999.0 -9999.0 -9999.0
-9999.0 -9999.0 -9999.0 -9999.0 -9999.0 -9999.0 -9999.0 -9999.0 -9999.0 0.040008 0.040010 0.040024 0.040001 0.044449 0.040300 0.040100 0.040104 0.060699 0.138512 0.313955 0.353429 0.285160 0.182263 0.041612 0.040078 0.040040 0.040161 0.041884 0.060941 0.042293 0.040163 0.040035 0.040011 0.040007 0.040009 0.020020 0.020022 0.020027 0.040011 0.040033 0.040089 0.040026 0.040197 0.072650 0.354593 0.419817 0.444356 0.056800 0.044288 0.054044 0.040022 0.040007 0.020014 0.040004 0.020019 0.040006 0.040008 0.040013 0.020023 -9999.0 -9999.0 -9999.0 -9999.0
-9999.0 -9999.0 -9999.0 -9999.0 -9999.0 -9999.0 -9999.0 -9999.0 -9999.0 -9999.0 0.040009 0.040020 0.040986 0.040195 0.047245 0.040380 0.043388 0.406408 0.119568 0.282690 0.408519 0.199780 0.056856 0.041088 0.040049 0.040546 0.052271 0.123282 0.040150 0.040048 0.040037 0.040029 0.040011 0.040008 0.040013 0.040034 0.040025 0.040041 0.020022 0.040010 0.040009 0.040027 0.040001 0.040588 0.068359 0.073744 0.391118 0.447624 0.437529 0.051985 0.040039 0.040017 0.020016 0.020014 0.040004 0.040006 0.040009 0.040050 0.040049 0.041124 -9999.0 -9999.0 -9999.0
-9999.0 -9999.0 -9999.0 -9999.0 -9999.0 -9999.0 -9999.0 -9999.0 -9999.0 -9999.0 0.040008 0.040012 0.040024 0.041695 0.066946 0.076814 0.068394 0.192522 0.122651 0.080426 0.073534 0.202902 0.051046 0.040216 0.040503 0.060551 0.520000 0.071154 0.040063 0.040013 0.040010 0.040036 0.020028 0.040006 0.040010 0.040027 0.040051 0.040245 0.040022 0.040008 0.040011 0.020062 0.040024 0.040019 0.040044 0.040354 0.042725 0.068838 0.406510 0.520000 0.051613 0.040023 0.040010 0.020017 0.020013 0.020015 0.040006 0.040065 0.520000 0.520000 -9999.0 -9999.0 -9999.0
-9999.0 -9999.0 -9999.0 -9999.0 -9999.0 -9999.0 -9999.0 -9999.0 0.040019 0.040009 0.040007 0.040017 0.040025 0.040027 0.045924 0.403382 0.133007 0.277253 0.232206 0.075218 0.069114 0.081188 0.128833 0.125927 0.055049 0.442513 0.066109 0.040114 0.040030 0.040013 0.020015 0.040010 0.040010 0.040007 0.040011 0.040011 0.040076 0.040362 0.040026 0.020020 0.020025 0.040027 0.020032 0.020021 0.020030 0.040070 0.040029 0.040126 0.072613 0.520000 0.057236 0.040128 0.040015 0.040007 0.020015 0.040008 0.020021 0.040045 0.060207 0.520000 -9999.0 -9999.0 -9999.0
-9999.0 -9999.0 -9999.0 -9999.0 -9999.0 -9999.0 -9999.0 -9999.0 0.020044 0.040037 0.040015 0.040008 0.040011 0.040039 0.040117 0.072649 0.258301 0.207214 0.070556 0.074531 0.334479 0.293157 0.289844 0.258029 0.111069 0.327217 0.485979 0.040218 0.020031 0.040008 0.040007 0.020021 0.040010 0.020022 0.040015 0.040023 0.040001 0.040204 0.040112 0.040015 0.040010 0.040005 0.020023 0.040017 0.040057 0.040067 0.020030 0.040014 0.040179 0.429093 0.520000 0.040297 0.040017 0.040007 0.040011 0.020034 0.040061 0.042580 0.492776 0.520000 0.082461 -9999.0 -9999.0
-9999.0 -9999.0 -9999.0 -9999.0 -9999.0 -9999.0 -9999.0 -9999.0 0.040010 0.040043 0.040017 0.040011 0.040010 0.020034 0.040091 0.040113 0.078151 0.310664 0.070953 0.298707 0.073781 0.210777 0.261953 0.084229 0.308760 0.263158 0.197904 0.040067 0.020028 0.040010 0.020023 0.040028 0.040023 0.040026 0.040029 0.040083 0.046290 0.520000 0.056234 0.040082 0.040014 0.020024 0.040019 0.040040 0.040044 0.040018 0.020020 0.040011 0.040030 0.062390 0.444759 0.054460 0.040012 0.040018 0.040036 0.040093 0.153088 0.520000 0.425351 0.520000 0.401414 -9999.0 -9999.0
-9999.0 -9999.0 -9999.0 -9999.0 -9999.0 -9999.0 -9999.0 -9999.0 0.020018 0.040016 0.040034 0.020028 0.040009 0.040044 0.040347 0.138975 0.111984 0.074369 0.357265 0.069663 0.076630 0.076311 0.223409 0.091468 0.110009 0.325682 0.044111 0.040036 0.040024 0.040076 0.040066 0.040140 0.044403 0.040487 0.040201 0.040050 0.045651 0.271031 0.434636 0.041260 0.040023 0.040025 0.040025 0.020030 0.040013 0.020024 0.040015 0.020028 0.040011 0.040057 0.066196 0.468759 0.054195 0.040099 0.064290 0.520000 0.520000 0.520000 0.364891 0.409047 0.400664 0.340505 -9999.0
-9999.0 -9999.0 -9999.0 -9999.0 -9999.0 -9999.0 -9999.0 -9999.0 0.040005 0.040017 0.040038 0.040049 0.040138 0.044782 0.042730 0.520000 0.514898 0.278180 0.285544 0.210847 0.074662 0.096302 0.079400 0.080753 0.345639 0.073615 0.040080 0.040466 0.047301 0.045290 0.040741 0.053829 0.520000 0.117709 0.052865 0.098405 0.403451 0.219750 0.257931 0.505936 0.055909 0.052118 0.040458 0.046100 0.040059 0.040033 0.040141 0.040655 0.040117 0.051231 0.449627 0.306361 0.413649 0.438239 0.520000 0.520000 0.520000 0.497099 0.481447 0.404937 0.316895 0.352126 -9999.0
-9999.0 -9999.0 0.040011 0.040019 0.040019 0.040037 0.040021 0.040017 0.040008 0.040011 0.040054 0.040094 0.045590 0.040171 0.174378 0.520000 0.062254 0.040071 0.040153 0.077142 0.203901 0.167386 0.486073 0.070121 0.116162 0.208272 0.069551 0.080039 0.365947 0.094801 0.058632 0.214804 0.520000 0.350320 0.424400 0.252918 0.349020 0.139993 0.173704 0.253640 0.384002 0.431305 0.379025 0.450196 0.072426 0.051571 0.496883 0.413523 0.434676 0.397653 0.340079 0.304134 0.491361 0.520000 0.520000 0.520000 0.520000 0.464773 0.453035 0.354247 0.457623 0.363879 -9999.0
-9999.0 0.040107 0.040071 0.040057 0.040039 0.040024 0.040021 0.040015 0.040010 0.040008 0.040025 0.040107 0.133770 0.040331 0.049654 0.040351 0.040051 0.040032 0.040061 0.063820 0.203347 0.277538 0.520000 0.414463 0.143556 0.101544 0.247021 0.304349 0.367303 0.429264 0.288980 0.356329 0.520000 0.493879 0.329512 0.288062 0.259761 0.072899 0.317696 0.311301 0.302142 0.348774 0.374367 0.226792 0.217196 0.189537 0.384978 0.195301 0.306886 0.331002 0.383973 0.470761 0.520000 0.520000 0.520000 0.520000 0.505056 0.469598 0.508306 0.053695 0.274674 0.368907 -9999.0
-9999.0 0.040082 0.040010 0.040293 0.040146 0.040044 0.040026 0.040012 0.040007 0.040007 0.040019 0.040067 0.102296 0.050818 0.043419 0.040028 0.040015 0.040024 0.040221 0.088565 0.076652 0.432199 0.378580 0.520000 0.492349 0.284488 0.069864 0.075281 0.291068 0.093143 0.069244 0.071405 0.449580 0.440075 0.425880 0.323843 0.350128 0.298737 0.262289 0.209186 0.263856 0.321689 0.327791 0.070057 0.066922 0.068281 0.249693 0.326197 0.342719 0.373832 0.417788 0.384928 0.446630 0.520000 0.520000 0.047966 0.040440 0.046025 0.050386 0.041666 0.051954 -9999.0 -9999.0
-9999.0 0.040027 0.040202 0.043647 0.245171 0.040090 0.040166 0.040045 0.040031 0.040032 0.040055 0.056636 0.113813 0.040867 0.040053 0.040020 0.040013 0.040025 0.040047 0.050878 0.041850 0.049698 0.216848 0.446063 0.513888 0.388395 0.401773 0.399411 0.081329 0.281932 0.073671 0.072569 0.373723 0.391023 0.318981 0.241550 0.260435 0.274895 0.221615 0.199107 0.203140 0.312346 0.273602 0.070568 0.070618 0.316828 0.308287 0.386443 0.412013 0.321075 0.429902 0.041096 0.055447 0.040260 0.040932 0.040102 0.040099 0.040073 0.040079 -9999.0 -9999.0 -9999.0 -9999.0
