erum2020/resources/simulation/Vinschgau/output-maps/thetaliqL0005N0863.asc
ncols         63
nrows         48
xllcorner     598000.000000
yllcorner     5145000.000000
cellsize      1000.000000
NODATA_value  -9999.0
[rows 0 to 28 of 48, columns 0 to 62 of 63]
-9999.0 -9999.0 -9999.0 -9999.0 -9999.0 -9999.0 -9999.0 -9999.0 -9999.0 -9999.0 -9999.0 -9999.0 -9999.0 -9999.0 -9999.0 -9999.0 -9999.0 -9999.0 -9999.0 -9999.0 -9999.0 -9999.0 -9999.0 -9999.0 -9999.0 -9999.0 -9999.0 -9999.0 -9999.0 -9999.0 -9999.0 -9999.0 -9999.0 -9999.0 -9999.0 -9999.0 -9999.0 -9999.0 -9999.0 -9999.0 -9999.0 -9999.0 -9999.0 -9999.0 -9999.0 -9999.0 -9999.0 -9999.0 -9999.0 -9999.0 -9999.0 -9999.0 -9999.0 -9999.0 -9999.0 -9999.0 -9999.0 -9999.0 -9999.0 -9999.0 -9999.0 -9999.0 -9999.0
-9999.0 -9999.0 -9999.0 -9999.0 -9999.0 -9999.0 -9999.0 -9999.0 -9999.0 -9999.0 -9999.0 -9999.0 -9999.0 -9999.0 -9999.0 -9999.0 -9999.0 -9999.0 -9999.0 -9999.0 -9999.0 -9999.0 -9999.0 -9999.0 -9999.0 -9999.0 -9999.0 0.020024 0.040010 0.020028 0.040008 0.020024 0.020023 -9999.0 -9999.0 -9999.0 -9999.0 -9999.0 -9999.0 -9999.0 -9999.0 -9999.0 -9999.0 -9999.0 -9999.0 -9999.0 -9999.0 -9999.0 -9999.0 -9999.0 -9999.0 -9999.0 -9999.0 -9999.0 -9999.0 -9999.0 -9999.0 -9999.0 -9999.0 -9999.0 -9999.0 -9999.0 -9999.0
-9999.0 -9999.0 -9999.0 -9999.0 -9999.0 -9999.0 -9999.0 -9999.0 -9999.0 -9999.0 -9999.0 -9999.0 -9999.0 -9999.0 -9999.0 -9999.0 -9999.0 -9999.0 -9999.0 -9999.0 -9999.0 -9999.0 -9999.0 -9999.0 0.040014 0.040018 0.040029 0.040016 0.040016 0.040009 0.040007 -9999.0 -9999.0 -9999.0 -9999.0 -9999.0 -9999.0 -9999.0 -9999.0 -9999.0 -9999.0 -9999.0 -9999.0 -9999.0 -9999.0 -9999.0 -9999.0 -9999.0 -9999.0 -9999.0 -9999.0 -9999.0 -9999.0 -9999.0 -9999.0 -9999.0 -9999.0 -9999.0 -9999.0 -9999.0 -9999.0 -9999.0 -9999.0
-9999.0 -9999.0 -9999.0 -9999.0 -9999.0 -9999.0 -9999.0 -9999.0 -9999.0 -9999.0 -9999.0 -9999.0 -9999.0 -9999.0 -9999.0 -9999.0 -9999.0 -9999.0 -9999.0 -9999.0 -9999.0 -9999.0 -9999.0 0.040020 0.040042 0.237271 0.273055 0.157381 0.171115 0.040017 0.040008 0.040006 -9999.0 -9999.0 -9999.0 -9999.0 -9999.0 -9999.0 -9999.0 -9999.0 -9999.0 -9999.0 -9999.0 -9999.0 -9999.0 -9999.0 -9999.0 -9999.0 -9999.0 -9999.0 -9999.0 -9999.0 -9999.0 -9999.0 -9999.0 -9999.0 -9999.0 -9999.0 -9999.0 -9999.0 -9999.0 -9999.0 -9999.0
-9999.0 -9999.0 -9999.0 -9999.0 -9999.0 -9999.0 -9999.0 -9999.0 -9999.0 -9999.0 -9999.0 -9999.0 -9999.0 -9999.0 -9999.0 -9999.0 -9999.0 -9999.0 0.367579 0.040033 -9999.0 0.040029 0.040040 0.183669 0.297523 0.132634 0.334761 0.389847 0.423974 0.284803 0.040014 0.040008 0.020020 0.020015 -9999.0 -9999.0 -9999.0 -9999.0 -9999.0 -9999.0 -9999.0 -9999.0 -9999.0 -9999.0 -9999.0 -9999.0 -9999.0 -9999.0 -9999.0 -9999.0 -9999.0 -9999.0 -9999.0 -9999.0 -9999.0 -9999.0 -9999.0 -9999.0 -9999.0 -9999.0 -9999.0 -9999.0 -9999.0
-9999.0 -9999.0 -9999.0 -9999.0 -9999.0 -9999.0 -9999.0 -9999.0 -9999.0 -9999.0 -9999.0 -9999.0 -9999.0 -9999.0 -9999.0 -9999.0 -9999.0 0.140938 0.207178 0.022614 0.020042 0.214520 0.288675 0.279435 0.316579 0.341423 0.041609 0.047589 0.122168 0.383802 0.040048 0.040013 0.020028 0.020024 0.020018 0.020016 -9999.0 -9999.0 -9999.0 -9999.0 -9999.0 -9999.0 -9999.0 -9999.0 -9999.0 -9999.0 -9999.0 -9999.0 -9999.0 -9999.0 -9999.0 -9999.0 -9999.0 -9999.0 -9999.0 -9999.0 -9999.0 -9999.0 -9999.0 -9999.0 -9999.0 -9999.0 -9999.0
-9999.0 -9999.0 -9999.0 -9999.0 -9999.0 -9999.0 -9999.0 -9999.0 -9999.0 -9999.0 -9999.0 -9999.0 -9999.0 0.040052 0.332421 0.212613 0.127688 0.023528 0.145403 0.178320 0.281432 0.275658 0.266757 0.332064 0.361236 0.040041 0.020060 0.040090 0.040110 0.091030 0.040044 0.040012 0.040008 0.040006 0.020022 0.020015 -9999.0 -9999.0 -9999.0 -9999.0 -9999.0 -9999.0 -9999.0 -9999.0 -9999.0 -9999.0 -9999.0 -9999.0 -9999.0 -9999.0 -9999.0 -9999.0 -9999.0 -9999.0 -9999.0 -9999.0 -9999.0 -9999.0 -9999.0 -9999.0 -9999.0 -9999.0 -9999.0
-9999.0 -9999.0 -9999.0 -9999.0 -9999.0 -9999.0 -9999.0 -9999.0 -9999.0 -9999.0 -9999.0 -9999.0 -9999.0 0.042549 0.297869 0.194532 0.140667 0.341203 0.023444 0.218328 0.135879 0.327578 0.310814 0.350818 0.296092 0.053121 0.040010 0.020026 0.020022 0.040038 0.040061 0.040009 0.020021 0.020014 0.020018 -9999.0 -9999.0 -9999.0 -9999.0 -9999.0 -9999.0 -9999.0 -9999.0 -9999.0 -9999.0 -9999.0 -9999.0 -9999.0 -9999.0 -9999.0 -9999.0 -9999.0 -9999.0 -9999.0 -9999.0 -9999.0 -9999.0 -9999.0 -9999.0 -9999.0 -9999.0 -9999.0 -9999.0
-9999.0 -9999.0 -9999.0 -9999.0 -9999.0 -9999.0 -9999.0 -9999.0 -9999.0 -9999.0 -9999.0 -9999.0 -9999.0 0.271733 0.430000 0.247018 0.184099 0.151325 0.023327 0.140434 0.368742 0.022151 0.337522 0.251555 0.361921 0.250622 0.020033 0.020021 0.040006 0.020016 0.040007 0.020014 0.020013 0.020011 0.020015 -9999.0 -9999.0 -9999.0 -9999.0 -9999.0 -9999.0 -9999.0 -9999.0 -9999.0 -9999.0 -9999.0 -9999.0 -9999.0 -9999.0 -9999.0 -9999.0 -9999.0 -9999.0 -9999.0 -9999.0 -9999.0 -9999.0 -9999.0 -9999.0 -9999.0 -9999.0 -9999.0 -9999.0
-9999.0 -9999.0 -9999.0 -9999.0 -9999.0 -9999.0 -9999.0 -9999.0 -9999.0 -9999.0 -9999.0 -9999.0 0.240395 0.365684 0.317634 0.359886 0.296844 0.215824 0.311420 0.023153 0.279373 0.109807 0.021196 0.040890 0.040065 0.040010 0.040015 0.040007 0.040008 0.020020 0.040003 0.020020 0.040006 0.020014 -9999.0 -9999.0 -9999.0 -9999.0 -9999.0 -9999.0 -9999.0 -9999.0 -9999.0 -9999.0 -9999.0 -9999.0 -9999.0 -9999.0 -9999.0 -9999.0 -9999.0 -9999.0 -9999.0 -9999.0 -9999.0 -9999.0 -9999.0 -9999.0 -9999.0 -9999.0 -9999.0 -9999.0 -9999.0
-9999.0 -9999.0 -9999.0 -9999.0 -9999.0 -9999.0 -9999.0 -9999.0 -9999.0 -9999.0 -9999.0 0.040110 0.397566 0.430000 0.334287 0.045496 0.023673 0.236322 0.430000 0.113765 0.200107 0.371974 0.040034 0.040011 0.040210 0.040013 0.040007 0.040009 0.040009 0.020016 0.020019 0.040008 0.020022 0.020017 0.020019 0.020023 0.040007 0.040009 0.020031 -9999.0 -9999.0 -9999.0 0.020016 -9999.0 -9999.0 -9999.0 -9999.0 -9999.0 -9999.0 -9999.0 -9999.0 -9999.0 -9999.0 -9999.0 -9999.0 -9999.0 -9999.0 -9999.0 -9999.0 -9999.0 -9999.0 -9999.0 -9999.0
-9999.0 -9999.0 -9999.0 -9999.0 -9999.0 -9999.0 -9999.0 -9999.0 -9999.0 -9999.0 -9999.0 0.040047 0.363124 0.384460 0.293618 0.040059 0.235030 0.180434 0.333189 0.373046 0.395510 0.040468 0.040036 0.040019 0.040028 0.040009 0.040008 0.040013 0.020027 0.020017 0.040009 0.040010 0.040006 0.040005 0.040004 0.040009 0.040017 0.040017 0.040010 0.020017 0.020018 0.020017 0.040009 0.020020 -9999.0 -9999.0 -9999.0 0.040004 0.040004 0.020019 0.040005 0.020017 0.020016 0.040006 0.040007 0.020015 -9999.0 -9999.0 -9999.0 -9999.0 -9999.0 -9999.0 -9999.0
-9999.0 -9999.0 -9999.0 -9999.0 -9999.0 -9999.0 -9999.0 -9999.0 -9999.0 -9999.0 -9999.0 0.040024 0.040045 0.041841 0.045286 0.040385 0.387153 0.269940 0.352579 0.331666 0.329288 0.320259 0.040060 0.040015 0.040009 0.020025 0.040054 0.040013 0.020024 0.040005 0.020022 0.040011 0.040014 0.040006 0.020020 0.040015 0.040015 0.040019 0.040033 0.020022 0.040011 0.020024 0.040014 0.040010 0.040006 -9999.0 0.020014 0.040006 0.040008 0.040012 0.020038 0.020031 0.020031 0.040008 0.020026 0.040006 -9999.0 -9999.0 -9999.0 -9999.0 -9999.0 -9999.0 -9999.0
-9999.0 -9999.0 -9999.0 -9999.0 -9999.0 -9999.0 -9999.0 -9999.0 -9999.0 -9999.0 -9999.0 -9999.0 0.040057 0.040384 0.040140 0.040302 0.320804 0.244526 0.378579 0.354067 0.303036 0.301559 0.040911 0.040092 0.040015 0.040049 0.040027 0.020035 0.040008 0.020021 0.040008 0.040011 0.020038 0.040007 0.040006 0.040010 0.040038 0.040031 0.042170 0.020037 0.040021 0.020032 0.040039 0.040033 0.020022 0.040005 0.020018 0.040006 0.040015 0.040052 0.040686 0.040012 0.040020 0.040011 0.040008 0.040008 0.040006 -9999.0 -9999.0 -9999.0 -9999.0 -9999.0 -9999.0
-9999.0 -9999.0 -9999.0 -9999.0 -9999.0 -9999.0 -9999.0 -9999.0 -9999.0 -9999.0 -9999.0 0.040141 0.040017 0.020091 0.040235 0.066440 0.380669 0.317450 0.380049 0.253945 0.279994 0.344888 0.041289 0.040031 0.040054 0.040350 0.040160 0.040007 0.040007 0.020026 0.040047 0.040016 0.040019 0.040008 0.040005 0.040009 0.040010 0.040085 0.084334 0.040063 0.040081 0.047520 0.040114 0.020092 0.040045 0.040008 0.040010 0.020027 0.020032 0.020389 0.020033 0.040008 0.040006 0.020019 0.020016 0.020015 0.020020 -9999.0 -9999.0 -9999.0 -9999.0 -9999.0 -9999.0
-9999.0 -9999.0 -9999.0 -9999.0 -9999.0 -9999.0 -9999.0 -9999.0 -9999.0 -9999.0 0.040026 0.040341 0.040032 0.040032 0.040124 0.040155 0.040152 0.327521 0.196616 0.263300 0.409321 0.425138 0.040143 0.040097 0.163722 0.040045 0.040020 0.020027 0.020037 0.040021 0.040024 0.040024 0.040020 0.040008 0.020015 0.020022 0.040014 0.040038 0.048520 0.369919 0.374688 0.029787 0.104771 0.410850 0.042395 0.020027 0.040011 0.040059 0.040043 0.159139 0.020023 0.020019 0.020015 0.020014 0.020014 0.040007 0.040008 -9999.0 -9999.0 -9999.0 -9999.0 -9999.0 -9999.0
-9999.0 -9999.0 -9999.0 -9999.0 -9999.0 -9999.0 -9999.0 -9999.0 -9999.0 0.040010 0.040036 0.040032 0.040360 0.040150 0.040141 0.040716 0.041348 0.176500 0.216575 0.194033 0.385090 0.232773 0.271732 0.339632 0.377181 0.040045 0.040014 0.040024 0.040194 0.050145 0.379520 0.020077 0.020023 0.020015 0.020017 0.020022 0.040009 0.040024 0.040044 0.040617 0.042180 0.041467 0.040186 0.292122 0.357513 0.040340 0.040194 0.040068 0.040071 0.389460 0.020049 0.020020 0.020013 0.020014 0.020017 0.040005 0.040007 0.020021 0.020018 -9999.0 -9999.0 -9999.0 -9999.0
-9999.0 -9999.0 -9999.0 -9999.0 -9999.0 -9999.0 -9999.0 -9999.0 -9999.0 0.020024 0.040009 0.040019 0.040132 0.292726 0.040959 0.040112 0.040140 0.380181 0.203837 0.302883 0.331358 0.274531 0.398501 0.168561 0.040067 0.040042 0.040165 0.144723 0.387822 0.245342 0.040190 0.040029 0.040010 0.040006 0.040008 0.020022 0.020024 0.020030 0.040009 0.040028 0.040128 0.040021 0.040196 0.392023 0.328092 0.373408 0.390434 0.329965 0.234633 0.388013 0.020047 0.040006 0.020015 0.040004 0.020020 0.040005 0.040007 0.040010 0.020025 -9999.0 -9999.0 -9999.0 -9999.0
-9999.0 -9999.0 -9999.0 -9999.0 -9999.0 -9999.0 -9999.0 -9999.0 -9999.0 -9999.0 0.040008 0.040019 0.044215 0.040238 0.320586 0.041476 0.260394 0.369437 0.197882 0.280488 0.366826 0.209370 0.364101 0.043368 0.040052 0.042354 0.378999 0.416382 0.040274 0.040040 0.040031 0.040024 0.040009 0.040007 0.040013 0.040011 0.040031 0.040041 0.020024 0.040009 0.040008 0.040033 0.040070 0.040729 0.332300 0.353522 0.342487 0.401678 0.385883 0.363045 0.020070 0.020040 0.020017 0.020015 0.040004 0.040006 0.040010 0.040042 0.040030 0.043230 -9999.0 -9999.0 -9999.0
-9999.0 -9999.0 -9999.0 -9999.0 -9999.0 -9999.0 -9999.0 -9999.0 -9999.0 -9999.0 0.040008 0.040011 0.040029 0.044561 0.423062 0.283048 0.309999 0.234912 0.211439 0.153092 0.155440 0.228487 0.327920 0.040246 0.042349 0.393069 0.430000 0.221122 0.040053 0.040010 0.040009 0.040010 0.020027 0.040006 0.040009 0.040035 0.040042 0.040320 0.040019 0.040007 0.040010 0.020037 0.040029 0.040016 0.040073 0.020321 0.119704 0.330703 0.346491 0.430000 0.073864 0.040020 0.040009 0.020018 0.020014 0.020015 0.040006 0.040065 0.430000 0.430000 -9999.0 -9999.0 -9999.0
-9999.0 -9999.0 -9999.0 -9999.0 -9999.0 -9999.0 -9999.0 -9999.0 0.040015 0.040008 0.020024 0.040014 0.040014 0.040027 0.046013 0.360780 0.197210 0.268201 0.247414 0.129412 0.130938 0.175953 0.196137 0.227328 0.354238 0.392802 0.405383 0.040096 0.040024 0.040011 0.020015 0.040009 0.040009 0.040006 0.040010 0.040010 0.040127 0.040301 0.040021 0.020022 0.020027 0.040023 0.020033 0.020023 0.020033 0.040031 0.040024 0.040187 0.322745 0.430000 0.218165 0.020156 0.040012 0.040005 0.020016 0.020024 0.020022 0.040048 0.390131 0.430000 -9999.0 -9999.0 -9999.0
-9999.0 -9999.0 -9999.0 -9999.0 -9999.0 -9999.0 -9999.0 -9999.0 0.020036 0.040030 0.040013 0.040007 0.040010 0.040032 0.040084 0.358574 0.262832 0.233560 0.130142 0.129411 0.318099 0.287260 0.282928 0.278979 0.192213 0.307732 0.404864 0.040360 0.020028 0.040007 0.040006 0.020023 0.040010 0.020024 0.040013 0.040025 0.040244 0.040495 0.040128 0.040013 0.040009 0.020018 0.020025 0.040014 0.040023 0.040073 0.020030 0.040013 0.040214 0.371451 0.430000 0.040320 0.040014 0.040006 0.020032 0.020034 0.040054 0.133495 0.421392 0.430000 0.143453 -9999.0 -9999.0
-9999.0 -9999.0 -9999.0 -9999.0 -9999.0 -9999.0 -9999.0 -9999.0 0.040009 0.040016 0.040015 0.040010 0.040008 0.020035 0.040073 0.040099 0.273142 0.292067 0.144120 0.293775 0.127272 0.235588 0.264839 0.170405 0.296032 0.264549 0.376810 0.040056 0.020028 0.040009 0.020025 0.040028 0.040018 0.020053 0.040037 0.040037 0.051150 0.430000 0.077876 0.040061 0.040013 0.020026 0.040014 0.040016 0.040032 0.040014 0.020022 0.040009 0.040019 0.395197 0.384958 0.322756 0.040010 0.040011 0.040024 0.040067 0.423395 0.430000 0.372168 0.430000 0.358691 -9999.0 -9999.0
-9999.0 -9999.0 -9999.0 -9999.0 -9999.0 -9999.0 -9999.0 -9999.0 0.020019 0.040014 0.040082 0.020029 0.040010 0.040046 0.020317 0.380085 0.170144 0.157482 0.329972 0.133500 0.140609 0.144749 0.241441 0.172829 0.196675 0.304520 0.217756 0.040030 0.040030 0.040065 0.040064 0.040145 0.022404 0.040881 0.020269 0.040054 0.281749 0.266802 0.401248 0.044785 0.040018 0.040023 0.040021 0.020033 0.040010 0.020027 0.020038 0.020031 0.040010 0.040049 0.374706 0.403238 0.363811 0.040075 0.304349 0.430000 0.430000 0.430000 0.327606 0.363869 0.356984 0.316474 -9999.0
-9999.0 -9999.0 -9999.0 -9999.0 -9999.0 -9999.0 -9999.0 -9999.0 0.040005 0.040013 0.040031 0.040041 0.040191 0.044744 0.271183 0.430000 0.427468 0.271776 0.293135 0.235329 0.164953 0.173644 0.147532 0.144307 0.321130 0.278514 0.040065 0.042123 0.368571 0.041403 0.040488 0.257186 0.430000 0.404042 0.379871 0.375304 0.358581 0.239179 0.238803 0.425203 0.385041 0.100503 0.197009 0.024390 0.040058 0.040042 0.040166 0.041341 0.040135 0.364687 0.403530 0.289754 0.370091 0.390057 0.430000 0.430000 0.430000 0.413547 0.403276 0.359154 0.295408 0.324518 -9999.0
-9999.0 -9999.0 0.020032 0.040014 0.040011 0.040032 0.040012 0.040014 0.040007 0.040009 0.040057 0.040605 0.044337 0.045693 0.428450 0.430000 0.343202 0.040058 0.040173 0.342533 0.230593 0.228312 0.407114 0.118558 0.167147 0.230016 0.277717 0.307664 0.331361 0.411507 0.358865 0.349495 0.430000 0.316762 0.375782 0.255921 0.317363 0.204316 0.194434 0.237241 0.343571 0.381675 0.329795 0.393997 0.368104 0.375414 0.423065 0.364285 0.376648 0.357978 0.314921 0.293471 0.416495 0.430000 0.430000 0.430000 0.430000 0.397220 0.391966 0.321785 0.402835 0.333510 -9999.0
-9999.0 0.040154 0.040078 0.040063 0.040035 0.040014 0.040012 0.040012 0.040009 0.040007 0.040018 0.040090 0.049899 0.040924 0.428789 0.040319 0.040055 0.040021 0.040086 0.350883 0.230005 0.273093 0.430000 0.355275 0.191377 0.172044 0.247419 0.291332 0.332654 0.376993 0.273266 0.325659 0.419929 0.402213 0.302720 0.278281 0.249931 0.158697 0.296273 0.292490 0.280308 0.314453 0.332252 0.244102 0.237040 0.219763 0.347355 0.228882 0.287429 0.308317 0.349929 0.404324 0.430000 0.430000 0.430000 0.430000 0.420085 0.400181 0.430000 0.400213 0.374237 0.337154 -9999.0
-9999.0 0.040056 0.040094 0.040371 0.040511 0.040024 0.040022 0.040010 0.040007 0.020023 0.040014 0.040056 0.334891 0.429215 0.046610 0.040023 0.040013 0.040017 0.040364 0.061008 0.402005 0.373635 0.339666 0.430000 0.415581 0.282363 0.112053 0.123826 0.285484 0.188491 0.133802 0.151100 0.374923 0.371633 0.369153 0.301268 0.324623 0.291229 0.260610 0.231427 0.262713 0.299980 0.297541 0.160720 0.107466 0.137711 0.257000 0.306938 0.318620 0.340689 0.368582 0.345834 0.389574 0.430000 0.429583 0.136153 0.053228 0.057482 0.158147 0.044960 0.219278 -9999.0 -9999.0
-9999.0 0.020054 0.040141 0.040447 0.428608 0.040109 0.040664 0.040038 0.040020 0.040020 0.040059 0.193754 0.416433 0.045491 0.040044 0.040016 0.040011 0.040021 0.040040 0.050631 0.044122 0.330437 0.229528 0.427636 0.426053 0.352743 0.358738 0.356073 0.152629 0.279521 0.117739 0.107840 0.335424 0.343894 0.299961 0.251414 0.261299 0.277528 0.239027 0.228180 0.230806 0.302074 0.271370 0.103285 0.101836 0.300129 0.295798 0.345242 0.363458 0.303045 0.376765 0.102922 0.111180 0.040540 0.042676 0.040134 0.040129 0.040061 0.040103 -9999.0 -9999.0 -9999.0 -9999.0
