erum2020/resources/simulation/Vinschgau/output-maps/thetaiceL0003N0314.asc
ncols         63
nrows         48
xllcorner     598000.000000
yllcorner     5145000.000000
cellsize      1000.000000
NODATA_value  -9999.0
[rows 0 to 28 of 48, columns 0 to 62 of 63]
-9999.0 -9999.0 -9999.0 -9999.0 -9999.0 -9999.0 -9999.0 -9999.0 -9999.0 -9999.0 -9999.0 -9999.0 -9999.0 -9999.0 -9999.0 -9999.0 -9999.0 -9999.0 -9999.0 -9999.0 -9999.0 -9999.0 -9999.0 -9999.0 -9999.0 -9999.0 -9999.0 -9999.0 -9999.0 -9999.0 -9999.0 -9999.0 -9999.0 -9999.0 -9999.0 -9999.0 -9999.0 -9999.0 -9999.0 -9999.0 -9999.0 -9999.0 -9999.0 -9999.0 -9999.0 -9999.0 -9999.0 -9999.0 -9999.0 -9999.0 -9999.0 -9999.0 -9999.0 -9999.0 -9999.0 -9999.0 -9999.0 -9999.0 -9999.0 -9999.0 -9999.0 -9999.0 -9999.0
-9999.0 -9999.0 -9999.0 -9999.0 -9999.0 -9999.0 -9999.0 -9999.0 -9999.0 -9999.0 -9999.0 -9999.0 -9999.0 -9999.0 -9999.0 -9999.0 -9999.0 -9999.0 -9999.0 -9999.0 -9999.0 -9999.0 -9999.0 -9999.0 -9999.0 -9999.0 -9999.0 0.023401 0.173201 0.021317 0.212367 0.212684 0.223205 -9999.0 -9999.0 -9999.0 -9999.0 -9999.0 -9999.0 -9999.0 -9999.0 -9999.0 -9999.0 -9999.0 -9999.0 -9999.0 -9999.0 -9999.0 -9999.0 -9999.0 -9999.0 -9999.0 -9999.0 -9999.0 -9999.0 -9999.0 -9999.0 -9999.0 -9999.0 -9999.0 -9999.0 -9999.0 -9999.0
-9999.0 -9999.0 -9999.0 -9999.0 -9999.0 -9999.0 -9999.0 -9999.0 -9999.0 -9999.0 -9999.0 -9999.0 -9999.0 -9999.0 -9999.0 -9999.0 -9999.0 -9999.0 -9999.0 -9999.0 -9999.0 -9999.0 -9999.0 -9999.0 0.172741 0.204858 0.199721 0.317969 0.229681 0.258052 0.276287 -9999.0 -9999.0 -9999.0 -9999.0 -9999.0 -9999.0 -9999.0 -9999.0 -9999.0 -9999.0 -9999.0 -9999.0 -9999.0 -9999.0 -9999.0 -9999.0 -9999.0 -9999.0 -9999.0 -9999.0 -9999.0 -9999.0 -9999.0 -9999.0 -9999.0 -9999.0 -9999.0 -9999.0 -9999.0 -9999.0 -9999.0 -9999.0
-9999.0 -9999.0 -9999.0 -9999.0 -9999.0 -9999.0 -9999.0 -9999.0 -9999.0 -9999.0 -9999.0 -9999.0 -9999.0 -9999.0 -9999.0 -9999.0 -9999.0 -9999.0 -9999.0 -9999.0 -9999.0 -9999.0 -9999.0 0.239372 0.402679 0.479894 0.479894 0.479900 0.479961 0.333646 0.171323 0.118658 -9999.0 -9999.0 -9999.0 -9999.0 -9999.0 -9999.0 -9999.0 -9999.0 -9999.0 -9999.0 -9999.0 -9999.0 -9999.0 -9999.0 -9999.0 -9999.0 -9999.0 -9999.0 -9999.0 -9999.0 -9999.0 -9999.0 -9999.0 -9999.0 -9999.0 -9999.0 -9999.0 -9999.0 -9999.0 -9999.0 -9999.0
-9999.0 -9999.0 -9999.0 -9999.0 -9999.0 -9999.0 -9999.0 -9999.0 -9999.0 -9999.0 -9999.0 -9999.0 -9999.0 -9999.0 -9999.0 -9999.0 -9999.0 -9999.0 0.479379 0.472539 -9999.0 0.297813 0.270863 0.479910 0.478735 0.042752 0.464453 0.458810 0.242923 0.479628 0.362472 0.155681 0.019947 0.019323 -9999.0 -9999.0 -9999.0 -9999.0 -9999.0 -9999.0 -9999.0 -9999.0 -9999.0 -9999.0 -9999.0 -9999.0 -9999.0 -9999.0 -9999.0 -9999.0 -9999.0 -9999.0 -9999.0 -9999.0 -9999.0 -9999.0 -9999.0 -9999.0 -9999.0 -9999.0 -9999.0 -9999.0 -9999.0
-9999.0 -9999.0 -9999.0 -9999.0 -9999.0 -9999.0 -9999.0 -9999.0 -9999.0 -9999.0 -9999.0 -9999.0 -9999.0 -9999.0 -9999.0 -9999.0 -9999.0 0.479685 0.479889 0.075881 0.020520 0.445784 0.461673 0.479891 0.007464 0.438813 0.376814 0.332396 0.292918 0.453180 0.439099 0.364208 0.020227 0.019729 0.018598 0.018284 -9999.0 -9999.0 -9999.0 -9999.0 -9999.0 -9999.0 -9999.0 -9999.0 -9999.0 -9999.0 -9999.0 -9999.0 -9999.0 -9999.0 -9999.0 -9999.0 -9999.0 -9999.0 -9999.0 -9999.0 -9999.0 -9999.0 -9999.0 -9999.0 -9999.0 -9999.0 -9999.0
-9999.0 -9999.0 -9999.0 -9999.0 -9999.0 -9999.0 -9999.0 -9999.0 -9999.0 -9999.0 -9999.0 -9999.0 -9999.0 0.191334 0.479935 0.466527 0.453732 0.000000 0.479796 0.479974 0.474343 0.479618 0.477800 0.054766 0.479714 0.330796 0.017462 0.261960 0.249688 0.214992 0.381839 0.322176 0.272198 0.217683 0.018227 0.018261 -9999.0 -9999.0 -9999.0 -9999.0 -9999.0 -9999.0 -9999.0 -9999.0 -9999.0 -9999.0 -9999.0 -9999.0 -9999.0 -9999.0 -9999.0 -9999.0 -9999.0 -9999.0 -9999.0 -9999.0 -9999.0 -9999.0 -9999.0 -9999.0 -9999.0 -9999.0 -9999.0
-9999.0 -9999.0 -9999.0 -9999.0 -9999.0 -9999.0 -9999.0 -9999.0 -9999.0 -9999.0 -9999.0 -9999.0 -9999.0 0.479955 0.479928 0.458596 0.458060 0.246886 0.000000 0.461466 0.464108 0.479433 0.479983 0.447544 0.453654 0.252627 0.118531 0.018228 0.018275 0.271475 0.329097 0.253015 0.018232 0.018231 0.018224 -9999.0 -9999.0 -9999.0 -9999.0 -9999.0 -9999.0 -9999.0 -9999.0 -9999.0 -9999.0 -9999.0 -9999.0 -9999.0 -9999.0 -9999.0 -9999.0 -9999.0 -9999.0 -9999.0 -9999.0 -9999.0 -9999.0 -9999.0 -9999.0 -9999.0 -9999.0 -9999.0 -9999.0
-9999.0 -9999.0 -9999.0 -9999.0 -9999.0 -9999.0 -9999.0 -9999.0 -9999.0 -9999.0 -9999.0 -9999.0 -9999.0 0.479955 0.478862 0.479826 0.454694 0.458218 0.000000 0.451800 0.479984 0.009921 0.450135 0.353115 0.166542 0.465017 0.021789 0.018257 0.151768 0.018256 0.255349 0.018253 0.018268 0.018308 0.018277 -9999.0 -9999.0 -9999.0 -9999.0 -9999.0 -9999.0 -9999.0 -9999.0 -9999.0 -9999.0 -9999.0 -9999.0 -9999.0 -9999.0 -9999.0 -9999.0 -9999.0 -9999.0 -9999.0 -9999.0 -9999.0 -9999.0 -9999.0 -9999.0 -9999.0 -9999.0 -9999.0 -9999.0
-9999.0 -9999.0 -9999.0 -9999.0 -9999.0 -9999.0 -9999.0 -9999.0 -9999.0 -9999.0 -9999.0 -9999.0 0.479951 0.479937 0.479941 0.354748 0.455917 0.458782 0.000000 0.078002 0.479985 0.276597 0.205836 0.251939 0.318357 0.236288 0.254697 0.106266 0.284819 0.018242 0.248597 0.019700 0.153913 0.018276 -9999.0 -9999.0 -9999.0 -9999.0 -9999.0 -9999.0 -9999.0 -9999.0 -9999.0 -9999.0 -9999.0 -9999.0 -9999.0 -9999.0 -9999.0 -9999.0 -9999.0 -9999.0 -9999.0 -9999.0 -9999.0 -9999.0 -9999.0 -9999.0 -9999.0 -9999.0 -9999.0 -9999.0 -9999.0
-9999.0 -9999.0 -9999.0 -9999.0 -9999.0 -9999.0 -9999.0 -9999.0 -9999.0 -9999.0 -9999.0 0.245471 0.439653 0.479980 0.344965 0.171136 0.014680 0.451753 0.000000 0.095215 0.479967 0.479969 0.104736 0.244025 0.254440 0.378624 0.233873 0.140189 0.149338 0.018266 0.019300 0.339159 0.018342 0.018218 0.017298 0.015448 0.290424 0.473814 0.241366 -9999.0 -9999.0 -9999.0 0.018210 -9999.0 -9999.0 -9999.0 -9999.0 -9999.0 -9999.0 -9999.0 -9999.0 -9999.0 -9999.0 -9999.0 -9999.0 -9999.0 -9999.0 -9999.0 -9999.0 -9999.0 -9999.0 -9999.0 -9999.0
-9999.0 -9999.0 -9999.0 -9999.0 -9999.0 -9999.0 -9999.0 -9999.0 -9999.0 -9999.0 -9999.0 0.132713 0.311468 0.479976 0.479982 0.297025 0.479982 0.470618 0.000000 0.299055 0.460074 0.479983 0.116990 0.256906 0.262239 0.252035 0.178646 0.201263 0.019841 0.018234 0.331372 0.242526 0.160982 0.096763 0.112625 0.146289 0.000000 0.000000 0.000000 0.025902 0.012644 0.016940 0.332206 0.018207 -9999.0 -9999.0 -9999.0 0.248995 0.311115 0.021110 0.450790 0.023449 0.022848 0.475187 0.473676 0.020713 -9999.0 -9999.0 -9999.0 -9999.0 -9999.0 -9999.0 -9999.0
-9999.0 -9999.0 -9999.0 -9999.0 -9999.0 -9999.0 -9999.0 -9999.0 -9999.0 -9999.0 -9999.0 0.203652 0.227877 0.457889 0.191385 0.168263 0.479974 0.476170 0.255572 0.000000 0.479908 0.479984 0.432724 0.422923 0.257384 0.020578 0.396555 0.272717 0.018217 0.368124 0.018193 0.333893 0.357356 0.098968 0.017375 0.380483 0.479283 0.150533 0.000000 0.000000 0.293731 0.436417 0.451410 0.166500 0.107355 -9999.0 0.018312 0.193195 0.422449 0.478321 0.479713 0.082874 0.453009 0.443484 0.449819 0.470114 -9999.0 -9999.0 -9999.0 -9999.0 -9999.0 -9999.0 -9999.0
-9999.0 -9999.0 -9999.0 -9999.0 -9999.0 -9999.0 -9999.0 -9999.0 -9999.0 -9999.0 -9999.0 -9999.0 0.238168 0.252878 0.479904 0.462645 0.448273 0.455976 0.077081 0.000000 0.475090 0.479978 0.479947 0.450576 0.324817 0.400315 0.479973 0.232081 0.244899 0.019474 0.222738 0.437577 0.128434 0.106443 0.201027 0.106804 0.359282 0.478825 0.000000 0.000000 0.137010 0.000000 0.461067 0.468201 0.020386 0.145941 0.020066 0.175645 0.433243 0.440293 0.439768 0.458419 0.479582 0.477142 0.245790 0.277026 0.408981 -9999.0 -9999.0 -9999.0 -9999.0 -9999.0 -9999.0
-9999.0 -9999.0 -9999.0 -9999.0 -9999.0 -9999.0 -9999.0 -9999.0 -9999.0 -9999.0 -9999.0 0.421689 0.212989 0.334198 0.479971 0.479961 0.467672 0.458009 0.178118 0.455186 0.445347 0.479924 0.479947 0.412614 0.435349 0.479936 0.308978 0.255017 0.291116 0.021427 0.427561 0.420721 0.479986 0.093642 0.187850 0.100038 0.205951 0.331588 0.478875 0.000000 0.479276 0.477626 0.479725 0.033166 0.472794 0.114894 0.349630 0.054091 0.065188 0.479946 0.022777 0.265914 0.209423 0.022203 0.018260 0.018605 0.025913 -9999.0 -9999.0 -9999.0 -9999.0 -9999.0 -9999.0
-9999.0 -9999.0 -9999.0 -9999.0 -9999.0 -9999.0 -9999.0 -9999.0 -9999.0 -9999.0 0.209826 0.479898 0.456290 0.284040 0.479748 0.479957 0.434524 0.475923 0.453259 0.406019 0.166959 0.479903 0.479980 0.479926 0.479827 0.438014 0.268928 0.022289 0.479950 0.479953 0.469388 0.290590 0.144997 0.207979 0.018233 0.018383 0.440342 0.479605 0.479418 0.060071 0.304906 0.132078 0.120677 0.479842 0.476051 0.021843 0.329016 0.432050 0.472384 0.479859 0.021191 0.018439 0.018278 0.018564 0.018551 0.465161 0.465100 -9999.0 -9999.0 -9999.0 -9999.0 -9999.0 -9999.0
-9999.0 -9999.0 -9999.0 -9999.0 -9999.0 -9999.0 -9999.0 -9999.0 -9999.0 0.243037 0.124170 0.332698 0.479977 0.446239 0.479960 0.370559 0.272936 0.479960 0.479651 0.208016 0.090450 0.479909 0.479930 0.336640 0.451858 0.246743 0.412878 0.479954 0.476094 0.473703 0.478246 0.254361 0.018203 0.018244 0.018229 0.018168 0.259758 0.275065 0.223897 0.302353 0.479455 0.275430 0.267292 0.477363 0.479873 0.479747 0.159736 0.399520 0.431554 0.476523 0.453023 0.025084 0.018403 0.018397 0.022341 0.340781 0.454252 0.143261 0.041177 -9999.0 -9999.0 -9999.0 -9999.0
-9999.0 -9999.0 -9999.0 -9999.0 -9999.0 -9999.0 -9999.0 -9999.0 -9999.0 0.118316 0.219179 0.147924 0.000000 0.479968 0.479982 0.455988 0.479947 0.479520 0.477018 0.000000 0.000000 0.000000 0.478757 0.479979 0.284569 0.445864 0.479910 0.476239 0.325904 0.455451 0.345784 0.298162 0.255068 0.109635 0.190497 0.019192 0.018513 0.017426 0.208635 0.261174 0.257396 0.223804 0.459147 0.479915 0.466572 0.000000 0.002197 0.467893 0.479599 0.479950 0.268290 0.421539 0.018462 0.221105 0.018660 0.274415 0.463618 0.458806 0.132840 -9999.0 -9999.0 -9999.0 -9999.0
-9999.0 -9999.0 -9999.0 -9999.0 -9999.0 -9999.0 -9999.0 -9999.0 -9999.0 -9999.0 0.134965 0.162675 0.439201 0.471133 0.479814 0.479983 0.479963 0.473083 0.472210 0.000000 0.055736 0.479848 0.479923 0.479861 0.442740 0.479362 0.476192 0.005000 0.441458 0.225113 0.240530 0.329571 0.222696 0.252890 0.186760 0.479965 0.461999 0.452790 0.020222 0.227694 0.222734 0.207911 0.298842 0.312457 0.261821 0.453855 0.479946 0.479882 0.000000 0.478043 0.464864 0.362504 0.026989 0.018555 0.229907 0.243986 0.414910 0.478220 0.479195 0.477542 -9999.0 -9999.0 -9999.0
-9999.0 -9999.0 -9999.0 -9999.0 -9999.0 -9999.0 -9999.0 -9999.0 -9999.0 -9999.0 0.139086 0.139577 0.120599 0.479945 0.000000 0.479765 0.446417 0.477937 0.000000 0.000000 0.079254 0.474640 0.479933 0.479950 0.479893 0.477568 0.003716 0.445288 0.299148 0.207638 0.232890 0.103562 0.021003 0.250359 0.247281 0.249245 0.440514 0.428648 0.394980 0.227276 0.114006 0.021584 0.276541 0.228613 0.229970 0.404843 0.294226 0.383152 0.478611 0.001346 0.471093 0.416228 0.462153 0.028090 0.021001 0.026707 0.249727 0.449169 0.474674 0.008609 -9999.0 -9999.0 -9999.0
-9999.0 -9999.0 -9999.0 -9999.0 -9999.0 -9999.0 -9999.0 -9999.0 0.473201 0.479842 0.181028 0.121253 0.272879 0.260701 0.479956 0.420743 0.188541 0.000000 0.000000 0.000000 0.000000 0.001209 0.479414 0.479888 0.479486 0.341940 0.405501 0.345082 0.290799 0.217519 0.018241 0.220961 0.210034 0.254860 0.111205 0.251911 0.262013 0.421939 0.282683 0.021370 0.018234 0.223945 0.023481 0.018354 0.042398 0.479880 0.270187 0.479953 0.479939 0.000000 0.472979 0.479962 0.453394 0.332002 0.043825 0.448577 0.146036 0.479843 0.463788 0.053587 -9999.0 -9999.0 -9999.0
-9999.0 -9999.0 -9999.0 -9999.0 -9999.0 -9999.0 -9999.0 -9999.0 0.022551 0.465284 0.430330 0.213090 0.132725 0.477252 0.479821 0.466167 0.479817 0.469211 0.000000 0.000000 0.000000 0.000000 0.000000 0.000000 0.472465 0.002167 0.479909 0.440161 0.024341 0.122543 0.118092 0.021846 0.115131 0.020785 0.274098 0.376482 0.426670 0.467664 0.447929 0.364112 0.238106 0.072112 0.018432 0.450762 0.457043 0.287790 0.022712 0.241096 0.263175 0.479527 0.000963 0.479856 0.458326 0.449300 0.479882 0.069159 0.477020 0.477815 0.000000 0.000000 0.000000 -9999.0 -9999.0
-9999.0 -9999.0 -9999.0 -9999.0 -9999.0 -9999.0 -9999.0 -9999.0 0.259324 0.325062 0.479963 0.414394 0.451562 0.023098 0.479955 0.479907 0.479109 0.262609 0.000000 0.000000 0.000000 0.000000 0.000000 0.000000 0.000000 0.476394 0.477231 0.421993 0.021363 0.224445 0.022219 0.426298 0.465334 0.454049 0.434607 0.479914 0.348242 0.479949 0.323015 0.391655 0.152791 0.024702 0.414160 0.292756 0.272686 0.250109 0.027620 0.474210 0.231720 0.479922 0.000872 0.250537 0.474736 0.469260 0.476233 0.212744 0.006843 0.000000 0.000000 0.000000 0.000000 -9999.0 -9999.0
-9999.0 -9999.0 -9999.0 -9999.0 -9999.0 -9999.0 -9999.0 -9999.0 0.018234 0.447813 0.478439 0.017748 0.479811 0.479935 0.478351 0.476966 0.463070 0.000000 0.001274 0.000000 0.000000 0.000000 0.000000 0.000000 0.473820 0.479952 0.479839 0.434932 0.479948 0.479893 0.395449 0.463804 0.477392 0.479888 0.379637 0.456279 0.460405 0.478611 0.313703 0.409978 0.392924 0.458456 0.478580 0.072820 0.479481 0.037690 0.472310 0.086911 0.472481 0.479896 0.479900 0.000000 0.070722 0.370017 0.004762 0.000000 0.000000 0.000000 0.000000 0.000000 0.000000 0.475217 -9999.0
-9999.0 -9999.0 -9999.0 -9999.0 -9999.0 -9999.0 -9999.0 -9999.0 0.219110 0.448698 0.479887 0.479842 0.479713 0.477809 0.000000 0.003613 0.002751 0.479926 0.479978 0.479850 0.000000 0.000000 0.000000 0.000000 0.000000 0.478174 0.449987 0.479910 0.472009 0.477638 0.477853 0.479920 0.475258 0.479940 0.470029 0.450977 0.479711 0.418978 0.479693 0.394337 0.473869 0.466783 0.479771 0.456248 0.466035 0.479123 0.462150 0.469889 0.479620 0.477134 0.040387 0.463695 0.000000 0.000000 0.000000 0.000000 0.000000 0.000000 0.000000 0.000000 0.463662 0.479785 -9999.0
-9999.0 -9999.0 0.324379 0.409314 0.404402 0.464687 0.457501 0.435254 0.432303 0.182682 0.282882 0.473971 0.475104 0.065930 0.000000 0.000755 0.479980 0.332194 0.203231 0.479936 0.479472 0.000000 0.000000 0.000000 0.001292 0.479395 0.479817 0.479783 0.479521 0.239481 0.479960 0.479873 0.000000 0.479788 0.478096 0.479683 0.065607 0.002309 0.476548 0.479866 0.479178 0.478668 0.467495 0.477156 0.479926 0.479748 0.478156 0.474701 0.039694 0.000000 0.000000 0.000000 0.000000 0.000000 0.000000 0.000000 0.000000 0.000088 0.002665 0.464234 0.479870 0.479905 -9999.0
-9999.0 0.479954 0.479955 0.463531 0.356679 0.479904 0.302034 0.348463 0.307235 0.142309 0.284298 0.479871 0.478458 0.000000 0.000524 0.479953 0.196986 0.314374 0.406255 0.479795 0.478880 0.463602 0.000000 0.000000 0.000000 0.000000 0.000000 0.000000 0.001975 0.055155 0.183173 0.476590 0.097561 0.000000 0.001786 0.000000 0.000000 0.000000 0.000000 0.001044 0.002600 0.000000 0.002566 0.473346 0.479655 0.479490 0.004709 0.227181 0.000000 0.000000 0.000000 0.000000 0.000000 0.001164 0.001369 0.005827 0.472533 0.479466 0.479716 0.477855 0.420639 0.477750 -9999.0
-9999.0 0.438167 0.479938 0.479832 0.435087 0.479976 0.465243 0.463121 0.424844 0.217041 0.449260 0.479869 0.478851 0.000000 0.479966 0.308827 0.358412 0.330039 0.479606 0.479691 0.479522 0.470212 0.462243 0.002032 0.000000 0.000000 0.000000 0.000000 0.000000 0.113625 0.000000 0.000000 0.000000 0.000000 0.000000 0.000000 0.000000 0.000000 0.000000 0.000000 0.000000 0.000000 0.000000 0.000000 0.000000 0.000000 0.000000 0.000000 0.000000 0.000000 0.001451 0.465048 0.479155 0.463829 0.473160 0.479959 0.479964 0.449819 0.448669 0.437849 0.432026 -9999.0 -9999.0
-9999.0 0.126792 0.307618 0.469988 0.478235 0.407928 0.448424 0.479939 0.419923 0.455042 0.479897 0.479535 0.000000 0.269085 0.473797 0.431342 0.390584 0.290775 0.271171 0.479944 0.479956 0.479938 0.464059 0.000000 0.000000 0.000000 0.000000 0.000000 0.000000 0.000000 0.000000 0.000000 0.000000 0.000000 0.000000 0.000000 0.000000 0.000000 0.000000 0.000000 0.000000 0.000000 0.000000 0.000000 0.000000 0.000000 0.000000 0.000000 0.009247 0.464637 0.479960 0.432558 0.479893 0.479525 0.479626 0.451886 0.452706 0.448863 0.452686 -9999.0 -9999.0 -9999.0 -9999.0
