erum2020/resources/simulation/Vinschgau/output-maps/thetaliqL0004N0046.asc
ncols         63
nrows         48
xllcorner     598000.000000
yllcorner     5145000.000000
cellsize      1000.000000
NODATA_value  -9999.0
[rows 0 to 28 of 48, columns 0 to 62 of 63]
-9999.0 -9999.0 -9999.0 -9999.0 -9999.0 -9999.0 -9999.0 -9999.0 -9999.0 -9999.0 -9999.0 -9999.0 -9999.0 -9999.0 -9999.0 -9999.0 -9999.0 -9999.0 -9999.0 -9999.0 -9999.0 -9999.0 -9999.0 -9999.0 -9999.0 -9999.0 -9999.0 -9999.0 -9999.0 -9999.0 -9999.0 -9999.0 -9999.0 -9999.0 -9999.0 -9999.0 -9999.0 -9999.0 -9999.0 -9999.0 -9999.0 -9999.0 -9999.0 -9999.0 -9999.0 -9999.0 -9999.0 -9999.0 -9999.0 -9999.0 -9999.0 -9999.0 -9999.0 -9999.0 -9999.0 -9999.0 -9999.0 -9999.0 -9999.0 -9999.0 -9999.0 -9999.0 -9999.0
-9999.0 -9999.0 -9999.0 -9999.0 -9999.0 -9999.0 -9999.0 -9999.0 -9999.0 -9999.0 -9999.0 -9999.0 -9999.0 -9999.0 -9999.0 -9999.0 -9999.0 -9999.0 -9999.0 -9999.0 -9999.0 -9999.0 -9999.0 -9999.0 -9999.0 -9999.0 -9999.0 0.020167 0.040136 0.020097 0.040757 0.040172 0.040144 -9999.0 -9999.0 -9999.0 -9999.0 -9999.0 -9999.0 -9999.0 -9999.0 -9999.0 -9999.0 -9999.0 -9999.0 -9999.0 -9999.0 -9999.0 -9999.0 -9999.0 -9999.0 -9999.0 -9999.0 -9999.0 -9999.0 -9999.0 -9999.0 -9999.0 -9999.0 -9999.0 -9999.0 -9999.0 -9999.0
-9999.0 -9999.0 -9999.0 -9999.0 -9999.0 -9999.0 -9999.0 -9999.0 -9999.0 -9999.0 -9999.0 -9999.0 -9999.0 -9999.0 -9999.0 -9999.0 -9999.0 -9999.0 -9999.0 -9999.0 -9999.0 -9999.0 -9999.0 -9999.0 0.042783 0.041539 0.040140 0.040932 0.040427 0.040092 0.051957 -9999.0 -9999.0 -9999.0 -9999.0 -9999.0 -9999.0 -9999.0 -9999.0 -9999.0 -9999.0 -9999.0 -9999.0 -9999.0 -9999.0 -9999.0 -9999.0 -9999.0 -9999.0 -9999.0 -9999.0 -9999.0 -9999.0 -9999.0 -9999.0 -9999.0 -9999.0 -9999.0 -9999.0 -9999.0 -9999.0 -9999.0 -9999.0
-9999.0 -9999.0 -9999.0 -9999.0 -9999.0 -9999.0 -9999.0 -9999.0 -9999.0 -9999.0 -9999.0 -9999.0 -9999.0 -9999.0 -9999.0 -9999.0 -9999.0 -9999.0 -9999.0 -9999.0 -9999.0 -9999.0 -9999.0 0.041082 0.240302 0.435261 0.478360 0.402822 0.517083 0.040080 0.040079 0.041039 -9999.0 -9999.0 -9999.0 -9999.0 -9999.0 -9999.0 -9999.0 -9999.0 -9999.0 -9999.0 -9999.0 -9999.0 -9999.0 -9999.0 -9999.0 -9999.0 -9999.0 -9999.0 -9999.0 -9999.0 -9999.0 -9999.0 -9999.0 -9999.0 -9999.0 -9999.0 -9999.0 -9999.0 -9999.0 -9999.0 -9999.0
-9999.0 -9999.0 -9999.0 -9999.0 -9999.0 -9999.0 -9999.0 -9999.0 -9999.0 -9999.0 -9999.0 -9999.0 -9999.0 -9999.0 -9999.0 -9999.0 -9999.0 -9999.0 0.426720 0.396238 -9999.0 0.041492 0.210525 0.469483 0.423464 0.421202 0.043767 0.044628 0.368886 0.381549 0.040029 0.040099 0.020070 0.020066 -9999.0 -9999.0 -9999.0 -9999.0 -9999.0 -9999.0 -9999.0 -9999.0 -9999.0 -9999.0 -9999.0 -9999.0 -9999.0 -9999.0 -9999.0 -9999.0 -9999.0 -9999.0 -9999.0 -9999.0 -9999.0 -9999.0 -9999.0 -9999.0 -9999.0 -9999.0 -9999.0 -9999.0 -9999.0
-9999.0 -9999.0 -9999.0 -9999.0 -9999.0 -9999.0 -9999.0 -9999.0 -9999.0 -9999.0 -9999.0 -9999.0 -9999.0 -9999.0 -9999.0 -9999.0 -9999.0 0.300130 0.338585 0.020073 0.031964 0.131860 0.406576 0.394938 0.431707 0.040049 0.040369 0.079209 0.040463 0.041820 0.312727 0.040075 0.020143 0.020064 0.020134 0.020158 -9999.0 -9999.0 -9999.0 -9999.0 -9999.0 -9999.0 -9999.0 -9999.0 -9999.0 -9999.0 -9999.0 -9999.0 -9999.0 -9999.0 -9999.0 -9999.0 -9999.0 -9999.0 -9999.0 -9999.0 -9999.0 -9999.0 -9999.0 -9999.0 -9999.0 -9999.0 -9999.0
-9999.0 -9999.0 -9999.0 -9999.0 -9999.0 -9999.0 -9999.0 -9999.0 -9999.0 -9999.0 -9999.0 -9999.0 -9999.0 0.040436 0.411045 0.337356 0.313789 0.047887 0.309263 0.331399 0.384309 0.378837 0.329140 0.431478 0.095943 0.040256 0.020186 0.040297 0.040240 0.041647 0.044079 0.040177 0.040173 0.040100 0.020149 0.020130 -9999.0 -9999.0 -9999.0 -9999.0 -9999.0 -9999.0 -9999.0 -9999.0 -9999.0 -9999.0 -9999.0 -9999.0 -9999.0 -9999.0 -9999.0 -9999.0 -9999.0 -9999.0 -9999.0 -9999.0 -9999.0 -9999.0 -9999.0 -9999.0 -9999.0 -9999.0 -9999.0
-9999.0 -9999.0 -9999.0 -9999.0 -9999.0 -9999.0 -9999.0 -9999.0 -9999.0 -9999.0 -9999.0 -9999.0 -9999.0 0.407191 0.404863 0.323469 0.321350 0.431688 0.048306 0.353854 0.326228 0.421692 0.352804 0.360764 0.307906 0.040241 0.040112 0.020188 0.020179 0.040135 0.040918 0.040115 0.020136 0.020114 0.020118 -9999.0 -9999.0 -9999.0 -9999.0 -9999.0 -9999.0 -9999.0 -9999.0 -9999.0 -9999.0 -9999.0 -9999.0 -9999.0 -9999.0 -9999.0 -9999.0 -9999.0 -9999.0 -9999.0 -9999.0 -9999.0 -9999.0 -9999.0 -9999.0 -9999.0 -9999.0 -9999.0 -9999.0
-9999.0 -9999.0 -9999.0 -9999.0 -9999.0 -9999.0 -9999.0 -9999.0 -9999.0 -9999.0 -9999.0 -9999.0 -9999.0 0.394446 0.406188 0.367738 0.330529 0.326459 0.049416 0.342329 0.426569 0.020273 0.212047 0.050047 0.055109 0.158883 0.020107 0.020185 0.040108 0.020149 0.040112 0.020129 0.020127 0.020105 0.020102 -9999.0 -9999.0 -9999.0 -9999.0 -9999.0 -9999.0 -9999.0 -9999.0 -9999.0 -9999.0 -9999.0 -9999.0 -9999.0 -9999.0 -9999.0 -9999.0 -9999.0 -9999.0 -9999.0 -9999.0 -9999.0 -9999.0 -9999.0 -9999.0 -9999.0 -9999.0 -9999.0 -9999.0
-9999.0 -9999.0 -9999.0 -9999.0 -9999.0 -9999.0 -9999.0 -9999.0 -9999.0 -9999.0 -9999.0 -9999.0 0.376243 0.400298 0.416162 0.040080 0.391514 0.326107 0.455410 0.026202 0.345349 0.040637 0.040343 0.043232 0.041541 0.040135 0.063997 0.040214 0.040102 0.020156 0.040105 0.020079 0.040041 0.020137 -9999.0 -9999.0 -9999.0 -9999.0 -9999.0 -9999.0 -9999.0 -9999.0 -9999.0 -9999.0 -9999.0 -9999.0 -9999.0 -9999.0 -9999.0 -9999.0 -9999.0 -9999.0 -9999.0 -9999.0 -9999.0 -9999.0 -9999.0 -9999.0 -9999.0 -9999.0 -9999.0 -9999.0 -9999.0
-9999.0 -9999.0 -9999.0 -9999.0 -9999.0 -9999.0 -9999.0 -9999.0 -9999.0 -9999.0 -9999.0 0.046710 0.298159 0.407065 0.040096 0.040484 0.020262 0.339524 0.444502 0.026586 0.305763 0.377967 0.040189 0.040620 0.040392 0.046152 0.040120 0.040155 0.040426 0.020135 0.020112 0.158024 0.020088 0.020086 0.020057 0.020047 0.040016 0.243651 0.380853 -9999.0 -9999.0 -9999.0 0.020072 -9999.0 -9999.0 -9999.0 -9999.0 -9999.0 -9999.0 -9999.0 -9999.0 -9999.0 -9999.0 -9999.0 -9999.0 -9999.0 -9999.0 -9999.0 -9999.0 -9999.0 -9999.0 -9999.0 -9999.0
-9999.0 -9999.0 -9999.0 -9999.0 -9999.0 -9999.0 -9999.0 -9999.0 -9999.0 -9999.0 -9999.0 0.040870 0.041689 0.447525 0.404856 0.051722 0.373775 0.305029 0.435954 0.400514 0.420884 0.488412 0.040858 0.040148 0.040196 0.040440 0.040101 0.040122 0.020169 0.020431 0.040052 0.040047 0.040028 0.040056 0.040027 0.040014 0.336401 0.276251 0.244134 0.020028 0.020037 0.020050 0.040412 0.020097 -9999.0 -9999.0 -9999.0 0.114930 0.099997 0.027972 0.139576 0.029187 0.030125 0.321869 0.338225 0.029975 -9999.0 -9999.0 -9999.0 -9999.0 -9999.0 -9999.0 -9999.0
-9999.0 -9999.0 -9999.0 -9999.0 -9999.0 -9999.0 -9999.0 -9999.0 -9999.0 -9999.0 -9999.0 0.041140 0.051661 0.040699 0.040603 0.040099 0.457930 0.335732 0.393720 0.414883 0.330255 0.383712 0.351826 0.073972 0.040175 0.020073 0.254657 0.040145 0.020925 0.040242 0.020307 0.040057 0.220012 0.040037 0.020061 0.218643 0.143977 0.079052 0.184697 0.020072 0.307616 0.123368 0.271475 0.040035 0.040136 -9999.0 0.025669 0.090438 0.173706 0.326206 0.437943 0.020348 0.519202 0.520000 0.520000 0.362443 -9999.0 -9999.0 -9999.0 -9999.0 -9999.0 -9999.0 -9999.0
-9999.0 -9999.0 -9999.0 -9999.0 -9999.0 -9999.0 -9999.0 -9999.0 -9999.0 -9999.0 -9999.0 -9999.0 0.050026 0.040662 0.383398 0.319970 0.365893 0.352195 0.424497 0.432260 0.331624 0.375149 0.427220 0.340568 0.040070 0.276802 0.454242 0.041141 0.040338 0.020101 0.040087 0.040027 0.040043 0.040039 0.040055 0.040021 0.040013 0.150535 0.185732 0.149089 0.283507 0.020112 0.389043 0.380701 0.020073 0.040510 0.020339 0.079979 0.060166 0.040158 0.206819 0.073761 0.077711 0.069232 0.047357 0.043155 0.189863 -9999.0 -9999.0 -9999.0 -9999.0 -9999.0 -9999.0
-9999.0 -9999.0 -9999.0 -9999.0 -9999.0 -9999.0 -9999.0 -9999.0 -9999.0 -9999.0 -9999.0 0.216713 0.051155 0.040656 0.466531 0.464577 0.408814 0.358086 0.434210 0.352701 0.327668 0.337313 0.430529 0.269468 0.342252 0.406227 0.040719 0.040393 0.040100 0.020076 0.211093 0.202299 0.368191 0.040048 0.040050 0.040030 0.040023 0.041011 0.265605 0.244414 0.249973 0.333739 0.367867 0.020083 0.520000 0.041071 0.101805 0.020191 0.020674 0.069529 0.021627 0.040254 0.040717 0.020229 0.020270 0.020212 0.032287 -9999.0 -9999.0 -9999.0 -9999.0 -9999.0 -9999.0
-9999.0 -9999.0 -9999.0 -9999.0 -9999.0 -9999.0 -9999.0 -9999.0 -9999.0 -9999.0 0.043441 0.285295 0.408250 0.040169 0.417660 0.420867 0.200902 0.346168 0.330953 0.335208 0.408197 0.419053 0.329311 0.386031 0.368541 0.200970 0.040360 0.020081 0.517028 0.478324 0.400352 0.040492 0.040572 0.040095 0.020091 0.020065 0.132607 0.040066 0.110361 0.246443 0.278505 0.042091 0.041579 0.351930 0.427970 0.020086 0.125475 0.260619 0.409477 0.386167 0.020506 0.020254 0.020213 0.020206 0.020235 0.403034 0.390605 -9999.0 -9999.0 -9999.0 -9999.0 -9999.0 -9999.0
-9999.0 -9999.0 -9999.0 -9999.0 -9999.0 -9999.0 -9999.0 -9999.0 -9999.0 0.049371 0.042133 0.044172 0.420443 0.279606 0.456886 0.040523 0.040468 0.416986 0.333314 0.336597 0.402752 0.307902 0.322589 0.354120 0.210655 0.040165 0.268896 0.471714 0.446143 0.390148 0.387277 0.040089 0.020142 0.020130 0.020079 0.020089 0.040062 0.040030 0.040043 0.040024 0.273417 0.040178 0.040119 0.321092 0.350056 0.422282 0.520000 0.169021 0.040220 0.497194 0.041500 0.029432 0.020194 0.022029 0.028557 0.070251 0.146475 0.062551 0.038968 -9999.0 -9999.0 -9999.0 -9999.0
-9999.0 -9999.0 -9999.0 -9999.0 -9999.0 -9999.0 -9999.0 -9999.0 -9999.0 0.040411 0.052923 0.040411 0.430489 0.387224 0.363396 0.287894 0.400877 0.363885 0.330303 0.404496 0.405236 0.393477 0.417643 0.421148 0.040225 0.375773 0.373500 0.382719 0.428049 0.043582 0.040517 0.040029 0.041384 0.040151 0.040049 0.020099 0.020055 0.020058 0.040083 0.040151 0.040455 0.040135 0.357034 0.373037 0.377046 0.430075 0.408066 0.520000 0.518645 0.427590 0.048332 0.059442 0.025802 0.045522 0.020246 0.063959 0.096679 0.160086 0.050019 -9999.0 -9999.0 -9999.0 -9999.0
-9999.0 -9999.0 -9999.0 -9999.0 -9999.0 -9999.0 -9999.0 -9999.0 -9999.0 -9999.0 0.041932 0.040296 0.218110 0.378215 0.368391 0.379891 0.372270 0.379838 0.324980 0.406731 0.409817 0.299982 0.364945 0.403700 0.327418 0.376540 0.398118 0.422994 0.044217 0.041099 0.040356 0.041123 0.040149 0.040197 0.040102 0.383291 0.370354 0.360228 0.020068 0.040140 0.040119 0.041541 0.042248 0.069953 0.040204 0.141011 0.416206 0.465932 0.520000 0.520000 0.040560 0.044605 0.031179 0.027011 0.041990 0.040388 0.055614 0.519642 0.520000 0.383350 -9999.0 -9999.0 -9999.0
-9999.0 -9999.0 -9999.0 -9999.0 -9999.0 -9999.0 -9999.0 -9999.0 -9999.0 -9999.0 0.041676 0.040819 0.046293 0.415370 0.433745 0.362762 0.346530 0.341979 0.316942 0.397620 0.302550 0.301333 0.321667 0.324967 0.356142 0.408699 0.383540 0.434727 0.041089 0.040135 0.040164 0.066378 0.020092 0.040175 0.040155 0.040196 0.280873 0.058608 0.040048 0.040453 0.042755 0.020310 0.042747 0.040222 0.056814 0.090062 0.091231 0.040777 0.520000 0.520000 0.520000 0.058671 0.082037 0.033113 0.029647 0.035712 0.040263 0.150979 0.520000 0.519973 -9999.0 -9999.0 -9999.0
-9999.0 -9999.0 -9999.0 -9999.0 -9999.0 -9999.0 -9999.0 -9999.0 0.340070 0.267087 0.040071 0.045852 0.041592 0.040758 0.377011 0.383384 0.372645 0.412511 0.390979 0.369728 0.280477 0.255053 0.237926 0.281896 0.327070 0.347861 0.451640 0.053099 0.050846 0.040890 0.020148 0.040216 0.050284 0.050707 0.056446 0.040129 0.091694 0.191489 0.040068 0.020243 0.025228 0.040481 0.020202 0.020182 0.020482 0.199000 0.040350 0.138539 0.477791 0.485092 0.520000 0.353028 0.090831 0.066985 0.039004 0.520000 0.074529 0.401930 0.520000 0.499200 -9999.0 -9999.0 -9999.0
-9999.0 -9999.0 -9999.0 -9999.0 -9999.0 -9999.0 -9999.0 -9999.0 0.020286 0.238649 0.040124 0.045192 0.051119 0.236310 0.300826 0.361118 0.363093 0.352261 0.302799 0.381722 0.364703 0.308836 0.313840 0.303175 0.234609 0.307508 0.406986 0.184794 0.020342 0.040558 0.041407 0.020088 0.057777 0.020331 0.117720 0.109258 0.267088 0.403598 0.040149 0.110846 0.040292 0.020160 0.020262 0.181090 0.114738 0.071845 0.020516 0.040891 0.067977 0.450409 0.520000 0.283196 0.089536 0.495795 0.325967 0.032063 0.308318 0.520000 0.520000 0.508220 0.486849 -9999.0 -9999.0
-9999.0 -9999.0 -9999.0 -9999.0 -9999.0 -9999.0 -9999.0 -9999.0 0.047450 0.041140 0.242058 0.040077 0.072864 0.020767 0.351086 0.299803 0.319974 0.377400 0.306045 0.403920 0.375095 0.328709 0.308071 0.300501 0.367719 0.302202 0.436891 0.211282 0.020080 0.040120 0.020110 0.259791 0.040098 0.040061 0.183342 0.456631 0.056529 0.496951 0.040169 0.044708 0.059533 0.027669 0.148700 0.045203 0.046761 0.043176 0.030799 0.269374 0.064169 0.520000 0.498865 0.520000 0.056119 0.044866 0.520000 0.520000 0.520000 0.520000 0.516475 0.483182 0.487219 -9999.0 -9999.0
-9999.0 -9999.0 -9999.0 -9999.0 -9999.0 -9999.0 -9999.0 -9999.0 0.020313 0.040265 0.445887 0.020160 0.343048 0.364635 0.451719 0.343582 0.326362 0.371754 0.433970 0.303998 0.356291 0.444106 0.466084 0.422571 0.366232 0.381119 0.397834 0.278032 0.420218 0.478405 0.159879 0.077421 0.518176 0.424057 0.040222 0.166426 0.102640 0.481440 0.040043 0.040291 0.131497 0.223164 0.276628 0.020179 0.194197 0.038814 0.516176 0.023461 0.361262 0.051538 0.465152 0.520000 0.520000 0.486289 0.520000 0.520000 0.520000 0.520000 0.520000 0.520000 0.498361 0.506978 -9999.0
-9999.0 -9999.0 -9999.0 -9999.0 -9999.0 -9999.0 -9999.0 -9999.0 0.040482 0.043358 0.511644 0.413397 0.428745 0.363615 0.424645 0.414192 0.454496 0.360115 0.365582 0.341469 0.319266 0.459327 0.471276 0.423205 0.442805 0.359509 0.318658 0.373382 0.392848 0.440110 0.348418 0.475914 0.520000 0.434367 0.070598 0.068640 0.347129 0.446867 0.520000 0.097373 0.040056 0.042334 0.374658 0.285149 0.040177 0.257606 0.093318 0.516213 0.373725 0.520000 0.520000 0.420832 0.498641 0.517988 0.520000 0.520000 0.520000 0.520000 0.476073 0.520000 0.520000 0.514420 -9999.0
-9999.0 -9999.0 0.040114 0.041901 0.041288 0.068342 0.190682 0.040480 0.040847 0.048165 0.068850 0.424879 0.381229 0.430534 0.470325 0.450659 0.386957 0.042958 0.044071 0.376741 0.342879 0.314605 0.520000 0.520000 0.406977 0.347037 0.362070 0.375150 0.318546 0.419201 0.376725 0.372730 0.415849 0.376655 0.449628 0.451192 0.470954 0.386355 0.520000 0.519734 0.386919 0.520000 0.520000 0.491979 0.394285 0.505961 0.520000 0.478616 0.520000 0.432961 0.422757 0.423655 0.428043 0.450334 0.520000 0.520000 0.442638 0.471463 0.520000 0.520000 0.519586 0.519143 -9999.0
-9999.0 0.369519 0.363866 0.275552 0.190170 0.364201 0.041842 0.041457 0.041042 0.041611 0.041933 0.398802 0.428129 0.485154 0.488001 0.432578 0.044198 0.041301 0.212568 0.378582 0.350665 0.338819 0.520000 0.496972 0.400961 0.377466 0.391920 0.387479 0.350031 0.373956 0.366798 0.378051 0.374299 0.386351 0.365003 0.383348 0.383596 0.383614 0.386123 0.417327 0.431185 0.391703 0.381545 0.382914 0.357989 0.385816 0.387697 0.326343 0.364603 0.520000 0.520000 0.472700 0.434265 0.456793 0.465704 0.508772 0.490771 0.519669 0.441041 0.482838 0.519723 0.519997 -9999.0
-9999.0 0.055241 0.428620 0.428085 0.419937 0.416440 0.361595 0.066484 0.040690 0.040058 0.050718 0.390832 0.429547 0.495700 0.488829 0.042819 0.063684 0.040167 0.452095 0.364794 0.454949 0.375091 0.358936 0.520000 0.509209 0.475175 0.415200 0.422803 0.422738 0.286751 0.287467 0.301052 0.347383 0.355381 0.380692 0.360339 0.383301 0.380004 0.364006 0.353949 0.338774 0.336798 0.339812 0.310915 0.299521 0.298959 0.352428 0.405566 0.520000 0.520000 0.422204 0.468618 0.508414 0.519937 0.520000 0.406061 0.520000 0.234249 0.254009 0.260518 0.294750 -9999.0 -9999.0
-9999.0 0.054253 0.053420 0.422630 0.390443 0.430609 0.425218 0.414202 0.168667 0.193124 0.435726 0.399999 0.469778 0.457990 0.430442 0.041114 0.077547 0.046044 0.040420 0.450928 0.406997 0.397266 0.404861 0.520000 0.492416 0.457635 0.444555 0.434694 0.426775 0.421070 0.403089 0.356104 0.361424 0.357548 0.362864 0.377407 0.382918 0.409042 0.520000 0.444024 0.412321 0.425367 0.391005 0.384987 0.358738 0.365784 0.381752 0.389936 0.463270 0.385878 0.483078 0.172673 0.139285 0.309705 0.148332 0.139308 0.112257 0.132796 0.148669 -9999.0 -9999.0 -9999.0 -9999.0
