erum2020/resources/simulation/Vinschgau/output-maps/thetaiceL0007N0133.asc
ncols         63
nrows         48
xllcorner     598000.000000
yllcorner     5145000.000000
cellsize      1000.000000
NODATA_value  -9999.0
[rows 0 to 28 of 48, columns 0 to 62 of 63]
-9999.0 -9999.0 -9999.0 -9999.0 -9999.0 -9999.0 -9999.0 -9999.0 -9999.0 -9999.0 -9999.0 -9999.0 -9999.0 -9999.0 -9999.0 -9999.0 -9999.0 -9999.0 -9999.0 -9999.0 -9999.0 -9999.0 -9999.0 -9999.0 -9999.0 -9999.0 -9999.0 -9999.0 -9999.0 -9999.0 -9999.0 -9999.0 -9999.0 -9999.0 -9999.0 -9999.0 -9999.0 -9999.0 -9999.0 -9999.0 -9999.0 -9999.0 -9999.0 -9999.0 -9999.0 -9999.0 -9999.0 -9999.0 -9999.0 -9999.0 -9999.0 -9999.0 -9999.0 -9999.0 -9999.0 -9999.0 -9999.0 -9999.0 -9999.0 -9999.0 -9999.0 -9999.0 -9999.0
-9999.0 -9999.0 -9999.0 -9999.0 -9999.0 -9999.0 -9999.0 -9999.0 -9999.0 -9999.0 -9999.0 -9999.0 -9999.0 -9999.0 -9999.0 -9999.0 -9999.0 -9999.0 -9999.0 -9999.0 -9999.0 -9999.0 -9999.0 -9999.0 -9999.0 -9999.0 -9999.0 0.029765 0.029794 0.029850 0.030312 0.030404 0.030407 -9999.0 -9999.0 -9999.0 -9999.0 -9999.0 -9999.0 -9999.0 -9999.0 -9999.0 -9999.0 -9999.0 -9999.0 -9999.0 -9999.0 -9999.0 -9999.0 -9999.0 -9999.0 -9999.0 -9999.0 -9999.0 -9999.0 -9999.0 -9999.0 -9999.0 -9999.0 -9999.0 -9999.0 -9999.0 -9999.0
-9999.0 -9999.0 -9999.0 -9999.0 -9999.0 -9999.0 -9999.0 -9999.0 -9999.0 -9999.0 -9999.0 -9999.0 -9999.0 -9999.0 -9999.0 -9999.0 -9999.0 -9999.0 -9999.0 -9999.0 -9999.0 -9999.0 -9999.0 -9999.0 0.029329 0.029787 0.029804 0.029807 0.029801 0.029829 0.030115 -9999.0 -9999.0 -9999.0 -9999.0 -9999.0 -9999.0 -9999.0 -9999.0 -9999.0 -9999.0 -9999.0 -9999.0 -9999.0 -9999.0 -9999.0 -9999.0 -9999.0 -9999.0 -9999.0 -9999.0 -9999.0 -9999.0 -9999.0 -9999.0 -9999.0 -9999.0 -9999.0 -9999.0 -9999.0 -9999.0 -9999.0 -9999.0
-9999.0 -9999.0 -9999.0 -9999.0 -9999.0 -9999.0 -9999.0 -9999.0 -9999.0 -9999.0 -9999.0 -9999.0 -9999.0 -9999.0 -9999.0 -9999.0 -9999.0 -9999.0 -9999.0 -9999.0 -9999.0 -9999.0 -9999.0 0.029763 0.029719 0.000034 0.000011 0.000000 0.023458 0.029854 0.029842 0.029761 -9999.0 -9999.0 -9999.0 -9999.0 -9999.0 -9999.0 -9999.0 -9999.0 -9999.0 -9999.0 -9999.0 -9999.0 -9999.0 -9999.0 -9999.0 -9999.0 -9999.0 -9999.0 -9999.0 -9999.0 -9999.0 -9999.0 -9999.0 -9999.0 -9999.0 -9999.0 -9999.0 -9999.0 -9999.0 -9999.0 -9999.0
-9999.0 -9999.0 -9999.0 -9999.0 -9999.0 -9999.0 -9999.0 -9999.0 -9999.0 -9999.0 -9999.0 -9999.0 -9999.0 -9999.0 -9999.0 -9999.0 -9999.0 -9999.0 0.000000 0.000103 -9999.0 0.029654 0.029623 0.000000 0.000000 0.021783 0.078273 0.074073 0.030629 0.025923 0.029867 0.029821 0.029884 0.029887 -9999.0 -9999.0 -9999.0 -9999.0 -9999.0 -9999.0 -9999.0 -9999.0 -9999.0 -9999.0 -9999.0 -9999.0 -9999.0 -9999.0 -9999.0 -9999.0 -9999.0 -9999.0 -9999.0 -9999.0 -9999.0 -9999.0 -9999.0 -9999.0 -9999.0 -9999.0 -9999.0 -9999.0 -9999.0
-9999.0 -9999.0 -9999.0 -9999.0 -9999.0 -9999.0 -9999.0 -9999.0 -9999.0 -9999.0 -9999.0 -9999.0 -9999.0 -9999.0 -9999.0 -9999.0 -9999.0 0.332805 0.032790 0.023664 0.029888 0.023840 0.015150 0.027195 0.019043 0.025978 0.027875 0.028380 0.028713 0.077627 0.029707 0.029861 0.029989 0.029917 0.030360 0.030435 -9999.0 -9999.0 -9999.0 -9999.0 -9999.0 -9999.0 -9999.0 -9999.0 -9999.0 -9999.0 -9999.0 -9999.0 -9999.0 -9999.0 -9999.0 -9999.0 -9999.0 -9999.0 -9999.0 -9999.0 -9999.0 -9999.0 -9999.0 -9999.0 -9999.0 -9999.0 -9999.0
-9999.0 -9999.0 -9999.0 -9999.0 -9999.0 -9999.0 -9999.0 -9999.0 -9999.0 -9999.0 -9999.0 -9999.0 -9999.0 0.029746 0.000298 0.047520 0.024184 0.029876 0.336288 0.000287 0.000001 0.000000 0.021770 0.000230 0.026341 0.029779 0.029041 0.028849 0.028953 0.028986 0.028809 0.029787 0.030031 0.030464 0.030451 0.030447 -9999.0 -9999.0 -9999.0 -9999.0 -9999.0 -9999.0 -9999.0 -9999.0 -9999.0 -9999.0 -9999.0 -9999.0 -9999.0 -9999.0 -9999.0 -9999.0 -9999.0 -9999.0 -9999.0 -9999.0 -9999.0 -9999.0 -9999.0 -9999.0 -9999.0 -9999.0 -9999.0
-9999.0 -9999.0 -9999.0 -9999.0 -9999.0 -9999.0 -9999.0 -9999.0 -9999.0 -9999.0 -9999.0 -9999.0 -9999.0 0.019838 0.000000 0.003434 0.003649 0.000000 0.029910 0.035453 0.005927 0.029806 0.013944 0.026503 0.027494 0.028944 0.029806 0.030406 0.030431 0.029616 0.028734 0.030455 0.030451 0.030456 0.030453 -9999.0 -9999.0 -9999.0 -9999.0 -9999.0 -9999.0 -9999.0 -9999.0 -9999.0 -9999.0 -9999.0 -9999.0 -9999.0 -9999.0 -9999.0 -9999.0 -9999.0 -9999.0 -9999.0 -9999.0 -9999.0 -9999.0 -9999.0 -9999.0 -9999.0 -9999.0 -9999.0 -9999.0
-9999.0 -9999.0 -9999.0 -9999.0 -9999.0 -9999.0 -9999.0 -9999.0 -9999.0 -9999.0 -9999.0 -9999.0 -9999.0 0.000163 0.000000 0.000000 0.007924 0.022494 0.029920 0.142159 0.000567 0.028927 0.025475 0.027668 0.027545 0.008411 0.029825 0.030410 0.029806 0.030445 0.030437 0.030448 0.030445 0.030452 0.030460 -9999.0 -9999.0 -9999.0 -9999.0 -9999.0 -9999.0 -9999.0 -9999.0 -9999.0 -9999.0 -9999.0 -9999.0 -9999.0 -9999.0 -9999.0 -9999.0 -9999.0 -9999.0 -9999.0 -9999.0 -9999.0 -9999.0 -9999.0 -9999.0 -9999.0 -9999.0 -9999.0 -9999.0
-9999.0 -9999.0 -9999.0 -9999.0 -9999.0 -9999.0 -9999.0 -9999.0 -9999.0 -9999.0 -9999.0 -9999.0 0.019280 0.000000 0.000000 0.028361 0.000147 0.021676 0.000000 0.022226 0.026350 0.028891 0.029046 0.029021 0.026287 0.030382 0.028975 0.029765 0.029828 0.030425 0.030437 0.029858 0.029890 0.030339 -9999.0 -9999.0 -9999.0 -9999.0 -9999.0 -9999.0 -9999.0 -9999.0 -9999.0 -9999.0 -9999.0 -9999.0 -9999.0 -9999.0 -9999.0 -9999.0 -9999.0 -9999.0 -9999.0 -9999.0 -9999.0 -9999.0 -9999.0 -9999.0 -9999.0 -9999.0 -9999.0 -9999.0 -9999.0
-9999.0 -9999.0 -9999.0 -9999.0 -9999.0 -9999.0 -9999.0 -9999.0 -9999.0 -9999.0 -9999.0 0.029269 0.028116 0.000022 0.028587 0.029747 0.029184 0.025737 0.000000 0.022559 0.014460 0.000075 0.029760 0.030272 0.028862 0.029773 0.030398 0.029776 0.029786 0.030435 0.029842 0.029868 0.030038 0.030331 0.029963 0.029896 0.029982 0.029957 0.029910 -9999.0 -9999.0 -9999.0 0.030328 -9999.0 -9999.0 -9999.0 -9999.0 -9999.0 -9999.0 -9999.0 -9999.0 -9999.0 -9999.0 -9999.0 -9999.0 -9999.0 -9999.0 -9999.0 -9999.0 -9999.0 -9999.0 -9999.0 -9999.0
-9999.0 -9999.0 -9999.0 -9999.0 -9999.0 -9999.0 -9999.0 -9999.0 -9999.0 -9999.0 -9999.0 0.029726 0.028859 0.025404 0.019737 0.030039 0.002468 0.026237 0.000000 0.000000 0.000000 0.000000 0.029704 0.029268 0.029431 0.030240 0.029787 0.029798 0.029813 0.030331 0.029856 0.029877 0.029928 0.029886 0.029889 0.029956 0.029905 0.029917 0.029876 0.029930 0.029973 0.030053 0.029946 0.030338 -9999.0 -9999.0 -9999.0 0.000148 0.028492 0.029548 0.001721 0.029159 0.029236 0.000000 0.000000 0.029799 -9999.0 -9999.0 -9999.0 -9999.0 -9999.0 -9999.0 -9999.0
-9999.0 -9999.0 -9999.0 -9999.0 -9999.0 -9999.0 -9999.0 -9999.0 -9999.0 -9999.0 -9999.0 0.029690 0.029713 0.029324 0.030170 0.029823 0.026396 0.031235 0.000011 0.000000 0.025877 0.026262 0.025833 0.029713 0.030290 0.029873 0.026771 0.029494 0.030324 0.030211 0.030380 0.029040 0.029886 0.029888 0.030114 0.029928 0.021382 0.022349 0.029917 0.029967 0.029874 0.029971 0.029947 0.029898 0.029797 -9999.0 0.030157 0.029310 0.025047 0.000000 0.028864 0.029710 0.000000 0.000000 0.000000 0.000000 -9999.0 -9999.0 -9999.0 -9999.0 -9999.0 -9999.0 -9999.0
-9999.0 -9999.0 -9999.0 -9999.0 -9999.0 -9999.0 -9999.0 -9999.0 -9999.0 -9999.0 -9999.0 -9999.0 0.029634 0.034303 0.000054 0.023010 0.026916 0.029319 0.000000 0.000616 0.032239 0.025534 0.017404 0.025955 0.029085 0.026954 0.000003 0.030332 0.030203 0.029799 0.029809 0.027910 0.029885 0.029883 0.030203 0.029948 0.029229 0.025391 0.029963 0.029930 0.029964 0.029950 0.026389 0.031065 0.029894 0.029776 0.029745 0.029471 0.028952 0.027557 0.019633 0.001294 0.000170 0.000000 0.029097 0.029172 0.000091 -9999.0 -9999.0 -9999.0 -9999.0 -9999.0 -9999.0
-9999.0 -9999.0 -9999.0 -9999.0 -9999.0 -9999.0 -9999.0 -9999.0 -9999.0 -9999.0 -9999.0 0.028091 0.029748 0.029797 0.025443 0.024767 0.022928 0.028625 0.000000 0.332140 0.028918 0.000003 0.013753 0.028324 0.027112 0.000353 0.036155 0.030310 0.029805 0.029861 0.026261 0.026669 0.029808 0.029864 0.030407 0.029917 0.030066 0.028951 0.351087 0.029927 0.026221 0.027084 0.028765 0.025754 0.029309 0.029771 0.029648 0.029793 0.029719 0.027524 0.029999 0.029808 0.029624 0.030245 0.029989 0.030243 0.029044 -9999.0 -9999.0 -9999.0 -9999.0 -9999.0 -9999.0
-9999.0 -9999.0 -9999.0 -9999.0 -9999.0 -9999.0 -9999.0 -9999.0 -9999.0 -9999.0 0.003293 0.026737 0.000738 0.029736 0.000009 0.003456 0.029062 0.025697 0.017040 0.079104 0.000000 0.000240 0.024137 0.000017 0.000271 0.014215 0.029598 0.029754 0.029781 0.028256 0.026901 0.029203 0.029816 0.030248 0.030451 0.029969 0.030001 0.028728 0.021768 0.023933 0.022882 0.029348 0.030343 0.354780 0.027610 0.029898 0.029582 0.026626 0.029081 0.026794 0.029450 0.030222 0.030070 0.030253 0.030151 0.000000 0.000000 -9999.0 -9999.0 -9999.0 -9999.0 -9999.0 -9999.0
-9999.0 -9999.0 -9999.0 -9999.0 -9999.0 -9999.0 -9999.0 -9999.0 -9999.0 0.029793 0.005436 0.007646 0.002582 0.027304 0.000147 0.029088 0.029457 0.000031 0.032038 0.328729 0.003027 0.025574 0.018009 0.019136 0.008821 0.029226 0.028163 0.000148 0.025165 0.032609 0.029912 0.029075 0.030424 0.030430 0.030260 0.030365 0.029887 0.029190 0.029609 0.029021 0.022974 0.029407 0.029332 0.029172 0.011381 0.023477 0.000000 0.026650 0.028140 0.080898 0.028643 0.029495 0.030269 0.029985 0.029629 0.028354 0.000000 0.000043 0.009392 -9999.0 -9999.0 -9999.0 -9999.0
-9999.0 -9999.0 -9999.0 -9999.0 -9999.0 -9999.0 -9999.0 -9999.0 -9999.0 0.029780 0.029750 0.029760 0.000000 0.006662 0.001104 0.025765 0.000000 0.026768 0.031473 0.004364 0.014172 0.050177 0.003535 0.000198 0.029229 0.027008 0.027433 0.006749 0.046610 0.068836 0.029797 0.028584 0.030296 0.029772 0.029870 0.029970 0.029925 0.029936 0.030367 0.029861 0.076230 0.029884 0.026361 0.030036 0.337646 0.320699 0.040275 0.022760 0.024169 0.030147 0.028685 0.029059 0.030044 0.030027 0.030120 0.000431 0.000000 0.000004 0.002157 -9999.0 -9999.0 -9999.0 -9999.0
-9999.0 -9999.0 -9999.0 -9999.0 -9999.0 -9999.0 -9999.0 -9999.0 -9999.0 -9999.0 0.029736 0.029762 0.028961 0.138878 0.025360 0.000159 0.000114 0.000083 0.025893 0.146229 0.000000 0.018885 0.000129 0.025901 0.027395 0.019481 0.047593 0.042758 0.029791 0.029473 0.029605 0.049096 0.030020 0.030325 0.029847 0.029805 0.029790 0.029823 0.029872 0.030371 0.030407 0.029790 0.029803 0.029506 0.028689 0.027236 0.019804 0.018955 0.020793 0.023657 0.027291 0.029012 0.029064 0.030025 0.029267 0.029914 0.027962 0.025985 0.000000 0.000000 -9999.0 -9999.0 -9999.0
-9999.0 -9999.0 -9999.0 -9999.0 -9999.0 -9999.0 -9999.0 -9999.0 -9999.0 -9999.0 0.029740 0.029747 0.029557 0.000423 0.000000 0.012430 0.023934 0.038997 0.130389 0.257027 0.120104 0.035243 0.000062 0.021105 0.016257 0.044934 0.275210 0.032896 0.028783 0.030080 0.030299 0.029655 0.029567 0.030310 0.030309 0.029804 0.025408 0.027128 0.029035 0.030255 0.029760 0.029767 0.029534 0.030215 0.013784 0.028633 0.028751 0.027983 0.015913 0.022724 0.011804 0.028490 0.001264 0.029156 0.030078 0.028485 0.029728 0.000000 0.043406 0.173839 -9999.0 -9999.0 -9999.0
-9999.0 -9999.0 -9999.0 -9999.0 -9999.0 -9999.0 -9999.0 -9999.0 0.000205 0.028668 0.029834 0.029480 0.029356 0.028861 0.005679 0.150026 0.036716 0.050370 0.164990 0.156587 0.130049 0.025384 0.028786 0.035610 0.041170 0.182146 0.022984 0.029061 0.029462 0.029765 0.030387 0.030276 0.030085 0.029988 0.029725 0.030351 0.029696 0.027472 0.029387 0.029757 0.030187 0.029762 0.030228 0.030367 0.029754 0.000434 0.029493 0.000788 0.025151 0.218251 0.020463 0.024981 0.000440 0.029163 0.028474 0.000000 0.002335 0.000000 0.025813 0.038741 -9999.0 -9999.0 -9999.0
-9999.0 -9999.0 -9999.0 -9999.0 -9999.0 -9999.0 -9999.0 -9999.0 0.029678 0.003090 0.028450 0.030070 0.029798 0.028875 0.012285 0.032046 0.000152 0.000542 0.008861 0.110051 0.147804 0.206761 0.224279 0.041288 0.024770 0.139725 0.143412 0.028748 0.030082 0.029744 0.029725 0.029805 0.029680 0.029729 0.016842 0.022792 0.029773 0.026975 0.028982 0.029490 0.029961 0.030354 0.030286 0.028486 0.029083 0.028225 0.030111 0.030093 0.029353 0.042255 0.048275 0.026809 0.009275 0.000000 0.029587 0.027881 0.025920 0.026791 0.022795 0.000000 0.000000 -9999.0 -9999.0
-9999.0 -9999.0 -9999.0 -9999.0 -9999.0 -9999.0 -9999.0 -9999.0 0.029769 0.029736 0.000030 0.029112 0.029537 0.029841 0.000010 0.022249 0.031760 0.040850 0.027065 0.221555 0.035664 0.177441 0.208801 0.193117 0.195217 0.032198 0.043314 0.027828 0.029598 0.029795 0.029787 0.028965 0.028713 0.028722 0.000314 0.013185 0.029051 0.021445 0.028381 0.029218 0.029629 0.029689 0.000416 0.029569 0.029569 0.029687 0.029440 0.000001 0.029149 0.025472 0.238758 0.052073 0.026729 0.028041 0.026984 0.057492 0.054934 0.054250 0.047360 0.056313 0.000000 -9999.0 -9999.0
-9999.0 -9999.0 -9999.0 -9999.0 -9999.0 -9999.0 -9999.0 -9999.0 0.030357 0.029728 0.000038 0.029140 0.000002 0.000000 0.020825 0.034805 0.005862 0.033365 0.274994 0.192843 0.097438 0.020928 0.042910 0.113683 0.024089 0.000050 0.000094 0.027455 0.000065 0.025426 0.028233 0.027733 0.024900 0.025961 0.028990 0.029637 0.029737 0.000426 0.027607 0.029146 0.028756 0.008360 0.000399 0.029790 0.000102 0.029482 0.000000 0.029639 0.000000 0.027854 0.000325 0.043560 0.048440 0.036150 0.055732 0.058032 0.047476 0.169209 0.000000 0.000000 0.098525 0.000098 -9999.0
-9999.0 -9999.0 -9999.0 -9999.0 -9999.0 -9999.0 -9999.0 -9999.0 0.029690 0.028846 0.000000 0.006941 0.000000 0.039043 0.000055 0.170017 0.075881 0.033536 0.000406 0.018437 0.171442 0.050735 0.044903 0.121969 0.053471 0.000000 0.022885 0.000178 0.000230 0.000132 0.026258 0.000039 0.024291 0.000250 0.027540 0.027739 0.027648 0.000072 0.020194 0.028422 0.028103 0.028239 0.026125 0.026805 0.028883 0.019973 0.027048 0.025780 0.026030 0.024627 0.023030 0.036524 0.045702 0.054954 0.083081 0.093060 0.000000 0.000000 0.075420 0.056568 0.048836 0.000000 -9999.0
-9999.0 -9999.0 0.029770 0.029093 0.028783 0.028018 0.027182 0.028282 0.029529 0.027535 0.028805 0.071198 0.003595 0.000041 0.057918 0.033560 0.024899 0.028962 0.029216 0.000180 0.015434 0.163684 0.066000 0.388811 0.221443 0.036629 0.000270 0.039934 0.034943 0.000050 0.000897 0.000006 0.000184 0.040105 0.050665 0.042668 0.053843 0.027574 0.020710 0.025109 0.026565 0.024511 0.014186 0.007234 0.023511 0.025511 0.052834 0.229730 0.020257 0.043400 0.047834 0.088864 0.000000 0.000053 0.000281 0.038515 0.109068 0.117302 0.057022 0.048217 0.000000 0.000084 -9999.0
-9999.0 0.001379 0.001767 0.007554 0.027003 0.000053 0.028878 0.029192 0.029216 0.029692 0.028986 0.000009 0.000000 0.000000 0.000000 0.000000 0.029365 0.029026 0.000670 0.000387 0.037323 0.031772 0.213860 0.151675 0.189348 0.206054 0.268004 0.263534 0.033897 0.308529 0.043336 0.048104 0.048000 0.207674 0.046652 0.174442 0.048891 0.045013 0.135619 0.177937 0.049173 0.045542 0.038151 0.040790 0.037983 0.038185 0.317947 0.030414 0.043010 0.239977 0.000000 0.008072 0.142887 0.149831 0.145679 0.200429 0.001119 0.000324 0.000013 0.000160 0.000055 0.000059 -9999.0
-9999.0 0.028598 0.000076 0.000040 0.000000 0.000059 0.026535 0.027927 0.029637 0.029776 0.028126 0.000015 0.000445 0.000000 0.024879 0.028617 0.029413 0.028677 0.000011 0.033769 0.000000 0.051390 0.313965 0.252839 0.162880 0.100201 0.142470 0.047907 0.052693 0.026076 0.025513 0.026618 0.253368 0.231374 0.120784 0.097221 0.000000 0.000000 0.012677 0.046263 0.081393 0.100428 0.043687 0.143497 0.094842 0.025690 0.000000 0.000000 0.000000 0.000000 0.227828 0.380817 0.016110 0.337447 0.050061 0.000054 0.000079 0.000109 0.000004 0.000000 0.000008 -9999.0 -9999.0
-9999.0 0.029690 0.029168 0.000506 0.040591 0.000000 0.000000 0.002659 0.026645 0.021753 0.000000 0.019070 0.000064 0.000000 0.000002 0.028884 0.028925 0.028605 0.028016 0.020855 0.000012 0.005628 0.013938 0.000000 0.102002 0.138024 0.111393 0.104599 0.078100 0.069201 0.075158 0.041813 0.041194 0.189658 0.045854 0.022515 0.000000 0.034606 0.000000 0.000000 0.000000 0.000000 0.000000 0.000000 0.000000 0.000000 0.014979 0.166672 0.286724 0.334898 0.009973 0.004914 0.000778 0.000068 0.001596 0.000026 0.000000 0.000000 0.000000 -9999.0 -9999.0 -9999.0 -9999.0
