erum2020/resources/simulation/Vinschgau/output-maps/thetaliqL0001N1249.asc
ncols         63
nrows         48
xllcorner     598000.000000
yllcorner     5145000.000000
cellsize      1000.000000
NODATA_value  -9999.0
[rows 0 to 28 of 48, columns 0 to 62 of 63]
-9999.0 -9999.0 -9999.0 -9999.0 -9999.0 -9999.0 -9999.0 -9999.0 -9999.0 -9999.0 -9999.0 -9999.0 -9999.0 -9999.0 -9999.0 -9999.0 -9999.0 -9999.0 -9999.0 -9999.0 -9999.0 -9999.0 -9999.0 -9999.0 -9999.0 -9999.0 -9999.0 -9999.0 -9999.0 -9999.0 -9999.0 -9999.0 -9999.0 -9999.0 -9999.0 -9999.0 -9999.0 -9999.0 -9999.0 -9999.0 -9999.0 -9999.0 -9999.0 -9999.0 -9999.0 -9999.0 -9999.0 -9999.0 -9999.0 -9999.0 -9999.0 -9999.0 -9999.0 -9999.0 -9999.0 -9999.0 -9999.0 -9999.0 -9999.0 -9999.0 -9999.0 -9999.0 -9999.0
-9999.0 -9999.0 -9999.0 -9999.0 -9999.0 -9999.0 -9999.0 -9999.0 -9999.0 -9999.0 -9999.0 -9999.0 -9999.0 -9999.0 -9999.0 -9999.0 -9999.0 -9999.0 -9999.0 -9999.0 -9999.0 -9999.0 -9999.0 -9999.0 -9999.0 -9999.0 -9999.0 0.020402 0.188659 0.032543 0.195864 0.107546 0.040002 -9999.0 -9999.0 -9999.0 -9999.0 -9999.0 -9999.0 -9999.0 -9999.0 -9999.0 -9999.0 -9999.0 -9999.0 -9999.0 -9999.0 -9999.0 -9999.0 -9999.0 -9999.0 -9999.0 -9999.0 -9999.0 -9999.0 -9999.0 -9999.0 -9999.0 -9999.0 -9999.0 -9999.0 -9999.0 -9999.0
-9999.0 -9999.0 -9999.0 -9999.0 -9999.0 -9999.0 -9999.0 -9999.0 -9999.0 -9999.0 -9999.0 -9999.0 -9999.0 -9999.0 -9999.0 -9999.0 -9999.0 -9999.0 -9999.0 -9999.0 -9999.0 -9999.0 -9999.0 -9999.0 0.230988 0.228929 0.248161 0.223963 0.283203 0.284900 0.160167 -9999.0 -9999.0 -9999.0 -9999.0 -9999.0 -9999.0 -9999.0 -9999.0 -9999.0 -9999.0 -9999.0 -9999.0 -9999.0 -9999.0 -9999.0 -9999.0 -9999.0 -9999.0 -9999.0 -9999.0 -9999.0 -9999.0 -9999.0 -9999.0 -9999.0 -9999.0 -9999.0 -9999.0 -9999.0 -9999.0 -9999.0 -9999.0
-9999.0 -9999.0 -9999.0 -9999.0 -9999.0 -9999.0 -9999.0 -9999.0 -9999.0 -9999.0 -9999.0 -9999.0 -9999.0 -9999.0 -9999.0 -9999.0 -9999.0 -9999.0 -9999.0 -9999.0 -9999.0 -9999.0 -9999.0 0.220086 0.258074 0.066527 0.066716 0.065900 0.065365 0.208657 0.161188 0.083887 -9999.0 -9999.0 -9999.0 -9999.0 -9999.0 -9999.0 -9999.0 -9999.0 -9999.0 -9999.0 -9999.0 -9999.0 -9999.0 -9999.0 -9999.0 -9999.0 -9999.0 -9999.0 -9999.0 -9999.0 -9999.0 -9999.0 -9999.0 -9999.0 -9999.0 -9999.0 -9999.0 -9999.0 -9999.0 -9999.0 -9999.0
-9999.0 -9999.0 -9999.0 -9999.0 -9999.0 -9999.0 -9999.0 -9999.0 -9999.0 -9999.0 -9999.0 -9999.0 -9999.0 -9999.0 -9999.0 -9999.0 -9999.0 -9999.0 0.082962 0.211366 -9999.0 0.226330 0.236844 0.066602 0.068263 0.067312 0.180514 0.074309 0.193120 0.088710 0.238669 0.193882 0.020208 0.020135 -9999.0 -9999.0 -9999.0 -9999.0 -9999.0 -9999.0 -9999.0 -9999.0 -9999.0 -9999.0 -9999.0 -9999.0 -9999.0 -9999.0 -9999.0 -9999.0 -9999.0 -9999.0 -9999.0 -9999.0 -9999.0 -9999.0 -9999.0 -9999.0 -9999.0 -9999.0 -9999.0 -9999.0 -9999.0
-9999.0 -9999.0 -9999.0 -9999.0 -9999.0 -9999.0 -9999.0 -9999.0 -9999.0 -9999.0 -9999.0 -9999.0 -9999.0 -9999.0 -9999.0 -9999.0 -9999.0 0.067081 0.068177 0.022435 0.022886 0.219191 0.078809 0.068819 0.072107 0.245501 0.079294 0.223366 0.124947 0.219465 0.288797 0.232881 0.024619 0.020431 0.020190 0.020167 -9999.0 -9999.0 -9999.0 -9999.0 -9999.0 -9999.0 -9999.0 -9999.0 -9999.0 -9999.0 -9999.0 -9999.0 -9999.0 -9999.0 -9999.0 -9999.0 -9999.0 -9999.0 -9999.0 -9999.0 -9999.0 -9999.0 -9999.0 -9999.0 -9999.0 -9999.0 -9999.0
-9999.0 -9999.0 -9999.0 -9999.0 -9999.0 -9999.0 -9999.0 -9999.0 -9999.0 -9999.0 -9999.0 -9999.0 -9999.0 0.070402 0.070443 0.069442 0.067462 0.022299 0.067461 0.067973 0.068744 0.069391 0.068050 0.069328 0.171517 0.246201 0.083327 0.369844 0.152262 0.307467 0.059723 0.319184 0.257061 0.232029 0.020704 0.020140 -9999.0 -9999.0 -9999.0 -9999.0 -9999.0 -9999.0 -9999.0 -9999.0 -9999.0 -9999.0 -9999.0 -9999.0 -9999.0 -9999.0 -9999.0 -9999.0 -9999.0 -9999.0 -9999.0 -9999.0 -9999.0 -9999.0 -9999.0 -9999.0 -9999.0 -9999.0 -9999.0
-9999.0 -9999.0 -9999.0 -9999.0 -9999.0 -9999.0 -9999.0 -9999.0 -9999.0 -9999.0 -9999.0 -9999.0 -9999.0 0.083537 0.067774 0.067900 0.068248 0.065418 0.022293 0.067705 0.067883 0.064642 0.070057 0.076973 0.075217 0.146382 0.179770 0.020494 0.020402 0.165557 0.099038 0.222253 0.020223 0.020210 0.020190 -9999.0 -9999.0 -9999.0 -9999.0 -9999.0 -9999.0 -9999.0 -9999.0 -9999.0 -9999.0 -9999.0 -9999.0 -9999.0 -9999.0 -9999.0 -9999.0 -9999.0 -9999.0 -9999.0 -9999.0 -9999.0 -9999.0 -9999.0 -9999.0 -9999.0 -9999.0 -9999.0 -9999.0
-9999.0 -9999.0 -9999.0 -9999.0 -9999.0 -9999.0 -9999.0 -9999.0 -9999.0 -9999.0 -9999.0 -9999.0 -9999.0 0.066796 0.520000 0.066009 0.067995 0.068099 0.022282 0.067410 0.065392 0.022532 0.208613 0.105168 0.069445 0.073119 0.023273 0.020233 0.073413 0.020218 0.165212 0.020185 0.020179 0.020023 0.020133 -9999.0 -9999.0 -9999.0 -9999.0 -9999.0 -9999.0 -9999.0 -9999.0 -9999.0 -9999.0 -9999.0 -9999.0 -9999.0 -9999.0 -9999.0 -9999.0 -9999.0 -9999.0 -9999.0 -9999.0 -9999.0 -9999.0 -9999.0 -9999.0 -9999.0 -9999.0 -9999.0 -9999.0
-9999.0 -9999.0 -9999.0 -9999.0 -9999.0 -9999.0 -9999.0 -9999.0 -9999.0 -9999.0 -9999.0 -9999.0 0.067714 0.520000 0.066737 0.068503 0.071168 0.069081 0.062950 0.022403 0.068573 0.129787 0.182014 0.216096 0.041919 0.188387 0.040115 0.136733 0.305901 0.020210 0.040330 0.020202 0.055797 0.020102 -9999.0 -9999.0 -9999.0 -9999.0 -9999.0 -9999.0 -9999.0 -9999.0 -9999.0 -9999.0 -9999.0 -9999.0 -9999.0 -9999.0 -9999.0 -9999.0 -9999.0 -9999.0 -9999.0 -9999.0 -9999.0 -9999.0 -9999.0 -9999.0 -9999.0 -9999.0 -9999.0 -9999.0 -9999.0
-9999.0 -9999.0 -9999.0 -9999.0 -9999.0 -9999.0 -9999.0 -9999.0 -9999.0 -9999.0 -9999.0 0.151459 0.066532 0.520000 0.066217 0.068900 0.022365 0.067814 0.066679 0.022270 0.068867 0.070923 0.161212 0.185385 0.304252 0.249880 0.099677 0.214506 0.101143 0.020173 0.020194 0.264264 0.020458 0.020174 0.020193 0.020709 0.105200 0.073533 0.103387 -9999.0 -9999.0 -9999.0 0.020162 -9999.0 -9999.0 -9999.0 -9999.0 -9999.0 -9999.0 -9999.0 -9999.0 -9999.0 -9999.0 -9999.0 -9999.0 -9999.0 -9999.0 -9999.0 -9999.0 -9999.0 -9999.0 -9999.0 -9999.0
-9999.0 -9999.0 -9999.0 -9999.0 -9999.0 -9999.0 -9999.0 -9999.0 -9999.0 -9999.0 -9999.0 0.172167 0.066326 0.064437 0.064576 0.065654 0.063582 0.067104 0.065383 0.065561 0.066739 0.074469 0.307908 0.040072 0.040203 0.202731 0.175651 0.254785 0.047277 0.020175 0.212263 0.336636 0.070190 0.040381 0.040314 0.210801 0.246758 0.047808 0.043511 0.020180 0.020179 0.020171 0.198419 0.020207 -9999.0 -9999.0 -9999.0 0.040384 0.040348 0.020218 0.040404 0.020166 0.020177 0.040416 0.040334 0.020108 -9999.0 -9999.0 -9999.0 -9999.0 -9999.0 -9999.0 -9999.0
-9999.0 -9999.0 -9999.0 -9999.0 -9999.0 -9999.0 -9999.0 -9999.0 -9999.0 -9999.0 -9999.0 0.189669 0.134195 0.245576 0.078394 0.064605 0.072544 0.069755 0.063099 0.065460 0.074123 0.314709 0.042738 0.265857 0.195074 0.020407 0.040525 0.040080 0.020507 0.040327 0.020402 0.040131 0.288873 0.040452 0.020211 0.273418 0.040245 0.040096 0.040868 0.020354 0.142022 0.057150 0.283969 0.238831 0.040410 -9999.0 0.020097 0.040416 0.176074 0.267814 0.217690 0.027455 0.155085 0.138929 0.136721 0.040458 -9999.0 -9999.0 -9999.0 -9999.0 -9999.0 -9999.0 -9999.0
-9999.0 -9999.0 -9999.0 -9999.0 -9999.0 -9999.0 -9999.0 -9999.0 -9999.0 -9999.0 -9999.0 -9999.0 0.199820 0.431448 0.078104 0.075858 0.076241 0.070919 0.066036 0.065796 0.071839 0.204875 0.280429 0.058846 0.040051 0.040347 0.430067 0.146439 0.182973 0.020208 0.184251 0.040166 0.175787 0.128863 0.069792 0.246571 0.040774 0.055172 0.192796 0.040304 0.040993 0.021730 0.040099 0.283284 0.020646 0.040389 0.020185 0.040420 0.040052 0.049603 0.114982 0.040203 0.040069 0.040127 0.040050 0.172754 0.040955 -9999.0 -9999.0 -9999.0 -9999.0 -9999.0 -9999.0
-9999.0 -9999.0 -9999.0 -9999.0 -9999.0 -9999.0 -9999.0 -9999.0 -9999.0 -9999.0 -9999.0 0.092046 0.201033 0.065247 0.406165 0.212042 0.077249 0.072097 0.064182 0.069435 0.071074 0.145472 0.415300 0.040607 0.040820 0.040175 0.050368 0.159652 0.094773 0.020480 0.040375 0.040354 0.300461 0.145262 0.040325 0.234266 0.180220 0.070634 0.224530 0.065453 0.071224 0.133229 0.396224 0.087283 0.232480 0.168134 0.267552 0.021112 0.066437 0.200531 0.020057 0.181621 0.040030 0.020027 0.020024 0.020024 0.020209 -9999.0 -9999.0 -9999.0 -9999.0 -9999.0 -9999.0
-9999.0 -9999.0 -9999.0 -9999.0 -9999.0 -9999.0 -9999.0 -9999.0 -9999.0 -9999.0 0.449177 0.150387 0.219626 0.201308 0.167013 0.442805 0.441193 0.124247 0.070080 0.069754 0.069129 0.207567 0.040386 0.268556 0.358578 0.040000 0.040102 0.020042 0.110617 0.196229 0.042573 0.040178 0.269171 0.147223 0.020160 0.020396 0.211528 0.045102 0.046346 0.419751 0.342914 0.197594 0.194410 0.232398 0.173806 0.020498 0.206594 0.097933 0.105650 0.306726 0.020039 0.020202 0.020022 0.020023 0.020194 0.120072 0.146972 -9999.0 -9999.0 -9999.0 -9999.0 -9999.0 -9999.0
-9999.0 -9999.0 -9999.0 -9999.0 -9999.0 -9999.0 -9999.0 -9999.0 -9999.0 0.203981 0.271017 0.168307 0.366381 0.074411 0.168605 0.282264 0.146719 0.111984 0.069692 0.069253 0.067856 0.073568 0.102307 0.095858 0.379346 0.040075 0.040045 0.269450 0.147433 0.380527 0.464053 0.040062 0.020435 0.020179 0.020175 0.020364 0.251442 0.040244 0.041755 0.208030 0.040573 0.040355 0.040587 0.162147 0.115657 0.152903 0.210513 0.053512 0.054750 0.450636 0.040099 0.020208 0.020019 0.020098 0.020194 0.040019 0.040038 0.020210 0.020192 -9999.0 -9999.0 -9999.0 -9999.0
-9999.0 -9999.0 -9999.0 -9999.0 -9999.0 -9999.0 -9999.0 -9999.0 -9999.0 0.138835 0.195922 0.181070 0.520000 0.336577 0.138323 0.067694 0.262954 0.169709 0.068704 0.065592 0.066309 0.064571 0.093381 0.320290 0.040125 0.040170 0.082363 0.360126 0.409389 0.301656 0.290999 0.040045 0.262650 0.047791 0.168747 0.020233 0.020403 0.020739 0.185866 0.275194 0.042223 0.040106 0.101482 0.323329 0.076587 0.135443 0.125219 0.227752 0.265071 0.299435 0.040026 0.040013 0.020111 0.040359 0.020441 0.040016 0.040116 0.040092 0.020463 -9999.0 -9999.0 -9999.0 -9999.0
-9999.0 -9999.0 -9999.0 -9999.0 -9999.0 -9999.0 -9999.0 -9999.0 -9999.0 -9999.0 0.179966 0.254230 0.298374 0.040295 0.321367 0.153319 0.232038 0.077428 0.067584 0.069215 0.066526 0.069891 0.065319 0.040593 0.040729 0.184716 0.465105 0.312717 0.293536 0.040066 0.040048 0.040090 0.040026 0.097415 0.314726 0.303103 0.234061 0.282178 0.020413 0.222442 0.174768 0.294671 0.520000 0.157736 0.127289 0.248468 0.073524 0.092602 0.071504 0.236071 0.040051 0.040046 0.020196 0.020148 0.040361 0.040415 0.278511 0.040074 0.183310 0.181215 -9999.0 -9999.0 -9999.0
-9999.0 -9999.0 -9999.0 -9999.0 -9999.0 -9999.0 -9999.0 -9999.0 -9999.0 -9999.0 0.151947 0.233811 0.252156 0.379886 0.325602 0.138219 0.137538 0.071274 0.067228 0.067521 0.068559 0.070668 0.054776 0.167923 0.177370 0.413289 0.266605 0.285878 0.040093 0.040031 0.205078 0.359974 0.020050 0.048587 0.203376 0.334754 0.040000 0.129791 0.040028 0.134622 0.235260 0.023469 0.078636 0.188117 0.245226 0.041051 0.372588 0.158028 0.071823 0.084597 0.491331 0.040084 0.040021 0.020202 0.020115 0.020135 0.040416 0.047022 0.520000 0.417958 -9999.0 -9999.0 -9999.0
-9999.0 -9999.0 -9999.0 -9999.0 -9999.0 -9999.0 -9999.0 -9999.0 0.285223 0.190351 0.073154 0.311033 0.049808 0.107637 0.050187 0.207112 0.070057 0.064558 0.067391 0.067092 0.066324 0.066766 0.067165 0.068319 0.198439 0.254775 0.295823 0.040198 0.040109 0.040032 0.020297 0.215485 0.218993 0.057525 0.267039 0.195772 0.137193 0.249656 0.040032 0.020322 0.020470 0.305520 0.020058 0.020407 0.023037 0.464411 0.040036 0.087898 0.259189 0.245553 0.377324 0.040173 0.040036 0.040011 0.020190 0.059014 0.020505 0.291779 0.264556 0.073474 -9999.0 -9999.0 -9999.0
-9999.0 -9999.0 -9999.0 -9999.0 -9999.0 -9999.0 -9999.0 -9999.0 0.020110 0.040205 0.040037 0.103771 0.207544 0.040146 0.040158 0.247464 0.072510 0.071060 0.066600 0.066562 0.064337 0.061967 0.060720 0.060550 0.068458 0.075223 0.312091 0.147679 0.020052 0.118304 0.040525 0.020412 0.240754 0.020427 0.277167 0.248950 0.132360 0.511681 0.124504 0.219974 0.203932 0.162012 0.020430 0.198855 0.394558 0.049199 0.020050 0.223947 0.144747 0.323209 0.363805 0.137501 0.040013 0.040412 0.178535 0.020056 0.042873 0.384476 0.176068 0.074465 0.070978 -9999.0 -9999.0
-9999.0 -9999.0 -9999.0 -9999.0 -9999.0 -9999.0 -9999.0 -9999.0 0.199397 0.316573 0.323206 0.040026 0.307615 0.020062 0.052660 0.040203 0.164622 0.070841 0.067012 0.065031 0.066145 0.062505 0.061593 0.066704 0.065459 0.071592 0.292830 0.040099 0.020044 0.209179 0.020468 0.326462 0.040077 0.040158 0.317532 0.190406 0.341426 0.346484 0.059974 0.096843 0.233650 0.020413 0.243241 0.302289 0.040217 0.255313 0.020230 0.196320 0.040062 0.098346 0.211807 0.426739 0.040019 0.040013 0.105350 0.406153 0.514870 0.255773 0.072292 0.074838 0.072842 -9999.0 -9999.0
-9999.0 -9999.0 -9999.0 -9999.0 -9999.0 -9999.0 -9999.0 -9999.0 0.020202 0.244330 0.089552 0.020044 0.259283 0.040174 0.040537 0.329602 0.069909 0.067932 0.067139 0.066914 0.067211 0.066912 0.064136 0.065177 0.071079 0.150681 0.047281 0.040046 0.234730 0.084242 0.058688 0.157870 0.432716 0.417076 0.168237 0.095417 0.069229 0.071718 0.252798 0.357732 0.178651 0.180640 0.200360 0.023054 0.218682 0.020413 0.085141 0.020672 0.195423 0.042485 0.180528 0.135677 0.374024 0.127655 0.501182 0.435665 0.157467 0.074866 0.071461 0.073158 0.074515 0.078556 -9999.0
-9999.0 -9999.0 -9999.0 -9999.0 -9999.0 -9999.0 -9999.0 -9999.0 0.040380 0.305922 0.040132 0.040066 0.040356 0.043745 0.394695 0.157214 0.172944 0.081754 0.093164 0.070875 0.068355 0.068368 0.068491 0.069574 0.066281 0.110294 0.040119 0.170302 0.304246 0.466671 0.041633 0.410052 0.252582 0.357878 0.263407 0.077459 0.072529 0.069837 0.070637 0.219416 0.214324 0.195062 0.295492 0.359639 0.048194 0.205052 0.135260 0.283039 0.118605 0.436399 0.179441 0.080000 0.119535 0.229285 0.349574 0.304688 0.179852 0.080850 0.075461 0.071886 0.072656 0.080631 -9999.0
-9999.0 -9999.0 0.096218 0.247417 0.040063 0.040114 0.040179 0.040031 0.096365 0.210651 0.040374 0.040414 0.045593 0.485380 0.251779 0.514450 0.089061 0.040100 0.080544 0.226907 0.071344 0.068107 0.070723 0.067934 0.071098 0.073344 0.124896 0.165773 0.073005 0.250264 0.073909 0.080997 0.073945 0.071651 0.071454 0.071489 0.070164 0.068204 0.069333 0.072418 0.070959 0.070435 0.070399 0.096216 0.196988 0.202057 0.284657 0.232979 0.080722 0.074387 0.072680 0.076308 0.146121 0.216661 0.260276 0.163954 0.185946 0.092394 0.077878 0.073912 0.077079 0.086241 -9999.0
-9999.0 0.075386 0.044197 0.041630 0.040152 0.040272 0.040030 0.040035 0.040022 0.093501 0.040033 0.040172 0.464523 0.349217 0.483331 0.040474 0.040364 0.040073 0.040251 0.122182 0.071942 0.069513 0.070380 0.069808 0.065187 0.070539 0.066680 0.066828 0.069507 0.074101 0.071882 0.070537 0.069135 0.065740 0.068289 0.068272 0.067642 0.066131 0.068146 0.068919 0.068816 0.068214 0.067870 0.069039 0.070404 0.069723 0.072068 0.067577 0.068924 0.069154 0.074394 0.089472 0.184773 0.259750 0.265807 0.409176 0.341247 0.313894 0.393754 0.293584 0.241441 0.087902 -9999.0
-9999.0 0.327201 0.368240 0.335975 0.328470 0.230646 0.040032 0.040027 0.047794 0.058038 0.040041 0.040096 0.313570 0.382061 0.044661 0.040019 0.040038 0.040053 0.040167 0.234291 0.325949 0.120169 0.073602 0.105349 0.072815 0.066940 0.067796 0.068279 0.069127 0.066299 0.066186 0.066519 0.067822 0.067708 0.064133 0.067042 0.064424 0.064208 0.066206 0.066415 0.066077 0.066260 0.065991 0.065351 0.065125 0.064977 0.067477 0.068204 0.069270 0.071195 0.075973 0.088876 0.270027 0.427776 0.520000 0.050688 0.111451 0.047896 0.052428 0.042788 0.053956 -9999.0 -9999.0
-9999.0 0.046240 0.188991 0.169498 0.352552 0.323431 0.338937 0.040060 0.040066 0.040035 0.040205 0.061690 0.329949 0.475516 0.040071 0.040014 0.040030 0.040020 0.040021 0.040463 0.044079 0.051505 0.104301 0.086561 0.078720 0.072742 0.070982 0.070096 0.067810 0.068303 0.066788 0.066437 0.067379 0.067106 0.066739 0.066338 0.066328 0.063996 0.066286 0.065847 0.065527 0.063139 0.065323 0.064872 0.065182 0.066449 0.067298 0.068852 0.071578 0.070798 0.138563 0.267234 0.059693 0.495160 0.041335 0.040093 0.040089 0.040061 0.040069 -9999.0 -9999.0 -9999.0 -9999.0
