erum2020/resources/simulation/Vinschgau/output-maps/thetaliqL0001N1043.asc
ncols         63
nrows         48
xllcorner     598000.000000
yllcorner     5145000.000000
cellsize      1000.000000
NODATA_value  -9999.0
[rows 0 to 28 of 48, columns 0 to 62 of 63]
-9999.0 -9999.0 -9999.0 -9999.0 -9999.0 -9999.0 -9999.0 -9999.0 -9999.0 -9999.0 -9999.0 -9999.0 -9999.0 -9999.0 -9999.0 -9999.0 -9999.0 -9999.0 -9999.0 -9999.0 -9999.0 -9999.0 -9999.0 -9999.0 -9999.0 -9999.0 -9999.0 -9999.0 -9999.0 -9999.0 -9999.0 -9999.0 -9999.0 -9999.0 -9999.0 -9999.0 -9999.0 -9999.0 -9999.0 -9999.0 -9999.0 -9999.0 -9999.0 -9999.0 -9999.0 -9999.0 -9999.0 -9999.0 -9999.0 -9999.0 -9999.0 -9999.0 -9999.0 -9999.0 -9999.0 -9999.0 -9999.0 -9999.0 -9999.0 -9999.0 -9999.0 -9999.0 -9999.0
-9999.0 -9999.0 -9999.0 -9999.0 -9999.0 -9999.0 -9999.0 -9999.0 -9999.0 -9999.0 -9999.0 -9999.0 -9999.0 -9999.0 -9999.0 -9999.0 -9999.0 -9999.0 -9999.0 -9999.0 -9999.0 -9999.0 -9999.0 -9999.0 -9999.0 -9999.0 -9999.0 0.020052 0.040029 0.020054 0.040001 0.040015 0.040001 -9999.0 -9999.0 -9999.0 -9999.0 -9999.0 -9999.0 -9999.0 -9999.0 -9999.0 -9999.0 -9999.0 -9999.0 -9999.0 -9999.0 -9999.0 -9999.0 -9999.0 -9999.0 -9999.0 -9999.0 -9999.0 -9999.0 -9999.0 -9999.0 -9999.0 -9999.0 -9999.0 -9999.0 -9999.0 -9999.0
-9999.0 -9999.0 -9999.0 -9999.0 -9999.0 -9999.0 -9999.0 -9999.0 -9999.0 -9999.0 -9999.0 -9999.0 -9999.0 -9999.0 -9999.0 -9999.0 -9999.0 -9999.0 -9999.0 -9999.0 -9999.0 -9999.0 -9999.0 -9999.0 0.040000 0.040119 0.040000 0.040060 0.040000 0.040000 0.040023 -9999.0 -9999.0 -9999.0 -9999.0 -9999.0 -9999.0 -9999.0 -9999.0 -9999.0 -9999.0 -9999.0 -9999.0 -9999.0 -9999.0 -9999.0 -9999.0 -9999.0 -9999.0 -9999.0 -9999.0 -9999.0 -9999.0 -9999.0 -9999.0 -9999.0 -9999.0 -9999.0 -9999.0 -9999.0 -9999.0 -9999.0 -9999.0
-9999.0 -9999.0 -9999.0 -9999.0 -9999.0 -9999.0 -9999.0 -9999.0 -9999.0 -9999.0 -9999.0 -9999.0 -9999.0 -9999.0 -9999.0 -9999.0 -9999.0 -9999.0 -9999.0 -9999.0 -9999.0 -9999.0 -9999.0 0.040960 0.096636 0.206984 0.184399 0.094914 0.336908 0.043719 0.040026 0.040016 -9999.0 -9999.0 -9999.0 -9999.0 -9999.0 -9999.0 -9999.0 -9999.0 -9999.0 -9999.0 -9999.0 -9999.0 -9999.0 -9999.0 -9999.0 -9999.0 -9999.0 -9999.0 -9999.0 -9999.0 -9999.0 -9999.0 -9999.0 -9999.0 -9999.0 -9999.0 -9999.0 -9999.0 -9999.0 -9999.0 -9999.0
-9999.0 -9999.0 -9999.0 -9999.0 -9999.0 -9999.0 -9999.0 -9999.0 -9999.0 -9999.0 -9999.0 -9999.0 -9999.0 -9999.0 -9999.0 -9999.0 -9999.0 -9999.0 0.393120 0.057226 -9999.0 0.048558 0.041105 0.190136 0.228784 0.082473 0.364793 0.408761 0.483481 0.164547 0.040000 0.040030 0.020000 0.020026 -9999.0 -9999.0 -9999.0 -9999.0 -9999.0 -9999.0 -9999.0 -9999.0 -9999.0 -9999.0 -9999.0 -9999.0 -9999.0 -9999.0 -9999.0 -9999.0 -9999.0 -9999.0 -9999.0 -9999.0 -9999.0 -9999.0 -9999.0 -9999.0 -9999.0 -9999.0 -9999.0 -9999.0 -9999.0
-9999.0 -9999.0 -9999.0 -9999.0 -9999.0 -9999.0 -9999.0 -9999.0 -9999.0 -9999.0 -9999.0 -9999.0 -9999.0 -9999.0 -9999.0 -9999.0 -9999.0 0.068942 0.070849 0.125622 0.020675 0.093476 0.168321 0.463066 0.360193 0.107680 0.040610 0.153363 0.045019 0.444584 0.157978 0.040000 0.020123 0.020045 0.020054 0.020110 -9999.0 -9999.0 -9999.0 -9999.0 -9999.0 -9999.0 -9999.0 -9999.0 -9999.0 -9999.0 -9999.0 -9999.0 -9999.0 -9999.0 -9999.0 -9999.0 -9999.0 -9999.0 -9999.0 -9999.0 -9999.0 -9999.0 -9999.0 -9999.0 -9999.0 -9999.0 -9999.0
-9999.0 -9999.0 -9999.0 -9999.0 -9999.0 -9999.0 -9999.0 -9999.0 -9999.0 -9999.0 -9999.0 -9999.0 -9999.0 0.112972 0.366631 0.073878 0.069557 0.022705 0.069674 0.073774 0.173021 0.292382 0.232047 0.369989 0.062235 0.100640 0.020096 0.040025 0.040033 0.050048 0.040112 0.040000 0.040000 0.040024 0.020181 0.020048 -9999.0 -9999.0 -9999.0 -9999.0 -9999.0 -9999.0 -9999.0 -9999.0 -9999.0 -9999.0 -9999.0 -9999.0 -9999.0 -9999.0 -9999.0 -9999.0 -9999.0 -9999.0 -9999.0 -9999.0 -9999.0 -9999.0 -9999.0 -9999.0 -9999.0 -9999.0 -9999.0
-9999.0 -9999.0 -9999.0 -9999.0 -9999.0 -9999.0 -9999.0 -9999.0 -9999.0 -9999.0 -9999.0 -9999.0 -9999.0 0.311458 0.157111 0.071048 0.070397 0.202377 0.022700 0.077167 0.070468 0.158296 0.205048 0.324794 0.467837 0.116437 0.040039 0.020000 0.020038 0.040056 0.040022 0.040035 0.020000 0.020018 0.020001 -9999.0 -9999.0 -9999.0 -9999.0 -9999.0 -9999.0 -9999.0 -9999.0 -9999.0 -9999.0 -9999.0 -9999.0 -9999.0 -9999.0 -9999.0 -9999.0 -9999.0 -9999.0 -9999.0 -9999.0 -9999.0 -9999.0 -9999.0 -9999.0 -9999.0 -9999.0 -9999.0 -9999.0
-9999.0 -9999.0 -9999.0 -9999.0 -9999.0 -9999.0 -9999.0 -9999.0 -9999.0 -9999.0 -9999.0 -9999.0 -9999.0 0.098810 0.520000 0.075395 0.071491 0.071060 0.022692 0.069933 0.250820 0.197309 0.175724 0.050805 0.388379 0.277363 0.020307 0.020034 0.040018 0.020020 0.040022 0.020018 0.020017 0.020014 0.020023 -9999.0 -9999.0 -9999.0 -9999.0 -9999.0 -9999.0 -9999.0 -9999.0 -9999.0 -9999.0 -9999.0 -9999.0 -9999.0 -9999.0 -9999.0 -9999.0 -9999.0 -9999.0 -9999.0 -9999.0 -9999.0 -9999.0 -9999.0 -9999.0 -9999.0 -9999.0 -9999.0 -9999.0
-9999.0 -9999.0 -9999.0 -9999.0 -9999.0 -9999.0 -9999.0 -9999.0 -9999.0 -9999.0 -9999.0 -9999.0 0.256593 0.520000 0.111041 0.317562 0.117153 0.073660 0.157980 0.022806 0.257370 0.105236 0.040163 0.042115 0.040105 0.040028 0.040045 0.040023 0.040000 0.020128 0.040005 0.020057 0.040009 0.020023 -9999.0 -9999.0 -9999.0 -9999.0 -9999.0 -9999.0 -9999.0 -9999.0 -9999.0 -9999.0 -9999.0 -9999.0 -9999.0 -9999.0 -9999.0 -9999.0 -9999.0 -9999.0 -9999.0 -9999.0 -9999.0 -9999.0 -9999.0 -9999.0 -9999.0 -9999.0 -9999.0 -9999.0 -9999.0
-9999.0 -9999.0 -9999.0 -9999.0 -9999.0 -9999.0 -9999.0 -9999.0 -9999.0 -9999.0 -9999.0 0.042507 0.309495 0.520000 0.145835 0.383746 0.022768 0.072930 0.307142 0.196878 0.071994 0.392139 0.040316 0.040053 0.040106 0.040000 0.040019 0.040000 0.040000 0.020026 0.020057 0.040000 0.020164 0.020027 0.020001 0.020139 0.040021 0.040021 0.040001 -9999.0 -9999.0 -9999.0 0.020025 -9999.0 -9999.0 -9999.0 -9999.0 -9999.0 -9999.0 -9999.0 -9999.0 -9999.0 -9999.0 -9999.0 -9999.0 -9999.0 -9999.0 -9999.0 -9999.0 -9999.0 -9999.0 -9999.0 -9999.0
-9999.0 -9999.0 -9999.0 -9999.0 -9999.0 -9999.0 -9999.0 -9999.0 -9999.0 -9999.0 -9999.0 0.040267 0.270008 0.128718 0.072338 0.226729 0.067641 0.069775 0.195416 0.238416 0.346774 0.257772 0.075292 0.040034 0.040016 0.040000 0.040036 0.040000 0.020000 0.020027 0.040001 0.040000 0.040018 0.040008 0.040012 0.040000 0.040000 0.040000 0.040023 0.020028 0.020028 0.020026 0.040001 0.020001 -9999.0 -9999.0 -9999.0 0.040008 0.040103 0.020056 0.040054 0.020024 0.020023 0.040008 0.040006 0.020022 -9999.0 -9999.0 -9999.0 -9999.0 -9999.0 -9999.0 -9999.0
-9999.0 -9999.0 -9999.0 -9999.0 -9999.0 -9999.0 -9999.0 -9999.0 -9999.0 -9999.0 -9999.0 0.087148 0.123199 0.126882 0.366832 0.383763 0.357748 0.072872 0.156235 0.200710 0.212486 0.133890 0.040051 0.040000 0.040037 0.020060 0.040026 0.040038 0.020043 0.040012 0.020034 0.040031 0.040000 0.040014 0.020002 0.040000 0.040047 0.040066 0.078164 0.020040 0.040001 0.040020 0.040000 0.040023 0.040012 -9999.0 0.020022 0.040008 0.040001 0.040000 0.040000 0.020122 0.040027 0.040027 0.040000 0.040014 -9999.0 -9999.0 -9999.0 -9999.0 -9999.0 -9999.0 -9999.0
-9999.0 -9999.0 -9999.0 -9999.0 -9999.0 -9999.0 -9999.0 -9999.0 -9999.0 -9999.0 -9999.0 -9999.0 0.041105 0.040343 0.272455 0.291222 0.247324 0.073954 0.232321 0.223365 0.111714 0.252280 0.040116 0.040022 0.040027 0.040061 0.081832 0.040000 0.040002 0.020124 0.040036 0.040034 0.040000 0.040002 0.040009 0.040035 0.040019 0.040075 0.278831 0.040849 0.040000 0.020259 0.040022 0.040000 0.020034 0.040011 0.020027 0.040012 0.040012 0.040021 0.041132 0.040035 0.040035 0.040027 0.040012 0.040000 0.040116 -9999.0 -9999.0 -9999.0 -9999.0 -9999.0 -9999.0
-9999.0 -9999.0 -9999.0 -9999.0 -9999.0 -9999.0 -9999.0 -9999.0 -9999.0 -9999.0 -9999.0 0.040056 0.040849 0.040324 0.040112 0.192902 0.376688 0.089851 0.231876 0.074201 0.075614 0.315159 0.134126 0.040066 0.040052 0.040070 0.040032 0.040024 0.040021 0.020047 0.040052 0.040053 0.040000 0.040002 0.040011 0.040001 0.040026 0.040022 0.127703 0.128538 0.040026 0.047911 0.040145 0.020060 0.040400 0.040027 0.040000 0.020001 0.020263 0.050703 0.020040 0.040027 0.040009 0.020023 0.020020 0.020019 0.020118 -9999.0 -9999.0 -9999.0 -9999.0 -9999.0 -9999.0
-9999.0 -9999.0 -9999.0 -9999.0 -9999.0 -9999.0 -9999.0 -9999.0 -9999.0 -9999.0 0.096846 0.040027 0.040254 0.040190 0.174117 0.041860 0.040693 0.080160 0.072360 0.075789 0.297934 0.405789 0.040229 0.124224 0.040085 0.040084 0.040041 0.020030 0.040000 0.054710 0.040075 0.040069 0.040000 0.040020 0.020024 0.020091 0.040000 0.040019 0.040144 0.289164 0.364310 0.198795 0.198301 0.385948 0.041247 0.020211 0.040000 0.040023 0.040078 0.070991 0.020026 0.020028 0.020019 0.020017 0.020017 0.040020 0.040001 -9999.0 -9999.0 -9999.0 -9999.0 -9999.0 -9999.0
-9999.0 -9999.0 -9999.0 -9999.0 -9999.0 -9999.0 -9999.0 -9999.0 -9999.0 0.040031 0.040000 0.040064 0.040096 0.040050 0.040092 0.040330 0.042980 0.416728 0.071861 0.071568 0.269935 0.127992 0.105854 0.396283 0.134669 0.040062 0.040025 0.057577 0.040030 0.047871 0.166083 0.040052 0.020044 0.020018 0.020028 0.020086 0.040000 0.040016 0.040023 0.040092 0.040086 0.040515 0.040313 0.125184 0.335891 0.048397 0.171938 0.040056 0.040055 0.176649 0.040043 0.020031 0.020016 0.020019 0.020024 0.040010 0.040012 0.020035 0.020026 -9999.0 -9999.0 -9999.0 -9999.0
-9999.0 -9999.0 -9999.0 -9999.0 -9999.0 -9999.0 -9999.0 -9999.0 -9999.0 0.040031 0.040000 0.069851 0.300216 0.081021 0.041848 0.040061 0.158981 0.413319 0.070551 0.161811 0.207057 0.091819 0.428981 0.315760 0.040095 0.040051 0.040058 0.072720 0.425064 0.332641 0.219779 0.040039 0.040001 0.040015 0.040002 0.020039 0.020050 0.020250 0.040000 0.040000 0.040028 0.040042 0.040248 0.441900 0.248001 0.368153 0.420931 0.387192 0.095477 0.196703 0.040023 0.040009 0.020020 0.040007 0.020024 0.040007 0.040013 0.040016 0.020056 -9999.0 -9999.0 -9999.0 -9999.0
-9999.0 -9999.0 -9999.0 -9999.0 -9999.0 -9999.0 -9999.0 -9999.0 -9999.0 -9999.0 0.040032 0.040000 0.040106 0.040222 0.117906 0.043912 0.075374 0.367609 0.069159 0.107412 0.241145 0.080252 0.057416 0.040218 0.040048 0.040968 0.208151 0.520000 0.267771 0.040055 0.040042 0.040042 0.040016 0.040035 0.040000 0.040000 0.056503 0.040000 0.020051 0.040026 0.040028 0.067690 0.214490 0.048436 0.075556 0.115352 0.206642 0.386057 0.343963 0.193183 0.040044 0.040013 0.020024 0.020021 0.040006 0.040008 0.040003 0.040082 0.040105 0.055511 -9999.0 -9999.0 -9999.0
-9999.0 -9999.0 -9999.0 -9999.0 -9999.0 -9999.0 -9999.0 -9999.0 -9999.0 -9999.0 0.040003 0.040000 0.057346 0.089274 0.520000 0.136425 0.081999 0.077908 0.069251 0.071054 0.069965 0.081452 0.051722 0.041473 0.042755 0.430097 0.519191 0.097892 0.040074 0.040018 0.040039 0.040000 0.020029 0.040015 0.040000 0.040583 0.040091 0.040070 0.040033 0.040022 0.040000 0.020055 0.040022 0.042613 0.111447 0.040396 0.067848 0.078156 0.187387 0.428500 0.158411 0.040039 0.040013 0.020026 0.020019 0.020021 0.040013 0.040062 0.520000 0.520000 -9999.0 -9999.0 -9999.0
-9999.0 -9999.0 -9999.0 -9999.0 -9999.0 -9999.0 -9999.0 -9999.0 0.040000 0.040035 0.040019 0.040000 0.040044 0.040062 0.046800 0.286742 0.073670 0.080244 0.076853 0.069806 0.067292 0.068286 0.076709 0.079080 0.285239 0.400073 0.449643 0.040141 0.040053 0.040018 0.020019 0.040029 0.040036 0.040016 0.040001 0.040000 0.171177 0.040272 0.040028 0.020039 0.020083 0.040000 0.020040 0.020044 0.020266 0.128137 0.040032 0.040046 0.103142 0.453394 0.363410 0.040166 0.040012 0.040008 0.020022 0.040018 0.020037 0.040761 0.427903 0.267700 -9999.0 -9999.0 -9999.0
-9999.0 -9999.0 -9999.0 -9999.0 -9999.0 -9999.0 -9999.0 -9999.0 0.020065 0.040018 0.040023 0.040021 0.040000 0.040062 0.040116 0.107208 0.077982 0.073780 0.067449 0.069329 0.146535 0.080469 0.078663 0.072502 0.070283 0.128335 0.360100 0.040095 0.020029 0.040021 0.040015 0.020046 0.040001 0.020053 0.040000 0.043348 0.242185 0.041616 0.040028 0.040000 0.040000 0.040008 0.020059 0.040000 0.045690 0.040021 0.020034 0.040038 0.040627 0.339226 0.488747 0.041589 0.040011 0.040014 0.040027 0.020050 0.040086 0.086027 0.467107 0.294718 0.074634 -9999.0 -9999.0
-9999.0 -9999.0 -9999.0 -9999.0 -9999.0 -9999.0 -9999.0 -9999.0 0.040042 0.040073 0.040082 0.040016 0.040000 0.020043 0.040053 0.040144 0.118350 0.141440 0.068063 0.125380 0.068788 0.071500 0.072843 0.070662 0.152127 0.075329 0.336158 0.040079 0.020027 0.040000 0.020075 0.040000 0.040036 0.040049 0.040292 0.162632 0.040176 0.520000 0.040815 0.040023 0.040000 0.020150 0.040000 0.040000 0.040022 0.040000 0.020039 0.040000 0.040032 0.064153 0.335047 0.246308 0.040017 0.040012 0.040046 0.040095 0.509379 0.453135 0.236294 0.313161 0.222840 -9999.0 -9999.0
-9999.0 -9999.0 -9999.0 -9999.0 -9999.0 -9999.0 -9999.0 -9999.0 0.020029 0.040000 0.040033 0.020027 0.040001 0.040052 0.040365 0.281612 0.071021 0.069116 0.215384 0.067819 0.070305 0.070196 0.074418 0.072451 0.073468 0.229441 0.044793 0.040040 0.048690 0.040024 0.040048 0.040029 0.126674 0.040127 0.040302 0.125742 0.495012 0.075483 0.388377 0.040301 0.049960 0.062334 0.040000 0.020261 0.040000 0.020167 0.040000 0.020082 0.040029 0.040063 0.074228 0.354416 0.278246 0.040047 0.449573 0.520000 0.347989 0.213256 0.086531 0.231104 0.246601 0.171370 -9999.0
-9999.0 -9999.0 -9999.0 -9999.0 -9999.0 -9999.0 -9999.0 -9999.0 0.040010 0.040000 0.040058 0.040056 0.040041 0.042598 0.360291 0.395733 0.394598 0.084587 0.209451 0.073498 0.069762 0.072719 0.071989 0.073088 0.196241 0.097492 0.040092 0.046872 0.125660 0.040068 0.040345 0.209814 0.520000 0.469195 0.227259 0.421916 0.234930 0.071821 0.071997 0.457492 0.401746 0.199135 0.043023 0.071228 0.040043 0.040266 0.040206 0.040110 0.040539 0.179011 0.440106 0.164669 0.289433 0.363918 0.520000 0.520000 0.400515 0.301742 0.275042 0.223885 0.079094 0.187034 -9999.0
-9999.0 -9999.0 0.040000 0.040000 0.040031 0.040044 0.040021 0.040026 0.040019 0.040032 0.040021 0.040074 0.044443 0.067331 0.506888 0.474537 0.062453 0.040080 0.040128 0.139782 0.073993 0.070568 0.234553 0.068756 0.075567 0.076780 0.083822 0.162850 0.235511 0.489810 0.059474 0.275314 0.400419 0.081070 0.278765 0.074261 0.088815 0.069531 0.070434 0.074026 0.190403 0.296559 0.175895 0.377577 0.111896 0.185663 0.478014 0.329884 0.334621 0.315833 0.181265 0.215537 0.343596 0.383563 0.467414 0.444134 0.375685 0.304145 0.309661 0.119050 0.335118 0.210591 -9999.0
-9999.0 0.040055 0.040020 0.040020 0.040049 0.040042 0.040077 0.040021 0.040014 0.040017 0.040033 0.040130 0.228365 0.393748 0.517767 0.040661 0.040069 0.040035 0.040057 0.067103 0.074916 0.072396 0.399610 0.087642 0.073434 0.075472 0.116607 0.175979 0.142893 0.272660 0.160126 0.171165 0.223225 0.235007 0.074558 0.076201 0.070842 0.066869 0.075667 0.085323 0.073917 0.074935 0.087796 0.071182 0.072838 0.077392 0.220236 0.069220 0.076320 0.076245 0.238539 0.310048 0.377600 0.421044 0.450234 0.520000 0.401969 0.374206 0.520000 0.485466 0.348673 0.215800 -9999.0
-9999.0 0.091711 0.040083 0.040145 0.227436 0.040059 0.040029 0.040017 0.040018 0.040017 0.040025 0.040078 0.304866 0.519908 0.041244 0.040016 0.040023 0.040029 0.040510 0.150433 0.520000 0.269926 0.137660 0.378112 0.304069 0.152221 0.068596 0.071165 0.100927 0.067542 0.067041 0.067523 0.152434 0.129875 0.149623 0.074302 0.086586 0.075476 0.070981 0.070041 0.070608 0.072249 0.069495 0.066398 0.065775 0.065731 0.074314 0.094125 0.137952 0.194402 0.264041 0.246072 0.348463 0.496664 0.505285 0.049789 0.054864 0.044299 0.049532 0.041147 0.053134 -9999.0 -9999.0
-9999.0 0.075690 0.040097 0.040784 0.393703 0.302478 0.190110 0.040051 0.040034 0.040037 0.040049 0.056996 0.519863 0.332263 0.040060 0.040012 0.040018 0.040047 0.040054 0.041382 0.040874 0.050447 0.193626 0.350018 0.336880 0.229838 0.211048 0.195074 0.071194 0.084325 0.069406 0.068846 0.097923 0.089757 0.074799 0.071542 0.071404 0.074074 0.070784 0.070096 0.069889 0.079887 0.070967 0.067079 0.067333 0.076166 0.080734 0.161303 0.225533 0.083267 0.306210 0.316436 0.056154 0.059982 0.040666 0.040077 0.040074 0.040052 0.040058 -9999.0 -9999.0 -9999.0 -9999.0
