erum2020/resources/simulation/Vinschgau/output-maps/thetaliqL0002N0348.asc
ncols         63
nrows         48
xllcorner     598000.000000
yllcorner     5145000.000000
cellsize      1000.000000
NODATA_value  -9999.0
[rows 0 to 28 of 48, columns 0 to 62 of 63]
-9999.0 -9999.0 -9999.0 -9999.0 -9999.0 -9999.0 -9999.0 -9999.0 -9999.0 -9999.0 -9999.0 -9999.0 -9999.0 -9999.0 -9999.0 -9999.0 -9999.0 -9999.0 -9999.0 -9999.0 -9999.0 -9999.0 -9999.0 -9999.0 -9999.0 -9999.0 -9999.0 -9999.0 -9999.0 -9999.0 -9999.0 -9999.0 -9999.0 -9999.0 -9999.0 -9999.0 -9999.0 -9999.0 -9999.0 -9999.0 -9999.0 -9999.0 -9999.0 -9999.0 -9999.0 -9999.0 -9999.0 -9999.0 -9999.0 -9999.0 -9999.0 -9999.0 -9999.0 -9999.0 -9999.0 -9999.0 -9999.0 -9999.0 -9999.0 -9999.0 -9999.0 -9999.0 -9999.0
-9999.0 -9999.0 -9999.0 -9999.0 -9999.0 -9999.0 -9999.0 -9999.0 -9999.0 -9999.0 -9999.0 -9999.0 -9999.0 -9999.0 -9999.0 -9999.0 -9999.0 -9999.0 -9999.0 -9999.0 -9999.0 -9999.0 -9999.0 -9999.0 -9999.0 -9999.0 -9999.0 0.022027 0.041131 0.020404 0.042408 0.040613 0.041047 -9999.0 -9999.0 -9999.0 -9999.0 -9999.0 -9999.0 -9999.0 -9999.0 -9999.0 -9999.0 -9999.0 -9999.0 -9999.0 -9999.0 -9999.0 -9999.0 -9999.0 -9999.0 -9999.0 -9999.0 -9999.0 -9999.0 -9999.0 -9999.0 -9999.0 -9999.0 -9999.0 -9999.0 -9999.0 -9999.0
-9999.0 -9999.0 -9999.0 -9999.0 -9999.0 -9999.0 -9999.0 -9999.0 -9999.0 -9999.0 -9999.0 -9999.0 -9999.0 -9999.0 -9999.0 -9999.0 -9999.0 -9999.0 -9999.0 -9999.0 -9999.0 -9999.0 -9999.0 -9999.0 0.043569 0.040716 0.041208 0.040544 0.041395 0.040610 0.042132 -9999.0 -9999.0 -9999.0 -9999.0 -9999.0 -9999.0 -9999.0 -9999.0 -9999.0 -9999.0 -9999.0 -9999.0 -9999.0 -9999.0 -9999.0 -9999.0 -9999.0 -9999.0 -9999.0 -9999.0 -9999.0 -9999.0 -9999.0 -9999.0 -9999.0 -9999.0 -9999.0 -9999.0 -9999.0 -9999.0 -9999.0 -9999.0
-9999.0 -9999.0 -9999.0 -9999.0 -9999.0 -9999.0 -9999.0 -9999.0 -9999.0 -9999.0 -9999.0 -9999.0 -9999.0 -9999.0 -9999.0 -9999.0 -9999.0 -9999.0 -9999.0 -9999.0 -9999.0 -9999.0 -9999.0 0.041017 0.520000 0.520000 0.520000 0.520000 0.520000 0.040549 0.040577 0.043554 -9999.0 -9999.0 -9999.0 -9999.0 -9999.0 -9999.0 -9999.0 -9999.0 -9999.0 -9999.0 -9999.0 -9999.0 -9999.0 -9999.0 -9999.0 -9999.0 -9999.0 -9999.0 -9999.0 -9999.0 -9999.0 -9999.0 -9999.0 -9999.0 -9999.0 -9999.0 -9999.0 -9999.0 -9999.0 -9999.0 -9999.0
-9999.0 -9999.0 -9999.0 -9999.0 -9999.0 -9999.0 -9999.0 -9999.0 -9999.0 -9999.0 -9999.0 -9999.0 -9999.0 -9999.0 -9999.0 -9999.0 -9999.0 -9999.0 0.520000 0.520000 -9999.0 0.042988 0.040714 0.520000 0.520000 0.520000 0.048706 0.045151 0.520000 0.520000 0.040998 0.040699 0.020259 0.020116 -9999.0 -9999.0 -9999.0 -9999.0 -9999.0 -9999.0 -9999.0 -9999.0 -9999.0 -9999.0 -9999.0 -9999.0 -9999.0 -9999.0 -9999.0 -9999.0 -9999.0 -9999.0 -9999.0 -9999.0 -9999.0 -9999.0 -9999.0 -9999.0 -9999.0 -9999.0 -9999.0 -9999.0 -9999.0
-9999.0 -9999.0 -9999.0 -9999.0 -9999.0 -9999.0 -9999.0 -9999.0 -9999.0 -9999.0 -9999.0 -9999.0 -9999.0 -9999.0 -9999.0 -9999.0 -9999.0 0.520000 0.520000 0.082498 0.020606 0.062369 0.520000 0.520000 0.520000 0.051144 0.046236 0.051544 0.048772 0.041836 0.520000 0.040471 0.105902 0.020234 0.020239 0.020079 -9999.0 -9999.0 -9999.0 -9999.0 -9999.0 -9999.0 -9999.0 -9999.0 -9999.0 -9999.0 -9999.0 -9999.0 -9999.0 -9999.0 -9999.0 -9999.0 -9999.0 -9999.0 -9999.0 -9999.0 -9999.0 -9999.0 -9999.0 -9999.0 -9999.0 -9999.0 -9999.0
-9999.0 -9999.0 -9999.0 -9999.0 -9999.0 -9999.0 -9999.0 -9999.0 -9999.0 -9999.0 -9999.0 -9999.0 -9999.0 0.050455 0.520000 0.520000 0.520000 0.179903 0.520000 0.520000 0.520000 0.520000 0.520000 0.520000 0.520000 0.043526 0.020876 0.047656 0.041870 0.046013 0.044864 0.041712 0.041240 0.040030 0.020092 0.020041 -9999.0 -9999.0 -9999.0 -9999.0 -9999.0 -9999.0 -9999.0 -9999.0 -9999.0 -9999.0 -9999.0 -9999.0 -9999.0 -9999.0 -9999.0 -9999.0 -9999.0 -9999.0 -9999.0 -9999.0 -9999.0 -9999.0 -9999.0 -9999.0 -9999.0 -9999.0 -9999.0
-9999.0 -9999.0 -9999.0 -9999.0 -9999.0 -9999.0 -9999.0 -9999.0 -9999.0 -9999.0 -9999.0 -9999.0 -9999.0 0.040908 0.520000 0.520000 0.520000 0.520000 0.178744 0.390411 0.459324 0.520000 0.520000 0.520000 0.520000 0.041666 0.040816 0.020653 0.020409 0.041151 0.041717 0.040047 0.020065 0.020021 0.020032 -9999.0 -9999.0 -9999.0 -9999.0 -9999.0 -9999.0 -9999.0 -9999.0 -9999.0 -9999.0 -9999.0 -9999.0 -9999.0 -9999.0 -9999.0 -9999.0 -9999.0 -9999.0 -9999.0 -9999.0 -9999.0 -9999.0 -9999.0 -9999.0 -9999.0 -9999.0 -9999.0 -9999.0
-9999.0 -9999.0 -9999.0 -9999.0 -9999.0 -9999.0 -9999.0 -9999.0 -9999.0 -9999.0 -9999.0 -9999.0 -9999.0 0.520000 0.520000 0.047855 0.520000 0.520000 0.180027 0.430835 0.520000 0.021546 0.042873 0.050866 0.055056 0.061292 0.020585 0.020166 0.041223 0.020031 0.040079 0.020017 0.020019 0.020015 0.020022 -9999.0 -9999.0 -9999.0 -9999.0 -9999.0 -9999.0 -9999.0 -9999.0 -9999.0 -9999.0 -9999.0 -9999.0 -9999.0 -9999.0 -9999.0 -9999.0 -9999.0 -9999.0 -9999.0 -9999.0 -9999.0 -9999.0 -9999.0 -9999.0 -9999.0 -9999.0 -9999.0 -9999.0
-9999.0 -9999.0 -9999.0 -9999.0 -9999.0 -9999.0 -9999.0 -9999.0 -9999.0 -9999.0 -9999.0 -9999.0 0.040605 0.520000 0.040971 0.041603 0.040810 0.520000 0.520000 0.080459 0.520000 0.041840 0.053604 0.046200 0.041450 0.040240 0.043219 0.046071 0.040568 0.020135 0.040008 0.020387 0.040155 0.020078 -9999.0 -9999.0 -9999.0 -9999.0 -9999.0 -9999.0 -9999.0 -9999.0 -9999.0 -9999.0 -9999.0 -9999.0 -9999.0 -9999.0 -9999.0 -9999.0 -9999.0 -9999.0 -9999.0 -9999.0 -9999.0 -9999.0 -9999.0 -9999.0 -9999.0 -9999.0 -9999.0 -9999.0 -9999.0
-9999.0 -9999.0 -9999.0 -9999.0 -9999.0 -9999.0 -9999.0 -9999.0 -9999.0 -9999.0 -9999.0 0.055955 0.042068 0.520000 0.041836 0.043516 0.021289 0.520000 0.507062 0.196060 0.520000 0.520000 0.047299 0.042969 0.048503 0.047912 0.040052 0.042970 0.040609 0.020061 0.020914 0.040826 0.020207 0.020072 0.020147 0.020207 0.312890 0.282462 0.164162 -9999.0 -9999.0 -9999.0 0.020127 -9999.0 -9999.0 -9999.0 -9999.0 -9999.0 -9999.0 -9999.0 -9999.0 -9999.0 -9999.0 -9999.0 -9999.0 -9999.0 -9999.0 -9999.0 -9999.0 -9999.0 -9999.0 -9999.0 -9999.0
-9999.0 -9999.0 -9999.0 -9999.0 -9999.0 -9999.0 -9999.0 -9999.0 -9999.0 -9999.0 -9999.0 0.046378 0.051029 0.040685 0.040944 0.040254 0.041109 0.520000 0.520000 0.520000 0.520000 0.520000 0.044268 0.055724 0.051715 0.044377 0.042171 0.040996 0.022565 0.020180 0.040507 0.041120 0.040190 0.040113 0.040128 0.520000 0.353087 0.054944 0.060735 0.112294 0.120256 0.020092 0.519874 0.020161 -9999.0 -9999.0 -9999.0 0.164352 0.057730 0.025413 0.072381 0.027011 0.026910 0.135105 0.143946 0.026971 -9999.0 -9999.0 -9999.0 -9999.0 -9999.0 -9999.0 -9999.0
-9999.0 -9999.0 -9999.0 -9999.0 -9999.0 -9999.0 -9999.0 -9999.0 -9999.0 -9999.0 -9999.0 0.056624 0.041769 0.041854 0.046464 0.041618 0.042811 0.520000 0.520000 0.520000 0.520000 0.520000 0.520000 0.041482 0.042132 0.020773 0.520000 0.043498 0.020932 0.041171 0.020742 0.040638 0.519962 0.040040 0.020130 0.520000 0.159495 0.059048 0.048478 0.021283 0.322821 0.520000 0.520000 0.520000 0.040272 -9999.0 0.020464 0.055714 0.044846 0.040775 0.044270 0.021288 0.043410 0.149871 0.146800 0.125574 -9999.0 -9999.0 -9999.0 -9999.0 -9999.0 -9999.0 -9999.0
-9999.0 -9999.0 -9999.0 -9999.0 -9999.0 -9999.0 -9999.0 -9999.0 -9999.0 -9999.0 -9999.0 -9999.0 0.045388 0.056551 0.040464 0.041616 0.046483 0.520000 0.520000 0.520000 0.520000 0.520000 0.520000 0.520000 0.042155 0.520000 0.520000 0.042812 0.044914 0.021577 0.040976 0.041700 0.040901 0.040198 0.040172 0.487789 0.467443 0.084569 0.051354 0.053845 0.129191 0.163497 0.520000 0.520000 0.020235 0.041567 0.022988 0.053478 0.060550 0.520000 0.519989 0.064842 0.520000 0.109082 0.053455 0.050207 0.138990 -9999.0 -9999.0 -9999.0 -9999.0 -9999.0 -9999.0
-9999.0 -9999.0 -9999.0 -9999.0 -9999.0 -9999.0 -9999.0 -9999.0 -9999.0 -9999.0 -9999.0 0.041150 0.042239 0.046419 0.045119 0.376635 0.520000 0.520000 0.520000 0.520000 0.520000 0.520000 0.056895 0.041808 0.053711 0.520000 0.043281 0.041041 0.041908 0.020572 0.520000 0.520000 0.520000 0.040178 0.040022 0.040853 0.442858 0.294424 0.262282 0.057464 0.187988 0.238985 0.520000 0.061519 0.520000 0.040906 0.041408 0.020514 0.021179 0.520000 0.022024 0.042610 0.046726 0.020713 0.021005 0.020226 0.028497 -9999.0 -9999.0 -9999.0 -9999.0 -9999.0 -9999.0
-9999.0 -9999.0 -9999.0 -9999.0 -9999.0 -9999.0 -9999.0 -9999.0 -9999.0 -9999.0 0.127223 0.040868 0.040916 0.059436 0.040972 0.520000 0.044861 0.043747 0.498072 0.520000 0.520000 0.520000 0.377981 0.520000 0.520000 0.263104 0.051067 0.020941 0.520000 0.520000 0.520000 0.042690 0.041133 0.040102 0.020041 0.020165 0.388211 0.520000 0.513661 0.258477 0.144534 0.185024 0.186543 0.520000 0.520000 0.020556 0.041832 0.520000 0.520000 0.520000 0.024716 0.020990 0.020682 0.020387 0.020989 0.127530 0.126169 -9999.0 -9999.0 -9999.0 -9999.0 -9999.0 -9999.0
-9999.0 -9999.0 -9999.0 -9999.0 -9999.0 -9999.0 -9999.0 -9999.0 -9999.0 0.044303 0.069692 0.082894 0.520000 0.040685 0.520000 0.056006 0.051561 0.496200 0.520000 0.447903 0.520000 0.190721 0.488454 0.517413 0.520000 0.052332 0.043039 0.520000 0.520000 0.520000 0.520000 0.041834 0.020127 0.020043 0.020286 0.020265 0.040415 0.520000 0.042523 0.520000 0.520000 0.043337 0.045281 0.520000 0.520000 0.520000 0.520000 0.309562 0.519860 0.520000 0.518935 0.025724 0.020099 0.022531 0.025947 0.082071 0.133532 0.050648 0.033069 -9999.0 -9999.0 -9999.0 -9999.0
-9999.0 -9999.0 -9999.0 -9999.0 -9999.0 -9999.0 -9999.0 -9999.0 -9999.0 0.047661 0.044374 0.049190 0.520000 0.520000 0.520000 0.041305 0.520000 0.520000 0.520000 0.222817 0.347878 0.415504 0.519981 0.520000 0.056192 0.520000 0.520000 0.520000 0.520000 0.520000 0.046845 0.048118 0.043218 0.041015 0.040459 0.020380 0.020330 0.093266 0.040752 0.041448 0.042299 0.042274 0.339976 0.471411 0.520000 0.519999 0.520000 0.520000 0.520000 0.520000 0.049737 0.076847 0.022954 0.052261 0.021778 0.161025 0.127778 0.520000 0.033509 -9999.0 -9999.0 -9999.0 -9999.0
-9999.0 -9999.0 -9999.0 -9999.0 -9999.0 -9999.0 -9999.0 -9999.0 -9999.0 -9999.0 0.048624 0.057275 0.051419 0.520000 0.520000 0.519893 0.519978 0.520000 0.520000 0.370985 0.520000 0.520000 0.520000 0.046286 0.520000 0.520000 0.520000 0.520000 0.520000 0.048270 0.048297 0.042629 0.041614 0.041400 0.041607 0.520000 0.486612 0.520000 0.020266 0.040896 0.040025 0.042070 0.047440 0.052306 0.047517 0.519994 0.520000 0.520000 0.520000 0.520000 0.520000 0.051215 0.027781 0.024084 0.047126 0.052121 0.070106 0.520000 0.520000 0.379742 -9999.0 -9999.0 -9999.0
-9999.0 -9999.0 -9999.0 -9999.0 -9999.0 -9999.0 -9999.0 -9999.0 -9999.0 -9999.0 0.049478 0.050827 0.054407 0.047649 0.520000 0.520000 0.407794 0.465484 0.365172 0.182724 0.187089 0.271288 0.294425 0.258597 0.431812 0.520000 0.520000 0.520000 0.045076 0.040913 0.042543 0.057537 0.020965 0.040257 0.042050 0.044099 0.520000 0.520000 0.040504 0.040271 0.052306 0.023305 0.048492 0.042987 0.072395 0.063463 0.067054 0.060490 0.520000 0.520000 0.520000 0.055512 0.085733 0.028421 0.024683 0.028726 0.046370 0.128331 0.520000 0.520000 -9999.0 -9999.0 -9999.0
-9999.0 -9999.0 -9999.0 -9999.0 -9999.0 -9999.0 -9999.0 -9999.0 0.042747 0.041355 0.065114 0.055421 0.062591 0.066435 0.050290 0.520000 0.456161 0.386058 0.083383 0.116124 0.073830 0.259442 0.319603 0.290254 0.383636 0.520000 0.520000 0.049561 0.051369 0.052607 0.020273 0.044099 0.050001 0.046728 0.055533 0.040368 0.059056 0.520000 0.040881 0.023238 0.021780 0.045956 0.020893 0.020386 0.021576 0.065468 0.046165 0.072296 0.520000 0.520000 0.520000 0.520000 0.066907 0.068758 0.030144 0.053273 0.047558 0.520000 0.520000 0.520000 -9999.0 -9999.0 -9999.0
-9999.0 -9999.0 -9999.0 -9999.0 -9999.0 -9999.0 -9999.0 -9999.0 0.023803 0.520000 0.043388 0.043375 0.048454 0.055783 0.048677 0.520000 0.520000 0.445103 0.386668 0.098607 0.118781 0.072272 0.160401 0.291361 0.306980 0.520000 0.520000 0.520000 0.023464 0.057038 0.056339 0.020802 0.061472 0.024626 0.063528 0.042404 0.520000 0.520000 0.041286 0.061583 0.042297 0.040009 0.021037 0.066629 0.520000 0.064382 0.021844 0.051663 0.055754 0.520000 0.520000 0.520000 0.053901 0.136500 0.520000 0.184712 0.520000 0.520000 0.520000 0.520000 0.228109 -9999.0 -9999.0
-9999.0 -9999.0 -9999.0 -9999.0 -9999.0 -9999.0 -9999.0 -9999.0 0.047960 0.063038 0.520000 0.064762 0.051137 0.022939 0.477174 0.441377 0.378155 0.378377 0.133418 0.169076 0.078433 0.076188 0.074494 0.071899 0.520000 0.520000 0.520000 0.046496 0.020566 0.041298 0.021061 0.520000 0.040991 0.041994 0.071802 0.520000 0.070369 0.520000 0.043334 0.065430 0.057303 0.024191 0.068634 0.054965 0.051394 0.051336 0.026945 0.099665 0.061106 0.520000 0.520000 0.520000 0.520000 0.520000 0.520000 0.520000 0.520000 0.520000 0.520000 0.520000 0.520000 -9999.0 -9999.0
-9999.0 -9999.0 -9999.0 -9999.0 -9999.0 -9999.0 -9999.0 -9999.0 0.021168 0.071167 0.520000 0.022221 0.520000 0.520000 0.520000 0.520000 0.518827 0.520000 0.488176 0.329790 0.185058 0.139921 0.164856 0.214022 0.480051 0.520000 0.520000 0.519940 0.520000 0.520000 0.520000 0.520000 0.520000 0.520000 0.043885 0.041860 0.376819 0.520000 0.520000 0.042736 0.064558 0.070496 0.045936 0.020705 0.078353 0.027956 0.045775 0.022116 0.046902 0.520000 0.520000 0.520000 0.520000 0.520000 0.520000 0.520000 0.520000 0.520000 0.520000 0.520000 0.520000 0.520000 -9999.0
-9999.0 -9999.0 -9999.0 -9999.0 -9999.0 -9999.0 -9999.0 -9999.0 0.056615 0.081786 0.520000 0.520000 0.520000 0.520000 0.520000 0.520000 0.520000 0.520000 0.520000 0.520000 0.389351 0.189262 0.208477 0.249866 0.371323 0.418566 0.280591 0.516452 0.520000 0.520000 0.520000 0.520000 0.520000 0.520000 0.520000 0.520000 0.520000 0.520000 0.520000 0.520000 0.520000 0.520000 0.520000 0.520000 0.042161 0.520000 0.520000 0.520000 0.520000 0.520000 0.520000 0.460769 0.520000 0.520000 0.520000 0.520000 0.520000 0.520000 0.520000 0.520000 0.520000 0.520000 -9999.0
-9999.0 -9999.0 0.047439 0.056257 0.064357 0.043915 0.047621 0.043811 0.063403 0.067018 0.055043 0.520000 0.520000 0.520000 0.520000 0.520000 0.520000 0.063344 0.072910 0.520000 0.520000 0.520000 0.520000 0.177834 0.315537 0.355361 0.422789 0.445365 0.520000 0.520000 0.448689 0.520000 0.520000 0.520000 0.520000 0.520000 0.520000 0.520000 0.520000 0.520000 0.520000 0.520000 0.520000 0.520000 0.520000 0.520000 0.520000 0.520000 0.520000 0.520000 0.520000 0.520000 0.520000 0.520000 0.520000 0.520000 0.520000 0.520000 0.520000 0.520000 0.520000 0.520000 -9999.0
-9999.0 0.520000 0.520000 0.520000 0.050715 0.520000 0.074483 0.061675 0.059303 0.055361 0.075983 0.520000 0.520000 0.520000 0.520000 0.520000 0.078379 0.065401 0.520000 0.520000 0.520000 0.520000 0.520000 0.520000 0.276796 0.157451 0.278618 0.399046 0.520000 0.520000 0.456343 0.520000 0.520000 0.520000 0.520000 0.520000 0.520000 0.507292 0.520000 0.520000 0.520000 0.520000 0.520000 0.520000 0.520000 0.520000 0.520000 0.520000 0.520000 0.520000 0.520000 0.520000 0.520000 0.520000 0.520000 0.520000 0.520000 0.520000 0.520000 0.520000 0.520000 0.520000 -9999.0
-9999.0 0.066536 0.520000 0.520000 0.520000 0.520000 0.520000 0.042258 0.046812 0.048955 0.054311 0.520000 0.520000 0.520000 0.520000 0.088925 0.064015 0.052017 0.520000 0.520000 0.520000 0.520000 0.520000 0.520000 0.439461 0.272136 0.107552 0.153558 0.520000 0.520000 0.177587 0.279842 0.520000 0.520000 0.520000 0.520000 0.520000 0.481795 0.520000 0.443567 0.520000 0.520000 0.520000 0.387396 0.119173 0.297100 0.502771 0.520000 0.520000 0.520000 0.520000 0.520000 0.520000 0.520000 0.520000 0.520000 0.520000 0.520000 0.132594 0.160077 0.162585 -9999.0 -9999.0
-9999.0 0.060211 0.053657 0.520000 0.520000 0.520000 0.520000 0.520000 0.520000 0.520000 0.520000 0.520000 0.520000 0.520000 0.520000 0.071344 0.061824 0.069479 0.058889 0.520000 0.507019 0.520000 0.455847 0.520000 0.520000 0.518791 0.520000 0.520000 0.357072 0.520000 0.199094 0.097729 0.520000 0.520000 0.520000 0.407011 0.520000 0.428586 0.520000 0.520000 0.489842 0.520000 0.520000 0.099151 0.086435 0.520000 0.480981 0.520000 0.520000 0.520000 0.520000 0.520000 0.520000 0.520000 0.520000 0.126808 0.125675 0.139068 0.142199 -9999.0 -9999.0 -9999.0 -9999.0
