erum2020/resources/simulation/Vinschgau/output-maps/thetaliqL0003N1444.asc
ncols         63
nrows         48
xllcorner     598000.000000
yllcorner     5145000.000000
cellsize      1000.000000
NODATA_value  -9999.0
[rows 0 to 28 of 48, columns 0 to 62 of 63]
-9999.0 -9999.0 -9999.0 -9999.0 -9999.0 -9999.0 -9999.0 -9999.0 -9999.0 -9999.0 -9999.0 -9999.0 -9999.0 -9999.0 -9999.0 -9999.0 -9999.0 -9999.0 -9999.0 -9999.0 -9999.0 -9999.0 -9999.0 -9999.0 -9999.0 -9999.0 -9999.0 -9999.0 -9999.0 -9999.0 -9999.0 -9999.0 -9999.0 -9999.0 -9999.0 -9999.0 -9999.0 -9999.0 -9999.0 -9999.0 -9999.0 -9999.0 -9999.0 -9999.0 -9999.0 -9999.0 -9999.0 -9999.0 -9999.0 -9999.0 -9999.0 -9999.0 -9999.0 -9999.0 -9999.0 -9999.0 -9999.0 -9999.0 -9999.0 -9999.0 -9999.0 -9999.0 -9999.0
-9999.0 -9999.0 -9999.0 -9999.0 -9999.0 -9999.0 -9999.0 -9999.0 -9999.0 -9999.0 -9999.0 -9999.0 -9999.0 -9999.0 -9999.0 -9999.0 -9999.0 -9999.0 -9999.0 -9999.0 -9999.0 -9999.0 -9999.0 -9999.0 -9999.0 -9999.0 -9999.0 0.020655 0.043006 0.020968 0.041340 0.040489 0.040099 -9999.0 -9999.0 -9999.0 -9999.0 -9999.0 -9999.0 -9999.0 -9999.0 -9999.0 -9999.0 -9999.0 -9999.0 -9999.0 -9999.0 -9999.0 -9999.0 -9999.0 -9999.0 -9999.0 -9999.0 -9999.0 -9999.0 -9999.0 -9999.0 -9999.0 -9999.0 -9999.0 -9999.0 -9999.0 -9999.0
-9999.0 -9999.0 -9999.0 -9999.0 -9999.0 -9999.0 -9999.0 -9999.0 -9999.0 -9999.0 -9999.0 -9999.0 -9999.0 -9999.0 -9999.0 -9999.0 -9999.0 -9999.0 -9999.0 -9999.0 -9999.0 -9999.0 -9999.0 -9999.0 0.047198 0.049303 0.051779 0.047266 0.051741 0.055470 0.040678 -9999.0 -9999.0 -9999.0 -9999.0 -9999.0 -9999.0 -9999.0 -9999.0 -9999.0 -9999.0 -9999.0 -9999.0 -9999.0 -9999.0 -9999.0 -9999.0 -9999.0 -9999.0 -9999.0 -9999.0 -9999.0 -9999.0 -9999.0 -9999.0 -9999.0 -9999.0 -9999.0 -9999.0 -9999.0 -9999.0 -9999.0 -9999.0
-9999.0 -9999.0 -9999.0 -9999.0 -9999.0 -9999.0 -9999.0 -9999.0 -9999.0 -9999.0 -9999.0 -9999.0 -9999.0 -9999.0 -9999.0 -9999.0 -9999.0 -9999.0 -9999.0 -9999.0 -9999.0 -9999.0 -9999.0 0.049870 0.065153 0.073042 0.072303 0.071568 0.071740 0.053475 0.040700 0.040366 -9999.0 -9999.0 -9999.0 -9999.0 -9999.0 -9999.0 -9999.0 -9999.0 -9999.0 -9999.0 -9999.0 -9999.0 -9999.0 -9999.0 -9999.0 -9999.0 -9999.0 -9999.0 -9999.0 -9999.0 -9999.0 -9999.0 -9999.0 -9999.0 -9999.0 -9999.0 -9999.0 -9999.0 -9999.0 -9999.0 -9999.0
-9999.0 -9999.0 -9999.0 -9999.0 -9999.0 -9999.0 -9999.0 -9999.0 -9999.0 -9999.0 -9999.0 -9999.0 -9999.0 -9999.0 -9999.0 -9999.0 -9999.0 -9999.0 0.113574 0.060002 -9999.0 0.055845 0.062487 0.073233 0.074033 0.073290 0.089143 0.078933 0.081318 0.076216 0.051290 0.041448 0.020257 0.020194 -9999.0 -9999.0 -9999.0 -9999.0 -9999.0 -9999.0 -9999.0 -9999.0 -9999.0 -9999.0 -9999.0 -9999.0 -9999.0 -9999.0 -9999.0 -9999.0 -9999.0 -9999.0 -9999.0 -9999.0 -9999.0 -9999.0 -9999.0 -9999.0 -9999.0 -9999.0 -9999.0 -9999.0 -9999.0
-9999.0 -9999.0 -9999.0 -9999.0 -9999.0 -9999.0 -9999.0 -9999.0 -9999.0 -9999.0 -9999.0 -9999.0 -9999.0 -9999.0 -9999.0 -9999.0 -9999.0 0.074094 0.074977 0.022474 0.029067 0.075383 0.076382 0.075930 0.078972 0.111371 0.046341 0.077671 0.053190 0.092141 0.085004 0.052464 0.047945 0.020660 0.020214 0.020167 -9999.0 -9999.0 -9999.0 -9999.0 -9999.0 -9999.0 -9999.0 -9999.0 -9999.0 -9999.0 -9999.0 -9999.0 -9999.0 -9999.0 -9999.0 -9999.0 -9999.0 -9999.0 -9999.0 -9999.0 -9999.0 -9999.0 -9999.0 -9999.0 -9999.0 -9999.0 -9999.0
-9999.0 -9999.0 -9999.0 -9999.0 -9999.0 -9999.0 -9999.0 -9999.0 -9999.0 -9999.0 -9999.0 -9999.0 -9999.0 0.095717 0.076978 0.076597 0.074759 0.022792 0.074780 0.074947 0.075358 0.075713 0.074762 0.075375 0.090219 0.059401 0.020268 0.043705 0.042831 0.063530 0.040118 0.059621 0.043114 0.041495 0.020364 0.020148 -9999.0 -9999.0 -9999.0 -9999.0 -9999.0 -9999.0 -9999.0 -9999.0 -9999.0 -9999.0 -9999.0 -9999.0 -9999.0 -9999.0 -9999.0 -9999.0 -9999.0 -9999.0 -9999.0 -9999.0 -9999.0 -9999.0 -9999.0 -9999.0 -9999.0 -9999.0 -9999.0
-9999.0 -9999.0 -9999.0 -9999.0 -9999.0 -9999.0 -9999.0 -9999.0 -9999.0 -9999.0 -9999.0 -9999.0 -9999.0 0.105650 0.073845 0.074994 0.075056 0.082322 0.022789 0.075177 0.075220 0.073340 0.076528 0.079863 0.076341 0.075455 0.042567 0.020754 0.020357 0.041131 0.043486 0.041408 0.020281 0.020133 0.020176 -9999.0 -9999.0 -9999.0 -9999.0 -9999.0 -9999.0 -9999.0 -9999.0 -9999.0 -9999.0 -9999.0 -9999.0 -9999.0 -9999.0 -9999.0 -9999.0 -9999.0 -9999.0 -9999.0 -9999.0 -9999.0 -9999.0 -9999.0 -9999.0 -9999.0 -9999.0 -9999.0 -9999.0
-9999.0 -9999.0 -9999.0 -9999.0 -9999.0 -9999.0 -9999.0 -9999.0 -9999.0 -9999.0 -9999.0 -9999.0 -9999.0 0.073847 0.520000 0.073243 0.075493 0.075462 0.022775 0.074862 0.074771 0.022807 0.099188 0.060576 0.075448 0.075558 0.021488 0.020308 0.040402 0.020219 0.040651 0.020104 0.020116 0.020016 0.020146 -9999.0 -9999.0 -9999.0 -9999.0 -9999.0 -9999.0 -9999.0 -9999.0 -9999.0 -9999.0 -9999.0 -9999.0 -9999.0 -9999.0 -9999.0 -9999.0 -9999.0 -9999.0 -9999.0 -9999.0 -9999.0 -9999.0 -9999.0 -9999.0 -9999.0 -9999.0 -9999.0 -9999.0
-9999.0 -9999.0 -9999.0 -9999.0 -9999.0 -9999.0 -9999.0 -9999.0 -9999.0 -9999.0 -9999.0 -9999.0 0.075199 0.520000 0.073905 0.076360 0.078656 0.076062 0.073803 0.022488 0.075834 0.059768 0.074409 0.047219 0.040108 0.042261 0.040036 0.040624 0.042656 0.020245 0.040129 0.020239 0.040278 0.020138 -9999.0 -9999.0 -9999.0 -9999.0 -9999.0 -9999.0 -9999.0 -9999.0 -9999.0 -9999.0 -9999.0 -9999.0 -9999.0 -9999.0 -9999.0 -9999.0 -9999.0 -9999.0 -9999.0 -9999.0 -9999.0 -9999.0 -9999.0 -9999.0 -9999.0 -9999.0 -9999.0 -9999.0 -9999.0
-9999.0 -9999.0 -9999.0 -9999.0 -9999.0 -9999.0 -9999.0 -9999.0 -9999.0 -9999.0 -9999.0 0.131243 0.074096 0.260574 0.073800 0.079184 0.022445 0.075329 0.094131 0.022265 0.076235 0.076000 0.068521 0.046222 0.078167 0.046621 0.040490 0.042171 0.040277 0.020140 0.020232 0.046880 0.020363 0.020189 0.020221 0.020399 0.040596 0.042048 0.042856 -9999.0 -9999.0 -9999.0 0.020193 -9999.0 -9999.0 -9999.0 -9999.0 -9999.0 -9999.0 -9999.0 -9999.0 -9999.0 -9999.0 -9999.0 -9999.0 -9999.0 -9999.0 -9999.0 -9999.0 -9999.0 -9999.0 -9999.0 -9999.0
-9999.0 -9999.0 -9999.0 -9999.0 -9999.0 -9999.0 -9999.0 -9999.0 -9999.0 -9999.0 -9999.0 0.114602 0.073090 0.071361 0.071414 0.085829 0.070360 0.074494 0.089894 0.073650 0.076197 0.085336 0.058153 0.040084 0.040323 0.042323 0.041980 0.048070 0.020628 0.020177 0.042380 0.052923 0.040331 0.040213 0.040183 0.041947 0.055853 0.063533 0.042530 0.020205 0.020213 0.020195 0.041437 0.020272 -9999.0 -9999.0 -9999.0 0.040157 0.040146 0.020192 0.040189 0.020113 0.020109 0.040085 0.040100 0.020106 -9999.0 -9999.0 -9999.0 -9999.0 -9999.0 -9999.0 -9999.0
-9999.0 -9999.0 -9999.0 -9999.0 -9999.0 -9999.0 -9999.0 -9999.0 -9999.0 -9999.0 -9999.0 0.096854 0.141836 0.077692 0.100538 0.078500 0.077794 0.075608 0.071608 0.073657 0.092099 0.102108 0.040677 0.048089 0.042374 0.020711 0.040426 0.040029 0.020398 0.040192 0.020362 0.040203 0.046728 0.040227 0.020267 0.052559 0.041527 0.040237 0.098446 0.020366 0.042547 0.040669 0.048053 0.042435 0.040211 -9999.0 0.020152 0.040222 0.041388 0.044541 0.053242 0.023428 0.043958 0.041066 0.040694 0.040243 -9999.0 -9999.0 -9999.0 -9999.0 -9999.0 -9999.0 -9999.0
-9999.0 -9999.0 -9999.0 -9999.0 -9999.0 -9999.0 -9999.0 -9999.0 -9999.0 -9999.0 -9999.0 -9999.0 0.129849 0.098361 0.107891 0.103856 0.083491 0.076606 0.085107 0.073699 0.077198 0.078861 0.057288 0.041605 0.040055 0.040312 0.049039 0.049062 0.040868 0.020287 0.041947 0.040415 0.052644 0.040625 0.040315 0.042225 0.040397 0.040306 0.114279 0.052252 0.061961 0.067585 0.041605 0.053968 0.020345 0.040203 0.020187 0.040236 0.040057 0.041374 0.044382 0.040472 0.040027 0.040100 0.040049 0.041079 0.040242 -9999.0 -9999.0 -9999.0 -9999.0 -9999.0 -9999.0
-9999.0 -9999.0 -9999.0 -9999.0 -9999.0 -9999.0 -9999.0 -9999.0 -9999.0 -9999.0 -9999.0 0.041392 0.064402 0.087927 0.137669 0.086411 0.078253 0.077542 0.072342 0.076688 0.076549 0.094389 0.104848 0.040318 0.040464 0.043178 0.041428 0.040655 0.040601 0.020816 0.040326 0.040192 0.058361 0.040683 0.040179 0.041642 0.041474 0.041667 0.078130 0.097206 0.041655 0.055876 0.087993 0.021196 0.064047 0.040709 0.042591 0.020891 0.050136 0.046470 0.020049 0.040759 0.040024 0.020028 0.020027 0.020080 0.020237 -9999.0 -9999.0 -9999.0 -9999.0 -9999.0 -9999.0
-9999.0 -9999.0 -9999.0 -9999.0 -9999.0 -9999.0 -9999.0 -9999.0 -9999.0 -9999.0 0.049340 0.043879 0.060367 0.066026 0.138401 0.047673 0.047364 0.108634 0.076028 0.077650 0.077953 0.116993 0.040897 0.079138 0.053971 0.040089 0.040104 0.020036 0.057169 0.060425 0.047005 0.040131 0.054083 0.040667 0.020133 0.020367 0.052950 0.040947 0.048426 0.386435 0.194104 0.159326 0.092613 0.146354 0.047361 0.020830 0.043517 0.042018 0.045746 0.055233 0.020032 0.020142 0.020024 0.020054 0.020074 0.040669 0.040788 -9999.0 -9999.0 -9999.0 -9999.0 -9999.0 -9999.0
-9999.0 -9999.0 -9999.0 -9999.0 -9999.0 -9999.0 -9999.0 -9999.0 -9999.0 0.043145 0.060186 0.045773 0.055132 0.041408 0.049553 0.053890 0.045206 0.085695 0.075441 0.076320 0.076103 0.079735 0.079980 0.079687 0.247637 0.040100 0.040043 0.059797 0.044012 0.058423 0.358810 0.040078 0.020382 0.020165 0.020213 0.020365 0.051736 0.040253 0.040600 0.046113 0.041258 0.042347 0.041382 0.082039 0.080479 0.045646 0.108753 0.041085 0.041171 0.350559 0.040111 0.020217 0.020050 0.020067 0.020093 0.040021 0.040039 0.020300 0.020116 -9999.0 -9999.0 -9999.0 -9999.0
-9999.0 -9999.0 -9999.0 -9999.0 -9999.0 -9999.0 -9999.0 -9999.0 -9999.0 0.043879 0.042829 0.062742 0.520000 0.063526 0.044107 0.041387 0.089321 0.081889 0.074621 0.073458 0.074190 0.072711 0.092870 0.216358 0.040185 0.040193 0.041651 0.053569 0.239776 0.208735 0.080211 0.040055 0.042375 0.040250 0.041319 0.020358 0.020610 0.051718 0.042599 0.059790 0.040818 0.040113 0.042178 0.162442 0.099465 0.088573 0.078958 0.080543 0.059914 0.165110 0.040029 0.040011 0.020058 0.040046 0.020159 0.040015 0.040042 0.040092 0.020441 -9999.0 -9999.0 -9999.0 -9999.0
-9999.0 -9999.0 -9999.0 -9999.0 -9999.0 -9999.0 -9999.0 -9999.0 -9999.0 -9999.0 0.041554 0.060090 0.051494 0.040440 0.087770 0.045260 0.059273 0.077295 0.073650 0.074297 0.074366 0.076243 0.069991 0.044223 0.040423 0.047247 0.330622 0.155520 0.132583 0.040084 0.040059 0.040032 0.040020 0.040568 0.045875 0.060916 0.056584 0.062145 0.020466 0.041894 0.040788 0.055433 0.520000 0.046113 0.109449 0.142108 0.078569 0.091262 0.076407 0.105364 0.040064 0.040036 0.020081 0.020052 0.040039 0.040206 0.044691 0.040078 0.050213 0.049353 -9999.0 -9999.0 -9999.0
-9999.0 -9999.0 -9999.0 -9999.0 -9999.0 -9999.0 -9999.0 -9999.0 -9999.0 -9999.0 0.040812 0.043492 0.051724 0.056563 0.219791 0.101931 0.122969 0.077798 0.073372 0.072885 0.074726 0.076345 0.060595 0.042817 0.047459 0.270881 0.185130 0.110154 0.040128 0.040023 0.041578 0.050530 0.020043 0.040244 0.042169 0.097802 0.040106 0.045814 0.040098 0.040601 0.042396 0.106395 0.041504 0.052456 0.069057 0.043026 0.056681 0.102374 0.077208 0.077464 0.292262 0.040065 0.040017 0.020101 0.020042 0.020063 0.040191 0.040635 0.317741 0.257635 -9999.0 -9999.0 -9999.0
-9999.0 -9999.0 -9999.0 -9999.0 -9999.0 -9999.0 -9999.0 -9999.0 0.048071 0.041462 0.040573 0.050667 0.040866 0.042175 0.052435 0.138817 0.074848 0.072538 0.071913 0.072509 0.072658 0.073012 0.073381 0.074373 0.083777 0.201242 0.324042 0.040343 0.040128 0.040024 0.020177 0.041687 0.042139 0.040343 0.042851 0.042777 0.102736 0.056290 0.040037 0.020350 0.020879 0.056905 0.020048 0.020400 0.048577 0.058216 0.040042 0.041838 0.119422 0.150770 0.277017 0.040442 0.040028 0.040010 0.020074 0.040216 0.020357 0.068974 0.089308 0.078705 -9999.0 -9999.0 -9999.0
-9999.0 -9999.0 -9999.0 -9999.0 -9999.0 -9999.0 -9999.0 -9999.0 0.020000 0.040453 0.040034 0.040597 0.042314 0.040058 0.040265 0.135922 0.078161 0.076671 0.072838 0.071950 0.086065 0.069969 0.069075 0.069187 0.074453 0.083480 0.267903 0.043891 0.020038 0.040626 0.040250 0.020582 0.042585 0.020656 0.048693 0.051191 0.075818 0.353024 0.042609 0.050812 0.042084 0.040446 0.020691 0.053203 0.049106 0.040979 0.020042 0.047086 0.044258 0.165670 0.259837 0.043790 0.040017 0.040231 0.043427 0.020163 0.040063 0.055938 0.079414 0.079347 0.076528 -9999.0 -9999.0
-9999.0 -9999.0 -9999.0 -9999.0 -9999.0 -9999.0 -9999.0 -9999.0 0.042078 0.041534 0.042190 0.040022 0.049290 0.020053 0.041081 0.040393 0.097731 0.076308 0.073221 0.087028 0.071485 0.070238 0.069333 0.072258 0.072748 0.077072 0.242224 0.040139 0.020034 0.042322 0.020779 0.059473 0.040089 0.040169 0.060030 0.085597 0.095576 0.133383 0.063698 0.041739 0.048557 0.020975 0.049255 0.044310 0.040234 0.048288 0.020354 0.041699 0.040051 0.078749 0.137076 0.321501 0.040035 0.040019 0.040672 0.059782 0.351270 0.099445 0.077052 0.079202 0.077686 -9999.0 -9999.0
-9999.0 -9999.0 -9999.0 -9999.0 -9999.0 -9999.0 -9999.0 -9999.0 0.020197 0.047751 0.041721 0.020034 0.045318 0.040193 0.043008 0.260480 0.075736 0.074046 0.075433 0.073264 0.072575 0.072161 0.071855 0.073419 0.077065 0.099085 0.050409 0.040058 0.051582 0.042149 0.041138 0.043503 0.062560 0.308372 0.045062 0.113675 0.074844 0.077057 0.109791 0.052857 0.055693 0.061798 0.061448 0.056402 0.043126 0.020957 0.058131 0.036573 0.042200 0.040624 0.092050 0.100017 0.286519 0.040813 0.518019 0.292834 0.082532 0.088632 0.079281 0.078103 0.077992 0.092390 -9999.0
-9999.0 -9999.0 -9999.0 -9999.0 -9999.0 -9999.0 -9999.0 -9999.0 0.040135 0.044969 0.040000 0.040089 0.041734 0.049666 0.363135 0.100807 0.124841 0.078795 0.086252 0.076497 0.074507 0.073509 0.073866 0.075086 0.074707 0.101927 0.040184 0.046970 0.099327 0.436774 0.043169 0.285169 0.077515 0.157996 0.081160 0.079279 0.078087 0.075541 0.076149 0.084753 0.080490 0.078961 0.083001 0.072120 0.040885 0.068413 0.043494 0.054431 0.042794 0.236825 0.081218 0.088896 0.103595 0.156812 0.216061 0.211201 0.117662 0.087547 0.081005 0.076872 0.078084 0.097896 -9999.0
-9999.0 -9999.0 0.046106 0.047905 0.040000 0.040136 0.040037 0.040044 0.040557 0.042121 0.040443 0.040632 0.051513 0.499186 0.095867 0.481249 0.075891 0.040139 0.041692 0.142819 0.076960 0.074268 0.075314 0.074252 0.076728 0.078766 0.111918 0.110955 0.078154 0.084286 0.073230 0.089214 0.077978 0.076953 0.076566 0.076980 0.075489 0.074102 0.075098 0.077761 0.076510 0.075755 0.075871 0.077468 0.118096 0.078769 0.105555 0.130860 0.078981 0.078105 0.078103 0.083706 0.109615 0.155276 0.192826 0.142400 0.125793 0.087421 0.079143 0.079252 0.086256 0.108657 -9999.0
-9999.0 0.041495 0.041242 0.040722 0.040176 0.041309 0.040029 0.040029 0.040019 0.040563 0.040053 0.040307 0.453997 0.248850 0.520000 0.042628 0.040316 0.040082 0.040250 0.084531 0.077505 0.075438 0.077535 0.077775 0.073240 0.076120 0.074774 0.074426 0.074845 0.076847 0.077421 0.075960 0.074413 0.072439 0.073307 0.073393 0.072508 0.072217 0.073207 0.074142 0.073781 0.073224 0.072958 0.074898 0.076072 0.075519 0.077190 0.073739 0.073966 0.075970 0.080287 0.094734 0.125134 0.193278 0.204318 0.365211 0.326270 0.297892 0.362295 0.258299 0.206019 0.111048 -9999.0
-9999.0 0.148195 0.055119 0.053939 0.134318 0.040615 0.040038 0.040023 0.040304 0.040247 0.040036 0.040141 0.243867 0.388690 0.048027 0.040044 0.040033 0.040055 0.043652 0.099253 0.254369 0.108195 0.090388 0.093701 0.110735 0.094367 0.074071 0.073798 0.072254 0.072576 0.072445 0.072736 0.072757 0.072885 0.071245 0.071722 0.077507 0.075726 0.071206 0.071439 0.071113 0.071238 0.070735 0.071658 0.071452 0.071356 0.072685 0.072866 0.074082 0.076028 0.078934 0.108585 0.244492 0.364248 0.520000 0.055593 0.040669 0.051217 0.057696 0.046780 0.060667 -9999.0 -9999.0
-9999.0 0.103508 0.054700 0.049291 0.292095 0.239714 0.202656 0.040079 0.040073 0.040076 0.040567 0.067030 0.243926 0.504328 0.040093 0.040021 0.040025 0.040142 0.040083 0.041203 0.045173 0.057606 0.103242 0.124861 0.117629 0.078529 0.075930 0.074916 0.073185 0.073172 0.072175 0.071773 0.071961 0.071739 0.071504 0.071199 0.071117 0.075282 0.071049 0.070692 0.070431 0.076987 0.070226 0.070147 0.070409 0.071099 0.072013 0.073531 0.076625 0.077072 0.102595 0.193999 0.064933 0.055855 0.044528 0.040130 0.040122 0.040078 0.040091 -9999.0 -9999.0 -9999.0 -9999.0
