erum2020/resources/simulation/Vinschgau/output-maps/thetaliqL0006N0009.asc
ncols         63
nrows         48
xllcorner     598000.000000
yllcorner     5145000.000000
cellsize      1000.000000
NODATA_value  -9999.0
[rows 0 to 28 of 48, columns 0 to 62 of 63]
-9999.0 -9999.0 -9999.0 -9999.0 -9999.0 -9999.0 -9999.0 -9999.0 -9999.0 -9999.0 -9999.0 -9999.0 -9999.0 -9999.0 -9999.0 -9999.0 -9999.0 -9999.0 -9999.0 -9999.0 -9999.0 -9999.0 -9999.0 -9999.0 -9999.0 -9999.0 -9999.0 -9999.0 -9999.0 -9999.0 -9999.0 -9999.0 -9999.0 -9999.0 -9999.0 -9999.0 -9999.0 -9999.0 -9999.0 -9999.0 -9999.0 -9999.0 -9999.0 -9999.0 -9999.0 -9999.0 -9999.0 -9999.0 -9999.0 -9999.0 -9999.0 -9999.0 -9999.0 -9999.0 -9999.0 -9999.0 -9999.0 -9999.0 -9999.0 -9999.0 -9999.0 -9999.0 -9999.0
-9999.0 -9999.0 -9999.0 -9999.0 -9999.0 -9999.0 -9999.0 -9999.0 -9999.0 -9999.0 -9999.0 -9999.0 -9999.0 -9999.0 -9999.0 -9999.0 -9999.0 -9999.0 -9999.0 -9999.0 -9999.0 -9999.0 -9999.0 -9999.0 -9999.0 -9999.0 -9999.0 0.038142 0.042326 0.042316 0.029500 0.020071 0.020067 -9999.0 -9999.0 -9999.0 -9999.0 -9999.0 -9999.0 -9999.0 -9999.0 -9999.0 -9999.0 -9999.0 -9999.0 -9999.0 -9999.0 -9999.0 -9999.0 -9999.0 -9999.0 -9999.0 -9999.0 -9999.0 -9999.0 -9999.0 -9999.0 -9999.0 -9999.0 -9999.0 -9999.0 -9999.0 -9999.0
-9999.0 -9999.0 -9999.0 -9999.0 -9999.0 -9999.0 -9999.0 -9999.0 -9999.0 -9999.0 -9999.0 -9999.0 -9999.0 -9999.0 -9999.0 -9999.0 -9999.0 -9999.0 -9999.0 -9999.0 -9999.0 -9999.0 -9999.0 -9999.0 0.200680 0.203423 0.203377 0.203009 0.203418 0.042326 0.025553 -9999.0 -9999.0 -9999.0 -9999.0 -9999.0 -9999.0 -9999.0 -9999.0 -9999.0 -9999.0 -9999.0 -9999.0 -9999.0 -9999.0 -9999.0 -9999.0 -9999.0 -9999.0 -9999.0 -9999.0 -9999.0 -9999.0 -9999.0 -9999.0 -9999.0 -9999.0 -9999.0 -9999.0 -9999.0 -9999.0 -9999.0 -9999.0
-9999.0 -9999.0 -9999.0 -9999.0 -9999.0 -9999.0 -9999.0 -9999.0 -9999.0 -9999.0 -9999.0 -9999.0 -9999.0 -9999.0 -9999.0 -9999.0 -9999.0 -9999.0 -9999.0 -9999.0 -9999.0 -9999.0 -9999.0 0.202900 0.203632 0.196881 0.195055 0.034992 0.035240 0.042326 0.042326 0.042326 -9999.0 -9999.0 -9999.0 -9999.0 -9999.0 -9999.0 -9999.0 -9999.0 -9999.0 -9999.0 -9999.0 -9999.0 -9999.0 -9999.0 -9999.0 -9999.0 -9999.0 -9999.0 -9999.0 -9999.0 -9999.0 -9999.0 -9999.0 -9999.0 -9999.0 -9999.0 -9999.0 -9999.0 -9999.0 -9999.0 -9999.0
-9999.0 -9999.0 -9999.0 -9999.0 -9999.0 -9999.0 -9999.0 -9999.0 -9999.0 -9999.0 -9999.0 -9999.0 -9999.0 -9999.0 -9999.0 -9999.0 -9999.0 -9999.0 0.204233 0.202583 -9999.0 0.200637 0.203365 0.035214 0.196215 0.038827 0.220987 0.212626 0.204599 0.194706 0.042326 0.042326 0.042315 0.021068 -9999.0 -9999.0 -9999.0 -9999.0 -9999.0 -9999.0 -9999.0 -9999.0 -9999.0 -9999.0 -9999.0 -9999.0 -9999.0 -9999.0 -9999.0 -9999.0 -9999.0 -9999.0 -9999.0 -9999.0 -9999.0 -9999.0 -9999.0 -9999.0 -9999.0 -9999.0 -9999.0 -9999.0 -9999.0
-9999.0 -9999.0 -9999.0 -9999.0 -9999.0 -9999.0 -9999.0 -9999.0 -9999.0 -9999.0 -9999.0 -9999.0 -9999.0 -9999.0 -9999.0 -9999.0 -9999.0 0.200354 0.200095 0.034230 0.042316 0.201074 0.197172 0.038836 0.211147 0.201388 0.198885 0.200512 0.200336 0.212107 0.203399 0.042326 0.042318 0.042315 0.020045 0.020048 -9999.0 -9999.0 -9999.0 -9999.0 -9999.0 -9999.0 -9999.0 -9999.0 -9999.0 -9999.0 -9999.0 -9999.0 -9999.0 -9999.0 -9999.0 -9999.0 -9999.0 -9999.0 -9999.0 -9999.0 -9999.0 -9999.0 -9999.0 -9999.0 -9999.0 -9999.0 -9999.0
-9999.0 -9999.0 -9999.0 -9999.0 -9999.0 -9999.0 -9999.0 -9999.0 -9999.0 -9999.0 -9999.0 -9999.0 -9999.0 0.042326 0.199031 0.202272 0.201150 0.042326 0.201156 0.036155 0.196384 0.194098 0.034617 0.231776 0.201766 0.163583 0.037164 0.039589 0.039675 0.200985 0.200346 0.156529 0.020091 0.020063 0.020048 0.020044 -9999.0 -9999.0 -9999.0 -9999.0 -9999.0 -9999.0 -9999.0 -9999.0 -9999.0 -9999.0 -9999.0 -9999.0 -9999.0 -9999.0 -9999.0 -9999.0 -9999.0 -9999.0 -9999.0 -9999.0 -9999.0 -9999.0 -9999.0 -9999.0 -9999.0 -9999.0 -9999.0
-9999.0 -9999.0 -9999.0 -9999.0 -9999.0 -9999.0 -9999.0 -9999.0 -9999.0 -9999.0 -9999.0 -9999.0 -9999.0 0.202812 0.197126 0.201883 0.202039 0.204002 0.042326 0.196895 0.042359 0.045323 0.208668 0.202503 0.199282 0.039740 0.042326 0.020060 0.020056 0.041583 0.199489 0.020094 0.020050 0.020045 0.020045 -9999.0 -9999.0 -9999.0 -9999.0 -9999.0 -9999.0 -9999.0 -9999.0 -9999.0 -9999.0 -9999.0 -9999.0 -9999.0 -9999.0 -9999.0 -9999.0 -9999.0 -9999.0 -9999.0 -9999.0 -9999.0 -9999.0 -9999.0 -9999.0 -9999.0 -9999.0 -9999.0 -9999.0
-9999.0 -9999.0 -9999.0 -9999.0 -9999.0 -9999.0 -9999.0 -9999.0 -9999.0 -9999.0 -9999.0 -9999.0 -9999.0 0.197748 0.200788 0.199651 0.202069 0.202207 0.042326 0.204333 0.203597 0.038483 0.201554 0.199683 0.198620 0.198673 0.042320 0.020058 0.042326 0.020054 0.020123 0.020048 0.020048 0.020045 0.020042 -9999.0 -9999.0 -9999.0 -9999.0 -9999.0 -9999.0 -9999.0 -9999.0 -9999.0 -9999.0 -9999.0 -9999.0 -9999.0 -9999.0 -9999.0 -9999.0 -9999.0 -9999.0 -9999.0 -9999.0 -9999.0 -9999.0 -9999.0 -9999.0 -9999.0 -9999.0 -9999.0 -9999.0
-9999.0 -9999.0 -9999.0 -9999.0 -9999.0 -9999.0 -9999.0 -9999.0 -9999.0 -9999.0 -9999.0 -9999.0 0.037919 0.200843 0.199121 0.199837 0.196655 0.202390 0.248087 0.033490 0.199673 0.200150 0.039641 0.200901 0.199730 0.020273 0.200678 0.042326 0.042326 0.020055 0.020127 0.024473 0.042326 0.020046 -9999.0 -9999.0 -9999.0 -9999.0 -9999.0 -9999.0 -9999.0 -9999.0 -9999.0 -9999.0 -9999.0 -9999.0 -9999.0 -9999.0 -9999.0 -9999.0 -9999.0 -9999.0 -9999.0 -9999.0 -9999.0 -9999.0 -9999.0 -9999.0 -9999.0 -9999.0 -9999.0 -9999.0 -9999.0
-9999.0 -9999.0 -9999.0 -9999.0 -9999.0 -9999.0 -9999.0 -9999.0 -9999.0 -9999.0 -9999.0 0.199911 0.200302 0.200365 0.199351 0.192924 0.026508 0.202796 0.215994 0.034135 0.040328 0.197553 0.042326 0.022547 0.039857 0.042325 0.020199 0.042326 0.199846 0.020052 0.020393 0.042326 0.020088 0.020046 0.020103 0.029841 0.042326 0.042326 0.042326 -9999.0 -9999.0 -9999.0 0.020044 -9999.0 -9999.0 -9999.0 -9999.0 -9999.0 -9999.0 -9999.0 -9999.0 -9999.0 -9999.0 -9999.0 -9999.0 -9999.0 -9999.0 -9999.0 -9999.0 -9999.0 -9999.0 -9999.0 -9999.0
-9999.0 -9999.0 -9999.0 -9999.0 -9999.0 -9999.0 -9999.0 -9999.0 -9999.0 -9999.0 -9999.0 0.198292 0.200976 0.038442 0.199404 0.020952 0.198971 0.201055 0.212018 0.201267 0.203575 0.042326 0.200314 0.192485 0.197300 0.027470 0.042326 0.042326 0.021516 0.020054 0.042326 0.042326 0.042326 0.020171 0.037705 0.042326 0.042326 0.042326 0.042326 0.030020 0.040733 0.020092 0.042326 0.020048 -9999.0 -9999.0 -9999.0 0.187640 0.042326 0.025108 0.042326 0.025913 0.020707 0.204627 0.204519 0.020059 -9999.0 -9999.0 -9999.0 -9999.0 -9999.0 -9999.0 -9999.0
-9999.0 -9999.0 -9999.0 -9999.0 -9999.0 -9999.0 -9999.0 -9999.0 -9999.0 -9999.0 -9999.0 0.199107 0.192714 0.041081 0.190743 0.042326 0.197892 0.202314 0.200645 0.205303 0.202501 0.039261 0.198616 0.201104 0.033295 0.042317 0.199500 0.041543 0.020060 0.020113 0.020058 0.040351 0.042326 0.042324 0.020067 0.042326 0.195345 0.037070 0.042326 0.037971 0.042326 0.042326 0.042326 0.042326 0.042326 -9999.0 0.020064 0.042326 0.042326 0.042326 0.042326 0.042326 0.042326 0.042408 0.042326 0.042326 -9999.0 -9999.0 -9999.0 -9999.0 -9999.0 -9999.0 -9999.0
-9999.0 -9999.0 -9999.0 -9999.0 -9999.0 -9999.0 -9999.0 -9999.0 -9999.0 -9999.0 -9999.0 -9999.0 0.194904 0.191872 0.201660 0.201418 0.155114 0.202007 0.204020 0.239774 0.201657 0.038885 0.038646 0.199738 0.195352 0.199649 0.203592 0.020101 0.026481 0.022009 0.042326 0.197310 0.042326 0.042326 0.042268 0.042326 0.182972 0.197249 0.202604 0.042326 0.200525 0.042324 0.038364 0.202374 0.042317 0.042326 0.020167 0.042326 0.041304 0.199701 0.209339 0.200461 0.201324 0.199972 0.198298 0.201956 0.201071 -9999.0 -9999.0 -9999.0 -9999.0 -9999.0 -9999.0
-9999.0 -9999.0 -9999.0 -9999.0 -9999.0 -9999.0 -9999.0 -9999.0 -9999.0 -9999.0 -9999.0 0.193992 0.188579 0.039820 0.198261 0.198458 0.200165 0.202469 0.203805 0.207850 0.201312 0.201739 0.201706 0.040095 0.200060 0.200245 0.202230 0.034758 0.042326 0.042319 0.198628 0.199338 0.042326 0.042326 0.020076 0.042326 0.025310 0.039730 0.206703 0.042326 0.038819 0.198015 0.197732 0.036648 0.042326 0.042326 0.042326 0.042321 0.042323 0.039102 0.020090 0.042326 0.195011 0.020072 0.020110 0.020087 0.022817 -9999.0 -9999.0 -9999.0 -9999.0 -9999.0 -9999.0
-9999.0 -9999.0 -9999.0 -9999.0 -9999.0 -9999.0 -9999.0 -9999.0 -9999.0 -9999.0 0.203643 0.198756 0.202400 0.201577 0.203087 0.198994 0.201773 0.200041 0.202245 0.201472 0.200728 0.203211 0.041141 0.203470 0.199432 0.203365 0.042017 0.020098 0.042326 0.042326 0.198932 0.201458 0.042326 0.020119 0.020045 0.020298 0.042326 0.195251 0.199232 0.205837 0.040456 0.041027 0.042326 0.201830 0.198294 0.042317 0.042326 0.038454 0.197454 0.210639 0.020118 0.020089 0.020092 0.020091 0.020119 0.042439 0.042326 -9999.0 -9999.0 -9999.0 -9999.0 -9999.0 -9999.0
-9999.0 -9999.0 -9999.0 -9999.0 -9999.0 -9999.0 -9999.0 -9999.0 -9999.0 0.042326 0.198809 0.200725 0.198075 0.197607 0.199999 0.200904 0.199452 0.203378 0.200956 0.201365 0.200619 0.201300 0.040603 0.205540 0.212694 0.041993 0.197373 0.042326 0.038416 0.198097 0.210381 0.029036 0.020057 0.020054 0.020055 0.020054 0.042326 0.192382 0.193898 0.200885 0.202400 0.198793 0.041906 0.209146 0.040091 0.037043 0.042326 0.038243 0.039370 0.212077 0.039899 0.023817 0.020091 0.020078 0.020095 0.042171 0.202846 0.042324 0.042320 -9999.0 -9999.0 -9999.0 -9999.0
-9999.0 -9999.0 -9999.0 -9999.0 -9999.0 -9999.0 -9999.0 -9999.0 -9999.0 0.042324 0.042326 0.042326 0.203302 0.197502 0.198160 0.199003 0.203586 0.198187 0.200315 0.200152 0.200726 0.209490 0.213808 0.202759 0.042004 0.200099 0.200005 0.198696 0.206722 0.213636 0.041808 0.041621 0.025381 0.042325 0.042326 0.042316 0.042315 0.042314 0.020152 0.042326 0.197617 0.042176 0.199365 0.200715 0.246676 0.226753 0.204687 0.035847 0.037060 0.211312 0.020596 0.041597 0.020075 0.042326 0.020129 0.201090 0.042045 0.200675 0.042326 -9999.0 -9999.0 -9999.0 -9999.0
-9999.0 -9999.0 -9999.0 -9999.0 -9999.0 -9999.0 -9999.0 -9999.0 -9999.0 -9999.0 0.042326 0.042326 0.201370 0.202535 0.036890 0.197948 0.199022 0.197198 0.199855 0.210865 0.201559 0.040592 0.202692 0.041768 0.200972 0.199683 0.197623 0.205345 0.041875 0.195071 0.042148 0.201771 0.033559 0.028953 0.042326 0.042326 0.203151 0.202665 0.026693 0.020155 0.020098 0.203198 0.203482 0.041662 0.041520 0.202417 0.040866 0.215527 0.039470 0.036230 0.041034 0.040549 0.032035 0.020074 0.203460 0.042326 0.197703 0.039228 0.037876 0.198732 -9999.0 -9999.0 -9999.0
-9999.0 -9999.0 -9999.0 -9999.0 -9999.0 -9999.0 -9999.0 -9999.0 -9999.0 -9999.0 0.042326 0.042326 0.202548 0.200617 0.210343 0.201091 0.201482 0.201606 0.200313 0.212845 0.201135 0.201032 0.201669 0.200427 0.200595 0.197587 0.208869 0.202400 0.198637 0.042225 0.040379 0.194876 0.020111 0.032551 0.031851 0.153892 0.198630 0.199587 0.040515 0.036640 0.042326 0.038481 0.199020 0.041148 0.185301 0.041651 0.202426 0.041317 0.040250 0.039935 0.039099 0.040482 0.201710 0.028955 0.020062 0.041855 0.042326 0.041769 0.199408 0.195511 -9999.0 -9999.0 -9999.0
-9999.0 -9999.0 -9999.0 -9999.0 -9999.0 -9999.0 -9999.0 -9999.0 0.203155 0.042326 0.042326 0.203144 0.201835 0.201106 0.202449 0.208288 0.208493 0.207528 0.211583 0.198717 0.200197 0.199750 0.200412 0.201864 0.198945 0.210748 0.202673 0.200876 0.201159 0.042120 0.020063 0.040938 0.036031 0.026002 0.042326 0.026759 0.042326 0.199901 0.020127 0.023090 0.020070 0.186498 0.020076 0.020067 0.042322 0.203497 0.036386 0.202185 0.041116 0.285488 0.199652 0.040598 0.202139 0.041997 0.042321 0.042326 0.042326 0.204551 0.037364 0.198105 -9999.0 -9999.0 -9999.0
-9999.0 -9999.0 -9999.0 -9999.0 -9999.0 -9999.0 -9999.0 -9999.0 0.033267 0.199293 0.039176 0.042324 0.042326 0.201718 0.201800 0.202281 0.201444 0.201597 0.039508 0.214656 0.204105 0.199373 0.199783 0.199633 0.200295 0.209124 0.202379 0.201920 0.020141 0.042326 0.042326 0.042321 0.042326 0.029102 0.200184 0.203639 0.042326 0.199414 0.040669 0.042326 0.042326 0.020078 0.020079 0.042326 0.203772 0.200868 0.020089 0.042326 0.041570 0.201206 0.214223 0.199913 0.196032 0.042933 0.042326 0.038188 0.038719 0.038304 0.035011 0.197055 0.197713 -9999.0 -9999.0
-9999.0 -9999.0 -9999.0 -9999.0 -9999.0 -9999.0 -9999.0 -9999.0 0.042326 0.042326 0.040807 0.040305 0.203573 0.024667 0.198494 0.040630 0.200347 0.194704 0.199328 0.204977 0.243964 0.199188 0.198974 0.194086 0.208206 0.200943 0.201999 0.200097 0.020250 0.042326 0.042320 0.203535 0.199362 0.040157 0.203823 0.042327 0.041301 0.044480 0.041611 0.041757 0.042328 0.023389 0.202165 0.195302 0.197455 0.199678 0.042320 0.202246 0.200801 0.041108 0.217800 0.199407 0.040909 0.041318 0.038868 0.198539 0.195520 0.193178 0.196104 0.247473 0.209419 -9999.0 -9999.0
-9999.0 -9999.0 -9999.0 -9999.0 -9999.0 -9999.0 -9999.0 -9999.0 0.020059 0.042326 0.201435 0.034663 0.203540 0.200197 0.040334 0.200300 0.038948 0.271085 0.221846 0.200977 0.199149 0.384961 0.383997 0.208539 0.201085 0.201587 0.202511 0.041411 0.203414 0.038833 0.039663 0.039710 0.036726 0.198928 0.040697 0.042332 0.042339 0.214226 0.041284 0.041064 0.042326 0.042390 0.042391 0.042325 0.203458 0.042322 0.042326 0.042326 0.042403 0.039402 0.202171 0.214215 0.199548 0.200629 0.197416 0.195548 0.197342 0.428440 0.401571 0.384684 0.200501 0.202097 -9999.0
-9999.0 -9999.0 -9999.0 -9999.0 -9999.0 -9999.0 -9999.0 -9999.0 0.200310 0.203241 0.202405 0.040755 0.040505 0.200965 0.200015 0.195612 0.215390 0.201628 0.202158 0.201376 0.201020 0.384981 0.382731 0.197431 0.199187 0.200719 0.201204 0.199125 0.196731 0.197325 0.041030 0.199040 0.036111 0.199082 0.039202 0.039359 0.039157 0.214771 0.040476 0.200779 0.039775 0.039022 0.038494 0.038302 0.040362 0.042424 0.039125 0.038088 0.038557 0.036780 0.035929 0.199174 0.212266 0.195394 0.430000 0.430000 0.430000 0.412822 0.199337 0.199319 0.200362 0.202265 -9999.0
-9999.0 -9999.0 0.042326 0.203242 0.201169 0.200052 0.200420 0.199838 0.202939 0.203032 0.202197 0.202213 0.201165 0.196502 0.206678 0.214654 0.041105 0.202556 0.202377 0.202075 0.200944 0.199918 0.397369 0.429138 0.198191 0.199641 0.200451 0.200638 0.199687 0.199937 0.201436 0.201652 0.201420 0.200662 0.195300 0.201261 0.196503 0.210725 0.040614 0.041109 0.037914 0.036400 0.039936 0.199127 0.040648 0.037861 0.194912 0.201074 0.033831 0.192097 0.192367 0.225555 0.218940 0.224701 0.430000 0.430000 0.201310 0.200979 0.200517 0.200865 0.204266 0.202503 -9999.0
-9999.0 0.199040 0.198842 0.199325 0.199467 0.199538 0.201552 0.199356 0.196934 0.042326 0.202188 0.202425 0.201614 0.201128 0.213223 0.041356 0.202759 0.201739 0.200451 0.201354 0.200040 0.199223 0.429520 0.396095 0.198858 0.193609 0.199205 0.199074 0.192373 0.197837 0.192724 0.193942 0.194377 0.199454 0.193436 0.195215 0.194776 0.212143 0.196770 0.199670 0.194245 0.192986 0.196457 0.199860 0.199846 0.199189 0.198229 0.197701 0.191427 0.427646 0.391854 0.371283 0.201106 0.201559 0.202371 0.203359 0.202832 0.202963 0.203570 0.204977 0.203051 0.202587 -9999.0
-9999.0 0.203618 0.198280 0.197459 0.201803 0.198180 0.196504 0.198430 0.203037 0.042326 0.200375 0.201799 0.200848 0.232307 0.041090 0.202235 0.041464 0.200548 0.197878 0.200930 0.202895 0.201007 0.199809 0.428021 0.381355 0.373108 0.370515 0.365003 0.359223 0.197940 0.197950 0.198271 0.193616 0.194279 0.199379 0.197939 0.204568 0.237932 0.198518 0.194716 0.193522 0.193497 0.192038 0.199487 0.199250 0.197638 0.203667 0.312087 0.407042 0.404081 0.200685 0.202232 0.202813 0.201797 0.201981 0.203798 0.202547 0.203658 0.202971 0.203523 0.203441 -9999.0 -9999.0
-9999.0 0.042326 0.201811 0.202233 0.207871 0.201343 0.201895 0.200877 0.199439 0.199977 0.199493 0.201004 0.211494 0.203648 0.202622 0.200104 0.200606 0.202566 0.202365 0.201699 0.201955 0.201722 0.200971 0.380259 0.373238 0.369025 0.365825 0.361888 0.356276 0.350772 0.300411 0.201182 0.202700 0.197584 0.198074 0.203464 0.208198 0.229666 0.393904 0.380670 0.363794 0.328330 0.297189 0.267058 0.197535 0.197535 0.198523 0.200167 0.201365 0.201429 0.201535 0.204900 0.203132 0.203254 0.203850 0.203736 0.203891 0.203290 0.202820 -9999.0 -9999.0 -9999.0 -9999.0
