erum2020/resources/simulation/Vinschgau/output-maps/thetaliqL0007N0976.asc
ncols         63
nrows         48
xllcorner     598000.000000
yllcorner     5145000.000000
cellsize      1000.000000
NODATA_value  -9999.0
[rows 0 to 28 of 48, columns 0 to 62 of 63]
-9999.0 -9999.0 -9999.0 -9999.0 -9999.0 -9999.0 -9999.0 -9999.0 -9999.0 -9999.0 -9999.0 -9999.0 -9999.0 -9999.0 -9999.0 -9999.0 -9999.0 -9999.0 -9999.0 -9999.0 -9999.0 -9999.0 -9999.0 -9999.0 -9999.0 -9999.0 -9999.0 -9999.0 -9999.0 -9999.0 -9999.0 -9999.0 -9999.0 -9999.0 -9999.0 -9999.0 -9999.0 -9999.0 -9999.0 -9999.0 -9999.0 -9999.0 -9999.0 -9999.0 -9999.0 -9999.0 -9999.0 -9999.0 -9999.0 -9999.0 -9999.0 -9999.0 -9999.0 -9999.0 -9999.0 -9999.0 -9999.0 -9999.0 -9999.0 -9999.0 -9999.0 -9999.0 -9999.0
-9999.0 -9999.0 -9999.0 -9999.0 -9999.0 -9999.0 -9999.0 -9999.0 -9999.0 -9999.0 -9999.0 -9999.0 -9999.0 -9999.0 -9999.0 -9999.0 -9999.0 -9999.0 -9999.0 -9999.0 -9999.0 -9999.0 -9999.0 -9999.0 -9999.0 -9999.0 -9999.0 0.020033 0.020038 0.020039 0.020037 0.020033 0.020028 -9999.0 -9999.0 -9999.0 -9999.0 -9999.0 -9999.0 -9999.0 -9999.0 -9999.0 -9999.0 -9999.0 -9999.0 -9999.0 -9999.0 -9999.0 -9999.0 -9999.0 -9999.0 -9999.0 -9999.0 -9999.0 -9999.0 -9999.0 -9999.0 -9999.0 -9999.0 -9999.0 -9999.0 -9999.0 -9999.0
-9999.0 -9999.0 -9999.0 -9999.0 -9999.0 -9999.0 -9999.0 -9999.0 -9999.0 -9999.0 -9999.0 -9999.0 -9999.0 -9999.0 -9999.0 -9999.0 -9999.0 -9999.0 -9999.0 -9999.0 -9999.0 -9999.0 -9999.0 -9999.0 0.020040 0.020042 0.020042 0.020052 0.020041 0.020043 0.020037 -9999.0 -9999.0 -9999.0 -9999.0 -9999.0 -9999.0 -9999.0 -9999.0 -9999.0 -9999.0 -9999.0 -9999.0 -9999.0 -9999.0 -9999.0 -9999.0 -9999.0 -9999.0 -9999.0 -9999.0 -9999.0 -9999.0 -9999.0 -9999.0 -9999.0 -9999.0 -9999.0 -9999.0 -9999.0 -9999.0 -9999.0 -9999.0
-9999.0 -9999.0 -9999.0 -9999.0 -9999.0 -9999.0 -9999.0 -9999.0 -9999.0 -9999.0 -9999.0 -9999.0 -9999.0 -9999.0 -9999.0 -9999.0 -9999.0 -9999.0 -9999.0 -9999.0 -9999.0 -9999.0 -9999.0 0.020059 0.020123 0.320029 0.068221 0.021263 0.021758 0.020070 0.020038 0.020033 -9999.0 -9999.0 -9999.0 -9999.0 -9999.0 -9999.0 -9999.0 -9999.0 -9999.0 -9999.0 -9999.0 -9999.0 -9999.0 -9999.0 -9999.0 -9999.0 -9999.0 -9999.0 -9999.0 -9999.0 -9999.0 -9999.0 -9999.0 -9999.0 -9999.0 -9999.0 -9999.0 -9999.0 -9999.0 -9999.0 -9999.0
-9999.0 -9999.0 -9999.0 -9999.0 -9999.0 -9999.0 -9999.0 -9999.0 -9999.0 -9999.0 -9999.0 -9999.0 -9999.0 -9999.0 -9999.0 -9999.0 -9999.0 -9999.0 0.426267 0.020096 -9999.0 0.020076 0.020116 0.021621 0.075221 0.021463 0.406794 0.420524 0.429734 0.074611 0.020053 0.020037 0.020027 0.020020 -9999.0 -9999.0 -9999.0 -9999.0 -9999.0 -9999.0 -9999.0 -9999.0 -9999.0 -9999.0 -9999.0 -9999.0 -9999.0 -9999.0 -9999.0 -9999.0 -9999.0 -9999.0 -9999.0 -9999.0 -9999.0 -9999.0 -9999.0 -9999.0 -9999.0 -9999.0 -9999.0 -9999.0 -9999.0
-9999.0 -9999.0 -9999.0 -9999.0 -9999.0 -9999.0 -9999.0 -9999.0 -9999.0 -9999.0 -9999.0 -9999.0 -9999.0 -9999.0 -9999.0 -9999.0 -9999.0 0.195508 0.047315 0.021387 0.020079 0.388837 0.077396 0.023691 0.396055 0.083482 0.037880 0.097974 0.080545 0.419246 0.020113 0.020056 0.020043 0.020034 0.020024 0.020021 -9999.0 -9999.0 -9999.0 -9999.0 -9999.0 -9999.0 -9999.0 -9999.0 -9999.0 -9999.0 -9999.0 -9999.0 -9999.0 -9999.0 -9999.0 -9999.0 -9999.0 -9999.0 -9999.0 -9999.0 -9999.0 -9999.0 -9999.0 -9999.0 -9999.0 -9999.0 -9999.0
-9999.0 -9999.0 -9999.0 -9999.0 -9999.0 -9999.0 -9999.0 -9999.0 -9999.0 -9999.0 -9999.0 -9999.0 -9999.0 0.020206 0.095333 0.284199 0.169340 0.049994 0.200981 0.021744 0.073534 0.069362 0.021954 0.139130 0.091336 0.020115 0.020071 0.020232 0.020178 0.090065 0.020075 0.020047 0.020040 0.020038 0.020030 0.020020 -9999.0 -9999.0 -9999.0 -9999.0 -9999.0 -9999.0 -9999.0 -9999.0 -9999.0 -9999.0 -9999.0 -9999.0 -9999.0 -9999.0 -9999.0 -9999.0 -9999.0 -9999.0 -9999.0 -9999.0 -9999.0 -9999.0 -9999.0 -9999.0 -9999.0 -9999.0 -9999.0
-9999.0 -9999.0 -9999.0 -9999.0 -9999.0 -9999.0 -9999.0 -9999.0 -9999.0 -9999.0 -9999.0 -9999.0 -9999.0 0.032659 0.079950 0.263491 0.191422 0.402108 0.050014 0.057573 0.020251 0.050978 0.074859 0.089621 0.092684 0.020364 0.020038 0.020038 0.020029 0.020095 0.020156 0.020042 0.020028 0.020016 0.020023 -9999.0 -9999.0 -9999.0 -9999.0 -9999.0 -9999.0 -9999.0 -9999.0 -9999.0 -9999.0 -9999.0 -9999.0 -9999.0 -9999.0 -9999.0 -9999.0 -9999.0 -9999.0 -9999.0 -9999.0 -9999.0 -9999.0 -9999.0 -9999.0 -9999.0 -9999.0 -9999.0 -9999.0
-9999.0 -9999.0 -9999.0 -9999.0 -9999.0 -9999.0 -9999.0 -9999.0 -9999.0 -9999.0 -9999.0 -9999.0 -9999.0 0.069697 0.200000 0.322090 0.252548 0.211631 0.050030 0.184207 0.181754 0.021777 0.083337 0.083505 0.104435 0.108088 0.020044 0.020028 0.020033 0.020018 0.020037 0.020015 0.020015 0.020012 0.020019 -9999.0 -9999.0 -9999.0 -9999.0 -9999.0 -9999.0 -9999.0 -9999.0 -9999.0 -9999.0 -9999.0 -9999.0 -9999.0 -9999.0 -9999.0 -9999.0 -9999.0 -9999.0 -9999.0 -9999.0 -9999.0 -9999.0 -9999.0 -9999.0 -9999.0 -9999.0 -9999.0 -9999.0
-9999.0 -9999.0 -9999.0 -9999.0 -9999.0 -9999.0 -9999.0 -9999.0 -9999.0 -9999.0 -9999.0 -9999.0 0.022295 0.199119 0.088436 0.110667 0.357704 0.284315 0.383321 0.021601 0.073469 0.083221 0.020523 0.020358 0.040116 0.020040 0.020044 0.020036 0.020039 0.020027 0.020015 0.020026 0.020032 0.020018 -9999.0 -9999.0 -9999.0 -9999.0 -9999.0 -9999.0 -9999.0 -9999.0 -9999.0 -9999.0 -9999.0 -9999.0 -9999.0 -9999.0 -9999.0 -9999.0 -9999.0 -9999.0 -9999.0 -9999.0 -9999.0 -9999.0 -9999.0 -9999.0 -9999.0 -9999.0 -9999.0 -9999.0 -9999.0
-9999.0 -9999.0 -9999.0 -9999.0 -9999.0 -9999.0 -9999.0 -9999.0 -9999.0 -9999.0 -9999.0 0.020120 0.139518 0.430000 0.101166 0.172364 0.021494 0.295637 0.429981 0.021397 0.021411 0.419188 0.020104 0.020041 0.020084 0.020037 0.020033 0.020035 0.020035 0.020021 0.020025 0.020038 0.020030 0.020022 0.020024 0.020032 0.020035 0.020035 0.020033 -9999.0 -9999.0 -9999.0 0.020022 -9999.0 -9999.0 -9999.0 -9999.0 -9999.0 -9999.0 -9999.0 -9999.0 -9999.0 -9999.0 -9999.0 -9999.0 -9999.0 -9999.0 -9999.0 -9999.0 -9999.0 -9999.0 -9999.0 -9999.0
-9999.0 -9999.0 -9999.0 -9999.0 -9999.0 -9999.0 -9999.0 -9999.0 -9999.0 -9999.0 -9999.0 0.020172 0.121729 0.024994 0.092167 0.020245 0.066638 0.039248 0.398024 0.416314 0.186734 0.022689 0.020098 0.020054 0.020079 0.020036 0.020037 0.020037 0.020045 0.020022 0.020037 0.020042 0.020033 0.020028 0.020025 0.020037 0.020041 0.020070 0.020044 0.020023 0.020023 0.020022 0.020038 0.020027 -9999.0 -9999.0 -9999.0 0.040005 0.020024 0.020025 0.020028 0.020021 0.020021 0.040006 0.040006 0.020019 -9999.0 -9999.0 -9999.0 -9999.0 -9999.0 -9999.0 -9999.0
-9999.0 -9999.0 -9999.0 -9999.0 -9999.0 -9999.0 -9999.0 -9999.0 -9999.0 -9999.0 -9999.0 0.020142 0.020164 0.020495 0.371735 0.023612 0.143454 0.065556 0.179517 0.398845 0.386271 0.025129 0.020093 0.020039 0.020038 0.020035 0.020082 0.020040 0.020032 0.020026 0.020030 0.020035 0.020040 0.020030 0.020027 0.020039 0.020045 0.020052 0.020102 0.020030 0.020036 0.020034 0.020038 0.020036 0.020029 -9999.0 0.020019 0.020029 0.020038 0.020038 0.020040 0.020040 0.020038 0.020039 0.020038 0.020031 -9999.0 -9999.0 -9999.0 -9999.0 -9999.0 -9999.0 -9999.0
-9999.0 -9999.0 -9999.0 -9999.0 -9999.0 -9999.0 -9999.0 -9999.0 -9999.0 -9999.0 -9999.0 -9999.0 0.020195 0.145584 0.021724 0.022242 0.082630 0.059986 0.414428 0.407714 0.074276 0.024439 0.020501 0.020138 0.020047 0.020076 0.020069 0.020039 0.020039 0.020027 0.020036 0.020038 0.020040 0.020036 0.020032 0.020038 0.020083 0.020058 0.023623 0.020057 0.020054 0.020049 0.020049 0.020088 0.020029 0.020028 0.020023 0.020030 0.020048 0.020122 0.233576 0.020039 0.040022 0.040011 0.020044 0.020040 0.020031 -9999.0 -9999.0 -9999.0 -9999.0 -9999.0 -9999.0
-9999.0 -9999.0 -9999.0 -9999.0 -9999.0 -9999.0 -9999.0 -9999.0 -9999.0 -9999.0 -9999.0 0.040312 0.020068 0.020195 0.020247 0.125590 0.143428 0.082896 0.183937 0.321988 0.071252 0.084401 0.123162 0.020079 0.020083 0.020128 0.040358 0.020036 0.020035 0.020038 0.020077 0.020048 0.020048 0.020038 0.020025 0.020035 0.020040 0.020128 0.165208 0.020197 0.020127 0.027265 0.020096 0.020124 0.020133 0.020038 0.020036 0.020039 0.020050 0.021321 0.020036 0.020039 0.020023 0.020021 0.020018 0.020016 0.020026 -9999.0 -9999.0 -9999.0 -9999.0 -9999.0 -9999.0
-9999.0 -9999.0 -9999.0 -9999.0 -9999.0 -9999.0 -9999.0 -9999.0 -9999.0 -9999.0 0.040040 0.020253 0.020090 0.020094 0.020471 0.020331 0.020316 0.081945 0.266762 0.330234 0.427295 0.429866 0.020218 0.020320 0.126928 0.040086 0.020060 0.020029 0.020042 0.020082 0.020059 0.020057 0.020079 0.020038 0.020019 0.020030 0.020039 0.020103 0.021535 0.097417 0.026394 0.022159 0.050368 0.426401 0.066184 0.020039 0.020038 0.020159 0.020071 0.131683 0.020023 0.020024 0.020017 0.020015 0.020016 0.020037 0.020039 -9999.0 -9999.0 -9999.0 -9999.0 -9999.0 -9999.0
-9999.0 -9999.0 -9999.0 -9999.0 -9999.0 -9999.0 -9999.0 -9999.0 -9999.0 0.020037 0.040058 0.040023 0.020158 0.020139 0.040158 0.020675 0.029898 0.180414 0.052928 0.287012 0.420896 0.060265 0.025001 0.096568 0.421643 0.020092 0.020044 0.020085 0.020128 0.123071 0.138569 0.020082 0.020032 0.020016 0.020023 0.020029 0.020039 0.020074 0.020091 0.020257 0.020817 0.020527 0.020263 0.071701 0.029601 0.021021 0.020473 0.020111 0.020114 0.421591 0.020061 0.020026 0.020014 0.020017 0.020021 0.020023 0.020027 0.020028 0.020023 -9999.0 -9999.0 -9999.0 -9999.0
-9999.0 -9999.0 -9999.0 -9999.0 -9999.0 -9999.0 -9999.0 -9999.0 -9999.0 0.020030 0.020037 0.020085 0.021455 0.121804 0.020571 0.020130 0.020876 0.131623 0.048443 0.382536 0.400571 0.115077 0.430000 0.179510 0.020122 0.020068 0.020206 0.124892 0.129362 0.408941 0.021615 0.020067 0.020039 0.020030 0.020037 0.020029 0.020033 0.020041 0.020040 0.020076 0.040255 0.020060 0.020379 0.125440 0.382950 0.418562 0.106808 0.024101 0.024350 0.133737 0.020048 0.020024 0.020018 0.020021 0.020026 0.040005 0.020028 0.020033 0.020035 -9999.0 -9999.0 -9999.0 -9999.0
-9999.0 -9999.0 -9999.0 -9999.0 -9999.0 -9999.0 -9999.0 -9999.0 -9999.0 -9999.0 0.020037 0.020044 0.021245 0.099838 0.025215 0.027777 0.127894 0.122295 0.045005 0.352748 0.413410 0.022359 0.094605 0.020655 0.020081 0.091708 0.124938 0.152270 0.021351 0.020085 0.020070 0.040016 0.020033 0.020034 0.020038 0.020056 0.020085 0.020116 0.020033 0.020038 0.020039 0.020091 0.020386 0.021139 0.033055 0.095207 0.033500 0.429573 0.024367 0.025487 0.020074 0.020030 0.020021 0.020019 0.020020 0.020029 0.020042 0.020066 0.020074 0.118573 -9999.0 -9999.0 -9999.0
-9999.0 -9999.0 -9999.0 -9999.0 -9999.0 -9999.0 -9999.0 -9999.0 -9999.0 -9999.0 0.020038 0.020039 0.020078 0.022921 0.429764 0.068846 0.075895 0.302453 0.275307 0.214887 0.215377 0.057134 0.079293 0.020446 0.082583 0.131082 0.430000 0.089368 0.020104 0.020035 0.020039 0.020044 0.020026 0.020029 0.020038 0.020068 0.020067 0.020155 0.020057 0.020035 0.020037 0.020053 0.020060 0.020064 0.040336 0.020244 0.145271 0.032655 0.032672 0.047329 0.023244 0.020056 0.020031 0.020023 0.020017 0.020019 0.020028 0.020105 0.146165 0.430000 -9999.0 -9999.0 -9999.0
-9999.0 -9999.0 -9999.0 -9999.0 -9999.0 -9999.0 -9999.0 -9999.0 0.020039 0.020036 0.020033 0.020040 0.020044 0.020166 0.022529 0.408343 0.049004 0.116546 0.325330 0.181735 0.175961 0.039731 0.045572 0.056135 0.098582 0.429998 0.427758 0.020159 0.020067 0.020036 0.020017 0.020038 0.020038 0.020031 0.020034 0.020041 0.020464 0.020621 0.020055 0.020029 0.020039 0.020057 0.020036 0.020032 0.020053 0.020084 0.020059 0.020323 0.031569 0.430000 0.083131 0.020124 0.020027 0.020022 0.020020 0.020034 0.020030 0.020135 0.028571 0.124464 -9999.0 -9999.0 -9999.0
-9999.0 -9999.0 -9999.0 -9999.0 -9999.0 -9999.0 -9999.0 -9999.0 0.020040 0.020085 0.020042 0.020035 0.020040 0.020054 0.020140 0.094378 0.068469 0.059312 0.020153 0.179891 0.387490 0.359734 0.353659 0.119900 0.046274 0.358381 0.423262 0.020271 0.020026 0.020036 0.020030 0.020032 0.020035 0.020033 0.020038 0.020071 0.020456 0.020360 0.020160 0.020042 0.020038 0.020021 0.020035 0.020051 0.020061 0.020107 0.020033 0.020041 0.020260 0.098673 0.135997 0.020348 0.020027 0.020030 0.020040 0.020042 0.020093 0.023662 0.033726 0.427201 0.207297 -9999.0 -9999.0
-9999.0 -9999.0 -9999.0 -9999.0 -9999.0 -9999.0 -9999.0 -9999.0 0.020039 0.020048 0.020061 0.020034 0.020037 0.020038 0.020111 0.020162 0.064387 0.074948 0.033753 0.373775 0.177943 0.321201 0.337713 0.247293 0.370136 0.066505 0.100937 0.020108 0.020027 0.020035 0.020036 0.020085 0.020055 0.020066 0.020105 0.020112 0.024918 0.050549 0.027240 0.020145 0.020039 0.020038 0.020040 0.020046 0.020073 0.020040 0.020029 0.020038 0.020051 0.033965 0.413053 0.085849 0.020033 0.020028 0.020060 0.020137 0.178829 0.180391 0.088904 0.429945 0.401964 -9999.0 -9999.0
-9999.0 -9999.0 -9999.0 -9999.0 -9999.0 -9999.0 -9999.0 -9999.0 0.020025 0.020042 0.040072 0.020025 0.020039 0.040034 0.020128 0.093542 0.020738 0.036529 0.389613 0.181600 0.195444 0.219834 0.327456 0.272138 0.265768 0.076858 0.090673 0.020069 0.020079 0.020166 0.020114 0.020140 0.021732 0.020300 0.020170 0.020191 0.131619 0.066866 0.039459 0.022251 0.020077 0.020086 0.020074 0.020052 0.020037 0.020039 0.020042 0.020041 0.020040 0.020096 0.098117 0.099951 0.089881 0.040108 0.165400 0.200000 0.126164 0.418472 0.362808 0.405487 0.400456 0.368133 -9999.0
-9999.0 -9999.0 -9999.0 -9999.0 -9999.0 -9999.0 -9999.0 -9999.0 0.020025 0.020041 0.040021 0.020087 0.020297 0.020989 0.184427 0.430000 0.430000 0.068737 0.076812 0.059409 0.227133 0.260931 0.216419 0.199675 0.116957 0.067510 0.020120 0.080765 0.125500 0.022548 0.020460 0.142641 0.051803 0.162804 0.027700 0.027401 0.025389 0.055141 0.022784 0.180245 0.028568 0.022261 0.021366 0.022225 0.020103 0.020126 0.020168 0.020134 0.020217 0.026043 0.028368 0.069658 0.092326 0.119104 0.200000 0.430000 0.430000 0.426046 0.420323 0.085761 0.073247 0.376787 -9999.0
-9999.0 -9999.0 0.020038 0.020039 0.020035 0.020063 0.020039 0.020045 0.020035 0.020038 0.020086 0.056192 0.020992 0.064874 0.200000 0.430000 0.031830 0.020110 0.020285 0.089602 0.057254 0.288414 0.416136 0.161076 0.225882 0.057106 0.067791 0.074428 0.079423 0.190333 0.088349 0.090413 0.430000 0.076805 0.139433 0.061109 0.119053 0.038579 0.021133 0.022909 0.023399 0.024568 0.024676 0.099469 0.031136 0.026954 0.160671 0.406216 0.026700 0.099902 0.085810 0.379292 0.429417 0.430000 0.430000 0.430000 0.430000 0.421603 0.106018 0.082313 0.427291 0.388150 -9999.0
-9999.0 0.020147 0.020117 0.020095 0.020067 0.020122 0.020039 0.020040 0.020031 0.020034 0.020052 0.020152 0.427489 0.362801 0.429901 0.020412 0.020082 0.020055 0.040153 0.087720 0.057493 0.066663 0.430000 0.374874 0.277009 0.250423 0.329883 0.368129 0.100124 0.415996 0.068671 0.089364 0.164391 0.414924 0.111353 0.330332 0.095924 0.025370 0.337804 0.335965 0.100645 0.122690 0.063183 0.055560 0.054757 0.049622 0.393063 0.048325 0.079179 0.344921 0.403980 0.425602 0.430000 0.430000 0.430000 0.430000 0.429941 0.427069 0.430000 0.425081 0.419849 0.391511 -9999.0
-9999.0 0.020264 0.020144 0.020866 0.221827 0.020129 0.020055 0.020035 0.020033 0.020032 0.020044 0.020108 0.093715 0.429909 0.021277 0.020035 0.020042 0.020049 0.020239 0.060164 0.427306 0.410890 0.381257 0.430000 0.428391 0.371339 0.136893 0.206934 0.352733 0.038705 0.029712 0.032848 0.392608 0.391651 0.399989 0.335847 0.378113 0.351316 0.291566 0.280898 0.306804 0.338931 0.122843 0.207215 0.136931 0.027629 0.322601 0.357568 0.370528 0.391195 0.408537 0.394071 0.423808 0.430000 0.131277 0.400772 0.020688 0.381567 0.096974 0.379224 0.417113 -9999.0 -9999.0
-9999.0 0.020094 0.020101 0.020504 0.133689 0.147848 0.260042 0.020082 0.020054 0.020056 0.020089 0.091775 0.166724 0.417617 0.020090 0.020029 0.020036 0.020065 0.020084 0.020233 0.079949 0.092823 0.306810 0.430000 0.429999 0.404638 0.402024 0.397987 0.207351 0.345296 0.170809 0.163218 0.371714 0.372729 0.341074 0.302568 0.303637 0.346694 0.288746 0.283083 0.286203 0.367946 0.315908 0.163397 0.160936 0.346474 0.349720 0.383535 0.400450 0.344152 0.099653 0.403245 0.408497 0.201356 0.328298 0.040064 0.040062 0.040043 0.040048 -9999.0 -9999.0 -9999.0 -9999.0
