erum2020/resources/simulation/Vinschgau/output-maps/thetaliqL0001N0304.asc
ncols         63
nrows         48
xllcorner     598000.000000
yllcorner     5145000.000000
cellsize      1000.000000
NODATA_value  -9999.0
[rows 0 to 28 of 48, columns 0 to 62 of 63]
-9999.0 -9999.0 -9999.0 -9999.0 -9999.0 -9999.0 -9999.0 -9999.0 -9999.0 -9999.0 -9999.0 -9999.0 -9999.0 -9999.0 -9999.0 -9999.0 -9999.0 -9999.0 -9999.0 -9999.0 -9999.0 -9999.0 -9999.0 -9999.0 -9999.0 -9999.0 -9999.0 -9999.0 -9999.0 -9999.0 -9999.0 -9999.0 -9999.0 -9999.0 -9999.0 -9999.0 -9999.0 -9999.0 -9999.0 -9999.0 -9999.0 -9999.0 -9999.0 -9999.0 -9999.0 -9999.0 -9999.0 -9999.0 -9999.0 -9999.0 -9999.0 -9999.0 -9999.0 -9999.0 -9999.0 -9999.0 -9999.0 -9999.0 -9999.0 -9999.0 -9999.0 -9999.0 -9999.0
-9999.0 -9999.0 -9999.0 -9999.0 -9999.0 -9999.0 -9999.0 -9999.0 -9999.0 -9999.0 -9999.0 -9999.0 -9999.0 -9999.0 -9999.0 -9999.0 -9999.0 -9999.0 -9999.0 -9999.0 -9999.0 -9999.0 -9999.0 -9999.0 -9999.0 -9999.0 -9999.0 0.020024 0.040009 0.020028 0.040007 0.040005 0.040006 -9999.0 -9999.0 -9999.0 -9999.0 -9999.0 -9999.0 -9999.0 -9999.0 -9999.0 -9999.0 -9999.0 -9999.0 -9999.0 -9999.0 -9999.0 -9999.0 -9999.0 -9999.0 -9999.0 -9999.0 -9999.0 -9999.0 -9999.0 -9999.0 -9999.0 -9999.0 -9999.0 -9999.0 -9999.0 -9999.0
-9999.0 -9999.0 -9999.0 -9999.0 -9999.0 -9999.0 -9999.0 -9999.0 -9999.0 -9999.0 -9999.0 -9999.0 -9999.0 -9999.0 -9999.0 -9999.0 -9999.0 -9999.0 -9999.0 -9999.0 -9999.0 -9999.0 -9999.0 -9999.0 0.040012 0.040016 0.040020 0.040016 0.040019 0.040014 0.040006 -9999.0 -9999.0 -9999.0 -9999.0 -9999.0 -9999.0 -9999.0 -9999.0 -9999.0 -9999.0 -9999.0 -9999.0 -9999.0 -9999.0 -9999.0 -9999.0 -9999.0 -9999.0 -9999.0 -9999.0 -9999.0 -9999.0 -9999.0 -9999.0 -9999.0 -9999.0 -9999.0 -9999.0 -9999.0 -9999.0 -9999.0 -9999.0
-9999.0 -9999.0 -9999.0 -9999.0 -9999.0 -9999.0 -9999.0 -9999.0 -9999.0 -9999.0 -9999.0 -9999.0 -9999.0 -9999.0 -9999.0 -9999.0 -9999.0 -9999.0 -9999.0 -9999.0 -9999.0 -9999.0 -9999.0 0.040013 0.040023 0.040019 0.040025 0.040022 0.040022 0.040015 0.040009 0.040007 -9999.0 -9999.0 -9999.0 -9999.0 -9999.0 -9999.0 -9999.0 -9999.0 -9999.0 -9999.0 -9999.0 -9999.0 -9999.0 -9999.0 -9999.0 -9999.0 -9999.0 -9999.0 -9999.0 -9999.0 -9999.0 -9999.0 -9999.0 -9999.0 -9999.0 -9999.0 -9999.0 -9999.0 -9999.0 -9999.0 -9999.0
-9999.0 -9999.0 -9999.0 -9999.0 -9999.0 -9999.0 -9999.0 -9999.0 -9999.0 -9999.0 -9999.0 -9999.0 -9999.0 -9999.0 -9999.0 -9999.0 -9999.0 -9999.0 0.188357 0.040019 -9999.0 0.040013 0.040020 0.040021 0.040105 0.394452 0.040172 0.040107 0.447737 0.040019 0.040016 0.040008 0.020024 0.020018 -9999.0 -9999.0 -9999.0 -9999.0 -9999.0 -9999.0 -9999.0 -9999.0 -9999.0 -9999.0 -9999.0 -9999.0 -9999.0 -9999.0 -9999.0 -9999.0 -9999.0 -9999.0 -9999.0 -9999.0 -9999.0 -9999.0 -9999.0 -9999.0 -9999.0 -9999.0 -9999.0 -9999.0 -9999.0
-9999.0 -9999.0 -9999.0 -9999.0 -9999.0 -9999.0 -9999.0 -9999.0 -9999.0 -9999.0 -9999.0 -9999.0 -9999.0 -9999.0 -9999.0 -9999.0 -9999.0 0.040230 0.040002 0.020051 0.020042 0.040028 0.040028 0.040069 0.282017 0.040041 0.040010 0.040012 0.040011 0.040044 0.040024 0.040014 0.020035 0.020027 0.020019 0.020016 -9999.0 -9999.0 -9999.0 -9999.0 -9999.0 -9999.0 -9999.0 -9999.0 -9999.0 -9999.0 -9999.0 -9999.0 -9999.0 -9999.0 -9999.0 -9999.0 -9999.0 -9999.0 -9999.0 -9999.0 -9999.0 -9999.0 -9999.0 -9999.0 -9999.0 -9999.0 -9999.0
-9999.0 -9999.0 -9999.0 -9999.0 -9999.0 -9999.0 -9999.0 -9999.0 -9999.0 -9999.0 -9999.0 -9999.0 -9999.0 0.040012 0.040030 0.040093 0.041433 0.199268 0.040006 0.040033 0.040049 0.040266 0.040676 0.089767 0.040053 0.040008 0.020021 0.040009 0.040007 0.040015 0.040012 0.040007 0.040007 0.040005 0.020016 0.020015 -9999.0 -9999.0 -9999.0 -9999.0 -9999.0 -9999.0 -9999.0 -9999.0 -9999.0 -9999.0 -9999.0 -9999.0 -9999.0 -9999.0 -9999.0 -9999.0 -9999.0 -9999.0 -9999.0 -9999.0 -9999.0 -9999.0 -9999.0 -9999.0 -9999.0 -9999.0 -9999.0
-9999.0 -9999.0 -9999.0 -9999.0 -9999.0 -9999.0 -9999.0 -9999.0 -9999.0 -9999.0 -9999.0 -9999.0 -9999.0 0.040020 0.040035 0.040092 0.040088 0.260022 0.199293 0.040072 0.063546 0.040229 0.040177 0.040167 0.040056 0.040013 0.040010 0.020019 0.020018 0.040006 0.040022 0.040009 0.020016 0.020014 0.020015 -9999.0 -9999.0 -9999.0 -9999.0 -9999.0 -9999.0 -9999.0 -9999.0 -9999.0 -9999.0 -9999.0 -9999.0 -9999.0 -9999.0 -9999.0 -9999.0 -9999.0 -9999.0 -9999.0 -9999.0 -9999.0 -9999.0 -9999.0 -9999.0 -9999.0 -9999.0 -9999.0 -9999.0
-9999.0 -9999.0 -9999.0 -9999.0 -9999.0 -9999.0 -9999.0 -9999.0 -9999.0 -9999.0 -9999.0 -9999.0 -9999.0 0.040025 0.040106 0.040607 0.040044 0.040236 0.199302 0.127490 0.040134 0.020026 0.040017 0.040011 0.040015 0.040015 0.020030 0.020018 0.040008 0.020016 0.040005 0.020014 0.020014 0.020013 0.020014 -9999.0 -9999.0 -9999.0 -9999.0 -9999.0 -9999.0 -9999.0 -9999.0 -9999.0 -9999.0 -9999.0 -9999.0 -9999.0 -9999.0 -9999.0 -9999.0 -9999.0 -9999.0 -9999.0 -9999.0 -9999.0 -9999.0 -9999.0 -9999.0 -9999.0 -9999.0 -9999.0 -9999.0
-9999.0 -9999.0 -9999.0 -9999.0 -9999.0 -9999.0 -9999.0 -9999.0 -9999.0 -9999.0 -9999.0 -9999.0 0.040020 0.040029 0.040183 0.040011 0.040043 0.040087 0.379893 0.020085 0.040040 0.040008 0.040011 0.040010 0.040021 0.040008 0.040009 0.040008 0.040013 0.020017 0.040004 0.020020 0.040007 0.020015 -9999.0 -9999.0 -9999.0 -9999.0 -9999.0 -9999.0 -9999.0 -9999.0 -9999.0 -9999.0 -9999.0 -9999.0 -9999.0 -9999.0 -9999.0 -9999.0 -9999.0 -9999.0 -9999.0 -9999.0 -9999.0 -9999.0 -9999.0 -9999.0 -9999.0 -9999.0 -9999.0 -9999.0 -9999.0
-9999.0 -9999.0 -9999.0 -9999.0 -9999.0 -9999.0 -9999.0 -9999.0 -9999.0 -9999.0 -9999.0 0.040013 0.040014 0.040322 0.040010 0.040010 0.020025 0.040041 0.385227 0.020113 0.040048 0.040023 0.040011 0.040011 0.040012 0.040008 0.040008 0.040010 0.040010 0.020016 0.020020 0.040012 0.020020 0.020016 0.020018 0.020019 0.040006 0.040033 0.043939 -9999.0 -9999.0 -9999.0 0.020016 -9999.0 -9999.0 -9999.0 -9999.0 -9999.0 -9999.0 -9999.0 -9999.0 -9999.0 -9999.0 -9999.0 -9999.0 -9999.0 -9999.0 -9999.0 -9999.0 -9999.0 -9999.0 -9999.0 -9999.0
-9999.0 -9999.0 -9999.0 -9999.0 -9999.0 -9999.0 -9999.0 -9999.0 -9999.0 -9999.0 -9999.0 0.040010 0.040012 0.040021 0.040014 0.040008 0.040019 0.040055 0.387726 0.093577 0.074093 0.040036 0.040013 0.040010 0.040010 0.040008 0.040010 0.040014 0.020025 0.020017 0.040010 0.040013 0.040007 0.040005 0.040004 0.040007 0.043585 0.040257 0.040056 0.020043 0.020018 0.020015 0.040007 0.020018 -9999.0 -9999.0 -9999.0 0.040287 0.040011 0.020030 0.040024 0.020038 0.020040 0.041178 0.041482 0.020044 -9999.0 -9999.0 -9999.0 -9999.0 -9999.0 -9999.0 -9999.0
-9999.0 -9999.0 -9999.0 -9999.0 -9999.0 -9999.0 -9999.0 -9999.0 -9999.0 -9999.0 -9999.0 0.040012 0.040010 0.040012 0.040015 0.040010 0.040020 0.040062 0.118252 0.358287 0.040002 0.040032 0.040023 0.040016 0.040007 0.020027 0.040027 0.040010 0.020020 0.040006 0.020019 0.040010 0.040011 0.040005 0.020017 0.040059 0.040030 0.040467 0.114259 0.020056 0.041273 0.040006 0.040010 0.040009 0.040006 -9999.0 0.020019 0.040010 0.040021 0.040055 0.040050 0.020094 0.042534 0.053908 0.051250 0.040668 -9999.0 -9999.0 -9999.0 -9999.0 -9999.0 -9999.0 -9999.0
-9999.0 -9999.0 -9999.0 -9999.0 -9999.0 -9999.0 -9999.0 -9999.0 -9999.0 -9999.0 -9999.0 -9999.0 0.040012 0.040018 0.040027 0.040016 0.040023 0.040052 0.360356 0.415454 0.040034 0.040061 0.040036 0.040028 0.040011 0.040028 0.040023 0.040007 0.040007 0.020023 0.040009 0.040013 0.040010 0.040006 0.040004 0.040007 0.040019 0.050412 0.078565 0.040042 0.043253 0.020169 0.040013 0.040013 0.020026 0.040008 0.020024 0.040010 0.040014 0.040062 0.040142 0.040030 0.042120 0.040245 0.040018 0.040018 0.040167 -9999.0 -9999.0 -9999.0 -9999.0 -9999.0 -9999.0
-9999.0 -9999.0 -9999.0 -9999.0 -9999.0 -9999.0 -9999.0 -9999.0 -9999.0 -9999.0 -9999.0 0.040024 0.040015 0.040010 0.040029 0.040025 0.040032 0.040054 0.380440 0.287035 0.040002 0.040045 0.040056 0.040021 0.040026 0.040038 0.040021 0.040006 0.040009 0.020029 0.040022 0.040023 0.040017 0.040006 0.040004 0.040006 0.040015 0.040028 0.072868 0.040413 0.040016 0.040034 0.040028 0.020063 0.040064 0.040009 0.040014 0.020042 0.020046 0.040254 0.020025 0.040013 0.040020 0.020028 0.020028 0.020022 0.020052 -9999.0 -9999.0 -9999.0 -9999.0 -9999.0 -9999.0
-9999.0 -9999.0 -9999.0 -9999.0 -9999.0 -9999.0 -9999.0 -9999.0 -9999.0 -9999.0 0.040047 0.040035 0.040034 0.040012 0.040066 0.040032 0.040018 0.040022 0.040102 0.313291 0.348161 0.048613 0.040025 0.040028 0.040043 0.040061 0.040009 0.020027 0.040021 0.040022 0.040027 0.040015 0.040009 0.040006 0.020014 0.020017 0.040009 0.040016 0.040051 0.043347 0.043419 0.020226 0.020267 0.040002 0.040032 0.020032 0.040015 0.040030 0.040062 0.040141 0.020045 0.020023 0.020023 0.020022 0.020024 0.040341 0.040388 -9999.0 -9999.0 -9999.0 -9999.0 -9999.0 -9999.0
-9999.0 -9999.0 -9999.0 -9999.0 -9999.0 -9999.0 -9999.0 -9999.0 -9999.0 0.040009 0.040033 0.040045 0.040022 0.040033 0.040146 0.040017 0.040012 0.040073 0.041664 0.392507 0.414282 0.040058 0.040058 0.064348 0.040139 0.040011 0.040016 0.040024 0.040026 0.040034 0.040104 0.040010 0.020017 0.020015 0.020017 0.020017 0.040006 0.040009 0.040008 0.040018 0.040000 0.040011 0.040012 0.055889 0.040002 0.040067 0.148706 0.040023 0.040042 0.040060 0.040050 0.020034 0.020020 0.020025 0.020036 0.040033 0.054703 0.022382 0.020087 -9999.0 -9999.0 -9999.0 -9999.0
-9999.0 -9999.0 -9999.0 -9999.0 -9999.0 -9999.0 -9999.0 -9999.0 -9999.0 0.040009 0.040009 0.040010 0.176750 0.040029 0.040043 0.040046 0.040205 0.040069 0.224479 0.520000 0.520000 0.520000 0.046194 0.040124 0.040012 0.040025 0.040024 0.040035 0.068338 0.040074 0.040030 0.040019 0.040007 0.040007 0.040008 0.020025 0.020023 0.020026 0.040006 0.040009 0.040012 0.040012 0.040018 0.040234 0.342142 0.145724 0.093048 0.040036 0.040087 0.041404 0.040035 0.040027 0.020026 0.040011 0.020024 0.040146 0.040651 0.041238 0.027454 -9999.0 -9999.0 -9999.0 -9999.0
-9999.0 -9999.0 -9999.0 -9999.0 -9999.0 -9999.0 -9999.0 -9999.0 -9999.0 -9999.0 0.040010 0.040012 0.040022 0.040062 0.040050 0.040045 0.040069 0.040244 0.472252 0.520000 0.520000 0.045668 0.040092 0.040030 0.040026 0.040032 0.040134 0.077008 0.040038 0.040009 0.040008 0.040019 0.040012 0.040006 0.040012 0.040017 0.040014 0.040014 0.020022 0.040005 0.040005 0.040014 0.040041 0.040011 0.040027 0.040173 0.041256 0.047686 0.381197 0.040067 0.040081 0.040104 0.020041 0.020028 0.040013 0.040010 0.040023 0.040114 0.040154 0.041202 -9999.0 -9999.0 -9999.0
-9999.0 -9999.0 -9999.0 -9999.0 -9999.0 -9999.0 -9999.0 -9999.0 -9999.0 -9999.0 0.040009 0.040010 0.040015 0.040085 0.071492 0.040044 0.040051 0.040872 0.476566 0.480169 0.466137 0.311444 0.040048 0.040024 0.040032 0.040509 0.214534 0.040089 0.040015 0.040006 0.040010 0.040011 0.020028 0.040006 0.040010 0.040008 0.040024 0.040024 0.040012 0.040006 0.040009 0.020030 0.040010 0.040007 0.040024 0.040015 0.040029 0.040163 0.041567 0.366717 0.040073 0.040162 0.041708 0.020043 0.020030 0.020044 0.040010 0.066407 0.054246 0.329674 -9999.0 -9999.0 -9999.0
-9999.0 -9999.0 -9999.0 -9999.0 -9999.0 -9999.0 -9999.0 -9999.0 0.040050 0.040042 0.040011 0.040014 0.040017 0.040019 0.040076 0.154524 0.272765 0.520000 0.442245 0.475933 0.459668 0.519986 0.506184 0.388557 0.041211 0.079462 0.079396 0.040016 0.040014 0.040008 0.020017 0.040007 0.040008 0.040007 0.040009 0.040010 0.040013 0.040043 0.040013 0.020022 0.020021 0.040008 0.020020 0.020019 0.020038 0.040034 0.040016 0.040027 0.040494 0.433681 0.040133 0.040480 0.052489 0.040017 0.020053 0.052985 0.021889 0.052597 0.088738 0.520000 -9999.0 -9999.0 -9999.0
-9999.0 -9999.0 -9999.0 -9999.0 -9999.0 -9999.0 -9999.0 -9999.0 0.020031 0.040060 0.040032 0.040008 0.040010 0.040026 0.040054 0.040257 0.040461 0.042680 0.497922 0.473970 0.510314 0.517713 0.518941 0.520000 0.515096 0.406953 0.040099 0.040043 0.020024 0.040011 0.040009 0.020033 0.040012 0.020026 0.040014 0.040017 0.040075 0.040166 0.040025 0.040013 0.040007 0.040005 0.020020 0.040016 0.040045 0.040017 0.020023 0.040009 0.040159 0.049357 0.422707 0.040359 0.046940 0.057773 0.040073 0.020134 0.040150 0.040128 0.451941 0.520000 0.501973 -9999.0 -9999.0
-9999.0 -9999.0 -9999.0 -9999.0 -9999.0 -9999.0 -9999.0 -9999.0 0.040010 0.040023 0.040058 0.040012 0.040033 0.020027 0.040067 0.040041 0.040079 0.382169 0.488890 0.513124 0.488008 0.518724 0.511934 0.506399 0.519997 0.408869 0.040127 0.040022 0.020033 0.040018 0.020033 0.040032 0.040021 0.040024 0.040024 0.040032 0.040019 0.040603 0.040036 0.040016 0.040011 0.020027 0.040020 0.040011 0.040011 0.040010 0.020036 0.040120 0.040014 0.040448 0.520000 0.200263 0.040361 0.040996 0.048635 0.274729 0.348344 0.495611 0.520000 0.520000 0.520000 -9999.0 -9999.0
-9999.0 -9999.0 -9999.0 -9999.0 -9999.0 -9999.0 -9999.0 -9999.0 0.020020 0.040017 0.040132 0.020063 0.040265 0.040202 0.040039 0.040000 0.356221 0.520000 0.520000 0.511599 0.519860 0.515174 0.519974 0.519988 0.507345 0.040852 0.040092 0.040036 0.040026 0.040026 0.040037 0.040048 0.040048 0.040064 0.040022 0.040027 0.040054 0.040215 0.040056 0.040043 0.040015 0.040029 0.040039 0.020054 0.040034 0.020041 0.040107 0.020136 0.040124 0.040313 0.043717 0.520000 0.313611 0.201972 0.422375 0.520000 0.520000 0.520000 0.520000 0.520000 0.520000 0.041451 -9999.0
-9999.0 -9999.0 -9999.0 -9999.0 -9999.0 -9999.0 -9999.0 -9999.0 0.040010 0.040021 0.051859 0.040068 0.040038 0.040071 0.234304 0.312490 0.520000 0.045329 0.040557 0.054039 0.519956 0.517088 0.519976 0.520000 0.520000 0.309394 0.040029 0.040034 0.040078 0.040074 0.040047 0.040114 0.040115 0.040222 0.040048 0.040051 0.040190 0.303535 0.040001 0.040199 0.040037 0.040036 0.040136 0.040048 0.040045 0.040057 0.040054 0.040079 0.040074 0.041135 0.336666 0.390027 0.520000 0.520000 0.520000 0.520000 0.520000 0.520000 0.520000 0.520000 0.312232 0.058410 -9999.0
-9999.0 -9999.0 0.040019 0.040026 0.040017 0.040042 0.040097 0.040042 0.040022 0.040019 0.040123 0.040110 0.040093 0.197817 0.520000 0.342676 0.040308 0.040016 0.040021 0.040405 0.058733 0.519996 0.520000 0.520000 0.520000 0.383609 0.040597 0.040076 0.107717 0.293004 0.040073 0.040149 0.393317 0.040070 0.045506 0.041241 0.147826 0.520000 0.040050 0.041824 0.046746 0.046796 0.040003 0.041590 0.040120 0.040106 0.040144 0.040174 0.292864 0.520000 0.520000 0.520000 0.520000 0.520000 0.520000 0.520000 0.520000 0.520000 0.505976 0.241146 0.069164 0.086343 -9999.0
-9999.0 0.040057 0.040049 0.040062 0.040050 0.040103 0.040027 0.040015 0.040013 0.040011 0.040028 0.059787 0.041764 0.323453 0.348848 0.047011 0.040026 0.040017 0.040077 0.040166 0.232425 0.520000 0.520000 0.520000 0.520000 0.519977 0.519984 0.520000 0.497169 0.384387 0.262906 0.090325 0.344484 0.520000 0.518583 0.520000 0.520000 0.520000 0.520000 0.520000 0.468017 0.520000 0.486144 0.040022 0.040005 0.040025 0.423265 0.520000 0.520000 0.520000 0.520000 0.520000 0.520000 0.520000 0.520000 0.520000 0.239753 0.066400 0.070858 0.099429 0.114858 0.098044 -9999.0
-9999.0 0.040030 0.040104 0.040068 0.205596 0.040095 0.040042 0.040038 0.040025 0.040027 0.040093 0.040100 0.040625 0.351395 0.040362 0.040074 0.040014 0.040025 0.040048 0.040059 0.076558 0.189955 0.383630 0.487246 0.520000 0.520000 0.482093 0.500993 0.520000 0.520000 0.503693 0.516541 0.520000 0.520000 0.520000 0.520000 0.520000 0.520000 0.520000 0.520000 0.520000 0.520000 0.520000 0.520000 0.481178 0.500398 0.519991 0.519997 0.520000 0.520000 0.520000 0.352144 0.066634 0.506381 0.290900 0.080537 0.054565 0.070535 0.069068 0.073437 0.084542 -9999.0 -9999.0
-9999.0 0.040013 0.040054 0.040218 0.040196 0.111194 0.181214 0.040050 0.040052 0.040087 0.040300 0.040100 0.294245 0.200415 0.070728 0.040022 0.040015 0.040021 0.040029 0.040206 0.040913 0.040447 0.041250 0.520000 0.520000 0.520000 0.520000 0.519893 0.520000 0.520000 0.498811 0.468988 0.520000 0.520000 0.520000 0.520000 0.520000 0.520000 0.520000 0.520000 0.520000 0.520000 0.520000 0.468959 0.460712 0.472415 0.519950 0.520000 0.520000 0.485376 0.047190 0.049476 0.066939 0.080717 0.059058 0.064322 0.061186 0.060618 0.044712 -9999.0 -9999.0 -9999.0 -9999.0
