erum2020/resources/simulation/Vinschgau/output-maps/thetaliqL0003N1080.asc
ncols         63
nrows         48
xllcorner     598000.000000
yllcorner     5145000.000000
cellsize      1000.000000
NODATA_value  -9999.0
[rows 0 to 28 of 48, columns 0 to 62 of 63]
-9999.0 -9999.0 -9999.0 -9999.0 -9999.0 -9999.0 -9999.0 -9999.0 -9999.0 -9999.0 -9999.0 -9999.0 -9999.0 -9999.0 -9999.0 -9999.0 -9999.0 -9999.0 -9999.0 -9999.0 -9999.0 -9999.0 -9999.0 -9999.0 -9999.0 -9999.0 -9999.0 -9999.0 -9999.0 -9999.0 -9999.0 -9999.0 -9999.0 -9999.0 -9999.0 -9999.0 -9999.0 -9999.0 -9999.0 -9999.0 -9999.0 -9999.0 -9999.0 -9999.0 -9999.0 -9999.0 -9999.0 -9999.0 -9999.0 -9999.0 -9999.0 -9999.0 -9999.0 -9999.0 -9999.0 -9999.0 -9999.0 -9999.0 -9999.0 -9999.0 -9999.0 -9999.0 -9999.0
-9999.0 -9999.0 -9999.0 -9999.0 -9999.0 -9999.0 -9999.0 -9999.0 -9999.0 -9999.0 -9999.0 -9999.0 -9999.0 -9999.0 -9999.0 -9999.0 -9999.0 -9999.0 -9999.0 -9999.0 -9999.0 -9999.0 -9999.0 -9999.0 -9999.0 -9999.0 -9999.0 0.032051 0.045620 0.020884 0.040484 0.040427 0.040521 -9999.0 -9999.0 -9999.0 -9999.0 -9999.0 -9999.0 -9999.0 -9999.0 -9999.0 -9999.0 -9999.0 -9999.0 -9999.0 -9999.0 -9999.0 -9999.0 -9999.0 -9999.0 -9999.0 -9999.0 -9999.0 -9999.0 -9999.0 -9999.0 -9999.0 -9999.0 -9999.0 -9999.0 -9999.0 -9999.0
-9999.0 -9999.0 -9999.0 -9999.0 -9999.0 -9999.0 -9999.0 -9999.0 -9999.0 -9999.0 -9999.0 -9999.0 -9999.0 -9999.0 -9999.0 -9999.0 -9999.0 -9999.0 -9999.0 -9999.0 -9999.0 -9999.0 -9999.0 -9999.0 0.055670 0.064341 0.042806 0.049234 0.042048 0.041597 0.040812 -9999.0 -9999.0 -9999.0 -9999.0 -9999.0 -9999.0 -9999.0 -9999.0 -9999.0 -9999.0 -9999.0 -9999.0 -9999.0 -9999.0 -9999.0 -9999.0 -9999.0 -9999.0 -9999.0 -9999.0 -9999.0 -9999.0 -9999.0 -9999.0 -9999.0 -9999.0 -9999.0 -9999.0 -9999.0 -9999.0 -9999.0 -9999.0
-9999.0 -9999.0 -9999.0 -9999.0 -9999.0 -9999.0 -9999.0 -9999.0 -9999.0 -9999.0 -9999.0 -9999.0 -9999.0 -9999.0 -9999.0 -9999.0 -9999.0 -9999.0 -9999.0 -9999.0 -9999.0 -9999.0 -9999.0 0.320040 0.377868 0.176684 0.140731 0.076906 0.327993 0.194419 0.041266 0.040383 -9999.0 -9999.0 -9999.0 -9999.0 -9999.0 -9999.0 -9999.0 -9999.0 -9999.0 -9999.0 -9999.0 -9999.0 -9999.0 -9999.0 -9999.0 -9999.0 -9999.0 -9999.0 -9999.0 -9999.0 -9999.0 -9999.0 -9999.0 -9999.0 -9999.0 -9999.0 -9999.0 -9999.0 -9999.0 -9999.0 -9999.0
-9999.0 -9999.0 -9999.0 -9999.0 -9999.0 -9999.0 -9999.0 -9999.0 -9999.0 -9999.0 -9999.0 -9999.0 -9999.0 -9999.0 -9999.0 -9999.0 -9999.0 -9999.0 0.367242 0.514694 -9999.0 0.111103 0.512373 0.146328 0.208554 0.075670 0.349558 0.373385 0.439058 0.148611 0.041792 0.040768 0.020866 0.020669 -9999.0 -9999.0 -9999.0 -9999.0 -9999.0 -9999.0 -9999.0 -9999.0 -9999.0 -9999.0 -9999.0 -9999.0 -9999.0 -9999.0 -9999.0 -9999.0 -9999.0 -9999.0 -9999.0 -9999.0 -9999.0 -9999.0 -9999.0 -9999.0 -9999.0 -9999.0 -9999.0 -9999.0 -9999.0
-9999.0 -9999.0 -9999.0 -9999.0 -9999.0 -9999.0 -9999.0 -9999.0 -9999.0 -9999.0 -9999.0 -9999.0 -9999.0 -9999.0 -9999.0 -9999.0 -9999.0 0.074860 0.079868 0.022740 0.182657 0.066520 0.151643 0.359799 0.341225 0.132200 0.043010 0.130460 0.042047 0.463962 0.517553 0.061556 0.021107 0.022122 0.020815 0.020666 -9999.0 -9999.0 -9999.0 -9999.0 -9999.0 -9999.0 -9999.0 -9999.0 -9999.0 -9999.0 -9999.0 -9999.0 -9999.0 -9999.0 -9999.0 -9999.0 -9999.0 -9999.0 -9999.0 -9999.0 -9999.0 -9999.0 -9999.0 -9999.0 -9999.0 -9999.0 -9999.0
-9999.0 -9999.0 -9999.0 -9999.0 -9999.0 -9999.0 -9999.0 -9999.0 -9999.0 -9999.0 -9999.0 -9999.0 -9999.0 0.520000 0.329657 0.098545 0.074901 0.022556 0.075837 0.074959 0.146332 0.267339 0.171824 0.345272 0.090001 0.516252 0.020999 0.040066 0.046317 0.067953 0.040431 0.044354 0.040830 0.040568 0.020333 0.020576 -9999.0 -9999.0 -9999.0 -9999.0 -9999.0 -9999.0 -9999.0 -9999.0 -9999.0 -9999.0 -9999.0 -9999.0 -9999.0 -9999.0 -9999.0 -9999.0 -9999.0 -9999.0 -9999.0 -9999.0 -9999.0 -9999.0 -9999.0 -9999.0 -9999.0 -9999.0 -9999.0
-9999.0 -9999.0 -9999.0 -9999.0 -9999.0 -9999.0 -9999.0 -9999.0 -9999.0 -9999.0 -9999.0 -9999.0 -9999.0 0.496309 0.116876 0.084160 0.076231 0.193276 0.022552 0.080868 0.075299 0.119642 0.182276 0.304581 0.407859 0.071811 0.048703 0.021550 0.021230 0.041024 0.040052 0.041873 0.020925 0.020032 0.020423 -9999.0 -9999.0 -9999.0 -9999.0 -9999.0 -9999.0 -9999.0 -9999.0 -9999.0 -9999.0 -9999.0 -9999.0 -9999.0 -9999.0 -9999.0 -9999.0 -9999.0 -9999.0 -9999.0 -9999.0 -9999.0 -9999.0 -9999.0 -9999.0 -9999.0 -9999.0 -9999.0 -9999.0
-9999.0 -9999.0 -9999.0 -9999.0 -9999.0 -9999.0 -9999.0 -9999.0 -9999.0 -9999.0 -9999.0 -9999.0 -9999.0 0.089873 0.520000 0.084121 0.083442 0.077855 0.022533 0.075488 0.224653 0.131375 0.164996 0.057479 0.326510 0.307173 0.126032 0.021052 0.040579 0.020040 0.040770 0.020026 0.020027 0.020015 0.020574 -9999.0 -9999.0 -9999.0 -9999.0 -9999.0 -9999.0 -9999.0 -9999.0 -9999.0 -9999.0 -9999.0 -9999.0 -9999.0 -9999.0 -9999.0 -9999.0 -9999.0 -9999.0 -9999.0 -9999.0 -9999.0 -9999.0 -9999.0 -9999.0 -9999.0 -9999.0 -9999.0 -9999.0
-9999.0 -9999.0 -9999.0 -9999.0 -9999.0 -9999.0 -9999.0 -9999.0 -9999.0 -9999.0 -9999.0 -9999.0 0.179377 0.520000 0.101562 0.274336 0.145906 0.096451 0.161585 0.022243 0.221717 0.088172 0.047890 0.057396 0.040357 0.047104 0.040060 0.041212 0.040820 0.020480 0.040011 0.020861 0.040574 0.020538 -9999.0 -9999.0 -9999.0 -9999.0 -9999.0 -9999.0 -9999.0 -9999.0 -9999.0 -9999.0 -9999.0 -9999.0 -9999.0 -9999.0 -9999.0 -9999.0 -9999.0 -9999.0 -9999.0 -9999.0 -9999.0 -9999.0 -9999.0 -9999.0 -9999.0 -9999.0 -9999.0 -9999.0 -9999.0
-9999.0 -9999.0 -9999.0 -9999.0 -9999.0 -9999.0 -9999.0 -9999.0 -9999.0 -9999.0 -9999.0 0.520000 0.251138 0.520000 0.117018 0.436868 0.022110 0.096249 0.274767 0.115346 0.077059 0.358595 0.511615 0.044929 0.040348 0.041011 0.041001 0.041122 0.040945 0.020517 0.020842 0.040876 0.020345 0.020723 0.020511 0.020400 0.041055 0.042629 0.040793 -9999.0 -9999.0 -9999.0 0.020756 -9999.0 -9999.0 -9999.0 -9999.0 -9999.0 -9999.0 -9999.0 -9999.0 -9999.0 -9999.0 -9999.0 -9999.0 -9999.0 -9999.0 -9999.0 -9999.0 -9999.0 -9999.0 -9999.0 -9999.0
-9999.0 -9999.0 -9999.0 -9999.0 -9999.0 -9999.0 -9999.0 -9999.0 -9999.0 -9999.0 -9999.0 0.520000 0.197436 0.120942 0.073368 0.479130 0.070162 0.075282 0.187764 0.210785 0.306848 0.520000 0.491797 0.040442 0.040037 0.043880 0.042666 0.041066 0.020899 0.020668 0.040592 0.041969 0.040436 0.040302 0.040576 0.041460 0.041714 0.045521 0.045635 0.020783 0.020797 0.020736 0.040534 0.020942 -9999.0 -9999.0 -9999.0 0.040371 0.040373 0.020361 0.040359 0.020336 0.020320 0.040303 0.040371 0.020301 -9999.0 -9999.0 -9999.0 -9999.0 -9999.0 -9999.0 -9999.0
-9999.0 -9999.0 -9999.0 -9999.0 -9999.0 -9999.0 -9999.0 -9999.0 -9999.0 -9999.0 -9999.0 0.516252 0.520000 0.165831 0.426023 0.449235 0.318970 0.089432 0.124211 0.179770 0.207221 0.133741 0.040693 0.045468 0.044780 0.050790 0.040511 0.040046 0.021694 0.040514 0.021233 0.040035 0.041101 0.040317 0.020573 0.041297 0.040068 0.040133 0.287422 0.021355 0.040802 0.040961 0.041139 0.042266 0.040302 -9999.0 0.020576 0.040518 0.040532 0.040858 0.042819 0.021008 0.042012 0.040487 0.040429 0.040539 -9999.0 -9999.0 -9999.0 -9999.0 -9999.0 -9999.0 -9999.0
-9999.0 -9999.0 -9999.0 -9999.0 -9999.0 -9999.0 -9999.0 -9999.0 -9999.0 -9999.0 -9999.0 -9999.0 0.507140 0.043181 0.482196 0.481346 0.222299 0.091863 0.216247 0.198998 0.131813 0.270765 0.040488 0.040061 0.040166 0.040555 0.509732 0.043710 0.040480 0.020980 0.041992 0.040041 0.041756 0.040447 0.040376 0.041369 0.040042 0.040187 0.355191 0.240172 0.042647 0.138041 0.040065 0.044728 0.021168 0.040357 0.020658 0.040541 0.040023 0.040059 0.048204 0.040042 0.040042 0.040028 0.040021 0.040451 0.040347 -9999.0 -9999.0 -9999.0 -9999.0 -9999.0 -9999.0
-9999.0 -9999.0 -9999.0 -9999.0 -9999.0 -9999.0 -9999.0 -9999.0 -9999.0 -9999.0 -9999.0 0.040813 0.506768 0.520000 0.043592 0.166389 0.373964 0.127732 0.204352 0.112426 0.104431 0.306435 0.045771 0.040769 0.040771 0.040156 0.040062 0.041277 0.041149 0.087042 0.040040 0.040084 0.045030 0.040443 0.040457 0.040601 0.044583 0.041457 0.115943 0.318002 0.043781 0.077781 0.041245 0.021099 0.353766 0.041474 0.040764 0.098234 0.136584 0.056905 0.020086 0.041360 0.040023 0.020041 0.020033 0.020024 0.020679 -9999.0 -9999.0 -9999.0 -9999.0 -9999.0 -9999.0
-9999.0 -9999.0 -9999.0 -9999.0 -9999.0 -9999.0 -9999.0 -9999.0 -9999.0 -9999.0 0.514519 0.043232 0.512093 0.514263 0.520000 0.050940 0.047655 0.137707 0.092123 0.117117 0.272827 0.374520 0.042167 0.520000 0.043294 0.040222 0.040606 0.020049 0.042189 0.465279 0.040185 0.040144 0.061280 0.040444 0.020528 0.021231 0.047487 0.040051 0.040499 0.411230 0.491389 0.184718 0.194407 0.391640 0.046486 0.088757 0.041700 0.040074 0.040200 0.071283 0.020051 0.020404 0.020030 0.020023 0.020028 0.040455 0.040471 -9999.0 -9999.0 -9999.0 -9999.0 -9999.0 -9999.0
-9999.0 -9999.0 -9999.0 -9999.0 -9999.0 -9999.0 -9999.0 -9999.0 -9999.0 0.047408 0.050779 0.040125 0.040314 0.043288 0.041353 0.045084 0.050639 0.454502 0.085393 0.097610 0.245923 0.131581 0.166651 0.354875 0.144356 0.040143 0.040124 0.509581 0.040524 0.041698 0.170079 0.040106 0.021482 0.020035 0.020805 0.021158 0.041479 0.040037 0.040497 0.040744 0.040209 0.043307 0.042980 0.149705 0.351083 0.055073 0.520000 0.042738 0.042809 0.183146 0.040444 0.020577 0.020020 0.020240 0.020315 0.040027 0.040037 0.020965 0.020354 -9999.0 -9999.0 -9999.0 -9999.0
-9999.0 -9999.0 -9999.0 -9999.0 -9999.0 -9999.0 -9999.0 -9999.0 -9999.0 0.043816 0.047485 0.508907 0.520000 0.085186 0.048948 0.043242 0.520000 0.408084 0.080563 0.153061 0.189749 0.101111 0.393065 0.520000 0.040329 0.040686 0.043642 0.049750 0.499873 0.480508 0.517825 0.040069 0.040727 0.040455 0.040521 0.021231 0.027218 0.132655 0.045169 0.045568 0.040050 0.040723 0.045066 0.494862 0.242730 0.356682 0.408168 0.508271 0.087238 0.206325 0.040034 0.040017 0.020228 0.040057 0.020242 0.040016 0.040044 0.040070 0.022263 -9999.0 -9999.0 -9999.0 -9999.0
-9999.0 -9999.0 -9999.0 -9999.0 -9999.0 -9999.0 -9999.0 -9999.0 -9999.0 -9999.0 0.042009 0.044115 0.042089 0.040723 0.112355 0.051329 0.080259 0.353748 0.076710 0.128031 0.218299 0.078321 0.078062 0.040320 0.040946 0.046137 0.218533 0.520000 0.519185 0.040115 0.040077 0.040053 0.040041 0.040420 0.041127 0.045125 0.449299 0.048121 0.022067 0.040622 0.041816 0.388378 0.520000 0.055615 0.106701 0.142551 0.197603 0.367688 0.310018 0.191367 0.040082 0.040047 0.020296 0.020226 0.040203 0.040601 0.040961 0.040262 0.040498 0.059276 -9999.0 -9999.0 -9999.0
-9999.0 -9999.0 -9999.0 -9999.0 -9999.0 -9999.0 -9999.0 -9999.0 -9999.0 -9999.0 0.040533 0.041811 0.357564 0.050933 0.520000 0.157857 0.114506 0.114468 0.085078 0.074104 0.078688 0.102068 0.065907 0.048208 0.052880 0.520000 0.476762 0.120894 0.040196 0.040049 0.042736 0.042133 0.020064 0.040607 0.043144 0.081242 0.040314 0.040145 0.040031 0.041004 0.040714 0.116732 0.040061 0.332949 0.514009 0.043352 0.074906 0.108640 0.174396 0.387207 0.136565 0.040443 0.040027 0.020292 0.020185 0.020242 0.040661 0.041210 0.520000 0.520000 -9999.0 -9999.0 -9999.0
-9999.0 -9999.0 -9999.0 -9999.0 -9999.0 -9999.0 -9999.0 -9999.0 0.042758 0.042098 0.040927 0.041359 0.040060 0.040099 0.052214 0.283726 0.085611 0.089321 0.090266 0.071950 0.073192 0.074771 0.080272 0.101353 0.365264 0.378225 0.420881 0.040775 0.040554 0.040054 0.020034 0.041047 0.042046 0.040645 0.040768 0.046992 0.520000 0.043041 0.040045 0.021249 0.097647 0.043945 0.020088 0.021623 0.147504 0.515978 0.040051 0.042771 0.128860 0.431771 0.514629 0.041037 0.040035 0.040014 0.020276 0.040582 0.021143 0.516510 0.519597 0.234697 -9999.0 -9999.0 -9999.0
-9999.0 -9999.0 -9999.0 -9999.0 -9999.0 -9999.0 -9999.0 -9999.0 0.020064 0.040044 0.040094 0.041091 0.048676 0.040116 0.040559 0.132883 0.109774 0.094051 0.072861 0.071876 0.158625 0.103180 0.097089 0.075115 0.079928 0.152982 0.360885 0.044643 0.020064 0.040877 0.040399 0.021813 0.040814 0.036204 0.042561 0.493142 0.520000 0.049935 0.040102 0.041999 0.042674 0.040018 0.047027 0.051739 0.491051 0.040053 0.020061 0.042014 0.045288 0.355919 0.481192 0.048599 0.040027 0.040606 0.044080 0.020164 0.040792 0.076339 0.468995 0.269060 0.077451 -9999.0 -9999.0
-9999.0 -9999.0 -9999.0 -9999.0 -9999.0 -9999.0 -9999.0 -9999.0 0.042533 0.044835 0.041465 0.040045 0.041353 0.020103 0.040895 0.040955 0.187589 0.131465 0.073713 0.149270 0.071347 0.082124 0.085045 0.073247 0.146011 0.100668 0.362494 0.040217 0.020039 0.042507 0.069189 0.044147 0.040465 0.040598 0.393409 0.520000 0.055928 0.520000 0.044373 0.040070 0.041985 0.110855 0.042369 0.044178 0.040304 0.041589 0.021240 0.044090 0.040246 0.090731 0.341581 0.345872 0.040060 0.040032 0.040340 0.041768 0.520000 0.455906 0.213700 0.283527 0.205609 -9999.0 -9999.0
-9999.0 -9999.0 -9999.0 -9999.0 -9999.0 -9999.0 -9999.0 -9999.0 0.020651 0.041762 0.040139 0.020056 0.041737 0.040714 0.040059 0.287134 0.076211 0.074984 0.196373 0.073811 0.072932 0.073136 0.090149 0.077070 0.094940 0.227796 0.052048 0.040074 0.509569 0.040081 0.040481 0.040108 0.049129 0.042061 0.044447 0.520000 0.435911 0.098597 0.389516 0.052465 0.508218 0.316553 0.158885 0.142365 0.049933 0.107616 0.042315 0.125495 0.047395 0.041844 0.107126 0.342309 0.491241 0.040382 0.520000 0.520000 0.334207 0.206590 0.132520 0.213899 0.230905 0.182413 -9999.0
-9999.0 -9999.0 -9999.0 -9999.0 -9999.0 -9999.0 -9999.0 -9999.0 0.040504 0.043252 0.040092 0.040122 0.040063 0.040537 0.520000 0.366255 0.376069 0.113135 0.191508 0.092965 0.078948 0.079312 0.074905 0.075636 0.166452 0.167938 0.040323 0.054769 0.116995 0.043654 0.043216 0.202755 0.520000 0.439516 0.231794 0.384055 0.197287 0.080808 0.076828 0.441365 0.500337 0.171981 0.124126 0.099192 0.041776 0.516170 0.044574 0.040587 0.046517 0.183050 0.442280 0.170728 0.275137 0.355219 0.520000 0.520000 0.370290 0.283537 0.255682 0.201952 0.109689 0.194876 -9999.0
-9999.0 -9999.0 0.050731 0.043550 0.040029 0.040586 0.040044 0.040024 0.040663 0.040997 0.040052 0.040276 0.048490 0.052590 0.467863 0.502680 0.086699 0.040216 0.043958 0.160698 0.093608 0.090659 0.212322 0.074428 0.081090 0.101956 0.135556 0.177985 0.222041 0.490365 0.083007 0.258045 0.357204 0.116006 0.237980 0.090117 0.090764 0.074666 0.075292 0.078890 0.142472 0.246162 0.152005 0.371238 0.136555 0.183576 0.468282 0.322385 0.324049 0.302065 0.160004 0.206507 0.327264 0.366362 0.433941 0.405971 0.355423 0.289603 0.289535 0.138912 0.315523 0.214798 -9999.0
-9999.0 0.041103 0.040056 0.040053 0.040663 0.040064 0.040160 0.040074 0.040034 0.040631 0.040295 0.040659 0.169610 0.520000 0.520000 0.043021 0.040703 0.040373 0.040765 0.096912 0.098978 0.091812 0.345702 0.135481 0.079066 0.080463 0.126223 0.164889 0.125609 0.254169 0.142438 0.149854 0.183677 0.206203 0.076141 0.083207 0.072707 0.072218 0.080007 0.103119 0.075039 0.076366 0.097108 0.083007 0.088669 0.086061 0.204937 0.077405 0.080853 0.116820 0.224244 0.294056 0.356610 0.403408 0.423664 0.520000 0.399495 0.371931 0.520000 0.457004 0.345602 0.219431 -9999.0
-9999.0 0.514555 0.041089 0.041475 0.518865 0.040685 0.040045 0.040048 0.040684 0.040550 0.040115 0.040220 0.334138 0.520000 0.048154 0.040046 0.040088 0.040209 0.040838 0.067901 0.520000 0.262520 0.161622 0.344027 0.284547 0.162773 0.074213 0.073800 0.123822 0.073537 0.072631 0.073091 0.139065 0.124990 0.136017 0.084413 0.131228 0.115423 0.072556 0.071864 0.072233 0.076428 0.071305 0.072467 0.071524 0.071469 0.086753 0.118847 0.139181 0.181461 0.249399 0.236329 0.344453 0.520000 0.520000 0.058381 0.040444 0.050693 0.055798 0.045989 0.062682 -9999.0 -9999.0
-9999.0 0.510724 0.040369 0.040799 0.398352 0.520000 0.518983 0.040107 0.040354 0.040486 0.040746 0.072016 0.505338 0.520000 0.040127 0.040032 0.040053 0.040556 0.040114 0.041943 0.046345 0.060751 0.193431 0.328510 0.314268 0.216211 0.196322 0.181337 0.073976 0.113054 0.071899 0.071358 0.118095 0.111959 0.088165 0.075739 0.074708 0.111394 0.073265 0.072529 0.072548 0.124598 0.076800 0.069681 0.069955 0.096394 0.106658 0.152855 0.208678 0.129367 0.294453 0.509095 0.069334 0.094357 0.045296 0.040193 0.040179 0.040103 0.040126 -9999.0 -9999.0 -9999.0 -9999.0
