erum2020/resources/simulation/Vinschgau/output-maps/thetaliqL0001N0218.asc
ncols         63
nrows         48
xllcorner     598000.000000
yllcorner     5145000.000000
cellsize      1000.000000
NODATA_value  -9999.0
[rows 0 to 28 of 48, columns 0 to 62 of 63]
-9999.0 -9999.0 -9999.0 -9999.0 -9999.0 -9999.0 -9999.0 -9999.0 -9999.0 -9999.0 -9999.0 -9999.0 -9999.0 -9999.0 -9999.0 -9999.0 -9999.0 -9999.0 -9999.0 -9999.0 -9999.0 -9999.0 -9999.0 -9999.0 -9999.0 -9999.0 -9999.0 -9999.0 -9999.0 -9999.0 -9999.0 -9999.0 -9999.0 -9999.0 -9999.0 -9999.0 -9999.0 -9999.0 -9999.0 -9999.0 -9999.0 -9999.0 -9999.0 -9999.0 -9999.0 -9999.0 -9999.0 -9999.0 -9999.0 -9999.0 -9999.0 -9999.0 -9999.0 -9999.0 -9999.0 -9999.0 -9999.0 -9999.0 -9999.0 -9999.0 -9999.0 -9999.0 -9999.0
-9999.0 -9999.0 -9999.0 -9999.0 -9999.0 -9999.0 -9999.0 -9999.0 -9999.0 -9999.0 -9999.0 -9999.0 -9999.0 -9999.0 -9999.0 -9999.0 -9999.0 -9999.0 -9999.0 -9999.0 -9999.0 -9999.0 -9999.0 -9999.0 -9999.0 -9999.0 -9999.0 0.020022 0.040006 0.020019 0.040011 0.040005 0.040005 -9999.0 -9999.0 -9999.0 -9999.0 -9999.0 -9999.0 -9999.0 -9999.0 -9999.0 -9999.0 -9999.0 -9999.0 -9999.0 -9999.0 -9999.0 -9999.0 -9999.0 -9999.0 -9999.0 -9999.0 -9999.0 -9999.0 -9999.0 -9999.0 -9999.0 -9999.0 -9999.0 -9999.0 -9999.0 -9999.0
-9999.0 -9999.0 -9999.0 -9999.0 -9999.0 -9999.0 -9999.0 -9999.0 -9999.0 -9999.0 -9999.0 -9999.0 -9999.0 -9999.0 -9999.0 -9999.0 -9999.0 -9999.0 -9999.0 -9999.0 -9999.0 -9999.0 -9999.0 -9999.0 0.040013 0.040008 0.040006 0.040006 0.040006 0.040006 0.040006 -9999.0 -9999.0 -9999.0 -9999.0 -9999.0 -9999.0 -9999.0 -9999.0 -9999.0 -9999.0 -9999.0 -9999.0 -9999.0 -9999.0 -9999.0 -9999.0 -9999.0 -9999.0 -9999.0 -9999.0 -9999.0 -9999.0 -9999.0 -9999.0 -9999.0 -9999.0 -9999.0 -9999.0 -9999.0 -9999.0 -9999.0 -9999.0
-9999.0 -9999.0 -9999.0 -9999.0 -9999.0 -9999.0 -9999.0 -9999.0 -9999.0 -9999.0 -9999.0 -9999.0 -9999.0 -9999.0 -9999.0 -9999.0 -9999.0 -9999.0 -9999.0 -9999.0 -9999.0 -9999.0 -9999.0 0.040010 0.040009 0.040046 0.040016 0.040012 0.040007 0.040005 0.040005 0.040008 -9999.0 -9999.0 -9999.0 -9999.0 -9999.0 -9999.0 -9999.0 -9999.0 -9999.0 -9999.0 -9999.0 -9999.0 -9999.0 -9999.0 -9999.0 -9999.0 -9999.0 -9999.0 -9999.0 -9999.0 -9999.0 -9999.0 -9999.0 -9999.0 -9999.0 -9999.0 -9999.0 -9999.0 -9999.0 -9999.0 -9999.0
-9999.0 -9999.0 -9999.0 -9999.0 -9999.0 -9999.0 -9999.0 -9999.0 -9999.0 -9999.0 -9999.0 -9999.0 -9999.0 -9999.0 -9999.0 -9999.0 -9999.0 -9999.0 0.040045 0.040024 -9999.0 0.040012 0.040010 0.040020 0.040014 0.040010 0.040011 0.040012 0.040017 0.040007 0.040005 0.040006 0.020017 0.020016 -9999.0 -9999.0 -9999.0 -9999.0 -9999.0 -9999.0 -9999.0 -9999.0 -9999.0 -9999.0 -9999.0 -9999.0 -9999.0 -9999.0 -9999.0 -9999.0 -9999.0 -9999.0 -9999.0 -9999.0 -9999.0 -9999.0 -9999.0 -9999.0 -9999.0 -9999.0 -9999.0 -9999.0 -9999.0
-9999.0 -9999.0 -9999.0 -9999.0 -9999.0 -9999.0 -9999.0 -9999.0 -9999.0 -9999.0 -9999.0 -9999.0 -9999.0 -9999.0 -9999.0 -9999.0 -9999.0 0.087654 0.040010 0.020020 0.020023 0.040022 0.040013 0.040006 0.040013 0.040007 0.040008 0.040013 0.040008 0.040011 0.040007 0.040005 0.020017 0.020016 0.020018 0.020016 -9999.0 -9999.0 -9999.0 -9999.0 -9999.0 -9999.0 -9999.0 -9999.0 -9999.0 -9999.0 -9999.0 -9999.0 -9999.0 -9999.0 -9999.0 -9999.0 -9999.0 -9999.0 -9999.0 -9999.0 -9999.0 -9999.0 -9999.0 -9999.0 -9999.0 -9999.0 -9999.0
-9999.0 -9999.0 -9999.0 -9999.0 -9999.0 -9999.0 -9999.0 -9999.0 -9999.0 -9999.0 -9999.0 -9999.0 -9999.0 0.040011 0.040030 0.040011 0.040008 0.020023 0.051422 0.040008 0.040010 0.040014 0.040008 0.040009 0.040006 0.040014 0.020021 0.040008 0.040007 0.040035 0.040009 0.040007 0.040006 0.040004 0.020015 0.020015 -9999.0 -9999.0 -9999.0 -9999.0 -9999.0 -9999.0 -9999.0 -9999.0 -9999.0 -9999.0 -9999.0 -9999.0 -9999.0 -9999.0 -9999.0 -9999.0 -9999.0 -9999.0 -9999.0 -9999.0 -9999.0 -9999.0 -9999.0 -9999.0 -9999.0 -9999.0 -9999.0
-9999.0 -9999.0 -9999.0 -9999.0 -9999.0 -9999.0 -9999.0 -9999.0 -9999.0 -9999.0 -9999.0 -9999.0 -9999.0 0.040029 0.040061 0.040027 0.040024 0.040020 0.020023 0.040017 0.040019 0.040006 0.040011 0.040008 0.040011 0.040008 0.040006 0.020018 0.020017 0.040007 0.040022 0.040009 0.020021 0.020020 0.020014 -9999.0 -9999.0 -9999.0 -9999.0 -9999.0 -9999.0 -9999.0 -9999.0 -9999.0 -9999.0 -9999.0 -9999.0 -9999.0 -9999.0 -9999.0 -9999.0 -9999.0 -9999.0 -9999.0 -9999.0 -9999.0 -9999.0 -9999.0 -9999.0 -9999.0 -9999.0 -9999.0 -9999.0
-9999.0 -9999.0 -9999.0 -9999.0 -9999.0 -9999.0 -9999.0 -9999.0 -9999.0 -9999.0 -9999.0 -9999.0 -9999.0 0.040033 0.040018 0.040158 0.040028 0.040010 0.020024 0.040031 0.040024 0.020021 0.040010 0.040012 0.040018 0.040036 0.020021 0.020018 0.040006 0.020016 0.040005 0.020014 0.020021 0.020014 0.020014 -9999.0 -9999.0 -9999.0 -9999.0 -9999.0 -9999.0 -9999.0 -9999.0 -9999.0 -9999.0 -9999.0 -9999.0 -9999.0 -9999.0 -9999.0 -9999.0 -9999.0 -9999.0 -9999.0 -9999.0 -9999.0 -9999.0 -9999.0 -9999.0 -9999.0 -9999.0 -9999.0 -9999.0
-9999.0 -9999.0 -9999.0 -9999.0 -9999.0 -9999.0 -9999.0 -9999.0 -9999.0 -9999.0 -9999.0 -9999.0 0.040025 0.040024 0.040145 0.040009 0.040053 0.040015 0.040054 0.020022 0.040014 0.040010 0.040010 0.040013 0.040031 0.040015 0.040013 0.040008 0.040006 0.020024 0.040005 0.020017 0.040005 0.020015 -9999.0 -9999.0 -9999.0 -9999.0 -9999.0 -9999.0 -9999.0 -9999.0 -9999.0 -9999.0 -9999.0 -9999.0 -9999.0 -9999.0 -9999.0 -9999.0 -9999.0 -9999.0 -9999.0 -9999.0 -9999.0 -9999.0 -9999.0 -9999.0 -9999.0 -9999.0 -9999.0 -9999.0 -9999.0
-9999.0 -9999.0 -9999.0 -9999.0 -9999.0 -9999.0 -9999.0 -9999.0 -9999.0 -9999.0 -9999.0 0.040023 0.040013 0.040106 0.040010 0.040011 0.020022 0.040017 0.040041 0.020022 0.040006 0.040022 0.040010 0.040011 0.040009 0.040009 0.040009 0.040008 0.040007 0.020027 0.020019 0.040005 0.020017 0.020014 0.020013 0.020012 0.040002 0.040003 0.040004 -9999.0 -9999.0 -9999.0 0.020013 -9999.0 -9999.0 -9999.0 -9999.0 -9999.0 -9999.0 -9999.0 -9999.0 -9999.0 -9999.0 -9999.0 -9999.0 -9999.0 -9999.0 -9999.0 -9999.0 -9999.0 -9999.0 -9999.0 -9999.0
-9999.0 -9999.0 -9999.0 -9999.0 -9999.0 -9999.0 -9999.0 -9999.0 -9999.0 -9999.0 -9999.0 0.040012 0.040017 0.040025 0.040034 0.040009 0.040024 0.040007 0.040066 0.040025 0.040017 0.040036 0.040013 0.040010 0.040010 0.040008 0.040007 0.040007 0.020023 0.020017 0.040005 0.040005 0.040004 0.040004 0.040003 0.040003 0.040007 0.280030 0.175416 0.020013 0.020012 0.020011 0.040003 0.020015 -9999.0 -9999.0 -9999.0 0.040137 0.040036 0.020042 0.040053 0.020065 0.020076 0.040521 0.041139 0.020096 -9999.0 -9999.0 -9999.0 -9999.0 -9999.0 -9999.0 -9999.0
-9999.0 -9999.0 -9999.0 -9999.0 -9999.0 -9999.0 -9999.0 -9999.0 -9999.0 -9999.0 -9999.0 0.040015 0.040013 0.040007 0.040037 0.040009 0.040014 0.040008 0.040015 0.040023 0.040017 0.040011 0.040013 0.040011 0.040007 0.020021 0.040008 0.040008 0.020019 0.040007 0.020018 0.040005 0.040004 0.040004 0.020012 0.040004 0.040059 0.040041 0.058568 0.022173 0.040004 0.040002 0.040003 0.040004 0.040006 -9999.0 0.020023 0.040018 0.040030 0.040041 0.040025 0.020039 0.040055 0.041172 0.040226 0.041409 -9999.0 -9999.0 -9999.0 -9999.0 -9999.0 -9999.0 -9999.0
-9999.0 -9999.0 -9999.0 -9999.0 -9999.0 -9999.0 -9999.0 -9999.0 -9999.0 -9999.0 -9999.0 -9999.0 0.040017 0.040037 0.040051 0.040035 0.040009 0.040008 0.040057 0.040021 0.040007 0.040012 0.040013 0.040011 0.040008 0.040009 0.040024 0.040006 0.040007 0.020022 0.040006 0.040005 0.040005 0.040004 0.040003 0.040003 0.040009 0.040038 0.060713 0.112217 0.040007 0.020021 0.040006 0.040005 0.020016 0.040008 0.020026 0.040017 0.040013 0.040009 0.040030 0.040044 0.040260 0.040265 0.040052 0.040061 0.040106 -9999.0 -9999.0 -9999.0 -9999.0 -9999.0 -9999.0
-9999.0 -9999.0 -9999.0 -9999.0 -9999.0 -9999.0 -9999.0 -9999.0 -9999.0 -9999.0 -9999.0 0.040034 0.040015 0.040011 0.040024 0.040023 0.040018 0.040008 0.040016 0.123402 0.040007 0.040016 0.040026 0.040008 0.040010 0.040018 0.040029 0.040006 0.040007 0.020020 0.040006 0.040005 0.040005 0.040004 0.040003 0.040003 0.040002 0.040016 0.040034 0.115259 0.040018 0.082129 0.040024 0.020023 0.040005 0.040008 0.040011 0.020024 0.020031 0.040006 0.020029 0.040014 0.040022 0.020027 0.020035 0.020030 0.020113 -9999.0 -9999.0 -9999.0 -9999.0 -9999.0 -9999.0
-9999.0 -9999.0 -9999.0 -9999.0 -9999.0 -9999.0 -9999.0 -9999.0 -9999.0 -9999.0 0.040037 0.040025 0.040042 0.040012 0.040044 0.040018 0.040010 0.040012 0.040012 0.040043 0.040023 0.040066 0.040009 0.040027 0.040010 0.040029 0.040008 0.020019 0.040008 0.040011 0.040006 0.040007 0.040006 0.040005 0.020013 0.020012 0.040003 0.040014 0.040029 0.120667 0.179659 0.020020 0.020017 0.069003 0.040006 0.020017 0.040011 0.040006 0.040007 0.040007 0.020027 0.020028 0.020029 0.020028 0.020030 0.040363 0.040499 -9999.0 -9999.0 -9999.0 -9999.0 -9999.0 -9999.0
-9999.0 -9999.0 -9999.0 -9999.0 -9999.0 -9999.0 -9999.0 -9999.0 -9999.0 0.040011 0.040041 0.040038 0.040020 0.040018 0.040085 0.040012 0.040012 0.040032 0.040012 0.206099 0.040036 0.040007 0.040007 0.040011 0.040025 0.040007 0.040006 0.040014 0.040006 0.040007 0.040006 0.040006 0.020016 0.020015 0.020015 0.020014 0.040004 0.040003 0.040003 0.040004 0.040063 0.040004 0.040005 0.081044 0.040022 0.040007 0.040009 0.040006 0.040008 0.040011 0.040010 0.020055 0.020026 0.020037 0.020065 0.040065 0.040422 0.020098 0.020109 -9999.0 -9999.0 -9999.0 -9999.0
-9999.0 -9999.0 -9999.0 -9999.0 -9999.0 -9999.0 -9999.0 -9999.0 -9999.0 0.040011 0.040012 0.040011 0.040019 0.040019 0.040033 0.040032 0.040313 0.040008 0.040036 0.040291 0.040198 0.511286 0.040019 0.040028 0.040008 0.040007 0.040008 0.040008 0.040010 0.040013 0.040007 0.040005 0.040006 0.040007 0.040005 0.020014 0.020013 0.020014 0.040004 0.040005 0.040011 0.040005 0.040005 0.040005 0.085375 0.237480 0.202766 0.040011 0.040007 0.040007 0.040012 0.040015 0.020037 0.040020 0.020030 0.040171 0.040077 0.040052 0.020085 -9999.0 -9999.0 -9999.0 -9999.0
-9999.0 -9999.0 -9999.0 -9999.0 -9999.0 -9999.0 -9999.0 -9999.0 -9999.0 -9999.0 0.040012 0.040011 0.040013 0.040039 0.040009 0.040033 0.040030 0.040016 0.284747 0.271911 0.040019 0.040006 0.040033 0.040017 0.040008 0.040007 0.040022 0.093990 0.040008 0.040008 0.040009 0.040024 0.040012 0.040006 0.040006 0.040005 0.040005 0.040005 0.020016 0.040005 0.040004 0.040006 0.040006 0.040008 0.040006 0.040005 0.040006 0.040019 0.189203 0.040008 0.040011 0.040016 0.020067 0.020039 0.040044 0.040016 0.040056 0.040017 0.040017 0.040124 -9999.0 -9999.0 -9999.0
-9999.0 -9999.0 -9999.0 -9999.0 -9999.0 -9999.0 -9999.0 -9999.0 -9999.0 -9999.0 0.040012 0.040012 0.040019 0.040037 0.040046 0.040008 0.040008 0.040019 0.368465 0.254578 0.056696 0.040010 0.040008 0.040008 0.040008 0.040717 0.157815 0.040007 0.040008 0.040006 0.040011 0.040012 0.020020 0.040006 0.040013 0.040007 0.040005 0.040006 0.040005 0.040006 0.040009 0.020024 0.040010 0.040012 0.040034 0.040011 0.040019 0.040007 0.097792 0.040020 0.040007 0.040022 0.040039 0.020074 0.020048 0.020088 0.040016 0.040052 0.040169 0.041501 -9999.0 -9999.0 -9999.0
-9999.0 -9999.0 -9999.0 -9999.0 -9999.0 -9999.0 -9999.0 -9999.0 0.040034 0.040029 0.040009 0.040017 0.040014 0.040013 0.040034 0.040137 0.040066 0.520000 0.390736 0.351688 0.370726 0.266538 0.171167 0.040008 0.040013 0.300738 0.040022 0.040007 0.040011 0.040008 0.020018 0.040007 0.040008 0.040009 0.040011 0.040009 0.040012 0.040006 0.040005 0.020024 0.020022 0.040014 0.020025 0.020020 0.020028 0.040034 0.040016 0.040039 0.040007 0.040427 0.040008 0.040011 0.040040 0.040030 0.020079 0.040060 0.020079 0.040323 0.040016 0.269107 -9999.0 -9999.0 -9999.0
-9999.0 -9999.0 -9999.0 -9999.0 -9999.0 -9999.0 -9999.0 -9999.0 0.020028 0.040035 0.040009 0.040011 0.040010 0.040016 0.040035 0.040012 0.040025 0.040016 0.393580 0.409702 0.520000 0.520000 0.511165 0.463184 0.264496 0.316369 0.040009 0.040008 0.020021 0.040010 0.040011 0.020023 0.040013 0.020027 0.040033 0.040022 0.040008 0.040007 0.040007 0.040014 0.040009 0.040006 0.020022 0.040026 0.040018 0.040038 0.020025 0.040010 0.040012 0.040008 0.040018 0.040013 0.040040 0.040339 0.040012 0.020024 0.040012 0.040011 0.284914 0.400270 0.350115 -9999.0 -9999.0
-9999.0 -9999.0 -9999.0 -9999.0 -9999.0 -9999.0 -9999.0 -9999.0 0.040021 0.040013 0.040039 0.040009 0.040016 0.020024 0.040034 0.040007 0.040026 0.040032 0.423026 0.512632 0.460205 0.520000 0.520000 0.393396 0.520000 0.040007 0.040007 0.040008 0.020018 0.040008 0.020023 0.040013 0.040008 0.040007 0.040035 0.040019 0.040015 0.040006 0.040008 0.040012 0.040016 0.020035 0.040038 0.040019 0.040016 0.040014 0.020045 0.040053 0.040026 0.040007 0.186113 0.040014 0.040008 0.040009 0.040020 0.040023 0.174090 0.290989 0.279076 0.291944 0.333182 -9999.0 -9999.0
-9999.0 -9999.0 -9999.0 -9999.0 -9999.0 -9999.0 -9999.0 -9999.0 0.020021 0.040013 0.040087 0.020022 0.040038 0.040117 0.040009 0.040039 0.291847 0.329028 0.042282 0.397367 0.353030 0.438443 0.520000 0.484914 0.040015 0.040021 0.040034 0.040007 0.040023 0.040010 0.040008 0.040008 0.040007 0.040009 0.040009 0.040012 0.040010 0.040009 0.040008 0.040009 0.040024 0.040036 0.040034 0.020025 0.040037 0.020042 0.040039 0.020035 0.040034 0.040008 0.040026 0.280382 0.040439 0.040080 0.073753 0.101429 0.171585 0.402211 0.520000 0.349432 0.175306 0.040095 -9999.0
-9999.0 -9999.0 -9999.0 -9999.0 -9999.0 -9999.0 -9999.0 -9999.0 0.040013 0.040025 0.040138 0.040031 0.040018 0.040013 0.040029 0.040751 0.040017 0.040006 0.040016 0.040009 0.307034 0.341221 0.360364 0.325202 0.040013 0.040013 0.040008 0.040021 0.040011 0.040010 0.040009 0.040021 0.040031 0.040019 0.040008 0.040009 0.040008 0.040013 0.040007 0.040010 0.040008 0.040008 0.040008 0.040008 0.040009 0.040028 0.040008 0.040008 0.040008 0.040034 0.040109 0.199732 0.227009 0.134384 0.096773 0.139489 0.257750 0.258110 0.142559 0.153810 0.040011 0.040136 -9999.0
-9999.0 -9999.0 0.040011 0.040025 0.040020 0.040013 0.040030 0.040011 0.040016 0.040037 0.040019 0.040061 0.040012 0.040047 0.040067 0.040019 0.040007 0.040012 0.040015 0.040028 0.040009 0.428989 0.336785 0.080903 0.245197 0.040024 0.040011 0.040012 0.040007 0.040012 0.040011 0.040016 0.040083 0.040008 0.040015 0.040010 0.040039 0.040018 0.040008 0.040007 0.040007 0.040011 0.040011 0.040009 0.040008 0.040008 0.040039 0.040054 0.247511 0.294153 0.191897 0.202567 0.287684 0.234782 0.139478 0.311492 0.045998 0.040850 0.040011 0.040007 0.040320 0.040447 -9999.0
-9999.0 0.040030 0.040028 0.040041 0.040021 0.040036 0.040020 0.040018 0.040017 0.040014 0.040021 0.040036 0.040149 0.040114 0.040061 0.040036 0.040015 0.040018 0.040028 0.040011 0.040012 0.304533 0.253926 0.412828 0.293113 0.245019 0.520000 0.520000 0.062470 0.148569 0.174167 0.040022 0.040016 0.395900 0.040625 0.173619 0.076534 0.077482 0.120497 0.110188 0.125403 0.082066 0.053243 0.040015 0.040035 0.106267 0.282596 0.251294 0.241838 0.297186 0.206789 0.170584 0.097444 0.049900 0.040493 0.040008 0.040049 0.040060 0.040084 0.040362 0.040429 0.040504 -9999.0
-9999.0 0.040028 0.040025 0.040024 0.040095 0.040027 0.040012 0.040010 0.040013 0.040010 0.040015 0.040028 0.040015 0.040073 0.040008 0.040014 0.040015 0.040011 0.040020 0.040009 0.040062 0.040016 0.291320 0.117392 0.520000 0.520000 0.442358 0.381504 0.334946 0.414770 0.378180 0.288110 0.084520 0.101750 0.377424 0.152606 0.520000 0.520000 0.178265 0.241029 0.219872 0.202115 0.125521 0.278178 0.379224 0.411177 0.427545 0.388281 0.200686 0.182681 0.051917 0.040006 0.040049 0.040009 0.040008 0.040074 0.040031 0.040117 0.040045 0.040496 0.041253 -9999.0 -9999.0
-9999.0 0.040015 0.040011 0.040029 0.040010 0.040077 0.040070 0.040030 0.040020 0.040031 0.040039 0.040012 0.040036 0.040084 0.040041 0.040017 0.040023 0.040029 0.040012 0.040012 0.040029 0.040014 0.040017 0.040085 0.040228 0.239277 0.276982 0.276908 0.267673 0.241660 0.229584 0.324998 0.319769 0.106900 0.266449 0.151034 0.107695 0.299693 0.139047 0.191951 0.273229 0.520000 0.295380 0.313329 0.298544 0.312240 0.230463 0.114242 0.070287 0.143268 0.040013 0.040026 0.040075 0.040066 0.040028 0.040150 0.040250 0.040354 0.040458 -9999.0 -9999.0 -9999.0 -9999.0
