erum2020/resources/simulation/Vinschgau/output-maps/thetaliqL0002N1184.asc
ncols         63
nrows         48
xllcorner     598000.000000
yllcorner     5145000.000000
cellsize      1000.000000
NODATA_value  -9999.0
[rows 0 to 28 of 48, columns 0 to 62 of 63]
-9999.0 -9999.0 -9999.0 -9999.0 -9999.0 -9999.0 -9999.0 -9999.0 -9999.0 -9999.0 -9999.0 -9999.0 -9999.0 -9999.0 -9999.0 -9999.0 -9999.0 -9999.0 -9999.0 -9999.0 -9999.0 -9999.0 -9999.0 -9999.0 -9999.0 -9999.0 -9999.0 -9999.0 -9999.0 -9999.0 -9999.0 -9999.0 -9999.0 -9999.0 -9999.0 -9999.0 -9999.0 -9999.0 -9999.0 -9999.0 -9999.0 -9999.0 -9999.0 -9999.0 -9999.0 -9999.0 -9999.0 -9999.0 -9999.0 -9999.0 -9999.0 -9999.0 -9999.0 -9999.0 -9999.0 -9999.0 -9999.0 -9999.0 -9999.0 -9999.0 -9999.0 -9999.0 -9999.0
-9999.0 -9999.0 -9999.0 -9999.0 -9999.0 -9999.0 -9999.0 -9999.0 -9999.0 -9999.0 -9999.0 -9999.0 -9999.0 -9999.0 -9999.0 -9999.0 -9999.0 -9999.0 -9999.0 -9999.0 -9999.0 -9999.0 -9999.0 -9999.0 -9999.0 -9999.0 -9999.0 0.157501 0.504812 0.191582 0.311604 0.267281 0.105595 -9999.0 -9999.0 -9999.0 -9999.0 -9999.0 -9999.0 -9999.0 -9999.0 -9999.0 -9999.0 -9999.0 -9999.0 -9999.0 -9999.0 -9999.0 -9999.0 -9999.0 -9999.0 -9999.0 -9999.0 -9999.0 -9999.0 -9999.0 -9999.0 -9999.0 -9999.0 -9999.0 -9999.0 -9999.0 -9999.0
-9999.0 -9999.0 -9999.0 -9999.0 -9999.0 -9999.0 -9999.0 -9999.0 -9999.0 -9999.0 -9999.0 -9999.0 -9999.0 -9999.0 -9999.0 -9999.0 -9999.0 -9999.0 -9999.0 -9999.0 -9999.0 -9999.0 -9999.0 -9999.0 0.479969 0.472162 0.468850 0.473902 0.520000 0.520000 0.272698 -9999.0 -9999.0 -9999.0 -9999.0 -9999.0 -9999.0 -9999.0 -9999.0 -9999.0 -9999.0 -9999.0 -9999.0 -9999.0 -9999.0 -9999.0 -9999.0 -9999.0 -9999.0 -9999.0 -9999.0 -9999.0 -9999.0 -9999.0 -9999.0 -9999.0 -9999.0 -9999.0 -9999.0 -9999.0 -9999.0 -9999.0 -9999.0
-9999.0 -9999.0 -9999.0 -9999.0 -9999.0 -9999.0 -9999.0 -9999.0 -9999.0 -9999.0 -9999.0 -9999.0 -9999.0 -9999.0 -9999.0 -9999.0 -9999.0 -9999.0 -9999.0 -9999.0 -9999.0 -9999.0 -9999.0 0.458331 0.436272 0.071572 0.071176 0.070194 0.071326 0.463087 0.278253 0.240697 -9999.0 -9999.0 -9999.0 -9999.0 -9999.0 -9999.0 -9999.0 -9999.0 -9999.0 -9999.0 -9999.0 -9999.0 -9999.0 -9999.0 -9999.0 -9999.0 -9999.0 -9999.0 -9999.0 -9999.0 -9999.0 -9999.0 -9999.0 -9999.0 -9999.0 -9999.0 -9999.0 -9999.0 -9999.0 -9999.0 -9999.0
-9999.0 -9999.0 -9999.0 -9999.0 -9999.0 -9999.0 -9999.0 -9999.0 -9999.0 -9999.0 -9999.0 -9999.0 -9999.0 -9999.0 -9999.0 -9999.0 -9999.0 -9999.0 0.199449 0.406575 -9999.0 0.437451 0.417481 0.071239 0.073222 0.071233 0.247788 0.184733 0.280288 0.265304 0.502606 0.337876 0.194498 0.138999 -9999.0 -9999.0 -9999.0 -9999.0 -9999.0 -9999.0 -9999.0 -9999.0 -9999.0 -9999.0 -9999.0 -9999.0 -9999.0 -9999.0 -9999.0 -9999.0 -9999.0 -9999.0 -9999.0 -9999.0 -9999.0 -9999.0 -9999.0 -9999.0 -9999.0 -9999.0 -9999.0 -9999.0 -9999.0
-9999.0 -9999.0 -9999.0 -9999.0 -9999.0 -9999.0 -9999.0 -9999.0 -9999.0 -9999.0 -9999.0 -9999.0 -9999.0 -9999.0 -9999.0 -9999.0 -9999.0 0.072844 0.073893 0.022206 0.023364 0.353218 0.235688 0.080299 0.154701 0.305695 0.058606 0.313837 0.056157 0.322093 0.438054 0.493178 0.189044 0.190185 0.193612 0.192757 -9999.0 -9999.0 -9999.0 -9999.0 -9999.0 -9999.0 -9999.0 -9999.0 -9999.0 -9999.0 -9999.0 -9999.0 -9999.0 -9999.0 -9999.0 -9999.0 -9999.0 -9999.0 -9999.0 -9999.0 -9999.0 -9999.0 -9999.0 -9999.0 -9999.0 -9999.0 -9999.0
-9999.0 -9999.0 -9999.0 -9999.0 -9999.0 -9999.0 -9999.0 -9999.0 -9999.0 -9999.0 -9999.0 -9999.0 -9999.0 0.245770 0.103640 0.075412 0.073185 0.022209 0.073217 0.071825 0.073032 0.078991 0.072210 0.136848 0.144383 0.419371 0.030585 0.085564 0.090796 0.512208 0.046375 0.520000 0.520000 0.345347 0.196177 0.185201 -9999.0 -9999.0 -9999.0 -9999.0 -9999.0 -9999.0 -9999.0 -9999.0 -9999.0 -9999.0 -9999.0 -9999.0 -9999.0 -9999.0 -9999.0 -9999.0 -9999.0 -9999.0 -9999.0 -9999.0 -9999.0 -9999.0 -9999.0 -9999.0 -9999.0 -9999.0 -9999.0
-9999.0 -9999.0 -9999.0 -9999.0 -9999.0 -9999.0 -9999.0 -9999.0 -9999.0 -9999.0 -9999.0 -9999.0 -9999.0 0.253687 0.071769 0.073826 0.073912 0.082043 0.022208 0.071800 0.073614 0.068845 0.080044 0.177750 0.220846 0.378658 0.495972 0.190960 0.194501 0.060589 0.045446 0.382298 0.194970 0.020066 0.195536 -9999.0 -9999.0 -9999.0 -9999.0 -9999.0 -9999.0 -9999.0 -9999.0 -9999.0 -9999.0 -9999.0 -9999.0 -9999.0 -9999.0 -9999.0 -9999.0 -9999.0 -9999.0 -9999.0 -9999.0 -9999.0 -9999.0 -9999.0 -9999.0 -9999.0 -9999.0 -9999.0 -9999.0
-9999.0 -9999.0 -9999.0 -9999.0 -9999.0 -9999.0 -9999.0 -9999.0 -9999.0 -9999.0 -9999.0 -9999.0 -9999.0 0.070990 0.520000 0.070324 0.073967 0.073958 0.022170 0.073344 0.079547 0.022429 0.331246 0.079156 0.108409 0.221245 0.141541 0.194020 0.261295 0.194861 0.252041 0.020076 0.020085 0.020025 0.193424 -9999.0 -9999.0 -9999.0 -9999.0 -9999.0 -9999.0 -9999.0 -9999.0 -9999.0 -9999.0 -9999.0 -9999.0 -9999.0 -9999.0 -9999.0 -9999.0 -9999.0 -9999.0 -9999.0 -9999.0 -9999.0 -9999.0 -9999.0 -9999.0 -9999.0 -9999.0 -9999.0 -9999.0
-9999.0 -9999.0 -9999.0 -9999.0 -9999.0 -9999.0 -9999.0 -9999.0 -9999.0 -9999.0 -9999.0 -9999.0 0.071986 0.520000 0.070866 0.075005 0.081693 0.074977 0.069784 0.022142 0.073784 0.234612 0.478325 0.132351 0.045223 0.497619 0.040167 0.262124 0.446114 0.196201 0.040067 0.194373 0.198688 0.138802 -9999.0 -9999.0 -9999.0 -9999.0 -9999.0 -9999.0 -9999.0 -9999.0 -9999.0 -9999.0 -9999.0 -9999.0 -9999.0 -9999.0 -9999.0 -9999.0 -9999.0 -9999.0 -9999.0 -9999.0 -9999.0 -9999.0 -9999.0 -9999.0 -9999.0 -9999.0 -9999.0 -9999.0 -9999.0
-9999.0 -9999.0 -9999.0 -9999.0 -9999.0 -9999.0 -9999.0 -9999.0 -9999.0 -9999.0 -9999.0 0.322524 0.071344 0.520000 0.070570 0.178746 0.021987 0.073925 0.103898 0.021908 0.074621 0.137599 0.402686 0.475664 0.520000 0.520000 0.244781 0.454114 0.211442 0.195300 0.194209 0.520000 0.195526 0.183150 0.194645 0.194179 0.274890 0.447107 0.505142 -9999.0 -9999.0 -9999.0 0.185284 -9999.0 -9999.0 -9999.0 -9999.0 -9999.0 -9999.0 -9999.0 -9999.0 -9999.0 -9999.0 -9999.0 -9999.0 -9999.0 -9999.0 -9999.0 -9999.0 -9999.0 -9999.0 -9999.0 -9999.0
-9999.0 -9999.0 -9999.0 -9999.0 -9999.0 -9999.0 -9999.0 -9999.0 -9999.0 -9999.0 -9999.0 0.348295 0.071003 0.069104 0.069430 0.138395 0.067965 0.072936 0.081113 0.072746 0.104471 0.253545 0.471526 0.041819 0.040623 0.520000 0.394679 0.520000 0.191511 0.188552 0.429484 0.520000 0.232422 0.259177 0.362165 0.436242 0.510848 0.310866 0.381991 0.188837 0.193139 0.172155 0.323804 0.194487 -9999.0 -9999.0 -9999.0 0.441456 0.272386 0.197130 0.192327 0.196127 0.196010 0.184156 0.142483 0.197380 -9999.0 -9999.0 -9999.0 -9999.0 -9999.0 -9999.0 -9999.0
-9999.0 -9999.0 -9999.0 -9999.0 -9999.0 -9999.0 -9999.0 -9999.0 -9999.0 -9999.0 -9999.0 0.369685 0.315642 0.424317 0.203492 0.106251 0.111806 0.075042 0.066866 0.071424 0.102608 0.390067 0.051920 0.497349 0.507705 0.142377 0.043809 0.040097 0.193009 0.287502 0.194208 0.040064 0.520000 0.217933 0.195560 0.520000 0.040185 0.040710 0.198370 0.183856 0.463084 0.272965 0.520000 0.439305 0.201023 -9999.0 0.154463 0.214668 0.306247 0.520000 0.520000 0.190048 0.439562 0.264042 0.247933 0.218298 -9999.0 -9999.0 -9999.0 -9999.0 -9999.0 -9999.0 -9999.0
-9999.0 -9999.0 -9999.0 -9999.0 -9999.0 -9999.0 -9999.0 -9999.0 -9999.0 -9999.0 -9999.0 -9999.0 0.366954 0.501982 0.243611 0.233426 0.106482 0.076145 0.087907 0.072703 0.079078 0.323255 0.073593 0.041094 0.041322 0.048499 0.520000 0.499518 0.292763 0.194683 0.391934 0.044558 0.520000 0.263108 0.260583 0.514633 0.048600 0.041602 0.301441 0.290326 0.224393 0.158474 0.051811 0.493799 0.194273 0.223634 0.194873 0.234322 0.041335 0.049967 0.068511 0.040083 0.040081 0.040046 0.040031 0.279759 0.228937 -9999.0 -9999.0 -9999.0 -9999.0 -9999.0 -9999.0
-9999.0 -9999.0 -9999.0 -9999.0 -9999.0 -9999.0 -9999.0 -9999.0 -9999.0 -9999.0 -9999.0 0.049017 0.414130 0.151874 0.123266 0.311941 0.191609 0.078781 0.073570 0.076421 0.076696 0.211815 0.500477 0.049057 0.048880 0.041219 0.048401 0.263453 0.283055 0.191012 0.045177 0.040284 0.520000 0.257699 0.340495 0.369532 0.490123 0.055564 0.289152 0.133110 0.059716 0.216035 0.055034 0.074944 0.448149 0.274507 0.509061 0.190863 0.188022 0.089988 0.020253 0.308223 0.040020 0.020050 0.020060 0.020052 0.196487 -9999.0 -9999.0 -9999.0 -9999.0 -9999.0 -9999.0
-9999.0 -9999.0 -9999.0 -9999.0 -9999.0 -9999.0 -9999.0 -9999.0 -9999.0 -9999.0 0.520000 0.065601 0.417761 0.397773 0.324021 0.512696 0.512556 0.169412 0.075589 0.077463 0.101142 0.287230 0.045902 0.401612 0.065402 0.042398 0.042091 0.020101 0.467473 0.441774 0.041741 0.041056 0.500902 0.244108 0.164984 0.193626 0.476137 0.051332 0.040736 0.442051 0.425474 0.192659 0.194179 0.321398 0.083334 0.190275 0.498581 0.052417 0.045105 0.150856 0.020044 0.197071 0.020052 0.020046 0.020048 0.270132 0.254573 -9999.0 -9999.0 -9999.0 -9999.0 -9999.0 -9999.0
-9999.0 -9999.0 -9999.0 -9999.0 -9999.0 -9999.0 -9999.0 -9999.0 -9999.0 0.506181 0.460929 0.079964 0.090053 0.057776 0.046793 0.071218 0.076580 0.268516 0.075006 0.075409 0.085667 0.081751 0.158294 0.218095 0.418798 0.040269 0.041268 0.458159 0.069300 0.074262 0.520000 0.040174 0.193425 0.193850 0.176764 0.193752 0.501483 0.047610 0.050333 0.056905 0.040733 0.047579 0.047265 0.183954 0.259663 0.082901 0.383855 0.054788 0.055462 0.479723 0.041529 0.196363 0.020042 0.199421 0.199189 0.040029 0.040030 0.196242 0.198156 -9999.0 -9999.0 -9999.0 -9999.0
-9999.0 -9999.0 -9999.0 -9999.0 -9999.0 -9999.0 -9999.0 -9999.0 -9999.0 0.520000 0.501967 0.425171 0.520000 0.497051 0.072744 0.057362 0.394478 0.274937 0.074048 0.071023 0.073681 0.068419 0.233309 0.395219 0.041077 0.047017 0.054951 0.158926 0.477607 0.376868 0.440396 0.040098 0.490671 0.237189 0.310720 0.186533 0.157668 0.142984 0.502721 0.490323 0.048652 0.045450 0.063754 0.402270 0.115083 0.238014 0.246392 0.334267 0.340358 0.374929 0.040041 0.040028 0.200000 0.043444 0.200000 0.040018 0.040039 0.040055 0.193033 -9999.0 -9999.0 -9999.0 -9999.0
-9999.0 -9999.0 -9999.0 -9999.0 -9999.0 -9999.0 -9999.0 -9999.0 -9999.0 -9999.0 0.386961 0.489287 0.118441 0.041619 0.436949 0.076987 0.240234 0.186784 0.073010 0.073962 0.076871 0.075002 0.080963 0.040377 0.049884 0.085707 0.520000 0.405945 0.415130 0.040195 0.040114 0.040121 0.040137 0.282989 0.520000 0.520000 0.436673 0.460422 0.159053 0.440815 0.360851 0.484467 0.520000 0.087076 0.122579 0.218801 0.084393 0.222097 0.082537 0.347555 0.040120 0.040031 0.200000 0.197118 0.043185 0.211394 0.462884 0.042714 0.044796 0.098953 -9999.0 -9999.0 -9999.0
-9999.0 -9999.0 -9999.0 -9999.0 -9999.0 -9999.0 -9999.0 -9999.0 -9999.0 -9999.0 0.306274 0.520000 0.454376 0.310482 0.410345 0.216317 0.146741 0.078541 0.072932 0.071067 0.073942 0.076397 0.073410 0.073737 0.084018 0.508116 0.333177 0.212002 0.040431 0.040213 0.423016 0.520000 0.020052 0.252930 0.448551 0.509410 0.043463 0.045588 0.041671 0.260413 0.489819 0.194013 0.049362 0.439508 0.410427 0.048670 0.197578 0.145155 0.079899 0.223564 0.513896 0.041623 0.040073 0.198679 0.106104 0.200000 0.194844 0.053154 0.520000 0.520000 -9999.0 -9999.0 -9999.0
-9999.0 -9999.0 -9999.0 -9999.0 -9999.0 -9999.0 -9999.0 -9999.0 0.520000 0.358218 0.273905 0.520000 0.040152 0.057381 0.063840 0.228921 0.075047 0.068261 0.070895 0.070498 0.071899 0.072266 0.072708 0.074466 0.308562 0.297200 0.326448 0.043313 0.040105 0.040281 0.020164 0.439757 0.430060 0.292765 0.517556 0.497818 0.336682 0.050009 0.040058 0.179902 0.190354 0.477086 0.020293 0.174504 0.092440 0.520000 0.040068 0.061041 0.209309 0.318877 0.417623 0.040054 0.040025 0.040023 0.200000 0.222938 0.195941 0.442591 0.361769 0.101654 -9999.0 -9999.0 -9999.0
-9999.0 -9999.0 -9999.0 -9999.0 -9999.0 -9999.0 -9999.0 -9999.0 0.020000 0.040353 0.040847 0.277351 0.504076 0.040593 0.042397 0.231637 0.078539 0.076501 0.072073 0.070039 0.077204 0.066314 0.064965 0.064429 0.073834 0.091647 0.327140 0.064901 0.020062 0.265882 0.250247 0.192413 0.520000 0.191607 0.520000 0.469432 0.339050 0.520000 0.065074 0.482571 0.416753 0.040257 0.151836 0.458704 0.520000 0.049459 0.020150 0.488405 0.067198 0.346706 0.417932 0.072369 0.040017 0.210843 0.489845 0.020210 0.051857 0.285801 0.318807 0.108699 0.074398 -9999.0 -9999.0
-9999.0 -9999.0 -9999.0 -9999.0 -9999.0 -9999.0 -9999.0 -9999.0 0.438849 0.520000 0.379020 0.040162 0.520000 0.020468 0.054674 0.043882 0.176919 0.074689 0.072504 0.076943 0.069630 0.066421 0.065503 0.070302 0.070614 0.077075 0.325084 0.040509 0.020106 0.425982 0.190755 0.520000 0.041701 0.044522 0.481945 0.387476 0.502006 0.436420 0.058469 0.048885 0.495316 0.133962 0.481634 0.495667 0.040105 0.490655 0.179940 0.444158 0.041978 0.096427 0.263500 0.480120 0.040034 0.040019 0.048156 0.067147 0.520000 0.350219 0.080275 0.122054 0.084388 -9999.0 -9999.0
-9999.0 -9999.0 -9999.0 -9999.0 -9999.0 -9999.0 -9999.0 -9999.0 0.195836 0.494417 0.052662 0.020049 0.510918 0.046558 0.040593 0.339981 0.075031 0.073335 0.075873 0.072448 0.070685 0.070466 0.068167 0.068932 0.076668 0.181438 0.062065 0.040109 0.444170 0.041047 0.053053 0.061273 0.509966 0.073458 0.079856 0.309995 0.160816 0.076942 0.325379 0.140479 0.426131 0.424125 0.441366 0.113438 0.482017 0.149303 0.440323 0.188445 0.502892 0.051962 0.144797 0.217834 0.427547 0.070699 0.520000 0.520000 0.246346 0.103729 0.080839 0.087436 0.098960 0.106909 -9999.0
-9999.0 -9999.0 -9999.0 -9999.0 -9999.0 -9999.0 -9999.0 -9999.0 0.140126 0.520000 0.040000 0.040205 0.046790 0.055643 0.445403 0.240373 0.246926 0.082263 0.134162 0.076309 0.073818 0.072020 0.072000 0.072997 0.070881 0.175866 0.040989 0.082380 0.444776 0.326448 0.049545 0.467028 0.387643 0.401211 0.396537 0.191168 0.076519 0.074889 0.075492 0.327576 0.333362 0.376427 0.426829 0.510542 0.053612 0.414451 0.071761 0.048967 0.067589 0.520000 0.296263 0.100429 0.183931 0.297228 0.444574 0.383933 0.252836 0.157737 0.113503 0.078491 0.078292 0.114141 -9999.0
-9999.0 -9999.0 0.476625 0.491462 0.040047 0.043776 0.040087 0.040931 0.281809 0.432855 0.042870 0.040362 0.058097 0.520000 0.366422 0.520000 0.090585 0.040497 0.059938 0.253619 0.076758 0.073885 0.081370 0.073379 0.074566 0.078859 0.159878 0.245716 0.094666 0.361157 0.085235 0.139734 0.175595 0.077476 0.077687 0.076553 0.073426 0.073389 0.074338 0.076993 0.074316 0.074393 0.075884 0.221351 0.212561 0.349298 0.373028 0.257506 0.187392 0.125034 0.076719 0.095218 0.223014 0.273366 0.317525 0.260690 0.252735 0.182124 0.154031 0.082029 0.171814 0.134827 -9999.0
-9999.0 0.053500 0.049029 0.049550 0.046593 0.041523 0.040475 0.040685 0.040093 0.269323 0.041322 0.042757 0.514908 0.470581 0.520000 0.048113 0.047979 0.041753 0.047885 0.110342 0.077514 0.075146 0.139653 0.079677 0.068998 0.074050 0.071420 0.072935 0.073183 0.113354 0.075394 0.074465 0.073162 0.072428 0.071594 0.071769 0.071012 0.071556 0.071564 0.072654 0.072035 0.071490 0.071376 0.074354 0.075697 0.075032 0.086190 0.073106 0.072347 0.076246 0.097266 0.179963 0.252467 0.316705 0.319601 0.468445 0.359106 0.331588 0.440290 0.349771 0.285778 0.140327 -9999.0
-9999.0 0.435006 0.163792 0.074718 0.443845 0.061167 0.040059 0.040181 0.253502 0.251892 0.041218 0.040495 0.352864 0.445722 0.056044 0.040025 0.041049 0.041737 0.041445 0.169434 0.398042 0.177543 0.095049 0.207069 0.133336 0.083228 0.073252 0.071705 0.073591 0.071920 0.071761 0.072047 0.071898 0.071563 0.068384 0.070719 0.070039 0.068754 0.069499 0.069754 0.069496 0.069727 0.069377 0.071045 0.070815 0.070713 0.071100 0.072361 0.074092 0.079110 0.120105 0.148150 0.298676 0.520000 0.520000 0.067203 0.048078 0.060987 0.065729 0.054813 0.072351 -9999.0 -9999.0
-9999.0 0.358041 0.045092 0.040669 0.402726 0.414307 0.439403 0.040172 0.041334 0.041922 0.048428 0.077700 0.392772 0.520000 0.040213 0.040020 0.040250 0.040063 0.040190 0.041266 0.055526 0.069296 0.140868 0.191553 0.167827 0.091542 0.081419 0.077562 0.071313 0.072438 0.070224 0.069861 0.071401 0.070995 0.070485 0.069965 0.069889 0.068360 0.069768 0.069367 0.069114 0.068830 0.069090 0.068359 0.068648 0.070308 0.071256 0.074080 0.085414 0.079653 0.208126 0.343205 0.076029 0.520000 0.051226 0.040398 0.040355 0.040164 0.040219 -9999.0 -9999.0 -9999.0 -9999.0
