erum2020/resources/simulation/Vinschgau/output-maps/thetaliqL0006N0626.asc
ncols         63
nrows         48
xllcorner     598000.000000
yllcorner     5145000.000000
cellsize      1000.000000
NODATA_value  -9999.0
[rows 0 to 28 of 48, columns 0 to 62 of 63]
-9999.0 -9999.0 -9999.0 -9999.0 -9999.0 -9999.0 -9999.0 -9999.0 -9999.0 -9999.0 -9999.0 -9999.0 -9999.0 -9999.0 -9999.0 -9999.0 -9999.0 -9999.0 -9999.0 -9999.0 -9999.0 -9999.0 -9999.0 -9999.0 -9999.0 -9999.0 -9999.0 -9999.0 -9999.0 -9999.0 -9999.0 -9999.0 -9999.0 -9999.0 -9999.0 -9999.0 -9999.0 -9999.0 -9999.0 -9999.0 -9999.0 -9999.0 -9999.0 -9999.0 -9999.0 -9999.0 -9999.0 -9999.0 -9999.0 -9999.0 -9999.0 -9999.0 -9999.0 -9999.0 -9999.0 -9999.0 -9999.0 -9999.0 -9999.0 -9999.0 -9999.0 -9999.0 -9999.0
-9999.0 -9999.0 -9999.0 -9999.0 -9999.0 -9999.0 -9999.0 -9999.0 -9999.0 -9999.0 -9999.0 -9999.0 -9999.0 -9999.0 -9999.0 -9999.0 -9999.0 -9999.0 -9999.0 -9999.0 -9999.0 -9999.0 -9999.0 -9999.0 -9999.0 -9999.0 -9999.0 0.042367 0.199667 0.042330 0.199964 0.153717 0.200000 -9999.0 -9999.0 -9999.0 -9999.0 -9999.0 -9999.0 -9999.0 -9999.0 -9999.0 -9999.0 -9999.0 -9999.0 -9999.0 -9999.0 -9999.0 -9999.0 -9999.0 -9999.0 -9999.0 -9999.0 -9999.0 -9999.0 -9999.0 -9999.0 -9999.0 -9999.0 -9999.0 -9999.0 -9999.0 -9999.0
-9999.0 -9999.0 -9999.0 -9999.0 -9999.0 -9999.0 -9999.0 -9999.0 -9999.0 -9999.0 -9999.0 -9999.0 -9999.0 -9999.0 -9999.0 -9999.0 -9999.0 -9999.0 -9999.0 -9999.0 -9999.0 -9999.0 -9999.0 -9999.0 0.430000 0.429605 0.430000 0.429580 0.430000 0.200000 0.199126 -9999.0 -9999.0 -9999.0 -9999.0 -9999.0 -9999.0 -9999.0 -9999.0 -9999.0 -9999.0 -9999.0 -9999.0 -9999.0 -9999.0 -9999.0 -9999.0 -9999.0 -9999.0 -9999.0 -9999.0 -9999.0 -9999.0 -9999.0 -9999.0 -9999.0 -9999.0 -9999.0 -9999.0 -9999.0 -9999.0 -9999.0 -9999.0
-9999.0 -9999.0 -9999.0 -9999.0 -9999.0 -9999.0 -9999.0 -9999.0 -9999.0 -9999.0 -9999.0 -9999.0 -9999.0 -9999.0 -9999.0 -9999.0 -9999.0 -9999.0 -9999.0 -9999.0 -9999.0 -9999.0 -9999.0 0.428648 0.429995 0.163116 0.103575 0.021334 0.042949 0.196657 0.198863 0.199055 -9999.0 -9999.0 -9999.0 -9999.0 -9999.0 -9999.0 -9999.0 -9999.0 -9999.0 -9999.0 -9999.0 -9999.0 -9999.0 -9999.0 -9999.0 -9999.0 -9999.0 -9999.0 -9999.0 -9999.0 -9999.0 -9999.0 -9999.0 -9999.0 -9999.0 -9999.0 -9999.0 -9999.0 -9999.0 -9999.0 -9999.0
-9999.0 -9999.0 -9999.0 -9999.0 -9999.0 -9999.0 -9999.0 -9999.0 -9999.0 -9999.0 -9999.0 -9999.0 -9999.0 -9999.0 -9999.0 -9999.0 -9999.0 -9999.0 0.429218 0.424982 -9999.0 0.429935 0.429935 0.029337 0.115311 0.020809 0.268249 0.302705 0.196553 0.158538 0.199745 0.199868 0.042330 0.042354 -9999.0 -9999.0 -9999.0 -9999.0 -9999.0 -9999.0 -9999.0 -9999.0 -9999.0 -9999.0 -9999.0 -9999.0 -9999.0 -9999.0 -9999.0 -9999.0 -9999.0 -9999.0 -9999.0 -9999.0 -9999.0 -9999.0 -9999.0 -9999.0 -9999.0 -9999.0 -9999.0 -9999.0 -9999.0
-9999.0 -9999.0 -9999.0 -9999.0 -9999.0 -9999.0 -9999.0 -9999.0 -9999.0 -9999.0 -9999.0 -9999.0 -9999.0 -9999.0 -9999.0 -9999.0 -9999.0 0.144173 0.215699 0.020018 0.042310 0.324764 0.174376 0.020764 0.239626 0.153569 0.247161 0.430000 0.170693 0.364637 0.430000 0.200000 0.042295 0.042292 0.042347 0.042375 -9999.0 -9999.0 -9999.0 -9999.0 -9999.0 -9999.0 -9999.0 -9999.0 -9999.0 -9999.0 -9999.0 -9999.0 -9999.0 -9999.0 -9999.0 -9999.0 -9999.0 -9999.0 -9999.0 -9999.0 -9999.0 -9999.0 -9999.0 -9999.0 -9999.0 -9999.0 -9999.0
-9999.0 -9999.0 -9999.0 -9999.0 -9999.0 -9999.0 -9999.0 -9999.0 -9999.0 -9999.0 -9999.0 -9999.0 -9999.0 0.198060 0.320666 0.173987 0.151042 0.042367 0.149791 0.022156 0.157738 0.106481 0.021034 0.224825 0.188044 0.430000 0.020106 0.046401 0.034405 0.206757 0.430000 0.430000 0.200000 0.200000 0.042364 0.042377 -9999.0 -9999.0 -9999.0 -9999.0 -9999.0 -9999.0 -9999.0 -9999.0 -9999.0 -9999.0 -9999.0 -9999.0 -9999.0 -9999.0 -9999.0 -9999.0 -9999.0 -9999.0 -9999.0 -9999.0 -9999.0 -9999.0 -9999.0 -9999.0 -9999.0 -9999.0 -9999.0
-9999.0 -9999.0 -9999.0 -9999.0 -9999.0 -9999.0 -9999.0 -9999.0 -9999.0 -9999.0 -9999.0 -9999.0 -9999.0 0.429120 0.281756 0.163407 0.166620 0.412612 0.042340 0.097013 0.022198 0.058346 0.211526 0.145593 0.173530 0.037102 0.195904 0.042358 0.042360 0.046433 0.430000 0.199101 0.042358 0.042361 0.042362 -9999.0 -9999.0 -9999.0 -9999.0 -9999.0 -9999.0 -9999.0 -9999.0 -9999.0 -9999.0 -9999.0 -9999.0 -9999.0 -9999.0 -9999.0 -9999.0 -9999.0 -9999.0 -9999.0 -9999.0 -9999.0 -9999.0 -9999.0 -9999.0 -9999.0 -9999.0 -9999.0 -9999.0
-9999.0 -9999.0 -9999.0 -9999.0 -9999.0 -9999.0 -9999.0 -9999.0 -9999.0 -9999.0 -9999.0 -9999.0 -9999.0 0.220354 0.430000 0.167942 0.174409 0.162020 0.042337 0.168992 0.428028 0.020082 0.429879 0.262941 0.308025 0.430000 0.042331 0.042361 0.199746 0.042359 0.199448 0.042361 0.042364 0.042360 0.042363 -9999.0 -9999.0 -9999.0 -9999.0 -9999.0 -9999.0 -9999.0 -9999.0 -9999.0 -9999.0 -9999.0 -9999.0 -9999.0 -9999.0 -9999.0 -9999.0 -9999.0 -9999.0 -9999.0 -9999.0 -9999.0 -9999.0 -9999.0 -9999.0 -9999.0 -9999.0 -9999.0 -9999.0
-9999.0 -9999.0 -9999.0 -9999.0 -9999.0 -9999.0 -9999.0 -9999.0 -9999.0 -9999.0 -9999.0 -9999.0 0.025737 0.430000 0.210771 0.389899 0.342078 0.186676 0.392784 0.020017 0.149699 0.292857 0.020544 0.414824 0.430000 0.198305 0.430000 0.199399 0.200000 0.042361 0.185302 0.042351 0.200000 0.042355 -9999.0 -9999.0 -9999.0 -9999.0 -9999.0 -9999.0 -9999.0 -9999.0 -9999.0 -9999.0 -9999.0 -9999.0 -9999.0 -9999.0 -9999.0 -9999.0 -9999.0 -9999.0 -9999.0 -9999.0 -9999.0 -9999.0 -9999.0 -9999.0 -9999.0 -9999.0 -9999.0 -9999.0 -9999.0
-9999.0 -9999.0 -9999.0 -9999.0 -9999.0 -9999.0 -9999.0 -9999.0 -9999.0 -9999.0 -9999.0 0.430000 0.430000 0.430000 0.366983 0.430000 0.020118 0.280631 0.408450 0.020042 0.041035 0.411902 0.199995 0.199426 0.046290 0.199991 0.197155 0.199991 0.430000 0.042363 0.042351 0.200000 0.042369 0.042347 0.042353 0.042302 0.083980 0.076798 0.045567 -9999.0 -9999.0 -9999.0 0.042300 -9999.0 -9999.0 -9999.0 -9999.0 -9999.0 -9999.0 -9999.0 -9999.0 -9999.0 -9999.0 -9999.0 -9999.0 -9999.0 -9999.0 -9999.0 -9999.0 -9999.0 -9999.0 -9999.0 -9999.0
-9999.0 -9999.0 -9999.0 -9999.0 -9999.0 -9999.0 -9999.0 -9999.0 -9999.0 -9999.0 -9999.0 0.430000 0.423300 0.043456 0.400720 0.196607 0.327449 0.120833 0.398816 0.424765 0.429994 0.199991 0.430000 0.430000 0.430000 0.199816 0.198725 0.200000 0.042364 0.042357 0.200000 0.200000 0.197963 0.199809 0.161743 0.146286 0.109256 0.086187 0.085194 0.042249 0.042270 0.042365 0.197996 0.042356 -9999.0 -9999.0 -9999.0 0.430000 0.199222 0.042374 0.199800 0.042374 0.042378 0.430000 0.430000 0.042361 -9999.0 -9999.0 -9999.0 -9999.0 -9999.0 -9999.0 -9999.0
-9999.0 -9999.0 -9999.0 -9999.0 -9999.0 -9999.0 -9999.0 -9999.0 -9999.0 -9999.0 -9999.0 0.430000 0.430000 0.054289 0.430000 0.198706 0.428533 0.423805 0.419492 0.403936 0.424888 0.053540 0.429682 0.430000 0.199675 0.042319 0.430000 0.200000 0.042359 0.199367 0.042369 0.071109 0.199892 0.198234 0.042349 0.123379 0.076428 0.020352 0.079367 0.042214 0.078748 0.060484 0.154160 0.197456 0.196775 -9999.0 0.042356 0.199839 0.199998 0.200000 0.188282 0.042348 0.189491 0.200000 0.193648 0.199997 -9999.0 -9999.0 -9999.0 -9999.0 -9999.0 -9999.0 -9999.0
-9999.0 -9999.0 -9999.0 -9999.0 -9999.0 -9999.0 -9999.0 -9999.0 -9999.0 -9999.0 -9999.0 -9999.0 0.430000 0.430000 0.424975 0.428655 0.424681 0.412444 0.427550 0.403771 0.429290 0.050948 0.054651 0.430000 0.430000 0.430000 0.430000 0.169514 0.199914 0.042364 0.199941 0.430000 0.151093 0.199137 0.185441 0.124398 0.074734 0.066019 0.085372 0.049321 0.113880 0.042284 0.024188 0.429493 0.042325 0.199719 0.042359 0.199716 0.062364 0.430000 0.430000 0.430000 0.430000 0.430000 0.430000 0.430000 0.430000 -9999.0 -9999.0 -9999.0 -9999.0 -9999.0 -9999.0
-9999.0 -9999.0 -9999.0 -9999.0 -9999.0 -9999.0 -9999.0 -9999.0 -9999.0 -9999.0 -9999.0 0.430000 0.430000 0.170728 0.430000 0.430000 0.430000 0.429767 0.430000 0.324661 0.430000 0.430000 0.430000 0.055791 0.430000 0.430000 0.430000 0.199257 0.197108 0.042318 0.430000 0.430000 0.200000 0.199748 0.196556 0.151322 0.071202 0.020357 0.123224 0.082085 0.020407 0.071804 0.232398 0.020112 0.199871 0.198943 0.200000 0.042324 0.042316 0.021296 0.020118 0.199343 0.430000 0.020118 0.020118 0.042360 0.042372 -9999.0 -9999.0 -9999.0 -9999.0 -9999.0 -9999.0
-9999.0 -9999.0 -9999.0 -9999.0 -9999.0 -9999.0 -9999.0 -9999.0 -9999.0 -9999.0 0.430000 0.430000 0.428031 0.427049 0.426127 0.430000 0.430000 0.417505 0.234992 0.284526 0.430000 0.430000 0.092574 0.426830 0.430000 0.430000 0.069969 0.020115 0.177741 0.199975 0.430000 0.430000 0.199983 0.199703 0.042362 0.042326 0.120361 0.080219 0.075355 0.082294 0.020408 0.020119 0.042423 0.262582 0.429610 0.042314 0.199985 0.057771 0.430000 0.430000 0.020118 0.042353 0.020118 0.042357 0.042351 0.200000 0.200000 -9999.0 -9999.0 -9999.0 -9999.0 -9999.0 -9999.0
-9999.0 -9999.0 -9999.0 -9999.0 -9999.0 -9999.0 -9999.0 -9999.0 -9999.0 0.199766 0.430000 0.430000 0.430000 0.422318 0.430000 0.430000 0.427103 0.424915 0.339963 0.197109 0.426844 0.309219 0.080560 0.393306 0.421890 0.111972 0.427072 0.199988 0.056180 0.430000 0.430000 0.025618 0.042365 0.042363 0.042362 0.042350 0.199903 0.194421 0.138405 0.270561 0.195479 0.344212 0.057464 0.096015 0.043701 0.053721 0.198887 0.050408 0.053465 0.430000 0.021516 0.042367 0.042357 0.042353 0.042363 0.074112 0.430000 0.042886 0.042338 -9999.0 -9999.0 -9999.0 -9999.0
-9999.0 -9999.0 -9999.0 -9999.0 -9999.0 -9999.0 -9999.0 -9999.0 -9999.0 0.188816 0.199882 0.199774 0.430000 0.412944 0.411597 0.416663 0.426114 0.416570 0.303855 0.235902 0.269543 0.233393 0.417769 0.430000 0.109317 0.425094 0.429724 0.430000 0.421950 0.430000 0.153606 0.110571 0.199998 0.199538 0.200000 0.042298 0.042314 0.042305 0.176871 0.199982 0.430000 0.071407 0.205316 0.347218 0.297561 0.206326 0.273611 0.032832 0.040872 0.425897 0.026538 0.066442 0.042357 0.199658 0.043866 0.430000 0.075021 0.430000 0.042536 -9999.0 -9999.0 -9999.0 -9999.0
-9999.0 -9999.0 -9999.0 -9999.0 -9999.0 -9999.0 -9999.0 -9999.0 -9999.0 -9999.0 0.199285 0.200000 0.430000 0.430000 0.042370 0.406329 0.417296 0.412566 0.234866 0.202061 0.339508 0.070777 0.429188 0.101740 0.424453 0.429179 0.429764 0.428518 0.156357 0.430000 0.118581 0.430000 0.078438 0.199660 0.200000 0.200000 0.423850 0.430000 0.042355 0.199753 0.196041 0.430000 0.430000 0.071181 0.104607 0.430000 0.087452 0.428097 0.049252 0.062319 0.024614 0.021504 0.042366 0.042356 0.430000 0.199878 0.430000 0.200000 0.071477 0.428538 -9999.0 -9999.0 -9999.0
-9999.0 -9999.0 -9999.0 -9999.0 -9999.0 -9999.0 -9999.0 -9999.0 -9999.0 -9999.0 0.199928 0.199943 0.430000 0.430000 0.396720 0.340168 0.401659 0.262134 0.167841 0.190347 0.182936 0.280866 0.403375 0.405501 0.422860 0.422713 0.428969 0.430000 0.430000 0.090074 0.199714 0.430000 0.020118 0.199057 0.199529 0.430000 0.430000 0.430000 0.064309 0.199311 0.199989 0.042764 0.430000 0.199558 0.430000 0.025057 0.430000 0.104694 0.089778 0.061107 0.092223 0.057117 0.430000 0.042374 0.042374 0.042360 0.198828 0.073103 0.430000 0.430000 -9999.0 -9999.0 -9999.0
-9999.0 -9999.0 -9999.0 -9999.0 -9999.0 -9999.0 -9999.0 -9999.0 0.430000 0.197285 0.163155 0.430000 0.430000 0.430000 0.430000 0.366044 0.145500 0.219341 0.159759 0.183426 0.161592 0.143899 0.175502 0.166622 0.229292 0.419011 0.430000 0.430000 0.430000 0.073103 0.042359 0.199947 0.199964 0.199583 0.200000 0.196451 0.199922 0.430000 0.116290 0.042366 0.042360 0.430000 0.020118 0.042361 0.042312 0.430000 0.118563 0.430000 0.102589 0.430000 0.430000 0.024811 0.430000 0.070723 0.042331 0.192012 0.042774 0.430000 0.062685 0.430000 -9999.0 -9999.0 -9999.0
-9999.0 -9999.0 -9999.0 -9999.0 -9999.0 -9999.0 -9999.0 -9999.0 0.118462 0.430000 0.059620 0.198878 0.199147 0.430000 0.428191 0.422473 0.357670 0.242690 0.022497 0.172291 0.273899 0.211065 0.294856 0.241072 0.123956 0.418038 0.430000 0.430000 0.020118 0.199954 0.199892 0.042319 0.200000 0.042376 0.430000 0.430000 0.200000 0.430000 0.063404 0.199993 0.199723 0.082526 0.042360 0.199999 0.430000 0.430000 0.020118 0.199841 0.074845 0.430000 0.430000 0.430000 0.430000 0.200000 0.186544 0.020118 0.060772 0.063848 0.064932 0.430000 0.232053 -9999.0 -9999.0
-9999.0 -9999.0 -9999.0 -9999.0 -9999.0 -9999.0 -9999.0 -9999.0 0.199597 0.200000 0.151959 0.062553 0.430000 0.020118 0.428500 0.092438 0.345456 0.155448 0.094743 0.285553 0.169624 0.193340 0.203437 0.163267 0.247286 0.429070 0.430000 0.430000 0.020118 0.199991 0.042324 0.430000 0.430000 0.021104 0.430000 0.200000 0.061437 0.100784 0.114885 0.068838 0.199990 0.042367 0.430000 0.430000 0.430000 0.430000 0.042317 0.430000 0.430000 0.106614 0.421954 0.430000 0.103865 0.104012 0.064504 0.430000 0.430000 0.430000 0.430000 0.406907 0.314588 -9999.0 -9999.0
-9999.0 -9999.0 -9999.0 -9999.0 -9999.0 -9999.0 -9999.0 -9999.0 0.042369 0.199987 0.430000 0.020100 0.430000 0.430000 0.023463 0.422515 0.040901 0.085874 0.283180 0.156309 0.169879 0.167919 0.187418 0.191247 0.181821 0.429063 0.430000 0.101563 0.430000 0.057410 0.055269 0.058506 0.021118 0.430000 0.021246 0.195844 0.198032 0.430000 0.108394 0.066528 0.199735 0.200000 0.200000 0.042344 0.429955 0.042326 0.181822 0.042342 0.194697 0.058228 0.429157 0.427372 0.430000 0.428064 0.430000 0.430000 0.430000 0.430000 0.301350 0.321632 0.386410 0.425069 -9999.0
-9999.0 -9999.0 -9999.0 -9999.0 -9999.0 -9999.0 -9999.0 -9999.0 0.429794 0.430000 0.430000 0.103462 0.102908 0.430000 0.430000 0.413226 0.423838 0.392402 0.396888 0.217758 0.154782 0.162275 0.160215 0.160539 0.175600 0.322830 0.428825 0.430000 0.429997 0.430000 0.100308 0.430000 0.057869 0.430000 0.051537 0.049960 0.060556 0.430000 0.106926 0.430000 0.062297 0.020733 0.060980 0.021287 0.060733 0.199872 0.058474 0.060851 0.056434 0.059378 0.052257 0.225873 0.409897 0.393099 0.430000 0.430000 0.430000 0.410055 0.402458 0.407631 0.429266 0.429546 -9999.0
-9999.0 -9999.0 0.167944 0.430000 0.430000 0.428183 0.430000 0.430000 0.430000 0.430000 0.430000 0.430000 0.430000 0.430000 0.422852 0.429253 0.103314 0.430000 0.430000 0.416952 0.149523 0.148043 0.208950 0.135503 0.179563 0.142920 0.274488 0.401176 0.429613 0.430000 0.428599 0.430000 0.430000 0.430000 0.430000 0.430000 0.430000 0.430000 0.106648 0.109222 0.060571 0.060449 0.096123 0.430000 0.098231 0.058374 0.430000 0.430000 0.057781 0.330662 0.179703 0.228648 0.430000 0.430000 0.430000 0.430000 0.430000 0.430000 0.430000 0.430000 0.430000 0.430000 -9999.0
-9999.0 0.425809 0.430000 0.430000 0.423357 0.430000 0.430000 0.430000 0.430000 0.199910 0.430000 0.430000 0.430000 0.430000 0.430000 0.113919 0.430000 0.430000 0.425991 0.413785 0.128384 0.218624 0.349698 0.155849 0.167753 0.141380 0.189570 0.193493 0.261706 0.418360 0.158487 0.284246 0.430000 0.430000 0.430000 0.430000 0.430000 0.425390 0.430000 0.430000 0.430000 0.430000 0.430000 0.430000 0.415626 0.377162 0.402188 0.356889 0.263762 0.177798 0.333353 0.430000 0.430000 0.430000 0.430000 0.430000 0.430000 0.430000 0.430000 0.430000 0.430000 0.430000 -9999.0
-9999.0 0.430000 0.430000 0.430000 0.420131 0.430000 0.430000 0.429181 0.428102 0.162870 0.429046 0.429955 0.430000 0.430000 0.112789 0.430000 0.068355 0.429767 0.430000 0.430000 0.430000 0.430000 0.321798 0.291663 0.311572 0.252862 0.118242 0.148495 0.203573 0.090659 0.070207 0.073930 0.430000 0.430000 0.430000 0.366568 0.378055 0.403569 0.430000 0.337591 0.430000 0.430000 0.430000 0.183888 0.132664 0.078084 0.202306 0.278926 0.421111 0.430000 0.430000 0.430000 0.430000 0.430000 0.430000 0.430000 0.430000 0.430000 0.430000 0.430000 0.430000 -9999.0 -9999.0
-9999.0 0.175107 0.430000 0.430000 0.430000 0.430000 0.430000 0.430000 0.429325 0.430000 0.430000 0.430000 0.428075 0.430000 0.430000 0.430000 0.430000 0.430000 0.430000 0.430000 0.415308 0.351352 0.169964 0.356066 0.430000 0.279115 0.428815 0.430000 0.159169 0.236912 0.151963 0.142746 0.369289 0.346962 0.337193 0.258965 0.430000 0.406020 0.429710 0.267509 0.231971 0.430000 0.430000 0.170262 0.166141 0.430000 0.291183 0.430000 0.430000 0.430000 0.430000 0.430000 0.430000 0.430000 0.430000 0.430000 0.430000 0.430000 0.430000 -9999.0 -9999.0 -9999.0 -9999.0
