erum2020/resources/simulation/Vinschgau/output-maps/thetaliqL0002N1287.asc
ncols         63
nrows         48
xllcorner     598000.000000
yllcorner     5145000.000000
cellsize      1000.000000
NODATA_value  -9999.0
[rows 0 to 28 of 48, columns 0 to 62 of 63]
-9999.0 -9999.0 -9999.0 -9999.0 -9999.0 -9999.0 -9999.0 -9999.0 -9999.0 -9999.0 -9999.0 -9999.0 -9999.0 -9999.0 -9999.0 -9999.0 -9999.0 -9999.0 -9999.0 -9999.0 -9999.0 -9999.0 -9999.0 -9999.0 -9999.0 -9999.0 -9999.0 -9999.0 -9999.0 -9999.0 -9999.0 -9999.0 -9999.0 -9999.0 -9999.0 -9999.0 -9999.0 -9999.0 -9999.0 -9999.0 -9999.0 -9999.0 -9999.0 -9999.0 -9999.0 -9999.0 -9999.0 -9999.0 -9999.0 -9999.0 -9999.0 -9999.0 -9999.0 -9999.0 -9999.0 -9999.0 -9999.0 -9999.0 -9999.0 -9999.0 -9999.0 -9999.0 -9999.0
-9999.0 -9999.0 -9999.0 -9999.0 -9999.0 -9999.0 -9999.0 -9999.0 -9999.0 -9999.0 -9999.0 -9999.0 -9999.0 -9999.0 -9999.0 -9999.0 -9999.0 -9999.0 -9999.0 -9999.0 -9999.0 -9999.0 -9999.0 -9999.0 -9999.0 -9999.0 -9999.0 0.020418 0.255415 0.056190 0.348297 0.291596 0.375506 -9999.0 -9999.0 -9999.0 -9999.0 -9999.0 -9999.0 -9999.0 -9999.0 -9999.0 -9999.0 -9999.0 -9999.0 -9999.0 -9999.0 -9999.0 -9999.0 -9999.0 -9999.0 -9999.0 -9999.0 -9999.0 -9999.0 -9999.0 -9999.0 -9999.0 -9999.0 -9999.0 -9999.0 -9999.0 -9999.0
-9999.0 -9999.0 -9999.0 -9999.0 -9999.0 -9999.0 -9999.0 -9999.0 -9999.0 -9999.0 -9999.0 -9999.0 -9999.0 -9999.0 -9999.0 -9999.0 -9999.0 -9999.0 -9999.0 -9999.0 -9999.0 -9999.0 -9999.0 -9999.0 0.278151 0.273104 0.273154 0.274535 0.296791 0.278789 0.345593 -9999.0 -9999.0 -9999.0 -9999.0 -9999.0 -9999.0 -9999.0 -9999.0 -9999.0 -9999.0 -9999.0 -9999.0 -9999.0 -9999.0 -9999.0 -9999.0 -9999.0 -9999.0 -9999.0 -9999.0 -9999.0 -9999.0 -9999.0 -9999.0 -9999.0 -9999.0 -9999.0 -9999.0 -9999.0 -9999.0 -9999.0 -9999.0
-9999.0 -9999.0 -9999.0 -9999.0 -9999.0 -9999.0 -9999.0 -9999.0 -9999.0 -9999.0 -9999.0 -9999.0 -9999.0 -9999.0 -9999.0 -9999.0 -9999.0 -9999.0 -9999.0 -9999.0 -9999.0 -9999.0 -9999.0 0.263860 0.245319 0.070045 0.070200 0.069442 0.068930 0.212739 0.342229 0.402803 -9999.0 -9999.0 -9999.0 -9999.0 -9999.0 -9999.0 -9999.0 -9999.0 -9999.0 -9999.0 -9999.0 -9999.0 -9999.0 -9999.0 -9999.0 -9999.0 -9999.0 -9999.0 -9999.0 -9999.0 -9999.0 -9999.0 -9999.0 -9999.0 -9999.0 -9999.0 -9999.0 -9999.0 -9999.0 -9999.0 -9999.0
-9999.0 -9999.0 -9999.0 -9999.0 -9999.0 -9999.0 -9999.0 -9999.0 -9999.0 -9999.0 -9999.0 -9999.0 -9999.0 -9999.0 -9999.0 -9999.0 -9999.0 -9999.0 0.103491 0.218593 -9999.0 0.247924 0.230800 0.070221 0.071531 0.070624 0.122483 0.077845 0.115908 0.080673 0.247256 0.333018 0.020374 0.020105 -9999.0 -9999.0 -9999.0 -9999.0 -9999.0 -9999.0 -9999.0 -9999.0 -9999.0 -9999.0 -9999.0 -9999.0 -9999.0 -9999.0 -9999.0 -9999.0 -9999.0 -9999.0 -9999.0 -9999.0 -9999.0 -9999.0 -9999.0 -9999.0 -9999.0 -9999.0 -9999.0 -9999.0 -9999.0
-9999.0 -9999.0 -9999.0 -9999.0 -9999.0 -9999.0 -9999.0 -9999.0 -9999.0 -9999.0 -9999.0 -9999.0 -9999.0 -9999.0 -9999.0 -9999.0 -9999.0 0.072569 0.073525 0.022322 0.022715 0.168492 0.077298 0.071975 0.075238 0.204284 0.084602 0.146089 0.100137 0.149521 0.244831 0.238667 0.044573 0.020485 0.020255 0.020116 -9999.0 -9999.0 -9999.0 -9999.0 -9999.0 -9999.0 -9999.0 -9999.0 -9999.0 -9999.0 -9999.0 -9999.0 -9999.0 -9999.0 -9999.0 -9999.0 -9999.0 -9999.0 -9999.0 -9999.0 -9999.0 -9999.0 -9999.0 -9999.0 -9999.0 -9999.0 -9999.0
-9999.0 -9999.0 -9999.0 -9999.0 -9999.0 -9999.0 -9999.0 -9999.0 -9999.0 -9999.0 -9999.0 -9999.0 -9999.0 0.070921 0.073117 0.074592 0.072937 0.022243 0.072940 0.071217 0.071844 0.072292 0.071194 0.070505 0.185046 0.234456 0.068660 0.226043 0.177932 0.249962 0.041304 0.306211 0.282859 0.352708 0.021780 0.020113 -9999.0 -9999.0 -9999.0 -9999.0 -9999.0 -9999.0 -9999.0 -9999.0 -9999.0 -9999.0 -9999.0 -9999.0 -9999.0 -9999.0 -9999.0 -9999.0 -9999.0 -9999.0 -9999.0 -9999.0 -9999.0 -9999.0 -9999.0 -9999.0 -9999.0 -9999.0 -9999.0
-9999.0 -9999.0 -9999.0 -9999.0 -9999.0 -9999.0 -9999.0 -9999.0 -9999.0 -9999.0 -9999.0 -9999.0 -9999.0 0.089670 0.071036 0.073304 0.073552 0.069134 0.022236 0.071001 0.073267 0.067473 0.075104 0.085709 0.074869 0.080679 0.243984 0.036184 0.020820 0.089909 0.120715 0.328514 0.020700 0.020287 0.020292 -9999.0 -9999.0 -9999.0 -9999.0 -9999.0 -9999.0 -9999.0 -9999.0 -9999.0 -9999.0 -9999.0 -9999.0 -9999.0 -9999.0 -9999.0 -9999.0 -9999.0 -9999.0 -9999.0 -9999.0 -9999.0 -9999.0 -9999.0 -9999.0 -9999.0 -9999.0 -9999.0 -9999.0
-9999.0 -9999.0 -9999.0 -9999.0 -9999.0 -9999.0 -9999.0 -9999.0 -9999.0 -9999.0 -9999.0 -9999.0 -9999.0 0.070335 0.520000 0.069614 0.073528 0.073407 0.022223 0.072878 0.068079 0.022447 0.163466 0.140010 0.072274 0.073881 0.023417 0.020513 0.382541 0.020335 0.385051 0.020282 0.020214 0.020022 0.020112 -9999.0 -9999.0 -9999.0 -9999.0 -9999.0 -9999.0 -9999.0 -9999.0 -9999.0 -9999.0 -9999.0 -9999.0 -9999.0 -9999.0 -9999.0 -9999.0 -9999.0 -9999.0 -9999.0 -9999.0 -9999.0 -9999.0 -9999.0 -9999.0 -9999.0 -9999.0 -9999.0 -9999.0
-9999.0 -9999.0 -9999.0 -9999.0 -9999.0 -9999.0 -9999.0 -9999.0 -9999.0 -9999.0 -9999.0 -9999.0 0.071156 0.520000 0.070210 0.071803 0.076317 0.074161 0.065077 0.022274 0.071922 0.169109 0.081234 0.165652 0.040290 0.249448 0.040036 0.345641 0.331170 0.020617 0.328161 0.020369 0.440614 0.020097 -9999.0 -9999.0 -9999.0 -9999.0 -9999.0 -9999.0 -9999.0 -9999.0 -9999.0 -9999.0 -9999.0 -9999.0 -9999.0 -9999.0 -9999.0 -9999.0 -9999.0 -9999.0 -9999.0 -9999.0 -9999.0 -9999.0 -9999.0 -9999.0 -9999.0 -9999.0 -9999.0 -9999.0 -9999.0
-9999.0 -9999.0 -9999.0 -9999.0 -9999.0 -9999.0 -9999.0 -9999.0 -9999.0 -9999.0 -9999.0 0.113625 0.070136 0.520000 0.069878 0.072903 0.022241 0.073286 0.073681 0.022151 0.074247 0.073375 0.149154 0.224489 0.197814 0.267300 0.366605 0.300397 0.519197 0.020246 0.020305 0.288961 0.023266 0.020184 0.020307 0.021376 0.321392 0.160227 0.135355 -9999.0 -9999.0 -9999.0 0.020114 -9999.0 -9999.0 -9999.0 -9999.0 -9999.0 -9999.0 -9999.0 -9999.0 -9999.0 -9999.0 -9999.0 -9999.0 -9999.0 -9999.0 -9999.0 -9999.0 -9999.0 -9999.0 -9999.0 -9999.0
-9999.0 -9999.0 -9999.0 -9999.0 -9999.0 -9999.0 -9999.0 -9999.0 -9999.0 -9999.0 -9999.0 0.133565 0.069768 0.068112 0.068295 0.067167 0.067406 0.072662 0.069818 0.067921 0.069631 0.075102 0.294912 0.040068 0.040202 0.270269 0.301065 0.274120 0.081501 0.020267 0.311253 0.307423 0.394918 0.391211 0.290667 0.302413 0.235994 0.062241 0.090025 0.020142 0.020233 0.020134 0.342139 0.020382 -9999.0 -9999.0 -9999.0 0.095660 0.292751 0.020319 0.384521 0.020119 0.020115 0.077031 0.106961 0.020109 -9999.0 -9999.0 -9999.0 -9999.0 -9999.0 -9999.0 -9999.0
-9999.0 -9999.0 -9999.0 -9999.0 -9999.0 -9999.0 -9999.0 -9999.0 -9999.0 -9999.0 -9999.0 0.158053 0.104119 0.144630 0.095399 0.066252 0.074413 0.074521 0.065895 0.067947 0.084828 0.274890 0.042494 0.300952 0.263219 0.020438 0.040501 0.040025 0.023011 0.323461 0.020703 0.040134 0.291048 0.396534 0.020567 0.264926 0.040076 0.040051 0.073390 0.020359 0.206127 0.195818 0.289017 0.313491 0.402185 -9999.0 0.020100 0.407218 0.367199 0.294065 0.199918 0.051334 0.199910 0.358818 0.337099 0.399776 -9999.0 -9999.0 -9999.0 -9999.0 -9999.0 -9999.0 -9999.0
-9999.0 -9999.0 -9999.0 -9999.0 -9999.0 -9999.0 -9999.0 -9999.0 -9999.0 -9999.0 -9999.0 -9999.0 0.149668 0.357876 0.083688 0.081831 0.082904 0.075523 0.070599 0.068194 0.076561 0.146931 0.485680 0.040364 0.040051 0.040264 0.520000 0.155731 0.343049 0.020454 0.309423 0.040205 0.165650 0.385366 0.408984 0.287792 0.040669 0.040048 0.162140 0.040568 0.063942 0.023438 0.069605 0.292653 0.020734 0.380960 0.020135 0.399714 0.040052 0.064376 0.087838 0.040267 0.040023 0.040051 0.040049 0.412608 0.393082 -9999.0 -9999.0 -9999.0 -9999.0 -9999.0 -9999.0
-9999.0 -9999.0 -9999.0 -9999.0 -9999.0 -9999.0 -9999.0 -9999.0 -9999.0 -9999.0 -9999.0 0.073174 0.220441 0.067142 0.396475 0.178820 0.077195 0.076721 0.066670 0.074686 0.075783 0.115647 0.520000 0.040405 0.040581 0.040057 0.040213 0.342315 0.354822 0.032267 0.040292 0.040080 0.251435 0.371079 0.315677 0.329701 0.233749 0.070352 0.224538 0.070116 0.070279 0.159410 0.518566 0.151276 0.195233 0.346949 0.313637 0.052171 0.071373 0.111521 0.020057 0.333058 0.040029 0.020033 0.020028 0.020023 0.020432 -9999.0 -9999.0 -9999.0 -9999.0 -9999.0 -9999.0
-9999.0 -9999.0 -9999.0 -9999.0 -9999.0 -9999.0 -9999.0 -9999.0 -9999.0 -9999.0 0.520000 0.093875 0.229653 0.207643 0.128991 0.520000 0.520000 0.157812 0.074947 0.075156 0.071542 0.168329 0.040395 0.235560 0.303969 0.040069 0.040093 0.020041 0.123894 0.200328 0.081083 0.040050 0.245368 0.372983 0.020134 0.020518 0.223941 0.051486 0.046548 0.414630 0.299271 0.190338 0.175204 0.209371 0.101251 0.036802 0.256288 0.076740 0.041188 0.271607 0.020039 0.020189 0.020026 0.020275 0.020272 0.373222 0.375865 -9999.0 -9999.0 -9999.0 -9999.0 -9999.0 -9999.0
-9999.0 -9999.0 -9999.0 -9999.0 -9999.0 -9999.0 -9999.0 -9999.0 -9999.0 0.258813 0.284595 0.101196 0.510995 0.070582 0.092313 0.176563 0.097673 0.104263 0.074548 0.074460 0.070069 0.078450 0.087829 0.089295 0.366457 0.040076 0.040045 0.251105 0.094752 0.500631 0.435734 0.040062 0.020786 0.020271 0.020171 0.020516 0.248637 0.040232 0.041878 0.097932 0.040232 0.040419 0.040603 0.119824 0.098992 0.158081 0.138136 0.058350 0.059780 0.425449 0.040095 0.020420 0.020135 0.020103 0.020124 0.040026 0.040039 0.020591 0.020128 -9999.0 -9999.0 -9999.0 -9999.0
-9999.0 -9999.0 -9999.0 -9999.0 -9999.0 -9999.0 -9999.0 -9999.0 -9999.0 0.177352 0.258259 0.180969 0.520000 0.269073 0.093262 0.068188 0.214873 0.127902 0.073742 0.068177 0.068732 0.067466 0.095962 0.288710 0.040125 0.040139 0.073206 0.325505 0.367434 0.268044 0.222592 0.040045 0.306303 0.382802 0.364987 0.020374 0.020426 0.021466 0.257761 0.229117 0.040351 0.040095 0.080993 0.280439 0.091082 0.111966 0.094054 0.164371 0.248826 0.279048 0.040026 0.040013 0.020110 0.053249 0.020364 0.040017 0.040040 0.040088 0.023467 -9999.0 -9999.0 -9999.0 -9999.0
-9999.0 -9999.0 -9999.0 -9999.0 -9999.0 -9999.0 -9999.0 -9999.0 -9999.0 -9999.0 0.311766 0.230568 0.213609 0.040217 0.282101 0.098709 0.217017 0.077487 0.072805 0.071994 0.068806 0.074668 0.090493 0.041778 0.040451 0.106016 0.431648 0.272546 0.244491 0.040066 0.040048 0.040028 0.040025 0.381377 0.313789 0.255973 0.251159 0.271443 0.020499 0.310284 0.323673 0.292952 0.520000 0.169165 0.144591 0.256954 0.077903 0.096057 0.073983 0.204005 0.040051 0.040048 0.020124 0.020155 0.040518 0.422015 0.451813 0.040068 0.146729 0.188510 -9999.0 -9999.0 -9999.0
-9999.0 -9999.0 -9999.0 -9999.0 -9999.0 -9999.0 -9999.0 -9999.0 -9999.0 -9999.0 0.363872 0.267920 0.267187 0.370083 0.289857 0.125685 0.164401 0.076350 0.072530 0.070571 0.073678 0.075450 0.078287 0.091464 0.105090 0.373335 0.243540 0.244893 0.040093 0.040030 0.307602 0.345811 0.020050 0.361990 0.295374 0.299374 0.040077 0.092516 0.040081 0.350002 0.301708 0.028193 0.071743 0.203507 0.262904 0.041611 0.335335 0.174144 0.076380 0.078414 0.491529 0.040081 0.040020 0.020162 0.020070 0.020116 0.380182 0.049396 0.520000 0.361452 -9999.0 -9999.0 -9999.0
-9999.0 -9999.0 -9999.0 -9999.0 -9999.0 -9999.0 -9999.0 -9999.0 0.310999 0.324557 0.259628 0.321028 0.040217 0.081556 0.058823 0.184885 0.074373 0.067453 0.070119 0.070193 0.071746 0.072073 0.072387 0.073347 0.155317 0.243378 0.279640 0.040207 0.040151 0.040031 0.020315 0.311844 0.305888 0.360157 0.313783 0.256696 0.090214 0.120064 0.040032 0.020377 0.033832 0.297622 0.020058 0.020476 0.023041 0.520000 0.040036 0.076650 0.238867 0.217473 0.361441 0.040226 0.040035 0.040011 0.020118 0.358135 0.020700 0.281373 0.218908 0.078760 -9999.0 -9999.0 -9999.0
-9999.0 -9999.0 -9999.0 -9999.0 -9999.0 -9999.0 -9999.0 -9999.0 0.020000 0.040104 0.040040 0.359870 0.266434 0.040042 0.040159 0.248427 0.077223 0.075802 0.071987 0.069713 0.068770 0.064803 0.063687 0.063609 0.073521 0.081409 0.307292 0.094172 0.020052 0.357030 0.384871 0.020583 0.280460 0.020625 0.304031 0.278849 0.091884 0.476244 0.086023 0.238418 0.302999 0.236078 0.020633 0.219076 0.520000 0.056870 0.020049 0.252648 0.095526 0.282369 0.334309 0.092911 0.040019 0.408112 0.233971 0.020057 0.042350 0.491177 0.103419 0.076671 0.073904 -9999.0 -9999.0
-9999.0 -9999.0 -9999.0 -9999.0 -9999.0 -9999.0 -9999.0 -9999.0 0.298245 0.520000 0.451759 0.040025 0.364145 0.020062 0.057459 0.040209 0.144992 0.073675 0.072374 0.069530 0.069313 0.065368 0.064507 0.069842 0.067920 0.076248 0.280396 0.040099 0.020043 0.308532 0.022759 0.323254 0.040072 0.040131 0.303391 0.117350 0.309115 0.299890 0.082479 0.075697 0.251038 0.020638 0.285343 0.520000 0.040217 0.292691 0.020350 0.332569 0.040061 0.109277 0.180295 0.402279 0.040019 0.040019 0.084604 0.518878 0.451703 0.212384 0.074727 0.077527 0.075373 -9999.0 -9999.0
-9999.0 -9999.0 -9999.0 -9999.0 -9999.0 -9999.0 -9999.0 -9999.0 0.020298 0.259192 0.074943 0.020044 0.316536 0.040141 0.040441 0.327999 0.074829 0.073189 0.069516 0.072329 0.070299 0.069991 0.066925 0.068030 0.075931 0.128801 0.052665 0.040046 0.263783 0.059312 0.062357 0.091243 0.467810 0.519230 0.097386 0.083237 0.070877 0.076193 0.219743 0.254003 0.190603 0.183047 0.196660 0.023094 0.301817 0.020910 0.098242 0.035263 0.272131 0.042026 0.170845 0.122572 0.355051 0.091516 0.460569 0.392165 0.125047 0.084163 0.077003 0.075713 0.076699 0.088919 -9999.0
-9999.0 -9999.0 -9999.0 -9999.0 -9999.0 -9999.0 -9999.0 -9999.0 0.255955 0.349186 0.040001 0.040066 0.040324 0.042965 0.376552 0.133788 0.148411 0.079008 0.088019 0.075643 0.073565 0.071295 0.071502 0.072540 0.069093 0.116323 0.040120 0.102683 0.294081 0.520000 0.042000 0.394343 0.176872 0.309593 0.206589 0.077289 0.075067 0.074635 0.075251 0.170853 0.152577 0.121101 0.232620 0.306205 0.051631 0.179418 0.091380 0.119361 0.086276 0.394227 0.121403 0.086837 0.115903 0.205797 0.313032 0.277633 0.157545 0.086258 0.078537 0.074448 0.077256 0.093521 -9999.0
-9999.0 -9999.0 0.127217 0.288587 0.040001 0.040101 0.040037 0.040037 0.414463 0.374253 0.040216 0.040142 0.047391 0.520000 0.193285 0.500759 0.103222 0.040100 0.074025 0.233084 0.076072 0.073390 0.073241 0.073277 0.073940 0.077863 0.155734 0.154210 0.078518 0.188790 0.097222 0.092034 0.077103 0.076240 0.073992 0.076021 0.072903 0.073235 0.074167 0.076780 0.073650 0.073111 0.075114 0.085749 0.208862 0.149629 0.231948 0.220922 0.075849 0.076082 0.075439 0.079115 0.126690 0.199038 0.241362 0.152646 0.166090 0.095507 0.079069 0.078612 0.082610 0.104130 -9999.0
-9999.0 0.070721 0.042280 0.042699 0.040127 0.040090 0.040059 0.040036 0.040021 0.391611 0.040041 0.040180 0.519221 0.306955 0.470267 0.040600 0.040441 0.040069 0.040183 0.124186 0.076634 0.074567 0.072766 0.075502 0.068099 0.073456 0.069322 0.069322 0.072416 0.076523 0.074269 0.073343 0.072004 0.067895 0.071204 0.071078 0.070395 0.071440 0.070894 0.071648 0.071594 0.071095 0.070756 0.074014 0.075169 0.074626 0.074713 0.072917 0.071892 0.074583 0.077282 0.095594 0.164780 0.241077 0.248329 0.387806 0.335788 0.307855 0.377935 0.274526 0.229743 0.106551 -9999.0
-9999.0 0.284585 0.517895 0.220121 0.304296 0.080158 0.040032 0.040027 0.408885 0.298122 0.040044 0.040096 0.308576 0.362591 0.045727 0.040033 0.040040 0.040053 0.040100 0.199217 0.295296 0.118207 0.083068 0.101595 0.088076 0.073139 0.073155 0.071354 0.071543 0.071776 0.071647 0.071918 0.070684 0.070586 0.066574 0.069774 0.066841 0.066433 0.069084 0.069295 0.069009 0.069201 0.068953 0.070894 0.070712 0.070610 0.070456 0.071062 0.072044 0.073801 0.078734 0.106999 0.263456 0.397826 0.516342 0.063392 0.063637 0.047499 0.055085 0.043497 0.073633 -9999.0 -9999.0
-9999.0 0.074265 0.078633 0.065899 0.340194 0.294672 0.315186 0.040061 0.040065 0.040048 0.040365 0.085307 0.305669 0.452919 0.040071 0.040022 0.040029 0.040020 0.040055 0.040631 0.045573 0.065747 0.103118 0.108586 0.098396 0.075627 0.073631 0.072741 0.070870 0.071192 0.069917 0.069571 0.070190 0.069887 0.069548 0.069184 0.069129 0.066250 0.069072 0.068710 0.068450 0.065863 0.068298 0.068062 0.068371 0.069344 0.070187 0.071575 0.074222 0.076064 0.125486 0.242404 0.082501 0.520000 0.041674 0.040094 0.040090 0.040061 0.040069 -9999.0 -9999.0 -9999.0 -9999.0
