erum2020/resources/simulation/Vinschgau/output-maps/thetaliqL0004N0594.asc
ncols         63
nrows         48
xllcorner     598000.000000
yllcorner     5145000.000000
cellsize      1000.000000
NODATA_value  -9999.0
[rows 0 to 28 of 48, columns 0 to 62 of 63]
-9999.0 -9999.0 -9999.0 -9999.0 -9999.0 -9999.0 -9999.0 -9999.0 -9999.0 -9999.0 -9999.0 -9999.0 -9999.0 -9999.0 -9999.0 -9999.0 -9999.0 -9999.0 -9999.0 -9999.0 -9999.0 -9999.0 -9999.0 -9999.0 -9999.0 -9999.0 -9999.0 -9999.0 -9999.0 -9999.0 -9999.0 -9999.0 -9999.0 -9999.0 -9999.0 -9999.0 -9999.0 -9999.0 -9999.0 -9999.0 -9999.0 -9999.0 -9999.0 -9999.0 -9999.0 -9999.0 -9999.0 -9999.0 -9999.0 -9999.0 -9999.0 -9999.0 -9999.0 -9999.0 -9999.0 -9999.0 -9999.0 -9999.0 -9999.0 -9999.0 -9999.0 -9999.0 -9999.0
-9999.0 -9999.0 -9999.0 -9999.0 -9999.0 -9999.0 -9999.0 -9999.0 -9999.0 -9999.0 -9999.0 -9999.0 -9999.0 -9999.0 -9999.0 -9999.0 -9999.0 -9999.0 -9999.0 -9999.0 -9999.0 -9999.0 -9999.0 -9999.0 -9999.0 -9999.0 -9999.0 0.063176 0.520000 0.048337 0.520000 0.520000 0.520000 -9999.0 -9999.0 -9999.0 -9999.0 -9999.0 -9999.0 -9999.0 -9999.0 -9999.0 -9999.0 -9999.0 -9999.0 -9999.0 -9999.0 -9999.0 -9999.0 -9999.0 -9999.0 -9999.0 -9999.0 -9999.0 -9999.0 -9999.0 -9999.0 -9999.0 -9999.0 -9999.0 -9999.0 -9999.0 -9999.0
-9999.0 -9999.0 -9999.0 -9999.0 -9999.0 -9999.0 -9999.0 -9999.0 -9999.0 -9999.0 -9999.0 -9999.0 -9999.0 -9999.0 -9999.0 -9999.0 -9999.0 -9999.0 -9999.0 -9999.0 -9999.0 -9999.0 -9999.0 -9999.0 0.520000 0.520000 0.520000 0.520000 0.520000 0.520000 0.520000 -9999.0 -9999.0 -9999.0 -9999.0 -9999.0 -9999.0 -9999.0 -9999.0 -9999.0 -9999.0 -9999.0 -9999.0 -9999.0 -9999.0 -9999.0 -9999.0 -9999.0 -9999.0 -9999.0 -9999.0 -9999.0 -9999.0 -9999.0 -9999.0 -9999.0 -9999.0 -9999.0 -9999.0 -9999.0 -9999.0 -9999.0 -9999.0
-9999.0 -9999.0 -9999.0 -9999.0 -9999.0 -9999.0 -9999.0 -9999.0 -9999.0 -9999.0 -9999.0 -9999.0 -9999.0 -9999.0 -9999.0 -9999.0 -9999.0 -9999.0 -9999.0 -9999.0 -9999.0 -9999.0 -9999.0 0.520000 0.520000 0.272680 0.232826 0.224623 0.365007 0.520000 0.520000 0.520000 -9999.0 -9999.0 -9999.0 -9999.0 -9999.0 -9999.0 -9999.0 -9999.0 -9999.0 -9999.0 -9999.0 -9999.0 -9999.0 -9999.0 -9999.0 -9999.0 -9999.0 -9999.0 -9999.0 -9999.0 -9999.0 -9999.0 -9999.0 -9999.0 -9999.0 -9999.0 -9999.0 -9999.0 -9999.0 -9999.0 -9999.0
-9999.0 -9999.0 -9999.0 -9999.0 -9999.0 -9999.0 -9999.0 -9999.0 -9999.0 -9999.0 -9999.0 -9999.0 -9999.0 -9999.0 -9999.0 -9999.0 -9999.0 -9999.0 0.520000 0.520000 -9999.0 0.520000 0.520000 0.310800 0.258100 0.177927 0.320816 0.340488 0.257623 0.279543 0.520000 0.520000 0.075487 0.100655 -9999.0 -9999.0 -9999.0 -9999.0 -9999.0 -9999.0 -9999.0 -9999.0 -9999.0 -9999.0 -9999.0 -9999.0 -9999.0 -9999.0 -9999.0 -9999.0 -9999.0 -9999.0 -9999.0 -9999.0 -9999.0 -9999.0 -9999.0 -9999.0 -9999.0 -9999.0 -9999.0 -9999.0 -9999.0
-9999.0 -9999.0 -9999.0 -9999.0 -9999.0 -9999.0 -9999.0 -9999.0 -9999.0 -9999.0 -9999.0 -9999.0 -9999.0 -9999.0 -9999.0 -9999.0 -9999.0 0.235262 0.407849 0.020000 0.068718 0.452928 0.357843 0.226048 0.309296 0.322803 0.373031 0.504554 0.319239 0.420480 0.520000 0.520000 0.020665 0.021026 0.021355 0.021342 -9999.0 -9999.0 -9999.0 -9999.0 -9999.0 -9999.0 -9999.0 -9999.0 -9999.0 -9999.0 -9999.0 -9999.0 -9999.0 -9999.0 -9999.0 -9999.0 -9999.0 -9999.0 -9999.0 -9999.0 -9999.0 -9999.0 -9999.0 -9999.0 -9999.0 -9999.0 -9999.0
-9999.0 -9999.0 -9999.0 -9999.0 -9999.0 -9999.0 -9999.0 -9999.0 -9999.0 -9999.0 -9999.0 -9999.0 -9999.0 0.520000 0.456491 0.326436 0.270826 0.024025 0.250608 0.278163 0.341841 0.251766 0.214388 0.325323 0.361362 0.520000 0.020339 0.520000 0.414139 0.342779 0.520000 0.520000 0.520000 0.520000 0.088476 0.054668 -9999.0 -9999.0 -9999.0 -9999.0 -9999.0 -9999.0 -9999.0 -9999.0 -9999.0 -9999.0 -9999.0 -9999.0 -9999.0 -9999.0 -9999.0 -9999.0 -9999.0 -9999.0 -9999.0 -9999.0 -9999.0 -9999.0 -9999.0 -9999.0 -9999.0 -9999.0 -9999.0
-9999.0 -9999.0 -9999.0 -9999.0 -9999.0 -9999.0 -9999.0 -9999.0 -9999.0 -9999.0 -9999.0 -9999.0 -9999.0 0.520000 0.432756 0.312020 0.319787 0.520000 0.023964 0.241308 0.252704 0.472691 0.339897 0.320435 0.345562 0.452435 0.520000 0.058914 0.082740 0.520000 0.520000 0.520000 0.062671 0.047128 0.069555 -9999.0 -9999.0 -9999.0 -9999.0 -9999.0 -9999.0 -9999.0 -9999.0 -9999.0 -9999.0 -9999.0 -9999.0 -9999.0 -9999.0 -9999.0 -9999.0 -9999.0 -9999.0 -9999.0 -9999.0 -9999.0 -9999.0 -9999.0 -9999.0 -9999.0 -9999.0 -9999.0 -9999.0
-9999.0 -9999.0 -9999.0 -9999.0 -9999.0 -9999.0 -9999.0 -9999.0 -9999.0 -9999.0 -9999.0 -9999.0 -9999.0 0.400839 0.520000 0.324863 0.341937 0.310529 0.023977 0.320255 0.520000 0.020000 0.520000 0.414696 0.432496 0.520000 0.036883 0.061988 0.520000 0.065696 0.520000 0.057392 0.040301 0.053701 0.053758 -9999.0 -9999.0 -9999.0 -9999.0 -9999.0 -9999.0 -9999.0 -9999.0 -9999.0 -9999.0 -9999.0 -9999.0 -9999.0 -9999.0 -9999.0 -9999.0 -9999.0 -9999.0 -9999.0 -9999.0 -9999.0 -9999.0 -9999.0 -9999.0 -9999.0 -9999.0 -9999.0 -9999.0
-9999.0 -9999.0 -9999.0 -9999.0 -9999.0 -9999.0 -9999.0 -9999.0 -9999.0 -9999.0 -9999.0 -9999.0 0.339120 0.520000 0.378613 0.520000 0.479564 0.357848 0.520000 0.020000 0.326207 0.425228 0.520000 0.520000 0.520000 0.520000 0.520000 0.520000 0.520000 0.083745 0.520000 0.073826 0.520000 0.060743 -9999.0 -9999.0 -9999.0 -9999.0 -9999.0 -9999.0 -9999.0 -9999.0 -9999.0 -9999.0 -9999.0 -9999.0 -9999.0 -9999.0 -9999.0 -9999.0 -9999.0 -9999.0 -9999.0 -9999.0 -9999.0 -9999.0 -9999.0 -9999.0 -9999.0 -9999.0 -9999.0 -9999.0 -9999.0
-9999.0 -9999.0 -9999.0 -9999.0 -9999.0 -9999.0 -9999.0 -9999.0 -9999.0 -9999.0 -9999.0 0.520000 0.520000 0.520000 0.520000 0.520000 0.020023 0.449459 0.520000 0.021428 0.490052 0.520000 0.520000 0.520000 0.520000 0.520000 0.520000 0.520000 0.520000 0.102479 0.079475 0.520000 0.070826 0.073456 0.060706 0.053449 0.238083 0.149487 0.134647 -9999.0 -9999.0 -9999.0 0.027609 -9999.0 -9999.0 -9999.0 -9999.0 -9999.0 -9999.0 -9999.0 -9999.0 -9999.0 -9999.0 -9999.0 -9999.0 -9999.0 -9999.0 -9999.0 -9999.0 -9999.0 -9999.0 -9999.0 -9999.0
-9999.0 -9999.0 -9999.0 -9999.0 -9999.0 -9999.0 -9999.0 -9999.0 -9999.0 -9999.0 -9999.0 0.520000 0.520000 0.520000 0.520000 0.520000 0.476959 0.313895 0.520000 0.520000 0.520000 0.520000 0.520000 0.520000 0.520000 0.520000 0.520000 0.520000 0.101633 0.098623 0.520000 0.520000 0.520000 0.520000 0.520000 0.390342 0.102037 0.076694 0.076407 0.024317 0.050742 0.070619 0.520000 0.065199 -9999.0 -9999.0 -9999.0 0.520000 0.520000 0.075841 0.520000 0.085916 0.092316 0.520000 0.520000 0.101287 -9999.0 -9999.0 -9999.0 -9999.0 -9999.0 -9999.0 -9999.0
-9999.0 -9999.0 -9999.0 -9999.0 -9999.0 -9999.0 -9999.0 -9999.0 -9999.0 -9999.0 -9999.0 0.520000 0.520000 0.520000 0.520000 0.520000 0.520000 0.520000 0.520000 0.520000 0.520000 0.520000 0.520000 0.520000 0.520000 0.084004 0.520000 0.520000 0.054952 0.520000 0.063042 0.520000 0.520000 0.520000 0.081035 0.234070 0.084005 0.076937 0.067218 0.023700 0.093588 0.271739 0.422253 0.520000 0.520000 -9999.0 0.071703 0.520000 0.520000 0.520000 0.520000 0.090868 0.520000 0.520000 0.520000 0.520000 -9999.0 -9999.0 -9999.0 -9999.0 -9999.0 -9999.0 -9999.0
-9999.0 -9999.0 -9999.0 -9999.0 -9999.0 -9999.0 -9999.0 -9999.0 -9999.0 -9999.0 -9999.0 -9999.0 0.520000 0.520000 0.520000 0.520000 0.520000 0.520000 0.520000 0.520000 0.520000 0.520000 0.520000 0.520000 0.520000 0.520000 0.520000 0.520000 0.520000 0.068461 0.520000 0.520000 0.520000 0.520000 0.520000 0.216071 0.082807 0.076221 0.064716 0.070506 0.082574 0.024935 0.277620 0.520000 0.052209 0.520000 0.061479 0.520000 0.520000 0.520000 0.520000 0.520000 0.520000 0.520000 0.520000 0.520000 0.520000 -9999.0 -9999.0 -9999.0 -9999.0 -9999.0 -9999.0
-9999.0 -9999.0 -9999.0 -9999.0 -9999.0 -9999.0 -9999.0 -9999.0 -9999.0 -9999.0 -9999.0 0.520000 0.520000 0.520000 0.520000 0.520000 0.520000 0.520000 0.520000 0.422458 0.520000 0.520000 0.520000 0.520000 0.520000 0.520000 0.520000 0.520000 0.520000 0.061492 0.520000 0.520000 0.520000 0.520000 0.520000 0.383251 0.085036 0.077641 0.079094 0.069171 0.092585 0.122757 0.342559 0.022493 0.520000 0.520000 0.520000 0.058034 0.055888 0.520000 0.033249 0.520000 0.520000 0.141962 0.100446 0.075830 0.104331 -9999.0 -9999.0 -9999.0 -9999.0 -9999.0 -9999.0
-9999.0 -9999.0 -9999.0 -9999.0 -9999.0 -9999.0 -9999.0 -9999.0 -9999.0 -9999.0 0.520000 0.520000 0.520000 0.520000 0.520000 0.520000 0.520000 0.520000 0.385540 0.380015 0.520000 0.520000 0.520000 0.520000 0.520000 0.520000 0.520000 0.027775 0.520000 0.520000 0.520000 0.520000 0.520000 0.520000 0.105313 0.081157 0.221392 0.090618 0.086720 0.082389 0.092112 0.021961 0.081002 0.347406 0.520000 0.074921 0.520000 0.520000 0.520000 0.520000 0.027524 0.072172 0.109570 0.079271 0.097001 0.520000 0.520000 -9999.0 -9999.0 -9999.0 -9999.0 -9999.0 -9999.0
-9999.0 -9999.0 -9999.0 -9999.0 -9999.0 -9999.0 -9999.0 -9999.0 -9999.0 0.520000 0.520000 0.520000 0.520000 0.520000 0.520000 0.520000 0.520000 0.520000 0.466363 0.345870 0.520000 0.411867 0.520000 0.495788 0.520000 0.520000 0.520000 0.520000 0.520000 0.520000 0.520000 0.520000 0.075739 0.082924 0.070068 0.068727 0.520000 0.322099 0.300182 0.334063 0.305553 0.397415 0.430072 0.219466 0.392589 0.520000 0.520000 0.520000 0.520000 0.520000 0.520000 0.082185 0.083025 0.111059 0.102631 0.520000 0.520000 0.129166 0.114465 -9999.0 -9999.0 -9999.0 -9999.0
-9999.0 -9999.0 -9999.0 -9999.0 -9999.0 -9999.0 -9999.0 -9999.0 -9999.0 0.520000 0.520000 0.520000 0.520000 0.520000 0.520000 0.520000 0.520000 0.520000 0.441434 0.340680 0.356293 0.321547 0.520000 0.520000 0.520000 0.520000 0.520000 0.520000 0.520000 0.520000 0.520000 0.520000 0.520000 0.520000 0.520000 0.080515 0.077201 0.078213 0.520000 0.520000 0.520000 0.520000 0.344975 0.398539 0.376596 0.297731 0.355665 0.288275 0.422901 0.520000 0.520000 0.520000 0.113154 0.520000 0.167093 0.520000 0.520000 0.520000 0.122898 -9999.0 -9999.0 -9999.0 -9999.0
-9999.0 -9999.0 -9999.0 -9999.0 -9999.0 -9999.0 -9999.0 -9999.0 -9999.0 -9999.0 0.520000 0.520000 0.520000 0.520000 0.520000 0.520000 0.520000 0.520000 0.399221 0.353655 0.404564 0.520000 0.520000 0.520000 0.520000 0.520000 0.520000 0.520000 0.520000 0.520000 0.520000 0.520000 0.520000 0.520000 0.520000 0.520000 0.520000 0.520000 0.097312 0.520000 0.520000 0.520000 0.520000 0.520000 0.520000 0.520000 0.520000 0.520000 0.424360 0.520000 0.520000 0.520000 0.085750 0.095855 0.520000 0.520000 0.520000 0.520000 0.520000 0.520000 -9999.0 -9999.0 -9999.0
-9999.0 -9999.0 -9999.0 -9999.0 -9999.0 -9999.0 -9999.0 -9999.0 -9999.0 -9999.0 0.520000 0.520000 0.520000 0.520000 0.520000 0.506536 0.520000 0.416629 0.330517 0.339621 0.327148 0.381875 0.478423 0.503864 0.520000 0.487169 0.520000 0.520000 0.520000 0.520000 0.520000 0.520000 0.079179 0.520000 0.520000 0.520000 0.520000 0.520000 0.520000 0.520000 0.520000 0.137810 0.520000 0.520000 0.520000 0.520000 0.520000 0.520000 0.520000 0.520000 0.520000 0.520000 0.520000 0.108588 0.123108 0.116407 0.520000 0.520000 0.520000 0.520000 -9999.0 -9999.0 -9999.0
-9999.0 -9999.0 -9999.0 -9999.0 -9999.0 -9999.0 -9999.0 -9999.0 0.520000 0.520000 0.520000 0.520000 0.520000 0.520000 0.520000 0.520000 0.337314 0.337109 0.298351 0.320857 0.268968 0.270508 0.302182 0.339635 0.367215 0.509804 0.520000 0.520000 0.520000 0.520000 0.056696 0.520000 0.520000 0.520000 0.520000 0.520000 0.520000 0.520000 0.520000 0.075198 0.036879 0.520000 0.031288 0.064042 0.049372 0.520000 0.520000 0.520000 0.520000 0.520000 0.520000 0.520000 0.520000 0.520000 0.089535 0.520000 0.103846 0.520000 0.520000 0.520000 -9999.0 -9999.0 -9999.0
-9999.0 -9999.0 -9999.0 -9999.0 -9999.0 -9999.0 -9999.0 -9999.0 0.200000 0.520000 0.520000 0.520000 0.520000 0.520000 0.520000 0.520000 0.482122 0.383119 0.250416 0.279741 0.313040 0.223929 0.299949 0.279685 0.272645 0.520000 0.520000 0.520000 0.031057 0.520000 0.520000 0.021005 0.520000 0.020621 0.520000 0.520000 0.520000 0.520000 0.520000 0.520000 0.520000 0.200000 0.034426 0.520000 0.520000 0.520000 0.062170 0.520000 0.520000 0.520000 0.520000 0.520000 0.520000 0.520000 0.520000 0.025001 0.520000 0.520000 0.520000 0.520000 0.339038 -9999.0 -9999.0
-9999.0 -9999.0 -9999.0 -9999.0 -9999.0 -9999.0 -9999.0 -9999.0 0.520000 0.520000 0.520000 0.520000 0.520000 0.106974 0.520000 0.520000 0.466274 0.311438 0.239735 0.333619 0.239865 0.212393 0.215173 0.222398 0.296711 0.490737 0.520000 0.520000 0.071862 0.520000 0.020356 0.520000 0.520000 0.520000 0.520000 0.520000 0.520000 0.520000 0.520000 0.520000 0.520000 0.020308 0.520000 0.520000 0.520000 0.520000 0.034372 0.520000 0.520000 0.520000 0.520000 0.520000 0.520000 0.520000 0.520000 0.520000 0.520000 0.520000 0.506889 0.520000 0.390139 -9999.0 -9999.0
-9999.0 -9999.0 -9999.0 -9999.0 -9999.0 -9999.0 -9999.0 -9999.0 0.029581 0.520000 0.520000 0.083960 0.520000 0.520000 0.520000 0.520000 0.404592 0.217487 0.349984 0.242737 0.255198 0.236955 0.215800 0.237458 0.308480 0.520000 0.520000 0.520000 0.520000 0.520000 0.520000 0.520000 0.520000 0.520000 0.520000 0.520000 0.520000 0.520000 0.520000 0.520000 0.520000 0.520000 0.520000 0.061560 0.520000 0.052205 0.520000 0.057046 0.520000 0.520000 0.520000 0.520000 0.520000 0.520000 0.520000 0.520000 0.520000 0.520000 0.398785 0.389965 0.440068 0.520000 -9999.0
-9999.0 -9999.0 -9999.0 -9999.0 -9999.0 -9999.0 -9999.0 -9999.0 0.520000 0.520000 0.520000 0.520000 0.520000 0.520000 0.520000 0.488389 0.520000 0.472764 0.474231 0.359331 0.250316 0.245944 0.253707 0.268915 0.277393 0.413544 0.520000 0.520000 0.520000 0.520000 0.520000 0.520000 0.520000 0.520000 0.520000 0.520000 0.520000 0.520000 0.520000 0.520000 0.520000 0.520000 0.520000 0.520000 0.520000 0.520000 0.520000 0.520000 0.520000 0.520000 0.480832 0.319572 0.520000 0.442087 0.520000 0.520000 0.520000 0.471654 0.448843 0.439912 0.482419 0.520000 -9999.0
-9999.0 -9999.0 0.520000 0.520000 0.520000 0.520000 0.520000 0.520000 0.520000 0.520000 0.520000 0.520000 0.520000 0.520000 0.520000 0.520000 0.520000 0.520000 0.520000 0.514016 0.315257 0.229213 0.313393 0.201951 0.299967 0.310660 0.388585 0.471807 0.447528 0.520000 0.520000 0.520000 0.520000 0.520000 0.520000 0.520000 0.520000 0.520000 0.520000 0.520000 0.520000 0.520000 0.520000 0.520000 0.520000 0.520000 0.520000 0.520000 0.520000 0.378273 0.284640 0.277180 0.520000 0.520000 0.520000 0.520000 0.520000 0.520000 0.520000 0.520000 0.520000 0.520000 -9999.0
-9999.0 0.520000 0.520000 0.520000 0.520000 0.520000 0.520000 0.520000 0.520000 0.520000 0.520000 0.520000 0.520000 0.520000 0.520000 0.520000 0.520000 0.520000 0.520000 0.520000 0.284092 0.340623 0.417655 0.233150 0.201717 0.225724 0.250735 0.252926 0.373348 0.438323 0.288239 0.380297 0.520000 0.520000 0.520000 0.464586 0.520000 0.520000 0.520000 0.520000 0.520000 0.520000 0.520000 0.520000 0.520000 0.452825 0.451781 0.392373 0.339695 0.247319 0.371923 0.520000 0.520000 0.520000 0.520000 0.520000 0.520000 0.520000 0.520000 0.520000 0.520000 0.520000 -9999.0
-9999.0 0.520000 0.520000 0.520000 0.520000 0.520000 0.520000 0.520000 0.520000 0.520000 0.520000 0.520000 0.520000 0.520000 0.520000 0.520000 0.520000 0.520000 0.520000 0.520000 0.520000 0.431587 0.352525 0.374315 0.349144 0.281896 0.180448 0.189729 0.300975 0.204592 0.169387 0.181831 0.520000 0.520000 0.470716 0.432437 0.392994 0.406586 0.520000 0.390913 0.441115 0.520000 0.520000 0.282218 0.207719 0.187447 0.260715 0.341376 0.434452 0.520000 0.520000 0.520000 0.520000 0.520000 0.520000 0.520000 0.520000 0.520000 0.520000 0.520000 0.520000 -9999.0 -9999.0
-9999.0 0.520000 0.520000 0.520000 0.520000 0.520000 0.520000 0.520000 0.520000 0.520000 0.520000 0.520000 0.520000 0.520000 0.520000 0.520000 0.520000 0.520000 0.520000 0.520000 0.519383 0.428916 0.276841 0.388831 0.520000 0.364291 0.520000 0.520000 0.246096 0.326513 0.222518 0.194871 0.402744 0.405159 0.393835 0.340381 0.453643 0.447350 0.466272 0.340322 0.314608 0.470128 0.483024 0.251529 0.246324 0.411600 0.372650 0.520000 0.520000 0.520000 0.520000 0.520000 0.520000 0.520000 0.520000 0.520000 0.520000 0.520000 0.520000 -9999.0 -9999.0 -9999.0 -9999.0
