erum2020/resources/simulation/Vinschgau/output-maps/thetaiceL0008N0242.asc
ncols         63
nrows         48
xllcorner     598000.000000
yllcorner     5145000.000000
cellsize      1000.000000
NODATA_value  -9999.0
[rows 0 to 28 of 48, columns 0 to 62 of 63]
-9999.0 -9999.0 -9999.0 -9999.0 -9999.0 -9999.0 -9999.0 -9999.0 -9999.0 -9999.0 -9999.0 -9999.0 -9999.0 -9999.0 -9999.0 -9999.0 -9999.0 -9999.0 -9999.0 -9999.0 -9999.0 -9999.0 -9999.0 -9999.0 -9999.0 -9999.0 -9999.0 -9999.0 -9999.0 -9999.0 -9999.0 -9999.0 -9999.0 -9999.0 -9999.0 -9999.0 -9999.0 -9999.0 -9999.0 -9999.0 -9999.0 -9999.0 -9999.0 -9999.0 -9999.0 -9999.0 -9999.0 -9999.0 -9999.0 -9999.0 -9999.0 -9999.0 -9999.0 -9999.0 -9999.0 -9999.0 -9999.0 -9999.0 -9999.0 -9999.0 -9999.0 -9999.0 -9999.0
-9999.0 -9999.0 -9999.0 -9999.0 -9999.0 -9999.0 -9999.0 -9999.0 -9999.0 -9999.0 -9999.0 -9999.0 -9999.0 -9999.0 -9999.0 -9999.0 -9999.0 -9999.0 -9999.0 -9999.0 -9999.0 -9999.0 -9999.0 -9999.0 -9999.0 -9999.0 -9999.0 0.066228 0.066228 0.066220 0.066001 0.065966 0.065966 -9999.0 -9999.0 -9999.0 -9999.0 -9999.0 -9999.0 -9999.0 -9999.0 -9999.0 -9999.0 -9999.0 -9999.0 -9999.0 -9999.0 -9999.0 -9999.0 -9999.0 -9999.0 -9999.0 -9999.0 -9999.0 -9999.0 -9999.0 -9999.0 -9999.0 -9999.0 -9999.0 -9999.0 -9999.0 -9999.0
-9999.0 -9999.0 -9999.0 -9999.0 -9999.0 -9999.0 -9999.0 -9999.0 -9999.0 -9999.0 -9999.0 -9999.0 -9999.0 -9999.0 -9999.0 -9999.0 -9999.0 -9999.0 -9999.0 -9999.0 -9999.0 -9999.0 -9999.0 -9999.0 0.066223 0.066224 0.066217 0.066222 0.066221 0.066224 0.066078 -9999.0 -9999.0 -9999.0 -9999.0 -9999.0 -9999.0 -9999.0 -9999.0 -9999.0 -9999.0 -9999.0 -9999.0 -9999.0 -9999.0 -9999.0 -9999.0 -9999.0 -9999.0 -9999.0 -9999.0 -9999.0 -9999.0 -9999.0 -9999.0 -9999.0 -9999.0 -9999.0 -9999.0 -9999.0 -9999.0 -9999.0 -9999.0
-9999.0 -9999.0 -9999.0 -9999.0 -9999.0 -9999.0 -9999.0 -9999.0 -9999.0 -9999.0 -9999.0 -9999.0 -9999.0 -9999.0 -9999.0 -9999.0 -9999.0 -9999.0 -9999.0 -9999.0 -9999.0 -9999.0 -9999.0 0.066222 0.066214 0.001755 0.066193 0.066185 0.066206 0.066225 0.066228 0.066232 -9999.0 -9999.0 -9999.0 -9999.0 -9999.0 -9999.0 -9999.0 -9999.0 -9999.0 -9999.0 -9999.0 -9999.0 -9999.0 -9999.0 -9999.0 -9999.0 -9999.0 -9999.0 -9999.0 -9999.0 -9999.0 -9999.0 -9999.0 -9999.0 -9999.0 -9999.0 -9999.0 -9999.0 -9999.0 -9999.0 -9999.0
-9999.0 -9999.0 -9999.0 -9999.0 -9999.0 -9999.0 -9999.0 -9999.0 -9999.0 -9999.0 -9999.0 -9999.0 -9999.0 -9999.0 -9999.0 -9999.0 -9999.0 -9999.0 0.000249 0.066013 -9999.0 0.066221 0.066216 0.066031 0.066220 0.066202 0.066055 0.066055 0.072990 0.066213 0.066219 0.066229 0.066213 0.066217 -9999.0 -9999.0 -9999.0 -9999.0 -9999.0 -9999.0 -9999.0 -9999.0 -9999.0 -9999.0 -9999.0 -9999.0 -9999.0 -9999.0 -9999.0 -9999.0 -9999.0 -9999.0 -9999.0 -9999.0 -9999.0 -9999.0 -9999.0 -9999.0 -9999.0 -9999.0 -9999.0 -9999.0 -9999.0
-9999.0 -9999.0 -9999.0 -9999.0 -9999.0 -9999.0 -9999.0 -9999.0 -9999.0 -9999.0 -9999.0 -9999.0 -9999.0 -9999.0 -9999.0 -9999.0 -9999.0 0.199762 0.058568 0.066201 0.066158 0.065837 0.066188 0.066217 0.070265 0.064421 0.065530 0.066227 0.065832 0.066054 0.066223 0.066223 0.066160 0.066205 0.065983 0.065957 -9999.0 -9999.0 -9999.0 -9999.0 -9999.0 -9999.0 -9999.0 -9999.0 -9999.0 -9999.0 -9999.0 -9999.0 -9999.0 -9999.0 -9999.0 -9999.0 -9999.0 -9999.0 -9999.0 -9999.0 -9999.0 -9999.0 -9999.0 -9999.0 -9999.0 -9999.0 -9999.0
-9999.0 -9999.0 -9999.0 -9999.0 -9999.0 -9999.0 -9999.0 -9999.0 -9999.0 -9999.0 -9999.0 -9999.0 -9999.0 0.066220 0.066074 0.062620 0.059354 0.066178 0.219611 0.066197 0.066235 0.066227 0.066206 0.066241 0.064765 0.066222 0.066206 0.066229 0.066227 0.066228 0.066230 0.066230 0.066132 0.065945 0.065952 0.065955 -9999.0 -9999.0 -9999.0 -9999.0 -9999.0 -9999.0 -9999.0 -9999.0 -9999.0 -9999.0 -9999.0 -9999.0 -9999.0 -9999.0 -9999.0 -9999.0 -9999.0 -9999.0 -9999.0 -9999.0 -9999.0 -9999.0 -9999.0 -9999.0 -9999.0 -9999.0 -9999.0
-9999.0 -9999.0 -9999.0 -9999.0 -9999.0 -9999.0 -9999.0 -9999.0 -9999.0 -9999.0 -9999.0 -9999.0 -9999.0 0.066150 0.013869 0.061136 0.061345 0.049855 0.066163 0.066203 0.056993 0.066230 0.064009 0.064380 0.066222 0.066224 0.066226 0.065966 0.065956 0.066211 0.066229 0.065951 0.065952 0.065952 0.065953 -9999.0 -9999.0 -9999.0 -9999.0 -9999.0 -9999.0 -9999.0 -9999.0 -9999.0 -9999.0 -9999.0 -9999.0 -9999.0 -9999.0 -9999.0 -9999.0 -9999.0 -9999.0 -9999.0 -9999.0 -9999.0 -9999.0 -9999.0 -9999.0 -9999.0 -9999.0 -9999.0 -9999.0
-9999.0 -9999.0 -9999.0 -9999.0 -9999.0 -9999.0 -9999.0 -9999.0 -9999.0 -9999.0 -9999.0 -9999.0 -9999.0 0.066032 0.066192 0.000301 0.061316 0.062026 0.066156 0.169788 0.066166 0.066136 0.064659 0.065472 0.066217 0.066183 0.066218 0.065964 0.066226 0.065952 0.065958 0.065955 0.065956 0.065955 0.065951 -9999.0 -9999.0 -9999.0 -9999.0 -9999.0 -9999.0 -9999.0 -9999.0 -9999.0 -9999.0 -9999.0 -9999.0 -9999.0 -9999.0 -9999.0 -9999.0 -9999.0 -9999.0 -9999.0 -9999.0 -9999.0 -9999.0 -9999.0 -9999.0 -9999.0 -9999.0 -9999.0 -9999.0
-9999.0 -9999.0 -9999.0 -9999.0 -9999.0 -9999.0 -9999.0 -9999.0 -9999.0 -9999.0 -9999.0 -9999.0 0.066137 0.048829 0.002640 0.066224 0.021881 0.062085 0.073511 0.066125 0.066206 0.066225 0.066206 0.066224 0.065964 0.065976 0.066225 0.066227 0.066221 0.065959 0.065958 0.066224 0.066219 0.066005 -9999.0 -9999.0 -9999.0 -9999.0 -9999.0 -9999.0 -9999.0 -9999.0 -9999.0 -9999.0 -9999.0 -9999.0 -9999.0 -9999.0 -9999.0 -9999.0 -9999.0 -9999.0 -9999.0 -9999.0 -9999.0 -9999.0 -9999.0 -9999.0 -9999.0 -9999.0 -9999.0 -9999.0 -9999.0
-9999.0 -9999.0 -9999.0 -9999.0 -9999.0 -9999.0 -9999.0 -9999.0 -9999.0 -9999.0 -9999.0 0.066212 0.066222 0.000549 0.066225 0.066224 0.066157 0.062413 0.077141 0.066120 0.060464 0.033774 0.066220 0.066009 0.066220 0.066218 0.065971 0.066225 0.066227 0.065957 0.066214 0.066221 0.066141 0.066011 0.066186 0.066224 0.066192 0.066203 0.066225 -9999.0 -9999.0 -9999.0 0.066015 -9999.0 -9999.0 -9999.0 -9999.0 -9999.0 -9999.0 -9999.0 -9999.0 -9999.0 -9999.0 -9999.0 -9999.0 -9999.0 -9999.0 -9999.0 -9999.0 -9999.0 -9999.0 -9999.0 -9999.0
-9999.0 -9999.0 -9999.0 -9999.0 -9999.0 -9999.0 -9999.0 -9999.0 -9999.0 -9999.0 -9999.0 0.066223 0.066220 0.066186 0.066183 0.066087 0.066151 0.059738 0.078929 0.031857 0.066208 0.056823 0.066222 0.066221 0.066225 0.066013 0.066221 0.066215 0.066207 0.066002 0.066222 0.066222 0.066206 0.066217 0.066226 0.066203 0.066196 0.066067 0.066156 0.066213 0.066196 0.066148 0.066202 0.066005 -9999.0 -9999.0 -9999.0 0.000405 0.066212 0.066217 0.065717 0.066196 0.066194 0.000243 0.000242 0.065966 -9999.0 -9999.0 -9999.0 -9999.0 -9999.0 -9999.0 -9999.0
-9999.0 -9999.0 -9999.0 -9999.0 -9999.0 -9999.0 -9999.0 -9999.0 -9999.0 -9999.0 -9999.0 0.066217 0.066224 0.066196 0.065864 0.066192 0.066192 0.062698 0.066208 0.078928 0.065626 0.066201 0.066189 0.066220 0.066003 0.066198 0.066206 0.066203 0.065999 0.066036 0.065979 0.066203 0.066218 0.066221 0.066119 0.066215 0.066185 0.066147 0.065884 0.066149 0.066221 0.066197 0.066198 0.066221 0.066231 -9999.0 0.066044 0.066233 0.066153 0.064475 0.066072 0.066134 0.026989 0.000000 0.001031 0.000063 -9999.0 -9999.0 -9999.0 -9999.0 -9999.0 -9999.0 -9999.0
-9999.0 -9999.0 -9999.0 -9999.0 -9999.0 -9999.0 -9999.0 -9999.0 -9999.0 -9999.0 -9999.0 -9999.0 0.066222 0.065941 0.050873 0.066156 0.064174 0.063161 0.070338 0.103467 0.061460 0.066181 0.066184 0.066195 0.066217 0.066206 0.050153 0.065990 0.066036 0.066220 0.066223 0.066223 0.066221 0.066224 0.066078 0.066208 0.066146 0.066199 0.065795 0.066150 0.066232 0.066196 0.066206 0.066235 0.066212 0.066229 0.066224 0.066221 0.066220 0.066193 0.065039 0.065723 0.000383 0.000933 0.066188 0.066183 0.019753 -9999.0 -9999.0 -9999.0 -9999.0 -9999.0 -9999.0
-9999.0 -9999.0 -9999.0 -9999.0 -9999.0 -9999.0 -9999.0 -9999.0 -9999.0 -9999.0 -9999.0 0.065440 0.066212 0.066201 0.066148 0.066146 0.066162 0.063814 0.066229 0.170745 0.060919 0.061936 0.066200 0.066195 0.066203 0.066170 0.066004 0.065997 0.066217 0.066208 0.066212 0.066221 0.066229 0.066227 0.065981 0.066216 0.066151 0.066103 0.202955 0.065788 0.066209 0.066082 0.066160 0.066157 0.066223 0.066228 0.066219 0.066213 0.066212 0.066210 0.066059 0.066171 0.066217 0.065995 0.066059 0.065995 0.066163 -9999.0 -9999.0 -9999.0 -9999.0 -9999.0 -9999.0
-9999.0 -9999.0 -9999.0 -9999.0 -9999.0 -9999.0 -9999.0 -9999.0 -9999.0 -9999.0 0.043224 0.066139 0.062944 0.066216 0.033027 0.066178 0.066229 0.064798 0.062039 0.117937 0.056956 0.000589 0.063588 0.037007 0.066208 0.065933 0.066197 0.066076 0.066189 0.066193 0.066219 0.066229 0.066225 0.066047 0.065958 0.066190 0.066181 0.066178 0.063165 0.065987 0.065816 0.066187 0.066000 0.278389 0.066225 0.066208 0.066218 0.066199 0.066221 0.066213 0.066076 0.066004 0.066049 0.065998 0.066013 0.000808 0.000379 -9999.0 -9999.0 -9999.0 -9999.0 -9999.0 -9999.0
-9999.0 -9999.0 -9999.0 -9999.0 -9999.0 -9999.0 -9999.0 -9999.0 -9999.0 0.066195 0.046599 0.052398 0.066177 0.066163 0.011275 0.066225 0.066221 0.037794 0.060491 0.150724 0.096753 0.061538 0.061850 0.066208 0.065972 0.065976 0.066195 0.066173 0.066209 0.066221 0.066227 0.065826 0.065963 0.065962 0.066044 0.065996 0.066230 0.066221 0.066204 0.066235 0.063474 0.066065 0.065926 0.060930 0.059188 0.066214 0.066218 0.066199 0.066201 0.067461 0.066187 0.066207 0.065999 0.066051 0.066136 0.066135 0.000660 0.054257 0.063823 -9999.0 -9999.0 -9999.0 -9999.0
-9999.0 -9999.0 -9999.0 -9999.0 -9999.0 -9999.0 -9999.0 -9999.0 -9999.0 0.066201 0.066211 0.066216 0.066212 0.066174 0.065969 0.066100 0.000133 0.066203 0.059045 0.104500 0.105924 0.065441 0.066034 0.066010 0.065989 0.066209 0.066211 0.066219 0.066219 0.066051 0.066228 0.065270 0.066010 0.066228 0.066225 0.066185 0.066208 0.066204 0.065997 0.066230 0.066058 0.066185 0.066220 0.066222 0.214630 0.067869 0.065780 0.066191 0.066206 0.066219 0.065671 0.066188 0.066027 0.066022 0.066018 0.004634 0.027854 0.020573 0.056736 -9999.0 -9999.0 -9999.0 -9999.0
-9999.0 -9999.0 -9999.0 -9999.0 -9999.0 -9999.0 -9999.0 -9999.0 -9999.0 -9999.0 0.066217 0.066216 0.066224 0.137338 0.066200 0.065683 0.061765 0.066216 0.056675 0.071808 0.060588 0.062128 0.064712 0.065153 0.066212 0.066216 0.066191 0.065896 0.066228 0.066110 0.066067 0.066027 0.066086 0.066000 0.066217 0.066224 0.066227 0.066227 0.066223 0.065989 0.065973 0.066227 0.066230 0.066226 0.065658 0.064946 0.062460 0.070267 0.065669 0.066213 0.065131 0.066162 0.066201 0.066027 0.066201 0.066094 0.066156 0.066172 0.066171 0.001106 -9999.0 -9999.0 -9999.0
-9999.0 -9999.0 -9999.0 -9999.0 -9999.0 -9999.0 -9999.0 -9999.0 -9999.0 -9999.0 0.066218 0.066218 0.066219 0.066142 0.049891 0.061566 0.062225 0.061510 0.056069 0.050481 0.059107 0.061063 0.062041 0.066207 0.066211 0.066060 0.067642 0.064789 0.065860 0.066102 0.066005 0.066227 0.066086 0.066002 0.066005 0.066212 0.066217 0.066216 0.066206 0.066023 0.066229 0.066229 0.066229 0.066033 0.063181 0.065788 0.066217 0.065553 0.060413 0.066088 0.066167 0.066133 0.063680 0.066198 0.065988 0.066173 0.066184 0.033416 0.058466 0.075541 -9999.0 -9999.0 -9999.0
-9999.0 -9999.0 -9999.0 -9999.0 -9999.0 -9999.0 -9999.0 -9999.0 0.058101 0.066092 0.066185 0.066221 0.066220 0.066219 0.064734 0.151715 0.058640 0.065282 0.007595 0.005830 0.055424 0.057336 0.059407 0.060741 0.066207 0.060354 0.070540 0.065966 0.066226 0.066164 0.065976 0.066008 0.066066 0.066107 0.066228 0.065990 0.066225 0.066211 0.065781 0.066224 0.066051 0.066222 0.066031 0.065979 0.066219 0.066133 0.066033 0.066076 0.064499 0.193138 0.066229 0.064285 0.052980 0.066160 0.066170 0.016515 0.064662 0.000133 0.066206 0.054304 -9999.0 -9999.0 -9999.0
-9999.0 -9999.0 -9999.0 -9999.0 -9999.0 -9999.0 -9999.0 -9999.0 0.066175 0.065823 0.066193 0.066075 0.066203 0.066224 0.064882 0.064160 0.062315 0.062779 0.046238 0.001205 0.012057 0.035316 0.066205 0.065468 0.057590 0.057848 0.065402 0.066220 0.066076 0.066226 0.066227 0.066209 0.066223 0.066227 0.066190 0.066183 0.066205 0.066210 0.066211 0.066218 0.066115 0.065987 0.066008 0.066196 0.066155 0.066197 0.066044 0.066045 0.066222 0.061782 0.066140 0.066196 0.065598 0.000151 0.066187 0.066202 0.066199 0.066209 0.065717 0.000233 0.000225 -9999.0 -9999.0
-9999.0 -9999.0 -9999.0 -9999.0 -9999.0 -9999.0 -9999.0 -9999.0 0.066207 0.066217 0.065596 0.066197 0.066206 0.066134 0.045665 0.063249 0.060751 0.066147 0.054611 0.031281 0.000420 0.038894 0.061296 0.065625 0.032885 0.061294 0.063826 0.065508 0.066090 0.066208 0.066212 0.066178 0.066210 0.066197 0.065649 0.066142 0.066219 0.063096 0.065678 0.066220 0.066223 0.066223 0.065574 0.066220 0.066224 0.066224 0.066210 0.025965 0.066213 0.064607 0.089808 0.066227 0.064854 0.065558 0.066222 0.066233 0.066020 0.065742 0.065596 0.010043 0.000209 -9999.0 -9999.0
-9999.0 -9999.0 -9999.0 -9999.0 -9999.0 -9999.0 -9999.0 -9999.0 0.065980 0.066218 0.000340 0.066166 0.027152 0.000736 0.063018 0.060630 0.056079 0.054034 0.175911 0.018834 0.016199 0.000341 0.000534 0.003233 0.063365 0.063393 0.064763 0.064623 0.063766 0.066201 0.066189 0.066197 0.066204 0.066207 0.066214 0.066199 0.066190 0.063065 0.065187 0.066206 0.066199 0.066071 0.065951 0.066198 0.054179 0.066205 0.057348 0.066182 0.055384 0.066202 0.064657 0.055454 0.066188 0.074172 0.066194 0.066071 0.065826 0.085459 0.000218 0.000213 0.047131 0.000173 -9999.0
-9999.0 -9999.0 -9999.0 -9999.0 -9999.0 -9999.0 -9999.0 -9999.0 0.066221 0.066201 0.000632 0.063840 0.062847 0.062033 0.066170 0.068745 0.147936 0.063321 0.064492 0.062781 0.059293 0.000491 0.000502 0.052717 0.066201 0.062093 0.063714 0.066152 0.066224 0.066223 0.064283 0.065233 0.066177 0.066168 0.066191 0.066184 0.066199 0.062307 0.062612 0.066184 0.066183 0.066164 0.066206 0.066190 0.066196 0.066044 0.066198 0.066207 0.066216 0.066199 0.066108 0.057301 0.056631 0.066056 0.066021 0.101546 0.000527 0.000347 0.045087 0.065488 0.060287 0.000033 -9999.0
-9999.0 -9999.0 0.066205 0.066188 0.066214 0.066198 0.066094 0.066199 0.066205 0.066190 0.066205 0.087673 0.062425 0.066130 0.065892 0.084090 0.064398 0.065949 0.066222 0.064117 0.062231 0.053294 0.000630 0.149486 0.124438 0.060186 0.061176 0.061431 0.058946 0.066234 0.062708 0.062984 0.065454 0.061121 0.066196 0.062841 0.066063 0.061394 0.062770 0.064570 0.066211 0.066199 0.060320 0.066223 0.063182 0.066204 0.066207 0.066069 0.065860 0.065804 0.065801 0.074744 0.000582 0.001356 0.008601 0.068909 0.125429 0.074643 0.066194 0.061493 0.000013 0.000012 -9999.0
-9999.0 0.065937 0.066008 0.065858 0.066126 0.058664 0.066211 0.066218 0.066220 0.066223 0.066210 0.028602 0.005900 0.000218 0.000228 0.064582 0.066221 0.066217 0.027442 0.062841 0.060110 0.057044 0.124040 0.002278 0.069196 0.066692 0.067508 0.067500 0.065828 0.068600 0.065864 0.066179 0.066171 0.071665 0.065939 0.069806 0.065817 0.057996 0.072566 0.070043 0.065869 0.065907 0.065922 0.059057 0.059128 0.057383 0.151872 0.051612 0.065654 0.100625 0.000512 0.001075 0.123912 0.174398 0.188977 0.074842 0.001186 0.000524 0.000100 0.000082 0.000003 0.000001 -9999.0
-9999.0 0.066203 0.062603 0.058026 0.000239 0.059317 0.064629 0.066180 0.066200 0.066194 0.066158 0.040617 0.061968 0.000124 0.064356 0.065846 0.066216 0.066215 0.061022 0.062062 0.000189 0.062832 0.178412 0.153454 0.087850 0.004119 0.001473 0.000471 0.000496 0.049093 0.049242 0.052522 0.067224 0.128039 0.073505 0.053322 0.001392 0.000000 0.006162 0.016183 0.035549 0.037498 0.065622 0.045156 0.038537 0.046609 0.000185 0.000189 0.000249 0.000339 0.072474 0.066682 0.013089 0.070285 0.063279 0.000262 0.055190 0.001282 0.033650 0.000303 0.000214 -9999.0 -9999.0
-9999.0 0.066218 0.066224 0.063851 0.060586 0.000231 0.000269 0.063779 0.066101 0.065998 0.021772 0.062114 0.066117 0.000340 0.030273 0.065970 0.066215 0.066207 0.065584 0.063831 0.053296 0.063903 0.056313 0.078398 0.154091 0.013649 0.001504 0.001112 0.000765 0.000657 0.000761 0.000556 0.000572 0.104366 0.001810 0.001909 0.008345 0.018538 0.000888 0.000245 0.000224 0.000339 0.000167 0.000220 0.000241 0.000255 0.003313 0.081107 0.116683 0.061713 0.062848 0.062400 0.015432 0.000285 0.044141 0.000950 0.000716 0.000526 0.000466 -9999.0 -9999.0 -9999.0 -9999.0
