erum2020/resources/simulation/Vinschgau/output-maps/thetaliqL0004N0138.asc
ncols         63
nrows         48
xllcorner     598000.000000
yllcorner     5145000.000000
cellsize      1000.000000
NODATA_value  -9999.0
[rows 0 to 28 of 48, columns 0 to 62 of 63]
-9999.0 -9999.0 -9999.0 -9999.0 -9999.0 -9999.0 -9999.0 -9999.0 -9999.0 -9999.0 -9999.0 -9999.0 -9999.0 -9999.0 -9999.0 -9999.0 -9999.0 -9999.0 -9999.0 -9999.0 -9999.0 -9999.0 -9999.0 -9999.0 -9999.0 -9999.0 -9999.0 -9999.0 -9999.0 -9999.0 -9999.0 -9999.0 -9999.0 -9999.0 -9999.0 -9999.0 -9999.0 -9999.0 -9999.0 -9999.0 -9999.0 -9999.0 -9999.0 -9999.0 -9999.0 -9999.0 -9999.0 -9999.0 -9999.0 -9999.0 -9999.0 -9999.0 -9999.0 -9999.0 -9999.0 -9999.0 -9999.0 -9999.0 -9999.0 -9999.0 -9999.0 -9999.0 -9999.0
-9999.0 -9999.0 -9999.0 -9999.0 -9999.0 -9999.0 -9999.0 -9999.0 -9999.0 -9999.0 -9999.0 -9999.0 -9999.0 -9999.0 -9999.0 -9999.0 -9999.0 -9999.0 -9999.0 -9999.0 -9999.0 -9999.0 -9999.0 -9999.0 -9999.0 -9999.0 -9999.0 0.020075 0.040040 0.020048 0.040021 0.040014 0.040013 -9999.0 -9999.0 -9999.0 -9999.0 -9999.0 -9999.0 -9999.0 -9999.0 -9999.0 -9999.0 -9999.0 -9999.0 -9999.0 -9999.0 -9999.0 -9999.0 -9999.0 -9999.0 -9999.0 -9999.0 -9999.0 -9999.0 -9999.0 -9999.0 -9999.0 -9999.0 -9999.0 -9999.0 -9999.0 -9999.0
-9999.0 -9999.0 -9999.0 -9999.0 -9999.0 -9999.0 -9999.0 -9999.0 -9999.0 -9999.0 -9999.0 -9999.0 -9999.0 -9999.0 -9999.0 -9999.0 -9999.0 -9999.0 -9999.0 -9999.0 -9999.0 -9999.0 -9999.0 -9999.0 0.040049 0.040043 0.040041 0.040035 0.040045 0.040029 0.040032 -9999.0 -9999.0 -9999.0 -9999.0 -9999.0 -9999.0 -9999.0 -9999.0 -9999.0 -9999.0 -9999.0 -9999.0 -9999.0 -9999.0 -9999.0 -9999.0 -9999.0 -9999.0 -9999.0 -9999.0 -9999.0 -9999.0 -9999.0 -9999.0 -9999.0 -9999.0 -9999.0 -9999.0 -9999.0 -9999.0 -9999.0 -9999.0
-9999.0 -9999.0 -9999.0 -9999.0 -9999.0 -9999.0 -9999.0 -9999.0 -9999.0 -9999.0 -9999.0 -9999.0 -9999.0 -9999.0 -9999.0 -9999.0 -9999.0 -9999.0 -9999.0 -9999.0 -9999.0 -9999.0 -9999.0 0.040045 0.040050 0.042756 0.041722 0.042734 0.040052 0.040019 0.040022 0.040046 -9999.0 -9999.0 -9999.0 -9999.0 -9999.0 -9999.0 -9999.0 -9999.0 -9999.0 -9999.0 -9999.0 -9999.0 -9999.0 -9999.0 -9999.0 -9999.0 -9999.0 -9999.0 -9999.0 -9999.0 -9999.0 -9999.0 -9999.0 -9999.0 -9999.0 -9999.0 -9999.0 -9999.0 -9999.0 -9999.0 -9999.0
-9999.0 -9999.0 -9999.0 -9999.0 -9999.0 -9999.0 -9999.0 -9999.0 -9999.0 -9999.0 -9999.0 -9999.0 -9999.0 -9999.0 -9999.0 -9999.0 -9999.0 -9999.0 0.049544 0.041248 -9999.0 0.040051 0.040051 0.046800 0.044940 0.040015 0.040155 0.040211 0.040654 0.040052 0.040017 0.040028 0.020034 0.020029 -9999.0 -9999.0 -9999.0 -9999.0 -9999.0 -9999.0 -9999.0 -9999.0 -9999.0 -9999.0 -9999.0 -9999.0 -9999.0 -9999.0 -9999.0 -9999.0 -9999.0 -9999.0 -9999.0 -9999.0 -9999.0 -9999.0 -9999.0 -9999.0 -9999.0 -9999.0 -9999.0 -9999.0 -9999.0
-9999.0 -9999.0 -9999.0 -9999.0 -9999.0 -9999.0 -9999.0 -9999.0 -9999.0 -9999.0 -9999.0 -9999.0 -9999.0 -9999.0 -9999.0 -9999.0 -9999.0 0.041153 0.040130 0.020089 0.020094 0.040367 0.040240 0.040065 0.041079 0.040060 0.040049 0.040050 0.040047 0.040095 0.040053 0.040018 0.020035 0.020031 0.020039 0.020027 -9999.0 -9999.0 -9999.0 -9999.0 -9999.0 -9999.0 -9999.0 -9999.0 -9999.0 -9999.0 -9999.0 -9999.0 -9999.0 -9999.0 -9999.0 -9999.0 -9999.0 -9999.0 -9999.0 -9999.0 -9999.0 -9999.0 -9999.0 -9999.0 -9999.0 -9999.0 -9999.0
-9999.0 -9999.0 -9999.0 -9999.0 -9999.0 -9999.0 -9999.0 -9999.0 -9999.0 -9999.0 -9999.0 -9999.0 -9999.0 0.040068 0.041978 0.042500 0.047886 0.021755 0.040675 0.040631 0.042051 0.042200 0.040059 0.044234 0.040048 0.040050 0.020059 0.040050 0.040047 0.040047 0.040050 0.040047 0.040025 0.040010 0.020024 0.020024 -9999.0 -9999.0 -9999.0 -9999.0 -9999.0 -9999.0 -9999.0 -9999.0 -9999.0 -9999.0 -9999.0 -9999.0 -9999.0 -9999.0 -9999.0 -9999.0 -9999.0 -9999.0 -9999.0 -9999.0 -9999.0 -9999.0 -9999.0 -9999.0 -9999.0 -9999.0 -9999.0
-9999.0 -9999.0 -9999.0 -9999.0 -9999.0 -9999.0 -9999.0 -9999.0 -9999.0 -9999.0 -9999.0 -9999.0 -9999.0 0.040210 0.052359 0.043963 0.043854 0.052001 0.021367 0.042603 0.040023 0.040150 0.041510 0.040075 0.040068 0.040060 0.040035 0.020033 0.020031 0.040036 0.040046 0.040011 0.020024 0.020022 0.020023 -9999.0 -9999.0 -9999.0 -9999.0 -9999.0 -9999.0 -9999.0 -9999.0 -9999.0 -9999.0 -9999.0 -9999.0 -9999.0 -9999.0 -9999.0 -9999.0 -9999.0 -9999.0 -9999.0 -9999.0 -9999.0 -9999.0 -9999.0 -9999.0 -9999.0 -9999.0 -9999.0 -9999.0
-9999.0 -9999.0 -9999.0 -9999.0 -9999.0 -9999.0 -9999.0 -9999.0 -9999.0 -9999.0 -9999.0 -9999.0 -9999.0 0.042358 0.045293 0.052351 0.042666 0.047091 0.021526 0.048005 0.043385 0.020060 0.040071 0.040055 0.040062 0.040163 0.020063 0.020032 0.040031 0.020027 0.040012 0.020024 0.020023 0.020022 0.020021 -9999.0 -9999.0 -9999.0 -9999.0 -9999.0 -9999.0 -9999.0 -9999.0 -9999.0 -9999.0 -9999.0 -9999.0 -9999.0 -9999.0 -9999.0 -9999.0 -9999.0 -9999.0 -9999.0 -9999.0 -9999.0 -9999.0 -9999.0 -9999.0 -9999.0 -9999.0 -9999.0 -9999.0
-9999.0 -9999.0 -9999.0 -9999.0 -9999.0 -9999.0 -9999.0 -9999.0 -9999.0 -9999.0 -9999.0 -9999.0 0.040220 0.052646 0.054625 0.040080 0.043217 0.046549 0.052460 0.020116 0.040141 0.040057 0.040063 0.040052 0.040372 0.040017 0.040048 0.040047 0.040029 0.020029 0.040011 0.020037 0.040014 0.020025 -9999.0 -9999.0 -9999.0 -9999.0 -9999.0 -9999.0 -9999.0 -9999.0 -9999.0 -9999.0 -9999.0 -9999.0 -9999.0 -9999.0 -9999.0 -9999.0 -9999.0 -9999.0 -9999.0 -9999.0 -9999.0 -9999.0 -9999.0 -9999.0 -9999.0 -9999.0 -9999.0 -9999.0 -9999.0
-9999.0 -9999.0 -9999.0 -9999.0 -9999.0 -9999.0 -9999.0 -9999.0 -9999.0 -9999.0 -9999.0 0.040069 0.040082 0.045956 0.040071 0.040066 0.020059 0.042657 0.052489 0.020221 0.040085 0.042253 0.040066 0.040029 0.040060 0.040054 0.040015 0.040049 0.040048 0.020027 0.020053 0.040019 0.020033 0.020022 0.020022 0.020018 0.040004 0.040003 0.040003 -9999.0 -9999.0 -9999.0 0.020022 -9999.0 -9999.0 -9999.0 -9999.0 -9999.0 -9999.0 -9999.0 -9999.0 -9999.0 -9999.0 -9999.0 -9999.0 -9999.0 -9999.0 -9999.0 -9999.0 -9999.0 -9999.0 -9999.0 -9999.0
-9999.0 -9999.0 -9999.0 -9999.0 -9999.0 -9999.0 -9999.0 -9999.0 -9999.0 -9999.0 -9999.0 0.040058 0.040067 0.040242 0.040264 0.040063 0.040469 0.040325 0.052256 0.050850 0.044792 0.047953 0.040060 0.040052 0.040052 0.040035 0.040047 0.040049 0.020073 0.020032 0.040021 0.040016 0.040009 0.040014 0.040007 0.040005 0.040004 0.040004 0.040003 0.020011 0.020012 0.020016 0.040007 0.020026 -9999.0 -9999.0 -9999.0 0.040637 0.040070 0.020092 0.040164 0.020097 0.020107 0.090021 0.157872 0.020136 -9999.0 -9999.0 -9999.0 -9999.0 -9999.0 -9999.0 -9999.0
-9999.0 -9999.0 -9999.0 -9999.0 -9999.0 -9999.0 -9999.0 -9999.0 -9999.0 -9999.0 -9999.0 0.040059 0.040056 0.040049 0.040391 0.040075 0.040122 0.040409 0.052003 0.051027 0.041674 0.040085 0.040056 0.040048 0.040025 0.020057 0.040053 0.040053 0.020040 0.040028 0.020031 0.040016 0.040015 0.040009 0.020020 0.040004 0.040007 0.040029 0.040019 0.020013 0.040003 0.040004 0.040008 0.040009 0.040031 -9999.0 0.020066 0.040056 0.040084 0.040626 0.040062 0.020078 0.105885 0.366161 0.447576 0.239098 -9999.0 -9999.0 -9999.0 -9999.0 -9999.0 -9999.0 -9999.0
-9999.0 -9999.0 -9999.0 -9999.0 -9999.0 -9999.0 -9999.0 -9999.0 -9999.0 -9999.0 -9999.0 -9999.0 0.040057 0.040335 0.042991 0.040171 0.040088 0.040173 0.051826 0.049653 0.040138 0.040097 0.040252 0.040054 0.040045 0.040054 0.042037 0.040022 0.040031 0.020061 0.040036 0.040018 0.040014 0.040012 0.040007 0.040004 0.040008 0.040035 0.040062 0.040005 0.040005 0.020015 0.040006 0.040043 0.020032 0.040041 0.020077 0.040052 0.040056 0.040053 0.040652 0.040435 0.041288 0.041823 0.040068 0.040078 0.043431 -9999.0 -9999.0 -9999.0 -9999.0 -9999.0 -9999.0
-9999.0 -9999.0 -9999.0 -9999.0 -9999.0 -9999.0 -9999.0 -9999.0 -9999.0 -9999.0 -9999.0 0.040275 0.040054 0.040065 0.040120 0.040157 0.040272 0.040123 0.050948 0.050324 0.040084 0.042511 0.040358 0.040056 0.040054 0.041195 0.040279 0.040023 0.040041 0.020055 0.040036 0.040034 0.040045 0.040013 0.040006 0.040005 0.040003 0.040013 0.044279 0.040010 0.040006 0.040009 0.040010 0.020021 0.040055 0.040050 0.040046 0.020078 0.020082 0.040026 0.020092 0.040061 0.040060 0.020070 0.020110 0.020077 0.020124 -9999.0 -9999.0 -9999.0 -9999.0 -9999.0 -9999.0
-9999.0 -9999.0 -9999.0 -9999.0 -9999.0 -9999.0 -9999.0 -9999.0 -9999.0 -9999.0 0.040907 0.040088 0.040795 0.040058 0.045473 0.040446 0.040077 0.040083 0.043013 0.046340 0.045183 0.043784 0.040060 0.045218 0.040756 0.040630 0.040049 0.020037 0.040050 0.040087 0.040050 0.040058 0.040037 0.040012 0.020020 0.020019 0.040004 0.040006 0.040034 0.040066 0.040046 0.020174 0.020265 0.040731 0.040047 0.020036 0.040047 0.040037 0.040052 0.040062 0.020078 0.020074 0.020087 0.020071 0.020092 0.280666 0.265815 -9999.0 -9999.0 -9999.0 -9999.0 -9999.0 -9999.0
-9999.0 -9999.0 -9999.0 -9999.0 -9999.0 -9999.0 -9999.0 -9999.0 -9999.0 0.040057 0.040517 0.040581 0.040387 0.040058 0.041630 0.040064 0.040058 0.048632 0.040155 0.045179 0.043373 0.040056 0.040053 0.040350 0.041077 0.040046 0.040033 0.040250 0.040049 0.040097 0.040040 0.040021 0.020027 0.020024 0.020024 0.020021 0.040009 0.040006 0.040007 0.040006 0.040026 0.040018 0.040015 0.040620 0.040014 0.040023 0.042174 0.040038 0.040054 0.041661 0.040054 0.020097 0.020064 0.020116 0.020117 0.040084 0.043637 0.020233 0.020210 -9999.0 -9999.0 -9999.0 -9999.0
-9999.0 -9999.0 -9999.0 -9999.0 -9999.0 -9999.0 -9999.0 -9999.0 -9999.0 0.040061 0.040057 0.040065 0.043065 0.040313 0.040298 0.040108 0.046917 0.040093 0.040613 0.048630 0.047095 0.040094 0.043044 0.042238 0.040056 0.040043 0.040065 0.040246 0.040045 0.040374 0.040060 0.040015 0.040022 0.040036 0.040015 0.020025 0.020022 0.020023 0.040009 0.040019 0.040055 0.040017 0.040051 0.040088 0.048823 0.043227 0.040222 0.040016 0.040061 0.040116 0.040060 0.040048 0.020112 0.040082 0.020093 0.040637 0.043990 0.042816 0.020185 -9999.0 -9999.0 -9999.0 -9999.0
-9999.0 -9999.0 -9999.0 -9999.0 -9999.0 -9999.0 -9999.0 -9999.0 -9999.0 -9999.0 0.040060 0.040065 0.040067 0.040851 0.040066 0.041155 0.042187 0.044800 0.040753 0.047875 0.050359 0.040090 0.042523 0.040100 0.040042 0.040126 0.040032 0.040016 0.040063 0.040050 0.040038 0.040239 0.040022 0.040018 0.040028 0.040046 0.040042 0.040029 0.020030 0.040012 0.040011 0.040051 0.040072 0.040061 0.040022 0.040011 0.040051 0.048471 0.040103 0.040032 0.040055 0.040052 0.020098 0.020116 0.040078 0.040075 0.040096 0.040204 0.042557 0.048517 -9999.0 -9999.0 -9999.0
-9999.0 -9999.0 -9999.0 -9999.0 -9999.0 -9999.0 -9999.0 -9999.0 -9999.0 -9999.0 0.040058 0.040060 0.040056 0.041583 0.043542 0.040742 0.040082 0.041554 0.049828 0.048476 0.040143 0.040080 0.041300 0.040092 0.040133 0.040020 0.040080 0.040063 0.040048 0.040019 0.040021 0.040048 0.020039 0.040020 0.040019 0.040043 0.040030 0.040019 0.040015 0.040023 0.040051 0.020089 0.040049 0.040030 0.040326 0.040062 0.040070 0.040046 0.040161 0.040586 0.040036 0.040056 0.040181 0.020105 0.020111 0.020118 0.040076 0.045697 0.040153 0.048045 -9999.0 -9999.0 -9999.0
-9999.0 -9999.0 -9999.0 -9999.0 -9999.0 -9999.0 -9999.0 -9999.0 0.041078 0.040084 0.040054 0.040052 0.040059 0.040059 0.040366 0.041289 0.040076 0.043580 0.054739 0.054641 0.050445 0.040388 0.040031 0.040058 0.040061 0.040129 0.040541 0.040046 0.040046 0.040043 0.020031 0.040025 0.040045 0.040051 0.040052 0.040016 0.040054 0.040035 0.040015 0.020076 0.020052 0.040048 0.020043 0.020038 0.020081 0.040751 0.040053 0.040410 0.040082 0.049807 0.041178 0.040066 0.040636 0.040069 0.020104 0.280991 0.020193 0.046401 0.040060 0.047143 -9999.0 -9999.0 -9999.0
-9999.0 -9999.0 -9999.0 -9999.0 -9999.0 -9999.0 -9999.0 -9999.0 0.020092 0.040248 0.040054 0.040042 0.040054 0.040069 0.040274 0.040163 0.044628 0.043742 0.046728 0.057928 0.054920 0.051586 0.043564 0.040046 0.040216 0.042146 0.040512 0.040047 0.020050 0.040044 0.040048 0.020067 0.040050 0.020078 0.040107 0.040073 0.040058 0.040049 0.040040 0.040047 0.040050 0.020038 0.020047 0.040071 0.040070 0.040070 0.020075 0.040062 0.040069 0.044148 0.043714 0.040082 0.040142 0.279139 0.040048 0.020078 0.040058 0.040054 0.041262 0.064819 0.066166 -9999.0 -9999.0
-9999.0 -9999.0 -9999.0 -9999.0 -9999.0 -9999.0 -9999.0 -9999.0 0.040057 0.040065 0.040357 0.040054 0.040054 0.020076 0.044245 0.040048 0.040031 0.040117 0.052141 0.053606 0.058749 0.055285 0.052162 0.047338 0.047507 0.040103 0.040127 0.040048 0.020033 0.040045 0.020077 0.040051 0.040036 0.040024 0.040418 0.040214 0.040054 0.040049 0.040048 0.040047 0.040054 0.020086 0.040414 0.040055 0.040053 0.040052 0.020088 0.043089 0.040060 0.040086 0.056258 0.040123 0.040044 0.040047 0.040040 0.040092 0.043405 0.045712 0.054859 0.059511 0.067575 -9999.0 -9999.0
-9999.0 -9999.0 -9999.0 -9999.0 -9999.0 -9999.0 -9999.0 -9999.0 0.020042 0.040059 0.042609 0.020056 0.044276 0.041853 0.040082 0.040043 0.040752 0.055026 0.048203 0.059072 0.056825 0.057224 0.054945 0.048299 0.041805 0.042784 0.041700 0.040046 0.040855 0.040069 0.040045 0.040048 0.040041 0.040061 0.040052 0.040042 0.040048 0.042229 0.040042 0.040040 0.040052 0.040136 0.040147 0.020074 0.040749 0.020081 0.043736 0.020080 0.043441 0.040052 0.044200 0.053740 0.042036 0.040609 0.043836 0.045502 0.052619 0.098742 0.154071 0.068755 0.051513 0.051025 -9999.0
-9999.0 -9999.0 -9999.0 -9999.0 -9999.0 -9999.0 -9999.0 -9999.0 0.040047 0.040064 0.042593 0.043766 0.048505 0.040071 0.044527 0.048790 0.049491 0.040140 0.042877 0.041453 0.049735 0.056174 0.055564 0.050648 0.040104 0.041789 0.040040 0.041033 0.040870 0.041928 0.040054 0.041640 0.040029 0.041544 0.040042 0.040045 0.040046 0.043054 0.040022 0.040046 0.040041 0.040044 0.040044 0.040041 0.040045 0.040129 0.040049 0.040059 0.040051 0.040031 0.040440 0.040889 0.054406 0.046548 0.052842 0.056506 0.065639 0.066561 0.059269 0.048436 0.042605 0.047753 -9999.0
-9999.0 -9999.0 0.040057 0.040057 0.040056 0.040057 0.040083 0.040051 0.040050 0.040089 0.040070 0.040790 0.041029 0.044900 0.044720 0.048196 0.040084 0.040057 0.040060 0.043138 0.041413 0.056328 0.055366 0.055074 0.046520 0.040025 0.040817 0.040046 0.040018 0.042574 0.040309 0.042108 0.044579 0.040038 0.040041 0.040038 0.040048 0.040624 0.040032 0.040038 0.040038 0.040034 0.040013 0.040594 0.040048 0.040055 0.040061 0.041383 0.040116 0.044791 0.052114 0.056830 0.064335 0.062356 0.061516 0.055973 0.056810 0.056541 0.045862 0.041706 0.059816 0.052225 -9999.0
-9999.0 0.040282 0.040227 0.040219 0.040062 0.041348 0.040061 0.040053 0.040056 0.040059 0.040059 0.047637 0.045085 0.059231 0.056903 0.048550 0.040058 0.040053 0.040761 0.042758 0.040149 0.041983 0.049262 0.058461 0.049033 0.043524 0.041998 0.045063 0.040746 0.040175 0.040034 0.040049 0.040107 0.045843 0.040074 0.041323 0.040102 0.040118 0.041234 0.040611 0.040045 0.040545 0.042193 0.040049 0.040037 0.040035 0.045249 0.042135 0.049571 0.272886 0.064406 0.058905 0.055575 0.051898 0.051643 0.049706 0.047363 0.050984 0.050660 0.043959 0.052981 0.050904 -9999.0
-9999.0 0.040095 0.042002 0.042538 0.047618 0.042011 0.040050 0.040042 0.040048 0.040056 0.040051 0.044997 0.045058 0.058829 0.040092 0.040058 0.040061 0.040055 0.041874 0.040308 0.045059 0.044582 0.051128 0.048990 0.050342 0.051121 0.058690 0.053447 0.053349 0.042352 0.046927 0.042918 0.044007 0.047474 0.048677 0.048347 0.052062 0.054049 0.048502 0.048376 0.048278 0.048854 0.042556 0.050961 0.056841 0.055462 0.062254 0.065479 0.065411 0.064813 0.051325 0.044553 0.046730 0.050284 0.045333 0.043981 0.044124 0.042647 0.045310 0.080500 0.183836 -9999.0 -9999.0
-9999.0 0.040069 0.040072 0.043345 0.040054 0.050916 0.048150 0.040764 0.040065 0.040104 0.045349 0.040955 0.049285 0.044844 0.046481 0.040055 0.040058 0.040064 0.040062 0.040803 0.042406 0.040931 0.043199 0.053593 0.050535 0.049109 0.052010 0.052395 0.052746 0.052881 0.053485 0.053102 0.051833 0.046702 0.048137 0.048948 0.050414 0.049192 0.053679 0.053931 0.059040 0.055730 0.060469 0.060871 0.060254 0.059870 0.058001 0.053735 0.052029 0.047741 0.045373 0.041850 0.042667 0.046301 0.041709 0.042440 0.043839 0.044246 0.052318 -9999.0 -9999.0 -9999.0 -9999.0
