erum2020/resources/simulation/Vinschgau/output-maps/thetaliqL0004N1109.asc
ncols         63
nrows         48
xllcorner     598000.000000
yllcorner     5145000.000000
cellsize      1000.000000
NODATA_value  -9999.0
[rows 0 to 28 of 48, columns 0 to 62 of 63]
-9999.0 -9999.0 -9999.0 -9999.0 -9999.0 -9999.0 -9999.0 -9999.0 -9999.0 -9999.0 -9999.0 -9999.0 -9999.0 -9999.0 -9999.0 -9999.0 -9999.0 -9999.0 -9999.0 -9999.0 -9999.0 -9999.0 -9999.0 -9999.0 -9999.0 -9999.0 -9999.0 -9999.0 -9999.0 -9999.0 -9999.0 -9999.0 -9999.0 -9999.0 -9999.0 -9999.0 -9999.0 -9999.0 -9999.0 -9999.0 -9999.0 -9999.0 -9999.0 -9999.0 -9999.0 -9999.0 -9999.0 -9999.0 -9999.0 -9999.0 -9999.0 -9999.0 -9999.0 -9999.0 -9999.0 -9999.0 -9999.0 -9999.0 -9999.0 -9999.0 -9999.0 -9999.0 -9999.0
-9999.0 -9999.0 -9999.0 -9999.0 -9999.0 -9999.0 -9999.0 -9999.0 -9999.0 -9999.0 -9999.0 -9999.0 -9999.0 -9999.0 -9999.0 -9999.0 -9999.0 -9999.0 -9999.0 -9999.0 -9999.0 -9999.0 -9999.0 -9999.0 -9999.0 -9999.0 -9999.0 0.161718 0.072779 0.178766 0.045775 0.044512 0.040082 -9999.0 -9999.0 -9999.0 -9999.0 -9999.0 -9999.0 -9999.0 -9999.0 -9999.0 -9999.0 -9999.0 -9999.0 -9999.0 -9999.0 -9999.0 -9999.0 -9999.0 -9999.0 -9999.0 -9999.0 -9999.0 -9999.0 -9999.0 -9999.0 -9999.0 -9999.0 -9999.0 -9999.0 -9999.0 -9999.0
-9999.0 -9999.0 -9999.0 -9999.0 -9999.0 -9999.0 -9999.0 -9999.0 -9999.0 -9999.0 -9999.0 -9999.0 -9999.0 -9999.0 -9999.0 -9999.0 -9999.0 -9999.0 -9999.0 -9999.0 -9999.0 -9999.0 -9999.0 -9999.0 0.217464 0.519053 0.464236 0.519164 0.055564 0.050696 0.044338 -9999.0 -9999.0 -9999.0 -9999.0 -9999.0 -9999.0 -9999.0 -9999.0 -9999.0 -9999.0 -9999.0 -9999.0 -9999.0 -9999.0 -9999.0 -9999.0 -9999.0 -9999.0 -9999.0 -9999.0 -9999.0 -9999.0 -9999.0 -9999.0 -9999.0 -9999.0 -9999.0 -9999.0 -9999.0 -9999.0 -9999.0 -9999.0
-9999.0 -9999.0 -9999.0 -9999.0 -9999.0 -9999.0 -9999.0 -9999.0 -9999.0 -9999.0 -9999.0 -9999.0 -9999.0 -9999.0 -9999.0 -9999.0 -9999.0 -9999.0 -9999.0 -9999.0 -9999.0 -9999.0 -9999.0 0.519801 0.519975 0.155840 0.114106 0.075313 0.284515 0.519799 0.049065 0.043954 -9999.0 -9999.0 -9999.0 -9999.0 -9999.0 -9999.0 -9999.0 -9999.0 -9999.0 -9999.0 -9999.0 -9999.0 -9999.0 -9999.0 -9999.0 -9999.0 -9999.0 -9999.0 -9999.0 -9999.0 -9999.0 -9999.0 -9999.0 -9999.0 -9999.0 -9999.0 -9999.0 -9999.0 -9999.0 -9999.0 -9999.0
-9999.0 -9999.0 -9999.0 -9999.0 -9999.0 -9999.0 -9999.0 -9999.0 -9999.0 -9999.0 -9999.0 -9999.0 -9999.0 -9999.0 -9999.0 -9999.0 -9999.0 -9999.0 0.341352 0.520000 -9999.0 0.519944 0.520000 0.101588 0.184049 0.074268 0.337274 0.341505 0.402044 0.156394 0.210280 0.043658 0.083275 0.104463 -9999.0 -9999.0 -9999.0 -9999.0 -9999.0 -9999.0 -9999.0 -9999.0 -9999.0 -9999.0 -9999.0 -9999.0 -9999.0 -9999.0 -9999.0 -9999.0 -9999.0 -9999.0 -9999.0 -9999.0 -9999.0 -9999.0 -9999.0 -9999.0 -9999.0 -9999.0 -9999.0 -9999.0 -9999.0
-9999.0 -9999.0 -9999.0 -9999.0 -9999.0 -9999.0 -9999.0 -9999.0 -9999.0 -9999.0 -9999.0 -9999.0 -9999.0 -9999.0 -9999.0 -9999.0 -9999.0 0.080487 0.088044 0.021263 0.156925 0.102831 0.198708 0.304116 0.313181 0.164038 0.040560 0.137063 0.048452 0.456671 0.520000 0.267444 0.180097 0.140162 0.091403 0.097711 -9999.0 -9999.0 -9999.0 -9999.0 -9999.0 -9999.0 -9999.0 -9999.0 -9999.0 -9999.0 -9999.0 -9999.0 -9999.0 -9999.0 -9999.0 -9999.0 -9999.0 -9999.0 -9999.0 -9999.0 -9999.0 -9999.0 -9999.0 -9999.0 -9999.0 -9999.0 -9999.0
-9999.0 -9999.0 -9999.0 -9999.0 -9999.0 -9999.0 -9999.0 -9999.0 -9999.0 -9999.0 -9999.0 -9999.0 -9999.0 0.464687 0.295560 0.118239 0.078675 0.022359 0.082461 0.074900 0.137813 0.245295 0.131205 0.317578 0.115819 0.520000 0.021053 0.040271 0.049950 0.078910 0.040116 0.108381 0.049105 0.042798 0.020058 0.091349 -9999.0 -9999.0 -9999.0 -9999.0 -9999.0 -9999.0 -9999.0 -9999.0 -9999.0 -9999.0 -9999.0 -9999.0 -9999.0 -9999.0 -9999.0 -9999.0 -9999.0 -9999.0 -9999.0 -9999.0 -9999.0 -9999.0 -9999.0 -9999.0 -9999.0 -9999.0 -9999.0
-9999.0 -9999.0 -9999.0 -9999.0 -9999.0 -9999.0 -9999.0 -9999.0 -9999.0 -9999.0 -9999.0 -9999.0 -9999.0 0.439518 0.106885 0.097934 0.081691 0.200097 0.022351 0.082663 0.075920 0.103986 0.177779 0.294192 0.375677 0.089556 0.221136 0.182128 0.140105 0.040097 0.040071 0.053638 0.087443 0.020023 0.066675 -9999.0 -9999.0 -9999.0 -9999.0 -9999.0 -9999.0 -9999.0 -9999.0 -9999.0 -9999.0 -9999.0 -9999.0 -9999.0 -9999.0 -9999.0 -9999.0 -9999.0 -9999.0 -9999.0 -9999.0 -9999.0 -9999.0 -9999.0 -9999.0 -9999.0 -9999.0 -9999.0 -9999.0
-9999.0 -9999.0 -9999.0 -9999.0 -9999.0 -9999.0 -9999.0 -9999.0 -9999.0 -9999.0 -9999.0 -9999.0 -9999.0 0.086125 0.520000 0.086899 0.096292 0.086068 0.022330 0.080540 0.214449 0.060326 0.163096 0.063356 0.302460 0.469924 0.149982 0.115951 0.045194 0.020025 0.049654 0.020022 0.020021 0.020018 0.068556 -9999.0 -9999.0 -9999.0 -9999.0 -9999.0 -9999.0 -9999.0 -9999.0 -9999.0 -9999.0 -9999.0 -9999.0 -9999.0 -9999.0 -9999.0 -9999.0 -9999.0 -9999.0 -9999.0 -9999.0 -9999.0 -9999.0 -9999.0 -9999.0 -9999.0 -9999.0 -9999.0 -9999.0
-9999.0 -9999.0 -9999.0 -9999.0 -9999.0 -9999.0 -9999.0 -9999.0 -9999.0 -9999.0 -9999.0 -9999.0 0.136466 0.520000 0.091892 0.238679 0.165052 0.115213 0.175475 0.021202 0.191945 0.104760 0.047613 0.068871 0.040095 0.159382 0.040033 0.050452 0.043300 0.076179 0.040007 0.089994 0.042017 0.091730 -9999.0 -9999.0 -9999.0 -9999.0 -9999.0 -9999.0 -9999.0 -9999.0 -9999.0 -9999.0 -9999.0 -9999.0 -9999.0 -9999.0 -9999.0 -9999.0 -9999.0 -9999.0 -9999.0 -9999.0 -9999.0 -9999.0 -9999.0 -9999.0 -9999.0 -9999.0 -9999.0 -9999.0 -9999.0
-9999.0 -9999.0 -9999.0 -9999.0 -9999.0 -9999.0 -9999.0 -9999.0 -9999.0 -9999.0 -9999.0 0.498239 0.204544 0.520000 0.102264 0.384747 0.021075 0.113831 0.260480 0.042777 0.079602 0.324254 0.520000 0.443292 0.040088 0.049927 0.045749 0.043967 0.043875 0.086000 0.094780 0.043889 0.102844 0.114336 0.091035 0.158161 0.048497 0.046373 0.042843 -9999.0 -9999.0 -9999.0 0.101955 -9999.0 -9999.0 -9999.0 -9999.0 -9999.0 -9999.0 -9999.0 -9999.0 -9999.0 -9999.0 -9999.0 -9999.0 -9999.0 -9999.0 -9999.0 -9999.0 -9999.0 -9999.0 -9999.0 -9999.0
-9999.0 -9999.0 -9999.0 -9999.0 -9999.0 -9999.0 -9999.0 -9999.0 -9999.0 -9999.0 -9999.0 0.513973 0.157388 0.079501 0.075801 0.409179 0.071755 0.078420 0.196715 0.199811 0.280953 0.472901 0.520000 0.040042 0.040021 0.064281 0.061247 0.045027 0.065361 0.110722 0.048967 0.053548 0.044598 0.040124 0.043085 0.050850 0.052504 0.394286 0.091490 0.108276 0.122027 0.106687 0.044608 0.098211 -9999.0 -9999.0 -9999.0 0.041902 0.040222 0.026234 0.040052 0.020143 0.020143 0.040058 0.040011 0.020116 -9999.0 -9999.0 -9999.0 -9999.0 -9999.0 -9999.0 -9999.0
-9999.0 -9999.0 -9999.0 -9999.0 -9999.0 -9999.0 -9999.0 -9999.0 -9999.0 -9999.0 -9999.0 0.520000 0.468814 0.444920 0.375636 0.374899 0.289135 0.104830 0.114146 0.176298 0.208840 0.149864 0.040174 0.463640 0.074722 0.171137 0.040044 0.040024 0.172452 0.043355 0.132858 0.040020 0.045279 0.043025 0.090124 0.047068 0.040030 0.040040 0.339457 0.135703 0.044322 0.046871 0.048634 0.045498 0.042250 -9999.0 0.070122 0.040039 0.047618 0.044177 0.047030 0.183461 0.046511 0.045608 0.042169 0.042223 -9999.0 -9999.0 -9999.0 -9999.0 -9999.0 -9999.0 -9999.0
-9999.0 -9999.0 -9999.0 -9999.0 -9999.0 -9999.0 -9999.0 -9999.0 -9999.0 -9999.0 -9999.0 -9999.0 0.520000 0.048553 0.429245 0.426726 0.218061 0.108785 0.217127 0.191126 0.147984 0.420749 0.040085 0.040028 0.040047 0.040039 0.519990 0.125693 0.048986 0.105032 0.050917 0.040021 0.062756 0.044067 0.042391 0.048961 0.040022 0.040043 0.365188 0.450338 0.371700 0.148503 0.040029 0.518704 0.126134 0.042200 0.060653 0.042441 0.040014 0.040027 0.053048 0.040023 0.040022 0.040017 0.040014 0.040138 0.042702 -9999.0 -9999.0 -9999.0 -9999.0 -9999.0 -9999.0
-9999.0 -9999.0 -9999.0 -9999.0 -9999.0 -9999.0 -9999.0 -9999.0 -9999.0 -9999.0 -9999.0 0.040183 0.520000 0.506538 0.047667 0.254063 0.343970 0.144383 0.196817 0.137099 0.122666 0.298074 0.052938 0.040141 0.040031 0.040046 0.040040 0.050929 0.048916 0.169463 0.040029 0.040033 0.166686 0.044757 0.042579 0.045284 0.074337 0.040105 0.177277 0.302435 0.046694 0.083557 0.040207 0.023095 0.520000 0.043806 0.043934 0.153657 0.151755 0.073835 0.020053 0.045963 0.040014 0.020030 0.020026 0.020023 0.072227 -9999.0 -9999.0 -9999.0 -9999.0 -9999.0 -9999.0
-9999.0 -9999.0 -9999.0 -9999.0 -9999.0 -9999.0 -9999.0 -9999.0 -9999.0 -9999.0 0.520000 0.040319 0.520000 0.520000 0.480005 0.082471 0.072577 0.167486 0.112971 0.142155 0.258122 0.365891 0.040292 0.520000 0.050386 0.040059 0.040039 0.020040 0.316042 0.519881 0.040049 0.040046 0.138982 0.047801 0.094545 0.135933 0.090385 0.040025 0.040391 0.463681 0.489408 0.142627 0.188464 0.396398 0.055330 0.169568 0.129436 0.040031 0.040052 0.086623 0.020035 0.026767 0.020024 0.020021 0.020021 0.048567 0.048108 -9999.0 -9999.0 -9999.0 -9999.0 -9999.0 -9999.0
-9999.0 -9999.0 -9999.0 -9999.0 -9999.0 -9999.0 -9999.0 -9999.0 -9999.0 0.071197 0.519756 0.040041 0.044755 0.045315 0.040088 0.042271 0.057206 0.415801 0.100430 0.122308 0.233722 0.146343 0.216037 0.367277 0.169019 0.040075 0.040041 0.520000 0.040368 0.049734 0.192239 0.040062 0.173269 0.020021 0.125196 0.136270 0.049695 0.040020 0.040033 0.040089 0.040099 0.040353 0.040379 0.179266 0.359326 0.065717 0.520000 0.041664 0.041762 0.209487 0.040028 0.058544 0.020019 0.020044 0.020073 0.040014 0.040017 0.103483 0.020205 -9999.0 -9999.0 -9999.0 -9999.0
-9999.0 -9999.0 -9999.0 -9999.0 -9999.0 -9999.0 -9999.0 -9999.0 -9999.0 0.072751 0.138360 0.520000 0.520000 0.099593 0.054411 0.044358 0.520000 0.401336 0.091358 0.160131 0.186798 0.101558 0.366883 0.519093 0.040124 0.040053 0.043640 0.072034 0.520000 0.471146 0.520000 0.040045 0.044013 0.043665 0.042326 0.141769 0.165499 0.168251 0.082321 0.203219 0.040025 0.040046 0.048019 0.489199 0.237805 0.343389 0.380040 0.444844 0.096221 0.327758 0.040026 0.040012 0.020040 0.040019 0.020038 0.040010 0.040020 0.040023 0.188765 -9999.0 -9999.0 -9999.0 -9999.0
-9999.0 -9999.0 -9999.0 -9999.0 -9999.0 -9999.0 -9999.0 -9999.0 -9999.0 -9999.0 0.045686 0.084888 0.046311 0.040239 0.131309 0.058273 0.095465 0.332410 0.083935 0.142522 0.209440 0.081798 0.097383 0.040553 0.040158 0.049454 0.395199 0.510651 0.520000 0.040065 0.040048 0.040027 0.040023 0.044991 0.044873 0.172958 0.519967 0.519485 0.174847 0.043454 0.048107 0.519925 0.520000 0.063965 0.127288 0.172820 0.187032 0.350138 0.266512 0.293653 0.040051 0.040018 0.020064 0.020038 0.040018 0.040016 0.043609 0.040061 0.040084 0.071353 -9999.0 -9999.0 -9999.0
-9999.0 -9999.0 -9999.0 -9999.0 -9999.0 -9999.0 -9999.0 -9999.0 -9999.0 -9999.0 0.043926 0.141437 0.519956 0.055507 0.520000 0.175498 0.141198 0.137570 0.102506 0.080178 0.090715 0.120066 0.078825 0.053184 0.063012 0.520000 0.449185 0.137310 0.040092 0.040026 0.059250 0.056061 0.020036 0.043783 0.058962 0.519380 0.040063 0.040125 0.040026 0.049386 0.044072 0.199194 0.040029 0.519849 0.520000 0.040385 0.090302 0.130091 0.165523 0.354864 0.134528 0.040041 0.040018 0.020077 0.020031 0.020039 0.040251 0.040044 0.520000 0.520000 -9999.0 -9999.0 -9999.0
-9999.0 -9999.0 -9999.0 -9999.0 -9999.0 -9999.0 -9999.0 -9999.0 0.060370 0.045483 0.045760 0.048046 0.040028 0.040224 0.052863 0.284227 0.097349 0.090278 0.098789 0.073816 0.077820 0.080341 0.089995 0.118673 0.395328 0.370124 0.402830 0.040203 0.040035 0.040027 0.020024 0.051628 0.044039 0.044790 0.047351 0.137839 0.520000 0.040193 0.040032 0.152928 0.163387 0.519171 0.020054 0.174027 0.158425 0.520000 0.040036 0.042364 0.151033 0.414323 0.501523 0.040243 0.040016 0.040010 0.020047 0.042974 0.116877 0.520000 0.492771 0.223596 -9999.0 -9999.0 -9999.0
-9999.0 -9999.0 -9999.0 -9999.0 -9999.0 -9999.0 -9999.0 -9999.0 0.020047 0.040023 0.040036 0.047719 0.148057 0.040040 0.040157 0.163205 0.128824 0.112453 0.073021 0.074816 0.180287 0.116030 0.106105 0.076681 0.090606 0.171699 0.363400 0.040175 0.020039 0.049650 0.043262 0.145440 0.044014 0.149695 0.061872 0.519889 0.520000 0.079241 0.040388 0.335744 0.054722 0.020032 0.158832 0.519480 0.519889 0.040040 0.020047 0.222424 0.042013 0.362394 0.473367 0.054090 0.040015 0.042478 0.057120 0.020063 0.040061 0.084491 0.456093 0.253512 0.082052 -9999.0 -9999.0
-9999.0 -9999.0 -9999.0 -9999.0 -9999.0 -9999.0 -9999.0 -9999.0 0.056329 0.150848 0.051585 0.040023 0.047625 0.020058 0.040588 0.040208 0.235222 0.130734 0.076224 0.173419 0.074113 0.092752 0.092279 0.078207 0.154182 0.118450 0.371756 0.040098 0.020031 0.051289 0.150080 0.269971 0.040043 0.040036 0.519946 0.520000 0.077659 0.520000 0.054035 0.040031 0.099150 0.153907 0.372295 0.108995 0.040022 0.121998 0.143339 0.069741 0.040056 0.114469 0.331332 0.519797 0.040024 0.040016 0.040069 0.040369 0.520000 0.452572 0.200627 0.266006 0.198921 -9999.0 -9999.0
-9999.0 -9999.0 -9999.0 -9999.0 -9999.0 -9999.0 -9999.0 -9999.0 0.040312 0.114831 0.040048 0.020034 0.143248 0.040038 0.040298 0.305109 0.078102 0.078767 0.192438 0.078932 0.076984 0.078882 0.104777 0.086237 0.115782 0.229537 0.054741 0.040046 0.520000 0.040033 0.040053 0.040134 0.085639 0.044688 0.049586 0.481069 0.379459 0.115493 0.390176 0.060572 0.520000 0.519961 0.519866 0.154929 0.247384 0.161761 0.447552 0.161671 0.142988 0.040309 0.137080 0.329995 0.465714 0.040079 0.520000 0.520000 0.332720 0.209954 0.153991 0.206555 0.223172 0.194135 -9999.0
-9999.0 -9999.0 -9999.0 -9999.0 -9999.0 -9999.0 -9999.0 -9999.0 0.040052 0.045857 0.040036 0.040066 0.040188 0.040608 0.520000 0.346264 0.361882 0.130766 0.197535 0.111050 0.090830 0.090057 0.080405 0.080062 0.153597 0.181515 0.040119 0.064198 0.132489 0.047902 0.040353 0.325084 0.518006 0.429321 0.446071 0.350792 0.172468 0.089501 0.078852 0.427983 0.477460 0.282474 0.485914 0.109421 0.040612 0.520000 0.045904 0.040090 0.050497 0.241116 0.428058 0.178475 0.270461 0.350520 0.520000 0.520000 0.352289 0.272479 0.244691 0.190043 0.126150 0.204985 -9999.0
-9999.0 -9999.0 0.126663 0.074200 0.040018 0.040043 0.040023 0.040015 0.047440 0.044412 0.040025 0.040178 0.042810 0.082849 0.471208 0.519541 0.106418 0.040100 0.046333 0.185126 0.111637 0.109809 0.203063 0.077685 0.090773 0.120399 0.159826 0.194785 0.213185 0.481774 0.104679 0.252294 0.330336 0.132894 0.212756 0.105561 0.087626 0.076656 0.076213 0.081356 0.112730 0.195141 0.143871 0.352020 0.161910 0.225284 0.456030 0.316530 0.316575 0.280070 0.149823 0.204057 0.316547 0.355345 0.411949 0.380665 0.342663 0.280735 0.275033 0.153432 0.301515 0.222611 -9999.0
-9999.0 0.040399 0.040026 0.040023 0.040042 0.040027 0.040050 0.040032 0.040019 0.045245 0.040055 0.040178 0.152648 0.520000 0.520000 0.040480 0.040044 0.040045 0.040041 0.124235 0.117247 0.108449 0.314948 0.157260 0.086384 0.087176 0.138262 0.167640 0.120586 0.244489 0.133259 0.141956 0.162217 0.195427 0.078727 0.086254 0.074136 0.072840 0.082326 0.108780 0.077465 0.078722 0.095123 0.094895 0.104974 0.099454 0.200811 0.084319 0.082525 0.139399 0.217967 0.284164 0.343461 0.400482 0.406086 0.520000 0.399883 0.372357 0.520000 0.436642 0.344863 0.226876 -9999.0
-9999.0 0.520000 0.046469 0.046190 0.520000 0.044356 0.040032 0.040024 0.044683 0.044144 0.040040 0.040096 0.360534 0.520000 0.043259 0.040022 0.040036 0.040049 0.040379 0.073647 0.496526 0.261583 0.180261 0.324646 0.275858 0.181851 0.076681 0.077707 0.137826 0.076951 0.074156 0.075058 0.141040 0.129118 0.141200 0.092371 0.157931 0.145508 0.075094 0.074451 0.075592 0.082181 0.073335 0.077340 0.073417 0.072668 0.095928 0.131684 0.149135 0.179843 0.241785 0.239261 0.345530 0.520000 0.520000 0.065557 0.040277 0.047552 0.057174 0.041090 0.071183 -9999.0 -9999.0
-9999.0 0.520000 0.041255 0.040537 0.457034 0.520000 0.520000 0.040061 0.040046 0.040040 0.040036 0.082125 0.486963 0.520000 0.040071 0.040017 0.040026 0.040042 0.040063 0.040543 0.046468 0.068995 0.197560 0.315994 0.301952 0.211402 0.192540 0.179442 0.079178 0.127657 0.074330 0.073438 0.128947 0.121584 0.097531 0.083006 0.081156 0.141346 0.078806 0.077762 0.078354 0.153259 0.084705 0.071571 0.071896 0.109290 0.119951 0.158442 0.202997 0.151258 0.289789 0.450915 0.078703 0.116916 0.040847 0.040093 0.040089 0.040061 0.040068 -9999.0 -9999.0 -9999.0 -9999.0
