erum2020/resources/simulation/Vinschgau/output-maps/thetaliqL0005N0553.asc
ncols         63
nrows         48
xllcorner     598000.000000
yllcorner     5145000.000000
cellsize      1000.000000
NODATA_value  -9999.0
[rows 0 to 28 of 48, columns 0 to 62 of 63]
-9999.0 -9999.0 -9999.0 -9999.0 -9999.0 -9999.0 -9999.0 -9999.0 -9999.0 -9999.0 -9999.0 -9999.0 -9999.0 -9999.0 -9999.0 -9999.0 -9999.0 -9999.0 -9999.0 -9999.0 -9999.0 -9999.0 -9999.0 -9999.0 -9999.0 -9999.0 -9999.0 -9999.0 -9999.0 -9999.0 -9999.0 -9999.0 -9999.0 -9999.0 -9999.0 -9999.0 -9999.0 -9999.0 -9999.0 -9999.0 -9999.0 -9999.0 -9999.0 -9999.0 -9999.0 -9999.0 -9999.0 -9999.0 -9999.0 -9999.0 -9999.0 -9999.0 -9999.0 -9999.0 -9999.0 -9999.0 -9999.0 -9999.0 -9999.0 -9999.0 -9999.0 -9999.0 -9999.0
-9999.0 -9999.0 -9999.0 -9999.0 -9999.0 -9999.0 -9999.0 -9999.0 -9999.0 -9999.0 -9999.0 -9999.0 -9999.0 -9999.0 -9999.0 -9999.0 -9999.0 -9999.0 -9999.0 -9999.0 -9999.0 -9999.0 -9999.0 -9999.0 -9999.0 -9999.0 -9999.0 0.037337 0.430000 0.038777 0.430000 0.198559 0.200000 -9999.0 -9999.0 -9999.0 -9999.0 -9999.0 -9999.0 -9999.0 -9999.0 -9999.0 -9999.0 -9999.0 -9999.0 -9999.0 -9999.0 -9999.0 -9999.0 -9999.0 -9999.0 -9999.0 -9999.0 -9999.0 -9999.0 -9999.0 -9999.0 -9999.0 -9999.0 -9999.0 -9999.0 -9999.0 -9999.0
-9999.0 -9999.0 -9999.0 -9999.0 -9999.0 -9999.0 -9999.0 -9999.0 -9999.0 -9999.0 -9999.0 -9999.0 -9999.0 -9999.0 -9999.0 -9999.0 -9999.0 -9999.0 -9999.0 -9999.0 -9999.0 -9999.0 -9999.0 -9999.0 0.430000 0.430000 0.430000 0.430000 0.430000 0.430000 0.430000 -9999.0 -9999.0 -9999.0 -9999.0 -9999.0 -9999.0 -9999.0 -9999.0 -9999.0 -9999.0 -9999.0 -9999.0 -9999.0 -9999.0 -9999.0 -9999.0 -9999.0 -9999.0 -9999.0 -9999.0 -9999.0 -9999.0 -9999.0 -9999.0 -9999.0 -9999.0 -9999.0 -9999.0 -9999.0 -9999.0 -9999.0 -9999.0
-9999.0 -9999.0 -9999.0 -9999.0 -9999.0 -9999.0 -9999.0 -9999.0 -9999.0 -9999.0 -9999.0 -9999.0 -9999.0 -9999.0 -9999.0 -9999.0 -9999.0 -9999.0 -9999.0 -9999.0 -9999.0 -9999.0 -9999.0 0.430000 0.430000 0.172338 0.133545 0.088643 0.414318 0.430000 0.430000 0.430000 -9999.0 -9999.0 -9999.0 -9999.0 -9999.0 -9999.0 -9999.0 -9999.0 -9999.0 -9999.0 -9999.0 -9999.0 -9999.0 -9999.0 -9999.0 -9999.0 -9999.0 -9999.0 -9999.0 -9999.0 -9999.0 -9999.0 -9999.0 -9999.0 -9999.0 -9999.0 -9999.0 -9999.0 -9999.0 -9999.0 -9999.0
-9999.0 -9999.0 -9999.0 -9999.0 -9999.0 -9999.0 -9999.0 -9999.0 -9999.0 -9999.0 -9999.0 -9999.0 -9999.0 -9999.0 -9999.0 -9999.0 -9999.0 -9999.0 0.430000 0.430000 -9999.0 0.430000 0.430000 0.260608 0.170401 0.076625 0.285627 0.323431 0.288813 0.222362 0.430000 0.430000 0.038217 0.039774 -9999.0 -9999.0 -9999.0 -9999.0 -9999.0 -9999.0 -9999.0 -9999.0 -9999.0 -9999.0 -9999.0 -9999.0 -9999.0 -9999.0 -9999.0 -9999.0 -9999.0 -9999.0 -9999.0 -9999.0 -9999.0 -9999.0 -9999.0 -9999.0 -9999.0 -9999.0 -9999.0 -9999.0 -9999.0
-9999.0 -9999.0 -9999.0 -9999.0 -9999.0 -9999.0 -9999.0 -9999.0 -9999.0 -9999.0 -9999.0 -9999.0 -9999.0 -9999.0 -9999.0 -9999.0 -9999.0 0.162366 0.336308 0.020000 0.034795 0.371191 0.295408 0.106979 0.278612 0.241730 0.313234 0.331041 0.289673 0.321646 0.430000 0.430000 0.033168 0.029780 0.035895 0.037329 -9999.0 -9999.0 -9999.0 -9999.0 -9999.0 -9999.0 -9999.0 -9999.0 -9999.0 -9999.0 -9999.0 -9999.0 -9999.0 -9999.0 -9999.0 -9999.0 -9999.0 -9999.0 -9999.0 -9999.0 -9999.0 -9999.0 -9999.0 -9999.0 -9999.0 -9999.0 -9999.0
-9999.0 -9999.0 -9999.0 -9999.0 -9999.0 -9999.0 -9999.0 -9999.0 -9999.0 -9999.0 -9999.0 -9999.0 -9999.0 0.430000 0.404153 0.277126 0.202449 0.037108 0.176747 0.207484 0.274899 0.168984 0.105206 0.298318 0.286682 0.430000 0.020001 0.430000 0.310177 0.299465 0.430000 0.430000 0.430000 0.430000 0.039928 0.038887 -9999.0 -9999.0 -9999.0 -9999.0 -9999.0 -9999.0 -9999.0 -9999.0 -9999.0 -9999.0 -9999.0 -9999.0 -9999.0 -9999.0 -9999.0 -9999.0 -9999.0 -9999.0 -9999.0 -9999.0 -9999.0 -9999.0 -9999.0 -9999.0 -9999.0 -9999.0 -9999.0
-9999.0 -9999.0 -9999.0 -9999.0 -9999.0 -9999.0 -9999.0 -9999.0 -9999.0 -9999.0 -9999.0 -9999.0 -9999.0 0.430000 0.385831 0.247477 0.246655 0.430000 0.030731 0.156185 0.172960 0.391617 0.279717 0.270040 0.350093 0.364801 0.430000 0.038474 0.038744 0.428547 0.430000 0.430000 0.039276 0.039406 0.039502 -9999.0 -9999.0 -9999.0 -9999.0 -9999.0 -9999.0 -9999.0 -9999.0 -9999.0 -9999.0 -9999.0 -9999.0 -9999.0 -9999.0 -9999.0 -9999.0 -9999.0 -9999.0 -9999.0 -9999.0 -9999.0 -9999.0 -9999.0 -9999.0 -9999.0 -9999.0 -9999.0 -9999.0
-9999.0 -9999.0 -9999.0 -9999.0 -9999.0 -9999.0 -9999.0 -9999.0 -9999.0 -9999.0 -9999.0 -9999.0 -9999.0 0.353195 0.430000 0.273943 0.278605 0.241950 0.031217 0.237479 0.430000 0.020000 0.393709 0.317337 0.349558 0.430000 0.035490 0.036939 0.430000 0.037300 0.430000 0.039318 0.039437 0.039908 0.039889 -9999.0 -9999.0 -9999.0 -9999.0 -9999.0 -9999.0 -9999.0 -9999.0 -9999.0 -9999.0 -9999.0 -9999.0 -9999.0 -9999.0 -9999.0 -9999.0 -9999.0 -9999.0 -9999.0 -9999.0 -9999.0 -9999.0 -9999.0 -9999.0 -9999.0 -9999.0 -9999.0 -9999.0
-9999.0 -9999.0 -9999.0 -9999.0 -9999.0 -9999.0 -9999.0 -9999.0 -9999.0 -9999.0 -9999.0 -9999.0 0.352036 0.430000 0.374258 0.430000 0.414460 0.307360 0.428232 0.020000 0.262757 0.355911 0.080911 0.404521 0.430000 0.430000 0.430000 0.430000 0.430000 0.039549 0.430000 0.039125 0.430000 0.039353 -9999.0 -9999.0 -9999.0 -9999.0 -9999.0 -9999.0 -9999.0 -9999.0 -9999.0 -9999.0 -9999.0 -9999.0 -9999.0 -9999.0 -9999.0 -9999.0 -9999.0 -9999.0 -9999.0 -9999.0 -9999.0 -9999.0 -9999.0 -9999.0 -9999.0 -9999.0 -9999.0 -9999.0 -9999.0
-9999.0 -9999.0 -9999.0 -9999.0 -9999.0 -9999.0 -9999.0 -9999.0 -9999.0 -9999.0 -9999.0 0.430000 0.430000 0.430000 0.430000 0.430000 0.020017 0.388867 0.430000 0.020002 0.430000 0.430000 0.430000 0.430000 0.430000 0.430000 0.430000 0.430000 0.430000 0.039444 0.039101 0.430000 0.039237 0.038787 0.038103 0.037146 0.155205 0.090077 0.062726 -9999.0 -9999.0 -9999.0 0.023045 -9999.0 -9999.0 -9999.0 -9999.0 -9999.0 -9999.0 -9999.0 -9999.0 -9999.0 -9999.0 -9999.0 -9999.0 -9999.0 -9999.0 -9999.0 -9999.0 -9999.0 -9999.0 -9999.0 -9999.0
-9999.0 -9999.0 -9999.0 -9999.0 -9999.0 -9999.0 -9999.0 -9999.0 -9999.0 -9999.0 -9999.0 0.430000 0.430000 0.430000 0.430000 0.430000 0.428456 0.262586 0.430000 0.430000 0.430000 0.430000 0.430000 0.430000 0.430000 0.430000 0.430000 0.430000 0.041344 0.039350 0.430000 0.430000 0.430000 0.430000 0.430000 0.345092 0.103114 0.062733 0.062559 0.023190 0.024362 0.033774 0.430000 0.036128 -9999.0 -9999.0 -9999.0 0.430000 0.430000 0.039304 0.430000 0.039524 0.040241 0.430000 0.430000 0.040705 -9999.0 -9999.0 -9999.0 -9999.0 -9999.0 -9999.0 -9999.0
-9999.0 -9999.0 -9999.0 -9999.0 -9999.0 -9999.0 -9999.0 -9999.0 -9999.0 -9999.0 -9999.0 0.430000 0.430000 0.430000 0.430000 0.430000 0.430000 0.430000 0.430000 0.430000 0.430000 0.430000 0.430000 0.430000 0.430000 0.037098 0.430000 0.430000 0.037515 0.430000 0.038242 0.430000 0.430000 0.430000 0.035781 0.202053 0.074705 0.052291 0.055645 0.022272 0.069760 0.110957 0.386394 0.430000 0.430000 -9999.0 0.039037 0.430000 0.430000 0.430000 0.200000 0.040961 0.200000 0.430000 0.200000 0.430000 -9999.0 -9999.0 -9999.0 -9999.0 -9999.0 -9999.0 -9999.0
-9999.0 -9999.0 -9999.0 -9999.0 -9999.0 -9999.0 -9999.0 -9999.0 -9999.0 -9999.0 -9999.0 -9999.0 0.430000 0.430000 0.430000 0.430000 0.430000 0.430000 0.430000 0.430000 0.430000 0.430000 0.430000 0.430000 0.430000 0.430000 0.430000 0.199996 0.430000 0.038396 0.430000 0.430000 0.186532 0.430000 0.425860 0.215612 0.073557 0.062397 0.060799 0.040940 0.091779 0.023651 0.308333 0.430000 0.033964 0.430000 0.038809 0.430000 0.430000 0.430000 0.430000 0.430000 0.430000 0.430000 0.430000 0.430000 0.430000 -9999.0 -9999.0 -9999.0 -9999.0 -9999.0 -9999.0
-9999.0 -9999.0 -9999.0 -9999.0 -9999.0 -9999.0 -9999.0 -9999.0 -9999.0 -9999.0 -9999.0 0.430000 0.430000 0.200000 0.430000 0.430000 0.430000 0.430000 0.430000 0.368776 0.430000 0.430000 0.430000 0.430000 0.430000 0.430000 0.430000 0.430000 0.430000 0.037880 0.430000 0.430000 0.430000 0.430000 0.430000 0.325558 0.084482 0.055282 0.081523 0.063506 0.063241 0.080372 0.337757 0.020104 0.430000 0.430000 0.430000 0.036191 0.036032 0.090122 0.020007 0.430000 0.430000 0.023790 0.023231 0.039249 0.042052 -9999.0 -9999.0 -9999.0 -9999.0 -9999.0 -9999.0
-9999.0 -9999.0 -9999.0 -9999.0 -9999.0 -9999.0 -9999.0 -9999.0 -9999.0 -9999.0 0.430000 0.430000 0.430000 0.430000 0.430000 0.430000 0.430000 0.430000 0.315293 0.333841 0.430000 0.430000 0.430000 0.430000 0.430000 0.430000 0.430000 0.020104 0.200000 0.430000 0.430000 0.430000 0.430000 0.430000 0.038920 0.037677 0.196127 0.079644 0.082257 0.080722 0.066566 0.020409 0.050401 0.290934 0.412962 0.033550 0.430000 0.430000 0.430000 0.430000 0.020110 0.037704 0.020840 0.039208 0.039979 0.430000 0.430000 -9999.0 -9999.0 -9999.0 -9999.0 -9999.0 -9999.0
-9999.0 -9999.0 -9999.0 -9999.0 -9999.0 -9999.0 -9999.0 -9999.0 -9999.0 0.430000 0.430000 0.430000 0.430000 0.430000 0.430000 0.430000 0.430000 0.430000 0.391946 0.285474 0.430000 0.333308 0.430000 0.372321 0.430000 0.430000 0.430000 0.430000 0.430000 0.430000 0.430000 0.138657 0.038102 0.038651 0.038010 0.037610 0.430000 0.244804 0.083231 0.322593 0.289100 0.310214 0.336081 0.141476 0.360103 0.425108 0.430000 0.418334 0.430000 0.430000 0.109578 0.039104 0.039863 0.041628 0.041319 0.430000 0.430000 0.076222 0.044849 -9999.0 -9999.0 -9999.0 -9999.0
-9999.0 -9999.0 -9999.0 -9999.0 -9999.0 -9999.0 -9999.0 -9999.0 -9999.0 0.200000 0.430000 0.430000 0.430000 0.430000 0.430000 0.430000 0.430000 0.430000 0.378229 0.283095 0.303711 0.277860 0.389194 0.430000 0.430000 0.430000 0.430000 0.430000 0.430000 0.430000 0.430000 0.430000 0.430000 0.430000 0.430000 0.033492 0.033124 0.034404 0.430000 0.430000 0.406148 0.430000 0.232172 0.344373 0.273328 0.256079 0.301115 0.213682 0.349246 0.430000 0.142116 0.430000 0.043651 0.430000 0.087316 0.430000 0.430000 0.430000 0.065811 -9999.0 -9999.0 -9999.0 -9999.0
-9999.0 -9999.0 -9999.0 -9999.0 -9999.0 -9999.0 -9999.0 -9999.0 -9999.0 -9999.0 0.430000 0.430000 0.430000 0.430000 0.430000 0.430000 0.430000 0.430000 0.358447 0.286668 0.351100 0.430000 0.430000 0.430000 0.430000 0.430000 0.430000 0.430000 0.430000 0.430000 0.430000 0.430000 0.430000 0.430000 0.430000 0.430000 0.430000 0.430000 0.036339 0.430000 0.430000 0.430000 0.430000 0.430000 0.430000 0.418054 0.430000 0.380306 0.318444 0.430000 0.138845 0.114994 0.039551 0.041331 0.430000 0.430000 0.430000 0.430000 0.430000 0.430000 -9999.0 -9999.0 -9999.0
-9999.0 -9999.0 -9999.0 -9999.0 -9999.0 -9999.0 -9999.0 -9999.0 -9999.0 -9999.0 0.430000 0.430000 0.430000 0.430000 0.430000 0.416873 0.430000 0.348975 0.256543 0.269435 0.247546 0.314422 0.398072 0.401062 0.430000 0.406499 0.430000 0.430000 0.430000 0.430000 0.430000 0.430000 0.020031 0.430000 0.430000 0.430000 0.430000 0.430000 0.430000 0.430000 0.430000 0.073561 0.430000 0.430000 0.430000 0.135766 0.430000 0.430000 0.430000 0.430000 0.430000 0.430000 0.430000 0.042314 0.049239 0.045961 0.430000 0.430000 0.430000 0.430000 -9999.0 -9999.0 -9999.0
-9999.0 -9999.0 -9999.0 -9999.0 -9999.0 -9999.0 -9999.0 -9999.0 0.430000 0.430000 0.199652 0.430000 0.430000 0.430000 0.430000 0.393548 0.289170 0.287900 0.225701 0.249959 0.187049 0.191006 0.234417 0.253768 0.288031 0.397872 0.430000 0.430000 0.430000 0.430000 0.037330 0.430000 0.430000 0.430000 0.430000 0.430000 0.430000 0.430000 0.430000 0.037253 0.037579 0.430000 0.020111 0.037902 0.037089 0.430000 0.430000 0.430000 0.430000 0.430000 0.430000 0.144798 0.430000 0.430000 0.038968 0.200000 0.071438 0.430000 0.430000 0.430000 -9999.0 -9999.0 -9999.0
-9999.0 -9999.0 -9999.0 -9999.0 -9999.0 -9999.0 -9999.0 -9999.0 0.200000 0.430000 0.430000 0.430000 0.430000 0.430000 0.430000 0.430000 0.415545 0.327601 0.178752 0.208292 0.269715 0.171745 0.264637 0.232439 0.174572 0.370154 0.430000 0.430000 0.020083 0.430000 0.430000 0.035445 0.430000 0.035875 0.430000 0.430000 0.430000 0.430000 0.430000 0.430000 0.430000 0.164462 0.037819 0.430000 0.430000 0.430000 0.021450 0.430000 0.430000 0.430000 0.430000 0.430000 0.430000 0.430000 0.200000 0.020119 0.430000 0.430000 0.430000 0.430000 0.274648 -9999.0 -9999.0
-9999.0 -9999.0 -9999.0 -9999.0 -9999.0 -9999.0 -9999.0 -9999.0 0.430000 0.430000 0.430000 0.430000 0.430000 0.020045 0.430000 0.430000 0.382019 0.243176 0.156546 0.287973 0.174913 0.157390 0.161211 0.142764 0.264295 0.370185 0.430000 0.430000 0.020121 0.430000 0.034710 0.430000 0.430000 0.102711 0.430000 0.430000 0.430000 0.430000 0.430000 0.430000 0.430000 0.036736 0.430000 0.430000 0.430000 0.430000 0.036132 0.430000 0.430000 0.430000 0.430000 0.430000 0.430000 0.430000 0.430000 0.430000 0.430000 0.430000 0.430000 0.430000 0.360504 -9999.0 -9999.0
-9999.0 -9999.0 -9999.0 -9999.0 -9999.0 -9999.0 -9999.0 -9999.0 0.037344 0.430000 0.430000 0.020047 0.430000 0.430000 0.140401 0.430000 0.385182 0.164459 0.305164 0.169832 0.187886 0.178815 0.172219 0.197800 0.245852 0.404202 0.430000 0.430000 0.430000 0.430000 0.430000 0.430000 0.104966 0.430000 0.102774 0.430000 0.430000 0.430000 0.430000 0.430000 0.430000 0.430000 0.430000 0.035948 0.430000 0.036056 0.200000 0.036641 0.430000 0.430000 0.430000 0.430000 0.430000 0.430000 0.430000 0.430000 0.430000 0.430000 0.430000 0.382790 0.429997 0.430000 -9999.0
-9999.0 -9999.0 -9999.0 -9999.0 -9999.0 -9999.0 -9999.0 -9999.0 0.430000 0.430000 0.430000 0.430000 0.430000 0.430000 0.430000 0.420469 0.416366 0.386462 0.405248 0.328452 0.181989 0.187760 0.199977 0.221505 0.238339 0.343387 0.430000 0.430000 0.430000 0.430000 0.430000 0.430000 0.430000 0.430000 0.430000 0.430000 0.430000 0.430000 0.430000 0.430000 0.430000 0.108357 0.430000 0.107417 0.430000 0.430000 0.430000 0.430000 0.430000 0.430000 0.430000 0.315023 0.430000 0.430000 0.430000 0.430000 0.430000 0.430000 0.430000 0.430000 0.430000 0.430000 -9999.0
-9999.0 -9999.0 0.199496 0.430000 0.430000 0.430000 0.430000 0.430000 0.430000 0.430000 0.430000 0.430000 0.430000 0.430000 0.430000 0.430000 0.430000 0.430000 0.430000 0.429024 0.273882 0.201428 0.289758 0.149033 0.239892 0.234208 0.317879 0.366553 0.410177 0.430000 0.430000 0.430000 0.430000 0.430000 0.430000 0.430000 0.430000 0.430000 0.430000 0.430000 0.430000 0.430000 0.430000 0.430000 0.430000 0.430000 0.430000 0.430000 0.430000 0.399005 0.306828 0.277507 0.430000 0.430000 0.430000 0.430000 0.430000 0.430000 0.430000 0.430000 0.430000 0.430000 -9999.0
-9999.0 0.430000 0.430000 0.430000 0.430000 0.430000 0.430000 0.430000 0.430000 0.430000 0.430000 0.430000 0.430000 0.430000 0.430000 0.430000 0.430000 0.430000 0.430000 0.424242 0.220807 0.378458 0.430000 0.205462 0.173357 0.165322 0.212476 0.216929 0.402375 0.394741 0.210018 0.335535 0.430000 0.430000 0.430000 0.347519 0.413624 0.418273 0.430000 0.430000 0.430000 0.430000 0.430000 0.430000 0.408919 0.383415 0.396170 0.360863 0.394376 0.259450 0.359510 0.430000 0.430000 0.430000 0.430000 0.430000 0.430000 0.430000 0.430000 0.430000 0.430000 0.430000 -9999.0
-9999.0 0.430000 0.430000 0.430000 0.430000 0.430000 0.430000 0.430000 0.430000 0.197177 0.430000 0.430000 0.430000 0.430000 0.430000 0.430000 0.430000 0.430000 0.430000 0.430000 0.430000 0.430000 0.392488 0.389837 0.332882 0.259853 0.124808 0.122843 0.287499 0.196290 0.100824 0.114441 0.430000 0.430000 0.430000 0.430000 0.360031 0.391564 0.430000 0.316148 0.430000 0.430000 0.430000 0.214242 0.148343 0.125766 0.266925 0.358725 0.366765 0.430000 0.430000 0.430000 0.430000 0.430000 0.430000 0.430000 0.430000 0.430000 0.430000 0.430000 0.430000 -9999.0 -9999.0
-9999.0 0.200000 0.430000 0.430000 0.430000 0.430000 0.430000 0.430000 0.430000 0.430000 0.430000 0.430000 0.430000 0.430000 0.430000 0.430000 0.430000 0.430000 0.430000 0.430000 0.430000 0.388343 0.242126 0.392036 0.430000 0.358415 0.430000 0.430000 0.191146 0.323561 0.168640 0.146307 0.421351 0.430000 0.411232 0.294773 0.410832 0.384662 0.408217 0.281574 0.265932 0.421367 0.380344 0.197609 0.191991 0.393018 0.382932 0.430000 0.430000 0.430000 0.430000 0.430000 0.430000 0.430000 0.430000 0.430000 0.430000 0.430000 0.430000 -9999.0 -9999.0 -9999.0 -9999.0
