erum2020/resources/simulation/Vinschgau/output-maps/TL0003N0320.asc
ncols         63
nrows         48
xllcorner     598000.000000
yllcorner     5145000.000000
cellsize      1000.000000
NODATA_value  -9999.0
[rows 0 to 27 of 48, columns 0 to 62 of 63]
-9999.0 -9999.0 -9999.0 -9999.0 -9999.0 -9999.0 -9999.0 -9999.0 -9999.0 -9999.0 -9999.0 -9999.0 -9999.0 -9999.0 -9999.0 -9999.0 -9999.0 -9999.0 -9999.0 -9999.0 -9999.0 -9999.0 -9999.0 -9999.0 -9999.0 -9999.0 -9999.0 -9999.0 -9999.0 -9999.0 -9999.0 -9999.0 -9999.0 -9999.0 -9999.0 -9999.0 -9999.0 -9999.0 -9999.0 -9999.0 -9999.0 -9999.0 -9999.0 -9999.0 -9999.0 -9999.0 -9999.0 -9999.0 -9999.0 -9999.0 -9999.0 -9999.0 -9999.0 -9999.0 -9999.0 -9999.0 -9999.0 -9999.0 -9999.0 -9999.0 -9999.0 -9999.0 -9999.0
-9999.0 -9999.0 -9999.0 -9999.0 -9999.0 -9999.0 -9999.0 -9999.0 -9999.0 -9999.0 -9999.0 -9999.0 -9999.0 -9999.0 -9999.0 -9999.0 -9999.0 -9999.0 -9999.0 -9999.0 -9999.0 -9999.0 -9999.0 -9999.0 -9999.0 -9999.0 -9999.0 -1.265683 -0.933595 -0.816682 -5.947511 -7.505785 -7.308125 -9999.0 -9999.0 -9999.0 -9999.0 -9999.0 -9999.0 -9999.0 -9999.0 -9999.0 -9999.0 -9999.0 -9999.0 -9999.0 -9999.0 -9999.0 -9999.0 -9999.0 -9999.0 -9999.0 -9999.0 -9999.0 -9999.0 -9999.0 -9999.0 -9999.0 -9999.0 -9999.0 -9999.0 -9999.0 -9999.0
-9999.0 -9999.0 -9999.0 -9999.0 -9999.0 -9999.0 -9999.0 -9999.0 -9999.0 -9999.0 -9999.0 -9999.0 -9999.0 -9999.0 -9999.0 -9999.0 -9999.0 -9999.0 -9999.0 -9999.0 -9999.0 -9999.0 -9999.0 -9999.0 -0.633307 -0.820593 -1.856365 -0.736127 -1.303326 -1.045256 -5.609846 -9999.0 -9999.0 -9999.0 -9999.0 -9999.0 -9999.0 -9999.0 -9999.0 -9999.0 -9999.0 -9999.0 -9999.0 -9999.0 -9999.0 -9999.0 -9999.0 -9999.0 -9999.0 -9999.0 -9999.0 -9999.0 -9999.0 -9999.0 -9999.0 -9999.0 -9999.0 -9999.0 -9999.0 -9999.0 -9999.0 -9999.0 -9999.0
-9999.0 -9999.0 -9999.0 -9999.0 -9999.0 -9999.0 -9999.0 -9999.0 -9999.0 -9999.0 -9999.0 -9999.0 -9999.0 -9999.0 -9999.0 -9999.0 -9999.0 -9999.0 -9999.0 -9999.0 -9999.0 -9999.0 -9999.0 -0.608462 -1.933914 -3.852145 -2.531776 -3.357288 -3.764099 -1.702013 -1.108342 -3.615832 -9999.0 -9999.0 -9999.0 -9999.0 -9999.0 -9999.0 -9999.0 -9999.0 -9999.0 -9999.0 -9999.0 -9999.0 -9999.0 -9999.0 -9999.0 -9999.0 -9999.0 -9999.0 -9999.0 -9999.0 -9999.0 -9999.0 -9999.0 -9999.0 -9999.0 -9999.0 -9999.0 -9999.0 -9999.0 -9999.0 -9999.0
-9999.0 -9999.0 -9999.0 -9999.0 -9999.0 -9999.0 -9999.0 -9999.0 -9999.0 -9999.0 -9999.0 -9999.0 -9999.0 -9999.0 -9999.0 -9999.0 -9999.0 -9999.0 0.006019 -2.562874 -9999.0 -0.639487 -0.830570 -2.894306 -0.005656 0.642286 -1.400683 -0.898621 0.553453 -3.242406 -1.638876 -1.137309 -1.008374 -2.471761 -9999.0 -9999.0 -9999.0 -9999.0 -9999.0 -9999.0 -9999.0 -9999.0 -9999.0 -9999.0 -9999.0 -9999.0 -9999.0 -9999.0 -9999.0 -9999.0 -9999.0 -9999.0 -9999.0 -9999.0 -9999.0 -9999.0 -9999.0 -9999.0 -9999.0 -9999.0 -9999.0 -9999.0 -9999.0
-9999.0 -9999.0 -9999.0 -9999.0 -9999.0 -9999.0 -9999.0 -9999.0 -9999.0 -9999.0 -9999.0 -9999.0 -9999.0 -9999.0 -9999.0 -9999.0 -9999.0 0.481692 0.166470 -3.118966 -1.767675 -1.969295 -2.750658 -0.887357 0.851010 -1.468249 -4.625525 -3.719156 -3.856349 -1.101218 -3.217431 -1.909587 -3.304070 -1.845569 -5.074459 -8.573319 -9999.0 -9999.0 -9999.0 -9999.0 -9999.0 -9999.0 -9999.0 -9999.0 -9999.0 -9999.0 -9999.0 -9999.0 -9999.0 -9999.0 -9999.0 -9999.0 -9999.0 -9999.0 -9999.0 -9999.0 -9999.0 -9999.0 -9999.0 -9999.0 -9999.0 -9999.0 -9999.0
-9999.0 -9999.0 -9999.0 -9999.0 -9999.0 -9999.0 -9999.0 -9999.0 -9999.0 -9999.0 -9999.0 -9999.0 -9999.0 -1.069459 -1.864922 -0.057017 0.085274 6.238970 0.344228 -0.097802 -0.002049 0.148162 0.237443 0.752273 -2.117440 -5.107858 -6.190726 -4.832915 -6.441302 -4.514170 -2.870957 -5.754250 -5.445266 -8.475685 -8.095051 -8.956383 -9999.0 -9999.0 -9999.0 -9999.0 -9999.0 -9999.0 -9999.0 -9999.0 -9999.0 -9999.0 -9999.0 -9999.0 -9999.0 -9999.0 -9999.0 -9999.0 -9999.0 -9999.0 -9999.0 -9999.0 -9999.0 -9999.0 -9999.0 -9999.0 -9999.0 -9999.0 -9999.0
-9999.0 -9999.0 -9999.0 -9999.0 -9999.0 -9999.0 -9999.0 -9999.0 -9999.0 -9999.0 -9999.0 -9999.0 -9999.0 -0.664129 -2.697888 -2.268311 -2.182934 1.641097 6.157940 0.165037 1.148238 -1.907782 -2.418687 -2.202349 -1.983629 -0.740422 -1.010907 -6.832020 -7.824952 -6.716736 -5.429702 -8.420549 -8.618888 -9.783260 -9.263191 -9999.0 -9999.0 -9999.0 -9999.0 -9999.0 -9999.0 -9999.0 -9999.0 -9999.0 -9999.0 -9999.0 -9999.0 -9999.0 -9999.0 -9999.0 -9999.0 -9999.0 -9999.0 -9999.0 -9999.0 -9999.0 -9999.0 -9999.0 -9999.0 -9999.0 -9999.0 -9999.0 -9999.0
-9999.0 -9999.0 -9999.0 -9999.0 -9999.0 -9999.0 -9999.0 -9999.0 -9999.0 -9999.0 -9999.0 -9999.0 -9999.0 -2.020312 1.050028 -0.385326 -2.124286 -0.114015 6.446370 1.440151 -2.365536 -4.090061 -1.086203 -3.558163 -1.295199 -1.271419 -0.721404 -7.718420 -1.173365 -8.637720 -8.158597 -10.147628 -9.801533 -10.904186 -9.686549 -9999.0 -9999.0 -9999.0 -9999.0 -9999.0 -9999.0 -9999.0 -9999.0 -9999.0 -9999.0 -9999.0 -9999.0 -9999.0 -9999.0 -9999.0 -9999.0 -9999.0 -9999.0 -9999.0 -9999.0 -9999.0 -9999.0 -9999.0 -9999.0 -9999.0 -9999.0 -9999.0 -9999.0
-9999.0 -9999.0 -9999.0 -9999.0 -9999.0 -9999.0 -9999.0 -9999.0 -9999.0 -9999.0 -9999.0 -9999.0 -1.127228 -1.611533 -0.393950 -1.559472 -0.767362 -1.585609 4.457921 1.475197 -2.377891 -4.864392 -2.748231 -4.285845 -0.961018 -6.875182 -4.933943 -3.188387 -1.026758 -8.023376 -9.140241 -2.275067 -2.228116 -7.790731 -9999.0 -9999.0 -9999.0 -9999.0 -9999.0 -9999.0 -9999.0 -9999.0 -9999.0 -9999.0 -9999.0 -9999.0 -9999.0 -9999.0 -9999.0 -9999.0 -9999.0 -9999.0 -9999.0 -9999.0 -9999.0 -9999.0 -9999.0 -9999.0 -9999.0 -9999.0 -9999.0 -9999.0 -9999.0
-9999.0 -9999.0 -9999.0 -9999.0 -9999.0 -9999.0 -9999.0 -9999.0 -9999.0 -9999.0 -9999.0 -1.873853 -0.956148 -2.141298 -2.446687 -3.778814 -3.815292 -2.394477 4.476014 1.521995 -0.309049 -1.451440 -1.041836 -5.463051 -1.044701 -3.724288 -8.074187 -0.902597 -1.207313 -8.864821 -3.593706 -3.125758 -2.847287 -5.653651 -4.961530 -6.117677 -7.983316 0.014413 0.463987 -9999.0 -9999.0 -9999.0 -6.025644 -9999.0 -9999.0 -9999.0 -9999.0 -9999.0 -9999.0 -9999.0 -9999.0 -9999.0 -9999.0 -9999.0 -9999.0 -9999.0 -9999.0 -9999.0 -9999.0 -9999.0 -9999.0 -9999.0 -9999.0
-9999.0 -9999.0 -9999.0 -9999.0 -9999.0 -9999.0 -9999.0 -9999.0 -9999.0 -9999.0 -9999.0 -2.044563 -2.604070 -1.130576 -0.704357 -5.859858 -1.802001 -0.118310 4.581562 1.004158 0.277137 -2.532562 -0.633861 -1.650036 -2.485185 -4.423273 -0.764024 -0.820619 -1.873921 -7.124577 -1.852534 -3.573610 -3.175357 -5.147710 -6.357882 -7.468593 1.329162 0.926890 -0.013516 -0.997563 -6.732406 -7.493829 -6.055435 -4.483762 -9999.0 -9999.0 -9999.0 -0.037153 -1.405573 -0.861333 -0.161477 -0.350509 -0.487044 -0.028744 -0.027188 -0.974427 -9999.0 -9999.0 -9999.0 -9999.0 -9999.0 -9999.0 -9999.0
-9999.0 -9999.0 -9999.0 -9999.0 -9999.0 -9999.0 -9999.0 -9999.0 -9999.0 -9999.0 -9999.0 -0.814445 -4.803330 -1.169571 -0.906494 -1.575889 -1.815001 -2.302648 1.752682 2.661313 0.096596 -2.987006 -2.678955 -0.386398 -6.241186 -0.861824 -2.389460 -1.725797 -5.736384 -5.062545 -6.712575 -2.182398 -4.013803 -5.092810 -5.462108 0.403694 -0.003221 -0.012502 2.348629 0.002473 0.120826 -7.311745 -5.675298 -4.506071 -2.917260 -9999.0 -6.721357 -1.398377 -0.169801 -0.503447 -1.163302 -0.740793 -0.021995 -0.018496 -0.020353 -0.030136 -9999.0 -9999.0 -9999.0 -9999.0 -9999.0 -9999.0 -9999.0
-9999.0 -9999.0 -9999.0 -9999.0 -9999.0 -9999.0 -9999.0 -9999.0 -9999.0 -9999.0 -9999.0 -9999.0 -3.899482 -0.833196 -0.522238 -0.512948 -1.939316 -2.350620 2.489678 2.964488 -0.003575 -2.931629 -1.323518 -2.822408 -0.645329 -1.979457 -3.845385 -5.389552 -4.346479 -1.900442 -1.349939 -2.582340 -2.966419 -3.486802 -7.524342 -7.439374 -0.259202 -0.010546 2.669321 0.139778 0.604875 3.017428 -0.429516 -5.167935 -2.458323 -1.230362 -1.591719 -2.231925 -0.509509 -2.219240 -0.018325 -2.171631 -1.359281 -0.187300 -3.259583 -3.396443 -0.042857 -9999.0 -9999.0 -9999.0 -9999.0 -9999.0 -9999.0
-9999.0 -9999.0 -9999.0 -9999.0 -9999.0 -9999.0 -9999.0 -9999.0 -9999.0 -9999.0 -9999.0 -0.221771 -5.070766 -3.496562 -1.651105 -1.779157 -1.968373 -2.193912 1.971373 1.455043 0.182731 -0.010205 -1.020616 -1.708649 -1.647477 -3.112463 -0.445300 -6.474025 -0.983316 -0.897453 -3.227523 -3.139236 -4.148586 -3.757907 -8.679304 -6.840969 -7.794756 -0.047103 -0.004450 2.610998 0.040014 0.248045 0.009894 -0.972897 -0.004516 -1.462959 -0.402115 -0.486224 -0.273671 -2.973138 -5.045592 -5.432120 -4.443513 -6.163271 -5.527001 -6.255727 -0.292933 -9999.0 -9999.0 -9999.0 -9999.0 -9999.0 -9999.0
-9999.0 -9999.0 -9999.0 -9999.0 -9999.0 -9999.0 -9999.0 -9999.0 -9999.0 -9999.0 -0.137314 -0.669194 -0.330702 -0.675275 -0.250073 -3.082640 -0.808446 -1.213444 0.750360 1.471423 1.168719 0.000358 -3.540895 -3.044200 -0.009868 -1.275334 -2.939119 -0.838158 -2.038939 -2.649924 -2.536604 -1.182682 -2.530849 -5.752502 -9.656277 -5.885451 0.078807 -2.162701 -0.028412 0.610902 0.718595 -0.631325 -2.530137 -0.004077 -0.009017 -2.497434 -0.383171 -4.060199 -0.003274 -2.328361 -0.244832 -5.992012 -6.041076 -6.479979 -5.811140 -0.027711 -0.027794 -9999.0 -9999.0 -9999.0 -9999.0 -9999.0 -9999.0
-9999.0 -9999.0 -9999.0 -9999.0 -9999.0 -9999.0 -9999.0 -9999.0 -9999.0 -4.837897 -1.155079 -0.142735 -3.240891 -0.911923 -1.288312 -0.763371 -3.829473 -2.356460 0.420410 2.063636 1.189222 0.217563 -0.007431 0.546603 -1.189430 -1.601719 -1.847019 -2.882674 -0.003992 0.000181 0.021126 -1.469739 -7.986738 -9.165275 -4.915890 -5.842520 -5.058535 -5.513636 -5.122390 -4.232167 -0.003213 -2.695515 -2.606989 0.379433 -0.005955 -0.002744 0.453498 -4.374501 -1.564402 -0.000567 -1.612859 -1.130583 -6.928837 -5.275168 -1.932686 -0.098854 -0.022706 -0.010777 -0.068744 -9999.0 -9999.0 -9999.0 -9999.0
-9999.0 -9999.0 -9999.0 -9999.0 -9999.0 -9999.0 -9999.0 -9999.0 -9999.0 -3.639296 -4.632613 -3.734393 1.271736 -2.353847 -2.090003 -0.482460 -1.071615 0.176695 0.859611 4.134948 3.792702 4.894443 -2.072080 -2.272055 -1.709407 -2.445967 -1.960892 0.105990 0.714098 -1.185369 -1.185752 -2.194073 -5.000073 -3.536941 -2.177690 -3.992847 -4.185987 -4.495615 -6.155946 -3.275693 -4.202179 -6.226714 -4.182430 -2.588916 0.629434 1.058033 0.874864 0.006899 -0.000190 -0.002358 -0.138577 -0.110981 -4.865830 -4.571318 -5.552838 -0.057130 -0.027034 -0.109989 -0.008814 -9999.0 -9999.0 -9999.0 -9999.0
-9999.0 -9999.0 -9999.0 -9999.0 -9999.0 -9999.0 -9999.0 -9999.0 -9999.0 -9999.0 -3.842623 -2.508024 -0.501576 -0.005937 -0.001939 -2.780559 -2.589613 0.366316 1.342224 3.363560 1.078092 0.205748 -1.019828 -0.465726 -2.074758 0.125829 0.353149 0.512992 -1.104493 -5.076347 -5.270348 -0.776542 -6.331012 -6.888857 -1.916535 -3.620814 -3.822496 -4.354952 -2.476053 -7.430367 -8.607505 -2.199429 -1.948003 -3.665481 -1.320004 -2.398959 -2.652994 -1.663151 2.650809 -0.000729 -2.287431 -0.272135 -0.265829 -4.068427 -4.117118 -4.566479 -2.405525 0.161587 0.127320 0.134600 -9999.0 -9999.0 -9999.0
-9999.0 -9999.0 -9999.0 -9999.0 -9999.0 -9999.0 -9999.0 -9999.0 -9999.0 -9999.0 -3.688522 -3.707124 -3.219639 -0.223036 3.187360 -0.007085 -0.009751 0.346120 4.013362 3.591920 1.511778 0.283297 -0.052339 -3.068167 -0.054687 0.547731 1.546827 -2.328357 -0.565755 -6.895760 -6.473296 -3.039225 -0.757339 -7.140751 -6.467701 -5.449123 -0.242866 -3.520015 -1.853161 -6.742987 -1.894937 -1.163475 -4.143785 -6.023717 -2.186136 -0.958372 -0.389372 -0.688181 0.563658 1.651947 -0.000679 -0.255035 -0.028379 -0.217601 -2.668393 -0.184172 -4.966239 -0.021660 1.046323 1.442439 -9999.0 -9999.0 -9999.0
-9999.0 -9999.0 -9999.0 -9999.0 -9999.0 -9999.0 -9999.0 -9999.0 -1.129062 -0.404133 -0.839276 -3.159161 -1.685803 -0.500020 -0.213520 1.025992 1.201595 5.879814 4.295536 4.122031 4.454519 2.094518 0.270122 -0.007479 0.254641 2.696416 1.017894 -0.752543 -0.677916 -3.007912 -8.203845 -5.975583 -3.984425 -4.862461 -2.350358 -7.654628 -1.383873 -3.432743 -0.799855 -2.027999 -5.560086 -5.313049 -6.688879 -7.410129 -0.342686 -0.149718 -5.169162 -0.307707 -2.307989 0.965847 0.039755 -2.769290 -0.023443 -0.259332 -0.121218 -0.020313 -0.011656 -1.940163 0.703387 3.150122 -9999.0 -9999.0 -9999.0
-9999.0 -9999.0 -9999.0 -9999.0 -9999.0 -9999.0 -9999.0 -9999.0 -3.493534 -1.778353 -0.174277 -5.745601 -4.527010 -0.634430 -0.107612 -1.932815 -0.004511 -1.543456 4.237972 5.277209 8.522232 6.689065 5.281182 4.380522 1.385039 3.371231 0.418644 -1.884033 -3.173055 -0.904056 -1.310490 -0.409334 -0.685635 -1.031419 -0.394755 -0.215866 -2.113144 -3.622198 -0.812032 -0.591317 -6.245363 -8.418430 -6.775183 -0.302568 -1.108846 -1.711653 -5.691791 -4.644588 -0.136765 0.220082 0.735965 -0.004725 -0.026383 -0.021070 -3.233669 -0.168534 -0.001070 0.253985 3.301631 5.807944 6.116317 -9999.0 -9999.0
-9999.0 -9999.0 -9999.0 -9999.0 -9999.0 -9999.0 -9999.0 -9999.0 -4.811331 -0.280404 -1.532786 -0.737964 -0.118206 -4.688787 -2.458240 -0.210090 0.288756 1.134883 4.712380 6.991884 6.187302 6.756549 6.937405 4.104037 6.031611 0.773108 -0.079153 -0.863966 -0.783928 -0.442542 -0.447716 -1.482986 -0.236243 -0.799823 -0.133316 -2.829658 -0.274221 -0.056373 -0.153542 -0.307494 -2.946928 -3.372311 -0.265345 -3.976736 -4.511969 -4.549310 -0.366673 -0.043599 -3.310422 -2.340618 1.657645 0.135931 -1.646785 -2.726387 0.093289 0.318119 1.177097 2.821519 4.549450 4.206288 5.690746 -9999.0 -9999.0
-9999.0 -9999.0 -9999.0 -9999.0 -9999.0 -9999.0 -9999.0 -9999.0 -6.336126 -0.526957 -0.001373 -0.947337 -0.715737 -2.392405 -0.004585 0.333842 1.978858 4.379505 1.265898 3.966136 4.131756 5.821017 7.277735 6.183671 0.730537 -0.612168 -0.821882 -1.944879 -2.835993 -2.001796 -1.870096 -1.440987 -0.002712 -0.005141 -0.280748 -0.145102 -1.016373 0.172911 -2.679232 -0.087970 -0.351690 -0.101130 -0.076698 -0.606172 -0.087816 -0.243067 -0.043118 -0.048202 -0.089867 -3.984013 -2.003023 2.612943 0.602473 0.158030 1.032517 2.286160 3.761669 3.684738 5.357993 5.563366 3.234138 1.283134 -9999.0
-9999.0 -9999.0 -9999.0 -9999.0 -9999.0 -9999.0 -9999.0 -9999.0 -1.298541 -0.237710 -0.869358 -0.028601 0.168762 0.315612 3.157627 1.853288 0.834387 0.159606 -1.908295 0.074221 3.349902 5.041194 5.081444 3.710639 2.880707 -0.004097 -3.960157 -2.255800 0.127787 0.006917 -2.283659 -2.739278 0.329492 -2.155592 -3.148776 -2.913226 -1.893212 0.443030 0.087972 -3.187260 -2.906308 -3.531439 -0.005218 -2.676083 -0.292872 -0.960788 -3.718188 0.003957 -0.003842 0.250972 1.286952 1.235983 2.582004 3.047899 3.333821 2.940615 3.513660 4.439421 3.589104 3.228482 2.420534 -0.024040 -9999.0
-9999.0 -9999.0 -0.233080 -0.163413 -0.389508 -0.246950 -0.562101 -0.283269 -0.285786 -0.314442 -0.069515 0.410064 0.423820 1.072902 5.865288 0.662715 -1.920757 -2.254288 -0.447466 -2.033972 0.380690 4.152807 4.386193 4.172702 2.889844 0.472322 -0.002691 -0.002892 0.370227 0.782081 -0.156810 -0.164689 1.695060 -0.001977 0.202360 -0.003369 0.687775 1.230285 0.235536 -0.015114 0.090672 0.193584 0.081600 0.037577 -2.215308 -0.002798 0.248753 0.118896 1.010768 2.250901 3.688551 3.151997 3.296704 3.029540 2.725393 5.027017 2.653693 2.566862 1.464906 1.518568 -0.690125 -0.322585 -9999.0
-9999.0 -1.800957 -2.162310 -1.390458 -0.964834 -1.423223 -0.170717 -0.622034 -0.763965 -2.946603 -0.130609 -0.742473 1.344352 3.761876 1.465913 -0.576048 -0.217557 -0.380674 -2.060531 -0.004014 0.713454 1.842123 3.663105 3.628651 5.576768 3.125758 5.088688 5.418758 1.540261 0.645955 0.545240 0.545175 0.757697 3.546554 1.444749 2.652299 3.611443 3.440900 2.883486 1.429244 1.354541 1.552319 1.271402 0.195780 0.096287 0.263905 1.396942 2.014555 4.110763 3.395167 3.266413 2.901095 2.375300 1.323848 1.224667 0.768038 0.411036 0.376129 -0.036777 -0.033679 -0.014720 -0.033460 -9999.0
-9999.0 -0.192306 -3.081823 -0.007397 0.264083 -3.344258 -1.922862 -0.424714 -0.134099 -0.148047 -0.491361 -0.014322 1.375751 1.680511 -1.614098 -0.079021 -0.797794 -0.154734 0.087021 0.115545 0.229453 0.854709 1.768329 2.593979 5.770958 7.190669 4.428056 4.911690 4.405422 3.266592 4.490212 3.649202 2.414343 2.881639 4.801202 3.673985 7.042203 9.110094 4.864080 4.475567 3.996820 3.766742 3.916241 3.387060 4.485702 4.851208 5.884955 5.858080 4.273239 3.678770 1.294803 0.661264 0.307539 1.252413 0.319919 -1.953103 -2.063424 -0.023342 -0.022507 -0.017498 -0.016310 -9999.0 -9999.0
