erum2020/resources/simulation/Vinschgau/output-maps/TL0006N0045.asc
ncols         63
nrows         48
xllcorner     598000.000000
yllcorner     5145000.000000
cellsize      1000.000000
NODATA_value  -9999.0
[rows 0 to 27 of 48, columns 0 to 62 of 63]
-9999.0 -9999.0 -9999.0 -9999.0 -9999.0 -9999.0 -9999.0 -9999.0 -9999.0 -9999.0 -9999.0 -9999.0 -9999.0 -9999.0 -9999.0 -9999.0 -9999.0 -9999.0 -9999.0 -9999.0 -9999.0 -9999.0 -9999.0 -9999.0 -9999.0 -9999.0 -9999.0 -9999.0 -9999.0 -9999.0 -9999.0 -9999.0 -9999.0 -9999.0 -9999.0 -9999.0 -9999.0 -9999.0 -9999.0 -9999.0 -9999.0 -9999.0 -9999.0 -9999.0 -9999.0 -9999.0 -9999.0 -9999.0 -9999.0 -9999.0 -9999.0 -9999.0 -9999.0 -9999.0 -9999.0 -9999.0 -9999.0 -9999.0 -9999.0 -9999.0 -9999.0 -9999.0 -9999.0
-9999.0 -9999.0 -9999.0 -9999.0 -9999.0 -9999.0 -9999.0 -9999.0 -9999.0 -9999.0 -9999.0 -9999.0 -9999.0 -9999.0 -9999.0 -9999.0 -9999.0 -9999.0 -9999.0 -9999.0 -9999.0 -9999.0 -9999.0 -9999.0 -9999.0 -9999.0 -9999.0 -0.361078 -0.277819 -0.930540 -0.096028 -0.488041 -0.645142 -9999.0 -9999.0 -9999.0 -9999.0 -9999.0 -9999.0 -9999.0 -9999.0 -9999.0 -9999.0 -9999.0 -9999.0 -9999.0 -9999.0 -9999.0 -9999.0 -9999.0 -9999.0 -9999.0 -9999.0 -9999.0 -9999.0 -9999.0 -9999.0 -9999.0 -9999.0 -9999.0 -9999.0 -9999.0 -9999.0
-9999.0 -9999.0 -9999.0 -9999.0 -9999.0 -9999.0 -9999.0 -9999.0 -9999.0 -9999.0 -9999.0 -9999.0 -9999.0 -9999.0 -9999.0 -9999.0 -9999.0 -9999.0 -9999.0 -9999.0 -9999.0 -9999.0 -9999.0 -9999.0 0.019339 0.018832 -0.012146 -0.009549 -0.011094 -0.587434 -0.080689 -9999.0 -9999.0 -9999.0 -9999.0 -9999.0 -9999.0 -9999.0 -9999.0 -9999.0 -9999.0 -9999.0 -9999.0 -9999.0 -9999.0 -9999.0 -9999.0 -9999.0 -9999.0 -9999.0 -9999.0 -9999.0 -9999.0 -9999.0 -9999.0 -9999.0 -9999.0 -9999.0 -9999.0 -9999.0 -9999.0 -9999.0 -9999.0
-9999.0 -9999.0 -9999.0 -9999.0 -9999.0 -9999.0 -9999.0 -9999.0 -9999.0 -9999.0 -9999.0 -9999.0 -9999.0 -9999.0 -9999.0 -9999.0 -9999.0 -9999.0 -9999.0 -9999.0 -9999.0 -9999.0 -9999.0 -0.009527 0.044829 0.588803 1.013759 0.906647 0.841464 -0.753708 -0.766291 -0.039838 -9999.0 -9999.0 -9999.0 -9999.0 -9999.0 -9999.0 -9999.0 -9999.0 -9999.0 -9999.0 -9999.0 -9999.0 -9999.0 -9999.0 -9999.0 -9999.0 -9999.0 -9999.0 -9999.0 -9999.0 -9999.0 -9999.0 -9999.0 -9999.0 -9999.0 -9999.0 -9999.0 -9999.0 -9999.0 -9999.0 -9999.0
-9999.0 -9999.0 -9999.0 -9999.0 -9999.0 -9999.0 -9999.0 -9999.0 -9999.0 -9999.0 -9999.0 -9999.0 -9999.0 -9999.0 -9999.0 -9999.0 -9999.0 -9999.0 2.519644 0.290563 -9999.0 -0.010402 -0.005548 0.855024 1.155984 2.647429 0.042407 0.047174 2.695753 0.030687 -1.071751 -0.642935 -1.670708 -1.795383 -9999.0 -9999.0 -9999.0 -9999.0 -9999.0 -9999.0 -9999.0 -9999.0 -9999.0 -9999.0 -9999.0 -9999.0 -9999.0 -9999.0 -9999.0 -9999.0 -9999.0 -9999.0 -9999.0 -9999.0 -9999.0 -9999.0 -9999.0 -9999.0 -9999.0 -9999.0 -9999.0 -9999.0 -9999.0
-9999.0 -9999.0 -9999.0 -9999.0 -9999.0 -9999.0 -9999.0 -9999.0 -9999.0 -9999.0 -9999.0 -9999.0 -9999.0 -9999.0 -9999.0 -9999.0 -9999.0 4.718007 3.371382 0.854986 0.014350 -0.011432 0.022011 0.015515 2.639895 -0.012001 -0.026068 0.027712 -0.014271 0.029535 -0.002447 -0.800035 -0.006600 -1.915381 -0.547326 -0.621636 -9999.0 -9999.0 -9999.0 -9999.0 -9999.0 -9999.0 -9999.0 -9999.0 -9999.0 -9999.0 -9999.0 -9999.0 -9999.0 -9999.0 -9999.0 -9999.0 -9999.0 -9999.0 -9999.0 -9999.0 -9999.0 -9999.0 -9999.0 -9999.0 -9999.0 -9999.0 -9999.0
-9999.0 -9999.0 -9999.0 -9999.0 -9999.0 -9999.0 -9999.0 -9999.0 -9999.0 -9999.0 -9999.0 -9999.0 -9999.0 -0.190136 0.797629 2.869696 4.211704 5.658058 4.262497 1.830212 1.382737 1.655889 2.150682 2.661970 -0.021524 -0.275920 -0.460860 -0.084410 -0.301013 0.017107 0.038394 -0.293259 -0.298388 -0.829555 -0.705153 -0.800577 -9999.0 -9999.0 -9999.0 -9999.0 -9999.0 -9999.0 -9999.0 -9999.0 -9999.0 -9999.0 -9999.0 -9999.0 -9999.0 -9999.0 -9999.0 -9999.0 -9999.0 -9999.0 -9999.0 -9999.0 -9999.0 -9999.0 -9999.0 -9999.0 -9999.0 -9999.0 -9999.0
-9999.0 -9999.0 -9999.0 -9999.0 -9999.0 -9999.0 -9999.0 -9999.0 -9999.0 -9999.0 -9999.0 -9999.0 -9999.0 -0.016569 2.261768 3.269747 3.231104 4.319995 5.860298 3.259032 3.820076 -0.004857 2.319443 1.296956 0.019516 -0.111185 -0.678979 -0.522404 -0.549535 -0.619766 -0.012329 -0.811600 -0.871257 -1.025222 -1.015051 -9999.0 -9999.0 -9999.0 -9999.0 -9999.0 -9999.0 -9999.0 -9999.0 -9999.0 -9999.0 -9999.0 -9999.0 -9999.0 -9999.0 -9999.0 -9999.0 -9999.0 -9999.0 -9999.0 -9999.0 -9999.0 -9999.0 -9999.0 -9999.0 -9999.0 -9999.0 -9999.0 -9999.0
-9999.0 -9999.0 -9999.0 -9999.0 -9999.0 -9999.0 -9999.0 -9999.0 -9999.0 -9999.0 -9999.0 -9999.0 -9999.0 1.690648 3.451173 2.866513 2.842287 3.691987 5.832384 4.267170 1.934359 -0.296084 -0.053303 -0.020052 0.036419 0.062517 -1.058461 -0.576866 -0.776973 -0.823028 -0.825079 -0.957804 -0.962201 -1.116505 -1.164186 -9999.0 -9999.0 -9999.0 -9999.0 -9999.0 -9999.0 -9999.0 -9999.0 -9999.0 -9999.0 -9999.0 -9999.0 -9999.0 -9999.0 -9999.0 -9999.0 -9999.0 -9999.0 -9999.0 -9999.0 -9999.0 -9999.0 -9999.0 -9999.0 -9999.0 -9999.0 -9999.0 -9999.0
-9999.0 -9999.0 -9999.0 -9999.0 -9999.0 -9999.0 -9999.0 -9999.0 -9999.0 -9999.0 -9999.0 -9999.0 0.582870 3.069343 2.496020 -0.058186 -0.006313 3.353288 5.156487 4.049131 1.354741 -0.043689 -0.397308 -0.003094 0.011766 -0.778839 0.006629 -0.267853 -0.938051 -0.742567 -0.890762 -1.485641 -1.624348 -0.500408 -9999.0 -9999.0 -9999.0 -9999.0 -9999.0 -9999.0 -9999.0 -9999.0 -9999.0 -9999.0 -9999.0 -9999.0 -9999.0 -9999.0 -9999.0 -9999.0 -9999.0 -9999.0 -9999.0 -9999.0 -9999.0 -9999.0 -9999.0 -9999.0 -9999.0 -9999.0 -9999.0 -9999.0 -9999.0
-9999.0 -9999.0 -9999.0 -9999.0 -9999.0 -9999.0 -9999.0 -9999.0 -9999.0 -9999.0 -9999.0 -0.012533 -0.016084 2.581974 -0.017462 -0.149533 -0.094677 3.175068 5.283505 4.629403 2.390796 1.271630 -0.558071 -0.109901 -0.372827 -0.063814 -0.841321 -0.642261 -0.021610 -0.884577 -0.948686 -0.109187 -1.262429 -1.133696 -1.894691 -2.376984 -1.533705 -0.011448 0.031986 -9999.0 -9999.0 -9999.0 -1.420526 -9999.0 -9999.0 -9999.0 -9999.0 -9999.0 -9999.0 -9999.0 -9999.0 -9999.0 -9999.0 -9999.0 -9999.0 -9999.0 -9999.0 -9999.0 -9999.0 -9999.0 -9999.0 -9999.0 -9999.0
-9999.0 -9999.0 -9999.0 -9999.0 -9999.0 -9999.0 -9999.0 -9999.0 -9999.0 -9999.0 -9999.0 -0.170665 -0.010632 0.995287 -0.014420 -0.099307 1.252656 3.757338 5.257144 4.056017 3.701505 0.902711 -0.026134 -0.761133 -0.557554 -0.146630 -0.947457 -0.915025 -0.511278 -0.079562 -1.488001 -1.287620 -2.426658 -1.089973 -1.982757 -2.215982 0.917182 1.197067 0.508743 -2.858399 -1.518900 -2.053683 -0.174236 -0.873184 -9999.0 -9999.0 -9999.0 0.054116 -0.003546 -0.030144 0.008660 -0.021937 -0.019645 0.102331 0.104300 -0.031128 -9999.0 -9999.0 -9999.0 -9999.0 -9999.0 -9999.0 -9999.0
-9999.0 -9999.0 -9999.0 -9999.0 -9999.0 -9999.0 -9999.0 -9999.0 -9999.0 -9999.0 -9999.0 -0.050656 -0.059005 -0.084555 -0.017743 -0.591831 -0.017979 3.192003 4.338722 4.264421 2.944934 -0.008944 -0.043582 -0.020357 -0.622143 -2.008549 -0.049882 -0.752001 -0.066109 -0.231962 -0.177533 -1.152133 -0.080283 -1.624870 -1.843721 -0.012919 -0.025203 0.348859 2.305141 0.119729 -0.005053 -0.145566 -0.023993 -1.567595 -0.412485 -9999.0 -0.059709 -0.000787 0.070584 0.098485 0.073790 -0.259984 0.081529 0.096106 0.065072 0.029123 -9999.0 -9999.0 -9999.0 -9999.0 -9999.0 -9999.0 -9999.0
-9999.0 -9999.0 -9999.0 -9999.0 -9999.0 -9999.0 -9999.0 -9999.0 -9999.0 -9999.0 -9999.0 -9999.0 -0.057374 -0.016450 -0.012676 -0.046832 -0.012104 2.470010 5.183596 4.283429 2.695193 0.570635 0.500451 -0.014428 -1.269565 -0.048112 1.162228 -0.127252 -0.126878 -1.212647 -0.953413 -0.585177 -1.632239 -1.536343 -1.169319 -1.955682 -1.302625 -0.020957 3.171080 0.050540 0.121884 0.168594 -0.016260 0.033480 -1.664263 -0.008393 -0.078183 -0.003228 -0.031487 -0.010709 0.015505 0.002214 0.107741 0.009897 -0.019792 -0.015756 0.017150 -9999.0 -9999.0 -9999.0 -9999.0 -9999.0 -9999.0
-9999.0 -9999.0 -9999.0 -9999.0 -9999.0 -9999.0 -9999.0 -9999.0 -9999.0 -9999.0 -9999.0 -0.027103 -0.092030 -0.298056 -0.018754 -0.016959 0.006648 2.115090 4.421752 4.371907 3.005316 1.602551 0.005372 -0.025126 -0.042967 0.016708 -0.013514 -0.209976 -1.035659 -1.854173 -0.054974 -0.055618 -0.015645 -1.338738 -1.297287 -1.713854 -1.914995 -0.067721 0.071994 2.342313 -0.012870 0.908072 1.805016 0.145214 1.189681 -0.006633 0.048129 -0.423596 -0.006844 -0.050745 -0.095949 -0.443948 -0.147801 -0.492880 -0.391217 -0.513357 -0.019430 -9999.0 -9999.0 -9999.0 -9999.0 -9999.0 -9999.0
-9999.0 -9999.0 -9999.0 -9999.0 -9999.0 -9999.0 -9999.0 -9999.0 -9999.0 -9999.0 -0.011844 -0.047063 -0.025879 -0.581165 -0.012353 0.281395 -0.051744 -0.009378 3.579262 4.239288 3.680352 1.527040 0.020278 1.547621 0.777567 0.007225 -0.317457 -1.731623 0.038151 0.203680 0.020713 -0.022122 -0.046331 -0.636242 -1.224028 -1.609155 -0.053429 -0.104488 -0.009426 2.368496 2.808703 2.338352 1.527877 3.132583 0.021901 -1.320314 0.056871 -0.026427 0.026892 0.017134 -0.075045 -0.408647 -0.511723 -0.521530 -0.445693 0.057457 0.034792 -9999.0 -9999.0 -9999.0 -9999.0 -9999.0 -9999.0
-9999.0 -9999.0 -9999.0 -9999.0 -9999.0 -9999.0 -9999.0 -9999.0 -9999.0 -0.076324 -0.011753 -0.013063 0.012591 -0.050074 -0.010564 -0.066447 -0.372708 0.845862 3.627849 4.364108 4.046930 1.468090 1.505965 1.808104 0.013200 -0.916211 -0.066523 0.638191 0.189368 0.893923 0.997822 -1.023085 -0.867733 -0.925681 -1.403753 -0.986557 -0.697073 -1.430990 -1.011388 -0.246896 1.814749 -0.161806 -0.199134 3.318595 2.793852 0.087355 1.701835 -0.061477 -0.120117 0.931611 -0.217836 -0.021685 -0.554540 -0.086050 -0.034664 -0.025080 0.016541 0.058787 0.009845 -9999.0 -9999.0 -9999.0 -9999.0
-9999.0 -9999.0 -9999.0 -9999.0 -9999.0 -9999.0 -9999.0 -9999.0 -9999.0 -0.222626 -0.070297 -0.250852 2.476540 0.210973 -0.012987 -0.046340 0.619002 1.138992 4.270932 4.754677 4.650045 4.145443 0.021348 0.013235 -0.806160 -0.028267 0.015038 1.156501 1.933302 0.020328 -0.153653 -1.050440 -0.078503 -0.512242 -1.435716 -0.521151 -2.459332 -1.964591 -0.652801 -0.077000 -0.013767 -0.418928 -0.019693 0.946525 3.635024 3.432618 3.147683 1.762046 0.624861 0.027783 -0.066128 -0.043250 -0.051395 -0.076999 -0.435218 -0.009706 -0.007071 0.048863 0.081777 -9999.0 -9999.0 -9999.0 -9999.0
-9999.0 -9999.0 -9999.0 -9999.0 -9999.0 -9999.0 -9999.0 -9999.0 -9999.0 -9999.0 -0.090381 -0.351671 -0.052342 1.431014 0.787487 0.007310 0.011794 2.124282 5.010134 4.682809 3.860405 2.872441 0.727501 -0.013733 -0.021517 0.996035 2.180152 2.576124 0.002766 -0.264417 -0.423426 -0.016937 -0.625704 -0.547461 -1.007666 -0.015717 -0.009902 -0.014514 -1.847764 -0.652250 -0.809384 0.031100 0.027466 -0.032632 -0.226787 -0.025728 2.312954 0.870621 3.537302 1.342402 -0.237968 -0.042683 -0.016559 -0.038167 -0.014753 -0.282903 -0.012526 0.008136 0.298684 0.035368 -9999.0 -9999.0 -9999.0
-9999.0 -9999.0 -9999.0 -9999.0 -9999.0 -9999.0 -9999.0 -9999.0 -9999.0 -9999.0 -0.089502 -0.102123 -0.016696 0.007025 2.568425 1.163302 1.107312 2.876300 5.514027 5.045964 3.601705 1.846308 0.964349 0.516100 0.610696 2.686554 3.695786 1.083109 -0.184978 -0.785723 -0.674557 -0.013174 -1.466692 -0.520604 -0.620742 -0.437831 -0.013565 -0.068146 -1.486153 -0.144581 -0.007818 -0.040443 -0.021806 -0.535619 -0.012788 -0.044397 0.021920 -0.092727 3.582409 3.139310 0.919706 -0.001039 0.010312 -0.017742 -0.032054 -0.011241 -0.392023 0.026783 3.343427 3.498110 -9999.0 -9999.0 -9999.0
-9999.0 -9999.0 -9999.0 -9999.0 -9999.0 -9999.0 -9999.0 -9999.0 0.021036 -0.019993 -1.352195 -0.012254 -0.188833 -0.302765 -0.008578 2.703822 3.322216 5.112103 5.225603 5.327963 5.270721 4.340198 3.493915 1.707802 1.736891 3.532416 0.677352 -0.014239 -0.013308 -0.072746 -0.841120 -0.475740 -0.090794 -0.077942 -0.007302 -0.766136 0.007553 -0.033869 -1.147400 -0.189799 -0.066456 -0.213760 -0.592705 -0.632289 -0.009000 0.071997 -0.447287 0.014741 0.048448 2.994361 1.405123 -0.036627 0.016720 -0.039437 0.017452 0.112121 0.080735 0.175368 0.414353 5.275876 -9999.0 -9999.0 -9999.0
-9999.0 -9999.0 -9999.0 -9999.0 -9999.0 -9999.0 -9999.0 -9999.0 -0.426597 -0.014169 -0.600164 -0.168126 -0.103281 -0.042776 -0.016628 1.104601 2.099073 2.513580 5.556540 5.669458 7.198199 6.305106 5.227712 3.083144 4.384875 5.397073 2.774038 0.002081 -0.324613 -0.012850 -0.015930 -1.608173 -0.001452 -0.122791 0.034499 0.089775 0.059300 -0.011559 -0.588319 0.029095 -0.331363 -0.746652 -0.369693 0.056134 0.112467 -0.004624 -0.157221 -0.167958 0.000140 3.116327 3.100465 0.018093 -0.013873 0.070338 0.083812 -0.024648 0.006215 0.519111 3.960370 5.829038 5.980439 -9999.0 -9999.0
-9999.0 -9999.0 -9999.0 -9999.0 -9999.0 -9999.0 -9999.0 -9999.0 -0.100252 -0.463247 0.006143 -1.281094 -0.025181 -0.113404 0.008209 0.005886 1.483061 2.628028 5.514552 6.307143 6.050310 6.369112 6.427468 5.195016 5.867806 4.182137 1.944826 -0.043875 -1.721725 -1.095572 -1.219997 0.061947 -1.037606 -1.479073 0.098239 0.241819 -0.002108 0.471335 -0.670863 -0.038958 -0.030063 -0.032377 0.035237 -0.015539 -0.024638 -0.073769 -0.007132 0.049891 -0.015440 0.886948 4.296957 0.455621 -0.069743 -0.271177 0.416381 0.676882 0.666935 4.327352 5.744629 5.945085 5.882604 -9999.0 -9999.0
-9999.0 -9999.0 -9999.0 -9999.0 -9999.0 -9999.0 -9999.0 -9999.0 -0.353579 -0.485854 0.050730 -0.614376 0.031819 0.018696 0.157653 1.686709 4.615800 5.463605 3.439593 5.598992 5.400344 5.791689 6.108612 5.555172 3.713547 1.532079 0.009593 -0.025249 0.615830 -0.010667 -0.071257 -0.051599 0.253246 0.015238 -0.463100 0.091449 0.092952 1.072900 -0.514492 -0.345858 0.025371 0.088428 0.090319 -0.716891 0.066467 0.029275 0.072984 0.026260 0.102009 -0.066320 0.562881 4.426289 0.567784 0.571958 0.664068 3.823366 5.098233 5.409432 6.326406 5.783952 4.821771 3.628633 -9999.0
-9999.0 -9999.0 -9999.0 -9999.0 -9999.0 -9999.0 -9999.0 -9999.0 -0.083911 0.001073 0.015784 0.003564 0.052586 1.132796 2.489361 3.446823 2.592248 3.076406 1.586205 3.002374 4.840003 5.360338 5.341195 5.042877 1.130791 1.232442 -0.011894 0.183645 1.290964 1.088991 -0.020125 0.163980 1.942735 0.019162 -0.052180 -0.050990 -0.014957 1.945605 0.816020 0.002150 -0.216060 -0.078351 -0.012743 -0.043843 -0.522977 0.121107 -0.051186 0.008421 -0.013881 0.413610 3.028122 3.856151 1.049240 4.131129 0.927473 1.018899 5.028705 5.250754 5.511280 4.882391 4.678233 2.400902 -9999.0
-9999.0 -9999.0 -0.908522 -0.010190 -0.014376 -0.070129 -0.038257 -0.094083 -0.019081 0.019256 -0.012548 1.349507 1.139374 1.197527 3.715409 2.356924 1.226007 -0.068907 -0.019836 1.196111 2.888583 5.500298 5.134894 4.813051 3.976670 1.714288 1.045966 1.193608 2.945774 2.610411 0.304543 0.701215 3.108800 1.422074 1.841054 0.655694 0.662369 2.674725 1.604012 -0.010036 0.019158 0.540082 1.445420 0.990272 -0.018341 -0.009601 2.159318 2.533106 3.461640 4.510202 5.200518 5.219631 5.043333 1.095860 1.013817 5.087533 4.548070 4.546066 3.892740 4.437720 0.760575 0.114647 -9999.0
-9999.0 -0.014523 -0.012863 -0.019250 -0.032389 -0.013088 -0.017913 -0.017937 -0.040613 -0.054532 -0.014576 0.001675 1.873614 2.429466 1.867428 0.584847 -0.017219 -0.013558 0.005965 1.112754 2.902347 4.652335 4.376027 4.976252 5.443482 4.185836 4.328995 4.961242 4.522319 3.639224 2.830362 2.274450 3.275457 4.973107 3.469257 1.841330 1.962331 2.148309 2.287431 2.034453 2.982624 3.924624 3.930668 2.801439 2.207989 3.157672 4.200120 5.682364 5.892912 5.295787 4.997365 4.647432 4.312615 0.887254 0.862133 0.771346 0.853265 0.764648 0.013969 0.099683 0.098987 0.113768 -9999.0
-9999.0 0.026031 0.016583 0.144229 1.551003 0.083038 -0.042983 -0.092526 -0.033035 -1.716634 -0.027812 0.007835 1.877646 1.743676 0.809283 -0.033298 -0.035444 -0.589287 0.229744 1.411088 1.213133 1.788962 4.109996 3.415387 5.193433 6.057335 5.480116 5.337853 5.337243 6.008142 5.858330 5.248781 4.869273 4.793252 5.576678 5.227486 6.511284 6.984750 5.723673 5.534813 5.754339 5.801281 5.565053 5.530924 5.998733 6.300991 6.311002 6.325722 5.372530 5.202995 4.139459 3.766672 0.717810 0.918952 0.788391 0.046103 1.179726 0.085395 0.063780 0.066591 0.079963 -9999.0 -9999.0
