erum2020/resources/simulation/Vinschgau/output-maps/TL0001N0009.asc
ncols         63
nrows         48
xllcorner     598000.000000
yllcorner     5145000.000000
cellsize      1000.000000
NODATA_value  -9999.0
[rows 0 to 27 of 48, columns 0 to 62 of 63]
-9999.0 -9999.0 -9999.0 -9999.0 -9999.0 -9999.0 -9999.0 -9999.0 -9999.0 -9999.0 -9999.0 -9999.0 -9999.0 -9999.0 -9999.0 -9999.0 -9999.0 -9999.0 -9999.0 -9999.0 -9999.0 -9999.0 -9999.0 -9999.0 -9999.0 -9999.0 -9999.0 -9999.0 -9999.0 -9999.0 -9999.0 -9999.0 -9999.0 -9999.0 -9999.0 -9999.0 -9999.0 -9999.0 -9999.0 -9999.0 -9999.0 -9999.0 -9999.0 -9999.0 -9999.0 -9999.0 -9999.0 -9999.0 -9999.0 -9999.0 -9999.0 -9999.0 -9999.0 -9999.0 -9999.0 -9999.0 -9999.0 -9999.0 -9999.0 -9999.0 -9999.0 -9999.0 -9999.0
-9999.0 -9999.0 -9999.0 -9999.0 -9999.0 -9999.0 -9999.0 -9999.0 -9999.0 -9999.0 -9999.0 -9999.0 -9999.0 -9999.0 -9999.0 -9999.0 -9999.0 -9999.0 -9999.0 -9999.0 -9999.0 -9999.0 -9999.0 -9999.0 -9999.0 -9999.0 -9999.0 -0.224725 -0.030804 0.190161 -3.804826 -4.633996 -4.704629 -9999.0 -9999.0 -9999.0 -9999.0 -9999.0 -9999.0 -9999.0 -9999.0 -9999.0 -9999.0 -9999.0 -9999.0 -9999.0 -9999.0 -9999.0 -9999.0 -9999.0 -9999.0 -9999.0 -9999.0 -9999.0 -9999.0 -9999.0 -9999.0 -9999.0 -9999.0 -9999.0 -9999.0 -9999.0 -9999.0
-9999.0 -9999.0 -9999.0 -9999.0 -9999.0 -9999.0 -9999.0 -9999.0 -9999.0 -9999.0 -9999.0 -9999.0 -9999.0 -9999.0 -9999.0 -9999.0 -9999.0 -9999.0 -9999.0 -9999.0 -9999.0 -9999.0 -9999.0 -9999.0 0.057828 0.455993 0.291300 0.163871 0.243085 0.128819 -4.228343 -9999.0 -9999.0 -9999.0 -9999.0 -9999.0 -9999.0 -9999.0 -9999.0 -9999.0 -9999.0 -9999.0 -9999.0 -9999.0 -9999.0 -9999.0 -9999.0 -9999.0 -9999.0 -9999.0 -9999.0 -9999.0 -9999.0 -9999.0 -9999.0 -9999.0 -9999.0 -9999.0 -9999.0 -9999.0 -9999.0 -9999.0 -9999.0
-9999.0 -9999.0 -9999.0 -9999.0 -9999.0 -9999.0 -9999.0 -9999.0 -9999.0 -9999.0 -9999.0 -9999.0 -9999.0 -9999.0 -9999.0 -9999.0 -9999.0 -9999.0 -9999.0 -9999.0 -9999.0 -9999.0 -9999.0 0.767251 1.721933 0.173414 0.667609 0.713829 0.619355 0.167154 -0.153261 -0.268374 -9999.0 -9999.0 -9999.0 -9999.0 -9999.0 -9999.0 -9999.0 -9999.0 -9999.0 -9999.0 -9999.0 -9999.0 -9999.0 -9999.0 -9999.0 -9999.0 -9999.0 -9999.0 -9999.0 -9999.0 -9999.0 -9999.0 -9999.0 -9999.0 -9999.0 -9999.0 -9999.0 -9999.0 -9999.0 -9999.0 -9999.0
-9999.0 -9999.0 -9999.0 -9999.0 -9999.0 -9999.0 -9999.0 -9999.0 -9999.0 -9999.0 -9999.0 -9999.0 -9999.0 -9999.0 -9999.0 -9999.0 -9999.0 -9999.0 2.197427 1.137222 -9999.0 0.234158 1.431237 0.494191 0.608188 1.199808 0.032848 0.005731 1.248408 0.128005 0.198678 -0.215810 -0.209259 -0.480969 -9999.0 -9999.0 -9999.0 -9999.0 -9999.0 -9999.0 -9999.0 -9999.0 -9999.0 -9999.0 -9999.0 -9999.0 -9999.0 -9999.0 -9999.0 -9999.0 -9999.0 -9999.0 -9999.0 -9999.0 -9999.0 -9999.0 -9999.0 -9999.0 -9999.0 -9999.0 -9999.0 -9999.0 -9999.0
-9999.0 -9999.0 -9999.0 -9999.0 -9999.0 -9999.0 -9999.0 -9999.0 -9999.0 -9999.0 -9999.0 -9999.0 -9999.0 -9999.0 -9999.0 -9999.0 -9999.0 1.329175 0.331541 1.220686 1.721223 -0.437720 -0.142492 -0.058914 1.937456 -0.501154 -1.125836 -0.301710 -0.971550 -0.108224 0.727736 0.153911 1.242193 0.275335 -6.094337 -5.829038 -9999.0 -9999.0 -9999.0 -9999.0 -9999.0 -9999.0 -9999.0 -9999.0 -9999.0 -9999.0 -9999.0 -9999.0 -9999.0 -9999.0 -9999.0 -9999.0 -9999.0 -9999.0 -9999.0 -9999.0 -9999.0 -9999.0 -9999.0 -9999.0 -9999.0 -9999.0 -9999.0
-9999.0 -9999.0 -9999.0 -9999.0 -9999.0 -9999.0 -9999.0 -9999.0 -9999.0 -9999.0 -9999.0 -9999.0 -9999.0 0.020841 -0.258015 -0.316371 0.525777 3.939709 0.933038 0.259761 0.281323 0.985565 1.596407 1.964630 -0.599191 -2.397416 -1.075836 -0.440591 -0.469571 -0.328558 -0.175082 -1.754136 -4.479326 -5.302673 -5.780011 -6.220578 -9999.0 -9999.0 -9999.0 -9999.0 -9999.0 -9999.0 -9999.0 -9999.0 -9999.0 -9999.0 -9999.0 -9999.0 -9999.0 -9999.0 -9999.0 -9999.0 -9999.0 -9999.0 -9999.0 -9999.0 -9999.0 -9999.0 -9999.0 -9999.0 -9999.0 -9999.0 -9999.0
-9999.0 -9999.0 -9999.0 -9999.0 -9999.0 -9999.0 -9999.0 -9999.0 -9999.0 -9999.0 -9999.0 -9999.0 -9999.0 0.181278 -0.033106 -0.315929 -0.318328 2.776893 4.128483 0.696956 0.241485 0.022450 -0.099753 -0.435829 -0.064061 -0.281275 0.034851 -4.573461 -4.864802 -0.936911 -0.529144 -4.461002 -5.616024 -6.127617 -6.106798 -9999.0 -9999.0 -9999.0 -9999.0 -9999.0 -9999.0 -9999.0 -9999.0 -9999.0 -9999.0 -9999.0 -9999.0 -9999.0 -9999.0 -9999.0 -9999.0 -9999.0 -9999.0 -9999.0 -9999.0 -9999.0 -9999.0 -9999.0 -9999.0 -9999.0 -9999.0 -9999.0 -9999.0
-9999.0 -9999.0 -9999.0 -9999.0 -9999.0 -9999.0 -9999.0 -9999.0 -9999.0 -9999.0 -9999.0 -9999.0 -9999.0 -0.226191 0.969265 -0.097797 -0.668912 -0.173807 4.011254 0.533889 1.511266 0.238543 -0.571986 -0.908832 -0.054387 -0.103010 0.778824 -4.798166 -0.002909 -5.212057 -4.232468 -5.866480 -5.919950 -6.260889 -6.320814 -9999.0 -9999.0 -9999.0 -9999.0 -9999.0 -9999.0 -9999.0 -9999.0 -9999.0 -9999.0 -9999.0 -9999.0 -9999.0 -9999.0 -9999.0 -9999.0 -9999.0 -9999.0 -9999.0 -9999.0 -9999.0 -9999.0 -9999.0 -9999.0 -9999.0 -9999.0 -9999.0 -9999.0
-9999.0 -9999.0 -9999.0 -9999.0 -9999.0 -9999.0 -9999.0 -9999.0 -9999.0 -9999.0 -9999.0 -9999.0 -0.398605 0.742615 -0.207894 -0.538879 -1.572625 -0.439274 3.243351 2.043653 -0.087895 -0.578194 -0.391876 -0.528490 -0.090288 -3.637616 -0.443732 0.117331 0.270070 -5.035144 -4.292375 -0.140072 0.131579 -6.088442 -9999.0 -9999.0 -9999.0 -9999.0 -9999.0 -9999.0 -9999.0 -9999.0 -9999.0 -9999.0 -9999.0 -9999.0 -9999.0 -9999.0 -9999.0 -9999.0 -9999.0 -9999.0 -9999.0 -9999.0 -9999.0 -9999.0 -9999.0 -9999.0 -9999.0 -9999.0 -9999.0 -9999.0 -9999.0
-9999.0 -9999.0 -9999.0 -9999.0 -9999.0 -9999.0 -9999.0 -9999.0 -9999.0 -9999.0 -9999.0 -0.384518 -0.583384 -0.387653 -1.076785 -2.176206 -1.637252 -0.733860 2.968321 2.163818 -0.382800 -0.017966 -0.027306 -3.315347 -0.244092 -1.405086 -3.760442 0.265416 0.108617 -5.345612 -0.496287 0.436372 -3.071904 -6.024271 -2.668219 -1.301781 -0.029520 0.127917 0.539432 -9999.0 -9999.0 -9999.0 -6.186327 -9999.0 -9999.0 -9999.0 -9999.0 -9999.0 -9999.0 -9999.0 -9999.0 -9999.0 -9999.0 -9999.0 -9999.0 -9999.0 -9999.0 -9999.0 -9999.0 -9999.0 -9999.0 -9999.0 -9999.0
-9999.0 -9999.0 -9999.0 -9999.0 -9999.0 -9999.0 -9999.0 -9999.0 -9999.0 -9999.0 -9999.0 -0.169527 -0.530790 -0.213054 -0.547719 -3.587820 -0.360038 -0.444566 2.861412 2.017730 2.311154 1.041458 0.008198 -1.673662 -1.370482 -3.382900 0.285240 1.140063 -0.168011 -5.097778 0.526801 0.379290 0.329326 -2.762438 -2.418389 0.064854 1.366783 1.456930 0.019271 -2.679614 -1.884122 -3.092814 0.164226 -5.723357 -9999.0 -9999.0 -9999.0 -1.532924 -0.140085 -0.124291 0.195147 -0.108149 -0.618600 0.177698 0.069550 -4.383207 -9999.0 -9999.0 -9999.0 -9999.0 -9999.0 -9999.0 -9999.0
-9999.0 -9999.0 -9999.0 -9999.0 -9999.0 -9999.0 -9999.0 -9999.0 -9999.0 -9999.0 -9999.0 0.071819 -1.727895 -1.631900 -1.853240 -1.177528 -1.491392 -0.780411 2.063374 2.077600 -0.215793 -0.307176 -0.798572 0.218615 -3.034716 0.776827 -0.629300 -0.783143 -4.464578 -4.383134 -4.752444 -1.278225 0.644135 -1.657653 -4.126941 0.676063 -1.555171 -1.556832 1.483520 -2.243878 0.178301 -0.174131 0.457445 0.143689 -1.649514 -9999.0 -4.295238 -0.068640 0.708842 1.878662 2.268216 2.623936 1.881576 1.383530 1.029114 0.214033 -9999.0 -9999.0 -9999.0 -9999.0 -9999.0 -9999.0 -9999.0
-9999.0 -9999.0 -9999.0 -9999.0 -9999.0 -9999.0 -9999.0 -9999.0 -9999.0 -9999.0 -9999.0 -9999.0 -1.635470 -1.879849 0.058530 -0.322921 -2.495392 -0.828854 3.636624 2.428401 -0.148249 -0.143576 -0.180647 -0.501728 -1.418555 -0.640507 2.295930 -3.491966 -3.503448 -0.050707 0.316295 -0.991161 0.368905 -0.351539 -1.962377 -1.205422 -2.182927 -1.685706 1.021304 -0.158861 0.171448 1.777390 -0.781274 0.978901 -0.140540 -0.169546 -1.444558 -0.059165 -1.530343 -0.462299 -0.106595 -1.039166 -0.372729 -1.259860 -1.471107 -1.037028 -0.208589 -9999.0 -9999.0 -9999.0 -9999.0 -9999.0 -9999.0
-9999.0 -9999.0 -9999.0 -9999.0 -9999.0 -9999.0 -9999.0 -9999.0 -9999.0 -9999.0 -9999.0 -1.644855 -1.837654 -1.491370 -1.086457 -1.107038 -0.738986 -0.688118 3.366925 1.004993 0.396832 -0.187869 -0.181258 -0.700941 -0.581085 -0.159364 -0.508101 -2.913444 0.416774 1.399684 -0.655135 -0.512780 1.932944 -0.277303 -4.523520 -1.777052 -3.170644 -1.848080 -0.451213 1.825570 -0.611652 -0.110437 -0.112226 -0.735601 2.073553 0.058860 0.284606 1.882859 2.078031 -0.085953 -2.856484 -1.392428 -1.842362 -3.692005 -2.698376 -3.243233 0.008899 -9999.0 -9999.0 -9999.0 -9999.0 -9999.0 -9999.0
-9999.0 -9999.0 -9999.0 -9999.0 -9999.0 -9999.0 -9999.0 -9999.0 -9999.0 -9999.0 0.270857 -0.952619 0.442600 0.179640 0.324538 -0.432333 -0.628881 -1.091478 0.674157 1.344525 2.778926 1.559660 -0.917968 2.482947 -0.044137 -0.184137 -1.121168 -2.403563 2.119563 2.228170 -0.189177 -0.450737 0.163192 -3.508551 -5.799557 -1.435437 0.044645 -1.683577 -1.639876 -0.053329 0.007965 -0.053754 1.301661 -0.076185 -0.373287 1.369748 0.586510 -0.401584 -0.146687 -0.078722 -2.196021 -3.165330 -3.060809 -3.171988 -2.554296 0.499316 0.226421 -9999.0 -9999.0 -9999.0 -9999.0 -9999.0 -9999.0
-9999.0 -9999.0 -9999.0 -9999.0 -9999.0 -9999.0 -9999.0 -9999.0 -9999.0 -0.945386 -0.539526 -0.771540 -0.428189 -1.049577 -0.640540 -0.710016 -1.202614 2.003254 1.089543 1.658825 3.283395 -0.077705 -0.042053 0.904609 -0.048673 -1.154030 -0.783076 2.399479 -0.064335 0.056458 -0.007659 -1.931402 -4.828825 -5.228324 -4.910036 -5.118332 -0.556115 -1.770776 -1.699495 -0.791169 -0.542334 -1.370227 -1.250870 -0.031744 -0.068773 -0.258507 2.889727 -0.465431 -0.448405 -0.012218 -0.612173 0.143235 -3.182161 -3.346389 -2.674278 -0.940198 -0.613935 2.167909 1.026705 -9999.0 -9999.0 -9999.0 -9999.0
-9999.0 -9999.0 -9999.0 -9999.0 -9999.0 -9999.0 -9999.0 -9999.0 -9999.0 0.015936 -1.047286 0.178701 2.382050 -0.251721 -0.519684 -0.783478 1.933773 0.032991 1.736098 3.873171 3.823819 3.768453 1.162994 1.237995 -0.860271 -0.382688 -0.096444 0.358846 1.117511 0.001099 0.028650 -1.722963 -3.449371 -0.048948 0.173398 0.834531 -0.047448 0.341542 -3.428803 -0.484788 -1.448160 -1.838222 -0.623946 -0.065741 0.145164 1.407799 1.351442 0.492751 -0.006528 -0.011993 -2.164597 -1.546844 -3.438419 -1.811523 -2.270406 -1.375930 -0.538735 -0.209646 3.115262 -9999.0 -9999.0 -9999.0 -9999.0
-9999.0 -9999.0 -9999.0 -9999.0 -9999.0 -9999.0 -9999.0 -9999.0 -9999.0 -9999.0 0.034534 0.277907 -0.377412 -0.172561 -0.056262 -0.294569 -0.176291 1.186569 2.522027 2.955685 3.262892 1.201948 -0.249180 -0.526714 -0.322176 0.259076 1.525323 1.939250 0.217607 -1.200557 -1.523389 -0.546217 -2.728119 -3.264887 1.168337 1.971037 1.743865 1.223788 -0.318370 -3.610868 -4.092752 0.701285 0.691684 -0.626016 -0.463735 -0.342157 0.020917 0.779164 2.196027 0.630933 -1.364790 -0.554832 0.538586 -3.389925 -0.830740 -1.561320 -1.887522 0.261721 0.687788 0.419797 -9999.0 -9999.0 -9999.0
-9999.0 -9999.0 -9999.0 -9999.0 -9999.0 -9999.0 -9999.0 -9999.0 -9999.0 -9999.0 0.088896 0.138181 0.115830 -0.183456 2.752632 -0.140948 -0.208671 1.198754 3.077737 3.372743 1.653450 0.547444 -0.304742 -0.130834 -0.018764 2.122247 2.882308 0.693609 -0.697384 -1.722261 -2.280752 -0.605633 -2.251587 -3.208514 -3.137578 -2.266443 -0.270473 -0.541521 -1.510349 -2.814186 -0.022341 0.343475 -1.230474 -2.257776 -1.966195 -1.218411 -0.318974 -0.231857 1.780982 2.135780 0.737370 -0.292864 -0.737903 0.612173 -3.960048 0.840366 -1.074946 -0.135928 2.528474 3.199950 -9999.0 -9999.0 -9999.0
-9999.0 -9999.0 -9999.0 -9999.0 -9999.0 -9999.0 -9999.0 -9999.0 1.904920 1.412593 0.495705 0.161350 -0.500804 -0.357553 -0.448692 1.084484 1.391532 4.375225 3.694693 3.808247 2.982552 1.914645 1.171697 -0.059668 1.184315 3.480241 3.605328 -0.289030 -0.468780 -1.428804 -4.386821 -2.367977 -2.955670 -3.723975 0.237555 -3.344161 0.318304 -0.297499 -3.144188 -0.111767 -3.780064 -2.008199 -3.475149 -4.130068 2.037057 0.589362 -2.230731 -0.540896 -0.060371 1.967163 1.160443 -0.231381 -0.443998 -1.417818 1.228386 2.524361 2.617160 3.549324 2.003161 4.459119 -9999.0 -9999.0 -9999.0
-9999.0 -9999.0 -9999.0 -9999.0 -9999.0 -9999.0 -9999.0 -9999.0 -1.235897 -0.330260 -0.844222 -1.846495 0.161826 -0.217612 -0.737797 0.043802 1.073990 1.298597 3.470554 4.171422 6.784591 5.534877 4.374646 3.695754 1.856238 3.358742 1.873336 -0.075245 -1.851962 0.227314 0.300773 2.024053 0.345284 0.369908 0.362162 1.435384 2.249122 -0.095904 -0.648984 0.265356 -1.648657 -3.887588 -3.364373 0.562972 2.077462 -0.922061 -2.925239 -2.070488 -0.193392 1.730603 2.479281 0.017390 -1.180307 1.768430 3.039922 0.538795 0.057364 1.353501 3.780278 5.507856 5.815963 -9999.0 -9999.0
-9999.0 -9999.0 -9999.0 -9999.0 -9999.0 -9999.0 -9999.0 -9999.0 -0.912491 1.476747 1.048095 -1.115657 1.813900 -1.426732 -0.144461 -0.492338 0.672296 2.219047 3.646996 6.215705 4.527042 5.851803 5.721757 3.653742 5.241384 2.370195 1.040075 -0.642222 -1.486765 1.746131 2.006540 2.181286 -0.825259 -1.006531 1.389574 2.577622 -0.347838 -0.054546 -1.097027 -0.878510 -2.759140 0.042886 0.259823 -2.066778 -1.437701 -1.644820 1.023709 0.315152 -0.973728 0.078475 2.986681 1.995907 -0.399638 -0.620562 1.017784 1.852560 3.069932 4.110809 5.424495 5.573384 5.647702 -9999.0 -9999.0
-9999.0 -9999.0 -9999.0 -9999.0 -9999.0 -9999.0 -9999.0 -9999.0 -4.575208 1.013519 -0.077940 -1.270936 2.238198 -0.162091 -0.113507 1.122722 3.115422 3.552624 3.134461 3.892707 4.287825 4.435086 5.813471 5.739695 2.394182 1.070328 -0.231750 -1.115882 2.551368 -0.087645 -0.256573 -0.203972 0.079932 -0.036340 -0.489355 2.157822 2.237746 0.390118 -0.545848 -0.506314 0.322548 1.658360 1.765227 2.754289 0.297581 1.809238 1.969019 2.652750 2.047790 -0.078743 0.802021 3.487448 2.639382 1.416469 3.276738 4.058884 5.018200 4.166963 5.231590 5.347322 4.649600 2.895860 -9999.0
-9999.0 -9999.0 -9999.0 -9999.0 -9999.0 -9999.0 -9999.0 -9999.0 0.333668 0.991516 -0.060939 -0.406686 0.053246 0.754972 3.674721 3.146661 2.776105 1.949570 0.830932 1.820548 3.280406 4.299044 4.495047 4.685600 4.249170 0.643682 -0.660478 0.117528 1.088525 0.957586 -0.597721 0.254033 1.752622 0.272993 -0.085028 -0.028957 0.304584 1.729533 1.463425 -0.012734 -0.145178 -0.133921 -0.010955 -0.122399 -0.580690 2.361594 -0.155459 0.137582 -0.010982 1.597011 2.762985 3.067804 3.845681 4.372751 4.340475 4.421109 4.853550 4.986152 5.359419 4.713434 4.014501 2.356304 -9999.0
-9999.0 -9999.0 1.553866 1.452698 -0.583293 -0.501276 -0.300666 -0.625665 1.362103 0.479741 -0.154473 1.015460 1.053096 2.426424 4.931984 2.366749 0.710844 -0.585078 -0.221667 0.597690 1.918388 4.213013 4.328311 2.807999 3.520450 1.614885 0.665092 0.731323 1.890212 3.364664 -0.214271 -0.040535 3.560254 1.161988 2.033592 1.077741 2.900991 3.206866 2.320206 0.201532 1.354605 1.785475 1.332170 1.225839 -0.354732 0.096521 1.670591 1.395086 2.909482 4.022943 4.873546 4.996215 5.027370 4.898085 4.488071 6.378020 4.630589 4.526887 3.842959 3.627879 3.282097 1.718415 -9999.0
-9999.0 -0.258366 -0.253097 -0.296434 -0.410367 -0.209744 -0.380451 -0.905827 -1.227357 0.303800 -0.334401 -0.077258 2.020048 4.410458 3.470175 0.324440 -0.190882 -0.482415 -0.216560 0.594468 2.104697 3.565943 4.361077 3.557018 5.770082 3.606932 4.870328 4.916208 3.713857 2.839092 2.535918 2.215116 2.874612 5.326409 3.920805 4.443427 5.157809 5.229540 5.170150 4.214712 3.835912 4.080244 3.787259 1.883449 1.368641 1.933287 3.465238 4.341054 5.195530 3.624898 4.511882 4.401122 4.363020 4.071565 3.984700 3.302483 2.592674 2.556914 2.049053 2.153255 1.283941 1.548046 -9999.0
-9999.0 1.286605 -0.023343 0.117056 1.648321 -0.038646 -1.392306 -0.813700 1.642005 1.627061 -0.304626 -0.135578 2.063003 3.577766 1.118939 -0.532247 -0.532201 -0.403951 0.439793 0.957855 2.537689 2.568874 3.542230 3.098056 5.916736 6.408422 3.779767 4.382675 4.314051 4.590206 4.468378 3.952197 4.344085 4.560437 6.513436 5.850216 9.178057 10.030119 6.984781 6.474297 6.294337 5.932026 5.348875 4.534359 4.804066 5.023576 5.361020 5.335254 4.505899 4.497871 3.848179 2.883646 2.420235 3.416147 2.654942 0.823916 1.202333 0.219025 0.145150 -0.047313 0.030011 -9999.0 -9999.0
