erum2020/resources/simulation/Vinschgau/output-maps/TL0001N0313.asc
ncols         63
nrows         48
xllcorner     598000.000000
yllcorner     5145000.000000
cellsize      1000.000000
NODATA_value  -9999.0
[rows 0 to 27 of 48, columns 0 to 62 of 63]
-9999.0 -9999.0 -9999.0 -9999.0 -9999.0 -9999.0 -9999.0 -9999.0 -9999.0 -9999.0 -9999.0 -9999.0 -9999.0 -9999.0 -9999.0 -9999.0 -9999.0 -9999.0 -9999.0 -9999.0 -9999.0 -9999.0 -9999.0 -9999.0 -9999.0 -9999.0 -9999.0 -9999.0 -9999.0 -9999.0 -9999.0 -9999.0 -9999.0 -9999.0 -9999.0 -9999.0 -9999.0 -9999.0 -9999.0 -9999.0 -9999.0 -9999.0 -9999.0 -9999.0 -9999.0 -9999.0 -9999.0 -9999.0 -9999.0 -9999.0 -9999.0 -9999.0 -9999.0 -9999.0 -9999.0 -9999.0 -9999.0 -9999.0 -9999.0 -9999.0 -9999.0 -9999.0 -9999.0
-9999.0 -9999.0 -9999.0 -9999.0 -9999.0 -9999.0 -9999.0 -9999.0 -9999.0 -9999.0 -9999.0 -9999.0 -9999.0 -9999.0 -9999.0 -9999.0 -9999.0 -9999.0 -9999.0 -9999.0 -9999.0 -9999.0 -9999.0 -9999.0 -9999.0 -9999.0 -9999.0 -4.748362 -3.894176 -3.070505 -6.625730 -7.729118 -7.558796 -9999.0 -9999.0 -9999.0 -9999.0 -9999.0 -9999.0 -9999.0 -9999.0 -9999.0 -9999.0 -9999.0 -9999.0 -9999.0 -9999.0 -9999.0 -9999.0 -9999.0 -9999.0 -9999.0 -9999.0 -9999.0 -9999.0 -9999.0 -9999.0 -9999.0 -9999.0 -9999.0 -9999.0 -9999.0 -9999.0
-9999.0 -9999.0 -9999.0 -9999.0 -9999.0 -9999.0 -9999.0 -9999.0 -9999.0 -9999.0 -9999.0 -9999.0 -9999.0 -9999.0 -9999.0 -9999.0 -9999.0 -9999.0 -9999.0 -9999.0 -9999.0 -9999.0 -9999.0 -9999.0 -3.548317 -0.664153 -0.265430 -0.474668 -0.193157 -1.884959 -6.548718 -9999.0 -9999.0 -9999.0 -9999.0 -9999.0 -9999.0 -9999.0 -9999.0 -9999.0 -9999.0 -9999.0 -9999.0 -9999.0 -9999.0 -9999.0 -9999.0 -9999.0 -9999.0 -9999.0 -9999.0 -9999.0 -9999.0 -9999.0 -9999.0 -9999.0 -9999.0 -9999.0 -9999.0 -9999.0 -9999.0 -9999.0 -9999.0
-9999.0 -9999.0 -9999.0 -9999.0 -9999.0 -9999.0 -9999.0 -9999.0 -9999.0 -9999.0 -9999.0 -9999.0 -9999.0 -9999.0 -9999.0 -9999.0 -9999.0 -9999.0 -9999.0 -9999.0 -9999.0 -9999.0 -9999.0 -1.757657 -0.310407 -0.625447 -0.803911 -0.756514 -0.537026 -0.674711 -4.133607 -5.886464 -9999.0 -9999.0 -9999.0 -9999.0 -9999.0 -9999.0 -9999.0 -9999.0 -9999.0 -9999.0 -9999.0 -9999.0 -9999.0 -9999.0 -9999.0 -9999.0 -9999.0 -9999.0 -9999.0 -9999.0 -9999.0 -9999.0 -9999.0 -9999.0 -9999.0 -9999.0 -9999.0 -9999.0 -9999.0 -9999.0 -9999.0
-9999.0 -9999.0 -9999.0 -9999.0 -9999.0 -9999.0 -9999.0 -9999.0 -9999.0 -9999.0 -9999.0 -9999.0 -9999.0 -9999.0 -9999.0 -9999.0 -9999.0 -9999.0 -0.245317 -0.604465 -9999.0 -3.160156 -0.337698 -0.600535 -2.218697 0.466862 -1.622699 -2.146196 0.579018 -0.494270 -0.543416 -4.547047 -3.821516 -6.456736 -9999.0 -9999.0 -9999.0 -9999.0 -9999.0 -9999.0 -9999.0 -9999.0 -9999.0 -9999.0 -9999.0 -9999.0 -9999.0 -9999.0 -9999.0 -9999.0 -9999.0 -9999.0 -9999.0 -9999.0 -9999.0 -9999.0 -9999.0 -9999.0 -9999.0 -9999.0 -9999.0 -9999.0 -9999.0
-9999.0 -9999.0 -9999.0 -9999.0 -9999.0 -9999.0 -9999.0 -9999.0 -9999.0 -9999.0 -9999.0 -9999.0 -9999.0 -9999.0 -9999.0 -9999.0 -9999.0 -2.014073 -2.943256 -2.197054 -0.572081 -0.305714 -0.607090 -2.754532 4.448034 -1.927674 -5.347508 -4.506583 -4.776852 -2.661395 -0.613308 -0.849880 -0.451829 -1.618680 -6.886072 -8.932136 -9999.0 -9999.0 -9999.0 -9999.0 -9999.0 -9999.0 -9999.0 -9999.0 -9999.0 -9999.0 -9999.0 -9999.0 -9999.0 -9999.0 -9999.0 -9999.0 -9999.0 -9999.0 -9999.0 -9999.0 -9999.0 -9999.0 -9999.0 -9999.0 -9999.0 -9999.0 -9999.0
-9999.0 -9999.0 -9999.0 -9999.0 -9999.0 -9999.0 -9999.0 -9999.0 -9999.0 -9999.0 -9999.0 -9999.0 -9999.0 -3.840800 -0.712360 -3.769866 -2.587906 7.574759 -2.644131 -2.647758 -2.045637 -1.565509 -0.287120 3.509412 -0.767320 -5.791611 -6.590030 -5.592145 -6.680607 -5.027613 -4.231073 -6.099539 -6.586745 -8.527269 -8.572577 -9.418172 -9999.0 -9999.0 -9999.0 -9999.0 -9999.0 -9999.0 -9999.0 -9999.0 -9999.0 -9999.0 -9999.0 -9999.0 -9999.0 -9999.0 -9999.0 -9999.0 -9999.0 -9999.0 -9999.0 -9999.0 -9999.0 -9999.0 -9999.0 -9999.0 -9999.0 -9999.0 -9999.0
-9999.0 -9999.0 -9999.0 -9999.0 -9999.0 -9999.0 -9999.0 -9999.0 -9999.0 -9999.0 -9999.0 -9999.0 -9999.0 -1.659610 -1.546068 -1.979443 -2.695620 1.693905 8.593400 -0.783378 0.154912 -3.451826 -2.450287 -1.363386 -0.613064 -3.296734 -3.704639 -7.206680 -8.003115 -6.937439 -6.028947 -8.418169 -8.682909 -9.761206 -9.549333 -9999.0 -9999.0 -9999.0 -9999.0 -9999.0 -9999.0 -9999.0 -9999.0 -9999.0 -9999.0 -9999.0 -9999.0 -9999.0 -9999.0 -9999.0 -9999.0 -9999.0 -9999.0 -9999.0 -9999.0 -9999.0 -9999.0 -9999.0 -9999.0 -9999.0 -9999.0 -9999.0 -9999.0
-9999.0 -9999.0 -9999.0 -9999.0 -9999.0 -9999.0 -9999.0 -9999.0 -9999.0 -9999.0 -9999.0 -9999.0 -9999.0 -0.651858 0.546824 -0.252197 -2.002331 -3.052449 7.136847 0.119470 -2.095327 -5.244355 -3.579846 -4.629461 -3.779789 -3.579235 -3.049184 -7.891125 -4.349873 -8.695279 -8.264965 -10.159615 -9.832919 -10.932171 -9.891127 -9999.0 -9999.0 -9999.0 -9999.0 -9999.0 -9999.0 -9999.0 -9999.0 -9999.0 -9999.0 -9999.0 -9999.0 -9999.0 -9999.0 -9999.0 -9999.0 -9999.0 -9999.0 -9999.0 -9999.0 -9999.0 -9999.0 -9999.0 -9999.0 -9999.0 -9999.0 -9999.0 -9999.0
-9999.0 -9999.0 -9999.0 -9999.0 -9999.0 -9999.0 -9999.0 -9999.0 -9999.0 -9999.0 -9999.0 -9999.0 -1.134296 -2.963537 -1.043624 -4.872386 -2.038483 -2.950053 4.465916 -0.155646 -1.676728 -5.453133 -4.568847 -4.959160 -1.309340 -7.167658 -5.193606 -5.555477 -0.863395 -8.267402 -9.182227 -5.616738 -5.581012 -8.693062 -9999.0 -9999.0 -9999.0 -9999.0 -9999.0 -9999.0 -9999.0 -9999.0 -9999.0 -9999.0 -9999.0 -9999.0 -9999.0 -9999.0 -9999.0 -9999.0 -9999.0 -9999.0 -9999.0 -9999.0 -9999.0 -9999.0 -9999.0 -9999.0 -9999.0 -9999.0 -9999.0 -9999.0 -9999.0
-9999.0 -9999.0 -9999.0 -9999.0 -9999.0 -9999.0 -9999.0 -9999.0 -9999.0 -9999.0 -9999.0 -4.200216 -3.868524 -1.355971 -5.200101 -5.028653 -5.624201 -3.209121 4.850786 -0.396017 -2.813984 -2.643006 -4.152862 -6.027748 -3.526548 -5.469742 -8.107474 -3.730254 -3.344890 -9.045423 -6.332911 -0.706021 -5.994492 -7.554958 -6.522517 -4.167078 -4.634155 -4.084314 2.737809 -9999.0 -9999.0 -9999.0 -7.579720 -9999.0 -9999.0 -9999.0 -9999.0 -9999.0 -9999.0 -9999.0 -9999.0 -9999.0 -9999.0 -9999.0 -9999.0 -9999.0 -9999.0 -9999.0 -9999.0 -9999.0 -9999.0 -9999.0 -9999.0
-9999.0 -9999.0 -9999.0 -9999.0 -9999.0 -9999.0 -9999.0 -9999.0 -9999.0 -9999.0 -9999.0 -4.865425 -4.437547 -2.674172 -3.671354 -6.277525 -2.574662 -3.361341 4.277734 1.092264 2.639261 -1.250465 -2.973360 -4.327557 -4.653597 -5.718703 -3.200765 -0.452765 -4.880251 -7.920535 -1.880521 -1.406604 -3.232032 -6.861290 -7.624149 -4.971874 2.871348 6.234715 5.866180 -3.882718 -5.759064 -7.107023 -3.214710 -6.695563 -9999.0 -9999.0 -9999.0 -0.189892 -4.488593 -4.134374 -2.456192 -3.328235 -3.367054 -0.113428 -0.093046 -3.120871 -9999.0 -9999.0 -9999.0 -9999.0 -9999.0 -9999.0 -9999.0
-9999.0 -9999.0 -9999.0 -9999.0 -9999.0 -9999.0 -9999.0 -9999.0 -9999.0 -9999.0 -9999.0 -3.758520 -5.199700 -4.163456 -3.484224 -4.794140 -1.415267 -2.739240 1.006074 3.759352 -3.224927 -1.758894 -0.838922 -1.188722 -6.557074 -3.137640 -0.508277 -4.323587 -6.625570 -6.608745 -7.198782 -2.997920 -1.062309 -7.055689 -6.503134 0.674225 -0.587160 0.217274 10.279858 6.514074 3.283184 -4.745199 -3.192555 -1.585067 -5.990448 -9999.0 -7.182394 -4.614569 -0.284642 -0.076222 -0.113236 -0.066870 -0.018983 -0.015971 -0.017680 -0.110768 -9999.0 -9999.0 -9999.0 -9999.0 -9999.0 -9999.0 -9999.0
-9999.0 -9999.0 -9999.0 -9999.0 -9999.0 -9999.0 -9999.0 -9999.0 -9999.0 -9999.0 -9999.0 -9999.0 -4.515174 -3.396261 -0.830809 -2.897583 -1.071269 -2.670093 2.555520 3.947913 -3.395298 -1.303685 -2.480535 -0.922173 -3.291706 -0.375124 -1.610379 -6.040887 -5.996261 -5.044921 -3.290038 -0.867359 -1.750084 -5.875684 -8.577861 -6.120405 -2.601396 -1.351228 11.166161 7.049795 2.596886 6.873300 -2.940188 -2.595080 -1.697044 -4.791165 -5.063371 -4.756273 -2.555248 -0.274509 -2.498929 -2.187308 -0.051920 -0.277934 -3.307235 -3.456619 -0.457304 -9999.0 -9999.0 -9999.0 -9999.0 -9999.0 -9999.0
-9999.0 -9999.0 -9999.0 -9999.0 -9999.0 -9999.0 -9999.0 -9999.0 -9999.0 -9999.0 -9999.0 -0.808767 -5.248214 -4.824877 -0.689174 -0.619694 -0.993393 -2.503260 1.986877 0.097976 -2.810411 -2.739821 -0.783605 -0.463537 -0.194789 -1.477907 -1.821534 -6.777558 -3.585169 -2.686732 -0.993626 -0.925746 -2.021841 -5.890221 -9.476370 -5.414555 -6.715044 -1.870475 -0.574166 8.274043 -0.381241 0.154646 -1.212168 -2.126682 -2.326868 -4.480605 -0.851940 -0.284285 -0.254668 -1.361360 -5.332743 -5.521054 -4.545248 -6.249811 -5.617576 -6.354033 -2.579860 -9999.0 -9999.0 -9999.0 -9999.0 -9999.0 -9999.0
-9999.0 -9999.0 -9999.0 -9999.0 -9999.0 -9999.0 -9999.0 -9999.0 -9999.0 -9999.0 -1.236116 -0.268587 -0.171190 -3.424694 -0.160680 -2.233620 -3.377524 -2.704363 -3.079323 0.106864 2.501648 -2.088673 -1.204692 -0.952718 -2.360488 -0.633320 -5.034591 -3.624671 -0.338765 -0.683808 -2.483922 -3.172074 -5.065946 -7.054046 -10.172144 -6.927863 -4.629578 -1.684403 -1.561277 1.151067 0.559507 -3.081865 -3.604276 -3.149768 -2.341009 -1.121219 -1.100832 -1.424001 -2.228706 -2.529399 -0.724994 -6.134765 -6.121638 -6.579801 -5.946254 -0.031256 -0.031338 -9999.0 -9999.0 -9999.0 -9999.0 -9999.0 -9999.0
-9999.0 -9999.0 -9999.0 -9999.0 -9999.0 -9999.0 -9999.0 -9999.0 -9999.0 -5.254124 -2.065203 -1.361444 -2.351860 -0.337848 -0.222314 -3.156187 -4.534166 -1.431028 -2.224522 0.158810 3.060955 -2.954503 -3.261857 0.497231 -0.843096 -4.181874 -0.491869 -0.971692 -2.196181 -1.990985 0.180928 -4.323941 -8.145165 -9.355337 -6.924222 -7.147881 -6.888263 -4.097264 -5.566877 -4.051468 -0.947431 -5.274897 -4.314120 -0.044103 -3.159349 -2.155752 3.330739 -1.065697 -0.137091 0.174198 -0.206574 -3.885591 -7.015722 -5.516147 -3.738659 -1.380621 -0.020389 -0.009454 -1.148308 -9999.0 -9999.0 -9999.0 -9999.0
-9999.0 -9999.0 -9999.0 -9999.0 -9999.0 -9999.0 -9999.0 -9999.0 -9999.0 -5.028826 -5.107119 -4.483930 1.767935 -2.522495 -0.989690 -0.203528 -0.199627 -2.021147 -1.223473 6.114907 6.423914 7.968264 -1.799338 -1.115452 -3.991420 -0.544987 -2.212629 -2.021330 0.419037 -1.949645 -1.229563 -0.441678 -6.409650 -5.786622 -2.719130 -1.053179 -1.792074 -1.922467 -7.360251 -5.518281 -5.673975 -6.966772 -1.981031 -2.673918 -0.004900 1.577376 1.540559 -0.047301 -0.804428 -1.804001 -0.208573 -0.326148 -5.303019 -4.856630 -5.695433 -0.477142 -0.028785 -0.023409 -0.006175 -9999.0 -9999.0 -9999.0 -9999.0
-9999.0 -9999.0 -9999.0 -9999.0 -9999.0 -9999.0 -9999.0 -9999.0 -9999.0 -9999.0 -4.872211 -3.909220 -2.344956 -3.365836 -2.101269 -1.439303 -1.453263 -0.304634 -0.006359 2.804611 1.637574 -1.940870 -0.373164 -0.652355 -0.391915 -1.969180 -0.315039 1.009407 -0.974486 -5.415962 -5.753048 -1.568969 -6.925978 -7.340915 -0.637593 -1.269052 -1.498076 -1.715798 -4.409183 -7.789287 -8.589740 -0.693474 -2.391069 -4.508464 -3.401369 -2.203271 -2.090168 -2.336987 2.795012 0.087448 -0.244787 -0.052544 -3.062913 -4.857723 -4.195905 -4.816065 -2.667568 -0.252718 0.193954 0.117903 -9999.0 -9999.0 -9999.0
-9999.0 -9999.0 -9999.0 -9999.0 -9999.0 -9999.0 -9999.0 -9999.0 -9999.0 -9999.0 -4.862476 -4.480447 -3.662074 -0.937198 4.718579 -3.121507 -3.391215 -1.956067 1.662038 3.628852 0.247413 -2.266369 -2.001218 -1.551071 -2.194413 -0.173447 1.283866 -1.700414 -2.229455 -7.011592 -6.687961 -4.212241 -3.505720 -7.526793 -6.885454 -5.908078 -2.824036 -1.022511 -0.894197 -7.277577 -4.549644 -3.849122 -4.868870 -6.298021 -2.691996 -3.130636 -1.442954 -1.927338 -0.743644 1.672251 0.117701 -0.043788 -0.025116 -2.805805 -4.597304 -2.476484 -5.076361 -0.016862 0.096726 1.198754 -9999.0 -9999.0 -9999.0
-9999.0 -9999.0 -9999.0 -9999.0 -9999.0 -9999.0 -9999.0 -9999.0 -0.223607 -0.136851 -3.387478 -3.600078 -3.080392 -2.211668 -1.123525 0.154822 0.218479 7.652427 3.807917 4.071597 2.527459 0.574324 -0.579271 -2.531542 -0.307856 0.121712 1.014489 -2.939297 -3.253045 -5.087784 -8.288996 -6.433755 -5.416970 -5.903761 -4.801872 -7.658620 -3.590535 -0.966205 -1.015494 -5.603084 -6.259663 -5.766349 -6.957406 -7.485238 -1.573523 -1.058901 -5.446199 -1.910493 -1.649775 0.727887 0.154628 -1.761789 -0.018866 -3.192781 -0.349825 -0.016471 -0.007948 -0.266357 0.379470 0.461320 -9999.0 -9999.0 -9999.0
-9999.0 -9999.0 -9999.0 -9999.0 -9999.0 -9999.0 -9999.0 -9999.0 -4.263583 -0.446670 -0.158554 -5.952102 -4.811883 -2.028796 -0.270965 -1.368521 -1.963584 -2.044618 1.962167 4.401628 12.314463 10.333123 9.003053 6.145281 -0.004898 0.288374 -2.513773 -0.588938 -5.313760 -4.016783 -4.691723 -0.624262 -3.681888 -4.477981 -3.196431 -0.959198 -0.251317 -1.231339 -0.195641 -3.341859 -6.486259 -8.430886 -6.969585 -2.217431 -0.103348 -3.370901 -6.004907 -5.161084 -0.432657 -1.579123 1.805302 -1.863920 -0.021387 -0.017273 -0.460827 0.209933 0.061297 0.249485 2.257738 5.845354 6.431358 -9999.0 -9999.0
-9999.0 -9999.0 -9999.0 -9999.0 -9999.0 -9999.0 -9999.0 -9999.0 -5.063352 -1.409146 -0.366821 -2.990242 -0.156535 -5.102064 -0.863659 -2.821392 -0.067716 0.310955 2.642304 9.371688 5.889766 9.618877 10.435622 4.550315 9.296009 -0.691152 -2.195585 -0.480240 -0.764662 -0.199360 -0.973032 -0.120125 -0.244891 -0.163650 -0.849679 -0.472003 -2.176413 -2.505858 -0.176967 -2.584436 -4.644605 -4.971337 -2.815470 -4.593112 -4.836135 -4.936383 -3.318390 -0.177956 -3.848920 -1.721396 1.078592 0.601179 -2.375055 -0.502376 0.444343 0.639664 1.689895 2.443562 4.311494 3.903662 5.623031 -9999.0 -9999.0
-9999.0 -9999.0 -9999.0 -9999.0 -9999.0 -9999.0 -9999.0 -9999.0 -6.660294 -2.476089 -1.900022 -0.273815 -0.059821 -0.965876 -2.885039 -1.602300 0.140908 2.801643 0.815267 2.311990 3.754907 5.568992 10.141835 10.167390 0.042119 -1.919124 -0.151975 -0.259391 -0.742050 -1.999335 -0.203175 -0.140624 -2.037362 -2.019703 -0.548702 -0.138423 -0.080105 -0.050502 -0.229246 -0.145217 -3.214925 -0.475879 -0.114455 -0.150856 -0.644745 -1.722843 -0.049275 -0.043997 -0.047836 -1.606322 -1.324056 2.348611 1.337263 0.538636 1.994468 2.573678 4.196771 2.123919 4.625312 5.553537 1.745729 -0.003033 -9999.0
-9999.0 -9999.0 -9999.0 -9999.0 -9999.0 -9999.0 -9999.0 -9999.0 -4.163606 -1.372982 -0.259864 -2.522155 -2.339480 -1.659033 4.163148 0.828527 0.808187 -1.717688 -1.628631 -1.797773 1.595976 4.519369 5.168200 3.543123 4.557703 -1.817288 -1.364133 -1.571636 -0.150148 -0.096509 -0.345560 -1.519168 0.110995 -1.447902 -0.325557 -0.203945 -1.410547 0.145963 -1.517161 -0.359673 -0.198062 -0.244356 -2.149153 -1.026206 -0.110342 -0.083425 -0.606034 -0.441564 -2.147806 0.284186 0.912894 0.321615 2.900089 3.569187 3.861961 3.902218 4.843724 4.928050 3.198440 1.647766 0.165783 -1.417308 -9999.0
-9999.0 -9999.0 -0.357805 -0.302204 -2.780953 -0.112931 -0.103201 -0.096191 -0.225155 -2.555983 -0.084207 -1.306786 -1.365738 0.446258 8.435621 0.315316 -1.613558 -3.222424 -2.099740 -1.310610 -1.242045 2.845856 4.281358 3.622003 1.639980 -0.218548 -2.039985 -2.400647 -1.107975 2.979984 -2.406079 -2.076856 2.519751 -2.039372 0.279254 -2.072004 0.690049 1.295982 -0.611488 -1.877678 0.129148 0.213484 -1.828874 0.104756 -1.751043 -1.958741 0.221987 -1.406638 0.906366 2.199676 3.906687 3.859533 5.065503 4.886522 4.287435 9.392936 2.433952 1.599832 0.328721 0.123664 -1.191782 -0.205922 -9999.0
-9999.0 -0.296225 -0.495369 -0.205959 -0.132422 -0.222122 -1.333248 -3.441453 -3.859869 -4.442777 -0.394073 -0.275314 -0.185463 4.938179 3.905359 -0.812911 -1.485616 -2.803568 -0.321105 -2.151452 -0.098070 0.170966 5.520432 2.932848 8.733883 4.043121 9.116037 8.506420 1.469221 0.611837 0.566370 0.250124 0.350746 6.041583 1.855369 2.775708 3.670446 3.181169 3.702093 2.690301 1.865700 2.235109 1.572039 -1.119978 -1.700718 -1.024584 1.149680 0.364884 4.062072 1.610701 3.806811 3.603906 1.711575 1.742942 1.464228 0.228588 0.065334 -1.119636 -1.279441 -0.054292 -0.010650 -0.040827 -9999.0
-9999.0 -1.167880 -1.528016 -2.270284 1.683527 -1.682063 -0.448330 -0.109201 -0.189757 -0.139311 -0.056295 -2.557992 -0.300857 4.005426 -1.546189 -0.131251 -3.641435 -0.190420 -0.935593 -2.003681 -1.846158 0.019019 0.258482 1.462687 9.642554 11.137009 3.829761 4.982763 4.135667 0.275137 3.085220 2.324399 1.988363 2.137062 6.633408 3.804650 9.731214 13.745760 4.864144 4.651699 4.430458 4.107701 3.942994 2.639647 3.800137 3.921578 6.395464 6.301919 3.821178 3.819555 0.671193 0.059738 -0.250423 0.234237 0.086453 -0.798015 -1.117252 -0.016841 -0.016207 -0.013840 -0.012660 -9999.0 -9999.0
