erum2020/resources/simulation/Vinschgau/output-maps/TL0005N1248.asc
ncols         63
nrows         48
xllcorner     598000.000000
yllcorner     5145000.000000
cellsize      1000.000000
NODATA_value  -9999.0
[rows 0 to 27 of 48, columns 0 to 62 of 63]
-9999.0 -9999.0 -9999.0 -9999.0 -9999.0 -9999.0 -9999.0 -9999.0 -9999.0 -9999.0 -9999.0 -9999.0 -9999.0 -9999.0 -9999.0 -9999.0 -9999.0 -9999.0 -9999.0 -9999.0 -9999.0 -9999.0 -9999.0 -9999.0 -9999.0 -9999.0 -9999.0 -9999.0 -9999.0 -9999.0 -9999.0 -9999.0 -9999.0 -9999.0 -9999.0 -9999.0 -9999.0 -9999.0 -9999.0 -9999.0 -9999.0 -9999.0 -9999.0 -9999.0 -9999.0 -9999.0 -9999.0 -9999.0 -9999.0 -9999.0 -9999.0 -9999.0 -9999.0 -9999.0 -9999.0 -9999.0 -9999.0 -9999.0 -9999.0 -9999.0 -9999.0 -9999.0 -9999.0
-9999.0 -9999.0 -9999.0 -9999.0 -9999.0 -9999.0 -9999.0 -9999.0 -9999.0 -9999.0 -9999.0 -9999.0 -9999.0 -9999.0 -9999.0 -9999.0 -9999.0 -9999.0 -9999.0 -9999.0 -9999.0 -9999.0 -9999.0 -9999.0 -9999.0 -9999.0 -9999.0 1.111390 0.708874 1.567094 0.548878 0.398977 -0.006479 -9999.0 -9999.0 -9999.0 -9999.0 -9999.0 -9999.0 -9999.0 -9999.0 -9999.0 -9999.0 -9999.0 -9999.0 -9999.0 -9999.0 -9999.0 -9999.0 -9999.0 -9999.0 -9999.0 -9999.0 -9999.0 -9999.0 -9999.0 -9999.0 -9999.0 -9999.0 -9999.0 -9999.0 -9999.0 -9999.0
-9999.0 -9999.0 -9999.0 -9999.0 -9999.0 -9999.0 -9999.0 -9999.0 -9999.0 -9999.0 -9999.0 -9999.0 -9999.0 -9999.0 -9999.0 -9999.0 -9999.0 -9999.0 -9999.0 -9999.0 -9999.0 -9999.0 -9999.0 -9999.0 0.892844 0.950977 1.100544 0.879032 1.062606 0.994492 0.462673 -9999.0 -9999.0 -9999.0 -9999.0 -9999.0 -9999.0 -9999.0 -9999.0 -9999.0 -9999.0 -9999.0 -9999.0 -9999.0 -9999.0 -9999.0 -9999.0 -9999.0 -9999.0 -9999.0 -9999.0 -9999.0 -9999.0 -9999.0 -9999.0 -9999.0 -9999.0 -9999.0 -9999.0 -9999.0 -9999.0 -9999.0 -9999.0
-9999.0 -9999.0 -9999.0 -9999.0 -9999.0 -9999.0 -9999.0 -9999.0 -9999.0 -9999.0 -9999.0 -9999.0 -9999.0 -9999.0 -9999.0 -9999.0 -9999.0 -9999.0 -9999.0 -9999.0 -9999.0 -9999.0 -9999.0 1.004962 1.975163 3.634767 3.784584 3.929023 4.268461 1.701926 0.487159 0.184589 -9999.0 -9999.0 -9999.0 -9999.0 -9999.0 -9999.0 -9999.0 -9999.0 -9999.0 -9999.0 -9999.0 -9999.0 -9999.0 -9999.0 -9999.0 -9999.0 -9999.0 -9999.0 -9999.0 -9999.0 -9999.0 -9999.0 -9999.0 -9999.0 -9999.0 -9999.0 -9999.0 -9999.0 -9999.0 -9999.0 -9999.0
-9999.0 -9999.0 -9999.0 -9999.0 -9999.0 -9999.0 -9999.0 -9999.0 -9999.0 -9999.0 -9999.0 -9999.0 -9999.0 -9999.0 -9999.0 -9999.0 -9999.0 -9999.0 5.442300 2.048412 -9999.0 1.554200 2.046995 3.490707 3.381868 4.171159 3.743999 4.242939 2.395016 1.013144 1.365078 0.543419 0.262478 0.212303 -9999.0 -9999.0 -9999.0 -9999.0 -9999.0 -9999.0 -9999.0 -9999.0 -9999.0 -9999.0 -9999.0 -9999.0 -9999.0 -9999.0 -9999.0 -9999.0 -9999.0 -9999.0 -9999.0 -9999.0 -9999.0 -9999.0 -9999.0 -9999.0 -9999.0 -9999.0 -9999.0 -9999.0 -9999.0
-9999.0 -9999.0 -9999.0 -9999.0 -9999.0 -9999.0 -9999.0 -9999.0 -9999.0 -9999.0 -9999.0 -9999.0 -9999.0 -9999.0 -9999.0 -9999.0 -9999.0 5.187215 3.839392 4.285337 3.398447 0.542862 1.457299 3.303493 4.753743 0.209198 -0.034393 0.893583 -0.025761 2.171079 2.500418 1.461255 1.896794 0.996618 0.166661 0.175155 -9999.0 -9999.0 -9999.0 -9999.0 -9999.0 -9999.0 -9999.0 -9999.0 -9999.0 -9999.0 -9999.0 -9999.0 -9999.0 -9999.0 -9999.0 -9999.0 -9999.0 -9999.0 -9999.0 -9999.0 -9999.0 -9999.0 -9999.0 -9999.0 -9999.0 -9999.0 -9999.0
-9999.0 -9999.0 -9999.0 -9999.0 -9999.0 -9999.0 -9999.0 -9999.0 -9999.0 -9999.0 -9999.0 -9999.0 -9999.0 4.272626 3.070725 3.572524 4.879910 10.263457 4.959085 3.834535 3.600264 3.261402 4.073934 4.872390 -0.006264 2.076296 0.042455 -0.026722 -0.025453 0.012505 -0.238978 1.206961 0.782262 0.582422 0.611403 0.158675 -9999.0 -9999.0 -9999.0 -9999.0 -9999.0 -9999.0 -9999.0 -9999.0 -9999.0 -9999.0 -9999.0 -9999.0 -9999.0 -9999.0 -9999.0 -9999.0 -9999.0 -9999.0 -9999.0 -9999.0 -9999.0 -9999.0 -9999.0 -9999.0 -9999.0 -9999.0 -9999.0
-9999.0 -9999.0 -9999.0 -9999.0 -9999.0 -9999.0 -9999.0 -9999.0 -9999.0 -9999.0 -9999.0 -9999.0 -9999.0 4.664659 4.680622 4.265191 4.052250 9.802147 10.319387 5.641781 4.197569 6.756314 2.858833 1.585825 2.338595 0.643498 0.717656 1.480812 0.719623 -0.034181 -0.062724 0.573204 0.340012 0.228119 0.246442 -9999.0 -9999.0 -9999.0 -9999.0 -9999.0 -9999.0 -9999.0 -9999.0 -9999.0 -9999.0 -9999.0 -9999.0 -9999.0 -9999.0 -9999.0 -9999.0 -9999.0 -9999.0 -9999.0 -9999.0 -9999.0 -9999.0 -9999.0 -9999.0 -9999.0 -9999.0 -9999.0 -9999.0
-9999.0 -9999.0 -9999.0 -9999.0 -9999.0 -9999.0 -9999.0 -9999.0 -9999.0 -9999.0 -9999.0 -9999.0 -9999.0 4.807783 4.461467 6.040458 3.924840 4.672854 10.706878 5.030051 7.503740 3.328171 0.388576 -0.014452 2.617178 1.879546 2.226606 0.546650 0.189205 0.258794 0.388491 0.160983 0.239080 -6.161171 0.172782 -9999.0 -9999.0 -9999.0 -9999.0 -9999.0 -9999.0 -9999.0 -9999.0 -9999.0 -9999.0 -9999.0 -9999.0 -9999.0 -9999.0 -9999.0 -9999.0 -9999.0 -9999.0 -9999.0 -9999.0 -9999.0 -9999.0 -9999.0 -9999.0 -9999.0 -9999.0 -9999.0 -9999.0
-9999.0 -9999.0 -9999.0 -9999.0 -9999.0 -9999.0 -9999.0 -9999.0 -9999.0 -9999.0 -9999.0 -9999.0 3.697746 3.965023 5.696440 4.149762 2.574059 4.178762 10.656833 5.972373 4.004391 0.018307 0.389959 -0.012062 -0.414549 0.711933 -1.907077 0.373784 0.751053 0.296334 -0.002261 0.266920 0.020867 0.170761 -9999.0 -9999.0 -9999.0 -9999.0 -9999.0 -9999.0 -9999.0 -9999.0 -9999.0 -9999.0 -9999.0 -9999.0 -9999.0 -9999.0 -9999.0 -9999.0 -9999.0 -9999.0 -9999.0 -9999.0 -9999.0 -9999.0 -9999.0 -9999.0 -9999.0 -9999.0 -9999.0 -9999.0 -9999.0
-9999.0 -9999.0 -9999.0 -9999.0 -9999.0 -9999.0 -9999.0 -9999.0 -9999.0 -9999.0 -9999.0 3.885905 5.143250 2.534435 5.203864 6.482551 5.278689 4.540826 10.369922 7.529027 2.889542 3.139234 2.302975 1.207772 0.684700 0.935347 0.210091 0.663575 0.021805 0.188863 0.305155 0.768321 0.635305 0.214797 0.272821 0.860776 0.427966 0.759096 0.918983 -9999.0 -9999.0 -9999.0 0.158718 -9999.0 -9999.0 -9999.0 -9999.0 -9999.0 -9999.0 -9999.0 -9999.0 -9999.0 -9999.0 -9999.0 -9999.0 -9999.0 -9999.0 -9999.0 -9999.0 -9999.0 -9999.0 -9999.0 -9999.0
-9999.0 -9999.0 -9999.0 -9999.0 -9999.0 -9999.0 -9999.0 -9999.0 -9999.0 -9999.0 -9999.0 3.404040 4.907483 6.656641 6.313267 6.045466 7.370808 4.978944 10.543665 8.074900 7.362450 4.177611 1.747770 -1.072162 -0.629194 0.705158 0.589829 0.868398 1.700837 0.293918 0.603710 0.978942 0.172364 0.019470 0.156452 0.626597 1.636557 1.942212 1.006106 0.176925 0.305001 0.288100 0.534086 0.329431 -9999.0 -9999.0 -9999.0 0.002504 -0.002710 0.187517 -0.003170 0.074525 0.086637 -0.022551 -0.023872 0.079807 -9999.0 -9999.0 -9999.0 -9999.0 -9999.0 -9999.0 -9999.0
-9999.0 -9999.0 -9999.0 -9999.0 -9999.0 -9999.0 -9999.0 -9999.0 -9999.0 -9999.0 -9999.0 3.175125 3.741986 1.385871 5.842620 6.704632 2.778129 3.985488 9.206829 7.984157 2.434260 0.361867 -0.173014 0.886473 0.703323 1.203362 -0.441109 -2.427642 0.921690 0.178530 0.687545 -1.001683 0.882099 0.019318 0.327561 1.318512 -1.039537 -0.216518 2.667013 0.667292 0.913362 0.395561 0.877574 0.654528 0.013193 -9999.0 0.119791 0.009075 0.316869 0.754507 1.197508 1.748934 0.630492 0.232596 0.269837 0.016013 -9999.0 -9999.0 -9999.0 -9999.0 -9999.0 -9999.0 -9999.0
-9999.0 -9999.0 -9999.0 -9999.0 -9999.0 -9999.0 -9999.0 -9999.0 -9999.0 -9999.0 -9999.0 -9999.0 3.644437 0.012280 4.709764 5.110085 0.899055 3.017832 9.814238 7.845932 2.312516 0.740688 -0.033136 -0.551354 -1.408894 -0.469729 0.945248 1.426970 0.521700 0.406974 0.573719 -0.557053 1.539939 0.239020 0.176387 0.731914 -0.384255 -0.851758 3.560459 1.904183 2.148875 2.100638 -0.141028 1.096841 0.532121 0.010663 0.145143 0.014722 -1.404509 -0.460102 -0.023184 -1.261695 -2.648929 -1.784781 -1.430722 0.283877 0.019196 -9999.0 -9999.0 -9999.0 -9999.0 -9999.0 -9999.0
-9999.0 -9999.0 -9999.0 -9999.0 -9999.0 -9999.0 -9999.0 -9999.0 -9999.0 -9999.0 -9999.0 -0.074882 2.108350 5.145619 -0.002223 0.659391 1.853217 2.336867 9.222932 4.278864 2.586154 0.667493 -0.003380 -0.362955 -0.336834 -1.385211 -0.697397 0.464378 0.217982 1.402136 -0.460882 -0.932462 1.901719 0.250900 0.130230 0.627690 0.880807 -0.038362 0.374695 3.603775 -0.041271 -0.006788 -0.028463 0.050980 2.182428 0.484537 0.724155 1.355188 1.910975 -0.016014 -2.152681 0.503915 -2.147571 -4.986546 -5.694705 -5.295161 0.249667 -9999.0 -9999.0 -9999.0 -9999.0 -9999.0 -9999.0
-9999.0 -9999.0 -9999.0 -9999.0 -9999.0 -9999.0 -9999.0 -9999.0 -9999.0 -9999.0 1.110188 -0.039644 1.944117 2.302743 3.466155 0.013439 0.011806 -0.005827 3.436600 3.928518 5.859617 3.902033 -0.341713 2.551977 -0.017338 -1.055696 -0.867186 -3.033945 1.587522 1.818855 -1.075191 -1.368801 1.656050 0.240635 0.239173 0.715404 1.559224 -0.243437 -0.287168 0.624206 0.731357 1.702144 5.933282 0.926672 -0.018802 1.418725 0.766579 -0.077765 -0.206969 -0.010709 -3.236670 0.180488 -6.142514 -6.067669 -0.002541 0.220030 0.243789 -9999.0 -9999.0 -9999.0 -9999.0 -9999.0 -9999.0
-9999.0 -9999.0 -9999.0 -9999.0 -9999.0 -9999.0 -9999.0 -9999.0 -9999.0 0.754352 1.277394 -0.026624 -0.020328 -0.048876 -0.068450 -0.032173 -0.020571 4.280862 3.361333 3.969558 6.264873 0.765381 0.217126 0.974303 0.361449 -1.193119 -1.546848 1.803989 -0.028395 -0.015865 0.401511 -1.399868 0.868332 0.264705 0.370597 0.664711 1.428274 -0.602475 -0.296706 -0.055711 -0.667385 -0.378594 -0.242901 1.496219 1.065426 -0.020723 3.045608 -0.078689 -0.070122 0.431997 -0.932352 0.234530 -6.683590 0.003527 0.034420 -3.590597 -1.904670 0.324796 0.116206 -9999.0 -9999.0 -9999.0 -9999.0
-9999.0 -9999.0 -9999.0 -9999.0 -9999.0 -9999.0 -9999.0 -9999.0 -9999.0 0.802724 0.711446 1.999624 2.835247 -0.005686 -0.022738 -0.052178 2.930637 1.017405 3.928353 7.374058 6.935453 6.455443 4.302192 2.584757 -0.801371 -0.615996 -0.052049 -0.011998 0.875674 2.675374 2.048372 -1.772574 0.717954 0.159665 0.336784 0.634821 1.034858 2.000905 0.690412 2.079793 -0.480791 -0.824690 -0.034104 1.142995 2.625669 2.471171 2.142249 0.819809 -0.006837 0.572361 -2.662101 -4.092502 -0.389514 -0.756857 0.237896 -3.573768 -3.447410 -0.922486 0.968887 -9999.0 -9999.0 -9999.0 -9999.0
-9999.0 -9999.0 -9999.0 -9999.0 -9999.0 -9999.0 -9999.0 -9999.0 -9999.0 -9999.0 0.567254 1.819227 -0.020709 -0.503220 0.192805 -0.020342 -0.006757 2.314042 4.707448 5.323661 7.039238 2.603460 -0.009955 -0.284835 -0.320607 -0.018765 0.518247 1.379796 1.988612 -1.321937 -1.666153 -2.268420 -2.374115 0.214927 0.859315 1.867346 1.590562 1.639803 1.039953 0.651600 0.535258 1.480840 2.106195 -0.019592 -0.008243 -0.004746 1.599100 4.602598 3.686274 0.575630 -1.622451 -1.615950 0.007253 -0.583983 -0.890905 -0.001446 0.402717 -1.045183 -0.048585 -0.014392 -9999.0 -9999.0 -9999.0
-9999.0 -9999.0 -9999.0 -9999.0 -9999.0 -9999.0 -9999.0 -9999.0 -9999.0 -9999.0 0.286720 0.807871 1.424357 -0.013624 3.499638 0.129363 -0.006327 2.470453 5.147974 6.023864 3.241367 1.354827 -0.015223 -0.024857 -0.016699 0.938180 2.032112 -0.008060 -1.014761 -2.100265 0.619083 1.023299 -2.441592 0.182172 0.642079 1.853594 -0.946928 -0.057257 -1.685705 0.361700 0.695939 3.392649 -0.083875 1.696797 1.387417 -0.141380 -0.010052 -0.007025 2.991570 2.646688 0.321059 -1.006636 -2.807049 0.093645 -1.699615 -0.583900 -0.003431 -0.086188 1.289350 2.244704 -9999.0 -9999.0 -9999.0
-9999.0 -9999.0 -9999.0 -9999.0 -9999.0 -9999.0 -9999.0 -9999.0 0.841915 0.556071 0.366571 0.885919 -0.405562 -0.037369 -0.035939 1.473577 2.775945 7.284763 6.269784 6.419838 4.965095 3.860385 2.967123 1.234159 0.776113 1.785572 3.593050 -0.580087 -0.951290 -2.041870 0.228219 0.631631 0.648819 0.190750 0.735709 0.710024 3.207101 -0.044108 -2.268979 0.704495 1.551197 1.342269 -2.106360 0.972796 2.360964 1.101864 -2.087235 -0.038068 -0.005303 2.627056 0.705731 -0.636533 -1.885662 -4.549411 -0.117482 0.126490 0.454755 1.801869 0.939666 4.335502 -9999.0 -9999.0 -9999.0
-9999.0 -9999.0 -9999.0 -9999.0 -9999.0 -9999.0 -9999.0 -9999.0 -2.478462 -0.976005 -1.900085 0.215656 0.709506 -1.587610 -0.654377 -0.005047 1.778320 2.363101 5.366786 6.960838 10.521465 9.469020 8.825861 7.724802 3.218817 3.228743 0.694798 -0.045240 -2.364457 0.234695 0.023972 0.897879 0.774682 1.100892 0.900406 1.061222 4.293590 0.251736 -0.032966 1.395436 0.642784 0.393503 1.251906 1.544155 0.862454 -0.200082 -2.495949 1.073825 -0.027600 1.345444 2.101148 -0.022691 -4.392774 -0.001857 0.580808 -2.188548 -0.139542 -0.013025 2.916305 5.872786 6.849869 -9999.0 -9999.0
-9999.0 -9999.0 -9999.0 -9999.0 -9999.0 -9999.0 -9999.0 -9999.0 0.620828 0.620587 0.327611 -2.362278 0.503989 -1.918922 -0.076898 -0.561464 0.140355 3.341664 5.284141 10.276910 7.415549 9.813625 9.782511 6.004733 7.491800 3.093438 0.229904 -0.967239 -2.863933 0.636754 1.245629 1.124998 -1.029840 -0.698480 1.781034 3.746490 0.051699 1.618640 -0.028180 -0.060404 1.287169 1.527951 0.925121 0.565809 -0.638708 0.901469 0.627949 0.373789 -1.187975 -0.007563 2.497810 0.580914 -3.378142 -4.250171 -0.030924 -0.015820 1.288106 2.721034 5.721723 6.137293 6.597036 -9999.0 -9999.0
-9999.0 -9999.0 -9999.0 -9999.0 -9999.0 -9999.0 -9999.0 -9999.0 0.204492 1.185585 -0.046697 -2.832832 0.755707 -0.605254 -0.357074 0.114383 3.849201 5.080932 7.535816 5.552846 6.868646 7.276239 9.424264 8.607210 3.495912 0.889120 -0.024489 -1.721481 1.263177 -0.338798 -0.068201 -0.052852 0.107344 -0.020978 -0.023422 3.055854 5.303919 3.956226 0.598750 -0.016947 1.885634 2.028388 1.962120 2.296304 0.724913 1.483117 1.673400 1.861610 0.658782 -0.168015 -0.005556 2.189163 0.653891 -0.029041 0.920927 1.855777 3.518637 4.747547 5.629846 6.334031 5.326485 2.600870 -9999.0
-9999.0 -9999.0 -9999.0 -9999.0 -9999.0 -9999.0 -9999.0 -9999.0 -0.020083 0.730420 -1.682551 -1.322280 -0.476657 -0.102909 2.712643 2.528452 4.980127 2.324772 0.693277 2.754509 4.627988 6.697262 6.889201 6.568718 6.683187 0.137082 -0.830547 -0.016913 0.214919 0.010757 -0.133035 0.532955 2.452575 1.409530 0.651329 1.814735 3.692615 5.934186 5.321822 2.339894 0.855806 0.673783 0.904340 0.156905 -0.103588 2.300893 -0.028187 -0.048696 -0.030031 0.456803 1.730128 1.609713 1.854139 1.976209 2.670768 3.049416 3.699134 4.727659 5.565155 5.630533 4.075227 2.006513 -9999.0
-9999.0 -9999.0 1.178145 0.873684 -2.912493 -0.782735 -2.082310 -1.988536 0.148757 0.350239 -0.620278 -0.767377 -0.084529 0.032554 3.938525 1.811142 -0.009911 -0.957819 -0.040668 -0.004801 2.622957 5.351966 6.122464 6.006378 4.675851 1.894525 -0.006123 0.136416 2.456240 3.769128 -0.008537 0.723278 6.308699 3.281458 4.849420 4.511945 7.335411 8.176407 7.103129 4.414409 5.064400 5.104326 4.166170 2.756098 -0.005616 0.595202 1.813460 1.321099 2.861972 4.072145 4.936922 4.331718 3.385346 2.884826 2.806317 6.510668 3.477550 3.935829 3.841129 3.434343 4.937027 1.208606 -9999.0
-9999.0 -0.056307 -0.682823 -0.395343 -0.657219 -1.011393 -1.720958 -1.961483 -2.697394 0.200925 -1.764130 -0.644646 -0.006254 3.366416 3.082922 -0.245134 -0.581200 -1.072891 -0.505749 -0.006180 2.397230 4.159370 7.117596 4.800469 7.921303 4.455413 6.123800 6.410501 5.178403 3.672997 3.780472 3.923203 5.651177 9.179744 7.951667 9.199778 10.827528 11.074979 11.003736 9.360127 8.467105 8.351661 7.651791 4.698843 3.400802 3.799912 5.017167 5.812494 6.795406 5.999316 5.265304 4.104049 3.258126 2.470666 2.397815 1.917218 0.695817 1.051751 1.709155 3.357423 0.418411 0.995795 -9999.0
-9999.0 2.901261 -0.018421 -0.027289 1.420080 -0.045450 -2.258585 -2.262090 0.025383 0.211412 -1.765101 -0.986832 0.170107 3.210536 -0.072833 -3.417895 -1.858981 -1.350849 -1.381012 -0.012353 3.803901 1.897432 2.975913 3.150654 7.650647 8.706288 5.326622 6.360696 6.364065 6.280944 6.425891 6.195301 7.450635 8.360532 11.943107 11.344319 16.455861 17.450985 13.900823 12.819587 12.104495 11.112237 10.012557 7.956280 7.820374 7.685606 8.047233 7.776053 7.163326 6.313549 4.361895 1.946677 0.829868 1.416642 0.581334 -0.018264 -0.404000 -0.034844 -0.023044 -0.068311 -0.015673 -9999.0 -9999.0
