erum2020/resources/simulation/Vinschgau/output-maps/TL0007N0567.asc
ncols         63
nrows         48
xllcorner     598000.000000
yllcorner     5145000.000000
cellsize      1000.000000
NODATA_value  -9999.0
[rows 0 to 27 of 48, columns 0 to 62 of 63]
-9999.0 -9999.0 -9999.0 -9999.0 -9999.0 -9999.0 -9999.0 -9999.0 -9999.0 -9999.0 -9999.0 -9999.0 -9999.0 -9999.0 -9999.0 -9999.0 -9999.0 -9999.0 -9999.0 -9999.0 -9999.0 -9999.0 -9999.0 -9999.0 -9999.0 -9999.0 -9999.0 -9999.0 -9999.0 -9999.0 -9999.0 -9999.0 -9999.0 -9999.0 -9999.0 -9999.0 -9999.0 -9999.0 -9999.0 -9999.0 -9999.0 -9999.0 -9999.0 -9999.0 -9999.0 -9999.0 -9999.0 -9999.0 -9999.0 -9999.0 -9999.0 -9999.0 -9999.0 -9999.0 -9999.0 -9999.0 -9999.0 -9999.0 -9999.0 -9999.0 -9999.0 -9999.0 -9999.0
-9999.0 -9999.0 -9999.0 -9999.0 -9999.0 -9999.0 -9999.0 -9999.0 -9999.0 -9999.0 -9999.0 -9999.0 -9999.0 -9999.0 -9999.0 -9999.0 -9999.0 -9999.0 -9999.0 -9999.0 -9999.0 -9999.0 -9999.0 -9999.0 -9999.0 -9999.0 -9999.0 10.601047 9.738609 8.778368 7.918011 8.340230 7.784217 -9999.0 -9999.0 -9999.0 -9999.0 -9999.0 -9999.0 -9999.0 -9999.0 -9999.0 -9999.0 -9999.0 -9999.0 -9999.0 -9999.0 -9999.0 -9999.0 -9999.0 -9999.0 -9999.0 -9999.0 -9999.0 -9999.0 -9999.0 -9999.0 -9999.0 -9999.0 -9999.0 -9999.0 -9999.0 -9999.0
-9999.0 -9999.0 -9999.0 -9999.0 -9999.0 -9999.0 -9999.0 -9999.0 -9999.0 -9999.0 -9999.0 -9999.0 -9999.0 -9999.0 -9999.0 -9999.0 -9999.0 -9999.0 -9999.0 -9999.0 -9999.0 -9999.0 -9999.0 -9999.0 9.865639 10.441363 10.705659 10.520405 9.778799 8.848786 8.482747 -9999.0 -9999.0 -9999.0 -9999.0 -9999.0 -9999.0 -9999.0 -9999.0 -9999.0 -9999.0 -9999.0 -9999.0 -9999.0 -9999.0 -9999.0 -9999.0 -9999.0 -9999.0 -9999.0 -9999.0 -9999.0 -9999.0 -9999.0 -9999.0 -9999.0 -9999.0 -9999.0 -9999.0 -9999.0 -9999.0 -9999.0 -9999.0
-9999.0 -9999.0 -9999.0 -9999.0 -9999.0 -9999.0 -9999.0 -9999.0 -9999.0 -9999.0 -9999.0 -9999.0 -9999.0 -9999.0 -9999.0 -9999.0 -9999.0 -9999.0 -9999.0 -9999.0 -9999.0 -9999.0 -9999.0 10.346197 10.994718 10.573822 11.010622 11.112646 9.875415 10.365144 9.243864 8.230620 -9999.0 -9999.0 -9999.0 -9999.0 -9999.0 -9999.0 -9999.0 -9999.0 -9999.0 -9999.0 -9999.0 -9999.0 -9999.0 -9999.0 -9999.0 -9999.0 -9999.0 -9999.0 -9999.0 -9999.0 -9999.0 -9999.0 -9999.0 -9999.0 -9999.0 -9999.0 -9999.0 -9999.0 -9999.0 -9999.0 -9999.0
-9999.0 -9999.0 -9999.0 -9999.0 -9999.0 -9999.0 -9999.0 -9999.0 -9999.0 -9999.0 -9999.0 -9999.0 -9999.0 -9999.0 -9999.0 -9999.0 -9999.0 -9999.0 11.743616 9.558385 -9999.0 9.767291 10.388446 10.249773 10.969325 12.760953 13.444229 13.472732 12.121068 10.646789 10.137712 8.829967 9.176209 8.353990 -9999.0 -9999.0 -9999.0 -9999.0 -9999.0 -9999.0 -9999.0 -9999.0 -9999.0 -9999.0 -9999.0 -9999.0 -9999.0 -9999.0 -9999.0 -9999.0 -9999.0 -9999.0 -9999.0 -9999.0 -9999.0 -9999.0 -9999.0 -9999.0 -9999.0 -9999.0 -9999.0 -9999.0 -9999.0
-9999.0 -9999.0 -9999.0 -9999.0 -9999.0 -9999.0 -9999.0 -9999.0 -9999.0 -9999.0 -9999.0 -9999.0 -9999.0 -9999.0 -9999.0 -9999.0 -9999.0 10.446282 8.263082 9.385448 10.920416 5.858276 9.295700 10.876346 14.629106 7.403082 6.129128 8.669686 6.482477 9.531450 9.815090 8.783933 8.878605 8.419186 7.480309 6.939438 -9999.0 -9999.0 -9999.0 -9999.0 -9999.0 -9999.0 -9999.0 -9999.0 -9999.0 -9999.0 -9999.0 -9999.0 -9999.0 -9999.0 -9999.0 -9999.0 -9999.0 -9999.0 -9999.0 -9999.0 -9999.0 -9999.0 -9999.0 -9999.0 -9999.0 -9999.0 -9999.0
-9999.0 -9999.0 -9999.0 -9999.0 -9999.0 -9999.0 -9999.0 -9999.0 -9999.0 -9999.0 -9999.0 -9999.0 -9999.0 9.283521 8.499855 7.870435 9.447262 19.305311 10.137123 10.158959 10.623956 11.726660 13.031157 14.463219 7.005189 9.531524 6.759960 4.699000 6.163802 5.677023 7.126547 8.321008 7.892074 7.116772 7.107447 6.970755 -9999.0 -9999.0 -9999.0 -9999.0 -9999.0 -9999.0 -9999.0 -9999.0 -9999.0 -9999.0 -9999.0 -9999.0 -9999.0 -9999.0 -9999.0 -9999.0 -9999.0 -9999.0 -9999.0 -9999.0 -9999.0 -9999.0 -9999.0 -9999.0 -9999.0 -9999.0 -9999.0
-9999.0 -9999.0 -9999.0 -9999.0 -9999.0 -9999.0 -9999.0 -9999.0 -9999.0 -9999.0 -9999.0 -9999.0 -9999.0 9.508278 9.266700 8.098717 7.856738 15.156924 19.212597 12.971503 9.832834 12.926435 8.500676 7.847699 9.903278 8.536010 9.115456 7.828495 9.648969 5.238266 3.468361 6.988385 6.866884 6.444590 6.623600 -9999.0 -9999.0 -9999.0 -9999.0 -9999.0 -9999.0 -9999.0 -9999.0 -9999.0 -9999.0 -9999.0 -9999.0 -9999.0 -9999.0 -9999.0 -9999.0 -9999.0 -9999.0 -9999.0 -9999.0 -9999.0 -9999.0 -9999.0 -9999.0 -9999.0 -9999.0 -9999.0 -9999.0
-9999.0 -9999.0 -9999.0 -9999.0 -9999.0 -9999.0 -9999.0 -9999.0 -9999.0 -9999.0 -9999.0 -9999.0 -9999.0 8.633083 10.190488 9.975743 7.101639 8.410182 19.378161 9.736635 12.931674 9.250537 6.545667 6.239367 9.527652 8.492339 9.007623 8.466243 8.745787 8.648233 6.706017 6.526921 6.433507 2.908334 6.511403 -9999.0 -9999.0 -9999.0 -9999.0 -9999.0 -9999.0 -9999.0 -9999.0 -9999.0 -9999.0 -9999.0 -9999.0 -9999.0 -9999.0 -9999.0 -9999.0 -9999.0 -9999.0 -9999.0 -9999.0 -9999.0 -9999.0 -9999.0 -9999.0 -9999.0 -9999.0 -9999.0 -9999.0
-9999.0 -9999.0 -9999.0 -9999.0 -9999.0 -9999.0 -9999.0 -9999.0 -9999.0 -9999.0 -9999.0 -9999.0 7.525290 9.583960 8.994821 7.004097 5.105777 7.329394 15.748455 10.541538 9.821157 6.865226 6.134553 5.693524 7.255613 7.911308 5.559999 8.214308 8.236486 6.880298 6.465669 9.027420 6.881886 6.794685 -9999.0 -9999.0 -9999.0 -9999.0 -9999.0 -9999.0 -9999.0 -9999.0 -9999.0 -9999.0 -9999.0 -9999.0 -9999.0 -9999.0 -9999.0 -9999.0 -9999.0 -9999.0 -9999.0 -9999.0 -9999.0 -9999.0 -9999.0 -9999.0 -9999.0 -9999.0 -9999.0 -9999.0 -9999.0
-9999.0 -9999.0 -9999.0 -9999.0 -9999.0 -9999.0 -9999.0 -9999.0 -9999.0 -9999.0 -9999.0 8.166582 6.104896 6.337472 6.017451 8.100449 6.174414 6.575633 15.497222 8.577901 6.847265 9.506750 9.179069 9.153245 5.409065 8.113852 7.210965 9.291479 7.937974 6.752867 9.597312 8.876607 7.752451 8.140202 9.247399 10.886560 11.553234 12.648314 12.487921 -9999.0 -9999.0 -9999.0 9.926596 -9999.0 -9999.0 -9999.0 -9999.0 -9999.0 -9999.0 -9999.0 -9999.0 -9999.0 -9999.0 -9999.0 -9999.0 -9999.0 -9999.0 -9999.0 -9999.0 -9999.0 -9999.0 -9999.0 -9999.0
-9999.0 -9999.0 -9999.0 -9999.0 -9999.0 -9999.0 -9999.0 -9999.0 -9999.0 -9999.0 -9999.0 6.972934 6.143378 5.649668 6.437823 7.685870 7.951492 7.899473 15.582472 13.147792 12.798580 10.174918 9.001833 3.650895 2.750109 8.565806 9.512697 9.167996 8.187131 7.491318 8.770580 8.295506 8.791173 8.003075 9.134225 10.717495 14.186659 13.744206 12.630551 11.097259 11.125858 10.946880 10.196732 9.790239 -9999.0 -9999.0 -9999.0 7.466704 8.104285 8.886233 8.444627 8.115715 7.922486 7.618647 7.882866 7.769953 -9999.0 -9999.0 -9999.0 -9999.0 -9999.0 -9999.0 -9999.0
-9999.0 -9999.0 -9999.0 -9999.0 -9999.0 -9999.0 -9999.0 -9999.0 -9999.0 -9999.0 -9999.0 7.597051 8.195303 3.143971 7.727274 8.325080 3.454267 4.340644 13.052270 14.109364 6.778485 6.621320 3.360925 9.387580 8.474894 11.458303 4.661592 5.220917 8.435674 7.636095 9.843060 1.538717 10.254018 8.252082 11.158632 12.668096 9.388245 10.132620 14.213173 11.710962 12.750899 11.299935 11.114012 9.887944 8.335369 -9999.0 8.534747 8.529688 9.147227 9.661230 9.800037 9.902018 9.318442 9.198412 9.114038 8.887726 -9999.0 -9999.0 -9999.0 -9999.0 -9999.0 -9999.0 -9999.0
-9999.0 -9999.0 -9999.0 -9999.0 -9999.0 -9999.0 -9999.0 -9999.0 -9999.0 -9999.0 -9999.0 -9999.0 7.751780 2.683175 8.524649 8.673112 2.652049 4.994462 14.024694 14.352994 6.892778 7.346615 7.106531 5.163198 1.803339 2.657585 10.340290 8.236883 7.982036 10.094881 9.595608 4.469081 10.400143 9.252201 9.113552 11.536240 8.240398 10.497411 19.147864 12.082702 14.333130 13.275017 7.402524 10.781648 9.941456 8.335417 9.239032 8.725638 2.932927 7.142525 8.617868 6.291493 7.199515 1.361735 2.172597 8.315074 8.914280 -9999.0 -9999.0 -9999.0 -9999.0 -9999.0 -9999.0
-9999.0 -9999.0 -9999.0 -9999.0 -9999.0 -9999.0 -9999.0 -9999.0 -9999.0 -9999.0 -9999.0 2.942872 7.973959 8.292066 3.281147 3.322837 5.743551 4.866070 14.559695 9.202287 7.527152 6.146635 7.337552 2.960056 5.399680 7.523357 6.390701 8.139967 9.669413 10.817295 5.021838 6.630546 10.671132 8.669247 8.420911 10.420695 11.735605 9.489329 10.818896 14.874552 9.180730 10.122911 9.055885 8.706198 10.786588 8.613007 9.283659 9.718957 10.218505 8.591163 2.585075 8.075156 1.190710 1.845723 2.046127 8.345566 8.883768 -9999.0 -9999.0 -9999.0 -9999.0 -9999.0 -9999.0
-9999.0 -9999.0 -9999.0 -9999.0 -9999.0 -9999.0 -9999.0 -9999.0 -9999.0 -9999.0 9.245819 2.873944 9.142539 9.275952 10.059185 6.310454 6.037442 4.983609 8.627143 9.640697 14.305299 12.243504 5.071455 11.980504 8.472364 7.401242 1.400932 2.775641 10.293407 10.662704 7.401684 6.686575 8.687690 7.385510 7.970230 11.030722 12.598234 8.531100 7.595776 11.539563 11.457563 10.548960 17.104477 8.248509 7.710190 10.515286 10.064095 7.002985 7.950499 8.423746 2.937767 8.172324 2.014024 7.072775 8.319998 9.609174 8.886005 -9999.0 -9999.0 -9999.0 -9999.0 -9999.0 -9999.0
-9999.0 -9999.0 -9999.0 -9999.0 -9999.0 -9999.0 -9999.0 -9999.0 -9999.0 8.341847 8.838913 3.283501 5.810341 3.039749 3.472812 4.267864 2.088683 12.607436 8.700619 10.120735 15.119037 7.725470 7.072414 10.000902 8.889441 3.490022 1.755252 10.925561 7.773867 8.746879 8.849906 1.671703 8.473596 7.905731 9.800627 10.189310 9.921982 4.885595 6.941918 7.678650 7.104653 5.880860 5.640211 9.229548 8.018428 7.951802 12.717490 7.304952 7.641465 9.553392 1.765905 8.283024 6.304372 8.122107 9.153285 1.347963 1.529408 9.461732 8.961787 -9999.0 -9999.0 -9999.0 -9999.0
-9999.0 -9999.0 -9999.0 -9999.0 -9999.0 -9999.0 -9999.0 -9999.0 -9999.0 7.351253 7.826885 9.294096 11.702958 7.228565 4.246057 2.964726 11.631923 8.856039 9.660702 17.164816 16.851009 16.374548 13.854048 11.831965 1.688723 5.652739 5.825777 8.931078 10.149815 12.169004 9.997986 1.691574 8.089299 8.008992 8.771032 11.448341 11.714083 12.470709 9.804954 10.506334 6.326204 3.098029 7.854181 9.458180 9.378364 11.381546 11.007565 10.092525 9.516750 9.335661 1.590889 1.724757 7.643532 8.542338 9.031066 1.774197 2.850209 1.512802 10.250757 -9999.0 -9999.0 -9999.0 -9999.0
-9999.0 -9999.0 -9999.0 -9999.0 -9999.0 -9999.0 -9999.0 -9999.0 -9999.0 -9999.0 8.814804 9.095829 6.606537 6.213986 7.882640 6.983206 7.948178 10.207398 10.718195 12.978191 16.164527 8.715530 6.774991 2.185612 5.897925 8.887340 10.089959 10.425529 10.056857 1.438805 3.202083 4.649406 1.461187 8.427473 9.292936 9.824576 11.296412 10.648575 10.220705 8.527377 8.311269 11.279640 11.016053 7.269447 6.475302 7.152161 8.044302 14.577016 11.745357 9.310627 5.212600 6.268224 8.569677 8.656545 8.226779 9.277773 10.317159 9.956918 9.895271 10.380009 -9999.0 -9999.0 -9999.0
-9999.0 -9999.0 -9999.0 -9999.0 -9999.0 -9999.0 -9999.0 -9999.0 -9999.0 -9999.0 8.311749 8.921703 9.952077 7.130897 14.586446 7.252982 7.046557 9.413612 11.955694 13.342179 10.304766 8.526563 6.955605 7.251931 8.757872 10.717334 11.486838 6.989731 1.709712 1.395176 8.672744 9.361887 2.370519 7.561030 9.057676 8.999381 7.349350 7.255723 1.895023 7.913642 9.088980 9.508174 5.749112 9.556963 10.183949 5.419226 7.875059 6.961272 9.235088 11.821552 9.564528 2.174373 1.616545 9.255892 8.585705 9.711793 9.241236 8.729638 10.382914 12.716518 -9999.0 -9999.0 -9999.0
-9999.0 -9999.0 -9999.0 -9999.0 -9999.0 -9999.0 -9999.0 -9999.0 9.436358 9.401488 9.674983 9.141851 4.015580 4.188995 5.521372 9.275518 9.838223 17.436752 14.176695 14.023907 12.080170 11.052714 10.029985 8.315643 10.427910 10.250885 13.354084 5.461257 4.997780 1.168847 9.142847 8.398530 8.472772 8.991148 8.649718 8.643759 10.895050 7.056565 1.902077 9.550694 8.829866 8.985990 2.880323 9.767564 12.260299 10.822962 1.736914 7.246315 7.365420 12.423550 10.364473 7.182769 2.550820 1.946802 10.570003 10.664573 11.097137 12.885783 11.733998 12.008771 -9999.0 -9999.0 -9999.0
-9999.0 -9999.0 -9999.0 -9999.0 -9999.0 -9999.0 -9999.0 -9999.0 2.356320 3.177575 2.345218 9.050822 9.799058 5.813823 5.537903 7.506967 8.739907 9.450524 12.353254 14.764520 21.327805 19.495963 17.357946 16.241617 10.777612 10.631585 8.249471 7.535232 2.501305 9.160860 9.243992 10.949067 8.633667 10.619983 9.021606 10.061092 10.953019 7.833875 2.723465 8.930313 8.256424 7.662056 9.781706 9.780517 10.417781 1.804041 1.784439 9.889333 8.162882 9.485910 12.474569 9.776611 1.005153 10.901911 11.722666 9.678271 9.719915 10.897983 13.443110 15.975513 16.495241 -9999.0 -9999.0
-9999.0 -9999.0 -9999.0 -9999.0 -9999.0 -9999.0 -9999.0 -9999.0 9.179597 10.240211 9.097512 2.901092 10.093906 2.479817 4.878149 5.889402 8.289430 12.101271 12.802866 20.858040 15.349882 20.327223 19.887787 14.356401 18.091998 10.028368 7.421230 1.763668 3.658969 9.574803 11.263135 10.107588 1.836725 2.563414 9.787868 10.493054 2.185990 7.596745 2.361620 2.233036 8.394205 10.317008 9.089001 9.496935 2.026132 9.125046 10.447535 10.270150 2.915234 8.296084 12.110447 11.559957 3.590256 2.412077 11.242394 12.096656 12.971706 13.658748 15.331077 15.181256 16.201075 -9999.0 -9999.0
-9999.0 -9999.0 -9999.0 -9999.0 -9999.0 -9999.0 -9999.0 -9999.0 9.464185 10.191976 7.783090 3.346506 10.243293 4.759917 6.397420 8.559900 10.986567 12.963961 16.191005 12.993333 14.885598 15.456159 20.610547 19.770542 11.284807 8.744125 6.624657 3.561098 11.446942 7.363538 5.231985 5.254873 7.831598 7.926124 1.281334 11.162150 11.981395 8.720700 5.721779 1.921418 9.163725 9.550500 9.353919 11.143642 9.745521 11.036268 10.345983 10.488665 11.681480 9.153552 9.843749 12.583924 12.695404 12.400288 13.709040 14.250076 14.833846 13.639486 14.602545 16.097898 14.579439 11.226606 -9999.0
-9999.0 -9999.0 -9999.0 -9999.0 -9999.0 -9999.0 -9999.0 -9999.0 9.216359 9.942993 6.603902 5.869786 6.826169 7.651796 14.563881 12.794407 15.084171 9.841978 8.494740 10.223299 12.430725 15.281433 15.484949 15.324241 17.041250 8.514536 6.010317 8.898526 9.738319 8.892140 5.673692 8.674929 9.781405 8.654734 7.695415 8.429392 9.438444 9.940896 8.549828 8.693682 7.560652 2.427514 8.168722 7.494355 1.884128 10.941138 7.851099 8.986762 9.369363 11.468184 13.209047 12.684169 13.244776 15.440866 15.465820 15.628714 16.296901 16.141357 15.600668 14.452383 11.804155 10.160468 -9999.0
-9999.0 -9999.0 10.144999 10.190150 2.234919 2.827643 6.330421 2.376504 9.858642 9.713879 5.770081 8.247531 7.982423 11.051984 16.926358 11.741455 7.716587 6.072581 8.073064 8.368270 10.640578 13.368760 15.112671 14.414525 13.653598 10.275514 8.599074 8.492177 9.647473 13.802966 6.982502 7.476791 14.083040 7.886511 10.555306 8.835639 12.291099 11.301852 9.546318 7.901673 10.191594 10.114236 8.120969 9.695782 6.388271 8.968316 10.554383 8.972437 12.458418 14.229816 15.671218 16.421151 16.282194 16.404767 16.352648 21.138425 15.055163 14.566802 13.371427 11.265946 14.390741 9.011808 -9999.0
-9999.0 6.879467 6.529944 6.378729 3.360431 6.792145 6.238706 2.275142 2.318817 9.363509 4.110725 6.984691 9.588142 15.174480 15.424603 7.258845 7.541163 3.709040 5.427109 8.442349 11.114828 12.048663 17.679917 13.766544 19.889741 14.013602 17.739281 18.008647 12.946525 12.188405 12.061383 11.561053 11.144684 15.408084 13.224827 14.310430 14.890685 13.369010 14.372143 13.682691 13.198332 12.591224 12.036514 9.617762 9.233082 10.010738 13.280139 12.431156 15.215342 14.729240 15.706566 15.542506 14.759515 14.748930 14.747034 13.976965 11.454866 11.041106 11.977439 13.606834 8.662659 8.573282 -9999.0
-9999.0 10.720059 7.713533 7.890136 12.347508 7.452972 2.138112 2.538284 9.929352 10.427932 2.796916 7.108264 9.557355 15.749630 7.951152 1.430831 1.919527 2.448983 8.929716 7.980623 14.643548 11.324508 12.798733 14.685611 20.577812 21.589983 13.984620 15.364301 14.659101 13.308871 13.684852 13.068973 13.062706 13.575930 18.131118 15.614302 22.398650 22.790787 16.592088 16.641755 15.965966 15.076119 13.698744 13.073676 13.768331 14.136700 15.667314 15.769963 15.182596 15.155772 13.790481 11.928445 11.669126 12.190921 11.288790 10.124797 9.795487 9.045922 8.264192 7.698787 7.581348 -9999.0 -9999.0
