erum2020/resources/simulation/Vinschgau/output-maps/TL0003N0321.asc
ncols         63
nrows         48
xllcorner     598000.000000
yllcorner     5145000.000000
cellsize      1000.000000
NODATA_value  -9999.0
[rows 0 to 27 of 48, columns 0 to 62 of 63]
-9999.0 -9999.0 -9999.0 -9999.0 -9999.0 -9999.0 -9999.0 -9999.0 -9999.0 -9999.0 -9999.0 -9999.0 -9999.0 -9999.0 -9999.0 -9999.0 -9999.0 -9999.0 -9999.0 -9999.0 -9999.0 -9999.0 -9999.0 -9999.0 -9999.0 -9999.0 -9999.0 -9999.0 -9999.0 -9999.0 -9999.0 -9999.0 -9999.0 -9999.0 -9999.0 -9999.0 -9999.0 -9999.0 -9999.0 -9999.0 -9999.0 -9999.0 -9999.0 -9999.0 -9999.0 -9999.0 -9999.0 -9999.0 -9999.0 -9999.0 -9999.0 -9999.0 -9999.0 -9999.0 -9999.0 -9999.0 -9999.0 -9999.0 -9999.0 -9999.0 -9999.0 -9999.0 -9999.0
-9999.0 -9999.0 -9999.0 -9999.0 -9999.0 -9999.0 -9999.0 -9999.0 -9999.0 -9999.0 -9999.0 -9999.0 -9999.0 -9999.0 -9999.0 -9999.0 -9999.0 -9999.0 -9999.0 -9999.0 -9999.0 -9999.0 -9999.0 -9999.0 -9999.0 -9999.0 -9999.0 -0.639815 -0.460880 -0.503957 -5.684164 -7.408756 -7.184810 -9999.0 -9999.0 -9999.0 -9999.0 -9999.0 -9999.0 -9999.0 -9999.0 -9999.0 -9999.0 -9999.0 -9999.0 -9999.0 -9999.0 -9999.0 -9999.0 -9999.0 -9999.0 -9999.0 -9999.0 -9999.0 -9999.0 -9999.0 -9999.0 -9999.0 -9999.0 -9999.0 -9999.0 -9999.0 -9999.0
-9999.0 -9999.0 -9999.0 -9999.0 -9999.0 -9999.0 -9999.0 -9999.0 -9999.0 -9999.0 -9999.0 -9999.0 -9999.0 -9999.0 -9999.0 -9999.0 -9999.0 -9999.0 -9999.0 -9999.0 -9999.0 -9999.0 -9999.0 -9999.0 -0.365763 -0.284293 -0.514368 -0.255058 -0.337415 -0.466991 -5.280616 -9999.0 -9999.0 -9999.0 -9999.0 -9999.0 -9999.0 -9999.0 -9999.0 -9999.0 -9999.0 -9999.0 -9999.0 -9999.0 -9999.0 -9999.0 -9999.0 -9999.0 -9999.0 -9999.0 -9999.0 -9999.0 -9999.0 -9999.0 -9999.0 -9999.0 -9999.0 -9999.0 -9999.0 -9999.0 -9999.0 -9999.0 -9999.0
-9999.0 -9999.0 -9999.0 -9999.0 -9999.0 -9999.0 -9999.0 -9999.0 -9999.0 -9999.0 -9999.0 -9999.0 -9999.0 -9999.0 -9999.0 -9999.0 -9999.0 -9999.0 -9999.0 -9999.0 -9999.0 -9999.0 -9999.0 -0.303474 -0.567441 -1.753049 -0.591190 -0.936060 -1.716195 -0.581995 -0.542931 -2.630593 -9999.0 -9999.0 -9999.0 -9999.0 -9999.0 -9999.0 -9999.0 -9999.0 -9999.0 -9999.0 -9999.0 -9999.0 -9999.0 -9999.0 -9999.0 -9999.0 -9999.0 -9999.0 -9999.0 -9999.0 -9999.0 -9999.0 -9999.0 -9999.0 -9999.0 -9999.0 -9999.0 -9999.0 -9999.0 -9999.0 -9999.0
-9999.0 -9999.0 -9999.0 -9999.0 -9999.0 -9999.0 -9999.0 -9999.0 -9999.0 -9999.0 -9999.0 -9999.0 -9999.0 -9999.0 -9999.0 -9999.0 -9999.0 -9999.0 4.842274 -0.976185 -9999.0 -0.301382 -0.244707 -1.064197 0.315158 3.084542 -0.438966 -0.389498 3.813119 -1.136704 -0.508346 -0.721892 -0.662092 -1.692375 -9999.0 -9999.0 -9999.0 -9999.0 -9999.0 -9999.0 -9999.0 -9999.0 -9999.0 -9999.0 -9999.0 -9999.0 -9999.0 -9999.0 -9999.0 -9999.0 -9999.0 -9999.0 -9999.0 -9999.0 -9999.0 -9999.0 -9999.0 -9999.0 -9999.0 -9999.0 -9999.0 -9999.0 -9999.0
-9999.0 -9999.0 -9999.0 -9999.0 -9999.0 -9999.0 -9999.0 -9999.0 -9999.0 -9999.0 -9999.0 -9999.0 -9999.0 -9999.0 -9999.0 -9999.0 -9999.0 1.626316 0.619021 -0.902335 -0.633161 -0.607699 -1.221732 -0.082898 7.766556 -0.510327 -4.385923 -3.395576 -3.482543 -0.690832 -1.065120 -0.608609 -1.212954 -0.917509 -4.628899 -8.449141 -9999.0 -9999.0 -9999.0 -9999.0 -9999.0 -9999.0 -9999.0 -9999.0 -9999.0 -9999.0 -9999.0 -9999.0 -9999.0 -9999.0 -9999.0 -9999.0 -9999.0 -9999.0 -9999.0 -9999.0 -9999.0 -9999.0 -9999.0 -9999.0 -9999.0 -9999.0 -9999.0
-9999.0 -9999.0 -9999.0 -9999.0 -9999.0 -9999.0 -9999.0 -9999.0 -9999.0 -9999.0 -9999.0 -9999.0 -9999.0 -0.496884 -0.651764 -0.015513 0.546934 12.981490 0.680823 -0.027850 0.628682 0.820730 1.156073 7.399254 -0.700136 -4.874116 -6.029674 -4.481954 -6.308717 -4.284514 -2.482935 -5.516221 -5.170545 -8.414140 -7.952187 -8.795906 -9999.0 -9999.0 -9999.0 -9999.0 -9999.0 -9999.0 -9999.0 -9999.0 -9999.0 -9999.0 -9999.0 -9999.0 -9999.0 -9999.0 -9999.0 -9999.0 -9999.0 -9999.0 -9999.0 -9999.0 -9999.0 -9999.0 -9999.0 -9999.0 -9999.0 -9999.0 -9999.0
-9999.0 -9999.0 -9999.0 -9999.0 -9999.0 -9999.0 -9999.0 -9999.0 -9999.0 -9999.0 -9999.0 -9999.0 -9999.0 -0.233329 -1.505998 -1.088264 -1.091005 5.935521 13.953556 0.840400 2.613882 -0.665760 -1.016080 -0.696475 -0.591007 -0.482710 -0.627833 -6.679895 -7.746189 -6.599897 -5.224658 -8.358512 -8.549063 -9.759334 -9.145216 -9999.0 -9999.0 -9999.0 -9999.0 -9999.0 -9999.0 -9999.0 -9999.0 -9999.0 -9999.0 -9999.0 -9999.0 -9999.0 -9999.0 -9999.0 -9999.0 -9999.0 -9999.0 -9999.0 -9999.0 -9999.0 -9999.0 -9999.0 -9999.0 -9999.0 -9999.0 -9999.0 -9999.0
-9999.0 -9999.0 -9999.0 -9999.0 -9999.0 -9999.0 -9999.0 -9999.0 -9999.0 -9999.0 -9999.0 -9999.0 -9999.0 -0.764477 3.275894 -0.121751 -0.927600 -0.062177 12.711118 2.647317 -1.073989 -3.750554 -0.657692 -3.173356 -0.586236 -0.558920 -0.452145 -7.632672 -0.638517 -8.599696 -8.053504 -10.132306 -9.785125 -10.889305 -9.597649 -9999.0 -9999.0 -9999.0 -9999.0 -9999.0 -9999.0 -9999.0 -9999.0 -9999.0 -9999.0 -9999.0 -9999.0 -9999.0 -9999.0 -9999.0 -9999.0 -9999.0 -9999.0 -9999.0 -9999.0 -9999.0 -9999.0 -9999.0 -9999.0 -9999.0 -9999.0 -9999.0 -9999.0
-9999.0 -9999.0 -9999.0 -9999.0 -9999.0 -9999.0 -9999.0 -9999.0 -9999.0 -9999.0 -9999.0 -9999.0 -0.287201 0.448929 -0.169388 -0.935557 -0.232339 -0.754832 9.104812 4.748209 -0.886740 -4.628531 -2.098392 -3.986799 -0.527421 -6.754287 -4.724133 -1.899555 -0.563247 -7.930404 -9.110166 -1.298540 -1.687819 -7.627813 -9999.0 -9999.0 -9999.0 -9999.0 -9999.0 -9999.0 -9999.0 -9999.0 -9999.0 -9999.0 -9999.0 -9999.0 -9999.0 -9999.0 -9999.0 -9999.0 -9999.0 -9999.0 -9999.0 -9999.0 -9999.0 -9999.0 -9999.0 -9999.0 -9999.0 -9999.0 -9999.0 -9999.0 -9999.0
-9999.0 -9999.0 -9999.0 -9999.0 -9999.0 -9999.0 -9999.0 -9999.0 -9999.0 -9999.0 -9999.0 -0.733377 -0.394896 -1.016937 -1.951264 -3.394726 -3.277709 -1.500951 9.366920 4.120147 -0.073047 -0.113380 -0.621115 -5.246293 -0.467214 -3.037548 -8.035018 -0.491669 -0.892335 -8.787091 -2.793302 -0.928976 -2.460759 -5.679695 -4.314916 -2.678413 -3.855725 4.625563 7.600093 -9999.0 -9999.0 -9999.0 -6.162222 -9999.0 -9999.0 -9999.0 -9999.0 -9999.0 -9999.0 -9999.0 -9999.0 -9999.0 -9999.0 -9999.0 -9999.0 -9999.0 -9999.0 -9999.0 -9999.0 -9999.0 -9999.0 -9999.0 -9999.0
-9999.0 -9999.0 -9999.0 -9999.0 -9999.0 -9999.0 -9999.0 -9999.0 -9999.0 -9999.0 -9999.0 -1.284386 -1.934946 -0.495326 -0.446604 -5.704799 -0.617496 -0.059550 8.819628 5.895141 6.349194 -1.006478 -0.420179 -0.780504 -1.559959 -3.963032 -0.411468 -0.279562 -1.064568 -6.904536 -0.649436 -1.442181 -1.478915 -5.268889 -5.823721 -3.844545 7.882237 9.980649 9.033551 8.693497 2.758888 -4.851416 -2.707905 -4.490547 -9999.0 -9999.0 -9999.0 -0.033943 -0.640573 -0.461328 -0.144974 -0.256628 -0.325577 -0.027023 -0.025565 -0.472684 -9999.0 -9999.0 -9999.0 -9999.0 -9999.0 -9999.0 -9999.0
-9999.0 -9999.0 -9999.0 -9999.0 -9999.0 -9999.0 -9999.0 -9999.0 -9999.0 -9999.0 -9999.0 -0.464140 -4.623231 -0.488971 -0.499560 -0.787014 -0.656995 -1.261812 5.653997 8.598851 0.535675 -1.014870 -0.969192 -0.282328 -6.101481 -0.413836 -0.809966 -1.081542 -5.422449 -4.527192 -6.521164 -0.731379 -1.409526 -5.056994 -3.563773 5.645454 0.420361 1.926093 14.917252 10.858519 7.447319 -3.868255 -2.744733 -1.656021 -2.792824 -9999.0 -6.617317 -0.723720 -0.136804 -0.175190 -0.328815 -0.199741 -0.021363 -0.018036 -0.019769 -0.028581 -9999.0 -9999.0 -9999.0 -9999.0 -9999.0 -9999.0 -9999.0
-9999.0 -9999.0 -9999.0 -9999.0 -9999.0 -9999.0 -9999.0 -9999.0 -9999.0 -9999.0 -9999.0 -9999.0 -3.652119 -0.428167 -0.257785 -0.261926 -0.674272 -1.265097 7.596474 8.870554 0.416590 -1.193663 -0.038991 -1.141293 -0.439706 -0.557250 -1.758159 -5.177894 -3.915865 -1.046959 -0.660915 -0.766408 -1.168959 -2.606172 -7.590821 -3.847528 -0.073070 0.367004 15.684242 11.005537 7.217858 11.439186 -0.061639 -2.449906 -1.131320 -0.763263 -0.894786 -1.192144 -0.263712 -0.698963 0.221639 -2.112478 -0.299370 -0.174207 -3.234849 -3.383603 -0.038364 -9999.0 -9999.0 -9999.0 -9999.0 -9999.0 -9999.0
-9999.0 -9999.0 -9999.0 -9999.0 -9999.0 -9999.0 -9999.0 -9999.0 -9999.0 -9999.0 -9999.0 -0.201023 -4.948929 -2.914819 -0.504719 -0.585150 -0.765532 -0.981248 6.454594 2.917970 0.691109 -0.002927 -0.355489 -0.617798 -0.428849 -1.409451 -0.323254 -6.333486 -0.503704 -0.475480 -1.327039 -1.207599 -1.483731 -3.393781 -8.679411 -3.231300 -4.581843 -0.043207 0.069158 12.881215 0.700959 2.238909 0.824133 2.543852 5.170310 -1.028316 -0.253592 -0.209886 -0.147536 -1.103740 -4.922358 -5.409966 -4.418455 -6.148769 -5.511145 -6.245624 -0.226761 -9999.0 -9999.0 -9999.0 -9999.0 -9999.0 -9999.0
-9999.0 -9999.0 -9999.0 -9999.0 -9999.0 -9999.0 -9999.0 -9999.0 -9999.0 -9999.0 -0.111483 -0.245860 -0.191142 -0.359530 -0.120637 -1.374248 -0.399048 -0.365150 2.126614 3.221230 6.981113 1.517875 -1.375266 -1.210219 0.205616 -0.472562 -1.618639 -0.552878 -0.627723 -1.056006 -0.823414 -0.645143 -2.009670 -5.736977 -9.529369 -4.257415 3.600022 -0.410979 -0.015964 3.060199 3.830933 -0.018374 -1.178646 0.366814 -0.005138 -1.104289 -0.230578 -1.758816 0.380789 -0.087828 -0.194415 -5.963693 -6.026704 -6.464995 -5.790168 -0.026528 -0.026622 -9999.0 -9999.0 -9999.0 -9999.0 -9999.0 -9999.0
-9999.0 -9999.0 -9999.0 -9999.0 -9999.0 -9999.0 -9999.0 -9999.0 -9999.0 -4.658533 -0.584341 -0.114238 -1.136705 -0.342181 -0.322939 -0.414901 -3.511752 -1.033984 1.046387 4.252502 7.590536 1.263360 0.149675 3.055195 -0.319216 -0.853270 -0.622364 -0.882549 0.423480 0.730363 2.103851 -0.994054 -7.843875 -9.100147 -4.818773 -5.718018 -4.238089 -2.286879 -2.180140 -1.932676 0.328035 -1.651202 -0.874749 1.787132 0.113077 0.382220 7.388616 -1.824007 -0.367457 1.157312 -0.503086 -0.649540 -6.915893 -5.205855 -0.663656 -0.093342 -0.022076 -0.010385 -0.062690 -9999.0 -9999.0 -9999.0 -9999.0
-9999.0 -9999.0 -9999.0 -9999.0 -9999.0 -9999.0 -9999.0 -9999.0 -9999.0 -3.111114 -4.405591 -3.504018 4.965269 -0.821032 -0.723329 -0.168964 -0.244178 0.659819 2.291510 10.194723 10.287311 12.229304 -0.808163 -0.847328 -0.810848 -0.829702 -0.033488 0.801092 2.875743 -0.417430 -0.521054 -0.663946 -4.721243 -2.839030 -0.928083 -1.408111 -1.528271 -1.739299 -6.127608 -2.636472 -4.169482 -6.094061 -1.831697 -0.841921 2.053104 5.044632 5.031590 0.975361 0.672113 0.645042 -0.126804 -0.111894 -4.654211 -4.443160 -5.529876 -0.046512 -0.025957 -0.076584 -0.008590 -9999.0 -9999.0 -9999.0 -9999.0
-9999.0 -9999.0 -9999.0 -9999.0 -9999.0 -9999.0 -9999.0 -9999.0 -9999.0 -9999.0 -3.579741 -1.899818 -0.232970 0.217014 0.734049 -1.154731 -1.037496 1.049457 2.782421 6.821932 6.309266 0.912076 -0.305865 -0.253123 -0.590710 0.794462 1.615148 4.417593 -0.413675 -4.874675 -5.040311 -0.524473 -6.158956 -6.756195 -0.538755 -1.173903 -1.287280 -1.653859 -1.554248 -7.258054 -8.550227 -0.647431 -0.522344 -3.316672 -0.538848 -0.731549 -1.143066 -0.031014 6.965958 1.008816 -0.648651 -0.146837 -0.211795 -3.366789 -4.100621 -4.503811 -2.262766 0.760721 1.783110 1.299053 -9999.0 -9999.0 -9999.0
-9999.0 -9999.0 -9999.0 -9999.0 -9999.0 -9999.0 -9999.0 -9999.0 -9999.0 -9999.0 -3.335378 -3.183907 -3.032094 -0.118761 9.003104 0.161617 -0.002945 1.127533 6.615726 7.582297 4.551917 1.675352 -0.021176 -0.744575 -0.006074 2.550930 5.856052 -0.783053 -0.379576 -6.763459 -6.364691 -2.066206 -0.456104 -7.025947 -6.331401 -5.254647 -0.020857 -1.389806 -0.786122 -6.554657 -0.947194 -0.571556 -3.851247 -5.899237 -1.803916 -0.434316 -0.220172 -0.270195 2.079955 5.872073 1.068821 -0.153516 -0.027504 -0.172885 -1.235331 -0.142972 -4.948657 -0.021208 3.024497 5.503955 -9999.0 -9999.0 -9999.0
-9999.0 -9999.0 -9999.0 -9999.0 -9999.0 -9999.0 -9999.0 -9999.0 -0.341388 -0.205413 -0.412940 -2.795251 -0.725888 -0.262754 -0.126161 2.859378 3.883372 12.059169 7.872403 8.076106 7.843002 5.344703 2.221996 0.059423 1.114898 5.329398 7.611877 -0.413569 -0.389316 -1.577533 -8.155888 -5.801575 -3.299453 -4.528586 -1.118364 -7.616779 -0.682675 -1.262636 -0.500865 -1.057812 -5.344156 -5.119208 -6.584240 -7.376427 -0.197380 -0.133627 -5.011128 -0.184283 -0.869110 3.930795 1.580829 -0.488549 -0.022905 -0.207018 -0.103690 -0.019780 -0.011301 -0.611696 2.741425 5.995164 -9999.0 -9999.0 -9999.0
-9999.0 -9999.0 -9999.0 -9999.0 -9999.0 -9999.0 -9999.0 -9999.0 -2.980844 -0.558999 -0.161368 -5.652670 -4.347044 -0.240694 -0.097901 -0.656206 0.742146 -0.159378 6.750322 9.059991 17.106333 14.662852 13.241892 11.966002 3.695921 6.320888 1.880334 -0.543850 -1.724135 -0.534033 -0.685107 -0.216800 -0.445285 -0.549606 -0.258893 -0.163566 -0.641176 -1.536456 -0.340316 -0.320806 -6.174197 -8.414611 -6.712750 -0.190165 -0.297543 -0.745960 -5.578069 -4.482378 -0.110207 0.967517 5.109713 0.444348 -0.025712 -0.020572 -1.004574 3.577504 0.897770 1.987495 6.863371 9.470207 10.072079 -9999.0 -9999.0
-9999.0 -9999.0 -9999.0 -9999.0 -9999.0 -9999.0 -9999.0 -9999.0 -4.692329 -0.159536 -0.457591 -0.359930 -0.102965 -4.508088 -0.960264 -0.027134 1.575635 5.031369 7.606654 14.193363 10.237228 13.893875 14.862054 8.669883 13.402612 2.764865 -0.016146 -0.418914 -0.454033 -0.198386 -0.216232 -0.380991 -0.167369 -0.221590 -0.125838 -0.890660 -0.195584 -0.005327 -0.130657 -0.237461 -1.313710 -1.476971 -0.181727 -3.647258 -4.364728 -4.390304 -0.258457 -0.041315 -3.003226 -0.873512 4.789949 3.215530 -0.034198 -0.832609 2.031633 3.208455 5.576965 6.915944 8.299004 7.705060 9.231212 -9999.0 -9999.0
-9999.0 -9999.0 -9999.0 -9999.0 -9999.0 -9999.0 -9999.0 -9999.0 -6.231191 -0.245232 0.671182 -0.384784 -0.165953 -0.777911 0.491711 1.420884 4.996222 7.326996 4.737905 6.698385 7.557856 9.714009 14.284233 14.085883 3.779529 -0.029568 -0.291391 -0.569048 -0.876235 -0.033774 -0.503997 -0.342111 0.583140 0.281639 -0.174108 -0.115283 -0.227794 0.824935 -0.837553 -0.087715 -0.245113 -0.097298 -0.073590 -0.224096 -0.083259 -0.180174 -0.040981 -0.050166 -0.082718 -1.360627 -0.597009 6.368423 5.489526 2.791198 5.632469 6.939305 8.085794 6.984575 8.673008 9.148415 6.451442 3.120555 -9999.0
-9999.0 -9999.0 -9999.0 -9999.0 -9999.0 -9999.0 -9999.0 -9999.0 -0.580716 -0.161334 -0.184973 -0.006914 0.928594 1.546941 9.087601 5.425924 5.181876 1.127246 -0.609735 1.005763 6.180889 8.835771 9.173897 7.965455 10.811346 0.459990 -1.467860 -0.306490 1.024211 1.025067 -0.797877 -0.710994 1.711497 -0.362437 -0.944360 -0.739227 -0.020818 2.553395 0.997832 -1.016577 -0.966348 -1.324223 0.276516 -0.116327 -0.165602 -0.251981 -1.469221 0.755631 0.393933 2.129381 5.667213 5.308910 6.836785 8.114776 8.000198 7.528778 8.103497 8.457192 7.055184 6.475067 4.873961 0.069548 -9999.0
-9999.0 -9999.0 -0.165205 -0.124244 -0.268035 -0.133800 -0.201230 -0.163420 -0.144581 -0.234379 -0.067433 2.371745 2.339544 3.625936 12.739885 3.996902 -0.563024 -1.329702 -0.220774 -0.710475 2.098211 7.256043 8.263024 7.743671 7.554181 3.308463 0.639907 0.643250 2.002598 7.456827 -0.027504 -0.023043 6.034772 0.778551 2.655035 0.714120 3.307951 4.836024 1.886774 -0.006433 1.050652 1.964884 0.855538 1.074564 -0.110541 0.556196 2.185992 0.931429 5.215236 6.435673 7.790965 7.494679 8.118687 7.813917 7.154611 13.087272 6.529142 6.298293 4.884740 3.826447 -0.098399 -0.076174 -9999.0
-9999.0 -0.550947 -0.757495 -0.393524 -0.255690 -0.399460 -0.144426 -0.423584 -0.457925 -1.326394 -0.119414 -0.144793 3.331790 9.621396 8.375738 -0.140734 -0.183063 -0.295042 -0.668461 0.564520 2.787346 4.818109 9.545620 7.210560 12.950833 8.037160 13.183060 12.639008 5.738868 4.452336 3.318477 2.790360 2.995817 9.648454 5.462311 6.724663 7.775580 7.132217 7.412055 6.135470 5.505153 5.602932 5.479441 1.217025 0.850374 1.448387 5.123464 4.828044 7.901391 6.432604 6.904193 6.687495 6.291239 5.940226 5.442426 4.606923 3.134495 2.146922 -0.007412 -0.034239 -0.014519 -0.033360 -9999.0
-9999.0 -0.141574 -1.217742 0.333390 4.699830 -1.234261 -0.612362 -0.185464 -0.116587 -0.119454 -0.144353 0.330722 3.343874 8.452460 -0.380110 -0.080152 -0.439576 -0.125462 0.805532 0.920394 0.973376 3.379734 5.512361 6.965658 14.124849 15.759602 8.343998 9.334760 8.294520 5.944967 7.709945 6.763447 6.345761 6.447442 10.820320 7.490318 13.950024 17.393295 9.127843 8.751643 7.997328 7.647692 7.777292 6.570047 7.778178 8.005209 9.998609 9.777175 7.395178 7.280273 4.890167 3.137384 2.478810 4.797093 3.130339 -0.443156 -0.594977 -0.022787 -0.021961 -0.017119 -0.015997 -9999.0 -9999.0
