erum2020/resources/simulation/Vinschgau/output-maps/TL0001N0413.asc
ncols         63
nrows         48
xllcorner     598000.000000
yllcorner     5145000.000000
cellsize      1000.000000
NODATA_value  -9999.0
[rows 0 to 27 of 48, columns 0 to 62 of 63]
-9999.0 -9999.0 -9999.0 -9999.0 -9999.0 -9999.0 -9999.0 -9999.0 -9999.0 -9999.0 -9999.0 -9999.0 -9999.0 -9999.0 -9999.0 -9999.0 -9999.0 -9999.0 -9999.0 -9999.0 -9999.0 -9999.0 -9999.0 -9999.0 -9999.0 -9999.0 -9999.0 -9999.0 -9999.0 -9999.0 -9999.0 -9999.0 -9999.0 -9999.0 -9999.0 -9999.0 -9999.0 -9999.0 -9999.0 -9999.0 -9999.0 -9999.0 -9999.0 -9999.0 -9999.0 -9999.0 -9999.0 -9999.0 -9999.0 -9999.0 -9999.0 -9999.0 -9999.0 -9999.0 -9999.0 -9999.0 -9999.0 -9999.0 -9999.0 -9999.0 -9999.0 -9999.0 -9999.0
-9999.0 -9999.0 -9999.0 -9999.0 -9999.0 -9999.0 -9999.0 -9999.0 -9999.0 -9999.0 -9999.0 -9999.0 -9999.0 -9999.0 -9999.0 -9999.0 -9999.0 -9999.0 -9999.0 -9999.0 -9999.0 -9999.0 -9999.0 -9999.0 -9999.0 -9999.0 -9999.0 18.412463 15.529885 12.828252 10.765078 -0.855047 4.417184 -9999.0 -9999.0 -9999.0 -9999.0 -9999.0 -9999.0 -9999.0 -9999.0 -9999.0 -9999.0 -9999.0 -9999.0 -9999.0 -9999.0 -9999.0 -9999.0 -9999.0 -9999.0 -9999.0 -9999.0 -9999.0 -9999.0 -9999.0 -9999.0 -9999.0 -9999.0 -9999.0 -9999.0 -9999.0 -9999.0
-9999.0 -9999.0 -9999.0 -9999.0 -9999.0 -9999.0 -9999.0 -9999.0 -9999.0 -9999.0 -9999.0 -9999.0 -9999.0 -9999.0 -9999.0 -9999.0 -9999.0 -9999.0 -9999.0 -9999.0 -9999.0 -9999.0 -9999.0 -9999.0 16.875547 17.892516 18.099195 16.248738 12.883999 13.337143 14.175140 -9999.0 -9999.0 -9999.0 -9999.0 -9999.0 -9999.0 -9999.0 -9999.0 -9999.0 -9999.0 -9999.0 -9999.0 -9999.0 -9999.0 -9999.0 -9999.0 -9999.0 -9999.0 -9999.0 -9999.0 -9999.0 -9999.0 -9999.0 -9999.0 -9999.0 -9999.0 -9999.0 -9999.0 -9999.0 -9999.0 -9999.0 -9999.0
-9999.0 -9999.0 -9999.0 -9999.0 -9999.0 -9999.0 -9999.0 -9999.0 -9999.0 -9999.0 -9999.0 -9999.0 -9999.0 -9999.0 -9999.0 -9999.0 -9999.0 -9999.0 -9999.0 -9999.0 -9999.0 -9999.0 -9999.0 19.162894 17.315181 13.720115 13.091388 15.185215 9.191321 17.450824 15.278872 14.582957 -9999.0 -9999.0 -9999.0 -9999.0 -9999.0 -9999.0 -9999.0 -9999.0 -9999.0 -9999.0 -9999.0 -9999.0 -9999.0 -9999.0 -9999.0 -9999.0 -9999.0 -9999.0 -9999.0 -9999.0 -9999.0 -9999.0 -9999.0 -9999.0 -9999.0 -9999.0 -9999.0 -9999.0 -9999.0 -9999.0 -9999.0
-9999.0 -9999.0 -9999.0 -9999.0 -9999.0 -9999.0 -9999.0 -9999.0 -9999.0 -9999.0 -9999.0 -9999.0 -9999.0 -9999.0 -9999.0 -9999.0 -9999.0 -9999.0 20.448874 21.091263 -9999.0 17.429034 17.298735 14.891927 12.131156 13.471053 14.532486 14.050395 12.832433 12.661667 16.727481 15.079131 19.211077 16.855191 -9999.0 -9999.0 -9999.0 -9999.0 -9999.0 -9999.0 -9999.0 -9999.0 -9999.0 -9999.0 -9999.0 -9999.0 -9999.0 -9999.0 -9999.0 -9999.0 -9999.0 -9999.0 -9999.0 -9999.0 -9999.0 -9999.0 -9999.0 -9999.0 -9999.0 -9999.0 -9999.0 -9999.0 -9999.0
-9999.0 -9999.0 -9999.0 -9999.0 -9999.0 -9999.0 -9999.0 -9999.0 -9999.0 -9999.0 -9999.0 -9999.0 -9999.0 -9999.0 -9999.0 -9999.0 -9999.0 12.919104 11.510474 17.469719 24.369326 10.115720 11.729969 11.678998 18.749818 7.551335 5.543349 6.975972 3.827310 9.155165 14.403160 13.138176 13.165829 12.244285 10.385420 -0.521727 -9999.0 -9999.0 -9999.0 -9999.0 -9999.0 -9999.0 -9999.0 -9999.0 -9999.0 -9999.0 -9999.0 -9999.0 -9999.0 -9999.0 -9999.0 -9999.0 -9999.0 -9999.0 -9999.0 -9999.0 -9999.0 -9999.0 -9999.0 -9999.0 -9999.0 -9999.0 -9999.0
-9999.0 -9999.0 -9999.0 -9999.0 -9999.0 -9999.0 -9999.0 -9999.0 -9999.0 -9999.0 -9999.0 -9999.0 -9999.0 14.465815 10.298924 9.559378 11.333827 26.371174 12.500093 16.712842 13.488534 13.812002 17.286470 18.524093 7.467764 14.842342 8.537250 6.196688 7.264252 6.046805 7.014700 10.772063 10.987916 -0.830503 0.336984 -0.592113 -9999.0 -9999.0 -9999.0 -9999.0 -9999.0 -9999.0 -9999.0 -9999.0 -9999.0 -9999.0 -9999.0 -9999.0 -9999.0 -9999.0 -9999.0 -9999.0 -9999.0 -9999.0 -9999.0 -9999.0 -9999.0 -9999.0 -9999.0 -9999.0 -9999.0 -9999.0 -9999.0
-9999.0 -9999.0 -9999.0 -9999.0 -9999.0 -9999.0 -9999.0 -9999.0 -9999.0 -9999.0 -9999.0 -9999.0 -9999.0 15.980511 11.383807 10.129756 10.130044 19.136795 27.663076 17.970485 13.375208 15.099860 9.155704 8.192205 10.528271 9.707259 17.463291 10.635536 -0.711491 0.652859 5.480823 -0.611257 -0.678842 -0.107510 -0.497137 -9999.0 -9999.0 -9999.0 -9999.0 -9999.0 -9999.0 -9999.0 -9999.0 -9999.0 -9999.0 -9999.0 -9999.0 -9999.0 -9999.0 -9999.0 -9999.0 -9999.0 -9999.0 -9999.0 -9999.0 -9999.0 -9999.0 -9999.0 -9999.0 -9999.0 -9999.0 -9999.0 -9999.0
-9999.0 -9999.0 -9999.0 -9999.0 -9999.0 -9999.0 -9999.0 -9999.0 -9999.0 -9999.0 -9999.0 -9999.0 -9999.0 11.973287 13.237211 11.622864 8.446126 10.712744 26.065430 12.747105 18.356338 11.828177 7.590086 7.706510 11.511423 8.179086 13.495278 -0.722968 15.093825 -0.059563 -0.827860 -0.031435 -0.053439 -0.395001 -0.112695 -9999.0 -9999.0 -9999.0 -9999.0 -9999.0 -9999.0 -9999.0 -9999.0 -9999.0 -9999.0 -9999.0 -9999.0 -9999.0 -9999.0 -9999.0 -9999.0 -9999.0 -9999.0 -9999.0 -9999.0 -9999.0 -9999.0 -9999.0 -9999.0 -9999.0 -9999.0 -9999.0 -9999.0
-9999.0 -9999.0 -9999.0 -9999.0 -9999.0 -9999.0 -9999.0 -9999.0 -9999.0 -9999.0 -9999.0 -9999.0 12.354190 12.805333 10.564367 10.025478 5.756392 8.644396 19.550508 17.978427 11.523563 8.801930 8.899325 8.082035 8.359210 1.419172 6.054136 14.965498 13.355071 -0.771200 -0.054345 10.495181 11.148346 -1.293058 -9999.0 -9999.0 -9999.0 -9999.0 -9999.0 -9999.0 -9999.0 -9999.0 -9999.0 -9999.0 -9999.0 -9999.0 -9999.0 -9999.0 -9999.0 -9999.0 -9999.0 -9999.0 -9999.0 -9999.0 -9999.0 -9999.0 -9999.0 -9999.0 -9999.0 -9999.0 -9999.0 -9999.0 -9999.0
-9999.0 -9999.0 -9999.0 -9999.0 -9999.0 -9999.0 -9999.0 -9999.0 -9999.0 -9999.0 -9999.0 14.607239 8.973314 7.843296 9.567873 13.127427 10.150968 8.007121 19.031996 11.083006 9.110359 11.434574 15.738525 11.922286 7.501139 12.331463 -0.143116 12.816268 12.761169 -0.271971 9.814615 11.072393 11.187814 10.103828 16.077790 16.331809 20.033886 21.207794 23.250530 -9999.0 -9999.0 -9999.0 15.228069 -9999.0 -9999.0 -9999.0 -9999.0 -9999.0 -9999.0 -9999.0 -9999.0 -9999.0 -9999.0 -9999.0 -9999.0 -9999.0 -9999.0 -9999.0 -9999.0 -9999.0 -9999.0 -9999.0 -9999.0
-9999.0 -9999.0 -9999.0 -9999.0 -9999.0 -9999.0 -9999.0 -9999.0 -9999.0 -9999.0 -9999.0 15.989838 8.598228 8.313636 9.864929 -0.302055 10.475235 9.922445 18.764672 18.771660 20.309671 18.954784 16.638273 6.572761 6.145883 15.234520 14.911591 12.711156 12.650085 -1.203310 11.170193 13.364302 15.552945 13.118929 11.451500 12.740811 15.015006 24.678787 24.162179 21.978295 22.159360 15.533260 12.785851 17.584343 -9999.0 -9999.0 -9999.0 -1.437283 2.587484 10.869137 11.991880 10.990664 -0.902349 -0.929645 -0.191767 -0.006341 -9999.0 -9999.0 -9999.0 -9999.0 -9999.0 -9999.0 -9999.0
-9999.0 -9999.0 -9999.0 -9999.0 -9999.0 -9999.0 -9999.0 -9999.0 -9999.0 -9999.0 -9999.0 15.151408 -0.427370 5.817878 15.532438 12.945224 7.008082 6.901683 17.273774 19.127554 8.750333 10.060828 8.727662 16.065259 12.224927 18.134614 8.225196 6.663439 11.793338 13.148882 8.637632 5.023273 16.528242 13.842239 16.295320 13.709917 6.986348 12.965736 26.342657 23.397328 23.228284 14.951686 14.179268 16.376292 15.206266 -9999.0 -0.112037 10.022552 11.947649 13.352041 14.110266 14.739249 14.314334 13.943870 13.980007 12.314735 -9999.0 -9999.0 -9999.0 -9999.0 -9999.0 -9999.0 -9999.0
-9999.0 -9999.0 -9999.0 -9999.0 -9999.0 -9999.0 -9999.0 -9999.0 -9999.0 -9999.0 -9999.0 -9999.0 10.194075 4.690635 17.512556 15.419201 5.080156 7.194222 19.227470 19.175513 9.316644 10.833523 10.570754 9.082266 7.731066 8.342380 15.610953 12.075029 15.007782 16.868059 12.647981 5.517032 16.639784 14.383492 10.443378 12.259415 5.502088 10.683830 27.825657 23.918714 22.295029 23.815291 7.813710 17.802449 20.168035 14.531719 10.615836 12.767844 5.521900 7.488302 9.558140 5.606632 7.864939 4.369085 -0.027471 -0.004906 -0.009220 -9999.0 -9999.0 -9999.0 -9999.0 -9999.0 -9999.0
-9999.0 -9999.0 -9999.0 -9999.0 -9999.0 -9999.0 -9999.0 -9999.0 -9999.0 -9999.0 -9999.0 5.565091 -0.269993 11.103237 6.784188 7.324951 8.285766 7.255237 19.344980 11.126698 10.023130 8.911688 9.463950 9.270428 8.823609 9.035228 7.912136 12.044515 15.916996 19.026789 7.769128 7.110930 16.997386 11.328409 0.303931 9.417351 12.463135 8.177719 7.897656 26.663574 12.503687 13.908466 10.552172 12.221060 18.834455 15.742432 12.628338 19.407239 14.812715 9.407092 5.911990 -0.033115 -0.051766 -0.006305 -0.005970 -0.007470 6.654457 -9999.0 -9999.0 -9999.0 -9999.0 -9999.0 -9999.0
-9999.0 -9999.0 -9999.0 -9999.0 -9999.0 -9999.0 -9999.0 -9999.0 -9999.0 -9999.0 11.582379 8.299337 16.329096 15.683736 15.634291 7.974766 7.327474 7.269377 10.627154 11.459368 19.311320 17.681064 8.314217 19.054878 10.899224 8.252291 7.854042 8.864959 17.334095 17.117062 7.954483 7.161561 12.378768 10.896433 -1.247006 8.581087 14.921223 4.513431 4.394127 10.718451 11.811508 12.487046 20.063605 9.036766 9.649221 21.154627 15.215670 7.555799 8.771778 10.205244 6.944759 -0.010684 -0.006389 -0.006813 -0.006237 12.948197 14.129746 -9999.0 -9999.0 -9999.0 -9999.0 -9999.0 -9999.0
-9999.0 -9999.0 -9999.0 -9999.0 -9999.0 -9999.0 -9999.0 -9999.0 -9999.0 9.539290 10.752733 5.848537 8.189868 8.513232 8.471285 8.093072 6.686771 16.542406 10.974403 12.660463 20.428306 11.619790 10.433573 12.633318 10.046992 7.074436 9.205824 17.496318 10.225171 10.843039 11.055286 4.521931 -0.974341 -0.295435 13.918139 14.992913 9.609745 4.269238 4.073929 6.804530 7.071094 7.181406 6.983298 9.591790 9.793739 10.696600 19.317437 13.533612 11.372893 10.636009 8.104095 12.757738 -0.007415 -0.005556 -0.577240 7.014432 8.330242 16.324414 13.073207 -9999.0 -9999.0 -9999.0 -9999.0
-9999.0 -9999.0 -9999.0 -9999.0 -9999.0 -9999.0 -9999.0 -9999.0 -9999.0 12.169843 10.156442 10.625573 13.927377 10.237318 9.615202 8.598999 16.741901 10.652068 12.183496 25.369632 25.129306 26.114887 16.695678 17.177490 7.372010 9.707486 10.188501 10.923512 11.869055 13.358463 13.093990 3.856706 11.990666 14.470651 14.665518 22.757271 22.224299 20.732091 12.006734 11.425749 5.367274 5.921727 8.899477 9.475484 9.718504 12.956206 13.211585 15.907797 12.489267 11.216504 6.192178 6.245604 -0.062189 -0.014973 -0.024473 3.639829 8.094882 9.591029 17.974413 -9999.0 -9999.0 -9999.0 -9999.0
-9999.0 -9999.0 -9999.0 -9999.0 -9999.0 -9999.0 -9999.0 -9999.0 -9999.0 -9999.0 12.934440 11.351058 7.258643 7.042819 11.599768 10.272323 9.953410 12.067323 13.451519 17.273564 21.149046 11.464790 8.959516 8.005236 9.444277 10.972812 12.289377 13.108554 14.978801 5.654905 5.238373 7.024747 4.935375 4.691237 12.491940 13.468029 19.261823 18.439510 21.682893 9.543495 -0.252838 14.823475 11.881133 7.314607 7.306675 7.814217 8.829889 15.040883 14.221189 12.129843 6.493206 8.459122 12.937451 -0.341653 -0.005168 -0.211916 11.045666 10.434123 11.870238 12.711418 -9999.0 -9999.0 -9999.0
-9999.0 -9999.0 -9999.0 -9999.0 -9999.0 -9999.0 -9999.0 -9999.0 -9999.0 -9999.0 12.875687 12.764176 13.471337 7.784988 17.014322 9.599162 9.596383 11.960231 15.142345 19.146249 14.225312 11.801580 10.017626 13.119037 11.053991 12.903683 13.950983 9.222407 6.503271 3.424135 10.159462 11.550070 6.863851 -1.067787 10.857856 10.105604 8.006726 8.748761 6.463947 10.633078 11.025236 12.629846 6.016139 12.244244 14.354353 6.714568 8.143124 7.948792 10.514925 14.033941 11.458623 8.959374 7.971093 13.374727 -0.893877 11.801140 -0.008694 8.652880 11.462146 13.959244 -9999.0 -9999.0 -9999.0
-9999.0 -9999.0 -9999.0 -9999.0 -9999.0 -9999.0 -9999.0 -9999.0 18.208653 17.107288 13.725199 10.977314 7.104768 7.559602 6.616322 9.865909 12.537918 25.386837 19.298873 19.739034 16.235420 14.370684 12.926569 11.986298 13.671371 11.972849 18.530192 7.658933 8.394077 6.335884 -0.077384 10.351575 14.691729 12.427662 11.334583 -0.143233 12.099141 9.148750 5.055435 18.670720 10.520404 10.584685 5.353779 -0.077069 12.591722 12.078812 5.573898 7.507136 8.732460 11.465563 11.935753 8.541564 8.836342 7.045844 12.283984 17.140077 14.417923 17.935491 13.309086 14.003992 -9999.0 -9999.0 -9999.0
-9999.0 -9999.0 -9999.0 -9999.0 -9999.0 -9999.0 -9999.0 -9999.0 6.813121 8.844193 7.163798 -0.840590 12.130905 7.307084 7.240500 8.835334 10.506850 11.333674 16.046929 19.739428 29.542715 27.823216 24.243598 25.736533 14.231877 12.718830 10.207086 9.652496 9.095277 16.351829 14.372726 19.757243 13.208199 17.692061 12.517260 12.595266 14.263188 9.508119 8.463437 13.448248 -0.977512 -0.010253 -0.767516 12.346920 13.734698 6.920978 6.091293 13.196895 8.205694 10.815376 14.480942 11.747224 7.497686 16.510979 18.075805 10.998708 11.534299 12.753746 15.380832 17.296774 20.739113 -9999.0 -9999.0
-9999.0 -9999.0 -9999.0 -9999.0 -9999.0 -9999.0 -9999.0 -9999.0 9.647018 12.489569 15.944058 6.244426 13.082692 7.934267 9.591974 8.261685 10.524199 15.504634 16.382120 27.277590 20.354859 27.926224 27.701636 19.380005 24.543796 12.290430 10.131482 7.842252 9.681783 17.298348 19.329124 16.571382 8.087499 8.254411 13.813639 15.078586 7.856701 9.304556 6.143311 7.434623 12.649752 11.571282 12.001244 11.635844 6.291832 15.633436 20.007867 15.964992 7.054198 9.470163 12.458072 13.962309 9.194174 8.503585 13.092839 12.932581 14.892104 15.682649 17.431391 17.648394 18.145015 -9999.0 -9999.0
-9999.0 -9999.0 -9999.0 -9999.0 -9999.0 -9999.0 -9999.0 -9999.0 -0.549398 11.963475 8.801486 9.373210 14.026954 8.815069 8.230314 10.123733 14.308904 14.245682 16.618184 15.877435 18.796185 19.697090 27.916820 27.996043 13.721363 10.809794 8.936585 7.605662 18.503360 9.943023 9.444760 9.324540 10.688109 10.278027 9.158339 18.886950 17.975355 9.948101 7.889504 8.939005 16.740298 16.310311 16.621816 22.508221 17.965331 20.218246 17.306099 21.590311 16.758762 10.481330 10.497956 13.615077 14.996924 12.722111 15.307252 16.009392 16.565540 14.354304 15.834633 17.784437 16.201076 12.854106 -9999.0
-9999.0 -9999.0 -9999.0 -9999.0 -9999.0 -9999.0 -9999.0 -9999.0 12.332914 13.613214 8.086259 7.336739 7.926734 8.890957 17.948889 14.035004 15.625918 11.032326 9.743193 11.433349 14.448796 18.740491 19.831717 20.177014 26.260025 11.004957 9.048115 11.323771 12.319500 11.848940 7.948150 10.438924 11.922588 11.199384 10.702635 11.151465 11.519400 11.255175 10.881277 11.174714 10.529597 10.412131 10.566368 11.127280 9.023658 18.086226 10.116794 11.028168 10.833900 13.204095 16.689501 14.163185 14.467983 17.056735 16.447272 16.373631 17.112774 17.188154 16.676073 16.090906 13.761488 12.179492 -9999.0
-9999.0 -9999.0 17.122365 17.513473 7.130068 8.800295 8.080836 8.094528 15.101540 13.740774 8.051246 8.402261 8.781556 11.665943 19.639978 11.184934 9.082840 7.496445 8.607521 9.470777 11.875509 14.072219 16.000205 17.593744 18.246145 13.587311 11.073385 10.828188 11.556701 19.840632 9.671910 9.054134 15.376081 10.420342 13.492839 10.723193 14.751677 13.052501 12.048451 10.095125 12.692155 12.945960 10.535394 12.946382 8.917376 11.182786 12.777694 10.460447 14.404390 15.942038 17.612392 17.577172 17.129364 17.180306 16.835406 23.578637 15.452770 15.763892 14.969271 13.192236 18.408698 11.216862 -9999.0
-9999.0 9.930397 9.191837 9.037493 8.953703 8.043132 7.705054 7.334685 6.733774 13.562706 7.478520 7.544308 9.556189 16.750768 17.780405 8.419914 8.436918 8.848758 9.656681 9.995697 12.820656 13.289226 18.791915 14.253524 27.787691 20.025025 26.692634 25.257338 15.876993 14.544345 16.850493 14.079994 12.526162 20.129817 15.774916 16.545712 17.797775 15.700602 16.851697 16.154064 15.866846 15.444334 15.035178 12.043669 11.541061 12.038509 14.357596 14.123457 17.211015 14.878428 16.410748 16.046064 15.108633 15.063216 14.926444 14.558655 12.113378 12.215227 13.174580 16.754740 10.502981 10.635853 -9999.0
-9999.0 15.341061 9.914125 10.495016 19.972862 9.343620 6.229805 8.271264 17.602824 16.012280 7.952817 7.709076 10.085096 17.817916 8.997828 6.657299 7.636656 8.407130 10.430449 9.230851 14.870259 12.441524 13.666484 14.905781 24.092300 28.895425 17.729147 20.773366 16.809916 15.741993 17.680840 16.899140 15.085770 15.173701 21.856682 17.224434 27.606754 30.494248 19.039919 20.132232 18.375856 17.673318 16.970120 16.391015 17.997429 18.269004 17.344746 17.114181 15.799245 16.021132 14.747744 12.529391 12.118320 12.643209 12.672138 11.019383 10.773784 9.702309 9.645109 9.540556 9.580850 -9999.0 -9999.0
