erum2020/resources/simulation/Vinschgau/output-maps/TL0006N0883.asc
ncols         63
nrows         48
xllcorner     598000.000000
yllcorner     5145000.000000
cellsize      1000.000000
NODATA_value  -9999.0
[rows 0 to 27 of 48, columns 0 to 62 of 63]
-9999.0 -9999.0 -9999.0 -9999.0 -9999.0 -9999.0 -9999.0 -9999.0 -9999.0 -9999.0 -9999.0 -9999.0 -9999.0 -9999.0 -9999.0 -9999.0 -9999.0 -9999.0 -9999.0 -9999.0 -9999.0 -9999.0 -9999.0 -9999.0 -9999.0 -9999.0 -9999.0 -9999.0 -9999.0 -9999.0 -9999.0 -9999.0 -9999.0 -9999.0 -9999.0 -9999.0 -9999.0 -9999.0 -9999.0 -9999.0 -9999.0 -9999.0 -9999.0 -9999.0 -9999.0 -9999.0 -9999.0 -9999.0 -9999.0 -9999.0 -9999.0 -9999.0 -9999.0 -9999.0 -9999.0 -9999.0 -9999.0 -9999.0 -9999.0 -9999.0 -9999.0 -9999.0 -9999.0
-9999.0 -9999.0 -9999.0 -9999.0 -9999.0 -9999.0 -9999.0 -9999.0 -9999.0 -9999.0 -9999.0 -9999.0 -9999.0 -9999.0 -9999.0 -9999.0 -9999.0 -9999.0 -9999.0 -9999.0 -9999.0 -9999.0 -9999.0 -9999.0 -9999.0 -9999.0 -9999.0 -5.494133 -4.130761 -4.610784 -4.778533 -5.530116 -5.797866 -9999.0 -9999.0 -9999.0 -9999.0 -9999.0 -9999.0 -9999.0 -9999.0 -9999.0 -9999.0 -9999.0 -9999.0 -9999.0 -9999.0 -9999.0 -9999.0 -9999.0 -9999.0 -9999.0 -9999.0 -9999.0 -9999.0 -9999.0 -9999.0 -9999.0 -9999.0 -9999.0 -9999.0 -9999.0 -9999.0
-9999.0 -9999.0 -9999.0 -9999.0 -9999.0 -9999.0 -9999.0 -9999.0 -9999.0 -9999.0 -9999.0 -9999.0 -9999.0 -9999.0 -9999.0 -9999.0 -9999.0 -9999.0 -9999.0 -9999.0 -9999.0 -9999.0 -9999.0 -9999.0 -3.315736 -2.993508 -2.030062 -3.219965 -2.690263 -4.414119 -5.088267 -9999.0 -9999.0 -9999.0 -9999.0 -9999.0 -9999.0 -9999.0 -9999.0 -9999.0 -9999.0 -9999.0 -9999.0 -9999.0 -9999.0 -9999.0 -9999.0 -9999.0 -9999.0 -9999.0 -9999.0 -9999.0 -9999.0 -9999.0 -9999.0 -9999.0 -9999.0 -9999.0 -9999.0 -9999.0 -9999.0 -9999.0 -9999.0
-9999.0 -9999.0 -9999.0 -9999.0 -9999.0 -9999.0 -9999.0 -9999.0 -9999.0 -9999.0 -9999.0 -9999.0 -9999.0 -9999.0 -9999.0 -9999.0 -9999.0 -9999.0 -9999.0 -9999.0 -9999.0 -9999.0 -9999.0 -2.859619 -1.047307 -0.004493 0.349760 0.902222 -0.003496 -2.770167 -5.008696 -5.630927 -9999.0 -9999.0 -9999.0 -9999.0 -9999.0 -9999.0 -9999.0 -9999.0 -9999.0 -9999.0 -9999.0 -9999.0 -9999.0 -9999.0 -9999.0 -9999.0 -9999.0 -9999.0 -9999.0 -9999.0 -9999.0 -9999.0 -9999.0 -9999.0 -9999.0 -9999.0 -9999.0 -9999.0 -9999.0 -9999.0 -9999.0
-9999.0 -9999.0 -9999.0 -9999.0 -9999.0 -9999.0 -9999.0 -9999.0 -9999.0 -9999.0 -9999.0 -9999.0 -9999.0 -9999.0 -9999.0 -9999.0 -9999.0 -9999.0 -0.001973 -1.277237 -9999.0 -2.132401 -1.086868 -0.005276 -0.003424 0.877190 -0.002516 -0.001567 -0.000665 -0.003773 -3.160851 -4.719492 -6.561882 -8.742797 -9999.0 -9999.0 -9999.0 -9999.0 -9999.0 -9999.0 -9999.0 -9999.0 -9999.0 -9999.0 -9999.0 -9999.0 -9999.0 -9999.0 -9999.0 -9999.0 -9999.0 -9999.0 -9999.0 -9999.0 -9999.0 -9999.0 -9999.0 -9999.0 -9999.0 -9999.0 -9999.0 -9999.0 -9999.0
-9999.0 -9999.0 -9999.0 -9999.0 -9999.0 -9999.0 -9999.0 -9999.0 -9999.0 -9999.0 -9999.0 -9999.0 -9999.0 -9999.0 -9999.0 -9999.0 -9999.0 3.991552 2.273302 0.998989 -2.838319 -0.002343 -0.003668 -0.002337 -0.003010 -0.002513 -0.007012 -0.004038 -0.002881 -0.001706 -1.117916 -3.146021 -4.717500 -5.373977 -7.295297 -8.502899 -9999.0 -9999.0 -9999.0 -9999.0 -9999.0 -9999.0 -9999.0 -9999.0 -9999.0 -9999.0 -9999.0 -9999.0 -9999.0 -9999.0 -9999.0 -9999.0 -9999.0 -9999.0 -9999.0 -9999.0 -9999.0 -9999.0 -9999.0 -9999.0 -9999.0 -9999.0 -9999.0
-9999.0 -9999.0 -9999.0 -9999.0 -9999.0 -9999.0 -9999.0 -9999.0 -9999.0 -9999.0 -9999.0 -9999.0 -9999.0 -0.865901 -0.002626 1.797330 3.478544 3.328267 3.561694 -0.005834 -0.003758 -0.003850 -0.003608 -0.002545 -0.002227 -1.077085 -2.400514 -0.991331 -0.733785 -0.003255 -1.377310 -3.702286 -5.080474 -5.780758 -6.256288 -8.801777 -9999.0 -9999.0 -9999.0 -9999.0 -9999.0 -9999.0 -9999.0 -9999.0 -9999.0 -9999.0 -9999.0 -9999.0 -9999.0 -9999.0 -9999.0 -9999.0 -9999.0 -9999.0 -9999.0 -9999.0 -9999.0 -9999.0 -9999.0 -9999.0 -9999.0 -9999.0 -9999.0
-9999.0 -9999.0 -9999.0 -9999.0 -9999.0 -9999.0 -9999.0 -9999.0 -9999.0 -9999.0 -9999.0 -9999.0 -9999.0 -0.246116 0.850677 2.597782 2.784794 2.348435 3.394664 1.171058 2.603253 0.220008 0.869788 -0.002336 -0.002895 -0.006368 -4.101230 -4.958229 -6.082386 -1.870608 -1.339742 -4.535697 -6.449045 -9.758295 -7.655001 -9999.0 -9999.0 -9999.0 -9999.0 -9999.0 -9999.0 -9999.0 -9999.0 -9999.0 -9999.0 -9999.0 -9999.0 -9999.0 -9999.0 -9999.0 -9999.0 -9999.0 -9999.0 -9999.0 -9999.0 -9999.0 -9999.0 -9999.0 -9999.0 -9999.0 -9999.0 -9999.0 -9999.0
-9999.0 -9999.0 -9999.0 -9999.0 -9999.0 -9999.0 -9999.0 -9999.0 -9999.0 -9999.0 -9999.0 -9999.0 -9999.0 0.366731 0.095494 1.524734 2.152571 3.083404 3.595393 3.465878 0.360718 -0.084026 -0.002634 -0.002741 -0.002092 -0.002431 -3.867818 -6.358762 -5.606079 -8.615421 -5.121262 -10.368681 -10.773286 -12.929775 -9.177634 -9999.0 -9999.0 -9999.0 -9999.0 -9999.0 -9999.0 -9999.0 -9999.0 -9999.0 -9999.0 -9999.0 -9999.0 -9999.0 -9999.0 -9999.0 -9999.0 -9999.0 -9999.0 -9999.0 -9999.0 -9999.0 -9999.0 -9999.0 -9999.0 -9999.0 -9999.0 -9999.0 -9999.0
-9999.0 -9999.0 -9999.0 -9999.0 -9999.0 -9999.0 -9999.0 -9999.0 -9999.0 -9999.0 -9999.0 -9999.0 -0.003111 -0.000518 0.968804 -0.002199 0.529729 2.437744 2.874915 2.161002 -0.003764 -0.003368 -0.125071 -0.016141 -1.433117 -4.134480 -3.458723 -5.237701 -5.039053 -6.629464 -10.321991 -6.840595 -5.718059 -9.619459 -9999.0 -9999.0 -9999.0 -9999.0 -9999.0 -9999.0 -9999.0 -9999.0 -9999.0 -9999.0 -9999.0 -9999.0 -9999.0 -9999.0 -9999.0 -9999.0 -9999.0 -9999.0 -9999.0 -9999.0 -9999.0 -9999.0 -9999.0 -9999.0 -9999.0 -9999.0 -9999.0 -9999.0 -9999.0
-9999.0 -9999.0 -9999.0 -9999.0 -9999.0 -9999.0 -9999.0 -9999.0 -9999.0 -9999.0 -9999.0 -0.767061 0.201034 0.347869 0.198963 -0.004673 0.764589 2.326223 2.810148 1.469572 0.950735 -0.002030 -1.973328 -3.694871 -0.457843 -3.430075 -5.510602 -4.310085 -4.768194 -8.341474 -7.061577 -4.926300 -6.027643 -7.988022 -7.192622 -5.748619 -5.343422 -4.456489 -4.188327 -9999.0 -9999.0 -9999.0 -8.121721 -9999.0 -9999.0 -9999.0 -9999.0 -9999.0 -9999.0 -9999.0 -9999.0 -9999.0 -9999.0 -9999.0 -9999.0 -9999.0 -9999.0 -9999.0 -9999.0 -9999.0 -9999.0 -9999.0 -9999.0
-9999.0 -9999.0 -9999.0 -9999.0 -9999.0 -9999.0 -9999.0 -9999.0 -9999.0 -9999.0 -9999.0 -0.938764 0.636961 1.816525 1.725948 -0.791256 2.955649 3.182318 3.004621 1.884451 0.398762 -0.202775 -1.215530 -3.006774 -2.207662 -4.239448 -4.623050 -3.342562 -4.874498 -7.944197 -4.335368 -4.120423 -5.627486 -6.449480 -7.199576 -4.345893 -2.729572 -2.837995 -4.291642 -7.655934 -7.576727 -8.062240 -4.580040 -6.585167 -9999.0 -9999.0 -9999.0 -8.281296 -7.415600 -7.073813 -6.370868 -8.138685 -8.349292 -7.325326 -6.977426 -8.886533 -9999.0 -9999.0 -9999.0 -9999.0 -9999.0 -9999.0 -9999.0
-9999.0 -9999.0 -9999.0 -9999.0 -9999.0 -9999.0 -9999.0 -9999.0 -9999.0 -9999.0 -9999.0 -2.010603 -0.965756 -0.192690 -0.006267 -0.230907 -0.001614 2.571663 2.269224 1.926387 1.309983 -0.001875 -1.053287 -3.288458 -4.267653 -5.307979 -1.552146 -3.788012 -5.617772 -6.845335 -6.043983 -4.295696 -3.193624 -6.104468 -6.567726 -3.010719 -3.427099 -2.981623 -1.933435 -5.968940 -3.968918 -5.401668 -3.192541 -4.174877 -6.205883 -9999.0 -9.450700 -6.157149 -4.617393 -3.545610 -3.283259 -4.069397 -4.110070 -4.816889 -4.969769 -5.944225 -9999.0 -9999.0 -9999.0 -9999.0 -9999.0 -9999.0 -9999.0
-9999.0 -9999.0 -9999.0 -9999.0 -9999.0 -9999.0 -9999.0 -9999.0 -9999.0 -9999.0 -9999.0 -9999.0 -0.813583 -0.260998 -0.298796 -0.275611 -0.002975 1.800188 2.551819 1.954727 1.104816 -0.002018 -0.172463 -0.765047 -3.431664 -1.679893 -1.581186 -3.566214 -4.901601 -6.474071 -4.594068 -4.081221 -3.239343 -5.165145 -5.719733 -3.968776 -1.941425 -1.973305 -0.198465 -3.396242 -2.440900 -3.973374 -1.536616 -1.805629 -6.102545 -6.486846 -7.532483 -6.027579 -3.420195 -1.508005 -0.271482 -3.917725 -2.346398 -4.510471 -5.191944 -4.747360 -5.818109 -9999.0 -9999.0 -9999.0 -9999.0 -9999.0 -9999.0
-9999.0 -9999.0 -9999.0 -9999.0 -9999.0 -9999.0 -9999.0 -9999.0 -9999.0 -9999.0 -9999.0 -0.386908 -2.926306 -1.282278 -0.479020 -0.002805 -0.001702 1.059250 2.008499 3.129837 1.419541 -0.002492 -0.006471 -2.153490 -1.157176 -0.296903 -0.364221 -5.135113 -5.355393 -4.953367 -1.988456 -3.208395 -2.121213 -5.017347 -7.203694 -4.369862 -4.217909 -1.119191 -0.010964 -0.792836 -1.208176 -0.019208 -0.640169 -1.469026 -1.022795 -4.970759 -3.885698 -4.809148 -3.907324 -0.257699 -4.331618 -4.856272 -6.667904 -7.632457 -8.665382 -9.589058 -6.683789 -9999.0 -9999.0 -9999.0 -9999.0 -9999.0 -9999.0
-9999.0 -9999.0 -9999.0 -9999.0 -9999.0 -9999.0 -9999.0 -9999.0 -9999.0 -9999.0 -1.580572 -0.439771 -1.333503 -1.395695 -0.303142 -0.367514 -0.385009 -0.002813 2.591934 2.782108 0.495612 0.000231 -0.727238 -0.818484 -0.002257 -1.424356 -2.793108 -5.276240 -3.352537 -2.480608 -2.600786 -2.659045 -2.462669 -5.020563 -8.958729 -6.014918 -3.144986 -1.771752 -0.048427 -0.002008 -0.001589 -0.001592 0.270686 0.308657 -0.007408 -4.771749 -3.780212 -1.259213 -1.108987 -0.002054 -6.659608 -7.235888 -9.156857 -10.447052 -9.992866 -5.046245 -4.855779 -9999.0 -9999.0 -9999.0 -9999.0 -9999.0 -9999.0
-9999.0 -9999.0 -9999.0 -9999.0 -9999.0 -9999.0 -9999.0 -9999.0 -9999.0 -4.041957 -1.184465 -1.265700 -0.395281 -0.821149 -0.301925 -0.172494 -0.013448 -0.001605 2.333641 3.204888 0.849599 -0.004768 -0.001746 -0.002531 -0.001947 -1.632441 -3.617106 -2.374437 -0.434115 -0.003236 -0.001900 -1.827104 -5.722693 -9.474177 -7.826931 -6.133855 -3.450014 -2.353769 -1.836165 -0.302377 -0.175919 -0.010933 -0.607381 0.993919 0.353783 -0.307567 -0.250324 -1.426725 -1.357305 -0.001639 -2.832143 -6.715616 -11.420540 -9.747929 -7.931955 -6.898721 -5.970427 -6.235658 -7.541301 -9999.0 -9999.0 -9999.0 -9999.0
-9999.0 -9999.0 -9999.0 -9999.0 -9999.0 -9999.0 -9999.0 -9999.0 -9999.0 -5.479362 -4.232816 -2.517603 -0.298557 -0.002178 -0.097864 -0.845002 -0.286751 -0.001750 2.971530 1.804196 1.438239 0.557723 -0.001013 -0.001695 -1.245633 -2.135552 -0.749894 -0.002207 -0.001602 -0.001977 -0.430985 -2.209965 -3.945963 -6.029989 -4.784095 -6.111578 -5.568726 -4.278941 -4.250706 -1.920584 -0.440920 -2.740844 -0.654731 -0.001507 1.626578 0.650938 0.315699 -0.002082 -0.002059 -0.001716 -3.072321 -6.346348 -9.256213 -8.170926 -6.916634 -7.763926 -5.725942 -4.739373 -5.197650 -9999.0 -9999.0 -9999.0 -9999.0
-9999.0 -9999.0 -9999.0 -9999.0 -9999.0 -9999.0 -9999.0 -9999.0 -9999.0 -9999.0 -4.796327 -2.508641 -0.108522 -0.342328 -0.001822 -0.010023 -0.002142 0.108675 3.781294 2.681272 1.500487 1.496343 -0.002137 -0.142745 -1.190745 -0.005464 -0.001861 -0.000890 -0.467449 -1.762066 -2.114368 -2.075642 -4.708092 -5.439278 -3.304206 -3.721234 -1.816267 -1.078542 -5.542462 -4.420728 -4.868591 -1.442568 -0.977864 -0.279513 -0.001190 -0.002270 0.465298 0.081580 0.997451 -0.001770 -2.022931 -4.560534 -8.042485 -8.992067 -8.319759 -6.175152 -3.737495 -1.388482 -2.155284 -0.003936 -9999.0 -9999.0 -9999.0
-9999.0 -9999.0 -9999.0 -9999.0 -9999.0 -9999.0 -9999.0 -9999.0 -9999.0 -9999.0 -5.018023 -3.786973 -2.307064 -0.078955 0.000557 -0.003722 -0.003123 1.509449 4.163186 3.683469 2.589448 0.282453 -0.002903 -0.269102 -0.005714 -0.001454 0.343826 -0.002559 -1.452971 -4.386494 -4.499132 -4.132741 -5.837766 -6.226699 -4.400177 -1.573291 -1.378197 -0.313019 -2.896729 -5.303557 -4.129975 -3.414808 -1.667018 -2.926114 -0.443968 -0.400736 -0.002098 -0.001208 1.747343 0.712349 -0.005742 -2.868058 -5.005230 -7.538858 -9.647795 -8.813431 -6.238480 -1.519955 0.649765 0.451048 -9999.0 -9999.0 -9999.0
-9999.0 -9999.0 -9999.0 -9999.0 -9999.0 -9999.0 -9999.0 -9999.0 -3.208404 -4.628479 -5.562960 -3.209726 -3.518870 -1.495477 -0.064977 0.881433 1.861883 1.509333 3.397381 4.199973 4.375743 2.995655 1.819102 -0.004946 -0.002267 1.346028 -0.001144 -0.969122 -2.519201 -4.347359 -9.060711 -4.423484 -4.378896 -5.917590 -3.961943 -4.089222 -0.638034 -0.224759 -2.718354 -6.145056 -4.858245 -2.203733 -4.332884 -5.725800 -3.787951 -1.389528 -2.529179 -0.679008 -0.001270 0.958918 -0.002726 -0.868154 -3.909901 -6.802246 -8.339803 -5.418484 -5.916687 -0.994419 -0.001373 2.911908 -9999.0 -9999.0 -9999.0
-9999.0 -9999.0 -9999.0 -9999.0 -9999.0 -9999.0 -9999.0 -9999.0 -3.844912 -2.077797 -3.816994 -5.407854 -4.098776 -2.491084 -1.086771 -0.002183 0.767857 1.355316 4.743961 4.731524 3.746890 2.866476 1.460086 0.077006 2.248182 2.267421 0.253203 -0.411952 -5.773493 -5.220586 -6.007134 -5.671985 -3.888264 -5.483014 -3.364971 -2.544922 -0.323597 -0.194370 -0.600120 -3.266245 -4.560995 -7.697083 -5.320399 -3.093175 -1.741757 -0.939014 -4.702031 -3.448708 -0.413341 0.963766 0.504514 -0.225020 -4.721193 -6.045910 -3.979273 -4.016183 -1.659646 -0.002191 1.239141 3.620263 4.761297 -9999.0 -9999.0
-9999.0 -9999.0 -9999.0 -9999.0 -9999.0 -9999.0 -9999.0 -9999.0 -4.385508 -3.455445 -3.289087 -4.629882 -4.643285 -4.040806 -0.919085 -0.948962 -0.003990 0.682697 4.661607 3.880670 5.199018 3.757367 3.145882 3.283165 1.942969 2.008080 -0.001908 -1.402928 -5.046937 -4.372163 -5.108150 -2.108689 -2.994675 -2.571048 -1.635600 -1.414973 -0.037895 1.080244 -0.003098 -1.326531 -3.411398 -4.961916 -3.246239 -3.543808 -2.234237 -3.318867 -6.078190 -4.289764 -3.068429 -0.001139 1.944114 -0.002549 -4.750311 -4.913943 -2.730563 -1.062637 -0.000560 1.109815 3.241910 3.551496 4.281651 -9999.0 -9999.0
-9999.0 -9999.0 -9999.0 -9999.0 -9999.0 -9999.0 -9999.0 -9999.0 -6.999355 -3.141027 -0.846042 -5.346277 -3.818369 -1.278743 -0.404462 -0.001905 3.099488 4.418535 2.294192 5.009423 4.600087 5.022433 3.861626 3.330003 2.701126 0.333220 -0.002524 -2.162408 -1.829005 -1.202111 -1.472574 -0.772418 -0.059041 -0.154833 -0.354350 -0.860057 -0.000580 2.791148 -0.000829 -0.170514 -2.663178 -2.342432 -2.394287 -3.838167 -4.032276 -4.861439 -3.285223 -4.127178 -4.018757 -1.717664 -0.001931 1.542236 -0.002200 -0.580276 -0.001288 0.354228 1.869061 3.305104 4.427318 4.052758 3.129129 1.781444 -9999.0
-9999.0 -9999.0 -9999.0 -9999.0 -9999.0 -9999.0 -9999.0 -9999.0 -6.951720 -3.483849 -1.738258 -1.731423 -0.560883 -0.077171 -0.001497 0.732683 0.812757 1.510540 -0.003579 1.744083 3.970370 4.325149 4.652754 4.349359 1.088119 -0.003845 -1.265229 -0.006163 -0.002092 -0.084599 -0.363725 -0.001811 0.670943 -0.001166 -0.001463 -0.001464 0.898720 4.691791 4.105191 0.529808 -0.001374 -0.002204 -0.001804 -0.038438 -1.592857 -1.173074 -0.486259 -0.142394 -0.572896 -0.001695 -0.000066 0.933860 1.303242 0.430691 1.055979 1.372449 2.097659 2.850993 3.441694 3.080699 2.979571 1.212257 -9999.0
-9999.0 -9999.0 -3.944914 -3.312740 -4.298190 -2.451458 -3.939957 -3.585737 -5.248464 -4.277490 -1.748818 -0.172431 -0.082124 -0.009634 -0.000329 0.341696 -0.001272 -1.377430 -0.660076 -0.002523 1.647127 4.269659 3.492668 5.511074 2.360265 1.007292 -0.003770 -0.003252 1.315364 -0.000940 -0.002228 -0.002441 1.309631 2.014730 2.077346 3.319548 4.329310 7.087136 6.053578 3.265897 2.085663 2.097884 2.693551 0.861498 -0.001214 -0.001541 0.049042 0.786830 0.860732 1.844817 2.520829 2.375084 1.789860 1.346357 1.293796 1.501684 1.877747 2.240680 1.833820 2.374451 0.188673 0.483571 -9999.0
-9999.0 -0.801068 -0.869209 -1.037344 -2.309326 -3.543261 -3.932710 -3.975778 -4.987348 -5.362426 -3.010733 -1.011411 -0.004020 -0.005823 0.000199 -0.414013 -1.180537 -2.901105 -0.589239 -0.002344 1.462371 2.949695 1.658764 3.392409 2.496269 2.053438 0.718019 1.021776 2.354887 1.362225 1.158266 1.160628 2.568947 3.471727 4.829985 6.025031 7.514577 10.252601 7.645687 6.160737 5.341328 5.164173 4.458645 3.479289 2.309449 2.705663 2.604650 4.657755 3.996938 4.675905 3.125254 2.377238 1.640067 0.916522 0.855486 0.413552 0.304806 0.638040 0.087066 -0.001376 -0.001887 0.277428 -9999.0
-9999.0 -0.617939 -0.827266 -0.322725 -0.288931 -2.106370 -2.696609 -4.497251 -5.566487 -5.673822 -3.563939 -1.398862 -0.002307 0.000385 -0.074626 -2.629113 -3.778367 -3.261734 -0.419212 -0.007525 -0.001364 1.135986 1.913777 0.868093 1.753498 2.629728 4.850287 4.300721 3.735542 5.404348 5.843517 5.523938 4.300651 5.182498 5.908971 8.023444 9.563354 10.629497 10.218587 9.351167 8.563237 7.676140 6.579229 7.237154 7.339197 7.074535 5.212948 5.016035 4.525163 3.871497 2.283596 1.255063 0.395070 1.056985 0.296309 -0.002462 -0.026372 -0.002848 -0.002230 -0.003548 -0.002258 -9999.0 -9999.0
