erum2020/resources/simulation/Vinschgau/output-maps/TL0008N1023.asc
ncols         63
nrows         48
xllcorner     598000.000000
yllcorner     5145000.000000
cellsize      1000.000000
NODATA_value  -9999.0
[rows 0 to 27 of 48, columns 0 to 62 of 63]
-9999.0 -9999.0 -9999.0 -9999.0 -9999.0 -9999.0 -9999.0 -9999.0 -9999.0 -9999.0 -9999.0 -9999.0 -9999.0 -9999.0 -9999.0 -9999.0 -9999.0 -9999.0 -9999.0 -9999.0 -9999.0 -9999.0 -9999.0 -9999.0 -9999.0 -9999.0 -9999.0 -9999.0 -9999.0 -9999.0 -9999.0 -9999.0 -9999.0 -9999.0 -9999.0 -9999.0 -9999.0 -9999.0 -9999.0 -9999.0 -9999.0 -9999.0 -9999.0 -9999.0 -9999.0 -9999.0 -9999.0 -9999.0 -9999.0 -9999.0 -9999.0 -9999.0 -9999.0 -9999.0 -9999.0 -9999.0 -9999.0 -9999.0 -9999.0 -9999.0 -9999.0 -9999.0 -9999.0
-9999.0 -9999.0 -9999.0 -9999.0 -9999.0 -9999.0 -9999.0 -9999.0 -9999.0 -9999.0 -9999.0 -9999.0 -9999.0 -9999.0 -9999.0 -9999.0 -9999.0 -9999.0 -9999.0 -9999.0 -9999.0 -9999.0 -9999.0 -9999.0 -9999.0 -9999.0 -9999.0 -2.864661 -2.264386 -3.128681 -3.896629 -4.205748 -3.786024 -9999.0 -9999.0 -9999.0 -9999.0 -9999.0 -9999.0 -9999.0 -9999.0 -9999.0 -9999.0 -9999.0 -9999.0 -9999.0 -9999.0 -9999.0 -9999.0 -9999.0 -9999.0 -9999.0 -9999.0 -9999.0 -9999.0 -9999.0 -9999.0 -9999.0 -9999.0 -9999.0 -9999.0 -9999.0 -9999.0
-9999.0 -9999.0 -9999.0 -9999.0 -9999.0 -9999.0 -9999.0 -9999.0 -9999.0 -9999.0 -9999.0 -9999.0 -9999.0 -9999.0 -9999.0 -9999.0 -9999.0 -9999.0 -9999.0 -9999.0 -9999.0 -9999.0 -9999.0 -9999.0 -1.269182 -1.312842 -1.465247 -1.187020 -1.567003 -2.418077 -3.941679 -9999.0 -9999.0 -9999.0 -9999.0 -9999.0 -9999.0 -9999.0 -9999.0 -9999.0 -9999.0 -9999.0 -9999.0 -9999.0 -9999.0 -9999.0 -9999.0 -9999.0 -9999.0 -9999.0 -9999.0 -9999.0 -9999.0 -9999.0 -9999.0 -9999.0 -9999.0 -9999.0 -9999.0 -9999.0 -9999.0 -9999.0 -9999.0
-9999.0 -9999.0 -9999.0 -9999.0 -9999.0 -9999.0 -9999.0 -9999.0 -9999.0 -9999.0 -9999.0 -9999.0 -9999.0 -9999.0 -9999.0 -9999.0 -9999.0 -9999.0 -9999.0 -9999.0 -9999.0 -9999.0 -9999.0 -1.317926 -1.306295 0.745538 1.252453 1.946338 1.003741 -1.200001 -3.254252 -4.275826 -9999.0 -9999.0 -9999.0 -9999.0 -9999.0 -9999.0 -9999.0 -9999.0 -9999.0 -9999.0 -9999.0 -9999.0 -9999.0 -9999.0 -9999.0 -9999.0 -9999.0 -9999.0 -9999.0 -9999.0 -9999.0 -9999.0 -9999.0 -9999.0 -9999.0 -9999.0 -9999.0 -9999.0 -9999.0 -9999.0 -9999.0
-9999.0 -9999.0 -9999.0 -9999.0 -9999.0 -9999.0 -9999.0 -9999.0 -9999.0 -9999.0 -9999.0 -9999.0 -9999.0 -9999.0 -9999.0 -9999.0 -9999.0 -9999.0 1.300471 -0.578858 -9999.0 -1.266297 -1.148031 0.385176 0.869762 1.997113 0.373494 0.149819 0.447580 -0.002040 -1.338910 -3.814238 -4.054320 -4.790978 -9999.0 -9999.0 -9999.0 -9999.0 -9999.0 -9999.0 -9999.0 -9999.0 -9999.0 -9999.0 -9999.0 -9999.0 -9999.0 -9999.0 -9999.0 -9999.0 -9999.0 -9999.0 -9999.0 -9999.0 -9999.0 -9999.0 -9999.0 -9999.0 -9999.0 -9999.0 -9999.0 -9999.0 -9999.0
-9999.0 -9999.0 -9999.0 -9999.0 -9999.0 -9999.0 -9999.0 -9999.0 -9999.0 -9999.0 -9999.0 -9999.0 -9999.0 -9999.0 -9999.0 -9999.0 -9999.0 4.438053 3.035545 1.912301 -0.378115 -0.000977 -0.002034 -0.002310 0.720300 -0.002186 -0.336803 -0.001730 -0.002392 -0.000782 -0.965900 -1.215780 -2.639499 -3.078530 -4.303541 -5.339662 -9999.0 -9999.0 -9999.0 -9999.0 -9999.0 -9999.0 -9999.0 -9999.0 -9999.0 -9999.0 -9999.0 -9999.0 -9999.0 -9999.0 -9999.0 -9999.0 -9999.0 -9999.0 -9999.0 -9999.0 -9999.0 -9999.0 -9999.0 -9999.0 -9999.0 -9999.0 -9999.0
-9999.0 -9999.0 -9999.0 -9999.0 -9999.0 -9999.0 -9999.0 -9999.0 -9999.0 -9999.0 -9999.0 -9999.0 -9999.0 -0.167685 -0.001790 2.486611 4.011368 6.306245 4.062878 1.330750 0.849008 0.305532 1.099208 0.853518 -0.001829 -0.556268 -1.479504 -2.634001 -1.065459 -0.001975 -1.597770 -1.843901 -1.451424 -3.052810 -3.933515 -5.172879 -9999.0 -9999.0 -9999.0 -9999.0 -9999.0 -9999.0 -9999.0 -9999.0 -9999.0 -9999.0 -9999.0 -9999.0 -9999.0 -9999.0 -9999.0 -9999.0 -9999.0 -9999.0 -9999.0 -9999.0 -9999.0 -9999.0 -9999.0 -9999.0 -9999.0 -9999.0 -9999.0
-9999.0 -9999.0 -9999.0 -9999.0 -9999.0 -9999.0 -9999.0 -9999.0 -9999.0 -9999.0 -9999.0 -9999.0 -9999.0 -0.001510 1.888343 3.262463 3.272195 4.716631 6.367164 2.309642 3.186640 2.129023 1.366887 0.245619 -0.001893 -0.003807 -1.752080 -3.038687 -3.470527 -0.963118 -2.752499 -2.769267 -3.731266 -7.781563 -4.571520 -9999.0 -9999.0 -9999.0 -9999.0 -9999.0 -9999.0 -9999.0 -9999.0 -9999.0 -9999.0 -9999.0 -9999.0 -9999.0 -9999.0 -9999.0 -9999.0 -9999.0 -9999.0 -9999.0 -9999.0 -9999.0 -9999.0 -9999.0 -9999.0 -9999.0 -9999.0 -9999.0 -9999.0
-9999.0 -9999.0 -9999.0 -9999.0 -9999.0 -9999.0 -9999.0 -9999.0 -9999.0 -9999.0 -9999.0 -9999.0 -9999.0 1.538871 1.928721 2.746659 2.773854 3.565597 6.616595 3.997189 2.738775 0.153723 -0.002199 -0.002204 -0.001553 -0.001468 -1.984195 -3.753130 -4.290284 -6.812344 -3.968374 -8.339143 -8.626163 -11.167764 -5.386509 -9999.0 -9999.0 -9999.0 -9999.0 -9999.0 -9999.0 -9999.0 -9999.0 -9999.0 -9999.0 -9999.0 -9999.0 -9999.0 -9999.0 -9999.0 -9999.0 -9999.0 -9999.0 -9999.0 -9999.0 -9999.0 -9999.0 -9999.0 -9999.0 -9999.0 -9999.0 -9999.0 -9999.0
-9999.0 -9999.0 -9999.0 -9999.0 -9999.0 -9999.0 -9999.0 -9999.0 -9999.0 -9999.0 -9999.0 -9999.0 -0.002305 0.224799 2.223941 0.427699 1.061708 3.051831 5.283908 3.512956 0.675231 -0.002029 -0.034917 -0.003983 -1.688319 -1.773352 -2.853392 -3.280717 -3.044304 -4.146659 -8.227558 -4.118852 -4.510961 -5.424119 -9999.0 -9999.0 -9999.0 -9999.0 -9999.0 -9999.0 -9999.0 -9999.0 -9999.0 -9999.0 -9999.0 -9999.0 -9999.0 -9999.0 -9999.0 -9999.0 -9999.0 -9999.0 -9999.0 -9999.0 -9999.0 -9999.0 -9999.0 -9999.0 -9999.0 -9999.0 -9999.0 -9999.0 -9999.0
-9999.0 -9999.0 -9999.0 -9999.0 -9999.0 -9999.0 -9999.0 -9999.0 -9999.0 -9999.0 -9999.0 -0.277093 1.472639 1.214501 1.542708 -0.000568 2.308360 3.164809 5.124015 3.616369 1.827470 -0.000626 -1.290545 -1.434822 -1.708150 -2.871955 -3.333632 -3.505438 -2.894564 -4.782301 -4.127914 -2.560057 -4.016251 -4.614774 -4.810139 -3.923214 -3.373264 -2.555036 -3.472482 -9999.0 -9999.0 -9999.0 -4.786688 -9999.0 -9999.0 -9999.0 -9999.0 -9999.0 -9999.0 -9999.0 -9999.0 -9999.0 -9999.0 -9999.0 -9999.0 -9999.0 -9999.0 -9999.0 -9999.0 -9999.0 -9999.0 -9999.0 -9999.0
-9999.0 -9999.0 -9999.0 -9999.0 -9999.0 -9999.0 -9999.0 -9999.0 -9999.0 -9999.0 -9999.0 -0.258101 1.653254 3.073304 2.865835 -0.087313 4.582816 3.980238 5.261923 3.574573 2.741301 -0.002356 -1.264339 -2.121095 -3.445758 -2.947443 -2.443213 -2.799100 -2.769855 -4.535252 -3.557429 -2.219293 -3.802206 -4.935852 -4.791044 -3.556864 -2.370207 -1.492755 -1.950073 -4.414135 -4.414429 -4.622288 -3.719373 -3.870228 -9999.0 -9999.0 -9999.0 -5.879789 -5.130866 -4.396479 -4.579572 -4.883667 -5.056056 -5.532737 -5.462127 -5.316371 -9999.0 -9999.0 -9999.0 -9999.0 -9999.0 -9999.0 -9999.0
-9999.0 -9999.0 -9999.0 -9999.0 -9999.0 -9999.0 -9999.0 -9999.0 -9999.0 -9999.0 -9999.0 -0.927014 -0.144612 -0.009702 -0.000595 -0.003179 0.457753 3.322791 4.275929 3.572092 1.582923 -0.002224 -1.046314 -1.240428 -2.241203 -2.570305 -1.478836 -3.190295 -3.072886 -4.913560 -3.563488 -3.700647 -2.727229 -4.430425 -4.432514 -2.592967 -2.821233 -2.417744 -0.677658 -3.179847 -3.315118 -3.455145 -2.704752 -2.599255 -4.478017 -9999.0 -5.502200 -4.833084 -3.776605 -1.595604 -1.249697 -2.637765 -2.087880 -3.672075 -4.122690 -4.394379 -9999.0 -9999.0 -9999.0 -9999.0 -9999.0 -9999.0 -9999.0
-9999.0 -9999.0 -9999.0 -9999.0 -9999.0 -9999.0 -9999.0 -9999.0 -9999.0 -9999.0 -9999.0 -9999.0 -0.823560 -0.001006 -0.003970 -0.002308 -0.002261 2.431009 4.883260 3.562322 1.484627 -0.002243 -0.414671 -1.579802 -2.516990 -1.347604 -0.911780 -1.485283 -3.894998 -4.014870 -2.550723 -3.454047 -1.286696 -4.132565 -4.351507 -3.272475 -3.059325 -2.271643 -0.002402 -1.335554 -2.139509 -1.410383 -2.853567 -1.398875 -3.490123 -4.664699 -4.669178 -4.348106 -2.930162 -2.359704 -0.000673 -3.327857 -3.338059 -3.994139 -4.422581 -3.987040 -4.458665 -9999.0 -9999.0 -9999.0 -9999.0 -9999.0 -9999.0
-9999.0 -9999.0 -9999.0 -9999.0 -9999.0 -9999.0 -9999.0 -9999.0 -9999.0 -9999.0 -9999.0 -0.010321 -1.324072 -0.394650 -1.252220 -0.001141 -0.000880 1.516182 4.357975 3.666149 2.009420 -0.002123 -0.001392 -1.287761 -1.199111 -2.117049 -0.007443 -3.578701 -3.302983 -2.844166 -1.322476 -2.618972 -1.776372 -4.004419 -4.880129 -3.559416 -2.059859 -1.447802 -0.004964 -0.140199 -1.347334 -0.002298 -1.291624 -1.442963 -1.135383 -2.774717 -3.184830 -2.817454 -1.406623 -0.006979 -3.434298 -3.081282 -5.378929 -6.104902 -6.995987 -8.015124 -4.277686 -9999.0 -9999.0 -9999.0 -9999.0 -9999.0 -9999.0
-9999.0 -9999.0 -9999.0 -9999.0 -9999.0 -9999.0 -9999.0 -9999.0 -9999.0 -9999.0 -0.797469 -2.232798 -1.177960 -0.708591 -0.005392 -0.002578 -0.003768 -0.002249 2.980305 3.297999 2.088535 0.847583 -0.536470 -0.141061 -0.001120 -1.846790 -1.887904 -4.621872 -1.211995 -1.359254 -2.073038 -2.163988 -0.962055 -3.955094 -5.212958 -3.414982 -1.355286 -2.407485 -0.177123 -0.001711 -0.002058 0.665585 2.701486 0.527538 -0.002049 -2.127993 -1.542599 -2.641842 -1.996641 -0.001040 -5.352544 -4.319786 -7.462948 -8.705434 -8.178571 -3.997629 -3.919428 -9999.0 -9999.0 -9999.0 -9999.0 -9999.0 -9999.0
-9999.0 -9999.0 -9999.0 -9999.0 -9999.0 -9999.0 -9999.0 -9999.0 -9999.0 -2.341291 -1.213044 -2.310788 -1.533870 -1.108663 -0.003370 -0.005759 -0.002275 -0.000417 2.807793 3.516911 2.395468 -0.003666 -0.002252 -0.001742 -0.000735 -1.437831 -2.697924 -1.190394 -1.783439 -0.002004 -0.000932 -1.634897 -3.013377 -7.800260 -4.403561 -3.764287 -2.494541 -2.849328 -1.073608 -0.418590 -0.496299 -0.299888 -0.431388 1.310364 0.566193 -0.006124 -0.009902 -1.009915 -1.002301 -0.000560 -1.833684 -4.101780 -9.560351 -6.209223 -4.946319 -5.344957 -4.520538 -3.526508 -4.581357 -9999.0 -9999.0 -9999.0 -9999.0
-9999.0 -9999.0 -9999.0 -9999.0 -9999.0 -9999.0 -9999.0 -9999.0 -9999.0 -3.447283 -2.139411 -1.151140 -0.000553 -0.001190 -0.003467 -1.059924 -0.003337 -0.001038 3.379156 3.306044 2.945744 2.414102 1.189847 -0.000477 -1.051089 -1.572507 -1.079344 -0.001151 -0.001068 -0.000570 -0.007645 -2.011835 -3.234673 -4.345506 -3.835227 -3.275528 -2.804075 -2.249258 -1.984190 -1.727707 -2.218893 -1.858390 -0.567095 -0.001118 1.837847 1.303835 0.979624 -0.002300 -0.002292 -0.000999 -2.882894 -5.604690 -6.041816 -5.066306 -3.939275 -6.328535 -4.296285 -3.623601 -2.569112 -9999.0 -9999.0 -9999.0 -9999.0
-9999.0 -9999.0 -9999.0 -9999.0 -9999.0 -9999.0 -9999.0 -9999.0 -9999.0 -9999.0 -2.962906 -1.827223 -0.002709 -0.001169 -0.002261 -0.002290 -0.001093 0.821522 4.290955 3.320702 3.018099 2.012715 -0.001760 -0.321431 -1.239014 -0.002016 -0.001133 0.069585 -0.008155 -1.571514 -1.919240 -3.030574 -3.874468 -4.292299 -2.734834 -1.743203 -1.295885 -1.126485 -2.777736 -3.560523 -2.590529 -1.298535 -0.002898 -0.004319 -0.001498 -0.001784 0.789204 1.653710 1.669649 -0.002262 -1.836324 -4.138968 -5.062604 -5.935525 -5.234100 -4.346421 -2.801386 -1.883760 -1.603561 -0.001373 -9999.0 -9999.0 -9999.0
-9999.0 -9999.0 -9999.0 -9999.0 -9999.0 -9999.0 -9999.0 -9999.0 -9999.0 -9999.0 -3.919865 -1.541605 -1.142015 -0.002567 0.399969 -0.002941 -0.002523 1.889070 4.663585 4.536067 2.867312 0.672815 -0.002282 -0.012358 -0.002022 -0.001038 0.939285 -0.001941 -1.258849 -3.575745 -2.706637 -2.210201 -4.751973 -4.463164 -2.351384 -1.445864 -1.824609 -2.090136 -1.962366 -3.802716 -3.341498 -1.555505 -2.861766 -0.988799 -0.007822 -0.260445 -0.000857 -0.001518 2.135819 1.363095 -0.002393 -2.059753 -4.320446 -4.630854 -6.580731 -5.784680 -4.046867 -0.902951 1.194461 1.259858 -9999.0 -9999.0 -9999.0
-9999.0 -9999.0 -9999.0 -9999.0 -9999.0 -9999.0 -9999.0 -9999.0 -1.708882 -2.737408 -3.431869 -2.602924 -2.927218 -1.191185 -0.056829 1.100644 2.239359 3.283598 4.106555 5.024063 4.633747 3.437085 2.251617 0.371786 -0.001687 1.483895 0.555664 -0.781039 -1.564100 -3.593927 -7.275594 -3.524315 -3.506749 -4.395463 -3.215627 -1.753990 -0.165293 -0.026512 -2.513825 -3.288163 -3.034627 -0.895549 -3.537681 -2.986742 -1.255740 -0.642492 -2.334005 -1.063070 -0.001590 1.489735 -0.002033 -0.692716 -4.428190 -6.004059 -5.391650 -4.063072 -3.310547 -0.452134 -0.001707 3.353556 -9999.0 -9999.0 -9999.0
-9999.0 -9999.0 -9999.0 -9999.0 -9999.0 -9999.0 -9999.0 -9999.0 -3.251640 -3.077089 -2.888251 -3.447151 -1.738843 -2.339616 -0.901650 -0.001802 1.242219 1.897781 5.061326 5.567026 5.806318 4.682769 3.700473 2.657779 2.699413 2.589541 0.444132 -1.042883 -4.766569 -4.061134 -4.341419 -2.930018 -3.109871 -2.932410 -2.729990 -1.319215 -0.031503 -0.004293 -1.237546 -1.291840 -2.587133 -6.045307 -2.676068 -1.251225 -1.173124 -1.187994 -4.062891 -1.334771 -0.712913 1.153082 1.108859 -0.006937 -4.620640 -4.265705 -1.777875 -2.588612 -1.159462 -0.002396 1.854594 4.227289 5.495516 -9999.0 -9999.0
-9999.0 -9999.0 -9999.0 -9999.0 -9999.0 -9999.0 -9999.0 -9999.0 -2.337777 -1.793624 -2.751593 -3.702034 -2.600946 -3.313394 -1.043510 -0.762426 -0.003265 1.417976 4.953544 5.804468 6.038827 5.568843 5.178150 4.328003 3.571258 2.569917 -0.001617 -1.209576 -5.368990 -3.444907 -2.702395 -1.240321 -2.055023 -1.644128 -1.304139 -0.242517 -0.003386 1.215957 -0.009914 -2.679175 -1.917892 -2.381192 -1.282311 -1.905700 -1.432370 -1.424757 -3.277105 -2.044108 -2.289854 -0.001342 2.130948 -0.002031 -3.561835 -4.443044 -1.656515 -0.777635 0.297288 1.734520 3.901484 4.493141 4.845972 -9999.0 -9999.0
-9999.0 -9999.0 -9999.0 -9999.0 -9999.0 -9999.0 -9999.0 -9999.0 -4.226355 -1.116173 -0.007609 -5.077289 -1.476230 -1.547159 -0.251981 -0.001845 3.530499 4.744605 3.675841 5.237941 5.424746 5.806812 5.422043 5.006815 3.069878 0.551513 -0.001914 -1.960785 -1.171161 -2.570540 -1.169041 -1.261331 -0.003585 -0.157985 -0.467242 -0.145023 -0.001019 3.342245 0.240460 -0.003080 -1.234753 -1.308275 -1.400961 -1.256557 -1.689383 -2.235254 -1.244671 -2.562269 -1.704333 -1.016158 -0.001686 1.736567 -0.001907 -0.154138 -0.000595 0.954038 2.516570 3.923452 4.884210 4.617577 3.729077 2.042288 -9999.0
-9999.0 -9999.0 -9999.0 -9999.0 -9999.0 -9999.0 -9999.0 -9999.0 -4.452707 -1.795844 -2.469822 -1.543762 -0.376471 -0.173302 -0.000402 1.355746 2.177240 1.925711 0.299108 2.296220 4.250968 5.140833 5.440765 5.147594 2.792744 -0.003016 -1.068234 -0.002015 -0.001118 -0.003276 -0.249227 -0.000882 1.317933 0.005574 -0.001915 -0.001909 1.632671 5.433771 4.927693 1.201012 -0.001770 -0.002309 -0.002628 -0.002502 -1.006443 -0.740843 -1.150423 -1.519558 -0.492467 -0.002147 0.684183 1.156818 1.493555 1.055464 1.548443 1.804018 2.617663 3.413134 4.020740 3.739355 3.476509 1.468040 -9999.0
-9999.0 -9999.0 -1.816096 -1.398211 -3.691791 -1.757987 -3.086531 -2.597799 -4.080526 -3.425310 -1.161250 -0.001317 -0.151263 -0.001954 1.302696 0.860349 -0.001404 -1.196696 -0.940361 -0.001965 2.173558 4.843940 4.150822 5.722219 3.208135 1.455981 -0.002994 -0.002602 1.583458 0.895698 -0.001966 -0.001955 2.942228 2.538256 2.775502 3.972279 5.103010 7.742589 6.735852 3.998041 2.836827 2.802359 3.108871 1.539027 -0.001464 -0.002026 0.743378 0.987210 1.523995 2.473957 3.174981 2.895727 2.329485 1.879194 1.791000 3.238012 2.417290 2.818731 2.468414 2.721017 1.785144 0.725737 -9999.0
-9999.0 -1.210396 -2.763515 -1.073783 -1.610454 -1.223613 -2.628593 -3.086491 -4.058596 -4.137552 -2.296580 -0.829914 -0.000158 -0.000270 -0.000076 -0.263013 -1.246839 -2.091643 -1.299609 -0.002006 1.924115 3.635465 3.441425 3.949330 4.346065 2.932501 2.397178 2.662386 3.099646 2.028746 1.872785 1.905832 3.361605 5.101292 5.781428 6.853934 9.104291 10.750329 8.500518 6.886705 6.426373 6.088312 5.269393 4.203884 2.927633 3.212391 3.215761 5.378111 4.808788 5.299236 3.677126 2.924707 2.186090 1.446491 1.374244 0.951912 0.460635 0.799320 0.674334 0.010693 -0.001252 0.520814 -9999.0
-9999.0 -0.760028 -1.336677 -0.013155 -0.000504 -0.792975 -2.495134 -3.588470 -4.157377 -4.260112 -2.798092 -1.213412 -0.001781 0.010726 -0.187898 -3.655415 -2.925350 -2.403065 -1.128473 -0.003732 0.789729 1.394289 2.274708 1.843085 3.659138 4.498537 5.056865 5.020410 4.366286 5.898370 6.123032 5.860506 5.062201 5.919182 7.468951 8.916926 11.602164 12.761495 11.574967 10.825947 9.885272 8.695436 8.092672 7.573897 7.551779 7.388483 6.016737 5.677889 5.136959 4.456092 2.882669 1.460115 0.561341 1.217711 0.435981 -0.002051 -0.279536 -0.002144 -0.001722 -0.002090 -0.001516 -9999.0 -9999.0
