erum2020/resources/simulation/Vinschgau/output-maps/TL0002N0117.asc
ncols         63
nrows         48
xllcorner     598000.000000
yllcorner     5145000.000000
cellsize      1000.000000
NODATA_value  -9999.0
[rows 0 to 27 of 48, columns 0 to 61 of 63]
-9999.0 -9999.0 -9999.0 -9999.0 -9999.0 -9999.0 -9999.0 -9999.0 -9999.0 -9999.0 -9999.0 -9999.0 -9999.0 -9999.0 -9999.0 -9999.0 -9999.0 -9999.0 -9999.0 -9999.0 -9999.0 -9999.0 -9999.0 -9999.0 -9999.0 -9999.0 -9999.0 -9999.0 -9999.0 -9999.0 -9999.0 -9999.0 -9999.0 -9999.0 -9999.0 -9999.0 -9999.0 -9999.0 -9999.0 -9999.0 -9999.0 -9999.0 -9999.0 -9999.0 -9999.0 -9999.0 -9999.0 -9999.0 -9999.0 -9999.0 -9999.0 -9999.0 -9999.0 -9999.0 -9999.0 -9999.0 -9999.0 -9999.0 -9999.0 -9999.0 -9999.0 -9999.0
-9999.0 -9999.0 -9999.0 -9999.0 -9999.0 -9999.0 -9999.0 -9999.0 -9999.0 -9999.0 -9999.0 -9999.0 -9999.0 -9999.0 -9999.0 -9999.0 -9999.0 -9999.0 -9999.0 -9999.0 -9999.0 -9999.0 -9999.0 -9999.0 -9999.0 -9999.0 -9999.0 -1.330791 -1.474592 -1.444207 -1.345377 -2.153220 -2.431504 -9999.0 -9999.0 -9999.0 -9999.0 -9999.0 -9999.0 -9999.0 -9999.0 -9999.0 -9999.0 -9999.0 -9999.0 -9999.0 -9999.0 -9999.0 -9999.0 -9999.0 -9999.0 -9999.0 -9999.0 -9999.0 -9999.0 -9999.0 -9999.0 -9999.0 -9999.0 -9999.0 -9999.0 -9999.0
-9999.0 -9999.0 -9999.0 -9999.0 -9999.0 -9999.0 -9999.0 -9999.0 -9999.0 -9999.0 -9999.0 -9999.0 -9999.0 -9999.0 -9999.0 -9999.0 -9999.0 -9999.0 -9999.0 -9999.0 -9999.0 -9999.0 -9999.0 -9999.0 -0.797468 -1.524763 -1.705359 -1.753248 -1.816093 -1.657885 -1.310752 -9999.0 -9999.0 -9999.0 -9999.0 -9999.0 -9999.0 -9999.0 -9999.0 -9999.0 -9999.0 -9999.0 -9999.0 -9999.0 -9999.0 -9999.0 -9999.0 -9999.0 -9999.0 -9999.0 -9999.0 -9999.0 -9999.0 -9999.0 -9999.0 -9999.0 -9999.0 -9999.0 -9999.0 -9999.0 -9999.0 -9999.0
-9999.0 -9999.0 -9999.0 -9999.0 -9999.0 -9999.0 -9999.0 -9999.0 -9999.0 -9999.0 -9999.0 -9999.0 -9999.0 -9999.0 -9999.0 -9999.0 -9999.0 -9999.0 -9999.0 -9999.0 -9999.0 -9999.0 -9999.0 -1.281952 -1.325955 -0.198281 -0.310200 -0.141737 -1.230137 -1.752756 -1.598191 -1.352031 -9999.0 -9999.0 -9999.0 -9999.0 -9999.0 -9999.0 -9999.0 -9999.0 -9999.0 -9999.0 -9999.0 -9999.0 -9999.0 -9999.0 -9999.0 -9999.0 -9999.0 -9999.0 -9999.0 -9999.0 -9999.0 -9999.0 -9999.0 -9999.0 -9999.0 -9999.0 -9999.0 -9999.0 -9999.0 -9999.0
-9999.0 -9999.0 -9999.0 -9999.0 -9999.0 -9999.0 -9999.0 -9999.0 -9999.0 -9999.0 -9999.0 -9999.0 -9999.0 -9999.0 -9999.0 -9999.0 -9999.0 -9999.0 -0.094699 -0.088608 -9999.0 -1.119712 -0.918442 -0.069922 -0.179415 -3.695979 -0.919344 -0.923756 -0.750713 -0.738100 -1.841039 -1.505928 -1.881985 -2.567209 -9999.0 -9999.0 -9999.0 -9999.0 -9999.0 -9999.0 -9999.0 -9999.0 -9999.0 -9999.0 -9999.0 -9999.0 -9999.0 -9999.0 -9999.0 -9999.0 -9999.0 -9999.0 -9999.0 -9999.0 -9999.0 -9999.0 -9999.0 -9999.0 -9999.0 -9999.0 -9999.0 -9999.0
-9999.0 -9999.0 -9999.0 -9999.0 -9999.0 -9999.0 -9999.0 -9999.0 -9999.0 -9999.0 -9999.0 -9999.0 -9999.0 -9999.0 -9999.0 -9999.0 -9999.0 -5.456595 -1.177163 -1.206990 -1.160027 -0.407535 -0.194663 -1.643794 -0.398300 -1.919411 -1.498393 -0.905590 -1.741379 -0.978293 -1.287147 -1.714910 -1.846215 -2.094770 -1.531627 -3.482472 -9999.0 -9999.0 -9999.0 -9999.0 -9999.0 -9999.0 -9999.0 -9999.0 -9999.0 -9999.0 -9999.0 -9999.0 -9999.0 -9999.0 -9999.0 -9999.0 -9999.0 -9999.0 -9999.0 -9999.0 -9999.0 -9999.0 -9999.0 -9999.0 -9999.0 -9999.0
-9999.0 -9999.0 -9999.0 -9999.0 -9999.0 -9999.0 -9999.0 -9999.0 -9999.0 -9999.0 -9999.0 -9999.0 -9999.0 -1.120043 -0.188924 -0.823514 -0.834777 -1.941934 -5.560174 -0.139017 -0.164916 -0.085342 -1.437181 -0.357665 -1.783900 -1.336499 -1.250022 -1.334198 -1.374920 -1.250728 -1.477828 -1.554848 -1.387127 -3.144825 -3.977477 -4.242389 -9999.0 -9999.0 -9999.0 -9999.0 -9999.0 -9999.0 -9999.0 -9999.0 -9999.0 -9999.0 -9999.0 -9999.0 -9999.0 -9999.0 -9999.0 -9999.0 -9999.0 -9999.0 -9999.0 -9999.0 -9999.0 -9999.0 -9999.0 -9999.0 -9999.0 -9999.0
-9999.0 -9999.0 -9999.0 -9999.0 -9999.0 -9999.0 -9999.0 -9999.0 -9999.0 -9999.0 -9999.0 -9999.0 -9999.0 -0.255171 -0.101291 -0.641122 -0.615279 -0.320740 -1.894581 -1.431789 -3.280919 -1.948333 -0.606755 -1.227227 -0.979878 -1.319127 -1.337142 -2.468887 -2.771704 -1.318074 -1.414638 -2.973421 -3.978198 -4.584724 -4.530379 -9999.0 -9999.0 -9999.0 -9999.0 -9999.0 -9999.0 -9999.0 -9999.0 -9999.0 -9999.0 -9999.0 -9999.0 -9999.0 -9999.0 -9999.0 -9999.0 -9999.0 -9999.0 -9999.0 -9999.0 -9999.0 -9999.0 -9999.0 -9999.0 -9999.0 -9999.0 -9999.0
-9999.0 -9999.0 -9999.0 -9999.0 -9999.0 -9999.0 -9999.0 -9999.0 -9999.0 -9999.0 -9999.0 -9999.0 -9999.0 -0.195239 -0.261531 -0.099769 -0.599461 -0.674753 -1.852843 -1.200415 -0.238739 -1.242290 -1.168889 -1.198132 -0.631838 -0.241792 -1.255117 -2.674164 -1.322496 -3.363520 -2.648350 -4.279192 -4.300675 -4.722485 -4.886423 -9999.0 -9999.0 -9999.0 -9999.0 -9999.0 -9999.0 -9999.0 -9999.0 -9999.0 -9999.0 -9999.0 -9999.0 -9999.0 -9999.0 -9999.0 -9999.0 -9999.0 -9999.0 -9999.0 -9999.0 -9999.0 -9999.0 -9999.0 -9999.0 -9999.0 -9999.0 -9999.0
-9999.0 -9999.0 -9999.0 -9999.0 -9999.0 -9999.0 -9999.0 -9999.0 -9999.0 -9999.0 -9999.0 -9999.0 -0.144104 -0.137567 -0.219504 -1.365124 -0.210013 -0.653288 -0.326858 -1.723151 -0.423542 -1.207915 -1.086786 -1.073860 -0.474452 -1.912320 -1.097300 -1.257157 -1.317011 -3.143469 -2.863475 -1.474729 -1.757811 -3.932140 -9999.0 -9999.0 -9999.0 -9999.0 -9999.0 -9999.0 -9999.0 -9999.0 -9999.0 -9999.0 -9999.0 -9999.0 -9999.0 -9999.0 -9999.0 -9999.0 -9999.0 -9999.0 -9999.0 -9999.0 -9999.0 -9999.0 -9999.0 -9999.0 -9999.0 -9999.0 -9999.0 -9999.0
-9999.0 -9999.0 -9999.0 -9999.0 -9999.0 -9999.0 -9999.0 -9999.0 -9999.0 -9999.0 -9999.0 -0.675173 -1.113604 -0.244278 -1.312904 -1.209626 -1.173143 -0.599078 -0.293723 -1.572613 -1.682087 -0.117655 -1.062201 -1.121438 -1.165449 -1.110889 -2.122365 -1.236815 -1.455902 -3.663017 -1.293934 -1.672071 -2.263413 -4.235149 -4.273931 -6.103468 -8.247160 -8.825333 -9.834418 -9999.0 -9999.0 -9999.0 -4.454990 -9999.0 -9999.0 -9999.0 -9999.0 -9999.0 -9999.0 -9999.0 -9999.0 -9999.0 -9999.0 -9999.0 -9999.0 -9999.0 -9999.0 -9999.0 -9999.0 -9999.0 -9999.0 -9999.0
-9999.0 -9999.0 -9999.0 -9999.0 -9999.0 -9999.0 -9999.0 -9999.0 -9999.0 -9999.0 -9999.0 -1.173391 -0.978736 -0.203930 -0.283292 -1.103802 -0.183624 -0.658721 -0.343125 -0.258712 -0.200593 -0.078173 -1.075761 -1.156582 -1.155431 -1.131928 -1.174850 -1.303694 -1.134353 -2.558053 -1.478459 -1.735138 -2.790349 -1.994065 -4.456201 -7.179435 -10.413726 -14.557573 -15.625936 -12.903342 -10.343772 -7.218241 -4.734460 -3.381308 -9999.0 -9999.0 -9999.0 -0.149565 -0.452741 -0.881843 -0.093272 -0.580236 -0.694396 -0.028813 -0.020125 -0.544489 -9999.0 -9999.0 -9999.0 -9999.0 -9999.0 -9999.0
-9999.0 -9999.0 -9999.0 -9999.0 -9999.0 -9999.0 -9999.0 -9999.0 -9999.0 -9999.0 -9999.0 -1.131524 -1.095585 -1.357802 -0.421052 -1.226811 -0.362818 -0.591767 -0.278257 -0.315428 -0.551275 -0.524484 -0.632806 -1.076385 -1.151488 -1.129140 -1.317044 -1.266150 -1.739408 -1.251204 -2.630565 -1.781241 -1.859939 -3.175367 -5.404723 -8.359698 -13.958840 -10.970754 -9.693925 -17.778633 -11.443461 -8.885262 -3.808605 -3.289177 -1.436627 -9999.0 -1.104478 -0.646761 -0.199434 -0.047415 -0.185600 -0.763397 -0.020233 -0.011022 -0.006527 -0.017272 -9999.0 -9999.0 -9999.0 -9999.0 -9999.0 -9999.0
-9999.0 -9999.0 -9999.0 -9999.0 -9999.0 -9999.0 -9999.0 -9999.0 -9999.0 -9999.0 -9999.0 -9999.0 -1.044842 -0.437532 -0.063057 -0.280874 -1.270068 -0.672615 -0.356533 -0.327242 -0.607535 -0.396864 -0.163521 -0.341647 -1.137186 -1.190414 -0.109658 -1.205052 -1.171448 -1.204117 -1.361463 -1.643868 -1.927223 -2.458115 -4.244022 -7.596190 -12.720461 -11.101276 -7.947536 -10.468341 -8.421997 -7.321247 -5.835219 -1.363967 -1.691375 -1.246741 -1.142681 -0.860936 -1.058586 -1.244826 -0.437382 -0.103834 -0.143788 -0.048079 -0.587749 -0.742185 -0.041709 -9999.0 -9999.0 -9999.0 -9999.0 -9999.0
-9999.0 -9999.0 -9999.0 -9999.0 -9999.0 -9999.0 -9999.0 -9999.0 -9999.0 -9999.0 -9999.0 -0.321694 -1.079080 -1.028661 -0.251178 -0.230464 -0.333912 -1.460082 -0.298787 -4.927956 -0.586681 -0.229310 -0.265242 -1.055024 -1.020214 -0.194666 -0.408307 -1.189149 -1.266319 -1.199709 -1.413295 -1.656886 -1.769736 -2.096036 -5.288534 -6.806763 -10.644606 -11.701556 -7.528965 -7.606619 -7.828660 -6.619671 -4.827173 -4.813219 -0.377691 -1.334530 -1.010217 -1.080969 -0.987079 -1.698460 -0.918341 -0.996332 -0.995010 -0.933335 -0.904269 -0.937010 -0.555272 -9999.0 -9999.0 -9999.0 -9999.0 -9999.0
-9999.0 -9999.0 -9999.0 -9999.0 -9999.0 -9999.0 -9999.0 -9999.0 -9999.0 -9999.0 -0.317867 -0.268657 -0.114819 -1.080370 -0.057452 -0.146344 -1.271637 -0.929672 -0.759700 -0.885114 -0.307408 -0.226810 -0.224476 -0.066486 -0.122084 -0.416143 -1.146046 -1.714381 -1.133567 -0.121962 -0.810706 -1.543054 -1.461745 -2.515997 -5.375457 -5.693838 -8.725563 -11.455974 -9.979495 -7.396101 -6.439683 -7.682192 -3.948477 -6.857979 -1.811073 -1.443598 -0.851870 -1.677036 -0.687158 -1.311204 -0.884074 -0.947020 -0.932603 -1.003083 -0.907652 -0.016647 -0.015850 -9999.0 -9999.0 -9999.0 -9999.0 -9999.0
-9999.0 -9999.0 -9999.0 -9999.0 -9999.0 -9999.0 -9999.0 -9999.0 -9999.0 -1.035382 -0.295472 -0.328027 -0.218667 -0.340951 -0.152480 -1.165894 -1.106294 -0.138855 -0.876038 -4.277801 -0.465574 -0.178914 -0.194521 -0.377740 -0.473497 -1.091599 -1.261870 -0.098378 -0.242168 -0.303671 -1.815206 -1.332353 -3.532813 -3.937672 -3.951577 -5.084445 -3.413862 -5.524576 -5.216287 -6.761865 -8.408772 -2.321735 -2.402608 -6.118329 -5.681319 -2.600355 -0.137403 -1.604266 -1.188746 -0.825471 -0.973857 -0.823180 -1.103665 -0.893578 -0.795406 -0.423012 -0.025438 -0.030861 -0.169906 -9999.0 -9999.0 -9999.0
-9999.0 -9999.0 -9999.0 -9999.0 -9999.0 -9999.0 -9999.0 -9999.0 -9999.0 -1.030652 -1.048188 -1.051142 -0.339938 -0.151417 -0.161771 -0.234932 -0.031353 -0.414740 -1.166574 -0.588155 -0.639082 -2.006753 -0.587730 -0.182624 -1.097966 -1.187803 -0.140937 -0.205674 -1.463038 -0.625659 -1.465493 -1.777747 -1.280426 -1.307821 -1.618915 -3.150261 -3.960955 -4.001050 -3.827838 -1.951512 -1.067012 -1.619885 -2.156022 -2.938656 -4.536967 -4.663703 -4.616175 -3.950077 -0.341438 -1.497942 -0.963397 -0.898230 -0.867507 -0.929340 -0.868509 -0.221535 -0.031837 -0.031948 -0.028025 -9999.0 -9999.0 -9999.0
-9999.0 -9999.0 -9999.0 -9999.0 -9999.0 -9999.0 -9999.0 -9999.0 -9999.0 -9999.0 -1.043096 -1.039135 -1.144518 -1.336594 -0.955622 -0.157732 -0.141017 -0.268669 -6.643610 -1.301838 -0.416348 -1.238770 -0.166931 -0.156029 -1.117365 -0.165207 -1.341783 -3.529627 -1.332618 -1.213161 -1.143924 -0.487037 -1.245634 -1.530340 -1.566889 -1.693764 -1.721144 -2.090393 -2.439245 -2.344314 -2.885923 -1.790908 -1.972561 -1.387402 -1.726097 -3.326755 -2.174525 -0.840845 -4.932219 -2.031203 -0.934580 -0.820400 -0.490480 -0.834554 -0.881365 -0.884404 -0.402730 -0.225623 -0.040981 -0.042635 -9999.0 -9999.0
-9999.0 -9999.0 -9999.0 -9999.0 -9999.0 -9999.0 -9999.0 -9999.0 -9999.0 -9999.0 -1.056295 -1.035235 -0.969022 -0.193259 -0.647163 -0.806174 -0.474166 -0.564464 -3.181799 -3.138268 -1.459605 -0.428244 -0.081456 -0.223718 -0.153814 -1.542014 -2.340174 -0.502791 -1.254917 -1.285109 -1.252863 -1.111663 -1.490093 -1.375446 -1.453594 -1.367220 -2.105087 -1.780708 -1.710856 -1.290944 -1.252320 -1.210814 -1.234422 -1.187199 -0.364673 -1.132513 -0.649151 -1.537043 -3.950644 -3.371283 -1.736318 -0.472464 -0.132007 -0.612867 -0.838292 -0.418355 -0.913822 -0.036759 -3.605239 -1.374312 -9999.0 -9999.0
-9999.0 -9999.0 -9999.0 -9999.0 -9999.0 -9999.0 -9999.0 -9999.0 -0.099334 -0.118647 -1.083289 -0.852861 -1.054205 -1.068109 -0.218228 -1.523762 -1.553209 -1.568352 -1.772858 -1.608351 -3.020563 -4.425530 -4.864523 -0.568268 -0.599283 -1.130282 -0.537063 -1.341502 -1.115566 -1.177213 -2.856465 -1.165087 -1.138766 -1.172864 -1.160875 -1.811918 -1.137607 -1.677939 -1.692226 -1.182694 -1.130076 -1.237027 -1.395018 -1.931734 -1.059374 -0.181071 -1.044742 -0.133663 -1.662824 -1.570675 -0.361568 -0.629997 -0.070998 -0.821691 -0.423761 -0.008518 -0.031822 -0.040519 -0.438191 -2.921344 -9999.0 -9999.0
-9999.0 -9999.0 -9999.0 -9999.0 -9999.0 -9999.0 -9999.0 -9999.0 -0.992320 -0.138026 -1.039494 -1.058007 -1.045347 -0.725392 -0.224738 -0.592423 -0.562084 -0.614203 -2.416985 -1.231523 -2.877621 -2.927775 -3.803984 -3.921490 -4.429572 -1.609116 -0.868812 -1.289540 -1.114066 -1.153722 -1.167593 -1.131400 -1.076708 -1.101195 -0.315102 -0.312057 -1.290319 -1.435270 -1.186289 -0.841446 -1.126047 -2.032385 -1.273169 -0.363013 -0.356188 -0.349896 -0.969568 -0.980524 -1.127014 -0.717764 -1.475637 -0.237790 -0.143220 -0.013812 -0.525412 -1.011686 -0.098947 -0.280953 -2.678420 -0.003285 -0.005504 -9999.0
-9999.0 -9999.0 -9999.0 -9999.0 -9999.0 -9999.0 -9999.0 -9999.0 -1.061687 -1.037150 -0.111205 -1.046807 -0.911453 -0.995210 -0.070820 -0.474730 -1.824741 -1.324534 -1.967875 -3.437707 -0.234840 -2.999035 -2.885660 -2.321322 -1.384497 -1.173384 -0.629057 -1.245128 -2.152332 -1.173729 -1.102254 -0.336324 -1.122305 -1.081542 -0.168555 -0.138227 -1.014483 -1.662983 -1.068538 -1.063291 -1.041443 -1.025893 -0.141245 -1.001526 -1.051991 -1.044668 -0.799420 -0.050871 -0.600056 -1.479845 -0.550498 -1.419732 -0.853208 -1.005318 -0.492438 -0.486946 -1.462921 -1.484874 -0.767906 -0.594460 -0.020635 -9999.0
-9999.0 -9999.0 -9999.0 -9999.0 -9999.0 -9999.0 -9999.0 -9999.0 -1.818103 -1.038837 -0.153992 -1.044510 -0.044691 -0.050837 -0.099823 -1.619263 -3.940051 -1.569165 -2.920743 -0.817672 -0.989751 -0.297943 -0.820726 -1.053617 -1.010555 -0.266957 -0.156300 -1.142833 -0.101227 -0.129732 -1.038255 -1.070825 -1.036620 -0.381540 -1.077237 -0.918129 -1.072555 -0.708746 -1.139640 -1.040334 -0.539164 -0.127009 -0.066216 -1.051738 -0.088825 -0.769726 -0.041645 -0.827881 -0.046254 -1.295402 -0.461723 -0.030543 -1.446540 -0.407704 -1.238963 -0.544849 -0.011788 0.003185 0.153188 -0.002386 -1.415610 -0.581750
-9999.0 -9999.0 -9999.0 -9999.0 -9999.0 -9999.0 -9999.0 -9999.0 -1.163746 -0.566838 -0.069678 -0.053543 -0.096860 -1.004594 -0.452054 -1.693407 -1.318171 -1.466662 -0.652535 -0.763202 -2.515044 -0.582700 -0.184621 -2.897226 -1.435196 -0.222396 -0.465584 -0.132606 -0.316797 -0.232204 -0.778045 -0.186094 -2.348131 -0.175026 -1.174545 -1.187320 -1.053192 -0.306272 -1.369618 -1.114583 -1.152594 -1.207764 -0.809386 -1.234037 -1.036997 -0.116067 -1.263179 -0.224431 -0.242423 -2.428017 -2.905571 -1.950766 0.087437 -0.015899 0.081401 0.073274 0.092035 -0.002704 -0.612431 -1.372060 -2.280933 -0.215734
-9999.0 -9999.0 -1.032234 -0.630652 -0.721033 -1.078783 -0.265029 -1.091552 -0.960532 -0.334600 -0.642142 -0.964320 -0.733737 -0.342489 -0.823536 -1.140192 -1.732831 -1.064628 -0.968076 -0.573475 -0.721153 -0.291603 -0.496958 -4.334576 -2.270138 -1.996624 -0.414934 -1.108884 -4.647571 -0.303070 -0.204894 -0.252502 -0.509209 -0.744448 -0.912689 -0.593605 -1.013534 -0.229617 -0.238080 -0.169767 -0.376563 -0.592047 -2.075961 -0.355965 -0.344220 -0.238523 -1.638216 -1.569127 -3.073044 -2.037749 -0.511701 -0.004026 0.287574 0.111102 0.076001 -0.010534 -0.258008 -0.850166 -1.414536 -2.371246 -0.192907 -0.068884
-9999.0 -0.148038 -0.113418 -0.142065 -0.646973 -0.095768 -0.762320 -0.998022 -1.054524 -0.998643 -0.630292 -0.064822 -0.364310 -0.143979 -0.131280 -0.088116 -0.860545 -0.874268 -0.136384 -0.711750 -1.303561 -4.979621 -2.417908 -0.264149 -2.289257 -3.190365 -2.664022 -2.490361 -3.973278 -3.694980 -2.321521 -1.662739 -0.927980 -1.963871 -1.311567 -1.034566 -0.589375 -0.028973 -0.528436 -1.053664 -1.339016 -1.245441 -1.514267 -1.024565 -1.676471 -3.774063 -2.558620 -3.111834 -1.031490 -0.250298 -0.001985 -0.012807 -0.631082 -0.647280 -0.610472 -1.000896 -0.539168 -0.484135 -0.208404 -0.155402 -0.021939 -0.028780
-9999.0 -0.388908 -0.161283 -0.162966 -0.052154 -0.150443 -0.277024 -1.038690 -1.072433 -1.036939 -0.852084 -0.082212 -0.809798 -0.125359 -1.477915 -0.976457 -0.969841 -1.094778 -0.189038 -0.792688 -0.316493 -1.266843 -3.820018 -1.886268 -1.990008 -1.046528 -0.236701 -0.533447 -0.569942 -4.105748 -0.993882 -1.208531 -2.632401 -1.512655 -0.923434 -0.129718 -0.002536 0.992995 0.106512 -0.003741 -0.013045 -0.244329 -0.850426 -0.212588 -0.005659 -0.003890 -0.002136 -0.001500 -0.001835 -0.002375 -1.336488 -2.193507 -0.583971 -1.468519 -0.585963 -0.168820 -0.179669 -0.139761 -0.050319 -0.019664 -0.014159 -9999.0
