erum2020/resources/simulation/Vinschgau/output-maps/TL0006N0676.asc
ncols         63
nrows         48
xllcorner     598000.000000
yllcorner     5145000.000000
cellsize      1000.000000
NODATA_value  -9999.0
[rows 0 to 28 of 48, columns 0 to 62 of 63]
-9999.0 -9999.0 -9999.0 -9999.0 -9999.0 -9999.0 -9999.0 -9999.0 -9999.0 -9999.0 -9999.0 -9999.0 -9999.0 -9999.0 -9999.0 -9999.0 -9999.0 -9999.0 -9999.0 -9999.0 -9999.0 -9999.0 -9999.0 -9999.0 -9999.0 -9999.0 -9999.0 -9999.0 -9999.0 -9999.0 -9999.0 -9999.0 -9999.0 -9999.0 -9999.0 -9999.0 -9999.0 -9999.0 -9999.0 -9999.0 -9999.0 -9999.0 -9999.0 -9999.0 -9999.0 -9999.0 -9999.0 -9999.0 -9999.0 -9999.0 -9999.0 -9999.0 -9999.0 -9999.0 -9999.0 -9999.0 -9999.0 -9999.0 -9999.0 -9999.0 -9999.0 -9999.0 -9999.0
-9999.0 -9999.0 -9999.0 -9999.0 -9999.0 -9999.0 -9999.0 -9999.0 -9999.0 -9999.0 -9999.0 -9999.0 -9999.0 -9999.0 -9999.0 -9999.0 -9999.0 -9999.0 -9999.0 -9999.0 -9999.0 -9999.0 -9999.0 -9999.0 -9999.0 -9999.0 -9999.0 4.004117 5.373150 3.883113 4.410574 3.561323 4.033369 -9999.0 -9999.0 -9999.0 -9999.0 -9999.0 -9999.0 -9999.0 -9999.0 -9999.0 -9999.0 -9999.0 -9999.0 -9999.0 -9999.0 -9999.0 -9999.0 -9999.0 -9999.0 -9999.0 -9999.0 -9999.0 -9999.0 -9999.0 -9999.0 -9999.0 -9999.0 -9999.0 -9999.0 -9999.0 -9999.0
-9999.0 -9999.0 -9999.0 -9999.0 -9999.0 -9999.0 -9999.0 -9999.0 -9999.0 -9999.0 -9999.0 -9999.0 -9999.0 -9999.0 -9999.0 -9999.0 -9999.0 -9999.0 -9999.0 -9999.0 -9999.0 -9999.0 -9999.0 -9999.0 5.710897 6.169323 6.837369 6.318225 6.546535 5.908372 4.520015 -9999.0 -9999.0 -9999.0 -9999.0 -9999.0 -9999.0 -9999.0 -9999.0 -9999.0 -9999.0 -9999.0 -9999.0 -9999.0 -9999.0 -9999.0 -9999.0 -9999.0 -9999.0 -9999.0 -9999.0 -9999.0 -9999.0 -9999.0 -9999.0 -9999.0 -9999.0 -9999.0 -9999.0 -9999.0 -9999.0 -9999.0 -9999.0
-9999.0 -9999.0 -9999.0 -9999.0 -9999.0 -9999.0 -9999.0 -9999.0 -9999.0 -9999.0 -9999.0 -9999.0 -9999.0 -9999.0 -9999.0 -9999.0 -9999.0 -9999.0 -9999.0 -9999.0 -9999.0 -9999.0 -9999.0 5.966100 7.448477 7.029126 7.187357 7.290507 7.126516 6.704467 5.081796 4.684904 -9999.0 -9999.0 -9999.0 -9999.0 -9999.0 -9999.0 -9999.0 -9999.0 -9999.0 -9999.0 -9999.0 -9999.0 -9999.0 -9999.0 -9999.0 -9999.0 -9999.0 -9999.0 -9999.0 -9999.0 -9999.0 -9999.0 -9999.0 -9999.0 -9999.0 -9999.0 -9999.0 -9999.0 -9999.0 -9999.0 -9999.0
-9999.0 -9999.0 -9999.0 -9999.0 -9999.0 -9999.0 -9999.0 -9999.0 -9999.0 -9999.0 -9999.0 -9999.0 -9999.0 -9999.0 -9999.0 -9999.0 -9999.0 -9999.0 8.586987 6.291366 -9999.0 5.782753 6.301773 7.163851 7.706461 9.631361 9.283648 9.424061 10.858028 7.168135 6.236142 5.068406 3.853569 3.773883 -9999.0 -9999.0 -9999.0 -9999.0 -9999.0 -9999.0 -9999.0 -9999.0 -9999.0 -9999.0 -9999.0 -9999.0 -9999.0 -9999.0 -9999.0 -9999.0 -9999.0 -9999.0 -9999.0 -9999.0 -9999.0 -9999.0 -9999.0 -9999.0 -9999.0 -9999.0 -9999.0 -9999.0 -9999.0
-9999.0 -9999.0 -9999.0 -9999.0 -9999.0 -9999.0 -9999.0 -9999.0 -9999.0 -9999.0 -9999.0 -9999.0 -9999.0 -9999.0 -9999.0 -9999.0 -9999.0 8.557006 7.483955 5.311008 4.776718 5.624700 6.943998 7.770409 10.831325 6.384574 5.509132 6.488264 5.604588 8.041722 8.233718 5.961176 4.356885 3.762028 3.209169 2.921709 -9999.0 -9999.0 -9999.0 -9999.0 -9999.0 -9999.0 -9999.0 -9999.0 -9999.0 -9999.0 -9999.0 -9999.0 -9999.0 -9999.0 -9999.0 -9999.0 -9999.0 -9999.0 -9999.0 -9999.0 -9999.0 -9999.0 -9999.0 -9999.0 -9999.0 -9999.0 -9999.0
-9999.0 -9999.0 -9999.0 -9999.0 -9999.0 -9999.0 -9999.0 -9999.0 -9999.0 -9999.0 -9999.0 -9999.0 -9999.0 5.393852 5.044343 6.310295 7.926358 12.258139 8.279696 6.910419 7.303144 7.603253 9.455316 10.763709 6.121986 6.337950 3.152975 3.876841 4.552249 6.268770 6.609926 5.940497 4.839847 4.044375 1.792273 2.689575 -9999.0 -9999.0 -9999.0 -9999.0 -9999.0 -9999.0 -9999.0 -9999.0 -9999.0 -9999.0 -9999.0 -9999.0 -9999.0 -9999.0 -9999.0 -9999.0 -9999.0 -9999.0 -9999.0 -9999.0 -9999.0 -9999.0 -9999.0 -9999.0 -9999.0 -9999.0 -9999.0
-9999.0 -9999.0 -9999.0 -9999.0 -9999.0 -9999.0 -9999.0 -9999.0 -9999.0 -9999.0 -9999.0 -9999.0 -9999.0 6.029796 5.766102 6.146757 6.158199 10.480288 12.377811 9.754234 8.337984 9.454721 7.486293 6.610404 7.552860 6.013914 5.244983 3.166788 3.013327 3.583588 4.170167 3.811665 1.753940 2.252224 2.442481 -9999.0 -9999.0 -9999.0 -9999.0 -9999.0 -9999.0 -9999.0 -9999.0 -9999.0 -9999.0 -9999.0 -9999.0 -9999.0 -9999.0 -9999.0 -9999.0 -9999.0 -9999.0 -9999.0 -9999.0 -9999.0 -9999.0 -9999.0 -9999.0 -9999.0 -9999.0 -9999.0 -9999.0
-9999.0 -9999.0 -9999.0 -9999.0 -9999.0 -9999.0 -9999.0 -9999.0 -9999.0 -9999.0 -9999.0 -9999.0 -9999.0 5.646967 7.596387 5.243291 4.558896 6.840880 12.320049 8.619754 9.365030 5.468686 5.665650 5.707395 7.461381 6.382268 4.377316 2.917416 4.911044 2.555236 1.791402 0.880394 2.340208 0.397495 1.987885 -9999.0 -9999.0 -9999.0 -9999.0 -9999.0 -9999.0 -9999.0 -9999.0 -9999.0 -9999.0 -9999.0 -9999.0 -9999.0 -9999.0 -9999.0 -9999.0 -9999.0 -9999.0 -9999.0 -9999.0 -9999.0 -9999.0 -9999.0 -9999.0 -9999.0 -9999.0 -9999.0 -9999.0
-9999.0 -9999.0 -9999.0 -9999.0 -9999.0 -9999.0 -9999.0 -9999.0 -9999.0 -9999.0 -9999.0 -9999.0 5.058182 6.920661 5.393647 4.896524 4.253864 6.036415 12.083398 7.699774 7.136963 4.645364 3.986199 4.454668 6.647158 3.867604 5.564240 4.583033 5.496599 1.523302 2.374654 3.290068 4.266429 2.166507 -9999.0 -9999.0 -9999.0 -9999.0 -9999.0 -9999.0 -9999.0 -9999.0 -9999.0 -9999.0 -9999.0 -9999.0 -9999.0 -9999.0 -9999.0 -9999.0 -9999.0 -9999.0 -9999.0 -9999.0 -9999.0 -9999.0 -9999.0 -9999.0 -9999.0 -9999.0 -9999.0 -9999.0 -9999.0
-9999.0 -9999.0 -9999.0 -9999.0 -9999.0 -9999.0 -9999.0 -9999.0 -9999.0 -9999.0 -9999.0 5.251359 4.603446 4.607285 4.641346 5.078960 3.364153 5.205887 12.098895 7.845416 5.635709 7.152590 5.212615 4.578288 5.810106 4.971125 3.523384 4.883619 5.951383 2.326971 3.265304 6.071499 3.261440 3.300093 3.252738 3.567228 5.447529 6.651210 6.024429 -9999.0 -9999.0 -9999.0 3.874957 -9999.0 -9999.0 -9999.0 -9999.0 -9999.0 -9999.0 -9999.0 -9999.0 -9999.0 -9999.0 -9999.0 -9999.0 -9999.0 -9999.0 -9999.0 -9999.0 -9999.0 -9999.0 -9999.0 -9999.0
-9999.0 -9999.0 -9999.0 -9999.0 -9999.0 -9999.0 -9999.0 -9999.0 -9999.0 -9999.0 -9999.0 4.924677 4.555097 4.425375 4.846146 4.742373 5.456944 5.351127 12.027494 10.088901 9.660101 7.497268 5.817778 3.705772 4.940513 4.580339 4.990784 6.147872 4.195001 2.661092 4.932518 6.941863 4.806716 4.176979 4.588819 5.754614 9.154126 9.964313 8.325276 4.283473 4.562052 4.107031 5.185091 3.860833 -9999.0 -9999.0 -9999.0 4.670829 4.850967 3.542908 4.858699 3.383304 3.415712 5.226661 4.800563 3.145245 -9999.0 -9999.0 -9999.0 -9999.0 -9999.0 -9999.0 -9999.0
-9999.0 -9999.0 -9999.0 -9999.0 -9999.0 -9999.0 -9999.0 -9999.0 -9999.0 -9999.0 -9999.0 5.232285 4.807462 3.688062 5.333102 5.321666 4.192661 5.375282 10.002660 11.383206 6.777027 6.520682 5.296039 5.666599 4.193842 4.078728 6.143439 5.974949 1.677408 3.160172 3.010535 5.152973 6.403327 4.120881 3.458634 7.820593 6.439642 7.477775 11.582290 5.593027 7.944002 5.127731 6.277989 5.642069 4.627695 -9999.0 2.912130 3.883671 5.424514 5.967298 5.648554 4.569076 5.563160 5.800682 5.269916 5.232157 -9999.0 -9999.0 -9999.0 -9999.0 -9999.0 -9999.0 -9999.0
-9999.0 -9999.0 -9999.0 -9999.0 -9999.0 -9999.0 -9999.0 -9999.0 -9999.0 -9999.0 -9999.0 -9999.0 4.921102 3.871572 6.002639 5.776827 3.618761 5.565060 10.844871 11.695267 6.698310 7.132318 6.998703 6.457956 4.582717 6.101086 8.885376 5.506639 4.333821 3.308603 5.018895 5.759919 5.788336 4.517845 3.142138 6.469510 5.514635 7.605834 11.684617 9.519919 9.052171 7.075657 5.985177 7.001090 4.125227 5.014031 3.813694 4.544160 3.868929 6.357911 7.415328 5.524380 5.889679 4.321603 4.162236 4.995040 5.303093 -9999.0 -9999.0 -9999.0 -9999.0 -9999.0 -9999.0
-9999.0 -9999.0 -9999.0 -9999.0 -9999.0 -9999.0 -9999.0 -9999.0 -9999.0 -9999.0 -9999.0 3.926302 4.687128 4.491519 4.317444 4.300467 5.093017 5.642773 10.610757 8.791898 7.095729 6.890470 7.415174 5.555656 6.442307 7.501121 6.567901 3.917402 4.680423 3.718827 6.246774 7.082154 7.561355 4.456495 3.673053 5.790325 6.193586 6.471530 8.419155 11.821847 6.555408 6.702938 6.839614 5.511023 7.036907 5.046389 5.683643 4.362712 4.435490 6.624362 2.893413 4.587436 3.825013 2.484774 2.019152 2.780509 3.754879 -9999.0 -9999.0 -9999.0 -9999.0 -9999.0 -9999.0
-9999.0 -9999.0 -9999.0 -9999.0 -9999.0 -9999.0 -9999.0 -9999.0 -9999.0 -9999.0 6.109873 4.181341 5.792421 5.581902 6.062065 6.056954 5.729122 5.271978 7.822823 8.967619 10.762659 9.458574 5.798989 9.329466 7.816629 7.354092 5.435674 3.254100 7.286267 8.331045 7.604825 7.164113 6.597274 3.925230 2.833850 3.391250 7.679641 5.737635 5.916898 8.340452 8.388229 7.266796 9.398184 7.276402 6.597054 4.732407 5.860573 6.006832 7.239442 7.897743 2.950861 2.318024 1.885460 2.244588 2.643816 5.586563 5.652331 -9999.0 -9999.0 -9999.0 -9999.0 -9999.0 -9999.0
-9999.0 -9999.0 -9999.0 -9999.0 -9999.0 -9999.0 -9999.0 -9999.0 -9999.0 4.415520 5.261591 5.177467 5.794278 4.151933 5.533973 5.252084 4.969782 8.804508 8.088425 9.230063 11.186224 7.300438 6.823651 9.032224 8.203751 5.596946 5.836637 8.519983 7.265423 8.226215 8.698604 4.684626 1.222508 2.418088 3.449009 3.111702 5.827291 5.384311 5.057840 6.223214 5.967549 5.421286 5.120070 7.694584 7.237797 6.423931 8.622161 5.511317 5.560019 9.206211 4.037115 3.485508 2.265766 3.069202 3.347432 4.016333 4.731155 4.429846 4.173754 -9999.0 -9999.0 -9999.0 -9999.0
-9999.0 -9999.0 -9999.0 -9999.0 -9999.0 -9999.0 -9999.0 -9999.0 -9999.0 4.158215 4.439221 5.239284 9.199603 6.670116 5.731747 5.346078 8.000606 7.724133 8.813827 13.165498 12.959336 12.650664 10.564015 9.188626 5.817349 6.810277 7.567691 8.441002 9.852325 9.564306 8.239051 5.032610 4.906738 4.094944 4.779445 4.226584 4.302201 5.053852 4.773684 6.002103 4.990032 3.715347 5.512519 8.105642 9.099233 10.349739 10.479253 8.642506 7.507141 9.169232 3.319211 2.925564 3.043811 4.144892 3.351898 4.035545 4.360898 5.079809 4.974799 -9999.0 -9999.0 -9999.0 -9999.0
-9999.0 -9999.0 -9999.0 -9999.0 -9999.0 -9999.0 -9999.0 -9999.0 -9999.0 -9999.0 4.543402 5.988410 6.247476 6.615951 6.680397 6.510274 7.470089 8.552208 10.174909 11.962877 11.775730 7.483851 6.762844 6.242684 6.932143 8.490049 9.536338 10.474708 8.627731 5.759913 5.182825 6.519744 2.782159 3.803745 6.236817 7.428848 7.892094 7.356225 4.095738 0.498236 3.688754 6.221671 8.217046 5.690975 6.118105 6.667644 7.479015 11.508561 11.394412 8.652534 3.871767 3.868558 2.766401 2.916036 3.552831 4.845692 5.643229 8.457039 8.077753 8.381605 -9999.0 -9999.0 -9999.0
-9999.0 -9999.0 -9999.0 -9999.0 -9999.0 -9999.0 -9999.0 -9999.0 -9999.0 -9999.0 4.520751 4.967617 6.405416 6.606765 11.324027 6.915459 6.716157 8.539753 10.678125 12.251270 8.611525 7.681137 7.007730 7.480975 7.930714 10.276017 11.573953 8.413653 6.134774 4.266050 5.482062 7.402481 3.524153 2.347338 4.062140 6.845143 7.499000 6.708968 3.549363 2.604795 4.871917 4.732205 4.912249 4.883978 6.246062 5.063872 6.864509 6.856608 9.527877 11.489556 8.965112 4.253423 4.538714 3.729865 3.841875 4.172771 4.628279 6.646993 10.791393 12.360342 -9999.0 -9999.0 -9999.0
-9999.0 -9999.0 -9999.0 -9999.0 -9999.0 -9999.0 -9999.0 -9999.0 5.992266 5.411963 4.534709 5.841218 5.841652 6.143211 5.974934 8.866231 8.910990 13.629382 12.572496 12.634142 10.616917 9.123251 8.047347 7.471169 9.035924 11.500938 11.791817 6.991990 6.472508 4.650408 2.081302 3.965184 4.799694 4.230510 4.843848 3.490570 7.663994 7.205981 3.281356 3.679833 3.362642 5.524550 2.586525 2.953690 4.667414 7.901584 3.512515 6.254463 7.457100 11.963062 9.900565 6.066156 4.747778 3.137475 4.463543 5.979839 4.966752 8.727478 10.291037 12.340355 -9999.0 -9999.0 -9999.0
-9999.0 -9999.0 -9999.0 -9999.0 -9999.0 -9999.0 -9999.0 -9999.0 4.205189 5.637008 3.804432 4.234639 5.050405 6.435878 5.661087 6.893288 7.866667 8.408482 10.931011 13.018290 16.237299 14.938377 12.317974 11.523134 9.030237 11.311296 9.224612 7.897870 4.433254 3.254201 4.238023 3.988888 4.638162 3.503788 5.884677 6.160981 8.833319 7.976724 5.547832 4.995702 3.935581 1.729091 2.973481 5.390473 7.417906 5.461482 2.722562 5.055992 6.891352 10.008513 12.290531 8.342918 4.439539 6.237091 6.233828 6.505377 7.539488 9.149593 12.678569 14.942401 14.942853 -9999.0 -9999.0
-9999.0 -9999.0 -9999.0 -9999.0 -9999.0 -9999.0 -9999.0 -9999.0 4.542365 6.883143 5.807141 3.512883 6.572943 3.188755 6.429413 5.706202 7.455213 9.979329 11.205537 16.281869 13.385966 15.327286 15.121203 12.186224 14.738012 9.365968 8.311895 6.148064 4.261074 6.664129 5.360816 8.289578 5.292784 4.748138 7.470577 8.577948 5.701804 7.836721 5.699950 5.203663 4.485252 3.343223 5.024039 6.155528 4.048746 5.122697 4.265921 5.900213 4.424750 7.880846 12.061185 11.340317 6.270299 4.800920 9.599900 11.299197 12.584576 13.542658 14.685907 14.996118 14.975865 -9999.0 -9999.0
-9999.0 -9999.0 -9999.0 -9999.0 -9999.0 -9999.0 -9999.0 -9999.0 2.918129 5.473692 6.868545 3.084156 6.278905 5.247508 5.665445 7.671136 10.092618 11.488604 13.058989 11.354991 12.801334 13.264894 15.439354 15.142351 9.327961 7.781526 6.784449 5.534828 9.093896 6.961164 6.386573 6.625949 7.035792 7.974583 5.643266 8.358952 8.889489 9.192090 5.946579 6.054137 5.503272 6.110612 6.181206 4.949719 5.583177 4.388010 5.395653 4.562223 6.357570 7.006460 9.471108 12.575170 12.414188 10.854823 13.300731 13.645284 14.500874 13.810558 13.991479 14.853910 13.668658 10.795682 -9999.0
-9999.0 -9999.0 -9999.0 -9999.0 -9999.0 -9999.0 -9999.0 -9999.0 4.907279 5.619719 6.063118 4.847069 6.271071 6.975186 10.687657 11.160289 12.304099 8.879896 7.491829 9.033544 10.716002 13.064155 13.211088 13.058418 11.660524 7.587842 6.305779 7.870692 8.573026 8.382060 5.939573 8.152572 9.288266 8.400379 6.075304 6.525162 8.723662 10.612081 9.002661 8.733103 7.259022 6.588449 7.598702 6.892841 5.345972 7.510464 6.880478 8.113837 7.332982 10.095694 12.136936 11.720562 13.032115 14.260766 14.714585 14.720509 15.122877 15.026261 14.652615 13.615085 11.627689 9.099793 -9999.0
-9999.0 -9999.0 5.227849 5.691926 4.359184 4.456836 4.887469 4.232890 5.421278 5.476346 4.579906 7.329594 7.173643 9.282702 13.356118 10.941051 6.791858 5.671970 6.511313 7.285246 9.073544 11.464457 13.179607 12.102479 11.886103 8.155037 7.701297 7.594870 8.736582 10.888471 6.985488 7.383664 11.847816 8.575443 10.335094 9.155249 11.999575 12.384983 10.480663 8.478342 9.658680 9.849751 8.731152 9.546543 6.728245 7.888778 10.069605 9.151145 11.639782 13.259909 14.081191 14.607707 15.231988 15.245186 14.996680 17.310124 14.349817 14.071594 12.934377 11.401683 11.233219 5.793924 -9999.0
-9999.0 5.933137 5.886532 5.073187 4.508707 5.819999 4.656246 3.921413 3.620729 4.819700 4.481265 5.640516 8.433155 11.254918 11.617179 6.581964 4.877596 4.305200 6.270035 7.250064 9.282548 10.935451 14.923288 11.846148 14.805931 11.890911 12.897623 13.319074 11.973908 10.760793 10.423375 10.338066 11.161376 13.905853 12.777590 13.744638 14.603405 14.395957 14.604700 13.793199 13.324027 13.069203 12.550054 9.832619 9.157930 10.016806 12.647757 12.308013 14.107970 13.670900 14.426375 14.580435 13.979712 13.862900 13.849623 13.267793 11.397591 11.156288 11.358138 9.978483 5.630783 6.550926 -9999.0
-9999.0 7.554575 6.873701 6.987174 8.923153 6.760691 3.745556 4.065672 5.683846 4.952753 4.610293 5.403924 8.319952 11.537214 6.827241 4.189577 3.877494 4.544079 7.538979 7.521342 10.572612 10.166492 11.291569 12.860725 16.001527 16.443137 11.898860 13.237124 13.482640 11.919110 12.179269 11.644907 12.643979 13.116375 15.625417 15.360975 19.196001 20.601476 16.494778 16.217705 15.752173 14.751428 13.971358 12.384775 12.759105 13.074263 14.510125 14.705877 14.216065 14.307529 13.257765 11.674068 11.422956 12.125926 11.464092 9.701400 9.659782 7.922639 7.370399 5.462966 5.245606 -9999.0 -9999.0
-9999.0 5.212414 6.572321 6.385108 7.401135 9.142283 9.024714 4.542691 4.605491 4.612853 5.289714 7.133749 10.388516 9.904352 5.216295 3.926983 4.104176 4.573949 5.411983 7.034147 6.884626 7.726782 10.147844 15.373381 15.606931 13.103451 13.172714 13.180721 12.940774 13.085666 13.110367 13.685701 13.993122 13.671631 14.745621 15.241946 16.109668 19.578206 16.508480 16.269658 15.876217 18.662317 15.166091 14.706190 14.419679 14.528099 13.672725 13.327154 12.283736 11.149051 10.137759 10.245605 9.113943 11.281458 8.475621 7.172770 6.869081 5.135786 4.808920 -9999.0 -9999.0 -9999.0 -9999.0
