erum2020/resources/simulation/Vinschgau/output-maps/TL0006N1241.asc
ncols         63
nrows         48
xllcorner     598000.000000
yllcorner     5145000.000000
cellsize      1000.000000
NODATA_value  -9999.0
[rows 0 to 27 of 48, columns 0 to 62 of 63]
-9999.0 -9999.0 -9999.0 -9999.0 -9999.0 -9999.0 -9999.0 -9999.0 -9999.0 -9999.0 -9999.0 -9999.0 -9999.0 -9999.0 -9999.0 -9999.0 -9999.0 -9999.0 -9999.0 -9999.0 -9999.0 -9999.0 -9999.0 -9999.0 -9999.0 -9999.0 -9999.0 -9999.0 -9999.0 -9999.0 -9999.0 -9999.0 -9999.0 -9999.0 -9999.0 -9999.0 -9999.0 -9999.0 -9999.0 -9999.0 -9999.0 -9999.0 -9999.0 -9999.0 -9999.0 -9999.0 -9999.0 -9999.0 -9999.0 -9999.0 -9999.0 -9999.0 -9999.0 -9999.0 -9999.0 -9999.0 -9999.0 -9999.0 -9999.0 -9999.0 -9999.0 -9999.0 -9999.0
-9999.0 -9999.0 -9999.0 -9999.0 -9999.0 -9999.0 -9999.0 -9999.0 -9999.0 -9999.0 -9999.0 -9999.0 -9999.0 -9999.0 -9999.0 -9999.0 -9999.0 -9999.0 -9999.0 -9999.0 -9999.0 -9999.0 -9999.0 -9999.0 -9999.0 -9999.0 -9999.0 4.107376 1.724227 4.598888 0.894500 1.121092 -0.024894 -9999.0 -9999.0 -9999.0 -9999.0 -9999.0 -9999.0 -9999.0 -9999.0 -9999.0 -9999.0 -9999.0 -9999.0 -9999.0 -9999.0 -9999.0 -9999.0 -9999.0 -9999.0 -9999.0 -9999.0 -9999.0 -9999.0 -9999.0 -9999.0 -9999.0 -9999.0 -9999.0 -9999.0 -9999.0 -9999.0
-9999.0 -9999.0 -9999.0 -9999.0 -9999.0 -9999.0 -9999.0 -9999.0 -9999.0 -9999.0 -9999.0 -9999.0 -9999.0 -9999.0 -9999.0 -9999.0 -9999.0 -9999.0 -9999.0 -9999.0 -9999.0 -9999.0 -9999.0 -9999.0 2.023162 2.128857 2.284172 2.003625 2.272163 2.203849 0.760409 -9999.0 -9999.0 -9999.0 -9999.0 -9999.0 -9999.0 -9999.0 -9999.0 -9999.0 -9999.0 -9999.0 -9999.0 -9999.0 -9999.0 -9999.0 -9999.0 -9999.0 -9999.0 -9999.0 -9999.0 -9999.0 -9999.0 -9999.0 -9999.0 -9999.0 -9999.0 -9999.0 -9999.0 -9999.0 -9999.0 -9999.0 -9999.0
-9999.0 -9999.0 -9999.0 -9999.0 -9999.0 -9999.0 -9999.0 -9999.0 -9999.0 -9999.0 -9999.0 -9999.0 -9999.0 -9999.0 -9999.0 -9999.0 -9999.0 -9999.0 -9999.0 -9999.0 -9999.0 -9999.0 -9999.0 2.203288 3.570605 4.315099 4.581378 4.703137 4.940808 3.319362 0.917500 0.563444 -9999.0 -9999.0 -9999.0 -9999.0 -9999.0 -9999.0 -9999.0 -9999.0 -9999.0 -9999.0 -9999.0 -9999.0 -9999.0 -9999.0 -9999.0 -9999.0 -9999.0 -9999.0 -9999.0 -9999.0 -9999.0 -9999.0 -9999.0 -9999.0 -9999.0 -9999.0 -9999.0 -9999.0 -9999.0 -9999.0 -9999.0
-9999.0 -9999.0 -9999.0 -9999.0 -9999.0 -9999.0 -9999.0 -9999.0 -9999.0 -9999.0 -9999.0 -9999.0 -9999.0 -9999.0 -9999.0 -9999.0 -9999.0 -9999.0 7.928499 3.873777 -9999.0 2.846983 3.762189 4.268881 4.161448 4.955116 5.334413 5.848716 2.974997 1.571774 2.641311 1.233879 1.866474 2.358919 -9999.0 -9999.0 -9999.0 -9999.0 -9999.0 -9999.0 -9999.0 -9999.0 -9999.0 -9999.0 -9999.0 -9999.0 -9999.0 -9999.0 -9999.0 -9999.0 -9999.0 -9999.0 -9999.0 -9999.0 -9999.0 -9999.0 -9999.0 -9999.0 -9999.0 -9999.0 -9999.0 -9999.0 -9999.0
-9999.0 -9999.0 -9999.0 -9999.0 -9999.0 -9999.0 -9999.0 -9999.0 -9999.0 -9999.0 -9999.0 -9999.0 -9999.0 -9999.0 -9999.0 -9999.0 -9999.0 5.567123 4.227814 5.279221 7.020045 0.824110 2.063894 4.125771 6.405849 0.381185 -0.045099 1.387803 -0.033311 2.736789 4.360147 2.809159 5.054663 3.805200 1.874765 2.226297 -9999.0 -9999.0 -9999.0 -9999.0 -9999.0 -9999.0 -9999.0 -9999.0 -9999.0 -9999.0 -9999.0 -9999.0 -9999.0 -9999.0 -9999.0 -9999.0 -9999.0 -9999.0 -9999.0 -9999.0 -9999.0 -9999.0 -9999.0 -9999.0 -9999.0 -9999.0 -9999.0
-9999.0 -9999.0 -9999.0 -9999.0 -9999.0 -9999.0 -9999.0 -9999.0 -9999.0 -9999.0 -9999.0 -9999.0 -9999.0 6.942805 3.876682 3.956488 5.289213 14.076090 5.341202 4.677054 4.432425 4.031315 4.859819 6.639580 -0.004166 3.823196 0.236398 -0.046025 -0.041926 -0.006027 -0.159583 2.443674 1.833596 1.284019 2.370249 2.115518 -9999.0 -9999.0 -9999.0 -9999.0 -9999.0 -9999.0 -9999.0 -9999.0 -9999.0 -9999.0 -9999.0 -9999.0 -9999.0 -9999.0 -9999.0 -9999.0 -9999.0 -9999.0 -9999.0 -9999.0 -9999.0 -9999.0 -9999.0 -9999.0 -9999.0 -9999.0 -9999.0
-9999.0 -9999.0 -9999.0 -9999.0 -9999.0 -9999.0 -9999.0 -9999.0 -9999.0 -9999.0 -9999.0 -9999.0 -9999.0 7.522299 5.626766 4.669698 4.467251 12.749796 14.152491 6.654691 4.598046 8.744091 3.201695 1.866169 2.925270 1.012982 1.707476 4.551093 3.157322 -0.052653 -0.114268 1.383485 1.960817 1.586413 1.802123 -9999.0 -9999.0 -9999.0 -9999.0 -9999.0 -9999.0 -9999.0 -9999.0 -9999.0 -9999.0 -9999.0 -9999.0 -9999.0 -9999.0 -9999.0 -9999.0 -9999.0 -9999.0 -9999.0 -9999.0 -9999.0 -9999.0 -9999.0 -9999.0 -9999.0 -9999.0 -9999.0 -9999.0
-9999.0 -9999.0 -9999.0 -9999.0 -9999.0 -9999.0 -9999.0 -9999.0 -9999.0 -9999.0 -9999.0 -9999.0 -9999.0 5.809865 5.948053 7.013706 4.361356 5.089525 14.660034 5.432967 10.327406 4.320432 0.557669 -0.006512 3.292519 2.436269 5.602593 2.665699 0.597378 1.750156 0.702714 1.139700 1.758581 -4.562408 2.382403 -9999.0 -9999.0 -9999.0 -9999.0 -9999.0 -9999.0 -9999.0 -9999.0 -9999.0 -9999.0 -9999.0 -9999.0 -9999.0 -9999.0 -9999.0 -9999.0 -9999.0 -9999.0 -9999.0 -9999.0 -9999.0 -9999.0 -9999.0 -9999.0 -9999.0 -9999.0 -9999.0 -9999.0
-9999.0 -9999.0 -9999.0 -9999.0 -9999.0 -9999.0 -9999.0 -9999.0 -9999.0 -9999.0 -9999.0 -9999.0 4.676224 5.486552 6.707539 5.146297 2.995335 4.649881 13.777016 7.247014 4.875229 -0.004060 0.914496 -0.020318 -0.225127 1.690463 -1.223446 0.712634 1.701091 1.912731 -0.029137 1.890306 -0.000748 2.249968 -9999.0 -9999.0 -9999.0 -9999.0 -9999.0 -9999.0 -9999.0 -9999.0 -9999.0 -9999.0 -9999.0 -9999.0 -9999.0 -9999.0 -9999.0 -9999.0 -9999.0 -9999.0 -9999.0 -9999.0 -9999.0 -9999.0 -9999.0 -9999.0 -9999.0 -9999.0 -9999.0 -9999.0 -9999.0
-9999.0 -9999.0 -9999.0 -9999.0 -9999.0 -9999.0 -9999.0 -9999.0 -9999.0 -9999.0 -9999.0 6.636521 6.155266 3.109858 6.273021 9.781843 6.557848 4.988406 13.277150 8.694215 3.294266 3.805634 4.270242 2.374080 1.127625 2.019407 0.631963 1.622547 -0.006981 1.912377 2.093587 1.850061 2.601555 2.171835 2.032410 3.356124 1.112165 1.658583 2.014056 -9999.0 -9999.0 -9999.0 2.249729 -9999.0 -9999.0 -9999.0 -9999.0 -9999.0 -9999.0 -9999.0 -9999.0 -9999.0 -9999.0 -9999.0 -9999.0 -9999.0 -9999.0 -9999.0 -9999.0 -9999.0 -9999.0 -9999.0 -9999.0
-9999.0 -9999.0 -9999.0 -9999.0 -9999.0 -9999.0 -9999.0 -9999.0 -9999.0 -9999.0 -9999.0 5.967223 5.743475 7.565662 7.297204 9.395772 8.432751 5.450139 13.534607 10.170450 10.107612 6.537292 3.154787 -0.473128 -0.324923 1.691418 1.462045 2.040071 4.630243 2.145502 1.494386 2.148822 0.531376 -0.001142 0.079043 1.551714 3.223421 3.962711 2.241731 2.089372 2.248137 2.546458 1.291846 1.984925 -9999.0 -9999.0 -9999.0 -0.029383 -0.017865 1.317792 -0.017938 0.972684 1.062407 -0.043786 -0.046250 1.121664 -9999.0 -9999.0 -9999.0 -9999.0 -9999.0 -9999.0 -9999.0
-9999.0 -9999.0 -9999.0 -9999.0 -9999.0 -9999.0 -9999.0 -9999.0 -9999.0 -9999.0 -9999.0 5.654747 6.518351 2.128460 8.948292 10.111264 3.771137 4.327711 11.706637 10.063488 2.666939 0.751315 -0.125245 1.980556 1.697922 4.247710 -0.297552 -1.680353 3.547335 0.501193 3.079816 -0.361872 1.972749 -0.001094 1.996487 2.539157 -0.294612 -0.444109 4.913354 3.095294 1.837254 1.186944 2.031083 1.564927 -0.006291 -9999.0 2.336498 -0.016158 0.815290 1.803647 2.417288 4.755111 1.622680 0.705287 0.750991 -0.001739 -9999.0 -9999.0 -9999.0 -9999.0 -9999.0 -9999.0 -9999.0
-9999.0 -9999.0 -9999.0 -9999.0 -9999.0 -9999.0 -9999.0 -9999.0 -9999.0 -9999.0 -9999.0 -9999.0 6.237028 -0.016367 7.714857 8.236763 1.218278 3.344235 12.663975 9.835180 2.571136 1.388603 -0.049038 -0.297565 -0.689841 -0.254563 2.004668 2.888752 0.913692 2.166945 1.421246 -0.360310 3.095115 0.713162 0.554003 1.785943 -0.280202 -0.653382 5.795407 4.047082 4.389951 5.488647 -0.198286 2.246450 2.355997 -0.013576 1.694662 -0.001959 -0.662968 -0.221928 -0.021545 -1.049726 -1.885022 -1.335920 -0.706018 -0.001244 -0.006903 -9999.0 -9999.0 -9999.0 -9999.0 -9999.0 -9999.0
-9999.0 -9999.0 -9999.0 -9999.0 -9999.0 -9999.0 -9999.0 -9999.0 -9999.0 -9999.0 -9999.0 -0.105822 4.025828 7.929724 -0.024859 1.278773 2.646979 2.626449 12.075482 4.515133 2.844280 0.881784 -0.013997 -0.185134 -0.210519 -0.678561 -0.240290 0.755906 0.690095 4.475942 -0.248200 -0.638317 3.486016 0.729583 -0.000601 1.544505 1.802462 -0.043940 0.845250 6.124939 -0.044741 -0.012983 -0.043063 0.284571 4.052342 1.010661 1.744296 4.337551 5.068598 -0.015479 -1.143113 1.153712 -1.268364 -4.180367 -4.840134 -2.850555 1.642125 -9999.0 -9999.0 -9999.0 -9999.0 -9999.0 -9999.0
-9999.0 -9999.0 -9999.0 -9999.0 -9999.0 -9999.0 -9999.0 -9999.0 -9999.0 -9999.0 2.308213 -0.058860 3.628967 4.330513 6.014873 -0.006642 -0.008499 -0.004817 3.693657 4.159803 7.639001 5.462026 -0.196299 4.606719 -0.016553 -0.473411 -0.358463 -1.939542 3.194452 3.528674 -0.370949 -0.683671 3.141571 0.697468 2.327150 3.185890 3.127580 -0.188995 -0.467562 1.141709 1.337975 2.593897 8.749769 1.110672 -0.020375 4.438779 1.855488 -0.127485 -0.284155 -0.006791 -2.240307 1.386292 -5.263185 -4.393489 -0.013624 0.690405 0.710950 -9999.0 -9999.0 -9999.0 -9999.0 -9999.0 -9999.0
-9999.0 -9999.0 -9999.0 -9999.0 -9999.0 -9999.0 -9999.0 -9999.0 -9999.0 1.831222 2.627564 -0.037459 -0.030858 -0.055113 -0.103520 -0.045435 -0.021411 6.720216 3.624627 4.206485 8.081374 1.026926 0.413512 1.667264 0.721398 -0.849861 -0.761338 3.544260 -0.039329 -0.021349 0.791961 -1.041126 3.443341 2.110182 2.644583 3.051377 2.705149 -0.307002 -0.269142 -0.067560 -0.709382 -0.293159 -0.156475 1.712269 1.257625 -0.026160 5.229091 -0.080062 -0.074147 0.840200 -0.418275 1.594456 -4.542477 0.100076 0.442145 -3.589332 -1.427230 1.956296 0.936147 -9999.0 -9999.0 -9999.0 -9999.0
-9999.0 -9999.0 -9999.0 -9999.0 -9999.0 -9999.0 -9999.0 -9999.0 -9999.0 1.838934 1.731692 3.830623 4.557805 -0.005173 -0.023825 -0.058084 5.123172 1.689952 4.194507 9.303778 8.807194 8.622861 5.919350 4.052329 -0.478850 -0.269822 -0.065825 -0.010296 1.423584 4.124123 3.520075 -1.422823 1.696958 -0.000352 0.844073 3.014245 3.961651 5.365724 1.709157 3.829769 -0.260774 -0.331192 -0.040798 1.723435 2.821175 3.115242 2.794482 1.472088 -0.013604 1.072905 -2.306485 -3.082649 -0.102425 -0.250954 1.439210 -3.084303 -2.633816 -0.431686 3.610599 -9999.0 -9999.0 -9999.0 -9999.0
-9999.0 -9999.0 -9999.0 -9999.0 -9999.0 -9999.0 -9999.0 -9999.0 -9999.0 -9999.0 1.404975 3.443619 -0.029548 -0.264833 0.346156 -0.021156 -0.005704 2.962587 4.974163 6.057970 8.873807 2.861959 -0.003881 -0.201832 -0.177358 -0.020795 0.990616 1.951864 3.474724 -0.994966 -1.318469 -1.520197 -1.382267 0.687346 2.014706 3.428417 2.966176 2.838797 3.905025 1.587305 1.346953 2.642355 3.497682 -0.023999 -0.003012 -0.003999 1.825412 6.201287 4.440202 1.142811 -1.268496 -0.949406 0.261149 -0.154491 -0.301670 -0.017837 1.081403 -0.458936 -0.093130 -0.012988 -9999.0 -9999.0 -9999.0
-9999.0 -9999.0 -9999.0 -9999.0 -9999.0 -9999.0 -9999.0 -9999.0 -9999.0 -9999.0 0.806200 1.892758 2.571658 -0.019581 4.965415 0.254529 -0.005540 2.715529 5.391556 6.839102 3.519129 1.654010 -0.004175 -0.030337 -0.016510 1.493557 2.629230 -0.003395 -0.691362 -1.151129 1.520630 2.194828 -1.395648 0.552306 1.590039 3.097630 -0.409520 -0.069641 -1.113281 0.706794 1.703076 6.480319 -0.137138 3.325802 2.807185 -0.131358 -0.006376 -0.002901 3.195683 3.255282 0.641931 -0.451016 -1.876291 0.735763 -0.493644 -0.148818 -0.018035 -0.082359 1.344843 2.756117 -9999.0 -9999.0 -9999.0
-9999.0 -9999.0 -9999.0 -9999.0 -9999.0 -9999.0 -9999.0 -9999.0 1.868328 1.335335 1.041710 1.956670 -1.360221 -0.048854 -0.038896 1.681326 3.045133 9.419963 7.065669 7.264207 5.246790 4.187099 3.317035 1.615962 1.401572 1.985856 5.086679 -0.371848 -0.983857 -1.082985 1.617078 1.560339 1.559829 0.627733 1.784820 1.755704 5.471598 -0.065435 -1.912202 3.210028 4.712714 2.392696 -1.083733 3.788866 5.813006 2.257188 -1.739396 -0.045381 -0.002321 3.206487 1.238767 -0.559692 -1.097323 -3.546436 -0.044671 0.526288 2.082494 3.261097 1.588673 4.540359 -9999.0 -9999.0 -9999.0
-9999.0 -9999.0 -9999.0 -9999.0 -9999.0 -9999.0 -9999.0 -9999.0 -1.736169 -0.791743 -1.299081 0.681804 1.741298 -0.867213 -0.371567 -0.004413 2.033308 2.621561 5.614173 7.808802 13.177992 11.799804 11.529573 10.626016 3.514044 3.451100 0.892357 -0.062224 -1.404261 0.704315 -0.000733 3.666207 1.833799 4.067291 2.014818 2.270710 6.584050 0.471857 -0.044709 2.703334 1.552954 1.346477 4.297531 3.037149 1.918334 -0.185549 -1.430232 2.059659 -0.038233 1.518412 2.629403 -0.024118 -4.168211 -0.016659 1.547151 -1.415174 -0.105884 -0.018427 3.556919 6.483173 7.626714 -9999.0 -9999.0
-9999.0 -9999.0 -9999.0 -9999.0 -9999.0 -9999.0 -9999.0 -9999.0 1.544233 1.552523 0.560113 -1.346458 1.283103 -0.938371 -0.076028 -0.331717 0.318147 4.186224 5.551515 12.792219 8.257855 11.946781 12.157684 6.932132 9.435762 3.339030 0.420920 -0.644592 -1.791706 1.547818 4.263620 2.368062 -0.445212 -0.279482 3.194556 6.014898 -0.003569 1.794371 -0.032023 -0.094596 2.448014 4.783508 2.085831 1.024948 -0.321078 2.008949 3.006341 0.995396 -0.541271 -0.002193 2.661074 1.061760 -3.145001 -4.023001 -0.042667 -0.032993 1.800243 3.303037 6.456869 6.733000 7.233905 -9999.0 -9999.0
-9999.0 -9999.0 -9999.0 -9999.0 -9999.0 -9999.0 -9999.0 -9999.0 1.576367 2.250953 -0.061746 -1.818629 1.734782 -0.268765 -0.435378 0.251508 4.083919 5.339982 9.289449 5.798577 7.689740 8.079723 11.379250 10.589816 3.735707 1.110499 -0.008979 -1.361791 2.308095 -0.346226 -0.075311 -0.071273 0.341674 -0.033296 -0.026291 5.330410 7.810062 4.207886 0.812033 -0.023742 3.653069 3.880600 3.767033 5.744687 1.635505 4.683930 3.338645 5.091868 1.636878 -0.118480 -0.003008 2.378513 1.176291 -0.040583 1.424582 2.368859 4.138101 4.934711 5.827392 6.964753 5.967146 2.815035 -9999.0
-9999.0 -9999.0 -9999.0 -9999.0 -9999.0 -9999.0 -9999.0 -9999.0 -0.036039 1.201511 -1.012862 -0.983227 -0.320671 -0.126886 4.112987 3.161298 6.493243 2.531348 0.916112 3.002448 4.874689 7.458890 7.688429 7.374977 8.740789 0.290019 -0.509747 -0.016460 0.289665 -0.020208 -0.116408 1.016956 3.059263 1.971936 1.250728 2.520201 4.535373 6.204326 5.566445 2.968807 1.531528 1.355666 1.534848 0.393241 -0.093852 4.300144 -0.037456 -0.072022 -0.038154 0.934737 2.396629 1.836531 2.058939 2.590026 3.199000 3.595175 4.298525 5.328509 6.174482 6.382051 4.304810 2.226470 -9999.0
-9999.0 -9999.0 2.400548 1.978791 -2.184751 -0.330361 -1.378187 -1.397774 -0.002231 0.936400 -0.317377 -0.582064 -0.105013 -0.003946 5.436485 2.289107 -0.002878 -0.644465 -0.047454 -0.004005 2.874629 5.586903 6.787829 6.258349 5.465449 2.144732 -0.005407 0.274298 2.683738 5.307230 -0.004058 0.952315 7.932666 3.533803 5.646655 4.781290 8.196987 8.455326 7.361101 4.677627 5.921238 5.931573 4.408707 3.425780 -0.002529 1.181966 2.400534 1.523525 3.494407 4.740913 5.711337 4.988980 4.005680 3.485645 3.380234 8.626213 4.071562 4.550292 4.472170 3.658038 6.583187 1.433742 -9999.0
-9999.0 -0.069684 -0.232829 -0.238683 -0.284174 -0.729626 -1.164755 -1.338389 -1.739037 0.643056 -1.241705 -0.443581 -0.006117 4.759741 4.325953 -0.193442 -0.286380 -0.478747 -0.235800 -0.004461 2.648000 4.406704 8.766630 5.010971 9.961783 5.280262 8.119715 8.355488 5.995159 4.345575 4.614599 4.768533 6.478642 11.064699 8.797787 10.039162 11.699193 11.352831 11.839841 10.214201 9.339141 9.207237 8.527796 4.965674 3.663904 4.059555 5.690959 6.065499 7.598663 6.200481 5.898008 4.700853 3.858875 3.048684 2.970589 2.429878 0.877967 1.237533 2.239647 4.835465 0.626001 1.225351 -9999.0
-9999.0 4.907930 -0.029229 -0.037733 2.538629 -0.057872 -1.915348 -1.311823 -0.004230 0.595918 -1.213141 -0.668290 0.337949 4.551457 -0.074119 -3.211534 -1.292836 -0.657596 -0.495161 -0.011403 5.240119 2.098902 3.185930 3.781753 10.005421 11.191382 5.582044 7.177213 7.075963 6.542714 6.687482 6.464002 8.227685 9.106420 13.887379 12.102362 18.990390 19.979113 14.754790 13.675728 12.961528 11.908732 10.865406 8.208769 8.072909 7.945054 8.788083 8.467901 7.836014 6.964369 4.987392 2.141369 1.022874 1.575061 0.745338 -0.004544 -0.324478 -0.019990 -0.006037 -0.051965 -0.003604 -9999.0 -9999.0
