erum2020/resources/simulation/Vinschgau/output-maps/TL0006N0042.asc
ncols         63
nrows         48
xllcorner     598000.000000
yllcorner     5145000.000000
cellsize      1000.000000
NODATA_value  -9999.0
[rows 0 to 27 of 48, columns 0 to 62 of 63]
-9999.0 -9999.0 -9999.0 -9999.0 -9999.0 -9999.0 -9999.0 -9999.0 -9999.0 -9999.0 -9999.0 -9999.0 -9999.0 -9999.0 -9999.0 -9999.0 -9999.0 -9999.0 -9999.0 -9999.0 -9999.0 -9999.0 -9999.0 -9999.0 -9999.0 -9999.0 -9999.0 -9999.0 -9999.0 -9999.0 -9999.0 -9999.0 -9999.0 -9999.0 -9999.0 -9999.0 -9999.0 -9999.0 -9999.0 -9999.0 -9999.0 -9999.0 -9999.0 -9999.0 -9999.0 -9999.0 -9999.0 -9999.0 -9999.0 -9999.0 -9999.0 -9999.0 -9999.0 -9999.0 -9999.0 -9999.0 -9999.0 -9999.0 -9999.0 -9999.0 -9999.0 -9999.0 -9999.0
-9999.0 -9999.0 -9999.0 -9999.0 -9999.0 -9999.0 -9999.0 -9999.0 -9999.0 -9999.0 -9999.0 -9999.0 -9999.0 -9999.0 -9999.0 -9999.0 -9999.0 -9999.0 -9999.0 -9999.0 -9999.0 -9999.0 -9999.0 -9999.0 -9999.0 -9999.0 -9999.0 -0.041909 -0.010498 -0.332945 -0.153396 -0.323087 -0.471000 -9999.0 -9999.0 -9999.0 -9999.0 -9999.0 -9999.0 -9999.0 -9999.0 -9999.0 -9999.0 -9999.0 -9999.0 -9999.0 -9999.0 -9999.0 -9999.0 -9999.0 -9999.0 -9999.0 -9999.0 -9999.0 -9999.0 -9999.0 -9999.0 -9999.0 -9999.0 -9999.0 -9999.0 -9999.0 -9999.0
-9999.0 -9999.0 -9999.0 -9999.0 -9999.0 -9999.0 -9999.0 -9999.0 -9999.0 -9999.0 -9999.0 -9999.0 -9999.0 -9999.0 -9999.0 -9999.0 -9999.0 -9999.0 -9999.0 -9999.0 -9999.0 -9999.0 -9999.0 -9999.0 0.027741 0.054487 0.000936 0.031555 0.022931 -0.028005 -0.115906 -9999.0 -9999.0 -9999.0 -9999.0 -9999.0 -9999.0 -9999.0 -9999.0 -9999.0 -9999.0 -9999.0 -9999.0 -9999.0 -9999.0 -9999.0 -9999.0 -9999.0 -9999.0 -9999.0 -9999.0 -9999.0 -9999.0 -9999.0 -9999.0 -9999.0 -9999.0 -9999.0 -9999.0 -9999.0 -9999.0 -9999.0 -9999.0
-9999.0 -9999.0 -9999.0 -9999.0 -9999.0 -9999.0 -9999.0 -9999.0 -9999.0 -9999.0 -9999.0 -9999.0 -9999.0 -9999.0 -9999.0 -9999.0 -9999.0 -9999.0 -9999.0 -9999.0 -9999.0 -9999.0 -9999.0 0.036753 0.061301 0.314105 1.766645 1.550918 1.422963 -0.720854 -0.214747 -0.048910 -9999.0 -9999.0 -9999.0 -9999.0 -9999.0 -9999.0 -9999.0 -9999.0 -9999.0 -9999.0 -9999.0 -9999.0 -9999.0 -9999.0 -9999.0 -9999.0 -9999.0 -9999.0 -9999.0 -9999.0 -9999.0 -9999.0 -9999.0 -9999.0 -9999.0 -9999.0 -9999.0 -9999.0 -9999.0 -9999.0 -9999.0
-9999.0 -9999.0 -9999.0 -9999.0 -9999.0 -9999.0 -9999.0 -9999.0 -9999.0 -9999.0 -9999.0 -9999.0 -9999.0 -9999.0 -9999.0 -9999.0 -9999.0 -9999.0 3.126842 0.050050 -9999.0 0.011317 0.002073 1.739927 2.267492 3.254257 0.064802 0.076236 3.219113 0.038373 -1.061765 -0.108391 -0.997031 -1.157073 -9999.0 -9999.0 -9999.0 -9999.0 -9999.0 -9999.0 -9999.0 -9999.0 -9999.0 -9999.0 -9999.0 -9999.0 -9999.0 -9999.0 -9999.0 -9999.0 -9999.0 -9999.0 -9999.0 -9999.0 -9999.0 -9999.0 -9999.0 -9999.0 -9999.0 -9999.0 -9999.0 -9999.0 -9999.0
-9999.0 -9999.0 -9999.0 -9999.0 -9999.0 -9999.0 -9999.0 -9999.0 -9999.0 -9999.0 -9999.0 -9999.0 -9999.0 -9999.0 -9999.0 -9999.0 -9999.0 5.581947 4.235955 1.990050 0.048501 -0.012015 0.026863 0.020357 3.359169 -0.011534 -0.022717 0.038260 -0.014151 0.048069 -0.010428 -1.003094 -0.930268 -1.469439 -0.156804 -0.420203 -9999.0 -9999.0 -9999.0 -9999.0 -9999.0 -9999.0 -9999.0 -9999.0 -9999.0 -9999.0 -9999.0 -9999.0 -9999.0 -9999.0 -9999.0 -9999.0 -9999.0 -9999.0 -9999.0 -9999.0 -9999.0 -9999.0 -9999.0 -9999.0 -9999.0 -9999.0 -9999.0
-9999.0 -9999.0 -9999.0 -9999.0 -9999.0 -9999.0 -9999.0 -9999.0 -9999.0 -9999.0 -9999.0 -9999.0 -9999.0 -0.802664 0.488389 3.729589 5.129207 5.643997 5.166979 2.476271 2.425751 3.123874 3.494929 3.147379 -0.021517 -0.098713 -0.208362 -0.064486 -0.148729 0.027946 0.064096 -0.114722 -0.365977 -0.711126 -0.631485 -0.665815 -9999.0 -9999.0 -9999.0 -9999.0 -9999.0 -9999.0 -9999.0 -9999.0 -9999.0 -9999.0 -9999.0 -9999.0 -9999.0 -9999.0 -9999.0 -9999.0 -9999.0 -9999.0 -9999.0 -9999.0 -9999.0 -9999.0 -9999.0 -9999.0 -9999.0 -9999.0 -9999.0
-9999.0 -9999.0 -9999.0 -9999.0 -9999.0 -9999.0 -9999.0 -9999.0 -9999.0 -9999.0 -9999.0 -9999.0 -9999.0 -0.017679 2.968417 4.209457 4.186868 4.452470 5.908635 3.874311 4.710774 -0.005669 3.100147 1.815446 0.020586 -0.006853 -0.409036 -0.328882 -0.343377 -0.385911 -0.011316 -0.728032 -0.750705 -0.865808 -0.859536 -9999.0 -9999.0 -9999.0 -9999.0 -9999.0 -9999.0 -9999.0 -9999.0 -9999.0 -9999.0 -9999.0 -9999.0 -9999.0 -9999.0 -9999.0 -9999.0 -9999.0 -9999.0 -9999.0 -9999.0 -9999.0 -9999.0 -9999.0 -9999.0 -9999.0 -9999.0 -9999.0 -9999.0
-9999.0 -9999.0 -9999.0 -9999.0 -9999.0 -9999.0 -9999.0 -9999.0 -9999.0 -9999.0 -9999.0 -9999.0 -9999.0 2.698571 4.047717 3.646374 3.792167 4.607438 5.801086 5.258771 1.713405 -0.724497 -0.062418 -0.019910 0.052949 0.077814 -0.744085 -0.377515 -0.384368 -0.728497 -0.693307 -0.866358 -0.863253 -0.938529 -0.920146 -9999.0 -9999.0 -9999.0 -9999.0 -9999.0 -9999.0 -9999.0 -9999.0 -9999.0 -9999.0 -9999.0 -9999.0 -9999.0 -9999.0 -9999.0 -9999.0 -9999.0 -9999.0 -9999.0 -9999.0 -9999.0 -9999.0 -9999.0 -9999.0 -9999.0 -9999.0 -9999.0 -9999.0
-9999.0 -9999.0 -9999.0 -9999.0 -9999.0 -9999.0 -9999.0 -9999.0 -9999.0 -9999.0 -9999.0 -9999.0 0.203285 3.680022 3.141878 -0.064826 -0.009015 4.314015 5.383662 5.153738 1.856075 -0.023009 -0.160358 0.009636 0.023932 -0.619663 0.013282 -0.050500 -1.121470 -0.588860 -0.793088 -1.032768 -1.069637 -0.176135 -9999.0 -9999.0 -9999.0 -9999.0 -9999.0 -9999.0 -9999.0 -9999.0 -9999.0 -9999.0 -9999.0 -9999.0 -9999.0 -9999.0 -9999.0 -9999.0 -9999.0 -9999.0 -9999.0 -9999.0 -9999.0 -9999.0 -9999.0 -9999.0 -9999.0 -9999.0 -9999.0 -9999.0 -9999.0
-9999.0 -9999.0 -9999.0 -9999.0 -9999.0 -9999.0 -9999.0 -9999.0 -9999.0 -9999.0 -9999.0 -0.010100 -0.015999 3.132369 -0.017177 -0.181233 -0.257756 4.057336 5.550785 5.543854 3.321042 2.780149 -0.884682 -0.121204 -0.661263 -0.081058 -0.713348 -0.452404 -0.013049 -0.746948 -0.365124 -1.506124 -0.817643 -0.687328 -1.799670 -2.611887 -2.644876 -0.038769 -0.017133 -9999.0 -9999.0 -9999.0 -0.903132 -9999.0 -9999.0 -9999.0 -9999.0 -9999.0 -9999.0 -9999.0 -9999.0 -9999.0 -9999.0 -9999.0 -9999.0 -9999.0 -9999.0 -9999.0 -9999.0 -9999.0 -9999.0 -9999.0 -9999.0
-9999.0 -9999.0 -9999.0 -9999.0 -9999.0 -9999.0 -9999.0 -9999.0 -9999.0 -9999.0 -9999.0 -0.049611 0.001512 0.345810 -0.014561 -0.177706 1.375513 4.623075 5.501963 4.628623 4.307163 1.349460 -0.013604 -0.801033 -0.283362 -0.099692 -1.186452 -1.108726 -0.156814 -0.108529 -1.320357 -1.284900 -2.206552 -0.547745 -1.844228 -2.447064 1.316818 1.436660 -0.007129 -3.273148 -2.527821 -1.992535 -2.349069 -0.441859 -9999.0 -9999.0 -9999.0 0.064775 0.000232 -0.038234 0.014276 -0.023542 -0.020648 0.116877 0.121263 -0.033851 -9999.0 -9999.0 -9999.0 -9999.0 -9999.0 -9999.0 -9999.0
-9999.0 -9999.0 -9999.0 -9999.0 -9999.0 -9999.0 -9999.0 -9999.0 -9999.0 -9999.0 -9999.0 -0.023158 -0.068764 -0.138840 -0.017181 -0.722612 -0.034885 4.129997 4.865069 4.925863 4.132551 -0.020126 -0.066309 -0.016991 -0.396779 -1.960863 -0.079610 -0.608346 -0.106052 -0.104608 -0.122509 -1.280379 -1.765545 -1.331695 -1.789692 -0.034015 -0.029302 0.231528 2.491610 0.489005 -0.019970 -2.712701 -0.175023 -1.554619 -0.052628 -9999.0 -0.089442 0.003429 0.089273 0.127476 0.104912 -0.080825 0.104633 0.119085 0.082190 0.038676 -9999.0 -9999.0 -9999.0 -9999.0 -9999.0 -9999.0 -9999.0
-9999.0 -9999.0 -9999.0 -9999.0 -9999.0 -9999.0 -9999.0 -9999.0 -9999.0 -9999.0 -9999.0 -9999.0 -0.063405 -0.017716 -0.042040 -0.115378 -0.029406 3.391460 5.570732 4.921769 3.868180 0.708513 0.524898 -0.014872 -1.044053 -0.078831 1.764545 -0.117758 -0.101319 -0.731668 -1.367912 -0.531366 -1.606952 -1.317512 -1.045316 -1.984241 -0.726516 -0.021886 3.204256 0.334737 -0.008632 0.357453 -0.062798 0.039578 -1.232656 -0.007312 -0.043512 0.001007 -0.033923 0.007521 0.016380 0.007834 0.145058 0.015751 -0.019558 -0.015418 0.024376 -9999.0 -9999.0 -9999.0 -9999.0 -9999.0 -9999.0
-9999.0 -9999.0 -9999.0 -9999.0 -9999.0 -9999.0 -9999.0 -9999.0 -9999.0 -9999.0 -9999.0 -0.033573 -0.118357 -0.470940 -0.021923 -0.021109 0.005113 3.039893 4.738424 5.537669 4.251585 3.162824 0.000382 -0.088665 -0.075893 0.020382 -0.011864 -0.155562 -1.386363 -1.691876 -0.081705 -0.079294 -0.042735 -0.938469 -1.064577 -1.644758 -1.936196 -0.133363 0.082847 3.197799 -0.021056 2.007418 2.750604 0.611965 0.935970 -0.006479 0.065649 -0.062840 0.017631 -0.073520 -0.128828 -0.365702 -0.103351 -0.446518 -0.383013 -0.495516 -0.020941 -9999.0 -9999.0 -9999.0 -9999.0 -9999.0 -9999.0
-9999.0 -9999.0 -9999.0 -9999.0 -9999.0 -9999.0 -9999.0 -9999.0 -9999.0 -9999.0 -0.010764 -0.075635 -0.058392 -1.049388 -0.023428 0.023857 -0.060212 -0.012919 4.777672 5.490289 4.681828 2.116515 -0.008906 2.359236 1.366259 0.010066 -0.078714 -1.551884 -0.010418 0.024688 0.024482 -0.016019 -0.052481 -0.352766 -0.901288 -1.284437 -0.308671 -0.192659 -0.014570 3.071890 3.721460 3.075875 0.519464 4.149958 0.027082 -1.111520 0.078281 -0.073250 0.032856 0.018532 -0.078328 -0.366058 -0.466393 -0.494618 -0.416553 0.074632 0.045874 -9999.0 -9999.0 -9999.0 -9999.0 -9999.0 -9999.0
-9999.0 -9999.0 -9999.0 -9999.0 -9999.0 -9999.0 -9999.0 -9999.0 -9999.0 -0.097497 -0.011600 -0.013284 0.014543 -0.079446 -0.011121 -0.079466 -0.240639 1.370837 4.879396 5.656461 5.041388 3.139320 3.046501 3.232913 0.020257 -0.801759 -0.112723 0.167453 0.007607 1.270505 1.653795 -0.904579 -0.704589 -0.786528 -0.761651 -0.526880 -0.448399 -1.554992 -0.798196 -0.145851 2.590728 -0.092176 -0.361355 4.158509 3.591249 -0.015265 2.565831 -0.100508 -0.692774 0.663098 -0.370741 -0.022881 -0.520121 -0.107761 -0.038102 -0.026467 0.023929 0.074238 0.012114 -9999.0 -9999.0 -9999.0 -9999.0
-9999.0 -9999.0 -9999.0 -9999.0 -9999.0 -9999.0 -9999.0 -9999.0 -9999.0 -0.378292 -0.087270 -0.379351 3.597832 0.019518 -0.013626 -0.073381 0.499179 2.435888 5.529001 5.644962 5.603298 5.810728 0.027611 0.018205 -0.652256 -0.047115 0.016343 1.881796 3.093126 0.033932 -0.064962 -0.538968 -0.107879 -0.082209 -1.359617 -2.536378 -2.489968 -2.122866 -0.301374 -0.053049 -0.013642 -0.258049 -0.024205 0.480048 4.373244 4.207755 3.906988 2.366461 0.413910 0.034237 -0.080281 -0.049788 -0.060661 -0.084621 -0.376496 -0.009786 -0.004709 0.062843 0.104005 -9999.0 -9999.0 -9999.0 -9999.0
-9999.0 -9999.0 -9999.0 -9999.0 -9999.0 -9999.0 -9999.0 -9999.0 -9999.0 -9999.0 -0.142608 -0.720159 -0.068265 3.094513 1.624005 0.010271 0.015055 3.486789 6.306422 5.762442 4.560234 4.621381 1.295736 -0.027575 -0.044754 1.323822 3.446035 4.071671 0.018540 -0.067072 -0.155047 -0.013458 -0.453098 -0.451984 -0.891328 -0.053272 -0.011674 -0.014798 -1.415567 -0.443172 -0.679447 0.060257 0.045107 -0.036909 -0.663871 -0.025294 2.859118 0.062803 4.034318 1.536325 -0.732141 -0.039839 -0.017186 -0.041495 -0.014138 -0.224093 -0.012395 0.013713 0.705870 0.059214 -9999.0 -9999.0 -9999.0
-9999.0 -9999.0 -9999.0 -9999.0 -9999.0 -9999.0 -9999.0 -9999.0 -9999.0 -9999.0 -0.245218 -0.453741 -0.015196 0.009946 4.073563 2.669021 2.463512 4.548829 6.868453 6.143391 5.369545 3.831205 2.253259 0.743541 0.561251 4.231978 5.196128 0.128357 -0.046059 -0.598492 -0.514029 -0.013087 -1.064630 -0.348312 -0.451176 -0.167990 -0.013887 -0.105264 -1.210195 -0.171401 -0.007451 -0.031118 -0.021256 -0.415459 -0.013124 -0.052051 0.030976 -0.486419 3.888587 3.464425 0.675259 0.005434 0.017084 -0.018968 -0.035042 -0.011377 -0.293864 0.037286 3.567547 3.671839 -9999.0 -9999.0 -9999.0
-9999.0 -9999.0 -9999.0 -9999.0 -9999.0 -9999.0 -9999.0 -9999.0 0.013567 -0.049936 -2.078923 -0.008288 -0.316931 -0.195404 -0.011450 4.214644 4.622253 6.088194 6.289756 6.461321 6.745479 5.846372 5.189904 3.522108 3.662671 6.585307 0.362640 -0.014169 -0.013209 -0.092852 -0.714365 -0.317713 -0.141674 -0.108421 -0.007024 -0.629339 0.014223 -0.035964 -0.601872 -0.052385 -0.103925 -0.109247 -0.472883 -0.525483 -0.006543 0.089215 -0.299806 0.022224 -0.017121 3.156794 1.295568 -0.059833 0.024569 -0.041733 0.022758 0.131250 0.102088 0.224533 2.085643 5.318833 -9999.0 -9999.0 -9999.0
-9999.0 -9999.0 -9999.0 -9999.0 -9999.0 -9999.0 -9999.0 -9999.0 -0.535279 -0.014230 -0.275818 -0.373525 -0.146143 -0.051779 -0.026553 2.338865 3.720389 4.149718 6.736160 6.755228 8.196812 7.541951 6.600906 5.358622 5.850180 6.657417 4.714870 0.012750 -0.078814 -0.006431 -0.014551 -1.099547 0.004207 -0.038701 0.045477 0.120163 0.090639 -0.012061 -0.262788 0.040103 -0.260141 -0.656706 -0.291307 0.071478 0.165129 -0.000407 -0.175072 -0.170880 0.007564 3.173343 3.160232 0.028985 -0.013891 0.091149 0.126864 -0.017812 0.006854 0.951243 3.963928 5.914188 6.044365 -9999.0 -9999.0
-9999.0 -9999.0 -9999.0 -9999.0 -9999.0 -9999.0 -9999.0 -9999.0 -0.102141 -1.069131 0.011854 -1.746505 -0.025431 -0.283218 0.011971 0.181459 2.948642 4.151195 6.707527 6.916689 7.111524 7.374589 7.578300 6.382785 6.952999 5.400195 3.547706 -0.046769 -1.325289 -0.021440 -1.066249 0.084084 -0.075817 -1.303103 0.120916 0.115569 0.004064 -0.005961 -0.211290 -0.046845 -0.031111 -0.042231 0.046166 -0.015291 -0.024563 -0.086313 -0.007115 0.062971 -0.015364 0.138145 4.122234 2.119992 -0.984615 -0.483115 0.197986 0.996619 2.999873 4.313781 5.744923 5.983971 5.917151 -9999.0 -9999.0
-9999.0 -9999.0 -9999.0 -9999.0 -9999.0 -9999.0 -9999.0 -9999.0 -0.534191 -0.145896 0.062732 -0.523032 0.043250 0.024959 0.550986 3.078014 5.675947 6.543083 3.764825 6.757237 6.314848 6.642370 6.878834 6.393790 4.680853 3.231454 0.012188 -0.091824 0.126759 -0.020628 -0.121012 -0.083420 0.302830 0.021195 -0.067179 0.128580 0.151872 1.485700 -0.460687 -0.046468 0.035229 0.111205 0.114058 -0.328576 0.082376 0.033804 0.094063 0.060347 0.129213 -0.426396 1.055583 3.987073 2.472199 0.581093 2.652559 3.333731 4.796177 4.994373 6.163532 5.787164 4.846872 3.793887 -9999.0
-9999.0 -9999.0 -9999.0 -9999.0 -9999.0 -9999.0 -9999.0 -9999.0 -0.021952 0.040873 0.022232 0.088063 -0.007025 2.379440 4.181455 4.529005 3.017845 4.310926 2.959689 4.317940 5.853561 6.103562 6.061514 5.768451 0.333992 2.275759 -0.019391 0.024198 2.247322 1.718840 -0.079353 0.027147 2.899229 0.025417 -0.084061 -0.086570 -0.043209 2.602853 0.118318 0.014220 -0.629717 -0.139131 -0.034958 -0.075417 -0.080499 0.160394 -0.085932 0.004208 -0.041045 1.693335 2.809247 3.307880 3.546786 3.603480 3.600933 3.815272 4.631576 4.989079 5.374405 4.841323 4.941710 1.457485 -9999.0
-9999.0 -9999.0 -1.270258 0.024415 -0.011407 -0.109771 -0.040985 -0.151715 -0.011901 0.031275 -0.012281 2.690297 2.424453 3.192279 5.100732 3.496976 2.306603 -0.024581 -0.013780 2.294331 4.083171 6.348102 5.801525 5.453523 4.762345 3.596954 1.974433 2.172737 4.222350 3.636823 0.016461 0.901675 3.811146 2.190519 2.657067 0.355410 1.593037 3.344091 1.609283 -0.013909 0.030974 1.716624 2.182088 1.239345 -0.059106 -0.017385 2.585430 2.813795 3.659056 4.597352 5.071282 4.935295 4.595765 4.004549 3.615859 4.213349 4.019912 4.174421 3.748318 4.505192 0.702489 0.163242 -9999.0
-9999.0 -0.016097 -0.013804 -0.019827 -0.033686 -0.014011 -0.013044 -0.016512 -0.029303 -0.045924 -0.011009 -0.008118 3.422047 4.315903 3.265649 1.596136 -0.012139 -0.003801 0.005619 2.097058 3.981428 5.274959 4.761632 5.539006 6.026853 4.911086 5.762656 5.980225 5.295710 4.468664 3.986206 3.398892 3.886862 5.636358 4.263901 4.437599 4.620819 4.659040 4.432022 3.936601 3.864226 4.430377 4.428368 3.291152 2.833754 3.520961 4.639299 5.828973 6.068963 5.135959 4.810703 4.289762 3.792585 3.221378 3.062679 2.465512 2.575453 2.822037 0.025841 0.133616 0.126704 0.160076 -9999.0
-9999.0 0.044980 0.024226 0.620321 2.638532 0.129728 -0.069766 -0.154364 -0.014290 -1.816953 -0.027666 0.011884 3.345618 3.281983 2.112529 -0.016727 -0.040702 -0.024801 0.552841 2.420196 1.473539 3.780926 4.391900 3.630992 5.362499 6.484797 6.071213 5.992482 5.976469 6.725782 6.552265 5.899796 5.495304 5.360703 6.067996 5.691098 7.077352 7.910256 6.107472 5.963080 6.174742 6.231651 5.966364 5.919776 6.373307 6.612339 6.716760 6.603039 5.376503 5.154564 3.918461 3.328967 2.539698 3.239277 2.539138 0.087971 1.176631 0.109506 0.084761 0.084944 0.100460 -9999.0 -9999.0
