erum2020/resources/simulation/Vinschgau/output-maps/TL0001N1122.asc
ncols         63
nrows         48
xllcorner     598000.000000
yllcorner     5145000.000000
cellsize      1000.000000
NODATA_value  -9999.0
[rows 0 to 27 of 48, columns 0 to 62 of 63]
-9999.0 -9999.0 -9999.0 -9999.0 -9999.0 -9999.0 -9999.0 -9999.0 -9999.0 -9999.0 -9999.0 -9999.0 -9999.0 -9999.0 -9999.0 -9999.0 -9999.0 -9999.0 -9999.0 -9999.0 -9999.0 -9999.0 -9999.0 -9999.0 -9999.0 -9999.0 -9999.0 -9999.0 -9999.0 -9999.0 -9999.0 -9999.0 -9999.0 -9999.0 -9999.0 -9999.0 -9999.0 -9999.0 -9999.0 -9999.0 -9999.0 -9999.0 -9999.0 -9999.0 -9999.0 -9999.0 -9999.0 -9999.0 -9999.0 -9999.0 -9999.0 -9999.0 -9999.0 -9999.0 -9999.0 -9999.0 -9999.0 -9999.0 -9999.0 -9999.0 -9999.0 -9999.0 -9999.0
-9999.0 -9999.0 -9999.0 -9999.0 -9999.0 -9999.0 -9999.0 -9999.0 -9999.0 -9999.0 -9999.0 -9999.0 -9999.0 -9999.0 -9999.0 -9999.0 -9999.0 -9999.0 -9999.0 -9999.0 -9999.0 -9999.0 -9999.0 -9999.0 -9999.0 -9999.0 -9999.0 -0.223109 -0.109485 -0.010721 -1.905044 -2.403910 -2.131070 -9999.0 -9999.0 -9999.0 -9999.0 -9999.0 -9999.0 -9999.0 -9999.0 -9999.0 -9999.0 -9999.0 -9999.0 -9999.0 -9999.0 -9999.0 -9999.0 -9999.0 -9999.0 -9999.0 -9999.0 -9999.0 -9999.0 -9999.0 -9999.0 -9999.0 -9999.0 -9999.0 -9999.0 -9999.0 -9999.0
-9999.0 -9999.0 -9999.0 -9999.0 -9999.0 -9999.0 -9999.0 -9999.0 -9999.0 -9999.0 -9999.0 -9999.0 -9999.0 -9999.0 -9999.0 -9999.0 -9999.0 -9999.0 -9999.0 -9999.0 -9999.0 -9999.0 -9999.0 -9999.0 -0.054431 -0.036374 -0.003897 -0.053219 -0.208707 -0.235789 -0.335895 -9999.0 -9999.0 -9999.0 -9999.0 -9999.0 -9999.0 -9999.0 -9999.0 -9999.0 -9999.0 -9999.0 -9999.0 -9999.0 -9999.0 -9999.0 -9999.0 -9999.0 -9999.0 -9999.0 -9999.0 -9999.0 -9999.0 -9999.0 -9999.0 -9999.0 -9999.0 -9999.0 -9999.0 -9999.0 -9999.0 -9999.0 -9999.0
-9999.0 -9999.0 -9999.0 -9999.0 -9999.0 -9999.0 -9999.0 -9999.0 -9999.0 -9999.0 -9999.0 -9999.0 -9999.0 -9999.0 -9999.0 -9999.0 -9999.0 -9999.0 -9999.0 -9999.0 -9999.0 -9999.0 -9999.0 -0.024431 0.204055 1.949128 2.358000 2.878457 1.941736 -0.021889 -0.190443 -1.401038 -9999.0 -9999.0 -9999.0 -9999.0 -9999.0 -9999.0 -9999.0 -9999.0 -9999.0 -9999.0 -9999.0 -9999.0 -9999.0 -9999.0 -9999.0 -9999.0 -9999.0 -9999.0 -9999.0 -9999.0 -9999.0 -9999.0 -9999.0 -9999.0 -9999.0 -9999.0 -9999.0 -9999.0 -9999.0 -9999.0 -9999.0
-9999.0 -9999.0 -9999.0 -9999.0 -9999.0 -9999.0 -9999.0 -9999.0 -9999.0 -9999.0 -9999.0 -9999.0 -9999.0 -9999.0 -9999.0 -9999.0 -9999.0 -9999.0 3.311399 0.110682 -9999.0 0.051461 0.196575 2.072011 1.766722 3.293277 2.319478 2.326198 1.468065 -0.004105 -0.051128 -0.167373 -0.686998 -1.498291 -9999.0 -9999.0 -9999.0 -9999.0 -9999.0 -9999.0 -9999.0 -9999.0 -9999.0 -9999.0 -9999.0 -9999.0 -9999.0 -9999.0 -9999.0 -9999.0 -9999.0 -9999.0 -9999.0 -9999.0 -9999.0 -9999.0 -9999.0 -9999.0 -9999.0 -9999.0 -9999.0 -9999.0 -9999.0
-9999.0 -9999.0 -9999.0 -9999.0 -9999.0 -9999.0 -9999.0 -9999.0 -9999.0 -9999.0 -9999.0 -9999.0 -9999.0 -9999.0 -9999.0 -9999.0 -9999.0 4.868669 3.488549 3.455067 1.175747 -0.004706 -0.004006 1.208523 2.631212 -0.006995 -0.078378 -0.004288 -0.039565 1.063359 0.374452 -0.035460 0.088651 -0.238376 -1.001675 -1.448160 -9999.0 -9999.0 -9999.0 -9999.0 -9999.0 -9999.0 -9999.0 -9999.0 -9999.0 -9999.0 -9999.0 -9999.0 -9999.0 -9999.0 -9999.0 -9999.0 -9999.0 -9999.0 -9999.0 -9999.0 -9999.0 -9999.0 -9999.0 -9999.0 -9999.0 -9999.0 -9999.0
-9999.0 -9999.0 -9999.0 -9999.0 -9999.0 -9999.0 -9999.0 -9999.0 -9999.0 -9999.0 -9999.0 -9999.0 -9999.0 1.248305 1.342515 3.116526 4.504081 8.607769 4.580102 2.812064 2.377510 1.552362 2.674103 2.658253 -0.020868 0.159278 -0.505801 -0.274769 -0.042165 -0.007684 -1.062663 -0.131815 -0.099510 -1.518864 -2.737637 -1.592786 -9999.0 -9999.0 -9999.0 -9999.0 -9999.0 -9999.0 -9999.0 -9999.0 -9999.0 -9999.0 -9999.0 -9999.0 -9999.0 -9999.0 -9999.0 -9999.0 -9999.0 -9999.0 -9999.0 -9999.0 -9999.0 -9999.0 -9999.0 -9999.0 -9999.0 -9999.0 -9999.0
-9999.0 -9999.0 -9999.0 -9999.0 -9999.0 -9999.0 -9999.0 -9999.0 -9999.0 -9999.0 -9999.0 -9999.0 -9999.0 2.209753 3.609839 3.841762 3.718362 7.546529 8.642262 4.199478 3.677674 4.624862 2.213116 0.760947 0.717813 -0.003887 -0.115939 -0.082183 -0.380786 -0.979127 -1.342017 -0.150890 -0.503039 -6.275463 -1.189959 -9999.0 -9999.0 -9999.0 -9999.0 -9999.0 -9999.0 -9999.0 -9999.0 -9999.0 -9999.0 -9999.0 -9999.0 -9999.0 -9999.0 -9999.0 -9999.0 -9999.0 -9999.0 -9999.0 -9999.0 -9999.0 -9999.0 -9999.0 -9999.0 -9999.0 -9999.0 -9999.0 -9999.0
-9999.0 -9999.0 -9999.0 -9999.0 -9999.0 -9999.0 -9999.0 -9999.0 -9999.0 -9999.0 -9999.0 -9999.0 -9999.0 3.677851 3.302473 4.817107 3.442900 4.156245 9.026043 4.536089 4.968853 2.002995 -0.004683 -0.035066 0.719294 0.010675 0.303800 -0.454538 -0.618980 -5.519753 -0.258372 -6.593602 -6.854597 -8.273251 -1.576186 -9999.0 -9999.0 -9999.0 -9999.0 -9999.0 -9999.0 -9999.0 -9999.0 -9999.0 -9999.0 -9999.0 -9999.0 -9999.0 -9999.0 -9999.0 -9999.0 -9999.0 -9999.0 -9999.0 -9999.0 -9999.0 -9999.0 -9999.0 -9999.0 -9999.0 -9999.0 -9999.0 -9999.0
-9999.0 -9999.0 -9999.0 -9999.0 -9999.0 -9999.0 -9999.0 -9999.0 -9999.0 -9999.0 -9999.0 -9999.0 2.091780 2.766565 4.413845 2.059990 1.938066 3.685535 8.435043 4.846479 2.191532 -0.009218 -0.029004 -0.027097 -1.183994 -0.119732 -2.311757 -0.211616 -1.034588 -0.671972 -6.448121 -0.752395 -0.663741 -1.908568 -9999.0 -9999.0 -9999.0 -9999.0 -9999.0 -9999.0 -9999.0 -9999.0 -9999.0 -9999.0 -9999.0 -9999.0 -9999.0 -9999.0 -9999.0 -9999.0 -9999.0 -9999.0 -9999.0 -9999.0 -9999.0 -9999.0 -9999.0 -9999.0 -9999.0 -9999.0 -9999.0 -9999.0 -9999.0
-9999.0 -9999.0 -9999.0 -9999.0 -9999.0 -9999.0 -9999.0 -9999.0 -9999.0 -9999.0 -9999.0 1.165924 3.121530 1.873499 3.755326 3.416421 4.173698 3.967319 7.765976 6.345096 2.445462 1.516477 0.247143 -0.067990 -1.213798 -0.294831 -0.299639 -0.115947 -0.762211 -1.343477 -0.766372 -0.075135 -0.385665 -1.146051 -0.860721 -0.314854 -0.290517 -0.139047 -0.158626 -9999.0 -9999.0 -9999.0 -1.284828 -9999.0 -9999.0 -9999.0 -9999.0 -9999.0 -9999.0 -9999.0 -9999.0 -9999.0 -9999.0 -9999.0 -9999.0 -9999.0 -9999.0 -9999.0 -9999.0 -9999.0 -9999.0 -9999.0 -9999.0
-9999.0 -9999.0 -9999.0 -9999.0 -9999.0 -9999.0 -9999.0 -9999.0 -9999.0 -9999.0 -9999.0 0.787199 3.351664 5.001590 4.963611 2.218380 6.412040 4.596711 8.353541 5.717162 4.735561 1.671688 0.110266 -1.791218 -3.125564 -0.122200 -0.149595 -0.086906 -0.124724 -1.068486 -0.123797 -0.209254 -0.917073 -1.061353 -1.044208 -0.122030 -0.220454 0.018097 -0.156152 -1.068453 -1.010958 -1.128741 -0.770041 -0.563813 -9999.0 -9999.0 -9999.0 -2.092874 -1.838201 -1.386719 -1.638336 -2.347705 -2.387895 -2.601335 -2.863605 -2.540371 -9999.0 -9999.0 -9999.0 -9999.0 -9999.0 -9999.0 -9999.0
-9999.0 -9999.0 -9999.0 -9999.0 -9999.0 -9999.0 -9999.0 -9999.0 -9999.0 -9999.0 -9999.0 0.739034 1.046785 0.166430 3.066434 3.172915 1.388523 3.779221 7.122153 5.832151 2.007514 -0.005003 -0.727750 -0.057735 -0.119601 -0.172168 -2.590085 -2.777654 -0.303457 -1.588670 -0.374897 -3.226962 -0.280697 -0.797818 -0.594513 -0.335907 -2.406801 -2.072430 0.341609 -0.396837 -0.114381 -0.386809 -0.487689 -0.121203 -1.113965 -9999.0 -1.883971 -1.438802 -1.762299 -0.100437 -0.294092 0.056110 -0.126615 -0.460853 -1.081667 -0.876749 -9999.0 -9999.0 -9999.0 -9999.0 -9999.0 -9999.0 -9999.0
-9999.0 -9999.0 -9999.0 -9999.0 -9999.0 -9999.0 -9999.0 -9999.0 -9999.0 -9999.0 -9999.0 -9999.0 1.017430 -0.047889 1.689456 2.215261 0.469504 2.831167 7.480908 5.656285 2.068690 -0.004341 -0.126457 -2.542510 -1.808900 -1.940936 0.022875 -0.083750 -0.675358 -0.501359 -0.146654 -3.019222 -0.072758 -0.419025 -0.550803 -0.109909 -3.029760 -1.932163 1.849998 -0.044365 0.027262 0.265100 -2.456807 0.001401 -0.431598 -1.208394 -1.376184 -0.962524 -3.997165 -2.597657 -0.085164 -2.907993 -2.977695 -3.544025 -4.126453 -2.276926 -0.695714 -9999.0 -9999.0 -9999.0 -9999.0 -9999.0 -9999.0
-9999.0 -9999.0 -9999.0 -9999.0 -9999.0 -9999.0 -9999.0 -9999.0 -9999.0 -9999.0 -9999.0 -0.469243 0.103031 1.235523 -0.045357 -0.005054 0.836567 2.096843 6.956338 4.078865 2.404975 0.408994 -0.043831 -0.899354 -1.577699 -1.759245 -1.432348 -0.199425 -0.248405 -0.070977 -1.857571 -2.206773 -0.137669 -0.396082 -1.119599 -1.704395 -0.113597 -0.683486 -0.005315 0.873792 -0.329777 -0.018127 -0.840750 -0.330049 0.157069 -0.195582 -1.133923 -0.042294 0.289593 -0.039405 -2.699300 -0.180200 -4.392423 -4.881467 -5.654216 -6.404721 -0.822637 -9999.0 -9999.0 -9999.0 -9999.0 -9999.0 -9999.0
-9999.0 -9999.0 -9999.0 -9999.0 -9999.0 -9999.0 -9999.0 -9999.0 -9999.0 -9999.0 0.120442 -1.056134 0.116098 0.211312 1.008058 -0.005135 -0.005337 -0.016216 3.277783 3.732608 3.769055 2.499033 -0.506312 0.583469 -0.036994 -1.496709 -1.791163 -3.668450 -0.053923 0.040054 -1.664157 -1.756664 -0.009564 -1.232237 -1.528237 -0.371963 -0.043917 -2.737658 -0.322359 -0.003695 0.098783 1.222078 4.521278 0.644025 -0.036670 -0.045273 -0.086507 -1.104701 -1.614582 -0.025925 -4.494880 -1.585252 -6.083911 -7.141437 -6.827145 -0.254930 -1.897475 -9999.0 -9999.0 -9999.0 -9999.0 -9999.0 -9999.0
-9999.0 -9999.0 -9999.0 -9999.0 -9999.0 -9999.0 -9999.0 -9999.0 -9999.0 -0.096261 0.063446 -0.522627 -0.061167 -0.331097 -0.642539 -0.576288 -0.050914 2.406453 3.204394 3.816159 4.108282 0.559503 -0.009615 0.244280 -0.004642 -1.302284 -1.982010 0.054899 -1.082056 -0.215181 -0.004348 -1.505316 -0.350746 -6.478843 -0.966315 -0.379215 -0.031771 -1.652037 -1.571761 -0.487480 -1.214625 -0.421037 -0.395105 1.397262 0.639082 -0.039370 0.945096 -0.460698 -0.444274 -0.004120 -1.849873 -0.972867 -7.762375 -3.647465 -2.648942 -4.182640 -3.761154 -0.499499 -2.142353 -9999.0 -9999.0 -9999.0 -9999.0
-9999.0 -9999.0 -9999.0 -9999.0 -9999.0 -9999.0 -9999.0 -9999.0 -9999.0 -0.126121 -0.102856 0.096921 1.294912 -0.013089 -0.062314 -0.363476 0.800729 0.361328 3.778497 5.554731 4.953706 4.763624 2.739874 1.080776 -0.914039 -1.186009 -0.362786 -0.023136 0.329133 1.224077 0.161301 -1.878299 -0.343262 -0.660722 -2.181471 -0.415877 -0.243690 0.185587 -0.108142 -0.002713 -2.730633 -1.626576 -0.158873 0.530917 2.154874 1.831535 1.489794 0.167832 -0.012416 -0.003957 -2.761627 -4.679315 -3.812223 -4.893814 -3.536908 -5.153478 -3.284403 -3.147073 -0.236679 -9999.0 -9999.0 -9999.0 -9999.0
-9999.0 -9999.0 -9999.0 -9999.0 -9999.0 -9999.0 -9999.0 -9999.0 -9999.0 -9999.0 -0.152946 0.018631 -0.050591 -0.602200 -0.005657 -0.048018 -0.017904 1.402387 4.571263 4.482903 4.838795 2.350876 -0.029921 -0.259569 -0.845290 -0.131395 -0.003811 0.786290 0.301051 -1.432591 -1.773601 -2.615350 -2.988871 -1.485621 -0.516040 -0.131366 0.052074 0.040074 -0.255780 -0.126971 -0.167040 0.093846 0.843773 -0.036401 -0.017929 -0.009640 1.077439 3.127569 2.256021 -0.005142 -1.716384 -3.625602 -2.877434 -3.834522 -3.482873 -1.940625 -0.582357 -1.441095 -1.205210 -0.032890 -9999.0 -9999.0 -9999.0
-9999.0 -9999.0 -9999.0 -9999.0 -9999.0 -9999.0 -9999.0 -9999.0 -9999.0 -9999.0 -2.121294 -0.082583 0.058575 -0.012942 2.118018 -0.008362 -0.016147 2.294005 4.981234 5.400301 3.104346 1.101870 -0.037223 -0.065210 -0.038694 0.409316 1.472313 -0.011163 -1.125780 -2.707761 -0.256155 -0.189039 -4.060175 -0.657007 -0.359755 -0.059184 -1.407710 -1.078845 -1.884961 -0.235283 -0.103154 -0.057144 -2.474083 -0.017547 0.226875 -0.347874 -0.022381 -0.016964 2.384179 1.917719 -0.004418 -1.740310 -3.402817 -2.392388 -4.531497 -3.746685 -1.555659 -1.006074 0.830772 1.735903 -9999.0 -9999.0 -9999.0
-9999.0 -9999.0 -9999.0 -9999.0 -9999.0 -9999.0 -9999.0 -9999.0 -0.272667 -0.163628 -0.813426 -0.171164 -2.505721 -0.474161 -0.048203 1.326268 2.597015 5.716860 5.466172 5.880058 4.852109 3.717830 2.689314 0.899881 -0.004482 1.653332 2.284673 -0.651476 -1.992059 -2.622722 -5.786734 -0.124494 -0.131656 -1.753060 -1.144789 -0.101022 0.977369 -0.082137 -2.378386 -0.422528 -0.008369 0.035344 -2.645799 -0.292801 0.391214 0.174733 -2.196137 -0.650537 -0.010960 2.071577 -0.000998 -2.167937 -3.947866 -5.130380 -3.354946 -0.608157 -0.411562 0.209334 0.388170 3.811984 -9999.0 -9999.0 -9999.0
-9999.0 -9999.0 -9999.0 -9999.0 -9999.0 -9999.0 -9999.0 -9999.0 -2.810688 -2.921488 -2.153840 -0.292314 -0.097789 -1.921381 -0.760754 -0.011452 1.607704 2.211819 5.268075 6.407828 8.604481 7.546021 6.635939 5.758025 3.065808 2.980731 0.580429 -0.901410 -3.655308 -0.249187 -0.732823 -0.283417 -0.095735 -0.219011 -0.065146 0.023448 1.777642 -0.004767 -0.999876 -0.052402 -0.400377 -4.595391 -0.163423 -0.028028 -0.012993 -1.205294 -3.109756 -0.061390 -0.072823 1.249581 1.578771 -0.062828 -3.881087 -1.277917 -0.347064 -2.247037 -1.197940 -0.017678 2.310758 4.883963 6.300537 -9999.0 -9999.0
-9999.0 -9999.0 -9999.0 -9999.0 -9999.0 -9999.0 -9999.0 -9999.0 -0.352522 -0.118641 -0.078567 -2.937611 -0.305234 -2.420480 -0.510985 -0.637316 -0.009859 2.496234 5.187837 8.510294 6.864007 8.167682 7.945127 5.342924 5.674710 2.924807 0.058380 -1.077763 -4.580470 -0.389556 -0.138699 0.032412 -1.799673 -1.684822 0.160907 1.180442 -0.005230 1.302706 -0.043465 -2.385468 -0.066433 -0.029849 -0.041933 -0.138788 -1.737701 -0.056145 -0.439080 -0.125386 -1.621525 -0.024544 2.322054 -0.003501 -2.901334 -3.725932 -1.431087 -0.650788 0.836884 2.183998 4.522054 5.167249 5.545446 -9999.0 -9999.0
-9999.0 -9999.0 -9999.0 -9999.0 -9999.0 -9999.0 -9999.0 -9999.0 -1.281369 -0.041908 -1.990501 -4.270205 -0.079983 -1.665514 -0.354811 -0.004971 3.742466 4.978979 5.582408 5.453743 6.290280 6.666092 7.860613 7.148124 3.338474 0.732455 -0.060706 -1.825333 0.033144 -2.256852 -0.587101 -0.282738 -0.010322 -0.436930 -0.041119 0.803937 2.722382 3.782980 0.376969 -0.021317 0.021928 0.077285 0.066044 0.339268 -0.105582 -0.037633 -0.048443 0.166881 -0.105766 -0.651517 -0.017855 1.941978 -0.002995 -1.325884 0.395090 1.382459 2.990577 4.372866 5.420447 5.301192 4.331506 2.316294 -9999.0
-9999.0 -9999.0 -9999.0 -9999.0 -9999.0 -9999.0 -9999.0 -9999.0 -2.236141 -0.075197 -2.013354 -1.414095 -0.487804 -0.459019 1.378825 1.950683 3.639793 2.182869 0.471977 2.605845 4.499918 6.071807 6.289925 5.985795 4.713093 -0.013267 -0.938968 -0.040626 -0.005306 -0.164324 -0.346010 -0.004067 1.785697 0.868832 -0.003900 0.858459 2.396014 5.771099 5.197458 1.716563 0.186713 -0.004077 0.031689 -0.007094 -0.546223 0.367239 -0.080044 -0.833425 -0.092185 -0.004097 1.158348 1.379509 1.681686 1.513013 2.113363 2.499792 3.182239 4.005940 4.651922 4.376205 3.897949 1.728594 -9999.0
-9999.0 -9999.0 -0.100465 -0.057171 -3.251560 -1.893617 -2.911367 -3.993025 -1.483866 -0.757359 -2.683932 -0.880650 -0.058500 -0.004583 2.632516 1.335056 -0.025932 -1.064459 -0.282231 -0.008026 2.477794 5.181689 4.945936 5.914864 4.057132 1.744183 -0.015999 -0.007086 1.960501 2.347098 -0.028092 0.337010 4.503884 3.071064 3.452092 4.334739 6.620588 8.061890 6.959780 4.284775 4.082483 3.531246 3.680245 2.066110 -0.010898 -0.004854 1.240039 1.172387 2.020098 3.005694 4.043108 3.503894 2.873516 2.406212 2.321948 5.018995 2.968419 3.363306 3.006526 3.201915 3.263508 0.964413 -9999.0
-9999.0 -0.411825 -2.651879 -1.705636 -1.657862 -2.534917 -1.598867 -2.321975 -3.299904 -1.264348 -1.760173 -0.697645 -0.003167 1.749589 1.808652 -0.360851 -1.482917 -1.768436 -1.186017 -0.022210 2.096920 3.996092 5.137893 4.565201 6.445998 3.828927 4.445618 4.594026 4.324332 2.671212 2.775823 2.971759 4.465048 7.037694 7.345017 8.412892 10.231550 10.981817 10.219785 8.315473 7.876356 7.738848 6.792761 4.527148 3.240938 3.642922 3.962859 5.683054 6.207749 5.807468 4.331282 3.504484 2.743113 1.973976 1.905966 1.415388 0.592922 0.942515 1.168814 2.014182 0.239512 0.764850 -9999.0
-9999.0 0.670358 -0.068101 -0.094537 0.050877 -0.809660 -2.363335 -2.843768 -0.805072 -0.568254 -1.974133 -1.080816 -0.003812 1.883740 -0.099690 -3.240638 -2.157319 -1.711094 -0.920769 -0.011761 2.454656 1.658759 2.730868 2.517275 5.686483 6.965135 5.239123 5.821801 5.548052 6.174246 6.334849 6.097257 6.382678 7.397293 10.077600 10.530808 14.675568 15.770028 13.216825 12.163675 11.416400 10.378844 9.458973 7.835353 7.736401 7.600556 7.346727 6.967512 6.292761 5.335696 3.478087 1.711309 0.712682 1.265836 0.501398 -0.042934 -0.533360 -0.062718 -0.038526 -0.142477 -0.035597 -9999.0 -9999.0
