erum2020/resources/simulation/Vinschgau/output-maps/TL0004N0874.asc
ncols         63
nrows         48
xllcorner     598000.000000
yllcorner     5145000.000000
cellsize      1000.000000
NODATA_value  -9999.0
[rows 0 to 27 of 48, columns 0 to 62 of 63]
-9999.0 -9999.0 -9999.0 -9999.0 -9999.0 -9999.0 -9999.0 -9999.0 -9999.0 -9999.0 -9999.0 -9999.0 -9999.0 -9999.0 -9999.0 -9999.0 -9999.0 -9999.0 -9999.0 -9999.0 -9999.0 -9999.0 -9999.0 -9999.0 -9999.0 -9999.0 -9999.0 -9999.0 -9999.0 -9999.0 -9999.0 -9999.0 -9999.0 -9999.0 -9999.0 -9999.0 -9999.0 -9999.0 -9999.0 -9999.0 -9999.0 -9999.0 -9999.0 -9999.0 -9999.0 -9999.0 -9999.0 -9999.0 -9999.0 -9999.0 -9999.0 -9999.0 -9999.0 -9999.0 -9999.0 -9999.0 -9999.0 -9999.0 -9999.0 -9999.0 -9999.0 -9999.0 -9999.0
-9999.0 -9999.0 -9999.0 -9999.0 -9999.0 -9999.0 -9999.0 -9999.0 -9999.0 -9999.0 -9999.0 -9999.0 -9999.0 -9999.0 -9999.0 -9999.0 -9999.0 -9999.0 -9999.0 -9999.0 -9999.0 -9999.0 -9999.0 -9999.0 -9999.0 -9999.0 -9999.0 -6.538116 -5.063728 -5.635538 -5.700362 -6.443397 -6.555463 -9999.0 -9999.0 -9999.0 -9999.0 -9999.0 -9999.0 -9999.0 -9999.0 -9999.0 -9999.0 -9999.0 -9999.0 -9999.0 -9999.0 -9999.0 -9999.0 -9999.0 -9999.0 -9999.0 -9999.0 -9999.0 -9999.0 -9999.0 -9999.0 -9999.0 -9999.0 -9999.0 -9999.0 -9999.0 -9999.0
-9999.0 -9999.0 -9999.0 -9999.0 -9999.0 -9999.0 -9999.0 -9999.0 -9999.0 -9999.0 -9999.0 -9999.0 -9999.0 -9999.0 -9999.0 -9999.0 -9999.0 -9999.0 -9999.0 -9999.0 -9999.0 -9999.0 -9999.0 -9999.0 -4.197176 -3.859395 -2.782707 -4.090512 -3.626895 -5.185515 -6.010481 -9999.0 -9999.0 -9999.0 -9999.0 -9999.0 -9999.0 -9999.0 -9999.0 -9999.0 -9999.0 -9999.0 -9999.0 -9999.0 -9999.0 -9999.0 -9999.0 -9999.0 -9999.0 -9999.0 -9999.0 -9999.0 -9999.0 -9999.0 -9999.0 -9999.0 -9999.0 -9999.0 -9999.0 -9999.0 -9999.0 -9999.0 -9999.0
-9999.0 -9999.0 -9999.0 -9999.0 -9999.0 -9999.0 -9999.0 -9999.0 -9999.0 -9999.0 -9999.0 -9999.0 -9999.0 -9999.0 -9999.0 -9999.0 -9999.0 -9999.0 -9999.0 -9999.0 -9999.0 -9999.0 -9999.0 -3.711550 -2.194868 -0.006514 0.151112 0.664057 -0.008438 -3.666440 -5.959112 -6.579651 -9999.0 -9999.0 -9999.0 -9999.0 -9999.0 -9999.0 -9999.0 -9999.0 -9999.0 -9999.0 -9999.0 -9999.0 -9999.0 -9999.0 -9999.0 -9999.0 -9999.0 -9999.0 -9999.0 -9999.0 -9999.0 -9999.0 -9999.0 -9999.0 -9999.0 -9999.0 -9999.0 -9999.0 -9999.0 -9999.0 -9999.0
-9999.0 -9999.0 -9999.0 -9999.0 -9999.0 -9999.0 -9999.0 -9999.0 -9999.0 -9999.0 -9999.0 -9999.0 -9999.0 -9999.0 -9999.0 -9999.0 -9999.0 -9999.0 -0.006824 -2.546514 -9999.0 -2.884627 -2.258465 -0.009432 -0.004506 0.634535 -0.005058 -0.006889 -0.001604 -0.040602 -4.076223 -5.647026 -7.610670 -10.306916 -9999.0 -9999.0 -9999.0 -9999.0 -9999.0 -9999.0 -9999.0 -9999.0 -9999.0 -9999.0 -9999.0 -9999.0 -9999.0 -9999.0 -9999.0 -9999.0 -9999.0 -9999.0 -9999.0 -9999.0 -9999.0 -9999.0 -9999.0 -9999.0 -9999.0 -9999.0 -9999.0 -9999.0 -9999.0
-9999.0 -9999.0 -9999.0 -9999.0 -9999.0 -9999.0 -9999.0 -9999.0 -9999.0 -9999.0 -9999.0 -9999.0 -9999.0 -9999.0 -9999.0 -9999.0 -9999.0 3.880374 2.150515 0.729290 -3.901338 -0.087147 -0.038207 -0.006711 -0.004313 -0.011867 -0.260306 -0.104593 -0.081431 -0.005545 -1.868687 -4.094551 -5.568052 -6.400349 -8.452313 -9.787918 -9999.0 -9999.0 -9999.0 -9999.0 -9999.0 -9999.0 -9999.0 -9999.0 -9999.0 -9999.0 -9999.0 -9999.0 -9999.0 -9999.0 -9999.0 -9999.0 -9999.0 -9999.0 -9999.0 -9999.0 -9999.0 -9999.0 -9999.0 -9999.0 -9999.0 -9999.0 -9999.0
-9999.0 -9999.0 -9999.0 -9999.0 -9999.0 -9999.0 -9999.0 -9999.0 -9999.0 -9999.0 -9999.0 -9999.0 -9999.0 -1.979057 -0.004751 1.732659 3.360159 2.303944 3.450113 -0.009439 -0.005077 -0.005125 -0.004844 -0.004005 -0.020951 -2.208445 -2.612054 -1.157984 -1.073266 -0.181853 -1.894184 -4.393346 -5.826823 -6.554216 -7.102027 -10.118575 -9999.0 -9999.0 -9999.0 -9999.0 -9999.0 -9999.0 -9999.0 -9999.0 -9999.0 -9999.0 -9999.0 -9999.0 -9999.0 -9999.0 -9999.0 -9999.0 -9999.0 -9999.0 -9999.0 -9999.0 -9999.0 -9999.0 -9999.0 -9999.0 -9999.0 -9999.0 -9999.0
-9999.0 -9999.0 -9999.0 -9999.0 -9999.0 -9999.0 -9999.0 -9999.0 -9999.0 -9999.0 -9999.0 -9999.0 -9999.0 -0.796844 0.617730 2.483656 2.667703 1.587779 2.354098 0.964920 2.528605 0.048895 0.806911 -0.003456 -0.116372 -0.093571 -5.034928 -5.946722 -7.076992 -2.038347 -1.510132 -5.397007 -7.430977 -10.309668 -8.751412 -9999.0 -9999.0 -9999.0 -9999.0 -9999.0 -9999.0 -9999.0 -9999.0 -9999.0 -9999.0 -9999.0 -9999.0 -9999.0 -9999.0 -9999.0 -9999.0 -9999.0 -9999.0 -9999.0 -9999.0 -9999.0 -9999.0 -9999.0 -9999.0 -9999.0 -9999.0 -9999.0 -9999.0
-9999.0 -9999.0 -9999.0 -9999.0 -9999.0 -9999.0 -9999.0 -9999.0 -9999.0 -9999.0 -9999.0 -9999.0 -9999.0 0.132772 0.020856 1.278621 2.036891 3.007467 2.529753 3.401019 0.083349 -0.166574 -0.017347 -0.048415 -0.008165 -0.022800 -4.874803 -7.369288 -6.569455 -9.158493 -6.017238 -10.858147 -11.329030 -12.966727 -10.449119 -9999.0 -9999.0 -9999.0 -9999.0 -9999.0 -9999.0 -9999.0 -9999.0 -9999.0 -9999.0 -9999.0 -9999.0 -9999.0 -9999.0 -9999.0 -9999.0 -9999.0 -9999.0 -9999.0 -9999.0 -9999.0 -9999.0 -9999.0 -9999.0 -9999.0 -9999.0 -9999.0 -9999.0
-9999.0 -9999.0 -9999.0 -9999.0 -9999.0 -9999.0 -9999.0 -9999.0 -9999.0 -9999.0 -9999.0 -9999.0 -0.006678 -0.177779 0.730992 -0.003322 0.466449 2.373925 2.076006 1.969034 -0.004969 -0.114571 -0.208599 -0.385431 -1.969358 -5.026863 -3.602827 -6.179278 -5.808297 -7.628495 -10.821998 -7.922148 -6.653127 -11.169064 -9999.0 -9999.0 -9999.0 -9999.0 -9999.0 -9999.0 -9999.0 -9999.0 -9999.0 -9999.0 -9999.0 -9999.0 -9999.0 -9999.0 -9999.0 -9999.0 -9999.0 -9999.0 -9999.0 -9999.0 -9999.0 -9999.0 -9999.0 -9999.0 -9999.0 -9999.0 -9999.0 -9999.0 -9999.0
-9999.0 -9999.0 -9999.0 -9999.0 -9999.0 -9999.0 -9999.0 -9999.0 -9999.0 -9999.0 -9999.0 -1.812775 0.051963 0.146240 0.049601 -0.538006 0.429158 2.208419 2.085204 1.232536 0.826572 -0.003097 -2.795287 -4.597491 -0.336198 -4.324978 -6.414194 -5.238211 -5.504224 -9.545159 -8.165813 -5.724327 -7.059429 -9.263266 -8.316029 -6.769785 -6.332319 -5.509373 -5.222436 -9999.0 -9999.0 -9999.0 -9.414597 -9999.0 -9999.0 -9999.0 -9999.0 -9999.0 -9999.0 -9999.0 -9999.0 -9999.0 -9999.0 -9999.0 -9999.0 -9999.0 -9999.0 -9999.0 -9999.0 -9999.0 -9999.0 -9999.0 -9999.0
-9999.0 -9999.0 -9999.0 -9999.0 -9999.0 -9999.0 -9999.0 -9999.0 -9999.0 -9999.0 -9999.0 -2.124378 0.440251 1.606899 1.505093 -1.907524 2.715074 3.060412 2.210967 1.379726 0.092599 -0.879504 -2.426832 -3.254646 -2.466678 -5.154847 -5.563522 -4.256987 -5.673901 -9.162091 -5.246756 -4.843995 -6.584435 -7.458325 -8.334761 -5.257437 -3.645979 -3.895541 -5.371543 -8.888354 -8.825411 -9.319914 -5.488652 -7.644972 -9999.0 -9999.0 -9999.0 -9.514929 -8.494014 -8.133485 -7.321115 -9.292203 -9.520363 -8.244089 -7.807495 -10.157775 -9999.0 -9999.0 -9999.0 -9999.0 -9999.0 -9999.0 -9999.0
-9999.0 -9999.0 -9999.0 -9999.0 -9999.0 -9999.0 -9999.0 -9999.0 -9999.0 -9999.0 -9999.0 -2.602483 -2.158347 -0.297349 -0.627536 -1.106919 -0.002672 2.491773 1.742168 1.405746 1.250268 -0.025822 -1.593764 -4.172290 -5.165979 -6.346319 -1.730028 -3.975225 -6.611887 -7.919130 -7.035413 -4.496885 -4.089450 -7.057723 -7.601723 -3.911103 -3.639813 -3.233899 -2.906937 -7.012409 -4.974301 -6.398543 -4.089350 -5.093996 -7.148881 -9999.0 -10.886714 -7.078384 -5.525880 -4.450802 -4.188342 -5.053058 -5.022700 -5.739148 -5.888539 -6.900066 -9999.0 -9999.0 -9999.0 -9999.0 -9999.0 -9999.0 -9999.0
-9999.0 -9999.0 -9999.0 -9999.0 -9999.0 -9999.0 -9999.0 -9999.0 -9999.0 -9999.0 -9999.0 -9999.0 -1.893196 -0.584741 -1.443819 -1.305867 -0.004163 1.721660 1.823596 1.460752 1.041738 -0.019145 -0.268428 -1.228812 -3.690940 -1.841678 -2.782341 -4.445587 -5.819256 -7.519328 -5.516694 -4.287021 -4.142942 -6.091520 -6.628841 -4.868930 -2.222029 -2.537757 -0.720486 -4.441926 -3.551659 -5.004568 -1.841266 -2.565868 -7.142013 -7.483825 -8.670300 -6.955251 -3.690022 -1.750185 -0.483869 -4.112234 -3.163018 -4.671504 -5.379723 -5.607566 -6.744844 -9999.0 -9999.0 -9999.0 -9999.0 -9999.0 -9999.0
-9999.0 -9999.0 -9999.0 -9999.0 -9999.0 -9999.0 -9999.0 -9999.0 -9999.0 -9999.0 -9999.0 -1.034902 -3.860304 -2.074981 -0.747673 -0.035321 -0.005451 0.992276 1.327521 3.068663 1.352608 -0.006458 -0.058743 -2.424897 -1.713893 -0.573795 -0.944679 -6.037499 -6.312589 -5.979406 -2.167637 -3.420910 -3.036081 -5.930922 -8.261617 -5.259020 -5.148420 -1.471558 -0.031017 -1.970552 -1.553782 -0.126657 -1.024463 -1.761907 -2.106625 -5.903027 -4.807608 -5.843475 -4.910193 -0.513738 -4.557432 -5.726892 -7.038612 -8.048531 -9.118581 -9.849865 -7.720386 -9999.0 -9999.0 -9999.0 -9999.0 -9999.0 -9999.0
-9999.0 -9999.0 -9999.0 -9999.0 -9999.0 -9999.0 -9999.0 -9999.0 -9999.0 -9999.0 -2.794649 -0.768402 -2.621214 -2.606908 -1.386256 -0.940796 -0.950135 -0.006594 2.525583 2.722413 0.140774 -0.001914 -0.815991 -1.513126 -0.083581 -2.013918 -3.059366 -5.499808 -4.278143 -3.358239 -2.797633 -2.834522 -3.293780 -5.907163 -10.242514 -7.011835 -4.055146 -2.029735 -0.057121 -0.011324 -0.009386 -0.001784 0.029737 0.254748 -0.307441 -5.796947 -4.700259 -1.534452 -1.874775 -0.077262 -6.854764 -8.232127 -9.610642 -10.814851 -10.494769 -5.954784 -5.764445 -9999.0 -9999.0 -9999.0 -9999.0 -9999.0 -9999.0
-9999.0 -9999.0 -9999.0 -9999.0 -9999.0 -9999.0 -9999.0 -9999.0 -9999.0 -4.950005 -2.404656 -1.904294 -0.485608 -1.293306 -0.731478 -0.335783 -0.384802 -0.156316 2.264448 3.144725 0.388517 -0.006635 -0.005502 -0.006738 -0.023004 -1.715644 -3.856167 -3.234813 -0.792711 -0.076740 -0.021415 -1.914590 -6.689543 -9.693497 -9.097198 -7.163724 -5.146448 -2.621841 -2.051248 -0.518522 -0.238711 -0.268958 -0.687692 0.935447 0.291094 -0.602924 -1.124606 -1.653617 -1.571077 -0.011622 -3.083174 -7.726108 -11.747783 -10.960934 -8.958843 -7.280142 -6.177229 -7.253761 -8.593035 -9999.0 -9999.0 -9999.0 -9999.0
-9999.0 -9999.0 -9999.0 -9999.0 -9999.0 -9999.0 -9999.0 -9999.0 -9999.0 -6.270392 -5.155060 -3.395916 -1.279811 -0.043270 -0.440536 -1.328113 -1.263531 -0.005571 2.889776 1.311933 0.960514 0.154482 -0.002287 -0.128993 -1.328371 -2.290297 -0.944202 -0.095153 -0.006264 -0.089573 -0.975543 -2.295756 -4.826831 -6.994037 -5.720980 -7.180423 -6.622481 -5.300857 -5.147825 -2.729758 -1.082419 -3.003240 -0.853929 -0.004001 1.577538 0.474425 0.140321 -0.008436 -0.045551 -0.014807 -3.160646 -6.569199 -10.357009 -9.113485 -7.708958 -8.077433 -6.056624 -4.768638 -6.203324 -9999.0 -9999.0 -9999.0 -9999.0
-9999.0 -9999.0 -9999.0 -9999.0 -9999.0 -9999.0 -9999.0 -9999.0 -9999.0 -9999.0 -5.726321 -3.396668 -0.227813 -0.660184 -0.030009 -0.377439 -0.053649 0.023845 3.710344 2.486575 1.051328 1.420301 -0.017544 -0.226022 -1.747251 -0.311392 -0.018325 -0.001934 -1.041726 -1.840536 -2.196468 -2.845593 -4.921857 -6.356945 -4.211984 -4.467458 -2.636529 -2.229485 -6.583783 -5.311045 -5.757912 -2.502847 -1.936936 -0.519340 -0.014957 -0.005937 0.404913 0.018745 0.820554 -0.019418 -2.111175 -4.520655 -9.083689 -10.036532 -9.237091 -7.061654 -4.604062 -1.948611 -2.354193 -0.261320 -9999.0 -9999.0 -9999.0
-9999.0 -9999.0 -9999.0 -9999.0 -9999.0 -9999.0 -9999.0 -9999.0 -9999.0 -9999.0 -5.947959 -4.690426 -3.045569 -0.133459 -0.003965 -0.005090 -0.006396 1.445440 4.096550 3.460771 2.519243 0.203727 -0.024940 -0.793416 -0.312577 -0.005360 0.172676 -0.014970 -1.533076 -4.594835 -5.380309 -4.854260 -5.927536 -7.199430 -5.293757 -2.345005 -1.975167 -0.604015 -3.178562 -6.227544 -5.042801 -4.182884 -1.984919 -3.781484 -1.698819 -0.478553 -0.071035 -0.014805 1.685045 0.548728 -0.029783 -3.069513 -5.205737 -8.553698 -10.709607 -9.875534 -7.106029 -1.694447 0.611199 0.292967 -9999.0 -9999.0 -9999.0
-9999.0 -9999.0 -9999.0 -9999.0 -9999.0 -9999.0 -9999.0 -9999.0 -4.079509 -5.569241 -6.525822 -4.073240 -3.719778 -1.844230 -0.066415 0.826418 1.780170 1.013899 3.205890 3.972919 4.308049 2.912618 1.720923 -0.007135 -0.008710 1.296707 -0.004840 -1.046561 -2.719903 -4.555360 -9.561942 -5.314319 -5.283215 -6.890212 -4.874057 -4.970355 -1.498843 -0.438025 -2.807029 -7.210542 -5.857264 -3.023998 -4.551715 -6.716108 -4.800248 -2.485199 -2.612198 -0.866000 -0.013780 0.804027 -0.018629 -0.949775 -4.103282 -7.023309 -9.376146 -6.332665 -6.916907 -2.077477 -0.006596 2.880512 -9999.0 -9999.0 -9999.0
-9999.0 -9999.0 -9999.0 -9999.0 -9999.0 -9999.0 -9999.0 -9999.0 -4.042133 -2.338264 -4.051203 -6.323119 -4.995796 -2.578503 -1.165630 -0.005789 0.704151 1.288859 4.677867 4.506779 3.021416 2.279906 0.781154 0.012548 2.172219 2.211494 0.199982 -0.608148 -5.862423 -6.155013 -6.956367 -6.733109 -4.818967 -6.532751 -4.276727 -3.368644 -1.599805 -0.491899 -1.009344 -4.189418 -5.476812 -8.111087 -6.328245 -3.999419 -3.005354 -1.407820 -4.917042 -4.307510 -0.738405 0.911735 0.345270 -0.635559 -4.535704 -6.961221 -4.863341 -4.438162 -1.821973 -0.073517 1.071043 3.465418 4.553177 -9999.0 -9999.0
-9999.0 -9999.0 -9999.0 -9999.0 -9999.0 -9999.0 -9999.0 -9999.0 -5.263042 -4.107987 -3.900936 -4.864433 -5.429141 -4.254416 -1.418703 -1.036312 -0.005302 0.481381 4.599395 3.202911 4.979116 3.215963 2.575473 3.042223 1.464372 1.945463 -0.002949 -1.483431 -5.274695 -5.313275 -6.146899 -2.949140 -3.262932 -2.872027 -2.392602 -2.261039 -0.044636 1.028304 -0.027002 -1.590707 -4.332399 -6.004738 -4.136584 -4.197580 -2.451737 -4.186676 -7.134819 -5.195754 -3.251871 -0.011030 1.900883 -0.019764 -5.072624 -4.676211 -3.029331 -1.550576 -0.001638 0.947714 3.082759 3.277116 4.123156 -9999.0 -9999.0
-9999.0 -9999.0 -9999.0 -9999.0 -9999.0 -9999.0 -9999.0 -9999.0 -8.002606 -3.991510 -1.273340 -5.406031 -4.767258 -1.891795 -0.483937 -0.002878 3.027463 4.359554 1.858424 4.953296 4.388801 4.812672 3.362618 2.777465 2.636596 0.274555 -0.050276 -2.251270 -2.710260 -1.474060 -1.708887 -1.021256 -0.079660 -0.375431 -0.696487 -1.898208 -0.099950 2.727097 -0.002257 -0.290863 -3.573258 -3.233539 -3.298173 -4.893340 -4.962466 -5.901450 -4.207574 -5.143831 -4.935472 -1.934628 -0.009209 1.495243 -0.017781 -1.414728 -0.016136 0.192342 1.711516 3.206574 4.378095 3.895405 2.968842 1.728558 -9999.0
-9999.0 -9999.0 -9999.0 -9999.0 -9999.0 -9999.0 -9999.0 -9999.0 -7.897866 -4.323786 -2.398994 -1.814862 -0.640255 -0.081758 -0.082628 0.572049 0.425260 1.452898 -0.004850 1.680321 3.912806 4.123018 4.441193 4.133251 0.621211 -0.005179 -1.350800 -0.326484 -0.027903 -0.068042 -0.438484 -0.020481 0.500421 -0.003661 -0.013840 -0.003017 0.695431 4.622340 4.025975 0.349431 -0.008370 -0.015882 -0.145830 -0.057539 -1.828049 -2.185669 -0.865441 -0.227643 -0.974753 -0.021435 -0.001520 0.878717 1.254307 0.273270 0.911248 1.222697 1.939776 2.692544 3.288342 2.921070 2.923181 1.157790 -9999.0
-9999.0 -9999.0 -4.877354 -4.189356 -4.504022 -2.644545 -4.141691 -3.802069 -6.182267 -5.141224 -1.896848 -0.354574 -0.074957 -0.054374 -0.001269 0.186618 -0.017162 -1.453364 -0.901947 -0.004473 1.582740 4.210276 3.329746 5.450767 2.125862 0.941820 -0.005642 -0.004458 1.258898 -0.003282 -0.014197 -0.003570 0.919199 1.951133 1.895947 3.250994 4.145308 7.008758 5.951562 3.187165 1.881159 1.908705 2.628546 0.682154 -0.005533 -0.018118 0.010124 0.732524 0.674010 1.674946 2.349338 2.190842 1.623567 1.182292 1.135129 0.937557 1.728561 2.087269 1.673465 2.322161 0.044526 0.426710 -9999.0
-9999.0 -1.259925 -1.354827 -1.555812 -2.505820 -3.761516 -4.130019 -4.188547 -5.211992 -6.261370 -3.194697 -1.086957 -0.040418 -0.627288 -0.008296 -0.482525 -1.671855 -3.123201 -1.379983 -0.008887 1.397838 2.885921 1.275008 3.337925 1.968738 1.828100 0.240722 0.523300 2.176409 1.181220 0.953678 0.964399 2.397534 3.041342 4.651329 5.845484 7.336980 10.190842 7.478155 5.979520 5.153317 4.988050 4.286164 3.407778 2.239153 2.640429 2.425826 4.588082 3.827020 4.628227 2.962336 2.221766 1.487229 0.758773 0.700579 0.257964 0.258558 0.590443 0.019981 -0.010426 -0.002977 0.219481 -9999.0
-9999.0 -1.462760 -1.135899 -0.416071 -0.899107 -2.777543 -2.782610 -4.723207 -6.512164 -6.622523 -3.761803 -1.477892 -0.010258 -0.007115 -0.108183 -2.678844 -3.990535 -3.483723 -0.702664 -0.029075 -0.013636 1.085428 1.864106 0.714986 1.135510 1.929720 4.787929 4.070578 3.555793 5.340832 5.783477 5.460974 4.136868 5.022887 5.474416 7.864862 8.915689 9.960973 10.069945 9.188784 8.401936 7.515839 6.409349 7.183998 7.279421 7.015928 5.039105 4.853654 4.366939 3.714208 2.124477 1.205838 0.347112 1.015570 0.250876 -0.034217 -0.045882 -0.050720 -0.028648 -0.132835 -0.025412 -9999.0 -9999.0
