erum2020/resources/simulation/Vinschgau/output-maps/TL0005N0991.asc
ncols         63
nrows         48
xllcorner     598000.000000
yllcorner     5145000.000000
cellsize      1000.000000
NODATA_value  -9999.0
[rows 0 to 27 of 48, columns 0 to 62 of 63]
-9999.0 -9999.0 -9999.0 -9999.0 -9999.0 -9999.0 -9999.0 -9999.0 -9999.0 -9999.0 -9999.0 -9999.0 -9999.0 -9999.0 -9999.0 -9999.0 -9999.0 -9999.0 -9999.0 -9999.0 -9999.0 -9999.0 -9999.0 -9999.0 -9999.0 -9999.0 -9999.0 -9999.0 -9999.0 -9999.0 -9999.0 -9999.0 -9999.0 -9999.0 -9999.0 -9999.0 -9999.0 -9999.0 -9999.0 -9999.0 -9999.0 -9999.0 -9999.0 -9999.0 -9999.0 -9999.0 -9999.0 -9999.0 -9999.0 -9999.0 -9999.0 -9999.0 -9999.0 -9999.0 -9999.0 -9999.0 -9999.0 -9999.0 -9999.0 -9999.0 -9999.0 -9999.0 -9999.0
-9999.0 -9999.0 -9999.0 -9999.0 -9999.0 -9999.0 -9999.0 -9999.0 -9999.0 -9999.0 -9999.0 -9999.0 -9999.0 -9999.0 -9999.0 -9999.0 -9999.0 -9999.0 -9999.0 -9999.0 -9999.0 -9999.0 -9999.0 -9999.0 -9999.0 -9999.0 -9999.0 -2.575654 -3.026915 -2.691431 -3.508921 -3.030299 -3.569308 -9999.0 -9999.0 -9999.0 -9999.0 -9999.0 -9999.0 -9999.0 -9999.0 -9999.0 -9999.0 -9999.0 -9999.0 -9999.0 -9999.0 -9999.0 -9999.0 -9999.0 -9999.0 -9999.0 -9999.0 -9999.0 -9999.0 -9999.0 -9999.0 -9999.0 -9999.0 -9999.0 -9999.0 -9999.0 -9999.0
-9999.0 -9999.0 -9999.0 -9999.0 -9999.0 -9999.0 -9999.0 -9999.0 -9999.0 -9999.0 -9999.0 -9999.0 -9999.0 -9999.0 -9999.0 -9999.0 -9999.0 -9999.0 -9999.0 -9999.0 -9999.0 -9999.0 -9999.0 -9999.0 -1.334479 -0.997554 -0.772395 -1.037448 -2.023757 -2.151872 -2.932174 -9999.0 -9999.0 -9999.0 -9999.0 -9999.0 -9999.0 -9999.0 -9999.0 -9999.0 -9999.0 -9999.0 -9999.0 -9999.0 -9999.0 -9999.0 -9999.0 -9999.0 -9999.0 -9999.0 -9999.0 -9999.0 -9999.0 -9999.0 -9999.0 -9999.0 -9999.0 -9999.0 -9999.0 -9999.0 -9999.0 -9999.0 -9999.0
-9999.0 -9999.0 -9999.0 -9999.0 -9999.0 -9999.0 -9999.0 -9999.0 -9999.0 -9999.0 -9999.0 -9999.0 -9999.0 -9999.0 -9999.0 -9999.0 -9999.0 -9999.0 -9999.0 -9999.0 -9999.0 -9999.0 -9999.0 -0.844774 -0.356139 0.739439 1.260300 1.830853 0.869194 -0.700756 -3.367179 -3.616586 -9999.0 -9999.0 -9999.0 -9999.0 -9999.0 -9999.0 -9999.0 -9999.0 -9999.0 -9999.0 -9999.0 -9999.0 -9999.0 -9999.0 -9999.0 -9999.0 -9999.0 -9999.0 -9999.0 -9999.0 -9999.0 -9999.0 -9999.0 -9999.0 -9999.0 -9999.0 -9999.0 -9999.0 -9999.0 -9999.0 -9999.0
-9999.0 -9999.0 -9999.0 -9999.0 -9999.0 -9999.0 -9999.0 -9999.0 -9999.0 -9999.0 -9999.0 -9999.0 -9999.0 -9999.0 -9999.0 -9999.0 -9999.0 -9999.0 1.238046 -0.458032 -9999.0 -0.613027 -0.377315 -0.009280 0.879961 1.987609 -0.003730 -0.003244 0.161613 -0.012032 -0.936225 -3.291989 -3.232393 -4.114503 -9999.0 -9999.0 -9999.0 -9999.0 -9999.0 -9999.0 -9999.0 -9999.0 -9999.0 -9999.0 -9999.0 -9999.0 -9999.0 -9999.0 -9999.0 -9999.0 -9999.0 -9999.0 -9999.0 -9999.0 -9999.0 -9999.0 -9999.0 -9999.0 -9999.0 -9999.0 -9999.0 -9999.0 -9999.0
-9999.0 -9999.0 -9999.0 -9999.0 -9999.0 -9999.0 -9999.0 -9999.0 -9999.0 -9999.0 -9999.0 -9999.0 -9999.0 -9999.0 -9999.0 -9999.0 -9999.0 4.484422 3.024657 2.029009 -0.425011 -0.041488 -0.011000 -0.006524 -0.003227 -0.004141 -0.192916 -0.025218 -0.278354 -0.003332 -0.359436 -0.852046 -2.010276 -2.549215 -3.655521 -4.370423 -9999.0 -9999.0 -9999.0 -9999.0 -9999.0 -9999.0 -9999.0 -9999.0 -9999.0 -9999.0 -9999.0 -9999.0 -9999.0 -9999.0 -9999.0 -9999.0 -9999.0 -9999.0 -9999.0 -9999.0 -9999.0 -9999.0 -9999.0 -9999.0 -9999.0 -9999.0 -9999.0
-9999.0 -9999.0 -9999.0 -9999.0 -9999.0 -9999.0 -9999.0 -9999.0 -9999.0 -9999.0 -9999.0 -9999.0 -9999.0 -0.287307 -0.004048 2.471392 4.028715 6.673960 4.100483 1.158203 0.783441 -0.004495 1.044521 -0.003134 -0.004833 -0.381868 -1.517345 -2.319971 -0.726717 -0.034270 -1.581099 -1.651353 -1.515021 -3.201356 -2.762852 -4.545680 -9999.0 -9999.0 -9999.0 -9999.0 -9999.0 -9999.0 -9999.0 -9999.0 -9999.0 -9999.0 -9999.0 -9999.0 -9999.0 -9999.0 -9999.0 -9999.0 -9999.0 -9999.0 -9999.0 -9999.0 -9999.0 -9999.0 -9999.0 -9999.0 -9999.0 -9999.0 -9999.0
-9999.0 -9999.0 -9999.0 -9999.0 -9999.0 -9999.0 -9999.0 -9999.0 -9999.0 -9999.0 -9999.0 -9999.0 -9999.0 -0.031444 1.890872 3.261146 3.300058 5.087371 6.744804 2.219194 3.148748 2.136891 1.341504 0.128110 -0.031901 -0.187249 -1.736381 -2.806647 -2.859040 -1.027138 -0.458687 -2.755612 -3.176877 -7.718503 -4.009046 -9999.0 -9999.0 -9999.0 -9999.0 -9999.0 -9999.0 -9999.0 -9999.0 -9999.0 -9999.0 -9999.0 -9999.0 -9999.0 -9999.0 -9999.0 -9999.0 -9999.0 -9999.0 -9999.0 -9999.0 -9999.0 -9999.0 -9999.0 -9999.0 -9999.0 -9999.0 -9999.0 -9999.0
-9999.0 -9999.0 -9999.0 -9999.0 -9999.0 -9999.0 -9999.0 -9999.0 -9999.0 -9999.0 -9999.0 -9999.0 -9999.0 1.526400 2.042794 2.698108 2.778955 3.519029 7.007433 4.024153 2.941695 0.348883 -0.008596 -0.047967 -0.003963 -0.016004 -1.438443 -3.080924 -3.219134 -6.705967 -2.889529 -8.390650 -8.624866 -11.694479 -4.918832 -9999.0 -9999.0 -9999.0 -9999.0 -9999.0 -9999.0 -9999.0 -9999.0 -9999.0 -9999.0 -9999.0 -9999.0 -9999.0 -9999.0 -9999.0 -9999.0 -9999.0 -9999.0 -9999.0 -9999.0 -9999.0 -9999.0 -9999.0 -9999.0 -9999.0 -9999.0 -9999.0 -9999.0
-9999.0 -9999.0 -9999.0 -9999.0 -9999.0 -9999.0 -9999.0 -9999.0 -9999.0 -9999.0 -9999.0 -9999.0 -0.009025 -0.007275 2.178414 -0.003424 1.035889 3.015964 5.680329 3.386317 0.333749 -0.038583 -0.192274 -0.671112 -1.537809 -1.694722 -2.889116 -2.980149 -2.745043 -3.347012 -8.314603 -3.395691 -2.594020 -4.788356 -9999.0 -9999.0 -9999.0 -9999.0 -9999.0 -9999.0 -9999.0 -9999.0 -9999.0 -9999.0 -9999.0 -9999.0 -9999.0 -9999.0 -9999.0 -9999.0 -9999.0 -9999.0 -9999.0 -9999.0 -9999.0 -9999.0 -9999.0 -9999.0 -9999.0 -9999.0 -9999.0 -9999.0 -9999.0
-9999.0 -9999.0 -9999.0 -9999.0 -9999.0 -9999.0 -9999.0 -9999.0 -9999.0 -9999.0 -9999.0 -0.584612 1.407606 1.246453 1.487796 -0.018226 2.170644 3.142857 5.533682 2.358777 1.782931 -0.002916 -0.417706 -1.347084 -1.612676 -2.602794 -2.857940 -3.080633 -2.672274 -4.379195 -3.514519 -1.708643 -2.730955 -3.940969 -3.597626 -2.543633 -3.105894 -3.119439 -3.081772 -9999.0 -9999.0 -9999.0 -4.060366 -9999.0 -9999.0 -9999.0 -9999.0 -9999.0 -9999.0 -9999.0 -9999.0 -9999.0 -9999.0 -9999.0 -9999.0 -9999.0 -9999.0 -9999.0 -9999.0 -9999.0 -9999.0 -9999.0 -9999.0
-9999.0 -9999.0 -9999.0 -9999.0 -9999.0 -9999.0 -9999.0 -9999.0 -9999.0 -9999.0 -9999.0 -0.631480 1.623499 2.990503 2.869729 -0.077292 4.642886 3.959425 5.756374 3.848777 2.940085 -0.035258 -0.451982 -2.106526 -3.059384 -2.945997 -3.026898 -2.520421 -1.666464 -4.019029 -3.127392 -2.010237 -3.057574 -3.034295 -3.400317 -3.003341 -2.088875 -0.695917 -1.515378 -3.775296 -3.699661 -4.045705 -2.739661 -3.188678 -9999.0 -9999.0 -9999.0 -4.352073 -3.773003 -3.665902 -3.167882 -4.471159 -4.625591 -4.328215 -4.202789 -4.875029 -9999.0 -9999.0 -9999.0 -9999.0 -9999.0 -9999.0 -9999.0
-9999.0 -9999.0 -9999.0 -9999.0 -9999.0 -9999.0 -9999.0 -9999.0 -9999.0 -9999.0 -9999.0 -0.749132 -0.320544 -0.217836 -0.027792 -0.027481 -0.002633 3.292489 4.418737 3.866190 1.614752 -0.007077 -0.985003 -1.251550 -3.052477 -2.165553 -1.193473 -3.149180 -2.470866 -3.248677 -2.835713 -3.652505 -2.442697 -2.896986 -3.233965 -2.311514 -2.756295 -2.288057 -0.462508 -2.746991 -2.856552 -2.957898 -2.424839 -3.017771 -3.009154 -9999.0 -4.880234 -3.010591 -2.847426 -2.680261 -1.368689 -1.582728 -3.058767 -2.790504 -3.082570 -2.768162 -9999.0 -9999.0 -9999.0 -9999.0 -9999.0 -9999.0 -9999.0
-9999.0 -9999.0 -9999.0 -9999.0 -9999.0 -9999.0 -9999.0 -9999.0 -9999.0 -9999.0 -9999.0 -9999.0 -0.673402 -0.534292 -0.039536 -0.041500 -0.005050 2.417253 5.244201 3.835622 1.470788 -0.006922 -0.343747 -1.894801 -2.500539 -1.325518 -0.830128 -2.664150 -3.413287 -3.140824 -3.227938 -3.404045 -1.464544 -3.118977 -2.643908 -2.640165 -1.122380 -2.098332 -0.030083 -1.079478 -1.164104 -1.188457 -2.736888 -0.526615 -2.848845 -3.122061 -3.911788 -2.885119 -2.457376 -0.665599 -0.156973 -3.280495 -3.132799 -3.966758 -3.641941 -3.353018 -2.726913 -9999.0 -9999.0 -9999.0 -9999.0 -9999.0 -9999.0
-9999.0 -9999.0 -9999.0 -9999.0 -9999.0 -9999.0 -9999.0 -9999.0 -9999.0 -9999.0 -9999.0 -0.934500 -0.711804 -0.644870 -1.032686 -0.018675 -0.003188 1.488516 4.588818 3.687047 1.963885 -0.003818 -0.050671 -1.236908 -1.166011 -1.862540 -1.611822 -2.901870 -3.121659 -2.284020 -1.301466 -2.556723 -1.568943 -2.919616 -3.528965 -2.869038 -2.970030 -1.142562 -0.017875 -0.231224 -0.618823 -0.043307 -1.205914 -0.652888 -0.330604 -2.856251 -2.893685 -1.841382 -1.176452 -0.104928 -3.433458 -2.708167 -5.410282 -6.059925 -6.960101 -8.165007 -3.338109 -9999.0 -9999.0 -9999.0 -9999.0 -9999.0 -9999.0
-9999.0 -9999.0 -9999.0 -9999.0 -9999.0 -9999.0 -9999.0 -9999.0 -9999.0 -9999.0 -0.723931 -0.927956 -0.493511 -0.464926 -0.087183 -0.335058 -0.388924 -0.004274 2.995179 3.312364 2.316619 0.809617 -0.497389 -0.290511 -0.084643 -1.627008 -1.854253 -4.552956 -1.103000 -0.574217 -2.008576 -2.109590 -0.570949 -2.950325 -4.736006 -2.808243 -2.368461 -0.852218 -0.136985 -0.003816 -0.004619 0.723367 2.935670 0.569225 -0.105472 -1.769905 -1.611683 -2.298517 -1.897407 -0.035044 -5.266526 -3.964120 -7.430132 -8.786421 -8.120092 -3.005354 -3.350445 -9999.0 -9999.0 -9999.0 -9999.0 -9999.0 -9999.0
-9999.0 -9999.0 -9999.0 -9999.0 -9999.0 -9999.0 -9999.0 -9999.0 -9999.0 -2.925803 -0.575707 -2.248491 -0.379193 -0.617148 -0.570397 -0.291268 -0.145437 -0.016330 2.703101 3.552518 2.638834 -0.007124 -0.008212 -0.004124 -0.005052 -1.401308 -2.688686 -0.549484 -0.916972 -0.213221 -0.004883 -1.592577 -2.613661 -7.669809 -3.806196 -2.831010 -2.266032 -1.389370 -1.040753 -0.616732 -0.204033 -0.256369 -0.398010 1.324719 0.604853 -0.130475 -0.110500 -0.732815 -0.716768 -0.003949 -1.768724 -3.450261 -9.718337 -5.843485 -4.609527 -5.351120 -4.524060 -3.023457 -4.196641 -9999.0 -9999.0 -9999.0 -9999.0
-9999.0 -9999.0 -9999.0 -9999.0 -9999.0 -9999.0 -9999.0 -9999.0 -9999.0 -3.216672 -2.952528 -0.533771 -0.047033 -0.021752 -0.189015 -0.649538 -0.115567 -0.003354 3.369889 3.592478 3.214134 2.566158 1.212135 -0.020921 -1.015263 -1.547547 -0.517993 -0.038851 -0.003207 -0.019485 -0.088035 -1.973664 -2.882455 -2.819222 -2.957185 -2.807010 -2.357634 -1.427714 -2.631434 -1.430479 -0.473436 -1.828701 -0.580068 -0.002913 1.872662 1.369664 1.017486 -0.005490 -0.023763 -0.004081 -2.839078 -5.585315 -5.700196 -4.934436 -3.625958 -6.380010 -4.293160 -3.603688 -2.174087 -9999.0 -9999.0 -9999.0 -9999.0
-9999.0 -9999.0 -9999.0 -9999.0 -9999.0 -9999.0 -9999.0 -9999.0 -9999.0 -9999.0 -2.782305 -1.821540 -0.170969 -0.412657 -0.008984 -0.146383 -0.028331 0.859074 4.291748 3.429465 3.260845 2.026120 -0.004448 -0.154382 -1.208353 -0.104475 -0.004385 -0.001166 -0.084873 -1.541043 -1.884513 -2.986689 -3.907997 -3.035591 -2.461076 -1.197050 -0.550733 -0.378729 -2.352319 -3.184454 -2.698140 -0.502036 -0.180072 -0.123335 -0.005420 -0.003804 0.795112 1.768516 1.685610 -0.005339 -1.791407 -4.053997 -4.711329 -5.616334 -5.129712 -3.116530 -2.599575 -1.844630 -1.530305 -0.068018 -9999.0 -9999.0 -9999.0
-9999.0 -9999.0 -9999.0 -9999.0 -9999.0 -9999.0 -9999.0 -9999.0 -9999.0 -9999.0 -3.080596 -2.663644 -0.622498 -0.076295 -0.002369 -0.005313 -0.004629 1.889713 4.667538 4.660064 2.898545 0.656747 -0.006654 -0.224881 -0.104947 -0.003052 0.996273 -0.008109 -1.226543 -3.609152 -2.624526 -1.990164 -4.655992 -2.928806 -2.603303 -1.232549 -1.756091 -1.645431 -1.920431 -2.977423 -3.006711 -1.294744 -2.689554 -0.797852 -0.216820 -0.212624 -0.031787 -0.005420 2.171820 1.365723 -0.022846 -2.096088 -4.307226 -4.273912 -6.242701 -5.438614 -3.235440 -0.853511 1.210131 1.316563 -9999.0 -9999.0 -9999.0
-9999.0 -9999.0 -9999.0 -9999.0 -9999.0 -9999.0 -9999.0 -9999.0 -2.465227 -3.191636 -2.939431 -2.358109 -2.873905 -0.676666 -0.056312 1.132740 2.247741 3.434682 4.166538 5.147581 4.667359 3.456333 2.241494 0.217896 -0.004019 1.506172 -0.002436 -0.749922 -1.593439 -3.602196 -7.230537 -3.137808 -3.063716 -3.122570 -2.939525 -1.698596 -0.254295 -0.464550 -2.474707 -2.815592 -2.727817 -0.748182 -3.539542 -2.569101 -1.054901 -0.607072 -2.298097 -0.639415 -0.005554 1.560246 -0.009301 -0.652186 -4.425194 -6.010687 -5.044024 -2.896302 -2.791570 -0.331779 -0.003797 3.321620 -9999.0 -9999.0 -9999.0
-9999.0 -9999.0 -9999.0 -9999.0 -9999.0 -9999.0 -9999.0 -9999.0 -3.200904 -1.144783 -2.886010 -3.006546 -1.965290 -2.281500 -0.868144 -0.003743 1.206456 1.888420 5.075411 5.689081 6.268209 5.036380 3.989033 2.842493 2.684272 2.596649 0.470340 -0.717752 -4.691906 -3.455707 -2.831522 -2.457269 -2.824974 -2.627017 -2.445719 -0.686342 -0.152062 -0.327576 -0.952055 -1.088792 -3.144772 -6.091828 -2.468950 -0.915649 -1.029119 -0.814486 -4.002512 -1.377813 -0.716263 1.179754 1.134947 -0.363503 -4.602339 -2.992277 -1.752465 -2.510829 -1.138095 -0.050608 1.875932 4.301998 5.615391 -9999.0 -9999.0
-9999.0 -9999.0 -9999.0 -9999.0 -9999.0 -9999.0 -9999.0 -9999.0 -2.705322 -1.596109 -2.391775 -3.705166 -2.384436 -3.298179 -0.778956 -0.723134 -0.005813 1.473629 4.971294 6.243116 6.160286 5.843487 5.352660 4.397299 3.769089 2.539699 -0.003361 -1.176505 -5.278578 -3.082542 -2.074470 -0.472053 -2.036912 -1.571745 -0.416422 -0.376746 -0.029895 1.245833 -0.023042 -2.331634 -2.432933 -1.946888 -1.405212 -1.699409 -1.420701 -2.447299 -2.809302 -2.961578 -2.334338 -0.003747 2.157786 -0.006336 -3.548162 -4.406953 -1.559600 -0.600862 -0.001124 1.766620 3.936199 4.558121 4.932730 -9999.0 -9999.0
-9999.0 -9999.0 -9999.0 -9999.0 -9999.0 -9999.0 -9999.0 -9999.0 -3.730530 -1.111738 -1.712284 -4.967899 -1.635556 -1.521797 -0.215762 -0.003963 3.534058 4.759267 3.917749 5.270792 5.539363 5.926525 5.665847 5.329689 3.084084 0.570903 -0.060841 -1.920310 -0.613013 -2.281760 -0.717808 -0.929724 -0.039788 -0.516317 -0.662733 -0.414921 -0.013676 3.238409 0.255622 -0.087295 -0.623041 -0.514753 -0.547345 -1.051334 -1.618213 -1.871733 -1.105795 -2.240970 -1.536006 -0.949344 -0.003399 1.747992 -0.004252 -0.911619 -0.005874 0.986972 2.547517 3.929732 4.889086 4.703410 3.792046 2.056017 -9999.0
-9999.0 -9999.0 -9999.0 -9999.0 -9999.0 -9999.0 -9999.0 -9999.0 -3.732501 -2.532459 -2.428157 -1.504970 -0.342544 -0.194700 -0.017982 1.404938 2.349097 1.905528 0.345773 2.283983 4.270281 5.249482 5.562863 5.264953 2.914888 -0.005366 -1.030815 -0.108097 -0.010673 -0.460660 -0.204334 -0.008439 1.332302 -0.001566 -0.004789 -0.003245 1.662557 5.416351 4.910557 1.230213 -0.004278 -0.019518 -0.085039 -0.032370 -0.824463 -0.344745 -0.774145 -1.339201 -0.612033 -0.005259 0.705098 1.172382 1.507021 1.092498 1.592580 1.885780 2.688920 3.496793 4.102624 3.773583 3.417621 1.484479 -9999.0
-9999.0 -9999.0 -2.628905 -2.501551 -3.641311 -1.735354 -3.284907 -2.620618 -3.441904 -2.999426 -1.143717 -0.217881 -0.143495 -0.107538 1.297147 0.927672 -0.005223 -1.165750 -0.472067 -0.004053 2.164884 4.840073 4.232859 5.757248 3.329894 1.452170 -0.005201 -0.004636 1.584437 0.011661 -0.004003 -0.004451 3.051305 2.498822 2.812376 3.946100 5.138749 7.736094 6.727591 3.980502 2.865986 2.823980 3.097816 1.577841 -0.004253 -0.005096 0.773384 1.024839 1.567845 2.520532 3.221166 3.005247 2.416709 1.962088 1.866185 3.529540 2.490722 2.880801 2.501521 2.696619 1.937871 0.746837 -9999.0
-9999.0 -0.593165 -0.704626 -0.965116 -1.586008 -0.660705 -2.773329 -3.133639 -4.088959 -3.501554 -2.327031 -0.798695 -0.020111 -0.033241 -0.003574 -0.237093 -1.233153 -2.073700 -0.878091 -0.003913 1.884183 3.603437 3.604351 3.948816 4.529850 3.004437 2.621029 2.865571 3.135102 2.093119 1.933849 1.954770 3.383687 5.284921 5.708713 6.854047 9.007856 10.748746 8.482689 6.950906 6.277790 6.044617 5.288751 4.187747 2.916156 3.219841 3.314285 5.366654 4.801407 5.277019 3.768042 3.007054 2.260892 1.520706 1.445196 1.006611 0.482249 0.821371 0.727812 -0.003574 -0.003297 0.543066 -9999.0
-9999.0 -0.434582 -1.385392 -0.234643 -0.104566 -0.770295 -2.458811 -3.621534 -3.617662 -3.006849 -2.833604 -1.179621 -0.004203 -0.003313 -0.135991 -3.584396 -2.957307 -2.395220 -0.780669 -0.035728 -0.002305 1.406836 2.292562 1.904283 4.019876 4.949935 5.090960 5.155545 4.465232 5.901232 6.141009 5.875765 5.116738 5.996343 7.722950 8.897047 12.026129 13.151444 11.528813 10.779048 9.837934 8.642843 7.915210 7.584159 7.584205 7.399007 6.029230 5.761057 5.220468 4.542038 2.946594 1.479661 0.583549 1.237011 0.459365 -0.025872 -0.214316 -0.065853 -0.034573 -0.121333 -0.018257 -9999.0 -9999.0
