erum2020/resources/simulation/Vinschgau/output-maps/TL0001N1188.asc
ncols         63
nrows         48
xllcorner     598000.000000
yllcorner     5145000.000000
cellsize      1000.000000
NODATA_value  -9999.0
[rows 0 to 27 of 48, columns 0 to 62 of 63]
-9999.0 -9999.0 -9999.0 -9999.0 -9999.0 -9999.0 -9999.0 -9999.0 -9999.0 -9999.0 -9999.0 -9999.0 -9999.0 -9999.0 -9999.0 -9999.0 -9999.0 -9999.0 -9999.0 -9999.0 -9999.0 -9999.0 -9999.0 -9999.0 -9999.0 -9999.0 -9999.0 -9999.0 -9999.0 -9999.0 -9999.0 -9999.0 -9999.0 -9999.0 -9999.0 -9999.0 -9999.0 -9999.0 -9999.0 -9999.0 -9999.0 -9999.0 -9999.0 -9999.0 -9999.0 -9999.0 -9999.0 -9999.0 -9999.0 -9999.0 -9999.0 -9999.0 -9999.0 -9999.0 -9999.0 -9999.0 -9999.0 -9999.0 -9999.0 -9999.0 -9999.0 -9999.0 -9999.0
-9999.0 -9999.0 -9999.0 -9999.0 -9999.0 -9999.0 -9999.0 -9999.0 -9999.0 -9999.0 -9999.0 -9999.0 -9999.0 -9999.0 -9999.0 -9999.0 -9999.0 -9999.0 -9999.0 -9999.0 -9999.0 -9999.0 -9999.0 -9999.0 -9999.0 -9999.0 -9999.0 0.282361 0.053788 0.655531 -0.067607 -0.113743 -0.540115 -9999.0 -9999.0 -9999.0 -9999.0 -9999.0 -9999.0 -9999.0 -9999.0 -9999.0 -9999.0 -9999.0 -9999.0 -9999.0 -9999.0 -9999.0 -9999.0 -9999.0 -9999.0 -9999.0 -9999.0 -9999.0 -9999.0 -9999.0 -9999.0 -9999.0 -9999.0 -9999.0 -9999.0 -9999.0 -9999.0
-9999.0 -9999.0 -9999.0 -9999.0 -9999.0 -9999.0 -9999.0 -9999.0 -9999.0 -9999.0 -9999.0 -9999.0 -9999.0 -9999.0 -9999.0 -9999.0 -9999.0 -9999.0 -9999.0 -9999.0 -9999.0 -9999.0 -9999.0 -9999.0 0.291391 0.371655 0.542239 0.279985 0.591737 0.445013 -0.091964 -9999.0 -9999.0 -9999.0 -9999.0 -9999.0 -9999.0 -9999.0 -9999.0 -9999.0 -9999.0 -9999.0 -9999.0 -9999.0 -9999.0 -9999.0 -9999.0 -9999.0 -9999.0 -9999.0 -9999.0 -9999.0 -9999.0 -9999.0 -9999.0 -9999.0 -9999.0 -9999.0 -9999.0 -9999.0 -9999.0 -9999.0 -9999.0
-9999.0 -9999.0 -9999.0 -9999.0 -9999.0 -9999.0 -9999.0 -9999.0 -9999.0 -9999.0 -9999.0 -9999.0 -9999.0 -9999.0 -9999.0 -9999.0 -9999.0 -9999.0 -9999.0 -9999.0 -9999.0 -9999.0 -9999.0 0.427565 1.076093 3.055045 3.376602 3.503636 3.551010 0.588360 -0.075542 -0.135886 -9999.0 -9999.0 -9999.0 -9999.0 -9999.0 -9999.0 -9999.0 -9999.0 -9999.0 -9999.0 -9999.0 -9999.0 -9999.0 -9999.0 -9999.0 -9999.0 -9999.0 -9999.0 -9999.0 -9999.0 -9999.0 -9999.0 -9999.0 -9999.0 -9999.0 -9999.0 -9999.0 -9999.0 -9999.0 -9999.0 -9999.0
-9999.0 -9999.0 -9999.0 -9999.0 -9999.0 -9999.0 -9999.0 -9999.0 -9999.0 -9999.0 -9999.0 -9999.0 -9999.0 -9999.0 -9999.0 -9999.0 -9999.0 -9999.0 4.537403 0.912372 -9999.0 0.633117 1.077370 2.832014 2.914071 3.767073 3.160365 3.307035 1.954538 0.320823 0.389731 -0.051589 -0.205906 -0.430154 -9999.0 -9999.0 -9999.0 -9999.0 -9999.0 -9999.0 -9999.0 -9999.0 -9999.0 -9999.0 -9999.0 -9999.0 -9999.0 -9999.0 -9999.0 -9999.0 -9999.0 -9999.0 -9999.0 -9999.0 -9999.0 -9999.0 -9999.0 -9999.0 -9999.0 -9999.0 -9999.0 -9999.0 -9999.0
-9999.0 -9999.0 -9999.0 -9999.0 -9999.0 -9999.0 -9999.0 -9999.0 -9999.0 -9999.0 -9999.0 -9999.0 -9999.0 -9999.0 -9999.0 -9999.0 -9999.0 5.061681 3.710886 3.963155 2.859617 0.017632 0.662206 2.423145 3.702375 -0.005794 -0.063971 0.196567 -0.031963 1.671091 1.420749 0.463159 0.963564 0.141024 -0.277346 -0.314101 -9999.0 -9999.0 -9999.0 -9999.0 -9999.0 -9999.0 -9999.0 -9999.0 -9999.0 -9999.0 -9999.0 -9999.0 -9999.0 -9999.0 -9999.0 -9999.0 -9999.0 -9999.0 -9999.0 -9999.0 -9999.0 -9999.0 -9999.0 -9999.0 -9999.0 -9999.0 -9999.0
-9999.0 -9999.0 -9999.0 -9999.0 -9999.0 -9999.0 -9999.0 -9999.0 -9999.0 -9999.0 -9999.0 -9999.0 -9999.0 2.920291 2.233687 3.392668 4.730078 9.853327 4.803084 3.374763 3.167245 2.612736 3.571631 3.662428 -0.015896 1.020253 -0.061646 -0.015542 -0.020359 -0.004258 -0.631106 0.745489 0.147675 -0.048669 0.014204 -0.388808 -9999.0 -9999.0 -9999.0 -9999.0 -9999.0 -9999.0 -9999.0 -9999.0 -9999.0 -9999.0 -9999.0 -9999.0 -9999.0 -9999.0 -9999.0 -9999.0 -9999.0 -9999.0 -9999.0 -9999.0 -9999.0 -9999.0 -9999.0 -9999.0 -9999.0 -9999.0 -9999.0
-9999.0 -9999.0 -9999.0 -9999.0 -9999.0 -9999.0 -9999.0 -9999.0 -9999.0 -9999.0 -9999.0 -9999.0 -9999.0 3.712530 4.316410 4.107122 3.928198 9.202513 9.881963 5.076264 3.979460 6.019226 2.622128 1.119276 1.550276 0.131211 0.031195 0.454250 0.015778 -0.047859 -1.015228 -0.036663 -0.121832 -5.349510 -0.301706 -9999.0 -9999.0 -9999.0 -9999.0 -9999.0 -9999.0 -9999.0 -9999.0 -9999.0 -9999.0 -9999.0 -9999.0 -9999.0 -9999.0 -9999.0 -9999.0 -9999.0 -9999.0 -9999.0 -9999.0 -9999.0 -9999.0 -9999.0 -9999.0 -9999.0 -9999.0 -9999.0 -9999.0
-9999.0 -9999.0 -9999.0 -9999.0 -9999.0 -9999.0 -9999.0 -9999.0 -9999.0 -9999.0 -9999.0 -9999.0 -9999.0 4.397662 3.997825 5.570895 3.765943 4.418254 10.311310 4.770372 6.743850 2.775796 0.016408 -0.029630 1.566429 0.836326 1.492022 -0.087156 -0.135377 -0.300051 -0.098670 -5.016940 -5.554835 -7.014049 -0.305183 -9999.0 -9999.0 -9999.0 -9999.0 -9999.0 -9999.0 -9999.0 -9999.0 -9999.0 -9999.0 -9999.0 -9999.0 -9999.0 -9999.0 -9999.0 -9999.0 -9999.0 -9999.0 -9999.0 -9999.0 -9999.0 -9999.0 -9999.0 -9999.0 -9999.0 -9999.0 -9999.0 -9999.0
-9999.0 -9999.0 -9999.0 -9999.0 -9999.0 -9999.0 -9999.0 -9999.0 -9999.0 -9999.0 -9999.0 -9999.0 3.186757 3.481746 5.229437 3.416272 2.338809 3.990223 10.110225 5.510412 3.402341 -0.010855 -0.004084 -0.014214 -0.806010 0.029257 -2.041738 -0.104716 -0.000173 -0.170471 -5.055840 -0.205968 -0.160638 -0.621019 -9999.0 -9999.0 -9999.0 -9999.0 -9999.0 -9999.0 -9999.0 -9999.0 -9999.0 -9999.0 -9999.0 -9999.0 -9999.0 -9999.0 -9999.0 -9999.0 -9999.0 -9999.0 -9999.0 -9999.0 -9999.0 -9999.0 -9999.0 -9999.0 -9999.0 -9999.0 -9999.0 -9999.0 -9999.0
-9999.0 -9999.0 -9999.0 -9999.0 -9999.0 -9999.0 -9999.0 -9999.0 -9999.0 -9999.0 -9999.0 2.862169 4.615110 2.212940 4.695039 5.167175 4.895861 4.349616 9.626334 7.120036 2.704296 2.246549 0.979750 0.230107 0.130515 0.243986 -0.123993 0.001994 -0.203932 -0.377932 -0.189972 0.187811 -0.014452 -0.238951 -0.213336 0.100223 -0.109122 0.001712 0.072183 -9999.0 -9999.0 -9999.0 -0.213948 -9999.0 -9999.0 -9999.0 -9999.0 -9999.0 -9999.0 -9999.0 -9999.0 -9999.0 -9999.0 -9999.0 -9999.0 -9999.0 -9999.0 -9999.0 -9999.0 -9999.0 -9999.0 -9999.0 -9999.0
-9999.0 -9999.0 -9999.0 -9999.0 -9999.0 -9999.0 -9999.0 -9999.0 -9999.0 -9999.0 -9999.0 2.172231 4.378017 5.899569 5.549165 4.633628 7.032456 4.846251 10.026123 7.305577 6.436369 2.975478 0.880965 -1.960509 -0.813010 0.039208 -0.027351 0.285101 0.680971 -0.269369 -0.011495 0.265763 -0.148980 -0.194852 -0.199230 -0.007792 0.652604 0.639043 0.002234 -0.236887 -0.227920 -0.107006 -0.037733 -0.166278 -9999.0 -9999.0 -9999.0 -0.313178 -0.255687 -0.318786 -0.224435 -0.746508 -0.790013 -0.631820 -0.697324 -0.775545 -9999.0 -9999.0 -9999.0 -9999.0 -9999.0 -9999.0 -9999.0
-9999.0 -9999.0 -9999.0 -9999.0 -9999.0 -9999.0 -9999.0 -9999.0 -9999.0 -9999.0 -9999.0 1.775744 2.743475 0.845393 4.655991 5.465842 2.089713 3.958787 8.651031 7.249382 2.337976 -0.004736 -0.380108 0.281349 0.040341 0.377192 -0.930018 -2.531444 0.101355 -0.209553 0.009335 -2.977266 0.255830 -0.191995 -0.140672 0.429310 -1.450692 -1.830398 1.485976 -0.026377 0.079764 -0.097960 0.228379 -0.008369 -0.207333 -9999.0 -0.515107 -0.195311 -0.068675 0.143142 0.299484 0.833127 0.002039 -0.092692 -0.099908 -0.182385 -9999.0 -9999.0 -9999.0 -9999.0 -9999.0 -9999.0 -9999.0
-9999.0 -9999.0 -9999.0 -9999.0 -9999.0 -9999.0 -9999.0 -9999.0 -9999.0 -9999.0 -9999.0 -9999.0 2.334122 -0.004910 3.482411 3.969329 0.794708 2.991065 9.195465 7.111797 2.255489 0.421597 -0.126663 -1.212666 -1.843843 -0.665915 0.558223 0.302878 -0.072177 -0.124853 -0.029169 -0.894847 0.426220 -0.099883 -0.133672 0.060913 -0.594673 -1.668769 2.825023 0.397489 1.047175 1.386583 -0.319835 0.558786 -0.080070 -0.217743 -0.343237 -0.178717 -1.884960 -0.717824 -0.048854 -2.659187 -2.740332 -3.291603 -3.531293 -0.082367 -0.171198 -9999.0 -9999.0 -9999.0 -9999.0 -9999.0 -9999.0
-9999.0 -9999.0 -9999.0 -9999.0 -9999.0 -9999.0 -9999.0 -9999.0 -9999.0 -9999.0 -9999.0 -1.096929 1.038976 3.421216 -0.009905 0.079134 1.323825 2.294967 8.635094 4.233381 2.549417 0.570190 -0.004523 -0.591948 -0.678189 -1.506960 -0.810449 -0.084147 -0.106745 0.441175 -0.849377 -1.963782 0.838820 -0.097669 -0.198484 -0.032897 0.101656 -0.258439 0.062360 2.460699 -0.112185 -0.008274 -0.222211 -0.042110 0.967010 -0.079354 0.028768 0.476057 1.288965 -0.023265 -2.309655 -0.064051 -4.466692 -4.636601 -4.668930 -5.232705 -0.234033 -9999.0 -9999.0 -9999.0 -9999.0 -9999.0 -9999.0
-9999.0 -9999.0 -9999.0 -9999.0 -9999.0 -9999.0 -9999.0 -9999.0 -9999.0 -9999.0 0.796971 -0.040078 0.930870 1.172148 2.587472 -0.004280 -0.004335 -0.012664 3.409319 3.886490 5.032535 3.293949 -0.462219 1.456096 -0.073383 -1.246959 -1.613837 -3.256903 0.397696 0.721962 -1.406009 -1.502004 0.624315 -0.102915 -0.323872 0.017501 0.522835 -0.544248 -0.278333 0.380713 0.463597 1.537494 5.513318 0.796934 -0.026308 0.453734 0.135938 -0.331559 -1.238723 -0.011501 -4.589612 -0.365239 -5.066835 -5.969143 -6.394816 -0.093311 -0.098231 -9999.0 -9999.0 -9999.0 -9999.0 -9999.0 -9999.0
-9999.0 -9999.0 -9999.0 -9999.0 -9999.0 -9999.0 -9999.0 -9999.0 -9999.0 0.110096 0.807949 -0.025131 -0.010156 -0.126335 -0.581438 -0.130518 -0.033180 3.559534 3.333721 3.943307 5.505224 0.718401 0.088591 0.668967 -0.004162 -1.213216 -1.813616 0.735950 -0.029399 -0.008443 0.073734 -1.417314 0.069184 -0.304939 -0.098006 0.003630 0.446373 -0.717283 -0.723309 -0.191227 -0.635979 -0.336385 -0.361777 1.463548 0.841730 -0.026582 2.161727 -0.217941 -0.201204 0.140686 -2.016056 -0.288327 -6.252254 -1.367670 -0.702632 -4.122822 -3.782991 -0.143793 -0.537752 -9999.0 -9999.0 -9999.0 -9999.0
-9999.0 -9999.0 -9999.0 -9999.0 -9999.0 -9999.0 -9999.0 -9999.0 -9999.0 0.030672 0.074987 0.853301 2.378681 -0.005439 -0.038660 -0.144530 2.033106 0.736673 3.910272 6.775144 6.281988 5.928462 3.623734 1.934128 -0.824968 -0.835429 -0.170478 -0.010056 0.610714 2.053801 1.051840 -1.790780 0.062306 -0.173707 -0.068673 -0.019780 0.236223 1.271086 0.050554 1.023954 -0.633118 -1.010048 -0.064954 0.881363 2.513476 2.188033 1.847547 0.533508 -0.005595 0.273720 -2.677961 -4.296877 -1.851369 -1.924564 -0.323416 -5.103874 -3.423529 -3.072872 0.143566 -9999.0 -9999.0 -9999.0 -9999.0
-9999.0 -9999.0 -9999.0 -9999.0 -9999.0 -9999.0 -9999.0 -9999.0 -9999.0 -9999.0 -0.031158 0.838054 -0.013195 -0.561189 -0.004572 -0.032182 -0.007245 1.824478 4.697858 5.045138 6.330080 2.549385 -0.028573 -0.242367 -0.558637 -0.024735 0.261367 1.101739 1.058528 -1.342786 -1.681693 -2.371656 -2.583683 -0.103637 0.140844 0.732824 0.656401 0.725916 0.201404 -0.005425 -0.043926 0.701853 1.612301 -0.024116 -0.015868 -0.007505 1.508712 3.990613 3.058534 0.254013 -1.634728 -3.671314 -0.927527 -2.024832 -2.095312 -0.197162 0.009557 -1.219733 -0.957038 -0.020335 -9999.0 -9999.0 -9999.0
-9999.0 -9999.0 -9999.0 -9999.0 -9999.0 -9999.0 -9999.0 -9999.0 -9999.0 -9999.0 -0.071896 0.194103 0.650502 -0.005745 2.913526 -0.008543 -0.015222 2.436224 5.120055 5.807031 3.218253 1.314395 -0.035472 -0.036208 -0.026895 0.675058 1.784367 -0.007344 -1.038398 -2.306177 -0.014575 0.359681 -3.438195 -0.174417 -0.000995 1.024308 -1.163984 -0.523473 -1.996194 -0.105886 0.019719 2.161875 -0.921391 0.622530 0.951138 -0.303934 -0.006855 -0.012762 2.888239 2.271276 -0.003751 -1.822744 -3.022519 -0.551363 -3.042216 -2.002460 -0.205322 -0.271987 0.873642 1.980682 -9999.0 -9999.0 -9999.0
-9999.0 -9999.0 -9999.0 -9999.0 -9999.0 -9999.0 -9999.0 -9999.0 0.102917 -0.046307 -0.118352 0.209396 -2.257119 -0.116659 -0.043216 1.444359 2.748745 6.821684 6.028281 6.235236 4.949711 3.845284 2.933006 1.155450 0.477333 1.750379 3.024674 -0.574083 -2.417684 -2.223570 -1.635020 -0.005675 -0.011693 -0.135886 0.035749 0.081140 2.283871 -0.027680 -2.289107 -0.009859 0.611747 0.704382 -2.251401 0.198401 1.783150 1.058620 -2.105898 -0.081491 -0.007885 2.395438 0.448080 -2.189596 -3.992332 -4.744921 -1.551844 -0.153679 -0.066660 1.060564 0.697891 4.196124 -9999.0 -9999.0 -9999.0
-9999.0 -9999.0 -9999.0 -9999.0 -9999.0 -9999.0 -9999.0 -9999.0 -2.559774 -1.336264 -1.971856 -0.099549 0.097671 -1.677074 -0.677012 -0.007608 1.749326 2.338400 5.358437 6.784784 9.989829 8.802356 8.050052 7.023812 3.200248 3.162178 0.661667 -0.083056 -3.670578 -0.102444 -0.172460 0.102379 0.122764 0.224436 0.318648 0.538112 3.391088 0.178854 -0.058807 0.376001 -0.017264 -3.983862 0.387752 0.538856 0.460374 -0.703355 -2.702960 0.235063 -0.027685 1.313085 1.853266 -0.038040 -4.302805 -0.208119 0.003306 -2.186783 -0.349802 -0.005501 2.642767 5.441693 6.671347 -9999.0 -9999.0
-9999.0 -9999.0 -9999.0 -9999.0 -9999.0 -9999.0 -9999.0 -9999.0 -0.006168 0.097421 -0.058395 -2.545774 0.064697 -2.057161 -0.228467 -0.565971 0.078684 3.105266 5.284293 9.803894 7.236056 9.273770 9.196445 5.783382 6.868918 3.057528 0.165441 -0.991004 -3.165022 -0.012628 0.338623 0.683986 -1.745631 -1.053856 0.957608 2.753557 -0.004343 1.482323 -0.038985 -1.248720 0.278796 0.697120 0.353334 0.024095 -2.015130 0.300524 -0.033206 -0.003321 -1.644203 -0.021868 2.435884 0.322476 -3.183511 -4.135844 -0.080868 -0.017982 1.080273 2.484386 5.308120 5.645147 6.256409 -9999.0 -9999.0
-9999.0 -9999.0 -9999.0 -9999.0 -9999.0 -9999.0 -9999.0 -9999.0 -0.292474 0.319918 -0.228089 -4.206344 0.105286 -0.853626 -0.342595 0.049313 3.832744 5.077190 6.908306 5.546960 6.682288 7.076618 8.904833 8.114387 3.460504 0.841613 -0.052845 -1.737213 0.550312 -0.207700 -0.216300 -0.425441 -0.004989 -0.020773 -0.030013 2.034979 4.080706 3.922987 0.499705 -0.011416 0.670017 0.817198 0.798131 1.637348 0.015000 0.629684 0.429469 1.055815 0.041154 -0.370622 -0.012978 2.102863 0.408916 -0.033849 0.691890 1.622309 3.297182 4.661955 5.583005 5.985090 4.905658 2.527539 -9999.0
-9999.0 -9999.0 -9999.0 -9999.0 -9999.0 -9999.0 -9999.0 -9999.0 -0.432985 0.081415 -1.771505 -1.332207 -0.405866 -0.081947 2.143410 2.287303 4.438017 2.261258 0.642567 2.729462 4.614119 6.479564 6.691557 6.370752 6.047621 -0.011415 -0.854225 -0.028013 -0.004398 -0.004300 -0.268305 0.215815 2.144563 1.148189 0.331709 1.260154 3.370473 5.919927 5.291040 2.047220 0.562195 0.329694 0.467651 -0.004866 -0.265863 1.086945 -0.037896 -0.377821 -0.047700 0.185004 1.480768 1.561918 1.801720 1.773887 2.442844 2.827884 3.487547 4.364183 5.149328 5.205616 4.038946 1.922510 -9999.0
-9999.0 -9999.0 0.166717 0.282803 -2.999553 -1.136537 -2.669848 -2.081299 -0.105647 -0.008784 -1.189882 -0.802923 -0.057132 0.073362 3.372920 1.587503 -0.023662 -0.978328 -0.095060 -0.006933 2.600504 5.321507 5.756888 6.001052 4.457521 1.865147 -0.013326 -0.007329 2.354253 3.141923 -0.026474 0.554203 5.427680 3.236643 4.405560 4.474872 7.130205 8.166456 7.077067 4.389264 4.806623 4.777964 4.102644 2.445416 -0.008164 0.249327 1.549516 1.287850 2.390637 3.451480 4.690684 4.026058 3.176645 2.688771 2.605364 5.991162 3.269014 3.691674 3.374344 3.381549 4.139462 1.109363 -9999.0
-9999.0 -0.245839 -0.708791 -0.465044 -0.874218 -1.532339 -1.098868 -1.944138 -2.903137 -0.111104 -1.837567 -0.619883 -0.002779 2.753121 2.487214 -0.264981 -0.725358 -1.783687 -0.738573 -0.018725 2.371693 4.126092 6.137897 4.745673 7.442860 4.241533 5.548448 5.796614 4.939015 3.200355 3.483765 3.663452 5.370381 8.490448 7.764990 8.958318 10.598291 11.072117 10.754133 9.046777 8.281437 8.164661 7.432556 4.669740 3.368624 3.775257 4.675691 5.806103 6.621967 5.961392 4.915867 3.842966 3.047339 2.262121 2.189889 1.690062 0.668483 1.023936 1.470578 2.783937 0.363807 0.909987 -9999.0
-9999.0 1.800562 -0.006336 -0.015728 0.557783 -0.048080 -2.277211 -2.463377 -0.144197 -0.150333 -1.803399 -0.998965 0.083099 2.621604 -0.081693 -3.390198 -1.874034 -1.757182 -1.218055 -0.009018 3.239647 1.821602 2.919118 2.885449 6.924695 8.227373 5.324641 6.184059 6.101178 6.275365 6.422744 6.190151 7.136691 8.080171 11.365648 11.054657 15.975714 17.006100 13.708618 12.610520 11.890337 10.896494 9.832935 7.942413 7.818678 7.686677 7.832028 7.526948 6.887173 5.998571 3.911011 1.857222 0.799704 1.331413 0.557138 -0.041002 -0.025303 -0.051422 -0.036068 -0.104030 -0.034734 -9999.0 -9999.0
