erum2020/resources/simulation/Vinschgau/output-maps/TL0002N0996.asc
ncols         63
nrows         48
xllcorner     598000.000000
yllcorner     5145000.000000
cellsize      1000.000000
NODATA_value  -9999.0
[rows 0 to 27 of 48, columns 0 to 62 of 63]
-9999.0 -9999.0 -9999.0 -9999.0 -9999.0 -9999.0 -9999.0 -9999.0 -9999.0 -9999.0 -9999.0 -9999.0 -9999.0 -9999.0 -9999.0 -9999.0 -9999.0 -9999.0 -9999.0 -9999.0 -9999.0 -9999.0 -9999.0 -9999.0 -9999.0 -9999.0 -9999.0 -9999.0 -9999.0 -9999.0 -9999.0 -9999.0 -9999.0 -9999.0 -9999.0 -9999.0 -9999.0 -9999.0 -9999.0 -9999.0 -9999.0 -9999.0 -9999.0 -9999.0 -9999.0 -9999.0 -9999.0 -9999.0 -9999.0 -9999.0 -9999.0 -9999.0 -9999.0 -9999.0 -9999.0 -9999.0 -9999.0 -9999.0 -9999.0 -9999.0 -9999.0 -9999.0 -9999.0
-9999.0 -9999.0 -9999.0 -9999.0 -9999.0 -9999.0 -9999.0 -9999.0 -9999.0 -9999.0 -9999.0 -9999.0 -9999.0 -9999.0 -9999.0 -9999.0 -9999.0 -9999.0 -9999.0 -9999.0 -9999.0 -9999.0 -9999.0 -9999.0 -9999.0 -9999.0 -9999.0 -5.063188 -4.809801 -4.647607 -5.297585 -5.439131 -5.166382 -9999.0 -9999.0 -9999.0 -9999.0 -9999.0 -9999.0 -9999.0 -9999.0 -9999.0 -9999.0 -9999.0 -9999.0 -9999.0 -9999.0 -9999.0 -9999.0 -9999.0 -9999.0 -9999.0 -9999.0 -9999.0 -9999.0 -9999.0 -9999.0 -9999.0 -9999.0 -9999.0 -9999.0 -9999.0 -9999.0
-9999.0 -9999.0 -9999.0 -9999.0 -9999.0 -9999.0 -9999.0 -9999.0 -9999.0 -9999.0 -9999.0 -9999.0 -9999.0 -9999.0 -9999.0 -9999.0 -9999.0 -9999.0 -9999.0 -9999.0 -9999.0 -9999.0 -9999.0 -9999.0 -2.741507 -2.417888 -2.009688 -2.539016 -3.656976 -3.801406 -4.711918 -9999.0 -9999.0 -9999.0 -9999.0 -9999.0 -9999.0 -9999.0 -9999.0 -9999.0 -9999.0 -9999.0 -9999.0 -9999.0 -9999.0 -9999.0 -9999.0 -9999.0 -9999.0 -9999.0 -9999.0 -9999.0 -9999.0 -9999.0 -9999.0 -9999.0 -9999.0 -9999.0 -9999.0 -9999.0 -9999.0 -9999.0 -9999.0
-9999.0 -9999.0 -9999.0 -9999.0 -9999.0 -9999.0 -9999.0 -9999.0 -9999.0 -9999.0 -9999.0 -9999.0 -9999.0 -9999.0 -9999.0 -9999.0 -9999.0 -9999.0 -9999.0 -9999.0 -9999.0 -9999.0 -9999.0 -2.259079 -1.907366 0.275636 0.773691 1.358909 0.514777 -2.031112 -4.515791 -5.589859 -9999.0 -9999.0 -9999.0 -9999.0 -9999.0 -9999.0 -9999.0 -9999.0 -9999.0 -9999.0 -9999.0 -9999.0 -9999.0 -9999.0 -9999.0 -9999.0 -9999.0 -9999.0 -9999.0 -9999.0 -9999.0 -9999.0 -9999.0 -9999.0 -9999.0 -9999.0 -9999.0 -9999.0 -9999.0 -9999.0 -9999.0
-9999.0 -9999.0 -9999.0 -9999.0 -9999.0 -9999.0 -9999.0 -9999.0 -9999.0 -9999.0 -9999.0 -9999.0 -9999.0 -9999.0 -9999.0 -9999.0 -9999.0 -9999.0 0.157908 -1.519473 -9999.0 -1.873955 -1.197802 -0.006564 0.408124 1.441729 -0.002325 -0.000875 0.052865 -0.031960 -2.385091 -5.165474 -5.564236 -7.413658 -9999.0 -9999.0 -9999.0 -9999.0 -9999.0 -9999.0 -9999.0 -9999.0 -9999.0 -9999.0 -9999.0 -9999.0 -9999.0 -9999.0 -9999.0 -9999.0 -9999.0 -9999.0 -9999.0 -9999.0 -9999.0 -9999.0 -9999.0 -9999.0 -9999.0 -9999.0 -9999.0 -9999.0 -9999.0
-9999.0 -9999.0 -9999.0 -9999.0 -9999.0 -9999.0 -9999.0 -9999.0 -9999.0 -9999.0 -9999.0 -9999.0 -9999.0 -9999.0 -9999.0 -9999.0 -9999.0 4.228733 2.783161 1.452994 -1.696827 -0.083004 -0.038908 -0.013274 -0.003325 -0.023301 -0.342008 -0.041173 -0.122097 -0.008639 -0.918708 -2.240685 -4.086494 -4.756545 -6.196790 -7.210543 -9999.0 -9999.0 -9999.0 -9999.0 -9999.0 -9999.0 -9999.0 -9999.0 -9999.0 -9999.0 -9999.0 -9999.0 -9999.0 -9999.0 -9999.0 -9999.0 -9999.0 -9999.0 -9999.0 -9999.0 -9999.0 -9999.0 -9999.0 -9999.0 -9999.0 -9999.0 -9999.0
-9999.0 -9999.0 -9999.0 -9999.0 -9999.0 -9999.0 -9999.0 -9999.0 -9999.0 -9999.0 -9999.0 -9999.0 -9999.0 -0.297926 -0.007695 2.233058 3.755011 4.394421 3.847238 0.618701 0.298653 -0.003993 0.519869 -0.003315 -0.027335 -1.217871 -2.019350 -2.907487 -1.133343 -0.075827 -2.014750 -3.146586 -2.923951 -4.993708 -4.878688 -7.471965 -9999.0 -9999.0 -9999.0 -9999.0 -9999.0 -9999.0 -9999.0 -9999.0 -9999.0 -9999.0 -9999.0 -9999.0 -9999.0 -9999.0 -9999.0 -9999.0 -9999.0 -9999.0 -9999.0 -9999.0 -9999.0 -9999.0 -9999.0 -9999.0 -9999.0 -9999.0 -9999.0
-9999.0 -9999.0 -9999.0 -9999.0 -9999.0 -9999.0 -9999.0 -9999.0 -9999.0 -9999.0 -9999.0 -9999.0 -9999.0 -0.023001 1.321340 3.016474 3.031147 3.245835 4.414365 1.683393 2.895797 1.003406 1.127256 0.017576 -0.019934 -0.365836 -3.317273 -4.673132 -5.049589 -1.475161 -2.830155 -4.828855 -5.358375 -8.956320 -6.435902 -9999.0 -9999.0 -9999.0 -9999.0 -9999.0 -9999.0 -9999.0 -9999.0 -9999.0 -9999.0 -9999.0 -9999.0 -9999.0 -9999.0 -9999.0 -9999.0 -9999.0 -9999.0 -9999.0 -9999.0 -9999.0 -9999.0 -9999.0 -9999.0 -9999.0 -9999.0 -9999.0 -9999.0
-9999.0 -9999.0 -9999.0 -9999.0 -9999.0 -9999.0 -9999.0 -9999.0 -9999.0 -9999.0 -9999.0 -9999.0 -9999.0 0.940728 0.879053 2.129776 2.525101 3.313368 4.647560 3.750814 1.244269 0.015262 -0.019413 -0.067987 -0.013174 -0.020802 -3.316392 -5.349041 -5.365741 -7.917701 -5.196908 -9.479136 -9.871576 -11.800332 -7.695119 -9999.0 -9999.0 -9999.0 -9999.0 -9999.0 -9999.0 -9999.0 -9999.0 -9999.0 -9999.0 -9999.0 -9999.0 -9999.0 -9999.0 -9999.0 -9999.0 -9999.0 -9999.0 -9999.0 -9999.0 -9999.0 -9999.0 -9999.0 -9999.0 -9999.0 -9999.0 -9999.0 -9999.0
-9999.0 -9999.0 -9999.0 -9999.0 -9999.0 -9999.0 -9999.0 -9999.0 -9999.0 -9999.0 -9999.0 -9999.0 -0.007965 -0.000728 1.593770 -0.003605 0.813082 2.822629 3.788537 2.736698 0.112543 -0.075429 -0.259102 -0.875120 -2.055039 -3.284814 -3.252250 -5.359122 -4.434896 -5.596906 -9.394436 -5.788950 -5.717259 -8.196194 -9999.0 -9999.0 -9999.0 -9999.0 -9999.0 -9999.0 -9999.0 -9999.0 -9999.0 -9999.0 -9999.0 -9999.0 -9999.0 -9999.0 -9999.0 -9999.0 -9999.0 -9999.0 -9999.0 -9999.0 -9999.0 -9999.0 -9999.0 -9999.0 -9999.0 -9999.0 -9999.0 -9999.0 -9999.0
-9999.0 -9999.0 -9999.0 -9999.0 -9999.0 -9999.0 -9999.0 -9999.0 -9999.0 -9999.0 -9999.0 -0.850156 0.882422 0.753253 0.892176 -0.002558 1.461459 2.892090 3.759796 1.793416 1.534286 -0.001599 -1.365895 -2.865217 -2.110516 -4.271180 -4.931674 -4.894280 -4.263457 -7.040216 -5.951475 -2.910740 -4.951720 -6.736183 -6.085868 -5.084725 -4.692528 -5.069289 -4.958786 -9999.0 -9999.0 -9999.0 -6.852119 -9999.0 -9999.0 -9999.0 -9999.0 -9999.0 -9999.0 -9999.0 -9999.0 -9999.0 -9999.0 -9999.0 -9999.0 -9999.0 -9999.0 -9999.0 -9999.0 -9999.0 -9999.0 -9999.0 -9999.0
-9999.0 -9999.0 -9999.0 -9999.0 -9999.0 -9999.0 -9999.0 -9999.0 -9999.0 -9999.0 -9999.0 -2.341725 1.128603 2.472258 2.303037 -0.008690 3.996401 3.696427 3.901520 2.577466 1.251065 -0.004984 -1.480128 -2.684704 -3.745806 -4.813894 -5.043107 -4.190479 -3.434428 -6.759534 -4.636958 -3.552960 -4.856598 -5.161465 -5.732554 -4.875994 -3.725717 -2.259459 -3.570812 -6.473051 -6.435392 -6.787856 -5.027901 -5.514512 -9999.0 -9999.0 -9999.0 -7.233414 -6.069818 -5.968080 -5.214412 -6.975082 -7.210838 -6.881452 -6.520325 -7.596599 -9999.0 -9999.0 -9999.0 -9999.0 -9999.0 -9999.0 -9999.0
-9999.0 -9999.0 -9999.0 -9999.0 -9999.0 -9999.0 -9999.0 -9999.0 -9999.0 -9999.0 -9999.0 -2.595315 -0.530581 -0.712770 -0.003428 -0.004104 0.001277 3.153535 3.065519 2.576596 1.480847 -0.029999 -1.572586 -2.690485 -4.674067 -4.306627 -1.761544 -3.592237 -4.636836 -6.449593 -5.015483 -4.096617 -4.105355 -4.955074 -5.527605 -3.933030 -3.225363 -2.863060 -1.461433 -5.025102 -4.776587 -5.459777 -4.050538 -4.745768 -5.051599 -9999.0 -7.941210 -4.981790 -4.445947 -3.554141 -2.674804 -3.320279 -4.640328 -5.087877 -5.179521 -5.713756 -9999.0 -9999.0 -9999.0 -9999.0 -9999.0 -9999.0 -9999.0
-9999.0 -9999.0 -9999.0 -9999.0 -9999.0 -9999.0 -9999.0 -9999.0 -9999.0 -9999.0 -9999.0 -9999.0 -1.804415 -1.292026 -0.006429 -0.005228 -0.006434 2.269591 3.460787 2.600589 1.338145 -0.019079 -0.738566 -2.957526 -3.088751 -1.902460 -2.206621 -3.114710 -5.238565 -5.447003 -5.021691 -3.864203 -2.671949 -5.337982 -5.096856 -4.612984 -3.192190 -2.709350 -0.002979 -2.779083 -3.406455 -3.074777 -3.253197 -1.678586 -5.129159 -5.224846 -6.421863 -4.864020 -3.038673 -1.197459 -0.518614 -3.721377 -3.697374 -4.388289 -4.623907 -5.250457 -5.190165 -9999.0 -9999.0 -9999.0 -9999.0 -9999.0 -9999.0
-9999.0 -9999.0 -9999.0 -9999.0 -9999.0 -9999.0 -9999.0 -9999.0 -9999.0 -9999.0 -9999.0 -1.409511 -2.121949 -2.305582 -1.670182 -0.026654 -0.006840 1.358999 2.895281 3.580621 1.854328 -0.004573 -0.045187 -1.843871 -1.746424 -2.456515 -2.626168 -5.323636 -4.790551 -4.050826 -1.872451 -3.026421 -3.120153 -4.501475 -5.747635 -4.765290 -4.086625 -1.460809 -0.031592 -0.361639 -1.459958 -0.881082 -1.676534 -1.253205 -0.982532 -5.252762 -4.583973 -3.895134 -3.014181 -0.221065 -3.995851 -4.403361 -6.254176 -7.068497 -7.983337 -8.792908 -5.619763 -9999.0 -9999.0 -9999.0 -9999.0 -9999.0 -9999.0
-9999.0 -9999.0 -9999.0 -9999.0 -9999.0 -9999.0 -9999.0 -9999.0 -9999.0 -9999.0 -2.078989 -1.257564 -1.632963 -1.547958 -0.040530 -0.876158 -0.908228 -0.019870 2.865595 3.214916 1.185998 0.139544 -0.687926 -0.549666 -0.100891 -2.176399 -2.433589 -5.069112 -2.571534 -1.791246 -2.471964 -2.558661 -1.713816 -5.124755 -7.649782 -4.990797 -3.077104 -1.402360 -0.111731 -0.017897 -0.015965 0.198781 1.188260 0.442957 -0.250583 -3.839038 -3.063973 -2.977187 -2.379712 -0.072548 -6.298057 -6.208290 -8.453512 -9.633744 -9.243503 -5.234604 -4.564459 -9999.0 -9999.0 -9999.0 -9999.0 -9999.0 -9999.0
-9999.0 -9999.0 -9999.0 -9999.0 -9999.0 -9999.0 -9999.0 -9999.0 -9999.0 -4.635582 -2.485715 -2.710707 -0.772602 -1.170382 -1.131831 -0.617922 -0.428290 -0.001833 2.605393 3.427842 1.485285 -0.010079 -0.013441 -0.014782 -0.028323 -1.586588 -3.263428 -1.739049 -1.147376 -0.097659 -0.024823 -1.786836 -4.741474 -9.059482 -6.528113 -5.044417 -3.810485 -1.950769 -1.587462 -1.818748 -0.356867 -0.414986 -0.566645 1.195338 0.465896 -0.290952 -0.641619 -1.318819 -1.286654 -0.022963 -2.386085 -5.720783 -10.469655 -8.473030 -6.875749 -6.273774 -5.383058 -5.254756 -6.526525 -9999.0 -9999.0 -9999.0 -9999.0
-9999.0 -9999.0 -9999.0 -9999.0 -9999.0 -9999.0 -9999.0 -9999.0 -9999.0 -4.872617 -4.530575 -1.675837 -0.005469 -0.045886 -0.530731 -1.201274 -0.089162 -0.012260 3.237377 2.404225 2.041179 1.275939 0.321172 -0.017322 -1.199383 -2.132446 -1.055698 -0.083196 -0.012048 -0.015392 -0.104564 -2.163938 -4.592142 -5.431085 -5.196181 -5.109105 -4.759131 -3.361062 -4.608905 -2.978342 -1.077628 -2.394607 -1.012752 -0.007680 1.758026 0.914676 0.570203 -0.015390 -0.046205 -0.021074 -3.034829 -6.070716 -8.149972 -6.965583 -5.610021 -7.296627 -5.187918 -4.455087 -4.265827 -9999.0 -9999.0 -9999.0 -9999.0
-9999.0 -9999.0 -9999.0 -9999.0 -9999.0 -9999.0 -9999.0 -9999.0 -9999.0 -9999.0 -5.091965 -3.412432 -0.262754 -0.664819 -0.034703 -0.410616 -0.054164 0.409941 4.166934 2.973291 2.129788 1.882385 -0.029188 -0.250107 -1.786354 -0.249987 -0.021741 -0.000862 -0.088720 -1.715166 -2.065595 -3.432270 -4.387341 -5.500955 -4.112143 -3.026972 -1.749635 -2.362976 -4.688407 -4.914327 -4.979070 -1.615805 -0.464495 -0.257039 -0.020772 -0.016864 0.671471 0.758054 1.249146 -0.022550 -1.986188 -4.957764 -7.033931 -7.923899 -7.126295 -5.035921 -4.131335 -2.234139 -1.982487 -0.157852 -9999.0 -9999.0 -9999.0
-9999.0 -9999.0 -9999.0 -9999.0 -9999.0 -9999.0 -9999.0 -9999.0 -9999.0 -9999.0 -5.282528 -3.184080 -1.865392 -0.095046 -0.000883 -0.014820 -0.019968 1.768640 4.556653 4.155192 2.742815 0.492013 -0.038826 -0.666768 -0.251863 -0.011477 0.569600 -0.018869 -1.405744 -4.075930 -4.872611 -3.526089 -5.650025 -5.913156 -4.838430 -2.696775 -2.218994 -2.381407 -2.525197 -5.358558 -4.722014 -2.857632 -3.224336 -2.133627 -0.805627 -0.359391 -0.063610 -0.020390 2.046804 0.961121 -0.025624 -2.566317 -4.750059 -6.542816 -8.598832 -7.767947 -5.110090 -1.354927 1.103339 0.910865 -9999.0 -9999.0 -9999.0
-9999.0 -9999.0 -9999.0 -9999.0 -9999.0 -9999.0 -9999.0 -9999.0 -4.147904 -5.054602 -4.865589 -3.964191 -3.324918 -1.134881 -0.066060 1.010870 2.108169 2.192859 3.731139 4.621223 4.512600 3.282533 2.056921 0.069442 -0.017533 1.385959 -0.001944 -0.923407 -2.107410 -4.061713 -8.333237 -4.738123 -4.866327 -5.603663 -4.611655 -3.228960 -0.875919 -0.940780 -2.671060 -5.143239 -4.407933 -1.988795 -4.055656 -4.714467 -2.866132 -1.811515 -2.482721 -1.095974 -0.017970 1.180094 -0.016787 -0.832973 -5.220713 -6.499481 -7.328581 -4.801543 -4.956281 -0.997361 -0.011887 3.232942 -9999.0 -9999.0 -9999.0
-9999.0 -9999.0 -9999.0 -9999.0 -9999.0 -9999.0 -9999.0 -9999.0 -3.638409 -3.017344 -3.435632 -4.711272 -3.298615 -2.726039 -1.046412 -0.017497 1.094278 1.763787 4.940629 5.167175 4.543099 3.604020 2.296941 1.050727 2.541546 2.476511 0.340295 -1.019503 -5.706289 -5.263754 -5.767549 -5.021709 -4.531545 -4.909961 -4.133488 -2.005900 -0.253497 -0.796997 -1.239457 -2.524362 -4.244110 -6.977513 -4.666447 -2.317085 -2.475574 -1.354495 -4.492242 -2.745418 -0.973487 1.058262 0.727327 -0.573054 -5.377529 -4.954558 -3.241067 -3.523434 -1.568332 -0.067138 1.471137 3.920896 5.143861 -9999.0 -9999.0
-9999.0 -9999.0 -9999.0 -9999.0 -9999.0 -9999.0 -9999.0 -9999.0 -4.670971 -3.077668 -2.928992 -4.245096 -3.988199 -3.792824 -1.336835 -0.910245 -0.012898 0.978459 4.838136 4.637652 5.639413 4.603956 3.945839 3.850677 2.570638 2.431577 -0.005607 -1.356991 -5.945758 -4.878698 -4.166475 -2.718612 -2.626126 -2.218836 -1.360687 -1.093926 -0.031179 1.116587 -0.037185 -3.012905 -4.136829 -4.017506 -2.705016 -3.234237 -1.978198 -4.109489 -5.116773 -4.673658 -2.799507 -0.024212 2.057638 -0.020062 -4.473312 -5.224325 -2.395700 -1.307825 -0.001838 1.353916 3.522117 4.190383 4.537414 -9999.0 -9999.0
-9999.0 -9999.0 -9999.0 -9999.0 -9999.0 -9999.0 -9999.0 -9999.0 -5.966076 -2.438067 -2.399878 -5.978721 -3.026480 -2.084639 -0.366496 -0.007254 3.409133 4.626308 2.849672 5.144225 5.052383 5.450499 4.492195 4.085377 2.957738 0.433516 -0.100181 -2.116150 -1.877428 -2.917603 -1.291500 -1.106361 -0.052081 -1.010821 -0.639649 -0.579085 -0.001571 3.143128 0.118901 -0.145684 -1.909609 -1.662540 -1.698756 -2.919162 -3.242758 -3.935598 -2.544008 -3.945644 -3.156620 -1.504887 -0.021240 1.637101 -0.019369 -1.857514 -0.014540 0.576192 2.136421 3.846598 4.807575 4.309404 3.380547 1.936864 -9999.0
-9999.0 -9999.0 -9999.0 -9999.0 -9999.0 -9999.0 -9999.0 -9999.0 -5.760395 -4.141655 -2.831982 -1.687394 -0.505543 -0.128668 -0.010354 0.993982 1.380009 1.790567 0.206315 2.167793 4.148429 4.804504 5.082185 4.770001 1.714834 -0.017275 -1.221593 -0.271621 -0.032845 -0.972621 -0.345988 -0.021235 0.921415 -0.000850 -0.020483 -0.002928 1.176334 5.303651 4.789934 0.780819 -0.015730 -0.021902 -0.693921 -0.054315 -1.417916 -1.055202 -1.209781 -1.870039 -0.975843 -0.024008 0.276546 1.043945 1.389465 0.667345 1.225234 1.520359 2.303510 3.098145 3.710998 3.356139 3.313881 1.359512 -9999.0
-9999.0 -9999.0 -4.063872 -3.751548 -4.097573 -2.311264 -3.590970 -3.154342 -5.200145 -4.721922 -1.670576 -0.412047 -0.078763 -0.040511 0.370908 0.545671 -0.025331 -1.335446 -0.996887 -0.014726 2.044813 4.738343 3.830586 5.619802 2.825532 1.320373 -0.019559 -0.013363 1.461500 0.055183 -0.027130 -0.005760 2.057612 2.380577 2.352585 3.826929 4.674181 7.612541 6.594529 3.844996 2.374493 2.369313 2.976666 1.121723 -0.017657 -0.023207 0.345521 0.891696 1.110596 2.085777 2.781779 2.566463 2.004496 1.555625 1.478561 2.163890 2.107426 2.480900 2.084298 2.588198 0.859101 0.613693 -9999.0
-9999.0 -1.131901 -2.536977 -1.534040 -2.163415 -1.194164 -3.278710 -3.628087 -4.610185 -5.386216 -2.754626 -0.965170 -0.021855 -0.004507 -0.001139 -0.371551 -1.763519 -2.635605 -1.665724 -0.022897 1.781655 3.503177 2.637930 3.866484 3.295717 2.498278 1.348363 1.642894 2.677780 1.640732 1.428290 1.465904 2.949363 4.169689 5.270736 6.425716 8.614331 10.618774 8.080519 6.506318 5.886496 5.608699 4.851798 4.067576 2.789796 3.106310 2.880302 5.256578 4.377707 5.221547 3.363868 2.612122 1.871588 1.127600 1.058886 0.616968 0.368080 0.706471 0.329169 -0.000899 -0.004064 0.408783 -9999.0
-9999.0 -1.885021 -2.016600 -0.706373 -0.211423 -1.076044 -2.649187 -4.143336 -5.193927 -5.366567 -3.288605 -1.352847 -0.008095 -0.000975 -0.164106 -4.293900 -3.445543 -2.936933 -1.146656 -0.028422 -0.000699 1.295072 2.190420 1.520553 2.497565 3.317867 4.950441 4.633486 4.038692 5.779852 6.007596 5.740272 4.705011 5.600959 6.610094 8.531256 10.450961 11.566959 11.239126 10.438505 9.518914 8.346459 7.587712 7.469000 7.447925 7.272201 5.676033 5.368280 4.834340 4.147933 2.537077 1.363448 0.467641 1.131769 0.346302 -0.048491 -0.053997 -0.092539 -0.048614 -0.168212 -0.040455 -9999.0 -9999.0
