erum2020/resources/simulation/Vinschgau/output-maps/TL0002N0834.asc
ncols         63
nrows         48
xllcorner     598000.000000
yllcorner     5145000.000000
cellsize      1000.000000
NODATA_value  -9999.0
[rows 0 to 27 of 48, columns 0 to 62 of 63]
-9999.0 -9999.0 -9999.0 -9999.0 -9999.0 -9999.0 -9999.0 -9999.0 -9999.0 -9999.0 -9999.0 -9999.0 -9999.0 -9999.0 -9999.0 -9999.0 -9999.0 -9999.0 -9999.0 -9999.0 -9999.0 -9999.0 -9999.0 -9999.0 -9999.0 -9999.0 -9999.0 -9999.0 -9999.0 -9999.0 -9999.0 -9999.0 -9999.0 -9999.0 -9999.0 -9999.0 -9999.0 -9999.0 -9999.0 -9999.0 -9999.0 -9999.0 -9999.0 -9999.0 -9999.0 -9999.0 -9999.0 -9999.0 -9999.0 -9999.0 -9999.0 -9999.0 -9999.0 -9999.0 -9999.0 -9999.0 -9999.0 -9999.0 -9999.0 -9999.0 -9999.0 -9999.0 -9999.0
-9999.0 -9999.0 -9999.0 -9999.0 -9999.0 -9999.0 -9999.0 -9999.0 -9999.0 -9999.0 -9999.0 -9999.0 -9999.0 -9999.0 -9999.0 -9999.0 -9999.0 -9999.0 -9999.0 -9999.0 -9999.0 -9999.0 -9999.0 -9999.0 -9999.0 -9999.0 -9999.0 -6.299668 -4.660832 -5.436517 -5.471400 -6.212665 -6.397696 -9999.0 -9999.0 -9999.0 -9999.0 -9999.0 -9999.0 -9999.0 -9999.0 -9999.0 -9999.0 -9999.0 -9999.0 -9999.0 -9999.0 -9999.0 -9999.0 -9999.0 -9999.0 -9999.0 -9999.0 -9999.0 -9999.0 -9999.0 -9999.0 -9999.0 -9999.0 -9999.0 -9999.0 -9999.0 -9999.0
-9999.0 -9999.0 -9999.0 -9999.0 -9999.0 -9999.0 -9999.0 -9999.0 -9999.0 -9999.0 -9999.0 -9999.0 -9999.0 -9999.0 -9999.0 -9999.0 -9999.0 -9999.0 -9999.0 -9999.0 -9999.0 -9999.0 -9999.0 -9999.0 -3.251878 -3.088244 -2.687071 -3.220350 -4.549448 -4.982231 -5.738954 -9999.0 -9999.0 -9999.0 -9999.0 -9999.0 -9999.0 -9999.0 -9999.0 -9999.0 -9999.0 -9999.0 -9999.0 -9999.0 -9999.0 -9999.0 -9999.0 -9999.0 -9999.0 -9999.0 -9999.0 -9999.0 -9999.0 -9999.0 -9999.0 -9999.0 -9999.0 -9999.0 -9999.0 -9999.0 -9999.0 -9999.0 -9999.0
-9999.0 -9999.0 -9999.0 -9999.0 -9999.0 -9999.0 -9999.0 -9999.0 -9999.0 -9999.0 -9999.0 -9999.0 -9999.0 -9999.0 -9999.0 -9999.0 -9999.0 -9999.0 -9999.0 -9999.0 -9999.0 -9999.0 -9999.0 -3.010869 -1.841019 -0.006516 0.179164 0.459818 -0.005685 -2.863788 -5.649253 -6.304844 -9999.0 -9999.0 -9999.0 -9999.0 -9999.0 -9999.0 -9999.0 -9999.0 -9999.0 -9999.0 -9999.0 -9999.0 -9999.0 -9999.0 -9999.0 -9999.0 -9999.0 -9999.0 -9999.0 -9999.0 -9999.0 -9999.0 -9999.0 -9999.0 -9999.0 -9999.0 -9999.0 -9999.0 -9999.0 -9999.0 -9999.0
-9999.0 -9999.0 -9999.0 -9999.0 -9999.0 -9999.0 -9999.0 -9999.0 -9999.0 -9999.0 -9999.0 -9999.0 -9999.0 -9999.0 -9999.0 -9999.0 -9999.0 -9999.0 -0.029541 -2.129354 -9999.0 -2.711946 -1.893517 -0.012095 -0.001981 0.678724 -0.023514 -0.032365 -0.003178 -0.069162 -3.211771 -5.348760 -7.378890 -9.979191 -9999.0 -9999.0 -9999.0 -9999.0 -9999.0 -9999.0 -9999.0 -9999.0 -9999.0 -9999.0 -9999.0 -9999.0 -9999.0 -9999.0 -9999.0 -9999.0 -9999.0 -9999.0 -9999.0 -9999.0 -9999.0 -9999.0 -9999.0 -9999.0 -9999.0 -9999.0 -9999.0 -9999.0 -9999.0
-9999.0 -9999.0 -9999.0 -9999.0 -9999.0 -9999.0 -9999.0 -9999.0 -9999.0 -9999.0 -9999.0 -9999.0 -9999.0 -9999.0 -9999.0 -9999.0 -9999.0 3.859850 2.044063 0.806114 -3.432416 -0.124270 -0.062087 -0.024360 -0.017925 -0.025969 -0.300705 -0.125282 -0.117465 -0.022656 -2.193400 -5.147483 -5.383561 -6.181600 -8.202607 -9.512926 -9999.0 -9999.0 -9999.0 -9999.0 -9999.0 -9999.0 -9999.0 -9999.0 -9999.0 -9999.0 -9999.0 -9999.0 -9999.0 -9999.0 -9999.0 -9999.0 -9999.0 -9999.0 -9999.0 -9999.0 -9999.0 -9999.0 -9999.0 -9999.0 -9999.0 -9999.0 -9999.0
-9999.0 -9999.0 -9999.0 -9999.0 -9999.0 -9999.0 -9999.0 -9999.0 -9999.0 -9999.0 -9999.0 -9999.0 -9999.0 -1.654785 -0.021150 1.694521 3.357322 2.492497 3.429921 -0.009324 -0.004853 -0.011925 0.000056 -0.017293 -0.032786 -1.851106 -2.396393 -1.088926 -1.070075 -0.174781 -1.950302 -3.766585 -5.665137 -6.391916 -6.942717 -9.835353 -9999.0 -9999.0 -9999.0 -9999.0 -9999.0 -9999.0 -9999.0 -9999.0 -9999.0 -9999.0 -9999.0 -9999.0 -9999.0 -9999.0 -9999.0 -9999.0 -9999.0 -9999.0 -9999.0 -9999.0 -9999.0 -9999.0 -9999.0 -9999.0 -9999.0 -9999.0 -9999.0
-9999.0 -9999.0 -9999.0 -9999.0 -9999.0 -9999.0 -9999.0 -9999.0 -9999.0 -9999.0 -9999.0 -9999.0 -9999.0 -0.919787 0.665007 2.379002 2.655200 1.746779 2.516663 1.019445 2.464468 0.039693 0.787825 -0.003716 -0.028726 -0.084120 -4.634280 -5.735205 -6.852948 -1.674290 -1.255786 -5.163849 -7.206176 -10.195283 -8.526695 -9999.0 -9999.0 -9999.0 -9999.0 -9999.0 -9999.0 -9999.0 -9999.0 -9999.0 -9999.0 -9999.0 -9999.0 -9999.0 -9999.0 -9999.0 -9999.0 -9999.0 -9999.0 -9999.0 -9999.0 -9999.0 -9999.0 -9999.0 -9999.0 -9999.0 -9999.0 -9999.0 -9999.0
-9999.0 -9999.0 -9999.0 -9999.0 -9999.0 -9999.0 -9999.0 -9999.0 -9999.0 -9999.0 -9999.0 -9999.0 -9999.0 0.191231 0.014205 1.337144 1.974376 2.995669 2.766929 3.375068 0.049207 -0.143043 -0.027398 -0.082283 -0.028110 -0.038052 -4.639411 -7.149675 -6.293424 -9.074464 -5.784397 -10.736349 -11.208146 -12.154884 -10.156133 -9999.0 -9999.0 -9999.0 -9999.0 -9999.0 -9999.0 -9999.0 -9999.0 -9999.0 -9999.0 -9999.0 -9999.0 -9999.0 -9999.0 -9999.0 -9999.0 -9999.0 -9999.0 -9999.0 -9999.0 -9999.0 -9999.0 -9999.0 -9999.0 -9999.0 -9999.0 -9999.0 -9999.0
-9999.0 -9999.0 -9999.0 -9999.0 -9999.0 -9999.0 -9999.0 -9999.0 -9999.0 -9999.0 -9999.0 -9999.0 -0.025254 -0.070520 0.787771 -0.010613 0.444015 2.317265 2.249067 1.956590 -0.005520 -0.149962 -0.190717 -0.451854 -1.693460 -4.690929 -3.143603 -5.900347 -5.637697 -7.415321 -10.671863 -7.685508 -6.527852 -10.850439 -9999.0 -9999.0 -9999.0 -9999.0 -9999.0 -9999.0 -9999.0 -9999.0 -9999.0 -9999.0 -9999.0 -9999.0 -9999.0 -9999.0 -9999.0 -9999.0 -9999.0 -9999.0 -9999.0 -9999.0 -9999.0 -9999.0 -9999.0 -9999.0 -9999.0 -9999.0 -9999.0 -9999.0 -9999.0
-9999.0 -9999.0 -9999.0 -9999.0 -9999.0 -9999.0 -9999.0 -9999.0 -9999.0 -9999.0 -9999.0 -1.547537 0.058278 0.215224 0.054943 -0.420573 0.503437 2.153606 2.260575 1.284976 0.730524 -0.011177 -2.373034 -4.128243 -1.085680 -4.034063 -6.205758 -4.921463 -4.414429 -9.278690 -7.919133 -5.547337 -7.020582 -8.984797 -8.071729 -6.746354 -6.068031 -5.211998 -4.944873 -9999.0 -9999.0 -9999.0 -9.116556 -9999.0 -9999.0 -9999.0 -9999.0 -9999.0 -9999.0 -9999.0 -9999.0 -9999.0 -9999.0 -9999.0 -9999.0 -9999.0 -9999.0 -9999.0 -9999.0 -9999.0 -9999.0 -9999.0 -9999.0
-9999.0 -9999.0 -9999.0 -9999.0 -9999.0 -9999.0 -9999.0 -9999.0 -9999.0 -9999.0 -9999.0 -1.782146 0.460927 1.569611 1.506336 -1.593958 2.678816 2.874682 2.391501 1.495019 0.064607 -0.700770 -2.346380 -2.417093 -2.338400 -4.842189 -5.219132 -4.030795 -5.521483 -8.907847 -4.992088 -4.621566 -6.310505 -7.197781 -8.024637 -5.017361 -3.015349 -3.142105 -5.025074 -8.610447 -8.552890 -9.033544 -5.245666 -7.403225 -9999.0 -9999.0 -9999.0 -7.488995 -8.219282 -7.892545 -7.077353 -9.032425 -9.268357 -6.940895 -6.535340 -9.875690 -9999.0 -9999.0 -9999.0 -9999.0 -9999.0 -9999.0 -9999.0
-9999.0 -9999.0 -9999.0 -9999.0 -9999.0 -9999.0 -9999.0 -9999.0 -9999.0 -9999.0 -9999.0 -2.324641 -1.809013 -0.036755 -0.485955 -0.896104 -0.005864 2.375386 1.852521 1.536254 1.207566 -0.046421 -1.276401 -3.239950 -4.866892 -6.098860 -1.747512 -3.556301 -6.393389 -7.649638 -6.809886 -4.442433 -3.809565 -6.809089 -7.369942 -3.817399 -3.498420 -3.118310 -2.488985 -6.768268 -4.640256 -6.147413 -3.884750 -4.766691 -6.897830 -9999.0 -10.555662 -6.840658 -5.270805 -4.186664 -3.916444 -4.848523 -4.774748 -5.461240 -5.674021 -6.645824 -9999.0 -9999.0 -9999.0 -9999.0 -9999.0 -9999.0 -9999.0
-9999.0 -9999.0 -9999.0 -9999.0 -9999.0 -9999.0 -9999.0 -9999.0 -9999.0 -9999.0 -9999.0 -9999.0 -1.587681 -0.351986 -1.201749 -1.089398 -0.006472 1.637116 1.958616 1.580731 0.990996 -0.031888 -0.379846 -1.211707 -2.894626 -1.854239 -2.820287 -4.187718 -5.571585 -7.285450 -5.197043 -4.159578 -3.827243 -5.840671 -6.391171 -4.611488 -1.845865 -2.609205 -0.550000 -3.955011 -2.947614 -4.695039 -3.624222 -2.539092 -6.913065 -7.206818 -8.420358 -6.707888 -3.657635 -1.329220 -0.566668 -3.945296 -3.298642 -3.682534 -5.309856 -5.385539 -6.454424 -9999.0 -9999.0 -9999.0 -9999.0 -9999.0 -9999.0
-9999.0 -9999.0 -9999.0 -9999.0 -9999.0 -9999.0 -9999.0 -9999.0 -9999.0 -9999.0 -9999.0 -1.109930 -3.037499 -1.984159 -0.592404 -0.052617 -0.017872 0.929893 1.458858 2.970839 1.261266 -0.006062 -0.061379 -1.880928 -1.609659 -0.571869 -1.014085 -5.778063 -6.021311 -5.741134 -1.830957 -2.973938 -4.144250 -5.680728 -7.974868 -5.029838 -4.879574 -1.421670 -0.054600 -1.892933 -1.431411 -0.145987 -1.175334 -1.408976 -1.982588 -5.610562 -4.822860 -5.615322 -4.674501 -0.506570 -4.496897 -5.484698 -5.959465 -7.824996 -9.003153 -9.538452 -7.494610 -9999.0 -9999.0 -9999.0 -9999.0 -9999.0 -9999.0
-9999.0 -9999.0 -9999.0 -9999.0 -9999.0 -9999.0 -9999.0 -9999.0 -9999.0 -9999.0 -2.404985 -0.652353 -2.237280 -2.181591 -1.143989 -0.766948 -0.862742 -0.019962 2.411376 2.630402 0.200212 -0.007225 -0.790273 -1.288595 -0.131095 -1.725143 -2.860713 -5.442325 -3.859454 -2.659091 -2.270281 -2.303292 -2.579999 -5.672755 -9.972777 -6.785685 -3.604529 -1.789844 -0.071787 -0.029111 -0.027118 -0.001242 0.010343 0.197534 -0.361411 -5.557149 -4.332697 -1.476861 -2.221149 -0.122756 -5.465341 -8.017624 -9.501354 -10.421877 -10.382487 -5.721959 -5.584845 -9999.0 -9999.0 -9999.0 -9999.0 -9999.0 -9999.0
-9999.0 -9999.0 -9999.0 -9999.0 -9999.0 -9999.0 -9999.0 -9999.0 -9999.0 -4.634771 -2.011400 -2.012518 -0.892887 -0.984846 -0.549887 -0.279707 -0.450148 -0.241420 2.145091 3.056403 0.507908 -0.011067 -0.016476 -0.025568 -0.039666 -1.700941 -3.195376 -2.620668 -0.785659 -0.103419 -0.036935 -1.901078 -6.474991 -9.255440 -8.804841 -6.923955 -4.974018 -2.758005 -1.632876 -0.467847 -0.155422 -0.318288 -0.644356 0.874530 0.236589 -0.348556 -0.907798 -1.482790 -1.453680 -0.033145 -3.065825 -7.513942 -11.440742 -10.690290 -8.732192 -7.022412 -5.247317 -7.028152 -8.366199 -9999.0 -9999.0 -9999.0 -9999.0
-9999.0 -9999.0 -9999.0 -9999.0 -9999.0 -9999.0 -9999.0 -9999.0 -9999.0 -6.114044 -5.088574 -2.602818 -1.096894 -0.081347 -0.512160 -1.060246 -1.044366 -0.022085 2.716955 1.444759 1.088204 0.217610 -0.002507 -0.199564 -1.311762 -2.035010 -0.718729 -0.142146 -0.022391 -0.152505 -0.787390 -2.281790 -4.598096 -6.740233 -5.472517 -6.934816 -6.379374 -5.053398 -4.834643 -2.145252 -1.167591 -2.667411 -0.645392 -0.015201 1.530981 0.509633 0.176966 -0.026215 -0.083355 -0.031058 -3.147104 -6.501554 -10.122182 -8.882134 -7.560941 -7.197955 -5.911184 -4.466584 -5.969417 -9999.0 -9999.0 -9999.0 -9999.0
-9999.0 -9999.0 -9999.0 -9999.0 -9999.0 -9999.0 -9999.0 -9999.0 -9999.0 -9999.0 -5.414522 -2.984753 -0.236163 -0.623203 -0.054438 -0.442263 -0.096645 0.018067 3.467311 2.522181 1.156426 1.292230 -0.029313 -0.174224 -1.690088 -0.250363 -0.033967 -0.006601 -0.634544 -1.820977 -2.182242 -2.970851 -4.848112 -6.112876 -4.197553 -4.167051 -2.414033 -1.865999 -6.347327 -5.064019 -5.497127 -2.409093 -1.700193 -0.318588 -0.022568 -0.017903 0.347426 0.012811 0.849951 -0.034667 -2.097652 -3.664072 -8.862632 -9.811677 -9.003479 -6.841147 -5.291717 -2.023144 -2.043670 -0.210499 -9999.0 -9999.0 -9999.0
-9999.0 -9999.0 -9999.0 -9999.0 -9999.0 -9999.0 -9999.0 -9999.0 -9999.0 -9999.0 -5.688540 -4.308503 -2.715345 -0.209614 -0.020408 -0.016595 -0.020334 1.385718 3.920410 3.383261 2.481179 0.152830 -0.041572 -0.624055 -0.253207 -0.021908 0.211038 -0.021274 -1.517708 -4.512616 -5.113810 -4.443459 -4.840134 -6.947849 -4.991761 -1.937390 -2.045287 -0.556083 -3.070291 -5.968152 -4.757076 -4.015745 -3.473880 -3.000278 -1.779526 -0.466097 -0.110560 -0.022293 1.584138 0.584422 -0.042008 -2.998456 -5.124620 -8.339367 -10.482921 -9.643127 -6.878284 -1.464746 0.620206 0.335603 -9999.0 -9999.0 -9999.0
-9999.0 -9999.0 -9999.0 -9999.0 -9999.0 -9999.0 -9999.0 -9999.0 -3.165026 -5.220740 -6.254529 -3.209579 -3.440309 -3.246314 -0.074583 0.795220 1.671177 1.125403 3.241688 3.944439 4.276008 2.753184 1.627242 -0.009506 -0.028335 1.302648 -0.021727 -0.998639 -2.368663 -4.502378 -9.432160 -5.074913 -5.003195 -6.619358 -4.675565 -4.659939 -1.259879 -0.357228 -2.792191 -6.975430 -5.632787 -2.334561 -4.492638 -6.493728 -4.508305 -2.489082 -2.597878 -0.910153 -0.020461 0.862178 -0.029576 -0.943458 -3.997006 -6.963186 -9.148633 -6.093478 -6.689509 -1.745681 -0.022904 2.372465 -9999.0 -9999.0 -9999.0
-9999.0 -9999.0 -9999.0 -9999.0 -9999.0 -9999.0 -9999.0 -9999.0 -3.998106 -2.111973 -3.967590 -6.051978 -4.613512 -2.435373 -0.852960 -0.018280 0.643879 1.205362 4.565568 4.466603 3.175512 2.424482 0.926737 0.011214 2.047902 2.160269 0.172701 -0.630870 -4.593312 -5.880781 -6.695330 -6.491885 -5.762392 -6.294214 -3.656813 -2.812235 -0.637326 -0.698297 -1.010615 -3.563257 -5.191154 -7.982145 -6.102670 -3.272680 -3.044792 -1.432940 -4.860681 -3.849513 -0.720179 0.862343 0.383144 -0.501147 -3.712107 -6.708232 -4.524890 -4.174445 -1.539159 -0.114880 1.102865 3.518893 4.523446 -9999.0 -9999.0
-9999.0 -9999.0 -9999.0 -9999.0 -9999.0 -9999.0 -9999.0 -9999.0 -4.984329 -3.473696 -3.436203 -4.780545 -5.015517 -4.188473 -1.143302 -1.018968 -0.016119 0.506752 4.539321 3.356715 4.933394 3.350858 2.692431 3.013724 1.576551 1.860105 -0.005255 -1.443551 -5.210457 -4.995567 -5.903562 -2.387924 -2.888375 -2.751709 -2.358642 -2.181887 -0.059665 1.034490 -0.034382 -1.242783 -3.961394 -5.764919 -3.158226 -3.632758 -1.890181 -3.185151 -6.901828 -4.418867 -2.441428 -0.024190 1.873475 -0.033635 -4.397788 -3.578170 -2.229115 -1.155853 -0.004466 0.984740 3.086255 3.322593 4.143655 -9999.0 -9999.0
-9999.0 -9999.0 -9999.0 -9999.0 -9999.0 -9999.0 -9999.0 -9999.0 -7.780233 -3.446461 -2.663934 -5.056509 -5.420702 -1.555602 -0.471558 -0.007693 2.770250 4.265234 1.964718 4.915978 4.335388 4.763670 3.492297 2.919468 2.545727 0.240906 -0.082198 -2.235294 -2.631880 -1.273119 -1.454516 -0.862246 -0.092259 -0.612765 -0.688552 -1.582409 -0.132079 2.634132 -0.002075 -0.178857 -2.796334 -2.598037 -2.598834 -4.597445 -3.828482 -5.657802 -3.776586 -4.896094 -4.512430 -1.603543 -0.021623 1.483801 -0.031493 -1.028663 -0.025074 0.224423 1.738557 2.887359 4.259301 3.916442 2.985792 1.696356 -9999.0
-9999.0 -9999.0 -9999.0 -9999.0 -9999.0 -9999.0 -9999.0 -9999.0 -7.606456 -3.275249 -2.197048 -1.800184 -1.555357 -0.089052 -0.144182 0.613368 0.534633 1.382799 -0.004557 1.589364 3.860391 4.023973 4.388217 4.090495 0.724642 -0.018270 -1.263381 -0.297644 -0.049242 -0.343631 -0.269157 -0.034486 0.432870 -0.010452 -0.032236 -0.010387 0.723845 4.462517 3.824507 0.382123 -0.027094 -0.034098 -0.320052 -0.063592 -1.558533 -2.132746 -0.859043 -0.318601 -0.972489 -0.036691 0.002034 0.868226 1.247253 0.309659 0.944172 1.272635 1.998603 2.720391 3.290983 2.927769 2.840742 1.126275 -9999.0
-9999.0 -9999.0 -4.556882 -3.235268 -4.244157 -2.154675 -4.000046 -3.706221 -5.761010 -4.596559 -1.654874 -1.199633 -0.085852 -0.257101 -0.002669 0.244840 -0.026637 -1.372813 -0.697223 -0.016451 1.501003 4.073192 3.332169 5.438187 2.136040 0.890435 -0.019924 -0.014875 1.216483 -0.013894 -0.027229 -0.005165 0.743890 1.866095 1.916716 3.150561 4.152663 6.669158 5.571996 3.055668 1.903661 1.931762 2.536863 0.705648 -0.018182 -0.035180 0.004526 0.697737 0.693732 1.702298 2.373530 2.253313 1.673202 1.241914 1.194846 1.083082 1.766592 2.106592 1.685689 2.268478 0.028167 0.402126 -9999.0
-9999.0 -0.856779 -1.370354 -1.578560 -2.052399 -3.558189 -3.988193 -4.012308 -5.091826 -6.015558 -2.647152 -1.055865 -0.374946 -0.464667 -0.042800 -0.468780 -1.697829 -2.369070 -1.502716 -0.022924 1.327534 2.752376 1.381362 3.200001 2.100302 1.837944 0.346194 0.648164 2.181821 1.202381 0.987025 0.981850 2.364179 3.078282 4.636703 5.845025 7.293863 9.933217 7.455934 5.984174 5.146669 4.969937 4.261694 3.250298 2.129486 2.555190 2.455359 4.373255 3.823174 4.459503 2.995580 2.258651 1.525387 0.799349 0.731985 0.299484 0.251044 0.574257 0.015736 -0.040321 -0.004863 0.195710 -9999.0
-9999.0 -1.244428 -1.337620 -0.395305 -0.836318 -2.249399 -2.766035 -4.485670 -6.105323 -6.375526 -3.246936 -1.446298 -0.014097 -0.035890 -0.099704 -2.669256 -3.906925 -2.632635 -0.621948 -0.160617 -0.015777 1.028816 1.773825 0.747662 1.271829 2.102192 4.779289 4.105595 3.583567 5.027385 5.723420 5.361902 4.067239 4.958185 5.524654 7.821860 9.003733 10.061437 9.997713 9.129170 8.348923 7.464940 6.342670 7.096885 7.257802 6.925007 5.050987 4.855848 4.374184 3.730270 2.141026 1.180244 0.340110 1.008887 0.252031 -0.053686 -0.131822 -0.066585 -0.044683 -0.152161 -0.040385 -9999.0 -9999.0
