erum2020/resources/simulation/Vinschgau/output-maps/TL0005N0919.asc
ncols         63
nrows         48
xllcorner     598000.000000
yllcorner     5145000.000000
cellsize      1000.000000
NODATA_value  -9999.0
[rows 0 to 27 of 48, columns 0 to 62 of 63]
-9999.0 -9999.0 -9999.0 -9999.0 -9999.0 -9999.0 -9999.0 -9999.0 -9999.0 -9999.0 -9999.0 -9999.0 -9999.0 -9999.0 -9999.0 -9999.0 -9999.0 -9999.0 -9999.0 -9999.0 -9999.0 -9999.0 -9999.0 -9999.0 -9999.0 -9999.0 -9999.0 -9999.0 -9999.0 -9999.0 -9999.0 -9999.0 -9999.0 -9999.0 -9999.0 -9999.0 -9999.0 -9999.0 -9999.0 -9999.0 -9999.0 -9999.0 -9999.0 -9999.0 -9999.0 -9999.0 -9999.0 -9999.0 -9999.0 -9999.0 -9999.0 -9999.0 -9999.0 -9999.0 -9999.0 -9999.0 -9999.0 -9999.0 -9999.0 -9999.0 -9999.0 -9999.0 -9999.0
-9999.0 -9999.0 -9999.0 -9999.0 -9999.0 -9999.0 -9999.0 -9999.0 -9999.0 -9999.0 -9999.0 -9999.0 -9999.0 -9999.0 -9999.0 -9999.0 -9999.0 -9999.0 -9999.0 -9999.0 -9999.0 -9999.0 -9999.0 -9999.0 -9999.0 -9999.0 -9999.0 -4.682287 -3.408232 -3.810309 -4.053691 -4.812560 -5.255069 -9999.0 -9999.0 -9999.0 -9999.0 -9999.0 -9999.0 -9999.0 -9999.0 -9999.0 -9999.0 -9999.0 -9999.0 -9999.0 -9999.0 -9999.0 -9999.0 -9999.0 -9999.0 -9999.0 -9999.0 -9999.0 -9999.0 -9999.0 -9999.0 -9999.0 -9999.0 -9999.0 -9999.0 -9999.0 -9999.0
-9999.0 -9999.0 -9999.0 -9999.0 -9999.0 -9999.0 -9999.0 -9999.0 -9999.0 -9999.0 -9999.0 -9999.0 -9999.0 -9999.0 -9999.0 -9999.0 -9999.0 -9999.0 -9999.0 -9999.0 -9999.0 -9999.0 -9999.0 -9999.0 -2.702138 -2.447091 -1.968870 -2.650539 -1.956155 -3.872764 -4.364455 -9999.0 -9999.0 -9999.0 -9999.0 -9999.0 -9999.0 -9999.0 -9999.0 -9999.0 -9999.0 -9999.0 -9999.0 -9999.0 -9999.0 -9999.0 -9999.0 -9999.0 -9999.0 -9999.0 -9999.0 -9999.0 -9999.0 -9999.0 -9999.0 -9999.0 -9999.0 -9999.0 -9999.0 -9999.0 -9999.0 -9999.0 -9999.0
-9999.0 -9999.0 -9999.0 -9999.0 -9999.0 -9999.0 -9999.0 -9999.0 -9999.0 -9999.0 -9999.0 -9999.0 -9999.0 -9999.0 -9999.0 -9999.0 -9999.0 -9999.0 -9999.0 -9999.0 -9999.0 -9999.0 -9999.0 -2.345386 -0.971140 -0.005994 0.601274 1.268508 -0.007011 -2.130728 -4.270109 -4.879977 -9999.0 -9999.0 -9999.0 -9999.0 -9999.0 -9999.0 -9999.0 -9999.0 -9999.0 -9999.0 -9999.0 -9999.0 -9999.0 -9999.0 -9999.0 -9999.0 -9999.0 -9999.0 -9999.0 -9999.0 -9999.0 -9999.0 -9999.0 -9999.0 -9999.0 -9999.0 -9999.0 -9999.0 -9999.0 -9999.0 -9999.0
-9999.0 -9999.0 -9999.0 -9999.0 -9999.0 -9999.0 -9999.0 -9999.0 -9999.0 -9999.0 -9999.0 -9999.0 -9999.0 -9999.0 -9999.0 -9999.0 -9999.0 -9999.0 -0.003029 -1.667454 -9999.0 -1.970219 -1.200251 -0.009663 -0.004331 1.114994 -0.003472 -0.002740 -0.001930 -0.005942 -2.470423 -3.994549 -5.744311 -7.546717 -9999.0 -9999.0 -9999.0 -9999.0 -9999.0 -9999.0 -9999.0 -9999.0 -9999.0 -9999.0 -9999.0 -9999.0 -9999.0 -9999.0 -9999.0 -9999.0 -9999.0 -9999.0 -9999.0 -9999.0 -9999.0 -9999.0 -9999.0 -9999.0 -9999.0 -9999.0 -9999.0 -9999.0 -9999.0
-9999.0 -9999.0 -9999.0 -9999.0 -9999.0 -9999.0 -9999.0 -9999.0 -9999.0 -9999.0 -9999.0 -9999.0 -9999.0 -9999.0 -9999.0 -9999.0 -9999.0 4.124734 2.548876 1.243183 -2.086370 -0.066452 -0.005677 -0.004980 -0.003893 -0.003572 -0.114764 -0.049949 -0.062328 -0.002753 -0.860832 -2.332628 -4.115384 -4.581691 -6.396360 -7.496495 -9999.0 -9999.0 -9999.0 -9999.0 -9999.0 -9999.0 -9999.0 -9999.0 -9999.0 -9999.0 -9999.0 -9999.0 -9999.0 -9999.0 -9999.0 -9999.0 -9999.0 -9999.0 -9999.0 -9999.0 -9999.0 -9999.0 -9999.0 -9999.0 -9999.0 -9999.0 -9999.0
-9999.0 -9999.0 -9999.0 -9999.0 -9999.0 -9999.0 -9999.0 -9999.0 -9999.0 -9999.0 -9999.0 -9999.0 -9999.0 -0.844085 -0.003563 1.914305 3.614693 4.163531 3.701385 -0.008951 -0.005154 -0.005118 -0.004456 -0.003645 -0.003367 -1.318345 -2.219820 -0.842790 -0.875509 -0.083070 -1.486866 -3.224643 -3.252097 -5.227930 -5.522860 -7.759226 -9999.0 -9999.0 -9999.0 -9999.0 -9999.0 -9999.0 -9999.0 -9999.0 -9999.0 -9999.0 -9999.0 -9999.0 -9999.0 -9999.0 -9999.0 -9999.0 -9999.0 -9999.0 -9999.0 -9999.0 -9999.0 -9999.0 -9999.0 -9999.0 -9999.0 -9999.0 -9999.0
-9999.0 -9999.0 -9999.0 -9999.0 -9999.0 -9999.0 -9999.0 -9999.0 -9999.0 -9999.0 -9999.0 -9999.0 -9999.0 -0.178574 1.103336 2.791977 2.921915 3.056457 4.214201 1.377273 2.725018 0.584684 0.980314 -0.003287 -0.103091 -0.110876 -3.379024 -4.181589 -5.301444 -1.719623 -1.170548 -3.859797 -5.665173 -9.273582 -6.782116 -9999.0 -9999.0 -9999.0 -9999.0 -9999.0 -9999.0 -9999.0 -9999.0 -9999.0 -9999.0 -9999.0 -9999.0 -9999.0 -9999.0 -9999.0 -9999.0 -9999.0 -9999.0 -9999.0 -9999.0 -9999.0 -9999.0 -9999.0 -9999.0 -9999.0 -9999.0 -9999.0 -9999.0
-9999.0 -9999.0 -9999.0 -9999.0 -9999.0 -9999.0 -9999.0 -9999.0 -9999.0 -9999.0 -9999.0 -9999.0 -9999.0 0.646626 0.454592 1.788290 2.323967 3.185043 4.427875 3.586812 0.896536 -0.063188 -0.003894 -0.013855 -0.003219 -0.007017 -3.081958 -5.563802 -4.855855 -8.157832 -4.406343 -9.951853 -10.293012 -12.917496 -8.159973 -9999.0 -9999.0 -9999.0 -9999.0 -9999.0 -9999.0 -9999.0 -9999.0 -9999.0 -9999.0 -9999.0 -9999.0 -9999.0 -9999.0 -9999.0 -9999.0 -9999.0 -9999.0 -9999.0 -9999.0 -9999.0 -9999.0 -9999.0 -9999.0 -9999.0 -9999.0 -9999.0 -9999.0
-9999.0 -9999.0 -9999.0 -9999.0 -9999.0 -9999.0 -9999.0 -9999.0 -9999.0 -9999.0 -9999.0 -9999.0 -0.007191 -0.083320 1.245121 -0.003282 0.638602 2.589027 3.602886 2.363069 -0.004869 -0.081519 -0.435216 -0.273812 -1.568317 -3.437559 -3.354420 -4.501857 -2.972109 -5.847600 -9.876810 -5.999029 -4.970070 -8.411067 -9999.0 -9999.0 -9999.0 -9999.0 -9999.0 -9999.0 -9999.0 -9999.0 -9999.0 -9999.0 -9999.0 -9999.0 -9999.0 -9999.0 -9999.0 -9999.0 -9999.0 -9999.0 -9999.0 -9999.0 -9999.0 -9999.0 -9999.0 -9999.0 -9999.0 -9999.0 -9999.0 -9999.0 -9999.0
-9999.0 -9999.0 -9999.0 -9999.0 -9999.0 -9999.0 -9999.0 -9999.0 -9999.0 -9999.0 -9999.0 -0.473151 0.475259 0.569779 0.484712 -0.090716 1.074132 2.525852 3.493065 1.677420 1.256725 -0.003046 -1.580752 -2.994382 -0.205045 -2.728228 -4.799251 -3.586051 -4.302116 -7.390486 -6.199818 -2.855174 -5.200512 -6.988167 -6.316397 -4.936249 -4.584353 -3.602187 -3.425776 -9999.0 -9999.0 -9999.0 -7.112105 -9999.0 -9999.0 -9999.0 -9999.0 -9999.0 -9999.0 -9999.0 -9999.0 -9999.0 -9999.0 -9999.0 -9999.0 -9999.0 -9999.0 -9999.0 -9999.0 -9999.0 -9999.0 -9999.0 -9999.0
-9999.0 -9999.0 -9999.0 -9999.0 -9999.0 -9999.0 -9999.0 -9999.0 -9999.0 -9999.0 -9999.0 -0.904163 0.874441 2.095196 2.012023 -0.635094 3.348435 3.425684 3.709907 2.361261 0.937890 -0.160387 -1.616489 -2.851745 -1.997581 -3.522948 -3.892725 -2.627815 -3.600327 -6.993048 -3.618808 -3.611027 -4.882694 -5.649213 -6.307706 -3.632883 -2.060900 -2.126868 -3.430316 -6.688677 -6.610089 -7.083134 -3.867381 -5.750063 -9999.0 -9999.0 -9999.0 -7.775852 -6.572370 -6.240586 -5.628060 -7.235073 -7.439137 -7.303778 -6.960207 -7.906082 -9999.0 -9999.0 -9999.0 -9999.0 -9999.0 -9999.0 -9999.0
-9999.0 -9999.0 -9999.0 -9999.0 -9999.0 -9999.0 -9999.0 -9999.0 -9999.0 -9999.0 -9999.0 -1.855938 -0.809242 -0.158890 -0.109697 -0.249659 -0.002738 2.770615 2.802812 2.394676 1.407485 -0.005223 -1.489071 -2.679939 -3.562078 -4.502925 -1.888176 -3.655058 -4.835982 -6.003343 -5.263449 -4.147476 -2.492778 -5.356401 -5.759163 -2.304615 -3.270561 -2.801307 -1.549017 -5.158423 -3.175869 -4.645814 -2.491454 -3.458987 -5.465468 -9999.0 -8.325179 -5.431484 -3.905100 -2.838896 -2.579860 -3.301983 -3.400997 -4.097933 -4.252121 -5.190936 -9999.0 -9999.0 -9999.0 -9999.0 -9999.0 -9999.0 -9999.0
-9999.0 -9999.0 -9999.0 -9999.0 -9999.0 -9999.0 -9999.0 -9999.0 -9999.0 -9999.0 -9999.0 -9999.0 -0.531467 -0.290406 -0.372212 -0.202062 -0.004235 1.968108 3.255064 2.408712 1.212844 -0.005107 -0.130863 -0.915898 -3.249607 -2.024421 -1.727273 -2.877797 -4.179804 -5.658454 -3.873240 -3.927396 -2.538970 -4.437275 -5.002529 -3.266989 -1.848140 -2.537166 -0.177161 -2.682722 -1.853202 -3.179749 -1.221354 -1.786279 -5.291697 -5.699750 -6.647189 -5.298529 -3.200611 -1.344617 -0.301701 -3.773950 -2.592848 -4.446890 -3.971395 -4.065832 -5.089949 -9999.0 -9999.0 -9999.0 -9999.0 -9999.0 -9999.0
-9999.0 -9999.0 -9999.0 -9999.0 -9999.0 -9999.0 -9999.0 -9999.0 -9999.0 -9999.0 -9999.0 -0.553118 -2.295742 -1.020866 -0.444919 -0.024231 -0.002753 1.181514 2.679749 3.292472 1.574917 -0.003638 -0.061641 -1.977873 -1.806413 -0.473746 -0.444892 -4.424626 -4.611827 -4.155301 -2.020037 -3.062203 -2.077567 -4.298366 -6.361052 -3.668838 -3.502108 -1.175636 -0.018569 -0.796819 -1.206719 -0.077097 -0.544577 -1.268378 -1.266366 -4.244043 -3.156865 -4.010114 -3.131741 -0.191212 -4.146534 -4.170820 -6.499933 -7.312833 -8.268253 -9.304740 -5.869886 -9999.0 -9999.0 -9999.0 -9999.0 -9999.0 -9999.0
-9999.0 -9999.0 -9999.0 -9999.0 -9999.0 -9999.0 -9999.0 -9999.0 -9999.0 -9999.0 -1.416408 -0.363862 -1.758143 -1.729846 -0.433647 -0.732673 -0.766747 -0.003743 2.736015 2.937613 0.915039 -0.001499 -0.668932 -0.578836 -0.068155 -1.539141 -2.586216 -5.101136 -2.643862 -1.910470 -2.501275 -2.591684 -1.849243 -4.318507 -7.947439 -5.231272 -2.447577 -1.568856 -0.063124 -0.003127 -0.003272 -0.002307 0.800718 0.400494 -0.099467 -3.975902 -3.067057 -1.041875 -0.308411 -0.064309 -6.378585 -6.452432 -8.732740 -10.114293 -9.557848 -4.335071 -4.142877 -9999.0 -9999.0 -9999.0 -9999.0 -9999.0 -9999.0
-9999.0 -9999.0 -9999.0 -9999.0 -9999.0 -9999.0 -9999.0 -9999.0 -9999.0 -3.330730 -0.976411 -1.814356 -1.039062 -0.774749 -0.478704 -0.412103 -0.206147 -0.074554 2.501870 3.321262 1.286042 -0.006262 -0.005530 -0.003515 -0.003313 -1.576779 -3.451965 -1.864330 -0.346805 -0.042146 -0.003338 -1.770004 -4.964845 -9.357651 -6.833034 -5.319594 -2.262460 -2.121733 -1.746256 -0.238267 -0.145063 -0.225603 -0.554574 1.105815 0.453961 -0.236071 -0.323953 -1.425530 -1.397021 -0.002738 -2.543431 -5.925821 -11.081346 -8.810987 -7.131737 -6.606788 -5.597325 -5.454214 -6.728714 -9999.0 -9999.0 -9999.0 -9999.0
-9999.0 -9999.0 -9999.0 -9999.0 -9999.0 -9999.0 -9999.0 -9999.0 -9999.0 -4.921547 -3.493746 -1.885424 -0.318747 -0.008778 -0.240220 -0.801692 -0.408681 -0.002744 3.113470 2.233511 1.864651 1.036502 -0.002167 -0.075214 -1.190227 -2.265704 -0.716259 -0.073251 -0.002607 -0.048993 -0.269585 -2.152662 -3.249860 -5.274452 -4.051177 -5.284725 -4.751846 -3.486461 -3.549788 -1.805862 -0.923374 -2.552609 -0.601332 -0.002497 1.716472 0.842750 0.502428 -0.004063 -0.014047 -0.002750 -3.015074 -6.175249 -8.399124 -7.429236 -6.012793 -7.575932 -5.473815 -4.575538 -4.428567 -9999.0 -9999.0 -9999.0 -9999.0
-9999.0 -9999.0 -9999.0 -9999.0 -9999.0 -9999.0 -9999.0 -9999.0 -9999.0 -9999.0 -4.060960 -1.853486 -0.116131 -0.484102 -0.005722 -0.197617 -0.014387 0.273656 3.991094 2.864763 1.924453 1.701892 -0.003249 -0.234250 -1.856309 -0.095507 -0.003004 -0.001855 -0.302682 -1.709337 -2.059353 -3.331051 -4.540855 -4.716281 -2.582439 -2.173380 -1.847121 -1.318797 -4.734855 -3.718757 -4.173892 -1.732050 -0.762883 -0.215309 -0.004181 -0.003277 0.571506 0.358666 1.163425 -0.003888 -1.965804 -5.354163 -7.232455 -8.184574 -7.592385 -5.476082 -2.987698 -1.524000 -2.020113 -0.089816 -9999.0 -9999.0 -9999.0
-9999.0 -9999.0 -9999.0 -9999.0 -9999.0 -9999.0 -9999.0 -9999.0 -9999.0 -9999.0 -4.280758 -3.074559 -2.038500 -0.090281 -0.001580 -0.004906 -0.004088 1.616072 4.365446 3.957922 2.683230 0.407845 -0.004124 -0.478413 -0.095768 -0.002466 0.507081 -0.006839 -1.398388 -4.224624 -3.804917 -2.021247 -5.977692 -5.459987 -3.697791 -1.812933 -1.490393 -0.521337 -2.674961 -4.577158 -3.414719 -2.890493 -1.274456 -2.274248 -0.791440 -0.347139 -0.055727 -0.004200 1.904055 0.868070 -0.020624 -2.710694 -4.845573 -6.748206 -8.826285 -7.994514 -5.555286 -1.520925 0.684352 0.593743 -9999.0 -9999.0 -9999.0
-9999.0 -9999.0 -9999.0 -9999.0 -9999.0 -9999.0 -9999.0 -9999.0 -2.606830 -3.900479 -4.813364 -2.542528 -3.373804 -1.033222 -0.060662 0.963105 1.988915 1.990728 3.579889 4.453631 4.463490 3.163122 1.996290 -0.006780 -0.003342 1.389999 -0.002273 -0.916983 -2.352441 -4.183222 -8.654907 -3.720934 -3.667845 -5.154563 -3.243929 -3.400683 -0.400029 -0.573360 -2.659207 -5.315164 -4.072516 -1.643187 -4.158073 -4.950175 -3.005265 -1.233419 -2.473664 -0.659017 -0.004358 1.091738 -0.007509 -0.814528 -5.147993 -6.630287 -7.535701 -4.711492 -5.148471 -0.770876 -0.002728 3.009948 -9999.0 -9999.0 -9999.0
-9999.0 -9999.0 -9999.0 -9999.0 -9999.0 -9999.0 -9999.0 -9999.0 -3.695391 -1.870787 -3.632156 -4.682676 -3.394205 -2.742812 -1.040903 -0.003193 0.893209 1.505099 4.858579 4.992441 4.398549 3.393032 2.092677 0.556924 2.392590 2.369147 0.327995 -0.358193 -5.726304 -4.489407 -5.263682 -4.849778 -3.137775 -4.666282 -2.661500 -2.111589 -0.186413 -0.169347 -0.705935 -2.558315 -3.840861 -7.330692 -4.529736 -2.402622 -2.425713 -1.450187 -4.531827 -2.780965 -0.336693 1.056987 0.664429 -0.391967 -5.286128 -5.335000 -3.304902 -3.676255 -1.641128 -0.056449 1.393538 3.792550 4.989279 -9999.0 -9999.0
-9999.0 -9999.0 -9999.0 -9999.0 -9999.0 -9999.0 -9999.0 -9999.0 -3.697127 -3.155583 -2.799995 -4.445698 -4.090257 -3.874019 -0.896126 -0.895340 -0.005283 0.888803 4.765538 4.481567 5.459431 4.226115 3.688884 3.576372 2.391844 2.155303 -0.003012 -1.348804 -4.864923 -3.641741 -4.301695 -1.974822 -2.788048 -2.337497 -1.571723 -1.520725 -0.039351 1.132140 -0.019005 -1.151005 -2.693546 -4.149928 -2.597068 -3.310958 -2.136270 -2.668887 -5.258093 -3.597539 -2.972212 -0.002699 2.013558 -0.004769 -4.587604 -5.216422 -2.624207 -0.761604 -0.001491 1.279560 3.423680 3.987071 4.443712 -9999.0 -9999.0
-9999.0 -9999.0 -9999.0 -9999.0 -9999.0 -9999.0 -9999.0 -9999.0 -6.210653 -2.482226 -0.742064 -6.148789 -3.031144 -1.333738 -0.349975 -0.003082 3.281552 4.531477 2.686779 5.090062 4.860204 5.274717 4.288148 3.792537 2.839795 0.420430 -0.022415 -2.103596 -1.953318 -1.002142 -1.408675 -0.642076 -0.059151 -0.291011 -0.272165 -0.879257 -0.019813 2.920210 -0.001811 -0.140658 -2.036238 -1.811988 -1.818763 -3.028376 -3.336151 -4.055074 -2.579818 -3.341937 -3.316914 -1.648149 -0.002861 1.603923 -0.003271 -0.952331 -0.004780 0.515553 2.048393 3.587907 4.579299 4.214416 3.298123 1.864651 -9999.0
-9999.0 -9999.0 -9999.0 -9999.0 -9999.0 -9999.0 -9999.0 -9999.0 -6.211358 -2.851030 -1.924994 -1.676373 -0.497359 -0.095040 -0.022827 0.900076 1.170679 1.635312 -0.001831 1.897626 4.066196 4.583272 4.902920 4.598164 1.544600 -0.004857 -1.209704 -0.097996 -0.004233 -0.078425 -0.330095 -0.006447 0.840005 -0.002139 -0.003392 -0.003163 1.089973 4.960809 4.454935 0.712916 -0.002989 -0.007743 -0.009916 -0.054349 -1.542207 -1.340307 -0.397185 -0.115465 -0.489494 -0.003909 0.122488 1.002892 1.361759 0.595224 1.194903 1.499232 2.231465 3.011738 3.611945 3.261095 3.113221 1.294987 -9999.0
-9999.0 -9999.0 -3.226894 -2.693734 -4.152029 -2.451823 -3.791705 -3.398314 -4.525073 -3.605441 -1.821795 -0.190996 -0.092079 -0.306376 -0.001264 0.473509 -0.003932 -1.328162 -0.701296 -0.003525 1.792779 4.499380 3.686907 5.582094 2.630759 1.125946 -0.004681 -0.004283 1.402150 -0.002000 -0.003288 -0.003605 1.789260 2.151916 2.269147 3.491633 4.537555 7.370550 6.380436 3.501725 2.283421 2.282166 2.825433 1.050568 -0.003174 -0.003648 0.195081 0.867218 1.047496 2.020119 2.700408 2.522868 1.941001 1.493863 1.428359 2.010877 2.019840 2.399803 2.007650 2.471038 0.527023 0.562777 -9999.0
-9999.0 -0.755061 -1.262912 -1.606952 -2.303844 -1.552861 -3.787212 -3.811877 -4.810247 -4.656668 -2.883742 -0.960402 -0.030692 -0.193487 -0.002424 -0.366079 -1.850064 -2.785356 -1.271587 -0.003349 1.576911 3.140913 2.002101 3.577526 2.960437 2.301354 1.185879 1.480688 2.557517 1.547473 1.359126 1.368836 2.794521 3.933226 5.054289 6.233302 7.778632 10.451325 7.857135 6.361974 5.570175 5.388469 4.677683 3.721055 2.486596 2.843244 2.781895 4.984171 4.201456 4.877229 3.281786 2.529249 1.782506 1.060668 0.999415 0.558582 0.356060 0.694781 0.215395 -0.002637 -0.002903 0.357329 -9999.0
-9999.0 -0.363035 -1.216369 -0.510429 -0.252041 -1.557062 -2.638776 -4.328778 -4.834681 -4.944576 -3.428359 -1.346069 -0.003722 -0.002201 -0.103326 -3.955133 -3.613210 -3.121407 -0.348801 -0.021461 -0.002690 1.222043 2.040247 1.005816 2.329845 3.217158 4.920308 4.508981 3.913562 5.609377 5.939193 5.649024 4.528877 5.407819 6.359192 8.245133 10.209301 11.278045 10.473440 9.641174 8.812027 7.909158 6.847185 7.354892 7.412649 7.184690 5.401841 5.199898 4.699063 4.036726 2.451541 1.325956 0.450337 1.098686 0.347110 -0.021545 -0.174085 -0.034259 -0.014325 -0.070043 -0.008872 -9999.0 -9999.0
