erum2020/resources/simulation/Vinschgau/output-maps/TL0006N0805.asc
ncols         63
nrows         48
xllcorner     598000.000000
yllcorner     5145000.000000
cellsize      1000.000000
NODATA_value  -9999.0
[rows 0 to 27 of 48, columns 0 to 62 of 63]
-9999.0 -9999.0 -9999.0 -9999.0 -9999.0 -9999.0 -9999.0 -9999.0 -9999.0 -9999.0 -9999.0 -9999.0 -9999.0 -9999.0 -9999.0 -9999.0 -9999.0 -9999.0 -9999.0 -9999.0 -9999.0 -9999.0 -9999.0 -9999.0 -9999.0 -9999.0 -9999.0 -9999.0 -9999.0 -9999.0 -9999.0 -9999.0 -9999.0 -9999.0 -9999.0 -9999.0 -9999.0 -9999.0 -9999.0 -9999.0 -9999.0 -9999.0 -9999.0 -9999.0 -9999.0 -9999.0 -9999.0 -9999.0 -9999.0 -9999.0 -9999.0 -9999.0 -9999.0 -9999.0 -9999.0 -9999.0 -9999.0 -9999.0 -9999.0 -9999.0 -9999.0 -9999.0 -9999.0
-9999.0 -9999.0 -9999.0 -9999.0 -9999.0 -9999.0 -9999.0 -9999.0 -9999.0 -9999.0 -9999.0 -9999.0 -9999.0 -9999.0 -9999.0 -9999.0 -9999.0 -9999.0 -9999.0 -9999.0 -9999.0 -9999.0 -9999.0 -9999.0 -9999.0 -9999.0 -9999.0 -4.344370 -1.857699 -3.901260 -3.711321 -4.482378 -5.012243 -9999.0 -9999.0 -9999.0 -9999.0 -9999.0 -9999.0 -9999.0 -9999.0 -9999.0 -9999.0 -9999.0 -9999.0 -9999.0 -9999.0 -9999.0 -9999.0 -9999.0 -9999.0 -9999.0 -9999.0 -9999.0 -9999.0 -9999.0 -9999.0 -9999.0 -9999.0 -9999.0 -9999.0 -9999.0 -9999.0
-9999.0 -9999.0 -9999.0 -9999.0 -9999.0 -9999.0 -9999.0 -9999.0 -9999.0 -9999.0 -9999.0 -9999.0 -9999.0 -9999.0 -9999.0 -9999.0 -9999.0 -9999.0 -9999.0 -9999.0 -9999.0 -9999.0 -9999.0 -9999.0 -0.621702 -0.576649 -0.483094 -0.613485 -2.198104 -2.672153 -3.422015 -9999.0 -9999.0 -9999.0 -9999.0 -9999.0 -9999.0 -9999.0 -9999.0 -9999.0 -9999.0 -9999.0 -9999.0 -9999.0 -9999.0 -9999.0 -9999.0 -9999.0 -9999.0 -9999.0 -9999.0 -9999.0 -9999.0 -9999.0 -9999.0 -9999.0 -9999.0 -9999.0 -9999.0 -9999.0 -9999.0 -9999.0 -9999.0
-9999.0 -9999.0 -9999.0 -9999.0 -9999.0 -9999.0 -9999.0 -9999.0 -9999.0 -9999.0 -9999.0 -9999.0 -9999.0 -9999.0 -9999.0 -9999.0 -9999.0 -9999.0 -9999.0 -9999.0 -9999.0 -9999.0 -9999.0 -0.556674 -0.006841 0.214200 0.591405 0.824959 -0.002250 -1.205824 -2.863728 -4.136601 -9999.0 -9999.0 -9999.0 -9999.0 -9999.0 -9999.0 -9999.0 -9999.0 -9999.0 -9999.0 -9999.0 -9999.0 -9999.0 -9999.0 -9999.0 -9999.0 -9999.0 -9999.0 -9999.0 -9999.0 -9999.0 -9999.0 -9999.0 -9999.0 -9999.0 -9999.0 -9999.0 -9999.0 -9999.0 -9999.0 -9999.0
-9999.0 -9999.0 -9999.0 -9999.0 -9999.0 -9999.0 -9999.0 -9999.0 -9999.0 -9999.0 -9999.0 -9999.0 -9999.0 -9999.0 -9999.0 -9999.0 -9999.0 -9999.0 0.118920 -0.021956 -9999.0 -0.480246 -0.008386 0.021398 0.222976 1.148878 0.060519 0.049222 0.096946 0.003372 -1.395278 -2.702009 -5.479453 -7.331629 -9999.0 -9999.0 -9999.0 -9999.0 -9999.0 -9999.0 -9999.0 -9999.0 -9999.0 -9999.0 -9999.0 -9999.0 -9999.0 -9999.0 -9999.0 -9999.0 -9999.0 -9999.0 -9999.0 -9999.0 -9999.0 -9999.0 -9999.0 -9999.0 -9999.0 -9999.0 -9999.0 -9999.0 -9999.0
-9999.0 -9999.0 -9999.0 -9999.0 -9999.0 -9999.0 -9999.0 -9999.0 -9999.0 -9999.0 -9999.0 -9999.0 -9999.0 -9999.0 -9999.0 -9999.0 -9999.0 4.045879 2.110797 1.300573 -1.241855 0.003318 0.002563 -0.000055 0.120923 -0.000571 -0.002306 -0.002192 -0.002139 0.008522 -0.688426 -3.081025 -3.923537 -4.371221 -6.214172 -7.371016 -9999.0 -9999.0 -9999.0 -9999.0 -9999.0 -9999.0 -9999.0 -9999.0 -9999.0 -9999.0 -9999.0 -9999.0 -9999.0 -9999.0 -9999.0 -9999.0 -9999.0 -9999.0 -9999.0 -9999.0 -9999.0 -9999.0 -9999.0 -9999.0 -9999.0 -9999.0 -9999.0
-9999.0 -9999.0 -9999.0 -9999.0 -9999.0 -9999.0 -9999.0 -9999.0 -9999.0 -9999.0 -9999.0 -9999.0 -9999.0 -0.002121 0.012932 1.810910 3.577890 4.159081 3.619472 0.191321 0.099325 0.031670 0.322412 0.081094 -0.000994 -0.012260 -1.271187 -0.662695 -0.004869 -0.000893 -0.676582 -1.905612 -4.102432 -4.986414 -5.564678 -7.581048 -9999.0 -9999.0 -9999.0 -9999.0 -9999.0 -9999.0 -9999.0 -9999.0 -9999.0 -9999.0 -9999.0 -9999.0 -9999.0 -9999.0 -9999.0 -9999.0 -9999.0 -9999.0 -9999.0 -9999.0 -9999.0 -9999.0 -9999.0 -9999.0 -9999.0 -9999.0 -9999.0
-9999.0 -9999.0 -9999.0 -9999.0 -9999.0 -9999.0 -9999.0 -9999.0 -9999.0 -9999.0 -9999.0 -9999.0 -9999.0 0.000792 1.158323 2.522117 2.828251 3.101398 4.211641 1.569276 2.419061 0.767106 0.907651 0.001680 -0.000103 -0.002115 -1.861787 -4.042648 -5.088209 -1.008216 -0.865900 -3.305520 -5.494408 -9.232431 -7.123034 -9999.0 -9999.0 -9999.0 -9999.0 -9999.0 -9999.0 -9999.0 -9999.0 -9999.0 -9999.0 -9999.0 -9999.0 -9999.0 -9999.0 -9999.0 -9999.0 -9999.0 -9999.0 -9999.0 -9999.0 -9999.0 -9999.0 -9999.0 -9999.0 -9999.0 -9999.0 -9999.0 -9999.0
-9999.0 -9999.0 -9999.0 -9999.0 -9999.0 -9999.0 -9999.0 -9999.0 -9999.0 -9999.0 -9999.0 -9999.0 -9999.0 0.742642 0.754492 1.911777 2.106324 3.071778 4.495844 3.480072 1.045116 0.003630 -0.001829 -0.001654 0.005018 -0.002089 -2.626621 -5.380920 -3.987141 -8.149636 -4.090417 -9.609603 -10.030024 -10.171742 -8.028560 -9999.0 -9999.0 -9999.0 -9999.0 -9999.0 -9999.0 -9999.0 -9999.0 -9999.0 -9999.0 -9999.0 -9999.0 -9999.0 -9999.0 -9999.0 -9999.0 -9999.0 -9999.0 -9999.0 -9999.0 -9999.0 -9999.0 -9999.0 -9999.0 -9999.0 -9999.0 -9999.0 -9999.0
-9999.0 -9999.0 -9999.0 -9999.0 -9999.0 -9999.0 -9999.0 -9999.0 -9999.0 -9999.0 -9999.0 -9999.0 0.005190 0.121985 1.324640 0.016760 0.522019 2.367867 3.675859 2.281541 0.057694 -0.001097 -0.079437 -0.001987 -0.764329 -1.891806 -2.016308 -3.482148 -3.898168 -5.736368 -9.353864 -5.808608 -6.038651 -8.235155 -9999.0 -9999.0 -9999.0 -9999.0 -9999.0 -9999.0 -9999.0 -9999.0 -9999.0 -9999.0 -9999.0 -9999.0 -9999.0 -9999.0 -9999.0 -9999.0 -9999.0 -9999.0 -9999.0 -9999.0 -9999.0 -9999.0 -9999.0 -9999.0 -9999.0 -9999.0 -9999.0 -9999.0 -9999.0
-9999.0 -9999.0 -9999.0 -9999.0 -9999.0 -9999.0 -9999.0 -9999.0 -9999.0 -9999.0 -9999.0 -0.006537 0.471600 0.709829 0.570900 0.005743 1.063997 2.301960 3.708787 1.732132 0.833552 0.039183 -0.381691 -1.642232 -1.457726 -1.548407 -4.707226 -2.106999 -2.509946 -7.203915 -5.997893 -3.795392 -5.569662 -6.784274 -6.158470 -5.348564 -3.892381 -2.565863 -2.364049 -9999.0 -9999.0 -9999.0 -6.889850 -9999.0 -9999.0 -9999.0 -9999.0 -9999.0 -9999.0 -9999.0 -9999.0 -9999.0 -9999.0 -9999.0 -9999.0 -9999.0 -9999.0 -9999.0 -9999.0 -9999.0 -9999.0 -9999.0 -9999.0
-9999.0 -9999.0 -9999.0 -9999.0 -9999.0 -9999.0 -9999.0 -9999.0 -9999.0 -9999.0 -9999.0 -0.023028 0.804166 1.744152 1.869990 -0.001736 3.021407 2.942827 3.874935 2.532312 1.092657 -0.000272 -0.402700 -1.519760 -1.306115 -2.038321 -2.176091 -2.347088 -4.171852 -6.816102 -2.999276 -2.163501 -3.996231 -5.297674 -5.814190 -3.180806 -1.318146 -1.200144 -1.916164 -6.393123 -6.343517 -6.850656 -3.396156 -5.489630 -9999.0 -9999.0 -9999.0 -4.142525 -6.192615 -6.061218 -5.189689 -7.024130 -7.272664 -3.947953 -3.756864 -7.731311 -9999.0 -9999.0 -9999.0 -9999.0 -9999.0 -9999.0 -9999.0
-9999.0 -9999.0 -9999.0 -9999.0 -9999.0 -9999.0 -9999.0 -9999.0 -9999.0 -9999.0 -9999.0 -0.310547 -0.006882 -0.006240 0.012360 -0.000168 0.008636 2.335335 2.823153 2.665680 1.279932 -0.001242 -0.011254 -0.617408 -2.196916 -4.077101 -0.470482 -2.122146 -4.606639 -5.532496 -5.039474 -3.886085 -1.471083 -4.810377 -5.539705 -3.524417 -2.037012 -1.849151 -0.870957 -4.706107 -1.810097 -4.164844 -2.505351 -1.916286 -4.881949 -9999.0 -8.129348 -5.088295 -3.231153 -1.986788 -1.654082 -3.232784 -2.756674 -3.080175 -4.103869 -4.725368 -9999.0 -9999.0 -9999.0 -9999.0 -9999.0 -9999.0 -9999.0
-9999.0 -9999.0 -9999.0 -9999.0 -9999.0 -9999.0 -9999.0 -9999.0 -9999.0 -9999.0 -9999.0 -9999.0 -0.230037 -0.017554 -0.001093 -0.001051 -0.001445 1.643138 3.186404 2.651789 1.009855 -0.001818 -0.502436 -0.290854 -1.762786 -0.513183 -0.601574 -2.029226 -3.565165 -5.417608 -2.370358 -2.452035 -1.466953 -3.810885 -4.588131 -2.516109 -1.063899 -0.223174 0.065117 -1.482676 -1.092322 -1.938775 -2.907136 -0.434696 -5.021825 -5.102275 -6.448291 -4.819335 -3.228979 -0.825762 -0.001732 -2.237018 -1.176332 -2.586682 -4.464153 -3.664375 -3.875906 -9999.0 -9999.0 -9999.0 -9999.0 -9999.0 -9999.0
-9999.0 -9999.0 -9999.0 -9999.0 -9999.0 -9999.0 -9999.0 -9999.0 -9999.0 -9999.0 -9999.0 -0.343894 -0.531005 -0.275619 -0.539302 -0.002009 0.001702 0.930435 2.627100 3.013158 1.242658 -0.001837 -0.003728 -1.143200 -0.046759 -1.506663 -0.325034 -3.601200 -3.539893 -3.789819 -0.501786 -1.833464 -1.917606 -3.624191 -5.946031 -3.301365 -2.577363 -0.609022 0.056466 -0.264630 -0.642926 -0.010540 -0.538104 -0.710452 -0.322878 -2.994288 -4.197350 -3.734131 -2.706620 -0.032375 -3.973281 -3.494901 -5.291723 -6.641911 -7.947183 -8.060969 -5.738746 -9999.0 -9999.0 -9999.0 -9999.0 -9999.0 -9999.0
-9999.0 -9999.0 -9999.0 -9999.0 -9999.0 -9999.0 -9999.0 -9999.0 -9999.0 -9999.0 -0.625620 -0.055660 -0.426186 -0.369738 -0.001629 -0.003175 -0.004328 -0.001154 2.430155 2.678434 1.193392 0.130545 -0.284816 -0.003347 -0.000015 -0.730385 -1.494500 -4.907744 -1.510882 -0.595031 -1.042987 -0.890093 -1.073598 -3.816585 -7.775180 -5.012606 -1.430859 -0.870992 -0.047642 0.000133 -0.000527 0.161718 0.981171 0.284052 -0.001816 -3.478649 -1.669375 -1.089171 -1.163173 -0.001521 -4.956053 -6.316038 -8.491355 -9.030926 -9.485646 -3.944871 -4.461388 -9999.0 -9999.0 -9999.0 -9999.0 -9999.0 -9999.0
-9999.0 -9999.0 -9999.0 -9999.0 -9999.0 -9999.0 -9999.0 -9999.0 -9999.0 -1.883836 -0.555218 -0.858004 -0.679857 -0.004976 -0.201535 -0.074432 -0.001765 0.015834 2.111542 3.112636 1.526079 0.001201 -0.001510 0.006782 0.010199 -1.559579 -1.896323 -0.448474 -0.006123 -0.001694 -0.000777 -1.775144 -4.755676 -7.722331 -6.604648 -5.097023 -3.228715 -3.311716 -0.967196 -0.024384 -0.103380 -0.002138 -0.003577 0.878813 0.265566 -0.001836 -0.000305 -0.825820 -0.809540 0.022823 -2.727738 -5.796096 -9.773692 -8.650996 -6.981272 -6.228111 -4.263538 -5.179390 -6.531735 -9999.0 -9999.0 -9999.0 -9999.0
-9999.0 -9999.0 -9999.0 -9999.0 -9999.0 -9999.0 -9999.0 -9999.0 -9999.0 -4.732523 -4.567474 -1.087306 0.010672 -0.000443 -0.001869 -0.005150 -0.001253 0.005590 2.654779 2.571570 2.189795 1.206816 0.232455 0.003059 -1.145948 -0.581909 -0.003800 0.000437 0.000795 0.004037 -0.001036 -2.162568 -2.793089 -4.691995 -3.532181 -4.919432 -4.383438 -2.968701 -2.098610 -0.839131 -0.399302 -1.467895 -0.003285 0.001580 1.561400 0.855657 0.500232 -0.000530 -0.001765 -0.000396 -3.016488 -5.952088 -8.250632 -7.207207 -6.310450 -3.752169 -4.822491 -2.561707 -3.982078 -9999.0 -9999.0 -9999.0 -9999.0
-9999.0 -9999.0 -9999.0 -9999.0 -9999.0 -9999.0 -9999.0 -9999.0 -9999.0 -9999.0 -2.818408 -1.278718 -0.007259 -0.004800 -0.000370 -0.001843 0.000280 0.346113 3.361676 3.022147 2.124952 1.245682 -0.000983 -0.001193 -0.021898 -0.001726 -0.000771 0.007965 -0.000558 -1.543618 -2.058256 -1.066599 -4.250010 -4.236117 -3.398421 -1.919732 -0.427727 -0.024654 -4.351430 -3.064570 -3.316349 -0.427800 -0.004681 -0.001193 -0.001044 -0.000459 0.353302 0.693750 1.193547 -0.001220 -1.973584 -3.253066 -7.073445 -8.039444 -7.268405 -5.221557 -2.688313 -0.678329 -1.302710 -0.000563 -9999.0 -9999.0 -9999.0
-9999.0 -9999.0 -9999.0 -9999.0 -9999.0 -9999.0 -9999.0 -9999.0 -9999.0 -9999.0 -3.731677 -1.647441 -0.479239 -0.281601 0.175236 -0.000359 -0.000354 1.432545 3.858261 3.709179 2.526543 0.200083 -0.001370 -0.002426 -0.001830 0.009446 0.568907 -0.002042 -1.352800 -3.824436 -2.860981 -2.142454 -4.529656 -4.956241 -2.352943 -1.636139 -0.666049 -0.385855 -2.236592 -3.808971 -2.324196 -2.392234 -2.008671 -1.291882 -0.022339 -0.349549 -0.001580 -0.001062 1.540013 0.926440 -0.002404 -2.343830 -4.367982 -6.619787 -8.665096 -7.815950 -5.132211 -0.889949 0.678791 0.737660 -9999.0 -9999.0 -9999.0
-9999.0 -9999.0 -9999.0 -9999.0 -9999.0 -9999.0 -9999.0 -9999.0 -0.629023 -2.144607 -4.187102 -1.342939 -2.003740 -1.905533 -0.216758 0.920328 1.659924 2.090474 3.753744 4.311120 4.335772 2.628482 1.633909 0.000833 0.005541 1.370663 0.073649 -0.328165 -1.316000 -4.068413 -8.313446 -3.212380 -2.569007 -4.478685 -3.416125 -1.954756 -0.000835 -0.017892 -2.655685 -5.025129 -3.837060 -1.204273 -3.989784 -4.723520 -1.941761 -0.515042 -2.468353 -0.006120 -0.001121 1.339484 -0.002215 -0.975524 -2.857518 -6.484771 -7.360124 -4.195208 -4.840727 -0.005403 -0.000484 2.440373 -9999.0 -9999.0 -9999.0
-9999.0 -9999.0 -9999.0 -9999.0 -9999.0 -9999.0 -9999.0 -9999.0 -3.431643 -1.127786 -3.279457 -3.906634 -1.828566 -1.496393 -0.011680 -0.000992 0.664473 1.206394 4.368701 4.797283 4.595542 3.724112 2.274251 0.880238 2.012839 2.156854 0.230883 -0.178787 -4.103005 -3.538414 -4.611814 -4.501112 -4.107796 -4.338555 -1.429853 -0.494272 -0.002473 -0.003769 -0.477152 -1.429192 -2.709213 -6.873018 -4.289986 -1.355514 -0.671706 -0.360229 -4.351024 -1.523977 -0.002249 0.864344 0.739561 -0.005721 -3.625868 -4.634654 -1.848299 -3.114718 -0.971968 -0.001761 1.430454 3.992781 4.925208 -9999.0 -9999.0
-9999.0 -9999.0 -9999.0 -9999.0 -9999.0 -9999.0 -9999.0 -9999.0 -2.564068 -1.849998 -1.498027 -4.105512 -2.389105 -3.606215 -0.007021 -0.799800 -0.001568 0.853713 4.502497 4.718119 5.247926 4.570419 3.814275 3.400571 2.597258 1.848728 0.002099 -0.502576 -4.654365 -2.144233 -3.885670 -1.092507 -1.508284 -1.744102 -0.372966 -0.391209 -0.150736 1.117774 -0.001828 -0.646644 -1.490710 -3.788964 -1.343928 -1.946028 -1.122466 -1.416564 -4.950022 -1.901013 -1.570456 -0.001030 1.912918 -0.001901 -2.561816 -3.490062 -1.408036 -0.009731 0.004704 1.324944 3.356966 3.747437 4.570974 -9999.0 -9999.0
-9999.0 -9999.0 -9999.0 -9999.0 -9999.0 -9999.0 -9999.0 -9999.0 -6.043119 -1.372744 -0.959657 -4.540992 -2.543342 -0.593316 -0.361390 0.000077 2.680839 4.169772 2.907388 4.972210 4.628834 5.086791 4.641701 4.166048 2.592711 0.285909 -0.001664 -2.086504 -0.480874 -0.566484 -0.812167 -0.384102 -0.049103 -0.007916 -0.281663 -0.002130 0.013690 2.603032 0.001834 -0.001793 -1.074247 -0.435782 -1.011235 -1.945906 -1.688853 -3.617074 -1.482534 -2.756543 -1.835398 -0.963579 -0.001430 1.529722 -0.001117 -0.001560 0.005634 0.497851 1.974041 3.051675 4.298698 4.345908 3.324889 1.737549 -9999.0
-9999.0 -9999.0 -9999.0 -9999.0 -9999.0 -9999.0 -9999.0 -9999.0 -5.166864 -1.503949 -0.903857 -1.670963 -2.169254 -0.741046 0.011375 0.990853 1.468299 1.384865 0.003195 1.578209 3.871945 4.492255 4.732443 4.450413 1.648721 0.000406 -0.270744 -0.001771 0.002425 -0.005357 -0.001281 -0.001461 0.466306 0.004822 0.000930 0.007951 1.084533 4.364483 3.700345 0.749960 0.001885 0.000314 -0.000970 -0.000265 -0.887823 -0.335825 -0.002613 -0.605560 -0.002405 -0.001417 0.247237 0.936016 1.299107 0.625989 1.270111 1.738155 2.507869 3.201923 3.654106 3.205035 2.800687 1.145229 -9999.0
-9999.0 -9999.0 -1.835305 -0.622055 -2.427322 -0.629313 -2.279856 -2.710579 -2.407037 -1.898132 -0.503218 -0.587152 -1.399532 -0.001163 0.254147 0.731907 -0.001138 -0.479626 -0.004242 0.000165 1.501342 4.013272 3.770786 5.527586 2.671319 0.928199 -0.000133 0.000703 1.221774 0.045388 -0.000595 0.001506 1.567831 1.831403 2.240832 3.126876 4.454388 6.460124 5.364270 3.014861 2.249155 2.257443 2.491108 1.039366 -0.000589 0.000983 0.247715 0.708706 1.033013 2.039340 2.717808 2.830278 2.187989 1.772967 1.711472 2.344682 1.990590 2.445520 1.928382 2.248897 0.700626 0.437633 -9999.0
-9999.0 -0.004893 -0.336165 -0.413239 -0.588582 -2.044944 -2.271721 -2.291563 -4.018850 -4.039593 -1.590087 -0.388814 -0.000752 0.113360 0.144626 -0.316826 -0.476440 -1.305383 -0.024368 -0.000263 1.346186 2.680781 2.292685 3.240304 3.193709 2.321578 1.471233 1.708111 2.496613 1.580689 1.389414 1.297497 2.382126 3.797033 4.902175 6.172231 7.532529 9.428134 7.708184 6.318522 5.448687 5.229357 4.490119 3.158113 2.092285 2.542375 2.909979 4.234657 4.118780 4.283213 3.444274 2.716743 1.750044 1.130599 1.088703 0.674886 0.338440 0.639436 0.294603 0.017241 0.000546 0.234626 -9999.0
-9999.0 -0.072714 -0.673873 -0.199013 0.026829 -1.403491 -2.583889 -2.415257 -2.590746 -4.408803 -1.903857 -0.825075 -0.001602 0.152574 -0.002128 -2.563913 -3.180846 -1.706384 -0.174400 -0.005664 0.021115 1.006805 1.678557 1.050675 2.581570 3.574009 4.868164 4.608910 4.055108 4.841234 5.697203 5.241414 4.214165 5.143922 6.299095 8.058406 10.079120 11.239928 10.156740 9.358561 8.567798 7.686485 6.509226 7.018539 7.306649 6.812205 5.504529 5.257055 4.754154 4.132389 2.476254 1.198499 0.412493 0.794213 0.326989 -0.001952 -0.007719 -0.002050 -0.001847 -0.002061 -0.001907 -9999.0 -9999.0
