erum2020/resources/simulation/Vinschgau/output-maps/TL0005N1023.asc
ncols         63
nrows         48
xllcorner     598000.000000
yllcorner     5145000.000000
cellsize      1000.000000
NODATA_value  -9999.0
[rows 0 to 27 of 48, columns 0 to 62 of 63]
-9999.0 -9999.0 -9999.0 -9999.0 -9999.0 -9999.0 -9999.0 -9999.0 -9999.0 -9999.0 -9999.0 -9999.0 -9999.0 -9999.0 -9999.0 -9999.0 -9999.0 -9999.0 -9999.0 -9999.0 -9999.0 -9999.0 -9999.0 -9999.0 -9999.0 -9999.0 -9999.0 -9999.0 -9999.0 -9999.0 -9999.0 -9999.0 -9999.0 -9999.0 -9999.0 -9999.0 -9999.0 -9999.0 -9999.0 -9999.0 -9999.0 -9999.0 -9999.0 -9999.0 -9999.0 -9999.0 -9999.0 -9999.0 -9999.0 -9999.0 -9999.0 -9999.0 -9999.0 -9999.0 -9999.0 -9999.0 -9999.0 -9999.0 -9999.0 -9999.0 -9999.0 -9999.0 -9999.0
-9999.0 -9999.0 -9999.0 -9999.0 -9999.0 -9999.0 -9999.0 -9999.0 -9999.0 -9999.0 -9999.0 -9999.0 -9999.0 -9999.0 -9999.0 -9999.0 -9999.0 -9999.0 -9999.0 -9999.0 -9999.0 -9999.0 -9999.0 -9999.0 -9999.0 -9999.0 -9999.0 -2.068117 -0.884643 -1.810651 -2.641442 -3.156495 -2.571683 -9999.0 -9999.0 -9999.0 -9999.0 -9999.0 -9999.0 -9999.0 -9999.0 -9999.0 -9999.0 -9999.0 -9999.0 -9999.0 -9999.0 -9999.0 -9999.0 -9999.0 -9999.0 -9999.0 -9999.0 -9999.0 -9999.0 -9999.0 -9999.0 -9999.0 -9999.0 -9999.0 -9999.0 -9999.0 -9999.0
-9999.0 -9999.0 -9999.0 -9999.0 -9999.0 -9999.0 -9999.0 -9999.0 -9999.0 -9999.0 -9999.0 -9999.0 -9999.0 -9999.0 -9999.0 -9999.0 -9999.0 -9999.0 -9999.0 -9999.0 -9999.0 -9999.0 -9999.0 -9999.0 -0.555906 -1.034615 -0.936853 -0.534666 -0.593319 -1.299748 -2.833951 -9999.0 -9999.0 -9999.0 -9999.0 -9999.0 -9999.0 -9999.0 -9999.0 -9999.0 -9999.0 -9999.0 -9999.0 -9999.0 -9999.0 -9999.0 -9999.0 -9999.0 -9999.0 -9999.0 -9999.0 -9999.0 -9999.0 -9999.0 -9999.0 -9999.0 -9999.0 -9999.0 -9999.0 -9999.0 -9999.0 -9999.0 -9999.0
-9999.0 -9999.0 -9999.0 -9999.0 -9999.0 -9999.0 -9999.0 -9999.0 -9999.0 -9999.0 -9999.0 -9999.0 -9999.0 -9999.0 -9999.0 -9999.0 -9999.0 -9999.0 -9999.0 -9999.0 -9999.0 -9999.0 -9999.0 -0.611806 -0.638094 1.199415 1.652841 2.415625 1.399032 -0.802873 -1.461209 -2.786434 -9999.0 -9999.0 -9999.0 -9999.0 -9999.0 -9999.0 -9999.0 -9999.0 -9999.0 -9999.0 -9999.0 -9999.0 -9999.0 -9999.0 -9999.0 -9999.0 -9999.0 -9999.0 -9999.0 -9999.0 -9999.0 -9999.0 -9999.0 -9999.0 -9999.0 -9999.0 -9999.0 -9999.0 -9999.0 -9999.0 -9999.0
-9999.0 -9999.0 -9999.0 -9999.0 -9999.0 -9999.0 -9999.0 -9999.0 -9999.0 -9999.0 -9999.0 -9999.0 -9999.0 -9999.0 -9999.0 -9999.0 -9999.0 -9999.0 2.607714 -0.202383 -9999.0 -0.723117 -0.339214 0.857956 1.262706 2.457288 1.412255 1.192270 0.886795 -0.013347 -0.586512 -1.916476 -2.188241 -2.572446 -9999.0 -9999.0 -9999.0 -9999.0 -9999.0 -9999.0 -9999.0 -9999.0 -9999.0 -9999.0 -9999.0 -9999.0 -9999.0 -9999.0 -9999.0 -9999.0 -9999.0 -9999.0 -9999.0 -9999.0 -9999.0 -9999.0 -9999.0 -9999.0 -9999.0 -9999.0 -9999.0 -9999.0 -9999.0
-9999.0 -9999.0 -9999.0 -9999.0 -9999.0 -9999.0 -9999.0 -9999.0 -9999.0 -9999.0 -9999.0 -9999.0 -9999.0 -9999.0 -9999.0 -9999.0 -9999.0 4.696061 3.261199 2.396122 -0.069962 -0.100091 -0.012863 -0.006816 1.774534 -0.004426 -0.408123 -0.020592 -0.098631 -0.003388 -0.401358 -0.880919 -1.419964 -2.169545 -2.422154 -3.057267 -9999.0 -9999.0 -9999.0 -9999.0 -9999.0 -9999.0 -9999.0 -9999.0 -9999.0 -9999.0 -9999.0 -9999.0 -9999.0 -9999.0 -9999.0 -9999.0 -9999.0 -9999.0 -9999.0 -9999.0 -9999.0 -9999.0 -9999.0 -9999.0 -9999.0 -9999.0 -9999.0
-9999.0 -9999.0 -9999.0 -9999.0 -9999.0 -9999.0 -9999.0 -9999.0 -9999.0 -9999.0 -9999.0 -9999.0 -9999.0 -0.047228 -0.003975 2.758143 4.275166 8.145338 4.335720 1.926282 1.327293 0.869317 1.536634 1.840108 -0.005500 -0.186610 -0.979680 -2.396860 -0.962627 -0.029301 -1.272206 -0.873828 -0.581216 -2.136049 -2.802727 -2.997607 -9999.0 -9999.0 -9999.0 -9999.0 -9999.0 -9999.0 -9999.0 -9999.0 -9999.0 -9999.0 -9999.0 -9999.0 -9999.0 -9999.0 -9999.0 -9999.0 -9999.0 -9999.0 -9999.0 -9999.0 -9999.0 -9999.0 -9999.0 -9999.0 -9999.0 -9999.0 -9999.0
-9999.0 -9999.0 -9999.0 -9999.0 -9999.0 -9999.0 -9999.0 -9999.0 -9999.0 -9999.0 -9999.0 -9999.0 -9999.0 -0.007108 2.378919 3.521007 3.521944 6.325428 8.233427 2.940071 3.424912 3.072585 1.562360 0.440568 -0.017917 -0.101041 -0.741175 -1.964605 -1.785732 -0.569209 -2.593231 -1.210571 -2.052507 -6.798900 -3.671239 -9999.0 -9999.0 -9999.0 -9999.0 -9999.0 -9999.0 -9999.0 -9999.0 -9999.0 -9999.0 -9999.0 -9999.0 -9999.0 -9999.0 -9999.0 -9999.0 -9999.0 -9999.0 -9999.0 -9999.0 -9999.0 -9999.0 -9999.0 -9999.0 -9999.0 -9999.0 -9999.0 -9999.0
-9999.0 -9999.0 -9999.0 -9999.0 -9999.0 -9999.0 -9999.0 -9999.0 -9999.0 -9999.0 -9999.0 -9999.0 -9999.0 2.071981 2.871181 3.405525 3.035124 3.846860 8.519436 4.282881 4.107804 0.904426 -0.010163 -0.035365 -0.004192 -0.015401 -0.672564 -1.985767 -3.200287 -5.856450 -2.702719 -7.435690 -7.614434 -10.782546 -4.261916 -9999.0 -9999.0 -9999.0 -9999.0 -9999.0 -9999.0 -9999.0 -9999.0 -9999.0 -9999.0 -9999.0 -9999.0 -9999.0 -9999.0 -9999.0 -9999.0 -9999.0 -9999.0 -9999.0 -9999.0 -9999.0 -9999.0 -9999.0 -9999.0 -9999.0 -9999.0 -9999.0 -9999.0
-9999.0 -9999.0 -9999.0 -9999.0 -9999.0 -9999.0 -9999.0 -9999.0 -9999.0 -9999.0 -9999.0 -9999.0 -0.008359 1.793284 2.768858 1.059490 1.331634 3.322152 6.946879 4.190348 1.203397 -0.027277 -0.234108 -0.103923 -1.378148 -0.769337 -2.517791 -1.554870 -1.870705 -3.213302 -7.359582 -2.257066 -3.382626 -3.081630 -9999.0 -9999.0 -9999.0 -9999.0 -9999.0 -9999.0 -9999.0 -9999.0 -9999.0 -9999.0 -9999.0 -9999.0 -9999.0 -9999.0 -9999.0 -9999.0 -9999.0 -9999.0 -9999.0 -9999.0 -9999.0 -9999.0 -9999.0 -9999.0 -9999.0 -9999.0 -9999.0 -9999.0 -9999.0
-9999.0 -9999.0 -9999.0 -9999.0 -9999.0 -9999.0 -9999.0 -9999.0 -9999.0 -9999.0 -9999.0 -0.196428 1.948944 1.637973 2.095546 1.031967 3.076433 3.457417 6.764500 4.430327 2.059460 0.210092 -0.691780 -0.571946 -1.361975 -1.696174 -1.713521 -2.263770 -1.731471 -2.828994 -2.294703 -1.692801 -2.757886 -2.561145 -3.549461 -2.610881 -1.567619 -0.928845 -2.147842 -9999.0 -9999.0 -9999.0 -2.694137 -9999.0 -9999.0 -9999.0 -9999.0 -9999.0 -9999.0 -9999.0 -9999.0 -9999.0 -9999.0 -9999.0 -9999.0 -9999.0 -9999.0 -9999.0 -9999.0 -9999.0 -9999.0 -9999.0 -9999.0
-9999.0 -9999.0 -9999.0 -9999.0 -9999.0 -9999.0 -9999.0 -9999.0 -9999.0 -9999.0 -9999.0 -0.159486 2.088568 3.559250 3.411800 -0.018066 5.317793 4.245898 7.002437 4.770191 4.055524 -0.012926 -0.713885 -1.664008 -3.147900 -1.116494 -1.085850 -1.629888 -1.660256 -2.580451 -2.366857 -1.165796 -1.895520 -3.721571 -2.596359 -2.356453 -1.236571 -0.589042 -0.772699 -2.452713 -2.397501 -2.623714 -2.537299 -2.073029 -9999.0 -9999.0 -9999.0 -3.330291 -3.583986 -3.506889 -3.774746 -3.024672 -3.416149 -4.016390 -4.012307 -3.296703 -9999.0 -9999.0 -9999.0 -9999.0 -9999.0 -9999.0 -9999.0
-9999.0 -9999.0 -9999.0 -9999.0 -9999.0 -9999.0 -9999.0 -9999.0 -9999.0 -9999.0 -9999.0 -0.178346 -0.047755 -0.140112 -0.002720 -0.001742 0.933723 3.513105 5.424333 4.778215 1.737560 -0.008085 -0.655701 -0.549330 -0.924255 -1.122630 -2.296754 -2.851447 -1.454061 -3.740157 -1.810043 -3.337894 -1.580511 -3.443887 -3.223425 -1.445968 -2.465303 -1.995972 -0.219767 -1.637498 -1.964126 -1.610066 -1.557912 -1.198548 -3.637617 -9999.0 -3.225802 -3.792623 -2.595525 -0.828360 -0.554120 -1.541667 -0.863275 -1.627069 -2.948931 -3.392775 -9999.0 -9999.0 -9999.0 -9999.0 -9999.0 -9999.0 -9999.0
-9999.0 -9999.0 -9999.0 -9999.0 -9999.0 -9999.0 -9999.0 -9999.0 -9999.0 -9999.0 -9999.0 -9999.0 -0.330208 -0.132773 -0.007843 -0.006545 -0.005021 2.609802 6.442814 4.718644 1.634250 -0.007805 -0.381483 -1.948136 -2.057635 -0.904715 -0.361468 -0.566128 -2.677794 -2.112196 -1.122715 -3.100304 -0.714342 -2.914506 -3.280534 -2.063672 -2.900991 -1.825775 0.953384 -0.604063 -0.928622 -0.414843 -2.484353 -0.830585 -1.782937 -3.230321 -2.800539 -3.499293 -3.556538 -2.410363 -0.122948 -2.993297 -3.012282 -3.657616 -4.174600 -2.821101 -3.446342 -9999.0 -9999.0 -9999.0 -9999.0 -9999.0 -9999.0
-9999.0 -9999.0 -9999.0 -9999.0 -9999.0 -9999.0 -9999.0 -9999.0 -9999.0 -9999.0 -9999.0 -1.752280 -0.445804 -0.240637 -0.878860 -0.016324 -0.003046 1.682262 5.748511 3.857095 2.174888 -0.003633 -0.048589 -0.825340 -0.777939 -1.799793 -1.694365 -1.678269 -1.604300 -1.426640 -0.944301 -2.268554 -0.804991 -2.813071 -3.865236 -2.396807 -0.828961 -1.293377 -0.016982 -0.037706 -1.145785 -0.174602 -0.954513 -1.501510 -0.574966 -1.315364 -1.980971 -1.606536 -0.408380 -0.073306 -2.916200 -1.420131 -4.716828 -5.290772 -6.171052 -7.430252 -2.880012 -9999.0 -9999.0 -9999.0 -9999.0 -9999.0 -9999.0
-9999.0 -9999.0 -9999.0 -9999.0 -9999.0 -9999.0 -9999.0 -9999.0 -9999.0 -9999.0 -0.312695 -2.027180 -0.359270 -0.220383 -0.029261 -0.190556 -0.211045 -0.004524 3.126776 3.493516 3.147510 1.848665 -0.398028 -0.067250 -0.078759 -1.546275 -1.421283 -4.223448 -0.533570 -0.860909 -1.728149 -1.829753 -0.408266 -2.851132 -3.072887 -1.744280 -0.540018 -2.552185 -0.709570 -0.004070 -0.005083 1.098114 4.093874 0.635277 -0.142037 -0.796522 -0.623220 -2.337836 -1.660514 -0.026632 -4.557960 -2.862551 -6.632846 -7.980335 -7.276743 -2.849117 -2.728862 -9999.0 -9999.0 -9999.0 -9999.0 -9999.0 -9999.0
-9999.0 -9999.0 -9999.0 -9999.0 -9999.0 -9999.0 -9999.0 -9999.0 -9999.0 -0.881378 -0.580153 -1.966059 -1.358329 -0.964950 -1.019824 -0.205103 -0.122997 -0.002189 3.010243 3.674753 3.469708 -0.007135 -0.008806 -0.004330 -0.005686 -1.296075 -2.237153 -0.565810 -1.764996 -0.247727 -0.005418 -1.486487 -1.525922 -6.703314 -2.427765 -1.857602 -1.393720 -2.977914 -0.681430 -0.444135 -0.433818 -0.213066 -0.311055 1.433543 0.656104 -0.094353 -0.055483 -0.832034 -0.824905 -0.004417 -1.342174 -2.433960 -8.876447 -4.134331 -3.193482 -4.595354 -3.870917 -1.914888 -2.843892 -9999.0 -9999.0 -9999.0 -9999.0
-9999.0 -9999.0 -9999.0 -9999.0 -9999.0 -9999.0 -9999.0 -9999.0 -9999.0 -2.190865 -0.854844 -0.641751 -0.016802 -0.022251 -0.139562 -0.962965 -0.043185 -0.003512 3.534841 4.439030 4.049769 3.478586 2.088127 -0.015505 -0.910236 -1.114985 -0.921920 -0.082359 -0.003335 -0.014865 -0.079187 -1.867084 -2.054732 -3.423139 -2.599508 -1.681864 -1.490979 -0.639412 -0.852749 -0.794519 -2.464911 -1.398020 -0.304631 -0.002783 1.952086 1.672135 1.313545 -0.005963 -0.018580 -0.004513 -2.734668 -5.195419 -4.116051 -3.484577 -3.255264 -5.606840 -3.579520 -2.985802 -1.167187 -9999.0 -9999.0 -9999.0 -9999.0
-9999.0 -9999.0 -9999.0 -9999.0 -9999.0 -9999.0 -9999.0 -9999.0 -9999.0 -9999.0 -1.281380 -0.600157 -0.167161 -0.497672 -0.009449 -0.118382 -0.023644 1.170106 4.428226 3.783593 4.089371 2.141406 -0.005129 -0.264412 -0.809045 -0.078430 -0.004840 0.469067 -0.037207 -1.438949 -1.779148 -2.686478 -3.418546 -3.120503 -1.580193 -0.794416 -0.482533 -0.608756 -1.280632 -2.371916 -1.254904 -0.462015 -0.036595 -0.087141 -0.006031 -0.004011 0.896655 2.544110 2.006782 -0.006077 -1.688446 -3.437781 -3.291721 -4.111290 -3.669468 -3.620209 -1.770507 -1.568404 -1.254396 -0.052116 -9999.0 -9999.0 -9999.0
-9999.0 -9999.0 -9999.0 -9999.0 -9999.0 -9999.0 -9999.0 -9999.0 -9999.0 -9999.0 -2.696626 -0.604385 -0.473389 -0.107988 1.425447 -0.005538 -0.004876 2.045901 4.804930 5.059221 3.017273 0.853743 -0.008088 -0.157374 -0.079232 -0.003150 1.287293 -0.008571 -1.123512 -3.133500 -1.152300 -1.158095 -3.989416 -3.437142 -1.006192 -0.606441 -1.481701 -1.798773 -1.478482 -1.823403 -2.129186 -0.547902 -2.536330 -0.759236 -0.118569 -0.244615 -0.024923 -0.006018 2.225526 1.675095 -0.020969 -1.600392 -3.974143 -2.917761 -4.733636 -3.950968 -3.507975 -0.546493 1.279938 1.608284 -9999.0 -9999.0 -9999.0
-9999.0 -9999.0 -9999.0 -9999.0 -9999.0 -9999.0 -9999.0 -9999.0 -0.576046 -1.184730 -1.712384 -1.485149 -2.586753 -1.068043 -0.055282 1.229756 2.382190 4.333848 4.654614 5.560688 4.782025 3.602663 2.451135 0.660469 -0.004295 1.585989 1.574518 -0.649898 -1.130747 -3.178434 -6.384287 -2.357546 -2.301334 -3.357775 -2.006779 -0.759989 -0.056363 -0.422742 -2.365182 -1.674531 -1.846466 -0.551138 -3.036688 -1.483272 -0.362436 -0.259701 -2.192558 -0.917878 -0.006089 1.841708 -0.009585 -0.556750 -3.822129 -5.562283 -3.608791 -3.154867 -1.732521 -0.144807 -0.003947 3.473293 -9999.0 -9999.0 -9999.0
-9999.0 -9999.0 -9999.0 -9999.0 -9999.0 -9999.0 -9999.0 -9999.0 -2.912831 -2.883140 -2.411021 -1.694727 -0.734423 -2.005259 -0.765049 -0.003961 1.399490 2.043829 5.184345 6.100473 7.413910 6.075248 5.169415 4.221218 2.893801 2.725103 0.550940 -0.918274 -3.964335 -2.938422 -3.352572 -1.656551 -1.901249 -1.702820 -1.567756 -0.789804 -0.028860 -0.187010 -0.989920 -0.626894 -1.100790 -5.325910 -1.322888 -0.977835 -0.451388 -1.169224 -3.673320 -0.522158 -0.233193 1.244538 1.417967 -0.142887 -4.030216 -3.439213 -0.778869 -1.869285 -0.798124 -0.034874 2.155651 4.604116 5.980327 -9999.0 -9999.0
-9999.0 -9999.0 -9999.0 -9999.0 -9999.0 -9999.0 -9999.0 -9999.0 -1.019431 -0.827046 -2.124933 -3.226239 -1.458130 -2.850742 -0.936248 -0.620311 -0.006072 1.829810 5.083093 7.328379 6.569595 6.977118 6.557696 4.882610 4.615176 2.720509 -0.003528 -1.073404 -4.892620 -1.665715 -1.168014 -0.618521 -1.596144 -1.128583 -0.660171 -0.075999 -0.078036 1.301724 -0.025552 -2.377838 -0.615304 -0.904097 -0.922670 -0.893984 -0.995583 -0.591514 -1.686183 -0.898058 -1.871062 -0.004230 2.235153 -0.006839 -2.837722 -3.808266 -1.103954 -0.519646 0.657734 2.049194 4.243566 4.870685 5.232897 -9999.0 -9999.0
-9999.0 -9999.0 -9999.0 -9999.0 -9999.0 -9999.0 -9999.0 -9999.0 -2.993701 -0.425462 -1.510121 -4.313914 -0.584618 -1.111112 -0.234648 -0.004275 3.650542 4.874263 4.697816 5.373218 5.940279 6.311972 6.701436 6.296671 3.209029 0.665814 -0.041819 -1.811696 -0.417866 -2.254703 -1.066114 -0.869457 -0.035286 -0.389287 -0.226518 -0.042646 0.836042 3.521911 0.345194 -0.092840 -0.482624 -0.723116 -0.787213 -0.367527 -0.715977 -0.838874 -0.912432 -1.323885 -0.732797 -0.623099 -0.003698 1.831364 -0.004670 -0.729855 -0.006162 1.264705 2.841200 4.075047 5.052957 5.002611 4.092200 2.165757 -9999.0
-9999.0 -9999.0 -9999.0 -9999.0 -9999.0 -9999.0 -9999.0 -9999.0 -3.906514 -1.170079 -2.149962 -1.403840 -0.266696 -0.228868 -0.013785 1.712681 3.089006 2.064269 0.401318 2.436917 4.381860 5.643178 5.944541 5.659451 3.755065 -0.005624 -0.925174 -0.083663 -0.012420 -0.355765 -0.324422 -0.008971 1.621217 0.373929 -0.005438 -0.002352 2.012430 5.581399 5.059883 1.539466 -0.004699 -0.021083 -0.162772 -0.047763 -0.886568 -0.195357 -0.790448 -1.199762 -0.230440 -0.005943 1.002759 1.271980 1.593873 1.384425 1.826187 2.116222 2.977308 3.789046 4.398168 4.083909 3.636030 1.593112 -9999.0
-9999.0 -9999.0 -0.719768 -0.511565 -3.345439 -1.306043 -2.719458 -2.150738 -2.952914 -2.274043 -1.055038 -0.510297 -0.127658 -0.105309 2.130966 1.209785 -0.005801 -1.067396 -0.814180 -0.004288 2.314831 4.986351 4.557642 5.857432 3.730983 1.600942 -0.005462 -0.004755 1.699780 1.767167 -0.004604 -0.004542 3.847204 2.717667 3.142641 4.131636 5.517950 7.888173 6.871729 4.141820 3.226649 3.157233 3.216970 1.883384 -0.004808 -0.005836 1.067643 1.087396 1.857909 2.811406 3.538463 3.300957 2.703987 2.245683 2.137484 4.459987 2.774946 3.170397 2.798852 2.852834 2.730343 0.852982 -9999.0
-9999.0 -1.011924 -2.584892 -0.946252 -1.158527 -1.070723 -2.138587 -2.647264 -3.613640 -3.048061 -1.911332 -0.702301 -0.018032 -0.018747 -0.001248 -0.185812 -0.838388 -1.651406 -0.944785 -0.004161 2.081959 3.783947 4.428686 4.138592 5.533827 3.424196 3.482922 3.708139 3.490804 2.422512 2.282194 2.310263 3.736719 6.103060 6.315423 7.394637 9.678789 10.902739 9.060139 7.324495 7.000105 6.617416 5.670758 4.352461 3.077617 3.345130 3.637334 5.514294 5.280945 5.506789 4.065471 3.295911 2.548269 1.805545 1.725754 1.276592 0.557237 0.897361 1.009439 0.887875 -0.003195 0.650040 -9999.0
-9999.0 -0.316514 -0.909097 -0.261811 -0.039989 -0.529260 -2.352292 -3.136677 -2.235036 -3.233009 -2.383829 -1.081034 -0.004346 0.830417 -0.234728 -3.150514 -2.468164 -1.961888 -0.948945 -0.027475 1.778245 1.510885 2.429953 2.237125 5.040110 6.009273 5.187437 5.545590 4.812336 6.031289 6.253836 5.993939 5.472459 6.359303 8.570038 9.515697 13.155907 14.486031 12.136543 11.391878 10.466938 9.335829 8.686329 7.709956 7.680680 7.521331 6.567425 6.114236 5.548687 4.853138 3.246575 1.569983 0.662273 1.306430 0.515858 -0.024609 -0.204210 -0.050515 -0.034370 -0.107899 -0.021320 -9999.0 -9999.0
