erum2020/resources/simulation/Vinschgau/output-maps/TL0004N0004.asc
ncols         63
nrows         48
xllcorner     598000.000000
yllcorner     5145000.000000
cellsize      1000.000000
NODATA_value  -9999.0
[rows 0 to 28 of 48, columns 0 to 62 of 63]
-9999.0 -9999.0 -9999.0 -9999.0 -9999.0 -9999.0 -9999.0 -9999.0 -9999.0 -9999.0 -9999.0 -9999.0 -9999.0 -9999.0 -9999.0 -9999.0 -9999.0 -9999.0 -9999.0 -9999.0 -9999.0 -9999.0 -9999.0 -9999.0 -9999.0 -9999.0 -9999.0 -9999.0 -9999.0 -9999.0 -9999.0 -9999.0 -9999.0 -9999.0 -9999.0 -9999.0 -9999.0 -9999.0 -9999.0 -9999.0 -9999.0 -9999.0 -9999.0 -9999.0 -9999.0 -9999.0 -9999.0 -9999.0 -9999.0 -9999.0 -9999.0 -9999.0 -9999.0 -9999.0 -9999.0 -9999.0 -9999.0 -9999.0 -9999.0 -9999.0 -9999.0 -9999.0 -9999.0
-9999.0 -9999.0 -9999.0 -9999.0 -9999.0 -9999.0 -9999.0 -9999.0 -9999.0 -9999.0 -9999.0 -9999.0 -9999.0 -9999.0 -9999.0 -9999.0 -9999.0 -9999.0 -9999.0 -9999.0 -9999.0 -9999.0 -9999.0 -9999.0 -9999.0 -9999.0 -9999.0 -0.457983 0.337549 -0.967035 0.312511 0.319550 0.291440 -9999.0 -9999.0 -9999.0 -9999.0 -9999.0 -9999.0 -9999.0 -9999.0 -9999.0 -9999.0 -9999.0 -9999.0 -9999.0 -9999.0 -9999.0 -9999.0 -9999.0 -9999.0 -9999.0 -9999.0 -9999.0 -9999.0 -9999.0 -9999.0 -9999.0 -9999.0 -9999.0 -9999.0 -9999.0 -9999.0
-9999.0 -9999.0 -9999.0 -9999.0 -9999.0 -9999.0 -9999.0 -9999.0 -9999.0 -9999.0 -9999.0 -9999.0 -9999.0 -9999.0 -9999.0 -9999.0 -9999.0 -9999.0 -9999.0 -9999.0 -9999.0 -9999.0 -9999.0 -9999.0 0.229732 0.252615 0.274432 0.262692 0.272524 0.292694 0.317470 -9999.0 -9999.0 -9999.0 -9999.0 -9999.0 -9999.0 -9999.0 -9999.0 -9999.0 -9999.0 -9999.0 -9999.0 -9999.0 -9999.0 -9999.0 -9999.0 -9999.0 -9999.0 -9999.0 -9999.0 -9999.0 -9999.0 -9999.0 -9999.0 -9999.0 -9999.0 -9999.0 -9999.0 -9999.0 -9999.0 -9999.0 -9999.0
-9999.0 -9999.0 -9999.0 -9999.0 -9999.0 -9999.0 -9999.0 -9999.0 -9999.0 -9999.0 -9999.0 -9999.0 -9999.0 -9999.0 -9999.0 -9999.0 -9999.0 -9999.0 -9999.0 -9999.0 -9999.0 -9999.0 -9999.0 0.183609 0.262754 0.416588 0.531205 0.571083 0.540614 0.290431 0.317154 0.297163 -9999.0 -9999.0 -9999.0 -9999.0 -9999.0 -9999.0 -9999.0 -9999.0 -9999.0 -9999.0 -9999.0 -9999.0 -9999.0 -9999.0 -9999.0 -9999.0 -9999.0 -9999.0 -9999.0 -9999.0 -9999.0 -9999.0 -9999.0 -9999.0 -9999.0 -9999.0 -9999.0 -9999.0 -9999.0 -9999.0 -9999.0
-9999.0 -9999.0 -9999.0 -9999.0 -9999.0 -9999.0 -9999.0 -9999.0 -9999.0 -9999.0 -9999.0 -9999.0 -9999.0 -9999.0 -9999.0 -9999.0 -9999.0 -9999.0 0.284701 0.038105 -9999.0 0.073256 0.151255 0.472740 0.583967 0.798827 0.504834 0.491985 0.630500 0.413261 0.249525 0.288136 -1.228018 -1.456958 -9999.0 -9999.0 -9999.0 -9999.0 -9999.0 -9999.0 -9999.0 -9999.0 -9999.0 -9999.0 -9999.0 -9999.0 -9999.0 -9999.0 -9999.0 -9999.0 -9999.0 -9999.0 -9999.0 -9999.0 -9999.0 -9999.0 -9999.0 -9999.0 -9999.0 -9999.0 -9999.0 -9999.0 -9999.0
-9999.0 -9999.0 -9999.0 -9999.0 -9999.0 -9999.0 -9999.0 -9999.0 -9999.0 -9999.0 -9999.0 -9999.0 -9999.0 -9999.0 -9999.0 -9999.0 -9999.0 1.121967 0.597845 0.418324 -1.782172 0.264018 0.325796 0.500555 0.631837 0.245064 -0.011404 0.310536 0.044114 0.411215 0.140209 0.142039 -1.640456 -1.750582 -1.875382 -2.082458 -9999.0 -9999.0 -9999.0 -9999.0 -9999.0 -9999.0 -9999.0 -9999.0 -9999.0 -9999.0 -9999.0 -9999.0 -9999.0 -9999.0 -9999.0 -9999.0 -9999.0 -9999.0 -9999.0 -9999.0 -9999.0 -9999.0 -9999.0 -9999.0 -9999.0 -9999.0 -9999.0
-9999.0 -9999.0 -9999.0 -9999.0 -9999.0 -9999.0 -9999.0 -9999.0 -9999.0 -9999.0 -9999.0 -9999.0 -9999.0 0.120727 0.349209 0.415963 0.678126 1.610857 0.888845 0.519459 0.567428 0.632273 0.929500 0.682419 0.244313 0.213872 -0.697841 0.305732 0.284734 0.309457 0.390009 0.069861 0.048454 0.015143 -2.546019 -2.605538 -9999.0 -9999.0 -9999.0 -9999.0 -9999.0 -9999.0 -9999.0 -9999.0 -9999.0 -9999.0 -9999.0 -9999.0 -9999.0 -9999.0 -9999.0 -9999.0 -9999.0 -9999.0 -9999.0 -9999.0 -9999.0 -9999.0 -9999.0 -9999.0 -9999.0 -9999.0 -9999.0
-9999.0 -9999.0 -9999.0 -9999.0 -9999.0 -9999.0 -9999.0 -9999.0 -9999.0 -9999.0 -9999.0 -9999.0 -9999.0 0.073529 0.509179 0.421668 0.424908 1.261960 1.365211 0.915995 0.571353 0.599565 0.451597 0.354527 0.443006 0.378095 0.229280 -1.198424 -0.575973 0.159999 0.194030 0.116540 -1.876016 -2.376015 -2.581292 -9999.0 -9999.0 -9999.0 -9999.0 -9999.0 -9999.0 -9999.0 -9999.0 -9999.0 -9999.0 -9999.0 -9999.0 -9999.0 -9999.0 -9999.0 -9999.0 -9999.0 -9999.0 -9999.0 -9999.0 -9999.0 -9999.0 -9999.0 -9999.0 -9999.0 -9999.0 -9999.0 -9999.0
-9999.0 -9999.0 -9999.0 -9999.0 -9999.0 -9999.0 -9999.0 -9999.0 -9999.0 -9999.0 -9999.0 -9999.0 -9999.0 0.366189 0.852990 0.458408 0.270954 0.483630 1.626480 0.632950 0.500988 0.031495 0.234154 0.029940 0.400535 0.381401 -1.170174 -1.278850 0.296232 -1.143804 0.118383 -1.862819 -2.003478 -2.057742 -2.550046 -9999.0 -9999.0 -9999.0 -9999.0 -9999.0 -9999.0 -9999.0 -9999.0 -9999.0 -9999.0 -9999.0 -9999.0 -9999.0 -9999.0 -9999.0 -9999.0 -9999.0 -9999.0 -9999.0 -9999.0 -9999.0 -9999.0 -9999.0 -9999.0 -9999.0 -9999.0 -9999.0 -9999.0
-9999.0 -9999.0 -9999.0 -9999.0 -9999.0 -9999.0 -9999.0 -9999.0 -9999.0 -9999.0 -9999.0 -9999.0 0.289170 0.670053 0.419532 0.284948 0.010230 0.405515 1.430282 1.440743 0.519624 0.251609 0.348888 0.252882 0.385426 0.070984 0.259388 0.119426 0.138506 -1.550074 0.110016 -1.488043 0.020203 -2.534939 -9999.0 -9999.0 -9999.0 -9999.0 -9999.0 -9999.0 -9999.0 -9999.0 -9999.0 -9999.0 -9999.0 -9999.0 -9999.0 -9999.0 -9999.0 -9999.0 -9999.0 -9999.0 -9999.0 -9999.0 -9999.0 -9999.0 -9999.0 -9999.0 -9999.0 -9999.0 -9999.0 -9999.0 -9999.0
-9999.0 -9999.0 -9999.0 -9999.0 -9999.0 -9999.0 -9999.0 -9999.0 -9999.0 -9999.0 -9999.0 0.031206 0.301491 0.389077 0.206675 0.130023 -0.556443 0.292886 1.413829 1.680742 0.396645 0.426181 0.092117 0.057767 0.390848 0.123719 0.066311 0.135882 0.075611 -1.683449 -1.254816 -0.003899 -2.640649 -2.820151 -3.186854 -1.377031 0.157857 0.034458 -1.091060 -9999.0 -9999.0 -9999.0 -3.260581 -9999.0 -9999.0 -9999.0 -9999.0 -9999.0 -9999.0 -9999.0 -9999.0 -9999.0 -9999.0 -9999.0 -9999.0 -9999.0 -9999.0 -9999.0 -9999.0 -9999.0 -9999.0 -9999.0 -9999.0
-9999.0 -9999.0 -9999.0 -9999.0 -9999.0 -9999.0 -9999.0 -9999.0 -9999.0 -9999.0 -9999.0 0.008785 0.309175 0.437795 0.285562 -0.001302 0.395556 0.397962 1.552637 0.957687 0.635715 0.212455 0.062853 -0.025048 0.024143 0.101922 0.096004 0.189679 -1.429290 -1.963872 0.027342 0.026284 -0.030967 -0.039851 -0.381631 0.125347 -0.265493 -0.084381 -0.394838 -2.168692 -1.534956 -3.765769 -0.051626 -3.120118 -9999.0 -9999.0 -9999.0 0.279269 0.381127 -0.358671 0.427984 -0.000302 0.032205 0.418679 0.439759 0.104457 -9999.0 -9999.0 -9999.0 -9999.0 -9999.0 -9999.0 -9999.0
-9999.0 -9999.0 -9999.0 -9999.0 -9999.0 -9999.0 -9999.0 -9999.0 -9999.0 -9999.0 -9999.0 0.021909 -0.002193 0.039354 0.035020 0.073682 0.031779 0.297363 1.239531 0.860631 0.462142 0.356337 0.026536 0.045664 0.110873 -1.135548 0.063046 0.151595 -1.616401 0.099759 -1.887479 -0.017847 -0.024378 -0.098875 -3.048435 -0.001818 -0.019329 0.011089 -0.043793 -3.357241 -0.794348 0.193367 0.081798 -0.061479 0.028907 -9999.0 -0.493650 0.292069 0.323090 0.309900 0.383787 -0.603151 0.455769 0.447402 0.502558 0.475841 -9999.0 -9999.0 -9999.0 -9999.0 -9999.0 -9999.0 -9999.0
-9999.0 -9999.0 -9999.0 -9999.0 -9999.0 -9999.0 -9999.0 -9999.0 -9999.0 -9999.0 -9999.0 -9999.0 0.015268 -0.020349 0.000663 0.017240 -0.228763 0.259377 1.797730 0.947407 0.479154 0.441905 0.388591 0.195128 -0.019858 0.069720 0.373265 0.223156 0.121505 -1.351421 0.052464 -0.008305 0.004058 -0.089611 -0.038356 0.117116 -0.036466 0.031001 0.069034 -0.529049 -0.214196 -0.405041 0.037144 -0.011460 -2.124395 0.186553 -0.892466 0.313185 0.007034 0.196445 0.329237 0.230613 0.263775 0.203422 0.260237 0.432832 0.446956 -9999.0 -9999.0 -9999.0 -9999.0 -9999.0 -9999.0
-9999.0 -9999.0 -9999.0 -9999.0 -9999.0 -9999.0 -9999.0 -9999.0 -9999.0 -9999.0 -9999.0 -0.031670 -0.016636 0.059350 0.018442 0.027292 0.228530 0.280468 1.698667 0.969773 0.610722 0.415839 0.411069 0.128647 0.131486 0.349963 0.237764 0.112196 0.119157 -1.091525 0.026073 0.150094 0.074528 -0.065625 -0.211151 0.054824 -0.886228 -0.001722 0.319977 0.160767 0.162125 0.363451 0.379735 -0.680673 0.039666 0.176480 0.215838 -0.921661 -0.681999 0.378288 -1.545556 0.437976 0.248634 -0.740545 -1.118476 0.088205 0.071776 -9999.0 -9999.0 -9999.0 -9999.0 -9999.0 -9999.0
-9999.0 -9999.0 -9999.0 -9999.0 -9999.0 -9999.0 -9999.0 -9999.0 -9999.0 -9999.0 0.258207 0.039899 0.002938 -0.004834 0.217342 0.275226 0.287522 0.049874 0.808902 1.317323 1.170126 0.580606 0.048899 0.217214 0.412361 0.401114 0.078533 -2.246251 0.278792 0.216838 0.303196 0.261147 0.085157 -0.036249 -3.065616 -1.473643 0.208223 -0.019536 0.018069 0.391910 0.525644 0.411405 0.356129 0.459858 0.227864 -1.679689 0.235344 0.210236 0.309062 0.365779 -1.920440 -0.082466 -1.342571 0.075995 0.109639 0.487445 0.480885 -9999.0 -9999.0 -9999.0 -9999.0 -9999.0 -9999.0
-9999.0 -9999.0 -9999.0 -9999.0 -9999.0 -9999.0 -9999.0 -9999.0 -9999.0 0.019804 0.052006 0.168505 0.247645 0.007920 0.197123 0.223701 0.133069 0.974059 1.104835 1.656006 1.316730 0.432496 0.458281 0.496399 0.442559 0.012953 -0.011221 0.257287 0.395038 0.418856 0.431053 -0.511303 -2.105715 -2.004788 -2.113664 -2.875182 0.198571 -0.030764 -0.018114 0.206786 0.268897 0.003018 -0.007890 0.462897 0.487487 0.268047 0.124383 0.187700 0.239351 0.450657 0.280448 -0.122959 0.053298 0.109771 0.125612 0.314253 0.366844 -0.073911 0.123053 -9999.0 -9999.0 -9999.0 -9999.0
-9999.0 -9999.0 -9999.0 -9999.0 -9999.0 -9999.0 -9999.0 -9999.0 -9999.0 0.041131 -0.009170 0.676684 1.630968 0.323442 0.205792 0.074614 1.690020 0.613082 1.837540 2.088647 1.757959 1.502269 0.629655 0.554776 0.058848 0.151640 0.311439 0.436801 0.590195 0.529637 0.483203 -0.115620 0.115616 0.046156 0.016611 -2.223801 -2.381815 -2.301209 -0.047686 0.265301 0.016708 -0.018264 0.108122 0.472051 0.570095 0.889324 0.813196 0.533568 0.434252 0.477470 -0.525285 0.229959 0.115017 0.510489 0.094307 0.060501 0.433163 0.313506 -0.490399 -9999.0 -9999.0 -9999.0 -9999.0
-9999.0 -9999.0 -9999.0 -9999.0 -9999.0 -9999.0 -9999.0 -9999.0 -9999.0 -9999.0 -0.011618 0.841763 0.328100 0.444973 0.474623 0.301118 0.404075 1.095238 2.625360 2.448920 1.653922 1.082643 0.374020 0.276895 0.211612 0.412872 0.623849 0.712614 0.526783 -0.008698 -0.037654 0.190314 -0.066712 0.090694 0.100023 0.066718 0.045864 0.014067 -2.242531 0.032128 0.018026 0.096552 0.404288 0.249720 0.301402 0.317818 0.559621 0.798045 1.328747 0.552600 0.037266 0.313026 0.131092 0.164114 0.481241 0.499558 0.425057 0.698793 0.597022 0.530703 -9999.0 -9999.0 -9999.0
-9999.0 -9999.0 -9999.0 -9999.0 -9999.0 -9999.0 -9999.0 -9999.0 -9999.0 -9999.0 -0.011652 0.441027 0.121613 0.436548 1.415478 0.455996 0.431378 1.274032 3.159955 2.777555 1.674880 0.524743 0.308537 0.338475 0.392025 0.817878 1.063729 0.506776 0.059359 -0.025226 0.245207 0.203231 -1.912815 0.130087 0.153418 0.072651 0.252827 0.168583 -0.022361 0.266367 0.184977 -1.156416 0.080797 0.288096 0.249329 0.036932 0.362719 0.417906 1.495328 1.331267 0.584578 0.333094 0.289538 0.167031 0.184582 0.190354 0.498265 0.457912 1.917722 1.985498 -9999.0 -9999.0 -9999.0
-9999.0 -9999.0 -9999.0 -9999.0 -9999.0 -9999.0 -9999.0 -9999.0 0.124592 0.024266 -0.004438 0.513920 0.294695 0.325688 0.321251 1.031934 1.381905 2.563327 3.207813 3.209580 2.981127 2.080295 1.285735 0.421153 0.532583 1.200058 1.129748 0.234957 0.219329 -0.019198 -1.337281 0.271431 0.286098 0.238780 0.277660 0.180243 0.207056 0.278235 -1.049045 -0.396676 -0.772158 0.276303 -2.041823 -0.302359 -0.580103 0.280721 -0.175496 0.303326 0.484672 1.661570 0.640641 0.441700 0.266432 0.145736 0.234259 0.511972 -0.161966 1.489923 1.287842 3.515977 -9999.0 -9999.0 -9999.0
-9999.0 -9999.0 -9999.0 -9999.0 -9999.0 -9999.0 -9999.0 -9999.0 -0.624761 0.265800 0.029424 -0.013711 0.470269 0.426748 0.197428 0.556497 1.057929 1.388143 3.453159 3.612406 4.034993 3.321954 2.264917 1.245541 1.594369 1.869273 0.656766 0.413657 -1.550336 0.268326 0.230001 -0.874949 0.323376 -0.762093 0.302746 0.299763 0.468843 0.404593 0.203662 0.361635 0.415451 0.397396 -0.217991 0.394076 0.290246 0.231832 -0.705619 0.431312 0.447134 1.281361 1.488334 0.512425 0.055235 0.508810 0.564533 0.221735 0.504163 0.910729 2.701816 4.064747 4.244957 -9999.0 -9999.0
-9999.0 -9999.0 -9999.0 -9999.0 -9999.0 -9999.0 -9999.0 -9999.0 0.072677 1.049454 0.366305 -0.008266 1.069430 -0.815805 0.365905 0.294428 0.750337 1.835290 3.564282 3.878873 3.933030 3.827001 3.545377 3.003507 2.663994 1.820879 0.578529 0.105105 -1.804670 0.223292 -0.961287 0.248233 0.057113 0.138205 0.334175 0.331314 0.387549 0.473545 0.027952 0.141057 0.448826 -0.106213 0.380892 0.376180 0.099418 0.397479 -0.113983 0.427301 0.290260 0.559366 2.401970 0.974447 0.319265 0.234705 0.498197 0.638826 1.066095 2.783864 3.916839 4.152573 4.169091 -9999.0 -9999.0
-9999.0 -9999.0 -9999.0 -9999.0 -9999.0 -9999.0 -9999.0 -9999.0 -1.890479 0.315197 0.418560 -1.188121 0.421366 0.314968 0.505645 1.026254 2.995177 3.400171 2.455288 3.808651 3.811063 3.758620 3.834662 3.673148 2.640713 0.872997 0.392137 0.016444 0.221989 0.413785 0.306186 0.376964 0.480251 0.428310 0.354924 0.396862 0.412474 0.641277 0.297071 0.287559 0.425108 0.423769 0.425829 -0.447333 0.417241 -0.235949 0.458588 -0.557113 0.438566 0.442403 0.703845 2.683955 0.846514 0.700590 2.049910 2.713228 3.505061 3.816093 3.992590 3.920694 3.332357 2.111860 -9999.0
-9999.0 -9999.0 -9999.0 -9999.0 -9999.0 -9999.0 -9999.0 -9999.0 -0.022352 0.267486 0.446392 0.295967 0.523000 0.703502 1.926976 2.420138 1.896996 2.006709 0.846811 2.035295 3.371354 3.733426 3.934498 4.204623 2.257729 0.645876 0.222693 0.446301 0.595602 0.574975 0.267591 0.479694 1.206746 0.521911 0.459905 0.483459 0.618619 1.407047 1.050969 0.514113 0.433559 0.464900 0.473588 0.458528 0.216057 0.409456 0.411109 0.529087 0.458145 0.979701 1.071527 2.200213 2.832111 2.898000 3.467824 3.515498 3.563156 3.669298 3.912124 3.401149 3.102116 1.628060 -9999.0
-9999.0 -9999.0 0.123607 0.068291 0.220282 0.198451 0.287126 0.085558 0.048534 0.218045 0.403692 0.832356 0.818199 1.761116 2.461647 2.065460 0.741659 0.288525 0.422615 0.776469 2.194680 4.225065 3.839786 3.861586 3.005831 1.666522 0.654150 0.689268 1.713672 1.177711 0.410039 0.476758 2.048856 0.800329 1.100701 0.840409 1.899535 2.548277 1.789964 0.621720 0.866346 1.040281 1.000562 0.659054 0.324646 0.488523 0.978954 0.958638 1.896961 2.783657 3.432596 3.545547 3.557740 3.501887 3.409764 2.328595 3.367480 3.265228 2.723123 2.778550 1.447779 1.020506 -9999.0
-9999.0 0.286395 0.282954 0.266720 0.220132 0.324718 0.290462 0.041162 -0.013415 0.071196 0.286737 0.453547 1.767559 2.160876 1.520830 0.610143 0.417053 0.271870 0.337204 0.805633 2.351135 3.707326 3.614436 3.726729 3.766688 2.985652 2.518311 2.684815 2.811131 2.003116 1.620906 1.430605 2.144666 2.898447 2.816353 3.205828 3.795964 4.242347 3.756410 2.940006 2.676427 2.910143 2.609255 1.415818 0.987850 1.492138 2.467571 3.512337 3.819316 3.430864 3.298044 3.234509 3.129790 2.890741 2.863519 2.420060 1.749956 1.803048 0.829575 1.050333 0.737443 0.929344 -9999.0
-9999.0 0.343854 0.436837 0.446812 0.703102 0.437977 -0.023026 0.005540 0.072151 0.105612 0.227266 0.405764 1.802695 1.668351 0.847074 0.233770 0.250378 0.249668 0.648415 1.052487 1.795221 2.929222 3.873604 3.572668 3.744538 3.882072 3.494124 3.509785 3.453355 4.041533 3.868023 3.374669 3.291454 3.475864 3.949140 4.449433 5.603922 6.228012 5.281852 4.841091 4.728929 4.468319 3.972011 3.698397 3.951573 4.127696 4.015246 4.022574 3.348231 3.268894 2.777135 2.117807 1.420575 2.493304 1.810433 0.652285 0.765136 0.545177 0.527456 0.429770 0.427249 -9999.0 -9999.0
-9999.0 0.380185 0.465249 0.538060 0.584795 0.863837 0.746799 0.079727 0.234235 0.267902 0.411566 0.917741 2.077291 1.018628 0.413337 0.034398 0.111740 0.348409 0.292182 0.797864 0.714804 1.246668 2.966031 3.702280 3.657796 3.512329 3.488399 3.427101 3.431039 3.410699 3.515182 3.749206 3.782409 3.829884 4.083512 4.460136 4.880204 5.461538 4.990042 4.837377 4.670179 4.916924 4.404830 4.265211 4.171132 4.019587 3.657017 3.385996 2.680014 2.649909 1.337979 0.970090 0.625685 0.473186 0.544344 0.411687 0.392119 0.316310 0.281776 -9999.0 -9999.0 -9999.0 -9999.0
