erum2020/resources/simulation/Vinschgau/output-maps/TL0004N1416.asc
ncols         63
nrows         48
xllcorner     598000.000000
yllcorner     5145000.000000
cellsize      1000.000000
NODATA_value  -9999.0
[rows 0 to 27 of 48, columns 0 to 62 of 63]
-9999.0 -9999.0 -9999.0 -9999.0 -9999.0 -9999.0 -9999.0 -9999.0 -9999.0 -9999.0 -9999.0 -9999.0 -9999.0 -9999.0 -9999.0 -9999.0 -9999.0 -9999.0 -9999.0 -9999.0 -9999.0 -9999.0 -9999.0 -9999.0 -9999.0 -9999.0 -9999.0 -9999.0 -9999.0 -9999.0 -9999.0 -9999.0 -9999.0 -9999.0 -9999.0 -9999.0 -9999.0 -9999.0 -9999.0 -9999.0 -9999.0 -9999.0 -9999.0 -9999.0 -9999.0 -9999.0 -9999.0 -9999.0 -9999.0 -9999.0 -9999.0 -9999.0 -9999.0 -9999.0 -9999.0 -9999.0 -9999.0 -9999.0 -9999.0 -9999.0 -9999.0 -9999.0 -9999.0
-9999.0 -9999.0 -9999.0 -9999.0 -9999.0 -9999.0 -9999.0 -9999.0 -9999.0 -9999.0 -9999.0 -9999.0 -9999.0 -9999.0 -9999.0 -9999.0 -9999.0 -9999.0 -9999.0 -9999.0 -9999.0 -9999.0 -9999.0 -9999.0 -9999.0 -9999.0 -9999.0 -2.167589 -0.456671 -0.920481 -1.169535 -1.914853 -3.950975 -9999.0 -9999.0 -9999.0 -9999.0 -9999.0 -9999.0 -9999.0 -9999.0 -9999.0 -9999.0 -9999.0 -9999.0 -9999.0 -9999.0 -9999.0 -9999.0 -9999.0 -9999.0 -9999.0 -9999.0 -9999.0 -9999.0 -9999.0 -9999.0 -9999.0 -9999.0 -9999.0 -9999.0 -9999.0 -9999.0
-9999.0 -9999.0 -9999.0 -9999.0 -9999.0 -9999.0 -9999.0 -9999.0 -9999.0 -9999.0 -9999.0 -9999.0 -9999.0 -9999.0 -9999.0 -9999.0 -9999.0 -9999.0 -9999.0 -9999.0 -9999.0 -9999.0 -9999.0 -9999.0 -0.012359 -0.008810 0.024672 -0.012155 0.029873 0.005325 -1.817443 -9999.0 -9999.0 -9999.0 -9999.0 -9999.0 -9999.0 -9999.0 -9999.0 -9999.0 -9999.0 -9999.0 -9999.0 -9999.0 -9999.0 -9999.0 -9999.0 -9999.0 -9999.0 -9999.0 -9999.0 -9999.0 -9999.0 -9999.0 -9999.0 -9999.0 -9999.0 -9999.0 -9999.0 -9999.0 -9999.0 -9999.0 -9999.0
-9999.0 -9999.0 -9999.0 -9999.0 -9999.0 -9999.0 -9999.0 -9999.0 -9999.0 -9999.0 -9999.0 -9999.0 -9999.0 -9999.0 -9999.0 -9999.0 -9999.0 -9999.0 -9999.0 -9999.0 -9999.0 -9999.0 -9999.0 -0.004171 0.136889 2.301180 2.773638 2.934407 2.893655 -0.003596 -1.758579 -2.099591 -9999.0 -9999.0 -9999.0 -9999.0 -9999.0 -9999.0 -9999.0 -9999.0 -9999.0 -9999.0 -9999.0 -9999.0 -9999.0 -9999.0 -9999.0 -9999.0 -9999.0 -9999.0 -9999.0 -9999.0 -9999.0 -9999.0 -9999.0 -9999.0 -9999.0 -9999.0 -9999.0 -9999.0 -9999.0 -9999.0 -9999.0
-9999.0 -9999.0 -9999.0 -9999.0 -9999.0 -9999.0 -9999.0 -9999.0 -9999.0 -9999.0 -9999.0 -9999.0 -9999.0 -9999.0 -9999.0 -9999.0 -9999.0 -9999.0 2.190692 0.088371 -9999.0 0.034407 0.125064 1.945448 2.197008 2.837919 1.624514 1.880114 1.834637 0.369064 -0.014983 -1.181257 -3.224381 -4.312439 -9999.0 -9999.0 -9999.0 -9999.0 -9999.0 -9999.0 -9999.0 -9999.0 -9999.0 -9999.0 -9999.0 -9999.0 -9999.0 -9999.0 -9999.0 -9999.0 -9999.0 -9999.0 -9999.0 -9999.0 -9999.0 -9999.0 -9999.0 -9999.0 -9999.0 -9999.0 -9999.0 -9999.0 -9999.0
-9999.0 -9999.0 -9999.0 -9999.0 -9999.0 -9999.0 -9999.0 -9999.0 -9999.0 -9999.0 -9999.0 -9999.0 -9999.0 -9999.0 -9999.0 -9999.0 -9999.0 4.653489 3.325354 2.876046 -0.151462 0.043548 0.369878 1.350612 2.129727 0.061696 -0.062671 0.279538 -0.030780 1.232930 0.263491 -0.012843 -0.655127 -2.206118 -3.605023 -4.221315 -9999.0 -9999.0 -9999.0 -9999.0 -9999.0 -9999.0 -9999.0 -9999.0 -9999.0 -9999.0 -9999.0 -9999.0 -9999.0 -9999.0 -9999.0 -9999.0 -9999.0 -9999.0 -9999.0 -9999.0 -9999.0 -9999.0 -9999.0 -9999.0 -9999.0 -9999.0 -9999.0
-9999.0 -9999.0 -9999.0 -9999.0 -9999.0 -9999.0 -9999.0 -9999.0 -9999.0 -9999.0 -9999.0 -9999.0 -9999.0 0.665774 1.356404 2.883949 4.175229 6.250852 4.283586 2.048480 2.093088 1.824502 2.397101 2.256242 -0.010075 0.113567 -1.182423 -0.040030 -0.079645 -0.009297 -1.577583 0.103537 -0.137059 -0.999951 -2.622205 -4.410348 -9999.0 -9999.0 -9999.0 -9999.0 -9999.0 -9999.0 -9999.0 -9999.0 -9999.0 -9999.0 -9999.0 -9999.0 -9999.0 -9999.0 -9999.0 -9999.0 -9999.0 -9999.0 -9999.0 -9999.0 -9999.0 -9999.0 -9999.0 -9999.0 -9999.0 -9999.0 -9999.0
-9999.0 -9999.0 -9999.0 -9999.0 -9999.0 -9999.0 -9999.0 -9999.0 -9999.0 -9999.0 -9999.0 -9999.0 -9999.0 1.336919 3.218533 3.699146 3.553858 5.938428 6.289248 3.501832 3.413580 3.420877 2.300409 1.223809 1.371291 0.513425 -0.446407 -1.419886 -2.801794 -0.672373 -0.119625 -1.100864 -3.039352 -4.235228 -3.771924 -9999.0 -9999.0 -9999.0 -9999.0 -9999.0 -9999.0 -9999.0 -9999.0 -9999.0 -9999.0 -9999.0 -9999.0 -9999.0 -9999.0 -9999.0 -9999.0 -9999.0 -9999.0 -9999.0 -9999.0 -9999.0 -9999.0 -9999.0 -9999.0 -9999.0 -9999.0 -9999.0 -9999.0
-9999.0 -9999.0 -9999.0 -9999.0 -9999.0 -9999.0 -9999.0 -9999.0 -9999.0 -9999.0 -9999.0 -9999.0 -9999.0 2.951342 2.015848 4.142666 3.196371 3.900005 6.547408 4.284634 3.778601 1.504973 0.304925 -0.019731 1.187319 0.839069 -0.617974 -3.037498 -2.140949 -3.464641 -1.781684 -4.996008 -4.857678 -10.143341 -4.581837 -9999.0 -9999.0 -9999.0 -9999.0 -9999.0 -9999.0 -9999.0 -9999.0 -9999.0 -9999.0 -9999.0 -9999.0 -9999.0 -9999.0 -9999.0 -9999.0 -9999.0 -9999.0 -9999.0 -9999.0 -9999.0 -9999.0 -9999.0 -9999.0 -9999.0 -9999.0 -9999.0 -9999.0
-9999.0 -9999.0 -9999.0 -9999.0 -9999.0 -9999.0 -9999.0 -9999.0 -9999.0 -9999.0 -9999.0 -9999.0 1.666284 1.444638 3.703503 2.010790 1.801834 3.516301 6.610989 4.033448 2.078239 0.042302 0.299614 -0.020718 -1.697062 -0.595317 -2.814575 -1.913880 -0.106851 -3.230568 -4.421121 -3.371753 -2.513661 -4.819263 -9999.0 -9999.0 -9999.0 -9999.0 -9999.0 -9999.0 -9999.0 -9999.0 -9999.0 -9999.0 -9999.0 -9999.0 -9999.0 -9999.0 -9999.0 -9999.0 -9999.0 -9999.0 -9999.0 -9999.0 -9999.0 -9999.0 -9999.0 -9999.0 -9999.0 -9999.0 -9999.0 -9999.0 -9999.0
-9999.0 -9999.0 -9999.0 -9999.0 -9999.0 -9999.0 -9999.0 -9999.0 -9999.0 -9999.0 -9999.0 0.690381 3.104369 2.953662 3.089771 2.172962 3.104290 3.747817 6.577850 5.416004 2.132106 1.802103 0.003830 -0.193980 0.395952 -0.023017 -2.113127 -0.818034 -2.498158 -4.153917 -3.470070 -0.078892 -2.671406 -3.915413 -3.556212 -2.496133 -2.423456 -1.028886 -0.883281 -9999.0 -9999.0 -9999.0 -3.986246 -9999.0 -9999.0 -9999.0 -9999.0 -9999.0 -9999.0 -9999.0 -9999.0 -9999.0 -9999.0 -9999.0 -9999.0 -9999.0 -9999.0 -9999.0 -9999.0 -9999.0 -9999.0 -9999.0 -9999.0
-9999.0 -9999.0 -9999.0 -9999.0 -9999.0 -9999.0 -9999.0 -9999.0 -9999.0 -9999.0 -9999.0 0.309149 3.321632 4.831734 4.540472 1.350219 5.586349 4.235438 6.640399 5.091481 3.815173 1.221206 0.085635 -2.078584 -1.331725 -0.636491 -1.090699 -0.016619 -0.458377 -3.968585 -0.940469 0.034107 -2.165092 -3.268519 -3.706711 -0.935167 0.002210 -0.326641 -0.965919 -3.756541 -3.731257 -3.970765 -1.093956 -3.161548 -9999.0 -9999.0 -9999.0 -5.126381 -4.296612 -3.529290 -3.640397 -5.024079 -5.191478 -4.865333 -4.643017 -5.473497 -9999.0 -9999.0 -9999.0 -9999.0 -9999.0 -9999.0 -9999.0
-9999.0 -9999.0 -9999.0 -9999.0 -9999.0 -9999.0 -9999.0 -9999.0 -9999.0 -9999.0 -9999.0 0.215707 0.375664 0.990475 1.788638 2.099542 1.492465 3.662031 5.786937 5.032645 2.268324 0.011250 -1.139553 -0.009673 -0.680576 -1.817858 -1.275317 -3.257544 -2.397094 -3.315312 -2.783648 -1.523964 -0.012838 -3.136485 -3.179658 -0.011408 -0.954456 -0.912531 -0.117982 -2.730838 -0.642228 -2.353991 -0.013258 -0.791248 -3.440162 -9999.0 -4.787449 -3.431019 -1.098361 -0.107507 -0.200768 -0.532336 -0.716495 -1.670462 -1.592463 -3.065071 -9999.0 -9999.0 -9999.0 -9999.0 -9999.0 -9999.0 -9999.0
-9999.0 -9999.0 -9999.0 -9999.0 -9999.0 -9999.0 -9999.0 -9999.0 -9999.0 -9999.0 -9999.0 -9999.0 0.528017 -0.006965 1.086543 1.372670 0.652981 2.714137 6.126506 5.021972 2.101376 0.399538 -0.022244 -0.737877 -2.481734 -1.387165 0.012198 -0.292681 -1.616596 -3.125596 -1.100923 -1.279519 -0.327077 -1.847716 -2.242108 -0.346956 -1.287759 -1.070096 0.882129 -0.700877 -0.038242 -0.764260 -0.749997 0.043946 -2.857426 -3.594882 -3.832996 -3.217628 -2.454156 -0.837873 -0.272551 -1.167554 -3.445453 -1.855178 -2.546685 -1.131883 -2.736156 -9999.0 -9999.0 -9999.0 -9999.0 -9999.0 -9999.0
-9999.0 -9999.0 -9999.0 -9999.0 -9999.0 -9999.0 -9999.0 -9999.0 -9999.0 -9999.0 -9999.0 -0.844268 0.024427 0.880486 -0.006440 0.146994 1.023822 2.082847 5.582562 4.073078 2.367398 0.814468 -0.003978 -1.354616 -1.269294 -1.440708 -0.783185 -1.864749 -1.995098 -1.486626 -1.363455 -1.734156 0.094706 -1.760991 -3.816505 -0.961579 -0.817988 -0.852439 -0.008022 0.338257 -0.861671 -0.016472 -0.003776 -0.679660 0.063404 -1.752202 -0.336568 -1.436600 -0.623874 -0.059802 -3.450932 -1.720067 -3.457187 -5.235655 -5.970743 -5.125810 -3.263226 -9999.0 -9999.0 -9999.0 -9999.0 -9999.0 -9999.0
-9999.0 -9999.0 -9999.0 -9999.0 -9999.0 -9999.0 -9999.0 -9999.0 -9999.0 -9999.0 0.001574 -0.214436 0.083314 0.088384 0.600022 -0.001266 -0.002755 0.043100 3.205554 3.731418 3.349671 1.753210 -0.579489 0.220926 -0.024849 -1.943761 -1.857316 -4.477255 -0.403209 0.008842 -0.057580 -1.423440 0.020634 -1.775376 -4.537743 -2.753799 -0.018723 -1.002506 -0.089238 0.019168 0.069281 0.657398 2.989699 0.950665 -0.055555 -1.369648 -0.235106 -0.611778 -0.126251 -0.020486 -4.606444 -3.933624 -6.446903 -5.875467 -5.446650 -1.827674 -1.687500 -9999.0 -9999.0 -9999.0 -9999.0 -9999.0 -9999.0
-9999.0 -9999.0 -9999.0 -9999.0 -9999.0 -9999.0 -9999.0 -9999.0 -9999.0 -0.321239 0.090365 -0.100446 -0.020215 -0.816796 -0.034674 -0.027100 -0.109854 1.583997 3.124105 3.758470 3.702510 0.536084 0.350340 0.488177 -0.003605 -1.476946 -2.688873 0.025222 -0.202596 -0.014739 -0.001873 -1.680255 -2.539731 -4.046584 -3.762518 -2.767945 -0.011065 -1.420244 -1.135889 -0.073400 -0.274267 -0.334404 -0.466037 1.690714 1.247515 -0.061052 0.664285 -0.953813 -0.928394 0.000645 -1.833806 -3.377407 -6.411607 -6.345679 -5.068006 -3.666422 -2.691392 -3.010029 -4.704843 -9999.0 -9999.0 -9999.0 -9999.0
-9999.0 -9999.0 -9999.0 -9999.0 -9999.0 -9999.0 -9999.0 -9999.0 -9999.0 -0.724644 -0.427000 0.007465 0.527701 -0.009593 -0.199307 -0.846601 0.381192 0.543393 3.685305 4.690646 4.307738 3.517957 2.029833 0.319450 -1.089669 -1.580245 -0.740166 -0.023262 0.116343 0.375598 0.215345 -2.053167 -0.407716 -2.809291 -1.158496 -2.827204 -2.264771 -0.856935 -0.709519 0.075703 -1.013483 -1.817587 -0.566388 0.288881 2.520197 1.991775 1.771583 0.388150 -0.011429 0.015070 -2.928526 -5.465696 -6.199860 -5.195250 -3.337869 -4.553045 -2.510829 -1.851306 -1.943513 -9999.0 -9999.0 -9999.0 -9999.0
-9999.0 -9999.0 -9999.0 -9999.0 -9999.0 -9999.0 -9999.0 -9999.0 -9999.0 -9999.0 -1.153834 0.030637 -0.025930 -0.660276 -0.004715 -0.108869 -0.010975 1.734061 4.463751 4.388219 4.429170 2.230266 -0.019753 -0.184051 -1.300403 -0.061041 0.004061 0.505032 0.168532 -1.606421 -1.954596 -3.095819 -3.782969 -2.031715 -0.013093 0.092131 0.043175 0.117087 -2.224426 -0.984123 -1.703650 0.055713 0.239900 -0.041932 -0.010633 -0.007876 1.397031 2.551312 2.650444 0.063510 -1.881934 -2.710636 -5.233451 -6.091059 -5.332878 -3.513815 -0.302676 -1.913607 -0.033309 -0.033653 -9999.0 -9999.0 -9999.0
-9999.0 -9999.0 -9999.0 -9999.0 -9999.0 -9999.0 -9999.0 -9999.0 -9999.0 -9999.0 -1.657069 -0.153334 0.027300 -0.014253 1.117966 0.203131 -0.009415 2.266278 4.933764 4.960906 2.980399 1.094740 -0.025603 -0.315143 -0.052746 0.123315 1.140061 -0.008582 -1.296596 -3.487656 -1.058135 0.012373 -3.850216 -2.777909 -0.958925 0.176081 -1.874690 -0.079444 -1.939161 -1.952095 -0.663418 0.085400 -0.757425 -0.015998 0.139124 -0.283758 -0.016928 -0.011251 2.799487 2.311095 -0.002214 -2.003061 -4.165952 -4.764861 -6.754667 -5.942705 -3.613041 -0.985834 1.377556 1.462561 -9999.0 -9999.0 -9999.0
-9999.0 -9999.0 -9999.0 -9999.0 -9999.0 -9999.0 -9999.0 -9999.0 -0.009020 -1.122920 -1.928610 -0.006813 -1.211703 -0.557187 -0.043105 1.447418 2.539218 4.417841 5.242232 5.317456 4.702424 3.564356 2.649683 0.896439 0.368488 1.615568 1.039878 -0.815785 -1.569982 -3.408757 -3.737033 -0.998541 -0.939437 -2.283454 -0.369265 -0.560611 0.592517 -0.024282 -2.556786 -2.819511 -1.424242 0.065632 -3.454385 -2.492862 -0.599828 0.067406 -2.372726 -0.661918 -0.009481 1.854304 0.052417 -0.735165 -3.137033 -5.898547 -5.539905 -1.995562 -2.790309 0.123813 0.339760 4.227806 -9999.0 -9999.0 -9999.0
-9999.0 -9999.0 -9999.0 -9999.0 -9999.0 -9999.0 -9999.0 -9999.0 -3.305424 -1.245471 -2.895277 -1.991605 -0.401909 -2.386393 -0.936351 -0.008468 1.552382 2.135978 5.101723 5.864359 7.115957 6.327734 5.196613 3.937255 2.950701 3.065032 0.516054 -0.203872 -3.716512 -1.904837 -2.955592 -2.424364 -0.244187 -2.170827 -0.008859 0.009435 1.763951 0.030329 -0.416903 -0.016201 -1.043241 -2.160462 -1.838840 -0.015504 -0.002015 -0.962167 -3.917022 -0.052660 -0.180417 1.394405 1.253722 -0.234004 -3.540086 -3.488286 -0.693318 -2.089394 -1.114565 -0.012148 2.649141 5.208646 5.851761 -9999.0 -9999.0
-9999.0 -9999.0 -9999.0 -9999.0 -9999.0 -9999.0 -9999.0 -9999.0 -1.008795 -0.407375 -0.292731 -3.695701 -0.005780 -3.216495 -0.963781 -0.802937 0.202174 2.236406 5.039403 7.022329 6.325450 6.908378 6.595460 4.809340 4.846096 2.883114 0.058501 -1.248023 -4.291187 -0.939736 -1.691190 0.067693 -2.026389 -1.662266 0.101335 1.318757 -0.008841 1.769359 -0.025889 -0.682108 -0.018338 -1.536054 -0.009315 -0.437202 -1.441058 -0.010484 -2.835646 -0.417281 -2.270151 -0.016555 2.572344 0.018601 -2.490929 -3.414931 -0.467301 -0.003911 0.448705 2.126035 4.832968 5.524224 5.824927 -9999.0 -9999.0
-9999.0 -9999.0 -9999.0 -9999.0 -9999.0 -9999.0 -9999.0 -9999.0 -3.566121 -0.014806 -0.651809 -4.189754 -0.137347 -1.548760 -0.290321 0.005065 3.607647 4.848553 5.014314 5.317078 5.796300 6.244267 6.752515 5.869867 3.279913 0.779896 -0.047920 -2.003888 0.020560 -0.568395 -0.922408 -0.268737 -0.007648 -0.002836 -0.106780 0.276077 1.970400 3.741959 0.608566 -0.026039 0.003898 0.014498 0.018551 -0.644253 -0.355304 -1.490350 -0.436552 -0.772689 -0.611933 -1.107104 -0.011450 2.240781 0.008329 -0.294907 0.059219 1.021205 3.054846 4.644735 5.477223 5.576932 4.635868 2.449955 -9999.0
-9999.0 -9999.0 -9999.0 -9999.0 -9999.0 -9999.0 -9999.0 -9999.0 -4.097787 -0.047125 -2.487737 -1.583239 -0.413511 -0.098203 0.414709 1.929720 2.770459 2.233694 0.701299 2.537374 4.398483 5.731598 5.855576 5.513024 3.832078 0.087506 -1.110784 -0.066955 -0.007766 -0.000468 -0.266841 0.004905 2.277449 0.560318 0.241209 1.074750 2.485110 5.684692 5.069170 1.822411 0.428320 0.360502 0.427326 -0.011063 -1.028433 0.056075 -0.270454 -0.026577 -0.399084 -0.000740 1.270693 1.430498 1.800893 1.085395 1.856931 2.253408 3.042524 4.114977 4.883303 4.678317 3.885082 1.855199 -9999.0
-9999.0 -9999.0 -0.591741 -0.011484 -3.741440 -1.741387 -3.096182 -2.588383 -1.362477 -0.415653 -1.205806 -0.511308 -0.070471 0.007352 1.873977 0.955387 -0.018147 -1.231618 -0.716347 0.003828 2.403460 5.146760 5.329596 5.765277 3.638394 1.678545 0.004653 0.177495 2.323915 1.764700 -0.018227 0.597919 4.212200 3.078886 3.803046 4.269893 6.200727 7.916391 6.823031 4.145296 3.838176 3.932998 3.936097 2.439950 -0.009865 0.273938 1.176652 1.451528 2.289040 3.312332 3.940085 3.522216 2.741940 2.069893 1.979147 3.769441 2.750350 3.399977 3.228987 3.253201 2.617441 1.061663 -9999.0
-9999.0 -0.790070 -0.888133 -1.110247 -1.609847 -1.067374 -2.964061 -3.074536 -4.049005 -2.031481 -2.196729 -0.862223 -0.001427 0.973385 0.706375 -0.289438 -1.281338 -2.063564 -1.458996 -0.014595 2.184365 3.942994 4.923924 4.638192 5.146181 3.379581 3.395596 3.764035 4.106285 2.990000 2.620466 2.817211 4.563612 6.664870 6.877483 8.126907 9.735014 10.818372 9.924555 8.254992 7.379384 7.269134 6.556030 4.455475 3.170276 3.570005 4.224006 5.588165 5.794168 5.842629 4.517614 3.532997 2.530020 1.627745 1.548485 1.049020 0.503726 0.863555 0.805703 0.864236 0.236786 0.852079 -9999.0
-9999.0 0.387107 -0.022233 -0.026402 0.107793 -0.096953 -2.537539 -3.593804 -2.107485 -2.507218 -2.738476 -1.249090 0.022675 0.795903 -0.067520 -2.504151 -2.904288 -2.387426 -0.402952 -0.011534 1.387929 1.831406 2.821139 2.653023 4.618761 5.497188 5.089341 5.295191 5.578628 6.044609 6.188729 5.951222 6.477300 7.386515 9.316088 10.426052 13.247688 14.289114 12.788519 11.709133 11.009125 10.082998 8.975283 7.725447 7.591801 7.452853 7.092351 6.954318 6.327777 5.509954 3.700607 1.860602 0.644013 1.290975 0.387063 -0.032105 -0.393091 -0.052589 -0.032062 -0.090963 -0.025936 -9999.0 -9999.0
