erum2020/resources/simulation/Vinschgau/output-maps/TL0005N0355.asc
ncols         63
nrows         48
xllcorner     598000.000000
yllcorner     5145000.000000
cellsize      1000.000000
NODATA_value  -9999.0
[rows 0 to 27 of 48, columns 0 to 62 of 63]
-9999.0 -9999.0 -9999.0 -9999.0 -9999.0 -9999.0 -9999.0 -9999.0 -9999.0 -9999.0 -9999.0 -9999.0 -9999.0 -9999.0 -9999.0 -9999.0 -9999.0 -9999.0 -9999.0 -9999.0 -9999.0 -9999.0 -9999.0 -9999.0 -9999.0 -9999.0 -9999.0 -9999.0 -9999.0 -9999.0 -9999.0 -9999.0 -9999.0 -9999.0 -9999.0 -9999.0 -9999.0 -9999.0 -9999.0 -9999.0 -9999.0 -9999.0 -9999.0 -9999.0 -9999.0 -9999.0 -9999.0 -9999.0 -9999.0 -9999.0 -9999.0 -9999.0 -9999.0 -9999.0 -9999.0 -9999.0 -9999.0 -9999.0 -9999.0 -9999.0 -9999.0 -9999.0 -9999.0
-9999.0 -9999.0 -9999.0 -9999.0 -9999.0 -9999.0 -9999.0 -9999.0 -9999.0 -9999.0 -9999.0 -9999.0 -9999.0 -9999.0 -9999.0 -9999.0 -9999.0 -9999.0 -9999.0 -9999.0 -9999.0 -9999.0 -9999.0 -9999.0 -9999.0 -9999.0 -9999.0 -0.307717 -0.796177 -1.076825 -0.257933 -0.638534 -0.546563 -9999.0 -9999.0 -9999.0 -9999.0 -9999.0 -9999.0 -9999.0 -9999.0 -9999.0 -9999.0 -9999.0 -9999.0 -9999.0 -9999.0 -9999.0 -9999.0 -9999.0 -9999.0 -9999.0 -9999.0 -9999.0 -9999.0 -9999.0 -9999.0 -9999.0 -9999.0 -9999.0 -9999.0 -9999.0 -9999.0
-9999.0 -9999.0 -9999.0 -9999.0 -9999.0 -9999.0 -9999.0 -9999.0 -9999.0 -9999.0 -9999.0 -9999.0 -9999.0 -9999.0 -9999.0 -9999.0 -9999.0 -9999.0 -9999.0 -9999.0 -9999.0 -9999.0 -9999.0 -9999.0 -0.430870 -1.440350 5.366048 -0.222862 3.487044 -1.506554 -0.230568 -9999.0 -9999.0 -9999.0 -9999.0 -9999.0 -9999.0 -9999.0 -9999.0 -9999.0 -9999.0 -9999.0 -9999.0 -9999.0 -9999.0 -9999.0 -9999.0 -9999.0 -9999.0 -9999.0 -9999.0 -9999.0 -9999.0 -9999.0 -9999.0 -9999.0 -9999.0 -9999.0 -9999.0 -9999.0 -9999.0 -9999.0 -9999.0
-9999.0 -9999.0 -9999.0 -9999.0 -9999.0 -9999.0 -9999.0 -9999.0 -9999.0 -9999.0 -9999.0 -9999.0 -9999.0 -9999.0 -9999.0 -9999.0 -9999.0 -9999.0 -9999.0 -9999.0 -9999.0 -9999.0 -9999.0 -1.071514 6.939410 2.689747 4.541976 5.453498 5.068456 2.250649 -1.046982 -0.240036 -9999.0 -9999.0 -9999.0 -9999.0 -9999.0 -9999.0 -9999.0 -9999.0 -9999.0 -9999.0 -9999.0 -9999.0 -9999.0 -9999.0 -9999.0 -9999.0 -9999.0 -9999.0 -9999.0 -9999.0 -9999.0 -9999.0 -9999.0 -9999.0 -9999.0 -9999.0 -9999.0 -9999.0 -9999.0 -9999.0 -9999.0
-9999.0 -9999.0 -9999.0 -9999.0 -9999.0 -9999.0 -9999.0 -9999.0 -9999.0 -9999.0 -9999.0 -9999.0 -9999.0 -9999.0 -9999.0 -9999.0 -9999.0 -9999.0 9.092936 7.578857 -9999.0 -0.530314 -0.041135 4.505039 4.292793 8.057912 2.216571 -0.021682 6.337144 3.782342 6.089750 -0.916606 -1.317885 -0.901321 -9999.0 -9999.0 -9999.0 -9999.0 -9999.0 -9999.0 -9999.0 -9999.0 -9999.0 -9999.0 -9999.0 -9999.0 -9999.0 -9999.0 -9999.0 -9999.0 -9999.0 -9999.0 -9999.0 -9999.0 -9999.0 -9999.0 -9999.0 -9999.0 -9999.0 -9999.0 -9999.0 -9999.0 -9999.0
-9999.0 -9999.0 -9999.0 -9999.0 -9999.0 -9999.0 -9999.0 -9999.0 -9999.0 -9999.0 -9999.0 -9999.0 -9999.0 -9999.0 -9999.0 -9999.0 -9999.0 3.687457 3.567999 5.568997 7.508820 -0.014482 2.421281 3.725446 10.861192 -0.005462 -0.176975 -0.112887 -0.236783 -0.176504 8.494610 0.978715 9.075841 -1.700158 -0.497442 -0.910337 -9999.0 -9999.0 -9999.0 -9999.0 -9999.0 -9999.0 -9999.0 -9999.0 -9999.0 -9999.0 -9999.0 -9999.0 -9999.0 -9999.0 -9999.0 -9999.0 -9999.0 -9999.0 -9999.0 -9999.0 -9999.0 -9999.0 -9999.0 -9999.0 -9999.0 -9999.0 -9999.0
-9999.0 -9999.0 -9999.0 -9999.0 -9999.0 -9999.0 -9999.0 -9999.0 -9999.0 -9999.0 -9999.0 -9999.0 -9999.0 -0.237332 -0.005191 1.577029 3.127128 18.546154 4.538911 6.590887 4.438255 5.348823 6.174176 10.788815 -0.004134 -0.215028 -0.254418 -0.149784 -0.349762 -0.166224 -0.361782 -0.367862 -0.385926 -1.164425 -0.760258 -1.377759 -9999.0 -9999.0 -9999.0 -9999.0 -9999.0 -9999.0 -9999.0 -9999.0 -9999.0 -9999.0 -9999.0 -9999.0 -9999.0 -9999.0 -9999.0 -9999.0 -9999.0 -9999.0 -9999.0 -9999.0 -9999.0 -9999.0 -9999.0 -9999.0 -9999.0 -9999.0 -9999.0
-9999.0 -9999.0 -9999.0 -9999.0 -9999.0 -9999.0 -9999.0 -9999.0 -9999.0 -9999.0 -9999.0 -9999.0 -9999.0 -1.024239 2.424955 1.503002 1.514134 8.966604 19.127278 7.803789 6.710776 7.266839 3.332612 1.618140 0.987793 -0.840015 -0.930512 -0.315856 -0.515211 -0.456933 -0.261017 -1.074942 -0.990508 -4.534716 -1.393907 -9999.0 -9999.0 -9999.0 -9999.0 -9999.0 -9999.0 -9999.0 -9999.0 -9999.0 -9999.0 -9999.0 -9999.0 -9999.0 -9999.0 -9999.0 -9999.0 -9999.0 -9999.0 -9999.0 -9999.0 -9999.0 -9999.0 -9999.0 -9999.0 -9999.0 -9999.0 -9999.0 -9999.0
-9999.0 -9999.0 -9999.0 -9999.0 -9999.0 -9999.0 -9999.0 -9999.0 -9999.0 -9999.0 -9999.0 -9999.0 -9999.0 1.080063 8.004838 -0.014275 1.011444 1.667318 18.265397 5.109011 8.168993 -0.343101 -0.139190 -0.127677 -0.249616 -0.089115 -1.005102 -0.540343 -0.704158 -1.283322 -0.899351 -6.690642 -4.788380 -8.499333 -4.116571 -9999.0 -9999.0 -9999.0 -9999.0 -9999.0 -9999.0 -9999.0 -9999.0 -9999.0 -9999.0 -9999.0 -9999.0 -9999.0 -9999.0 -9999.0 -9999.0 -9999.0 -9999.0 -9999.0 -9999.0 -9999.0 -9999.0 -9999.0 -9999.0 -9999.0 -9999.0 -9999.0 -9999.0
-9999.0 -9999.0 -9999.0 -9999.0 -9999.0 -9999.0 -9999.0 -9999.0 -9999.0 -9999.0 -9999.0 -9999.0 -0.394612 7.453732 -0.101077 -0.588783 -0.318123 1.461668 11.945139 6.562568 3.205851 -0.231248 -0.152636 -0.158835 -0.262171 -0.510095 -0.209304 -0.206893 -1.505478 -0.660297 -2.354992 -0.750713 -1.529373 -1.018977 -9999.0 -9999.0 -9999.0 -9999.0 -9999.0 -9999.0 -9999.0 -9999.0 -9999.0 -9999.0 -9999.0 -9999.0 -9999.0 -9999.0 -9999.0 -9999.0 -9999.0 -9999.0 -9999.0 -9999.0 -9999.0 -9999.0 -9999.0 -9999.0 -9999.0 -9999.0 -9999.0 -9999.0 -9999.0
-9999.0 -9999.0 -9999.0 -9999.0 -9999.0 -9999.0 -9999.0 -9999.0 -9999.0 -9999.0 -9999.0 -0.093162 -0.644170 1.718663 -0.402755 -0.191633 -0.296773 1.118902 12.089563 6.401890 2.952933 4.002591 -0.356903 -0.264302 -0.339983 -0.135243 -1.058659 -0.462963 -1.230152 -1.116697 -0.390105 2.749163 -1.153293 -1.196259 -1.929780 4.134995 8.156530 9.151190 10.926489 -9999.0 -9999.0 -9999.0 -1.538974 -9999.0 -9999.0 -9999.0 -9999.0 -9999.0 -9999.0 -9999.0 -9999.0 -9999.0 -9999.0 -9999.0 -9999.0 -9999.0 -9999.0 -9999.0 -9999.0 -9999.0 -9999.0 -9999.0 -9999.0
-9999.0 -9999.0 -9999.0 -9999.0 -9999.0 -9999.0 -9999.0 -9999.0 -9999.0 -9999.0 -9999.0 -0.207414 -0.131214 -0.221631 -0.606960 -0.517022 -0.179403 2.262461 11.755269 7.225815 9.748260 8.147001 -0.504775 -0.119840 -0.170878 -0.185650 -0.637766 -1.380694 -0.321383 -0.496867 -1.545031 5.846186 -2.388937 -1.154957 -2.384130 5.551536 10.770194 15.504211 10.931284 11.359751 10.500181 -3.040396 5.060576 -1.317138 -9999.0 -9999.0 -9999.0 -0.023747 -0.080703 -0.063094 -0.055035 -0.051440 -0.052990 -0.020349 -0.016603 -0.053110 -9999.0 -9999.0 -9999.0 -9999.0 -9999.0 -9999.0 -9999.0
-9999.0 -9999.0 -9999.0 -9999.0 -9999.0 -9999.0 -9999.0 -9999.0 -9999.0 -9999.0 -9999.0 -0.171315 -0.292179 -0.665015 -0.236794 -0.457153 -0.081369 1.132033 9.147889 10.678200 2.763941 4.076967 2.146863 -0.890011 -0.307402 -0.791484 2.118782 -0.526723 -0.224037 -0.274761 -0.331575 -0.804937 6.339806 -1.942778 -2.237813 7.054142 3.964540 6.374181 17.897153 12.469613 10.448693 8.347131 7.238914 6.114485 -0.903055 -9999.0 -0.331522 -0.094770 -0.349620 -0.111581 8.251978 9.826573 -0.954843 -0.015958 -0.017267 -0.024278 -9999.0 -9999.0 -9999.0 -9999.0 -9999.0 -9999.0 -9999.0
-9999.0 -9999.0 -9999.0 -9999.0 -9999.0 -9999.0 -9999.0 -9999.0 -9999.0 -9999.0 -9999.0 -9999.0 -0.169667 -0.189920 -1.109653 -0.542435 -0.071741 1.148735 10.367079 10.859993 2.941161 4.811289 4.880955 2.794949 -0.695989 -0.002322 9.274744 -0.286567 -0.171466 -0.329671 -1.020198 -0.032283 4.287457 -1.804517 -1.555192 5.981589 -0.004501 4.361588 18.892824 14.444080 13.543603 16.188559 3.524187 8.676496 -1.845807 -0.489937 -0.202786 -0.102865 -0.136480 3.509182 4.936821 -0.068357 2.477629 -0.032616 -0.119456 -0.147724 -0.027042 -9999.0 -9999.0 -9999.0 -9999.0 -9999.0 -9999.0
-9999.0 -9999.0 -9999.0 -9999.0 -9999.0 -9999.0 -9999.0 -9999.0 -9999.0 -9999.0 -9999.0 -0.870541 -0.281398 -0.171753 -0.016337 -0.008861 0.286443 1.256103 10.611091 4.698685 4.054599 2.915139 -0.006353 -0.046880 -0.004661 3.804088 -0.292769 -0.371098 -0.667325 -1.083490 2.078168 2.629170 8.404894 -1.669538 -1.659778 2.727821 4.868700 2.692076 2.255373 18.282352 5.947869 7.323604 5.852855 5.351719 9.793690 -0.727136 -0.937874 -1.313473 -0.872743 5.668133 -0.147942 -0.291276 -0.194861 -0.358516 -0.272819 -0.689723 -0.045808 -9999.0 -9999.0 -9999.0 -9999.0 -9999.0 -9999.0
-9999.0 -9999.0 -9999.0 -9999.0 -9999.0 -9999.0 -9999.0 -9999.0 -9999.0 -9999.0 -0.048847 -0.440558 -1.038491 -0.180700 -0.987398 3.419576 -0.593691 -0.092825 4.371720 4.868604 9.650430 6.429373 4.046509 10.784214 5.276834 -0.003857 -0.190280 -0.688228 8.342634 8.710751 4.027869 -0.199195 -0.819532 -0.904922 -1.663573 -2.032781 9.304745 -0.004035 1.743789 7.185295 7.976026 7.164782 12.606526 3.525384 4.061533 5.790734 -0.831588 4.529594 5.176604 5.638413 -0.369078 -0.275807 -0.351308 -0.445907 -0.290415 -0.024164 -0.024082 -9999.0 -9999.0 -9999.0 -9999.0 -9999.0 -9999.0
-9999.0 -9999.0 -9999.0 -9999.0 -9999.0 -9999.0 -9999.0 -9999.0 -9999.0 -0.197718 -0.067868 -0.058549 3.443448 -0.553753 -0.003290 -0.249657 -0.125826 10.171636 5.795931 5.518248 10.496808 6.267131 5.289950 7.173198 2.368009 -0.325345 -0.012715 9.246487 5.200670 5.438635 6.303472 -0.885429 -0.715526 -1.218200 -0.877699 -1.162131 -1.680362 -0.003679 -0.025170 2.815834 3.569242 -0.013145 0.049109 5.569274 4.366407 5.147056 11.340541 5.913383 4.222585 4.889369 3.575645 -0.061075 -0.740340 -0.131406 -0.060252 -0.054201 -0.023844 -0.012713 -0.032824 -9999.0 -9999.0 -9999.0 -9999.0
-9999.0 -9999.0 -9999.0 -9999.0 -9999.0 -9999.0 -9999.0 -9999.0 -9999.0 -0.162343 -0.198363 -0.145083 9.654312 4.613869 2.719698 -0.514979 5.049863 5.332272 6.245898 13.629138 13.208356 15.922965 6.707280 7.440949 -0.229451 3.207344 5.691257 5.906092 7.299684 3.282524 5.067199 -0.001078 -0.257137 -0.501026 -1.595348 7.272141 6.902707 8.008232 -0.882267 -1.057994 -0.603685 -0.349598 4.925828 5.356613 4.563354 6.678093 8.106727 7.250481 6.617654 6.083790 -0.627298 -0.056346 -0.114413 -0.132396 -0.171061 -0.028428 -0.024181 0.335666 -0.534732 -9999.0 -9999.0 -9999.0 -9999.0
-9999.0 -9999.0 -9999.0 -9999.0 -9999.0 -9999.0 -9999.0 -9999.0 -9999.0 -9999.0 -0.144541 -0.101364 -0.434870 3.009658 5.786934 4.396057 5.011424 5.974369 6.609551 9.256484 10.330220 4.612821 2.413003 -0.008356 2.898694 6.373078 7.221247 7.791294 5.681116 -0.146975 -0.152909 -0.357955 -0.307872 -0.413430 0.945544 8.853398 10.563228 7.892401 -1.516693 -0.546237 -1.165802 0.552203 4.667049 -0.130178 -0.020350 2.739466 4.206314 6.730792 10.198580 6.431998 3.102757 3.327235 -0.047638 -0.082148 -0.192983 -0.120624 -0.065988 6.691989 7.343805 7.953857 -9999.0 -9999.0 -9999.0
-9999.0 -9999.0 -9999.0 -9999.0 -9999.0 -9999.0 -9999.0 -9999.0 -9999.0 -9999.0 -0.142536 -0.130713 -0.109944 -0.054868 11.640442 4.125576 5.164400 5.285652 9.458739 10.188411 8.360932 6.444584 5.271053 6.458436 6.331497 7.656433 8.223778 4.358342 -0.158218 -0.410320 -0.309313 -0.097664 -0.731559 -0.440735 -0.345801 -0.230130 4.741307 3.438732 -0.388630 -0.446586 -0.195102 -0.328420 -0.140581 -0.286557 -0.076232 -0.073446 -0.063517 2.859370 5.687287 9.887288 6.717237 2.844585 -0.062592 -0.043566 -0.070218 -0.042902 -0.175884 -0.023888 7.240734 8.243109 -9999.0 -9999.0 -9999.0
-9999.0 -9999.0 -9999.0 -9999.0 -9999.0 -9999.0 -9999.0 -9999.0 5.417380 -1.104932 -0.091798 -0.103115 -0.079300 -0.121962 -0.007267 4.838493 6.786535 16.501442 12.981740 12.824853 11.853714 9.128430 7.210704 5.999505 7.293311 7.611518 9.423337 -0.033846 -0.423545 -0.116365 -0.714322 -0.229945 -0.138418 -0.153103 -0.104971 -0.818504 -0.118455 3.649972 -1.016471 -0.131780 -0.165141 -0.183448 -0.264204 -0.596087 -0.679567 -0.096759 -0.173404 -0.054948 4.219843 5.904844 7.062147 4.534431 -0.097304 -0.065761 -0.037565 5.633300 -0.035215 10.351991 8.459119 9.907626 -9999.0 -9999.0 -9999.0
-9999.0 -9999.0 -9999.0 -9999.0 -9999.0 -9999.0 -9999.0 -9999.0 -0.078575 3.481092 -0.695193 -0.254875 -0.152853 -0.175341 -0.069169 3.174106 5.323960 6.171338 10.358839 13.835646 22.561963 21.037145 17.907082 16.145443 8.052780 7.995262 4.363249 3.683009 -0.155280 -0.167939 -0.101247 -0.894604 -0.082864 -0.071164 -0.071043 -0.604677 9.774799 5.248227 -0.077013 -0.116882 -0.287940 -1.720245 -0.266611 -0.073621 7.705059 -0.076932 -0.158922 -0.127464 -0.074887 5.860360 9.236871 6.594225 -0.009285 -0.021526 11.061698 7.693683 6.922139 7.883626 11.084578 13.905019 14.817232 -9999.0 -9999.0
-9999.0 -9999.0 -9999.0 -9999.0 -9999.0 -9999.0 -9999.0 -9999.0 -0.166333 -0.335484 7.654894 -0.076463 -0.725564 -0.099748 5.379627 4.800898 6.128125 8.424921 12.107411 19.581764 15.153457 20.434442 21.394657 13.788311 16.674062 5.680962 4.236943 -0.007025 -0.680550 -1.073610 -0.839073 7.761229 -0.420591 -0.074907 -0.069249 10.492897 -0.064025 5.918362 -0.011836 -0.073679 -0.094178 -0.078433 -0.060498 -0.106089 -0.133418 -0.133889 -0.051473 -0.037371 -0.085525 4.852235 7.871479 8.019068 4.643549 4.240631 8.141676 8.345040 9.940794 11.221596 12.901244 12.342279 13.752052 -9999.0 -9999.0
-9999.0 -9999.0 -9999.0 -9999.0 -9999.0 -9999.0 -9999.0 -9999.0 -0.256026 -0.072303 4.184442 3.382630 7.863410 4.470228 4.567855 6.230857 9.275569 10.181144 7.989063 10.266759 11.869842 13.955467 19.288101 18.308696 7.305138 4.357108 2.506359 3.000751 9.618703 5.264718 4.219817 4.496030 6.076092 5.847585 -0.432911 -0.266192 9.013470 6.817144 4.496284 -0.168749 -0.070593 -0.065716 -0.369116 -0.020833 -0.050417 -0.072159 -0.734697 8.493331 0.122048 5.888469 6.034192 10.324180 9.476578 5.953393 10.388526 11.318042 12.533589 9.729797 12.452045 13.641071 9.690214 6.531893 -9999.0
-9999.0 -9999.0 -9999.0 -9999.0 -9999.0 -9999.0 -9999.0 -9999.0 -0.104430 -0.059343 2.513816 4.158414 5.016588 5.497009 12.079746 8.804467 7.178728 5.574014 3.460346 6.377117 8.990950 12.830703 13.237234 11.799747 15.034117 5.821712 4.842866 6.447818 7.180923 6.137187 3.759396 5.051756 7.165597 6.152691 6.067251 6.638262 7.345547 8.217459 7.076064 7.062110 6.328746 6.356542 6.470796 6.100339 -0.055543 8.491487 5.670571 6.419818 6.105763 8.091352 10.816769 9.805929 10.839691 12.748514 12.465471 10.636180 13.166260 13.223705 10.965300 11.169070 8.873653 6.832878 -9999.0
-9999.0 -9999.0 -0.558179 -0.404429 -0.073505 -0.282679 -0.008985 -0.247943 -0.285860 -0.064604 -0.008568 4.589119 5.857180 8.160979 16.902322 5.419422 4.841348 -0.074673 -0.070717 3.504979 6.700332 9.785884 11.881646 11.219954 9.965334 7.332385 5.995015 5.950483 5.644945 11.180243 5.262315 4.070015 10.221472 5.674683 8.211073 7.562146 9.946302 10.389917 8.654733 6.750645 8.789622 8.325990 6.281398 7.306197 4.318377 6.388632 7.437393 4.579821 9.555739 10.647448 12.989412 10.705371 13.185310 12.765135 11.837220 17.974485 9.730921 9.449793 9.390960 8.215704 9.885206 7.084510 -9999.0
-9999.0 3.555005 3.647104 2.539405 -0.003493 2.642720 -0.170358 -0.078943 -0.083668 -0.099787 -0.062389 4.361413 5.400588 13.733331 12.113451 5.024335 -0.077000 -0.071223 3.081364 5.473802 7.179105 7.728532 12.152177 10.201633 17.580838 11.489623 17.225846 16.619812 9.349844 6.309636 8.853095 8.439051 8.128808 13.774291 10.987618 11.504163 14.307798 13.817464 12.100494 11.672707 11.867777 11.029228 10.258033 6.560528 7.012281 6.306623 8.152089 8.806059 12.108924 8.928822 12.058744 11.506391 9.428398 9.384738 9.148999 7.247108 5.570218 5.491621 5.688247 6.729001 1.247333 4.939112 -9999.0
-9999.0 -0.276821 4.981381 5.581691 8.416073 5.136537 1.915739 -0.277634 -0.672287 -0.784555 -0.004543 4.862345 6.769583 12.594379 5.850321 -0.057481 -0.073419 -0.283942 5.973279 5.099776 6.739476 6.537953 7.834225 9.263228 18.039777 20.264078 13.184548 13.685573 11.955490 10.212156 12.823185 11.483170 9.401819 9.806165 15.433971 13.491323 21.999087 24.099085 15.679640 16.188520 13.836660 12.529151 12.511499 11.167027 13.825701 12.629475 13.762846 13.794093 11.963186 12.102330 8.159193 5.493207 5.351191 7.267608 7.308370 4.620593 6.210319 2.724756 -0.005699 -0.014969 -0.013696 -9999.0 -9999.0
