erum2020/resources/simulation/Vinschgau/output-maps/TL0008N0913.asc
ncols         63
nrows         48
xllcorner     598000.000000
yllcorner     5145000.000000
cellsize      1000.000000
NODATA_value  -9999.0
[rows 0 to 27 of 48, columns 0 to 62 of 63]
-9999.0 -9999.0 -9999.0 -9999.0 -9999.0 -9999.0 -9999.0 -9999.0 -9999.0 -9999.0 -9999.0 -9999.0 -9999.0 -9999.0 -9999.0 -9999.0 -9999.0 -9999.0 -9999.0 -9999.0 -9999.0 -9999.0 -9999.0 -9999.0 -9999.0 -9999.0 -9999.0 -9999.0 -9999.0 -9999.0 -9999.0 -9999.0 -9999.0 -9999.0 -9999.0 -9999.0 -9999.0 -9999.0 -9999.0 -9999.0 -9999.0 -9999.0 -9999.0 -9999.0 -9999.0 -9999.0 -9999.0 -9999.0 -9999.0 -9999.0 -9999.0 -9999.0 -9999.0 -9999.0 -9999.0 -9999.0 -9999.0 -9999.0 -9999.0 -9999.0 -9999.0 -9999.0 -9999.0
-9999.0 -9999.0 -9999.0 -9999.0 -9999.0 -9999.0 -9999.0 -9999.0 -9999.0 -9999.0 -9999.0 -9999.0 -9999.0 -9999.0 -9999.0 -9999.0 -9999.0 -9999.0 -9999.0 -9999.0 -9999.0 -9999.0 -9999.0 -9999.0 -9999.0 -9999.0 -9999.0 -5.648615 -4.259105 -4.759615 -4.895081 -5.650839 -5.923318 -9999.0 -9999.0 -9999.0 -9999.0 -9999.0 -9999.0 -9999.0 -9999.0 -9999.0 -9999.0 -9999.0 -9999.0 -9999.0 -9999.0 -9999.0 -9999.0 -9999.0 -9999.0 -9999.0 -9999.0 -9999.0 -9999.0 -9999.0 -9999.0 -9999.0 -9999.0 -9999.0 -9999.0 -9999.0 -9999.0
-9999.0 -9999.0 -9999.0 -9999.0 -9999.0 -9999.0 -9999.0 -9999.0 -9999.0 -9999.0 -9999.0 -9999.0 -9999.0 -9999.0 -9999.0 -9999.0 -9999.0 -9999.0 -9999.0 -9999.0 -9999.0 -9999.0 -9999.0 -9999.0 -3.522446 -3.262472 -2.671235 -3.467455 -2.759641 -4.547883 -5.206726 -9999.0 -9999.0 -9999.0 -9999.0 -9999.0 -9999.0 -9999.0 -9999.0 -9999.0 -9999.0 -9999.0 -9999.0 -9999.0 -9999.0 -9999.0 -9999.0 -9999.0 -9999.0 -9999.0 -9999.0 -9999.0 -9999.0 -9999.0 -9999.0 -9999.0 -9999.0 -9999.0 -9999.0 -9999.0 -9999.0 -9999.0 -9999.0
-9999.0 -9999.0 -9999.0 -9999.0 -9999.0 -9999.0 -9999.0 -9999.0 -9999.0 -9999.0 -9999.0 -9999.0 -9999.0 -9999.0 -9999.0 -9999.0 -9999.0 -9999.0 -9999.0 -9999.0 -9999.0 -9999.0 -9999.0 -3.153005 -0.171053 -0.001564 0.385692 0.992456 -0.002314 -2.937995 -5.134428 -5.746884 -9999.0 -9999.0 -9999.0 -9999.0 -9999.0 -9999.0 -9999.0 -9999.0 -9999.0 -9999.0 -9999.0 -9999.0 -9999.0 -9999.0 -9999.0 -9999.0 -9999.0 -9999.0 -9999.0 -9999.0 -9999.0 -9999.0 -9999.0 -9999.0 -9999.0 -9999.0 -9999.0 -9999.0 -9999.0 -9999.0 -9999.0
-9999.0 -9999.0 -9999.0 -9999.0 -9999.0 -9999.0 -9999.0 -9999.0 -9999.0 -9999.0 -9999.0 -9999.0 -9999.0 -9999.0 -9999.0 -9999.0 -9999.0 -9999.0 -0.000527 -2.261034 -9999.0 -2.691269 -0.959970 -0.002338 -0.002044 0.883042 -0.001036 -0.000507 -0.000145 -0.002038 -3.305853 -4.839551 -6.712125 -8.967212 -9999.0 -9999.0 -9999.0 -9999.0 -9999.0 -9999.0 -9999.0 -9999.0 -9999.0 -9999.0 -9999.0 -9999.0 -9999.0 -9999.0 -9999.0 -9999.0 -9999.0 -9999.0 -9999.0 -9999.0 -9999.0 -9999.0 -9999.0 -9999.0 -9999.0 -9999.0 -9999.0 -9999.0 -9999.0
-9999.0 -9999.0 -9999.0 -9999.0 -9999.0 -9999.0 -9999.0 -9999.0 -9999.0 -9999.0 -9999.0 -9999.0 -9999.0 -9999.0 -9999.0 -9999.0 -9999.0 3.998393 2.378625 0.977547 -3.016208 -0.001040 -0.002033 -0.002302 -0.001015 -0.002198 -0.002521 -0.001617 -0.002174 -0.000614 -1.433668 -3.181097 -4.874260 -5.521873 -7.452890 -8.679269 -9999.0 -9999.0 -9999.0 -9999.0 -9999.0 -9999.0 -9999.0 -9999.0 -9999.0 -9999.0 -9999.0 -9999.0 -9999.0 -9999.0 -9999.0 -9999.0 -9999.0 -9999.0 -9999.0 -9999.0 -9999.0 -9999.0 -9999.0 -9999.0 -9999.0 -9999.0 -9999.0
-9999.0 -9999.0 -9999.0 -9999.0 -9999.0 -9999.0 -9999.0 -9999.0 -9999.0 -9999.0 -9999.0 -9999.0 -9999.0 -0.992275 -0.001733 1.818620 3.486705 3.199368 3.570692 -0.002339 -0.002035 -0.002049 -0.002349 -0.000890 -0.001934 -1.451303 -2.423574 -1.005379 -0.421405 -0.001839 -0.003153 -3.834614 -4.837847 -5.908497 -6.407478 -8.976876 -9999.0 -9999.0 -9999.0 -9999.0 -9999.0 -9999.0 -9999.0 -9999.0 -9999.0 -9999.0 -9999.0 -9999.0 -9999.0 -9999.0 -9999.0 -9999.0 -9999.0 -9999.0 -9999.0 -9999.0 -9999.0 -9999.0 -9999.0 -9999.0 -9999.0 -9999.0 -9999.0
-9999.0 -9999.0 -9999.0 -9999.0 -9999.0 -9999.0 -9999.0 -9999.0 -9999.0 -9999.0 -9999.0 -9999.0 -9999.0 -0.001352 0.869541 2.640460 2.794788 2.323192 3.246332 1.180486 2.638962 0.273481 0.892548 -0.001951 -0.001771 -0.002302 -4.229247 -5.101704 -6.227558 -1.897863 -1.340403 -4.647011 -6.583151 -9.799983 -7.803864 -9999.0 -9999.0 -9999.0 -9999.0 -9999.0 -9999.0 -9999.0 -9999.0 -9999.0 -9999.0 -9999.0 -9999.0 -9999.0 -9999.0 -9999.0 -9999.0 -9999.0 -9999.0 -9999.0 -9999.0 -9999.0 -9999.0 -9999.0 -9999.0 -9999.0 -9999.0 -9999.0 -9999.0
-9999.0 -9999.0 -9999.0 -9999.0 -9999.0 -9999.0 -9999.0 -9999.0 -9999.0 -9999.0 -9999.0 -9999.0 -9999.0 0.391947 0.163734 1.536091 2.181042 3.097389 3.437828 3.476993 0.430180 -0.002565 -0.002120 -0.002127 -0.001514 -0.001427 -4.011597 -6.503041 -5.731822 -8.663351 -5.228315 -10.409997 -10.809237 -12.998657 -9.351181 -9999.0 -9999.0 -9999.0 -9999.0 -9999.0 -9999.0 -9999.0 -9999.0 -9999.0 -9999.0 -9999.0 -9999.0 -9999.0 -9999.0 -9999.0 -9999.0 -9999.0 -9999.0 -9999.0 -9999.0 -9999.0 -9999.0 -9999.0 -9999.0 -9999.0 -9999.0 -9999.0 -9999.0
-9999.0 -9999.0 -9999.0 -9999.0 -9999.0 -9999.0 -9999.0 -9999.0 -9999.0 -9999.0 -9999.0 -9999.0 -0.002285 -0.000002 0.996987 -0.001368 0.550804 2.471029 2.839558 2.162447 -0.002035 -0.002029 -0.002790 -0.002025 -0.001208 -4.253613 -3.482692 -5.359370 -4.006422 -6.773949 -10.335816 -6.998608 -5.822368 -9.828519 -9999.0 -9999.0 -9999.0 -9999.0 -9999.0 -9999.0 -9999.0 -9999.0 -9999.0 -9999.0 -9999.0 -9999.0 -9999.0 -9999.0 -9999.0 -9999.0 -9999.0 -9999.0 -9999.0 -9999.0 -9999.0 -9999.0 -9999.0 -9999.0 -9999.0 -9999.0 -9999.0 -9999.0 -9999.0
-9999.0 -9999.0 -9999.0 -9999.0 -9999.0 -9999.0 -9999.0 -9999.0 -9999.0 -9999.0 -9999.0 -0.004393 0.246921 0.360985 0.243613 -0.000372 0.744152 2.367467 2.786256 1.450976 1.073437 -0.000688 -2.275263 -3.821739 -0.324446 -3.545372 -5.625555 -4.432723 -4.952534 -8.507338 -7.223294 -3.807866 -6.159867 -8.163861 -7.355617 -5.884728 -5.488820 -4.598837 -4.335564 -9999.0 -9999.0 -9999.0 -8.300625 -9999.0 -9999.0 -9999.0 -9999.0 -9999.0 -9999.0 -9999.0 -9999.0 -9999.0 -9999.0 -9999.0 -9999.0 -9999.0 -9999.0 -9999.0 -9999.0 -9999.0 -9999.0 -9999.0 -9999.0
-9999.0 -9999.0 -9999.0 -9999.0 -9999.0 -9999.0 -9999.0 -9999.0 -9999.0 -9999.0 -9999.0 -0.780414 0.665955 1.866082 1.764964 -0.565000 3.025086 3.255475 2.957847 1.870986 0.462970 -0.001985 -2.159145 -3.090105 -2.237287 -4.359091 -4.749852 -3.459870 -4.549707 -8.117501 -4.451816 -4.245018 -5.751867 -6.570897 -7.347230 -4.467662 -2.877636 -3.017681 -4.426864 -7.824748 -7.759013 -8.248617 -4.697478 -6.732882 -9999.0 -9999.0 -9999.0 -8.956932 -7.555102 -7.224222 -6.492274 -8.301081 -8.520274 -8.238367 -7.810676 -9.072549 -9999.0 -9999.0 -9999.0 -9999.0 -9999.0 -9999.0 -9999.0
-9999.0 -9999.0 -9999.0 -9999.0 -9999.0 -9999.0 -9999.0 -9999.0 -9999.0 -9999.0 -9999.0 -2.675738 -0.177021 -0.003219 -0.000622 -0.002167 -0.000825 2.640090 2.281895 1.903432 1.322039 -0.001934 -1.146469 -3.501929 -4.384635 -5.464472 -2.031264 -3.827130 -5.759990 -6.980482 -6.187941 -4.328995 -3.308335 -6.225082 -6.719084 -3.128906 -3.463365 -3.024434 -2.279942 -6.115429 -4.112250 -5.557150 -3.310673 -4.296497 -6.325362 -9999.0 -9.655139 -6.273805 -4.733955 -3.662686 -3.404320 -4.212911 -4.230808 -4.935739 -5.088411 -6.061139 -9999.0 -9999.0 -9999.0 -9999.0 -9999.0 -9999.0 -9999.0
-9999.0 -9999.0 -9999.0 -9999.0 -9999.0 -9999.0 -9999.0 -9999.0 -9999.0 -9999.0 -9999.0 -9999.0 -0.015430 -0.000877 -0.001913 -0.001579 -0.002070 1.851242 2.538983 1.936925 1.132561 -0.002087 -0.018056 -0.411510 -3.493961 -2.169407 -0.315885 -3.683090 -5.017709 -6.627218 -4.715583 -4.113728 -3.363878 -5.282666 -5.836788 -4.093421 -2.085629 -2.511777 -0.002058 -3.569850 -2.737119 -4.129227 -1.499025 -2.449001 -6.251366 -6.608638 -7.698391 -6.146428 -3.453986 -1.575691 -0.000660 -3.949847 -0.007666 -4.601122 -5.055961 -4.852072 -5.933458 -9999.0 -9999.0 -9999.0 -9999.0 -9999.0 -9999.0
-9999.0 -9999.0 -9999.0 -9999.0 -9999.0 -9999.0 -9999.0 -9999.0 -9999.0 -9999.0 -9999.0 -0.000944 -3.155941 -1.693945 -0.004504 -0.001077 -0.000832 1.092891 2.017330 3.162598 1.471536 -0.002118 -0.000965 -2.228276 -1.805971 -0.010689 -0.000842 -5.250151 -5.483683 -5.105727 -2.220895 -3.253753 -2.379070 -5.131924 -7.334108 -4.485225 -4.357923 -1.372317 -0.004862 -1.055465 -1.412068 -0.002159 -0.287881 -1.534134 -1.772750 -5.092146 -3.994173 -4.959668 -4.055173 -0.003961 -4.360685 -4.967910 -6.787784 -7.717177 -8.689661 -9.590949 -6.830196 -9999.0 -9999.0 -9999.0 -9999.0 -9999.0 -9999.0
-9999.0 -9999.0 -9999.0 -9999.0 -9999.0 -9999.0 -9999.0 -9999.0 -9999.0 -9999.0 -0.002130 -0.003092 -2.360209 -2.364150 -0.001945 -0.000857 -0.001026 -0.002183 2.631778 2.813186 0.504511 0.000392 -0.745155 -0.003291 -0.001059 -0.001314 -2.833557 -5.308698 -3.487680 -2.682578 -2.684738 -2.761984 -2.587839 -5.129847 -9.137680 -6.159412 -3.281574 -1.809204 -0.048591 -0.001732 -0.001629 -0.002062 0.319697 0.322923 -0.001362 -4.922080 -3.905440 -1.295304 -0.575068 -0.000990 -6.690760 -7.379537 -9.178005 -10.480782 -10.036528 -5.163110 -4.968692 -9999.0 -9999.0 -9999.0 -9999.0 -9999.0 -9999.0
-9999.0 -9999.0 -9999.0 -9999.0 -9999.0 -9999.0 -9999.0 -9999.0 -9999.0 -4.161930 -0.013975 -0.873567 -0.011333 -0.005588 -0.000870 -0.002072 -0.001325 -0.000282 2.388474 3.219914 0.839544 -0.003337 -0.001800 -0.001697 -0.000802 -1.649562 -3.676658 -2.620679 -0.007134 -0.001097 -0.000909 -1.845981 -5.863724 -9.838802 -8.008909 -6.278524 -3.130106 -2.367702 -1.960179 -0.002629 -0.148958 -0.002433 -0.623805 1.025709 0.384373 -0.003270 -0.002798 -1.635094 -1.593060 -0.000614 -2.828568 -6.861522 -11.425992 -9.931741 -8.084174 -6.979282 -5.887264 -6.390270 -7.698573 -9999.0 -9999.0 -9999.0 -9999.0
-9999.0 -9999.0 -9999.0 -9999.0 -9999.0 -9999.0 -9999.0 -9999.0 -9999.0 -5.616551 -4.337688 -2.662479 -0.000036 -0.001160 -0.002021 -0.006707 -0.001531 -0.001005 3.021636 1.775862 1.416103 0.578485 -0.000143 -0.000302 -1.262704 -2.453107 -0.003898 -0.001090 -0.001053 -0.000614 -0.003556 -2.227558 -4.055528 -6.152304 -4.904665 -6.270520 -5.726177 -4.432982 -4.372723 -2.082567 -0.001423 -2.793975 -0.003459 -0.001138 1.639590 0.658903 0.328364 -0.002134 -0.002198 -0.000974 -3.091518 -6.378200 -9.415903 -8.290826 -6.941757 -7.902465 -5.815086 -5.028502 -5.351679 -9999.0 -9999.0 -9999.0 -9999.0
-9999.0 -9999.0 -9999.0 -9999.0 -9999.0 -9999.0 -9999.0 -9999.0 -9999.0 -9999.0 -4.913192 -2.629573 -0.001419 -0.000267 -0.001883 -0.001476 -0.001056 0.132103 3.868660 2.675156 1.488090 1.567985 -0.001804 -0.260247 -1.878028 -0.001219 -0.001120 -0.000793 -0.003464 -1.777562 -2.131207 -3.019246 -4.737739 -5.556731 -3.410786 -2.566139 -2.518965 -1.493391 -5.696402 -4.534386 -4.985998 -2.333122 -0.000949 -0.002723 -0.001232 -0.001760 0.497106 0.125934 0.998983 -0.001813 -2.042342 -5.338403 -8.193615 -9.147721 -8.431676 -6.288071 -3.763481 -0.008891 -2.200806 -0.001144 -9999.0 -9999.0 -9999.0
-9999.0 -9999.0 -9999.0 -9999.0 -9999.0 -9999.0 -9999.0 -9999.0 -9999.0 -9999.0 -5.132401 -3.903367 -2.767427 -0.002159 0.000597 -0.002758 -0.002464 1.532881 4.237269 3.693045 2.599305 0.310536 -0.002347 -0.002427 -0.001328 -0.001044 0.343609 -0.001953 -1.468414 -4.416125 -4.612321 -2.981160 -6.148017 -6.348719 -4.517177 -2.262094 -0.005344 -0.003859 -2.935346 -5.421326 -4.249098 -3.569538 -1.539398 -3.059863 -0.001100 -0.414698 -0.000797 -0.001251 1.810218 0.715183 -0.002326 -2.899222 -5.028334 -7.687961 -9.804933 -8.973785 -6.350122 -1.683485 0.648023 0.446142 -9999.0 -9999.0 -9999.0
-9999.0 -9999.0 -9999.0 -9999.0 -9999.0 -9999.0 -9999.0 -9999.0 -3.414998 -4.754903 -5.692379 -3.338137 -3.555961 -1.314349 -0.063217 0.890710 1.903924 1.507648 3.390759 4.200490 4.383297 3.047957 1.875909 -0.003563 -0.001660 1.343596 -0.000197 -0.984901 -2.547800 -4.374241 -9.119208 -4.536934 -4.494443 -6.043586 -4.077113 -4.207116 -0.005473 -0.002446 -2.736469 -6.299818 -5.002409 -2.339730 -4.362410 -5.871467 -3.942026 -0.006886 -2.546246 -0.003555 -0.001314 0.951788 -0.002032 -0.885431 -4.599517 -6.832888 -8.493568 -5.541786 -6.069972 -0.006560 -0.001406 2.952761 -9999.0 -9999.0 -9999.0
-9999.0 -9999.0 -9999.0 -9999.0 -9999.0 -9999.0 -9999.0 -9999.0 -3.873789 -2.112593 -3.850669 -5.521721 -4.216499 -2.864641 -1.110581 -0.001800 0.803774 1.403519 4.777314 4.735101 3.707427 2.834474 1.440000 0.180093 2.293391 2.290477 0.265050 -0.002796 -5.967190 -5.340733 -6.129590 -5.827293 -3.980781 -5.636033 -3.494498 -2.884807 -0.003072 -0.001999 -0.548793 -3.399809 -4.678742 -7.715689 -5.466228 -3.231222 -2.565619 -1.525463 -4.729948 -3.568722 -0.004980 0.990713 0.510099 -0.002061 -5.476873 -6.167195 -4.105707 -4.082907 -1.789550 -0.002235 1.239797 3.629323 4.759666 -9999.0 -9999.0
-9999.0 -9999.0 -9999.0 -9999.0 -9999.0 -9999.0 -9999.0 -9999.0 -4.500643 -3.746928 -3.374835 -4.664139 -4.781822 -4.071287 -0.015577 -0.967104 -0.003047 0.689783 4.685778 3.836031 5.203287 3.718409 3.130525 3.303242 1.929968 2.057336 -0.001609 -1.419205 -5.075094 -4.497245 -5.260155 -2.357744 -3.037639 -2.616287 -2.216591 -2.072824 -0.003129 1.083651 -0.003555 -1.397230 -3.533788 -5.113381 -3.419875 -3.909763 -2.354889 -3.468935 -6.232346 -4.426059 -3.148139 -0.001167 1.952548 -0.002031 -4.868594 -5.331933 -2.924978 -0.023508 -0.000498 1.119780 3.258660 3.725566 4.282392 -9999.0 -9999.0
-9999.0 -9999.0 -9999.0 -9999.0 -9999.0 -9999.0 -9999.0 -9999.0 -7.144829 -3.262808 -0.003632 -6.032383 -3.883576 -0.013424 -0.419068 -0.001801 3.180197 4.449455 2.274214 5.016230 4.608975 5.027657 3.824764 3.281316 2.740098 0.352265 -0.001868 -2.181069 -2.620027 -1.251950 -1.629570 -0.868747 -0.003287 -0.002119 -0.010701 -1.030270 -0.000702 2.830762 -0.000868 -0.002414 -2.842916 -2.575105 -2.587945 -3.998146 -4.187001 -5.016221 -3.419710 -4.279510 -4.151515 -1.850061 -0.001702 1.552189 -0.001986 -0.000667 -0.000586 0.359778 1.886485 3.374009 4.463478 4.053852 3.133918 1.796503 -9999.0
-9999.0 -9999.0 -9999.0 -9999.0 -9999.0 -9999.0 -9999.0 -9999.0 -7.073632 -3.626385 -0.007414 -1.749265 -0.567072 -0.080455 -0.000272 0.737792 0.802893 1.550139 -0.002358 1.796123 3.987930 4.336252 4.656138 4.351983 1.094205 -0.002856 -1.284342 -0.001186 -0.001116 -0.001807 -0.393761 -0.000857 0.680811 -0.000629 -0.001503 -0.001507 0.901310 4.785421 4.248013 0.539136 -0.001411 -0.002255 -0.001947 -0.002341 -1.762577 -1.911358 -0.007896 -0.007675 -0.013939 -0.001735 0.032527 0.942501 1.310063 0.437697 1.057386 1.364446 2.090092 2.852329 3.447475 3.096083 3.025159 1.226393 -9999.0
-9999.0 -9999.0 -4.075977 -3.506712 -4.336733 -2.660043 -3.972740 -3.605242 -5.374657 -4.397315 -1.992686 -0.000529 -0.086836 -0.000796 -0.000112 0.334615 -0.001302 -1.394381 -0.003495 -0.001904 1.694094 4.349414 3.504505 5.512465 2.371792 1.038054 -0.002875 -0.002509 1.335462 -0.000190 -0.002018 -0.001845 1.352498 2.059198 2.089215 3.379013 4.345626 7.218435 6.226469 3.347965 2.090551 2.103565 2.739702 0.873625 -0.001250 -0.001583 0.077547 0.800837 0.868707 1.852666 2.528800 2.361623 1.785230 1.341626 1.286152 1.479522 1.873014 2.244409 1.846409 2.401688 0.228775 0.494670 -9999.0
-9999.0 -0.005293 -1.166824 -1.648826 -2.513588 -2.338139 -3.964678 -4.007708 -5.017548 -5.478686 -3.055254 -1.026753 -0.000083 -0.000066 0.000548 -0.426006 -1.896600 -3.003248 -0.001407 -0.002032 1.495165 3.024074 1.642928 3.439864 2.459927 2.062187 0.702585 1.005064 2.372304 1.366604 1.161092 1.172400 2.605805 3.484989 4.856515 6.036430 7.558283 10.335388 7.662940 6.168648 5.364556 5.192449 4.487694 3.566366 2.371406 2.748335 2.603193 4.810979 4.017230 4.728040 3.122204 2.376032 1.635022 0.912000 0.851355 0.410990 0.307674 0.643825 0.099786 -0.000295 -0.000715 0.288168 -9999.0
-9999.0 -0.004455 -1.295865 -0.002747 -0.000322 -1.895302 -2.713618 -4.535717 -5.693086 -5.807015 -3.611012 -1.415271 -0.001846 0.000644 -0.092785 -3.467008 -3.809393 -3.332428 -0.002969 -0.003286 -0.000316 1.155598 1.939138 0.862096 1.733848 2.575786 4.851720 4.283467 3.732607 5.491297 5.863976 5.559997 4.330003 5.204197 5.907785 8.041631 9.543236 10.597635 10.259403 9.393101 8.597090 7.697387 6.631971 7.266569 7.343387 7.104894 5.215158 5.021602 4.528643 3.872868 2.288054 1.266331 0.399041 1.056883 0.301785 -0.001354 -0.003822 -0.001708 -0.001729 -0.002106 -0.000975 -9999.0 -9999.0
