erum2020/resources/simulation/Vinschgau/output-maps/TL0002N0582.asc
ncols         63
nrows         48
xllcorner     598000.000000
yllcorner     5145000.000000
cellsize      1000.000000
NODATA_value  -9999.0
[rows 0 to 27 of 48, columns 0 to 62 of 63]
-9999.0 -9999.0 -9999.0 -9999.0 -9999.0 -9999.0 -9999.0 -9999.0 -9999.0 -9999.0 -9999.0 -9999.0 -9999.0 -9999.0 -9999.0 -9999.0 -9999.0 -9999.0 -9999.0 -9999.0 -9999.0 -9999.0 -9999.0 -9999.0 -9999.0 -9999.0 -9999.0 -9999.0 -9999.0 -9999.0 -9999.0 -9999.0 -9999.0 -9999.0 -9999.0 -9999.0 -9999.0 -9999.0 -9999.0 -9999.0 -9999.0 -9999.0 -9999.0 -9999.0 -9999.0 -9999.0 -9999.0 -9999.0 -9999.0 -9999.0 -9999.0 -9999.0 -9999.0 -9999.0 -9999.0 -9999.0 -9999.0 -9999.0 -9999.0 -9999.0 -9999.0 -9999.0 -9999.0
-9999.0 -9999.0 -9999.0 -9999.0 -9999.0 -9999.0 -9999.0 -9999.0 -9999.0 -9999.0 -9999.0 -9999.0 -9999.0 -9999.0 -9999.0 -9999.0 -9999.0 -9999.0 -9999.0 -9999.0 -9999.0 -9999.0 -9999.0 -9999.0 -9999.0 -9999.0 -9999.0 12.622778 11.903531 12.343634 10.405436 9.853379 9.694385 -9999.0 -9999.0 -9999.0 -9999.0 -9999.0 -9999.0 -9999.0 -9999.0 -9999.0 -9999.0 -9999.0 -9999.0 -9999.0 -9999.0 -9999.0 -9999.0 -9999.0 -9999.0 -9999.0 -9999.0 -9999.0 -9999.0 -9999.0 -9999.0 -9999.0 -9999.0 -9999.0 -9999.0 -9999.0 -9999.0
-9999.0 -9999.0 -9999.0 -9999.0 -9999.0 -9999.0 -9999.0 -9999.0 -9999.0 -9999.0 -9999.0 -9999.0 -9999.0 -9999.0 -9999.0 -9999.0 -9999.0 -9999.0 -9999.0 -9999.0 -9999.0 -9999.0 -9999.0 -9999.0 12.170746 12.518728 12.739446 12.623043 13.159717 11.656929 9.764145 -9999.0 -9999.0 -9999.0 -9999.0 -9999.0 -9999.0 -9999.0 -9999.0 -9999.0 -9999.0 -9999.0 -9999.0 -9999.0 -9999.0 -9999.0 -9999.0 -9999.0 -9999.0 -9999.0 -9999.0 -9999.0 -9999.0 -9999.0 -9999.0 -9999.0 -9999.0 -9999.0 -9999.0 -9999.0 -9999.0 -9999.0 -9999.0
-9999.0 -9999.0 -9999.0 -9999.0 -9999.0 -9999.0 -9999.0 -9999.0 -9999.0 -9999.0 -9999.0 -9999.0 -9999.0 -9999.0 -9999.0 -9999.0 -9999.0 -9999.0 -9999.0 -9999.0 -9999.0 -9999.0 -9999.0 12.534607 13.660804 13.279801 13.721712 13.644895 12.942259 12.222188 10.319512 9.432104 -9999.0 -9999.0 -9999.0 -9999.0 -9999.0 -9999.0 -9999.0 -9999.0 -9999.0 -9999.0 -9999.0 -9999.0 -9999.0 -9999.0 -9999.0 -9999.0 -9999.0 -9999.0 -9999.0 -9999.0 -9999.0 -9999.0 -9999.0 -9999.0 -9999.0 -9999.0 -9999.0 -9999.0 -9999.0 -9999.0 -9999.0
-9999.0 -9999.0 -9999.0 -9999.0 -9999.0 -9999.0 -9999.0 -9999.0 -9999.0 -9999.0 -9999.0 -9999.0 -9999.0 -9999.0 -9999.0 -9999.0 -9999.0 -9999.0 13.852732 11.615815 -9999.0 12.475675 13.267721 13.247978 13.663493 15.003631 14.766372 14.807677 14.614999 13.135299 12.164145 10.765416 9.876018 8.976839 -9999.0 -9999.0 -9999.0 -9999.0 -9999.0 -9999.0 -9999.0 -9999.0 -9999.0 -9999.0 -9999.0 -9999.0 -9999.0 -9999.0 -9999.0 -9999.0 -9999.0 -9999.0 -9999.0 -9999.0 -9999.0 -9999.0 -9999.0 -9999.0 -9999.0 -9999.0 -9999.0 -9999.0 -9999.0
-9999.0 -9999.0 -9999.0 -9999.0 -9999.0 -9999.0 -9999.0 -9999.0 -9999.0 -9999.0 -9999.0 -9999.0 -9999.0 -9999.0 -9999.0 -9999.0 -9999.0 13.740832 12.017214 13.786002 12.968638 10.936013 12.191213 13.307022 15.788925 10.792477 9.697133 11.542720 10.018468 12.009497 13.573442 10.992629 10.897659 11.487862 9.291910 7.576881 -9999.0 -9999.0 -9999.0 -9999.0 -9999.0 -9999.0 -9999.0 -9999.0 -9999.0 -9999.0 -9999.0 -9999.0 -9999.0 -9999.0 -9999.0 -9999.0 -9999.0 -9999.0 -9999.0 -9999.0 -9999.0 -9999.0 -9999.0 -9999.0 -9999.0 -9999.0 -9999.0
-9999.0 -9999.0 -9999.0 -9999.0 -9999.0 -9999.0 -9999.0 -9999.0 -9999.0 -9999.0 -9999.0 -9999.0 -9999.0 12.498118 11.798561 11.530364 12.989567 20.234370 13.395768 12.682249 13.183026 14.147910 15.421987 15.305673 10.216334 11.610841 10.088800 0.598479 9.960516 10.892103 10.586225 10.794515 9.952286 8.996750 8.213096 8.059587 -9999.0 -9999.0 -9999.0 -9999.0 -9999.0 -9999.0 -9999.0 -9999.0 -9999.0 -9999.0 -9999.0 -9999.0 -9999.0 -9999.0 -9999.0 -9999.0 -9999.0 -9999.0 -9999.0 -9999.0 -9999.0 -9999.0 -9999.0 -9999.0 -9999.0 -9999.0 -9999.0
-9999.0 -9999.0 -9999.0 -9999.0 -9999.0 -9999.0 -9999.0 -9999.0 -9999.0 -9999.0 -9999.0 -9999.0 -9999.0 12.881481 12.528719 11.861717 11.614954 16.863059 19.967702 15.143347 13.381063 14.724049 11.978800 11.258833 12.625958 11.378774 10.679815 9.792304 10.591110 9.286382 0.516531 9.241100 8.257509 7.925041 7.842415 -9999.0 -9999.0 -9999.0 -9999.0 -9999.0 -9999.0 -9999.0 -9999.0 -9999.0 -9999.0 -9999.0 -9999.0 -9999.0 -9999.0 -9999.0 -9999.0 -9999.0 -9999.0 -9999.0 -9999.0 -9999.0 -9999.0 -9999.0 -9999.0 -9999.0 -9999.0 -9999.0 -9999.0
-9999.0 -9999.0 -9999.0 -9999.0 -9999.0 -9999.0 -9999.0 -9999.0 -9999.0 -9999.0 -9999.0 -9999.0 -9999.0 12.234746 13.388854 12.759873 11.036525 12.121241 20.419310 13.413149 14.543848 12.740917 10.317920 9.819236 12.424108 0.435384 12.303380 9.170267 10.104399 9.016552 7.874932 7.821398 7.680979 1.954119 7.200240 -9999.0 -9999.0 -9999.0 -9999.0 -9999.0 -9999.0 -9999.0 -9999.0 -9999.0 -9999.0 -9999.0 -9999.0 -9999.0 -9999.0 -9999.0 -9999.0 -9999.0 -9999.0 -9999.0 -9999.0 -9999.0 -9999.0 -9999.0 -9999.0 -9999.0 -9999.0 -9999.0 -9999.0
-9999.0 -9999.0 -9999.0 -9999.0 -9999.0 -9999.0 -9999.0 -9999.0 -9999.0 -9999.0 -9999.0 -9999.0 11.501266 12.817731 12.112326 10.735588 9.134769 11.102623 17.430236 14.464852 12.203418 9.728659 0.449348 0.544340 10.412801 9.414765 0.395132 9.408466 10.155740 7.439937 7.992827 10.176377 7.711960 7.506016 -9999.0 -9999.0 -9999.0 -9999.0 -9999.0 -9999.0 -9999.0 -9999.0 -9999.0 -9999.0 -9999.0 -9999.0 -9999.0 -9999.0 -9999.0 -9999.0 -9999.0 -9999.0 -9999.0 -9999.0 -9999.0 -9999.0 -9999.0 -9999.0 -9999.0 -9999.0 -9999.0 -9999.0 -9999.0
-9999.0 -9999.0 -9999.0 -9999.0 -9999.0 -9999.0 -9999.0 -9999.0 -9999.0 -9999.0 -9999.0 11.008140 11.046398 9.904849 10.187570 10.948368 10.869848 10.660933 17.201924 12.415358 11.017549 12.397930 11.653406 11.639673 10.243630 10.139784 8.266483 11.915766 9.500731 7.545746 10.268016 11.397219 8.602043 9.066053 11.006177 12.860633 12.059717 14.036673 14.005418 -9999.0 -9999.0 -9999.0 11.130591 -9999.0 -9999.0 -9999.0 -9999.0 -9999.0 -9999.0 -9999.0 -9999.0 -9999.0 -9999.0 -9999.0 -9999.0 -9999.0 -9999.0 -9999.0 -9999.0 -9999.0 -9999.0 -9999.0 -9999.0
-9999.0 -9999.0 -9999.0 -9999.0 -9999.0 -9999.0 -9999.0 -9999.0 -9999.0 -9999.0 -9999.0 9.196539 10.694934 10.008857 10.645562 10.181098 11.904340 11.860005 17.392163 15.386176 15.044807 13.326449 11.620566 0.475015 7.923769 10.610649 11.814979 11.861409 10.081912 8.036847 11.529284 10.625327 9.621706 9.228654 10.463969 12.674116 16.182628 15.336870 13.215420 10.691687 10.530993 10.974046 12.018694 10.556256 -9999.0 -9999.0 -9999.0 8.155260 9.715033 10.163023 9.379333 9.923625 9.860329 8.936881 8.871592 9.751743 -9999.0 -9999.0 -9999.0 -9999.0 -9999.0 -9999.0 -9999.0
-9999.0 -9999.0 -9999.0 -9999.0 -9999.0 -9999.0 -9999.0 -9999.0 -9999.0 -9999.0 -9999.0 9.838129 10.732854 8.279447 10.582567 11.261305 8.725564 9.771647 15.831765 15.538618 10.823813 10.537552 8.556853 11.891798 10.366904 12.982180 0.528077 8.714507 10.293315 8.727366 11.020523 8.645171 12.121980 8.382458 11.697644 15.190405 11.404261 11.647440 16.042706 11.729410 13.588736 12.555898 13.572342 11.391521 8.830090 -9999.0 8.806235 9.644725 11.443709 12.120810 12.658543 11.706091 12.011499 11.632513 10.855116 10.653734 -9999.0 -9999.0 -9999.0 -9999.0 -9999.0 -9999.0 -9999.0
-9999.0 -9999.0 -9999.0 -9999.0 -9999.0 -9999.0 -9999.0 -9999.0 -9999.0 -9999.0 -9999.0 -9999.0 10.106877 7.397393 11.360707 11.504964 7.696877 9.676658 17.348751 15.760190 11.003277 11.277875 10.730914 9.334755 0.395800 0.564241 12.534803 10.730326 10.162763 11.048112 11.978211 0.535069 12.247511 10.141605 9.863575 13.366223 10.097813 11.969913 17.626210 13.204320 16.103327 15.976166 10.110278 12.694989 11.077146 9.536616 10.322285 10.248692 0.521023 10.285570 11.480217 9.473879 10.244788 0.480489 8.169005 9.950325 10.526783 -9999.0 -9999.0 -9999.0 -9999.0 -9999.0 -9999.0
-9999.0 -9999.0 -9999.0 -9999.0 -9999.0 -9999.0 -9999.0 -9999.0 -9999.0 -9999.0 -9999.0 0.856041 10.100313 11.144011 8.369355 8.451288 9.846201 9.875004 17.358768 12.692679 11.643127 10.844992 10.675680 0.521412 0.583325 10.957432 9.456158 9.763575 11.252556 13.108996 0.542869 10.168531 13.174205 9.645476 9.322952 12.086291 13.014709 11.136993 12.993638 17.022184 10.973558 12.237356 11.567671 11.433643 13.247585 9.621778 10.923460 12.986391 13.630842 11.856720 7.752964 10.122243 7.113525 0.407395 5.839631 9.390764 9.754551 -9999.0 -9999.0 -9999.0 -9999.0 -9999.0 -9999.0
-9999.0 -9999.0 -9999.0 -9999.0 -9999.0 -9999.0 -9999.0 -9999.0 -9999.0 -9999.0 11.942774 7.857125 11.376822 11.767218 13.189559 9.888563 9.530518 9.256232 12.254399 13.107302 16.376512 14.702857 9.465351 14.961981 11.771406 10.511182 0.397780 6.688019 13.308474 13.996785 10.946290 10.111415 11.731992 9.049524 8.511618 12.087652 14.615359 10.393524 10.212633 13.486638 13.397078 12.761287 17.412148 11.575213 10.454366 12.179498 12.609452 10.612672 11.227557 11.330916 7.759439 9.047522 4.845046 8.583655 9.759015 11.253340 10.298984 -9999.0 -9999.0 -9999.0 -9999.0 -9999.0 -9999.0
-9999.0 -9999.0 -9999.0 -9999.0 -9999.0 -9999.0 -9999.0 -9999.0 -9999.0 10.078467 11.042497 0.481141 9.313172 8.210376 0.517503 0.465541 8.459581 15.383286 12.606382 13.622943 16.698197 11.441697 11.446274 12.971520 11.680208 8.807199 7.838646 14.282924 11.430028 12.004195 11.863013 0.807760 9.727066 8.487879 11.292545 11.803682 12.078839 8.409671 0.554850 10.318719 10.339057 8.991961 9.071399 12.293159 11.598672 10.850276 14.941264 10.028951 10.516051 12.258314 0.517557 8.381164 6.975779 9.327533 10.459557 8.200130 8.641305 12.489973 10.772685 -9999.0 -9999.0 -9999.0 -9999.0
-9999.0 -9999.0 -9999.0 -9999.0 -9999.0 -9999.0 -9999.0 -9999.0 -9999.0 9.120119 9.816136 11.272675 14.263280 10.496169 9.500072 8.927179 14.599011 12.118609 13.441153 18.514514 18.140470 18.083180 15.319137 14.396852 9.183026 0.524471 10.731485 12.057760 13.258759 13.720096 12.434117 0.871486 9.637972 8.687160 11.093009 11.898534 12.664571 14.399837 11.250115 12.937578 8.597519 0.401707 10.253251 12.253149 12.592072 13.780284 13.577712 12.574304 12.259823 12.200785 7.589642 5.251564 9.147828 9.432533 10.033324 0.442606 0.685056 0.505658 13.589542 -9999.0 -9999.0 -9999.0 -9999.0
-9999.0 -9999.0 -9999.0 -9999.0 -9999.0 -9999.0 -9999.0 -9999.0 -9999.0 -9999.0 10.222207 11.613138 9.936919 10.344897 11.255101 10.336172 11.335543 13.215397 14.328829 15.490278 17.370251 12.960712 11.048785 10.179481 0.533999 11.923002 13.163543 13.374160 12.541811 0.803200 0.819028 8.858694 0.332653 9.930575 11.943074 12.842955 13.248785 12.292823 10.733136 10.321247 9.394164 13.439130 13.575091 10.193893 10.513825 10.824144 11.883798 15.984961 14.319335 12.744810 8.964264 9.113708 9.586373 9.866568 9.174283 10.405252 12.111439 12.753725 12.797543 13.000320 -9999.0 -9999.0 -9999.0
-9999.0 -9999.0 -9999.0 -9999.0 -9999.0 -9999.0 -9999.0 -9999.0 -9999.0 -9999.0 9.829612 10.719454 11.941065 10.589112 16.235133 10.932546 10.913158 12.747028 15.195304 15.759553 13.847257 12.359653 11.148665 11.096062 11.961097 13.704757 14.125358 11.466063 8.849129 0.335195 10.620315 11.709691 0.456538 8.313043 10.992860 11.489988 10.448567 10.006653 7.135119 8.367698 11.476189 11.968582 0.420728 11.781422 12.938812 9.376123 10.824387 11.133502 13.478892 14.658207 12.734662 0.450796 7.774473 9.118160 9.511785 11.100196 11.204038 11.794765 14.465727 15.526022 -9999.0 -9999.0 -9999.0
-9999.0 -9999.0 -9999.0 -9999.0 -9999.0 -9999.0 -9999.0 -9999.0 11.880670 11.331637 11.125202 11.220738 0.501459 0.533763 9.859812 12.453138 13.091114 18.871455 16.476663 16.456989 15.577228 14.722061 13.940916 12.463957 13.512787 13.812218 15.618583 9.607171 0.471047 0.383234 9.261299 10.128521 10.385770 10.059843 10.261915 10.116843 13.694569 10.116935 6.181683 9.268905 10.783504 11.012843 6.670462 9.957019 14.785787 13.277545 1.358978 10.028821 11.722054 14.996931 13.271694 10.754328 8.799249 0.807071 11.489263 12.909667 14.203060 16.081869 14.712164 16.008263 -9999.0 -9999.0 -9999.0
-9999.0 -9999.0 -9999.0 -9999.0 -9999.0 -9999.0 -9999.0 -9999.0 0.554772 0.481895 0.445934 10.169358 11.388478 0.626742 9.455203 11.182587 12.295679 12.856711 15.626334 17.217890 22.567183 21.493777 19.523852 18.519159 14.558414 14.223967 12.374095 10.475316 7.616566 10.974584 10.436725 12.313805 10.084652 11.127714 10.548531 12.411951 13.626362 10.645514 0.440588 10.394450 8.605497 8.187729 10.064544 12.432702 12.865386 8.421648 6.873570 12.104846 11.468141 13.551723 15.040604 12.027869 0.818781 12.728269 14.984909 12.163857 12.524739 13.938882 16.667429 18.299992 18.669626 -9999.0 -9999.0
-9999.0 -9999.0 -9999.0 -9999.0 -9999.0 -9999.0 -9999.0 -9999.0 10.878831 12.588678 11.763345 6.907971 12.116486 0.555988 0.562418 9.909227 11.710504 14.464251 15.846328 21.921031 17.933288 22.229652 22.139723 17.333752 19.945149 13.862675 11.963548 9.010072 0.455850 12.161470 13.345682 12.408844 7.517954 7.751316 11.863465 12.966027 1.183398 11.072532 1.285130 7.533613 9.122445 10.258631 10.971625 11.097069 7.513504 10.777773 10.705740 12.460413 8.810073 12.170961 15.069297 14.120941 10.205184 9.995896 14.084139 14.387448 15.929886 16.852329 18.116239 18.181778 18.168214 -9999.0 -9999.0
-9999.0 -9999.0 -9999.0 -9999.0 -9999.0 -9999.0 -9999.0 -9999.0 9.885566 13.236168 10.194764 1.343398 11.971562 9.984715 10.474912 11.996203 14.471612 15.815595 17.279025 16.121914 17.343531 18.013383 22.173900 20.914302 14.565160 12.448810 10.570810 0.806542 14.174882 10.693538 0.494003 10.006130 10.956438 10.659279 0.440391 12.935153 14.442735 11.973433 0.831275 7.937286 9.819466 11.271303 11.466245 12.502354 10.844125 12.489909 12.968230 13.682277 13.471634 11.719606 12.938833 15.792564 15.079137 14.435467 16.470540 17.070785 17.835055 16.881505 17.382934 18.049999 16.681022 14.075148 -9999.0
-9999.0 -9999.0 -9999.0 -9999.0 -9999.0 -9999.0 -9999.0 -9999.0 10.388464 13.033198 0.598369 9.419357 10.598140 11.375833 16.686654 14.908435 15.960857 13.168861 11.957467 13.612070 15.602668 17.666395 17.722847 17.497080 17.808612 11.898703 9.575620 11.721688 12.581259 11.863514 9.584215 11.915495 13.105208 11.326144 0.499332 0.570773 11.850378 12.981005 12.129026 10.633153 9.943186 0.665913 10.923602 10.462165 8.224061 13.782891 10.968971 11.981190 11.909193 14.168218 15.872786 15.374958 16.250445 17.583844 17.947946 17.944523 18.319723 18.166371 17.822198 16.819106 15.014093 13.055476 -9999.0
-9999.0 -9999.0 12.275510 12.569926 7.972175 8.553876 8.994221 7.752380 11.546234 11.792803 0.571140 11.361952 11.473190 13.888933 18.086180 13.613227 11.447120 9.523674 10.810316 11.909571 13.842822 16.530459 17.296129 17.143355 15.882139 13.301644 11.862823 11.919869 13.207598 15.847789 10.444438 11.040351 16.122533 11.895486 13.340580 11.838366 14.494435 14.045770 12.869748 10.915574 12.685653 12.901001 12.157089 12.797818 9.920428 11.935854 13.576990 12.630171 15.176864 16.569334 17.734271 18.201135 18.304381 18.381432 18.338726 21.544402 17.425608 17.195725 16.188254 14.761064 16.066530 11.914206 -9999.0
-9999.0 9.495103 9.476511 9.306379 8.597673 9.450252 8.824562 1.852510 6.406021 10.927395 0.672749 10.301397 12.647499 17.176598 15.953756 10.813573 9.836270 0.437976 10.278323 11.870581 14.031145 15.352458 19.582143 16.394085 20.790550 15.891575 18.830942 19.370159 15.375412 14.351905 14.052162 13.833885 13.983729 17.563566 15.522621 16.165135 16.899574 15.987246 16.564947 15.533522 15.473611 15.647007 14.752274 12.779834 12.321387 13.053136 15.405630 15.540445 17.451064 17.254173 17.541350 17.569397 17.124800 17.041257 17.008847 16.194144 14.450115 14.292742 14.494419 15.189086 11.612766 11.545940 -9999.0
-9999.0 13.598932 10.487651 10.607310 13.789267 9.767607 7.308591 6.868323 11.172901 11.766647 9.121579 10.210506 12.882174 16.301339 11.411205 8.638707 0.710482 0.530680 11.575257 11.728149 16.497365 14.292876 15.434572 16.614585 20.935928 22.017532 16.474333 17.191262 16.627604 16.042977 15.937040 15.223433 15.452761 15.992541 19.664946 17.581835 22.532922 23.046222 18.760642 18.281962 17.924263 17.374938 16.373569 15.626797 16.211628 16.532145 17.498403 17.628427 17.039429 17.113190 16.158496 14.779411 14.565951 15.452266 14.624583 12.842314 12.977471 11.944944 11.483950 10.447989 10.361751 -9999.0 -9999.0
