erum2020/resources/simulation/Vinschgau/output-maps/TL0001N1077.asc
ncols         63
nrows         48
xllcorner     598000.000000
yllcorner     5145000.000000
cellsize      1000.000000
NODATA_value  -9999.0
[rows 0 to 27 of 48, columns 0 to 62 of 63]
-9999.0 -9999.0 -9999.0 -9999.0 -9999.0 -9999.0 -9999.0 -9999.0 -9999.0 -9999.0 -9999.0 -9999.0 -9999.0 -9999.0 -9999.0 -9999.0 -9999.0 -9999.0 -9999.0 -9999.0 -9999.0 -9999.0 -9999.0 -9999.0 -9999.0 -9999.0 -9999.0 -9999.0 -9999.0 -9999.0 -9999.0 -9999.0 -9999.0 -9999.0 -9999.0 -9999.0 -9999.0 -9999.0 -9999.0 -9999.0 -9999.0 -9999.0 -9999.0 -9999.0 -9999.0 -9999.0 -9999.0 -9999.0 -9999.0 -9999.0 -9999.0 -9999.0 -9999.0 -9999.0 -9999.0 -9999.0 -9999.0 -9999.0 -9999.0 -9999.0 -9999.0 -9999.0 -9999.0
-9999.0 -9999.0 -9999.0 -9999.0 -9999.0 -9999.0 -9999.0 -9999.0 -9999.0 -9999.0 -9999.0 -9999.0 -9999.0 -9999.0 -9999.0 -9999.0 -9999.0 -9999.0 -9999.0 -9999.0 -9999.0 -9999.0 -9999.0 -9999.0 -9999.0 -9999.0 -9999.0 0.424093 0.206782 -0.154881 -0.842492 -1.322600 -0.809468 -9999.0 -9999.0 -9999.0 -9999.0 -9999.0 -9999.0 -9999.0 -9999.0 -9999.0 -9999.0 -9999.0 -9999.0 -9999.0 -9999.0 -9999.0 -9999.0 -9999.0 -9999.0 -9999.0 -9999.0 -9999.0 -9999.0 -9999.0 -9999.0 -9999.0 -9999.0 -9999.0 -9999.0 -9999.0 -9999.0
-9999.0 -9999.0 -9999.0 -9999.0 -9999.0 -9999.0 -9999.0 -9999.0 -9999.0 -9999.0 -9999.0 -9999.0 -9999.0 -9999.0 -9999.0 -9999.0 -9999.0 -9999.0 -9999.0 -9999.0 -9999.0 -9999.0 -9999.0 -9999.0 0.221529 0.153774 0.188486 0.114630 0.143114 0.111889 -0.624015 -9999.0 -9999.0 -9999.0 -9999.0 -9999.0 -9999.0 -9999.0 -9999.0 -9999.0 -9999.0 -9999.0 -9999.0 -9999.0 -9999.0 -9999.0 -9999.0 -9999.0 -9999.0 -9999.0 -9999.0 -9999.0 -9999.0 -9999.0 -9999.0 -9999.0 -9999.0 -9999.0 -9999.0 -9999.0 -9999.0 -9999.0 -9999.0
-9999.0 -9999.0 -9999.0 -9999.0 -9999.0 -9999.0 -9999.0 -9999.0 -9999.0 -9999.0 -9999.0 -9999.0 -9999.0 -9999.0 -9999.0 -9999.0 -9999.0 -9999.0 -9999.0 -9999.0 -9999.0 -9999.0 -9999.0 0.400728 0.359916 2.189255 2.559220 3.115088 2.338809 0.357748 0.087973 -1.209029 -9999.0 -9999.0 -9999.0 -9999.0 -9999.0 -9999.0 -9999.0 -9999.0 -9999.0 -9999.0 -9999.0 -9999.0 -9999.0 -9999.0 -9999.0 -9999.0 -9999.0 -9999.0 -9999.0 -9999.0 -9999.0 -9999.0 -9999.0 -9999.0 -9999.0 -9999.0 -9999.0 -9999.0 -9999.0 -9999.0 -9999.0
-9999.0 -9999.0 -9999.0 -9999.0 -9999.0 -9999.0 -9999.0 -9999.0 -9999.0 -9999.0 -9999.0 -9999.0 -9999.0 -9999.0 -9999.0 -9999.0 -9999.0 -9999.0 5.201548 1.291574 -9999.0 0.284201 0.890438 1.910521 2.184088 3.689985 3.506925 3.432589 1.924550 -0.003416 0.118607 -0.255945 0.037417 0.243019 -9999.0 -9999.0 -9999.0 -9999.0 -9999.0 -9999.0 -9999.0 -9999.0 -9999.0 -9999.0 -9999.0 -9999.0 -9999.0 -9999.0 -9999.0 -9999.0 -9999.0 -9999.0 -9999.0 -9999.0 -9999.0 -9999.0 -9999.0 -9999.0 -9999.0 -9999.0 -9999.0 -9999.0 -9999.0
-9999.0 -9999.0 -9999.0 -9999.0 -9999.0 -9999.0 -9999.0 -9999.0 -9999.0 -9999.0 -9999.0 -9999.0 -9999.0 -9999.0 -9999.0 -9999.0 -9999.0 5.152607 3.744769 3.566125 3.017493 -0.022545 -0.002723 1.454534 3.886800 -0.007161 -0.627108 -0.004347 -0.150005 1.338455 1.164681 0.261224 0.075163 0.378978 -0.008292 -0.105803 -9999.0 -9999.0 -9999.0 -9999.0 -9999.0 -9999.0 -9999.0 -9999.0 -9999.0 -9999.0 -9999.0 -9999.0 -9999.0 -9999.0 -9999.0 -9999.0 -9999.0 -9999.0 -9999.0 -9999.0 -9999.0 -9999.0 -9999.0 -9999.0 -9999.0 -9999.0 -9999.0
-9999.0 -9999.0 -9999.0 -9999.0 -9999.0 -9999.0 -9999.0 -9999.0 -9999.0 -9999.0 -9999.0 -9999.0 -9999.0 2.724955 1.816988 3.340256 4.795381 10.773879 4.851717 3.494197 2.519239 2.041096 2.736027 3.891313 -0.011821 1.265573 -0.558644 -1.817360 -0.217591 -0.005785 -0.684022 0.187997 -0.182547 -0.674867 -1.163219 -0.134330 -9999.0 -9999.0 -9999.0 -9999.0 -9999.0 -9999.0 -9999.0 -9999.0 -9999.0 -9999.0 -9999.0 -9999.0 -9999.0 -9999.0 -9999.0 -9999.0 -9999.0 -9999.0 -9999.0 -9999.0 -9999.0 -9999.0 -9999.0 -9999.0 -9999.0 -9999.0 -9999.0
-9999.0 -9999.0 -9999.0 -9999.0 -9999.0 -9999.0 -9999.0 -9999.0 -9999.0 -9999.0 -9999.0 -9999.0 -9999.0 3.637787 3.819898 4.070521 3.991403 8.893787 10.919708 4.766836 3.981277 5.368942 2.162158 0.946919 0.823472 -0.003282 0.223446 0.220385 0.199721 -1.453339 -2.021222 0.102138 0.056341 -4.896493 -0.898398 -9999.0 -9999.0 -9999.0 -9999.0 -9999.0 -9999.0 -9999.0 -9999.0 -9999.0 -9999.0 -9999.0 -9999.0 -9999.0 -9999.0 -9999.0 -9999.0 -9999.0 -9999.0 -9999.0 -9999.0 -9999.0 -9999.0 -9999.0 -9999.0 -9999.0 -9999.0 -9999.0 -9999.0
-9999.0 -9999.0 -9999.0 -9999.0 -9999.0 -9999.0 -9999.0 -9999.0 -9999.0 -9999.0 -9999.0 -9999.0 -9999.0 3.938000 4.555118 5.215101 3.579709 4.431429 11.214264 4.833786 6.635893 2.286214 -0.004713 -0.070794 0.754941 0.083347 1.524975 0.143011 -1.206830 -4.285069 -0.941708 -5.510173 -5.598815 -8.790760 -0.404842 -9999.0 -9999.0 -9999.0 -9999.0 -9999.0 -9999.0 -9999.0 -9999.0 -9999.0 -9999.0 -9999.0 -9999.0 -9999.0 -9999.0 -9999.0 -9999.0 -9999.0 -9999.0 -9999.0 -9999.0 -9999.0 -9999.0 -9999.0 -9999.0 -9999.0 -9999.0 -9999.0 -9999.0
-9999.0 -9999.0 -9999.0 -9999.0 -9999.0 -9999.0 -9999.0 -9999.0 -9999.0 -9999.0 -9999.0 -9999.0 2.069594 4.050138 4.573915 2.545138 2.031188 3.917213 9.591601 5.630886 2.514653 -0.005927 -0.539290 -0.007645 -0.770917 0.200345 -1.890926 0.075405 -0.184242 -0.732518 -5.438346 0.012702 -1.359939 0.055878 -9999.0 -9999.0 -9999.0 -9999.0 -9999.0 -9999.0 -9999.0 -9999.0 -9999.0 -9999.0 -9999.0 -9999.0 -9999.0 -9999.0 -9999.0 -9999.0 -9999.0 -9999.0 -9999.0 -9999.0 -9999.0 -9999.0 -9999.0 -9999.0 -9999.0 -9999.0 -9999.0 -9999.0 -9999.0
-9999.0 -9999.0 -9999.0 -9999.0 -9999.0 -9999.0 -9999.0 -9999.0 -9999.0 -9999.0 -9999.0 2.936330 3.212967 2.517841 3.816536 5.215621 4.743806 4.097003 9.341299 6.318628 2.697505 1.939740 0.846030 0.089623 -0.807348 -0.007290 -0.049577 -0.049544 -0.067366 -0.193059 -0.003523 -0.172565 -1.071617 0.055784 -1.035445 -0.325960 0.004310 0.147062 -0.343147 -9999.0 -9999.0 -9999.0 -0.031568 -9999.0 -9999.0 -9999.0 -9999.0 -9999.0 -9999.0 -9999.0 -9999.0 -9999.0 -9999.0 -9999.0 -9999.0 -9999.0 -9999.0 -9999.0 -9999.0 -9999.0 -9999.0 -9999.0 -9999.0
-9999.0 -9999.0 -9999.0 -9999.0 -9999.0 -9999.0 -9999.0 -9999.0 -9999.0 -9999.0 -9999.0 2.715175 3.261508 4.686117 5.558176 3.690125 6.995666 4.821624 9.567914 6.863794 6.533731 3.004544 0.345900 -0.881739 -2.650962 0.186187 0.148793 0.016622 -0.070730 0.013894 -0.624057 0.117106 -0.696092 -1.548516 -0.391147 -0.113241 0.115884 0.181529 0.185336 0.042246 0.108799 -0.036157 -0.800992 0.090618 -9999.0 -9999.0 -9999.0 -0.683825 -2.053679 -0.436975 -0.479545 -0.744639 -0.777722 -1.513818 -1.059546 -0.797513 -9999.0 -9999.0 -9999.0 -9999.0 -9999.0 -9999.0 -9999.0
-9999.0 -9999.0 -9999.0 -9999.0 -9999.0 -9999.0 -9999.0 -9999.0 -9999.0 -9999.0 -9999.0 2.088687 2.708441 0.054852 5.013995 4.553649 1.926487 3.842614 7.908521 6.861940 1.999351 -0.005046 -1.060860 0.118122 0.187813 0.450373 -1.751552 -2.330493 0.320420 -0.834736 0.181673 -2.796951 0.029502 -1.446640 -0.728464 0.069101 -1.966369 -1.495744 1.570827 0.253781 -0.293117 -0.105681 0.028875 0.135482 -1.557177 -9999.0 -0.304891 -0.707851 -0.796005 -0.171838 0.255593 -0.048626 0.123083 -0.396918 -1.018677 -1.475877 -9999.0 -9999.0 -9999.0 -9999.0 -9999.0 -9999.0 -9999.0
-9999.0 -9999.0 -9999.0 -9999.0 -9999.0 -9999.0 -9999.0 -9999.0 -9999.0 -9999.0 -9999.0 -9999.0 1.274247 -0.012137 3.871051 3.903421 0.502877 2.905564 8.921873 6.732047 2.091848 0.041284 -0.783698 -2.048328 -1.229701 -1.124859 0.669141 0.250301 -0.870160 0.099315 0.125715 -2.589407 0.262678 -0.504734 -0.807499 -0.332142 -2.490549 -1.339244 3.629424 0.363832 0.148298 1.404429 -1.998574 0.170173 0.195290 -0.611997 -0.252171 -1.230028 -3.545540 -2.130442 -0.018007 -2.484870 -2.520258 -3.121404 -3.691843 -1.028401 -0.859184 -9999.0 -9999.0 -9999.0 -9999.0 -9999.0 -9999.0
-9999.0 -9999.0 -9999.0 -9999.0 -9999.0 -9999.0 -9999.0 -9999.0 -9999.0 -9999.0 -9999.0 -1.398040 0.803607 2.643211 -0.006926 0.012577 1.331684 2.112440 8.166634 4.148218 2.484026 0.490227 -0.010248 -1.146708 -1.356492 -1.338947 -1.990791 0.071375 0.053311 0.534532 -2.599241 -1.772617 0.211788 -0.947947 -1.770728 -0.609629 0.173315 -1.380377 -0.005456 2.785894 -0.101554 -0.006564 -0.418821 -0.678735 0.334282 0.094172 -0.262735 0.572147 1.379350 -0.008879 -2.063548 0.072747 -3.467169 -3.754182 -4.579047 -5.853625 -0.653712 -9999.0 -9999.0 -9999.0 -9999.0 -9999.0 -9999.0
-9999.0 -9999.0 -9999.0 -9999.0 -9999.0 -9999.0 -9999.0 -9999.0 -9999.0 -9999.0 0.832216 -0.305936 0.882680 1.389874 2.688029 -0.006748 -0.008001 0.010474 3.352351 3.783267 5.017163 3.793507 -0.253447 2.028605 -0.026489 -1.071302 -0.707503 -3.369587 0.265103 0.458586 -1.246111 -1.333627 0.159969 -1.000220 -0.158431 0.187189 0.088247 -2.290987 -0.579405 0.085547 0.177931 1.778023 6.231534 0.774888 -0.010224 0.595786 0.222147 -1.883698 -1.187134 -0.007558 -3.270080 -0.465413 -5.011343 -6.362775 -5.689150 -1.037622 -0.886754 -9999.0 -9999.0 -9999.0 -9999.0 -9999.0 -9999.0
-9999.0 -9999.0 -9999.0 -9999.0 -9999.0 -9999.0 -9999.0 -9999.0 -9999.0 0.218642 0.306368 -1.469548 -0.954873 -0.104807 -0.683324 -0.568799 -0.011081 3.897703 3.284454 3.894675 5.347494 0.591275 0.142191 0.223237 -0.004950 -1.111763 -1.410133 0.683467 -0.465322 -0.053095 -0.003245 -1.304649 0.261478 -4.829273 0.095331 0.179049 0.081627 -2.701844 -1.041433 -0.312124 -0.854999 -0.276803 -0.192601 1.620286 0.771604 -0.008788 2.386668 -0.164130 -0.166355 -0.002459 -1.372196 -0.614422 -7.065758 -1.635651 -1.109881 -3.146402 -2.690872 0.112989 -0.682680 -9999.0 -9999.0 -9999.0 -9999.0
-9999.0 -9999.0 -9999.0 -9999.0 -9999.0 -9999.0 -9999.0 -9999.0 -9999.0 0.185606 0.210937 0.529076 2.510449 -0.006213 -0.012514 -0.120905 2.330807 0.302776 3.859407 6.338284 5.925831 5.821494 3.925070 1.759556 -0.726427 -1.024812 -0.084660 -0.006820 0.466288 1.811047 0.615153 -1.682588 -0.323583 -1.380049 -0.762095 0.234205 0.400667 0.921720 0.184019 0.206641 -2.241766 -0.704175 -0.036076 0.911915 2.149060 2.337506 1.972645 0.194452 -0.006405 0.015336 -2.557231 -4.174956 -1.779912 -3.795947 -2.018285 -4.244696 -2.388675 -1.628927 0.394362 -9999.0 -9999.0 -9999.0 -9999.0
-9999.0 -9999.0 -9999.0 -9999.0 -9999.0 -9999.0 -9999.0 -9999.0 -9999.0 -9999.0 0.125405 0.206953 -0.266691 -0.492970 -0.005700 -0.010056 -0.006690 1.854642 4.648899 4.747367 5.969271 2.419490 -0.018291 -1.170904 -1.120554 -0.009884 0.025266 1.292263 0.901066 -1.258412 -1.597780 -2.161934 -2.466201 -1.115852 0.036347 0.215983 0.410079 0.347368 0.410068 -0.547862 0.096080 0.568864 2.059160 -0.008932 -0.011146 -0.008149 1.082879 4.254278 2.713757 0.010088 -1.517081 -2.304951 -1.161094 -1.897932 -3.708011 -0.532830 -0.160517 -1.061252 -0.789256 -0.007952 -9999.0 -9999.0 -9999.0
-9999.0 -9999.0 -9999.0 -9999.0 -9999.0 -9999.0 -9999.0 -9999.0 -9999.0 -9999.0 -0.346858 0.227213 0.270769 -0.045567 3.301494 -0.007246 -0.010120 2.355035 5.043060 5.898678 3.233668 1.188081 -0.021496 -0.010355 -0.013566 0.534568 1.964551 -0.009052 -0.941034 -2.197172 0.139747 0.128339 -2.745791 -1.103592 0.153833 0.285264 -0.995291 -1.337986 -2.908983 -0.042765 -0.367672 0.541768 -2.048105 0.380568 0.890868 -0.257280 -0.007220 -0.010785 2.387985 2.382740 -0.003786 -0.778537 -3.116200 -2.465591 -2.391048 -1.808744 -0.542659 -1.135399 0.931752 2.226198 -9999.0 -9999.0 -9999.0
-9999.0 -9999.0 -9999.0 -9999.0 -9999.0 -9999.0 -9999.0 -9999.0 0.282926 0.133737 -0.125641 0.070648 -2.085696 -1.209936 -0.037707 1.417545 2.680239 6.699671 5.686284 6.419106 4.986234 3.857238 2.800251 1.029373 0.076736 1.752149 3.538896 -0.472319 -1.149110 -2.102038 -4.774870 -0.573396 0.133481 -0.673560 -0.270269 0.192541 2.280099 -0.491221 -2.174739 0.260650 0.549971 0.173594 -2.031619 0.294416 1.594630 1.108387 -2.008061 -0.169052 -0.008909 2.485491 0.170769 -0.397655 -2.700114 -4.595579 -1.532567 -1.355497 0.159060 1.278039 0.492072 3.792356 -9999.0 -9999.0 -9999.0
-9999.0 -9999.0 -9999.0 -9999.0 -9999.0 -9999.0 -9999.0 -9999.0 -2.418268 -2.452852 -1.591221 -0.003548 0.211726 -1.528026 -0.589726 -0.009020 1.679939 2.287639 5.374258 6.921585 9.949256 8.856663 8.312479 7.638659 3.172480 2.980728 0.714101 -0.151859 -2.633460 -0.593638 -0.915485 0.361282 -0.165931 0.434448 0.165481 0.448202 2.313288 -0.007558 -1.469524 0.137939 0.153740 -3.781080 0.455140 0.201826 0.417089 -2.199536 -2.772587 0.096567 -0.412257 1.357856 2.068498 -0.013565 -3.129258 -0.840851 0.158122 -1.240422 -1.046677 -0.006865 2.746845 5.266154 6.741990 -9999.0 -9999.0
-9999.0 -9999.0 -9999.0 -9999.0 -9999.0 -9999.0 -9999.0 -9999.0 0.136879 0.200024 -0.000016 -2.411628 0.082356 -1.846117 -1.232338 -0.450268 0.050941 2.670621 5.282326 9.788210 7.391112 9.344734 9.221564 5.890957 6.544667 3.001906 0.079424 -0.891185 -3.991862 0.160186 0.501386 0.198399 -0.832674 -1.392112 0.717617 1.603004 -0.009086 1.440742 -0.023572 -1.890110 0.264824 0.593751 0.279465 0.199552 -1.010254 0.091407 0.241877 0.178185 -1.078800 -0.014957 2.361883 0.078805 -1.953990 -2.929122 -0.814537 -0.297130 1.328472 2.653081 4.907181 5.549470 5.912195 -9999.0 -9999.0
-9999.0 -9999.0 -9999.0 -9999.0 -9999.0 -9999.0 -9999.0 -9999.0 -0.322343 0.086982 -1.371712 -3.064957 0.104093 -1.288325 -1.820425 0.010256 3.842140 5.070862 6.468497 5.553945 6.764576 7.108330 8.910845 8.383403 3.429417 0.851660 -0.046089 -1.626551 0.659740 -1.789417 -0.882746 -1.561888 -0.005740 -0.154793 -0.011731 2.176585 4.245922 3.832570 0.517874 -0.008849 0.672270 0.462941 0.229156 1.649050 0.252954 0.586169 0.280104 0.918538 0.204682 -0.348384 -0.011344 1.992434 0.103003 -0.819408 0.515580 1.862633 3.471665 4.354236 5.423643 5.677035 4.764666 2.383094 -9999.0
-9999.0 -9999.0 -9999.0 -9999.0 -9999.0 -9999.0 -9999.0 -9999.0 -0.815191 0.097346 -1.659399 -1.236325 -1.726934 -0.405057 2.349828 2.402457 4.790001 2.330572 0.610067 2.674883 4.575596 6.462883 6.739042 6.481415 5.623271 0.042206 -0.742240 -0.008954 -0.005480 -0.034214 -0.438913 0.019934 2.243267 1.389284 0.032309 1.348081 2.776223 5.835951 5.310471 2.244185 0.217601 0.019112 0.005983 -0.006066 -0.358014 1.211311 -0.189443 -0.752712 -0.020118 0.004603 1.628953 1.457565 1.765470 2.012337 2.323763 2.616835 3.624958 4.438145 5.059992 4.771373 3.949736 1.807766 -9999.0
-9999.0 -9999.0 0.244619 0.077460 -2.838593 -1.385016 -2.440127 -3.422008 -1.126770 -0.546022 -2.244018 -0.772760 -0.190321 -0.007503 3.833202 1.825724 -0.015439 -0.894087 -0.078053 -0.007381 2.547966 5.227479 5.284725 6.031691 4.559295 1.846999 0.008545 -0.006368 1.923942 3.620264 -0.016462 0.380223 5.595975 3.120719 3.894896 4.408998 6.780952 8.160963 7.096328 4.406218 4.047502 3.903384 3.469249 2.564147 -0.008309 0.001476 1.716344 1.256817 2.514760 3.446807 4.225838 3.951324 3.342330 2.878283 2.766057 6.484355 3.412770 3.815493 3.465082 3.193529 4.515919 1.061186 -9999.0
-9999.0 -1.324614 -2.176215 -2.199552 -1.246647 -2.029887 -1.266704 -1.811371 -2.780224 -1.220087 -0.998937 -0.538485 -0.003474 2.136178 2.982927 -0.299015 -1.125427 -0.879978 -1.194843 -0.013070 2.220819 4.050260 6.236778 4.559754 7.630643 4.302112 5.533440 5.528341 4.431175 3.150736 3.028177 3.091422 4.526374 7.903557 7.676026 8.615562 10.756800 11.110510 10.378319 8.503638 8.307248 8.045268 6.912480 4.616542 3.326945 3.710173 4.351406 5.742805 6.477867 5.824892 4.729707 3.941538 3.192840 2.446692 2.363442 1.881634 0.705815 1.050487 1.639313 3.191127 0.360606 0.854977 -9999.0
-9999.0 1.521417 -0.291018 -0.042361 0.754924 -0.086245 -2.168659 -2.305633 -1.198011 -1.312565 -1.506953 -0.916942 0.057407 3.063485 -0.067766 -2.334124 -1.644662 -1.183476 -0.586420 -0.008084 3.536551 1.716341 2.698594 2.950662 7.209345 8.234684 5.351904 6.347608 5.780305 6.257399 6.451791 6.210539 6.400130 7.435135 10.736508 10.709762 15.924138 17.151615 13.379880 12.592526 11.751326 10.589350 9.958062 7.926684 7.851105 7.712428 7.589382 7.141580 6.395245 5.559955 3.916349 1.779308 0.815945 1.386516 0.622494 -0.028022 -0.018567 -0.094150 -0.090728 -0.381433 -0.032102 -9999.0 -9999.0
