erum2020/resources/simulation/Vinschgau/output-maps/TL0005N1003.asc
ncols         63
nrows         48
xllcorner     598000.000000
yllcorner     5145000.000000
cellsize      1000.000000
NODATA_value  -9999.0
[rows 0 to 27 of 48, columns 0 to 62 of 63]
-9999.0 -9999.0 -9999.0 -9999.0 -9999.0 -9999.0 -9999.0 -9999.0 -9999.0 -9999.0 -9999.0 -9999.0 -9999.0 -9999.0 -9999.0 -9999.0 -9999.0 -9999.0 -9999.0 -9999.0 -9999.0 -9999.0 -9999.0 -9999.0 -9999.0 -9999.0 -9999.0 -9999.0 -9999.0 -9999.0 -9999.0 -9999.0 -9999.0 -9999.0 -9999.0 -9999.0 -9999.0 -9999.0 -9999.0 -9999.0 -9999.0 -9999.0 -9999.0 -9999.0 -9999.0 -9999.0 -9999.0 -9999.0 -9999.0 -9999.0 -9999.0 -9999.0 -9999.0 -9999.0 -9999.0 -9999.0 -9999.0 -9999.0 -9999.0 -9999.0 -9999.0 -9999.0 -9999.0
-9999.0 -9999.0 -9999.0 -9999.0 -9999.0 -9999.0 -9999.0 -9999.0 -9999.0 -9999.0 -9999.0 -9999.0 -9999.0 -9999.0 -9999.0 -9999.0 -9999.0 -9999.0 -9999.0 -9999.0 -9999.0 -9999.0 -9999.0 -9999.0 -9999.0 -9999.0 -9999.0 -2.020197 -2.709591 -2.412835 -3.246992 -3.482277 -3.212318 -9999.0 -9999.0 -9999.0 -9999.0 -9999.0 -9999.0 -9999.0 -9999.0 -9999.0 -9999.0 -9999.0 -9999.0 -9999.0 -9999.0 -9999.0 -9999.0 -9999.0 -9999.0 -9999.0 -9999.0 -9999.0 -9999.0 -9999.0 -9999.0 -9999.0 -9999.0 -9999.0 -9999.0 -9999.0 -9999.0
-9999.0 -9999.0 -9999.0 -9999.0 -9999.0 -9999.0 -9999.0 -9999.0 -9999.0 -9999.0 -9999.0 -9999.0 -9999.0 -9999.0 -9999.0 -9999.0 -9999.0 -9999.0 -9999.0 -9999.0 -9999.0 -9999.0 -9999.0 -9999.0 -0.868808 -0.687075 -0.509852 -0.760144 -1.691912 -1.826828 -3.351708 -9999.0 -9999.0 -9999.0 -9999.0 -9999.0 -9999.0 -9999.0 -9999.0 -9999.0 -9999.0 -9999.0 -9999.0 -9999.0 -9999.0 -9999.0 -9999.0 -9999.0 -9999.0 -9999.0 -9999.0 -9999.0 -9999.0 -9999.0 -9999.0 -9999.0 -9999.0 -9999.0 -9999.0 -9999.0 -9999.0 -9999.0 -9999.0
-9999.0 -9999.0 -9999.0 -9999.0 -9999.0 -9999.0 -9999.0 -9999.0 -9999.0 -9999.0 -9999.0 -9999.0 -9999.0 -9999.0 -9999.0 -9999.0 -9999.0 -9999.0 -9999.0 -9999.0 -9999.0 -9999.0 -9999.0 -0.611060 -0.766460 0.921830 1.417578 2.077523 1.088423 -0.516049 -3.268060 -3.589378 -9999.0 -9999.0 -9999.0 -9999.0 -9999.0 -9999.0 -9999.0 -9999.0 -9999.0 -9999.0 -9999.0 -9999.0 -9999.0 -9999.0 -9999.0 -9999.0 -9999.0 -9999.0 -9999.0 -9999.0 -9999.0 -9999.0 -9999.0 -9999.0 -9999.0 -9999.0 -9999.0 -9999.0 -9999.0 -9999.0 -9999.0
-9999.0 -9999.0 -9999.0 -9999.0 -9999.0 -9999.0 -9999.0 -9999.0 -9999.0 -9999.0 -9999.0 -9999.0 -9999.0 -9999.0 -9999.0 -9999.0 -9999.0 -9999.0 1.775249 -0.731522 -9999.0 -0.456543 -0.777189 0.409597 1.022765 2.191580 -0.002928 -0.003137 0.564275 -0.012715 -0.711892 -2.742138 -2.769284 -3.509445 -9999.0 -9999.0 -9999.0 -9999.0 -9999.0 -9999.0 -9999.0 -9999.0 -9999.0 -9999.0 -9999.0 -9999.0 -9999.0 -9999.0 -9999.0 -9999.0 -9999.0 -9999.0 -9999.0 -9999.0 -9999.0 -9999.0 -9999.0 -9999.0 -9999.0 -9999.0 -9999.0 -9999.0 -9999.0
-9999.0 -9999.0 -9999.0 -9999.0 -9999.0 -9999.0 -9999.0 -9999.0 -9999.0 -9999.0 -9999.0 -9999.0 -9999.0 -9999.0 -9999.0 -9999.0 -9999.0 4.561914 3.111728 2.190416 -0.291727 -0.041028 -0.011890 -0.006724 0.854053 -0.004248 -0.415281 -0.023268 -0.132677 -0.003377 -0.542908 -0.606931 -1.673361 -1.939161 -3.149311 -3.767801 -9999.0 -9999.0 -9999.0 -9999.0 -9999.0 -9999.0 -9999.0 -9999.0 -9999.0 -9999.0 -9999.0 -9999.0 -9999.0 -9999.0 -9999.0 -9999.0 -9999.0 -9999.0 -9999.0 -9999.0 -9999.0 -9999.0 -9999.0 -9999.0 -9999.0 -9999.0 -9999.0
-9999.0 -9999.0 -9999.0 -9999.0 -9999.0 -9999.0 -9999.0 -9999.0 -9999.0 -9999.0 -9999.0 -9999.0 -9999.0 -0.094998 -0.004075 2.577874 4.119143 7.215694 4.186266 1.454679 0.991398 -0.004019 1.225733 0.891834 -0.005087 -0.293478 -1.338620 -2.474778 -0.862782 -0.033396 -1.470852 -1.351064 -1.022720 -3.039949 -2.319934 -3.909458 -9999.0 -9999.0 -9999.0 -9999.0 -9999.0 -9999.0 -9999.0 -9999.0 -9999.0 -9999.0 -9999.0 -9999.0 -9999.0 -9999.0 -9999.0 -9999.0 -9999.0 -9999.0 -9999.0 -9999.0 -9999.0 -9999.0 -9999.0 -9999.0 -9999.0 -9999.0 -9999.0
-9999.0 -9999.0 -9999.0 -9999.0 -9999.0 -9999.0 -9999.0 -9999.0 -9999.0 -9999.0 -9999.0 -9999.0 -9999.0 -0.025007 2.061938 3.357193 3.381109 5.537204 7.292562 2.435135 3.253844 2.477409 1.421132 0.273525 -0.023341 -0.098454 -1.236585 -2.517505 -2.413109 -0.864076 -2.507607 -2.998359 -2.710747 -7.384833 -3.438900 -9999.0 -9999.0 -9999.0 -9999.0 -9999.0 -9999.0 -9999.0 -9999.0 -9999.0 -9999.0 -9999.0 -9999.0 -9999.0 -9999.0 -9999.0 -9999.0 -9999.0 -9999.0 -9999.0 -9999.0 -9999.0 -9999.0 -9999.0 -9999.0 -9999.0 -9999.0 -9999.0 -9999.0
-9999.0 -9999.0 -9999.0 -9999.0 -9999.0 -9999.0 -9999.0 -9999.0 -9999.0 -9999.0 -9999.0 -9999.0 -9999.0 1.717373 2.353274 2.919922 2.872909 3.659194 7.563772 4.119052 3.367884 0.586732 -0.009473 -0.043376 -0.004068 -0.016640 -1.613291 -2.618848 -2.982404 -6.392674 -3.275686 -8.041248 -8.254353 -11.369680 -4.224005 -9999.0 -9999.0 -9999.0 -9999.0 -9999.0 -9999.0 -9999.0 -9999.0 -9999.0 -9999.0 -9999.0 -9999.0 -9999.0 -9999.0 -9999.0 -9999.0 -9999.0 -9999.0 -9999.0 -9999.0 -9999.0 -9999.0 -9999.0 -9999.0 -9999.0 -9999.0 -9999.0 -9999.0
-9999.0 -9999.0 -9999.0 -9999.0 -9999.0 -9999.0 -9999.0 -9999.0 -9999.0 -9999.0 -9999.0 -9999.0 -0.009065 -0.002828 2.390701 -0.003065 1.146235 3.134882 6.141035 3.680298 0.790010 -0.033446 -0.399141 -0.222268 -1.565698 -1.259022 -2.784573 -2.827175 -2.443853 -2.867790 -7.964939 -2.915057 -3.275516 -4.116453 -9999.0 -9999.0 -9999.0 -9999.0 -9999.0 -9999.0 -9999.0 -9999.0 -9999.0 -9999.0 -9999.0 -9999.0 -9999.0 -9999.0 -9999.0 -9999.0 -9999.0 -9999.0 -9999.0 -9999.0 -9999.0 -9999.0 -9999.0 -9999.0 -9999.0 -9999.0 -9999.0 -9999.0 -9999.0
-9999.0 -9999.0 -9999.0 -9999.0 -9999.0 -9999.0 -9999.0 -9999.0 -9999.0 -9999.0 -9999.0 -0.123060 1.608018 1.390808 1.706211 -0.006487 2.449722 3.258769 5.983196 3.687774 1.888731 -0.002901 -0.692651 -0.968187 -1.536964 -2.266240 -2.998593 -2.844542 -2.303260 -3.755269 -3.016540 -1.001275 -3.082919 -3.379049 -3.092335 -3.098693 -3.050350 -2.810270 -2.739690 -9999.0 -9999.0 -9999.0 -3.498899 -9999.0 -9999.0 -9999.0 -9999.0 -9999.0 -9999.0 -9999.0 -9999.0 -9999.0 -9999.0 -9999.0 -9999.0 -9999.0 -9999.0 -9999.0 -9999.0 -9999.0 -9999.0 -9999.0 -9999.0
-9999.0 -9999.0 -9999.0 -9999.0 -9999.0 -9999.0 -9999.0 -9999.0 -9999.0 -9999.0 -9999.0 -0.298495 1.793876 3.194280 3.043668 -0.042092 4.728665 4.066744 6.209923 4.183433 3.348331 -0.026877 -0.361457 -1.943895 -3.207874 -2.768085 -2.967705 -2.205743 -2.026789 -3.447546 -2.896254 -1.677489 -3.397022 -4.066151 -3.774244 -2.892555 -1.759250 -0.533006 -1.198407 -3.239510 -3.165454 -3.476581 -2.791349 -2.718909 -9999.0 -9999.0 -9999.0 -4.691243 -3.639198 -3.158056 -3.333579 -3.887725 -4.024127 -3.751871 -3.633687 -4.238005 -9999.0 -9999.0 -9999.0 -9999.0 -9999.0 -9999.0 -9999.0
-9999.0 -9999.0 -9999.0 -9999.0 -9999.0 -9999.0 -9999.0 -9999.0 -9999.0 -9999.0 -9999.0 -0.686559 -0.145692 -0.185003 -0.023085 -0.021098 0.546899 3.376202 4.781750 4.197330 1.657601 -0.007413 -0.838210 -0.835912 -2.784234 -1.770136 -1.036752 -3.038106 -2.821447 -3.525323 -2.390085 -3.539953 -2.136135 -3.251918 -2.767073 -1.980860 -2.648393 -2.179994 -0.366635 -2.311589 -2.531118 -3.373842 -2.113598 -2.731526 -3.359846 -9999.0 -4.204265 -3.818896 -3.096726 -1.158108 -0.851172 -1.881541 -2.163492 -3.123481 -3.379028 -3.718130 -9999.0 -9999.0 -9999.0 -9999.0 -9999.0 -9999.0 -9999.0
-9999.0 -9999.0 -9999.0 -9999.0 -9999.0 -9999.0 -9999.0 -9999.0 -9999.0 -9999.0 -9999.0 -9999.0 -0.497619 -0.473370 -0.029107 -0.028887 -0.005068 2.489950 5.681822 4.156480 1.528065 -0.007264 -0.286375 -2.445628 -2.337742 -1.166405 -0.610887 -1.079225 -3.199286 -2.676440 -2.990319 -3.290554 -0.833287 -3.419766 -3.624146 -2.621070 -2.799461 -2.001601 -0.007940 -0.838328 -1.259570 -0.845398 -2.654966 -0.403565 -2.721361 -3.489156 -3.378105 -3.248595 -2.297155 -1.122537 -0.142202 -3.174433 -3.137580 -3.854854 -4.149711 -3.332680 -3.274431 -9999.0 -9999.0 -9999.0 -9999.0 -9999.0 -9999.0
-9999.0 -9999.0 -9999.0 -9999.0 -9999.0 -9999.0 -9999.0 -9999.0 -9999.0 -9999.0 -9999.0 -0.926572 -0.518884 -0.487872 -1.025324 -0.017755 -0.003178 1.560314 5.011189 3.752628 2.049403 -0.003842 -0.048219 -1.077692 -1.009071 -1.905507 -1.826844 -3.285095 -2.867916 -1.562746 -1.143591 -2.449815 -1.265735 -3.286770 -3.489032 -2.918817 -1.535113 -1.107530 -0.017522 -0.117593 -1.027061 -0.178798 -1.118997 -0.553903 -0.697704 -3.195873 -2.554151 -1.452165 -0.885182 -0.093304 -3.242419 -2.686707 -5.155053 -5.778377 -6.670833 -7.898412 -2.864510 -9999.0 -9999.0 -9999.0 -9999.0 -9999.0 -9999.0
-9999.0 -9999.0 -9999.0 -9999.0 -9999.0 -9999.0 -9999.0 -9999.0 -9999.0 -9999.0 -0.526529 -1.849491 -0.774363 -0.869130 -0.092266 -0.258489 -0.307397 -0.004366 3.044142 3.382895 2.619431 1.234362 -0.460004 -0.154616 -0.051886 -1.653125 -1.695225 -4.434294 -0.778508 -0.434917 -1.904668 -2.006235 -0.421238 -2.813658 -4.066013 -2.606765 -0.890967 -0.719670 -0.246551 -0.003922 -0.004827 0.864655 3.361422 0.597716 -0.247592 -1.396892 -1.082168 -2.405251 -1.819841 -0.031395 -5.004192 -3.425426 -7.138224 -8.491271 -7.809501 -3.316835 -3.226187 -9999.0 -9999.0 -9999.0 -9999.0 -9999.0 -9999.0
-9999.0 -9999.0 -9999.0 -9999.0 -9999.0 -9999.0 -9999.0 -9999.0 -9999.0 -2.444023 -0.510308 -2.144905 -1.099888 -0.665848 -1.030002 -0.330040 -0.145635 -0.013615 2.806069 3.597730 2.941248 -0.007180 -0.008459 -0.004215 -0.005303 -1.362828 -2.521575 -0.417410 -0.928353 -0.129988 -0.005097 -1.553745 -2.426160 -7.315069 -3.252484 -2.648130 -1.930395 -1.231166 -0.889680 -0.611312 -0.419019 -0.242954 -0.364499 1.360808 0.625676 -0.117463 -0.087748 -0.628902 -0.614427 -0.004138 -1.611311 -2.968566 -9.414970 -5.205350 -4.064618 -5.075184 -4.279919 -2.575933 -3.652697 -9999.0 -9999.0 -9999.0 -9999.0
-9999.0 -9999.0 -9999.0 -9999.0 -9999.0 -9999.0 -9999.0 -9999.0 -9999.0 -2.835241 -2.658375 -0.403195 -0.032222 -0.021634 -0.166737 -0.566874 -0.049355 -0.003432 3.422316 3.899371 3.517596 2.897561 1.546168 -0.018509 -0.976844 -1.387641 -0.769572 -0.035334 -0.003276 -0.017460 -0.076825 -1.934611 -2.610018 -3.228914 -3.165562 -2.474470 -1.968719 -1.790581 -1.521587 -1.217482 -1.884592 -1.670629 -0.496077 -0.002896 1.901164 1.482522 1.126980 -0.005713 -0.021826 -0.004256 -2.800812 -5.448918 -5.117031 -4.393553 -3.116318 -6.095437 -4.027992 -3.374721 -1.785883 -9999.0 -9999.0 -9999.0 -9999.0
-9999.0 -9999.0 -9999.0 -9999.0 -9999.0 -9999.0 -9999.0 -9999.0 -9999.0 -9999.0 -3.007251 -1.505100 -0.169790 -0.410767 -0.009112 -0.141132 -0.026036 0.973140 4.343225 3.557066 3.561567 2.068724 -0.004701 -0.299791 -1.051105 -0.096198 -0.004570 -0.001245 -0.052589 -1.503789 -1.846021 -2.875168 -3.744050 -3.517200 -2.142122 -1.203816 -0.418297 -0.505650 -1.947176 -2.936695 -2.727011 -0.384379 -0.118248 -0.110661 -0.005647 -0.003885 0.835639 2.055256 1.803296 -0.005615 -1.753643 -3.826335 -4.167779 -5.062605 -4.591869 -2.687998 -2.320546 -1.753411 -1.426685 -0.062210 -9999.0 -9999.0 -9999.0
-9999.0 -9999.0 -9999.0 -9999.0 -9999.0 -9999.0 -9999.0 -9999.0 -9999.0 -9999.0 -3.230334 -1.135897 -0.459172 -0.063111 -0.001728 -0.005383 -0.004721 1.948278 4.719258 4.805603 2.942327 0.727605 -0.007166 -0.192524 -0.096715 -0.003112 1.103050 -0.008295 -1.188871 -3.449754 -2.910854 -1.670735 -4.409709 -3.312808 -2.789940 -0.994749 -1.657134 -1.843621 -1.757765 -3.126123 -2.702553 -0.981004 -2.673774 -0.577193 -0.451988 -0.192440 -0.028836 -0.005642 2.190568 1.478056 -0.022270 -1.930989 -4.187999 -3.738861 -5.688957 -4.889923 -2.778604 -0.714191 1.237328 1.425977 -9999.0 -9999.0 -9999.0
-9999.0 -9999.0 -9999.0 -9999.0 -9999.0 -9999.0 -9999.0 -9999.0 -2.149389 -2.967263 -3.418375 -2.045648 -2.767815 -0.938688 -0.056513 1.168181 2.296711 3.759234 4.321418 5.296466 4.709508 3.511181 2.317249 0.382392 -0.004132 1.534633 0.025507 -0.713305 -1.415132 -3.459781 -6.919320 -2.878566 -2.853424 -3.174821 -2.590582 -1.250805 -0.137996 -0.355762 -2.434558 -2.596459 -2.461824 -0.574198 -3.375232 -2.221667 -0.726507 -0.445371 -2.259528 -0.750007 -0.005759 1.663042 -0.009461 -0.617118 -4.191782 -5.858129 -4.508715 -3.451806 -2.525543 -0.444312 -0.003906 3.379999 -9999.0 -9999.0 -9999.0
-9999.0 -9999.0 -9999.0 -9999.0 -9999.0 -9999.0 -9999.0 -9999.0 -3.093521 -2.718804 -2.706976 -3.311096 -1.266941 -2.179494 -0.830366 -0.003827 1.283761 1.947373 5.115105 5.839517 6.684581 5.410396 4.415024 3.318953 2.750449 2.643386 0.499688 -0.758331 -4.425306 -3.306397 -3.234541 -2.089121 -2.479975 -1.964733 -2.122058 -0.505941 -0.071891 -0.262011 -0.992420 -0.741064 -2.900095 -5.811804 -1.846574 -0.645707 -0.767487 -0.687929 -3.885183 -0.922609 -0.761568 1.202170 1.237399 -0.173052 -4.392658 -3.078425 -1.269188 -2.236158 -1.018539 -0.043936 1.981394 4.412388 5.748467 -9999.0 -9999.0
-9999.0 -9999.0 -9999.0 -9999.0 -9999.0 -9999.0 -9999.0 -9999.0 -2.435867 -1.292622 -1.973629 -3.525408 -2.010841 -3.150389 -0.669117 -0.685272 -0.005908 1.602809 5.012549 6.636465 6.311042 6.257909 5.733771 4.576050 4.076447 2.611437 -0.003421 -1.138772 -5.181902 -2.735498 -1.653814 -0.758161 -1.874667 -1.407744 -0.444995 -0.266177 -0.082068 1.260566 -0.023651 -2.446840 -2.108788 -1.516973 -0.845121 -1.383158 -1.263388 -1.175971 -2.444162 -1.632395 -2.167663 -0.003925 2.184114 -0.006547 -3.290470 -4.185737 -1.377135 -0.569206 0.250360 1.871694 4.048173 4.672999 5.041662 -9999.0 -9999.0
-9999.0 -9999.0 -9999.0 -9999.0 -9999.0 -9999.0 -9999.0 -9999.0 -3.217547 -0.743426 -1.638736 -4.728818 -1.048853 -1.371918 -0.195523 -0.004107 3.577434 4.801626 4.199256 5.308431 5.686263 6.066856 6.020789 5.679890 3.130476 0.605327 -0.053946 -1.880471 -0.461249 -2.345816 -0.615332 -0.998756 -0.035841 -0.428980 -0.203385 -0.156939 -0.006811 3.361711 0.290249 -0.084455 -0.467437 -0.389712 -0.401758 -0.716716 -1.182374 -1.460881 -0.761223 -1.487501 -1.174179 -0.805967 -0.003483 1.777192 -0.004424 -0.811108 -0.006005 1.088801 2.655014 3.983744 4.949310 4.812017 3.901281 2.095914 -9999.0
-9999.0 -9999.0 -9999.0 -9999.0 -9999.0 -9999.0 -9999.0 -9999.0 -3.221011 -1.261410 -2.330688 -1.467842 -0.312486 -0.267534 -0.016210 1.516436 2.617680 1.959301 0.362556 2.342246 4.311494 5.392354 5.701873 5.409016 3.220376 -0.005461 -0.992021 -0.099855 -0.011230 -0.470736 -0.189662 -0.008680 1.438621 -0.001629 -0.005040 -0.002966 1.789415 5.479362 4.968905 1.342969 -0.004470 -0.020182 -0.125590 -0.035280 -0.699168 -0.388303 -0.878218 -1.321071 -0.373951 -0.005513 0.815614 1.208614 1.538632 1.199926 1.678514 1.970398 2.793927 3.603326 4.210197 3.886342 3.491981 1.524012 -9999.0
-9999.0 -9999.0 -1.389641 -1.076820 -3.531077 -1.577282 -2.884334 -2.439635 -3.295337 -2.802341 -0.994335 -0.302787 -0.190889 -0.152109 1.619437 1.030626 -0.005440 -1.129851 -0.642677 -0.004139 2.221878 4.895554 4.350966 5.794096 3.476783 1.508650 -0.005297 -0.004687 1.627783 1.101736 -0.004230 -0.004517 3.341647 2.569556 2.932261 4.017022 5.274360 7.794359 6.782707 4.043179 2.996500 2.945348 3.149978 1.689636 -0.004458 -0.005370 0.882978 1.047422 1.670233 2.625777 3.336571 3.113092 2.521682 2.065752 1.962774 3.868851 2.594328 2.986467 2.609792 2.751228 2.227477 0.785503 -9999.0
-9999.0 -0.765952 -2.379423 -0.821311 -1.428224 -0.998278 -2.503285 -2.957405 -3.912091 -3.136161 -2.187114 -0.763378 -0.019008 -0.026080 -0.003639 -0.215639 -1.084172 -1.918583 -1.020729 -0.004006 1.964474 3.672627 3.892849 4.018818 4.895502 3.157092 2.934729 3.172704 3.263514 2.213570 2.060897 2.083785 3.511628 5.582701 5.866122 6.999035 9.259710 10.807077 8.631429 7.084433 6.545285 6.198183 5.425275 4.252090 2.978459 3.279503 3.431839 5.422226 4.939701 5.371207 3.876110 3.112283 2.365669 1.624664 1.547475 1.105476 0.509585 0.848908 0.831288 -0.003616 -0.003274 0.582059 -9999.0
-9999.0 -0.452975 -1.288006 -0.242127 -0.079478 -0.724032 -2.419727 -3.443099 -3.506339 -3.071171 -2.681446 -1.143465 -0.004261 -0.003358 -0.181130 -3.427712 -2.783615 -2.234902 -0.874241 -0.031153 1.083937 1.444204 2.342665 2.027556 4.392545 5.335478 5.126490 5.298387 4.590004 5.950392 6.181583 5.919435 5.244885 6.126274 8.028813 9.099234 12.431851 13.576828 11.747867 11.008401 10.068976 8.915649 8.205101 7.630076 7.619221 7.444119 6.237947 5.887570 5.338392 4.654685 3.055806 1.510486 0.612197 1.264908 0.481886 -0.025415 -0.182414 -0.069948 -0.036348 -0.145947 -0.019857 -9999.0 -9999.0
