erum2020/resources/simulation/Vinschgau/output-maps/TL0006N0065.asc
ncols         63
nrows         48
xllcorner     598000.000000
yllcorner     5145000.000000
cellsize      1000.000000
NODATA_value  -9999.0
[rows 0 to 27 of 48, columns 0 to 62 of 63]
-9999.0 -9999.0 -9999.0 -9999.0 -9999.0 -9999.0 -9999.0 -9999.0 -9999.0 -9999.0 -9999.0 -9999.0 -9999.0 -9999.0 -9999.0 -9999.0 -9999.0 -9999.0 -9999.0 -9999.0 -9999.0 -9999.0 -9999.0 -9999.0 -9999.0 -9999.0 -9999.0 -9999.0 -9999.0 -9999.0 -9999.0 -9999.0 -9999.0 -9999.0 -9999.0 -9999.0 -9999.0 -9999.0 -9999.0 -9999.0 -9999.0 -9999.0 -9999.0 -9999.0 -9999.0 -9999.0 -9999.0 -9999.0 -9999.0 -9999.0 -9999.0 -9999.0 -9999.0 -9999.0 -9999.0 -9999.0 -9999.0 -9999.0 -9999.0 -9999.0 -9999.0 -9999.0 -9999.0
-9999.0 -9999.0 -9999.0 -9999.0 -9999.0 -9999.0 -9999.0 -9999.0 -9999.0 -9999.0 -9999.0 -9999.0 -9999.0 -9999.0 -9999.0 -9999.0 -9999.0 -9999.0 -9999.0 -9999.0 -9999.0 -9999.0 -9999.0 -9999.0 -9999.0 -9999.0 -9999.0 -0.499606 -0.717763 -0.860412 -0.664805 -0.713422 -0.660140 -9999.0 -9999.0 -9999.0 -9999.0 -9999.0 -9999.0 -9999.0 -9999.0 -9999.0 -9999.0 -9999.0 -9999.0 -9999.0 -9999.0 -9999.0 -9999.0 -9999.0 -9999.0 -9999.0 -9999.0 -9999.0 -9999.0 -9999.0 -9999.0 -9999.0 -9999.0 -9999.0 -9999.0 -9999.0 -9999.0
-9999.0 -9999.0 -9999.0 -9999.0 -9999.0 -9999.0 -9999.0 -9999.0 -9999.0 -9999.0 -9999.0 -9999.0 -9999.0 -9999.0 -9999.0 -9999.0 -9999.0 -9999.0 -9999.0 -9999.0 -9999.0 -9999.0 -9999.0 -9999.0 -0.009650 -0.228141 -0.601596 -0.911602 -0.280278 -0.494400 -0.666227 -9999.0 -9999.0 -9999.0 -9999.0 -9999.0 -9999.0 -9999.0 -9999.0 -9999.0 -9999.0 -9999.0 -9999.0 -9999.0 -9999.0 -9999.0 -9999.0 -9999.0 -9999.0 -9999.0 -9999.0 -9999.0 -9999.0 -9999.0 -9999.0 -9999.0 -9999.0 -9999.0 -9999.0 -9999.0 -9999.0 -9999.0 -9999.0
-9999.0 -9999.0 -9999.0 -9999.0 -9999.0 -9999.0 -9999.0 -9999.0 -9999.0 -9999.0 -9999.0 -9999.0 -9999.0 -9999.0 -9999.0 -9999.0 -9999.0 -9999.0 -9999.0 -9999.0 -9999.0 -9999.0 -9999.0 -0.076511 -0.014882 0.040008 0.058416 0.057724 0.015027 -0.740420 -1.011883 -0.421903 -9999.0 -9999.0 -9999.0 -9999.0 -9999.0 -9999.0 -9999.0 -9999.0 -9999.0 -9999.0 -9999.0 -9999.0 -9999.0 -9999.0 -9999.0 -9999.0 -9999.0 -9999.0 -9999.0 -9999.0 -9999.0 -9999.0 -9999.0 -9999.0 -9999.0 -9999.0 -9999.0 -9999.0 -9999.0 -9999.0 -9999.0
-9999.0 -9999.0 -9999.0 -9999.0 -9999.0 -9999.0 -9999.0 -9999.0 -9999.0 -9999.0 -9999.0 -9999.0 -9999.0 -9999.0 -9999.0 -9999.0 -9999.0 -9999.0 0.201099 0.021257 -9999.0 -0.018189 -0.013261 0.062809 0.202477 0.741097 -0.012528 -0.012199 0.745504 -0.007286 -0.849577 -0.845262 -1.183509 -1.271351 -9999.0 -9999.0 -9999.0 -9999.0 -9999.0 -9999.0 -9999.0 -9999.0 -9999.0 -9999.0 -9999.0 -9999.0 -9999.0 -9999.0 -9999.0 -9999.0 -9999.0 -9999.0 -9999.0 -9999.0 -9999.0 -9999.0 -9999.0 -9999.0 -9999.0 -9999.0 -9999.0 -9999.0 -9999.0
-9999.0 -9999.0 -9999.0 -9999.0 -9999.0 -9999.0 -9999.0 -9999.0 -9999.0 -9999.0 -9999.0 -9999.0 -9999.0 -9999.0 -9999.0 -9999.0 -9999.0 2.244809 1.078127 0.005231 -0.114459 -0.016434 -0.003247 -0.002503 0.422677 -0.066093 -0.077327 -0.010886 -0.076295 -0.016107 -0.032469 -0.636417 -0.802021 -1.123261 -0.638570 -0.896387 -9999.0 -9999.0 -9999.0 -9999.0 -9999.0 -9999.0 -9999.0 -9999.0 -9999.0 -9999.0 -9999.0 -9999.0 -9999.0 -9999.0 -9999.0 -9999.0 -9999.0 -9999.0 -9999.0 -9999.0 -9999.0 -9999.0 -9999.0 -9999.0 -9999.0 -9999.0 -9999.0
-9999.0 -9999.0 -9999.0 -9999.0 -9999.0 -9999.0 -9999.0 -9999.0 -9999.0 -9999.0 -9999.0 -9999.0 -9999.0 -0.084802 0.022088 0.483667 1.564936 3.241989 1.851431 0.253863 0.264487 0.402465 0.709662 0.339284 -0.069834 -0.299816 -0.622384 -0.252875 -0.460835 -0.015419 -0.012531 -0.136960 -0.395217 -0.720781 -1.128964 -1.530726 -9999.0 -9999.0 -9999.0 -9999.0 -9999.0 -9999.0 -9999.0 -9999.0 -9999.0 -9999.0 -9999.0 -9999.0 -9999.0 -9999.0 -9999.0 -9999.0 -9999.0 -9999.0 -9999.0 -9999.0 -9999.0 -9999.0 -9999.0 -9999.0 -9999.0 -9999.0 -9999.0
-9999.0 -9999.0 -9999.0 -9999.0 -9999.0 -9999.0 -9999.0 -9999.0 -9999.0 -9999.0 -9999.0 -9999.0 -9999.0 -0.009747 0.399290 0.723781 0.707993 2.209786 3.323831 1.056030 1.232995 -0.002652 0.366073 0.039191 -0.008827 -0.093954 -0.715014 -0.623222 -0.729097 -0.590125 -0.075880 -0.673116 -1.219064 -1.928176 -1.780066 -9999.0 -9999.0 -9999.0 -9999.0 -9999.0 -9999.0 -9999.0 -9999.0 -9999.0 -9999.0 -9999.0 -9999.0 -9999.0 -9999.0 -9999.0 -9999.0 -9999.0 -9999.0 -9999.0 -9999.0 -9999.0 -9999.0 -9999.0 -9999.0 -9999.0 -9999.0 -9999.0 -9999.0
-9999.0 -9999.0 -9999.0 -9999.0 -9999.0 -9999.0 -9999.0 -9999.0 -9999.0 -9999.0 -9999.0 -9999.0 -9999.0 0.082834 0.551135 0.492007 0.329347 0.918070 3.229184 1.598202 0.073433 -0.075004 -0.031608 -0.072295 -0.010048 0.003403 -0.505250 -0.658040 -0.861224 -0.817470 -0.655807 -1.655382 -1.643376 -2.048020 -2.137525 -9999.0 -9999.0 -9999.0 -9999.0 -9999.0 -9999.0 -9999.0 -9999.0 -9999.0 -9999.0 -9999.0 -9999.0 -9999.0 -9999.0 -9999.0 -9999.0 -9999.0 -9999.0 -9999.0 -9999.0 -9999.0 -9999.0 -9999.0 -9999.0 -9999.0 -9999.0 -9999.0 -9999.0
-9999.0 -9999.0 -9999.0 -9999.0 -9999.0 -9999.0 -9999.0 -9999.0 -9999.0 -9999.0 -9999.0 -9999.0 0.021931 0.205426 0.223575 -0.106564 -0.005668 0.623553 2.713293 1.053458 0.067822 -0.113477 -0.117075 -0.019050 -0.016220 -0.551044 -0.013842 -0.278360 -0.676415 -0.704181 -0.741698 -0.848020 -0.939572 -0.858302 -9999.0 -9999.0 -9999.0 -9999.0 -9999.0 -9999.0 -9999.0 -9999.0 -9999.0 -9999.0 -9999.0 -9999.0 -9999.0 -9999.0 -9999.0 -9999.0 -9999.0 -9999.0 -9999.0 -9999.0 -9999.0 -9999.0 -9999.0 -9999.0 -9999.0 -9999.0 -9999.0 -9999.0 -9999.0
-9999.0 -9999.0 -9999.0 -9999.0 -9999.0 -9999.0 -9999.0 -9999.0 -9999.0 -9999.0 -9999.0 -0.018214 -0.014365 0.117522 -0.076126 -0.091775 -0.069074 0.452393 2.819957 1.414760 0.259132 0.100208 -0.082347 -0.425988 -0.161510 -0.340252 -0.597741 -0.305665 -0.233594 -1.093614 -0.579509 -0.920088 -0.758073 -0.929017 -1.106851 -1.428882 -1.659648 -0.669400 -0.042333 -9999.0 -9999.0 -9999.0 -1.133423 -9999.0 -9999.0 -9999.0 -9999.0 -9999.0 -9999.0 -9999.0 -9999.0 -9999.0 -9999.0 -9999.0 -9999.0 -9999.0 -9999.0 -9999.0 -9999.0 -9999.0 -9999.0 -9999.0 -9999.0
-9999.0 -9999.0 -9999.0 -9999.0 -9999.0 -9999.0 -9999.0 -9999.0 -9999.0 -9999.0 -9999.0 -0.064495 -0.019092 0.009686 -0.009010 -0.095419 0.049165 0.988570 2.802963 1.827299 0.608824 0.065919 -0.062621 -0.164005 -0.112490 -0.357907 -0.427615 -0.541889 -0.392532 -0.571183 -0.759534 -0.487938 -1.114178 -0.918752 -1.201254 -1.262782 0.022843 0.028100 -0.013773 -3.235655 -2.170446 -1.978016 -1.240501 -0.867929 -9999.0 -9999.0 -9999.0 0.012998 -0.006798 -0.023309 -0.004222 -0.014931 -0.014656 0.035674 0.036546 -0.021779 -9999.0 -9999.0 -9999.0 -9999.0 -9999.0 -9999.0 -9999.0
-9999.0 -9999.0 -9999.0 -9999.0 -9999.0 -9999.0 -9999.0 -9999.0 -9999.0 -9999.0 -9999.0 -0.062703 -0.094132 -0.089786 -0.018664 -0.098147 -0.008366 0.488888 1.921355 1.958660 0.586394 -0.005425 -0.015852 -0.037242 -0.502745 -0.372734 -0.061651 -0.105579 -0.428731 -0.460219 -0.625387 -0.341930 -0.841842 -0.957965 -1.194222 -0.585312 -0.782271 -0.042817 0.113639 -2.289220 -0.029175 -1.720051 -0.445393 -1.057517 -0.546789 -9999.0 -0.366638 -0.006699 0.008043 0.015573 0.007225 -0.055536 0.014254 0.026247 0.017400 0.002681 -9999.0 -9999.0 -9999.0 -9999.0 -9999.0 -9999.0 -9999.0
-9999.0 -9999.0 -9999.0 -9999.0 -9999.0 -9999.0 -9999.0 -9999.0 -9999.0 -9999.0 -9999.0 -9999.0 -0.074310 -0.019994 -0.006472 -0.014384 -0.009141 0.182648 2.774751 2.094363 0.528814 0.017372 0.018178 -0.010396 -0.283228 -0.028227 0.084504 -0.436864 -0.453329 -0.386533 -0.585527 -0.297938 -0.773395 -0.867309 -0.874131 -1.417592 -1.884981 -0.052111 0.717164 -1.301972 -0.010595 -0.375668 -0.705339 -0.005648 -0.851347 -0.117795 -0.143734 -0.006909 -0.053060 -0.074052 -0.011612 -0.011970 0.024998 -0.007738 -0.028366 -0.026357 -0.003058 -9999.0 -9999.0 -9999.0 -9999.0 -9999.0 -9999.0
-9999.0 -9999.0 -9999.0 -9999.0 -9999.0 -9999.0 -9999.0 -9999.0 -9999.0 -9999.0 -9999.0 -0.017041 -0.189238 -0.084445 -0.009595 -0.008625 -0.005661 0.068533 2.317003 2.083894 0.798752 0.319218 -0.005273 -0.012014 -0.016224 -0.002358 -0.020375 -0.509165 -0.451107 -0.601101 -0.290726 -0.109754 -0.007559 -0.820349 -1.446960 -1.408486 -2.239878 -0.774895 0.015675 0.266349 -0.526260 0.048581 0.100414 -0.265991 0.031598 -0.090452 -0.006426 -0.338739 -0.043746 -0.094170 -0.333036 -0.455244 -0.198659 -0.473165 -0.476892 -0.542735 -0.014262 -9999.0 -9999.0 -9999.0 -9999.0 -9999.0 -9999.0
-9999.0 -9999.0 -9999.0 -9999.0 -9999.0 -9999.0 -9999.0 -9999.0 -9999.0 -9999.0 -0.012136 -0.017221 -0.009494 -0.086504 -0.005862 0.003123 -0.064099 -0.009400 1.260933 2.029407 1.588367 0.088024 -0.005114 0.143543 0.042580 -0.010435 -0.339438 -0.430760 -0.005228 0.007126 -0.006624 -0.078045 -0.305104 -0.752938 -2.295720 -1.495902 -0.887961 -2.040754 -0.019834 0.171500 0.543827 0.674229 1.017076 1.042687 -0.002653 -0.948489 -0.004011 -0.259485 -0.003754 -0.003808 -0.042246 -0.519881 -0.502290 -0.555253 -0.522519 0.010064 0.003672 -9999.0 -9999.0 -9999.0 -9999.0 -9999.0 -9999.0
-9999.0 -9999.0 -9999.0 -9999.0 -9999.0 -9999.0 -9999.0 -9999.0 -9999.0 -0.251447 -0.013544 -0.014811 -0.003913 -0.018733 -0.007950 -0.070093 -0.112870 0.074991 1.461676 2.190323 2.149824 0.052721 0.034481 0.089468 -0.007723 -0.178795 -0.593533 0.035087 0.001949 0.023124 0.059199 -0.218235 -0.779975 -1.159593 -0.842739 -1.441698 -0.873790 -1.019131 -0.972845 -1.056559 0.056664 -0.123301 -0.136785 1.415061 0.645392 -0.002651 0.198080 -0.204753 -0.124197 0.045935 -0.114583 -0.015695 -0.604686 -0.056670 -0.022944 -0.019657 -0.002962 0.012346 0.000396 -9999.0 -9999.0 -9999.0 -9999.0
-9999.0 -9999.0 -9999.0 -9999.0 -9999.0 -9999.0 -9999.0 -9999.0 -9999.0 -0.204588 -0.175750 -0.202413 0.257218 0.005074 -0.008774 -0.016742 0.063546 0.053587 2.137551 2.724113 2.560780 2.136690 -0.003383 -0.001630 -0.182421 -0.013433 -0.004706 0.044295 0.103219 -0.012075 -0.092471 -0.412787 -0.532494 -0.531348 -0.979701 -1.149145 -1.135261 -0.960477 -0.806651 -0.279816 -0.029218 -0.550708 -0.018439 0.031343 1.897434 1.306251 1.075661 0.118164 0.019105 0.000476 -0.061657 -0.041620 -0.026300 -0.100657 -0.489871 -0.009466 -0.007805 0.004736 0.018661 -9999.0 -9999.0 -9999.0 -9999.0
-9999.0 -9999.0 -9999.0 -9999.0 -9999.0 -9999.0 -9999.0 -9999.0 -9999.0 -9999.0 -0.219271 -0.176368 -0.027325 0.130288 0.035626 -0.004704 -0.003265 0.248410 3.233694 3.079762 2.351588 1.174614 0.040372 -0.006523 -0.011821 0.034062 0.197334 0.460282 -0.050242 -0.292526 -0.356445 -0.020842 -0.601445 -0.637360 -0.724153 -0.007618 -0.009706 -0.118870 -0.875194 -0.663033 -0.673697 -0.041609 -0.017200 -0.098255 -0.100656 -0.070843 0.401734 0.410870 1.968457 0.049248 -0.106068 -0.041995 -0.013146 -0.024205 -0.027586 -0.473250 -0.014440 -0.002163 0.005938 -0.000003 -9999.0 -9999.0 -9999.0
-9999.0 -9999.0 -9999.0 -9999.0 -9999.0 -9999.0 -9999.0 -9999.0 -9999.0 -9999.0 -0.237993 -0.219218 -0.045303 -0.004492 0.721868 0.112753 0.041064 1.237765 3.785373 3.551767 1.644919 0.384704 0.046208 0.027119 0.022486 0.446646 1.482526 0.014399 -0.091535 -0.596935 -0.571957 -0.021041 -0.430319 -0.647333 -0.623061 -0.345843 -0.098536 -0.303644 -0.814181 -0.601047 -0.179183 -0.144109 -0.094730 -0.444416 -0.014996 -0.057328 -0.009655 -0.091897 1.933511 1.933935 0.024905 -0.009347 -0.009036 -0.013254 -0.022107 -0.010273 -0.496257 -0.000334 1.512933 1.664785 -9999.0 -9999.0 -9999.0
-9999.0 -9999.0 -9999.0 -9999.0 -9999.0 -9999.0 -9999.0 -9999.0 -0.001368 -0.010055 -0.121744 -0.020577 -0.092611 -0.097445 -0.006317 0.889841 1.602441 3.000594 3.853069 3.897336 3.457106 1.440380 1.426337 0.405042 0.165590 2.085923 0.379237 -0.071973 -0.023943 -0.498324 -0.712201 -0.588613 -0.441892 -0.533347 -0.149926 -0.629471 -0.011157 -0.124713 -0.580126 -0.227486 -0.544702 -0.430832 -0.574492 -0.620130 -0.056439 0.007307 -0.369803 -0.006405 0.000552 2.129619 0.292102 -0.044177 -0.006138 -0.029869 0.002129 0.025145 0.016835 0.030502 0.732363 4.375024 -9999.0 -9999.0 -9999.0
-9999.0 -9999.0 -9999.0 -9999.0 -9999.0 -9999.0 -9999.0 -9999.0 -0.087531 -0.012494 -0.108263 -0.405662 -0.195166 -0.019514 -0.010286 0.051208 0.916717 0.693955 3.999981 4.345908 5.555908 4.461475 2.504788 1.587584 1.364368 2.704456 0.968614 -0.015497 -0.472437 -0.061394 -0.159203 -0.637173 -0.017273 -0.286932 -0.003941 0.003476 -0.047808 -0.011750 -0.426684 -0.006452 -0.630988 -0.699447 -0.635623 0.002211 -0.000719 -0.012962 -0.471746 -0.404805 -0.047220 1.789369 2.360329 -0.007744 -0.014028 0.013905 -0.045999 -0.045712 -0.008694 0.009802 3.235457 5.243977 5.507472 -9999.0 -9999.0
-9999.0 -9999.0 -9999.0 -9999.0 -9999.0 -9999.0 -9999.0 -9999.0 -0.404524 -0.076059 -0.004185 -0.133148 -0.031887 -0.242222 -0.003692 -0.005724 0.497338 0.699906 4.096701 5.283484 4.728192 4.909176 4.601301 3.473536 3.590874 2.013516 0.450073 -0.078792 -0.748786 -0.639635 -0.541485 -0.005160 -0.696995 -0.731430 0.014465 0.011055 -0.056862 0.003553 -0.166897 -0.056677 -0.117583 -0.182799 0.001071 -0.038266 -0.151975 -0.196770 -0.009583 0.007973 -0.018398 0.417948 3.706551 1.007985 -0.067930 -0.104436 0.005564 0.848609 1.051376 3.645624 5.016177 5.396597 5.445788 -9999.0 -9999.0
-9999.0 -9999.0 -9999.0 -9999.0 -9999.0 -9999.0 -9999.0 -9999.0 -0.490694 -0.070562 0.016703 -0.251579 0.001320 -0.000203 0.001043 0.893825 3.389689 4.250463 3.164318 4.343677 4.366729 4.734595 4.997720 4.479546 2.372271 0.624930 -0.003233 -0.020387 0.040584 -0.004763 -0.230422 -0.119503 0.004162 -0.006870 -0.230345 -0.005619 -0.069190 0.076946 -0.107431 -0.430061 -0.005868 0.012745 0.014217 -0.671383 0.009992 -0.006439 0.012422 -0.022810 0.017493 -0.075499 1.011860 4.103450 1.200923 0.411438 2.793234 3.912976 4.862201 5.292512 5.885452 5.357133 4.277243 2.268340 -9999.0
-9999.0 -9999.0 -9999.0 -9999.0 -9999.0 -9999.0 -9999.0 -9999.0 -0.085395 -0.011427 -0.000410 -0.003723 -0.000497 0.302566 1.130212 2.665763 2.321719 2.001326 0.731397 1.809941 3.635963 4.518665 4.620312 4.456795 1.595049 0.081017 -0.008740 0.005691 0.053576 0.029943 -0.009111 0.003254 0.071454 -0.002136 -0.110700 -0.096115 -0.009375 1.119705 0.002520 -0.063838 -0.125739 -0.090382 -0.007763 -0.068283 -0.336305 0.013061 -0.083224 -0.001955 -0.007213 0.212743 1.061656 3.589584 3.950515 4.364193 4.100285 4.122902 5.158419 5.203322 5.177165 4.385727 3.585223 1.430611 -9999.0
-9999.0 -9999.0 -0.075525 -0.012557 -0.027801 -0.081986 -0.024324 -0.108543 -0.036984 -0.009712 -0.013703 0.735887 0.536807 0.909847 2.674956 2.294593 0.266751 -0.076142 -0.068234 0.037172 1.850192 4.563967 4.480521 4.405210 3.111278 0.870225 0.032525 0.038298 1.578246 0.457652 -0.000598 0.020602 1.835403 0.461529 0.542907 0.009785 0.914244 1.086307 1.115101 -0.005090 -0.002441 0.014359 0.031488 0.036104 -0.008809 -0.004781 0.647780 1.089473 2.240691 3.689755 4.722870 5.080215 5.151633 4.181666 4.073235 5.667045 4.850124 4.546109 3.582735 3.348521 0.656273 0.058517 -9999.0
-9999.0 -0.008765 -0.008359 -0.012659 -0.023605 -0.007925 -0.045942 -0.059198 -0.091176 -0.133572 -0.029745 -0.003605 1.083529 2.196570 1.726406 0.065129 -0.044052 -0.029631 -0.006264 0.033607 1.380734 3.982101 4.068696 4.590396 4.577684 3.206970 2.854202 3.054367 3.250955 1.914499 1.433814 1.094017 1.164497 3.214879 2.917558 3.006309 3.507877 4.251436 3.553401 0.467110 0.503897 3.038624 2.869172 1.465949 0.981683 1.748878 2.918795 4.588221 4.999894 4.932007 4.829021 4.729829 4.600954 3.615107 3.611798 3.076147 1.353216 1.588029 0.956199 0.012246 0.022056 0.023087 -9999.0
-9999.0 -0.009693 -0.002243 0.007951 0.193263 0.003816 -0.017187 -0.213604 -0.066246 -0.071279 -0.047897 -0.002730 0.694908 1.735624 0.554116 -0.068983 -0.085344 -0.106534 0.012378 0.749928 1.159582 2.996295 4.232136 3.706286 4.850356 5.343075 4.696782 4.409261 4.333402 4.703096 4.523584 3.935075 3.745140 3.909448 4.749198 4.929765 6.524406 7.074338 5.902527 5.446353 5.363129 5.166211 4.705208 4.464901 4.850094 5.162009 5.132870 5.346849 4.901241 4.827674 3.938031 3.341887 1.313479 3.347507 1.227762 0.943780 1.168323 0.013433 0.007448 0.013219 0.016667 -9999.0 -9999.0
