erum2020/resources/simulation/Vinschgau/output-maps/TL0003N0637.asc
ncols         63
nrows         48
xllcorner     598000.000000
yllcorner     5145000.000000
cellsize      1000.000000
NODATA_value  -9999.0
[rows 0 to 27 of 48, columns 0 to 62 of 63]
-9999.0 -9999.0 -9999.0 -9999.0 -9999.0 -9999.0 -9999.0 -9999.0 -9999.0 -9999.0 -9999.0 -9999.0 -9999.0 -9999.0 -9999.0 -9999.0 -9999.0 -9999.0 -9999.0 -9999.0 -9999.0 -9999.0 -9999.0 -9999.0 -9999.0 -9999.0 -9999.0 -9999.0 -9999.0 -9999.0 -9999.0 -9999.0 -9999.0 -9999.0 -9999.0 -9999.0 -9999.0 -9999.0 -9999.0 -9999.0 -9999.0 -9999.0 -9999.0 -9999.0 -9999.0 -9999.0 -9999.0 -9999.0 -9999.0 -9999.0 -9999.0 -9999.0 -9999.0 -9999.0 -9999.0 -9999.0 -9999.0 -9999.0 -9999.0 -9999.0 -9999.0 -9999.0 -9999.0
-9999.0 -9999.0 -9999.0 -9999.0 -9999.0 -9999.0 -9999.0 -9999.0 -9999.0 -9999.0 -9999.0 -9999.0 -9999.0 -9999.0 -9999.0 -9999.0 -9999.0 -9999.0 -9999.0 -9999.0 -9999.0 -9999.0 -9999.0 -9999.0 -9999.0 -9999.0 -9999.0 18.272447 16.173155 14.314728 12.916827 12.380178 12.104019 -9999.0 -9999.0 -9999.0 -9999.0 -9999.0 -9999.0 -9999.0 -9999.0 -9999.0 -9999.0 -9999.0 -9999.0 -9999.0 -9999.0 -9999.0 -9999.0 -9999.0 -9999.0 -9999.0 -9999.0 -9999.0 -9999.0 -9999.0 -9999.0 -9999.0 -9999.0 -9999.0 -9999.0 -9999.0 -9999.0
-9999.0 -9999.0 -9999.0 -9999.0 -9999.0 -9999.0 -9999.0 -9999.0 -9999.0 -9999.0 -9999.0 -9999.0 -9999.0 -9999.0 -9999.0 -9999.0 -9999.0 -9999.0 -9999.0 -9999.0 -9999.0 -9999.0 -9999.0 -9999.0 16.162956 16.838745 17.434191 16.953991 15.751727 14.696417 14.921278 -9999.0 -9999.0 -9999.0 -9999.0 -9999.0 -9999.0 -9999.0 -9999.0 -9999.0 -9999.0 -9999.0 -9999.0 -9999.0 -9999.0 -9999.0 -9999.0 -9999.0 -9999.0 -9999.0 -9999.0 -9999.0 -9999.0 -9999.0 -9999.0 -9999.0 -9999.0 -9999.0 -9999.0 -9999.0 -9999.0 -9999.0 -9999.0
-9999.0 -9999.0 -9999.0 -9999.0 -9999.0 -9999.0 -9999.0 -9999.0 -9999.0 -9999.0 -9999.0 -9999.0 -9999.0 -9999.0 -9999.0 -9999.0 -9999.0 -9999.0 -9999.0 -9999.0 -9999.0 -9999.0 -9999.0 16.493380 17.587256 15.033483 15.799067 16.864299 14.719390 17.342100 16.047310 15.099928 -9999.0 -9999.0 -9999.0 -9999.0 -9999.0 -9999.0 -9999.0 -9999.0 -9999.0 -9999.0 -9999.0 -9999.0 -9999.0 -9999.0 -9999.0 -9999.0 -9999.0 -9999.0 -9999.0 -9999.0 -9999.0 -9999.0 -9999.0 -9999.0 -9999.0 -9999.0 -9999.0 -9999.0 -9999.0 -9999.0 -9999.0
-9999.0 -9999.0 -9999.0 -9999.0 -9999.0 -9999.0 -9999.0 -9999.0 -9999.0 -9999.0 -9999.0 -9999.0 -9999.0 -9999.0 -9999.0 -9999.0 -9999.0 -9999.0 18.300401 16.980132 -9999.0 14.227403 16.769213 15.152616 15.167960 17.207561 16.928337 16.959405 18.747609 16.288539 17.291104 16.132074 16.179444 14.772744 -9999.0 -9999.0 -9999.0 -9999.0 -9999.0 -9999.0 -9999.0 -9999.0 -9999.0 -9999.0 -9999.0 -9999.0 -9999.0 -9999.0 -9999.0 -9999.0 -9999.0 -9999.0 -9999.0 -9999.0 -9999.0 -9999.0 -9999.0 -9999.0 -9999.0 -9999.0 -9999.0 -9999.0 -9999.0
-9999.0 -9999.0 -9999.0 -9999.0 -9999.0 -9999.0 -9999.0 -9999.0 -9999.0 -9999.0 -9999.0 -9999.0 -9999.0 -9999.0 -9999.0 -9999.0 -9999.0 14.723040 13.005557 12.099080 15.464872 12.477444 14.057163 14.842596 20.142946 12.160071 10.927181 12.535145 11.227851 13.052426 18.014114 14.867204 14.956868 14.260939 12.718492 11.046309 -9999.0 -9999.0 -9999.0 -9999.0 -9999.0 -9999.0 -9999.0 -9999.0 -9999.0 -9999.0 -9999.0 -9999.0 -9999.0 -9999.0 -9999.0 -9999.0 -9999.0 -9999.0 -9999.0 -9999.0 -9999.0 -9999.0 -9999.0 -9999.0 -9999.0 -9999.0 -9999.0
-9999.0 -9999.0 -9999.0 -9999.0 -9999.0 -9999.0 -9999.0 -9999.0 -9999.0 -9999.0 -9999.0 -9999.0 -9999.0 13.122835 12.881543 12.343336 13.893008 23.763461 14.350819 15.131527 14.771445 15.874973 16.927581 19.984297 11.426446 14.931339 12.489247 10.584412 12.174045 12.662714 11.066010 13.236691 13.265565 11.764850 12.182091 11.083712 -9999.0 -9999.0 -9999.0 -9999.0 -9999.0 -9999.0 -9999.0 -9999.0 -9999.0 -9999.0 -9999.0 -9999.0 -9999.0 -9999.0 -9999.0 -9999.0 -9999.0 -9999.0 -9999.0 -9999.0 -9999.0 -9999.0 -9999.0 -9999.0 -9999.0 -9999.0 -9999.0
-9999.0 -9999.0 -9999.0 -9999.0 -9999.0 -9999.0 -9999.0 -9999.0 -9999.0 -9999.0 -9999.0 -9999.0 -9999.0 13.821098 13.490821 12.435061 12.153023 19.130166 24.276874 16.910670 14.770521 16.205132 12.496956 12.100795 14.244697 12.766137 15.988129 12.609725 12.405604 10.268857 9.815092 11.473257 11.542230 10.111594 11.039779 -9999.0 -9999.0 -9999.0 -9999.0 -9999.0 -9999.0 -9999.0 -9999.0 -9999.0 -9999.0 -9999.0 -9999.0 -9999.0 -9999.0 -9999.0 -9999.0 -9999.0 -9999.0 -9999.0 -9999.0 -9999.0 -9999.0 -9999.0 -9999.0 -9999.0 -9999.0 -9999.0 -9999.0
-9999.0 -9999.0 -9999.0 -9999.0 -9999.0 -9999.0 -9999.0 -9999.0 -9999.0 -9999.0 -9999.0 -9999.0 -9999.0 13.351469 14.739496 13.925495 11.558282 12.908604 23.585385 14.199051 17.726176 13.788684 10.553184 10.612867 13.760249 12.590361 14.519593 11.985419 15.123860 10.792923 11.626622 1.043107 9.862560 0.842158 9.775215 -9999.0 -9999.0 -9999.0 -9999.0 -9999.0 -9999.0 -9999.0 -9999.0 -9999.0 -9999.0 -9999.0 -9999.0 -9999.0 -9999.0 -9999.0 -9999.0 -9999.0 -9999.0 -9999.0 -9999.0 -9999.0 -9999.0 -9999.0 -9999.0 -9999.0 -9999.0 -9999.0 -9999.0
-9999.0 -9999.0 -9999.0 -9999.0 -9999.0 -9999.0 -9999.0 -9999.0 -9999.0 -9999.0 -9999.0 -9999.0 13.067388 14.283012 13.552693 11.871464 9.387829 11.920010 19.737147 13.647559 13.803200 11.405987 10.251518 10.897276 11.217087 11.986030 9.717795 13.181636 14.384002 11.613345 8.767482 12.985873 13.010197 10.971809 -9999.0 -9999.0 -9999.0 -9999.0 -9999.0 -9999.0 -9999.0 -9999.0 -9999.0 -9999.0 -9999.0 -9999.0 -9999.0 -9999.0 -9999.0 -9999.0 -9999.0 -9999.0 -9999.0 -9999.0 -9999.0 -9999.0 -9999.0 -9999.0 -9999.0 -9999.0 -9999.0 -9999.0 -9999.0
-9999.0 -9999.0 -9999.0 -9999.0 -9999.0 -9999.0 -9999.0 -9999.0 -9999.0 -9999.0 -9999.0 12.727600 9.966915 10.330322 11.196223 11.899048 8.994600 11.017903 19.636205 12.887110 11.967214 13.751976 14.108284 12.357952 10.587496 13.427923 10.983256 13.851168 13.882217 9.162880 12.550452 14.032735 13.378938 12.503209 12.673633 13.500578 17.180482 18.555010 19.243718 -9999.0 -9999.0 -9999.0 14.190439 -9999.0 -9999.0 -9999.0 -9999.0 -9999.0 -9999.0 -9999.0 -9999.0 -9999.0 -9999.0 -9999.0 -9999.0 -9999.0 -9999.0 -9999.0 -9999.0 -9999.0 -9999.0 -9999.0 -9999.0
-9999.0 -9999.0 -9999.0 -9999.0 -9999.0 -9999.0 -9999.0 -9999.0 -9999.0 -9999.0 -9999.0 12.648793 10.284607 10.202231 11.509279 10.299106 12.498824 12.736313 19.350247 17.896155 17.280351 15.515005 14.304755 8.528576 9.105832 13.283626 13.840642 14.374462 13.794980 11.820549 13.847203 14.780895 15.643916 12.566804 13.616472 16.242352 21.175163 23.138429 21.924146 17.952895 18.381327 16.226790 15.716795 14.538732 -9999.0 -9999.0 -9999.0 11.290839 12.244408 13.102506 13.559715 13.081683 12.932131 12.373679 12.461079 11.277692 -9999.0 -9999.0 -9999.0 -9999.0 -9999.0 -9999.0 -9999.0
-9999.0 -9999.0 -9999.0 -9999.0 -9999.0 -9999.0 -9999.0 -9999.0 -9999.0 -9999.0 -9999.0 13.119406 11.098941 8.363355 12.643142 12.107024 8.703715 9.783506 17.964094 18.527053 11.095914 11.048003 9.959626 14.506525 12.503871 13.814403 10.225835 9.735728 13.159030 12.370121 12.248072 9.606043 15.059250 14.104892 13.443120 18.072868 13.304998 14.968048 24.707586 20.296487 21.574245 16.342708 17.161911 16.628353 14.688500 -9999.0 11.053337 12.639570 14.116307 15.246365 15.731839 15.890517 15.513757 15.000996 14.740602 14.004314 -9999.0 -9999.0 -9999.0 -9999.0 -9999.0 -9999.0 -9999.0
-9999.0 -9999.0 -9999.0 -9999.0 -9999.0 -9999.0 -9999.0 -9999.0 -9999.0 -9999.0 -9999.0 -9999.0 12.140654 8.002909 13.564222 13.003039 7.679866 9.743173 19.765391 18.755779 11.336321 11.632833 11.530653 10.687826 8.909114 10.076013 16.282057 13.120663 13.305209 13.455529 13.880040 9.862543 16.228979 14.882446 13.339592 16.112620 11.306585 13.960676 26.134279 21.802042 22.084667 20.723352 12.093451 17.910187 17.784977 13.466553 12.869150 12.738302 9.477513 11.391115 12.972867 10.266492 11.641155 9.829801 9.572378 12.886350 13.882514 -9999.0 -9999.0 -9999.0 -9999.0 -9999.0 -9999.0
-9999.0 -9999.0 -9999.0 -9999.0 -9999.0 -9999.0 -9999.0 -9999.0 -9999.0 -9999.0 -9999.0 8.440598 11.330250 12.572353 9.165159 9.290752 9.987119 9.878056 17.727841 13.089208 10.997996 10.360402 11.188762 9.916462 10.209195 11.458950 10.380554 12.400404 13.807954 14.405671 10.308313 11.046641 15.683897 13.421246 11.927667 15.357789 15.359913 13.002824 14.415669 25.268520 12.869128 13.949672 13.416647 13.867730 18.595305 15.366807 14.442496 14.906425 14.891453 12.769943 9.508442 12.595015 8.755676 8.219231 7.965645 11.176909 14.003051 -9999.0 -9999.0 -9999.0 -9999.0 -9999.0 -9999.0
-9999.0 -9999.0 -9999.0 -9999.0 -9999.0 -9999.0 -9999.0 -9999.0 -9999.0 -9999.0 13.525382 9.465335 14.264436 13.422624 14.052689 10.626786 9.925963 9.293390 12.598945 13.247301 17.220322 15.612417 9.270348 16.319664 12.095847 11.021724 9.190047 9.061940 15.180816 15.512694 11.631964 10.812346 13.943385 12.622785 10.778550 12.433465 17.762427 11.721203 11.297116 16.082563 15.692383 13.870957 19.826859 12.384304 12.229967 19.120517 15.590431 11.347516 12.320541 12.935063 9.688528 12.232072 7.508216 1.317355 11.525142 14.575484 14.892993 -9999.0 -9999.0 -9999.0 -9999.0 -9999.0 -9999.0
-9999.0 -9999.0 -9999.0 -9999.0 -9999.0 -9999.0 -9999.0 -9999.0 -9999.0 12.326804 13.037455 9.263275 10.616411 10.035712 9.932173 9.589436 9.099801 15.956682 12.970405 14.029810 18.311006 11.866141 10.826795 14.023673 12.174846 8.779679 9.640453 15.690570 11.895368 12.420015 13.361819 8.367398 11.961633 10.694624 12.177166 12.498896 12.856907 10.437662 10.109409 11.283026 11.123305 9.633356 9.473756 13.149489 12.629076 12.685436 19.743649 12.134581 12.069997 13.699406 10.979959 13.566955 1.362164 10.518284 12.924192 10.045216 11.057206 15.332992 14.537530 -9999.0 -9999.0 -9999.0 -9999.0
-9999.0 -9999.0 -9999.0 -9999.0 -9999.0 -9999.0 -9999.0 -9999.0 -9999.0 12.887175 12.451850 13.015446 15.952553 12.163470 11.314567 10.602691 15.470753 12.968631 13.984812 20.785964 20.651381 21.051102 16.727572 15.530853 9.092609 10.422841 11.502962 12.433646 14.206690 15.061113 14.335925 8.243814 13.238256 12.855321 13.803320 16.027560 17.990805 19.066388 13.721156 13.451056 9.748129 8.854876 11.797760 12.854757 13.021057 15.804176 15.667759 14.881101 13.861251 13.540892 8.773142 8.837094 12.532991 12.334503 12.612228 9.177618 11.083833 12.067967 16.463069 -9999.0 -9999.0 -9999.0 -9999.0
-9999.0 -9999.0 -9999.0 -9999.0 -9999.0 -9999.0 -9999.0 -9999.0 -9999.0 -9999.0 12.829650 13.584573 10.412815 10.304888 12.940017 11.960402 12.318590 14.020197 15.144408 16.702650 19.356364 12.037990 10.351269 9.804004 10.542700 12.270383 14.056684 14.771026 14.532208 8.520833 8.194473 10.146414 7.747782 11.913519 14.398343 15.304516 17.707262 17.560863 18.012359 11.975409 11.381321 16.371708 14.323098 10.838916 10.136615 11.126538 12.165609 17.147771 16.283315 14.470087 9.848309 11.206822 14.029706 11.224108 10.529846 12.999503 13.867460 13.814778 14.352947 14.924207 -9999.0 -9999.0 -9999.0
-9999.0 -9999.0 -9999.0 -9999.0 -9999.0 -9999.0 -9999.0 -9999.0 -9999.0 -9999.0 12.876016 13.288145 13.417400 11.091763 18.878048 11.992375 11.459228 13.425193 16.152105 17.243353 14.106814 12.401331 10.448749 11.755474 12.144073 14.469143 15.436024 11.020025 9.098339 7.781829 12.354382 13.592563 9.158063 11.757086 12.169415 12.792218 11.594844 11.030697 9.276326 12.111376 13.192683 14.212733 7.659705 12.717045 13.817503 9.406785 11.238833 10.955279 12.967392 16.223508 14.003322 9.793043 10.505735 14.324262 13.477692 14.428168 12.342207 12.377745 14.397564 16.513078 -9999.0 -9999.0 -9999.0
-9999.0 -9999.0 -9999.0 -9999.0 -9999.0 -9999.0 -9999.0 -9999.0 15.322824 14.700855 13.369452 13.235215 10.094074 10.481234 10.052011 13.221459 14.436980 21.809313 17.783628 17.669193 15.538526 14.395174 13.463100 12.374374 14.312463 14.036992 16.975390 9.555511 9.867428 8.536391 1.136531 12.439087 13.406256 12.333006 13.277597 10.815680 14.344484 11.262783 7.185534 13.551356 12.566401 12.845920 8.419429 11.257036 15.721511 14.629008 8.146285 10.750527 11.558134 15.530675 14.467717 11.548177 11.482655 9.548934 16.464135 16.089719 17.338123 19.744535 15.994707 15.876123 -9999.0 -9999.0 -9999.0
-9999.0 -9999.0 -9999.0 -9999.0 -9999.0 -9999.0 -9999.0 -9999.0 9.800100 10.828580 9.576384 12.321387 12.886362 10.702007 10.136968 11.697474 13.034113 13.465064 16.326199 18.105051 24.464818 22.281668 19.406002 20.569798 14.506299 14.441686 11.847004 11.354478 9.337507 14.041215 13.283801 14.350012 14.076626 13.571849 13.980449 14.446507 16.011594 12.037193 10.116240 14.142597 12.235216 9.810521 12.144359 14.267077 15.595246 10.170990 9.061635 13.500908 11.649875 13.955752 16.555236 13.788626 10.236005 17.522918 19.533160 13.871823 14.564871 15.533232 17.736494 19.357818 20.177520 -9999.0 -9999.0
-9999.0 -9999.0 -9999.0 -9999.0 -9999.0 -9999.0 -9999.0 -9999.0 12.415641 14.591967 15.005743 9.123621 14.988384 9.810611 12.020014 10.745559 12.635922 15.990699 16.470608 23.662513 18.453572 22.631494 22.486709 17.388913 22.249423 13.753865 11.446836 9.298868 9.522883 14.816914 14.347532 15.266838 9.593747 9.832454 14.596192 16.251521 0.393208 11.834892 9.030616 9.657198 13.357549 13.134530 13.610962 13.532404 9.213778 13.694068 18.086367 16.045295 10.294485 12.690867 15.584768 15.582418 12.013433 11.797342 15.844501 15.803381 17.448991 18.189264 19.340740 19.664137 19.641249 -9999.0 -9999.0
-9999.0 -9999.0 -9999.0 -9999.0 -9999.0 -9999.0 -9999.0 -9999.0 11.711488 14.260932 11.909036 10.308862 15.827871 11.715785 11.047722 12.911022 15.681724 17.130707 18.248893 16.373980 17.896143 18.484231 23.123465 23.172566 14.972695 12.592454 10.368958 8.910222 15.992668 11.588504 10.872719 11.199399 12.199336 12.139794 10.374963 17.217014 17.772778 12.406842 0.629225 10.329458 15.814080 14.408677 14.688937 19.635970 16.178832 15.295592 15.437150 15.814408 17.431928 13.346456 13.581445 16.517051 17.309025 16.216673 17.937097 18.394711 18.688360 16.917135 18.849094 19.604460 18.101029 15.078071 -9999.0
-9999.0 -9999.0 -9999.0 -9999.0 -9999.0 -9999.0 -9999.0 -9999.0 12.649847 14.143606 9.507631 10.388992 11.410758 11.987003 19.927607 16.588407 17.715222 13.842577 12.431211 14.085919 15.846149 18.428728 18.823743 19.118193 21.529108 12.567940 10.339635 12.316914 13.564903 12.950641 9.742911 12.365161 13.701449 12.583087 0.423819 0.418531 12.706022 13.474318 12.500684 12.833133 12.081273 9.886869 12.274109 11.956671 10.977069 18.019646 12.627697 13.053111 13.523114 15.499754 17.268868 16.969710 17.354897 19.258791 18.695017 18.660257 19.455137 19.469408 19.131080 18.172780 15.898120 14.243283 -9999.0
-9999.0 -9999.0 14.718173 14.812507 10.057946 10.574614 10.913273 10.120834 14.574460 14.003658 9.241322 12.094369 12.290377 14.957891 21.552231 14.875598 11.758222 9.928021 11.133562 12.231327 14.459851 17.118798 18.332227 17.936807 17.529281 14.324110 12.688588 12.420552 13.495429 17.510836 11.198958 11.514050 17.331651 12.130621 14.207834 12.005273 15.793186 14.722848 13.327042 12.072070 14.356736 14.018571 12.180711 14.242444 11.050153 13.460607 15.016664 13.410513 16.613579 18.330449 19.944049 20.088076 19.501278 19.505039 19.185242 24.657642 17.853951 18.076807 17.162189 15.536373 18.765465 13.343288 -9999.0
-9999.0 11.771550 11.072709 10.914077 11.254916 11.192693 10.593320 9.225865 8.904460 13.650423 10.673761 11.193888 13.246334 19.007537 19.322959 11.728304 11.369596 10.383915 11.583168 12.368090 14.992864 16.068573 22.136049 17.476515 23.601886 18.059257 22.455675 22.408172 17.408265 16.057088 16.445683 15.585583 14.759935 19.237638 16.413341 17.289394 17.951567 16.540606 17.414796 17.043534 16.746994 16.097290 15.830059 13.560202 13.264290 14.168725 16.986360 16.816280 19.544602 19.122350 18.862937 18.457648 17.598228 17.612268 17.543343 17.019175 15.229132 15.078669 15.470125 17.698508 12.980920 13.007357 -9999.0
-9999.0 14.814304 11.887693 12.140573 17.918216 11.923167 8.936571 9.626460 14.837943 14.835623 11.269102 11.717959 14.071579 19.545734 12.454902 10.262770 10.165876 10.502425 12.643747 11.885707 16.416280 13.733577 16.265473 18.011374 24.518721 25.377870 17.876527 19.140918 18.362359 17.900206 18.036389 17.565927 16.056396 16.246710 22.018274 18.826369 25.975173 26.530598 18.836669 19.612875 19.035773 17.646474 17.132231 17.296368 18.160619 18.756712 19.857168 19.651992 18.116698 18.254425 17.206042 15.483509 15.198016 15.473600 15.513873 14.067700 13.559846 13.084607 12.700898 11.961514 11.930537 -9999.0 -9999.0
