erum2020/resources/simulation/Vinschgau/output-maps/TL0008N1014.asc
ncols         63
nrows         48
xllcorner     598000.000000
yllcorner     5145000.000000
cellsize      1000.000000
NODATA_value  -9999.0
[rows 0 to 27 of 48, columns 0 to 62 of 63]
-9999.0 -9999.0 -9999.0 -9999.0 -9999.0 -9999.0 -9999.0 -9999.0 -9999.0 -9999.0 -9999.0 -9999.0 -9999.0 -9999.0 -9999.0 -9999.0 -9999.0 -9999.0 -9999.0 -9999.0 -9999.0 -9999.0 -9999.0 -9999.0 -9999.0 -9999.0 -9999.0 -9999.0 -9999.0 -9999.0 -9999.0 -9999.0 -9999.0 -9999.0 -9999.0 -9999.0 -9999.0 -9999.0 -9999.0 -9999.0 -9999.0 -9999.0 -9999.0 -9999.0 -9999.0 -9999.0 -9999.0 -9999.0 -9999.0 -9999.0 -9999.0 -9999.0 -9999.0 -9999.0 -9999.0 -9999.0 -9999.0 -9999.0 -9999.0 -9999.0 -9999.0 -9999.0 -9999.0
-9999.0 -9999.0 -9999.0 -9999.0 -9999.0 -9999.0 -9999.0 -9999.0 -9999.0 -9999.0 -9999.0 -9999.0 -9999.0 -9999.0 -9999.0 -9999.0 -9999.0 -9999.0 -9999.0 -9999.0 -9999.0 -9999.0 -9999.0 -9999.0 -9999.0 -9999.0 -9999.0 -3.156644 -3.064964 -3.364412 -4.079910 -4.185264 -4.005400 -9999.0 -9999.0 -9999.0 -9999.0 -9999.0 -9999.0 -9999.0 -9999.0 -9999.0 -9999.0 -9999.0 -9999.0 -9999.0 -9999.0 -9999.0 -9999.0 -9999.0 -9999.0 -9999.0 -9999.0 -9999.0 -9999.0 -9999.0 -9999.0 -9999.0 -9999.0 -9999.0 -9999.0 -9999.0 -9999.0
-9999.0 -9999.0 -9999.0 -9999.0 -9999.0 -9999.0 -9999.0 -9999.0 -9999.0 -9999.0 -9999.0 -9999.0 -9999.0 -9999.0 -9999.0 -9999.0 -9999.0 -9999.0 -9999.0 -9999.0 -9999.0 -9999.0 -9999.0 -9999.0 -1.539834 -1.285955 -1.151905 -1.388822 -1.957837 -2.618834 -4.109846 -9999.0 -9999.0 -9999.0 -9999.0 -9999.0 -9999.0 -9999.0 -9999.0 -9999.0 -9999.0 -9999.0 -9999.0 -9999.0 -9999.0 -9999.0 -9999.0 -9999.0 -9999.0 -9999.0 -9999.0 -9999.0 -9999.0 -9999.0 -9999.0 -9999.0 -9999.0 -9999.0 -9999.0 -9999.0 -9999.0 -9999.0 -9999.0
-9999.0 -9999.0 -9999.0 -9999.0 -9999.0 -9999.0 -9999.0 -9999.0 -9999.0 -9999.0 -9999.0 -9999.0 -9999.0 -9999.0 -9999.0 -9999.0 -9999.0 -9999.0 -9999.0 -9999.0 -9999.0 -9999.0 -9999.0 -1.168522 -1.183554 0.630989 1.159731 1.786963 0.862415 -1.025467 -4.034575 -4.266117 -9999.0 -9999.0 -9999.0 -9999.0 -9999.0 -9999.0 -9999.0 -9999.0 -9999.0 -9999.0 -9999.0 -9999.0 -9999.0 -9999.0 -9999.0 -9999.0 -9999.0 -9999.0 -9999.0 -9999.0 -9999.0 -9999.0 -9999.0 -9999.0 -9999.0 -9999.0 -9999.0 -9999.0 -9999.0 -9999.0 -9999.0
-9999.0 -9999.0 -9999.0 -9999.0 -9999.0 -9999.0 -9999.0 -9999.0 -9999.0 -9999.0 -9999.0 -9999.0 -9999.0 -9999.0 -9999.0 -9999.0 -9999.0 -9999.0 1.012810 -0.930548 -9999.0 -1.041003 -1.177061 0.203785 0.778941 1.892442 0.044537 -0.000753 0.315738 -0.002040 -1.429053 -3.924719 -4.172284 -5.161545 -9999.0 -9999.0 -9999.0 -9999.0 -9999.0 -9999.0 -9999.0 -9999.0 -9999.0 -9999.0 -9999.0 -9999.0 -9999.0 -9999.0 -9999.0 -9999.0 -9999.0 -9999.0 -9999.0 -9999.0 -9999.0 -9999.0 -9999.0 -9999.0 -9999.0 -9999.0 -9999.0 -9999.0 -9999.0
-9999.0 -9999.0 -9999.0 -9999.0 -9999.0 -9999.0 -9999.0 -9999.0 -9999.0 -9999.0 -9999.0 -9999.0 -9999.0 -9999.0 -9999.0 -9999.0 -9999.0 4.388196 2.977628 1.839374 -0.637680 -0.000981 -0.002034 -0.002309 0.406225 -0.002167 -0.322412 -0.001715 -0.002343 -0.000787 -1.059880 -1.162820 -2.715385 -3.198047 -4.590780 -5.246961 -9999.0 -9999.0 -9999.0 -9999.0 -9999.0 -9999.0 -9999.0 -9999.0 -9999.0 -9999.0 -9999.0 -9999.0 -9999.0 -9999.0 -9999.0 -9999.0 -9999.0 -9999.0 -9999.0 -9999.0 -9999.0 -9999.0 -9999.0 -9999.0 -9999.0 -9999.0 -9999.0
-9999.0 -9999.0 -9999.0 -9999.0 -9999.0 -9999.0 -9999.0 -9999.0 -9999.0 -9999.0 -9999.0 -9999.0 -9999.0 -0.224920 -0.001777 2.414179 3.951765 5.976676 4.006683 1.136949 0.713641 0.065807 0.977654 0.509857 -0.001834 -0.865723 -1.609549 -2.580240 -1.013585 -0.001956 -1.669111 -2.046317 -1.730724 -3.603552 -3.862271 -5.411923 -9999.0 -9999.0 -9999.0 -9999.0 -9999.0 -9999.0 -9999.0 -9999.0 -9999.0 -9999.0 -9999.0 -9999.0 -9999.0 -9999.0 -9999.0 -9999.0 -9999.0 -9999.0 -9999.0 -9999.0 -9999.0 -9999.0 -9999.0 -9999.0 -9999.0 -9999.0 -9999.0
-9999.0 -9999.0 -9999.0 -9999.0 -9999.0 -9999.0 -9999.0 -9999.0 -9999.0 -9999.0 -9999.0 -9999.0 -9999.0 -0.001505 1.769874 3.198308 3.219270 4.434221 6.034510 2.138912 3.121286 1.911145 1.312572 0.179456 -0.001873 -0.003628 -2.035299 -3.295533 -3.845626 -1.073209 -2.578638 -3.619415 -3.851000 -7.994102 -4.711983 -9999.0 -9999.0 -9999.0 -9999.0 -9999.0 -9999.0 -9999.0 -9999.0 -9999.0 -9999.0 -9999.0 -9999.0 -9999.0 -9999.0 -9999.0 -9999.0 -9999.0 -9999.0 -9999.0 -9999.0 -9999.0 -9999.0 -9999.0 -9999.0 -9999.0 -9999.0 -9999.0 -9999.0
-9999.0 -9999.0 -9999.0 -9999.0 -9999.0 -9999.0 -9999.0 -9999.0 -9999.0 -9999.0 -9999.0 -9999.0 -9999.0 1.405967 1.731937 2.571387 2.711041 3.495795 6.278667 3.935512 2.472692 -0.002379 -0.002182 -0.002185 -0.001542 -0.001458 -2.491701 -4.000700 -4.241604 -7.005256 -3.952022 -8.566335 -8.863341 -11.418407 -5.710569 -9999.0 -9999.0 -9999.0 -9999.0 -9999.0 -9999.0 -9999.0 -9999.0 -9999.0 -9999.0 -9999.0 -9999.0 -9999.0 -9999.0 -9999.0 -9999.0 -9999.0 -9999.0 -9999.0 -9999.0 -9999.0 -9999.0 -9999.0 -9999.0 -9999.0 -9999.0 -9999.0 -9999.0
-9999.0 -9999.0 -9999.0 -9999.0 -9999.0 -9999.0 -9999.0 -9999.0 -9999.0 -9999.0 -9999.0 -9999.0 -0.002303 -0.000008 2.079960 0.159835 0.991563 2.981347 4.995265 3.323188 0.495157 -0.002029 -0.021011 -0.003861 -1.720277 -2.036378 -2.940910 -4.047277 -3.238199 -4.045956 -8.453083 -4.299970 -4.504108 -5.825230 -9999.0 -9999.0 -9999.0 -9999.0 -9999.0 -9999.0 -9999.0 -9999.0 -9999.0 -9999.0 -9999.0 -9999.0 -9999.0 -9999.0 -9999.0 -9999.0 -9999.0 -9999.0 -9999.0 -9999.0 -9999.0 -9999.0 -9999.0 -9999.0 -9999.0 -9999.0 -9999.0 -9999.0 -9999.0
-9999.0 -9999.0 -9999.0 -9999.0 -9999.0 -9999.0 -9999.0 -9999.0 -9999.0 -9999.0 -9999.0 -0.303875 1.339061 1.118092 1.394207 -0.000558 2.068269 3.085313 4.845415 3.192604 1.758679 -0.000631 -1.205974 -1.677518 -1.759436 -3.077379 -3.947695 -3.680533 -3.100378 -5.136194 -4.366349 -2.282215 -4.033516 -4.962940 -4.627387 -4.000946 -4.101016 -3.239370 -3.680941 -9999.0 -9999.0 -9999.0 -5.159494 -9999.0 -9999.0 -9999.0 -9999.0 -9999.0 -9999.0 -9999.0 -9999.0 -9999.0 -9999.0 -9999.0 -9999.0 -9999.0 -9999.0 -9999.0 -9999.0 -9999.0 -9999.0 -9999.0 -9999.0
-9999.0 -9999.0 -9999.0 -9999.0 -9999.0 -9999.0 -9999.0 -9999.0 -9999.0 -9999.0 -9999.0 -0.398597 1.541453 2.935236 2.738976 -0.106368 4.407695 3.910036 4.981685 3.365592 2.482891 -0.002344 -1.140367 -2.222316 -3.415137 -3.597448 -3.057136 -3.003144 -2.770153 -4.859261 -3.704356 -2.421390 -4.234342 -4.911859 -4.951251 -3.701753 -2.574859 -1.238973 -2.176651 -4.769313 -4.836693 -4.974673 -3.842677 -4.116248 -9999.0 -9999.0 -9999.0 -6.119266 -4.953666 -4.365780 -4.384579 -5.205442 -5.386168 -5.353884 -5.007842 -5.667949 -9999.0 -9999.0 -9999.0 -9999.0 -9999.0 -9999.0 -9999.0
-9999.0 -9999.0 -9999.0 -9999.0 -9999.0 -9999.0 -9999.0 -9999.0 -9999.0 -9999.0 -9999.0 -1.318081 -0.210026 -0.008783 -0.000596 -0.003161 0.310303 3.267514 4.045629 3.365802 1.554917 -0.002224 -1.121641 -1.495270 -2.916927 -2.845297 -1.310695 -3.254333 -3.511001 -4.879183 -3.861155 -3.769752 -2.924591 -4.307615 -4.304511 -2.795885 -2.884378 -2.480094 -1.011859 -3.453660 -3.507013 -4.107029 -2.904575 -3.219263 -4.334692 -9999.0 -5.817106 -4.677897 -3.892572 -1.923319 -1.534979 -2.651507 -2.655755 -3.997920 -4.184297 -4.346610 -9999.0 -9999.0 -9999.0 -9999.0 -9999.0 -9999.0 -9999.0
-9999.0 -9999.0 -9999.0 -9999.0 -9999.0 -9999.0 -9999.0 -9999.0 -9999.0 -9999.0 -9999.0 -9999.0 -0.996551 -0.000930 -0.003930 -0.002292 -0.002237 2.383805 4.609696 3.362163 1.444937 -0.002243 -0.410466 -1.725034 -2.618070 -1.445019 -1.135505 -1.849141 -4.021725 -4.150757 -3.282243 -3.519730 -1.531503 -4.235389 -4.365021 -3.446764 -2.823174 -2.325081 -0.002393 -1.538253 -2.233450 -1.706339 -2.904058 -1.240632 -3.909419 -4.548269 -4.686702 -4.241475 -2.594433 -1.765292 -0.000671 -3.389801 -3.357998 -4.061652 -4.335732 -4.107735 -4.305522 -9999.0 -9999.0 -9999.0 -9999.0 -9999.0 -9999.0
-9999.0 -9999.0 -9999.0 -9999.0 -9999.0 -9999.0 -9999.0 -9999.0 -9999.0 -9999.0 -9999.0 -0.004506 -1.331173 -0.607849 -1.279732 -0.001133 -0.000873 1.468884 4.092801 3.622171 1.956497 -0.002116 -0.001347 -1.384155 -1.290131 -2.122763 -0.003896 -3.980494 -4.056928 -2.785749 -1.418867 -2.681129 -1.981517 -4.090259 -4.768883 -3.707148 -2.496738 -1.360107 -0.004955 -0.194181 -1.237303 -0.002259 -1.345551 -0.965248 -1.274417 -3.430124 -3.386984 -2.698107 -1.726676 -0.006809 -3.550416 -3.750604 -5.540613 -6.283611 -7.180088 -8.196955 -4.057542 -9999.0 -9999.0 -9999.0 -9999.0 -9999.0 -9999.0
-9999.0 -9999.0 -9999.0 -9999.0 -9999.0 -9999.0 -9999.0 -9999.0 -9999.0 -9999.0 -1.010870 -2.037852 -1.333106 -1.209307 -0.005297 -0.002411 -0.003410 -0.002235 2.948785 3.251197 1.897590 0.631552 -0.557827 -0.201918 -0.001111 -1.857196 -1.987182 -4.695642 -1.437844 -1.065695 -2.133658 -2.224301 -0.858187 -4.032400 -5.574970 -3.819270 -1.744420 -1.709399 -0.162179 -0.001704 -0.001996 0.583117 2.438746 0.512061 -0.002025 -2.407181 -1.828295 -2.600842 -2.044765 -0.001034 -5.516313 -4.615536 -7.649243 -8.899916 -8.373290 -4.035532 -4.031287 -9999.0 -9999.0 -9999.0 -9999.0 -9999.0 -9999.0
-9999.0 -9999.0 -9999.0 -9999.0 -9999.0 -9999.0 -9999.0 -9999.0 -9999.0 -3.259038 -1.068855 -2.371778 -1.317069 -1.008451 -0.002609 -0.005171 -0.002215 -0.000426 2.721068 3.488036 2.205657 -0.003624 -0.002200 -0.001733 -0.000740 -1.459463 -2.800157 -0.908843 -1.367207 -0.001679 -0.000928 -1.656607 -3.299494 -8.019057 -4.794862 -4.039545 -2.698505 -2.170883 -1.158372 -0.424618 -0.457069 -0.308412 -0.450971 1.285172 0.556678 -0.005929 -0.009489 -0.916789 -0.896062 -0.000564 -1.930689 -4.142720 -9.768625 -6.592062 -5.260638 -5.521551 -4.670987 -3.853891 -4.879636 -9999.0 -9999.0 -9999.0 -9999.0
-9999.0 -9999.0 -9999.0 -9999.0 -9999.0 -9999.0 -9999.0 -9999.0 -9999.0 -3.670247 -2.815763 -0.871995 -0.000548 -0.001185 -0.003317 -0.951220 -0.003271 -0.001032 3.339758 3.115203 2.756421 2.204890 0.994297 -0.000466 -1.072737 -1.671579 -0.996361 -0.001143 -0.001063 -0.000573 -0.007477 -2.033698 -3.410498 -4.372457 -3.991594 -3.567285 -3.097276 -2.563494 -2.379865 -1.897272 -1.318588 -1.957354 -0.612985 -0.001116 1.820572 1.232271 0.909375 -0.002300 -0.002289 -0.000995 -2.904155 -5.693701 -6.391988 -5.391521 -4.163435 -6.509683 -4.463233 -3.765114 -2.829440 -9999.0 -9999.0 -9999.0 -9999.0
-9999.0 -9999.0 -9999.0 -9999.0 -9999.0 -9999.0 -9999.0 -9999.0 -9999.0 -9999.0 -3.802196 -2.256674 -0.002479 -0.000913 -0.002261 -0.002234 -0.001088 0.747509 4.258406 3.240476 2.829806 1.986445 -0.001759 -0.265477 -1.332473 -0.002015 -0.001129 -0.000654 -0.008000 -1.592480 -1.940974 -3.095354 -3.987650 -4.324226 -2.937775 -1.904806 -1.109393 -1.072243 -3.059332 -3.735732 -3.105359 -1.171036 -0.002855 -0.004225 -0.001471 -0.001773 0.766426 1.470786 1.595023 -0.002232 -1.857264 -4.278691 -5.377295 -6.268166 -5.559591 -4.229386 -2.872030 -1.944420 -1.663376 -0.001333 -9999.0 -9999.0 -9999.0
-9999.0 -9999.0 -9999.0 -9999.0 -9999.0 -9999.0 -9999.0 -9999.0 -9999.0 -9999.0 -4.057296 -1.892890 -0.897771 -0.002493 0.129093 -0.002918 -0.002507 1.850553 4.629818 4.443182 2.840024 0.625506 -0.002285 -0.010481 -0.002021 -0.001034 0.870067 -0.001935 -1.279992 -3.685763 -3.568411 -2.409638 -4.904405 -4.385124 -3.023101 -1.631129 -1.883904 -2.047829 -2.063601 -4.077312 -3.528764 -1.763421 -2.890540 -1.108830 -0.005947 -0.259269 -0.000850 -0.001490 2.125047 1.290217 -0.002386 -2.173805 -4.395933 -4.928517 -6.914169 -6.113185 -3.936275 -0.975077 1.178212 1.187796 -9999.0 -9999.0 -9999.0
-9999.0 -9999.0 -9999.0 -9999.0 -9999.0 -9999.0 -9999.0 -9999.0 -2.500367 -3.598181 -4.074947 -2.807149 -2.989113 -1.091464 -0.056842 1.078501 2.207546 3.077994 3.995815 4.929250 4.607813 3.403257 2.201770 0.260708 -0.001679 1.466033 0.239009 -0.801778 -1.668185 -3.691308 -7.471839 -3.671901 -3.667006 -4.409813 -3.420766 -2.017498 -0.246229 -0.014434 -2.536315 -3.591864 -3.223881 -0.976434 -3.651085 -3.272124 -1.540413 -0.841548 -2.355669 -0.966905 -0.001562 1.423813 -0.002032 -0.712345 -4.562922 -6.106913 -5.710947 -4.133252 -3.658032 -0.791686 -0.001667 3.316285 -9999.0 -9999.0 -9999.0
-9999.0 -9999.0 -9999.0 -9999.0 -9999.0 -9999.0 -9999.0 -9999.0 -3.314256 -2.880880 -2.995715 -3.987082 -2.043347 -2.399293 -0.922965 -0.001792 1.194680 1.859868 5.036755 5.472505 5.550149 4.450764 3.430545 2.356893 2.652771 2.558827 0.426043 -0.846834 -4.934417 -4.070423 -4.338830 -3.235427 -3.317069 -3.099696 -2.932339 -0.996286 -0.030405 -0.003933 -1.170209 -1.372745 -3.400419 -6.226333 -2.937282 -1.226260 -1.383077 -1.101204 -4.136520 -1.601418 -0.882857 1.139299 1.041828 -0.006362 -4.751975 -4.148485 -2.044473 -2.738568 -1.237482 -0.002383 1.789358 4.157827 5.411369 -9999.0 -9999.0
-9999.0 -9999.0 -9999.0 -9999.0 -9999.0 -9999.0 -9999.0 -9999.0 -2.971319 -1.995798 -2.819827 -3.810730 -2.815415 -3.413867 -0.934020 -0.783729 -0.003238 1.335725 4.928015 5.562393 5.944671 5.311337 4.896055 4.213329 3.376502 2.524736 -0.001610 -1.230723 -5.450984 -3.609471 -2.714804 -1.260189 -2.155600 -1.745410 -1.111591 -0.405600 -0.003342 1.203287 -0.008115 -2.637823 -2.826362 -2.632157 -1.504419 -2.114912 -1.530124 -1.903740 -3.566683 -2.464408 -2.396156 -0.001325 2.113368 -0.002031 -3.726346 -4.581476 -1.774722 -0.798863 0.166245 1.667569 3.830232 4.419988 4.777936 -9999.0 -9999.0
-9999.0 -9999.0 -9999.0 -9999.0 -9999.0 -9999.0 -9999.0 -9999.0 -4.404614 -1.352489 -0.006961 -5.225053 -1.770087 -1.640313 -0.265101 -0.001833 3.503318 4.717991 3.500261 5.214762 5.332110 5.718071 5.191458 4.787116 3.040024 0.530165 -0.001906 -1.983029 -0.967427 -2.550353 -1.017119 -1.216161 -0.003565 -0.034921 -0.395943 -0.220690 -0.001018 3.271627 0.220633 -0.002972 -1.029214 -1.154751 -1.293730 -1.548278 -1.949436 -2.540091 -1.414766 -2.689646 -1.938287 -1.092576 -0.001680 1.717222 -0.001904 -0.016059 -0.000593 0.887831 2.447873 3.886855 4.843753 4.549649 3.659732 2.016549 -9999.0
-9999.0 -9999.0 -9999.0 -9999.0 -9999.0 -9999.0 -9999.0 -9999.0 -4.268058 -1.988857 -2.530815 -1.564463 -0.394175 -0.185123 -0.000393 1.283471 2.006095 1.885753 0.287439 2.258763 4.224858 5.049373 5.352570 5.056729 2.599353 -0.002996 -1.089874 -0.002015 -0.001115 -0.002918 -0.249308 -0.000877 1.249502 -0.000558 -0.001856 -0.001855 1.551836 5.392970 4.891841 1.127068 -0.001721 -0.002301 -0.002571 -0.002489 -0.995598 -1.078138 -1.095052 -1.536166 -0.582830 -0.002090 0.614430 1.134124 1.473815 0.987316 1.493943 1.750865 2.551043 3.346284 3.953235 3.667468 3.419860 1.442712 -9999.0
-9999.0 -9999.0 -2.257915 -1.809370 -3.755696 -1.855928 -3.166728 -2.703046 -4.178712 -3.580885 -1.249318 -0.001149 -0.141969 -0.001944 1.112238 0.794460 -0.001381 -1.216857 -0.856484 -0.001953 2.137026 4.807477 4.076232 5.699808 3.114708 1.419826 -0.002974 -0.002584 1.555904 0.643356 -0.001963 -0.001939 2.755507 2.484466 2.698316 3.925760 5.015279 7.706103 6.701862 3.959140 2.753665 2.725134 3.078833 1.466691 -0.001442 -0.001962 0.672855 0.973777 1.456006 2.405983 3.102035 2.829000 2.263545 1.813874 1.727964 3.024318 2.351793 2.751668 2.398981 2.682344 1.599880 0.701250 -9999.0
-9999.0 -1.096800 -2.529907 -1.096050 -1.708150 -1.095592 -2.772157 -3.197768 -4.166394 -4.067690 -2.392615 -0.849846 -0.000153 -0.000259 -0.000072 -0.277281 -1.337587 -2.187697 -1.272294 -0.001996 1.876566 3.589661 3.238723 3.901894 4.111341 2.833395 2.198622 2.467713 3.017208 1.951862 1.792515 1.823512 3.278990 4.912869 5.627058 6.723121 8.939698 10.714369 8.360982 6.800397 6.254063 5.943646 5.180118 4.163368 2.888086 3.185594 3.142104 5.341903 4.693230 5.241425 3.609614 2.858616 2.119837 1.380542 1.309303 0.887994 0.443739 0.782189 0.607096 -0.000217 -0.001253 0.496147 -9999.0
-9999.0 -0.881811 -1.450388 -0.010451 -0.000492 -0.864294 -2.516873 -3.698836 -4.201942 -4.250016 -2.902058 -1.233632 -0.001779 -0.000070 -0.179921 -3.752249 -3.037482 -2.501108 -1.025472 -0.003676 0.506954 1.369673 2.241793 1.763654 3.428078 4.261783 5.035357 4.931476 4.287677 5.867578 6.097634 5.833374 4.979424 5.836125 7.278757 8.774914 11.351133 12.464457 11.423963 10.678473 9.730526 8.538919 7.900921 7.544604 7.530391 7.360830 5.894975 5.597524 5.062562 4.385541 2.813318 1.439454 0.543568 1.201685 0.424124 -0.002004 -0.269588 -0.002161 -0.001716 -0.002107 -0.001463 -9999.0 -9999.0
