erum2020/resources/simulation/Vinschgau/output-maps/TL0001N1125.asc
ncols         63
nrows         48
xllcorner     598000.000000
yllcorner     5145000.000000
cellsize      1000.000000
NODATA_value  -9999.0
[rows 0 to 27 of 48, columns 0 to 62 of 63]
-9999.0 -9999.0 -9999.0 -9999.0 -9999.0 -9999.0 -9999.0 -9999.0 -9999.0 -9999.0 -9999.0 -9999.0 -9999.0 -9999.0 -9999.0 -9999.0 -9999.0 -9999.0 -9999.0 -9999.0 -9999.0 -9999.0 -9999.0 -9999.0 -9999.0 -9999.0 -9999.0 -9999.0 -9999.0 -9999.0 -9999.0 -9999.0 -9999.0 -9999.0 -9999.0 -9999.0 -9999.0 -9999.0 -9999.0 -9999.0 -9999.0 -9999.0 -9999.0 -9999.0 -9999.0 -9999.0 -9999.0 -9999.0 -9999.0 -9999.0 -9999.0 -9999.0 -9999.0 -9999.0 -9999.0 -9999.0 -9999.0 -9999.0 -9999.0 -9999.0 -9999.0 -9999.0 -9999.0
-9999.0 -9999.0 -9999.0 -9999.0 -9999.0 -9999.0 -9999.0 -9999.0 -9999.0 -9999.0 -9999.0 -9999.0 -9999.0 -9999.0 -9999.0 -9999.0 -9999.0 -9999.0 -9999.0 -9999.0 -9999.0 -9999.0 -9999.0 -9999.0 -9999.0 -9999.0 -9999.0 1.764845 0.773999 2.502050 0.247927 0.211690 0.100446 -9999.0 -9999.0 -9999.0 -9999.0 -9999.0 -9999.0 -9999.0 -9999.0 -9999.0 -9999.0 -9999.0 -9999.0 -9999.0 -9999.0 -9999.0 -9999.0 -9999.0 -9999.0 -9999.0 -9999.0 -9999.0 -9999.0 -9999.0 -9999.0 -9999.0 -9999.0 -9999.0 -9999.0 -9999.0 -9999.0
-9999.0 -9999.0 -9999.0 -9999.0 -9999.0 -9999.0 -9999.0 -9999.0 -9999.0 -9999.0 -9999.0 -9999.0 -9999.0 -9999.0 -9999.0 -9999.0 -9999.0 -9999.0 -9999.0 -9999.0 -9999.0 -9999.0 -9999.0 -9999.0 1.485207 1.643927 1.910650 1.489235 0.618271 0.471372 0.391713 -9999.0 -9999.0 -9999.0 -9999.0 -9999.0 -9999.0 -9999.0 -9999.0 -9999.0 -9999.0 -9999.0 -9999.0 -9999.0 -9999.0 -9999.0 -9999.0 -9999.0 -9999.0 -9999.0 -9999.0 -9999.0 -9999.0 -9999.0 -9999.0 -9999.0 -9999.0 -9999.0 -9999.0 -9999.0 -9999.0 -9999.0 -9999.0
-9999.0 -9999.0 -9999.0 -9999.0 -9999.0 -9999.0 -9999.0 -9999.0 -9999.0 -9999.0 -9999.0 -9999.0 -9999.0 -9999.0 -9999.0 -9999.0 -9999.0 -9999.0 -9999.0 -9999.0 -9999.0 -9999.0 -9999.0 1.788204 2.762265 3.165741 3.541292 4.090970 3.025002 1.969075 0.427787 0.230404 -9999.0 -9999.0 -9999.0 -9999.0 -9999.0 -9999.0 -9999.0 -9999.0 -9999.0 -9999.0 -9999.0 -9999.0 -9999.0 -9999.0 -9999.0 -9999.0 -9999.0 -9999.0 -9999.0 -9999.0 -9999.0 -9999.0 -9999.0 -9999.0 -9999.0 -9999.0 -9999.0 -9999.0 -9999.0 -9999.0 -9999.0
-9999.0 -9999.0 -9999.0 -9999.0 -9999.0 -9999.0 -9999.0 -9999.0 -9999.0 -9999.0 -9999.0 -9999.0 -9999.0 -9999.0 -9999.0 -9999.0 -9999.0 -9999.0 6.666357 2.823675 -9999.0 2.420701 2.765460 3.338500 2.903828 4.517987 4.571302 4.586252 2.528160 0.255938 1.558642 0.445266 0.637791 1.367272 -9999.0 -9999.0 -9999.0 -9999.0 -9999.0 -9999.0 -9999.0 -9999.0 -9999.0 -9999.0 -9999.0 -9999.0 -9999.0 -9999.0 -9999.0 -9999.0 -9999.0 -9999.0 -9999.0 -9999.0 -9999.0 -9999.0 -9999.0 -9999.0 -9999.0 -9999.0 -9999.0 -9999.0 -9999.0
-9999.0 -9999.0 -9999.0 -9999.0 -9999.0 -9999.0 -9999.0 -9999.0 -9999.0 -9999.0 -9999.0 -9999.0 -9999.0 -9999.0 -9999.0 -9999.0 -9999.0 5.407659 4.023645 4.787592 4.824998 0.122595 0.385276 2.424630 5.033879 -0.003920 -0.030935 0.237293 -0.078177 2.112319 3.095398 1.663914 2.794866 1.665717 0.794468 1.009305 -9999.0 -9999.0 -9999.0 -9999.0 -9999.0 -9999.0 -9999.0 -9999.0 -9999.0 -9999.0 -9999.0 -9999.0 -9999.0 -9999.0 -9999.0 -9999.0 -9999.0 -9999.0 -9999.0 -9999.0 -9999.0 -9999.0 -9999.0 -9999.0 -9999.0 -9999.0 -9999.0
-9999.0 -9999.0 -9999.0 -9999.0 -9999.0 -9999.0 -9999.0 -9999.0 -9999.0 -9999.0 -9999.0 -9999.0 -9999.0 4.455859 2.558182 3.677720 5.086394 12.460724 5.144522 4.261790 3.624010 2.709607 3.981591 5.054243 -0.007839 2.718482 0.007085 -0.303382 -0.006217 -0.002828 -0.238270 0.827708 0.357575 0.313599 -0.064811 1.000297 -9999.0 -9999.0 -9999.0 -9999.0 -9999.0 -9999.0 -9999.0 -9999.0 -9999.0 -9999.0 -9999.0 -9999.0 -9999.0 -9999.0 -9999.0 -9999.0 -9999.0 -9999.0 -9999.0 -9999.0 -9999.0 -9999.0 -9999.0 -9999.0 -9999.0 -9999.0 -9999.0
-9999.0 -9999.0 -9999.0 -9999.0 -9999.0 -9999.0 -9999.0 -9999.0 -9999.0 -9999.0 -9999.0 -9999.0 -9999.0 5.635757 4.932950 4.392885 4.264610 10.847068 12.622925 5.850601 4.284616 7.205113 2.761337 1.253920 1.864894 0.284673 1.092341 2.169212 0.915827 -0.020633 -0.374462 0.440143 0.645443 -3.778182 0.611091 -9999.0 -9999.0 -9999.0 -9999.0 -9999.0 -9999.0 -9999.0 -9999.0 -9999.0 -9999.0 -9999.0 -9999.0 -9999.0 -9999.0 -9999.0 -9999.0 -9999.0 -9999.0 -9999.0 -9999.0 -9999.0 -9999.0 -9999.0 -9999.0 -9999.0 -9999.0 -9999.0 -9999.0
-9999.0 -9999.0 -9999.0 -9999.0 -9999.0 -9999.0 -9999.0 -9999.0 -9999.0 -9999.0 -9999.0 -9999.0 -9999.0 5.097997 5.456233 6.286536 4.025671 4.765314 12.950677 5.140907 8.372495 3.365406 -0.002434 -0.021182 1.819684 0.778315 3.359630 0.847702 0.235476 -3.331547 0.359789 -4.146677 -4.201375 -7.062235 0.812821 -9999.0 -9999.0 -9999.0 -9999.0 -9999.0 -9999.0 -9999.0 -9999.0 -9999.0 -9999.0 -9999.0 -9999.0 -9999.0 -9999.0 -9999.0 -9999.0 -9999.0 -9999.0 -9999.0 -9999.0 -9999.0 -9999.0 -9999.0 -9999.0 -9999.0 -9999.0 -9999.0 -9999.0
-9999.0 -9999.0 -9999.0 -9999.0 -9999.0 -9999.0 -9999.0 -9999.0 -9999.0 -9999.0 -9999.0 -9999.0 3.523247 4.987398 5.955960 3.527430 2.546475 4.288314 11.753535 6.519345 3.582924 0.018188 -0.005826 -0.005316 -0.315360 1.029399 -1.527610 0.406059 0.225010 0.642584 -4.116520 0.679307 0.236599 1.348195 -9999.0 -9999.0 -9999.0 -9999.0 -9999.0 -9999.0 -9999.0 -9999.0 -9999.0 -9999.0 -9999.0 -9999.0 -9999.0 -9999.0 -9999.0 -9999.0 -9999.0 -9999.0 -9999.0 -9999.0 -9999.0 -9999.0 -9999.0 -9999.0 -9999.0 -9999.0 -9999.0 -9999.0 -9999.0
-9999.0 -9999.0 -9999.0 -9999.0 -9999.0 -9999.0 -9999.0 -9999.0 -9999.0 -9999.0 -9999.0 4.449893 4.538129 2.970216 5.404990 7.201599 5.749854 4.577130 10.958269 7.956723 3.054601 2.680243 2.942278 1.337691 -0.397299 0.412201 0.334875 0.313513 0.265142 0.725059 0.710247 0.717785 0.932023 1.017535 0.761647 1.254707 0.355304 0.451666 0.298318 -9999.0 -9999.0 -9999.0 0.955195 -9999.0 -9999.0 -9999.0 -9999.0 -9999.0 -9999.0 -9999.0 -9999.0 -9999.0 -9999.0 -9999.0 -9999.0 -9999.0 -9999.0 -9999.0 -9999.0 -9999.0 -9999.0 -9999.0 -9999.0
-9999.0 -9999.0 -9999.0 -9999.0 -9999.0 -9999.0 -9999.0 -9999.0 -9999.0 -9999.0 -9999.0 4.279411 4.621476 6.526371 6.464171 5.724190 7.761612 5.172985 11.575708 8.414610 8.069143 4.786421 2.658392 -1.595460 -2.328803 0.547662 0.487371 0.421553 1.510726 0.936364 0.473895 0.469390 0.251979 0.257965 0.317195 0.535692 0.553383 2.553639 0.824640 0.928412 1.030987 0.950235 0.377300 0.707712 -9999.0 -9999.0 -9999.0 0.356004 0.179561 0.469947 0.148418 0.360779 0.401177 0.152712 0.053425 0.422888 -9999.0 -9999.0 -9999.0 -9999.0 -9999.0 -9999.0 -9999.0
-9999.0 -9999.0 -9999.0 -9999.0 -9999.0 -9999.0 -9999.0 -9999.0 -9999.0 -9999.0 -9999.0 4.043739 4.272387 0.944602 7.130121 6.767496 2.499355 4.050085 9.961325 8.540185 2.275774 0.065447 -0.098759 1.515150 0.742334 1.842626 -1.273824 -1.997047 1.478387 0.331508 0.884023 -2.463949 0.409084 0.247755 0.655928 0.361604 -1.647257 -1.172775 3.355591 1.113823 0.536539 0.318752 0.323368 0.612518 0.188835 -9999.0 0.929225 0.157312 0.088399 0.636930 0.447110 2.715274 0.545097 0.311419 0.239387 0.215835 -9999.0 -9999.0 -9999.0 -9999.0 -9999.0 -9999.0 -9999.0
-9999.0 -9999.0 -9999.0 -9999.0 -9999.0 -9999.0 -9999.0 -9999.0 -9999.0 -9999.0 -9999.0 -9999.0 4.193167 -0.004728 5.583164 5.889004 0.762609 3.098866 10.666168 8.263825 2.340454 0.597071 -0.244841 -1.730810 -0.807028 -1.459128 2.208594 1.328652 0.369836 0.750880 0.553816 -2.261194 0.993959 0.092014 0.210003 0.530326 -2.164721 -1.017795 4.928042 2.154944 2.689261 3.189405 -1.679329 1.955670 0.879569 0.191456 0.558442 0.198466 -3.210773 -1.826306 -0.008626 -2.154081 -2.201265 -2.782112 -3.348629 0.261163 0.257763 -9999.0 -9999.0 -9999.0 -9999.0 -9999.0 -9999.0
-9999.0 -9999.0 -9999.0 -9999.0 -9999.0 -9999.0 -9999.0 -9999.0 -9999.0 -9999.0 -9999.0 -0.125184 2.738782 4.416023 -0.004592 0.381216 1.901483 2.359504 10.081432 4.324755 2.664837 0.661363 -0.005512 -0.189864 -1.066965 -1.026223 -0.548142 0.399842 0.370077 2.309921 -1.506352 -1.453891 1.038707 0.101079 0.247664 0.216251 0.713834 -0.193890 0.035113 4.043727 -0.019198 -0.004977 -0.084272 -0.169543 2.845018 0.423936 0.207497 2.419438 3.159072 -0.006696 -1.521813 0.398703 -3.333723 -3.060293 -3.617651 -4.794975 0.596383 -9999.0 -9999.0 -9999.0 -9999.0 -9999.0 -9999.0
-9999.0 -9999.0 -9999.0 -9999.0 -9999.0 -9999.0 -9999.0 -9999.0 -9999.0 -9999.0 2.382074 -0.136804 2.766162 2.982687 4.105898 0.111366 0.047202 0.041786 3.506685 3.960539 6.118422 4.824163 -0.363941 3.326107 -0.009265 -0.751684 -1.488661 -2.471697 1.462469 2.315177 -0.935176 -1.012259 1.821752 0.285760 1.018559 0.902316 1.546465 -1.963423 -0.183252 0.583616 0.906446 2.208558 7.578448 0.873941 -0.006312 2.453233 1.204141 -0.365769 -0.882542 -0.005929 -3.235444 0.441561 -4.002674 -5.202780 -4.634194 0.349080 0.075032 -9999.0 -9999.0 -9999.0 -9999.0 -9999.0 -9999.0
-9999.0 -9999.0 -9999.0 -9999.0 -9999.0 -9999.0 -9999.0 -9999.0 -9999.0 0.803416 2.491568 -0.007928 -0.012275 -0.018766 -0.013020 -0.019671 -0.006890 5.344906 3.434972 4.043426 6.476479 0.831720 0.181612 1.143281 0.080205 -0.982828 -0.934207 2.358897 -0.008092 -0.006302 0.202423 -1.176011 1.172796 -3.880181 1.044874 0.903251 1.093989 -1.183556 -1.247083 -0.386583 -0.889052 -0.672009 -0.461811 1.606455 0.873743 -0.006390 3.729744 -0.034422 -0.033528 0.226528 -1.510564 0.560915 -5.902289 0.022368 0.196249 -2.627614 -2.777789 0.683486 0.346895 -9999.0 -9999.0 -9999.0 -9999.0
-9999.0 -9999.0 -9999.0 -9999.0 -9999.0 -9999.0 -9999.0 -9999.0 -9999.0 0.758023 0.813909 2.420544 3.654455 -0.004451 -0.007238 -0.022248 3.553547 1.220714 4.008371 7.930907 7.346037 7.393590 4.999741 3.311901 -0.598221 -0.390530 -0.023849 -0.005389 1.136205 3.393923 2.224446 -1.555214 0.329440 0.231436 0.215316 0.920518 1.676525 3.030829 0.742357 1.102110 -1.950593 -1.111708 -0.010514 1.369586 2.368993 2.731304 2.391423 1.025483 -0.004338 0.451472 -2.433420 -3.600369 -0.223368 -0.858683 -0.803537 -3.624875 -1.850926 -2.361390 1.604714 -9999.0 -9999.0 -9999.0 -9999.0
-9999.0 -9999.0 -9999.0 -9999.0 -9999.0 -9999.0 -9999.0 -9999.0 -9999.0 -9999.0 0.530716 1.935342 -0.013682 -0.431204 0.011033 -0.006662 -0.005024 2.288666 4.802999 5.408775 7.218872 2.625189 -0.015264 -0.574957 -0.177679 -0.006019 0.459391 1.674384 2.246738 -1.131090 -1.468448 -1.830942 -1.913725 0.125199 0.335949 1.044092 2.401942 2.289314 1.703903 0.506139 0.412807 2.443519 3.089155 -0.006374 -0.008937 -0.006095 1.304861 5.265921 3.190226 0.466988 -1.397153 -2.643782 0.143631 -0.372302 -1.926043 0.131953 0.220482 -0.758387 -0.435163 -0.006006 -9999.0 -9999.0 -9999.0
-9999.0 -9999.0 -9999.0 -9999.0 -9999.0 -9999.0 -9999.0 -9999.0 -9999.0 -9999.0 0.090730 0.908999 2.342958 -0.004518 4.246835 0.015428 -0.008207 2.521506 5.195691 6.418614 3.378626 1.416251 -0.017878 -0.006115 -0.006248 1.238151 2.366115 -0.006700 -0.814803 -1.650269 0.576655 0.518200 -2.963066 0.171618 0.476420 1.325616 -0.639059 -0.039289 -1.345905 0.385594 0.543579 1.833512 -0.233984 2.010059 2.731224 -0.472227 -0.005554 -0.008645 2.592294 2.809906 0.183301 -1.338255 -2.391278 0.280818 -0.894809 -0.348726 0.126298 -0.143787 0.983139 2.553874 -9999.0 -9999.0 -9999.0
-9999.0 -9999.0 -9999.0 -9999.0 -9999.0 -9999.0 -9999.0 -9999.0 0.632994 0.513667 0.294021 0.562395 -1.759197 -0.100182 -0.044670 1.545045 2.840676 8.218388 6.397314 6.914388 5.120253 4.033803 3.047673 1.338542 0.630122 1.862744 4.555297 -0.360129 -1.449001 -1.548939 -3.614937 0.438325 0.307055 0.287554 0.209672 0.981030 3.702927 -0.140191 -2.044337 0.995701 2.482631 2.022513 -1.469274 1.324308 3.336325 2.406978 -1.878010 -0.071029 -0.006752 2.867896 0.653604 -1.992434 -2.960291 -4.060775 -0.151462 0.234587 0.782651 2.620679 1.190909 4.008382 -9999.0 -9999.0 -9999.0
-9999.0 -9999.0 -9999.0 -9999.0 -9999.0 -9999.0 -9999.0 -9999.0 -2.099800 -2.126610 -1.075041 0.342303 0.997137 -1.213773 -0.469576 0.007875 1.849444 2.446708 5.494200 7.412513 11.743946 10.498016 10.186172 9.680124 3.328725 3.221855 0.817842 -0.011851 -1.922700 0.384259 0.250502 1.539147 0.624677 1.792090 1.012287 2.236314 4.568958 0.088843 -0.052404 1.573842 0.440841 -2.683527 1.914000 1.650043 1.931615 -1.636199 -1.952258 1.314151 -0.051014 1.445302 2.430783 -0.007575 -3.235165 0.162530 0.446789 -1.117881 -0.600538 -0.005225 3.104061 5.679417 7.220174 -9999.0 -9999.0
-9999.0 -9999.0 -9999.0 -9999.0 -9999.0 -9999.0 -9999.0 -9999.0 0.467835 1.005297 0.106263 -1.886776 0.393659 -1.302350 -0.041505 -0.348082 0.139590 3.470737 5.416418 11.413225 7.878744 10.788754 10.855342 6.478606 8.075219 3.171403 0.328724 -0.765497 -3.722806 0.382572 2.078411 2.046021 -1.348178 -1.204495 2.697288 3.954091 0.028675 1.524259 -0.031927 -1.016173 1.362519 2.521889 1.565286 0.853583 -1.361396 1.494393 0.973005 0.696537 -0.996105 -0.012261 2.499105 0.518377 -1.782468 -2.671509 -0.675776 -0.047619 1.656789 2.994135 5.341687 5.969116 6.362784 -9999.0 -9999.0
-9999.0 -9999.0 -9999.0 -9999.0 -9999.0 -9999.0 -9999.0 -9999.0 0.468729 1.430556 -1.302703 -3.048334 1.252440 -1.361529 -0.311307 0.118765 3.956795 5.209672 7.798514 5.674721 7.265733 7.621214 10.250836 9.645167 3.577711 0.978729 -0.038643 -1.498699 2.283721 -1.484694 -0.043715 -0.011547 -0.003694 -0.011105 -0.006489 3.697469 5.700997 4.009630 0.630634 -0.005279 2.369967 2.518614 2.492985 3.412389 1.143600 2.457761 1.716804 2.991566 0.959152 -0.091257 -0.008945 2.134870 0.602050 -0.650871 1.170182 2.184483 3.811978 4.569491 5.618662 6.117984 5.185702 2.544124 -9999.0
-9999.0 -9999.0 -9999.0 -9999.0 -9999.0 -9999.0 -9999.0 -9999.0 0.091573 0.353435 -1.361325 -1.119248 -0.708854 -0.233407 3.500644 2.806558 5.780454 2.403676 0.708725 2.829756 4.714241 6.975861 7.245869 6.978774 7.224184 0.111128 -0.618903 -0.006345 0.021846 -0.007173 -0.230776 0.434153 2.602452 1.795038 0.521840 1.812788 3.391704 5.998083 5.448950 2.643592 1.061266 0.416187 0.673006 -0.002646 -0.048524 2.961156 -0.008164 -0.332720 -0.008591 0.246026 2.000042 1.594903 1.886864 2.359808 2.904941 3.286149 3.999120 4.826726 5.471734 5.243826 4.127294 1.964524 -9999.0
-9999.0 -9999.0 0.846286 1.449190 -2.520017 -1.587935 -2.129465 -3.196321 0.042067 0.436986 -1.965576 -0.557481 -0.169806 0.096748 4.742815 2.148695 -0.012678 -0.771601 -0.016569 -0.000812 2.700554 5.387114 5.789252 6.148244 5.051894 1.997908 0.038963 0.014651 2.195473 4.600618 -0.013676 0.578041 6.621477 3.331659 4.389672 4.577441 7.659427 8.325518 7.222837 4.561854 5.171269 4.499401 3.964184 2.987467 -0.006765 0.289205 2.092459 1.390979 2.891007 3.849556 4.938774 4.346556 3.708214 3.235999 3.130480 7.665268 3.782424 4.196764 3.869455 3.429979 5.551757 1.209067 -9999.0
-9999.0 -0.122512 -1.856539 -1.434562 -1.377040 -1.777226 -0.865073 -1.283839 -2.247494 0.242075 -1.303219 -0.426662 0.003797 3.897281 3.918271 -0.497585 -1.063760 -1.312984 -0.375689 -0.010537 2.322652 4.213461 7.294112 4.780277 8.928356 4.844747 6.910333 6.964782 5.323176 3.591159 3.794371 3.960079 5.417604 9.318181 8.376297 9.408648 11.273436 11.238670 11.245720 9.284902 8.936161 8.776544 7.827347 4.776590 3.481375 3.874104 4.813958 5.900787 7.161119 6.003247 5.150636 4.324918 3.566475 2.799568 2.730577 2.214107 0.801764 1.150733 1.997198 4.220569 0.487539 1.001210 -9999.0
-9999.0 3.506700 -0.012890 -0.083836 1.835592 -0.007090 -2.043646 -1.788010 0.279927 0.218139 -1.009883 -0.801928 0.209622 3.992085 -0.079303 -2.645116 -1.126659 -0.790269 -0.299637 -0.007084 4.521913 1.867722 2.945880 3.367987 8.499879 9.879864 5.467785 6.818079 6.434322 6.410248 6.572868 6.344185 7.280545 8.286168 12.412881 11.422719 17.602689 18.687893 14.248192 13.199305 12.436487 11.357108 10.513262 8.066960 7.962282 7.828663 8.233703 7.815879 7.123537 6.184104 4.326941 1.923658 0.916143 1.453682 0.701377 -0.024268 -0.014399 -0.082833 -0.065514 -0.340107 -0.019584 -9999.0 -9999.0
