erum2020/resources/simulation/Vinschgau/output-maps/TL0003N1201.asc
ncols         63
nrows         48
xllcorner     598000.000000
yllcorner     5145000.000000
cellsize      1000.000000
NODATA_value  -9999.0
[rows 0 to 27 of 48, columns 0 to 62 of 63]
-9999.0 -9999.0 -9999.0 -9999.0 -9999.0 -9999.0 -9999.0 -9999.0 -9999.0 -9999.0 -9999.0 -9999.0 -9999.0 -9999.0 -9999.0 -9999.0 -9999.0 -9999.0 -9999.0 -9999.0 -9999.0 -9999.0 -9999.0 -9999.0 -9999.0 -9999.0 -9999.0 -9999.0 -9999.0 -9999.0 -9999.0 -9999.0 -9999.0 -9999.0 -9999.0 -9999.0 -9999.0 -9999.0 -9999.0 -9999.0 -9999.0 -9999.0 -9999.0 -9999.0 -9999.0 -9999.0 -9999.0 -9999.0 -9999.0 -9999.0 -9999.0 -9999.0 -9999.0 -9999.0 -9999.0 -9999.0 -9999.0 -9999.0 -9999.0 -9999.0 -9999.0 -9999.0 -9999.0
-9999.0 -9999.0 -9999.0 -9999.0 -9999.0 -9999.0 -9999.0 -9999.0 -9999.0 -9999.0 -9999.0 -9999.0 -9999.0 -9999.0 -9999.0 -9999.0 -9999.0 -9999.0 -9999.0 -9999.0 -9999.0 -9999.0 -9999.0 -9999.0 -9999.0 -9999.0 -9999.0 3.667859 2.489787 4.368258 1.624860 1.039178 -0.012922 -9999.0 -9999.0 -9999.0 -9999.0 -9999.0 -9999.0 -9999.0 -9999.0 -9999.0 -9999.0 -9999.0 -9999.0 -9999.0 -9999.0 -9999.0 -9999.0 -9999.0 -9999.0 -9999.0 -9999.0 -9999.0 -9999.0 -9999.0 -9999.0 -9999.0 -9999.0 -9999.0 -9999.0 -9999.0 -9999.0
-9999.0 -9999.0 -9999.0 -9999.0 -9999.0 -9999.0 -9999.0 -9999.0 -9999.0 -9999.0 -9999.0 -9999.0 -9999.0 -9999.0 -9999.0 -9999.0 -9999.0 -9999.0 -9999.0 -9999.0 -9999.0 -9999.0 -9999.0 -9999.0 3.095466 3.251917 3.517252 3.069980 3.449906 3.215145 1.359488 -9999.0 -9999.0 -9999.0 -9999.0 -9999.0 -9999.0 -9999.0 -9999.0 -9999.0 -9999.0 -9999.0 -9999.0 -9999.0 -9999.0 -9999.0 -9999.0 -9999.0 -9999.0 -9999.0 -9999.0 -9999.0 -9999.0 -9999.0 -9999.0 -9999.0 -9999.0 -9999.0 -9999.0 -9999.0 -9999.0 -9999.0 -9999.0
-9999.0 -9999.0 -9999.0 -9999.0 -9999.0 -9999.0 -9999.0 -9999.0 -9999.0 -9999.0 -9999.0 -9999.0 -9999.0 -9999.0 -9999.0 -9999.0 -9999.0 -9999.0 -9999.0 -9999.0 -9999.0 -9999.0 -9999.0 3.346827 4.282182 4.434009 4.685010 4.813760 5.010569 3.678025 1.383357 0.692923 -9999.0 -9999.0 -9999.0 -9999.0 -9999.0 -9999.0 -9999.0 -9999.0 -9999.0 -9999.0 -9999.0 -9999.0 -9999.0 -9999.0 -9999.0 -9999.0 -9999.0 -9999.0 -9999.0 -9999.0 -9999.0 -9999.0 -9999.0 -9999.0 -9999.0 -9999.0 -9999.0 -9999.0 -9999.0 -9999.0 -9999.0
-9999.0 -9999.0 -9999.0 -9999.0 -9999.0 -9999.0 -9999.0 -9999.0 -9999.0 -9999.0 -9999.0 -9999.0 -9999.0 -9999.0 -9999.0 -9999.0 -9999.0 -9999.0 8.444565 4.395271 -9999.0 3.958532 4.323927 4.230783 4.242770 5.108295 5.741974 5.946352 3.158477 1.581957 3.392225 1.548803 2.194174 3.169168 -9999.0 -9999.0 -9999.0 -9999.0 -9999.0 -9999.0 -9999.0 -9999.0 -9999.0 -9999.0 -9999.0 -9999.0 -9999.0 -9999.0 -9999.0 -9999.0 -9999.0 -9999.0 -9999.0 -9999.0 -9999.0 -9999.0 -9999.0 -9999.0 -9999.0 -9999.0 -9999.0 -9999.0 -9999.0
-9999.0 -9999.0 -9999.0 -9999.0 -9999.0 -9999.0 -9999.0 -9999.0 -9999.0 -9999.0 -9999.0 -9999.0 -9999.0 -9999.0 -9999.0 -9999.0 -9999.0 5.664807 4.319759 5.417331 7.312786 1.038885 2.038435 4.068094 6.512714 0.322855 -0.032559 1.244309 -0.027753 2.892468 4.674538 3.512843 4.685050 3.430607 2.233886 2.562274 -9999.0 -9999.0 -9999.0 -9999.0 -9999.0 -9999.0 -9999.0 -9999.0 -9999.0 -9999.0 -9999.0 -9999.0 -9999.0 -9999.0 -9999.0 -9999.0 -9999.0 -9999.0 -9999.0 -9999.0 -9999.0 -9999.0 -9999.0 -9999.0 -9999.0 -9999.0 -9999.0
-9999.0 -9999.0 -9999.0 -9999.0 -9999.0 -9999.0 -9999.0 -9999.0 -9999.0 -9999.0 -9999.0 -9999.0 -9999.0 6.871363 3.796668 4.029681 5.382211 14.204617 5.434922 4.953253 4.605872 4.057700 5.043782 6.707905 -0.006900 4.289372 -0.002690 -0.024765 -0.016749 0.334343 -0.065653 3.629614 2.676757 1.705342 2.734000 2.662511 -9999.0 -9999.0 -9999.0 -9999.0 -9999.0 -9999.0 -9999.0 -9999.0 -9999.0 -9999.0 -9999.0 -9999.0 -9999.0 -9999.0 -9999.0 -9999.0 -9999.0 -9999.0 -9999.0 -9999.0 -9999.0 -9999.0 -9999.0 -9999.0 -9999.0 -9999.0 -9999.0
-9999.0 -9999.0 -9999.0 -9999.0 -9999.0 -9999.0 -9999.0 -9999.0 -9999.0 -9999.0 -9999.0 -9999.0 -9999.0 7.858983 5.820412 4.740981 4.545772 13.150911 14.363384 6.891016 4.687668 9.077496 3.246708 1.746744 2.847517 1.413355 2.709527 4.241265 2.849434 -0.032304 -0.736111 1.928598 2.325454 1.306612 2.075479 -9999.0 -9999.0 -9999.0 -9999.0 -9999.0 -9999.0 -9999.0 -9999.0 -9999.0 -9999.0 -9999.0 -9999.0 -9999.0 -9999.0 -9999.0 -9999.0 -9999.0 -9999.0 -9999.0 -9999.0 -9999.0 -9999.0 -9999.0 -9999.0 -9999.0 -9999.0 -9999.0 -9999.0
-9999.0 -9999.0 -9999.0 -9999.0 -9999.0 -9999.0 -9999.0 -9999.0 -9999.0 -9999.0 -9999.0 -9999.0 -9999.0 6.002322 6.396614 7.250169 4.435699 5.104232 14.748281 5.443917 10.847275 4.269212 0.410519 -0.018747 3.034595 2.197366 5.559807 2.654958 0.724762 1.850283 1.263976 -2.516727 0.891757 -4.517672 2.532278 -9999.0 -9999.0 -9999.0 -9999.0 -9999.0 -9999.0 -9999.0 -9999.0 -9999.0 -9999.0 -9999.0 -9999.0 -9999.0 -9999.0 -9999.0 -9999.0 -9999.0 -9999.0 -9999.0 -9999.0 -9999.0 -9999.0 -9999.0 -9999.0 -9999.0 -9999.0 -9999.0 -9999.0
-9999.0 -9999.0 -9999.0 -9999.0 -9999.0 -9999.0 -9999.0 -9999.0 -9999.0 -9999.0 -9999.0 -9999.0 4.846917 5.948016 6.965715 5.294466 3.039550 4.705406 14.082047 7.371971 5.054640 0.651033 1.059115 -0.009086 -0.075848 2.502651 -1.188673 1.270924 2.239239 2.294974 -0.207950 2.269119 0.528265 3.305647 -9999.0 -9999.0 -9999.0 -9999.0 -9999.0 -9999.0 -9999.0 -9999.0 -9999.0 -9999.0 -9999.0 -9999.0 -9999.0 -9999.0 -9999.0 -9999.0 -9999.0 -9999.0 -9999.0 -9999.0 -9999.0 -9999.0 -9999.0 -9999.0 -9999.0 -9999.0 -9999.0 -9999.0 -9999.0
-9999.0 -9999.0 -9999.0 -9999.0 -9999.0 -9999.0 -9999.0 -9999.0 -9999.0 -9999.0 -9999.0 7.004137 6.317101 3.395698 6.566086 9.771274 6.653221 5.051311 13.607144 8.843993 3.395505 3.763679 4.479909 3.226378 0.855831 2.952605 0.962890 2.323857 0.523967 2.428004 2.439603 2.612649 2.767580 2.676876 2.289986 3.040157 1.159926 2.667671 2.738913 -9999.0 -9999.0 -9999.0 2.553643 -9999.0 -9999.0 -9999.0 -9999.0 -9999.0 -9999.0 -9999.0 -9999.0 -9999.0 -9999.0 -9999.0 -9999.0 -9999.0 -9999.0 -9999.0 -9999.0 -9999.0 -9999.0 -9999.0 -9999.0
-9999.0 -9999.0 -9999.0 -9999.0 -9999.0 -9999.0 -9999.0 -9999.0 -9999.0 -9999.0 -9999.0 6.618606 5.896980 7.555394 7.271931 9.114621 8.585544 5.511543 13.877306 10.522810 10.563443 6.778430 4.101112 -1.333171 -0.353813 2.473462 2.049334 2.909434 4.199695 2.753236 2.095637 3.158357 0.638625 0.481900 0.510862 2.155130 3.561004 4.230559 2.983087 2.522420 2.660639 2.747227 1.511614 2.396473 -9999.0 -9999.0 -9999.0 0.092098 0.043719 1.405269 0.053713 0.869223 1.018599 -0.010057 -0.013394 0.936224 -9999.0 -9999.0 -9999.0 -9999.0 -9999.0 -9999.0 -9999.0
-9999.0 -9999.0 -9999.0 -9999.0 -9999.0 -9999.0 -9999.0 -9999.0 -9999.0 -9999.0 -9999.0 6.086147 6.783797 1.995575 9.444199 10.099216 3.565419 4.316453 12.097664 10.457003 2.675981 0.413465 -0.053277 3.077181 2.464435 3.805813 -0.087971 -1.666443 3.169483 0.596972 2.774027 -2.127310 2.890252 0.467452 2.338436 3.297733 -0.281580 -0.071910 5.151829 3.054239 2.859779 1.281388 2.847383 2.284699 0.146996 -9999.0 2.770411 0.107837 1.458659 2.593148 3.028553 4.406518 2.111350 1.254955 1.098775 0.411718 -9999.0 -9999.0 -9999.0 -9999.0 -9999.0 -9999.0 -9999.0
-9999.0 -9999.0 -9999.0 -9999.0 -9999.0 -9999.0 -9999.0 -9999.0 -9999.0 -9999.0 -9999.0 -9999.0 6.537789 0.215229 8.206958 8.405864 1.186484 3.334089 13.030561 10.208414 2.591117 1.481035 -0.033889 -0.343714 -1.291134 -0.103307 3.325756 3.182842 1.507576 2.428330 1.970916 -0.146276 3.323781 0.924819 0.640153 2.638013 -0.078587 -0.642624 6.418244 4.004427 4.580031 5.268184 -0.077748 3.486043 2.631447 0.123964 1.808608 0.358317 -1.157081 -0.301814 -0.026476 -1.820429 -1.884448 -1.334989 -1.614830 1.007686 0.522614 -9999.0 -9999.0 -9999.0 -9999.0 -9999.0 -9999.0
-9999.0 -9999.0 -9999.0 -9999.0 -9999.0 -9999.0 -9999.0 -9999.0 -9999.0 -9999.0 -9999.0 -0.068542 4.518485 7.371240 -0.010983 1.272464 2.581254 2.628111 12.403677 4.538579 2.868874 0.885484 0.110158 -0.070749 -0.078393 -0.679096 -0.087931 1.321076 1.169182 4.108791 -0.100913 -1.132716 3.941685 1.315090 0.483041 1.794849 2.729337 -0.038302 0.973297 6.082036 -0.034501 -0.005375 -0.037844 0.054294 4.190783 1.361783 2.504049 4.076539 4.887403 -0.015606 -1.033523 1.408305 -3.613553 -3.537995 -3.961480 -3.045145 2.008575 -9999.0 -9999.0 -9999.0 -9999.0 -9999.0 -9999.0
-9999.0 -9999.0 -9999.0 -9999.0 -9999.0 -9999.0 -9999.0 -9999.0 -9999.0 -9999.0 3.284445 -0.040075 4.370314 4.656394 6.412570 0.433714 0.396419 0.040650 3.700063 4.172184 7.887704 5.946105 -0.242984 4.766200 -0.017791 -0.358265 -0.351467 -1.917540 3.318193 3.773526 -0.577056 -0.662652 3.612371 1.236725 2.967569 2.930437 3.459826 -0.116455 -0.221826 1.327898 1.449657 2.642458 8.934384 1.097729 -0.017491 4.284995 2.671796 -0.169478 -0.322522 -0.010166 -3.627736 1.302354 -4.364932 -3.015179 0.199948 1.174263 1.293572 -9999.0 -9999.0 -9999.0 -9999.0 -9999.0 -9999.0
-9999.0 -9999.0 -9999.0 -9999.0 -9999.0 -9999.0 -9999.0 -9999.0 -9999.0 2.624019 3.752878 -0.020192 -0.013393 -0.039935 -0.098769 -0.043030 -0.020724 7.056058 3.628558 4.225712 8.376988 1.050670 0.419217 1.760262 0.625355 -0.848323 -0.815652 3.724976 -0.032396 -0.014720 0.934992 -1.041798 3.175970 2.410780 2.811847 2.831056 3.451075 -0.164428 -0.071626 -0.046438 -0.368926 -0.339638 -0.213505 1.722166 1.166558 -0.017769 5.641395 -0.045842 -0.044531 1.018220 -1.265116 1.885801 -3.294693 0.614059 0.611003 -3.256673 -2.915991 2.305899 0.694158 -9999.0 -9999.0 -9999.0 -9999.0
-9999.0 -9999.0 -9999.0 -9999.0 -9999.0 -9999.0 -9999.0 -9999.0 -9999.0 2.779564 2.505440 3.891440 5.028853 0.020989 -0.023440 -0.040984 5.531669 1.789523 4.205038 9.600307 9.120884 9.043775 6.256429 4.552947 -0.467807 -0.147312 -0.051387 -0.010020 1.576128 4.567145 3.702067 -1.423215 2.493052 0.557113 1.519430 2.948965 3.558182 5.133307 2.556368 3.997184 -0.113122 -0.244362 -0.031679 1.851464 2.800301 3.231653 2.905609 1.581885 0.056373 1.248423 -2.305626 -3.095237 0.317455 -0.071056 0.821319 -4.301460 -2.733865 -1.322987 3.284978 -9999.0 -9999.0 -9999.0 -9999.0
-9999.0 -9999.0 -9999.0 -9999.0 -9999.0 -9999.0 -9999.0 -9999.0 -9999.0 -9999.0 1.948979 3.788988 -0.013902 -0.349493 0.305148 -0.020292 -0.004757 2.879038 4.991202 6.149813 9.179523 2.884671 -0.018288 -0.167998 -0.066730 -0.016951 1.144295 2.126280 3.708654 -0.996725 -1.330681 -1.504418 -1.381788 0.849841 2.864183 3.900931 3.888145 4.115956 3.606003 2.260830 1.497762 3.827750 4.076969 -0.016684 -0.011207 -0.006788 1.806944 6.483026 4.325528 1.262740 -1.272241 -2.862866 0.527504 0.246106 -0.075789 0.084483 2.085309 -0.401512 -0.153076 -0.013755 -9999.0 -9999.0 -9999.0
-9999.0 -9999.0 -9999.0 -9999.0 -9999.0 -9999.0 -9999.0 -9999.0 -9999.0 -9999.0 1.427000 2.759254 3.769739 -0.005887 5.372833 0.070970 -0.007971 2.721847 5.397156 6.995468 3.554755 1.692625 -0.022735 -0.022775 -0.016795 1.642381 2.813683 -0.007814 -0.683893 -1.124879 2.154288 3.267324 -1.498754 0.631550 2.238282 4.129181 -0.289372 -0.066932 -1.410589 1.247210 2.417946 5.938346 -0.055397 3.633983 3.997157 -0.499454 -0.008307 -0.009990 3.156983 3.321964 0.440257 -1.047585 -1.888434 0.597663 0.090333 0.240425 -0.001883 -0.050315 1.058950 2.886058 -9999.0 -9999.0 -9999.0
-9999.0 -9999.0 -9999.0 -9999.0 -9999.0 -9999.0 -9999.0 -9999.0 2.928438 1.792111 0.965705 2.956741 -1.427402 -0.042197 -0.033324 1.713749 3.055306 9.773622 7.151840 7.422665 5.279587 4.231950 3.370845 1.681558 1.510148 2.009363 5.603950 -0.292381 -0.764979 -1.034923 1.145719 2.200459 2.266577 0.721531 2.513645 2.551104 5.727199 -0.041982 -1.910222 3.130426 4.387956 3.684087 -0.990667 3.388461 5.748854 3.557097 -1.741672 -0.034657 -0.007548 3.323497 1.431620 -1.964758 -3.175246 -3.552429 0.286311 0.503650 2.462996 4.014748 1.676216 4.486551 -9999.0 -9999.0 -9999.0
-9999.0 -9999.0 -9999.0 -9999.0 -9999.0 -9999.0 -9999.0 -9999.0 -1.764788 -0.427763 -1.111316 1.147954 2.492836 -0.890498 -0.355283 -0.005790 2.050520 2.632772 5.637401 7.948602 13.678253 12.299065 12.247758 11.450865 3.532485 3.461737 0.945959 -0.039906 -2.814923 1.240849 0.491828 3.159808 2.692970 3.505961 3.073150 3.598474 6.822501 0.979092 -0.029361 3.468997 2.241721 0.038912 3.805106 3.538394 2.935198 -0.211738 -1.403429 3.108896 -0.026871 1.550899 2.819308 -0.023237 -4.048128 0.076871 1.979837 -1.276508 -0.052346 -0.006573 3.593641 6.455466 7.749952 -9999.0 -9999.0
-9999.0 -9999.0 -9999.0 -9999.0 -9999.0 -9999.0 -9999.0 -9999.0 2.166362 2.295833 0.682873 -1.375710 2.516975 -0.886201 -0.046157 -0.265281 0.382131 4.283771 5.569487 13.224673 8.408154 12.371525 12.656205 7.100653 9.739988 3.361796 0.471801 -0.635635 -1.785609 2.238882 3.793698 3.546991 -0.457256 -0.183547 4.136659 6.295092 0.340126 1.776157 -0.029246 -0.201725 3.415473 4.440985 3.167426 2.274195 -1.283104 3.106409 2.994306 1.917937 -1.111871 -0.014095 2.659422 1.246052 -2.822158 -3.880724 -0.031837 -0.015595 1.987065 3.429818 6.375912 6.694148 7.270292 -9999.0 -9999.0
-9999.0 -9999.0 -9999.0 -9999.0 -9999.0 -9999.0 -9999.0 -9999.0 1.655321 3.205322 -0.047622 -3.225128 2.708641 -0.152501 -0.543820 0.326045 4.100816 5.362940 9.550166 5.821725 7.821366 8.204327 11.738164 11.021799 3.758209 1.141913 -0.031985 -1.365701 3.738071 -0.191342 -0.053055 -0.049435 0.084903 -0.016466 -0.018890 5.625417 7.768309 4.208456 0.820157 -0.011645 3.940296 4.042925 3.973254 5.698136 2.630858 4.426491 3.433888 4.888402 2.324301 -0.053197 -0.009707 2.355363 1.333352 -0.024372 1.563692 2.524793 4.252370 4.921383 5.832475 6.995345 5.973095 2.821846 -9999.0
-9999.0 -9999.0 -9999.0 -9999.0 -9999.0 -9999.0 -9999.0 -9999.0 -0.012292 2.279937 -1.055882 -0.995431 -0.431864 -0.139567 4.557775 3.280443 6.907133 2.543415 0.949653 3.011106 4.886496 7.554030 7.816541 7.525623 9.127087 0.189229 -0.494893 -0.017321 0.344213 0.192016 -0.077785 1.143773 3.113272 2.171064 1.354877 2.398172 4.615412 6.215338 5.594512 3.125893 1.646894 1.361754 1.476650 0.238627 -0.048545 4.538695 -0.024720 -0.049503 -0.027822 1.025864 2.475714 1.840029 2.062462 2.742176 3.342919 3.746089 4.435006 5.325938 6.180196 6.335944 4.323403 2.230328 -9999.0
-9999.0 -9999.0 2.965688 3.030589 -2.204831 -0.256556 -1.803907 -1.286131 0.932640 1.769726 -1.064876 -0.563240 -0.140159 0.628956 5.822650 2.490509 -0.015409 -0.642546 -0.036381 0.042895 2.881333 5.588366 6.808086 6.288075 5.618155 2.174312 0.041297 0.159066 2.658485 5.757368 -0.016580 0.874144 7.906848 3.556802 5.647564 4.786033 8.337278 8.489163 7.400631 4.721984 6.061568 6.024914 4.410802 3.526204 -0.006284 1.240473 2.535024 1.557549 3.426153 4.586018 5.793340 5.049146 4.140595 3.642344 3.538734 9.084360 4.212075 4.661629 4.392331 3.667311 6.785064 1.417813 -9999.0
-9999.0 -0.054178 -0.162691 -0.108891 -0.166020 -0.136124 -0.677839 -0.898846 -1.731524 0.825053 -1.326226 -0.321330 0.035358 5.153017 4.826150 -0.410053 -0.161642 -1.268798 -0.111987 -0.012222 2.655175 4.403300 8.839636 5.015870 10.356177 5.428848 8.466063 8.607341 6.138726 4.342389 4.716907 4.871080 6.565368 11.239521 8.951170 10.154293 11.791452 11.386408 11.975683 10.308698 9.495236 9.358056 8.669661 4.986696 3.671277 4.069273 5.717587 6.081764 7.730107 6.209206 5.929784 4.800157 4.000724 3.212664 3.138787 2.599875 0.921723 1.277845 2.418255 5.315307 0.654649 1.208705 -9999.0
-9999.0 4.943603 -0.010715 -0.036144 2.776528 -0.034035 -1.914385 -1.293762 0.659223 0.564045 -1.012825 -0.679293 0.371202 5.032278 -0.061385 -3.173704 -0.817078 -1.158125 -0.156429 -0.009981 5.631483 2.089902 3.188967 3.881495 10.349818 11.656235 5.607056 7.330045 7.163518 6.567645 6.715140 6.493240 8.294911 9.194008 14.179693 12.158689 19.438388 20.447518 14.916712 13.828618 13.101609 12.063072 11.038302 8.234291 8.097041 7.968181 8.903872 8.548763 7.895797 7.016526 4.983394 2.128045 1.051164 1.577744 0.794866 -0.026888 -0.381530 -0.058091 -0.039482 -0.094876 -0.023449 -9999.0 -9999.0
