erum2020/resources/simulation/Vinschgau/output-maps/TL0006N0153.asc
ncols         63
nrows         48
xllcorner     598000.000000
yllcorner     5145000.000000
cellsize      1000.000000
NODATA_value  -9999.0
[rows 0 to 27 of 48, columns 0 to 61 of 63]
-9999.0 -9999.0 -9999.0 -9999.0 -9999.0 -9999.0 -9999.0 -9999.0 -9999.0 -9999.0 -9999.0 -9999.0 -9999.0 -9999.0 -9999.0 -9999.0 -9999.0 -9999.0 -9999.0 -9999.0 -9999.0 -9999.0 -9999.0 -9999.0 -9999.0 -9999.0 -9999.0 -9999.0 -9999.0 -9999.0 -9999.0 -9999.0 -9999.0 -9999.0 -9999.0 -9999.0 -9999.0 -9999.0 -9999.0 -9999.0 -9999.0 -9999.0 -9999.0 -9999.0 -9999.0 -9999.0 -9999.0 -9999.0 -9999.0 -9999.0 -9999.0 -9999.0 -9999.0 -9999.0 -9999.0 -9999.0 -9999.0 -9999.0 -9999.0 -9999.0 -9999.0 -9999.0
-9999.0 -9999.0 -9999.0 -9999.0 -9999.0 -9999.0 -9999.0 -9999.0 -9999.0 -9999.0 -9999.0 -9999.0 -9999.0 -9999.0 -9999.0 -9999.0 -9999.0 -9999.0 -9999.0 -9999.0 -9999.0 -9999.0 -9999.0 -9999.0 -9999.0 -9999.0 -9999.0 -1.973451 -2.212897 -3.308592 -3.398601 -4.350642 -4.580287 -9999.0 -9999.0 -9999.0 -9999.0 -9999.0 -9999.0 -9999.0 -9999.0 -9999.0 -9999.0 -9999.0 -9999.0 -9999.0 -9999.0 -9999.0 -9999.0 -9999.0 -9999.0 -9999.0 -9999.0 -9999.0 -9999.0 -9999.0 -9999.0 -9999.0 -9999.0 -9999.0 -9999.0 -9999.0
-9999.0 -9999.0 -9999.0 -9999.0 -9999.0 -9999.0 -9999.0 -9999.0 -9999.0 -9999.0 -9999.0 -9999.0 -9999.0 -9999.0 -9999.0 -9999.0 -9999.0 -9999.0 -9999.0 -9999.0 -9999.0 -9999.0 -9999.0 -9999.0 -1.006191 -1.181605 -2.231442 -2.503079 -1.973651 -2.891870 -2.629319 -9999.0 -9999.0 -9999.0 -9999.0 -9999.0 -9999.0 -9999.0 -9999.0 -9999.0 -9999.0 -9999.0 -9999.0 -9999.0 -9999.0 -9999.0 -9999.0 -9999.0 -9999.0 -9999.0 -9999.0 -9999.0 -9999.0 -9999.0 -9999.0 -9999.0 -9999.0 -9999.0 -9999.0 -9999.0 -9999.0 -9999.0
-9999.0 -9999.0 -9999.0 -9999.0 -9999.0 -9999.0 -9999.0 -9999.0 -9999.0 -9999.0 -9999.0 -9999.0 -9999.0 -9999.0 -9999.0 -9999.0 -9999.0 -9999.0 -9999.0 -9999.0 -9999.0 -9999.0 -9999.0 -1.067263 -1.071901 -0.007020 -0.007615 -0.011690 -1.067462 -3.694685 -3.347854 -1.451517 -9999.0 -9999.0 -9999.0 -9999.0 -9999.0 -9999.0 -9999.0 -9999.0 -9999.0 -9999.0 -9999.0 -9999.0 -9999.0 -9999.0 -9999.0 -9999.0 -9999.0 -9999.0 -9999.0 -9999.0 -9999.0 -9999.0 -9999.0 -9999.0 -9999.0 -9999.0 -9999.0 -9999.0 -9999.0 -9999.0
-9999.0 -9999.0 -9999.0 -9999.0 -9999.0 -9999.0 -9999.0 -9999.0 -9999.0 -9999.0 -9999.0 -9999.0 -9999.0 -9999.0 -9999.0 -9999.0 -9999.0 -9999.0 -0.003870 -0.024671 -9999.0 -0.998892 -1.030503 -0.001606 -0.003277 -4.383393 -1.308510 -1.263336 -0.421976 -1.010146 -3.917545 -2.903042 -4.516232 -5.220600 -9999.0 -9999.0 -9999.0 -9999.0 -9999.0 -9999.0 -9999.0 -9999.0 -9999.0 -9999.0 -9999.0 -9999.0 -9999.0 -9999.0 -9999.0 -9999.0 -9999.0 -9999.0 -9999.0 -9999.0 -9999.0 -9999.0 -9999.0 -9999.0 -9999.0 -9999.0 -9999.0 -9999.0
-9999.0 -9999.0 -9999.0 -9999.0 -9999.0 -9999.0 -9999.0 -9999.0 -9999.0 -9999.0 -9999.0 -9999.0 -9999.0 -9999.0 -9999.0 -9999.0 -9999.0 -0.334824 -1.309301 -1.560089 -1.303296 -0.341968 -0.953662 -1.097300 -0.308159 -1.803367 -1.162805 -1.117730 -1.321161 -1.335092 -1.241267 -3.925826 -4.330127 -4.886291 -4.010553 -5.560731 -9999.0 -9999.0 -9999.0 -9999.0 -9999.0 -9999.0 -9999.0 -9999.0 -9999.0 -9999.0 -9999.0 -9999.0 -9999.0 -9999.0 -9999.0 -9999.0 -9999.0 -9999.0 -9999.0 -9999.0 -9999.0 -9999.0 -9999.0 -9999.0 -9999.0 -9999.0
-9999.0 -9999.0 -9999.0 -9999.0 -9999.0 -9999.0 -9999.0 -9999.0 -9999.0 -9999.0 -9999.0 -9999.0 -9999.0 -0.900396 -0.361647 -0.354717 -0.477263 -1.931745 -0.376815 -0.860354 -0.006957 -0.004497 -1.308165 -0.281427 -2.487492 -1.634284 -2.718322 -1.216354 -1.825273 -1.083911 -1.188941 -1.978421 -3.169095 -5.466157 -6.148875 -6.259085 -9999.0 -9999.0 -9999.0 -9999.0 -9999.0 -9999.0 -9999.0 -9999.0 -9999.0 -9999.0 -9999.0 -9999.0 -9999.0 -9999.0 -9999.0 -9999.0 -9999.0 -9999.0 -9999.0 -9999.0 -9999.0 -9999.0 -9999.0 -9999.0 -9999.0 -9999.0
-9999.0 -9999.0 -9999.0 -9999.0 -9999.0 -9999.0 -9999.0 -9999.0 -9999.0 -9999.0 -9999.0 -9999.0 -9999.0 -0.905069 -0.002362 -0.312493 -0.321450 -0.007617 -2.352610 -1.972244 -4.298997 -1.742166 -1.094878 -1.287074 -1.150008 -1.105687 -2.547921 -4.646990 -4.879919 -2.452053 -1.165662 -5.209890 -6.140109 -6.695744 -6.617732 -9999.0 -9999.0 -9999.0 -9999.0 -9999.0 -9999.0 -9999.0 -9999.0 -9999.0 -9999.0 -9999.0 -9999.0 -9999.0 -9999.0 -9999.0 -9999.0 -9999.0 -9999.0 -9999.0 -9999.0 -9999.0 -9999.0 -9999.0 -9999.0 -9999.0 -9999.0 -9999.0
-9999.0 -9999.0 -9999.0 -9999.0 -9999.0 -9999.0 -9999.0 -9999.0 -9999.0 -9999.0 -9999.0 -9999.0 -9999.0 -0.147676 -0.004380 -0.005469 -0.315265 -0.394476 -2.313688 -0.375941 -0.472779 -3.047013 -1.269519 -1.088015 -1.061350 -0.808554 -2.562313 -4.703904 -2.591982 -5.509319 -4.899199 -6.337901 -6.418189 -6.890938 -7.011192 -9999.0 -9999.0 -9999.0 -9999.0 -9999.0 -9999.0 -9999.0 -9999.0 -9999.0 -9999.0 -9999.0 -9999.0 -9999.0 -9999.0 -9999.0 -9999.0 -9999.0 -9999.0 -9999.0 -9999.0 -9999.0 -9999.0 -9999.0 -9999.0 -9999.0 -9999.0 -9999.0
-9999.0 -9999.0 -9999.0 -9999.0 -9999.0 -9999.0 -9999.0 -9999.0 -9999.0 -9999.0 -9999.0 -9999.0 -0.874842 -0.003011 -0.002531 -1.516941 -0.021200 -0.372343 -0.007595 -3.724311 -1.223054 -1.094755 -1.049030 -1.074762 -0.404476 -4.018104 -1.121431 -1.373174 -2.791068 -5.091098 -5.090412 -4.156088 -4.588142 -6.047612 -9999.0 -9999.0 -9999.0 -9999.0 -9999.0 -9999.0 -9999.0 -9999.0 -9999.0 -9999.0 -9999.0 -9999.0 -9999.0 -9999.0 -9999.0 -9999.0 -9999.0 -9999.0 -9999.0 -9999.0 -9999.0 -9999.0 -9999.0 -9999.0 -9999.0 -9999.0 -9999.0 -9999.0
-9999.0 -9999.0 -9999.0 -9999.0 -9999.0 -9999.0 -9999.0 -9999.0 -9999.0 -9999.0 -9999.0 -0.962628 -1.029625 -0.007733 -1.052712 -1.072105 -3.086648 -0.333367 -0.012493 -3.417870 -1.765656 -0.015773 -0.957048 -2.879723 -1.083044 -1.404218 -4.252727 -1.307677 -1.590168 -5.607829 -2.954119 -3.882130 -4.676629 -6.676540 -6.894283 -8.390420 -10.359861 -11.133989 -10.791638 -9999.0 -9999.0 -9999.0 -7.030878 -9999.0 -9999.0 -9999.0 -9999.0 -9999.0 -9999.0 -9999.0 -9999.0 -9999.0 -9999.0 -9999.0 -9999.0 -9999.0 -9999.0 -9999.0 -9999.0 -9999.0 -9999.0 -9999.0
-9999.0 -9999.0 -9999.0 -9999.0 -9999.0 -9999.0 -9999.0 -9999.0 -9999.0 -9999.0 -9999.0 -1.044706 -1.052639 -0.966805 -0.902549 -1.728529 -0.646788 -1.212627 -0.013048 -0.009748 -0.005620 -0.002124 -1.019326 -1.060458 -1.088531 -2.521225 -1.855902 -2.011145 -2.296704 -4.744991 -3.601995 -4.400575 -5.873892 -4.579215 -7.146325 -9.151575 -9.671258 -11.752243 -12.756207 -13.020685 -12.269485 -9.308203 -7.194106 -5.942973 -9999.0 -9999.0 -9999.0 -0.014709 -0.857432 -0.845838 -0.557804 -0.898189 -0.876247 -0.005666 -0.005418 -0.820626 -9999.0 -9999.0 -9999.0 -9999.0 -9999.0 -9999.0
-9999.0 -9999.0 -9999.0 -9999.0 -9999.0 -9999.0 -9999.0 -9999.0 -9999.0 -9999.0 -9999.0 -0.992119 -1.026442 -2.417692 -0.375583 -1.598726 -0.931187 -1.251418 -0.018728 -0.055661 -0.266521 -0.987706 -1.005240 -1.027704 -3.115487 -2.847352 -1.076980 -2.009984 -3.922057 -2.875944 -4.847954 -4.342593 -4.496921 -5.924658 -7.980559 -9.735514 -7.210593 -4.609052 -3.701578 -8.854238 -10.240315 -11.085592 -7.125164 -6.086995 -2.765734 -9999.0 -2.486247 -0.891106 -0.779876 -0.254722 -0.754430 -0.820657 -0.001612 -0.000994 -0.000642 -0.002029 -9999.0 -9999.0 -9999.0 -9999.0 -9999.0 -9999.0
-9999.0 -9999.0 -9999.0 -9999.0 -9999.0 -9999.0 -9999.0 -9999.0 -9999.0 -9999.0 -9999.0 -9999.0 -1.045985 -0.397681 -0.016084 -0.887960 -1.000280 -1.243721 -0.014549 -0.329085 -1.072081 -0.965571 -0.866157 -1.051779 -1.868608 -1.051972 -0.004861 -3.443059 -2.690498 -2.570081 -2.506575 -3.964564 -4.637389 -5.223289 -7.131522 -9.860990 -7.538912 -5.390236 -3.145372 -6.074148 -9.099060 -9.246759 -7.985916 -1.474893 -4.789896 -1.044807 -0.980875 -0.896086 -0.823648 -0.877264 -0.335097 -0.340428 -0.014290 -0.011829 -0.824193 -0.848300 -0.010385 -9999.0 -9999.0 -9999.0 -9999.0 -9999.0
-9999.0 -9999.0 -9999.0 -9999.0 -9999.0 -9999.0 -9999.0 -9999.0 -9999.0 -9999.0 -9999.0 -0.361487 -1.033476 -1.004095 -0.833726 -0.852472 -0.969823 -1.182262 -0.005184 -0.240958 -1.258402 -0.007309 -1.001287 -1.093011 -1.019850 -0.418820 -0.441705 -3.295106 -2.064213 -2.905841 -2.505228 -2.903044 -2.278468 -4.950396 -7.628329 -9.308778 -12.657511 -6.789638 -1.276636 -5.461166 -7.985174 -5.515535 -6.348167 -7.347052 -1.214936 -0.976071 -0.874490 -1.259227 -0.894120 -3.329142 -1.472304 -1.061045 -0.903046 -2.347609 -1.400382 -2.263023 -0.793860 -9999.0 -9999.0 -9999.0 -9999.0 -9999.0
-9999.0 -9999.0 -9999.0 -9999.0 -9999.0 -9999.0 -9999.0 -9999.0 -9999.0 -9999.0 -0.146556 -0.940807 -0.333991 -0.937423 -0.008332 -0.498582 -1.163364 -1.127842 -0.423740 -0.436086 -0.016445 -0.017972 -0.997712 -0.005802 -0.428925 -0.400588 -1.906639 -4.186449 -1.064716 -0.975954 -1.258227 -1.612490 -2.703055 -5.074786 -7.648319 -8.327818 -10.365714 -7.289970 -4.085686 -3.082415 -3.242226 -6.844385 -5.995179 -0.603666 -1.901320 -4.253336 -0.865265 -2.569280 -0.916179 -1.165829 -1.271365 -2.253057 -1.994071 -2.462665 -1.981572 -0.002900 -0.002775 -9999.0 -9999.0 -9999.0 -9999.0 -9999.0
-9999.0 -9999.0 -9999.0 -9999.0 -9999.0 -9999.0 -9999.0 -9999.0 -9999.0 -0.993169 -0.232223 -0.268395 -0.743928 -1.062297 -0.023636 -1.083736 -1.035264 -0.007045 -1.229996 -0.304562 -0.318887 -1.009307 -0.931477 -0.922399 -0.356344 -2.332574 -2.580245 -0.611239 -0.961752 -1.051103 -2.275399 -3.767221 -5.747124 -6.141077 -6.380627 -7.328047 -6.503990 -8.044550 -8.040085 -8.724115 -3.379601 -4.898908 -5.025226 -1.726290 -6.060320 -3.299242 -0.221397 -2.362841 -1.406962 -0.448325 -1.085100 -0.848111 -2.661049 -1.049749 -0.828586 -0.750449 -0.006480 -0.309872 -0.663395 -9999.0 -9999.0 -9999.0
-9999.0 -9999.0 -9999.0 -9999.0 -9999.0 -9999.0 -9999.0 -9999.0 -9999.0 -1.127172 -0.934933 -0.893447 -0.004740 -0.825919 -0.608080 -0.901264 -0.003919 -1.029450 -1.498716 -0.527249 -0.510916 -2.516863 -0.346515 -0.102876 -1.860096 -1.119312 -1.019786 -0.634990 -1.874848 -1.324552 -2.206185 -4.329747 -3.472332 -2.479558 -4.380899 -6.141849 -6.925930 -6.845936 -6.240221 -4.272290 -1.530864 -4.188848 -2.383848 -4.207052 -0.450799 -2.986050 -4.367036 -4.407614 -1.023083 -1.465851 -0.821520 -0.875027 -0.949502 -0.873751 -1.831907 -0.034398 -0.005466 -0.010260 -0.527472 -9999.0 -9999.0 -9999.0
-9999.0 -9999.0 -9999.0 -9999.0 -9999.0 -9999.0 -9999.0 -9999.0 -9999.0 -9999.0 -0.929820 -0.899611 -1.080722 -0.418003 -1.115974 -0.414726 -0.053042 -0.012648 -1.386406 -0.701095 -0.261517 -1.407956 -0.041461 -1.022150 -1.151373 -1.056413 -1.629979 -3.932648 -1.235550 -1.474687 -2.472935 -0.877447 -3.319400 -3.784939 -2.956433 -1.641514 -1.414973 -3.333773 -5.111399 -4.895481 -5.234999 -1.142430 -1.836167 -1.256081 -3.938790 -5.900586 -3.323829 -0.733815 -4.118684 -2.825954 -1.063862 -0.810534 -0.903441 -0.878617 -0.956682 -0.846349 -0.759481 -0.812749 -0.010685 -0.003812 -9999.0 -9999.0
-9999.0 -9999.0 -9999.0 -9999.0 -9999.0 -9999.0 -9999.0 -9999.0 -9999.0 -9999.0 -0.936275 -0.945109 -1.023206 -0.472433 -0.304363 -1.010477 -1.100751 -0.351563 -0.412510 -0.706795 -1.518161 -0.925069 -0.065813 -1.042771 -0.992216 -3.321346 -1.733139 -1.392597 -1.287095 -3.656826 -3.404646 -1.106666 -3.943657 -3.570931 -3.626711 -2.321996 -2.958113 -3.998630 -4.435833 -3.215941 -0.939131 -1.206060 -1.077808 -2.749225 -0.300962 -0.898773 -0.979580 -2.542988 -4.562573 -3.810651 -2.885021 -0.797530 -0.368744 -0.849694 -0.909968 -0.864361 -0.818562 -0.004370 -3.265968 -0.335362 -9999.0 -9999.0
-9999.0 -9999.0 -9999.0 -9999.0 -9999.0 -9999.0 -9999.0 -9999.0 -0.087941 -0.873686 -1.481156 -1.079770 -1.036985 -1.026601 -0.860824 -0.373906 -1.635689 -1.862001 -0.068027 -0.065966 -0.445030 -1.463606 -3.876087 -1.053957 -1.035160 -1.117034 -0.409330 -1.299390 -1.176913 -2.091002 -4.932471 -3.058961 -2.088632 -1.502087 -0.908936 -4.044495 -0.966043 -2.785243 -4.262553 -1.460150 -2.995039 -1.413622 -3.538441 -3.961413 -0.870582 -0.423622 -1.632348 -0.363373 -1.995101 -1.013921 -0.912567 -0.929194 -0.075966 -0.848675 -0.863943 -0.000711 -0.532592 -0.004174 -1.082726 -3.064730 -9999.0 -9999.0
-9999.0 -9999.0 -9999.0 -9999.0 -9999.0 -9999.0 -9999.0 -9999.0 -1.371367 -0.689119 -1.748259 -2.232424 -1.009534 -1.122859 -0.914931 -1.255291 -0.045612 -0.481983 -0.594318 -0.062826 -0.141155 -0.303848 -1.707097 -3.583202 -1.452652 -0.634038 -0.481653 -1.258035 -3.154386 -1.034093 -0.999635 -2.351293 -0.946739 -0.971128 -0.864558 -0.909485 -0.974364 -1.219913 -2.202053 -0.893594 -1.915795 -4.051931 -3.293000 -0.783884 -0.945300 -0.857483 -2.143178 -1.250460 -0.832998 -1.304122 -2.829799 -1.025552 -0.640277 -0.001631 -0.853332 -1.040153 -0.819126 -0.933472 -3.351267 -0.010197 -0.007276 -9999.0
-9999.0 -9999.0 -9999.0 -9999.0 -9999.0 -9999.0 -9999.0 -9999.0 -1.025875 -0.909468 -0.371567 -1.697434 -1.037069 -2.191912 -0.011405 -1.143481 -2.393298 -1.284414 -0.644991 -0.248137 -0.059040 -0.335323 -0.561590 -0.854122 -0.151817 -2.281599 -1.274986 -1.233813 -4.559501 -1.720583 -2.001059 -1.018363 -1.859742 -3.149703 -0.362294 -0.761836 -0.860794 -1.925130 -1.464374 -0.901190 -0.908238 -0.934427 -0.336885 -0.913578 -0.955150 -0.957788 -0.893207 -0.008347 -0.888201 -1.167762 -0.787908 -1.377773 -0.974588 -0.851124 -1.773282 -1.189055 -2.108173 -2.446063 -1.639801 -0.561437 -0.007983 -9999.0
-9999.0 -9999.0 -9999.0 -9999.0 -9999.0 -9999.0 -9999.0 -9999.0 -3.736153 -0.903062 -0.008291 -2.927378 -0.007781 -0.009098 -1.119577 -2.367785 -1.917932 -0.567492 -2.618183 -0.095302 -0.539757 -0.062211 -0.149789 -0.343196 -0.601479 -0.011950 -0.025317 -1.903548 -0.014071 -0.950590 -1.686001 -1.158394 -0.935886 -1.076416 -1.011515 -0.910612 -0.907418 -0.434905 -2.135390 -1.052525 -0.935492 -0.677910 -0.570347 -1.382404 -0.027904 -0.914622 -0.053436 -0.821146 -0.005403 -0.977881 -0.183793 -2.386049 -2.156745 -0.574147 -2.958015 -3.343974 -2.734920 -1.012674 -0.007638 -0.007664 -0.754332 -0.009481
-9999.0 -9999.0 -9999.0 -9999.0 -9999.0 -9999.0 -9999.0 -9999.0 -1.055254 -0.947490 -0.008094 -0.207146 -0.003298 -1.432232 -0.037861 -0.979961 -0.980511 -1.824947 -0.507178 -1.381193 -0.553079 -0.131736 -0.226456 -0.948268 -1.831798 -0.005224 -1.158542 -0.416181 -0.222833 -0.070327 -0.994544 -0.009895 -2.668162 -0.353577 -1.577383 -0.989581 -0.926349 -0.018192 -3.395456 -0.984056 -1.680935 -1.330214 -0.964579 -1.245076 -1.211750 -0.748398 -1.006223 -0.880511 -0.998761 -2.954416 -3.161868 -4.694979 -2.994234 -3.791592 -3.588964 -1.624448 -0.810460 -0.056710 -0.926921 -2.154946 -3.596538 -0.004088
-9999.0 -9999.0 -0.907347 -0.941158 -0.931658 -0.952786 -0.954097 -0.952955 -0.989098 -0.873762 -1.004988 -0.464326 -0.431595 -0.010387 -2.127854 -0.844438 -1.939488 -1.078720 -1.014495 -0.025444 -1.272901 -1.883619 -0.259766 -1.726359 -1.289095 -3.467679 -0.470008 -1.054579 -3.881276 -0.011406 -0.678120 -0.007651 -0.483339 -1.366952 -1.036251 -1.106146 -1.075744 -1.134507 -1.738525 -1.124598 -0.991754 -1.509267 -4.492326 -0.551367 -0.989815 -0.970351 -0.877444 -0.350249 -3.587466 -3.413128 -2.309403 -1.184578 -0.859732 -1.151322 -1.387746 -1.726016 -1.705783 -1.465283 -3.210828 -3.511820 -0.002004 -0.001992
-9999.0 -0.575809 -0.556258 -0.761989 -0.965992 -0.031518 -0.965986 -0.991826 -0.982276 -0.897151 -0.925192 -0.006800 -0.020073 -0.002397 -0.003108 -0.005761 -1.039420 -0.970417 -0.051385 -0.454055 -1.625114 -3.626266 -0.986819 -0.393727 -0.715509 -2.343689 -2.033339 -2.037577 -2.764176 -1.574891 -2.407235 -1.074719 -1.304280 -0.667637 -1.119520 -0.759952 -1.429817 -1.480984 -0.620412 -0.441920 -0.735979 -1.825061 -2.358383 -1.555999 -1.915681 -3.637021 -1.443636 -2.310371 -1.451606 -0.810022 -0.560315 -0.911257 -1.791636 -1.954096 -2.043630 -1.396686 -0.606753 -0.040325 -0.004040 -0.003299 -0.001725 -0.001845
-9999.0 -0.976560 -0.014347 -0.010626 -0.005653 -0.013250 -1.002471 -1.080084 -1.003963 -0.969155 -1.000277 -0.007985 -0.508773 -0.001056 -1.294682 -0.992351 -0.863066 -1.000986 -0.007290 -1.207440 -0.004452 -0.697220 -3.216738 -1.636435 -1.320276 -0.530772 -0.267234 -0.167962 -0.137994 -2.207529 -1.326549 -1.005309 -1.243483 -1.014304 -0.856068 -0.515615 -0.877670 -0.011445 -0.738696 -0.531147 -0.542195 -0.486355 -1.401831 -0.487971 -0.385971 -0.378562 -0.014672 -0.006879 -0.021910 -0.365121 -1.640350 -2.545207 -0.638344 -2.664508 -1.548049 -0.006416 -0.008433 -0.013277 -0.009611 -0.005379 -0.004777 -9999.0
