erum2020/resources/simulation/Vinschgau/output-maps/TL0006N0389.asc
ncols         63
nrows         48
xllcorner     598000.000000
yllcorner     5145000.000000
cellsize      1000.000000
NODATA_value  -9999.0
[rows 0 to 27 of 48, columns 0 to 62 of 63]
-9999.0 -9999.0 -9999.0 -9999.0 -9999.0 -9999.0 -9999.0 -9999.0 -9999.0 -9999.0 -9999.0 -9999.0 -9999.0 -9999.0 -9999.0 -9999.0 -9999.0 -9999.0 -9999.0 -9999.0 -9999.0 -9999.0 -9999.0 -9999.0 -9999.0 -9999.0 -9999.0 -9999.0 -9999.0 -9999.0 -9999.0 -9999.0 -9999.0 -9999.0 -9999.0 -9999.0 -9999.0 -9999.0 -9999.0 -9999.0 -9999.0 -9999.0 -9999.0 -9999.0 -9999.0 -9999.0 -9999.0 -9999.0 -9999.0 -9999.0 -9999.0 -9999.0 -9999.0 -9999.0 -9999.0 -9999.0 -9999.0 -9999.0 -9999.0 -9999.0 -9999.0 -9999.0 -9999.0
-9999.0 -9999.0 -9999.0 -9999.0 -9999.0 -9999.0 -9999.0 -9999.0 -9999.0 -9999.0 -9999.0 -9999.0 -9999.0 -9999.0 -9999.0 -9999.0 -9999.0 -9999.0 -9999.0 -9999.0 -9999.0 -9999.0 -9999.0 -9999.0 -9999.0 -9999.0 -9999.0 5.254265 5.156158 5.740596 -1.583681 -0.415912 -0.804762 -9999.0 -9999.0 -9999.0 -9999.0 -9999.0 -9999.0 -9999.0 -9999.0 -9999.0 -9999.0 -9999.0 -9999.0 -9999.0 -9999.0 -9999.0 -9999.0 -9999.0 -9999.0 -9999.0 -9999.0 -9999.0 -9999.0 -9999.0 -9999.0 -9999.0 -9999.0 -9999.0 -9999.0 -9999.0 -9999.0
-9999.0 -9999.0 -9999.0 -9999.0 -9999.0 -9999.0 -9999.0 -9999.0 -9999.0 -9999.0 -9999.0 -9999.0 -9999.0 -9999.0 -9999.0 -9999.0 -9999.0 -9999.0 -9999.0 -9999.0 -9999.0 -9999.0 -9999.0 -9999.0 5.730690 6.369243 7.444806 5.245812 5.354321 5.239116 -1.725202 -9999.0 -9999.0 -9999.0 -9999.0 -9999.0 -9999.0 -9999.0 -9999.0 -9999.0 -9999.0 -9999.0 -9999.0 -9999.0 -9999.0 -9999.0 -9999.0 -9999.0 -9999.0 -9999.0 -9999.0 -9999.0 -9999.0 -9999.0 -9999.0 -9999.0 -9999.0 -9999.0 -9999.0 -9999.0 -9999.0 -9999.0 -9999.0
-9999.0 -9999.0 -9999.0 -9999.0 -9999.0 -9999.0 -9999.0 -9999.0 -9999.0 -9999.0 -9999.0 -9999.0 -9999.0 -9999.0 -9999.0 -9999.0 -9999.0 -9999.0 -9999.0 -9999.0 -9999.0 -9999.0 -9999.0 6.137918 7.434139 2.899596 3.932156 4.855601 2.672457 5.721241 5.038866 -2.210774 -9999.0 -9999.0 -9999.0 -9999.0 -9999.0 -9999.0 -9999.0 -9999.0 -9999.0 -9999.0 -9999.0 -9999.0 -9999.0 -9999.0 -9999.0 -9999.0 -9999.0 -9999.0 -9999.0 -9999.0 -9999.0 -9999.0 -9999.0 -9999.0 -9999.0 -9999.0 -9999.0 -9999.0 -9999.0 -9999.0 -9999.0
-9999.0 -9999.0 -9999.0 -9999.0 -9999.0 -9999.0 -9999.0 -9999.0 -9999.0 -9999.0 -9999.0 -9999.0 -9999.0 -9999.0 -9999.0 -9999.0 -9999.0 -9999.0 8.392705 7.966480 -9999.0 5.851550 6.761802 3.748997 3.858151 6.884811 4.575718 4.759034 4.881459 3.541439 5.445307 4.798320 5.576053 -3.204139 -9999.0 -9999.0 -9999.0 -9999.0 -9999.0 -9999.0 -9999.0 -9999.0 -9999.0 -9999.0 -9999.0 -9999.0 -9999.0 -9999.0 -9999.0 -9999.0 -9999.0 -9999.0 -9999.0 -9999.0 -9999.0 -9999.0 -9999.0 -9999.0 -9999.0 -9999.0 -9999.0 -9999.0 -9999.0
-9999.0 -9999.0 -9999.0 -9999.0 -9999.0 -9999.0 -9999.0 -9999.0 -9999.0 -9999.0 -9999.0 -9999.0 -9999.0 -9999.0 -9999.0 -9999.0 -9999.0 2.384267 3.118044 7.091251 10.240846 -0.005564 3.046776 3.354507 8.365964 -0.005889 -0.204509 -0.043576 -0.086277 0.209894 6.210157 5.132913 7.067921 5.460037 -2.356786 -0.657656 -9999.0 -9999.0 -9999.0 -9999.0 -9999.0 -9999.0 -9999.0 -9999.0 -9999.0 -9999.0 -9999.0 -9999.0 -9999.0 -9999.0 -9999.0 -9999.0 -9999.0 -9999.0 -9999.0 -9999.0 -9999.0 -9999.0 -9999.0 -9999.0 -9999.0 -9999.0 -9999.0
-9999.0 -9999.0 -9999.0 -9999.0 -9999.0 -9999.0 -9999.0 -9999.0 -9999.0 -9999.0 -9999.0 -9999.0 -9999.0 4.679385 1.523598 1.326333 3.186513 15.485758 2.203282 5.542281 3.907557 4.583829 7.482766 8.456389 -0.028618 -1.532732 -1.367698 -0.791430 -0.997138 -0.659661 -0.001938 -1.810529 -2.143099 -0.926080 -1.509893 -1.207523 -9999.0 -9999.0 -9999.0 -9999.0 -9999.0 -9999.0 -9999.0 -9999.0 -9999.0 -9999.0 -9999.0 -9999.0 -9999.0 -9999.0 -9999.0 -9999.0 -9999.0 -9999.0 -9999.0 -9999.0 -9999.0 -9999.0 -9999.0 -9999.0 -9999.0 -9999.0 -9999.0
-9999.0 -9999.0 -9999.0 -9999.0 -9999.0 -9999.0 -9999.0 -9999.0 -9999.0 -9999.0 -9999.0 -9999.0 -9999.0 5.673745 2.913947 1.313979 1.495018 9.207252 16.081263 7.191115 5.523578 6.378895 2.491245 0.679486 2.294221 1.653186 5.809967 -1.072012 -0.378375 -0.772812 -1.711766 -0.639037 -0.727399 -0.993158 -0.938986 -9999.0 -9999.0 -9999.0 -9999.0 -9999.0 -9999.0 -9999.0 -9999.0 -9999.0 -9999.0 -9999.0 -9999.0 -9999.0 -9999.0 -9999.0 -9999.0 -9999.0 -9999.0 -9999.0 -9999.0 -9999.0 -9999.0 -9999.0 -9999.0 -9999.0 -9999.0 -9999.0 -9999.0
-9999.0 -9999.0 -9999.0 -9999.0 -9999.0 -9999.0 -9999.0 -9999.0 -9999.0 -9999.0 -9999.0 -9999.0 -9999.0 2.551084 6.275025 -0.002469 -0.015224 1.660571 15.646493 3.838762 6.837117 1.896700 -0.001373 -0.095513 1.718178 -0.003152 5.547963 -0.352486 5.603834 -0.250949 -0.800969 -1.525185 -0.938681 -5.648723 -1.138426 -9999.0 -9999.0 -9999.0 -9999.0 -9999.0 -9999.0 -9999.0 -9999.0 -9999.0 -9999.0 -9999.0 -9999.0 -9999.0 -9999.0 -9999.0 -9999.0 -9999.0 -9999.0 -9999.0 -9999.0 -9999.0 -9999.0 -9999.0 -9999.0 -9999.0 -9999.0 -9999.0 -9999.0
-9999.0 -9999.0 -9999.0 -9999.0 -9999.0 -9999.0 -9999.0 -9999.0 -9999.0 -9999.0 -9999.0 -9999.0 2.387092 5.653164 -0.004969 -0.003432 -0.111632 0.531163 10.864691 8.928040 2.890125 -1.523036 1.019620 -1.285247 -0.001507 -0.767364 -1.328499 -2.453510 5.069183 -0.546911 -0.522181 3.042218 3.559652 -1.909929 -9999.0 -9999.0 -9999.0 -9999.0 -9999.0 -9999.0 -9999.0 -9999.0 -9999.0 -9999.0 -9999.0 -9999.0 -9999.0 -9999.0 -9999.0 -9999.0 -9999.0 -9999.0 -9999.0 -9999.0 -9999.0 -9999.0 -9999.0 -9999.0 -9999.0 -9999.0 -9999.0 -9999.0 -9999.0
-9999.0 -9999.0 -9999.0 -9999.0 -9999.0 -9999.0 -9999.0 -9999.0 -9999.0 -9999.0 -9999.0 -1.073788 -0.001216 -0.002586 -0.307790 -1.333866 -0.533480 -0.009236 10.236627 5.846201 2.008206 2.563321 4.742645 -0.948742 1.588158 -0.302623 -0.206186 4.760985 4.253649 -0.386945 -2.394040 4.824375 3.993108 -3.209658 3.677319 4.328010 8.136680 9.676304 11.330288 -9999.0 -9999.0 -9999.0 -3.625352 -9999.0 -9999.0 -9999.0 -9999.0 -9999.0 -9999.0 -9999.0 -9999.0 -9999.0 -9999.0 -9999.0 -9999.0 -9999.0 -9999.0 -9999.0 -9999.0 -9999.0 -9999.0 -9999.0 -9999.0
-9999.0 -9999.0 -9999.0 -9999.0 -9999.0 -9999.0 -9999.0 -9999.0 -9999.0 -9999.0 -9999.0 -1.979357 -0.519777 1.631298 -0.018785 -0.371576 2.443479 2.162805 10.089581 6.679927 9.254115 7.862019 5.505300 -0.192969 -0.122102 -1.650991 5.810830 5.172363 4.736584 -1.063817 4.855297 4.784470 4.884720 -2.383876 1.946190 3.698642 7.213723 11.617686 11.132306 11.488057 10.813990 5.849984 4.283640 2.981550 -9999.0 -9999.0 -9999.0 -0.023630 -0.722376 -1.497053 -1.691270 -0.667474 -0.038631 -0.014753 -0.008235 -0.038151 -9999.0 -9999.0 -9999.0 -9999.0 -9999.0 -9999.0 -9999.0
-9999.0 -9999.0 -9999.0 -9999.0 -9999.0 -9999.0 -9999.0 -9999.0 -9999.0 -9999.0 -9999.0 -0.006326 -0.305607 -0.009925 -0.070961 -0.013025 -0.006974 -0.011590 7.995950 8.360851 1.288348 1.820580 1.146618 5.096453 -0.582269 6.735588 1.556537 0.050285 -1.678914 -1.532119 -1.155718 -0.008958 5.349796 2.029062 4.327634 5.650015 -0.003777 3.294557 12.323670 11.557170 10.022934 7.500349 5.849646 5.196762 -0.142636 -9999.0 -0.079034 -1.465853 5.060478 5.495610 7.512450 8.086051 6.354095 5.948866 5.194662 -0.019928 -9999.0 -9999.0 -9999.0 -9999.0 -9999.0 -9999.0 -9999.0
-9999.0 -9999.0 -9999.0 -9999.0 -9999.0 -9999.0 -9999.0 -9999.0 -9999.0 -9999.0 -9999.0 -9999.0 -0.838886 -0.158254 5.458729 3.306972 -0.195282 -0.004506 9.070201 8.497375 2.420561 2.541602 2.340832 1.528063 -0.005024 1.015454 7.569093 -1.577358 -1.922887 3.758712 4.861298 -0.006497 5.113459 4.553337 -3.381049 3.371726 -0.008659 2.489860 14.361076 10.893345 10.710906 12.654292 1.096818 7.156466 5.535140 0.364428 -2.471262 -1.346471 -0.030441 1.826500 2.502389 -0.613308 1.077493 -0.032592 -0.044495 -0.058903 -0.029258 -9999.0 -9999.0 -9999.0 -9999.0 -9999.0 -9999.0
-9999.0 -9999.0 -9999.0 -9999.0 -9999.0 -9999.0 -9999.0 -9999.0 -9999.0 -9999.0 -9999.0 -0.051249 -0.111705 -1.415984 -0.002669 -0.002748 0.913882 -0.009741 10.033244 3.618335 2.831794 2.200289 1.797273 1.527872 1.146184 1.191027 -0.007130 -0.785139 5.800681 5.290943 0.883244 1.531502 7.092453 4.259140 -2.605710 3.861548 3.746035 0.990770 0.950494 13.252372 3.575289 4.745660 3.057794 2.395746 8.146241 3.886052 5.109206 5.659340 5.696980 3.500602 -0.459421 -0.084886 -0.077607 -0.071415 -0.064778 -0.100752 -0.036107 -9999.0 -9999.0 -9999.0 -9999.0 -9999.0 -9999.0
-9999.0 -9999.0 -9999.0 -9999.0 -9999.0 -9999.0 -9999.0 -9999.0 -9999.0 -9999.0 2.909080 -0.002435 5.847399 3.386153 5.799858 1.698852 0.783991 0.554104 3.274833 3.909646 8.403186 5.615687 1.353405 10.102049 3.234128 -0.001545 -0.010730 0.609684 8.757112 7.951855 1.630720 0.662536 4.211823 -2.863877 -2.227867 3.903879 7.446188 -0.054182 -0.016928 4.725168 5.815982 5.709712 11.205678 0.984280 1.757501 7.457294 5.051581 1.848477 2.470224 3.145697 0.546432 -0.064585 -0.071032 -0.078334 -0.066399 -0.171925 -0.118706 -9999.0 -9999.0 -9999.0 -9999.0 -9999.0 -9999.0
-9999.0 -9999.0 -9999.0 -9999.0 -9999.0 -9999.0 -9999.0 -9999.0 -9999.0 -0.518753 -0.953034 -0.026246 1.467566 -0.003875 -0.004656 -0.001475 -0.698986 7.612700 4.642696 4.357866 9.208818 3.130019 2.634127 2.957915 0.749858 0.534367 1.123952 9.405817 2.027943 2.706014 4.593262 -0.120865 -1.044380 -0.478938 -0.827045 2.497444 3.650402 -0.055005 -0.121969 0.844290 0.828818 -0.003830 0.362530 3.351992 2.613396 3.023922 10.193063 2.953884 2.321223 3.423399 1.656984 -0.894699 -0.098496 -0.050686 -0.039757 -0.438494 -0.007556 6.027998 -0.312599 -9999.0 -9999.0 -9999.0 -9999.0
-9999.0 -9999.0 -9999.0 -9999.0 -9999.0 -9999.0 -9999.0 -9999.0 -9999.0 -1.375646 -0.466029 -1.507509 8.435606 1.904274 1.734879 0.902754 6.626806 2.445637 5.773746 13.340862 12.681728 13.455702 6.540471 6.628519 0.957295 2.004117 1.801911 2.776799 6.086223 4.371403 4.343434 -0.110618 -0.804872 -2.450419 5.022190 10.837654 10.287413 8.967164 -0.061963 4.255179 -0.072074 -1.685475 2.071239 2.770202 2.617751 5.148201 6.618274 5.959687 5.018840 4.325905 0.106788 -0.036399 -0.048474 -0.051443 -0.055051 -0.029082 -0.019578 2.048814 7.938849 -9999.0 -9999.0 -9999.0 -9999.0
-9999.0 -9999.0 -9999.0 -9999.0 -9999.0 -9999.0 -9999.0 -9999.0 -9999.0 -9999.0 -0.954188 3.010375 -0.001180 1.128078 3.713386 1.898107 1.308619 5.513775 6.792260 8.029001 9.581278 5.143082 1.101622 1.528655 2.053602 3.075159 2.551171 6.951661 5.020211 -0.118035 -0.235489 -0.009823 -1.275840 -0.711015 5.338691 7.638154 9.560716 7.665156 7.288555 -1.426054 -0.601930 6.497952 4.696812 0.677472 0.492880 1.016463 2.025541 5.968924 8.006162 5.121645 1.127232 1.529707 -1.547664 -0.043934 -0.075171 -0.044948 -0.048925 2.111614 2.207745 2.470292 -9999.0 -9999.0 -9999.0
-9999.0 -9999.0 -9999.0 -9999.0 -9999.0 -9999.0 -9999.0 -9999.0 -9999.0 -9999.0 -1.114140 -1.446854 -1.046825 0.687959 9.505390 2.400700 2.759657 3.914853 8.279967 9.420341 6.398519 4.485121 1.830220 3.568114 2.932720 6.811787 7.212328 2.692908 0.147597 -0.823839 -0.595964 2.802493 0.828191 -0.466407 -0.876474 -0.981143 2.121697 2.102708 0.249751 -1.123564 2.781654 5.422030 -0.175256 -0.811754 -0.029227 0.314699 1.067415 1.715166 4.797971 8.196502 5.766522 1.963992 0.381906 -1.485321 -0.042050 -1.170494 -0.064142 0.562057 6.686644 7.513610 -9999.0 -9999.0 -9999.0
-9999.0 -9999.0 -9999.0 -9999.0 -9999.0 -9999.0 -9999.0 -9999.0 7.905524 6.082193 4.453740 -0.594836 -0.002995 0.718526 0.547205 3.688494 5.977490 14.790753 11.096084 10.891814 8.941998 7.436396 5.914613 2.278622 3.136266 6.753524 8.202230 0.800751 -0.001585 -0.147512 -0.113971 -0.964965 -1.778810 -1.135969 0.099016 -0.194649 5.766724 1.970314 -0.838293 0.228693 -1.191760 -1.278853 -0.722052 -0.097771 5.681343 4.844488 -0.975033 -0.011497 2.320391 5.174386 5.923109 1.494588 1.749966 -0.884359 5.523271 8.720048 7.304567 9.452059 8.139825 8.612084 -9999.0 -9999.0 -9999.0
-9999.0 -9999.0 -9999.0 -9999.0 -9999.0 -9999.0 -9999.0 -9999.0 0.846621 1.521671 1.100989 -0.081802 -0.910794 0.657959 0.843892 2.517729 4.286334 5.019878 8.902517 11.663814 19.074621 17.429105 15.713854 12.444522 6.903949 7.103215 3.598067 1.246744 0.597591 4.804078 -0.352657 5.554787 4.681104 4.168509 4.029064 5.305453 8.028310 2.610236 0.965152 5.119577 -0.084992 -0.299522 -0.109484 5.117906 6.889067 -0.058839 -0.612075 -0.890191 0.514027 4.976751 8.503732 0.914993 0.208758 7.055232 10.134301 1.115207 1.089982 6.600432 10.196585 11.934689 12.730803 -9999.0 -9999.0
-9999.0 -9999.0 -9999.0 -9999.0 -9999.0 -9999.0 -9999.0 -9999.0 -0.657643 5.056368 6.254503 0.416948 5.339342 -0.494783 1.226627 2.408026 4.507031 7.930033 9.532942 17.438054 12.439118 17.456515 17.990179 11.496630 14.679442 6.146266 3.278961 -0.003745 1.874241 6.011264 5.688628 7.183147 0.007776 1.452159 5.361719 8.686301 0.909745 3.772142 -0.024502 0.800625 -1.534536 -1.417434 -0.015662 -1.141824 -0.883400 -0.915514 4.927100 4.637730 -0.370520 1.620780 6.277017 7.600662 0.741795 0.378551 6.799103 0.727863 9.262594 10.020846 11.800431 11.317181 11.979819 -9999.0 -9999.0
-9999.0 -9999.0 -9999.0 -9999.0 -9999.0 -9999.0 -9999.0 -9999.0 -0.125896 4.992402 0.945763 1.821626 7.316227 1.787318 1.262039 4.987489 8.139878 8.429233 7.188218 8.881383 10.869073 11.945060 17.032317 16.422005 6.297330 3.789032 1.567460 1.102309 10.000830 1.506850 1.246829 1.390244 3.095030 1.168362 1.711627 8.450173 9.548897 4.417062 1.413696 0.781887 5.146383 5.629350 5.725098 9.675638 5.553239 7.568641 6.134202 8.345599 8.634635 2.418249 1.824359 8.917325 8.982460 0.245919 9.897870 10.583612 11.352703 9.318086 10.558899 11.804239 9.761235 6.845349 -9999.0
-9999.0 -9999.0 -9999.0 -9999.0 -9999.0 -9999.0 -9999.0 -9999.0 -1.903919 4.851148 0.781417 1.652635 1.453556 1.680989 11.319447 8.072432 6.883916 5.491498 3.200942 5.731206 8.067369 10.875341 11.650075 10.893139 13.918509 3.804721 1.517138 2.503019 2.620965 1.199077 1.680490 0.827568 6.307691 1.379925 1.333604 2.031924 1.904117 6.095190 5.410691 1.172205 0.689231 2.004590 1.583743 1.940433 1.657837 8.712628 1.912465 1.101369 1.993392 6.839521 9.791805 8.754420 9.697827 11.765856 11.798253 10.721791 11.967918 11.806328 10.329271 10.263287 8.071857 6.178739 -9999.0
-9999.0 -9999.0 6.419833 6.195437 -0.001554 1.597097 0.846194 0.797452 5.116821 4.108033 1.166236 3.436695 4.650679 7.678861 14.235256 5.067982 3.785971 0.909326 0.957001 3.151025 6.115532 8.093239 10.456748 8.994715 7.370512 6.247517 4.059010 4.120572 5.378325 9.800443 1.772828 2.750300 9.200286 3.620610 6.946306 4.948080 8.691254 7.819454 6.590369 4.324536 6.155657 6.749803 4.759783 5.881277 2.274326 1.914170 6.392104 2.837182 8.791651 10.163933 11.670843 11.036081 12.007521 11.980357 11.589458 16.637195 9.137126 9.535839 9.082277 7.338487 9.224568 5.283963 -9999.0
-9999.0 2.049634 1.853421 1.759111 1.923650 1.710857 0.825756 -0.082593 -0.266163 -1.041700 0.903107 0.771114 4.589298 11.573768 11.041386 1.077451 0.832181 0.890617 2.107773 3.846509 6.716649 7.352516 11.869379 8.814576 16.246268 10.449451 15.207289 14.789421 9.049671 6.283617 7.964293 7.373616 7.282646 12.023305 9.492608 9.849891 11.575133 10.241753 10.552540 9.494329 9.827014 9.155233 8.570637 5.632770 5.305906 5.845051 6.182142 8.194415 10.992238 8.192571 10.916010 10.788415 8.695908 7.471356 7.238709 8.137200 6.039378 6.029919 6.767395 7.683843 1.835217 2.492658 -9999.0
-9999.0 4.804461 1.766379 1.915276 8.032049 0.942306 0.397305 0.806110 6.024047 6.897568 1.337752 1.822311 6.207933 11.396646 5.195712 0.693994 -0.013783 1.773162 1.692805 3.840482 6.947714 6.066745 5.936080 7.261649 15.879037 18.110688 10.472823 11.807525 10.385370 8.884684 10.374220 9.410887 8.499270 7.394319 13.178719 10.880234 18.759737 20.346092 13.286674 13.071909 12.102360 10.578234 10.234009 9.160006 10.737975 10.812267 11.328652 11.553009 10.529580 10.713291 8.053492 5.678424 5.333491 7.419280 7.520518 2.204489 2.190014 0.253917 0.237684 -0.002306 0.996709 -9999.0 -9999.0
