erum2020/resources/simulation/Vinschgau/output-maps/TL0003N0104.asc
ncols         63
nrows         48
xllcorner     598000.000000
yllcorner     5145000.000000
cellsize      1000.000000
NODATA_value  -9999.0
[rows 0 to 27 of 48, columns 0 to 61 of 63]
-9999.0 -9999.0 -9999.0 -9999.0 -9999.0 -9999.0 -9999.0 -9999.0 -9999.0 -9999.0 -9999.0 -9999.0 -9999.0 -9999.0 -9999.0 -9999.0 -9999.0 -9999.0 -9999.0 -9999.0 -9999.0 -9999.0 -9999.0 -9999.0 -9999.0 -9999.0 -9999.0 -9999.0 -9999.0 -9999.0 -9999.0 -9999.0 -9999.0 -9999.0 -9999.0 -9999.0 -9999.0 -9999.0 -9999.0 -9999.0 -9999.0 -9999.0 -9999.0 -9999.0 -9999.0 -9999.0 -9999.0 -9999.0 -9999.0 -9999.0 -9999.0 -9999.0 -9999.0 -9999.0 -9999.0 -9999.0 -9999.0 -9999.0 -9999.0 -9999.0 -9999.0 -9999.0
-9999.0 -9999.0 -9999.0 -9999.0 -9999.0 -9999.0 -9999.0 -9999.0 -9999.0 -9999.0 -9999.0 -9999.0 -9999.0 -9999.0 -9999.0 -9999.0 -9999.0 -9999.0 -9999.0 -9999.0 -9999.0 -9999.0 -9999.0 -9999.0 -9999.0 -9999.0 -9999.0 -1.212772 -1.444922 -1.275811 -1.317543 -1.567771 -1.816516 -9999.0 -9999.0 -9999.0 -9999.0 -9999.0 -9999.0 -9999.0 -9999.0 -9999.0 -9999.0 -9999.0 -9999.0 -9999.0 -9999.0 -9999.0 -9999.0 -9999.0 -9999.0 -9999.0 -9999.0 -9999.0 -9999.0 -9999.0 -9999.0 -9999.0 -9999.0 -9999.0 -9999.0 -9999.0
-9999.0 -9999.0 -9999.0 -9999.0 -9999.0 -9999.0 -9999.0 -9999.0 -9999.0 -9999.0 -9999.0 -9999.0 -9999.0 -9999.0 -9999.0 -9999.0 -9999.0 -9999.0 -9999.0 -9999.0 -9999.0 -9999.0 -9999.0 -9999.0 -0.472500 -1.550024 -1.640079 -1.629796 -1.645546 -1.557371 -1.322272 -9999.0 -9999.0 -9999.0 -9999.0 -9999.0 -9999.0 -9999.0 -9999.0 -9999.0 -9999.0 -9999.0 -9999.0 -9999.0 -9999.0 -9999.0 -9999.0 -9999.0 -9999.0 -9999.0 -9999.0 -9999.0 -9999.0 -9999.0 -9999.0 -9999.0 -9999.0 -9999.0 -9999.0 -9999.0 -9999.0 -9999.0
-9999.0 -9999.0 -9999.0 -9999.0 -9999.0 -9999.0 -9999.0 -9999.0 -9999.0 -9999.0 -9999.0 -9999.0 -9999.0 -9999.0 -9999.0 -9999.0 -9999.0 -9999.0 -9999.0 -9999.0 -9999.0 -9999.0 -9999.0 -1.403365 -0.932459 -0.057921 -0.155940 -0.055596 -0.200357 -1.551653 -1.507651 -1.365492 -9999.0 -9999.0 -9999.0 -9999.0 -9999.0 -9999.0 -9999.0 -9999.0 -9999.0 -9999.0 -9999.0 -9999.0 -9999.0 -9999.0 -9999.0 -9999.0 -9999.0 -9999.0 -9999.0 -9999.0 -9999.0 -9999.0 -9999.0 -9999.0 -9999.0 -9999.0 -9999.0 -9999.0 -9999.0 -9999.0
-9999.0 -9999.0 -9999.0 -9999.0 -9999.0 -9999.0 -9999.0 -9999.0 -9999.0 -9999.0 -9999.0 -9999.0 -9999.0 -9999.0 -9999.0 -9999.0 -9999.0 -9999.0 -0.045950 -0.153288 -9999.0 -0.857236 -0.864323 -0.007718 -0.054630 -0.383336 -0.352789 -0.353521 -0.228730 -0.398250 -1.544652 -1.468863 -1.381644 -1.803537 -9999.0 -9999.0 -9999.0 -9999.0 -9999.0 -9999.0 -9999.0 -9999.0 -9999.0 -9999.0 -9999.0 -9999.0 -9999.0 -9999.0 -9999.0 -9999.0 -9999.0 -9999.0 -9999.0 -9999.0 -9999.0 -9999.0 -9999.0 -9999.0 -9999.0 -9999.0 -9999.0 -9999.0
-9999.0 -9999.0 -9999.0 -9999.0 -9999.0 -9999.0 -9999.0 -9999.0 -9999.0 -9999.0 -9999.0 -9999.0 -9999.0 -9999.0 -9999.0 -9999.0 -9999.0 -0.089439 -0.460575 -1.543132 -1.374090 -0.419913 -0.152841 -0.913838 -0.177546 -1.224430 -1.377834 -0.449957 -1.590811 -0.417447 -0.457061 -1.504702 -1.641839 -1.454169 -1.335254 -2.892347 -9999.0 -9999.0 -9999.0 -9999.0 -9999.0 -9999.0 -9999.0 -9999.0 -9999.0 -9999.0 -9999.0 -9999.0 -9999.0 -9999.0 -9999.0 -9999.0 -9999.0 -9999.0 -9999.0 -9999.0 -9999.0 -9999.0 -9999.0 -9999.0 -9999.0 -9999.0
-9999.0 -9999.0 -9999.0 -9999.0 -9999.0 -9999.0 -9999.0 -9999.0 -9999.0 -9999.0 -9999.0 -9999.0 -9999.0 -1.271329 -0.122543 -0.331267 -0.206973 -1.317121 -0.144829 -0.050107 -0.054432 -0.054502 -0.219235 -0.158596 -1.669558 -1.443822 -1.295493 -1.344753 -1.349237 -0.931364 -1.000606 -1.506718 -1.416308 -2.538840 -3.343186 -3.668070 -9999.0 -9999.0 -9999.0 -9999.0 -9999.0 -9999.0 -9999.0 -9999.0 -9999.0 -9999.0 -9999.0 -9999.0 -9999.0 -9999.0 -9999.0 -9999.0 -9999.0 -9999.0 -9999.0 -9999.0 -9999.0 -9999.0 -9999.0 -9999.0 -9999.0 -9999.0
-9999.0 -9999.0 -9999.0 -9999.0 -9999.0 -9999.0 -9999.0 -9999.0 -9999.0 -9999.0 -9999.0 -9999.0 -9999.0 -0.178997 -0.039574 -0.229789 -0.233826 -0.084138 -1.458804 -0.431697 -2.486793 -1.008338 -0.287266 -0.334047 -0.429068 -1.479780 -1.489283 -1.852112 -2.172954 -1.338413 -1.423452 -2.372262 -3.428628 -4.051591 -3.990477 -9999.0 -9999.0 -9999.0 -9999.0 -9999.0 -9999.0 -9999.0 -9999.0 -9999.0 -9999.0 -9999.0 -9999.0 -9999.0 -9999.0 -9999.0 -9999.0 -9999.0 -9999.0 -9999.0 -9999.0 -9999.0 -9999.0 -9999.0 -9999.0 -9999.0 -9999.0 -9999.0
-9999.0 -9999.0 -9999.0 -9999.0 -9999.0 -9999.0 -9999.0 -9999.0 -9999.0 -9999.0 -9999.0 -9999.0 -9999.0 -0.125416 -0.051551 -0.038905 -0.220345 -0.201415 -1.404540 -0.262247 -0.097189 -1.392931 -0.656662 -1.118730 -0.439702 -0.184015 -1.303007 -2.102716 -1.456898 -2.819719 -2.029058 -3.743545 -3.755735 -4.144638 -4.296389 -9999.0 -9999.0 -9999.0 -9999.0 -9999.0 -9999.0 -9999.0 -9999.0 -9999.0 -9999.0 -9999.0 -9999.0 -9999.0 -9999.0 -9999.0 -9999.0 -9999.0 -9999.0 -9999.0 -9999.0 -9999.0 -9999.0 -9999.0 -9999.0 -9999.0 -9999.0 -9999.0
-9999.0 -9999.0 -9999.0 -9999.0 -9999.0 -9999.0 -9999.0 -9999.0 -9999.0 -9999.0 -9999.0 -9999.0 -0.127970 -0.037524 -0.036774 -1.442270 -0.097057 -0.185633 -0.057490 -1.530245 -0.153480 -1.446506 -1.311716 -0.853268 -0.443822 -1.451635 -0.868742 -1.328301 -1.465671 -2.622482 -2.249309 -1.454555 -1.743822 -3.319275 -9999.0 -9999.0 -9999.0 -9999.0 -9999.0 -9999.0 -9999.0 -9999.0 -9999.0 -9999.0 -9999.0 -9999.0 -9999.0 -9999.0 -9999.0 -9999.0 -9999.0 -9999.0 -9999.0 -9999.0 -9999.0 -9999.0 -9999.0 -9999.0 -9999.0 -9999.0 -9999.0 -9999.0
-9999.0 -9999.0 -9999.0 -9999.0 -9999.0 -9999.0 -9999.0 -9999.0 -9999.0 -9999.0 -9999.0 -0.658068 -0.752345 -0.090413 -1.319087 -1.314203 -1.195116 -0.187305 -0.061252 -1.470447 -1.543439 -0.070202 -1.314063 -1.225474 -1.330731 -1.257895 -1.599418 -1.345772 -1.658953 -3.118501 -1.358355 -1.743048 -1.713652 -3.654239 -3.271857 -4.694641 -6.103371 -6.093962 -5.795358 -9999.0 -9999.0 -9999.0 -3.652627 -9999.0 -9999.0 -9999.0 -9999.0 -9999.0 -9999.0 -9999.0 -9999.0 -9999.0 -9999.0 -9999.0 -9999.0 -9999.0 -9999.0 -9999.0 -9999.0 -9999.0 -9999.0 -9999.0
-9999.0 -9999.0 -9999.0 -9999.0 -9999.0 -9999.0 -9999.0 -9999.0 -9999.0 -9999.0 -9999.0 -1.195811 -0.797587 -0.108896 -0.149854 -1.182156 -0.124889 -0.191442 -0.057716 -0.080456 -0.115796 -0.047768 -1.270334 -1.336315 -1.385967 -1.283682 -1.411358 -1.553546 -1.252093 -1.984598 -1.598165 -1.705027 -2.068614 -1.825433 -3.349225 -5.347986 -5.848284 -8.486215 -9.329887 -9.634427 -8.049639 -5.739623 -3.070731 -2.530460 -9999.0 -9999.0 -9999.0 -0.135429 -0.151764 -0.773633 -0.046680 -0.435779 -0.449332 -0.006234 -0.005602 -0.286728 -9999.0 -9999.0 -9999.0 -9999.0 -9999.0 -9999.0
-9999.0 -9999.0 -9999.0 -9999.0 -9999.0 -9999.0 -9999.0 -9999.0 -9999.0 -9999.0 -9999.0 -1.115797 -1.152106 -1.308167 -0.358799 -1.239126 -0.233385 -0.176294 -0.067818 -0.099799 -0.372219 -0.161906 -0.740613 -1.244179 -1.248043 -1.373327 -1.474244 -1.478491 -1.318829 -1.361214 -2.101414 -1.743278 -1.900217 -2.374305 -4.377943 -5.579004 -7.692772 -3.133470 -4.676563 -12.282905 -6.976983 -6.428155 -2.480842 -2.200304 -1.594279 -9999.0 -1.065141 -0.604024 -0.103183 -0.044402 -0.089871 -0.835559 -0.003857 -0.001334 -0.001028 -0.003959 -9999.0 -9999.0 -9999.0 -9999.0 -9999.0 -9999.0
-9999.0 -9999.0 -9999.0 -9999.0 -9999.0 -9999.0 -9999.0 -9999.0 -9999.0 -9999.0 -9999.0 -9999.0 -0.925552 -0.375146 -0.050997 -0.166330 -0.741064 -0.222809 -0.077609 -0.116662 -0.422338 -0.138737 -0.157954 -0.426092 -1.411961 -1.384673 -0.058530 -1.295469 -1.322255 -1.316627 -1.593219 -1.816295 -1.823747 -1.987575 -3.137257 -5.854812 -6.653660 -3.742513 -2.335350 -7.555862 -5.685295 -5.061120 -3.641235 -0.450613 -1.623137 -1.312049 -1.145882 -0.608162 -1.115473 -1.359294 -0.349150 -0.040065 -0.145793 -0.012618 -0.572440 -0.559914 -0.013827 -9999.0 -9999.0 -9999.0 -9999.0 -9999.0
-9999.0 -9999.0 -9999.0 -9999.0 -9999.0 -9999.0 -9999.0 -9999.0 -9999.0 -9999.0 -9999.0 -0.322125 -1.166428 -1.079618 -0.160009 -0.159716 -0.133913 -0.609750 -0.086963 -0.201443 -0.438366 -0.160296 -0.148198 -1.405655 -0.892366 -0.167328 -0.460372 -1.282924 -1.499673 -1.435465 -1.789443 -1.917977 -1.751719 -1.938180 -4.577080 -5.261574 -8.553550 -6.034700 -1.420527 -5.412447 -5.801470 -3.364798 -3.928280 -3.110663 -0.191407 -1.423539 -0.808258 -1.216100 -0.955527 -1.513984 -0.973479 -1.028692 -1.024108 -0.927485 -0.885159 -0.881255 -0.397458 -9999.0 -9999.0 -9999.0 -9999.0 -9999.0
-9999.0 -9999.0 -9999.0 -9999.0 -9999.0 -9999.0 -9999.0 -9999.0 -9999.0 -9999.0 -0.282176 -0.143200 -0.065555 -1.200792 -0.050008 -0.121257 -1.372239 -0.350555 -0.303014 -0.335724 -0.158091 -0.131585 -0.184669 -0.057215 -0.183424 -0.357786 -1.400594 -1.436333 -0.886612 -0.179400 -0.441408 -1.760243 -1.578428 -1.904064 -4.857045 -4.585321 -6.635072 -6.985622 -3.278416 -2.604850 -3.363430 -4.340627 -2.233378 -3.053114 -0.537561 -1.514591 -0.785295 -1.632922 -0.447879 -0.861427 -0.958035 -0.948763 -0.921346 -0.938180 -0.869556 -0.003999 -0.003717 -9999.0 -9999.0 -9999.0 -9999.0 -9999.0
-9999.0 -9999.0 -9999.0 -9999.0 -9999.0 -9999.0 -9999.0 -9999.0 -9999.0 -1.088531 -0.299405 -0.325442 -0.144859 -0.301812 -0.120211 -1.288811 -1.195630 -0.047167 -0.397870 -0.747188 -0.198276 -0.216774 -0.200144 -0.243457 -0.311730 -1.429094 -1.668783 -0.183302 -0.209074 -0.207705 -0.669095 -1.556778 -3.005067 -3.370105 -3.226751 -4.419111 -2.277787 -3.983811 -3.529347 -4.907218 -3.061350 -2.142805 -1.731667 -1.122820 -3.034932 -1.188627 -0.012362 -1.452307 -1.382176 -0.462623 -1.240880 -0.635875 -0.957420 -0.833838 -0.670585 -0.207786 -0.007017 -0.000733 -0.004297 -9999.0 -9999.0 -9999.0
-9999.0 -9999.0 -9999.0 -9999.0 -9999.0 -9999.0 -9999.0 -9999.0 -9999.0 -1.139484 -1.117881 -1.173457 -0.048404 -0.140907 -0.140720 -0.129388 -0.004843 -0.208635 -0.465891 -0.175940 -0.192740 -0.809681 -0.245582 -0.139435 -1.475157 -1.172507 -0.205868 -0.207310 -0.926341 -0.425505 -1.711674 -1.560536 -1.430695 -1.431265 -1.787692 -2.307601 -3.005051 -2.895617 -3.041716 -1.830354 -0.762720 -1.603474 -1.923019 -2.095574 -0.318084 -1.382800 -1.851236 -1.246444 -0.196685 -0.438110 -1.033261 -0.762289 -0.786524 -0.854050 -0.858206 -0.168722 -0.008180 -0.009561 -0.000726 -9999.0 -9999.0 -9999.0
-9999.0 -9999.0 -9999.0 -9999.0 -9999.0 -9999.0 -9999.0 -9999.0 -9999.0 -9999.0 -1.127152 -1.157460 -0.918608 -0.449451 -0.377948 -0.069952 -0.126479 -0.162320 -1.619108 -0.430116 -0.122216 -0.361269 -0.130812 -0.146996 -1.160533 -0.213709 -0.680469 -1.266869 -1.563228 -1.479586 -1.428665 -0.495522 -1.340814 -1.343112 -1.621907 -1.581109 -1.188118 -2.100718 -1.724991 -1.730898 -2.280581 -1.599713 -1.672136 -1.414715 -1.503906 -2.168030 -1.709808 -0.307843 -3.442534 -0.580649 -1.186216 -0.827439 -0.425712 -0.699744 -0.594168 -0.858198 -0.258989 -0.139368 -0.009068 -0.019706 -9999.0 -9999.0
-9999.0 -9999.0 -9999.0 -9999.0 -9999.0 -9999.0 -9999.0 -9999.0 -9999.0 -9999.0 -1.125697 -1.121964 -0.744034 -0.121167 -0.161098 -0.171240 -0.223345 -0.437317 -0.149067 -0.568969 -0.579498 -0.244616 -0.066157 -0.211001 -0.205365 -1.298847 -1.050190 -0.486064 -1.639178 -1.449624 -1.327024 -0.892360 -1.421824 -1.293237 -1.259364 -1.568016 -2.075703 -1.892763 -1.589377 -1.333732 -1.345920 -1.303726 -1.249326 -1.272210 -0.346345 -1.197974 -0.430743 -1.454978 -3.056886 -1.614206 -0.539696 -0.420719 -0.081464 -0.475440 -0.707496 -0.225811 -0.890587 -0.010947 -2.271293 -0.506912 -9999.0 -9999.0
-9999.0 -9999.0 -9999.0 -9999.0 -9999.0 -9999.0 -9999.0 -9999.0 -0.062287 -0.061499 -1.099515 -0.728598 -1.087208 -1.128715 -0.125609 -0.482277 -0.515226 -0.477498 -0.518180 -0.567557 -0.337519 -1.749742 -1.921649 -0.273240 -0.328032 -3.262025 -0.285657 -1.554581 -1.046132 -1.360565 -2.328035 -1.272355 -1.227939 -1.172652 -1.136680 -1.349470 -0.882600 -1.728009 -1.439920 -1.199940 -1.118672 -1.304374 -1.135498 -1.382207 -1.123673 -0.111092 -1.127007 -0.063711 -1.494729 -0.472515 -0.210722 -0.108017 -0.036724 -0.618522 -0.236822 -0.001185 -0.001339 -0.027924 -0.232613 -1.086129 -9999.0 -9999.0
-9999.0 -9999.0 -9999.0 -9999.0 -9999.0 -9999.0 -9999.0 -9999.0 -1.069837 -0.094497 -1.233689 -1.136439 -1.170846 -0.363345 -0.160941 -0.266323 -0.117760 -0.125862 -0.598181 -0.397727 -0.317727 -0.564094 -0.447703 -0.778536 -1.918237 -1.844256 -0.711232 -1.209152 -1.322491 -1.241823 -1.235854 -1.330166 -1.044568 -1.068410 -0.205521 -0.252198 -1.169548 -1.088489 -1.385861 -0.668886 -1.106721 -1.445041 -1.067717 -0.177916 -0.273206 -0.332163 -0.990407 -1.060567 -1.185986 -0.311360 -0.595369 -0.171280 -0.066622 -0.002001 -0.357374 -0.957607 -0.033901 -0.215187 -1.934831 -0.132795 -0.110120 -9999.0
-9999.0 -9999.0 -9999.0 -9999.0 -9999.0 -9999.0 -9999.0 -9999.0 -1.143084 -1.141738 -0.048140 -1.168837 -0.784246 -1.115528 -0.054584 -0.209502 -0.680805 -0.490211 -0.524341 -0.163548 -0.122215 -0.445881 -0.552068 -0.668147 -0.925265 -0.604669 -0.578705 -1.627522 -1.799632 -1.489233 -1.344102 -0.372221 -1.417528 -1.319890 -0.121647 -0.169741 -0.719313 -1.087528 -1.255350 -1.116452 -0.972885 -1.009937 -0.103067 -0.797519 -1.014480 -1.049734 -0.549944 -0.040943 -0.625241 -0.730828 -0.298672 -0.298284 -0.367041 -0.982515 -0.313925 -0.286014 -0.686047 -0.699185 -0.422473 -0.089118 -0.069995 -9999.0
-9999.0 -9999.0 -9999.0 -9999.0 -9999.0 -9999.0 -9999.0 -9999.0 -1.340685 -1.135187 -0.069802 -1.178197 -0.046112 -0.050624 -0.048585 -0.605637 -1.981106 -0.269659 -0.368080 -0.140160 -0.293100 -0.102742 -0.376427 -0.808012 -0.223091 -0.184620 -0.151044 -1.502733 -0.191448 -0.182929 -1.475646 -1.459534 -0.878005 -0.372959 -1.221346 -0.741486 -1.031262 -0.262341 -1.313133 -1.085508 -0.214242 -0.051819 -0.043649 -1.091576 -0.054795 -0.550189 -0.010216 -0.626500 -0.043916 -1.352051 -0.278485 -0.352907 -0.985603 -0.316261 -0.676562 -0.754730 -0.575448 -0.128312 -0.027971 -0.065702 -0.090218 -0.116582
-9999.0 -9999.0 -9999.0 -9999.0 -9999.0 -9999.0 -9999.0 -9999.0 -1.101498 -0.392140 -0.048601 -0.050507 -0.048745 -0.526528 -0.213346 -0.465800 -0.269816 -0.363504 -0.156299 -0.134676 -0.626211 -0.281218 -0.392159 -0.643266 -0.378592 -0.067086 -0.533960 -0.195514 -0.091758 -0.192450 -0.386966 -0.165209 -0.732043 -0.165431 -1.277665 -1.229103 -0.894612 -0.296630 -1.868555 -1.120953 -1.197124 -1.051617 -0.423447 -1.235302 -1.176278 -0.117355 -1.268688 -0.186657 -0.188215 -0.551846 -1.528537 -3.000145 -0.745255 -0.789549 -0.605245 -0.604448 -0.248167 -0.121546 -0.080608 -0.088304 -0.533144 -0.086590
-9999.0 -9999.0 -1.157610 -0.447426 -0.701635 -1.158250 -0.141142 -1.178472 -0.759034 -0.293092 -0.436667 -0.419166 -0.348702 -0.135133 -0.215304 -0.279937 -1.530659 -1.212276 -0.833419 -0.153651 -0.158863 -0.167859 -0.536453 -0.897033 -0.704337 -1.006035 -0.286772 -0.309620 -1.043483 -0.199877 -0.187548 -0.061447 -0.245241 -0.693262 -0.389883 -0.769653 -0.455399 -0.393716 -0.345145 -0.223119 -0.238449 -0.341663 -2.324363 -0.233288 -0.178774 -0.178431 -0.743342 -0.718614 -2.761559 -0.772245 -0.522863 -0.507581 -0.277926 -0.651211 -0.215959 -0.169598 -0.324363 -0.290544 -0.264257 -0.626713 -0.038639 -0.036240
-9999.0 -0.132593 -0.138625 -0.102028 -0.411109 -0.053450 -0.715925 -0.832513 -1.002648 -1.008610 -0.613494 -0.048027 -0.130148 -0.008584 -0.038469 -0.042176 -0.792487 -0.765915 -0.174325 -0.401863 -0.227747 -1.748848 -0.584810 -0.138435 -0.734464 -0.715281 -1.003123 -0.862983 -2.307059 -1.135087 -1.099023 -0.348240 -0.276375 -0.468678 -0.439293 -0.955384 -1.152668 -1.220109 -0.658041 -0.625362 -0.565407 -1.040244 -1.006485 -0.743751 -0.422693 -1.104277 -1.654832 -1.559930 -0.522253 -0.212955 -0.386004 -0.490920 -0.356862 -0.430293 -0.410703 -0.420807 -0.262090 -0.258758 -0.096031 -0.100139 -0.005432 -0.007180
-9999.0 -0.359194 -0.131473 -0.129518 -0.050668 -0.140596 -0.323050 -1.245759 -0.929791 -1.115082 -0.757917 -0.051726 -0.292244 -0.036720 -0.669881 -0.790318 -0.999786 -1.283685 -0.064215 -0.450434 -0.123578 -0.382371 -1.461561 -0.696108 -0.580948 -0.329235 -0.060714 -0.346072 -0.345117 -1.358465 -1.197030 -0.548095 -1.365068 -1.015923 -0.453791 -0.984647 -0.184130 -0.846889 -0.721809 -0.727264 -1.327679 -0.955989 -1.071736 -0.221481 -0.040920 -0.412607 -0.032063 -0.030282 -0.046651 -0.070222 -0.532562 -1.586305 -0.288114 -0.950118 -0.304815 -0.110064 -0.100642 -0.085054 -0.043646 -0.005721 -0.004718 -9999.0
