erum2020/resources/simulation/Vinschgau/output-maps/TL0001N0631.asc
ncols         63
nrows         48
xllcorner     598000.000000
yllcorner     5145000.000000
cellsize      1000.000000
NODATA_value  -9999.0
[rows 0 to 27 of 48, columns 0 to 62 of 63]
-9999.0 -9999.0 -9999.0 -9999.0 -9999.0 -9999.0 -9999.0 -9999.0 -9999.0 -9999.0 -9999.0 -9999.0 -9999.0 -9999.0 -9999.0 -9999.0 -9999.0 -9999.0 -9999.0 -9999.0 -9999.0 -9999.0 -9999.0 -9999.0 -9999.0 -9999.0 -9999.0 -9999.0 -9999.0 -9999.0 -9999.0 -9999.0 -9999.0 -9999.0 -9999.0 -9999.0 -9999.0 -9999.0 -9999.0 -9999.0 -9999.0 -9999.0 -9999.0 -9999.0 -9999.0 -9999.0 -9999.0 -9999.0 -9999.0 -9999.0 -9999.0 -9999.0 -9999.0 -9999.0 -9999.0 -9999.0 -9999.0 -9999.0 -9999.0 -9999.0 -9999.0 -9999.0 -9999.0
-9999.0 -9999.0 -9999.0 -9999.0 -9999.0 -9999.0 -9999.0 -9999.0 -9999.0 -9999.0 -9999.0 -9999.0 -9999.0 -9999.0 -9999.0 -9999.0 -9999.0 -9999.0 -9999.0 -9999.0 -9999.0 -9999.0 -9999.0 -9999.0 -9999.0 -9999.0 -9999.0 10.265995 11.541535 10.461839 9.835012 8.743900 8.729371 -9999.0 -9999.0 -9999.0 -9999.0 -9999.0 -9999.0 -9999.0 -9999.0 -9999.0 -9999.0 -9999.0 -9999.0 -9999.0 -9999.0 -9999.0 -9999.0 -9999.0 -9999.0 -9999.0 -9999.0 -9999.0 -9999.0 -9999.0 -9999.0 -9999.0 -9999.0 -9999.0 -9999.0 -9999.0 -9999.0
-9999.0 -9999.0 -9999.0 -9999.0 -9999.0 -9999.0 -9999.0 -9999.0 -9999.0 -9999.0 -9999.0 -9999.0 -9999.0 -9999.0 -9999.0 -9999.0 -9999.0 -9999.0 -9999.0 -9999.0 -9999.0 -9999.0 -9999.0 -9999.0 11.491368 12.144418 13.065437 12.012509 10.482072 11.085891 11.442367 -9999.0 -9999.0 -9999.0 -9999.0 -9999.0 -9999.0 -9999.0 -9999.0 -9999.0 -9999.0 -9999.0 -9999.0 -9999.0 -9999.0 -9999.0 -9999.0 -9999.0 -9999.0 -9999.0 -9999.0 -9999.0 -9999.0 -9999.0 -9999.0 -9999.0 -9999.0 -9999.0 -9999.0 -9999.0 -9999.0 -9999.0 -9999.0
-9999.0 -9999.0 -9999.0 -9999.0 -9999.0 -9999.0 -9999.0 -9999.0 -9999.0 -9999.0 -9999.0 -9999.0 -9999.0 -9999.0 -9999.0 -9999.0 -9999.0 -9999.0 -9999.0 -9999.0 -9999.0 -9999.0 -9999.0 11.573974 12.718018 11.792181 12.101498 12.526968 12.427268 13.552117 11.955624 11.587986 -9999.0 -9999.0 -9999.0 -9999.0 -9999.0 -9999.0 -9999.0 -9999.0 -9999.0 -9999.0 -9999.0 -9999.0 -9999.0 -9999.0 -9999.0 -9999.0 -9999.0 -9999.0 -9999.0 -9999.0 -9999.0 -9999.0 -9999.0 -9999.0 -9999.0 -9999.0 -9999.0 -9999.0 -9999.0 -9999.0 -9999.0
-9999.0 -9999.0 -9999.0 -9999.0 -9999.0 -9999.0 -9999.0 -9999.0 -9999.0 -9999.0 -9999.0 -9999.0 -9999.0 -9999.0 -9999.0 -9999.0 -9999.0 -9999.0 14.974262 12.771007 -9999.0 10.601879 12.210118 11.642384 11.812811 13.337062 13.735322 13.914682 14.122371 12.622223 13.397050 12.249341 10.744338 9.675658 -9999.0 -9999.0 -9999.0 -9999.0 -9999.0 -9999.0 -9999.0 -9999.0 -9999.0 -9999.0 -9999.0 -9999.0 -9999.0 -9999.0 -9999.0 -9999.0 -9999.0 -9999.0 -9999.0 -9999.0 -9999.0 -9999.0 -9999.0 -9999.0 -9999.0 -9999.0 -9999.0 -9999.0 -9999.0
-9999.0 -9999.0 -9999.0 -9999.0 -9999.0 -9999.0 -9999.0 -9999.0 -9999.0 -9999.0 -9999.0 -9999.0 -9999.0 -9999.0 -9999.0 -9999.0 -9999.0 11.424997 10.129244 10.730124 11.715581 9.766906 10.681111 11.630398 15.983950 9.204412 8.266274 10.420869 8.541165 11.371753 12.437689 11.167490 10.914769 11.021285 9.991287 8.274393 -9999.0 -9999.0 -9999.0 -9999.0 -9999.0 -9999.0 -9999.0 -9999.0 -9999.0 -9999.0 -9999.0 -9999.0 -9999.0 -9999.0 -9999.0 -9999.0 -9999.0 -9999.0 -9999.0 -9999.0 -9999.0 -9999.0 -9999.0 -9999.0 -9999.0 -9999.0 -9999.0
-9999.0 -9999.0 -9999.0 -9999.0 -9999.0 -9999.0 -9999.0 -9999.0 -9999.0 -9999.0 -9999.0 -9999.0 -9999.0 9.025648 9.955550 9.325604 10.550020 18.711927 11.066187 12.500831 11.647148 12.157095 13.452406 16.056317 8.769058 12.206362 10.071671 7.571271 9.704922 10.340962 9.125199 10.680791 10.299719 9.227293 9.675435 8.677523 -9999.0 -9999.0 -9999.0 -9999.0 -9999.0 -9999.0 -9999.0 -9999.0 -9999.0 -9999.0 -9999.0 -9999.0 -9999.0 -9999.0 -9999.0 -9999.0 -9999.0 -9999.0 -9999.0 -9999.0 -9999.0 -9999.0 -9999.0 -9999.0 -9999.0 -9999.0 -9999.0
-9999.0 -9999.0 -9999.0 -9999.0 -9999.0 -9999.0 -9999.0 -9999.0 -9999.0 -9999.0 -9999.0 -9999.0 -9999.0 9.786495 10.160460 9.198825 8.981775 14.936960 19.529106 13.252225 11.082915 13.758526 9.873005 9.405237 11.511833 10.753489 12.634711 9.725806 8.758456 8.485341 7.993942 9.203555 9.045314 8.065394 8.487045 -9999.0 -9999.0 -9999.0 -9999.0 -9999.0 -9999.0 -9999.0 -9999.0 -9999.0 -9999.0 -9999.0 -9999.0 -9999.0 -9999.0 -9999.0 -9999.0 -9999.0 -9999.0 -9999.0 -9999.0 -9999.0 -9999.0 -9999.0 -9999.0 -9999.0 -9999.0 -9999.0 -9999.0
-9999.0 -9999.0 -9999.0 -9999.0 -9999.0 -9999.0 -9999.0 -9999.0 -9999.0 -9999.0 -9999.0 -9999.0 -9999.0 9.648026 10.701172 10.737265 8.192706 9.727266 18.347154 10.931055 14.810981 10.725954 8.340754 7.977851 11.113871 10.337658 11.169175 9.476612 11.384210 7.966979 9.343068 4.992222 7.581140 2.959826 6.831285 -9999.0 -9999.0 -9999.0 -9999.0 -9999.0 -9999.0 -9999.0 -9999.0 -9999.0 -9999.0 -9999.0 -9999.0 -9999.0 -9999.0 -9999.0 -9999.0 -9999.0 -9999.0 -9999.0 -9999.0 -9999.0 -9999.0 -9999.0 -9999.0 -9999.0 -9999.0 -9999.0 -9999.0
-9999.0 -9999.0 -9999.0 -9999.0 -9999.0 -9999.0 -9999.0 -9999.0 -9999.0 -9999.0 -9999.0 -9999.0 8.941909 9.943246 10.314446 9.046690 6.586130 8.818023 14.928694 11.771208 11.438752 8.939595 8.351810 8.646139 9.342210 10.374885 8.003566 10.709134 10.950649 9.085046 7.009012 9.387431 10.288684 8.322331 -9999.0 -9999.0 -9999.0 -9999.0 -9999.0 -9999.0 -9999.0 -9999.0 -9999.0 -9999.0 -9999.0 -9999.0 -9999.0 -9999.0 -9999.0 -9999.0 -9999.0 -9999.0 -9999.0 -9999.0 -9999.0 -9999.0 -9999.0 -9999.0 -9999.0 -9999.0 -9999.0 -9999.0 -9999.0
-9999.0 -9999.0 -9999.0 -9999.0 -9999.0 -9999.0 -9999.0 -9999.0 -9999.0 -9999.0 -9999.0 8.949566 8.624226 8.207559 8.132893 8.429263 7.180576 8.086483 15.025406 10.825707 9.037987 11.393840 10.930435 8.675433 8.482891 10.545523 8.841466 10.294971 11.074677 7.715850 8.754765 9.604165 10.219380 10.153309 9.574875 9.979571 11.706373 12.603035 13.818960 -9999.0 -9999.0 -9999.0 9.667892 -9999.0 -9999.0 -9999.0 -9999.0 -9999.0 -9999.0 -9999.0 -9999.0 -9999.0 -9999.0 -9999.0 -9999.0 -9999.0 -9999.0 -9999.0 -9999.0 -9999.0 -9999.0 -9999.0 -9999.0
-9999.0 -9999.0 -9999.0 -9999.0 -9999.0 -9999.0 -9999.0 -9999.0 -9999.0 -9999.0 -9999.0 9.875057 8.460813 8.004899 8.860917 6.454690 9.125087 9.040459 14.531817 14.596558 14.299433 12.292515 10.947011 6.191376 7.116640 10.445947 10.300505 10.026911 10.540433 9.371824 9.808305 11.993851 12.177048 9.876874 9.313352 10.968576 13.865532 15.539577 14.704041 13.363127 13.074549 10.739877 10.730729 10.612105 -9999.0 -9999.0 -9999.0 7.693308 8.895249 9.581084 10.257143 10.048350 9.877561 9.398737 9.105926 5.581496 -9999.0 -9999.0 -9999.0 -9999.0 -9999.0 -9999.0 -9999.0
-9999.0 -9999.0 -9999.0 -9999.0 -9999.0 -9999.0 -9999.0 -9999.0 -9999.0 -9999.0 -9999.0 9.430472 7.196814 5.207146 9.358513 7.730348 5.643310 7.164478 13.949676 15.254629 8.535321 9.005940 7.705799 11.118693 9.618856 9.968464 7.889554 8.190361 10.833862 9.824761 8.993721 7.464498 13.605268 11.845738 11.201431 12.559569 10.096709 11.906786 18.838636 15.505831 14.417652 10.894126 12.044310 12.711168 11.733186 -9999.0 8.101138 8.874399 10.309357 11.413166 12.026412 12.180715 11.934351 11.517321 11.402549 10.909909 -9999.0 -9999.0 -9999.0 -9999.0 -9999.0 -9999.0 -9999.0
-9999.0 -9999.0 -9999.0 -9999.0 -9999.0 -9999.0 -9999.0 -9999.0 -9999.0 -9999.0 -9999.0 -9999.0 8.610753 5.241690 10.106403 8.758123 4.785217 7.055558 15.117357 15.630366 8.714835 9.307560 9.058841 8.493642 7.046895 7.739531 12.940046 10.577063 10.457073 10.330733 10.447725 7.708197 13.414223 11.875183 9.415354 11.213745 8.858193 11.316366 21.663270 16.856170 14.061908 14.804914 9.371324 14.290209 11.194890 10.129597 9.740213 9.204430 7.455184 9.305879 10.815158 8.886033 9.616623 8.379285 8.230045 10.508928 11.215553 -9999.0 -9999.0 -9999.0 -9999.0 -9999.0 -9999.0
-9999.0 -9999.0 -9999.0 -9999.0 -9999.0 -9999.0 -9999.0 -9999.0 -9999.0 -9999.0 -9999.0 5.616566 7.623321 8.846854 6.030299 6.334162 7.327768 7.293652 14.081599 10.046593 9.020160 7.562524 9.159758 8.167481 7.880894 8.966865 8.727071 10.264932 10.622264 10.617289 8.288729 8.884785 12.776776 12.465932 8.543895 10.850226 10.731712 10.037372 11.652670 18.295822 9.934025 10.934314 11.306828 10.927426 15.226134 12.581691 10.560377 11.137932 11.008939 10.576097 8.114416 10.360338 7.383607 6.628347 6.313525 8.759729 11.120954 -9999.0 -9999.0 -9999.0 -9999.0 -9999.0 -9999.0
-9999.0 -9999.0 -9999.0 -9999.0 -9999.0 -9999.0 -9999.0 -9999.0 -9999.0 -9999.0 9.198733 6.742931 10.437444 9.258561 9.822073 7.772589 7.564681 6.582460 9.289560 10.075840 13.859816 12.949526 7.144651 13.512492 10.000828 9.483956 7.824823 7.174911 11.583737 12.214171 9.367464 9.225626 11.718822 10.677357 9.075131 11.339027 12.683414 9.200386 9.197386 12.404476 12.492950 12.422005 17.557443 10.602285 10.838285 12.299485 10.794032 9.236946 10.251979 11.822672 8.001624 9.851487 5.853636 5.010501 8.681225 10.844216 12.025869 -9999.0 -9999.0 -9999.0 -9999.0 -9999.0 -9999.0
-9999.0 -9999.0 -9999.0 -9999.0 -9999.0 -9999.0 -9999.0 -9999.0 -9999.0 8.672134 9.011658 6.767826 8.156017 7.223014 7.125860 7.213550 6.689346 12.306311 9.675429 10.438460 16.054847 8.629972 8.642521 11.331510 10.594989 6.701885 8.533199 12.542524 10.153545 10.958815 11.866369 6.445996 10.376550 8.816269 9.149915 9.256936 11.281723 8.459907 8.172733 9.552991 9.497109 8.241020 7.969808 10.905183 10.725244 10.905659 15.811217 10.318183 9.960014 12.376448 9.339462 11.189307 5.131764 4.080866 9.542308 8.021907 9.327590 12.201160 11.565677 -9999.0 -9999.0 -9999.0 -9999.0
-9999.0 -9999.0 -9999.0 -9999.0 -9999.0 -9999.0 -9999.0 -9999.0 -9999.0 9.741589 8.850749 8.876162 11.036691 9.656776 8.720672 7.584847 11.114270 9.819655 10.380861 15.988603 16.297362 16.295487 14.194943 13.253281 6.914358 9.112110 10.340705 11.183771 12.187356 13.578400 12.538521 6.317660 10.586902 10.750652 10.384520 13.414514 13.365751 14.230990 9.819719 10.766191 8.721616 7.123325 9.235304 11.090633 11.342422 13.335373 13.407983 12.557589 11.513757 12.584327 6.984348 7.138589 10.100218 9.271840 9.580133 7.219277 9.011757 10.116098 13.079930 -9999.0 -9999.0 -9999.0 -9999.0
-9999.0 -9999.0 -9999.0 -9999.0 -9999.0 -9999.0 -9999.0 -9999.0 -9999.0 -9999.0 9.161482 9.304008 7.990000 7.382435 10.342274 9.424238 9.307325 10.843514 11.094005 13.034864 15.804123 9.583655 7.775799 6.948630 8.971013 11.286349 12.668916 13.689480 13.187700 6.878361 6.392470 8.946067 6.517283 8.865025 10.410282 11.512179 13.597045 14.780719 12.791743 9.300147 8.625455 12.110744 11.245118 9.549196 8.525828 9.671952 10.010336 14.936151 14.564882 12.847640 7.889197 9.406950 11.464299 5.739944 7.143594 9.672090 10.470797 11.417428 12.159451 12.731111 -9999.0 -9999.0 -9999.0
-9999.0 -9999.0 -9999.0 -9999.0 -9999.0 -9999.0 -9999.0 -9999.0 -9999.0 -9999.0 9.070921 9.512909 9.513678 8.619536 14.323398 8.873014 8.283399 9.623555 11.541073 13.603350 10.010409 8.451223 7.280162 9.301690 10.569068 13.882839 15.249183 10.078781 7.783545 7.135614 9.559078 10.181683 7.307346 10.085652 9.226996 9.964420 9.647410 9.616079 8.079847 10.309326 9.721501 10.957920 0.511740 10.156577 11.048075 7.758794 9.870565 9.106903 11.106167 14.623233 12.365674 0.688928 8.711172 11.279701 11.134529 10.782491 9.199157 10.328076 12.245859 14.340318 -9999.0 -9999.0 -9999.0
-9999.0 -9999.0 -9999.0 -9999.0 -9999.0 -9999.0 -9999.0 -9999.0 11.479260 11.136364 9.337652 9.259135 7.823007 8.105784 7.033140 10.099991 10.421858 16.238490 13.448924 13.703776 11.172977 9.939594 8.908603 7.165280 10.950580 14.903141 16.940300 8.942062 9.120009 7.401260 6.451869 9.246027 10.846690 9.492759 9.802560 8.496901 12.180844 10.176849 5.917301 11.173443 9.495423 9.973708 7.123869 8.751865 11.162383 11.347865 6.624534 9.192825 9.608145 13.771938 12.786900 9.505972 9.844007 7.787503 10.994525 12.211032 12.010135 14.272374 13.727081 13.749701 -9999.0 -9999.0 -9999.0
-9999.0 -9999.0 -9999.0 -9999.0 -9999.0 -9999.0 -9999.0 -9999.0 7.546321 8.376122 6.982028 9.089788 9.319191 8.295756 7.590543 9.016809 9.854985 9.885037 11.929708 13.980625 18.741787 17.337747 16.081655 15.390603 10.303448 13.700331 11.204483 10.827831 8.152362 11.365991 10.208792 11.167042 10.931061 10.681923 10.481865 10.905082 12.557665 10.989315 9.201295 11.869898 10.374320 8.118278 9.637593 10.876635 11.859980 8.930738 7.713387 10.351410 9.951726 11.292635 15.177433 12.117480 8.149437 11.702313 14.817948 11.299332 12.307436 13.257694 15.454847 17.235149 17.731175 -9999.0 -9999.0
-9999.0 -9999.0 -9999.0 -9999.0 -9999.0 -9999.0 -9999.0 -9999.0 8.710989 10.488469 11.875496 6.320299 10.760342 7.433679 9.507815 8.081782 9.418041 11.962301 12.083098 18.287572 14.393503 17.524023 17.410585 13.156776 17.330943 11.449478 10.432847 7.545567 7.920813 11.237357 10.733878 11.126836 8.011172 8.055530 11.206312 12.937304 1.642712 10.986938 8.070232 8.892955 11.189904 10.593526 10.582771 10.614939 8.148826 11.191770 11.962748 11.048344 8.469753 10.999003 13.666762 13.807038 9.446379 9.505869 12.960151 13.500783 14.474683 15.993570 17.214372 17.508157 17.608396 -9999.0 -9999.0
-9999.0 -9999.0 -9999.0 -9999.0 -9999.0 -9999.0 -9999.0 -9999.0 8.006876 10.113679 9.960582 7.871264 11.874783 9.393248 8.382601 10.324593 12.279784 12.887437 15.201674 12.229131 13.930540 14.264369 17.543985 17.376161 10.275941 9.380546 8.341273 6.534834 13.212381 9.305727 9.121984 9.199331 10.063905 10.743868 9.317854 13.530141 14.402287 11.749759 1.243353 9.859706 12.347076 11.785948 11.730008 12.308808 11.975050 11.448486 11.969728 12.233897 12.884698 11.195764 11.800981 14.274175 15.476438 13.934733 15.719882 15.466648 16.178227 14.687498 16.237610 17.454117 16.471081 13.083971 -9999.0
-9999.0 -9999.0 -9999.0 -9999.0 -9999.0 -9999.0 -9999.0 -9999.0 8.489257 10.004032 0.509934 8.023901 9.070793 9.855912 16.273182 14.074483 15.955374 11.080487 9.470832 10.275927 11.461167 14.017273 14.013643 13.799692 16.136972 8.575505 7.255692 10.174870 11.172429 10.844250 7.981048 10.303563 11.627425 11.314834 0.707372 0.697929 11.886024 13.206718 12.042002 12.147299 11.695434 0.885833 10.917104 10.693462 9.900576 13.199290 10.260136 11.031062 11.435050 13.392472 15.090544 14.212744 14.927802 16.953349 16.504469 16.561706 17.523142 17.437058 17.241284 16.517846 13.855160 12.214947 -9999.0
-9999.0 -9999.0 10.679543 10.633308 7.390951 7.956078 8.588923 7.527030 10.672120 10.197878 0.527120 9.748720 10.151266 12.950678 18.355783 13.854566 9.689863 7.337920 8.803462 8.920880 10.223324 12.290852 13.990498 12.397840 13.142562 9.812862 8.982455 9.240951 10.679936 14.486269 9.028309 9.490040 14.050391 10.400458 13.136402 11.301851 14.752503 14.968923 13.281509 11.856940 13.867262 13.101851 11.105295 12.583485 9.920352 11.761029 13.221133 11.284235 14.561155 15.841228 16.934379 17.387691 17.528554 17.546812 17.419054 21.367412 16.066281 15.798945 14.960932 13.598187 15.581126 11.211136 -9999.0
-9999.0 9.202714 8.528261 8.532743 8.254834 8.451574 8.356536 6.763198 6.467526 10.124318 8.295615 9.105024 11.219636 16.316971 18.201204 9.825051 9.768230 8.343745 8.975235 9.017123 10.595120 11.804314 17.087658 12.519759 17.811172 13.605267 17.058720 16.837781 14.361085 13.607635 13.271627 12.988746 13.010987 16.531936 14.895784 16.879754 18.022418 17.107036 17.411778 17.198596 16.394068 15.264001 14.966813 12.560029 11.872336 12.419804 14.991912 14.553498 16.943558 16.051547 16.908184 16.847163 15.838455 15.765860 15.773816 15.164469 12.623563 12.316549 13.454034 14.680410 10.211478 10.723592 -9999.0
-9999.0 10.998568 9.138260 9.591220 14.212796 9.571596 6.725694 7.056041 11.442116 11.179724 8.614686 9.895618 11.439425 18.214924 10.763896 8.311630 8.034167 7.879901 9.492129 8.422033 12.645636 10.027620 12.048325 13.959911 18.528617 19.142049 13.215825 14.998507 15.015674 13.841796 14.053699 13.861966 14.350329 14.939575 18.867256 18.342383 24.349013 25.205004 19.147968 19.555797 18.797811 16.999655 16.274630 15.335359 15.448539 15.560328 17.118468 17.282143 16.623416 16.744651 15.903572 13.569383 13.304297 13.258123 12.770795 11.555533 11.433261 10.463893 10.083123 9.275671 9.115919 -9999.0 -9999.0
