erum2020/resources/simulation/Vinschgau/output-maps/TL0007N1264.asc
ncols         63
nrows         48
xllcorner     598000.000000
yllcorner     5145000.000000
cellsize      1000.000000
NODATA_value  -9999.0
[rows 0 to 27 of 48, columns 0 to 62 of 63]
-9999.0 -9999.0 -9999.0 -9999.0 -9999.0 -9999.0 -9999.0 -9999.0 -9999.0 -9999.0 -9999.0 -9999.0 -9999.0 -9999.0 -9999.0 -9999.0 -9999.0 -9999.0 -9999.0 -9999.0 -9999.0 -9999.0 -9999.0 -9999.0 -9999.0 -9999.0 -9999.0 -9999.0 -9999.0 -9999.0 -9999.0 -9999.0 -9999.0 -9999.0 -9999.0 -9999.0 -9999.0 -9999.0 -9999.0 -9999.0 -9999.0 -9999.0 -9999.0 -9999.0 -9999.0 -9999.0 -9999.0 -9999.0 -9999.0 -9999.0 -9999.0 -9999.0 -9999.0 -9999.0 -9999.0 -9999.0 -9999.0 -9999.0 -9999.0 -9999.0 -9999.0 -9999.0 -9999.0
-9999.0 -9999.0 -9999.0 -9999.0 -9999.0 -9999.0 -9999.0 -9999.0 -9999.0 -9999.0 -9999.0 -9999.0 -9999.0 -9999.0 -9999.0 -9999.0 -9999.0 -9999.0 -9999.0 -9999.0 -9999.0 -9999.0 -9999.0 -9999.0 -9999.0 -9999.0 -9999.0 2.583586 0.867013 3.131300 0.581263 0.405162 -0.031196 -9999.0 -9999.0 -9999.0 -9999.0 -9999.0 -9999.0 -9999.0 -9999.0 -9999.0 -9999.0 -9999.0 -9999.0 -9999.0 -9999.0 -9999.0 -9999.0 -9999.0 -9999.0 -9999.0 -9999.0 -9999.0 -9999.0 -9999.0 -9999.0 -9999.0 -9999.0 -9999.0 -9999.0 -9999.0 -9999.0
-9999.0 -9999.0 -9999.0 -9999.0 -9999.0 -9999.0 -9999.0 -9999.0 -9999.0 -9999.0 -9999.0 -9999.0 -9999.0 -9999.0 -9999.0 -9999.0 -9999.0 -9999.0 -9999.0 -9999.0 -9999.0 -9999.0 -9999.0 -9999.0 0.880547 1.513943 2.133239 0.867522 1.041958 1.975360 0.485443 -9999.0 -9999.0 -9999.0 -9999.0 -9999.0 -9999.0 -9999.0 -9999.0 -9999.0 -9999.0 -9999.0 -9999.0 -9999.0 -9999.0 -9999.0 -9999.0 -9999.0 -9999.0 -9999.0 -9999.0 -9999.0 -9999.0 -9999.0 -9999.0 -9999.0 -9999.0 -9999.0 -9999.0 -9999.0 -9999.0 -9999.0 -9999.0
-9999.0 -9999.0 -9999.0 -9999.0 -9999.0 -9999.0 -9999.0 -9999.0 -9999.0 -9999.0 -9999.0 -9999.0 -9999.0 -9999.0 -9999.0 -9999.0 -9999.0 -9999.0 -9999.0 -9999.0 -9999.0 -9999.0 -9999.0 1.971511 3.186628 4.153330 4.287159 4.400522 4.785194 2.756491 0.493068 -0.002304 -9999.0 -9999.0 -9999.0 -9999.0 -9999.0 -9999.0 -9999.0 -9999.0 -9999.0 -9999.0 -9999.0 -9999.0 -9999.0 -9999.0 -9999.0 -9999.0 -9999.0 -9999.0 -9999.0 -9999.0 -9999.0 -9999.0 -9999.0 -9999.0 -9999.0 -9999.0 -9999.0 -9999.0 -9999.0 -9999.0 -9999.0
-9999.0 -9999.0 -9999.0 -9999.0 -9999.0 -9999.0 -9999.0 -9999.0 -9999.0 -9999.0 -9999.0 -9999.0 -9999.0 -9999.0 -9999.0 -9999.0 -9999.0 -9999.0 7.032051 3.304207 -9999.0 2.681508 3.268269 3.921936 3.864897 4.622361 4.711819 5.289173 2.810106 1.536344 2.344895 0.553315 1.011492 1.529571 -9999.0 -9999.0 -9999.0 -9999.0 -9999.0 -9999.0 -9999.0 -9999.0 -9999.0 -9999.0 -9999.0 -9999.0 -9999.0 -9999.0 -9999.0 -9999.0 -9999.0 -9999.0 -9999.0 -9999.0 -9999.0 -9999.0 -9999.0 -9999.0 -9999.0 -9999.0 -9999.0 -9999.0 -9999.0
-9999.0 -9999.0 -9999.0 -9999.0 -9999.0 -9999.0 -9999.0 -9999.0 -9999.0 -9999.0 -9999.0 -9999.0 -9999.0 -9999.0 -9999.0 -9999.0 -9999.0 5.404526 4.060475 4.782445 5.222339 0.881056 1.951753 3.761845 5.807118 0.366406 -0.053761 1.292026 -0.047205 2.542400 3.783482 2.481204 3.529292 2.428524 0.913963 1.284106 -9999.0 -9999.0 -9999.0 -9999.0 -9999.0 -9999.0 -9999.0 -9999.0 -9999.0 -9999.0 -9999.0 -9999.0 -9999.0 -9999.0 -9999.0 -9999.0 -9999.0 -9999.0 -9999.0 -9999.0 -9999.0 -9999.0 -9999.0 -9999.0 -9999.0 -9999.0 -9999.0
-9999.0 -9999.0 -9999.0 -9999.0 -9999.0 -9999.0 -9999.0 -9999.0 -9999.0 -9999.0 -9999.0 -9999.0 -9999.0 5.944771 3.589133 3.793113 5.107513 12.100013 5.173747 4.294677 4.102514 3.775171 4.546566 6.024795 -0.002851 3.281049 0.062653 -0.047161 -0.042863 -0.003592 -0.232125 2.063333 1.094845 0.608952 1.708356 1.147180 -9999.0 -9999.0 -9999.0 -9999.0 -9999.0 -9999.0 -9999.0 -9999.0 -9999.0 -9999.0 -9999.0 -9999.0 -9999.0 -9999.0 -9999.0 -9999.0 -9999.0 -9999.0 -9999.0 -9999.0 -9999.0 -9999.0 -9999.0 -9999.0 -9999.0 -9999.0 -9999.0
-9999.0 -9999.0 -9999.0 -9999.0 -9999.0 -9999.0 -9999.0 -9999.0 -9999.0 -9999.0 -9999.0 -9999.0 -9999.0 6.505971 5.209205 4.492416 4.290820 11.522671 12.194924 6.214033 4.413207 7.823677 3.061771 1.799631 2.854536 1.119273 1.382771 3.038907 1.967352 -0.054511 -0.086353 0.585836 1.280988 0.453126 0.533816 -9999.0 -9999.0 -9999.0 -9999.0 -9999.0 -9999.0 -9999.0 -9999.0 -9999.0 -9999.0 -9999.0 -9999.0 -9999.0 -9999.0 -9999.0 -9999.0 -9999.0 -9999.0 -9999.0 -9999.0 -9999.0 -9999.0 -9999.0 -9999.0 -9999.0 -9999.0 -9999.0 -9999.0
-9999.0 -9999.0 -9999.0 -9999.0 -9999.0 -9999.0 -9999.0 -9999.0 -9999.0 -9999.0 -9999.0 -9999.0 -9999.0 5.372991 5.319194 6.602329 4.169192 4.922375 12.596530 5.266782 9.200938 3.847178 0.603824 -0.005139 3.087418 2.361835 3.898492 1.720199 -0.001597 0.543078 0.446538 0.445644 0.487035 -5.316757 1.250956 -9999.0 -9999.0 -9999.0 -9999.0 -9999.0 -9999.0 -9999.0 -9999.0 -9999.0 -9999.0 -9999.0 -9999.0 -9999.0 -9999.0 -9999.0 -9999.0 -9999.0 -9999.0 -9999.0 -9999.0 -9999.0 -9999.0 -9999.0 -9999.0 -9999.0 -9999.0 -9999.0 -9999.0
-9999.0 -9999.0 -9999.0 -9999.0 -9999.0 -9999.0 -9999.0 -9999.0 -9999.0 -9999.0 -9999.0 -9999.0 4.208002 4.842536 6.269883 4.743274 2.816912 4.454225 12.449099 6.626099 4.512064 -0.003590 0.447706 -0.026520 -0.336392 1.234196 -1.601186 0.449757 0.805992 1.131023 -0.034106 1.029094 -0.006093 1.450244 -9999.0 -9999.0 -9999.0 -9999.0 -9999.0 -9999.0 -9999.0 -9999.0 -9999.0 -9999.0 -9999.0 -9999.0 -9999.0 -9999.0 -9999.0 -9999.0 -9999.0 -9999.0 -9999.0 -9999.0 -9999.0 -9999.0 -9999.0 -9999.0 -9999.0 -9999.0 -9999.0 -9999.0 -9999.0
-9999.0 -9999.0 -9999.0 -9999.0 -9999.0 -9999.0 -9999.0 -9999.0 -9999.0 -9999.0 -9999.0 5.576985 5.713838 2.883903 5.816445 8.510352 5.896716 4.792279 12.089202 8.102934 3.106250 3.599476 3.542681 2.137462 0.586123 1.896960 0.350429 0.698197 -0.021048 0.892874 1.254384 0.975210 1.705265 1.378431 1.145681 2.123904 0.419756 1.519415 1.762016 -9999.0 -9999.0 -9999.0 1.248530 -9999.0 -9999.0 -9999.0 -9999.0 -9999.0 -9999.0 -9999.0 -9999.0 -9999.0 -9999.0 -9999.0 -9999.0 -9999.0 -9999.0 -9999.0 -9999.0 -9999.0 -9999.0 -9999.0 -9999.0
-9999.0 -9999.0 -9999.0 -9999.0 -9999.0 -9999.0 -9999.0 -9999.0 -9999.0 -9999.0 -9999.0 5.064342 5.495022 7.186958 6.919774 7.902796 7.949890 5.233793 12.264004 9.338864 9.053989 5.719405 2.894756 -0.778409 -0.464322 0.749306 0.607762 1.660657 3.170169 1.451964 0.625773 1.410571 -0.002358 -0.010004 -0.003421 0.657269 2.669821 3.148660 1.913589 1.232185 1.473551 1.536610 0.540659 1.289663 -9999.0 -9999.0 -9999.0 -0.043858 -0.026946 0.357670 -0.026807 0.165956 0.203853 -0.058117 -0.059719 0.193174 -9999.0 -9999.0 -9999.0 -9999.0 -9999.0 -9999.0 -9999.0
-9999.0 -9999.0 -9999.0 -9999.0 -9999.0 -9999.0 -9999.0 -9999.0 -9999.0 -9999.0 -9999.0 4.768460 5.423943 1.873160 7.804821 8.589778 3.407503 4.176085 10.628102 9.235196 2.584615 0.598617 -0.163038 0.874516 0.774228 2.677653 -0.294097 -2.098736 2.291179 -0.002831 1.909807 -0.568541 1.809383 -0.009660 1.249875 2.291688 -0.531316 -0.631928 4.092992 1.946461 1.716418 0.420824 1.785946 0.690317 -0.020078 -9999.0 1.023864 -0.021820 0.516131 0.809396 2.110856 3.291064 0.693048 0.096225 0.426802 -0.018650 -9999.0 -9999.0 -9999.0 -9999.0 -9999.0 -9999.0 -9999.0
-9999.0 -9999.0 -9999.0 -9999.0 -9999.0 -9999.0 -9999.0 -9999.0 -9999.0 -9999.0 -9999.0 -9999.0 5.252757 -0.023412 6.693458 7.078893 1.094112 3.201565 11.482321 9.052098 2.468286 1.113432 -0.048878 -0.305793 -1.038222 -0.335909 0.902867 2.344333 0.537382 1.451259 0.587626 -0.420229 2.509940 0.372275 -0.002622 1.361512 -0.274540 -0.751132 4.937531 3.254852 3.567816 3.754442 -0.231445 2.109634 1.624969 -0.020911 0.459098 -0.018496 -1.024853 -0.210604 -0.009819 -0.738957 -2.315066 -1.423760 -1.067902 -0.002576 -0.021357 -9999.0 -9999.0 -9999.0 -9999.0 -9999.0 -9999.0
-9999.0 -9999.0 -9999.0 -9999.0 -9999.0 -9999.0 -9999.0 -9999.0 -9999.0 -9999.0 -9999.0 -0.093133 3.396024 6.577170 -0.034829 1.049709 2.423900 2.503371 10.882568 4.422066 2.738591 0.830271 -0.005606 -0.278739 -0.259502 -1.082338 -0.350608 0.470696 0.400113 2.931518 -0.325680 -0.439777 3.035786 0.460229 -0.004816 0.655117 1.642283 -0.057497 0.630294 5.100717 -0.055416 -0.006771 -0.048844 0.062041 3.336673 0.484794 0.770920 2.863332 3.496848 -0.012969 -1.637660 0.503156 -1.732028 -4.346264 -5.320634 -4.551036 0.511806 -9999.0 -9999.0 -9999.0 -9999.0 -9999.0 -9999.0
-9999.0 -9999.0 -9999.0 -9999.0 -9999.0 -9999.0 -9999.0 -9999.0 -9999.0 -9999.0 1.053610 -0.057604 3.184266 3.635361 5.017865 -0.016813 -0.018771 -0.003275 3.584409 4.067295 6.953712 4.867526 -0.258189 3.850496 -0.003467 -0.766846 -0.611397 -2.530743 2.544036 2.905494 -0.236415 -1.068175 2.685817 0.424870 1.531806 1.957548 2.545841 -0.160741 -0.261384 0.924308 1.067572 2.134659 7.305861 1.058070 -0.020224 2.981577 1.548313 -0.093703 -0.388715 -0.001338 -2.759534 0.359546 -5.771098 -1.713023 -0.036964 0.127715 0.325217 -9999.0 -9999.0 -9999.0 -9999.0 -9999.0 -9999.0
-9999.0 -9999.0 -9999.0 -9999.0 -9999.0 -9999.0 -9999.0 -9999.0 -9999.0 1.306389 1.215183 -0.045558 -0.039125 -0.061941 -0.089746 -0.050222 -0.021591 5.778673 3.511757 4.109093 7.370348 0.921198 0.377021 1.444954 0.580550 -1.037900 -1.157215 2.839473 -0.042525 -0.022098 0.636163 -1.234149 2.192995 1.055405 1.618283 1.878586 2.443218 -0.409929 -0.212390 -0.073462 -0.504589 -0.366051 -0.193264 1.650990 1.232857 -0.020921 4.342245 -0.100680 -0.093550 0.680468 -0.634296 0.479162 -5.844744 -0.019189 0.027330 -2.416871 -1.505192 1.253638 0.187547 -9999.0 -9999.0 -9999.0 -9999.0
-9999.0 -9999.0 -9999.0 -9999.0 -9999.0 -9999.0 -9999.0 -9999.0 -9999.0 1.622633 1.080057 3.113021 3.839592 -0.001516 -0.023645 -0.066221 4.268949 1.424012 4.078353 8.508685 8.057247 7.699461 5.348229 3.477123 -0.650655 -0.446036 -0.067334 -0.001703 1.200994 3.549501 2.906908 -1.615236 0.763914 -0.003713 0.537750 1.860778 2.467209 3.635000 1.253324 3.205977 -0.346147 -0.587393 -0.046674 1.487864 2.753938 2.871685 2.555497 1.195405 -0.005109 0.879848 -2.497263 -3.656622 -0.371863 -0.673300 0.387335 -2.995322 -1.672716 -0.653968 2.317755 -9999.0 -9999.0 -9999.0 -9999.0
-9999.0 -9999.0 -9999.0 -9999.0 -9999.0 -9999.0 -9999.0 -9999.0 -9999.0 -9999.0 0.582422 2.897216 -0.037402 -0.247710 0.378806 -0.021422 -0.001408 2.795950 4.856568 5.761646 8.151145 2.733770 -0.002223 -0.216680 -0.257886 -0.020288 0.792228 1.735300 2.840393 -1.178132 -1.515357 -1.936554 -1.943689 0.055448 0.919252 2.998896 2.697046 2.805157 2.485421 0.681505 0.536689 2.563026 3.108320 -0.018721 -0.003257 -0.002393 1.730626 5.622986 4.132927 0.897366 -1.459204 -1.163967 -0.012882 -0.545618 -0.762110 -0.025471 -0.000546 -0.778784 -0.075336 -0.002639 -9999.0 -9999.0 -9999.0
-9999.0 -9999.0 -9999.0 -9999.0 -9999.0 -9999.0 -9999.0 -9999.0 -9999.0 -9999.0 0.501812 1.659487 2.491794 -0.020593 4.380960 0.255672 -0.003670 2.613553 5.289290 6.496179 3.402529 1.532433 -0.002934 -0.038993 -0.016792 1.265868 2.397768 -0.002367 -0.868090 -1.678882 0.641638 0.982538 -1.931368 -0.002403 0.670912 3.040320 -0.683308 -0.070948 -0.939646 0.441294 0.736650 4.967321 -0.094033 2.730116 1.304346 -0.128332 -0.001153 -0.003098 3.119268 3.134049 0.539774 -0.708401 -2.421741 0.095182 -1.178401 -0.544482 -0.026768 -0.109106 1.397831 2.567360 -9999.0 -9999.0 -9999.0
-9999.0 -9999.0 -9999.0 -9999.0 -9999.0 -9999.0 -9999.0 -9999.0 0.830295 0.567960 0.380566 0.870568 -0.413307 -0.053620 -0.041148 1.607950 2.932411 8.491269 6.731832 6.897169 5.126260 4.047379 3.172021 1.470333 1.159123 1.906696 4.489514 -0.432851 -0.582545 -1.599349 0.442134 0.656942 0.678991 -0.001505 0.781917 1.341099 4.556578 -0.058743 -2.107932 2.001766 3.121669 2.418850 -1.594520 2.336359 4.024885 1.012382 -1.932333 -0.050420 -0.002292 2.974564 1.026684 -0.500978 -1.476472 -4.113432 -0.263641 -0.002554 1.452961 2.923787 1.291645 4.472718 -9999.0 -9999.0 -9999.0
-9999.0 -9999.0 -9999.0 -9999.0 -9999.0 -9999.0 -9999.0 -9999.0 -2.173152 -0.738333 -1.462018 0.381517 1.174798 -1.284571 -0.518949 -0.002425 1.925586 2.511554 5.496081 7.436799 12.091808 10.854692 10.441507 9.441964 3.386047 3.367691 0.816443 -0.057828 -1.859925 0.426566 -0.005789 2.280388 0.991087 2.570353 0.884603 2.053958 5.663191 -0.002614 -0.047229 2.391326 0.670618 0.492216 2.760982 2.559856 0.826835 -0.145967 -2.000005 1.980861 -0.045108 1.466838 2.427095 -0.025445 -4.296672 -0.024715 0.636754 -1.831269 -0.146751 -0.010876 3.287589 6.269770 7.292438 -9999.0 -9999.0
-9999.0 -9999.0 -9999.0 -9999.0 -9999.0 -9999.0 -9999.0 -9999.0 0.645799 0.647817 0.356010 -1.927953 0.827534 -1.441348 -0.093562 -0.422243 0.251559 3.821715 5.431666 11.749580 7.890830 11.056626 11.161274 6.535396 8.651504 3.239230 0.353746 -0.819776 -2.368798 0.666324 2.752790 2.078570 -0.746027 -0.477507 2.939407 5.095253 0.203404 1.747957 -0.025752 -0.083495 2.277309 3.146419 0.908408 0.609398 -0.414915 0.887191 1.872194 0.598249 -0.879126 -0.002322 2.615464 0.871478 -3.294888 -4.159310 -0.049693 -0.038535 1.593400 3.075252 6.185447 6.528651 6.992591 -9999.0 -9999.0
-9999.0 -9999.0 -9999.0 -9999.0 -9999.0 -9999.0 -9999.0 -9999.0 0.413259 2.124778 -0.071532 -2.344125 0.742899 -0.438989 -0.282241 0.193737 3.973736 5.225911 8.581367 5.690750 7.332761 7.736894 10.565296 9.759468 3.638146 1.038620 -0.002432 -1.560375 2.317417 -0.483994 -0.092610 -0.063745 0.111539 -0.041173 -0.031307 4.414686 6.771567 4.104664 0.736135 -0.017730 3.006301 3.189991 3.103892 4.013485 0.709540 3.061328 2.661685 3.491488 0.858890 -0.160969 -0.001999 2.317725 0.951259 -0.048588 1.198256 2.165022 3.892112 4.869631 5.751370 6.728730 5.741748 2.737478 -9999.0
-9999.0 -9999.0 -9999.0 -9999.0 -9999.0 -9999.0 -9999.0 -9999.0 -0.039929 0.736712 -1.416574 -1.173282 -0.379616 -0.125089 3.537243 2.912041 5.898345 2.475863 0.872180 2.897183 4.767599 7.140404 7.347200 7.030895 7.891427 0.256494 -0.679838 -0.016806 0.407847 -0.022652 -0.111695 0.815838 2.810085 1.760466 0.996718 2.313989 4.145567 6.084841 5.458401 2.734263 1.242568 1.034580 1.269756 0.317069 -0.118955 3.489002 -0.040509 -0.069061 -0.041210 0.708936 2.105334 1.746131 1.983101 2.338515 2.991478 3.382722 4.063160 5.121646 5.956918 6.098623 4.212452 2.146604 -9999.0
-9999.0 -9999.0 2.052854 0.860663 -2.610470 -0.561490 -1.595455 -1.643276 -0.004133 -0.000573 -0.425134 -0.372689 -0.093017 -0.013592 4.850532 2.100813 -0.003154 -0.817220 -0.052856 -0.002698 2.766932 5.489181 6.536281 6.148574 5.134820 2.041751 -0.004413 0.252628 2.601622 4.723030 -0.002472 0.875632 7.340849 3.433286 5.336922 4.667939 7.822598 8.334360 7.243894 4.561499 5.522341 5.554048 4.301939 3.240772 -0.002671 0.927009 2.174949 1.450920 3.412206 4.524633 5.383187 4.736526 3.761278 3.245398 3.151325 7.789349 3.835930 4.348634 4.282565 3.569331 5.981637 1.355790 -9999.0
-9999.0 -0.073482 -0.267640 -0.242258 -0.473714 -0.595657 -1.234005 -1.450965 -2.286934 -0.001277 -1.506841 -0.491713 -0.001151 4.214199 3.835083 -0.286977 -0.351432 -0.777628 -0.373820 -0.002589 2.541386 4.303489 8.152266 4.930385 9.089509 4.929952 7.297840 7.553783 5.652116 4.113689 4.248749 4.409289 6.132358 10.309485 8.429880 9.687871 11.327777 11.231220 11.494958 9.862820 8.957665 8.834555 8.150422 4.853021 3.553510 3.948654 5.432349 5.954193 7.247745 6.121397 5.661582 4.508661 3.620957 2.818943 2.742805 2.227033 0.806728 1.165095 2.029357 4.248986 0.549561 1.145002 -9999.0
-9999.0 4.175274 -0.037825 -0.044108 2.193929 -0.059269 -2.106037 -1.849701 -0.019428 0.296860 -1.253631 -0.848524 0.272182 4.024451 -0.071677 -2.560843 -1.381940 -0.998451 -0.754183 -0.007918 4.661289 2.031937 3.105763 3.557215 9.074257 10.167253 5.469096 6.824788 6.789293 6.428012 6.572365 6.346305 7.912001 8.806710 13.095877 11.803550 17.950868 18.940749 14.389258 13.312289 12.599023 11.578975 10.496611 8.101036 7.961498 7.829719 8.481901 8.189482 7.566262 6.713956 4.769657 2.081539 0.946557 1.522272 0.678355 -0.002091 -0.217921 -0.003194 -0.002051 -0.005589 -0.002267 -9999.0 -9999.0
