erum2020/resources/simulation/Vinschgau/output-maps/TL0002N0747.asc
ncols         63
nrows         48
xllcorner     598000.000000
yllcorner     5145000.000000
cellsize      1000.000000
NODATA_value  -9999.0
[rows 0 to 27 of 48, columns 0 to 62 of 63]
-9999.0 -9999.0 -9999.0 -9999.0 -9999.0 -9999.0 -9999.0 -9999.0 -9999.0 -9999.0 -9999.0 -9999.0 -9999.0 -9999.0 -9999.0 -9999.0 -9999.0 -9999.0 -9999.0 -9999.0 -9999.0 -9999.0 -9999.0 -9999.0 -9999.0 -9999.0 -9999.0 -9999.0 -9999.0 -9999.0 -9999.0 -9999.0 -9999.0 -9999.0 -9999.0 -9999.0 -9999.0 -9999.0 -9999.0 -9999.0 -9999.0 -9999.0 -9999.0 -9999.0 -9999.0 -9999.0 -9999.0 -9999.0 -9999.0 -9999.0 -9999.0 -9999.0 -9999.0 -9999.0 -9999.0 -9999.0 -9999.0 -9999.0 -9999.0 -9999.0 -9999.0 -9999.0 -9999.0
-9999.0 -9999.0 -9999.0 -9999.0 -9999.0 -9999.0 -9999.0 -9999.0 -9999.0 -9999.0 -9999.0 -9999.0 -9999.0 -9999.0 -9999.0 -9999.0 -9999.0 -9999.0 -9999.0 -9999.0 -9999.0 -9999.0 -9999.0 -9999.0 -9999.0 -9999.0 -9999.0 -1.686209 -0.327493 -2.346235 -2.303373 -1.690203 -2.330716 -9999.0 -9999.0 -9999.0 -9999.0 -9999.0 -9999.0 -9999.0 -9999.0 -9999.0 -9999.0 -9999.0 -9999.0 -9999.0 -9999.0 -9999.0 -9999.0 -9999.0 -9999.0 -9999.0 -9999.0 -9999.0 -9999.0 -9999.0 -9999.0 -9999.0 -9999.0 -9999.0 -9999.0 -9999.0 -9999.0
-9999.0 -9999.0 -9999.0 -9999.0 -9999.0 -9999.0 -9999.0 -9999.0 -9999.0 -9999.0 -9999.0 -9999.0 -9999.0 -9999.0 -9999.0 -9999.0 -9999.0 -9999.0 -9999.0 -9999.0 -9999.0 -9999.0 -9999.0 -9999.0 -0.171723 -0.090918 -0.044639 -0.116776 -0.577753 -0.638346 -0.790874 -9999.0 -9999.0 -9999.0 -9999.0 -9999.0 -9999.0 -9999.0 -9999.0 -9999.0 -9999.0 -9999.0 -9999.0 -9999.0 -9999.0 -9999.0 -9999.0 -9999.0 -9999.0 -9999.0 -9999.0 -9999.0 -9999.0 -9999.0 -9999.0 -9999.0 -9999.0 -9999.0 -9999.0 -9999.0 -9999.0 -9999.0 -9999.0
-9999.0 -9999.0 -9999.0 -9999.0 -9999.0 -9999.0 -9999.0 -9999.0 -9999.0 -9999.0 -9999.0 -9999.0 -9999.0 -9999.0 -9999.0 -9999.0 -9999.0 -9999.0 -9999.0 -9999.0 -9999.0 -9999.0 -9999.0 -0.079703 -0.012727 1.391115 1.552856 1.684110 0.019322 -0.056061 -0.532148 -0.942301 -9999.0 -9999.0 -9999.0 -9999.0 -9999.0 -9999.0 -9999.0 -9999.0 -9999.0 -9999.0 -9999.0 -9999.0 -9999.0 -9999.0 -9999.0 -9999.0 -9999.0 -9999.0 -9999.0 -9999.0 -9999.0 -9999.0 -9999.0 -9999.0 -9999.0 -9999.0 -9999.0 -9999.0 -9999.0 -9999.0 -9999.0
-9999.0 -9999.0 -9999.0 -9999.0 -9999.0 -9999.0 -9999.0 -9999.0 -9999.0 -9999.0 -9999.0 -9999.0 -9999.0 -9999.0 -9999.0 -9999.0 -9999.0 -9999.0 2.314454 -0.013015 -9999.0 -0.044285 -0.013189 1.058207 1.130914 2.217622 1.724316 1.609734 1.601550 0.030359 -0.130222 -0.660525 -2.471643 -3.154785 -9999.0 -9999.0 -9999.0 -9999.0 -9999.0 -9999.0 -9999.0 -9999.0 -9999.0 -9999.0 -9999.0 -9999.0 -9999.0 -9999.0 -9999.0 -9999.0 -9999.0 -9999.0 -9999.0 -9999.0 -9999.0 -9999.0 -9999.0 -9999.0 -9999.0 -9999.0 -9999.0 -9999.0 -9999.0
-9999.0 -9999.0 -9999.0 -9999.0 -9999.0 -9999.0 -9999.0 -9999.0 -9999.0 -9999.0 -9999.0 -9999.0 -9999.0 -9999.0 -9999.0 -9999.0 -9999.0 4.233980 2.374583 2.272517 0.048188 -0.002332 0.027251 0.278835 2.334473 0.007597 -0.032101 -0.591201 -0.051976 0.348203 -0.077820 -0.703800 -1.754507 -2.996318 -4.149381 -4.773177 -9999.0 -9999.0 -9999.0 -9999.0 -9999.0 -9999.0 -9999.0 -9999.0 -9999.0 -9999.0 -9999.0 -9999.0 -9999.0 -9999.0 -9999.0 -9999.0 -9999.0 -9999.0 -9999.0 -9999.0 -9999.0 -9999.0 -9999.0 -9999.0 -9999.0 -9999.0 -9999.0
-9999.0 -9999.0 -9999.0 -9999.0 -9999.0 -9999.0 -9999.0 -9999.0 -9999.0 -9999.0 -9999.0 -9999.0 -9999.0 -0.004747 0.946145 2.183365 4.001822 6.662620 3.862273 1.613570 1.204834 1.099298 1.266339 2.269590 -0.001703 -0.022550 -0.801732 -1.309968 -0.034072 -0.017737 -0.250517 -0.430091 -1.314046 -2.251940 -3.303658 -3.485632 -9999.0 -9999.0 -9999.0 -9999.0 -9999.0 -9999.0 -9999.0 -9999.0 -9999.0 -9999.0 -9999.0 -9999.0 -9999.0 -9999.0 -9999.0 -9999.0 -9999.0 -9999.0 -9999.0 -9999.0 -9999.0 -9999.0 -9999.0 -9999.0 -9999.0 -9999.0 -9999.0
-9999.0 -9999.0 -9999.0 -9999.0 -9999.0 -9999.0 -9999.0 -9999.0 -9999.0 -9999.0 -9999.0 -9999.0 -9999.0 0.834454 2.252492 2.865127 3.047325 5.281816 6.768476 3.177420 2.674933 2.515562 1.227472 0.237784 -0.043474 -0.572566 -0.316007 -2.667746 -2.269097 -0.303699 -1.459006 -2.376613 -3.642975 -5.867369 -4.362469 -9999.0 -9999.0 -9999.0 -9999.0 -9999.0 -9999.0 -9999.0 -9999.0 -9999.0 -9999.0 -9999.0 -9999.0 -9999.0 -9999.0 -9999.0 -9999.0 -9999.0 -9999.0 -9999.0 -9999.0 -9999.0 -9999.0 -9999.0 -9999.0 -9999.0 -9999.0 -9999.0 -9999.0
-9999.0 -9999.0 -9999.0 -9999.0 -9999.0 -9999.0 -9999.0 -9999.0 -9999.0 -9999.0 -9999.0 -9999.0 -9999.0 1.965295 2.725956 3.103350 2.485738 3.299678 7.084749 3.634230 3.209671 0.927247 -0.015598 -0.022867 0.272916 -0.267385 -1.693334 -2.425769 -0.955746 -5.348400 -2.566615 -4.823639 -5.543341 -4.371669 -5.201473 -9999.0 -9999.0 -9999.0 -9999.0 -9999.0 -9999.0 -9999.0 -9999.0 -9999.0 -9999.0 -9999.0 -9999.0 -9999.0 -9999.0 -9999.0 -9999.0 -9999.0 -9999.0 -9999.0 -9999.0 -9999.0 -9999.0 -9999.0 -9999.0 -9999.0 -9999.0 -9999.0 -9999.0
-9999.0 -9999.0 -9999.0 -9999.0 -9999.0 -9999.0 -9999.0 -9999.0 -9999.0 -9999.0 -9999.0 -9999.0 0.811847 2.173600 2.523015 0.974830 0.805378 2.754875 5.980419 3.658661 1.350229 -0.003610 -0.026613 -0.024510 -0.266062 -0.348211 -1.330637 -0.830208 -1.275059 -3.821850 -3.270786 -3.249126 -2.865724 -3.632723 -9999.0 -9999.0 -9999.0 -9999.0 -9999.0 -9999.0 -9999.0 -9999.0 -9999.0 -9999.0 -9999.0 -9999.0 -9999.0 -9999.0 -9999.0 -9999.0 -9999.0 -9999.0 -9999.0 -9999.0 -9999.0 -9999.0 -9999.0 -9999.0 -9999.0 -9999.0 -9999.0 -9999.0 -9999.0
-9999.0 -9999.0 -9999.0 -9999.0 -9999.0 -9999.0 -9999.0 -9999.0 -9999.0 -9999.0 -9999.0 -0.014699 0.633010 1.730323 1.511178 1.264168 2.074113 2.630422 6.074686 2.724417 1.143080 1.002418 -0.031809 -0.239277 -0.560791 -1.186639 -3.557312 -0.515710 -1.176750 -3.319400 -2.770895 -1.257062 -3.263048 -3.048091 -4.131891 -3.171869 -0.634855 -0.481325 -0.564623 -9999.0 -9999.0 -9999.0 -3.194543 -9999.0 -9999.0 -9999.0 -9999.0 -9999.0 -9999.0 -9999.0 -9999.0 -9999.0 -9999.0 -9999.0 -9999.0 -9999.0 -9999.0 -9999.0 -9999.0 -9999.0 -9999.0 -9999.0 -9999.0
-9999.0 -9999.0 -9999.0 -9999.0 -9999.0 -9999.0 -9999.0 -9999.0 -9999.0 -9999.0 -9999.0 -0.090443 0.512272 1.716705 2.470043 -0.005297 3.583190 3.188063 6.127555 4.362089 3.374709 0.565217 -0.056998 -0.478401 -1.675913 -0.508962 -0.444837 -1.112568 -2.220643 -3.099869 -1.580815 -0.564840 -0.962902 -3.183007 -1.343718 -1.583903 -0.086003 -0.059842 -0.500094 -2.815088 -2.772538 -3.187590 -1.683617 -2.461509 -9999.0 -9999.0 -9999.0 -1.719684 -2.153244 -4.097261 -1.830290 -3.408729 -3.613629 -1.707568 -3.901919 -4.009822 -9999.0 -9999.0 -9999.0 -9999.0 -9999.0 -9999.0 -9999.0
-9999.0 -9999.0 -9999.0 -9999.0 -9999.0 -9999.0 -9999.0 -9999.0 -9999.0 -9999.0 -9999.0 -0.127856 -0.009433 -0.016896 1.151552 1.032693 0.161420 2.261180 4.618360 4.620002 1.422943 -0.016142 -0.148205 -0.165740 -0.528930 -1.322977 -0.290639 -1.460014 -1.988543 -1.747165 -2.249489 -1.705214 -0.849400 -1.145353 -2.556938 -0.714475 -0.976431 -0.074834 1.049494 -1.677375 -0.299990 -1.405656 -1.095849 -0.490139 -1.168717 -9999.0 -3.817378 -3.228220 -1.723869 -1.273532 -1.163230 -2.031122 -1.906058 -1.835297 -2.624313 -3.039670 -9999.0 -9999.0 -9999.0 -9999.0 -9999.0 -9999.0 -9999.0
-9999.0 -9999.0 -9999.0 -9999.0 -9999.0 -9999.0 -9999.0 -9999.0 -9999.0 -9999.0 -9999.0 -9999.0 -0.062945 -0.407933 0.656829 0.739603 0.006350 1.708220 4.529308 4.569089 1.100197 -0.125132 -0.257484 -0.896799 -0.563909 -0.306330 -0.035150 -1.686418 -2.304863 -2.458515 -0.631429 -1.646375 -1.092386 -2.524970 -1.537583 -1.432231 -0.264912 -0.023293 2.595320 -0.142785 -0.052618 -0.299318 -0.883263 -0.071435 -2.191964 -1.372383 -3.041663 -1.672924 -3.398154 -0.964097 -0.041257 -1.570959 -1.030100 -1.865007 -2.130225 -1.866363 -2.196331 -9999.0 -9999.0 -9999.0 -9999.0 -9999.0 -9999.0
-9999.0 -9999.0 -9999.0 -9999.0 -9999.0 -9999.0 -9999.0 -9999.0 -9999.0 -9999.0 -9999.0 -1.430908 -0.079899 -0.014627 -0.177221 -0.147452 0.015649 0.993104 3.900711 3.091476 1.291188 -0.202189 -0.203131 -0.173270 -0.277024 -0.672783 -0.895648 -0.819610 -0.625483 -1.437083 -1.664547 -0.807233 -0.383887 -2.401876 -2.035435 -1.903480 -0.386731 -0.189120 0.572288 1.762168 -0.246252 -0.017607 -0.193152 -1.613276 -0.014506 -0.532114 -1.359439 -2.495590 -1.895819 -0.023514 -2.944299 -1.141571 -2.412484 -4.393658 -4.371365 -3.569878 -3.803978 -9999.0 -9999.0 -9999.0 -9999.0 -9999.0 -9999.0
-9999.0 -9999.0 -9999.0 -9999.0 -9999.0 -9999.0 -9999.0 -9999.0 -9999.0 -9999.0 -0.026528 -0.760018 -0.024475 -0.017974 0.110840 -0.004617 -0.024987 0.000214 2.539002 2.773106 2.557515 1.380884 -0.130738 -0.002710 -0.020281 -0.579614 -0.575731 -3.275578 -0.156307 -0.059829 -0.646863 -0.661313 -0.571831 -2.555297 -3.607707 -2.265363 -0.133521 -1.507308 -0.035914 0.007315 0.008364 0.927324 2.981501 0.009926 -0.042351 -1.025688 -0.596654 -0.850759 -0.625131 -0.019254 -3.378437 -3.408020 -4.714246 -4.505222 -6.050389 -2.336003 -1.950907 -9999.0 -9999.0 -9999.0 -9999.0 -9999.0 -9999.0
-9999.0 -9999.0 -9999.0 -9999.0 -9999.0 -9999.0 -9999.0 -9999.0 -9999.0 -0.452249 -0.411559 -0.713819 -0.549758 -0.108384 -0.604525 -0.566452 -0.042425 1.374913 2.200294 3.145612 3.459457 0.026692 0.013411 0.316747 0.024006 -0.545545 -0.612513 -0.038878 -0.073500 -0.240618 -0.002522 -1.663381 -2.052488 -6.026276 -2.994222 -3.374577 -1.005275 -1.701975 -1.570473 -0.669908 -0.647392 -0.085036 -0.111065 0.968288 0.449506 -0.025215 0.422098 -0.122709 -0.121272 0.227704 -3.010835 -3.922882 -4.574489 -4.527069 -4.859849 -4.091504 -2.110951 -2.284673 -3.209544 -9999.0 -9999.0 -9999.0 -9999.0
-9999.0 -9999.0 -9999.0 -9999.0 -9999.0 -9999.0 -9999.0 -9999.0 -9999.0 -2.090881 -1.437380 -0.502284 1.241800 -0.004117 -0.038461 -0.113127 0.065695 0.307039 2.708060 4.554782 4.193293 3.425584 2.158771 0.133555 -0.403053 -0.316259 -0.080874 -0.002970 0.012451 0.050712 -0.060059 -3.344298 -1.399523 -1.101076 -1.720718 -1.738908 -1.532453 -0.805353 -0.377167 -0.397026 -1.492982 -0.417659 -0.064237 0.165824 1.606132 1.512904 1.126484 0.013482 -0.010424 -0.001099 -2.644688 -3.975870 -4.386382 -5.109412 -3.983517 -3.713651 -2.903228 -1.778272 -1.307058 -9999.0 -9999.0 -9999.0 -9999.0
-9999.0 -9999.0 -9999.0 -9999.0 -9999.0 -9999.0 -9999.0 -9999.0 -9999.0 -9999.0 -0.671213 -0.485856 -0.610257 -0.212688 0.004402 -0.031414 -0.002663 1.243836 3.348569 3.991352 3.916290 1.273906 -0.002131 -0.060897 -0.168845 -0.008890 -0.002103 0.555484 -0.064453 -0.861915 -1.560527 -1.406468 -2.714068 -2.448975 -0.955698 -0.385476 -0.025686 -0.047750 -1.437387 -2.156729 -0.758137 -0.046469 -0.004893 -0.040154 -0.019935 -0.011187 0.273654 2.597894 2.193279 -0.003294 -3.197043 -3.450117 -3.631376 -4.445759 -4.433570 -3.243351 -1.294950 -0.291176 -0.251647 -0.004322 -9999.0 -9999.0 -9999.0
-9999.0 -9999.0 -9999.0 -9999.0 -9999.0 -9999.0 -9999.0 -9999.0 -9999.0 -9999.0 -2.381078 -1.264750 -0.069007 -0.527357 2.212007 0.013979 0.008229 1.674323 3.899776 4.540785 2.605799 0.429102 -0.003635 -0.042185 -0.018074 0.607603 1.265656 -0.244446 -1.911414 -1.929616 -0.674358 -0.578657 -3.705708 -1.526204 -0.581627 -0.280478 -0.556811 -0.678143 -2.950491 -0.859417 -1.454285 -0.846954 -1.354966 -0.113422 -0.026825 -0.101579 -0.028297 -0.018936 1.034666 1.938669 -0.130555 -1.929623 -2.636493 -4.558295 -4.816198 -4.207857 -1.861553 -0.217621 0.792748 1.800779 -9999.0 -9999.0 -9999.0
-9999.0 -9999.0 -9999.0 -9999.0 -9999.0 -9999.0 -9999.0 -9999.0 -0.771551 -0.447313 -0.949038 -1.078263 -1.356076 -0.851756 -1.316241 1.220596 1.711964 4.201167 4.723318 4.904337 4.376378 2.689949 1.762541 0.023242 0.103366 1.495261 1.729832 -1.571177 -1.662929 -4.020299 -4.845991 -1.894360 -1.549143 -1.044116 -1.379740 -0.496773 -0.011857 -0.241555 -1.765227 -2.104889 -2.536952 -0.482334 -3.493418 -2.054671 -0.373647 -0.022083 -1.268627 -0.139450 -0.018327 2.436171 -0.022589 -2.077710 -2.208939 -5.855922 -3.906173 -1.433745 -2.027404 -0.008478 0.008070 2.723386 -9999.0 -9999.0 -9999.0
-9999.0 -9999.0 -9999.0 -9999.0 -9999.0 -9999.0 -9999.0 -9999.0 -2.032588 -1.585669 -2.126510 -0.912730 -0.329510 -0.729152 -0.343894 -0.001182 0.828767 1.338650 4.107855 5.335663 6.861121 5.950367 4.801973 3.576479 2.140752 2.140946 0.043364 -0.678390 -3.564997 -0.832002 -1.110638 -1.734688 -1.312735 -1.744013 -1.118881 -0.129583 0.003398 -0.020800 -0.094337 -0.140603 -0.604284 -2.840846 -1.746371 -0.124056 -0.103188 -1.362919 -2.873240 -0.242986 -0.073927 0.506782 1.851636 -0.666277 -3.581127 -1.218661 -0.333144 -2.258812 -0.141024 -0.025127 2.385876 5.098043 5.802872 -9999.0 -9999.0
-9999.0 -9999.0 -9999.0 -9999.0 -9999.0 -9999.0 -9999.0 -9999.0 -0.598235 -0.409552 -0.246111 -2.395466 -0.713133 -2.328398 -0.127969 -0.180734 0.007347 1.543411 4.423829 6.869986 5.739894 6.598103 6.020919 4.403622 4.746411 1.921754 0.026447 -0.461464 -3.105976 -0.546634 -1.333878 -0.446616 -1.932280 -1.444132 -0.383128 -0.002976 -0.188752 1.396506 -0.747121 -0.852933 -1.099904 -1.433684 -1.106882 -0.442886 -1.704981 -1.156628 -2.021815 -0.387631 -0.519194 -0.004060 2.014122 -0.021926 -2.039701 -2.665528 -0.619620 -0.166466 0.390370 1.994704 3.854489 4.701503 5.572435 -9999.0 -9999.0
-9999.0 -9999.0 -9999.0 -9999.0 -9999.0 -9999.0 -9999.0 -9999.0 -2.926009 -1.071026 -0.801850 -3.051560 -1.198387 -1.681889 -0.917255 0.008935 2.732772 4.175935 4.556616 4.894214 5.278335 5.728376 6.569517 6.067590 2.824725 0.501495 -0.030734 -0.740574 -0.044649 -0.820694 -0.187926 -0.759554 -0.219170 -0.055754 -1.348154 -0.003966 1.616922 2.502154 -0.006347 -0.541257 -0.046124 -0.043852 -0.473391 -0.281482 -0.302974 -1.105148 -0.146511 -1.635616 -0.326350 -0.143053 -0.004609 1.618067 -0.011761 -0.012227 0.502902 1.391816 2.783366 3.378113 4.606242 5.370527 4.223595 1.921134 -9999.0
-9999.0 -9999.0 -9999.0 -9999.0 -9999.0 -9999.0 -9999.0 -9999.0 -1.532062 -1.255872 -0.755975 -0.848659 -1.392161 -0.782045 0.789155 1.685353 3.308301 1.576234 0.210133 1.682398 3.913818 5.302332 5.492170 5.264615 3.684118 0.018472 -0.413110 -0.019064 0.023348 -0.015990 -0.069331 -0.049324 0.999297 0.354385 0.021646 0.742765 1.939495 4.083742 2.879337 1.632685 0.100249 0.015564 0.018596 -0.003722 -0.131114 -0.012655 -0.057198 -0.239742 -0.043470 -0.002482 1.376747 1.202888 1.370099 1.742863 2.318255 2.783065 3.688349 4.330371 4.227518 3.626184 2.655027 1.153852 -9999.0
-9999.0 -9999.0 -0.282765 -0.176255 -1.761579 -0.402120 -1.585979 -2.093351 -0.889747 -1.574607 -1.470072 -0.666122 -0.708934 0.056530 2.692147 1.863854 -0.020978 -0.465475 -0.099093 0.013150 1.631958 4.037680 4.800081 5.666557 3.654646 1.134643 0.012074 0.019479 1.357811 1.478586 -0.001906 0.024918 3.295311 1.799296 3.016955 3.137169 5.098296 5.983072 4.939240 2.999617 3.022334 3.009872 1.834488 1.883751 0.009514 0.022530 0.850339 0.597420 2.073957 2.979575 3.765927 3.988122 3.398501 3.005476 2.913648 4.636847 2.979476 3.129146 1.978649 1.999153 1.786251 0.505340 -9999.0
-9999.0 -0.106220 -1.431824 -0.319311 -0.366432 -1.359026 -1.588374 -2.263481 -1.526765 -1.382436 -1.861681 -1.319542 -0.005361 1.769240 1.982938 -0.142241 -0.305073 -0.478273 -0.188524 0.003710 1.566839 2.734964 4.057918 3.593540 5.275085 3.394000 3.748633 3.930926 3.413872 2.655014 2.448808 1.812238 2.530961 5.111173 5.518840 6.917362 8.143164 8.878809 8.236754 7.051708 6.210480 5.914516 4.594594 2.889051 2.005054 2.645719 3.906352 4.111803 5.009917 3.841252 4.435354 3.824271 2.729836 2.150925 2.104073 1.455705 0.408210 0.629364 0.671083 0.620770 -0.012737 0.321500 -9999.0
-9999.0 -0.035052 -0.549406 -0.326021 0.071578 -0.635482 -1.393832 -1.305907 -0.724587 -1.030873 -0.629783 -0.474818 -0.068312 2.047520 -0.746899 -1.376068 -1.755444 -0.559111 -0.715774 -0.550002 1.010673 0.823159 1.250097 1.557691 4.941415 5.915119 5.037006 5.208755 5.001776 4.701545 5.532241 5.059593 4.567972 5.390154 7.227589 8.556814 11.708261 12.988200 10.469524 9.904234 9.015710 7.469211 6.346812 6.719608 7.290956 6.471426 6.416245 6.107184 5.564509 5.057626 2.965197 1.233944 0.713924 0.909002 0.365441 -0.036456 -0.437435 -0.042603 -0.032503 -0.063920 -0.030095 -9999.0 -9999.0
