erum2020/resources/simulation/Vinschgau/output-maps/TL0001N0721.asc
ncols         63
nrows         48
xllcorner     598000.000000
yllcorner     5145000.000000
cellsize      1000.000000
NODATA_value  -9999.0
[rows 0 to 28 of 48, columns 0 to 62 of 63]
-9999.0 -9999.0 -9999.0 -9999.0 -9999.0 -9999.0 -9999.0 -9999.0 -9999.0 -9999.0 -9999.0 -9999.0 -9999.0 -9999.0 -9999.0 -9999.0 -9999.0 -9999.0 -9999.0 -9999.0 -9999.0 -9999.0 -9999.0 -9999.0 -9999.0 -9999.0 -9999.0 -9999.0 -9999.0 -9999.0 -9999.0 -9999.0 -9999.0 -9999.0 -9999.0 -9999.0 -9999.0 -9999.0 -9999.0 -9999.0 -9999.0 -9999.0 -9999.0 -9999.0 -9999.0 -9999.0 -9999.0 -9999.0 -9999.0 -9999.0 -9999.0 -9999.0 -9999.0 -9999.0 -9999.0 -9999.0 -9999.0 -9999.0 -9999.0 -9999.0 -9999.0 -9999.0 -9999.0
-9999.0 -9999.0 -9999.0 -9999.0 -9999.0 -9999.0 -9999.0 -9999.0 -9999.0 -9999.0 -9999.0 -9999.0 -9999.0 -9999.0 -9999.0 -9999.0 -9999.0 -9999.0 -9999.0 -9999.0 -9999.0 -9999.0 -9999.0 -9999.0 -9999.0 -9999.0 -9999.0 6.380776 7.718486 7.848790 2.488841 -0.004119 0.016594 -9999.0 -9999.0 -9999.0 -9999.0 -9999.0 -9999.0 -9999.0 -9999.0 -9999.0 -9999.0 -9999.0 -9999.0 -9999.0 -9999.0 -9999.0 -9999.0 -9999.0 -9999.0 -9999.0 -9999.0 -9999.0 -9999.0 -9999.0 -9999.0 -9999.0 -9999.0 -9999.0 -9999.0 -9999.0 -9999.0
-9999.0 -9999.0 -9999.0 -9999.0 -9999.0 -9999.0 -9999.0 -9999.0 -9999.0 -9999.0 -9999.0 -9999.0 -9999.0 -9999.0 -9999.0 -9999.0 -9999.0 -9999.0 -9999.0 -9999.0 -9999.0 -9999.0 -9999.0 -9999.0 7.221144 8.317897 9.313711 8.480118 8.703069 8.816376 3.426818 -9999.0 -9999.0 -9999.0 -9999.0 -9999.0 -9999.0 -9999.0 -9999.0 -9999.0 -9999.0 -9999.0 -9999.0 -9999.0 -9999.0 -9999.0 -9999.0 -9999.0 -9999.0 -9999.0 -9999.0 -9999.0 -9999.0 -9999.0 -9999.0 -9999.0 -9999.0 -9999.0 -9999.0 -9999.0 -9999.0 -9999.0 -9999.0
-9999.0 -9999.0 -9999.0 -9999.0 -9999.0 -9999.0 -9999.0 -9999.0 -9999.0 -9999.0 -9999.0 -9999.0 -9999.0 -9999.0 -9999.0 -9999.0 -9999.0 -9999.0 -9999.0 -9999.0 -9999.0 -9999.0 -9999.0 7.699989 8.979062 8.273245 7.950910 8.307193 7.199450 9.337965 7.486705 4.062212 -9999.0 -9999.0 -9999.0 -9999.0 -9999.0 -9999.0 -9999.0 -9999.0 -9999.0 -9999.0 -9999.0 -9999.0 -9999.0 -9999.0 -9999.0 -9999.0 -9999.0 -9999.0 -9999.0 -9999.0 -9999.0 -9999.0 -9999.0 -9999.0 -9999.0 -9999.0 -9999.0 -9999.0 -9999.0 -9999.0 -9999.0
-9999.0 -9999.0 -9999.0 -9999.0 -9999.0 -9999.0 -9999.0 -9999.0 -9999.0 -9999.0 -9999.0 -9999.0 -9999.0 -9999.0 -9999.0 -9999.0 -9999.0 -9999.0 10.600234 9.359679 -9999.0 6.676723 8.290252 8.392246 0.652350 9.279693 8.051469 8.025272 10.240511 8.420449 9.572361 7.476236 7.409270 3.443203 -9999.0 -9999.0 -9999.0 -9999.0 -9999.0 -9999.0 -9999.0 -9999.0 -9999.0 -9999.0 -9999.0 -9999.0 -9999.0 -9999.0 -9999.0 -9999.0 -9999.0 -9999.0 -9999.0 -9999.0 -9999.0 -9999.0 -9999.0 -9999.0 -9999.0 -9999.0 -9999.0 -9999.0 -9999.0
-9999.0 -9999.0 -9999.0 -9999.0 -9999.0 -9999.0 -9999.0 -9999.0 -9999.0 -9999.0 -9999.0 -9999.0 -9999.0 -9999.0 -9999.0 -9999.0 -9999.0 10.000418 8.402908 7.445402 9.378343 4.185510 7.509639 0.685596 12.553705 6.734202 5.769709 5.593702 2.102369 0.564393 10.388427 9.208258 10.085444 8.302347 0.935592 -0.147367 -9999.0 -9999.0 -9999.0 -9999.0 -9999.0 -9999.0 -9999.0 -9999.0 -9999.0 -9999.0 -9999.0 -9999.0 -9999.0 -9999.0 -9999.0 -9999.0 -9999.0 -9999.0 -9999.0 -9999.0 -9999.0 -9999.0 -9999.0 -9999.0 -9999.0 -9999.0 -9999.0
-9999.0 -9999.0 -9999.0 -9999.0 -9999.0 -9999.0 -9999.0 -9999.0 -9999.0 -9999.0 -9999.0 -9999.0 -9999.0 4.935816 6.854924 6.106680 9.319692 14.118357 9.403264 8.472622 5.768072 5.719840 0.681657 12.255175 6.248276 4.894234 4.096607 4.517146 5.654812 5.429751 5.751719 5.123557 3.976932 -0.011452 -0.122178 -0.124584 -9999.0 -9999.0 -9999.0 -9999.0 -9999.0 -9999.0 -9999.0 -9999.0 -9999.0 -9999.0 -9999.0 -9999.0 -9999.0 -9999.0 -9999.0 -9999.0 -9999.0 -9999.0 -9999.0 -9999.0 -9999.0 -9999.0 -9999.0 -9999.0 -9999.0 -9999.0 -9999.0
-9999.0 -9999.0 -9999.0 -9999.0 -9999.0 -9999.0 -9999.0 -9999.0 -9999.0 -9999.0 -9999.0 -9999.0 -9999.0 6.666398 7.213631 7.340316 7.703622 9.791318 14.999812 9.861739 7.771101 6.170719 6.049587 5.501730 4.395192 3.791790 7.470103 -0.001027 -0.049507 0.079045 4.954395 -0.010579 -0.072876 -0.000792 -0.103429 -9999.0 -9999.0 -9999.0 -9999.0 -9999.0 -9999.0 -9999.0 -9999.0 -9999.0 -9999.0 -9999.0 -9999.0 -9999.0 -9999.0 -9999.0 -9999.0 -9999.0 -9999.0 -9999.0 -9999.0 -9999.0 -9999.0 -9999.0 -9999.0 -9999.0 -9999.0 -9999.0 -9999.0
-9999.0 -9999.0 -9999.0 -9999.0 -9999.0 -9999.0 -9999.0 -9999.0 -9999.0 -9999.0 -9999.0 -9999.0 -9999.0 7.245562 8.506578 7.549434 6.908106 6.681799 13.822212 7.805526 9.190315 3.487832 4.468693 4.141619 6.253461 6.028668 7.812039 -0.042818 5.367369 -0.000508 -0.020150 -0.020007 -0.004143 -0.009390 -0.005488 -9999.0 -9999.0 -9999.0 -9999.0 -9999.0 -9999.0 -9999.0 -9999.0 -9999.0 -9999.0 -9999.0 -9999.0 -9999.0 -9999.0 -9999.0 -9999.0 -9999.0 -9999.0 -9999.0 -9999.0 -9999.0 -9999.0 -9999.0 -9999.0 -9999.0 -9999.0 -9999.0 -9999.0
-9999.0 -9999.0 -9999.0 -9999.0 -9999.0 -9999.0 -9999.0 -9999.0 -9999.0 -9999.0 -9999.0 -9999.0 6.125698 7.360460 6.719435 1.941963 3.561999 7.068448 11.570960 8.652590 6.452435 2.440616 1.236763 0.856002 6.462006 0.134873 1.303569 2.923894 8.118129 -0.036422 -0.003569 3.160461 5.018461 -0.292586 -9999.0 -9999.0 -9999.0 -9999.0 -9999.0 -9999.0 -9999.0 -9999.0 -9999.0 -9999.0 -9999.0 -9999.0 -9999.0 -9999.0 -9999.0 -9999.0 -9999.0 -9999.0 -9999.0 -9999.0 -9999.0 -9999.0 -9999.0 -9999.0 -9999.0 -9999.0 -9999.0 -9999.0 -9999.0
-9999.0 -9999.0 -9999.0 -9999.0 -9999.0 -9999.0 -9999.0 -9999.0 -9999.0 -9999.0 -9999.0 3.285931 1.225617 5.676856 1.469126 1.332999 2.401782 6.428032 11.790505 8.296955 6.792320 6.974631 6.401539 1.183337 4.867615 2.939833 0.188376 5.145912 7.448443 0.086882 1.137841 7.391074 4.321750 0.471291 3.305584 5.922454 9.050220 10.659803 11.725281 -9999.0 -9999.0 -9999.0 1.134918 -9999.0 -9999.0 -9999.0 -9999.0 -9999.0 -9999.0 -9999.0 -9999.0 -9999.0 -9999.0 -9999.0 -9999.0 -9999.0 -9999.0 -9999.0 -9999.0 -9999.0 -9999.0 -9999.0 -9999.0
-9999.0 -9999.0 -9999.0 -9999.0 -9999.0 -9999.0 -9999.0 -9999.0 -9999.0 -9999.0 -9999.0 3.595311 0.482612 5.345240 3.269462 0.221128 5.948032 7.135160 11.264546 9.997200 10.983908 9.372154 6.690355 -0.003871 0.476518 2.068309 5.576596 7.075318 4.217478 0.082530 6.151627 8.101899 7.402776 1.052527 2.893894 6.195658 9.909330 13.537171 12.987036 10.876963 8.744308 1.466743 1.267833 1.984670 -9999.0 -9999.0 -9999.0 0.105271 0.694935 0.925422 3.664484 1.008109 0.095758 0.185831 0.319807 0.247188 -9999.0 -9999.0 -9999.0 -9999.0 -9999.0 -9999.0 -9999.0
-9999.0 -9999.0 -9999.0 -9999.0 -9999.0 -9999.0 -9999.0 -9999.0 -9999.0 -9999.0 -9999.0 4.010029 0.226023 -0.006912 4.408466 2.836728 0.840363 5.303575 9.475313 11.723143 6.469290 5.934844 2.564478 6.956127 0.202746 5.909665 5.132379 1.526858 0.113260 0.193086 0.096603 4.101983 8.493830 2.635287 4.357984 7.300229 0.834795 0.990873 17.490195 13.089528 12.662675 1.212905 1.593040 1.671063 1.860930 -9999.0 -0.040481 1.339891 7.430230 1.594922 10.461491 1.503286 1.677774 8.565104 7.751578 0.770626 -9999.0 -9999.0 -9999.0 -9999.0 -9999.0 -9999.0 -9999.0
-9999.0 -9999.0 -9999.0 -9999.0 -9999.0 -9999.0 -9999.0 -9999.0 -9999.0 -9999.0 -9999.0 -9999.0 0.353102 -0.011937 6.629376 5.080600 2.609345 5.791882 10.602282 12.064310 6.586418 2.016124 6.286559 5.685573 0.101085 1.687774 10.510235 0.123796 1.535623 2.717323 5.771751 4.781390 7.834818 5.484294 -0.004564 6.176475 1.013623 8.574613 19.301760 15.700963 13.195883 14.519883 3.035261 2.214038 1.512101 5.922374 1.350119 1.351855 1.568696 3.043619 8.146253 1.671423 7.237235 1.131094 0.194646 0.195995 0.297253 -9999.0 -9999.0 -9999.0 -9999.0 -9999.0 -9999.0
-9999.0 -9999.0 -9999.0 -9999.0 -9999.0 -9999.0 -9999.0 -9999.0 -9999.0 -9999.0 -9999.0 0.563011 0.221606 2.635435 1.632272 1.659692 4.915847 5.283201 10.097769 8.965630 7.094414 6.467097 5.579345 2.256522 1.707093 5.777690 1.734369 0.176260 4.894786 6.237106 5.362099 5.926858 10.054368 4.678827 -0.071698 0.767473 0.985210 7.540901 9.720603 18.151451 2.585145 1.816093 1.282937 6.306237 12.821497 8.069771 1.808945 1.362141 1.190965 3.460150 0.107433 0.163048 0.062789 -0.005809 -0.004890 0.063854 0.120646 -9999.0 -9999.0 -9999.0 -9999.0 -9999.0 -9999.0
-9999.0 -9999.0 -9999.0 -9999.0 -9999.0 -9999.0 -9999.0 -9999.0 -9999.0 -9999.0 5.673493 1.378930 7.560621 5.214025 6.827172 5.654866 1.642382 5.147051 8.148521 9.052529 10.991316 8.440550 5.114905 9.291194 6.691130 5.522695 0.316978 -0.006019 8.682861 8.881607 6.360853 1.546307 5.745340 -0.003041 -0.135379 0.588951 1.385528 1.547247 1.403925 0.919514 1.009162 1.055886 2.354531 1.825053 1.147080 1.554456 1.691957 3.700147 4.540496 0.816777 1.178098 0.122948 -0.005640 0.047890 0.085578 4.809931 5.288442 -9999.0 -9999.0 -9999.0 -9999.0 -9999.0 -9999.0
-9999.0 -9999.0 -9999.0 -9999.0 -9999.0 -9999.0 -9999.0 -9999.0 -9999.0 0.126288 3.380013 1.343929 5.979832 1.929829 5.097472 1.534532 0.565915 8.495368 8.684310 9.725835 11.563997 7.706587 7.460471 8.186318 5.851111 1.498321 0.932795 8.943872 6.661172 7.097675 0.767982 1.948829 -0.000780 0.085066 1.972539 0.679115 0.875433 1.147712 0.989626 1.854584 1.705556 3.281746 3.526082 2.703997 2.682094 5.197681 13.056271 7.766749 6.814047 9.273620 6.666290 0.772176 -0.003601 0.123667 0.051802 0.864180 1.910512 7.957790 1.154952 -9999.0 -9999.0 -9999.0 -9999.0
-9999.0 -9999.0 -9999.0 -9999.0 -9999.0 -9999.0 -9999.0 -9999.0 -9999.0 0.710597 0.166775 3.468515 9.671789 1.992405 5.634187 2.247229 8.057933 6.548096 9.518241 13.028003 13.190711 14.205572 8.499350 7.975170 3.055713 1.760071 6.158125 6.998812 0.749502 1.797119 6.866598 1.952196 0.433189 0.622799 6.472058 8.792881 1.141599 1.137720 0.939818 1.624100 1.598283 1.473210 3.973678 0.989141 1.546507 1.033160 0.979483 1.492878 0.889007 0.893033 2.202047 0.140799 0.077963 0.121473 0.019453 -0.015519 4.469349 6.922968 9.986725 -9999.0 -9999.0 -9999.0 -9999.0
-9999.0 -9999.0 -9999.0 -9999.0 -9999.0 -9999.0 -9999.0 -9999.0 -9999.0 -9999.0 0.410976 4.882949 1.646930 6.507037 7.217794 6.459813 5.813957 6.770790 10.210155 11.188492 10.494790 8.177188 5.627197 3.322719 1.734319 6.858310 0.797798 0.878250 7.033677 1.059845 0.487348 1.871947 -0.005439 0.123787 7.849607 8.236729 9.913040 10.484999 8.871130 0.132248 -0.004848 1.444543 2.137023 2.499326 5.291811 5.586141 1.511701 9.485248 11.480912 1.564010 2.337729 6.088240 0.973880 -0.141488 0.132465 0.082819 1.061713 7.950206 8.940559 8.214582 -9999.0 -9999.0 -9999.0
-9999.0 -9999.0 -9999.0 -9999.0 -9999.0 -9999.0 -9999.0 -9999.0 -9999.0 -9999.0 0.303514 2.504250 3.341230 1.886637 11.779505 7.273168 7.138189 9.111740 10.849339 12.150663 10.406636 8.215065 6.821961 6.143836 6.267936 8.201831 0.952516 3.861513 2.416989 -0.005587 0.238307 0.962100 0.096299 0.130377 0.128288 1.017605 0.741170 6.784379 1.463769 -0.029839 1.606465 1.059186 1.610413 0.719304 1.788897 3.747175 3.008546 1.858104 1.643780 10.603443 1.130141 6.435251 3.733652 1.067870 0.234523 1.018555 -0.005285 6.118184 1.744888 11.434821 -9999.0 -9999.0 -9999.0
-9999.0 -9999.0 -9999.0 -9999.0 -9999.0 -9999.0 -9999.0 -9999.0 9.380260 8.176333 4.192298 0.961516 1.539613 1.774429 5.928179 9.074285 1.527083 14.120294 11.997336 12.561396 11.964802 10.399237 9.443165 7.468829 7.360946 1.632624 11.007948 2.741935 1.172677 -0.007496 0.099002 0.171016 0.148065 0.132125 0.914536 0.181193 1.105991 6.691535 0.644450 1.261708 0.383798 1.159773 -0.002723 -0.032628 8.439279 1.752372 1.892350 5.260303 1.362398 9.899406 0.988459 7.334654 5.666092 0.103502 1.027735 9.038908 8.877928 10.600315 0.874086 11.932760 -9999.0 -9999.0 -9999.0
-9999.0 -9999.0 -9999.0 -9999.0 -9999.0 -9999.0 -9999.0 -9999.0 1.011452 2.037275 0.072354 0.253254 0.461218 1.807420 2.676640 1.239256 8.225900 8.253683 11.406395 12.750356 17.064828 15.781514 14.868378 13.780100 9.689289 1.588029 1.498549 6.130454 -0.002897 1.988006 2.053458 6.279734 3.589931 2.833102 4.290622 1.176983 1.807224 0.812281 5.472256 1.332380 -0.003982 -0.008131 -0.044251 7.226566 1.691300 4.926523 0.006292 1.102260 5.929222 1.556145 10.818120 8.109608 5.290348 7.079785 10.617689 7.898654 7.975292 0.948612 11.205233 13.897391 14.537213 -9999.0 -9999.0
-9999.0 -9999.0 -9999.0 -9999.0 -9999.0 -9999.0 -9999.0 -9999.0 0.132763 1.585157 2.020411 -0.011144 6.969360 0.643582 0.965716 2.571034 1.289787 0.848263 12.053755 15.676885 13.320933 15.872732 15.900869 12.597016 15.294214 8.165478 7.312038 5.073778 0.526378 7.158742 6.303364 8.500006 1.017308 1.534766 1.162017 10.177323 5.099510 7.671012 5.295492 4.625344 0.697566 0.551849 1.493797 1.432834 0.095143 1.186451 5.653318 1.264615 3.775248 5.425327 1.569003 0.991812 6.437737 5.663543 8.210656 0.886940 1.028099 11.543807 13.366632 13.741151 14.101178 -9999.0 -9999.0
-9999.0 -9999.0 -9999.0 -9999.0 -9999.0 -9999.0 -9999.0 -9999.0 0.089979 1.644386 0.800949 0.962942 1.979279 1.383096 1.450474 1.562486 11.211607 12.472762 9.909614 12.343531 12.356236 13.123971 15.891695 16.393897 10.578264 7.468458 5.834027 4.710213 9.215938 6.332534 5.740935 5.841946 7.172534 6.873997 5.133179 7.848199 8.760951 1.259869 5.780681 4.502698 1.267587 7.712538 8.136799 9.251942 5.853576 1.159688 8.588343 9.440695 8.208505 6.896834 1.301262 1.649044 1.034065 8.286197 10.251126 11.097001 12.676882 12.864393 14.016308 14.112676 12.871486 11.077863 -9999.0
-9999.0 -9999.0 -9999.0 -9999.0 -9999.0 -9999.0 -9999.0 -9999.0 0.943018 1.550340 1.085950 1.329735 1.523912 1.605210 12.564197 10.848470 10.406469 9.798593 8.183419 8.493329 11.582297 12.501134 13.048051 13.211511 13.596325 7.930203 6.078598 6.677820 7.615334 7.735664 5.633779 6.312367 0.787521 6.894109 6.502132 6.350850 6.710223 1.309728 1.521371 6.804503 6.087366 6.347825 7.032969 7.012607 5.363237 9.755649 6.646282 7.753934 7.592296 0.869264 10.975592 10.591952 1.699256 11.466324 12.375080 12.598188 13.171166 13.346352 13.201614 12.757625 2.136121 1.942328 -9999.0
-9999.0 -9999.0 7.815560 7.389221 1.448276 1.873686 2.159178 1.868463 6.934121 1.401944 3.220485 1.669568 1.724366 10.995218 15.311639 10.332392 1.439345 2.896912 1.747065 6.889481 8.682883 11.115173 12.355402 13.558619 12.187261 8.677276 7.823698 7.849220 7.876706 11.547575 7.079509 6.718006 10.373264 1.411910 8.409456 7.586215 8.850351 1.512242 1.581625 6.701084 7.688426 8.363179 1.491292 8.177594 6.776253 7.274064 0.878691 1.517432 10.844017 11.402775 12.956904 13.425337 13.146024 12.937299 12.360366 15.752433 11.909574 12.039910 1.034503 2.034134 1.172615 1.917669 -9999.0
-9999.0 2.209488 2.016620 2.116369 1.941639 1.906897 1.947808 0.789718 -0.015103 1.244098 1.922665 1.467332 11.081552 13.825558 13.298444 1.589686 3.196639 1.781599 6.406313 7.629499 9.940099 10.099963 13.063464 11.996102 16.115695 12.499769 15.564048 14.907867 10.968935 10.144867 10.498082 0.805558 0.874522 13.022392 10.262950 11.549392 11.897572 11.331525 11.772377 11.243554 10.989567 11.137027 11.086025 1.467500 1.345121 9.710732 11.553464 12.030989 13.242390 12.334178 12.537578 12.220402 11.494834 11.338046 11.192648 9.832862 9.708962 9.986239 0.930207 1.013996 1.792593 1.940627 -9999.0
-9999.0 6.026047 1.189815 7.273409 10.814903 1.364831 2.590362 1.002967 8.035281 7.483955 1.893264 1.445130 11.042103 13.338154 10.194269 5.003371 1.460001 1.876423 1.055739 7.540664 1.000810 9.685573 1.822425 1.008887 16.135762 17.314129 13.300994 13.427050 12.505482 11.894981 12.542009 11.711085 11.220659 11.292971 13.867372 12.405248 15.818491 18.119191 13.465611 13.322560 13.005864 12.790988 12.335107 12.198765 12.920352 12.888121 13.918729 13.907082 12.440590 12.602549 10.983646 1.685540 9.413689 1.767890 9.570854 1.414230 1.493039 1.730347 1.902118 1.507744 1.604975 -9999.0 -9999.0
-9999.0 5.034823 2.675329 1.197669 1.273297 10.781253 11.223987 2.651456 2.341290 2.083337 0.793646 1.648983 10.874250 1.150480 8.485149 2.997784 0.007881 1.803452 2.179122 7.284262 1.093837 1.264431 1.630034 15.311664 15.782371 12.008913 12.037795 11.991936 12.329719 11.914351 12.352222 13.394314 12.524212 11.550076 12.262826 12.027881 12.293285 15.425146 12.604930 12.924118 13.193934 16.766356 13.107453 13.766408 13.809835 13.170169 11.776134 11.336380 10.391814 10.304897 1.530793 8.563078 1.554463 0.810849 1.636008 6.828703 6.854062 6.689114 6.950806 -9999.0 -9999.0 -9999.0 -9999.0
