erum2020/resources/simulation/Vinschgau/output-maps/TL0003N1115.asc
ncols         63
nrows         48
xllcorner     598000.000000
yllcorner     5145000.000000
cellsize      1000.000000
NODATA_value  -9999.0
[rows 0 to 27 of 48, columns 0 to 62 of 63]
-9999.0 -9999.0 -9999.0 -9999.0 -9999.0 -9999.0 -9999.0 -9999.0 -9999.0 -9999.0 -9999.0 -9999.0 -9999.0 -9999.0 -9999.0 -9999.0 -9999.0 -9999.0 -9999.0 -9999.0 -9999.0 -9999.0 -9999.0 -9999.0 -9999.0 -9999.0 -9999.0 -9999.0 -9999.0 -9999.0 -9999.0 -9999.0 -9999.0 -9999.0 -9999.0 -9999.0 -9999.0 -9999.0 -9999.0 -9999.0 -9999.0 -9999.0 -9999.0 -9999.0 -9999.0 -9999.0 -9999.0 -9999.0 -9999.0 -9999.0 -9999.0 -9999.0 -9999.0 -9999.0 -9999.0 -9999.0 -9999.0 -9999.0 -9999.0 -9999.0 -9999.0 -9999.0 -9999.0
-9999.0 -9999.0 -9999.0 -9999.0 -9999.0 -9999.0 -9999.0 -9999.0 -9999.0 -9999.0 -9999.0 -9999.0 -9999.0 -9999.0 -9999.0 -9999.0 -9999.0 -9999.0 -9999.0 -9999.0 -9999.0 -9999.0 -9999.0 -9999.0 -9999.0 -9999.0 -9999.0 1.070141 -0.005190 1.952857 -0.103563 -0.037498 -0.131520 -9999.0 -9999.0 -9999.0 -9999.0 -9999.0 -9999.0 -9999.0 -9999.0 -9999.0 -9999.0 -9999.0 -9999.0 -9999.0 -9999.0 -9999.0 -9999.0 -9999.0 -9999.0 -9999.0 -9999.0 -9999.0 -9999.0 -9999.0 -9999.0 -9999.0 -9999.0 -9999.0 -9999.0 -9999.0 -9999.0
-9999.0 -9999.0 -9999.0 -9999.0 -9999.0 -9999.0 -9999.0 -9999.0 -9999.0 -9999.0 -9999.0 -9999.0 -9999.0 -9999.0 -9999.0 -9999.0 -9999.0 -9999.0 -9999.0 -9999.0 -9999.0 -9999.0 -9999.0 -9999.0 0.382921 0.990798 1.213106 0.865293 -0.009270 -0.018710 -0.040784 -9999.0 -9999.0 -9999.0 -9999.0 -9999.0 -9999.0 -9999.0 -9999.0 -9999.0 -9999.0 -9999.0 -9999.0 -9999.0 -9999.0 -9999.0 -9999.0 -9999.0 -9999.0 -9999.0 -9999.0 -9999.0 -9999.0 -9999.0 -9999.0 -9999.0 -9999.0 -9999.0 -9999.0 -9999.0 -9999.0 -9999.0 -9999.0
-9999.0 -9999.0 -9999.0 -9999.0 -9999.0 -9999.0 -9999.0 -9999.0 -9999.0 -9999.0 -9999.0 -9999.0 -9999.0 -9999.0 -9999.0 -9999.0 -9999.0 -9999.0 -9999.0 -9999.0 -9999.0 -9999.0 -9999.0 1.074628 2.264005 2.791474 3.314720 3.905310 2.858082 1.145676 -0.025160 -0.043225 -9999.0 -9999.0 -9999.0 -9999.0 -9999.0 -9999.0 -9999.0 -9999.0 -9999.0 -9999.0 -9999.0 -9999.0 -9999.0 -9999.0 -9999.0 -9999.0 -9999.0 -9999.0 -9999.0 -9999.0 -9999.0 -9999.0 -9999.0 -9999.0 -9999.0 -9999.0 -9999.0 -9999.0 -9999.0 -9999.0 -9999.0
-9999.0 -9999.0 -9999.0 -9999.0 -9999.0 -9999.0 -9999.0 -9999.0 -9999.0 -9999.0 -9999.0 -9999.0 -9999.0 -9999.0 -9999.0 -9999.0 -9999.0 -9999.0 6.483344 2.254141 -9999.0 1.540862 2.276975 2.934432 2.677849 4.389861 4.404652 4.398385 2.392557 0.039487 0.411849 -0.058658 0.256311 0.813978 -9999.0 -9999.0 -9999.0 -9999.0 -9999.0 -9999.0 -9999.0 -9999.0 -9999.0 -9999.0 -9999.0 -9999.0 -9999.0 -9999.0 -9999.0 -9999.0 -9999.0 -9999.0 -9999.0 -9999.0 -9999.0 -9999.0 -9999.0 -9999.0 -9999.0 -9999.0 -9999.0 -9999.0 -9999.0
-9999.0 -9999.0 -9999.0 -9999.0 -9999.0 -9999.0 -9999.0 -9999.0 -9999.0 -9999.0 -9999.0 -9999.0 -9999.0 -9999.0 -9999.0 -9999.0 -9999.0 5.365030 3.972561 4.636556 4.300978 -0.009565 0.119945 2.223149 4.841585 -0.008930 -0.097676 -0.004141 -0.083377 1.933783 2.640912 0.760856 2.214722 1.072551 0.301867 0.483441 -9999.0 -9999.0 -9999.0 -9999.0 -9999.0 -9999.0 -9999.0 -9999.0 -9999.0 -9999.0 -9999.0 -9999.0 -9999.0 -9999.0 -9999.0 -9999.0 -9999.0 -9999.0 -9999.0 -9999.0 -9999.0 -9999.0 -9999.0 -9999.0 -9999.0 -9999.0 -9999.0
-9999.0 -9999.0 -9999.0 -9999.0 -9999.0 -9999.0 -9999.0 -9999.0 -9999.0 -9999.0 -9999.0 -9999.0 -9999.0 4.119306 2.404594 3.614356 5.036356 12.251764 5.090103 4.103945 3.408001 2.549102 3.699262 4.866097 -0.014597 2.220735 -0.041297 -0.440402 -0.042641 -0.017704 -0.322706 0.184023 -0.031486 -0.065613 -0.327792 0.392556 -9999.0 -9999.0 -9999.0 -9999.0 -9999.0 -9999.0 -9999.0 -9999.0 -9999.0 -9999.0 -9999.0 -9999.0 -9999.0 -9999.0 -9999.0 -9999.0 -9999.0 -9999.0 -9999.0 -9999.0 -9999.0 -9999.0 -9999.0 -9999.0 -9999.0 -9999.0 -9999.0
-9999.0 -9999.0 -9999.0 -9999.0 -9999.0 -9999.0 -9999.0 -9999.0 -9999.0 -9999.0 -9999.0 -9999.0 -9999.0 5.263420 4.731722 4.333445 4.222990 10.623376 12.403568 5.585451 4.228590 6.894995 2.646830 1.191486 1.355556 -0.006378 0.233247 1.656070 0.392990 -1.123378 -0.826605 -0.016623 0.257293 -4.005012 0.245076 -9999.0 -9999.0 -9999.0 -9999.0 -9999.0 -9999.0 -9999.0 -9999.0 -9999.0 -9999.0 -9999.0 -9999.0 -9999.0 -9999.0 -9999.0 -9999.0 -9999.0 -9999.0 -9999.0 -9999.0 -9999.0 -9999.0 -9999.0 -9999.0 -9999.0 -9999.0 -9999.0 -9999.0
-9999.0 -9999.0 -9999.0 -9999.0 -9999.0 -9999.0 -9999.0 -9999.0 -9999.0 -9999.0 -9999.0 -9999.0 -9999.0 4.900398 5.359876 6.070434 3.932272 4.704695 12.745080 5.084993 8.079582 3.140645 -0.007760 -0.029706 1.649534 0.464664 3.001020 0.337313 -0.032698 -3.449719 -0.036575 -4.502389 -4.449684 -7.521841 0.305708 -9999.0 -9999.0 -9999.0 -9999.0 -9999.0 -9999.0 -9999.0 -9999.0 -9999.0 -9999.0 -9999.0 -9999.0 -9999.0 -9999.0 -9999.0 -9999.0 -9999.0 -9999.0 -9999.0 -9999.0 -9999.0 -9999.0 -9999.0 -9999.0 -9999.0 -9999.0 -9999.0 -9999.0
-9999.0 -9999.0 -9999.0 -9999.0 -9999.0 -9999.0 -9999.0 -9999.0 -9999.0 -9999.0 -9999.0 -9999.0 3.185106 4.885857 5.690013 3.301893 2.449524 4.224406 11.525667 6.335624 3.249512 -0.012148 -0.058997 -0.022396 -0.409229 0.205700 -1.593457 -0.043120 -0.070155 0.252196 -4.358117 0.283177 -0.074020 0.749670 -9999.0 -9999.0 -9999.0 -9999.0 -9999.0 -9999.0 -9999.0 -9999.0 -9999.0 -9999.0 -9999.0 -9999.0 -9999.0 -9999.0 -9999.0 -9999.0 -9999.0 -9999.0 -9999.0 -9999.0 -9999.0 -9999.0 -9999.0 -9999.0 -9999.0 -9999.0 -9999.0 -9999.0 -9999.0
-9999.0 -9999.0 -9999.0 -9999.0 -9999.0 -9999.0 -9999.0 -9999.0 -9999.0 -9999.0 -9999.0 4.042389 4.104636 2.879408 5.062304 6.984030 5.573456 4.479076 10.817884 7.604362 2.994502 2.515360 2.212255 0.728976 -0.478454 -0.003142 -0.032670 -0.018288 -0.061929 0.302408 0.299693 -0.052582 0.339401 0.444485 0.303441 0.598934 -0.076084 -0.007813 -0.077304 -9999.0 -9999.0 -9999.0 0.472830 -9999.0 -9999.0 -9999.0 -9999.0 -9999.0 -9999.0 -9999.0 -9999.0 -9999.0 -9999.0 -9999.0 -9999.0 -9999.0 -9999.0 -9999.0 -9999.0 -9999.0 -9999.0 -9999.0 -9999.0
-9999.0 -9999.0 -9999.0 -9999.0 -9999.0 -9999.0 -9999.0 -9999.0 -9999.0 -9999.0 -9999.0 3.814317 4.318679 6.185860 6.303533 5.196886 7.639316 5.122989 11.382308 8.055435 7.887374 4.432521 2.129910 -1.119714 -2.361024 0.168468 -0.005157 -0.027085 0.201142 0.367612 -0.076025 -0.014295 -0.042975 -0.097947 -0.041558 -0.025100 0.020334 1.706540 0.146056 0.378470 0.497690 0.405049 -0.061664 0.291374 -9999.0 -9999.0 -9999.0 -0.045823 -0.103883 0.149069 -0.110496 0.085923 0.108601 -0.160462 -0.440816 0.123033 -9999.0 -9999.0 -9999.0 -9999.0 -9999.0 -9999.0 -9999.0
-9999.0 -9999.0 -9999.0 -9999.0 -9999.0 -9999.0 -9999.0 -9999.0 -9999.0 -9999.0 -9999.0 3.589061 3.874849 0.695132 6.857765 6.549331 2.432277 4.042222 9.660547 8.242668 2.226827 -0.007861 -0.175372 0.873373 -0.005051 1.299416 -1.387422 -2.048127 0.635540 -0.040895 0.368392 -2.507516 -0.003490 -0.067665 0.278660 -0.030239 -1.689811 -1.209783 2.935390 0.544661 -0.029663 -0.029517 -0.038025 -0.028804 -0.080705 -9999.0 0.420387 -0.106288 -0.089304 -0.053501 0.037943 2.099624 -0.028974 -0.062987 -0.048485 -0.075636 -9999.0 -9999.0 -9999.0 -9999.0 -9999.0 -9999.0 -9999.0
-9999.0 -9999.0 -9999.0 -9999.0 -9999.0 -9999.0 -9999.0 -9999.0 -9999.0 -9999.0 -9999.0 -9999.0 3.417992 -0.043775 5.221114 5.382047 0.742244 3.092333 10.400695 7.952058 2.313241 0.377317 -0.470804 -1.774337 -0.860301 -1.367525 1.684145 0.282091 -0.089370 0.308826 -0.010798 -2.304372 -0.004010 -0.076235 -0.066566 -0.065037 -2.203927 -1.051595 4.761541 1.504501 1.373365 2.834721 -1.719711 0.621574 0.364356 -0.082411 0.230365 -0.074564 -3.255691 -1.856996 -0.037677 -2.202012 -2.245590 -2.832473 -3.400583 -0.047158 -0.067190 -9999.0 -9999.0 -9999.0 -9999.0 -9999.0 -9999.0
-9999.0 -9999.0 -9999.0 -9999.0 -9999.0 -9999.0 -9999.0 -9999.0 -9999.0 -9999.0 -9999.0 -0.097786 2.156768 4.054712 -0.047230 0.132213 1.822558 2.338160 9.824938 4.307619 2.649682 0.645379 -0.033441 -0.248900 -1.187972 -1.068154 -1.054494 -0.036002 -0.026475 1.652560 -1.447514 -1.496498 0.203886 -0.068549 -0.066408 -0.031826 0.131487 -0.091945 -0.008181 3.709079 -0.052447 -0.016890 -0.155096 -0.123118 2.210941 -0.027765 -0.060892 1.725345 2.815824 -0.023389 -1.614186 -0.021995 -3.297623 -3.142784 -3.729966 -5.023185 0.232037 -9999.0 -9999.0 -9999.0 -9999.0 -9999.0 -9999.0
-9999.0 -9999.0 -9999.0 -9999.0 -9999.0 -9999.0 -9999.0 -9999.0 -9999.0 -9999.0 1.921667 -0.069560 2.223419 2.431523 3.707629 -0.011062 -0.014725 -0.008716 3.499105 3.944863 5.957145 4.657042 -0.341010 2.976738 -0.033780 -0.802312 -1.150020 -2.580229 0.653548 1.270763 -0.976825 -1.059191 0.511842 -0.062273 0.364440 0.401494 0.250496 -2.007461 -0.281819 0.391226 0.447181 2.140757 7.393748 0.869290 -0.028519 1.733190 0.267005 -1.617830 -0.924363 -0.018515 -3.189585 0.129390 -4.138120 -5.496928 -4.852309 -0.061304 -0.040303 -9999.0 -9999.0 -9999.0 -9999.0 -9999.0 -9999.0
-9999.0 -9999.0 -9999.0 -9999.0 -9999.0 -9999.0 -9999.0 -9999.0 -9999.0 -0.009805 1.488569 -1.190343 -0.073617 -0.057870 -0.102751 -0.053201 -0.031371 5.190851 3.428761 4.033540 6.308739 0.811075 0.048986 0.960546 -0.007006 -0.998218 -0.998382 1.841279 -0.084432 -0.048351 0.002825 -1.190529 0.547914 -4.188851 0.522813 0.412757 0.166594 -2.412634 -1.215733 -0.116078 -0.924382 -0.309037 -0.353298 1.617618 0.865936 -0.026458 3.181539 -0.071708 -0.070570 0.078085 -1.448526 0.200521 -6.192840 -0.360729 -0.106349 -2.701564 -2.747114 0.293430 0.077839 -9999.0 -9999.0 -9999.0 -9999.0
-9999.0 -9999.0 -9999.0 -9999.0 -9999.0 -9999.0 -9999.0 -9999.0 -9999.0 -0.005134 0.154605 1.926290 3.285771 -0.013774 -0.034421 -0.060128 3.206357 1.108861 4.001667 7.698716 7.083916 7.159275 4.827438 3.045715 -0.613329 -0.558131 -0.188037 -0.021191 1.052701 3.168376 1.706693 -1.569931 -0.009712 -0.059800 -0.070999 0.458059 0.953226 2.638928 0.170208 0.224618 -1.998641 -1.184260 -0.047475 1.302085 2.328562 2.672464 2.324507 0.738372 -0.013923 0.122446 -2.447109 -3.695049 -0.572949 -0.810741 -1.058961 -3.732380 -1.946768 -2.289244 0.753947 -9999.0 -9999.0 -9999.0 -9999.0
-9999.0 -9999.0 -9999.0 -9999.0 -9999.0 -9999.0 -9999.0 -9999.0 -9999.0 -9999.0 -0.011554 0.132970 -0.057767 -0.418570 -0.009766 -0.030535 -0.015617 2.224492 4.791639 5.306029 6.970274 2.603432 -0.019798 -0.619293 -0.228562 -0.051542 0.124743 1.606436 1.677056 -1.146377 -1.482647 -1.880899 -2.012184 -0.029994 -0.039175 0.206424 1.838155 1.067693 0.937259 -0.020757 -0.015532 1.400897 2.852773 -0.026221 -0.013346 -0.009236 1.272171 5.116678 3.111508 0.137850 -1.409134 -2.613008 -0.171855 -0.711199 -0.888475 -1.140539 -0.064823 -0.801012 -0.496672 -0.023115 -9999.0 -9999.0 -9999.0
-9999.0 -9999.0 -9999.0 -9999.0 -9999.0 -9999.0 -9999.0 -9999.0 -9999.0 -9999.0 -0.027183 -0.006539 1.694143 -0.037727 4.090666 -0.008303 -0.012135 2.511575 5.186013 6.347049 3.371788 1.392514 -0.024245 -0.035790 -0.026635 1.167994 2.297013 -0.011008 -0.830332 -1.748896 -0.005011 -0.009355 -2.941947 -0.047101 -0.003929 0.753131 -0.703764 -0.360061 -2.480389 -0.083271 -0.072593 1.443139 -1.757117 1.077526 2.261490 -0.334026 -0.017196 -0.012912 2.563491 2.742178 -0.003828 -1.305699 -2.489920 -0.025650 -1.209424 -0.665223 -0.090637 -1.309824 0.987837 2.505227 -9999.0 -9999.0 -9999.0
-9999.0 -9999.0 -9999.0 -9999.0 -9999.0 -9999.0 -9999.0 -9999.0 -0.004538 -0.012589 -0.032812 -0.027150 -1.804052 -0.139283 -0.037789 1.537835 2.831325 8.013312 6.271613 6.856962 5.117040 4.024657 3.021828 1.313433 0.430331 1.858215 4.388658 -0.372700 -1.180703 -1.645912 -3.842124 -0.013919 -0.008142 -0.033680 -0.066968 0.197799 3.114244 -0.051503 -2.059810 0.511176 1.781019 1.310727 -1.563746 0.618800 3.011368 1.977535 -1.893383 -0.187069 -0.010362 2.810703 0.422983 -1.880740 -2.955007 -4.153714 -0.452601 -0.063244 0.326934 2.175336 1.107451 3.991113 -9999.0 -9999.0 -9999.0
-9999.0 -9999.0 -9999.0 -9999.0 -9999.0 -9999.0 -9999.0 -9999.0 -2.142224 -2.172571 -1.161922 -0.026039 0.211862 -1.255229 -0.481445 -0.010160 1.838951 2.438826 5.493994 7.356233 11.564820 10.258281 9.880377 9.402219 3.323071 3.196121 0.812756 -0.071784 -2.062804 -0.027760 -0.063763 0.855262 -0.052006 1.225699 -0.003821 1.208839 4.340047 -0.012299 -0.067421 0.882668 -0.004728 -2.899636 1.394774 1.005758 1.016260 -1.207166 -2.055129 0.322313 -0.057696 1.446965 2.371887 -0.034904 -2.864683 -0.079722 -0.005010 -1.122842 -0.904971 -0.016740 3.051637 5.620307 7.161407 -9999.0 -9999.0
-9999.0 -9999.0 -9999.0 -9999.0 -9999.0 -9999.0 -9999.0 -9999.0 -0.005072 0.200342 -0.044702 -1.974007 -0.026338 -1.389238 -0.086422 -0.356122 0.056614 3.350634 5.414829 11.251745 7.821277 10.583572 10.619682 6.404186 7.853480 3.157340 0.295078 -0.780856 -3.727508 -0.004704 1.505453 1.326747 -1.302458 -1.476591 1.987533 3.649639 -0.013399 1.521384 -0.037985 -1.604412 -0.003112 1.804797 0.909000 0.184118 -1.181305 0.365189 0.511054 0.068490 -0.744622 -0.016448 2.485663 0.343044 -1.799771 -2.693430 -0.649592 -0.106542 1.610283 2.945038 5.282942 5.906667 6.292415 -9999.0 -9999.0
-9999.0 -9999.0 -9999.0 -9999.0 -9999.0 -9999.0 -9999.0 -9999.0 0.164569 0.347339 -1.138599 -3.044895 0.288253 -1.274009 -0.769476 0.041479 3.956562 5.205586 7.521518 5.671887 7.203194 7.553052 10.054358 9.475690 3.567079 0.971845 -0.039558 -1.512579 1.745579 -1.531279 -0.149740 -0.088363 -0.017919 -0.065585 -0.039404 3.228989 5.545160 3.997958 0.624096 -0.032781 1.807834 1.921609 1.391055 3.068049 0.256828 1.756099 0.895341 2.603007 0.191694 -0.133417 -0.012960 2.119982 0.407149 -0.626189 1.051799 2.139387 3.771023 4.539770 5.595938 6.050102 5.122193 2.528752 -9999.0
-9999.0 -9999.0 -9999.0 -9999.0 -9999.0 -9999.0 -9999.0 -9999.0 -0.182991 -0.021134 -1.397024 -1.130263 -0.350678 -0.277075 3.343161 2.749137 5.614665 2.424330 0.712439 2.821782 4.708284 6.906156 7.180138 6.914188 6.951299 0.029988 -0.632968 -0.026929 -0.009321 -0.049673 -0.232731 0.113930 2.540953 1.733986 0.309794 1.743613 3.210657 5.988207 5.442351 2.578087 0.824874 0.116561 0.469768 -0.011548 -0.089909 2.463810 -0.052381 -0.447952 -0.040868 0.089894 1.945182 1.588433 1.881326 2.316553 2.563900 3.226528 3.945725 4.772574 5.410557 5.163014 4.110859 1.950508 -9999.0
-9999.0 -9999.0 0.010884 0.335365 -2.560097 -1.370888 -2.175431 -3.243085 -0.150459 -0.076051 -2.007827 -0.579908 -0.165687 -0.011404 4.607475 2.090449 -0.017435 -0.786039 -0.053758 -0.008411 2.693921 5.376287 5.703054 6.147141 4.983858 1.988540 -0.008895 -0.007499 2.142960 4.435655 -0.018328 0.557757 6.482044 3.312387 4.312299 4.568403 7.523689 8.317889 7.217684 4.553110 4.936750 4.370286 3.770058 2.918413 -0.009783 0.102021 2.036321 1.382007 2.838191 3.795019 4.800803 4.295385 3.658803 3.187039 3.077008 7.545489 3.728961 4.142513 3.811587 3.402960 5.396618 1.198134 -9999.0
-9999.0 -0.081352 -1.900015 -1.535810 -1.374263 -1.817373 -0.986060 -1.377023 -2.341066 -0.032556 -1.056546 -0.437416 -0.007559 3.534518 3.756516 -0.446215 -1.191973 -1.286118 -0.999186 -0.014923 2.316667 4.204243 7.141955 4.753125 8.761406 4.771513 6.719740 6.748452 5.176734 3.525869 3.655727 3.817527 5.209371 9.022067 8.293105 9.279963 11.216460 11.237798 11.099172 9.158997 8.863914 8.691040 7.657038 4.765273 3.474731 3.865875 4.747237 5.888590 7.074224 5.984953 5.090011 4.270738 3.512501 2.746722 2.674742 2.161948 0.798136 1.146839 1.931010 4.053951 0.478103 0.992736 -9999.0
-9999.0 2.826163 -0.054042 -0.075409 1.474472 -0.059147 -2.057737 -1.878309 -0.037782 -0.055440 -1.088177 -0.812599 0.069565 3.836096 -0.085682 -2.544708 -1.215597 -0.834463 -0.165552 -0.032509 4.365603 1.854628 2.917105 3.306089 8.381054 9.728237 5.467718 6.762615 6.329378 6.403671 6.572114 6.341812 7.136670 8.136626 12.154149 11.308039 17.437979 18.548865 14.123779 13.112956 12.347201 11.225946 10.448738 8.059844 7.963002 7.829309 8.130125 7.699974 7.006409 6.036951 4.266743 1.911496 0.913839 1.441769 0.699698 -0.029155 -0.531858 -0.077533 -0.052128 -0.236747 -0.025548 -9999.0 -9999.0
