erum2020/resources/simulation/Vinschgau/output-maps/TL0003N0734.asc
ncols         63
nrows         48
xllcorner     598000.000000
yllcorner     5145000.000000
cellsize      1000.000000
NODATA_value  -9999.0
[rows 0 to 27 of 48, columns 0 to 62 of 63]
-9999.0 -9999.0 -9999.0 -9999.0 -9999.0 -9999.0 -9999.0 -9999.0 -9999.0 -9999.0 -9999.0 -9999.0 -9999.0 -9999.0 -9999.0 -9999.0 -9999.0 -9999.0 -9999.0 -9999.0 -9999.0 -9999.0 -9999.0 -9999.0 -9999.0 -9999.0 -9999.0 -9999.0 -9999.0 -9999.0 -9999.0 -9999.0 -9999.0 -9999.0 -9999.0 -9999.0 -9999.0 -9999.0 -9999.0 -9999.0 -9999.0 -9999.0 -9999.0 -9999.0 -9999.0 -9999.0 -9999.0 -9999.0 -9999.0 -9999.0 -9999.0 -9999.0 -9999.0 -9999.0 -9999.0 -9999.0 -9999.0 -9999.0 -9999.0 -9999.0 -9999.0 -9999.0 -9999.0
-9999.0 -9999.0 -9999.0 -9999.0 -9999.0 -9999.0 -9999.0 -9999.0 -9999.0 -9999.0 -9999.0 -9999.0 -9999.0 -9999.0 -9999.0 -9999.0 -9999.0 -9999.0 -9999.0 -9999.0 -9999.0 -9999.0 -9999.0 -9999.0 -9999.0 -9999.0 -9999.0 -3.043690 -0.382898 -2.752636 -1.641948 -2.576342 -1.507742 -9999.0 -9999.0 -9999.0 -9999.0 -9999.0 -9999.0 -9999.0 -9999.0 -9999.0 -9999.0 -9999.0 -9999.0 -9999.0 -9999.0 -9999.0 -9999.0 -9999.0 -9999.0 -9999.0 -9999.0 -9999.0 -9999.0 -9999.0 -9999.0 -9999.0 -9999.0 -9999.0 -9999.0 -9999.0 -9999.0
-9999.0 -9999.0 -9999.0 -9999.0 -9999.0 -9999.0 -9999.0 -9999.0 -9999.0 -9999.0 -9999.0 -9999.0 -9999.0 -9999.0 -9999.0 -9999.0 -9999.0 -9999.0 -9999.0 -9999.0 -9999.0 -9999.0 -9999.0 -9999.0 -0.107121 0.074903 0.095142 0.063815 -0.167324 -0.388372 -1.607183 -9999.0 -9999.0 -9999.0 -9999.0 -9999.0 -9999.0 -9999.0 -9999.0 -9999.0 -9999.0 -9999.0 -9999.0 -9999.0 -9999.0 -9999.0 -9999.0 -9999.0 -9999.0 -9999.0 -9999.0 -9999.0 -9999.0 -9999.0 -9999.0 -9999.0 -9999.0 -9999.0 -9999.0 -9999.0 -9999.0 -9999.0 -9999.0
-9999.0 -9999.0 -9999.0 -9999.0 -9999.0 -9999.0 -9999.0 -9999.0 -9999.0 -9999.0 -9999.0 -9999.0 -9999.0 -9999.0 -9999.0 -9999.0 -9999.0 -9999.0 -9999.0 -9999.0 -9999.0 -9999.0 -9999.0 0.069870 0.170086 1.563045 1.679508 1.752565 0.265710 0.106386 -0.435097 -1.770255 -9999.0 -9999.0 -9999.0 -9999.0 -9999.0 -9999.0 -9999.0 -9999.0 -9999.0 -9999.0 -9999.0 -9999.0 -9999.0 -9999.0 -9999.0 -9999.0 -9999.0 -9999.0 -9999.0 -9999.0 -9999.0 -9999.0 -9999.0 -9999.0 -9999.0 -9999.0 -9999.0 -9999.0 -9999.0 -9999.0 -9999.0
-9999.0 -9999.0 -9999.0 -9999.0 -9999.0 -9999.0 -9999.0 -9999.0 -9999.0 -9999.0 -9999.0 -9999.0 -9999.0 -9999.0 -9999.0 -9999.0 -9999.0 -9999.0 1.506857 0.169668 -9999.0 -0.003272 0.132399 1.331784 1.050245 2.336809 1.474094 1.421829 2.165500 0.441840 -0.482386 -1.426453 -4.323956 -4.746168 -9999.0 -9999.0 -9999.0 -9999.0 -9999.0 -9999.0 -9999.0 -9999.0 -9999.0 -9999.0 -9999.0 -9999.0 -9999.0 -9999.0 -9999.0 -9999.0 -9999.0 -9999.0 -9999.0 -9999.0 -9999.0 -9999.0 -9999.0 -9999.0 -9999.0 -9999.0 -9999.0 -9999.0 -9999.0
-9999.0 -9999.0 -9999.0 -9999.0 -9999.0 -9999.0 -9999.0 -9999.0 -9999.0 -9999.0 -9999.0 -9999.0 -9999.0 -9999.0 -9999.0 -9999.0 -9999.0 4.282505 2.472540 2.251794 0.036008 0.136807 0.393745 0.365624 2.334832 0.147010 0.062464 0.011431 0.039472 0.343340 0.150024 -0.455938 -2.341781 -3.583194 -4.974120 -5.890077 -9999.0 -9999.0 -9999.0 -9999.0 -9999.0 -9999.0 -9999.0 -9999.0 -9999.0 -9999.0 -9999.0 -9999.0 -9999.0 -9999.0 -9999.0 -9999.0 -9999.0 -9999.0 -9999.0 -9999.0 -9999.0 -9999.0 -9999.0 -9999.0 -9999.0 -9999.0 -9999.0
-9999.0 -9999.0 -9999.0 -9999.0 -9999.0 -9999.0 -9999.0 -9999.0 -9999.0 -9999.0 -9999.0 -9999.0 -9999.0 0.059687 1.187005 2.195069 3.982157 5.392735 3.926516 1.789917 1.237816 1.213885 0.971717 2.294048 0.114790 0.019430 -0.772766 -0.346292 0.072320 -0.002497 0.081591 -0.405815 -0.810361 -1.523990 -4.019553 -6.140486 -9999.0 -9999.0 -9999.0 -9999.0 -9999.0 -9999.0 -9999.0 -9999.0 -9999.0 -9999.0 -9999.0 -9999.0 -9999.0 -9999.0 -9999.0 -9999.0 -9999.0 -9999.0 -9999.0 -9999.0 -9999.0 -9999.0 -9999.0 -9999.0 -9999.0 -9999.0 -9999.0
-9999.0 -9999.0 -9999.0 -9999.0 -9999.0 -9999.0 -9999.0 -9999.0 -9999.0 -9999.0 -9999.0 -9999.0 -9999.0 0.168311 2.265804 2.885198 3.031879 4.182245 5.479236 3.323598 2.727219 1.975475 1.259553 0.385295 0.138348 -0.005410 -0.009424 -3.520177 -4.156503 -1.119475 -0.370576 -1.542224 -4.349085 -5.524620 -5.271097 -9999.0 -9999.0 -9999.0 -9999.0 -9999.0 -9999.0 -9999.0 -9999.0 -9999.0 -9999.0 -9999.0 -9999.0 -9999.0 -9999.0 -9999.0 -9999.0 -9999.0 -9999.0 -9999.0 -9999.0 -9999.0 -9999.0 -9999.0 -9999.0 -9999.0 -9999.0 -9999.0 -9999.0
-9999.0 -9999.0 -9999.0 -9999.0 -9999.0 -9999.0 -9999.0 -9999.0 -9999.0 -9999.0 -9999.0 -9999.0 -9999.0 2.043864 2.236159 3.071829 2.524544 3.250996 5.697535 3.566885 2.211881 0.796746 -0.276187 0.052618 0.676342 0.068015 -2.374955 -4.386309 -1.310555 -5.475291 -1.624319 -5.181002 -5.731804 -2.571149 -6.786370 -9999.0 -9999.0 -9999.0 -9999.0 -9999.0 -9999.0 -9999.0 -9999.0 -9999.0 -9999.0 -9999.0 -9999.0 -9999.0 -9999.0 -9999.0 -9999.0 -9999.0 -9999.0 -9999.0 -9999.0 -9999.0 -9999.0 -9999.0 -9999.0 -9999.0 -9999.0 -9999.0 -9999.0
-9999.0 -9999.0 -9999.0 -9999.0 -9999.0 -9999.0 -9999.0 -9999.0 -9999.0 -9999.0 -9999.0 -9999.0 0.888768 1.631125 2.523976 0.755901 0.755950 2.776227 4.909425 3.637569 1.414345 0.116887 -0.005319 0.051515 0.118275 -0.369078 -0.347612 -0.747432 -0.538899 -4.559004 -1.292278 -4.695592 -1.796845 -6.682363 -9999.0 -9999.0 -9999.0 -9999.0 -9999.0 -9999.0 -9999.0 -9999.0 -9999.0 -9999.0 -9999.0 -9999.0 -9999.0 -9999.0 -9999.0 -9999.0 -9999.0 -9999.0 -9999.0 -9999.0 -9999.0 -9999.0 -9999.0 -9999.0 -9999.0 -9999.0 -9999.0 -9999.0 -9999.0
-9999.0 -9999.0 -9999.0 -9999.0 -9999.0 -9999.0 -9999.0 -9999.0 -9999.0 -9999.0 -9999.0 0.012396 0.468478 1.588698 1.021507 0.103342 1.373963 2.592418 5.005756 2.681404 1.198503 1.193136 -0.160842 -0.358016 -0.003321 -0.511372 -1.458201 -0.999028 -0.524827 -5.547564 -4.810501 -0.534010 -3.916756 -5.354833 -4.906636 -3.823659 -0.452124 -0.028828 -0.013819 -9999.0 -9999.0 -9999.0 -5.449830 -9999.0 -9999.0 -9999.0 -9999.0 -9999.0 -9999.0 -9999.0 -9999.0 -9999.0 -9999.0 -9999.0 -9999.0 -9999.0 -9999.0 -9999.0 -9999.0 -9999.0 -9999.0 -9999.0 -9999.0
-9999.0 -9999.0 -9999.0 -9999.0 -9999.0 -9999.0 -9999.0 -9999.0 -9999.0 -9999.0 -9999.0 -0.006797 0.359880 1.539656 1.292158 -0.014391 3.200892 3.178072 5.037687 3.219193 1.885598 0.203839 -0.159910 -0.813743 -0.474011 -1.418195 -0.414428 -0.534596 -2.405039 -4.893495 -0.923417 -0.259597 -0.519548 -1.928427 -1.080530 -1.073495 0.138594 -0.136352 -0.480237 -3.468422 -3.380554 -4.213175 -1.398544 -4.262968 -9999.0 -9999.0 -9999.0 -1.909634 -2.147631 -4.746136 -1.962409 -5.462094 -5.675375 -1.792795 -2.228338 -5.920485 -9999.0 -9999.0 -9999.0 -9999.0 -9999.0 -9999.0 -9999.0
-9999.0 -9999.0 -9999.0 -9999.0 -9999.0 -9999.0 -9999.0 -9999.0 -9999.0 -9999.0 -9999.0 -0.006388 -0.051257 0.029885 0.147469 0.097374 0.099305 2.143310 3.491531 4.158417 1.594605 0.080125 -0.011091 -0.542023 -1.531811 -1.536167 -0.384502 -0.352662 -3.879946 -1.516278 -4.109658 -0.395159 -0.530172 -1.862763 -4.456232 -0.515714 -0.330575 0.023123 0.820525 -2.124774 0.025367 -0.470988 -0.506854 -0.732771 -1.394854 -9999.0 -6.346000 -1.889218 -1.194393 -0.533155 -0.470333 -2.382395 -0.566320 -1.126707 -1.512832 -1.869519 -9999.0 -9999.0 -9999.0 -9999.0 -9999.0 -9999.0 -9999.0
-9999.0 -9999.0 -9999.0 -9999.0 -9999.0 -9999.0 -9999.0 -9999.0 -9999.0 -9999.0 -9999.0 -9999.0 -0.010633 -0.052410 0.250529 0.145159 0.062448 1.731267 3.672365 4.211391 1.289348 0.097805 0.057966 -0.350747 -0.242625 -0.388004 0.206792 -0.999809 -1.656358 -4.390332 -1.147292 -0.379105 -0.527464 -1.717375 -1.773076 -1.000573 -0.018122 0.227038 2.141537 -0.376154 -0.069160 0.025157 -0.340086 -0.148009 -4.107686 -1.962445 -5.165297 -1.868860 -1.282593 -0.348823 0.178399 -0.359065 -0.393418 -1.092274 -1.307803 -1.602259 -1.860468 -9999.0 -9999.0 -9999.0 -9999.0 -9999.0 -9999.0
-9999.0 -9999.0 -9999.0 -9999.0 -9999.0 -9999.0 -9999.0 -9999.0 -9999.0 -9999.0 -9999.0 -0.346381 -0.446228 -0.006050 0.010694 0.028989 0.167489 0.557030 3.144939 3.265352 1.506164 0.073699 0.089040 -0.003182 -0.174457 -0.003463 -0.339900 -1.552257 -0.474326 -2.867002 -0.388015 -0.042155 0.014972 -1.682056 -1.510582 -1.539551 -0.389201 -0.010321 0.931452 1.563012 -0.080198 0.132663 0.047957 -1.278740 0.164012 -0.423099 -0.547626 -3.068071 -2.473734 0.067966 -3.680317 -1.614342 -1.456914 -4.642363 -4.716328 -1.626490 -4.508651 -9999.0 -9999.0 -9999.0 -9999.0 -9999.0 -9999.0
-9999.0 -9999.0 -9999.0 -9999.0 -9999.0 -9999.0 -9999.0 -9999.0 -9999.0 -9999.0 0.095920 -0.303991 -0.005352 0.058155 0.198356 0.175372 0.098184 0.102703 2.668349 2.992695 2.396362 1.119392 -0.002143 0.292312 0.080375 0.035381 -1.006607 -4.090363 -0.540664 -0.016624 0.015956 -0.242993 -0.474639 -1.661296 -5.344480 -4.111271 -0.505601 -0.347858 0.028863 0.103652 0.106184 0.704093 1.555065 0.141548 -0.009968 -1.268543 -0.534319 -0.330529 0.023823 0.035065 -4.270246 -5.103834 -5.192285 -3.442182 -5.018645 -1.683167 -1.606429 -9999.0 -9999.0 -9999.0 -9999.0 -9999.0 -9999.0
-9999.0 -9999.0 -9999.0 -9999.0 -9999.0 -9999.0 -9999.0 -9999.0 -9999.0 -1.490961 -0.369394 -0.288039 0.021078 0.023296 -0.002988 -0.006525 0.034710 0.879127 2.415455 3.317163 2.670812 0.345125 0.161064 0.767505 0.219491 -0.288605 -0.218131 -0.001189 -0.003759 0.143770 0.060384 -2.151947 -3.927648 -6.593834 -5.206371 -4.117085 -0.471178 -0.609502 -0.360054 -0.037495 -0.268090 0.030289 -0.001960 1.151091 0.491560 0.127306 0.367570 0.070001 0.061727 0.816534 -0.407671 -4.635527 -4.165772 -6.983121 -5.415748 -1.474684 -1.302541 -3.651723 -4.942074 -9999.0 -9999.0 -9999.0 -9999.0
-9999.0 -9999.0 -9999.0 -9999.0 -9999.0 -9999.0 -9999.0 -9999.0 -9999.0 -1.468065 -1.487969 -0.464602 0.928909 0.095888 0.078113 0.040116 0.255885 0.625145 2.928869 4.401933 4.084513 3.442351 1.867369 0.256093 -0.171866 -0.003885 0.082114 0.181823 0.120033 0.132947 0.122716 -1.519725 -1.182279 -1.887488 -1.334967 -1.860495 -1.985832 -2.556818 -0.383076 -0.433835 -0.346070 -0.093340 0.067359 0.091286 1.675292 1.298149 0.908835 0.145442 0.050067 0.080014 -2.136572 -1.185719 -6.494718 -3.390664 -4.439153 -1.677774 -1.215980 -0.411558 -2.124083 -9999.0 -9999.0 -9999.0 -9999.0
-9999.0 -9999.0 -9999.0 -9999.0 -9999.0 -9999.0 -9999.0 -9999.0 -9999.0 -9999.0 -1.594732 -0.407265 -0.012624 0.097633 0.187576 0.094851 0.145703 1.431866 3.557810 4.291564 3.016570 1.422004 0.104653 -0.066194 0.005707 0.177588 0.044528 0.392420 0.137535 -1.365299 -1.478788 -0.340739 -1.519566 -1.728636 -0.530772 0.001807 0.187426 0.022434 -1.488513 -1.536887 -1.144233 -0.389261 0.135344 -0.021894 -0.009856 -0.003668 0.068662 2.408590 2.608829 0.072741 -2.326994 -1.061747 -5.532333 -6.202494 -4.111666 -1.857378 -1.051548 0.159728 0.174746 0.208945 -9999.0 -9999.0 -9999.0
-9999.0 -9999.0 -9999.0 -9999.0 -9999.0 -9999.0 -9999.0 -9999.0 -9999.0 -9999.0 -1.635000 -0.628742 -0.473094 -0.003157 2.258422 0.169139 0.156040 2.000601 4.140167 4.740643 2.869129 0.715867 0.111284 0.091888 0.148822 1.010452 1.060565 0.020697 -1.240510 -0.875057 -1.543604 -0.469658 -3.808234 -1.375599 -1.537072 -0.400719 -0.006361 -0.003293 -1.158826 -1.231059 -1.043414 -0.947585 -0.327828 -0.539349 -0.364850 -0.969045 -0.000993 -0.170337 1.006792 2.316497 0.033364 -0.406576 -1.590343 -5.147694 -5.641174 -5.111375 -1.344235 -0.274348 0.781459 2.292874 -9999.0 -9999.0 -9999.0
-9999.0 -9999.0 -9999.0 -9999.0 -9999.0 -9999.0 -9999.0 -9999.0 -0.536809 -0.426085 -0.467296 -0.475837 -0.334434 -0.324525 -0.365492 1.588382 1.766035 4.231374 5.053403 5.088065 4.517279 2.942256 2.013492 0.221398 0.606776 1.467800 1.736213 -1.022930 -0.448609 -1.449495 -4.311446 -1.539212 -1.470544 -1.347767 -0.822309 -0.998851 0.007116 0.077765 -0.848189 -2.735783 -3.320535 -0.441094 -3.666421 -3.206223 -0.227424 0.050018 -0.804956 -0.328063 -0.040909 2.850266 0.062251 -0.703265 -1.357756 -3.087220 -4.859251 -1.679702 -3.343630 0.285147 0.080589 3.111439 -9999.0 -9999.0 -9999.0
-9999.0 -9999.0 -9999.0 -9999.0 -9999.0 -9999.0 -9999.0 -9999.0 -0.926913 -0.368987 -1.348614 -1.219531 -0.902096 -0.277245 -0.006477 0.081951 1.061026 1.551067 4.305110 5.515563 6.240575 5.669092 4.322846 3.039917 2.436449 2.066079 0.144571 -0.003007 -3.698965 -1.735683 -1.881330 -3.140336 -0.536017 -3.542810 -0.523729 -0.497455 0.198075 0.052453 -0.134303 -0.516309 -1.573423 -1.002728 -3.686530 -0.518187 0.025860 -0.353255 -3.964179 -0.816078 -0.004738 0.515612 2.343370 0.042307 -1.900023 -1.385496 -0.281117 -1.828424 0.084569 0.004568 2.628853 5.600453 6.114868 -9999.0 -9999.0
-9999.0 -9999.0 -9999.0 -9999.0 -9999.0 -9999.0 -9999.0 -9999.0 -1.517827 -0.204992 -0.435899 -0.871554 -0.520890 -2.592789 -0.002169 -0.004101 0.116836 1.425223 4.676420 6.298956 5.924139 6.387588 5.800833 4.664873 4.814919 2.117093 0.319486 -1.073535 -3.134116 -0.572793 -3.021391 -0.005870 -1.074255 -0.593821 -0.205993 0.366704 0.084297 1.658953 -0.306072 -0.332489 -0.511495 -3.271479 -0.512762 -0.456434 -0.767263 -0.502810 -2.678074 -0.383718 -0.218612 0.042124 2.007786 0.055492 -1.495407 -1.166590 0.063455 0.020833 0.280735 2.410239 4.355971 5.138032 6.027900 -9999.0 -9999.0
-9999.0 -9999.0 -9999.0 -9999.0 -9999.0 -9999.0 -9999.0 -9999.0 -4.789123 -0.489365 -0.312725 -3.352339 -0.529302 -0.384137 -0.663158 0.099897 3.048589 4.487183 4.184615 5.085231 5.465022 5.933661 6.453894 5.863182 3.159216 0.752476 0.071410 -0.286325 0.147023 -0.017497 -0.357893 -0.010029 0.122393 0.176414 -0.008412 0.234483 1.115375 2.346106 0.131443 0.003518 0.007249 -0.031393 -0.058049 -0.204934 -0.005930 -2.088180 -0.535062 -2.226928 -0.003053 0.069768 0.029337 1.543951 0.069210 0.212117 0.977254 1.819246 3.318431 3.785898 5.041259 5.840377 4.239470 2.122196 -9999.0
-9999.0 -9999.0 -9999.0 -9999.0 -9999.0 -9999.0 -9999.0 -9999.0 -1.541432 -0.498958 -0.252033 -0.541091 -0.753787 -0.309309 1.177335 2.125500 3.112883 1.909372 0.538486 1.878677 4.196662 5.538234 5.712205 5.496136 3.613307 0.214895 -0.006419 0.155920 0.285899 0.231756 0.043808 0.173560 0.752497 0.615268 0.233560 0.917406 2.073458 3.750429 2.722634 1.485705 0.421452 0.167492 0.285206 0.122840 0.026769 0.211579 -0.005520 0.130267 0.113190 0.060847 1.914398 1.519305 1.289620 2.205579 2.932985 3.305440 4.242618 4.839768 4.653429 4.055364 2.048658 0.723064 -9999.0
-9999.0 -9999.0 -0.363713 -0.537306 -0.648885 -0.009606 -0.371567 -1.302311 -1.736865 -1.366319 -0.355464 -0.278382 -0.290588 0.779852 3.063570 2.311620 -0.250703 -0.196119 0.017765 0.152112 1.849747 4.263139 5.186117 5.833778 3.942538 1.391135 0.187445 0.203167 1.535088 1.545208 0.140210 0.338875 3.188508 1.187737 2.678979 3.221110 5.114453 5.447196 3.985638 3.088597 3.077572 2.628229 1.752084 1.599724 0.147616 0.274544 0.335664 0.370840 2.522961 3.356249 4.296440 4.518926 3.978580 3.604686 3.479353 4.340750 3.436131 3.590517 1.540147 1.639639 0.901395 0.141027 -9999.0
-9999.0 0.022286 -0.352303 -0.367121 -0.182014 -0.340988 -0.363041 -1.381197 -1.597553 -1.728166 -1.120079 -1.033880 0.300837 1.921116 2.111400 -0.630791 -0.358334 -0.221796 0.050645 0.147603 1.931825 3.037630 4.034021 3.985527 5.212908 3.753198 3.800279 4.024325 3.783712 3.042042 2.832799 1.473637 2.132627 5.005396 5.590599 7.067749 8.223930 8.807213 7.712414 7.171423 6.365503 5.511428 4.851145 2.686679 1.842618 2.896677 4.311085 4.451119 5.428525 4.208127 4.880131 4.299915 3.167622 2.622712 2.571946 1.791428 0.740260 0.962621 0.492970 0.221551 0.029790 0.061442 -9999.0
-9999.0 0.064480 -0.003353 0.074609 0.556218 -0.007313 -0.414328 -0.307997 -0.479239 -0.481724 -0.252758 -0.453267 0.232015 2.168801 -0.120100 -1.516903 -1.336134 -0.248446 -0.102425 -0.003722 0.509072 1.234709 1.273706 1.269081 4.586866 5.528767 5.224460 5.392939 5.360209 4.908730 5.723921 5.250571 4.859449 5.625245 7.027980 7.991001 9.900016 12.184635 9.777688 9.972108 9.011402 7.658868 6.581107 6.758584 7.214695 6.608190 6.786698 6.535095 5.909447 5.452150 3.353410 0.842013 0.743822 0.901257 0.671844 -0.249678 -0.014226 -0.290396 -0.281009 -0.336430 -0.284093 -9999.0 -9999.0
