erum2020/resources/simulation/Vinschgau/output-maps/TL0004N0978.asc
ncols         63
nrows         48
xllcorner     598000.000000
yllcorner     5145000.000000
cellsize      1000.000000
NODATA_value  -9999.0
[rows 0 to 27 of 48, columns 0 to 62 of 63]
-9999.0 -9999.0 -9999.0 -9999.0 -9999.0 -9999.0 -9999.0 -9999.0 -9999.0 -9999.0 -9999.0 -9999.0 -9999.0 -9999.0 -9999.0 -9999.0 -9999.0 -9999.0 -9999.0 -9999.0 -9999.0 -9999.0 -9999.0 -9999.0 -9999.0 -9999.0 -9999.0 -9999.0 -9999.0 -9999.0 -9999.0 -9999.0 -9999.0 -9999.0 -9999.0 -9999.0 -9999.0 -9999.0 -9999.0 -9999.0 -9999.0 -9999.0 -9999.0 -9999.0 -9999.0 -9999.0 -9999.0 -9999.0 -9999.0 -9999.0 -9999.0 -9999.0 -9999.0 -9999.0 -9999.0 -9999.0 -9999.0 -9999.0 -9999.0 -9999.0 -9999.0 -9999.0 -9999.0
-9999.0 -9999.0 -9999.0 -9999.0 -9999.0 -9999.0 -9999.0 -9999.0 -9999.0 -9999.0 -9999.0 -9999.0 -9999.0 -9999.0 -9999.0 -9999.0 -9999.0 -9999.0 -9999.0 -9999.0 -9999.0 -9999.0 -9999.0 -9999.0 -9999.0 -9999.0 -9999.0 -5.024325 -4.788287 -4.813272 -5.274364 -4.885241 -5.544093 -9999.0 -9999.0 -9999.0 -9999.0 -9999.0 -9999.0 -9999.0 -9999.0 -9999.0 -9999.0 -9999.0 -9999.0 -9999.0 -9999.0 -9999.0 -9999.0 -9999.0 -9999.0 -9999.0 -9999.0 -9999.0 -9999.0 -9999.0 -9999.0 -9999.0 -9999.0 -9999.0 -9999.0 -9999.0 -9999.0
-9999.0 -9999.0 -9999.0 -9999.0 -9999.0 -9999.0 -9999.0 -9999.0 -9999.0 -9999.0 -9999.0 -9999.0 -9999.0 -9999.0 -9999.0 -9999.0 -9999.0 -9999.0 -9999.0 -9999.0 -9999.0 -9999.0 -9999.0 -9999.0 -4.481747 -3.282664 -3.005476 -3.086578 -4.024154 -3.950066 -4.478200 -9999.0 -9999.0 -9999.0 -9999.0 -9999.0 -9999.0 -9999.0 -9999.0 -9999.0 -9999.0 -9999.0 -9999.0 -9999.0 -9999.0 -9999.0 -9999.0 -9999.0 -9999.0 -9999.0 -9999.0 -9999.0 -9999.0 -9999.0 -9999.0 -9999.0 -9999.0 -9999.0 -9999.0 -9999.0 -9999.0 -9999.0 -9999.0
-9999.0 -9999.0 -9999.0 -9999.0 -9999.0 -9999.0 -9999.0 -9999.0 -9999.0 -9999.0 -9999.0 -9999.0 -9999.0 -9999.0 -9999.0 -9999.0 -9999.0 -9999.0 -9999.0 -9999.0 -9999.0 -9999.0 -9999.0 -2.772134 -1.534329 0.125023 0.632148 0.975817 0.074081 -2.464524 -4.420985 -4.943336 -9999.0 -9999.0 -9999.0 -9999.0 -9999.0 -9999.0 -9999.0 -9999.0 -9999.0 -9999.0 -9999.0 -9999.0 -9999.0 -9999.0 -9999.0 -9999.0 -9999.0 -9999.0 -9999.0 -9999.0 -9999.0 -9999.0 -9999.0 -9999.0 -9999.0 -9999.0 -9999.0 -9999.0 -9999.0 -9999.0 -9999.0
-9999.0 -9999.0 -9999.0 -9999.0 -9999.0 -9999.0 -9999.0 -9999.0 -9999.0 -9999.0 -9999.0 -9999.0 -9999.0 -9999.0 -9999.0 -9999.0 -9999.0 -9999.0 -0.002625 -1.933765 -9999.0 -2.304985 -1.622243 -0.009240 0.263442 1.248879 -0.010088 -0.010590 -0.003188 -0.024950 -2.948882 -4.901927 -6.075316 -8.094387 -9999.0 -9999.0 -9999.0 -9999.0 -9999.0 -9999.0 -9999.0 -9999.0 -9999.0 -9999.0 -9999.0 -9999.0 -9999.0 -9999.0 -9999.0 -9999.0 -9999.0 -9999.0 -9999.0 -9999.0 -9999.0 -9999.0 -9999.0 -9999.0 -9999.0 -9999.0 -9999.0 -9999.0 -9999.0
-9999.0 -9999.0 -9999.0 -9999.0 -9999.0 -9999.0 -9999.0 -9999.0 -9999.0 -9999.0 -9999.0 -9999.0 -9999.0 -9999.0 -9999.0 -9999.0 -9999.0 4.152359 2.689427 1.183762 -2.370725 -0.082561 -0.026158 -0.014506 -0.008435 -0.016578 -0.317572 -0.034574 -0.125303 -0.011663 -1.437243 -2.811123 -3.972731 -4.948644 -6.758483 -7.861179 -9999.0 -9999.0 -9999.0 -9999.0 -9999.0 -9999.0 -9999.0 -9999.0 -9999.0 -9999.0 -9999.0 -9999.0 -9999.0 -9999.0 -9999.0 -9999.0 -9999.0 -9999.0 -9999.0 -9999.0 -9999.0 -9999.0 -9999.0 -9999.0 -9999.0 -9999.0 -9999.0
-9999.0 -9999.0 -9999.0 -9999.0 -9999.0 -9999.0 -9999.0 -9999.0 -9999.0 -9999.0 -9999.0 -9999.0 -9999.0 -1.853647 -0.011508 2.115411 3.663686 3.845520 3.759641 0.243477 0.119641 -0.005270 0.345921 -0.008916 -0.018696 -1.628248 -2.165497 -0.717436 -0.920135 -0.055347 -2.101225 -3.483400 -4.454306 -4.540130 -5.386387 -8.127502 -9999.0 -9999.0 -9999.0 -9999.0 -9999.0 -9999.0 -9999.0 -9999.0 -9999.0 -9999.0 -9999.0 -9999.0 -9999.0 -9999.0 -9999.0 -9999.0 -9999.0 -9999.0 -9999.0 -9999.0 -9999.0 -9999.0 -9999.0 -9999.0 -9999.0 -9999.0 -9999.0
-9999.0 -9999.0 -9999.0 -9999.0 -9999.0 -9999.0 -9999.0 -9999.0 -9999.0 -9999.0 -9999.0 -9999.0 -9999.0 -0.032856 1.169693 2.910478 2.949951 2.795267 3.872504 1.531753 2.804765 0.699894 1.049830 -0.003607 -0.048781 -0.777011 -4.695097 -4.489085 -5.564558 -1.630500 -1.039555 -4.378176 -5.880937 -9.254254 -7.026462 -9999.0 -9999.0 -9999.0 -9999.0 -9999.0 -9999.0 -9999.0 -9999.0 -9999.0 -9999.0 -9999.0 -9999.0 -9999.0 -9999.0 -9999.0 -9999.0 -9999.0 -9999.0 -9999.0 -9999.0 -9999.0 -9999.0 -9999.0 -9999.0 -9999.0 -9999.0 -9999.0 -9999.0
-9999.0 -9999.0 -9999.0 -9999.0 -9999.0 -9999.0 -9999.0 -9999.0 -9999.0 -9999.0 -9999.0 -9999.0 -9999.0 0.763053 0.589576 1.921107 2.422916 3.237092 4.080456 3.663065 0.871992 -0.005835 -0.025629 -0.073737 -0.013874 -0.192935 -3.595685 -5.859811 -4.976207 -8.210658 -4.449109 -9.798753 -10.209630 -12.186299 -8.409546 -9999.0 -9999.0 -9999.0 -9999.0 -9999.0 -9999.0 -9999.0 -9999.0 -9999.0 -9999.0 -9999.0 -9999.0 -9999.0 -9999.0 -9999.0 -9999.0 -9999.0 -9999.0 -9999.0 -9999.0 -9999.0 -9999.0 -9999.0 -9999.0 -9999.0 -9999.0 -9999.0 -9999.0
-9999.0 -9999.0 -9999.0 -9999.0 -9999.0 -9999.0 -9999.0 -9999.0 -9999.0 -9999.0 -9999.0 -9999.0 -0.013046 -0.004809 1.395280 -0.005890 0.711925 2.720561 3.307187 2.486427 -0.004527 -0.066228 -0.571409 -0.902373 -1.758657 -4.484924 -3.346639 -4.627017 -4.589553 -6.117184 -9.722503 -6.330265 -5.022776 -8.901599 -9999.0 -9999.0 -9999.0 -9999.0 -9999.0 -9999.0 -9999.0 -9999.0 -9999.0 -9999.0 -9999.0 -9999.0 -9999.0 -9999.0 -9999.0 -9999.0 -9999.0 -9999.0 -9999.0 -9999.0 -9999.0 -9999.0 -9999.0 -9999.0 -9999.0 -9999.0 -9999.0 -9999.0 -9999.0
-9999.0 -9999.0 -9999.0 -9999.0 -9999.0 -9999.0 -9999.0 -9999.0 -9999.0 -9999.0 -9999.0 -1.131316 0.694275 0.630186 0.690418 -0.015679 1.188774 2.755178 3.322179 1.665247 1.409404 -0.006351 -1.775954 -4.431719 -2.105760 -4.566065 -4.880267 -4.690177 -4.618784 -7.662192 -6.518145 -4.554142 -5.464021 -7.356504 -6.655020 -5.240366 -4.771215 -4.527478 -5.243104 -9999.0 -9999.0 -9999.0 -7.498176 -9999.0 -9999.0 -9999.0 -9999.0 -9999.0 -9999.0 -9999.0 -9999.0 -9999.0 -9999.0 -9999.0 -9999.0 -9999.0 -9999.0 -9999.0 -9999.0 -9999.0 -9999.0 -9999.0 -9999.0
-9999.0 -9999.0 -9999.0 -9999.0 -9999.0 -9999.0 -9999.0 -9999.0 -9999.0 -9999.0 -9999.0 -1.920920 1.000100 2.283538 2.116164 -0.495150 3.654887 3.571432 3.422059 2.275255 0.893575 -0.042038 -1.881083 -2.849979 -1.990381 -4.210634 -4.835129 -4.502058 -3.829434 -7.357770 -4.891932 -3.898788 -5.005151 -5.710185 -6.367902 -4.621995 -4.069828 -2.679937 -4.038187 -7.070095 -7.032488 -7.442032 -5.088369 -6.043550 -9999.0 -9999.0 -9999.0 -7.991818 -6.678861 -6.519463 -5.734935 -7.557089 -7.798795 -7.529630 -7.134367 -8.237321 -9999.0 -9999.0 -9999.0 -9999.0 -9999.0 -9999.0 -9999.0
-9999.0 -9999.0 -9999.0 -9999.0 -9999.0 -9999.0 -9999.0 -9999.0 -9999.0 -9999.0 -9999.0 -1.299133 -1.121368 -0.768446 -0.029800 -0.030832 -0.003865 3.028933 2.724791 2.276682 1.430464 -0.020367 -1.730360 -4.481415 -4.793316 -4.836998 -1.922513 -3.697921 -5.129401 -6.124819 -5.529811 -4.204220 -4.357495 -5.458641 -6.057392 -4.267118 -3.332617 -2.963126 -1.946276 -5.517954 -4.865229 -4.837913 -4.358553 -4.277450 -5.562013 -9999.0 -8.694601 -5.504102 -4.815742 -4.602749 -4.430364 -4.505897 -4.808390 -4.629104 -4.377150 -5.269285 -9999.0 -9999.0 -9999.0 -9999.0 -9999.0 -9999.0 -9999.0
-9999.0 -9999.0 -9999.0 -9999.0 -9999.0 -9999.0 -9999.0 -9999.0 -9999.0 -9999.0 -9999.0 -9999.0 -1.834772 -1.085477 -0.077314 -0.041041 -0.005606 2.166922 3.023645 2.311272 1.267440 -0.016058 -0.193255 -1.217133 -3.250352 -2.064798 -2.540971 -4.393003 -4.339632 -5.972382 -4.609210 -3.977319 -4.247991 -4.547604 -5.067988 -4.765699 -1.928492 -2.786181 -0.026770 -3.183549 -3.062798 -3.559675 -3.281544 -2.068955 -5.627452 -5.768593 -6.999298 -5.379185 -3.201534 -1.341949 -0.521546 -3.824144 -3.466745 -4.492651 -3.413786 -4.165704 -5.200769 -9999.0 -9999.0 -9999.0 -9999.0 -9999.0 -9999.0
-9999.0 -9999.0 -9999.0 -9999.0 -9999.0 -9999.0 -9999.0 -9999.0 -9999.0 -9999.0 -9999.0 -1.016214 -2.580062 -1.895571 -1.407441 -0.024345 -0.009447 1.261684 2.483170 3.482806 1.717502 -0.005424 -0.046395 -2.001873 -1.907623 -1.743557 -0.927315 -4.520443 -4.735877 -4.498816 -2.034143 -3.133136 -3.460150 -4.411329 -6.382731 -4.597189 -4.770757 -1.377344 -0.024672 -0.934924 -1.386657 -0.053310 -1.733712 -1.376700 -1.420626 -4.386808 -4.818533 -4.384831 -3.489176 -0.268971 -4.161057 -4.266836 -6.495394 -7.323985 -8.245262 -9.049818 -6.146714 -9999.0 -9999.0 -9999.0 -9999.0 -9999.0 -9999.0
-9999.0 -9999.0 -9999.0 -9999.0 -9999.0 -9999.0 -9999.0 -9999.0 -9999.0 -9999.0 -2.400747 -1.969847 -2.044514 -1.977784 -0.497797 -0.925682 -0.959954 -0.013893 2.799563 3.104786 0.912697 -0.002999 -0.723816 -0.808791 -0.087804 -1.907292 -2.590447 -5.175887 -3.552012 -2.186869 -2.576734 -2.659338 -2.148946 -4.404114 -8.300890 -5.504454 -4.321110 -1.561637 -0.131375 -0.014780 -0.014305 0.102022 0.774084 0.408363 -0.269988 -4.340506 -4.614847 -1.071654 -2.382632 -0.056820 -6.532471 -6.731689 -8.719443 -9.915259 -9.538120 -4.450374 -4.286793 -9999.0 -9999.0 -9999.0 -9999.0 -9999.0 -9999.0
-9999.0 -9999.0 -9999.0 -9999.0 -9999.0 -9999.0 -9999.0 -9999.0 -9999.0 -4.226692 -1.834001 -2.811153 -0.881978 -1.264018 -1.457950 -0.194050 -0.388436 -0.016735 2.465300 3.366999 1.213236 -0.008171 -0.010827 -0.013751 -0.018917 -1.622288 -3.427518 -2.132904 -1.246566 -0.588511 -0.017572 -1.822202 -5.228199 -9.390901 -7.175154 -5.575567 -4.166321 -2.110776 -1.745514 -0.938090 -0.280112 -0.411645 -0.601771 1.152235 0.442112 -0.341492 -1.288966 -1.469974 -1.438480 -0.016562 -2.538248 -6.230478 -10.759652 -9.117372 -7.417057 -6.534089 -5.616990 -5.752657 -7.053923 -9999.0 -9999.0 -9999.0 -9999.0
-9999.0 -9999.0 -9999.0 -9999.0 -9999.0 -9999.0 -9999.0 -9999.0 -9999.0 -5.249103 -4.219020 -2.098250 -0.165303 -0.032412 -0.574749 -1.315793 -0.399988 -0.012215 3.193454 2.110899 1.760098 0.966537 0.156733 -0.027448 -1.235264 -2.295025 -1.051002 -0.067816 -0.012257 -0.024878 -0.162052 -2.200245 -4.608100 -5.382064 -5.244952 -5.626093 -5.097195 -4.096063 -4.700889 -3.005534 -1.122514 -2.554663 -0.800898 -0.008733 1.726777 0.813381 0.477360 -0.014394 -0.034782 -0.015838 -3.069505 -6.197030 -8.710520 -7.511538 -6.123300 -7.564650 -5.438772 -4.669465 -4.758054 -9999.0 -9999.0 -9999.0 -9999.0
-9999.0 -9999.0 -9999.0 -9999.0 -9999.0 -9999.0 -9999.0 -9999.0 -9999.0 -9999.0 -4.561302 -3.785298 -0.606316 -0.621996 -0.026076 -0.375495 -0.041025 0.301904 4.096918 2.844534 1.856229 1.823715 -0.018467 -0.264877 -1.948230 -0.270454 -0.016330 -0.004463 -0.214685 -1.750127 -2.102446 -3.537268 -4.534615 -4.795560 -4.422411 -2.944029 -2.142180 -1.617587 -5.071584 -4.735565 -4.266367 -2.004695 -0.925186 -0.300809 -0.014749 -0.012227 0.621231 0.504344 1.149330 -0.016960 -2.021056 -5.153847 -7.554963 -8.464105 -7.666881 -5.551458 -4.321164 -2.321479 -2.086277 -0.144232 -9999.0 -9999.0 -9999.0
-9999.0 -9999.0 -9999.0 -9999.0 -9999.0 -9999.0 -9999.0 -9999.0 -9999.0 -9999.0 -4.356095 -4.095079 -2.287440 -0.077009 -0.009109 -0.010577 -0.014233 1.684169 4.483945 3.996598 2.689474 0.420030 -0.023538 -0.722457 -0.271685 -0.011930 0.479559 -0.014759 -1.440687 -4.219088 -4.745934 -3.837967 -5.864106 -5.551787 -4.232262 -2.880477 -2.308995 -0.988809 -2.685837 -4.678444 -4.393704 -3.207478 -3.046857 -2.594686 -1.108527 -0.387316 -0.048614 -0.014576 2.020091 0.866386 -0.024824 -2.709747 -4.861709 -7.057517 -9.133040 -8.310310 -5.622999 -1.508880 1.070841 0.806685 -9999.0 -9999.0 -9999.0
-9999.0 -9999.0 -9999.0 -9999.0 -9999.0 -9999.0 -9999.0 -9999.0 -4.425063 -4.816242 -4.887412 -4.188630 -3.429995 -1.022905 -0.059059 0.968401 2.043595 1.877768 3.583840 4.460245 4.461913 3.213289 1.967874 -0.007669 -0.014699 1.356404 -0.009101 -0.957652 -2.285226 -4.191223 -8.628421 -4.199476 -4.840250 -5.243673 -4.881825 -4.518156 -0.436195 -0.681988 -2.708164 -5.655083 -4.388501 -2.326890 -4.195730 -5.223716 -3.356942 -2.154729 -2.518649 -0.869376 -0.013533 1.085942 -0.015911 -0.865305 -5.480630 -6.638757 -7.858462 -4.835434 -5.450250 -1.422274 -0.012443 3.153088 -9999.0 -9999.0 -9999.0
-9999.0 -9999.0 -9999.0 -9999.0 -9999.0 -9999.0 -9999.0 -9999.0 -3.746027 -1.869635 -3.607102 -4.734590 -4.454933 -2.829454 -1.083459 -0.012467 0.979156 1.682464 4.889994 5.006206 4.121027 3.245835 1.910974 0.688755 2.454626 2.417785 0.310886 -0.932037 -5.939555 -4.609571 -5.360127 -5.218761 -4.801962 -5.024150 -4.138357 -2.436794 -0.729502 -0.850016 -1.251454 -4.153825 -4.923735 -7.238939 -4.846249 -2.945882 -2.827513 -1.507236 -4.597522 -3.756501 -0.854020 1.036570 0.642524 -0.781932 -5.552583 -5.456433 -3.924865 -3.749906 -1.679658 -0.065096 1.376710 3.815270 4.997922 -9999.0 -9999.0
-9999.0 -9999.0 -9999.0 -9999.0 -9999.0 -9999.0 -9999.0 -9999.0 -4.610803 -3.427375 -2.746381 -4.419833 -4.395707 -3.921933 -1.480403 -0.947142 -0.009788 0.852982 4.785083 4.229260 5.478963 4.125311 3.572693 3.652605 2.285957 2.321433 -0.003710 -1.391934 -5.584440 -4.748306 -4.669675 -1.973666 -2.788075 -2.382284 -1.773842 -1.670405 -0.030575 1.105477 -0.034677 -1.163731 -4.322925 -4.509423 -4.353813 -3.594539 -2.136493 -4.246724 -5.619655 -4.765933 -2.955870 -0.015899 2.027433 -0.016267 -4.703909 -5.418466 -2.637740 -1.351127 -0.003786 1.260889 3.418228 4.077743 4.434819 -9999.0 -9999.0
-9999.0 -9999.0 -9999.0 -9999.0 -9999.0 -9999.0 -9999.0 -9999.0 -6.500678 -4.138544 -2.361735 -6.168899 -4.424512 -2.226045 -0.394370 -0.004374 3.352070 4.572933 2.590394 5.097452 4.891107 5.297979 4.164862 3.713141 2.897526 0.396600 -0.087587 -2.153644 -2.270305 -1.894479 -1.441107 -1.120571 -0.042756 -0.971347 -1.017576 -0.948428 -0.013561 3.016532 0.075261 -0.121505 -2.320994 -2.080495 -2.208311 -3.423449 -4.666083 -4.424411 -4.260349 -4.372324 -4.356661 -1.657271 -0.014426 1.604426 -0.015501 -1.949459 -0.014060 0.487625 2.040669 3.770401 4.721009 4.207084 3.281686 1.888687 -9999.0
-9999.0 -9999.0 -9999.0 -9999.0 -9999.0 -9999.0 -9999.0 -9999.0 -6.308563 -4.348898 -2.923633 -1.723494 -0.538111 -0.155033 -0.021986 0.895197 1.144041 1.726267 0.174025 2.086537 4.094578 4.643900 4.929813 4.616789 1.446850 -0.012461 -1.257827 -0.291976 -0.023989 -0.571040 -0.368728 -0.017217 0.828295 -0.005521 -0.016005 -0.005705 1.061552 5.210670 4.707158 0.685754 -0.014137 -0.021557 -0.459774 -0.035783 -1.574817 -1.494685 -1.010140 -1.736463 -0.839039 -0.017502 0.185748 1.000810 1.353888 0.574400 1.150059 1.445726 2.209045 2.999917 3.610952 3.253827 3.231256 1.312651 -9999.0
-9999.0 -9999.0 -4.768506 -4.463970 -4.209198 -2.471049 -3.847797 -3.335235 -4.658731 -4.196446 -1.822286 -0.277276 -0.113660 -0.642983 0.186397 0.456877 -0.016837 -1.369155 -0.932104 -0.010624 1.965608 4.658738 3.714376 5.575414 2.667348 1.241522 -0.013967 -0.009251 1.409863 -0.005777 -0.017374 -0.004920 1.789326 2.284867 2.245978 3.724833 4.540225 7.531999 6.523253 3.760066 2.255502 2.261619 2.910575 1.025805 -0.012488 -0.017094 0.242215 0.870168 1.021517 1.991634 2.673748 2.465120 1.909848 1.463691 1.394063 1.850514 2.014980 2.386444 1.989436 2.526005 0.602244 0.568961 -9999.0
-9999.0 -1.215094 -1.398751 -1.690403 -2.323251 -1.337819 -3.840649 -3.789932 -4.779372 -4.751022 -2.884781 -0.999950 -0.024890 -0.045651 -0.011701 -0.398886 -1.909260 -2.788629 -1.515713 -0.015435 1.679416 3.397835 2.354231 3.764482 2.908531 2.331690 1.052623 1.354496 2.557239 1.530056 1.309931 1.343251 2.826477 3.892495 5.107944 6.270561 8.288102 10.545241 7.920725 6.371322 5.622691 5.446804 4.715983 3.975075 2.701366 3.001845 2.766165 5.178713 4.233990 5.084670 3.261901 2.516077 1.777948 1.036180 0.969806 0.531937 0.339732 0.677508 0.236011 -0.010900 -0.003718 0.362571 -9999.0
-9999.0 -0.588472 -1.184203 -0.683682 -0.354239 -1.165316 -2.685790 -4.310245 -4.972232 -5.069903 -3.429422 -1.388566 -0.008862 -0.011081 -0.137864 -4.418627 -3.601841 -3.098571 -1.039688 -0.038995 -0.004692 1.241953 2.122265 1.395781 2.142448 2.924363 4.907264 4.480438 3.911228 5.713058 5.957323 5.684676 4.575346 5.465520 6.315369 8.354326 10.016884 11.095810 10.934762 10.163795 9.202852 8.047123 7.200667 7.413270 7.405140 7.218846 5.455480 5.235802 4.714923 4.039333 2.437978 1.328957 0.436297 1.099971 0.324010 -0.036384 -0.597557 -0.088332 -0.048968 -0.161772 -0.031971 -9999.0 -9999.0
