erum2020/resources/simulation/Vinschgau/output-maps/TL0008N1193.asc
ncols         63
nrows         48
xllcorner     598000.000000
yllcorner     5145000.000000
cellsize      1000.000000
NODATA_value  -9999.0
[rows 0 to 27 of 48, columns 0 to 62 of 63]
-9999.0 -9999.0 -9999.0 -9999.0 -9999.0 -9999.0 -9999.0 -9999.0 -9999.0 -9999.0 -9999.0 -9999.0 -9999.0 -9999.0 -9999.0 -9999.0 -9999.0 -9999.0 -9999.0 -9999.0 -9999.0 -9999.0 -9999.0 -9999.0 -9999.0 -9999.0 -9999.0 -9999.0 -9999.0 -9999.0 -9999.0 -9999.0 -9999.0 -9999.0 -9999.0 -9999.0 -9999.0 -9999.0 -9999.0 -9999.0 -9999.0 -9999.0 -9999.0 -9999.0 -9999.0 -9999.0 -9999.0 -9999.0 -9999.0 -9999.0 -9999.0 -9999.0 -9999.0 -9999.0 -9999.0 -9999.0 -9999.0 -9999.0 -9999.0 -9999.0 -9999.0 -9999.0 -9999.0
-9999.0 -9999.0 -9999.0 -9999.0 -9999.0 -9999.0 -9999.0 -9999.0 -9999.0 -9999.0 -9999.0 -9999.0 -9999.0 -9999.0 -9999.0 -9999.0 -9999.0 -9999.0 -9999.0 -9999.0 -9999.0 -9999.0 -9999.0 -9999.0 -9999.0 -9999.0 -9999.0 -0.002455 -0.038854 1.371292 -0.068436 -0.063463 -0.242017 -9999.0 -9999.0 -9999.0 -9999.0 -9999.0 -9999.0 -9999.0 -9999.0 -9999.0 -9999.0 -9999.0 -9999.0 -9999.0 -9999.0 -9999.0 -9999.0 -9999.0 -9999.0 -9999.0 -9999.0 -9999.0 -9999.0 -9999.0 -9999.0 -9999.0 -9999.0 -9999.0 -9999.0 -9999.0 -9999.0
-9999.0 -9999.0 -9999.0 -9999.0 -9999.0 -9999.0 -9999.0 -9999.0 -9999.0 -9999.0 -9999.0 -9999.0 -9999.0 -9999.0 -9999.0 -9999.0 -9999.0 -9999.0 -9999.0 -9999.0 -9999.0 -9999.0 -9999.0 -9999.0 -0.035099 -0.032048 -0.030466 -0.033057 -0.039052 -0.042822 -0.055454 -9999.0 -9999.0 -9999.0 -9999.0 -9999.0 -9999.0 -9999.0 -9999.0 -9999.0 -9999.0 -9999.0 -9999.0 -9999.0 -9999.0 -9999.0 -9999.0 -9999.0 -9999.0 -9999.0 -9999.0 -9999.0 -9999.0 -9999.0 -9999.0 -9999.0 -9999.0 -9999.0 -9999.0 -9999.0 -9999.0 -9999.0 -9999.0
-9999.0 -9999.0 -9999.0 -9999.0 -9999.0 -9999.0 -9999.0 -9999.0 -9999.0 -9999.0 -9999.0 -9999.0 -9999.0 -9999.0 -9999.0 -9999.0 -9999.0 -9999.0 -9999.0 -9999.0 -9999.0 -9999.0 -9999.0 -0.029192 -0.006241 3.466504 3.843998 4.035060 3.870846 -0.003993 -0.051920 -0.068353 -9999.0 -9999.0 -9999.0 -9999.0 -9999.0 -9999.0 -9999.0 -9999.0 -9999.0 -9999.0 -9999.0 -9999.0 -9999.0 -9999.0 -9999.0 -9999.0 -9999.0 -9999.0 -9999.0 -9999.0 -9999.0 -9999.0 -9999.0 -9999.0 -9999.0 -9999.0 -9999.0 -9999.0 -9999.0 -9999.0 -9999.0
-9999.0 -9999.0 -9999.0 -9999.0 -9999.0 -9999.0 -9999.0 -9999.0 -9999.0 -9999.0 -9999.0 -9999.0 -9999.0 -9999.0 -9999.0 -9999.0 -9999.0 -9999.0 5.970540 -0.003587 -9999.0 -0.017463 -0.004491 3.350222 3.327872 4.316728 4.139859 4.238593 2.395140 0.349163 -0.011186 -0.052201 -0.012577 -0.010106 -9999.0 -9999.0 -9999.0 -9999.0 -9999.0 -9999.0 -9999.0 -9999.0 -9999.0 -9999.0 -9999.0 -9999.0 -9999.0 -9999.0 -9999.0 -9999.0 -9999.0 -9999.0 -9999.0 -9999.0 -9999.0 -9999.0 -9999.0 -9999.0 -9999.0 -9999.0 -9999.0 -9999.0 -9999.0
-9999.0 -9999.0 -9999.0 -9999.0 -9999.0 -9999.0 -9999.0 -9999.0 -9999.0 -9999.0 -9999.0 -9999.0 -9999.0 -9999.0 -9999.0 -9999.0 -9999.0 5.286770 3.953366 4.594277 4.723507 -0.000929 0.942537 2.824919 4.687837 -0.003411 -0.098040 -0.002023 -0.028415 2.086434 -0.002575 -0.011010 1.875115 -0.002704 -0.015071 -0.014558 -9999.0 -9999.0 -9999.0 -9999.0 -9999.0 -9999.0 -9999.0 -9999.0 -9999.0 -9999.0 -9999.0 -9999.0 -9999.0 -9999.0 -9999.0 -9999.0 -9999.0 -9999.0 -9999.0 -9999.0 -9999.0 -9999.0 -9999.0 -9999.0 -9999.0 -9999.0 -9999.0
-9999.0 -9999.0 -9999.0 -9999.0 -9999.0 -9999.0 -9999.0 -9999.0 -9999.0 -9999.0 -9999.0 -9999.0 -9999.0 4.274150 2.642921 3.621478 4.983051 11.702648 5.032188 4.027878 3.676084 3.008402 4.130696 4.733101 -0.002268 -0.003871 -0.080608 -0.154071 -0.064526 -0.002029 -0.356742 -0.034686 -0.042726 -0.066579 -0.007516 -0.018854 -9999.0 -9999.0 -9999.0 -9999.0 -9999.0 -9999.0 -9999.0 -9999.0 -9999.0 -9999.0 -9999.0 -9999.0 -9999.0 -9999.0 -9999.0 -9999.0 -9999.0 -9999.0 -9999.0 -9999.0 -9999.0 -9999.0 -9999.0 -9999.0 -9999.0 -9999.0 -9999.0
-9999.0 -9999.0 -9999.0 -9999.0 -9999.0 -9999.0 -9999.0 -9999.0 -9999.0 -9999.0 -9999.0 -9999.0 -9999.0 5.247063 4.876131 4.337687 4.167197 10.476580 11.801718 5.754790 4.243393 7.159261 2.837589 1.306045 1.995304 -0.005060 -0.034147 0.783582 -0.004704 -0.177455 -0.588436 -0.046604 -0.009340 -3.722333 -0.026628 -9999.0 -9999.0 -9999.0 -9999.0 -9999.0 -9999.0 -9999.0 -9999.0 -9999.0 -9999.0 -9999.0 -9999.0 -9999.0 -9999.0 -9999.0 -9999.0 -9999.0 -9999.0 -9999.0 -9999.0 -9999.0 -9999.0 -9999.0 -9999.0 -9999.0 -9999.0 -9999.0 -9999.0
-9999.0 -9999.0 -9999.0 -9999.0 -9999.0 -9999.0 -9999.0 -9999.0 -9999.0 -9999.0 -9999.0 -9999.0 -9999.0 4.999232 4.970930 6.165012 3.999511 4.678322 12.189538 5.023704 8.205367 3.407725 -0.003398 -0.003398 1.928044 1.175223 2.981845 -0.006220 -0.059205 -0.246788 -0.052751 -3.917537 -3.714325 -6.007136 -0.024238 -9999.0 -9999.0 -9999.0 -9999.0 -9999.0 -9999.0 -9999.0 -9999.0 -9999.0 -9999.0 -9999.0 -9999.0 -9999.0 -9999.0 -9999.0 -9999.0 -9999.0 -9999.0 -9999.0 -9999.0 -9999.0 -9999.0 -9999.0 -9999.0 -9999.0 -9999.0 -9999.0 -9999.0
-9999.0 -9999.0 -9999.0 -9999.0 -9999.0 -9999.0 -9999.0 -9999.0 -9999.0 -9999.0 -9999.0 -9999.0 3.792717 4.483864 5.876139 3.946868 2.562242 4.239552 11.377301 6.306112 3.912626 -0.002034 -0.044652 -0.005331 -0.455936 -0.034965 -1.660223 -0.052273 -0.067110 -0.011926 -3.366780 -0.012669 -0.072785 -0.013415 -9999.0 -9999.0 -9999.0 -9999.0 -9999.0 -9999.0 -9999.0 -9999.0 -9999.0 -9999.0 -9999.0 -9999.0 -9999.0 -9999.0 -9999.0 -9999.0 -9999.0 -9999.0 -9999.0 -9999.0 -9999.0 -9999.0 -9999.0 -9999.0 -9999.0 -9999.0 -9999.0 -9999.0 -9999.0
-9999.0 -9999.0 -9999.0 -9999.0 -9999.0 -9999.0 -9999.0 -9999.0 -9999.0 -9999.0 -9999.0 3.714515 5.101386 2.704079 5.387744 6.775517 5.633805 4.582039 10.694751 7.851464 2.984680 2.666876 -0.002029 -0.016085 -0.088343 -0.038932 -0.054202 -0.048472 -0.066025 -0.025466 -0.012044 -0.042271 -0.005094 -0.011762 -0.012689 -0.003594 -0.056439 -0.010098 -0.009488 -9999.0 -9999.0 -9999.0 -0.014171 -9999.0 -9999.0 -9999.0 -9999.0 -9999.0 -9999.0 -9999.0 -9999.0 -9999.0 -9999.0 -9999.0 -9999.0 -9999.0 -9999.0 -9999.0 -9999.0 -9999.0 -9999.0 -9999.0 -9999.0
-9999.0 -9999.0 -9999.0 -9999.0 -9999.0 -9999.0 -9999.0 -9999.0 -9999.0 -9999.0 -9999.0 2.951675 4.881527 6.553774 6.217093 5.912678 7.612535 5.102724 11.122662 8.193807 7.823636 4.451291 -0.007000 -1.631725 -0.883811 -0.041093 -0.044130 -0.041563 0.265075 -0.011640 -0.049342 -0.043731 -0.059514 -0.086237 -0.069238 -0.050739 -0.005430 0.554350 -0.005836 -0.012175 -0.009958 -0.011410 -0.054856 -0.009531 -9999.0 -9999.0 -9999.0 -0.138265 -0.108527 -0.056039 -0.102450 -0.118273 -0.109804 -0.297732 -0.359719 -0.121005 -9999.0 -9999.0 -9999.0 -9999.0 -9999.0 -9999.0 -9999.0
-9999.0 -9999.0 -9999.0 -9999.0 -9999.0 -9999.0 -9999.0 -9999.0 -9999.0 -9999.0 -9999.0 1.369447 3.605662 -0.003337 6.379302 6.844194 2.470354 4.066906 9.864161 8.191455 2.380347 -0.002262 -0.223175 -0.033358 -0.039151 -0.002222 -1.006321 -2.147097 -0.003147 -0.065504 -0.004933 -2.607944 -0.039590 -0.070669 -0.009996 -0.017365 -1.367950 -1.246566 2.684563 -0.004409 -0.010039 -0.056890 -0.049919 -0.048001 -0.082885 -9999.0 -0.036712 -0.090980 -0.061491 -0.045544 -0.012996 1.644766 -0.044483 -0.054478 -0.085396 -0.077683 -9999.0 -9999.0 -9999.0 -9999.0 -9999.0 -9999.0 -9999.0
-9999.0 -9999.0 -9999.0 -9999.0 -9999.0 -9999.0 -9999.0 -9999.0 -9999.0 -9999.0 -9999.0 -9999.0 2.184857 -0.001797 5.238092 5.576056 0.887241 3.101829 10.395493 7.994776 2.364520 0.804853 -0.149959 -0.545437 -1.545500 -0.417097 -0.026328 -0.005522 -0.056658 -0.008221 -0.046187 -1.002450 -0.005172 -0.074453 -0.077592 -0.050867 -0.553104 -1.225874 4.280217 0.201547 -0.002145 2.770877 -0.460055 -0.030024 -0.005661 -0.082287 -0.051258 -0.075139 -1.615443 -0.419595 -0.000721 -2.289461 -2.361640 -2.917310 -3.124752 -0.079534 -0.075215 -9999.0 -9999.0 -9999.0 -9999.0 -9999.0 -9999.0
-9999.0 -9999.0 -9999.0 -9999.0 -9999.0 -9999.0 -9999.0 -9999.0 -9999.0 -9999.0 -9999.0 -0.351098 -0.004678 4.577475 -0.067603 -0.001427 1.781884 2.396312 9.916963 4.309170 2.660911 0.674855 -0.001988 -0.348021 -0.373132 -1.149904 -0.492098 -0.050043 -0.053055 0.891945 -0.834511 -1.598182 -0.009196 -0.063388 -0.071208 -0.065383 -0.010196 -0.210217 0.312861 3.762569 -0.091833 -0.002671 -0.155992 -0.066339 -0.002221 -0.049877 -0.056976 1.139392 2.677976 -0.008243 -1.739927 -0.049988 -4.077043 -3.898422 -3.988835 -4.297338 -0.019072 -9999.0 -9999.0 -9999.0 -9999.0 -9999.0 -9999.0
-9999.0 -9999.0 -9999.0 -9999.0 -9999.0 -9999.0 -9999.0 -9999.0 -9999.0 -9999.0 -0.029460 -0.151685 -0.004772 -0.002975 3.581974 -0.003822 -0.007629 -0.002834 3.499173 3.951565 5.794242 4.265366 -0.393779 -0.001740 -0.001998 -0.845673 -1.526259 -2.672032 -0.004319 -0.003912 -1.044027 -1.137885 -0.006681 -0.058894 -0.013541 -0.004714 -0.004777 -0.360772 -0.208741 0.763197 0.862644 2.015326 6.984363 0.867153 -0.002690 1.207594 -0.033919 -0.386963 -0.507821 -0.001222 -4.107679 -0.064019 -4.314212 -4.947438 -5.332694 -0.053669 -0.061535 -9999.0 -9999.0 -9999.0 -9999.0 -9999.0 -9999.0
-9999.0 -9999.0 -9999.0 -9999.0 -9999.0 -9999.0 -9999.0 -9999.0 -9999.0 -0.038291 -0.033805 -0.087290 -0.076576 -0.101824 -0.304449 -0.105497 -0.002820 4.876263 3.431131 4.019115 6.278997 0.832522 0.214886 1.076198 -0.000665 -1.052433 -1.428682 -0.003018 -0.105153 -0.003239 0.213842 -1.250554 -0.003678 -0.036882 -0.008988 -0.004911 -0.019848 -0.505982 -0.417778 -0.245346 -0.508866 -0.386370 -0.350826 1.562135 0.927988 -0.007980 3.343378 -0.145860 -0.138489 0.367246 -1.610745 -0.031281 -5.159867 -0.581606 -0.217224 -3.552821 -3.410836 -0.010089 -0.102717 -9999.0 -9999.0 -9999.0 -9999.0
-9999.0 -9999.0 -9999.0 -9999.0 -9999.0 -9999.0 -9999.0 -9999.0 -9999.0 -0.034030 -0.036033 -0.002612 3.265128 -0.001385 -0.004989 -0.109854 2.670977 1.136819 4.008654 7.595314 7.084683 7.098136 4.587997 2.992933 -0.667262 -0.519117 -0.205566 -0.001492 1.003611 3.017311 1.162063 -1.628430 -0.044468 -0.064262 -0.066688 -0.005083 -0.002674 2.572289 -0.038029 -0.005258 -0.472192 -0.676090 -0.073050 1.260744 2.502755 2.568869 2.256557 0.954286 -0.002440 0.608752 -2.511783 -3.770332 -0.856765 -1.031836 -0.328275 -4.602127 -2.961301 -2.696062 -0.002902 -9999.0 -9999.0 -9999.0 -9999.0
-9999.0 -9999.0 -9999.0 -9999.0 -9999.0 -9999.0 -9999.0 -9999.0 -9999.0 -9999.0 -0.046446 -0.007551 -0.061732 -0.003118 -0.002308 -0.002794 -0.001282 2.203151 4.799096 5.337645 7.101214 2.650618 -0.002013 -0.251493 -0.325293 -0.002146 0.590067 1.518386 1.316122 -1.190815 -1.528921 -1.986715 -2.059068 -0.061440 -0.054674 -0.014475 -0.012291 -0.024899 -0.002643 -0.049271 -0.047023 -0.019175 -0.000922 -0.005469 -0.002424 -0.002150 1.574640 4.887734 3.369804 0.606660 -1.473643 -3.280423 -0.341057 -0.982130 -1.114216 -0.142371 -0.066423 -0.852768 -0.588467 -0.002007 -9999.0 -9999.0 -9999.0
-9999.0 -9999.0 -9999.0 -9999.0 -9999.0 -9999.0 -9999.0 -9999.0 -9999.0 -9999.0 -0.065656 -0.035471 -0.020762 -0.003433 3.798958 -0.003909 -0.003175 2.521800 5.203661 6.215723 3.337996 1.447433 -0.002579 -0.047651 -0.002082 1.071699 2.180519 -0.002228 -0.881594 -1.789639 -0.042911 -0.045016 -3.257517 -0.063132 -0.043239 -0.029261 -0.767702 -0.230445 -1.683792 -0.053489 -0.049914 3.196499 -0.355080 -0.004504 -0.014663 -0.363535 -0.001043 -0.002418 2.905797 2.685097 -0.002529 -1.523836 -2.524507 -0.121293 -1.598829 -0.975930 -0.095383 -0.197425 0.947854 2.349800 -9999.0 -9999.0 -9999.0
-9999.0 -9999.0 -9999.0 -9999.0 -9999.0 -9999.0 -9999.0 -9999.0 -0.043594 -0.047301 -0.056327 -0.047322 -1.892840 -0.196336 -0.046670 1.519526 2.851205 7.924704 6.335536 6.668737 5.069838 3.990788 3.088001 1.325754 0.864342 1.839231 4.040162 -0.435862 -1.512944 -1.701725 -2.406416 -0.046439 -0.046388 -0.059167 -0.057812 -0.035480 3.333066 -0.124974 -2.121207 -0.004433 1.364012 -0.029139 -1.686087 -0.003205 3.235844 -0.007067 -1.945656 -0.093898 -0.002370 2.711699 0.811489 -2.091542 -3.603933 -4.222718 -0.724115 -0.070304 -0.007004 -0.004486 1.090384 4.202057 -9999.0 -9999.0 -9999.0
-9999.0 -9999.0 -9999.0 -9999.0 -9999.0 -9999.0 -9999.0 -9999.0 -2.220274 -1.207398 -1.504230 -0.053816 -0.035386 -1.334470 -0.535592 -0.002175 1.851045 2.439014 5.463353 7.198347 11.148920 9.927669 9.568131 8.814251 3.315205 3.245517 0.769876 -0.141016 -3.156380 -0.053066 -0.067541 -0.003094 -0.042869 -0.002424 -0.040412 -0.027780 4.592171 -0.007646 -0.107473 -0.011487 -0.044322 -2.606529 -0.002027 -0.007574 -0.028680 -0.395841 -2.136483 -0.030369 -0.087103 1.406647 2.256129 -0.015284 -4.101990 -0.082921 -0.039585 -1.697459 -0.218795 -0.002557 3.009036 5.622669 7.037788 -9999.0 -9999.0
-9999.0 -9999.0 -9999.0 -9999.0 -9999.0 -9999.0 -9999.0 -9999.0 -0.043891 -0.033491 -0.056269 -2.037964 -0.054626 -1.534827 -0.152703 -0.429651 0.193675 3.501342 5.387633 10.868961 7.656754 10.259257 10.423565 6.269397 7.820092 3.164375 0.287747 -0.833700 -2.701409 -0.044114 0.242710 -0.030460 -1.528310 -0.996345 -0.008584 3.702137 -0.007015 1.577025 -0.043659 -0.354228 -0.025023 1.571060 -0.033661 -0.040092 -1.529488 -0.035900 -0.004876 -0.043924 -1.425758 -0.001877 2.490967 0.663972 -2.873487 -3.927892 -0.409810 -0.102810 1.465820 2.856640 5.590509 5.874199 6.462964 -9999.0 -9999.0
-9999.0 -9999.0 -9999.0 -9999.0 -9999.0 -9999.0 -9999.0 -9999.0 -0.051463 -0.028097 -0.297908 -3.757787 -0.038176 -0.575335 -0.409074 0.166188 3.930676 5.181905 7.626403 5.638973 7.074267 7.449649 9.800006 9.090223 3.559206 0.953023 -0.002206 -1.573498 -0.022297 -0.549110 -0.217452 -0.268741 -0.003850 -0.084580 -0.052562 3.192546 5.372062 4.016100 0.613678 -0.003831 -0.002837 -0.002845 -0.003456 3.178887 -0.039144 1.347989 -0.003950 2.355737 -0.035710 -0.222273 -0.001889 2.174707 0.779252 -0.107710 1.054166 1.998628 3.668025 4.673888 5.629553 6.186141 5.173960 2.602595 -9999.0
-9999.0 -9999.0 -9999.0 -9999.0 -9999.0 -9999.0 -9999.0 -9999.0 -0.213116 -0.047872 -1.473094 -1.185122 -0.416360 -0.149264 3.125272 2.647545 5.316993 2.359205 0.730658 2.824719 4.702243 6.818327 7.067213 6.773749 7.134877 -0.003851 -0.694694 -0.002085 -0.001277 -0.012578 -0.269528 0.406347 2.522673 1.584681 0.727885 1.694181 3.746203 6.017143 5.409628 2.476242 0.997239 0.718034 -0.002270 -0.002621 -0.169130 0.941028 -0.070198 -0.247656 -0.064834 0.443050 1.876455 1.646771 1.887886 2.169536 2.792142 3.149861 3.817614 4.667658 5.373020 5.520202 4.135577 1.997090 -9999.0
-9999.0 -9999.0 -0.008759 -0.036867 -2.659625 -1.016697 -2.286120 -1.744831 -0.063366 -0.055727 -1.504607 -0.003645 -0.106043 -0.002325 4.347747 1.942186 -0.002263 -0.830963 -0.087558 -0.002403 2.695110 5.398406 5.950123 6.103603 4.852177 1.977202 -0.003798 -0.003308 2.416468 4.189577 -0.002255 0.639113 6.269713 3.344670 4.719290 4.575772 7.574822 8.287410 7.200653 4.519784 5.274114 5.141020 4.190600 2.859012 -0.002154 0.555644 1.942133 1.376901 2.782969 3.790516 5.042400 4.276139 3.512755 3.033426 2.943671 7.064347 3.599324 4.037076 3.752940 3.469910 5.093838 1.203065 -9999.0
-9999.0 -0.274787 -0.435451 -0.475764 -0.559242 -0.680417 -0.792659 -1.448968 -2.387612 -0.058046 -1.563986 -0.488644 -0.000239 3.542207 3.396245 -0.319805 -0.452909 -1.542460 -0.448801 -0.002357 2.449718 4.216770 6.912480 4.794430 8.506088 4.677177 6.571018 6.736886 5.359983 3.501765 3.875684 4.055344 5.708408 9.286896 8.218216 9.345953 11.064795 11.191358 11.144134 9.385705 8.750303 8.619573 7.875236 4.777172 3.471238 3.872157 4.895557 5.900782 7.038404 6.010529 5.128774 4.156174 3.381245 2.607402 2.536803 2.044723 0.763241 1.116858 1.837662 3.761315 0.462607 0.998406 -9999.0
-9999.0 -0.001799 -0.069966 -0.085835 -0.000604 -0.154681 -2.116497 -1.946753 -0.062704 -0.062681 -1.409159 -0.860078 0.075529 3.523185 -0.081634 -3.228915 -1.407123 -1.513247 -0.729295 -0.006102 4.141685 1.891831 2.965002 3.207454 7.948512 9.307981 5.427201 6.588674 6.376783 6.382633 6.532541 6.303823 7.411292 8.323429 12.146246 11.352833 17.042740 18.098016 14.115020 13.038066 12.296669 11.239035 10.305411 8.043448 7.920234 7.791264 8.135844 7.781251 7.119955 6.215133 4.213681 1.933972 0.887971 1.416715 0.655447 -0.001878 -0.269308 -0.001922 -0.001919 -0.002001 -0.001649 -9999.0 -9999.0
