erum2020/resources/simulation/Vinschgau/output-maps/TL0006N0254.asc
ncols         63
nrows         48
xllcorner     598000.000000
yllcorner     5145000.000000
cellsize      1000.000000
NODATA_value  -9999.0
[rows 0 to 27 of 48, columns 0 to 61 of 63]
-9999.0 -9999.0 -9999.0 -9999.0 -9999.0 -9999.0 -9999.0 -9999.0 -9999.0 -9999.0 -9999.0 -9999.0 -9999.0 -9999.0 -9999.0 -9999.0 -9999.0 -9999.0 -9999.0 -9999.0 -9999.0 -9999.0 -9999.0 -9999.0 -9999.0 -9999.0 -9999.0 -9999.0 -9999.0 -9999.0 -9999.0 -9999.0 -9999.0 -9999.0 -9999.0 -9999.0 -9999.0 -9999.0 -9999.0 -9999.0 -9999.0 -9999.0 -9999.0 -9999.0 -9999.0 -9999.0 -9999.0 -9999.0 -9999.0 -9999.0 -9999.0 -9999.0 -9999.0 -9999.0 -9999.0 -9999.0 -9999.0 -9999.0 -9999.0 -9999.0 -9999.0 -9999.0
-9999.0 -9999.0 -9999.0 -9999.0 -9999.0 -9999.0 -9999.0 -9999.0 -9999.0 -9999.0 -9999.0 -9999.0 -9999.0 -9999.0 -9999.0 -9999.0 -9999.0 -9999.0 -9999.0 -9999.0 -9999.0 -9999.0 -9999.0 -9999.0 -9999.0 -9999.0 -9999.0 -6.313352 -6.502092 -6.409882 -7.154820 -8.135210 -8.107292 -9999.0 -9999.0 -9999.0 -9999.0 -9999.0 -9999.0 -9999.0 -9999.0 -9999.0 -9999.0 -9999.0 -9999.0 -9999.0 -9999.0 -9999.0 -9999.0 -9999.0 -9999.0 -9999.0 -9999.0 -9999.0 -9999.0 -9999.0 -9999.0 -9999.0 -9999.0 -9999.0 -9999.0 -9999.0
-9999.0 -9999.0 -9999.0 -9999.0 -9999.0 -9999.0 -9999.0 -9999.0 -9999.0 -9999.0 -9999.0 -9999.0 -9999.0 -9999.0 -9999.0 -9999.0 -9999.0 -9999.0 -9999.0 -9999.0 -9999.0 -9999.0 -9999.0 -9999.0 -4.492386 -5.058132 -4.766021 -5.571922 -5.069260 -6.116058 -7.241485 -9999.0 -9999.0 -9999.0 -9999.0 -9999.0 -9999.0 -9999.0 -9999.0 -9999.0 -9999.0 -9999.0 -9999.0 -9999.0 -9999.0 -9999.0 -9999.0 -9999.0 -9999.0 -9999.0 -9999.0 -9999.0 -9999.0 -9999.0 -9999.0 -9999.0 -9999.0 -9999.0 -9999.0 -9999.0 -9999.0 -9999.0
-9999.0 -9999.0 -9999.0 -9999.0 -9999.0 -9999.0 -9999.0 -9999.0 -9999.0 -9999.0 -9999.0 -9999.0 -9999.0 -9999.0 -9999.0 -9999.0 -9999.0 -9999.0 -9999.0 -9999.0 -9999.0 -9999.0 -9999.0 -4.815729 -3.567712 -2.596609 -4.534592 -4.745377 -4.582232 -6.110963 -6.810714 -6.527586 -9999.0 -9999.0 -9999.0 -9999.0 -9999.0 -9999.0 -9999.0 -9999.0 -9999.0 -9999.0 -9999.0 -9999.0 -9999.0 -9999.0 -9999.0 -9999.0 -9999.0 -9999.0 -9999.0 -9999.0 -9999.0 -9999.0 -9999.0 -9999.0 -9999.0 -9999.0 -9999.0 -9999.0 -9999.0 -9999.0
-9999.0 -9999.0 -9999.0 -9999.0 -9999.0 -9999.0 -9999.0 -9999.0 -9999.0 -9999.0 -9999.0 -9999.0 -9999.0 -9999.0 -9999.0 -9999.0 -9999.0 -9999.0 -1.463374 -2.099981 -9999.0 -4.405589 -3.301973 -2.782221 -5.073013 -1.296461 -4.911081 -4.918474 -0.714108 -4.343754 -5.661015 -7.015178 -7.333622 -8.109757 -9999.0 -9999.0 -9999.0 -9999.0 -9999.0 -9999.0 -9999.0 -9999.0 -9999.0 -9999.0 -9999.0 -9999.0 -9999.0 -9999.0 -9999.0 -9999.0 -9999.0 -9999.0 -9999.0 -9999.0 -9999.0 -9999.0 -9999.0 -9999.0 -9999.0 -9999.0 -9999.0 -9999.0
-9999.0 -9999.0 -9999.0 -9999.0 -9999.0 -9999.0 -9999.0 -9999.0 -9999.0 -9999.0 -9999.0 -9999.0 -9999.0 -9999.0 -9999.0 -9999.0 -9999.0 -2.813212 -4.762747 -4.187631 -3.587506 -1.989302 -3.247199 -4.521598 -0.575764 -5.965420 -6.077328 -4.987756 -6.132897 -5.270205 -4.162974 -6.130206 -5.039643 -7.183141 -8.030911 -9.063086 -9999.0 -9999.0 -9999.0 -9999.0 -9999.0 -9999.0 -9999.0 -9999.0 -9999.0 -9999.0 -9999.0 -9999.0 -9999.0 -9999.0 -9999.0 -9999.0 -9999.0 -9999.0 -9999.0 -9999.0 -9999.0 -9999.0 -9999.0 -9999.0 -9999.0 -9999.0
-9999.0 -9999.0 -9999.0 -9999.0 -9999.0 -9999.0 -9999.0 -9999.0 -9999.0 -9999.0 -9999.0 -9999.0 -9999.0 -4.505069 -1.915249 -4.874968 -4.280848 -4.378610 -3.761887 -4.856426 -5.105877 -5.156513 -4.677557 -4.494354 -5.428408 -6.234664 -7.096096 -6.258689 -6.968722 -5.326904 -5.782566 -6.983843 -7.483311 -9.208473 -9.312295 -9.818170 -9999.0 -9999.0 -9999.0 -9999.0 -9999.0 -9999.0 -9999.0 -9999.0 -9999.0 -9999.0 -9999.0 -9999.0 -9999.0 -9999.0 -9999.0 -9999.0 -9999.0 -9999.0 -9999.0 -9999.0 -9999.0 -9999.0 -9999.0 -9999.0 -9999.0 -9999.0
-9999.0 -9999.0 -9999.0 -9999.0 -9999.0 -9999.0 -9999.0 -9999.0 -9999.0 -9999.0 -9999.0 -9999.0 -9999.0 -2.159200 -2.415021 -2.973499 -2.676646 -3.059373 -4.540853 -4.381180 -1.022499 -5.769760 -4.546724 -4.948086 -4.328736 -5.465899 -6.012141 -8.018412 -8.489270 -7.231854 -6.152728 -9.088643 -9.289095 -10.081028 -10.056313 -9999.0 -9999.0 -9999.0 -9999.0 -9999.0 -9999.0 -9999.0 -9999.0 -9999.0 -9999.0 -9999.0 -9999.0 -9999.0 -9999.0 -9999.0 -9999.0 -9999.0 -9999.0 -9999.0 -9999.0 -9999.0 -9999.0 -9999.0 -9999.0 -9999.0 -9999.0 -9999.0
-9999.0 -9999.0 -9999.0 -9999.0 -9999.0 -9999.0 -9999.0 -9999.0 -9999.0 -9999.0 -9999.0 -9999.0 -9999.0 -2.339084 -4.591848 -0.505259 -2.272670 -3.856883 -4.512346 -0.440593 -2.649847 -6.628594 -5.274692 -5.029004 -4.016017 -2.851240 -5.759860 -8.346015 -6.138876 -9.053546 -8.786151 -10.366531 -10.060701 -10.831605 -10.317249 -9999.0 -9999.0 -9999.0 -9999.0 -9999.0 -9999.0 -9999.0 -9999.0 -9999.0 -9999.0 -9999.0 -9999.0 -9999.0 -9999.0 -9999.0 -9999.0 -9999.0 -9999.0 -9999.0 -9999.0 -9999.0 -9999.0 -9999.0 -9999.0 -9999.0 -9999.0 -9999.0
-9999.0 -9999.0 -9999.0 -9999.0 -9999.0 -9999.0 -9999.0 -9999.0 -9999.0 -9999.0 -9999.0 -9999.0 -2.213232 -3.325028 -1.185186 -5.668235 -1.445234 -4.249069 -0.073759 -4.121237 -4.065418 -5.804548 -5.478445 -4.877443 -2.500252 -7.728258 -5.193045 -6.011186 -5.629413 -8.549183 -9.195693 -7.728384 -7.989660 -9.684683 -9999.0 -9999.0 -9999.0 -9999.0 -9999.0 -9999.0 -9999.0 -9999.0 -9999.0 -9999.0 -9999.0 -9999.0 -9999.0 -9999.0 -9999.0 -9999.0 -9999.0 -9999.0 -9999.0 -9999.0 -9999.0 -9999.0 -9999.0 -9999.0 -9999.0 -9999.0 -9999.0 -9999.0
-9999.0 -9999.0 -9999.0 -9999.0 -9999.0 -9999.0 -9999.0 -9999.0 -9999.0 -9999.0 -9999.0 -3.494200 -4.225695 -0.468850 -5.412181 -5.271252 -6.421605 -4.243416 -0.040017 -4.212773 -4.653329 -2.657208 -5.068050 -6.618113 -5.177428 -5.965564 -8.384214 -5.535611 -5.983820 -9.170582 -7.268595 -6.431465 -8.081891 -9.715072 -10.087619 -10.155447 -9.390292 -9.973090 -5.450138 -9999.0 -9999.0 -9999.0 -10.207012 -9999.0 -9999.0 -9999.0 -9999.0 -9999.0 -9999.0 -9999.0 -9999.0 -9999.0 -9999.0 -9999.0 -9999.0 -9999.0 -9999.0 -9999.0 -9999.0 -9999.0 -9999.0 -9999.0
-9999.0 -9999.0 -9999.0 -9999.0 -9999.0 -9999.0 -9999.0 -9999.0 -9999.0 -9999.0 -9999.0 -4.817897 -4.183916 -3.124588 -2.976449 -6.112804 -3.038243 -4.917255 -0.040886 -2.356309 -4.277099 -0.660252 -4.305255 -5.020354 -5.379030 -6.466429 -5.656806 -4.916609 -6.201583 -8.447785 -6.555137 -6.948663 -7.927930 -8.650794 -10.606115 -10.192228 -1.604363 -2.013138 -2.965720 -11.545677 -11.691521 -11.228403 -8.845893 -8.848070 -9999.0 -9999.0 -9999.0 -0.226464 -3.173522 -3.616369 -0.904398 -2.359209 -2.409277 -0.009670 -0.008484 -2.143751 -9999.0 -9999.0 -9999.0 -9999.0 -9999.0 -9999.0
-9999.0 -9999.0 -9999.0 -9999.0 -9999.0 -9999.0 -9999.0 -9999.0 -9999.0 -9999.0 -9999.0 -3.898057 -4.887102 -5.580283 -1.947960 -5.216111 -2.967856 -4.754342 -1.690084 -0.044551 -3.008206 -2.933342 -2.237320 -3.806401 -6.848860 -5.602351 -3.111332 -6.086917 -7.604381 -6.982251 -8.208114 -6.883850 -6.906382 -9.297316 -9.860834 -8.893803 -4.317202 -3.897486 -1.143519 -4.074248 -2.472113 -9.590168 -8.123450 -7.403383 -7.279713 -9999.0 -6.733262 -4.049430 -1.750037 -0.139305 -0.506569 -0.411410 -0.034534 -0.001663 -0.030405 -0.023026 -9999.0 -9999.0 -9999.0 -9999.0 -9999.0 -9999.0
-9999.0 -9999.0 -9999.0 -9999.0 -9999.0 -9999.0 -9999.0 -9999.0 -9999.0 -9999.0 -9999.0 -9999.0 -4.282653 -2.063080 -0.852877 -2.017767 -3.511155 -4.118960 -0.324036 -0.044536 -4.492274 -2.755763 -3.524194 -2.513066 -5.276621 -2.577776 -2.149064 -7.060387 -6.676655 -6.371430 -6.436510 -6.496570 -7.219049 -8.542504 -10.560080 -10.409646 -6.243163 -4.687367 -0.141723 -3.212420 -2.846246 -8.253619 -6.752968 -5.883383 -6.576550 -5.495201 -5.193400 -4.086084 -4.057751 -2.082915 -1.966501 -1.443067 -0.028950 -0.291192 -2.707489 -2.623185 -0.677038 -9999.0 -9999.0 -9999.0 -9999.0 -9999.0
-9999.0 -9999.0 -9999.0 -9999.0 -9999.0 -9999.0 -9999.0 -9999.0 -9999.0 -9999.0 -9999.0 -0.456720 -5.144562 -5.135963 -1.895463 -1.796720 -2.170075 -4.383264 -4.044980 -0.015113 -3.949115 -4.031112 -2.955722 -3.628257 -2.618370 -2.874284 -2.685046 -7.355556 -5.658738 -5.775094 -4.055276 -4.707986 -5.013890 -8.379235 -10.975069 -10.429894 -11.701606 -5.201091 -3.165444 -0.112512 -4.103212 -2.185693 -4.620815 -5.859335 -5.246810 -5.727702 -3.694616 -3.567521 -3.242102 -3.672028 -5.600037 -5.404071 -4.170879 -6.129447 -5.221785 -5.844536 -1.943221 -9999.0 -9999.0 -9999.0 -9999.0 -9999.0
-9999.0 -9999.0 -9999.0 -9999.0 -9999.0 -9999.0 -9999.0 -9999.0 -9999.0 -9999.0 -0.861873 -1.252253 -0.114028 -3.864057 -0.206595 -3.126112 -5.154172 -4.297744 -4.116955 -0.031694 -0.235376 -0.914977 -3.206725 -1.646206 -3.925766 -2.218558 -6.121177 -6.129800 -3.211964 -3.107854 -4.729688 -5.992963 -6.919116 -8.577599 -11.098296 -10.178726 -8.505082 -5.351678 -3.918341 -0.891060 -0.051069 -5.667937 -5.820512 -4.468148 -5.823229 -5.792170 -3.655815 -4.011954 -5.048890 -3.966023 -3.552469 -5.919747 -5.833783 -6.099326 -5.602704 -0.187617 -0.106301 -9999.0 -9999.0 -9999.0 -9999.0 -9999.0
-9999.0 -9999.0 -9999.0 -9999.0 -9999.0 -9999.0 -9999.0 -9999.0 -9999.0 -5.232247 -0.851181 -0.862680 -3.065323 -1.073741 -0.080582 -4.571694 -4.797323 -0.942545 -3.629040 -0.012535 -0.043206 -4.510401 -4.352161 -1.741040 -2.218604 -5.993583 -3.518842 -2.916126 -4.707251 -5.084170 -5.003219 -6.749478 -8.935938 -9.930520 -8.827647 -9.409931 -9.371452 -8.845850 -9.454699 -7.805592 -3.019273 -7.656955 -7.128705 -0.019787 -4.859914 -5.568103 -5.577681 -3.744254 -2.512889 -4.302949 -1.364047 -3.414734 -6.518165 -4.882615 -3.027130 -1.484114 -0.053968 -0.035460 -0.455872 -9999.0 -9999.0 -9999.0
-9999.0 -9999.0 -9999.0 -9999.0 -9999.0 -9999.0 -9999.0 -9999.0 -9999.0 -5.221465 -5.030226 -4.964786 -4.266069 -2.792397 -0.434046 -0.514082 -0.034773 -4.138175 -2.600131 -0.008472 -0.008366 -0.004785 -2.198233 -1.399642 -5.724836 -3.224751 -4.240807 -4.858713 -1.607822 -4.257971 -5.632063 -4.939692 -7.350227 -6.893968 -7.357740 -7.050113 -8.115102 -7.701344 -9.414305 -7.979587 -6.389830 -8.111212 -5.236161 -5.284016 -0.029155 -0.047110 -0.045941 -3.993141 -4.920699 -4.100725 -3.425626 -2.426797 -4.820222 -4.271127 -5.648789 -0.810596 -0.422362 -0.046253 -0.028296 -9999.0 -9999.0 -9999.0
-9999.0 -9999.0 -9999.0 -9999.0 -9999.0 -9999.0 -9999.0 -9999.0 -9999.0 -9999.0 -4.874886 -4.724687 -3.954133 -3.548323 -3.426244 -0.477245 -0.651094 -3.644690 -0.004099 -0.008533 -0.625986 -3.479250 -1.477824 -3.445614 -3.149784 -5.041251 -3.208466 -0.049035 -5.013903 -6.224160 -6.699512 -3.321225 -7.362347 -7.750544 -6.058122 -4.772362 -5.156501 -5.952718 -7.994165 -8.865011 -9.213844 -5.542949 -6.023207 -5.919433 -6.631646 -6.444388 -4.732276 -3.275864 -0.037887 -4.000498 -1.269580 -0.721519 -2.794671 -4.467101 -3.275535 -4.741355 -2.138219 -3.209548 -3.761278 -2.004214 -9999.0 -9999.0
-9999.0 -9999.0 -9999.0 -9999.0 -9999.0 -9999.0 -9999.0 -9999.0 -9999.0 -9999.0 -4.862698 -4.822067 -3.967820 -1.557618 -0.182613 -4.137154 -3.573896 -3.320847 -0.004576 -0.005976 -0.055508 -3.960568 -4.742502 -4.157758 -4.369414 -2.134737 -0.043871 -3.970031 -5.229617 -7.716372 -7.249497 -4.865351 -6.114740 -7.735193 -7.505973 -6.878618 -5.336931 -4.663325 -6.077476 -7.647443 -5.578035 -5.628481 -5.421777 -6.654256 -1.339091 -4.968666 -3.800915 -5.771079 -0.034744 -0.196090 -4.250836 -0.588493 -0.086192 -2.625690 -3.985167 -1.971398 -4.820487 -0.407779 -1.800489 -0.060897 -9999.0 -9999.0
-9999.0 -9999.0 -9999.0 -9999.0 -9999.0 -9999.0 -9999.0 -9999.0 -0.075607 -0.390473 -4.659256 -4.072371 -4.306736 -4.035029 -1.997056 -0.033076 -0.053218 -0.002998 -0.004216 -0.003606 -0.005303 -0.004693 -0.010446 -4.197087 -3.270658 -0.004351 -1.306517 -5.596471 -4.710551 -6.328863 -8.579133 -7.005359 -6.224026 -6.155075 -5.202753 -7.990740 -4.755127 -3.897887 -6.091463 -5.975365 -6.843589 -6.207969 -7.378461 -7.843926 -4.098227 -2.149571 -6.015561 -1.731705 -4.879586 -0.040302 -4.139874 -2.196473 -0.193234 -3.295978 -1.861146 -0.040474 -0.057690 -0.018568 -3.246849 -0.040938 -9999.0 -9999.0
-9999.0 -9999.0 -9999.0 -9999.0 -9999.0 -9999.0 -9999.0 -9999.0 -5.335546 -0.183805 -3.142420 -6.333444 -5.432097 -3.819789 -1.890595 -3.176572 -2.160234 -2.413033 0.422052 0.524451 1.378851 1.088879 -0.002627 -0.003895 -0.004054 -0.004777 -1.679564 -3.871010 -6.686140 -4.832078 -5.003991 -4.673782 -4.398181 -5.275827 -2.885988 -2.712717 -2.796744 -3.513210 -4.531498 -4.137466 -6.380222 -8.388273 -7.102210 -2.965558 -1.599975 -3.002729 -6.255028 -5.564904 -4.478953 -3.062083 -0.204963 -2.814559 -0.313934 -0.098302 -1.520541 -3.219219 -3.300376 -3.871732 -0.043574 -0.001051 0.799844 -9999.0
-9999.0 -9999.0 -9999.0 -9999.0 -9999.0 -9999.0 -9999.0 -9999.0 -5.449838 -3.972880 -0.130649 -4.934824 -2.339161 -6.048271 -0.246904 -3.610516 -1.869556 -0.567438 0.279133 0.857792 0.733839 0.996034 1.174122 -0.005286 1.025254 -2.423688 -3.918656 -4.585366 -5.266634 -3.848865 -4.643162 -2.048027 -3.373444 -3.675751 -1.359401 -2.244161 -3.860959 -4.313338 -4.010255 -4.016441 -4.365295 -4.709082 -1.349135 -4.252758 -4.651110 -4.871644 -3.243200 -0.672118 -3.676312 -4.521103 -0.030465 -1.843862 -2.687166 -1.523918 -2.611775 -1.796983 -0.264588 -0.044702 -0.007594 -0.004864 -0.001303 -9999.0
-9999.0 -9999.0 -9999.0 -9999.0 -9999.0 -9999.0 -9999.0 -9999.0 -7.321825 -4.028075 -0.929175 -2.720437 -0.049092 -0.184014 -3.620997 -3.401046 -0.012789 0.285140 -0.038374 0.354962 -0.004189 0.699290 1.104756 0.863087 -1.865143 -2.608490 -1.354915 -2.446069 -1.895062 -3.792198 -2.246516 -1.967164 -4.524920 -4.329714 -4.038873 -2.793978 -1.868062 -4.053366 -1.971590 -2.848432 -2.958212 -1.187278 -0.703624 -2.738631 -0.690435 -2.929295 -0.168950 -1.444403 -0.117026 -2.669464 -2.843070 -0.047018 -0.622417 -0.725369 -0.274207 -0.093536 -0.050513 -0.005388 0.881143 -0.001921 -0.029101 -0.100641
-9999.0 -9999.0 -9999.0 -9999.0 -9999.0 -9999.0 -9999.0 -9999.0 -4.477427 -2.825517 -0.044860 -2.358148 -3.886648 -3.762513 -0.140386 -0.052766 -2.157979 -4.069702 -3.571540 -2.877415 -0.006421 -0.002929 -0.002230 -0.006065 -0.154384 -3.635085 -3.530632 -3.101828 -3.644202 -4.134263 -2.259886 -2.568497 -2.906223 -2.971720 -2.350390 -2.016166 -3.052142 -3.024057 -3.249755 -1.969196 -1.934015 -2.466671 -3.821334 -3.248564 -2.610863 -0.389419 -2.799169 -4.389824 -4.094512 -2.602519 -0.736044 -0.104560 -0.052569 -0.089258 -0.070784 -0.034752 -0.011263 -0.007931 -0.011125 -0.040070 -0.551639 -0.030798
-9999.0 -9999.0 -3.363271 -2.091024 -3.311769 -1.775234 -0.763894 -1.858202 -2.409489 -2.574552 -2.510527 -2.553452 -3.180935 -1.587468 -0.013371 -1.594265 -4.817245 -4.690924 -4.057460 -2.221037 -2.939328 0.535178 -0.003864 -0.003761 -0.027487 -2.715593 -4.118594 -4.155673 -2.709885 -1.388536 -4.268870 -3.567693 -0.115239 -3.994660 -2.530968 -3.879893 -1.230002 -0.082414 -2.616962 -3.772908 -4.281604 -3.032233 -3.861791 -3.694774 -3.652950 -4.069868 -2.670886 -3.510523 -0.132741 -0.046921 -0.046480 -0.030507 -0.010732 -0.025096 -0.035947 -0.008848 -0.040935 -0.063546 -0.801053 -2.553012 -0.022368 -0.006382
-9999.0 -0.409384 -0.831483 -0.295165 -0.479631 -0.087519 -3.243752 -3.886864 -4.012994 -4.505294 -3.070658 -0.095719 -1.554426 -0.032755 -1.244819 -1.294549 -3.960226 -3.796611 -0.328512 -3.658851 -2.338411 -0.012884 -0.011456 -0.002128 -0.004253 -0.027882 -0.001705 -0.002493 -0.027677 -0.053089 -0.109217 -2.251259 -1.782213 -0.009210 -0.049785 -0.047663 -0.020336 -0.004582 -0.013743 -0.045509 -0.047290 -0.049305 -0.052092 -3.211172 -1.451963 -2.538228 -0.028614 -0.035966 -0.010196 -0.006164 -0.014231 -0.024218 -0.040306 -0.057975 -0.059275 -1.969876 -0.593686 -0.225873 -0.061729 -0.111445 -0.003343 -0.003094
-9999.0 -2.945279 -1.632885 -2.492469 -1.443628 -1.435079 -1.152598 -1.679913 -2.008302 -2.676598 -0.713029 -1.412662 -2.241525 -1.184000 -2.145223 -3.736337 -4.302348 -3.613183 -2.924875 -3.793910 -0.545530 -2.626019 -0.027900 -0.030035 0.003856 1.224556 0.495473 -0.002889 -0.003927 0.538227 0.451852 -0.002798 -0.050729 -0.017646 -0.003303 -0.004254 1.079060 4.715914 -0.001105 0.001857 -0.002960 -0.004144 -0.008436 -0.007512 -0.001903 0.911302 1.476640 1.332123 -0.007764 -0.009511 -0.062773 -3.824860 -0.629285 -1.046371 -2.999975 -0.229222 -0.521354 -0.500145 -0.618020 -0.009649 -0.006234 -9999.0
