erum2020/resources/simulation/Vinschgau/output-maps/TL0001N1416.asc
ncols         63
nrows         48
xllcorner     598000.000000
yllcorner     5145000.000000
cellsize      1000.000000
NODATA_value  -9999.0
[rows 0 to 27 of 48, columns 0 to 62 of 63]
-9999.0 -9999.0 -9999.0 -9999.0 -9999.0 -9999.0 -9999.0 -9999.0 -9999.0 -9999.0 -9999.0 -9999.0 -9999.0 -9999.0 -9999.0 -9999.0 -9999.0 -9999.0 -9999.0 -9999.0 -9999.0 -9999.0 -9999.0 -9999.0 -9999.0 -9999.0 -9999.0 -9999.0 -9999.0 -9999.0 -9999.0 -9999.0 -9999.0 -9999.0 -9999.0 -9999.0 -9999.0 -9999.0 -9999.0 -9999.0 -9999.0 -9999.0 -9999.0 -9999.0 -9999.0 -9999.0 -9999.0 -9999.0 -9999.0 -9999.0 -9999.0 -9999.0 -9999.0 -9999.0 -9999.0 -9999.0 -9999.0 -9999.0 -9999.0 -9999.0 -9999.0 -9999.0 -9999.0
-9999.0 -9999.0 -9999.0 -9999.0 -9999.0 -9999.0 -9999.0 -9999.0 -9999.0 -9999.0 -9999.0 -9999.0 -9999.0 -9999.0 -9999.0 -9999.0 -9999.0 -9999.0 -9999.0 -9999.0 -9999.0 -9999.0 -9999.0 -9999.0 -9999.0 -9999.0 -9999.0 -2.311293 -1.073141 -1.205656 -1.553955 -2.342357 -3.900050 -9999.0 -9999.0 -9999.0 -9999.0 -9999.0 -9999.0 -9999.0 -9999.0 -9999.0 -9999.0 -9999.0 -9999.0 -9999.0 -9999.0 -9999.0 -9999.0 -9999.0 -9999.0 -9999.0 -9999.0 -9999.0 -9999.0 -9999.0 -9999.0 -9999.0 -9999.0 -9999.0 -9999.0 -9999.0 -9999.0
-9999.0 -9999.0 -9999.0 -9999.0 -9999.0 -9999.0 -9999.0 -9999.0 -9999.0 -9999.0 -9999.0 -9999.0 -9999.0 -9999.0 -9999.0 -9999.0 -9999.0 -9999.0 -9999.0 -9999.0 -9999.0 -9999.0 -9999.0 -9999.0 -0.441144 -0.358832 -0.264356 -0.438175 -0.221882 -0.366852 -2.096285 -9999.0 -9999.0 -9999.0 -9999.0 -9999.0 -9999.0 -9999.0 -9999.0 -9999.0 -9999.0 -9999.0 -9999.0 -9999.0 -9999.0 -9999.0 -9999.0 -9999.0 -9999.0 -9999.0 -9999.0 -9999.0 -9999.0 -9999.0 -9999.0 -9999.0 -9999.0 -9999.0 -9999.0 -9999.0 -9999.0 -9999.0 -9999.0
-9999.0 -9999.0 -9999.0 -9999.0 -9999.0 -9999.0 -9999.0 -9999.0 -9999.0 -9999.0 -9999.0 -9999.0 -9999.0 -9999.0 -9999.0 -9999.0 -9999.0 -9999.0 -9999.0 -9999.0 -9999.0 -9999.0 -9999.0 -0.335629 -0.176184 2.267761 2.765053 2.917467 2.851103 -0.535807 -2.048138 -2.367652 -9999.0 -9999.0 -9999.0 -9999.0 -9999.0 -9999.0 -9999.0 -9999.0 -9999.0 -9999.0 -9999.0 -9999.0 -9999.0 -9999.0 -9999.0 -9999.0 -9999.0 -9999.0 -9999.0 -9999.0 -9999.0 -9999.0 -9999.0 -9999.0 -9999.0 -9999.0 -9999.0 -9999.0 -9999.0 -9999.0 -9999.0
-9999.0 -9999.0 -9999.0 -9999.0 -9999.0 -9999.0 -9999.0 -9999.0 -9999.0 -9999.0 -9999.0 -9999.0 -9999.0 -9999.0 -9999.0 -9999.0 -9999.0 -9999.0 2.313367 -0.268887 -9999.0 -0.290478 -0.194835 1.913304 2.187532 2.814167 1.653538 1.905923 1.786515 0.341575 -0.569862 -1.550531 -3.376327 -4.478223 -9999.0 -9999.0 -9999.0 -9999.0 -9999.0 -9999.0 -9999.0 -9999.0 -9999.0 -9999.0 -9999.0 -9999.0 -9999.0 -9999.0 -9999.0 -9999.0 -9999.0 -9999.0 -9999.0 -9999.0 -9999.0 -9999.0 -9999.0 -9999.0 -9999.0 -9999.0 -9999.0 -9999.0 -9999.0
-9999.0 -9999.0 -9999.0 -9999.0 -9999.0 -9999.0 -9999.0 -9999.0 -9999.0 -9999.0 -9999.0 -9999.0 -9999.0 -9999.0 -9999.0 -9999.0 -9999.0 4.655155 3.330120 2.844693 -0.110871 -0.066547 0.335689 1.291081 2.140961 0.039437 -0.089261 0.243512 -0.044342 1.176057 0.011731 -0.506391 -0.837002 -2.350035 -3.750692 -4.372983 -9999.0 -9999.0 -9999.0 -9999.0 -9999.0 -9999.0 -9999.0 -9999.0 -9999.0 -9999.0 -9999.0 -9999.0 -9999.0 -9999.0 -9999.0 -9999.0 -9999.0 -9999.0 -9999.0 -9999.0 -9999.0 -9999.0 -9999.0 -9999.0 -9999.0 -9999.0 -9999.0
-9999.0 -9999.0 -9999.0 -9999.0 -9999.0 -9999.0 -9999.0 -9999.0 -9999.0 -9999.0 -9999.0 -9999.0 -9999.0 0.761582 1.315726 2.877588 4.168802 6.359168 4.274197 1.984616 2.054696 1.789079 2.345390 2.292708 -0.031849 -0.205889 -1.217301 -0.143165 -0.204382 -0.052774 -1.582682 -0.149363 -0.709580 -1.347494 -2.782301 -4.586604 -9999.0 -9999.0 -9999.0 -9999.0 -9999.0 -9999.0 -9999.0 -9999.0 -9999.0 -9999.0 -9999.0 -9999.0 -9999.0 -9999.0 -9999.0 -9999.0 -9999.0 -9999.0 -9999.0 -9999.0 -9999.0 -9999.0 -9999.0 -9999.0 -9999.0 -9999.0 -9999.0
-9999.0 -9999.0 -9999.0 -9999.0 -9999.0 -9999.0 -9999.0 -9999.0 -9999.0 -9999.0 -9999.0 -9999.0 -9999.0 1.507008 3.213767 3.698261 3.565566 6.133440 6.386589 3.439429 3.401037 3.430716 2.291837 1.213301 1.325090 0.474042 -1.093096 -1.645036 -2.948578 -0.704406 -0.182121 -1.461000 -3.189295 -4.351156 -3.923094 -9999.0 -9999.0 -9999.0 -9999.0 -9999.0 -9999.0 -9999.0 -9999.0 -9999.0 -9999.0 -9999.0 -9999.0 -9999.0 -9999.0 -9999.0 -9999.0 -9999.0 -9999.0 -9999.0 -9999.0 -9999.0 -9999.0 -9999.0 -9999.0 -9999.0 -9999.0 -9999.0 -9999.0
-9999.0 -9999.0 -9999.0 -9999.0 -9999.0 -9999.0 -9999.0 -9999.0 -9999.0 -9999.0 -9999.0 -9999.0 -9999.0 2.927921 2.046001 4.100167 3.196576 3.893081 6.666956 4.275200 3.911944 1.464808 0.295486 -0.050433 1.146802 0.800701 -0.934135 -3.188103 -2.421102 -3.601356 -2.037229 -5.007080 -4.944585 -10.240135 -4.700886 -9999.0 -9999.0 -9999.0 -9999.0 -9999.0 -9999.0 -9999.0 -9999.0 -9999.0 -9999.0 -9999.0 -9999.0 -9999.0 -9999.0 -9999.0 -9999.0 -9999.0 -9999.0 -9999.0 -9999.0 -9999.0 -9999.0 -9999.0 -9999.0 -9999.0 -9999.0 -9999.0 -9999.0
-9999.0 -9999.0 -9999.0 -9999.0 -9999.0 -9999.0 -9999.0 -9999.0 -9999.0 -9999.0 -9999.0 -9999.0 1.629017 1.472354 3.659511 1.950963 1.798671 3.524274 6.829271 3.992249 2.020506 -0.066492 0.245105 -0.140756 -1.700520 -1.164734 -2.817537 -2.197177 -0.512534 -3.383151 -4.427235 -3.515160 -2.679787 -5.022891 -9999.0 -9999.0 -9999.0 -9999.0 -9999.0 -9999.0 -9999.0 -9999.0 -9999.0 -9999.0 -9999.0 -9999.0 -9999.0 -9999.0 -9999.0 -9999.0 -9999.0 -9999.0 -9999.0 -9999.0 -9999.0 -9999.0 -9999.0 -9999.0 -9999.0 -9999.0 -9999.0 -9999.0 -9999.0
-9999.0 -9999.0 -9999.0 -9999.0 -9999.0 -9999.0 -9999.0 -9999.0 -9999.0 -9999.0 -9999.0 0.754756 3.065066 2.891728 3.038515 2.402734 3.073478 3.744964 6.772684 5.370419 2.119820 1.752019 -0.313981 -0.878543 0.365325 -0.624161 -2.370715 -1.256489 -2.659079 -4.334980 -3.605715 -0.610829 -2.834426 -4.080291 -3.696683 -2.654046 -2.612068 -1.609752 -1.522416 -9999.0 -9999.0 -9999.0 -4.103295 -9999.0 -9999.0 -9999.0 -9999.0 -9999.0 -9999.0 -9999.0 -9999.0 -9999.0 -9999.0 -9999.0 -9999.0 -9999.0 -9999.0 -9999.0 -9999.0 -9999.0 -9999.0 -9999.0 -9999.0
-9999.0 -9999.0 -9999.0 -9999.0 -9999.0 -9999.0 -9999.0 -9999.0 -9999.0 -9999.0 -9999.0 0.178644 3.299493 4.786313 4.510078 1.534800 5.585939 4.243225 6.852463 5.137401 3.953001 1.285566 -0.186253 -2.074229 -1.326684 -1.140496 -1.522479 -0.551847 -0.870260 -4.148871 -1.301813 -0.279159 -2.441342 -3.356068 -3.806080 -1.350538 -0.449147 -0.766513 -1.605745 -3.907309 -3.880898 -4.088229 -1.458598 -3.310825 -9999.0 -9999.0 -9999.0 -5.060722 -4.282827 -3.660909 -3.642726 -4.994456 -5.165987 -4.823742 -4.607482 -5.442756 -9999.0 -9999.0 -9999.0 -9999.0 -9999.0 -9999.0 -9999.0
-9999.0 -9999.0 -9999.0 -9999.0 -9999.0 -9999.0 -9999.0 -9999.0 -9999.0 -9999.0 -9999.0 0.034077 0.372478 1.037986 1.921413 2.329521 1.552942 3.701740 5.882073 5.072591 2.290625 -0.035060 -1.136782 -0.400610 -1.190159 -1.996427 -1.268084 -3.247767 -2.571129 -3.499767 -2.925231 -1.512590 -0.468864 -3.225350 -3.320287 -0.439934 -0.922536 -0.951420 -0.264305 -2.889766 -1.255683 -2.632304 -0.466221 -1.147860 -3.470218 -9999.0 -4.877060 -3.438883 -1.472621 -0.646993 -0.835749 -0.801531 -1.393676 -1.953455 -2.037526 -3.138310 -9999.0 -9999.0 -9999.0 -9999.0 -9999.0 -9999.0 -9999.0
-9999.0 -9999.0 -9999.0 -9999.0 -9999.0 -9999.0 -9999.0 -9999.0 -9999.0 -9999.0 -9999.0 -9999.0 0.507021 -0.026492 1.187785 1.560666 0.693082 2.752115 6.320859 5.060769 2.127631 0.420833 -0.041661 -0.751335 -2.483227 -1.378588 -0.191040 -0.985807 -1.902740 -3.268322 -1.483871 -1.271263 -0.914725 -2.120034 -2.480005 -0.839706 -1.274123 -1.098487 0.894982 -1.174620 -0.509690 -0.847650 -0.758147 -0.214262 -3.018887 -3.616794 -3.971384 -3.256650 -2.446587 -0.842529 -0.334292 -1.163022 -3.430739 -1.855417 -2.547422 -1.524318 -2.878543 -9999.0 -9999.0 -9999.0 -9999.0 -9999.0 -9999.0
-9999.0 -9999.0 -9999.0 -9999.0 -9999.0 -9999.0 -9999.0 -9999.0 -9999.0 -9999.0 -9999.0 -0.856970 -0.359366 0.901747 -0.020246 0.110177 1.066573 2.115958 5.772158 4.095262 2.393832 0.841100 -0.024429 -1.348820 -1.261394 -1.571862 -0.793170 -2.132023 -2.277875 -1.681577 -1.355653 -1.748028 -0.237213 -2.030842 -3.858960 -1.298839 -1.360535 -0.852129 -0.025568 0.346966 -0.862546 -0.084475 -0.025511 -0.723716 -0.221337 -2.029606 -0.801725 -1.631321 -0.805258 -0.094956 -3.450782 -1.981324 -3.459935 -5.238730 -5.973670 -5.057142 -3.410741 -9999.0 -9999.0 -9999.0 -9999.0 -9999.0 -9999.0
-9999.0 -9999.0 -9999.0 -9999.0 -9999.0 -9999.0 -9999.0 -9999.0 -9999.0 -9999.0 -0.159510 -0.265304 -0.267155 -0.259202 0.636674 -0.082500 -0.163303 0.053262 3.233803 3.755266 3.392361 1.788435 -0.570329 -0.048862 -0.056857 -1.931646 -1.856587 -4.480889 -0.976275 -0.466286 -0.094985 -1.464920 -0.342592 -2.034478 -4.726558 -2.893705 -0.599957 -0.999650 -0.073290 -0.004518 -0.010376 0.665888 3.056219 0.975860 -0.103961 -1.589956 -0.894434 -0.628916 -0.157832 -0.060094 -4.612626 -4.022049 -6.449558 -5.812798 -5.368194 -2.090595 -1.959057 -9999.0 -9999.0 -9999.0 -9999.0 -9999.0 -9999.0
-9999.0 -9999.0 -9999.0 -9999.0 -9999.0 -9999.0 -9999.0 -9999.0 -9999.0 -0.958167 -0.147734 -0.149460 -0.066890 -0.826090 -0.058323 -0.049732 -0.166412 1.768404 3.153110 3.782671 3.743216 0.562735 0.378823 0.525661 -0.018109 -1.465614 -2.691012 -0.333121 -0.247704 -0.046609 -0.013018 -1.668279 -2.704875 -4.200862 -3.887962 -2.908795 -0.417234 -1.413749 -1.130255 -0.115924 -0.259413 -0.333470 -0.457685 1.723363 1.270563 -0.110107 0.682636 -0.953496 -0.926531 -0.010045 -1.832016 -3.525773 -6.350181 -6.243575 -4.999878 -3.666260 -2.694605 -3.165271 -4.679802 -9999.0 -9999.0 -9999.0 -9999.0
-9999.0 -9999.0 -9999.0 -9999.0 -9999.0 -9999.0 -9999.0 -9999.0 -9999.0 -1.432420 -0.981779 -0.424159 0.484674 -0.045383 -0.259279 -0.851452 0.237149 0.586447 3.714075 4.748996 4.356106 3.584659 2.065562 0.128857 -1.078139 -1.571902 -0.751113 -0.058713 0.040663 0.217958 0.029080 -2.041503 -0.793395 -2.976630 -1.540121 -2.977969 -2.415374 -0.985903 -1.202974 -0.215093 -1.013206 -1.810976 -0.589099 0.283228 2.541774 2.019608 1.798962 0.410642 -0.048823 -0.012121 -2.917201 -5.470169 -6.133780 -5.110646 -3.436715 -4.555343 -2.508993 -1.852115 -2.156035 -9999.0 -9999.0 -9999.0 -9999.0
-9999.0 -9999.0 -9999.0 -9999.0 -9999.0 -9999.0 -9999.0 -9999.0 -9999.0 -9999.0 -1.535050 -0.348647 -0.093671 -0.682765 -0.044222 -0.167467 -0.062103 1.769764 4.492010 4.413153 4.470080 2.250662 -0.030783 -0.190623 -1.290913 -0.109513 -0.005991 0.516063 -0.059895 -1.595476 -1.941752 -3.086146 -3.787452 -2.293866 -0.433727 -0.226922 -0.272508 -0.180588 -2.410134 -1.331939 -1.963496 -0.195519 0.031490 -0.096420 -0.024436 -0.016544 1.421202 2.605743 2.667816 -0.028473 -1.869395 -2.713487 -5.180940 -6.022011 -5.248447 -3.504312 -0.624119 -1.899394 -0.058031 -0.082467 -9999.0 -9999.0 -9999.0
-9999.0 -9999.0 -9999.0 -9999.0 -9999.0 -9999.0 -9999.0 -9999.0 -9999.0 -9999.0 -1.931072 -0.733569 -0.251967 -0.060415 1.139994 0.230051 -0.022937 2.294172 4.960617 4.984301 3.006552 1.124106 -0.038728 -0.375544 -0.099640 0.052842 1.151035 -0.019762 -1.286157 -3.492805 -1.406418 -0.189113 -3.854450 -2.982216 -1.374230 -0.083622 -1.856825 -0.123682 -1.937924 -2.228039 -1.096998 0.113302 -0.767081 -0.546494 -0.119954 -0.282228 -0.057381 -0.023271 2.822691 2.330183 -0.014447 -2.005578 -4.171954 -4.727657 -6.694613 -5.857576 -3.587390 -0.979730 1.398781 1.474726 -9999.0 -9999.0 -9999.0
-9999.0 -9999.0 -9999.0 -9999.0 -9999.0 -9999.0 -9999.0 -9999.0 -0.381262 -1.497171 -2.348771 -0.325646 -1.152680 -0.580110 -0.052107 1.472817 2.568295 4.499521 5.272088 5.345157 4.729882 3.595708 2.681477 0.928563 0.402362 1.639295 1.018825 -0.805970 -1.570821 -3.412726 -3.864973 -1.342396 -1.297892 -2.571979 -0.813974 -1.058823 0.624828 -0.042794 -2.545402 -2.982492 -1.606815 -0.176687 -3.454793 -2.641814 -0.661930 -0.120147 -2.361134 -0.674785 -0.018618 1.878295 -0.006111 -0.724322 -3.143821 -5.900937 -5.455057 -2.311774 -2.934247 -0.124245 0.372399 4.254985 -9999.0 -9999.0 -9999.0
-9999.0 -9999.0 -9999.0 -9999.0 -9999.0 -9999.0 -9999.0 -9999.0 -3.286044 -1.240406 -2.895636 -2.250277 -0.891014 -2.366305 -0.923044 -0.018117 1.579838 2.164413 5.126822 5.897110 7.269049 6.383401 5.246961 3.995890 2.982050 3.087842 0.534070 -0.254330 -3.721222 -2.182994 -3.068718 -2.568247 -0.767662 -2.318106 -0.384958 -0.254167 1.919866 -0.004474 -0.451554 -0.598120 -1.439790 -2.404855 -2.023304 -0.561154 -0.302583 -0.962994 -3.919134 -0.674814 -0.224100 1.420106 1.262030 -0.288596 -3.533417 -3.484540 -1.326352 -2.108071 -1.110160 -0.055054 2.682818 5.234738 5.881776 -9999.0 -9999.0
-9999.0 -9999.0 -9999.0 -9999.0 -9999.0 -9999.0 -9999.0 -9999.0 -1.374469 -0.826551 -0.557500 -3.691184 -0.336209 -3.213116 -0.962921 -0.789518 0.231155 2.274184 5.067988 7.172014 6.355558 6.968704 6.669130 4.841783 4.903945 2.907711 0.054491 -1.237533 -4.296425 -1.317801 -1.881875 -0.160447 -2.026223 -1.652501 -0.152852 1.419586 -0.033865 1.793380 -0.032386 -0.697404 -0.619813 -1.698169 -0.393537 -0.881641 -1.435681 -0.405458 -2.990538 -0.866466 -2.268506 -0.026518 2.595311 -0.005162 -2.483781 -3.405842 -0.483896 -0.052367 0.454362 2.165792 4.869391 5.548656 5.846070 -9999.0 -9999.0
-9999.0 -9999.0 -9999.0 -9999.0 -9999.0 -9999.0 -9999.0 -9999.0 -3.688868 -0.493234 -0.672793 -4.194700 -0.489234 -1.541582 -0.288596 -0.006195 3.632119 4.875903 5.060713 5.341644 5.825996 6.273738 6.809636 5.919406 3.303108 0.803568 -0.068708 -1.991019 -0.260871 -0.589002 -0.923445 -0.312245 -0.037700 -0.013487 -0.147676 0.269460 2.141615 3.771161 0.634664 -0.065455 -0.524220 -0.435896 -0.429221 -0.734631 -0.765568 -1.666202 -0.977184 -0.949644 -1.054810 -1.098459 -0.023601 2.268397 -0.006214 -0.333277 -0.002975 1.034363 3.092088 4.666682 5.498483 5.598354 4.658824 2.472152 -9999.0
-9999.0 -9999.0 -9999.0 -9999.0 -9999.0 -9999.0 -9999.0 -9999.0 -4.053378 -0.403000 -2.465610 -1.569223 -0.407507 -0.077534 0.302294 1.958342 2.801795 2.257392 0.724078 2.564651 4.424946 5.761484 5.884579 5.538675 3.884818 0.103848 -1.099280 -0.118262 -0.028259 -0.006524 -0.269081 -0.006556 2.315480 0.574367 0.240999 1.100337 2.513389 5.713996 5.090923 1.847871 0.455256 0.365860 0.465658 -0.048667 -1.026790 -0.219294 -0.313905 -0.046326 -0.432346 -0.008714 1.302917 1.457293 1.827178 1.109029 1.876047 2.269810 3.068689 4.139405 4.905003 4.706984 3.908747 1.877912 -9999.0
-9999.0 -9999.0 -1.278902 -0.423819 -3.717373 -1.735284 -3.135911 -2.589854 -1.790527 -0.854671 -1.198022 -0.553266 -0.052999 -0.004154 1.937579 0.944778 -0.027369 -1.220624 -0.725507 -0.017337 2.431905 5.173253 5.355252 5.790059 3.660407 1.703820 -0.014037 0.206037 2.352097 1.822226 -0.029241 0.626743 4.284007 3.104933 3.830475 4.299357 6.235727 7.943071 6.845514 4.168261 3.864242 3.958456 3.960926 2.469844 -0.020669 0.286490 1.208286 1.481114 2.316268 3.347343 3.973961 3.546571 2.767656 2.092962 1.997039 3.903594 2.773668 3.423129 3.258356 3.276933 2.658635 1.085836 -9999.0
-9999.0 -0.798849 -0.892012 -1.106569 -1.602506 -1.032238 -2.992988 -3.078139 -4.051134 -2.274484 -2.196535 -0.849434 -0.005013 0.969331 0.646696 -0.290155 -1.277836 -2.062941 -1.450305 -0.025557 2.213202 3.970846 4.981969 4.660569 5.213821 3.407304 3.458886 3.836228 4.132657 3.017078 2.649784 2.852384 4.597495 6.734471 6.911920 8.158716 9.770685 10.845661 9.951006 8.282678 7.416370 7.304901 6.587111 4.482116 3.199166 3.598631 4.252134 5.616000 5.829756 5.864482 4.541206 3.555672 2.553958 1.643579 1.561901 1.050171 0.520569 0.881320 0.804855 0.845533 0.257984 0.879020 -9999.0
-9999.0 0.191430 -0.053201 -0.050064 -0.047213 -0.139270 -2.525750 -3.596572 -2.382177 -2.744758 -2.737784 -1.235217 -0.000957 0.751937 -0.078541 -2.497937 -2.904793 -2.381661 -0.416533 -0.019702 1.416061 1.855804 2.844387 2.678982 4.761607 5.642760 5.115587 5.323584 5.607040 6.071466 6.215079 5.978143 6.506067 7.411311 9.380331 10.457083 13.402887 14.446186 12.816590 11.738182 11.039862 10.108865 9.008759 7.751083 7.618125 7.480100 7.118322 6.981939 6.352924 5.531643 3.724468 1.883300 0.664968 1.307872 0.400303 -0.047413 -0.478403 -0.059618 -0.041084 -0.112086 -0.038147 -9999.0 -9999.0
