erum2020/resources/simulation/Vinschgau/output-maps/TL0004N1084.asc
ncols         63
nrows         48
xllcorner     598000.000000
yllcorner     5145000.000000
cellsize      1000.000000
NODATA_value  -9999.0
[rows 0 to 27 of 48, columns 0 to 62 of 63]
-9999.0 -9999.0 -9999.0 -9999.0 -9999.0 -9999.0 -9999.0 -9999.0 -9999.0 -9999.0 -9999.0 -9999.0 -9999.0 -9999.0 -9999.0 -9999.0 -9999.0 -9999.0 -9999.0 -9999.0 -9999.0 -9999.0 -9999.0 -9999.0 -9999.0 -9999.0 -9999.0 -9999.0 -9999.0 -9999.0 -9999.0 -9999.0 -9999.0 -9999.0 -9999.0 -9999.0 -9999.0 -9999.0 -9999.0 -9999.0 -9999.0 -9999.0 -9999.0 -9999.0 -9999.0 -9999.0 -9999.0 -9999.0 -9999.0 -9999.0 -9999.0 -9999.0 -9999.0 -9999.0 -9999.0 -9999.0 -9999.0 -9999.0 -9999.0 -9999.0 -9999.0 -9999.0 -9999.0
-9999.0 -9999.0 -9999.0 -9999.0 -9999.0 -9999.0 -9999.0 -9999.0 -9999.0 -9999.0 -9999.0 -9999.0 -9999.0 -9999.0 -9999.0 -9999.0 -9999.0 -9999.0 -9999.0 -9999.0 -9999.0 -9999.0 -9999.0 -9999.0 -9999.0 -9999.0 -9999.0 -0.469001 -0.081652 -2.422799 -3.156811 -3.306721 -3.037902 -9999.0 -9999.0 -9999.0 -9999.0 -9999.0 -9999.0 -9999.0 -9999.0 -9999.0 -9999.0 -9999.0 -9999.0 -9999.0 -9999.0 -9999.0 -9999.0 -9999.0 -9999.0 -9999.0 -9999.0 -9999.0 -9999.0 -9999.0 -9999.0 -9999.0 -9999.0 -9999.0 -9999.0 -9999.0 -9999.0
-9999.0 -9999.0 -9999.0 -9999.0 -9999.0 -9999.0 -9999.0 -9999.0 -9999.0 -9999.0 -9999.0 -9999.0 -9999.0 -9999.0 -9999.0 -9999.0 -9999.0 -9999.0 -9999.0 -9999.0 -9999.0 -9999.0 -9999.0 -9999.0 -1.026720 -0.030720 -0.727137 -0.033152 -0.830030 -1.112328 -1.546971 -9999.0 -9999.0 -9999.0 -9999.0 -9999.0 -9999.0 -9999.0 -9999.0 -9999.0 -9999.0 -9999.0 -9999.0 -9999.0 -9999.0 -9999.0 -9999.0 -9999.0 -9999.0 -9999.0 -9999.0 -9999.0 -9999.0 -9999.0 -9999.0 -9999.0 -9999.0 -9999.0 -9999.0 -9999.0 -9999.0 -9999.0 -9999.0
-9999.0 -9999.0 -9999.0 -9999.0 -9999.0 -9999.0 -9999.0 -9999.0 -9999.0 -9999.0 -9999.0 -9999.0 -9999.0 -9999.0 -9999.0 -9999.0 -9999.0 -9999.0 -9999.0 -9999.0 -9999.0 -9999.0 -9999.0 -0.015558 -0.016584 1.268370 1.645424 2.206481 1.506348 -0.023902 -1.190222 -3.295813 -9999.0 -9999.0 -9999.0 -9999.0 -9999.0 -9999.0 -9999.0 -9999.0 -9999.0 -9999.0 -9999.0 -9999.0 -9999.0 -9999.0 -9999.0 -9999.0 -9999.0 -9999.0 -9999.0 -9999.0 -9999.0 -9999.0 -9999.0 -9999.0 -9999.0 -9999.0 -9999.0 -9999.0 -9999.0 -9999.0 -9999.0
-9999.0 -9999.0 -9999.0 -9999.0 -9999.0 -9999.0 -9999.0 -9999.0 -9999.0 -9999.0 -9999.0 -9999.0 -9999.0 -9999.0 -9999.0 -9999.0 -9999.0 -9999.0 2.201108 -0.000313 -9999.0 -0.013543 -0.000548 1.002653 1.287695 2.667146 1.547687 1.502213 1.090162 -0.012222 -0.478167 -1.259442 -2.254750 -3.044586 -9999.0 -9999.0 -9999.0 -9999.0 -9999.0 -9999.0 -9999.0 -9999.0 -9999.0 -9999.0 -9999.0 -9999.0 -9999.0 -9999.0 -9999.0 -9999.0 -9999.0 -9999.0 -9999.0 -9999.0 -9999.0 -9999.0 -9999.0 -9999.0 -9999.0 -9999.0 -9999.0 -9999.0 -9999.0
-9999.0 -9999.0 -9999.0 -9999.0 -9999.0 -9999.0 -9999.0 -9999.0 -9999.0 -9999.0 -9999.0 -9999.0 -9999.0 -9999.0 -9999.0 -9999.0 -9999.0 4.679875 3.285858 2.612313 0.292429 -0.026681 -0.012103 0.535378 1.814797 -0.010738 -0.333331 -0.013783 -0.077439 0.539073 -0.000381 -0.742006 -1.921317 -0.556838 -2.669519 -3.297465 -9999.0 -9999.0 -9999.0 -9999.0 -9999.0 -9999.0 -9999.0 -9999.0 -9999.0 -9999.0 -9999.0 -9999.0 -9999.0 -9999.0 -9999.0 -9999.0 -9999.0 -9999.0 -9999.0 -9999.0 -9999.0 -9999.0 -9999.0 -9999.0 -9999.0 -9999.0 -9999.0
-9999.0 -9999.0 -9999.0 -9999.0 -9999.0 -9999.0 -9999.0 -9999.0 -9999.0 -9999.0 -9999.0 -9999.0 -9999.0 0.295936 0.833342 2.863166 4.290153 7.298105 4.367545 2.285764 1.583625 1.100013 1.748110 1.891904 -0.014628 -0.000305 -0.991288 -2.237536 -0.142173 -0.035732 -1.319012 -0.221019 -2.222097 -2.885904 -3.608295 -3.467229 -9999.0 -9999.0 -9999.0 -9999.0 -9999.0 -9999.0 -9999.0 -9999.0 -9999.0 -9999.0 -9999.0 -9999.0 -9999.0 -9999.0 -9999.0 -9999.0 -9999.0 -9999.0 -9999.0 -9999.0 -9999.0 -9999.0 -9999.0 -9999.0 -9999.0 -9999.0 -9999.0
-9999.0 -9999.0 -9999.0 -9999.0 -9999.0 -9999.0 -9999.0 -9999.0 -9999.0 -9999.0 -9999.0 -9999.0 -9999.0 0.586493 2.796215 3.600060 3.509240 5.822586 7.343833 3.449514 3.460921 3.262579 1.751413 0.550268 0.041671 -0.041069 -0.120396 -0.655443 -1.469190 -1.248567 -2.723695 -0.752695 -2.033782 -6.972159 -3.254118 -9999.0 -9999.0 -9999.0 -9999.0 -9999.0 -9999.0 -9999.0 -9999.0 -9999.0 -9999.0 -9999.0 -9999.0 -9999.0 -9999.0 -9999.0 -9999.0 -9999.0 -9999.0 -9999.0 -9999.0 -9999.0 -9999.0 -9999.0 -9999.0 -9999.0 -9999.0 -9999.0 -9999.0
-9999.0 -9999.0 -9999.0 -9999.0 -9999.0 -9999.0 -9999.0 -9999.0 -9999.0 -9999.0 -9999.0 -9999.0 -9999.0 2.831870 2.570491 4.073916 3.100458 3.910780 7.646279 4.314687 3.598303 1.292804 -0.010560 -0.041230 0.005468 -0.009917 0.023394 -1.845247 -2.178366 -6.213614 -1.648927 -7.403656 -7.716697 -9.255536 -3.696875 -9999.0 -9999.0 -9999.0 -9999.0 -9999.0 -9999.0 -9999.0 -9999.0 -9999.0 -9999.0 -9999.0 -9999.0 -9999.0 -9999.0 -9999.0 -9999.0 -9999.0 -9999.0 -9999.0 -9999.0 -9999.0 -9999.0 -9999.0 -9999.0 -9999.0 -9999.0 -9999.0 -9999.0
-9999.0 -9999.0 -9999.0 -9999.0 -9999.0 -9999.0 -9999.0 -9999.0 -9999.0 -9999.0 -9999.0 -9999.0 0.985933 2.003704 3.434764 1.410916 1.547198 3.408134 6.531075 4.291222 1.487550 -0.018539 -0.382938 -0.033103 -1.441087 -0.060941 -2.560052 -1.353486 -2.213439 -3.983396 -7.272450 -2.405441 -3.765151 -3.709295 -9999.0 -9999.0 -9999.0 -9999.0 -9999.0 -9999.0 -9999.0 -9999.0 -9999.0 -9999.0 -9999.0 -9999.0 -9999.0 -9999.0 -9999.0 -9999.0 -9999.0 -9999.0 -9999.0 -9999.0 -9999.0 -9999.0 -9999.0 -9999.0 -9999.0 -9999.0 -9999.0 -9999.0 -9999.0
-9999.0 -9999.0 -9999.0 -9999.0 -9999.0 -9999.0 -9999.0 -9999.0 -9999.0 -9999.0 -9999.0 0.098416 2.185581 1.598015 2.637024 1.930563 3.482818 3.599965 6.270477 5.261021 2.192326 1.033586 -0.000645 -0.039633 -1.490776 -0.753843 -1.751113 -0.670756 -1.959738 -3.244323 -2.485647 -2.144369 -3.621611 -2.875720 -2.980614 -3.396234 -1.601146 -0.508977 -2.742238 -9999.0 -9999.0 -9999.0 -3.039917 -9999.0 -9999.0 -9999.0 -9999.0 -9999.0 -9999.0 -9999.0 -9999.0 -9999.0 -9999.0 -9999.0 -9999.0 -9999.0 -9999.0 -9999.0 -9999.0 -9999.0 -9999.0 -9999.0 -9999.0
-9999.0 -9999.0 -9999.0 -9999.0 -9999.0 -9999.0 -9999.0 -9999.0 -9999.0 -9999.0 -9999.0 0.037218 2.315681 3.586113 4.339298 0.839525 5.808747 4.321263 6.508320 4.515339 3.529656 0.375091 -0.004835 -1.751794 -3.366087 -0.163984 -0.498787 -1.767421 -2.177876 -2.925958 -2.842163 -0.869459 -2.300343 -4.295965 -2.792954 -0.682284 -0.137274 -0.057082 -0.071107 -2.757263 -2.674642 -2.976726 -3.049744 -2.093765 -9999.0 -9999.0 -9999.0 -3.842730 -3.936828 -3.607995 -3.466860 -3.829127 -3.983483 -4.955623 -3.776863 -4.157476 -9999.0 -9999.0 -9999.0 -9999.0 -9999.0 -9999.0 -9999.0
-9999.0 -9999.0 -9999.0 -9999.0 -9999.0 -9999.0 -9999.0 -9999.0 -9999.0 -9999.0 -9999.0 0.010206 0.068079 -0.016275 1.582705 1.293578 0.919147 3.571263 5.504584 4.511329 1.761810 -0.011978 -1.908114 -0.036906 -0.127686 -0.256079 -1.733978 -3.016490 -0.823056 -2.780077 -1.495603 -3.482353 -1.690832 -3.725772 -3.161679 -1.442189 -2.652554 -2.319545 0.060761 -1.327928 -2.593681 -1.759208 -1.659985 -0.372114 -3.806636 -9999.0 -3.847537 -3.815415 -3.089805 -2.184565 -1.541205 -2.097471 -0.484240 -1.726899 -3.490163 -3.942962 -9999.0 -9999.0 -9999.0 -9999.0 -9999.0 -9999.0 -9999.0
-9999.0 -9999.0 -9999.0 -9999.0 -9999.0 -9999.0 -9999.0 -9999.0 -9999.0 -9999.0 -9999.0 -9999.0 -0.000319 -0.459103 0.505358 0.616628 0.211997 2.635883 5.929665 4.460630 1.846827 -0.008663 -1.469318 -2.778259 -2.145060 -1.727922 -0.000729 -0.524533 -3.215510 -2.040092 -0.674408 -3.272974 -1.405542 -3.444359 -3.862319 -0.411695 -3.277993 -2.186925 0.980774 -0.006342 -0.752237 0.018509 -2.705079 -0.353211 -1.600476 -4.298068 -3.089617 -3.939452 -4.250654 -2.827595 -0.105850 -3.152503 -3.218054 -3.791126 -4.385997 -3.317415 -3.615932 -9999.0 -9999.0 -9999.0 -9999.0 -9999.0 -9999.0
-9999.0 -9999.0 -9999.0 -9999.0 -9999.0 -9999.0 -9999.0 -9999.0 -9999.0 -9999.0 -9999.0 -1.550609 -0.000482 0.048113 -0.286052 -0.011771 0.444868 1.862624 5.292449 3.913845 2.238600 0.257754 -0.131626 -1.701352 -1.772891 -2.004472 -2.713002 -1.292578 -1.497796 -0.008158 -2.789831 -2.453903 -0.142843 -3.367177 -3.282365 -2.819296 -0.157851 -1.398232 -0.014269 0.341116 -0.662049 -0.021755 -1.089040 -0.733628 -0.007695 -1.081080 -2.372191 -0.003527 0.019297 -0.032252 -3.058300 -1.153947 -4.755674 -5.422845 -6.299238 -7.024833 -2.544268 -9999.0 -9999.0 -9999.0 -9999.0 -9999.0 -9999.0
-9999.0 -9999.0 -9999.0 -9999.0 -9999.0 -9999.0 -9999.0 -9999.0 -9999.0 -9999.0 -0.000387 -0.772336 -0.000437 -0.000327 0.082419 -0.041538 -0.072164 -0.010467 3.125725 3.561555 2.914153 1.772793 -0.505586 0.020534 -0.306098 -1.731065 -1.599174 -4.215009 -0.288256 -0.012682 -1.908077 -1.997224 -0.346809 -3.372515 -3.548248 -1.481633 -0.927480 -2.986967 -0.718477 -0.007371 -0.004694 0.922096 3.525829 0.556035 -0.290375 -0.001974 -0.499203 -2.601628 -1.850861 -0.021656 -4.841783 -3.192681 -6.730637 -7.833669 -7.506318 -1.954643 -3.248910 -9999.0 -9999.0 -9999.0 -9999.0 -9999.0 -9999.0
-9999.0 -9999.0 -9999.0 -9999.0 -9999.0 -9999.0 -9999.0 -9999.0 -9999.0 -0.742158 -0.029031 -2.139026 -1.638580 -0.567454 -0.891563 -0.546021 -0.055138 1.357034 3.056211 3.670019 3.219108 0.342193 -0.007782 -0.003979 -0.010749 -1.395772 -2.332498 -0.002532 -0.290712 -0.133329 -0.009692 -1.598162 -1.049089 -7.187712 -2.671725 -1.566461 -1.255050 -3.402107 -1.647499 -1.003486 -1.094758 -0.482769 -0.436807 1.368907 0.549783 -0.035721 0.052651 -0.699999 -0.687297 -0.009078 -1.822624 -2.668678 -8.451830 -5.086743 -4.004279 -4.617166 -3.968956 -1.943638 -3.577091 -9999.0 -9999.0 -9999.0 -9999.0
-9999.0 -9999.0 -9999.0 -9999.0 -9999.0 -9999.0 -9999.0 -9999.0 -9999.0 -0.168726 -0.053995 -0.003511 0.422677 -0.019467 -0.077252 -0.597158 0.047969 -0.003194 3.631346 4.277400 3.807285 3.537739 1.988890 0.050487 -1.007915 -1.760704 -0.499558 -0.033630 -0.001026 0.312215 -0.000437 -1.971710 -1.402501 -2.563234 -3.122240 -1.478911 -0.570635 0.003110 -0.122647 -0.108388 -2.941842 -1.515238 -0.299871 0.249419 1.956644 1.541424 1.196897 -0.004232 -0.018250 -0.008633 -2.851145 -5.055468 -5.087575 -5.295817 -4.377594 -5.651083 -3.726360 -2.790563 -0.447535 -9999.0 -9999.0 -9999.0 -9999.0
-9999.0 -9999.0 -9999.0 -9999.0 -9999.0 -9999.0 -9999.0 -9999.0 -9999.0 -9999.0 -0.699972 -0.333429 -0.846795 -0.622063 -0.013657 -0.049677 -0.019385 1.074029 4.424470 3.931004 3.875590 2.169045 -0.016672 -0.342549 -1.436317 -0.544921 -0.008599 0.524360 -0.000294 -1.526167 -1.871824 -2.853483 -3.356976 -3.606950 -1.673258 -0.140566 -0.006591 -0.063864 -0.534946 -2.264119 -0.924890 -0.012045 0.048337 -0.035731 -0.012773 -0.009760 0.875218 2.383211 1.915693 -0.009303 -1.806045 -3.500298 -4.160349 -5.467486 -4.778890 -3.675124 -2.044810 -1.670541 -1.446806 -0.029328 -9999.0 -9999.0 -9999.0
-9999.0 -9999.0 -9999.0 -9999.0 -9999.0 -9999.0 -9999.0 -9999.0 -9999.0 -9999.0 -3.152019 -1.614833 -0.007266 -0.200977 1.417694 -0.009458 -0.011670 2.130237 4.834519 4.987896 2.968803 0.893847 -0.021593 -0.098161 -0.042702 0.083058 1.200752 -0.012157 -1.216863 -3.069074 -0.462264 -0.798165 -4.238237 -2.438550 -0.343618 -0.025339 -1.657551 -2.027465 -3.699264 -1.558101 -2.529207 -0.001659 -2.722472 -0.014442 -0.000465 -0.409124 -0.020672 -0.012563 2.196879 1.627592 -0.013881 -1.623497 -3.859779 -3.924054 -5.697912 -4.917129 -2.666573 -1.211426 0.779900 1.500707 -9999.0 -9999.0 -9999.0
-9999.0 -9999.0 -9999.0 -9999.0 -9999.0 -9999.0 -9999.0 -9999.0 -1.202409 -0.656860 -1.836697 -1.393838 -2.754492 -1.083880 -0.048555 1.204261 2.440296 4.507860 4.903037 5.474091 4.723742 3.556503 2.467117 0.631866 -0.007496 1.549328 1.595785 -0.737233 -1.757799 -2.992099 -6.556795 -0.872398 -0.504284 -2.224427 -2.372608 -0.062477 0.048890 -0.167769 -2.473158 -1.397081 -0.003095 -0.344010 -3.020387 -0.931443 0.024704 -0.000334 -2.290929 -0.587134 -0.011040 1.786964 -0.005315 -0.662517 -3.974662 -5.489166 -4.528239 -3.635262 -1.636884 -0.000310 -0.000154 3.615412 -9999.0 -9999.0 -9999.0
-9999.0 -9999.0 -9999.0 -9999.0 -9999.0 -9999.0 -9999.0 -9999.0 -3.068234 -3.161168 -2.508382 -1.585236 -0.045529 -2.169335 -0.855486 -0.010183 1.446269 2.057240 5.146077 5.996340 7.042223 6.228579 5.234526 4.274506 2.911314 2.771204 0.490539 -0.377228 -4.198161 -1.621172 -3.568978 -0.792153 -2.236170 -0.432204 -0.427759 -0.011688 0.581762 -0.044419 -2.308958 -0.376496 -0.429008 -5.270328 -0.241639 -0.030846 -0.008229 -2.897774 -3.605568 -0.052670 -0.423449 1.164274 1.335975 -0.081898 -4.225962 -3.035580 -0.229706 -2.442384 -1.600526 -0.022417 2.049382 4.550527 5.905807 -9999.0 -9999.0
-9999.0 -9999.0 -9999.0 -9999.0 -9999.0 -9999.0 -9999.0 -9999.0 -0.477520 -0.167004 -2.074498 -3.305538 -1.385041 -2.791802 -1.639428 -0.723559 -0.007491 1.853588 5.055012 7.050999 6.460537 6.990949 6.663185 4.874687 4.471281 2.769736 -0.003656 -1.168490 -4.897507 -0.397036 -0.072617 -0.295260 -1.711126 -1.823065 -0.014217 0.018791 -0.038869 1.234011 -0.202102 -2.628047 -1.284544 -0.003816 -0.212480 -0.245481 -2.983192 -0.324476 -1.481765 -0.214865 -1.880926 -0.014101 2.191386 -0.008359 -3.144853 -4.042567 -1.643552 -0.887078 0.600266 1.934140 4.166833 4.836927 5.178925 -9999.0 -9999.0
-9999.0 -9999.0 -9999.0 -9999.0 -9999.0 -9999.0 -9999.0 -9999.0 -2.932213 -0.063637 -1.913743 -4.601918 -0.070901 -1.718616 -1.888770 -0.005066 3.625966 4.846802 4.515092 5.334983 5.877001 6.250726 6.763347 6.125997 3.201458 0.618098 -0.049258 -1.921180 -0.001607 -2.507091 -2.298107 -2.301178 -0.028205 -0.784555 -0.802967 0.026473 1.633041 3.612104 0.281313 -0.054763 -0.002861 -0.013020 -0.020074 0.024804 -0.987123 -0.002557 -0.125728 -0.000785 -0.062491 -0.943627 -0.012042 1.808550 -0.006352 -1.579108 0.001132 1.150180 2.732193 4.174261 5.236318 4.944616 4.007517 2.169641 -9999.0
-9999.0 -9999.0 -9999.0 -9999.0 -9999.0 -9999.0 -9999.0 -9999.0 -3.197459 -0.079045 -2.267666 -1.506187 -1.972439 -0.453845 0.653389 1.649005 2.935144 2.115028 0.383490 2.455960 4.365240 5.644592 5.879075 5.586150 3.465537 -0.009339 -1.030312 -0.036384 -0.013775 -0.427688 -0.414264 -0.009649 1.528844 0.585927 -0.008460 0.527305 1.920318 5.613943 5.070417 1.444544 -0.003234 -0.012082 -0.017619 -0.015902 -0.912645 -0.000339 -0.334913 -1.397824 -0.161632 -0.009495 0.890744 1.244636 1.566791 1.254349 1.693371 2.197192 2.902802 3.701739 4.328400 4.012835 3.738021 1.585782 -9999.0
-9999.0 -9999.0 -1.520089 -0.424260 -3.514610 -1.806871 -3.140982 -4.158468 -3.377212 -2.565639 -2.895423 -0.924797 -0.100952 -0.038159 1.971032 1.118154 -0.015165 -1.154674 -0.460509 -0.008962 2.327417 5.028802 4.534894 5.800689 3.658397 1.602703 -0.010854 -0.008499 1.717099 1.669794 -0.015470 0.143901 3.716276 2.881577 3.067148 4.172957 5.938346 7.913038 6.842483 4.144034 3.203392 3.087325 3.253267 1.766378 -0.010299 -0.009419 0.970402 1.047058 1.736784 2.692112 3.453909 3.175610 2.592804 2.137150 2.058104 4.057525 2.693703 3.076233 2.707466 2.994639 2.505554 0.828265 -9999.0
-9999.0 -1.280053 -2.892781 -2.969101 -1.768255 -2.745523 -2.178489 -2.678688 -3.662817 -3.300338 -1.788536 -0.786359 -0.011499 0.249555 1.169531 -0.377811 -1.519198 -1.745476 -1.623969 -0.013137 1.988892 3.839427 4.332600 4.358866 5.405172 3.396253 3.334742 3.410390 3.632022 2.330163 2.158353 2.249151 3.735856 5.891513 6.793733 7.799697 9.801810 10.855511 9.565583 7.693919 7.368853 7.164199 6.105882 4.378369 3.090762 3.482386 3.571821 5.534025 5.667067 5.637480 3.989351 3.209091 2.465033 1.714963 1.644213 1.183014 0.507583 0.852210 0.921195 1.302392 0.129775 0.624595 -9999.0
-9999.0 0.004046 -0.758445 -0.245426 -0.000357 -0.802458 -2.456280 -3.196069 -2.147494 -2.578196 -2.327275 -1.172714 -0.006314 1.237281 -0.101764 -3.315951 -2.509923 -2.040299 -0.674922 -0.024092 1.740709 1.517861 2.500192 2.200760 4.553386 5.519922 5.124364 5.427342 5.006939 6.032922 6.216299 5.969340 5.678599 6.705266 8.713338 9.954981 13.163633 14.360345 12.578062 11.680971 10.883911 9.791835 9.006263 7.705718 7.624502 7.482827 6.827121 6.412136 5.701838 4.828320 3.162056 1.579119 0.618341 0.946172 0.433974 -0.029931 -0.667824 -0.069081 -0.045630 -0.166851 -0.026655 -9999.0 -9999.0
