erum2020/resources/simulation/Vinschgau/output-maps/TL0008N0519.asc
ncols         63
nrows         48
xllcorner     598000.000000
yllcorner     5145000.000000
cellsize      1000.000000
NODATA_value  -9999.0
[rows 0 to 27 of 48, columns 0 to 62 of 63]
-9999.0 -9999.0 -9999.0 -9999.0 -9999.0 -9999.0 -9999.0 -9999.0 -9999.0 -9999.0 -9999.0 -9999.0 -9999.0 -9999.0 -9999.0 -9999.0 -9999.0 -9999.0 -9999.0 -9999.0 -9999.0 -9999.0 -9999.0 -9999.0 -9999.0 -9999.0 -9999.0 -9999.0 -9999.0 -9999.0 -9999.0 -9999.0 -9999.0 -9999.0 -9999.0 -9999.0 -9999.0 -9999.0 -9999.0 -9999.0 -9999.0 -9999.0 -9999.0 -9999.0 -9999.0 -9999.0 -9999.0 -9999.0 -9999.0 -9999.0 -9999.0 -9999.0 -9999.0 -9999.0 -9999.0 -9999.0 -9999.0 -9999.0 -9999.0 -9999.0 -9999.0 -9999.0 -9999.0
-9999.0 -9999.0 -9999.0 -9999.0 -9999.0 -9999.0 -9999.0 -9999.0 -9999.0 -9999.0 -9999.0 -9999.0 -9999.0 -9999.0 -9999.0 -9999.0 -9999.0 -9999.0 -9999.0 -9999.0 -9999.0 -9999.0 -9999.0 -9999.0 -9999.0 -9999.0 -9999.0 13.145050 11.860838 10.938206 10.343154 10.365552 9.844288 -9999.0 -9999.0 -9999.0 -9999.0 -9999.0 -9999.0 -9999.0 -9999.0 -9999.0 -9999.0 -9999.0 -9999.0 -9999.0 -9999.0 -9999.0 -9999.0 -9999.0 -9999.0 -9999.0 -9999.0 -9999.0 -9999.0 -9999.0 -9999.0 -9999.0 -9999.0 -9999.0 -9999.0 -9999.0 -9999.0
-9999.0 -9999.0 -9999.0 -9999.0 -9999.0 -9999.0 -9999.0 -9999.0 -9999.0 -9999.0 -9999.0 -9999.0 -9999.0 -9999.0 -9999.0 -9999.0 -9999.0 -9999.0 -9999.0 -9999.0 -9999.0 -9999.0 -9999.0 -9999.0 12.147793 12.427744 12.565763 12.403047 11.549422 11.468448 10.976527 -9999.0 -9999.0 -9999.0 -9999.0 -9999.0 -9999.0 -9999.0 -9999.0 -9999.0 -9999.0 -9999.0 -9999.0 -9999.0 -9999.0 -9999.0 -9999.0 -9999.0 -9999.0 -9999.0 -9999.0 -9999.0 -9999.0 -9999.0 -9999.0 -9999.0 -9999.0 -9999.0 -9999.0 -9999.0 -9999.0 -9999.0 -9999.0
-9999.0 -9999.0 -9999.0 -9999.0 -9999.0 -9999.0 -9999.0 -9999.0 -9999.0 -9999.0 -9999.0 -9999.0 -9999.0 -9999.0 -9999.0 -9999.0 -9999.0 -9999.0 -9999.0 -9999.0 -9999.0 -9999.0 -9999.0 12.442145 13.052955 11.748611 12.201826 12.312935 9.511973 12.636870 11.355702 10.553798 -9999.0 -9999.0 -9999.0 -9999.0 -9999.0 -9999.0 -9999.0 -9999.0 -9999.0 -9999.0 -9999.0 -9999.0 -9999.0 -9999.0 -9999.0 -9999.0 -9999.0 -9999.0 -9999.0 -9999.0 -9999.0 -9999.0 -9999.0 -9999.0 -9999.0 -9999.0 -9999.0 -9999.0 -9999.0 -9999.0 -9999.0
-9999.0 -9999.0 -9999.0 -9999.0 -9999.0 -9999.0 -9999.0 -9999.0 -9999.0 -9999.0 -9999.0 -9999.0 -9999.0 -9999.0 -9999.0 -9999.0 -9999.0 -9999.0 14.064050 12.409876 -9999.0 12.444070 12.814213 11.676784 12.423421 14.367683 15.053518 14.788632 12.767401 11.814491 12.126685 11.137300 11.791300 10.025560 -9999.0 -9999.0 -9999.0 -9999.0 -9999.0 -9999.0 -9999.0 -9999.0 -9999.0 -9999.0 -9999.0 -9999.0 -9999.0 -9999.0 -9999.0 -9999.0 -9999.0 -9999.0 -9999.0 -9999.0 -9999.0 -9999.0 -9999.0 -9999.0 -9999.0 -9999.0 -9999.0 -9999.0 -9999.0
-9999.0 -9999.0 -9999.0 -9999.0 -9999.0 -9999.0 -9999.0 -9999.0 -9999.0 -9999.0 -9999.0 -9999.0 -9999.0 -9999.0 -9999.0 -9999.0 -9999.0 11.792354 10.281495 11.749521 14.593047 9.734407 11.200860 12.610867 16.262945 9.328022 7.695561 8.724040 7.328534 10.655082 12.076711 11.042076 10.782064 10.755162 9.793184 7.734454 -9999.0 -9999.0 -9999.0 -9999.0 -9999.0 -9999.0 -9999.0 -9999.0 -9999.0 -9999.0 -9999.0 -9999.0 -9999.0 -9999.0 -9999.0 -9999.0 -9999.0 -9999.0 -9999.0 -9999.0 -9999.0 -9999.0 -9999.0 -9999.0 -9999.0 -9999.0 -9999.0
-9999.0 -9999.0 -9999.0 -9999.0 -9999.0 -9999.0 -9999.0 -9999.0 -9999.0 -9999.0 -9999.0 -9999.0 -9999.0 12.269146 9.959114 10.157275 11.634653 22.770076 11.381916 12.394868 12.579843 13.273848 14.713804 16.455048 8.970854 12.383373 9.098551 7.655298 8.330709 8.701577 8.255420 10.591585 10.050272 9.047645 8.718224 8.248364 -9999.0 -9999.0 -9999.0 -9999.0 -9999.0 -9999.0 -9999.0 -9999.0 -9999.0 -9999.0 -9999.0 -9999.0 -9999.0 -9999.0 -9999.0 -9999.0 -9999.0 -9999.0 -9999.0 -9999.0 -9999.0 -9999.0 -9999.0 -9999.0 -9999.0 -9999.0 -9999.0
-9999.0 -9999.0 -9999.0 -9999.0 -9999.0 -9999.0 -9999.0 -9999.0 -9999.0 -9999.0 -9999.0 -9999.0 -9999.0 12.552587 10.992577 10.396974 10.280374 16.603959 22.875606 14.678499 11.924848 15.630174 10.499092 9.970105 10.752943 9.216087 11.900482 10.749892 12.274444 7.345529 6.881638 9.519963 8.753972 5.219639 7.547640 -9999.0 -9999.0 -9999.0 -9999.0 -9999.0 -9999.0 -9999.0 -9999.0 -9999.0 -9999.0 -9999.0 -9999.0 -9999.0 -9999.0 -9999.0 -9999.0 -9999.0 -9999.0 -9999.0 -9999.0 -9999.0 -9999.0 -9999.0 -9999.0 -9999.0 -9999.0 -9999.0 -9999.0
-9999.0 -9999.0 -9999.0 -9999.0 -9999.0 -9999.0 -9999.0 -9999.0 -9999.0 -9999.0 -9999.0 -9999.0 -9999.0 11.170749 12.849916 11.947220 9.564947 10.803492 22.663901 11.295816 15.419845 11.743464 7.927645 8.576560 10.584482 9.136753 12.478413 11.837984 11.001737 10.918620 9.238371 0.218380 0.046901 -0.148504 3.086560 -9999.0 -9999.0 -9999.0 -9999.0 -9999.0 -9999.0 -9999.0 -9999.0 -9999.0 -9999.0 -9999.0 -9999.0 -9999.0 -9999.0 -9999.0 -9999.0 -9999.0 -9999.0 -9999.0 -9999.0 -9999.0 -9999.0 -9999.0 -9999.0 -9999.0 -9999.0 -9999.0 -9999.0
-9999.0 -9999.0 -9999.0 -9999.0 -9999.0 -9999.0 -9999.0 -9999.0 -9999.0 -9999.0 -9999.0 -9999.0 10.257826 12.192560 10.444140 9.199498 7.346836 9.824124 18.122747 12.365766 12.080262 9.300423 8.780974 8.997086 9.060344 11.115340 7.779882 11.204485 10.921999 9.429386 4.715916 10.924316 8.802377 6.891316 -9999.0 -9999.0 -9999.0 -9999.0 -9999.0 -9999.0 -9999.0 -9999.0 -9999.0 -9999.0 -9999.0 -9999.0 -9999.0 -9999.0 -9999.0 -9999.0 -9999.0 -9999.0 -9999.0 -9999.0 -9999.0 -9999.0 -9999.0 -9999.0 -9999.0 -9999.0 -9999.0 -9999.0 -9999.0
-9999.0 -9999.0 -9999.0 -9999.0 -9999.0 -9999.0 -9999.0 -9999.0 -9999.0 -9999.0 -9999.0 11.060159 8.492577 8.888409 8.455023 11.423972 8.708359 9.070453 17.530354 11.557095 8.849696 10.169615 12.600930 11.874759 8.719437 11.311234 10.383894 11.660182 10.461881 9.777546 11.604797 10.472358 9.416903 10.318242 10.082445 9.262638 12.521663 14.446330 14.763697 -9999.0 -9999.0 -9999.0 10.700997 -9999.0 -9999.0 -9999.0 -9999.0 -9999.0 -9999.0 -9999.0 -9999.0 -9999.0 -9999.0 -9999.0 -9999.0 -9999.0 -9999.0 -9999.0 -9999.0 -9999.0 -9999.0 -9999.0 -9999.0
-9999.0 -9999.0 -9999.0 -9999.0 -9999.0 -9999.0 -9999.0 -9999.0 -9999.0 -9999.0 -9999.0 10.521195 8.429032 9.041552 8.864963 10.295075 9.836981 10.345264 17.411578 14.364195 15.010806 13.776874 12.095026 5.571054 7.142465 11.815886 12.061788 11.540325 11.041372 10.906393 10.614234 10.808154 10.390541 9.376671 9.576950 10.410282 15.378888 17.689414 15.745298 13.185094 12.288525 11.377190 9.939737 11.958125 -9999.0 -9999.0 -9999.0 6.515564 9.970058 10.789998 10.919105 11.896338 11.204252 8.378927 8.170777 10.433867 -9999.0 -9999.0 -9999.0 -9999.0 -9999.0 -9999.0 -9999.0
-9999.0 -9999.0 -9999.0 -9999.0 -9999.0 -9999.0 -9999.0 -9999.0 -9999.0 -9999.0 -9999.0 10.916470 11.084644 7.039356 10.798913 11.359944 7.222925 7.463657 14.702227 15.964330 6.320285 9.480104 7.858603 12.405126 11.699485 13.709202 7.916608 7.649522 11.990005 10.293205 12.167644 6.470429 11.265640 9.561573 11.715779 13.121124 9.807583 11.414018 19.499037 15.644110 15.398946 11.697903 11.199423 11.372771 10.202486 -9999.0 9.648770 9.977406 11.213548 11.795184 12.295895 12.229052 12.404861 12.192741 11.765917 11.837610 -9999.0 -9999.0 -9999.0 -9999.0 -9999.0 -9999.0 -9999.0
-9999.0 -9999.0 -9999.0 -9999.0 -9999.0 -9999.0 -9999.0 -9999.0 -9999.0 -9999.0 -9999.0 -9999.0 10.770145 6.091185 11.968761 11.861222 5.894075 7.865563 15.915691 16.213822 9.058986 10.019851 9.753885 8.371096 5.940151 8.157462 13.218468 11.633843 11.004586 12.906507 11.589536 6.840136 12.033021 10.570567 9.612576 12.255405 8.923131 11.744349 21.378921 17.122007 17.181548 16.273837 8.400444 12.523245 12.453353 10.537615 11.698592 10.692417 6.711114 8.422104 9.837005 7.999319 8.212586 7.378969 0.991093 11.115343 11.766526 -9999.0 -9999.0 -9999.0 -9999.0 -9999.0 -9999.0
-9999.0 -9999.0 -9999.0 -9999.0 -9999.0 -9999.0 -9999.0 -9999.0 -9999.0 -9999.0 -9999.0 4.679965 10.960587 11.467458 7.326063 7.361648 8.535525 7.669600 16.099771 10.615680 9.477229 8.811900 9.816088 8.370869 8.523944 9.671397 7.903431 11.379152 11.987764 13.347796 7.535595 8.033443 11.871569 10.462990 9.086006 11.020182 14.283135 10.926287 8.844497 19.587741 11.058600 11.778897 10.952624 9.490861 13.285920 11.172294 11.181366 12.419281 13.101748 10.463521 7.371258 11.596983 0.702369 1.686500 0.778643 7.254141 11.573657 -9999.0 -9999.0 -9999.0 -9999.0 -9999.0 -9999.0
-9999.0 -9999.0 -9999.0 -9999.0 -9999.0 -9999.0 -9999.0 -9999.0 -9999.0 -9999.0 11.890053 7.597431 12.354843 12.248049 12.790822 9.021953 8.771958 7.864589 10.929829 11.098444 15.303820 13.996794 8.100173 14.768293 10.544252 9.360165 7.943794 6.597083 13.161734 13.411586 9.098011 8.283517 11.735563 10.223015 10.131865 11.826780 13.573686 9.013720 8.761525 11.629601 12.853905 13.737849 21.063676 6.647622 9.072169 13.693848 12.007518 8.478347 9.353077 10.277728 6.287143 10.595656 -0.002440 5.234406 9.857457 12.165032 12.068894 -9999.0 -9999.0 -9999.0 -9999.0 -9999.0 -9999.0
-9999.0 -9999.0 -9999.0 -9999.0 -9999.0 -9999.0 -9999.0 -9999.0 -9999.0 11.213789 11.422185 7.494413 8.765265 5.894891 7.888014 8.043917 7.948746 14.788153 10.862826 11.822361 15.975732 10.361203 9.765094 12.253461 10.926030 6.770434 5.978960 13.956833 10.050429 10.356174 10.963539 6.069913 11.943836 10.727560 11.490176 11.556295 10.299374 7.254350 7.773769 8.815640 9.339004 8.163334 8.253416 11.073838 9.633294 9.569724 14.511094 9.262424 9.368913 10.902937 8.183731 10.881647 -0.004239 9.683664 11.961590 1.029445 0.561070 14.367649 11.902341 -9999.0 -9999.0 -9999.0 -9999.0
-9999.0 -9999.0 -9999.0 -9999.0 -9999.0 -9999.0 -9999.0 -9999.0 -9999.0 11.056543 11.005069 11.757872 14.135676 9.829184 8.643812 8.368923 14.136113 10.996306 11.598994 18.371125 18.108206 18.554836 16.069994 14.690884 8.115575 9.003918 8.424553 10.961996 12.375459 14.271184 13.068615 5.996782 10.859679 10.676833 10.722485 13.144325 13.547439 14.024398 11.431524 11.932348 7.120749 7.464130 9.372154 10.905899 9.572246 12.505974 12.499616 11.926311 11.269817 11.272998 6.756030 0.762909 9.139487 10.060046 11.374537 0.537944 9.180033 9.913067 15.354779 -9999.0 -9999.0 -9999.0 -9999.0
-9999.0 -9999.0 -9999.0 -9999.0 -9999.0 -9999.0 -9999.0 -9999.0 -9999.0 -9999.0 11.698659 12.028197 9.183786 5.155032 10.559076 8.140497 10.374781 12.064541 12.657635 14.549916 17.640112 11.103602 9.276832 8.729979 9.211033 11.176541 12.253828 13.008145 13.684421 7.105152 6.699789 7.366958 5.324105 10.636586 11.305767 12.053381 13.337299 12.467758 13.150757 10.657261 10.295484 12.813095 13.079154 8.890815 8.188599 8.569934 9.591119 15.959852 13.658422 11.512235 7.835183 8.730606 10.828868 10.799351 9.178697 11.713710 12.849388 11.879111 12.392163 12.661403 -9999.0 -9999.0 -9999.0
-9999.0 -9999.0 -9999.0 -9999.0 -9999.0 -9999.0 -9999.0 -9999.0 -9999.0 -9999.0 11.197912 11.838208 12.586850 9.854405 16.040658 9.702997 9.605083 11.569582 14.050604 15.009751 12.541722 11.028788 9.543593 10.549253 11.172955 13.187408 13.767716 10.108463 6.827623 5.284078 11.722047 11.992467 5.892017 10.536357 11.169987 11.216881 8.652545 8.323966 6.406190 10.730818 11.101022 12.202167 7.312102 12.215172 12.546583 7.637824 9.627178 9.126348 11.043133 14.123750 11.837902 9.713595 0.351813 12.169125 10.497727 11.092410 12.184601 11.321203 12.990140 14.473225 -9999.0 -9999.0 -9999.0
-9999.0 -9999.0 -9999.0 -9999.0 -9999.0 -9999.0 -9999.0 -9999.0 12.447967 12.637449 12.113526 11.912080 8.445273 8.732806 8.549009 10.758557 12.165686 19.409758 15.466629 15.605453 14.158367 13.237325 12.333944 10.845228 12.621190 13.107596 15.799086 8.785128 8.418216 5.489666 11.856919 11.041284 11.791405 11.224575 10.928281 10.576995 13.544566 8.709631 4.469802 12.598068 11.292282 11.238365 5.543483 12.247648 14.702566 13.109539 6.497012 9.220671 9.870158 13.210813 12.475822 9.754048 9.352943 6.684547 12.264820 14.018818 15.777044 16.268711 14.127631 14.691478 -9999.0 -9999.0 -9999.0
-9999.0 -9999.0 -9999.0 -9999.0 -9999.0 -9999.0 -9999.0 -9999.0 8.670124 8.738621 0.779689 12.174616 12.621281 9.819757 8.215604 9.945786 10.940435 11.892771 14.600048 16.185033 22.420749 20.248461 19.126080 18.405479 13.132949 13.256235 10.953225 10.332974 6.820207 12.418303 11.840390 13.671806 11.497895 13.262896 11.310259 12.157271 13.838408 9.681369 8.005410 12.016131 11.066106 9.441064 12.460201 12.556624 13.019610 7.999822 1.165278 12.883709 10.332541 11.791313 14.704741 12.073333 8.839838 14.193429 15.652021 12.346859 12.452881 13.553141 15.723886 17.301984 17.974439 -9999.0 -9999.0
-9999.0 -9999.0 -9999.0 -9999.0 -9999.0 -9999.0 -9999.0 -9999.0 11.672969 13.343682 12.433327 0.814199 12.993265 0.881899 10.359579 9.186704 10.961181 14.054534 14.876871 22.099119 16.701497 20.955967 21.093219 15.779046 19.682381 12.170866 10.545203 8.333836 6.631900 12.688420 13.935374 12.779351 5.534281 6.426481 12.129780 13.753340 8.963833 10.222370 7.253704 6.398418 11.186996 12.646958 11.521936 11.732763 5.245327 12.011430 13.867671 13.080010 8.481959 11.024453 13.542395 13.905586 10.221779 10.392891 13.895749 14.384874 15.262698 15.913449 17.087580 16.938892 17.514294 -9999.0 -9999.0
-9999.0 -9999.0 -9999.0 -9999.0 -9999.0 -9999.0 -9999.0 -9999.0 11.586681 13.020412 9.635616 7.216878 13.251271 5.871097 9.910591 11.116101 13.167025 14.770587 17.469381 14.608308 16.262805 16.722565 21.231077 20.663483 13.325245 11.070064 9.375922 7.775674 14.177487 9.933867 9.226764 8.201005 10.256994 10.115847 6.440962 13.535527 14.846811 11.105205 8.308331 6.194869 12.139634 12.440399 12.144602 14.370639 12.437475 14.430722 13.568162 14.373209 14.038416 10.795049 12.277055 15.292159 15.250847 14.105303 16.095576 16.615766 17.270334 15.374558 16.246222 17.402447 16.158345 13.468946 -9999.0
-9999.0 -9999.0 -9999.0 -9999.0 -9999.0 -9999.0 -9999.0 -9999.0 11.318978 12.585999 10.540439 9.448247 10.429124 10.954531 16.519339 14.109430 16.736757 12.172768 10.979545 12.517716 14.335640 16.530865 16.824742 16.841829 19.391117 11.069473 8.901147 11.080662 11.699482 11.278121 8.338014 10.793775 12.114603 10.897619 9.801078 10.319126 11.603244 12.438484 11.489927 10.862298 9.678999 9.641080 10.362293 9.512449 6.201872 14.285539 9.741830 11.201762 11.404649 13.469681 15.362418 15.197558 16.154838 17.542531 17.865620 17.123353 17.669366 17.537375 16.607902 16.419081 14.406854 12.685904 -9999.0
-9999.0 -9999.0 13.186246 13.017790 8.305427 0.734900 8.820310 0.742945 12.098588 12.409041 10.471432 10.133017 11.434135 13.910609 19.594626 13.429653 10.921455 9.035726 10.420381 10.757918 12.924771 15.003931 16.330897 15.802582 15.233446 12.699504 11.173976 11.043665 11.253190 15.575707 9.535155 9.661854 15.700584 10.506715 12.572624 11.308393 14.097435 13.917265 12.671131 10.785996 12.391027 12.450946 10.827791 11.831209 9.191419 11.141573 12.375662 10.915361 14.034610 15.693250 17.622786 17.482059 17.650203 17.812830 17.768718 22.827898 16.581633 16.491656 15.792306 14.133713 16.825780 11.749377 -9999.0
-9999.0 8.932646 8.698048 8.731570 8.741850 9.658239 8.715536 0.752669 0.765444 11.962352 8.242325 10.314250 11.858247 17.103432 17.519109 10.972918 10.530936 9.185234 10.161567 10.998098 13.397656 13.546286 18.054262 15.010117 21.344268 15.753985 19.405596 19.459548 14.483996 13.300258 13.933909 13.493089 13.384381 17.289063 14.721540 15.632873 16.882449 15.889742 15.894206 14.977684 14.948399 14.596492 14.186078 11.661436 11.623315 12.037987 13.746394 13.671644 16.362987 15.685486 16.784703 16.858839 16.253667 16.239551 16.254358 15.955845 13.860675 13.564047 14.049265 16.030610 11.344662 11.368670 -9999.0
-9999.0 13.631529 10.358766 10.473675 14.100766 10.353846 7.186500 0.765395 12.699098 12.936064 8.396914 10.313729 12.652201 17.821523 11.741102 9.237496 8.232862 9.313234 11.304722 10.867042 16.007924 12.997885 14.076976 15.602607 21.928416 22.729082 15.953318 16.497415 15.856563 14.951147 15.744369 15.081003 14.519385 14.571281 18.754607 16.410423 23.282123 23.809593 17.965482 17.924217 17.014766 15.905093 15.745251 14.691826 15.460521 15.893774 16.440813 16.677706 16.261690 16.421457 15.314816 13.772879 13.772379 14.551840 14.269725 12.572977 12.728081 11.520600 11.340200 10.383696 10.316190 -9999.0 -9999.0
