erum2020/resources/simulation/Vinschgau/output-maps/TL0005N1423.asc
ncols         63
nrows         48
xllcorner     598000.000000
yllcorner     5145000.000000
cellsize      1000.000000
NODATA_value  -9999.0
[rows 0 to 27 of 48, columns 0 to 62 of 63]
-9999.0 -9999.0 -9999.0 -9999.0 -9999.0 -9999.0 -9999.0 -9999.0 -9999.0 -9999.0 -9999.0 -9999.0 -9999.0 -9999.0 -9999.0 -9999.0 -9999.0 -9999.0 -9999.0 -9999.0 -9999.0 -9999.0 -9999.0 -9999.0 -9999.0 -9999.0 -9999.0 -9999.0 -9999.0 -9999.0 -9999.0 -9999.0 -9999.0 -9999.0 -9999.0 -9999.0 -9999.0 -9999.0 -9999.0 -9999.0 -9999.0 -9999.0 -9999.0 -9999.0 -9999.0 -9999.0 -9999.0 -9999.0 -9999.0 -9999.0 -9999.0 -9999.0 -9999.0 -9999.0 -9999.0 -9999.0 -9999.0 -9999.0 -9999.0 -9999.0 -9999.0 -9999.0 -9999.0
-9999.0 -9999.0 -9999.0 -9999.0 -9999.0 -9999.0 -9999.0 -9999.0 -9999.0 -9999.0 -9999.0 -9999.0 -9999.0 -9999.0 -9999.0 -9999.0 -9999.0 -9999.0 -9999.0 -9999.0 -9999.0 -9999.0 -9999.0 -9999.0 -9999.0 -9999.0 -9999.0 -0.383946 -0.092775 -0.090285 -0.203819 -0.651587 -2.136312 -9999.0 -9999.0 -9999.0 -9999.0 -9999.0 -9999.0 -9999.0 -9999.0 -9999.0 -9999.0 -9999.0 -9999.0 -9999.0 -9999.0 -9999.0 -9999.0 -9999.0 -9999.0 -9999.0 -9999.0 -9999.0 -9999.0 -9999.0 -9999.0 -9999.0 -9999.0 -9999.0 -9999.0 -9999.0 -9999.0
-9999.0 -9999.0 -9999.0 -9999.0 -9999.0 -9999.0 -9999.0 -9999.0 -9999.0 -9999.0 -9999.0 -9999.0 -9999.0 -9999.0 -9999.0 -9999.0 -9999.0 -9999.0 -9999.0 -9999.0 -9999.0 -9999.0 -9999.0 -9999.0 -0.008112 0.000758 0.044339 -0.008160 0.048087 0.027042 -0.229688 -9999.0 -9999.0 -9999.0 -9999.0 -9999.0 -9999.0 -9999.0 -9999.0 -9999.0 -9999.0 -9999.0 -9999.0 -9999.0 -9999.0 -9999.0 -9999.0 -9999.0 -9999.0 -9999.0 -9999.0 -9999.0 -9999.0 -9999.0 -9999.0 -9999.0 -9999.0 -9999.0 -9999.0 -9999.0 -9999.0 -9999.0 -9999.0
-9999.0 -9999.0 -9999.0 -9999.0 -9999.0 -9999.0 -9999.0 -9999.0 -9999.0 -9999.0 -9999.0 -9999.0 -9999.0 -9999.0 -9999.0 -9999.0 -9999.0 -9999.0 -9999.0 -9999.0 -9999.0 -9999.0 -9999.0 0.009469 0.716702 3.065664 3.617058 3.723741 3.635259 0.028980 -0.219184 -0.324764 -9999.0 -9999.0 -9999.0 -9999.0 -9999.0 -9999.0 -9999.0 -9999.0 -9999.0 -9999.0 -9999.0 -9999.0 -9999.0 -9999.0 -9999.0 -9999.0 -9999.0 -9999.0 -9999.0 -9999.0 -9999.0 -9999.0 -9999.0 -9999.0 -9999.0 -9999.0 -9999.0 -9999.0 -9999.0 -9999.0 -9999.0
-9999.0 -9999.0 -9999.0 -9999.0 -9999.0 -9999.0 -9999.0 -9999.0 -9999.0 -9999.0 -9999.0 -9999.0 -9999.0 -9999.0 -9999.0 -9999.0 -9999.0 -9999.0 4.626805 0.512725 -9999.0 0.058836 0.678340 2.664200 3.016267 3.627352 3.232630 3.520886 2.560329 1.005381 -0.009999 -0.201819 -0.932009 -1.057965 -9999.0 -9999.0 -9999.0 -9999.0 -9999.0 -9999.0 -9999.0 -9999.0 -9999.0 -9999.0 -9999.0 -9999.0 -9999.0 -9999.0 -9999.0 -9999.0 -9999.0 -9999.0 -9999.0 -9999.0 -9999.0 -9999.0 -9999.0 -9999.0 -9999.0 -9999.0 -9999.0 -9999.0 -9999.0
-9999.0 -9999.0 -9999.0 -9999.0 -9999.0 -9999.0 -9999.0 -9999.0 -9999.0 -9999.0 -9999.0 -9999.0 -9999.0 -9999.0 -9999.0 -9999.0 -9999.0 5.027730 3.707719 3.652138 1.664380 0.174080 1.027395 2.158495 3.863095 0.264517 -0.059566 0.838569 -0.030612 1.922210 1.500890 0.005682 -0.016223 -0.364114 -1.054738 -1.330461 -9999.0 -9999.0 -9999.0 -9999.0 -9999.0 -9999.0 -9999.0 -9999.0 -9999.0 -9999.0 -9999.0 -9999.0 -9999.0 -9999.0 -9999.0 -9999.0 -9999.0 -9999.0 -9999.0 -9999.0 -9999.0 -9999.0 -9999.0 -9999.0 -9999.0 -9999.0 -9999.0
-9999.0 -9999.0 -9999.0 -9999.0 -9999.0 -9999.0 -9999.0 -9999.0 -9999.0 -9999.0 -9999.0 -9999.0 -9999.0 2.820364 2.205359 3.234245 4.532473 8.943318 4.623745 2.845526 2.835278 2.630675 3.181599 4.001483 -0.007959 0.547516 -0.568966 -0.043950 -0.095253 -0.007541 -1.100089 0.340865 -0.030763 -0.106003 -0.680336 -1.539035 -9999.0 -9999.0 -9999.0 -9999.0 -9999.0 -9999.0 -9999.0 -9999.0 -9999.0 -9999.0 -9999.0 -9999.0 -9999.0 -9999.0 -9999.0 -9999.0 -9999.0 -9999.0 -9999.0 -9999.0 -9999.0 -9999.0 -9999.0 -9999.0 -9999.0 -9999.0 -9999.0
-9999.0 -9999.0 -9999.0 -9999.0 -9999.0 -9999.0 -9999.0 -9999.0 -9999.0 -9999.0 -9999.0 -9999.0 -9999.0 3.776943 4.170056 4.065433 3.966333 8.532514 9.038843 4.483664 3.780498 5.112319 2.641272 1.555761 2.151858 1.199593 -0.092148 -0.153666 -0.716639 -0.270898 -0.094432 -0.194629 -0.909034 -1.871490 -1.261480 -9999.0 -9999.0 -9999.0 -9999.0 -9999.0 -9999.0 -9999.0 -9999.0 -9999.0 -9999.0 -9999.0 -9999.0 -9999.0 -9999.0 -9999.0 -9999.0 -9999.0 -9999.0 -9999.0 -9999.0 -9999.0 -9999.0 -9999.0 -9999.0 -9999.0 -9999.0 -9999.0 -9999.0
-9999.0 -9999.0 -9999.0 -9999.0 -9999.0 -9999.0 -9999.0 -9999.0 -9999.0 -9999.0 -9999.0 -9999.0 -9999.0 3.860933 3.424748 5.030844 3.575719 4.290362 9.333666 4.665526 6.325154 2.288645 0.635148 -0.014871 1.947689 1.586100 -0.018274 -0.827578 -0.309058 -1.115156 -0.244397 -2.358314 -2.185253 -8.436673 -1.929488 -9999.0 -9999.0 -9999.0 -9999.0 -9999.0 -9999.0 -9999.0 -9999.0 -9999.0 -9999.0 -9999.0 -9999.0 -9999.0 -9999.0 -9999.0 -9999.0 -9999.0 -9999.0 -9999.0 -9999.0 -9999.0 -9999.0 -9999.0 -9999.0 -9999.0 -9999.0 -9999.0 -9999.0
-9999.0 -9999.0 -9999.0 -9999.0 -9999.0 -9999.0 -9999.0 -9999.0 -9999.0 -9999.0 -9999.0 -9999.0 2.545112 2.894153 4.638949 2.987155 2.193831 3.950994 9.287750 5.069659 2.941666 0.299154 0.824036 -0.013417 -1.186498 -0.097177 -2.308841 -0.244913 -0.025925 -0.997138 -2.005914 -0.996602 -0.839299 -1.589800 -9999.0 -9999.0 -9999.0 -9999.0 -9999.0 -9999.0 -9999.0 -9999.0 -9999.0 -9999.0 -9999.0 -9999.0 -9999.0 -9999.0 -9999.0 -9999.0 -9999.0 -9999.0 -9999.0 -9999.0 -9999.0 -9999.0 -9999.0 -9999.0 -9999.0 -9999.0 -9999.0 -9999.0 -9999.0
-9999.0 -9999.0 -9999.0 -9999.0 -9999.0 -9999.0 -9999.0 -9999.0 -9999.0 -9999.0 -9999.0 2.826087 4.022383 3.698702 4.080774 4.995016 4.027678 4.148807 9.207299 6.330199 2.494015 2.595546 0.875482 -0.039111 1.036131 -0.011713 -0.408220 -0.096191 -0.956762 -1.455606 -1.019673 -0.018039 -0.659350 -1.111345 -1.055953 -0.540546 -0.552330 -0.189273 -0.195226 -9999.0 -9999.0 -9999.0 -1.154970 -9999.0 -9999.0 -9999.0 -9999.0 -9999.0 -9999.0 -9999.0 -9999.0 -9999.0 -9999.0 -9999.0 -9999.0 -9999.0 -9999.0 -9999.0 -9999.0 -9999.0 -9999.0 -9999.0 -9999.0
-9999.0 -9999.0 -9999.0 -9999.0 -9999.0 -9999.0 -9999.0 -9999.0 -9999.0 -9999.0 -9999.0 2.241943 4.159757 5.681017 5.463545 3.840874 6.468834 4.626078 9.242372 7.054022 6.405418 3.279068 0.213472 -1.412408 -0.714729 -0.095579 -0.187208 -0.010127 -0.059050 -1.170977 -0.098665 0.054183 -0.533457 -1.325777 -1.485847 -0.097617 0.030641 0.038683 -0.202063 -1.060924 -1.010250 -1.156922 -0.194653 -0.891043 -9999.0 -9999.0 -9999.0 -2.260702 -2.002454 -1.307797 -1.667286 -2.462509 -2.537575 -2.447056 -2.382595 -2.670035 -9999.0 -9999.0 -9999.0 -9999.0 -9999.0 -9999.0 -9999.0
-9999.0 -9999.0 -9999.0 -9999.0 -9999.0 -9999.0 -9999.0 -9999.0 -9999.0 -9999.0 -9999.0 1.916330 2.330676 1.866577 4.447240 4.822269 2.453437 3.918031 7.909630 6.973335 2.475450 0.035623 -0.563698 -0.006820 -0.096726 -0.326896 -0.671879 -2.750989 -0.506776 -1.238337 -0.709452 -0.866793 -0.009029 -1.263574 -0.932362 -0.000633 -0.569331 -0.512460 1.085249 -0.616676 -0.094958 -0.605771 -0.009157 -0.097811 -1.484490 -9999.0 -1.913790 -1.531619 -0.198572 -0.021731 -0.004476 -0.023868 -0.061000 -0.214103 -0.232754 -1.232916 -9999.0 -9999.0 -9999.0 -9999.0 -9999.0 -9999.0 -9999.0
-9999.0 -9999.0 -9999.0 -9999.0 -9999.0 -9999.0 -9999.0 -9999.0 -9999.0 -9999.0 -9999.0 -9999.0 2.480577 -0.006034 3.718486 3.999240 0.917351 2.963056 8.665856 6.901210 2.320654 0.998868 -0.022066 -0.316588 -1.804704 -0.754743 0.021598 -0.051526 -0.212058 -0.869589 -0.192028 -0.678552 -0.003504 -0.246584 -0.734613 -0.090455 -0.608382 -0.442616 2.725839 -0.031446 0.238216 -0.006731 -0.313636 0.060626 -0.721344 -1.559173 -1.287073 -1.363718 -1.779696 -0.380467 -0.113454 -0.608288 -2.907981 -1.239372 -1.921283 -0.095270 -1.051004 -9999.0 -9999.0 -9999.0 -9999.0 -9999.0 -9999.0
-9999.0 -9999.0 -9999.0 -9999.0 -9999.0 -9999.0 -9999.0 -9999.0 -9999.0 -9999.0 -9999.0 -0.365649 0.066108 2.787127 -0.005693 0.661342 1.904377 2.311979 8.098950 4.269076 2.582473 1.024037 -0.003746 -0.700836 -0.661285 -0.465134 -0.348604 -0.240609 -0.266871 -0.119930 -0.739249 -1.135590 0.707311 -0.228007 -1.630252 -0.098303 -0.097817 -0.317655 -0.006745 2.152418 -0.319199 -0.012826 -0.006583 -0.202258 1.008064 -0.220566 -0.084302 -0.089388 -0.014663 -0.062293 -2.781765 -0.218923 -2.874778 -4.693205 -5.400085 -2.633874 -1.014695 -9999.0 -9999.0 -9999.0 -9999.0 -9999.0 -9999.0
-9999.0 -9999.0 -9999.0 -9999.0 -9999.0 -9999.0 -9999.0 -9999.0 -9999.0 -9999.0 -0.000094 -0.122309 0.386776 0.640842 2.548126 -0.000514 -0.000866 0.174677 3.407156 3.920781 5.085872 3.381544 -0.364001 1.337522 -0.018705 -1.433282 -1.184122 -3.876898 -0.006178 0.135884 -0.055873 -0.920733 0.060068 -0.235621 -1.642688 -0.682261 -0.011201 -0.482933 -0.093453 0.018292 0.261860 1.310805 5.055372 1.146948 -0.045004 -0.098942 -0.064187 -0.242986 -0.097372 -0.012750 -4.032561 -1.799687 -5.871822 -3.271092 -2.981821 -0.244434 -0.221323 -9999.0 -9999.0 -9999.0 -9999.0 -9999.0 -9999.0
-9999.0 -9999.0 -9999.0 -9999.0 -9999.0 -9999.0 -9999.0 -9999.0 -9999.0 -0.089941 0.224352 -0.080206 -0.018947 -0.359527 -0.036395 -0.025607 -0.077457 3.710320 3.329973 3.949087 5.454311 0.754741 0.553449 1.168873 -0.002234 -1.255261 -2.022834 0.103381 -0.122136 -0.011161 -0.001179 -1.449580 -0.593233 -1.342759 -1.037073 -0.681522 0.008990 -0.788078 -0.577128 -0.065582 -0.550863 -0.194741 -0.282593 1.885879 1.438463 -0.061667 2.437457 -0.428592 -0.417681 0.003324 -1.120340 -1.090821 -3.541748 -3.481105 -2.652863 -3.146301 -2.089315 -0.845108 -2.304720 -9999.0 -9999.0 -9999.0 -9999.0
-9999.0 -9999.0 -9999.0 -9999.0 -9999.0 -9999.0 -9999.0 -9999.0 -9999.0 -0.061311 -0.093681 0.327711 1.748075 -0.007447 -0.111285 -0.379982 1.881775 1.233899 3.890685 6.442586 6.055885 5.416140 3.641173 1.248729 -0.869531 -0.911570 -0.318681 -0.015466 0.461001 1.356404 1.120533 -1.826391 -0.091832 -0.984332 -0.204223 -0.665327 -0.419411 -0.015795 -0.096769 0.722223 -0.495442 -1.161057 -0.229833 0.824526 2.690891 2.671810 2.495293 0.988553 -0.009086 0.017247 -2.698718 -4.889659 -3.488348 -2.987002 -1.388758 -4.021949 -1.948895 -1.223726 -0.392384 -9999.0 -9999.0 -9999.0 -9999.0
-9999.0 -9999.0 -9999.0 -9999.0 -9999.0 -9999.0 -9999.0 -9999.0 -9999.0 -9999.0 -0.197855 0.277092 -0.023014 -0.484615 -0.002744 -0.076860 -0.008436 2.463547 4.667394 5.077258 6.151485 2.431732 -0.013849 -0.122133 -0.686420 -0.048356 0.007175 1.154639 0.743589 -1.398470 -1.738060 -2.587600 -3.206448 -0.289361 -0.009503 0.672706 0.071187 0.477165 -0.425488 -0.099806 -0.215491 0.076740 0.979139 -0.041033 -0.008791 -0.006695 1.579878 4.112039 3.352595 0.359799 -1.651364 -2.148639 -2.755130 -3.466843 -3.108511 -1.640551 -0.005521 -1.471154 -0.034508 -0.022339 -9999.0 -9999.0 -9999.0
-9999.0 -9999.0 -9999.0 -9999.0 -9999.0 -9999.0 -9999.0 -9999.0 -9999.0 -9999.0 -0.216445 -0.027366 0.047366 -0.011410 2.615699 0.415525 -0.007761 2.463949 5.126454 5.683451 3.202466 1.347918 -0.018578 -0.146879 -0.042121 0.477042 1.772461 -0.007003 -1.083190 -2.927381 -0.175538 0.028237 -3.249327 -0.865871 -0.098042 0.793896 -1.350234 -0.070631 -1.239011 -0.258545 -0.094159 1.510678 -0.335646 0.005191 0.520425 -0.154632 -0.010769 -0.009621 2.970548 2.998457 -0.001822 -1.423036 -3.649413 -2.388123 -4.021989 -3.362417 -1.739247 -0.482425 1.532932 2.043374 -9999.0 -9999.0 -9999.0
-9999.0 -9999.0 -9999.0 -9999.0 -9999.0 -9999.0 -9999.0 -9999.0 -0.006402 -0.197050 -0.646913 -0.001701 -0.861306 -0.229308 -0.041689 1.629966 2.754677 6.245371 5.953205 6.039188 4.923298 3.824543 2.937450 1.235002 0.963823 1.790960 2.402454 -0.610000 -0.957183 -2.829401 -1.537257 -0.102197 -0.099136 -0.595769 -0.087825 -0.094698 2.320912 -0.023736 -2.323318 -0.653570 -0.090466 0.098660 -2.821015 -0.545021 -0.004745 0.074874 -2.151733 -0.284521 -0.008170 2.435359 0.155638 -0.522166 -2.647048 -5.308372 -3.078261 -0.684484 -0.740806 0.499702 0.879728 4.407939 -9999.0 -9999.0 -9999.0
-9999.0 -9999.0 -9999.0 -9999.0 -9999.0 -9999.0 -9999.0 -9999.0 -2.819959 -0.648558 -2.256573 -0.281531 -0.090981 -1.876930 -0.724758 -0.007114 1.755647 2.340378 5.285839 6.582075 9.504964 8.450199 7.695544 6.608622 3.182474 3.255300 0.693027 -0.119535 -3.157182 -0.245247 -1.159654 -0.466725 -0.076135 -0.381498 -0.006599 0.026175 3.800773 0.136316 -0.171407 -0.010387 -0.149806 -0.593065 -0.336580 -0.010322 -0.000552 -0.459112 -3.336844 -0.015732 -0.115523 1.562451 1.827165 -0.124631 -3.392048 -1.579577 -0.059701 -0.859324 -0.622505 -0.009341 3.310178 5.825839 6.519375 -9999.0 -9999.0
-9999.0 -9999.0 -9999.0 -9999.0 -9999.0 -9999.0 -9999.0 -9999.0 -0.134782 -0.011678 -0.082134 -3.065368 -0.004215 -2.612887 -0.455434 -0.581931 0.410010 2.979376 5.239241 9.233490 7.042155 8.777693 8.688041 5.623871 6.624914 3.085419 0.208993 -1.033162 -3.699503 -0.098254 -0.211193 0.102205 -1.349194 -0.923441 0.311584 3.288836 -0.007919 1.953945 -0.024451 -0.276059 -0.010839 -0.064529 -0.007109 -0.033953 -0.807544 -0.007268 -0.665009 -0.081328 -1.731741 -0.010798 2.722548 0.018099 -2.348918 -3.270322 -0.209329 -0.007072 0.993662 2.776461 5.527743 6.132469 6.437743 -9999.0 -9999.0
-9999.0 -9999.0 -9999.0 -9999.0 -9999.0 -9999.0 -9999.0 -9999.0 -1.243418 -0.009704 -0.277563 -3.613564 -0.007578 -0.904509 -0.156310 0.023969 3.786116 5.048024 6.604643 5.502537 6.494295 6.943216 8.470032 7.603727 3.474517 0.974721 -0.035207 -1.770743 0.039917 -0.224004 -0.411092 -0.137236 -0.003466 -0.002575 -0.085868 1.990809 4.112307 3.945593 0.814451 -0.021558 0.068287 0.390248 0.346309 -0.005266 -0.015648 -0.074664 -0.004643 -0.017357 -0.093536 -0.543179 -0.006387 2.413987 0.012246 -0.137798 0.135255 1.581545 3.706329 4.809102 5.640788 6.187849 5.301622 2.632058 -9999.0
-9999.0 -9999.0 -9999.0 -9999.0 -9999.0 -9999.0 -9999.0 -9999.0 -2.090494 -0.006425 -2.082701 -1.366183 -0.243900 -0.081553 1.375269 2.568225 4.248326 2.419667 0.892350 2.732554 4.585784 6.409319 6.549251 6.212955 5.662887 0.253021 -0.885014 -0.051205 -0.006640 -0.000371 -0.154529 0.008382 2.970663 1.222768 0.770181 1.823983 3.217383 5.891214 5.264516 2.556476 1.067677 0.869751 1.042994 -0.010514 -0.475362 1.009187 -0.136800 -0.026824 -0.165568 0.001317 1.945043 1.616743 1.979124 1.713875 2.427519 2.825508 3.641028 4.721733 5.489291 5.375586 4.074599 2.043553 -9999.0
-9999.0 -9999.0 -0.057204 -0.007475 -3.282088 -1.078049 -2.278586 -1.955914 -0.248853 -0.089856 -0.638256 -0.316493 -0.067802 0.001630 3.511570 1.427683 -0.013883 -1.028698 -0.313073 0.072412 2.601003 5.332135 5.972816 5.956864 4.346114 1.885811 0.097228 0.386055 2.521652 3.523017 -0.012221 0.803854 5.854231 3.295403 4.560718 4.486650 6.958047 8.133066 7.025923 4.358360 4.582521 4.658937 4.133448 3.195707 0.034902 0.799229 1.840497 1.641055 2.973469 4.004775 4.621313 4.152332 3.353701 2.667989 2.556203 5.797669 3.334267 4.008681 3.919078 3.437953 4.259931 1.258866 -9999.0
-9999.0 -0.346829 -0.407832 -0.551206 -0.948035 -0.523737 -2.261988 -2.500044 -3.445961 -0.308730 -1.690285 -0.664759 -0.003539 2.341309 1.777191 -0.170280 -0.693076 -1.414073 -0.821600 -0.008203 2.383791 4.137942 6.560560 4.813797 6.902540 4.109122 5.200963 5.550768 4.834260 3.710770 3.378115 3.570654 5.299365 8.426223 7.628628 8.878924 10.500865 11.031795 10.678182 9.026768 8.160118 8.027590 7.316971 4.669008 3.383059 3.776299 4.880272 5.782553 6.498974 6.008440 5.127455 4.128387 3.122563 2.210518 2.123912 1.566681 0.659881 1.021504 1.339000 2.212550 0.420498 1.050904 -9999.0
-9999.0 1.698568 -0.017039 -0.024397 0.306017 -0.081467 -2.312111 -2.997178 -0.561262 -0.744030 -2.209522 -1.043773 0.117854 1.996769 -0.063338 -2.363049 -2.324203 -1.756669 -0.173475 -0.010950 2.837934 2.005698 2.996070 3.282755 6.801702 7.708673 5.282113 5.997394 6.265423 6.245189 6.388645 6.158288 7.195332 8.067761 11.061540 11.136228 15.493435 16.532915 13.519364 12.451746 11.757275 10.795256 9.739530 7.924056 7.783941 7.649059 7.753954 7.606957 6.952681 6.125082 4.345078 2.033402 0.806996 1.436846 0.526526 -0.023017 -0.252013 -0.044333 -0.023497 -0.067305 -0.018281 -9999.0 -9999.0
