erum2020/resources/simulation/Vinschgau/output-maps/TL0008N0449.asc
ncols         63
nrows         48
xllcorner     598000.000000
yllcorner     5145000.000000
cellsize      1000.000000
NODATA_value  -9999.0
[rows 0 to 27 of 48, columns 0 to 62 of 63]
-9999.0 -9999.0 -9999.0 -9999.0 -9999.0 -9999.0 -9999.0 -9999.0 -9999.0 -9999.0 -9999.0 -9999.0 -9999.0 -9999.0 -9999.0 -9999.0 -9999.0 -9999.0 -9999.0 -9999.0 -9999.0 -9999.0 -9999.0 -9999.0 -9999.0 -9999.0 -9999.0 -9999.0 -9999.0 -9999.0 -9999.0 -9999.0 -9999.0 -9999.0 -9999.0 -9999.0 -9999.0 -9999.0 -9999.0 -9999.0 -9999.0 -9999.0 -9999.0 -9999.0 -9999.0 -9999.0 -9999.0 -9999.0 -9999.0 -9999.0 -9999.0 -9999.0 -9999.0 -9999.0 -9999.0 -9999.0 -9999.0 -9999.0 -9999.0 -9999.0 -9999.0 -9999.0 -9999.0
-9999.0 -9999.0 -9999.0 -9999.0 -9999.0 -9999.0 -9999.0 -9999.0 -9999.0 -9999.0 -9999.0 -9999.0 -9999.0 -9999.0 -9999.0 -9999.0 -9999.0 -9999.0 -9999.0 -9999.0 -9999.0 -9999.0 -9999.0 -9999.0 -9999.0 -9999.0 -9999.0 12.235739 11.129950 10.340810 6.934811 3.484524 4.499096 -9999.0 -9999.0 -9999.0 -9999.0 -9999.0 -9999.0 -9999.0 -9999.0 -9999.0 -9999.0 -9999.0 -9999.0 -9999.0 -9999.0 -9999.0 -9999.0 -9999.0 -9999.0 -9999.0 -9999.0 -9999.0 -9999.0 -9999.0 -9999.0 -9999.0 -9999.0 -9999.0 -9999.0 -9999.0 -9999.0
-9999.0 -9999.0 -9999.0 -9999.0 -9999.0 -9999.0 -9999.0 -9999.0 -9999.0 -9999.0 -9999.0 -9999.0 -9999.0 -9999.0 -9999.0 -9999.0 -9999.0 -9999.0 -9999.0 -9999.0 -9999.0 -9999.0 -9999.0 -9999.0 11.674720 12.314205 12.490905 11.776615 10.332870 9.302643 8.393207 -9999.0 -9999.0 -9999.0 -9999.0 -9999.0 -9999.0 -9999.0 -9999.0 -9999.0 -9999.0 -9999.0 -9999.0 -9999.0 -9999.0 -9999.0 -9999.0 -9999.0 -9999.0 -9999.0 -9999.0 -9999.0 -9999.0 -9999.0 -9999.0 -9999.0 -9999.0 -9999.0 -9999.0 -9999.0 -9999.0 -9999.0 -9999.0
-9999.0 -9999.0 -9999.0 -9999.0 -9999.0 -9999.0 -9999.0 -9999.0 -9999.0 -9999.0 -9999.0 -9999.0 -9999.0 -9999.0 -9999.0 -9999.0 -9999.0 -9999.0 -9999.0 -9999.0 -9999.0 -9999.0 -9999.0 12.209207 12.815076 9.563657 10.852052 11.771925 8.460885 12.147508 10.248177 8.820858 -9999.0 -9999.0 -9999.0 -9999.0 -9999.0 -9999.0 -9999.0 -9999.0 -9999.0 -9999.0 -9999.0 -9999.0 -9999.0 -9999.0 -9999.0 -9999.0 -9999.0 -9999.0 -9999.0 -9999.0 -9999.0 -9999.0 -9999.0 -9999.0 -9999.0 -9999.0 -9999.0 -9999.0 -9999.0 -9999.0 -9999.0
-9999.0 -9999.0 -9999.0 -9999.0 -9999.0 -9999.0 -9999.0 -9999.0 -9999.0 -9999.0 -9999.0 -9999.0 -9999.0 -9999.0 -9999.0 -9999.0 -9999.0 -9999.0 13.838266 11.832180 -9999.0 11.704362 12.476915 10.973428 10.281593 12.430157 11.979828 11.810725 10.896629 10.527695 11.653515 10.192254 11.133724 8.926171 -9999.0 -9999.0 -9999.0 -9999.0 -9999.0 -9999.0 -9999.0 -9999.0 -9999.0 -9999.0 -9999.0 -9999.0 -9999.0 -9999.0 -9999.0 -9999.0 -9999.0 -9999.0 -9999.0 -9999.0 -9999.0 -9999.0 -9999.0 -9999.0 -9999.0 -9999.0 -9999.0 -9999.0 -9999.0
-9999.0 -9999.0 -9999.0 -9999.0 -9999.0 -9999.0 -9999.0 -9999.0 -9999.0 -9999.0 -9999.0 -9999.0 -9999.0 -9999.0 -9999.0 -9999.0 -9999.0 0.746059 9.269853 11.551473 13.003495 4.026113 8.816055 10.219382 14.193878 5.249272 2.107443 4.917189 1.810886 6.705234 10.299819 9.157274 8.948698 7.648759 5.127591 -0.007486 -9999.0 -9999.0 -9999.0 -9999.0 -9999.0 -9999.0 -9999.0 -9999.0 -9999.0 -9999.0 -9999.0 -9999.0 -9999.0 -9999.0 -9999.0 -9999.0 -9999.0 -9999.0 -9999.0 -9999.0 -9999.0 -9999.0 -9999.0 -9999.0 -9999.0 -9999.0 -9999.0
-9999.0 -9999.0 -9999.0 -9999.0 -9999.0 -9999.0 -9999.0 -9999.0 -9999.0 -9999.0 -9999.0 -9999.0 -9999.0 10.669989 7.861010 5.799091 8.833102 20.247242 -0.004359 10.837684 10.256141 10.996885 13.336820 14.251121 4.444614 9.826298 5.682409 3.468115 3.392739 3.601303 4.714594 6.840791 6.792470 -0.002128 2.930333 -0.194158 -9999.0 -9999.0 -9999.0 -9999.0 -9999.0 -9999.0 -9999.0 -9999.0 -9999.0 -9999.0 -9999.0 -9999.0 -9999.0 -9999.0 -9999.0 -9999.0 -9999.0 -9999.0 -9999.0 -9999.0 -9999.0 -9999.0 -9999.0 -9999.0 -9999.0 -9999.0 -9999.0
-9999.0 -9999.0 -9999.0 -9999.0 -9999.0 -9999.0 -9999.0 -9999.0 -9999.0 -9999.0 -9999.0 -9999.0 -9999.0 11.485238 8.987986 6.304605 6.269085 15.540177 20.370416 12.956964 10.572255 12.962912 8.209834 6.543665 8.973182 7.707403 11.027060 7.304446 5.677026 -0.002916 -0.002067 -0.002211 -0.002447 -0.808491 -0.008484 -9999.0 -9999.0 -9999.0 -9999.0 -9999.0 -9999.0 -9999.0 -9999.0 -9999.0 -9999.0 -9999.0 -9999.0 -9999.0 -9999.0 -9999.0 -9999.0 -9999.0 -9999.0 -9999.0 -9999.0 -9999.0 -9999.0 -9999.0 -9999.0 -9999.0 -9999.0 -9999.0 -9999.0
-9999.0 -9999.0 -9999.0 -9999.0 -9999.0 -9999.0 -9999.0 -9999.0 -9999.0 -9999.0 -9999.0 -9999.0 -9999.0 8.750557 10.606159 7.331977 2.879585 7.317922 20.127473 3.120072 13.893798 9.309604 5.302927 4.132517 8.688030 6.903112 10.775049 4.142174 9.168743 -0.013691 0.703139 -0.280459 -0.490410 -0.279074 -1.035294 -9999.0 -9999.0 -9999.0 -9999.0 -9999.0 -9999.0 -9999.0 -9999.0 -9999.0 -9999.0 -9999.0 -9999.0 -9999.0 -9999.0 -9999.0 -9999.0 -9999.0 -9999.0 -9999.0 -9999.0 -9999.0 -9999.0 -9999.0 -9999.0 -9999.0 -9999.0 -9999.0 -9999.0
-9999.0 -9999.0 -9999.0 -9999.0 -9999.0 -9999.0 -9999.0 -9999.0 -9999.0 -9999.0 -9999.0 -9999.0 7.899864 10.142949 7.407891 6.256355 -0.004453 5.048789 16.046193 12.874010 9.183700 2.406264 5.597360 2.618483 5.039551 5.804189 1.815758 8.988281 9.018965 1.481375 -0.470855 7.121602 6.796942 -0.003224 -9999.0 -9999.0 -9999.0 -9999.0 -9999.0 -9999.0 -9999.0 -9999.0 -9999.0 -9999.0 -9999.0 -9999.0 -9999.0 -9999.0 -9999.0 -9999.0 -9999.0 -9999.0 -9999.0 -9999.0 -9999.0 -9999.0 -9999.0 -9999.0 -9999.0 -9999.0 -9999.0 -9999.0 -9999.0
-9999.0 -9999.0 -9999.0 -9999.0 -9999.0 -9999.0 -9999.0 -9999.0 -9999.0 -9999.0 -9999.0 9.722127 6.454275 2.756997 4.352661 6.790851 5.525967 2.212230 14.984881 9.232447 7.572244 8.818455 10.439222 8.521757 5.962863 8.363158 -0.003761 9.389632 8.322118 -0.347097 6.436085 8.780986 7.020970 6.161178 9.205124 11.411359 12.440958 13.637587 14.424660 -9999.0 -9999.0 -9999.0 9.358862 -9999.0 -9999.0 -9999.0 -9999.0 -9999.0 -9999.0 -9999.0 -9999.0 -9999.0 -9999.0 -9999.0 -9999.0 -9999.0 -9999.0 -9999.0 -9999.0 -9999.0 -9999.0 -9999.0 -9999.0
-9999.0 -9999.0 -9999.0 -9999.0 -9999.0 -9999.0 -9999.0 -9999.0 -9999.0 -9999.0 -9999.0 8.649169 4.717664 5.722548 5.662703 -0.002301 7.504997 7.725378 15.062003 13.086621 15.037270 12.995762 11.317199 0.448280 -0.003022 9.780815 9.905663 9.675975 8.709626 2.787839 8.640423 8.916040 9.754929 8.071462 8.497113 10.221087 12.418575 16.155343 14.398609 12.480305 12.497736 10.763434 9.982321 11.046574 -9999.0 -9999.0 -9999.0 -0.005640 4.724540 7.963439 7.978300 7.463112 5.650796 4.555479 3.993033 -0.010984 -9999.0 -9999.0 -9999.0 -9999.0 -9999.0 -9999.0 -9999.0
-9999.0 -9999.0 -9999.0 -9999.0 -9999.0 -9999.0 -9999.0 -9999.0 -9999.0 -9999.0 -9999.0 7.943354 2.515653 1.417460 8.174741 7.894952 2.449577 3.932340 14.369488 13.643780 -0.006990 7.648930 3.953267 10.588406 7.256980 11.836995 5.923722 3.680149 8.841091 6.229588 7.294140 1.422918 11.315681 8.553863 11.565654 11.456784 4.432161 9.292902 17.324230 13.834648 14.476531 12.066209 11.260899 10.994469 9.151216 -9999.0 -0.186409 6.191029 8.546015 9.965808 10.684767 10.046605 10.418155 9.889247 9.197684 7.944836 -9999.0 -9999.0 -9999.0 -9999.0 -9999.0 -9999.0 -9999.0
-9999.0 -9999.0 -9999.0 -9999.0 -9999.0 -9999.0 -9999.0 -9999.0 -9999.0 -9999.0 -9999.0 -9999.0 5.473266 -0.009445 10.404656 10.070030 -0.003354 4.561365 15.955164 13.861798 7.607178 8.612762 8.380278 6.582115 1.990121 4.083426 11.400273 9.097678 9.605752 10.357630 10.263568 1.817551 11.492754 9.775859 7.463297 9.998575 1.885204 8.633345 18.859126 14.990990 15.604993 16.130438 5.847903 12.173156 12.164739 9.234896 6.685329 6.399778 -0.000611 5.657510 7.520080 1.636064 5.139485 1.101410 -0.006842 -0.002462 6.027207 -9999.0 -9999.0 -9999.0 -9999.0 -9999.0 -9999.0
-9999.0 -9999.0 -9999.0 -9999.0 -9999.0 -9999.0 -9999.0 -9999.0 -9999.0 -9999.0 -9999.0 -0.004985 0.159663 8.044554 0.714536 2.266462 5.651144 4.585086 16.395930 4.560864 8.441294 7.363027 7.475402 4.542594 4.449509 7.901482 3.442401 7.042096 11.147629 11.987384 5.452507 5.206953 10.304802 8.929190 3.778972 9.153793 10.739262 7.032321 -0.008059 17.635076 9.046177 10.052863 8.458934 9.029298 13.004795 9.791733 9.072606 11.518578 11.757948 8.024494 -0.002145 1.787199 -0.008779 -0.010257 -0.069730 -0.063586 6.265577 -9999.0 -9999.0 -9999.0 -9999.0 -9999.0 -9999.0
-9999.0 -9999.0 -9999.0 -9999.0 -9999.0 -9999.0 -9999.0 -9999.0 -9999.0 -9999.0 8.875075 2.500143 9.960380 10.732916 11.501550 6.147741 4.840419 4.273029 8.531702 7.100577 14.311712 11.985414 6.316975 14.473216 8.924054 5.074326 2.254598 3.040515 12.390130 12.879127 6.752725 4.674350 8.726946 6.420880 0.397905 9.834889 11.695525 -0.002241 -0.003351 8.953908 9.687426 11.082443 17.564588 -0.007171 6.965721 12.678573 11.284710 6.731357 7.522313 7.966373 1.899236 -0.003960 -0.100365 -0.060619 -0.058285 9.343021 9.185877 -9999.0 -9999.0 -9999.0 -9999.0 -9999.0 -9999.0
-9999.0 -9999.0 -9999.0 -9999.0 -9999.0 -9999.0 -9999.0 -9999.0 -9999.0 6.510277 7.164332 -0.002460 5.419845 3.006867 3.326810 3.560312 -0.002609 13.778219 9.419047 7.916498 14.862690 8.398107 8.422765 10.285795 7.302226 4.895388 3.519275 13.433713 8.581872 8.983108 8.910030 -0.002933 4.179847 -0.007695 8.995668 10.548274 9.715305 -0.002652 -0.002080 5.270430 5.600878 3.838157 4.635548 8.396948 8.208140 7.856164 14.361403 7.991455 7.692633 8.400880 5.575780 6.980269 -0.063627 -0.222007 4.807750 1.730939 4.591801 11.518348 9.532689 -9999.0 -9999.0 -9999.0 -9999.0
-9999.0 -9999.0 -9999.0 -9999.0 -9999.0 -9999.0 -9999.0 -9999.0 -9999.0 7.409704 6.300359 8.937622 12.035809 7.700492 4.696973 4.091079 13.049400 9.196303 10.438168 17.161835 16.847727 17.867556 13.567416 13.391836 5.562339 5.719399 8.381429 9.272310 10.475988 11.176004 10.633793 -0.003491 8.049831 7.658937 10.028156 12.906453 13.096659 14.006970 9.652920 10.309855 -0.003573 0.233045 6.816192 8.453963 -0.002922 10.490291 10.803792 10.904068 9.776149 8.966469 1.806278 0.159613 -0.002889 -0.002489 2.684806 -0.005990 5.682943 7.393901 13.070340 -9999.0 -9999.0 -9999.0 -9999.0
-9999.0 -9999.0 -9999.0 -9999.0 -9999.0 -9999.0 -9999.0 -9999.0 -9999.0 -9999.0 8.270749 9.587490 2.041425 -0.007863 9.002290 3.044393 8.298375 10.514632 11.522912 12.396705 15.105656 9.903962 7.224524 6.592721 7.263761 9.288378 10.521248 11.149490 11.694784 2.026619 0.764801 1.473549 -0.003413 5.348447 10.206185 10.617169 13.177774 12.294418 12.150044 6.554120 -0.002238 11.070459 10.402231 5.140560 5.501664 6.171754 7.998809 13.235417 11.927932 9.799458 4.662713 5.610671 7.657476 3.831496 -0.052555 4.369799 8.565417 9.343117 10.276526 10.337607 -9999.0 -9999.0 -9999.0
-9999.0 -9999.0 -9999.0 -9999.0 -9999.0 -9999.0 -9999.0 -9999.0 -9999.0 -9999.0 8.093499 9.424951 10.428355 2.633431 13.965253 7.925287 7.861400 9.459272 12.284473 13.247867 10.717551 9.021773 7.633627 8.830341 9.162673 11.436549 11.827036 7.882678 4.083088 -0.003300 6.943067 9.432371 2.395284 4.904215 7.358854 7.940157 6.377439 6.406183 2.494436 6.453327 9.320675 9.803722 1.520785 7.915622 10.002861 4.593349 6.521925 6.872906 9.861446 11.962843 9.461794 6.807290 3.190389 8.475149 6.572028 9.709986 3.323619 7.940065 10.284379 12.245636 -9999.0 -9999.0 -9999.0
-9999.0 -9999.0 -9999.0 -9999.0 -9999.0 -9999.0 -9999.0 -9999.0 12.196659 11.324710 10.313909 8.945004 2.172539 2.240675 2.675395 5.123728 10.344582 18.642915 14.149466 14.116478 12.545260 11.505030 10.404473 8.748819 10.652300 11.006753 14.891134 5.420460 2.966569 -0.002188 -0.002705 7.404001 9.446502 8.047628 8.661275 0.453418 11.135893 6.807099 -0.003684 10.684774 8.735289 7.709687 -0.002715 0.278304 11.621376 10.426444 -0.002808 5.311829 7.935277 8.320255 10.077657 7.169708 5.729854 1.680540 11.243627 11.906382 12.846111 14.768272 12.239411 12.991136 -9999.0 -9999.0 -9999.0
-9999.0 -9999.0 -9999.0 -9999.0 -9999.0 -9999.0 -9999.0 -9999.0 2.725863 4.659430 3.908190 6.248475 9.142514 2.130461 5.319821 8.028658 9.354500 9.825536 13.129526 14.703832 21.538329 19.474055 17.993999 17.249663 11.483267 11.383496 8.900109 7.938050 3.629895 10.526586 9.233487 11.780437 9.720118 11.288971 9.592546 10.516219 12.276553 7.674402 5.318498 10.233792 4.351141 -0.074039 4.924558 9.912026 10.915792 3.738698 0.478227 10.248539 7.507168 10.148941 12.516999 9.424221 4.450384 11.966156 13.978778 9.541189 9.980691 11.598890 14.286348 15.328105 16.457279 -9999.0 -9999.0
-9999.0 -9999.0 -9999.0 -9999.0 -9999.0 -9999.0 -9999.0 -9999.0 7.718058 10.978466 10.722509 0.328167 10.856792 3.252885 3.246965 3.243988 9.009523 12.231948 13.256154 20.720950 15.282218 19.988132 20.179176 14.562853 18.690574 10.981080 8.973168 5.252255 4.098667 12.013964 12.080278 12.029466 1.947616 4.267984 10.724157 11.662791 6.314730 7.799880 3.052721 2.037539 8.751667 7.928932 9.190082 8.623007 -0.002744 9.957231 11.913045 11.729515 -0.002439 8.870608 10.903610 11.714772 7.762043 7.643401 11.995509 11.964129 13.545269 14.480554 16.061172 15.386873 15.492004 -9999.0 -9999.0
-9999.0 -9999.0 -9999.0 -9999.0 -9999.0 -9999.0 -9999.0 -9999.0 4.801645 10.681829 4.535370 4.867145 11.209566 2.636820 7.364427 9.392199 12.437760 12.880620 13.279988 12.583232 14.410205 15.105265 20.361847 20.254203 11.444133 9.379882 7.167365 5.757520 13.875530 8.421674 7.560072 7.818223 8.767444 8.308796 5.098162 13.207035 14.126135 8.737810 6.022440 4.253377 10.805403 11.209966 11.187081 13.459905 11.438957 13.105367 12.328991 14.300288 12.724817 9.090718 9.937552 12.988949 13.487837 11.709600 14.403874 14.926990 15.781116 12.702786 14.175229 15.360769 14.348262 11.434381 -9999.0
-9999.0 -9999.0 -9999.0 -9999.0 -9999.0 -9999.0 -9999.0 -9999.0 9.157812 10.984988 7.273759 6.659858 7.440079 8.042920 15.956395 12.681205 12.238554 10.320164 8.824363 10.488158 12.256482 14.662213 15.355755 15.681642 19.276433 8.984166 6.788467 9.192667 10.054070 9.841358 6.384593 9.173883 10.819044 9.239233 8.325895 8.909643 9.664295 10.050754 9.326248 8.888166 8.046992 8.232837 8.751668 8.452407 5.021141 13.246715 8.385103 9.663946 9.278625 11.804511 14.279717 13.217131 13.891484 15.772283 15.385721 14.578539 15.473645 15.353092 14.783505 14.754707 12.575241 10.608883 -9999.0
-9999.0 -9999.0 11.874614 12.466565 1.990622 2.721793 3.996470 1.387201 10.862524 10.552572 6.684791 0.088730 8.441960 11.506849 17.754719 9.504034 8.712323 5.682622 5.968550 8.708481 10.794529 12.918435 13.954241 13.872944 12.957143 10.895496 9.053808 9.094430 10.395974 15.562559 7.657044 7.880793 14.248270 8.971827 11.185315 9.212478 12.403464 11.523388 10.430551 8.408708 10.675864 11.012776 9.218982 10.491967 7.221845 9.484517 11.084958 8.931973 12.970757 14.424194 15.958492 15.257228 15.483087 15.546011 15.376304 20.672715 13.980020 14.626296 13.903888 12.189224 15.341285 9.491660 -9999.0
-9999.0 4.743269 4.561993 2.779755 2.848993 5.870592 3.862371 -0.002163 -0.002533 10.030986 2.366854 7.271975 8.801716 14.992904 15.005497 8.037336 6.528184 2.958834 4.977444 9.046321 11.324962 12.559601 15.695481 12.376359 20.916198 14.755654 19.123264 18.979377 13.536905 11.979091 12.666888 11.834435 11.873100 17.083024 13.470198 13.800637 15.111978 13.791249 14.320609 13.291300 13.540968 13.441685 13.002669 10.246869 9.765766 10.501643 11.338173 13.152502 15.545617 13.169802 14.575585 14.514416 13.588465 13.228175 13.050361 13.626184 11.387468 11.307646 11.872029 13.995134 8.936631 9.028920 -9999.0
-9999.0 12.103777 8.309663 8.621676 12.453414 7.506851 2.749354 2.091436 11.824027 11.426501 2.971779 7.624192 10.330085 15.317386 8.674900 5.191356 1.714831 2.874336 9.318980 9.083774 14.386797 11.313783 11.176127 12.342065 19.935858 21.998204 14.539910 15.393690 13.889065 13.838208 14.323446 13.615517 13.252760 12.580223 17.880194 14.518228 22.467517 23.849682 16.453917 16.604640 15.727224 14.511661 14.790396 13.424201 14.489580 14.930085 14.630270 14.811875 14.046332 14.188325 13.497522 11.665991 11.460726 11.794490 11.808099 9.953137 9.825657 8.779971 8.509724 7.864035 7.917948 -9999.0 -9999.0
