erum2020/resources/simulation/Vinschgau/output-maps/TL0003N0762.asc
ncols         63
nrows         48
xllcorner     598000.000000
yllcorner     5145000.000000
cellsize      1000.000000
NODATA_value  -9999.0
[rows 0 to 27 of 48, columns 0 to 62 of 63]
-9999.0 -9999.0 -9999.0 -9999.0 -9999.0 -9999.0 -9999.0 -9999.0 -9999.0 -9999.0 -9999.0 -9999.0 -9999.0 -9999.0 -9999.0 -9999.0 -9999.0 -9999.0 -9999.0 -9999.0 -9999.0 -9999.0 -9999.0 -9999.0 -9999.0 -9999.0 -9999.0 -9999.0 -9999.0 -9999.0 -9999.0 -9999.0 -9999.0 -9999.0 -9999.0 -9999.0 -9999.0 -9999.0 -9999.0 -9999.0 -9999.0 -9999.0 -9999.0 -9999.0 -9999.0 -9999.0 -9999.0 -9999.0 -9999.0 -9999.0 -9999.0 -9999.0 -9999.0 -9999.0 -9999.0 -9999.0 -9999.0 -9999.0 -9999.0 -9999.0 -9999.0 -9999.0 -9999.0
-9999.0 -9999.0 -9999.0 -9999.0 -9999.0 -9999.0 -9999.0 -9999.0 -9999.0 -9999.0 -9999.0 -9999.0 -9999.0 -9999.0 -9999.0 -9999.0 -9999.0 -9999.0 -9999.0 -9999.0 -9999.0 -9999.0 -9999.0 -9999.0 -9999.0 -9999.0 -9999.0 -4.138645 -1.860035 -4.290610 -4.660389 -3.933980 -4.442452 -9999.0 -9999.0 -9999.0 -9999.0 -9999.0 -9999.0 -9999.0 -9999.0 -9999.0 -9999.0 -9999.0 -9999.0 -9999.0 -9999.0 -9999.0 -9999.0 -9999.0 -9999.0 -9999.0 -9999.0 -9999.0 -9999.0 -9999.0 -9999.0 -9999.0 -9999.0 -9999.0 -9999.0 -9999.0 -9999.0
-9999.0 -9999.0 -9999.0 -9999.0 -9999.0 -9999.0 -9999.0 -9999.0 -9999.0 -9999.0 -9999.0 -9999.0 -9999.0 -9999.0 -9999.0 -9999.0 -9999.0 -9999.0 -9999.0 -9999.0 -9999.0 -9999.0 -9999.0 -9999.0 -1.645818 -0.897659 -0.809315 -0.927429 -2.212016 -2.968995 -2.990475 -9999.0 -9999.0 -9999.0 -9999.0 -9999.0 -9999.0 -9999.0 -9999.0 -9999.0 -9999.0 -9999.0 -9999.0 -9999.0 -9999.0 -9999.0 -9999.0 -9999.0 -9999.0 -9999.0 -9999.0 -9999.0 -9999.0 -9999.0 -9999.0 -9999.0 -9999.0 -9999.0 -9999.0 -9999.0 -9999.0 -9999.0 -9999.0
-9999.0 -9999.0 -9999.0 -9999.0 -9999.0 -9999.0 -9999.0 -9999.0 -9999.0 -9999.0 -9999.0 -9999.0 -9999.0 -9999.0 -9999.0 -9999.0 -9999.0 -9999.0 -9999.0 -9999.0 -9999.0 -9999.0 -9999.0 -0.878252 -0.240277 0.486217 0.735463 0.883962 -0.018674 -0.833033 -2.965654 -3.310664 -9999.0 -9999.0 -9999.0 -9999.0 -9999.0 -9999.0 -9999.0 -9999.0 -9999.0 -9999.0 -9999.0 -9999.0 -9999.0 -9999.0 -9999.0 -9999.0 -9999.0 -9999.0 -9999.0 -9999.0 -9999.0 -9999.0 -9999.0 -9999.0 -9999.0 -9999.0 -9999.0 -9999.0 -9999.0 -9999.0 -9999.0
-9999.0 -9999.0 -9999.0 -9999.0 -9999.0 -9999.0 -9999.0 -9999.0 -9999.0 -9999.0 -9999.0 -9999.0 -9999.0 -9999.0 -9999.0 -9999.0 -9999.0 -9999.0 0.255739 -0.724814 -9999.0 -0.799850 -0.460514 0.140386 0.379730 1.298227 0.171170 0.130554 0.520407 0.012215 -1.254907 -2.790415 -4.935003 -6.587104 -9999.0 -9999.0 -9999.0 -9999.0 -9999.0 -9999.0 -9999.0 -9999.0 -9999.0 -9999.0 -9999.0 -9999.0 -9999.0 -9999.0 -9999.0 -9999.0 -9999.0 -9999.0 -9999.0 -9999.0 -9999.0 -9999.0 -9999.0 -9999.0 -9999.0 -9999.0 -9999.0 -9999.0 -9999.0
-9999.0 -9999.0 -9999.0 -9999.0 -9999.0 -9999.0 -9999.0 -9999.0 -9999.0 -9999.0 -9999.0 -9999.0 -9999.0 -9999.0 -9999.0 -9999.0 -9999.0 3.966286 2.042531 1.270585 -1.867723 -0.003379 0.008718 0.009586 0.418469 0.002316 -0.074228 -0.106644 -0.042877 0.018700 -0.994682 -3.067537 -3.924932 -4.810212 -5.592128 -7.526253 -9999.0 -9999.0 -9999.0 -9999.0 -9999.0 -9999.0 -9999.0 -9999.0 -9999.0 -9999.0 -9999.0 -9999.0 -9999.0 -9999.0 -9999.0 -9999.0 -9999.0 -9999.0 -9999.0 -9999.0 -9999.0 -9999.0 -9999.0 -9999.0 -9999.0 -9999.0 -9999.0
-9999.0 -9999.0 -9999.0 -9999.0 -9999.0 -9999.0 -9999.0 -9999.0 -9999.0 -9999.0 -9999.0 -9999.0 -9999.0 -0.159875 0.060712 1.807964 3.592917 3.985063 3.516526 0.515894 0.306918 0.150911 0.437033 0.399328 -0.002084 -0.614111 -1.673465 -2.654449 -0.122501 -0.008203 -0.608995 -1.942340 -3.350655 -4.443208 -5.048629 -7.007043 -9999.0 -9999.0 -9999.0 -9999.0 -9999.0 -9999.0 -9999.0 -9999.0 -9999.0 -9999.0 -9999.0 -9999.0 -9999.0 -9999.0 -9999.0 -9999.0 -9999.0 -9999.0 -9999.0 -9999.0 -9999.0 -9999.0 -9999.0 -9999.0 -9999.0 -9999.0 -9999.0
-9999.0 -9999.0 -9999.0 -9999.0 -9999.0 -9999.0 -9999.0 -9999.0 -9999.0 -9999.0 -9999.0 -9999.0 -9999.0 0.016059 1.336845 2.496654 2.761158 3.033026 4.023022 1.916648 2.293662 0.912464 0.900536 0.017326 -0.010812 -0.031769 -1.859922 -4.464212 -4.537025 -1.234066 -1.691271 -3.192543 -4.814567 -7.957089 -6.725890 -9999.0 -9999.0 -9999.0 -9999.0 -9999.0 -9999.0 -9999.0 -9999.0 -9999.0 -9999.0 -9999.0 -9999.0 -9999.0 -9999.0 -9999.0 -9999.0 -9999.0 -9999.0 -9999.0 -9999.0 -9999.0 -9999.0 -9999.0 -9999.0 -9999.0 -9999.0 -9999.0 -9999.0
-9999.0 -9999.0 -9999.0 -9999.0 -9999.0 -9999.0 -9999.0 -9999.0 -9999.0 -9999.0 -9999.0 -9999.0 -9999.0 0.970727 0.949494 2.122448 2.096498 2.961010 4.247602 3.297288 1.041266 0.039167 -0.012480 -0.030733 0.019974 -0.021588 -3.013640 -4.773854 -3.285173 -7.151896 -4.845582 -7.577123 -8.142137 -5.198718 -8.275717 -9999.0 -9999.0 -9999.0 -9999.0 -9999.0 -9999.0 -9999.0 -9999.0 -9999.0 -9999.0 -9999.0 -9999.0 -9999.0 -9999.0 -9999.0 -9999.0 -9999.0 -9999.0 -9999.0 -9999.0 -9999.0 -9999.0 -9999.0 -9999.0 -9999.0 -9999.0 -9999.0 -9999.0
-9999.0 -9999.0 -9999.0 -9999.0 -9999.0 -9999.0 -9999.0 -9999.0 -9999.0 -9999.0 -9999.0 -9999.0 0.042673 0.386597 1.550958 0.076145 0.494340 2.371992 3.626572 2.434800 0.316612 -0.005847 -0.043538 -0.088256 -0.636693 -2.455246 -1.619328 -3.087676 -3.337733 -5.778892 -6.263854 -5.125376 -5.264726 -7.673550 -9999.0 -9999.0 -9999.0 -9999.0 -9999.0 -9999.0 -9999.0 -9999.0 -9999.0 -9999.0 -9999.0 -9999.0 -9999.0 -9999.0 -9999.0 -9999.0 -9999.0 -9999.0 -9999.0 -9999.0 -9999.0 -9999.0 -9999.0 -9999.0 -9999.0 -9999.0 -9999.0 -9999.0 -9999.0
-9999.0 -9999.0 -9999.0 -9999.0 -9999.0 -9999.0 -9999.0 -9999.0 -9999.0 -9999.0 -9999.0 -0.308911 0.033320 0.856053 0.655720 0.035950 1.068060 2.267493 3.720468 1.824955 0.777192 0.099335 -0.653839 -1.685904 -1.164114 -3.236758 -5.196544 -2.568855 -2.411503 -6.515814 -5.275812 -3.272676 -5.114951 -5.961606 -5.575555 -4.967909 -3.753357 -3.071014 -3.102506 -9999.0 -9999.0 -9999.0 -6.055753 -9999.0 -9999.0 -9999.0 -9999.0 -9999.0 -9999.0 -9999.0 -9999.0 -9999.0 -9999.0 -9999.0 -9999.0 -9999.0 -9999.0 -9999.0 -9999.0 -9999.0 -9999.0 -9999.0 -9999.0
-9999.0 -9999.0 -9999.0 -9999.0 -9999.0 -9999.0 -9999.0 -9999.0 -9999.0 -9999.0 -9999.0 -0.587570 0.719330 1.019962 1.790417 -0.111245 2.937740 2.848403 3.818986 2.622834 1.117720 0.010838 -1.102040 -1.162410 -2.574423 -2.532946 -2.715257 -3.190981 -4.005670 -6.022228 -3.824406 -2.754133 -3.299978 -4.513860 -5.000912 -4.426730 -0.819775 -1.744558 -2.875618 -5.717402 -5.726898 -6.009891 -4.458821 -4.890684 -9999.0 -9999.0 -9999.0 -5.129485 -5.221164 -5.326675 -4.474922 -6.070077 -6.462876 -4.816310 -4.509359 -7.086623 -9999.0 -9999.0 -9999.0 -9999.0 -9999.0 -9999.0 -9999.0
-9999.0 -9999.0 -9999.0 -9999.0 -9999.0 -9999.0 -9999.0 -9999.0 -9999.0 -9999.0 -9999.0 -1.937063 -0.473378 -0.132605 0.039699 0.017492 0.031812 2.135730 2.853009 2.811738 1.221814 -0.012177 -0.431742 -1.640828 -2.537075 -3.982343 -0.838704 -2.335527 -4.222827 -4.788644 -4.511905 -3.367879 -3.130308 -4.182081 -4.915772 -3.183348 -1.547995 -2.462922 -1.062107 -4.493860 -2.574643 -3.964832 -3.121501 -2.499853 -4.130476 -9999.0 -7.416036 -4.349252 -3.412514 -3.314151 -3.295260 -3.962495 -2.943046 -2.834090 -4.940085 -4.130873 -9999.0 -9999.0 -9999.0 -9999.0 -9999.0 -9999.0 -9999.0
-9999.0 -9999.0 -9999.0 -9999.0 -9999.0 -9999.0 -9999.0 -9999.0 -9999.0 -9999.0 -9999.0 -9999.0 -1.708549 -1.031023 0.003189 0.007370 0.002516 1.543055 2.519660 2.817753 0.938182 -0.017509 -0.601302 -0.566239 -1.307883 -0.902070 -0.941375 -2.548842 -3.376427 -4.859260 -2.715012 -2.136859 -1.998597 -3.506103 -4.030300 -2.837403 -0.673730 -0.157157 0.230453 -2.388630 -1.124215 -2.667042 -2.759551 -1.210748 -4.604776 -4.288442 -5.655876 -4.195639 -3.999195 -1.624452 -0.117467 -2.232357 -1.798034 -2.852522 -3.165559 -3.933474 -3.385773 -9999.0 -9999.0 -9999.0 -9999.0 -9999.0 -9999.0
-9999.0 -9999.0 -9999.0 -9999.0 -9999.0 -9999.0 -9999.0 -9999.0 -9999.0 -9999.0 -9999.0 -0.659297 -1.488546 -0.385920 -0.532387 -0.510475 -0.005335 0.806610 2.539723 2.934483 1.135743 -0.015158 -0.516138 -0.474870 -0.455722 -1.301013 -0.594218 -3.006179 -3.155945 -3.731428 -0.869484 -1.484536 -1.919345 -3.319655 -4.982693 -4.421502 -2.949115 -0.971824 0.044152 -0.465714 -0.993091 -0.038328 -0.505897 -1.124851 -0.226528 -2.946390 -3.442402 -3.657060 -2.974714 -0.067568 -3.193517 -3.238080 -4.112542 -5.468184 -6.252999 -4.718640 -5.643668 -9999.0 -9999.0 -9999.0 -9999.0 -9999.0 -9999.0
-9999.0 -9999.0 -9999.0 -9999.0 -9999.0 -9999.0 -9999.0 -9999.0 -9999.0 -9999.0 -0.898615 -0.360864 -0.751468 -0.737651 -0.007508 -0.164125 -0.157984 0.000659 2.369755 2.608224 1.394273 0.120777 -0.266569 -0.183742 -0.010429 -0.892423 -1.923236 -3.926204 -1.578746 -0.766566 -1.263628 -1.277159 -2.680154 -3.526431 -7.093373 -4.488803 -1.486794 -1.735340 -0.428362 0.001220 0.001441 0.189842 0.839315 -0.003382 -0.150306 -3.607290 -2.288240 -2.652392 -1.232302 -0.041119 -3.978739 -5.692300 -6.934352 -5.793641 -7.940525 -4.729357 -4.581230 -9999.0 -9999.0 -9999.0 -9999.0 -9999.0 -9999.0
-9999.0 -9999.0 -9999.0 -9999.0 -9999.0 -9999.0 -9999.0 -9999.0 -9999.0 -2.414217 -2.003062 -1.348393 -1.136450 -0.369786 -1.212432 -1.157552 -0.099748 0.063719 2.021589 3.013236 1.748503 0.014126 0.006015 0.025646 0.013311 -0.972384 -1.390137 -0.765906 -0.217496 -0.375786 -0.001880 -1.814574 -4.278856 -7.886966 -5.785950 -4.521901 -2.929107 -2.622448 -0.752066 -1.284672 -0.911600 -0.095887 -0.229330 0.807017 0.233286 -0.080374 0.000372 -0.399498 -0.392001 0.032553 -3.526017 -5.772736 -6.426766 -8.040361 -6.246952 -4.585733 -3.128439 -4.687910 -5.696282 -9999.0 -9999.0 -9999.0 -9999.0
-9999.0 -9999.0 -9999.0 -9999.0 -9999.0 -9999.0 -9999.0 -9999.0 -9999.0 -4.342042 -4.034176 -1.286372 0.060085 -0.004735 -0.109606 -0.375497 -0.007715 0.022245 2.539111 2.798507 2.440125 1.475276 0.501438 0.013395 -0.645069 -0.517100 -0.243713 -0.005237 0.004735 0.006901 -0.723031 -2.329094 -3.598745 -4.011647 -4.423687 -4.607278 -4.195192 -3.218892 -2.510164 -2.383285 -0.691429 -1.047579 -0.132974 0.007230 1.491791 0.877894 0.505731 0.004180 -0.008902 -0.001189 -2.992411 -4.595352 -7.600818 -5.836480 -5.742008 -4.110289 -3.802042 -2.566673 -3.921108 -9999.0 -9999.0 -9999.0 -9999.0
-9999.0 -9999.0 -9999.0 -9999.0 -9999.0 -9999.0 -9999.0 -9999.0 -9999.0 -9999.0 -2.774681 -2.659056 -1.202780 -0.360795 -0.001745 -0.097289 -0.003879 0.490376 3.202670 3.206398 2.280182 1.108627 -0.002208 -0.073814 -0.465562 -0.079588 -0.001390 0.033579 -0.161107 -0.920489 -1.989166 -1.625097 -3.357582 -3.807675 -3.138151 -1.924145 -0.778597 -0.604962 -4.180893 -3.072746 -2.855113 -0.717945 -0.187086 -0.077333 -0.017757 -0.002373 0.272687 0.971686 1.360175 -0.001610 -2.044254 -3.912711 -6.231301 -7.401874 -5.862557 -4.932322 -3.172920 -0.616583 -0.573355 -0.011776 -9999.0 -9999.0 -9999.0
-9999.0 -9999.0 -9999.0 -9999.0 -9999.0 -9999.0 -9999.0 -9999.0 -9999.0 -9999.0 -3.550560 -2.226096 -0.974440 -1.096945 0.415299 0.007065 0.005306 1.437110 3.745395 3.781776 2.393793 0.163309 -0.003988 -0.126743 -0.081765 0.040711 0.612702 -0.021109 -1.015756 -3.116783 -2.643979 -2.107035 -4.217450 -4.326878 -2.593930 -1.767107 -1.144783 -1.314520 -2.121715 -3.108223 -2.452426 -2.769377 -1.569824 -1.384247 -0.559555 -0.244866 -0.054925 -0.017291 1.397019 1.112810 -0.432737 -3.435571 -3.670255 -6.111139 -7.819377 -6.805000 -4.391260 -0.387004 0.674219 0.992838 -9999.0 -9999.0 -9999.0
-9999.0 -9999.0 -9999.0 -9999.0 -9999.0 -9999.0 -9999.0 -9999.0 -1.594606 -2.657393 -3.827876 -2.318546 -1.589648 -1.519898 -1.287438 0.946832 1.560894 2.341789 3.946068 4.169981 4.260087 2.476944 1.511863 0.013791 0.017539 1.344353 0.210386 -0.524630 -2.530309 -4.512013 -6.530930 -4.281127 -2.590598 -3.496644 -3.460108 -2.427873 -0.122002 -0.568101 -2.535112 -4.640395 -3.651136 -1.983948 -3.194758 -4.292211 -2.804132 -0.819112 -2.314843 -0.323959 -0.017347 1.630908 -0.141424 -2.347382 -3.239578 -5.435139 -6.385885 -3.827607 -4.464308 -0.230186 0.002116 2.502914 -9999.0 -9999.0 -9999.0
-9999.0 -9999.0 -9999.0 -9999.0 -9999.0 -9999.0 -9999.0 -9999.0 -2.980299 -1.985865 -2.748379 -3.115636 -2.390288 -1.354811 -0.366518 -0.000279 0.625120 1.147643 4.003885 4.628106 4.631585 3.918278 2.443614 1.087960 1.920358 2.028476 0.006218 -1.297907 -3.317680 -3.067259 -3.585958 -4.286168 -3.412205 -4.137397 -2.403690 -1.384736 -0.121539 -0.141683 -0.284836 -1.529249 -2.693650 -4.664026 -3.993877 -1.462544 -1.325383 -0.680938 -3.486865 -2.007314 -0.201508 0.814640 0.981157 -0.408952 -3.449147 -3.537364 -1.976622 -2.696224 -0.410445 -0.039164 1.595986 4.296759 5.046803 -9999.0 -9999.0
-9999.0 -9999.0 -9999.0 -9999.0 -9999.0 -9999.0 -9999.0 -9999.0 -2.592783 -1.888825 -1.298453 -3.334587 -2.301038 -2.976261 -0.396422 -0.329685 0.003696 0.873086 4.276863 4.765106 5.046288 4.752901 4.005750 3.527790 2.891291 1.764454 0.013555 -0.758303 -3.764147 -2.617784 -3.846229 -2.046560 -1.655223 -1.867093 -2.001142 -0.241948 -0.499183 1.155588 -0.035025 -1.987016 -2.075032 -3.727217 -1.563543 -2.003199 -0.887401 -1.576766 -4.619334 -1.967053 -1.197884 -0.002126 1.882965 -0.135746 -2.457602 -3.320727 -0.251625 -0.449041 0.019639 1.453761 3.495780 3.987092 4.798277 -9999.0 -9999.0
-9999.0 -9999.0 -9999.0 -9999.0 -9999.0 -9999.0 -9999.0 -9999.0 -5.268471 -1.909377 -1.466622 -3.676465 -2.638020 -2.277970 -0.448497 0.004557 2.551424 3.998804 3.038110 4.876104 4.576246 5.028955 4.839512 4.294402 2.594709 0.278225 -0.042372 -1.827562 -0.808563 -2.553427 -0.383821 -2.351101 -1.549193 -0.457895 -0.484384 -0.177803 0.083786 2.444901 0.014695 -0.087422 -0.803191 -0.736453 -1.195442 -2.835148 -1.922674 -3.674707 -1.558465 -3.135953 -1.841185 -0.425051 -0.002885 1.496174 -0.004197 -0.102046 0.042314 0.629345 2.009512 3.154305 4.345959 4.586983 3.503459 1.708457 -9999.0
-9999.0 -9999.0 -9999.0 -9999.0 -9999.0 -9999.0 -9999.0 -9999.0 -3.995565 -1.611013 -1.386452 -1.523262 -2.098378 -1.073208 0.025110 0.904809 1.731819 1.360367 0.023617 1.508670 3.741625 4.586082 4.767254 4.511769 1.875067 0.009292 -0.418523 -0.085121 0.008123 -0.164798 -0.084409 -0.438968 0.458182 0.020123 0.006868 0.049842 1.168272 4.114125 3.419111 0.873225 0.011121 0.004489 -0.069293 -0.003071 -0.411338 -0.234625 -0.151519 -0.559937 -0.117454 -0.001942 0.486702 0.965282 1.258044 0.885504 1.509507 2.013705 2.837535 3.511119 3.514936 3.316543 2.598270 1.026567 -9999.0
-9999.0 -9999.0 -2.361739 -1.645961 -2.666326 -0.707282 -2.033072 -3.116231 -3.052639 -2.523440 -0.812710 -0.928203 -0.986222 -0.003278 0.748219 1.036926 -0.018034 -0.754602 -0.341581 0.006961 1.445621 3.899726 4.027742 5.511157 2.826942 0.909663 0.007112 0.009323 1.138969 0.102302 -0.002179 0.013151 1.781407 1.684502 2.302228 3.010135 4.471977 6.089472 4.967440 2.862795 2.288566 2.300210 2.318971 1.138152 0.003742 0.007280 0.270957 0.645964 1.212860 2.202532 2.930035 3.127533 2.528295 2.123174 2.051528 2.568073 2.246820 2.388973 1.815903 2.099098 0.673698 0.350559 -9999.0
-9999.0 -0.362786 -0.648532 -0.763570 -1.003394 -1.613511 -2.234271 -2.151965 -2.663251 -3.524330 -1.144993 -0.550806 -0.128332 0.231803 0.306383 -0.228009 -0.840406 -1.167716 -0.499132 0.001661 1.330618 2.503176 2.531346 3.335786 3.421358 2.514389 1.771762 2.019158 2.614341 1.805038 1.567578 1.241914 2.059953 3.586022 4.897448 6.245475 7.534979 8.926716 7.657877 6.383344 5.509854 5.231324 4.454071 2.912566 1.931673 2.462366 3.103534 4.024600 4.257211 3.630512 3.669352 3.017843 1.997407 1.393825 1.351282 0.744120 0.385285 0.700633 0.296832 0.044592 -0.006584 0.160848 -9999.0
-9999.0 -0.899394 -1.132181 -0.636765 0.010531 -1.251212 -1.401361 -1.652631 -2.413650 -4.018584 -1.354984 -0.764328 -0.118088 0.341750 -0.080345 -1.829478 -2.715180 -1.277911 -1.344888 -0.761670 0.058306 0.582345 1.120534 1.042396 2.782006 3.695793 4.861299 4.604543 4.245264 4.590585 5.485267 4.944876 3.873465 4.735565 5.786871 8.009775 9.854761 11.099795 10.031658 9.350200 8.518441 7.611161 6.384829 6.689770 7.217709 6.424237 5.683855 5.410337 4.891335 4.305023 2.649024 1.115024 0.469379 0.792023 0.362648 -0.041898 -0.557845 -0.050790 -0.035497 -0.093534 -0.032149 -9999.0 -9999.0
