erum2020/resources/simulation/Vinschgau/output-maps/TL0005N0401.asc
ncols         63
nrows         48
xllcorner     598000.000000
yllcorner     5145000.000000
cellsize      1000.000000
NODATA_value  -9999.0
[rows 0 to 27 of 48, columns 0 to 62 of 63]
-9999.0 -9999.0 -9999.0 -9999.0 -9999.0 -9999.0 -9999.0 -9999.0 -9999.0 -9999.0 -9999.0 -9999.0 -9999.0 -9999.0 -9999.0 -9999.0 -9999.0 -9999.0 -9999.0 -9999.0 -9999.0 -9999.0 -9999.0 -9999.0 -9999.0 -9999.0 -9999.0 -9999.0 -9999.0 -9999.0 -9999.0 -9999.0 -9999.0 -9999.0 -9999.0 -9999.0 -9999.0 -9999.0 -9999.0 -9999.0 -9999.0 -9999.0 -9999.0 -9999.0 -9999.0 -9999.0 -9999.0 -9999.0 -9999.0 -9999.0 -9999.0 -9999.0 -9999.0 -9999.0 -9999.0 -9999.0 -9999.0 -9999.0 -9999.0 -9999.0 -9999.0 -9999.0 -9999.0
-9999.0 -9999.0 -9999.0 -9999.0 -9999.0 -9999.0 -9999.0 -9999.0 -9999.0 -9999.0 -9999.0 -9999.0 -9999.0 -9999.0 -9999.0 -9999.0 -9999.0 -9999.0 -9999.0 -9999.0 -9999.0 -9999.0 -9999.0 -9999.0 -9999.0 -9999.0 -9999.0 11.144332 8.161165 7.487088 -2.580449 -0.874225 -1.366011 -9999.0 -9999.0 -9999.0 -9999.0 -9999.0 -9999.0 -9999.0 -9999.0 -9999.0 -9999.0 -9999.0 -9999.0 -9999.0 -9999.0 -9999.0 -9999.0 -9999.0 -9999.0 -9999.0 -9999.0 -9999.0 -9999.0 -9999.0 -9999.0 -9999.0 -9999.0 -9999.0 -9999.0 -9999.0 -9999.0
-9999.0 -9999.0 -9999.0 -9999.0 -9999.0 -9999.0 -9999.0 -9999.0 -9999.0 -9999.0 -9999.0 -9999.0 -9999.0 -9999.0 -9999.0 -9999.0 -9999.0 -9999.0 -9999.0 -9999.0 -9999.0 -9999.0 -9999.0 -9999.0 8.839110 10.369258 10.822714 9.557912 7.454284 6.988305 -2.756729 -9999.0 -9999.0 -9999.0 -9999.0 -9999.0 -9999.0 -9999.0 -9999.0 -9999.0 -9999.0 -9999.0 -9999.0 -9999.0 -9999.0 -9999.0 -9999.0 -9999.0 -9999.0 -9999.0 -9999.0 -9999.0 -9999.0 -9999.0 -9999.0 -9999.0 -9999.0 -9999.0 -9999.0 -9999.0 -9999.0 -9999.0 -9999.0
-9999.0 -9999.0 -9999.0 -9999.0 -9999.0 -9999.0 -9999.0 -9999.0 -9999.0 -9999.0 -9999.0 -9999.0 -9999.0 -9999.0 -9999.0 -9999.0 -9999.0 -9999.0 -9999.0 -9999.0 -9999.0 -9999.0 -9999.0 9.972722 10.614829 5.701082 6.097567 6.961638 3.552404 9.816902 5.607705 -0.008680 -9999.0 -9999.0 -9999.0 -9999.0 -9999.0 -9999.0 -9999.0 -9999.0 -9999.0 -9999.0 -9999.0 -9999.0 -9999.0 -9999.0 -9999.0 -9999.0 -9999.0 -9999.0 -9999.0 -9999.0 -9999.0 -9999.0 -9999.0 -9999.0 -9999.0 -9999.0 -9999.0 -9999.0 -9999.0 -9999.0 -9999.0
-9999.0 -9999.0 -9999.0 -9999.0 -9999.0 -9999.0 -9999.0 -9999.0 -9999.0 -9999.0 -9999.0 -9999.0 -9999.0 -9999.0 -9999.0 -9999.0 -9999.0 -9999.0 12.025101 11.339371 -9999.0 8.937569 10.431480 6.356146 5.601826 7.448906 7.209007 7.212074 6.815354 5.158665 7.393907 5.491369 6.577315 3.768519 -9999.0 -9999.0 -9999.0 -9999.0 -9999.0 -9999.0 -9999.0 -9999.0 -9999.0 -9999.0 -9999.0 -9999.0 -9999.0 -9999.0 -9999.0 -9999.0 -9999.0 -9999.0 -9999.0 -9999.0 -9999.0 -9999.0 -9999.0 -9999.0 -9999.0 -9999.0 -9999.0 -9999.0 -9999.0
-9999.0 -9999.0 -9999.0 -9999.0 -9999.0 -9999.0 -9999.0 -9999.0 -9999.0 -9999.0 -9999.0 -9999.0 -9999.0 -9999.0 -9999.0 -9999.0 -9999.0 4.867200 4.267425 10.447615 15.096686 2.858611 4.511540 4.921165 11.275234 -0.000600 -0.034423 0.638707 -0.010376 2.563304 8.586293 7.152917 8.760630 6.988488 -1.220149 -0.992164 -9999.0 -9999.0 -9999.0 -9999.0 -9999.0 -9999.0 -9999.0 -9999.0 -9999.0 -9999.0 -9999.0 -9999.0 -9999.0 -9999.0 -9999.0 -9999.0 -9999.0 -9999.0 -9999.0 -9999.0 -9999.0 -9999.0 -9999.0 -9999.0 -9999.0 -9999.0 -9999.0
-9999.0 -9999.0 -9999.0 -9999.0 -9999.0 -9999.0 -9999.0 -9999.0 -9999.0 -9999.0 -9999.0 -9999.0 -9999.0 7.962478 3.545876 1.920570 3.757878 18.825620 4.468652 8.006492 6.279522 6.926030 9.132789 11.062129 -0.001619 4.533037 -1.191763 -0.003720 -1.645087 -0.007841 1.217156 2.365019 2.193837 -1.248076 -1.949378 -1.414219 -9999.0 -9999.0 -9999.0 -9999.0 -9999.0 -9999.0 -9999.0 -9999.0 -9999.0 -9999.0 -9999.0 -9999.0 -9999.0 -9999.0 -9999.0 -9999.0 -9999.0 -9999.0 -9999.0 -9999.0 -9999.0 -9999.0 -9999.0 -9999.0 -9999.0 -9999.0 -9999.0
-9999.0 -9999.0 -9999.0 -9999.0 -9999.0 -9999.0 -9999.0 -9999.0 -9999.0 -9999.0 -9999.0 -9999.0 -9999.0 8.685660 4.268115 2.009908 2.019675 12.168276 19.710409 9.495726 5.813179 8.310387 2.530557 0.313963 2.687741 1.819060 8.217067 -1.821598 -0.781254 -1.262544 -0.564995 -1.085737 -1.106682 -0.688747 -1.151532 -9999.0 -9999.0 -9999.0 -9999.0 -9999.0 -9999.0 -9999.0 -9999.0 -9999.0 -9999.0 -9999.0 -9999.0 -9999.0 -9999.0 -9999.0 -9999.0 -9999.0 -9999.0 -9999.0 -9999.0 -9999.0 -9999.0 -9999.0 -9999.0 -9999.0 -9999.0 -9999.0 -9999.0
-9999.0 -9999.0 -9999.0 -9999.0 -9999.0 -9999.0 -9999.0 -9999.0 -9999.0 -9999.0 -9999.0 -9999.0 -9999.0 4.208827 7.510209 3.317650 0.610998 2.862239 18.683274 4.536676 10.531887 2.366718 0.037837 -0.004277 4.547205 3.807928 7.899637 -0.915955 7.942938 -0.192388 -1.299634 -0.375356 -0.358455 -4.589700 -0.934452 -9999.0 -9999.0 -9999.0 -9999.0 -9999.0 -9999.0 -9999.0 -9999.0 -9999.0 -9999.0 -9999.0 -9999.0 -9999.0 -9999.0 -9999.0 -9999.0 -9999.0 -9999.0 -9999.0 -9999.0 -9999.0 -9999.0 -9999.0 -9999.0 -9999.0 -9999.0 -9999.0 -9999.0
-9999.0 -9999.0 -9999.0 -9999.0 -9999.0 -9999.0 -9999.0 -9999.0 -9999.0 -9999.0 -9999.0 -9999.0 3.801488 7.032283 2.166541 2.106194 -0.128157 1.223239 13.140148 10.991220 4.183980 -0.450328 1.548588 -0.105442 1.985395 -1.511731 -0.420755 5.961856 6.646027 -1.068096 -0.146260 6.295678 4.395820 -2.325186 -9999.0 -9999.0 -9999.0 -9999.0 -9999.0 -9999.0 -9999.0 -9999.0 -9999.0 -9999.0 -9999.0 -9999.0 -9999.0 -9999.0 -9999.0 -9999.0 -9999.0 -9999.0 -9999.0 -9999.0 -9999.0 -9999.0 -9999.0 -9999.0 -9999.0 -9999.0 -9999.0 -9999.0 -9999.0
-9999.0 -9999.0 -9999.0 -9999.0 -9999.0 -9999.0 -9999.0 -9999.0 -9999.0 -9999.0 -9999.0 5.612335 0.630984 1.065336 -0.003715 -0.460270 0.359257 0.455092 12.332736 5.680552 2.088976 3.069320 6.780744 -1.683127 2.003256 5.229561 -0.505877 5.994898 5.527567 -0.874062 4.830732 6.259594 5.986281 3.507283 4.951210 4.938767 11.336793 12.487138 13.916263 -9999.0 -9999.0 -9999.0 3.340629 -9999.0 -9999.0 -9999.0 -9999.0 -9999.0 -9999.0 -9999.0 -9999.0 -9999.0 -9999.0 -9999.0 -9999.0 -9999.0 -9999.0 -9999.0 -9999.0 -9999.0 -9999.0 -9999.0 -9999.0
-9999.0 -9999.0 -9999.0 -9999.0 -9999.0 -9999.0 -9999.0 -9999.0 -9999.0 -9999.0 -9999.0 4.384016 -0.005670 1.705563 1.599806 -0.790359 3.687611 2.038745 12.341414 10.447497 12.244886 10.953276 8.640639 -0.007287 -0.004061 5.294927 8.204264 7.384837 6.813279 -1.708307 5.745411 6.791176 7.782079 4.263001 5.614587 4.244120 9.128937 15.266588 14.343334 14.034525 14.010545 8.313223 4.405777 9.932290 -9999.0 -9999.0 -9999.0 -0.659769 -1.350645 -1.299469 4.409102 -1.680301 -0.513473 -0.024527 -0.011468 -0.020522 -9999.0 -9999.0 -9999.0 -9999.0 -9999.0 -9999.0 -9999.0
-9999.0 -9999.0 -9999.0 -9999.0 -9999.0 -9999.0 -9999.0 -9999.0 -9999.0 -9999.0 -9999.0 6.327315 -0.813283 -0.000727 4.126071 6.942310 0.354257 0.091555 10.200592 11.306236 1.707956 3.203252 2.367314 7.772800 -1.434521 11.952144 2.555808 0.486811 4.330611 -2.256043 -1.819178 -0.000591 7.081967 6.222522 9.594732 5.831715 0.749403 4.907957 16.430454 14.654659 13.083159 8.636300 6.397784 8.630622 6.771341 -9999.0 -0.291665 -0.231882 6.754934 8.399384 9.568820 10.797621 9.896261 9.589600 9.222507 -1.371365 -9999.0 -9999.0 -9999.0 -9999.0 -9999.0 -9999.0 -9999.0
-9999.0 -9999.0 -9999.0 -9999.0 -9999.0 -9999.0 -9999.0 -9999.0 -9999.0 -9999.0 -9999.0 -9999.0 -1.514430 -0.028407 9.027983 8.360762 -0.055322 0.184632 12.360736 11.450992 2.558770 4.353176 4.249977 2.938353 1.297875 2.630488 9.561840 4.231480 6.215141 6.744375 5.884318 0.133626 9.242603 4.747051 -0.022002 4.082840 -0.005870 3.207484 18.315425 13.661575 14.337058 16.607616 1.011324 9.904720 12.143569 7.711646 5.978009 -2.361781 0.014763 2.158181 3.831709 -0.094171 2.277401 -0.378792 -0.008209 -0.009677 -0.017579 -9999.0 -9999.0 -9999.0 -9999.0 -9999.0 -9999.0
-9999.0 -9999.0 -9999.0 -9999.0 -9999.0 -9999.0 -9999.0 -9999.0 -9999.0 -9999.0 -9999.0 -0.004056 -0.374321 1.252718 0.041910 0.061981 1.907490 0.381302 12.892268 4.093354 3.504023 2.486932 3.350455 2.671170 2.953727 2.796706 0.742655 -1.613489 8.533278 8.121767 1.319266 1.668872 8.454181 4.540996 -2.687914 3.831822 5.859448 1.145582 1.843045 17.112007 5.432472 6.928142 3.922252 3.257513 11.109005 7.418687 6.780945 8.901562 8.617361 4.440514 -1.434457 -0.017372 -0.012306 -0.031474 -0.029682 -0.038587 -0.333519 -9999.0 -9999.0 -9999.0 -9999.0 -9999.0 -9999.0
-9999.0 -9999.0 -9999.0 -9999.0 -9999.0 -9999.0 -9999.0 -9999.0 -9999.0 -9999.0 5.683273 1.549539 9.257754 8.865992 8.819627 1.878958 0.889822 0.581834 3.938236 4.559027 12.033693 9.263592 1.817675 12.932867 5.074739 1.829551 1.386493 1.401093 11.357089 11.149674 2.597721 1.305879 5.490287 4.845034 -2.361818 4.458578 9.180072 -0.015249 -0.154350 5.175419 6.146943 6.484183 13.425992 2.111880 3.105101 13.070470 7.114197 2.135027 3.344301 4.578126 1.673045 -0.029622 -0.031518 -0.033351 -0.030082 7.591924 7.659696 -9999.0 -9999.0 -9999.0 -9999.0 -9999.0 -9999.0
-9999.0 -9999.0 -9999.0 -9999.0 -9999.0 -9999.0 -9999.0 -9999.0 -9999.0 -1.221766 3.553796 0.318741 1.958793 1.490799 1.778607 1.536088 -0.013384 10.581618 4.952677 5.363849 12.941275 5.129749 4.334876 6.825627 3.971982 1.014213 2.764977 11.657651 4.463860 5.099685 5.586003 -0.028429 -1.586852 -0.812689 4.692870 5.032380 4.160859 -0.014380 -0.024939 1.066871 0.635565 0.435053 0.672059 3.604377 3.308766 4.362957 12.641957 5.824685 3.763078 4.645927 2.366795 -1.990304 -0.038183 -0.025322 -0.136980 0.143021 1.466490 9.853747 -1.543050 -9999.0 -9999.0 -9999.0 -9999.0
-9999.0 -9999.0 -9999.0 -9999.0 -9999.0 -9999.0 -9999.0 -9999.0 -9999.0 -0.855735 -1.237231 5.075780 9.540018 3.633549 3.100573 2.364249 10.423236 5.219704 6.210211 17.388883 16.670971 17.536782 9.817927 9.890845 1.333161 3.698082 4.384129 5.408987 6.762376 6.592249 6.772728 -0.035255 4.899906 5.943196 5.990188 14.829658 14.525984 13.337267 5.589324 5.383291 -0.006024 -0.437498 2.812369 3.835853 3.363993 6.899851 7.537800 7.593417 6.253996 5.643695 0.532189 0.293708 -0.024479 -0.008136 -0.026673 -0.015098 2.332151 3.762439 11.922217 -9999.0 -9999.0 -9999.0 -9999.0
-9999.0 -9999.0 -9999.0 -9999.0 -9999.0 -9999.0 -9999.0 -9999.0 -9999.0 -9999.0 -1.768503 6.485272 1.453353 1.043439 5.500578 3.658921 3.903647 6.713536 7.366204 10.060548 13.018697 5.434528 2.607543 1.788336 3.623992 5.249462 6.477627 7.620788 7.370502 -0.004854 -0.007778 0.660489 -1.990054 -1.256993 7.550030 8.851863 12.299656 10.808129 12.232692 -1.864138 -0.709385 9.322972 6.837391 0.997545 0.419600 1.970647 2.174624 8.788288 8.703418 6.556741 0.944240 2.988930 7.635761 -0.037658 -0.012310 -0.007735 -0.190873 4.860435 5.656975 6.577382 -9999.0 -9999.0 -9999.0
-9999.0 -9999.0 -9999.0 -9999.0 -9999.0 -9999.0 -9999.0 -9999.0 -9999.0 -9999.0 -2.022791 5.736000 6.285293 2.531522 11.881368 3.358628 3.762630 5.349118 9.088463 11.743066 7.750632 5.453168 3.449025 6.243857 5.162826 7.794674 8.288797 2.683043 0.136673 -1.645194 -1.443802 6.169878 1.645448 -1.173656 -1.577977 3.958046 2.607887 3.045655 0.388737 -1.747410 6.628042 7.513506 -0.006322 -1.563275 6.519531 0.932989 2.429786 1.734045 4.809655 9.048744 6.615228 3.377961 2.383020 9.047554 -0.457389 2.402965 -0.011045 3.727465 6.957789 9.110518 -9999.0 -9999.0 -9999.0
-9999.0 -9999.0 -9999.0 -9999.0 -9999.0 -9999.0 -9999.0 -9999.0 11.134828 10.895357 8.740310 5.634032 1.305383 2.004162 0.859352 4.026965 6.577123 18.059605 13.088262 12.985563 10.099800 8.505807 6.894982 4.492494 6.989617 6.796742 11.482592 1.186641 1.552664 -0.002205 -0.151590 -1.801609 6.311372 -1.817133 6.036159 -0.285810 7.416802 2.783759 -0.434146 11.969967 -2.013186 2.882168 -1.520201 -0.121730 13.043410 6.713111 -0.592354 1.344541 2.722965 6.460016 7.136669 3.665490 3.374268 -0.002395 9.256490 11.381122 11.346317 12.260420 9.024424 8.756060 -9999.0 -9999.0 -9999.0
-9999.0 -9999.0 -9999.0 -9999.0 -9999.0 -9999.0 -9999.0 -9999.0 1.352071 2.556351 1.442389 -0.586160 -0.412905 2.135174 1.775734 3.041656 5.004115 5.715773 9.910771 13.548072 22.910202 21.472080 19.308549 17.697639 7.554375 7.037622 3.469425 3.138939 1.550560 9.333667 8.530354 13.587541 7.623614 8.213951 7.690366 7.827639 9.877689 3.825158 2.155259 7.822440 -0.627303 -0.085467 -0.528399 7.696738 9.602316 0.836712 -1.444025 5.071644 3.159934 5.412213 9.722683 5.861006 2.057810 10.749063 12.192709 6.395968 5.758349 8.168336 11.033673 12.785581 14.150216 -9999.0 -9999.0
-9999.0 -9999.0 -9999.0 -9999.0 -9999.0 -9999.0 -9999.0 -9999.0 -1.388228 8.002430 9.064524 1.552044 8.830350 1.332407 3.891739 3.051003 5.202041 9.166526 10.608738 20.827267 14.369155 21.415658 21.770604 13.681818 17.044375 6.533078 4.070814 1.386518 3.904728 10.559956 13.392595 9.271408 1.396361 2.043885 8.138443 10.633016 2.980201 4.318104 0.609160 2.023488 5.539245 5.846627 7.253334 5.863239 -0.365091 -0.008788 13.365015 9.944959 -0.004893 4.480836 7.656709 8.862158 4.019629 3.630718 8.558046 7.685064 10.287375 10.840237 12.886925 12.725675 13.145857 -9999.0 -9999.0
-9999.0 -9999.0 -9999.0 -9999.0 -9999.0 -9999.0 -9999.0 -9999.0 -0.516571 7.554997 2.875279 4.169287 10.349054 3.349976 2.821831 5.344601 8.663636 8.797322 9.510424 9.974257 12.798003 13.854569 20.848635 20.404142 7.664287 4.845217 2.849172 1.568464 12.646363 4.127614 3.589437 3.112193 4.747868 4.382238 3.053703 12.926973 12.722993 5.272755 2.406084 3.196310 9.964983 8.639609 9.054136 16.062272 10.591896 14.130962 11.873319 15.977644 12.330507 5.359989 5.755344 9.599764 10.308169 7.559396 11.152444 11.748581 12.338649 10.143959 11.249062 12.961293 11.173391 7.786746 -9999.0
-9999.0 -9999.0 -9999.0 -9999.0 -9999.0 -9999.0 -9999.0 -9999.0 5.027128 7.289394 2.790499 2.499996 3.319283 3.845499 13.141064 9.450226 9.025084 5.814133 3.753269 6.100399 8.729897 12.593068 13.692863 13.394586 17.909743 5.124971 2.770158 5.646840 6.762631 5.622812 2.100615 4.257817 6.705109 5.048968 4.823092 5.654703 6.219377 7.012323 6.029480 5.247382 4.940917 4.690079 5.023988 5.430707 3.363423 12.736409 4.882962 5.384589 5.548194 8.669867 11.333459 9.974158 10.571393 13.280514 13.026867 12.492643 13.298582 12.957625 11.469250 11.325112 8.690971 6.976530 -9999.0
-9999.0 -9999.0 11.172893 10.960313 1.365951 3.195667 2.534747 1.944345 8.062370 7.393308 3.011539 3.654439 4.795081 8.064531 15.515607 6.064099 4.300521 1.988969 3.401718 3.628145 6.566923 8.462420 11.063372 11.378689 10.603601 7.341633 5.235161 5.209856 6.046150 13.102664 3.782138 3.262554 10.962280 4.997405 8.464986 6.254271 10.283681 9.043033 7.571660 5.394348 8.030804 8.316967 5.128319 7.658208 3.385222 6.018415 7.865105 4.867197 9.790799 11.463589 13.081836 13.049002 13.379625 13.497592 13.178223 19.541043 11.182079 10.976185 9.997933 8.296894 12.252652 5.779580 -9999.0
-9999.0 3.762812 3.367721 3.263354 3.346570 2.769368 1.967342 -0.002535 -0.010663 8.128595 2.529563 2.658433 5.342145 13.142333 13.026648 3.410089 2.906858 2.789000 4.183021 4.753175 7.385300 6.944056 13.593756 8.895847 20.013589 13.136944 18.886838 17.937926 10.202577 8.506340 9.645882 8.754332 7.986587 13.685508 10.919294 11.856326 13.215225 11.753802 12.650788 11.585535 11.466933 10.839103 9.521032 6.816667 6.354739 6.888779 8.283744 8.976054 12.320002 9.043025 12.053131 12.106930 10.802166 10.370869 10.027424 10.200296 7.690500 7.261826 8.116346 9.518187 4.875053 5.082147 -9999.0
-9999.0 7.420495 3.551260 4.241017 11.636326 3.504758 0.795816 2.512393 11.089538 11.359012 3.298778 3.514126 6.057450 13.314822 5.067458 1.646209 1.715207 3.409414 4.359397 4.039052 9.489404 6.269557 6.416187 9.087988 18.265607 21.850631 11.746465 14.093243 11.393997 9.699144 11.717845 10.835229 9.379512 9.182320 15.307141 12.810424 22.290334 24.075222 15.089071 14.983593 13.742140 12.283080 11.077007 10.451159 12.215084 12.417169 12.283731 12.467035 11.424675 11.741187 9.609643 7.262263 7.157685 8.649006 8.297346 6.030924 6.097453 4.498763 3.807807 3.676412 4.021270 -9999.0 -9999.0
