erum2020/resources/simulation/Vinschgau/output-maps/TL0007N0559.asc
ncols         63
nrows         48
xllcorner     598000.000000
yllcorner     5145000.000000
cellsize      1000.000000
NODATA_value  -9999.0
[rows 0 to 27 of 48, columns 0 to 62 of 63]
-9999.0 -9999.0 -9999.0 -9999.0 -9999.0 -9999.0 -9999.0 -9999.0 -9999.0 -9999.0 -9999.0 -9999.0 -9999.0 -9999.0 -9999.0 -9999.0 -9999.0 -9999.0 -9999.0 -9999.0 -9999.0 -9999.0 -9999.0 -9999.0 -9999.0 -9999.0 -9999.0 -9999.0 -9999.0 -9999.0 -9999.0 -9999.0 -9999.0 -9999.0 -9999.0 -9999.0 -9999.0 -9999.0 -9999.0 -9999.0 -9999.0 -9999.0 -9999.0 -9999.0 -9999.0 -9999.0 -9999.0 -9999.0 -9999.0 -9999.0 -9999.0 -9999.0 -9999.0 -9999.0 -9999.0 -9999.0 -9999.0 -9999.0 -9999.0 -9999.0 -9999.0 -9999.0 -9999.0
-9999.0 -9999.0 -9999.0 -9999.0 -9999.0 -9999.0 -9999.0 -9999.0 -9999.0 -9999.0 -9999.0 -9999.0 -9999.0 -9999.0 -9999.0 -9999.0 -9999.0 -9999.0 -9999.0 -9999.0 -9999.0 -9999.0 -9999.0 -9999.0 -9999.0 -9999.0 -9999.0 9.625646 9.895715 9.586338 8.749844 8.517801 8.523812 -9999.0 -9999.0 -9999.0 -9999.0 -9999.0 -9999.0 -9999.0 -9999.0 -9999.0 -9999.0 -9999.0 -9999.0 -9999.0 -9999.0 -9999.0 -9999.0 -9999.0 -9999.0 -9999.0 -9999.0 -9999.0 -9999.0 -9999.0 -9999.0 -9999.0 -9999.0 -9999.0 -9999.0 -9999.0 -9999.0
-9999.0 -9999.0 -9999.0 -9999.0 -9999.0 -9999.0 -9999.0 -9999.0 -9999.0 -9999.0 -9999.0 -9999.0 -9999.0 -9999.0 -9999.0 -9999.0 -9999.0 -9999.0 -9999.0 -9999.0 -9999.0 -9999.0 -9999.0 -9999.0 10.131727 10.993360 11.015288 11.112970 9.827722 9.360685 8.693615 -9999.0 -9999.0 -9999.0 -9999.0 -9999.0 -9999.0 -9999.0 -9999.0 -9999.0 -9999.0 -9999.0 -9999.0 -9999.0 -9999.0 -9999.0 -9999.0 -9999.0 -9999.0 -9999.0 -9999.0 -9999.0 -9999.0 -9999.0 -9999.0 -9999.0 -9999.0 -9999.0 -9999.0 -9999.0 -9999.0 -9999.0 -9999.0
-9999.0 -9999.0 -9999.0 -9999.0 -9999.0 -9999.0 -9999.0 -9999.0 -9999.0 -9999.0 -9999.0 -9999.0 -9999.0 -9999.0 -9999.0 -9999.0 -9999.0 -9999.0 -9999.0 -9999.0 -9999.0 -9999.0 -9999.0 10.649998 11.161625 11.098592 11.673681 11.672641 10.657532 10.893212 9.529571 8.344460 -9999.0 -9999.0 -9999.0 -9999.0 -9999.0 -9999.0 -9999.0 -9999.0 -9999.0 -9999.0 -9999.0 -9999.0 -9999.0 -9999.0 -9999.0 -9999.0 -9999.0 -9999.0 -9999.0 -9999.0 -9999.0 -9999.0 -9999.0 -9999.0 -9999.0 -9999.0 -9999.0 -9999.0 -9999.0 -9999.0 -9999.0
-9999.0 -9999.0 -9999.0 -9999.0 -9999.0 -9999.0 -9999.0 -9999.0 -9999.0 -9999.0 -9999.0 -9999.0 -9999.0 -9999.0 -9999.0 -9999.0 -9999.0 -9999.0 12.606311 10.024272 -9999.0 10.136218 10.511589 10.882162 11.773981 13.176679 14.253541 14.212854 12.729595 11.320993 10.462713 8.965991 8.495814 7.185346 -9999.0 -9999.0 -9999.0 -9999.0 -9999.0 -9999.0 -9999.0 -9999.0 -9999.0 -9999.0 -9999.0 -9999.0 -9999.0 -9999.0 -9999.0 -9999.0 -9999.0 -9999.0 -9999.0 -9999.0 -9999.0 -9999.0 -9999.0 -9999.0 -9999.0 -9999.0 -9999.0 -9999.0 -9999.0
-9999.0 -9999.0 -9999.0 -9999.0 -9999.0 -9999.0 -9999.0 -9999.0 -9999.0 -9999.0 -9999.0 -9999.0 -9999.0 -9999.0 -9999.0 -9999.0 -9999.0 11.279278 9.450112 9.466014 10.253194 5.579081 10.122851 11.653178 15.251157 8.472809 7.243512 9.438003 7.529820 10.386544 10.665645 9.219867 9.558728 9.208408 8.050783 7.282189 -9999.0 -9999.0 -9999.0 -9999.0 -9999.0 -9999.0 -9999.0 -9999.0 -9999.0 -9999.0 -9999.0 -9999.0 -9999.0 -9999.0 -9999.0 -9999.0 -9999.0 -9999.0 -9999.0 -9999.0 -9999.0 -9999.0 -9999.0 -9999.0 -9999.0 -9999.0 -9999.0
-9999.0 -9999.0 -9999.0 -9999.0 -9999.0 -9999.0 -9999.0 -9999.0 -9999.0 -9999.0 -9999.0 -9999.0 -9999.0 9.595981 9.522417 9.003555 10.447834 19.984251 10.991955 11.113076 11.537942 12.437895 13.543544 15.203493 8.161151 10.000866 5.922228 4.162171 5.136816 6.727373 8.075745 8.883679 8.632778 7.879350 7.759923 6.600977 -9999.0 -9999.0 -9999.0 -9999.0 -9999.0 -9999.0 -9999.0 -9999.0 -9999.0 -9999.0 -9999.0 -9999.0 -9999.0 -9999.0 -9999.0 -9999.0 -9999.0 -9999.0 -9999.0 -9999.0 -9999.0 -9999.0 -9999.0 -9999.0 -9999.0 -9999.0 -9999.0
-9999.0 -9999.0 -9999.0 -9999.0 -9999.0 -9999.0 -9999.0 -9999.0 -9999.0 -9999.0 -9999.0 -9999.0 -9999.0 10.042107 10.368967 9.181765 8.978538 16.186302 19.868454 13.684350 10.745152 13.998432 9.612849 8.970483 10.828200 9.327761 9.740606 8.808866 8.772393 4.640398 4.077326 7.870111 7.620023 6.279307 6.918750 -9999.0 -9999.0 -9999.0 -9999.0 -9999.0 -9999.0 -9999.0 -9999.0 -9999.0 -9999.0 -9999.0 -9999.0 -9999.0 -9999.0 -9999.0 -9999.0 -9999.0 -9999.0 -9999.0 -9999.0 -9999.0 -9999.0 -9999.0 -9999.0 -9999.0 -9999.0 -9999.0 -9999.0
-9999.0 -9999.0 -9999.0 -9999.0 -9999.0 -9999.0 -9999.0 -9999.0 -9999.0 -9999.0 -9999.0 -9999.0 -9999.0 9.443097 11.589630 10.938316 8.234905 9.501256 19.994380 10.657595 13.529189 9.761350 7.809173 7.369030 10.356145 9.095978 9.884714 7.994167 8.783303 8.065509 7.619823 5.938095 5.984811 0.879564 6.636928 -9999.0 -9999.0 -9999.0 -9999.0 -9999.0 -9999.0 -9999.0 -9999.0 -9999.0 -9999.0 -9999.0 -9999.0 -9999.0 -9999.0 -9999.0 -9999.0 -9999.0 -9999.0 -9999.0 -9999.0 -9999.0 -9999.0 -9999.0 -9999.0 -9999.0 -9999.0 -9999.0 -9999.0
-9999.0 -9999.0 -9999.0 -9999.0 -9999.0 -9999.0 -9999.0 -9999.0 -9999.0 -9999.0 -9999.0 -9999.0 8.281115 10.839909 10.091334 7.916640 6.471056 8.526814 16.760457 10.713466 10.857650 7.454780 6.640389 5.034157 8.314191 8.517335 6.327511 8.412115 9.196061 7.495916 6.417494 8.840389 7.516592 6.180570 -9999.0 -9999.0 -9999.0 -9999.0 -9999.0 -9999.0 -9999.0 -9999.0 -9999.0 -9999.0 -9999.0 -9999.0 -9999.0 -9999.0 -9999.0 -9999.0 -9999.0 -9999.0 -9999.0 -9999.0 -9999.0 -9999.0 -9999.0 -9999.0 -9999.0 -9999.0 -9999.0 -9999.0 -9999.0
-9999.0 -9999.0 -9999.0 -9999.0 -9999.0 -9999.0 -9999.0 -9999.0 -9999.0 -9999.0 -9999.0 9.299081 7.561367 7.759168 6.897654 8.814138 5.883449 7.860208 16.457302 10.131320 8.189368 10.471768 9.598899 9.485427 5.535600 9.297556 7.508192 9.796307 8.818149 6.292617 8.964381 9.486419 8.422786 7.607358 8.860441 9.861684 11.843601 12.957395 12.860142 -9999.0 -9999.0 -9999.0 8.760968 -9999.0 -9999.0 -9999.0 -9999.0 -9999.0 -9999.0 -9999.0 -9999.0 -9999.0 -9999.0 -9999.0 -9999.0 -9999.0 -9999.0 -9999.0 -9999.0 -9999.0 -9999.0 -9999.0 -9999.0
-9999.0 -9999.0 -9999.0 -9999.0 -9999.0 -9999.0 -9999.0 -9999.0 -9999.0 -9999.0 -9999.0 8.283425 6.969819 7.220927 7.303960 7.988728 8.586852 8.993364 16.501849 13.721065 13.701945 10.824251 9.756855 3.699772 2.313615 9.280657 9.631328 10.127120 9.225576 6.891225 9.656050 8.771409 9.170891 8.240044 9.333441 10.964688 14.550215 15.002676 13.392583 11.521104 11.808927 11.256941 10.379406 9.101546 -9999.0 -9999.0 -9999.0 7.373219 8.267047 9.268631 8.876816 8.548721 8.149160 7.807835 8.146937 7.846832 -9999.0 -9999.0 -9999.0 -9999.0 -9999.0 -9999.0 -9999.0
-9999.0 -9999.0 -9999.0 -9999.0 -9999.0 -9999.0 -9999.0 -9999.0 -9999.0 -9999.0 -9999.0 8.714344 8.816510 3.590163 8.982513 8.907345 4.183243 6.261743 13.773620 14.946818 7.773063 8.128064 2.749374 10.137423 9.058073 10.336185 4.685987 6.345339 8.822201 7.743112 9.378705 2.704119 10.503633 8.687990 11.230160 12.356659 9.967142 10.976748 15.291784 12.416525 13.481708 11.520312 11.325623 10.342097 8.411475 -9999.0 7.732033 8.805846 9.737388 10.370187 10.588531 10.685376 10.178974 9.898536 9.718977 9.468311 -9999.0 -9999.0 -9999.0 -9999.0 -9999.0 -9999.0 -9999.0
-9999.0 -9999.0 -9999.0 -9999.0 -9999.0 -9999.0 -9999.0 -9999.0 -9999.0 -9999.0 -9999.0 -9999.0 8.938976 3.394587 9.064341 9.271261 4.068577 6.356072 14.655953 15.168046 8.381468 8.859484 8.536642 5.451017 2.717006 2.478068 11.401838 9.233258 9.015104 9.426967 9.863619 4.318277 10.794453 9.869012 9.629309 11.640896 8.981609 11.477956 20.088579 13.164213 15.064187 14.079918 8.386856 11.584700 9.330447 8.471869 8.805067 9.120274 2.826784 8.159498 9.415865 7.261614 7.969358 2.191714 3.101270 9.209575 9.466929 -9999.0 -9999.0 -9999.0 -9999.0 -9999.0 -9999.0
-9999.0 -9999.0 -9999.0 -9999.0 -9999.0 -9999.0 -9999.0 -9999.0 -9999.0 -9999.0 -9999.0 3.246180 8.606589 9.226026 3.667813 3.695846 7.312594 6.578190 15.267256 10.194591 8.971902 7.832880 8.700823 3.346161 5.531456 8.776670 7.387791 8.576356 9.569061 10.425110 5.099053 7.573355 10.871884 9.334330 8.927244 10.773362 12.185275 10.439907 11.568201 17.183045 9.912533 10.978198 10.162126 9.522018 11.720935 8.789136 9.821399 10.432421 11.043883 9.665489 2.331096 8.857169 1.466678 2.094228 2.563788 8.210902 9.516602 -9999.0 -9999.0 -9999.0 -9999.0 -9999.0 -9999.0
-9999.0 -9999.0 -9999.0 -9999.0 -9999.0 -9999.0 -9999.0 -9999.0 -9999.0 -9999.0 10.051179 3.212638 9.783042 9.759165 10.352395 7.776091 7.529378 6.541799 9.788655 10.579784 14.624392 13.191593 6.281779 12.484926 9.430722 8.558185 2.007409 2.621288 10.404115 10.850091 8.459480 7.717916 9.418599 8.169765 7.480504 10.964516 12.337178 9.176482 8.596041 12.178089 12.094266 11.829229 18.214737 9.153661 8.717814 10.407418 10.225342 8.163832 8.984031 9.414219 3.047438 8.714718 2.698506 7.099858 8.757926 10.219632 9.708038 -9999.0 -9999.0 -9999.0 -9999.0 -9999.0 -9999.0
-9999.0 -9999.0 -9999.0 -9999.0 -9999.0 -9999.0 -9999.0 -9999.0 -9999.0 9.207908 9.730487 4.325110 7.345775 3.516195 4.582043 6.825421 3.462849 13.168340 9.981768 11.101423 15.856735 8.950618 8.446624 11.040803 9.993790 4.041529 2.419188 11.076055 8.940193 9.680182 9.875248 1.115292 8.328742 7.334272 8.813955 9.559725 10.330242 4.674558 7.787521 8.687745 8.411934 7.257594 7.098576 10.349199 9.262218 9.007932 14.060840 8.057417 8.414931 10.410385 1.748536 8.769258 6.211321 8.240878 9.505419 2.823271 1.909571 10.135461 9.596182 -9999.0 -9999.0 -9999.0 -9999.0
-9999.0 -9999.0 -9999.0 -9999.0 -9999.0 -9999.0 -9999.0 -9999.0 -9999.0 8.722136 9.074787 9.665027 13.142752 8.441238 5.176608 3.685242 11.775627 9.802955 10.861917 17.750143 17.443464 17.065453 14.800336 13.075457 1.414183 5.594542 5.197669 9.889078 11.251173 13.161210 11.676624 2.444776 9.187647 8.177474 9.509559 11.300068 11.668098 12.305360 10.211398 11.644776 7.261765 2.024932 8.821102 10.484504 10.289205 12.157242 11.874409 11.033917 10.481068 10.366024 1.703363 2.139958 7.907686 8.758124 9.511436 2.505689 3.449751 6.301295 11.170274 -9999.0 -9999.0 -9999.0 -9999.0
-9999.0 -9999.0 -9999.0 -9999.0 -9999.0 -9999.0 -9999.0 -9999.0 -9999.0 -9999.0 9.376074 9.904014 8.213847 7.459550 9.457376 8.287873 9.114247 11.349372 11.834847 13.811855 16.860053 10.060973 8.159525 2.046928 5.794520 10.000095 11.205013 11.590723 11.710934 1.477520 3.994548 4.354931 1.531239 8.850148 10.119335 10.385544 11.636251 11.358314 10.369279 8.879974 8.948096 11.882647 12.480616 8.458908 7.731352 8.371654 9.355981 15.396731 12.733656 10.472485 6.326272 7.193097 8.841714 8.950095 8.602968 9.836091 11.392728 11.042974 11.059491 11.340119 -9999.0 -9999.0 -9999.0
-9999.0 -9999.0 -9999.0 -9999.0 -9999.0 -9999.0 -9999.0 -9999.0 -9999.0 -9999.0 9.465124 9.918042 10.154806 8.812285 15.410043 8.637513 8.476470 10.515250 12.905242 14.177594 11.346135 9.698293 8.245405 7.446015 9.757886 11.839863 12.571925 8.671665 1.663070 2.052448 9.226374 10.032919 2.720694 7.760166 9.211282 9.771835 8.277559 8.191285 2.096987 8.151799 9.667006 10.472931 6.828196 9.747977 10.834286 6.684370 8.980006 8.341628 10.662783 12.899470 10.781255 2.223429 3.101701 9.791423 8.496392 9.645545 9.875394 9.806158 11.752466 13.745335 -9999.0 -9999.0 -9999.0
-9999.0 -9999.0 -9999.0 -9999.0 -9999.0 -9999.0 -9999.0 -9999.0 10.348678 9.825294 9.781942 9.949678 5.912216 6.119927 7.335573 10.339449 10.975544 18.128974 14.938292 14.834345 13.018239 12.072185 11.094180 9.486003 11.435274 11.551039 14.653426 7.013066 5.277580 1.714854 8.434531 9.268159 9.302817 8.894630 9.451077 9.094087 11.223451 8.153114 2.002281 8.421978 9.608671 9.689586 2.681257 9.106343 11.078179 12.180575 2.070755 8.286812 8.874378 13.273780 11.522123 8.585569 2.102240 2.364405 10.307412 11.460176 11.911740 13.993699 12.712766 13.391267 -9999.0 -9999.0 -9999.0
-9999.0 -9999.0 -9999.0 -9999.0 -9999.0 -9999.0 -9999.0 -9999.0 3.907278 3.970694 1.628602 9.489143 9.848247 8.841941 7.079983 9.000152 10.066387 10.659216 13.317782 15.525290 21.729531 19.638834 17.956149 16.926568 11.831231 11.913332 9.827224 8.848234 2.322182 9.425106 9.194595 10.045479 9.543234 9.714338 9.826089 10.525057 12.312751 8.903809 2.766092 9.286614 8.400638 7.700501 9.121162 10.222015 11.327540 1.934917 1.751791 10.399921 9.410390 10.981618 13.544484 10.929108 2.048461 11.725224 12.815835 10.711479 10.674970 12.106484 14.491533 16.833749 17.326326 -9999.0 -9999.0
-9999.0 -9999.0 -9999.0 -9999.0 -9999.0 -9999.0 -9999.0 -9999.0 9.731631 11.144374 9.738964 2.124225 10.764200 1.774505 6.822932 7.463483 9.606226 13.057326 13.717660 21.409606 16.050936 20.392728 20.036589 15.030908 18.643485 11.295161 9.109089 1.668467 2.516839 10.072440 10.406155 10.806307 1.546868 2.158481 10.646388 11.556991 1.677361 8.939946 1.370324 2.408524 9.024811 9.459300 9.803531 10.180724 1.833533 9.952118 9.577470 10.683650 3.321332 9.628949 13.165686 12.760389 0.935115 1.804506 12.463978 13.271354 14.174537 14.891426 16.409460 16.200231 17.036315 -9999.0 -9999.0
-9999.0 -9999.0 -9999.0 -9999.0 -9999.0 -9999.0 -9999.0 -9999.0 9.426876 10.641787 9.070651 2.392968 10.851888 4.519126 8.309684 10.055139 12.270195 13.860518 16.999169 13.840276 15.654191 16.162048 20.668175 19.952875 12.264922 10.013961 7.887463 3.779170 11.416063 8.657871 5.038736 4.913696 9.171902 9.089035 1.171651 11.455797 12.460305 9.980758 7.117101 2.960119 9.077839 9.921233 10.178468 10.268469 9.667197 10.270642 10.788756 11.361204 12.161529 9.907368 11.154001 13.881537 13.925760 13.449534 14.929059 15.481378 16.074117 14.843590 15.608590 16.949420 15.582479 12.497341 -9999.0
-9999.0 -9999.0 -9999.0 -9999.0 -9999.0 -9999.0 -9999.0 -9999.0 9.396490 10.750474 9.686204 7.506663 8.623190 9.399379 15.565294 13.764003 16.036124 11.176964 9.847155 11.402020 13.373820 16.012827 16.191545 16.046170 17.726373 9.694894 7.318944 9.873273 10.836867 10.178885 7.008401 9.944009 11.069655 9.850137 8.684848 9.266938 10.247620 11.194895 10.083110 9.742915 8.153782 1.664847 9.346319 8.719089 1.576277 11.348636 8.831847 10.207067 10.382485 12.570726 14.316427 13.845616 14.581070 16.525839 16.714799 16.691500 17.236035 17.061304 16.458779 15.590035 13.212700 11.493844 -9999.0
-9999.0 -9999.0 10.496889 10.608098 2.965092 2.155249 7.694878 1.476718 10.451124 10.593210 9.144753 9.654060 9.700021 12.491238 17.942505 12.817359 9.279275 7.520846 9.332605 9.726084 11.774279 14.230363 15.856664 15.057098 14.442570 11.361487 9.785600 9.732808 10.856661 14.595363 8.353259 8.834873 15.008796 9.439342 11.634839 9.961695 13.116371 12.524323 11.073052 9.108660 11.061028 11.386033 9.668244 10.905831 7.602624 9.916029 11.636231 10.338255 13.534349 15.169607 16.602623 17.213392 17.216492 17.368723 17.332352 22.000908 16.133598 15.777935 14.648156 12.818337 15.620715 10.416547 -9999.0
-9999.0 7.961442 7.976652 7.519760 2.128575 8.294157 7.625854 1.567689 1.783784 10.236106 5.506737 8.721483 11.044050 16.237194 16.413369 9.134838 9.028170 4.642273 4.517489 9.815055 12.225301 13.199634 18.191025 14.595408 20.201131 14.822760 18.264590 18.481780 13.909584 13.061199 12.934134 12.494349 12.339500 16.288271 14.176468 15.089089 15.822468 14.518606 15.225171 14.402122 14.167426 13.765289 13.202260 10.883892 10.418977 11.144988 14.003926 13.550831 16.079105 15.513779 16.536152 16.477070 15.826861 15.824893 15.833708 15.169786 12.831887 12.459517 13.209842 14.787737 10.117548 10.055134 -9999.0
-9999.0 12.302331 9.124580 9.324250 13.372411 8.883506 2.195213 1.557258 10.260027 10.375233 3.127143 8.530337 11.084851 16.742896 9.828256 1.700714 2.941439 2.339172 10.338155 9.661496 15.218629 12.514191 13.817245 15.584184 21.235104 22.030379 14.761478 15.970517 15.411831 14.137901 14.409346 13.807361 13.659302 14.052154 18.513222 16.279664 22.851343 23.226885 17.210424 17.377350 16.656216 15.698004 14.922416 13.922495 14.490280 14.853342 16.296742 16.459748 16.019821 16.034664 14.885206 13.143794 12.894030 13.570492 12.772247 11.469910 11.256469 10.402862 9.758625 9.080793 8.997022 -9999.0 -9999.0
