erum2020/resources/simulation/Vinschgau/output-maps/TL0006N1000.asc
ncols         63
nrows         48
xllcorner     598000.000000
yllcorner     5145000.000000
cellsize      1000.000000
NODATA_value  -9999.0
[rows 0 to 27 of 48, columns 0 to 62 of 63]
-9999.0 -9999.0 -9999.0 -9999.0 -9999.0 -9999.0 -9999.0 -9999.0 -9999.0 -9999.0 -9999.0 -9999.0 -9999.0 -9999.0 -9999.0 -9999.0 -9999.0 -9999.0 -9999.0 -9999.0 -9999.0 -9999.0 -9999.0 -9999.0 -9999.0 -9999.0 -9999.0 -9999.0 -9999.0 -9999.0 -9999.0 -9999.0 -9999.0 -9999.0 -9999.0 -9999.0 -9999.0 -9999.0 -9999.0 -9999.0 -9999.0 -9999.0 -9999.0 -9999.0 -9999.0 -9999.0 -9999.0 -9999.0 -9999.0 -9999.0 -9999.0 -9999.0 -9999.0 -9999.0 -9999.0 -9999.0 -9999.0 -9999.0 -9999.0 -9999.0 -9999.0 -9999.0 -9999.0
-9999.0 -9999.0 -9999.0 -9999.0 -9999.0 -9999.0 -9999.0 -9999.0 -9999.0 -9999.0 -9999.0 -9999.0 -9999.0 -9999.0 -9999.0 -9999.0 -9999.0 -9999.0 -9999.0 -9999.0 -9999.0 -9999.0 -9999.0 -9999.0 -9999.0 -9999.0 -9999.0 -4.268468 -4.086225 -4.100228 -4.795518 -4.588238 -4.729151 -9999.0 -9999.0 -9999.0 -9999.0 -9999.0 -9999.0 -9999.0 -9999.0 -9999.0 -9999.0 -9999.0 -9999.0 -9999.0 -9999.0 -9999.0 -9999.0 -9999.0 -9999.0 -9999.0 -9999.0 -9999.0 -9999.0 -9999.0 -9999.0 -9999.0 -9999.0 -9999.0 -9999.0 -9999.0 -9999.0
-9999.0 -9999.0 -9999.0 -9999.0 -9999.0 -9999.0 -9999.0 -9999.0 -9999.0 -9999.0 -9999.0 -9999.0 -9999.0 -9999.0 -9999.0 -9999.0 -9999.0 -9999.0 -9999.0 -9999.0 -9999.0 -9999.0 -9999.0 -9999.0 -2.177388 -1.813342 -1.411509 -1.929326 -3.166721 -3.303482 -4.758795 -9999.0 -9999.0 -9999.0 -9999.0 -9999.0 -9999.0 -9999.0 -9999.0 -9999.0 -9999.0 -9999.0 -9999.0 -9999.0 -9999.0 -9999.0 -9999.0 -9999.0 -9999.0 -9999.0 -9999.0 -9999.0 -9999.0 -9999.0 -9999.0 -9999.0 -9999.0 -9999.0 -9999.0 -9999.0 -9999.0 -9999.0 -9999.0
-9999.0 -9999.0 -9999.0 -9999.0 -9999.0 -9999.0 -9999.0 -9999.0 -9999.0 -9999.0 -9999.0 -9999.0 -9999.0 -9999.0 -9999.0 -9999.0 -9999.0 -9999.0 -9999.0 -9999.0 -9999.0 -9999.0 -9999.0 -1.640358 -1.252067 0.543117 1.044677 1.597849 0.726109 -1.410034 -4.699324 -4.773632 -9999.0 -9999.0 -9999.0 -9999.0 -9999.0 -9999.0 -9999.0 -9999.0 -9999.0 -9999.0 -9999.0 -9999.0 -9999.0 -9999.0 -9999.0 -9999.0 -9999.0 -9999.0 -9999.0 -9999.0 -9999.0 -9999.0 -9999.0 -9999.0 -9999.0 -9999.0 -9999.0 -9999.0 -9999.0 -9999.0 -9999.0
-9999.0 -9999.0 -9999.0 -9999.0 -9999.0 -9999.0 -9999.0 -9999.0 -9999.0 -9999.0 -9999.0 -9999.0 -9999.0 -9999.0 -9999.0 -9999.0 -9999.0 -9999.0 0.842381 -0.919510 -9999.0 -1.255529 -1.220596 -0.010696 0.676942 1.725073 -0.002860 -0.002355 0.262891 -0.004410 -1.801955 -4.649334 -4.813331 -6.323120 -9999.0 -9999.0 -9999.0 -9999.0 -9999.0 -9999.0 -9999.0 -9999.0 -9999.0 -9999.0 -9999.0 -9999.0 -9999.0 -9999.0 -9999.0 -9999.0 -9999.0 -9999.0 -9999.0 -9999.0 -9999.0 -9999.0 -9999.0 -9999.0 -9999.0 -9999.0 -9999.0 -9999.0 -9999.0
-9999.0 -9999.0 -9999.0 -9999.0 -9999.0 -9999.0 -9999.0 -9999.0 -9999.0 -9999.0 -9999.0 -9999.0 -9999.0 -9999.0 -9999.0 -9999.0 -9999.0 4.349637 2.906107 1.706400 -0.947962 -0.004318 -0.004159 -0.002948 0.038881 -0.003393 -0.265280 -0.006646 -0.011035 -0.002646 -1.272193 -1.626952 -3.244438 -3.822623 -5.350948 -6.268332 -9999.0 -9999.0 -9999.0 -9999.0 -9999.0 -9999.0 -9999.0 -9999.0 -9999.0 -9999.0 -9999.0 -9999.0 -9999.0 -9999.0 -9999.0 -9999.0 -9999.0 -9999.0 -9999.0 -9999.0 -9999.0 -9999.0 -9999.0 -9999.0 -9999.0 -9999.0 -9999.0
-9999.0 -9999.0 -9999.0 -9999.0 -9999.0 -9999.0 -9999.0 -9999.0 -9999.0 -9999.0 -9999.0 -9999.0 -9999.0 -0.189813 -0.003336 2.356335 3.890200 5.136642 3.970411 0.926241 0.589536 -0.003681 0.829753 0.064642 -0.002548 -0.723485 -1.811619 -2.700500 -0.969442 -0.008187 -1.850938 -2.667821 -2.387225 -4.488040 -4.204769 -6.486491 -9999.0 -9999.0 -9999.0 -9999.0 -9999.0 -9999.0 -9999.0 -9999.0 -9999.0 -9999.0 -9999.0 -9999.0 -9999.0 -9999.0 -9999.0 -9999.0 -9999.0 -9999.0 -9999.0 -9999.0 -9999.0 -9999.0 -9999.0 -9999.0 -9999.0 -9999.0 -9999.0
-9999.0 -9999.0 -9999.0 -9999.0 -9999.0 -9999.0 -9999.0 -9999.0 -9999.0 -9999.0 -9999.0 -9999.0 -9999.0 -0.030055 1.640786 3.140739 3.159367 4.101616 5.186344 1.981184 3.029565 1.588959 1.253376 0.124436 -0.006923 -0.448638 -2.740301 -4.194651 -4.374985 -1.295712 -2.553400 -4.392636 -4.662877 -8.444967 -5.647632 -9999.0 -9999.0 -9999.0 -9999.0 -9999.0 -9999.0 -9999.0 -9999.0 -9999.0 -9999.0 -9999.0 -9999.0 -9999.0 -9999.0 -9999.0 -9999.0 -9999.0 -9999.0 -9999.0 -9999.0 -9999.0 -9999.0 -9999.0 -9999.0 -9999.0 -9999.0 -9999.0 -9999.0
-9999.0 -9999.0 -9999.0 -9999.0 -9999.0 -9999.0 -9999.0 -9999.0 -9999.0 -9999.0 -9999.0 -9999.0 -9999.0 1.265100 1.504561 2.443105 2.652232 3.433173 5.407228 3.888349 2.101694 0.174629 -0.003312 -0.004432 -0.003229 -0.002982 -3.142309 -4.624819 -4.910500 -7.457297 -4.415641 -8.970641 -9.317371 -11.569247 -6.822222 -9999.0 -9999.0 -9999.0 -9999.0 -9999.0 -9999.0 -9999.0 -9999.0 -9999.0 -9999.0 -9999.0 -9999.0 -9999.0 -9999.0 -9999.0 -9999.0 -9999.0 -9999.0 -9999.0 -9999.0 -9999.0 -9999.0 -9999.0 -9999.0 -9999.0 -9999.0 -9999.0 -9999.0
-9999.0 -9999.0 -9999.0 -9999.0 -9999.0 -9999.0 -9999.0 -9999.0 -9999.0 -9999.0 -9999.0 -9999.0 -0.005524 -0.002803 1.938990 -0.002647 0.934353 2.924774 4.638139 3.037856 0.368228 -0.008318 -0.131461 -0.691009 -1.865739 -2.722634 -3.119915 -4.716959 -3.939301 -4.887793 -8.914849 -5.041106 -5.134424 -7.031782 -9999.0 -9999.0 -9999.0 -9999.0 -9999.0 -9999.0 -9999.0 -9999.0 -9999.0 -9999.0 -9999.0 -9999.0 -9999.0 -9999.0 -9999.0 -9999.0 -9999.0 -9999.0 -9999.0 -9999.0 -9999.0 -9999.0 -9999.0 -9999.0 -9999.0 -9999.0 -9999.0 -9999.0 -9999.0
-9999.0 -9999.0 -9999.0 -9999.0 -9999.0 -9999.0 -9999.0 -9999.0 -9999.0 -9999.0 -9999.0 -0.311286 1.213381 1.053889 1.252335 -0.017411 1.776872 3.022986 4.621181 2.751879 1.667344 -0.002220 -0.821247 -2.299593 -1.941534 -3.789238 -4.597543 -4.404167 -3.799330 -6.155732 -5.201526 -2.399133 -4.233831 -5.824799 -5.309620 -4.674937 -4.913222 -4.511802 -4.401893 -9999.0 -9999.0 -9999.0 -5.960988 -9999.0 -9999.0 -9999.0 -9999.0 -9999.0 -9999.0 -9999.0 -9999.0 -9999.0 -9999.0 -9999.0 -9999.0 -9999.0 -9999.0 -9999.0 -9999.0 -9999.0 -9999.0 -9999.0 -9999.0
-9999.0 -9999.0 -9999.0 -9999.0 -9999.0 -9999.0 -9999.0 -9999.0 -9999.0 -9999.0 -9999.0 -1.072129 1.421606 2.771534 2.601487 -0.070862 4.220115 3.823421 4.726938 3.218933 2.133281 -0.031198 -0.909445 -2.484101 -3.536062 -4.305607 -4.454401 -3.721232 -3.434450 -5.862795 -4.368116 -3.075403 -4.870851 -5.425601 -5.640323 -4.392918 -3.257983 -1.472770 -2.754692 -5.589964 -5.563593 -5.961239 -4.540036 -4.770459 -9999.0 -9999.0 -9999.0 -6.743330 -5.353549 -5.245841 -4.566571 -6.167768 -6.383219 -6.060588 -5.781133 -6.741856 -9999.0 -9999.0 -9999.0 -9999.0 -9999.0 -9999.0 -9999.0
-9999.0 -9999.0 -9999.0 -9999.0 -9999.0 -9999.0 -9999.0 -9999.0 -9999.0 -9999.0 -9999.0 -1.808254 -0.281308 -0.364591 -0.027118 -0.026311 0.178512 3.199545 3.737356 3.215262 1.533865 -0.002484 -1.362475 -2.105993 -4.267798 -3.625172 -1.562349 -3.451873 -4.449827 -5.555748 -4.341316 -3.966250 -3.624322 -5.202845 -4.819396 -3.494371 -3.086634 -2.666130 -0.844421 -4.255612 -4.209160 -4.632477 -3.599743 -4.249082 -4.937547 -9999.0 -7.002262 -4.373916 -4.501567 -2.765196 -2.137690 -3.027293 -4.258867 -4.144230 -4.624979 -4.630795 -9999.0 -9999.0 -9999.0 -9999.0 -9999.0 -9999.0 -9999.0
-9999.0 -9999.0 -9999.0 -9999.0 -9999.0 -9999.0 -9999.0 -9999.0 -9999.0 -9999.0 -9999.0 -9999.0 -1.376523 -0.646413 -0.041172 -0.040126 -0.004258 2.320059 4.300072 3.219895 1.394442 -0.002737 -0.515304 -2.684281 -2.879107 -1.701997 -1.585364 -2.558411 -4.576790 -4.728451 -4.251476 -3.726378 -2.131557 -4.874579 -4.757275 -4.149338 -2.975498 -2.506910 -0.036621 -1.983007 -2.681510 -2.320924 -3.106790 -1.080475 -4.385962 -5.090499 -5.633769 -4.802615 -2.847101 -1.267625 -0.182194 -3.585347 -3.522278 -4.254886 -4.391117 -4.731474 -4.856640 -9999.0 -9999.0 -9999.0 -9999.0 -9999.0 -9999.0
-9999.0 -9999.0 -9999.0 -9999.0 -9999.0 -9999.0 -9999.0 -9999.0 -9999.0 -9999.0 -9999.0 -1.038012 -1.455281 -1.114013 -1.477731 -0.003708 -0.002447 1.410846 3.716546 3.609425 1.896626 -0.003092 -0.040840 -1.634774 -1.544547 -2.279054 -1.918664 -4.452398 -4.887366 -3.380929 -1.673014 -2.885927 -2.603055 -4.663167 -5.069789 -4.374121 -3.623191 -1.363576 -0.011522 -0.206395 -1.292087 -0.104375 -1.534821 -1.042861 -1.068759 -4.471986 -4.110652 -3.186482 -2.466400 -0.101939 -3.788955 -4.507033 -5.913927 -6.640583 -7.537733 -8.444615 -4.899916 -9999.0 -9999.0 -9999.0 -9999.0 -9999.0 -9999.0
-9999.0 -9999.0 -9999.0 -9999.0 -9999.0 -9999.0 -9999.0 -9999.0 -9999.0 -9999.0 -1.445594 -1.785998 -1.010898 -1.461288 -0.057896 -0.518110 -0.568303 -0.003585 2.909746 3.239248 1.771747 0.579026 -0.634582 -0.273850 -0.005742 -2.003510 -2.234293 -4.877614 -1.981215 -1.186730 -2.335351 -2.420507 -1.140923 -4.689996 -6.669029 -4.312211 -2.348507 -1.209545 -0.146921 -0.003096 -0.001960 0.396314 1.818625 0.496082 -0.078192 -3.125349 -2.517266 -2.769864 -2.234288 -0.004563 -5.870991 -5.489814 -8.009884 -9.230953 -8.798417 -4.593417 -4.628889 -9999.0 -9999.0 -9999.0 -9999.0 -9999.0 -9999.0
-9999.0 -9999.0 -9999.0 -9999.0 -9999.0 -9999.0 -9999.0 -9999.0 -9999.0 -4.163359 -1.625354 -2.573118 -0.776573 -0.975818 -0.925459 -0.264632 -0.211140 -0.004087 2.647447 3.467005 2.075269 -0.006054 -0.002166 -0.003416 -0.002459 -1.539112 -3.059337 -1.138781 -1.266284 -0.104566 -0.002176 -1.738321 -4.061166 -8.543253 -5.692178 -4.351545 -3.376810 -1.753906 -1.395066 -1.102290 -0.389417 -0.349792 -0.517978 1.244626 0.522413 -0.132323 -0.080573 -1.122361 -1.099094 -0.002406 -2.175892 -4.996075 -10.068076 -7.675799 -6.172445 -5.900782 -5.038578 -4.563664 -5.788260 -9999.0 -9999.0 -9999.0 -9999.0
-9999.0 -9999.0 -9999.0 -9999.0 -9999.0 -9999.0 -9999.0 -9999.0 -9999.0 -4.411163 -4.136749 -1.086926 -0.044797 -0.002917 -0.280411 -1.012882 -0.068623 -0.002682 3.287202 2.968769 2.617605 1.902970 0.843090 -0.004248 -1.152012 -1.931303 -1.029471 -0.005490 -0.002539 -0.002950 -0.065817 -2.115332 -4.100836 -5.012038 -4.691427 -4.382376 -3.923746 -2.844610 -3.276083 -2.474702 -1.423079 -2.204622 -0.862064 -0.002216 1.802495 1.154388 0.818429 -0.002622 -0.007419 -0.002249 -2.986004 -5.902046 -7.359042 -6.315369 -5.008507 -6.918314 -4.834583 -4.123424 -3.592857 -9999.0 -9999.0 -9999.0 -9999.0
-9999.0 -9999.0 -9999.0 -9999.0 -9999.0 -9999.0 -9999.0 -9999.0 -9999.0 -9999.0 -4.304597 -2.924993 -0.173811 -0.352556 -0.002517 -0.195874 -0.003340 0.651616 4.209556 3.183046 2.699160 1.935802 -0.002681 -0.256551 -1.587645 -0.076673 -0.002427 -0.000533 -0.058124 -1.669397 -2.020698 -3.292573 -4.216344 -4.712745 -3.652217 -2.487356 -1.141444 -1.377274 -3.869402 -4.435996 -4.264810 -1.034242 -0.146435 -0.117689 -0.001453 -0.003079 0.721432 1.303913 1.476330 -0.002191 -1.938837 -4.616647 -6.280890 -7.197951 -6.482537 -4.440776 -3.704223 -2.118333 -1.854119 -0.025551 -9999.0 -9999.0 -9999.0
-9999.0 -9999.0 -9999.0 -9999.0 -9999.0 -9999.0 -9999.0 -9999.0 -9999.0 -9999.0 -4.629975 -2.645215 -1.259883 -0.058495 -0.000426 -0.004516 -0.003888 1.810655 4.593515 4.365168 2.797941 0.560485 -0.003050 -0.368268 -0.077850 -0.002363 0.807328 -0.003076 -1.357750 -3.908870 -4.254945 -3.070517 -5.243989 -5.050899 -4.035177 -2.186145 -2.082018 -2.164407 -2.318776 -4.630602 -4.250842 -2.356734 -3.060628 -1.549120 -0.779803 -0.299650 -0.004374 -0.001472 2.091886 1.183204 -0.019051 -2.400168 -4.588861 -5.817425 -7.847141 -7.044615 -4.524502 -1.186021 1.150570 1.128744 -9999.0 -9999.0 -9999.0
-9999.0 -9999.0 -9999.0 -9999.0 -9999.0 -9999.0 -9999.0 -9999.0 -3.664846 -4.350266 -4.596126 -3.505118 -3.189358 -1.104409 -0.056977 1.059206 2.157392 2.775648 3.923505 4.837007 4.564865 3.344751 2.130952 0.153316 -0.003308 1.439699 -0.000349 -0.875919 -1.918592 -3.899558 -7.890629 -4.341593 -4.364302 -4.998147 -4.150651 -2.700256 -0.329805 -0.562875 -2.620182 -4.390076 -4.076689 -1.462468 -3.868370 -4.048237 -2.128988 -1.210322 -2.435793 -1.010054 -0.001544 1.382600 -0.003293 -0.786424 -4.892729 -6.329600 -6.612728 -4.501849 -4.296621 -0.578492 -0.001644 3.274495 -9999.0 -9999.0 -9999.0
-9999.0 -9999.0 -9999.0 -9999.0 -9999.0 -9999.0 -9999.0 -9999.0 -3.508493 -2.845363 -3.246663 -4.471980 -2.772540 -2.596009 -1.001458 -0.003027 1.137522 1.808027 4.985269 5.378295 5.316277 4.270443 3.122867 1.938736 2.592664 2.524485 0.398770 -0.931446 -5.290859 -4.583539 -5.003793 -4.107399 -4.044701 -3.966891 -3.655744 -1.387810 -0.091013 -0.486978 -1.430554 -1.921132 -4.355603 -6.591231 -3.743417 -1.717182 -1.909894 -1.159901 -4.314136 -2.223703 -0.965197 1.110269 0.958799 -0.299967 -5.078976 -4.358456 -2.725491 -3.095601 -1.422716 -0.043459 1.682891 4.113276 5.334956 -9999.0 -9999.0
-9999.0 -9999.0 -9999.0 -9999.0 -9999.0 -9999.0 -9999.0 -9999.0 -4.274625 -2.611932 -3.297307 -4.063712 -3.532867 -3.617483 -1.143877 -0.863789 -0.005028 1.218718 4.881309 5.338562 5.851257 5.145189 4.599382 4.088269 3.159299 2.471449 -0.002669 -1.308742 -5.659568 -4.210493 -3.464989 -2.020146 -2.417108 -2.004357 -1.300599 -0.619937 -0.028248 1.171745 -0.007087 -2.799668 -3.651412 -3.314775 -2.157341 -2.755394 -1.781196 -3.134872 -4.369728 -3.526741 -2.634668 -0.001314 2.097246 -0.002875 -4.099423 -4.923472 -2.089618 -1.008311 -0.000517 1.580736 3.735476 4.378985 4.730658 -9999.0 -9999.0
-9999.0 -9999.0 -9999.0 -9999.0 -9999.0 -9999.0 -9999.0 -9999.0 -5.267384 -1.900733 -1.740187 -5.561141 -2.475087 -1.891165 -0.306308 -0.003292 3.452415 4.671725 3.372271 5.184195 5.249679 5.643294 5.015059 4.612839 3.003351 0.492376 -0.004428 -2.067357 -1.262902 -2.724849 -1.100035 -1.207962 -0.031522 -0.642461 -0.484559 -0.298059 -0.001262 3.185240 0.179546 -0.073707 -1.278126 -1.060584 -1.098775 -2.134944 -2.653805 -3.243031 -1.958608 -3.208650 -2.595271 -1.320882 -0.002761 1.686119 -0.002861 -1.218572 -0.001714 0.803273 2.358819 3.874616 4.830921 4.502621 3.589366 1.985039 -9999.0
-9999.0 -9999.0 -9999.0 -9999.0 -9999.0 -9999.0 -9999.0 -9999.0 -5.124264 -3.093030 -2.712881 -1.644133 -0.454648 -0.174848 -0.002577 1.217584 1.901945 1.835459 0.258474 2.208742 4.188678 4.986363 5.277184 4.974943 2.333928 -0.004593 -1.171303 -0.082738 -0.002230 -0.670891 -0.283531 -0.002369 1.145279 -0.000519 -0.001823 -0.001824 1.418192 5.341171 4.835786 1.035521 -0.001692 -0.018308 -0.089541 -0.032108 -1.212358 -1.592566 -1.262768 -1.712984 -0.870050 -0.002057 0.501393 1.095070 1.440776 0.897262 1.420502 1.709088 2.508406 3.299995 3.907560 3.572529 3.357931 1.410756 -9999.0
-9999.0 -9999.0 -3.236422 -2.675907 -3.960556 -2.113059 -3.371979 -2.960968 -4.434393 -4.255204 -1.488101 -0.265227 -0.140732 -0.108159 0.908166 0.754647 -0.001366 -1.291371 -0.812324 -0.003344 2.086734 4.771661 4.028382 5.664490 3.039237 1.369467 -0.004440 -0.003900 1.514249 0.446919 -0.003000 -0.003687 2.597105 2.429147 2.597735 3.868872 4.897423 7.655054 6.644363 3.897694 2.615329 2.599911 3.026755 1.373392 -0.001427 -0.001926 0.583799 0.947049 1.339379 2.313348 2.999970 2.775258 2.216658 1.768586 1.685747 2.863005 2.309302 2.687751 2.308851 2.634129 1.433130 0.668860 -9999.0
-9999.0 -0.944428 -2.466764 -1.332307 -1.964642 -1.010255 -3.075798 -3.447127 -4.421719 -4.676789 -2.604213 -0.923116 -0.005413 -0.029954 -0.000798 -0.317030 -1.574829 -2.437987 -1.409588 -0.003207 1.819653 3.536712 3.143858 3.889374 3.842906 2.721236 1.955968 2.241021 2.908111 1.875239 1.676672 1.710054 3.174969 4.730095 5.473785 6.620731 8.777580 10.660677 8.264221 6.714902 6.085749 5.812020 5.067699 4.110713 2.834659 3.143191 3.089986 5.293432 4.574842 5.233427 3.561029 2.813103 2.076641 1.337877 1.267568 0.830196 0.419301 0.757169 0.548452 -0.002024 -0.002580 0.463223 -9999.0
-9999.0 -1.211276 -1.751393 -0.551698 -0.065783 -0.984094 -2.599489 -3.954474 -4.740489 -4.866913 -3.128898 -1.310631 -0.002697 -0.000762 -0.173098 -4.031735 -3.274596 -2.752667 -1.186862 -0.009926 0.323781 1.340755 2.224976 1.723483 3.237624 4.038503 4.995606 4.845468 4.233422 5.820589 6.051549 5.785830 4.905152 5.786810 7.139664 8.700981 11.123865 12.215727 11.353821 10.583109 9.649600 8.493023 7.732584 7.508060 7.491482 7.313185 5.841368 5.547622 5.014130 4.337802 2.745606 1.411596 0.517556 1.178800 0.398717 -0.003266 -0.208709 -0.004557 -0.003220 -0.011222 -0.002815 -9999.0 -9999.0
