erum2020/resources/simulation/Vinschgau/output-maps/TL0005N0012.asc
ncols         63
nrows         48
xllcorner     598000.000000
yllcorner     5145000.000000
cellsize      1000.000000
NODATA_value  -9999.0
[rows 0 to 27 of 48, columns 0 to 62 of 63]
-9999.0 -9999.0 -9999.0 -9999.0 -9999.0 -9999.0 -9999.0 -9999.0 -9999.0 -9999.0 -9999.0 -9999.0 -9999.0 -9999.0 -9999.0 -9999.0 -9999.0 -9999.0 -9999.0 -9999.0 -9999.0 -9999.0 -9999.0 -9999.0 -9999.0 -9999.0 -9999.0 -9999.0 -9999.0 -9999.0 -9999.0 -9999.0 -9999.0 -9999.0 -9999.0 -9999.0 -9999.0 -9999.0 -9999.0 -9999.0 -9999.0 -9999.0 -9999.0 -9999.0 -9999.0 -9999.0 -9999.0 -9999.0 -9999.0 -9999.0 -9999.0 -9999.0 -9999.0 -9999.0 -9999.0 -9999.0 -9999.0 -9999.0 -9999.0 -9999.0 -9999.0 -9999.0 -9999.0
-9999.0 -9999.0 -9999.0 -9999.0 -9999.0 -9999.0 -9999.0 -9999.0 -9999.0 -9999.0 -9999.0 -9999.0 -9999.0 -9999.0 -9999.0 -9999.0 -9999.0 -9999.0 -9999.0 -9999.0 -9999.0 -9999.0 -9999.0 -9999.0 -9999.0 -9999.0 -9999.0 -3.024561 -0.018870 -2.125206 -5.418366 -5.080208 -5.089596 -9999.0 -9999.0 -9999.0 -9999.0 -9999.0 -9999.0 -9999.0 -9999.0 -9999.0 -9999.0 -9999.0 -9999.0 -9999.0 -9999.0 -9999.0 -9999.0 -9999.0 -9999.0 -9999.0 -9999.0 -9999.0 -9999.0 -9999.0 -9999.0 -9999.0 -9999.0 -9999.0 -9999.0 -9999.0 -9999.0
-9999.0 -9999.0 -9999.0 -9999.0 -9999.0 -9999.0 -9999.0 -9999.0 -9999.0 -9999.0 -9999.0 -9999.0 -9999.0 -9999.0 -9999.0 -9999.0 -9999.0 -9999.0 -9999.0 -9999.0 -9999.0 -9999.0 -9999.0 -9999.0 -0.014143 0.188425 0.308023 0.029990 0.226017 -0.010364 -5.510642 -9999.0 -9999.0 -9999.0 -9999.0 -9999.0 -9999.0 -9999.0 -9999.0 -9999.0 -9999.0 -9999.0 -9999.0 -9999.0 -9999.0 -9999.0 -9999.0 -9999.0 -9999.0 -9999.0 -9999.0 -9999.0 -9999.0 -9999.0 -9999.0 -9999.0 -9999.0 -9999.0 -9999.0 -9999.0 -9999.0 -9999.0 -9999.0
-9999.0 -9999.0 -9999.0 -9999.0 -9999.0 -9999.0 -9999.0 -9999.0 -9999.0 -9999.0 -9999.0 -9999.0 -9999.0 -9999.0 -9999.0 -9999.0 -9999.0 -9999.0 -9999.0 -9999.0 -9999.0 -9999.0 -9999.0 0.177076 0.645851 0.500933 0.690419 0.755963 0.716124 0.045308 -0.176986 -1.496026 -9999.0 -9999.0 -9999.0 -9999.0 -9999.0 -9999.0 -9999.0 -9999.0 -9999.0 -9999.0 -9999.0 -9999.0 -9999.0 -9999.0 -9999.0 -9999.0 -9999.0 -9999.0 -9999.0 -9999.0 -9999.0 -9999.0 -9999.0 -9999.0 -9999.0 -9999.0 -9999.0 -9999.0 -9999.0 -9999.0 -9999.0
-9999.0 -9999.0 -9999.0 -9999.0 -9999.0 -9999.0 -9999.0 -9999.0 -9999.0 -9999.0 -9999.0 -9999.0 -9999.0 -9999.0 -9999.0 -9999.0 -9999.0 -9999.0 1.061773 0.741682 -9999.0 -0.010844 0.535758 0.635206 0.635177 0.921238 0.371327 0.345927 0.950131 0.513982 0.182708 -0.305983 -2.533230 -3.645425 -9999.0 -9999.0 -9999.0 -9999.0 -9999.0 -9999.0 -9999.0 -9999.0 -9999.0 -9999.0 -9999.0 -9999.0 -9999.0 -9999.0 -9999.0 -9999.0 -9999.0 -9999.0 -9999.0 -9999.0 -9999.0 -9999.0 -9999.0 -9999.0 -9999.0 -9999.0 -9999.0 -9999.0 -9999.0
-9999.0 -9999.0 -9999.0 -9999.0 -9999.0 -9999.0 -9999.0 -9999.0 -9999.0 -9999.0 -9999.0 -9999.0 -9999.0 -9999.0 -9999.0 -9999.0 -9999.0 1.489955 0.543654 0.471164 -0.918650 0.183140 0.302616 0.442201 1.292880 0.024818 -0.052908 0.239551 -0.038057 0.301155 0.605652 0.081245 -0.983099 -1.865630 -5.704632 -6.732962 -9999.0 -9999.0 -9999.0 -9999.0 -9999.0 -9999.0 -9999.0 -9999.0 -9999.0 -9999.0 -9999.0 -9999.0 -9999.0 -9999.0 -9999.0 -9999.0 -9999.0 -9999.0 -9999.0 -9999.0 -9999.0 -9999.0 -9999.0 -9999.0 -9999.0 -9999.0 -9999.0
-9999.0 -9999.0 -9999.0 -9999.0 -9999.0 -9999.0 -9999.0 -9999.0 -9999.0 -9999.0 -9999.0 -9999.0 -9999.0 -0.014359 0.278724 0.257811 0.895341 1.620390 1.099683 0.636634 0.611526 0.840816 1.132845 1.284192 -0.012013 -2.518744 -1.787158 0.026599 0.000456 0.144144 0.280343 -2.090587 -4.626966 -5.900634 -6.925202 -7.334976 -9999.0 -9999.0 -9999.0 -9999.0 -9999.0 -9999.0 -9999.0 -9999.0 -9999.0 -9999.0 -9999.0 -9999.0 -9999.0 -9999.0 -9999.0 -9999.0 -9999.0 -9999.0 -9999.0 -9999.0 -9999.0 -9999.0 -9999.0 -9999.0 -9999.0 -9999.0 -9999.0
-9999.0 -9999.0 -9999.0 -9999.0 -9999.0 -9999.0 -9999.0 -9999.0 -9999.0 -9999.0 -9999.0 -9999.0 -9999.0 0.249158 0.398141 0.250435 0.250859 1.355114 1.695183 0.950569 0.608981 0.408837 0.305808 0.197798 0.376676 0.239379 -0.016743 -5.552247 -5.829673 -0.857983 -0.012166 -5.853637 -6.786644 -7.428851 -7.304367 -9999.0 -9999.0 -9999.0 -9999.0 -9999.0 -9999.0 -9999.0 -9999.0 -9999.0 -9999.0 -9999.0 -9999.0 -9999.0 -9999.0 -9999.0 -9999.0 -9999.0 -9999.0 -9999.0 -9999.0 -9999.0 -9999.0 -9999.0 -9999.0 -9999.0 -9999.0 -9999.0 -9999.0
-9999.0 -9999.0 -9999.0 -9999.0 -9999.0 -9999.0 -9999.0 -9999.0 -9999.0 -9999.0 -9999.0 -9999.0 -9999.0 0.284353 0.996394 0.307849 -0.010547 0.298892 1.643745 0.891941 0.757289 -0.018702 -0.011867 -0.034899 0.311291 0.293760 -2.003273 -5.739448 -0.039979 -6.279890 -5.768280 -7.118350 -7.077429 -7.402393 -7.499749 -9999.0 -9999.0 -9999.0 -9999.0 -9999.0 -9999.0 -9999.0 -9999.0 -9999.0 -9999.0 -9999.0 -9999.0 -9999.0 -9999.0 -9999.0 -9999.0 -9999.0 -9999.0 -9999.0 -9999.0 -9999.0 -9999.0 -9999.0 -9999.0 -9999.0 -9999.0 -9999.0 -9999.0
-9999.0 -9999.0 -9999.0 -9999.0 -9999.0 -9999.0 -9999.0 -9999.0 -9999.0 -9999.0 -9999.0 -9999.0 0.229860 0.894912 0.289651 0.141025 -0.024779 0.226270 1.642073 1.661899 0.358851 -0.011351 -0.074051 -0.012323 0.297248 -5.290174 -0.012014 -1.508876 0.111762 -6.083335 -5.807384 -3.239244 -0.245608 -6.609896 -9999.0 -9999.0 -9999.0 -9999.0 -9999.0 -9999.0 -9999.0 -9999.0 -9999.0 -9999.0 -9999.0 -9999.0 -9999.0 -9999.0 -9999.0 -9999.0 -9999.0 -9999.0 -9999.0 -9999.0 -9999.0 -9999.0 -9999.0 -9999.0 -9999.0 -9999.0 -9999.0 -9999.0 -9999.0
-9999.0 -9999.0 -9999.0 -9999.0 -9999.0 -9999.0 -9999.0 -9999.0 -9999.0 -9999.0 -9999.0 -0.025013 0.170987 0.247437 -0.015937 -0.742218 -0.513338 -0.010856 1.699630 1.684288 0.245672 0.485609 -0.017999 -5.009053 0.229443 -4.055678 -5.436805 -0.013823 -0.013556 -6.463389 -3.651126 0.144734 -3.820124 -6.655942 -3.703229 -2.682758 -0.011550 0.229611 0.276617 -9999.0 -9999.0 -9999.0 -6.462629 -9999.0 -9999.0 -9999.0 -9999.0 -9999.0 -9999.0 -9999.0 -9999.0 -9999.0 -9999.0 -9999.0 -9999.0 -9999.0 -9999.0 -9999.0 -9999.0 -9999.0 -9999.0 -9999.0 -9999.0
-9999.0 -9999.0 -9999.0 -9999.0 -9999.0 -9999.0 -9999.0 -9999.0 -9999.0 -9999.0 -9999.0 -0.027351 0.044490 0.290101 0.052099 -3.482253 0.243035 0.208753 1.664328 1.152223 1.439015 0.828535 -0.011978 -0.535203 -0.183475 -5.219120 -0.012218 0.320375 -3.245002 -5.799127 0.135030 0.133104 0.047111 -4.564385 -3.117835 -0.011411 0.725715 0.830718 0.453283 -2.061023 -1.528251 -4.119466 0.061234 -6.198129 -9999.0 -9999.0 -9999.0 -0.635908 -1.053766 -3.184486 -0.013889 -3.243952 -3.656211 -0.014812 -0.014999 -6.264329 -9999.0 -9999.0 -9999.0 -9999.0 -9999.0 -9999.0 -9999.0
-9999.0 -9999.0 -9999.0 -9999.0 -9999.0 -9999.0 -9999.0 -9999.0 -9999.0 -9999.0 -9999.0 -0.014604 -0.668518 -0.489767 -0.578076 -0.124767 -0.020715 -0.011445 1.280327 1.213654 0.304755 0.260514 -0.016605 0.114768 -4.941543 -2.089181 -0.015044 -0.750216 -5.324900 -5.907561 -5.881686 -1.408165 0.262545 -2.521550 -4.243012 0.340929 -0.019277 -0.028691 1.015547 -1.091076 0.306647 -0.842978 0.336357 -0.011389 -2.305594 -9999.0 -4.385104 -0.839454 0.398926 0.858419 1.051471 -0.204721 1.002121 0.883825 0.640514 -0.009141 -9999.0 -9999.0 -9999.0 -9999.0 -9999.0 -9999.0 -9999.0
-9999.0 -9999.0 -9999.0 -9999.0 -9999.0 -9999.0 -9999.0 -9999.0 -9999.0 -9999.0 -9999.0 -9999.0 -0.593049 -0.093212 0.199205 -0.011461 -0.267852 -0.012764 1.892010 1.266558 0.309901 0.315092 0.298910 -0.010972 -0.319018 -0.016234 0.910101 -4.685144 -5.351604 -3.399692 -0.010887 -0.045427 -0.243192 -1.188307 -3.862744 -0.579248 -0.298191 -0.023370 0.926761 0.005591 0.353878 -0.814235 -0.014833 0.684189 -2.334270 -0.221812 -3.317197 -1.066317 -1.664326 0.005776 0.274077 -0.081743 0.085961 -0.202952 -0.414070 -0.190244 -0.045450 -9999.0 -9999.0 -9999.0 -9999.0 -9999.0 -9999.0
-9999.0 -9999.0 -9999.0 -9999.0 -9999.0 -9999.0 -9999.0 -9999.0 -9999.0 -9999.0 -9999.0 -0.111415 -1.254439 -0.710056 -0.018582 -0.018005 -0.010969 -0.010572 1.547185 0.847635 0.465541 0.282628 0.247370 -0.024156 -0.014416 0.261328 -0.017242 -5.116106 0.155078 -1.992593 -0.015656 -0.011364 0.772551 -1.582820 -5.594404 -3.151683 -3.079702 -1.039926 0.196397 1.125514 -0.012175 0.319092 0.322210 -1.039474 1.083442 -0.013567 0.290887 -1.248130 -1.145001 0.279414 -3.401565 -2.718798 -0.947818 -4.319471 -3.077745 -4.437865 -3.592316 -9999.0 -9999.0 -9999.0 -9999.0 -9999.0 -9999.0
-9999.0 -9999.0 -9999.0 -9999.0 -9999.0 -9999.0 -9999.0 -9999.0 -9999.0 -9999.0 0.041793 -0.020460 0.438157 -0.010359 0.392606 0.217901 -0.012048 -0.030801 0.600224 0.995035 1.414645 0.681710 -0.648298 1.031967 0.312855 0.136125 -1.869945 -3.559606 0.500405 0.825633 0.269802 -0.012616 -1.082564 -4.073325 -7.134345 -1.312796 0.096715 -0.081965 -0.039645 0.422766 0.598227 -0.606833 -0.776419 0.355157 0.221199 -1.629064 0.350378 0.162137 0.302689 0.355995 -3.216161 -4.295712 -3.214653 -4.384902 -4.269450 0.327308 0.218139 -9999.0 -9999.0 -9999.0 -9999.0 -9999.0 -9999.0
-9999.0 -9999.0 -9999.0 -9999.0 -9999.0 -9999.0 -9999.0 -9999.0 -9999.0 -0.945618 -0.250615 -0.023844 0.197712 -0.026691 -0.011523 -0.016665 -0.066318 0.887544 0.811048 1.121769 1.575864 0.304985 0.313103 0.658186 0.329268 -2.032436 -0.065476 0.920899 0.310667 0.417944 0.419209 -2.492161 -6.173346 -6.376189 -5.992156 -6.081748 -0.016603 -0.256420 -0.274929 -0.018528 -0.011503 -0.175943 -1.491988 0.421208 0.355294 0.280253 1.529711 0.075008 0.013364 0.415730 -0.791103 -3.569792 -4.389842 -4.567499 -5.080534 -1.773364 -0.019863 -1.712037 -2.798210 -9999.0 -9999.0 -9999.0 -9999.0
-9999.0 -9999.0 -9999.0 -9999.0 -9999.0 -9999.0 -9999.0 -9999.0 -9999.0 -1.546775 -1.375646 -0.012892 1.296733 0.279689 -0.006140 -0.017146 0.826583 0.458783 1.211508 1.865630 1.789333 1.986753 0.490671 0.510901 -1.771712 -0.012503 0.256370 0.435707 0.686431 0.263759 0.239622 -2.693491 -5.215370 -1.933352 -0.011749 -1.955921 -2.350398 -2.012261 -5.075547 -0.013934 -0.203794 -2.636003 -0.011799 0.339197 0.503585 1.051679 1.047311 0.755758 0.495935 0.418802 -2.979449 -2.572290 -5.144443 -4.699155 -4.288899 -0.700112 -0.021216 0.120037 -0.765869 -9999.0 -9999.0 -9999.0 -9999.0
-9999.0 -9999.0 -9999.0 -9999.0 -9999.0 -9999.0 -9999.0 -9999.0 -9999.0 -9999.0 -0.840591 0.067124 0.031580 0.310621 0.422252 0.243169 0.294291 0.786932 1.723099 1.591639 1.292733 0.755666 0.067207 -0.018990 -0.011928 0.364028 0.730921 0.930563 0.298687 -0.647784 -2.748775 -0.020607 -3.704482 -5.186500 0.380801 0.862883 0.795566 0.637360 -2.993519 -5.058718 -5.276326 0.286390 0.247713 -0.024696 0.028923 0.172470 0.403823 0.502884 1.346633 0.759785 -1.954090 -1.141182 -3.251562 -5.619245 -0.063957 -4.082016 -1.907497 0.478765 0.622472 0.525674 -9999.0 -9999.0 -9999.0
-9999.0 -9999.0 -9999.0 -9999.0 -9999.0 -9999.0 -9999.0 -9999.0 -9999.0 -9999.0 -0.441860 0.044898 0.005440 0.259070 1.423008 0.305045 0.272937 0.793353 2.102348 1.862005 1.045009 0.446152 0.078015 0.259127 0.300234 0.865147 1.147752 0.341739 -0.189519 -3.525454 -4.935643 -0.458282 -3.219285 -5.054274 -5.033973 -2.010307 0.242401 -0.010926 -1.531371 -4.581388 -0.872366 -2.339753 -0.097995 -4.387301 -1.814825 -1.314512 0.038341 0.231712 1.084911 1.190726 0.755588 0.005835 -0.059890 -3.379434 -6.706260 -3.578729 -2.728740 0.081035 1.147249 1.477084 -9999.0 -9999.0 -9999.0
-9999.0 -9999.0 -9999.0 -9999.0 -9999.0 -9999.0 -9999.0 -9999.0 0.871118 0.486027 -0.854923 0.025857 -0.014217 0.022832 0.013940 0.729573 0.887150 2.292185 2.117956 2.187384 1.918587 1.265793 0.883181 0.296863 0.633259 0.998236 1.133535 -0.031954 -0.032278 -2.880977 -5.854703 -5.013802 -5.195678 -5.511608 -0.200568 -5.060473 0.057208 0.223984 -3.339532 -3.192917 -4.270448 -1.746668 -3.626308 -4.845117 -1.297415 0.192243 -3.113802 -0.018746 0.304287 0.956433 0.793124 -0.645401 -0.019362 -3.519634 -2.972991 1.089568 -1.469251 1.489410 0.950051 2.177883 -9999.0 -9999.0 -9999.0
-9999.0 -9999.0 -9999.0 -9999.0 -9999.0 -9999.0 -9999.0 -9999.0 -2.586459 0.137328 -0.251010 -4.138935 -0.017855 0.145957 -0.024041 0.329357 0.675306 0.779105 2.303540 2.460582 3.330551 2.965503 2.370517 1.863698 1.029351 1.268973 0.605803 0.215739 -3.601100 0.041782 -0.676453 -1.526718 -0.014020 -2.893373 -0.010805 0.588464 1.025165 0.307846 -0.018171 0.200093 -2.880565 -4.569460 -4.452650 0.345331 0.886925 -0.050908 -3.644184 -4.491233 0.082879 0.868384 1.183145 0.428598 -1.192825 0.389143 1.533333 -0.768620 0.463321 0.763417 1.769397 3.037813 3.169639 -9999.0 -9999.0
-9999.0 -9999.0 -9999.0 -9999.0 -9999.0 -9999.0 -9999.0 -9999.0 -1.348543 0.585251 0.690220 -1.835415 0.715159 -3.141805 0.286373 0.003759 0.497468 1.237978 2.328995 2.592518 2.770564 2.958168 3.044798 2.064937 2.612237 1.085301 0.423303 -0.109049 -3.449962 0.643686 -1.542212 0.990854 -0.039395 -1.120845 0.590133 1.565670 0.081917 0.378789 -1.013057 -0.453655 -2.373829 -3.134477 -0.011073 -1.563773 -0.278848 -1.174442 -1.992952 0.107508 -0.159748 0.330091 1.374234 0.970620 -0.263926 -2.346239 0.645524 0.818668 1.231457 1.849574 2.928507 3.192337 3.093298 -9999.0 -9999.0
-9999.0 -9999.0 -9999.0 -9999.0 -9999.0 -9999.0 -9999.0 -9999.0 -6.170712 0.423943 0.321276 -2.819823 1.022351 0.261675 0.133481 0.718626 1.914425 2.194325 0.916490 2.412362 2.335938 2.635682 2.926336 2.716344 1.273966 0.543599 0.025432 -2.211799 1.118666 0.298450 0.109769 0.239372 0.457909 0.401321 -0.518363 1.060119 1.295240 0.543482 -0.012488 -0.012190 0.149984 0.801981 0.876486 -0.226408 0.272791 -1.339796 0.917704 -0.334906 0.898909 0.294806 0.420026 1.541244 1.073164 0.731936 1.304526 1.616779 2.260032 2.180661 2.990427 3.149632 2.060157 1.100426 -9999.0
-9999.0 -9999.0 -9999.0 -9999.0 -9999.0 -9999.0 -9999.0 -9999.0 -0.017173 0.383781 0.292086 0.009566 0.338936 0.497544 1.846552 1.673453 0.898379 1.063238 0.482077 1.002761 1.807059 2.391223 2.471574 2.397640 1.862749 0.409937 -0.022967 0.350967 0.692669 0.669672 -0.018567 0.461342 1.079968 0.554709 0.316823 0.390151 0.637536 1.415147 1.086064 0.457791 0.293503 0.266864 0.504417 0.275182 -0.014760 1.242874 0.284373 0.568034 0.331495 0.948981 1.253549 1.292845 1.481803 1.725092 1.881929 1.982759 2.338464 2.605641 2.722140 2.153376 1.826753 0.901258 -9999.0
-9999.0 -9999.0 0.396497 0.582726 -0.016308 -0.012046 0.101459 -0.016040 0.327016 0.132522 0.177098 0.626895 0.588117 1.179482 2.405831 0.994929 0.489611 -0.018828 0.045348 0.404468 1.017391 2.376076 2.308837 1.348339 1.765377 0.897230 0.407626 0.424194 1.015309 1.525979 0.197294 0.308013 1.709482 0.760026 1.297232 0.772778 2.027477 2.773624 2.010824 0.527223 0.990455 1.239460 0.951670 0.917322 0.147106 0.565822 1.060861 0.792694 1.655647 2.119798 2.551626 2.465111 2.215926 2.005101 1.871289 2.315837 1.771711 1.801571 1.443698 1.578325 1.034253 0.657954 -9999.0
-9999.0 0.233613 0.240197 0.172744 0.032251 0.255881 0.007899 -0.122471 -0.396140 0.002923 -0.006412 0.233314 1.010753 1.969426 1.361759 0.400922 0.070923 -0.015023 0.155148 0.381829 1.080908 1.802416 1.868142 1.753132 2.694364 1.839960 2.493723 2.577640 1.992848 1.551607 1.452509 1.278355 1.620109 3.034508 2.838267 3.359425 4.180994 4.821999 4.329407 3.322692 2.871687 3.116625 2.762404 1.273047 0.904443 1.223638 2.104660 2.956612 3.315383 2.248259 2.468842 2.116156 1.635413 1.458316 1.396431 1.103847 0.897413 0.911763 0.655500 0.643438 0.488067 0.609778 -9999.0
-9999.0 0.242378 0.380165 0.485701 1.132383 0.359915 -0.483365 -0.026607 0.405980 0.367811 0.053604 0.147356 1.022565 1.384334 0.595721 -0.019786 -0.029836 -0.012340 0.478470 0.501833 0.743683 1.165067 1.540527 1.411887 2.454540 2.911458 2.089971 2.591203 2.625337 3.119018 3.158802 2.835968 2.962630 3.260625 4.131847 4.706566 6.153658 7.240476 6.026167 5.479412 5.210743 4.770964 4.167552 3.751919 3.887587 3.937996 3.897705 3.807446 2.876082 2.707648 1.682146 1.190072 0.833530 1.287417 0.922637 0.376517 0.447016 0.287096 0.286049 0.084208 0.231865 -9999.0 -9999.0
