erum2020/resources/simulation/Vinschgau/output-maps/TL0003N0080.asc
ncols         63
nrows         48
xllcorner     598000.000000
yllcorner     5145000.000000
cellsize      1000.000000
NODATA_value  -9999.0
[rows 0 to 27 of 48, columns 0 to 61 of 63]
-9999.0 -9999.0 -9999.0 -9999.0 -9999.0 -9999.0 -9999.0 -9999.0 -9999.0 -9999.0 -9999.0 -9999.0 -9999.0 -9999.0 -9999.0 -9999.0 -9999.0 -9999.0 -9999.0 -9999.0 -9999.0 -9999.0 -9999.0 -9999.0 -9999.0 -9999.0 -9999.0 -9999.0 -9999.0 -9999.0 -9999.0 -9999.0 -9999.0 -9999.0 -9999.0 -9999.0 -9999.0 -9999.0 -9999.0 -9999.0 -9999.0 -9999.0 -9999.0 -9999.0 -9999.0 -9999.0 -9999.0 -9999.0 -9999.0 -9999.0 -9999.0 -9999.0 -9999.0 -9999.0 -9999.0 -9999.0 -9999.0 -9999.0 -9999.0 -9999.0 -9999.0 -9999.0
-9999.0 -9999.0 -9999.0 -9999.0 -9999.0 -9999.0 -9999.0 -9999.0 -9999.0 -9999.0 -9999.0 -9999.0 -9999.0 -9999.0 -9999.0 -9999.0 -9999.0 -9999.0 -9999.0 -9999.0 -9999.0 -9999.0 -9999.0 -9999.0 -9999.0 -9999.0 -9999.0 -0.655858 -0.896025 -0.838080 -0.761659 -0.802449 -0.838176 -9999.0 -9999.0 -9999.0 -9999.0 -9999.0 -9999.0 -9999.0 -9999.0 -9999.0 -9999.0 -9999.0 -9999.0 -9999.0 -9999.0 -9999.0 -9999.0 -9999.0 -9999.0 -9999.0 -9999.0 -9999.0 -9999.0 -9999.0 -9999.0 -9999.0 -9999.0 -9999.0 -9999.0 -9999.0
-9999.0 -9999.0 -9999.0 -9999.0 -9999.0 -9999.0 -9999.0 -9999.0 -9999.0 -9999.0 -9999.0 -9999.0 -9999.0 -9999.0 -9999.0 -9999.0 -9999.0 -9999.0 -9999.0 -9999.0 -9999.0 -9999.0 -9999.0 -9999.0 -0.130365 -0.503087 -0.728573 -0.782866 -0.691876 -0.765435 -0.790732 -9999.0 -9999.0 -9999.0 -9999.0 -9999.0 -9999.0 -9999.0 -9999.0 -9999.0 -9999.0 -9999.0 -9999.0 -9999.0 -9999.0 -9999.0 -9999.0 -9999.0 -9999.0 -9999.0 -9999.0 -9999.0 -9999.0 -9999.0 -9999.0 -9999.0 -9999.0 -9999.0 -9999.0 -9999.0 -9999.0 -9999.0
-9999.0 -9999.0 -9999.0 -9999.0 -9999.0 -9999.0 -9999.0 -9999.0 -9999.0 -9999.0 -9999.0 -9999.0 -9999.0 -9999.0 -9999.0 -9999.0 -9999.0 -9999.0 -9999.0 -9999.0 -9999.0 -9999.0 -9999.0 -0.469722 -0.111071 -0.005259 -0.006329 -0.002735 -0.018750 -0.891877 -0.892294 -0.755135 -9999.0 -9999.0 -9999.0 -9999.0 -9999.0 -9999.0 -9999.0 -9999.0 -9999.0 -9999.0 -9999.0 -9999.0 -9999.0 -9999.0 -9999.0 -9999.0 -9999.0 -9999.0 -9999.0 -9999.0 -9999.0 -9999.0 -9999.0 -9999.0 -9999.0 -9999.0 -9999.0 -9999.0 -9999.0 -9999.0
-9999.0 -9999.0 -9999.0 -9999.0 -9999.0 -9999.0 -9999.0 -9999.0 -9999.0 -9999.0 -9999.0 -9999.0 -9999.0 -9999.0 -9999.0 -9999.0 -9999.0 -9999.0 0.001620 -0.027837 -9999.0 -0.282540 -0.217809 0.000617 0.000113 -0.190479 -0.572892 -0.542471 -0.071599 -0.051539 -0.744493 -0.950471 -0.885467 -0.978333 -9999.0 -9999.0 -9999.0 -9999.0 -9999.0 -9999.0 -9999.0 -9999.0 -9999.0 -9999.0 -9999.0 -9999.0 -9999.0 -9999.0 -9999.0 -9999.0 -9999.0 -9999.0 -9999.0 -9999.0 -9999.0 -9999.0 -9999.0 -9999.0 -9999.0 -9999.0 -9999.0 -9999.0
-9999.0 -9999.0 -9999.0 -9999.0 -9999.0 -9999.0 -9999.0 -9999.0 -9999.0 -9999.0 -9999.0 -9999.0 -9999.0 -9999.0 -9999.0 -9999.0 -9999.0 -1.819610 -1.002955 -0.906711 -0.627723 -0.145065 -0.041147 -0.283284 -0.118619 -0.021897 -0.025977 -0.020061 -0.373999 -0.523344 -0.005449 -0.933637 -0.641558 -0.976830 -0.829947 -1.478642 -9999.0 -9999.0 -9999.0 -9999.0 -9999.0 -9999.0 -9999.0 -9999.0 -9999.0 -9999.0 -9999.0 -9999.0 -9999.0 -9999.0 -9999.0 -9999.0 -9999.0 -9999.0 -9999.0 -9999.0 -9999.0 -9999.0 -9999.0 -9999.0 -9999.0 -9999.0
-9999.0 -9999.0 -9999.0 -9999.0 -9999.0 -9999.0 -9999.0 -9999.0 -9999.0 -9999.0 -9999.0 -9999.0 -9999.0 -0.266098 -0.042725 -0.897003 -0.965086 -1.333133 -1.808152 -0.002326 -0.002794 0.005803 -0.358966 -0.125944 -1.015391 -0.652695 -0.764289 -0.725642 -0.716139 -0.123942 -0.226100 -0.529491 -0.766135 -0.924190 -1.787097 -2.162896 -9999.0 -9999.0 -9999.0 -9999.0 -9999.0 -9999.0 -9999.0 -9999.0 -9999.0 -9999.0 -9999.0 -9999.0 -9999.0 -9999.0 -9999.0 -9999.0 -9999.0 -9999.0 -9999.0 -9999.0 -9999.0 -9999.0 -9999.0 -9999.0 -9999.0 -9999.0
-9999.0 -9999.0 -9999.0 -9999.0 -9999.0 -9999.0 -9999.0 -9999.0 -9999.0 -9999.0 -9999.0 -9999.0 -9999.0 -0.034235 0.001033 -0.712888 -0.694307 -0.207090 -1.904344 -0.370094 -1.545879 -0.523597 -0.668139 -0.364601 -0.216610 -0.566707 -0.865396 -0.757680 -0.850196 -0.742059 -0.517333 -0.930433 -1.910927 -2.512374 -2.427802 -9999.0 -9999.0 -9999.0 -9999.0 -9999.0 -9999.0 -9999.0 -9999.0 -9999.0 -9999.0 -9999.0 -9999.0 -9999.0 -9999.0 -9999.0 -9999.0 -9999.0 -9999.0 -9999.0 -9999.0 -9999.0 -9999.0 -9999.0 -9999.0 -9999.0 -9999.0 -9999.0
-9999.0 -9999.0 -9999.0 -9999.0 -9999.0 -9999.0 -9999.0 -9999.0 -9999.0 -9999.0 -9999.0 -9999.0 -9999.0 -0.056859 -0.006581 -0.004139 -0.544022 -0.827805 -2.062836 -1.613243 -0.128048 -0.889258 -0.006811 -0.055575 -0.040484 -0.024563 -0.705584 -0.844631 -0.852204 -1.361221 -0.831015 -2.270170 -2.293340 -2.692714 -2.803941 -9999.0 -9999.0 -9999.0 -9999.0 -9999.0 -9999.0 -9999.0 -9999.0 -9999.0 -9999.0 -9999.0 -9999.0 -9999.0 -9999.0 -9999.0 -9999.0 -9999.0 -9999.0 -9999.0 -9999.0 -9999.0 -9999.0 -9999.0 -9999.0 -9999.0 -9999.0 -9999.0
-9999.0 -9999.0 -9999.0 -9999.0 -9999.0 -9999.0 -9999.0 -9999.0 -9999.0 -9999.0 -9999.0 -9999.0 -0.024701 -0.001701 -0.003964 -1.141840 -0.014722 -0.789400 -0.293061 -5.266051 -0.116030 -0.623744 -0.427156 -0.282713 -0.297639 -0.817715 -0.253702 -0.746638 -0.881759 -1.173580 -0.906309 -0.916227 -0.991298 -1.559541 -9999.0 -9999.0 -9999.0 -9999.0 -9999.0 -9999.0 -9999.0 -9999.0 -9999.0 -9999.0 -9999.0 -9999.0 -9999.0 -9999.0 -9999.0 -9999.0 -9999.0 -9999.0 -9999.0 -9999.0 -9999.0 -9999.0 -9999.0 -9999.0 -9999.0 -9999.0 -9999.0 -9999.0
-9999.0 -9999.0 -9999.0 -9999.0 -9999.0 -9999.0 -9999.0 -9999.0 -9999.0 -9999.0 -9999.0 -0.036135 -0.207486 -0.013780 -0.696758 -0.387405 -0.769180 -0.764013 -0.175185 -5.291972 -0.865390 -0.008025 -0.611828 -0.767931 -0.596159 -0.769910 -0.780197 -0.747413 -0.851898 -1.714708 -0.772481 -1.012166 -0.969464 -1.680347 -1.086318 -2.084512 -3.360969 -4.260995 -4.421455 -9999.0 -9999.0 -9999.0 -1.429033 -9999.0 -9999.0 -9999.0 -9999.0 -9999.0 -9999.0 -9999.0 -9999.0 -9999.0 -9999.0 -9999.0 -9999.0 -9999.0 -9999.0 -9999.0 -9999.0 -9999.0 -9999.0 -9999.0
-9999.0 -9999.0 -9999.0 -9999.0 -9999.0 -9999.0 -9999.0 -9999.0 -9999.0 -9999.0 -9999.0 -0.308649 -0.106612 -0.077587 -0.043273 -0.198992 -0.062093 -0.836137 -0.195256 -0.247253 -0.133472 -0.009523 -0.397149 -0.620464 -0.673130 -0.751946 -0.719027 -0.753739 -0.733421 -0.772411 -0.803639 -1.057125 -0.953917 -1.029765 -1.359661 -2.931117 -5.755579 -8.844981 -9.134448 -7.014810 -5.121461 -3.300254 -1.659174 -1.124271 -9999.0 -9999.0 -9999.0 -0.043216 -0.017766 -0.243339 -0.008617 -0.059010 -0.067351 -0.004996 -0.004788 -0.006823 -9999.0 -9999.0 -9999.0 -9999.0 -9999.0 -9999.0
-9999.0 -9999.0 -9999.0 -9999.0 -9999.0 -9999.0 -9999.0 -9999.0 -9999.0 -9999.0 -9999.0 -0.221543 -0.259677 -1.014673 -0.196570 -0.706350 -0.225447 -1.631686 -0.316097 -0.197478 -0.915897 -0.068633 -0.102277 -0.419493 -0.722631 -0.581153 -0.400889 -0.570615 -0.750424 -0.821073 -0.816923 -0.970663 -0.963137 -1.196938 -1.894282 -4.115564 -8.379159 -8.040198 -9.145745 -11.837055 -6.265950 -2.941180 -2.098666 -1.154812 -0.962246 -9999.0 -0.696357 -0.100687 -0.011390 -0.009201 -0.012977 -0.042373 -0.001983 0.002444 0.001626 -0.003422 -9999.0 -9999.0 -9999.0 -9999.0 -9999.0 -9999.0
-9999.0 -9999.0 -9999.0 -9999.0 -9999.0 -9999.0 -9999.0 -9999.0 -9999.0 -9999.0 -9999.0 -9999.0 -0.035033 -0.191838 -0.006958 -0.011271 -0.280819 -1.141483 -0.102030 -0.239301 -0.918729 -0.077209 -0.012176 -0.058802 -0.723924 -0.133545 -0.009226 -0.751807 -0.706097 -0.649058 -0.844829 -0.930049 -1.005722 -1.154476 -1.227370 -3.488796 -10.174369 -8.186727 -7.671831 -10.602884 -6.004288 -3.690742 -2.845151 -0.108886 -0.895412 -0.514368 -0.550008 -0.122130 -0.382933 -0.218824 -0.242431 -0.008947 -0.017059 -0.008029 -0.086690 -0.207865 -0.007082 -9999.0 -9999.0 -9999.0 -9999.0 -9999.0
-9999.0 -9999.0 -9999.0 -9999.0 -9999.0 -9999.0 -9999.0 -9999.0 -9999.0 -9999.0 -9999.0 -0.072008 -0.624331 -0.039807 -0.031496 -0.044923 -0.174066 -1.509085 -0.010204 -1.898414 -0.986805 -0.105421 -0.058812 -0.163244 -0.144850 -0.028596 -0.197692 -0.768922 -0.673373 -0.771208 -0.786216 -0.998811 -0.208164 -1.160921 -2.328140 -2.637705 -6.111679 -8.764726 -4.437110 -10.915249 -5.464525 -5.694943 -2.763579 -2.685967 -0.003860 -0.468670 -0.142893 -0.688302 -0.135343 -1.623796 -0.478487 -0.604242 -0.401126 -0.572051 -0.549642 -0.614987 -0.020901 -9999.0 -9999.0 -9999.0 -9999.0 -9999.0
-9999.0 -9999.0 -9999.0 -9999.0 -9999.0 -9999.0 -9999.0 -9999.0 -9999.0 -9999.0 -0.020719 -0.010537 -0.007989 -0.383996 -0.005159 -0.100899 -0.736353 -0.162338 -0.915022 -1.481312 -0.153147 -0.132584 -0.013832 -0.008724 -0.008418 -0.214954 -0.714187 -0.698284 -0.039268 -0.041430 -0.204455 -0.739883 -0.950820 -1.026230 -3.002996 -2.089592 -4.149167 -9.481145 -8.210904 -4.739526 -5.620234 -4.903928 -4.957903 -5.808670 -0.354640 -0.985887 -0.117888 -0.471703 -0.174458 -0.399349 -0.385777 -0.616285 -0.625685 -0.677246 -0.634987 -0.003466 -0.003677 -9999.0 -9999.0 -9999.0 -9999.0 -9999.0
-9999.0 -9999.0 -9999.0 -9999.0 -9999.0 -9999.0 -9999.0 -9999.0 -9999.0 -0.575195 -0.042176 -0.018433 -0.042882 -0.016357 -0.012378 -0.210454 -0.048510 -0.007668 -1.037448 -1.805993 -0.006319 -0.011519 -0.007108 -0.010792 -0.293808 -0.621095 -0.814255 -0.022561 -0.014710 -0.023185 -0.485978 -0.904713 -1.368334 -1.782892 -1.384541 -2.312440 -1.835264 -2.630447 -2.654755 -4.594077 -7.341769 -1.955175 -1.814404 -3.372463 -4.594764 -0.029481 0.003333 -0.540074 -0.395081 -0.723891 -0.466765 -0.138119 -0.694361 -0.473772 -0.091985 -0.018052 -0.006855 0.000806 -0.001682 -9999.0 -9999.0 -9999.0
-9999.0 -9999.0 -9999.0 -9999.0 -9999.0 -9999.0 -9999.0 -9999.0 -9999.0 -0.567215 -0.588116 -0.536935 -0.001396 -0.026048 -0.010720 -0.009616 -0.001595 -0.118309 -1.474999 -0.007051 -0.005532 -0.005248 -0.484756 -0.078392 -0.489295 -0.227089 -0.016659 -0.007344 -0.199040 -0.684414 -1.080913 -0.872491 -0.801190 -0.846906 -0.784200 -0.964737 -0.833811 -1.191097 -1.274889 -1.470158 -0.507304 -1.031002 -0.659414 -2.078942 -2.067640 -1.765380 -1.769839 -0.259765 -0.017305 -0.689017 -0.128094 -0.125612 -0.222948 -0.453901 -0.541646 -0.059525 -0.006955 -0.008812 0.001193 -9999.0 -9999.0 -9999.0
-9999.0 -9999.0 -9999.0 -9999.0 -9999.0 -9999.0 -9999.0 -9999.0 -9999.0 -9999.0 -0.611156 -0.353006 -0.116218 -1.009430 -0.100297 -0.010260 -0.012905 -0.188378 -2.130266 -0.584076 -0.207988 -0.520731 -0.025268 -0.013726 -0.102802 -0.008211 -0.135098 -1.012766 -0.685703 -0.644801 -0.654533 -0.280223 -0.767589 -0.754617 -0.922220 -0.106911 -0.229000 -0.847548 -1.068868 -0.914815 -0.952579 -0.659940 -0.962177 -0.398373 -1.526567 -3.683244 -1.584084 -0.889842 -1.530071 -0.544964 -0.053892 -0.030442 -0.023728 -0.088953 -0.256871 -0.560132 -0.045271 -0.021195 -0.004829 -0.005994 -9999.0 -9999.0
-9999.0 -9999.0 -9999.0 -9999.0 -9999.0 -9999.0 -9999.0 -9999.0 -9999.0 -9999.0 -0.626535 -0.521763 -0.052542 -0.037258 -0.012177 -0.646906 -0.418312 -0.432987 -0.166726 -0.005849 -0.579564 -0.009391 -0.003985 -0.015967 -0.008963 -0.288990 -0.748700 -0.492412 -0.394784 -0.747383 -0.742179 -0.248113 -0.710168 -0.774693 -0.794637 -0.790027 -0.821495 -1.151036 -0.963687 -0.788907 -0.485549 -0.535028 -0.240832 -0.669208 -0.036381 -0.030011 -0.072091 -1.486866 -5.173732 -1.463643 -0.525445 -0.018754 -0.011442 -0.082292 -0.133329 -0.004373 -0.561246 -0.006478 -3.794868 -1.274622 -9999.0 -9999.0
-9999.0 -9999.0 -9999.0 -9999.0 -9999.0 -9999.0 -9999.0 -9999.0 -0.009804 -0.009846 -0.180188 -0.144730 -0.024941 -0.026123 -0.051322 -1.106335 -1.347379 -0.055081 0.012471 0.016255 -0.250021 -1.647355 -0.619624 0.004286 -0.003918 -1.983312 -0.199386 -0.300224 -0.242601 -0.747149 -0.934373 -0.753686 -0.696766 -0.750530 -0.443931 -0.768287 -0.144169 -1.023871 -0.850037 -0.702329 -0.709729 -0.686478 -0.718163 -0.739005 -0.384276 -0.011392 -0.548694 -0.008854 -1.069713 -1.409730 -0.196088 -0.006601 -0.009752 -0.048724 -0.001370 0.000538 0.001058 -0.006864 -0.206998 -1.507626 -9999.0 -9999.0
-9999.0 -9999.0 -9999.0 -9999.0 -9999.0 -9999.0 -9999.0 -9999.0 -0.012611 -0.006734 -0.470125 -0.672644 -0.589235 -0.025073 -0.009499 -0.629751 -0.809580 -0.738449 0.001950 0.061415 0.070174 0.055175 -0.538971 -0.423063 -2.065668 -1.345835 -0.946372 -0.251355 -0.696986 -0.414584 -0.426641 -0.664170 -0.368630 -0.544129 -0.072509 -0.068871 -0.142719 -0.244290 -0.682373 -0.126497 -0.752348 -0.759821 -0.677331 -0.020615 -0.056783 -0.019983 -0.635576 -0.571173 -0.288424 -1.067947 -0.849605 -0.009945 -0.012800 -0.001166 -0.021189 -0.005077 -0.007796 -0.039683 -0.584981 0.169457 0.200032 -9999.0
-9999.0 -9999.0 -9999.0 -9999.0 -9999.0 -9999.0 -9999.0 -9999.0 -0.659179 -0.027281 -0.005741 -0.275302 -0.079464 -0.412049 -0.008575 -0.016310 -1.044481 -0.312693 0.005733 0.011736 0.121133 0.086417 0.071815 0.005218 -0.317716 -1.424051 -0.807345 -0.362033 -0.762358 -0.705743 -0.656749 -0.073113 -0.726615 -0.655355 -0.019760 -0.012324 -0.050953 -0.337128 -0.452589 -0.387382 -0.400136 -0.550993 -0.024529 -0.287196 -0.395236 -0.518815 -0.176642 -0.006407 -0.101936 -0.502421 -0.249318 -0.290898 -0.010360 -0.031363 -0.017104 -0.058420 -0.878871 -0.618813 0.034307 0.064513 0.177073 -9999.0
-9999.0 -9999.0 -9999.0 -9999.0 -9999.0 -9999.0 -9999.0 -9999.0 -0.665973 -0.065363 -0.012075 -0.610783 -0.005021 -0.007022 -0.004742 -0.946178 -0.288432 0.013665 -1.179476 0.021389 0.064154 0.131724 0.116364 0.084128 -0.082383 -0.172830 -0.016691 -0.323468 -0.018468 -0.011548 -0.439150 -0.299731 -0.010517 -0.020524 -0.596415 -0.125212 -0.177679 -0.156358 -0.088484 -0.560400 -0.037866 -0.010582 -0.008606 -0.575739 -0.015622 -0.171118 -0.002396 -0.226667 -0.005678 -0.041609 -0.563882 -0.107125 -0.432411 -0.013102 -0.624071 -0.601450 0.016879 -0.446196 0.149340 0.170658 -0.190931 -1.175145
-9999.0 -9999.0 -9999.0 -9999.0 -9999.0 -9999.0 -9999.0 -9999.0 -0.295975 -0.050004 -0.005492 -0.008356 -0.003810 -0.497810 -0.035787 -0.456627 -1.306846 -1.627433 -0.656304 -0.270188 -0.011493 0.098879 0.115495 0.102368 0.010079 -0.001361 -0.066199 -0.009708 -0.005077 -0.012747 -0.032707 -0.019523 -0.422899 -0.036180 -0.385953 -0.025296 -0.024668 -0.023431 -0.228755 -0.046008 -0.172840 -0.028688 -0.017737 -0.026428 -0.666335 -0.012453 -0.041558 -0.029566 -0.009039 -0.309696 -0.455126 -2.594286 -0.041237 -0.146349 0.007240 0.008795 0.133225 0.142044 0.027484 -0.144948 -2.394713 -0.515852
-9999.0 -9999.0 -0.508593 -0.125182 -0.032075 -0.272307 -0.008526 -0.343548 -0.158625 -0.072907 -0.043746 -0.556964 -0.258230 -0.101195 0.006977 -1.341665 -0.603092 -0.056158 -0.036078 -0.483338 -0.277199 0.045246 0.096843 -0.382015 -0.105637 -0.301845 -0.004670 -0.114110 -1.015245 -0.093979 -0.007289 -0.004335 -0.006930 -0.473345 -0.083666 -0.156197 -0.037757 -0.002392 -0.045684 -0.038636 -0.063577 -0.056037 -0.415485 -0.267832 -0.010456 -0.018280 -0.309952 -0.791100 -1.245165 -0.576309 0.008250 0.038987 0.127274 0.067247 0.043839 0.015850 -0.002700 -0.057448 -0.601860 -2.430507 -0.114060 -0.009468
-9999.0 -0.014347 -0.012439 -0.007893 -0.025838 -0.006796 -0.020337 -0.237213 -0.306142 -0.470513 -0.021604 -0.005367 -0.611867 0.025936 -0.006396 -0.005322 -0.027747 -0.107080 -0.015725 -0.550989 -0.320534 0.011752 -0.018726 0.072709 0.074153 -0.563008 0.018989 0.008737 -0.568842 -0.338082 -0.162094 -0.149544 -0.241988 0.017424 -0.206260 -0.001172 -0.003953 0.011605 0.014258 -0.096847 -0.232554 -0.281204 -0.383075 -0.680866 -0.234448 -0.395832 -0.620176 -1.043668 0.029750 -0.572804 0.103435 0.081626 -0.012672 -0.377508 -0.413771 -0.664335 -1.361587 -1.239567 -0.236682 -0.067764 -0.001043 -0.001689
-9999.0 -0.017859 -0.031278 -0.010060 -0.003156 -0.026540 -0.016631 -0.575772 -0.276147 -0.370179 -0.047676 -0.009713 -0.592658 -0.003967 -0.432903 -0.045031 -0.261261 -0.364748 -0.010940 -0.558505 -0.009222 -0.583226 0.013940 -0.258158 -0.391055 0.041146 0.062988 0.091539 0.080236 0.047347 0.034769 0.007377 -0.288043 0.019980 -0.004168 0.149203 0.175553 1.406791 0.555644 0.477128 0.177033 0.109807 0.011352 0.047277 0.069632 0.091074 0.180842 0.200677 0.120160 0.105800 -0.401235 -2.526167 -1.355587 -2.565005 -1.475464 -0.456861 -0.449265 -0.039942 -0.008272 -0.006017 -0.004833 -9999.0
