erum2020/resources/simulation/Vinschgau/output-maps/TL0001N0883.asc
ncols         63
nrows         48
xllcorner     598000.000000
yllcorner     5145000.000000
cellsize      1000.000000
NODATA_value  -9999.0
[rows 0 to 27 of 48, columns 0 to 62 of 63]
-9999.0 -9999.0 -9999.0 -9999.0 -9999.0 -9999.0 -9999.0 -9999.0 -9999.0 -9999.0 -9999.0 -9999.0 -9999.0 -9999.0 -9999.0 -9999.0 -9999.0 -9999.0 -9999.0 -9999.0 -9999.0 -9999.0 -9999.0 -9999.0 -9999.0 -9999.0 -9999.0 -9999.0 -9999.0 -9999.0 -9999.0 -9999.0 -9999.0 -9999.0 -9999.0 -9999.0 -9999.0 -9999.0 -9999.0 -9999.0 -9999.0 -9999.0 -9999.0 -9999.0 -9999.0 -9999.0 -9999.0 -9999.0 -9999.0 -9999.0 -9999.0 -9999.0 -9999.0 -9999.0 -9999.0 -9999.0 -9999.0 -9999.0 -9999.0 -9999.0 -9999.0 -9999.0 -9999.0
-9999.0 -9999.0 -9999.0 -9999.0 -9999.0 -9999.0 -9999.0 -9999.0 -9999.0 -9999.0 -9999.0 -9999.0 -9999.0 -9999.0 -9999.0 -9999.0 -9999.0 -9999.0 -9999.0 -9999.0 -9999.0 -9999.0 -9999.0 -9999.0 -9999.0 -9999.0 -9999.0 -5.117274 -3.809730 -4.235706 -4.453503 -5.218059 -5.569919 -9999.0 -9999.0 -9999.0 -9999.0 -9999.0 -9999.0 -9999.0 -9999.0 -9999.0 -9999.0 -9999.0 -9999.0 -9999.0 -9999.0 -9999.0 -9999.0 -9999.0 -9999.0 -9999.0 -9999.0 -9999.0 -9999.0 -9999.0 -9999.0 -9999.0 -9999.0 -9999.0 -9999.0 -9999.0 -9999.0
-9999.0 -9999.0 -9999.0 -9999.0 -9999.0 -9999.0 -9999.0 -9999.0 -9999.0 -9999.0 -9999.0 -9999.0 -9999.0 -9999.0 -9999.0 -9999.0 -9999.0 -9999.0 -9999.0 -9999.0 -9999.0 -9999.0 -9999.0 -9999.0 -3.040712 -2.746057 -1.975392 -2.963427 -2.343379 -4.182969 -4.761478 -9999.0 -9999.0 -9999.0 -9999.0 -9999.0 -9999.0 -9999.0 -9999.0 -9999.0 -9999.0 -9999.0 -9999.0 -9999.0 -9999.0 -9999.0 -9999.0 -9999.0 -9999.0 -9999.0 -9999.0 -9999.0 -9999.0 -9999.0 -9999.0 -9999.0 -9999.0 -9999.0 -9999.0 -9999.0 -9999.0 -9999.0 -9999.0
-9999.0 -9999.0 -9999.0 -9999.0 -9999.0 -9999.0 -9999.0 -9999.0 -9999.0 -9999.0 -9999.0 -9999.0 -9999.0 -9999.0 -9999.0 -9999.0 -9999.0 -9999.0 -9999.0 -9999.0 -9999.0 -9999.0 -9999.0 -2.628216 -1.202900 -0.008903 0.520937 1.102640 0.023508 -2.470951 -4.672939 -5.286003 -9999.0 -9999.0 -9999.0 -9999.0 -9999.0 -9999.0 -9999.0 -9999.0 -9999.0 -9999.0 -9999.0 -9999.0 -9999.0 -9999.0 -9999.0 -9999.0 -9999.0 -9999.0 -9999.0 -9999.0 -9999.0 -9999.0 -9999.0 -9999.0 -9999.0 -9999.0 -9999.0 -9999.0 -9999.0 -9999.0 -9999.0
-9999.0 -9999.0 -9999.0 -9999.0 -9999.0 -9999.0 -9999.0 -9999.0 -9999.0 -9999.0 -9999.0 -9999.0 -9999.0 -9999.0 -9999.0 -9999.0 -9999.0 -9999.0 -0.006601 -1.449779 -9999.0 -2.039022 -1.254862 -0.013529 -0.005181 1.052262 -0.012114 -0.013247 -0.010131 -0.041181 -2.845963 -4.390081 -6.166895 -8.131649 -9999.0 -9999.0 -9999.0 -9999.0 -9999.0 -9999.0 -9999.0 -9999.0 -9999.0 -9999.0 -9999.0 -9999.0 -9999.0 -9999.0 -9999.0 -9999.0 -9999.0 -9999.0 -9999.0 -9999.0 -9999.0 -9999.0 -9999.0 -9999.0 -9999.0 -9999.0 -9999.0 -9999.0 -9999.0
-9999.0 -9999.0 -9999.0 -9999.0 -9999.0 -9999.0 -9999.0 -9999.0 -9999.0 -9999.0 -9999.0 -9999.0 -9999.0 -9999.0 -9999.0 -9999.0 -9999.0 4.072278 2.384459 1.139749 -2.449274 -0.068550 -0.042703 -0.022257 -0.011143 -0.027715 -0.238543 -0.063184 -0.084873 -0.019963 -0.960860 -2.777898 -4.451377 -4.970912 -6.832417 -7.993226 -9999.0 -9999.0 -9999.0 -9999.0 -9999.0 -9999.0 -9999.0 -9999.0 -9999.0 -9999.0 -9999.0 -9999.0 -9999.0 -9999.0 -9999.0 -9999.0 -9999.0 -9999.0 -9999.0 -9999.0 -9999.0 -9999.0 -9999.0 -9999.0 -9999.0 -9999.0 -9999.0
-9999.0 -9999.0 -9999.0 -9999.0 -9999.0 -9999.0 -9999.0 -9999.0 -9999.0 -9999.0 -9999.0 -9999.0 -9999.0 -0.900853 -0.021183 1.837757 3.562920 3.723008 3.644613 -0.011648 -0.009576 -0.013541 -0.005536 -0.010100 -0.030357 -1.243670 -2.295568 -0.927045 -0.885885 -0.106742 -1.822215 -3.505394 -4.853785 -5.540146 -5.991215 -8.279599 -9999.0 -9999.0 -9999.0 -9999.0 -9999.0 -9999.0 -9999.0 -9999.0 -9999.0 -9999.0 -9999.0 -9999.0 -9999.0 -9999.0 -9999.0 -9999.0 -9999.0 -9999.0 -9999.0 -9999.0 -9999.0 -9999.0 -9999.0 -9999.0 -9999.0 -9999.0 -9999.0
-9999.0 -9999.0 -9999.0 -9999.0 -9999.0 -9999.0 -9999.0 -9999.0 -9999.0 -9999.0 -9999.0 -9999.0 -9999.0 -0.241913 1.045944 2.700601 2.868177 2.850756 3.799539 1.348524 2.659015 0.387838 0.920275 -0.005872 -0.039764 -0.101944 -3.770970 -4.600883 -5.729689 -1.791715 -1.262032 -4.234037 -6.083603 -9.504482 -7.244374 -9999.0 -9999.0 -9999.0 -9999.0 -9999.0 -9999.0 -9999.0 -9999.0 -9999.0 -9999.0 -9999.0 -9999.0 -9999.0 -9999.0 -9999.0 -9999.0 -9999.0 -9999.0 -9999.0 -9999.0 -9999.0 -9999.0 -9999.0 -9999.0 -9999.0 -9999.0 -9999.0 -9999.0
-9999.0 -9999.0 -9999.0 -9999.0 -9999.0 -9999.0 -9999.0 -9999.0 -9999.0 -9999.0 -9999.0 -9999.0 -9999.0 0.570370 0.168640 1.723040 2.248236 3.136258 3.999743 3.502127 0.651285 -0.043421 -0.025779 -0.058248 -0.023167 -0.026912 -3.487495 -5.985695 -5.268105 -8.379506 -4.797445 -10.108333 -10.492506 -12.851111 -8.712234 -9999.0 -9999.0 -9999.0 -9999.0 -9999.0 -9999.0 -9999.0 -9999.0 -9999.0 -9999.0 -9999.0 -9999.0 -9999.0 -9999.0 -9999.0 -9999.0 -9999.0 -9999.0 -9999.0 -9999.0 -9999.0 -9999.0 -9999.0 -9999.0 -9999.0 -9999.0 -9999.0 -9999.0
-9999.0 -9999.0 -9999.0 -9999.0 -9999.0 -9999.0 -9999.0 -9999.0 -9999.0 -9999.0 -9999.0 -9999.0 -0.020256 -0.021057 1.179487 -0.014305 0.581139 2.481147 3.382520 2.241847 -0.013257 -0.123929 -0.097152 -0.305947 -1.873721 -3.822614 -3.402549 -4.901801 -4.801575 -6.269444 -10.087236 -6.446282 -5.368389 -8.988936 -9999.0 -9999.0 -9999.0 -9999.0 -9999.0 -9999.0 -9999.0 -9999.0 -9999.0 -9999.0 -9999.0 -9999.0 -9999.0 -9999.0 -9999.0 -9999.0 -9999.0 -9999.0 -9999.0 -9999.0 -9999.0 -9999.0 -9999.0 -9999.0 -9999.0 -9999.0 -9999.0 -9999.0 -9999.0
-9999.0 -9999.0 -9999.0 -9999.0 -9999.0 -9999.0 -9999.0 -9999.0 -9999.0 -9999.0 -9999.0 -0.772994 0.370412 0.528463 0.368736 -0.043587 0.944965 2.427993 3.298173 1.589521 1.055120 -0.014072 -1.746456 -3.390559 -0.553124 -3.113289 -5.194018 -3.989378 -4.566198 -7.889068 -6.665346 -4.531075 -5.634040 -7.494349 -6.782440 -5.372319 -5.010481 -4.037691 -3.781009 -9999.0 -9999.0 -9999.0 -7.623959 -9999.0 -9999.0 -9999.0 -9999.0 -9999.0 -9999.0 -9999.0 -9999.0 -9999.0 -9999.0 -9999.0 -9999.0 -9999.0 -9999.0 -9999.0 -9999.0 -9999.0 -9999.0 -9999.0 -9999.0
-9999.0 -9999.0 -9999.0 -9999.0 -9999.0 -9999.0 -9999.0 -9999.0 -9999.0 -9999.0 -9999.0 -1.002864 0.810124 1.994220 1.913923 -0.763124 3.150299 3.292563 3.497458 2.239033 0.719149 -0.189652 -1.402989 -2.929928 -2.107402 -3.918008 -4.300573 -3.025407 -4.635441 -7.483282 -4.021990 -3.901066 -5.285841 -6.084132 -6.813319 -4.036892 -2.430971 -2.390069 -3.812289 -7.173319 -7.111078 -7.618572 -4.268230 -6.184727 -9999.0 -9999.0 -9999.0 -8.035052 -7.043715 -6.685019 -6.034728 -7.704942 -7.919774 -7.271482 -6.939064 -8.428639 -9999.0 -9999.0 -9999.0 -9999.0 -9999.0 -9999.0 -9999.0
-9999.0 -9999.0 -9999.0 -9999.0 -9999.0 -9999.0 -9999.0 -9999.0 -9999.0 -9999.0 -9999.0 -2.141476 -1.062782 -0.155025 -0.059342 -0.186032 -0.009676 2.629906 2.650842 2.276406 1.352244 -0.030866 -1.296605 -3.009890 -3.954714 -4.942282 -1.673251 -3.728714 -5.250154 -6.457032 -5.690343 -4.230339 -2.872913 -5.760935 -6.196877 -2.708138 -3.360527 -2.886682 -1.607544 -5.560363 -3.588507 -5.079305 -2.887222 -3.849366 -5.866871 -9999.0 -8.927980 -5.838478 -4.302311 -3.229901 -2.969167 -3.711410 -3.790052 -4.490798 -4.646936 -5.598188 -9999.0 -9999.0 -9999.0 -9999.0 -9999.0 -9999.0 -9999.0
-9999.0 -9999.0 -9999.0 -9999.0 -9999.0 -9999.0 -9999.0 -9999.0 -9999.0 -9999.0 -9999.0 -9999.0 -0.852795 -0.423212 -0.396115 -0.324228 -0.008601 1.852644 3.047422 2.293572 1.146973 -0.022504 -0.206801 -0.922307 -3.340579 -1.805403 -2.015726 -3.260213 -4.576675 -6.096253 -4.276603 -4.014105 -2.924576 -4.835823 -5.407278 -3.667051 -1.903746 -2.419655 -0.068294 -2.954678 -2.101514 -3.595455 -1.398654 -1.762422 -5.709932 -6.125823 -7.116115 -5.707652 -3.323584 -1.427946 -0.484244 -3.854073 -3.088722 -4.483070 -5.125291 -4.442179 -5.486070 -9999.0 -9999.0 -9999.0 -9999.0 -9999.0 -9999.0
-9999.0 -9999.0 -9999.0 -9999.0 -9999.0 -9999.0 -9999.0 -9999.0 -9999.0 -9999.0 -9999.0 -0.752936 -2.642055 -1.138061 -0.546704 -0.028290 -0.014396 1.104133 2.485786 3.184541 1.469149 -0.004928 -0.409610 -2.069631 -1.433527 -0.297835 -0.706100 -4.816189 -5.026882 -4.585213 -1.986585 -3.143462 -1.748463 -4.688700 -6.837590 -4.064970 -3.908031 -1.147845 -0.033086 -0.814985 -1.187825 -0.064360 -0.739222 -1.363972 -1.134201 -4.636346 -3.561463 -4.423216 -3.540444 -0.241922 -4.241014 -4.552105 -6.474896 -7.431506 -8.435933 -9.420697 -6.298819 -9999.0 -9999.0 -9999.0 -9999.0 -9999.0 -9999.0
-9999.0 -9999.0 -9999.0 -9999.0 -9999.0 -9999.0 -9999.0 -9999.0 -9999.0 -9999.0 -1.997919 -0.492929 -1.526704 -1.547300 -0.498506 -0.752993 -0.783957 -0.021967 2.645062 2.834001 0.775591 -0.008908 -0.706622 -0.899974 -0.071680 -1.866126 -2.696772 -5.178593 -3.040444 -2.207397 -2.560324 -2.632659 -2.173088 -4.701469 -8.469913 -5.657792 -2.844357 -1.677525 -0.052170 -0.023309 -0.021964 -0.001545 0.439093 0.349377 -0.172126 -4.389737 -3.466122 -1.161944 -0.740951 -0.069642 -6.603490 -6.874465 -8.928368 -10.254586 -9.770205 -4.732818 -4.529443 -9999.0 -9999.0 -9999.0 -9999.0 -9999.0 -9999.0
-9999.0 -9999.0 -9999.0 -9999.0 -9999.0 -9999.0 -9999.0 -9999.0 -9999.0 -3.730822 -1.383496 -1.618816 -0.674185 -0.994861 -0.684922 -0.420051 -0.228088 -0.022361 2.386418 3.251885 1.175287 -0.014167 -0.018373 -0.020988 -0.029846 -1.611193 -3.534527 -2.124066 -0.471982 -0.051154 -0.027161 -1.806867 -5.376461 -9.405341 -7.363941 -5.756965 -2.930320 -2.246766 -1.787165 -0.307052 -0.028912 -0.257449 -0.589794 1.033025 0.391699 -0.303397 -0.355992 -1.418862 -1.369594 -0.026987 -2.735620 -6.342526 -11.223914 -9.334505 -7.570574 -6.734422 -5.878453 -5.878339 -7.164123 -9999.0 -9999.0 -9999.0 -9999.0
-9999.0 -9999.0 -9999.0 -9999.0 -9999.0 -9999.0 -9999.0 -9999.0 -9999.0 -5.241639 -3.903787 -2.222476 -0.515693 -0.046513 -0.293382 -1.027768 -0.471065 -0.019149 3.045710 2.115730 1.753544 0.884123 -0.007236 -0.045951 -1.224589 -2.174919 -0.915968 -0.075471 -0.019454 -0.038987 -0.397914 -2.187829 -3.632209 -5.684333 -4.458686 -5.724302 -5.191074 -3.915125 -3.947500 -1.647610 -0.869030 -2.652216 -0.782374 -0.015754 1.663571 0.778031 0.451810 -0.021257 -0.047599 -0.025258 -3.051644 -6.260967 -8.852906 -7.844952 -6.696418 -7.627286 -5.578386 -4.705153 -4.841724 -9999.0 -9999.0 -9999.0 -9999.0
-9999.0 -9999.0 -9999.0 -9999.0 -9999.0 -9999.0 -9999.0 -9999.0 -9999.0 -9999.0 -4.469469 -2.200070 -0.128305 -0.679273 -0.035076 -0.216723 -0.054491 0.200113 3.855005 2.801870 1.811507 1.549831 -0.029647 -0.204785 -1.471529 -0.172751 -0.025138 -0.011372 -0.444218 -1.741516 -2.093781 -2.763476 -4.627598 -5.124163 -2.989537 -3.510487 -1.806579 -1.236486 -5.162009 -4.111009 -4.560883 -1.569590 -1.188834 -0.273854 -0.022424 -0.019834 0.501653 0.136137 1.115474 -0.025530 -2.002956 -4.657781 -7.657004 -8.623055 -7.998226 -5.871581 -3.408317 -1.838301 -2.100795 -0.141886 -9999.0 -9999.0 -9999.0
-9999.0 -9999.0 -9999.0 -9999.0 -9999.0 -9999.0 -9999.0 -9999.0 -9999.0 -9999.0 -4.690892 -3.470587 -2.172259 -0.065184 -0.011348 -0.018544 -0.022291 1.552426 4.233127 3.832645 2.629020 0.331555 -0.036903 -0.473903 -0.172983 -0.019133 0.474952 -0.020797 -1.431382 -4.308723 -4.193334 -3.923053 -5.827559 -5.878168 -4.094623 -1.310846 -1.816483 -0.318612 -2.792727 -4.975220 -3.817322 -3.214041 -1.494926 -2.638906 -0.885675 -0.378477 -0.061576 -0.022136 1.789500 0.827547 -0.027745 -2.793556 -4.923064 -7.171333 -9.264208 -8.439566 -5.941395 -1.515902 0.668981 0.560884 -9999.0 -9999.0 -9999.0
-9999.0 -9999.0 -9999.0 -9999.0 -9999.0 -9999.0 -9999.0 -9999.0 -2.929678 -4.297922 -5.234432 -2.910880 -3.455529 -1.293371 -0.052555 0.915997 1.924650 1.841881 3.507296 4.337763 4.411358 3.058803 1.887353 -0.011415 -0.022700 1.373518 -0.011957 -0.948729 -2.444636 -4.266544 -8.833410 -4.116749 -4.059769 -5.583827 -3.647601 -3.786775 -0.635889 -0.533703 -2.695053 -5.748764 -4.495904 -1.919510 -4.244464 -5.374356 -3.428227 -1.760149 -2.508220 -0.840626 -0.020292 1.061263 -0.021312 -0.849066 -3.829274 -6.718991 -7.968129 -5.105562 -5.570065 -1.149619 -0.019330 2.980503 -9999.0 -9999.0 -9999.0
-9999.0 -9999.0 -9999.0 -9999.0 -9999.0 -9999.0 -9999.0 -9999.0 -3.780028 -1.979581 -3.732678 -5.085820 -3.787111 -2.625942 -1.071677 -0.020323 0.810258 1.401892 4.786874 4.869687 4.197294 3.236300 1.929228 0.142172 2.303878 2.307297 0.288865 -0.474705 -5.782094 -4.889650 -5.677762 -5.279180 -3.549903 -5.096476 -3.050505 -2.341873 -0.057348 -0.278613 -0.682071 -2.943142 -4.239241 -7.500171 -4.954080 -2.790319 -2.241862 -1.144978 -4.611150 -3.158756 -0.454085 0.999187 0.626814 -0.395274 -4.836935 -5.734039 -3.683987 -3.812101 -1.647942 -0.063172 1.352957 3.722245 4.883897 -9999.0 -9999.0
-9999.0 -9999.0 -9999.0 -9999.0 -9999.0 -9999.0 -9999.0 -9999.0 -4.085788 -3.361120 -3.064983 -4.547542 -4.409633 -3.955532 -1.129132 -0.930627 -0.017919 0.824628 4.699175 4.281864 5.335374 4.067869 3.522715 3.440224 2.271050 2.054172 -0.007870 -1.381622 -4.947053 -4.044322 -4.725307 -1.859630 -2.894780 -2.462176 -1.574908 -1.539903 -0.032122 1.108432 -0.031334 -1.241638 -3.087457 -4.577036 -2.957807 -3.484070 -2.180286 -3.026473 -5.683683 -3.984024 -3.017437 -0.025877 1.973761 -0.024008 -4.621797 -4.999194 -2.624141 -1.319606 -0.010754 1.232878 3.362051 3.849412 4.387940 -9999.0 -9999.0
-9999.0 -9999.0 -9999.0 -9999.0 -9999.0 -9999.0 -9999.0 -9999.0 -6.638669 -2.855721 -1.063070 -5.337731 -3.463658 -1.642049 -0.382101 -0.011046 3.165131 4.460246 2.580991 5.040168 4.734375 5.153878 4.147974 3.616845 2.752018 0.370676 -0.068788 -2.140126 -1.869617 -1.108829 -1.437950 -0.707874 -0.044913 -0.064436 -0.362008 -0.915070 -0.013736 2.838003 -0.002777 -0.133958 -2.359356 -2.068194 -2.101215 -3.450679 -3.715511 -4.484202 -2.975085 -3.757413 -3.714038 -1.685572 -0.023460 1.570243 -0.024521 -1.106664 -0.021244 0.477488 1.989921 3.456355 4.477688 4.158758 3.245283 1.815936 -9999.0
-9999.0 -9999.0 -9999.0 -9999.0 -9999.0 -9999.0 -9999.0 -9999.0 -6.628579 -3.208376 -2.309516 -1.711666 -0.533405 -0.061185 -0.032039 0.853131 1.085979 1.551121 -0.005519 1.790491 4.006040 4.458811 4.785134 4.483277 1.427835 -0.019952 -1.243681 -0.182493 -0.033580 -0.262895 -0.352841 -0.024117 0.796993 -0.010886 -0.024404 -0.012595 1.034472 4.751656 4.171724 0.671785 -0.021616 -0.025583 -0.015504 -0.041013 -1.561973 -1.245809 -0.541321 -0.124130 -0.656157 -0.026853 -0.001066 0.964663 1.331833 0.548229 1.160855 1.467961 2.201691 2.959613 3.552736 3.200508 3.021354 1.248074 -9999.0
-9999.0 -9999.0 -3.629154 -3.036248 -4.231508 -2.438555 -3.872107 -3.501879 -4.926282 -3.982391 -1.767068 -0.313128 -0.071206 -0.028594 -0.007418 0.445834 -0.026238 -1.358896 -0.849484 -0.018837 1.691989 4.324390 3.609404 5.538329 2.499839 1.049193 -0.021545 -0.017322 1.351651 -0.009367 -0.028114 -0.007009 1.664438 2.061565 2.215597 3.370205 4.463051 7.185131 6.166005 3.322628 2.221318 2.225295 2.735288 1.000733 -0.020150 -0.025961 0.091970 0.822944 0.986721 1.970201 2.643556 2.481012 1.900834 1.455041 1.398265 1.880772 1.982236 2.352953 1.956318 2.409877 0.330485 0.519937 -9999.0
-9999.0 -0.970994 -1.059923 -1.275596 -2.293929 -3.474697 -3.866555 -3.895488 -4.902069 -5.054173 -2.947608 -0.992586 -0.009948 -0.225200 -0.016750 -0.392744 -1.451335 -2.841007 -1.184732 -0.024921 1.505401 3.002343 1.914952 3.450250 2.807192 2.194186 1.043007 1.357903 2.488642 1.496905 1.301204 1.304521 2.708173 3.792771 4.961203 6.149318 7.642403 10.319844 7.767681 6.287526 5.475231 5.294717 4.590200 3.540725 2.362164 2.750738 2.723748 4.725788 4.119558 4.743517 3.231459 2.481465 1.747480 1.028419 0.966486 0.526750 0.332296 0.667571 0.154187 -0.013590 -0.005411 0.313832 -9999.0
-9999.0 -0.630946 -0.996715 -0.464715 -0.468916 -1.844191 -2.673870 -4.413466 -5.234640 -5.354087 -3.496314 -1.379679 -0.013399 -0.015056 -0.086515 -2.615596 -3.701590 -3.193841 -0.474563 -0.017431 -0.012813 1.172655 1.963030 0.973584 2.170560 3.040728 4.877875 4.420474 3.847212 5.474264 5.879793 5.567904 4.435407 5.313022 6.214159 8.141058 9.967533 11.025989 10.333399 9.469443 8.682673 7.797839 6.710703 7.277664 7.367955 7.115722 5.319905 5.125514 4.630540 3.976143 2.398991 1.286492 0.423498 1.083397 0.323546 -0.046902 -0.056180 -0.053409 -0.040385 -0.115884 -0.037224 -9999.0 -9999.0
