erum2020/resources/simulation/Vinschgau/output-maps/TL0006N0423.asc
ncols         63
nrows         48
xllcorner     598000.000000
yllcorner     5145000.000000
cellsize      1000.000000
NODATA_value  -9999.0
[rows 0 to 27 of 48, columns 0 to 62 of 63]
-9999.0 -9999.0 -9999.0 -9999.0 -9999.0 -9999.0 -9999.0 -9999.0 -9999.0 -9999.0 -9999.0 -9999.0 -9999.0 -9999.0 -9999.0 -9999.0 -9999.0 -9999.0 -9999.0 -9999.0 -9999.0 -9999.0 -9999.0 -9999.0 -9999.0 -9999.0 -9999.0 -9999.0 -9999.0 -9999.0 -9999.0 -9999.0 -9999.0 -9999.0 -9999.0 -9999.0 -9999.0 -9999.0 -9999.0 -9999.0 -9999.0 -9999.0 -9999.0 -9999.0 -9999.0 -9999.0 -9999.0 -9999.0 -9999.0 -9999.0 -9999.0 -9999.0 -9999.0 -9999.0 -9999.0 -9999.0 -9999.0 -9999.0 -9999.0 -9999.0 -9999.0 -9999.0 -9999.0
-9999.0 -9999.0 -9999.0 -9999.0 -9999.0 -9999.0 -9999.0 -9999.0 -9999.0 -9999.0 -9999.0 -9999.0 -9999.0 -9999.0 -9999.0 -9999.0 -9999.0 -9999.0 -9999.0 -9999.0 -9999.0 -9999.0 -9999.0 -9999.0 -9999.0 -9999.0 -9999.0 9.577735 8.368858 7.235761 4.042376 0.987988 3.574042 -9999.0 -9999.0 -9999.0 -9999.0 -9999.0 -9999.0 -9999.0 -9999.0 -9999.0 -9999.0 -9999.0 -9999.0 -9999.0 -9999.0 -9999.0 -9999.0 -9999.0 -9999.0 -9999.0 -9999.0 -9999.0 -9999.0 -9999.0 -9999.0 -9999.0 -9999.0 -9999.0 -9999.0 -9999.0 -9999.0
-9999.0 -9999.0 -9999.0 -9999.0 -9999.0 -9999.0 -9999.0 -9999.0 -9999.0 -9999.0 -9999.0 -9999.0 -9999.0 -9999.0 -9999.0 -9999.0 -9999.0 -9999.0 -9999.0 -9999.0 -9999.0 -9999.0 -9999.0 -9999.0 8.576478 9.600333 9.825611 9.165948 7.388493 7.425983 4.955008 -9999.0 -9999.0 -9999.0 -9999.0 -9999.0 -9999.0 -9999.0 -9999.0 -9999.0 -9999.0 -9999.0 -9999.0 -9999.0 -9999.0 -9999.0 -9999.0 -9999.0 -9999.0 -9999.0 -9999.0 -9999.0 -9999.0 -9999.0 -9999.0 -9999.0 -9999.0 -9999.0 -9999.0 -9999.0 -9999.0 -9999.0 -9999.0
-9999.0 -9999.0 -9999.0 -9999.0 -9999.0 -9999.0 -9999.0 -9999.0 -9999.0 -9999.0 -9999.0 -9999.0 -9999.0 -9999.0 -9999.0 -9999.0 -9999.0 -9999.0 -9999.0 -9999.0 -9999.0 -9999.0 -9999.0 9.315159 9.736404 5.623564 7.533289 8.638248 5.304207 9.558804 7.884561 5.032922 -9999.0 -9999.0 -9999.0 -9999.0 -9999.0 -9999.0 -9999.0 -9999.0 -9999.0 -9999.0 -9999.0 -9999.0 -9999.0 -9999.0 -9999.0 -9999.0 -9999.0 -9999.0 -9999.0 -9999.0 -9999.0 -9999.0 -9999.0 -9999.0 -9999.0 -9999.0 -9999.0 -9999.0 -9999.0 -9999.0 -9999.0
-9999.0 -9999.0 -9999.0 -9999.0 -9999.0 -9999.0 -9999.0 -9999.0 -9999.0 -9999.0 -9999.0 -9999.0 -9999.0 -9999.0 -9999.0 -9999.0 -9999.0 -9999.0 11.166185 10.124339 -9999.0 8.657628 9.524605 7.099507 7.075567 9.157432 8.492384 8.579057 8.586862 7.334475 9.232869 7.674093 7.816851 4.816528 -9999.0 -9999.0 -9999.0 -9999.0 -9999.0 -9999.0 -9999.0 -9999.0 -9999.0 -9999.0 -9999.0 -9999.0 -9999.0 -9999.0 -9999.0 -9999.0 -9999.0 -9999.0 -9999.0 -9999.0 -9999.0 -9999.0 -9999.0 -9999.0 -9999.0 -9999.0 -9999.0 -9999.0 -9999.0
-9999.0 -9999.0 -9999.0 -9999.0 -9999.0 -9999.0 -9999.0 -9999.0 -9999.0 -9999.0 -9999.0 -9999.0 -9999.0 -9999.0 -9999.0 -9999.0 -9999.0 4.922806 6.347189 8.838097 10.441978 0.943930 5.173042 6.603551 11.021919 2.921199 1.922881 2.397671 1.864111 4.202899 8.145427 7.372590 7.326389 6.712069 2.922010 -1.391335 -9999.0 -9999.0 -9999.0 -9999.0 -9999.0 -9999.0 -9999.0 -9999.0 -9999.0 -9999.0 -9999.0 -9999.0 -9999.0 -9999.0 -9999.0 -9999.0 -9999.0 -9999.0 -9999.0 -9999.0 -9999.0 -9999.0 -9999.0 -9999.0 -9999.0 -9999.0 -9999.0
-9999.0 -9999.0 -9999.0 -9999.0 -9999.0 -9999.0 -9999.0 -9999.0 -9999.0 -9999.0 -9999.0 -9999.0 -9999.0 7.635356 3.837139 3.165489 5.857124 15.689802 4.674237 7.915462 6.858610 7.563830 9.969777 11.019342 2.651489 5.671001 1.962276 1.765527 1.628016 2.152400 2.608688 4.035838 4.066316 -0.244904 2.802229 -1.540109 -9999.0 -9999.0 -9999.0 -9999.0 -9999.0 -9999.0 -9999.0 -9999.0 -9999.0 -9999.0 -9999.0 -9999.0 -9999.0 -9999.0 -9999.0 -9999.0 -9999.0 -9999.0 -9999.0 -9999.0 -9999.0 -9999.0 -9999.0 -9999.0 -9999.0 -9999.0 -9999.0
-9999.0 -9999.0 -9999.0 -9999.0 -9999.0 -9999.0 -9999.0 -9999.0 -9999.0 -9999.0 -9999.0 -9999.0 -9999.0 8.628078 5.255500 3.119972 3.051093 11.876190 16.144842 9.980530 7.598341 9.554277 5.494824 3.089743 5.340802 3.692234 8.839445 4.391068 1.360622 0.351247 1.510641 -0.987077 -1.471491 -0.578691 -1.426918 -9999.0 -9999.0 -9999.0 -9999.0 -9999.0 -9999.0 -9999.0 -9999.0 -9999.0 -9999.0 -9999.0 -9999.0 -9999.0 -9999.0 -9999.0 -9999.0 -9999.0 -9999.0 -9999.0 -9999.0 -9999.0 -9999.0 -9999.0 -9999.0 -9999.0 -9999.0 -9999.0 -9999.0
-9999.0 -9999.0 -9999.0 -9999.0 -9999.0 -9999.0 -9999.0 -9999.0 -9999.0 -9999.0 -9999.0 -9999.0 -9999.0 4.963335 7.708322 3.211036 2.130752 3.934735 15.404958 4.599917 10.731503 4.278066 2.640387 2.132671 4.609651 2.736904 7.618498 1.433244 7.307632 -0.525399 -0.037603 -0.118195 -0.269712 -0.696787 -0.830611 -9999.0 -9999.0 -9999.0 -9999.0 -9999.0 -9999.0 -9999.0 -9999.0 -9999.0 -9999.0 -9999.0 -9999.0 -9999.0 -9999.0 -9999.0 -9999.0 -9999.0 -9999.0 -9999.0 -9999.0 -9999.0 -9999.0 -9999.0 -9999.0 -9999.0 -9999.0 -9999.0 -9999.0
-9999.0 -9999.0 -9999.0 -9999.0 -9999.0 -9999.0 -9999.0 -9999.0 -9999.0 -9999.0 -9999.0 -9999.0 4.077430 7.227368 2.938379 1.779705 0.389974 2.853275 12.292709 10.391430 6.127843 2.114961 0.572703 2.058461 2.814213 4.488044 1.949800 5.595042 7.349715 -0.123074 -0.166016 5.123429 4.990770 -2.362259 -9999.0 -9999.0 -9999.0 -9999.0 -9999.0 -9999.0 -9999.0 -9999.0 -9999.0 -9999.0 -9999.0 -9999.0 -9999.0 -9999.0 -9999.0 -9999.0 -9999.0 -9999.0 -9999.0 -9999.0 -9999.0 -9999.0 -9999.0 -9999.0 -9999.0 -9999.0 -9999.0 -9999.0 -9999.0
-9999.0 -9999.0 -9999.0 -9999.0 -9999.0 -9999.0 -9999.0 -9999.0 -9999.0 -9999.0 -9999.0 5.760432 2.408589 2.264044 1.751654 4.066178 1.182360 1.439305 11.785837 6.948469 4.401129 5.230428 7.614424 4.455055 2.389089 5.540498 -0.613974 6.479412 6.546894 -0.782987 2.560325 6.417374 5.813732 2.681855 5.622883 6.642398 9.214717 10.662978 11.564715 -9999.0 -9999.0 -9999.0 2.886373 -9999.0 -9999.0 -9999.0 -9999.0 -9999.0 -9999.0 -9999.0 -9999.0 -9999.0 -9999.0 -9999.0 -9999.0 -9999.0 -9999.0 -9999.0 -9999.0 -9999.0 -9999.0 -9999.0 -9999.0
-9999.0 -9999.0 -9999.0 -9999.0 -9999.0 -9999.0 -9999.0 -9999.0 -9999.0 -9999.0 -9999.0 5.340353 1.697701 2.519026 2.041963 -0.971282 3.392491 4.292013 11.670291 10.112833 11.688965 10.533877 8.605439 1.294879 0.290850 6.114028 7.431328 7.374786 6.777784 1.155832 6.373807 7.257062 8.162708 4.537076 4.109167 7.144365 8.819558 12.920139 12.182785 10.025930 10.172112 7.093752 6.954643 8.603673 -9999.0 -9999.0 -9999.0 -0.053418 2.182156 3.284307 4.048341 3.733239 1.751042 -0.018680 -0.012283 -0.026985 -9999.0 -9999.0 -9999.0 -9999.0 -9999.0 -9999.0 -9999.0
-9999.0 -9999.0 -9999.0 -9999.0 -9999.0 -9999.0 -9999.0 -9999.0 -9999.0 -9999.0 -9999.0 5.935343 -0.008971 0.598515 5.261123 5.142477 0.771079 1.963198 10.672554 10.883181 3.037053 4.658710 0.441994 7.925941 4.425684 8.155104 2.666320 2.044135 4.610476 3.930026 2.853447 1.211574 8.923544 6.032662 8.431467 7.846818 1.670029 6.401485 13.805986 11.474687 11.444224 8.088864 7.937289 8.753040 6.292272 -9999.0 -0.614770 3.180376 6.515435 7.656042 7.976150 8.281820 8.139509 8.072074 7.931211 5.565806 -9999.0 -9999.0 -9999.0 -9999.0 -9999.0 -9999.0 -9999.0
-9999.0 -9999.0 -9999.0 -9999.0 -9999.0 -9999.0 -9999.0 -9999.0 -9999.0 -9999.0 -9999.0 -9999.0 3.562845 -0.003772 8.391232 7.281765 0.434789 1.968294 12.277982 11.384742 4.866272 5.588318 5.459081 3.484109 1.560128 0.251691 9.319379 5.149903 6.382250 6.633245 6.899332 1.630240 9.003238 7.355040 3.309864 6.892675 1.260613 5.210376 16.204479 12.439491 11.532247 11.816047 2.337277 9.762581 10.458469 6.264445 3.557351 3.362799 0.684633 2.986619 5.270014 2.099588 3.313248 -0.000929 -0.017359 -0.014304 3.678053 -9999.0 -9999.0 -9999.0 -9999.0 -9999.0 -9999.0
-9999.0 -9999.0 -9999.0 -9999.0 -9999.0 -9999.0 -9999.0 -9999.0 -9999.0 -9999.0 -9999.0 0.356594 -0.862634 3.718230 0.941615 0.961699 2.226378 2.204024 12.683596 4.576294 5.974354 4.424295 4.010025 0.684001 0.298811 4.718176 2.681211 4.345533 8.334439 8.489249 2.448549 2.334734 8.096195 5.646156 1.394700 4.937367 7.276900 2.585806 1.271017 14.285373 5.958619 6.936596 5.991706 6.053174 10.177155 7.830386 7.007967 8.423554 7.472940 5.720455 0.332747 -0.026811 -0.027394 -0.035151 -0.033980 -0.039386 4.998672 -9999.0 -9999.0 -9999.0 -9999.0 -9999.0 -9999.0
-9999.0 -9999.0 -9999.0 -9999.0 -9999.0 -9999.0 -9999.0 -9999.0 -9999.0 -9999.0 5.553754 1.095639 7.869244 7.568757 8.719475 3.401278 2.225049 1.607195 6.061500 4.933143 11.526288 9.342503 3.316538 11.112980 5.850448 3.197554 0.351110 0.156143 9.872087 9.974650 4.200885 2.419188 6.514079 4.108498 -2.069566 4.020412 8.552377 0.490962 -0.003113 6.617126 7.339066 8.136854 13.310504 3.395930 4.496572 11.188144 8.388058 3.744816 4.973452 6.275042 1.064974 -0.045221 -0.035242 -0.036458 -0.034335 7.195936 7.554735 -9999.0 -9999.0 -9999.0 -9999.0 -9999.0 -9999.0
-9999.0 -9999.0 -9999.0 -9999.0 -9999.0 -9999.0 -9999.0 -9999.0 -9999.0 3.955274 4.715179 0.955712 3.282027 1.769505 2.369828 2.256522 0.230139 10.344187 6.899789 5.558253 12.568468 5.576268 5.503233 7.348702 4.267975 1.935107 1.794704 10.494553 5.668723 6.278690 6.906298 0.883423 4.266237 -0.915405 3.911512 5.967083 5.668424 0.397030 1.220652 2.182185 2.488178 2.044359 1.705243 5.950323 5.653307 5.463306 11.276272 5.621133 4.720570 6.492206 3.124547 5.081665 -0.039259 -0.030874 2.238782 1.386202 2.163853 8.362398 5.073005 -9999.0 -9999.0 -9999.0 -9999.0
-9999.0 -9999.0 -9999.0 -9999.0 -9999.0 -9999.0 -9999.0 -9999.0 -9999.0 4.707771 3.985415 4.785212 9.141054 5.100134 1.279037 1.694293 10.112712 6.442146 7.896099 14.646950 14.489242 15.081869 10.795952 10.084928 2.058027 3.705607 5.362976 6.449500 8.390009 8.294433 7.725214 0.761214 5.175200 5.138706 7.490085 10.931671 10.840573 10.787403 5.583202 6.384638 0.489987 0.737997 3.897157 6.172715 4.306121 8.294960 8.638777 8.533666 7.268619 7.353514 0.825682 1.332504 -0.329614 -0.009628 -0.185335 -0.008708 0.822856 5.812116 9.314949 -9999.0 -9999.0 -9999.0 -9999.0
-9999.0 -9999.0 -9999.0 -9999.0 -9999.0 -9999.0 -9999.0 -9999.0 -9999.0 -9999.0 4.266730 6.437663 2.574186 2.361654 6.739040 4.801770 5.200114 8.032962 8.883918 10.322291 13.035270 7.218339 3.670489 2.865009 3.506426 6.439489 7.858402 9.407124 8.773657 2.056612 1.517322 2.325504 0.350251 2.975814 7.263853 7.950531 10.425943 9.863511 10.802908 3.762031 -1.001257 7.754081 7.610764 2.356926 2.712591 3.379744 5.661142 10.724709 9.968095 8.086023 2.501455 0.831343 5.820212 -0.112455 -0.016561 1.048136 4.588377 7.498343 8.102174 8.175484 -9999.0 -9999.0 -9999.0
-9999.0 -9999.0 -9999.0 -9999.0 -9999.0 -9999.0 -9999.0 -9999.0 -9999.0 -9999.0 4.236249 5.471756 6.468199 3.729959 11.858046 5.612084 5.488566 6.993142 9.758581 11.248848 8.105482 6.062359 4.052566 5.427716 5.779073 9.508293 10.381147 6.150061 2.468475 0.419638 3.921961 6.273631 1.525438 2.917119 3.540510 4.279021 4.213199 3.625646 1.539028 4.815137 5.680675 7.270536 1.911228 3.968107 5.931333 2.220377 3.704352 4.341382 7.811601 10.249021 8.037167 5.052876 1.093211 6.920102 2.140898 4.680823 -0.010586 5.316572 9.028889 10.582733 -9999.0 -9999.0 -9999.0
-9999.0 -9999.0 -9999.0 -9999.0 -9999.0 -9999.0 -9999.0 -9999.0 10.110704 9.498159 7.108044 5.307256 2.620483 2.907269 2.824643 4.919402 7.964458 15.737115 11.984651 11.966917 9.804531 8.552263 7.393088 4.859282 7.428295 9.924652 12.813463 1.829294 2.957805 1.036850 -0.434085 3.700496 5.752237 4.290909 5.515906 -0.569877 7.470380 4.341396 0.755368 7.756265 4.060815 4.214241 0.654931 -0.546450 7.593446 7.481036 0.765935 3.099233 6.048067 6.731878 8.729222 5.971039 0.323103 1.695624 7.096668 9.017107 8.577639 12.279195 10.307907 11.182078 -9999.0 -9999.0 -9999.0
-9999.0 -9999.0 -9999.0 -9999.0 -9999.0 -9999.0 -9999.0 -9999.0 0.676257 3.829467 2.076753 3.677707 4.536812 3.108769 2.559773 5.800807 7.154088 7.465105 10.568032 12.476206 18.972524 17.028395 15.472988 14.366251 8.470769 9.738864 7.097907 5.447142 0.511855 7.998762 6.008249 8.688042 7.080276 7.289581 6.601935 7.290349 9.156750 5.835239 2.347216 7.110099 3.727101 -0.048600 3.885377 7.112112 8.518601 2.310042 0.673722 5.673241 4.754961 8.469205 11.139432 8.175166 0.185207 9.341312 11.893407 8.175487 8.301494 9.856026 12.240109 13.882374 14.637455 -9999.0 -9999.0
-9999.0 -9999.0 -9999.0 -9999.0 -9999.0 -9999.0 -9999.0 -9999.0 4.197750 8.558444 8.752021 0.316551 8.538294 0.988178 5.652206 4.748279 6.773643 9.851088 10.696793 18.272411 13.023217 17.454786 17.526007 12.041829 15.988024 8.685679 6.900050 2.451216 3.226366 9.588732 8.848028 9.374546 1.116873 1.982472 7.840958 9.339660 3.099424 6.380120 2.172479 0.801532 4.820876 4.733874 5.710704 5.154897 0.907571 5.688045 8.947455 8.559019 0.576309 7.243366 10.033873 10.683338 6.947280 6.784223 10.657529 10.360217 12.078482 12.817728 14.155136 13.947448 14.034636 -9999.0 -9999.0
-9999.0 -9999.0 -9999.0 -9999.0 -9999.0 -9999.0 -9999.0 -9999.0 2.132520 7.879977 3.905688 1.992035 9.251917 4.484179 5.447233 7.530885 10.221959 10.572386 11.444073 10.470522 12.277323 12.902581 17.711260 17.424925 8.848177 6.970264 3.931991 2.541059 10.898983 5.396334 4.329127 4.592128 5.925604 6.125192 3.219220 10.570761 11.205118 7.454395 4.378875 1.174074 8.545656 8.334492 8.565386 10.825565 8.813999 9.500257 9.707320 10.137069 9.899648 7.343382 8.532224 11.824979 12.328658 10.193173 13.141833 13.502271 14.302314 12.133744 13.017259 13.980293 12.618999 9.598866 -9999.0
-9999.0 -9999.0 -9999.0 -9999.0 -9999.0 -9999.0 -9999.0 -9999.0 4.500301 8.200912 4.995777 5.047719 6.122101 6.852874 13.281563 10.863814 10.629408 8.377485 6.614143 8.160044 9.905342 12.484417 12.967883 12.842097 15.908619 6.517718 3.581714 6.019766 7.359409 7.563494 3.580642 6.658207 8.750593 7.546070 6.251142 7.266837 8.065864 9.072741 8.291938 7.641084 6.657600 6.677440 7.068275 6.752753 2.575024 10.476903 6.560447 7.688127 7.387792 9.859222 12.324462 11.714376 12.849902 14.500546 14.582313 14.088792 14.642805 14.335726 13.600638 12.996955 10.670772 8.690083 -9999.0
-9999.0 -9999.0 9.561561 9.784004 0.244272 0.586843 2.999875 0.549583 8.477521 7.750197 4.329138 5.031100 7.390497 10.019488 15.842619 8.508219 7.150444 2.741867 3.208306 6.383040 8.403107 10.497962 12.178661 11.321717 10.735579 8.230349 6.670574 6.736849 8.128601 12.676106 5.320033 5.877358 11.653226 7.443784 9.782289 8.183609 11.342862 10.934877 10.000726 7.745755 9.442513 9.618149 7.842289 8.895933 5.625836 7.523263 9.252620 6.925330 11.067563 12.613785 14.063778 14.184693 14.703269 14.896201 14.774362 19.612047 13.135251 13.268881 12.347918 10.453968 13.325142 7.526820 -9999.0
-9999.0 4.341272 4.320223 3.934448 0.951428 3.893875 2.784636 2.122641 0.356608 7.183592 3.420468 5.610071 7.977598 13.770002 14.212743 6.824489 4.055332 1.214014 3.819791 6.811565 8.923726 10.175847 14.039853 10.721563 17.801896 12.300511 16.301642 16.038906 11.383462 9.930501 10.300156 9.625131 9.623169 14.944484 11.995917 12.693674 14.080156 13.380437 13.831001 12.667946 12.248043 12.095134 11.550872 8.745341 8.115552 8.746332 9.897631 11.226981 13.607285 12.040880 13.593278 13.670450 12.803885 12.557225 12.410379 12.495651 10.366763 9.947772 10.416765 11.963188 7.086702 6.927563 -9999.0
-9999.0 9.026074 5.672986 6.244457 10.012373 5.478886 1.126100 0.454402 9.657396 9.988537 3.894781 6.406585 8.974471 14.449815 7.888598 1.718917 1.102321 0.783803 6.573775 6.704779 11.414734 9.280624 9.596057 11.056683 17.821389 19.333805 11.961209 13.269958 12.254736 11.327812 11.887726 11.328000 11.520615 11.445796 16.522034 13.980720 21.304398 22.684577 16.114367 15.637041 14.736632 13.735395 13.300064 11.825472 12.583824 12.832432 13.320502 13.565732 12.991497 13.198769 12.113781 10.448163 10.335817 11.089882 10.910548 8.959193 8.915692 7.298556 6.494811 6.041846 5.934156 -9999.0 -9999.0
