erum2020/resources/simulation/Vinschgau/output-maps/TL0003N1309.asc
ncols         63
nrows         48
xllcorner     598000.000000
yllcorner     5145000.000000
cellsize      1000.000000
NODATA_value  -9999.0
[rows 0 to 27 of 48, columns 0 to 62 of 63]
-9999.0 -9999.0 -9999.0 -9999.0 -9999.0 -9999.0 -9999.0 -9999.0 -9999.0 -9999.0 -9999.0 -9999.0 -9999.0 -9999.0 -9999.0 -9999.0 -9999.0 -9999.0 -9999.0 -9999.0 -9999.0 -9999.0 -9999.0 -9999.0 -9999.0 -9999.0 -9999.0 -9999.0 -9999.0 -9999.0 -9999.0 -9999.0 -9999.0 -9999.0 -9999.0 -9999.0 -9999.0 -9999.0 -9999.0 -9999.0 -9999.0 -9999.0 -9999.0 -9999.0 -9999.0 -9999.0 -9999.0 -9999.0 -9999.0 -9999.0 -9999.0 -9999.0 -9999.0 -9999.0 -9999.0 -9999.0 -9999.0 -9999.0 -9999.0 -9999.0 -9999.0 -9999.0 -9999.0
-9999.0 -9999.0 -9999.0 -9999.0 -9999.0 -9999.0 -9999.0 -9999.0 -9999.0 -9999.0 -9999.0 -9999.0 -9999.0 -9999.0 -9999.0 -9999.0 -9999.0 -9999.0 -9999.0 -9999.0 -9999.0 -9999.0 -9999.0 -9999.0 -9999.0 -9999.0 -9999.0 3.665556 2.656573 4.347735 1.483690 0.723301 -0.040350 -9999.0 -9999.0 -9999.0 -9999.0 -9999.0 -9999.0 -9999.0 -9999.0 -9999.0 -9999.0 -9999.0 -9999.0 -9999.0 -9999.0 -9999.0 -9999.0 -9999.0 -9999.0 -9999.0 -9999.0 -9999.0 -9999.0 -9999.0 -9999.0 -9999.0 -9999.0 -9999.0 -9999.0 -9999.0 -9999.0
-9999.0 -9999.0 -9999.0 -9999.0 -9999.0 -9999.0 -9999.0 -9999.0 -9999.0 -9999.0 -9999.0 -9999.0 -9999.0 -9999.0 -9999.0 -9999.0 -9999.0 -9999.0 -9999.0 -9999.0 -9999.0 -9999.0 -9999.0 -9999.0 3.337110 3.601171 4.003906 3.307775 3.909482 3.879066 1.143258 -9999.0 -9999.0 -9999.0 -9999.0 -9999.0 -9999.0 -9999.0 -9999.0 -9999.0 -9999.0 -9999.0 -9999.0 -9999.0 -9999.0 -9999.0 -9999.0 -9999.0 -9999.0 -9999.0 -9999.0 -9999.0 -9999.0 -9999.0 -9999.0 -9999.0 -9999.0 -9999.0 -9999.0 -9999.0 -9999.0 -9999.0 -9999.0
-9999.0 -9999.0 -9999.0 -9999.0 -9999.0 -9999.0 -9999.0 -9999.0 -9999.0 -9999.0 -9999.0 -9999.0 -9999.0 -9999.0 -9999.0 -9999.0 -9999.0 -9999.0 -9999.0 -9999.0 -9999.0 -9999.0 -9999.0 3.737257 4.662377 4.735799 4.888709 5.006415 5.346454 4.121867 1.195839 0.526699 -9999.0 -9999.0 -9999.0 -9999.0 -9999.0 -9999.0 -9999.0 -9999.0 -9999.0 -9999.0 -9999.0 -9999.0 -9999.0 -9999.0 -9999.0 -9999.0 -9999.0 -9999.0 -9999.0 -9999.0 -9999.0 -9999.0 -9999.0 -9999.0 -9999.0 -9999.0 -9999.0 -9999.0 -9999.0 -9999.0 -9999.0
-9999.0 -9999.0 -9999.0 -9999.0 -9999.0 -9999.0 -9999.0 -9999.0 -9999.0 -9999.0 -9999.0 -9999.0 -9999.0 -9999.0 -9999.0 -9999.0 -9999.0 -9999.0 8.593488 4.804195 -9999.0 4.210063 4.705669 4.316013 4.385185 5.114252 5.872278 6.467035 3.771944 2.468024 3.641710 1.422582 2.052152 2.877768 -9999.0 -9999.0 -9999.0 -9999.0 -9999.0 -9999.0 -9999.0 -9999.0 -9999.0 -9999.0 -9999.0 -9999.0 -9999.0 -9999.0 -9999.0 -9999.0 -9999.0 -9999.0 -9999.0 -9999.0 -9999.0 -9999.0 -9999.0 -9999.0 -9999.0 -9999.0 -9999.0 -9999.0 -9999.0
-9999.0 -9999.0 -9999.0 -9999.0 -9999.0 -9999.0 -9999.0 -9999.0 -9999.0 -9999.0 -9999.0 -9999.0 -9999.0 -9999.0 -9999.0 -9999.0 -9999.0 5.633877 4.304649 5.375458 6.612694 1.585405 2.729159 4.159039 6.923618 0.697228 -0.027601 2.038817 -0.020888 3.172435 5.157610 3.833856 4.767775 3.523484 2.173227 2.489181 -9999.0 -9999.0 -9999.0 -9999.0 -9999.0 -9999.0 -9999.0 -9999.0 -9999.0 -9999.0 -9999.0 -9999.0 -9999.0 -9999.0 -9999.0 -9999.0 -9999.0 -9999.0 -9999.0 -9999.0 -9999.0 -9999.0 -9999.0 -9999.0 -9999.0 -9999.0 -9999.0
-9999.0 -9999.0 -9999.0 -9999.0 -9999.0 -9999.0 -9999.0 -9999.0 -9999.0 -9999.0 -9999.0 -9999.0 -9999.0 7.553310 4.093649 3.976687 5.280843 13.426089 5.341946 4.834791 4.653796 4.346457 5.032221 7.267276 0.104624 4.633634 0.218609 -0.008675 0.023664 0.555397 -0.108284 4.210809 2.980697 1.551026 2.528081 2.436849 -9999.0 -9999.0 -9999.0 -9999.0 -9999.0 -9999.0 -9999.0 -9999.0 -9999.0 -9999.0 -9999.0 -9999.0 -9999.0 -9999.0 -9999.0 -9999.0 -9999.0 -9999.0 -9999.0 -9999.0 -9999.0 -9999.0 -9999.0 -9999.0 -9999.0 -9999.0 -9999.0
-9999.0 -9999.0 -9999.0 -9999.0 -9999.0 -9999.0 -9999.0 -9999.0 -9999.0 -9999.0 -9999.0 -9999.0 -9999.0 8.313896 5.754981 4.800350 4.552597 12.813697 13.581406 6.674517 4.601149 8.652319 3.288429 2.184240 3.792074 2.617402 2.755332 4.092249 2.744558 -0.031440 -0.017427 1.465083 2.028004 1.451124 1.739746 -9999.0 -9999.0 -9999.0 -9999.0 -9999.0 -9999.0 -9999.0 -9999.0 -9999.0 -9999.0 -9999.0 -9999.0 -9999.0 -9999.0 -9999.0 -9999.0 -9999.0 -9999.0 -9999.0 -9999.0 -9999.0 -9999.0 -9999.0 -9999.0 -9999.0 -9999.0 -9999.0 -9999.0
-9999.0 -9999.0 -9999.0 -9999.0 -9999.0 -9999.0 -9999.0 -9999.0 -9999.0 -9999.0 -9999.0 -9999.0 -9999.0 5.806792 6.006167 7.048331 4.364433 5.130253 13.950003 5.470792 10.568856 4.221445 1.023799 -0.011294 3.642151 3.150402 5.039675 2.561034 0.565648 1.743852 0.956616 1.190921 1.699531 -4.650628 2.231995 -9999.0 -9999.0 -9999.0 -9999.0 -9999.0 -9999.0 -9999.0 -9999.0 -9999.0 -9999.0 -9999.0 -9999.0 -9999.0 -9999.0 -9999.0 -9999.0 -9999.0 -9999.0 -9999.0 -9999.0 -9999.0 -9999.0 -9999.0 -9999.0 -9999.0 -9999.0 -9999.0 -9999.0
-9999.0 -9999.0 -9999.0 -9999.0 -9999.0 -9999.0 -9999.0 -9999.0 -9999.0 -9999.0 -9999.0 -9999.0 4.605109 5.551166 6.728687 5.224493 3.022499 4.712709 13.764275 7.185279 4.918400 1.338998 2.246493 0.277576 -0.163455 2.655082 -1.351801 1.009503 2.619042 1.934226 -0.004357 1.997082 0.204554 2.918205 -9999.0 -9999.0 -9999.0 -9999.0 -9999.0 -9999.0 -9999.0 -9999.0 -9999.0 -9999.0 -9999.0 -9999.0 -9999.0 -9999.0 -9999.0 -9999.0 -9999.0 -9999.0 -9999.0 -9999.0 -9999.0 -9999.0 -9999.0 -9999.0 -9999.0 -9999.0 -9999.0 -9999.0 -9999.0
-9999.0 -9999.0 -9999.0 -9999.0 -9999.0 -9999.0 -9999.0 -9999.0 -9999.0 -9999.0 -9999.0 7.310922 6.133973 3.204757 6.316075 10.239694 6.303315 4.997402 13.460504 8.517247 3.298796 4.246327 4.995043 3.372307 2.008532 3.408241 0.677075 2.226192 0.158355 2.016620 2.199817 2.938541 2.524989 2.502952 2.135545 2.974799 0.830862 2.646084 3.186364 -9999.0 -9999.0 -9999.0 2.437789 -9999.0 -9999.0 -9999.0 -9999.0 -9999.0 -9999.0 -9999.0 -9999.0 -9999.0 -9999.0 -9999.0 -9999.0 -9999.0 -9999.0 -9999.0 -9999.0 -9999.0 -9999.0 -9999.0 -9999.0
-9999.0 -9999.0 -9999.0 -9999.0 -9999.0 -9999.0 -9999.0 -9999.0 -9999.0 -9999.0 -9999.0 6.813243 6.048165 7.685575 7.436066 9.330600 8.342013 5.409570 13.507354 10.479108 10.549495 7.399871 4.328215 -0.486722 -0.156209 2.540435 1.730893 3.372533 4.107164 2.471161 1.720426 3.782394 0.356153 0.072986 0.068699 2.054582 3.979682 4.640107 3.202257 2.428987 2.587174 2.520283 1.348292 2.200631 -9999.0 -9999.0 -9999.0 0.031681 -0.009070 1.007522 -0.012651 0.886642 0.990168 0.242992 -0.010349 1.070923 -9999.0 -9999.0 -9999.0 -9999.0 -9999.0 -9999.0 -9999.0
-9999.0 -9999.0 -9999.0 -9999.0 -9999.0 -9999.0 -9999.0 -9999.0 -9999.0 -9999.0 -9999.0 6.417888 7.086531 2.714370 9.659116 10.131537 4.026124 4.302490 11.622360 10.356531 2.748106 0.919683 -0.065602 3.270384 2.534767 3.720776 -0.103330 -1.824954 3.209812 0.179410 2.704335 -0.281548 3.366465 0.053676 2.025200 3.573752 -0.222936 -0.633330 5.546658 3.025375 2.924851 0.878261 3.311021 2.215126 -0.003260 -9999.0 2.282382 -0.004404 1.251063 2.878846 3.520958 4.491001 2.604321 1.053915 0.959702 0.020715 -9999.0 -9999.0 -9999.0 -9999.0 -9999.0 -9999.0 -9999.0
-9999.0 -9999.0 -9999.0 -9999.0 -9999.0 -9999.0 -9999.0 -9999.0 -9999.0 -9999.0 -9999.0 -9999.0 6.773591 0.600934 8.752353 8.945283 1.269421 3.331166 12.764284 10.154198 2.606232 1.609207 -0.006536 -0.049050 -0.663017 -0.143987 2.874928 3.717407 1.344040 2.281770 1.557833 -0.156758 3.933939 0.988123 0.400566 2.679972 -0.089572 -0.065247 6.245102 4.707383 4.927075 4.926207 -0.045314 3.983082 2.365326 -0.004319 1.591146 -0.002846 -0.659294 -0.048740 -0.030363 -0.555731 -2.031911 -0.892866 -0.712850 0.982901 0.124660 -9999.0 -9999.0 -9999.0 -9999.0 -9999.0 -9999.0
-9999.0 -9999.0 -9999.0 -9999.0 -9999.0 -9999.0 -9999.0 -9999.0 -9999.0 -9999.0 -9999.0 -0.044403 4.800846 7.735901 0.619747 1.543869 3.204616 2.629564 12.120664 4.548023 2.868599 1.182677 0.294581 -0.115578 -0.096578 -0.703329 -0.054789 1.069425 0.837972 3.968937 -0.136054 -0.093478 4.492639 1.089187 -0.003637 1.895322 2.597596 -0.044815 0.851732 6.469812 -0.045230 0.597510 0.183495 0.135776 4.768579 1.157870 2.592180 3.999527 4.686112 -0.019569 -1.256423 1.201280 -1.416452 -3.083693 -3.766995 0.165367 1.535999 -9999.0 -9999.0 -9999.0 -9999.0 -9999.0 -9999.0
-9999.0 -9999.0 -9999.0 -9999.0 -9999.0 -9999.0 -9999.0 -9999.0 -9999.0 -9999.0 3.070377 -0.027338 4.736046 5.076825 6.492803 0.450678 0.391384 0.263492 3.697066 4.185840 8.029494 5.819024 -0.164506 5.132193 -0.007327 -0.545046 -0.356745 -2.176944 3.931574 4.261159 -0.029953 -0.843639 4.049969 0.985709 2.613266 2.815289 3.753108 -0.054932 -0.131115 1.179379 1.427838 2.458459 8.510943 1.259189 -0.021032 4.112289 2.976322 -0.039922 -0.063265 -0.007236 -2.394841 1.011464 -4.238260 0.092302 0.239244 0.889131 1.064295 -9999.0 -9999.0 -9999.0 -9999.0 -9999.0 -9999.0
-9999.0 -9999.0 -9999.0 -9999.0 -9999.0 -9999.0 -9999.0 -9999.0 -9999.0 2.846038 3.804701 -0.023239 -0.003937 -0.045441 -0.029618 -0.011305 -0.025133 7.379038 3.623819 4.220084 8.444971 1.050923 0.665417 2.137267 0.792198 -0.913801 -0.768351 4.090349 -0.026714 0.033104 0.858970 -1.107245 3.067113 2.270731 2.613744 2.728116 3.767347 -0.155885 -0.068869 -0.022550 -0.399034 -0.099509 -0.123408 1.861611 1.603916 -0.016696 5.808719 -0.052843 -0.051659 0.924217 -0.340591 1.423242 0.152922 0.548397 0.537801 -1.621931 -0.804634 2.054079 0.792212 -9999.0 -9999.0 -9999.0 -9999.0
-9999.0 -9999.0 -9999.0 -9999.0 -9999.0 -9999.0 -9999.0 -9999.0 -9999.0 3.093771 2.648407 4.386910 4.636277 0.125966 -0.027456 -0.046904 5.508162 1.982410 4.184308 9.465353 9.061862 8.640228 6.496734 4.312846 -0.530442 -0.236589 -0.042728 -0.006719 1.539809 4.336445 3.790847 -1.486926 2.594984 0.184879 1.348022 2.821712 3.521717 4.735176 2.490312 4.528660 -0.059385 -0.352422 -0.036602 1.839951 2.906574 3.466387 3.324055 1.656116 0.135423 1.185274 -2.367681 -3.334532 0.184570 -0.120352 0.665254 -2.500832 -0.867033 -0.380719 3.253093 -9999.0 -9999.0 -9999.0 -9999.0
-9999.0 -9999.0 -9999.0 -9999.0 -9999.0 -9999.0 -9999.0 -9999.0 -9999.0 -9999.0 1.530277 4.243077 -0.010478 -0.380962 0.706070 -0.024256 0.136976 3.489550 4.959987 6.172935 9.177006 2.824233 -0.019349 -0.093020 -0.109146 -0.020681 1.056054 2.120865 3.667195 -1.061959 -1.396989 -1.660002 -1.634294 0.769987 3.244507 4.439214 4.143297 4.435004 3.548582 2.096848 1.304838 4.052962 4.114025 -0.015466 0.027873 -0.000249 1.858669 6.729976 4.572907 1.266058 -1.331901 -0.733339 0.367502 0.061493 -0.166765 -0.006184 2.070304 -0.561195 -0.014278 -0.012111 -9999.0 -9999.0 -9999.0
-9999.0 -9999.0 -9999.0 -9999.0 -9999.0 -9999.0 -9999.0 -9999.0 -9999.0 -9999.0 1.231354 3.028166 3.961685 0.015435 5.221018 0.551060 0.101146 2.730369 5.399080 6.886048 3.524829 1.683963 -0.023714 -0.025516 -0.021282 1.589479 2.757916 -0.006819 -0.747494 -1.374250 1.909108 3.564327 -1.559748 0.270495 2.106430 4.543247 -0.446545 -0.023466 -0.396418 0.958805 2.449216 6.108576 -0.043793 3.982812 4.275533 -0.071045 -0.004685 -0.009641 3.241887 4.016035 0.763226 -0.416867 -2.123839 0.599056 -0.305013 0.114694 -0.013246 -0.055373 1.576485 2.928729 -9999.0 -9999.0 -9999.0
-9999.0 -9999.0 -9999.0 -9999.0 -9999.0 -9999.0 -9999.0 -9999.0 2.913421 1.492941 0.641505 3.061689 -0.090019 -0.036203 -0.031467 1.788094 3.058646 9.362099 7.118831 7.261138 5.244209 4.187789 3.335202 1.689381 1.605944 2.013811 5.283301 -0.307779 -0.215804 -1.274759 1.267667 1.980525 2.097895 0.525461 2.632259 2.604877 6.186651 -0.017506 -1.975094 3.016355 4.153011 4.022359 -1.197603 3.264388 5.153361 3.297101 -1.808048 -0.039764 -0.006906 3.317356 1.324208 -0.260842 -1.144150 -3.793802 0.213078 0.222609 2.131249 4.226324 1.655958 4.622369 -9999.0 -9999.0 -9999.0
-9999.0 -9999.0 -9999.0 -9999.0 -9999.0 -9999.0 -9999.0 -9999.0 -1.920616 -0.166205 -0.869455 0.804526 2.619430 -1.042341 -0.406316 -0.000911 2.038686 2.629041 5.588209 7.791833 13.332409 12.033509 11.822088 10.875317 3.507193 3.502576 0.924718 -0.026982 -1.479663 0.965930 0.093340 3.303483 2.941850 3.610482 3.246167 3.862649 7.474469 1.153091 -0.032549 3.698008 2.057439 1.326607 3.772544 3.841310 2.637281 -0.052912 -1.662885 3.185730 -0.026121 1.646923 2.765210 -0.027635 -3.014064 -0.007442 2.183543 -0.674107 -0.065630 -0.002520 3.998483 6.769834 7.638643 -9999.0 -9999.0
-9999.0 -9999.0 -9999.0 -9999.0 -9999.0 -9999.0 -9999.0 -9999.0 1.952773 1.832096 0.791825 -1.615276 2.723992 -1.051729 -0.052521 -0.298555 0.449667 4.193000 5.529097 12.865310 8.250067 12.038042 12.243863 6.956928 9.662374 3.367214 0.485022 -0.698632 -2.012453 2.060895 3.786256 3.996040 -0.458029 -0.241948 4.356309 6.855717 0.623906 1.968655 -0.022988 -0.041346 3.589570 4.226080 3.430212 1.840524 -0.164871 3.320419 2.897528 1.789787 -0.569595 -0.015126 2.816894 1.147463 -3.223988 -2.927364 -0.032361 0.056276 1.908849 3.449252 6.636138 7.040588 7.422182 -9999.0 -9999.0
-9999.0 -9999.0 -9999.0 -9999.0 -9999.0 -9999.0 -9999.0 -9999.0 1.211218 3.358485 -0.041391 -1.977210 2.395070 -0.235846 -0.357044 0.292835 4.068427 5.327638 9.491111 5.781859 7.685327 8.107660 11.473895 10.657302 3.754585 1.208550 -0.033299 -1.429304 3.927322 -0.048752 -0.051071 -0.028881 0.222634 0.323274 -0.023761 6.079687 8.123986 4.227737 0.927776 -0.008702 4.405478 4.588013 4.515478 5.233311 2.204831 4.123089 4.047135 4.631396 2.377857 -0.067259 -0.009403 2.527796 1.215775 -0.028118 1.449502 2.478661 4.383527 5.009622 5.864189 7.162331 6.250353 2.873740 -9999.0
-9999.0 -9999.0 -9999.0 -9999.0 -9999.0 -9999.0 -9999.0 -9999.0 -0.015381 2.335191 -1.218429 -1.053643 -0.350402 -0.132273 4.264857 3.346276 6.738965 2.643438 1.138815 3.011116 4.862969 7.522753 7.713285 7.397171 8.843124 0.458201 -0.553644 -0.021655 0.725699 0.589971 -0.066306 1.079196 3.286058 2.161808 1.416755 3.074201 4.526925 6.188820 5.574732 3.186349 1.714159 1.650842 1.703858 0.552453 -0.055955 4.867663 -0.028814 -0.012943 -0.032140 0.969922 2.665656 1.863062 2.154382 2.670540 3.308134 3.709723 4.424510 5.618421 6.430430 6.534429 4.337893 2.289854 -9999.0
-9999.0 -9999.0 3.447464 3.208358 -2.375080 -0.325753 -1.158994 -1.057005 0.702984 1.611227 -0.119259 -0.540545 -0.093982 0.887080 5.769605 2.364527 -0.016721 -0.705070 -0.041595 0.191452 2.880166 5.597254 6.989453 6.245329 5.520408 2.163918 0.235819 0.463411 2.753308 5.733043 -0.017797 1.053976 8.457090 3.574259 5.781202 4.789079 8.189678 8.447214 7.355597 4.691411 5.904707 5.941228 4.426794 4.034761 0.093525 1.404115 2.581715 1.597020 4.194145 5.067236 5.739198 5.155982 4.181006 3.578374 3.467875 8.897605 4.177028 4.866554 4.861964 3.684124 7.053925 1.509690 -9999.0
-9999.0 -0.045070 -0.054451 -0.064024 -0.258199 -0.245155 -0.679420 -1.025475 -1.973393 0.662875 -0.733135 -0.368248 0.054516 5.031955 4.512352 -0.097081 -0.111147 -0.482838 -0.187710 -0.013107 2.656011 4.415816 9.254140 5.052627 9.968778 5.312988 8.273933 8.551963 6.033196 4.658220 4.629556 4.796186 6.512582 11.380083 8.788690 10.097014 11.733921 11.339917 11.912848 10.295936 9.381863 9.197541 8.545728 4.970005 3.674557 4.060738 5.879916 6.053680 7.622490 6.231628 6.095363 5.008280 3.968156 3.140183 3.058240 2.512064 0.897340 1.258506 2.321451 5.027430 0.675911 1.300214 -9999.0
-9999.0 5.364864 -0.002064 -0.009834 3.248230 -0.021161 -1.976288 -1.524867 0.382830 0.321271 -0.817722 -0.736719 0.376254 4.766083 -0.049409 -1.978776 -0.893841 -0.647820 -0.066327 -0.008647 5.425442 2.202462 3.229513 4.140095 10.305438 11.294196 5.565143 7.177938 7.246697 6.531242 6.674298 6.452754 8.339219 9.213178 14.074148 12.260226 19.108769 20.092043 14.758964 13.700952 12.994046 11.965600 10.943712 8.207893 8.059140 7.927576 8.851213 8.594081 7.948050 7.126672 5.263383 2.238882 1.040906 1.638817 0.758901 -0.027962 -0.203242 -0.038557 -0.028790 -0.047978 -0.024306 -9999.0 -9999.0
