erum2020/resources/simulation/Vinschgau/output-maps/TL0006N0448.asc
ncols         63
nrows         48
xllcorner     598000.000000
yllcorner     5145000.000000
cellsize      1000.000000
NODATA_value  -9999.0
[rows 0 to 27 of 48, columns 0 to 62 of 63]
-9999.0 -9999.0 -9999.0 -9999.0 -9999.0 -9999.0 -9999.0 -9999.0 -9999.0 -9999.0 -9999.0 -9999.0 -9999.0 -9999.0 -9999.0 -9999.0 -9999.0 -9999.0 -9999.0 -9999.0 -9999.0 -9999.0 -9999.0 -9999.0 -9999.0 -9999.0 -9999.0 -9999.0 -9999.0 -9999.0 -9999.0 -9999.0 -9999.0 -9999.0 -9999.0 -9999.0 -9999.0 -9999.0 -9999.0 -9999.0 -9999.0 -9999.0 -9999.0 -9999.0 -9999.0 -9999.0 -9999.0 -9999.0 -9999.0 -9999.0 -9999.0 -9999.0 -9999.0 -9999.0 -9999.0 -9999.0 -9999.0 -9999.0 -9999.0 -9999.0 -9999.0 -9999.0 -9999.0
-9999.0 -9999.0 -9999.0 -9999.0 -9999.0 -9999.0 -9999.0 -9999.0 -9999.0 -9999.0 -9999.0 -9999.0 -9999.0 -9999.0 -9999.0 -9999.0 -9999.0 -9999.0 -9999.0 -9999.0 -9999.0 -9999.0 -9999.0 -9999.0 -9999.0 -9999.0 -9999.0 6.525380 7.462928 5.888040 4.569258 2.228199 3.006969 -9999.0 -9999.0 -9999.0 -9999.0 -9999.0 -9999.0 -9999.0 -9999.0 -9999.0 -9999.0 -9999.0 -9999.0 -9999.0 -9999.0 -9999.0 -9999.0 -9999.0 -9999.0 -9999.0 -9999.0 -9999.0 -9999.0 -9999.0 -9999.0 -9999.0 -9999.0 -9999.0 -9999.0 -9999.0 -9999.0
-9999.0 -9999.0 -9999.0 -9999.0 -9999.0 -9999.0 -9999.0 -9999.0 -9999.0 -9999.0 -9999.0 -9999.0 -9999.0 -9999.0 -9999.0 -9999.0 -9999.0 -9999.0 -9999.0 -9999.0 -9999.0 -9999.0 -9999.0 -9999.0 8.351976 8.720951 9.103108 8.566580 7.719015 6.619128 5.431401 -9999.0 -9999.0 -9999.0 -9999.0 -9999.0 -9999.0 -9999.0 -9999.0 -9999.0 -9999.0 -9999.0 -9999.0 -9999.0 -9999.0 -9999.0 -9999.0 -9999.0 -9999.0 -9999.0 -9999.0 -9999.0 -9999.0 -9999.0 -9999.0 -9999.0 -9999.0 -9999.0 -9999.0 -9999.0 -9999.0 -9999.0 -9999.0
-9999.0 -9999.0 -9999.0 -9999.0 -9999.0 -9999.0 -9999.0 -9999.0 -9999.0 -9999.0 -9999.0 -9999.0 -9999.0 -9999.0 -9999.0 -9999.0 -9999.0 -9999.0 -9999.0 -9999.0 -9999.0 -9999.0 -9999.0 8.602713 9.682750 6.858070 7.855340 8.455619 6.334889 8.616141 6.587800 5.552744 -9999.0 -9999.0 -9999.0 -9999.0 -9999.0 -9999.0 -9999.0 -9999.0 -9999.0 -9999.0 -9999.0 -9999.0 -9999.0 -9999.0 -9999.0 -9999.0 -9999.0 -9999.0 -9999.0 -9999.0 -9999.0 -9999.0 -9999.0 -9999.0 -9999.0 -9999.0 -9999.0 -9999.0 -9999.0 -9999.0 -9999.0
-9999.0 -9999.0 -9999.0 -9999.0 -9999.0 -9999.0 -9999.0 -9999.0 -9999.0 -9999.0 -9999.0 -9999.0 -9999.0 -9999.0 -9999.0 -9999.0 -9999.0 -9999.0 10.654265 8.350591 -9999.0 8.498315 9.321075 7.685361 7.622210 9.942085 10.134377 10.269024 9.560680 7.579338 8.166275 6.720604 5.570422 4.102442 -9999.0 -9999.0 -9999.0 -9999.0 -9999.0 -9999.0 -9999.0 -9999.0 -9999.0 -9999.0 -9999.0 -9999.0 -9999.0 -9999.0 -9999.0 -9999.0 -9999.0 -9999.0 -9999.0 -9999.0 -9999.0 -9999.0 -9999.0 -9999.0 -9999.0 -9999.0 -9999.0 -9999.0 -9999.0
-9999.0 -9999.0 -9999.0 -9999.0 -9999.0 -9999.0 -9999.0 -9999.0 -9999.0 -9999.0 -9999.0 -9999.0 -9999.0 -9999.0 -9999.0 -9999.0 -9999.0 5.275494 7.268968 6.803452 7.205516 3.782996 6.121909 7.909037 11.528451 4.642682 2.639197 4.355267 2.731872 6.534993 7.935361 6.459496 5.310152 3.850143 2.400291 0.728319 -9999.0 -9999.0 -9999.0 -9999.0 -9999.0 -9999.0 -9999.0 -9999.0 -9999.0 -9999.0 -9999.0 -9999.0 -9999.0 -9999.0 -9999.0 -9999.0 -9999.0 -9999.0 -9999.0 -9999.0 -9999.0 -9999.0 -9999.0 -9999.0 -9999.0 -9999.0 -9999.0
-9999.0 -9999.0 -9999.0 -9999.0 -9999.0 -9999.0 -9999.0 -9999.0 -9999.0 -9999.0 -9999.0 -9999.0 -9999.0 7.242750 5.881139 5.367175 7.462501 15.150534 5.083054 7.881868 7.546835 8.102997 10.595949 11.629298 4.113540 7.969120 3.535286 3.111927 3.251589 3.560327 4.080442 5.710712 4.876005 1.278851 1.325485 0.339452 -9999.0 -9999.0 -9999.0 -9999.0 -9999.0 -9999.0 -9999.0 -9999.0 -9999.0 -9999.0 -9999.0 -9999.0 -9999.0 -9999.0 -9999.0 -9999.0 -9999.0 -9999.0 -9999.0 -9999.0 -9999.0 -9999.0 -9999.0 -9999.0 -9999.0 -9999.0 -9999.0
-9999.0 -9999.0 -9999.0 -9999.0 -9999.0 -9999.0 -9999.0 -9999.0 -9999.0 -9999.0 -9999.0 -9999.0 -9999.0 8.226876 6.662249 5.384352 5.258731 12.955532 15.118503 10.512925 8.301881 10.711440 6.937977 5.715804 7.257010 5.679555 7.510708 4.456957 3.188557 1.395973 1.937744 1.376772 0.517133 -0.439487 0.545042 -9999.0 -9999.0 -9999.0 -9999.0 -9999.0 -9999.0 -9999.0 -9999.0 -9999.0 -9999.0 -9999.0 -9999.0 -9999.0 -9999.0 -9999.0 -9999.0 -9999.0 -9999.0 -9999.0 -9999.0 -9999.0 -9999.0 -9999.0 -9999.0 -9999.0 -9999.0 -9999.0 -9999.0
-9999.0 -9999.0 -9999.0 -9999.0 -9999.0 -9999.0 -9999.0 -9999.0 -9999.0 -9999.0 -9999.0 -9999.0 -9999.0 6.106997 7.957245 6.003588 3.382251 6.226481 15.075180 5.609339 10.763463 5.718918 4.477912 3.566196 6.460467 5.385669 6.306603 2.414901 5.656170 0.418590 1.183423 -0.178087 -0.296421 -0.114533 -0.602860 -9999.0 -9999.0 -9999.0 -9999.0 -9999.0 -9999.0 -9999.0 -9999.0 -9999.0 -9999.0 -9999.0 -9999.0 -9999.0 -9999.0 -9999.0 -9999.0 -9999.0 -9999.0 -9999.0 -9999.0 -9999.0 -9999.0 -9999.0 -9999.0 -9999.0 -9999.0 -9999.0 -9999.0
-9999.0 -9999.0 -9999.0 -9999.0 -9999.0 -9999.0 -9999.0 -9999.0 -9999.0 -9999.0 -9999.0 -9999.0 5.257492 7.708339 5.925955 4.596260 2.085501 4.709958 13.295651 8.884642 7.145409 2.662793 3.921162 2.757926 4.402372 4.713081 2.515793 5.672065 6.362476 0.881889 -0.302424 3.233313 4.119917 0.906404 -9999.0 -9999.0 -9999.0 -9999.0 -9999.0 -9999.0 -9999.0 -9999.0 -9999.0 -9999.0 -9999.0 -9999.0 -9999.0 -9999.0 -9999.0 -9999.0 -9999.0 -9999.0 -9999.0 -9999.0 -9999.0 -9999.0 -9999.0 -9999.0 -9999.0 -9999.0 -9999.0 -9999.0 -9999.0
-9999.0 -9999.0 -9999.0 -9999.0 -9999.0 -9999.0 -9999.0 -9999.0 -9999.0 -9999.0 -9999.0 6.880744 5.020082 3.146055 2.952348 4.278712 3.177089 3.244357 12.899786 7.099456 5.721091 7.026110 7.452029 6.180058 4.425594 6.013077 1.630678 6.573740 6.277189 0.056318 2.901861 6.263495 3.446401 2.941452 4.569233 6.094534 7.890519 9.100095 9.394131 -9999.0 -9999.0 -9999.0 4.329340 -9999.0 -9999.0 -9999.0 -9999.0 -9999.0 -9999.0 -9999.0 -9999.0 -9999.0 -9999.0 -9999.0 -9999.0 -9999.0 -9999.0 -9999.0 -9999.0 -9999.0 -9999.0 -9999.0 -9999.0
-9999.0 -9999.0 -9999.0 -9999.0 -9999.0 -9999.0 -9999.0 -9999.0 -9999.0 -9999.0 -9999.0 5.933905 3.757812 3.994981 3.765461 1.219467 5.250737 5.737076 13.011961 11.347428 11.748470 9.223537 8.225487 1.612355 1.702170 6.675545 6.639667 6.946656 5.180325 1.528806 6.060454 6.483368 6.065718 4.984809 4.879174 7.065119 9.205190 11.384205 10.168088 6.573382 6.080943 5.586577 6.779921 5.770234 -9999.0 -9999.0 -9999.0 0.283694 3.054960 3.524375 4.380400 3.474664 3.011727 4.101103 3.811519 0.852324 -9999.0 -9999.0 -9999.0 -9999.0 -9999.0 -9999.0 -9999.0
-9999.0 -9999.0 -9999.0 -9999.0 -9999.0 -9999.0 -9999.0 -9999.0 -9999.0 -9999.0 -9999.0 5.091861 2.469855 1.393405 5.698447 4.384270 2.205642 3.410288 11.965114 11.777948 3.754531 5.553024 3.334861 7.727076 5.328290 6.577468 4.704583 3.334609 5.041561 3.567933 3.999389 1.589992 7.996843 5.634059 6.109204 8.428714 3.473528 6.897161 12.456276 8.160247 10.097982 7.795273 8.255225 7.635949 5.779581 -9999.0 0.269126 3.424489 5.361095 6.969724 6.940957 5.883499 6.681227 6.328805 5.262503 4.342020 -9999.0 -9999.0 -9999.0 -9999.0 -9999.0 -9999.0 -9999.0
-9999.0 -9999.0 -9999.0 -9999.0 -9999.0 -9999.0 -9999.0 -9999.0 -9999.0 -9999.0 -9999.0 -9999.0 4.085586 1.209678 6.645988 6.395743 1.214287 3.758341 13.303128 12.110447 6.253111 6.466796 6.135042 5.202923 2.106534 3.787138 9.174218 6.216026 6.566584 5.398876 7.185540 2.149551 7.538324 6.559483 5.353731 7.489925 2.110765 7.024441 14.150072 10.461418 11.233298 10.539698 3.977554 9.287281 6.276925 5.525259 3.004921 3.428660 1.020042 4.102013 5.804876 2.183711 4.038319 2.067118 1.373556 1.864060 3.723230 -9999.0 -9999.0 -9999.0 -9999.0 -9999.0 -9999.0
-9999.0 -9999.0 -9999.0 -9999.0 -9999.0 -9999.0 -9999.0 -9999.0 -9999.0 -9999.0 -9999.0 1.632217 1.781058 5.144000 1.558910 2.148752 4.195874 3.815441 13.527678 5.987586 6.973220 5.918077 6.343443 3.696705 4.070762 6.385351 4.172175 5.321584 7.369906 7.108037 4.327020 4.162077 7.678244 6.162481 2.538111 6.843785 8.011619 5.574994 3.986560 12.899603 6.250947 7.196566 6.580146 5.149922 9.673934 6.410048 6.172918 6.557467 7.007453 5.576537 0.747109 1.892874 0.908457 0.277389 -0.003221 -0.029490 2.832802 -9999.0 -9999.0 -9999.0 -9999.0 -9999.0 -9999.0
-9999.0 -9999.0 -9999.0 -9999.0 -9999.0 -9999.0 -9999.0 -9999.0 -9999.0 -9999.0 7.221288 2.423342 6.883909 7.475764 8.264129 4.526699 3.831950 3.290275 7.109896 7.117960 12.403298 10.546031 4.696082 11.522183 7.137352 4.950760 2.840943 1.951586 8.111485 9.448440 5.446270 4.088064 6.635591 4.369407 0.709635 5.599188 8.797845 1.725623 2.241222 7.319188 7.578299 8.441791 13.205826 3.801426 5.065202 6.955656 7.707294 4.457556 5.754622 6.457198 1.127262 0.684786 -0.005098 -0.028147 -0.032634 5.880097 5.916218 -9999.0 -9999.0 -9999.0 -9999.0 -9999.0 -9999.0
-9999.0 -9999.0 -9999.0 -9999.0 -9999.0 -9999.0 -9999.0 -9999.0 -9999.0 4.627332 6.244760 2.138957 4.063044 2.722256 3.315447 3.246742 1.937336 10.450657 7.701297 7.649263 13.001499 5.977680 6.178523 8.026688 6.534596 4.201958 1.730739 10.023253 6.480950 7.267912 7.545046 1.159398 2.858404 0.511706 4.401134 5.919834 7.416440 1.499923 1.434928 4.310904 4.673464 3.369275 3.539231 6.932348 6.425631 5.375056 10.712995 5.214660 5.110722 7.266916 3.455379 3.258556 -0.029489 -0.007463 2.343623 1.573037 3.642078 5.887261 4.207967 -9999.0 -9999.0 -9999.0 -9999.0
-9999.0 -9999.0 -9999.0 -9999.0 -9999.0 -9999.0 -9999.0 -9999.0 -9999.0 4.697440 4.619170 6.806241 9.239102 5.789875 3.844526 3.392675 9.674273 7.439294 8.582065 14.169341 14.087562 14.001165 11.787445 10.824120 4.700839 5.130538 6.793329 7.521656 9.095707 9.944722 8.248653 1.419067 5.911696 4.846426 6.860782 6.972331 7.142810 8.580395 7.053692 7.656917 1.919680 1.202413 4.625378 7.045119 4.572057 8.852833 8.772767 8.325729 7.207878 7.604580 1.430635 0.570643 1.156961 1.760928 1.369993 0.677041 4.132223 5.296923 7.458208 -9999.0 -9999.0 -9999.0 -9999.0
-9999.0 -9999.0 -9999.0 -9999.0 -9999.0 -9999.0 -9999.0 -9999.0 -9999.0 -9999.0 6.016263 7.385895 1.244544 3.189302 6.944725 3.261868 6.590625 8.755102 9.539293 10.768014 13.376699 8.051787 5.661446 5.225769 6.115090 7.549468 8.960716 9.927328 9.154090 2.953987 1.973704 3.057493 1.095255 3.908357 7.472761 7.830223 9.584399 9.518050 6.456313 4.929236 1.936162 8.409345 8.227202 3.818137 4.567383 5.222312 6.486574 11.645879 9.793151 7.584701 2.836205 3.712012 3.416934 2.212575 -0.011019 2.861996 6.892352 7.508689 7.886037 7.846238 -9999.0 -9999.0 -9999.0
-9999.0 -9999.0 -9999.0 -9999.0 -9999.0 -9999.0 -9999.0 -9999.0 -9999.0 -9999.0 5.983865 7.007360 8.235580 3.563098 12.208120 6.456457 5.940656 7.843086 10.243729 11.331016 8.629143 6.378129 5.529108 6.811328 7.121564 9.897345 10.912420 6.953084 3.981666 0.403273 5.655816 7.720037 1.636780 3.504817 5.590112 6.816678 5.030946 4.867574 2.052245 4.274116 6.492807 6.368773 2.039056 6.026995 8.642501 3.007739 5.452666 5.427201 8.290200 9.934130 7.509889 4.639494 2.805391 4.037092 3.408016 4.265354 2.716240 5.978725 8.571502 10.616690 -9999.0 -9999.0 -9999.0
-9999.0 -9999.0 -9999.0 -9999.0 -9999.0 -9999.0 -9999.0 -9999.0 8.966042 7.672696 6.710976 7.357935 2.577697 1.438476 3.262473 6.398642 8.389914 14.910014 12.004049 11.957688 10.181730 9.153513 7.808907 5.841250 7.937516 10.340783 13.030438 4.831849 3.809523 0.399330 1.496489 5.861819 6.771612 5.172089 6.227063 2.858475 8.651110 5.546613 1.058465 5.301132 5.222351 6.372761 0.639683 0.932669 7.082432 8.456644 1.268468 4.390235 6.203327 8.839373 8.423250 4.840750 4.516602 1.093279 5.540139 8.088989 7.710924 11.122453 10.003752 11.217229 -9999.0 -9999.0 -9999.0
-9999.0 -9999.0 -9999.0 -9999.0 -9999.0 -9999.0 -9999.0 -9999.0 2.233939 3.841254 3.051525 4.979705 7.189276 1.363565 4.327794 6.866643 7.885616 8.101693 10.931555 12.507111 17.838986 16.009099 14.784922 12.531068 9.110466 10.392582 8.328897 6.766306 2.949303 7.350080 6.300911 6.647664 7.048451 6.418101 7.322197 8.192311 9.707596 6.466147 3.997010 7.301373 3.218780 -0.028762 2.846980 7.276629 8.822789 3.207516 0.958740 7.562305 5.841804 8.753489 10.856605 7.648721 3.514868 8.521734 9.778984 6.428115 7.342295 9.231783 11.913703 13.765281 14.222822 -9999.0 -9999.0
-9999.0 -9999.0 -9999.0 -9999.0 -9999.0 -9999.0 -9999.0 -9999.0 6.036574 8.638213 7.846655 1.306770 8.490377 2.651042 3.417529 3.039070 7.154102 9.975950 10.877522 17.566937 13.051120 16.639268 16.418618 12.107734 15.660653 9.464626 7.889330 4.918053 1.636294 8.405050 7.187573 9.522067 2.436490 3.172661 8.399262 9.506133 5.114250 6.654062 2.843061 2.225609 6.412084 4.443714 7.096618 6.970974 1.897741 7.807934 6.106058 8.599022 1.923025 7.226556 10.061598 9.881042 5.387431 5.130665 9.597965 10.170565 11.530768 12.527671 13.800403 13.869287 13.798821 -9999.0 -9999.0
-9999.0 -9999.0 -9999.0 -9999.0 -9999.0 -9999.0 -9999.0 -9999.0 2.926075 8.091827 4.525649 3.225349 8.631202 3.166444 5.110353 7.882529 10.396360 10.958034 12.874862 10.908074 12.531628 13.128970 17.160922 17.024701 9.711351 7.565057 5.665269 4.450878 10.741409 6.235280 5.850544 5.880344 6.305567 6.932689 4.201857 10.122213 11.181138 7.978117 4.779659 3.837516 7.762040 8.256350 8.177453 7.915550 8.311784 7.594999 8.275452 8.567909 9.181603 6.613879 8.414797 11.191288 11.425873 10.283884 12.470920 12.849510 13.866676 11.337289 12.779453 13.746927 12.623256 9.758974 -9999.0
-9999.0 -9999.0 -9999.0 -9999.0 -9999.0 -9999.0 -9999.0 -9999.0 6.182529 8.423659 5.958811 4.618621 5.658415 6.516316 13.121490 11.063495 12.221275 9.012982 7.637030 8.963073 10.453639 12.879519 13.442503 13.793753 15.402789 6.513314 5.209837 6.977025 7.837333 8.378790 4.621770 7.684361 9.030103 7.989571 6.515617 7.376474 8.298914 9.392183 7.992280 7.821488 6.359942 6.046407 6.945488 6.049044 3.927565 9.617264 6.051402 7.574346 6.955479 9.517895 11.675983 10.832408 11.838198 13.379661 13.423332 13.119640 14.024069 13.915086 13.545808 12.843747 10.720894 8.937271 -9999.0
-9999.0 -9999.0 7.710185 9.333289 2.458567 2.745292 3.574749 2.038653 7.460680 8.119570 5.342992 4.196019 6.882116 9.870889 15.249254 9.586604 6.941936 4.600766 2.943820 7.404360 9.097841 11.395442 12.989618 12.059296 11.504435 8.652916 6.695776 6.953741 8.797067 12.866778 5.890818 6.773942 12.612809 8.037277 9.923459 8.447521 11.178034 10.952508 9.248400 7.277376 9.273954 9.476110 7.699643 8.886635 5.727405 7.553426 9.341255 7.966026 10.766607 12.230512 13.514825 13.628014 14.000093 14.063339 13.994164 18.270760 12.919214 13.167877 12.217865 10.432911 13.201799 7.652878 -9999.0
-9999.0 3.912692 3.965056 2.883373 2.789665 4.576836 3.536305 1.664471 1.352901 6.734015 2.770867 5.782425 7.970865 13.185534 13.583173 6.322747 5.263070 3.246467 4.613459 7.471591 9.300307 10.922940 14.116748 11.379183 17.107869 12.170770 15.348419 15.410287 11.574494 10.482771 10.262639 9.804910 10.662252 15.265814 11.997731 12.654440 13.787322 12.982716 13.764326 12.526445 12.052280 12.164475 11.756302 8.883939 8.178044 8.840728 10.639338 11.348082 13.476755 12.209330 13.297765 13.330474 12.569823 12.206369 12.142961 12.127296 9.756380 9.806833 10.424587 11.819179 7.119029 7.139865 -9999.0
-9999.0 9.397194 6.297644 6.555610 9.454660 5.681596 2.517586 2.126753 7.987128 6.865170 3.275665 5.808814 8.681033 13.855419 6.981821 4.202656 2.276250 3.121559 7.329970 7.511793 12.693116 10.015542 10.643132 11.442198 17.387221 18.357472 12.014660 13.186399 12.487654 11.665934 11.774911 11.220119 12.199762 12.223820 16.589739 14.135963 20.740661 21.781224 15.809064 15.357087 14.732901 13.970628 13.510003 11.701297 12.169494 12.441545 13.348713 13.602842 13.078314 13.154706 12.241139 10.280823 10.068682 10.160136 9.985553 8.418277 8.158706 7.219775 6.759378 5.992291 5.947808 -9999.0 -9999.0
