erum2020/resources/simulation/Vinschgau/output-maps/TL0006N0326.asc
ncols         63
nrows         48
xllcorner     598000.000000
yllcorner     5145000.000000
cellsize      1000.000000
NODATA_value  -9999.0
[rows 0 to 27 of 48, columns 0 to 61 of 63]
-9999.0 -9999.0 -9999.0 -9999.0 -9999.0 -9999.0 -9999.0 -9999.0 -9999.0 -9999.0 -9999.0 -9999.0 -9999.0 -9999.0 -9999.0 -9999.0 -9999.0 -9999.0 -9999.0 -9999.0 -9999.0 -9999.0 -9999.0 -9999.0 -9999.0 -9999.0 -9999.0 -9999.0 -9999.0 -9999.0 -9999.0 -9999.0 -9999.0 -9999.0 -9999.0 -9999.0 -9999.0 -9999.0 -9999.0 -9999.0 -9999.0 -9999.0 -9999.0 -9999.0 -9999.0 -9999.0 -9999.0 -9999.0 -9999.0 -9999.0 -9999.0 -9999.0 -9999.0 -9999.0 -9999.0 -9999.0 -9999.0 -9999.0 -9999.0 -9999.0 -9999.0 -9999.0
-9999.0 -9999.0 -9999.0 -9999.0 -9999.0 -9999.0 -9999.0 -9999.0 -9999.0 -9999.0 -9999.0 -9999.0 -9999.0 -9999.0 -9999.0 -9999.0 -9999.0 -9999.0 -9999.0 -9999.0 -9999.0 -9999.0 -9999.0 -9999.0 -9999.0 -9999.0 -9999.0 -1.263575 -1.273038 -1.174423 -5.175268 -7.214156 -6.897957 -9999.0 -9999.0 -9999.0 -9999.0 -9999.0 -9999.0 -9999.0 -9999.0 -9999.0 -9999.0 -9999.0 -9999.0 -9999.0 -9999.0 -9999.0 -9999.0 -9999.0 -9999.0 -9999.0 -9999.0 -9999.0 -9999.0 -9999.0 -9999.0 -9999.0 -9999.0 -9999.0 -9999.0 -9999.0
-9999.0 -9999.0 -9999.0 -9999.0 -9999.0 -9999.0 -9999.0 -9999.0 -9999.0 -9999.0 -9999.0 -9999.0 -9999.0 -9999.0 -9999.0 -9999.0 -9999.0 -9999.0 -9999.0 -9999.0 -9999.0 -9999.0 -9999.0 -9999.0 -0.937958 -1.064556 -1.564390 -1.254798 -1.404025 -1.401190 -4.959026 -9999.0 -9999.0 -9999.0 -9999.0 -9999.0 -9999.0 -9999.0 -9999.0 -9999.0 -9999.0 -9999.0 -9999.0 -9999.0 -9999.0 -9999.0 -9999.0 -9999.0 -9999.0 -9999.0 -9999.0 -9999.0 -9999.0 -9999.0 -9999.0 -9999.0 -9999.0 -9999.0 -9999.0 -9999.0 -9999.0 -9999.0
-9999.0 -9999.0 -9999.0 -9999.0 -9999.0 -9999.0 -9999.0 -9999.0 -9999.0 -9999.0 -9999.0 -9999.0 -9999.0 -9999.0 -9999.0 -9999.0 -9999.0 -9999.0 -9999.0 -9999.0 -9999.0 -9999.0 -9999.0 -0.911423 -1.548855 -2.055798 -0.563868 -0.710938 -2.933188 -1.689603 -1.367113 -3.231093 -9999.0 -9999.0 -9999.0 -9999.0 -9999.0 -9999.0 -9999.0 -9999.0 -9999.0 -9999.0 -9999.0 -9999.0 -9999.0 -9999.0 -9999.0 -9999.0 -9999.0 -9999.0 -9999.0 -9999.0 -9999.0 -9999.0 -9999.0 -9999.0 -9999.0 -9999.0 -9999.0 -9999.0 -9999.0 -9999.0
-9999.0 -9999.0 -9999.0 -9999.0 -9999.0 -9999.0 -9999.0 -9999.0 -9999.0 -9999.0 -9999.0 -9999.0 -9999.0 -9999.0 -9999.0 -9999.0 -9999.0 -9999.0 -0.019712 -2.097951 -9999.0 -0.874892 -1.018530 -2.415472 -0.219925 0.783988 -1.057980 -0.847042 -0.008442 -2.579580 -1.776907 -1.511718 -1.365903 -3.482825 -9999.0 -9999.0 -9999.0 -9999.0 -9999.0 -9999.0 -9999.0 -9999.0 -9999.0 -9999.0 -9999.0 -9999.0 -9999.0 -9999.0 -9999.0 -9999.0 -9999.0 -9999.0 -9999.0 -9999.0 -9999.0 -9999.0 -9999.0 -9999.0 -9999.0 -9999.0 -9999.0 -9999.0
-9999.0 -9999.0 -9999.0 -9999.0 -9999.0 -9999.0 -9999.0 -9999.0 -9999.0 -9999.0 -9999.0 -9999.0 -9999.0 -9999.0 -9999.0 -9999.0 -9999.0 -0.134304 -0.298417 -1.232439 -1.447324 -1.551864 -2.113061 -0.529115 1.217801 -1.377151 -3.935259 -2.669087 -2.805043 -1.144638 -2.454163 -1.786195 -2.618692 -1.868470 -4.811498 -8.204900 -9999.0 -9999.0 -9999.0 -9999.0 -9999.0 -9999.0 -9999.0 -9999.0 -9999.0 -9999.0 -9999.0 -9999.0 -9999.0 -9999.0 -9999.0 -9999.0 -9999.0 -9999.0 -9999.0 -9999.0 -9999.0 -9999.0 -9999.0 -9999.0 -9999.0 -9999.0
-9999.0 -9999.0 -9999.0 -9999.0 -9999.0 -9999.0 -9999.0 -9999.0 -9999.0 -9999.0 -9999.0 -9999.0 -9999.0 -1.436721 -1.651532 -0.548578 -0.210274 4.195952 -0.194949 -0.369628 -0.231990 -0.122193 -0.064786 0.499246 -1.543909 -4.503927 -5.618347 -3.732197 -6.008588 -3.847665 -1.991477 -5.304839 -5.106855 -8.327501 -7.818095 -8.632827 -9999.0 -9999.0 -9999.0 -9999.0 -9999.0 -9999.0 -9999.0 -9999.0 -9999.0 -9999.0 -9999.0 -9999.0 -9999.0 -9999.0 -9999.0 -9999.0 -9999.0 -9999.0 -9999.0 -9999.0 -9999.0 -9999.0 -9999.0 -9999.0 -9999.0 -9999.0
-9999.0 -9999.0 -9999.0 -9999.0 -9999.0 -9999.0 -9999.0 -9999.0 -9999.0 -9999.0 -9999.0 -9999.0 -9999.0 -0.841529 -2.791803 -2.249933 -2.213827 -0.004252 4.689851 -0.137660 -0.022403 -1.526726 -1.854529 -1.587124 -1.420448 -1.133776 -1.724829 -6.305381 -7.512083 -6.353325 -5.010036 -8.194537 -8.385712 -9.695209 -8.999981 -9999.0 -9999.0 -9999.0 -9999.0 -9999.0 -9999.0 -9999.0 -9999.0 -9999.0 -9999.0 -9999.0 -9999.0 -9999.0 -9999.0 -9999.0 -9999.0 -9999.0 -9999.0 -9999.0 -9999.0 -9999.0 -9999.0 -9999.0 -9999.0 -9999.0 -9999.0 -9999.0
-9999.0 -9999.0 -9999.0 -9999.0 -9999.0 -9999.0 -9999.0 -9999.0 -9999.0 -9999.0 -9999.0 -9999.0 -9999.0 -1.942004 -0.130304 -0.576160 -2.108208 -0.403603 4.095034 -0.012133 -1.909530 -3.759358 -1.103400 -2.721327 -1.081296 -0.963387 -1.007303 -7.394909 -1.543617 -8.490022 -7.840311 -10.091534 -9.748173 -10.845932 -9.509004 -9999.0 -9999.0 -9999.0 -9999.0 -9999.0 -9999.0 -9999.0 -9999.0 -9999.0 -9999.0 -9999.0 -9999.0 -9999.0 -9999.0 -9999.0 -9999.0 -9999.0 -9999.0 -9999.0 -9999.0 -9999.0 -9999.0 -9999.0 -9999.0 -9999.0 -9999.0 -9999.0
-9999.0 -9999.0 -9999.0 -9999.0 -9999.0 -9999.0 -9999.0 -9999.0 -9999.0 -9999.0 -9999.0 -9999.0 -1.097863 -0.369534 -0.679923 -2.539126 -0.914780 -1.267835 1.657559 1.232891 -1.895660 -4.561086 -2.437703 -3.557487 -0.984326 -6.610806 -4.399628 -2.716705 -1.325529 -7.706915 -9.047628 -2.678364 -3.715530 -7.854296 -9999.0 -9999.0 -9999.0 -9999.0 -9999.0 -9999.0 -9999.0 -9999.0 -9999.0 -9999.0 -9999.0 -9999.0 -9999.0 -9999.0 -9999.0 -9999.0 -9999.0 -9999.0 -9999.0 -9999.0 -9999.0 -9999.0 -9999.0 -9999.0 -9999.0 -9999.0 -9999.0 -9999.0
-9999.0 -9999.0 -9999.0 -9999.0 -9999.0 -9999.0 -9999.0 -9999.0 -9999.0 -9999.0 -9999.0 -1.594458 -1.032493 -2.268006 -3.082620 -3.408529 -3.668420 -2.744717 1.680791 1.163216 -0.528385 -0.415338 -1.583014 -4.896002 -1.173574 -3.086266 -7.949907 -1.213838 -1.897790 -8.606947 -3.333862 -2.316513 -3.885333 -6.368161 -5.592287 -5.171278 -6.886906 -0.003556 1.534842 -9999.0 -9999.0 -9999.0 -6.895058 -9999.0 -9999.0 -9999.0 -9999.0 -9999.0 -9999.0 -9999.0 -9999.0 -9999.0 -9999.0 -9999.0 -9999.0 -9999.0 -9999.0 -9999.0 -9999.0 -9999.0 -9999.0 -9999.0
-9999.0 -9999.0 -9999.0 -9999.0 -9999.0 -9999.0 -9999.0 -9999.0 -9999.0 -9999.0 -9999.0 -2.525840 -2.365209 -1.354100 -1.872276 -5.613142 -1.839919 -0.861427 1.682694 -0.004603 -0.006492 -1.974805 -0.887164 -1.340529 -2.195857 -3.767782 -1.129353 -0.970407 -2.085382 -6.690484 -1.724958 -2.690994 -3.141997 -5.996044 -6.853924 -6.524755 2.009670 1.888646 1.245914 0.169460 -3.863623 -7.278181 -5.073219 -5.409728 -9999.0 -9999.0 -9999.0 -0.049335 -1.176085 -0.943592 -0.478633 -0.631102 -0.680539 -0.025149 -0.010048 -0.690290 -9999.0 -9999.0 -9999.0 -9999.0 -9999.0 -9999.0
-9999.0 -9999.0 -9999.0 -9999.0 -9999.0 -9999.0 -9999.0 -9999.0 -9999.0 -9999.0 -9999.0 -1.609277 -4.458052 -1.556774 -1.516099 -2.579811 -1.837460 -1.915662 0.428927 1.275339 -0.069838 -2.214314 -2.025544 -0.664692 -5.792074 -0.985131 -1.783702 -2.153912 -5.011645 -4.664373 -6.180067 -1.870777 -2.994259 -6.117337 -5.541337 0.631113 -0.196022 -0.063990 2.220404 1.038214 1.456829 -6.428511 -4.967032 -3.467247 -4.281252 -9999.0 -6.248090 -1.675383 -0.482765 -0.506863 -0.886397 -0.624632 -0.033978 -0.009341 -0.028852 -0.045938 -9999.0 -9999.0 -9999.0 -9999.0 -9999.0 -9999.0
-9999.0 -9999.0 -9999.0 -9999.0 -9999.0 -9999.0 -9999.0 -9999.0 -9999.0 -9999.0 -9999.0 -9999.0 -3.334493 -1.251319 -0.741220 -1.039556 -1.848602 -2.459931 1.445507 1.471851 -0.312244 -2.119573 -0.423371 -1.925321 -0.961477 -1.382257 -2.397422 -4.917614 -3.628906 -1.730701 -1.469412 -1.979446 -2.450353 -4.365065 -7.832153 -6.305564 -1.418890 -0.210403 3.154750 1.443131 0.966596 2.638849 -1.122092 -3.852456 -2.265148 -2.368742 -2.002466 -2.068204 -0.803437 -1.557189 -0.267357 -1.725008 -0.473198 -0.108532 -3.126076 -3.312257 -0.072569 -9999.0 -9999.0 -9999.0 -9999.0 -9999.0
-9999.0 -9999.0 -9999.0 -9999.0 -9999.0 -9999.0 -9999.0 -9999.0 -9999.0 -9999.0 -9999.0 -0.428570 -4.701235 -3.112677 -1.523032 -1.674330 -1.865361 -1.971141 0.284880 -0.009009 -0.247837 -0.283322 -0.735815 -1.219785 -1.159026 -1.738692 -0.587575 -6.068209 -1.247069 -1.010916 -2.291058 -2.363047 -3.123023 -4.729686 -8.806416 -5.590747 -6.929882 -0.581111 -0.125262 2.602633 -0.064927 -0.019775 -0.290567 -0.645478 -0.002362 -2.529964 -0.792688 -0.730966 -0.433052 -1.908661 -4.585783 -5.343041 -4.330244 -6.102910 -5.458291 -6.236933 -0.521073 -9999.0 -9999.0 -9999.0 -9999.0 -9999.0
-9999.0 -9999.0 -9999.0 -9999.0 -9999.0 -9999.0 -9999.0 -9999.0 -9999.0 -9999.0 -0.276837 -0.649304 -0.450642 -0.989065 -0.321769 -1.842032 -0.835123 -1.109778 -0.149896 -0.007727 1.054982 -0.056143 -2.481120 -2.270429 -0.291667 -0.798238 -2.300576 -1.069268 -1.452020 -2.019420 -0.589450 -1.256830 -3.053564 -6.162720 -9.480387 -5.599385 -0.259590 -1.631073 -0.317724 -0.009295 0.590610 -0.010648 -1.835830 -0.310938 -0.377783 -2.012019 -0.760269 -2.575713 -0.275142 -0.431599 -0.457777 -5.876381 -5.980082 -6.420211 -5.744491 -0.045164 -0.044379 -9999.0 -9999.0 -9999.0 -9999.0 -9999.0
-9999.0 -9999.0 -9999.0 -9999.0 -9999.0 -9999.0 -9999.0 -9999.0 -9999.0 -4.385533 -0.491929 -0.298693 -1.850275 -0.767402 -0.932714 -0.879829 -2.946671 -1.744311 -0.050580 -0.004344 1.835770 -0.049346 -0.232313 -0.012010 -0.623549 -1.409938 -1.424338 -1.948648 -0.221757 -0.262984 -0.025251 -2.102813 -7.614826 -8.982058 -5.453590 -5.928128 -5.054258 -4.369674 -4.193228 -3.033944 -0.219623 -2.404943 -2.075184 -0.035837 -0.344980 -0.201161 1.141699 -3.049214 -1.060666 -0.076528 -1.015247 -0.945301 -6.881963 -4.655127 -0.913535 -0.384965 -0.041956 -0.028782 -0.223126 -9999.0 -9999.0 -9999.0
-9999.0 -9999.0 -9999.0 -9999.0 -9999.0 -9999.0 -9999.0 -9999.0 -9999.0 -3.168020 -4.068917 -3.202459 -0.005876 -0.651799 -1.615145 -0.455875 -0.570530 -0.100581 -0.048759 2.612224 2.581641 5.402114 -0.812480 -1.238839 -1.374012 -1.747118 -0.381782 -0.170938 -0.031679 -0.681961 -1.028230 -1.486687 -4.447543 -3.769335 -2.055732 -3.021095 -3.222114 -3.463193 -6.283432 -3.133498 -4.178655 -5.951427 -2.293910 -1.092577 -0.035063 -0.003073 -0.004060 -0.107118 -0.202401 -0.254007 -0.348112 -0.397868 -3.713039 -3.453224 -5.431482 -0.086791 -0.044877 -0.098931 -0.026397 -9999.0 -9999.0 -9999.0
-9999.0 -9999.0 -9999.0 -9999.0 -9999.0 -9999.0 -9999.0 -9999.0 -9999.0 -9999.0 -3.252191 -1.624115 -0.602831 -0.318027 -0.086403 -1.921672 -1.732951 -0.090075 -0.014292 1.972518 0.888363 -0.075874 -0.596253 -0.476551 -1.403637 -0.155775 -0.105661 -0.007420 -0.869437 -4.257424 -4.331577 -0.815970 -5.812882 -6.570505 -1.549319 -2.623422 -2.980305 -3.113834 -3.140702 -7.069996 -8.439278 -1.693356 -1.455898 -2.836355 -1.141996 -1.650929 -1.054413 -0.288694 2.903744 -0.074144 -1.352659 -0.318693 -0.559501 -1.666177 -4.049774 -3.829515 -0.983261 -0.073983 -0.071984 -0.041638 -9999.0 -9999.0
-9999.0 -9999.0 -9999.0 -9999.0 -9999.0 -9999.0 -9999.0 -9999.0 -9999.0 -9999.0 -3.141220 -2.821400 -2.348821 -0.291085 2.123484 -0.298452 -0.316210 -0.118235 2.921505 2.094806 -0.005959 -0.029773 -0.307927 -0.677608 -0.285519 -0.094512 -0.001712 -0.705738 -0.809343 -6.485442 -6.035141 -1.416552 -0.969749 -6.783862 -6.053443 -4.833234 -0.462917 -2.411082 -1.669227 -6.361827 -1.627253 -1.067178 -3.489426 -5.685390 -0.892526 -0.952443 -0.566593 -0.688565 -0.045877 2.738590 -0.066749 -0.290452 -0.082420 -0.503264 -1.211381 -0.458171 -4.893072 -0.040071 -0.018303 -0.002653 -9999.0 -9999.0
-9999.0 -9999.0 -9999.0 -9999.0 -9999.0 -9999.0 -9999.0 -9999.0 -0.796848 -0.426807 -1.048185 -1.812631 -0.946099 -0.710770 -0.321931 -0.012149 -0.007117 6.891657 2.349200 2.373630 3.603265 2.141554 -0.046729 -0.200875 -0.043459 1.705717 -0.002800 -0.879639 -0.868854 -2.165306 -7.986563 -5.274801 -2.929644 -3.792331 -1.567640 -7.505020 -1.139616 -2.199946 -1.083228 -1.929803 -4.760675 -4.504670 -6.234586 -7.263645 -0.559179 -0.409042 -4.741755 -0.493968 -1.276475 -0.005938 -0.085024 -0.538962 -0.061004 -0.696073 -0.339494 -0.031279 -0.044317 -0.717912 -0.035082 3.970470 -9999.0 -9999.0
-9999.0 -9999.0 -9999.0 -9999.0 -9999.0 -9999.0 -9999.0 -9999.0 -1.749196 -1.213361 -0.393686 -5.424482 -3.856579 -0.569447 -0.289432 -1.095312 -0.131551 -0.281860 4.173226 5.253532 9.847717 7.269067 5.349581 4.619300 -0.003085 2.414851 -0.149877 -1.034860 -2.034021 -1.140118 -1.384370 -0.610916 -1.005904 -1.106761 -0.747296 -0.548547 -1.377309 -1.849282 -0.834521 -0.856080 -5.895258 -8.414907 -6.455392 -0.679905 -0.913382 -0.897106 -5.114948 -3.467411 -0.361273 -0.115274 -0.002766 -0.226592 -0.076658 -0.032568 -1.700799 1.037949 -0.038680 -0.050577 4.071575 7.042606 7.336729 -9999.0
-9999.0 -9999.0 -9999.0 -9999.0 -9999.0 -9999.0 -9999.0 -9999.0 -4.290786 -0.588867 -1.022648 -0.958181 -0.351849 -3.538227 -1.549380 -0.486119 -0.066116 -0.004498 4.357190 7.847378 6.582855 7.114236 7.765107 3.754033 7.392864 -0.016394 -0.219383 -0.706724 -0.899063 -0.704439 -0.619012 -1.022083 -0.530576 -0.792318 -0.449258 -1.967278 -0.644100 -0.263601 -0.408549 -0.705832 -1.415895 -1.411943 -0.578691 -1.928931 -3.792116 -3.496199 -0.647387 -0.131804 -1.402421 -0.879736 2.260034 -0.035218 -0.420682 -1.087035 -0.044620 -0.014074 0.084004 4.077033 5.192306 3.188185 6.883007 -9999.0
-9999.0 -9999.0 -9999.0 -9999.0 -9999.0 -9999.0 -9999.0 -9999.0 -5.950135 -0.786427 -0.066851 -0.686003 -0.352530 -1.285606 -0.268559 -0.126846 3.367182 4.588298 -0.001776 2.573172 2.579162 6.327814 8.725234 7.796125 -0.006821 -0.215907 -0.475784 -1.253901 -1.964822 -0.348963 -1.200220 -0.965456 -0.248252 -0.278435 -0.477283 -0.438868 -0.627808 -0.086196 -1.621107 -0.326603 -0.753093 -0.367245 -0.250984 -0.579569 -0.313196 -0.493322 -0.110256 -0.205432 -0.265293 -1.058066 -0.516563 4.268416 -0.003689 -0.039513 2.244276 4.007067 5.141894 3.450815 6.892614 6.794711 2.445824 -0.016031
-9999.0 -9999.0 -9999.0 -9999.0 -9999.0 -9999.0 -9999.0 -9999.0 -1.203307 -0.510175 -0.290920 -0.304918 -0.141023 -0.138637 4.115901 -0.002009 -0.003417 -0.046416 -0.803514 -0.040360 2.357554 5.448509 5.759405 2.697694 4.624561 -0.165491 -1.300301 -0.429988 -0.044164 -0.081889 -1.408191 -0.519113 -0.060686 -0.386778 -1.858206 -1.793445 -0.230642 -0.051552 -0.080517 -1.640677 -1.746083 -2.070772 -0.208177 -0.438642 -0.483380 -0.654117 -1.867187 -0.157260 -0.184881 -0.047479 3.358314 1.729577 4.723480 5.062213 5.341434 3.421872 5.525780 6.066235 2.980354 4.058869 -0.003129 -0.042670
-9999.0 -9999.0 -0.530831 -0.413175 -0.699107 -0.363814 -0.414535 -0.376022 -0.449587 -0.627236 -0.231168 -0.051230 -0.121733 -0.007439 7.331152 -0.006326 -0.681088 -1.057939 -0.651596 -0.954074 -0.029016 4.402109 5.165490 2.922702 2.227293 -0.047938 -0.157729 -0.177429 -0.095478 0.932148 -0.329952 -0.251451 1.848943 -0.172926 -0.069435 -0.151282 -0.009413 -0.002813 -0.061720 -0.226855 -0.043828 -0.050150 -0.097462 -0.100973 -0.474160 -0.242177 -0.074066 -0.136403 2.801232 3.522363 4.728585 3.170808 5.418093 3.505563 3.335488 7.438253 2.988689 2.709858 -0.002928 -0.006381 -0.063209 -0.022975
-9999.0 -1.237888 -1.543202 -0.926664 -0.728656 -0.914021 -0.457476 -0.847631 -0.946711 -1.470731 -0.402682 -0.207890 -0.013493 3.064071 2.402914 -0.250847 -0.518893 -0.710231 -1.306426 -0.161141 -0.025830 0.004243 3.232878 2.960196 6.317770 2.407035 5.702371 5.820046 2.063135 -0.006794 -0.012855 -0.055846 -0.012850 2.845614 1.892060 2.382354 4.677363 4.711798 2.745393 2.273081 0.048388 2.109951 -0.001714 -0.112845 -0.100878 -0.105770 -0.001773 0.503661 4.569414 2.971488 3.705771 2.930293 2.861619 2.854843 2.803457 -0.004520 -0.021323 -0.048570 -0.046461 -0.030326 -0.004085 -0.003511
-9999.0 -0.458590 -1.022147 -0.281870 -0.009104 -0.985437 -1.298868 -0.472013 -0.397898 -0.393891 -0.336551 -0.257425 -0.014922 2.532044 -0.310590 -0.277016 -1.014396 -0.415433 -0.134175 -0.136934 -0.057163 -0.008259 2.564557 2.627542 7.074961 9.394830 4.500855 5.526190 5.040303 4.032537 5.137794 3.733855 2.203184 2.244151 5.811964 3.391905 9.566440 12.258614 6.333706 5.592397 4.544635 2.954701 4.377034 2.760884 4.691121 5.846762 6.976662 7.054725 5.293204 4.870162 2.175069 -0.010952 -0.058236 -0.003028 -0.027315 -0.172671 -0.338258 -0.050804 -0.048202 -0.010918 -0.006695 -9999.0
