erum2020/resources/simulation/Vinschgau/output-maps/TL0008N1162.asc
ncols         63
nrows         48
xllcorner     598000.000000
yllcorner     5145000.000000
cellsize      1000.000000
NODATA_value  -9999.0
[rows 0 to 27 of 48, columns 0 to 62 of 63]
-9999.0 -9999.0 -9999.0 -9999.0 -9999.0 -9999.0 -9999.0 -9999.0 -9999.0 -9999.0 -9999.0 -9999.0 -9999.0 -9999.0 -9999.0 -9999.0 -9999.0 -9999.0 -9999.0 -9999.0 -9999.0 -9999.0 -9999.0 -9999.0 -9999.0 -9999.0 -9999.0 -9999.0 -9999.0 -9999.0 -9999.0 -9999.0 -9999.0 -9999.0 -9999.0 -9999.0 -9999.0 -9999.0 -9999.0 -9999.0 -9999.0 -9999.0 -9999.0 -9999.0 -9999.0 -9999.0 -9999.0 -9999.0 -9999.0 -9999.0 -9999.0 -9999.0 -9999.0 -9999.0 -9999.0 -9999.0 -9999.0 -9999.0 -9999.0 -9999.0 -9999.0 -9999.0 -9999.0
-9999.0 -9999.0 -9999.0 -9999.0 -9999.0 -9999.0 -9999.0 -9999.0 -9999.0 -9999.0 -9999.0 -9999.0 -9999.0 -9999.0 -9999.0 -9999.0 -9999.0 -9999.0 -9999.0 -9999.0 -9999.0 -9999.0 -9999.0 -9999.0 -9999.0 -9999.0 -9999.0 -0.006023 -0.058318 -0.003522 -0.147983 -0.114680 -0.567440 -9999.0 -9999.0 -9999.0 -9999.0 -9999.0 -9999.0 -9999.0 -9999.0 -9999.0 -9999.0 -9999.0 -9999.0 -9999.0 -9999.0 -9999.0 -9999.0 -9999.0 -9999.0 -9999.0 -9999.0 -9999.0 -9999.0 -9999.0 -9999.0 -9999.0 -9999.0 -9999.0 -9999.0 -9999.0 -9999.0
-9999.0 -9999.0 -9999.0 -9999.0 -9999.0 -9999.0 -9999.0 -9999.0 -9999.0 -9999.0 -9999.0 -9999.0 -9999.0 -9999.0 -9999.0 -9999.0 -9999.0 -9999.0 -9999.0 -9999.0 -9999.0 -9999.0 -9999.0 -9999.0 -0.050075 -0.046547 -0.047714 -0.046439 -0.060024 -0.066522 -0.085542 -9999.0 -9999.0 -9999.0 -9999.0 -9999.0 -9999.0 -9999.0 -9999.0 -9999.0 -9999.0 -9999.0 -9999.0 -9999.0 -9999.0 -9999.0 -9999.0 -9999.0 -9999.0 -9999.0 -9999.0 -9999.0 -9999.0 -9999.0 -9999.0 -9999.0 -9999.0 -9999.0 -9999.0 -9999.0 -9999.0 -9999.0 -9999.0
-9999.0 -9999.0 -9999.0 -9999.0 -9999.0 -9999.0 -9999.0 -9999.0 -9999.0 -9999.0 -9999.0 -9999.0 -9999.0 -9999.0 -9999.0 -9999.0 -9999.0 -9999.0 -9999.0 -9999.0 -9999.0 -9999.0 -9999.0 -0.042911 -0.035114 2.994294 3.453087 3.792091 2.906121 -0.038053 -0.076978 -0.128323 -9999.0 -9999.0 -9999.0 -9999.0 -9999.0 -9999.0 -9999.0 -9999.0 -9999.0 -9999.0 -9999.0 -9999.0 -9999.0 -9999.0 -9999.0 -9999.0 -9999.0 -9999.0 -9999.0 -9999.0 -9999.0 -9999.0 -9999.0 -9999.0 -9999.0 -9999.0 -9999.0 -9999.0 -9999.0 -9999.0 -9999.0
-9999.0 -9999.0 -9999.0 -9999.0 -9999.0 -9999.0 -9999.0 -9999.0 -9999.0 -9999.0 -9999.0 -9999.0 -9999.0 -9999.0 -9999.0 -9999.0 -9999.0 -9999.0 5.354548 -0.028543 -9999.0 -0.037471 -0.031231 3.030473 2.862389 4.097485 3.718675 3.751153 2.151001 -0.002045 -0.046868 -0.079845 -0.071874 -0.080285 -9999.0 -9999.0 -9999.0 -9999.0 -9999.0 -9999.0 -9999.0 -9999.0 -9999.0 -9999.0 -9999.0 -9999.0 -9999.0 -9999.0 -9999.0 -9999.0 -9999.0 -9999.0 -9999.0 -9999.0 -9999.0 -9999.0 -9999.0 -9999.0 -9999.0 -9999.0 -9999.0 -9999.0 -9999.0
-9999.0 -9999.0 -9999.0 -9999.0 -9999.0 -9999.0 -9999.0 -9999.0 -9999.0 -9999.0 -9999.0 -9999.0 -9999.0 -9999.0 -9999.0 -9999.0 -9999.0 5.186012 3.848374 4.371142 3.929733 -0.000934 -0.002038 2.171159 4.163017 -0.003027 -0.100744 -0.002022 -0.012174 1.781948 -0.028800 -0.044592 -0.003136 -0.006518 -0.078905 -0.090430 -9999.0 -9999.0 -9999.0 -9999.0 -9999.0 -9999.0 -9999.0 -9999.0 -9999.0 -9999.0 -9999.0 -9999.0 -9999.0 -9999.0 -9999.0 -9999.0 -9999.0 -9999.0 -9999.0 -9999.0 -9999.0 -9999.0 -9999.0 -9999.0 -9999.0 -9999.0 -9999.0
-9999.0 -9999.0 -9999.0 -9999.0 -9999.0 -9999.0 -9999.0 -9999.0 -9999.0 -9999.0 -9999.0 -9999.0 -9999.0 2.827542 2.203894 3.486771 4.871557 11.154896 4.915952 3.766864 3.296184 2.455666 3.746826 4.234472 -0.002103 -0.028856 -0.150495 -0.384989 -0.080281 -0.002028 -0.486641 -0.052033 -0.071222 -0.138149 -0.102759 -0.109065 -9999.0 -9999.0 -9999.0 -9999.0 -9999.0 -9999.0 -9999.0 -9999.0 -9999.0 -9999.0 -9999.0 -9999.0 -9999.0 -9999.0 -9999.0 -9999.0 -9999.0 -9999.0 -9999.0 -9999.0 -9999.0 -9999.0 -9999.0 -9999.0 -9999.0 -9999.0 -9999.0
-9999.0 -9999.0 -9999.0 -9999.0 -9999.0 -9999.0 -9999.0 -9999.0 -9999.0 -9999.0 -9999.0 -9999.0 -9999.0 4.495284 4.544681 4.207070 4.063756 9.647065 11.254327 5.353794 4.082566 6.520061 2.650894 1.123267 1.591256 -0.005263 -0.048553 -0.004049 -0.022033 -0.325161 -0.608056 -0.065970 -0.064005 -4.715609 -0.104975 -9999.0 -9999.0 -9999.0 -9999.0 -9999.0 -9999.0 -9999.0 -9999.0 -9999.0 -9999.0 -9999.0 -9999.0 -9999.0 -9999.0 -9999.0 -9999.0 -9999.0 -9999.0 -9999.0 -9999.0 -9999.0 -9999.0 -9999.0 -9999.0 -9999.0 -9999.0 -9999.0 -9999.0
-9999.0 -9999.0 -9999.0 -9999.0 -9999.0 -9999.0 -9999.0 -9999.0 -9999.0 -9999.0 -9999.0 -9999.0 -9999.0 4.654537 4.646783 5.787491 3.839454 4.549899 11.627319 4.904545 7.359376 3.086459 -0.003024 -0.002995 1.513177 0.400864 1.415492 -0.049277 -0.095092 -4.262661 -0.077663 -4.864185 -5.007093 -6.711854 -0.123353 -9999.0 -9999.0 -9999.0 -9999.0 -9999.0 -9999.0 -9999.0 -9999.0 -9999.0 -9999.0 -9999.0 -9999.0 -9999.0 -9999.0 -9999.0 -9999.0 -9999.0 -9999.0 -9999.0 -9999.0 -9999.0 -9999.0 -9999.0 -9999.0 -9999.0 -9999.0 -9999.0 -9999.0
-9999.0 -9999.0 -9999.0 -9999.0 -9999.0 -9999.0 -9999.0 -9999.0 -9999.0 -9999.0 -9999.0 -9999.0 3.335401 4.151042 5.478091 3.257539 2.371172 4.085362 10.555481 6.005230 3.355223 -0.002032 -0.061754 -0.005130 -0.585274 -0.049471 -1.765481 -0.077209 -0.136993 -0.076287 -4.722788 -0.074169 -0.158552 -0.105345 -9999.0 -9999.0 -9999.0 -9999.0 -9999.0 -9999.0 -9999.0 -9999.0 -9999.0 -9999.0 -9999.0 -9999.0 -9999.0 -9999.0 -9999.0 -9999.0 -9999.0 -9999.0 -9999.0 -9999.0 -9999.0 -9999.0 -9999.0 -9999.0 -9999.0 -9999.0 -9999.0 -9999.0 -9999.0
-9999.0 -9999.0 -9999.0 -9999.0 -9999.0 -9999.0 -9999.0 -9999.0 -9999.0 -9999.0 -9999.0 -0.001837 4.407505 2.536453 4.934292 5.941869 5.315720 4.397587 9.727350 7.522133 2.863250 2.304130 -0.007269 -0.044994 -0.230607 -0.065081 -0.078388 -0.075214 -0.109296 -0.107899 -0.074307 -0.071493 -0.029410 -0.079034 -0.077675 -0.011521 -0.084773 -0.068570 -0.128053 -9999.0 -9999.0 -9999.0 -0.084226 -9999.0 -9999.0 -9999.0 -9999.0 -9999.0 -9999.0 -9999.0 -9999.0 -9999.0 -9999.0 -9999.0 -9999.0 -9999.0 -9999.0 -9999.0 -9999.0 -9999.0 -9999.0 -9999.0 -9999.0
-9999.0 -9999.0 -9999.0 -9999.0 -9999.0 -9999.0 -9999.0 -9999.0 -9999.0 -9999.0 -9999.0 -0.002606 4.390434 6.178153 5.928280 4.818927 7.317388 4.986552 10.261974 7.391573 6.921489 3.807507 -0.034447 -1.650441 -2.522682 -0.061892 -0.061400 -0.070711 -0.005578 -0.080986 -0.075897 -0.061408 -0.092929 -0.293938 -0.125988 -0.077185 -0.061261 -0.004285 -0.048351 -0.075633 -0.069420 -0.081599 -0.087766 -0.063512 -9999.0 -9999.0 -9999.0 -0.357686 -0.402129 -0.134929 -0.399249 -0.443342 -0.420837 -0.690471 -0.849074 -0.475128 -9999.0 -9999.0 -9999.0 -9999.0 -9999.0 -9999.0 -9999.0
-9999.0 -9999.0 -9999.0 -9999.0 -9999.0 -9999.0 -9999.0 -9999.0 -9999.0 -9999.0 -9999.0 -0.004262 -0.001952 -0.007690 5.571098 5.713657 2.145488 3.982255 9.105384 7.448162 2.224690 -0.002252 -0.297474 -0.047211 -0.057421 -0.005251 -1.553823 -2.244961 -0.008793 -0.115172 -0.024036 -2.708655 -0.065939 -0.137599 -0.067952 -0.076117 -1.892665 -1.494790 0.578924 -0.016453 -0.078767 -0.086554 -0.083621 -0.073764 -0.222637 -9999.0 -0.145452 -0.309589 -0.109791 -0.075132 -0.059597 -0.003214 -0.072130 -0.084267 -0.180597 -0.191501 -9999.0 -9999.0 -9999.0 -9999.0 -9999.0 -9999.0 -9999.0
-9999.0 -9999.0 -9999.0 -9999.0 -9999.0 -9999.0 -9999.0 -9999.0 -9999.0 -9999.0 -9999.0 -9999.0 -0.003926 -0.001747 4.161828 4.691205 0.718606 3.026940 9.562643 7.247141 2.277618 0.387756 -0.314329 -0.647326 -1.537080 -0.824083 -0.035069 -0.047528 -0.092478 -0.060225 -0.065874 -2.499460 -0.055536 -0.173009 -0.192455 -0.085752 -1.735175 -1.355818 3.795654 -0.004229 -0.006128 1.046569 -0.902053 -0.046841 -0.032358 -0.213178 -0.124995 -0.164538 -3.007602 -0.662915 -0.000712 -2.388030 -2.454649 -3.018178 -3.589425 -0.175669 -0.159959 -9999.0 -9999.0 -9999.0 -9999.0 -9999.0 -9999.0
-9999.0 -9999.0 -9999.0 -9999.0 -9999.0 -9999.0 -9999.0 -9999.0 -9999.0 -9999.0 -9999.0 -0.405240 -0.032560 3.204075 -0.086027 -0.001358 1.549389 2.304260 9.114980 4.228205 2.593556 0.598459 -0.001986 -0.432622 -0.440853 -1.256970 -0.610163 -0.071109 -0.077154 -0.003724 -1.585107 -1.692732 -0.046287 -0.114786 -0.138170 -0.127292 -0.059389 -0.397115 -0.005090 2.829326 -0.139166 -0.002621 -0.330218 -0.130933 -0.009069 -0.072006 -0.103275 -0.003429 1.037024 -0.008099 -1.902902 -0.072485 -3.918518 -3.805538 -4.423083 -5.099963 -0.087064 -9999.0 -9999.0 -9999.0 -9999.0 -9999.0 -9999.0
-9999.0 -9999.0 -9999.0 -9999.0 -9999.0 -9999.0 -9999.0 -9999.0 -9999.0 -9999.0 -0.038938 -0.294776 -0.031603 -0.028236 0.563365 -0.003700 -0.007216 -0.002675 3.434479 3.871351 5.143707 3.845025 -0.440630 -0.006198 -0.001997 -0.960550 -1.567897 -2.849031 -0.041956 -0.035059 -1.156969 -1.244283 -0.044248 -0.095088 -0.102996 -0.020876 -0.052789 -0.650622 -0.289547 0.544658 0.681786 1.875243 6.552016 0.789438 -0.002631 -0.003370 -0.051207 -0.458458 -0.612899 -0.001181 -3.928588 -0.164927 -4.788206 -5.351942 -5.551111 -0.080981 -0.107445 -9999.0 -9999.0 -9999.0 -9999.0 -9999.0 -9999.0
-9999.0 -9999.0 -9999.0 -9999.0 -9999.0 -9999.0 -9999.0 -9999.0 -9999.0 -0.058605 -0.050018 -0.153709 -0.116797 -0.136715 -0.439408 -0.180430 -0.002752 4.321023 3.370102 3.952650 5.561048 0.759197 0.097449 0.858727 -0.000678 -1.090299 -1.388770 -0.022064 -0.189583 -0.003132 -0.001014 -1.288418 -0.012160 -0.468300 -0.068592 -0.022802 -0.058059 -1.512263 -1.471657 -0.409352 -0.801682 -0.354560 -0.356108 1.529992 0.823228 -0.007722 1.435121 -0.193823 -0.185100 -0.000506 -1.588101 -0.098913 -5.712728 -1.147430 -0.664897 -3.201426 -3.348627 -0.066350 -0.374675 -9999.0 -9999.0 -9999.0 -9999.0
-9999.0 -9999.0 -9999.0 -9999.0 -9999.0 -9999.0 -9999.0 -9999.0 -9999.0 -0.056831 -0.052622 -0.012635 2.080838 -0.001336 -0.004797 -0.148179 -0.001709 0.944532 3.944426 6.950159 6.404309 6.522310 4.143101 2.561678 -0.704296 -0.618451 -0.269118 -0.001414 0.853432 2.582082 -0.003456 -1.665125 -0.070678 -0.108959 -0.136802 -0.025150 -0.006872 0.009823 -0.055304 -0.043795 -2.156771 -0.890392 -0.090579 1.091994 2.332387 2.392635 2.082233 0.769778 -0.002406 0.103876 -2.547451 -3.930791 -1.398915 -1.700311 -1.749273 -4.339039 -2.498985 -2.788703 -0.007428 -9999.0 -9999.0 -9999.0 -9999.0
-9999.0 -9999.0 -9999.0 -9999.0 -9999.0 -9999.0 -9999.0 -9999.0 -9999.0 -9999.0 -0.066188 -0.046942 -0.076001 -0.002860 -0.002296 -0.002729 -0.001236 2.002252 4.739494 5.042032 6.374525 2.561529 -0.001935 -0.342337 -0.403703 -0.002101 0.194703 1.363660 -0.003180 -1.228055 -1.567401 -2.084209 -2.230003 -0.104598 -0.086228 -0.047652 -0.036391 -0.043026 -0.006808 -0.075344 -0.065040 -0.038289 -0.001988 -0.005277 -0.002182 -0.002058 1.367501 4.454565 2.916966 0.052847 -1.508249 -3.207314 -0.817046 -1.496460 -1.705071 -0.731542 -0.117942 -0.952338 -0.691054 -0.002007 -9999.0 -9999.0 -9999.0
-9999.0 -9999.0 -9999.0 -9999.0 -9999.0 -9999.0 -9999.0 -9999.0 -9999.0 -9999.0 -0.127824 -0.055374 -0.036970 -0.003342 3.387347 -0.003642 -0.003000 2.452324 5.135162 5.998407 3.280597 1.353181 -0.002464 -0.048186 -0.002061 0.940880 2.020741 -0.002157 -0.918004 -1.959151 -0.059943 -0.062799 -3.554132 -0.105677 -0.061776 -0.045198 -0.874051 -0.431669 -1.684314 -0.080137 -0.080124 -0.002693 -0.413394 -0.036479 -0.015362 -0.303026 -0.001001 -0.002189 2.642142 2.514563 -0.002506 -1.523835 -2.678392 -0.463176 -2.108048 -1.468849 -0.258428 -0.308206 0.928104 2.227860 -9999.0 -9999.0 -9999.0
-9999.0 -9999.0 -9999.0 -9999.0 -9999.0 -9999.0 -9999.0 -9999.0 -0.063676 -0.067692 -0.086917 -0.070849 -1.990367 -0.334567 -0.048862 1.459397 2.780433 7.386557 6.035482 6.482370 5.021108 3.929903 2.977973 1.189965 0.607375 1.791924 3.658855 -0.464416 -1.541882 -1.868521 -4.292395 -0.067815 -0.068426 -0.093950 -0.105134 -0.050265 0.959917 -0.264796 -2.158519 -0.018330 -0.003299 -0.045793 -1.844732 -0.009541 1.763104 -0.030923 -1.983762 -0.159748 -0.002220 2.545356 0.407399 -2.090438 -3.473584 -4.384796 -1.201824 -0.149294 -0.055028 -0.029505 0.936587 3.986466 -9999.0 -9999.0 -9999.0
-9999.0 -9999.0 -9999.0 -9999.0 -9999.0 -9999.0 -9999.0 -9999.0 -2.315956 -2.388780 -1.435509 -0.079604 -0.051380 -1.430332 -0.568061 -0.002080 1.784848 2.379943 5.422279 7.001064 10.421388 9.239435 8.817410 8.192296 3.249887 3.157251 0.728925 -0.232444 -2.828445 -0.079463 -0.123273 -0.008240 -0.072567 -0.005679 -0.060256 -0.040849 3.275796 -0.007315 -0.226392 -0.044572 -0.063811 -3.039030 -0.004802 -0.040729 -0.040090 -1.367069 -2.312729 -0.047579 -0.123580 1.376367 2.122965 -0.014153 -3.881271 -0.198285 -0.059017 -1.636124 -0.341904 -0.002531 2.849169 5.361542 6.840748 -9999.0 -9999.0
-9999.0 -9999.0 -9999.0 -9999.0 -9999.0 -9999.0 -9999.0 -9999.0 -0.062222 -0.047942 -0.079258 -2.200958 -0.077321 -1.666506 -0.221593 -0.455078 0.041612 3.208114 5.342130 10.189542 7.461695 9.654962 9.763373 6.045455 7.212793 3.102167 0.237864 -0.869867 -3.950916 -0.064056 -0.004242 -0.047890 -1.592868 -1.621369 -0.036655 0.144353 -0.006878 1.490056 -0.047179 -0.521714 -0.053074 -0.003189 -0.048708 -0.053325 -1.556321 -0.051837 -0.022094 -0.060169 -1.396782 -0.001741 2.432802 0.245815 -2.212377 -3.684936 -0.887509 -0.233221 1.352903 2.709685 5.201106 5.648117 6.125174 -9999.0 -9999.0
-9999.0 -9999.0 -9999.0 -9999.0 -9999.0 -9999.0 -9999.0 -9999.0 -0.124120 -0.049427 -1.684344 -3.656779 -0.051686 -1.281114 -0.947653 0.060283 3.888103 5.135611 6.955491 5.590546 6.867348 7.230935 9.234658 8.563301 3.498405 0.900941 -0.002130 -1.610237 -0.035078 -0.645027 -0.289313 -0.396268 -0.003822 -0.134939 -0.074032 0.979335 4.744423 3.951512 0.550645 -0.003763 -0.016885 -0.022450 -0.035094 1.719066 -0.051500 -0.003336 -0.040184 -0.002141 -0.049837 -0.289212 -0.001841 2.099339 0.556677 -0.355204 0.910952 1.886265 3.518543 4.535162 5.545130 5.849715 4.871835 2.500498 -9999.0
-9999.0 -9999.0 -9999.0 -9999.0 -9999.0 -9999.0 -9999.0 -9999.0 -0.527334 -0.072204 -1.565559 -1.219064 -0.444286 -0.354036 2.760739 2.478838 4.896045 2.310437 0.639183 2.766820 4.645359 6.599607 6.853167 6.569201 6.465226 -0.003627 -0.729308 -0.002063 -0.001236 -0.011500 -0.379844 -0.000998 2.350920 1.450151 0.406034 1.501787 3.268320 5.947572 5.366903 2.311815 0.805178 0.391923 -0.003099 -0.002607 -0.226806 -0.004935 -0.090475 -0.410527 -0.075725 -0.002281 1.722770 1.565005 1.831110 2.045289 2.624939 2.979356 3.658611 4.485577 5.137891 5.134802 4.069678 1.896106 -9999.0
-9999.0 -9999.0 -0.051247 -0.052846 -2.751683 -1.594519 -2.381296 -3.452360 -0.106018 -0.086363 -1.808046 -0.003320 -0.116168 -0.002283 3.985944 1.810431 -0.002027 -0.866914 -0.116044 -0.002290 2.637856 5.327801 5.572925 6.059301 4.638270 1.920358 -0.003579 -0.003119 2.249687 3.799660 -0.002173 0.537893 5.815332 3.267464 4.239014 4.509163 7.330171 8.237428 7.147888 4.472037 4.975615 4.554385 4.054849 2.675723 -0.001978 -0.002260 1.792777 1.319222 2.607592 3.578963 4.732487 4.005063 3.355242 2.885202 2.794765 6.565130 3.442052 3.870796 3.574416 3.387852 4.652572 1.131930 -9999.0
-9999.0 -0.322351 -0.487481 -1.521826 -0.788838 -1.297876 -0.946476 -1.585749 -2.549122 -0.092717 -1.497342 -0.518736 -0.000225 2.927951 3.042171 -0.350406 -0.894277 -1.574272 -0.555517 -0.002269 2.310301 4.155215 6.412490 4.700689 7.992087 4.468434 6.013120 6.136683 5.059111 3.249177 3.535289 3.722293 5.275057 8.570618 8.014250 9.070137 10.887268 11.147712 10.861520 8.999462 8.554530 8.412751 7.574908 4.706456 3.410688 3.808625 4.556886 5.843255 6.836766 5.930063 4.825351 3.982276 3.222259 2.455947 2.386968 1.903244 0.725251 1.076111 1.685329 3.366177 0.404921 0.927744 -9999.0
-9999.0 -0.009167 -0.099833 -0.135944 -0.000587 -0.302671 -2.151603 -2.100932 -0.099150 -0.106067 -1.320554 -0.893348 -0.001927 3.134158 -0.087566 -3.081592 -1.448100 -1.493950 -0.658443 -0.005485 3.745047 1.813229 2.868507 3.019163 7.331236 8.643836 5.384632 6.397094 6.088074 6.334971 6.490528 6.259357 7.025135 7.958010 11.451224 11.064556 16.350849 17.441745 13.852023 12.805276 12.046446 10.951865 10.122830 7.988247 7.879400 7.750407 7.870294 7.487181 6.806970 5.886847 4.005877 1.862823 0.844814 1.379430 0.628960 -0.001916 -0.262948 -0.001950 -0.001871 -0.001991 -0.001681 -9999.0 -9999.0
