erum2020/resources/simulation/Vinschgau/output-maps/TL0008N1439.asc
ncols         63
nrows         48
xllcorner     598000.000000
yllcorner     5145000.000000
cellsize      1000.000000
NODATA_value  -9999.0
[rows 0 to 27 of 48, columns 0 to 62 of 63]
-9999.0 -9999.0 -9999.0 -9999.0 -9999.0 -9999.0 -9999.0 -9999.0 -9999.0 -9999.0 -9999.0 -9999.0 -9999.0 -9999.0 -9999.0 -9999.0 -9999.0 -9999.0 -9999.0 -9999.0 -9999.0 -9999.0 -9999.0 -9999.0 -9999.0 -9999.0 -9999.0 -9999.0 -9999.0 -9999.0 -9999.0 -9999.0 -9999.0 -9999.0 -9999.0 -9999.0 -9999.0 -9999.0 -9999.0 -9999.0 -9999.0 -9999.0 -9999.0 -9999.0 -9999.0 -9999.0 -9999.0 -9999.0 -9999.0 -9999.0 -9999.0 -9999.0 -9999.0 -9999.0 -9999.0 -9999.0 -9999.0 -9999.0 -9999.0 -9999.0 -9999.0 -9999.0 -9999.0
-9999.0 -9999.0 -9999.0 -9999.0 -9999.0 -9999.0 -9999.0 -9999.0 -9999.0 -9999.0 -9999.0 -9999.0 -9999.0 -9999.0 -9999.0 -9999.0 -9999.0 -9999.0 -9999.0 -9999.0 -9999.0 -9999.0 -9999.0 -9999.0 -9999.0 -9999.0 -9999.0 -0.003813 -0.000951 -0.002276 -0.002075 -0.008773 -3.462862 -9999.0 -9999.0 -9999.0 -9999.0 -9999.0 -9999.0 -9999.0 -9999.0 -9999.0 -9999.0 -9999.0 -9999.0 -9999.0 -9999.0 -9999.0 -9999.0 -9999.0 -9999.0 -9999.0 -9999.0 -9999.0 -9999.0 -9999.0 -9999.0 -9999.0 -9999.0 -9999.0 -9999.0 -9999.0 -9999.0
-9999.0 -9999.0 -9999.0 -9999.0 -9999.0 -9999.0 -9999.0 -9999.0 -9999.0 -9999.0 -9999.0 -9999.0 -9999.0 -9999.0 -9999.0 -9999.0 -9999.0 -9999.0 -9999.0 -9999.0 -9999.0 -9999.0 -9999.0 -9999.0 0.007106 0.021501 0.083096 0.007913 0.086530 0.043360 -0.003050 -9999.0 -9999.0 -9999.0 -9999.0 -9999.0 -9999.0 -9999.0 -9999.0 -9999.0 -9999.0 -9999.0 -9999.0 -9999.0 -9999.0 -9999.0 -9999.0 -9999.0 -9999.0 -9999.0 -9999.0 -9999.0 -9999.0 -9999.0 -9999.0 -9999.0 -9999.0 -9999.0 -9999.0 -9999.0 -9999.0 -9999.0 -9999.0
-9999.0 -9999.0 -9999.0 -9999.0 -9999.0 -9999.0 -9999.0 -9999.0 -9999.0 -9999.0 -9999.0 -9999.0 -9999.0 -9999.0 -9999.0 -9999.0 -9999.0 -9999.0 -9999.0 -9999.0 -9999.0 -9999.0 -9999.0 0.032651 0.405445 2.675721 3.147501 3.257755 3.181133 0.048333 -0.002601 -1.131908 -9999.0 -9999.0 -9999.0 -9999.0 -9999.0 -9999.0 -9999.0 -9999.0 -9999.0 -9999.0 -9999.0 -9999.0 -9999.0 -9999.0 -9999.0 -9999.0 -9999.0 -9999.0 -9999.0 -9999.0 -9999.0 -9999.0 -9999.0 -9999.0 -9999.0 -9999.0 -9999.0 -9999.0 -9999.0 -9999.0 -9999.0
-9999.0 -9999.0 -9999.0 -9999.0 -9999.0 -9999.0 -9999.0 -9999.0 -9999.0 -9999.0 -9999.0 -9999.0 -9999.0 -9999.0 -9999.0 -9999.0 -9999.0 -9999.0 3.422880 0.293823 -9999.0 0.109149 0.380272 2.221392 2.559548 3.158643 2.415335 2.696063 2.205189 0.655625 0.012700 -0.002009 -0.990350 -2.846084 -9999.0 -9999.0 -9999.0 -9999.0 -9999.0 -9999.0 -9999.0 -9999.0 -9999.0 -9999.0 -9999.0 -9999.0 -9999.0 -9999.0 -9999.0 -9999.0 -9999.0 -9999.0 -9999.0 -9999.0 -9999.0 -9999.0 -9999.0 -9999.0 -9999.0 -9999.0 -9999.0 -9999.0 -9999.0
-9999.0 -9999.0 -9999.0 -9999.0 -9999.0 -9999.0 -9999.0 -9999.0 -9999.0 -9999.0 -9999.0 -9999.0 -9999.0 -9999.0 -9999.0 -9999.0 -9999.0 4.840313 3.487551 3.119453 0.559748 0.138795 0.664648 1.647831 2.985966 0.149118 -0.059091 0.530672 -0.036447 1.580887 0.909146 0.023835 -0.002039 -0.003823 -2.093154 -3.231271 -9999.0 -9999.0 -9999.0 -9999.0 -9999.0 -9999.0 -9999.0 -9999.0 -9999.0 -9999.0 -9999.0 -9999.0 -9999.0 -9999.0 -9999.0 -9999.0 -9999.0 -9999.0 -9999.0 -9999.0 -9999.0 -9999.0 -9999.0 -9999.0 -9999.0 -9999.0 -9999.0
-9999.0 -9999.0 -9999.0 -9999.0 -9999.0 -9999.0 -9999.0 -9999.0 -9999.0 -9999.0 -9999.0 -9999.0 -9999.0 1.602285 1.711370 3.040732 4.335794 7.182338 4.455680 2.353621 2.379177 2.126056 2.686186 3.016610 -0.004379 0.315146 -0.995786 -0.044050 -0.053524 -0.002028 -1.448503 0.226513 0.000213 -0.001899 -0.007386 -3.555501 -9999.0 -9999.0 -9999.0 -9999.0 -9999.0 -9999.0 -9999.0 -9999.0 -9999.0 -9999.0 -9999.0 -9999.0 -9999.0 -9999.0 -9999.0 -9999.0 -9999.0 -9999.0 -9999.0 -9999.0 -9999.0 -9999.0 -9999.0 -9999.0 -9999.0 -9999.0 -9999.0
-9999.0 -9999.0 -9999.0 -9999.0 -9999.0 -9999.0 -9999.0 -9999.0 -9999.0 -9999.0 -9999.0 -9999.0 -9999.0 2.426694 3.635942 3.861570 3.742480 7.209366 7.250224 3.925586 3.546633 4.085792 2.435739 1.355388 1.698790 0.790618 -0.001170 -0.002704 -0.010307 -0.574286 -0.071160 -0.002039 -0.325477 -3.662520 -2.790091 -9999.0 -9999.0 -9999.0 -9999.0 -9999.0 -9999.0 -9999.0 -9999.0 -9999.0 -9999.0 -9999.0 -9999.0 -9999.0 -9999.0 -9999.0 -9999.0 -9999.0 -9999.0 -9999.0 -9999.0 -9999.0 -9999.0 -9999.0 -9999.0 -9999.0 -9999.0 -9999.0 -9999.0
-9999.0 -9999.0 -9999.0 -9999.0 -9999.0 -9999.0 -9999.0 -9999.0 -9999.0 -9999.0 -9999.0 -9999.0 -9999.0 3.337086 2.645142 4.580972 3.365118 4.073718 7.510876 4.468304 4.908194 1.736459 0.441037 -0.010288 1.512976 1.161294 0.001119 -0.039292 -0.629326 -2.074050 -0.003661 -4.237688 -4.168956 -9.624993 -3.966805 -9999.0 -9999.0 -9999.0 -9999.0 -9999.0 -9999.0 -9999.0 -9999.0 -9999.0 -9999.0 -9999.0 -9999.0 -9999.0 -9999.0 -9999.0 -9999.0 -9999.0 -9999.0 -9999.0 -9999.0 -9999.0 -9999.0 -9999.0 -9999.0 -9999.0 -9999.0 -9999.0 -9999.0
-9999.0 -9999.0 -9999.0 -9999.0 -9999.0 -9999.0 -9999.0 -9999.0 -9999.0 -9999.0 -9999.0 -9999.0 1.993420 2.087137 4.102187 2.426078 1.976654 3.714533 7.910832 4.378286 2.445371 0.163391 0.495746 -0.006863 -1.561236 -0.001289 -2.678151 -0.003951 0.000132 -1.130246 -3.730561 -1.494447 -2.194118 -3.872912 -9999.0 -9999.0 -9999.0 -9999.0 -9999.0 -9999.0 -9999.0 -9999.0 -9999.0 -9999.0 -9999.0 -9999.0 -9999.0 -9999.0 -9999.0 -9999.0 -9999.0 -9999.0 -9999.0 -9999.0 -9999.0 -9999.0 -9999.0 -9999.0 -9999.0 -9999.0 -9999.0 -9999.0 -9999.0
-9999.0 -9999.0 -9999.0 -9999.0 -9999.0 -9999.0 -9999.0 -9999.0 -9999.0 -9999.0 -9999.0 1.702963 3.489237 3.325699 3.514320 3.397340 3.376575 3.925065 7.998017 5.691263 2.265103 2.213672 0.393146 0.001124 0.670463 0.004465 -0.036872 -0.001191 -2.233976 -3.308395 -1.676004 0.000808 -0.007698 -2.515577 -1.934760 -0.005407 -0.007052 -0.002362 -0.002299 -9999.0 -9999.0 -9999.0 -2.787093 -9999.0 -9999.0 -9999.0 -9999.0 -9999.0 -9999.0 -9999.0 -9999.0 -9999.0 -9999.0 -9999.0 -9999.0 -9999.0 -9999.0 -9999.0 -9999.0 -9999.0 -9999.0 -9999.0 -9999.0
-9999.0 -9999.0 -9999.0 -9999.0 -9999.0 -9999.0 -9999.0 -9999.0 -9999.0 -9999.0 -9999.0 1.311075 3.676609 5.160811 4.941997 2.333297 5.958096 4.389901 8.033486 6.175186 4.972969 2.086778 0.186367 -1.912774 -1.137439 -0.001099 -0.002001 0.005926 -0.002118 -2.659059 -0.001397 0.069318 -1.559545 -2.827990 -3.142451 -0.002049 0.051468 0.061204 -0.002229 -2.237757 -1.993051 -2.682195 -0.002032 -0.573067 -9999.0 -9999.0 -9999.0 -4.278414 -3.646960 -2.878779 -3.102296 -4.224088 -4.367698 -4.184452 -4.003890 -4.610671 -9999.0 -9999.0 -9999.0 -9999.0 -9999.0 -9999.0 -9999.0
-9999.0 -9999.0 -9999.0 -9999.0 -9999.0 -9999.0 -9999.0 -9999.0 -9999.0 -9999.0 -9999.0 1.115997 1.351985 1.337559 3.139277 3.166299 1.899713 3.761844 6.724743 6.102852 2.376615 0.022598 -0.949497 0.007912 -0.001232 -0.003368 -1.084336 -3.126823 -0.004771 -2.877104 -0.010262 -1.324771 0.007094 -2.705770 -0.791215 0.017041 -0.756731 -0.900146 0.444096 -0.008101 -0.002052 -0.005749 0.006658 -0.001396 -2.913280 -9999.0 -4.097524 -2.926549 -0.002608 0.000477 0.008912 -0.002054 -0.001523 -0.003925 -0.003845 -2.628633 -9999.0 -9999.0 -9999.0 -9999.0 -9999.0 -9999.0 -9999.0
-9999.0 -9999.0 -9999.0 -9999.0 -9999.0 -9999.0 -9999.0 -9999.0 -9999.0 -9999.0 -9999.0 -9999.0 1.484146 -0.002048 2.306970 2.533757 0.757255 2.811495 7.382335 6.058140 2.191705 0.647189 -0.035087 -0.612263 -2.309135 -1.191806 0.051492 0.003996 -0.002278 -0.295946 -0.001991 -1.092055 0.017206 -0.004949 -1.835566 -0.002050 -1.040579 -0.801048 1.742998 -0.000418 0.163894 -0.001303 -0.607947 0.104394 -0.013114 -3.039770 -2.959763 -2.761086 -2.267881 -0.694956 -0.000798 -0.990616 -3.296302 -1.702153 -2.395268 -0.012492 -2.462840 -9999.0 -9999.0 -9999.0 -9999.0 -9999.0 -9999.0
-9999.0 -9999.0 -9999.0 -9999.0 -9999.0 -9999.0 -9999.0 -9999.0 -9999.0 -9999.0 -9999.0 -0.704519 0.135590 1.594002 -0.025533 0.402555 1.404011 2.173980 6.685833 4.173167 2.455339 0.903382 -0.002037 -1.132755 -1.074826 -0.674477 -0.649460 -0.003293 -0.006929 -0.002721 -1.170068 -1.546163 0.330708 -0.003509 -3.262960 -0.002045 -0.002112 -0.655537 0.000244 1.176348 -0.663053 -0.002156 -0.031370 -0.164067 0.506107 -0.002643 -0.000488 -0.002589 0.001196 -0.010308 -3.287119 -0.002432 -3.364829 -5.086657 -5.822985 -4.336459 -1.496243 -9999.0 -9999.0 -9999.0 -9999.0 -9999.0 -9999.0
-9999.0 -9999.0 -9999.0 -9999.0 -9999.0 -9999.0 -9999.0 -9999.0 -9999.0 -9999.0 -0.000191 -0.140880 0.250680 0.354764 1.538554 -0.004334 -0.009384 0.102383 3.292894 3.827795 4.311460 2.644262 -0.506050 0.800519 -0.002023 -1.793142 -1.665868 -4.333513 0.012593 0.101382 -0.051152 -1.430974 0.082503 -0.004184 -3.706264 -0.009176 0.015009 -0.831596 -0.092854 0.027757 0.135403 0.897129 3.722866 1.053060 -0.003072 -0.002532 -0.000022 -0.497149 -0.108905 -0.001600 -4.462561 -3.408460 -6.299845 -5.044527 -4.674954 -0.004786 -0.003811 -9999.0 -9999.0 -9999.0 -9999.0 -9999.0 -9999.0
-9999.0 -9999.0 -9999.0 -9999.0 -9999.0 -9999.0 -9999.0 -9999.0 -9999.0 -0.000725 0.246738 -0.039923 -0.031855 -0.675462 -0.045316 -0.035089 -0.003316 2.515654 3.206300 3.854535 4.670975 0.625849 0.430726 0.792929 0.001364 -1.405360 -2.542002 0.098552 -0.131466 -0.003784 0.000458 -1.603131 -0.005812 -3.076247 -2.086409 -0.009633 0.024715 -1.230064 -0.955318 -0.046734 -0.314206 -0.278391 -0.403725 1.802165 1.324583 -0.010872 1.447026 -0.771742 -0.753092 0.011929 -1.609897 -1.983332 -5.489491 -5.464559 -4.319324 -3.575100 -2.585899 -0.072018 -3.961070 -9999.0 -9999.0 -9999.0 -9999.0
-9999.0 -9999.0 -9999.0 -9999.0 -9999.0 -9999.0 -9999.0 -9999.0 -9999.0 -0.001356 -0.000913 0.150789 1.120400 -0.001779 -0.007296 -0.700928 1.152499 0.849628 3.767503 5.650450 5.270289 4.346799 2.835233 0.798384 -1.019090 -1.388573 -0.614031 -0.001996 0.281267 0.951046 0.642672 -1.979667 -0.000786 -2.447744 -0.002487 -0.010259 -0.004136 -0.002068 -0.002050 0.335862 -0.847199 -1.638086 -0.472441 0.536215 2.608418 2.321916 2.090812 0.646128 -0.002557 0.030423 -2.852143 -5.351978 -5.327694 -4.555526 -2.871687 -4.486307 -2.410006 -1.716686 -0.003623 -9999.0 -9999.0 -9999.0 -9999.0
-9999.0 -9999.0 -9999.0 -9999.0 -9999.0 -9999.0 -9999.0 -9999.0 -9999.0 -9999.0 -0.002010 0.148533 -0.031804 -0.005643 0.000985 -0.003258 -0.001674 2.049147 4.545472 4.754152 5.380685 2.301941 -0.002696 -0.156617 -1.105121 -0.002414 0.013209 0.800051 0.402022 -1.543080 -1.886939 -2.960779 -3.681735 -0.012044 0.005110 0.310328 0.119079 0.285343 -0.004062 -0.001846 -0.002180 0.125622 0.595249 -0.006708 -0.006105 -0.002971 1.465253 3.329397 2.937231 0.203969 -1.803844 -2.585953 -4.440065 -5.256620 -4.705044 -3.008949 -0.002173 -1.807510 -0.040131 -0.002018 -9999.0 -9999.0 -9999.0
-9999.0 -9999.0 -9999.0 -9999.0 -9999.0 -9999.0 -9999.0 -9999.0 -9999.0 -9999.0 -0.002822 0.000387 0.086080 -0.003990 1.968080 0.293204 -0.004990 2.352864 5.017218 5.333027 3.078585 1.199305 -0.003827 -0.210896 -0.002289 0.291578 1.463699 -0.002356 -1.229965 -3.391524 -0.002021 0.052396 -3.706414 -2.341309 -0.001840 0.451625 -1.722276 -0.049738 -1.736008 -0.004655 -0.000973 0.588299 -0.629435 0.027058 0.386520 -0.234428 -0.001389 -0.005961 2.863020 2.591803 -0.000944 -1.885621 -4.091619 -4.018895 -5.878919 -5.120245 -3.097450 -0.830507 1.447930 1.756113 -9999.0 -9999.0 -9999.0
-9999.0 -9999.0 -9999.0 -9999.0 -9999.0 -9999.0 -9999.0 -9999.0 0.006129 -0.001991 -0.012146 0.012259 -1.093874 -0.470830 -0.039951 1.539918 2.625503 5.208568 5.621064 5.684328 4.799406 3.671339 2.769439 1.039741 0.636676 1.695985 1.738852 -0.750804 -1.443097 -3.304471 -3.198972 -0.001735 -0.001493 -1.215949 -0.000646 -0.001449 1.348731 -0.036052 -2.480991 -0.009252 -0.002579 0.140708 -3.312734 -0.005351 0.012149 0.127371 -2.302187 -0.553274 -0.003394 2.172368 0.087055 -0.662589 -3.063423 -5.781416 -4.759217 -1.799063 -0.013002 0.294802 0.576321 4.300886 -9999.0 -9999.0 -9999.0
-9999.0 -9999.0 -9999.0 -9999.0 -9999.0 -9999.0 -9999.0 -9999.0 -3.175940 -1.053571 -2.757431 -0.008069 -0.000933 -2.242871 -0.871149 -0.003018 1.634324 2.217618 5.170025 6.226708 8.409294 7.482924 6.442130 5.129746 3.044288 3.150710 0.598568 -0.127446 -3.659455 -0.004306 -2.598281 -0.004781 -0.000176 -0.003802 0.009238 0.058993 2.583288 -0.002600 -0.338810 0.011264 -0.002017 -0.006160 -0.003400 0.019201 -0.000114 -0.800051 -3.782858 0.001775 -0.103729 1.467746 1.506541 -0.050156 -3.508506 -2.951769 -0.001732 -1.490213 -0.995234 -0.002684 2.914566 5.543301 6.194031 -9999.0 -9999.0
-9999.0 -9999.0 -9999.0 -9999.0 -9999.0 -9999.0 -9999.0 -9999.0 -0.001998 -0.000997 -0.003894 -3.565228 0.006566 -3.082763 -0.798850 -0.731178 0.287046 2.557369 5.119161 8.218376 6.688071 7.923602 7.614692 5.199685 5.724130 2.965677 0.128299 -1.180477 -4.139042 -0.001356 -0.003035 0.140708 -1.851491 -1.424612 0.220586 2.134714 -0.003359 1.852047 -0.023283 -0.554728 0.007160 -0.002653 0.012756 -0.001615 -1.257698 0.007077 -0.010468 -0.001944 -2.197405 -0.004371 2.649622 0.028087 -2.459773 -3.381315 -0.592468 -0.028084 0.690363 2.418297 5.134700 5.852221 6.154314 -9999.0 -9999.0
-9999.0 -9999.0 -9999.0 -9999.0 -9999.0 -9999.0 -9999.0 -9999.0 -2.708840 0.007101 -0.544193 -4.055724 0.000760 -1.369221 -0.238194 0.009645 3.674221 4.929050 5.882894 5.402536 6.151946 6.602984 7.686744 6.807875 3.366165 0.858770 -0.003104 -1.928198 0.078236 -0.462863 -0.746770 -0.205650 -0.002830 -0.027901 -0.056183 1.080984 2.824728 3.823106 0.696794 -0.004320 0.083428 0.176687 0.165282 0.011993 -0.000309 -0.002611 0.016186 -0.002060 -0.001421 -0.919040 -0.002259 2.312548 0.021807 -0.255846 0.086125 1.271425 3.342025 4.728906 5.560256 5.905887 4.970199 2.532432 -9999.0
-9999.0 -9999.0 -9999.0 -9999.0 -9999.0 -9999.0 -9999.0 -9999.0 -3.580058 0.000395 -2.392669 -1.513472 -0.353185 -0.084275 0.849630 2.247964 3.590366 2.310013 0.778485 2.615222 4.479274 6.083128 6.212174 5.872038 4.634757 0.159082 -1.038224 -0.002297 -0.001405 -0.014664 -0.222551 0.015458 2.565738 0.859141 0.482688 1.376707 2.777460 5.767077 5.144142 2.151547 0.702582 0.557581 0.695388 -0.002353 -0.835667 0.499489 -0.197194 -0.036288 -0.319801 0.003617 1.544020 1.505496 1.874437 1.349341 2.117645 2.569670 3.367241 4.444172 5.211368 4.983289 3.962232 1.940881 -9999.0
-9999.0 -9999.0 -0.000868 0.005947 -3.631082 -1.565035 -2.802474 -2.464078 -0.014634 -0.003132 -1.030583 -0.007356 -0.069011 -0.002237 2.597351 1.214665 -0.009347 -1.168887 -0.595597 0.038202 2.481960 5.226839 5.674255 5.852342 4.006477 1.763646 0.050762 0.267707 2.404620 2.560303 -0.002961 0.681031 5.037983 3.167858 4.135686 4.357113 6.531548 8.004816 6.900773 4.227496 4.137486 4.225304 4.011071 2.773175 -0.002227 0.501560 1.466603 1.538838 2.557354 3.612581 4.235533 3.865596 3.075122 2.399357 2.298928 4.872266 3.068296 3.708776 3.530595 3.328801 3.454411 1.151926 -9999.0
-9999.0 -0.653579 -0.734996 -0.927525 -1.425243 -0.810653 -2.853186 -2.988426 -3.949110 -0.023596 -2.134899 -0.801488 -0.000329 1.752578 1.316815 -0.244676 -1.101451 -1.896756 -1.272118 -0.003118 2.263900 4.020841 5.825475 4.727570 5.990443 3.728775 4.266355 4.629296 4.425814 3.349359 2.949178 3.143993 4.884275 7.559791 7.205689 8.499081 10.069139 10.905198 10.307076 8.642342 7.720041 7.600565 6.889428 4.542601 3.256148 3.653030 4.572793 5.666138 6.101132 5.925762 4.846754 3.857077 2.852407 1.951388 1.868722 1.309415 0.576035 0.936155 1.074385 1.567523 0.321633 0.942419 -9999.0
-9999.0 1.057312 -0.030860 -0.033571 0.323137 -0.090874 -2.466579 -3.497242 -1.706478 -1.611033 -2.668418 -1.186056 0.068045 1.489100 -0.063365 -2.475181 -2.793102 -2.254630 -0.303236 -0.010509 2.120530 1.908680 2.911208 2.994617 5.807412 6.695797 5.173101 5.659770 5.940161 6.125762 6.269804 6.035362 6.841789 7.753098 10.263917 10.791470 14.454640 15.486478 13.159292 12.076640 11.385483 10.460495 9.310859 7.812445 7.675296 7.531874 7.443827 7.295461 6.657324 5.839992 4.026917 1.939214 0.718844 1.357757 0.444915 -0.001615 -0.347102 -0.001802 -0.001768 -0.002083 -0.001477 -9999.0 -9999.0
