erum2020/resources/simulation/Vinschgau/output-maps/TL0002N0667.asc
ncols         63
nrows         48
xllcorner     598000.000000
yllcorner     5145000.000000
cellsize      1000.000000
NODATA_value  -9999.0
[rows 0 to 27 of 48, columns 0 to 61 of 63]
-9999.0 -9999.0 -9999.0 -9999.0 -9999.0 -9999.0 -9999.0 -9999.0 -9999.0 -9999.0 -9999.0 -9999.0 -9999.0 -9999.0 -9999.0 -9999.0 -9999.0 -9999.0 -9999.0 -9999.0 -9999.0 -9999.0 -9999.0 -9999.0 -9999.0 -9999.0 -9999.0 -9999.0 -9999.0 -9999.0 -9999.0 -9999.0 -9999.0 -9999.0 -9999.0 -9999.0 -9999.0 -9999.0 -9999.0 -9999.0 -9999.0 -9999.0 -9999.0 -9999.0 -9999.0 -9999.0 -9999.0 -9999.0 -9999.0 -9999.0 -9999.0 -9999.0 -9999.0 -9999.0 -9999.0 -9999.0 -9999.0 -9999.0 -9999.0 -9999.0 -9999.0 -9999.0
-9999.0 -9999.0 -9999.0 -9999.0 -9999.0 -9999.0 -9999.0 -9999.0 -9999.0 -9999.0 -9999.0 -9999.0 -9999.0 -9999.0 -9999.0 -9999.0 -9999.0 -9999.0 -9999.0 -9999.0 -9999.0 -9999.0 -9999.0 -9999.0 -9999.0 -9999.0 -9999.0 18.179901 16.350948 15.405336 13.355432 10.924917 11.964184 -9999.0 -9999.0 -9999.0 -9999.0 -9999.0 -9999.0 -9999.0 -9999.0 -9999.0 -9999.0 -9999.0 -9999.0 -9999.0 -9999.0 -9999.0 -9999.0 -9999.0 -9999.0 -9999.0 -9999.0 -9999.0 -9999.0 -9999.0 -9999.0 -9999.0 -9999.0 -9999.0 -9999.0 -9999.0
-9999.0 -9999.0 -9999.0 -9999.0 -9999.0 -9999.0 -9999.0 -9999.0 -9999.0 -9999.0 -9999.0 -9999.0 -9999.0 -9999.0 -9999.0 -9999.0 -9999.0 -9999.0 -9999.0 -9999.0 -9999.0 -9999.0 -9999.0 -9999.0 16.152040 17.272582 18.260878 17.323481 15.638123 15.826898 14.992169 -9999.0 -9999.0 -9999.0 -9999.0 -9999.0 -9999.0 -9999.0 -9999.0 -9999.0 -9999.0 -9999.0 -9999.0 -9999.0 -9999.0 -9999.0 -9999.0 -9999.0 -9999.0 -9999.0 -9999.0 -9999.0 -9999.0 -9999.0 -9999.0 -9999.0 -9999.0 -9999.0 -9999.0 -9999.0 -9999.0 -9999.0
-9999.0 -9999.0 -9999.0 -9999.0 -9999.0 -9999.0 -9999.0 -9999.0 -9999.0 -9999.0 -9999.0 -9999.0 -9999.0 -9999.0 -9999.0 -9999.0 -9999.0 -9999.0 -9999.0 -9999.0 -9999.0 -9999.0 -9999.0 16.707548 17.801978 15.680879 16.307854 16.975792 15.734258 18.290987 16.828492 15.293378 -9999.0 -9999.0 -9999.0 -9999.0 -9999.0 -9999.0 -9999.0 -9999.0 -9999.0 -9999.0 -9999.0 -9999.0 -9999.0 -9999.0 -9999.0 -9999.0 -9999.0 -9999.0 -9999.0 -9999.0 -9999.0 -9999.0 -9999.0 -9999.0 -9999.0 -9999.0 -9999.0 -9999.0 -9999.0 -9999.0
-9999.0 -9999.0 -9999.0 -9999.0 -9999.0 -9999.0 -9999.0 -9999.0 -9999.0 -9999.0 -9999.0 -9999.0 -9999.0 -9999.0 -9999.0 -9999.0 -9999.0 -9999.0 17.410878 18.350437 -9999.0 15.789767 16.148221 15.624692 15.839065 18.545088 16.575097 16.494339 19.853496 16.855028 18.259928 16.342974 19.066550 17.670388 -9999.0 -9999.0 -9999.0 -9999.0 -9999.0 -9999.0 -9999.0 -9999.0 -9999.0 -9999.0 -9999.0 -9999.0 -9999.0 -9999.0 -9999.0 -9999.0 -9999.0 -9999.0 -9999.0 -9999.0 -9999.0 -9999.0 -9999.0 -9999.0 -9999.0 -9999.0 -9999.0 -9999.0
-9999.0 -9999.0 -9999.0 -9999.0 -9999.0 -9999.0 -9999.0 -9999.0 -9999.0 -9999.0 -9999.0 -9999.0 -9999.0 -9999.0 -9999.0 -9999.0 -9999.0 16.263170 13.826408 13.861575 21.150448 13.084519 14.865415 15.143354 21.329927 13.307461 12.166404 12.909761 12.171625 13.436096 17.322741 16.007344 16.398351 15.352069 13.380672 11.600588 -9999.0 -9999.0 -9999.0 -9999.0 -9999.0 -9999.0 -9999.0 -9999.0 -9999.0 -9999.0 -9999.0 -9999.0 -9999.0 -9999.0 -9999.0 -9999.0 -9999.0 -9999.0 -9999.0 -9999.0 -9999.0 -9999.0 -9999.0 -9999.0 -9999.0 -9999.0
-9999.0 -9999.0 -9999.0 -9999.0 -9999.0 -9999.0 -9999.0 -9999.0 -9999.0 -9999.0 -9999.0 -9999.0 -9999.0 13.708857 13.416023 13.656225 15.311388 23.745048 15.661464 16.006223 15.580007 16.947659 17.820941 20.826291 12.441246 14.814025 12.390358 11.027321 12.656290 13.043593 12.354134 13.655874 13.857675 11.699383 12.715039 11.476919 -9999.0 -9999.0 -9999.0 -9999.0 -9999.0 -9999.0 -9999.0 -9999.0 -9999.0 -9999.0 -9999.0 -9999.0 -9999.0 -9999.0 -9999.0 -9999.0 -9999.0 -9999.0 -9999.0 -9999.0 -9999.0 -9999.0 -9999.0 -9999.0 -9999.0 -9999.0
-9999.0 -9999.0 -9999.0 -9999.0 -9999.0 -9999.0 -9999.0 -9999.0 -9999.0 -9999.0 -9999.0 -9999.0 -9999.0 14.401506 14.001687 13.687263 13.494648 18.710525 24.760712 17.504489 15.451303 15.813657 13.144896 13.227735 14.879383 13.038812 16.893053 13.071927 12.767783 10.119668 11.290994 11.466651 1.108647 9.915304 11.053769 -9999.0 -9999.0 -9999.0 -9999.0 -9999.0 -9999.0 -9999.0 -9999.0 -9999.0 -9999.0 -9999.0 -9999.0 -9999.0 -9999.0 -9999.0 -9999.0 -9999.0 -9999.0 -9999.0 -9999.0 -9999.0 -9999.0 -9999.0 -9999.0 -9999.0 -9999.0 -9999.0
-9999.0 -9999.0 -9999.0 -9999.0 -9999.0 -9999.0 -9999.0 -9999.0 -9999.0 -9999.0 -9999.0 -9999.0 -9999.0 14.111160 15.491082 14.638876 12.818235 14.203739 23.691059 15.208820 18.009469 14.891939 11.279757 11.912531 14.491370 12.365338 15.537346 12.010254 15.932205 10.197068 0.976329 8.915192 9.632974 1.014293 9.188062 -9999.0 -9999.0 -9999.0 -9999.0 -9999.0 -9999.0 -9999.0 -9999.0 -9999.0 -9999.0 -9999.0 -9999.0 -9999.0 -9999.0 -9999.0 -9999.0 -9999.0 -9999.0 -9999.0 -9999.0 -9999.0 -9999.0 -9999.0 -9999.0 -9999.0 -9999.0 -9999.0
-9999.0 -9999.0 -9999.0 -9999.0 -9999.0 -9999.0 -9999.0 -9999.0 -9999.0 -9999.0 -9999.0 -9999.0 13.599141 15.163472 14.068674 12.523752 10.459271 13.136120 19.524696 14.667824 14.358614 12.298903 11.674302 11.723131 12.722315 12.997997 11.124302 15.557028 15.545845 1.231075 10.408420 13.506593 14.038948 12.085404 -9999.0 -9999.0 -9999.0 -9999.0 -9999.0 -9999.0 -9999.0 -9999.0 -9999.0 -9999.0 -9999.0 -9999.0 -9999.0 -9999.0 -9999.0 -9999.0 -9999.0 -9999.0 -9999.0 -9999.0 -9999.0 -9999.0 -9999.0 -9999.0 -9999.0 -9999.0 -9999.0 -9999.0
-9999.0 -9999.0 -9999.0 -9999.0 -9999.0 -9999.0 -9999.0 -9999.0 -9999.0 -9999.0 -9999.0 13.076944 11.189929 11.970413 11.603783 12.168182 10.332711 12.322240 19.685868 14.535506 11.750869 13.455933 14.869670 12.756485 11.727889 14.091688 11.805088 14.071184 15.137639 11.864804 12.689464 14.451096 14.320494 13.391354 12.734721 13.727024 16.989989 19.682466 19.362427 -9999.0 -9999.0 -9999.0 15.770851 -9999.0 -9999.0 -9999.0 -9999.0 -9999.0 -9999.0 -9999.0 -9999.0 -9999.0 -9999.0 -9999.0 -9999.0 -9999.0 -9999.0 -9999.0 -9999.0 -9999.0 -9999.0 -9999.0
-9999.0 -9999.0 -9999.0 -9999.0 -9999.0 -9999.0 -9999.0 -9999.0 -9999.0 -9999.0 -9999.0 13.785471 10.780453 11.925220 11.220409 11.212124 12.927016 13.575091 19.155365 17.271246 17.995002 16.723113 15.102400 9.827320 10.544352 13.682594 15.792599 14.954459 14.700603 10.295828 14.064164 15.949412 16.494899 12.956083 13.065351 15.399623 21.112934 23.880426 22.948338 18.285925 18.776408 15.299606 13.864563 17.632989 -9999.0 -9999.0 -9999.0 12.346377 12.662777 13.637392 14.456162 14.097531 13.864594 13.654530 13.521507 13.348784 -9999.0 -9999.0 -9999.0 -9999.0 -9999.0 -9999.0
-9999.0 -9999.0 -9999.0 -9999.0 -9999.0 -9999.0 -9999.0 -9999.0 -9999.0 -9999.0 -9999.0 14.235037 11.185161 9.746085 13.516764 12.399266 10.088605 10.758651 16.758411 19.342892 12.281558 12.683312 11.899560 15.256390 12.455515 17.800815 11.740342 11.103526 13.538712 1.338228 11.870744 10.830436 16.060206 14.486502 12.993746 17.460633 14.867874 15.797114 26.257842 21.460351 22.020162 15.807978 16.490847 17.287918 15.366795 -9999.0 10.970793 12.708360 14.939476 16.294211 16.985614 17.520031 16.873475 16.355636 16.156223 15.367765 -9999.0 -9999.0 -9999.0 -9999.0 -9999.0 -9999.0
-9999.0 -9999.0 -9999.0 -9999.0 -9999.0 -9999.0 -9999.0 -9999.0 -9999.0 -9999.0 -9999.0 -9999.0 12.379372 9.675641 16.794314 13.726968 9.051747 11.250684 17.886968 19.594141 12.428461 13.168582 13.211032 12.347725 10.790050 11.600182 17.749800 13.569276 13.727853 13.237789 14.084323 11.248492 15.632867 14.063987 10.626044 14.938025 11.847329 13.985681 27.560305 23.519751 21.931184 20.924906 13.024519 18.810694 19.540051 14.735243 13.386065 12.698113 10.958435 13.034004 14.576458 11.669719 13.614487 11.436649 10.964141 13.438013 15.004587 -9999.0 -9999.0 -9999.0 -9999.0 -9999.0
-9999.0 -9999.0 -9999.0 -9999.0 -9999.0 -9999.0 -9999.0 -9999.0 -9999.0 -9999.0 -9999.0 10.218088 11.460661 12.715978 10.831722 10.886714 11.363505 10.974229 17.621121 14.401912 12.943546 12.399853 12.592608 12.079809 11.889196 12.844780 11.823932 12.613050 15.836242 14.698780 11.847337 12.462219 16.929845 13.992913 10.653019 14.359738 13.791604 13.049446 14.617816 26.370363 14.084890 15.392183 15.014613 13.563804 19.702810 16.525061 15.298517 15.839293 15.566388 13.998180 11.073777 12.978578 10.139957 9.631659 9.068494 10.594805 15.180117 -9999.0 -9999.0 -9999.0 -9999.0 -9999.0
-9999.0 -9999.0 -9999.0 -9999.0 -9999.0 -9999.0 -9999.0 -9999.0 -9999.0 -9999.0 13.654363 11.117121 16.104318 15.261903 15.751658 12.105903 11.192488 10.835929 14.046436 14.531961 18.315477 16.610045 11.602211 18.784586 13.539759 12.554474 10.735113 10.559515 15.809424 16.120197 13.076596 12.192161 14.726872 12.922138 13.682008 11.964951 17.160200 12.302151 12.415788 17.605788 17.685455 14.193638 18.723260 14.141994 13.873119 20.812218 15.060547 13.034625 14.205859 14.745426 11.605476 11.940824 8.600073 11.218981 11.400287 15.338254 16.334322 -9999.0 -9999.0 -9999.0 -9999.0 -9999.0
-9999.0 -9999.0 -9999.0 -9999.0 -9999.0 -9999.0 -9999.0 -9999.0 -9999.0 12.146917 12.981754 10.675306 12.358898 11.458964 11.563475 11.081400 10.361466 17.175900 14.095007 15.160670 18.892512 13.349612 13.111146 15.352127 13.191242 10.725002 11.760789 17.015771 13.402147 13.941282 14.891158 10.379216 1.100783 10.404432 15.581681 12.202031 12.592398 11.204822 10.974656 12.154425 12.673314 11.269374 11.078282 14.451140 14.219970 14.395925 20.704480 13.708281 13.310881 15.500629 13.060337 15.006788 10.642672 11.883028 12.960204 11.591546 12.857451 16.777515 15.753750 -9999.0 -9999.0 -9999.0
-9999.0 -9999.0 -9999.0 -9999.0 -9999.0 -9999.0 -9999.0 -9999.0 -9999.0 13.554069 12.387662 12.633147 16.464380 13.210856 12.573431 11.625733 15.972963 13.333000 14.865818 21.268796 20.933550 21.788338 16.765447 16.385295 11.041846 12.423979 13.353778 13.906954 15.472117 14.949369 15.163706 10.279825 13.790839 13.967914 14.146488 19.445305 19.010115 18.833000 12.730942 13.486341 10.612082 9.715903 12.860832 13.821243 14.688739 17.345602 17.232247 16.502572 15.123545 15.302136 11.024832 10.433640 13.498212 12.603257 12.724261 10.718305 12.721354 14.217170 19.566723 -9999.0 -9999.0 -9999.0
-9999.0 -9999.0 -9999.0 -9999.0 -9999.0 -9999.0 -9999.0 -9999.0 -9999.0 -9999.0 12.658448 13.343873 11.433853 12.246215 13.967631 13.158563 12.753842 14.293837 15.718317 17.704177 18.320505 13.778690 12.136202 11.698964 12.430806 14.056616 14.926663 16.432990 15.363080 10.490565 10.098892 11.750379 9.018728 11.128505 14.852426 16.136496 18.287812 16.647267 19.155007 0.857255 10.011254 15.981621 14.529377 11.731649 12.391890 12.755306 13.765987 17.098635 18.060783 16.247955 12.195107 13.150914 14.501102 13.820383 11.336460 13.186838 13.947665 15.622506 16.512604 16.657796 -9999.0 -9999.0
-9999.0 -9999.0 -9999.0 -9999.0 -9999.0 -9999.0 -9999.0 -9999.0 -9999.0 -9999.0 12.626529 13.096485 12.899715 12.075412 19.186052 13.199871 12.695013 14.542168 17.189079 18.404139 15.765228 13.833534 12.674947 13.770870 13.812498 15.397744 17.136161 13.319496 11.174025 9.118934 11.964149 13.537282 10.828645 1.240416 11.626495 12.486022 13.151974 12.659893 10.924035 11.253957 13.278023 14.626130 10.745962 12.657284 13.860836 11.581586 12.647417 13.204836 15.468722 17.938978 16.309705 13.458573 12.420541 15.730594 18.264749 18.672616 12.173781 13.892608 17.317810 18.918865 -9999.0 -9999.0
-9999.0 -9999.0 -9999.0 -9999.0 -9999.0 -9999.0 -9999.0 -9999.0 16.252915 16.761957 14.730064 12.766097 11.141737 11.599301 11.584983 14.349043 15.428126 21.959250 18.429981 18.670367 17.386780 16.087755 14.843317 13.885692 15.313657 15.867389 18.418880 11.724684 11.495154 10.021165 9.599981 12.126143 13.718962 13.130183 13.262490 9.922273 14.621130 12.959528 9.089824 18.219300 12.565393 12.708241 9.737195 12.259688 18.857856 14.803553 10.202849 11.993305 13.863122 16.867721 16.685216 14.083421 13.412816 11.023917 19.188581 18.161111 20.962170 20.170930 17.660608 18.892855 -9999.0 -9999.0
-9999.0 -9999.0 -9999.0 -9999.0 -9999.0 -9999.0 -9999.0 -9999.0 10.688290 12.245116 10.952219 11.576878 12.099951 11.667270 11.285203 12.567685 14.069514 14.630119 17.439571 18.977525 25.418816 23.804446 21.807116 21.586167 16.099046 16.245639 14.238867 13.039148 10.838546 13.372698 13.324141 16.146686 14.698486 13.455995 14.352997 14.671812 16.535484 13.755471 11.822827 14.968699 12.256156 8.059966 11.532133 14.572311 16.288515 11.541945 10.516806 13.431962 13.053457 15.804723 18.360626 15.908534 12.685219 18.062854 20.448066 15.987586 16.204428 17.152370 19.555991 21.184571 22.106351 -9999.0
-9999.0 -9999.0 -9999.0 -9999.0 -9999.0 -9999.0 -9999.0 -9999.0 11.577361 14.326330 15.947454 10.053117 15.000829 10.573316 13.165310 12.155048 13.770810 16.544424 17.830283 23.786973 19.557850 23.655418 23.814979 18.801194 23.096428 14.798797 13.485832 11.308437 11.211696 15.470651 14.611839 15.881046 11.153041 11.304671 14.946830 17.159919 11.320905 13.564286 10.995005 11.101151 13.846631 13.218138 13.866226 13.590746 10.477013 14.147593 19.756887 16.493483 11.271641 14.606482 17.692859 17.918223 14.209801 13.836476 17.549856 17.971943 19.056009 20.165960 21.224543 21.494932 21.514769 -9999.0
-9999.0 -9999.0 -9999.0 -9999.0 -9999.0 -9999.0 -9999.0 -9999.0 10.756495 13.829641 13.278102 11.595735 16.068683 12.630262 12.562681 13.899928 16.264267 18.088953 17.598164 17.861671 18.688885 19.471177 23.868159 24.077554 16.136644 13.946010 12.211620 10.845045 18.477778 13.086475 12.530949 12.632350 13.816137 13.898262 11.971859 17.303388 17.652030 14.051178 11.531665 11.826713 16.618916 14.998562 15.475150 21.009703 16.990494 19.432712 17.009621 16.895006 17.819531 14.720721 15.736892 18.756457 19.448012 17.994536 19.883158 20.115978 21.176384 20.643636 21.248869 21.406402 19.972581 17.491018
-9999.0 -9999.0 -9999.0 -9999.0 -9999.0 -9999.0 -9999.0 -9999.0 13.475294 13.650340 12.164335 11.719508 12.825502 13.419916 18.743144 16.644983 17.513880 14.876499 13.674767 15.125543 17.222701 19.132211 19.594482 19.831843 22.278115 13.800204 12.009678 13.755600 14.534021 14.636294 11.648080 13.694935 15.166687 14.218371 12.655149 12.729267 14.196627 15.096069 14.619923 13.963112 13.467869 12.991042 13.870436 13.730347 12.451199 18.564188 13.592198 14.901126 14.972882 17.139909 19.025506 19.133644 19.751723 21.421894 21.168029 21.194583 21.527227 21.294498 20.946801 19.913922 18.352927 16.601762
-9999.0 -9999.0 16.190943 15.058215 11.004036 11.729996 12.063166 11.340545 14.513338 13.495776 11.716621 13.604801 13.673298 15.900145 21.824613 15.559412 13.304190 11.396327 11.960507 13.410313 15.497322 18.113966 19.190166 19.317325 18.646517 15.726771 14.040253 13.732090 14.408296 18.787679 12.845302 12.733741 17.911620 14.011303 15.979371 14.174964 16.753464 16.492624 15.377128 13.465467 15.499606 15.749956 14.516038 15.541849 12.833627 14.763858 16.057018 15.109093 18.256110 19.855779 21.402701 22.091952 21.679047 21.569648 21.257133 25.857768 20.389811 20.041971 18.956730 17.981332 19.749867 15.567362
-9999.0 12.288946 12.335671 12.119023 12.066842 12.257457 11.595524 10.306495 9.856865 12.986983 11.288639 12.374588 14.691083 19.411747 19.651769 12.992041 12.115772 11.660019 12.936915 13.544719 15.956257 16.177543 22.179595 18.846135 24.153642 18.991175 23.660033 23.020727 17.369576 16.526860 17.343713 16.433190 16.157582 20.376423 17.569434 18.636673 19.003310 18.304839 19.039787 18.584284 18.230328 17.892587 17.704633 15.383832 15.027038 15.866518 18.240111 18.436432 20.966770 21.349823 20.342957 20.229814 19.893309 20.025025 19.949826 19.115334 17.828979 17.459516 17.232972 18.404286 15.112614 15.112620
-9999.0 14.702080 13.104301 13.420082 18.662831 13.301497 10.443906 11.253028 17.009747 16.465928 11.902071 12.490171 14.707388 19.647536 13.669027 11.351969 11.059027 11.727338 13.780966 13.660090 16.467971 15.647637 16.874793 18.840087 24.713480 25.768267 19.341119 20.097267 18.920988 18.028091 19.257043 18.456415 17.569303 17.787760 21.439754 19.923733 26.150068 27.365854 20.754028 21.077025 20.500081 19.431713 18.853654 18.804908 19.917376 20.421500 21.714824 21.276031 19.436922 19.681458 18.735838 17.746655 17.556004 18.397920 17.980281 16.338614 16.277272 15.249079 14.829328 13.987966 13.892180 -9999.0
