erum2020/resources/simulation/Vinschgau/output-maps/TsL0003N0995.asc
ncols         63
nrows         48
xllcorner     598000.000000
yllcorner     5145000.000000
cellsize      1000.000000
NODATA_value  -9999.0
[rows 0 to 27 of 48, columns 0 to 62 of 63]
-9999.0 -9999.0 -9999.0 -9999.0 -9999.0 -9999.0 -9999.0 -9999.0 -9999.0 -9999.0 -9999.0 -9999.0 -9999.0 -9999.0 -9999.0 -9999.0 -9999.0 -9999.0 -9999.0 -9999.0 -9999.0 -9999.0 -9999.0 -9999.0 -9999.0 -9999.0 -9999.0 -9999.0 -9999.0 -9999.0 -9999.0 -9999.0 -9999.0 -9999.0 -9999.0 -9999.0 -9999.0 -9999.0 -9999.0 -9999.0 -9999.0 -9999.0 -9999.0 -9999.0 -9999.0 -9999.0 -9999.0 -9999.0 -9999.0 -9999.0 -9999.0 -9999.0 -9999.0 -9999.0 -9999.0 -9999.0 -9999.0 -9999.0 -9999.0 -9999.0 -9999.0 -9999.0 -9999.0
-9999.0 -9999.0 -9999.0 -9999.0 -9999.0 -9999.0 -9999.0 -9999.0 -9999.0 -9999.0 -9999.0 -9999.0 -9999.0 -9999.0 -9999.0 -9999.0 -9999.0 -9999.0 -9999.0 -9999.0 -9999.0 -9999.0 -9999.0 -9999.0 -9999.0 -9999.0 -9999.0 -5.265136 -5.054809 -4.844800 -5.525909 -5.544514 -5.416572 -9999.0 -9999.0 -9999.0 -9999.0 -9999.0 -9999.0 -9999.0 -9999.0 -9999.0 -9999.0 -9999.0 -9999.0 -9999.0 -9999.0 -9999.0 -9999.0 -9999.0 -9999.0 -9999.0 -9999.0 -9999.0 -9999.0 -9999.0 -9999.0 -9999.0 -9999.0 -9999.0 -9999.0 -9999.0 -9999.0
-9999.0 -9999.0 -9999.0 -9999.0 -9999.0 -9999.0 -9999.0 -9999.0 -9999.0 -9999.0 -9999.0 -9999.0 -9999.0 -9999.0 -9999.0 -9999.0 -9999.0 -9999.0 -9999.0 -9999.0 -9999.0 -9999.0 -9999.0 -9999.0 -2.696665 -2.257116 -1.662971 -2.423103 -3.863832 -3.999312 -5.080967 -9999.0 -9999.0 -9999.0 -9999.0 -9999.0 -9999.0 -9999.0 -9999.0 -9999.0 -9999.0 -9999.0 -9999.0 -9999.0 -9999.0 -9999.0 -9999.0 -9999.0 -9999.0 -9999.0 -9999.0 -9999.0 -9999.0 -9999.0 -9999.0 -9999.0 -9999.0 -9999.0 -9999.0 -9999.0 -9999.0 -9999.0 -9999.0
-9999.0 -9999.0 -9999.0 -9999.0 -9999.0 -9999.0 -9999.0 -9999.0 -9999.0 -9999.0 -9999.0 -9999.0 -9999.0 -9999.0 -9999.0 -9999.0 -9999.0 -9999.0 -9999.0 -9999.0 -9999.0 -9999.0 -9999.0 -2.037917 -1.334242 0.302033 0.774007 1.291982 0.559678 -1.694219 -4.775373 -5.683371 -9999.0 -9999.0 -9999.0 -9999.0 -9999.0 -9999.0 -9999.0 -9999.0 -9999.0 -9999.0 -9999.0 -9999.0 -9999.0 -9999.0 -9999.0 -9999.0 -9999.0 -9999.0 -9999.0 -9999.0 -9999.0 -9999.0 -9999.0 -9999.0 -9999.0 -9999.0 -9999.0 -9999.0 -9999.0 -9999.0 -9999.0
-9999.0 -9999.0 -9999.0 -9999.0 -9999.0 -9999.0 -9999.0 -9999.0 -9999.0 -9999.0 -9999.0 -9999.0 -9999.0 -9999.0 -9999.0 -9999.0 -9999.0 -9999.0 0.205209 -0.518513 -9999.0 -1.434123 -0.077132 -0.005931 0.420160 1.395816 -0.002067 -0.000540 0.080825 -0.022927 -2.200173 -5.363458 -5.602509 -7.380287 -9999.0 -9999.0 -9999.0 -9999.0 -9999.0 -9999.0 -9999.0 -9999.0 -9999.0 -9999.0 -9999.0 -9999.0 -9999.0 -9999.0 -9999.0 -9999.0 -9999.0 -9999.0 -9999.0 -9999.0 -9999.0 -9999.0 -9999.0 -9999.0 -9999.0 -9999.0 -9999.0 -9999.0 -9999.0
-9999.0 -9999.0 -9999.0 -9999.0 -9999.0 -9999.0 -9999.0 -9999.0 -9999.0 -9999.0 -9999.0 -9999.0 -9999.0 -9999.0 -9999.0 -9999.0 -9999.0 4.198929 2.756222 1.508666 -0.230655 -0.056008 -0.024760 -0.013793 -0.003129 -0.018999 -0.351859 -0.026693 -0.103581 -0.010203 -0.080937 -2.011348 -4.259936 -5.043627 -6.279796 -7.282113 -9999.0 -9999.0 -9999.0 -9999.0 -9999.0 -9999.0 -9999.0 -9999.0 -9999.0 -9999.0 -9999.0 -9999.0 -9999.0 -9999.0 -9999.0 -9999.0 -9999.0 -9999.0 -9999.0 -9999.0 -9999.0 -9999.0 -9999.0 -9999.0 -9999.0 -9999.0 -9999.0
-9999.0 -9999.0 -9999.0 -9999.0 -9999.0 -9999.0 -9999.0 -9999.0 -9999.0 -9999.0 -9999.0 -9999.0 -9999.0 -0.037691 -0.009614 2.211750 3.731698 4.097721 3.827017 0.613108 0.337688 -0.003568 0.578343 -0.003075 -0.022072 -0.120874 -1.981994 -2.892588 -1.311115 -0.036571 -1.989609 -3.295502 -2.930790 -5.188475 -4.883873 -7.450875 -9999.0 -9999.0 -9999.0 -9999.0 -9999.0 -9999.0 -9999.0 -9999.0 -9999.0 -9999.0 -9999.0 -9999.0 -9999.0 -9999.0 -9999.0 -9999.0 -9999.0 -9999.0 -9999.0 -9999.0 -9999.0 -9999.0 -9999.0 -9999.0 -9999.0 -9999.0 -9999.0
-9999.0 -9999.0 -9999.0 -9999.0 -9999.0 -9999.0 -9999.0 -9999.0 -9999.0 -9999.0 -9999.0 -9999.0 -9999.0 -0.009306 1.329631 2.991722 2.994430 2.843722 4.138088 1.655374 2.855064 0.875224 1.130015 0.031470 -0.024037 -0.108967 -3.345662 -4.774657 -5.112426 -1.433492 -2.769631 -4.933149 -5.370507 -8.777928 -6.455359 -9999.0 -9999.0 -9999.0 -9999.0 -9999.0 -9999.0 -9999.0 -9999.0 -9999.0 -9999.0 -9999.0 -9999.0 -9999.0 -9999.0 -9999.0 -9999.0 -9999.0 -9999.0 -9999.0 -9999.0 -9999.0 -9999.0 -9999.0 -9999.0 -9999.0 -9999.0 -9999.0 -9999.0
-9999.0 -9999.0 -9999.0 -9999.0 -9999.0 -9999.0 -9999.0 -9999.0 -9999.0 -9999.0 -9999.0 -9999.0 -9999.0 0.943737 0.816174 2.127867 2.497165 3.268612 4.325834 3.733051 0.978926 0.044902 -0.022970 -0.060330 -0.013441 -0.022251 -3.442699 -5.396504 -5.775802 -7.822354 -5.292148 -9.196475 -9.625725 -11.451720 -7.779463 -9999.0 -9999.0 -9999.0 -9999.0 -9999.0 -9999.0 -9999.0 -9999.0 -9999.0 -9999.0 -9999.0 -9999.0 -9999.0 -9999.0 -9999.0 -9999.0 -9999.0 -9999.0 -9999.0 -9999.0 -9999.0 -9999.0 -9999.0 -9999.0 -9999.0 -9999.0 -9999.0 -9999.0
-9999.0 -9999.0 -9999.0 -9999.0 -9999.0 -9999.0 -9999.0 -9999.0 -9999.0 -9999.0 -9999.0 -9999.0 -0.010206 -0.000126 1.628753 -0.003176 0.775500 2.777682 3.314957 2.795992 0.147004 -0.033909 -0.089838 -1.199610 -2.039155 -3.329275 -3.254549 -5.473028 -4.648504 -5.619310 -9.213917 -5.864617 -5.845425 -8.103007 -9999.0 -9999.0 -9999.0 -9999.0 -9999.0 -9999.0 -9999.0 -9999.0 -9999.0 -9999.0 -9999.0 -9999.0 -9999.0 -9999.0 -9999.0 -9999.0 -9999.0 -9999.0 -9999.0 -9999.0 -9999.0 -9999.0 -9999.0 -9999.0 -9999.0 -9999.0 -9999.0 -9999.0 -9999.0
-9999.0 -9999.0 -9999.0 -9999.0 -9999.0 -9999.0 -9999.0 -9999.0 -9999.0 -9999.0 -9999.0 -0.062136 0.946206 0.820231 0.943976 -0.000174 1.530619 2.869781 3.466300 1.837932 1.509613 -0.005934 -0.336195 -2.862546 -2.092705 -4.486997 -5.519127 -5.142412 -4.465057 -6.995091 -6.038709 -2.940781 -4.958911 -6.743797 -6.175390 -5.108823 -4.914663 -5.247360 -5.281356 -9999.0 -9999.0 -9999.0 -6.994458 -9999.0 -9999.0 -9999.0 -9999.0 -9999.0 -9999.0 -9999.0 -9999.0 -9999.0 -9999.0 -9999.0 -9999.0 -9999.0 -9999.0 -9999.0 -9999.0 -9999.0 -9999.0 -9999.0 -9999.0
-9999.0 -9999.0 -9999.0 -9999.0 -9999.0 -9999.0 -9999.0 -9999.0 -9999.0 -9999.0 -9999.0 -1.860631 1.149170 2.482100 2.289668 -0.019505 3.940685 3.654057 3.450138 2.436398 1.051163 -0.013783 -0.632840 -2.692105 -3.764348 -5.038964 -5.276600 -4.431925 -3.377237 -6.736445 -5.153785 -3.723498 -5.074107 -5.271278 -5.919092 -5.116504 -3.930584 -1.732830 -3.551671 -6.522829 -6.510028 -6.921603 -5.263838 -5.542075 -9999.0 -9999.0 -9999.0 -7.485859 -6.225359 -6.015721 -5.324305 -7.003386 -7.251693 -7.009699 -6.661010 -7.625500 -9999.0 -9999.0 -9999.0 -9999.0 -9999.0 -9999.0 -9999.0
-9999.0 -9999.0 -9999.0 -9999.0 -9999.0 -9999.0 -9999.0 -9999.0 -9999.0 -9999.0 -9999.0 -2.362134 -0.041052 -0.516483 -0.004376 -0.000657 0.019027 3.065195 2.849730 2.416282 1.429891 -0.021420 -1.565227 -2.614189 -4.820088 -4.353610 -1.765025 -3.627364 -4.647178 -6.497688 -5.087110 -4.130277 -4.307292 -5.043375 -5.603228 -4.161247 -3.269038 -2.933442 -0.072935 -5.081824 -4.988376 -5.544520 -4.287324 -4.950232 -5.137643 -9999.0 -8.066223 -5.116083 -4.937115 -3.957877 -2.629488 -3.245494 -4.755214 -5.506414 -5.490128 -5.760115 -9999.0 -9999.0 -9999.0 -9999.0 -9999.0 -9999.0 -9999.0
-9999.0 -9999.0 -9999.0 -9999.0 -9999.0 -9999.0 -9999.0 -9999.0 -9999.0 -9999.0 -9999.0 -9999.0 -0.085475 -1.272416 -0.007515 -0.005715 -0.006384 2.183133 3.092795 2.459125 1.279944 -0.016959 -0.570522 -2.957052 -3.084750 -1.907945 -2.037135 -3.189633 -5.444617 -5.518168 -5.256848 -3.911137 -2.609595 -5.471818 -5.538842 -4.848282 -3.055108 -2.784033 -0.008018 -2.614893 -3.241016 -2.936524 -3.286295 -1.106061 -5.165221 -5.329098 -6.498594 -5.003432 -3.033893 -1.194106 -0.433748 -3.760635 -3.729392 -4.423134 -4.624995 -5.455537 -5.566008 -9999.0 -9999.0 -9999.0 -9999.0 -9999.0 -9999.0
-9999.0 -9999.0 -9999.0 -9999.0 -9999.0 -9999.0 -9999.0 -9999.0 -9999.0 -9999.0 -9999.0 -1.696078 -1.732247 -1.971495 -1.712531 -0.021699 -0.008436 1.288307 2.563781 3.517879 1.787509 -0.004300 -0.034511 -1.822040 -1.750805 -2.492341 -2.620232 -5.501041 -5.154121 -4.081034 -1.877325 -3.071749 -3.236006 -4.751631 -5.917336 -4.929219 -4.504773 -1.599977 -0.023187 -0.032048 -1.662260 -0.427163 -1.711835 -1.248479 -0.062970 -5.426866 -4.830443 -3.916715 -2.892474 -0.097872 -3.982578 -4.748285 -6.179387 -6.890224 -7.788484 -8.540763 -5.642763 -9999.0 -9999.0 -9999.0 -9999.0 -9999.0 -9999.0
-9999.0 -9999.0 -9999.0 -9999.0 -9999.0 -9999.0 -9999.0 -9999.0 -9999.0 -9999.0 -1.822197 -1.535687 -0.814044 -0.552966 -0.025181 -0.841483 -0.894484 -0.017032 2.797673 3.150603 1.089624 0.147377 -0.711601 -0.040308 -0.045201 -2.203852 -2.418010 -5.049550 -2.470786 -1.325625 -2.519431 -2.599417 -1.288723 -5.208007 -7.610635 -5.071929 -3.337690 -1.402333 -0.140124 -0.016065 -0.015082 0.196517 1.139263 0.404053 -0.124344 -3.786260 -3.099464 -2.997908 -2.421903 -0.033925 -6.189927 -6.245558 -8.253518 -9.399904 -9.105204 -5.401263 -4.941820 -9999.0 -9999.0 -9999.0 -9999.0 -9999.0 -9999.0
-9999.0 -9999.0 -9999.0 -9999.0 -9999.0 -9999.0 -9999.0 -9999.0 -9999.0 -4.880679 -1.974280 -2.759696 -0.391962 -1.154779 -1.014802 -1.272701 -0.319319 -0.000509 2.533328 3.363496 1.373410 -0.008476 -0.012153 -0.014300 -0.020668 -1.614937 -3.263228 -1.231064 -1.400398 -0.054868 -0.019359 -1.812357 -4.762382 -8.959543 -6.628027 -5.111997 -4.038085 -1.952914 -1.589827 -1.710410 -0.338754 -0.422658 -0.589290 1.136858 0.422417 -0.151370 -0.025415 -1.295441 -1.272187 -0.018519 -2.354108 -5.735435 -10.190814 -8.562981 -6.950328 -6.144241 -5.303126 -5.288103 -6.557411 -9999.0 -9999.0 -9999.0 -9999.0
-9999.0 -9999.0 -9999.0 -9999.0 -9999.0 -9999.0 -9999.0 -9999.0 -9999.0 -5.100986 -4.662885 -1.147470 -0.015547 -0.027004 -0.435598 -1.196717 -0.028193 -0.012432 3.169740 2.207769 1.884407 1.057777 0.234487 -0.018909 -1.227953 -2.139253 -1.042145 -0.035440 -0.012327 -0.017517 -0.040418 -2.192238 -4.803754 -5.929162 -5.437091 -5.170612 -4.940447 -3.287475 -4.777790 -3.108442 -1.049029 -2.392614 -1.099000 -0.008770 1.714216 0.877813 0.547999 -0.014839 -0.027315 -0.017686 -3.059698 -6.048234 -8.165598 -7.098745 -5.662053 -7.198917 -5.081689 -4.387769 -4.273933 -9999.0 -9999.0 -9999.0 -9999.0
-9999.0 -9999.0 -9999.0 -9999.0 -9999.0 -9999.0 -9999.0 -9999.0 -9999.0 -9999.0 -5.313920 -3.592168 -0.150536 -0.677173 -0.023166 -0.282478 -0.029360 0.371216 4.099445 2.882834 2.001028 1.810064 -0.022758 -0.232116 -1.794184 -0.124036 -0.018005 -0.002568 -0.035036 -1.745892 -2.096985 -3.468859 -4.376872 -5.672083 -4.356243 -3.141273 -1.221578 -1.865962 -4.793360 -5.149905 -5.123096 -1.026584 -0.037490 -0.135296 -0.017622 -0.014887 0.616090 0.695906 1.224116 -0.018496 -2.013214 -4.834613 -7.056370 -7.956787 -7.261240 -5.178335 -4.368925 -2.276582 -2.017817 -0.058521 -9999.0 -9999.0 -9999.0
-9999.0 -9999.0 -9999.0 -9999.0 -9999.0 -9999.0 -9999.0 -9999.0 -9999.0 -9999.0 -5.509126 -3.259899 -1.473682 -0.055501 -0.000394 -0.013390 -0.017059 1.701499 4.494725 4.026456 2.672444 0.416215 -0.027936 -0.564524 -0.125369 -0.011917 0.569345 -0.016736 -1.435459 -4.068109 -5.100353 -3.738335 -5.522799 -5.966586 -5.080272 -2.786619 -2.267454 -2.400118 -2.504803 -5.647954 -4.980038 -2.909099 -3.256740 -1.929556 -0.046805 -0.356923 -0.031867 -0.017362 1.992020 0.950949 -0.022022 -2.555160 -4.740784 -6.566406 -8.615565 -7.832130 -5.251386 -1.357262 1.071744 0.898865 -9999.0 -9999.0 -9999.0
-9999.0 -9999.0 -9999.0 -9999.0 -9999.0 -9999.0 -9999.0 -9999.0 -4.366252 -5.270039 -5.201665 -4.191494 -3.371201 -1.237827 -0.062023 0.964397 2.038146 1.938870 3.618597 4.483816 4.440765 3.202055 1.973391 0.024709 -0.015830 1.349120 -0.001799 -0.952036 -2.110677 -4.047566 -8.186597 -4.916551 -5.087142 -5.936634 -4.869044 -3.310652 -0.083827 -0.759463 -2.698956 -5.166421 -4.756242 -1.630425 -4.040980 -4.782871 -2.677840 -1.462818 -2.512106 -1.158244 -0.015829 1.160752 -0.016036 -0.857075 -5.108393 -6.486070 -7.410816 -5.137252 -5.032484 -0.065157 -0.012296 3.189909 -9999.0 -9999.0 -9999.0
-9999.0 -9999.0 -9999.0 -9999.0 -9999.0 -9999.0 -9999.0 -9999.0 -3.689750 -2.924511 -3.424019 -5.034437 -3.384462 -2.778487 -1.080681 -0.015277 1.026259 1.695118 4.865626 5.023317 4.135222 3.337971 2.030247 0.754933 2.464847 2.423713 0.302428 -1.400997 -5.585804 -5.661902 -5.850065 -5.342110 -4.762183 -5.197691 -4.376302 -1.669901 -0.031906 -0.762386 -1.429547 -2.384755 -4.583083 -6.811834 -4.979158 -2.142655 -2.458607 -1.349112 -4.471473 -2.753577 -1.231581 1.016882 0.723086 -0.506613 -5.327989 -5.105520 -3.325594 -3.402962 -1.562352 -0.034288 1.448017 3.874092 5.014434 -9999.0 -9999.0
-9999.0 -9999.0 -9999.0 -9999.0 -9999.0 -9999.0 -9999.0 -9999.0 -4.846133 -3.247813 -3.055704 -4.244878 -4.226000 -3.788767 -1.336427 -0.941301 -0.011694 0.886770 4.769070 4.220324 5.499436 4.284436 3.640345 3.706928 2.389582 2.369161 -0.005299 -1.386393 -5.857764 -5.121347 -4.222384 -2.578903 -2.624661 -2.196425 -0.303974 -0.061808 -0.024728 1.089707 -0.035415 -3.023749 -4.355210 -4.045248 -2.665647 -3.412800 -1.981423 -4.334779 -5.169784 -4.880599 -2.814362 -0.019730 2.020066 -0.017470 -4.344299 -5.167234 -2.314802 -1.216715 -0.001787 1.330031 3.462486 4.150852 4.479392 -9999.0 -9999.0
-9999.0 -9999.0 -9999.0 -9999.0 -9999.0 -9999.0 -9999.0 -9999.0 -6.061523 -2.371621 -2.399550 -5.852711 -3.048073 -2.098236 -0.365175 -0.006657 3.337585 4.561665 2.700490 5.080332 4.916569 5.317897 4.204469 3.770971 2.897420 0.384813 -0.101101 -2.146540 -1.461612 -2.938899 -1.267848 -1.274419 -0.031562 -0.847989 -0.577276 -0.042720 -0.000273 3.074638 0.081395 -0.065966 -1.460371 -1.018755 -1.101011 -2.678756 -3.273086 -3.943683 -2.438606 -4.265277 -3.211700 -1.503456 -0.017732 1.597635 -0.016965 -1.792799 -0.014383 0.562952 2.098121 3.801893 4.754532 4.252803 3.328971 1.887411 -9999.0
-9999.0 -9999.0 -9999.0 -9999.0 -9999.0 -9999.0 -9999.0 -9999.0 -5.923204 -4.399616 -2.884878 -1.719949 -0.523226 -0.173328 -0.014192 0.972952 1.336807 1.733118 0.154842 2.102239 4.084597 4.678997 4.950336 4.640930 1.570820 -0.015254 -1.252072 -0.142112 -0.022682 -0.826615 -0.338734 -0.018163 0.910949 -0.002367 -0.017475 -0.005801 1.116446 5.236259 4.720488 0.774083 -0.014923 -0.019943 -0.590608 -0.032467 -1.392819 -0.062908 -1.602266 -1.899025 -1.066927 -0.019089 0.257516 0.988627 1.345983 0.629571 1.196651 1.491200 2.278973 3.051844 3.662431 3.299339 3.255993 1.309815 -9999.0
-9999.0 -9999.0 -4.838638 -4.426201 -4.153807 -2.318729 -3.535885 -3.159716 -5.697394 -4.972479 -1.683530 -0.345629 -0.098510 -0.049152 0.305046 0.537379 -0.020551 -1.365811 -0.983885 -0.013289 1.977177 4.677689 3.771529 5.554210 2.702545 1.255832 -0.016957 -0.012112 1.411210 0.097015 -0.021389 -0.005520 2.008257 2.318848 2.308362 3.757426 4.583211 7.547499 6.521272 3.770364 2.306677 2.328044 2.918257 1.094462 -0.015373 -0.018705 0.329216 0.848530 1.068024 2.037360 2.708416 2.495886 1.964254 1.523743 1.464024 2.035469 2.078587 2.439121 2.043775 2.537610 0.782856 0.562979 -9999.0
-9999.0 -1.120962 -2.334621 -1.533576 -2.170657 -1.192431 -3.268784 -3.633439 -4.616495 -5.537555 -2.765932 -0.998772 -0.028737 -0.013251 -0.004214 -0.373317 -1.766710 -2.637229 -1.654001 -0.018828 1.707843 3.438327 2.603169 3.810236 2.985892 2.372540 1.127795 1.452568 2.606615 1.593389 1.346839 1.386960 2.889368 4.022398 5.163122 6.319341 8.476880 10.551214 7.981585 6.415725 5.762547 5.504710 4.769486 4.002314 2.720547 3.037627 2.813829 5.192665 4.276682 5.163936 3.304233 2.568745 1.842202 1.107110 1.044968 0.607444 0.333550 0.670017 0.322635 -0.000593 -0.004142 0.355000 -9999.0
-9999.0 -1.533191 -2.047078 -0.604974 -0.038688 -1.052825 -2.681066 -4.147766 -5.748599 -5.749199 -3.300863 -1.388175 -0.008625 -0.001736 -0.185034 -4.256548 -3.442482 -2.953733 -1.857635 -0.043422 -0.000104 1.250252 2.136539 1.493937 2.248826 2.921201 4.883214 4.492426 3.950166 5.715261 5.942437 5.673567 4.632447 5.524675 6.415790 8.427141 9.994511 11.047798 11.133210 10.321065 9.403626 8.236557 7.462119 7.410047 7.382932 7.207142 5.568158 5.284919 4.759190 4.084725 2.487764 1.320219 0.428014 1.099482 0.315547 -0.037337 -0.057336 -0.110880 -0.051934 -0.184908 -0.036763 -9999.0 -9999.0
