erum2020/resources/simulation/Vinschgau/output-maps/TsL0008N0219.asc
ncols         63
nrows         48
xllcorner     598000.000000
yllcorner     5145000.000000
cellsize      1000.000000
NODATA_value  -9999.0
[rows 0 to 27 of 48, columns 0 to 61 of 63]
-9999.0 -9999.0 -9999.0 -9999.0 -9999.0 -9999.0 -9999.0 -9999.0 -9999.0 -9999.0 -9999.0 -9999.0 -9999.0 -9999.0 -9999.0 -9999.0 -9999.0 -9999.0 -9999.0 -9999.0 -9999.0 -9999.0 -9999.0 -9999.0 -9999.0 -9999.0 -9999.0 -9999.0 -9999.0 -9999.0 -9999.0 -9999.0 -9999.0 -9999.0 -9999.0 -9999.0 -9999.0 -9999.0 -9999.0 -9999.0 -9999.0 -9999.0 -9999.0 -9999.0 -9999.0 -9999.0 -9999.0 -9999.0 -9999.0 -9999.0 -9999.0 -9999.0 -9999.0 -9999.0 -9999.0 -9999.0 -9999.0 -9999.0 -9999.0 -9999.0 -9999.0 -9999.0
-9999.0 -9999.0 -9999.0 -9999.0 -9999.0 -9999.0 -9999.0 -9999.0 -9999.0 -9999.0 -9999.0 -9999.0 -9999.0 -9999.0 -9999.0 -9999.0 -9999.0 -9999.0 -9999.0 -9999.0 -9999.0 -9999.0 -9999.0 -9999.0 -9999.0 -9999.0 -9999.0 -5.765891 -6.372483 -6.948187 -6.297853 -7.175567 -7.340091 -9999.0 -9999.0 -9999.0 -9999.0 -9999.0 -9999.0 -9999.0 -9999.0 -9999.0 -9999.0 -9999.0 -9999.0 -9999.0 -9999.0 -9999.0 -9999.0 -9999.0 -9999.0 -9999.0 -9999.0 -9999.0 -9999.0 -9999.0 -9999.0 -9999.0 -9999.0 -9999.0 -9999.0 -9999.0
-9999.0 -9999.0 -9999.0 -9999.0 -9999.0 -9999.0 -9999.0 -9999.0 -9999.0 -9999.0 -9999.0 -9999.0 -9999.0 -9999.0 -9999.0 -9999.0 -9999.0 -9999.0 -9999.0 -9999.0 -9999.0 -9999.0 -9999.0 -9999.0 -3.116622 -5.516763 -6.530062 -6.710469 -6.421102 -6.801817 -6.170816 -9999.0 -9999.0 -9999.0 -9999.0 -9999.0 -9999.0 -9999.0 -9999.0 -9999.0 -9999.0 -9999.0 -9999.0 -9999.0 -9999.0 -9999.0 -9999.0 -9999.0 -9999.0 -9999.0 -9999.0 -9999.0 -9999.0 -9999.0 -9999.0 -9999.0 -9999.0 -9999.0 -9999.0 -9999.0 -9999.0 -9999.0
-9999.0 -9999.0 -9999.0 -9999.0 -9999.0 -9999.0 -9999.0 -9999.0 -9999.0 -9999.0 -9999.0 -9999.0 -9999.0 -9999.0 -9999.0 -9999.0 -9999.0 -9999.0 -9999.0 -9999.0 -9999.0 -9999.0 -9999.0 -4.584873 -4.916756 -0.001963 -0.019329 -2.577606 -5.961068 -7.557794 -7.265004 -5.443436 -9999.0 -9999.0 -9999.0 -9999.0 -9999.0 -9999.0 -9999.0 -9999.0 -9999.0 -9999.0 -9999.0 -9999.0 -9999.0 -9999.0 -9999.0 -9999.0 -9999.0 -9999.0 -9999.0 -9999.0 -9999.0 -9999.0 -9999.0 -9999.0 -9999.0 -9999.0 -9999.0 -9999.0 -9999.0 -9999.0
-9999.0 -9999.0 -9999.0 -9999.0 -9999.0 -9999.0 -9999.0 -9999.0 -9999.0 -9999.0 -9999.0 -9999.0 -9999.0 -9999.0 -9999.0 -9999.0 -9999.0 -9999.0 -0.001799 -0.018730 -9999.0 -3.494306 -4.126040 -0.011061 -0.009325 -8.267719 -3.468752 -3.263627 -1.949020 -5.385935 -7.555002 -6.854680 -8.003025 -8.617194 -9999.0 -9999.0 -9999.0 -9999.0 -9999.0 -9999.0 -9999.0 -9999.0 -9999.0 -9999.0 -9999.0 -9999.0 -9999.0 -9999.0 -9999.0 -9999.0 -9999.0 -9999.0 -9999.0 -9999.0 -9999.0 -9999.0 -9999.0 -9999.0 -9999.0 -9999.0 -9999.0 -9999.0
-9999.0 -9999.0 -9999.0 -9999.0 -9999.0 -9999.0 -9999.0 -9999.0 -9999.0 -9999.0 -9999.0 -9999.0 -9999.0 -9999.0 -9999.0 -9999.0 -9999.0 -0.035755 -7.500080 -6.656224 -5.592483 -0.035727 -2.706457 -6.807795 -0.673601 -6.028852 -4.928112 -3.244105 -5.329209 -3.645989 -5.808114 -7.498049 -8.176597 -8.454861 -7.427691 -8.259232 -9999.0 -9999.0 -9999.0 -9999.0 -9999.0 -9999.0 -9999.0 -9999.0 -9999.0 -9999.0 -9999.0 -9999.0 -9999.0 -9999.0 -9999.0 -9999.0 -9999.0 -9999.0 -9999.0 -9999.0 -9999.0 -9999.0 -9999.0 -9999.0 -9999.0 -9999.0
-9999.0 -9999.0 -9999.0 -9999.0 -9999.0 -9999.0 -9999.0 -9999.0 -9999.0 -9999.0 -9999.0 -9999.0 -9999.0 -4.089096 -0.384294 -4.394079 -4.937886 -6.865890 -1.470185 -4.826030 -3.318947 -0.881473 -7.691913 -5.140366 -6.512626 -5.231905 -6.087873 -5.086869 -5.782996 -3.871904 -4.538847 -5.999481 -6.648488 -8.570759 -8.810744 -9.058189 -9999.0 -9999.0 -9999.0 -9999.0 -9999.0 -9999.0 -9999.0 -9999.0 -9999.0 -9999.0 -9999.0 -9999.0 -9999.0 -9999.0 -9999.0 -9999.0 -9999.0 -9999.0 -9999.0 -9999.0 -9999.0 -9999.0 -9999.0 -9999.0 -9999.0 -9999.0
-9999.0 -9999.0 -9999.0 -9999.0 -9999.0 -9999.0 -9999.0 -9999.0 -9999.0 -9999.0 -9999.0 -9999.0 -9999.0 -1.285328 -0.002028 -0.018106 -0.026432 -0.002558 -7.056654 -7.040978 -6.934312 -6.663482 -3.865123 -5.091907 -4.151272 -5.076674 -6.368449 -7.337791 -7.636380 -6.093417 -4.711869 -8.279243 -8.631914 -9.286582 -9.364919 -9999.0 -9999.0 -9999.0 -9999.0 -9999.0 -9999.0 -9999.0 -9999.0 -9999.0 -9999.0 -9999.0 -9999.0 -9999.0 -9999.0 -9999.0 -9999.0 -9999.0 -9999.0 -9999.0 -9999.0 -9999.0 -9999.0 -9999.0 -9999.0 -9999.0 -9999.0 -9999.0
-9999.0 -9999.0 -9999.0 -9999.0 -9999.0 -9999.0 -9999.0 -9999.0 -9999.0 -9999.0 -9999.0 -9999.0 -9999.0 -0.036078 -0.009823 -0.001901 -0.010959 -3.796801 -7.150761 -0.008419 -1.491981 -6.284681 -4.531992 -3.774244 -2.331700 -0.214761 -6.188026 -7.434017 -6.421627 -8.176070 -7.908942 -9.239566 -9.106333 -9.692205 -9.488662 -9999.0 -9999.0 -9999.0 -9999.0 -9999.0 -9999.0 -9999.0 -9999.0 -9999.0 -9999.0 -9999.0 -9999.0 -9999.0 -9999.0 -9999.0 -9999.0 -9999.0 -9999.0 -9999.0 -9999.0 -9999.0 -9999.0 -9999.0 -9999.0 -9999.0 -9999.0 -9999.0
-9999.0 -9999.0 -9999.0 -9999.0 -9999.0 -9999.0 -9999.0 -9999.0 -9999.0 -9999.0 -9999.0 -9999.0 -1.703357 -0.003317 -0.002009 -5.245217 -0.002325 -2.024616 -0.011278 -7.113028 -3.140168 -4.420533 -4.526854 -3.308318 -0.022968 -6.911809 -3.425082 -5.126399 -6.610224 -7.674795 -8.059120 -7.658644 -8.256098 -9.038460 -9999.0 -9999.0 -9999.0 -9999.0 -9999.0 -9999.0 -9999.0 -9999.0 -9999.0 -9999.0 -9999.0 -9999.0 -9999.0 -9999.0 -9999.0 -9999.0 -9999.0 -9999.0 -9999.0 -9999.0 -9999.0 -9999.0 -9999.0 -9999.0 -9999.0 -9999.0 -9999.0 -9999.0
-9999.0 -9999.0 -9999.0 -9999.0 -9999.0 -9999.0 -9999.0 -9999.0 -9999.0 -9999.0 -9999.0 -1.959898 -3.525445 -0.001963 -4.630122 -4.139007 -6.171024 -1.739845 -0.003611 -6.969550 -6.921302 -0.002675 -4.452761 -5.820751 -4.736365 -4.995087 -7.283075 -5.126604 -5.735356 -8.178511 -6.703364 -7.852998 -8.076241 -9.675395 -10.651034 -12.023774 -13.653353 -13.956952 -13.207224 -9999.0 -9999.0 -9999.0 -10.455452 -9999.0 -9999.0 -9999.0 -9999.0 -9999.0 -9999.0 -9999.0 -9999.0 -9999.0 -9999.0 -9999.0 -9999.0 -9999.0 -9999.0 -9999.0 -9999.0 -9999.0 -9999.0 -9999.0
-9999.0 -9999.0 -9999.0 -9999.0 -9999.0 -9999.0 -9999.0 -9999.0 -9999.0 -9999.0 -9999.0 -3.771815 -2.804436 -2.021188 -1.066394 -5.078276 -1.573426 -6.579886 -0.003899 -0.002964 -0.015237 -0.006680 -3.577921 -4.384886 -4.423055 -5.640062 -5.702999 -5.825251 -5.641110 -7.656947 -7.493627 -8.271291 -9.147752 -8.409116 -11.206226 -12.488441 -12.897819 -5.992494 -6.707460 -15.055385 -14.737062 -13.197831 -11.321181 -9.233343 -9999.0 -9999.0 -9999.0 -0.003299 -1.052623 -2.483492 -0.010365 -1.264183 -1.094820 -0.002136 -0.001976 -0.859453 -9999.0 -9999.0 -9999.0 -9999.0 -9999.0 -9999.0
-9999.0 -9999.0 -9999.0 -9999.0 -9999.0 -9999.0 -9999.0 -9999.0 -9999.0 -9999.0 -9999.0 -3.245593 -3.480280 -5.925264 -0.012106 -5.145694 -3.335715 -5.529035 -5.600273 -0.004183 -0.004408 -3.925302 -3.684541 -3.955905 -5.937899 -6.257209 -5.555325 -5.628083 -6.885655 -6.112152 -7.655506 -7.801282 -8.752118 -9.508043 -11.477974 -13.214992 -6.896536 -6.188994 -4.689002 -7.923537 -13.438968 -13.793271 -11.071079 -9.803349 -6.915622 -9999.0 -5.458816 -2.401916 -0.957463 -0.011438 -1.770983 -2.925635 -0.002774 -0.001088 -0.002009 -0.002008 -9999.0 -9999.0 -9999.0 -9999.0 -9999.0 -9999.0
-9999.0 -9999.0 -9999.0 -9999.0 -9999.0 -9999.0 -9999.0 -9999.0 -9999.0 -9999.0 -9999.0 -9999.0 -2.842599 -0.015094 -0.005111 -0.967300 -4.760324 -5.279314 -1.452002 -0.004212 -6.116606 -3.446459 -3.027137 -3.903085 -5.511671 -4.823395 -0.003880 -6.400836 -5.938238 -6.065192 -6.579385 -7.642371 -8.280944 -8.963651 -10.689988 -12.926917 -8.983008 -7.236055 -4.362908 -6.813683 -11.864690 -11.461853 -10.427415 -7.826430 -8.643955 -5.249667 -4.811070 -2.549900 -3.555192 -4.720629 -0.014753 -0.006835 -0.003237 -0.002032 -0.653563 -0.578032 -0.002179 -9999.0 -9999.0 -9999.0 -9999.0 -9999.0
-9999.0 -9999.0 -9999.0 -9999.0 -9999.0 -9999.0 -9999.0 -9999.0 -9999.0 -9999.0 -9999.0 -0.012334 -3.758040 -4.331088 -2.024132 -1.776828 -2.268942 -5.343086 -2.042009 -0.011583 -6.862810 -0.192826 -1.497629 -5.345102 -4.290790 -1.592116 -0.184332 -6.364053 -5.929187 -6.520389 -6.832862 -7.311264 -7.646197 -8.577720 -10.867595 -12.532883 -14.973634 -8.055731 -5.964321 -4.176315 -9.306264 -5.768764 -7.554819 -8.827775 -6.993619 -5.221117 -3.876905 -5.280440 -3.763820 -6.789101 -4.385861 -3.858519 -2.408926 -4.742756 -3.763521 -4.396016 -0.287381 -9999.0 -9999.0 -9999.0 -9999.0 -9999.0
-9999.0 -9999.0 -9999.0 -9999.0 -9999.0 -9999.0 -9999.0 -9999.0 -9999.0 -9999.0 -0.003244 -1.755627 -0.009370 -3.730198 -0.002990 -2.022536 -4.684983 -3.807645 -2.816441 -0.007473 -0.002500 -0.003344 -4.503034 -0.003181 -3.168868 -0.014255 -5.460963 -6.968414 -5.210563 -3.623068 -6.267591 -5.810095 -6.553138 -8.186545 -10.594044 -11.265310 -12.997162 -8.290527 -6.134064 -4.147562 -3.499400 -9.407032 -9.412563 -3.503785 -7.642392 -7.981542 -3.774996 -6.572888 -5.629069 -5.859525 -4.487505 -4.580067 -4.394595 -4.630028 -4.241641 -0.002012 -0.002011 -9999.0 -9999.0 -9999.0 -9999.0 -9999.0
-9999.0 -9999.0 -9999.0 -9999.0 -9999.0 -9999.0 -9999.0 -9999.0 -9999.0 -4.078659 -0.003487 -0.004169 -1.610565 -2.665569 -0.002120 -3.880393 -3.759020 -0.003466 -6.964168 -0.010417 -0.004349 -6.587827 -6.536424 -6.365999 -0.015112 -5.795761 -6.668620 -2.390282 -6.220764 -6.014692 -8.021301 -6.878752 -8.368076 -9.084583 -9.114632 -9.891687 -9.931638 -11.197977 -10.929294 -10.752775 -5.301688 -8.472058 -8.369374 -3.419950 -7.134406 -7.786298 -4.236756 -6.336849 -5.264714 -2.248649 -4.817218 -1.832423 -4.996967 -3.420738 -1.518884 -0.051252 -0.002022 -0.005781 -0.008035 -9999.0 -9999.0 -9999.0
-9999.0 -9999.0 -9999.0 -9999.0 -9999.0 -9999.0 -9999.0 -9999.0 -9999.0 -4.263908 -3.812002 -4.094449 -0.013667 -1.900381 -0.522652 -1.062552 -0.002011 -4.607522 -6.010078 -0.004877 -0.004844 -1.918658 -0.015790 -0.070094 -5.385136 -5.418343 -4.836099 -5.506098 -7.786129 -2.996987 -6.102481 -7.460041 -6.705955 -6.177567 -8.106469 -9.822372 -10.365229 -10.135128 -9.529973 -8.184963 -4.709119 -7.725464 -7.835208 -8.289395 -0.009555 -2.586779 -2.722761 -7.264921 -5.827149 -6.122039 -3.872983 -2.926767 -3.376834 -2.657176 -4.238586 -0.002044 -0.002526 -0.002520 -0.007091 -9999.0 -9999.0 -9999.0
-9999.0 -9999.0 -9999.0 -9999.0 -9999.0 -9999.0 -9999.0 -9999.0 -9999.0 -9999.0 -3.794533 -3.995898 -3.491854 -0.005939 -4.766246 -0.031538 -0.009390 -3.277629 -1.594976 -0.004824 -0.003469 -6.425595 -0.013782 -2.677309 -5.281409 -6.000592 -7.497375 -3.767169 -5.513415 -5.311821 -5.890577 -1.299618 -6.397370 -6.806842 -7.092263 -7.012963 -7.074324 -8.154697 -8.770332 -8.200230 -8.367108 -6.103546 -6.336866 -5.184259 -7.151193 -8.359840 -7.296178 -0.008193 -2.341027 -6.958065 -4.489497 -2.945451 -1.222727 -3.102899 -1.115656 -3.204277 -0.028293 -1.776246 -0.011585 -0.002012 -9999.0 -9999.0
-9999.0 -9999.0 -9999.0 -9999.0 -9999.0 -9999.0 -9999.0 -9999.0 -9999.0 -9999.0 -3.806418 -3.842814 -2.433855 -0.034762 -0.002056 -5.283673 -5.131044 -5.648815 -1.442575 -0.004042 -5.067687 -6.995111 -5.393390 -4.348807 -4.659658 -5.420267 -2.574453 -6.050803 -5.256769 -6.785328 -6.396395 -3.547448 -6.846570 -6.576253 -6.661688 -6.087223 -7.777555 -7.305073 -7.810450 -6.528922 -4.747265 -5.220479 -4.078662 -5.779031 -0.005549 -4.025511 -2.223130 -6.086853 -2.931198 -6.656162 -6.560308 -1.991420 -0.008507 -1.096197 -2.379174 -0.302511 -3.172462 -0.002715 -5.542903 -1.816444 -9999.0 -9999.0
-9999.0 -9999.0 -9999.0 -9999.0 -9999.0 -9999.0 -9999.0 -9999.0 -0.007233 -1.591193 -4.691021 -2.541019 -3.296395 -3.496979 -0.670968 -0.006259 -5.957282 -1.438058 -0.002854 -0.003172 -0.881804 -1.778992 -3.442259 -7.276552 -7.292226 -2.426544 -1.310384 -5.406424 -3.972415 -5.544989 -7.516411 -6.075972 -5.249629 -4.961351 -4.030828 -7.080370 -3.661759 -6.579416 -7.303057 -5.218496 -5.960453 -5.106381 -6.345874 -6.603068 -4.221884 -0.014810 -4.849729 -0.009708 -6.090430 -0.005164 -4.491537 -4.003938 -0.005065 -1.721618 -0.640541 -0.002213 -0.009756 -0.002011 -5.045044 -2.884009 -9999.0 -9999.0
-9999.0 -9999.0 -9999.0 -9999.0 -9999.0 -9999.0 -9999.0 -9999.0 -4.572895 -0.088568 -5.084651 -5.140179 -4.249584 -2.783574 -0.792136 -3.527898 -0.775623 -2.426944 -0.651511 -0.002720 -0.002623 -0.003834 -1.430055 -2.224837 -2.406846 -1.764690 -6.193901 -5.183777 -6.251528 -4.230551 -3.977848 -5.745410 -3.382686 -4.457093 -0.751158 -1.643763 -5.071243 -5.594690 -5.816336 -3.029974 -4.961290 -6.962868 -5.899869 -1.334986 -2.368619 -0.758347 -5.041088 -4.333554 -3.662391 -4.887442 -6.453914 -3.023116 -0.021202 -0.002008 -3.583213 -4.402895 -2.929963 -4.842926 -2.534762 -0.000218 -0.000244 -9999.0
-9999.0 -9999.0 -9999.0 -9999.0 -9999.0 -9999.0 -9999.0 -9999.0 -4.272900 -3.592430 -0.027910 -4.828957 -2.810046 -5.232547 -0.004685 -5.703578 -7.313082 -5.882925 -0.217955 -0.002692 -0.002521 -0.003772 -0.020101 -0.505147 -0.003889 -6.858036 -5.985502 -5.164812 -7.487816 -5.444502 -5.595206 -3.024930 -5.336631 -6.130551 -0.009690 -1.797586 -3.014027 -6.525078 -5.101947 -3.726147 -2.917246 -3.394571 -0.007448 -2.435469 -2.880420 -3.222569 -2.242473 -0.002329 -1.625999 -5.635329 -0.003114 -6.151097 -4.826228 -4.581538 -6.083694 -5.644852 -3.945376 -2.504655 -1.774459 -0.001130 -0.000206 -9999.0
-9999.0 -9999.0 -9999.0 -9999.0 -9999.0 -9999.0 -9999.0 -9999.0 -6.367843 -3.512879 -0.002624 -5.952962 -0.002747 -0.002024 -4.554580 -6.363761 -1.681848 -0.553735 -0.006667 -0.004400 -0.003396 -0.000917 -0.000322 -0.001878 -0.699227 -0.157923 -0.010317 -5.876245 -0.008766 -3.776206 -5.471485 -5.266477 -5.755371 -4.070400 -4.636072 -3.741807 -4.150354 -3.885896 -5.533188 -4.566408 -1.708118 -0.098648 -0.031646 -4.994549 -0.004874 -2.475517 -0.006091 -3.088634 -0.005673 -5.158627 -0.578092 -2.364411 -4.785212 -0.050832 -4.674147 -3.917813 -2.781986 -0.003188 -0.000592 -0.000207 -0.004579 -0.001745
-9999.0 -9999.0 -9999.0 -9999.0 -9999.0 -9999.0 -9999.0 -9999.0 -3.478433 -1.566454 -0.002023 -0.178000 -1.609953 -6.574683 -4.752898 -3.930751 -0.004497 -6.743801 -2.404227 -4.384240 -1.167375 -0.000993 -0.001001 -0.003010 -5.991823 -0.044329 -4.832410 -0.485781 -5.454304 -3.291827 -4.705277 -0.008011 -6.547263 -1.130072 -5.301622 -4.731182 -4.586274 -2.934886 -6.046336 -4.103322 -5.179521 -4.987170 -4.656204 -5.145079 -4.739835 -1.052240 -5.133403 -4.962603 -4.736588 -5.912471 -5.797492 -3.364707 -2.585860 -3.342500 -3.315950 -0.003308 -0.001011 -0.000939 -0.002167 -1.236038 -6.410276 -0.001664
-9999.0 -9999.0 -4.092506 -1.706386 -2.186847 -3.457656 -1.374407 -4.035422 -2.698802 -0.585640 -2.254352 -0.003472 -3.360224 -1.857135 -5.491693 -0.003166 -6.318822 -3.553160 -3.019647 -0.133390 -4.355396 -0.076705 -0.000958 -0.004407 -0.005470 -6.207079 -5.830320 -7.071502 -5.461960 -3.088095 -2.899624 -0.012220 -0.004055 -6.579488 -5.954500 -6.601553 -5.966163 -5.197490 -5.637839 -4.906413 -5.407889 -6.406869 -6.389250 -4.676807 -4.679955 -4.435901 -6.523130 -5.585386 -3.691952 -2.982735 -2.733120 -0.002807 -0.000868 -0.000808 -0.000915 -0.002621 -0.003722 -2.125708 -6.934278 -6.802711 -0.001568 -0.001534
-9999.0 -0.316420 -0.742018 -0.161739 -2.256973 -0.007658 -2.228734 -2.548778 -2.752015 -3.232895 -2.068429 -0.002868 -0.001738 -0.000592 -0.000759 -0.012351 -2.826389 -2.486903 -0.002765 -3.122073 -6.011481 -1.576086 -0.003726 -0.001098 -1.771999 -2.611113 -1.292208 -1.169806 -3.395056 -4.079823 -3.457245 -6.762652 -5.953028 -2.413408 -3.924023 -2.410557 -3.075765 -1.938015 -0.859279 -1.904338 -3.520497 -3.682642 -3.909616 -6.371426 -6.515058 -3.648662 -0.005180 -1.561065 -2.060282 -0.003480 -0.000897 -0.000683 -0.003747 -0.004715 -0.004902 -6.789650 -0.001796 -0.001757 -0.001640 -0.001682 -0.001074 -0.000984
-9999.0 -1.385119 -0.008997 -0.006019 -0.001703 -0.007654 -3.773963 -4.418196 -3.201213 -4.518671 -2.991071 -0.004327 -2.750018 -0.000128 -5.212433 -3.033894 -3.086999 -4.001922 -0.005471 -4.527097 -0.001716 -1.066637 -0.009224 -0.004361 -0.003057 -0.000720 -0.002402 -0.000885 -0.001058 -0.079797 -0.078928 -0.794756 -3.105138 -0.005617 -0.003015 -0.003301 -0.000437 -0.000219 -0.001830 -0.002226 -0.003422 -0.002005 -2.221897 -0.045649 -0.023006 -0.077463 -0.002096 -0.000911 -0.000592 -0.000863 -2.083620 -7.933061 -0.001837 -7.157899 -4.970696 -0.001820 -0.004259 -0.002048 -0.002686 -0.001987 -0.001903 -9999.0
