erum2020/resources/simulation/Vinschgau/output-maps/TsL0005N0464.asc
ncols         63
nrows         48
xllcorner     598000.000000
yllcorner     5145000.000000
cellsize      1000.000000
NODATA_value  -9999.0
[rows 0 to 27 of 48, columns 0 to 62 of 63]
-9999.0 -9999.0 -9999.0 -9999.0 -9999.0 -9999.0 -9999.0 -9999.0 -9999.0 -9999.0 -9999.0 -9999.0 -9999.0 -9999.0 -9999.0 -9999.0 -9999.0 -9999.0 -9999.0 -9999.0 -9999.0 -9999.0 -9999.0 -9999.0 -9999.0 -9999.0 -9999.0 -9999.0 -9999.0 -9999.0 -9999.0 -9999.0 -9999.0 -9999.0 -9999.0 -9999.0 -9999.0 -9999.0 -9999.0 -9999.0 -9999.0 -9999.0 -9999.0 -9999.0 -9999.0 -9999.0 -9999.0 -9999.0 -9999.0 -9999.0 -9999.0 -9999.0 -9999.0 -9999.0 -9999.0 -9999.0 -9999.0 -9999.0 -9999.0 -9999.0 -9999.0 -9999.0 -9999.0
-9999.0 -9999.0 -9999.0 -9999.0 -9999.0 -9999.0 -9999.0 -9999.0 -9999.0 -9999.0 -9999.0 -9999.0 -9999.0 -9999.0 -9999.0 -9999.0 -9999.0 -9999.0 -9999.0 -9999.0 -9999.0 -9999.0 -9999.0 -9999.0 -9999.0 -9999.0 -9999.0 10.340780 8.630161 10.073402 7.197576 7.157814 7.312389 -9999.0 -9999.0 -9999.0 -9999.0 -9999.0 -9999.0 -9999.0 -9999.0 -9999.0 -9999.0 -9999.0 -9999.0 -9999.0 -9999.0 -9999.0 -9999.0 -9999.0 -9999.0 -9999.0 -9999.0 -9999.0 -9999.0 -9999.0 -9999.0 -9999.0 -9999.0 -9999.0 -9999.0 -9999.0 -9999.0
-9999.0 -9999.0 -9999.0 -9999.0 -9999.0 -9999.0 -9999.0 -9999.0 -9999.0 -9999.0 -9999.0 -9999.0 -9999.0 -9999.0 -9999.0 -9999.0 -9999.0 -9999.0 -9999.0 -9999.0 -9999.0 -9999.0 -9999.0 -9999.0 10.264359 11.075186 11.860880 10.238863 9.711596 9.207097 7.684968 -9999.0 -9999.0 -9999.0 -9999.0 -9999.0 -9999.0 -9999.0 -9999.0 -9999.0 -9999.0 -9999.0 -9999.0 -9999.0 -9999.0 -9999.0 -9999.0 -9999.0 -9999.0 -9999.0 -9999.0 -9999.0 -9999.0 -9999.0 -9999.0 -9999.0 -9999.0 -9999.0 -9999.0 -9999.0 -9999.0 -9999.0 -9999.0
-9999.0 -9999.0 -9999.0 -9999.0 -9999.0 -9999.0 -9999.0 -9999.0 -9999.0 -9999.0 -9999.0 -9999.0 -9999.0 -9999.0 -9999.0 -9999.0 -9999.0 -9999.0 -9999.0 -9999.0 -9999.0 -9999.0 -9999.0 10.969150 12.347056 10.299784 10.723781 10.997255 9.188303 11.225043 8.542757 7.829295 -9999.0 -9999.0 -9999.0 -9999.0 -9999.0 -9999.0 -9999.0 -9999.0 -9999.0 -9999.0 -9999.0 -9999.0 -9999.0 -9999.0 -9999.0 -9999.0 -9999.0 -9999.0 -9999.0 -9999.0 -9999.0 -9999.0 -9999.0 -9999.0 -9999.0 -9999.0 -9999.0 -9999.0 -9999.0 -9999.0 -9999.0
-9999.0 -9999.0 -9999.0 -9999.0 -9999.0 -9999.0 -9999.0 -9999.0 -9999.0 -9999.0 -9999.0 -9999.0 -9999.0 -9999.0 -9999.0 -9999.0 -9999.0 -9999.0 13.926555 10.928488 -9999.0 10.732459 12.027787 10.779329 10.613475 12.084096 12.846382 12.626488 11.249382 10.343790 10.331463 7.551738 9.008161 7.974625 -9999.0 -9999.0 -9999.0 -9999.0 -9999.0 -9999.0 -9999.0 -9999.0 -9999.0 -9999.0 -9999.0 -9999.0 -9999.0 -9999.0 -9999.0 -9999.0 -9999.0 -9999.0 -9999.0 -9999.0 -9999.0 -9999.0 -9999.0 -9999.0 -9999.0 -9999.0 -9999.0 -9999.0 -9999.0
-9999.0 -9999.0 -9999.0 -9999.0 -9999.0 -9999.0 -9999.0 -9999.0 -9999.0 -9999.0 -9999.0 -9999.0 -9999.0 -9999.0 -9999.0 -9999.0 -9999.0 9.819077 9.651115 9.827770 11.700745 7.874894 9.242531 10.499179 13.874574 7.380053 6.084711 6.501611 6.059680 8.506274 10.143958 8.809007 10.390911 9.258405 8.155639 3.867851 -9999.0 -9999.0 -9999.0 -9999.0 -9999.0 -9999.0 -9999.0 -9999.0 -9999.0 -9999.0 -9999.0 -9999.0 -9999.0 -9999.0 -9999.0 -9999.0 -9999.0 -9999.0 -9999.0 -9999.0 -9999.0 -9999.0 -9999.0 -9999.0 -9999.0 -9999.0 -9999.0
-9999.0 -9999.0 -9999.0 -9999.0 -9999.0 -9999.0 -9999.0 -9999.0 -9999.0 -9999.0 -9999.0 -9999.0 -9999.0 9.538512 8.986017 8.606694 10.057566 20.964473 9.255570 10.690531 10.565396 11.093962 12.555564 13.893380 7.131180 11.070186 6.845480 5.609465 6.655635 6.919280 6.325285 8.606135 7.425351 5.916531 8.048797 3.661084 -9999.0 -9999.0 -9999.0 -9999.0 -9999.0 -9999.0 -9999.0 -9999.0 -9999.0 -9999.0 -9999.0 -9999.0 -9999.0 -9999.0 -9999.0 -9999.0 -9999.0 -9999.0 -9999.0 -9999.0 -9999.0 -9999.0 -9999.0 -9999.0 -9999.0 -9999.0 -9999.0
-9999.0 -9999.0 -9999.0 -9999.0 -9999.0 -9999.0 -9999.0 -9999.0 -9999.0 -9999.0 -9999.0 -9999.0 -9999.0 10.269137 9.919858 8.937819 8.793106 16.243203 20.946410 12.646060 10.571147 13.111392 9.007063 8.078801 9.706358 8.558008 8.783848 9.273696 9.362690 3.896894 4.591515 6.253850 7.505417 3.589647 5.530550 -9999.0 -9999.0 -9999.0 -9999.0 -9999.0 -9999.0 -9999.0 -9999.0 -9999.0 -9999.0 -9999.0 -9999.0 -9999.0 -9999.0 -9999.0 -9999.0 -9999.0 -9999.0 -9999.0 -9999.0 -9999.0 -9999.0 -9999.0 -9999.0 -9999.0 -9999.0 -9999.0 -9999.0
-9999.0 -9999.0 -9999.0 -9999.0 -9999.0 -9999.0 -9999.0 -9999.0 -9999.0 -9999.0 -9999.0 -9999.0 -9999.0 9.593385 11.109091 10.062972 7.840512 9.331230 21.075280 9.687654 13.845606 10.371232 7.101345 6.733544 9.518351 7.249899 10.714102 8.664089 7.727299 7.127201 6.226256 -0.630265 -0.771544 -0.045343 -0.818162 -9999.0 -9999.0 -9999.0 -9999.0 -9999.0 -9999.0 -9999.0 -9999.0 -9999.0 -9999.0 -9999.0 -9999.0 -9999.0 -9999.0 -9999.0 -9999.0 -9999.0 -9999.0 -9999.0 -9999.0 -9999.0 -9999.0 -9999.0 -9999.0 -9999.0 -9999.0 -9999.0 -9999.0
-9999.0 -9999.0 -9999.0 -9999.0 -9999.0 -9999.0 -9999.0 -9999.0 -9999.0 -9999.0 -9999.0 -9999.0 8.915867 10.571230 9.531377 8.088040 5.795965 8.303209 16.720543 10.553420 9.945017 7.137633 6.953374 7.198233 7.172168 7.222556 5.732456 7.572098 7.984760 8.208220 -0.717053 9.202334 6.487319 2.270296 -9999.0 -9999.0 -9999.0 -9999.0 -9999.0 -9999.0 -9999.0 -9999.0 -9999.0 -9999.0 -9999.0 -9999.0 -9999.0 -9999.0 -9999.0 -9999.0 -9999.0 -9999.0 -9999.0 -9999.0 -9999.0 -9999.0 -9999.0 -9999.0 -9999.0 -9999.0 -9999.0 -9999.0 -9999.0
-9999.0 -9999.0 -9999.0 -9999.0 -9999.0 -9999.0 -9999.0 -9999.0 -9999.0 -9999.0 -9999.0 9.371616 7.012263 6.776086 7.647083 8.962822 6.712797 7.600058 16.190233 10.355986 8.327071 9.504896 9.861571 8.053698 7.094713 8.067088 5.737597 7.923060 7.932469 5.263041 9.045134 8.150536 8.902065 7.579721 8.604920 9.003270 11.449332 13.145096 13.193773 -9999.0 -9999.0 -9999.0 8.502340 -9999.0 -9999.0 -9999.0 -9999.0 -9999.0 -9999.0 -9999.0 -9999.0 -9999.0 -9999.0 -9999.0 -9999.0 -9999.0 -9999.0 -9999.0 -9999.0 -9999.0 -9999.0 -9999.0 -9999.0
-9999.0 -9999.0 -9999.0 -9999.0 -9999.0 -9999.0 -9999.0 -9999.0 -9999.0 -9999.0 -9999.0 8.537012 6.624725 7.242700 7.976582 6.872196 8.975772 9.290824 16.386357 14.292558 13.898984 11.279927 10.098408 1.075515 4.470482 7.915936 7.990377 8.814553 9.905521 7.426984 7.609006 8.758586 7.851407 6.666916 8.181959 9.841466 13.682139 16.811314 15.111306 12.295244 11.229207 11.016352 8.603019 9.174037 -9999.0 -9999.0 -9999.0 0.324349 6.382361 9.640466 7.522619 8.792786 8.395246 6.625923 6.383030 0.801625 -9999.0 -9999.0 -9999.0 -9999.0 -9999.0 -9999.0 -9999.0
-9999.0 -9999.0 -9999.0 -9999.0 -9999.0 -9999.0 -9999.0 -9999.0 -9999.0 -9999.0 -9999.0 8.653746 7.791857 5.178969 9.271019 8.689339 5.381187 6.132588 14.271760 14.467427 6.771914 7.459108 5.701756 8.728029 7.612705 10.573009 6.155199 5.542879 9.112606 6.839902 9.464611 4.173297 10.426259 7.893155 10.133689 11.928321 6.896507 9.590023 18.656772 14.465560 13.996809 10.370686 10.949767 8.843955 8.189593 -9999.0 1.402302 7.209747 7.820724 9.011025 9.581412 11.201113 8.933532 8.149027 8.341501 8.009035 -9999.0 -9999.0 -9999.0 -9999.0 -9999.0 -9999.0 -9999.0
-9999.0 -9999.0 -9999.0 -9999.0 -9999.0 -9999.0 -9999.0 -9999.0 -9999.0 -9999.0 -9999.0 -9999.0 8.652554 3.918123 8.975874 9.155882 4.486937 6.953877 16.384664 14.688211 8.498953 8.360529 7.861833 6.755022 1.137937 6.070845 11.434675 8.331547 7.639908 10.222071 7.855942 4.620905 10.783686 8.456925 7.928139 10.282082 6.289515 9.826440 19.765478 15.380752 15.428603 14.861151 6.321392 11.427157 9.695098 7.179781 8.802978 7.355749 3.780082 5.944656 7.371974 5.183210 6.129325 4.973881 3.833409 6.896007 7.945212 -9999.0 -9999.0 -9999.0 -9999.0 -9999.0 -9999.0
-9999.0 -9999.0 -9999.0 -9999.0 -9999.0 -9999.0 -9999.0 -9999.0 -9999.0 -9999.0 -9999.0 0.272716 6.814303 9.328547 5.170564 5.437758 6.699438 6.372072 16.378177 9.568990 9.111068 8.160098 8.283406 6.363215 6.501344 7.838909 6.360124 7.392157 8.476443 10.752371 5.643707 5.947641 9.710958 7.201823 6.977398 8.572541 11.771946 8.809989 7.390772 18.406659 8.463537 9.237897 8.292607 8.835482 11.942104 7.649745 8.093230 10.494436 11.742508 7.860198 4.742616 6.863560 0.805532 2.101662 2.036081 -0.016395 10.089959 -9999.0 -9999.0 -9999.0 -9999.0 -9999.0 -9999.0
-9999.0 -9999.0 -9999.0 -9999.0 -9999.0 -9999.0 -9999.0 -9999.0 -9999.0 -9999.0 10.608887 5.503890 8.867591 9.096877 10.428099 7.096920 6.848899 6.558152 9.540773 10.106177 14.794671 13.437193 6.573100 13.754059 8.930105 7.523136 5.524182 1.309446 9.551666 10.649758 7.104874 6.203325 8.997203 6.810373 6.834694 9.618721 11.647270 5.215324 5.280572 8.973707 9.406936 10.820417 18.206069 6.251838 6.966974 10.059713 8.523834 6.055307 6.994817 7.803151 0.927737 8.060567 1.661356 -0.101994 4.484618 8.604629 8.447975 -9999.0 -9999.0 -9999.0 -9999.0 -9999.0 -9999.0
-9999.0 -9999.0 -9999.0 -9999.0 -9999.0 -9999.0 -9999.0 -9999.0 -9999.0 7.728836 9.764878 5.360893 6.684406 5.427889 6.690658 6.326860 5.535106 12.837744 9.963810 10.596249 15.329130 8.676903 8.568198 10.230452 9.000546 5.959960 1.296816 10.840221 7.864989 8.759828 8.767476 3.953110 8.409557 5.878248 9.005676 9.630773 9.519987 4.274571 4.913549 6.572422 6.575850 5.663401 5.747870 8.597341 8.208998 7.484809 12.491861 7.105483 7.247331 8.671448 5.864784 9.586037 -0.016417 2.530637 9.658037 1.706162 6.075083 10.629028 10.046184 -9999.0 -9999.0 -9999.0 -9999.0
-9999.0 -9999.0 -9999.0 -9999.0 -9999.0 -9999.0 -9999.0 -9999.0 -9999.0 7.845569 7.767153 9.912829 12.592252 8.001311 6.883624 6.429042 11.832682 9.379790 10.894314 16.802617 16.554483 16.449115 14.033915 12.950708 6.387457 7.031764 8.229432 9.158802 10.126251 11.983669 10.467584 3.804079 7.776997 7.270381 7.898787 10.625237 10.700164 11.518650 8.766742 9.538174 4.218422 4.360576 6.915712 8.682922 7.271618 10.457448 10.376872 9.829251 9.135602 8.848439 4.223202 1.786261 6.689683 6.271346 9.758169 2.236282 6.642720 7.317399 11.665151 -9999.0 -9999.0 -9999.0 -9999.0
-9999.0 -9999.0 -9999.0 -9999.0 -9999.0 -9999.0 -9999.0 -9999.0 -9999.0 -9999.0 7.949340 10.428743 6.714715 6.212352 8.805170 7.164246 8.591843 10.773840 11.861029 13.045795 15.952093 10.101462 7.988279 7.104055 7.533678 9.152559 10.449781 10.769520 11.139654 5.311010 4.740564 5.635923 1.497124 7.489265 8.744401 10.044760 12.303294 11.736934 9.787412 7.089735 7.252451 11.291674 11.025393 6.378339 6.576644 7.116088 8.201328 13.693788 11.397654 8.736065 5.513724 6.323057 9.656512 9.206266 5.707869 8.391797 9.980284 9.296440 9.600555 9.992601 -9999.0 -9999.0 -9999.0
-9999.0 -9999.0 -9999.0 -9999.0 -9999.0 -9999.0 -9999.0 -9999.0 -9999.0 -9999.0 8.087231 8.760853 10.602391 7.440430 13.970135 8.421451 8.376164 10.168517 12.549722 13.605515 10.937222 9.276041 7.908662 8.413507 9.103188 11.087696 11.628162 8.473638 6.067572 1.172240 7.767387 10.146397 1.594066 7.058956 7.473279 9.645488 6.553524 6.306092 4.005952 7.249436 7.779717 11.731251 4.823882 8.793858 10.430290 5.553573 7.480365 7.471458 9.968915 11.388061 9.194672 7.067704 1.529696 10.723160 8.818139 10.220259 8.239651 8.345720 10.533888 12.021960 -9999.0 -9999.0 -9999.0
-9999.0 -9999.0 -9999.0 -9999.0 -9999.0 -9999.0 -9999.0 -9999.0 9.575952 8.425857 8.820326 9.781634 6.614567 6.834409 6.836825 9.241237 10.597769 17.358625 14.181310 14.178967 12.499956 11.423463 10.470682 8.923661 10.582301 11.094689 13.533879 6.791710 6.303191 1.531469 8.680014 7.869120 7.922348 7.868502 8.009071 6.901900 11.072080 7.010845 2.847103 9.804745 9.876356 9.297032 0.775948 9.154946 12.025363 11.178660 3.741988 6.555247 7.706308 11.069289 9.924146 7.625166 6.902947 1.936282 11.190298 10.429114 12.262589 13.365659 11.378437 12.614430 -9999.0 -9999.0 -9999.0
-9999.0 -9999.0 -9999.0 -9999.0 -9999.0 -9999.0 -9999.0 -9999.0 6.985418 6.855867 0.827020 7.823311 8.879623 7.285358 6.876231 8.707059 9.878063 10.345160 13.010752 14.747200 20.946792 18.393324 16.829774 16.051032 11.260778 11.538278 9.425852 8.191379 1.541301 8.527858 8.277236 10.796482 8.351623 10.516713 8.464973 9.019383 11.936175 7.643596 5.766542 8.060130 7.051944 6.113440 9.427256 8.832820 11.093786 5.703902 0.947959 9.532039 7.788412 10.327437 12.089826 9.438361 6.292677 10.341532 11.821785 10.157509 9.397140 10.599901 13.430908 15.162453 15.706198 -9999.0 -9999.0
-9999.0 -9999.0 -9999.0 -9999.0 -9999.0 -9999.0 -9999.0 -9999.0 8.336359 11.625653 9.908880 1.609813 11.050423 0.570408 7.410739 6.834639 9.331483 12.159867 13.148269 20.768948 15.182864 19.146858 18.764666 13.989242 17.716439 11.254482 9.286103 6.452870 1.373782 8.748043 11.048808 11.211625 0.927993 0.695903 10.189117 11.762377 7.147526 8.307823 5.434443 0.475014 8.049782 10.147831 8.380199 9.888186 4.690050 9.118385 10.461477 9.542493 5.673919 9.051511 11.882420 11.293366 7.837925 7.538417 10.981992 11.646037 12.629952 13.762111 15.258097 15.354132 15.327247 -9999.0 -9999.0
-9999.0 -9999.0 -9999.0 -9999.0 -9999.0 -9999.0 -9999.0 -9999.0 10.104570 10.921735 7.682144 5.525149 10.810294 0.455644 8.130055 9.709968 12.477054 13.148526 15.976115 13.248481 14.773424 15.199254 19.565229 19.062451 11.776575 9.796470 7.875500 6.005642 11.292861 7.928720 7.278304 7.631643 8.385444 8.157264 6.757312 11.967859 13.748297 9.388210 6.765399 6.324189 8.247911 8.980705 9.376419 11.257225 8.892505 11.174848 10.224558 12.594549 10.773318 8.878956 10.220954 12.762637 12.556054 11.785836 13.588685 13.970685 14.756774 14.004518 14.580524 15.243555 14.008520 11.237097 -9999.0
-9999.0 -9999.0 -9999.0 -9999.0 -9999.0 -9999.0 -9999.0 -9999.0 8.423794 10.353973 8.515839 7.240408 8.356289 8.963177 14.127546 12.724636 14.763844 10.953112 9.548638 11.022529 12.685269 15.047958 15.344258 15.321590 17.365311 9.229865 7.034220 9.191101 10.008288 9.469517 6.732874 8.942675 10.212095 9.000150 8.050390 8.904649 9.825728 10.776339 9.763602 8.906009 7.865714 7.879685 8.166060 7.720204 6.189069 11.563462 7.616845 8.758678 9.082811 11.386341 13.363327 12.859943 13.655398 15.105242 15.093506 14.963866 15.493466 15.397148 15.058661 14.224547 12.183314 10.303130 -9999.0
-9999.0 -9999.0 9.187020 9.813695 6.001110 6.428977 6.783129 4.394032 8.958001 9.543198 8.036202 8.224120 9.349437 11.537264 16.645499 11.626491 9.064028 7.206267 8.152665 9.354378 11.255662 13.528026 14.748368 14.357758 13.594914 10.817558 9.275933 9.352258 10.760499 14.669076 8.090676 8.407929 13.955047 9.522461 11.226026 10.078319 12.715164 12.436723 11.060337 9.164842 10.623539 10.388583 9.058249 10.341735 7.415620 9.072438 10.757592 9.749524 12.618122 13.969548 15.316999 15.421177 15.510477 15.566080 15.541083 20.597749 14.635707 14.624545 13.590904 11.916059 14.492531 9.203315 -9999.0
-9999.0 7.182299 6.736079 6.408120 6.488891 7.286405 6.716938 0.845707 0.877236 8.852324 6.858515 8.258540 10.395433 15.128381 15.333047 8.874736 8.002250 6.735107 7.760549 9.457855 11.607271 13.070660 16.426739 13.622006 19.281944 13.981512 17.397517 17.478663 13.413280 12.224352 12.140305 11.767058 12.176832 16.998530 13.691962 14.307127 15.400455 14.890188 14.959209 13.850837 13.699988 13.584648 12.476320 10.729356 10.107473 10.786171 12.657590 13.248622 15.152408 14.254388 14.989439 14.881083 14.481386 14.094828 14.097166 13.650502 11.526720 11.531636 11.819944 13.502786 8.756585 8.620211 -9999.0
-9999.0 11.854671 8.160760 8.284992 12.660090 8.037643 5.116311 0.916866 8.727117 9.139978 6.693344 8.059434 10.611349 15.615936 9.608016 7.079600 6.356601 6.863446 9.212460 9.330272 14.354621 12.081802 13.188655 13.924384 20.325836 21.375574 14.174507 15.089661 14.461262 13.772569 13.752335 13.226678 13.812266 14.020060 18.558337 15.726083 23.027699 24.055933 17.220767 16.862994 16.266217 15.583303 15.003513 13.520169 13.989987 14.232784 15.010140 15.128688 14.750907 14.583670 13.805495 12.061008 11.857672 12.243960 11.735618 10.202026 10.156575 9.058892 8.689562 7.923947 7.773238 -9999.0 -9999.0
