erum2020/resources/simulation/Vinschgau/output-maps/TsL0005N1194.asc
ncols         63
nrows         48
xllcorner     598000.000000
yllcorner     5145000.000000
cellsize      1000.000000
NODATA_value  -9999.0
[rows 0 to 27 of 48, columns 0 to 62 of 63]
-9999.0 -9999.0 -9999.0 -9999.0 -9999.0 -9999.0 -9999.0 -9999.0 -9999.0 -9999.0 -9999.0 -9999.0 -9999.0 -9999.0 -9999.0 -9999.0 -9999.0 -9999.0 -9999.0 -9999.0 -9999.0 -9999.0 -9999.0 -9999.0 -9999.0 -9999.0 -9999.0 -9999.0 -9999.0 -9999.0 -9999.0 -9999.0 -9999.0 -9999.0 -9999.0 -9999.0 -9999.0 -9999.0 -9999.0 -9999.0 -9999.0 -9999.0 -9999.0 -9999.0 -9999.0 -9999.0 -9999.0 -9999.0 -9999.0 -9999.0 -9999.0 -9999.0 -9999.0 -9999.0 -9999.0 -9999.0 -9999.0 -9999.0 -9999.0 -9999.0 -9999.0 -9999.0 -9999.0
-9999.0 -9999.0 -9999.0 -9999.0 -9999.0 -9999.0 -9999.0 -9999.0 -9999.0 -9999.0 -9999.0 -9999.0 -9999.0 -9999.0 -9999.0 -9999.0 -9999.0 -9999.0 -9999.0 -9999.0 -9999.0 -9999.0 -9999.0 -9999.0 -9999.0 -9999.0 -9999.0 1.847680 0.250119 2.952577 -0.000232 -0.000046 -0.145798 -9999.0 -9999.0 -9999.0 -9999.0 -9999.0 -9999.0 -9999.0 -9999.0 -9999.0 -9999.0 -9999.0 -9999.0 -9999.0 -9999.0 -9999.0 -9999.0 -9999.0 -9999.0 -9999.0 -9999.0 -9999.0 -9999.0 -9999.0 -9999.0 -9999.0 -9999.0 -9999.0 -9999.0 -9999.0 -9999.0
-9999.0 -9999.0 -9999.0 -9999.0 -9999.0 -9999.0 -9999.0 -9999.0 -9999.0 -9999.0 -9999.0 -9999.0 -9999.0 -9999.0 -9999.0 -9999.0 -9999.0 -9999.0 -9999.0 -9999.0 -9999.0 -9999.0 -9999.0 -9999.0 0.791473 0.944010 1.232975 0.771931 1.296780 0.982946 -0.000179 -9999.0 -9999.0 -9999.0 -9999.0 -9999.0 -9999.0 -9999.0 -9999.0 -9999.0 -9999.0 -9999.0 -9999.0 -9999.0 -9999.0 -9999.0 -9999.0 -9999.0 -9999.0 -9999.0 -9999.0 -9999.0 -9999.0 -9999.0 -9999.0 -9999.0 -9999.0 -9999.0 -9999.0 -9999.0 -9999.0 -9999.0 -9999.0
-9999.0 -9999.0 -9999.0 -9999.0 -9999.0 -9999.0 -9999.0 -9999.0 -9999.0 -9999.0 -9999.0 -9999.0 -9999.0 -9999.0 -9999.0 -9999.0 -9999.0 -9999.0 -9999.0 -9999.0 -9999.0 -9999.0 -9999.0 1.056519 2.381180 3.923610 4.261361 4.416617 4.430441 1.554529 -0.000117 -0.007788 -9999.0 -9999.0 -9999.0 -9999.0 -9999.0 -9999.0 -9999.0 -9999.0 -9999.0 -9999.0 -9999.0 -9999.0 -9999.0 -9999.0 -9999.0 -9999.0 -9999.0 -9999.0 -9999.0 -9999.0 -9999.0 -9999.0 -9999.0 -9999.0 -9999.0 -9999.0 -9999.0 -9999.0 -9999.0 -9999.0 -9999.0
-9999.0 -9999.0 -9999.0 -9999.0 -9999.0 -9999.0 -9999.0 -9999.0 -9999.0 -9999.0 -9999.0 -9999.0 -9999.0 -9999.0 -9999.0 -9999.0 -9999.0 -9999.0 7.165892 2.173853 -9999.0 1.843815 2.393226 3.742208 3.784221 4.693808 4.846171 5.059905 2.614759 0.863146 1.259477 -0.000090 0.059854 -0.002063 -9999.0 -9999.0 -9999.0 -9999.0 -9999.0 -9999.0 -9999.0 -9999.0 -9999.0 -9999.0 -9999.0 -9999.0 -9999.0 -9999.0 -9999.0 -9999.0 -9999.0 -9999.0 -9999.0 -9999.0 -9999.0 -9999.0 -9999.0 -9999.0 -9999.0 -9999.0 -9999.0 -9999.0 -9999.0
-9999.0 -9999.0 -9999.0 -9999.0 -9999.0 -9999.0 -9999.0 -9999.0 -9999.0 -9999.0 -9999.0 -9999.0 -9999.0 -9999.0 -9999.0 -9999.0 -9999.0 5.473663 4.127704 4.957414 6.418268 0.157835 1.386667 3.381637 5.507462 -0.004618 -0.064936 0.399388 -0.037401 2.316496 2.786675 1.416692 3.516311 1.320359 0.053810 0.054407 -9999.0 -9999.0 -9999.0 -9999.0 -9999.0 -9999.0 -9999.0 -9999.0 -9999.0 -9999.0 -9999.0 -9999.0 -9999.0 -9999.0 -9999.0 -9999.0 -9999.0 -9999.0 -9999.0 -9999.0 -9999.0 -9999.0 -9999.0 -9999.0 -9999.0 -9999.0 -9999.0
-9999.0 -9999.0 -9999.0 -9999.0 -9999.0 -9999.0 -9999.0 -9999.0 -9999.0 -9999.0 -9999.0 -9999.0 -9999.0 5.716894 3.161918 3.815982 5.172781 13.882333 5.220316 4.375409 4.101429 3.486426 4.541842 5.613067 -0.007679 2.292262 -0.031166 -0.053574 -0.031145 -0.009930 -0.268225 1.511858 0.446979 -0.000167 0.568579 0.032324 -9999.0 -9999.0 -9999.0 -9999.0 -9999.0 -9999.0 -9999.0 -9999.0 -9999.0 -9999.0 -9999.0 -9999.0 -9999.0 -9999.0 -9999.0 -9999.0 -9999.0 -9999.0 -9999.0 -9999.0 -9999.0 -9999.0 -9999.0 -9999.0 -9999.0 -9999.0 -9999.0
-9999.0 -9999.0 -9999.0 -9999.0 -9999.0 -9999.0 -9999.0 -9999.0 -9999.0 -9999.0 -9999.0 -9999.0 -9999.0 6.688965 5.373057 4.546139 4.374424 12.285919 13.906458 6.217372 4.454306 8.289155 3.010592 1.476237 2.281252 0.661925 0.199106 2.431620 0.737441 -0.060791 -0.541732 -0.000054 0.073533 -0.589693 0.049016 -9999.0 -9999.0 -9999.0 -9999.0 -9999.0 -9999.0 -9999.0 -9999.0 -9999.0 -9999.0 -9999.0 -9999.0 -9999.0 -9999.0 -9999.0 -9999.0 -9999.0 -9999.0 -9999.0 -9999.0 -9999.0 -9999.0 -9999.0 -9999.0 -9999.0 -9999.0 -9999.0 -9999.0
-9999.0 -9999.0 -9999.0 -9999.0 -9999.0 -9999.0 -9999.0 -9999.0 -9999.0 -9999.0 -9999.0 -9999.0 -9999.0 5.498909 5.579913 6.644877 4.232696 4.883958 14.502570 5.216848 9.722363 3.778392 -0.005798 -0.016137 2.356760 1.566593 4.565161 0.230378 -0.004478 -0.003192 -0.000178 -2.760258 -3.083448 -6.084959 0.048273 -9999.0 -9999.0 -9999.0 -9999.0 -9999.0 -9999.0 -9999.0 -9999.0 -9999.0 -9999.0 -9999.0 -9999.0 -9999.0 -9999.0 -9999.0 -9999.0 -9999.0 -9999.0 -9999.0 -9999.0 -9999.0 -9999.0 -9999.0 -9999.0 -9999.0 -9999.0 -9999.0 -9999.0
-9999.0 -9999.0 -9999.0 -9999.0 -9999.0 -9999.0 -9999.0 -9999.0 -9999.0 -9999.0 -9999.0 -9999.0 4.334641 5.103560 6.352427 4.524329 2.805963 4.497228 13.363402 6.792663 4.383254 -0.005743 0.161831 -0.019306 -0.332377 0.200007 -1.339232 -0.000151 0.033134 0.066189 -2.933744 0.060129 -0.012064 -0.002598 -9999.0 -9999.0 -9999.0 -9999.0 -9999.0 -9999.0 -9999.0 -9999.0 -9999.0 -9999.0 -9999.0 -9999.0 -9999.0 -9999.0 -9999.0 -9999.0 -9999.0 -9999.0 -9999.0 -9999.0 -9999.0 -9999.0 -9999.0 -9999.0 -9999.0 -9999.0 -9999.0 -9999.0 -9999.0
-9999.0 -9999.0 -9999.0 -9999.0 -9999.0 -9999.0 -9999.0 -9999.0 -9999.0 -9999.0 -9999.0 5.501283 5.736005 2.854449 5.882643 8.590430 6.205854 4.833254 12.662989 8.293102 3.170025 3.079729 2.245214 1.101759 -0.003881 0.627825 -0.003150 0.165827 -0.011796 0.053509 0.062720 0.535099 0.536831 0.065644 0.060675 1.031934 -0.001744 0.386221 0.532261 -9999.0 -9999.0 -9999.0 0.051395 -9999.0 -9999.0 -9999.0 -9999.0 -9999.0 -9999.0 -9999.0 -9999.0 -9999.0 -9999.0 -9999.0 -9999.0 -9999.0 -9999.0 -9999.0 -9999.0 -9999.0 -9999.0 -9999.0 -9999.0
-9999.0 -9999.0 -9999.0 -9999.0 -9999.0 -9999.0 -9999.0 -9999.0 -9999.0 -9999.0 -9999.0 4.566111 5.407366 6.986935 6.631926 8.159678 8.181459 5.349393 13.152975 9.548715 9.319553 5.521171 2.076559 -0.868203 -0.393353 0.214648 0.050806 0.714594 2.553503 0.069632 0.003525 0.953578 -0.006119 -0.023147 -0.013726 0.006791 1.641626 1.961592 0.476494 0.061297 0.066559 0.070643 -0.000104 0.066712 -9999.0 -9999.0 -9999.0 -0.033634 -0.033671 -0.000657 -0.031458 -0.007081 -0.004086 -0.169348 -0.197756 -0.006266 -9999.0 -9999.0 -9999.0 -9999.0 -9999.0 -9999.0 -9999.0
-9999.0 -9999.0 -9999.0 -9999.0 -9999.0 -9999.0 -9999.0 -9999.0 -9999.0 -9999.0 -9999.0 3.818907 5.413773 1.387606 7.920319 9.202230 3.183960 4.310541 11.388762 9.476468 2.582178 -0.003150 -0.168241 0.753417 0.223839 2.121306 -0.340929 -1.749584 0.994394 -0.008577 0.700165 -2.138236 0.643911 -0.020102 0.067276 1.424497 -0.739180 -0.663472 3.679078 0.581671 0.571852 -0.000137 0.757652 0.134770 -0.024170 -9999.0 -0.002579 -0.027655 -0.000245 0.449014 1.149722 3.177277 0.109108 -0.000243 -0.000853 -0.021972 -9999.0 -9999.0 -9999.0 -9999.0 -9999.0 -9999.0 -9999.0
-9999.0 -9999.0 -9999.0 -9999.0 -9999.0 -9999.0 -9999.0 -9999.0 -9999.0 -9999.0 -9999.0 -9999.0 4.642549 -0.021953 6.587952 7.192105 1.132981 3.326787 12.174249 9.245343 2.526412 1.006427 -0.081183 -0.275670 -0.956751 -0.254236 1.195894 1.118090 -0.000124 0.090647 -0.000521 -0.347525 1.355047 -0.004259 -0.010407 0.377539 -0.275390 -0.726974 5.137161 1.559244 2.569374 4.447674 -0.494699 1.221318 0.225669 -0.025210 -0.002067 -0.022037 -0.887226 -0.273206 -0.028300 -1.869135 -1.931444 -2.493218 -2.379543 -0.004441 -0.014226 -9999.0 -9999.0 -9999.0 -9999.0 -9999.0 -9999.0
-9999.0 -9999.0 -9999.0 -9999.0 -9999.0 -9999.0 -9999.0 -9999.0 -9999.0 -9999.0 -9999.0 -0.164666 2.452357 6.179595 -0.029339 0.237641 2.223893 2.597366 11.643877 4.477247 2.818601 0.806531 -0.018085 -0.232487 -0.231613 -0.752058 -0.287328 -0.000124 -0.001457 2.463552 -0.327935 -1.164071 1.976961 -0.002300 -0.020050 0.002350 0.608130 -0.094813 0.372600 5.019596 -0.055785 -0.014183 -0.083874 -0.006715 2.133085 -0.000103 0.082121 2.599692 4.129973 -0.021478 -1.247508 -0.000099 -3.732262 -3.663779 -3.997184 -3.579012 0.053099 -9999.0 -9999.0 -9999.0 -9999.0 -9999.0 -9999.0
-9999.0 -9999.0 -9999.0 -9999.0 -9999.0 -9999.0 -9999.0 -9999.0 -9999.0 -9999.0 1.587046 -0.084047 2.212244 2.617337 5.055969 -0.004178 -0.005774 -0.006177 3.672727 4.125769 6.959303 4.954351 -0.254758 2.902555 -0.026687 -0.568027 -0.758370 -2.150241 1.331716 1.795829 -0.673269 -0.765867 1.585488 -0.002583 0.057935 0.765463 1.469923 -0.248497 -0.413494 0.903341 1.017446 2.432867 8.268046 0.997832 -0.023280 2.499925 0.431866 -0.566075 -0.463991 -0.012648 -3.812684 -0.001699 -4.369460 -4.007649 -3.256315 -0.000375 -0.002219 -9999.0 -9999.0 -9999.0 -9999.0 -9999.0 -9999.0
-9999.0 -9999.0 -9999.0 -9999.0 -9999.0 -9999.0 -9999.0 -9999.0 -9999.0 0.382332 1.658602 -0.036730 -0.033287 -0.078588 -0.183742 -0.065114 -0.025437 6.069414 3.604861 4.186851 7.458344 0.991694 0.286604 1.379226 -0.002706 -0.870897 -0.914896 1.799748 -0.045575 -0.027402 0.341298 -1.066627 0.906141 0.054552 0.105251 0.665605 1.500715 -0.274654 -0.217892 -0.211189 -0.650659 -0.201237 -0.221432 1.696883 1.061880 -0.024453 4.283169 -0.121295 -0.114532 0.473751 -0.826067 0.044559 -4.226115 -0.278394 -0.090904 -3.303833 -3.139820 0.068574 -0.003318 -9999.0 -9999.0 -9999.0 -9999.0
-9999.0 -9999.0 -9999.0 -9999.0 -9999.0 -9999.0 -9999.0 -9999.0 -9999.0 0.424748 0.305003 2.039672 4.165113 -0.011129 -0.028030 -0.088167 4.105886 1.440890 4.182841 8.845519 8.293167 8.287301 5.341580 3.499521 -0.501882 -0.316391 -0.129925 -0.014387 1.197192 3.591206 2.316409 -1.441008 0.279210 -0.009626 -0.000694 0.589397 1.687302 4.227526 0.259702 2.211123 -0.299235 -0.390778 -0.045722 1.504713 2.721817 2.877623 2.539819 1.146786 -0.017142 0.744683 -2.330690 -3.333095 -0.438528 -0.562145 -0.002447 -4.325348 -2.749711 -2.273216 1.198994 -9999.0 -9999.0 -9999.0 -9999.0
-9999.0 -9999.0 -9999.0 -9999.0 -9999.0 -9999.0 -9999.0 -9999.0 -9999.0 -9999.0 -0.000056 1.970760 -0.027976 -0.308199 -0.006627 -0.024867 -0.011375 2.576003 4.969707 5.838438 8.304410 2.829130 -0.008877 -0.192230 -0.218347 -0.024401 0.700566 1.712885 2.359700 -1.005646 -1.327209 -1.588704 -1.618452 -0.003768 0.336600 2.014399 1.840236 1.815232 1.537281 0.038089 -0.000077 1.865922 2.844183 -0.024650 -0.008242 -0.004655 1.758171 5.686698 3.895389 0.727827 -1.285074 -2.903846 -0.167209 -0.495406 -0.605707 -0.036123 -0.001654 -0.542039 -0.387542 -0.017121 -9999.0 -9999.0 -9999.0
-9999.0 -9999.0 -9999.0 -9999.0 -9999.0 -9999.0 -9999.0 -9999.0 -9999.0 -9999.0 -0.001621 0.545788 1.768191 -0.018862 4.448916 -0.005868 -0.006185 2.688501 5.367969 6.680344 3.500743 1.623523 -0.014992 -0.030405 -0.020136 1.267707 2.420535 -0.008564 -0.708841 -1.365965 0.118308 1.082471 -1.943845 -0.007128 0.176988 1.920869 -0.494658 -0.117540 -0.842103 -0.000184 0.261873 5.103140 -0.180601 1.657391 1.893780 -0.192283 -0.011938 -0.007399 3.105373 2.960718 -0.002492 -0.835125 -2.082034 -0.007162 -0.842850 -0.479606 -0.031687 -0.138245 1.016312 2.524706 -9999.0 -9999.0 -9999.0
-9999.0 -9999.0 -9999.0 -9999.0 -9999.0 -9999.0 -9999.0 -9999.0 0.636062 -0.000065 -0.000037 0.487178 -1.454561 -0.098266 -0.040093 1.656365 3.026490 9.145170 6.886566 7.137263 5.234597 4.176873 3.287653 1.544805 1.096381 1.952892 4.626164 -0.320074 -0.698952 -1.265882 -0.245780 0.122605 0.117803 -0.004754 0.106039 0.337163 4.503785 -0.077404 -1.933162 0.660917 2.996578 1.484036 -1.162676 1.561753 5.097433 2.198986 -1.756297 -0.056599 -0.005243 3.011725 0.994914 -1.930166 -3.321807 -3.778636 -0.349608 -0.003883 0.258457 2.303608 1.326839 4.415970 -9999.0 -9999.0 -9999.0
-9999.0 -9999.0 -9999.0 -9999.0 -9999.0 -9999.0 -9999.0 -9999.0 -1.789921 -0.883901 -0.993018 -0.001778 0.359975 -0.904742 -0.379468 -0.005161 2.014601 2.606735 5.629262 7.689911 12.781671 11.327700 10.978832 10.174423 3.502411 3.394153 0.863041 -0.081330 -2.930332 -0.000187 -0.015145 1.099109 0.393030 1.523643 0.841248 1.244549 5.717079 0.316513 -0.045722 1.275502 0.111622 -0.915540 2.064031 1.526441 1.076031 -0.200797 -1.620035 0.877910 -0.044327 1.498741 2.427709 -0.028051 -4.014050 -0.027698 0.110931 -1.331172 -0.162719 -0.016539 3.270018 6.130930 7.499935 -9999.0 -9999.0
-9999.0 -9999.0 -9999.0 -9999.0 -9999.0 -9999.0 -9999.0 -9999.0 0.145691 0.353030 -0.003882 -1.545090 0.358931 -0.977333 -0.122206 -0.306518 0.251279 4.024768 5.555839 12.444643 8.134500 11.595087 11.766897 6.777717 8.948845 3.312852 0.361222 -0.663169 -2.069005 0.123450 1.977994 1.437930 -0.798024 -0.396950 2.238367 4.973013 -0.008315 1.668391 -0.035245 -0.554895 1.111332 3.188964 0.912172 0.075794 -0.652632 0.799203 0.528214 0.006903 -0.785035 -0.007016 2.613995 0.793577 -2.791585 -3.825482 -0.080664 -0.041076 1.634410 3.098858 6.082272 6.344561 6.948277 -9999.0 -9999.0
-9999.0 -9999.0 -9999.0 -9999.0 -9999.0 -9999.0 -9999.0 -9999.0 -0.000450 1.098619 -0.136204 -3.404725 0.521332 -0.326623 -0.219424 0.177139 4.088141 5.340124 8.796104 5.796360 7.559686 7.936101 11.025829 10.269664 3.705849 1.075178 -0.026368 -1.376321 1.575018 -0.215488 -0.134399 -0.119758 -0.011224 -0.037247 -0.025682 4.301633 6.816371 4.186308 0.717941 -0.020683 1.746660 1.993013 1.928272 4.866947 0.268089 3.055754 1.423025 3.833290 0.225152 -0.166630 -0.005327 2.305370 0.940807 -0.043359 1.239027 2.174211 3.951873 4.859144 5.787184 6.672877 5.614081 2.752603 -9999.0
-9999.0 -9999.0 -9999.0 -9999.0 -9999.0 -9999.0 -9999.0 -9999.0 -0.125148 0.227955 -1.076013 -0.987799 -0.248780 -0.106694 3.641725 2.961237 6.036863 2.496857 0.883137 2.986734 4.865051 7.298456 7.546613 7.232635 8.277545 -0.006005 -0.527759 -0.020239 -0.005799 -0.023101 -0.165015 0.632414 2.754948 1.769067 0.846976 2.052834 4.325425 6.196515 5.556325 2.716494 1.197259 0.910722 0.875552 -0.008324 -0.137213 2.624321 -0.035628 -0.181795 -0.038248 0.550256 2.137389 1.798376 2.013723 2.423876 3.001533 3.402400 4.120689 5.036551 5.840318 5.990454 4.277188 2.154584 -9999.0
-9999.0 -9999.0 0.829982 0.764532 -2.232745 -0.456199 -1.860423 -1.079284 -0.003482 -0.000151 -0.641877 -0.636315 -0.091201 -0.003177 4.931609 2.106111 -0.009282 -0.657519 -0.061284 -0.005232 2.861449 5.561160 6.481158 6.256198 5.305267 2.124317 -0.006672 -0.005215 2.598416 4.750906 -0.007664 0.807925 7.197374 3.500098 5.265696 4.752259 8.069249 8.449059 7.359853 4.675730 5.786260 5.714473 4.367485 3.158345 -0.006272 0.725769 2.177422 1.495306 3.135116 4.233580 5.529037 4.745520 3.833037 3.323230 3.212440 8.170734 3.897318 4.354343 4.084137 3.616108 5.921669 1.349629 -9999.0
-9999.0 -0.208545 -0.263740 -0.252974 -0.333817 -0.774106 -0.794321 -1.011386 -1.927618 -0.003487 -0.823052 -0.348552 -0.009438 4.186807 3.819435 -0.193015 -0.283051 -0.872465 -0.279485 -0.005709 2.628725 4.379384 7.960298 4.964194 9.643469 5.128433 7.685670 7.867534 5.827396 3.959990 4.389267 4.584496 6.271903 10.490273 8.684175 9.859753 11.522663 11.353203 11.650620 9.953133 9.228107 9.094776 8.355566 4.942408 3.638711 4.041617 5.411577 6.063375 7.492052 6.168103 5.613096 4.503749 3.682881 2.874977 2.797954 2.237664 0.852466 1.211958 2.041980 4.352300 0.577739 1.154964 -9999.0
-9999.0 3.248333 -0.028605 -0.048269 1.144780 -0.108144 -1.925416 -1.495592 -0.006056 -0.001511 -0.883402 -0.667595 0.227790 4.042265 -0.080561 -3.142404 -0.998240 -0.861745 -0.560182 -0.014255 4.751385 2.035382 3.137510 3.560634 9.408469 10.832046 5.581204 7.063224 6.868927 6.540728 6.687374 6.462254 7.972864 8.886717 13.462175 11.867611 18.650548 19.676501 14.616247 13.524266 12.805600 11.760286 10.756050 8.197613 8.072728 7.949158 8.635283 8.270367 7.611421 6.705047 4.628638 2.069273 0.995062 1.503208 0.721842 -0.019110 -0.190900 -0.037552 -0.024910 -0.082630 -0.016517 -9999.0 -9999.0
