erum2020/resources/simulation/Vinschgau/output-maps/TsL0006N0278.asc
ncols         63
nrows         48
xllcorner     598000.000000
yllcorner     5145000.000000
cellsize      1000.000000
NODATA_value  -9999.0
[rows 0 to 27 of 48, columns 0 to 61 of 63]
-9999.0 -9999.0 -9999.0 -9999.0 -9999.0 -9999.0 -9999.0 -9999.0 -9999.0 -9999.0 -9999.0 -9999.0 -9999.0 -9999.0 -9999.0 -9999.0 -9999.0 -9999.0 -9999.0 -9999.0 -9999.0 -9999.0 -9999.0 -9999.0 -9999.0 -9999.0 -9999.0 -9999.0 -9999.0 -9999.0 -9999.0 -9999.0 -9999.0 -9999.0 -9999.0 -9999.0 -9999.0 -9999.0 -9999.0 -9999.0 -9999.0 -9999.0 -9999.0 -9999.0 -9999.0 -9999.0 -9999.0 -9999.0 -9999.0 -9999.0 -9999.0 -9999.0 -9999.0 -9999.0 -9999.0 -9999.0 -9999.0 -9999.0 -9999.0 -9999.0 -9999.0 -9999.0
-9999.0 -9999.0 -9999.0 -9999.0 -9999.0 -9999.0 -9999.0 -9999.0 -9999.0 -9999.0 -9999.0 -9999.0 -9999.0 -9999.0 -9999.0 -9999.0 -9999.0 -9999.0 -9999.0 -9999.0 -9999.0 -9999.0 -9999.0 -9999.0 -9999.0 -9999.0 -9999.0 -6.947457 -7.227529 -7.064120 -7.412644 -8.380774 -8.331779 -9999.0 -9999.0 -9999.0 -9999.0 -9999.0 -9999.0 -9999.0 -9999.0 -9999.0 -9999.0 -9999.0 -9999.0 -9999.0 -9999.0 -9999.0 -9999.0 -9999.0 -9999.0 -9999.0 -9999.0 -9999.0 -9999.0 -9999.0 -9999.0 -9999.0 -9999.0 -9999.0 -9999.0 -9999.0
-9999.0 -9999.0 -9999.0 -9999.0 -9999.0 -9999.0 -9999.0 -9999.0 -9999.0 -9999.0 -9999.0 -9999.0 -9999.0 -9999.0 -9999.0 -9999.0 -9999.0 -9999.0 -9999.0 -9999.0 -9999.0 -9999.0 -9999.0 -9999.0 -5.404454 -6.117590 -6.044937 -6.563256 -6.238104 -6.762542 -7.699559 -9999.0 -9999.0 -9999.0 -9999.0 -9999.0 -9999.0 -9999.0 -9999.0 -9999.0 -9999.0 -9999.0 -9999.0 -9999.0 -9999.0 -9999.0 -9999.0 -9999.0 -9999.0 -9999.0 -9999.0 -9999.0 -9999.0 -9999.0 -9999.0 -9999.0 -9999.0 -9999.0 -9999.0 -9999.0 -9999.0 -9999.0
-9999.0 -9999.0 -9999.0 -9999.0 -9999.0 -9999.0 -9999.0 -9999.0 -9999.0 -9999.0 -9999.0 -9999.0 -9999.0 -9999.0 -9999.0 -9999.0 -9999.0 -9999.0 -9999.0 -9999.0 -9999.0 -9999.0 -9999.0 -6.055427 -5.502299 -4.053199 -5.344797 -5.765913 -6.091582 -6.808730 -7.691081 -7.064354 -9999.0 -9999.0 -9999.0 -9999.0 -9999.0 -9999.0 -9999.0 -9999.0 -9999.0 -9999.0 -9999.0 -9999.0 -9999.0 -9999.0 -9999.0 -9999.0 -9999.0 -9999.0 -9999.0 -9999.0 -9999.0 -9999.0 -9999.0 -9999.0 -9999.0 -9999.0 -9999.0 -9999.0 -9999.0 -9999.0
-9999.0 -9999.0 -9999.0 -9999.0 -9999.0 -9999.0 -9999.0 -9999.0 -9999.0 -9999.0 -9999.0 -9999.0 -9999.0 -9999.0 -9999.0 -9999.0 -9999.0 -9999.0 -2.994995 -5.457539 -9999.0 -5.363529 -5.484439 -5.168560 -5.475871 -1.579623 -5.707922 -5.684501 -1.411590 -5.813463 -6.449556 -7.624824 -8.090262 -9.023447 -9999.0 -9999.0 -9999.0 -9999.0 -9999.0 -9999.0 -9999.0 -9999.0 -9999.0 -9999.0 -9999.0 -9999.0 -9999.0 -9999.0 -9999.0 -9999.0 -9999.0 -9999.0 -9999.0 -9999.0 -9999.0 -9999.0 -9999.0 -9999.0 -9999.0 -9999.0 -9999.0 -9999.0
-9999.0 -9999.0 -9999.0 -9999.0 -9999.0 -9999.0 -9999.0 -9999.0 -9999.0 -9999.0 -9999.0 -9999.0 -9999.0 -9999.0 -9999.0 -9999.0 -9999.0 -2.606853 -4.626174 -5.845987 -5.511194 -4.410321 -5.170978 -5.342859 -0.149535 -6.097019 -6.654166 -5.718977 -6.677047 -6.070008 -5.914039 -6.850756 -6.405776 -7.823861 -8.629573 -9.303905 -9999.0 -9999.0 -9999.0 -9999.0 -9999.0 -9999.0 -9999.0 -9999.0 -9999.0 -9999.0 -9999.0 -9999.0 -9999.0 -9999.0 -9999.0 -9999.0 -9999.0 -9999.0 -9999.0 -9999.0 -9999.0 -9999.0 -9999.0 -9999.0 -9999.0 -9999.0
-9999.0 -9999.0 -9999.0 -9999.0 -9999.0 -9999.0 -9999.0 -9999.0 -9999.0 -9999.0 -9999.0 -9999.0 -9999.0 -5.470397 -4.945287 -5.207939 -4.990672 -4.303611 -3.932460 -6.180805 -5.234432 -5.290206 -4.071111 -0.411713 -6.159575 -6.714326 -7.463035 -6.564640 -7.487253 -5.984310 -6.352201 -7.511417 -7.850962 -9.538216 -9.556622 -10.016810 -9999.0 -9999.0 -9999.0 -9999.0 -9999.0 -9999.0 -9999.0 -9999.0 -9999.0 -9999.0 -9999.0 -9999.0 -9999.0 -9999.0 -9999.0 -9999.0 -9999.0 -9999.0 -9999.0 -9999.0 -9999.0 -9999.0 -9999.0 -9999.0 -9999.0 -9999.0
-9999.0 -9999.0 -9999.0 -9999.0 -9999.0 -9999.0 -9999.0 -9999.0 -9999.0 -9999.0 -9999.0 -9999.0 -9999.0 -4.504092 -4.232666 -5.129738 -5.166665 -3.950959 -3.950088 -4.659092 -1.723365 -5.730919 -5.152576 -5.632308 -5.598505 -6.278808 -6.876421 -8.183660 -8.714101 -7.685710 -6.791205 -9.360728 -9.498756 -10.446410 -10.298488 -9999.0 -9999.0 -9999.0 -9999.0 -9999.0 -9999.0 -9999.0 -9999.0 -9999.0 -9999.0 -9999.0 -9999.0 -9999.0 -9999.0 -9999.0 -9999.0 -9999.0 -9999.0 -9999.0 -9999.0 -9999.0 -9999.0 -9999.0 -9999.0 -9999.0 -9999.0 -9999.0
-9999.0 -9999.0 -9999.0 -9999.0 -9999.0 -9999.0 -9999.0 -9999.0 -9999.0 -9999.0 -9999.0 -9999.0 -9999.0 -5.372147 -5.719116 -0.726346 -5.146876 -5.330897 -4.238700 -0.878951 -4.733658 -6.926715 -5.777796 -5.603556 -4.961706 -3.991731 -6.406345 -8.527782 -7.164507 -9.327342 -9.052255 -10.617686 -10.370436 -11.248048 -10.419509 -9999.0 -9999.0 -9999.0 -9999.0 -9999.0 -9999.0 -9999.0 -9999.0 -9999.0 -9999.0 -9999.0 -9999.0 -9999.0 -9999.0 -9999.0 -9999.0 -9999.0 -9999.0 -9999.0 -9999.0 -9999.0 -9999.0 -9999.0 -9999.0 -9999.0 -9999.0 -9999.0
-9999.0 -9999.0 -9999.0 -9999.0 -9999.0 -9999.0 -9999.0 -9999.0 -9999.0 -9999.0 -9999.0 -9999.0 -4.718186 -5.246390 -1.570636 -6.379853 -2.101547 -5.539733 -0.071989 -3.793943 -5.155590 -6.456193 -5.705879 -5.714552 -4.406897 -7.922933 -5.794379 -6.541511 -6.597598 -8.786655 -9.554983 -8.321994 -8.628991 -10.218554 -9999.0 -9999.0 -9999.0 -9999.0 -9999.0 -9999.0 -9999.0 -9999.0 -9999.0 -9999.0 -9999.0 -9999.0 -9999.0 -9999.0 -9999.0 -9999.0 -9999.0 -9999.0 -9999.0 -9999.0 -9999.0 -9999.0 -9999.0 -9999.0 -9999.0 -9999.0 -9999.0 -9999.0
-9999.0 -9999.0 -9999.0 -9999.0 -9999.0 -9999.0 -9999.0 -9999.0 -9999.0 -9999.0 -9999.0 -4.660958 -5.268329 -2.663013 -6.263638 -5.825462 -7.010821 -5.842830 -0.045324 -3.986989 -5.699077 -4.918076 -5.862193 -6.891215 -5.672473 -6.364770 -8.643990 -6.189669 -6.658852 -9.434535 -7.949447 -7.387426 -8.700707 -9.828222 -10.284448 -10.834508 -11.410955 -10.727247 -3.998521 -9999.0 -9999.0 -9999.0 -10.763076 -9999.0 -9999.0 -9999.0 -9999.0 -9999.0 -9999.0 -9999.0 -9999.0 -9999.0 -9999.0 -9999.0 -9999.0 -9999.0 -9999.0 -9999.0 -9999.0 -9999.0 -9999.0 -9999.0
-9999.0 -9999.0 -9999.0 -9999.0 -9999.0 -9999.0 -9999.0 -9999.0 -9999.0 -9999.0 -9999.0 -5.767773 -5.258754 -4.902001 -4.738256 -6.669857 -5.553683 -5.839827 -0.050740 -1.238738 -5.165421 -3.931387 -5.418068 -5.554639 -5.816889 -6.718550 -6.500909 -5.799090 -6.464928 -8.622139 -7.419229 -7.420538 -8.556210 -9.019592 -11.357147 -10.740144 -3.049087 -3.462731 -4.287976 -12.207910 -12.288348 -12.299369 -9.890345 -9.504518 -9999.0 -9999.0 -9999.0 -0.513700 -4.412948 -4.645237 -2.347360 -3.180881 -2.974470 -0.011376 -0.008850 -2.417181 -9999.0 -9999.0 -9999.0 -9999.0 -9999.0 -9999.0
-9999.0 -9999.0 -9999.0 -9999.0 -9999.0 -9999.0 -9999.0 -9999.0 -9999.0 -9999.0 -9999.0 -4.997512 -5.519624 -6.257787 -3.960491 -6.344677 -5.391830 -5.770746 -1.273506 -0.058776 -2.928512 -5.130288 -5.127290 -4.655826 -7.098689 -6.409153 -5.241407 -6.448854 -7.620179 -7.229922 -8.295199 -7.545135 -7.727301 -9.579887 -10.727687 -9.319777 -5.561598 -5.250898 -3.060654 -5.214243 -3.724330 -10.667879 -8.844518 -8.400523 -8.258077 -9999.0 -7.187478 -5.212953 -3.746510 -2.767919 -2.943927 -2.579353 -0.663109 -0.002854 -0.117058 -0.026478 -9999.0 -9999.0 -9999.0 -9999.0 -9999.0 -9999.0
-9999.0 -9999.0 -9999.0 -9999.0 -9999.0 -9999.0 -9999.0 -9999.0 -9999.0 -9999.0 -9999.0 -9999.0 -4.902191 -3.684957 -3.161357 -4.563302 -5.983430 -6.033775 -0.139877 -0.055495 -4.782578 -4.901203 -5.373784 -4.896592 -5.820038 -4.941333 -5.133649 -7.162987 -6.872913 -6.975366 -7.122736 -6.889783 -7.632834 -9.186186 -10.594461 -11.071859 -7.118760 -5.571551 -2.244688 -4.308903 -3.024295 -3.745799 -7.072402 -7.158635 -7.648383 -6.818300 -6.434539 -5.224235 -5.213125 -4.139218 -4.673640 -2.313710 -0.588526 -0.527093 -3.281102 -3.163242 -0.650184 -9999.0 -9999.0 -9999.0 -9999.0 -9999.0
-9999.0 -9999.0 -9999.0 -9999.0 -9999.0 -9999.0 -9999.0 -9999.0 -9999.0 -9999.0 -9999.0 -3.447313 -5.666520 -5.921321 -4.983215 -5.176298 -5.190659 -5.621997 -3.909497 -0.817121 -4.490089 -5.255183 -4.128387 -5.341581 -4.810434 -4.990019 -4.401981 -7.424017 -6.395918 -6.483952 -5.717447 -5.858345 -6.560639 -8.749191 -11.044329 -10.713286 -11.572605 -6.173705 -4.055481 -1.923819 -4.816874 -3.102794 -4.927314 -6.175793 -6.614326 -6.878921 -5.434411 -5.272247 -4.725168 -4.964391 -5.891053 -5.795245 -4.650993 -6.411851 -5.549797 -6.180759 -2.402653 -9999.0 -9999.0 -9999.0 -9999.0 -9999.0
-9999.0 -9999.0 -9999.0 -9999.0 -9999.0 -9999.0 -9999.0 -9999.0 -9999.0 -9999.0 -1.265093 -3.880301 -2.820390 -5.335118 -1.994083 -5.366385 -5.371723 -5.497928 -4.488419 -0.822166 -0.064771 -2.361793 -5.348334 -4.280929 -5.399320 -3.400883 -6.443776 -6.315283 -5.218512 -5.420151 -5.783062 -6.211147 -7.088598 -8.791573 -11.237940 -10.365863 -9.441026 -6.270919 -4.835277 -2.267926 -1.875516 -4.623419 -5.232931 -4.615129 -6.238364 -6.941460 -5.451259 -5.205505 -5.659546 -4.937088 -4.604367 -6.261728 -6.167091 -6.469734 -5.906843 -0.576761 -0.675558 -9999.0 -9999.0 -9999.0 -9999.0 -9999.0
-9999.0 -9999.0 -9999.0 -9999.0 -9999.0 -9999.0 -9999.0 -9999.0 -9999.0 -5.675811 -1.479247 -1.548641 -5.461383 -3.993048 -2.064373 -4.937087 -5.377347 -3.462900 -2.212355 -0.368802 -0.058403 -4.969003 -4.914837 -2.376414 -3.467490 -6.339194 -5.690536 -4.963339 -5.696872 -5.352958 -5.346103 -6.718574 -9.097332 -10.013305 -9.366173 -9.596383 -9.419053 -9.110500 -9.230234 -7.513777 -3.858426 -7.528670 -7.148014 -2.041140 -4.896568 -6.005923 -3.271061 -5.406088 -4.354522 -4.792202 -3.425552 -4.118303 -6.900832 -5.161173 -3.505421 -2.175925 -0.277291 -0.215568 -1.055584 -9999.0 -9999.0 -9999.0
-9999.0 -9999.0 -9999.0 -9999.0 -9999.0 -9999.0 -9999.0 -9999.0 -9999.0 -5.742875 -5.469671 -5.561400 -4.938540 -5.351443 -3.802814 -3.177379 -1.766730 -5.096527 -2.688804 -0.004128 -0.004371 -0.000939 -3.700726 -4.162252 -5.995978 -5.289932 -5.837344 -5.250369 -2.239757 -4.725684 -5.418156 -5.772185 -7.572511 -7.399655 -7.791387 -7.766080 -8.620367 -8.342839 -9.341255 -7.909727 -7.014090 -8.205719 -6.172678 -5.137659 -1.018902 -0.113649 -0.561415 -3.981013 -5.352095 -4.238136 -4.344903 -3.566702 -5.188933 -4.544518 -5.896022 -0.779316 -0.684945 -0.148077 -0.177553 -9999.0 -9999.0 -9999.0
-9999.0 -9999.0 -9999.0 -9999.0 -9999.0 -9999.0 -9999.0 -9999.0 -9999.0 -9999.0 -5.455767 -5.417209 -4.691367 -3.364684 -4.798992 -4.055304 -4.092892 -3.421142 -1.728633 -0.008267 -0.198999 -4.307273 -3.259605 -4.319045 -5.504662 -5.516172 -3.866154 -1.238914 -5.178108 -6.396758 -6.725377 -4.407002 -7.566884 -7.944778 -6.760004 -5.998904 -6.442624 -7.026189 -8.365980 -8.987337 -9.404006 -6.590954 -6.421095 -6.295666 -6.508870 -6.389196 -4.947476 -3.920443 -0.031339 -3.174527 -3.254227 -2.156844 -3.441970 -4.799016 -3.851823 -4.968754 -2.674293 -3.937337 -3.338940 -2.547324 -9999.0 -9999.0
-9999.0 -9999.0 -9999.0 -9999.0 -9999.0 -9999.0 -9999.0 -9999.0 -9999.0 -9999.0 -5.409746 -5.313171 -4.493767 -3.420005 -0.052140 -4.935322 -5.119604 -3.506830 -0.005121 -0.005707 -1.033079 -2.980401 -5.602537 -6.079515 -5.699942 -3.384593 -0.031425 -5.093083 -5.614284 -7.847706 -7.301997 -5.361926 -6.576538 -7.845906 -7.597873 -7.118492 -5.935067 -5.722093 -6.721366 -7.977366 -6.158068 -6.050383 -5.938300 -7.008191 -2.603393 -5.394461 -4.434991 -5.909624 -0.949741 -0.123108 -3.929520 -1.927451 -0.904701 -3.168295 -4.461749 -2.747764 -5.195676 -0.721895 -1.676289 -0.128780 -9999.0 -9999.0
-9999.0 -9999.0 -9999.0 -9999.0 -9999.0 -9999.0 -9999.0 -9999.0 -2.159963 -2.728021 -5.393949 -4.517402 -4.603451 -4.751097 -3.715378 -1.281820 -1.343677 0.062068 -0.003629 -0.003112 -0.007337 -0.006907 -2.127442 -3.385889 -3.800448 -0.021594 -1.410918 -5.839592 -4.993876 -6.461178 -8.592306 -7.075630 -6.395520 -6.539927 -5.544128 -8.204132 -5.325966 -5.331155 -6.550160 -6.787631 -7.085021 -6.509866 -7.542737 -7.924797 -5.183195 -3.401397 -6.249005 -2.741787 -4.978547 -0.199964 -3.653790 -3.662586 -0.582056 -3.794422 -2.865448 -0.092676 -0.602910 -0.978932 -2.118849 -0.033098 -9999.0 -9999.0
-9999.0 -9999.0 -9999.0 -9999.0 -9999.0 -9999.0 -9999.0 -9999.0 -5.410631 -2.849013 -3.948859 -6.529536 -5.719937 -4.649266 -3.274282 -4.542556 -3.591551 -4.094748 -0.002869 0.006404 0.469653 0.101650 0.022510 0.000689 -0.009467 -0.007829 -2.542786 -4.979891 -6.673315 -5.245381 -5.407689 -5.558907 -4.658762 -5.548897 -4.089775 -4.244330 -4.265647 -5.044396 -5.059940 -4.771289 -6.658339 -8.665487 -7.285684 -4.352523 -3.753368 -3.941856 -6.482076 -5.766574 -4.554910 -3.280460 -0.096800 -4.128827 -0.985772 -0.562074 -3.580877 -4.262173 -4.363613 -2.891311 -0.037550 0.392473 1.337376 -9999.0
-9999.0 -9999.0 -9999.0 -9999.0 -9999.0 -9999.0 -9999.0 -9999.0 -5.694772 -4.279160 -2.462912 -5.164766 -3.830965 -6.143059 -2.837973 -5.197257 -2.839306 -0.597842 -0.002753 0.443484 0.066367 0.172426 0.117726 -0.005204 0.086060 -2.541645 -4.515982 -5.361230 -6.007505 -4.795069 -5.516096 -3.980227 -4.556818 -4.789768 -3.007943 -4.072590 -4.520688 -4.649912 -4.470542 -4.821706 -4.806593 -5.136103 -2.700326 -4.882227 -5.085178 -5.311197 -4.190844 -1.057298 -4.280504 -4.514284 -0.024002 -1.961714 -4.119634 -2.906024 -2.657387 -1.765550 -0.118374 -0.031161 -0.002894 0.054565 0.678645 -9999.0
-9999.0 -9999.0 -9999.0 -9999.0 -9999.0 -9999.0 -9999.0 -9999.0 -7.298825 -4.748829 -2.193751 -3.990518 -1.284175 -2.497714 -4.825106 -3.659758 -1.057226 -0.000534 -0.066066 -0.003419 -0.002504 0.063640 0.206002 0.123750 -0.961877 -4.323788 -3.282092 -4.338742 -4.843466 -5.119985 -3.850861 -3.552535 -5.042459 -4.830658 -4.602027 -4.041650 -3.325437 -3.839630 -3.661088 -3.920662 -4.102343 -2.852706 -2.570956 -4.146864 -1.933911 -4.129969 -1.616462 -2.535785 -1.472248 -3.982270 -3.234684 -0.034124 -0.176224 -0.386697 -0.093773 -0.047634 -0.008815 -0.002166 1.497639 0.389580 -0.023179 -0.706941
-9999.0 -9999.0 -9999.0 -9999.0 -9999.0 -9999.0 -9999.0 -9999.0 -5.095684 -3.848176 -0.670433 -4.505952 -4.212342 -3.977837 -0.052695 -0.766900 -1.317462 -3.876571 -4.176663 -3.706292 -0.007703 0.030634 0.042286 -0.005606 -0.087993 -4.634036 -5.336047 -4.851324 -4.372108 -4.444306 -3.909550 -4.452315 -3.277009 -3.918932 -3.852995 -3.420775 -3.792512 -2.541018 -3.279685 -3.412126 -3.591061 -3.784511 -4.420471 -4.243293 -3.744460 -2.305877 -4.082025 -4.419230 -4.843511 -2.703245 -0.118002 -0.070858 -0.022342 -0.037581 -0.019908 -0.008339 -0.002651 -0.002067 -0.005157 -0.030469 -0.139288 -0.477127
-9999.0 -9999.0 -4.410945 -3.350002 -4.232224 -3.489251 -2.661862 -3.364495 -3.543188 -3.277212 -3.613377 -2.562475 -3.273998 -1.892745 -0.001349 -1.164428 -4.878345 -4.856331 -4.608930 -3.939652 -3.282025 0.000026 0.001261 -0.002693 -0.021696 -2.024775 -3.345294 -4.423578 -3.115808 -0.152350 -4.860129 -4.488435 -0.061101 -4.056675 -2.755787 -3.442190 -1.352313 -0.121028 -2.388620 -4.323803 -3.687806 -2.964692 -3.711172 -3.741167 -3.920557 -4.636352 -3.024721 -3.448657 -1.055221 -0.032895 -0.010976 -0.006286 -0.002477 -0.003714 -0.007888 0.359553 -0.028087 -0.039974 -0.162385 -2.280269 -0.379271 -0.006809
-9999.0 -3.113668 -3.578889 -2.594237 -2.947101 -2.019653 -3.692367 -4.189626 -4.420652 -4.801381 -3.457484 -1.196347 -1.724317 -0.022574 -0.041592 -1.996353 -4.344606 -4.261384 -2.320445 -4.106539 -2.476210 -0.082103 -0.003882 0.018356 0.235896 -0.012212 0.118299 0.127613 -0.025432 -1.735283 -1.644795 -2.168302 -1.984179 -0.003768 -0.081472 -0.032386 -0.008036 -0.001671 -0.007256 -0.031776 -0.069304 -0.034360 -0.104382 -3.117429 -2.987984 -2.845096 -0.054753 -0.134551 -0.004926 -0.004820 -0.004783 -0.007075 -0.028667 -0.042708 -0.049336 -0.209044 -1.437585 -0.807126 -0.462871 -0.098937 -0.003598 -0.003223
-9999.0 -3.857008 -4.186280 -4.558572 -1.644859 -4.380182 -3.726798 -3.293861 -3.380289 -3.851050 -2.458132 -3.541176 -2.335729 -0.053674 -3.289982 -3.491307 -4.543985 -4.390122 -4.360970 -4.074789 -0.838476 -1.870310 -0.026346 -0.023729 0.314011 0.403939 0.035974 0.054150 -0.001469 -0.000365 0.175264 -0.003529 -0.032704 -0.015945 0.314048 -0.000824 0.803925 4.714235 0.087164 0.263364 0.120596 0.140279 -0.005367 -0.006028 0.129534 0.531579 1.454180 1.546251 -0.003854 -0.004275 -0.039188 -2.858730 -1.346685 -0.119643 -2.534800 -0.072113 -1.229626 -0.719719 -0.517920 -0.011353 -0.006581 -9999.0
