erum2020/resources/simulation/Vinschgau/output-maps/TsL0001N0744.asc
ncols         63
nrows         48
xllcorner     598000.000000
yllcorner     5145000.000000
cellsize      1000.000000
NODATA_value  -9999.0
[rows 0 to 27 of 48, columns 0 to 62 of 63]
-9999.0 -9999.0 -9999.0 -9999.0 -9999.0 -9999.0 -9999.0 -9999.0 -9999.0 -9999.0 -9999.0 -9999.0 -9999.0 -9999.0 -9999.0 -9999.0 -9999.0 -9999.0 -9999.0 -9999.0 -9999.0 -9999.0 -9999.0 -9999.0 -9999.0 -9999.0 -9999.0 -9999.0 -9999.0 -9999.0 -9999.0 -9999.0 -9999.0 -9999.0 -9999.0 -9999.0 -9999.0 -9999.0 -9999.0 -9999.0 -9999.0 -9999.0 -9999.0 -9999.0 -9999.0 -9999.0 -9999.0 -9999.0 -9999.0 -9999.0 -9999.0 -9999.0 -9999.0 -9999.0 -9999.0 -9999.0 -9999.0 -9999.0 -9999.0 -9999.0 -9999.0 -9999.0 -9999.0
-9999.0 -9999.0 -9999.0 -9999.0 -9999.0 -9999.0 -9999.0 -9999.0 -9999.0 -9999.0 -9999.0 -9999.0 -9999.0 -9999.0 -9999.0 -9999.0 -9999.0 -9999.0 -9999.0 -9999.0 -9999.0 -9999.0 -9999.0 -9999.0 -9999.0 -9999.0 -9999.0 -0.002494 -0.006629 -0.020838 -0.025065 -0.018123 -0.233893 -9999.0 -9999.0 -9999.0 -9999.0 -9999.0 -9999.0 -9999.0 -9999.0 -9999.0 -9999.0 -9999.0 -9999.0 -9999.0 -9999.0 -9999.0 -9999.0 -9999.0 -9999.0 -9999.0 -9999.0 -9999.0 -9999.0 -9999.0 -9999.0 -9999.0 -9999.0 -9999.0 -9999.0 -9999.0 -9999.0
-9999.0 -9999.0 -9999.0 -9999.0 -9999.0 -9999.0 -9999.0 -9999.0 -9999.0 -9999.0 -9999.0 -9999.0 -9999.0 -9999.0 -9999.0 -9999.0 -9999.0 -9999.0 -9999.0 -9999.0 -9999.0 -9999.0 -9999.0 -9999.0 -0.006003 -0.005487 -0.005216 -0.005667 -0.008002 -0.008929 -0.009928 -9999.0 -9999.0 -9999.0 -9999.0 -9999.0 -9999.0 -9999.0 -9999.0 -9999.0 -9999.0 -9999.0 -9999.0 -9999.0 -9999.0 -9999.0 -9999.0 -9999.0 -9999.0 -9999.0 -9999.0 -9999.0 -9999.0 -9999.0 -9999.0 -9999.0 -9999.0 -9999.0 -9999.0 -9999.0 -9999.0 -9999.0 -9999.0
-9999.0 -9999.0 -9999.0 -9999.0 -9999.0 -9999.0 -9999.0 -9999.0 -9999.0 -9999.0 -9999.0 -9999.0 -9999.0 -9999.0 -9999.0 -9999.0 -9999.0 -9999.0 -9999.0 -9999.0 -9999.0 -9999.0 -9999.0 -0.005387 -0.004540 2.024824 2.129723 2.333199 -0.004183 -0.005536 -0.007638 -0.010806 -9999.0 -9999.0 -9999.0 -9999.0 -9999.0 -9999.0 -9999.0 -9999.0 -9999.0 -9999.0 -9999.0 -9999.0 -9999.0 -9999.0 -9999.0 -9999.0 -9999.0 -9999.0 -9999.0 -9999.0 -9999.0 -9999.0 -9999.0 -9999.0 -9999.0 -9999.0 -9999.0 -9999.0 -9999.0 -9999.0 -9999.0
-9999.0 -9999.0 -9999.0 -9999.0 -9999.0 -9999.0 -9999.0 -9999.0 -9999.0 -9999.0 -9999.0 -9999.0 -9999.0 -9999.0 -9999.0 -9999.0 -9999.0 -9999.0 4.795810 -0.004642 -9999.0 -0.005075 -0.004584 1.669939 1.695586 2.953499 3.292387 3.061218 2.099658 -0.004367 -0.006017 -0.009141 -0.028507 -0.018626 -9999.0 -9999.0 -9999.0 -9999.0 -9999.0 -9999.0 -9999.0 -9999.0 -9999.0 -9999.0 -9999.0 -9999.0 -9999.0 -9999.0 -9999.0 -9999.0 -9999.0 -9999.0 -9999.0 -9999.0 -9999.0 -9999.0 -9999.0 -9999.0 -9999.0 -9999.0 -9999.0 -9999.0 -9999.0
-9999.0 -9999.0 -9999.0 -9999.0 -9999.0 -9999.0 -9999.0 -9999.0 -9999.0 -9999.0 -9999.0 -9999.0 -9999.0 -9999.0 -9999.0 -9999.0 -9999.0 4.601139 2.672892 2.808640 0.509253 -0.015147 -0.004746 -0.001788 4.037362 -0.012404 -0.028495 -0.218791 -0.024156 0.482413 -0.005921 -0.009263 -0.005965 -0.433750 -1.383812 -1.762724 -9999.0 -9999.0 -9999.0 -9999.0 -9999.0 -9999.0 -9999.0 -9999.0 -9999.0 -9999.0 -9999.0 -9999.0 -9999.0 -9999.0 -9999.0 -9999.0 -9999.0 -9999.0 -9999.0 -9999.0 -9999.0 -9999.0 -9999.0 -9999.0 -9999.0 -9999.0 -9999.0
-9999.0 -9999.0 -9999.0 -9999.0 -9999.0 -9999.0 -9999.0 -9999.0 -9999.0 -9999.0 -9999.0 -9999.0 -9999.0 -0.002821 1.562546 2.533891 4.403592 9.804896 4.221370 2.294335 1.792898 1.716205 1.851798 3.925914 -0.017346 -0.005197 -0.278646 -0.597436 -0.020454 -0.015445 -0.089350 -0.008483 -0.017803 -0.031995 -1.131519 -0.649734 -9999.0 -9999.0 -9999.0 -9999.0 -9999.0 -9999.0 -9999.0 -9999.0 -9999.0 -9999.0 -9999.0 -9999.0 -9999.0 -9999.0 -9999.0 -9999.0 -9999.0 -9999.0 -9999.0 -9999.0 -9999.0 -9999.0 -9999.0 -9999.0 -9999.0 -9999.0 -9999.0
-9999.0 -9999.0 -9999.0 -9999.0 -9999.0 -9999.0 -9999.0 -9999.0 -9999.0 -9999.0 -9999.0 -9999.0 -9999.0 -0.001807 2.913942 3.232220 3.468373 8.121812 9.936861 3.980202 3.050173 4.023545 1.476437 0.425304 -0.026565 -0.222490 -0.006896 -0.390273 -0.021009 -0.067861 -0.679018 -0.258019 -1.455639 -5.239981 -1.911803 -9999.0 -9999.0 -9999.0 -9999.0 -9999.0 -9999.0 -9999.0 -9999.0 -9999.0 -9999.0 -9999.0 -9999.0 -9999.0 -9999.0 -9999.0 -9999.0 -9999.0 -9999.0 -9999.0 -9999.0 -9999.0 -9999.0 -9999.0 -9999.0 -9999.0 -9999.0 -9999.0 -9999.0
-9999.0 -9999.0 -9999.0 -9999.0 -9999.0 -9999.0 -9999.0 -9999.0 -9999.0 -9999.0 -9999.0 -9999.0 -9999.0 2.676998 4.666688 3.809371 2.876044 3.697344 10.503733 3.994529 5.688009 1.393549 -0.013740 -0.023084 0.371169 -0.093947 -0.004350 -0.052195 -0.010020 -4.601483 -0.492435 -4.402518 -4.734956 -4.564067 -2.219292 -9999.0 -9999.0 -9999.0 -9999.0 -9999.0 -9999.0 -9999.0 -9999.0 -9999.0 -9999.0 -9999.0 -9999.0 -9999.0 -9999.0 -9999.0 -9999.0 -9999.0 -9999.0 -9999.0 -9999.0 -9999.0 -9999.0 -9999.0 -9999.0 -9999.0 -9999.0 -9999.0 -9999.0
-9999.0 -9999.0 -9999.0 -9999.0 -9999.0 -9999.0 -9999.0 -9999.0 -9999.0 -9999.0 -9999.0 -9999.0 1.502583 4.168800 3.096788 1.557475 1.103846 3.144497 9.219953 4.263391 1.930497 -0.013467 -0.204833 -0.017961 -0.095631 -0.007339 -0.556778 -0.008058 -0.011655 -1.581253 -2.467600 -1.374372 -0.351591 -0.471737 -9999.0 -9999.0 -9999.0 -9999.0 -9999.0 -9999.0 -9999.0 -9999.0 -9999.0 -9999.0 -9999.0 -9999.0 -9999.0 -9999.0 -9999.0 -9999.0 -9999.0 -9999.0 -9999.0 -9999.0 -9999.0 -9999.0 -9999.0 -9999.0 -9999.0 -9999.0 -9999.0 -9999.0 -9999.0
-9999.0 -9999.0 -9999.0 -9999.0 -9999.0 -9999.0 -9999.0 -9999.0 -9999.0 -9999.0 -9999.0 -0.004078 1.194688 2.315119 2.086318 1.236750 2.695111 2.974275 9.024209 3.267021 1.442744 1.509633 -0.005228 -0.006308 -0.197781 -0.014930 -2.895059 -0.018505 -0.011005 -0.827831 -0.072755 -0.010507 -0.960131 -0.156529 -1.439285 -0.704473 -0.007863 -0.007055 -0.007261 -9999.0 -9999.0 -9999.0 -0.032256 -9999.0 -9999.0 -9999.0 -9999.0 -9999.0 -9999.0 -9999.0 -9999.0 -9999.0 -9999.0 -9999.0 -9999.0 -9999.0 -9999.0 -9999.0 -9999.0 -9999.0 -9999.0 -9999.0 -9999.0
-9999.0 -9999.0 -9999.0 -9999.0 -9999.0 -9999.0 -9999.0 -9999.0 -9999.0 -9999.0 -9999.0 -0.005299 1.010819 2.292284 3.036757 -0.001886 4.242860 3.570450 9.266488 6.071308 5.935524 -0.003123 -0.007696 -0.058649 -1.179002 -0.008306 -0.007011 -0.009547 -0.054804 -0.424240 -0.019806 -0.009416 -0.008412 -0.843232 -0.009501 -0.020077 -0.006560 0.830219 0.417069 -0.014583 -0.008390 -0.042568 -0.022299 -0.043666 -9999.0 -9999.0 -9999.0 -0.008061 -0.024667 -1.675196 -1.031575 -0.785403 -1.132872 -0.011698 -0.186811 -2.365490 -9999.0 -9999.0 -9999.0 -9999.0 -9999.0 -9999.0 -9999.0
-9999.0 -9999.0 -9999.0 -9999.0 -9999.0 -9999.0 -9999.0 -9999.0 -9999.0 -9999.0 -9999.0 -0.005268 -0.003184 -0.012647 -0.000969 0.958959 -0.002451 2.573040 6.496746 6.412389 1.663044 -0.012030 -0.026105 -0.006066 -0.008486 -0.002040 -0.033079 -0.538833 -0.020992 -0.010768 -0.019732 -1.188944 -0.010301 -0.011939 -0.058141 -0.009207 -0.379510 -0.019462 3.331965 -0.003667 -0.006514 -0.010430 -0.009528 -0.008097 -0.012504 -9999.0 -0.291924 -0.970651 -0.024056 -0.013382 -0.014366 -0.010053 -0.020354 -0.029034 -0.262233 -0.506352 -9999.0 -9999.0 -9999.0 -9999.0 -9999.0 -9999.0 -9999.0
-9999.0 -9999.0 -9999.0 -9999.0 -9999.0 -9999.0 -9999.0 -9999.0 -9999.0 -9999.0 -9999.0 -9999.0 -0.004877 -0.050622 -0.001716 -0.000889 -0.003711 2.033584 7.250927 6.200399 1.345215 -0.021763 -0.058067 -0.424238 -0.087191 -0.033789 -0.005357 -0.016696 -0.026444 -0.024662 -0.008295 -0.649402 -0.014093 -0.031622 -0.019365 -0.017924 -0.030091 -0.017056 6.606800 1.663693 0.553714 0.078594 -0.396741 -0.008278 -0.011214 -0.011740 -0.243067 -0.022367 -2.543215 -0.438840 -0.018323 -1.079286 -0.576158 -1.430563 -1.720289 -0.038387 -0.071988 -9999.0 -9999.0 -9999.0 -9999.0 -9999.0 -9999.0
-9999.0 -9999.0 -9999.0 -9999.0 -9999.0 -9999.0 -9999.0 -9999.0 -9999.0 -9999.0 -9999.0 -0.428822 -0.004948 -0.004755 -0.027529 -0.024457 -0.004481 1.272525 6.465523 3.317549 1.541888 -0.139853 -0.046132 -0.029764 -0.027896 -0.202530 -0.443375 -0.010404 -0.007704 -0.002322 -0.620874 -0.330179 -0.007731 -0.031914 -0.021328 -0.021561 -0.007233 -0.021424 1.527563 5.343327 -0.023135 -0.013944 -0.039344 -0.883880 -0.004924 -0.007985 -0.016166 -0.034973 -0.004278 -0.015979 -3.010686 -0.010805 -2.015441 -4.067026 -3.856826 -3.300844 -1.470599 -9999.0 -9999.0 -9999.0 -9999.0 -9999.0 -9999.0
-9999.0 -9999.0 -9999.0 -9999.0 -9999.0 -9999.0 -9999.0 -9999.0 -9999.0 -9999.0 -0.005260 -0.281150 -0.004666 -0.004292 -0.002950 -0.011995 -0.017515 -0.012127 2.841690 2.994497 4.113820 2.812508 -0.061915 -0.003807 -0.014176 -0.089048 -0.056900 -2.694293 -0.005925 -0.005363 -0.168934 -0.220180 -0.009672 -0.080503 -0.882728 -0.025766 -0.005891 -0.522174 -0.028498 -0.005204 -0.004239 1.530558 5.132917 -0.006336 -0.017434 -0.001784 -0.014928 -0.361882 -0.098737 -0.015167 -2.852724 -2.025873 -4.184831 -4.206407 -5.502202 -0.028937 -0.029668 -9999.0 -9999.0 -9999.0 -9999.0 -9999.0 -9999.0
-9999.0 -9999.0 -9999.0 -9999.0 -9999.0 -9999.0 -9999.0 -9999.0 -9999.0 -0.007755 -0.007323 -0.249595 -0.070608 -0.022707 -0.142892 -0.135001 -0.017662 3.067048 2.467799 3.399019 5.018181 -0.003901 -0.006405 0.660021 -0.005305 -0.348294 -0.100173 -0.005071 -0.018598 -0.052435 -0.010541 -1.725155 -0.019099 -5.152731 -0.028248 -0.951929 -0.012215 -1.200978 -1.053463 -0.215942 -0.527377 -0.045944 -0.055693 1.204412 0.699187 -0.015340 -0.003509 -0.023717 -0.023357 0.313573 -2.433556 -1.658363 -4.435824 -1.591868 -2.427327 -3.409594 -1.674692 -0.013106 -0.734387 -9999.0 -9999.0 -9999.0 -9999.0
-9999.0 -9999.0 -9999.0 -9999.0 -9999.0 -9999.0 -9999.0 -9999.0 -9999.0 -0.030058 -0.017675 -0.007808 2.864914 -0.011916 -0.017786 -0.022531 -0.003585 0.634619 2.972934 6.380025 5.867390 5.393954 3.649817 -0.004527 -0.210850 -0.032623 -0.021003 -0.012907 -0.002616 -0.003749 -0.008826 -3.061866 -0.019518 -0.011318 -0.022451 -0.003860 -0.002459 -0.001029 -0.006987 -0.007838 -0.539385 -0.051491 -0.019772 -0.001390 1.817562 2.187509 1.756573 -0.003393 -0.012022 -0.009148 -2.364834 -3.406819 -1.907857 -2.118765 -1.845818 -2.442871 -1.551690 -0.857615 -0.002560 -9999.0 -9999.0 -9999.0 -9999.0
-9999.0 -9999.0 -9999.0 -9999.0 -9999.0 -9999.0 -9999.0 -9999.0 -9999.0 -9999.0 -0.008911 -0.007737 -0.168429 -0.146513 -0.010739 -0.017010 -0.012082 1.901186 3.600654 4.669676 5.440442 1.527604 -0.017011 -0.036612 -0.027723 -0.014659 -0.009837 1.125194 -0.008877 -0.645317 -1.190887 -0.480389 -2.074144 -0.492179 -0.009432 -0.007160 -0.004996 -0.007529 -0.002991 -0.021264 -0.009750 -0.005228 -0.004098 -0.017014 -0.013582 -0.012919 -0.003336 4.080975 2.826313 -0.010169 -2.947927 -2.933357 -1.308724 -2.944850 -2.228980 -1.058785 -0.017582 -0.077725 -0.057502 -0.014094 -9999.0 -9999.0 -9999.0
-9999.0 -9999.0 -9999.0 -9999.0 -9999.0 -9999.0 -9999.0 -9999.0 -9999.0 -9999.0 -0.024521 -0.015211 -0.005581 -0.109828 3.850019 -0.006674 -0.011315 1.954779 4.142769 5.346191 2.937512 0.759919 -0.018448 -0.016468 -0.014772 1.280395 1.883533 -0.180792 -1.796877 -0.703200 -0.008962 -0.008605 -3.150980 -0.011482 -0.008558 -0.007213 -0.119819 -0.211944 -1.928082 -0.010395 -0.017295 -0.001603 -0.436942 -0.006054 -0.005166 -0.046352 -0.014336 -0.014814 1.247267 2.563680 -0.030757 -1.298613 -2.248780 -2.277816 -2.416559 -1.655876 -0.021797 -0.032501 1.015008 2.416339 -9999.0 -9999.0 -9999.0
-9999.0 -9999.0 -9999.0 -9999.0 -9999.0 -9999.0 -9999.0 -9999.0 -0.009991 -0.007278 -0.009996 -0.009789 -0.449119 -0.381542 -0.847336 1.446000 2.015050 6.164402 5.445748 5.762085 4.674430 3.032023 2.126883 -0.003956 -0.001666 1.745552 3.186639 -1.436141 -1.196252 -3.389833 -4.079157 -0.020637 -0.020872 -0.010110 -0.016248 -0.007064 -0.004127 -0.058217 -1.139693 -0.006171 -0.161174 -0.008287 -2.966835 -0.009648 0.084007 -0.005428 -1.066023 -0.024697 -0.012481 3.023307 -0.018361 -1.837216 -1.801410 -5.378069 -1.377098 -0.013346 -0.004687 -0.004451 -0.002749 2.933377 -9999.0 -9999.0 -9999.0
-9999.0 -9999.0 -9999.0 -9999.0 -9999.0 -9999.0 -9999.0 -9999.0 -1.400129 -0.720407 -1.516608 -0.010419 -0.006886 -0.270363 -0.115040 -0.010553 1.090022 1.608117 4.379084 6.188292 9.573309 8.061820 7.204252 6.077076 2.454411 2.376322 -0.001319 -0.238038 -3.030266 -0.009950 -0.011073 -0.002497 -0.015827 -0.002667 -0.009316 -0.007987 -0.003543 -0.017815 -0.312590 -0.006041 -0.008797 -1.749154 -0.004044 -0.005723 -0.005640 -0.497335 -2.344414 -0.006493 -0.020465 0.722060 2.472716 -0.129327 -2.921965 -0.012123 -0.006984 -1.620905 -0.029128 -0.014615 3.029664 5.666696 6.598879 -9999.0 -9999.0
-9999.0 -9999.0 -9999.0 -9999.0 -9999.0 -9999.0 -9999.0 -9999.0 -0.008748 -0.007630 -0.023882 -1.265333 -0.008980 -1.759942 -0.024207 -0.089083 -0.007263 2.282549 4.713430 9.635971 6.572005 8.759826 8.186025 5.355731 6.554430 2.146141 -0.001688 -0.267473 -2.529977 -0.018206 -0.001692 -0.007361 -1.448765 -1.525672 -0.006958 -0.003813 -0.038340 1.642113 -0.624042 -0.383310 -0.010701 -0.001863 -0.009089 -0.007593 -1.214610 -0.014100 -0.004340 -0.006866 -0.083231 -0.015824 2.219816 -0.018415 -1.731633 -2.028745 -0.111855 -0.038742 0.848354 2.622160 4.455268 5.258466 6.116454 -9999.0 -9999.0
-9999.0 -9999.0 -9999.0 -9999.0 -9999.0 -9999.0 -9999.0 -9999.0 -0.417136 -0.009810 -0.359651 -2.504696 -0.009755 -1.099977 -1.683070 -0.004258 2.986168 4.453773 6.111103 5.149449 6.087456 6.530894 8.569207 8.377703 3.095634 0.746560 -0.029010 -0.540553 -0.005095 -0.333731 -0.026492 -0.274199 -0.044839 -0.024396 -0.217705 -0.003707 3.740662 2.744310 -0.011502 -0.102449 -0.005350 -0.005161 -0.007368 0.117588 -0.006544 -0.001520 -0.005869 -0.004049 -0.006575 -0.025779 -0.014106 1.855509 -0.013448 -0.018889 1.060559 2.017065 3.395623 3.545822 4.787496 5.916509 4.584886 2.143753 -9999.0
-9999.0 -9999.0 -9999.0 -9999.0 -9999.0 -9999.0 -9999.0 -9999.0 -0.014217 -0.014755 -0.302245 -0.388213 -1.239622 -0.661375 1.734165 2.295500 4.708704 1.797318 0.459396 1.934754 4.188313 6.059532 6.299415 6.083681 5.410014 -0.006426 -0.143538 -0.014990 -0.005832 -0.015984 -0.039999 -0.021876 1.629958 0.750796 -0.003474 1.432167 2.613708 4.312525 3.098710 2.231444 -0.001790 -0.005876 -0.004928 -0.011650 -0.024942 -0.004443 -0.018440 -0.052666 -0.018553 -0.010207 2.037607 1.467693 1.606467 2.407486 2.923256 3.352470 4.267311 4.898044 4.774453 4.201121 2.835281 1.390382 -9999.0
-9999.0 -9999.0 -0.006473 -0.006059 -1.252636 -0.045034 -0.865962 -1.639765 -0.009837 -0.021904 -0.529498 -0.534748 -0.584401 -0.001803 4.304881 2.412652 -0.018120 -0.277299 -0.022654 -0.006311 1.896445 4.257856 5.375016 5.952187 4.469496 1.414678 -0.009359 -0.005198 1.608575 3.047941 -0.016304 -0.001977 4.851948 2.041911 3.645426 3.383274 5.728293 6.203227 5.168820 3.257321 3.687283 3.654184 2.066447 2.513363 -0.007839 -0.003936 1.449943 0.551416 2.730840 3.608263 4.419749 4.676896 3.987358 3.596799 3.494516 6.919504 3.527847 3.684549 2.550570 1.928379 3.195863 0.754348 -9999.0
-9999.0 -0.022463 -0.459840 -0.028094 -0.040225 -0.437015 -1.040231 -1.840482 -1.001796 -0.011555 -1.402610 -1.452311 -0.038764 3.292558 3.397861 -0.056130 -0.046152 -0.066900 -0.030913 -0.013730 1.838722 2.967810 5.584083 3.791317 7.566514 4.282488 5.891442 5.877838 4.024904 3.278322 3.203259 2.473875 3.154100 6.689150 6.124300 7.557997 8.761532 9.083660 8.796599 7.675857 6.868756 6.524075 5.204010 3.116794 2.270233 2.908212 4.509586 4.320083 5.631928 4.010279 4.993358 4.384150 3.285601 2.714026 2.659142 2.024525 0.607741 0.828309 1.253377 -0.001325 -0.008053 0.573625 -9999.0
-9999.0 -0.005485 -0.122375 -0.070171 -0.004295 -0.185516 -1.036722 -0.239379 -0.008238 -0.010577 -0.116768 -0.271582 -0.032918 3.499521 -0.641062 -2.300268 -0.677281 -0.080453 -0.239616 -0.409874 2.174140 1.027601 1.460812 2.161013 7.342227 8.844145 5.345067 6.096561 5.634083 4.930770 5.807932 5.331516 5.166658 5.974138 8.796945 9.058158 14.132767 15.570282 10.988993 10.513972 9.577560 8.058639 6.960329 6.950748 7.567611 6.720544 7.061622 6.661106 6.103727 5.600608 3.523511 1.456649 0.940958 1.117845 0.568231 -0.024153 -0.309874 -0.599355 -0.022207 -0.033945 -0.020838 -9999.0 -9999.0
