erum2020/resources/simulation/Vinschgau/output-maps/TsL0008N0777.asc
ncols         63
nrows         48
xllcorner     598000.000000
yllcorner     5145000.000000
cellsize      1000.000000
NODATA_value  -9999.0
[rows 0 to 27 of 48, columns 0 to 62 of 63]
-9999.0 -9999.0 -9999.0 -9999.0 -9999.0 -9999.0 -9999.0 -9999.0 -9999.0 -9999.0 -9999.0 -9999.0 -9999.0 -9999.0 -9999.0 -9999.0 -9999.0 -9999.0 -9999.0 -9999.0 -9999.0 -9999.0 -9999.0 -9999.0 -9999.0 -9999.0 -9999.0 -9999.0 -9999.0 -9999.0 -9999.0 -9999.0 -9999.0 -9999.0 -9999.0 -9999.0 -9999.0 -9999.0 -9999.0 -9999.0 -9999.0 -9999.0 -9999.0 -9999.0 -9999.0 -9999.0 -9999.0 -9999.0 -9999.0 -9999.0 -9999.0 -9999.0 -9999.0 -9999.0 -9999.0 -9999.0 -9999.0 -9999.0 -9999.0 -9999.0 -9999.0 -9999.0 -9999.0
-9999.0 -9999.0 -9999.0 -9999.0 -9999.0 -9999.0 -9999.0 -9999.0 -9999.0 -9999.0 -9999.0 -9999.0 -9999.0 -9999.0 -9999.0 -9999.0 -9999.0 -9999.0 -9999.0 -9999.0 -9999.0 -9999.0 -9999.0 -9999.0 -9999.0 -9999.0 -9999.0 -0.101476 0.000931 -1.029409 -0.031149 -0.666782 -0.031712 -9999.0 -9999.0 -9999.0 -9999.0 -9999.0 -9999.0 -9999.0 -9999.0 -9999.0 -9999.0 -9999.0 -9999.0 -9999.0 -9999.0 -9999.0 -9999.0 -9999.0 -9999.0 -9999.0 -9999.0 -9999.0 -9999.0 -9999.0 -9999.0 -9999.0 -9999.0 -9999.0 -9999.0 -9999.0 -9999.0
-9999.0 -9999.0 -9999.0 -9999.0 -9999.0 -9999.0 -9999.0 -9999.0 -9999.0 -9999.0 -9999.0 -9999.0 -9999.0 -9999.0 -9999.0 -9999.0 -9999.0 -9999.0 -9999.0 -9999.0 -9999.0 -9999.0 -9999.0 -9999.0 0.034966 0.060300 0.088895 0.061574 0.016050 -0.002200 -0.003451 -9999.0 -9999.0 -9999.0 -9999.0 -9999.0 -9999.0 -9999.0 -9999.0 -9999.0 -9999.0 -9999.0 -9999.0 -9999.0 -9999.0 -9999.0 -9999.0 -9999.0 -9999.0 -9999.0 -9999.0 -9999.0 -9999.0 -9999.0 -9999.0 -9999.0 -9999.0 -9999.0 -9999.0 -9999.0 -9999.0 -9999.0 -9999.0
-9999.0 -9999.0 -9999.0 -9999.0 -9999.0 -9999.0 -9999.0 -9999.0 -9999.0 -9999.0 -9999.0 -9999.0 -9999.0 -9999.0 -9999.0 -9999.0 -9999.0 -9999.0 -9999.0 -9999.0 -9999.0 -9999.0 -9999.0 0.057763 0.143185 1.115484 1.139690 1.260367 0.103502 0.050501 -0.002468 -0.004995 -9999.0 -9999.0 -9999.0 -9999.0 -9999.0 -9999.0 -9999.0 -9999.0 -9999.0 -9999.0 -9999.0 -9999.0 -9999.0 -9999.0 -9999.0 -9999.0 -9999.0 -9999.0 -9999.0 -9999.0 -9999.0 -9999.0 -9999.0 -9999.0 -9999.0 -9999.0 -9999.0 -9999.0 -9999.0 -9999.0 -9999.0
-9999.0 -9999.0 -9999.0 -9999.0 -9999.0 -9999.0 -9999.0 -9999.0 -9999.0 -9999.0 -9999.0 -9999.0 -9999.0 -9999.0 -9999.0 -9999.0 -9999.0 -9999.0 1.368103 0.122020 -9999.0 0.058374 0.120016 0.513532 0.688637 1.712700 0.957112 0.872975 1.220234 0.217965 0.023495 -0.002685 -2.218580 -4.570857 -9999.0 -9999.0 -9999.0 -9999.0 -9999.0 -9999.0 -9999.0 -9999.0 -9999.0 -9999.0 -9999.0 -9999.0 -9999.0 -9999.0 -9999.0 -9999.0 -9999.0 -9999.0 -9999.0 -9999.0 -9999.0 -9999.0 -9999.0 -9999.0 -9999.0 -9999.0 -9999.0 -9999.0 -9999.0
-9999.0 -9999.0 -9999.0 -9999.0 -9999.0 -9999.0 -9999.0 -9999.0 -9999.0 -9999.0 -9999.0 -9999.0 -9999.0 -9999.0 -9999.0 -9999.0 -9999.0 4.498957 2.251719 1.586100 -0.002291 0.204471 0.203700 0.105981 1.539050 0.093882 0.050132 0.042174 0.031121 0.208307 0.082798 -0.002477 -0.021146 -2.061746 -4.266037 -6.106966 -9999.0 -9999.0 -9999.0 -9999.0 -9999.0 -9999.0 -9999.0 -9999.0 -9999.0 -9999.0 -9999.0 -9999.0 -9999.0 -9999.0 -9999.0 -9999.0 -9999.0 -9999.0 -9999.0 -9999.0 -9999.0 -9999.0 -9999.0 -9999.0 -9999.0 -9999.0 -9999.0
-9999.0 -9999.0 -9999.0 -9999.0 -9999.0 -9999.0 -9999.0 -9999.0 -9999.0 -9999.0 -9999.0 -9999.0 -9999.0 0.066202 0.358249 2.097928 3.956770 4.963880 4.084855 0.939436 0.734771 0.597095 0.749581 1.197153 0.076870 0.050657 -0.004091 -0.007008 0.060310 0.096200 0.079431 0.008671 -0.004739 -0.094713 -3.723594 -5.667596 -9999.0 -9999.0 -9999.0 -9999.0 -9999.0 -9999.0 -9999.0 -9999.0 -9999.0 -9999.0 -9999.0 -9999.0 -9999.0 -9999.0 -9999.0 -9999.0 -9999.0 -9999.0 -9999.0 -9999.0 -9999.0 -9999.0 -9999.0 -9999.0 -9999.0 -9999.0 -9999.0
-9999.0 -9999.0 -9999.0 -9999.0 -9999.0 -9999.0 -9999.0 -9999.0 -9999.0 -9999.0 -9999.0 -9999.0 -9999.0 0.249782 1.725974 2.765930 3.060255 4.205772 5.028891 2.492842 2.508488 1.499043 1.074816 0.115935 0.097453 0.029465 0.003059 -2.247387 -2.500628 -0.002986 -0.002079 -0.006623 -3.735058 -7.415254 -5.676402 -9999.0 -9999.0 -9999.0 -9999.0 -9999.0 -9999.0 -9999.0 -9999.0 -9999.0 -9999.0 -9999.0 -9999.0 -9999.0 -9999.0 -9999.0 -9999.0 -9999.0 -9999.0 -9999.0 -9999.0 -9999.0 -9999.0 -9999.0 -9999.0 -9999.0 -9999.0 -9999.0 -9999.0
-9999.0 -9999.0 -9999.0 -9999.0 -9999.0 -9999.0 -9999.0 -9999.0 -9999.0 -9999.0 -9999.0 -9999.0 -9999.0 1.400476 1.750431 2.658890 2.393465 3.284424 5.297790 3.776221 1.952994 0.287294 0.038520 0.046900 0.205661 0.065619 -0.007956 -3.096497 -0.003722 -6.586351 -0.881225 -7.255279 -7.676134 -5.167614 -6.974313 -9999.0 -9999.0 -9999.0 -9999.0 -9999.0 -9999.0 -9999.0 -9999.0 -9999.0 -9999.0 -9999.0 -9999.0 -9999.0 -9999.0 -9999.0 -9999.0 -9999.0 -9999.0 -9999.0 -9999.0 -9999.0 -9999.0 -9999.0 -9999.0 -9999.0 -9999.0 -9999.0 -9999.0
-9999.0 -9999.0 -9999.0 -9999.0 -9999.0 -9999.0 -9999.0 -9999.0 -9999.0 -9999.0 -9999.0 -9999.0 0.239105 1.230940 1.927751 0.378020 0.700468 2.628328 4.892549 2.798065 0.735518 0.098718 0.020102 0.059103 0.174951 -0.002239 0.002161 -0.003172 -0.003467 -4.451818 -4.838144 -3.452093 -1.875807 -6.120790 -9999.0 -9999.0 -9999.0 -9999.0 -9999.0 -9999.0 -9999.0 -9999.0 -9999.0 -9999.0 -9999.0 -9999.0 -9999.0 -9999.0 -9999.0 -9999.0 -9999.0 -9999.0 -9999.0 -9999.0 -9999.0 -9999.0 -9999.0 -9999.0 -9999.0 -9999.0 -9999.0 -9999.0 -9999.0
-9999.0 -9999.0 -9999.0 -9999.0 -9999.0 -9999.0 -9999.0 -9999.0 -9999.0 -9999.0 -9999.0 0.040634 0.445567 1.357423 0.973603 0.289302 1.374300 2.507079 5.285544 2.128640 0.949994 0.645163 0.025753 0.001254 -0.002947 -0.002945 -3.415281 -0.002467 0.011046 -5.312230 -3.545066 -0.003332 -3.298774 -4.448119 -4.248163 -3.017703 -0.005193 -0.003519 -0.003620 -9999.0 -9999.0 -9999.0 -4.463586 -9999.0 -9999.0 -9999.0 -9999.0 -9999.0 -9999.0 -9999.0 -9999.0 -9999.0 -9999.0 -9999.0 -9999.0 -9999.0 -9999.0 -9999.0 -9999.0 -9999.0 -9999.0 -9999.0 -9999.0
-9999.0 -9999.0 -9999.0 -9999.0 -9999.0 -9999.0 -9999.0 -9999.0 -9999.0 -9999.0 -9999.0 0.026675 0.907563 1.270773 2.066435 0.016770 3.234932 3.034368 5.378230 3.807415 2.071955 0.169596 0.036377 0.003150 -0.002255 -0.002469 -0.002149 -0.002966 -0.702982 -4.594612 -0.005398 -0.001978 -0.003670 -1.662002 -0.294696 -0.009024 0.040180 0.052957 -0.002869 -2.950912 -2.923011 -4.051721 -0.008970 -2.454936 -9999.0 -9999.0 -9999.0 -0.000117 -1.888253 -4.042737 -0.047053 -4.620771 -5.173869 0.021644 -0.000749 -5.874562 -9999.0 -9999.0 -9999.0 -9999.0 -9999.0 -9999.0 -9999.0
-9999.0 -9999.0 -9999.0 -9999.0 -9999.0 -9999.0 -9999.0 -9999.0 -9999.0 -9999.0 -9999.0 0.022948 0.029520 0.020144 0.435166 0.173965 0.197465 2.238606 3.581880 4.216863 1.712378 0.073862 0.037814 0.022849 -0.002653 -0.014416 0.013356 -0.001072 -1.739658 -0.043383 -2.324313 -0.029430 -0.002797 -0.009297 -2.831989 -0.004515 -0.002312 -0.004459 0.245876 -0.023657 -0.002664 -0.011522 -0.004538 -0.002357 -0.008124 -9999.0 -6.037863 -1.235823 -0.004956 -0.003399 -0.003603 -0.115472 -0.005071 -0.003201 -1.661217 -0.022291 -9999.0 -9999.0 -9999.0 -9999.0 -9999.0 -9999.0 -9999.0
-9999.0 -9999.0 -9999.0 -9999.0 -9999.0 -9999.0 -9999.0 -9999.0 -9999.0 -9999.0 -9999.0 -9999.0 0.019579 0.028149 0.218804 0.205609 0.043058 1.667597 3.970647 4.205792 1.079176 0.049406 -0.002558 0.010654 0.004572 0.018661 0.192102 -0.003981 -0.005656 -2.408449 -0.002419 -0.002119 -0.002818 -0.005709 -0.031621 -0.004458 0.006747 0.299843 1.736950 -0.002361 0.195598 -0.003099 -0.006752 0.034726 -1.639791 -0.009846 -3.965415 -0.015767 -1.992405 0.002213 0.287218 -0.001962 0.129953 0.001532 -0.004351 -0.004925 -0.002562 -9999.0 -9999.0 -9999.0 -9999.0 -9999.0 -9999.0
-9999.0 -9999.0 -9999.0 -9999.0 -9999.0 -9999.0 -9999.0 -9999.0 -9999.0 -9999.0 -9999.0 0.030602 0.006552 0.018406 0.021331 0.026535 0.112579 0.908440 3.377609 3.525158 1.281460 0.046828 0.048557 -0.002168 0.030650 0.022640 0.035455 -0.003971 -0.003022 -0.020014 0.008690 0.011466 0.010358 -0.005078 -1.620570 -0.016621 -0.003821 -0.002481 1.015014 0.583655 -0.002580 0.176098 0.032306 -0.003574 0.113535 -0.002708 -0.004583 -0.198922 -0.008591 0.055238 -2.238763 -0.004946 -0.016832 -5.057600 -5.737943 -3.443389 -4.279357 -9999.0 -9999.0 -9999.0 -9999.0 -9999.0 -9999.0
-9999.0 -9999.0 -9999.0 -9999.0 -9999.0 -9999.0 -9999.0 -9999.0 -9999.0 -9999.0 0.199509 0.006857 0.077124 0.066703 0.175656 0.139306 0.077847 0.069740 2.605512 3.235225 2.673945 1.284725 0.020614 0.199911 0.126514 0.133346 -0.003425 -3.061901 -0.002088 0.034922 0.030809 0.004774 -0.000863 -0.008882 -5.742426 -2.376295 -0.002092 -0.002769 0.003647 0.074422 0.060017 0.445127 1.582821 0.440938 0.038533 -0.007965 -0.002119 -0.005716 0.031709 0.041752 -3.162072 -4.621408 -6.436642 -5.545534 -7.484691 -0.018953 -0.021156 -9999.0 -9999.0 -9999.0 -9999.0 -9999.0 -9999.0
-9999.0 -9999.0 -9999.0 -9999.0 -9999.0 -9999.0 -9999.0 -9999.0 -9999.0 -0.002528 0.047218 0.030249 0.030296 0.045803 0.079869 0.013791 0.045662 0.501086 2.194375 3.740079 3.122988 0.146490 0.081889 0.255790 0.283190 -1.018767 0.009927 0.055510 0.048131 0.085886 0.049524 -1.745148 -2.211146 -7.016337 -4.021585 -2.616567 -0.003239 -0.003434 -0.000527 0.010990 0.001314 0.035276 0.017915 0.937852 0.333551 0.085999 0.217856 0.057496 0.052485 0.501942 -1.309142 -4.129759 -6.291120 -6.884929 -5.155047 -3.391619 -0.003745 -1.692118 -3.990546 -9999.0 -9999.0 -9999.0 -9999.0
-9999.0 -9999.0 -9999.0 -9999.0 -9999.0 -9999.0 -9999.0 -9999.0 -9999.0 -0.242338 -0.009032 0.001982 0.610244 0.081818 0.086227 0.052465 0.199176 0.208773 2.720028 4.395804 4.008584 2.400324 1.418194 0.201995 -0.060089 0.028715 0.084473 0.144982 0.073996 0.183029 0.049665 -2.292514 -0.006349 -0.007508 -0.007372 -0.275586 -0.039387 -0.006854 -0.002560 -0.002016 0.012918 -0.002453 0.074397 0.083165 1.768848 1.192036 0.759701 0.079038 0.041138 0.060366 -2.884023 -3.741239 -6.462271 -4.995878 -4.837457 -0.001180 -1.283211 -0.002174 -0.011260 -9999.0 -9999.0 -9999.0 -9999.0
-9999.0 -9999.0 -9999.0 -9999.0 -9999.0 -9999.0 -9999.0 -9999.0 -9999.0 -9999.0 -0.002853 -0.002083 0.011607 0.361643 0.117359 0.100331 0.119428 0.847467 3.384851 4.252263 3.543073 1.246446 0.076411 0.022639 0.043826 0.138383 0.051043 0.202596 0.058655 -0.001451 -1.892339 0.017770 -1.141249 -0.011035 -0.002807 0.007804 0.126040 0.075204 -0.026863 -0.005060 -0.003830 0.031388 0.141401 0.031263 0.027895 0.080573 0.323902 1.904107 1.710826 0.057909 -1.992734 -2.254004 -5.040362 -6.343632 -3.661750 -2.425506 -0.001753 0.082250 -0.002291 0.157217 -9999.0 -9999.0 -9999.0
-9999.0 -9999.0 -9999.0 -9999.0 -9999.0 -9999.0 -9999.0 -9999.0 -9999.0 -9999.0 -0.007793 -0.002181 0.026044 0.018040 2.028028 0.108479 0.103924 1.758584 4.034431 4.810752 2.798650 0.370248 0.084948 0.097936 0.122001 0.304399 0.959552 0.030535 -0.113826 -0.024220 -0.003510 0.004455 -3.475932 -0.013462 -0.002685 0.004202 0.022270 0.023966 -0.009972 -0.004324 -0.003148 -0.004819 -0.000152 0.001793 0.062645 -0.198428 0.048091 0.015608 1.382031 1.446940 0.017422 -0.011355 -0.012072 -4.944639 -6.669429 -5.567411 -0.050763 0.031384 0.729941 1.758340 -9999.0 -9999.0 -9999.0
-9999.0 -9999.0 -9999.0 -9999.0 -9999.0 -9999.0 -9999.0 -9999.0 0.021192 -0.002067 -0.006660 0.001119 0.001580 0.002535 -0.009600 1.706049 1.687926 3.231009 5.062671 5.187974 4.624002 2.711737 1.746887 0.138138 0.227942 1.435100 1.178483 0.000239 -0.002137 -2.871293 -6.002290 -0.007248 -0.003100 -0.005517 -0.005412 -0.002581 0.036589 0.043732 -2.408522 -1.320213 -0.888262 0.003038 -2.378745 -1.890300 -0.003486 0.067618 -2.180406 0.031168 0.009812 2.644689 0.038562 -2.231574 -0.003689 -5.115945 -5.114098 -0.008218 -0.844066 0.202901 0.045190 2.673417 -9999.0 -9999.0 -9999.0
-9999.0 -9999.0 -9999.0 -9999.0 -9999.0 -9999.0 -9999.0 -9999.0 -0.011810 -0.002087 -0.024420 -0.004507 -0.002087 0.010606 0.015860 0.053090 0.789259 1.311421 4.183148 5.601549 6.505360 5.725205 3.809450 2.191261 2.142733 2.099594 0.201454 0.025261 -2.470825 -0.003376 -0.005869 -0.139400 -0.004289 -0.208910 0.002469 0.016865 0.086359 0.030701 0.020869 0.002459 -0.003012 -2.957531 -1.281613 0.004770 0.071523 0.004612 -2.530894 -0.002026 0.036962 0.839746 1.406259 0.044935 -3.358663 -0.004812 -0.002212 -0.014459 0.064994 0.027525 1.918404 5.408870 6.272838 -9999.0 -9999.0
-9999.0 -9999.0 -9999.0 -9999.0 -9999.0 -9999.0 -9999.0 -9999.0 -0.003017 0.008544 -0.002180 -0.312193 0.008433 -0.922791 0.030466 0.013927 0.076611 1.177961 4.535731 6.575104 6.027013 6.563059 5.212252 4.304064 4.084377 1.913746 0.116222 0.004244 -2.475436 -0.002421 -0.014669 0.024846 -0.002063 -0.006964 0.010821 0.137020 0.034099 1.270656 0.007202 -0.003301 -0.002221 -0.023020 0.006332 0.014684 0.000299 0.003455 -0.935121 0.006452 0.006412 0.053988 2.049277 0.035732 -2.363624 -3.200042 0.048763 0.016694 0.126785 1.816231 3.845880 5.069513 5.873108 -9999.0 -9999.0
-9999.0 -9999.0 -9999.0 -9999.0 -9999.0 -9999.0 -9999.0 -9999.0 -3.943694 -0.000709 0.071615 -2.655074 0.001762 0.009349 -0.416331 0.059119 2.721518 4.243440 4.257719 5.379714 5.537720 6.113152 6.598595 6.282759 2.955618 0.442354 0.061616 -1.647513 0.104185 -0.004707 0.025711 -0.004013 -0.002839 0.088171 -0.002420 0.112481 0.509780 2.495987 0.088382 0.031890 0.020970 0.029632 0.012517 -0.003416 0.024733 -0.010407 -0.002055 -0.005787 0.009973 0.056025 0.022972 1.543407 0.051935 0.316340 0.303201 1.026350 2.438390 4.019217 5.209371 5.670213 4.093617 1.955706 -9999.0
-9999.0 -9999.0 -9999.0 -9999.0 -9999.0 -9999.0 -9999.0 -9999.0 -0.002991 0.003541 0.042516 -1.381259 -1.968659 -0.001844 0.441517 1.653255 3.030928 1.542648 0.161584 1.663490 4.109490 5.698320 5.844192 5.551131 2.687800 0.133821 0.019620 0.124773 0.186633 0.124001 0.029068 0.093162 0.661573 0.200325 0.119302 0.281219 1.480184 4.120008 3.420236 1.211975 0.137885 0.102971 0.113909 0.091443 0.035391 0.106408 0.056735 -0.002328 0.087612 0.039114 0.862344 1.140333 1.310227 1.300233 1.975522 3.210902 4.040359 4.654154 4.584432 3.657200 2.620579 1.089458 -9999.0
-9999.0 -9999.0 -0.002525 0.022595 -0.001262 0.018269 -0.002002 -0.004349 -0.000155 0.000144 0.003800 0.141963 -0.000235 0.254779 1.639243 2.086607 0.010983 0.009498 0.037986 0.095078 1.608327 4.173635 5.022098 5.998050 3.967252 1.090393 0.120619 0.124433 1.275009 0.737883 0.093681 0.113622 2.777488 1.719118 2.615741 3.132624 4.772284 6.057387 4.988335 2.968010 2.589276 2.577326 2.294007 1.467556 0.070304 0.130532 0.498116 0.704111 1.567848 2.596707 3.385643 4.458666 3.766956 3.385754 3.272245 4.421835 3.353046 3.197820 1.935121 2.104072 1.254802 0.444630 -9999.0
-9999.0 0.040977 0.005528 0.007957 0.012431 0.000734 -0.001997 -0.002552 -0.004698 -0.005724 -0.000480 -0.001206 0.686494 1.782023 1.856178 -0.001312 0.011100 0.005975 0.145707 0.096035 1.540845 2.698159 4.003654 4.120300 4.733250 3.328532 3.082868 3.228851 3.018139 2.432233 2.047702 1.477702 2.232160 4.604174 5.206100 6.761621 7.860192 9.054701 8.080167 6.894296 5.871376 5.562429 4.711509 2.951649 1.992529 2.647324 4.129967 4.208136 4.673005 4.421277 4.732877 4.117806 3.087852 2.529127 2.478775 1.410480 0.609450 0.933232 0.568169 0.338053 0.060803 0.267075 -9999.0
-9999.0 0.049719 0.016343 0.042911 0.996678 0.010872 -0.880942 -0.002042 0.004552 -0.008087 0.002307 0.000140 0.092670 1.918847 0.016951 -1.614445 -0.011119 0.005543 0.007772 0.021268 0.453280 1.019608 1.420429 1.377375 4.655813 5.800901 5.269499 5.749632 5.301297 4.782282 5.715737 5.156130 4.471495 5.578159 7.235590 8.591884 11.051145 12.546941 10.387211 9.790603 8.951225 8.153032 6.608728 6.958694 7.498874 6.647469 6.772144 6.431204 5.820468 5.307172 3.222514 1.164905 0.728319 0.868888 0.484376 0.026731 0.002530 0.037228 0.014258 0.032248 0.028987 -9999.0 -9999.0
