erum2020/resources/simulation/Vinschgau/output-maps/TsL0007N0194.asc
ncols         63
nrows         48
xllcorner     598000.000000
yllcorner     5145000.000000
cellsize      1000.000000
NODATA_value  -9999.0
[rows 0 to 27 of 48, columns 0 to 61 of 63]
-9999.0 -9999.0 -9999.0 -9999.0 -9999.0 -9999.0 -9999.0 -9999.0 -9999.0 -9999.0 -9999.0 -9999.0 -9999.0 -9999.0 -9999.0 -9999.0 -9999.0 -9999.0 -9999.0 -9999.0 -9999.0 -9999.0 -9999.0 -9999.0 -9999.0 -9999.0 -9999.0 -9999.0 -9999.0 -9999.0 -9999.0 -9999.0 -9999.0 -9999.0 -9999.0 -9999.0 -9999.0 -9999.0 -9999.0 -9999.0 -9999.0 -9999.0 -9999.0 -9999.0 -9999.0 -9999.0 -9999.0 -9999.0 -9999.0 -9999.0 -9999.0 -9999.0 -9999.0 -9999.0 -9999.0 -9999.0 -9999.0 -9999.0 -9999.0 -9999.0 -9999.0 -9999.0
-9999.0 -9999.0 -9999.0 -9999.0 -9999.0 -9999.0 -9999.0 -9999.0 -9999.0 -9999.0 -9999.0 -9999.0 -9999.0 -9999.0 -9999.0 -9999.0 -9999.0 -9999.0 -9999.0 -9999.0 -9999.0 -9999.0 -9999.0 -9999.0 -9999.0 -9999.0 -9999.0 -3.845568 -4.057660 -4.856118 -4.947461 -5.841542 -6.009199 -9999.0 -9999.0 -9999.0 -9999.0 -9999.0 -9999.0 -9999.0 -9999.0 -9999.0 -9999.0 -9999.0 -9999.0 -9999.0 -9999.0 -9999.0 -9999.0 -9999.0 -9999.0 -9999.0 -9999.0 -9999.0 -9999.0 -9999.0 -9999.0 -9999.0 -9999.0 -9999.0 -9999.0 -9999.0
-9999.0 -9999.0 -9999.0 -9999.0 -9999.0 -9999.0 -9999.0 -9999.0 -9999.0 -9999.0 -9999.0 -9999.0 -9999.0 -9999.0 -9999.0 -9999.0 -9999.0 -9999.0 -9999.0 -9999.0 -9999.0 -9999.0 -9999.0 -9999.0 -0.668131 -3.020505 -3.946039 -4.279280 -3.742617 -4.582074 -4.387048 -9999.0 -9999.0 -9999.0 -9999.0 -9999.0 -9999.0 -9999.0 -9999.0 -9999.0 -9999.0 -9999.0 -9999.0 -9999.0 -9999.0 -9999.0 -9999.0 -9999.0 -9999.0 -9999.0 -9999.0 -9999.0 -9999.0 -9999.0 -9999.0 -9999.0 -9999.0 -9999.0 -9999.0 -9999.0 -9999.0 -9999.0
-9999.0 -9999.0 -9999.0 -9999.0 -9999.0 -9999.0 -9999.0 -9999.0 -9999.0 -9999.0 -9999.0 -9999.0 -9999.0 -9999.0 -9999.0 -9999.0 -9999.0 -9999.0 -9999.0 -9999.0 -9999.0 -9999.0 -9999.0 -2.418325 -1.969983 -0.005606 -0.008639 -0.860344 -2.475710 -5.360980 -5.081335 -3.478787 -9999.0 -9999.0 -9999.0 -9999.0 -9999.0 -9999.0 -9999.0 -9999.0 -9999.0 -9999.0 -9999.0 -9999.0 -9999.0 -9999.0 -9999.0 -9999.0 -9999.0 -9999.0 -9999.0 -9999.0 -9999.0 -9999.0 -9999.0 -9999.0 -9999.0 -9999.0 -9999.0 -9999.0 -9999.0 -9999.0
-9999.0 -9999.0 -9999.0 -9999.0 -9999.0 -9999.0 -9999.0 -9999.0 -9999.0 -9999.0 -9999.0 -9999.0 -9999.0 -9999.0 -9999.0 -9999.0 -9999.0 -9999.0 -0.003373 -0.180145 -9999.0 -1.221865 -1.085775 -0.025507 -0.002490 -6.884664 -1.152691 -1.144169 -0.010843 -1.834604 -5.495869 -4.693753 -5.869192 -6.580310 -9999.0 -9999.0 -9999.0 -9999.0 -9999.0 -9999.0 -9999.0 -9999.0 -9999.0 -9999.0 -9999.0 -9999.0 -9999.0 -9999.0 -9999.0 -9999.0 -9999.0 -9999.0 -9999.0 -9999.0 -9999.0 -9999.0 -9999.0 -9999.0 -9999.0 -9999.0 -9999.0 -9999.0
-9999.0 -9999.0 -9999.0 -9999.0 -9999.0 -9999.0 -9999.0 -9999.0 -9999.0 -9999.0 -9999.0 -9999.0 -9999.0 -9999.0 -9999.0 -9999.0 -9999.0 -0.784893 -6.257294 -3.865153 -3.244498 -0.572984 -0.579904 -3.426113 -0.012349 -3.965959 -2.815137 -0.866486 -3.355680 -1.111386 -2.442695 -5.379700 -5.717203 -6.273985 -5.488112 -6.968651 -9999.0 -9999.0 -9999.0 -9999.0 -9999.0 -9999.0 -9999.0 -9999.0 -9999.0 -9999.0 -9999.0 -9999.0 -9999.0 -9999.0 -9999.0 -9999.0 -9999.0 -9999.0 -9999.0 -9999.0 -9999.0 -9999.0 -9999.0 -9999.0 -9999.0 -9999.0
-9999.0 -9999.0 -9999.0 -9999.0 -9999.0 -9999.0 -9999.0 -9999.0 -9999.0 -9999.0 -9999.0 -9999.0 -9999.0 -2.209464 -0.737297 -2.897423 -2.591362 -4.433819 -2.116138 -1.591231 -2.402006 -0.007841 -4.912021 -2.634552 -4.326246 -3.497665 -4.483981 -3.244789 -3.914009 -1.646662 -2.148182 -4.030027 -4.928396 -7.018061 -7.435869 -7.637048 -9999.0 -9999.0 -9999.0 -9999.0 -9999.0 -9999.0 -9999.0 -9999.0 -9999.0 -9999.0 -9999.0 -9999.0 -9999.0 -9999.0 -9999.0 -9999.0 -9999.0 -9999.0 -9999.0 -9999.0 -9999.0 -9999.0 -9999.0 -9999.0 -9999.0 -9999.0
-9999.0 -9999.0 -9999.0 -9999.0 -9999.0 -9999.0 -9999.0 -9999.0 -9999.0 -9999.0 -9999.0 -9999.0 -9999.0 -0.528766 -0.002404 -1.110088 -1.215737 -0.005400 -4.844290 -6.343232 -6.696067 -4.170232 -1.192150 -2.484481 -1.729926 -3.092943 -4.410966 -6.025844 -6.333607 -4.389067 -2.742782 -6.761919 -7.410055 -8.008947 -8.005140 -9999.0 -9999.0 -9999.0 -9999.0 -9999.0 -9999.0 -9999.0 -9999.0 -9999.0 -9999.0 -9999.0 -9999.0 -9999.0 -9999.0 -9999.0 -9999.0 -9999.0 -9999.0 -9999.0 -9999.0 -9999.0 -9999.0 -9999.0 -9999.0 -9999.0 -9999.0 -9999.0
-9999.0 -9999.0 -9999.0 -9999.0 -9999.0 -9999.0 -9999.0 -9999.0 -9999.0 -9999.0 -9999.0 -9999.0 -9999.0 -0.693452 -0.002750 -0.004728 -0.822496 -2.311894 -4.837926 -3.522445 -0.981027 -4.583602 -2.165145 -1.780643 -0.578399 -0.546649 -4.316620 -6.210927 -4.526946 -6.954152 -6.483690 -7.899767 -7.870061 -8.429882 -8.232045 -9999.0 -9999.0 -9999.0 -9999.0 -9999.0 -9999.0 -9999.0 -9999.0 -9999.0 -9999.0 -9999.0 -9999.0 -9999.0 -9999.0 -9999.0 -9999.0 -9999.0 -9999.0 -9999.0 -9999.0 -9999.0 -9999.0 -9999.0 -9999.0 -9999.0 -9999.0 -9999.0
-9999.0 -9999.0 -9999.0 -9999.0 -9999.0 -9999.0 -9999.0 -9999.0 -9999.0 -9999.0 -9999.0 -9999.0 -0.623173 -0.002451 -0.002489 -3.278064 -0.011179 -1.999128 -0.007126 -5.150107 -0.886311 -2.653058 -2.861829 -1.348604 -0.832726 -5.595878 -1.438562 -3.403463 -4.600677 -6.415099 -6.773540 -5.556994 -6.337250 -7.575792 -9999.0 -9999.0 -9999.0 -9999.0 -9999.0 -9999.0 -9999.0 -9999.0 -9999.0 -9999.0 -9999.0 -9999.0 -9999.0 -9999.0 -9999.0 -9999.0 -9999.0 -9999.0 -9999.0 -9999.0 -9999.0 -9999.0 -9999.0 -9999.0 -9999.0 -9999.0 -9999.0 -9999.0
-9999.0 -9999.0 -9999.0 -9999.0 -9999.0 -9999.0 -9999.0 -9999.0 -9999.0 -9999.0 -9999.0 -0.504407 -1.057884 -0.005653 -2.580357 -2.260300 -4.487254 -1.765773 -0.010500 -4.957891 -4.362246 -0.009698 -2.731733 -4.420120 -2.971931 -3.289092 -5.909193 -3.163084 -3.564343 -6.972356 -4.776425 -5.639947 -6.179184 -8.060616 -8.361038 -9.763326 -11.333883 -12.537427 -12.335226 -9999.0 -9999.0 -9999.0 -8.394883 -9999.0 -9999.0 -9999.0 -9999.0 -9999.0 -9999.0 -9999.0 -9999.0 -9999.0 -9999.0 -9999.0 -9999.0 -9999.0 -9999.0 -9999.0 -9999.0 -9999.0 -9999.0 -9999.0
-9999.0 -9999.0 -9999.0 -9999.0 -9999.0 -9999.0 -9999.0 -9999.0 -9999.0 -9999.0 -9999.0 -1.826259 -0.694364 -0.743882 -0.593050 -3.439966 -0.770556 -2.934287 -0.011285 -0.006640 -0.004810 -0.515628 -1.677459 -2.723713 -2.714938 -4.162757 -3.685162 -3.793007 -4.051057 -6.241734 -5.153925 -5.959141 -7.324115 -6.512604 -8.772734 -10.130991 -11.729452 -7.230376 -8.369344 -14.089155 -13.292219 -10.779163 -8.805679 -7.235802 -9999.0 -9999.0 -9999.0 -0.006766 -0.473095 -0.794686 -0.399727 -0.416173 -0.476228 -0.004735 -0.004570 -0.468554 -9999.0 -9999.0 -9999.0 -9999.0 -9999.0 -9999.0
-9999.0 -9999.0 -9999.0 -9999.0 -9999.0 -9999.0 -9999.0 -9999.0 -9999.0 -9999.0 -9999.0 -1.358243 -1.732521 -3.983370 -0.692115 -3.294801 -0.866407 -2.466093 -3.626634 -0.014662 -0.013043 -0.855289 -0.601743 -1.826678 -4.703298 -4.323980 -2.635351 -3.822779 -5.462939 -4.583422 -6.252900 -5.781336 -6.411282 -7.596740 -9.284733 -11.684830 -6.544632 -5.588799 -5.749655 -9.247669 -12.305529 -11.686159 -8.570078 -7.629509 -4.720798 -9999.0 -4.101165 -0.515343 -0.392383 -0.358753 -0.112643 -0.653087 -0.009605 -0.001036 -0.002507 -0.002072 -9999.0 -9999.0 -9999.0 -9999.0 -9999.0 -9999.0
-9999.0 -9999.0 -9999.0 -9999.0 -9999.0 -9999.0 -9999.0 -9999.0 -9999.0 -9999.0 -9999.0 -9999.0 -1.105594 -0.699001 -0.407967 -0.494524 -1.913791 -2.489908 -0.014935 -0.108090 -2.621046 -0.607881 -0.293880 -0.520459 -3.707855 -1.793654 -0.002964 -5.042223 -4.401320 -4.333965 -4.234547 -5.538440 -6.306639 -6.955589 -8.791583 -10.952890 -7.585082 -5.941634 -4.560441 -7.825873 -10.825932 -10.299150 -8.915357 -4.222467 -6.365663 -2.841631 -2.663276 -0.623709 -1.427755 -2.219776 -0.773032 -0.456308 -0.006730 -0.008180 -0.471622 -0.482200 -0.006628 -9999.0 -9999.0 -9999.0 -9999.0 -9999.0
-9999.0 -9999.0 -9999.0 -9999.0 -9999.0 -9999.0 -9999.0 -9999.0 -9999.0 -9999.0 -9999.0 -0.583040 -2.291143 -2.658692 -0.395570 -0.338014 -0.748893 -3.074238 -1.412619 -0.058186 -3.966584 -0.035881 -0.663627 -3.045050 -1.268971 -0.270825 -0.789707 -5.014065 -3.878356 -4.545519 -4.294839 -4.727133 -4.922167 -6.673195 -9.150987 -10.493594 -13.033629 -6.784176 -4.405297 -4.695619 -8.737070 -6.207445 -7.290021 -7.463979 -2.992559 -2.893976 -1.355654 -2.950937 -1.377028 -4.585171 -3.178963 -2.803697 -1.187391 -3.871020 -2.946509 -3.671175 -0.471912 -9999.0 -9999.0 -9999.0 -9999.0 -9999.0
-9999.0 -9999.0 -9999.0 -9999.0 -9999.0 -9999.0 -9999.0 -9999.0 -9999.0 -9999.0 -0.043944 -0.468167 -0.397259 -1.911043 -0.005665 -0.308977 -2.728242 -1.330617 -1.964833 -2.348609 -0.006498 -0.006804 -0.663964 -0.003532 -0.703161 -0.821060 -3.780682 -5.467220 -1.990900 -0.340623 -2.311828 -3.688765 -4.719402 -6.708763 -9.121616 -9.570833 -10.920494 -7.167462 -5.424814 -3.531739 -2.926114 -7.045109 -6.927717 -2.329842 -4.510617 -5.770896 -1.002027 -4.001156 -2.121692 -3.069858 -2.719075 -3.707799 -3.532961 -3.897679 -3.473893 -0.002748 -0.002639 -9999.0 -9999.0 -9999.0 -9999.0 -9999.0
-9999.0 -9999.0 -9999.0 -9999.0 -9999.0 -9999.0 -9999.0 -9999.0 -9999.0 -2.679741 -0.354768 -0.507503 -0.101703 -0.456934 -0.011208 -1.996622 -2.024997 -0.004116 -4.370570 -0.056469 -0.039481 -3.350907 -3.390646 -4.042960 -0.907027 -4.074139 -4.058768 -0.270204 -2.423515 -1.846128 -5.633484 -5.307246 -7.118503 -7.746190 -7.579057 -8.571213 -8.033093 -9.119768 -9.050479 -8.862967 -4.894026 -6.430500 -6.372614 -2.486399 -6.864425 -5.672459 -1.927161 -3.577463 -3.045485 -1.703205 -2.663578 -0.574212 -4.180845 -2.602457 -0.528682 -0.429938 -0.004832 -0.365695 -0.467038 -9999.0 -9999.0 -9999.0
-9999.0 -9999.0 -9999.0 -9999.0 -9999.0 -9999.0 -9999.0 -9999.0 -9999.0 -2.903323 -2.430765 -2.465314 -0.003702 -0.091076 -0.293883 -0.372612 -0.002917 -0.793479 -5.132814 -2.140273 -2.283477 -3.251333 -1.028353 -0.752768 -3.615118 -1.886069 -0.574649 -1.762125 -5.853155 -1.018805 -4.117854 -5.645352 -5.203484 -4.520421 -5.959749 -7.454793 -8.274456 -8.087801 -7.737093 -6.184323 -1.881647 -5.912772 -4.664465 -5.925754 -0.196343 -2.482557 -2.941615 -6.299212 -2.049827 -3.552187 -1.955286 -1.102470 -2.472397 -1.720895 -3.351753 -0.012481 -0.015153 -0.006868 -0.212197 -9999.0 -9999.0 -9999.0
-9999.0 -9999.0 -9999.0 -9999.0 -9999.0 -9999.0 -9999.0 -9999.0 -9999.0 -9999.0 -2.392042 -2.390035 -1.495462 -1.681503 -1.365045 -0.207825 -0.081208 -1.917135 -0.081250 -0.221921 -0.008510 -3.459571 -0.649310 -0.634760 -1.940869 -1.676149 -5.780725 -4.657963 -3.305986 -3.497024 -4.209558 -0.866376 -4.994970 -5.403249 -4.769404 -4.291627 -3.755843 -5.591282 -6.851484 -6.587234 -6.814812 -3.337854 -4.076531 -3.271007 -5.388639 -6.775186 -5.090456 -0.015827 -1.550480 -4.908952 -2.317708 -0.809564 -0.491636 -2.208849 -0.553347 -2.243200 -0.497951 -0.051723 -0.065016 -0.003045 -9999.0 -9999.0
-9999.0 -9999.0 -9999.0 -9999.0 -9999.0 -9999.0 -9999.0 -9999.0 -9999.0 -9999.0 -2.446687 -2.394282 -0.790659 -0.547020 -0.005828 -1.491703 -1.281615 -3.394121 -0.144829 -0.048872 -4.936400 -4.884205 -2.486738 -0.675979 -0.864324 -4.340900 -0.585274 -2.748710 -3.198593 -5.328853 -5.114283 -1.584069 -5.370445 -5.290398 -5.289409 -4.302179 -4.732931 -5.343116 -5.812864 -5.052157 -2.818263 -3.192042 -2.114703 -4.392559 -0.658609 -2.203654 -0.587405 -4.292613 -1.740148 -5.399581 -3.954097 -0.438450 -0.384662 -0.500852 -1.375120 -0.494527 -2.166184 -0.009544 -4.415355 -1.994465 -9999.0 -9999.0
-9999.0 -9999.0 -9999.0 -9999.0 -9999.0 -9999.0 -9999.0 -9999.0 -0.162416 -0.425478 -3.141936 -0.787323 -1.604849 -1.765041 -0.538094 -2.807974 -5.375072 -1.100544 -0.034853 -0.032575 -0.106929 -0.075675 -4.607506 -5.309084 -5.083680 -0.240604 -0.014664 -3.119467 -1.831612 -3.923081 -6.442080 -4.714112 -3.869259 -3.403309 -2.061204 -5.751346 -1.689147 -4.521775 -5.510643 -3.507645 -4.645155 -3.430345 -5.021501 -5.434168 -1.973724 -0.554712 -3.494263 -0.527759 -4.073428 -2.443514 -1.164518 -1.300751 -0.400233 -0.571921 -0.486931 -0.003531 -0.351527 -0.002885 -1.790368 -0.405176 -9999.0 -9999.0
-9999.0 -9999.0 -9999.0 -9999.0 -9999.0 -9999.0 -9999.0 -9999.0 -3.134578 -0.234279 -3.430304 -3.913656 -2.765283 -0.621985 -0.508932 -0.844587 -0.905263 -1.019180 -0.094501 -0.014100 -0.036389 -0.047145 -0.256620 -4.440136 -0.161807 -0.141798 -2.649868 -2.580780 -4.731803 -2.351591 -2.199578 -4.055103 -1.577336 -2.697647 -0.520143 -0.555523 -2.304304 -2.876720 -3.814133 -0.796098 -3.742753 -5.771338 -4.768642 -0.511026 -0.566408 -0.512323 -3.872398 -3.047855 -1.677287 -1.429230 -5.105054 -0.577139 -0.470819 -0.001690 -0.517197 -1.300362 -0.055191 -1.253350 -2.746494 -0.002937 -0.003017 -9999.0
-9999.0 -9999.0 -9999.0 -9999.0 -9999.0 -9999.0 -9999.0 -9999.0 -2.901908 -1.712557 -0.225736 -3.360295 -0.818939 -3.893399 -0.072698 -2.002513 -6.196178 -4.826852 -0.036649 -0.044184 -0.007065 -0.045233 -0.054547 -0.067759 -0.054601 -3.997714 -2.192590 -3.054409 -5.802693 -3.506843 -3.731717 -0.255472 -3.582504 -4.218556 -0.486651 -0.071514 -1.111929 -3.886916 -3.207942 -1.983647 -1.448045 -2.001799 -0.498779 -0.798393 -1.349471 -1.819107 -0.584101 -0.004985 -0.536921 -3.270956 -0.055077 -4.363967 -2.093813 -2.227926 -3.837796 -2.752635 -3.350652 -1.893381 -0.221540 -0.017215 -0.002695 -9999.0
-9999.0 -9999.0 -9999.0 -9999.0 -9999.0 -9999.0 -9999.0 -9999.0 -5.201522 -1.722465 -0.005384 -4.241335 -0.004883 -0.006885 -0.687567 -5.706704 -0.203993 -0.061956 -1.556213 -0.035612 -0.041051 -0.004206 -0.005275 -0.032493 -0.030107 -1.034965 -0.611126 -3.303971 -0.057470 -0.298127 -3.086900 -2.736915 -2.215489 -0.379271 -2.831243 -1.364767 -1.648018 -0.988179 -3.459390 -2.752382 -0.519899 -0.411463 -0.413982 -2.921661 -0.451127 -0.702831 -0.396740 -0.898101 -0.397707 -2.450146 -0.852057 -0.197058 -3.914641 -0.009422 -3.189219 -2.499809 -1.130123 -0.058552 -0.003230 -0.002735 -0.064094 -0.002547
-9999.0 -9999.0 -9999.0 -9999.0 -9999.0 -9999.0 -9999.0 -9999.0 -1.771882 -0.495310 -0.006400 -0.050576 -0.464897 -4.099213 -2.516169 -3.097892 -2.392363 -3.941189 -1.003737 -1.281457 -0.122931 -0.005360 -0.005412 -0.046877 -4.093964 -0.005017 -1.382850 -0.071226 -2.257054 -1.454244 -1.859469 -0.026654 -5.148253 -0.611555 -2.902164 -2.248724 -1.192906 -0.806740 -3.288039 -1.400021 -2.931817 -2.284452 -1.099556 -2.323864 -2.772374 -0.417934 -2.189874 -1.136079 -0.842247 -4.676170 -4.884565 -3.458027 -0.640538 -1.857495 -1.560714 -0.425964 -0.005339 -0.004251 -0.063251 -0.293762 -3.958772 -0.001681
-9999.0 -9999.0 -2.256978 -0.413812 -0.476414 -1.431539 -0.451859 -2.064667 -0.595667 -0.492454 -0.529737 -0.015435 -0.752547 -1.230802 -4.356386 -0.018275 -4.149876 -1.716153 -1.009712 -0.903669 -1.295306 -0.044845 -0.006366 -0.044452 -1.273276 -5.367775 -3.170479 -4.617991 -4.684955 -1.752212 -0.285810 -0.007825 -0.006197 -4.271563 -4.498144 -3.514009 -3.869229 -1.843770 -2.482072 -1.098386 -1.605726 -4.025555 -4.586108 -1.345433 -1.061254 -0.591397 -5.016831 -2.861201 -3.781369 -1.574489 -0.933773 -0.064781 -0.005590 -0.008095 -0.009559 -0.659192 -0.927148 -0.885636 -4.328044 -4.347925 -0.001674 -0.001071
-9999.0 -0.381303 -0.284448 -0.311947 -0.382623 -0.449264 -0.516183 -0.921811 -1.195937 -1.771859 -0.511706 -0.004209 -0.004946 -0.001920 -0.002054 -0.606447 -0.822198 -0.680106 -0.016713 -1.066728 -2.703092 -0.189211 -0.083838 -0.018869 -0.061808 -1.822174 -1.782144 -1.015133 -1.012197 -3.214216 -4.191392 -4.801696 -2.919378 -0.684626 -3.035786 -0.154491 -1.059398 -0.458139 -0.093894 -0.721334 -2.807486 -2.251006 -2.841026 -4.381482 -5.401416 -4.622573 -0.082277 -0.146730 -0.254462 -0.058035 -0.005079 -0.007117 -1.111135 -1.202529 -1.204808 -2.117928 -0.005212 -0.004278 -0.001709 -0.002604 -0.000794 -0.000788
-9999.0 -0.520814 -0.299702 -0.018110 -0.004327 -0.427744 -0.904700 -2.372990 -1.015214 -2.524306 -0.705772 -0.006383 -0.712920 -0.000469 -2.898271 -1.082554 -1.562426 -1.929998 -0.005199 -1.029223 -0.002247 -0.686009 -0.058379 -0.103091 -0.085727 -0.037222 -0.014327 -0.005241 -0.005522 -0.040975 -0.037920 -0.094652 -0.397444 -0.064149 -0.066541 -0.060248 -0.013210 -0.003566 -0.029071 -0.062448 -0.061312 -0.061569 -0.323083 -0.055455 -0.053144 -0.036229 -0.004932 -0.003654 -0.003407 -0.004159 -0.074004 -4.838602 -0.006031 -3.837654 -1.599926 -0.003192 -0.015416 -0.008543 -0.007995 -0.004456 -0.003639 -9999.0
