erum2020/resources/simulation/Vinschgau/output-maps/TsL0007N0796.asc
ncols         63
nrows         48
xllcorner     598000.000000
yllcorner     5145000.000000
cellsize      1000.000000
NODATA_value  -9999.0
[rows 0 to 27 of 48, columns 0 to 62 of 63]
-9999.0 -9999.0 -9999.0 -9999.0 -9999.0 -9999.0 -9999.0 -9999.0 -9999.0 -9999.0 -9999.0 -9999.0 -9999.0 -9999.0 -9999.0 -9999.0 -9999.0 -9999.0 -9999.0 -9999.0 -9999.0 -9999.0 -9999.0 -9999.0 -9999.0 -9999.0 -9999.0 -9999.0 -9999.0 -9999.0 -9999.0 -9999.0 -9999.0 -9999.0 -9999.0 -9999.0 -9999.0 -9999.0 -9999.0 -9999.0 -9999.0 -9999.0 -9999.0 -9999.0 -9999.0 -9999.0 -9999.0 -9999.0 -9999.0 -9999.0 -9999.0 -9999.0 -9999.0 -9999.0 -9999.0 -9999.0 -9999.0 -9999.0 -9999.0 -9999.0 -9999.0 -9999.0 -9999.0
-9999.0 -9999.0 -9999.0 -9999.0 -9999.0 -9999.0 -9999.0 -9999.0 -9999.0 -9999.0 -9999.0 -9999.0 -9999.0 -9999.0 -9999.0 -9999.0 -9999.0 -9999.0 -9999.0 -9999.0 -9999.0 -9999.0 -9999.0 -9999.0 -9999.0 -9999.0 -9999.0 -4.214925 -1.712537 -4.430294 -3.665075 -4.470684 -4.874063 -9999.0 -9999.0 -9999.0 -9999.0 -9999.0 -9999.0 -9999.0 -9999.0 -9999.0 -9999.0 -9999.0 -9999.0 -9999.0 -9999.0 -9999.0 -9999.0 -9999.0 -9999.0 -9999.0 -9999.0 -9999.0 -9999.0 -9999.0 -9999.0 -9999.0 -9999.0 -9999.0 -9999.0 -9999.0 -9999.0
-9999.0 -9999.0 -9999.0 -9999.0 -9999.0 -9999.0 -9999.0 -9999.0 -9999.0 -9999.0 -9999.0 -9999.0 -9999.0 -9999.0 -9999.0 -9999.0 -9999.0 -9999.0 -9999.0 -9999.0 -9999.0 -9999.0 -9999.0 -9999.0 -0.001398 -0.000811 -0.000281 -0.000971 -1.851891 -1.970040 -2.498890 -9999.0 -9999.0 -9999.0 -9999.0 -9999.0 -9999.0 -9999.0 -9999.0 -9999.0 -9999.0 -9999.0 -9999.0 -9999.0 -9999.0 -9999.0 -9999.0 -9999.0 -9999.0 -9999.0 -9999.0 -9999.0 -9999.0 -9999.0 -9999.0 -9999.0 -9999.0 -9999.0 -9999.0 -9999.0 -9999.0 -9999.0 -9999.0
-9999.0 -9999.0 -9999.0 -9999.0 -9999.0 -9999.0 -9999.0 -9999.0 -9999.0 -9999.0 -9999.0 -9999.0 -9999.0 -9999.0 -9999.0 -9999.0 -9999.0 -9999.0 -9999.0 -9999.0 -9999.0 -9999.0 -9999.0 -0.000721 0.002384 0.414211 0.673321 0.845586 0.002359 -0.012116 -2.058069 -3.543435 -9999.0 -9999.0 -9999.0 -9999.0 -9999.0 -9999.0 -9999.0 -9999.0 -9999.0 -9999.0 -9999.0 -9999.0 -9999.0 -9999.0 -9999.0 -9999.0 -9999.0 -9999.0 -9999.0 -9999.0 -9999.0 -9999.0 -9999.0 -9999.0 -9999.0 -9999.0 -9999.0 -9999.0 -9999.0 -9999.0 -9999.0
-9999.0 -9999.0 -9999.0 -9999.0 -9999.0 -9999.0 -9999.0 -9999.0 -9999.0 -9999.0 -9999.0 -9999.0 -9999.0 -9999.0 -9999.0 -9999.0 -9999.0 -9999.0 0.377385 -0.000363 -9999.0 -0.000310 0.000467 0.078261 0.318617 1.195906 0.193776 0.165948 0.309036 0.025966 -1.209155 -1.925003 -5.465284 -7.570452 -9999.0 -9999.0 -9999.0 -9999.0 -9999.0 -9999.0 -9999.0 -9999.0 -9999.0 -9999.0 -9999.0 -9999.0 -9999.0 -9999.0 -9999.0 -9999.0 -9999.0 -9999.0 -9999.0 -9999.0 -9999.0 -9999.0 -9999.0 -9999.0 -9999.0 -9999.0 -9999.0 -9999.0 -9999.0
-9999.0 -9999.0 -9999.0 -9999.0 -9999.0 -9999.0 -9999.0 -9999.0 -9999.0 -9999.0 -9999.0 -9999.0 -9999.0 -9999.0 -9999.0 -9999.0 -9999.0 4.101700 2.098734 1.238443 -1.177434 0.026727 0.023658 0.010017 0.369680 0.007829 0.000502 -0.000146 0.000005 0.035731 -0.001057 -2.058741 -3.750859 -4.451473 -6.374812 -7.670855 -9999.0 -9999.0 -9999.0 -9999.0 -9999.0 -9999.0 -9999.0 -9999.0 -9999.0 -9999.0 -9999.0 -9999.0 -9999.0 -9999.0 -9999.0 -9999.0 -9999.0 -9999.0 -9999.0 -9999.0 -9999.0 -9999.0 -9999.0 -9999.0 -9999.0 -9999.0 -9999.0
-9999.0 -9999.0 -9999.0 -9999.0 -9999.0 -9999.0 -9999.0 -9999.0 -9999.0 -9999.0 -9999.0 -9999.0 -9999.0 0.001700 0.052114 1.846990 3.626249 3.891804 3.679866 0.336628 0.242917 0.108563 0.388786 0.265477 0.005840 -0.000295 -0.905247 -0.529179 0.000464 0.007363 -0.000394 -1.406875 -3.563883 -4.880358 -5.717815 -7.819831 -9999.0 -9999.0 -9999.0 -9999.0 -9999.0 -9999.0 -9999.0 -9999.0 -9999.0 -9999.0 -9999.0 -9999.0 -9999.0 -9999.0 -9999.0 -9999.0 -9999.0 -9999.0 -9999.0 -9999.0 -9999.0 -9999.0 -9999.0 -9999.0 -9999.0 -9999.0 -9999.0
-9999.0 -9999.0 -9999.0 -9999.0 -9999.0 -9999.0 -9999.0 -9999.0 -9999.0 -9999.0 -9999.0 -9999.0 -9999.0 0.025339 1.248782 2.542747 2.842745 3.244699 3.946934 1.761026 2.363181 0.832178 0.920864 0.013190 0.009721 -0.000966 -1.719442 -4.203111 -5.153869 -0.760534 -1.064904 -2.920246 -5.638799 -9.147270 -7.363020 -9999.0 -9999.0 -9999.0 -9999.0 -9999.0 -9999.0 -9999.0 -9999.0 -9999.0 -9999.0 -9999.0 -9999.0 -9999.0 -9999.0 -9999.0 -9999.0 -9999.0 -9999.0 -9999.0 -9999.0 -9999.0 -9999.0 -9999.0 -9999.0 -9999.0 -9999.0 -9999.0 -9999.0
-9999.0 -9999.0 -9999.0 -9999.0 -9999.0 -9999.0 -9999.0 -9999.0 -9999.0 -9999.0 -9999.0 -9999.0 -9999.0 0.852170 0.931142 2.059976 2.135641 3.089034 4.193375 3.503341 1.172081 0.030315 0.000721 0.001611 0.026718 0.002672 -2.306256 -5.480967 -3.165021 -8.123547 -4.109356 -9.377667 -9.877863 -8.981472 -8.371130 -9999.0 -9999.0 -9999.0 -9999.0 -9999.0 -9999.0 -9999.0 -9999.0 -9999.0 -9999.0 -9999.0 -9999.0 -9999.0 -9999.0 -9999.0 -9999.0 -9999.0 -9999.0 -9999.0 -9999.0 -9999.0 -9999.0 -9999.0 -9999.0 -9999.0 -9999.0 -9999.0 -9999.0
-9999.0 -9999.0 -9999.0 -9999.0 -9999.0 -9999.0 -9999.0 -9999.0 -9999.0 -9999.0 -9999.0 -9999.0 0.028432 0.384679 1.432400 0.060792 0.541255 2.395303 3.832214 2.304150 0.189975 0.007531 -0.043749 0.001711 -0.001583 -1.717187 -1.436461 -2.465235 -3.077434 -5.963938 -8.921531 -5.924543 -6.019022 -8.532962 -9999.0 -9999.0 -9999.0 -9999.0 -9999.0 -9999.0 -9999.0 -9999.0 -9999.0 -9999.0 -9999.0 -9999.0 -9999.0 -9999.0 -9999.0 -9999.0 -9999.0 -9999.0 -9999.0 -9999.0 -9999.0 -9999.0 -9999.0 -9999.0 -9999.0 -9999.0 -9999.0 -9999.0 -9999.0
-9999.0 -9999.0 -9999.0 -9999.0 -9999.0 -9999.0 -9999.0 -9999.0 -9999.0 -9999.0 -9999.0 -0.000232 0.486511 0.838606 0.650313 0.038529 0.996143 2.318228 3.963681 1.714658 0.812554 0.124984 -0.001963 -1.548624 -1.083202 -1.435173 -5.044244 -1.763475 -2.049890 -7.419664 -6.117287 -2.922611 -5.689559 -6.960868 -6.346335 -5.461621 -3.295186 -1.779796 -1.673374 -9999.0 -9999.0 -9999.0 -7.052583 -9999.0 -9999.0 -9999.0 -9999.0 -9999.0 -9999.0 -9999.0 -9999.0 -9999.0 -9999.0 -9999.0 -9999.0 -9999.0 -9999.0 -9999.0 -9999.0 -9999.0 -9999.0 -9999.0 -9999.0
-9999.0 -9999.0 -9999.0 -9999.0 -9999.0 -9999.0 -9999.0 -9999.0 -9999.0 -9999.0 -9999.0 -0.000318 0.809418 1.516793 1.885566 0.000016 3.028648 2.918986 4.102859 2.757009 1.223565 0.012113 -0.000332 -0.071969 -1.764024 -1.745398 -1.891953 -2.503906 -4.149935 -7.003476 -2.545011 -1.824362 -3.147751 -5.317454 -5.704682 -2.975002 -1.381639 -1.090954 -1.609571 -6.405029 -6.390004 -6.988307 -3.165173 -5.504135 -9999.0 -9999.0 -9999.0 -3.508581 -6.190274 -6.208733 -5.018772 -7.154305 -7.461582 -3.284434 -3.097941 -7.993350 -9999.0 -9999.0 -9999.0 -9999.0 -9999.0 -9999.0 -9999.0
-9999.0 -9999.0 -9999.0 -9999.0 -9999.0 -9999.0 -9999.0 -9999.0 -9999.0 -9999.0 -9999.0 -0.001615 -0.000323 -0.000783 0.071491 0.013577 0.033425 2.278792 2.914605 2.950123 1.332669 0.004083 -0.001206 -0.002122 -1.757220 -3.818224 -0.001543 -1.543610 -4.629591 -5.371968 -5.083355 -3.526062 -1.452314 -4.473776 -5.601785 -2.934822 -1.532282 -1.175696 -0.674038 -4.412269 -1.619558 -3.887659 -2.787186 -1.728013 -4.489878 -9999.0 -8.408815 -5.063937 -2.688888 -1.498682 -1.427268 -3.497379 -2.263276 -2.107709 -4.359423 -4.536924 -9999.0 -9999.0 -9999.0 -9999.0 -9999.0 -9999.0 -9999.0
-9999.0 -9999.0 -9999.0 -9999.0 -9999.0 -9999.0 -9999.0 -9999.0 -9999.0 -9999.0 -9999.0 -9999.0 -0.000269 -0.001455 0.017572 0.018462 0.003007 1.611883 3.278797 2.934403 0.990639 0.001336 -0.466718 -0.001527 -1.181650 -0.001216 -0.000277 -1.547377 -3.103097 -5.445548 -1.868888 -1.739248 -1.428482 -3.339294 -4.443524 -1.895857 -0.739144 -0.025772 0.385301 -1.292450 -0.891372 -1.600784 -2.260222 -0.000484 -4.990538 -4.753436 -6.573249 -4.584828 -3.200035 -1.113688 0.030022 -1.633448 -0.007051 -0.541776 -3.527444 -3.502174 -2.574541 -9999.0 -9999.0 -9999.0 -9999.0 -9999.0 -9999.0
-9999.0 -9999.0 -9999.0 -9999.0 -9999.0 -9999.0 -9999.0 -9999.0 -9999.0 -9999.0 -9999.0 -0.001314 -0.001406 -0.004281 -0.001039 -0.000699 0.012710 0.894020 2.684200 3.075991 1.211083 0.001141 -0.000890 -0.894392 -0.001209 -0.007631 -0.001537 -2.824929 -2.473475 -3.611784 -0.003190 -1.316896 -1.665338 -3.075282 -5.917774 -3.216446 -1.787497 -0.478613 0.217470 -0.004853 -0.489669 0.010835 -0.002285 -0.572940 0.001052 -2.050518 -3.659070 -3.687551 -2.424389 0.000163 -3.811363 -2.916524 -4.774022 -6.449242 -7.743683 -7.193779 -5.945953 -9999.0 -9999.0 -9999.0 -9999.0 -9999.0 -9999.0
-9999.0 -9999.0 -9999.0 -9999.0 -9999.0 -9999.0 -9999.0 -9999.0 -9999.0 -9999.0 -0.001027 -0.001061 -0.000260 -0.000279 0.010148 0.007247 0.001665 0.005282 2.428541 2.748720 1.474378 0.385835 -0.002986 0.009666 0.010671 -0.002067 -1.141034 -4.732714 -1.471836 -0.003501 -0.003265 -0.002804 -1.064939 -3.524232 -8.005371 -5.066774 -1.396700 -0.794473 -0.018097 0.007605 0.004630 0.178187 0.878502 0.305370 0.000240 -3.085702 -1.571819 -1.493845 -0.003804 0.002201 -4.790316 -6.489897 -8.323582 -8.487454 -9.346100 -3.821029 -5.016941 -9999.0 -9999.0 -9999.0 -9999.0 -9999.0 -9999.0
-9999.0 -9999.0 -9999.0 -9999.0 -9999.0 -9999.0 -9999.0 -9999.0 -9999.0 -1.671390 -0.005058 -0.004223 -0.002087 -0.001177 -0.002705 -0.000963 0.000728 0.071492 2.083845 3.200874 1.815982 0.017154 0.005418 0.034817 0.045128 -1.552300 -1.356359 -0.001914 -0.000541 0.002685 0.004097 -1.814909 -4.814897 -8.031146 -6.761458 -5.172849 -2.285080 -2.127246 -0.767364 -0.001961 -0.006479 -0.000602 -0.001047 0.857808 0.243992 0.002723 0.012368 -0.632912 -0.596169 0.088228 -2.813934 -5.976574 -9.102876 -8.915840 -7.155963 -5.743780 -3.217270 -5.159066 -6.630965 -9999.0 -9999.0 -9999.0 -9999.0
-9999.0 -9999.0 -9999.0 -9999.0 -9999.0 -9999.0 -9999.0 -9999.0 -9999.0 -4.706737 -4.302381 -1.067526 0.082766 0.006573 0.003083 -0.001091 0.013173 0.027911 2.618621 2.912518 2.529593 1.369984 0.511485 0.024194 -1.090493 -0.001455 0.001604 0.012749 0.008332 0.027993 0.000986 -2.215501 -2.557731 -4.302291 -3.229340 -4.760027 -4.211492 -2.556308 -1.791904 -0.906630 -0.002789 -1.131714 0.001585 0.010296 1.576301 0.906821 0.526577 0.006391 0.001136 0.005963 -3.047364 -5.766363 -8.453983 -7.371873 -6.518382 -2.678325 -4.196620 -1.825211 -3.675056 -9999.0 -9999.0 -9999.0 -9999.0
-9999.0 -9999.0 -9999.0 -9999.0 -9999.0 -9999.0 -9999.0 -9999.0 -9999.0 -9999.0 -1.940806 -1.223235 -0.000865 0.028290 0.009368 0.005024 0.010613 0.421034 3.311173 3.253007 2.380809 1.196479 0.005736 -0.000518 -0.001401 0.010127 0.004534 0.030167 0.001522 -1.211858 -2.086596 -0.006951 -3.961708 -3.989959 -2.301700 -1.673289 -0.000421 -0.000266 -4.149123 -2.536831 -2.498022 -0.000279 0.006822 0.000043 -0.000084 0.006597 0.317352 0.928938 1.230858 0.003880 -2.018425 -3.212768 -7.220493 -8.241244 -7.260550 -5.302045 -2.072594 -0.001565 -0.986224 0.012924 -9999.0 -9999.0 -9999.0
-9999.0 -9999.0 -9999.0 -9999.0 -9999.0 -9999.0 -9999.0 -9999.0 -9999.0 -9999.0 -3.412532 -1.543596 -0.000586 -0.001775 0.503157 0.010700 0.009343 1.459264 3.841205 3.884592 2.532534 0.187679 0.005564 0.003315 0.008384 0.042018 0.635477 -0.000782 -1.281565 -3.376902 -1.988283 -1.801640 -4.747991 -4.698042 -1.805435 -0.008155 -0.000950 -0.001748 -1.769340 -3.120449 -1.696785 -1.746084 -1.486132 -1.238447 -0.001196 -0.367682 0.001714 -0.000555 1.487682 0.970459 -0.001524 -1.899311 -3.791102 -6.808083 -8.833665 -7.956501 -4.944006 -0.693167 0.677571 0.912975 -9999.0 -9999.0 -9999.0
-9999.0 -9999.0 -9999.0 -9999.0 -9999.0 -9999.0 -9999.0 -9999.0 -0.002425 -1.893037 -3.770170 -1.286924 -1.476296 -1.416344 -0.783170 1.040838 1.628533 2.237301 4.003529 4.409464 4.349684 2.582604 1.597622 0.015996 0.029170 1.370452 0.238604 -0.003819 -0.998554 -4.005179 -8.130641 -2.906598 -1.796193 -3.963988 -3.850065 -1.705049 0.000803 -0.000951 -2.679857 -4.972425 -3.853995 -1.672380 -3.845655 -4.757507 -1.543476 -0.000210 -2.487095 -0.000824 -0.000808 1.588241 -0.000084 -1.373315 -1.715290 -6.405088 -7.482719 -3.876000 -4.752276 0.006881 0.003440 2.460237 -9999.0 -9999.0 -9999.0
-9999.0 -9999.0 -9999.0 -9999.0 -9999.0 -9999.0 -9999.0 -9999.0 -3.019879 -0.971006 -2.889376 -3.237371 -1.670783 -0.004638 -0.002338 0.003780 0.653740 1.189059 4.217419 4.875079 4.904257 4.091456 2.520648 1.109403 1.985326 2.120410 0.220496 -0.000813 -3.959503 -2.597151 -4.114570 -4.355222 -3.518474 -4.223162 -1.415530 -0.001179 0.002500 -0.000789 -0.414319 -1.377177 -1.879629 -6.488735 -4.300765 -1.303246 -0.001157 -0.002318 -4.176577 -1.444317 -0.000074 0.838262 0.832785 -0.000865 -3.631496 -4.016685 -1.698886 -2.465600 -0.727010 -0.000195 1.465864 4.259244 5.143124 -9999.0 -9999.0
-9999.0 -9999.0 -9999.0 -9999.0 -9999.0 -9999.0 -9999.0 -9999.0 -1.809891 -1.583347 -1.308367 -3.743913 -1.995478 -3.318829 -0.001093 -0.615955 0.006471 0.882632 4.458075 5.024395 5.320347 4.938789 4.032559 3.529810 2.849854 1.824928 0.013008 -0.004498 -4.435474 -1.790776 -3.629863 -0.041221 -1.165501 -1.108143 -0.001358 0.000443 -0.129027 1.120423 -0.001467 -0.550057 -1.437274 -3.622214 -0.007045 -1.561815 -0.042692 -0.021596 -4.854598 -1.563223 -0.012236 0.002625 1.922359 0.001028 -2.571518 -3.491752 -0.853518 -0.000769 0.018405 1.392633 3.409284 3.987729 4.806557 -9999.0 -9999.0
-9999.0 -9999.0 -9999.0 -9999.0 -9999.0 -9999.0 -9999.0 -9999.0 -6.167076 -1.323241 -0.004908 -4.363557 -2.106650 -0.005905 -0.399394 0.005610 2.630856 4.101217 3.153159 5.008175 4.721991 5.211874 5.006363 4.545695 2.625228 0.285338 0.002758 -2.094614 -0.000255 -0.489917 -0.661634 -0.346164 -0.035937 -0.000829 -0.245216 0.003403 0.060917 2.555261 0.010361 -0.000550 -0.006171 -0.002774 -0.010070 -1.559599 -0.005839 -3.322599 -1.447844 -2.231538 -1.697934 -0.747860 0.000394 1.518161 0.004053 0.036131 0.038527 0.518467 1.886128 3.213967 4.422844 4.585478 3.447194 1.749075 -9999.0
-9999.0 -9999.0 -9999.0 -9999.0 -9999.0 -9999.0 -9999.0 -9999.0 -4.072530 -1.136146 -0.004256 -1.688899 -2.184656 -0.751129 0.058449 1.106162 1.765138 1.377903 0.019751 1.557360 3.867013 4.707948 4.882914 4.598950 1.785559 0.013970 -0.003110 0.008454 0.021550 0.002033 -0.000409 0.004979 0.461963 0.024264 0.010917 0.034293 1.100308 4.286411 3.610198 0.815240 0.013415 0.008350 0.006495 0.005897 -0.706509 0.000355 0.000268 -0.548751 0.001688 0.001748 0.321435 0.946977 1.287918 0.716705 1.370415 2.006848 2.796319 3.474964 3.803842 3.251496 2.744082 1.115477 -9999.0
-9999.0 -9999.0 -1.702211 -0.002071 -1.761755 -0.001747 -1.670347 -1.787099 -2.063718 -1.686964 -0.004586 -0.001994 -1.102863 0.017689 0.540228 0.991103 -0.000765 -0.002077 -0.000982 0.008923 1.484924 3.995455 4.005321 5.577698 2.897710 0.925065 0.011686 0.013009 1.196783 0.152475 0.007693 0.012563 1.773155 1.779234 2.280627 3.091820 4.482891 6.339686 5.247501 2.963568 2.253516 2.261625 2.422446 1.087615 0.004538 0.011950 0.290910 0.680313 1.068277 2.110193 2.805139 3.147404 2.485260 2.076820 2.006022 2.707130 2.239970 2.578371 1.917251 2.199017 0.809132 0.419029 -9999.0
-9999.0 -0.001253 -0.001641 -0.001273 -0.002291 -1.519994 -1.661810 -1.557556 -3.058164 -3.555922 -1.178403 -0.006739 0.093652 0.390122 0.425245 -0.198616 -0.000921 -0.004876 0.000608 0.008208 1.343495 2.635425 2.599808 3.377018 3.433076 2.482050 1.735826 1.962030 2.556015 1.715029 1.472853 1.303724 2.116992 3.745690 4.923327 6.259383 7.553520 9.259949 7.749613 6.404901 5.490294 5.254018 4.489999 3.083948 2.041837 2.520939 3.129842 4.172065 4.182171 4.210359 3.680252 2.980711 1.994183 1.386454 1.343325 0.804555 0.372450 0.676714 0.346120 0.063515 0.007526 0.219520 -9999.0
-9999.0 -0.000278 -0.002267 -0.001048 0.161506 -0.006163 -2.492682 -1.780580 -2.193679 -4.074069 -1.390452 -0.007408 0.004334 0.445079 -0.001321 -2.515154 -2.661043 -0.835638 -0.000982 -0.003035 0.083262 1.002254 1.597235 1.103008 2.940139 3.956433 4.905670 4.791726 4.287642 4.762606 5.651385 5.141104 4.112722 5.132368 6.464646 8.125258 10.192578 11.421713 10.164485 9.408528 8.607365 7.738290 6.483741 6.952109 7.305901 6.720813 5.741444 5.465629 4.941558 4.341646 2.595808 1.173274 0.445013 0.799390 0.338979 -0.000261 -0.002313 0.000148 -0.001240 -0.000035 0.000102 -9999.0 -9999.0
