erum2020/resources/simulation/Vinschgau/output-maps/TsL0005N0733.asc
ncols         63
nrows         48
xllcorner     598000.000000
yllcorner     5145000.000000
cellsize      1000.000000
NODATA_value  -9999.0
[rows 0 to 27 of 48, columns 0 to 62 of 63]
-9999.0 -9999.0 -9999.0 -9999.0 -9999.0 -9999.0 -9999.0 -9999.0 -9999.0 -9999.0 -9999.0 -9999.0 -9999.0 -9999.0 -9999.0 -9999.0 -9999.0 -9999.0 -9999.0 -9999.0 -9999.0 -9999.0 -9999.0 -9999.0 -9999.0 -9999.0 -9999.0 -9999.0 -9999.0 -9999.0 -9999.0 -9999.0 -9999.0 -9999.0 -9999.0 -9999.0 -9999.0 -9999.0 -9999.0 -9999.0 -9999.0 -9999.0 -9999.0 -9999.0 -9999.0 -9999.0 -9999.0 -9999.0 -9999.0 -9999.0 -9999.0 -9999.0 -9999.0 -9999.0 -9999.0 -9999.0 -9999.0 -9999.0 -9999.0 -9999.0 -9999.0 -9999.0 -9999.0
-9999.0 -9999.0 -9999.0 -9999.0 -9999.0 -9999.0 -9999.0 -9999.0 -9999.0 -9999.0 -9999.0 -9999.0 -9999.0 -9999.0 -9999.0 -9999.0 -9999.0 -9999.0 -9999.0 -9999.0 -9999.0 -9999.0 -9999.0 -9999.0 -9999.0 -9999.0 -9999.0 -2.197105 0.373770 -1.796370 -0.002062 -0.018216 -0.001147 -9999.0 -9999.0 -9999.0 -9999.0 -9999.0 -9999.0 -9999.0 -9999.0 -9999.0 -9999.0 -9999.0 -9999.0 -9999.0 -9999.0 -9999.0 -9999.0 -9999.0 -9999.0 -9999.0 -9999.0 -9999.0 -9999.0 -9999.0 -9999.0 -9999.0 -9999.0 -9999.0 -9999.0 -9999.0 -9999.0
-9999.0 -9999.0 -9999.0 -9999.0 -9999.0 -9999.0 -9999.0 -9999.0 -9999.0 -9999.0 -9999.0 -9999.0 -9999.0 -9999.0 -9999.0 -9999.0 -9999.0 -9999.0 -9999.0 -9999.0 -9999.0 -9999.0 -9999.0 -9999.0 0.572642 0.854015 0.925946 0.914781 0.734995 0.625844 -0.002399 -9999.0 -9999.0 -9999.0 -9999.0 -9999.0 -9999.0 -9999.0 -9999.0 -9999.0 -9999.0 -9999.0 -9999.0 -9999.0 -9999.0 -9999.0 -9999.0 -9999.0 -9999.0 -9999.0 -9999.0 -9999.0 -9999.0 -9999.0 -9999.0 -9999.0 -9999.0 -9999.0 -9999.0 -9999.0 -9999.0 -9999.0 -9999.0
-9999.0 -9999.0 -9999.0 -9999.0 -9999.0 -9999.0 -9999.0 -9999.0 -9999.0 -9999.0 -9999.0 -9999.0 -9999.0 -9999.0 -9999.0 -9999.0 -9999.0 -9999.0 -9999.0 -9999.0 -9999.0 -9999.0 -9999.0 0.802548 1.196101 2.575532 2.528309 2.606380 1.076168 0.945747 0.487754 -0.002709 -9999.0 -9999.0 -9999.0 -9999.0 -9999.0 -9999.0 -9999.0 -9999.0 -9999.0 -9999.0 -9999.0 -9999.0 -9999.0 -9999.0 -9999.0 -9999.0 -9999.0 -9999.0 -9999.0 -9999.0 -9999.0 -9999.0 -9999.0 -9999.0 -9999.0 -9999.0 -9999.0 -9999.0 -9999.0 -9999.0 -9999.0
-9999.0 -9999.0 -9999.0 -9999.0 -9999.0 -9999.0 -9999.0 -9999.0 -9999.0 -9999.0 -9999.0 -9999.0 -9999.0 -9999.0 -9999.0 -9999.0 -9999.0 -9999.0 3.087400 1.274983 -9999.0 0.627919 0.999139 2.255506 1.606658 3.234993 2.693785 2.643442 3.317602 1.521870 0.702340 0.246533 -3.237634 -2.901676 -9999.0 -9999.0 -9999.0 -9999.0 -9999.0 -9999.0 -9999.0 -9999.0 -9999.0 -9999.0 -9999.0 -9999.0 -9999.0 -9999.0 -9999.0 -9999.0 -9999.0 -9999.0 -9999.0 -9999.0 -9999.0 -9999.0 -9999.0 -9999.0 -9999.0 -9999.0 -9999.0 -9999.0 -9999.0
-9999.0 -9999.0 -9999.0 -9999.0 -9999.0 -9999.0 -9999.0 -9999.0 -9999.0 -9999.0 -9999.0 -9999.0 -9999.0 -9999.0 -9999.0 -9999.0 -9999.0 4.964920 3.065715 2.784238 1.007307 0.671795 1.443942 1.012578 3.987070 0.699954 0.478625 0.536987 0.323088 0.938318 1.206642 0.652933 -0.890297 -2.373619 -3.851045 -4.588409 -9999.0 -9999.0 -9999.0 -9999.0 -9999.0 -9999.0 -9999.0 -9999.0 -9999.0 -9999.0 -9999.0 -9999.0 -9999.0 -9999.0 -9999.0 -9999.0 -9999.0 -9999.0 -9999.0 -9999.0 -9999.0 -9999.0 -9999.0 -9999.0 -9999.0 -9999.0 -9999.0
-9999.0 -9999.0 -9999.0 -9999.0 -9999.0 -9999.0 -9999.0 -9999.0 -9999.0 -9999.0 -9999.0 -9999.0 -9999.0 0.593654 2.039843 2.763549 4.630063 6.393286 4.612102 2.692194 2.119274 2.178696 1.542017 3.805600 0.591242 0.479109 -0.173788 0.205788 0.546216 0.461827 0.662652 0.375121 0.199014 -0.003455 -3.173139 -4.837633 -9999.0 -9999.0 -9999.0 -9999.0 -9999.0 -9999.0 -9999.0 -9999.0 -9999.0 -9999.0 -9999.0 -9999.0 -9999.0 -9999.0 -9999.0 -9999.0 -9999.0 -9999.0 -9999.0 -9999.0 -9999.0 -9999.0 -9999.0 -9999.0 -9999.0 -9999.0 -9999.0
-9999.0 -9999.0 -9999.0 -9999.0 -9999.0 -9999.0 -9999.0 -9999.0 -9999.0 -9999.0 -9999.0 -9999.0 -9999.0 1.152608 2.979113 3.374476 3.561021 5.471438 6.526662 4.391535 3.423825 2.961824 1.768803 0.942754 0.669899 0.378115 0.558673 -2.688482 -3.323291 -0.001362 0.246589 -0.004444 -3.459784 -4.393661 -4.172742 -9999.0 -9999.0 -9999.0 -9999.0 -9999.0 -9999.0 -9999.0 -9999.0 -9999.0 -9999.0 -9999.0 -9999.0 -9999.0 -9999.0 -9999.0 -9999.0 -9999.0 -9999.0 -9999.0 -9999.0 -9999.0 -9999.0 -9999.0 -9999.0 -9999.0 -9999.0 -9999.0 -9999.0
-9999.0 -9999.0 -9999.0 -9999.0 -9999.0 -9999.0 -9999.0 -9999.0 -9999.0 -9999.0 -9999.0 -9999.0 -9999.0 2.833040 3.414113 3.801860 3.057455 3.823009 6.675559 4.221482 3.476493 1.380738 0.295896 0.398639 1.541813 0.626720 -1.298684 -3.472920 -0.001427 -4.482342 -0.004524 -4.295648 -4.543546 -1.745643 -5.828471 -9999.0 -9999.0 -9999.0 -9999.0 -9999.0 -9999.0 -9999.0 -9999.0 -9999.0 -9999.0 -9999.0 -9999.0 -9999.0 -9999.0 -9999.0 -9999.0 -9999.0 -9999.0 -9999.0 -9999.0 -9999.0 -9999.0 -9999.0 -9999.0 -9999.0 -9999.0 -9999.0 -9999.0
-9999.0 -9999.0 -9999.0 -9999.0 -9999.0 -9999.0 -9999.0 -9999.0 -9999.0 -9999.0 -9999.0 -9999.0 1.617147 2.849873 3.179046 1.385823 1.173681 3.269959 6.299202 4.286299 2.178439 0.576516 0.285362 0.395179 0.806530 0.119798 0.185341 0.206119 0.388744 -3.625854 -0.004367 -3.700527 -0.002621 -5.166169 -9999.0 -9999.0 -9999.0 -9999.0 -9999.0 -9999.0 -9999.0 -9999.0 -9999.0 -9999.0 -9999.0 -9999.0 -9999.0 -9999.0 -9999.0 -9999.0 -9999.0 -9999.0 -9999.0 -9999.0 -9999.0 -9999.0 -9999.0 -9999.0 -9999.0 -9999.0 -9999.0 -9999.0 -9999.0
-9999.0 -9999.0 -9999.0 -9999.0 -9999.0 -9999.0 -9999.0 -9999.0 -9999.0 -9999.0 -9999.0 0.498312 0.956276 2.255401 1.415759 0.795902 1.589187 3.027087 6.433264 3.201486 1.705876 2.075522 0.531109 0.219734 0.410068 0.235845 -0.006963 0.269296 0.394280 -4.714210 -3.829906 0.412069 -2.873483 -4.205408 -3.885637 -2.814496 0.599240 0.982175 1.039318 -9999.0 -9999.0 -9999.0 -4.296851 -9999.0 -9999.0 -9999.0 -9999.0 -9999.0 -9999.0 -9999.0 -9999.0 -9999.0 -9999.0 -9999.0 -9999.0 -9999.0 -9999.0 -9999.0 -9999.0 -9999.0 -9999.0 -9999.0 -9999.0
-9999.0 -9999.0 -9999.0 -9999.0 -9999.0 -9999.0 -9999.0 -9999.0 -9999.0 -9999.0 -9999.0 0.419167 0.798714 1.995215 1.803911 0.110531 3.663199 3.576572 6.419600 4.424170 3.305830 1.332716 0.584276 -0.002032 0.136487 0.171689 0.344234 0.432105 -1.478153 -4.066482 0.281344 0.570003 0.290840 -0.004302 0.200614 0.247551 1.137728 2.244230 1.416244 -2.088819 -1.932106 -2.623759 0.203699 -3.433703 -9999.0 -9999.0 -9999.0 -0.006836 -0.005697 -3.771093 -0.003288 -4.342251 -4.523480 -0.005042 -0.006398 -4.733474 -9999.0 -9999.0 -9999.0 -9999.0 -9999.0 -9999.0 -9999.0
-9999.0 -9999.0 -9999.0 -9999.0 -9999.0 -9999.0 -9999.0 -9999.0 -9999.0 -9999.0 -9999.0 0.496619 0.172658 0.203856 1.069698 0.834777 0.479863 2.189224 4.466056 5.517663 2.135412 0.569576 0.367144 0.458909 -0.002302 -0.005388 0.276484 0.167593 -3.006623 -0.004532 -3.276467 0.163990 0.502676 -0.003902 -3.515997 0.511934 0.169964 0.441399 3.327203 -0.038440 1.171640 0.309770 0.280657 0.268169 -0.002365 -9999.0 -5.048223 -0.003716 0.271045 0.326478 0.690775 -1.275022 0.290750 0.349013 0.239208 -0.002623 -9999.0 -9999.0 -9999.0 -9999.0 -9999.0 -9999.0 -9999.0
-9999.0 -9999.0 -9999.0 -9999.0 -9999.0 -9999.0 -9999.0 -9999.0 -9999.0 -9999.0 -9999.0 -9999.0 0.334805 0.170211 1.452121 0.996403 0.298417 2.073291 4.944128 5.582461 1.784886 0.502449 0.570291 0.373630 0.131995 0.215632 1.417680 0.122224 -0.001908 -3.377529 0.279621 0.235618 0.367570 -0.001889 -0.004888 0.206775 0.269433 1.382964 4.345766 2.240584 2.087547 1.253599 0.298069 0.609909 -3.009343 -0.003328 -4.099165 -0.003595 -0.002221 0.271928 0.945347 0.128964 0.492492 0.087753 -0.002636 -0.005275 -0.003309 -9999.0 -9999.0 -9999.0 -9999.0 -9999.0 -9999.0
-9999.0 -9999.0 -9999.0 -9999.0 -9999.0 -9999.0 -9999.0 -9999.0 -9999.0 -9999.0 -9999.0 0.195086 0.108305 0.360180 0.318227 0.327704 0.801025 0.944433 4.379240 3.935533 2.016888 0.617202 0.620136 0.370723 0.279651 0.562611 0.248959 -0.003449 0.426957 -1.896851 0.278948 0.490073 0.898007 -0.001821 -0.007149 -0.001750 0.157171 1.012009 2.149554 4.003180 0.623693 0.730013 0.427271 -0.521659 1.412895 0.274743 0.258810 -1.866044 -1.488939 0.473188 -3.108813 -0.003730 -0.004376 -4.017655 -3.871738 -0.842289 -3.556245 -9999.0 -9999.0 -9999.0 -9999.0 -9999.0 -9999.0
-9999.0 -9999.0 -9999.0 -9999.0 -9999.0 -9999.0 -9999.0 -9999.0 -9999.0 -9999.0 0.792130 0.214462 0.683588 0.653909 1.223617 0.853045 0.479551 0.509661 3.192950 3.708608 3.809568 2.343201 0.392779 1.600540 0.749625 0.641820 0.106535 -3.599659 0.579888 0.766765 0.657009 0.202813 0.389492 -0.002868 -3.868183 -3.254024 0.274746 0.153806 0.333468 0.526468 0.550529 1.042895 2.166629 0.661822 0.296709 0.175417 0.256679 0.340743 0.637423 0.273333 -3.521414 -4.051878 -4.348380 -2.392506 -3.825809 -0.001271 0.091158 -9999.0 -9999.0 -9999.0 -9999.0 -9999.0 -9999.0
-9999.0 -9999.0 -9999.0 -9999.0 -9999.0 -9999.0 -9999.0 -9999.0 -9999.0 -0.001429 0.448147 0.267586 0.548177 0.405067 0.535192 0.324117 0.329434 2.314184 3.030197 4.085450 4.113802 1.096828 0.744890 1.756482 1.031422 0.121319 0.313700 0.861922 0.591853 0.835040 0.302872 -1.097520 -3.118056 -5.528560 -4.150980 -3.242230 0.134588 0.101882 0.103647 0.302441 0.177088 0.405821 0.331523 1.619387 0.718018 0.691526 1.972856 0.624063 0.578054 1.946562 0.210735 -3.671860 -3.099930 -5.754244 -4.361007 -0.003540 -0.001820 -2.306575 -4.087499 -9999.0 -9999.0 -9999.0 -9999.0
-9999.0 -9999.0 -9999.0 -9999.0 -9999.0 -9999.0 -9999.0 -9999.0 -9999.0 -0.000260 -0.001651 0.310908 2.404296 0.489940 0.606020 0.459066 1.398947 1.470811 3.573300 5.956981 5.642011 5.121803 3.090874 1.317888 0.187285 0.376450 0.669029 0.868252 0.551910 0.725499 0.743153 -0.005643 0.154346 -0.003673 0.259958 -0.006699 -0.014903 -1.634316 0.156690 0.244866 0.148503 0.154733 0.558101 0.457198 1.991525 1.722899 1.310368 0.695637 0.317296 0.398693 -1.597104 -0.009119 -5.165495 -0.029566 -3.516126 -0.006683 -0.000994 0.322141 -0.762936 -9999.0 -9999.0 -9999.0 -9999.0
-9999.0 -9999.0 -9999.0 -9999.0 -9999.0 -9999.0 -9999.0 -9999.0 -9999.0 -9999.0 -0.001895 0.447803 0.285702 0.746989 0.915357 0.674325 0.706111 2.198766 4.208962 5.363247 4.290797 1.970265 0.592264 0.236147 0.483825 0.878213 0.293013 0.847777 0.801105 -0.003810 -0.005179 0.179470 -0.005625 -0.003881 0.485372 0.810170 1.385630 0.958942 -0.004033 -0.002673 -0.002421 0.417278 0.824842 0.259987 0.467298 0.566597 0.327773 3.661180 3.579695 0.409685 -1.293611 0.148826 -4.403961 -4.902758 -2.657631 -0.005669 0.136342 0.997350 0.908463 1.000262 -9999.0 -9999.0 -9999.0
-9999.0 -9999.0 -9999.0 -9999.0 -9999.0 -9999.0 -9999.0 -9999.0 -9999.0 -9999.0 -0.002325 0.234435 0.328517 0.361706 3.921541 0.778442 0.744574 2.802767 4.877704 5.798832 3.712663 1.468973 0.662784 0.709592 0.774844 1.986119 1.508073 0.481810 -0.002649 -0.005548 -0.002539 0.277190 -3.190635 -0.004746 -0.001987 0.172581 0.253200 0.580904 -0.001113 -0.003054 0.202449 0.077265 0.136285 0.121458 0.288332 -0.000552 0.412132 0.258238 1.111565 3.245102 0.284470 0.240243 -0.004096 -4.106229 -4.291263 -3.870563 -0.006635 0.436360 0.916362 3.470659 -9999.0 -9999.0 -9999.0
-9999.0 -9999.0 -9999.0 -9999.0 -9999.0 -9999.0 -9999.0 -9999.0 0.678879 0.426544 0.299350 0.216159 0.182804 0.206198 0.234865 2.445800 2.133068 5.848136 6.173506 6.140748 5.336319 3.724766 2.798103 0.990939 1.593801 1.620461 3.204932 -0.001150 0.120723 -0.003792 -3.303827 -0.001950 0.125559 -0.002685 0.217797 -0.002046 0.407075 0.660818 -0.004436 -1.539730 -2.389605 0.189504 -3.125508 -2.209986 0.468471 0.483800 -0.003412 0.345407 0.194614 3.914889 0.320456 0.195645 -0.001520 -0.099704 -3.682673 -0.000162 -2.214106 1.614716 0.422869 3.913328 -9999.0 -9999.0 -9999.0
-9999.0 -9999.0 -9999.0 -9999.0 -9999.0 -9999.0 -9999.0 -9999.0 -0.002930 0.187588 -0.003195 -0.003598 0.119992 0.279326 0.311098 0.409800 1.674523 2.138534 5.006870 6.545596 8.031791 7.429510 6.127546 4.825292 3.220202 2.147126 0.440437 0.603441 -3.114261 -0.001780 -0.003239 -2.233377 0.285623 -2.413307 0.356847 0.452828 1.114872 0.277328 0.379345 0.285762 -0.002226 -0.004246 -2.868073 0.412925 0.658429 0.249568 -3.386961 0.141558 0.477966 0.681435 3.396998 0.765543 -0.010954 -0.002280 0.782478 -1.077848 0.716696 0.239930 3.424977 6.781869 7.309104 -9999.0 -9999.0
-9999.0 -9999.0 -9999.0 -9999.0 -9999.0 -9999.0 -9999.0 -9999.0 -0.002381 0.437747 0.359305 -0.004126 0.568347 -2.150814 0.316499 0.335709 0.544832 1.947577 5.471695 7.991489 6.960408 8.083749 7.488354 5.827525 6.522956 2.681411 0.895009 -0.002449 -2.451031 0.378086 -1.948273 0.795770 0.110689 0.121248 0.416474 1.834974 0.558732 2.221819 0.253596 0.256190 0.242357 -2.168120 0.295599 0.307336 0.083422 0.199528 -1.312993 0.229684 0.143151 0.499785 2.176720 0.288317 -0.004529 -0.002645 0.691603 0.243134 0.709675 3.412582 5.435284 6.294995 7.161159 -9999.0 -9999.0
-9999.0 -9999.0 -9999.0 -9999.0 -9999.0 -9999.0 -9999.0 -9999.0 -3.857158 0.279610 0.212603 -2.826604 0.355801 0.206697 0.118533 0.471845 3.810631 5.332914 5.346294 5.888984 6.472723 6.990550 8.113189 7.585749 4.019181 1.398351 0.539265 0.194392 1.177759 0.492905 0.314696 0.449115 0.707145 0.850840 0.353904 1.405009 2.662425 2.370921 0.618314 0.414342 0.459687 0.640988 0.642359 0.605989 0.632674 -0.596842 0.490813 -0.638948 0.788087 0.650773 0.197349 1.603480 0.344653 1.018535 1.967582 2.840378 4.445580 4.787481 6.036466 6.986668 5.320096 2.624337 -9999.0
-9999.0 -9999.0 -9999.0 -9999.0 -9999.0 -9999.0 -9999.0 -9999.0 -0.001649 0.246582 0.312385 -0.003359 0.091740 0.135454 2.867305 3.211853 4.404862 2.650576 1.242062 2.438470 5.035177 6.595274 6.778639 6.576807 5.097152 0.982975 0.404400 0.803234 1.245963 1.115528 0.435517 0.838160 1.072820 1.417135 0.972960 1.701017 2.803215 3.530321 2.637457 2.280847 1.251309 0.786772 1.134833 0.673073 0.444943 1.406037 0.529393 0.793260 0.784236 0.304725 3.004036 2.217880 1.355531 3.253341 4.162163 4.584742 5.516102 6.049763 5.793918 5.056377 2.021398 0.840372 -9999.0
-9999.0 -9999.0 0.493117 0.454850 0.143102 0.291249 0.182543 -0.001760 -0.001322 0.176225 0.232278 0.320902 0.142188 1.960576 4.885868 3.423446 0.144889 0.234843 0.342244 0.706701 2.439436 4.989088 6.240512 6.654287 5.106413 2.043071 0.860096 0.935508 1.982621 3.056249 0.712470 0.977187 4.498727 1.308265 3.418447 3.633763 5.705954 5.032323 3.729476 3.420451 3.742686 3.324230 1.789487 2.365531 0.693188 1.108736 0.752703 0.629005 3.526850 4.293764 5.411542 5.885272 5.291182 4.941771 4.767537 6.153150 4.611766 4.702648 1.627057 1.660183 1.509081 0.366841 -9999.0
-9999.0 0.370849 0.208805 0.190271 0.152360 0.199427 0.152799 -0.003075 -0.006171 -0.003154 -0.000944 -0.001832 1.325956 3.614353 3.773283 0.047996 0.208514 0.138432 0.679236 0.716584 2.747695 3.666145 5.525556 4.894844 6.951075 4.976350 5.654573 5.791874 4.721292 4.066141 3.892919 1.786263 2.282204 6.365930 6.217933 7.874238 8.924460 9.170362 8.468032 7.953806 7.150867 6.341850 5.684811 2.600097 1.906222 3.575312 5.392566 5.160364 6.426146 5.123539 5.999465 5.459614 4.325177 3.829446 3.769709 2.757038 1.481192 1.703366 0.883977 0.858957 0.261248 0.291293 -9999.0
-9999.0 0.646064 0.361982 0.702340 2.199331 0.335387 0.119601 0.119433 0.405325 0.327378 0.109173 -0.001686 1.070331 3.842328 0.625033 -0.004123 -0.003075 0.182559 0.299773 0.555044 1.269640 2.105278 1.501094 1.555758 6.430172 7.509368 6.063469 6.547435 6.460248 5.584491 6.476171 5.949978 5.785885 6.525850 8.320762 8.790562 11.173771 13.575507 10.468580 10.665015 9.573823 8.501209 7.393793 7.401055 7.833024 7.289444 7.913723 7.624313 6.888605 6.500928 4.376322 0.980969 1.482183 1.046058 1.329348 0.137075 0.134277 0.197532 0.184970 0.126107 0.120563 -9999.0 -9999.0
