erum2020/resources/simulation/Vinschgau/output-maps/TsL0005N0333.asc
ncols         63
nrows         48
xllcorner     598000.000000
yllcorner     5145000.000000
cellsize      1000.000000
NODATA_value  -9999.0
[rows 0 to 27 of 48, columns 0 to 62 of 63]
-9999.0 -9999.0 -9999.0 -9999.0 -9999.0 -9999.0 -9999.0 -9999.0 -9999.0 -9999.0 -9999.0 -9999.0 -9999.0 -9999.0 -9999.0 -9999.0 -9999.0 -9999.0 -9999.0 -9999.0 -9999.0 -9999.0 -9999.0 -9999.0 -9999.0 -9999.0 -9999.0 -9999.0 -9999.0 -9999.0 -9999.0 -9999.0 -9999.0 -9999.0 -9999.0 -9999.0 -9999.0 -9999.0 -9999.0 -9999.0 -9999.0 -9999.0 -9999.0 -9999.0 -9999.0 -9999.0 -9999.0 -9999.0 -9999.0 -9999.0 -9999.0 -9999.0 -9999.0 -9999.0 -9999.0 -9999.0 -9999.0 -9999.0 -9999.0 -9999.0 -9999.0 -9999.0 -9999.0
-9999.0 -9999.0 -9999.0 -9999.0 -9999.0 -9999.0 -9999.0 -9999.0 -9999.0 -9999.0 -9999.0 -9999.0 -9999.0 -9999.0 -9999.0 -9999.0 -9999.0 -9999.0 -9999.0 -9999.0 -9999.0 -9999.0 -9999.0 -9999.0 -9999.0 -9999.0 -9999.0 -0.375106 -0.510053 -0.553928 -1.879126 -6.319436 -5.898641 -9999.0 -9999.0 -9999.0 -9999.0 -9999.0 -9999.0 -9999.0 -9999.0 -9999.0 -9999.0 -9999.0 -9999.0 -9999.0 -9999.0 -9999.0 -9999.0 -9999.0 -9999.0 -9999.0 -9999.0 -9999.0 -9999.0 -9999.0 -9999.0 -9999.0 -9999.0 -9999.0 -9999.0 -9999.0 -9999.0
-9999.0 -9999.0 -9999.0 -9999.0 -9999.0 -9999.0 -9999.0 -9999.0 -9999.0 -9999.0 -9999.0 -9999.0 -9999.0 -9999.0 -9999.0 -9999.0 -9999.0 -9999.0 -9999.0 -9999.0 -9999.0 -9999.0 -9999.0 -9999.0 -0.296525 -0.667848 -1.278549 -0.979033 -1.250298 -0.816739 -1.496516 -9999.0 -9999.0 -9999.0 -9999.0 -9999.0 -9999.0 -9999.0 -9999.0 -9999.0 -9999.0 -9999.0 -9999.0 -9999.0 -9999.0 -9999.0 -9999.0 -9999.0 -9999.0 -9999.0 -9999.0 -9999.0 -9999.0 -9999.0 -9999.0 -9999.0 -9999.0 -9999.0 -9999.0 -9999.0 -9999.0 -9999.0 -9999.0
-9999.0 -9999.0 -9999.0 -9999.0 -9999.0 -9999.0 -9999.0 -9999.0 -9999.0 -9999.0 -9999.0 -9999.0 -9999.0 -9999.0 -9999.0 -9999.0 -9999.0 -9999.0 -9999.0 -9999.0 -9999.0 -9999.0 -9999.0 -0.451659 -1.546746 -0.192225 -0.086162 -0.095123 -0.325094 -1.209926 -0.636316 -0.878172 -9999.0 -9999.0 -9999.0 -9999.0 -9999.0 -9999.0 -9999.0 -9999.0 -9999.0 -9999.0 -9999.0 -9999.0 -9999.0 -9999.0 -9999.0 -9999.0 -9999.0 -9999.0 -9999.0 -9999.0 -9999.0 -9999.0 -9999.0 -9999.0 -9999.0 -9999.0 -9999.0 -9999.0 -9999.0 -9999.0 -9999.0
-9999.0 -9999.0 -9999.0 -9999.0 -9999.0 -9999.0 -9999.0 -9999.0 -9999.0 -9999.0 -9999.0 -9999.0 -9999.0 -9999.0 -9999.0 -9999.0 -9999.0 -9999.0 0.952403 -2.024227 -9999.0 -0.300262 -0.749373 -2.018068 -0.007473 3.782018 -0.951447 -0.608649 1.768599 -2.889170 -1.533531 -0.564822 -0.661802 -1.601738 -9999.0 -9999.0 -9999.0 -9999.0 -9999.0 -9999.0 -9999.0 -9999.0 -9999.0 -9999.0 -9999.0 -9999.0 -9999.0 -9999.0 -9999.0 -9999.0 -9999.0 -9999.0 -9999.0 -9999.0 -9999.0 -9999.0 -9999.0 -9999.0 -9999.0 -9999.0 -9999.0 -9999.0 -9999.0
-9999.0 -9999.0 -9999.0 -9999.0 -9999.0 -9999.0 -9999.0 -9999.0 -9999.0 -9999.0 -9999.0 -9999.0 -9999.0 -9999.0 -9999.0 -9999.0 -9999.0 0.263254 -0.010401 1.700532 -1.082384 -1.640491 -2.500480 -0.143569 4.196836 -1.058138 -1.132148 -0.462731 -0.573184 -0.702025 -2.909061 -1.275145 -2.620168 -1.174575 -3.107069 -7.651446 -9999.0 -9999.0 -9999.0 -9999.0 -9999.0 -9999.0 -9999.0 -9999.0 -9999.0 -9999.0 -9999.0 -9999.0 -9999.0 -9999.0 -9999.0 -9999.0 -9999.0 -9999.0 -9999.0 -9999.0 -9999.0 -9999.0 -9999.0 -9999.0 -9999.0 -9999.0 -9999.0
-9999.0 -9999.0 -9999.0 -9999.0 -9999.0 -9999.0 -9999.0 -9999.0 -9999.0 -9999.0 -9999.0 -9999.0 -9999.0 -0.369956 -1.618182 -0.127684 -0.009481 7.559763 -0.004835 -0.021111 -0.006492 -0.002610 1.168751 4.556662 -1.327385 -2.267238 -4.015353 -0.675456 -4.909930 -1.871653 -0.475052 -4.305819 -3.673122 -7.867648 -7.234067 -8.139545 -9999.0 -9999.0 -9999.0 -9999.0 -9999.0 -9999.0 -9999.0 -9999.0 -9999.0 -9999.0 -9999.0 -9999.0 -9999.0 -9999.0 -9999.0 -9999.0 -9999.0 -9999.0 -9999.0 -9999.0 -9999.0 -9999.0 -9999.0 -9999.0 -9999.0 -9999.0 -9999.0
-9999.0 -9999.0 -9999.0 -9999.0 -9999.0 -9999.0 -9999.0 -9999.0 -9999.0 -9999.0 -9999.0 -9999.0 -9999.0 -0.428881 -0.328873 -0.313027 -1.483528 3.080022 8.228256 -0.002621 2.962665 -1.417715 -0.615697 -1.537998 -1.315534 -0.455484 -0.585139 -4.828256 -6.578817 -5.441777 -3.653631 -7.653840 -7.819143 -9.421823 -8.604692 -9999.0 -9999.0 -9999.0 -9999.0 -9999.0 -9999.0 -9999.0 -9999.0 -9999.0 -9999.0 -9999.0 -9999.0 -9999.0 -9999.0 -9999.0 -9999.0 -9999.0 -9999.0 -9999.0 -9999.0 -9999.0 -9999.0 -9999.0 -9999.0 -9999.0 -9999.0 -9999.0 -9999.0
-9999.0 -9999.0 -9999.0 -9999.0 -9999.0 -9999.0 -9999.0 -9999.0 -9999.0 -9999.0 -9999.0 -9999.0 -9999.0 -2.008836 0.596062 -0.613783 -2.105856 -0.100341 7.366143 1.506940 -2.028952 -1.302296 -0.434616 -0.557428 -0.333086 -0.267227 -0.441763 -6.566467 -0.541562 -8.110850 -7.160704 -9.869140 -9.539258 -10.692805 -9.200711 -9999.0 -9999.0 -9999.0 -9999.0 -9999.0 -9999.0 -9999.0 -9999.0 -9999.0 -9999.0 -9999.0 -9999.0 -9999.0 -9999.0 -9999.0 -9999.0 -9999.0 -9999.0 -9999.0 -9999.0 -9999.0 -9999.0 -9999.0 -9999.0 -9999.0 -9999.0 -9999.0 -9999.0
-9999.0 -9999.0 -9999.0 -9999.0 -9999.0 -9999.0 -9999.0 -9999.0 -9999.0 -9999.0 -9999.0 -9999.0 -0.778274 -0.001410 -0.603854 -0.582763 -0.748064 -0.169345 4.287634 3.051092 -1.583906 -3.254220 -0.623805 -1.855869 -0.733091 -5.751918 -3.067420 -0.646936 -0.749241 -6.987415 -8.786627 -0.900176 -1.504598 -7.482855 -9999.0 -9999.0 -9999.0 -9999.0 -9999.0 -9999.0 -9999.0 -9999.0 -9999.0 -9999.0 -9999.0 -9999.0 -9999.0 -9999.0 -9999.0 -9999.0 -9999.0 -9999.0 -9999.0 -9999.0 -9999.0 -9999.0 -9999.0 -9999.0 -9999.0 -9999.0 -9999.0 -9999.0 -9999.0
-9999.0 -9999.0 -9999.0 -9999.0 -9999.0 -9999.0 -9999.0 -9999.0 -9999.0 -9999.0 -9999.0 -0.360493 -0.341609 -2.345212 -0.814556 -2.164526 -2.287546 -0.395546 4.422215 3.001334 -0.147911 -0.065518 -0.389945 -3.267385 -0.345763 -0.655931 -7.439715 -0.398451 -0.801759 -8.100162 -1.561397 -2.075816 -1.600275 -5.261188 -3.618815 -4.440851 -7.538509 1.953188 3.047913 -9999.0 -9999.0 -9999.0 -6.004991 -9999.0 -9999.0 -9999.0 -9999.0 -9999.0 -9999.0 -9999.0 -9999.0 -9999.0 -9999.0 -9999.0 -9999.0 -9999.0 -9999.0 -9999.0 -9999.0 -9999.0 -9999.0 -9999.0 -9999.0
-9999.0 -9999.0 -9999.0 -9999.0 -9999.0 -9999.0 -9999.0 -9999.0 -9999.0 -9999.0 -9999.0 -0.676888 -0.555343 -0.763264 -0.380899 -5.235139 -1.370786 -0.129963 4.143816 3.085049 3.350309 -1.914556 -0.284804 -0.383455 -0.477230 -1.067947 -0.399467 -0.576042 -0.479486 -5.960814 -1.145775 -2.335547 -2.070853 -4.836370 -5.558304 -7.248791 2.810864 2.606864 2.607216 2.302109 1.254790 -6.143508 -4.973261 -3.483531 -9999.0 -9999.0 -9999.0 -0.035643 -0.312056 -0.274094 -0.137838 -0.188063 -0.199711 -0.027401 -0.023104 -0.201121 -9999.0 -9999.0 -9999.0 -9999.0 -9999.0 -9999.0 -9999.0
-9999.0 -9999.0 -9999.0 -9999.0 -9999.0 -9999.0 -9999.0 -9999.0 -9999.0 -9999.0 -9999.0 -0.351590 -3.920307 -0.479797 -0.339981 -0.718133 -1.558064 -0.312005 3.590269 4.401792 -0.014747 -1.263232 -1.927857 -0.289007 -4.135053 -0.404156 -1.948778 -0.547779 -2.677717 -3.066402 -4.932466 -1.293517 -2.876741 -3.807955 -3.830432 2.362469 -0.027580 -0.011137 4.479209 2.918002 3.292542 -6.813101 -0.298086 -3.038157 -2.074038 -9999.0 -5.027099 -0.398073 -0.173140 -0.368071 -0.961517 -0.647324 -0.029132 -0.019367 -0.021872 -0.033358 -9999.0 -9999.0 -9999.0 -9999.0 -9999.0 -9999.0 -9999.0
-9999.0 -9999.0 -9999.0 -9999.0 -9999.0 -9999.0 -9999.0 -9999.0 -9999.0 -9999.0 -9999.0 -9999.0 -2.091115 -0.275425 -0.362751 -0.307151 -1.656222 -0.423319 3.766268 4.553097 -0.070870 -0.237248 -0.015973 -2.215701 -0.334981 -1.524203 -0.002510 -2.929803 -0.884184 -0.470423 -0.635630 -1.698045 -1.896592 -2.064164 -7.078450 -6.226822 -0.358553 -0.070300 6.083582 3.489121 3.057494 3.134121 -0.261568 -0.007538 -1.357073 -0.648870 -0.461175 -0.468923 -0.241765 -1.830294 -0.004940 -0.238594 -1.177597 -0.051837 -0.818627 -2.310712 -0.040985 -9999.0 -9999.0 -9999.0 -9999.0 -9999.0 -9999.0
-9999.0 -9999.0 -9999.0 -9999.0 -9999.0 -9999.0 -9999.0 -9999.0 -9999.0 -9999.0 -9999.0 -0.245130 -3.922995 -1.078355 -1.371978 -1.613845 -1.756472 -1.922438 3.974970 1.667741 -0.006093 -0.064784 -0.598837 -0.923792 -1.121508 -0.190685 -0.382527 -4.689959 -0.448810 -0.494459 -2.786432 -2.786958 -3.591542 -1.965765 -8.383505 -5.115228 -6.936947 -0.227068 -0.017241 4.831117 0.092639 1.024029 -0.006322 0.708400 4.363791 -0.692938 -0.377279 -0.465157 -0.236239 -1.491677 -1.296827 -4.624260 -2.833601 -5.684511 -5.077846 -6.107097 -0.155035 -9999.0 -9999.0 -9999.0 -9999.0 -9999.0 -9999.0
-9999.0 -9999.0 -9999.0 -9999.0 -9999.0 -9999.0 -9999.0 -9999.0 -9999.0 -9999.0 -0.108540 -0.368186 -0.271531 -0.288075 -0.252880 -0.165771 -0.245426 -0.786864 1.300327 1.753382 4.072203 1.239891 -0.405765 -0.329723 -0.007603 -0.753681 -0.559098 -0.369480 -1.601126 -2.211505 -0.102138 -0.580106 -0.845188 -4.814544 -8.887178 -4.023714 1.367300 -1.249527 -0.149112 1.640803 3.234792 2.177641 2.872179 -0.068883 -0.083409 -1.386093 -0.350721 -0.281039 -0.011422 -0.015339 -0.145394 -5.145278 -5.630224 -6.098052 -5.304152 -0.032750 -0.032565 -9999.0 -9999.0 -9999.0 -9999.0 -9999.0 -9999.0
-9999.0 -9999.0 -9999.0 -9999.0 -9999.0 -9999.0 -9999.0 -9999.0 -9999.0 -1.821179 -0.171811 -0.117421 -0.155541 -0.442082 -1.192465 -0.256093 -0.636867 -2.078596 1.110428 2.699141 4.359719 0.953800 -0.009403 1.277690 -0.763451 -0.393446 -1.187526 -2.707796 -0.005131 -0.005578 1.041656 -0.764286 -6.882340 -8.428457 -4.129965 -4.453705 -3.288946 -3.973675 -3.372183 -0.597573 -0.037366 -0.822006 -1.160353 1.190246 -0.024261 -0.004698 4.194093 -0.363662 -1.155596 0.350358 -0.999330 -0.267512 -6.644044 -0.789697 -0.260172 -0.126823 -0.030087 -0.016682 -0.075285 -9999.0 -9999.0 -9999.0 -9999.0
-9999.0 -9999.0 -9999.0 -9999.0 -9999.0 -9999.0 -9999.0 -9999.0 -9999.0 -0.961139 -2.478507 -0.746685 2.906235 -0.053610 -1.585089 -0.287067 -0.798041 -0.000613 1.610261 6.530891 6.667192 8.212907 -0.106743 -1.303860 -0.390997 -1.971011 -0.024634 -0.002942 1.108020 -0.635613 -0.707138 -1.248401 -1.288254 -1.454209 -1.300768 -2.731569 -2.713121 -3.468859 -5.121551 -1.150984 -2.042308 -4.842708 -0.261672 -0.138214 1.290175 3.106805 2.832948 -0.001839 -0.004127 -0.004481 -0.179891 -0.130623 -0.656268 -0.631287 -3.624357 -0.049097 -0.032490 -0.267110 -0.015473 -9999.0 -9999.0 -9999.0 -9999.0
-9999.0 -9999.0 -9999.0 -9999.0 -9999.0 -9999.0 -9999.0 -9999.0 -9999.0 -9999.0 -0.760781 -0.433082 -0.187551 -0.019768 0.524060 -1.699347 -0.810484 0.981692 1.936118 4.104916 4.138188 0.976999 -0.562757 -0.299015 -1.699241 -0.003123 0.896066 1.565285 -0.660998 -0.854897 -0.890546 -0.503542 -3.779104 -5.128276 -1.201716 -3.243496 -3.438403 -3.207950 -1.384494 -6.075819 -7.915890 -1.275011 -1.149288 -0.597227 -0.506005 -1.574602 -0.148117 -0.001235 4.857079 0.678876 -1.737971 -0.304960 -0.167814 -0.425540 -3.367273 -0.675512 -0.247842 1.030203 2.540143 1.249399 -9999.0 -9999.0 -9999.0
-9999.0 -9999.0 -9999.0 -9999.0 -9999.0 -9999.0 -9999.0 -9999.0 -9999.0 -9999.0 -0.711680 -0.618538 -0.466188 -0.199796 4.453953 -0.015303 -0.022343 1.357961 5.158429 4.555945 2.296749 1.414488 -0.063601 -0.023182 -0.006933 1.055987 3.487180 -0.114442 -0.362420 -5.247525 -4.269901 -0.396866 -0.341693 -5.553996 -4.507745 -2.990673 -0.045290 -2.831042 -1.034533 -5.153228 -0.452397 -0.326575 -0.792100 -4.079011 -0.254695 -0.308222 -0.167884 -0.331257 2.378864 4.763220 1.219605 -0.252884 -0.044903 -0.151553 -0.338410 -0.139800 -3.364244 -0.029554 2.160614 4.167358 -9999.0 -9999.0 -9999.0
-9999.0 -9999.0 -9999.0 -9999.0 -9999.0 -9999.0 -9999.0 -9999.0 -0.670191 -0.265097 -0.355147 -0.418495 -0.279471 -0.214120 -0.190779 1.805030 2.010700 8.911822 5.358621 5.963791 6.047806 4.441060 1.820723 -0.008178 1.125055 3.068567 3.840812 -0.351605 -0.275043 -0.536464 -7.230504 -2.086431 -0.674517 -0.811742 -0.454610 -6.831228 -0.317156 -2.438126 -0.515030 -0.483589 -1.491851 -1.175100 -4.302856 -6.697750 -0.228853 -0.127453 -1.200384 -0.143439 -0.426740 1.604525 1.303558 0.528997 -0.035940 -0.209545 -0.107333 -0.025167 -0.021951 -0.184507 3.894985 5.925001 -9999.0 -9999.0 -9999.0
-9999.0 -9999.0 -9999.0 -9999.0 -9999.0 -9999.0 -9999.0 -9999.0 -0.442684 -1.195096 -0.226849 -3.460853 -0.900307 -0.192201 -0.177466 -0.358473 -0.001713 -0.005349 5.991846 7.313757 12.088880 10.317244 8.488003 8.272174 3.320848 3.623535 1.212901 -1.219941 -0.518198 -0.348236 -0.419729 -0.287847 -0.300347 -0.322766 -0.220491 -0.224692 -1.773003 -0.179922 -0.525803 -0.262489 -3.771316 -8.256761 -4.775715 -0.216187 -1.010664 -0.266390 -1.231214 -0.692584 -0.125117 1.512842 4.131449 1.297273 -0.042780 -0.027117 0.417659 2.764207 2.394862 3.036072 5.814374 8.906554 9.204412 -9999.0 -9999.0
-9999.0 -9999.0 -9999.0 -9999.0 -9999.0 -9999.0 -9999.0 -9999.0 -1.072873 -0.192115 -1.053575 -0.275726 -0.163179 -0.658386 -0.836776 -0.030843 1.542757 3.421107 6.601431 10.214679 8.418543 10.045429 10.866290 6.254547 10.022543 1.793576 -0.004875 -0.452955 -0.534581 -0.388143 -0.263409 -1.123741 -0.341323 -0.573511 -0.144475 -2.647289 -0.197463 -0.004939 -0.293139 -0.222555 -0.389955 -0.390022 -0.163046 -0.449810 -0.639845 -0.624080 -0.195795 -0.057159 -0.368496 -0.090386 4.074755 1.883330 0.619387 -0.454966 3.439231 1.889757 5.206904 6.244447 7.875849 7.180048 8.934078 -9999.0 -9999.0
-9999.0 -9999.0 -9999.0 -9999.0 -9999.0 -9999.0 -9999.0 -9999.0 -4.396059 -0.243452 -0.003647 -0.410021 -0.434768 -0.128001 2.330204 1.729763 4.849356 6.703743 3.844495 5.820912 6.135111 8.163644 10.943811 10.559773 2.495024 -0.004700 -0.422349 -1.570352 -2.712017 -0.023222 -1.542894 -1.304041 1.342458 -0.007741 -0.223166 -0.280158 -0.690858 0.877500 -2.183550 -0.245340 -0.228060 -0.121170 -0.090268 -0.334637 -0.101082 -0.152716 -0.066138 -0.195015 -0.258967 0.029528 -0.071522 5.846015 4.549266 1.575605 5.801414 6.604882 7.438140 6.614013 8.620184 8.876333 4.987743 2.479558 -9999.0
-9999.0 -9999.0 -9999.0 -9999.0 -9999.0 -9999.0 -9999.0 -9999.0 -0.391271 -0.161559 -0.406197 -0.006880 1.489251 1.980977 0.350369 4.415978 3.644042 2.135949 -0.553469 1.919555 5.220067 7.490274 7.830626 5.917891 7.623076 -0.004796 -0.257546 -0.014484 1.012522 0.626589 -1.599322 -0.039941 1.953291 -0.010212 -1.275565 -0.367800 -0.001261 1.320117 1.464080 -0.018836 -1.981318 -0.039501 -0.003613 0.131632 -0.331521 -0.727280 -0.016959 -0.002145 0.085388 2.981491 5.251508 5.450039 6.424748 6.964324 7.466070 5.883997 8.284255 8.453334 5.548686 6.361877 4.826673 2.118444 -9999.0
-9999.0 -9999.0 -0.201899 -0.140247 -0.223984 -0.229071 -0.275794 -0.256130 -0.152148 -0.187562 -0.134846 2.147443 2.272317 3.415513 10.320054 2.404776 -0.240830 -0.308851 -0.197217 -0.256155 2.037223 5.672020 7.314375 6.581138 4.682487 2.081956 -0.004032 -0.003865 1.578947 5.033720 -0.059999 -0.019522 3.681971 -0.002060 1.232467 0.797683 1.564712 3.402578 2.741934 -0.002994 2.252339 2.491117 0.991169 0.950359 -0.058580 -0.003187 1.131191 1.212012 4.760855 5.722507 6.812949 5.629377 8.273614 7.497995 5.711572 10.249336 5.264216 5.041653 4.598280 4.309820 1.638616 -0.103774 -9999.0
-9999.0 -1.348696 -1.637696 -0.974311 -0.612792 -1.066698 -0.148259 -0.262683 -0.292059 -0.430847 -0.133554 -0.208034 2.961296 7.828427 5.876232 -0.167791 -0.158102 -0.225737 -1.548142 -0.003058 2.259494 5.035934 7.341072 6.533356 9.230752 5.797845 8.591171 8.380772 5.134221 1.956544 1.802287 1.317941 1.577049 6.355360 4.721634 4.134527 5.980586 6.168358 4.596945 4.023548 4.488395 4.928471 4.598752 1.250993 1.147425 1.316894 3.674003 4.853591 6.737254 5.141937 6.978612 5.192121 5.035844 5.065372 5.019551 4.414276 2.465119 2.368430 1.799532 -0.043719 -0.016483 -0.052183 -9999.0
-9999.0 -0.144256 -0.097315 -0.005374 0.920107 -0.098150 -1.348172 -0.294298 -0.157837 -0.184555 -0.255534 -0.002591 2.990818 5.960144 -0.004184 -0.101754 -0.299282 -0.185824 0.572616 1.448764 1.618360 2.891575 5.349925 5.303874 9.832197 11.715893 7.464152 7.710181 7.179735 5.674011 6.910304 5.603056 4.139131 4.134501 7.651255 6.660182 10.839364 13.470562 8.363138 7.993051 6.780289 6.236507 6.133689 5.367548 6.627948 7.215611 8.523567 8.699578 7.196271 7.202187 4.274947 2.416775 2.303597 4.549941 2.520131 -0.003365 -0.003093 -0.033505 -0.031571 -0.019209 -0.017338 -9999.0 -9999.0
