erum2020/resources/simulation/Vinschgau/output-maps/TsL0004N0020.asc
ncols         63
nrows         48
xllcorner     598000.000000
yllcorner     5145000.000000
cellsize      1000.000000
NODATA_value  -9999.0
[rows 0 to 27 of 48, columns 0 to 62 of 63]
-9999.0 -9999.0 -9999.0 -9999.0 -9999.0 -9999.0 -9999.0 -9999.0 -9999.0 -9999.0 -9999.0 -9999.0 -9999.0 -9999.0 -9999.0 -9999.0 -9999.0 -9999.0 -9999.0 -9999.0 -9999.0 -9999.0 -9999.0 -9999.0 -9999.0 -9999.0 -9999.0 -9999.0 -9999.0 -9999.0 -9999.0 -9999.0 -9999.0 -9999.0 -9999.0 -9999.0 -9999.0 -9999.0 -9999.0 -9999.0 -9999.0 -9999.0 -9999.0 -9999.0 -9999.0 -9999.0 -9999.0 -9999.0 -9999.0 -9999.0 -9999.0 -9999.0 -9999.0 -9999.0 -9999.0 -9999.0 -9999.0 -9999.0 -9999.0 -9999.0 -9999.0 -9999.0 -9999.0
-9999.0 -9999.0 -9999.0 -9999.0 -9999.0 -9999.0 -9999.0 -9999.0 -9999.0 -9999.0 -9999.0 -9999.0 -9999.0 -9999.0 -9999.0 -9999.0 -9999.0 -9999.0 -9999.0 -9999.0 -9999.0 -9999.0 -9999.0 -9999.0 -9999.0 -9999.0 -9999.0 -0.395979 -0.026378 -0.356352 -2.022771 -2.215553 -2.352382 -9999.0 -9999.0 -9999.0 -9999.0 -9999.0 -9999.0 -9999.0 -9999.0 -9999.0 -9999.0 -9999.0 -9999.0 -9999.0 -9999.0 -9999.0 -9999.0 -9999.0 -9999.0 -9999.0 -9999.0 -9999.0 -9999.0 -9999.0 -9999.0 -9999.0 -9999.0 -9999.0 -9999.0 -9999.0 -9999.0
-9999.0 -9999.0 -9999.0 -9999.0 -9999.0 -9999.0 -9999.0 -9999.0 -9999.0 -9999.0 -9999.0 -9999.0 -9999.0 -9999.0 -9999.0 -9999.0 -9999.0 -9999.0 -9999.0 -9999.0 -9999.0 -9999.0 -9999.0 -9999.0 -0.012518 0.090157 0.095535 -0.008344 0.059399 -0.012378 -1.009237 -9999.0 -9999.0 -9999.0 -9999.0 -9999.0 -9999.0 -9999.0 -9999.0 -9999.0 -9999.0 -9999.0 -9999.0 -9999.0 -9999.0 -9999.0 -9999.0 -9999.0 -9999.0 -9999.0 -9999.0 -9999.0 -9999.0 -9999.0 -9999.0 -9999.0 -9999.0 -9999.0 -9999.0 -9999.0 -9999.0 -9999.0 -9999.0
-9999.0 -9999.0 -9999.0 -9999.0 -9999.0 -9999.0 -9999.0 -9999.0 -9999.0 -9999.0 -9999.0 -9999.0 -9999.0 -9999.0 -9999.0 -9999.0 -9999.0 -9999.0 -9999.0 -9999.0 -9999.0 -9999.0 -9999.0 0.076003 0.179115 0.135969 0.181713 0.185339 0.179066 -0.010241 -0.192728 -0.422710 -9999.0 -9999.0 -9999.0 -9999.0 -9999.0 -9999.0 -9999.0 -9999.0 -9999.0 -9999.0 -9999.0 -9999.0 -9999.0 -9999.0 -9999.0 -9999.0 -9999.0 -9999.0 -9999.0 -9999.0 -9999.0 -9999.0 -9999.0 -9999.0 -9999.0 -9999.0 -9999.0 -9999.0 -9999.0 -9999.0 -9999.0
-9999.0 -9999.0 -9999.0 -9999.0 -9999.0 -9999.0 -9999.0 -9999.0 -9999.0 -9999.0 -9999.0 -9999.0 -9999.0 -9999.0 -9999.0 -9999.0 -9999.0 -9999.0 0.222230 0.132533 -9999.0 -0.010236 0.125822 0.176456 0.172242 0.147950 0.051352 0.045730 0.183409 0.113248 -0.009271 -0.200759 -0.460550 -0.595302 -9999.0 -9999.0 -9999.0 -9999.0 -9999.0 -9999.0 -9999.0 -9999.0 -9999.0 -9999.0 -9999.0 -9999.0 -9999.0 -9999.0 -9999.0 -9999.0 -9999.0 -9999.0 -9999.0 -9999.0 -9999.0 -9999.0 -9999.0 -9999.0 -9999.0 -9999.0 -9999.0 -9999.0 -9999.0
-9999.0 -9999.0 -9999.0 -9999.0 -9999.0 -9999.0 -9999.0 -9999.0 -9999.0 -9999.0 -9999.0 -9999.0 -9999.0 -9999.0 -9999.0 -9999.0 -9999.0 0.115873 -0.040800 -0.211275 -0.026113 -0.070377 0.037712 0.070286 0.203470 -0.107620 -0.218648 -0.026210 -0.198078 -0.015980 0.119112 -0.009804 -0.008213 -0.389345 -1.258586 -2.843592 -9999.0 -9999.0 -9999.0 -9999.0 -9999.0 -9999.0 -9999.0 -9999.0 -9999.0 -9999.0 -9999.0 -9999.0 -9999.0 -9999.0 -9999.0 -9999.0 -9999.0 -9999.0 -9999.0 -9999.0 -9999.0 -9999.0 -9999.0 -9999.0 -9999.0 -9999.0 -9999.0
-9999.0 -9999.0 -9999.0 -9999.0 -9999.0 -9999.0 -9999.0 -9999.0 -9999.0 -9999.0 -9999.0 -9999.0 -9999.0 -0.018726 -0.014801 -0.105216 -0.023782 -0.054671 -0.012590 -0.027132 0.043613 0.158136 0.168002 0.166013 -0.142033 -0.563899 -0.872582 -0.185071 -0.211156 -0.088623 -0.014083 -0.597400 -1.038921 -2.527556 -2.837978 -3.160373 -9999.0 -9999.0 -9999.0 -9999.0 -9999.0 -9999.0 -9999.0 -9999.0 -9999.0 -9999.0 -9999.0 -9999.0 -9999.0 -9999.0 -9999.0 -9999.0 -9999.0 -9999.0 -9999.0 -9999.0 -9999.0 -9999.0 -9999.0 -9999.0 -9999.0 -9999.0 -9999.0
-9999.0 -9999.0 -9999.0 -9999.0 -9999.0 -9999.0 -9999.0 -9999.0 -9999.0 -9999.0 -9999.0 -9999.0 -9999.0 0.092159 0.049710 -0.083872 -0.088660 0.263904 -0.061671 0.121419 -0.012604 0.038465 -0.075930 -0.540078 0.102431 -0.048573 -0.019245 -2.426320 -2.474317 -0.873709 -0.213437 -2.554793 -2.970339 -3.172192 -3.147500 -9999.0 -9999.0 -9999.0 -9999.0 -9999.0 -9999.0 -9999.0 -9999.0 -9999.0 -9999.0 -9999.0 -9999.0 -9999.0 -9999.0 -9999.0 -9999.0 -9999.0 -9999.0 -9999.0 -9999.0 -9999.0 -9999.0 -9999.0 -9999.0 -9999.0 -9999.0 -9999.0 -9999.0
-9999.0 -9999.0 -9999.0 -9999.0 -9999.0 -9999.0 -9999.0 -9999.0 -9999.0 -9999.0 -9999.0 -9999.0 -9999.0 0.065996 0.159864 0.032089 -0.225354 -0.083914 -0.045021 0.046502 0.134179 -2.141191 -0.656320 -0.197113 0.098359 0.002863 -0.393146 -2.486068 -0.020330 -2.661872 -2.498503 -3.004217 -2.990484 -3.169810 -3.174421 -9999.0 -9999.0 -9999.0 -9999.0 -9999.0 -9999.0 -9999.0 -9999.0 -9999.0 -9999.0 -9999.0 -9999.0 -9999.0 -9999.0 -9999.0 -9999.0 -9999.0 -9999.0 -9999.0 -9999.0 -9999.0 -9999.0 -9999.0 -9999.0 -9999.0 -9999.0 -9999.0 -9999.0
-9999.0 -9999.0 -9999.0 -9999.0 -9999.0 -9999.0 -9999.0 -9999.0 -9999.0 -9999.0 -9999.0 -9999.0 -0.012848 0.152740 -0.022247 -0.347245 -1.924291 -0.130358 0.281147 -0.102809 -0.078714 -0.260361 -0.575154 -0.143286 0.024688 -2.256418 -0.210301 -0.407644 -0.009897 -2.681784 -2.425632 -0.640180 -0.245231 -3.145381 -9999.0 -9999.0 -9999.0 -9999.0 -9999.0 -9999.0 -9999.0 -9999.0 -9999.0 -9999.0 -9999.0 -9999.0 -9999.0 -9999.0 -9999.0 -9999.0 -9999.0 -9999.0 -9999.0 -9999.0 -9999.0 -9999.0 -9999.0 -9999.0 -9999.0 -9999.0 -9999.0 -9999.0 -9999.0
-9999.0 -9999.0 -9999.0 -9999.0 -9999.0 -9999.0 -9999.0 -9999.0 -9999.0 -9999.0 -9999.0 -0.138720 -0.034303 -0.014677 -0.115608 -0.284643 -2.801421 -0.419203 0.291759 -0.061991 -0.178289 -0.025645 -0.147686 -1.996423 -0.036092 -0.822413 -2.336462 -0.019076 -0.092209 -2.923414 -0.678284 0.052518 -1.138696 -2.689649 -0.928653 -0.813484 -0.143706 -0.034353 -0.266433 -9999.0 -9999.0 -9999.0 -1.832089 -9999.0 -9999.0 -9999.0 -9999.0 -9999.0 -9999.0 -9999.0 -9999.0 -9999.0 -9999.0 -9999.0 -9999.0 -9999.0 -9999.0 -9999.0 -9999.0 -9999.0 -9999.0 -9999.0 -9999.0
-9999.0 -9999.0 -9999.0 -9999.0 -9999.0 -9999.0 -9999.0 -9999.0 -9999.0 -9999.0 -9999.0 -0.220068 -0.044939 -0.012709 -0.013878 -1.766284 -0.044620 -0.089990 0.299576 0.226714 0.190904 0.164560 -0.038477 -0.449482 -0.407115 -1.958464 -0.018159 0.076293 -0.754561 -2.771416 -0.009258 -0.015008 -0.024473 -0.726915 -0.755935 -0.137550 -0.015161 -0.018675 -0.085090 -1.116874 -0.527840 -1.425028 -0.025365 -1.693324 -9999.0 -9999.0 -9999.0 -0.023779 -0.031671 -0.192112 -0.012241 -0.231516 -0.298376 -0.012144 -0.011575 -0.790801 -9999.0 -9999.0 -9999.0 -9999.0 -9999.0 -9999.0 -9999.0
-9999.0 -9999.0 -9999.0 -9999.0 -9999.0 -9999.0 -9999.0 -9999.0 -9999.0 -9999.0 -9999.0 -0.192478 -0.500437 -0.854515 -0.155207 -0.078661 -0.493966 -0.316092 0.240021 0.227463 -0.099962 -0.215870 -0.146028 -0.011157 -1.859675 -0.243880 -0.124923 -1.214816 -2.463366 -1.534227 -2.640457 -0.648831 -0.010984 -0.890995 -1.545298 -0.022436 -0.294843 -3.092250 -0.028294 -1.015371 -0.052965 -0.379069 0.041026 -0.023685 -0.400552 -9999.0 -2.229227 -0.023789 0.095610 0.189899 0.430632 0.259009 0.202152 0.169664 0.133800 -0.008532 -9999.0 -9999.0 -9999.0 -9999.0 -9999.0 -9999.0 -9999.0
-9999.0 -9999.0 -9999.0 -9999.0 -9999.0 -9999.0 -9999.0 -9999.0 -9999.0 -9999.0 -9999.0 -9999.0 -0.467104 -0.339039 -0.028392 -0.011868 -2.498246 -0.416275 0.305523 0.257244 -0.099657 -0.052469 -0.056192 -0.140361 -0.479690 -0.127005 0.192810 -2.128810 -1.735417 -0.656051 -0.012579 -0.153614 -0.075948 -0.619850 -1.556121 -0.493957 -1.918085 -0.589145 -0.170059 -0.589979 -0.013588 -0.011023 -0.203319 0.118383 -0.354371 -0.021949 -0.302197 -0.032188 -0.736335 -0.031936 -0.007887 -0.162051 -0.019423 -0.126354 -0.145990 -0.102153 -0.016033 -9999.0 -9999.0 -9999.0 -9999.0 -9999.0 -9999.0
-9999.0 -9999.0 -9999.0 -9999.0 -9999.0 -9999.0 -9999.0 -9999.0 -9999.0 -9999.0 -9999.0 -0.237874 -0.606796 -0.733888 -0.132853 -0.129301 -0.157722 -0.453679 0.283459 0.109225 -0.049147 -0.498241 -0.094679 -0.829081 -0.163745 -0.054841 -0.185327 -2.000774 -0.011536 -0.262363 -0.151975 -0.124552 0.162608 -0.803738 -2.842637 -1.054941 -1.524564 -3.375237 -0.110779 0.132966 -0.188640 -0.048961 -0.049772 -0.491666 0.223995 -0.021238 0.079379 0.098170 0.099022 -0.017289 -1.552328 -0.459862 -0.187309 -1.666804 -1.131658 -1.838003 -0.197633 -9999.0 -9999.0 -9999.0 -9999.0 -9999.0 -9999.0
-9999.0 -9999.0 -9999.0 -9999.0 -9999.0 -9999.0 -9999.0 -9999.0 -9999.0 -9999.0 -0.078212 -0.165592 -0.038131 -0.096474 -0.013905 -0.107462 -0.595810 -1.071603 -0.025367 0.111803 0.227803 0.145469 -0.707897 0.221080 -0.016612 -0.145322 -1.107289 -2.034833 0.144909 0.191886 -0.048100 -0.185652 -0.566232 -1.911671 -3.278136 -0.976496 -0.050735 -0.350144 -0.966788 -0.024125 0.056228 -0.729285 -0.986050 -0.036755 -0.069827 -0.143547 0.090374 -0.049114 0.060257 -0.012669 -1.443086 -1.731439 -1.355007 -1.906256 -1.720931 -0.006984 -0.008099 -9999.0 -9999.0 -9999.0 -9999.0 -9999.0 -9999.0
-9999.0 -9999.0 -9999.0 -9999.0 -9999.0 -9999.0 -9999.0 -9999.0 -9999.0 -0.976207 -0.151869 -0.157012 -0.149188 -0.194059 -0.153458 -0.172857 -0.237076 0.207818 -0.014959 0.150930 0.250398 -0.113399 -0.068909 0.100853 -0.017538 -1.111897 -0.228891 0.209333 -0.025493 0.040522 0.024298 -1.269986 -2.747151 -2.815286 -2.484387 -2.781573 -0.254391 -0.465923 -0.577971 -0.135348 -0.255299 -0.537755 -0.799578 -0.007629 -0.059526 -0.018990 0.579503 -0.103125 -0.093512 0.031716 -0.605603 -0.210158 -1.964842 -1.961260 -0.371483 -0.334503 -0.053259 0.060874 -0.092259 -9999.0 -9999.0 -9999.0 -9999.0
-9999.0 -9999.0 -9999.0 -9999.0 -9999.0 -9999.0 -9999.0 -9999.0 -9999.0 -0.981807 -0.897024 -0.168016 0.189549 -0.150334 -0.164049 -0.154505 0.106151 -0.057697 0.135922 3.188127 2.891695 0.307593 0.093690 0.112872 -1.099340 -0.154128 -0.035685 0.056239 0.103666 -0.014885 -0.016735 -1.046115 -2.039989 -0.695298 -0.014542 -0.228583 -0.287644 -0.307227 -2.303109 -0.390219 -0.306620 -1.056226 -0.111930 -0.082826 0.077566 0.146238 0.146805 0.122551 0.116918 -0.020067 -0.906636 -0.546876 -2.187107 -1.319345 -1.468967 -0.093843 -0.138322 -0.021224 0.247595 -9999.0 -9999.0 -9999.0 -9999.0
-9999.0 -9999.0 -9999.0 -9999.0 -9999.0 -9999.0 -9999.0 -9999.0 -9999.0 -9999.0 -0.710173 -0.127092 -0.486117 -0.104152 -0.078900 -0.176587 -0.108347 0.106078 0.299532 0.322272 0.304003 0.071286 -0.120082 -0.628459 -0.153243 0.024166 0.142128 0.096138 -0.011402 -0.548808 -1.079905 -0.193819 -1.553740 -1.959378 0.087940 0.197699 0.181654 0.091361 -0.640204 -2.117613 -2.219286 0.090092 -0.007296 -0.525511 -1.042605 -0.104290 -0.024006 0.091178 0.189182 0.133266 -0.586481 -0.530004 -0.208010 -2.214045 -0.088939 -0.626899 -0.022917 0.131221 0.138439 0.132497 -9999.0 -9999.0 -9999.0
-9999.0 -9999.0 -9999.0 -9999.0 -9999.0 -9999.0 -9999.0 -9999.0 -9999.0 -9999.0 -0.551470 -0.155605 -0.136122 -0.261166 0.117091 -0.117266 -0.123348 -0.015830 0.445468 0.384312 0.116631 -0.015530 -0.100325 -0.056487 -0.015025 0.174986 0.159980 -0.013294 -0.433746 -1.369118 -1.699449 -0.102128 -1.796292 -1.797766 -1.873871 -0.944047 -0.047630 -0.149325 -0.914299 -1.555315 -0.069521 -0.326924 -0.235957 -1.316431 -0.308804 -0.877631 -0.023697 -0.036289 0.168409 0.206793 0.136072 -0.102795 -0.058420 -0.194906 -0.980890 -0.124084 -0.309330 -0.016865 0.216508 0.727565 -9999.0 -9999.0 -9999.0
-9999.0 -9999.0 -9999.0 -9999.0 -9999.0 -9999.0 -9999.0 -9999.0 0.041073 -0.032348 -0.382978 -0.130620 -0.597976 -0.524095 -0.331042 0.065260 0.097130 5.671175 2.371205 2.015151 0.366290 0.208479 0.110431 0.013357 0.131243 0.113757 0.228947 -0.264244 -0.218124 -0.890002 -2.429802 -1.673322 -1.369301 -0.488475 -0.083302 -2.000187 -0.010887 -0.085264 -1.778401 -0.429658 -1.785638 -0.653315 -1.967385 -1.999771 0.085336 -0.007515 -0.770983 -0.146427 -0.012980 0.210043 0.156055 -0.028407 -0.054502 -0.496846 -0.069206 0.243191 0.206851 0.494461 0.179625 3.735525 -9999.0 -9999.0 -9999.0
-9999.0 -9999.0 -9999.0 -9999.0 -9999.0 -9999.0 -9999.0 -9999.0 -1.054910 -0.111143 -0.749585 -1.464275 -0.497745 -0.403508 -1.867437 -0.116393 -0.019700 -0.011949 1.324998 3.081670 8.317242 4.969020 1.387638 0.342871 0.133161 0.217065 -0.012861 -0.045105 -1.814062 -0.036417 -0.146565 -0.120377 -0.026055 -0.433028 -0.012704 0.104271 0.435393 0.012546 -0.438057 -0.008960 -0.755092 -2.107530 -1.944990 0.042216 0.203884 -0.169868 -1.566516 -0.912117 -0.016981 0.110775 0.222332 0.092241 -0.102294 0.065690 0.508894 0.016574 0.096706 0.273063 2.597799 4.813095 4.721265 -9999.0 -9999.0
-9999.0 -9999.0 -9999.0 -9999.0 -9999.0 -9999.0 -9999.0 -9999.0 -0.882865 0.044329 0.081103 -0.596344 0.035759 -1.428056 -0.064982 -0.505058 -0.062167 0.210398 1.749580 6.668276 3.471807 5.892865 5.572265 0.723530 3.685908 0.184399 0.066915 -0.274226 -1.729500 0.072448 -0.082772 0.197992 -0.173102 -0.684988 0.092694 0.526908 -0.152398 -0.011265 -0.786045 -0.695543 -0.054943 -0.237083 -0.013192 -0.032476 -0.272659 -0.131504 -0.076541 -0.007917 -0.164224 0.042863 0.502212 0.177636 -0.039892 -0.270848 0.132381 0.260454 0.198312 0.594491 4.603291 4.334881 3.796080 -9999.0 -9999.0
-9999.0 -9999.0 -9999.0 -9999.0 -9999.0 -9999.0 -9999.0 -9999.0 -2.270227 0.007191 -0.047858 -0.809923 0.151367 -0.052230 -0.506157 -0.028186 0.408768 1.671279 0.349847 2.011378 2.965937 3.416403 5.763603 5.052218 0.231091 0.089338 -0.146209 -0.915895 0.226867 -0.026632 -0.161581 -0.064354 0.038753 0.030960 -0.660862 0.194730 0.431572 0.070097 -0.374853 -0.356987 -0.009294 0.116938 0.130972 0.250219 -0.007901 0.059925 0.174103 0.244656 0.186292 -0.011015 0.115778 1.973857 0.164701 0.259888 0.526664 0.555415 3.783958 3.060710 4.144042 3.640940 1.852826 0.212822 -9999.0
-9999.0 -9999.0 -9999.0 -9999.0 -9999.0 -9999.0 -9999.0 -9999.0 -0.150082 0.001202 -0.036068 -0.166181 -0.057543 0.068898 0.265849 0.258768 0.236167 0.159436 -0.012140 0.172714 0.715639 3.312699 3.484618 3.615951 0.356131 0.028841 -0.153891 0.003692 0.129232 0.121259 -0.503505 0.104261 0.114244 0.113772 -0.015987 0.041523 0.118962 0.147262 0.163337 0.060305 -0.017363 -0.033559 0.096406 -0.018222 -0.370997 0.424618 -0.013454 0.133737 0.059252 0.178016 0.202361 0.279386 2.191479 2.836513 2.820836 2.995702 3.379836 3.392042 3.176958 1.831770 0.670135 0.193238 -9999.0
-9999.0 -9999.0 -0.012603 0.032903 -0.188035 -0.160727 -0.123233 -0.195385 0.026476 -0.053842 -0.072924 -0.027612 -0.015182 0.172381 3.928564 0.204553 -0.050962 -0.260439 -0.115992 -0.048309 0.189103 2.980718 3.327647 1.644600 0.268392 0.178775 -0.016773 0.071920 0.126157 0.296857 -0.072644 -0.014500 0.228990 0.112101 0.201423 0.124708 0.204397 0.463477 0.171046 0.049399 0.177093 0.200338 0.133528 0.168809 -0.123096 0.120944 0.152190 0.090876 0.493827 2.833097 4.084184 3.864113 3.541943 3.049589 2.521914 6.614071 2.346201 1.960451 0.733663 0.301856 0.387735 0.163431 -9999.0
-9999.0 -0.077673 -0.075295 -0.101754 -0.133024 -0.055792 -0.167861 -0.280515 -0.385967 -0.392331 -0.155270 -0.053073 0.098678 1.575115 0.261581 -0.680561 -0.109925 -0.217276 -0.059096 -0.028853 0.199497 2.065354 3.662919 2.703024 5.586601 0.424463 6.019921 5.958901 0.614604 0.261869 0.201820 0.169034 0.260717 6.183772 1.322289 2.785930 3.924442 3.497640 3.401893 1.834048 0.950371 2.332324 0.959985 0.127033 0.079439 0.128209 1.026179 3.376011 4.848289 2.541766 3.094993 2.681537 2.023804 1.491162 1.298009 0.758811 0.220321 0.204199 0.124876 0.261346 0.138064 0.155547 -9999.0
-9999.0 -0.008268 0.038168 0.045254 0.244698 -0.015472 -0.320607 -0.182192 0.030836 0.035122 -0.122677 -0.050947 0.096521 0.266809 -0.013993 -0.236609 -0.568570 -0.150515 0.081393 -0.022339 0.166384 0.276490 2.661784 1.567594 7.001230 8.005700 2.909815 3.565338 3.293985 3.200558 3.054516 2.327804 3.282774 3.471512 7.125770 4.848169 10.868686 12.365505 5.744367 5.463066 5.505819 5.006607 4.437828 3.244693 3.714803 3.924390 5.199296 4.805257 3.012991 2.964917 1.248219 0.262456 0.196458 0.607050 0.228808 0.053482 0.126492 -0.007538 -0.008174 -0.013041 -0.010227 -9999.0 -9999.0
