erum2020/resources/simulation/Vinschgau/output-maps/TsL0004N0902.asc
ncols         63
nrows         48
xllcorner     598000.000000
yllcorner     5145000.000000
cellsize      1000.000000
NODATA_value  -9999.0
[rows 0 to 27 of 48, columns 0 to 62 of 63]
-9999.0 -9999.0 -9999.0 -9999.0 -9999.0 -9999.0 -9999.0 -9999.0 -9999.0 -9999.0 -9999.0 -9999.0 -9999.0 -9999.0 -9999.0 -9999.0 -9999.0 -9999.0 -9999.0 -9999.0 -9999.0 -9999.0 -9999.0 -9999.0 -9999.0 -9999.0 -9999.0 -9999.0 -9999.0 -9999.0 -9999.0 -9999.0 -9999.0 -9999.0 -9999.0 -9999.0 -9999.0 -9999.0 -9999.0 -9999.0 -9999.0 -9999.0 -9999.0 -9999.0 -9999.0 -9999.0 -9999.0 -9999.0 -9999.0 -9999.0 -9999.0 -9999.0 -9999.0 -9999.0 -9999.0 -9999.0 -9999.0 -9999.0 -9999.0 -9999.0 -9999.0 -9999.0 -9999.0
-9999.0 -9999.0 -9999.0 -9999.0 -9999.0 -9999.0 -9999.0 -9999.0 -9999.0 -9999.0 -9999.0 -9999.0 -9999.0 -9999.0 -9999.0 -9999.0 -9999.0 -9999.0 -9999.0 -9999.0 -9999.0 -9999.0 -9999.0 -9999.0 -9999.0 -9999.0 -9999.0 -4.596002 -3.278242 -3.760625 -3.946980 -4.698061 -4.999748 -9999.0 -9999.0 -9999.0 -9999.0 -9999.0 -9999.0 -9999.0 -9999.0 -9999.0 -9999.0 -9999.0 -9999.0 -9999.0 -9999.0 -9999.0 -9999.0 -9999.0 -9999.0 -9999.0 -9999.0 -9999.0 -9999.0 -9999.0 -9999.0 -9999.0 -9999.0 -9999.0 -9999.0 -9999.0 -9999.0
-9999.0 -9999.0 -9999.0 -9999.0 -9999.0 -9999.0 -9999.0 -9999.0 -9999.0 -9999.0 -9999.0 -9999.0 -9999.0 -9999.0 -9999.0 -9999.0 -9999.0 -9999.0 -9999.0 -9999.0 -9999.0 -9999.0 -9999.0 -9999.0 -2.553705 -2.288614 -1.736963 -2.490806 -1.777198 -3.616860 -4.272912 -9999.0 -9999.0 -9999.0 -9999.0 -9999.0 -9999.0 -9999.0 -9999.0 -9999.0 -9999.0 -9999.0 -9999.0 -9999.0 -9999.0 -9999.0 -9999.0 -9999.0 -9999.0 -9999.0 -9999.0 -9999.0 -9999.0 -9999.0 -9999.0 -9999.0 -9999.0 -9999.0 -9999.0 -9999.0 -9999.0 -9999.0 -9999.0
-9999.0 -9999.0 -9999.0 -9999.0 -9999.0 -9999.0 -9999.0 -9999.0 -9999.0 -9999.0 -9999.0 -9999.0 -9999.0 -9999.0 -9999.0 -9999.0 -9999.0 -9999.0 -9999.0 -9999.0 -9999.0 -9999.0 -9999.0 -2.176532 -0.655114 -0.006970 0.550938 1.251495 -0.007321 -2.017704 -4.168864 -4.808897 -9999.0 -9999.0 -9999.0 -9999.0 -9999.0 -9999.0 -9999.0 -9999.0 -9999.0 -9999.0 -9999.0 -9999.0 -9999.0 -9999.0 -9999.0 -9999.0 -9999.0 -9999.0 -9999.0 -9999.0 -9999.0 -9999.0 -9999.0 -9999.0 -9999.0 -9999.0 -9999.0 -9999.0 -9999.0 -9999.0 -9999.0
-9999.0 -9999.0 -9999.0 -9999.0 -9999.0 -9999.0 -9999.0 -9999.0 -9999.0 -9999.0 -9999.0 -9999.0 -9999.0 -9999.0 -9999.0 -9999.0 -9999.0 -9999.0 -0.020768 -1.305746 -9999.0 -1.729318 -0.687947 -0.011457 -0.004858 1.126285 -0.010082 -0.016311 -0.002142 -0.041926 -2.367909 -3.898002 -5.693192 -7.574776 -9999.0 -9999.0 -9999.0 -9999.0 -9999.0 -9999.0 -9999.0 -9999.0 -9999.0 -9999.0 -9999.0 -9999.0 -9999.0 -9999.0 -9999.0 -9999.0 -9999.0 -9999.0 -9999.0 -9999.0 -9999.0 -9999.0 -9999.0 -9999.0 -9999.0 -9999.0 -9999.0 -9999.0 -9999.0
-9999.0 -9999.0 -9999.0 -9999.0 -9999.0 -9999.0 -9999.0 -9999.0 -9999.0 -9999.0 -9999.0 -9999.0 -9999.0 -9999.0 -9999.0 -9999.0 -9999.0 4.131763 2.509409 1.163703 -1.975739 -0.085005 -0.038645 -0.011836 -0.006017 -0.017171 -0.186092 -0.086051 -0.100357 -0.009105 -0.666275 -2.241534 -3.855319 -4.455981 -6.269356 -7.399466 -9999.0 -9999.0 -9999.0 -9999.0 -9999.0 -9999.0 -9999.0 -9999.0 -9999.0 -9999.0 -9999.0 -9999.0 -9999.0 -9999.0 -9999.0 -9999.0 -9999.0 -9999.0 -9999.0 -9999.0 -9999.0 -9999.0 -9999.0 -9999.0 -9999.0 -9999.0 -9999.0
-9999.0 -9999.0 -9999.0 -9999.0 -9999.0 -9999.0 -9999.0 -9999.0 -9999.0 -9999.0 -9999.0 -9999.0 -9999.0 -0.525262 -0.007651 1.923474 3.621878 4.445296 3.701280 -0.010529 -0.005627 -0.005583 -0.005366 -0.006471 -0.021417 -0.771006 -2.251918 -0.858593 -0.779789 -0.125691 -1.636733 -2.975684 -4.325386 -5.007494 -5.502617 -7.801129 -9999.0 -9999.0 -9999.0 -9999.0 -9999.0 -9999.0 -9999.0 -9999.0 -9999.0 -9999.0 -9999.0 -9999.0 -9999.0 -9999.0 -9999.0 -9999.0 -9999.0 -9999.0 -9999.0 -9999.0 -9999.0 -9999.0 -9999.0 -9999.0 -9999.0 -9999.0 -9999.0
-9999.0 -9999.0 -9999.0 -9999.0 -9999.0 -9999.0 -9999.0 -9999.0 -9999.0 -9999.0 -9999.0 -9999.0 -9999.0 -0.246053 1.055674 2.778049 2.936131 3.236819 4.486091 1.360747 2.748373 0.060201 0.934090 -0.003658 -0.121272 -0.116627 -3.294861 -4.146898 -5.236688 -1.756996 -1.203359 -3.760091 -5.661851 -9.447058 -6.765061 -9999.0 -9999.0 -9999.0 -9999.0 -9999.0 -9999.0 -9999.0 -9999.0 -9999.0 -9999.0 -9999.0 -9999.0 -9999.0 -9999.0 -9999.0 -9999.0 -9999.0 -9999.0 -9999.0 -9999.0 -9999.0 -9999.0 -9999.0 -9999.0 -9999.0 -9999.0 -9999.0 -9999.0
-9999.0 -9999.0 -9999.0 -9999.0 -9999.0 -9999.0 -9999.0 -9999.0 -9999.0 -9999.0 -9999.0 -9999.0 -9999.0 0.571983 0.025069 1.734885 2.319776 3.217158 4.748985 3.588403 0.092854 -0.076623 -0.019578 -0.052471 -0.014898 -0.022731 -2.991767 -5.512353 -4.736563 -8.244356 -4.340164 -10.246180 -10.538050 -13.186442 -8.085410 -9999.0 -9999.0 -9999.0 -9999.0 -9999.0 -9999.0 -9999.0 -9999.0 -9999.0 -9999.0 -9999.0 -9999.0 -9999.0 -9999.0 -9999.0 -9999.0 -9999.0 -9999.0 -9999.0 -9999.0 -9999.0 -9999.0 -9999.0 -9999.0 -9999.0 -9999.0 -9999.0 -9999.0
-9999.0 -9999.0 -9999.0 -9999.0 -9999.0 -9999.0 -9999.0 -9999.0 -9999.0 -9999.0 -9999.0 -9999.0 -0.009072 -0.081598 1.156444 -0.003694 0.650433 2.591137 3.851301 2.365231 -0.005264 -0.116665 -0.129897 -0.312529 -1.690274 -3.346636 -3.339319 -4.416253 -3.042728 -5.837095 -10.059788 -5.902490 -4.925303 -8.547570 -9999.0 -9999.0 -9999.0 -9999.0 -9999.0 -9999.0 -9999.0 -9999.0 -9999.0 -9999.0 -9999.0 -9999.0 -9999.0 -9999.0 -9999.0 -9999.0 -9999.0 -9999.0 -9999.0 -9999.0 -9999.0 -9999.0 -9999.0 -9999.0 -9999.0 -9999.0 -9999.0 -9999.0 -9999.0
-9999.0 -9999.0 -9999.0 -9999.0 -9999.0 -9999.0 -9999.0 -9999.0 -9999.0 -9999.0 -9999.0 -0.466996 0.222433 0.463422 0.175468 -0.131287 0.971181 2.499898 3.515111 1.604179 1.206685 -0.003947 -1.343425 -2.851178 -0.156869 -2.635448 -4.699832 -3.449075 -4.078388 -7.474397 -6.092363 -2.810581 -5.203691 -6.988013 -6.202880 -4.836205 -4.491399 -3.515391 -3.085616 -9999.0 -9999.0 -9999.0 -6.918716 -9999.0 -9999.0 -9999.0 -9999.0 -9999.0 -9999.0 -9999.0 -9999.0 -9999.0 -9999.0 -9999.0 -9999.0 -9999.0 -9999.0 -9999.0 -9999.0 -9999.0 -9999.0 -9999.0 -9999.0
-9999.0 -9999.0 -9999.0 -9999.0 -9999.0 -9999.0 -9999.0 -9999.0 -9999.0 -9999.0 -9999.0 -0.582744 0.811836 2.001422 1.952495 -0.474101 3.295717 3.409353 3.937881 2.368177 0.136065 -0.217271 -1.268108 -2.837470 -2.002705 -3.418634 -3.750611 -2.487711 -3.645221 -7.036256 -3.472744 -3.383607 -4.792241 -5.561242 -6.125970 -3.496610 -1.911688 -1.709210 -3.177190 -6.624957 -6.507061 -6.915618 -3.724536 -5.728292 -9999.0 -9999.0 -9999.0 -7.423805 -6.407758 -6.187923 -5.517955 -7.203560 -7.383562 -7.056063 -6.711010 -7.888438 -9999.0 -9999.0 -9999.0 -9999.0 -9999.0 -9999.0 -9999.0
-9999.0 -9999.0 -9999.0 -9999.0 -9999.0 -9999.0 -9999.0 -9999.0 -9999.0 -9999.0 -9999.0 -1.293528 -0.573576 -0.218055 -0.137603 -0.248324 -0.002978 2.778061 2.850002 2.426683 1.424204 -0.025958 -1.151497 -2.546536 -3.452621 -4.400812 -1.813779 -3.626038 -4.821157 -5.923035 -5.186171 -4.123338 -2.406304 -5.284602 -5.670699 -2.174040 -3.225752 -2.693534 -0.904743 -5.060466 -3.123707 -4.561502 -2.352156 -3.363939 -5.389917 -9999.0 -8.176730 -5.295437 -3.771348 -2.708240 -2.463140 -3.268298 -3.296865 -3.983574 -4.145438 -5.102071 -9999.0 -9999.0 -9999.0 -9999.0 -9999.0 -9999.0 -9999.0
-9999.0 -9999.0 -9999.0 -9999.0 -9999.0 -9999.0 -9999.0 -9999.0 -9999.0 -9999.0 -9999.0 -9999.0 -0.495132 -0.429948 -0.359125 -0.282231 -0.004564 1.990196 3.394119 2.425450 1.228319 -0.019040 -0.141829 -0.770959 -3.252227 -1.945997 -1.343612 -2.793610 -4.080447 -5.573555 -3.732370 -3.884668 -2.451969 -4.342559 -4.875523 -3.148963 -1.876491 -2.364662 -0.166733 -2.230978 -1.537422 -3.026108 -1.246059 -1.551166 -5.239349 -5.610954 -6.543430 -5.160035 -3.209062 -1.334338 -0.366846 -3.736409 -2.777491 -4.410128 -5.031506 -3.961056 -4.983866 -9999.0 -9999.0 -9999.0 -9999.0 -9999.0 -9999.0
-9999.0 -9999.0 -9999.0 -9999.0 -9999.0 -9999.0 -9999.0 -9999.0 -9999.0 -9999.0 -9999.0 -0.553591 -2.109926 -0.767094 -0.585030 -0.036058 -0.007577 1.198904 2.791143 3.297114 1.577684 -0.006076 -0.058473 -1.997577 -1.629133 -0.249283 -0.528487 -4.337113 -4.471438 -4.055325 -1.983363 -3.014884 -1.252780 -4.222428 -6.209043 -3.546397 -3.432172 -1.046644 -0.031755 -0.407155 -1.070423 -0.101422 -0.617896 -1.261740 -0.925827 -4.168119 -3.025327 -3.859487 -2.966397 -0.227263 -4.163387 -4.070610 -6.544022 -7.487125 -8.464421 -9.613052 -5.853977 -9999.0 -9999.0 -9999.0 -9999.0 -9999.0 -9999.0
-9999.0 -9999.0 -9999.0 -9999.0 -9999.0 -9999.0 -9999.0 -9999.0 -9999.0 -9999.0 -1.278518 -0.386028 -1.388396 -1.325023 -0.430931 -0.730519 -0.779849 -0.009659 2.762907 2.944232 0.708785 -0.003624 -0.642598 -0.507414 -0.095548 -1.623677 -2.606001 -5.121947 -2.509443 -1.712823 -2.443613 -2.542987 -1.749960 -4.251032 -8.011679 -5.136324 -2.323052 -1.564409 -0.062258 -0.017228 -0.015065 -0.002197 0.026458 0.411085 -0.141934 -3.953196 -2.918731 -1.051819 -0.347455 -0.091792 -6.406051 -6.412391 -8.960953 -10.381531 -9.697209 -4.194091 -4.055457 -9999.0 -9999.0 -9999.0 -9999.0 -9999.0 -9999.0
-9999.0 -9999.0 -9999.0 -9999.0 -9999.0 -9999.0 -9999.0 -9999.0 -9999.0 -3.194266 -0.889016 -1.489037 -0.242412 -0.835929 -0.259709 -0.167328 -0.233027 -0.109756 2.507156 3.354142 1.279000 -0.007009 -0.006539 -0.011405 -0.023471 -1.547567 -3.452096 -1.648131 -0.376105 -0.072446 -0.021596 -1.745045 -4.943830 -9.395656 -6.718860 -5.245815 -2.203781 -2.124525 -1.730582 -0.255562 -0.126960 -0.183349 -0.528313 1.121722 0.467870 -0.261905 -0.358081 -1.414103 -1.369779 -0.019657 -2.622563 -5.913628 -11.414234 -8.711509 -7.041071 -6.725355 -5.640594 -5.425253 -6.694079 -9999.0 -9999.0 -9999.0 -9999.0
-9999.0 -9999.0 -9999.0 -9999.0 -9999.0 -9999.0 -9999.0 -9999.0 -9999.0 -4.683502 -3.386403 -1.720118 -0.310757 -0.046882 -0.274361 -0.852165 -0.295932 -0.008638 3.141021 2.308728 1.905321 0.873624 -0.002490 -0.108134 -1.160471 -2.213484 -0.762490 -0.102635 -0.009622 -0.073495 -0.295546 -2.123149 -3.165041 -5.189133 -3.915261 -5.199316 -4.663094 -3.397045 -3.415293 -1.205345 -0.991235 -2.556835 -0.636519 -0.005720 1.729822 0.845208 0.492705 -0.014087 -0.050334 -0.018851 -2.990609 -6.208131 -8.382571 -7.293015 -6.047364 -7.638500 -5.585776 -4.866407 -4.389350 -9999.0 -9999.0 -9999.0 -9999.0
-9999.0 -9999.0 -9999.0 -9999.0 -9999.0 -9999.0 -9999.0 -9999.0 -9999.0 -9999.0 -3.945223 -1.685941 -0.141580 -0.536873 -0.030717 -0.158457 -0.057913 0.050046 3.996306 2.894619 1.934855 1.685030 -0.019216 -0.224936 -1.692381 -0.139271 -0.020129 -0.002931 -0.319669 -1.675768 -2.027023 -2.999637 -4.561068 -4.577349 -2.437448 -1.442802 -1.572898 -0.786680 -4.717452 -3.603120 -4.060535 -1.396134 -0.659247 -0.240801 -0.015091 -0.008175 0.582559 0.020508 1.155944 -0.020816 -1.938251 -5.298764 -7.202945 -8.147320 -7.461420 -5.335723 -2.858842 -1.605398 -1.986626 -0.129039 -9999.0 -9999.0 -9999.0
-9999.0 -9999.0 -9999.0 -9999.0 -9999.0 -9999.0 -9999.0 -9999.0 -9999.0 -9999.0 -4.160333 -2.959430 -1.847462 -0.103798 -0.007525 -0.005692 -0.009562 1.649829 4.369372 4.022175 2.730672 0.440717 -0.024978 -0.491986 -0.139064 -0.008308 0.477768 -0.015123 -1.367449 -4.238829 -3.686598 -2.015857 -6.017048 -5.382650 -3.562088 -1.109528 -1.557160 -0.265197 -2.700222 -4.492021 -3.270521 -2.669513 -1.301722 -2.150812 -0.640070 -0.333763 -0.086092 -0.014940 1.894766 0.846419 -0.029788 -2.732933 -4.865077 -6.729885 -8.809414 -7.914173 -5.423438 -1.491595 0.707677 0.592984 -9999.0 -9999.0 -9999.0
-9999.0 -9999.0 -9999.0 -9999.0 -9999.0 -9999.0 -9999.0 -9999.0 -2.484981 -3.789148 -4.682990 -2.420077 -3.329726 -1.060636 -0.065686 0.982985 2.025572 2.093230 3.624983 4.536060 4.514540 3.198002 2.033672 -0.007918 -0.015191 1.415504 -0.008873 -0.886195 -2.362444 -4.211775 -8.802100 -3.587418 -3.567177 -5.006120 -3.102890 -3.280819 -0.396889 -0.227473 -2.630027 -5.283540 -3.971270 -1.468777 -4.178603 -4.878154 -2.876145 -1.094976 -2.442953 -0.701735 -0.013932 1.082751 -0.018627 -0.789796 -4.534205 -6.654072 -7.428896 -4.573969 -5.055071 -0.615548 -0.010181 3.023625 -9999.0 -9999.0 -9999.0
-9999.0 -9999.0 -9999.0 -9999.0 -9999.0 -9999.0 -9999.0 -9999.0 -3.656464 -1.869619 -3.650673 -4.571092 -3.274223 -2.650292 -1.003779 -0.008084 0.909897 1.518671 4.905269 5.079027 4.584231 3.482750 2.163816 0.024859 2.429951 2.382769 0.341053 -0.388209 -5.691681 -4.387529 -5.131022 -4.718927 -3.034177 -4.537384 -2.520737 -1.906426 -0.179136 -0.246251 -0.583910 -2.457846 -3.737403 -7.516860 -4.426572 -2.249920 -1.837601 -1.341349 -4.557988 -2.641949 -0.360763 1.068302 0.641797 -0.289535 -5.408842 -5.177224 -3.154524 -3.787080 -1.636659 -0.086252 1.385302 3.774710 5.062509 -9999.0 -9999.0
-9999.0 -9999.0 -9999.0 -9999.0 -9999.0 -9999.0 -9999.0 -9999.0 -3.559943 -2.847545 -2.811273 -4.452208 -3.809421 -3.881870 -0.947106 -0.859705 -0.005808 0.919481 4.806856 4.695394 5.542374 4.386643 3.807401 3.643976 2.446493 2.158217 -0.003278 -1.318210 -4.894240 -3.514338 -4.150021 -1.384976 -2.790136 -2.362140 -1.241819 -1.188200 -0.044954 1.145671 -0.027047 -1.167250 -2.588790 -4.014208 -2.441256 -2.998730 -2.121521 -2.548162 -5.181748 -3.438742 -2.954156 -0.015094 2.025827 -0.019652 -4.616131 -5.045335 -2.704002 -1.092287 -0.002488 1.264486 3.426766 3.959203 4.447918 -9999.0 -9999.0
-9999.0 -9999.0 -9999.0 -9999.0 -9999.0 -9999.0 -9999.0 -9999.0 -6.098814 -2.335993 -0.874624 -5.972557 -2.903741 -1.418011 -0.334709 -0.003285 3.301941 4.559049 2.731069 5.133001 4.934152 5.349297 4.426995 4.005354 2.860390 0.441276 -0.054587 -2.071420 -1.669041 -1.012981 -1.407563 -0.645395 -0.076708 -0.298485 -0.305739 -0.533779 -0.070764 2.935460 -0.002552 -0.162939 -1.908228 -1.592144 -1.605036 -2.921138 -3.206353 -3.947091 -2.440144 -3.225684 -3.152254 -1.634071 -0.012820 1.621189 -0.019227 -1.041682 -0.016102 0.499901 2.032200 3.535091 4.572861 4.217223 3.300974 1.882632 -9999.0
-9999.0 -9999.0 -9999.0 -9999.0 -9999.0 -9999.0 -9999.0 -9999.0 -6.038206 -2.691534 -2.043429 -1.641394 -0.472002 -0.081758 -0.070641 0.872423 1.141045 1.643645 -0.005172 1.905891 4.102490 4.643381 4.975608 4.668507 1.568334 -0.006556 -1.176803 -0.142345 -0.028199 -0.520891 -0.317375 -0.020430 0.823880 -0.004564 -0.019241 -0.003556 1.096698 4.902415 4.350755 0.688259 -0.013917 -0.019233 -0.021179 -0.069309 -1.542792 -0.976178 -0.428421 -0.131419 -0.523935 -0.021764 0.002458 1.032734 1.383842 0.590131 1.192745 1.499695 2.218655 3.004062 3.604274 3.262153 3.114298 1.313699 -9999.0
-9999.0 -9999.0 -3.100377 -2.539582 -4.104336 -2.417135 -3.759185 -3.407757 -4.368850 -3.458410 -1.778177 -0.260268 -0.074916 -0.120252 -0.002209 0.457659 -0.017225 -1.294893 -0.744705 -0.006180 1.806951 4.476493 3.676077 5.630994 2.686190 1.147785 -0.008440 -0.005080 1.422535 -0.005465 -0.017914 -0.003892 1.750987 2.154882 2.264478 3.494404 4.553150 7.350361 6.368914 3.469786 2.290523 2.275571 2.829737 1.038107 -0.007734 -0.021016 0.012029 0.885327 1.046154 2.026976 2.718273 2.551433 1.935879 1.480552 1.414306 2.011873 2.002011 2.399288 2.003326 2.482864 0.041401 0.584402 -9999.0
-9999.0 -0.807847 -1.036491 -1.465511 -2.269366 -1.967178 -3.754884 -3.812014 -4.809420 -4.516546 -2.875640 -0.924580 -0.045778 -0.158675 -0.023363 -0.349692 -1.726281 -2.775601 -1.355065 -0.013394 1.607119 3.129871 2.004963 3.559941 3.151993 2.366953 1.197396 1.554674 2.560794 1.543937 1.386172 1.385349 2.777932 3.938015 5.067032 6.259450 7.795178 10.460412 7.871055 6.382308 5.592675 5.397950 4.678576 3.685085 2.491971 2.863427 2.792997 4.942168 4.217782 4.857281 3.289645 2.525521 1.768645 1.045916 0.984290 0.544753 0.373565 0.714184 0.019618 -0.021386 -0.003205 0.381780 -9999.0
-9999.0 -0.364901 -1.052239 -0.211953 -0.289583 -1.644282 -2.604411 -4.326747 -4.702629 -4.806878 -3.416628 -1.307871 -0.010191 -0.019537 -0.107161 -3.486090 -3.623875 -3.101154 -0.363717 -0.030953 -0.023316 1.236473 2.047203 1.006917 2.384380 3.433464 4.973035 4.608151 3.939158 5.613838 5.980983 5.681273 4.521980 5.402648 6.396473 8.255783 10.402390 11.522484 10.477405 9.632816 8.823746 7.915547 6.842935 7.376767 7.462053 7.220530 5.428446 5.205138 4.711075 4.045542 2.454608 1.345024 0.470580 1.116221 0.363543 -0.037184 -0.074811 -0.052508 -0.029957 -0.102690 -0.025937 -9999.0 -9999.0
