erum2020/resources/simulation/Vinschgau/output-maps/TsL0005N0177.asc
ncols         63
nrows         48
xllcorner     598000.000000
yllcorner     5145000.000000
cellsize      1000.000000
NODATA_value  -9999.0
[rows 0 to 27 of 48, columns 0 to 61 of 63]
-9999.0 -9999.0 -9999.0 -9999.0 -9999.0 -9999.0 -9999.0 -9999.0 -9999.0 -9999.0 -9999.0 -9999.0 -9999.0 -9999.0 -9999.0 -9999.0 -9999.0 -9999.0 -9999.0 -9999.0 -9999.0 -9999.0 -9999.0 -9999.0 -9999.0 -9999.0 -9999.0 -9999.0 -9999.0 -9999.0 -9999.0 -9999.0 -9999.0 -9999.0 -9999.0 -9999.0 -9999.0 -9999.0 -9999.0 -9999.0 -9999.0 -9999.0 -9999.0 -9999.0 -9999.0 -9999.0 -9999.0 -9999.0 -9999.0 -9999.0 -9999.0 -9999.0 -9999.0 -9999.0 -9999.0 -9999.0 -9999.0 -9999.0 -9999.0 -9999.0 -9999.0 -9999.0
-9999.0 -9999.0 -9999.0 -9999.0 -9999.0 -9999.0 -9999.0 -9999.0 -9999.0 -9999.0 -9999.0 -9999.0 -9999.0 -9999.0 -9999.0 -9999.0 -9999.0 -9999.0 -9999.0 -9999.0 -9999.0 -9999.0 -9999.0 -9999.0 -9999.0 -9999.0 -9999.0 -3.720137 -4.001944 -4.777113 -4.777366 -5.615823 -5.803453 -9999.0 -9999.0 -9999.0 -9999.0 -9999.0 -9999.0 -9999.0 -9999.0 -9999.0 -9999.0 -9999.0 -9999.0 -9999.0 -9999.0 -9999.0 -9999.0 -9999.0 -9999.0 -9999.0 -9999.0 -9999.0 -9999.0 -9999.0 -9999.0 -9999.0 -9999.0 -9999.0 -9999.0 -9999.0
-9999.0 -9999.0 -9999.0 -9999.0 -9999.0 -9999.0 -9999.0 -9999.0 -9999.0 -9999.0 -9999.0 -9999.0 -9999.0 -9999.0 -9999.0 -9999.0 -9999.0 -9999.0 -9999.0 -9999.0 -9999.0 -9999.0 -9999.0 -9999.0 -1.432728 -2.940532 -4.032728 -4.167970 -3.781385 -4.441852 -4.168776 -9999.0 -9999.0 -9999.0 -9999.0 -9999.0 -9999.0 -9999.0 -9999.0 -9999.0 -9999.0 -9999.0 -9999.0 -9999.0 -9999.0 -9999.0 -9999.0 -9999.0 -9999.0 -9999.0 -9999.0 -9999.0 -9999.0 -9999.0 -9999.0 -9999.0 -9999.0 -9999.0 -9999.0 -9999.0 -9999.0 -9999.0
-9999.0 -9999.0 -9999.0 -9999.0 -9999.0 -9999.0 -9999.0 -9999.0 -9999.0 -9999.0 -9999.0 -9999.0 -9999.0 -9999.0 -9999.0 -9999.0 -9999.0 -9999.0 -9999.0 -9999.0 -9999.0 -9999.0 -9999.0 -2.273319 -1.757117 -0.148871 -0.398068 -1.206020 -2.035480 -5.291127 -5.010160 -3.220357 -9999.0 -9999.0 -9999.0 -9999.0 -9999.0 -9999.0 -9999.0 -9999.0 -9999.0 -9999.0 -9999.0 -9999.0 -9999.0 -9999.0 -9999.0 -9999.0 -9999.0 -9999.0 -9999.0 -9999.0 -9999.0 -9999.0 -9999.0 -9999.0 -9999.0 -9999.0 -9999.0 -9999.0 -9999.0 -9999.0
-9999.0 -9999.0 -9999.0 -9999.0 -9999.0 -9999.0 -9999.0 -9999.0 -9999.0 -9999.0 -9999.0 -9999.0 -9999.0 -9999.0 -9999.0 -9999.0 -9999.0 -9999.0 -0.130947 -1.054127 -9999.0 -1.292606 -1.276639 -0.392221 -0.112939 -5.063102 -1.363546 -1.384783 -0.170967 -1.462037 -5.440249 -4.589192 -5.896811 -6.626162 -9999.0 -9999.0 -9999.0 -9999.0 -9999.0 -9999.0 -9999.0 -9999.0 -9999.0 -9999.0 -9999.0 -9999.0 -9999.0 -9999.0 -9999.0 -9999.0 -9999.0 -9999.0 -9999.0 -9999.0 -9999.0 -9999.0 -9999.0 -9999.0 -9999.0 -9999.0 -9999.0 -9999.0
-9999.0 -9999.0 -9999.0 -9999.0 -9999.0 -9999.0 -9999.0 -9999.0 -9999.0 -9999.0 -9999.0 -9999.0 -9999.0 -9999.0 -9999.0 -9999.0 -9999.0 -1.552452 -2.804995 -3.684267 -3.209606 -1.237058 -1.232858 -2.681726 -0.166096 -3.474118 -2.377386 -1.310712 -2.942332 -1.418538 -1.929111 -5.296100 -5.739557 -6.290797 -5.379290 -6.760749 -9999.0 -9999.0 -9999.0 -9999.0 -9999.0 -9999.0 -9999.0 -9999.0 -9999.0 -9999.0 -9999.0 -9999.0 -9999.0 -9999.0 -9999.0 -9999.0 -9999.0 -9999.0 -9999.0 -9999.0 -9999.0 -9999.0 -9999.0 -9999.0 -9999.0 -9999.0
-9999.0 -9999.0 -9999.0 -9999.0 -9999.0 -9999.0 -9999.0 -9999.0 -9999.0 -9999.0 -9999.0 -9999.0 -9999.0 -1.961381 -1.076929 -0.540646 -1.056531 -2.905568 -1.928486 -1.119309 -0.160103 -0.096998 -2.880060 -0.407133 -3.932111 -3.222417 -4.167412 -2.864110 -3.512400 -1.330208 -1.681927 -3.661891 -4.646884 -6.741284 -7.236966 -7.440297 -9999.0 -9999.0 -9999.0 -9999.0 -9999.0 -9999.0 -9999.0 -9999.0 -9999.0 -9999.0 -9999.0 -9999.0 -9999.0 -9999.0 -9999.0 -9999.0 -9999.0 -9999.0 -9999.0 -9999.0 -9999.0 -9999.0 -9999.0 -9999.0 -9999.0 -9999.0
-9999.0 -9999.0 -9999.0 -9999.0 -9999.0 -9999.0 -9999.0 -9999.0 -9999.0 -9999.0 -9999.0 -9999.0 -9999.0 -1.150553 -0.138831 -0.419325 -0.439059 -0.321012 -3.018742 -3.444730 -3.979053 -3.445215 -1.083250 -1.790776 -1.278622 -2.761732 -4.262418 -5.833218 -6.167738 -4.057173 -2.383215 -6.492812 -7.295459 -7.839534 -7.794885 -9999.0 -9999.0 -9999.0 -9999.0 -9999.0 -9999.0 -9999.0 -9999.0 -9999.0 -9999.0 -9999.0 -9999.0 -9999.0 -9999.0 -9999.0 -9999.0 -9999.0 -9999.0 -9999.0 -9999.0 -9999.0 -9999.0 -9999.0 -9999.0 -9999.0 -9999.0 -9999.0
-9999.0 -9999.0 -9999.0 -9999.0 -9999.0 -9999.0 -9999.0 -9999.0 -9999.0 -9999.0 -9999.0 -9999.0 -9999.0 -1.064824 -0.115120 -0.163335 -0.437162 -1.063823 -2.940877 -0.628248 -0.998458 -4.282975 -1.653215 -1.443317 -1.204719 -1.221636 -4.233930 -6.016288 -4.442789 -6.771079 -6.253035 -7.650087 -7.673072 -8.204786 -8.122350 -9999.0 -9999.0 -9999.0 -9999.0 -9999.0 -9999.0 -9999.0 -9999.0 -9999.0 -9999.0 -9999.0 -9999.0 -9999.0 -9999.0 -9999.0 -9999.0 -9999.0 -9999.0 -9999.0 -9999.0 -9999.0 -9999.0 -9999.0 -9999.0 -9999.0 -9999.0 -9999.0
-9999.0 -9999.0 -9999.0 -9999.0 -9999.0 -9999.0 -9999.0 -9999.0 -9999.0 -9999.0 -9999.0 -9999.0 -1.081333 -0.140836 -0.155906 -2.945380 -0.212775 -0.445323 -0.205570 -3.326694 -1.151197 -2.367965 -2.545232 -1.327559 -1.176865 -5.417159 -1.351589 -3.178280 -4.600939 -6.236350 -6.559591 -5.557010 -6.215126 -7.470942 -9999.0 -9999.0 -9999.0 -9999.0 -9999.0 -9999.0 -9999.0 -9999.0 -9999.0 -9999.0 -9999.0 -9999.0 -9999.0 -9999.0 -9999.0 -9999.0 -9999.0 -9999.0 -9999.0 -9999.0 -9999.0 -9999.0 -9999.0 -9999.0 -9999.0 -9999.0 -9999.0 -9999.0
-9999.0 -9999.0 -9999.0 -9999.0 -9999.0 -9999.0 -9999.0 -9999.0 -9999.0 -9999.0 -9999.0 -1.165348 -1.037394 -0.163280 -2.228361 -1.943697 -4.229278 -0.645403 -0.187246 -4.196380 -3.788687 -0.185319 -2.523782 -4.247226 -2.731237 -3.051467 -5.694713 -2.992492 -3.339252 -6.799653 -4.740624 -5.445017 -6.014561 -8.014940 -8.247486 -9.187066 -10.021285 -9.945118 -9.767641 -9999.0 -9999.0 -9999.0 -8.259077 -9999.0 -9999.0 -9999.0 -9999.0 -9999.0 -9999.0 -9999.0 -9999.0 -9999.0 -9999.0 -9999.0 -9999.0 -9999.0 -9999.0 -9999.0 -9999.0 -9999.0 -9999.0 -9999.0
-9999.0 -9999.0 -9999.0 -9999.0 -9999.0 -9999.0 -9999.0 -9999.0 -9999.0 -9999.0 -9999.0 -1.566311 -1.092829 -1.003014 -1.068234 -3.174763 -1.216998 -1.129038 -0.469067 -0.374373 -0.165449 -0.384383 -1.555095 -2.586369 -2.455108 -3.978391 -3.759884 -3.715405 -3.798045 -6.113745 -5.198850 -5.887976 -7.388009 -6.322074 -8.629005 -9.489971 -9.184444 -2.945917 -4.326130 -11.888391 -10.672090 -10.231489 -7.872115 -7.091596 -9999.0 -9999.0 -9999.0 -0.192751 -1.299010 -1.224825 -1.151942 -1.146836 -1.092997 -0.012548 -0.010529 -0.934443 -9999.0 -9999.0 -9999.0 -9999.0 -9999.0 -9999.0
-9999.0 -9999.0 -9999.0 -9999.0 -9999.0 -9999.0 -9999.0 -9999.0 -9999.0 -9999.0 -9999.0 -1.299808 -1.500237 -3.697514 -1.070764 -3.105550 -1.160581 -1.214347 -0.515546 -0.186674 -0.336788 -1.051506 -1.361263 -1.831424 -4.537785 -4.457915 -2.879050 -3.570250 -5.288800 -4.429537 -6.112662 -5.666303 -6.147186 -7.355412 -9.096772 -9.785505 -5.675086 -3.101602 -2.957625 -6.124014 -9.780105 -10.508652 -7.767864 -7.408564 -4.570624 -9999.0 -3.922719 -1.295491 -1.202573 -1.097998 -1.242564 -1.289311 -0.376703 -0.003113 -0.001151 -0.004860 -9999.0 -9999.0 -9999.0 -9999.0 -9999.0 -9999.0
-9999.0 -9999.0 -9999.0 -9999.0 -9999.0 -9999.0 -9999.0 -9999.0 -9999.0 -9999.0 -9999.0 -9999.0 -1.188346 -1.097307 -0.526546 -1.143944 -1.576803 -1.458269 -0.198385 -0.238833 -1.307266 -1.033863 -1.095601 -1.359792 -3.731490 -2.101263 -0.129755 -4.867994 -4.219143 -4.386994 -4.224524 -5.458740 -6.234088 -6.775802 -8.498020 -10.323736 -6.136520 -4.019945 -2.839612 -4.592468 -9.341098 -8.824571 -7.395952 -3.129955 -6.380689 -2.675545 -2.556660 -1.210503 -1.290412 -2.291431 -1.006541 -1.060774 -0.143225 -0.163801 -1.144580 -1.130212 -0.194946 -9999.0 -9999.0 -9999.0 -9999.0 -9999.0
-9999.0 -9999.0 -9999.0 -9999.0 -9999.0 -9999.0 -9999.0 -9999.0 -9999.0 -9999.0 -9999.0 -1.191035 -2.064805 -2.382499 -1.189945 -1.177886 -1.091928 -2.319498 -0.476878 -0.148276 -2.239888 -0.291675 -1.021598 -3.033205 -1.475249 -1.179385 -1.266344 -4.822565 -3.965899 -4.478355 -4.552360 -4.608529 -4.253167 -6.368577 -8.877112 -10.014858 -12.746026 -5.420350 -2.381260 -2.059663 -8.352789 -6.260421 -6.003301 -6.106105 -1.566290 -2.604382 -1.379980 -2.967164 -1.336073 -4.625842 -2.897542 -2.527091 -1.215933 -3.601286 -2.619695 -3.354298 -0.979620 -9999.0 -9999.0 -9999.0 -9999.0 -9999.0
-9999.0 -9999.0 -9999.0 -9999.0 -9999.0 -9999.0 -9999.0 -9999.0 -9999.0 -9999.0 -0.385729 -1.170655 -1.042203 -1.845109 -0.148269 -1.202551 -2.359594 -1.118167 -0.621601 -0.186487 -0.156549 -0.249703 -1.256774 -0.146726 -1.038216 -0.994647 -3.545758 -5.604779 -2.184018 -1.353770 -2.086821 -3.328814 -4.358513 -6.507257 -8.888303 -9.298610 -9.566059 -6.706640 -2.845642 -2.669277 -2.865756 -7.238390 -6.904867 -1.520219 -3.559792 -5.816175 -1.329623 -4.236012 -1.579812 -2.514988 -2.766207 -3.411654 -3.217398 -3.575168 -3.132212 -0.007504 -0.006882 -9999.0 -9999.0 -9999.0 -9999.0 -9999.0
-9999.0 -9999.0 -9999.0 -9999.0 -9999.0 -9999.0 -9999.0 -9999.0 -9999.0 -2.444646 -0.457594 -0.418131 -1.174462 -1.157592 -0.180624 -1.706098 -1.774576 -0.151615 -1.911164 -0.121979 -0.164616 -0.931000 -1.647412 -0.577073 -0.850482 -3.893733 -4.509916 -1.393700 -1.308724 -0.729590 -3.595391 -5.108959 -6.989085 -7.546869 -7.608044 -8.498259 -7.810997 -8.717160 -8.875060 -8.740347 -3.293424 -6.253645 -6.194524 -1.239771 -5.269917 -4.093335 -0.849925 -4.020419 -3.141614 -0.548194 -2.715229 -1.097914 -3.832727 -2.235151 -1.024016 -1.077536 -0.028913 -0.970761 -0.994927 -9999.0 -9999.0 -9999.0
-9999.0 -9999.0 -9999.0 -9999.0 -9999.0 -9999.0 -9999.0 -9999.0 -9999.0 -2.663752 -2.188020 -2.191805 -0.121445 -1.171125 -1.183359 -1.143239 -0.012132 -0.960807 -2.564169 -0.688107 -0.668470 -3.323867 -0.392764 -0.900934 -3.384202 -2.383963 -1.243457 -1.116091 -4.095092 -1.276724 -3.857711 -5.843090 -4.988946 -4.302890 -5.970763 -7.606328 -8.136887 -7.848150 -7.484941 -5.818420 -1.559333 -5.630594 -4.319578 -5.529326 -0.147716 -4.536855 -4.561654 -4.191091 -1.195405 -2.869317 -1.870325 -1.317754 -2.112262 -1.381174 -3.053798 -0.247928 -0.237336 -0.221863 -1.044338 -9999.0 -9999.0 -9999.0
-9999.0 -9999.0 -9999.0 -9999.0 -9999.0 -9999.0 -9999.0 -9999.0 -9999.0 -9999.0 -2.171556 -2.133674 -1.193800 -0.317484 -2.008177 -1.138207 -0.904524 -0.519417 -1.020491 -1.277859 -0.128481 -2.647767 -0.808614 -1.004051 -2.223297 -0.931712 -4.343018 -4.893075 -2.996389 -3.223754 -3.964470 -1.364080 -4.780392 -5.202269 -4.665793 -3.808989 -3.515242 -5.181270 -6.824564 -6.352697 -6.600296 -2.952576 -3.676808 -2.942771 -5.162413 -6.632741 -4.657855 -0.941871 -2.008965 -3.717309 -2.691671 -1.145763 -1.155320 -1.843978 -1.190079 -1.910942 -1.191430 -0.993346 -0.667764 -0.119109 -9999.0 -9999.0
-9999.0 -9999.0 -9999.0 -9999.0 -9999.0 -9999.0 -9999.0 -9999.0 -9999.0 -9999.0 -2.234185 -2.168268 -1.186761 -0.971669 -0.212572 -0.853007 -0.926201 -0.351539 -0.249326 -0.048379 -2.141248 -1.207874 -0.367451 -1.137098 -1.152445 -4.866464 -3.741865 -2.142892 -2.972290 -5.137094 -4.963110 -1.417510 -5.444967 -5.101745 -5.097642 -3.960236 -4.583238 -5.344228 -5.955312 -4.781277 -2.536757 -2.849429 -1.726943 -4.177219 -0.811406 -1.781312 -1.138604 -3.944206 -1.783002 -4.584448 -3.722345 -1.152520 -1.188981 -1.120038 -1.120070 -1.112358 -1.820377 -0.149628 -3.803355 -0.466584 -9999.0 -9999.0
-9999.0 -9999.0 -9999.0 -9999.0 -9999.0 -9999.0 -9999.0 -9999.0 -1.033640 -1.242204 -3.093178 -1.268589 -1.370450 -1.564955 -0.961008 -0.194659 -2.784954 -2.690065 -0.042171 -0.041211 -0.143043 -0.263698 -2.929945 -1.633071 -1.966986 -1.631163 -0.446683 -2.823179 -1.629101 -3.797624 -6.317697 -4.522837 -3.669770 -3.222348 -1.842640 -5.542947 -1.362331 -4.439330 -5.635241 -3.338739 -4.438216 -3.108599 -4.829691 -5.256253 -1.759830 -1.130369 -3.205605 -1.112920 -3.549644 -2.332875 -0.870089 -1.373283 -1.019064 -1.165758 -1.186296 -0.011792 -1.079141 -0.018841 -1.739594 -0.678815 -9999.0 -9999.0
-9999.0 -9999.0 -9999.0 -9999.0 -9999.0 -9999.0 -9999.0 -9999.0 -2.882644 -1.173023 -3.488229 -3.749252 -2.508701 -1.025041 -1.044414 -0.869837 -0.643281 -0.827941 -0.143427 -0.035599 -0.040070 -0.049782 -1.839512 -3.299192 -0.334629 -0.276254 -0.917019 -2.384752 -4.602299 -2.215448 -2.076242 -4.181237 -1.426522 -2.611952 -1.455754 -1.518905 -2.202853 -2.630475 -3.926686 -1.331407 -3.468686 -5.495834 -4.538897 -1.221864 -1.303292 -1.208948 -3.588149 -2.763365 -1.235253 -1.163965 -4.403344 -1.213417 -1.269412 -0.004867 -1.354725 -2.852734 -1.119505 -1.167168 -4.362278 -0.038111 -0.036801 -9999.0
-9999.0 -9999.0 -9999.0 -9999.0 -9999.0 -9999.0 -9999.0 -9999.0 -2.653100 -1.420766 -1.105088 -3.245746 -1.258674 -3.672472 -0.458526 -2.539205 -3.564215 -1.793072 -0.145879 -0.037589 -0.031918 -0.046167 -0.050495 -0.052222 -0.090598 -3.544331 -1.118766 -2.843068 -6.105900 -3.611421 -3.800080 -1.385193 -3.673589 -4.663361 -1.319571 -1.296314 -1.221130 -3.728248 -3.097022 -1.814364 -1.326782 -1.703971 -1.263057 -1.253414 -1.357338 -1.586850 -1.216217 -0.175175 -1.292163 -2.593848 -0.093277 -2.506269 -2.676467 -2.522235 -2.778949 -0.515681 -4.765219 -1.507435 -0.665079 -0.113409 -0.037626 -9999.0
-9999.0 -9999.0 -9999.0 -9999.0 -9999.0 -9999.0 -9999.0 -9999.0 -5.037710 -1.482248 -0.117830 -4.454180 -0.153150 -0.132616 -1.005775 -3.246918 -0.982689 -0.147541 -1.452446 -0.037053 -0.045944 -0.033710 -0.035416 -0.041062 -0.093014 -0.254284 -0.772245 -3.864411 -0.577597 -1.119033 -3.550498 -3.152700 -2.339835 -1.288573 -2.683706 -1.410499 -1.723648 -0.985835 -3.823352 -2.835815 -1.364434 -1.345188 -1.271832 -3.098136 -0.923209 -1.246051 -0.907510 -1.217261 -0.773870 -2.852593 -0.852943 -0.323860 -4.397070 -0.158244 -4.709916 -3.431934 -1.829707 -0.187625 -0.031965 -0.037454 -1.159003 -0.326379
-9999.0 -9999.0 -9999.0 -9999.0 -9999.0 -9999.0 -9999.0 -9999.0 -1.680847 -1.245674 -0.108688 -1.047432 -0.852770 -1.767966 -0.347549 -1.618940 -1.269510 -3.334794 -0.897490 -0.858438 -0.148860 -0.036626 -0.035726 -0.047150 -1.159763 -0.090713 -1.602048 -1.096062 -0.401461 -0.855992 -1.888830 -0.329933 -3.492241 -1.080543 -3.531093 -2.819900 -2.177286 -0.704945 -4.398961 -1.855676 -3.563432 -3.344397 -2.040072 -3.250463 -2.912753 -1.223235 -2.950279 -1.052815 -1.211391 -3.368894 -3.995993 -4.664185 -0.328872 -1.035129 -2.246917 -0.914021 -0.038984 -0.038274 -0.454896 -1.969570 -4.762982 -0.095698
-9999.0 -9999.0 -2.302138 -1.223354 -1.211214 -1.444483 -1.181547 -2.041931 -1.325604 -1.260194 -1.150259 -0.135904 -0.758966 -0.220400 -2.673208 -0.804414 -3.572452 -1.444202 -1.110604 -0.639396 -0.723977 -0.054668 -0.037656 -0.042666 -1.108993 -3.356586 -0.407288 -1.373155 -4.184691 -0.266131 -1.252266 -0.315809 -0.187722 -2.996922 -2.159743 -2.207964 -2.143778 -0.645982 -3.412999 -1.785216 -2.124424 -2.910636 -4.267870 -0.864512 -1.771729 -1.155463 -2.867386 -1.117350 -4.838815 -0.509171 -1.739765 -0.423612 -0.039614 -0.041347 -0.041314 -0.082843 -1.446224 -1.395238 -4.487801 -4.974316 -0.097981 -0.031595
-9999.0 -1.175808 -1.229985 -1.203609 -1.260732 -0.886965 -1.155539 -1.281640 -1.336627 -1.537441 -1.190442 -0.113384 -0.201483 -0.113228 -0.139006 -0.744286 -1.173359 -1.225631 -0.348276 -0.866236 -0.976681 -0.476175 -0.178222 -0.035638 -0.158280 -2.074250 -2.902295 -2.699828 -1.839792 -3.137476 -4.132078 -2.406828 -0.723143 -2.307990 -3.339744 -2.233718 -3.609918 -3.650948 -1.985869 -2.414525 -3.952713 -4.144567 -4.237287 -2.769812 -3.508881 -5.169814 -0.213018 -0.210439 -0.910914 -0.183417 -0.038381 -0.039093 -1.637824 -1.899475 -1.960491 -2.356459 -0.491513 -0.465568 -0.152586 -0.093349 -0.005577 -0.005429
-9999.0 -1.109931 -0.479165 -0.370786 -0.112340 -0.444170 -1.314027 -2.640406 -1.374565 -2.577346 -1.291070 -0.308884 -0.796201 -0.130985 -2.346918 -1.157210 -1.329864 -1.927229 -0.263961 -0.788636 -0.137955 -0.383310 -0.213289 -0.232199 -2.096028 -0.040580 -0.036448 -0.038689 -0.038771 -0.197398 -0.160472 -0.178042 -1.921956 -1.119786 -1.942575 -1.136186 -1.889246 -0.061938 -0.641081 -0.630893 -0.309979 -0.247311 -1.793765 -0.054174 -0.050815 -0.107670 -0.036330 -0.037563 -0.037609 -0.037966 -0.142750 -4.015592 -0.538182 -2.960569 -1.252606 -0.155002 -0.335629 -0.149886 -0.161144 -0.010760 -0.007589 -9999.0
