erum2020/resources/simulation/Vinschgau/output-maps/TsL0007N1282.asc
ncols         63
nrows         48
xllcorner     598000.000000
yllcorner     5145000.000000
cellsize      1000.000000
NODATA_value  -9999.0
[rows 0 to 27 of 48, columns 0 to 62 of 63]
-9999.0 -9999.0 -9999.0 -9999.0 -9999.0 -9999.0 -9999.0 -9999.0 -9999.0 -9999.0 -9999.0 -9999.0 -9999.0 -9999.0 -9999.0 -9999.0 -9999.0 -9999.0 -9999.0 -9999.0 -9999.0 -9999.0 -9999.0 -9999.0 -9999.0 -9999.0 -9999.0 -9999.0 -9999.0 -9999.0 -9999.0 -9999.0 -9999.0 -9999.0 -9999.0 -9999.0 -9999.0 -9999.0 -9999.0 -9999.0 -9999.0 -9999.0 -9999.0 -9999.0 -9999.0 -9999.0 -9999.0 -9999.0 -9999.0 -9999.0 -9999.0 -9999.0 -9999.0 -9999.0 -9999.0 -9999.0 -9999.0 -9999.0 -9999.0 -9999.0 -9999.0 -9999.0 -9999.0
-9999.0 -9999.0 -9999.0 -9999.0 -9999.0 -9999.0 -9999.0 -9999.0 -9999.0 -9999.0 -9999.0 -9999.0 -9999.0 -9999.0 -9999.0 -9999.0 -9999.0 -9999.0 -9999.0 -9999.0 -9999.0 -9999.0 -9999.0 -9999.0 -9999.0 -9999.0 -9999.0 2.037569 1.317377 2.618235 0.436307 0.284800 -0.027202 -9999.0 -9999.0 -9999.0 -9999.0 -9999.0 -9999.0 -9999.0 -9999.0 -9999.0 -9999.0 -9999.0 -9999.0 -9999.0 -9999.0 -9999.0 -9999.0 -9999.0 -9999.0 -9999.0 -9999.0 -9999.0 -9999.0 -9999.0 -9999.0 -9999.0 -9999.0 -9999.0 -9999.0 -9999.0 -9999.0
-9999.0 -9999.0 -9999.0 -9999.0 -9999.0 -9999.0 -9999.0 -9999.0 -9999.0 -9999.0 -9999.0 -9999.0 -9999.0 -9999.0 -9999.0 -9999.0 -9999.0 -9999.0 -9999.0 -9999.0 -9999.0 -9999.0 -9999.0 -9999.0 1.428707 1.946159 2.341934 1.374640 1.751582 2.185199 0.355780 -9999.0 -9999.0 -9999.0 -9999.0 -9999.0 -9999.0 -9999.0 -9999.0 -9999.0 -9999.0 -9999.0 -9999.0 -9999.0 -9999.0 -9999.0 -9999.0 -9999.0 -9999.0 -9999.0 -9999.0 -9999.0 -9999.0 -9999.0 -9999.0 -9999.0 -9999.0 -9999.0 -9999.0 -9999.0 -9999.0 -9999.0 -9999.0
-9999.0 -9999.0 -9999.0 -9999.0 -9999.0 -9999.0 -9999.0 -9999.0 -9999.0 -9999.0 -9999.0 -9999.0 -9999.0 -9999.0 -9999.0 -9999.0 -9999.0 -9999.0 -9999.0 -9999.0 -9999.0 -9999.0 -9999.0 2.170395 3.048083 4.100128 4.194546 4.288148 4.690143 2.511618 0.363624 -0.001538 -9999.0 -9999.0 -9999.0 -9999.0 -9999.0 -9999.0 -9999.0 -9999.0 -9999.0 -9999.0 -9999.0 -9999.0 -9999.0 -9999.0 -9999.0 -9999.0 -9999.0 -9999.0 -9999.0 -9999.0 -9999.0 -9999.0 -9999.0 -9999.0 -9999.0 -9999.0 -9999.0 -9999.0 -9999.0 -9999.0 -9999.0
-9999.0 -9999.0 -9999.0 -9999.0 -9999.0 -9999.0 -9999.0 -9999.0 -9999.0 -9999.0 -9999.0 -9999.0 -9999.0 -9999.0 -9999.0 -9999.0 -9999.0 -9999.0 6.766222 3.104797 -9999.0 2.634479 3.096458 3.763501 3.758965 4.477246 4.519508 5.167723 2.830987 1.618285 2.175756 0.415516 0.931378 1.166804 -9999.0 -9999.0 -9999.0 -9999.0 -9999.0 -9999.0 -9999.0 -9999.0 -9999.0 -9999.0 -9999.0 -9999.0 -9999.0 -9999.0 -9999.0 -9999.0 -9999.0 -9999.0 -9999.0 -9999.0 -9999.0 -9999.0 -9999.0 -9999.0 -9999.0 -9999.0 -9999.0 -9999.0 -9999.0
-9999.0 -9999.0 -9999.0 -9999.0 -9999.0 -9999.0 -9999.0 -9999.0 -9999.0 -9999.0 -9999.0 -9999.0 -9999.0 -9999.0 -9999.0 -9999.0 -9999.0 5.349931 4.005205 4.584374 4.558384 0.955908 1.956621 3.574728 5.629624 0.374386 -0.051620 1.266809 -0.045797 2.493713 3.560999 2.310353 2.992897 1.923445 0.860648 1.031711 -9999.0 -9999.0 -9999.0 -9999.0 -9999.0 -9999.0 -9999.0 -9999.0 -9999.0 -9999.0 -9999.0 -9999.0 -9999.0 -9999.0 -9999.0 -9999.0 -9999.0 -9999.0 -9999.0 -9999.0 -9999.0 -9999.0 -9999.0 -9999.0 -9999.0 -9999.0 -9999.0
-9999.0 -9999.0 -9999.0 -9999.0 -9999.0 -9999.0 -9999.0 -9999.0 -9999.0 -9999.0 -9999.0 -9999.0 -9999.0 5.572182 3.476391 3.729592 5.032736 11.399149 5.107554 4.144206 4.008544 3.696094 4.402472 5.837444 -0.003031 3.068097 0.040916 -0.043306 -0.040610 -0.003697 -0.337392 2.471137 1.525629 0.459160 1.404943 0.967129 -9999.0 -9999.0 -9999.0 -9999.0 -9999.0 -9999.0 -9999.0 -9999.0 -9999.0 -9999.0 -9999.0 -9999.0 -9999.0 -9999.0 -9999.0 -9999.0 -9999.0 -9999.0 -9999.0 -9999.0 -9999.0 -9999.0 -9999.0 -9999.0 -9999.0 -9999.0 -9999.0
-9999.0 -9999.0 -9999.0 -9999.0 -9999.0 -9999.0 -9999.0 -9999.0 -9999.0 -9999.0 -9999.0 -9999.0 -9999.0 6.202030 5.054717 4.433002 4.240075 11.122349 11.490961 6.012308 4.324124 7.413236 3.011727 1.822996 2.934993 1.395041 1.513833 2.463473 1.530930 -0.052382 -0.069638 0.439196 1.089320 0.269163 0.695232 -9999.0 -9999.0 -9999.0 -9999.0 -9999.0 -9999.0 -9999.0 -9999.0 -9999.0 -9999.0 -9999.0 -9999.0 -9999.0 -9999.0 -9999.0 -9999.0 -9999.0 -9999.0 -9999.0 -9999.0 -9999.0 -9999.0 -9999.0 -9999.0 -9999.0 -9999.0 -9999.0 -9999.0
-9999.0 -9999.0 -9999.0 -9999.0 -9999.0 -9999.0 -9999.0 -9999.0 -9999.0 -9999.0 -9999.0 -9999.0 -9999.0 5.186234 5.045893 6.433967 4.097105 4.854659 11.873364 5.200564 8.793615 3.621899 0.645213 -0.005859 3.028300 2.398228 3.283136 1.351182 -0.001103 0.317496 0.320985 0.242335 0.291595 -5.522192 1.001631 -9999.0 -9999.0 -9999.0 -9999.0 -9999.0 -9999.0 -9999.0 -9999.0 -9999.0 -9999.0 -9999.0 -9999.0 -9999.0 -9999.0 -9999.0 -9999.0 -9999.0 -9999.0 -9999.0 -9999.0 -9999.0 -9999.0 -9999.0 -9999.0 -9999.0 -9999.0 -9999.0 -9999.0
-9999.0 -9999.0 -9999.0 -9999.0 -9999.0 -9999.0 -9999.0 -9999.0 -9999.0 -9999.0 -9999.0 -9999.0 3.979385 4.562473 6.076120 4.557021 2.749629 4.387315 12.021720 6.358665 4.337543 0.449645 0.432959 -0.026006 -0.462338 1.447396 -1.749831 0.332862 0.633570 1.017512 -0.024639 0.945517 -0.003430 1.122849 -9999.0 -9999.0 -9999.0 -9999.0 -9999.0 -9999.0 -9999.0 -9999.0 -9999.0 -9999.0 -9999.0 -9999.0 -9999.0 -9999.0 -9999.0 -9999.0 -9999.0 -9999.0 -9999.0 -9999.0 -9999.0 -9999.0 -9999.0 -9999.0 -9999.0 -9999.0 -9999.0 -9999.0 -9999.0
-9999.0 -9999.0 -9999.0 -9999.0 -9999.0 -9999.0 -9999.0 -9999.0 -9999.0 -9999.0 -9999.0 5.251740 5.524994 2.780444 5.609788 8.077745 5.610577 4.716524 11.732873 7.834615 3.017656 3.563565 3.256560 1.990134 0.494410 1.950850 0.270979 0.536451 -0.018808 0.878563 1.037953 1.465223 1.391607 1.095527 0.994770 1.681354 0.301065 1.473698 1.658509 -9999.0 -9999.0 -9999.0 0.994115 -9999.0 -9999.0 -9999.0 -9999.0 -9999.0 -9999.0 -9999.0 -9999.0 -9999.0 -9999.0 -9999.0 -9999.0 -9999.0 -9999.0 -9999.0 -9999.0 -9999.0 -9999.0 -9999.0 -9999.0
-9999.0 -9999.0 -9999.0 -9999.0 -9999.0 -9999.0 -9999.0 -9999.0 -9999.0 -9999.0 -9999.0 4.754392 5.403088 7.009043 6.757135 7.316320 7.754080 5.147761 11.869717 9.087278 8.690111 5.431979 2.784041 -0.923614 -0.528522 1.188322 0.458933 1.865817 2.599999 1.157034 0.477747 1.953543 -0.001618 -0.004646 -0.002346 0.745212 2.427926 2.829178 1.729109 1.008441 1.150962 1.161487 0.403985 1.069704 -9999.0 -9999.0 -9999.0 -0.039226 -0.024003 0.203435 -0.023891 0.052366 0.075315 -0.052863 -0.059785 0.064745 -9999.0 -9999.0 -9999.0 -9999.0 -9999.0 -9999.0 -9999.0
-9999.0 -9999.0 -9999.0 -9999.0 -9999.0 -9999.0 -9999.0 -9999.0 -9999.0 -9999.0 -9999.0 4.468607 5.066430 1.787184 7.449462 8.001401 3.319406 4.128302 10.238277 8.975573 2.571693 0.532654 -0.204200 1.120379 1.252546 2.119974 -0.336036 -2.247838 1.804330 -0.001934 1.485364 -0.661708 1.904176 -0.004667 1.069901 2.142203 -0.601021 -0.543855 3.750808 1.511137 1.619743 0.286404 1.877054 0.604784 -0.016518 -9999.0 0.853120 -0.018285 0.384866 1.258368 1.970721 2.789474 1.068053 0.320857 0.304331 -0.009762 -9999.0 -9999.0 -9999.0 -9999.0 -9999.0 -9999.0 -9999.0
-9999.0 -9999.0 -9999.0 -9999.0 -9999.0 -9999.0 -9999.0 -9999.0 -9999.0 -9999.0 -9999.0 -9999.0 4.915053 -0.021559 6.376062 6.727635 1.061683 3.157417 11.104539 8.813362 2.436216 1.006181 -0.044002 -0.219450 -1.191035 -0.414055 0.751288 2.124113 0.400111 1.176984 0.443364 -0.465704 2.278308 0.318974 -0.001730 1.492925 -0.296653 -0.721949 4.584964 2.940097 3.294594 3.154589 -0.137714 2.317626 1.309731 -0.017549 0.245606 -0.013740 -1.172871 -0.142837 -0.009813 -0.724073 -2.462754 -1.409374 -1.222644 -0.001452 -0.019018 -9999.0 -9999.0 -9999.0 -9999.0 -9999.0 -9999.0
-9999.0 -9999.0 -9999.0 -9999.0 -9999.0 -9999.0 -9999.0 -9999.0 -9999.0 -9999.0 -9999.0 -0.082554 3.169100 6.038259 -0.029708 0.966380 2.414411 2.464844 10.467767 4.398508 2.705159 0.852559 -0.005944 -0.359817 -0.315401 -0.907026 -0.278691 0.342715 0.302134 2.363309 -0.398360 -0.475202 2.821211 0.342080 -0.003113 0.494185 1.526872 -0.062788 0.558280 4.674039 -0.061478 0.093038 -0.043712 0.038745 3.067351 0.356239 0.601758 2.352908 2.947652 -0.013603 -1.830904 0.369869 -1.927178 -3.849448 -4.785327 -5.082613 0.658749 -9999.0 -9999.0 -9999.0 -9999.0 -9999.0 -9999.0
-9999.0 -9999.0 -9999.0 -9999.0 -9999.0 -9999.0 -9999.0 -9999.0 -9999.0 -9999.0 0.910444 -0.051618 3.038864 3.399271 4.702717 -0.015913 -0.017678 -0.003381 3.553112 4.044919 6.763315 4.670698 -0.289697 3.562349 -0.003686 -0.921237 -0.749366 -2.751734 2.294256 2.667251 -0.146368 -1.228179 2.478197 0.320980 1.181203 1.515683 2.281127 -0.152887 -0.154881 0.824416 0.951117 1.958523 6.772159 1.063053 -0.019733 2.424990 1.661634 -0.078958 -0.245103 -0.001368 -2.956318 0.184084 -5.307229 -1.146423 -0.153693 0.291648 0.333464 -9999.0 -9999.0 -9999.0 -9999.0 -9999.0 -9999.0
-9999.0 -9999.0 -9999.0 -9999.0 -9999.0 -9999.0 -9999.0 -9999.0 -9999.0 1.544019 1.063120 -0.042926 -0.036992 -0.066627 -0.074892 -0.045911 -0.021001 5.553663 3.476550 4.083113 7.166829 0.887065 0.409593 1.432343 0.528674 -1.102192 -1.323731 2.566537 -0.040903 -0.021056 0.564747 -1.297166 1.709333 0.991057 1.219262 1.457269 2.301012 -0.460898 -0.227125 -0.063589 -0.511378 -0.331080 -0.214005 1.657604 1.306587 -0.021572 4.023425 -0.115197 -0.106733 0.618535 -0.747802 0.365437 -2.464303 -0.030434 -0.004570 -2.251792 -1.551864 1.076023 0.069814 -9999.0 -9999.0 -9999.0 -9999.0
-9999.0 -9999.0 -9999.0 -9999.0 -9999.0 -9999.0 -9999.0 -9999.0 -9999.0 1.629495 1.398498 2.838098 3.538615 -0.001549 -0.022895 -0.073179 3.947513 1.336018 4.040723 8.262801 7.832221 7.356350 5.219738 3.217968 -0.713044 -0.564995 -0.066085 -0.001757 1.107753 3.326925 2.622460 -1.679911 1.132881 -0.002415 0.401863 1.436584 1.936357 3.007497 1.399276 2.938335 -0.295446 -0.725909 -0.046356 1.393337 2.749838 2.819672 2.558676 1.087023 -0.003892 0.795381 -2.558988 -3.873402 -0.771224 -1.116758 0.216930 -3.048177 -1.504717 -0.778808 1.823236 -9999.0 -9999.0 -9999.0 -9999.0
-9999.0 -9999.0 -9999.0 -9999.0 -9999.0 -9999.0 -9999.0 -9999.0 -9999.0 -9999.0 0.437371 2.677430 -0.035916 -0.269703 0.385254 -0.020869 -0.001441 2.803833 4.818083 5.676133 7.939757 2.679275 -0.002281 -0.140128 -0.335308 -0.019626 0.708233 1.646360 2.542289 -1.240331 -1.580071 -2.084770 -2.165430 0.277444 1.391688 2.800209 2.605003 2.793787 1.955947 0.519026 0.393839 2.543945 2.968541 -0.019525 -0.003506 -0.002462 1.700005 5.495863 4.006300 0.793124 -1.519608 -1.284349 -0.013658 -1.019440 -1.209721 -0.020667 0.532238 -0.927866 -0.060081 -0.002748 -9999.0 -9999.0 -9999.0
-9999.0 -9999.0 -9999.0 -9999.0 -9999.0 -9999.0 -9999.0 -9999.0 -9999.0 -9999.0 0.371300 1.728511 2.481138 -0.020038 4.177232 0.280309 -0.003819 2.586054 5.260116 6.379879 3.365471 1.492912 -0.003039 -0.038185 -0.017012 1.167401 2.315562 -0.002389 -0.930415 -1.895350 0.485238 0.912666 -2.139458 -0.001650 0.643227 3.028582 -0.835676 -0.067252 -0.884424 0.323788 0.759944 4.355758 -0.080863 2.479643 1.138280 -0.128954 -0.001182 -0.003303 3.095059 3.163379 0.475862 -0.837162 -2.631226 0.028919 -1.741576 -0.963001 -0.023890 -0.129144 1.409211 2.506287 -9999.0 -9999.0 -9999.0
-9999.0 -9999.0 -9999.0 -9999.0 -9999.0 -9999.0 -9999.0 -9999.0 0.683831 0.428124 0.257070 0.718419 -0.408893 -0.051366 -0.040206 1.603116 2.898997 8.150516 6.630959 6.768965 5.086818 4.000399 3.122637 1.422277 1.074545 1.885224 4.259106 -0.471441 -0.593067 -1.809741 0.260107 0.499469 0.519277 0.192092 0.694722 1.470414 4.282733 -0.052122 -2.174219 1.547535 2.535665 2.511003 -1.786710 1.817131 3.379041 0.848446 -1.997449 -0.050752 -0.002272 2.904248 0.926466 -0.498723 -1.646078 -4.330062 -0.618282 -0.001826 1.188187 2.802453 1.167124 4.464073 -9999.0 -9999.0 -9999.0
-9999.0 -9999.0 -9999.0 -9999.0 -9999.0 -9999.0 -9999.0 -9999.0 -2.325194 -0.824762 -1.496342 0.288983 1.424278 -1.428883 -0.575249 -0.002495 1.890623 2.477461 5.451449 7.308275 11.748240 10.551292 10.054075 8.998525 3.344288 3.348679 0.792003 -0.051113 -2.039093 0.317572 -0.003436 1.779902 1.474013 2.024715 0.730541 2.265739 5.486787 -0.001586 -0.046232 2.215393 0.530286 0.353128 2.195197 2.345965 0.681174 -0.134179 -2.215716 1.898122 -0.043834 1.465709 2.335501 -0.025188 -3.416047 -0.020352 0.937388 -1.958869 -0.184323 -0.007597 3.203540 6.246360 7.180534 -9999.0 -9999.0
-9999.0 -9999.0 -9999.0 -9999.0 -9999.0 -9999.0 -9999.0 -9999.0 0.489101 0.499555 0.260114 -2.145569 0.686907 -1.627128 -0.110086 -0.464494 0.244007 3.686467 5.392324 11.418188 7.763070 10.765921 10.810001 6.395942 8.399929 3.208526 0.331209 -0.881866 -2.586075 0.510318 2.198579 2.358925 -0.893683 -0.595881 2.839731 4.773775 0.155351 1.748398 -0.021841 -0.075103 2.144516 2.541474 1.528843 0.487998 -0.464396 1.362101 1.442635 0.486022 -1.022016 -0.002452 2.626313 0.781814 -3.339590 -3.569472 -0.044694 -0.034766 1.509612 2.991652 6.103893 6.509981 6.938567 -9999.0 -9999.0
-9999.0 -9999.0 -9999.0 -9999.0 -9999.0 -9999.0 -9999.0 -9999.0 0.228591 2.024270 -0.068572 -2.542457 0.605245 -0.552831 -0.352409 0.173995 3.933181 5.188464 8.369518 5.655981 7.210847 7.623668 10.302923 9.479532 3.609411 1.027288 -0.002493 -1.625832 2.381777 -0.235304 -0.103070 -0.053601 0.073936 -0.037656 -0.031442 4.182057 6.379083 4.075176 0.717453 -0.017435 2.735777 2.919982 2.853184 3.372006 0.572792 2.462703 2.395874 2.907786 1.228001 -0.202634 -0.002030 2.314165 0.851431 -0.045634 1.103337 2.079147 3.802790 4.864059 5.735629 6.676976 5.693363 2.721889 -9999.0
-9999.0 -9999.0 -9999.0 -9999.0 -9999.0 -9999.0 -9999.0 -9999.0 -0.035635 0.599536 -1.555179 -1.233925 -0.395628 -0.127470 3.280316 2.838770 5.700176 2.470793 0.905691 2.865789 4.734451 7.042374 7.233664 6.912611 7.573104 0.260824 -0.741635 -0.016940 0.424237 -0.019616 -0.110533 0.728498 2.722255 1.673678 0.892507 2.312941 3.982215 6.046004 5.418071 2.649734 1.126029 0.934148 1.159692 0.306989 -0.140001 3.199838 -0.040081 -0.051884 -0.041537 0.612402 1.994874 1.719696 1.967785 2.236041 2.906108 3.312027 3.993011 5.096585 5.922485 6.005223 4.185649 2.130916 -9999.0
-9999.0 -9999.0 1.892958 0.959467 -2.757503 -0.694110 -1.699358 -1.765837 -0.002253 0.411966 -0.431353 -0.406181 -0.085319 -0.005263 4.622558 2.026039 -0.003447 -0.877049 -0.054608 -0.002783 2.734789 5.461799 6.483844 6.112746 5.024056 2.008221 -0.004493 0.259021 2.584892 4.496011 -0.002532 0.864245 7.206440 3.402851 5.232415 4.632737 7.681400 8.293655 7.198025 4.518593 5.352158 5.394754 4.262921 3.266857 -0.002814 0.831442 2.094354 1.435690 3.488584 4.484663 5.263094 4.677288 3.690589 3.166700 3.073744 7.527670 3.762437 4.324649 4.251832 3.541757 5.818644 1.342837 -9999.0
-9999.0 -0.073616 -0.229326 -0.227391 -0.596117 -0.640283 -1.252508 -1.583414 -2.501921 0.235539 -1.557687 -0.528956 -0.001173 4.020112 3.636227 -0.294512 -0.364641 -0.921876 -0.476414 -0.002653 2.508797 4.272468 8.013430 4.914006 8.778643 4.807501 7.020334 7.293055 5.522574 4.075109 4.104078 4.276832 6.009592 10.093914 8.288643 9.571886 11.191857 11.190427 11.380537 9.747424 8.820022 8.693032 8.010677 4.815889 3.519481 3.913725 5.374363 5.918232 7.120400 6.103846 5.612986 4.485909 3.547119 2.740610 2.663889 2.148403 0.783896 1.142799 1.947455 4.022173 0.530781 1.133071 -9999.0
-9999.0 3.885243 -0.035953 -0.040730 2.145663 -0.054342 -2.170176 -2.062104 -0.008183 0.190389 -1.351070 -0.907378 0.248208 3.820955 -0.068517 -2.231443 -1.471610 -1.142710 -0.599389 -0.008344 4.445528 2.025733 3.090407 3.554306 8.801684 9.840100 5.431531 6.704456 6.716278 6.390174 6.534139 6.307171 7.818797 8.721995 12.857346 11.723474 17.621736 18.608752 14.260740 13.185512 12.475857 11.472563 10.374327 8.066116 7.924701 7.791859 8.388543 8.107589 7.493101 6.653467 4.731431 2.078775 0.924150 1.513436 0.651132 -0.002084 -0.213793 -0.003260 -0.002086 -0.005726 -0.002332 -9999.0 -9999.0
