erum2020/resources/simulation/Vinschgau/output-maps/TsL0008N1428.asc
ncols         63
nrows         48
xllcorner     598000.000000
yllcorner     5145000.000000
cellsize      1000.000000
NODATA_value  -9999.0
[rows 0 to 27 of 48, columns 0 to 62 of 63]
-9999.0 -9999.0 -9999.0 -9999.0 -9999.0 -9999.0 -9999.0 -9999.0 -9999.0 -9999.0 -9999.0 -9999.0 -9999.0 -9999.0 -9999.0 -9999.0 -9999.0 -9999.0 -9999.0 -9999.0 -9999.0 -9999.0 -9999.0 -9999.0 -9999.0 -9999.0 -9999.0 -9999.0 -9999.0 -9999.0 -9999.0 -9999.0 -9999.0 -9999.0 -9999.0 -9999.0 -9999.0 -9999.0 -9999.0 -9999.0 -9999.0 -9999.0 -9999.0 -9999.0 -9999.0 -9999.0 -9999.0 -9999.0 -9999.0 -9999.0 -9999.0 -9999.0 -9999.0 -9999.0 -9999.0 -9999.0 -9999.0 -9999.0 -9999.0 -9999.0 -9999.0 -9999.0 -9999.0
-9999.0 -9999.0 -9999.0 -9999.0 -9999.0 -9999.0 -9999.0 -9999.0 -9999.0 -9999.0 -9999.0 -9999.0 -9999.0 -9999.0 -9999.0 -9999.0 -9999.0 -9999.0 -9999.0 -9999.0 -9999.0 -9999.0 -9999.0 -9999.0 -9999.0 -9999.0 -9999.0 -0.002700 0.000635 -0.002053 -0.002075 -0.004284 -3.086768 -9999.0 -9999.0 -9999.0 -9999.0 -9999.0 -9999.0 -9999.0 -9999.0 -9999.0 -9999.0 -9999.0 -9999.0 -9999.0 -9999.0 -9999.0 -9999.0 -9999.0 -9999.0 -9999.0 -9999.0 -9999.0 -9999.0 -9999.0 -9999.0 -9999.0 -9999.0 -9999.0 -9999.0 -9999.0 -9999.0
-9999.0 -9999.0 -9999.0 -9999.0 -9999.0 -9999.0 -9999.0 -9999.0 -9999.0 -9999.0 -9999.0 -9999.0 -9999.0 -9999.0 -9999.0 -9999.0 -9999.0 -9999.0 -9999.0 -9999.0 -9999.0 -9999.0 -9999.0 -9999.0 0.037236 0.072511 0.202804 0.039387 0.205338 0.143175 -0.002767 -9999.0 -9999.0 -9999.0 -9999.0 -9999.0 -9999.0 -9999.0 -9999.0 -9999.0 -9999.0 -9999.0 -9999.0 -9999.0 -9999.0 -9999.0 -9999.0 -9999.0 -9999.0 -9999.0 -9999.0 -9999.0 -9999.0 -9999.0 -9999.0 -9999.0 -9999.0 -9999.0 -9999.0 -9999.0 -9999.0 -9999.0 -9999.0
-9999.0 -9999.0 -9999.0 -9999.0 -9999.0 -9999.0 -9999.0 -9999.0 -9999.0 -9999.0 -9999.0 -9999.0 -9999.0 -9999.0 -9999.0 -9999.0 -9999.0 -9999.0 -9999.0 -9999.0 -9999.0 -9999.0 -9999.0 0.097983 0.741546 2.866022 3.315648 3.426591 3.377343 0.169896 -0.002527 -0.020408 -9999.0 -9999.0 -9999.0 -9999.0 -9999.0 -9999.0 -9999.0 -9999.0 -9999.0 -9999.0 -9999.0 -9999.0 -9999.0 -9999.0 -9999.0 -9999.0 -9999.0 -9999.0 -9999.0 -9999.0 -9999.0 -9999.0 -9999.0 -9999.0 -9999.0 -9999.0 -9999.0 -9999.0 -9999.0 -9999.0 -9999.0
-9999.0 -9999.0 -9999.0 -9999.0 -9999.0 -9999.0 -9999.0 -9999.0 -9999.0 -9999.0 -9999.0 -9999.0 -9999.0 -9999.0 -9999.0 -9999.0 -9999.0 -9999.0 3.854811 0.612791 -9999.0 0.258602 0.717787 2.410818 2.725082 3.335552 2.749384 3.042310 2.380720 0.818933 0.055484 -0.002009 -0.011768 -0.950616 -9999.0 -9999.0 -9999.0 -9999.0 -9999.0 -9999.0 -9999.0 -9999.0 -9999.0 -9999.0 -9999.0 -9999.0 -9999.0 -9999.0 -9999.0 -9999.0 -9999.0 -9999.0 -9999.0 -9999.0 -9999.0 -9999.0 -9999.0 -9999.0 -9999.0 -9999.0 -9999.0 -9999.0 -9999.0
-9999.0 -9999.0 -9999.0 -9999.0 -9999.0 -9999.0 -9999.0 -9999.0 -9999.0 -9999.0 -9999.0 -9999.0 -9999.0 -9999.0 -9999.0 -9999.0 -9999.0 4.910938 3.559216 3.332885 1.023703 0.253824 0.846070 1.888665 3.348195 0.205808 -0.051608 0.683870 -0.036709 1.762212 1.252595 0.094509 0.050218 -0.002728 -0.123537 -1.699837 -9999.0 -9999.0 -9999.0 -9999.0 -9999.0 -9999.0 -9999.0 -9999.0 -9999.0 -9999.0 -9999.0 -9999.0 -9999.0 -9999.0 -9999.0 -9999.0 -9999.0 -9999.0 -9999.0 -9999.0 -9999.0 -9999.0 -9999.0 -9999.0 -9999.0 -9999.0 -9999.0
-9999.0 -9999.0 -9999.0 -9999.0 -9999.0 -9999.0 -9999.0 -9999.0 -9999.0 -9999.0 -9999.0 -9999.0 -9999.0 2.089199 1.941095 3.126085 4.420556 7.709974 4.535285 2.583219 2.625022 2.370884 2.913884 3.380382 -0.004327 0.628288 -0.782087 -0.039742 -0.038609 -0.002027 -1.334962 0.474494 0.006379 -0.001032 -0.003869 -2.165872 -9999.0 -9999.0 -9999.0 -9999.0 -9999.0 -9999.0 -9999.0 -9999.0 -9999.0 -9999.0 -9999.0 -9999.0 -9999.0 -9999.0 -9999.0 -9999.0 -9999.0 -9999.0 -9999.0 -9999.0 -9999.0 -9999.0 -9999.0 -9999.0 -9999.0 -9999.0 -9999.0
-9999.0 -9999.0 -9999.0 -9999.0 -9999.0 -9999.0 -9999.0 -9999.0 -9999.0 -9999.0 -9999.0 -9999.0 -9999.0 2.920356 3.831893 3.948815 3.813410 7.694951 7.783897 4.182009 3.641935 4.480107 2.517941 1.437663 1.911464 0.972012 0.000934 -0.002162 -0.004465 -0.439147 -0.048363 -0.001523 -0.008090 -2.722262 -1.209188 -9999.0 -9999.0 -9999.0 -9999.0 -9999.0 -9999.0 -9999.0 -9999.0 -9999.0 -9999.0 -9999.0 -9999.0 -9999.0 -9999.0 -9999.0 -9999.0 -9999.0 -9999.0 -9999.0 -9999.0 -9999.0 -9999.0 -9999.0 -9999.0 -9999.0 -9999.0 -9999.0 -9999.0
-9999.0 -9999.0 -9999.0 -9999.0 -9999.0 -9999.0 -9999.0 -9999.0 -9999.0 -9999.0 -9999.0 -9999.0 -9999.0 3.565329 2.941799 4.806317 3.454322 4.170494 8.054886 4.560183 5.378522 1.973899 0.513736 -0.010128 1.710827 1.350022 0.070812 -0.006303 -0.011248 -0.138131 -0.003253 -3.563283 -3.229812 -9.182230 -2.727878 -9999.0 -9999.0 -9999.0 -9999.0 -9999.0 -9999.0 -9999.0 -9999.0 -9999.0 -9999.0 -9999.0 -9999.0 -9999.0 -9999.0 -9999.0 -9999.0 -9999.0 -9999.0 -9999.0 -9999.0 -9999.0 -9999.0 -9999.0 -9999.0 -9999.0 -9999.0 -9999.0 -9999.0
-9999.0 -9999.0 -9999.0 -9999.0 -9999.0 -9999.0 -9999.0 -9999.0 -9999.0 -9999.0 -9999.0 -9999.0 2.237843 2.399488 4.345395 2.687792 2.073652 3.802528 8.411426 4.640047 2.679986 0.285018 0.656738 -0.006813 -1.439620 0.000117 -2.562010 -0.003188 0.005419 -0.012638 -3.196568 -0.018882 -1.347959 -2.448694 -9999.0 -9999.0 -9999.0 -9999.0 -9999.0 -9999.0 -9999.0 -9999.0 -9999.0 -9999.0 -9999.0 -9999.0 -9999.0 -9999.0 -9999.0 -9999.0 -9999.0 -9999.0 -9999.0 -9999.0 -9999.0 -9999.0 -9999.0 -9999.0 -9999.0 -9999.0 -9999.0 -9999.0 -9999.0
-9999.0 -9999.0 -9999.0 -9999.0 -9999.0 -9999.0 -9999.0 -9999.0 -9999.0 -9999.0 -9999.0 2.178426 3.737467 3.472410 3.771953 3.965316 3.649061 4.023210 8.477702 5.960098 2.356962 2.413830 0.766324 0.012089 0.823904 0.022858 -0.006789 -0.000470 -1.420950 -1.880623 -0.024012 0.008592 -0.003956 -0.572494 -0.046203 -0.003320 -0.003969 -0.002055 -0.002053 -9999.0 -9999.0 -9999.0 -1.059620 -9999.0 -9999.0 -9999.0 -9999.0 -9999.0 -9999.0 -9999.0 -9999.0 -9999.0 -9999.0 -9999.0 -9999.0 -9999.0 -9999.0 -9999.0 -9999.0 -9999.0 -9999.0 -9999.0 -9999.0
-9999.0 -9999.0 -9999.0 -9999.0 -9999.0 -9999.0 -9999.0 -9999.0 -9999.0 -9999.0 -9999.0 1.768264 3.890691 5.385337 5.162769 2.917862 6.172327 4.480264 8.514474 6.550630 5.439612 2.517288 0.402948 -1.747527 -1.028076 -0.000079 -0.001127 0.028413 0.004595 -0.798404 -0.000747 0.194497 -0.086781 -2.219115 -2.464102 -0.001745 0.171917 0.236105 -0.002051 -0.205973 -0.043681 -0.814595 -0.002031 -0.009037 -9999.0 -9999.0 -9999.0 -3.683977 -3.162394 -1.708043 -2.666037 -3.686766 -3.799809 -3.675152 -3.542519 -4.016738 -9999.0 -9999.0 -9999.0 -9999.0 -9999.0 -9999.0 -9999.0
-9999.0 -9999.0 -9999.0 -9999.0 -9999.0 -9999.0 -9999.0 -9999.0 -9999.0 -9999.0 -9999.0 1.557611 1.826314 1.511638 3.679163 3.749811 2.086973 3.805190 7.141045 6.471730 2.406972 0.065617 -0.851030 0.036711 -0.000274 -0.002498 -0.977004 -3.009919 -0.003092 -2.059199 -0.004483 -1.198982 0.032728 -2.107524 -0.010037 0.068674 -0.688187 -0.725188 0.837051 -0.004083 -0.000640 -0.003499 0.030507 -0.000553 -2.441895 -9999.0 -2.887676 -2.483397 -0.002608 0.007194 0.040866 0.031156 -0.000115 -0.003926 -0.003497 -2.093723 -9999.0 -9999.0 -9999.0 -9999.0 -9999.0 -9999.0 -9999.0
-9999.0 -9999.0 -9999.0 -9999.0 -9999.0 -9999.0 -9999.0 -9999.0 -9999.0 -9999.0 -9999.0 -9999.0 1.939391 -0.002040 2.844922 3.083748 0.800602 2.853421 7.850950 6.413224 2.224944 0.769554 -0.035595 -0.518347 -2.141976 -1.075195 0.120591 0.023140 -0.002276 -0.007888 -0.001108 -0.983741 0.073880 -0.004148 -0.478566 0.001024 -0.934815 -0.687471 2.101931 0.049441 0.416763 0.059212 -0.515983 0.240989 -0.004925 -2.568937 -1.566370 -2.258463 -2.105035 -0.604448 -0.000793 -0.892996 -3.182156 -1.549209 -2.235630 -0.012831 -1.773358 -9999.0 -9999.0 -9999.0 -9999.0 -9999.0 -9999.0
-9999.0 -9999.0 -9999.0 -9999.0 -9999.0 -9999.0 -9999.0 -9999.0 -9999.0 -9999.0 -9999.0 -0.598970 0.325741 2.102938 -0.026167 0.503490 1.569453 2.210852 7.151217 4.203653 2.488740 0.930711 -0.002034 -1.021071 -0.968504 -0.594012 -0.558976 -0.002815 -0.004006 -0.002176 -1.055323 -1.425339 0.669724 -0.003428 -2.658886 -0.001543 -0.002052 -0.561316 0.008758 1.587453 -0.566958 -0.002153 -0.032315 -0.039723 0.857656 -0.002543 0.002059 -0.002118 0.070859 -0.009897 -3.080247 -0.002368 -3.165249 -4.924273 -5.642740 -3.855305 -0.020173 -9999.0 -9999.0 -9999.0 -9999.0 -9999.0 -9999.0
-9999.0 -9999.0 -9999.0 -9999.0 -9999.0 -9999.0 -9999.0 -9999.0 -9999.0 -9999.0 -0.000191 -0.079897 0.536860 0.713053 1.968043 -0.004325 -0.009357 0.120770 3.325944 3.857307 4.641755 2.928381 -0.471249 1.149576 -0.002021 -1.692605 -1.508200 -4.132582 0.056533 0.299509 -0.050276 -1.176994 0.239375 -0.003857 -2.303513 -0.004287 0.063695 -0.738884 -0.095429 0.065766 0.242973 1.021243 4.126298 1.065030 -0.003054 -0.002090 0.005516 -0.404943 -0.097317 -0.001585 -4.272093 -2.571352 -6.117468 -4.546085 -4.188916 -0.004489 -0.003809 -9999.0 -9999.0 -9999.0 -9999.0 -9999.0 -9999.0
-9999.0 -9999.0 -9999.0 -9999.0 -9999.0 -9999.0 -9999.0 -9999.0 -9999.0 0.001958 0.465408 -0.038601 -0.032418 -0.580702 -0.046250 -0.035718 -0.003270 2.927794 3.239553 3.884399 5.002566 0.659539 0.456929 0.911232 0.007210 -1.367933 -2.351078 0.275130 -0.083027 -0.003767 0.005580 -1.565714 -0.003446 -1.525437 -0.056405 -0.004377 0.095212 -1.105017 -0.855750 -0.044141 -0.348946 -0.254456 -0.373078 1.792093 1.351854 -0.010345 1.836794 -0.679655 -0.662340 0.025856 -1.458487 -0.098132 -4.939706 -4.893541 -3.835425 -3.386127 -2.389505 -0.006836 -3.451103 -9999.0 -9999.0 -9999.0 -9999.0
-9999.0 -9999.0 -9999.0 -9999.0 -9999.0 -9999.0 -9999.0 -9999.0 -9999.0 0.000850 0.000637 0.416853 1.409565 -0.001765 -0.006627 -0.607615 1.508530 0.963638 3.800487 5.984172 5.601219 4.709514 3.168289 1.066556 -0.981621 -1.249815 -0.520348 -0.001996 0.388114 1.217641 0.900312 -1.941919 0.000793 -1.615102 -0.002487 -0.004479 -0.002837 0.021842 -0.000837 0.679045 -0.754188 -1.481141 -0.374417 0.647350 2.633500 2.432841 2.214345 0.751966 -0.002552 0.071796 -2.814797 -5.152451 -4.809514 -4.130412 -1.829473 -4.288216 -2.212344 -1.536942 -0.002622 -9999.0 -9999.0 -9999.0 -9999.0
-9999.0 -9999.0 -9999.0 -9999.0 -9999.0 -9999.0 -9999.0 -9999.0 -9999.0 -9999.0 -0.001364 0.389314 -0.032276 -0.005469 0.018268 -0.003218 -0.001660 2.184002 4.578065 4.876627 5.711723 2.345373 -0.002675 -0.142682 -0.997054 -0.002402 0.034082 0.914470 0.656393 -1.506548 -1.849392 -2.844396 -3.473326 -0.005255 0.024845 0.647445 0.277422 0.578196 -0.002802 -0.000916 -0.002047 0.283200 0.888895 -0.006562 -0.005886 -0.002943 1.497768 3.636819 3.075269 0.287340 -1.767694 -2.396359 -3.959108 -4.756624 -4.271321 -2.586049 -0.002185 -1.696988 -0.040102 -0.002017 -9999.0 -9999.0 -9999.0
-9999.0 -9999.0 -9999.0 -9999.0 -9999.0 -9999.0 -9999.0 -9999.0 -9999.0 -9999.0 -0.002819 0.007522 0.208294 -0.003971 2.254793 0.320484 -0.004926 2.383989 5.047871 5.464255 3.113627 1.237915 -0.003785 -0.097539 -0.002279 0.399553 1.574608 -0.002359 -1.193178 -3.187394 -0.001117 0.130602 -3.503192 -1.271478 -0.000928 0.773186 -1.619513 -0.045599 -1.575186 -0.003339 0.000066 1.023220 -0.539418 0.107087 0.683758 -0.213918 -0.001376 -0.005696 2.893617 2.725952 0.000997 -1.691636 -3.903234 -3.536818 -5.354888 -4.635279 -2.688435 -0.726339 1.462341 1.858462 -9999.0 -9999.0 -9999.0
-9999.0 -9999.0 -9999.0 -9999.0 -9999.0 -9999.0 -9999.0 -9999.0 0.030909 -0.001185 -0.004992 0.044600 -1.059569 -0.374689 -0.039234 1.564727 2.660467 5.560977 5.749678 5.817123 4.834340 3.711397 2.813099 1.090049 0.734449 1.721593 2.070779 -0.714587 -1.265338 -3.097083 -2.132988 -0.000892 -0.000730 -0.018970 0.001588 -0.000053 1.749993 -0.036888 -2.442146 -0.004273 -0.002111 0.311989 -3.098119 -0.003292 0.132246 0.274418 -2.264690 -0.462940 -0.003278 2.272029 0.177503 -0.628670 -2.886790 -5.581884 -4.287537 -0.607901 -0.004912 0.580815 0.657285 4.327147 -9999.0 -9999.0 -9999.0
-9999.0 -9999.0 -9999.0 -9999.0 -9999.0 -9999.0 -9999.0 -9999.0 -3.062054 -0.949749 -2.554935 -0.004416 0.000649 -2.141862 -0.834158 -0.002989 1.666542 2.250743 5.202910 6.358846 8.832226 7.872741 6.895196 5.610466 3.080840 3.179356 0.625120 -0.072491 -3.391079 -0.003664 -1.937912 -0.003102 0.004271 -0.002699 0.039688 0.151811 2.997880 -0.002611 -0.244301 0.050258 -0.001036 -0.003650 -0.002515 0.079953 -0.000114 -0.708626 -3.585168 0.012900 -0.069469 1.485391 1.614350 -0.030416 -3.466855 -2.540359 -0.000752 -1.488832 -0.859136 -0.002680 3.041033 5.654525 6.316479 -9999.0 -9999.0
-9999.0 -9999.0 -9999.0 -9999.0 -9999.0 -9999.0 -9999.0 -9999.0 -0.001039 -0.001000 -0.003896 -3.363200 0.027583 -2.877785 -0.707267 -0.694538 0.316372 2.695750 5.151333 8.617952 6.819399 8.276362 8.006959 5.347916 6.062347 2.997655 0.156682 -1.143681 -3.948089 -0.000646 -0.002344 0.309310 -1.688051 -1.282666 0.465699 2.541612 -0.003354 1.867490 -0.022680 -0.459333 0.033752 -0.002146 0.050148 -0.001616 -1.128727 0.035641 -0.004525 -0.001951 -2.000601 -0.004141 2.666664 0.066164 -2.418636 -3.342221 -0.288104 -0.028795 0.797406 2.506899 5.261696 5.959279 6.265320 -9999.0 -9999.0
-9999.0 -9999.0 -9999.0 -9999.0 -9999.0 -9999.0 -9999.0 -9999.0 -1.301394 0.033009 -0.437056 -3.855098 0.010017 -1.233190 -0.218124 0.027424 3.705551 4.960335 6.198063 5.432782 6.281692 6.730917 8.012188 7.136433 3.397128 0.890396 -0.003047 -1.889826 0.192026 -0.372264 -0.654520 -0.133408 -0.002828 -0.028721 -0.044979 1.483027 3.259493 3.855952 0.717941 -0.004297 0.260351 0.465849 0.438795 0.132733 0.001559 -0.002126 0.071128 0.024368 -0.000333 -0.819136 -0.002247 2.334704 0.053208 -0.071886 0.188766 1.376561 3.446277 4.752491 5.585279 6.016058 5.086671 2.559921 -9999.0
-9999.0 -9999.0 -9999.0 -9999.0 -9999.0 -9999.0 -9999.0 -9999.0 -3.140535 0.007240 -2.286487 -1.477853 -0.326005 -0.093606 1.155030 2.354666 3.874399 2.336774 0.810652 2.647023 4.509872 6.207109 6.339559 6.000630 4.987338 0.184377 -1.000625 -0.002286 -0.000770 -0.014748 -0.202675 0.039152 2.673040 0.973905 0.565610 1.526346 2.926423 5.800529 5.177968 2.265599 0.811673 0.673565 0.783843 -0.002348 -0.741677 0.860674 -0.122332 -0.036683 -0.227296 0.016614 1.668944 1.534642 1.899284 1.474517 2.219637 2.666604 3.462804 4.550011 5.319554 5.112157 3.992207 1.969325 -9999.0
-9999.0 -9999.0 0.006255 0.032651 -3.516763 -1.413070 -2.651585 -2.270220 -0.014439 -0.003147 -0.926537 -0.007166 -0.072712 -0.002243 2.921075 1.311787 -0.008564 -1.133719 -0.506364 0.051364 2.514089 5.256461 5.789482 5.883212 4.135176 1.795443 0.068964 0.290789 2.433309 2.868432 -0.002939 0.713251 5.350642 3.200997 4.275338 4.391566 6.668841 8.039057 6.936139 4.264095 4.286855 4.370397 4.044813 2.899199 -0.002299 0.596890 1.578398 1.550574 2.703276 3.739593 4.362019 3.979501 3.177352 2.499755 2.397989 5.229605 3.163381 3.813640 3.655042 3.356852 3.773645 1.181200 -9999.0
-9999.0 -0.560725 -0.643401 -0.830994 -1.283081 -0.820089 -2.599005 -2.784590 -3.745871 -0.006752 -1.942732 -0.766854 -0.000326 2.061326 1.607775 -0.223247 -0.989772 -1.738576 -1.146816 -0.003093 2.295757 4.052179 6.132853 4.754359 6.327206 3.862402 4.609889 4.969813 4.559857 3.469530 3.094023 3.283939 5.021554 7.893135 7.341395 8.635406 10.208826 10.938820 10.443188 8.782082 7.861128 7.736779 7.027186 4.576029 3.289544 3.685458 4.689447 5.696725 6.228977 5.950800 4.956951 3.961271 2.948760 2.052064 1.969222 1.411617 0.601316 0.961839 1.180735 1.875972 0.351068 0.972083 -9999.0
-9999.0 1.390860 -0.031455 -0.034116 0.520584 -0.044703 -2.428869 -3.291133 -0.284304 -0.121046 -2.471795 -1.151086 0.092181 1.789497 -0.060756 -2.434377 -2.595368 -2.071980 -0.288003 -0.010366 2.412195 1.936325 2.937587 3.100153 6.197313 7.091204 5.203907 5.788173 6.055625 6.157321 6.301202 6.067785 6.970697 7.878297 10.594001 10.919403 14.852925 15.879592 13.293174 12.212461 11.521293 10.588994 9.447843 7.843466 7.705610 7.562762 7.564265 7.410106 6.769935 5.951448 4.137891 1.963928 0.743711 1.382636 0.468435 -0.001624 -0.290248 -0.001805 -0.001780 -0.002081 -0.001483 -9999.0 -9999.0
