erum2020/resources/simulation/Vinschgau/output-maps/TsL0008N0782.asc
ncols         63
nrows         48
xllcorner     598000.000000
yllcorner     5145000.000000
cellsize      1000.000000
NODATA_value  -9999.0
[rows 0 to 27 of 48, columns 0 to 62 of 63]
-9999.0 -9999.0 -9999.0 -9999.0 -9999.0 -9999.0 -9999.0 -9999.0 -9999.0 -9999.0 -9999.0 -9999.0 -9999.0 -9999.0 -9999.0 -9999.0 -9999.0 -9999.0 -9999.0 -9999.0 -9999.0 -9999.0 -9999.0 -9999.0 -9999.0 -9999.0 -9999.0 -9999.0 -9999.0 -9999.0 -9999.0 -9999.0 -9999.0 -9999.0 -9999.0 -9999.0 -9999.0 -9999.0 -9999.0 -9999.0 -9999.0 -9999.0 -9999.0 -9999.0 -9999.0 -9999.0 -9999.0 -9999.0 -9999.0 -9999.0 -9999.0 -9999.0 -9999.0 -9999.0 -9999.0 -9999.0 -9999.0 -9999.0 -9999.0 -9999.0 -9999.0 -9999.0 -9999.0
-9999.0 -9999.0 -9999.0 -9999.0 -9999.0 -9999.0 -9999.0 -9999.0 -9999.0 -9999.0 -9999.0 -9999.0 -9999.0 -9999.0 -9999.0 -9999.0 -9999.0 -9999.0 -9999.0 -9999.0 -9999.0 -9999.0 -9999.0 -9999.0 -9999.0 -9999.0 -9999.0 -1.390209 -0.002210 -2.189849 -0.985894 -1.946137 -1.614146 -9999.0 -9999.0 -9999.0 -9999.0 -9999.0 -9999.0 -9999.0 -9999.0 -9999.0 -9999.0 -9999.0 -9999.0 -9999.0 -9999.0 -9999.0 -9999.0 -9999.0 -9999.0 -9999.0 -9999.0 -9999.0 -9999.0 -9999.0 -9999.0 -9999.0 -9999.0 -9999.0 -9999.0 -9999.0 -9999.0
-9999.0 -9999.0 -9999.0 -9999.0 -9999.0 -9999.0 -9999.0 -9999.0 -9999.0 -9999.0 -9999.0 -9999.0 -9999.0 -9999.0 -9999.0 -9999.0 -9999.0 -9999.0 -9999.0 -9999.0 -9999.0 -9999.0 -9999.0 -9999.0 0.013068 0.027936 0.045210 0.027846 0.004101 -0.002840 -0.005110 -9999.0 -9999.0 -9999.0 -9999.0 -9999.0 -9999.0 -9999.0 -9999.0 -9999.0 -9999.0 -9999.0 -9999.0 -9999.0 -9999.0 -9999.0 -9999.0 -9999.0 -9999.0 -9999.0 -9999.0 -9999.0 -9999.0 -9999.0 -9999.0 -9999.0 -9999.0 -9999.0 -9999.0 -9999.0 -9999.0 -9999.0 -9999.0
-9999.0 -9999.0 -9999.0 -9999.0 -9999.0 -9999.0 -9999.0 -9999.0 -9999.0 -9999.0 -9999.0 -9999.0 -9999.0 -9999.0 -9999.0 -9999.0 -9999.0 -9999.0 -9999.0 -9999.0 -9999.0 -9999.0 -9999.0 0.026978 0.083530 0.927352 1.011292 1.147099 0.061241 0.020735 -0.003251 -0.009993 -9999.0 -9999.0 -9999.0 -9999.0 -9999.0 -9999.0 -9999.0 -9999.0 -9999.0 -9999.0 -9999.0 -9999.0 -9999.0 -9999.0 -9999.0 -9999.0 -9999.0 -9999.0 -9999.0 -9999.0 -9999.0 -9999.0 -9999.0 -9999.0 -9999.0 -9999.0 -9999.0 -9999.0 -9999.0 -9999.0 -9999.0
-9999.0 -9999.0 -9999.0 -9999.0 -9999.0 -9999.0 -9999.0 -9999.0 -9999.0 -9999.0 -9999.0 -9999.0 -9999.0 -9999.0 -9999.0 -9999.0 -9999.0 -9999.0 1.107318 0.064910 -9999.0 0.028555 0.067455 0.369084 0.593114 1.575197 0.728725 0.649065 0.968192 0.147084 0.006975 -0.003556 -3.228738 -5.426861 -9999.0 -9999.0 -9999.0 -9999.0 -9999.0 -9999.0 -9999.0 -9999.0 -9999.0 -9999.0 -9999.0 -9999.0 -9999.0 -9999.0 -9999.0 -9999.0 -9999.0 -9999.0 -9999.0 -9999.0 -9999.0 -9999.0 -9999.0 -9999.0 -9999.0 -9999.0 -9999.0 -9999.0 -9999.0
-9999.0 -9999.0 -9999.0 -9999.0 -9999.0 -9999.0 -9999.0 -9999.0 -9999.0 -9999.0 -9999.0 -9999.0 -9999.0 -9999.0 -9999.0 -9999.0 -9999.0 4.393529 2.199510 1.486336 -0.002570 0.143154 0.136685 0.069511 1.223146 0.059651 0.028807 0.022290 0.017625 0.150833 0.039079 -0.003356 -0.743510 -2.768094 -4.852811 -6.480670 -9999.0 -9999.0 -9999.0 -9999.0 -9999.0 -9999.0 -9999.0 -9999.0 -9999.0 -9999.0 -9999.0 -9999.0 -9999.0 -9999.0 -9999.0 -9999.0 -9999.0 -9999.0 -9999.0 -9999.0 -9999.0 -9999.0 -9999.0 -9999.0 -9999.0 -9999.0 -9999.0
-9999.0 -9999.0 -9999.0 -9999.0 -9999.0 -9999.0 -9999.0 -9999.0 -9999.0 -9999.0 -9999.0 -9999.0 -9999.0 0.037239 0.246670 2.024184 3.864431 4.722618 3.976840 0.776749 0.598218 0.443962 0.664567 0.931753 0.047949 0.026294 -0.004843 -0.012885 0.034427 0.061979 0.042437 0.002152 -0.009722 -1.842766 -4.349292 -6.246098 -9999.0 -9999.0 -9999.0 -9999.0 -9999.0 -9999.0 -9999.0 -9999.0 -9999.0 -9999.0 -9999.0 -9999.0 -9999.0 -9999.0 -9999.0 -9999.0 -9999.0 -9999.0 -9999.0 -9999.0 -9999.0 -9999.0 -9999.0 -9999.0 -9999.0 -9999.0 -9999.0
-9999.0 -9999.0 -9999.0 -9999.0 -9999.0 -9999.0 -9999.0 -9999.0 -9999.0 -9999.0 -9999.0 -9999.0 -9999.0 0.165636 1.601012 2.700443 2.998362 3.983878 4.788343 2.296892 2.456638 1.340563 1.027505 0.076147 0.063657 0.015303 -0.002226 -2.809072 -3.307138 -0.003307 -0.002507 -0.013904 -4.269120 -7.941417 -6.166613 -9999.0 -9999.0 -9999.0 -9999.0 -9999.0 -9999.0 -9999.0 -9999.0 -9999.0 -9999.0 -9999.0 -9999.0 -9999.0 -9999.0 -9999.0 -9999.0 -9999.0 -9999.0 -9999.0 -9999.0 -9999.0 -9999.0 -9999.0 -9999.0 -9999.0 -9999.0 -9999.0 -9999.0
-9999.0 -9999.0 -9999.0 -9999.0 -9999.0 -9999.0 -9999.0 -9999.0 -9999.0 -9999.0 -9999.0 -9999.0 -9999.0 1.256487 1.543430 2.508822 2.318706 3.225013 5.059488 3.696709 1.761276 0.190467 0.022245 0.027772 0.139275 0.039466 -0.014732 -3.803366 -0.006088 -7.058077 -1.951256 -7.858926 -8.320291 -6.182712 -7.282309 -9999.0 -9999.0 -9999.0 -9999.0 -9999.0 -9999.0 -9999.0 -9999.0 -9999.0 -9999.0 -9999.0 -9999.0 -9999.0 -9999.0 -9999.0 -9999.0 -9999.0 -9999.0 -9999.0 -9999.0 -9999.0 -9999.0 -9999.0 -9999.0 -9999.0 -9999.0 -9999.0 -9999.0
-9999.0 -9999.0 -9999.0 -9999.0 -9999.0 -9999.0 -9999.0 -9999.0 -9999.0 -9999.0 -9999.0 -9999.0 0.160508 1.011663 1.801401 0.273981 0.653254 2.559750 4.644396 2.667853 0.587906 0.063875 0.002917 0.035984 0.105453 -0.002731 -0.000923 -0.004612 -0.005636 -4.847838 -6.095111 -4.182556 -3.389788 -6.762387 -9999.0 -9999.0 -9999.0 -9999.0 -9999.0 -9999.0 -9999.0 -9999.0 -9999.0 -9999.0 -9999.0 -9999.0 -9999.0 -9999.0 -9999.0 -9999.0 -9999.0 -9999.0 -9999.0 -9999.0 -9999.0 -9999.0 -9999.0 -9999.0 -9999.0 -9999.0 -9999.0 -9999.0 -9999.0
-9999.0 -9999.0 -9999.0 -9999.0 -9999.0 -9999.0 -9999.0 -9999.0 -9999.0 -9999.0 -9999.0 0.020780 0.489267 1.228194 0.900674 0.197204 1.286575 2.452139 4.996857 2.024435 0.906895 0.477624 0.011049 -0.002060 -0.003440 -0.003647 -4.246876 -0.003125 -0.000109 -5.888318 -4.306982 -0.005250 -4.066707 -5.162223 -4.838101 -3.811042 -0.009662 -0.004721 -0.004797 -9999.0 -9999.0 -9999.0 -5.202578 -9999.0 -9999.0 -9999.0 -9999.0 -9999.0 -9999.0 -9999.0 -9999.0 -9999.0 -9999.0 -9999.0 -9999.0 -9999.0 -9999.0 -9999.0 -9999.0 -9999.0 -9999.0 -9999.0 -9999.0
-9999.0 -9999.0 -9999.0 -9999.0 -9999.0 -9999.0 -9999.0 -9999.0 -9999.0 -9999.0 -9999.0 0.012146 0.893055 1.199346 2.026818 0.008576 3.184570 2.996550 5.101961 3.571529 1.858581 0.106875 0.016327 0.000236 -0.002913 -0.003109 -0.002662 -0.004358 -1.895857 -5.282627 -0.009331 -0.002291 -0.005945 -2.873050 -2.172288 -0.026244 0.004393 -0.002087 -0.003557 -4.005997 -3.986651 -4.922616 -0.030870 -3.392050 -9999.0 -9999.0 -9999.0 -0.001430 -3.336544 -4.663902 -1.644731 -5.360750 -5.826267 -0.000726 -0.001616 -6.451151 -9999.0 -9999.0 -9999.0 -9999.0 -9999.0 -9999.0 -9999.0
-9999.0 -9999.0 -9999.0 -9999.0 -9999.0 -9999.0 -9999.0 -9999.0 -9999.0 -9999.0 -9999.0 0.007817 0.015345 0.010340 0.316861 0.111186 0.149060 2.244290 3.420024 3.929609 1.606761 0.046404 0.019085 0.007848 -0.003397 -0.359544 0.004116 -0.001247 -2.631798 -1.732611 -3.168330 -0.945447 -0.003566 -0.171593 -3.675314 -0.007622 -0.002818 -0.005757 0.103641 -0.990589 -0.003260 -0.158291 -0.007995 -0.002922 -0.068857 -9999.0 -6.678875 -2.538160 -0.008452 -0.004617 -0.004573 -1.401612 -0.007986 -0.004541 -3.061292 -1.143301 -9999.0 -9999.0 -9999.0 -9999.0 -9999.0 -9999.0 -9999.0
-9999.0 -9999.0 -9999.0 -9999.0 -9999.0 -9999.0 -9999.0 -9999.0 -9999.0 -9999.0 -9999.0 -9999.0 0.007482 0.013773 0.141675 0.134720 0.027508 1.645036 3.830045 3.913443 1.044523 0.029050 -0.002902 0.003136 0.000449 0.006950 0.108166 -0.005293 -0.011225 -3.346775 -0.003099 -0.002652 -0.003380 -0.012038 -1.252637 -0.006386 -0.002108 0.187886 1.356071 -0.002718 0.069611 -0.003876 -0.012202 0.014955 -2.691412 -0.371874 -4.736486 -0.898186 -2.423974 -0.002040 0.195630 -0.002122 0.066766 -0.000832 -0.008819 -0.014598 -0.003714 -9999.0 -9999.0 -9999.0 -9999.0 -9999.0 -9999.0
-9999.0 -9999.0 -9999.0 -9999.0 -9999.0 -9999.0 -9999.0 -9999.0 -9999.0 -9999.0 -9999.0 0.014561 0.002053 0.008318 0.008804 0.013667 0.074028 0.897151 3.219392 3.400045 1.249693 0.026758 0.024187 -0.002327 0.014584 0.007407 0.016549 -0.006329 -0.004352 -0.582112 0.002367 0.002672 -0.001285 -0.009365 -3.057702 -0.349665 -0.005224 -0.002615 0.792966 0.329741 -0.002727 0.116860 0.015182 -0.003891 0.062048 -0.003651 -0.009408 -1.312717 -0.017439 0.032697 -2.741597 -0.008699 -1.256159 -5.480289 -6.324385 -4.503101 -4.734327 -9999.0 -9999.0 -9999.0 -9999.0 -9999.0 -9999.0
-9999.0 -9999.0 -9999.0 -9999.0 -9999.0 -9999.0 -9999.0 -9999.0 -9999.0 -9999.0 0.122469 0.001791 0.039666 0.034180 0.109574 0.087806 0.046904 0.044402 2.545984 3.099061 2.401134 1.076597 0.009494 0.122507 0.081640 0.078511 -0.004124 -3.602434 -0.002396 0.012448 0.010711 0.001285 -0.002020 -0.039016 -6.365214 -3.194568 -0.002374 -0.003406 -0.008816 0.049161 0.038404 0.376957 1.437041 0.407057 0.022491 -0.019478 -0.002515 -0.009035 0.011262 0.025551 -3.692960 -5.146356 -6.985998 -6.391256 -8.058970 -0.759777 -1.440445 -9999.0 -9999.0 -9999.0 -9999.0 -9999.0 -9999.0
-9999.0 -9999.0 -9999.0 -9999.0 -9999.0 -9999.0 -9999.0 -9999.0 -9999.0 -0.003160 0.019021 0.012092 0.011452 0.024484 0.042136 0.004320 0.027119 0.344850 2.148867 3.595364 2.820007 0.097313 0.050917 0.174478 0.203542 -1.216736 0.002221 0.027019 0.025699 0.050737 0.032156 -1.759288 -3.003763 -7.318443 -4.818560 -3.379593 -0.004713 -0.005014 -0.002042 0.002822 -0.001578 0.019198 0.008218 0.905549 0.298697 0.051281 0.134231 0.029782 0.027154 0.366119 -2.214943 -4.644128 -7.073350 -7.437467 -5.724151 -4.108080 -0.006628 -2.797114 -4.789103 -9999.0 -9999.0 -9999.0 -9999.0
-9999.0 -9999.0 -9999.0 -9999.0 -9999.0 -9999.0 -9999.0 -9999.0 -9999.0 -1.905523 -0.166396 -0.001817 0.431091 0.053001 0.052360 0.028278 0.125315 0.141453 2.675277 4.052119 3.663260 2.124504 1.184495 0.135464 -0.414918 0.012795 0.049212 0.094000 0.049497 0.131462 0.026063 -2.246231 -0.016241 -0.038890 -0.019821 -1.758044 -1.158029 -0.012558 -0.003224 -0.002032 0.004788 -0.002814 0.043884 0.056053 1.714116 1.122441 0.702949 0.051293 0.025028 0.039426 -2.934821 -4.418315 -7.017212 -5.730356 -5.355944 -0.001620 -2.365425 -0.002801 -0.098499 -9999.0 -9999.0 -9999.0 -9999.0
-9999.0 -9999.0 -9999.0 -9999.0 -9999.0 -9999.0 -9999.0 -9999.0 -9999.0 -9999.0 -0.003840 -0.002366 0.003718 0.257692 0.074839 0.061647 0.077809 0.730112 3.345847 4.007562 3.274333 1.219777 0.047638 0.011540 0.022086 0.086847 0.033182 0.141105 0.033107 -0.004605 -1.956201 0.005769 -2.111212 -0.229222 -0.004011 -0.001985 0.065947 0.038527 -0.970433 -0.008413 -0.005776 0.014233 0.090902 0.017709 0.015118 0.050720 0.316839 1.657618 1.572810 0.036582 -1.989823 -2.591304 -5.671301 -6.872195 -4.884756 -3.363300 -0.002180 0.033092 -0.002556 0.100686 -9999.0 -9999.0 -9999.0
-9999.0 -9999.0 -9999.0 -9999.0 -9999.0 -9999.0 -9999.0 -9999.0 -9999.0 -9999.0 -0.024382 -0.002599 0.010396 0.006061 1.648742 0.070459 0.066966 1.660054 3.961556 4.582666 2.707057 0.300866 0.052899 0.059121 0.075984 0.207158 0.880724 0.015894 -0.498634 -0.727441 -0.004952 -0.000291 -3.941710 -0.763429 -0.003471 0.000971 0.009075 0.007958 -0.018911 -0.007402 -0.004175 -0.006874 -0.002026 -0.001444 0.036881 -0.253057 0.029021 0.008100 1.428259 1.311126 0.008380 -0.025554 -0.400398 -5.467503 -7.293797 -6.273629 -1.639367 0.014116 0.715310 1.524453 -9999.0 -9999.0 -9999.0
-9999.0 -9999.0 -9999.0 -9999.0 -9999.0 -9999.0 -9999.0 -9999.0 0.007139 -0.002512 -0.017954 -0.001704 -0.001952 -0.002008 -0.278154 1.523996 1.663465 2.964380 4.805337 4.983852 4.534111 2.655664 1.686946 0.091639 0.154235 1.416541 0.894583 -0.001379 -0.002437 -3.245040 -6.641677 -0.016638 -0.004167 -0.013463 -0.013515 -0.003232 0.020002 0.020065 -2.502082 -2.482566 -1.818783 -0.000172 -2.848485 -2.775738 -0.004419 0.036792 -2.289293 0.015594 0.004701 2.383238 0.022256 -2.290115 -0.005283 -5.534173 -5.815706 -0.037611 -2.123603 0.122911 0.029005 2.599015 -9999.0 -9999.0 -9999.0
-9999.0 -9999.0 -9999.0 -9999.0 -9999.0 -9999.0 -9999.0 -9999.0 -0.103005 -0.002572 -0.526826 -0.008033 -0.002479 0.003451 0.006248 0.033402 0.738971 1.264717 4.164353 5.406914 6.136015 5.348335 3.486612 1.907876 2.080333 2.101820 0.212344 0.008678 -2.955688 -0.005052 -0.016485 -1.489646 -0.008169 -1.508702 -0.001646 0.005797 0.049266 0.016606 0.005639 -0.002013 -0.004062 -4.057985 -2.219136 -0.000542 0.035116 0.000915 -3.064891 -0.002114 0.019287 0.844451 1.238125 0.022370 -3.460314 -0.010771 -0.002672 -0.061237 0.033656 0.015897 1.789907 5.120916 5.996093 -9999.0 -9999.0
-9999.0 -9999.0 -9999.0 -9999.0 -9999.0 -9999.0 -9999.0 -9999.0 -0.004024 0.001283 -0.002493 -1.513567 -0.000732 -1.719704 0.015666 0.005343 0.049392 1.101765 4.493896 6.220006 5.836966 6.191021 4.909220 4.092918 3.762923 1.876660 0.075641 -0.000208 -3.117970 -0.003069 -0.307621 0.007884 -0.002344 -0.009738 0.003526 0.076032 -0.002189 1.221345 0.002777 -0.003556 -0.002615 -0.678604 0.001570 0.004807 -0.001126 0.000461 -2.201633 0.001278 0.001558 0.032336 2.014376 0.021516 -2.436636 -3.304562 0.025121 0.007209 0.086490 1.696062 3.720189 4.795339 5.603239 -9999.0 -9999.0
-9999.0 -9999.0 -9999.0 -9999.0 -9999.0 -9999.0 -9999.0 -9999.0 -4.595374 -0.002022 0.037450 -3.214068 -0.001604 0.001436 -0.398099 0.038002 2.677343 4.178901 4.005776 5.268431 5.322978 5.881570 6.231485 5.892684 2.847997 0.386379 0.036392 -1.810884 0.053787 -0.005980 -0.002207 -0.004403 -0.002871 0.047738 -0.002482 0.064480 0.341978 2.511555 0.061287 0.017216 0.007053 0.011173 0.003411 -0.004322 0.008174 -0.045651 -0.002329 -0.009212 -0.002120 0.028499 0.013814 1.536609 0.033684 0.218802 0.205968 0.874397 2.271559 3.801631 4.989993 5.395283 3.910781 1.884728 -9999.0
-9999.0 -9999.0 -9999.0 -9999.0 -9999.0 -9999.0 -9999.0 -9999.0 -0.005204 0.000214 0.018505 -1.488153 -2.048790 -0.009079 0.299070 1.506164 2.737165 1.480496 0.107176 1.621458 4.018618 5.460712 5.608715 5.315199 2.447827 0.087234 0.007540 0.077558 0.123942 0.072272 0.015052 0.056292 0.616610 0.133285 0.077310 0.188197 1.377430 4.168448 3.473672 1.103042 0.090081 0.065563 0.069039 0.057277 0.017479 0.057840 0.031977 -0.002588 0.051051 0.024479 0.703535 1.074107 1.305458 1.129233 1.791734 2.905223 3.728232 4.358599 4.330665 3.535208 2.657146 1.095752 -9999.0
-9999.0 -9999.0 -0.003114 0.007698 -0.001455 0.006486 -0.002362 -0.006874 -0.001749 -0.001635 0.000405 0.091224 -0.003050 0.160583 1.325510 1.815080 0.005531 0.001987 0.020226 0.061084 1.561319 4.105108 4.769320 5.874200 3.706328 1.031913 0.078347 0.081145 1.239896 0.573058 0.058752 0.074100 2.521797 1.730430 2.520705 3.112076 4.693125 6.138383 5.061806 2.958856 2.499538 2.492212 2.334526 1.361475 0.043298 0.084451 0.450066 0.695346 1.420691 2.455199 3.213651 4.135772 3.445209 3.057072 2.954658 4.017660 3.071262 3.030975 1.947982 2.129966 1.165342 0.434972 -9999.0
-9999.0 0.021777 0.001254 0.002140 0.003701 -0.002050 -0.002350 -0.003261 -0.008805 -0.013004 -0.002007 -0.002085 0.505493 1.399240 1.472546 -0.005048 0.003460 0.001463 0.087208 0.060974 1.468771 2.661263 3.667716 3.921637 4.400075 3.097914 2.732835 2.897706 2.881267 2.233945 1.882425 1.439059 2.211409 4.345896 5.125611 6.623860 7.770770 9.086142 7.989320 6.761736 5.761793 5.471841 4.646101 2.987360 2.004203 2.597420 3.878805 4.177091 4.526645 4.264231 4.467943 3.833545 2.811262 2.240061 2.191521 1.247964 0.535121 0.852390 0.519263 0.250172 0.041527 0.250115 -9999.0
-9999.0 0.023236 0.005279 0.018415 0.757850 0.003227 -1.519631 -0.002444 -0.001838 -0.038236 -0.001092 -0.001876 0.053648 1.530905 0.007617 -1.975888 -0.039734 0.001046 0.002163 0.008220 0.335781 1.015688 1.467385 1.317503 4.253583 5.375023 5.155926 5.516164 5.050509 4.754260 5.682038 5.119240 4.294865 5.372497 7.067283 8.469723 10.862797 12.294116 10.323433 9.683938 8.854686 8.043193 6.568570 6.934076 7.434511 6.645403 6.517652 6.185987 5.598059 5.061939 3.050238 1.164679 0.636491 0.849149 0.436469 0.015657 -0.000696 0.021221 0.006594 0.018950 0.017639 -9999.0 -9999.0
