erum2020/resources/simulation/Vinschgau/output-maps/TsL0008N1317.asc
ncols         63
nrows         48
xllcorner     598000.000000
yllcorner     5145000.000000
cellsize      1000.000000
NODATA_value  -9999.0
[rows 0 to 27 of 48, columns 0 to 62 of 63]
-9999.0 -9999.0 -9999.0 -9999.0 -9999.0 -9999.0 -9999.0 -9999.0 -9999.0 -9999.0 -9999.0 -9999.0 -9999.0 -9999.0 -9999.0 -9999.0 -9999.0 -9999.0 -9999.0 -9999.0 -9999.0 -9999.0 -9999.0 -9999.0 -9999.0 -9999.0 -9999.0 -9999.0 -9999.0 -9999.0 -9999.0 -9999.0 -9999.0 -9999.0 -9999.0 -9999.0 -9999.0 -9999.0 -9999.0 -9999.0 -9999.0 -9999.0 -9999.0 -9999.0 -9999.0 -9999.0 -9999.0 -9999.0 -9999.0 -9999.0 -9999.0 -9999.0 -9999.0 -9999.0 -9999.0 -9999.0 -9999.0 -9999.0 -9999.0 -9999.0 -9999.0 -9999.0 -9999.0
-9999.0 -9999.0 -9999.0 -9999.0 -9999.0 -9999.0 -9999.0 -9999.0 -9999.0 -9999.0 -9999.0 -9999.0 -9999.0 -9999.0 -9999.0 -9999.0 -9999.0 -9999.0 -9999.0 -9999.0 -9999.0 -9999.0 -9999.0 -9999.0 -9999.0 -9999.0 -9999.0 1.932169 1.407003 2.576174 -0.002511 -0.003150 -0.094869 -9999.0 -9999.0 -9999.0 -9999.0 -9999.0 -9999.0 -9999.0 -9999.0 -9999.0 -9999.0 -9999.0 -9999.0 -9999.0 -9999.0 -9999.0 -9999.0 -9999.0 -9999.0 -9999.0 -9999.0 -9999.0 -9999.0 -9999.0 -9999.0 -9999.0 -9999.0 -9999.0 -9999.0 -9999.0 -9999.0
-9999.0 -9999.0 -9999.0 -9999.0 -9999.0 -9999.0 -9999.0 -9999.0 -9999.0 -9999.0 -9999.0 -9999.0 -9999.0 -9999.0 -9999.0 -9999.0 -9999.0 -9999.0 -9999.0 -9999.0 -9999.0 -9999.0 -9999.0 -9999.0 1.802096 2.045845 2.380408 1.776200 2.245222 2.270835 -0.003136 -9999.0 -9999.0 -9999.0 -9999.0 -9999.0 -9999.0 -9999.0 -9999.0 -9999.0 -9999.0 -9999.0 -9999.0 -9999.0 -9999.0 -9999.0 -9999.0 -9999.0 -9999.0 -9999.0 -9999.0 -9999.0 -9999.0 -9999.0 -9999.0 -9999.0 -9999.0 -9999.0 -9999.0 -9999.0 -9999.0 -9999.0 -9999.0
-9999.0 -9999.0 -9999.0 -9999.0 -9999.0 -9999.0 -9999.0 -9999.0 -9999.0 -9999.0 -9999.0 -9999.0 -9999.0 -9999.0 -9999.0 -9999.0 -9999.0 -9999.0 -9999.0 -9999.0 -9999.0 -9999.0 -9999.0 2.172323 2.995166 4.085324 4.205573 4.325573 4.678243 2.447467 -0.002882 -0.015102 -9999.0 -9999.0 -9999.0 -9999.0 -9999.0 -9999.0 -9999.0 -9999.0 -9999.0 -9999.0 -9999.0 -9999.0 -9999.0 -9999.0 -9999.0 -9999.0 -9999.0 -9999.0 -9999.0 -9999.0 -9999.0 -9999.0 -9999.0 -9999.0 -9999.0 -9999.0 -9999.0 -9999.0 -9999.0 -9999.0 -9999.0
-9999.0 -9999.0 -9999.0 -9999.0 -9999.0 -9999.0 -9999.0 -9999.0 -9999.0 -9999.0 -9999.0 -9999.0 -9999.0 -9999.0 -9999.0 -9999.0 -9999.0 -9999.0 6.663798 3.009052 -9999.0 2.570191 3.029742 3.692473 3.733029 4.452219 4.542006 5.150153 3.058741 1.776562 2.082266 -0.002384 0.787943 0.926553 -9999.0 -9999.0 -9999.0 -9999.0 -9999.0 -9999.0 -9999.0 -9999.0 -9999.0 -9999.0 -9999.0 -9999.0 -9999.0 -9999.0 -9999.0 -9999.0 -9999.0 -9999.0 -9999.0 -9999.0 -9999.0 -9999.0 -9999.0 -9999.0 -9999.0 -9999.0 -9999.0 -9999.0 -9999.0
-9999.0 -9999.0 -9999.0 -9999.0 -9999.0 -9999.0 -9999.0 -9999.0 -9999.0 -9999.0 -9999.0 -9999.0 -9999.0 -9999.0 -9999.0 -9999.0 -9999.0 5.342188 4.000199 4.682173 4.521396 0.995375 2.023625 3.470673 5.559418 0.416546 -0.049046 1.365789 -0.043583 2.533509 3.453193 2.232841 2.961113 1.818479 0.703132 0.776599 -9999.0 -9999.0 -9999.0 -9999.0 -9999.0 -9999.0 -9999.0 -9999.0 -9999.0 -9999.0 -9999.0 -9999.0 -9999.0 -9999.0 -9999.0 -9999.0 -9999.0 -9999.0 -9999.0 -9999.0 -9999.0 -9999.0 -9999.0 -9999.0 -9999.0 -9999.0 -9999.0
-9999.0 -9999.0 -9999.0 -9999.0 -9999.0 -9999.0 -9999.0 -9999.0 -9999.0 -9999.0 -9999.0 -9999.0 -9999.0 5.543209 3.398723 3.689792 4.988967 11.353629 5.069478 4.111260 3.983144 3.674401 4.354320 5.783322 -0.003345 2.965998 -0.011456 -0.048042 -0.043778 -0.002038 -0.444698 2.596779 1.614655 -0.002232 1.254293 0.705523 -9999.0 -9999.0 -9999.0 -9999.0 -9999.0 -9999.0 -9999.0 -9999.0 -9999.0 -9999.0 -9999.0 -9999.0 -9999.0 -9999.0 -9999.0 -9999.0 -9999.0 -9999.0 -9999.0 -9999.0 -9999.0 -9999.0 -9999.0 -9999.0 -9999.0 -9999.0 -9999.0
-9999.0 -9999.0 -9999.0 -9999.0 -9999.0 -9999.0 -9999.0 -9999.0 -9999.0 -9999.0 -9999.0 -9999.0 -9999.0 6.160441 5.020728 4.473972 4.237158 10.934591 11.451120 5.873945 4.283031 7.239669 3.000493 1.882756 3.082567 1.860268 1.475790 2.354056 1.327973 -0.055995 -0.064676 0.480007 0.899952 -0.002639 0.587741 -9999.0 -9999.0 -9999.0 -9999.0 -9999.0 -9999.0 -9999.0 -9999.0 -9999.0 -9999.0 -9999.0 -9999.0 -9999.0 -9999.0 -9999.0 -9999.0 -9999.0 -9999.0 -9999.0 -9999.0 -9999.0 -9999.0 -9999.0 -9999.0 -9999.0 -9999.0 -9999.0 -9999.0
-9999.0 -9999.0 -9999.0 -9999.0 -9999.0 -9999.0 -9999.0 -9999.0 -9999.0 -9999.0 -9999.0 -9999.0 -9999.0 5.074370 4.874891 6.318939 4.056661 4.810354 11.829858 5.162189 8.587863 3.543194 0.725568 -0.007103 2.991094 2.479857 3.187020 1.140207 -0.010507 0.572273 -0.003643 -0.005031 -0.002567 -6.010950 0.682574 -9999.0 -9999.0 -9999.0 -9999.0 -9999.0 -9999.0 -9999.0 -9999.0 -9999.0 -9999.0 -9999.0 -9999.0 -9999.0 -9999.0 -9999.0 -9999.0 -9999.0 -9999.0 -9999.0 -9999.0 -9999.0 -9999.0 -9999.0 -9999.0 -9999.0 -9999.0 -9999.0 -9999.0
-9999.0 -9999.0 -9999.0 -9999.0 -9999.0 -9999.0 -9999.0 -9999.0 -9999.0 -9999.0 -9999.0 -9999.0 3.863469 4.387631 5.953014 4.414182 2.707689 4.363477 11.837639 6.319809 4.207870 0.719150 1.205978 -0.006198 -0.549239 1.424009 -1.759379 -0.003560 1.131867 0.833331 -0.037432 0.782698 -0.023826 0.832532 -9999.0 -9999.0 -9999.0 -9999.0 -9999.0 -9999.0 -9999.0 -9999.0 -9999.0 -9999.0 -9999.0 -9999.0 -9999.0 -9999.0 -9999.0 -9999.0 -9999.0 -9999.0 -9999.0 -9999.0 -9999.0 -9999.0 -9999.0 -9999.0 -9999.0 -9999.0 -9999.0 -9999.0 -9999.0
-9999.0 -9999.0 -9999.0 -9999.0 -9999.0 -9999.0 -9999.0 -9999.0 -9999.0 -9999.0 -9999.0 5.252033 5.386961 2.687168 5.482233 7.888973 5.515433 4.674596 11.599825 7.746518 2.979417 3.569108 3.235813 1.888536 1.157085 1.911099 -0.005477 1.087043 -0.027872 0.661237 0.844989 1.598290 1.244376 0.861786 0.809628 1.521428 -0.002612 1.380525 1.645699 -9999.0 -9999.0 -9999.0 0.773266 -9999.0 -9999.0 -9999.0 -9999.0 -9999.0 -9999.0 -9999.0 -9999.0 -9999.0 -9999.0 -9999.0 -9999.0 -9999.0 -9999.0 -9999.0 -9999.0 -9999.0 -9999.0 -9999.0 -9999.0
-9999.0 -9999.0 -9999.0 -9999.0 -9999.0 -9999.0 -9999.0 -9999.0 -9999.0 -9999.0 -9999.0 4.694336 5.343334 6.923899 6.653435 7.138572 7.640076 5.099667 11.711709 8.990494 8.540316 5.443548 2.681590 -0.915812 -0.539260 1.340295 0.684679 1.896507 2.468697 0.900684 0.594014 2.199954 -0.020141 -0.025134 -0.018028 1.057514 2.386168 2.841164 1.598255 0.812622 0.938033 0.906120 -0.002397 0.893543 -9999.0 -9999.0 -9999.0 -0.056115 -0.033103 -0.002361 -0.032789 -0.006958 -0.005585 -0.221314 -0.358913 -0.006014 -9999.0 -9999.0 -9999.0 -9999.0 -9999.0 -9999.0 -9999.0
-9999.0 -9999.0 -9999.0 -9999.0 -9999.0 -9999.0 -9999.0 -9999.0 -9999.0 -9999.0 -9999.0 4.383032 5.075937 1.993089 7.287578 7.834023 3.304838 4.117977 10.012839 8.874971 2.582878 0.513692 -0.259251 1.713912 1.345234 2.024185 -0.370391 -2.240879 1.644472 -0.022325 1.290724 -0.712386 1.895173 -0.024766 0.884780 2.086342 -0.444097 -0.464924 3.723569 1.370870 1.552640 -0.002202 1.880829 1.112130 -0.029109 -9999.0 0.564964 -0.029926 -0.003165 1.530290 1.998518 2.762241 1.310972 -0.004804 -0.003951 -0.026287 -9999.0 -9999.0 -9999.0 -9999.0 -9999.0 -9999.0 -9999.0
-9999.0 -9999.0 -9999.0 -9999.0 -9999.0 -9999.0 -9999.0 -9999.0 -9999.0 -9999.0 -9999.0 -9999.0 4.827671 -0.001951 6.319284 6.642588 1.071316 3.150751 10.936233 8.722377 2.437940 1.078394 -0.048139 -0.147793 -1.159669 -0.448945 -0.000349 2.105504 -0.002666 0.979773 0.275213 -0.449640 2.299496 -0.004815 -0.012936 1.453780 -0.336811 -0.679800 4.474263 2.903433 3.185784 3.099129 -0.111757 2.374516 1.133369 -0.029355 0.352610 -0.027064 -1.140052 -0.127516 -0.000759 -0.597433 -2.447649 -1.363629 -1.202658 -0.020640 -0.028826 -9999.0 -9999.0 -9999.0 -9999.0 -9999.0 -9999.0
-9999.0 -9999.0 -9999.0 -9999.0 -9999.0 -9999.0 -9999.0 -9999.0 -9999.0 -9999.0 -9999.0 -0.083086 3.013984 5.887098 -0.036059 0.966423 2.505495 2.460654 10.275947 4.399784 2.705348 0.990184 -0.002009 -0.402208 -0.357941 -0.673112 -0.190375 -0.003137 -0.004347 2.269259 -0.433520 -0.655027 2.822941 -0.003999 -0.023930 0.842086 1.403756 -0.071476 0.500206 4.620089 -0.069042 -0.002424 -0.046680 -0.009510 3.074151 -0.002878 1.268388 2.282901 2.944370 -0.008708 -1.853849 -0.002679 -1.948728 -3.661287 -4.389059 -1.282806 0.590558 -9999.0 -9999.0 -9999.0 -9999.0 -9999.0 -9999.0
-9999.0 -9999.0 -9999.0 -9999.0 -9999.0 -9999.0 -9999.0 -9999.0 -9999.0 -9999.0 -0.000893 -0.053053 2.962113 3.282110 4.651645 -0.004183 -0.008856 0.099113 3.549069 4.046291 6.706944 4.584075 -0.291446 3.440674 -0.002006 -0.945083 -0.758295 -2.783979 2.307661 2.617750 -0.095594 -0.952821 2.444764 -0.004449 0.852660 1.336636 2.190286 -0.181429 -0.115642 0.754946 0.940532 1.938571 6.862373 1.095301 -0.002893 2.343761 1.624070 -0.077031 -0.172545 -0.001417 -2.985177 -0.002579 -4.865066 -1.146900 -0.655071 -0.005248 -0.004595 -9999.0 -9999.0 -9999.0 -9999.0 -9999.0 -9999.0
-9999.0 -9999.0 -9999.0 -9999.0 -9999.0 -9999.0 -9999.0 -9999.0 -9999.0 1.537214 -0.000777 -0.044788 -0.040584 -0.075519 -0.068849 -0.047688 -0.003064 5.555777 3.472062 4.081790 7.106299 0.883977 0.490378 1.535483 0.464910 -1.090063 -1.290716 2.498826 -0.045625 -0.003567 0.498272 -1.286979 1.536430 0.780167 0.986893 1.279101 2.238585 -0.467961 -0.266698 -0.060364 -0.524459 -0.216986 -0.221853 1.710757 1.428539 -0.009024 4.113253 -0.145129 -0.133175 0.558831 -0.752501 0.466659 -1.292668 -0.691220 -0.021321 -2.143959 -1.338905 0.902240 -0.006432 -9999.0 -9999.0 -9999.0 -9999.0
-9999.0 -9999.0 -9999.0 -9999.0 -9999.0 -9999.0 -9999.0 -9999.0 -9999.0 1.617730 1.418438 2.784509 3.371174 -0.001600 -0.005702 -0.086279 3.823183 1.405522 4.033470 8.166484 7.749097 7.174100 5.196986 3.050864 -0.704385 -0.590757 -0.070663 -0.001844 1.065077 3.161464 2.544987 -1.665385 1.363861 -0.022850 -0.003029 1.281628 1.821323 2.936946 1.343109 2.928717 -0.233919 -0.737585 -0.048903 1.355594 2.766875 2.906245 2.723394 1.124167 -0.002516 0.738787 -2.546747 -3.887557 -1.145232 -1.287631 -0.002879 -3.024926 -1.302277 -0.780349 1.698430 -9999.0 -9999.0 -9999.0 -9999.0
-9999.0 -9999.0 -9999.0 -9999.0 -9999.0 -9999.0 -9999.0 -9999.0 -9999.0 -9999.0 0.347083 2.656410 -0.039024 -0.004178 0.385150 -0.003024 -0.001493 2.904309 4.810023 5.657639 7.863316 2.662244 -0.002377 -0.123305 -0.382585 -0.002291 0.650983 1.608544 2.435570 -1.229827 -1.567543 -2.076387 -2.185753 -0.005826 1.773951 2.807467 2.529385 2.760403 1.836006 1.029611 -0.002081 2.498552 2.866089 -0.005989 -0.003943 -0.002576 1.711657 5.486915 3.993357 0.777546 -1.507141 -1.253825 -0.145671 -1.328378 -1.385326 -0.031867 -0.003644 -0.942828 -0.058995 -0.002010 -9999.0 -9999.0 -9999.0
-9999.0 -9999.0 -9999.0 -9999.0 -9999.0 -9999.0 -9999.0 -9999.0 -9999.0 -9999.0 -0.003331 1.673651 2.423243 -0.003751 4.064489 0.369752 -0.004071 2.584957 5.257196 6.340172 3.357062 1.491249 -0.003213 -0.040138 -0.002183 1.114460 2.268843 -0.002408 -0.919295 -1.916128 0.925660 1.927232 -2.168357 -0.020843 1.067577 2.975784 -0.862354 -0.060929 -0.822836 -0.003687 1.242309 4.305913 -0.082956 2.388897 2.166883 -0.128430 -0.001227 -0.003688 3.105046 3.392114 0.433152 -0.830243 -2.648899 -0.010178 -1.936289 -1.261991 -0.032887 -0.168748 1.447909 2.475646 -9999.0 -9999.0 -9999.0
-9999.0 -9999.0 -9999.0 -9999.0 -9999.0 -9999.0 -9999.0 -9999.0 1.177992 -0.002129 -0.003504 1.402399 -0.315469 -0.053713 -0.038922 1.632675 2.898649 7.968131 6.597533 6.720220 5.078835 3.991462 3.114574 1.422503 1.088311 1.881084 4.095491 -0.463257 -0.564577 -1.825369 -0.002529 0.941674 1.015310 -0.009161 1.322724 1.410318 4.447245 -0.052728 -2.158954 1.391175 2.434183 2.492137 -1.798172 1.665597 3.314789 1.710482 -1.984201 -0.053800 -0.002404 2.879291 0.869304 -0.416586 -1.654956 -4.343815 -0.972253 -0.019379 1.018421 2.701532 1.163261 4.484741 -9999.0 -9999.0 -9999.0
-9999.0 -9999.0 -9999.0 -9999.0 -9999.0 -9999.0 -9999.0 -9999.0 -2.313973 -0.609318 -1.416483 -0.004851 1.413179 -1.425108 -0.567374 -0.002611 1.885904 2.476276 5.445116 7.259921 11.619006 10.435505 9.883074 8.784262 3.336744 3.353987 0.783246 -0.052086 -2.065206 -0.004158 -0.023707 1.649703 1.577984 1.909893 1.628922 2.292345 5.648386 -0.006002 -0.050181 2.113748 1.025906 -0.002848 2.078896 2.255078 -0.000674 -0.158396 -2.250569 1.796341 -0.047125 1.510019 2.294093 -0.018760 -3.180252 -0.030515 1.128873 -1.257414 -0.234450 -0.002642 3.442783 6.278052 7.142002 -9999.0 -9999.0
-9999.0 -9999.0 -9999.0 -9999.0 -9999.0 -9999.0 -9999.0 -9999.0 0.946653 -0.001374 -0.004444 -2.159439 -0.001843 -1.623434 -0.147225 -0.455128 0.285792 3.632022 5.382924 11.286418 7.715049 10.645190 10.645398 6.339616 8.294560 3.210699 0.331922 -0.870939 -2.618762 0.981582 2.104665 2.434001 -0.888879 -0.620576 2.738463 4.996128 -0.004012 1.813786 -0.019967 -0.077818 2.042054 2.446320 1.883121 -0.002177 -0.482767 1.787409 1.291849 -0.002719 -1.001002 -0.002695 2.674414 0.725020 -3.328600 -3.099372 -0.050094 -0.039455 1.465354 2.970112 6.098131 6.549054 6.942525 -9999.0 -9999.0
-9999.0 -9999.0 -9999.0 -9999.0 -9999.0 -9999.0 -9999.0 -9999.0 0.188888 1.935677 -0.076122 -2.569564 0.368131 -0.583687 -0.331958 0.166454 3.930339 5.180948 8.282937 5.647420 7.165303 7.586603 10.194525 9.358019 3.605718 1.049348 -0.002598 -1.610497 2.355465 -0.170402 -0.126383 -0.057213 -0.002861 -0.041019 -0.035569 4.290404 6.297369 4.076978 0.760047 -0.004090 2.666123 2.872964 2.811671 3.318665 0.552841 2.373427 2.409873 2.850315 1.269718 -0.252387 -0.002082 2.380503 0.790703 -0.047212 1.039035 2.034565 3.862626 4.879146 5.740821 6.683071 5.721640 2.728498 -9999.0
-9999.0 -9999.0 -9999.0 -9999.0 -9999.0 -9999.0 -9999.0 -9999.0 -0.069292 -0.001725 -1.562991 -1.219234 -0.363028 -0.132979 3.108011 2.840388 5.608005 2.494016 0.971702 2.864816 4.726016 7.016955 7.195205 6.869551 7.399982 0.302071 -0.729710 -0.002190 0.402279 -0.015086 -0.117296 0.666961 2.775624 1.645468 0.897631 2.440921 3.942778 6.037929 5.417644 2.637961 1.168735 1.116283 1.176011 0.302389 -0.180198 3.191725 -0.043721 -0.054630 -0.044547 0.580869 2.112531 1.721847 2.008668 2.191792 2.863977 3.277502 3.975071 5.129208 5.945001 5.983912 4.190605 2.138940 -9999.0
-9999.0 -9999.0 1.859294 1.656898 -2.759517 -0.708616 -1.684506 -1.437013 -0.021867 -0.004681 -0.381947 -0.005536 -0.081951 -0.002414 4.535016 1.970381 -0.004038 -0.867984 -0.058575 0.054972 2.733684 5.459902 6.491063 6.103962 4.986619 2.006179 0.088686 0.300262 2.602347 4.414211 -0.002630 0.891711 7.200108 3.408669 5.193520 4.629373 7.618492 8.284210 7.192765 4.519698 5.308563 5.358220 4.270644 3.425229 -0.003062 0.906009 2.079688 1.450462 3.616861 4.520135 5.216350 4.674062 3.695208 3.133572 3.034907 7.427949 3.736888 4.366116 4.312228 3.542032 5.762665 1.352206 -9999.0
-9999.0 -0.081504 -0.188480 -0.253796 -0.618442 -0.513896 -1.070573 -1.563675 -2.520501 -0.007755 -1.182640 -0.518248 -0.000289 3.902846 3.485374 -0.177275 -0.383481 -0.913380 -0.514404 -0.002758 2.508600 4.270826 7.999583 4.919727 8.624828 4.756309 6.890512 7.189621 5.467376 4.105186 4.052311 4.223312 5.951504 10.035627 8.228066 9.533270 11.147562 11.180715 11.343296 9.711041 8.787415 8.632211 7.960490 4.809602 3.517433 3.909430 5.379820 5.911783 7.083863 6.108245 5.619781 4.520802 3.522192 2.700661 2.621804 2.089618 0.772410 1.132753 1.885488 3.856202 0.529549 1.144302 -9999.0
-9999.0 3.728477 -0.039466 -0.043644 2.097887 -0.054332 -2.153803 -2.072755 -0.024628 -0.006189 -1.308949 -0.894513 0.242273 3.677366 -0.064601 -2.135205 -1.423201 -1.111008 -0.520418 -0.008917 4.297602 2.055762 3.096667 3.614428 8.709888 9.711219 5.423407 6.657858 6.722887 6.382182 6.525535 6.298584 7.796503 8.698643 12.770981 11.720056 17.501987 18.490286 14.210282 13.137105 12.432399 11.435272 10.350521 8.060373 7.918522 7.783459 8.357621 8.102346 7.479210 6.650220 4.756399 2.097224 0.915263 1.518655 0.640053 -0.001736 -0.240913 -0.001847 -0.002140 -0.002047 -0.001555 -9999.0 -9999.0
