erum2020/resources/simulation/Vinschgau/output-maps/TsL0008N0348.asc
ncols         63
nrows         48
xllcorner     598000.000000
yllcorner     5145000.000000
cellsize      1000.000000
NODATA_value  -9999.0
[rows 0 to 27 of 48, columns 0 to 61 of 63]
-9999.0 -9999.0 -9999.0 -9999.0 -9999.0 -9999.0 -9999.0 -9999.0 -9999.0 -9999.0 -9999.0 -9999.0 -9999.0 -9999.0 -9999.0 -9999.0 -9999.0 -9999.0 -9999.0 -9999.0 -9999.0 -9999.0 -9999.0 -9999.0 -9999.0 -9999.0 -9999.0 -9999.0 -9999.0 -9999.0 -9999.0 -9999.0 -9999.0 -9999.0 -9999.0 -9999.0 -9999.0 -9999.0 -9999.0 -9999.0 -9999.0 -9999.0 -9999.0 -9999.0 -9999.0 -9999.0 -9999.0 -9999.0 -9999.0 -9999.0 -9999.0 -9999.0 -9999.0 -9999.0 -9999.0 -9999.0 -9999.0 -9999.0 -9999.0 -9999.0 -9999.0 -9999.0
-9999.0 -9999.0 -9999.0 -9999.0 -9999.0 -9999.0 -9999.0 -9999.0 -9999.0 -9999.0 -9999.0 -9999.0 -9999.0 -9999.0 -9999.0 -9999.0 -9999.0 -9999.0 -9999.0 -9999.0 -9999.0 -9999.0 -9999.0 -9999.0 -9999.0 -9999.0 -9999.0 -0.581361 -0.861871 -1.041657 -1.832093 -3.885803 -3.407323 -9999.0 -9999.0 -9999.0 -9999.0 -9999.0 -9999.0 -9999.0 -9999.0 -9999.0 -9999.0 -9999.0 -9999.0 -9999.0 -9999.0 -9999.0 -9999.0 -9999.0 -9999.0 -9999.0 -9999.0 -9999.0 -9999.0 -9999.0 -9999.0 -9999.0 -9999.0 -9999.0 -9999.0 -9999.0
-9999.0 -9999.0 -9999.0 -9999.0 -9999.0 -9999.0 -9999.0 -9999.0 -9999.0 -9999.0 -9999.0 -9999.0 -9999.0 -9999.0 -9999.0 -9999.0 -9999.0 -9999.0 -9999.0 -9999.0 -9999.0 -9999.0 -9999.0 -9999.0 -0.569668 -1.213849 -1.834953 -1.474808 -1.699171 -1.389760 -1.688860 -9999.0 -9999.0 -9999.0 -9999.0 -9999.0 -9999.0 -9999.0 -9999.0 -9999.0 -9999.0 -9999.0 -9999.0 -9999.0 -9999.0 -9999.0 -9999.0 -9999.0 -9999.0 -9999.0 -9999.0 -9999.0 -9999.0 -9999.0 -9999.0 -9999.0 -9999.0 -9999.0 -9999.0 -9999.0 -9999.0 -9999.0
-9999.0 -9999.0 -9999.0 -9999.0 -9999.0 -9999.0 -9999.0 -9999.0 -9999.0 -9999.0 -9999.0 -9999.0 -9999.0 -9999.0 -9999.0 -9999.0 -9999.0 -9999.0 -9999.0 -9999.0 -9999.0 -9999.0 -9999.0 -0.955623 -1.730797 -0.364449 -0.171506 -0.109665 -0.384160 -1.773012 -1.099956 -1.177539 -9999.0 -9999.0 -9999.0 -9999.0 -9999.0 -9999.0 -9999.0 -9999.0 -9999.0 -9999.0 -9999.0 -9999.0 -9999.0 -9999.0 -9999.0 -9999.0 -9999.0 -9999.0 -9999.0 -9999.0 -9999.0 -9999.0 -9999.0 -9999.0 -9999.0 -9999.0 -9999.0 -9999.0 -9999.0 -9999.0
-9999.0 -9999.0 -9999.0 -9999.0 -9999.0 -9999.0 -9999.0 -9999.0 -9999.0 -9999.0 -9999.0 -9999.0 -9999.0 -9999.0 -9999.0 -9999.0 -9999.0 -9999.0 -0.062607 -2.091382 -9999.0 -0.575315 -1.222066 -0.574174 -0.127448 -0.002222 -0.969222 -0.931453 -0.048104 -0.810280 -2.089654 -1.006899 -1.339173 -1.770887 -9999.0 -9999.0 -9999.0 -9999.0 -9999.0 -9999.0 -9999.0 -9999.0 -9999.0 -9999.0 -9999.0 -9999.0 -9999.0 -9999.0 -9999.0 -9999.0 -9999.0 -9999.0 -9999.0 -9999.0 -9999.0 -9999.0 -9999.0 -9999.0 -9999.0 -9999.0 -9999.0 -9999.0
-9999.0 -9999.0 -9999.0 -9999.0 -9999.0 -9999.0 -9999.0 -9999.0 -9999.0 -9999.0 -9999.0 -9999.0 -9999.0 -9999.0 -9999.0 -9999.0 -9999.0 -0.139414 -0.178006 -0.005506 -1.617479 -1.521565 -0.784405 -0.233867 -0.021371 -1.161699 -1.334000 -0.888879 -0.975715 -1.083345 -0.686909 -1.854083 -1.722472 -1.781595 -2.009494 -5.876270 -9999.0 -9999.0 -9999.0 -9999.0 -9999.0 -9999.0 -9999.0 -9999.0 -9999.0 -9999.0 -9999.0 -9999.0 -9999.0 -9999.0 -9999.0 -9999.0 -9999.0 -9999.0 -9999.0 -9999.0 -9999.0 -9999.0 -9999.0 -9999.0 -9999.0 -9999.0
-9999.0 -9999.0 -9999.0 -9999.0 -9999.0 -9999.0 -9999.0 -9999.0 -9999.0 -9999.0 -9999.0 -9999.0 -9999.0 -0.572088 -1.313352 -0.264586 -0.176396 10.264850 -0.155828 -0.016420 -0.122085 -0.105267 -0.004743 -0.002093 -1.183633 -1.721819 -2.090968 -1.110502 -2.699198 -1.422279 -0.873441 -2.437053 -2.175254 -6.488649 -5.079045 -6.862089 -9999.0 -9999.0 -9999.0 -9999.0 -9999.0 -9999.0 -9999.0 -9999.0 -9999.0 -9999.0 -9999.0 -9999.0 -9999.0 -9999.0 -9999.0 -9999.0 -9999.0 -9999.0 -9999.0 -9999.0 -9999.0 -9999.0 -9999.0 -9999.0 -9999.0 -9999.0
-9999.0 -9999.0 -9999.0 -9999.0 -9999.0 -9999.0 -9999.0 -9999.0 -9999.0 -9999.0 -9999.0 -9999.0 -9999.0 -0.902733 -0.362500 -0.393547 -0.544016 -0.047009 10.818216 -0.033474 -0.003785 -0.447620 -0.365247 -0.798531 -1.031902 -0.837678 -1.028341 -2.505772 -3.997847 -3.280884 -2.151470 -6.190318 -6.193684 -8.755387 -7.329650 -9999.0 -9999.0 -9999.0 -9999.0 -9999.0 -9999.0 -9999.0 -9999.0 -9999.0 -9999.0 -9999.0 -9999.0 -9999.0 -9999.0 -9999.0 -9999.0 -9999.0 -9999.0 -9999.0 -9999.0 -9999.0 -9999.0 -9999.0 -9999.0 -9999.0 -9999.0 -9999.0
-9999.0 -9999.0 -9999.0 -9999.0 -9999.0 -9999.0 -9999.0 -9999.0 -9999.0 -9999.0 -9999.0 -9999.0 -9999.0 -1.283164 -0.014799 -0.004866 -0.851801 -0.242427 10.120551 -0.014092 -0.324157 -1.240398 -0.881822 -0.923563 -0.592153 -0.529302 -0.849676 -3.960365 -0.866827 -7.269100 -5.270076 -9.473615 -8.914083 -10.369712 -8.458663 -9999.0 -9999.0 -9999.0 -9999.0 -9999.0 -9999.0 -9999.0 -9999.0 -9999.0 -9999.0 -9999.0 -9999.0 -9999.0 -9999.0 -9999.0 -9999.0 -9999.0 -9999.0 -9999.0 -9999.0 -9999.0 -9999.0 -9999.0 -9999.0 -9999.0 -9999.0 -9999.0
-9999.0 -9999.0 -9999.0 -9999.0 -9999.0 -9999.0 -9999.0 -9999.0 -9999.0 -9999.0 -9999.0 -9999.0 -1.160202 -0.116968 -0.969557 -1.062137 -1.063188 -0.333918 -0.003131 -0.002307 -1.113146 -1.911739 -0.769007 -1.334140 -1.170956 -3.334107 -1.783127 -0.936478 -1.377902 -4.616889 -8.178536 -1.324029 -2.187833 -5.403547 -9999.0 -9999.0 -9999.0 -9999.0 -9999.0 -9999.0 -9999.0 -9999.0 -9999.0 -9999.0 -9999.0 -9999.0 -9999.0 -9999.0 -9999.0 -9999.0 -9999.0 -9999.0 -9999.0 -9999.0 -9999.0 -9999.0 -9999.0 -9999.0 -9999.0 -9999.0 -9999.0 -9999.0
-9999.0 -9999.0 -9999.0 -9999.0 -9999.0 -9999.0 -9999.0 -9999.0 -9999.0 -9999.0 -9999.0 -0.659285 -0.694621 -0.564734 -1.244177 -1.494077 -1.429219 -0.427568 -0.001967 -0.002383 -0.259219 -0.231392 -0.597929 -1.886490 -0.552965 -0.956729 -5.986169 -0.614137 -1.405974 -6.496052 -1.323884 -2.319432 -2.002116 -3.352306 -3.533462 -4.192110 -1.164087 -0.003137 1.504434 -9999.0 -9999.0 -9999.0 -4.020303 -9999.0 -9999.0 -9999.0 -9999.0 -9999.0 -9999.0 -9999.0 -9999.0 -9999.0 -9999.0 -9999.0 -9999.0 -9999.0 -9999.0 -9999.0 -9999.0 -9999.0 -9999.0 -9999.0
-9999.0 -9999.0 -9999.0 -9999.0 -9999.0 -9999.0 -9999.0 -9999.0 -9999.0 -9999.0 -9999.0 -1.010589 -0.889335 -1.199845 -0.799405 -3.397722 -1.648896 -0.210213 -0.002259 -0.005254 -0.003317 -0.887680 -0.543900 -0.680988 -0.820742 -1.285919 -0.663247 -1.104164 -0.685885 -3.461943 -1.614753 -2.630338 -2.731161 -3.211299 -4.589417 -0.963012 1.994498 3.545648 0.881806 -0.002142 -0.003099 -5.388268 -3.143657 -2.852746 -9999.0 -9999.0 -9999.0 -0.004793 -0.520347 -0.430101 -0.267252 -0.318801 -0.337228 -0.002873 -0.002679 -0.338495 -9999.0 -9999.0 -9999.0 -9999.0 -9999.0 -9999.0
-9999.0 -9999.0 -9999.0 -9999.0 -9999.0 -9999.0 -9999.0 -9999.0 -9999.0 -9999.0 -9999.0 -0.607658 -2.340026 -0.819015 -0.589586 -1.092497 -1.580839 -0.363467 -0.002348 -0.004026 -0.039144 -0.469031 -1.408805 -0.668088 -2.265539 -0.705808 -1.220573 -0.828515 -1.776668 -1.918332 -2.694674 -1.679884 -2.717380 -3.613486 -3.897119 -0.002466 -0.154620 -0.009863 7.719621 4.418193 1.075108 -1.001074 -0.507333 -3.124250 -2.074551 -9999.0 -2.731917 -0.613003 -0.296066 -0.878155 -1.389502 -1.194945 -0.007247 -0.002013 -0.002213 -0.002174 -9999.0 -9999.0 -9999.0 -9999.0 -9999.0 -9999.0
-9999.0 -9999.0 -9999.0 -9999.0 -9999.0 -9999.0 -9999.0 -9999.0 -9999.0 -9999.0 -9999.0 -9999.0 -1.355805 -0.495069 -0.890226 -0.601743 -1.464895 -0.383083 -0.005574 -0.003949 -0.183884 -0.123504 -0.037506 -0.803298 -0.674155 -1.394650 -0.049770 -1.809600 -1.183095 -0.680549 -1.119945 -1.941105 -2.341242 -2.753852 -5.150063 -2.769665 -0.514061 -0.175437 7.664704 3.716700 0.338460 6.647494 -0.331784 -0.033247 -1.962471 -0.979205 -0.697095 -0.715204 -0.392630 -0.973270 -0.135388 -0.446585 -0.004508 -0.003120 -0.962434 -1.221099 -0.016689 -9999.0 -9999.0 -9999.0 -9999.0 -9999.0
-9999.0 -9999.0 -9999.0 -9999.0 -9999.0 -9999.0 -9999.0 -9999.0 -9999.0 -9999.0 -9999.0 -0.582281 -2.308272 -1.099403 -1.461196 -1.479105 -1.091941 -0.559291 -0.002045 -0.013819 -0.147779 -0.189146 -0.752399 -1.414597 -1.235425 -0.282257 -0.710144 -2.622458 -0.734278 -0.948644 -1.100377 -0.899038 -0.625261 -2.707068 -6.682343 -4.432060 -2.390531 -0.275374 -0.142821 7.696331 -0.010581 -0.007177 -0.034962 -0.007737 0.174348 -1.118913 -0.751387 -0.934221 -0.545221 -0.095608 -1.328242 -2.308989 -1.623994 -3.179034 -2.496120 -5.339576 -0.275451 -9999.0 -9999.0 -9999.0 -9999.0 -9999.0
-9999.0 -9999.0 -9999.0 -9999.0 -9999.0 -9999.0 -9999.0 -9999.0 -9999.0 -9999.0 -0.240454 -0.861187 -0.651702 -0.525262 -0.638843 -0.255300 -0.552880 -1.102414 -0.106974 -0.009821 -0.003356 -0.006697 -0.379864 -0.046139 -0.068600 -0.695738 -0.794476 -0.633102 -1.692900 -1.087962 -0.201307 -1.059507 -1.309393 -2.954043 -7.314968 -3.808597 -0.004023 -0.748035 -0.195476 -0.004604 -0.002498 -0.003820 -0.002451 -0.175800 -0.175070 -1.928460 -0.668595 -0.347618 -0.128976 -0.143218 -0.276127 -2.443911 -3.074297 -3.834102 -2.669326 -0.003375 -0.003268 -9999.0 -9999.0 -9999.0 -9999.0 -9999.0
-9999.0 -9999.0 -9999.0 -9999.0 -9999.0 -9999.0 -9999.0 -9999.0 -9999.0 -1.502934 -0.340761 -0.249652 -0.256734 -0.956451 -0.988684 -0.482903 -1.000029 -0.445239 -0.042384 -0.010773 -0.004472 -0.012863 -0.013611 -0.005604 -0.439051 -0.576199 -1.610367 -0.445125 -0.017431 -0.093213 -0.007654 -1.065914 -4.685460 -7.042554 -2.682342 -3.108154 -3.196672 -2.302735 -2.897657 -0.594280 -0.149654 -1.316035 -1.352590 -0.026216 -0.013733 -0.014020 2.352542 -0.137520 -1.246488 -0.082209 -1.181655 -0.420105 -5.419094 -1.121997 -0.414783 -0.225081 -0.002271 -0.021793 -0.164132 -9999.0 -9999.0 -9999.0
-9999.0 -9999.0 -9999.0 -9999.0 -9999.0 -9999.0 -9999.0 -9999.0 -9999.0 -1.046364 -1.498594 -0.979101 -0.003275 -0.178622 -1.094150 -0.679529 -0.012723 -0.013939 -0.012600 -0.002149 -0.001806 9.048011 -0.187911 -0.317888 -0.541557 -1.001894 -0.141709 -0.028954 -0.010901 -0.536929 -0.964077 -1.461453 -1.495975 -1.519222 -1.792847 -2.945442 -2.880692 -2.114487 -3.262146 -1.690219 -1.757124 -2.618264 -0.342240 -0.220212 -0.013178 -0.038469 -0.003364 -0.006100 -0.012138 -0.034369 -0.315453 -0.235806 -0.968564 -0.919722 -1.679105 -0.006877 -0.017134 -0.004842 -0.031509 -9999.0 -9999.0 -9999.0
-9999.0 -9999.0 -9999.0 -9999.0 -9999.0 -9999.0 -9999.0 -9999.0 -9999.0 -9999.0 -1.019396 -0.637762 -0.379606 -0.175388 -0.008388 -0.585787 -0.377103 -0.089189 -0.008743 -0.003654 -0.004513 -0.007458 -0.656314 -0.625817 -0.969651 -0.016459 -0.055696 -0.004544 -0.740740 -1.230469 -1.168560 -0.881853 -2.246095 -2.953434 -1.639863 -0.745841 -0.839136 -0.938258 -2.034332 -3.707508 -6.719911 -1.620354 -1.137226 -0.797967 -0.703340 -0.800700 -0.149780 -0.114230 4.029572 -0.005672 -0.464972 -0.674333 -0.288739 -0.635196 -1.636038 -0.899355 -0.387528 -0.004877 -0.003623 -0.027117 -9999.0 -9999.0
-9999.0 -9999.0 -9999.0 -9999.0 -9999.0 -9999.0 -9999.0 -9999.0 -9999.0 -9999.0 -0.954696 -0.855278 -0.753631 -0.432905 -0.002044 -0.187322 -0.047086 -0.113513 2.526936 -0.002910 -0.018888 -0.021501 -0.174430 -0.116832 -0.028350 -0.014256 -0.034309 -0.189962 -0.668097 -2.885461 -2.311437 -0.695242 -0.636737 -3.083224 -2.552471 -1.867554 -0.168323 -0.908145 -1.612027 -2.995144 -0.667472 -0.501885 -1.150870 -2.209357 -0.443647 -0.399347 -0.307514 -0.535480 -0.004315 2.779968 -0.004128 -0.576958 -0.102541 -0.255459 -0.513693 -0.246162 -1.507364 -0.043090 -0.005520 -0.040435 -9999.0 -9999.0
-9999.0 -9999.0 -9999.0 -9999.0 -9999.0 -9999.0 -9999.0 -9999.0 -1.169581 -0.636631 -0.470992 -0.688184 -0.472238 -0.382572 -0.404753 -0.008628 -0.005277 9.970678 3.934876 4.619063 3.565891 2.241119 -0.010231 -0.147400 -0.022185 -0.010973 -0.041945 -0.554132 -0.484145 -0.791685 -5.342202 -1.710491 -0.948802 -1.154472 -0.668570 -5.475741 -0.498256 -0.691447 -1.038511 -0.705085 -1.435811 -1.487183 -2.270899 -4.775901 -0.460503 -0.256220 -1.379653 -0.289890 -0.305022 -0.005713 -0.031159 -0.010128 -0.079976 -0.321617 -0.199151 -0.003653 -0.072671 -0.004165 -0.002294 4.848427 -9999.0 -9999.0
-9999.0 -9999.0 -9999.0 -9999.0 -9999.0 -9999.0 -9999.0 -9999.0 -0.570513 -0.794249 -0.480511 -1.962191 -1.080852 -0.309576 -0.340369 -0.285423 -0.141836 -0.055121 6.832331 6.578599 12.078308 9.554124 8.022455 8.678233 -0.003672 -0.003400 -0.118191 -0.637348 -0.698604 -0.518388 -0.607614 -0.605106 -0.463284 -0.483560 -0.437575 -0.466712 -0.513576 -0.253884 -1.010323 -0.415549 -2.198115 -7.844199 -2.356977 -0.346365 -1.182652 -0.475549 -1.425081 -0.921328 -0.209128 -0.030787 -0.002349 -0.007414 -0.109303 -0.002580 -0.003157 -0.002429 -0.004733 -0.002867 5.468707 8.369090 8.639076 -9999.0
-9999.0 -9999.0 -9999.0 -9999.0 -9999.0 -9999.0 -9999.0 -9999.0 -1.234304 -0.274549 -1.004193 -0.429358 -0.310575 -0.810940 -0.363043 -0.014902 -0.023895 -0.002961 7.199113 9.707981 7.963107 9.100304 11.373948 3.138523 10.136264 -0.007054 -0.157248 -0.847304 -1.019883 -0.873008 -0.547127 -1.315520 -0.845640 -1.104709 -0.293758 -0.012030 -0.311932 -0.011712 -0.609736 -0.352220 -0.612288 -0.589753 -0.360737 -0.809296 -1.075165 -1.035093 -0.321201 -0.139472 -0.583554 -0.038137 -0.003335 -0.005386 -0.010432 -0.065209 -0.002619 -0.004544 0.786969 4.484419 8.118599 5.236621 8.260261 -9999.0
-9999.0 -9999.0 -9999.0 -9999.0 -9999.0 -9999.0 -9999.0 -9999.0 -2.190813 -0.341935 -0.005485 -0.859774 -0.549015 -0.134686 -0.006257 -0.038812 3.860038 7.111669 -0.006953 3.896332 4.204894 7.552889 10.464005 9.613483 -0.090057 -0.160503 -0.584624 -0.881052 -0.390628 -0.049153 -0.955524 -0.883191 -0.005377 -0.074380 -0.376787 -0.651980 -0.909896 -0.108543 -0.291678 -0.505928 -0.373986 -0.225074 -0.193637 -0.794176 -0.233576 -0.264301 -0.207005 -0.538969 -0.632522 -0.008149 -0.159352 5.442410 -0.002210 -0.050679 1.984835 4.381679 7.344060 -0.001310 8.013230 8.187649 -0.003136 -0.002513
-9999.0 -9999.0 -9999.0 -9999.0 -9999.0 -9999.0 -9999.0 -9999.0 -0.643024 -0.294753 -0.003005 -0.015730 -0.006886 -0.030298 1.837097 -0.038516 -0.007510 -0.010581 -0.269468 -0.014499 1.308743 6.615336 6.968916 0.832359 6.331169 -0.157148 -0.275109 -0.078017 -0.017693 -0.057782 -0.575910 -0.158660 -0.003781 -0.134142 -0.077952 -0.026031 -0.008840 -0.009608 -0.004674 -0.059803 -0.141797 -0.014401 -0.009853 -0.007982 -0.781189 -1.048449 -0.020435 -0.007294 -0.007060 -0.002723 3.386724 2.784080 6.195784 6.370978 6.809472 -0.002164 6.888382 7.384722 1.040642 4.633829 0.558437 -0.001897
-9999.0 -9999.0 -0.304499 -0.279038 -0.399962 -0.527495 -0.653296 -0.563845 -0.288088 -0.344074 -0.227220 -0.008798 -0.014534 -0.003219 10.817464 -0.004765 -0.055999 -0.422629 -0.322001 -0.255806 -0.010125 4.934631 6.380822 -0.003152 -0.004873 -0.008309 -0.153840 -0.153724 -0.024222 0.823420 -0.170028 -0.168741 -0.035025 -0.149817 -0.012682 -0.099566 -0.003794 -0.002635 -0.002994 -0.008637 -0.003395 -0.003178 -0.006013 -0.074205 -0.119325 -0.008707 -0.023712 -0.141332 2.481053 3.615644 6.864666 -0.001417 6.819044 5.597276 3.652009 8.133553 -0.003499 -0.010324 -0.002196 -0.003306 -0.001485 -0.001517
-9999.0 -0.829038 -0.645518 -0.922542 -0.959279 -0.749370 -0.273964 -0.468125 -0.513509 -0.591292 -0.233605 -0.166202 -0.004093 6.049022 1.700340 -0.189876 -0.257375 -0.369609 -0.531077 -0.150164 -0.006759 1.413163 -0.001908 4.840985 8.554788 0.291703 8.301572 8.202309 1.864620 -0.046559 -0.004446 -0.008988 -0.005167 2.324003 1.366252 -0.005620 6.432891 7.625141 -0.002840 -0.012773 0.900151 2.128977 0.595301 -0.029335 -0.030297 -0.025735 -0.005271 2.693474 7.076061 -0.002405 5.699244 3.900964 -0.003613 -0.004924 -0.005411 -0.043089 -0.072941 -0.005631 -0.001671 -0.001641 -0.001397 -0.001416
-9999.0 -0.267595 -0.178844 -0.100218 -0.003664 -0.174327 -0.877880 -0.726564 -0.307586 -0.299973 -0.559912 -0.023493 -0.004745 2.585167 -0.005588 -0.181328 -0.380932 -0.328304 -0.051309 -0.128255 -0.003420 -0.087597 -0.008822 -0.004251 8.032111 11.335216 7.333468 6.853558 6.378607 6.191090 7.809194 6.350852 -0.004677 -0.004629 5.264689 3.227997 11.271375 14.176669 8.901972 8.400209 6.177820 3.442078 6.680564 4.092508 7.193231 8.295566 8.325814 8.426948 6.569194 6.259144 -0.033193 -0.086436 -0.090620 -0.080826 -0.004760 -0.002520 -0.133310 -0.003920 -0.032816 -0.002005 -0.001893 -9999.0
