erum2020/resources/simulation/Vinschgau/output-maps/TsL0008N0956.asc
ncols         63
nrows         48
xllcorner     598000.000000
yllcorner     5145000.000000
cellsize      1000.000000
NODATA_value  -9999.0
[rows 0 to 27 of 48, columns 0 to 62 of 63]
-9999.0 -9999.0 -9999.0 -9999.0 -9999.0 -9999.0 -9999.0 -9999.0 -9999.0 -9999.0 -9999.0 -9999.0 -9999.0 -9999.0 -9999.0 -9999.0 -9999.0 -9999.0 -9999.0 -9999.0 -9999.0 -9999.0 -9999.0 -9999.0 -9999.0 -9999.0 -9999.0 -9999.0 -9999.0 -9999.0 -9999.0 -9999.0 -9999.0 -9999.0 -9999.0 -9999.0 -9999.0 -9999.0 -9999.0 -9999.0 -9999.0 -9999.0 -9999.0 -9999.0 -9999.0 -9999.0 -9999.0 -9999.0 -9999.0 -9999.0 -9999.0 -9999.0 -9999.0 -9999.0 -9999.0 -9999.0 -9999.0 -9999.0 -9999.0 -9999.0 -9999.0 -9999.0 -9999.0
-9999.0 -9999.0 -9999.0 -9999.0 -9999.0 -9999.0 -9999.0 -9999.0 -9999.0 -9999.0 -9999.0 -9999.0 -9999.0 -9999.0 -9999.0 -9999.0 -9999.0 -9999.0 -9999.0 -9999.0 -9999.0 -9999.0 -9999.0 -9999.0 -9999.0 -9999.0 -9999.0 -4.789975 -3.403456 -3.918207 -4.028949 -4.791454 -5.327377 -9999.0 -9999.0 -9999.0 -9999.0 -9999.0 -9999.0 -9999.0 -9999.0 -9999.0 -9999.0 -9999.0 -9999.0 -9999.0 -9999.0 -9999.0 -9999.0 -9999.0 -9999.0 -9999.0 -9999.0 -9999.0 -9999.0 -9999.0 -9999.0 -9999.0 -9999.0 -9999.0 -9999.0 -9999.0 -9999.0
-9999.0 -9999.0 -9999.0 -9999.0 -9999.0 -9999.0 -9999.0 -9999.0 -9999.0 -9999.0 -9999.0 -9999.0 -9999.0 -9999.0 -9999.0 -9999.0 -9999.0 -9999.0 -9999.0 -9999.0 -9999.0 -9999.0 -9999.0 -9999.0 -3.186104 -3.220848 -3.404592 -3.091634 -3.416532 -3.963162 -4.340432 -9999.0 -9999.0 -9999.0 -9999.0 -9999.0 -9999.0 -9999.0 -9999.0 -9999.0 -9999.0 -9999.0 -9999.0 -9999.0 -9999.0 -9999.0 -9999.0 -9999.0 -9999.0 -9999.0 -9999.0 -9999.0 -9999.0 -9999.0 -9999.0 -9999.0 -9999.0 -9999.0 -9999.0 -9999.0 -9999.0 -9999.0 -9999.0
-9999.0 -9999.0 -9999.0 -9999.0 -9999.0 -9999.0 -9999.0 -9999.0 -9999.0 -9999.0 -9999.0 -9999.0 -9999.0 -9999.0 -9999.0 -9999.0 -9999.0 -9999.0 -9999.0 -9999.0 -9999.0 -9999.0 -9999.0 -3.093315 -1.442810 -0.001546 0.619532 1.209547 -0.002321 -2.972522 -4.254816 -4.841657 -9999.0 -9999.0 -9999.0 -9999.0 -9999.0 -9999.0 -9999.0 -9999.0 -9999.0 -9999.0 -9999.0 -9999.0 -9999.0 -9999.0 -9999.0 -9999.0 -9999.0 -9999.0 -9999.0 -9999.0 -9999.0 -9999.0 -9999.0 -9999.0 -9999.0 -9999.0 -9999.0 -9999.0 -9999.0 -9999.0 -9999.0
-9999.0 -9999.0 -9999.0 -9999.0 -9999.0 -9999.0 -9999.0 -9999.0 -9999.0 -9999.0 -9999.0 -9999.0 -9999.0 -9999.0 -9999.0 -9999.0 -9999.0 -9999.0 -0.000505 -1.841296 -9999.0 -2.778422 -1.540559 -0.002351 0.219458 1.174585 -0.001004 -0.000789 -0.000254 -0.002039 -3.049422 -3.972639 -5.849705 -7.725805 -9999.0 -9999.0 -9999.0 -9999.0 -9999.0 -9999.0 -9999.0 -9999.0 -9999.0 -9999.0 -9999.0 -9999.0 -9999.0 -9999.0 -9999.0 -9999.0 -9999.0 -9999.0 -9999.0 -9999.0 -9999.0 -9999.0 -9999.0 -9999.0 -9999.0 -9999.0 -9999.0 -9999.0 -9999.0
-9999.0 -9999.0 -9999.0 -9999.0 -9999.0 -9999.0 -9999.0 -9999.0 -9999.0 -9999.0 -9999.0 -9999.0 -9999.0 -9999.0 -9999.0 -9999.0 -9999.0 4.119015 2.619170 1.170061 -2.276836 -0.001009 -0.002033 -0.002305 -0.000991 -0.002136 -0.004154 -0.001646 -0.002213 -0.000821 -1.391399 -3.160577 -4.304479 -4.689676 -6.507033 -7.604778 -9999.0 -9999.0 -9999.0 -9999.0 -9999.0 -9999.0 -9999.0 -9999.0 -9999.0 -9999.0 -9999.0 -9999.0 -9999.0 -9999.0 -9999.0 -9999.0 -9999.0 -9999.0 -9999.0 -9999.0 -9999.0 -9999.0 -9999.0 -9999.0 -9999.0 -9999.0 -9999.0
-9999.0 -9999.0 -9999.0 -9999.0 -9999.0 -9999.0 -9999.0 -9999.0 -9999.0 -9999.0 -9999.0 -9999.0 -9999.0 -1.045532 -0.001728 1.962193 3.626000 4.042386 3.703737 0.061437 -0.002035 -0.002050 0.271294 -0.000902 -0.001885 -1.559034 -2.180939 -0.804662 -0.988295 -0.001870 -1.439635 -3.298077 -2.998915 -5.297516 -5.277699 -7.867165 -9999.0 -9999.0 -9999.0 -9999.0 -9999.0 -9999.0 -9999.0 -9999.0 -9999.0 -9999.0 -9999.0 -9999.0 -9999.0 -9999.0 -9999.0 -9999.0 -9999.0 -9999.0 -9999.0 -9999.0 -9999.0 -9999.0 -9999.0 -9999.0 -9999.0 -9999.0 -9999.0
-9999.0 -9999.0 -9999.0 -9999.0 -9999.0 -9999.0 -9999.0 -9999.0 -9999.0 -9999.0 -9999.0 -9999.0 -9999.0 -0.001484 1.139770 2.830883 2.927684 2.925461 4.087476 1.438724 2.760534 0.717451 1.020126 -0.001916 -0.001792 -0.002477 -3.377865 -4.272323 -5.385304 -1.667448 -1.103433 -3.830091 -5.727692 -9.233899 -6.853696 -9999.0 -9999.0 -9999.0 -9999.0 -9999.0 -9999.0 -9999.0 -9999.0 -9999.0 -9999.0 -9999.0 -9999.0 -9999.0 -9999.0 -9999.0 -9999.0 -9999.0 -9999.0 -9999.0 -9999.0 -9999.0 -9999.0 -9999.0 -9999.0 -9999.0 -9999.0 -9999.0 -9999.0
-9999.0 -9999.0 -9999.0 -9999.0 -9999.0 -9999.0 -9999.0 -9999.0 -9999.0 -9999.0 -9999.0 -9999.0 -9999.0 0.702812 0.621085 1.817841 2.355469 3.197818 4.292851 3.613329 1.019811 -0.002643 -0.002119 -0.002105 -0.001499 -0.001423 -3.220452 -5.656356 -4.838239 -8.156468 -4.360726 -9.868287 -10.235387 -12.663960 -8.236798 -9999.0 -9999.0 -9999.0 -9999.0 -9999.0 -9999.0 -9999.0 -9999.0 -9999.0 -9999.0 -9999.0 -9999.0 -9999.0 -9999.0 -9999.0 -9999.0 -9999.0 -9999.0 -9999.0 -9999.0 -9999.0 -9999.0 -9999.0 -9999.0 -9999.0 -9999.0 -9999.0 -9999.0
-9999.0 -9999.0 -9999.0 -9999.0 -9999.0 -9999.0 -9999.0 -9999.0 -9999.0 -9999.0 -9999.0 -9999.0 -0.002291 -0.000005 1.311876 -0.001366 0.661717 2.638399 3.452902 2.370815 -0.002036 -0.002029 -0.004778 -0.002107 -0.004555 -3.419455 -3.332208 -4.481808 -2.983145 -5.930883 -9.777030 -6.107144 -4.924504 -8.557774 -9999.0 -9999.0 -9999.0 -9999.0 -9999.0 -9999.0 -9999.0 -9999.0 -9999.0 -9999.0 -9999.0 -9999.0 -9999.0 -9999.0 -9999.0 -9999.0 -9999.0 -9999.0 -9999.0 -9999.0 -9999.0 -9999.0 -9999.0 -9999.0 -9999.0 -9999.0 -9999.0 -9999.0 -9999.0
-9999.0 -9999.0 -9999.0 -9999.0 -9999.0 -9999.0 -9999.0 -9999.0 -9999.0 -9999.0 -9999.0 -0.078085 0.585219 0.586183 0.591164 -0.000456 1.158720 2.600929 3.362092 1.685193 1.303870 -0.000662 -1.739472 -3.006857 -0.330333 -3.175618 -4.772828 -3.569456 -4.394479 -7.463809 -6.304743 -3.064083 -5.281081 -7.101995 -6.426902 -5.033915 -4.618011 -3.765219 -3.531117 -9999.0 -9999.0 -9999.0 -7.237584 -9999.0 -9999.0 -9999.0 -9999.0 -9999.0 -9999.0 -9999.0 -9999.0 -9999.0 -9999.0 -9999.0 -9999.0 -9999.0 -9999.0 -9999.0 -9999.0 -9999.0 -9999.0 -9999.0 -9999.0
-9999.0 -9999.0 -9999.0 -9999.0 -9999.0 -9999.0 -9999.0 -9999.0 -9999.0 -9999.0 -9999.0 -1.188719 0.932400 2.193913 2.081688 -0.854370 3.624077 3.491439 3.509932 2.274948 1.051211 -0.002169 -1.827288 -2.834666 -1.975106 -3.504538 -3.875503 -3.255921 -3.646567 -7.103292 -3.593435 -3.689920 -4.866364 -5.606445 -6.275726 -3.617726 -3.232325 -2.416971 -3.630741 -6.810018 -6.749744 -7.205783 -3.843505 -5.842681 -9999.0 -9999.0 -9999.0 -7.807923 -6.548351 -6.331857 -5.607002 -7.338704 -7.555951 -7.350247 -6.991977 -8.011159 -9999.0 -9999.0 -9999.0 -9999.0 -9999.0 -9999.0 -9999.0
-9999.0 -9999.0 -9999.0 -9999.0 -9999.0 -9999.0 -9999.0 -9999.0 -9999.0 -9999.0 -9999.0 -1.520573 -1.213904 -0.004240 -0.000607 -0.002933 -0.000838 2.855063 2.796927 2.292721 1.405551 -0.002105 -1.670063 -3.186138 -3.538059 -4.609566 -1.901364 -3.657540 -4.926533 -5.977723 -5.350127 -4.162726 -3.170224 -5.332575 -5.856674 -3.122762 -3.283081 -2.859300 -1.779342 -5.269060 -3.303437 -4.691979 -3.129801 -3.446812 -5.440950 -9999.0 -8.450380 -5.400936 -3.880218 -3.030909 -3.075463 -3.412466 -3.395061 -4.078698 -4.234980 -5.157644 -9999.0 -9999.0 -9999.0 -9999.0 -9999.0 -9999.0 -9999.0
-9999.0 -9999.0 -9999.0 -9999.0 -9999.0 -9999.0 -9999.0 -9999.0 -9999.0 -9999.0 -9999.0 -9999.0 -1.275766 -0.000883 -0.003231 -0.002058 -0.002122 2.047273 3.137019 2.318126 1.238013 -0.002239 -0.037816 -1.147764 -3.231347 -2.040751 -2.272035 -2.894127 -4.153730 -5.761406 -3.850966 -3.934406 -3.065579 -4.412333 -4.974449 -3.267214 -1.888742 -2.598842 -0.002272 -2.902346 -2.196498 -3.330754 -1.498734 -2.051310 -5.398846 -5.661476 -6.763394 -5.271427 -3.190927 -1.327592 -0.000663 -3.779478 -0.028458 -4.454006 -3.586883 -4.030299 -5.061511 -9999.0 -9999.0 -9999.0 -9999.0 -9999.0 -9999.0
-9999.0 -9999.0 -9999.0 -9999.0 -9999.0 -9999.0 -9999.0 -9999.0 -9999.0 -9999.0 -9999.0 -0.001479 -2.766211 -1.111050 -0.011482 -0.001095 -0.000840 1.215040 2.632773 3.323269 1.632196 -0.002091 -0.001041 -1.979231 -1.872729 -0.762881 -0.001164 -4.397026 -4.597744 -4.262570 -2.015301 -3.076922 -3.139795 -4.271241 -6.309899 -3.644631 -3.538439 -1.258176 -0.004901 -1.057249 -1.279859 -0.002184 -1.013189 -1.301363 -1.404761 -4.226884 -3.159779 -4.124127 -3.271208 -0.005190 -4.151218 -4.144206 -6.477295 -7.310864 -8.243956 -9.197842 -5.956351 -9999.0 -9999.0 -9999.0 -9999.0 -9999.0 -9999.0
-9999.0 -9999.0 -9999.0 -9999.0 -9999.0 -9999.0 -9999.0 -9999.0 -9999.0 -9999.0 -0.965641 -0.006353 -1.942021 -1.895403 -0.003536 -0.001411 -0.001732 -0.002173 2.757093 2.962365 0.883187 -0.000048 -0.685565 -0.020799 -0.001075 -0.005714 -2.577345 -5.122268 -3.107832 -2.235962 -2.519494 -2.605438 -2.783225 -4.285021 -8.049039 -5.319971 -3.100300 -1.551918 -0.067359 -0.001688 -0.001736 0.122057 0.928238 0.395602 -0.002020 -4.085752 -3.082905 -1.040345 -0.869785 -0.001004 -6.444094 -6.539526 -8.721838 -10.016014 -9.528256 -4.313820 -4.124213 -9999.0 -9999.0 -9999.0 -9999.0 -9999.0 -9999.0
-9999.0 -9999.0 -9999.0 -9999.0 -9999.0 -9999.0 -9999.0 -9999.0 -9999.0 -3.317221 -1.652005 -2.653607 -1.232541 -0.660441 -0.001110 -0.002997 -0.002007 -0.000367 2.542568 3.319995 1.210479 -0.003429 -0.001934 -0.001695 -0.000774 -1.591983 -3.425838 -2.132891 -0.303956 -0.001118 -0.000914 -1.788686 -5.046211 -9.326321 -6.947930 -5.401821 -3.361740 -2.100548 -1.734855 -0.004136 -0.199253 -0.015145 -0.571537 1.135058 0.453997 -0.004373 -0.004977 -1.442087 -1.414287 -0.000590 -2.515459 -6.021231 -10.929319 -8.909893 -7.225036 -6.543485 -5.589471 -5.548494 -6.832082 -9999.0 -9999.0 -9999.0 -9999.0
-9999.0 -9999.0 -9999.0 -9999.0 -9999.0 -9999.0 -9999.0 -9999.0 -9999.0 -5.013080 -3.457731 -2.226486 -0.000447 -0.001163 -0.002288 -0.898502 -0.002411 -0.001007 3.150427 2.128028 1.771380 1.052445 -0.000284 -0.000379 -1.205384 -2.271706 -0.025088 -0.001106 -0.001044 -0.000594 -0.005637 -2.168611 -3.229584 -5.251310 -4.029166 -5.397937 -4.862339 -3.603456 -3.532518 -1.986838 -0.002991 -2.544246 -0.009348 -0.001114 1.716955 0.831157 0.509411 -0.002283 -0.002279 -0.000979 -3.034602 -6.176176 -8.494513 -7.401684 -6.018544 -7.550323 -5.440941 -4.599599 -4.528275 -9999.0 -9999.0 -9999.0 -9999.0
-9999.0 -9999.0 -9999.0 -9999.0 -9999.0 -9999.0 -9999.0 -9999.0 -9999.0 -9999.0 -4.022673 -3.102219 -0.001991 -0.000380 -0.002070 -0.002022 -0.001064 0.316185 4.045778 2.828713 1.849158 1.777676 -0.001771 -0.248106 -1.915394 -0.001377 -0.001117 -0.000765 -0.005827 -1.721852 -2.073794 -3.472622 -4.531921 -4.687650 -3.135240 -3.222740 -2.072628 -1.551098 -4.838501 -3.690258 -4.151918 -1.924477 -0.001838 -0.003405 -0.001323 -0.001740 0.603587 0.488962 1.177413 -0.001934 -1.985955 -5.081149 -7.334255 -8.269968 -7.554483 -5.448966 -2.967984 -2.110537 -2.040583 -0.001184 -9999.0 -9999.0 -9999.0
-9999.0 -9999.0 -9999.0 -9999.0 -9999.0 -9999.0 -9999.0 -9999.0 -9999.0 -9999.0 -4.241522 -3.061193 -2.356021 -0.002308 -0.000048 -0.002808 -0.002442 1.630863 4.409220 3.931488 2.682196 0.425224 -0.002318 -0.004168 -0.001564 -0.001024 0.494212 -0.001925 -1.411159 -4.215893 -3.775638 -3.015241 -5.755502 -5.430097 -3.669810 -1.625050 -1.966508 -0.016718 -2.669038 -4.551426 -3.397561 -3.026214 -1.240271 -2.818505 -0.002247 -0.361452 -0.000815 -0.001342 1.972066 0.887307 -0.002346 -2.704834 -4.835453 -6.846452 -8.921614 -8.098522 -5.529095 -1.515989 0.863394 0.635938 -9999.0 -9999.0 -9999.0
-9999.0 -9999.0 -9999.0 -9999.0 -9999.0 -9999.0 -9999.0 -9999.0 -3.101995 -3.887970 -4.793009 -2.988205 -3.381461 -1.000343 -0.058872 0.956515 2.013260 1.965040 3.546934 4.419997 4.459389 3.188793 2.009925 -0.003758 -0.001644 1.377224 -0.000297 -0.929443 -2.312726 -4.178679 -8.625577 -3.692099 -3.641613 -5.128268 -3.234270 -3.380279 -0.062684 -0.004047 -2.675468 -5.424469 -4.167636 -2.953177 -4.171008 -5.039812 -3.153299 -1.823229 -2.488570 -0.013654 -0.001408 1.073677 -0.002032 -0.832674 -5.719810 -6.626762 -7.643480 -4.704687 -5.247216 -1.168524 -0.001489 3.081411 -9999.0 -9999.0 -9999.0
-9999.0 -9999.0 -9999.0 -9999.0 -9999.0 -9999.0 -9999.0 -9999.0 -3.705476 -1.850751 -3.617887 -4.644684 -3.365682 -2.774176 -1.054738 -0.001768 0.930899 1.591931 4.880468 4.962517 4.211860 3.263952 2.004276 0.805527 2.414783 2.386170 0.326843 -0.004576 -5.833614 -4.467376 -5.239940 -4.967564 -3.140143 -4.778441 -3.227726 -2.838687 -0.006852 -0.002273 -0.819280 -3.137675 -3.813673 -7.275081 -4.627026 -3.052414 -2.628997 -1.482599 -4.551354 -2.836904 -0.009851 1.069722 0.674837 -0.003011 -5.461082 -5.323055 -3.311873 -3.679364 -1.653970 -0.002272 1.404386 3.784617 4.956565 -9999.0 -9999.0
-9999.0 -9999.0 -9999.0 -9999.0 -9999.0 -9999.0 -9999.0 -9999.0 -3.673173 -3.244814 -2.734385 -4.431878 -4.172652 -3.890725 -1.312121 -0.915350 -0.003110 0.883814 4.776323 4.305320 5.432618 4.099967 3.621303 3.584945 2.337812 2.209910 -0.001593 -1.361985 -5.435218 -3.629951 -4.416861 -2.956806 -2.768469 -2.350631 -1.723911 -1.608943 -0.003218 1.131264 -0.004558 -1.147464 -3.232249 -4.260013 -3.176071 -3.406844 -2.121111 -3.071512 -5.375510 -3.579711 -2.957492 -0.001229 2.013433 -0.002031 -4.663632 -5.317453 -2.623481 -1.122390 -0.000477 1.286213 3.434240 3.997660 4.421659 -9999.0 -9999.0
-9999.0 -9999.0 -9999.0 -9999.0 -9999.0 -9999.0 -9999.0 -9999.0 -6.306599 -2.862088 -0.004287 -6.011900 -3.080944 -2.021392 -0.366351 -0.001779 3.325410 4.552731 2.600114 5.084646 4.834012 5.243541 4.168847 3.664196 2.859960 0.417840 -0.001865 -2.120711 -2.206922 -1.000912 -1.416560 -0.676069 -0.003421 -0.003570 -0.282579 -1.074632 -0.000996 2.963709 0.073847 -0.002697 -2.381617 -2.325316 -3.082657 -3.195846 -3.336292 -4.171465 -3.137352 -3.476861 -3.325204 -1.646219 -0.001669 1.610428 -0.001921 -0.001565 -0.000584 0.517858 2.061235 3.639541 4.609629 4.193220 3.287836 1.872884 -9999.0
-9999.0 -9999.0 -9999.0 -9999.0 -9999.0 -9999.0 -9999.0 -9999.0 -6.184165 -2.855067 -2.669089 -1.692878 -0.511125 -0.118336 -0.000327 0.896500 1.118932 1.676539 0.138713 1.991167 4.073114 4.560664 4.873092 4.569031 1.535451 -0.002899 -1.225137 -0.001570 -0.001109 -0.002002 -0.343765 -0.000857 0.855267 -0.000624 -0.001608 -0.001618 1.098917 5.090132 4.604807 0.717757 -0.001506 -0.002269 -0.002227 -0.002413 -1.551429 -1.471867 -0.057700 -0.011703 -0.583150 -0.001843 0.208110 1.005750 1.363037 0.602799 1.187963 1.467873 2.205051 2.991473 3.594819 3.270796 3.163732 1.301165 -9999.0
-9999.0 -9999.0 -3.245108 -3.120578 -4.162087 -2.448778 -3.800780 -3.359633 -4.505947 -3.575899 -1.811361 -0.000658 -0.111196 -0.001807 -0.000079 0.451427 -0.001302 -1.341095 -0.014471 -0.001899 1.879870 4.565513 3.676732 5.574048 2.605174 1.161808 -0.002884 -0.002510 1.405594 -0.000249 -0.001963 -0.001860 1.772979 2.201698 2.273845 3.574027 4.547591 7.449624 6.466923 3.657599 2.293097 2.294614 2.870960 1.057515 -0.001323 -0.001695 0.261566 0.870947 1.062736 2.021653 2.700305 2.481299 1.914549 1.468457 1.401960 1.900539 2.004292 2.389410 2.014058 2.496389 0.608951 0.564738 -9999.0
-9999.0 -0.510440 -1.358283 -1.657225 -2.300971 -1.353754 -3.795352 -3.791286 -4.785105 -4.633743 -2.872751 -0.973058 -0.000118 -0.000171 -0.000038 -0.377175 -1.885632 -2.768895 -0.004314 -0.001982 1.606376 3.229983 1.931302 3.621153 2.877549 2.293820 1.126914 1.420161 2.568873 1.535747 1.349027 1.369963 2.822000 3.901396 5.079621 6.232297 7.917333 10.496301 7.861856 6.353268 5.592156 5.416261 4.702704 3.858145 2.601838 2.903077 2.754016 5.081187 4.219040 4.924890 3.255779 2.509466 1.768294 1.034837 0.974526 0.544147 0.350810 0.688684 0.240138 -0.000264 -0.000998 0.358561 -9999.0
-9999.0 -0.304171 -1.111357 -0.004465 -0.000402 -1.391005 -2.653426 -4.310215 -4.817713 -4.943696 -3.418345 -1.359894 -0.001804 -0.000037 -0.099364 -4.201742 -3.603840 -3.098668 -0.005165 -0.003416 -0.000286 1.229008 2.054409 1.280368 2.202920 3.025272 4.912114 4.460549 3.885212 5.658673 5.948786 5.668298 4.537201 5.402345 6.289325 8.245020 10.056429 11.116090 10.543820 9.826216 8.854811 7.914628 6.917477 7.376290 7.407073 7.201660 5.384709 5.186602 4.680180 4.017650 2.441481 1.327531 0.445641 1.097323 0.343353 -0.001651 -0.156065 -0.002063 -0.001698 -0.002232 -0.001150 -9999.0 -9999.0
