erum2020/resources/simulation/Vinschgau/output-maps/TsL0001N0002.asc
ncols         63
nrows         48
xllcorner     598000.000000
yllcorner     5145000.000000
cellsize      1000.000000
NODATA_value  -9999.0
[rows 0 to 27 of 48, columns 0 to 62 of 63]
-9999.0 -9999.0 -9999.0 -9999.0 -9999.0 -9999.0 -9999.0 -9999.0 -9999.0 -9999.0 -9999.0 -9999.0 -9999.0 -9999.0 -9999.0 -9999.0 -9999.0 -9999.0 -9999.0 -9999.0 -9999.0 -9999.0 -9999.0 -9999.0 -9999.0 -9999.0 -9999.0 -9999.0 -9999.0 -9999.0 -9999.0 -9999.0 -9999.0 -9999.0 -9999.0 -9999.0 -9999.0 -9999.0 -9999.0 -9999.0 -9999.0 -9999.0 -9999.0 -9999.0 -9999.0 -9999.0 -9999.0 -9999.0 -9999.0 -9999.0 -9999.0 -9999.0 -9999.0 -9999.0 -9999.0 -9999.0 -9999.0 -9999.0 -9999.0 -9999.0 -9999.0 -9999.0 -9999.0
-9999.0 -9999.0 -9999.0 -9999.0 -9999.0 -9999.0 -9999.0 -9999.0 -9999.0 -9999.0 -9999.0 -9999.0 -9999.0 -9999.0 -9999.0 -9999.0 -9999.0 -9999.0 -9999.0 -9999.0 -9999.0 -9999.0 -9999.0 -9999.0 -9999.0 -9999.0 -9999.0 0.267953 -0.008142 -0.001941 -0.009175 -0.009647 -0.010009 -9999.0 -9999.0 -9999.0 -9999.0 -9999.0 -9999.0 -9999.0 -9999.0 -9999.0 -9999.0 -9999.0 -9999.0 -9999.0 -9999.0 -9999.0 -9999.0 -9999.0 -9999.0 -9999.0 -9999.0 -9999.0 -9999.0 -9999.0 -9999.0 -9999.0 -9999.0 -9999.0 -9999.0 -9999.0 -9999.0
-9999.0 -9999.0 -9999.0 -9999.0 -9999.0 -9999.0 -9999.0 -9999.0 -9999.0 -9999.0 -9999.0 -9999.0 -9999.0 -9999.0 -9999.0 -9999.0 -9999.0 -9999.0 -9999.0 -9999.0 -9999.0 -9999.0 -9999.0 -9999.0 -0.011573 -0.010228 -0.009032 -0.009674 -0.008853 -0.009001 -0.009087 -9999.0 -9999.0 -9999.0 -9999.0 -9999.0 -9999.0 -9999.0 -9999.0 -9999.0 -9999.0 -9999.0 -9999.0 -9999.0 -9999.0 -9999.0 -9999.0 -9999.0 -9999.0 -9999.0 -9999.0 -9999.0 -9999.0 -9999.0 -9999.0 -9999.0 -9999.0 -9999.0 -9999.0 -9999.0 -9999.0 -9999.0 -9999.0
-9999.0 -9999.0 -9999.0 -9999.0 -9999.0 -9999.0 -9999.0 -9999.0 -9999.0 -9999.0 -9999.0 -9999.0 -9999.0 -9999.0 -9999.0 -9999.0 -9999.0 -9999.0 -9999.0 -9999.0 -9999.0 -9999.0 -9999.0 -0.012942 -0.009159 -0.007710 1.088750 1.410999 1.373040 -0.009001 -0.009014 -0.010120 -9999.0 -9999.0 -9999.0 -9999.0 -9999.0 -9999.0 -9999.0 -9999.0 -9999.0 -9999.0 -9999.0 -9999.0 -9999.0 -9999.0 -9999.0 -9999.0 -9999.0 -9999.0 -9999.0 -9999.0 -9999.0 -9999.0 -9999.0 -9999.0 -9999.0 -9999.0 -9999.0 -9999.0 -9999.0 -9999.0 -9999.0
-9999.0 -9999.0 -9999.0 -9999.0 -9999.0 -9999.0 -9999.0 -9999.0 -9999.0 -9999.0 -9999.0 -9999.0 -9999.0 -9999.0 -9999.0 -9999.0 -9999.0 -9999.0 -0.009175 -0.031713 -9999.0 -0.019957 -0.012452 -0.007607 1.453578 2.295546 2.871099 3.072592 2.162160 -0.008610 -0.010356 -0.009999 -0.006568 -0.177861 -9999.0 -9999.0 -9999.0 -9999.0 -9999.0 -9999.0 -9999.0 -9999.0 -9999.0 -9999.0 -9999.0 -9999.0 -9999.0 -9999.0 -9999.0 -9999.0 -9999.0 -9999.0 -9999.0 -9999.0 -9999.0 -9999.0 -9999.0 -9999.0 -9999.0 -9999.0 -9999.0 -9999.0 -9999.0
-9999.0 -9999.0 -9999.0 -9999.0 -9999.0 -9999.0 -9999.0 -9999.0 -9999.0 -9999.0 -9999.0 -9999.0 -9999.0 -9999.0 -9999.0 -9999.0 -9999.0 3.053307 1.911861 1.709119 -0.178642 -0.017110 -0.012658 -0.007065 3.233440 -0.030773 -0.090818 -0.011520 -0.024524 -0.003957 -0.010085 -0.012785 -0.085931 -0.144654 -0.245065 -0.403592 -9999.0 -9999.0 -9999.0 -9999.0 -9999.0 -9999.0 -9999.0 -9999.0 -9999.0 -9999.0 -9999.0 -9999.0 -9999.0 -9999.0 -9999.0 -9999.0 -9999.0 -9999.0 -9999.0 -9999.0 -9999.0 -9999.0 -9999.0 -9999.0 -9999.0 -9999.0 -9999.0
-9999.0 -9999.0 -9999.0 -9999.0 -9999.0 -9999.0 -9999.0 -9999.0 -9999.0 -9999.0 -9999.0 -9999.0 -9999.0 -0.080924 -0.012313 -0.009674 2.169939 7.209953 2.698072 1.096165 1.334709 1.406388 2.293076 3.568479 -0.026766 -0.009954 -0.012490 -0.012131 -0.014105 -0.011466 -0.009144 -0.014298 -0.024873 -0.039843 -0.381554 -0.607268 -9999.0 -9999.0 -9999.0 -9999.0 -9999.0 -9999.0 -9999.0 -9999.0 -9999.0 -9999.0 -9999.0 -9999.0 -9999.0 -9999.0 -9999.0 -9999.0 -9999.0 -9999.0 -9999.0 -9999.0 -9999.0 -9999.0 -9999.0 -9999.0 -9999.0 -9999.0 -9999.0
-9999.0 -9999.0 -9999.0 -9999.0 -9999.0 -9999.0 -9999.0 -9999.0 -9999.0 -9999.0 -9999.0 -9999.0 -9999.0 -0.076992 1.043234 -0.009159 -0.009003 7.571873 7.205844 2.849381 1.686642 3.960136 -0.003904 -0.013737 -0.007017 -0.010571 -0.012791 -0.002918 0.029512 -0.040476 -0.036987 -0.015220 -0.172193 -0.428006 -0.469930 -9999.0 -9999.0 -9999.0 -9999.0 -9999.0 -9999.0 -9999.0 -9999.0 -9999.0 -9999.0 -9999.0 -9999.0 -9999.0 -9999.0 -9999.0 -9999.0 -9999.0 -9999.0 -9999.0 -9999.0 -9999.0 -9999.0 -9999.0 -9999.0 -9999.0 -9999.0 -9999.0 -9999.0
-9999.0 -9999.0 -9999.0 -9999.0 -9999.0 -9999.0 -9999.0 -9999.0 -9999.0 -9999.0 -9999.0 -9999.0 -9999.0 -0.011389 3.433204 0.638621 -0.020079 0.881731 7.197481 2.111553 5.480494 1.404315 -0.028525 -0.049168 -0.008988 -0.009883 -0.004250 -0.019003 -0.011038 -0.004905 -0.017277 -0.340993 -0.401574 -0.447806 -0.621141 -9999.0 -9999.0 -9999.0 -9999.0 -9999.0 -9999.0 -9999.0 -9999.0 -9999.0 -9999.0 -9999.0 -9999.0 -9999.0 -9999.0 -9999.0 -9999.0 -9999.0 -9999.0 -9999.0 -9999.0 -9999.0 -9999.0 -9999.0 -9999.0 -9999.0 -9999.0 -9999.0 -9999.0
-9999.0 -9999.0 -9999.0 -9999.0 -9999.0 -9999.0 -9999.0 -9999.0 -9999.0 -9999.0 -9999.0 -9999.0 -0.017154 2.727746 -0.009295 -0.017336 -0.039217 -0.009329 6.565366 3.608203 1.554395 -0.020737 -0.012401 -0.017060 -0.009669 -0.032057 -0.016931 -0.024135 -0.016599 -0.153874 -0.032049 -0.186958 -0.062650 -0.739968 -9999.0 -9999.0 -9999.0 -9999.0 -9999.0 -9999.0 -9999.0 -9999.0 -9999.0 -9999.0 -9999.0 -9999.0 -9999.0 -9999.0 -9999.0 -9999.0 -9999.0 -9999.0 -9999.0 -9999.0 -9999.0 -9999.0 -9999.0 -9999.0 -9999.0 -9999.0 -9999.0 -9999.0 -9999.0
-9999.0 -9999.0 -9999.0 -9999.0 -9999.0 -9999.0 -9999.0 -9999.0 -9999.0 -9999.0 -9999.0 -0.104035 -0.015499 -0.011112 -0.038751 -0.072851 -0.009957 -0.013233 6.863172 3.899032 -0.009962 -0.008332 -0.058103 -0.045708 -0.010312 -0.019653 -0.080247 -0.023267 -0.022914 -0.349674 -0.165775 -0.073202 -0.597134 -0.861180 -1.071201 -0.854720 -0.140143 -0.155092 -0.140774 -9999.0 -9999.0 -9999.0 -1.156093 -9999.0 -9999.0 -9999.0 -9999.0 -9999.0 -9999.0 -9999.0 -9999.0 -9999.0 -9999.0 -9999.0 -9999.0 -9999.0 -9999.0 -9999.0 -9999.0 -9999.0 -9999.0 -9999.0 -9999.0
-9999.0 -9999.0 -9999.0 -9999.0 -9999.0 -9999.0 -9999.0 -9999.0 -9999.0 -9999.0 -9999.0 -0.123581 -0.014265 -0.010069 -0.017867 -0.144117 -0.010857 -0.009613 7.335787 5.726409 5.920767 -0.005567 -0.061562 -0.091840 -0.045537 -0.033128 -0.037082 -0.017097 -0.090886 -0.454070 -0.073796 -0.029297 -0.137884 -0.158981 -0.341652 -0.133184 -0.100462 1.069536 -0.005907 -1.046446 -1.003468 -1.407912 -0.188305 -0.907900 -9999.0 -9999.0 -9999.0 -0.012478 -0.008957 -0.001018 -0.007310 0.344209 0.365970 -0.007066 0.340648 0.406758 -9999.0 -9999.0 -9999.0 -9999.0 -9999.0 -9999.0 -9999.0
-9999.0 -9999.0 -9999.0 -9999.0 -9999.0 -9999.0 -9999.0 -9999.0 -9999.0 -9999.0 -9999.0 -0.114666 -0.137524 -0.049240 -0.124009 -0.095511 -0.046984 -0.013347 5.402463 5.231494 0.398274 -0.011139 -0.039525 -0.068692 -0.043292 -0.196467 -0.035416 -0.033908 -0.244068 -0.081780 -0.347444 -0.063234 -0.087457 -0.174834 -1.003991 -0.102156 -0.030648 -0.025666 1.092610 2.306825 -0.140210 -0.131375 -0.107593 -0.136948 -0.060593 -9999.0 -0.001568 -0.011494 -0.009245 -0.009401 -0.007554 0.260545 0.255678 0.294781 0.485656 0.416692 -9999.0 -9999.0 -9999.0 -9999.0 -9999.0 -9999.0 -9999.0
-9999.0 -9999.0 -9999.0 -9999.0 -9999.0 -9999.0 -9999.0 -9999.0 -9999.0 -9999.0 -9999.0 -9999.0 -0.113710 -0.082771 -0.140812 -0.121512 -0.349408 -0.019971 8.005238 5.142104 -0.007276 -0.008080 -0.010000 -0.024174 -0.067011 -0.034505 -0.010924 -0.020265 -0.043709 -0.286350 -0.072978 -0.048857 -0.060846 -0.163612 -0.170592 -0.130093 -0.041161 -0.023039 1.143313 0.961838 -0.094090 -0.255605 -0.045201 -0.037484 -0.350646 -0.018113 -0.006269 -0.010335 -0.064447 -0.016863 -0.004725 -0.013205 -0.009166 -0.013128 -0.020406 0.384233 0.398185 -9999.0 -9999.0 -9999.0 -9999.0 -9999.0 -9999.0
-9999.0 -9999.0 -9999.0 -9999.0 -9999.0 -9999.0 -9999.0 -9999.0 -9999.0 -9999.0 -9999.0 -0.092090 -0.158223 -0.114051 -0.045270 -0.043707 -0.020230 -0.017815 7.901926 2.606783 1.923338 -0.009268 -0.008013 -0.034261 -0.030748 -0.009795 -0.015516 -0.071862 -0.072758 -0.115571 -0.038799 -0.028525 -0.021785 -0.148257 -0.270335 -0.130167 -0.142056 -0.028423 -0.008136 4.343059 -0.036412 -0.010876 -0.010216 -0.018722 -0.021133 -0.014731 -0.013387 -0.003006 -0.001193 -0.003950 -0.055871 -0.006662 -0.064765 -0.251927 -0.336579 0.372203 0.351698 -9999.0 -9999.0 -9999.0 -9999.0 -9999.0 -9999.0
-9999.0 -9999.0 -9999.0 -9999.0 -9999.0 -9999.0 -9999.0 -9999.0 -9999.0 -9999.0 -0.015025 -0.038579 -0.119135 -0.117860 -0.027042 -0.013252 -0.012840 -0.056193 2.343902 3.003607 5.497365 3.529783 -0.050514 -0.012933 -0.007922 -0.008071 -0.041727 -0.449665 -0.017617 -0.016204 -0.011613 -0.014005 -0.023258 -0.132066 -1.078448 -0.707281 -0.096890 -0.074487 -0.033086 -0.004075 0.452067 2.091388 5.043271 -0.007448 -0.026714 -0.119873 -0.012627 -0.019069 -0.010682 -0.003959 -0.220524 0.339143 -0.524197 0.396161 0.389266 0.482577 0.479687 -9999.0 -9999.0 -9999.0 -9999.0 -9999.0 -9999.0
-9999.0 -9999.0 -9999.0 -9999.0 -9999.0 -9999.0 -9999.0 -9999.0 -9999.0 -0.103568 -0.056156 -0.028469 -0.016072 -0.043732 -0.026030 -0.023341 -0.032534 5.631294 2.743408 3.332071 6.170704 -0.008370 -0.008193 1.602393 1.202118 -0.058655 -0.076666 -0.015223 -0.008872 -0.007290 0.242160 -0.236902 -0.340049 -0.418591 -0.607981 -0.862286 -0.073028 -0.116144 -0.074071 -0.029979 -0.024723 -0.121033 -0.198639 -0.003673 -0.007317 -0.015952 -0.009154 -0.019199 -0.013724 0.566633 -0.010294 0.329883 0.414507 0.435191 0.377233 -0.022510 -0.015336 0.338128 0.371092 -9999.0 -9999.0 -9999.0 -9999.0
-9999.0 -9999.0 -9999.0 -9999.0 -9999.0 -9999.0 -9999.0 -9999.0 -9999.0 -0.095363 -0.109567 -0.018182 6.057570 -0.010985 -0.021634 -0.031612 5.210073 1.837438 3.533132 6.942319 6.506787 5.547016 4.366493 3.323672 -0.043377 -0.025185 -0.011056 0.677018 2.122501 3.008942 3.139950 -0.175668 -0.024793 -0.100072 -0.089683 -0.589737 -0.566675 -0.309193 -0.131850 -0.019939 -0.054301 -0.100027 -0.036070 -0.006073 1.881208 2.600376 2.482265 -0.005640 -0.007087 1.269122 -0.190632 -0.091650 0.422541 0.605774 0.347555 -0.064438 -0.011313 -0.009111 0.300523 -9999.0 -9999.0 -9999.0 -9999.0
-9999.0 -9999.0 -9999.0 -9999.0 -9999.0 -9999.0 -9999.0 -9999.0 -9999.0 -9999.0 -0.108337 -0.005918 -0.010173 0.112946 -0.007306 -0.011595 -0.008595 3.238606 4.349274 4.646396 6.795549 2.349923 -0.012273 -0.038094 -0.024856 -0.006964 2.310006 2.734170 3.160258 -0.064949 -0.156120 -0.022281 -0.160295 -0.046289 -0.020498 -0.019061 -0.022336 -0.027826 -0.331751 -0.044652 -0.065140 -0.014159 -0.007905 -0.017703 -0.019487 -0.012588 1.035241 4.997387 3.662626 1.524122 -0.043606 -0.012371 0.378809 0.424962 0.587607 0.526280 0.413318 2.068907 2.051316 1.903966 -9999.0 -9999.0 -9999.0
-9999.0 -9999.0 -9999.0 -9999.0 -9999.0 -9999.0 -9999.0 -9999.0 -9999.0 -9999.0 -0.100347 -0.022771 4.124760 -0.007250 5.249080 0.035422 -0.008197 2.989686 4.921598 5.004144 3.054608 1.152978 -0.023059 -0.016028 -0.008124 2.964885 3.560372 1.817529 -0.033352 -0.083668 -0.020574 -0.014902 -0.232209 -0.038884 -0.023495 -0.016226 -0.014768 -0.025154 -0.068742 -0.013045 -0.016858 -0.005572 -0.037127 -0.010050 -0.009572 -0.045191 -0.008386 -0.008761 3.872014 3.740712 2.065310 -0.008819 -0.022379 0.378909 0.445265 0.410850 0.531403 1.022353 4.503864 4.257874 -9999.0 -9999.0 -9999.0
-9999.0 -9999.0 -9999.0 -9999.0 -9999.0 -9999.0 -9999.0 -9999.0 -0.041919 -0.073493 -0.092344 -0.006911 -0.011936 -0.010079 -0.010366 2.733377 3.042677 6.822001 5.314526 5.561740 4.397874 3.021053 1.732726 -0.008491 1.542141 4.387308 6.174238 -0.016944 -0.019224 -0.098023 -0.267297 -0.016597 -0.014991 -0.023409 -0.013683 -0.018878 -0.010449 -0.013454 -0.670801 -0.000936 -0.002881 -0.009583 -0.150410 0.263282 0.170951 -0.007212 -0.176744 -0.007975 -0.005647 3.956258 2.522236 0.853968 -0.011016 -0.045737 0.397651 0.565982 0.325279 0.352676 3.082401 6.303683 -9999.0 -9999.0 -9999.0
-9999.0 -9999.0 -9999.0 -9999.0 -9999.0 -9999.0 -9999.0 -9999.0 -0.005530 -0.013729 -0.034238 -0.087991 -0.008168 -0.007489 -0.021862 1.916833 2.900648 3.170405 5.190064 5.688570 11.033687 7.902842 5.964452 4.138140 2.813208 4.396315 2.914835 -0.007181 -0.111835 -0.021928 -0.035151 -0.072571 -0.011445 -0.018823 -0.010359 -0.009658 -0.007054 -0.007818 -0.016122 -0.008639 -0.007768 -0.007195 0.289714 -0.007697 -0.007802 -0.010716 -0.167136 0.305067 1.007391 3.873706 3.986512 1.810731 -0.016250 0.579622 0.459651 1.603780 1.529395 2.590691 5.022039 6.749528 7.238907 -9999.0 -9999.0
-9999.0 -9999.0 -9999.0 -9999.0 -9999.0 -9999.0 -9999.0 -9999.0 -0.052185 -0.006366 2.717791 -0.040367 -0.007882 -0.007128 -0.009181 -0.013971 2.257244 4.167502 5.363435 10.904311 5.857489 8.593331 8.144905 4.904544 6.815211 3.730183 2.070157 -0.030641 -0.268205 -0.026532 -0.075893 -0.011289 -0.038947 -0.017663 -0.007869 -0.007076 -0.006885 -0.003286 -0.034853 -0.018009 -0.006585 0.303571 -0.007667 -0.006948 -0.021123 -0.006727 0.320408 0.379555 -0.013310 1.996528 5.110586 3.153858 -0.005192 -0.006811 0.479113 0.643053 0.720934 5.288933 6.734661 6.608119 6.890539 -9999.0 -9999.0
-9999.0 -9999.0 -9999.0 -9999.0 -9999.0 -9999.0 -9999.0 -9999.0 -0.278855 -0.012761 -0.007046 -0.010616 -0.013448 -0.010014 0.889753 2.917998 5.016716 5.159768 7.239842 5.631360 6.227194 5.578708 7.473795 7.973179 3.880126 2.213828 -0.010151 -0.051102 -0.013081 -0.008709 -0.012522 -0.008728 -0.006468 -0.006585 -0.007156 -0.006769 -0.006289 2.515122 -0.011603 -0.011154 -0.006948 -0.006690 -0.006515 0.278151 -0.006516 0.294499 0.425878 0.295604 0.409322 0.872102 2.960039 5.681914 0.884959 1.863372 4.675408 5.557201 6.347327 6.346275 6.316802 6.223101 5.984500 4.271792 -9999.0
-9999.0 -9999.0 -9999.0 -9999.0 -9999.0 -9999.0 -9999.0 -9999.0 -0.088928 -0.014068 1.328084 -0.012203 1.657739 2.456426 6.309120 5.148873 6.697496 4.110367 2.646823 3.892021 5.183815 5.657281 5.817069 6.187233 7.073312 1.581507 -0.028241 0.963699 1.755167 2.210784 -0.016741 1.454810 3.304161 1.833609 1.021293 1.379583 2.131175 3.905819 3.542246 1.836809 -0.006261 1.057801 1.225590 0.928274 -0.014068 0.355718 0.705221 1.667018 1.339710 2.743221 0.715698 5.296916 6.013271 5.952969 6.200647 6.252744 6.207082 6.170151 6.889931 6.127691 5.357035 3.161630 -9999.0
-9999.0 -9999.0 -0.016933 -0.017464 -0.018833 -0.019829 -0.011949 -0.022926 -0.025861 -0.017582 -0.007679 2.769637 2.799638 4.097604 7.020745 4.527438 2.712333 -0.012166 0.488894 2.500018 4.203182 6.235268 5.869859 5.488346 5.322632 3.336204 2.058554 2.183061 3.852061 6.031930 -0.007147 1.396706 6.885939 3.138465 3.310925 3.090422 4.104122 5.519143 4.544425 2.434002 2.708770 2.999076 3.403990 2.446063 -0.011024 1.392225 2.839889 3.288939 4.419328 5.706331 6.448478 6.073336 6.347812 6.389077 6.276059 9.537679 6.418416 6.119162 5.363811 5.177537 6.139630 2.184913 -9999.0
-9999.0 -0.011424 -0.011743 -0.013100 -0.019141 -0.009899 -0.011643 -0.031223 -0.044502 -0.020203 -0.011160 1.063339 4.066500 7.295941 6.240120 2.339831 -0.007160 -0.012096 -0.009005 2.688211 4.680322 6.211358 7.832111 5.658745 9.368840 5.889939 7.788478 7.842820 5.717453 4.879667 4.329804 3.886105 5.109210 8.275483 5.899384 6.080096 6.617431 7.494985 6.611665 5.594049 5.166076 5.885922 5.683063 4.185712 3.387635 4.136195 5.334456 6.208773 6.793292 5.863248 5.935805 5.812760 6.239161 6.030992 6.049300 5.527183 4.618769 4.329083 0.736685 5.339958 2.010569 1.864656 -9999.0
-9999.0 -0.006283 1.108573 1.273232 3.492580 0.975712 -0.060186 -0.035358 -0.021348 -0.016336 -0.016162 -0.007270 4.128938 6.227308 2.938997 -0.016158 -0.014851 -0.012223 1.876632 3.369970 7.653405 6.001505 7.328790 6.485137 9.884781 9.726146 5.431298 5.762384 5.613470 6.547181 6.434971 5.973997 6.337068 6.619228 9.630624 7.662016 13.934749 13.487307 8.348502 7.843860 7.897094 7.634871 7.102554 6.551134 6.657588 6.819453 6.589281 6.380127 5.886955 5.862007 6.044482 5.366506 1.228493 5.701848 4.809500 3.200432 3.214028 2.392417 2.016130 0.919865 0.918537 -9999.0 -9999.0
