erum2020/resources/simulation/Vinschgau/output-maps/TsL0004N0319.asc
ncols         63
nrows         48
xllcorner     598000.000000
yllcorner     5145000.000000
cellsize      1000.000000
NODATA_value  -9999.0
[rows 0 to 27 of 48, columns 0 to 62 of 63]
-9999.0 -9999.0 -9999.0 -9999.0 -9999.0 -9999.0 -9999.0 -9999.0 -9999.0 -9999.0 -9999.0 -9999.0 -9999.0 -9999.0 -9999.0 -9999.0 -9999.0 -9999.0 -9999.0 -9999.0 -9999.0 -9999.0 -9999.0 -9999.0 -9999.0 -9999.0 -9999.0 -9999.0 -9999.0 -9999.0 -9999.0 -9999.0 -9999.0 -9999.0 -9999.0 -9999.0 -9999.0 -9999.0 -9999.0 -9999.0 -9999.0 -9999.0 -9999.0 -9999.0 -9999.0 -9999.0 -9999.0 -9999.0 -9999.0 -9999.0 -9999.0 -9999.0 -9999.0 -9999.0 -9999.0 -9999.0 -9999.0 -9999.0 -9999.0 -9999.0 -9999.0 -9999.0 -9999.0
-9999.0 -9999.0 -9999.0 -9999.0 -9999.0 -9999.0 -9999.0 -9999.0 -9999.0 -9999.0 -9999.0 -9999.0 -9999.0 -9999.0 -9999.0 -9999.0 -9999.0 -9999.0 -9999.0 -9999.0 -9999.0 -9999.0 -9999.0 -9999.0 -9999.0 -9999.0 -9999.0 -1.129096 -0.775892 -0.621846 -6.134736 -7.578559 -7.390396 -9999.0 -9999.0 -9999.0 -9999.0 -9999.0 -9999.0 -9999.0 -9999.0 -9999.0 -9999.0 -9999.0 -9999.0 -9999.0 -9999.0 -9999.0 -9999.0 -9999.0 -9999.0 -9999.0 -9999.0 -9999.0 -9999.0 -9999.0 -9999.0 -9999.0 -9999.0 -9999.0 -9999.0 -9999.0 -9999.0
-9999.0 -9999.0 -9999.0 -9999.0 -9999.0 -9999.0 -9999.0 -9999.0 -9999.0 -9999.0 -9999.0 -9999.0 -9999.0 -9999.0 -9999.0 -9999.0 -9999.0 -9999.0 -9999.0 -9999.0 -9999.0 -9999.0 -9999.0 -9999.0 -0.536737 -0.354719 -0.684383 -0.315254 -0.386108 -0.504039 -5.893449 -9999.0 -9999.0 -9999.0 -9999.0 -9999.0 -9999.0 -9999.0 -9999.0 -9999.0 -9999.0 -9999.0 -9999.0 -9999.0 -9999.0 -9999.0 -9999.0 -9999.0 -9999.0 -9999.0 -9999.0 -9999.0 -9999.0 -9999.0 -9999.0 -9999.0 -9999.0 -9999.0 -9999.0 -9999.0 -9999.0 -9999.0 -9999.0
-9999.0 -9999.0 -9999.0 -9999.0 -9999.0 -9999.0 -9999.0 -9999.0 -9999.0 -9999.0 -9999.0 -9999.0 -9999.0 -9999.0 -9999.0 -9999.0 -9999.0 -9999.0 -9999.0 -9999.0 -9999.0 -9999.0 -9999.0 -0.410473 -0.879166 -3.528864 -2.397927 -3.133111 -3.033099 -0.658143 -1.020713 -4.083863 -9999.0 -9999.0 -9999.0 -9999.0 -9999.0 -9999.0 -9999.0 -9999.0 -9999.0 -9999.0 -9999.0 -9999.0 -9999.0 -9999.0 -9999.0 -9999.0 -9999.0 -9999.0 -9999.0 -9999.0 -9999.0 -9999.0 -9999.0 -9999.0 -9999.0 -9999.0 -9999.0 -9999.0 -9999.0 -9999.0 -9999.0
-9999.0 -9999.0 -9999.0 -9999.0 -9999.0 -9999.0 -9999.0 -9999.0 -9999.0 -9999.0 -9999.0 -9999.0 -9999.0 -9999.0 -9999.0 -9999.0 -9999.0 -9999.0 -0.000621 -1.437482 -9999.0 -0.572428 -0.289214 -2.172029 -0.084378 0.097534 -0.576419 -0.477829 0.223240 -2.117268 -0.566350 -1.021886 -0.865586 -2.523388 -9999.0 -9999.0 -9999.0 -9999.0 -9999.0 -9999.0 -9999.0 -9999.0 -9999.0 -9999.0 -9999.0 -9999.0 -9999.0 -9999.0 -9999.0 -9999.0 -9999.0 -9999.0 -9999.0 -9999.0 -9999.0 -9999.0 -9999.0 -9999.0 -9999.0 -9999.0 -9999.0 -9999.0 -9999.0
-9999.0 -9999.0 -9999.0 -9999.0 -9999.0 -9999.0 -9999.0 -9999.0 -9999.0 -9999.0 -9999.0 -9999.0 -9999.0 -9999.0 -9999.0 -9999.0 -9999.0 -0.003362 -0.014936 -3.040040 -0.803950 -1.049819 -1.968485 -0.193483 1.150621 -0.548136 -4.832261 -3.921313 -4.129917 -0.700342 -2.252166 -0.740158 -1.941922 -0.853321 -5.353415 -8.654299 -9999.0 -9999.0 -9999.0 -9999.0 -9999.0 -9999.0 -9999.0 -9999.0 -9999.0 -9999.0 -9999.0 -9999.0 -9999.0 -9999.0 -9999.0 -9999.0 -9999.0 -9999.0 -9999.0 -9999.0 -9999.0 -9999.0 -9999.0 -9999.0 -9999.0 -9999.0 -9999.0
-9999.0 -9999.0 -9999.0 -9999.0 -9999.0 -9999.0 -9999.0 -9999.0 -9999.0 -9999.0 -9999.0 -9999.0 -9999.0 -0.971716 -1.204564 -0.148245 -0.075126 5.516313 -0.006702 -0.185238 -0.083583 -0.009156 -0.005482 1.017041 -1.078740 -5.285767 -6.303183 -5.056678 -6.527868 -4.678193 -3.077017 -5.959388 -5.705975 -8.519905 -8.212780 -9.079525 -9999.0 -9999.0 -9999.0 -9999.0 -9999.0 -9999.0 -9999.0 -9999.0 -9999.0 -9999.0 -9999.0 -9999.0 -9999.0 -9999.0 -9999.0 -9999.0 -9999.0 -9999.0 -9999.0 -9999.0 -9999.0 -9999.0 -9999.0 -9999.0 -9999.0 -9999.0 -9999.0
-9999.0 -9999.0 -9999.0 -9999.0 -9999.0 -9999.0 -9999.0 -9999.0 -9999.0 -9999.0 -9999.0 -9999.0 -9999.0 -0.302409 -2.619690 -2.206323 -2.002744 0.294238 5.984333 -0.006845 0.567264 -1.405615 -1.999993 -1.376807 -1.012617 -0.604935 -0.911403 -6.937525 -7.875482 -6.795842 -5.587184 -8.458253 -8.662306 -9.800382 -9.350287 -9999.0 -9999.0 -9999.0 -9999.0 -9999.0 -9999.0 -9999.0 -9999.0 -9999.0 -9999.0 -9999.0 -9999.0 -9999.0 -9999.0 -9999.0 -9999.0 -9999.0 -9999.0 -9999.0 -9999.0 -9999.0 -9999.0 -9999.0 -9999.0 -9999.0 -9999.0 -9999.0 -9999.0
-9999.0 -9999.0 -9999.0 -9999.0 -9999.0 -9999.0 -9999.0 -9999.0 -9999.0 -9999.0 -9999.0 -9999.0 -9999.0 -1.364739 -0.000221 -0.084384 -1.796538 -0.228943 5.406678 0.792339 -1.924099 -4.386715 -0.961304 -3.797290 -1.291295 -1.259193 -0.594747 -7.771639 -1.007487 -8.663599 -8.219547 -10.160917 -9.815529 -10.916771 -9.752220 -9999.0 -9999.0 -9999.0 -9999.0 -9999.0 -9999.0 -9999.0 -9999.0 -9999.0 -9999.0 -9999.0 -9999.0 -9999.0 -9999.0 -9999.0 -9999.0 -9999.0 -9999.0 -9999.0 -9999.0 -9999.0 -9999.0 -9999.0 -9999.0 -9999.0 -9999.0 -9999.0 -9999.0
-9999.0 -9999.0 -9999.0 -9999.0 -9999.0 -9999.0 -9999.0 -9999.0 -9999.0 -9999.0 -9999.0 -9999.0 -0.411345 -1.810862 -0.140078 -1.537122 -0.344129 -1.964535 3.462862 1.881828 -1.512565 -5.076797 -2.966128 -4.480204 -0.426264 -6.961853 -5.067311 -3.624118 -0.532303 -8.083073 -9.162136 -2.324342 -1.966234 -8.041078 -9999.0 -9999.0 -9999.0 -9999.0 -9999.0 -9999.0 -9999.0 -9999.0 -9999.0 -9999.0 -9999.0 -9999.0 -9999.0 -9999.0 -9999.0 -9999.0 -9999.0 -9999.0 -9999.0 -9999.0 -9999.0 -9999.0 -9999.0 -9999.0 -9999.0 -9999.0 -9999.0 -9999.0 -9999.0
-9999.0 -9999.0 -9999.0 -9999.0 -9999.0 -9999.0 -9999.0 -9999.0 -9999.0 -9999.0 -9999.0 -2.054817 -0.765568 -1.765332 -2.660769 -4.121013 -4.037616 -2.598443 3.622386 1.842929 -0.188374 -1.318981 -0.980960 -5.634003 -0.900866 -4.064299 -8.101522 -0.825751 -0.918248 -8.913163 -3.859439 -1.850342 -2.794595 -5.890116 -4.156902 -4.567763 -7.184092 -0.002134 1.244323 -9999.0 -9999.0 -9999.0 -5.833309 -9999.0 -9999.0 -9999.0 -9999.0 -9999.0 -9999.0 -9999.0 -9999.0 -9999.0 -9999.0 -9999.0 -9999.0 -9999.0 -9999.0 -9999.0 -9999.0 -9999.0 -9999.0 -9999.0 -9999.0
-9999.0 -9999.0 -9999.0 -9999.0 -9999.0 -9999.0 -9999.0 -9999.0 -9999.0 -9999.0 -9999.0 -2.300844 -2.758790 -0.562610 -0.577794 -5.980348 -1.150111 -0.263385 3.409039 0.415889 -0.000067 -1.673583 -0.586455 -1.767270 -2.818603 -4.685843 -0.664177 -0.464834 -1.816479 -7.293417 -0.849192 -2.141775 -1.708053 -5.356093 -5.567242 -6.919293 1.088922 1.246554 0.772585 0.635304 -7.262264 -5.916795 -4.920779 -4.433272 -9999.0 -9999.0 -9999.0 -0.051926 -1.222016 -0.759387 -0.209692 -0.375955 -0.492442 -0.036402 -0.033872 -1.008301 -9999.0 -9999.0 -9999.0 -9999.0 -9999.0 -9999.0 -9999.0
-9999.0 -9999.0 -9999.0 -9999.0 -9999.0 -9999.0 -9999.0 -9999.0 -9999.0 -9999.0 -9999.0 -0.741892 -4.941503 -0.987362 -0.868392 -1.531781 -1.254093 -2.694873 0.895866 3.028844 -0.020415 -2.254368 -1.570722 -0.264802 -6.329593 -0.702748 -1.423779 -1.710272 -5.953788 -5.416848 -6.861196 -1.166547 -2.480136 -4.803645 -4.110304 0.012956 -0.007855 -0.006474 2.487251 1.379678 0.520107 -6.843722 -5.338791 -2.812476 -3.064450 -9999.0 -6.799744 -1.303649 -0.196341 -0.127454 -0.261762 -0.118099 -0.027534 -0.022288 -0.025297 -0.039913 -9999.0 -9999.0 -9999.0 -9999.0 -9999.0 -9999.0 -9999.0
-9999.0 -9999.0 -9999.0 -9999.0 -9999.0 -9999.0 -9999.0 -9999.0 -9999.0 -9999.0 -9999.0 -9999.0 -4.086770 -0.777563 -0.209354 -0.441519 -1.289090 -2.364076 0.956347 3.647987 -0.117645 -2.498088 -0.211161 -1.843106 -0.561575 -1.025444 -3.399498 -5.616672 -4.619249 -1.865695 -1.078989 -1.436378 -1.600697 -2.674185 -7.586514 -6.685759 -0.141030 -0.010815 3.786556 1.168529 0.309188 1.677316 -0.209743 -4.633875 -1.279565 -1.097391 -1.435721 -2.504135 -0.387572 -1.225052 -0.116533 -2.202121 -0.503219 -0.193016 -3.274430 -3.404964 -0.061138 -9999.0 -9999.0 -9999.0 -9999.0 -9999.0 -9999.0
-9999.0 -9999.0 -9999.0 -9999.0 -9999.0 -9999.0 -9999.0 -9999.0 -9999.0 -9999.0 -9999.0 -0.181840 -5.148147 -3.770177 -0.870393 -1.009561 -1.358298 -1.907089 0.545929 0.821369 -0.013738 -0.092239 -0.297599 -0.730614 -0.721486 -2.701452 -0.314176 -6.569439 -0.792718 -0.665539 -2.248980 -2.200509 -2.991508 -3.365037 -8.853165 -5.541566 -7.323824 -0.127801 -0.042625 2.209836 -0.008424 -0.002063 -0.013957 0.021289 -0.000802 -1.392602 -0.290897 -0.258546 -0.215332 -2.289782 -5.124846 -5.451245 -4.463768 -6.177721 -5.540499 -6.266693 -0.392717 -9999.0 -9999.0 -9999.0 -9999.0 -9999.0 -9999.0
-9999.0 -9999.0 -9999.0 -9999.0 -9999.0 -9999.0 -9999.0 -9999.0 -9999.0 -9999.0 -0.188088 -0.215872 -0.158575 -0.626645 -0.114170 -3.084869 -0.730219 -0.609866 -0.002621 0.799066 1.091334 -0.009287 -2.842216 -2.439059 -0.100196 -0.500511 -3.278078 -0.703817 -1.038566 -1.734313 -2.364456 -0.807751 -2.672137 -6.045800 -9.818417 -4.796025 -0.002649 -0.163792 -0.070649 -0.006892 -0.004884 -0.597919 -2.515423 -0.125015 -0.099995 -1.298546 -0.300091 -3.681644 -0.092664 -1.867954 -0.272460 -6.014528 -6.054309 -6.493006 -5.829339 -0.036427 -0.036435 -9999.0 -9999.0 -9999.0 -9999.0 -9999.0 -9999.0
-9999.0 -9999.0 -9999.0 -9999.0 -9999.0 -9999.0 -9999.0 -9999.0 -9999.0 -4.979276 -1.363315 -0.184516 -3.103025 -0.285424 -0.560566 -0.692200 -4.058341 -1.814558 -0.005727 1.917240 1.437584 -0.005546 -0.090534 -0.000119 -0.454142 -1.682406 -0.805467 -2.188053 -0.096863 -0.040530 -0.003023 -1.323400 -8.079499 -9.212584 -4.984065 -5.751139 -4.317769 -4.394495 -3.902484 -4.149475 -0.067572 -2.460469 -1.731061 -0.002505 -0.107885 -0.084282 0.342102 -3.578592 -0.569007 -0.004621 -0.550797 -1.084195 -6.940057 -5.317606 -2.288650 -0.165422 -0.028972 -0.015137 -0.112932 -9999.0 -9999.0 -9999.0 -9999.0
-9999.0 -9999.0 -9999.0 -9999.0 -9999.0 -9999.0 -9999.0 -9999.0 -9999.0 -3.950014 -4.779029 -3.939870 -0.000121 -2.272879 -1.158831 -0.177820 -0.379972 -0.020982 -0.001514 4.229517 4.372180 5.609875 -1.818504 -1.586705 -1.796794 -1.486630 -1.670717 -0.019503 -0.000112 -0.540329 -0.449964 -1.003938 -5.309533 -3.991327 -1.105141 -2.439673 -2.664041 -3.258940 -6.235730 -2.933255 -4.419462 -6.414409 -3.986232 -2.562040 0.363686 1.285994 1.196373 -0.006787 -0.026245 -0.084839 -0.179404 -0.167700 -4.982538 -4.633851 -5.574755 -0.094710 -0.035223 -0.047099 -0.012541 -9999.0 -9999.0 -9999.0 -9999.0
-9999.0 -9999.0 -9999.0 -9999.0 -9999.0 -9999.0 -9999.0 -9999.0 -9999.0 -9999.0 -4.048604 -2.716283 -0.431492 -0.120272 -0.072914 -1.943813 -1.968562 -0.005725 0.735782 3.812712 1.274493 -0.009848 -0.252312 -0.201162 -1.163935 -0.021530 -0.005359 0.076666 -0.380727 -5.211433 -5.411825 -0.436718 -6.464183 -6.995328 -0.786037 -2.759122 -2.680375 -3.174698 -1.561553 -7.584067 -8.649036 -1.142303 -1.144315 -3.877679 -1.172108 -1.538281 -2.374005 -1.626073 3.660121 -0.006749 -1.147477 -0.101237 -0.323001 -4.295730 -4.127574 -4.613156 -2.481516 -0.014941 -0.004496 -0.005891 -9999.0 -9999.0 -9999.0
-9999.0 -9999.0 -9999.0 -9999.0 -9999.0 -9999.0 -9999.0 -9999.0 -9999.0 -9999.0 -3.913493 -3.950639 -3.389345 -0.160550 3.132784 -0.110195 -0.089428 -0.005913 4.180581 4.141570 1.265517 -0.005434 -0.119985 -2.840840 -0.145067 -0.003436 2.016701 -1.872200 -0.468325 -6.980451 -6.546539 -3.268143 -0.688163 -7.220715 -6.573996 -5.626337 -0.194101 -2.394925 -0.736248 -6.895446 -1.924729 -1.064681 -4.374276 -6.113826 -2.334876 -0.917301 -0.345474 -0.440366 0.455203 2.473560 -0.006328 -0.094803 -0.038695 -0.278988 -3.049250 -0.244284 -4.985486 -0.027670 0.571644 1.591494 -9999.0 -9999.0 -9999.0
-9999.0 -9999.0 -9999.0 -9999.0 -9999.0 -9999.0 -9999.0 -9999.0 -0.318270 -0.155384 -0.775381 -3.334313 -1.951267 -0.424865 -0.176684 0.493829 0.640549 6.044476 4.267984 4.418866 4.669092 2.218327 -0.004541 -0.069501 -0.006257 2.600409 1.415425 -0.701588 -0.566056 -3.425538 -8.233489 -6.092493 -4.266364 -5.106450 -2.639912 -7.679574 -1.299900 -2.372401 -0.551510 -1.937783 -5.748071 -5.441737 -6.755957 -7.433806 -0.300207 -0.188534 -5.276246 -0.286274 -1.765392 0.500676 -0.004830 -2.332637 -0.030649 -0.322980 -0.173951 -0.025507 -0.017490 -1.165187 -0.000243 3.232873 -9999.0 -9999.0 -9999.0
-9999.0 -9999.0 -9999.0 -9999.0 -9999.0 -9999.0 -9999.0 -9999.0 -3.702763 -0.854748 -0.156454 -5.810822 -4.663706 -0.582490 -0.136467 -1.413963 -0.080682 -1.428445 4.608274 5.386239 8.314068 7.102073 6.144441 5.481416 0.732167 3.729522 -0.005617 -0.960748 -3.485293 -0.781840 -1.274273 -0.371359 -0.601174 -0.917326 -0.377338 -0.241995 -1.204595 -2.923965 -0.265028 -0.552751 -6.297197 -8.427994 -6.817917 -0.276221 -0.308381 -2.043575 -5.761872 -4.767387 -0.173336 -0.008099 1.427972 -0.083340 -0.035694 -0.026753 -2.221394 0.109254 -0.011961 -0.003839 3.649608 6.322925 6.656904 -9999.0 -9999.0
-9999.0 -9999.0 -9999.0 -9999.0 -9999.0 -9999.0 -9999.0 -9999.0 -4.891549 -0.253284 -0.634979 -0.573356 -0.148849 -4.812903 -1.672979 -0.174057 -0.005543 0.574296 4.962921 6.540384 6.548689 6.964964 7.234095 4.445424 6.914038 -0.001497 -0.158817 -0.364887 -0.489878 -0.254756 -0.410335 -0.563761 -0.181894 -0.226037 -0.188402 -1.987709 -0.301665 -0.135015 -0.162361 -0.325544 -3.208635 -3.638664 -0.284752 -4.140573 -4.599914 -4.642438 -0.371524 -0.061803 -3.450101 -1.844027 2.023503 -0.000056 -0.185179 -1.584814 -0.003713 0.000094 1.428314 3.310064 4.968594 4.581368 6.401556 -9999.0 -9999.0
-9999.0 -9999.0 -9999.0 -9999.0 -9999.0 -9999.0 -9999.0 -9999.0 -6.410284 -0.435835 -0.032199 -0.348957 -0.125779 -1.840041 -0.096098 -0.005781 1.695474 4.800647 1.326945 4.328455 4.376281 6.217348 7.801785 7.218366 0.518911 -0.188017 -0.217317 -0.900378 -1.986653 -1.489028 -0.785015 -0.485074 -0.090808 -0.089663 -0.265296 -0.144190 -0.218996 -0.009397 -1.524170 -0.126589 -0.342740 -0.153669 -0.111583 -0.174762 -0.132037 -0.269194 -0.059886 -0.062097 -0.067308 -3.605469 -1.436299 3.274658 1.183378 -0.000283 1.381478 2.947007 4.432900 4.187919 6.060709 6.277481 3.823214 0.863511 -9999.0
-9999.0 -9999.0 -9999.0 -9999.0 -9999.0 -9999.0 -9999.0 -9999.0 -1.181087 -0.223404 -0.311378 -0.112574 -0.016300 -0.005951 3.230296 1.798314 1.329305 -0.068012 -1.240583 -0.068383 3.759720 5.333917 5.615357 4.457409 4.260639 -0.073026 -3.268001 -1.989564 -0.006666 -0.008528 -1.290919 -2.587530 -0.004195 -1.842077 -2.121871 -2.092324 -1.591780 -0.001801 -0.018545 -2.306065 -1.763618 -2.862687 -0.085460 -2.357168 -0.123307 -0.184132 -3.099838 -0.021414 -0.083605 -0.003212 1.523623 1.687726 3.494832 3.956271 4.172586 3.769375 4.269371 5.202730 4.134356 3.791644 2.496562 -0.053846 -9999.0
-9999.0 -9999.0 -0.258066 -0.176049 -0.359202 -0.137120 -0.148350 -0.141659 -0.252587 -0.362830 -0.108388 -0.003296 -0.003885 0.331445 6.356661 0.501361 -1.283305 -2.482413 -0.402819 -1.533121 -0.003685 4.642089 4.900648 4.687456 3.761306 -0.001908 -0.078491 -0.088109 -0.003981 0.939764 -0.152598 -0.132925 0.658782 -0.096330 -0.002378 -0.083346 0.012859 1.517919 -0.005956 -0.090909 -0.007080 -0.003913 -0.020178 -0.006480 -1.728314 -0.087236 -0.002980 -0.010152 0.861965 2.429182 4.277228 3.838605 4.166685 3.966749 3.663800 5.797430 3.431016 3.212705 1.911797 1.067834 -0.439952 -0.068533 -9999.0
-9999.0 -0.873375 -1.238700 -0.495538 -0.216660 -0.626923 -0.203131 -0.514597 -0.619895 -3.188768 -0.186837 -0.202258 0.843665 4.045186 2.275308 -0.163602 -0.258206 -0.364267 -1.206353 -0.080954 0.356638 2.044809 4.077384 4.268178 6.528448 3.903720 6.070806 6.031042 1.941180 0.090316 0.006548 -0.000367 0.045484 3.708063 1.557947 3.036414 4.010483 3.932826 3.423692 1.726869 1.408260 1.611581 1.535466 -0.006607 -0.014482 -0.005343 1.409738 2.083699 4.584601 3.869697 3.914670 3.649933 3.187052 1.998861 1.937323 1.391486 -0.001214 -0.005925 -0.063247 -0.038978 -0.017666 -0.036607 -9999.0
-9999.0 -0.199918 -2.723036 -0.101746 -0.000117 -2.866480 -0.913702 -0.147494 -0.175147 -0.208040 -0.131057 -0.096272 0.867142 2.281254 -1.182922 -0.128373 -0.665147 -0.190025 -0.015661 -0.014485 -0.048177 0.601906 2.174116 3.355462 6.360540 7.604868 4.829176 5.402186 4.950451 3.675605 4.981114 4.158210 2.508688 3.251295 5.013940 3.964851 7.022602 9.369242 5.207524 4.858648 4.322078 4.142943 4.428724 3.822875 4.884913 5.355816 6.474984 6.546953 4.837996 4.262233 1.849991 0.511748 -0.003663 1.693717 -0.001893 -1.216246 -1.464427 -0.029771 -0.028508 -0.021106 -0.019440 -9999.0 -9999.0
