erum2020/resources/simulation/Vinschgau/output-maps/TsL0008N1175.asc
ncols         63
nrows         48
xllcorner     598000.000000
yllcorner     5145000.000000
cellsize      1000.000000
NODATA_value  -9999.0
[rows 0 to 27 of 48, columns 0 to 62 of 63]
-9999.0 -9999.0 -9999.0 -9999.0 -9999.0 -9999.0 -9999.0 -9999.0 -9999.0 -9999.0 -9999.0 -9999.0 -9999.0 -9999.0 -9999.0 -9999.0 -9999.0 -9999.0 -9999.0 -9999.0 -9999.0 -9999.0 -9999.0 -9999.0 -9999.0 -9999.0 -9999.0 -9999.0 -9999.0 -9999.0 -9999.0 -9999.0 -9999.0 -9999.0 -9999.0 -9999.0 -9999.0 -9999.0 -9999.0 -9999.0 -9999.0 -9999.0 -9999.0 -9999.0 -9999.0 -9999.0 -9999.0 -9999.0 -9999.0 -9999.0 -9999.0 -9999.0 -9999.0 -9999.0 -9999.0 -9999.0 -9999.0 -9999.0 -9999.0 -9999.0 -9999.0 -9999.0 -9999.0
-9999.0 -9999.0 -9999.0 -9999.0 -9999.0 -9999.0 -9999.0 -9999.0 -9999.0 -9999.0 -9999.0 -9999.0 -9999.0 -9999.0 -9999.0 -9999.0 -9999.0 -9999.0 -9999.0 -9999.0 -9999.0 -9999.0 -9999.0 -9999.0 -9999.0 -9999.0 -9999.0 -0.003863 -0.049483 -0.002404 -0.097473 -0.083403 -0.404304 -9999.0 -9999.0 -9999.0 -9999.0 -9999.0 -9999.0 -9999.0 -9999.0 -9999.0 -9999.0 -9999.0 -9999.0 -9999.0 -9999.0 -9999.0 -9999.0 -9999.0 -9999.0 -9999.0 -9999.0 -9999.0 -9999.0 -9999.0 -9999.0 -9999.0 -9999.0 -9999.0 -9999.0 -9999.0 -9999.0
-9999.0 -9999.0 -9999.0 -9999.0 -9999.0 -9999.0 -9999.0 -9999.0 -9999.0 -9999.0 -9999.0 -9999.0 -9999.0 -9999.0 -9999.0 -9999.0 -9999.0 -9999.0 -9999.0 -9999.0 -9999.0 -9999.0 -9999.0 -9999.0 -0.043866 -0.039933 -0.038869 -0.041030 -0.050379 -0.056055 -0.068739 -9999.0 -9999.0 -9999.0 -9999.0 -9999.0 -9999.0 -9999.0 -9999.0 -9999.0 -9999.0 -9999.0 -9999.0 -9999.0 -9999.0 -9999.0 -9999.0 -9999.0 -9999.0 -9999.0 -9999.0 -9999.0 -9999.0 -9999.0 -9999.0 -9999.0 -9999.0 -9999.0 -9999.0 -9999.0 -9999.0 -9999.0 -9999.0
-9999.0 -9999.0 -9999.0 -9999.0 -9999.0 -9999.0 -9999.0 -9999.0 -9999.0 -9999.0 -9999.0 -9999.0 -9999.0 -9999.0 -9999.0 -9999.0 -9999.0 -9999.0 -9999.0 -9999.0 -9999.0 -9999.0 -9999.0 -0.036140 -0.029369 3.230344 3.659304 3.916281 3.352921 -0.010699 -0.063223 -0.090423 -9999.0 -9999.0 -9999.0 -9999.0 -9999.0 -9999.0 -9999.0 -9999.0 -9999.0 -9999.0 -9999.0 -9999.0 -9999.0 -9999.0 -9999.0 -9999.0 -9999.0 -9999.0 -9999.0 -9999.0 -9999.0 -9999.0 -9999.0 -9999.0 -9999.0 -9999.0 -9999.0 -9999.0 -9999.0 -9999.0 -9999.0
-9999.0 -9999.0 -9999.0 -9999.0 -9999.0 -9999.0 -9999.0 -9999.0 -9999.0 -9999.0 -9999.0 -9999.0 -9999.0 -9999.0 -9999.0 -9999.0 -9999.0 -9999.0 5.639126 -0.010671 -9999.0 -0.031555 -0.021930 3.195351 3.090977 4.204851 3.916517 3.975551 2.264692 -0.002046 -0.038079 -0.064548 -0.050532 -0.048911 -9999.0 -9999.0 -9999.0 -9999.0 -9999.0 -9999.0 -9999.0 -9999.0 -9999.0 -9999.0 -9999.0 -9999.0 -9999.0 -9999.0 -9999.0 -9999.0 -9999.0 -9999.0 -9999.0 -9999.0 -9999.0 -9999.0 -9999.0 -9999.0 -9999.0 -9999.0 -9999.0 -9999.0 -9999.0
-9999.0 -9999.0 -9999.0 -9999.0 -9999.0 -9999.0 -9999.0 -9999.0 -9999.0 -9999.0 -9999.0 -9999.0 -9999.0 -9999.0 -9999.0 -9999.0 -9999.0 5.233897 3.898955 4.481190 4.337617 -0.000932 0.379626 2.434697 4.405607 -0.003189 -0.103281 -0.002022 -0.017025 1.921145 -0.006135 -0.036368 -0.002128 -0.004173 -0.054264 -0.058203 -9999.0 -9999.0 -9999.0 -9999.0 -9999.0 -9999.0 -9999.0 -9999.0 -9999.0 -9999.0 -9999.0 -9999.0 -9999.0 -9999.0 -9999.0 -9999.0 -9999.0 -9999.0 -9999.0 -9999.0 -9999.0 -9999.0 -9999.0 -9999.0 -9999.0 -9999.0 -9999.0
-9999.0 -9999.0 -9999.0 -9999.0 -9999.0 -9999.0 -9999.0 -9999.0 -9999.0 -9999.0 -9999.0 -9999.0 -9999.0 3.643326 2.363996 3.549805 4.924128 11.428810 4.971081 3.893146 3.480243 2.708342 3.942826 4.459491 -0.002170 -0.013296 -0.109851 -0.242217 -0.072453 -0.002028 -0.424969 -0.044946 -0.057214 -0.092813 -0.027219 -0.065037 -9999.0 -9999.0 -9999.0 -9999.0 -9999.0 -9999.0 -9999.0 -9999.0 -9999.0 -9999.0 -9999.0 -9999.0 -9999.0 -9999.0 -9999.0 -9999.0 -9999.0 -9999.0 -9999.0 -9999.0 -9999.0 -9999.0 -9999.0 -9999.0 -9999.0 -9999.0 -9999.0
-9999.0 -9999.0 -9999.0 -9999.0 -9999.0 -9999.0 -9999.0 -9999.0 -9999.0 -9999.0 -9999.0 -9999.0 -9999.0 4.857541 4.708481 4.268822 4.113308 10.037972 11.528045 5.547451 4.153515 6.832756 2.741625 1.198168 1.793860 -0.005278 -0.042025 -0.002743 -0.008983 -0.266932 -0.616687 -0.056057 -0.030029 -4.634631 -0.066756 -9999.0 -9999.0 -9999.0 -9999.0 -9999.0 -9999.0 -9999.0 -9999.0 -9999.0 -9999.0 -9999.0 -9999.0 -9999.0 -9999.0 -9999.0 -9999.0 -9999.0 -9999.0 -9999.0 -9999.0 -9999.0 -9999.0 -9999.0 -9999.0 -9999.0 -9999.0 -9999.0 -9999.0
-9999.0 -9999.0 -9999.0 -9999.0 -9999.0 -9999.0 -9999.0 -9999.0 -9999.0 -9999.0 -9999.0 -9999.0 -9999.0 4.823891 4.801948 5.970744 3.915496 4.611150 11.909058 4.961255 7.760801 3.256935 -0.003177 -0.003157 1.670161 0.832750 2.310727 -0.013786 -0.074430 -1.852493 -0.063983 -4.563129 -4.493551 -6.332274 -0.072126 -9999.0 -9999.0 -9999.0 -9999.0 -9999.0 -9999.0 -9999.0 -9999.0 -9999.0 -9999.0 -9999.0 -9999.0 -9999.0 -9999.0 -9999.0 -9999.0 -9999.0 -9999.0 -9999.0 -9999.0 -9999.0 -9999.0 -9999.0 -9999.0 -9999.0 -9999.0 -9999.0 -9999.0
-9999.0 -9999.0 -9999.0 -9999.0 -9999.0 -9999.0 -9999.0 -9999.0 -9999.0 -9999.0 -9999.0 -9999.0 3.571524 4.310578 5.673311 3.575211 2.461180 4.156767 10.943629 6.150339 3.617940 -0.002033 -0.054424 -0.005217 -0.523941 -0.043235 -1.711344 -0.063453 -0.092729 -0.052338 -4.057293 -0.052018 -0.101240 -0.063038 -9999.0 -9999.0 -9999.0 -9999.0 -9999.0 -9999.0 -9999.0 -9999.0 -9999.0 -9999.0 -9999.0 -9999.0 -9999.0 -9999.0 -9999.0 -9999.0 -9999.0 -9999.0 -9999.0 -9999.0 -9999.0 -9999.0 -9999.0 -9999.0 -9999.0 -9999.0 -9999.0 -9999.0 -9999.0
-9999.0 -9999.0 -9999.0 -9999.0 -9999.0 -9999.0 -9999.0 -9999.0 -9999.0 -9999.0 -9999.0 2.014357 4.741428 2.616282 5.158929 6.320479 5.473162 4.483523 10.173025 7.688051 2.920862 2.465935 -0.003591 -0.037316 -0.138382 -0.052588 -0.065364 -0.061023 -0.083389 -0.068918 -0.050950 -0.057056 -0.010202 -0.053402 -0.053539 -0.006131 -0.069170 -0.050576 -0.065086 -9999.0 -9999.0 -9999.0 -0.056124 -9999.0 -9999.0 -9999.0 -9999.0 -9999.0 -9999.0 -9999.0 -9999.0 -9999.0 -9999.0 -9999.0 -9999.0 -9999.0 -9999.0 -9999.0 -9999.0 -9999.0 -9999.0 -9999.0 -9999.0
-9999.0 -9999.0 -9999.0 -9999.0 -9999.0 -9999.0 -9999.0 -9999.0 -9999.0 -9999.0 -9999.0 0.647017 4.637870 6.372994 6.067667 5.322901 7.458948 5.043039 10.666879 7.763756 7.312933 4.112440 -0.029066 -1.619268 -1.476013 -0.052061 -0.052695 -0.056772 -0.003250 -0.054477 -0.061615 -0.052993 -0.073744 -0.138576 -0.090743 -0.063179 -0.026210 -0.002859 -0.013406 -0.051486 -0.035336 -0.054429 -0.068950 -0.030147 -9999.0 -9999.0 -9999.0 -0.211950 -0.201918 -0.090007 -0.186728 -0.243561 -0.222684 -0.492752 -0.624962 -0.259324 -9999.0 -9999.0 -9999.0 -9999.0 -9999.0 -9999.0 -9999.0
-9999.0 -9999.0 -9999.0 -9999.0 -9999.0 -9999.0 -9999.0 -9999.0 -9999.0 -9999.0 -9999.0 -0.002278 2.027174 -0.004999 5.946160 6.147639 2.270441 4.021052 9.477939 7.796217 2.299442 -0.002256 -0.259355 -0.041618 -0.049102 -0.003445 -1.557574 -2.193304 -0.005125 -0.084753 -0.009520 -2.656318 -0.053677 -0.094663 -0.035263 -0.060857 -1.842785 -1.443303 1.845238 -0.007953 -0.056708 -0.070346 -0.066602 -0.060240 -0.124014 -9999.0 -0.083365 -0.149387 -0.081188 -0.060184 -0.046152 -0.002218 -0.057977 -0.067524 -0.142356 -0.112469 -9999.0 -9999.0 -9999.0 -9999.0 -9999.0 -9999.0 -9999.0
-9999.0 -9999.0 -9999.0 -9999.0 -9999.0 -9999.0 -9999.0 -9999.0 -9999.0 -9999.0 -9999.0 -9999.0 -0.002065 -0.001770 4.723466 5.126526 0.796868 3.062411 9.952975 7.594790 2.318676 0.625230 -0.245515 -0.556014 -1.545847 -0.550518 -0.030327 -0.018455 -0.071965 -0.022547 -0.055775 -2.448127 -0.017909 -0.109166 -0.112506 -0.067752 -1.177670 -1.293293 4.020736 -0.002946 -0.003528 2.071146 -0.505999 -0.038149 -0.011406 -0.122213 -0.080936 -0.104753 -1.894814 -0.433843 -0.000716 -2.336062 -2.405176 -2.965103 -3.535493 -0.116724 -0.103381 -9999.0 -9999.0 -9999.0 -9999.0 -9999.0 -9999.0
-9999.0 -9999.0 -9999.0 -9999.0 -9999.0 -9999.0 -9999.0 -9999.0 -9999.0 -9999.0 -9999.0 -0.388340 -0.025821 3.917403 -0.076605 -0.001388 1.655682 2.347845 9.500278 4.265871 2.625996 0.633329 -0.001987 -0.390835 -0.379515 -1.207101 -0.478440 -0.059789 -0.064102 -0.002608 -1.484782 -1.642792 -0.037304 -0.084222 -0.095472 -0.089447 -0.048188 -0.326436 0.088892 3.315714 -0.115134 -0.002643 -0.238982 -0.090791 -0.004060 -0.060053 -0.076109 -0.002440 2.064352 -0.008161 -1.820153 -0.060313 -3.987202 -3.739811 -4.328466 -4.694696 -0.058261 -9999.0 -9999.0 -9999.0 -9999.0 -9999.0 -9999.0
-9999.0 -9999.0 -9999.0 -9999.0 -9999.0 -9999.0 -9999.0 -9999.0 -9999.0 -9999.0 -0.033883 -0.233506 -0.025415 -0.007721 2.398533 -0.003754 -0.007397 -0.002741 3.464539 3.908543 5.417056 4.042019 -0.421154 -0.003099 -0.001997 -0.903094 -1.583773 -2.760296 -0.010635 -0.011183 -1.098330 -1.193454 -0.035741 -0.074484 -0.062573 -0.008867 -0.014480 -0.423176 -0.241921 0.663201 0.772448 1.944476 6.766183 0.822686 -0.002657 -0.002399 -0.042588 -0.430628 -0.591166 -0.001198 -3.998282 -0.102011 -4.656884 -5.190510 -5.454375 -0.065822 -0.080611 -9999.0 -9999.0 -9999.0 -9999.0 -9999.0 -9999.0
-9999.0 -9999.0 -9999.0 -9999.0 -9999.0 -9999.0 -9999.0 -9999.0 -9999.0 -0.049500 -0.040926 -0.112664 -0.093298 -0.118717 -0.388084 -0.135911 -0.002782 4.578843 3.398793 3.983776 5.885816 0.794379 0.164219 0.963655 -0.000672 -1.070488 -1.421302 -0.006259 -0.139555 -0.003180 -0.000983 -1.268739 -0.006337 -0.131590 -0.031643 -0.009352 -0.044315 -0.859495 -0.805709 -0.405281 -0.580956 -0.379690 -0.385621 1.544762 0.864906 -0.007835 2.591161 -0.169492 -0.161271 0.097626 -1.602112 -0.065992 -5.458021 -0.878445 -0.434580 -3.356948 -3.420427 -0.036680 -0.195798 -9999.0 -9999.0 -9999.0 -9999.0
-9999.0 -9999.0 -9999.0 -9999.0 -9999.0 -9999.0 -9999.0 -9999.0 -9999.0 -0.046362 -0.045428 -0.004954 2.772683 -0.001357 -0.004882 -0.128460 0.994981 1.035710 3.975067 7.253634 6.720834 6.801256 4.348983 2.769225 -0.685062 -0.567308 -0.256873 -0.001447 0.923993 2.790745 -0.002428 -1.645728 -0.057589 -0.081978 -0.093058 -0.009918 -0.004279 1.592122 -0.047619 -0.035013 -0.865133 -0.759563 -0.081622 1.169985 2.405794 2.472245 2.162276 0.860778 -0.002421 0.397159 -2.528774 -3.849844 -1.139163 -1.325438 -1.130696 -4.458261 -2.749983 -2.730793 -0.004576 -9999.0 -9999.0 -9999.0 -9999.0
-9999.0 -9999.0 -9999.0 -9999.0 -9999.0 -9999.0 -9999.0 -9999.0 -9999.0 -9999.0 -0.056070 -0.037639 -0.069117 -0.002974 -0.002302 -0.002758 -0.001255 2.093353 4.768472 5.180635 6.712590 2.599502 -0.001968 -0.288628 -0.365492 -0.002121 0.430512 1.435414 -0.002289 -1.208226 -1.547075 -2.032902 -2.144029 -0.079041 -0.069203 -0.038342 -0.030795 -0.035212 -0.004233 -0.061507 -0.055747 -0.032076 -0.001411 -0.005361 -0.002282 -0.002097 1.478952 4.654888 3.093294 0.380529 -1.490106 -3.273750 -0.584338 -1.254506 -1.386350 -0.416014 -0.086397 -0.901348 -0.642041 -0.002007 -9999.0 -9999.0 -9999.0
-9999.0 -9999.0 -9999.0 -9999.0 -9999.0 -9999.0 -9999.0 -9999.0 -9999.0 -9999.0 -0.089919 -0.045495 -0.031326 -0.003383 3.578852 -0.003753 -0.003073 2.484792 5.167542 6.100610 3.307740 1.401519 -0.002511 -0.048137 -0.002070 1.002198 2.095653 -0.002187 -0.898758 -1.873922 -0.051562 -0.053987 -3.570636 -0.080277 -0.052689 -0.037277 -0.821623 -0.356624 -1.672160 -0.065339 -0.063877 1.398116 -0.385141 -0.014476 -0.015067 -0.294581 -0.001019 -0.002285 2.770527 2.593106 -0.002516 -1.515477 -2.599346 -0.254595 -1.860231 -1.236721 -0.152476 -0.264629 0.937571 2.285918 -9999.0 -9999.0 -9999.0
-9999.0 -9999.0 -9999.0 -9999.0 -9999.0 -9999.0 -9999.0 -9999.0 -0.052806 -0.057100 -0.069718 -0.058357 -1.938760 -0.281318 -0.047922 1.487045 2.814967 7.648181 6.179102 6.570741 5.044446 3.959687 3.034802 1.241317 0.740960 1.813929 3.840038 -0.449933 -1.477113 -1.784331 -4.106962 -0.056762 -0.057084 -0.073991 -0.077145 -0.043928 2.410963 -0.178680 -2.138768 -0.008263 -0.002335 -0.037073 -1.762277 -0.005390 2.622565 -0.027557 -1.963648 -0.120111 -0.002294 2.622234 0.643717 -2.095045 -3.520169 -4.303020 -0.972925 -0.097212 -0.016529 -0.019222 1.009727 4.061037 -9999.0 -9999.0 -9999.0
-9999.0 -9999.0 -9999.0 -9999.0 -9999.0 -9999.0 -9999.0 -9999.0 -2.264822 -2.188480 -1.447360 -0.065510 -0.044358 -1.379810 -0.551164 -0.002120 1.816448 2.408096 5.442695 7.094725 10.765342 9.565615 9.167739 8.495284 3.281072 3.198344 0.748085 -0.202558 -3.000179 -0.064814 -0.088440 -0.004958 -0.057772 -0.003704 -0.050439 -0.034183 4.026123 -0.007466 -0.159863 -0.036607 -0.054090 -2.923615 -0.003195 -0.033796 -0.034117 -0.548302 -2.224716 -0.039064 -0.102002 1.390737 2.185237 -0.014657 -3.985944 -0.121901 -0.049843 -1.641186 -0.269729 -0.002542 2.921497 5.459408 6.933518 -9999.0 -9999.0
-9999.0 -9999.0 -9999.0 -9999.0 -9999.0 -9999.0 -9999.0 -9999.0 -0.053056 -0.041942 -0.067017 -2.118573 -0.065181 -1.598118 -0.189406 -0.442120 0.134230 3.348716 5.364330 10.510658 7.554288 9.936023 10.076530 6.152031 7.497531 3.132079 0.261519 -0.850803 -3.171453 -0.054076 -0.002933 -0.038592 -1.582250 -1.559238 -0.030561 2.417351 -0.006938 1.528604 -0.045253 -0.404351 -0.041890 -0.002243 -0.042438 -0.046519 -1.541678 -0.045033 -0.009331 -0.052006 -1.429525 -0.001797 2.459646 0.494209 -2.601897 -3.802190 -0.852471 -0.163406 1.406830 2.776753 5.380440 5.744434 6.279652 -9999.0 -9999.0
-9999.0 -9999.0 -9999.0 -9999.0 -9999.0 -9999.0 -9999.0 -9999.0 -0.081130 -0.039725 -0.908926 -3.697015 -0.045078 -0.797788 -0.556205 0.126156 3.908107 5.158359 7.268731 5.613626 6.965127 7.333638 9.502108 8.811166 3.526818 0.925332 -0.002162 -1.590769 -0.030086 -0.530777 -0.262725 -0.345292 -0.003835 -0.106850 -0.060804 2.328977 5.029526 3.982234 0.577586 -0.003794 -0.005637 -0.005990 -0.009022 2.575437 -0.045126 -0.002372 -0.009084 1.431006 -0.043868 -0.256168 -0.001861 2.133222 0.678915 -0.169133 0.983696 1.939733 3.586661 4.600310 5.584816 6.001554 4.995363 2.548534 -9999.0
-9999.0 -9999.0 -9999.0 -9999.0 -9999.0 -9999.0 -9999.0 -9999.0 -0.364222 -0.059263 -1.518401 -1.201075 -0.445512 -0.195963 2.934718 2.557095 5.095511 2.329698 0.677540 2.794307 4.672243 6.702862 6.953706 6.665708 6.779756 -0.003721 -0.711142 -0.002072 -0.001253 -0.011989 -0.322598 0.000174 2.429896 1.514251 0.587390 1.589772 3.492258 5.981397 5.388152 2.386944 0.899593 0.570042 -0.002713 -0.002614 -0.197554 -0.002858 -0.079301 -0.328717 -0.070421 0.146934 1.794529 1.604530 1.857003 2.103015 2.704980 3.059827 3.732458 4.568501 5.231578 5.314171 4.101421 1.939585 -9999.0
-9999.0 -9999.0 -0.041432 -0.045728 -2.702209 -1.558068 -2.330924 -2.264453 -0.080693 -0.069591 -1.507086 -0.003457 -0.112646 -0.002302 4.154982 1.872719 -0.002124 -0.847962 -0.101153 -0.002338 2.665036 5.360652 5.747152 6.080526 4.738358 1.947656 -0.003670 -0.003198 2.332958 3.980960 -0.002208 0.583276 6.023241 3.304576 4.459201 4.540072 7.451015 8.261866 7.174018 4.495827 5.129597 4.848902 4.126801 2.759711 -0.002052 0.266179 1.861484 1.346107 2.687845 3.670419 4.881062 4.125235 3.428290 2.954523 2.864490 6.797851 3.515158 3.947435 3.655794 3.427095 4.856496 1.164394 -9999.0
-9999.0 -0.322753 -0.382350 -1.124508 -0.644417 -0.897107 -0.845431 -1.511164 -2.466434 -0.072949 -1.540576 -0.503182 -0.000231 3.236439 3.210682 -0.305253 -0.528710 -1.568585 -0.498687 -0.002306 2.385887 4.184326 6.637569 4.744796 8.237284 4.568172 6.274047 6.418174 5.208012 3.346750 3.689428 3.882269 5.481610 8.904337 8.113974 9.202685 10.973112 11.168983 10.996351 9.180397 8.649872 8.514111 7.726466 4.740016 3.439306 3.837891 4.711437 5.871494 6.935387 5.967659 4.956981 4.062061 3.296174 2.526682 2.457143 1.969184 0.743132 1.095193 1.756813 3.552545 0.431874 0.960021 -9999.0
-9999.0 -0.003529 -0.083128 -0.105500 -0.000596 -0.228215 -2.132673 -2.021914 -0.077899 -0.080091 -1.368676 -0.875559 -0.001938 3.316787 -0.086006 -3.147895 -1.384059 -1.522612 -0.578446 -0.005748 3.930970 1.848638 2.913786 3.105463 7.609651 8.956734 5.405137 6.487903 6.223514 6.358379 6.510984 6.281016 7.206502 8.131608 11.776440 11.202400 16.676014 17.751154 13.980957 12.916398 12.165728 11.089524 10.211339 8.014745 7.899089 7.770341 7.994606 7.624152 6.953620 6.039033 4.094954 1.895109 0.864866 1.398332 0.641644 -0.001899 -0.237580 -0.001938 -0.001891 -0.001995 -0.001667 -9999.0 -9999.0
