erum2020/resources/simulation/Vinschgau/output-maps/TsL0004N0213.asc
ncols         63
nrows         48
xllcorner     598000.000000
yllcorner     5145000.000000
cellsize      1000.000000
NODATA_value  -9999.0
[rows 0 to 27 of 48, columns 0 to 61 of 63]
-9999.0 -9999.0 -9999.0 -9999.0 -9999.0 -9999.0 -9999.0 -9999.0 -9999.0 -9999.0 -9999.0 -9999.0 -9999.0 -9999.0 -9999.0 -9999.0 -9999.0 -9999.0 -9999.0 -9999.0 -9999.0 -9999.0 -9999.0 -9999.0 -9999.0 -9999.0 -9999.0 -9999.0 -9999.0 -9999.0 -9999.0 -9999.0 -9999.0 -9999.0 -9999.0 -9999.0 -9999.0 -9999.0 -9999.0 -9999.0 -9999.0 -9999.0 -9999.0 -9999.0 -9999.0 -9999.0 -9999.0 -9999.0 -9999.0 -9999.0 -9999.0 -9999.0 -9999.0 -9999.0 -9999.0 -9999.0 -9999.0 -9999.0 -9999.0 -9999.0 -9999.0 -9999.0
-9999.0 -9999.0 -9999.0 -9999.0 -9999.0 -9999.0 -9999.0 -9999.0 -9999.0 -9999.0 -9999.0 -9999.0 -9999.0 -9999.0 -9999.0 -9999.0 -9999.0 -9999.0 -9999.0 -9999.0 -9999.0 -9999.0 -9999.0 -9999.0 -9999.0 -9999.0 -9999.0 -6.260806 -7.086774 -7.537985 -6.732291 -7.604163 -7.762227 -9999.0 -9999.0 -9999.0 -9999.0 -9999.0 -9999.0 -9999.0 -9999.0 -9999.0 -9999.0 -9999.0 -9999.0 -9999.0 -9999.0 -9999.0 -9999.0 -9999.0 -9999.0 -9999.0 -9999.0 -9999.0 -9999.0 -9999.0 -9999.0 -9999.0 -9999.0 -9999.0 -9999.0 -9999.0
-9999.0 -9999.0 -9999.0 -9999.0 -9999.0 -9999.0 -9999.0 -9999.0 -9999.0 -9999.0 -9999.0 -9999.0 -9999.0 -9999.0 -9999.0 -9999.0 -9999.0 -9999.0 -9999.0 -9999.0 -9999.0 -9999.0 -9999.0 -9999.0 -3.994651 -6.343930 -7.414197 -7.590587 -7.329953 -7.486219 -6.732932 -9999.0 -9999.0 -9999.0 -9999.0 -9999.0 -9999.0 -9999.0 -9999.0 -9999.0 -9999.0 -9999.0 -9999.0 -9999.0 -9999.0 -9999.0 -9999.0 -9999.0 -9999.0 -9999.0 -9999.0 -9999.0 -9999.0 -9999.0 -9999.0 -9999.0 -9999.0 -9999.0 -9999.0 -9999.0 -9999.0 -9999.0
-9999.0 -9999.0 -9999.0 -9999.0 -9999.0 -9999.0 -9999.0 -9999.0 -9999.0 -9999.0 -9999.0 -9999.0 -9999.0 -9999.0 -9999.0 -9999.0 -9999.0 -9999.0 -9999.0 -9999.0 -9999.0 -9999.0 -9999.0 -5.306880 -5.781209 -1.779094 -3.855510 -4.054359 -6.549280 -8.243903 -7.940408 -6.024174 -9999.0 -9999.0 -9999.0 -9999.0 -9999.0 -9999.0 -9999.0 -9999.0 -9999.0 -9999.0 -9999.0 -9999.0 -9999.0 -9999.0 -9999.0 -9999.0 -9999.0 -9999.0 -9999.0 -9999.0 -9999.0 -9999.0 -9999.0 -9999.0 -9999.0 -9999.0 -9999.0 -9999.0 -9999.0 -9999.0
-9999.0 -9999.0 -9999.0 -9999.0 -9999.0 -9999.0 -9999.0 -9999.0 -9999.0 -9999.0 -9999.0 -9999.0 -9999.0 -9999.0 -9999.0 -9999.0 -9999.0 -9999.0 -1.590141 -3.444265 -9999.0 -4.304406 -5.090173 -3.498903 -3.976555 -9.166189 -4.461153 -4.324635 -6.275772 -6.210020 -8.146876 -7.502612 -8.618249 -9.178520 -9999.0 -9999.0 -9999.0 -9999.0 -9999.0 -9999.0 -9999.0 -9999.0 -9999.0 -9999.0 -9999.0 -9999.0 -9999.0 -9999.0 -9999.0 -9999.0 -9999.0 -9999.0 -9999.0 -9999.0 -9999.0 -9999.0 -9999.0 -9999.0 -9999.0 -9999.0 -9999.0 -9999.0
-9999.0 -9999.0 -9999.0 -9999.0 -9999.0 -9999.0 -9999.0 -9999.0 -9999.0 -9999.0 -9999.0 -9999.0 -9999.0 -9999.0 -9999.0 -9999.0 -9999.0 -1.541773 -8.166548 -7.184831 -6.275711 -3.480128 -3.964291 -7.409070 -5.369378 -6.582380 -5.658365 -4.105047 -6.006733 -4.616113 -6.680939 -8.198359 -8.745741 -9.039918 -7.962477 -8.624251 -9999.0 -9999.0 -9999.0 -9999.0 -9999.0 -9999.0 -9999.0 -9999.0 -9999.0 -9999.0 -9999.0 -9999.0 -9999.0 -9999.0 -9999.0 -9999.0 -9999.0 -9999.0 -9999.0 -9999.0 -9999.0 -9999.0 -9999.0 -9999.0 -9999.0 -9999.0
-9999.0 -9999.0 -9999.0 -9999.0 -9999.0 -9999.0 -9999.0 -9999.0 -9999.0 -9999.0 -9999.0 -9999.0 -9999.0 -4.654725 -2.944940 -5.801365 -6.164535 -7.505374 -2.406825 -5.659289 -5.024699 -4.166113 -8.552951 -6.436119 -7.142789 -5.819886 -6.540857 -5.695985 -6.401678 -4.658338 -5.368408 -6.661184 -7.170667 -9.057120 -9.187291 -9.445957 -9999.0 -9999.0 -9999.0 -9999.0 -9999.0 -9999.0 -9999.0 -9999.0 -9999.0 -9999.0 -9999.0 -9999.0 -9999.0 -9999.0 -9999.0 -9999.0 -9999.0 -9999.0 -9999.0 -9999.0 -9999.0 -9999.0 -9999.0 -9999.0 -9999.0 -9999.0
-9999.0 -9999.0 -9999.0 -9999.0 -9999.0 -9999.0 -9999.0 -9999.0 -9999.0 -9999.0 -9999.0 -9999.0 -9999.0 -2.648489 -1.376985 -2.841166 -3.049724 -3.239942 -7.636877 -7.798057 -7.613410 -7.210279 -4.547404 -5.786997 -4.810119 -5.717246 -6.968389 -7.709790 -8.016041 -6.651826 -5.401620 -8.766601 -8.974370 -9.650414 -9.746410 -9999.0 -9999.0 -9999.0 -9999.0 -9999.0 -9999.0 -9999.0 -9999.0 -9999.0 -9999.0 -9999.0 -9999.0 -9999.0 -9999.0 -9999.0 -9999.0 -9999.0 -9999.0 -9999.0 -9999.0 -9999.0 -9999.0 -9999.0 -9999.0 -9999.0 -9999.0 -9999.0
-9999.0 -9999.0 -9999.0 -9999.0 -9999.0 -9999.0 -9999.0 -9999.0 -9999.0 -9999.0 -9999.0 -9999.0 -9999.0 -2.720504 -3.656234 -0.803171 -2.788940 -5.092603 -7.794515 -5.209148 -2.644694 -6.741508 -5.236787 -4.459478 -3.173265 -2.251433 -6.697712 -7.786949 -6.999466 -8.533393 -8.368434 -9.630409 -9.466439 -10.063539 -9.846501 -9999.0 -9999.0 -9999.0 -9999.0 -9999.0 -9999.0 -9999.0 -9999.0 -9999.0 -9999.0 -9999.0 -9999.0 -9999.0 -9999.0 -9999.0 -9999.0 -9999.0 -9999.0 -9999.0 -9999.0 -9999.0 -9999.0 -9999.0 -9999.0 -9999.0 -9999.0 -9999.0
-9999.0 -9999.0 -9999.0 -9999.0 -9999.0 -9999.0 -9999.0 -9999.0 -9999.0 -9999.0 -9999.0 -9999.0 -2.832830 -2.529243 -0.911216 -5.876028 -1.314587 -3.788055 -4.991892 -7.589929 -3.999240 -5.008878 -5.029831 -3.987902 -2.568486 -7.329036 -4.120873 -5.618909 -7.223097 -8.034154 -8.491508 -8.241990 -8.803386 -9.458037 -9999.0 -9999.0 -9999.0 -9999.0 -9999.0 -9999.0 -9999.0 -9999.0 -9999.0 -9999.0 -9999.0 -9999.0 -9999.0 -9999.0 -9999.0 -9999.0 -9999.0 -9999.0 -9999.0 -9999.0 -9999.0 -9999.0 -9999.0 -9999.0 -9999.0 -9999.0 -9999.0 -9999.0
-9999.0 -9999.0 -9999.0 -9999.0 -9999.0 -9999.0 -9999.0 -9999.0 -9999.0 -9999.0 -9999.0 -2.690782 -4.279344 -1.123820 -5.282958 -4.743386 -6.612904 -3.599182 -4.848024 -7.405806 -7.314854 -2.658388 -4.949324 -6.265427 -5.288734 -5.510556 -7.735528 -5.751671 -6.404071 -8.523096 -7.224716 -8.485155 -8.607888 -10.126674 -11.198591 -12.311290 -13.969360 -14.840052 -14.044363 -9999.0 -9999.0 -9999.0 -10.979131 -9999.0 -9999.0 -9999.0 -9999.0 -9999.0 -9999.0 -9999.0 -9999.0 -9999.0 -9999.0 -9999.0 -9999.0 -9999.0 -9999.0 -9999.0 -9999.0 -9999.0 -9999.0 -9999.0
-9999.0 -9999.0 -9999.0 -9999.0 -9999.0 -9999.0 -9999.0 -9999.0 -9999.0 -9999.0 -9999.0 -4.406171 -3.540071 -2.726199 -2.409210 -5.591695 -3.119735 -7.419590 -4.781160 -2.824383 -3.488867 -2.562552 -4.188706 -4.945676 -5.002705 -6.103110 -6.340570 -6.477055 -6.063030 -8.043176 -8.239931 -8.883279 -9.715269 -8.978521 -11.806410 -12.890012 -14.243871 -7.115404 -7.900936 -15.748347 -15.226992 -13.565577 -11.621377 -9.750438 -9999.0 -9999.0 -9999.0 -0.747163 -1.919852 -2.975598 -1.702571 -1.783004 -1.537255 -0.267312 -0.109365 -1.217185 -9999.0 -9999.0 -9999.0 -9999.0 -9999.0 -9999.0
-9999.0 -9999.0 -9999.0 -9999.0 -9999.0 -9999.0 -9999.0 -9999.0 -9999.0 -9999.0 -9999.0 -3.870096 -4.094563 -6.501781 -2.362412 -5.693155 -4.205750 -6.054447 -6.701111 -4.773396 -3.342642 -4.632548 -4.524379 -4.657158 -6.336590 -6.794296 -6.418767 -6.171036 -7.268780 -6.585534 -8.043123 -8.428477 -9.140016 -10.081873 -11.919111 -14.106669 -7.206486 -6.618907 -5.993360 -9.486528 -14.576205 -14.323158 -11.425943 -10.188184 -7.580062 -9999.0 -5.858086 -3.061087 -2.466848 -2.409258 -2.738437 -3.542072 -1.687018 -0.141705 -0.305029 -0.104025 -9999.0 -9999.0 -9999.0 -9999.0 -9999.0 -9999.0
-9999.0 -9999.0 -9999.0 -9999.0 -9999.0 -9999.0 -9999.0 -9999.0 -9999.0 -9999.0 -9999.0 -9999.0 -3.452121 -2.349409 -2.190360 -2.360506 -5.560131 -5.775515 -5.104438 -5.005213 -6.765128 -4.189563 -3.957592 -4.942865 -6.101879 -5.704779 -2.927415 -6.808761 -6.416238 -6.515861 -7.311216 -8.301330 -8.803563 -9.539033 -11.237883 -13.263073 -9.348771 -7.565784 -5.535949 -8.172047 -12.806999 -12.397751 -11.129166 -8.400904 -9.234386 -5.970139 -5.392017 -3.167680 -4.243540 -5.483110 -2.880186 -1.820653 -0.640438 -0.461304 -1.497230 -1.339261 -0.814720 -9999.0 -9999.0 -9999.0 -9999.0 -9999.0
-9999.0 -9999.0 -9999.0 -9999.0 -9999.0 -9999.0 -9999.0 -9999.0 -9999.0 -9999.0 -9999.0 -2.419190 -4.290905 -4.839165 -3.111407 -2.853419 -3.376840 -5.766368 -4.244545 -1.939035 -7.551363 -3.499516 -2.543571 -6.002405 -5.240618 -3.276619 -2.621439 -6.800102 -6.582152 -7.071259 -7.422407 -7.935062 -8.106269 -9.091016 -11.397175 -12.879883 -15.485634 -8.607087 -6.523099 -5.306918 -10.263690 -5.567217 -8.272233 -9.358739 -7.540804 -5.923843 -4.752551 -5.946226 -4.429711 -7.263370 -4.740359 -4.227725 -2.875502 -5.013536 -4.012137 -4.616929 -1.123149 -9999.0 -9999.0 -9999.0 -9999.0 -9999.0
-9999.0 -9999.0 -9999.0 -9999.0 -9999.0 -9999.0 -9999.0 -9999.0 -9999.0 -9999.0 -2.187755 -2.683041 -2.249968 -4.356359 -2.081374 -3.357794 -5.299607 -4.556673 -4.750531 -4.797474 -4.231341 -1.231108 -5.364496 -2.516672 -4.620519 -2.673780 -5.974093 -7.348522 -6.013190 -4.602420 -7.089307 -6.492648 -7.078671 -8.629089 -10.987556 -11.602931 -13.861647 -8.795054 -6.127346 -4.554486 -3.956328 -10.267093 -10.121488 -3.771370 -8.246726 -8.563843 -4.692866 -6.877585 -6.385047 -6.381387 -4.991305 -4.846162 -4.658190 -4.851465 -4.473969 -0.324237 -0.290294 -9999.0 -9999.0 -9999.0 -9999.0 -9999.0
-9999.0 -9999.0 -9999.0 -9999.0 -9999.0 -9999.0 -9999.0 -9999.0 -9999.0 -4.542135 -1.959672 -2.184450 -2.767958 -3.422926 -1.219832 -4.513908 -4.362045 -2.588302 -7.855367 -2.016662 -5.076898 -7.479177 -7.278497 -7.649855 -2.901923 -6.313447 -7.479431 -3.295719 -6.933695 -7.144484 -8.749288 -7.329733 -8.707820 -9.461598 -9.492050 -10.241758 -10.403417 -11.606128 -11.364744 -11.278313 -5.254290 -9.067816 -8.896219 -3.496374 -7.847188 -8.392769 -5.420199 -6.717995 -5.861429 -4.376346 -5.482802 -2.236366 -5.244814 -3.669175 -1.864566 -1.368694 -0.331767 -1.359182 -1.179196 -9999.0 -9999.0 -9999.0
-9999.0 -9999.0 -9999.0 -9999.0 -9999.0 -9999.0 -9999.0 -9999.0 -9999.0 -4.674028 -4.274853 -4.612191 -3.744701 -3.267588 -2.782376 -2.369553 -0.564383 -5.608510 -6.779995 -5.039910 -5.005339 -1.317600 -3.487970 -2.667373 -5.925099 -6.412579 -6.031980 -6.877584 -8.863001 -4.029045 -6.661931 -8.018407 -7.171462 -6.648902 -8.673433 -10.304261 -10.756799 -10.454965 -10.079298 -8.765033 -5.636611 -8.295918 -8.433688 -8.842279 -2.470398 -3.070914 -3.203829 -7.958865 -6.649639 -6.615025 -4.478793 -3.556726 -3.651510 -2.982416 -4.510285 -0.647061 -1.182122 -1.754462 -1.586433 -9999.0 -9999.0 -9999.0
-9999.0 -9999.0 -9999.0 -9999.0 -9999.0 -9999.0 -9999.0 -9999.0 -9999.0 -9999.0 -4.247895 -4.510771 -4.146690 -4.866037 -5.467802 -2.814154 -2.875275 -4.951814 -3.540197 -1.278092 -4.201164 -6.946209 -2.458869 -3.394623 -6.233426 -7.390559 -8.946781 -4.697852 -6.175909 -5.928943 -6.417940 -2.726941 -6.844431 -7.267298 -7.801271 -7.504846 -7.792432 -8.693635 -9.266411 -8.717636 -8.867071 -6.986266 -7.027012 -5.789097 -7.665952 -8.769793 -7.698087 -3.806073 -2.870462 -7.629393 -5.166517 -3.643572 -1.731350 -3.373897 -1.614619 -3.538799 -1.508272 -3.028806 -2.669389 -0.303836 -9999.0 -9999.0
-9999.0 -9999.0 -9999.0 -9999.0 -9999.0 -9999.0 -9999.0 -9999.0 -9999.0 -9999.0 -4.250787 -4.315510 -3.022942 -2.330291 -3.336452 -6.185922 -6.048225 -7.310236 -1.883022 -0.480947 -5.337375 -7.854930 -6.705364 -5.464455 -5.887478 -7.196192 -3.958806 -6.814515 -5.945546 -7.245122 -6.813831 -4.210133 -7.235834 -6.998574 -7.111656 -6.706216 -8.377353 -7.707609 -8.377450 -7.010141 -5.326358 -5.786694 -4.771115 -6.237361 -2.224365 -4.589650 -3.055967 -6.641645 -3.440946 -7.725571 -7.291626 -2.773375 -2.048252 -1.569034 -2.682422 -1.441331 -3.523372 -1.596398 -7.010435 -4.056332 -9999.0 -9999.0
-9999.0 -9999.0 -9999.0 -9999.0 -9999.0 -9999.0 -9999.0 -9999.0 -2.561446 -2.340878 -5.155274 -3.174633 -3.902431 -4.111088 -2.333757 -5.777553 -6.890814 -0.669173 -0.085640 -0.074747 -1.176300 -2.193033 -3.257577 -7.997992 -8.341116 -4.463049 -5.892713 -6.180665 -4.699855 -6.045277 -7.838807 -6.522769 -5.696996 -5.454376 -4.624543 -7.522545 -4.284567 -7.041463 -7.882452 -5.683043 -6.345375 -5.713701 -6.731790 -6.962783 -4.843869 -2.358452 -5.302783 -2.060963 -6.500711 -5.021699 -5.708610 -4.670034 -1.985237 -2.164930 -1.588172 -1.094195 -1.734910 -0.581121 -6.118843 -3.976079 -9999.0 -9999.0
-9999.0 -9999.0 -9999.0 -9999.0 -9999.0 -9999.0 -9999.0 -9999.0 -4.980761 -2.601512 -5.603909 -5.563267 -4.732027 -3.497809 -2.216048 -4.144528 -2.617683 -3.263546 -0.909590 -0.038300 -0.041532 -0.055509 -0.236188 -1.408939 -2.854749 -3.049589 -7.957382 -5.977552 -6.660082 -4.779123 -4.507486 -6.190708 -3.924351 -4.937421 -2.215261 -2.757868 -5.817957 -6.227650 -6.477447 -3.752597 -5.378657 -7.322764 -6.242446 -2.458553 -3.456938 -1.969586 -5.388113 -4.773244 -4.326600 -5.523974 -7.502936 -3.997961 -1.961664 -0.361705 -4.454382 -5.107426 -3.809072 -5.919316 -2.860180 -0.034764 -0.033977 -9999.0
-9999.0 -9999.0 -9999.0 -9999.0 -9999.0 -9999.0 -9999.0 -9999.0 -4.731222 -4.221199 -2.380345 -5.303248 -3.524406 -5.618780 -2.703319 -6.451459 -8.391221 -6.600640 -0.485946 -0.165029 -0.037416 -0.128535 -0.068959 -0.237063 -0.042136 -7.691706 -6.668362 -5.814842 -7.935822 -6.045249 -6.094985 -4.169574 -5.918523 -6.696899 -2.239916 -3.145699 -3.647442 -6.860125 -5.720962 -4.292122 -3.385623 -3.806557 -2.036963 -3.033464 -3.455045 -3.747465 -2.751046 -1.399255 -2.318314 -6.126393 -2.853680 -7.279507 -5.530746 -5.420606 -7.211264 -6.803788 -5.135394 -2.840443 -2.858169 -1.613357 -0.036231 -9999.0
-9999.0 -9999.0 -9999.0 -9999.0 -9999.0 -9999.0 -9999.0 -9999.0 -6.713508 -4.115623 -1.191854 -6.422073 -2.131920 -1.114273 -5.352683 -7.069138 -2.441736 -0.732224 -3.744205 -0.058538 -0.060493 -0.037183 -0.034741 -0.053658 -4.177438 -2.987545 -2.381097 -6.557871 -3.270051 -4.326982 -6.168523 -6.057486 -6.335529 -4.691658 -5.199599 -4.467000 -4.921583 -5.200858 -6.204795 -5.152016 -2.414955 -2.170233 -2.287200 -5.564931 -2.074612 -2.986875 -2.139592 -3.725286 -2.364551 -5.860150 -2.648055 -3.532763 -6.411025 -6.252731 -6.194930 -5.401282 -4.124664 -3.098102 -0.034481 -0.036344 -1.187082 -1.168690
-9999.0 -9999.0 -9999.0 -9999.0 -9999.0 -9999.0 -9999.0 -9999.0 -4.091852 -2.438931 -0.876798 -2.822914 -3.327887 -7.481862 -6.279032 -5.069722 -5.262442 -7.340533 -3.254709 -5.195235 -1.704814 -0.038025 -0.037896 -1.040056 -6.695482 -3.888643 -5.659099 -3.101636 -7.096408 -4.784164 -5.404077 -3.017205 -7.622619 -3.135578 -6.028879 -5.508689 -5.269987 -5.325183 -6.911064 -5.030407 -5.904393 -5.731863 -5.303977 -5.735567 -5.373304 -2.598340 -5.942408 -5.812659 -5.393829 -7.264991 -7.200469 -4.481840 -3.947494 -4.639186 -4.784780 -3.870167 -1.037482 -0.592248 -2.809898 -1.706435 -7.264887 -0.940247
-9999.0 -9999.0 -4.645217 -2.546756 -2.917412 -4.169496 -2.360605 -4.721625 -3.456511 -2.004964 -3.101581 -5.121435 -4.359856 -4.297208 -6.525829 -4.302921 -6.776731 -4.198504 -3.725975 -2.545957 -5.210437 -0.113583 -0.038946 -2.809536 -2.029368 -7.094464 -6.719888 -8.269427 -6.266968 -5.040188 -4.147555 -3.650493 -5.477835 -7.345514 -6.986903 -7.943191 -7.558312 -6.628116 -6.617929 -5.530107 -6.227190 -7.516281 -7.430287 -5.996345 -5.327717 -5.121327 -7.686731 -7.285602 -3.930575 -4.629148 -3.970691 -3.375359 -1.003059 -1.570182 -2.105429 -3.985742 -4.090488 -2.756144 -8.065819 -7.439136 -0.490962 -0.472666
-9999.0 -2.853249 -3.034881 -2.320570 -3.103456 -2.498350 -2.913234 -3.149385 -3.325199 -3.713676 -2.829091 -2.210910 -2.169375 -2.025701 -1.620254 -2.323132 -3.543829 -3.150295 -2.543319 -4.131650 -7.078367 -2.662707 -4.006105 -0.203400 -3.177720 -2.841802 -0.222829 -0.211879 -4.504804 -5.586140 -3.930787 -8.072690 -7.106346 -3.949189 -5.317905 -3.388370 -4.611564 -3.292592 -4.097221 -3.118066 -4.347104 -5.068545 -5.151033 -7.447685 -7.515071 -4.323666 -1.617922 -1.985002 -3.113008 -3.057747 -1.104219 -1.551191 -2.761321 -3.930794 -4.774155 -8.050714 -1.564385 -1.464440 -1.252833 -0.456432 -0.374179 -0.194574
-9999.0 -2.405748 -3.064644 -3.115723 -0.761446 -3.020502 -4.706719 -5.110049 -3.983003 -5.128796 -3.829069 -2.958321 -3.921863 -1.474008 -5.692475 -3.740964 -3.599854 -4.722529 -3.077490 -5.250451 -1.450813 -4.287671 -3.667310 -4.404561 -1.718291 -0.030625 -0.060537 -0.038467 -0.055389 -0.056138 -0.059756 -1.626693 -4.318295 -3.638684 -3.024017 -3.187725 -0.040957 0.027763 -1.814438 -1.092522 -2.357635 -2.597407 -3.455514 -1.101940 -0.061291 -0.046497 -0.017411 -0.027229 -0.121217 -0.729911 -2.973123 -8.685290 -1.612250 -8.236560 -5.581471 -1.264049 -2.332287 -0.849960 -1.753410 -0.251427 -0.121270 -9999.0
