erum2020/resources/simulation/Vinschgau/output-maps/TsL0001N0251.asc
ncols         63
nrows         48
xllcorner     598000.000000
yllcorner     5145000.000000
cellsize      1000.000000
NODATA_value  -9999.0
[rows 0 to 27 of 48, columns 0 to 61 of 63]
-9999.0 -9999.0 -9999.0 -9999.0 -9999.0 -9999.0 -9999.0 -9999.0 -9999.0 -9999.0 -9999.0 -9999.0 -9999.0 -9999.0 -9999.0 -9999.0 -9999.0 -9999.0 -9999.0 -9999.0 -9999.0 -9999.0 -9999.0 -9999.0 -9999.0 -9999.0 -9999.0 -9999.0 -9999.0 -9999.0 -9999.0 -9999.0 -9999.0 -9999.0 -9999.0 -9999.0 -9999.0 -9999.0 -9999.0 -9999.0 -9999.0 -9999.0 -9999.0 -9999.0 -9999.0 -9999.0 -9999.0 -9999.0 -9999.0 -9999.0 -9999.0 -9999.0 -9999.0 -9999.0 -9999.0 -9999.0 -9999.0 -9999.0 -9999.0 -9999.0 -9999.0 -9999.0
-9999.0 -9999.0 -9999.0 -9999.0 -9999.0 -9999.0 -9999.0 -9999.0 -9999.0 -9999.0 -9999.0 -9999.0 -9999.0 -9999.0 -9999.0 -9999.0 -9999.0 -9999.0 -9999.0 -9999.0 -9999.0 -9999.0 -9999.0 -9999.0 -9999.0 -9999.0 -9999.0 -6.344207 -6.271135 -6.085690 -7.269311 -8.232795 -8.196658 -9999.0 -9999.0 -9999.0 -9999.0 -9999.0 -9999.0 -9999.0 -9999.0 -9999.0 -9999.0 -9999.0 -9999.0 -9999.0 -9999.0 -9999.0 -9999.0 -9999.0 -9999.0 -9999.0 -9999.0 -9999.0 -9999.0 -9999.0 -9999.0 -9999.0 -9999.0 -9999.0 -9999.0 -9999.0
-9999.0 -9999.0 -9999.0 -9999.0 -9999.0 -9999.0 -9999.0 -9999.0 -9999.0 -9999.0 -9999.0 -9999.0 -9999.0 -9999.0 -9999.0 -9999.0 -9999.0 -9999.0 -9999.0 -9999.0 -9999.0 -9999.0 -9999.0 -9999.0 -4.433742 -4.602539 -4.209296 -5.031390 -4.195330 -5.699351 -7.413191 -9999.0 -9999.0 -9999.0 -9999.0 -9999.0 -9999.0 -9999.0 -9999.0 -9999.0 -9999.0 -9999.0 -9999.0 -9999.0 -9999.0 -9999.0 -9999.0 -9999.0 -9999.0 -9999.0 -9999.0 -9999.0 -9999.0 -9999.0 -9999.0 -9999.0 -9999.0 -9999.0 -9999.0 -9999.0 -9999.0 -9999.0
-9999.0 -9999.0 -9999.0 -9999.0 -9999.0 -9999.0 -9999.0 -9999.0 -9999.0 -9999.0 -9999.0 -9999.0 -9999.0 -9999.0 -9999.0 -9999.0 -9999.0 -9999.0 -9999.0 -9999.0 -9999.0 -9999.0 -9999.0 -4.480990 -2.408363 -3.055597 -5.222264 -5.332465 -4.854508 -5.607382 -6.618476 -6.787767 -9999.0 -9999.0 -9999.0 -9999.0 -9999.0 -9999.0 -9999.0 -9999.0 -9999.0 -9999.0 -9999.0 -9999.0 -9999.0 -9999.0 -9999.0 -9999.0 -9999.0 -9999.0 -9999.0 -9999.0 -9999.0 -9999.0 -9999.0 -9999.0 -9999.0 -9999.0 -9999.0 -9999.0 -9999.0 -9999.0
-9999.0 -9999.0 -9999.0 -9999.0 -9999.0 -9999.0 -9999.0 -9999.0 -9999.0 -9999.0 -9999.0 -9999.0 -9999.0 -9999.0 -9999.0 -9999.0 -9999.0 -9999.0 -2.273029 -1.667500 -9999.0 -4.253497 -3.208423 -2.784997 -6.207974 -1.758262 -4.685059 -4.739775 -0.654380 -4.351077 -5.022057 -6.840017 -6.948204 -8.140496 -9999.0 -9999.0 -9999.0 -9999.0 -9999.0 -9999.0 -9999.0 -9999.0 -9999.0 -9999.0 -9999.0 -9999.0 -9999.0 -9999.0 -9999.0 -9999.0 -9999.0 -9999.0 -9999.0 -9999.0 -9999.0 -9999.0 -9999.0 -9999.0 -9999.0 -9999.0 -9999.0 -9999.0
-9999.0 -9999.0 -9999.0 -9999.0 -9999.0 -9999.0 -9999.0 -9999.0 -9999.0 -9999.0 -9999.0 -9999.0 -9999.0 -9999.0 -9999.0 -9999.0 -9999.0 -4.872811 -6.241805 -3.911849 -3.106265 -1.209162 -2.938066 -5.398182 -0.545175 -5.792519 -6.093860 -5.054692 -6.114570 -5.123875 -4.152104 -5.507857 -4.564625 -6.581732 -8.008773 -9.182923 -9999.0 -9999.0 -9999.0 -9999.0 -9999.0 -9999.0 -9999.0 -9999.0 -9999.0 -9999.0 -9999.0 -9999.0 -9999.0 -9999.0 -9999.0 -9999.0 -9999.0 -9999.0 -9999.0 -9999.0 -9999.0 -9999.0 -9999.0 -9999.0 -9999.0 -9999.0
-9999.0 -9999.0 -9999.0 -9999.0 -9999.0 -9999.0 -9999.0 -9999.0 -9999.0 -9999.0 -9999.0 -9999.0 -9999.0 -4.544425 -0.874469 -5.746298 -4.844507 -5.357447 -5.419220 -4.858315 -6.521517 -6.384394 -5.880861 -6.011875 -5.153847 -6.303926 -7.163788 -6.348348 -7.017199 -5.363374 -5.771554 -6.988925 -7.554790 -9.211292 -9.346797 -9.950621 -9999.0 -9999.0 -9999.0 -9999.0 -9999.0 -9999.0 -9999.0 -9999.0 -9999.0 -9999.0 -9999.0 -9999.0 -9999.0 -9999.0 -9999.0 -9999.0 -9999.0 -9999.0 -9999.0 -9999.0 -9999.0 -9999.0 -9999.0 -9999.0 -9999.0 -9999.0
-9999.0 -9999.0 -9999.0 -9999.0 -9999.0 -9999.0 -9999.0 -9999.0 -9999.0 -9999.0 -9999.0 -9999.0 -9999.0 -1.775205 -2.950077 -2.813154 -2.241740 -3.748888 -5.342678 -5.852756 -1.736919 -5.501268 -4.331127 -4.573546 -3.952757 -5.371400 -6.281910 -8.080458 -8.549503 -7.330528 -6.260341 -9.108591 -9.319155 -10.103905 -10.100853 -9999.0 -9999.0 -9999.0 -9999.0 -9999.0 -9999.0 -9999.0 -9999.0 -9999.0 -9999.0 -9999.0 -9999.0 -9999.0 -9999.0 -9999.0 -9999.0 -9999.0 -9999.0 -9999.0 -9999.0 -9999.0 -9999.0 -9999.0 -9999.0 -9999.0 -9999.0 -9999.0
-9999.0 -9999.0 -9999.0 -9999.0 -9999.0 -9999.0 -9999.0 -9999.0 -9999.0 -9999.0 -9999.0 -9999.0 -9999.0 -1.414030 -5.778406 -0.618765 -1.659580 -4.237318 -5.885884 -1.151293 -2.393904 -6.584631 -5.175344 -5.107359 -4.104599 -3.038602 -5.679450 -8.423218 -6.034966 -9.087929 -8.848681 -10.421716 -10.095902 -10.870996 -10.384761 -9999.0 -9999.0 -9999.0 -9999.0 -9999.0 -9999.0 -9999.0 -9999.0 -9999.0 -9999.0 -9999.0 -9999.0 -9999.0 -9999.0 -9999.0 -9999.0 -9999.0 -9999.0 -9999.0 -9999.0 -9999.0 -9999.0 -9999.0 -9999.0 -9999.0 -9999.0 -9999.0
-9999.0 -9999.0 -9999.0 -9999.0 -9999.0 -9999.0 -9999.0 -9999.0 -9999.0 -9999.0 -9999.0 -9999.0 -1.729313 -4.618998 -1.245394 -5.638159 -1.425051 -4.453310 -0.395701 -5.449598 -3.913464 -5.877140 -5.545163 -4.993076 -2.460592 -7.782580 -5.292695 -6.206803 -5.330500 -8.612629 -9.259912 -7.459983 -7.825696 -9.891819 -9999.0 -9999.0 -9999.0 -9999.0 -9999.0 -9999.0 -9999.0 -9999.0 -9999.0 -9999.0 -9999.0 -9999.0 -9999.0 -9999.0 -9999.0 -9999.0 -9999.0 -9999.0 -9999.0 -9999.0 -9999.0 -9999.0 -9999.0 -9999.0 -9999.0 -9999.0 -9999.0 -9999.0
-9999.0 -9999.0 -9999.0 -9999.0 -9999.0 -9999.0 -9999.0 -9999.0 -9999.0 -9999.0 -9999.0 -3.624929 -4.189342 -0.425264 -5.447393 -5.355413 -6.404583 -4.342884 -0.398482 -5.389890 -4.854730 -3.177816 -5.106441 -6.712873 -5.175999 -6.063911 -8.442196 -5.536323 -5.851326 -9.238202 -7.262436 -5.556634 -8.016828 -9.584923 -9.487645 -9.573873 -9.775938 -10.894305 -12.051015 -9999.0 -9999.0 -9999.0 -9.748566 -9999.0 -9999.0 -9999.0 -9999.0 -9999.0 -9999.0 -9999.0 -9999.0 -9999.0 -9999.0 -9999.0 -9999.0 -9999.0 -9999.0 -9999.0 -9999.0 -9999.0 -9999.0 -9999.0
-9999.0 -9999.0 -9999.0 -9999.0 -9999.0 -9999.0 -9999.0 -9999.0 -9999.0 -9999.0 -9999.0 -4.920045 -4.263087 -3.008851 -2.968585 -6.221492 -2.460822 -5.401107 -0.395403 -4.592658 -4.416552 -0.455764 -4.397866 -5.212807 -5.532574 -6.578631 -5.436030 -4.397366 -6.274771 -8.597865 -5.878600 -6.350931 -7.100419 -8.635830 -9.722798 -10.900637 -4.280824 -7.691344 -9.488613 -13.720905 -13.374655 -10.215634 -8.723474 -8.617495 -9999.0 -9999.0 -9999.0 -0.621103 -3.396047 -3.815002 -1.132172 -2.464236 -2.487320 -0.182032 -0.148336 -2.194151 -9999.0 -9999.0 -9999.0 -9999.0 -9999.0 -9999.0
-9999.0 -9999.0 -9999.0 -9999.0 -9999.0 -9999.0 -9999.0 -9999.0 -9999.0 -9999.0 -9999.0 -4.010140 -5.010541 -5.453088 -2.060933 -5.189391 -2.336610 -4.925389 -4.978773 -0.295246 -4.342614 -2.750512 -1.541607 -4.112245 -6.935548 -5.376247 -2.506424 -6.088019 -7.688272 -7.137733 -8.307487 -6.228613 -6.091292 -9.117389 -9.075836 -10.289704 -6.083142 -6.088670 -6.324950 -9.519204 -6.656331 -10.061519 -8.405973 -6.654474 -7.410495 -9999.0 -6.860166 -4.330685 -1.769643 -0.061962 -0.201019 -0.203339 -0.029019 -0.013537 -0.016719 -0.040191 -9999.0 -9999.0 -9999.0 -9999.0 -9999.0 -9999.0
-9999.0 -9999.0 -9999.0 -9999.0 -9999.0 -9999.0 -9999.0 -9999.0 -9999.0 -9999.0 -9999.0 -9999.0 -4.368339 -2.218210 -0.851763 -2.030814 -2.555300 -3.987254 -1.297512 -0.281874 -4.766993 -2.419919 -3.496436 -2.082323 -5.366201 -1.723405 -2.074314 -7.151872 -6.854174 -6.345159 -5.945810 -5.654493 -6.534703 -8.146905 -10.404903 -10.099751 -7.490720 -6.194864 -3.623697 -8.509982 -6.885999 -10.433290 -7.990089 -6.387781 -5.683784 -5.641519 -5.374713 -4.317282 -4.121606 -1.362919 -1.562944 -1.599676 -0.018300 -0.534404 -2.822392 -2.740021 -0.925639 -9999.0 -9999.0 -9999.0 -9999.0 -9999.0
-9999.0 -9999.0 -9999.0 -9999.0 -9999.0 -9999.0 -9999.0 -9999.0 -9999.0 -9999.0 -9999.0 -0.543651 -5.213419 -5.202951 -1.165098 -0.898524 -1.159084 -3.734685 -4.906242 -0.389250 -4.623414 -4.805291 -2.792412 -3.204279 -1.612434 -2.519641 -2.682356 -7.465158 -5.483986 -5.369195 -3.646367 -4.068014 -4.633523 -8.494588 -10.936666 -9.817536 -11.827736 -6.637935 -4.239692 -2.638565 -5.328066 -3.085320 -6.120753 -7.409863 -5.976115 -5.688929 -3.566320 -3.106667 -2.841288 -3.151285 -5.658215 -5.506063 -4.272347 -6.192287 -5.294327 -5.911179 -2.016740 -9999.0 -9999.0 -9999.0 -9999.0 -9999.0
-9999.0 -9999.0 -9999.0 -9999.0 -9999.0 -9999.0 -9999.0 -9999.0 -9999.0 -9999.0 -1.157244 -1.143488 -0.141611 -3.902336 -0.240835 -3.475978 -5.129889 -3.962491 -4.896331 -0.288241 -1.929968 -1.138003 -2.961427 -1.712257 -3.561877 -2.166468 -6.210523 -6.197140 -2.413749 -2.843972 -5.099560 -5.818362 -6.923313 -8.636875 -11.151027 -9.655595 -9.458140 -6.517519 -5.040324 -1.191109 -0.241693 -6.202979 -5.809102 -5.951438 -6.100224 -5.057991 -3.276659 -4.084636 -5.777222 -3.462780 -3.631955 -5.983653 -5.904458 -6.168591 -5.668309 -0.293374 -0.185805 -9999.0 -9999.0 -9999.0 -9999.0 -9999.0
-9999.0 -9999.0 -9999.0 -9999.0 -9999.0 -9999.0 -9999.0 -9999.0 -9999.0 -5.318928 -1.193448 -1.127031 -2.777725 -1.038672 -0.038753 -4.606784 -4.882457 -0.615893 -4.488210 -0.049149 -0.412346 -5.301569 -5.347102 -2.966444 -2.066366 -6.023030 -2.717455 -2.788380 -5.393279 -5.787870 -5.833428 -6.673633 -8.966660 -9.976668 -8.849165 -9.278929 -8.982853 -8.337925 -9.043878 -7.725074 -3.680552 -7.423149 -6.678238 -1.229490 -6.184604 -6.855031 -6.692319 -3.515120 -1.377904 -4.644415 -0.767155 -3.528738 -6.585369 -4.955724 -3.107535 -1.586168 -0.059427 -0.023494 -0.571845 -9999.0 -9999.0 -9999.0
-9999.0 -9999.0 -9999.0 -9999.0 -9999.0 -9999.0 -9999.0 -9999.0 -9999.0 -5.287179 -5.106092 -5.025297 -5.519235 -2.805198 -0.191594 -0.593911 -0.038420 -4.589650 -3.621689 -0.006885 -0.008173 -0.028635 -1.769015 -0.683778 -5.756656 -2.823661 -4.632953 -5.926589 -2.783515 -4.050945 -5.499078 -4.332016 -7.433586 -7.070844 -6.620472 -6.286669 -7.166229 -7.142944 -9.318126 -7.810541 -6.340062 -8.129153 -5.656805 -5.014224 -0.616134 -0.018901 -0.022778 -5.608055 -5.687192 -3.763205 -3.482781 -2.747335 -4.890137 -4.384844 -5.712147 -1.061964 -0.642238 -0.014942 -0.005622 -9999.0 -9999.0 -9999.0
-9999.0 -9999.0 -9999.0 -9999.0 -9999.0 -9999.0 -9999.0 -9999.0 -9999.0 -9999.0 -4.957146 -4.775261 -3.995684 -5.519686 -3.800920 -0.137873 -0.159146 -4.534943 -1.245624 -0.004582 -1.682417 -3.103051 -1.583361 -3.483693 -2.508663 -5.778896 -4.768817 -0.350578 -4.789262 -6.241621 -6.772715 -3.463288 -7.470419 -7.872655 -5.131596 -4.589655 -5.046226 -5.881283 -7.507603 -8.938231 -9.270409 -4.828833 -5.654818 -5.905844 -6.414854 -5.918987 -4.139789 -3.485963 -0.009771 -5.236300 -0.539355 -0.936907 -2.935303 -4.534451 -3.401005 -4.840197 -2.262611 -3.440459 -4.328624 -1.956278 -9999.0 -9999.0
-9999.0 -9999.0 -9999.0 -9999.0 -9999.0 -9999.0 -9999.0 -9999.0 -9999.0 -9999.0 -4.946484 -4.880283 -4.013679 -1.536582 -0.301150 -4.467837 -4.564926 -4.220744 -0.003139 -0.003731 -0.013671 -4.444286 -5.307222 -4.039674 -4.616703 -3.960192 -0.131176 -3.985158 -5.191001 -7.777366 -7.331942 -5.021177 -6.095221 -7.868710 -7.641447 -6.910586 -5.627938 -4.364687 -6.309975 -7.766247 -5.779540 -5.688476 -5.507201 -6.718758 -1.569672 -5.034987 -3.863790 -5.552607 -0.120134 -0.009338 -4.847317 -0.844857 -0.142420 -2.739283 -4.072324 -2.106187 -4.922624 -0.713132 -3.157545 -0.021344 -9999.0 -9999.0
-9999.0 -9999.0 -9999.0 -9999.0 -9999.0 -9999.0 -9999.0 -9999.0 -0.043885 -0.539548 -4.809420 -4.123008 -4.307280 -4.076955 -1.980475 -0.499054 -0.126220 -0.004654 -0.004501 -0.004327 -0.004901 -0.006571 -2.103442 -4.345846 -4.228433 -0.323802 -4.372044 -5.501910 -4.861924 -6.479915 -8.639440 -7.131013 -6.379309 -6.353302 -5.372259 -8.045957 -4.849640 -3.537664 -5.895653 -6.205301 -6.993765 -6.317369 -7.457097 -7.926328 -3.973458 -2.269217 -6.106339 -1.914859 -4.605618 -0.010098 -4.467088 -1.758854 -0.354721 -3.423296 -2.054741 -0.029540 -0.041181 -0.025303 -4.155163 -0.010166 -9999.0 -9999.0
-9999.0 -9999.0 -9999.0 -9999.0 -9999.0 -9999.0 -9999.0 -9999.0 -5.356992 -0.100293 -3.138195 -6.382599 -5.470549 -3.819536 -1.932448 -2.677990 -2.242009 -1.918172 -0.004406 0.136205 -0.002667 -0.002606 -0.005411 -0.017561 -0.019362 -0.018939 -2.095015 -3.493449 -6.780664 -5.010835 -5.318066 -4.364567 -4.602763 -5.371546 -3.056154 -2.677855 -2.121971 -3.116349 -4.241163 -4.437105 -6.517728 -8.471075 -7.187943 -3.078704 -0.766154 -3.171590 -6.340636 -5.678682 -4.510497 -3.138624 -0.007465 -2.444722 -0.481940 -0.280087 -0.949210 -3.338986 -3.448570 -4.515401 -0.008612 0.093131 0.305019 -9999.0
-9999.0 -9999.0 -9999.0 -9999.0 -9999.0 -9999.0 -9999.0 -9999.0 -5.521127 -4.007152 -0.052507 -5.092726 -2.288712 -6.069007 -0.070062 -3.960558 -2.384060 -1.309554 -0.003622 -0.003555 0.738022 0.230174 0.077224 -0.003533 -0.002137 -2.935095 -3.717002 -4.516213 -5.141470 -3.472700 -4.395605 -1.266853 -3.356289 -3.020430 -1.588623 -2.020894 -4.039531 -4.524098 -3.803621 -4.260827 -4.553094 -4.872481 -1.638575 -4.402065 -4.789354 -4.999395 -3.415962 -1.067224 -3.833063 -3.958315 -0.004940 -3.462047 -2.229286 -0.622594 -4.119830 -3.418255 -0.014114 -0.006523 -0.002245 -0.001663 0.254272 -9999.0
-9999.0 -9999.0 -9999.0 -9999.0 -9999.0 -9999.0 -9999.0 -9999.0 -7.357956 -4.109360 -1.453551 -3.095656 -0.032916 -0.078677 -4.245069 -4.770978 -1.198176 -0.002142 -0.015229 0.230764 0.028348 0.830973 0.489289 -0.000956 -1.672957 -2.367416 -1.448186 -1.782930 -1.658846 -4.054105 -1.584526 -1.133807 -4.960854 -4.686391 -4.004877 -2.491709 -1.203858 -4.598318 -1.334113 -3.207259 -3.135142 -1.582923 -0.996226 -2.355235 -1.029060 -3.072895 -0.286457 -1.327230 -0.061754 -2.333580 -2.541316 -0.004100 -0.713975 -1.115743 -0.009023 -0.006283 -0.003649 -0.002302 0.903120 0.215687 -0.004745 -0.030403
-9999.0 -9999.0 -9999.0 -9999.0 -9999.0 -9999.0 -9999.0 -9999.0 -4.688920 -2.954304 -0.087930 -2.637273 -5.133891 -5.461657 -0.446477 -0.026495 -3.339610 -3.844437 -3.259637 -2.339441 -0.004556 0.286500 0.621690 0.299283 -0.009638 -3.475602 -3.224422 -3.042591 -4.668118 -4.496089 -1.707126 -2.789063 -4.257312 -3.048875 -1.859041 -1.582625 -3.376061 -4.181753 -4.383925 -1.648981 -1.475857 -2.250456 -4.340598 -3.271813 -2.358298 -0.196617 -2.537321 -5.001924 -4.391782 -4.146744 -1.174056 -0.005788 -0.003340 -0.005271 -0.003796 -0.003249 -0.000925 -0.000473 -0.002173 -0.004373 -1.617030 -0.036053
-9999.0 -9999.0 -3.310687 -2.132573 -3.456569 -1.595341 -0.816786 -1.855112 -2.471433 -2.755086 -2.599319 -4.965914 -3.997686 -3.678734 -0.006661 -3.095159 -4.550973 -4.730233 -4.154126 -1.440128 -2.792844 0.578346 0.284603 0.134827 -0.004556 -3.228906 -4.843232 -4.842173 -3.685319 -4.550617 -4.576777 -4.151584 -0.401919 -5.089870 -4.207342 -5.112580 -3.117528 -0.103847 -3.898165 -4.356515 -5.451828 -4.666806 -5.137132 -4.774130 -3.608725 -4.468554 -4.289545 -4.742823 -0.158956 -0.007968 -0.004137 -0.003488 -0.001104 -0.002375 -0.002364 -0.003448 -0.003742 -0.004076 -1.448758 -2.876568 -0.022919 -0.013970
-9999.0 -0.207682 -0.368599 -0.101848 -0.261018 -0.044532 -3.345333 -4.022964 -4.156426 -4.642835 -3.206081 -0.132136 -3.908193 -0.406468 -3.243224 -1.264817 -4.023626 -3.955301 -0.104327 -4.003773 -3.093373 -0.010442 -0.004323 0.183983 -0.003687 -0.006592 -0.004754 -0.008494 -0.008332 -0.097529 -0.689253 -3.681234 -3.028316 -0.026258 -0.018700 -0.010990 -0.006789 -0.002791 -0.007052 -0.019675 -0.056812 -0.014956 -0.022059 -4.463134 -1.870294 -3.116654 -0.019134 -0.347805 -0.003128 -0.003721 -0.001562 -0.002400 -0.004291 -0.004946 -0.004838 -2.496821 -0.263518 -0.074824 -0.046984 -0.178467 -0.017069 -0.011123
-9999.0 -3.019429 -1.396947 -2.755341 -2.226744 -1.125780 -0.741319 -1.323297 -2.000499 -2.825082 -0.562693 -1.356276 -3.440803 -3.084841 -1.953703 -3.804947 -4.416157 -3.414989 -3.498631 -4.396329 -0.357783 -3.502797 -0.400893 -0.006221 -0.004324 -0.002272 0.029321 -0.003228 -0.001792 -0.001540 -0.004524 -0.004572 -0.008463 -0.007579 -0.005616 -0.003396 -0.002686 1.470450 -0.000924 0.064879 -0.002459 -0.002996 -0.004264 -0.004908 -0.004390 0.293005 0.426745 0.502160 -0.001294 -0.001392 -0.003640 -4.026050 -0.311371 -1.651773 -2.851410 -0.257058 -0.504233 -0.636363 -0.844772 -0.159365 -0.053536 -9999.0
