erum2020/resources/simulation/Vinschgau/output-maps/TsL0008N0705.asc
ncols         63
nrows         48
xllcorner     598000.000000
yllcorner     5145000.000000
cellsize      1000.000000
NODATA_value  -9999.0
[rows 0 to 28 of 48, columns 0 to 62 of 63]
-9999.0 -9999.0 -9999.0 -9999.0 -9999.0 -9999.0 -9999.0 -9999.0 -9999.0 -9999.0 -9999.0 -9999.0 -9999.0 -9999.0 -9999.0 -9999.0 -9999.0 -9999.0 -9999.0 -9999.0 -9999.0 -9999.0 -9999.0 -9999.0 -9999.0 -9999.0 -9999.0 -9999.0 -9999.0 -9999.0 -9999.0 -9999.0 -9999.0 -9999.0 -9999.0 -9999.0 -9999.0 -9999.0 -9999.0 -9999.0 -9999.0 -9999.0 -9999.0 -9999.0 -9999.0 -9999.0 -9999.0 -9999.0 -9999.0 -9999.0 -9999.0 -9999.0 -9999.0 -9999.0 -9999.0 -9999.0 -9999.0 -9999.0 -9999.0 -9999.0 -9999.0 -9999.0 -9999.0
-9999.0 -9999.0 -9999.0 -9999.0 -9999.0 -9999.0 -9999.0 -9999.0 -9999.0 -9999.0 -9999.0 -9999.0 -9999.0 -9999.0 -9999.0 -9999.0 -9999.0 -9999.0 -9999.0 -9999.0 -9999.0 -9999.0 -9999.0 -9999.0 -9999.0 -9999.0 -9999.0 8.711073 8.471848 8.146869 6.108152 4.813877 5.442379 -9999.0 -9999.0 -9999.0 -9999.0 -9999.0 -9999.0 -9999.0 -9999.0 -9999.0 -9999.0 -9999.0 -9999.0 -9999.0 -9999.0 -9999.0 -9999.0 -9999.0 -9999.0 -9999.0 -9999.0 -9999.0 -9999.0 -9999.0 -9999.0 -9999.0 -9999.0 -9999.0 -9999.0 -9999.0 -9999.0
-9999.0 -9999.0 -9999.0 -9999.0 -9999.0 -9999.0 -9999.0 -9999.0 -9999.0 -9999.0 -9999.0 -9999.0 -9999.0 -9999.0 -9999.0 -9999.0 -9999.0 -9999.0 -9999.0 -9999.0 -9999.0 -9999.0 -9999.0 -9999.0 8.601184 9.604858 9.944803 9.785580 9.392160 8.971348 6.385775 -9999.0 -9999.0 -9999.0 -9999.0 -9999.0 -9999.0 -9999.0 -9999.0 -9999.0 -9999.0 -9999.0 -9999.0 -9999.0 -9999.0 -9999.0 -9999.0 -9999.0 -9999.0 -9999.0 -9999.0 -9999.0 -9999.0 -9999.0 -9999.0 -9999.0 -9999.0 -9999.0 -9999.0 -9999.0 -9999.0 -9999.0 -9999.0
-9999.0 -9999.0 -9999.0 -9999.0 -9999.0 -9999.0 -9999.0 -9999.0 -9999.0 -9999.0 -9999.0 -9999.0 -9999.0 -9999.0 -9999.0 -9999.0 -9999.0 -9999.0 -9999.0 -9999.0 -9999.0 -9999.0 -9999.0 9.368491 10.496670 9.808069 9.643290 9.998975 9.114995 9.891502 8.175826 6.637628 -9999.0 -9999.0 -9999.0 -9999.0 -9999.0 -9999.0 -9999.0 -9999.0 -9999.0 -9999.0 -9999.0 -9999.0 -9999.0 -9999.0 -9999.0 -9999.0 -9999.0 -9999.0 -9999.0 -9999.0 -9999.0 -9999.0 -9999.0 -9999.0 -9999.0 -9999.0 -9999.0 -9999.0 -9999.0 -9999.0 -9999.0
-9999.0 -9999.0 -9999.0 -9999.0 -9999.0 -9999.0 -9999.0 -9999.0 -9999.0 -9999.0 -9999.0 -9999.0 -9999.0 -9999.0 -9999.0 -9999.0 -9999.0 -9999.0 11.462430 10.341441 -9999.0 8.959394 9.934589 9.710594 9.849634 11.553863 10.293280 10.271413 12.130545 9.474957 9.666788 7.748884 8.302267 7.311254 -9999.0 -9999.0 -9999.0 -9999.0 -9999.0 -9999.0 -9999.0 -9999.0 -9999.0 -9999.0 -9999.0 -9999.0 -9999.0 -9999.0 -9999.0 -9999.0 -9999.0 -9999.0 -9999.0 -9999.0 -9999.0 -9999.0 -9999.0 -9999.0 -9999.0 -9999.0 -9999.0 -9999.0 -9999.0
-9999.0 -9999.0 -9999.0 -9999.0 -9999.0 -9999.0 -9999.0 -9999.0 -9999.0 -9999.0 -9999.0 -9999.0 -9999.0 -9999.0 -9999.0 -9999.0 -9999.0 10.850269 9.386571 10.234771 11.783474 7.779784 9.082133 9.215049 13.546074 7.758805 6.624819 7.532677 6.641914 8.718695 10.473825 9.141138 9.497456 7.878533 5.909613 3.910507 -9999.0 -9999.0 -9999.0 -9999.0 -9999.0 -9999.0 -9999.0 -9999.0 -9999.0 -9999.0 -9999.0 -9999.0 -9999.0 -9999.0 -9999.0 -9999.0 -9999.0 -9999.0 -9999.0 -9999.0 -9999.0 -9999.0 -9999.0 -9999.0 -9999.0 -9999.0 -9999.0
-9999.0 -9999.0 -9999.0 -9999.0 -9999.0 -9999.0 -9999.0 -9999.0 -9999.0 -9999.0 -9999.0 -9999.0 -9999.0 8.483843 8.506693 9.070177 11.018973 16.951646 10.497123 10.014419 9.909640 10.441786 11.076383 13.188226 7.194375 7.336166 6.372534 6.171801 6.775498 7.080588 7.694989 6.965175 6.644923 4.738861 4.524763 3.529542 -9999.0 -9999.0 -9999.0 -9999.0 -9999.0 -9999.0 -9999.0 -9999.0 -9999.0 -9999.0 -9999.0 -9999.0 -9999.0 -9999.0 -9999.0 -9999.0 -9999.0 -9999.0 -9999.0 -9999.0 -9999.0 -9999.0 -9999.0 -9999.0 -9999.0 -9999.0 -9999.0
-9999.0 -9999.0 -9999.0 -9999.0 -9999.0 -9999.0 -9999.0 -9999.0 -9999.0 -9999.0 -9999.0 -9999.0 -9999.0 9.508894 9.308522 9.154373 9.549179 12.759058 17.343074 11.876936 10.950084 10.274922 9.120829 7.760915 8.589905 7.479620 8.448610 5.873729 5.249002 5.138456 6.248002 4.386394 3.547348 1.988627 3.461648 -9999.0 -9999.0 -9999.0 -9999.0 -9999.0 -9999.0 -9999.0 -9999.0 -9999.0 -9999.0 -9999.0 -9999.0 -9999.0 -9999.0 -9999.0 -9999.0 -9999.0 -9999.0 -9999.0 -9999.0 -9999.0 -9999.0 -9999.0 -9999.0 -9999.0 -9999.0 -9999.0 -9999.0
-9999.0 -9999.0 -9999.0 -9999.0 -9999.0 -9999.0 -9999.0 -9999.0 -9999.0 -9999.0 -9999.0 -9999.0 -9999.0 9.144232 10.910700 9.647984 8.696374 10.165117 17.681901 11.143277 11.128310 9.518500 7.120998 6.990103 8.352936 7.685465 8.165538 4.532308 7.535467 3.133929 3.412201 0.225605 0.622304 0.110962 2.040664 -9999.0 -9999.0 -9999.0 -9999.0 -9999.0 -9999.0 -9999.0 -9999.0 -9999.0 -9999.0 -9999.0 -9999.0 -9999.0 -9999.0 -9999.0 -9999.0 -9999.0 -9999.0 -9999.0 -9999.0 -9999.0 -9999.0 -9999.0 -9999.0 -9999.0 -9999.0 -9999.0 -9999.0
-9999.0 -9999.0 -9999.0 -9999.0 -9999.0 -9999.0 -9999.0 -9999.0 -9999.0 -9999.0 -9999.0 -9999.0 5.017664 10.594426 8.477200 7.304825 6.731023 9.018316 14.428193 10.439075 8.978749 6.973863 6.906514 6.525450 7.938578 5.279894 6.265043 6.874567 8.231490 3.454893 0.598287 6.568739 6.435205 3.562342 -9999.0 -9999.0 -9999.0 -9999.0 -9999.0 -9999.0 -9999.0 -9999.0 -9999.0 -9999.0 -9999.0 -9999.0 -9999.0 -9999.0 -9999.0 -9999.0 -9999.0 -9999.0 -9999.0 -9999.0 -9999.0 -9999.0 -9999.0 -9999.0 -9999.0 -9999.0 -9999.0 -9999.0 -9999.0
-9999.0 -9999.0 -9999.0 -9999.0 -9999.0 -9999.0 -9999.0 -9999.0 -9999.0 -9999.0 -9999.0 7.324780 4.192550 7.940364 4.083546 6.805353 7.096117 8.309678 14.641753 10.451932 8.175055 8.998192 8.274363 6.589571 7.185494 6.846053 3.374841 7.716530 7.585710 2.758756 6.124952 8.604830 6.721165 5.706009 6.325098 7.365659 9.092474 10.497070 10.604523 -9999.0 -9999.0 -9999.0 7.020374 -9999.0 -9999.0 -9999.0 -9999.0 -9999.0 -9999.0 -9999.0 -9999.0 -9999.0 -9999.0 -9999.0 -9999.0 -9999.0 -9999.0 -9999.0 -9999.0 -9999.0 -9999.0 -9999.0 -9999.0
-9999.0 -9999.0 -9999.0 -9999.0 -9999.0 -9999.0 -9999.0 -9999.0 -9999.0 -9999.0 -9999.0 6.992257 3.860357 4.662833 7.133684 5.400760 7.908792 8.876082 14.462943 12.157482 11.815359 10.499077 8.349942 5.003008 5.691777 6.774664 8.302647 8.568823 7.153243 4.580308 7.859828 8.746359 7.844938 5.880007 6.521987 7.878546 10.513147 13.746667 11.900226 9.266004 9.734542 8.063570 8.249570 8.079684 -9999.0 -9999.0 -9999.0 5.029950 5.702327 6.497725 6.830792 6.432980 5.564868 5.933932 5.585920 4.741920 -9999.0 -9999.0 -9999.0 -9999.0 -9999.0 -9999.0 -9999.0
-9999.0 -9999.0 -9999.0 -9999.0 -9999.0 -9999.0 -9999.0 -9999.0 -9999.0 -9999.0 -9999.0 7.628888 6.128493 3.791451 7.469840 7.779843 4.092036 7.865197 12.046749 13.667981 8.484711 8.107348 7.013202 8.749261 5.750059 9.927690 7.027311 6.175466 5.379503 5.087376 5.852756 6.088147 8.920979 6.043932 7.145842 9.514537 8.088425 9.293855 15.660375 11.117970 11.493966 9.033097 9.542730 9.058539 6.922261 -9999.0 3.564282 6.061033 8.017559 9.313523 9.950893 9.991792 9.262963 8.553818 8.270165 7.150979 -9999.0 -9999.0 -9999.0 -9999.0 -9999.0 -9999.0 -9999.0
-9999.0 -9999.0 -9999.0 -9999.0 -9999.0 -9999.0 -9999.0 -9999.0 -9999.0 -9999.0 -9999.0 -9999.0 6.571829 3.117132 9.429433 8.684787 6.377534 8.043374 13.038298 13.849054 8.515796 8.511452 8.402968 7.310368 5.557680 7.038206 10.781386 6.433342 6.395137 7.644526 8.042331 6.422192 8.445185 6.899390 4.786698 7.322785 6.737987 9.358132 16.682770 13.301085 13.090449 13.379396 8.051596 10.539871 9.143944 7.065250 6.620125 6.143141 5.598774 7.775200 9.221362 6.181338 8.083223 5.621828 4.887132 4.970055 6.297995 -9999.0 -9999.0 -9999.0 -9999.0 -9999.0 -9999.0
-9999.0 -9999.0 -9999.0 -9999.0 -9999.0 -9999.0 -9999.0 -9999.0 -9999.0 -9999.0 -9999.0 5.584254 5.472009 7.399378 3.864282 3.974180 7.486444 7.559814 12.519589 10.691641 8.849280 8.163699 7.852999 6.919467 7.211150 8.137885 6.726244 5.450145 8.313216 8.970359 6.935199 7.599589 9.854352 6.455870 4.361591 6.876064 6.856357 8.179013 10.570283 16.296069 8.888879 10.168441 9.597585 8.768467 11.402999 7.694026 8.576008 8.759295 9.010393 8.723749 4.918574 3.779891 3.812923 2.769505 1.958748 0.903890 6.204209 -9999.0 -9999.0 -9999.0 -9999.0 -9999.0 -9999.0
-9999.0 -9999.0 -9999.0 -9999.0 -9999.0 -9999.0 -9999.0 -9999.0 -9999.0 -9999.0 8.339976 6.523060 9.456589 8.838066 9.796091 8.018310 7.128154 7.221035 10.074876 10.767529 12.753812 10.901011 7.134048 11.909264 8.820123 7.765251 5.788543 5.644431 10.323349 10.652323 8.304446 7.254698 7.257072 5.437909 4.017390 6.308804 9.369041 7.289555 8.229706 11.022918 11.174298 10.097930 11.965215 9.602694 8.607451 10.483051 8.524334 7.974014 8.885095 9.075982 5.234441 3.204230 1.471616 0.420883 1.342860 7.367435 7.424206 -9999.0 -9999.0 -9999.0 -9999.0 -9999.0 -9999.0
-9999.0 -9999.0 -9999.0 -9999.0 -9999.0 -9999.0 -9999.0 -9999.0 -9999.0 6.003752 7.232795 6.317371 7.678282 6.652937 7.057531 6.613729 6.239843 11.444960 9.981733 10.951413 13.206658 8.879660 8.750173 10.504038 8.562729 6.342876 6.494828 11.133411 8.655256 9.088614 9.675893 5.658474 3.791552 2.715374 7.030924 6.124702 6.659635 6.229978 6.195164 7.529612 8.204912 7.309449 7.281777 10.159651 9.392095 9.099800 12.358916 8.178349 7.899796 10.046140 6.812516 5.779435 0.524337 2.508320 4.921738 5.042660 5.996288 8.847850 7.396734 -9999.0 -9999.0 -9999.0 -9999.0
-9999.0 -9999.0 -9999.0 -9999.0 -9999.0 -9999.0 -9999.0 -9999.0 -9999.0 6.322800 5.997415 7.315113 11.477635 8.451826 7.722053 7.017546 10.798750 9.285659 10.467811 15.248664 15.090141 15.213276 10.962904 10.267510 6.695288 7.456334 8.399343 9.310714 10.731607 9.193817 8.847016 5.554368 6.271134 6.146112 7.500855 10.428465 10.195495 9.989074 6.470620 7.886632 6.150959 5.400598 8.159723 9.316099 10.649680 12.168568 11.914133 10.552143 9.689551 9.633792 5.144504 3.932799 3.416782 3.634190 3.902291 3.767242 5.960970 7.276227 10.521590 -9999.0 -9999.0 -9999.0 -9999.0
-9999.0 -9999.0 -9999.0 -9999.0 -9999.0 -9999.0 -9999.0 -9999.0 -9999.0 -9999.0 6.650590 7.744120 7.022309 8.238948 8.978356 8.133567 8.490631 10.123273 10.975416 13.042635 12.973487 9.807341 7.984972 7.459969 7.597486 9.224037 10.293093 11.239999 9.026721 5.802928 5.521866 6.734919 3.606610 5.016805 8.467533 9.830977 10.743923 9.603390 9.240138 3.384558 3.852481 9.412647 9.493686 7.094200 7.846505 8.087065 8.946922 11.469143 12.478162 10.028790 6.047864 6.407086 5.391947 3.729073 1.408569 4.832349 6.318498 9.570040 9.914997 10.106261 -9999.0 -9999.0 -9999.0
-9999.0 -9999.0 -9999.0 -9999.0 -9999.0 -9999.0 -9999.0 -9999.0 -9999.0 -9999.0 6.214304 6.988553 7.438577 7.606842 13.770828 8.594978 8.349299 9.904893 11.458978 13.498922 11.051618 9.369657 8.306868 8.581534 8.940259 10.779636 12.040864 8.577103 6.392084 3.876088 5.472188 7.429308 5.159246 3.705911 5.504294 6.832871 8.304627 7.499084 5.578702 4.189709 6.901599 8.539020 5.923665 5.981325 7.895537 6.786037 7.482958 8.027185 10.095892 12.060165 9.946654 6.675122 5.419454 6.024116 4.858663 6.836012 3.897165 7.599173 10.848475 12.713115 -9999.0 -9999.0 -9999.0
-9999.0 -9999.0 -9999.0 -9999.0 -9999.0 -9999.0 -9999.0 -9999.0 9.371216 9.145238 7.943502 6.974079 6.419282 6.833941 7.180378 10.274149 10.640507 15.658009 13.769757 14.058451 12.603099 11.130438 10.363285 9.283060 10.352573 11.290164 12.147873 6.978615 6.229702 4.722442 3.423308 5.526818 6.358492 6.011629 6.788203 4.144233 8.844293 7.660551 4.329436 7.856932 5.874776 6.633608 4.094415 4.076258 10.257603 8.970437 4.919998 6.658478 8.321295 12.034562 10.273594 7.214545 6.153254 3.380469 7.620380 9.124467 9.393886 11.803871 11.271637 12.381645 -9999.0 -9999.0 -9999.0
-9999.0 -9999.0 -9999.0 -9999.0 -9999.0 -9999.0 -9999.0 -9999.0 5.874724 6.968771 5.712350 5.431599 6.582510 7.122193 6.801947 8.386657 9.312998 9.817409 12.239493 14.386159 17.724443 16.665636 15.048251 14.610959 11.040164 11.715720 9.508360 7.865130 5.298282 6.919763 6.982768 9.584784 7.121242 8.027654 7.422515 8.160289 10.582167 8.387772 6.374436 7.760654 4.643800 0.231777 4.670212 7.974159 10.078315 6.010291 4.318967 6.675972 7.420561 9.852727 12.009741 8.929781 5.394182 8.239266 10.781824 8.684059 9.092443 10.385109 13.013527 15.175287 16.016798 -9999.0 -9999.0
-9999.0 -9999.0 -9999.0 -9999.0 -9999.0 -9999.0 -9999.0 -9999.0 5.525743 8.600218 9.650338 5.176874 8.904637 5.737807 8.030327 7.395436 9.148663 11.416524 12.803828 17.617639 14.821108 17.328037 16.554572 13.825261 16.481575 10.394945 8.891664 6.576591 6.270486 8.840561 9.772057 9.538144 5.728070 6.004485 8.323950 10.746472 6.535991 8.551107 5.847209 5.527009 6.360970 6.154426 6.911267 7.090760 4.916450 6.356400 8.872248 8.063809 5.274196 3.823917 12.194246 10.962304 6.525151 6.098188 10.042127 10.856949 12.198803 13.183161 14.305891 15.186981 15.530565 -9999.0 -9999.0
-9999.0 -9999.0 -9999.0 -9999.0 -9999.0 -9999.0 -9999.0 -9999.0 4.680656 7.947462 8.249956 6.385367 9.356393 7.389985 7.867983 9.336286 11.404710 12.843030 12.695421 12.888691 14.026288 14.531590 17.264060 17.215439 11.050110 9.180072 7.552765 6.228672 11.272259 7.991510 7.331527 7.504117 8.602574 8.449597 6.396078 10.112394 11.029775 9.186486 6.321240 6.267686 7.909164 8.529842 8.524038 11.116210 8.298199 9.694105 9.404026 10.158201 9.955777 8.388906 9.229961 12.032639 11.766808 10.869614 12.260670 12.820061 13.766447 13.827939 14.696762 15.336762 13.530845 11.139015 -9999.0
-9999.0 -9999.0 -9999.0 -9999.0 -9999.0 -9999.0 -9999.0 -9999.0 6.482665 7.702136 7.483084 6.989100 7.925075 8.509001 13.045230 11.865653 12.205135 10.129847 8.963741 10.212616 12.127326 14.050434 14.314645 14.261533 13.982376 8.800542 6.979656 8.671301 9.695096 9.297911 6.902311 8.687938 10.262625 8.783328 7.552714 7.895129 9.020570 10.066470 8.681409 8.395580 7.759491 7.751580 8.482624 8.236923 6.402772 10.556726 8.089560 9.058216 8.845048 10.819005 12.152035 11.422927 12.183647 13.446811 13.583999 14.341300 14.872568 14.940643 14.576452 13.216754 11.898454 3.832680 -9999.0
-9999.0 -9999.0 9.131357 8.664059 5.709317 6.600907 6.660562 5.814631 7.874685 6.891199 6.680373 9.052973 8.698015 10.739178 15.361238 11.190360 8.532724 6.640471 7.043271 8.636764 10.293739 11.930943 14.085925 13.835933 13.089861 9.986910 8.836736 8.813316 9.671389 12.274183 7.800688 7.913965 12.717896 8.859876 10.586527 9.026538 11.616808 11.152095 9.715656 8.045974 9.985685 10.441770 9.136140 10.024256 7.409155 9.124274 10.603291 9.447652 11.926913 13.042313 13.712441 15.107055 15.000257 14.858769 14.367796 17.209119 13.753607 13.314924 12.271154 11.533314 12.291584 3.861677 -9999.0
-9999.0 7.374541 7.201039 7.009747 6.902129 7.307666 6.281383 4.757590 4.175104 6.037665 6.133777 7.429120 10.090524 13.587135 13.213632 7.354975 6.531164 5.816778 7.548712 8.594667 10.290250 11.106608 15.285208 12.906126 16.721528 13.197718 15.875757 15.743195 12.245121 11.472099 11.555121 11.045089 11.225261 14.649580 12.354208 13.224646 13.523403 12.846106 13.605969 13.081871 12.716612 12.584698 12.299771 9.965866 9.690083 10.306687 12.945366 12.028913 13.920479 13.667870 14.327347 14.141084 13.409429 13.282424 13.167478 12.073924 10.572357 10.625385 11.047185 10.972437 8.770625 9.568087 -9999.0
-9999.0 8.829612 8.252077 8.453768 11.922297 8.128425 5.649972 5.483908 8.412298 8.561374 6.410370 7.512283 9.756766 13.309314 7.879077 6.007423 5.175650 6.188483 8.577827 8.537107 10.782335 10.198515 11.588586 12.865275 17.109940 18.223344 13.569519 14.635067 14.176077 11.907787 13.106624 12.341434 12.759619 13.151379 15.913124 14.683918 18.418924 20.470934 15.306753 15.166648 14.835033 14.549799 13.581328 12.902407 13.786260 13.380030 15.524434 15.526265 14.166162 14.249738 12.463410 10.898653 10.550411 11.300717 10.373715 9.112534 9.146584 8.007185 8.033651 7.857663 7.808698 -9999.0 -9999.0
-9999.0 7.715133 7.269003 7.689821 9.056882 11.422688 11.741336 6.296360 6.874986 6.896073 7.885877 8.870411 11.481733 11.435074 7.008962 5.321765 4.896068 5.954192 6.154214 7.988315 7.860778 8.431992 10.730657 16.227615 16.608697 13.460263 13.611042 13.655095 13.824735 13.722134 13.974257 14.815279 14.367044 13.602614 14.563486 14.608291 15.019961 18.613177 15.332850 15.490640 15.551499 18.828876 15.173521 15.503330 15.403106 14.896505 13.653353 13.077392 12.082280 10.909174 9.668144 9.986785 8.816180 10.453493 8.373971 7.081641 6.991091 6.517858 6.536831 -9999.0 -9999.0 -9999.0 -9999.0
