erum2020/resources/simulation/Vinschgau/output-maps/TsL0006N0263.asc
ncols         63
nrows         48
xllcorner     598000.000000
yllcorner     5145000.000000
cellsize      1000.000000
NODATA_value  -9999.0
[rows 0 to 27 of 48, columns 0 to 61 of 63]
-9999.0 -9999.0 -9999.0 -9999.0 -9999.0 -9999.0 -9999.0 -9999.0 -9999.0 -9999.0 -9999.0 -9999.0 -9999.0 -9999.0 -9999.0 -9999.0 -9999.0 -9999.0 -9999.0 -9999.0 -9999.0 -9999.0 -9999.0 -9999.0 -9999.0 -9999.0 -9999.0 -9999.0 -9999.0 -9999.0 -9999.0 -9999.0 -9999.0 -9999.0 -9999.0 -9999.0 -9999.0 -9999.0 -9999.0 -9999.0 -9999.0 -9999.0 -9999.0 -9999.0 -9999.0 -9999.0 -9999.0 -9999.0 -9999.0 -9999.0 -9999.0 -9999.0 -9999.0 -9999.0 -9999.0 -9999.0 -9999.0 -9999.0 -9999.0 -9999.0 -9999.0 -9999.0
-9999.0 -9999.0 -9999.0 -9999.0 -9999.0 -9999.0 -9999.0 -9999.0 -9999.0 -9999.0 -9999.0 -9999.0 -9999.0 -9999.0 -9999.0 -9999.0 -9999.0 -9999.0 -9999.0 -9999.0 -9999.0 -9999.0 -9999.0 -9999.0 -9999.0 -9999.0 -9999.0 -7.059961 -7.460778 -7.480356 -7.404019 -8.266636 -8.250518 -9999.0 -9999.0 -9999.0 -9999.0 -9999.0 -9999.0 -9999.0 -9999.0 -9999.0 -9999.0 -9999.0 -9999.0 -9999.0 -9999.0 -9999.0 -9999.0 -9999.0 -9999.0 -9999.0 -9999.0 -9999.0 -9999.0 -9999.0 -9999.0 -9999.0 -9999.0 -9999.0 -9999.0 -9999.0
-9999.0 -9999.0 -9999.0 -9999.0 -9999.0 -9999.0 -9999.0 -9999.0 -9999.0 -9999.0 -9999.0 -9999.0 -9999.0 -9999.0 -9999.0 -9999.0 -9999.0 -9999.0 -9999.0 -9999.0 -9999.0 -9999.0 -9999.0 -9999.0 -5.637139 -6.619802 -6.776514 -7.089928 -7.009304 -7.222514 -7.530700 -9999.0 -9999.0 -9999.0 -9999.0 -9999.0 -9999.0 -9999.0 -9999.0 -9999.0 -9999.0 -9999.0 -9999.0 -9999.0 -9999.0 -9999.0 -9999.0 -9999.0 -9999.0 -9999.0 -9999.0 -9999.0 -9999.0 -9999.0 -9999.0 -9999.0 -9999.0 -9999.0 -9999.0 -9999.0 -9999.0 -9999.0
-9999.0 -9999.0 -9999.0 -9999.0 -9999.0 -9999.0 -9999.0 -9999.0 -9999.0 -9999.0 -9999.0 -9999.0 -9999.0 -9999.0 -9999.0 -9999.0 -9999.0 -9999.0 -9999.0 -9999.0 -9999.0 -9999.0 -9999.0 -6.200322 -6.071281 -4.425928 -6.252835 -6.633572 -7.052404 -7.511008 -8.029789 -6.976580 -9999.0 -9999.0 -9999.0 -9999.0 -9999.0 -9999.0 -9999.0 -9999.0 -9999.0 -9999.0 -9999.0 -9999.0 -9999.0 -9999.0 -9999.0 -9999.0 -9999.0 -9999.0 -9999.0 -9999.0 -9999.0 -9999.0 -9999.0 -9999.0 -9999.0 -9999.0 -9999.0 -9999.0 -9999.0 -9999.0
-9999.0 -9999.0 -9999.0 -9999.0 -9999.0 -9999.0 -9999.0 -9999.0 -9999.0 -9999.0 -9999.0 -9999.0 -9999.0 -9999.0 -9999.0 -9999.0 -9999.0 -9999.0 -4.176533 -5.591092 -9999.0 -5.466260 -5.729867 -5.620039 -6.473252 -2.210527 -5.952286 -5.806774 -1.649263 -7.029953 -7.331013 -7.903246 -8.424261 -9.215516 -9999.0 -9999.0 -9999.0 -9999.0 -9999.0 -9999.0 -9999.0 -9999.0 -9999.0 -9999.0 -9999.0 -9999.0 -9999.0 -9999.0 -9999.0 -9999.0 -9999.0 -9999.0 -9999.0 -9999.0 -9999.0 -9999.0 -9999.0 -9999.0 -9999.0 -9999.0 -9999.0 -9999.0
-9999.0 -9999.0 -9999.0 -9999.0 -9999.0 -9999.0 -9999.0 -9999.0 -9999.0 -9999.0 -9999.0 -9999.0 -9999.0 -9999.0 -9999.0 -9999.0 -9999.0 -5.331366 -6.792342 -6.278588 -5.650156 -4.858803 -5.759436 -5.888848 -0.972323 -6.708082 -6.592758 -5.579123 -6.802933 -6.193726 -6.869518 -7.513962 -7.289614 -8.378510 -8.638456 -9.212487 -9999.0 -9999.0 -9999.0 -9999.0 -9999.0 -9999.0 -9999.0 -9999.0 -9999.0 -9999.0 -9999.0 -9999.0 -9999.0 -9999.0 -9999.0 -9999.0 -9999.0 -9999.0 -9999.0 -9999.0 -9999.0 -9999.0 -9999.0 -9999.0 -9999.0 -9999.0
-9999.0 -9999.0 -9999.0 -9999.0 -9999.0 -9999.0 -9999.0 -9999.0 -9999.0 -9999.0 -9999.0 -9999.0 -9999.0 -5.297973 -4.601848 -6.425377 -6.436172 -5.275954 -6.091824 -7.006889 -6.405534 -5.843540 -5.664056 -2.932193 -6.647066 -6.567000 -7.351899 -6.479060 -7.300126 -5.834422 -6.469349 -7.443925 -7.866424 -9.438150 -9.543162 -9.965378 -9999.0 -9999.0 -9999.0 -9999.0 -9999.0 -9999.0 -9999.0 -9999.0 -9999.0 -9999.0 -9999.0 -9999.0 -9999.0 -9999.0 -9999.0 -9999.0 -9999.0 -9999.0 -9999.0 -9999.0 -9999.0 -9999.0 -9999.0 -9999.0 -9999.0 -9999.0
-9999.0 -9999.0 -9999.0 -9999.0 -9999.0 -9999.0 -9999.0 -9999.0 -9999.0 -9999.0 -9999.0 -9999.0 -9999.0 -4.193394 -4.182340 -5.844250 -5.165309 -4.993790 -5.732495 -6.084502 -2.921831 -6.529798 -5.468763 -6.002921 -5.952758 -6.386158 -6.844290 -8.153921 -8.613392 -7.483994 -6.569598 -9.266997 -9.420190 -10.256224 -10.224288 -9999.0 -9999.0 -9999.0 -9999.0 -9999.0 -9999.0 -9999.0 -9999.0 -9999.0 -9999.0 -9999.0 -9999.0 -9999.0 -9999.0 -9999.0 -9999.0 -9999.0 -9999.0 -9999.0 -9999.0 -9999.0 -9999.0 -9999.0 -9999.0 -9999.0 -9999.0 -9999.0
-9999.0 -9999.0 -9999.0 -9999.0 -9999.0 -9999.0 -9999.0 -9999.0 -9999.0 -9999.0 -9999.0 -9999.0 -9999.0 -4.937211 -6.503635 -1.042420 -4.523470 -6.413741 -5.435650 -2.346647 -4.806751 -6.971065 -6.083028 -5.438383 -4.720445 -3.572757 -6.783031 -8.395118 -7.205449 -9.178077 -8.935307 -10.396857 -10.179491 -10.995846 -10.373600 -9999.0 -9999.0 -9999.0 -9999.0 -9999.0 -9999.0 -9999.0 -9999.0 -9999.0 -9999.0 -9999.0 -9999.0 -9999.0 -9999.0 -9999.0 -9999.0 -9999.0 -9999.0 -9999.0 -9999.0 -9999.0 -9999.0 -9999.0 -9999.0 -9999.0 -9999.0 -9999.0
-9999.0 -9999.0 -9999.0 -9999.0 -9999.0 -9999.0 -9999.0 -9999.0 -9999.0 -9999.0 -9999.0 -9999.0 -4.122753 -5.574690 -2.212619 -6.440190 -2.597141 -5.831018 -0.306017 -5.307278 -5.329594 -6.176895 -5.653285 -5.332395 -4.093388 -7.807467 -5.483126 -6.475794 -6.992687 -8.653057 -9.351413 -8.520816 -8.865396 -9.984205 -9999.0 -9999.0 -9999.0 -9999.0 -9999.0 -9999.0 -9999.0 -9999.0 -9999.0 -9999.0 -9999.0 -9999.0 -9999.0 -9999.0 -9999.0 -9999.0 -9999.0 -9999.0 -9999.0 -9999.0 -9999.0 -9999.0 -9999.0 -9999.0 -9999.0 -9999.0 -9999.0 -9999.0
-9999.0 -9999.0 -9999.0 -9999.0 -9999.0 -9999.0 -9999.0 -9999.0 -9999.0 -9999.0 -9999.0 -4.234986 -5.329121 -2.714186 -6.152781 -5.605513 -6.931008 -6.672502 -0.131311 -5.455369 -5.492232 -4.896065 -5.756159 -6.764058 -5.851872 -6.356767 -8.470993 -6.397159 -7.069648 -9.263561 -7.885970 -7.713705 -8.877415 -10.233564 -10.829234 -10.905919 -11.818533 -11.373052 -3.865340 -9999.0 -9999.0 -9999.0 -10.945548 -9999.0 -9999.0 -9999.0 -9999.0 -9999.0 -9999.0 -9999.0 -9999.0 -9999.0 -9999.0 -9999.0 -9999.0 -9999.0 -9999.0 -9999.0 -9999.0 -9999.0 -9999.0 -9999.0
-9999.0 -9999.0 -9999.0 -9999.0 -9999.0 -9999.0 -9999.0 -9999.0 -9999.0 -9999.0 -9999.0 -5.467234 -4.896101 -4.755107 -4.462448 -6.349309 -5.009807 -6.984620 -0.144214 -2.516998 -5.789298 -3.341318 -5.099863 -5.520612 -5.764871 -6.726948 -6.544544 -6.059943 -6.677430 -8.533686 -7.731674 -7.993319 -8.930172 -9.273261 -11.501876 -10.815126 -1.633597 -2.834588 -3.898789 -13.789621 -12.651049 -12.372505 -9.682542 -9.658122 -9999.0 -9999.0 -9999.0 -0.525787 -3.545015 -3.942984 -1.354926 -2.367845 -2.387131 -0.009358 -0.008382 -2.141257 -9999.0 -9999.0 -9999.0 -9999.0 -9999.0 -9999.0
-9999.0 -9999.0 -9999.0 -9999.0 -9999.0 -9999.0 -9999.0 -9999.0 -9999.0 -9999.0 -9999.0 -4.738286 -5.152351 -6.412889 -3.185863 -6.118238 -5.567051 -6.205966 -3.314703 -0.566725 -3.930864 -5.537226 -5.316621 -5.032836 -6.939458 -6.442233 -5.630888 -6.585343 -7.669646 -7.320376 -8.350949 -7.926673 -8.257446 -10.008640 -10.639532 -9.259688 -6.207728 -6.174971 -2.441644 -4.669357 -2.577962 -10.483069 -8.976676 -8.609870 -8.064028 -9999.0 -6.825970 -4.524196 -3.171434 -2.278576 -3.213642 -2.562574 -0.617750 -0.001773 -0.026327 -0.023806 -9999.0 -9999.0 -9999.0 -9999.0 -9999.0 -9999.0
-9999.0 -9999.0 -9999.0 -9999.0 -9999.0 -9999.0 -9999.0 -9999.0 -9999.0 -9999.0 -9999.0 -9999.0 -4.560811 -3.107170 -2.320829 -3.678916 -5.515715 -6.529735 -1.063304 -0.205049 -6.086154 -5.267349 -5.590460 -5.504721 -6.166132 -5.337764 -4.890614 -7.138379 -6.814469 -6.984683 -7.329061 -7.583933 -8.214763 -9.516238 -10.958010 -11.518070 -8.187405 -6.738981 -1.989350 -4.047625 -1.878106 -8.702260 -7.474788 -7.737654 -8.069517 -6.547479 -6.043603 -4.563512 -4.919164 -4.704847 -3.740742 -1.744633 -0.418439 -0.267465 -2.905978 -2.803655 -0.533034 -9999.0 -9999.0 -9999.0 -9999.0 -9999.0
-9999.0 -9999.0 -9999.0 -9999.0 -9999.0 -9999.0 -9999.0 -9999.0 -9999.0 -9999.0 -9999.0 -2.511625 -5.340317 -5.592094 -4.937869 -5.038629 -4.920918 -5.835657 -4.701709 -0.557753 -5.928096 -5.753910 -4.369724 -5.676334 -5.108982 -5.148999 -4.046077 -7.347783 -6.438566 -6.848815 -6.250411 -6.448576 -7.185315 -9.073821 -11.295607 -10.870378 -12.031389 -7.144834 -5.217621 -0.698322 -5.431867 -3.511871 -6.149778 -7.218770 -6.937296 -6.711051 -5.239503 -5.439732 -4.587122 -5.467357 -5.706950 -5.535654 -4.337616 -6.211219 -5.333297 -5.978495 -2.004308 -9999.0 -9999.0 -9999.0 -9999.0 -9999.0
-9999.0 -9999.0 -9999.0 -9999.0 -9999.0 -9999.0 -9999.0 -9999.0 -9999.0 -9999.0 -1.241275 -3.389298 -2.140338 -4.886109 -2.119757 -5.971191 -5.585114 -5.458076 -5.377289 -1.389746 -1.280720 -1.857356 -5.568627 -3.641046 -5.556729 -3.553427 -6.409592 -6.830756 -5.775669 -5.797811 -6.140013 -6.758559 -7.420453 -8.964278 -11.337983 -10.610014 -9.787877 -7.094134 -6.097692 -2.695407 -2.044512 -6.338757 -6.487295 -6.354278 -6.781413 -7.366701 -5.228978 -5.571461 -5.486618 -5.822237 -4.394727 -6.045182 -5.954502 -6.242588 -5.707404 -0.097949 -0.085020 -9999.0 -9999.0 -9999.0 -9999.0 -9999.0
-9999.0 -9999.0 -9999.0 -9999.0 -9999.0 -9999.0 -9999.0 -9999.0 -9999.0 -5.350484 -1.059193 -1.146035 -5.450339 -3.520469 -2.570291 -4.915495 -5.088136 -3.311224 -5.504367 -0.012399 -0.346050 -5.891573 -5.998065 -2.816651 -3.607410 -6.409052 -6.305692 -5.350251 -5.697088 -5.408963 -6.143586 -7.333428 -9.083068 -9.959624 -9.344901 -9.877418 -9.926862 -9.353986 -9.986986 -8.445901 -5.066943 -8.129292 -7.702568 -2.884070 -6.571730 -6.546769 -6.293732 -5.303086 -4.755103 -5.527272 -3.915276 -3.540771 -6.678196 -4.927422 -2.995621 -1.467741 -0.047127 -0.028097 -0.364528 -9999.0 -9999.0 -9999.0
-9999.0 -9999.0 -9999.0 -9999.0 -9999.0 -9999.0 -9999.0 -9999.0 -9999.0 -5.384194 -5.117619 -5.272570 -5.636001 -5.312659 -3.609767 -2.509366 -1.267045 -5.092030 -4.628176 -0.006996 -0.007163 -0.004439 -3.925049 -4.139565 -6.093561 -5.336423 -5.931189 -6.010877 -2.854703 -5.125869 -6.127548 -6.552915 -7.582505 -7.345339 -8.266072 -8.211034 -9.167677 -8.840620 -9.723478 -8.360670 -7.039282 -8.279798 -6.416034 -6.476493 -1.713844 -0.039767 -0.201312 -4.109369 -5.291784 -5.409886 -4.259352 -3.049260 -4.906753 -4.323392 -5.716569 -0.689650 -0.312274 -0.045417 -0.023892 -9999.0 -9999.0 -9999.0
-9999.0 -9999.0 -9999.0 -9999.0 -9999.0 -9999.0 -9999.0 -9999.0 -9999.0 -9999.0 -5.074677 -5.119102 -4.691650 -5.063112 -5.492999 -3.576359 -3.579542 -4.902943 -0.089793 -0.008154 -1.929525 -5.232590 -3.179500 -4.475758 -5.909563 -6.189542 -5.398935 -1.399450 -5.780566 -6.392228 -6.790448 -4.430803 -7.483304 -7.869485 -7.325849 -6.868343 -7.192602 -7.910070 -8.892339 -9.011261 -9.362530 -6.716396 -6.764605 -6.305504 -7.027355 -7.095882 -5.869336 -4.660862 -0.035633 -5.195401 -3.417562 -2.292777 -2.830464 -4.514406 -3.500828 -4.789710 -2.254817 -3.520500 -4.173730 -2.391506 -9999.0 -9999.0
-9999.0 -9999.0 -9999.0 -9999.0 -9999.0 -9999.0 -9999.0 -9999.0 -9999.0 -9999.0 -5.087581 -4.981684 -4.191768 -2.974439 -0.383406 -5.831788 -5.182065 -5.238704 -0.004576 -0.006044 -0.048152 -3.467586 -6.353518 -5.983280 -5.695059 -4.869460 -0.037415 -5.889966 -6.043956 -7.829491 -7.302871 -5.245736 -6.859975 -7.751154 -7.582650 -7.136174 -6.083788 -6.483763 -7.201199 -7.834494 -6.079853 -6.072127 -5.776551 -6.827174 -1.902437 -5.258737 -4.278877 -6.206227 -1.157389 -0.690942 -4.727896 -2.027137 -0.112387 -2.605054 -3.986170 -1.981758 -4.934046 -0.530887 -3.083722 -0.740892 -9999.0 -9999.0
-9999.0 -9999.0 -9999.0 -9999.0 -9999.0 -9999.0 -9999.0 -9999.0 -2.333234 -2.158091 -5.051133 -4.261784 -4.502153 -4.527001 -3.247367 -1.572667 -1.485173 -0.002147 -0.004093 -0.003506 -0.006117 -0.005177 -2.185971 -4.575093 -5.321387 -0.006851 -2.692093 -6.273244 -5.250402 -6.568488 -8.568160 -7.032173 -6.327069 -6.271509 -5.730760 -8.107615 -5.210326 -6.129465 -7.055085 -6.610767 -6.923812 -6.387269 -7.424563 -7.836170 -5.124653 -2.990582 -6.055276 -2.208235 -5.334342 -0.230967 -4.280100 -3.385820 -0.645745 -3.330126 -2.086531 -0.301755 -0.042226 -0.056842 -2.903989 -0.036798 -9999.0 -9999.0
-9999.0 -9999.0 -9999.0 -9999.0 -9999.0 -9999.0 -9999.0 -9999.0 -5.419850 -2.872463 -4.106203 -6.361143 -5.522044 -4.548059 -3.124248 -4.511071 -4.068152 -4.533242 -0.002563 -0.003156 0.874028 0.307415 -0.002526 -0.003771 -0.005317 -0.005419 -3.959351 -5.512611 -6.910037 -5.315103 -5.260434 -5.857885 -4.965255 -5.797057 -3.728072 -4.164644 -4.886463 -5.495355 -5.515748 -4.678642 -6.424051 -8.436930 -7.127352 -3.902197 -4.034685 -3.373879 -6.278409 -5.594406 -4.678917 -3.854400 -0.511223 -3.661875 -0.791857 -0.061774 -2.235872 -3.342000 -3.472813 -3.604151 -0.039989 0.233474 0.242021 -9999.0
-9999.0 -9999.0 -9999.0 -9999.0 -9999.0 -9999.0 -9999.0 -9999.0 -5.543136 -4.561235 -2.485794 -5.167766 -3.617864 -6.076138 -2.527462 -4.393723 -3.003425 -0.961255 -0.002504 0.225807 -0.004018 0.255354 0.398392 -0.005553 0.164555 -4.572033 -5.745213 -5.746909 -6.581763 -5.399651 -5.850026 -4.473596 -5.102920 -5.414919 -2.470501 -4.147259 -4.257167 -5.323927 -4.962488 -4.619398 -4.620554 -4.938288 -2.137596 -4.587497 -4.767485 -4.997014 -3.682890 -1.030445 -3.829684 -5.031886 -0.027222 -2.829890 -3.227511 -2.187066 -3.009510 -2.327687 -0.641307 -0.037145 -0.005679 -0.003968 0.042111 -9999.0
-9999.0 -9999.0 -9999.0 -9999.0 -9999.0 -9999.0 -9999.0 -9999.0 -7.294479 -4.554254 -1.366882 -4.509960 -1.286704 -1.150288 -4.251665 -4.891526 -0.981547 -0.001010 -0.053915 -0.003066 -0.003758 -0.002721 0.352482 0.234431 -1.603081 -4.948927 -2.901366 -5.175640 -4.410287 -4.913912 -4.782326 -4.416736 -5.032327 -5.129651 -4.838916 -4.230341 -3.728622 -4.489497 -3.888911 -4.071433 -3.650618 -2.319605 -2.090033 -4.599478 -1.312203 -3.746698 -1.462898 -2.785797 -1.416086 -3.195757 -3.281190 -0.039330 -1.180607 -0.665971 -0.377998 -0.066141 -0.042329 -0.004399 0.559749 0.088550 -0.026210 -0.692849
-9999.0 -9999.0 -9999.0 -9999.0 -9999.0 -9999.0 -9999.0 -9999.0 -4.793307 -3.524616 -0.867559 -3.507408 -4.640894 -4.943925 -0.285374 -0.596094 -3.039586 -5.045728 -4.544000 -4.583934 -0.006696 -0.002661 -0.001576 -0.005749 -0.904049 -5.217959 -5.379491 -4.708781 -5.230943 -5.249169 -4.734187 -4.355834 -4.282397 -4.381340 -4.197412 -3.347173 -3.355480 -4.149119 -4.635095 -3.355484 -3.494068 -3.372151 -4.243874 -4.060142 -4.224573 -2.513334 -3.812598 -4.604922 -3.827425 -3.423591 -0.906815 -0.144598 -0.041815 -0.057171 -0.046227 -0.029517 -0.006820 -0.005576 -0.008688 -0.034663 -1.831705 -0.351101
-9999.0 -9999.0 -4.459814 -3.331218 -3.909324 -3.608059 -2.718360 -3.610346 -3.646192 -3.043635 -3.477509 -3.462006 -4.201143 -2.569272 -0.007215 -2.425533 -5.542163 -4.884284 -4.548155 -3.899059 -3.830603 -0.004957 -0.003247 -0.003723 -0.024554 -2.243402 -3.437295 -5.859148 -4.508938 -1.442172 -5.163882 -4.690340 -0.474120 -5.599580 -3.831980 -4.791288 -2.385401 -0.610584 -3.903629 -3.875199 -4.470842 -4.029183 -5.193473 -4.651873 -4.552483 -3.952094 -3.828628 -4.688674 -1.559324 -0.038698 -0.038140 -0.014806 -0.006548 -0.009629 -0.030047 -0.003800 -0.034765 -0.051954 -1.529751 -3.244914 -0.031494 -0.006465
-9999.0 -3.389398 -3.667723 -2.738580 -3.274410 -2.037617 -3.828926 -4.153113 -4.278497 -4.665834 -3.622890 -1.579477 -2.403834 -0.027641 -0.889180 -2.143769 -4.315022 -4.106102 -2.584675 -4.479867 -3.581386 -0.013422 -0.008453 -0.002000 -0.003352 -0.025689 0.266533 0.062901 -0.023745 -2.458352 -0.794366 -1.860331 -3.129168 -0.008154 -0.040767 -0.039438 -0.013936 -0.003562 -0.010576 -0.038179 -0.038426 -0.039074 -0.077793 -4.582602 -2.361935 -2.822892 -0.025849 -0.034035 -0.008552 -0.005709 -0.009447 -0.021489 -0.035574 -0.046117 -0.046778 -1.543535 -1.474111 -0.628662 -0.752600 -0.359045 -0.003377 -0.003138
-9999.0 -3.708446 -3.669608 -4.225809 -1.443156 -3.809044 -4.113443 -3.914176 -3.435630 -3.959642 -2.743094 -2.035555 -3.120065 -1.026981 -3.819028 -3.893547 -4.417974 -4.693120 -3.927374 -4.277700 -0.978721 -3.070203 -0.025520 -0.026926 0.590038 0.971421 -0.002598 -0.002393 -0.003413 0.006190 0.007541 -0.002938 -0.040697 -0.016903 -0.002001 -0.003353 1.435740 5.488983 0.456844 0.503424 -0.001534 -0.003355 -0.007091 -0.007264 -0.004436 0.042138 0.927744 0.889672 -0.006361 -0.007471 -0.050297 -3.996799 -1.373954 -1.158921 -3.241679 -0.553279 -1.459489 -0.724457 -0.602449 -0.009828 -0.006235 -9999.0
