erum2020/resources/simulation/Vinschgau/output-maps/TsL0002N1219.asc
ncols         63
nrows         48
xllcorner     598000.000000
yllcorner     5145000.000000
cellsize      1000.000000
NODATA_value  -9999.0
[rows 0 to 27 of 48, columns 0 to 62 of 63]
-9999.0 -9999.0 -9999.0 -9999.0 -9999.0 -9999.0 -9999.0 -9999.0 -9999.0 -9999.0 -9999.0 -9999.0 -9999.0 -9999.0 -9999.0 -9999.0 -9999.0 -9999.0 -9999.0 -9999.0 -9999.0 -9999.0 -9999.0 -9999.0 -9999.0 -9999.0 -9999.0 -9999.0 -9999.0 -9999.0 -9999.0 -9999.0 -9999.0 -9999.0 -9999.0 -9999.0 -9999.0 -9999.0 -9999.0 -9999.0 -9999.0 -9999.0 -9999.0 -9999.0 -9999.0 -9999.0 -9999.0 -9999.0 -9999.0 -9999.0 -9999.0 -9999.0 -9999.0 -9999.0 -9999.0 -9999.0 -9999.0 -9999.0 -9999.0 -9999.0 -9999.0 -9999.0 -9999.0
-9999.0 -9999.0 -9999.0 -9999.0 -9999.0 -9999.0 -9999.0 -9999.0 -9999.0 -9999.0 -9999.0 -9999.0 -9999.0 -9999.0 -9999.0 -9999.0 -9999.0 -9999.0 -9999.0 -9999.0 -9999.0 -9999.0 -9999.0 -9999.0 -9999.0 -9999.0 -9999.0 -0.002168 0.128625 0.227648 0.077025 0.047938 -0.003313 -9999.0 -9999.0 -9999.0 -9999.0 -9999.0 -9999.0 -9999.0 -9999.0 -9999.0 -9999.0 -9999.0 -9999.0 -9999.0 -9999.0 -9999.0 -9999.0 -9999.0 -9999.0 -9999.0 -9999.0 -9999.0 -9999.0 -9999.0 -9999.0 -9999.0 -9999.0 -9999.0 -9999.0 -9999.0 -9999.0
-9999.0 -9999.0 -9999.0 -9999.0 -9999.0 -9999.0 -9999.0 -9999.0 -9999.0 -9999.0 -9999.0 -9999.0 -9999.0 -9999.0 -9999.0 -9999.0 -9999.0 -9999.0 -9999.0 -9999.0 -9999.0 -9999.0 -9999.0 -9999.0 0.148402 0.176462 0.198239 0.153595 0.189132 0.186517 0.064554 -9999.0 -9999.0 -9999.0 -9999.0 -9999.0 -9999.0 -9999.0 -9999.0 -9999.0 -9999.0 -9999.0 -9999.0 -9999.0 -9999.0 -9999.0 -9999.0 -9999.0 -9999.0 -9999.0 -9999.0 -9999.0 -9999.0 -9999.0 -9999.0 -9999.0 -9999.0 -9999.0 -9999.0 -9999.0 -9999.0 -9999.0 -9999.0
-9999.0 -9999.0 -9999.0 -9999.0 -9999.0 -9999.0 -9999.0 -9999.0 -9999.0 -9999.0 -9999.0 -9999.0 -9999.0 -9999.0 -9999.0 -9999.0 -9999.0 -9999.0 -9999.0 -9999.0 -9999.0 -9999.0 -9999.0 0.183392 0.241349 2.803701 3.021086 3.094299 3.362311 0.207453 0.064870 0.001486 -9999.0 -9999.0 -9999.0 -9999.0 -9999.0 -9999.0 -9999.0 -9999.0 -9999.0 -9999.0 -9999.0 -9999.0 -9999.0 -9999.0 -9999.0 -9999.0 -9999.0 -9999.0 -9999.0 -9999.0 -9999.0 -9999.0 -9999.0 -9999.0 -9999.0 -9999.0 -9999.0 -9999.0 -9999.0 -9999.0 -9999.0
-9999.0 -9999.0 -9999.0 -9999.0 -9999.0 -9999.0 -9999.0 -9999.0 -9999.0 -9999.0 -9999.0 -9999.0 -9999.0 -9999.0 -9999.0 -9999.0 -9999.0 -9999.0 2.520719 0.260373 -9999.0 0.207985 0.239709 2.685728 2.621731 3.388323 2.184914 2.301383 1.868999 0.318387 0.169446 0.072764 -0.351535 -0.655680 -9999.0 -9999.0 -9999.0 -9999.0 -9999.0 -9999.0 -9999.0 -9999.0 -9999.0 -9999.0 -9999.0 -9999.0 -9999.0 -9999.0 -9999.0 -9999.0 -9999.0 -9999.0 -9999.0 -9999.0 -9999.0 -9999.0 -9999.0 -9999.0 -9999.0 -9999.0 -9999.0 -9999.0 -9999.0
-9999.0 -9999.0 -9999.0 -9999.0 -9999.0 -9999.0 -9999.0 -9999.0 -9999.0 -9999.0 -9999.0 -9999.0 -9999.0 -9999.0 -9999.0 -9999.0 -9999.0 4.856269 3.510639 3.963906 1.672640 0.020725 0.631933 2.462629 2.830387 -0.005396 -0.029749 0.179803 -0.016871 1.655032 0.331141 0.177629 0.289804 -0.001713 -0.512525 -0.585204 -9999.0 -9999.0 -9999.0 -9999.0 -9999.0 -9999.0 -9999.0 -9999.0 -9999.0 -9999.0 -9999.0 -9999.0 -9999.0 -9999.0 -9999.0 -9999.0 -9999.0 -9999.0 -9999.0 -9999.0 -9999.0 -9999.0 -9999.0 -9999.0 -9999.0 -9999.0 -9999.0
-9999.0 -9999.0 -9999.0 -9999.0 -9999.0 -9999.0 -9999.0 -9999.0 -9999.0 -9999.0 -9999.0 -9999.0 -9999.0 0.550914 2.200656 3.224065 4.538702 8.261695 4.638668 3.072854 2.894500 2.499188 3.291279 2.805721 -0.007410 0.255401 0.008845 -0.008253 -0.011418 -0.004053 -0.028254 0.232376 0.146595 0.081387 -0.000380 -0.614274 -9999.0 -9999.0 -9999.0 -9999.0 -9999.0 -9999.0 -9999.0 -9999.0 -9999.0 -9999.0 -9999.0 -9999.0 -9999.0 -9999.0 -9999.0 -9999.0 -9999.0 -9999.0 -9999.0 -9999.0 -9999.0 -9999.0 -9999.0 -9999.0 -9999.0 -9999.0 -9999.0
-9999.0 -9999.0 -9999.0 -9999.0 -9999.0 -9999.0 -9999.0 -9999.0 -9999.0 -9999.0 -9999.0 -9999.0 -9999.0 1.315439 3.865680 3.904810 3.684733 6.465797 8.321787 4.863981 3.821119 4.636629 2.535335 1.176324 1.486815 0.212187 0.130887 0.235882 -0.001724 -0.016971 -0.022343 0.077724 -0.001250 -0.430050 -0.005621 -9999.0 -9999.0 -9999.0 -9999.0 -9999.0 -9999.0 -9999.0 -9999.0 -9999.0 -9999.0 -9999.0 -9999.0 -9999.0 -9999.0 -9999.0 -9999.0 -9999.0 -9999.0 -9999.0 -9999.0 -9999.0 -9999.0 -9999.0 -9999.0 -9999.0 -9999.0 -9999.0 -9999.0
-9999.0 -9999.0 -9999.0 -9999.0 -9999.0 -9999.0 -9999.0 -9999.0 -9999.0 -9999.0 -9999.0 -9999.0 -9999.0 3.959825 3.172156 5.189550 3.538057 4.262597 8.598446 4.643655 4.369098 2.923200 -0.005983 -0.014265 1.772911 0.953513 0.478661 -0.004824 0.000264 -0.001983 0.060963 -4.260371 -0.572887 -5.737445 -0.617711 -9999.0 -9999.0 -9999.0 -9999.0 -9999.0 -9999.0 -9999.0 -9999.0 -9999.0 -9999.0 -9999.0 -9999.0 -9999.0 -9999.0 -9999.0 -9999.0 -9999.0 -9999.0 -9999.0 -9999.0 -9999.0 -9999.0 -9999.0 -9999.0 -9999.0 -9999.0 -9999.0 -9999.0
-9999.0 -9999.0 -9999.0 -9999.0 -9999.0 -9999.0 -9999.0 -9999.0 -9999.0 -9999.0 -9999.0 -9999.0 2.766085 2.651335 4.855744 3.244010 2.156556 3.725256 7.153952 5.542855 3.247498 0.007189 0.073238 -0.005701 -0.034133 0.130656 -2.135325 0.059405 0.106523 -0.001168 -0.004126 -0.006455 -0.001549 -0.717534 -9999.0 -9999.0 -9999.0 -9999.0 -9999.0 -9999.0 -9999.0 -9999.0 -9999.0 -9999.0 -9999.0 -9999.0 -9999.0 -9999.0 -9999.0 -9999.0 -9999.0 -9999.0 -9999.0 -9999.0 -9999.0 -9999.0 -9999.0 -9999.0 -9999.0 -9999.0 -9999.0 -9999.0 -9999.0
-9999.0 -9999.0 -9999.0 -9999.0 -9999.0 -9999.0 -9999.0 -9999.0 -9999.0 -9999.0 -9999.0 0.781837 4.267893 2.094890 4.318124 2.537403 4.825284 4.138084 7.003672 7.174936 2.505338 2.346773 0.318600 0.153787 0.418119 0.164460 0.007859 0.088847 -0.000817 -0.568099 -0.498604 0.142745 -0.000513 -0.563887 -0.009694 0.046918 0.054347 0.107671 0.129628 -9999.0 -9999.0 -9999.0 -0.577509 -9999.0 -9999.0 -9999.0 -9999.0 -9999.0 -9999.0 -9999.0 -9999.0 -9999.0 -9999.0 -9999.0 -9999.0 -9999.0 -9999.0 -9999.0 -9999.0 -9999.0 -9999.0 -9999.0 -9999.0
-9999.0 -9999.0 -9999.0 -9999.0 -9999.0 -9999.0 -9999.0 -9999.0 -9999.0 -9999.0 -9999.0 0.542020 3.990618 5.624357 5.395401 1.491580 6.480374 4.578977 7.145818 5.759905 4.252977 0.982873 0.229348 -1.441276 -0.879883 0.127654 0.076879 0.161894 0.267266 -0.560510 0.080425 0.171302 -0.000238 -0.002573 -0.002738 0.114257 0.188611 0.250228 0.084894 -0.539173 -0.547178 -0.578110 0.071432 -0.389538 -9999.0 -9999.0 -9999.0 -0.006437 -0.003896 -0.005614 -0.002793 -0.525617 -0.544062 -0.005724 -0.005106 -0.577584 -9999.0 -9999.0 -9999.0 -9999.0 -9999.0 -9999.0 -9999.0
-9999.0 -9999.0 -9999.0 -9999.0 -9999.0 -9999.0 -9999.0 -9999.0 -9999.0 -9999.0 -9999.0 0.479474 0.565965 0.415194 2.118896 2.140325 1.557558 3.612854 6.731137 5.728298 2.131796 0.046904 -0.031658 0.157030 0.128120 -0.002005 -0.952385 -2.734260 -0.000875 -0.001776 -0.002359 -0.780073 0.163910 -0.002205 -0.001263 0.173092 -0.688571 -1.792151 0.309492 -0.020991 0.129955 0.069844 0.163125 0.102653 -0.002392 -9999.0 -0.846605 -0.002481 0.069107 0.130691 0.153114 0.267538 0.113072 0.058016 0.018230 -0.002183 -9999.0 -9999.0 -9999.0 -9999.0 -9999.0 -9999.0 -9999.0
-9999.0 -9999.0 -9999.0 -9999.0 -9999.0 -9999.0 -9999.0 -9999.0 -9999.0 -9999.0 -9999.0 -9999.0 0.705221 -0.000392 1.033436 1.293376 0.494408 2.656160 6.583396 5.651241 2.011520 0.113052 -0.020036 -1.515663 -2.202433 -1.030561 0.188252 0.160140 0.071313 -0.005849 0.075091 -1.180085 0.172282 0.013459 -0.000251 0.138028 -0.278146 -1.812317 1.269642 -0.012433 0.246211 0.325538 -0.451569 0.202902 -0.000744 -0.002751 -0.525431 -0.002320 -2.104170 -0.750276 -0.016283 -2.880098 -2.970736 -2.275607 -2.011111 0.018507 -0.002013 -9999.0 -9999.0 -9999.0 -9999.0 -9999.0 -9999.0
-9999.0 -9999.0 -9999.0 -9999.0 -9999.0 -9999.0 -9999.0 -9999.0 -9999.0 -9999.0 -9999.0 -0.393908 0.249652 1.055250 -0.000413 0.092152 0.737557 2.000436 6.049173 4.001100 2.294615 0.369072 -0.000402 -0.149925 -0.243495 -1.663912 -0.044100 0.062824 0.046046 0.218740 -1.584040 -0.995584 0.226828 0.055457 -0.003315 0.085976 0.128523 -0.018631 0.057449 0.464560 -0.019239 -0.006586 -0.016645 0.011973 0.312447 0.064528 0.099822 0.199378 0.297448 -0.011157 -2.416206 0.066772 -2.737425 -4.999736 -5.634194 -5.484199 -0.001817 -9999.0 -9999.0 -9999.0 -9999.0 -9999.0 -9999.0
-9999.0 -9999.0 -9999.0 -9999.0 -9999.0 -9999.0 -9999.0 -9999.0 -9999.0 -9999.0 0.161998 -0.018002 0.233438 0.297233 0.600419 0.009600 -0.000364 -0.008389 3.146946 3.653040 3.819240 2.360140 -0.425963 0.370715 -0.011857 -1.231328 -0.992612 -3.321739 0.171441 0.218909 -0.034128 -1.639355 0.196147 0.026014 -0.627375 -0.004718 0.176595 -0.045400 -0.328183 0.110034 0.173672 1.380512 4.668062 0.670740 -0.012910 0.229933 0.140789 -0.028818 -0.044905 -0.004298 -3.745923 -0.456278 -6.058154 -6.484856 -0.517124 0.051202 0.052356 -9999.0 -9999.0 -9999.0 -9999.0 -9999.0 -9999.0
-9999.0 -9999.0 -9999.0 -9999.0 -9999.0 -9999.0 -9999.0 -9999.0 -9999.0 0.138440 0.175890 -0.013582 -0.001640 -0.020811 -0.133067 -0.015379 -0.014251 1.620409 3.074497 3.697346 4.212634 0.464236 0.016434 0.216529 0.053777 -1.339062 -1.886344 0.242442 -0.015053 -0.000722 0.067668 -1.538179 -0.002098 -0.508015 -0.559319 -0.005042 0.180445 -0.538038 -1.157501 -0.023752 -0.820172 -0.382589 -0.314093 1.220820 0.735709 -0.013010 0.597889 -0.023771 -0.023074 0.073535 -2.215160 -0.002064 -6.083803 -1.444521 -0.505967 -4.493299 -4.001740 -0.004305 -0.501178 -9999.0 -9999.0 -9999.0 -9999.0
-9999.0 -9999.0 -9999.0 -9999.0 -9999.0 -9999.0 -9999.0 -9999.0 -9999.0 0.131259 0.129951 0.265615 1.247922 -0.002232 -0.015254 -0.021250 0.526499 0.331321 3.646615 5.290058 4.870733 4.351689 2.565271 1.218212 -0.941228 -0.559193 -0.021620 -0.003460 0.377874 1.316005 0.587546 -1.919349 0.130360 -0.000584 0.071486 -0.204358 -0.002418 0.305729 0.125643 0.246409 -0.081410 -0.900896 -0.017867 0.583897 2.355224 1.788484 1.459883 0.178107 -0.004151 0.092607 -2.797742 -4.353589 -0.934944 -0.005572 -0.003037 -5.450323 -3.456590 -1.655827 -0.001461 -9999.0 -9999.0 -9999.0 -9999.0
-9999.0 -9999.0 -9999.0 -9999.0 -9999.0 -9999.0 -9999.0 -9999.0 -9999.0 -9999.0 0.074323 0.206926 -0.008503 -0.664037 -0.004310 -0.014209 -0.005572 1.357880 4.431616 4.527782 4.993329 2.286800 -0.016474 -0.242918 -0.113929 -0.012194 0.088505 0.832857 0.509174 -1.474423 -1.819610 -2.575077 -2.657381 0.007678 0.120149 0.224673 0.204434 0.232565 -0.002123 0.088213 0.070055 0.210837 0.297534 -0.011978 -0.008316 -0.005656 1.284610 2.893402 2.763193 0.089407 -1.759716 -2.626377 -0.505833 -0.794024 -0.005765 -0.002582 0.034844 -1.234845 -0.031383 -0.009942 -9999.0 -9999.0 -9999.0
-9999.0 -9999.0 -9999.0 -9999.0 -9999.0 -9999.0 -9999.0 -9999.0 -9999.0 -9999.0 0.066190 0.146720 0.200655 -0.000525 2.126197 -0.007591 -0.008862 2.186234 4.876924 5.224290 2.945016 1.023034 -0.019869 -0.014789 -0.012368 0.435413 1.454582 -0.006369 -1.163807 -2.377386 0.085266 0.150597 -2.781176 -0.000658 0.105554 0.259511 -1.069817 -0.019541 -2.336066 0.058628 0.094215 1.647478 -0.283820 0.193699 0.251213 -0.387795 -0.000779 -0.008883 2.648538 1.860807 0.030532 -2.017241 -3.110890 -0.495720 -1.268319 -0.785889 -0.002752 -0.024880 0.735085 1.764350 -9999.0 -9999.0 -9999.0
-9999.0 -9999.0 -9999.0 -9999.0 -9999.0 -9999.0 -9999.0 -9999.0 0.122092 0.073554 0.040750 0.128218 -2.492049 -0.018458 -0.039832 1.237013 2.485140 5.211100 5.440739 5.615805 4.672471 3.531396 2.610163 0.821171 0.118594 1.559580 2.200679 -0.769575 -2.549210 -2.308802 -0.046474 0.084801 0.087709 -0.001415 0.101257 0.129922 0.488250 -0.016380 -2.417440 -0.052569 0.239137 0.216750 -2.363349 -0.002686 0.528669 0.212784 -2.236805 -0.018823 -0.006493 2.052481 0.174185 -2.328580 -2.666770 -4.825979 -0.524242 -0.000484 -0.000829 0.227088 0.349669 4.050122 -9999.0 -9999.0 -9999.0
-9999.0 -9999.0 -9999.0 -9999.0 -9999.0 -9999.0 -9999.0 -9999.0 -2.891636 -1.477395 -2.403554 0.037322 0.130126 -1.901775 -0.796459 -0.005470 1.488819 2.072851 5.074807 6.147567 7.532540 7.053082 6.139582 4.973215 2.909156 2.957848 0.481617 -0.020282 -3.052551 0.057857 -0.002269 -0.001671 0.143248 -0.001326 0.129191 0.192332 1.663817 0.024337 -0.016856 0.171676 0.096533 -0.000272 0.047084 0.175814 0.169510 -0.043403 -2.755667 0.152633 -0.014701 1.130998 1.600634 -0.015219 -4.475306 -0.002662 0.106299 -2.461336 -0.028540 -0.000517 2.279817 5.108292 6.089283 -9999.0 -9999.0
-9999.0 -9999.0 -9999.0 -9999.0 -9999.0 -9999.0 -9999.0 -9999.0 0.084124 0.093758 0.017267 -2.657879 0.123416 -2.186835 -0.023738 -0.713314 0.015058 2.491718 5.012614 7.449101 6.610032 7.623762 7.414630 5.108433 5.456800 2.817306 0.030263 -1.114868 -3.175144 0.085154 0.168845 0.214115 -1.246136 -0.618368 0.234781 1.264114 -0.003986 1.378670 -0.025364 -0.317467 0.170325 0.195137 0.167371 0.099353 -0.757964 0.143813 -0.298412 0.088776 -1.562139 -0.013160 2.271109 0.102006 -3.414614 -4.320138 -0.016519 -0.000509 0.855951 2.147305 4.886413 5.368407 5.853750 -9999.0 -9999.0
-9999.0 -9999.0 -9999.0 -9999.0 -9999.0 -9999.0 -9999.0 -9999.0 -0.004236 0.161530 -0.020303 -3.283344 0.107851 -0.558686 -0.405165 0.016231 3.569340 4.818135 5.582824 5.294084 6.072370 6.484107 7.395989 6.601550 3.226201 0.621346 -0.041783 -1.872585 0.193754 -1.938224 -0.023061 -0.030725 -0.000411 -0.002425 -0.013591 0.420612 1.965042 3.671496 0.337789 -0.005102 0.251669 0.266882 0.249051 0.504520 0.101814 -0.001780 0.185788 0.291350 0.119862 -0.031672 -0.008604 1.934187 0.155518 -0.014891 0.517751 1.389997 2.883371 4.493908 5.387619 5.587848 4.556348 2.330761 -9999.0
-9999.0 -9999.0 -9999.0 -9999.0 -9999.0 -9999.0 -9999.0 -9999.0 -0.003894 0.109920 -2.130438 -1.469463 -0.512789 -0.110172 1.437784 1.872214 3.457483 2.022342 0.419420 2.475889 4.360247 5.919189 6.102938 5.787423 4.629390 0.007171 -0.976984 -0.012792 -0.004581 -0.000360 -0.210220 0.086595 1.851270 0.871203 0.104079 0.760361 2.759121 5.654243 5.028499 1.713344 0.193062 0.103625 0.300259 0.029140 -0.025484 0.330511 -0.015552 -0.023873 -0.016555 0.077880 1.085214 1.338700 1.602303 1.381791 2.166188 2.516505 3.085502 3.941205 4.812625 4.800677 3.813738 1.728358 -9999.0
-9999.0 -9999.0 0.139343 0.124199 -3.388647 -0.870473 -2.274531 -2.334200 0.007960 0.031541 -1.346968 -0.930339 -0.075246 0.017371 2.499565 1.406297 -0.014123 -1.104495 -0.019427 -0.005876 2.340536 5.085555 5.343384 5.745145 3.894086 1.616364 -0.008282 0.005195 2.161502 2.289250 -0.015113 0.388355 4.317733 2.992768 3.972326 4.218968 6.505653 7.898344 6.801580 4.106171 4.141546 4.189174 3.859314 2.037701 -0.006354 0.088529 1.239134 1.092437 1.898693 3.204123 4.152978 3.575187 2.741222 2.288580 2.243384 4.230755 2.875307 3.260910 3.000715 3.168539 2.988488 0.907429 -9999.0
-9999.0 -0.023976 -0.943143 -0.100623 -0.642147 -1.009984 -1.849417 -2.368429 -3.026851 0.006024 -2.198326 -0.838727 -0.000416 2.069225 2.014341 -0.311327 -0.584820 -1.396135 -0.380599 -0.011618 2.114474 3.882338 5.122216 4.540277 5.903077 3.647178 4.068614 4.338869 4.373237 2.848146 2.938481 3.069462 4.801765 7.105166 7.142318 8.363437 9.994160 10.801753 10.175841 8.503509 7.639656 7.535938 6.848191 4.417697 3.113272 3.521255 4.227968 5.551512 6.022232 5.759587 4.516638 3.404127 2.647197 1.904403 1.839974 1.445110 0.498952 0.848934 1.217388 1.953719 0.174633 0.682795 -9999.0
-9999.0 0.606583 -0.000809 -0.011936 0.170396 -0.022086 -2.414267 -2.582712 -0.000379 -0.001033 -2.278878 -1.139627 0.021834 1.985833 -0.109876 -3.524944 -2.453680 -2.178281 -1.191545 -0.007847 2.446032 1.630857 2.712018 2.455545 4.933550 5.937042 5.065553 5.566325 5.600333 6.015831 6.164865 5.926046 6.631775 7.561642 9.857136 10.546544 13.592783 14.616886 13.087058 11.995996 11.271154 10.308848 9.203923 7.692284 7.562824 7.426785 7.283880 7.038731 6.423632 5.574047 3.587510 1.664238 0.613120 1.224586 0.419355 -0.027266 -0.803770 -0.055438 -0.049425 -0.134433 -0.021471 -9999.0 -9999.0
