erum2020/resources/simulation/Vinschgau/output-maps/TsL0005N1178.asc
ncols         63
nrows         48
xllcorner     598000.000000
yllcorner     5145000.000000
cellsize      1000.000000
NODATA_value  -9999.0
[rows 0 to 27 of 48, columns 0 to 62 of 63]
-9999.0 -9999.0 -9999.0 -9999.0 -9999.0 -9999.0 -9999.0 -9999.0 -9999.0 -9999.0 -9999.0 -9999.0 -9999.0 -9999.0 -9999.0 -9999.0 -9999.0 -9999.0 -9999.0 -9999.0 -9999.0 -9999.0 -9999.0 -9999.0 -9999.0 -9999.0 -9999.0 -9999.0 -9999.0 -9999.0 -9999.0 -9999.0 -9999.0 -9999.0 -9999.0 -9999.0 -9999.0 -9999.0 -9999.0 -9999.0 -9999.0 -9999.0 -9999.0 -9999.0 -9999.0 -9999.0 -9999.0 -9999.0 -9999.0 -9999.0 -9999.0 -9999.0 -9999.0 -9999.0 -9999.0 -9999.0 -9999.0 -9999.0 -9999.0 -9999.0 -9999.0 -9999.0 -9999.0
-9999.0 -9999.0 -9999.0 -9999.0 -9999.0 -9999.0 -9999.0 -9999.0 -9999.0 -9999.0 -9999.0 -9999.0 -9999.0 -9999.0 -9999.0 -9999.0 -9999.0 -9999.0 -9999.0 -9999.0 -9999.0 -9999.0 -9999.0 -9999.0 -9999.0 -9999.0 -9999.0 0.738428 0.018258 1.575322 -0.006861 -0.004618 -0.262151 -9999.0 -9999.0 -9999.0 -9999.0 -9999.0 -9999.0 -9999.0 -9999.0 -9999.0 -9999.0 -9999.0 -9999.0 -9999.0 -9999.0 -9999.0 -9999.0 -9999.0 -9999.0 -9999.0 -9999.0 -9999.0 -9999.0 -9999.0 -9999.0 -9999.0 -9999.0 -9999.0 -9999.0 -9999.0 -9999.0
-9999.0 -9999.0 -9999.0 -9999.0 -9999.0 -9999.0 -9999.0 -9999.0 -9999.0 -9999.0 -9999.0 -9999.0 -9999.0 -9999.0 -9999.0 -9999.0 -9999.0 -9999.0 -9999.0 -9999.0 -9999.0 -9999.0 -9999.0 -9999.0 0.245743 0.451825 0.690685 0.324071 0.257114 0.133399 -0.004978 -9999.0 -9999.0 -9999.0 -9999.0 -9999.0 -9999.0 -9999.0 -9999.0 -9999.0 -9999.0 -9999.0 -9999.0 -9999.0 -9999.0 -9999.0 -9999.0 -9999.0 -9999.0 -9999.0 -9999.0 -9999.0 -9999.0 -9999.0 -9999.0 -9999.0 -9999.0 -9999.0 -9999.0 -9999.0 -9999.0 -9999.0 -9999.0
-9999.0 -9999.0 -9999.0 -9999.0 -9999.0 -9999.0 -9999.0 -9999.0 -9999.0 -9999.0 -9999.0 -9999.0 -9999.0 -9999.0 -9999.0 -9999.0 -9999.0 -9999.0 -9999.0 -9999.0 -9999.0 -9999.0 -9999.0 0.526087 1.131703 3.625137 4.004219 4.198545 3.965585 1.018597 -0.003407 -0.024823 -9999.0 -9999.0 -9999.0 -9999.0 -9999.0 -9999.0 -9999.0 -9999.0 -9999.0 -9999.0 -9999.0 -9999.0 -9999.0 -9999.0 -9999.0 -9999.0 -9999.0 -9999.0 -9999.0 -9999.0 -9999.0 -9999.0 -9999.0 -9999.0 -9999.0 -9999.0 -9999.0 -9999.0 -9999.0 -9999.0 -9999.0
-9999.0 -9999.0 -9999.0 -9999.0 -9999.0 -9999.0 -9999.0 -9999.0 -9999.0 -9999.0 -9999.0 -9999.0 -9999.0 -9999.0 -9999.0 -9999.0 -9999.0 -9999.0 6.451232 1.492754 -9999.0 0.810238 1.580290 3.500213 3.467280 4.472094 4.368358 4.519103 2.397016 0.116872 0.318798 -0.002609 0.044378 -0.002137 -9999.0 -9999.0 -9999.0 -9999.0 -9999.0 -9999.0 -9999.0 -9999.0 -9999.0 -9999.0 -9999.0 -9999.0 -9999.0 -9999.0 -9999.0 -9999.0 -9999.0 -9999.0 -9999.0 -9999.0 -9999.0 -9999.0 -9999.0 -9999.0 -9999.0 -9999.0 -9999.0 -9999.0 -9999.0
-9999.0 -9999.0 -9999.0 -9999.0 -9999.0 -9999.0 -9999.0 -9999.0 -9999.0 -9999.0 -9999.0 -9999.0 -9999.0 -9999.0 -9999.0 -9999.0 -9999.0 5.372682 4.021282 4.729699 5.630770 -0.003643 0.952416 2.867492 4.964182 -0.005277 -0.102608 0.148794 -0.036438 2.071234 2.175253 0.405984 2.066242 0.404180 0.004541 -0.003571 -9999.0 -9999.0 -9999.0 -9999.0 -9999.0 -9999.0 -9999.0 -9999.0 -9999.0 -9999.0 -9999.0 -9999.0 -9999.0 -9999.0 -9999.0 -9999.0 -9999.0 -9999.0 -9999.0 -9999.0 -9999.0 -9999.0 -9999.0 -9999.0 -9999.0 -9999.0 -9999.0
-9999.0 -9999.0 -9999.0 -9999.0 -9999.0 -9999.0 -9999.0 -9999.0 -9999.0 -9999.0 -9999.0 -9999.0 -9999.0 4.644822 2.689801 3.693017 5.060200 13.106651 5.111628 4.136632 3.811528 3.093441 4.264496 4.973606 -0.007649 1.606439 -0.043381 -0.075744 -0.033148 -0.013344 -0.344388 0.945075 0.000695 -0.006306 0.103056 -0.002533 -9999.0 -9999.0 -9999.0 -9999.0 -9999.0 -9999.0 -9999.0 -9999.0 -9999.0 -9999.0 -9999.0 -9999.0 -9999.0 -9999.0 -9999.0 -9999.0 -9999.0 -9999.0 -9999.0 -9999.0 -9999.0 -9999.0 -9999.0 -9999.0 -9999.0 -9999.0 -9999.0
-9999.0 -9999.0 -9999.0 -9999.0 -9999.0 -9999.0 -9999.0 -9999.0 -9999.0 -9999.0 -9999.0 -9999.0 -9999.0 5.775768 5.081474 4.423768 4.263572 11.440685 13.149076 5.874957 4.311988 7.682716 2.871033 1.308765 1.993235 -0.003176 0.089298 1.236539 0.097354 -0.097837 -0.481697 -0.000126 0.067043 -3.932722 0.000592 -9999.0 -9999.0 -9999.0 -9999.0 -9999.0 -9999.0 -9999.0 -9999.0 -9999.0 -9999.0 -9999.0 -9999.0 -9999.0 -9999.0 -9999.0 -9999.0 -9999.0 -9999.0 -9999.0 -9999.0 -9999.0 -9999.0 -9999.0 -9999.0 -9999.0 -9999.0 -9999.0 -9999.0
-9999.0 -9999.0 -9999.0 -9999.0 -9999.0 -9999.0 -9999.0 -9999.0 -9999.0 -9999.0 -9999.0 -9999.0 -9999.0 5.199833 5.144166 6.344423 4.098161 4.761157 13.694322 5.102381 8.909036 3.526836 -0.008480 -0.017015 1.927913 1.185396 3.380025 0.083146 -0.011358 -0.024255 -0.004510 -3.785938 -3.466060 -6.558027 -0.001913 -9999.0 -9999.0 -9999.0 -9999.0 -9999.0 -9999.0 -9999.0 -9999.0 -9999.0 -9999.0 -9999.0 -9999.0 -9999.0 -9999.0 -9999.0 -9999.0 -9999.0 -9999.0 -9999.0 -9999.0 -9999.0 -9999.0 -9999.0 -9999.0 -9999.0 -9999.0 -9999.0 -9999.0
-9999.0 -9999.0 -9999.0 -9999.0 -9999.0 -9999.0 -9999.0 -9999.0 -9999.0 -9999.0 -9999.0 -9999.0 4.001789 4.657124 6.036251 4.046450 2.646872 4.345543 12.469635 6.474387 3.997268 -0.008797 -0.017033 -0.020744 -0.418244 0.085686 -1.480635 -0.004088 -0.009318 0.049015 -3.185561 0.041718 -0.025869 -0.003254 -9999.0 -9999.0 -9999.0 -9999.0 -9999.0 -9999.0 -9999.0 -9999.0 -9999.0 -9999.0 -9999.0 -9999.0 -9999.0 -9999.0 -9999.0 -9999.0 -9999.0 -9999.0 -9999.0 -9999.0 -9999.0 -9999.0 -9999.0 -9999.0 -9999.0 -9999.0 -9999.0 -9999.0 -9999.0
-9999.0 -9999.0 -9999.0 -9999.0 -9999.0 -9999.0 -9999.0 -9999.0 -9999.0 -9999.0 -9999.0 4.153679 5.303061 2.677568 5.543267 7.515345 5.888389 4.681789 11.740843 8.005702 3.053030 2.724074 1.567796 0.216295 -0.015436 0.246691 -0.007947 -0.000074 -0.025470 -0.000367 0.046198 0.005586 0.095930 0.040623 0.040021 0.283474 -0.005919 0.195290 0.196557 -9999.0 -9999.0 -9999.0 -0.004002 -9999.0 -9999.0 -9999.0 -9999.0 -9999.0 -9999.0 -9999.0 -9999.0 -9999.0 -9999.0 -9999.0 -9999.0 -9999.0 -9999.0 -9999.0 -9999.0 -9999.0 -9999.0 -9999.0 -9999.0
-9999.0 -9999.0 -9999.0 -9999.0 -9999.0 -9999.0 -9999.0 -9999.0 -9999.0 -9999.0 -9999.0 3.087978 5.078236 6.714478 6.363904 6.776927 7.872049 5.219626 12.279443 8.863231 8.440070 4.745157 0.944364 -1.061017 -0.790977 0.000072 -0.000078 0.111996 1.717037 0.044252 -0.000118 0.141327 -0.020004 -0.031991 -0.024624 -0.000124 1.054319 1.097613 0.279524 0.040172 0.057306 0.037278 -0.003293 0.063657 -9999.0 -9999.0 -9999.0 -0.075146 -0.058207 -0.001760 -0.049040 -0.091572 -0.060691 -0.303849 -0.355923 -0.092563 -9999.0 -9999.0 -9999.0 -9999.0 -9999.0 -9999.0 -9999.0
-9999.0 -9999.0 -9999.0 -9999.0 -9999.0 -9999.0 -9999.0 -9999.0 -9999.0 -9999.0 -9999.0 2.706484 4.029252 1.134775 6.991843 7.816323 2.688938 4.210176 10.678371 8.840028 2.489876 -0.004746 -0.205754 0.327214 0.000170 1.041279 -1.596202 -1.900529 0.296725 -0.023026 0.093563 -2.313185 0.258612 -0.026250 0.062010 0.371434 -1.514256 -1.049928 2.576145 0.095186 0.172315 -0.001270 0.040738 -0.000066 -0.033458 -9999.0 -0.003056 -0.038738 -0.005989 0.000542 0.219591 1.815751 -0.000009 -0.005160 -0.024092 -0.030144 -9999.0 -9999.0 -9999.0 -9999.0 -9999.0 -9999.0 -9999.0
-9999.0 -9999.0 -9999.0 -9999.0 -9999.0 -9999.0 -9999.0 -9999.0 -9999.0 -9999.0 -9999.0 -9999.0 3.244467 -0.027310 5.622159 6.177029 1.004638 3.238832 11.332313 8.611099 2.448616 0.725945 -0.089232 -0.325051 -1.093840 -0.331442 0.711509 0.600773 -0.004134 0.070098 -0.000113 -0.909808 0.797545 -0.018378 -0.026776 -0.000061 -0.365069 -0.887973 4.515353 0.722253 1.721427 3.130312 -0.350727 0.726167 0.084876 -0.034498 -0.002120 -0.030049 -1.207501 -0.262985 -0.030189 -2.023352 -2.082701 -2.654267 -3.226033 -0.030253 -0.028306 -9999.0 -9999.0 -9999.0 -9999.0 -9999.0 -9999.0
-9999.0 -9999.0 -9999.0 -9999.0 -9999.0 -9999.0 -9999.0 -9999.0 -9999.0 -9999.0 -9999.0 -0.207489 1.475564 5.024363 -0.034391 0.045390 1.935278 2.508334 10.811991 4.408452 2.750854 0.731213 -0.020987 -0.289176 -0.279363 -0.890306 -0.267514 -0.003461 -0.005743 1.194909 -0.718366 -1.313199 0.816380 -0.007973 -0.026465 -0.004933 0.140985 -0.199856 0.147310 4.087077 -0.067892 -0.015200 -0.117086 -0.020804 1.548045 -0.002650 -0.001674 1.227400 3.123367 -0.022144 -1.470887 -0.002558 -3.874922 -3.404561 -3.863512 -4.211884 0.003479 -9999.0 -9999.0 -9999.0 -9999.0 -9999.0 -9999.0
-9999.0 -9999.0 -9999.0 -9999.0 -9999.0 -9999.0 -9999.0 -9999.0 -9999.0 -9999.0 1.021755 -0.091415 1.383424 1.845908 3.933501 -0.006915 -0.010072 -0.006087 3.602648 4.055533 6.306141 4.495904 -0.286232 2.232516 -0.029297 -0.678745 -1.033296 -2.411715 0.759497 1.194690 -0.798905 -0.903578 0.660241 -0.007954 -0.001718 0.095162 0.890861 -0.281554 -0.155923 0.698312 0.806983 2.226034 7.656602 0.922321 -0.024933 1.146447 0.140689 -0.501732 -0.565861 -0.013266 -3.905962 -0.001753 -4.049825 -4.749826 -4.766331 -0.005381 -0.007591 -9999.0 -9999.0 -9999.0 -9999.0 -9999.0 -9999.0
-9999.0 -9999.0 -9999.0 -9999.0 -9999.0 -9999.0 -9999.0 -9999.0 -9999.0 0.095523 1.033289 -0.043652 -0.042403 -0.094540 -0.333558 -0.100558 -0.027102 5.334401 3.534291 4.123119 6.825211 0.919338 0.174603 1.125790 -0.003629 -0.930203 -1.071866 1.220538 -0.052762 -0.033162 0.000317 -1.127666 0.224021 -0.002319 0.061751 0.092157 0.510371 -0.395203 -0.299825 -0.261915 -0.473292 -0.233312 -0.249301 1.642541 0.957761 -0.025412 3.430564 -0.145798 -0.137916 0.236574 -0.981440 0.002259 -5.076680 -0.493437 -0.209116 -3.290297 -3.238928 0.063609 -0.029580 -9999.0 -9999.0 -9999.0 -9999.0
-9999.0 -9999.0 -9999.0 -9999.0 -9999.0 -9999.0 -9999.0 -9999.0 -9999.0 0.071555 0.091896 1.372366 3.589691 -0.011736 -0.029886 -0.106945 2.908852 1.204771 4.113781 8.254046 7.691666 7.705180 4.829157 3.041391 -0.555937 -0.391779 -0.187847 -0.015242 1.009911 3.137074 1.526304 -1.500830 -0.000014 -0.022999 -0.007278 0.089129 0.608614 2.891071 0.050667 1.308340 -0.288954 -0.490468 -0.050425 1.303996 2.612208 2.663503 2.328817 0.924374 -0.017606 0.488999 -2.389702 -3.553519 -0.684511 -0.815833 -0.533579 -4.326034 -2.713896 -2.435367 0.400295 -9999.0 -9999.0 -9999.0 -9999.0
-9999.0 -9999.0 -9999.0 -9999.0 -9999.0 -9999.0 -9999.0 -9999.0 -9999.0 -9999.0 -0.000119 0.819097 -0.032041 -0.335927 -0.008495 -0.026451 -0.011909 2.328920 4.904581 5.591499 7.683753 2.737444 -0.008542 -0.184729 -0.270332 -0.026760 0.478428 1.530958 1.488216 -1.064552 -1.390822 -1.738954 -1.836212 -0.010694 -0.003585 0.870708 0.793641 0.939401 0.552365 -0.000095 -0.000328 0.906896 2.340055 -0.025737 -0.008000 -0.004549 1.658664 5.176096 3.497915 0.446955 -1.344395 -3.119662 -0.322338 -0.767928 -0.865097 -0.071841 -0.010742 -0.658826 -0.476883 -0.018151 -9999.0 -9999.0 -9999.0
-9999.0 -9999.0 -9999.0 -9999.0 -9999.0 -9999.0 -9999.0 -9999.0 -9999.0 -9999.0 -0.007582 0.189596 0.831520 -0.020696 3.979010 -0.006021 -0.006063 2.618641 5.302019 6.460224 3.437477 1.548290 -0.014770 -0.032364 -0.021394 1.082912 2.237246 -0.008696 -0.764262 -1.577742 -0.000057 0.241485 -3.296734 -0.022096 -0.000050 1.307116 -0.600540 -0.166501 -0.994869 -0.004617 -0.000076 3.950424 -0.210510 1.034176 1.222124 -0.197589 -0.012511 -0.007569 2.969968 2.752854 -0.004586 -0.990421 -2.296319 -0.084217 -1.154317 -0.744727 -0.049216 -0.198876 0.981406 2.374944 -9999.0 -9999.0 -9999.0
-9999.0 -9999.0 -9999.0 -9999.0 -9999.0 -9999.0 -9999.0 -9999.0 0.012747 -0.000173 -0.002177 0.083119 -1.609280 -0.139423 -0.041366 1.594426 2.957458 8.572027 6.640801 6.922479 5.173790 4.106699 3.205327 1.431330 0.838374 1.895087 4.185871 -0.356998 -0.862418 -1.478719 -3.351043 -0.000075 -0.000068 -0.012584 -0.002298 0.093728 3.512965 -0.125846 -1.993619 0.096956 1.450871 0.901871 -1.397579 0.441866 4.005055 1.148492 -1.817228 -0.067192 -0.005388 2.815265 0.777352 -1.968489 -3.404042 -3.993897 -0.567185 -0.018987 0.077670 1.578925 1.122799 4.265682 -9999.0 -9999.0 -9999.0
-9999.0 -9999.0 -9999.0 -9999.0 -9999.0 -9999.0 -9999.0 -9999.0 -1.946045 -1.092215 -1.158514 -0.006043 0.104705 -1.049346 -0.425532 -0.005092 1.945302 2.539049 5.575325 7.468760 12.066134 10.697103 10.279642 9.509799 3.429320 3.321269 0.812122 -0.086422 -2.934298 -0.004636 -0.024945 0.302241 0.000274 0.614975 0.047400 0.678108 4.895425 -0.001543 -0.055566 0.311064 -0.000058 -2.389424 1.108279 0.426859 0.560204 -0.265810 -1.875785 0.240596 -0.055635 1.452852 2.267332 -0.029960 -3.952990 -0.038189 -0.000032 -1.435505 -0.202344 -0.017269 3.059741 5.812686 7.289876 -9999.0 -9999.0
-9999.0 -9999.0 -9999.0 -9999.0 -9999.0 -9999.0 -9999.0 -9999.0 -0.000061 0.083382 -0.008786 -1.764688 -0.006392 -1.208827 -0.149616 -0.344167 0.158524 3.750183 5.495859 11.763831 7.917387 11.004806 11.135294 6.535623 8.357752 3.249064 0.290684 -0.717928 -2.441219 -0.000055 0.955907 0.889249 -1.013746 -0.815112 1.049630 3.939288 -0.015547 1.591976 -0.036824 -0.226159 0.300402 1.670523 0.416466 -0.000117 -0.847114 0.127129 0.089956 -0.000157 -0.940981 -0.006785 2.556196 0.578583 -2.695972 -3.765730 -0.632481 -0.055429 1.482910 2.911244 5.771897 6.044891 6.689780 -9999.0 -9999.0
-9999.0 -9999.0 -9999.0 -9999.0 -9999.0 -9999.0 -9999.0 -9999.0 -0.002370 0.343366 -0.236000 -3.575503 0.000702 -0.437787 -0.239350 0.108916 4.033031 5.282955 8.206507 5.740928 7.338081 7.712703 10.482606 9.746138 3.643721 1.014908 -0.027261 -1.438009 0.699364 -0.228787 -0.183883 -0.132133 -0.014058 -0.049544 -0.020063 3.275703 5.984278 4.116236 0.644863 -0.022049 1.155207 1.344874 1.312028 3.802529 -0.001318 1.441999 0.814323 2.552713 0.067862 -0.204977 -0.005235 2.231511 0.735305 -0.053983 1.060109 2.018298 3.759236 4.775117 5.722335 6.409573 5.336715 2.676372 -9999.0
-9999.0 -9999.0 -9999.0 -9999.0 -9999.0 -9999.0 -9999.0 -9999.0 -0.228887 -0.000057 -1.220933 -1.047419 -0.249280 -0.121970 3.208594 2.759433 5.588845 2.435506 0.795771 2.920969 4.803253 7.077825 7.325887 7.018273 7.647004 -0.006119 -0.579752 -0.021447 -0.009116 -0.026785 -0.210540 0.250713 2.549690 1.609663 0.601641 1.799373 3.996270 6.125722 5.505067 2.514605 0.969786 0.619655 0.681072 -0.010238 -0.166338 1.708506 -0.038016 -0.263451 -0.040919 0.288632 1.933944 1.727553 1.950268 2.245815 2.824133 3.224078 3.935711 4.829797 5.539844 5.691931 4.215082 2.070607 -9999.0
-9999.0 -9999.0 0.166044 0.030695 -2.384308 -0.936735 -2.015866 -1.167003 -0.009417 -0.002108 -0.739242 -0.521515 -0.093442 -0.007332 4.477504 1.960639 -0.008997 -0.712783 -0.070940 -0.005216 2.794940 5.494336 6.202017 6.202660 5.087986 2.062837 -0.006659 -0.005310 2.495182 4.284043 -0.007397 0.713764 6.646116 3.429894 4.905408 4.676605 7.827542 8.388733 7.302576 4.620481 5.537662 5.390719 4.283493 2.940738 -0.006247 0.398341 1.986711 1.435103 2.900960 3.929433 5.263615 4.495246 3.645138 3.144802 3.037366 7.570582 3.714288 4.159905 3.868611 3.545348 5.411137 1.277587 -9999.0
-9999.0 -0.285805 -0.306054 -0.359156 -0.419020 -0.604655 -0.723992 -1.195302 -2.134156 -0.008712 -0.965668 -0.389953 -0.009862 3.704578 3.444618 -0.196598 -0.302735 -1.000113 -0.347268 -0.005557 2.553344 4.313051 7.352838 4.893121 9.114837 4.907893 7.117101 7.280933 5.580664 3.641447 4.099667 4.296039 5.952863 9.864513 8.460491 9.611254 11.306785 11.295600 11.404470 9.655841 9.001575 8.867763 8.106968 4.872966 3.570652 3.971892 5.140388 6.002371 7.275149 6.104959 5.346964 4.304656 3.497883 2.698158 2.623659 2.074181 0.804450 1.161967 1.871295 3.908314 0.515617 1.080572 -9999.0
-9999.0 2.637927 -0.034041 -0.052445 0.734354 -0.240537 -1.983631 -1.698437 -0.019286 -0.015909 -1.037071 -0.724268 0.042382 3.622851 -0.081963 -3.101102 -1.070378 -1.046946 -0.539915 -0.015110 4.296771 1.961199 3.063897 3.350751 8.667948 10.162500 5.527197 6.851325 6.625514 6.482934 6.631670 6.404693 7.675307 8.618491 12.861819 11.625234 17.972231 19.023845 14.386943 13.294433 12.567578 11.525459 10.541322 8.140096 8.019981 7.893756 8.406445 8.032472 7.367175 6.446538 4.352849 2.000625 0.941353 1.449768 0.681252 -0.019392 -0.363652 -0.040058 -0.025887 -0.087991 -0.016822 -9999.0 -9999.0
