erum2020/resources/simulation/Vinschgau/output-maps/TsL0005N0879.asc
ncols         63
nrows         48
xllcorner     598000.000000
yllcorner     5145000.000000
cellsize      1000.000000
NODATA_value  -9999.0
[rows 0 to 27 of 48, columns 0 to 62 of 63]
-9999.0 -9999.0 -9999.0 -9999.0 -9999.0 -9999.0 -9999.0 -9999.0 -9999.0 -9999.0 -9999.0 -9999.0 -9999.0 -9999.0 -9999.0 -9999.0 -9999.0 -9999.0 -9999.0 -9999.0 -9999.0 -9999.0 -9999.0 -9999.0 -9999.0 -9999.0 -9999.0 -9999.0 -9999.0 -9999.0 -9999.0 -9999.0 -9999.0 -9999.0 -9999.0 -9999.0 -9999.0 -9999.0 -9999.0 -9999.0 -9999.0 -9999.0 -9999.0 -9999.0 -9999.0 -9999.0 -9999.0 -9999.0 -9999.0 -9999.0 -9999.0 -9999.0 -9999.0 -9999.0 -9999.0 -9999.0 -9999.0 -9999.0 -9999.0 -9999.0 -9999.0 -9999.0 -9999.0
-9999.0 -9999.0 -9999.0 -9999.0 -9999.0 -9999.0 -9999.0 -9999.0 -9999.0 -9999.0 -9999.0 -9999.0 -9999.0 -9999.0 -9999.0 -9999.0 -9999.0 -9999.0 -9999.0 -9999.0 -9999.0 -9999.0 -9999.0 -9999.0 -9999.0 -9999.0 -9999.0 -6.139026 -4.713687 -5.240263 -5.349977 -6.095267 -6.316549 -9999.0 -9999.0 -9999.0 -9999.0 -9999.0 -9999.0 -9999.0 -9999.0 -9999.0 -9999.0 -9999.0 -9999.0 -9999.0 -9999.0 -9999.0 -9999.0 -9999.0 -9999.0 -9999.0 -9999.0 -9999.0 -9999.0 -9999.0 -9999.0 -9999.0 -9999.0 -9999.0 -9999.0 -9999.0 -9999.0
-9999.0 -9999.0 -9999.0 -9999.0 -9999.0 -9999.0 -9999.0 -9999.0 -9999.0 -9999.0 -9999.0 -9999.0 -9999.0 -9999.0 -9999.0 -9999.0 -9999.0 -9999.0 -9999.0 -9999.0 -9999.0 -9999.0 -9999.0 -9999.0 -3.888990 -3.569948 -2.582987 -3.795344 -3.267906 -4.943219 -5.656674 -9999.0 -9999.0 -9999.0 -9999.0 -9999.0 -9999.0 -9999.0 -9999.0 -9999.0 -9999.0 -9999.0 -9999.0 -9999.0 -9999.0 -9999.0 -9999.0 -9999.0 -9999.0 -9999.0 -9999.0 -9999.0 -9999.0 -9999.0 -9999.0 -9999.0 -9999.0 -9999.0 -9999.0 -9999.0 -9999.0 -9999.0 -9999.0
-9999.0 -9999.0 -9999.0 -9999.0 -9999.0 -9999.0 -9999.0 -9999.0 -9999.0 -9999.0 -9999.0 -9999.0 -9999.0 -9999.0 -9999.0 -9999.0 -9999.0 -9999.0 -9999.0 -9999.0 -9999.0 -9999.0 -9999.0 -3.433996 -1.755906 -0.005593 0.305517 0.822174 -0.007219 -3.332693 -5.595117 -6.204217 -9999.0 -9999.0 -9999.0 -9999.0 -9999.0 -9999.0 -9999.0 -9999.0 -9999.0 -9999.0 -9999.0 -9999.0 -9999.0 -9999.0 -9999.0 -9999.0 -9999.0 -9999.0 -9999.0 -9999.0 -9999.0 -9999.0 -9999.0 -9999.0 -9999.0 -9999.0 -9999.0 -9999.0 -9999.0 -9999.0 -9999.0
-9999.0 -9999.0 -9999.0 -9999.0 -9999.0 -9999.0 -9999.0 -9999.0 -9999.0 -9999.0 -9999.0 -9999.0 -9999.0 -9999.0 -9999.0 -9999.0 -9999.0 -9999.0 -0.002674 -2.051869 -9999.0 -2.691536 -1.813418 -0.007835 -0.004047 0.794790 -0.003251 -0.002260 -0.001304 -0.004665 -3.731448 -5.291381 -7.195660 -9.657338 -9999.0 -9999.0 -9999.0 -9999.0 -9999.0 -9999.0 -9999.0 -9999.0 -9999.0 -9999.0 -9999.0 -9999.0 -9999.0 -9999.0 -9999.0 -9999.0 -9999.0 -9999.0 -9999.0 -9999.0 -9999.0 -9999.0 -9999.0 -9999.0 -9999.0 -9999.0 -9999.0 -9999.0 -9999.0
-9999.0 -9999.0 -9999.0 -9999.0 -9999.0 -9999.0 -9999.0 -9999.0 -9999.0 -9999.0 -9999.0 -9999.0 -9999.0 -9999.0 -9999.0 -9999.0 -9999.0 3.951805 2.233416 0.879982 -3.489259 -0.009512 -0.004549 -0.004493 -0.003822 -0.003238 -0.153020 -0.055515 -0.026779 -0.002392 -1.557075 -3.714872 -5.300256 -5.986884 -7.973198 -9.256447 -9999.0 -9999.0 -9999.0 -9999.0 -9999.0 -9999.0 -9999.0 -9999.0 -9999.0 -9999.0 -9999.0 -9999.0 -9999.0 -9999.0 -9999.0 -9999.0 -9999.0 -9999.0 -9999.0 -9999.0 -9999.0 -9999.0 -9999.0 -9999.0 -9999.0 -9999.0 -9999.0
-9999.0 -9999.0 -9999.0 -9999.0 -9999.0 -9999.0 -9999.0 -9999.0 -9999.0 -9999.0 -9999.0 -9999.0 -9999.0 -1.505375 -0.003353 1.766399 3.437128 2.701039 3.524343 -0.008014 -0.004561 -0.004643 -0.004099 -0.003560 -0.002946 -1.777894 -2.479661 -1.076973 -0.935663 -0.080204 -1.709982 -4.187024 -5.588751 -6.296121 -6.815134 -9.570987 -9999.0 -9999.0 -9999.0 -9999.0 -9999.0 -9999.0 -9999.0 -9999.0 -9999.0 -9999.0 -9999.0 -9999.0 -9999.0 -9999.0 -9999.0 -9999.0 -9999.0 -9999.0 -9999.0 -9999.0 -9999.0 -9999.0 -9999.0 -9999.0 -9999.0 -9999.0 -9999.0
-9999.0 -9999.0 -9999.0 -9999.0 -9999.0 -9999.0 -9999.0 -9999.0 -9999.0 -9999.0 -9999.0 -9999.0 -9999.0 -0.331111 0.799060 2.563897 2.742104 2.078951 2.760127 1.147125 2.575915 0.154193 0.847163 -0.003043 -0.006441 -0.058034 -4.675964 -5.566973 -6.696568 -1.935771 -1.411244 -5.068382 -7.037057 -10.038935 -8.309917 -9999.0 -9999.0 -9999.0 -9999.0 -9999.0 -9999.0 -9999.0 -9999.0 -9999.0 -9999.0 -9999.0 -9999.0 -9999.0 -9999.0 -9999.0 -9999.0 -9999.0 -9999.0 -9999.0 -9999.0 -9999.0 -9999.0 -9999.0 -9999.0 -9999.0 -9999.0 -9999.0 -9999.0
-9999.0 -9999.0 -9999.0 -9999.0 -9999.0 -9999.0 -9999.0 -9999.0 -9999.0 -9999.0 -9999.0 -9999.0 -9999.0 0.315190 0.068745 1.467333 2.116053 3.059366 2.939142 3.433060 0.256700 -0.067021 -0.003362 -0.006433 -0.002837 -0.005581 -4.480076 -6.976686 -6.203055 -8.909761 -5.664057 -10.572237 -11.029331 -12.843340 -9.945117 -9999.0 -9999.0 -9999.0 -9999.0 -9999.0 -9999.0 -9999.0 -9999.0 -9999.0 -9999.0 -9999.0 -9999.0 -9999.0 -9999.0 -9999.0 -9999.0 -9999.0 -9999.0 -9999.0 -9999.0 -9999.0 -9999.0 -9999.0 -9999.0 -9999.0 -9999.0 -9999.0 -9999.0
-9999.0 -9999.0 -9999.0 -9999.0 -9999.0 -9999.0 -9999.0 -9999.0 -9999.0 -9999.0 -9999.0 -9999.0 -0.005726 -0.005456 0.925247 -0.002937 0.509479 2.408150 2.576649 2.053674 -0.004505 -0.066954 -0.119248 -0.228119 -1.755631 -4.687462 -3.528044 -5.816571 -5.559970 -7.240770 -10.567515 -7.504203 -6.276498 -10.506835 -9999.0 -9999.0 -9999.0 -9999.0 -9999.0 -9999.0 -9999.0 -9999.0 -9999.0 -9999.0 -9999.0 -9999.0 -9999.0 -9999.0 -9999.0 -9999.0 -9999.0 -9999.0 -9999.0 -9999.0 -9999.0 -9999.0 -9999.0 -9999.0 -9999.0 -9999.0 -9999.0 -9999.0 -9999.0
-9999.0 -9999.0 -9999.0 -9999.0 -9999.0 -9999.0 -9999.0 -9999.0 -9999.0 -9999.0 -9999.0 -1.353547 0.169395 0.319534 0.160125 -0.068049 0.625610 2.293185 2.586560 1.366982 0.911276 -0.002739 -2.516685 -4.263252 -0.605725 -3.984368 -6.069484 -4.890383 -5.280713 -9.051210 -7.742774 -5.486975 -6.641071 -8.739838 -7.882222 -6.376093 -5.954121 -5.129240 -4.776058 -9999.0 -9999.0 -9999.0 -8.894496 -9999.0 -9999.0 -9999.0 -9999.0 -9999.0 -9999.0 -9999.0 -9999.0 -9999.0 -9999.0 -9999.0 -9999.0 -9999.0 -9999.0 -9999.0 -9999.0 -9999.0 -9999.0 -9999.0 -9999.0
-9999.0 -9999.0 -9999.0 -9999.0 -9999.0 -9999.0 -9999.0 -9999.0 -9999.0 -9999.0 -9999.0 -1.625519 0.599026 1.774576 1.672269 -1.389419 2.884916 3.142750 2.714711 1.731792 0.285650 -0.324158 -1.964139 -3.162757 -2.358387 -4.807588 -5.211802 -3.914403 -5.416725 -8.673069 -4.905790 -4.616951 -6.214427 -7.061211 -7.899315 -4.913841 -3.303248 -3.481250 -4.948214 -8.385747 -8.338209 -8.844225 -5.147004 -7.219684 -9999.0 -9999.0 -9999.0 -9.149626 -8.086657 -7.715561 -6.957273 -8.828107 -9.062847 -8.038996 -7.629136 -9.649122 -9999.0 -9999.0 -9999.0 -9999.0 -9999.0 -9999.0 -9999.0
-9999.0 -9999.0 -9999.0 -9999.0 -9999.0 -9999.0 -9999.0 -9999.0 -9999.0 -9999.0 -9999.0 -2.893416 -1.680103 -0.180248 -0.068965 -0.351197 -0.002300 2.535045 2.102390 1.758480 1.284005 -0.004029 -1.384877 -3.861275 -4.826889 -5.954874 -1.689835 -3.911617 -6.223309 -7.500715 -6.657638 -4.422894 -3.744435 -6.686702 -7.206546 -3.570617 -3.566198 -3.140823 -2.496780 -6.592256 -4.595141 -6.016723 -3.751870 -4.741431 -6.781407 -9999.0 -10.322493 -6.730556 -5.183779 -4.110160 -3.843333 -4.671699 -4.672531 -5.388547 -5.536299 -6.525128 -9999.0 -9999.0 -9999.0 -9999.0 -9999.0 -9999.0 -9999.0
-9999.0 -9999.0 -9999.0 -9999.0 -9999.0 -9999.0 -9999.0 -9999.0 -9999.0 -9999.0 -9999.0 -9999.0 -1.427702 -0.398754 -0.752398 -0.634835 -0.003731 1.762308 2.305626 1.800324 1.076356 -0.004260 -0.261944 -1.045032 -3.587671 -1.819853 -2.388179 -4.108657 -5.468890 -7.118356 -5.171011 -4.215258 -3.794599 -5.735408 -6.285117 -4.528056 -2.121326 -2.315132 -0.129599 -3.976828 -3.114594 -4.611227 -1.695729 -2.334813 -6.731694 -7.090684 -8.230091 -6.606113 -3.577236 -1.657070 -0.355900 -4.045144 -2.878197 -4.628062 -5.310554 -5.284706 -6.394662 -9999.0 -9999.0 -9999.0 -9999.0 -9999.0 -9999.0
-9999.0 -9999.0 -9999.0 -9999.0 -9999.0 -9999.0 -9999.0 -9999.0 -9999.0 -9999.0 -9999.0 -0.781275 -3.537876 -1.789519 -0.580341 -0.024932 -0.002441 1.029132 1.781469 3.102902 1.389725 -0.003245 -0.199769 -2.313969 -1.501538 -0.424598 -0.717234 -5.692377 -5.952784 -5.589636 -2.133358 -3.349416 -2.655155 -5.577419 -7.854934 -4.922294 -4.792059 -1.319861 -0.017612 -1.387943 -1.406683 -0.062395 -0.819101 -1.634905 -1.676150 -5.541975 -4.459727 -5.441255 -4.526453 -0.364230 -4.460000 -5.397098 -6.956432 -7.836202 -8.871668 -9.661384 -7.306005 -9999.0 -9999.0 -9999.0 -9999.0 -9999.0 -9999.0
-9999.0 -9999.0 -9999.0 -9999.0 -9999.0 -9999.0 -9999.0 -9999.0 -9999.0 -9999.0 -2.397387 -0.643224 -2.123805 -2.119219 -0.829972 -0.734701 -0.747716 -0.003491 2.560184 2.755715 0.369849 -0.001099 -0.788213 -1.351306 -0.014205 -1.809900 -2.945894 -5.393651 -3.929475 -3.047025 -2.741552 -2.790774 -2.978938 -5.563356 -9.724799 -6.631192 -3.713104 -1.923524 -0.051532 -0.002703 -0.002626 -0.001789 0.120908 0.287160 -0.115476 -5.395506 -4.359069 -1.416442 -1.632397 -0.014206 -6.778236 -7.847161 -9.363816 -10.596249 -10.253980 -5.615733 -5.415577 -9999.0 -9999.0 -9999.0 -9999.0 -9999.0 -9999.0
-9999.0 -9999.0 -9999.0 -9999.0 -9999.0 -9999.0 -9999.0 -9999.0 -9999.0 -4.611214 -1.938578 -1.653679 -0.555354 -1.113152 -0.699438 -0.302088 -0.170311 -0.022367 2.300839 3.175156 0.714894 -0.005758 -0.004308 -0.003246 -0.002644 -1.691927 -3.762297 -2.939997 -0.632260 -0.045683 -0.002570 -1.889120 -6.315336 -9.518223 -8.599191 -6.759224 -4.045496 -2.506340 -1.980003 -0.423513 -0.116178 -0.164087 -0.662445 0.966732 0.326170 -0.442163 -0.612223 -1.588767 -1.517391 -0.002277 -2.973992 -7.329813 -11.525884 -10.498107 -8.568278 -7.098319 -6.084401 -6.858400 -8.185508 -9999.0 -9999.0 -9999.0 -9999.0
-9999.0 -9999.0 -9999.0 -9999.0 -9999.0 -9999.0 -9999.0 -9999.0 -9999.0 -6.015867 -4.797595 -3.067210 -0.820776 -0.005100 -0.234062 -1.142358 -0.765084 -0.002438 2.937949 1.633926 1.282405 0.396113 -0.001686 -0.019046 -1.304797 -2.282839 -0.984960 -0.020017 -0.002276 -0.007737 -0.686787 -2.271018 -4.489539 -6.621336 -5.368782 -6.769194 -6.221140 -4.913954 -4.811614 -2.426978 -0.838931 -2.893982 -0.873540 -0.002186 1.605012 0.596706 0.266638 -0.003492 -0.006872 -0.002316 -3.134888 -6.469977 -9.921644 -8.758018 -7.447449 -7.940377 -5.895951 -4.811178 -5.813602 -9999.0 -9999.0 -9999.0 -9999.0
-9999.0 -9999.0 -9999.0 -9999.0 -9999.0 -9999.0 -9999.0 -9999.0 -9999.0 -9999.0 -5.368500 -3.059342 -0.119240 -0.555873 -0.004135 -0.158682 -0.006252 0.077981 3.751135 2.610346 1.362308 1.459159 -0.002853 -0.192484 -1.535166 -0.116340 -0.002558 -0.001534 -0.751462 -1.818880 -2.173455 -2.576145 -4.829530 -6.013128 -3.872660 -4.245464 -2.365629 -1.784246 -6.177351 -4.974770 -5.420934 -2.059878 -1.617945 -0.389756 -0.003561 -0.002998 0.437960 0.058580 0.942084 -0.003039 -2.086136 -4.617975 -8.673978 -9.629123 -8.893497 -6.731018 -4.267377 -1.754398 -2.287334 -0.095139 -9999.0 -9999.0 -9999.0
-9999.0 -9999.0 -9999.0 -9999.0 -9999.0 -9999.0 -9999.0 -9999.0 -9999.0 -9999.0 -5.590740 -4.344801 -2.841326 -0.081481 -0.001095 -0.004546 -0.003839 1.478224 4.135804 3.587817 2.551487 0.243733 -0.003610 -0.564164 -0.116546 -0.002147 0.299613 -0.006143 -1.510473 -4.505916 -5.047906 -4.635166 -5.927665 -6.823084 -4.959481 -2.051669 -1.768905 -0.451887 -3.056102 -5.872404 -4.702676 -3.945917 -1.820988 -3.464815 -1.199998 -0.450363 -0.021823 -0.003588 1.720345 0.665452 -0.020522 -2.980604 -5.118906 -8.159527 -10.292606 -9.469515 -6.781138 -1.648246 0.631120 0.403057 -9999.0 -9999.0 -9999.0
-9999.0 -9999.0 -9999.0 -9999.0 -9999.0 -9999.0 -9999.0 -9999.0 -3.770077 -5.211913 -6.154669 -3.749929 -3.652101 -1.657071 -0.063223 0.857170 1.825329 1.329258 3.322149 4.096853 4.337574 2.954566 1.772890 -0.006031 -0.002984 1.323974 -0.001842 -1.024760 -2.638915 -4.463195 -9.315626 -4.980642 -4.938831 -6.525439 -4.533131 -4.638239 -1.105620 -0.392695 -2.781083 -6.793093 -5.475557 -2.719135 -4.456284 -6.339773 -4.419982 -2.133454 -2.588855 -0.860179 -0.003745 0.914551 -0.006383 -0.925940 -4.018602 -6.926962 -8.981263 -5.989088 -6.538371 -1.668934 -0.002238 2.902907 -9999.0 -9999.0 -9999.0
-9999.0 -9999.0 -9999.0 -9999.0 -9999.0 -9999.0 -9999.0 -9999.0 -3.972435 -2.231409 -3.951931 -5.970674 -4.653779 -2.623944 -1.145959 -0.002902 0.737725 1.323515 4.706917 4.628814 3.475903 2.657038 1.228452 0.051322 2.211106 2.242411 0.231074 -0.550234 -5.876478 -5.798086 -6.598562 -6.323803 -4.460228 -6.129456 -3.940718 -3.113314 -0.978295 -0.309743 -0.838667 -3.839232 -5.128281 -7.890349 -5.943003 -3.667253 -2.600306 -1.222234 -4.819792 -3.990213 -0.593535 0.941387 0.461715 -0.451085 -4.637153 -6.623574 -4.535097 -4.225454 -1.773236 -0.018336 1.188801 3.574441 4.667490 -9999.0 -9999.0
-9999.0 -9999.0 -9999.0 -9999.0 -9999.0 -9999.0 -9999.0 -9999.0 -4.936208 -3.955337 -3.647652 -4.766929 -5.182202 -4.162101 -1.227408 -1.010752 -0.004764 0.612751 4.627354 3.614576 5.098055 3.541551 2.936583 3.180602 1.780813 1.979623 -0.002585 -1.460774 -5.168040 -4.958889 -5.749190 -2.661599 -3.153261 -2.743482 -2.168275 -1.955180 -0.041424 1.058125 -0.018893 -1.482244 -3.982462 -5.603468 -3.819982 -4.057364 -2.379834 -3.871216 -6.724023 -4.866996 -3.188420 -0.002132 1.925475 -0.003860 -4.929839 -4.908748 -2.899210 -1.353437 -0.001189 1.064862 3.191987 3.372097 4.229378 -9999.0 -9999.0
-9999.0 -9999.0 -9999.0 -9999.0 -9999.0 -9999.0 -9999.0 -9999.0 -7.622496 -3.679149 -1.108047 -5.433442 -4.396818 -1.662308 -0.455916 -0.002556 3.064872 4.387835 2.150107 4.977842 4.505491 4.928602 3.665101 3.086616 2.670753 0.306369 -0.007801 -2.226057 -2.386659 -1.357978 -1.630020 -0.921699 -0.059985 -0.116180 -0.529669 -1.469399 -0.006299 2.761842 -0.001715 -0.164992 -3.234655 -2.918426 -2.970935 -4.488013 -4.620821 -5.506116 -3.863387 -4.757326 -4.598545 -1.864410 -0.002558 1.521372 -0.002866 -1.082116 -0.004130 0.309376 1.824450 3.319824 4.407911 4.001309 3.078110 1.757216 -9999.0
-9999.0 -9999.0 -9999.0 -9999.0 -9999.0 -9999.0 -9999.0 -9999.0 -7.550419 -4.023523 -2.168957 -1.792199 -0.613696 -0.076299 -0.006539 0.689733 0.705905 1.484033 -0.004344 1.714022 3.939677 4.239463 4.558683 4.253328 0.938662 -0.004636 -1.326917 -0.124399 -0.002884 -0.326616 -0.411613 -0.005324 0.623178 -0.001873 -0.002584 -0.002493 0.833060 4.661227 4.070164 0.482687 -0.002379 -0.002119 -0.008492 -0.046750 -1.751632 -1.764291 -0.703703 -0.201493 -0.811581 -0.003049 -0.000962 0.906791 1.280850 0.382969 1.011731 1.324919 2.051504 2.802884 3.395021 3.029952 2.954424 1.187602 -9999.0
-9999.0 -9999.0 -4.525730 -3.882719 -4.434418 -2.600960 -4.070377 -3.712362 -5.839002 -4.825294 -1.879741 -0.267729 -0.076943 -0.098751 -0.000985 0.298311 -0.003320 -1.433033 -0.740935 -0.003229 1.616082 4.243117 3.443231 5.475727 2.261513 0.975199 -0.004482 -0.004007 1.289796 -0.001649 -0.002921 -0.003156 1.215149 1.987245 2.023428 3.288056 4.267008 7.058929 6.015381 3.228889 2.017821 2.038735 2.664824 0.810770 -0.002736 -0.002766 0.035410 0.763128 0.801207 1.791558 2.462510 2.307950 1.739767 1.298218 1.247553 1.327187 1.835055 2.194341 1.785920 2.350821 0.136545 0.457932 -9999.0
-9999.0 -1.086951 -1.166144 -1.355608 -2.459726 -3.687613 -4.060577 -4.101841 -5.120038 -5.926826 -3.123900 -1.066664 -0.045211 -0.196159 -0.001000 -0.458194 -1.474441 -3.046913 -1.088538 -0.003045 1.430746 2.921931 1.541145 3.372214 2.274372 1.957737 0.525105 0.850979 2.297193 1.308281 1.086384 1.096471 2.520505 3.344294 4.767736 5.959506 7.446134 10.224256 7.586410 6.096623 5.273115 5.103820 4.402063 3.448188 2.276778 2.673788 2.545977 4.628632 3.936400 4.659075 3.070864 2.329271 1.596441 0.871637 0.811939 0.370370 0.284750 0.617308 0.063393 -0.002042 -0.002608 0.251131 -9999.0
-9999.0 -1.396637 -1.000719 -0.424146 -0.677000 -2.313609 -2.758506 -4.631411 -6.159406 -6.264986 -3.685473 -1.457001 -0.003396 -0.000898 -0.083533 -2.664930 -3.901675 -3.402981 -0.610266 -0.025099 -0.002021 1.114441 1.893505 0.821087 1.555693 2.356395 4.813538 4.192676 3.669749 5.376338 5.810126 5.490611 4.250844 5.133360 5.768833 7.967229 9.312048 10.355668 10.162700 9.286815 8.502628 7.619649 6.519406 7.209988 7.304180 7.043177 5.146456 4.958912 4.469917 3.818324 2.233681 1.232747 0.373751 1.039061 0.276824 -0.012086 -0.039136 -0.034585 -0.009689 -0.072683 -0.006622 -9999.0 -9999.0
