erum2020/resources/simulation/Vinschgau/output-maps/TsL0004N0846.asc
ncols         63
nrows         48
xllcorner     598000.000000
yllcorner     5145000.000000
cellsize      1000.000000
NODATA_value  -9999.0
[rows 0 to 27 of 48, columns 0 to 62 of 63]
-9999.0 -9999.0 -9999.0 -9999.0 -9999.0 -9999.0 -9999.0 -9999.0 -9999.0 -9999.0 -9999.0 -9999.0 -9999.0 -9999.0 -9999.0 -9999.0 -9999.0 -9999.0 -9999.0 -9999.0 -9999.0 -9999.0 -9999.0 -9999.0 -9999.0 -9999.0 -9999.0 -9999.0 -9999.0 -9999.0 -9999.0 -9999.0 -9999.0 -9999.0 -9999.0 -9999.0 -9999.0 -9999.0 -9999.0 -9999.0 -9999.0 -9999.0 -9999.0 -9999.0 -9999.0 -9999.0 -9999.0 -9999.0 -9999.0 -9999.0 -9999.0 -9999.0 -9999.0 -9999.0 -9999.0 -9999.0 -9999.0 -9999.0 -9999.0 -9999.0 -9999.0 -9999.0 -9999.0
-9999.0 -9999.0 -9999.0 -9999.0 -9999.0 -9999.0 -9999.0 -9999.0 -9999.0 -9999.0 -9999.0 -9999.0 -9999.0 -9999.0 -9999.0 -9999.0 -9999.0 -9999.0 -9999.0 -9999.0 -9999.0 -9999.0 -9999.0 -9999.0 -9999.0 -9999.0 -9999.0 -4.599035 -3.218330 -3.777612 -3.966069 -4.721514 -5.031748 -9999.0 -9999.0 -9999.0 -9999.0 -9999.0 -9999.0 -9999.0 -9999.0 -9999.0 -9999.0 -9999.0 -9999.0 -9999.0 -9999.0 -9999.0 -9999.0 -9999.0 -9999.0 -9999.0 -9999.0 -9999.0 -9999.0 -9999.0 -9999.0 -9999.0 -9999.0 -9999.0 -9999.0 -9999.0 -9999.0
-9999.0 -9999.0 -9999.0 -9999.0 -9999.0 -9999.0 -9999.0 -9999.0 -9999.0 -9999.0 -9999.0 -9999.0 -9999.0 -9999.0 -9999.0 -9999.0 -9999.0 -9999.0 -9999.0 -9999.0 -9999.0 -9999.0 -9999.0 -9999.0 -1.578616 -1.385877 -1.071882 -1.515964 -3.319638 -3.625666 -4.270073 -9999.0 -9999.0 -9999.0 -9999.0 -9999.0 -9999.0 -9999.0 -9999.0 -9999.0 -9999.0 -9999.0 -9999.0 -9999.0 -9999.0 -9999.0 -9999.0 -9999.0 -9999.0 -9999.0 -9999.0 -9999.0 -9999.0 -9999.0 -9999.0 -9999.0 -9999.0 -9999.0 -9999.0 -9999.0 -9999.0 -9999.0 -9999.0
-9999.0 -9999.0 -9999.0 -9999.0 -9999.0 -9999.0 -9999.0 -9999.0 -9999.0 -9999.0 -9999.0 -9999.0 -9999.0 -9999.0 -9999.0 -9999.0 -9999.0 -9999.0 -9999.0 -9999.0 -9999.0 -9999.0 -9999.0 -1.312598 -0.436990 -0.003734 0.480392 0.885517 -0.009802 -1.460149 -4.149350 -4.806935 -9999.0 -9999.0 -9999.0 -9999.0 -9999.0 -9999.0 -9999.0 -9999.0 -9999.0 -9999.0 -9999.0 -9999.0 -9999.0 -9999.0 -9999.0 -9999.0 -9999.0 -9999.0 -9999.0 -9999.0 -9999.0 -9999.0 -9999.0 -9999.0 -9999.0 -9999.0 -9999.0 -9999.0 -9999.0 -9999.0 -9999.0
-9999.0 -9999.0 -9999.0 -9999.0 -9999.0 -9999.0 -9999.0 -9999.0 -9999.0 -9999.0 -9999.0 -9999.0 -9999.0 -9999.0 -9999.0 -9999.0 -9999.0 -9999.0 -0.002914 -0.859678 -9999.0 -1.052697 -0.453449 -0.007609 -0.000249 1.099203 -0.003473 -0.003030 -0.000706 -0.042998 -2.069900 -3.881780 -5.692435 -7.561665 -9999.0 -9999.0 -9999.0 -9999.0 -9999.0 -9999.0 -9999.0 -9999.0 -9999.0 -9999.0 -9999.0 -9999.0 -9999.0 -9999.0 -9999.0 -9999.0 -9999.0 -9999.0 -9999.0 -9999.0 -9999.0 -9999.0 -9999.0 -9999.0 -9999.0 -9999.0 -9999.0 -9999.0 -9999.0
-9999.0 -9999.0 -9999.0 -9999.0 -9999.0 -9999.0 -9999.0 -9999.0 -9999.0 -9999.0 -9999.0 -9999.0 -9999.0 -9999.0 -9999.0 -9999.0 -9999.0 4.073767 2.258024 1.174863 -1.846216 -0.070772 -0.038080 -0.004539 -0.003873 -0.006639 -0.190460 -0.086677 -0.071378 -0.003208 -0.539607 -3.790693 -3.820978 -4.449825 -6.271543 -7.400939 -9999.0 -9999.0 -9999.0 -9999.0 -9999.0 -9999.0 -9999.0 -9999.0 -9999.0 -9999.0 -9999.0 -9999.0 -9999.0 -9999.0 -9999.0 -9999.0 -9999.0 -9999.0 -9999.0 -9999.0 -9999.0 -9999.0 -9999.0 -9999.0 -9999.0 -9999.0 -9999.0
-9999.0 -9999.0 -9999.0 -9999.0 -9999.0 -9999.0 -9999.0 -9999.0 -9999.0 -9999.0 -9999.0 -9999.0 -9999.0 -0.502847 -0.003533 1.844477 3.580965 4.349417 3.643123 -0.007948 -0.004104 -0.004946 0.003499 -0.003528 -0.011020 -0.491928 -2.155906 -0.844495 -0.781970 -0.081905 -1.653683 -2.794318 -4.350226 -5.034492 -5.526302 -7.799319 -9999.0 -9999.0 -9999.0 -9999.0 -9999.0 -9999.0 -9999.0 -9999.0 -9999.0 -9999.0 -9999.0 -9999.0 -9999.0 -9999.0 -9999.0 -9999.0 -9999.0 -9999.0 -9999.0 -9999.0 -9999.0 -9999.0 -9999.0 -9999.0 -9999.0 -9999.0 -9999.0
-9999.0 -9999.0 -9999.0 -9999.0 -9999.0 -9999.0 -9999.0 -9999.0 -9999.0 -9999.0 -9999.0 -9999.0 -9999.0 -0.148685 1.034280 2.612313 2.883832 3.181001 4.442972 1.359374 2.635705 0.062669 0.888852 -0.003210 -0.029586 -0.059923 -3.228463 -4.157136 -5.248428 -1.590475 -1.117845 -3.768456 -5.666475 -9.410110 -6.784993 -9999.0 -9999.0 -9999.0 -9999.0 -9999.0 -9999.0 -9999.0 -9999.0 -9999.0 -9999.0 -9999.0 -9999.0 -9999.0 -9999.0 -9999.0 -9999.0 -9999.0 -9999.0 -9999.0 -9999.0 -9999.0 -9999.0 -9999.0 -9999.0 -9999.0 -9999.0 -9999.0 -9999.0
-9999.0 -9999.0 -9999.0 -9999.0 -9999.0 -9999.0 -9999.0 -9999.0 -9999.0 -9999.0 -9999.0 -9999.0 -9999.0 0.555823 0.040608 1.721378 2.211100 3.162011 4.726123 3.528056 0.091934 -0.077790 -0.017542 -0.049864 -0.004484 -0.022138 -2.985121 -5.519948 -4.737148 -8.299775 -4.353547 -10.184214 -10.491644 -12.544435 -8.108458 -9999.0 -9999.0 -9999.0 -9999.0 -9999.0 -9999.0 -9999.0 -9999.0 -9999.0 -9999.0 -9999.0 -9999.0 -9999.0 -9999.0 -9999.0 -9999.0 -9999.0 -9999.0 -9999.0 -9999.0 -9999.0 -9999.0 -9999.0 -9999.0 -9999.0 -9999.0 -9999.0 -9999.0
-9999.0 -9999.0 -9999.0 -9999.0 -9999.0 -9999.0 -9999.0 -9999.0 -9999.0 -9999.0 -9999.0 -9999.0 -0.005407 -0.006399 1.135402 -0.003045 0.580673 2.474215 3.800617 2.313311 -0.004462 -0.076700 -0.132114 -0.194537 -1.305343 -3.310295 -3.156797 -4.409517 -4.286117 -5.848037 -10.019106 -5.911396 -4.988659 -8.531538 -9999.0 -9999.0 -9999.0 -9999.0 -9999.0 -9999.0 -9999.0 -9999.0 -9999.0 -9999.0 -9999.0 -9999.0 -9999.0 -9999.0 -9999.0 -9999.0 -9999.0 -9999.0 -9999.0 -9999.0 -9999.0 -9999.0 -9999.0 -9999.0 -9999.0 -9999.0 -9999.0 -9999.0 -9999.0
-9999.0 -9999.0 -9999.0 -9999.0 -9999.0 -9999.0 -9999.0 -9999.0 -9999.0 -9999.0 -9999.0 -0.338208 0.181164 0.494762 0.152468 -0.074976 0.960680 2.369894 3.542867 1.604078 0.950846 -0.002706 -0.818625 -2.762412 -0.692514 -2.620104 -4.726109 -3.430832 -3.384711 -7.477267 -6.104028 -4.166457 -5.313502 -6.986882 -6.215041 -5.003977 -4.495309 -3.491019 -3.028171 -9999.0 -9999.0 -9999.0 -6.919521 -9999.0 -9999.0 -9999.0 -9999.0 -9999.0 -9999.0 -9999.0 -9999.0 -9999.0 -9999.0 -9999.0 -9999.0 -9999.0 -9999.0 -9999.0 -9999.0 -9999.0 -9999.0 -9999.0 -9999.0
-9999.0 -9999.0 -9999.0 -9999.0 -9999.0 -9999.0 -9999.0 -9999.0 -9999.0 -9999.0 -9999.0 -0.404743 0.767440 1.877016 1.860755 -0.466801 3.100181 3.170561 3.906229 2.353129 0.134021 -0.137916 -0.848815 -2.250579 -1.974717 -3.397247 -3.720995 -2.509965 -4.168908 -7.037542 -3.484851 -3.376019 -4.788402 -5.576139 -6.149046 -3.515425 -1.734597 -1.317175 -3.079178 -6.620974 -6.510196 -6.933428 -3.740889 -5.728565 -9999.0 -9999.0 -9999.0 -4.709261 -6.431263 -6.195501 -5.531326 -7.206054 -7.391700 -4.616364 -4.398751 -7.897076 -9999.0 -9999.0 -9999.0 -9999.0 -9999.0 -9999.0 -9999.0
-9999.0 -9999.0 -9999.0 -9999.0 -9999.0 -9999.0 -9999.0 -9999.0 -9999.0 -9999.0 -9999.0 -0.690013 -0.398204 -0.197960 -0.141530 -0.141632 -0.002415 2.566617 2.797690 2.439964 1.344278 -0.025199 -1.098759 -1.559084 -3.437879 -4.402327 -1.261026 -3.460423 -4.824290 -5.935409 -5.197146 -4.122218 -2.394215 -5.292395 -5.680497 -2.260910 -3.188634 -2.634583 -0.549721 -5.048592 -3.076182 -4.574956 -2.385107 -3.332250 -5.395971 -9999.0 -8.194792 -5.315577 -3.779267 -2.709899 -2.460075 -3.277873 -3.302800 -3.976492 -4.169039 -5.110625 -9999.0 -9999.0 -9999.0 -9999.0 -9999.0 -9999.0 -9999.0
-9999.0 -9999.0 -9999.0 -9999.0 -9999.0 -9999.0 -9999.0 -9999.0 -9999.0 -9999.0 -9999.0 -9999.0 -0.351752 -0.145650 -0.160563 -0.154116 -0.003795 1.825048 3.297949 2.426169 1.134203 -0.018688 -0.151369 -0.784204 -2.889497 -1.355981 -1.400216 -2.793101 -4.089374 -5.580702 -3.713320 -3.856554 -2.422575 -4.350348 -4.896499 -3.157572 -1.371100 -1.971871 -0.147375 -1.978803 -0.921518 -2.988204 -2.828896 -0.955502 -5.238258 -5.614730 -6.552353 -5.176312 -3.243238 -0.928979 -0.198885 -3.686170 -2.813437 -3.590632 -5.019513 -3.974673 -4.971458 -9999.0 -9999.0 -9999.0 -9999.0 -9999.0 -9999.0
-9999.0 -9999.0 -9999.0 -9999.0 -9999.0 -9999.0 -9999.0 -9999.0 -9999.0 -9999.0 -9999.0 -0.576008 -1.245537 -0.555191 -0.403550 -0.035918 -0.003766 1.084910 2.713635 3.127294 1.416581 -0.007012 -0.058685 -1.626244 -1.248400 -0.254825 -0.549186 -4.338275 -4.467986 -4.058066 -1.335247 -2.842565 -2.921072 -4.225715 -6.235049 -3.567503 -3.428241 -0.743057 -0.030180 -0.386751 -0.748770 -0.090836 -0.778168 -1.026491 -0.662283 -4.151597 -3.159309 -3.862642 -2.966313 -0.232051 -4.154158 -4.077239 -6.200360 -7.343804 -8.435501 -9.443127 -5.861230 -9999.0 -9999.0 -9999.0 -9999.0 -9999.0 -9999.0
-9999.0 -9999.0 -9999.0 -9999.0 -9999.0 -9999.0 -9999.0 -9999.0 -9999.0 -9999.0 -0.851801 -0.267457 -0.909867 -0.857639 -0.192564 -0.535672 -0.570231 -0.004423 2.581706 2.783203 0.742985 -0.000596 -0.640805 -0.360244 -0.069947 -1.225352 -2.540636 -5.098609 -2.437519 -1.023075 -1.825057 -1.855369 -1.508395 -4.259851 -8.014838 -5.147445 -2.237841 -1.482158 -0.059688 -0.006178 -0.005458 0.000001 0.029441 0.324154 -0.143947 -3.942299 -2.876406 -1.059691 -1.128062 -0.068200 -5.689300 -6.423824 -8.935459 -10.096491 -9.658504 -4.213213 -4.089900 -9999.0 -9999.0 -9999.0 -9999.0 -9999.0 -9999.0
-9999.0 -9999.0 -9999.0 -9999.0 -9999.0 -9999.0 -9999.0 -9999.0 -9999.0 -3.177111 -0.832301 -1.959923 -0.208613 -0.552571 -0.212648 -0.138990 -0.157864 -0.072576 2.318305 3.233924 1.279260 -0.006103 -0.004664 -0.003959 -0.010054 -1.551330 -3.131630 -0.982054 -0.389393 -0.073494 -0.011959 -1.748785 -4.949887 -8.177409 -6.730411 -5.254249 -3.673699 -2.320519 -1.172543 -0.195536 -0.140168 -0.179469 -0.519192 1.013259 0.364286 -0.141412 -0.272851 -1.005227 -0.978043 -0.005585 -2.729808 -5.920658 -11.246957 -8.732903 -7.056103 -6.568997 -5.402850 -5.429167 -6.700991 -9999.0 -9999.0 -9999.0 -9999.0
-9999.0 -9999.0 -9999.0 -9999.0 -9999.0 -9999.0 -9999.0 -9999.0 -9999.0 -4.714594 -3.487724 -1.365391 -0.168160 -0.046081 -0.169556 -0.562342 -0.155374 -0.003432 2.898902 2.328060 1.921868 0.878952 -0.000259 -0.073626 -1.163479 -1.522075 -0.503141 -0.072423 -0.003983 -0.070927 -0.225644 -2.127351 -3.177416 -5.196970 -3.929127 -5.199279 -4.664938 -3.393003 -3.399656 -0.894048 -0.678430 -2.416927 -0.206841 -0.002459 1.649340 0.826917 0.480125 -0.004935 -0.048222 -0.007667 -2.994011 -6.193044 -8.391293 -7.318876 -6.217655 -7.329837 -5.619835 -4.339142 -4.384555 -9999.0 -9999.0 -9999.0 -9999.0
-9999.0 -9999.0 -9999.0 -9999.0 -9999.0 -9999.0 -9999.0 -9999.0 -9999.0 -9999.0 -3.931549 -1.620685 -0.113143 -0.544488 -0.029777 -0.156765 -0.055697 0.035740 3.656734 2.874000 1.922732 1.472363 -0.009974 -0.125455 -1.279852 -0.142097 -0.009184 -0.001334 -0.239734 -1.677360 -2.031553 -2.506775 -4.544863 -4.596413 -2.558829 -2.880794 -0.977216 -0.648052 -4.713817 -3.614124 -4.064628 -0.890851 -0.459872 -0.133172 -0.014691 -0.004196 0.477501 0.037213 1.143898 -0.009686 -1.941949 -3.380308 -7.208772 -8.159707 -7.483055 -5.362341 -4.029488 -1.624631 -1.862210 -0.082578 -9999.0 -9999.0 -9999.0
-9999.0 -9999.0 -9999.0 -9999.0 -9999.0 -9999.0 -9999.0 -9999.0 -9999.0 -9999.0 -4.172127 -2.909590 -1.108066 -0.099717 -0.001154 -0.004628 -0.004254 1.542308 4.089886 3.860007 2.660763 0.336086 -0.024434 -0.181214 -0.141742 -0.003256 0.488272 -0.014718 -1.370772 -4.217217 -3.688440 -3.278690 -5.058618 -5.394293 -3.551201 -0.668417 -1.579479 -0.270511 -2.682791 -4.494755 -3.267779 -2.691272 -3.232508 -1.897873 -0.441386 -0.336656 -0.063618 -0.014532 1.714833 0.849185 -0.030141 -2.715693 -4.844660 -6.739188 -8.818055 -7.926312 -5.445769 -1.060466 0.706270 0.606970 -9999.0 -9999.0 -9999.0
-9999.0 -9999.0 -9999.0 -9999.0 -9999.0 -9999.0 -9999.0 -9999.0 -1.522948 -3.750727 -4.691138 -2.135299 -3.231485 -3.011209 -0.070106 0.919275 1.848604 2.056834 3.599664 4.422008 4.449451 2.994591 1.846540 -0.006298 -0.004867 1.410618 -0.002073 -0.875421 -2.233977 -4.209652 -8.744407 -3.604856 -3.559898 -5.018660 -3.140615 -3.264421 -0.292899 -0.163158 -2.633945 -5.282878 -3.981025 -1.224618 -4.165419 -4.890737 -2.850804 -1.153203 -2.447041 -0.467468 -0.013507 1.113179 -0.018119 -0.796032 -3.753626 -6.646788 -7.440640 -4.588011 -5.062246 -0.415261 -0.004193 2.456230 -9999.0 -9999.0 -9999.0
-9999.0 -9999.0 -9999.0 -9999.0 -9999.0 -9999.0 -9999.0 -9999.0 -3.665469 -1.794243 -3.634950 -4.576042 -3.225426 -1.966698 -0.888909 -0.004024 0.792868 1.365116 4.756997 4.947646 4.540163 3.480565 2.142923 0.041442 2.249353 2.290453 0.287178 -0.269582 -4.528456 -4.384562 -5.141446 -4.719603 -3.350484 -4.540425 -2.357773 -1.127780 -0.171150 -0.508504 -0.583177 -2.286487 -3.729969 -7.476072 -4.435740 -2.037092 -1.545965 -0.981914 -4.544284 -2.553703 -0.373706 0.979297 0.648673 -0.271351 -3.615323 -5.188117 -3.118200 -3.652231 -1.186294 -0.065553 1.381394 3.760695 4.964644 -9999.0 -9999.0
-9999.0 -9999.0 -9999.0 -9999.0 -9999.0 -9999.0 -9999.0 -9999.0 -3.558352 -2.004467 -2.651498 -4.437384 -3.734665 -3.863295 -0.632328 -0.862182 -0.004833 0.881901 4.706322 4.667372 5.406893 4.377686 3.758653 3.520037 2.438582 2.006184 -0.002570 -1.311137 -4.874952 -3.493504 -4.149530 -0.804684 -2.641150 -2.337376 -0.770336 -0.827330 -0.053647 1.132313 -0.027095 -0.844822 -2.539684 -4.015904 -1.742004 -2.122936 -1.411899 -2.053206 -5.181753 -3.206070 -2.349645 -0.006900 1.971818 -0.019395 -4.144363 -3.479618 -2.034909 -0.759476 -0.000979 1.260081 3.372149 3.561891 4.417516 -9999.0 -9999.0
-9999.0 -9999.0 -9999.0 -9999.0 -9999.0 -9999.0 -9999.0 -9999.0 -6.114630 -2.206360 -2.261090 -4.725687 -4.049984 -1.442729 -0.337672 -0.002458 2.959847 4.430308 2.734584 5.065370 4.793493 5.219591 4.431897 4.024241 2.699614 0.371761 -0.050430 -2.075208 -1.043211 -0.939529 -0.988262 -0.447092 -0.078899 -0.363718 -0.314172 -0.522502 -0.071037 2.786655 -0.001909 -0.105246 -1.254333 -0.943106 -0.981959 -2.888263 -2.781202 -3.945569 -2.363476 -3.217583 -3.084404 -1.149519 -0.006154 1.586473 -0.009964 -1.136587 -0.016498 0.501049 2.006645 2.965600 4.392485 4.186521 3.267714 1.817139 -9999.0
-9999.0 -9999.0 -9999.0 -9999.0 -9999.0 -9999.0 -9999.0 -9999.0 -6.038486 -2.268207 -2.069241 -1.645701 -0.604034 -0.081561 -0.070341 0.875163 1.168007 1.517949 -0.004356 1.743108 4.014230 4.465970 4.847788 4.550845 1.554902 -0.004722 -1.149315 -0.145134 -0.023049 -0.194990 -0.155086 -0.020078 0.770031 -0.002851 -0.006873 -0.002658 1.065104 4.634158 4.004041 0.680108 -0.004902 -0.008208 -0.064938 -0.034134 -1.084720 -0.672972 -0.443451 -0.147292 -0.540936 -0.011905 0.006643 0.993856 1.355090 0.585829 1.197093 1.522251 2.250387 2.980255 3.554922 3.212897 2.973014 1.249994 -9999.0
-9999.0 -9999.0 -3.077212 -1.630010 -4.013835 -1.644102 -3.720732 -3.405561 -4.301663 -3.329420 -1.195708 -0.972872 -0.078308 -0.261637 -0.000151 0.490410 -0.016936 -1.270399 -0.498443 -0.003358 1.656852 4.233193 3.607380 5.590699 2.570708 1.043194 -0.004755 -0.004058 1.347801 -0.001560 -0.007955 -0.003169 1.409356 2.012950 2.234247 3.313013 4.490598 6.874861 5.794543 3.230816 2.250195 2.246544 2.680486 1.013208 -0.003823 -0.008203 0.014228 0.822202 1.004006 2.007293 2.687128 2.577096 1.943125 1.500853 1.446688 2.056454 2.015801 2.370938 1.968180 2.390851 0.054064 0.529508 -9999.0
-9999.0 -0.534957 -0.905470 -1.104447 -1.543849 -3.271687 -3.716016 -3.741414 -4.768428 -4.530930 -2.626343 -0.921676 -0.046125 -0.084793 -0.003180 -0.351553 -1.259208 -1.979952 -0.949689 -0.005593 1.483531 2.907972 2.041478 3.340079 3.149970 2.284113 1.244724 1.558917 2.501543 1.516134 1.363746 1.339568 2.651730 3.824354 4.969553 6.185173 7.637770 10.148415 7.773229 6.320587 5.499712 5.296664 4.577079 3.424068 2.299040 2.717921 2.768131 4.555368 4.139873 4.606377 3.276724 2.516621 1.781010 1.060722 0.994559 0.558248 0.351245 0.679053 0.026984 -0.004388 -0.002678 0.326795 -9999.0
-9999.0 -0.346463 -0.886704 -0.165766 -0.159730 -1.887590 -2.607762 -4.221411 -4.639562 -4.820172 -3.178927 -1.305110 -0.010415 -0.002808 -0.076196 -2.577887 -3.604078 -2.648634 -0.255693 -0.044396 -0.004233 1.150705 1.907338 1.013955 2.349008 3.447085 4.935932 4.581859 3.909869 5.274100 5.885849 5.540625 4.376779 5.260263 6.293022 8.128915 10.258959 11.387536 10.298983 9.457852 8.669717 7.776068 6.666209 7.248940 7.413052 7.088015 5.373518 5.146542 4.660946 4.009376 2.421145 1.292685 0.444097 1.102099 0.342602 -0.033633 -0.046998 -0.047195 -0.028233 -0.104410 -0.025199 -9999.0 -9999.0
