erum2020/resources/simulation/Vinschgau/output-maps/TsL0004N0095.asc
ncols         63
nrows         48
xllcorner     598000.000000
yllcorner     5145000.000000
cellsize      1000.000000
NODATA_value  -9999.0
[rows 0 to 27 of 48, columns 0 to 61 of 63]
-9999.0 -9999.0 -9999.0 -9999.0 -9999.0 -9999.0 -9999.0 -9999.0 -9999.0 -9999.0 -9999.0 -9999.0 -9999.0 -9999.0 -9999.0 -9999.0 -9999.0 -9999.0 -9999.0 -9999.0 -9999.0 -9999.0 -9999.0 -9999.0 -9999.0 -9999.0 -9999.0 -9999.0 -9999.0 -9999.0 -9999.0 -9999.0 -9999.0 -9999.0 -9999.0 -9999.0 -9999.0 -9999.0 -9999.0 -9999.0 -9999.0 -9999.0 -9999.0 -9999.0 -9999.0 -9999.0 -9999.0 -9999.0 -9999.0 -9999.0 -9999.0 -9999.0 -9999.0 -9999.0 -9999.0 -9999.0 -9999.0 -9999.0 -9999.0 -9999.0 -9999.0 -9999.0
-9999.0 -9999.0 -9999.0 -9999.0 -9999.0 -9999.0 -9999.0 -9999.0 -9999.0 -9999.0 -9999.0 -9999.0 -9999.0 -9999.0 -9999.0 -9999.0 -9999.0 -9999.0 -9999.0 -9999.0 -9999.0 -9999.0 -9999.0 -9999.0 -9999.0 -9999.0 -9999.0 -1.141874 -1.270934 -1.164010 -1.182955 -1.208428 -1.307133 -9999.0 -9999.0 -9999.0 -9999.0 -9999.0 -9999.0 -9999.0 -9999.0 -9999.0 -9999.0 -9999.0 -9999.0 -9999.0 -9999.0 -9999.0 -9999.0 -9999.0 -9999.0 -9999.0 -9999.0 -9999.0 -9999.0 -9999.0 -9999.0 -9999.0 -9999.0 -9999.0 -9999.0 -9999.0
-9999.0 -9999.0 -9999.0 -9999.0 -9999.0 -9999.0 -9999.0 -9999.0 -9999.0 -9999.0 -9999.0 -9999.0 -9999.0 -9999.0 -9999.0 -9999.0 -9999.0 -9999.0 -9999.0 -9999.0 -9999.0 -9999.0 -9999.0 -9999.0 -0.294924 -1.296226 -1.417965 -1.411012 -1.410435 -1.314966 -1.189115 -9999.0 -9999.0 -9999.0 -9999.0 -9999.0 -9999.0 -9999.0 -9999.0 -9999.0 -9999.0 -9999.0 -9999.0 -9999.0 -9999.0 -9999.0 -9999.0 -9999.0 -9999.0 -9999.0 -9999.0 -9999.0 -9999.0 -9999.0 -9999.0 -9999.0 -9999.0 -9999.0 -9999.0 -9999.0 -9999.0 -9999.0
-9999.0 -9999.0 -9999.0 -9999.0 -9999.0 -9999.0 -9999.0 -9999.0 -9999.0 -9999.0 -9999.0 -9999.0 -9999.0 -9999.0 -9999.0 -9999.0 -9999.0 -9999.0 -9999.0 -9999.0 -9999.0 -9999.0 -9999.0 -1.001266 -0.414191 -0.004768 -0.009295 -0.001634 -0.081803 -1.350861 -1.337257 -1.211557 -9999.0 -9999.0 -9999.0 -9999.0 -9999.0 -9999.0 -9999.0 -9999.0 -9999.0 -9999.0 -9999.0 -9999.0 -9999.0 -9999.0 -9999.0 -9999.0 -9999.0 -9999.0 -9999.0 -9999.0 -9999.0 -9999.0 -9999.0 -9999.0 -9999.0 -9999.0 -9999.0 -9999.0 -9999.0 -9999.0
-9999.0 -9999.0 -9999.0 -9999.0 -9999.0 -9999.0 -9999.0 -9999.0 -9999.0 -9999.0 -9999.0 -9999.0 -9999.0 -9999.0 -9999.0 -9999.0 -9999.0 -9999.0 -0.004076 -0.032622 -9999.0 -0.731763 -0.429973 -0.001311 -0.001852 -0.060749 -0.262829 -0.259123 -0.081616 -0.208628 -1.390215 -1.312335 -1.240907 -1.337849 -9999.0 -9999.0 -9999.0 -9999.0 -9999.0 -9999.0 -9999.0 -9999.0 -9999.0 -9999.0 -9999.0 -9999.0 -9999.0 -9999.0 -9999.0 -9999.0 -9999.0 -9999.0 -9999.0 -9999.0 -9999.0 -9999.0 -9999.0 -9999.0 -9999.0 -9999.0 -9999.0 -9999.0
-9999.0 -9999.0 -9999.0 -9999.0 -9999.0 -9999.0 -9999.0 -9999.0 -9999.0 -9999.0 -9999.0 -9999.0 -9999.0 -9999.0 -9999.0 -9999.0 -9999.0 -3.823747 -0.161845 -1.054385 -1.173326 -0.287856 -0.085116 -0.152300 -0.072704 -0.285377 -0.806730 -0.242539 -1.214269 -0.294066 -0.093584 -1.270702 -1.351756 -1.297263 -1.286855 -2.397226 -9999.0 -9999.0 -9999.0 -9999.0 -9999.0 -9999.0 -9999.0 -9999.0 -9999.0 -9999.0 -9999.0 -9999.0 -9999.0 -9999.0 -9999.0 -9999.0 -9999.0 -9999.0 -9999.0 -9999.0 -9999.0 -9999.0 -9999.0 -9999.0 -9999.0 -9999.0
-9999.0 -9999.0 -9999.0 -9999.0 -9999.0 -9999.0 -9999.0 -9999.0 -9999.0 -9999.0 -9999.0 -9999.0 -9999.0 -1.085175 -0.077893 -0.235363 -0.307016 -0.811299 -4.502504 -0.004279 -0.003421 -0.002317 -0.063491 -0.065873 -1.424422 -1.238198 -1.145949 -1.176576 -1.179271 -0.424662 -0.451259 -1.305228 -1.271007 -1.936065 -2.850419 -3.147809 -9999.0 -9999.0 -9999.0 -9999.0 -9999.0 -9999.0 -9999.0 -9999.0 -9999.0 -9999.0 -9999.0 -9999.0 -9999.0 -9999.0 -9999.0 -9999.0 -9999.0 -9999.0 -9999.0 -9999.0 -9999.0 -9999.0 -9999.0 -9999.0 -9999.0 -9999.0
-9999.0 -9999.0 -9999.0 -9999.0 -9999.0 -9999.0 -9999.0 -9999.0 -9999.0 -9999.0 -9999.0 -9999.0 -9999.0 -0.081439 -0.002005 -0.162138 -0.187125 -0.057686 -1.225038 -0.416508 -1.290742 -0.656091 -0.144432 -0.200221 -0.230795 -1.221304 -1.306052 -1.403219 -1.655693 -1.202854 -1.067653 -1.776860 -2.942616 -3.548103 -3.466330 -9999.0 -9999.0 -9999.0 -9999.0 -9999.0 -9999.0 -9999.0 -9999.0 -9999.0 -9999.0 -9999.0 -9999.0 -9999.0 -9999.0 -9999.0 -9999.0 -9999.0 -9999.0 -9999.0 -9999.0 -9999.0 -9999.0 -9999.0 -9999.0 -9999.0 -9999.0 -9999.0
-9999.0 -9999.0 -9999.0 -9999.0 -9999.0 -9999.0 -9999.0 -9999.0 -9999.0 -9999.0 -9999.0 -9999.0 -9999.0 -0.044799 -0.006669 -0.005386 -0.256024 -0.253896 -1.481930 -0.404670 -0.074987 -1.239890 -0.135094 -0.674808 -0.244350 -0.100111 -1.188336 -1.656509 -1.325784 -2.325493 -1.444479 -3.236303 -3.268920 -3.652053 -3.839244 -9999.0 -9999.0 -9999.0 -9999.0 -9999.0 -9999.0 -9999.0 -9999.0 -9999.0 -9999.0 -9999.0 -9999.0 -9999.0 -9999.0 -9999.0 -9999.0 -9999.0 -9999.0 -9999.0 -9999.0 -9999.0 -9999.0 -9999.0 -9999.0 -9999.0 -9999.0 -9999.0
-9999.0 -9999.0 -9999.0 -9999.0 -9999.0 -9999.0 -9999.0 -9999.0 -9999.0 -9999.0 -9999.0 -9999.0 -0.016056 -0.003232 -0.004234 -1.327663 -0.074543 -0.323042 -0.066932 -1.900448 -0.090925 -1.291757 -1.138721 -0.736232 -0.296772 -1.230497 -0.678621 -1.202948 -1.264040 -2.112609 -1.697549 -1.274116 -1.499886 -2.724012 -9999.0 -9999.0 -9999.0 -9999.0 -9999.0 -9999.0 -9999.0 -9999.0 -9999.0 -9999.0 -9999.0 -9999.0 -9999.0 -9999.0 -9999.0 -9999.0 -9999.0 -9999.0 -9999.0 -9999.0 -9999.0 -9999.0 -9999.0 -9999.0 -9999.0 -9999.0 -9999.0 -9999.0
-9999.0 -9999.0 -9999.0 -9999.0 -9999.0 -9999.0 -9999.0 -9999.0 -9999.0 -9999.0 -9999.0 -0.293389 -0.418080 -0.009623 -1.275362 -1.202442 -1.141634 -0.299117 -0.119937 -1.899871 -0.517508 -0.012169 -1.156855 -1.195702 -1.213323 -1.193227 -1.265223 -1.255569 -1.411047 -2.675815 -1.250652 -1.504978 -1.447010 -2.982051 -2.530000 -3.634916 -4.637591 -4.256328 -4.036203 -9999.0 -9999.0 -9999.0 -2.882937 -9999.0 -9999.0 -9999.0 -9999.0 -9999.0 -9999.0 -9999.0 -9999.0 -9999.0 -9999.0 -9999.0 -9999.0 -9999.0 -9999.0 -9999.0 -9999.0 -9999.0 -9999.0 -9999.0
-9999.0 -9999.0 -9999.0 -9999.0 -9999.0 -9999.0 -9999.0 -9999.0 -9999.0 -9999.0 -9999.0 -0.993223 -0.502324 -0.070333 -0.086081 -1.097461 -0.078219 -0.286194 -0.075505 -0.080855 -0.060835 -0.004999 -0.914127 -1.214230 -1.203728 -1.181712 -1.276330 -1.336389 -1.177569 -1.463427 -1.435046 -1.520643 -1.636606 -1.600482 -2.317630 -4.415128 -4.971887 -9.053389 -9.983317 -8.828808 -6.446744 -4.869422 -2.182957 -1.838839 -9999.0 -9999.0 -9999.0 -0.087899 -0.075426 -0.504186 -0.012198 -0.394425 -0.363116 -0.005239 -0.005104 -0.069737 -9999.0 -9999.0 -9999.0 -9999.0 -9999.0 -9999.0
-9999.0 -9999.0 -9999.0 -9999.0 -9999.0 -9999.0 -9999.0 -9999.0 -9999.0 -9999.0 -9999.0 -0.847806 -1.030991 -1.197623 -0.274693 -1.301216 -0.134261 -0.294949 -0.058393 -0.057866 -0.127875 -0.079656 -0.299513 -0.843002 -1.190949 -1.244586 -1.239511 -1.253159 -1.171193 -1.238716 -1.550963 -1.475529 -1.581819 -1.721104 -3.383816 -3.851720 -11.315457 -8.785962 -9.315867 -14.676667 -5.800706 -4.791823 -1.957717 -1.620722 -1.426408 -9999.0 -1.003923 -0.326653 -0.022506 -0.006262 -0.014432 -0.535312 -0.001018 -0.000185 -0.000153 -0.003088 -9999.0 -9999.0 -9999.0 -9999.0 -9999.0 -9999.0
-9999.0 -9999.0 -9999.0 -9999.0 -9999.0 -9999.0 -9999.0 -9999.0 -9999.0 -9999.0 -9999.0 -9999.0 -0.617810 -0.270378 -0.010568 -0.065392 -0.296945 -0.266919 -0.062803 -0.059815 -0.131627 -0.077651 -0.019345 -0.184880 -1.328549 -0.778106 -0.005515 -1.193705 -1.169266 -1.244236 -1.394092 -1.561208 -1.517654 -1.664329 -2.217500 -4.737668 -11.820056 -8.447136 -7.897094 -11.760937 -4.972622 -3.205021 -2.486165 -0.231580 -1.422320 -1.130369 -1.039228 -0.552980 -0.922294 -1.112027 -0.208773 -0.009477 -0.087585 -0.007893 -0.385114 -0.500295 -0.008545 -9999.0 -9999.0 -9999.0 -9999.0 -9999.0
-9999.0 -9999.0 -9999.0 -9999.0 -9999.0 -9999.0 -9999.0 -9999.0 -9999.0 -9999.0 -9999.0 -0.211493 -1.091822 -0.871122 -0.083341 -0.090110 -0.079162 -0.224616 -0.012180 -3.241791 -0.144525 -0.016235 -0.081198 -1.009530 -0.575818 -0.079826 -0.298844 -1.220775 -1.335461 -1.226753 -1.525588 -1.577410 -0.700444 -1.620720 -3.794752 -4.035964 -7.672557 -10.658452 -5.328111 -5.828300 -4.615168 -3.795392 -3.037866 -1.677878 -0.080940 -1.215179 -0.616570 -1.083225 -0.586738 -1.274141 -0.896962 -0.932547 -0.882888 -0.839582 -0.780198 -0.783467 -0.274069 -9999.0 -9999.0 -9999.0 -9999.0 -9999.0
-9999.0 -9999.0 -9999.0 -9999.0 -9999.0 -9999.0 -9999.0 -9999.0 -9999.0 -9999.0 -0.165745 -0.051992 -0.012899 -1.021235 -0.006467 -0.067228 -1.202690 -0.221745 -0.258762 -0.454103 -0.023998 -0.065776 -0.075925 -0.005581 -0.011011 -0.216697 -1.195805 -1.192597 -0.357386 -0.093388 -0.202210 -1.414364 -1.387084 -1.488669 -4.212826 -3.566145 -5.036386 -11.159610 -8.151254 -6.766850 -6.247753 -5.482199 -2.545053 -6.024592 -0.276319 -1.282170 -0.461197 -1.337301 -0.184307 -0.176312 -0.850677 -0.858028 -0.840909 -0.839306 -0.777916 -0.003723 -0.003498 -9999.0 -9999.0 -9999.0 -9999.0 -9999.0
-9999.0 -9999.0 -9999.0 -9999.0 -9999.0 -9999.0 -9999.0 -9999.0 -9999.0 -1.003152 -0.220329 -0.204545 -0.052493 -0.099339 -0.022379 -0.972620 -0.989722 -0.006934 -0.341126 -3.369861 -0.050980 -0.065742 -0.044014 -0.025422 -0.162263 -1.276688 -1.482387 -0.089639 -0.079246 -0.073251 -0.068531 -1.319522 -2.477581 -2.874002 -2.628654 -3.667030 -1.942488 -2.735253 -2.445179 -4.121565 -7.163201 -1.822931 -1.478360 -5.684007 -1.952427 -0.072701 -0.000931 -1.073402 -1.129751 -0.162231 -1.024212 -0.454363 -0.858509 -0.736521 -0.421865 -0.101189 -0.004826 -0.000231 -0.001476 -9999.0 -9999.0 -9999.0
-9999.0 -9999.0 -9999.0 -9999.0 -9999.0 -9999.0 -9999.0 -9999.0 -9999.0 -1.050162 -1.065935 -1.115341 -0.002797 -0.076172 -0.020619 -0.034265 -0.002822 -0.071196 -0.080936 -0.068800 -0.074021 -0.053818 -0.083643 -0.071222 -1.280417 -0.777581 -0.092031 -0.077239 -0.047977 -0.292642 -1.371827 -1.322367 -1.268701 -1.342163 -1.566074 -1.683167 -1.938017 -1.807100 -2.233696 -1.547330 -0.427729 -1.422937 -1.256962 -1.861656 -4.097879 -0.689699 -0.425129 -0.076107 -0.068097 -0.226174 -0.875313 -0.654983 -0.615512 -0.730842 -0.764494 -0.096996 -0.005438 -0.006378 -0.000261 -9999.0 -9999.0 -9999.0
-9999.0 -9999.0 -9999.0 -9999.0 -9999.0 -9999.0 -9999.0 -9999.0 -9999.0 -9999.0 -1.051603 -1.042453 -0.451152 -0.106118 -0.082110 -0.014808 -0.017213 -0.057164 -4.238695 -0.086614 -0.062611 -0.062884 -0.021112 -0.027392 -0.445320 -0.082705 -0.048093 -1.009414 -1.227093 -1.326660 -1.205247 -0.315898 -1.183312 -1.183024 -1.423510 -0.699762 -0.440574 -1.532766 -1.461622 -1.387067 -1.616221 -1.056610 -1.158879 -1.208651 -1.312859 -1.847987 -1.465819 -0.164579 -4.512140 -0.057885 -0.878748 -0.482456 -0.314894 -0.444910 -0.501908 -0.766779 -0.205275 -0.065005 -0.003872 -0.004613 -9999.0 -9999.0
-9999.0 -9999.0 -9999.0 -9999.0 -9999.0 -9999.0 -9999.0 -9999.0 -9999.0 -9999.0 -1.062269 -1.041270 -0.632934 -0.058295 -0.012607 -0.067948 -0.067381 -0.066964 -1.753465 -1.968279 -0.383451 -0.060863 -0.005076 -0.085909 -0.079327 -0.247587 -0.476700 -0.207380 -1.303998 -1.241844 -1.228649 -0.695780 -1.241878 -1.175505 -1.189737 -1.322152 -1.622553 -1.489603 -1.354339 -1.215107 -1.148668 -1.130492 -0.775306 -1.124774 -0.250153 -0.853371 -0.222322 -1.293776 -4.551320 -0.701059 -0.058620 -0.112712 -0.021850 -0.391181 -0.479227 -0.083833 -0.785006 -0.004626 -2.213229 -0.076777 -9999.0 -9999.0
-9999.0 -9999.0 -9999.0 -9999.0 -9999.0 -9999.0 -9999.0 -9999.0 -0.012976 -0.013110 -0.905985 -0.555485 -0.648153 -0.717989 -0.076161 -0.153425 -0.165575 -0.047139 -1.832111 -1.695427 -1.894329 -3.930583 -0.512330 -0.006312 -0.017610 -3.796169 -0.150582 -0.911611 -0.763023 -1.196976 -1.844366 -1.127117 -1.119585 -1.113294 -0.985289 -1.206461 -0.635940 -1.382031 -1.208909 -1.120687 -1.069403 -1.179482 -1.031067 -1.089708 -0.843768 -0.027063 -1.035936 -0.011300 -1.065797 -0.889946 -0.057145 -0.009684 -0.009316 -0.340905 -0.057993 -0.000194 -0.000205 -0.003534 -0.054882 -1.641810 -9999.0 -9999.0
-9999.0 -9999.0 -9999.0 -9999.0 -9999.0 -9999.0 -9999.0 -9999.0 -0.722771 -0.012482 -1.081125 -1.074929 -1.102276 -0.124380 -0.036445 -0.227059 -0.064728 -0.085712 -2.977002 -0.741255 -0.589498 -0.719673 -0.118222 -0.387005 -4.235106 -3.042054 -0.574460 -0.755122 -1.146641 -1.061240 -1.010218 -1.158444 -0.625391 -1.032638 -0.117776 -0.129404 -0.573160 -0.418798 -1.136641 -0.511086 -1.027765 -1.091678 -0.978553 -0.056548 -0.118851 -0.142881 -0.928043 -0.946418 -0.591638 -0.324930 -0.205605 -0.073033 -0.013185 -0.001658 -0.110826 -0.403884 -0.009854 -0.057963 -0.915822 -0.006556 -0.002963 -9999.0
-9999.0 -9999.0 -9999.0 -9999.0 -9999.0 -9999.0 -9999.0 -9999.0 -1.054017 -0.809987 -0.007126 -1.025320 -0.543303 -0.962944 -0.007159 -0.045179 -0.139727 -0.061370 -1.818229 -0.488520 -0.536484 -0.735753 -0.709220 -1.652748 -1.534636 -0.292965 -0.246571 -1.208360 -1.285384 -1.282799 -1.163595 -0.167133 -1.170022 -1.118235 -0.034986 -0.078200 -0.575824 -0.150091 -1.049096 -0.903409 -0.716967 -0.901988 -0.037472 -0.610751 -0.753553 -0.958727 -0.469597 -0.006946 -0.314258 -0.363605 -1.765675 -0.046959 -0.066113 -0.798614 -0.055997 -0.054737 -0.082769 -0.451976 -0.554459 -0.579453 -0.003650 -9999.0
-9999.0 -9999.0 -9999.0 -9999.0 -9999.0 -9999.0 -9999.0 -9999.0 -1.023709 -0.876983 -0.008891 -1.114702 -0.006181 -0.006330 -0.002915 -0.121567 -4.320086 -1.854721 -0.924670 -1.617132 -0.672769 -0.483849 -0.665930 -0.633153 -0.063056 -0.069328 -0.033940 -1.261001 -0.099978 -0.085667 -1.149284 -1.152380 -0.048059 -0.082565 -1.064891 -0.513379 -0.536560 -0.063320 -0.837534 -0.979924 -0.107118 -0.012895 -0.009023 -0.901871 -0.013817 -0.491518 -0.001486 -0.462671 -0.004677 -0.916923 -0.077460 -1.443260 -0.046249 -0.011099 -0.076578 -0.511091 -0.571250 -0.708625 -0.270744 -0.005087 -0.107254 -0.056603
-9999.0 -9999.0 -9999.0 -9999.0 -9999.0 -9999.0 -9999.0 -9999.0 -0.849885 -0.251950 -0.007070 -0.004341 -0.002677 -0.116103 -0.010063 -0.068339 -0.430489 -0.398238 -0.083538 -0.080998 -1.664469 -0.614375 -0.570783 -0.554894 -0.021130 -0.003132 -0.200060 -0.021806 -0.005801 -0.066629 -0.086836 -0.073937 -0.094954 -0.069774 -1.028112 -0.672888 -0.232743 -0.012329 -0.380320 -0.490702 -0.854755 -0.627040 -0.088468 -0.615230 -0.971448 -0.014828 -0.849170 -0.068706 -0.034887 -0.047830 -0.219859 -2.433386 -1.736804 -1.100775 -0.540272 -0.563148 -0.623963 -0.027428 -0.520876 -0.201486 -0.477263 -0.050966
-9999.0 -9999.0 -0.965918 -0.286456 -0.371197 -0.764327 -0.028425 -0.971652 -0.652986 -0.174168 -0.261001 -0.144575 -0.136861 -0.039959 -0.010281 -0.119966 -0.604734 -0.662300 -0.628181 -0.060963 -0.070038 -1.489975 -0.636878 -0.667972 -0.072204 -0.047364 -0.007760 -0.059238 -0.266031 -0.059279 -0.024128 -0.005351 -0.018619 -0.158871 -0.057099 -0.131225 -0.047578 -0.006139 -0.057723 -0.065617 -0.069307 -0.055060 -0.675814 -0.061114 -0.074020 -0.073132 -0.047882 -0.097492 -1.068668 -1.820564 -0.669293 -0.697054 -0.723680 -0.596580 -0.534355 -0.158168 -0.492818 -0.403408 -0.400613 -0.564879 -0.008008 -0.004078
-9999.0 -0.026622 -0.025407 -0.016748 -0.163657 -0.009014 -0.391186 -0.663315 -0.713952 -0.929398 -0.289296 -0.006166 -0.043797 0.023219 -0.004288 -0.003966 -0.495448 -0.601434 -0.083937 -0.061829 -0.079785 -1.228320 -0.501861 -1.462955 -0.592981 -0.466921 -0.087399 -0.049029 -1.938406 -0.383301 -0.065453 -0.070212 -0.084343 -0.047557 -0.131675 -0.045780 -0.044845 -0.061771 -0.045626 -0.050980 -0.055859 -0.046204 -0.055919 -0.065205 -0.047654 -0.223618 -1.976242 -2.448560 -0.485666 -1.741268 -0.618374 -0.708353 -0.532106 -0.783922 -0.784469 -0.737712 -0.074334 -0.064516 -0.052624 -0.057378 -0.001307 -0.001409
-9999.0 -0.146728 -0.072030 -0.010659 -0.002337 -0.016067 -0.078537 -1.156631 -0.653929 -0.958784 -0.530753 -0.006607 -0.068675 -0.002943 -0.279620 -0.550198 -0.885245 -1.067799 -0.007649 -0.145727 -0.008015 -0.172336 -1.950289 -1.478915 -0.046248 -0.548769 -1.669275 -0.787273 -0.781492 -2.573178 -1.857365 -2.158121 -1.938668 -1.901566 -0.393594 -0.868905 0.080019 0.159289 -0.005708 -0.007291 -0.786511 -0.732986 -0.741142 -1.883334 -1.597301 -1.229349 -0.733590 -0.640666 -0.441877 -0.664994 -1.680115 -3.039956 -0.258272 -1.280735 -0.214080 -0.062210 -0.058709 -0.024211 -0.008420 -0.004414 -0.004244 -9999.0
