erum2020/resources/simulation/Vinschgau/output-maps/TsL0003N0186.asc
ncols         63
nrows         48
xllcorner     598000.000000
yllcorner     5145000.000000
cellsize      1000.000000
NODATA_value  -9999.0
[rows 0 to 27 of 48, columns 0 to 61 of 63]
-9999.0 -9999.0 -9999.0 -9999.0 -9999.0 -9999.0 -9999.0 -9999.0 -9999.0 -9999.0 -9999.0 -9999.0 -9999.0 -9999.0 -9999.0 -9999.0 -9999.0 -9999.0 -9999.0 -9999.0 -9999.0 -9999.0 -9999.0 -9999.0 -9999.0 -9999.0 -9999.0 -9999.0 -9999.0 -9999.0 -9999.0 -9999.0 -9999.0 -9999.0 -9999.0 -9999.0 -9999.0 -9999.0 -9999.0 -9999.0 -9999.0 -9999.0 -9999.0 -9999.0 -9999.0 -9999.0 -9999.0 -9999.0 -9999.0 -9999.0 -9999.0 -9999.0 -9999.0 -9999.0 -9999.0 -9999.0 -9999.0 -9999.0 -9999.0 -9999.0 -9999.0 -9999.0
-9999.0 -9999.0 -9999.0 -9999.0 -9999.0 -9999.0 -9999.0 -9999.0 -9999.0 -9999.0 -9999.0 -9999.0 -9999.0 -9999.0 -9999.0 -9999.0 -9999.0 -9999.0 -9999.0 -9999.0 -9999.0 -9999.0 -9999.0 -9999.0 -9999.0 -9999.0 -9999.0 -3.617948 -3.738883 -4.526486 -4.921443 -5.824507 -5.983513 -9999.0 -9999.0 -9999.0 -9999.0 -9999.0 -9999.0 -9999.0 -9999.0 -9999.0 -9999.0 -9999.0 -9999.0 -9999.0 -9999.0 -9999.0 -9999.0 -9999.0 -9999.0 -9999.0 -9999.0 -9999.0 -9999.0 -9999.0 -9999.0 -9999.0 -9999.0 -9999.0 -9999.0 -9999.0
-9999.0 -9999.0 -9999.0 -9999.0 -9999.0 -9999.0 -9999.0 -9999.0 -9999.0 -9999.0 -9999.0 -9999.0 -9999.0 -9999.0 -9999.0 -9999.0 -9999.0 -9999.0 -9999.0 -9999.0 -9999.0 -9999.0 -9999.0 -9999.0 -1.000360 -2.529658 -3.266162 -3.929921 -3.180214 -4.250864 -4.286104 -9999.0 -9999.0 -9999.0 -9999.0 -9999.0 -9999.0 -9999.0 -9999.0 -9999.0 -9999.0 -9999.0 -9999.0 -9999.0 -9999.0 -9999.0 -9999.0 -9999.0 -9999.0 -9999.0 -9999.0 -9999.0 -9999.0 -9999.0 -9999.0 -9999.0 -9999.0 -9999.0 -9999.0 -9999.0 -9999.0 -9999.0
-9999.0 -9999.0 -9999.0 -9999.0 -9999.0 -9999.0 -9999.0 -9999.0 -9999.0 -9999.0 -9999.0 -9999.0 -9999.0 -9999.0 -9999.0 -9999.0 -9999.0 -9999.0 -9999.0 -9999.0 -9999.0 -9999.0 -9999.0 -2.166459 -1.289685 -0.035104 -0.032874 -0.058061 -1.477729 -4.878636 -4.710351 -3.314301 -9999.0 -9999.0 -9999.0 -9999.0 -9999.0 -9999.0 -9999.0 -9999.0 -9999.0 -9999.0 -9999.0 -9999.0 -9999.0 -9999.0 -9999.0 -9999.0 -9999.0 -9999.0 -9999.0 -9999.0 -9999.0 -9999.0 -9999.0 -9999.0 -9999.0 -9999.0 -9999.0 -9999.0 -9999.0 -9999.0
-9999.0 -9999.0 -9999.0 -9999.0 -9999.0 -9999.0 -9999.0 -9999.0 -9999.0 -9999.0 -9999.0 -9999.0 -9999.0 -9999.0 -9999.0 -9999.0 -9999.0 -9999.0 -0.028071 -0.097499 -9999.0 -1.108793 -0.475852 -0.032240 -0.030276 -4.094841 -1.458108 -1.498516 -1.406420 -1.132254 -5.065217 -4.408777 -5.447753 -6.166568 -9999.0 -9999.0 -9999.0 -9999.0 -9999.0 -9999.0 -9999.0 -9999.0 -9999.0 -9999.0 -9999.0 -9999.0 -9999.0 -9999.0 -9999.0 -9999.0 -9999.0 -9999.0 -9999.0 -9999.0 -9999.0 -9999.0 -9999.0 -9999.0 -9999.0 -9999.0 -9999.0 -9999.0
-9999.0 -9999.0 -9999.0 -9999.0 -9999.0 -9999.0 -9999.0 -9999.0 -9999.0 -9999.0 -9999.0 -9999.0 -9999.0 -9999.0 -9999.0 -9999.0 -9999.0 0.897852 -2.964311 -2.702261 -2.806601 -0.227014 -0.089162 -2.198192 -1.220495 -3.803184 -2.772341 -1.256733 -3.314100 -1.491783 -1.716259 -5.053534 -5.134527 -5.708166 -5.280316 -6.926060 -9999.0 -9999.0 -9999.0 -9999.0 -9999.0 -9999.0 -9999.0 -9999.0 -9999.0 -9999.0 -9999.0 -9999.0 -9999.0 -9999.0 -9999.0 -9999.0 -9999.0 -9999.0 -9999.0 -9999.0 -9999.0 -9999.0 -9999.0 -9999.0 -9999.0 -9999.0
-9999.0 -9999.0 -9999.0 -9999.0 -9999.0 -9999.0 -9999.0 -9999.0 -9999.0 -9999.0 -9999.0 -9999.0 -9999.0 -2.059000 -0.460032 -0.922291 -1.015052 -2.226990 0.775959 -0.066697 -0.996325 -0.161705 -2.719318 -1.379260 -4.026921 -3.454966 -4.420140 -3.205992 -3.878660 -1.675438 -2.101905 -3.982008 -4.844484 -6.970417 -7.378749 -7.561983 -9999.0 -9999.0 -9999.0 -9999.0 -9999.0 -9999.0 -9999.0 -9999.0 -9999.0 -9999.0 -9999.0 -9999.0 -9999.0 -9999.0 -9999.0 -9999.0 -9999.0 -9999.0 -9999.0 -9999.0 -9999.0 -9999.0 -9999.0 -9999.0 -9999.0 -9999.0
-9999.0 -9999.0 -9999.0 -9999.0 -9999.0 -9999.0 -9999.0 -9999.0 -9999.0 -9999.0 -9999.0 -9999.0 -9999.0 -0.472763 -0.035341 -0.650317 -0.714124 -0.593934 -2.543159 -1.668525 -2.789634 -3.716128 -1.262657 -2.225212 -1.485954 -2.954460 -4.239807 -5.981314 -6.294305 -4.356231 -2.727647 -6.722663 -7.371637 -7.968007 -7.961235 -9999.0 -9999.0 -9999.0 -9999.0 -9999.0 -9999.0 -9999.0 -9999.0 -9999.0 -9999.0 -9999.0 -9999.0 -9999.0 -9999.0 -9999.0 -9999.0 -9999.0 -9999.0 -9999.0 -9999.0 -9999.0 -9999.0 -9999.0 -9999.0 -9999.0 -9999.0 -9999.0
-9999.0 -9999.0 -9999.0 -9999.0 -9999.0 -9999.0 -9999.0 -9999.0 -9999.0 -9999.0 -9999.0 -9999.0 -9999.0 -0.210838 -0.026077 -0.245052 -0.606989 -1.134828 -2.230372 -1.112594 -1.027720 -4.453982 -1.996944 -1.758771 -1.042751 -1.082657 -4.100873 -6.183636 -4.332737 -6.926803 -6.458248 -7.859343 -7.842154 -8.405129 -8.195985 -9999.0 -9999.0 -9999.0 -9999.0 -9999.0 -9999.0 -9999.0 -9999.0 -9999.0 -9999.0 -9999.0 -9999.0 -9999.0 -9999.0 -9999.0 -9999.0 -9999.0 -9999.0 -9999.0 -9999.0 -9999.0 -9999.0 -9999.0 -9999.0 -9999.0 -9999.0 -9999.0
-9999.0 -9999.0 -9999.0 -9999.0 -9999.0 -9999.0 -9999.0 -9999.0 -9999.0 -9999.0 -9999.0 -9999.0 -0.375962 -0.027979 -0.233028 -3.069699 -0.284706 -0.823415 -0.501195 -2.912261 -1.028679 -2.607532 -2.806177 -1.367441 -1.085253 -5.568807 -1.481254 -3.291156 -4.322507 -6.368162 -6.776443 -5.200397 -6.093467 -7.502781 -9999.0 -9999.0 -9999.0 -9999.0 -9999.0 -9999.0 -9999.0 -9999.0 -9999.0 -9999.0 -9999.0 -9999.0 -9999.0 -9999.0 -9999.0 -9999.0 -9999.0 -9999.0 -9999.0 -9999.0 -9999.0 -9999.0 -9999.0 -9999.0 -9999.0 -9999.0 -9999.0 -9999.0
-9999.0 -9999.0 -9999.0 -9999.0 -9999.0 -9999.0 -9999.0 -9999.0 -9999.0 -9999.0 -9999.0 -0.952936 -0.891569 -0.219409 -2.408835 -2.193898 -4.329026 -0.803973 -0.515183 -3.064808 -3.168423 -0.029182 -2.605018 -4.368142 -2.858535 -3.190953 -5.886776 -3.021405 -3.222008 -6.937119 -4.621950 -5.228624 -5.922123 -7.861154 -7.910632 -9.059841 -10.018670 -7.824389 -7.224707 -9999.0 -9999.0 -9999.0 -8.000296 -9999.0 -9999.0 -9999.0 -9999.0 -9999.0 -9999.0 -9999.0 -9999.0 -9999.0 -9999.0 -9999.0 -9999.0 -9999.0 -9999.0 -9999.0 -9999.0 -9999.0 -9999.0 -9999.0
-9999.0 -9999.0 -9999.0 -9999.0 -9999.0 -9999.0 -9999.0 -9999.0 -9999.0 -9999.0 -9999.0 -1.758329 -0.961313 -0.835840 -0.820163 -3.397754 -0.417231 -0.742141 -0.461645 -0.511974 -0.030870 -0.125669 -1.568449 -2.663387 -2.676643 -4.102526 -3.416519 -3.502548 -3.941478 -6.159107 -4.545119 -5.472287 -6.889971 -6.369759 -8.410951 -9.220743 -3.814853 -0.218391 -0.451601 -9.821868 -9.795629 -10.105015 -8.100164 -7.004103 -9999.0 -9999.0 -9999.0 -0.194982 -1.009872 -0.969101 -0.912614 -0.951002 -1.062831 -0.091680 -0.095095 -0.993765 -9999.0 -9999.0 -9999.0 -9999.0 -9999.0 -9999.0
-9999.0 -9999.0 -9999.0 -9999.0 -9999.0 -9999.0 -9999.0 -9999.0 -9999.0 -9999.0 -9999.0 -1.287144 -1.737754 -3.694575 -0.932017 -3.114351 -0.313066 -1.333216 -0.719719 -1.037999 -0.116448 -0.258982 -0.194203 -1.636400 -4.693577 -4.025015 -1.816634 -3.682274 -5.381153 -4.502882 -6.166258 -5.484823 -5.683889 -7.351694 -8.957326 -7.149448 -0.229667 -0.110000 -0.008581 -0.504033 -5.881529 -10.173709 -7.266944 -7.010115 -4.433796 -9999.0 -4.076555 -0.995798 -0.661114 -0.314630 -0.258417 -0.622859 -0.120913 -0.047738 -0.057649 -0.081951 -9999.0 -9999.0 -9999.0 -9999.0 -9999.0 -9999.0
-9999.0 -9999.0 -9999.0 -9999.0 -9999.0 -9999.0 -9999.0 -9999.0 -9999.0 -9999.0 -9999.0 -9999.0 -1.188796 -0.979184 -0.328184 -0.694482 -1.060295 -1.676283 -0.539781 -1.130109 -0.842153 -0.128214 -0.036967 -0.202519 -3.548508 -1.037931 -0.027541 -4.997192 -4.328973 -4.051596 -3.791045 -5.137759 -5.961106 -6.731795 -8.636382 -10.336519 -0.475326 -0.183809 2.357753 -0.419292 -5.136173 -5.329743 -5.353340 -3.026351 -5.724301 -2.549012 -2.426811 -1.030471 -1.237679 -1.575411 -0.599782 -0.949677 -0.174677 -0.212875 -1.079889 -1.122916 -0.278786 -9999.0 -9999.0 -9999.0 -9999.0 -9999.0
-9999.0 -9999.0 -9999.0 -9999.0 -9999.0 -9999.0 -9999.0 -9999.0 -9999.0 -9999.0 -9999.0 -0.742334 -2.315216 -2.583009 -0.182274 -0.181699 -0.225226 -2.615446 -0.379321 2.175391 -2.215403 -0.030890 -0.896638 -2.607557 -0.733348 -0.049119 -1.026356 -4.993793 -3.601361 -4.269152 -3.429084 -4.050574 -4.303842 -6.390267 -9.048482 -10.103823 -12.046364 -0.298888 -0.067167 -0.023022 -2.710519 -0.596836 -2.417353 -4.848137 -1.500563 -2.673092 -1.150193 -2.587031 -0.963430 -4.014297 -3.154384 -2.845216 -1.333785 -3.889220 -2.965000 -3.692003 -0.997253 -9999.0 -9999.0 -9999.0 -9999.0 -9999.0
-9999.0 -9999.0 -9999.0 -9999.0 -9999.0 -9999.0 -9999.0 -9999.0 -9999.0 -9999.0 -0.385534 -0.593127 -0.499913 -1.833849 -0.127592 -0.045020 -2.598142 -1.143225 -0.417138 -0.668705 -0.888887 -0.321685 -0.063198 -0.028402 -0.038247 -1.004100 -3.690404 -5.254039 -1.127553 -0.074884 -1.071733 -3.567976 -4.607663 -6.641271 -9.033519 -9.360029 -7.945593 -0.412875 -0.076993 -0.044177 -0.016748 -4.231363 -4.977900 1.010218 -3.081697 -5.161048 -0.725420 -3.071183 -0.813568 -2.484743 -2.584225 -3.716915 -3.547617 -3.918533 -3.491803 -0.087366 -0.084805 -9999.0 -9999.0 -9999.0 -9999.0 -9999.0
-9999.0 -9999.0 -9999.0 -9999.0 -9999.0 -9999.0 -9999.0 -9999.0 -9999.0 -2.668813 -0.462414 -0.569467 -0.044451 -0.540855 -0.076743 -1.887346 -1.987831 -0.054485 -1.324801 2.379441 -1.009570 -2.084974 -2.075363 -2.002236 -1.058190 -3.948766 -3.319877 -0.052782 -1.481221 -0.995072 -4.258660 -5.192541 -7.068663 -7.692111 -7.296066 -8.435927 -7.878077 -8.681105 -8.796101 -7.923751 -0.084249 -6.252791 -6.174845 1.053872 -2.631427 -4.026520 -0.779365 -2.570220 -2.454016 -0.794371 -2.278282 -1.026663 -4.196998 -2.629941 -1.020936 -0.975938 -0.111370 -0.834355 -1.018840 -9999.0 -9999.0 -9999.0
-9999.0 -9999.0 -9999.0 -9999.0 -9999.0 -9999.0 -9999.0 -9999.0 -9999.0 -2.885250 -2.438081 -2.400124 -0.028139 -0.043162 -0.287542 -0.454193 -0.032002 -0.034949 -1.045682 -0.582455 -0.634362 -0.657041 -0.591422 -0.481111 -3.510951 -0.958362 -0.037521 -1.227235 -3.852915 -1.339126 -3.965774 -5.323695 -5.143346 -4.409238 -5.415533 -6.705956 -7.801053 -7.683690 -7.621127 -6.074762 -1.739867 -5.828202 -3.754719 -5.135520 1.631860 -0.065072 -0.128863 -3.476654 -0.866975 -3.200545 -1.730104 -1.160533 -2.498999 -1.800192 -3.358768 -0.352239 -0.388299 -0.117260 -0.590547 -9999.0 -9999.0 -9999.0
-9999.0 -9999.0 -9999.0 -9999.0 -9999.0 -9999.0 -9999.0 -9999.0 -9999.0 -9999.0 -2.379970 -2.322407 -1.397261 -0.315060 -0.185309 -0.233160 -0.091983 -0.451109 2.676791 -0.090387 -0.908269 -2.484948 -0.851664 -0.658767 -0.972348 -1.151897 -2.260509 -0.803778 -3.177452 -3.459636 -4.144423 -1.232856 -4.960597 -5.368014 -4.345662 -3.692267 -2.877252 -5.044276 -6.534999 -6.526866 -6.760969 -3.000497 -3.964185 -3.184809 -5.278303 -6.646506 -4.760561 -1.256739 -0.010765 -3.839361 -1.794871 -0.626617 -1.052681 -2.236658 -1.256908 -2.295020 -1.110958 -0.039717 -0.037424 -0.027194 -9999.0 -9999.0
-9999.0 -9999.0 -9999.0 -9999.0 -9999.0 -9999.0 -9999.0 -9999.0 -9999.0 -9999.0 -2.441318 -2.366589 -1.003896 -0.762818 -0.111525 -0.071951 -0.040932 -0.894875 2.865966 2.206433 -0.768295 -2.435428 -1.717180 -0.036625 -0.037914 -0.725588 -0.040950 -2.532927 -3.101682 -5.288673 -5.100308 -1.563176 -5.195747 -5.284553 -5.253087 -4.264161 -3.996226 -4.778103 -5.387184 -5.028647 -2.685419 -2.988838 -2.102011 -4.364681 -0.993197 -2.120442 -1.104799 -4.207065 0.671686 -2.767228 -3.329948 -0.534433 -0.722928 -1.044961 -1.432957 -1.059925 -2.218180 -0.275455 -1.915018 -0.998710 -9999.0 -9999.0
-9999.0 -9999.0 -9999.0 -9999.0 -9999.0 -9999.0 -9999.0 -9999.0 -0.255333 -0.598079 -3.021512 -1.058444 -1.586295 -1.696108 -0.820747 -0.780256 -1.348323 -0.119034 2.938387 2.676291 2.778890 1.713112 -0.044529 -2.616435 -1.619670 2.762964 -1.115670 -3.109657 -1.755739 -3.841416 -6.443325 -4.686533 -3.852561 -3.340704 -1.907780 -5.730762 -1.623034 -4.049189 -5.209781 -3.403885 -4.604235 -3.419496 -4.979287 -5.421499 -1.647078 -0.991386 -3.478368 -1.011197 -3.945968 -0.491560 -0.601814 -0.606349 -0.758957 -1.129396 -1.038757 -0.059329 -0.677799 -0.033538 -1.526510 -0.004052 -9999.0 -9999.0
-9999.0 -9999.0 -9999.0 -9999.0 -9999.0 -9999.0 -9999.0 -9999.0 -3.060698 -0.245701 -3.241199 -3.926782 -2.737539 -0.835103 -0.819361 -0.966125 -0.341152 -1.055795 2.795511 3.013075 2.315822 2.567482 -0.000568 -0.463850 2.044896 2.748091 -1.770595 -2.466827 -4.636368 -2.206511 -2.090606 -3.778151 -1.504929 -2.518168 -0.961260 -0.927232 -1.656967 -2.326036 -3.454871 -0.890444 -3.768973 -5.763065 -4.753234 -0.798857 -0.420817 -1.063447 -3.851434 -3.036862 -1.584103 -1.546174 -3.528906 -0.156410 -0.937873 -0.063290 -0.327130 -0.360456 -0.036966 -0.874553 -0.491162 1.239495 0.938196 -9999.0
-9999.0 -9999.0 -9999.0 -9999.0 -9999.0 -9999.0 -9999.0 -9999.0 -2.889501 -1.598446 -0.264656 -3.275682 -0.824117 -3.830880 -0.130943 -0.683590 -2.209148 -1.447962 2.986540 1.481132 3.152484 2.614104 2.807355 2.493767 1.132917 -2.706454 -1.520978 -2.868093 -5.522574 -3.198698 -3.455138 -0.254323 -3.339506 -3.680444 -0.934436 -0.058014 -1.101972 -3.497116 -2.985642 -1.925279 -1.485650 -1.990175 -1.001703 -1.100957 -1.458229 -1.871425 -0.995362 -0.219796 -1.134638 -3.145519 -0.001333 -3.796971 -1.257279 -1.623527 -3.039789 -2.092633 -0.825925 -0.098610 -0.001054 -0.000477 0.950160 -9999.0
-9999.0 -9999.0 -9999.0 -9999.0 -9999.0 -9999.0 -9999.0 -9999.0 -5.168932 -1.631233 -0.039148 -3.917695 -0.066148 -0.049059 -0.038550 -2.135113 2.460041 2.581121 -0.124359 3.040137 2.010505 2.592219 2.642309 0.096280 -0.641707 -0.290379 -0.806021 -2.565320 -0.040160 -0.036714 -2.464446 -2.120206 -1.269774 -0.043749 -2.686323 -1.049692 -1.129419 -0.349874 -2.995428 -2.550322 -1.091964 -0.767595 -0.605996 -2.565778 -0.882934 -0.913683 -0.420712 -0.716685 -0.288078 -1.658417 -1.383582 -0.000925 -1.684678 -1.288057 -0.951124 -0.566498 -0.091692 -0.003292 2.973723 0.975686 -0.001206 -0.341637
-9999.0 -9999.0 -9999.0 -9999.0 -9999.0 -9999.0 -9999.0 -9999.0 -1.762732 -0.930111 -0.188000 -0.036846 -0.036245 -2.476813 -1.139707 -0.546012 -1.845104 -3.484692 -1.270085 -1.089044 2.258167 2.367438 2.210446 1.463388 -2.149767 -0.066103 -0.245316 -0.037483 -1.720908 -0.577255 -1.168681 -0.033043 -2.023950 -0.080761 -2.138966 -1.659518 -0.446522 -0.586387 -3.192675 -0.900384 -2.426020 -1.663380 -0.146397 -1.514655 -2.404385 -0.339047 -1.322047 -0.123564 -0.050038 -2.594292 -2.385487 -0.689935 -0.002500 -0.239804 -0.496352 -0.142142 -0.000982 -0.000663 -0.001199 -0.003215 -3.415568 -0.052517
-9999.0 -9999.0 -1.993355 -0.612821 -0.840683 -1.268432 -0.528116 -1.899174 -0.620820 -1.006382 -0.874674 -0.687603 -0.046970 -0.591551 -1.983925 -1.387429 -3.996668 -1.672907 -1.033371 -1.035559 -1.047165 2.947541 2.091609 2.277908 -0.019469 -2.672172 -2.225830 -2.093434 -0.405957 -1.015469 -0.039430 -0.033185 -0.516742 -3.347008 -2.321282 -2.448417 -1.805450 -1.295588 -2.652000 -0.286360 -1.257247 -2.757495 -3.320556 -0.929011 -0.195738 -0.042030 -2.060402 -1.377230 -0.706504 -0.004602 -0.005679 -0.003573 -0.001092 -0.003282 -0.009074 -0.280578 -0.288934 -0.062047 -3.764063 -4.197523 -0.073039 -0.046249
-9999.0 -0.288127 -0.246539 -0.310171 -0.324072 -0.334791 -0.931958 -1.095623 -1.299416 -1.777303 -0.953914 -0.173050 -0.136550 -0.122965 -0.360343 -0.877246 -0.977633 -1.012889 -0.062319 -0.240784 -1.583765 1.799258 -0.002488 2.537998 -0.001310 -0.009817 -0.019074 -0.004222 -0.001253 -0.273816 -0.585139 -1.936003 -1.015224 -0.124358 -0.761572 -0.108934 -0.393470 -0.093476 -0.225880 -0.311923 -0.765393 -0.347148 -0.408587 -2.745829 -2.066384 -0.490465 -0.001059 2.999463 -0.000837 -0.001042 -0.000788 -0.002513 -0.418519 -0.861448 -1.374657 -3.237878 -1.339000 -1.106850 -0.486619 -0.186759 -0.052259 -0.033472
-9999.0 -0.919297 -0.117041 -0.034853 -0.026694 -0.123236 -0.557698 -2.070164 -0.845607 -2.287480 -0.639236 -0.033031 -0.324886 -0.319779 -2.758712 -1.128655 -1.557312 -1.635140 -0.031777 -0.298841 -0.466994 -1.411592 -0.000717 -0.005958 -0.096267 -0.001042 3.165717 2.325322 2.309858 3.205721 3.193830 2.930942 -0.001186 -0.000972 -0.002688 -0.000744 -0.008930 0.827881 -0.001078 -0.000894 -0.000476 -0.000503 -0.000922 3.134721 3.406288 3.580825 3.447817 2.343675 1.230350 -0.000608 -0.008126 -4.785944 -1.342575 -3.819492 -2.189143 -0.697226 -0.756792 -0.278559 -0.290631 -0.072582 -0.068652 -9999.0
