erum2020/resources/simulation/Vinschgau/output-maps/TsL0002N0326.asc
ncols         63
nrows         48
xllcorner     598000.000000
yllcorner     5145000.000000
cellsize      1000.000000
NODATA_value  -9999.0
[rows 0 to 27 of 48, columns 0 to 62 of 63]
-9999.0 -9999.0 -9999.0 -9999.0 -9999.0 -9999.0 -9999.0 -9999.0 -9999.0 -9999.0 -9999.0 -9999.0 -9999.0 -9999.0 -9999.0 -9999.0 -9999.0 -9999.0 -9999.0 -9999.0 -9999.0 -9999.0 -9999.0 -9999.0 -9999.0 -9999.0 -9999.0 -9999.0 -9999.0 -9999.0 -9999.0 -9999.0 -9999.0 -9999.0 -9999.0 -9999.0 -9999.0 -9999.0 -9999.0 -9999.0 -9999.0 -9999.0 -9999.0 -9999.0 -9999.0 -9999.0 -9999.0 -9999.0 -9999.0 -9999.0 -9999.0 -9999.0 -9999.0 -9999.0 -9999.0 -9999.0 -9999.0 -9999.0 -9999.0 -9999.0 -9999.0 -9999.0 -9999.0
-9999.0 -9999.0 -9999.0 -9999.0 -9999.0 -9999.0 -9999.0 -9999.0 -9999.0 -9999.0 -9999.0 -9999.0 -9999.0 -9999.0 -9999.0 -9999.0 -9999.0 -9999.0 -9999.0 -9999.0 -9999.0 -9999.0 -9999.0 -9999.0 -9999.0 -9999.0 -9999.0 -0.660146 -0.931174 -1.486967 -4.339665 -6.816227 -6.397802 -9999.0 -9999.0 -9999.0 -9999.0 -9999.0 -9999.0 -9999.0 -9999.0 -9999.0 -9999.0 -9999.0 -9999.0 -9999.0 -9999.0 -9999.0 -9999.0 -9999.0 -9999.0 -9999.0 -9999.0 -9999.0 -9999.0 -9999.0 -9999.0 -9999.0 -9999.0 -9999.0 -9999.0 -9999.0 -9999.0
-9999.0 -9999.0 -9999.0 -9999.0 -9999.0 -9999.0 -9999.0 -9999.0 -9999.0 -9999.0 -9999.0 -9999.0 -9999.0 -9999.0 -9999.0 -9999.0 -9999.0 -9999.0 -9999.0 -9999.0 -9999.0 -9999.0 -9999.0 -9999.0 -0.383649 -1.531797 -1.213841 -1.357011 -0.856991 -1.995823 -4.129202 -9999.0 -9999.0 -9999.0 -9999.0 -9999.0 -9999.0 -9999.0 -9999.0 -9999.0 -9999.0 -9999.0 -9999.0 -9999.0 -9999.0 -9999.0 -9999.0 -9999.0 -9999.0 -9999.0 -9999.0 -9999.0 -9999.0 -9999.0 -9999.0 -9999.0 -9999.0 -9999.0 -9999.0 -9999.0 -9999.0 -9999.0 -9999.0
-9999.0 -9999.0 -9999.0 -9999.0 -9999.0 -9999.0 -9999.0 -9999.0 -9999.0 -9999.0 -9999.0 -9999.0 -9999.0 -9999.0 -9999.0 -9999.0 -9999.0 -9999.0 -9999.0 -9999.0 -9999.0 -9999.0 -9999.0 -1.137988 -0.897745 -0.252277 -0.000816 -0.066981 -0.607856 -2.382110 -1.058953 -2.472929 -9999.0 -9999.0 -9999.0 -9999.0 -9999.0 -9999.0 -9999.0 -9999.0 -9999.0 -9999.0 -9999.0 -9999.0 -9999.0 -9999.0 -9999.0 -9999.0 -9999.0 -9999.0 -9999.0 -9999.0 -9999.0 -9999.0 -9999.0 -9999.0 -9999.0 -9999.0 -9999.0 -9999.0 -9999.0 -9999.0 -9999.0
-9999.0 -9999.0 -9999.0 -9999.0 -9999.0 -9999.0 -9999.0 -9999.0 -9999.0 -9999.0 -9999.0 -9999.0 -9999.0 -9999.0 -9999.0 -9999.0 -9999.0 -9999.0 9.508070 -1.570536 -9999.0 -0.383618 -0.663396 -0.669201 2.835155 6.221467 -0.415700 -0.477314 5.783929 -0.919607 -2.430701 -0.820328 -1.416168 -3.335788 -9999.0 -9999.0 -9999.0 -9999.0 -9999.0 -9999.0 -9999.0 -9999.0 -9999.0 -9999.0 -9999.0 -9999.0 -9999.0 -9999.0 -9999.0 -9999.0 -9999.0 -9999.0 -9999.0 -9999.0 -9999.0 -9999.0 -9999.0 -9999.0 -9999.0 -9999.0 -9999.0 -9999.0 -9999.0
-9999.0 -9999.0 -9999.0 -9999.0 -9999.0 -9999.0 -9999.0 -9999.0 -9999.0 -9999.0 -9999.0 -9999.0 -9999.0 -9999.0 -9999.0 -9999.0 -9999.0 3.495219 2.072461 0.226801 -1.989236 -0.856990 -0.543700 -0.040854 9.959667 -0.788539 -3.235615 -1.681374 -1.965326 -1.365157 -0.727696 -2.518459 -1.676215 -2.772307 -4.329100 -7.857427 -9999.0 -9999.0 -9999.0 -9999.0 -9999.0 -9999.0 -9999.0 -9999.0 -9999.0 -9999.0 -9999.0 -9999.0 -9999.0 -9999.0 -9999.0 -9999.0 -9999.0 -9999.0 -9999.0 -9999.0 -9999.0 -9999.0 -9999.0 -9999.0 -9999.0 -9999.0 -9999.0
-9999.0 -9999.0 -9999.0 -9999.0 -9999.0 -9999.0 -9999.0 -9999.0 -9999.0 -9999.0 -9999.0 -9999.0 -9999.0 -0.655943 -0.847303 -0.063374 2.019504 17.039979 3.126147 0.796125 2.780914 4.591595 5.141245 8.534413 -0.738309 -3.932185 -5.118707 -2.715159 -5.476366 -3.176297 -1.143321 -4.884238 -4.553226 -8.113641 -7.534393 -8.355366 -9999.0 -9999.0 -9999.0 -9999.0 -9999.0 -9999.0 -9999.0 -9999.0 -9999.0 -9999.0 -9999.0 -9999.0 -9999.0 -9999.0 -9999.0 -9999.0 -9999.0 -9999.0 -9999.0 -9999.0 -9999.0 -9999.0 -9999.0 -9999.0 -9999.0 -9999.0 -9999.0
-9999.0 -9999.0 -9999.0 -9999.0 -9999.0 -9999.0 -9999.0 -9999.0 -9999.0 -9999.0 -9999.0 -9999.0 -9999.0 -1.272484 -0.544953 -0.460698 -0.740259 11.190304 16.813456 3.160704 4.434789 -0.320013 -0.518476 -0.501349 -0.594791 -0.908543 -1.555745 -5.829865 -7.185969 -5.878109 -4.554946 -7.935330 -8.173034 -9.579001 -8.738774 -9999.0 -9999.0 -9999.0 -9999.0 -9999.0 -9999.0 -9999.0 -9999.0 -9999.0 -9999.0 -9999.0 -9999.0 -9999.0 -9999.0 -9999.0 -9999.0 -9999.0 -9999.0 -9999.0 -9999.0 -9999.0 -9999.0 -9999.0 -9999.0 -9999.0 -9999.0 -9999.0 -9999.0
-9999.0 -9999.0 -9999.0 -9999.0 -9999.0 -9999.0 -9999.0 -9999.0 -9999.0 -9999.0 -9999.0 -9999.0 -9999.0 -1.058623 7.696401 -0.641410 -0.761372 -0.044605 17.343842 4.336497 -0.343453 -3.358151 -0.984282 -1.993269 -0.412702 -0.381296 -1.075684 -7.079691 -0.877419 -8.321163 -7.524363 -9.998852 -9.660222 -10.757440 -9.303142 -9999.0 -9999.0 -9999.0 -9999.0 -9999.0 -9999.0 -9999.0 -9999.0 -9999.0 -9999.0 -9999.0 -9999.0 -9999.0 -9999.0 -9999.0 -9999.0 -9999.0 -9999.0 -9999.0 -9999.0 -9999.0 -9999.0 -9999.0 -9999.0 -9999.0 -9999.0 -9999.0 -9999.0
-9999.0 -9999.0 -9999.0 -9999.0 -9999.0 -9999.0 -9999.0 -9999.0 -9999.0 -9999.0 -9999.0 -9999.0 -0.977662 5.678985 -1.149614 -2.406388 -0.776059 -0.152399 14.565803 5.402811 -0.916745 -4.245359 -1.680416 -2.831768 -1.333891 -6.285999 -3.964060 -1.861870 -1.892734 -7.414654 -8.901558 -2.439433 -4.125677 -7.665025 -9999.0 -9999.0 -9999.0 -9999.0 -9999.0 -9999.0 -9999.0 -9999.0 -9999.0 -9999.0 -9999.0 -9999.0 -9999.0 -9999.0 -9999.0 -9999.0 -9999.0 -9999.0 -9999.0 -9999.0 -9999.0 -9999.0 -9999.0 -9999.0 -9999.0 -9999.0 -9999.0 -9999.0 -9999.0
-9999.0 -9999.0 -9999.0 -9999.0 -9999.0 -9999.0 -9999.0 -9999.0 -9999.0 -9999.0 -9999.0 -0.940717 -0.845408 -1.027836 -2.951301 -2.950736 -3.290882 -0.594488 14.421372 5.072449 -0.055459 -0.001610 -0.852135 -4.140528 -0.524088 -2.247176 -7.757203 -0.548270 -2.132078 -8.387740 -2.688754 -1.300083 -4.020143 -6.400427 -6.286626 -4.693073 -1.735674 2.813830 6.094648 -9999.0 -9999.0 -9999.0 -7.163075 -9999.0 -9999.0 -9999.0 -9999.0 -9999.0 -9999.0 -9999.0 -9999.0 -9999.0 -9999.0 -9999.0 -9999.0 -9999.0 -9999.0 -9999.0 -9999.0 -9999.0 -9999.0 -9999.0 -9999.0
-9999.0 -9999.0 -9999.0 -9999.0 -9999.0 -9999.0 -9999.0 -9999.0 -9999.0 -9999.0 -9999.0 -2.275052 -1.751168 -1.906389 -2.173223 -5.309870 -1.109330 -0.082530 14.570989 8.126706 10.447236 -1.013181 -0.391241 -0.651893 -1.523555 -2.991639 -0.737861 -0.764504 -1.557858 -6.327352 -2.277510 -3.020112 -4.167200 -6.041450 -7.401511 -1.329481 10.698581 9.532366 7.174776 8.697466 7.317912 -7.465813 -2.403315 -5.640674 -9999.0 -9999.0 -9999.0 -0.017669 -0.570083 -0.432858 -0.079079 -0.175096 -0.178150 -0.017589 -0.016691 -0.150852 -9999.0 -9999.0 -9999.0 -9999.0 -9999.0 -9999.0 -9999.0
-9999.0 -9999.0 -9999.0 -9999.0 -9999.0 -9999.0 -9999.0 -9999.0 -9999.0 -9999.0 -9999.0 -1.143100 -4.129070 -1.398120 -1.536405 -2.492288 -0.967785 -0.228265 9.552626 9.446688 1.728539 -0.470516 -1.162406 -0.630524 -5.240538 -0.850238 -0.900648 -1.576188 -4.413621 -4.033137 -5.606600 -1.661487 -2.518317 -6.448693 -6.142515 8.374320 -0.010068 -0.010392 15.766112 8.344360 6.136294 -1.625972 -1.025531 -3.440038 -4.392037 -9999.0 -5.773389 -0.927449 -0.097587 -0.500849 -0.656968 -0.478196 -0.018216 -0.013298 -0.014141 -0.018508 -9999.0 -9999.0 -9999.0 -9999.0 -9999.0 -9999.0 -9999.0
-9999.0 -9999.0 -9999.0 -9999.0 -9999.0 -9999.0 -9999.0 -9999.0 -9999.0 -9999.0 -9999.0 -9999.0 -2.873635 -1.037770 -1.438490 -1.049975 -0.955122 -0.528763 13.335689 9.420775 1.795853 -0.277585 0.991024 -0.461168 -0.466838 -0.687492 -0.196536 -4.297752 -2.717086 -0.969038 -1.589729 -0.864382 -3.056723 -4.869315 -7.766000 -1.838480 -0.107409 -0.011152 18.887410 10.686990 10.148066 14.713160 -0.111062 -0.008514 -3.119801 -2.234377 -1.308265 -1.385191 -0.252090 -0.755597 2.834539 -1.378975 -0.284752 -0.035842 -2.949323 -3.211603 -0.021047 -9999.0 -9999.0 -9999.0 -9999.0 -9999.0 -9999.0
-9999.0 -9999.0 -9999.0 -9999.0 -9999.0 -9999.0 -9999.0 -9999.0 -9999.0 -9999.0 -9999.0 -0.649220 -4.352253 -2.509468 -0.974266 -1.021225 -0.947786 -0.610630 12.460147 4.218647 2.991269 1.810374 -0.287901 -1.220120 -0.539565 -0.207035 -0.465370 -5.601474 -0.831894 -1.063172 -0.528704 -0.476499 -0.946437 -5.037199 -8.581274 -3.198493 -1.995836 -0.058430 -0.004198 14.401355 1.372409 4.787899 2.417138 1.902320 8.645750 -2.514850 -0.906108 -1.091562 -0.270606 -0.290961 -4.140244 -5.158704 -4.154772 -5.994070 -5.359278 -6.190288 -0.078725 -9999.0 -9999.0 -9999.0 -9999.0 -9999.0 -9999.0
-9999.0 -9999.0 -9999.0 -9999.0 -9999.0 -9999.0 -9999.0 -9999.0 -9999.0 -9999.0 -0.052211 -0.708791 -0.921075 -0.400757 -0.393009 -0.200478 -0.372551 -0.393370 3.684338 4.620404 10.018421 6.034399 -0.384850 -0.420504 2.096936 -0.288226 -1.273341 -0.711591 -0.785126 -1.090589 -0.003839 -1.172630 -2.857195 -5.945364 -9.245674 -5.902180 4.195402 -0.118510 -0.009540 6.149518 7.176757 3.676814 -0.156816 1.668036 -0.006249 -2.675199 -0.718186 -0.254098 1.212971 0.877202 -0.141466 -5.721778 -5.881840 -6.334495 -5.642125 -0.017705 -0.017859 -9999.0 -9999.0 -9999.0 -9999.0 -9999.0 -9999.0
-9999.0 -9999.0 -9999.0 -9999.0 -9999.0 -9999.0 -9999.0 -9999.0 -9999.0 -3.765236 -0.089101 -0.058606 -0.131627 -1.262826 -0.519656 -0.371268 -2.205773 -0.356694 3.670397 4.981516 10.244192 3.271272 2.153674 5.744408 -0.155831 -0.652940 -0.975475 -0.467678 2.693164 3.632692 3.462503 -1.804839 -7.316568 -8.784208 -5.345321 -5.923612 -5.111076 -1.489539 -2.077095 -0.286441 1.093590 -2.098734 -0.579398 3.199107 0.894982 1.216054 13.417355 -0.490168 -0.494400 3.532382 -0.591460 -0.324089 -6.813988 -4.060008 -0.321587 -0.046743 -0.015790 -0.006758 -0.028968 -9999.0 -9999.0 -9999.0 -9999.0
-9999.0 -9999.0 -9999.0 -9999.0 -9999.0 -9999.0 -9999.0 -9999.0 -9999.0 -2.586788 -3.382835 -2.435269 13.509194 -0.006339 -0.891859 -0.331465 -0.353882 4.512380 4.204116 13.886821 12.488690 14.704569 -0.106193 -0.173586 -0.659171 -0.834652 1.244013 3.739972 6.364515 -0.153427 -0.328636 -0.840630 -3.584850 -3.414939 -2.707808 -2.604625 -2.843758 -1.524425 -6.003233 -2.971068 -3.995343 -5.390276 -0.235247 -0.104382 3.079436 6.621981 6.101423 4.262177 3.418460 2.042655 -0.066751 -0.065223 -2.880127 -2.360909 -5.246073 -0.019826 -0.017634 -0.109997 -0.005768 -9999.0 -9999.0 -9999.0 -9999.0
-9999.0 -9999.0 -9999.0 -9999.0 -9999.0 -9999.0 -9999.0 -9999.0 -9999.0 -9999.0 -2.518036 -0.774930 -0.129104 2.250287 2.884253 -0.411308 -0.326544 5.290537 5.236220 7.382463 8.744570 3.142173 -0.220206 -0.199457 -0.590877 1.604716 5.772685 5.751423 -0.194159 -3.480997 -3.249761 -0.933878 -5.143219 -5.988420 -1.086134 -0.697639 -0.884451 -1.021957 -3.663827 -6.550534 -8.184852 -0.663990 -0.367129 -1.927480 -0.287107 -0.434310 -0.117639 4.871745 7.540576 4.739486 -0.520803 -0.203506 -0.141751 -0.956180 -3.971624 -2.890265 -0.211013 6.272720 6.306573 6.370008 -9999.0 -9999.0 -9999.0
-9999.0 -9999.0 -9999.0 -9999.0 -9999.0 -9999.0 -9999.0 -9999.0 -9999.0 -9999.0 -2.299531 -1.818003 -1.637699 -0.087704 13.181472 2.226245 2.174107 4.000181 7.232091 7.790801 4.744254 3.239667 0.738911 -0.004415 1.340137 6.224754 6.661009 -0.086115 -0.285333 -6.041252 -5.464471 -0.711550 -0.490301 -6.313357 -5.442483 -4.108835 -0.004276 -0.548636 -2.318717 -5.869253 -0.879511 -0.574232 -2.877060 -5.174162 -0.393038 -0.330727 -0.111369 -0.157590 4.186161 7.508571 4.972487 -0.168236 -0.019201 -0.109530 -0.533087 -0.090116 -4.707019 -0.015675 7.067463 8.466801 -9999.0 -9999.0 -9999.0
-9999.0 -9999.0 -9999.0 -9999.0 -9999.0 -9999.0 -9999.0 -9999.0 -0.579224 -0.618785 -0.462429 -0.997898 -0.279122 -0.142908 -0.071442 5.253524 5.409478 15.914183 9.847043 9.046069 7.722962 5.622933 3.692097 1.627001 5.152931 7.562966 9.028550 -0.167823 -0.295760 -1.240595 -7.752778 -4.418816 -1.814572 -2.798696 -0.762901 -7.259034 -0.480431 -0.519269 -1.322117 -1.146753 -3.959574 -3.747498 -5.806793 -7.079272 -0.223464 -0.064363 -4.218515 -0.088231 -0.291296 6.672848 5.378647 2.205971 -0.016712 -0.119311 -0.046106 -0.015713 -0.007135 -0.111439 7.765386 9.252138 -9999.0 -9999.0 -9999.0
-9999.0 -9999.0 -9999.0 -9999.0 -9999.0 -9999.0 -9999.0 -9999.0 -1.047433 -0.615797 -0.253158 -4.946776 -2.968880 -0.113396 -0.058256 -0.236122 3.788709 2.464502 6.858285 10.772582 22.813125 17.739798 14.595839 12.308644 5.112485 6.895095 4.088806 -0.216979 -1.285932 -0.528412 -0.650975 -0.557278 -0.393599 -0.582054 -0.224776 -0.125586 -0.627883 -0.216059 -0.897146 -0.245406 -5.441636 -8.358307 -6.092943 -0.176873 -0.490168 -0.232991 -4.612476 -2.414135 -0.055399 4.753564 6.663705 4.960241 -0.018389 -0.014953 -0.249227 8.366479 6.778675 7.106009 10.526445 12.389735 12.951723 -9999.0 -9999.0
-9999.0 -9999.0 -9999.0 -9999.0 -9999.0 -9999.0 -9999.0 -9999.0 -3.544787 -0.094405 -0.554162 -0.448539 -0.062062 -2.686124 -0.287719 1.056635 4.447074 6.970457 8.378449 20.283338 11.441526 17.485618 18.297785 9.960565 15.413997 4.721842 3.215449 -0.269530 -1.118081 -0.474825 -0.305639 -0.525563 -0.500969 -0.538343 -0.071219 -0.470838 -0.116301 2.411202 -0.240940 -0.203758 -0.601654 -0.703422 -0.116699 -0.995810 -3.050648 -2.653574 -0.195981 -0.025673 -0.346576 -0.106097 7.844310 7.182316 3.305207 -0.108587 7.732484 8.783650 9.463230 11.027472 11.706616 10.522776 11.286048 -9999.0 -9999.0
-9999.0 -9999.0 -9999.0 -9999.0 -9999.0 -9999.0 -9999.0 -9999.0 -5.480985 -0.149137 3.025819 -0.409165 -0.229508 -0.205894 4.127811 4.828894 7.395154 8.562865 7.281926 7.274737 8.907122 10.946221 17.322723 15.807617 4.669246 3.139395 -0.167162 -0.610087 -0.483599 1.167693 -0.575168 -0.454139 1.928228 0.565633 -0.104867 -0.307164 -0.338457 4.549943 -0.670037 -0.294631 -0.209361 -0.051694 -0.043450 -0.596994 -0.044260 -0.117966 -0.026168 -0.136813 -0.211990 -0.053106 -0.066390 9.979433 8.916116 8.809979 10.956366 11.686155 12.163362 10.412101 11.249360 11.289523 8.141613 6.176283 -9999.0
-9999.0 -9999.0 -9999.0 -9999.0 -9999.0 -9999.0 -9999.0 -9999.0 -0.575025 -0.088785 -0.108694 2.693681 4.655818 5.047147 14.525119 8.179941 6.955020 4.256090 -0.151618 4.217792 6.959611 10.607100 10.362678 8.436299 11.468848 3.142189 -0.136154 0.659570 5.504948 4.470950 -0.636215 1.174941 6.065793 1.307709 -0.321305 -0.305201 3.759658 5.377411 4.712926 -0.192763 -0.339773 -0.194349 1.541257 0.515173 -0.434465 -0.423492 -0.165895 0.834513 2.229992 6.998906 9.928558 9.212301 10.792261 12.495333 12.770298 11.872941 12.090697 11.758355 9.814914 9.000164 6.836020 4.776605 -9999.0
-9999.0 -9999.0 -0.119105 -0.077048 -0.176262 -0.173051 -0.231610 -0.212448 -0.082977 -0.124553 -0.038392 5.298373 5.398479 8.146038 17.374320 5.008439 -0.119834 -0.299391 -0.104992 -0.201377 4.595477 8.353233 9.795922 8.277262 7.670520 4.840432 3.684154 3.903896 4.740359 10.219572 1.047937 2.350077 12.254130 4.125463 6.134461 4.865239 7.809349 6.808740 5.634794 3.160315 6.025899 6.319653 4.634148 5.320962 -0.002167 3.994767 6.476083 4.892129 9.250519 10.388998 11.469698 11.250829 12.371528 11.794083 11.222803 19.956500 10.170924 9.282629 7.074621 6.731548 4.656637 -0.067622 -9999.0
-9999.0 -0.616832 -0.738279 -0.512621 -0.422586 -0.442284 -0.083445 -0.244062 -0.364802 -0.608697 -0.060543 -0.080452 7.092044 14.101198 10.337501 -0.058286 -0.082631 -0.186528 -0.540642 4.118721 5.959760 7.072969 13.615379 8.753723 15.979372 9.455968 15.984370 16.039787 7.939700 6.787973 6.802414 6.387657 6.987642 14.112539 8.576085 9.415739 10.768762 9.754073 9.950799 9.240317 8.375249 9.019517 7.587684 4.793209 4.650862 5.035283 8.116244 7.555083 10.886504 9.287236 9.978298 9.771762 9.974419 10.307325 10.053905 7.896105 7.620882 6.691238 4.822971 -0.024717 -0.011215 -0.033617 -9999.0
-9999.0 -0.079693 -0.108754 3.252640 10.243355 -0.103144 -0.663493 -0.348688 -0.074349 -0.072226 -0.157610 4.656518 7.104645 11.066844 0.627389 -0.039273 -0.281903 -0.076301 5.706127 4.608503 8.122366 7.121973 9.137357 9.994681 19.701158 21.815842 10.222634 11.568105 10.021866 7.817351 9.106316 8.154577 8.630446 8.724624 15.340093 10.408983 20.329784 23.949725 12.314229 11.669388 11.177377 10.047726 9.933303 8.334567 9.924763 9.978632 12.313096 11.956592 9.739614 9.890114 8.070604 7.176765 7.288889 8.538017 7.768287 -0.033052 -0.001827 -0.016643 -0.015895 -0.012837 -0.012148 -9999.0 -9999.0
