erum2020/resources/simulation/Vinschgau/output-maps/TsL0008N0398.asc
ncols         63
nrows         48
xllcorner     598000.000000
yllcorner     5145000.000000
cellsize      1000.000000
NODATA_value  -9999.0
[rows 0 to 27 of 48, columns 0 to 62 of 63]
-9999.0 -9999.0 -9999.0 -9999.0 -9999.0 -9999.0 -9999.0 -9999.0 -9999.0 -9999.0 -9999.0 -9999.0 -9999.0 -9999.0 -9999.0 -9999.0 -9999.0 -9999.0 -9999.0 -9999.0 -9999.0 -9999.0 -9999.0 -9999.0 -9999.0 -9999.0 -9999.0 -9999.0 -9999.0 -9999.0 -9999.0 -9999.0 -9999.0 -9999.0 -9999.0 -9999.0 -9999.0 -9999.0 -9999.0 -9999.0 -9999.0 -9999.0 -9999.0 -9999.0 -9999.0 -9999.0 -9999.0 -9999.0 -9999.0 -9999.0 -9999.0 -9999.0 -9999.0 -9999.0 -9999.0 -9999.0 -9999.0 -9999.0 -9999.0 -9999.0 -9999.0 -9999.0 -9999.0
-9999.0 -9999.0 -9999.0 -9999.0 -9999.0 -9999.0 -9999.0 -9999.0 -9999.0 -9999.0 -9999.0 -9999.0 -9999.0 -9999.0 -9999.0 -9999.0 -9999.0 -9999.0 -9999.0 -9999.0 -9999.0 -9999.0 -9999.0 -9999.0 -9999.0 -9999.0 -9999.0 -0.003804 -0.002771 0.791744 -1.878796 -0.525665 -0.937739 -9999.0 -9999.0 -9999.0 -9999.0 -9999.0 -9999.0 -9999.0 -9999.0 -9999.0 -9999.0 -9999.0 -9999.0 -9999.0 -9999.0 -9999.0 -9999.0 -9999.0 -9999.0 -9999.0 -9999.0 -9999.0 -9999.0 -9999.0 -9999.0 -9999.0 -9999.0 -9999.0 -9999.0 -9999.0 -9999.0
-9999.0 -9999.0 -9999.0 -9999.0 -9999.0 -9999.0 -9999.0 -9999.0 -9999.0 -9999.0 -9999.0 -9999.0 -9999.0 -9999.0 -9999.0 -9999.0 -9999.0 -9999.0 -9999.0 -9999.0 -9999.0 -9999.0 -9999.0 -9999.0 -0.003073 3.771015 5.765958 3.507385 3.183570 2.146690 -2.030916 -9999.0 -9999.0 -9999.0 -9999.0 -9999.0 -9999.0 -9999.0 -9999.0 -9999.0 -9999.0 -9999.0 -9999.0 -9999.0 -9999.0 -9999.0 -9999.0 -9999.0 -9999.0 -9999.0 -9999.0 -9999.0 -9999.0 -9999.0 -9999.0 -9999.0 -9999.0 -9999.0 -9999.0 -9999.0 -9999.0 -9999.0 -9999.0
-9999.0 -9999.0 -9999.0 -9999.0 -9999.0 -9999.0 -9999.0 -9999.0 -9999.0 -9999.0 -9999.0 -9999.0 -9999.0 -9999.0 -9999.0 -9999.0 -9999.0 -9999.0 -9999.0 -9999.0 -9999.0 -9999.0 -9999.0 1.873066 5.618562 -0.006012 2.401654 4.035718 1.368795 4.220369 -0.003361 -2.698528 -9999.0 -9999.0 -9999.0 -9999.0 -9999.0 -9999.0 -9999.0 -9999.0 -9999.0 -9999.0 -9999.0 -9999.0 -9999.0 -9999.0 -9999.0 -9999.0 -9999.0 -9999.0 -9999.0 -9999.0 -9999.0 -9999.0 -9999.0 -9999.0 -9999.0 -9999.0 -9999.0 -9999.0 -9999.0 -9999.0 -9999.0
-9999.0 -9999.0 -9999.0 -9999.0 -9999.0 -9999.0 -9999.0 -9999.0 -9999.0 -9999.0 -9999.0 -9999.0 -9999.0 -9999.0 -9999.0 -9999.0 -9999.0 -9999.0 6.997757 6.514747 -9999.0 -0.002442 5.129752 2.498476 1.813766 6.370960 -0.002081 -0.002369 3.116867 -0.002107 3.839052 -0.003785 -0.002642 -3.389006 -9999.0 -9999.0 -9999.0 -9999.0 -9999.0 -9999.0 -9999.0 -9999.0 -9999.0 -9999.0 -9999.0 -9999.0 -9999.0 -9999.0 -9999.0 -9999.0 -9999.0 -9999.0 -9999.0 -9999.0 -9999.0 -9999.0 -9999.0 -9999.0 -9999.0 -9999.0 -9999.0 -9999.0 -9999.0
-9999.0 -9999.0 -9999.0 -9999.0 -9999.0 -9999.0 -9999.0 -9999.0 -9999.0 -9999.0 -9999.0 -9999.0 -9999.0 -9999.0 -9999.0 -9999.0 -9999.0 -0.013861 2.249650 6.686867 8.323134 -0.079185 -0.002784 1.332600 7.502549 -0.121925 -0.400794 -0.218633 -0.307814 -0.055388 5.285695 3.150254 5.093929 0.728538 -2.870521 -0.663677 -9999.0 -9999.0 -9999.0 -9999.0 -9999.0 -9999.0 -9999.0 -9999.0 -9999.0 -9999.0 -9999.0 -9999.0 -9999.0 -9999.0 -9999.0 -9999.0 -9999.0 -9999.0 -9999.0 -9999.0 -9999.0 -9999.0 -9999.0 -9999.0 -9999.0 -9999.0 -9999.0
-9999.0 -9999.0 -9999.0 -9999.0 -9999.0 -9999.0 -9999.0 -9999.0 -9999.0 -9999.0 -9999.0 -9999.0 -9999.0 -0.004221 -0.009687 -0.069303 -0.004995 13.486860 -0.016477 5.231622 3.194750 4.013499 6.847592 7.819498 -0.150416 -0.932272 -1.632484 -0.592996 -1.259561 -0.705679 -0.120228 -1.418910 -1.821656 -1.015410 -1.607733 -1.213045 -9999.0 -9999.0 -9999.0 -9999.0 -9999.0 -9999.0 -9999.0 -9999.0 -9999.0 -9999.0 -9999.0 -9999.0 -9999.0 -9999.0 -9999.0 -9999.0 -9999.0 -9999.0 -9999.0 -9999.0 -9999.0 -9999.0 -9999.0 -9999.0 -9999.0 -9999.0 -9999.0
-9999.0 -9999.0 -9999.0 -9999.0 -9999.0 -9999.0 -9999.0 -9999.0 -9999.0 -9999.0 -9999.0 -9999.0 -9999.0 0.858859 -0.002921 -0.075408 -0.074564 7.877948 14.210275 6.418523 5.269342 5.754540 -0.003218 -0.087570 -0.004569 -0.010018 -0.002352 -1.299418 -0.489300 -0.933948 -1.631062 -0.730721 -0.762680 -1.149341 -0.995614 -9999.0 -9999.0 -9999.0 -9999.0 -9999.0 -9999.0 -9999.0 -9999.0 -9999.0 -9999.0 -9999.0 -9999.0 -9999.0 -9999.0 -9999.0 -9999.0 -9999.0 -9999.0 -9999.0 -9999.0 -9999.0 -9999.0 -9999.0 -9999.0 -9999.0 -9999.0 -9999.0 -9999.0
-9999.0 -9999.0 -9999.0 -9999.0 -9999.0 -9999.0 -9999.0 -9999.0 -9999.0 -9999.0 -9999.0 -9999.0 -9999.0 -0.002483 5.348377 -0.005474 -0.157653 -0.038174 13.772026 -0.007338 6.253914 -0.011294 -0.121935 -0.286377 -0.008882 -0.058199 1.584393 -0.417962 -0.003263 -0.349761 -0.861318 -1.749648 -1.105163 -5.705581 -1.335833 -9999.0 -9999.0 -9999.0 -9999.0 -9999.0 -9999.0 -9999.0 -9999.0 -9999.0 -9999.0 -9999.0 -9999.0 -9999.0 -9999.0 -9999.0 -9999.0 -9999.0 -9999.0 -9999.0 -9999.0 -9999.0 -9999.0 -9999.0 -9999.0 -9999.0 -9999.0 -9999.0 -9999.0
-9999.0 -9999.0 -9999.0 -9999.0 -9999.0 -9999.0 -9999.0 -9999.0 -9999.0 -9999.0 -9999.0 -9999.0 -0.004682 4.682936 -0.092556 -0.123811 -0.290017 -0.068505 9.782465 8.244319 0.443751 -1.476831 -0.094145 -1.202739 -0.056481 -0.846981 -1.379945 -1.049388 1.786033 -0.580827 -0.629481 -0.009194 -0.005645 -1.954871 -9999.0 -9999.0 -9999.0 -9999.0 -9999.0 -9999.0 -9999.0 -9999.0 -9999.0 -9999.0 -9999.0 -9999.0 -9999.0 -9999.0 -9999.0 -9999.0 -9999.0 -9999.0 -9999.0 -9999.0 -9999.0 -9999.0 -9999.0 -9999.0 -9999.0 -9999.0 -9999.0 -9999.0 -9999.0
-9999.0 -9999.0 -9999.0 -9999.0 -9999.0 -9999.0 -9999.0 -9999.0 -9999.0 -9999.0 -9999.0 -0.547129 -0.102162 -0.048775 -0.464775 -1.849358 -0.546007 -0.105364 8.895456 5.179272 -0.008076 -0.003219 -0.003018 -1.182354 -0.013145 -0.179147 -0.292806 -0.003528 -0.003391 -0.453352 -1.749764 2.677089 -0.005601 -3.532452 -0.007823 -0.002569 6.458170 7.777018 9.223164 -9999.0 -9999.0 -9999.0 -2.642632 -9999.0 -9999.0 -9999.0 -9999.0 -9999.0 -9999.0 -9999.0 -9999.0 -9999.0 -9999.0 -9999.0 -9999.0 -9999.0 -9999.0 -9999.0 -9999.0 -9999.0 -9999.0 -9999.0 -9999.0
-9999.0 -9999.0 -9999.0 -9999.0 -9999.0 -9999.0 -9999.0 -9999.0 -9999.0 -9999.0 -9999.0 -1.431025 -0.517162 -0.009749 -0.168938 -0.473467 -0.005238 -0.006975 8.683663 4.277152 8.216200 6.810645 -0.002500 -0.380000 -0.290969 -1.674026 -0.002070 3.048891 -0.003822 -1.088061 0.465986 3.388756 2.026678 -1.062418 -0.023775 1.937950 6.033929 9.750669 9.194662 9.014171 8.560399 -0.003440 1.292022 -0.012445 -9999.0 -9999.0 -9999.0 -0.005004 -0.806690 -1.821018 -1.404871 -0.817396 -0.082398 -0.002980 -0.002818 -0.075069 -9999.0 -9999.0 -9999.0 -9999.0 -9999.0 -9999.0 -9999.0
-9999.0 -9999.0 -9999.0 -9999.0 -9999.0 -9999.0 -9999.0 -9999.0 -9999.0 -9999.0 -9999.0 -0.053752 -0.411798 -0.178683 -0.311919 -0.031703 -0.108556 -0.104435 7.381933 6.973682 -0.029444 -0.002397 -0.013491 0.711705 -0.771871 3.205453 -0.011792 -0.130194 -2.104320 -1.778861 -1.423105 -0.165198 3.987531 -0.017405 -0.003725 4.212431 -0.018000 2.666042 10.914994 9.248665 8.172976 5.765249 4.237584 3.490895 -0.154029 -9999.0 -0.141228 -2.146635 -0.002826 3.750272 5.889380 6.235550 4.793837 4.699712 2.951438 -0.002255 -9999.0 -9999.0 -9999.0 -9999.0 -9999.0 -9999.0 -9999.0
-9999.0 -9999.0 -9999.0 -9999.0 -9999.0 -9999.0 -9999.0 -9999.0 -9999.0 -9999.0 -9999.0 -9999.0 -1.003248 -0.366733 -0.002584 -0.006726 -0.344589 -0.091190 7.980192 6.847692 -0.004140 1.940422 1.763211 -0.005992 -0.117319 -0.020167 6.603398 -1.178899 -1.161872 -0.006195 -0.002312 -0.109054 3.318411 -0.003559 -3.453093 2.090919 -0.059430 -0.002592 12.788353 9.062443 9.026410 10.391665 -0.006857 5.767568 2.151258 -0.020878 -1.256267 -1.705130 -0.221475 -0.004754 -0.001973 -0.519543 -0.003863 -0.003284 -0.101309 -0.112566 -0.018686 -9999.0 -9999.0 -9999.0 -9999.0 -9999.0 -9999.0
-9999.0 -9999.0 -9999.0 -9999.0 -9999.0 -9999.0 -9999.0 -9999.0 -9999.0 -9999.0 -9999.0 -0.211466 -0.176552 -1.782482 -0.085929 -0.081377 -0.024281 -0.102332 9.243684 -0.006213 1.693594 -0.005121 -0.007022 -0.007803 -0.014291 -0.003061 -0.100629 -0.934276 -0.002119 2.122187 -0.019245 -0.008094 5.799660 -0.004027 -2.912090 -0.002918 1.584328 -0.007333 -0.051405 11.445543 2.972343 4.224465 2.340674 1.598460 6.820479 -0.004853 0.396289 3.718624 3.038068 2.599430 -0.636432 -0.130603 -0.126884 -0.126390 -0.116819 -0.165863 -0.071911 -9999.0 -9999.0 -9999.0 -9999.0 -9999.0 -9999.0
-9999.0 -9999.0 -9999.0 -9999.0 -9999.0 -9999.0 -9999.0 -9999.0 -9999.0 -9999.0 -0.026758 -0.090162 0.738069 -0.007601 1.038979 -0.003664 -0.082115 -0.098141 1.337367 -0.004376 6.647937 1.315582 -0.004193 8.543458 2.451994 -0.045584 -0.166490 -0.091102 6.749106 6.455526 -0.002668 -0.079377 -0.003439 -1.331576 -2.218033 -0.005087 5.899316 -0.122364 -0.190664 4.191995 5.229493 5.212887 9.578633 -0.038712 -0.003134 5.334568 1.001927 -0.002620 0.922118 2.576556 -0.090866 -0.116559 -0.125625 -0.135938 -0.119279 -0.003691 -0.003695 -9999.0 -9999.0 -9999.0 -9999.0 -9999.0 -9999.0
-9999.0 -9999.0 -9999.0 -9999.0 -9999.0 -9999.0 -9999.0 -9999.0 -9999.0 -0.649221 -0.462314 -0.177864 -0.004199 -0.094180 -0.059416 -0.094757 -0.805366 6.348086 4.294318 -0.004747 7.285299 3.530166 3.242206 4.492591 -0.010222 -0.045387 -0.016164 7.717294 1.781957 2.560531 4.200566 -0.259870 -1.126866 -0.563384 -0.574173 -0.010192 -0.004577 -0.124317 -0.265697 -0.015821 -0.009264 -0.121035 -0.058224 3.030982 2.165830 2.298500 8.744141 2.174926 -0.002430 -0.002250 -0.004661 -1.056016 -0.162781 -0.095490 -0.077873 -0.246976 -0.002525 -0.002911 -0.425359 -9999.0 -9999.0 -9999.0 -9999.0
-9999.0 -9999.0 -9999.0 -9999.0 -9999.0 -9999.0 -9999.0 -9999.0 -9999.0 -1.548361 -0.604880 -0.552355 7.210229 0.149489 -0.004120 -0.077887 5.318172 3.410848 5.497059 11.201097 10.681714 12.477870 5.467076 5.879444 -0.019936 -0.004013 1.414896 2.809981 5.281946 -0.002298 3.230687 -0.220499 -0.353904 -0.929347 0.417901 8.451908 8.028414 6.898561 -0.220847 -0.002395 -0.291510 -1.574788 -0.002551 1.237845 -0.009260 4.097964 6.116114 5.336228 4.216761 3.900493 -0.133013 -0.179571 -0.092165 -0.097193 -0.102425 -0.007570 -0.026267 -0.002146 6.068151 -9999.0 -9999.0 -9999.0 -9999.0
-9999.0 -9999.0 -9999.0 -9999.0 -9999.0 -9999.0 -9999.0 -9999.0 -9999.0 -9999.0 -1.164959 -0.006861 -0.075573 -0.040293 3.547438 -0.002189 -0.002077 4.793250 6.545652 6.635526 7.201955 4.909114 -0.004647 -0.007533 -0.004617 2.487469 2.931601 6.248714 4.139202 -0.248386 -0.324530 -0.123454 -1.500824 -0.904781 3.705000 6.056499 7.785611 6.317393 4.281021 -1.700345 -0.750701 4.810655 3.040107 -0.116876 -0.104758 -0.018620 0.436286 3.125585 7.573353 4.588793 -0.011826 -0.004925 -1.394261 -0.084581 -0.126453 -0.092694 -0.105878 1.174298 1.477151 2.009145 -9999.0 -9999.0 -9999.0
-9999.0 -9999.0 -9999.0 -9999.0 -9999.0 -9999.0 -9999.0 -9999.0 -9999.0 -9999.0 -1.286821 -0.661986 -0.407340 -0.015259 8.357509 1.025546 2.530243 2.295364 8.002516 8.277918 5.894095 3.944239 1.127377 2.637461 2.103503 5.825429 6.137454 0.884375 -0.100439 -0.969552 -0.828805 -0.008537 -0.056154 -0.561000 -1.131308 -0.456483 -0.002349 -0.004723 -0.120477 -1.252591 -0.008976 0.309165 -0.374490 -1.079203 -0.187591 -0.109491 -0.019701 -0.006802 4.510948 7.756409 5.279412 -0.004017 -0.069372 -0.385620 -0.085266 -1.326327 -0.107875 -0.009891 6.333962 6.453521 -9999.0 -9999.0 -9999.0
-9999.0 -9999.0 -9999.0 -9999.0 -9999.0 -9999.0 -9999.0 -9999.0 6.330090 4.414116 -0.004965 -0.299708 -0.091568 -0.062692 -0.050652 -0.004762 5.753900 13.660555 10.234797 10.123507 8.740106 7.226277 5.650860 2.658787 4.205302 5.862888 7.064450 -0.059606 -0.078498 -0.260804 -0.183338 -1.242774 -0.736535 -1.417017 -0.022363 -0.284050 -0.002238 -0.003812 -1.470399 -0.026566 -1.534090 -1.148109 -0.952556 -0.162797 2.872044 -0.002167 -1.069277 -0.124052 0.672065 -0.003218 5.363511 2.046580 -0.009928 -0.723560 -0.003747 7.163654 5.066869 8.256899 7.517723 8.315868 -9999.0 -9999.0 -9999.0
-9999.0 -9999.0 -9999.0 -9999.0 -9999.0 -9999.0 -9999.0 -9999.0 -0.096565 -0.004564 -0.015847 -0.165207 -1.087935 -0.064808 -0.047781 -0.002980 3.889106 4.683674 8.753973 10.938147 17.548230 16.047937 14.588823 11.975768 6.542539 6.554104 -0.004425 -0.003746 -0.100404 -0.003387 -0.255996 2.386779 -0.003889 -0.005459 -0.005049 -0.002079 6.571690 0.864029 -0.019388 -0.002843 -0.211117 -0.401502 -0.212802 -0.002718 5.493763 -0.194417 -0.800344 -1.032820 -0.007904 4.612303 8.105501 1.772769 -0.062099 5.575193 8.329637 1.162020 1.353009 5.851020 9.605437 11.336553 12.049946 -9999.0 -9999.0
-9999.0 -9999.0 -9999.0 -9999.0 -9999.0 -9999.0 -9999.0 -9999.0 -0.814222 2.590254 5.198321 -0.118687 3.185946 -0.283318 0.278729 2.079001 4.137470 7.318336 9.388959 15.816760 11.793357 16.007213 16.914287 10.827358 13.661784 5.764930 1.744407 -0.090508 -0.005851 4.342607 2.778583 5.642779 -0.082083 -0.013933 -0.002350 7.335059 -0.019020 3.158208 -0.143720 -0.086133 -1.277531 -1.868572 -0.104053 -0.460474 -0.994406 -1.138624 -0.003994 -0.004419 -0.264967 1.976891 4.843208 7.126871 1.503170 1.001600 6.331845 1.649707 8.778480 9.538637 11.279936 10.515087 11.393832 -9999.0 -9999.0
-9999.0 -9999.0 -9999.0 -9999.0 -9999.0 -9999.0 -9999.0 -9999.0 -0.165133 0.479407 -0.004739 -0.005396 6.024210 -0.004583 1.801654 4.608786 7.887841 8.275635 0.122454 8.403951 9.951147 11.247449 15.752702 15.148149 5.665333 2.837942 -0.005388 -0.008498 8.308893 0.768117 -0.003745 -0.003052 2.658574 1.614492 -0.010384 6.444247 7.725770 3.610640 -0.006018 -0.019300 -0.003999 0.619144 2.046441 7.215934 -0.003603 1.783183 4.113186 6.261712 6.900063 1.703741 2.646443 8.766446 8.566518 -0.001727 9.469123 10.181991 10.944847 8.556268 10.270821 11.253524 9.147662 6.385348 -9999.0
-9999.0 -9999.0 -9999.0 -9999.0 -9999.0 -9999.0 -9999.0 -9999.0 -1.299271 -0.002458 -0.002835 0.490375 1.778152 1.969779 10.384708 7.165847 -0.002227 5.198528 0.592688 5.459331 7.752023 10.150588 10.918334 9.735152 13.043046 3.077512 -0.003706 2.395637 4.053532 1.779013 -0.006770 0.989749 5.496179 2.149865 0.796825 1.778461 2.025945 5.250257 4.520515 1.302260 0.722546 1.611715 2.473334 2.001553 -0.008342 7.155466 1.673856 2.421939 1.793050 6.107258 9.238511 8.609843 9.578049 11.375784 11.455089 9.576339 11.368134 11.240072 9.475930 9.858174 7.819091 5.795051 -9999.0
-9999.0 -9999.0 4.078645 2.484382 -0.092217 -0.011960 -0.014680 -0.027937 -0.002222 -0.005006 -0.008266 -0.006217 4.307911 7.115268 13.199892 -0.001650 3.203797 -0.051306 -0.028197 0.108476 5.840541 7.786656 9.844283 7.614546 5.069754 5.920039 3.404351 3.545727 4.911999 9.118755 1.684546 -0.003137 7.622562 2.793436 5.997522 4.052253 7.586750 6.894284 5.559015 1.775905 4.950003 5.752301 4.053257 5.012032 0.922223 2.967285 5.614480 -0.006684 8.149085 9.611603 11.219362 9.913132 11.399343 11.318944 10.834638 15.424831 7.518952 8.876416 8.688573 7.069567 8.609499 3.978618 -9999.0
-9999.0 -0.002854 -0.003608 -0.004781 -0.004774 -0.004670 -0.067062 -0.214982 -0.347315 -0.348371 -0.031851 -0.005391 2.378705 10.699439 10.020660 1.137967 -0.027380 -0.080348 -0.005734 3.304459 6.418720 7.051418 10.255527 8.308506 15.137924 9.727114 13.959006 13.513908 8.515064 5.029428 7.258845 6.594086 6.532203 10.795248 8.596703 8.617509 10.475179 9.215858 9.272819 8.183400 8.771305 8.417268 7.779403 5.017986 4.748675 5.374299 1.181697 7.856454 10.448763 7.222447 10.297043 10.082304 7.004847 4.659659 3.397037 7.272881 5.218769 5.352440 6.064508 4.787959 2.024530 2.454657 -9999.0
-9999.0 1.712596 0.350376 1.652058 6.404168 -0.002029 -0.035519 -0.038710 1.854403 4.409414 -0.007229 1.783886 5.819023 10.357881 4.787994 -0.048972 -0.116314 -0.010247 1.367193 3.305706 5.562279 5.330878 -0.000644 4.697170 14.473573 16.459152 10.277391 11.010550 9.701570 8.642270 10.068543 9.051481 7.650585 5.321926 11.702078 9.737516 16.729244 18.233824 12.125324 11.955283 11.089778 9.450951 9.500117 8.611987 10.253046 10.407132 10.722468 10.976264 9.960399 10.138877 7.288788 4.746609 4.099222 6.826009 7.335882 2.657427 3.043516 -0.003156 -0.006201 0.092460 1.396795 -9999.0 -9999.0
