erum2020/resources/simulation/Vinschgau/output-maps/TsL0002N0681.asc
ncols         63
nrows         48
xllcorner     598000.000000
yllcorner     5145000.000000
cellsize      1000.000000
NODATA_value  -9999.0
[rows 0 to 28 of 48, columns 0 to 62 of 63]
-9999.0 -9999.0 -9999.0 -9999.0 -9999.0 -9999.0 -9999.0 -9999.0 -9999.0 -9999.0 -9999.0 -9999.0 -9999.0 -9999.0 -9999.0 -9999.0 -9999.0 -9999.0 -9999.0 -9999.0 -9999.0 -9999.0 -9999.0 -9999.0 -9999.0 -9999.0 -9999.0 -9999.0 -9999.0 -9999.0 -9999.0 -9999.0 -9999.0 -9999.0 -9999.0 -9999.0 -9999.0 -9999.0 -9999.0 -9999.0 -9999.0 -9999.0 -9999.0 -9999.0 -9999.0 -9999.0 -9999.0 -9999.0 -9999.0 -9999.0 -9999.0 -9999.0 -9999.0 -9999.0 -9999.0 -9999.0 -9999.0 -9999.0 -9999.0 -9999.0 -9999.0 -9999.0 -9999.0
-9999.0 -9999.0 -9999.0 -9999.0 -9999.0 -9999.0 -9999.0 -9999.0 -9999.0 -9999.0 -9999.0 -9999.0 -9999.0 -9999.0 -9999.0 -9999.0 -9999.0 -9999.0 -9999.0 -9999.0 -9999.0 -9999.0 -9999.0 -9999.0 -9999.0 -9999.0 -9999.0 0.149360 1.770324 2.206968 0.244795 0.514970 0.604167 -9999.0 -9999.0 -9999.0 -9999.0 -9999.0 -9999.0 -9999.0 -9999.0 -9999.0 -9999.0 -9999.0 -9999.0 -9999.0 -9999.0 -9999.0 -9999.0 -9999.0 -9999.0 -9999.0 -9999.0 -9999.0 -9999.0 -9999.0 -9999.0 -9999.0 -9999.0 -9999.0 -9999.0 -9999.0 -9999.0
-9999.0 -9999.0 -9999.0 -9999.0 -9999.0 -9999.0 -9999.0 -9999.0 -9999.0 -9999.0 -9999.0 -9999.0 -9999.0 -9999.0 -9999.0 -9999.0 -9999.0 -9999.0 -9999.0 -9999.0 -9999.0 -9999.0 -9999.0 -9999.0 2.093199 3.146126 4.018777 3.305186 3.880316 3.802598 0.585664 -9999.0 -9999.0 -9999.0 -9999.0 -9999.0 -9999.0 -9999.0 -9999.0 -9999.0 -9999.0 -9999.0 -9999.0 -9999.0 -9999.0 -9999.0 -9999.0 -9999.0 -9999.0 -9999.0 -9999.0 -9999.0 -9999.0 -9999.0 -9999.0 -9999.0 -9999.0 -9999.0 -9999.0 -9999.0 -9999.0 -9999.0 -9999.0
-9999.0 -9999.0 -9999.0 -9999.0 -9999.0 -9999.0 -9999.0 -9999.0 -9999.0 -9999.0 -9999.0 -9999.0 -9999.0 -9999.0 -9999.0 -9999.0 -9999.0 -9999.0 -9999.0 -9999.0 -9999.0 -9999.0 -9999.0 2.558779 4.286920 6.072475 6.648062 6.695909 6.634518 4.033245 0.445239 0.551715 -9999.0 -9999.0 -9999.0 -9999.0 -9999.0 -9999.0 -9999.0 -9999.0 -9999.0 -9999.0 -9999.0 -9999.0 -9999.0 -9999.0 -9999.0 -9999.0 -9999.0 -9999.0 -9999.0 -9999.0 -9999.0 -9999.0 -9999.0 -9999.0 -9999.0 -9999.0 -9999.0 -9999.0 -9999.0 -9999.0 -9999.0
-9999.0 -9999.0 -9999.0 -9999.0 -9999.0 -9999.0 -9999.0 -9999.0 -9999.0 -9999.0 -9999.0 -9999.0 -9999.0 -9999.0 -9999.0 -9999.0 -9999.0 -9999.0 6.136192 3.139252 -9999.0 1.896697 3.678269 6.259137 6.799256 8.799656 6.993752 7.045670 9.252489 6.421960 3.899161 0.821813 0.102927 0.376140 -9999.0 -9999.0 -9999.0 -9999.0 -9999.0 -9999.0 -9999.0 -9999.0 -9999.0 -9999.0 -9999.0 -9999.0 -9999.0 -9999.0 -9999.0 -9999.0 -9999.0 -9999.0 -9999.0 -9999.0 -9999.0 -9999.0 -9999.0 -9999.0 -9999.0 -9999.0 -9999.0 -9999.0 -9999.0
-9999.0 -9999.0 -9999.0 -9999.0 -9999.0 -9999.0 -9999.0 -9999.0 -9999.0 -9999.0 -9999.0 -9999.0 -9999.0 -9999.0 -9999.0 -9999.0 -9999.0 7.903560 6.951104 6.596219 3.447659 4.834135 5.692086 6.253974 9.025274 5.278503 4.419643 5.262558 4.600597 6.629371 5.374078 3.824500 3.555819 0.718990 0.366566 0.338262 -9999.0 -9999.0 -9999.0 -9999.0 -9999.0 -9999.0 -9999.0 -9999.0 -9999.0 -9999.0 -9999.0 -9999.0 -9999.0 -9999.0 -9999.0 -9999.0 -9999.0 -9999.0 -9999.0 -9999.0 -9999.0 -9999.0 -9999.0 -9999.0 -9999.0 -9999.0 -9999.0
-9999.0 -9999.0 -9999.0 -9999.0 -9999.0 -9999.0 -9999.0 -9999.0 -9999.0 -9999.0 -9999.0 -9999.0 -9999.0 0.635317 5.534092 6.379724 8.491951 10.325757 7.565996 6.761530 6.596338 6.913777 7.828618 9.115648 5.024742 2.950880 0.894449 4.007411 4.323842 5.008133 5.666661 3.293277 2.104257 0.201564 0.220723 0.291275 -9999.0 -9999.0 -9999.0 -9999.0 -9999.0 -9999.0 -9999.0 -9999.0 -9999.0 -9999.0 -9999.0 -9999.0 -9999.0 -9999.0 -9999.0 -9999.0 -9999.0 -9999.0 -9999.0 -9999.0 -9999.0 -9999.0 -9999.0 -9999.0 -9999.0 -9999.0 -9999.0
-9999.0 -9999.0 -9999.0 -9999.0 -9999.0 -9999.0 -9999.0 -9999.0 -9999.0 -9999.0 -9999.0 -9999.0 -9999.0 2.487097 6.371237 6.404225 7.249185 7.435976 10.668213 8.085297 8.344566 7.434098 7.147294 5.776386 6.241989 5.262616 1.731996 0.484889 0.381956 1.522573 3.988721 0.510791 0.196336 0.227798 0.251783 -9999.0 -9999.0 -9999.0 -9999.0 -9999.0 -9999.0 -9999.0 -9999.0 -9999.0 -9999.0 -9999.0 -9999.0 -9999.0 -9999.0 -9999.0 -9999.0 -9999.0 -9999.0 -9999.0 -9999.0 -9999.0 -9999.0 -9999.0 -9999.0 -9999.0 -9999.0 -9999.0 -9999.0
-9999.0 -9999.0 -9999.0 -9999.0 -9999.0 -9999.0 -9999.0 -9999.0 -9999.0 -9999.0 -9999.0 -9999.0 -9999.0 5.719294 6.821251 6.408958 5.850980 7.732023 10.200662 8.634354 6.366591 5.762818 5.030808 4.455382 5.764051 5.302273 2.822045 0.359645 0.568541 0.289871 0.244648 0.093635 0.226616 0.048660 0.198826 -9999.0 -9999.0 -9999.0 -9999.0 -9999.0 -9999.0 -9999.0 -9999.0 -9999.0 -9999.0 -9999.0 -9999.0 -9999.0 -9999.0 -9999.0 -9999.0 -9999.0 -9999.0 -9999.0 -9999.0 -9999.0 -9999.0 -9999.0 -9999.0 -9999.0 -9999.0 -9999.0 -9999.0
-9999.0 -9999.0 -9999.0 -9999.0 -9999.0 -9999.0 -9999.0 -9999.0 -9999.0 -9999.0 -9999.0 -9999.0 1.481992 6.416401 6.054108 1.475880 4.692694 6.476034 9.001319 7.917344 6.107428 1.151562 4.547496 1.079018 5.443102 0.515465 4.107275 0.579875 2.960412 0.182503 0.314569 0.372795 0.158719 0.242431 -9999.0 -9999.0 -9999.0 -9999.0 -9999.0 -9999.0 -9999.0 -9999.0 -9999.0 -9999.0 -9999.0 -9999.0 -9999.0 -9999.0 -9999.0 -9999.0 -9999.0 -9999.0 -9999.0 -9999.0 -9999.0 -9999.0 -9999.0 -9999.0 -9999.0 -9999.0 -9999.0 -9999.0 -9999.0
-9999.0 -9999.0 -9999.0 -9999.0 -9999.0 -9999.0 -9999.0 -9999.0 -9999.0 -9999.0 -9999.0 0.712965 1.561739 5.890256 0.534210 0.685221 0.374591 6.121479 9.137669 8.009497 5.765008 6.128134 2.513966 0.632124 4.713345 1.601460 0.520705 0.846765 3.046057 0.236215 0.369322 3.045113 0.080410 0.375878 0.075812 1.694286 2.499658 4.050811 4.849620 -9999.0 -9999.0 -9999.0 0.400310 -9999.0 -9999.0 -9999.0 -9999.0 -9999.0 -9999.0 -9999.0 -9999.0 -9999.0 -9999.0 -9999.0 -9999.0 -9999.0 -9999.0 -9999.0 -9999.0 -9999.0 -9999.0 -9999.0 -9999.0
-9999.0 -9999.0 -9999.0 -9999.0 -9999.0 -9999.0 -9999.0 -9999.0 -9999.0 -9999.0 -9999.0 0.567741 0.484237 1.625085 0.536449 0.502479 1.581298 6.588123 8.971293 8.125830 6.856935 4.871987 2.786654 0.398639 3.058952 0.296115 0.286751 2.824276 2.199251 0.333486 1.722543 4.057998 0.329559 0.594394 0.141261 2.639451 5.910271 5.282751 4.387009 1.509261 1.806026 0.218055 2.955522 0.527900 -9999.0 -9999.0 -9999.0 0.512081 0.507078 0.359835 0.680044 0.342759 0.338870 0.694141 0.509383 0.321491 -9999.0 -9999.0 -9999.0 -9999.0 -9999.0 -9999.0 -9999.0
-9999.0 -9999.0 -9999.0 -9999.0 -9999.0 -9999.0 -9999.0 -9999.0 -9999.0 -9999.0 -9999.0 0.694298 0.542542 1.185012 0.790604 0.733394 1.465756 6.177257 8.023083 9.458164 6.364515 5.233762 3.656035 2.105732 0.532842 0.710624 3.818059 3.781821 0.192589 0.351171 0.394358 3.399494 3.813674 0.129704 0.311578 4.280063 5.994854 6.338664 5.979735 4.889686 5.791271 2.795293 4.647080 3.590433 0.541855 -9999.0 0.327655 0.526282 0.988412 3.396092 4.142647 4.125280 2.525639 0.267800 0.722257 0.730596 -9999.0 -9999.0 -9999.0 -9999.0 -9999.0 -9999.0 -9999.0
-9999.0 -9999.0 -9999.0 -9999.0 -9999.0 -9999.0 -9999.0 -9999.0 -9999.0 -9999.0 -9999.0 -9999.0 0.560720 0.474210 0.820414 0.783944 3.927343 5.787308 7.904938 9.653597 6.217900 5.598755 5.359225 4.228336 1.482415 3.648523 5.519443 1.520666 0.442218 0.434511 1.436250 3.662160 3.485580 0.968112 0.095932 2.781479 4.564632 6.382459 9.166042 5.071964 5.982905 5.176186 6.121472 5.705290 0.884405 0.634959 0.374387 0.516245 0.998816 5.376942 6.629048 4.490764 5.403978 3.724724 1.024058 0.693381 0.734682 -9999.0 -9999.0 -9999.0 -9999.0 -9999.0 -9999.0
-9999.0 -9999.0 -9999.0 -9999.0 -9999.0 -9999.0 -9999.0 -9999.0 -9999.0 -9999.0 -9999.0 1.168845 0.537886 0.564248 1.278856 1.364774 4.757414 5.645521 7.546237 8.503724 6.538346 5.722434 5.200086 3.625089 3.739892 4.985135 3.996081 0.532476 0.304384 1.371130 3.835327 4.770005 4.789902 0.820537 0.402926 2.207910 2.133616 5.223050 7.352659 6.984843 6.378105 7.903876 7.761906 6.767036 6.255384 0.194392 2.552747 2.113508 3.269315 6.486079 0.755419 0.520000 0.516772 0.282981 0.208040 0.321222 0.407822 -9999.0 -9999.0 -9999.0 -9999.0 -9999.0 -9999.0
-9999.0 -9999.0 -9999.0 -9999.0 -9999.0 -9999.0 -9999.0 -9999.0 -9999.0 -9999.0 3.339436 3.728966 2.139050 1.039440 3.309161 5.197409 4.721976 4.640176 7.648237 8.431657 8.200040 6.895210 4.124705 4.865144 5.425281 5.036174 2.984776 0.791688 3.485893 4.155194 5.281887 4.861971 3.454293 0.206738 0.356274 0.772702 4.104902 5.264230 6.668374 8.887016 9.057817 8.662071 8.796531 8.278856 6.596905 3.384973 2.629115 5.559840 6.418809 7.021874 0.726792 0.239714 0.198880 0.225231 0.314731 0.711130 0.713236 -9999.0 -9999.0 -9999.0 -9999.0 -9999.0 -9999.0
-9999.0 -9999.0 -9999.0 -9999.0 -9999.0 -9999.0 -9999.0 -9999.0 -9999.0 0.570511 1.892341 3.774396 4.836477 3.512430 4.201884 4.058244 3.407972 5.138701 7.120930 8.566363 8.584985 5.663384 5.589836 7.101529 5.891212 3.661134 2.956934 4.207660 5.226056 5.869789 6.827906 3.558452 0.124641 0.247709 0.393537 0.147974 2.878808 4.175461 4.614678 5.989667 7.278644 6.302848 6.092735 8.763238 7.879419 6.514367 6.838868 5.263152 5.017390 7.773353 4.472272 0.368085 0.215487 0.447739 0.338636 0.496786 1.526893 0.487575 0.483686 -9999.0 -9999.0 -9999.0 -9999.0
-9999.0 -9999.0 -9999.0 -9999.0 -9999.0 -9999.0 -9999.0 -9999.0 -9999.0 0.350771 0.594881 2.315976 5.995215 5.209033 4.389535 3.678215 4.378509 5.932355 7.643412 10.319586 10.286681 10.106457 7.393944 6.185677 3.898343 3.757145 4.772029 5.744353 7.406318 5.920198 5.379022 3.340625 1.156091 0.594184 1.024338 1.018929 1.888882 3.264686 1.655681 4.279895 4.756108 3.476592 5.675529 7.487050 8.998452 9.541212 9.317117 7.703475 6.728593 7.679927 2.993339 0.324546 0.458081 0.465433 0.349369 0.501685 1.429846 4.411221 1.222310 -9999.0 -9999.0 -9999.0 -9999.0
-9999.0 -9999.0 -9999.0 -9999.0 -9999.0 -9999.0 -9999.0 -9999.0 -9999.0 -9999.0 0.179966 2.705331 4.423950 5.810466 5.660186 4.780173 5.159470 6.898174 8.318492 9.964727 8.656060 6.764997 4.988878 4.458271 3.841234 5.529264 6.669470 8.045581 5.419470 3.538922 3.295912 4.134377 0.371704 0.602104 2.830752 4.346417 4.231959 4.776174 1.302103 0.073163 0.571717 4.155421 5.864569 5.328877 6.397339 6.459528 7.234974 8.431523 9.925398 7.484731 3.938296 3.613174 0.316812 0.319800 0.460978 0.685556 0.838454 6.888890 7.191829 6.891011 -9999.0 -9999.0 -9999.0
-9999.0 -9999.0 -9999.0 -9999.0 -9999.0 -9999.0 -9999.0 -9999.0 -9999.0 -9999.0 0.164690 1.991306 2.605113 4.922558 8.578881 5.634771 5.390579 6.950141 8.732716 10.384857 8.164523 5.947449 4.872877 4.569043 5.159389 7.177103 8.784013 6.060266 4.025063 0.487621 0.164611 2.783428 1.122354 0.291956 0.151868 2.908653 5.575123 5.125780 2.997904 0.317470 0.790786 4.105823 4.196006 0.602426 3.648433 5.062378 5.579194 6.241106 8.276326 9.593750 7.520590 4.075344 0.767867 0.400900 0.455992 0.481298 0.513958 5.104090 8.721373 9.812269 -9999.0 -9999.0 -9999.0
-9999.0 -9999.0 -9999.0 -9999.0 -9999.0 -9999.0 -9999.0 -9999.0 3.454979 1.526106 0.607865 2.220098 3.882744 4.179451 4.813430 7.584695 7.918087 10.611619 10.569788 10.734179 9.581640 7.608796 6.873312 5.555670 6.402231 8.553719 7.988762 4.621226 3.502088 1.058895 0.268929 0.403051 0.760809 0.544279 0.401533 0.502913 3.771513 5.329412 1.958264 0.386891 0.407693 2.545176 0.270059 0.364660 2.779296 4.859753 2.827669 4.468324 6.409199 9.291863 7.752561 4.969187 3.198317 0.437638 0.497064 1.314972 0.928125 5.447402 8.271256 10.258593 -9999.0 -9999.0 -9999.0
-9999.0 -9999.0 -9999.0 -9999.0 -9999.0 -9999.0 -9999.0 -9999.0 3.304862 4.058361 1.475906 0.162106 1.411874 4.532588 4.139188 5.693168 6.582525 6.869000 8.922774 11.040474 10.735261 10.888714 9.650691 8.657474 7.364101 8.988653 6.941766 5.089276 1.170035 0.106692 0.520443 0.255374 0.380132 0.084675 1.362537 2.046307 5.234070 5.894525 3.674619 1.133506 0.523253 0.254429 0.363711 1.960141 4.688161 3.834914 0.351498 1.252122 5.212508 7.791802 9.491211 6.213096 2.605326 1.070310 3.900607 5.362883 5.712644 7.278390 10.125372 11.997737 12.714996 -9999.0 -9999.0
-9999.0 -9999.0 -9999.0 -9999.0 -9999.0 -9999.0 -9999.0 -9999.0 0.574082 3.720434 4.564196 0.598564 3.263165 2.615181 4.666614 4.443097 5.972227 7.785167 9.969102 11.563951 11.484021 12.187199 10.973860 10.385191 11.474886 7.554411 6.130463 3.975209 2.112873 2.023202 1.253698 3.864709 2.622954 2.707997 2.618036 4.910951 3.893242 6.021899 3.438474 2.612833 0.304782 0.387390 0.887472 2.280991 2.482878 0.764372 0.548481 0.996229 2.614607 0.549444 9.329105 8.149187 3.620657 2.868735 6.745393 7.691307 9.188931 10.248243 11.659838 12.177040 12.785760 -9999.0 -9999.0
-9999.0 -9999.0 -9999.0 -9999.0 -9999.0 -9999.0 -9999.0 -9999.0 0.366632 2.684959 5.213585 1.324612 3.180297 4.164364 5.176764 6.370510 8.415228 10.017982 9.123417 9.907433 10.840326 10.961100 11.548862 11.654509 7.463323 6.137450 4.715076 3.379898 4.205695 4.758128 4.113417 4.533402 5.507746 5.610338 3.519428 2.776649 4.127866 6.657292 3.712205 3.166723 0.652903 1.676840 2.236698 2.161228 0.186303 0.741657 2.721290 2.842110 2.581563 5.001746 6.614193 9.324971 8.543377 6.862497 8.952801 9.730510 10.844977 10.777331 11.289597 12.143648 11.328371 9.342697 -9999.0
-9999.0 -9999.0 -9999.0 -9999.0 -9999.0 -9999.0 -9999.0 -9999.0 0.548920 2.108520 4.842534 4.128485 5.363232 5.922538 7.906192 8.676350 8.667351 7.395443 6.158567 7.245212 8.478354 10.554123 10.717745 10.723031 8.867501 5.526329 3.935371 5.172618 6.159201 6.308301 4.230950 5.704832 7.235162 6.004964 4.431406 4.433398 5.414089 7.312697 6.159067 5.149414 4.175875 4.430140 5.464309 5.176833 3.165332 3.934276 5.008798 6.272035 5.482466 7.596730 8.972338 8.365377 9.286334 9.865511 10.558103 10.742535 11.072398 11.408016 11.668196 11.178570 10.207852 0.859515 -9999.0
-9999.0 -9999.0 1.771266 2.531024 1.189140 3.420422 3.999295 1.608323 0.212447 0.825462 3.919327 6.234050 6.069993 7.544164 10.220949 8.386382 5.993872 4.186524 4.191253 5.812170 7.227309 9.100969 10.657375 10.494316 9.622666 6.669701 5.654146 5.758417 7.073835 7.850351 4.987767 5.384646 8.234750 6.399316 7.460247 5.988613 7.991804 8.130552 6.823703 4.854504 6.400394 7.249443 6.813271 7.131676 4.868476 6.003443 7.617902 7.078589 8.926973 9.977323 10.772364 11.495920 11.423396 11.225588 10.508337 10.590356 10.588953 10.723572 10.179689 9.730058 9.328743 0.896052 -9999.0
-9999.0 4.403517 4.398644 4.108770 3.694967 4.544053 3.812862 0.514108 0.515135 0.678217 3.039610 4.822200 7.183045 8.590704 8.775402 4.846403 3.952926 1.523766 4.126607 5.766713 7.359537 8.577889 10.355922 9.905927 11.449138 9.783293 10.434515 9.636988 9.304153 8.413318 8.016588 7.645202 8.331633 9.820500 9.209696 9.645831 10.127013 9.629362 9.883417 9.147858 9.125488 9.465253 9.352645 7.365833 6.863945 7.519331 9.463841 9.584839 11.095668 10.552133 10.851770 11.018568 10.236287 9.937613 9.864920 9.290572 7.908217 8.278403 8.818022 7.948211 7.398143 8.070807 -9999.0
-9999.0 4.505901 5.632430 5.771006 6.581004 5.536103 3.258498 0.456736 0.818524 0.781426 1.592058 4.520220 7.160734 8.758282 5.162181 3.179875 0.466845 1.523348 5.541727 6.084983 7.177225 7.798907 8.646122 9.577323 10.867652 11.455451 10.343462 11.055147 11.093381 9.497628 10.342250 9.171205 9.774222 9.907234 10.888982 10.968201 11.681859 13.146064 11.735378 11.478316 11.417123 11.166433 10.719310 9.498385 10.594107 10.311474 12.142642 12.303232 10.989205 10.951737 9.944652 8.369381 7.856008 8.674075 7.839623 6.259651 6.717263 5.808492 6.014499 5.828201 6.114504 -9999.0 -9999.0
-9999.0 3.016006 5.113226 5.821045 6.345450 7.047082 6.818427 3.999492 3.557430 3.562274 4.636077 6.274748 8.374349 7.256957 4.251279 1.303056 0.545253 3.354263 3.997445 5.707467 5.361405 5.914881 7.857096 10.027240 10.546939 10.397901 10.647498 10.761993 10.783287 10.851850 10.837948 11.262807 11.258528 10.339116 11.191089 11.292880 11.638374 12.156757 11.553829 11.780005 12.020007 12.608130 11.979684 11.946303 11.890756 11.905650 10.676152 10.397468 9.498768 8.751314 7.536903 6.666036 6.267829 7.892697 5.712927 4.521638 4.541103 4.207356 4.207710 -9999.0 -9999.0 -9999.0 -9999.0
