erum2020/resources/simulation/Vinschgau/output-maps/TsL0003N0985.asc
ncols         63
nrows         48
xllcorner     598000.000000
yllcorner     5145000.000000
cellsize      1000.000000
NODATA_value  -9999.0
[rows 0 to 27 of 48, columns 0 to 62 of 63]
-9999.0 -9999.0 -9999.0 -9999.0 -9999.0 -9999.0 -9999.0 -9999.0 -9999.0 -9999.0 -9999.0 -9999.0 -9999.0 -9999.0 -9999.0 -9999.0 -9999.0 -9999.0 -9999.0 -9999.0 -9999.0 -9999.0 -9999.0 -9999.0 -9999.0 -9999.0 -9999.0 -9999.0 -9999.0 -9999.0 -9999.0 -9999.0 -9999.0 -9999.0 -9999.0 -9999.0 -9999.0 -9999.0 -9999.0 -9999.0 -9999.0 -9999.0 -9999.0 -9999.0 -9999.0 -9999.0 -9999.0 -9999.0 -9999.0 -9999.0 -9999.0 -9999.0 -9999.0 -9999.0 -9999.0 -9999.0 -9999.0 -9999.0 -9999.0 -9999.0 -9999.0 -9999.0 -9999.0
-9999.0 -9999.0 -9999.0 -9999.0 -9999.0 -9999.0 -9999.0 -9999.0 -9999.0 -9999.0 -9999.0 -9999.0 -9999.0 -9999.0 -9999.0 -9999.0 -9999.0 -9999.0 -9999.0 -9999.0 -9999.0 -9999.0 -9999.0 -9999.0 -9999.0 -9999.0 -9999.0 -4.837657 -4.939174 -4.963115 -5.579748 -4.761989 -5.589716 -9999.0 -9999.0 -9999.0 -9999.0 -9999.0 -9999.0 -9999.0 -9999.0 -9999.0 -9999.0 -9999.0 -9999.0 -9999.0 -9999.0 -9999.0 -9999.0 -9999.0 -9999.0 -9999.0 -9999.0 -9999.0 -9999.0 -9999.0 -9999.0 -9999.0 -9999.0 -9999.0 -9999.0 -9999.0 -9999.0
-9999.0 -9999.0 -9999.0 -9999.0 -9999.0 -9999.0 -9999.0 -9999.0 -9999.0 -9999.0 -9999.0 -9999.0 -9999.0 -9999.0 -9999.0 -9999.0 -9999.0 -9999.0 -9999.0 -9999.0 -9999.0 -9999.0 -9999.0 -9999.0 -3.550992 -2.753501 -2.291935 -2.809293 -4.079789 -4.154269 -5.439623 -9999.0 -9999.0 -9999.0 -9999.0 -9999.0 -9999.0 -9999.0 -9999.0 -9999.0 -9999.0 -9999.0 -9999.0 -9999.0 -9999.0 -9999.0 -9999.0 -9999.0 -9999.0 -9999.0 -9999.0 -9999.0 -9999.0 -9999.0 -9999.0 -9999.0 -9999.0 -9999.0 -9999.0 -9999.0 -9999.0 -9999.0 -9999.0
-9999.0 -9999.0 -9999.0 -9999.0 -9999.0 -9999.0 -9999.0 -9999.0 -9999.0 -9999.0 -9999.0 -9999.0 -9999.0 -9999.0 -9999.0 -9999.0 -9999.0 -9999.0 -9999.0 -9999.0 -9999.0 -9999.0 -9999.0 -2.454118 -0.646162 0.195392 0.689015 1.112674 0.417336 -2.116956 -5.406686 -4.795072 -9999.0 -9999.0 -9999.0 -9999.0 -9999.0 -9999.0 -9999.0 -9999.0 -9999.0 -9999.0 -9999.0 -9999.0 -9999.0 -9999.0 -9999.0 -9999.0 -9999.0 -9999.0 -9999.0 -9999.0 -9999.0 -9999.0 -9999.0 -9999.0 -9999.0 -9999.0 -9999.0 -9999.0 -9999.0 -9999.0 -9999.0
-9999.0 -9999.0 -9999.0 -9999.0 -9999.0 -9999.0 -9999.0 -9999.0 -9999.0 -9999.0 -9999.0 -9999.0 -9999.0 -9999.0 -9999.0 -9999.0 -9999.0 -9999.0 0.110283 -1.288994 -9999.0 -1.913097 -0.839507 -0.007697 0.334665 1.282240 -0.004205 -0.006959 -0.000302 -0.024271 -2.612729 -5.163233 -5.861262 -7.748371 -9999.0 -9999.0 -9999.0 -9999.0 -9999.0 -9999.0 -9999.0 -9999.0 -9999.0 -9999.0 -9999.0 -9999.0 -9999.0 -9999.0 -9999.0 -9999.0 -9999.0 -9999.0 -9999.0 -9999.0 -9999.0 -9999.0 -9999.0 -9999.0 -9999.0 -9999.0 -9999.0 -9999.0 -9999.0
-9999.0 -9999.0 -9999.0 -9999.0 -9999.0 -9999.0 -9999.0 -9999.0 -9999.0 -9999.0 -9999.0 -9999.0 -9999.0 -9999.0 -9999.0 -9999.0 -9999.0 4.158415 2.706925 1.334063 -1.526671 -0.059680 -0.025941 -0.015421 -0.000525 -0.019714 -0.375118 -0.028003 -0.191718 -0.011705 -0.100070 -2.448752 -3.510887 -4.784485 -6.559904 -7.617362 -9999.0 -9999.0 -9999.0 -9999.0 -9999.0 -9999.0 -9999.0 -9999.0 -9999.0 -9999.0 -9999.0 -9999.0 -9999.0 -9999.0 -9999.0 -9999.0 -9999.0 -9999.0 -9999.0 -9999.0 -9999.0 -9999.0 -9999.0 -9999.0 -9999.0 -9999.0 -9999.0
-9999.0 -9999.0 -9999.0 -9999.0 -9999.0 -9999.0 -9999.0 -9999.0 -9999.0 -9999.0 -9999.0 -9999.0 -9999.0 -1.132301 -0.011079 2.147551 3.681422 3.840351 3.779045 0.403004 0.213076 -0.005923 0.467037 -0.000516 -0.022715 -0.958831 -2.092809 -2.269911 -0.779033 -0.035272 -2.050623 -3.494100 -4.254068 -4.366475 -5.141865 -7.805316 -9999.0 -9999.0 -9999.0 -9999.0 -9999.0 -9999.0 -9999.0 -9999.0 -9999.0 -9999.0 -9999.0 -9999.0 -9999.0 -9999.0 -9999.0 -9999.0 -9999.0 -9999.0 -9999.0 -9999.0 -9999.0 -9999.0 -9999.0 -9999.0 -9999.0 -9999.0 -9999.0
-9999.0 -9999.0 -9999.0 -9999.0 -9999.0 -9999.0 -9999.0 -9999.0 -9999.0 -9999.0 -9999.0 -9999.0 -9999.0 -0.019340 1.235465 2.935336 2.952457 2.654662 3.878580 1.563211 2.803762 0.713574 1.082975 -0.003576 -0.027364 -0.521128 -4.794952 -4.761846 -5.369063 -1.524037 -0.906364 -4.564933 -5.640183 -8.972850 -6.766609 -9999.0 -9999.0 -9999.0 -9999.0 -9999.0 -9999.0 -9999.0 -9999.0 -9999.0 -9999.0 -9999.0 -9999.0 -9999.0 -9999.0 -9999.0 -9999.0 -9999.0 -9999.0 -9999.0 -9999.0 -9999.0 -9999.0 -9999.0 -9999.0 -9999.0 -9999.0 -9999.0 -9999.0
-9999.0 -9999.0 -9999.0 -9999.0 -9999.0 -9999.0 -9999.0 -9999.0 -9999.0 -9999.0 -9999.0 -9999.0 -9999.0 0.837124 0.657127 2.006680 2.443247 3.224055 4.062785 3.679884 0.796961 -0.000608 -0.024249 -0.082943 -0.014968 -0.034995 -3.248902 -5.653382 -4.859423 -7.996954 -5.130683 -9.418796 -9.852191 -11.719509 -8.141777 -9999.0 -9999.0 -9999.0 -9999.0 -9999.0 -9999.0 -9999.0 -9999.0 -9999.0 -9999.0 -9999.0 -9999.0 -9999.0 -9999.0 -9999.0 -9999.0 -9999.0 -9999.0 -9999.0 -9999.0 -9999.0 -9999.0 -9999.0 -9999.0 -9999.0 -9999.0 -9999.0 -9999.0
-9999.0 -9999.0 -9999.0 -9999.0 -9999.0 -9999.0 -9999.0 -9999.0 -9999.0 -9999.0 -9999.0 -9999.0 -0.011717 -0.000148 1.505396 -0.004869 0.720081 2.716447 3.124713 2.645950 -0.004224 -0.038615 -0.397583 -1.185271 -1.927379 -4.141194 -3.304553 -5.183242 -4.755381 -5.890686 -9.431031 -6.132982 -4.857870 -8.486899 -9999.0 -9999.0 -9999.0 -9999.0 -9999.0 -9999.0 -9999.0 -9999.0 -9999.0 -9999.0 -9999.0 -9999.0 -9999.0 -9999.0 -9999.0 -9999.0 -9999.0 -9999.0 -9999.0 -9999.0 -9999.0 -9999.0 -9999.0 -9999.0 -9999.0 -9999.0 -9999.0 -9999.0 -9999.0
-9999.0 -9999.0 -9999.0 -9999.0 -9999.0 -9999.0 -9999.0 -9999.0 -9999.0 -9999.0 -9999.0 -1.961703 0.823862 0.733655 0.815843 -0.000582 1.346316 2.797663 3.271777 1.761984 1.446018 -0.006869 -1.143736 -3.318001 -2.114683 -4.646885 -4.748269 -5.196918 -4.643090 -7.335563 -6.318569 -4.635683 -5.231467 -7.063115 -6.457537 -5.075691 -5.492678 -5.511834 -5.427424 -9999.0 -9999.0 -9999.0 -7.306043 -9999.0 -9999.0 -9999.0 -9999.0 -9999.0 -9999.0 -9999.0 -9999.0 -9999.0 -9999.0 -9999.0 -9999.0 -9999.0 -9999.0 -9999.0 -9999.0 -9999.0 -9999.0 -9999.0 -9999.0
-9999.0 -9999.0 -9999.0 -9999.0 -9999.0 -9999.0 -9999.0 -9999.0 -9999.0 -9999.0 -9999.0 -2.342851 1.054314 2.369838 2.182991 -0.032479 3.828903 3.591759 3.259923 2.281603 0.864140 -0.019795 -1.325082 -2.783165 -3.511289 -5.140994 -5.109685 -4.593015 -4.583860 -7.059442 -4.577489 -3.903250 -4.869829 -5.542844 -6.219136 -5.153852 -4.106663 -2.241430 -3.873370 -6.822782 -6.808167 -7.239843 -5.110948 -5.807543 -9999.0 -9999.0 -9999.0 -7.842895 -6.534250 -6.297945 -5.590778 -7.305654 -7.559319 -7.344643 -6.975707 -7.956879 -9999.0 -9999.0 -9999.0 -9999.0 -9999.0 -9999.0 -9999.0
-9999.0 -9999.0 -9999.0 -9999.0 -9999.0 -9999.0 -9999.0 -9999.0 -9999.0 -9999.0 -9999.0 -0.514461 -1.250286 -0.684850 -0.009184 -0.005310 -0.003129 3.017725 2.690360 2.265035 1.410939 -0.022225 -1.656649 -3.228798 -4.994936 -4.652800 -1.854748 -3.681360 -4.924907 -5.943338 -5.341611 -4.183397 -4.458960 -5.298492 -5.864432 -4.330581 -3.321542 -2.980336 -0.868277 -5.354879 -5.105143 -4.686902 -4.446240 -4.879956 -5.399699 -9999.0 -8.438895 -5.375862 -5.088921 -4.563302 -4.326233 -4.609974 -4.997698 -5.340846 -4.860300 -5.119551 -9999.0 -9999.0 -9999.0 -9999.0 -9999.0 -9999.0 -9999.0
-9999.0 -9999.0 -9999.0 -9999.0 -9999.0 -9999.0 -9999.0 -9999.0 -9999.0 -9999.0 -9999.0 -9999.0 -2.210713 -0.746103 -0.021741 -0.018533 -0.006534 2.144564 2.906798 2.310900 1.250732 -0.017938 -0.559524 -1.147764 -3.176274 -1.997784 -2.387406 -4.581887 -4.998543 -5.776596 -4.709220 -3.966154 -4.445270 -5.618601 -4.947112 -4.927241 -1.818995 -2.819792 -0.015657 -2.992776 -3.516303 -3.314193 -3.310655 -1.627009 -5.429884 -5.602178 -6.793859 -5.255338 -3.123411 -1.272426 -0.476511 -3.812048 -3.663538 -4.476208 -3.291248 -5.446243 -5.070948 -9999.0 -9999.0 -9999.0 -9999.0 -9999.0 -9999.0
-9999.0 -9999.0 -9999.0 -9999.0 -9999.0 -9999.0 -9999.0 -9999.0 -9999.0 -9999.0 -9999.0 -1.388301 -2.210204 -1.189670 -1.652276 -0.022775 -0.009394 1.245756 2.384386 3.479172 1.729119 -0.004177 -0.039092 -1.913187 -1.840757 -2.373535 -0.898833 -5.256762 -5.562088 -4.872338 -1.966891 -3.123822 -3.448848 -5.274009 -6.229752 -5.137246 -4.404178 -1.334278 -0.024087 -0.041049 -1.338959 -0.034234 -1.747603 -1.318974 -0.412039 -5.301237 -4.957807 -4.279057 -3.257784 -0.135595 -4.077750 -4.662505 -6.329345 -7.057819 -7.962444 -8.722802 -5.912683 -9999.0 -9999.0 -9999.0 -9999.0 -9999.0 -9999.0
-9999.0 -9999.0 -9999.0 -9999.0 -9999.0 -9999.0 -9999.0 -9999.0 -9999.0 -9999.0 -2.219416 -2.457402 -1.478551 -1.339921 -0.031269 -0.909608 -0.962669 -0.017293 2.773830 3.106394 0.944357 0.038394 -0.728514 -0.048024 -0.093542 -2.120581 -2.507354 -5.111267 -2.922312 -1.798266 -2.570176 -2.649793 -1.757861 -4.640198 -7.971851 -5.329182 -4.384613 -1.492780 -0.117248 -0.017116 -0.016220 0.123272 0.919392 0.392221 -0.165410 -4.095527 -4.204656 -2.810535 -2.440102 -0.037720 -6.338100 -6.520705 -8.429920 -9.592285 -9.286989 -5.523432 -5.525796 -9999.0 -9999.0 -9999.0 -9999.0 -9999.0 -9999.0
-9999.0 -9999.0 -9999.0 -9999.0 -9999.0 -9999.0 -9999.0 -9999.0 -9999.0 -5.005158 -1.680498 -2.809150 -0.750983 -1.212004 -1.114003 -0.119442 -0.325278 -0.005023 2.459463 3.341938 1.230426 -0.008705 -0.012501 -0.015494 -0.021463 -1.630432 -3.355321 -1.725398 -2.007531 -0.534391 -0.020202 -1.827881 -5.023089 -9.156310 -6.940881 -5.378637 -4.221277 -2.042159 -1.678449 -0.939560 -0.050700 -0.427463 -0.606072 1.123739 0.417800 -0.209052 -0.065337 -1.382314 -1.357609 -0.019380 -2.441478 -6.005659 -10.397043 -8.889277 -7.226832 -6.309894 -5.445620 -5.538838 -6.833888 -9999.0 -9999.0 -9999.0 -9999.0
-9999.0 -9999.0 -9999.0 -9999.0 -9999.0 -9999.0 -9999.0 -9999.0 -9999.0 -5.281228 -4.943040 -1.671898 -0.027315 -0.028181 -0.497502 -1.261733 -0.040037 -0.013646 3.151561 2.070214 1.745184 0.913970 0.164849 -0.022303 -1.243505 -2.228905 -1.062752 -0.040108 -0.013600 -0.020782 -0.037990 -2.207994 -4.672951 -5.230398 -5.349896 -5.444515 -4.912009 -3.649959 -4.788714 -3.213522 -1.101647 -2.480935 -1.081641 -0.009692 1.703867 0.822005 0.492395 -0.015997 -0.028779 -0.018566 -3.074902 -6.121459 -8.464314 -7.380493 -5.929964 -7.368398 -5.239182 -4.516781 -4.556366 -9999.0 -9999.0 -9999.0 -9999.0
-9999.0 -9999.0 -9999.0 -9999.0 -9999.0 -9999.0 -9999.0 -9999.0 -9999.0 -9999.0 -5.336125 -3.809477 -0.811636 -0.679728 -0.025226 -0.300966 -0.031364 0.314013 4.073511 2.823593 1.860969 1.790335 -0.023070 -0.244243 -1.883530 -0.165950 -0.018937 -0.005357 -0.039494 -1.760873 -2.112414 -3.522630 -4.461637 -4.694918 -4.516795 -2.838606 -1.722282 -0.865767 -4.856358 -5.183648 -4.486267 -1.568396 -0.051827 -0.184743 -0.017902 -0.015195 0.597833 0.551895 1.166308 -0.019387 -2.028034 -4.957220 -7.332813 -8.241177 -7.540059 -5.437523 -4.471539 -2.320361 -2.068715 -0.080230 -9999.0 -9999.0 -9999.0
-9999.0 -9999.0 -9999.0 -9999.0 -9999.0 -9999.0 -9999.0 -9999.0 -9999.0 -9999.0 -5.395565 -4.729953 -1.929412 -0.052981 -0.002249 -0.013596 -0.017341 1.668742 4.467048 3.956325 2.654364 0.383310 -0.028472 -0.642956 -0.167145 -0.013208 0.513411 -0.017041 -1.450669 -4.150483 -4.944810 -3.901977 -5.655620 -5.389768 -5.115419 -2.960303 -2.313066 -1.007810 -2.596465 -5.383846 -5.060525 -3.143988 -3.211199 -2.315367 -0.077870 -0.375645 -0.034803 -0.017666 1.990984 0.893762 -0.022911 -2.638100 -4.805177 -6.837547 -8.897964 -8.110897 -5.511463 -1.442896 1.060870 0.840932 -9999.0 -9999.0 -9999.0
-9999.0 -9999.0 -9999.0 -9999.0 -9999.0 -9999.0 -9999.0 -9999.0 -4.519171 -5.163317 -4.771333 -4.349720 -3.422448 -0.964083 -0.054873 0.949171 2.015361 1.800445 3.554615 4.413666 4.424507 3.177579 1.933063 0.006069 -0.016832 1.338296 -0.000560 -0.967110 -2.210431 -4.122049 -8.370086 -4.967093 -4.423647 -5.127875 -5.003006 -4.595510 -0.220536 -0.742948 -2.715311 -5.444453 -4.930927 -1.719068 -4.121236 -5.052288 -3.085827 -1.919965 -2.527572 -1.148999 -0.016138 1.108266 -0.017112 -0.871246 -5.246246 -6.565788 -7.680351 -4.733470 -5.282303 -0.499213 -0.013606 3.155080 -9999.0 -9999.0 -9999.0
-9999.0 -9999.0 -9999.0 -9999.0 -9999.0 -9999.0 -9999.0 -9999.0 -3.741058 -1.801079 -3.521208 -4.617989 -4.810518 -2.827697 -1.095895 -0.015564 0.974509 1.663546 4.849899 4.954438 3.963555 3.175803 1.844821 0.554643 2.429937 2.400678 0.291555 -1.690605 -5.735575 -5.667868 -5.234089 -5.058817 -4.905596 -4.857829 -4.528580 -2.102959 -0.040745 -0.829480 -1.497328 -2.914217 -4.521287 -6.985396 -4.673591 -2.586496 -2.749537 -1.437769 -4.532250 -3.834276 -1.109556 1.010851 0.670274 -0.941685 -5.440769 -5.351484 -4.610665 -3.547156 -1.625116 -0.037999 1.394753 3.821540 4.952429 -9999.0 -9999.0
-9999.0 -9999.0 -9999.0 -9999.0 -9999.0 -9999.0 -9999.0 -9999.0 -4.823973 -3.457720 -3.644302 -4.341621 -4.420118 -3.860581 -1.419577 -0.956770 -0.012639 0.828656 4.751710 4.059544 5.429667 4.066941 3.476678 3.617289 2.251550 2.324222 -0.005413 -1.401628 -5.718931 -5.136360 -4.751778 -1.425389 -2.715880 -2.287753 -1.133054 -0.645441 -0.025785 1.087718 -0.045095 -2.820746 -4.511021 -4.880343 -4.479694 -3.624074 -2.069860 -4.475311 -5.440890 -4.337154 -2.900426 -0.020009 2.010185 -0.018445 -4.496077 -5.288881 -2.444418 -1.247368 -0.001678 1.277543 3.411142 4.094295 4.429125 -9999.0 -9999.0
-9999.0 -9999.0 -9999.0 -9999.0 -9999.0 -9999.0 -9999.0 -9999.0 -6.331706 -2.923428 -2.430967 -5.973441 -4.442264 -2.178350 -0.383552 -0.006846 3.318309 4.544038 2.572692 5.065583 4.846818 5.252030 4.065526 3.607034 2.874821 0.371581 -0.107319 -2.162506 -1.911732 -2.811498 -1.353502 -1.455890 -0.033123 -0.887224 -1.397408 -0.051312 -0.000592 3.009262 0.067115 -0.065252 -1.927948 -1.595609 -1.700257 -3.118543 -3.819137 -4.778997 -2.942637 -4.443627 -3.577275 -1.588458 -0.018034 1.586032 -0.017990 -1.897905 -0.015664 0.510732 2.047092 3.770689 4.718794 4.202528 3.278329 1.869286 -9999.0
-9999.0 -9999.0 -9999.0 -9999.0 -9999.0 -9999.0 -9999.0 -9999.0 -6.200905 -4.453339 -2.928809 -1.734584 -0.540017 -0.205122 -0.017943 0.917616 1.202427 1.709168 0.148669 2.070363 4.066253 4.609179 4.885032 4.573767 1.432950 -0.015486 -1.267746 -0.186442 -0.023637 -0.704010 -0.353644 -0.019046 0.855081 -0.005477 -0.018427 -0.006659 1.057854 5.200220 4.688567 0.715260 -0.016096 -0.020767 -0.685249 -0.028421 -1.484912 -0.548660 -1.239068 -1.863518 -1.007398 -0.019974 0.200680 0.974193 1.333430 0.579010 1.155689 1.451009 2.227859 3.002013 3.612021 3.247503 3.221762 1.292334 -9999.0
-9999.0 -9999.0 -4.919983 -4.561163 -4.206626 -2.406773 -3.833639 -3.260469 -5.703025 -4.375196 -1.766945 -0.284722 -0.098051 -0.614833 0.185487 0.484687 -0.020832 -1.380100 -0.974909 -0.013652 1.946640 4.646572 3.714949 5.540605 2.631232 1.225367 -0.017174 -0.012334 1.391247 -0.000347 -0.021711 -0.005542 1.864218 2.278269 2.251039 3.716927 4.521775 7.516494 6.494500 3.736726 2.247143 2.269768 2.891079 1.038484 -0.015659 -0.019581 0.270647 0.843909 1.016517 1.987795 2.657110 2.447783 1.914827 1.474387 1.415206 1.877205 2.028903 2.389566 1.992511 2.511990 0.640756 0.546698 -9999.0
-9999.0 -1.173715 -1.328528 -1.622797 -2.258782 -1.269264 -3.448683 -3.725121 -4.711417 -4.655617 -2.837430 -1.012881 -0.021704 -0.023167 -0.009454 -0.391046 -1.849315 -2.723402 -1.529508 -0.019131 1.662769 3.396886 2.450462 3.767311 2.812045 2.296862 0.989353 1.313987 2.547566 1.535536 1.289646 1.327976 2.828313 3.885964 5.089844 6.249696 8.327010 10.524303 7.908464 6.353370 5.598704 5.431569 4.705003 3.965379 2.685738 2.994688 2.758859 5.163521 4.212564 5.093219 3.254544 2.519301 1.791883 1.056478 0.994436 0.556689 0.323220 0.659682 0.268196 -0.008099 -0.004222 0.338708 -9999.0
-9999.0 -0.062457 -1.199776 -0.721865 -0.041241 -1.066044 -2.696734 -4.242047 -4.867733 -4.956843 -3.378412 -1.402404 -0.009078 -0.008434 -0.160041 -4.332713 -3.531287 -3.040841 -1.751954 -0.027049 -0.000156 1.231965 2.109988 1.430467 2.086483 2.762767 4.870477 4.426702 3.892048 5.690978 5.925722 5.654309 4.570834 5.461539 6.280895 8.347614 9.830813 10.875995 10.992439 10.189164 9.255507 8.046693 7.275360 7.389824 7.370167 7.189377 5.438225 5.224390 4.703790 4.032481 2.436825 1.308497 0.417206 1.087664 0.307652 -0.038272 -0.282341 -0.090200 -0.055770 -0.197560 -0.038365 -9999.0 -9999.0
