erum2020/resources/simulation/Vinschgau/output-maps/TsL0005N0637.asc
ncols         63
nrows         48
xllcorner     598000.000000
yllcorner     5145000.000000
cellsize      1000.000000
NODATA_value  -9999.0
[rows 0 to 27 of 48, columns 0 to 62 of 63]
-9999.0 -9999.0 -9999.0 -9999.0 -9999.0 -9999.0 -9999.0 -9999.0 -9999.0 -9999.0 -9999.0 -9999.0 -9999.0 -9999.0 -9999.0 -9999.0 -9999.0 -9999.0 -9999.0 -9999.0 -9999.0 -9999.0 -9999.0 -9999.0 -9999.0 -9999.0 -9999.0 -9999.0 -9999.0 -9999.0 -9999.0 -9999.0 -9999.0 -9999.0 -9999.0 -9999.0 -9999.0 -9999.0 -9999.0 -9999.0 -9999.0 -9999.0 -9999.0 -9999.0 -9999.0 -9999.0 -9999.0 -9999.0 -9999.0 -9999.0 -9999.0 -9999.0 -9999.0 -9999.0 -9999.0 -9999.0 -9999.0 -9999.0 -9999.0 -9999.0 -9999.0 -9999.0 -9999.0
-9999.0 -9999.0 -9999.0 -9999.0 -9999.0 -9999.0 -9999.0 -9999.0 -9999.0 -9999.0 -9999.0 -9999.0 -9999.0 -9999.0 -9999.0 -9999.0 -9999.0 -9999.0 -9999.0 -9999.0 -9999.0 -9999.0 -9999.0 -9999.0 -9999.0 -9999.0 -9999.0 12.303232 12.686658 10.108423 10.173080 9.552632 9.531331 -9999.0 -9999.0 -9999.0 -9999.0 -9999.0 -9999.0 -9999.0 -9999.0 -9999.0 -9999.0 -9999.0 -9999.0 -9999.0 -9999.0 -9999.0 -9999.0 -9999.0 -9999.0 -9999.0 -9999.0 -9999.0 -9999.0 -9999.0 -9999.0 -9999.0 -9999.0 -9999.0 -9999.0 -9999.0 -9999.0
-9999.0 -9999.0 -9999.0 -9999.0 -9999.0 -9999.0 -9999.0 -9999.0 -9999.0 -9999.0 -9999.0 -9999.0 -9999.0 -9999.0 -9999.0 -9999.0 -9999.0 -9999.0 -9999.0 -9999.0 -9999.0 -9999.0 -9999.0 -9999.0 12.763095 13.315375 13.830489 13.396774 12.487265 11.799183 11.605933 -9999.0 -9999.0 -9999.0 -9999.0 -9999.0 -9999.0 -9999.0 -9999.0 -9999.0 -9999.0 -9999.0 -9999.0 -9999.0 -9999.0 -9999.0 -9999.0 -9999.0 -9999.0 -9999.0 -9999.0 -9999.0 -9999.0 -9999.0 -9999.0 -9999.0 -9999.0 -9999.0 -9999.0 -9999.0 -9999.0 -9999.0 -9999.0
-9999.0 -9999.0 -9999.0 -9999.0 -9999.0 -9999.0 -9999.0 -9999.0 -9999.0 -9999.0 -9999.0 -9999.0 -9999.0 -9999.0 -9999.0 -9999.0 -9999.0 -9999.0 -9999.0 -9999.0 -9999.0 -9999.0 -9999.0 13.037479 14.181694 13.380629 14.000257 14.704474 13.503955 13.791137 12.373528 11.635933 -9999.0 -9999.0 -9999.0 -9999.0 -9999.0 -9999.0 -9999.0 -9999.0 -9999.0 -9999.0 -9999.0 -9999.0 -9999.0 -9999.0 -9999.0 -9999.0 -9999.0 -9999.0 -9999.0 -9999.0 -9999.0 -9999.0 -9999.0 -9999.0 -9999.0 -9999.0 -9999.0 -9999.0 -9999.0 -9999.0 -9999.0
-9999.0 -9999.0 -9999.0 -9999.0 -9999.0 -9999.0 -9999.0 -9999.0 -9999.0 -9999.0 -9999.0 -9999.0 -9999.0 -9999.0 -9999.0 -9999.0 -9999.0 -9999.0 15.042549 13.358752 -9999.0 11.618011 13.347645 13.594434 13.600238 15.439765 14.626013 14.750345 16.577905 14.355320 13.731740 12.562236 11.081377 8.313192 -9999.0 -9999.0 -9999.0 -9999.0 -9999.0 -9999.0 -9999.0 -9999.0 -9999.0 -9999.0 -9999.0 -9999.0 -9999.0 -9999.0 -9999.0 -9999.0 -9999.0 -9999.0 -9999.0 -9999.0 -9999.0 -9999.0 -9999.0 -9999.0 -9999.0 -9999.0 -9999.0 -9999.0 -9999.0
-9999.0 -9999.0 -9999.0 -9999.0 -9999.0 -9999.0 -9999.0 -9999.0 -9999.0 -9999.0 -9999.0 -9999.0 -9999.0 -9999.0 -9999.0 -9999.0 -9999.0 13.731647 12.221121 11.044607 11.647104 11.330558 12.601540 13.351403 16.851423 11.128424 10.026513 11.562287 10.287766 12.177319 14.360697 11.932563 10.551162 9.896138 7.873053 6.068379 -9999.0 -9999.0 -9999.0 -9999.0 -9999.0 -9999.0 -9999.0 -9999.0 -9999.0 -9999.0 -9999.0 -9999.0 -9999.0 -9999.0 -9999.0 -9999.0 -9999.0 -9999.0 -9999.0 -9999.0 -9999.0 -9999.0 -9999.0 -9999.0 -9999.0 -9999.0 -9999.0
-9999.0 -9999.0 -9999.0 -9999.0 -9999.0 -9999.0 -9999.0 -9999.0 -9999.0 -9999.0 -9999.0 -9999.0 -9999.0 10.831012 11.892278 11.583223 13.029359 19.046284 13.386194 13.697480 13.412877 14.284382 15.375187 16.804128 10.540431 12.209693 10.676779 9.518962 11.057543 11.557193 10.364723 11.015082 10.680725 9.463042 8.378656 6.222905 -9999.0 -9999.0 -9999.0 -9999.0 -9999.0 -9999.0 -9999.0 -9999.0 -9999.0 -9999.0 -9999.0 -9999.0 -9999.0 -9999.0 -9999.0 -9999.0 -9999.0 -9999.0 -9999.0 -9999.0 -9999.0 -9999.0 -9999.0 -9999.0 -9999.0 -9999.0 -9999.0
-9999.0 -9999.0 -9999.0 -9999.0 -9999.0 -9999.0 -9999.0 -9999.0 -9999.0 -9999.0 -9999.0 -9999.0 -9999.0 11.361773 12.443804 11.679766 11.418067 16.521906 19.353849 15.339906 13.673742 14.630920 11.778222 11.293178 12.947403 11.785736 12.510336 8.791890 8.947797 9.369350 8.868251 9.182545 7.847119 5.963500 6.672771 -9999.0 -9999.0 -9999.0 -9999.0 -9999.0 -9999.0 -9999.0 -9999.0 -9999.0 -9999.0 -9999.0 -9999.0 -9999.0 -9999.0 -9999.0 -9999.0 -9999.0 -9999.0 -9999.0 -9999.0 -9999.0 -9999.0 -9999.0 -9999.0 -9999.0 -9999.0 -9999.0 -9999.0
-9999.0 -9999.0 -9999.0 -9999.0 -9999.0 -9999.0 -9999.0 -9999.0 -9999.0 -9999.0 -9999.0 -9999.0 -9999.0 12.213434 12.859355 12.829949 10.844500 12.144779 18.905939 13.263482 14.906466 12.185795 9.878399 9.835716 12.655350 11.461167 10.434531 8.214102 11.549811 7.309536 9.168204 0.501160 5.527921 0.406659 5.189904 -9999.0 -9999.0 -9999.0 -9999.0 -9999.0 -9999.0 -9999.0 -9999.0 -9999.0 -9999.0 -9999.0 -9999.0 -9999.0 -9999.0 -9999.0 -9999.0 -9999.0 -9999.0 -9999.0 -9999.0 -9999.0 -9999.0 -9999.0 -9999.0 -9999.0 -9999.0 -9999.0 -9999.0
-9999.0 -9999.0 -9999.0 -9999.0 -9999.0 -9999.0 -9999.0 -9999.0 -9999.0 -9999.0 -9999.0 -9999.0 11.737280 12.315337 12.529870 10.979099 8.891266 11.216860 17.005033 12.941938 12.686541 10.380977 9.378135 9.909121 10.363467 9.706221 8.858752 10.331905 11.408188 7.620958 5.091656 8.535604 9.921052 5.801904 -9999.0 -9999.0 -9999.0 -9999.0 -9999.0 -9999.0 -9999.0 -9999.0 -9999.0 -9999.0 -9999.0 -9999.0 -9999.0 -9999.0 -9999.0 -9999.0 -9999.0 -9999.0 -9999.0 -9999.0 -9999.0 -9999.0 -9999.0 -9999.0 -9999.0 -9999.0 -9999.0 -9999.0 -9999.0
-9999.0 -9999.0 -9999.0 -9999.0 -9999.0 -9999.0 -9999.0 -9999.0 -9999.0 -9999.0 -9999.0 10.339003 9.415294 9.647149 10.307861 9.772533 8.228104 10.497953 16.882225 11.682536 11.202266 12.660929 11.584741 10.070090 9.832598 10.787101 8.602143 11.176168 11.028282 4.307198 8.332048 11.346683 9.050072 7.561566 8.424862 9.611761 12.763696 13.770057 14.728100 -9999.0 -9999.0 -9999.0 8.409666 -9999.0 -9999.0 -9999.0 -9999.0 -9999.0 -9999.0 -9999.0 -9999.0 -9999.0 -9999.0 -9999.0 -9999.0 -9999.0 -9999.0 -9999.0 -9999.0 -9999.0 -9999.0 -9999.0 -9999.0
-9999.0 -9999.0 -9999.0 -9999.0 -9999.0 -9999.0 -9999.0 -9999.0 -9999.0 -9999.0 -9999.0 10.092112 9.698476 9.552315 10.645886 8.401591 11.561042 12.022257 16.692052 15.677344 14.812434 12.938229 11.670338 7.455881 8.164376 10.659385 11.109210 11.549673 9.860345 7.181143 11.153393 11.972519 11.824516 9.644201 9.917735 12.751680 16.130259 17.226635 15.730171 12.057019 11.954185 9.998728 12.502506 10.230025 -9999.0 -9999.0 -9999.0 7.439842 8.602415 8.365482 10.025569 7.811527 7.623947 8.228205 8.392536 5.076023 -9999.0 -9999.0 -9999.0 -9999.0 -9999.0 -9999.0 -9999.0
-9999.0 -9999.0 -9999.0 -9999.0 -9999.0 -9999.0 -9999.0 -9999.0 -9999.0 -9999.0 -9999.0 10.313616 9.053428 7.687408 10.251453 9.873555 8.020315 9.410673 15.854114 16.244296 10.466275 10.192711 8.892250 11.666860 10.116362 9.943015 9.086514 8.971204 9.247191 9.112721 8.663780 8.704287 12.321097 10.626373 9.672746 14.147314 11.564468 12.900396 18.620338 14.234235 15.604969 12.623529 13.845481 13.194281 10.666328 -9999.0 6.174013 9.420303 11.281923 12.405886 12.715208 11.567450 12.399383 11.965760 11.487704 10.867423 -9999.0 -9999.0 -9999.0 -9999.0 -9999.0 -9999.0 -9999.0
-9999.0 -9999.0 -9999.0 -9999.0 -9999.0 -9999.0 -9999.0 -9999.0 -9999.0 -9999.0 -9999.0 -9999.0 9.831376 7.192516 10.875800 10.549993 7.193824 9.329583 16.918987 16.490767 10.705038 10.737265 10.541761 9.656942 7.712926 8.903237 13.412795 10.535108 10.570918 9.303402 11.190347 8.790781 12.859734 11.623800 10.442147 12.422703 9.959361 12.283862 20.439854 16.578118 16.655835 15.198316 10.688137 14.576520 11.920413 9.813017 8.004498 9.794748 8.497442 10.466202 11.902874 9.610829 10.586096 8.986921 8.827812 10.416053 10.873384 -9999.0 -9999.0 -9999.0 -9999.0 -9999.0 -9999.0
-9999.0 -9999.0 -9999.0 -9999.0 -9999.0 -9999.0 -9999.0 -9999.0 -9999.0 -9999.0 -9999.0 7.382193 9.102150 10.164210 8.220807 8.405700 9.205280 9.386801 15.624451 12.380911 10.606660 9.837828 10.354839 8.832039 9.019237 10.473631 9.506403 9.892782 10.986096 10.439746 9.150826 10.078115 12.898369 10.758027 8.986246 12.118149 11.644640 11.428070 12.863712 19.520388 11.338482 12.311974 12.197868 11.838196 15.301875 11.876310 11.630500 10.815572 11.145244 11.727714 8.187623 10.201863 7.855015 6.777670 6.394854 7.269420 9.658052 -9999.0 -9999.0 -9999.0 -9999.0 -9999.0 -9999.0
-9999.0 -9999.0 -9999.0 -9999.0 -9999.0 -9999.0 -9999.0 -9999.0 -9999.0 -9999.0 11.184567 8.460404 11.478976 10.860331 11.587410 9.710162 9.209522 8.796652 11.922930 12.526587 15.146515 13.729228 8.753796 13.765890 11.113136 10.204706 8.188809 7.250671 12.245447 12.843323 10.643275 10.009689 11.493839 10.033120 6.236732 8.972967 13.816881 10.288925 10.529904 14.147726 13.985198 12.666181 16.376162 11.739531 11.304896 13.300127 12.514310 10.454178 11.369527 12.041701 7.950641 8.295436 5.873289 0.694410 7.080105 11.675219 11.842623 -9999.0 -9999.0 -9999.0 -9999.0 -9999.0 -9999.0
-9999.0 -9999.0 -9999.0 -9999.0 -9999.0 -9999.0 -9999.0 -9999.0 -9999.0 9.869576 10.689894 8.298486 9.591558 8.861537 8.828455 8.661879 8.366029 13.707488 12.280635 13.200152 16.415310 11.073241 10.341879 12.871824 11.362303 8.209228 8.405706 13.061768 10.928419 11.443814 12.294793 7.727210 8.473483 6.556302 7.633870 8.837600 10.826450 9.297770 8.921541 10.440653 10.615545 9.266893 9.148550 12.495398 12.000651 11.670128 16.410217 11.070717 11.046300 12.772022 9.796399 9.133227 0.836229 4.568492 8.304701 8.938691 9.960388 11.008722 9.977904 -9999.0 -9999.0 -9999.0 -9999.0
-9999.0 -9999.0 -9999.0 -9999.0 -9999.0 -9999.0 -9999.0 -9999.0 -9999.0 9.911736 9.896749 10.861883 13.497384 11.005693 10.149345 9.443867 13.055831 11.904598 13.217952 18.107041 18.038557 18.267409 14.971547 13.705890 8.559521 9.189158 10.444718 11.471129 13.085511 13.431664 12.584076 7.564351 10.582116 9.870115 10.958375 11.376305 12.352259 13.421848 11.067844 11.511717 9.120242 8.128038 10.614809 12.088100 12.492717 14.378217 14.330511 13.412278 12.717638 12.722323 8.115695 7.514504 7.190963 8.641955 9.172045 7.917627 9.993835 10.807115 12.169074 -9999.0 -9999.0 -9999.0 -9999.0
-9999.0 -9999.0 -9999.0 -9999.0 -9999.0 -9999.0 -9999.0 -9999.0 -9999.0 -9999.0 10.258984 11.284983 9.617643 9.714938 11.760033 10.789259 11.219458 12.969947 14.296281 15.372987 17.197520 11.617676 9.869366 9.303996 9.371601 11.303573 12.914691 13.640341 12.796207 7.887603 7.587319 9.206434 6.704370 9.401450 11.613556 12.512619 14.221744 14.180998 12.275259 9.691032 9.078814 13.431856 12.509541 10.181872 9.918249 10.650501 11.623772 15.540155 15.186207 13.404473 9.182077 9.961975 8.894680 4.871084 6.237436 10.337361 11.613149 12.889908 13.311458 13.750945 -9999.0 -9999.0 -9999.0
-9999.0 -9999.0 -9999.0 -9999.0 -9999.0 -9999.0 -9999.0 -9999.0 -9999.0 -9999.0 10.265112 10.791670 11.214346 10.267776 16.330605 11.081619 10.683559 12.582446 15.164982 15.874150 13.267155 11.660137 9.926089 10.764005 11.209259 13.378851 14.309367 10.498769 8.448967 6.826563 10.008689 11.177877 7.310470 8.910303 9.816726 10.751205 10.626238 10.111906 8.260188 9.420646 10.643034 10.891812 5.768595 10.657084 11.735534 9.003097 10.588256 10.616666 12.570891 15.192557 13.050166 7.436386 9.180383 9.676378 8.223253 9.527667 10.058395 11.564153 13.895635 15.515558 -9999.0 -9999.0 -9999.0
-9999.0 -9999.0 -9999.0 -9999.0 -9999.0 -9999.0 -9999.0 -9999.0 12.304252 11.681243 10.504652 10.882051 9.144430 9.473644 9.518037 12.333973 13.367343 18.908072 16.312176 16.317909 14.732988 13.732476 12.824423 11.576771 13.017345 13.261698 15.052101 8.961090 8.752984 7.380381 0.831374 9.939243 10.669273 9.515968 10.542895 8.841071 12.222893 10.368109 6.549050 9.084484 8.828656 10.645808 7.012420 7.980629 11.891035 12.562873 7.605356 10.032595 11.172348 14.655101 13.472837 10.869237 10.275641 8.160466 11.432577 12.863830 13.013162 16.506434 14.961441 15.407783 -9999.0 -9999.0 -9999.0
-9999.0 -9999.0 -9999.0 -9999.0 -9999.0 -9999.0 -9999.0 -9999.0 8.667919 9.591466 8.318899 9.910399 10.634032 9.772765 9.405796 10.982130 12.218278 12.671350 15.409883 16.796221 21.337774 19.935262 17.700035 18.112636 13.654021 13.700555 11.321580 10.409632 7.659862 11.139816 10.410710 10.119429 11.147523 9.401690 11.042560 11.693317 13.516122 11.113280 9.036521 11.163553 9.534867 7.081760 8.429677 11.649051 12.950300 9.339251 7.538302 11.245451 10.953987 13.246057 15.506573 12.714030 9.299111 13.785060 15.800681 12.109712 13.324623 14.411290 16.689599 18.313757 18.861709 -9999.0 -9999.0
-9999.0 -9999.0 -9999.0 -9999.0 -9999.0 -9999.0 -9999.0 -9999.0 10.114354 12.236824 12.632695 7.886960 12.164528 8.341531 10.710277 9.933056 11.718884 14.532265 15.527075 20.672368 17.224028 20.284316 20.213535 16.213547 19.516180 13.034677 10.930693 8.650537 7.632992 11.851210 10.308648 12.399023 8.349479 8.486295 11.769260 13.406092 0.402972 11.200454 8.387759 8.576538 10.379328 9.014074 10.772315 11.059256 8.296765 11.076908 11.980436 12.544340 9.349898 12.087805 14.902715 14.497501 11.022265 10.750584 14.584134 14.665214 16.193270 17.027126 18.256772 18.536211 18.528592 -9999.0 -9999.0
-9999.0 -9999.0 -9999.0 -9999.0 -9999.0 -9999.0 -9999.0 -9999.0 8.151527 11.876758 10.790050 8.400555 12.825347 10.556161 10.351843 12.050678 14.689108 15.958938 16.479504 15.475932 16.681977 17.233276 20.475342 20.047436 13.978809 11.825589 9.811992 8.141421 13.246935 10.505936 9.696835 10.136289 10.989344 11.106182 9.090749 13.784029 14.602592 11.829298 0.437823 9.222653 12.014231 11.404477 11.694987 13.265311 12.329429 11.158059 12.496733 11.615888 14.037953 12.209075 12.922540 15.666927 16.047985 14.908504 16.697718 17.095469 17.595423 16.337994 17.899557 18.439313 17.187345 14.492631 -9999.0
-9999.0 -9999.0 -9999.0 -9999.0 -9999.0 -9999.0 -9999.0 -9999.0 9.847462 11.666841 7.102845 9.704730 10.739833 11.306195 17.367546 15.347755 16.061942 13.087208 11.717174 13.285620 14.923231 17.045212 17.280545 17.366601 18.327149 11.623376 9.421748 11.285907 12.405767 11.871272 9.168632 11.390614 12.736177 11.596860 0.315923 0.329884 11.740142 12.860504 11.982162 11.693276 10.895348 7.469756 11.282241 10.820575 9.773865 14.493922 11.480780 12.062532 12.400894 14.393809 16.085032 15.760709 16.349944 17.904996 17.644371 17.584814 18.309702 18.311715 18.072393 17.243016 15.320512 13.680224 -9999.0
-9999.0 -9999.0 11.725073 12.000882 8.995884 9.420520 9.800665 8.841326 11.609627 11.379565 6.913461 11.352079 11.581749 13.874046 19.022359 14.027436 11.192450 9.331365 10.288931 11.478308 13.531367 16.004826 16.921607 16.626297 15.901971 13.186167 11.697357 11.539842 12.694624 15.294156 10.379502 10.749070 15.438017 11.506478 13.179701 11.456511 14.686870 14.070193 12.788922 11.317842 13.278770 13.059971 11.675326 13.074702 10.314024 12.359379 13.858992 12.642538 15.467043 16.954916 18.235847 18.447501 18.300402 18.316495 18.098134 21.753059 16.968984 17.113297 16.264511 14.945474 16.893925 12.782562 -9999.0
-9999.0 10.519989 9.954167 9.799328 9.943687 10.073573 9.567597 7.966511 7.569264 11.008879 9.545278 10.542941 12.549361 16.807260 17.194872 11.123044 10.460656 9.172979 10.451369 11.536622 13.881263 15.064981 19.515415 16.154740 20.176039 16.167300 18.990728 19.040350 15.954164 14.816756 14.697755 14.173579 13.782972 17.112572 15.255344 16.263851 16.943107 15.899190 16.456280 15.984647 15.695764 15.141785 14.843209 12.843554 12.490138 13.335254 15.748049 15.908342 18.114485 17.865470 17.682201 17.451305 16.689241 16.650969 16.613901 16.136874 14.483073 14.366177 14.611488 15.859573 12.389278 12.453310 -9999.0
-9999.0 12.463774 10.771434 11.023125 15.202748 10.795979 8.096583 8.227122 11.708196 11.738724 9.941669 10.811276 13.118667 17.383424 11.811490 9.456332 8.979595 9.211205 11.512170 11.159174 14.703146 13.035894 15.125703 16.474098 20.824328 21.440437 16.463137 17.246445 16.820180 16.594166 16.706295 16.208913 15.050579 15.289596 19.691730 17.670570 22.693320 23.287367 17.991070 18.455482 18.052263 16.704558 16.199661 16.152061 16.904940 17.476575 18.180403 18.228612 17.186759 17.287354 16.282488 14.750157 14.490216 14.903063 14.674253 13.267530 12.970358 12.326061 11.998383 11.310555 11.322404 -9999.0 -9999.0
