erum2020/resources/simulation/Vinschgau/output-maps/TsL0005N0489.asc
ncols         63
nrows         48
xllcorner     598000.000000
yllcorner     5145000.000000
cellsize      1000.000000
NODATA_value  -9999.0
[rows 0 to 27 of 48, columns 0 to 62 of 63]
-9999.0 -9999.0 -9999.0 -9999.0 -9999.0 -9999.0 -9999.0 -9999.0 -9999.0 -9999.0 -9999.0 -9999.0 -9999.0 -9999.0 -9999.0 -9999.0 -9999.0 -9999.0 -9999.0 -9999.0 -9999.0 -9999.0 -9999.0 -9999.0 -9999.0 -9999.0 -9999.0 -9999.0 -9999.0 -9999.0 -9999.0 -9999.0 -9999.0 -9999.0 -9999.0 -9999.0 -9999.0 -9999.0 -9999.0 -9999.0 -9999.0 -9999.0 -9999.0 -9999.0 -9999.0 -9999.0 -9999.0 -9999.0 -9999.0 -9999.0 -9999.0 -9999.0 -9999.0 -9999.0 -9999.0 -9999.0 -9999.0 -9999.0 -9999.0 -9999.0 -9999.0 -9999.0 -9999.0
-9999.0 -9999.0 -9999.0 -9999.0 -9999.0 -9999.0 -9999.0 -9999.0 -9999.0 -9999.0 -9999.0 -9999.0 -9999.0 -9999.0 -9999.0 -9999.0 -9999.0 -9999.0 -9999.0 -9999.0 -9999.0 -9999.0 -9999.0 -9999.0 -9999.0 -9999.0 -9999.0 5.989927 7.594825 6.645860 6.689481 5.611489 6.706923 -9999.0 -9999.0 -9999.0 -9999.0 -9999.0 -9999.0 -9999.0 -9999.0 -9999.0 -9999.0 -9999.0 -9999.0 -9999.0 -9999.0 -9999.0 -9999.0 -9999.0 -9999.0 -9999.0 -9999.0 -9999.0 -9999.0 -9999.0 -9999.0 -9999.0 -9999.0 -9999.0 -9999.0 -9999.0 -9999.0
-9999.0 -9999.0 -9999.0 -9999.0 -9999.0 -9999.0 -9999.0 -9999.0 -9999.0 -9999.0 -9999.0 -9999.0 -9999.0 -9999.0 -9999.0 -9999.0 -9999.0 -9999.0 -9999.0 -9999.0 -9999.0 -9999.0 -9999.0 -9999.0 8.090627 8.326072 8.583344 8.043612 8.381518 8.227857 6.333569 -9999.0 -9999.0 -9999.0 -9999.0 -9999.0 -9999.0 -9999.0 -9999.0 -9999.0 -9999.0 -9999.0 -9999.0 -9999.0 -9999.0 -9999.0 -9999.0 -9999.0 -9999.0 -9999.0 -9999.0 -9999.0 -9999.0 -9999.0 -9999.0 -9999.0 -9999.0 -9999.0 -9999.0 -9999.0 -9999.0 -9999.0 -9999.0
-9999.0 -9999.0 -9999.0 -9999.0 -9999.0 -9999.0 -9999.0 -9999.0 -9999.0 -9999.0 -9999.0 -9999.0 -9999.0 -9999.0 -9999.0 -9999.0 -9999.0 -9999.0 -9999.0 -9999.0 -9999.0 -9999.0 -9999.0 8.346928 9.045406 9.759027 10.041322 9.924876 7.723455 8.315108 6.461106 5.774653 -9999.0 -9999.0 -9999.0 -9999.0 -9999.0 -9999.0 -9999.0 -9999.0 -9999.0 -9999.0 -9999.0 -9999.0 -9999.0 -9999.0 -9999.0 -9999.0 -9999.0 -9999.0 -9999.0 -9999.0 -9999.0 -9999.0 -9999.0 -9999.0 -9999.0 -9999.0 -9999.0 -9999.0 -9999.0 -9999.0 -9999.0
-9999.0 -9999.0 -9999.0 -9999.0 -9999.0 -9999.0 -9999.0 -9999.0 -9999.0 -9999.0 -9999.0 -9999.0 -9999.0 -9999.0 -9999.0 -9999.0 -9999.0 -9999.0 10.968551 8.229035 -9999.0 8.313455 8.858575 9.860234 10.298769 11.350926 12.472817 12.384580 11.063324 9.827537 7.960470 6.630632 4.482198 3.771700 -9999.0 -9999.0 -9999.0 -9999.0 -9999.0 -9999.0 -9999.0 -9999.0 -9999.0 -9999.0 -9999.0 -9999.0 -9999.0 -9999.0 -9999.0 -9999.0 -9999.0 -9999.0 -9999.0 -9999.0 -9999.0 -9999.0 -9999.0 -9999.0 -9999.0 -9999.0 -9999.0 -9999.0 -9999.0
-9999.0 -9999.0 -9999.0 -9999.0 -9999.0 -9999.0 -9999.0 -9999.0 -9999.0 -9999.0 -9999.0 -9999.0 -9999.0 -9999.0 -9999.0 -9999.0 -9999.0 10.541420 9.356852 7.834129 7.484268 7.542794 8.924548 10.154295 13.102344 7.797508 6.628975 6.613678 6.578751 9.195575 9.131827 7.843451 6.518864 5.441487 4.391906 2.750864 -9999.0 -9999.0 -9999.0 -9999.0 -9999.0 -9999.0 -9999.0 -9999.0 -9999.0 -9999.0 -9999.0 -9999.0 -9999.0 -9999.0 -9999.0 -9999.0 -9999.0 -9999.0 -9999.0 -9999.0 -9999.0 -9999.0 -9999.0 -9999.0 -9999.0 -9999.0 -9999.0
-9999.0 -9999.0 -9999.0 -9999.0 -9999.0 -9999.0 -9999.0 -9999.0 -9999.0 -9999.0 -9999.0 -9999.0 -9999.0 8.113377 7.349107 8.711364 10.020062 16.940135 10.225712 10.391198 10.451525 10.851400 11.875665 13.173572 7.580484 8.788854 4.905494 5.630779 5.417782 6.208512 6.679089 8.057611 7.115100 6.397321 4.847576 2.142558 -9999.0 -9999.0 -9999.0 -9999.0 -9999.0 -9999.0 -9999.0 -9999.0 -9999.0 -9999.0 -9999.0 -9999.0 -9999.0 -9999.0 -9999.0 -9999.0 -9999.0 -9999.0 -9999.0 -9999.0 -9999.0 -9999.0 -9999.0 -9999.0 -9999.0 -9999.0 -9999.0
-9999.0 -9999.0 -9999.0 -9999.0 -9999.0 -9999.0 -9999.0 -9999.0 -9999.0 -9999.0 -9999.0 -9999.0 -9999.0 8.529697 9.671001 8.953006 8.837460 13.461565 16.962994 12.212508 10.178049 12.998823 9.003284 8.543993 9.933978 7.149176 7.809031 6.554279 5.152754 4.764381 5.131379 6.382779 4.341940 3.020134 3.334113 -9999.0 -9999.0 -9999.0 -9999.0 -9999.0 -9999.0 -9999.0 -9999.0 -9999.0 -9999.0 -9999.0 -9999.0 -9999.0 -9999.0 -9999.0 -9999.0 -9999.0 -9999.0 -9999.0 -9999.0 -9999.0 -9999.0 -9999.0 -9999.0 -9999.0 -9999.0 -9999.0 -9999.0
-9999.0 -9999.0 -9999.0 -9999.0 -9999.0 -9999.0 -9999.0 -9999.0 -9999.0 -9999.0 -9999.0 -9999.0 -9999.0 9.092438 10.273303 10.051945 8.055006 9.317701 16.887638 10.092927 11.533000 7.585065 6.310584 7.177873 9.562133 6.842991 7.426751 4.877558 6.037083 3.892746 6.223678 -0.647181 -1.052866 -0.040660 1.655631 -9999.0 -9999.0 -9999.0 -9999.0 -9999.0 -9999.0 -9999.0 -9999.0 -9999.0 -9999.0 -9999.0 -9999.0 -9999.0 -9999.0 -9999.0 -9999.0 -9999.0 -9999.0 -9999.0 -9999.0 -9999.0 -9999.0 -9999.0 -9999.0 -9999.0 -9999.0 -9999.0 -9999.0
-9999.0 -9999.0 -9999.0 -9999.0 -9999.0 -9999.0 -9999.0 -9999.0 -9999.0 -9999.0 -9999.0 -9999.0 7.920019 9.677036 9.448239 6.451768 6.297073 8.439758 15.138959 9.237958 10.158969 7.229584 6.411261 7.206910 7.545075 7.575478 6.013005 6.505719 7.896717 4.566969 3.431370 4.497115 5.346961 1.968358 -9999.0 -9999.0 -9999.0 -9999.0 -9999.0 -9999.0 -9999.0 -9999.0 -9999.0 -9999.0 -9999.0 -9999.0 -9999.0 -9999.0 -9999.0 -9999.0 -9999.0 -9999.0 -9999.0 -9999.0 -9999.0 -9999.0 -9999.0 -9999.0 -9999.0 -9999.0 -9999.0 -9999.0 -9999.0
-9999.0 -9999.0 -9999.0 -9999.0 -9999.0 -9999.0 -9999.0 -9999.0 -9999.0 -9999.0 -9999.0 7.973386 6.531831 7.129973 5.717018 7.627994 5.205189 7.760624 15.059730 9.500536 6.967062 8.253409 8.863008 8.019114 6.722571 8.274296 5.836572 7.799674 7.899378 3.505511 4.690403 7.411270 5.206757 3.812701 3.862594 4.421829 7.769237 8.959616 9.486946 -9999.0 -9999.0 -9999.0 3.836849 -9999.0 -9999.0 -9999.0 -9999.0 -9999.0 -9999.0 -9999.0 -9999.0 -9999.0 -9999.0 -9999.0 -9999.0 -9999.0 -9999.0 -9999.0 -9999.0 -9999.0 -9999.0 -9999.0 -9999.0
-9999.0 -9999.0 -9999.0 -9999.0 -9999.0 -9999.0 -9999.0 -9999.0 -9999.0 -9999.0 -9999.0 7.610602 6.122298 7.088942 6.169190 6.132631 6.761830 8.742801 14.989204 12.155924 11.849673 10.141018 8.966127 4.653320 5.269105 8.080165 7.739837 8.480583 7.286393 4.530363 7.331164 8.034162 5.517609 5.252848 6.032189 8.340371 10.470645 12.020278 10.596919 6.637423 6.595710 5.686045 5.923586 4.347575 -9999.0 -9999.0 -9999.0 3.577694 5.250386 4.904267 5.925544 5.025607 4.887679 5.265192 5.603465 3.853897 -9999.0 -9999.0 -9999.0 -9999.0 -9999.0 -9999.0 -9999.0
-9999.0 -9999.0 -9999.0 -9999.0 -9999.0 -9999.0 -9999.0 -9999.0 -9999.0 -9999.0 -9999.0 7.712274 7.135943 4.805951 7.748900 7.251456 5.016711 5.990309 11.943356 13.750755 6.241007 7.651987 5.503985 8.648584 8.099853 7.124508 5.493643 6.080181 6.569967 5.460371 5.653148 4.636452 7.725957 4.988812 4.208716 9.643608 6.810287 8.878804 14.193202 9.385337 9.571964 7.224762 7.287863 6.924678 5.217341 -9999.0 2.462991 5.450841 7.347075 8.178973 8.405087 7.687599 8.241567 8.071034 8.027185 7.427723 -9999.0 -9999.0 -9999.0 -9999.0 -9999.0 -9999.0 -9999.0
-9999.0 -9999.0 -9999.0 -9999.0 -9999.0 -9999.0 -9999.0 -9999.0 -9999.0 -9999.0 -9999.0 -9999.0 7.825522 3.985080 7.522242 7.565968 3.967661 6.055797 13.351963 14.107534 7.875501 8.394729 8.086329 6.443469 4.997507 5.816979 10.705121 8.474167 7.687911 5.555183 7.495954 4.946405 7.808415 6.206685 5.230937 8.915746 6.482835 9.497857 16.368492 12.294529 11.407676 11.072222 6.490530 8.282229 4.827654 5.625139 4.712286 5.619127 4.159282 6.071965 7.671724 5.900295 6.390021 5.164146 4.947494 8.019348 7.682003 -9999.0 -9999.0 -9999.0 -9999.0 -9999.0 -9999.0
-9999.0 -9999.0 -9999.0 -9999.0 -9999.0 -9999.0 -9999.0 -9999.0 -9999.0 -9999.0 -9999.0 3.809111 6.570254 7.900355 4.995813 5.030939 6.580589 6.429926 13.436213 9.991349 8.603554 8.000991 8.541568 6.126119 6.281820 8.097538 6.213899 7.746058 7.282829 7.365437 5.082082 6.159390 8.740390 6.274182 5.042582 8.179296 9.432449 8.161319 7.380722 14.468925 7.458543 8.742863 8.523836 5.984195 8.878878 6.464028 7.652018 6.742053 7.426259 8.002301 4.275711 7.733549 1.227709 1.681893 2.561116 -0.047786 6.969973 -9999.0 -9999.0 -9999.0 -9999.0 -9999.0 -9999.0
-9999.0 -9999.0 -9999.0 -9999.0 -9999.0 -9999.0 -9999.0 -9999.0 -9999.0 -9999.0 9.462499 5.270529 8.056786 7.951985 8.732513 7.005934 7.056664 6.853894 9.798435 10.644077 13.493242 12.454002 6.914356 11.136681 8.851951 8.319395 5.978473 0.206045 9.063937 9.459551 7.310310 6.658588 8.376121 6.307472 3.543559 4.621520 9.810455 5.830785 6.617656 8.975101 9.455646 10.570014 15.710262 6.638050 6.359519 6.529323 7.838516 6.113403 7.002089 8.254425 2.286544 5.212088 1.798677 -0.061822 3.977533 8.560468 8.696533 -9999.0 -9999.0 -9999.0 -9999.0 -9999.0 -9999.0
-9999.0 -9999.0 -9999.0 -9999.0 -9999.0 -9999.0 -9999.0 -9999.0 -9999.0 7.465926 8.771854 5.399349 6.710442 5.126301 5.755833 5.890677 5.695170 11.179658 10.178958 11.235617 14.994769 9.352412 8.808298 10.579184 9.791031 0.345028 5.625200 10.127626 8.098725 8.485038 9.191206 4.410553 6.066755 4.155854 4.769331 4.997224 7.405852 5.147150 5.666489 7.011102 7.239401 5.782390 6.201863 8.934679 8.245913 7.517168 10.148028 6.993746 7.078096 9.085164 5.369656 6.293727 -0.022230 3.205325 5.374314 0.680047 0.289496 7.778775 5.976055 -9999.0 -9999.0 -9999.0 -9999.0
-9999.0 -9999.0 -9999.0 -9999.0 -9999.0 -9999.0 -9999.0 -9999.0 -9999.0 7.499169 7.979910 8.867013 11.347159 7.531202 5.916236 5.831205 10.385304 9.087038 11.151884 15.944169 15.868406 15.365960 14.154171 12.191315 7.342999 6.870563 0.327217 9.071793 10.488672 12.249263 10.442818 4.534664 7.967806 5.707490 6.836559 5.212468 5.770943 6.622399 8.785618 8.453898 5.210597 5.076607 6.751741 8.873025 8.494519 10.403130 10.194187 9.514798 8.943066 9.314289 4.299818 2.773383 4.107635 5.550155 7.276847 1.856945 6.023327 7.157866 8.583662 -9999.0 -9999.0 -9999.0 -9999.0
-9999.0 -9999.0 -9999.0 -9999.0 -9999.0 -9999.0 -9999.0 -9999.0 -9999.0 -9999.0 7.274100 9.286003 7.259725 6.206734 8.335172 0.173844 8.368438 10.355510 12.192957 13.457746 15.834985 10.739275 8.966390 8.361261 7.327673 9.666971 10.733814 11.231814 11.155491 5.760723 5.252429 5.750312 2.731256 6.556582 8.105849 8.702512 10.386631 8.621922 5.768794 6.915619 6.148731 8.448229 10.094336 6.282703 5.916636 6.255007 7.243841 13.363921 11.354514 8.826682 5.466715 5.621471 5.557292 4.839941 4.665317 8.388717 9.708852 9.301241 9.641782 9.806478 -9999.0 -9999.0 -9999.0
-9999.0 -9999.0 -9999.0 -9999.0 -9999.0 -9999.0 -9999.0 -9999.0 -9999.0 -9999.0 7.368929 8.778969 9.438664 7.959524 13.489702 8.082079 8.364932 10.646349 13.020661 14.047654 11.861754 10.444309 9.284163 9.313427 9.809995 11.298659 12.047812 8.993339 0.343852 0.166337 8.451362 9.297760 0.293378 5.397210 7.322912 8.720380 6.504841 6.102314 2.685031 5.809415 7.255880 7.987123 4.861051 8.057103 8.998912 5.188661 7.254815 6.835626 9.056606 11.707867 9.396542 7.035915 0.377132 7.075177 3.594523 5.221863 8.548822 8.598101 10.486669 11.983484 -9999.0 -9999.0 -9999.0
-9999.0 -9999.0 -9999.0 -9999.0 -9999.0 -9999.0 -9999.0 -9999.0 8.997297 7.905733 6.983744 9.205029 5.856878 6.133546 7.200518 9.942993 10.863637 16.032280 14.291783 14.529442 13.384979 12.514736 11.807891 10.448935 11.184460 11.314430 13.176249 7.589026 6.348993 0.278264 4.510692 8.220806 8.100291 5.790868 7.785592 7.083469 9.410228 6.648584 2.174589 4.823728 6.265236 8.223428 2.569406 5.587864 7.475605 10.124379 4.093211 6.778050 7.566536 11.720278 10.059034 6.893054 6.533412 3.378741 6.097440 9.647909 8.968579 11.995366 11.050244 12.136744 -9999.0 -9999.0 -9999.0
-9999.0 -9999.0 -9999.0 -9999.0 -9999.0 -9999.0 -9999.0 -9999.0 5.681204 5.838513 0.315156 7.779148 9.040822 7.881832 6.038242 8.455837 9.571836 10.880063 13.411109 15.065333 19.636991 17.827536 16.664655 15.615693 12.253018 12.124229 9.855533 8.849459 5.922458 8.232733 6.383456 6.774339 8.513130 6.337458 8.151412 8.252658 10.529661 7.545224 5.241386 7.715582 6.423190 3.685811 5.880520 8.250902 9.623288 5.486557 2.371171 8.807863 7.949972 9.554439 12.470711 9.598372 6.643417 9.914725 11.136290 9.141859 9.535498 10.561836 12.760735 15.352317 15.881192 -9999.0 -9999.0
-9999.0 -9999.0 -9999.0 -9999.0 -9999.0 -9999.0 -9999.0 -9999.0 8.426903 10.297615 9.163854 0.523694 9.965667 5.778001 7.840461 7.192655 9.657314 12.154226 13.525458 19.537022 15.654249 18.473759 18.117082 14.674604 17.147689 12.115726 9.749189 7.396273 0.249667 9.116271 7.898641 9.769890 0.346003 0.282689 8.929348 10.186153 6.273330 8.332264 5.056731 1.534957 7.314702 5.780957 7.868590 8.577199 1.073984 8.492856 6.404797 8.743751 5.512795 8.545405 12.273714 11.399163 7.357141 8.031540 11.164186 11.750475 12.573714 13.199202 14.433638 15.606489 15.682856 -9999.0 -9999.0
-9999.0 -9999.0 -9999.0 -9999.0 -9999.0 -9999.0 -9999.0 -9999.0 5.443225 9.596248 7.889386 5.335229 10.021166 0.166863 7.752725 9.122125 12.172965 13.397789 16.154870 13.974605 15.299711 15.836671 18.891705 18.571678 13.166647 11.013239 8.763981 6.526408 10.464746 8.230749 6.617377 0.191410 8.135153 8.076904 5.742330 9.110739 10.211433 9.160564 5.761309 0.267944 7.752009 8.171318 8.311051 7.308679 7.910814 7.213107 8.909368 8.410357 9.413239 7.254286 10.232962 13.122539 12.570212 11.732993 13.419750 13.942358 14.623185 13.480614 14.608701 15.559974 14.367325 10.707801 -9999.0
-9999.0 -9999.0 -9999.0 -9999.0 -9999.0 -9999.0 -9999.0 -9999.0 6.453451 9.401920 8.390587 6.906622 7.950399 8.508554 13.004687 12.000968 15.099365 11.301419 10.234812 11.761658 13.526807 15.633467 16.105721 16.293090 16.905370 10.560491 8.265914 9.496930 10.306961 9.683655 6.383411 8.927484 10.086776 8.821368 6.769644 7.047554 8.755206 10.298818 8.993142 8.238780 6.313228 6.333082 7.766465 6.182125 0.822097 9.550924 6.451754 8.648657 8.531446 10.702633 13.197874 13.140471 13.916932 15.342770 15.171081 15.141411 15.897505 15.719887 14.634044 13.761046 11.368096 9.779292 -9999.0
-9999.0 -9999.0 8.354599 8.861652 5.431802 5.538262 5.716153 5.463032 8.201689 9.109200 7.973165 8.250449 8.776286 11.131031 15.917814 12.197352 8.881529 7.352228 8.724607 10.048903 12.014357 14.378737 15.572284 15.456259 14.416748 11.780952 10.208818 10.064654 10.569722 12.990193 8.405747 7.980798 13.098251 8.693833 10.218440 8.751293 11.811811 11.589364 9.967885 8.182822 9.509686 9.757634 8.527224 9.365573 6.596257 8.345049 9.853215 8.888172 11.514869 13.852048 15.172831 15.714324 15.905114 16.060638 16.088656 20.247719 14.717082 14.258183 13.213315 11.204257 13.460751 8.840054 -9999.0
-9999.0 5.519904 5.497309 5.471797 5.381686 7.027756 5.628109 0.621455 0.897995 8.657082 0.165849 7.766115 9.695902 14.132858 15.151391 8.466623 8.275149 6.469572 8.449422 10.002102 12.106376 13.487448 16.286060 14.425037 18.156964 14.164242 16.280374 16.256458 13.548250 12.327191 11.935031 11.486817 11.376988 14.501343 12.964694 13.455801 14.260800 13.528857 13.338127 12.401290 12.670569 12.058627 11.716512 10.149870 9.764009 10.411605 12.564340 11.560329 14.819492 14.537285 15.178354 15.272982 14.464041 14.364565 14.409440 13.826141 11.616502 11.164105 11.682904 12.791125 8.614284 8.435204 -9999.0
-9999.0 10.474023 7.763895 7.869576 11.866899 7.797450 4.466344 0.909044 7.753165 7.794003 0.232440 7.507684 9.806556 15.366853 9.031436 6.916583 0.303684 6.480566 9.226473 9.409762 13.907275 11.593250 13.434415 14.574351 19.336126 19.684928 14.354876 14.967969 14.613793 13.772884 13.612579 13.026105 12.722433 13.020964 17.285260 14.987027 20.517146 21.145479 15.420681 15.633179 15.300903 14.015864 13.331450 13.076819 13.499292 13.716670 14.775292 14.940700 14.777090 14.865412 13.288562 11.451662 11.408731 12.297719 11.829380 10.407080 10.328342 9.226018 8.723203 7.776196 7.594197 -9999.0 -9999.0
