erum2020/resources/simulation/Vinschgau/output-maps/TsL0005N0751.asc
ncols         63
nrows         48
xllcorner     598000.000000
yllcorner     5145000.000000
cellsize      1000.000000
NODATA_value  -9999.0
[rows 0 to 27 of 48, columns 0 to 62 of 63]
-9999.0 -9999.0 -9999.0 -9999.0 -9999.0 -9999.0 -9999.0 -9999.0 -9999.0 -9999.0 -9999.0 -9999.0 -9999.0 -9999.0 -9999.0 -9999.0 -9999.0 -9999.0 -9999.0 -9999.0 -9999.0 -9999.0 -9999.0 -9999.0 -9999.0 -9999.0 -9999.0 -9999.0 -9999.0 -9999.0 -9999.0 -9999.0 -9999.0 -9999.0 -9999.0 -9999.0 -9999.0 -9999.0 -9999.0 -9999.0 -9999.0 -9999.0 -9999.0 -9999.0 -9999.0 -9999.0 -9999.0 -9999.0 -9999.0 -9999.0 -9999.0 -9999.0 -9999.0 -9999.0 -9999.0 -9999.0 -9999.0 -9999.0 -9999.0 -9999.0 -9999.0 -9999.0 -9999.0
-9999.0 -9999.0 -9999.0 -9999.0 -9999.0 -9999.0 -9999.0 -9999.0 -9999.0 -9999.0 -9999.0 -9999.0 -9999.0 -9999.0 -9999.0 -9999.0 -9999.0 -9999.0 -9999.0 -9999.0 -9999.0 -9999.0 -9999.0 -9999.0 -9999.0 -9999.0 -9999.0 -3.116369 -0.017246 -3.555745 -2.994436 -3.039787 -2.865575 -9999.0 -9999.0 -9999.0 -9999.0 -9999.0 -9999.0 -9999.0 -9999.0 -9999.0 -9999.0 -9999.0 -9999.0 -9999.0 -9999.0 -9999.0 -9999.0 -9999.0 -9999.0 -9999.0 -9999.0 -9999.0 -9999.0 -9999.0 -9999.0 -9999.0 -9999.0 -9999.0 -9999.0 -9999.0 -9999.0
-9999.0 -9999.0 -9999.0 -9999.0 -9999.0 -9999.0 -9999.0 -9999.0 -9999.0 -9999.0 -9999.0 -9999.0 -9999.0 -9999.0 -9999.0 -9999.0 -9999.0 -9999.0 -9999.0 -9999.0 -9999.0 -9999.0 -9999.0 -9999.0 -0.004047 -0.001632 0.104806 -0.002037 -0.465161 -1.407028 -1.261300 -9999.0 -9999.0 -9999.0 -9999.0 -9999.0 -9999.0 -9999.0 -9999.0 -9999.0 -9999.0 -9999.0 -9999.0 -9999.0 -9999.0 -9999.0 -9999.0 -9999.0 -9999.0 -9999.0 -9999.0 -9999.0 -9999.0 -9999.0 -9999.0 -9999.0 -9999.0 -9999.0 -9999.0 -9999.0 -9999.0 -9999.0 -9999.0
-9999.0 -9999.0 -9999.0 -9999.0 -9999.0 -9999.0 -9999.0 -9999.0 -9999.0 -9999.0 -9999.0 -9999.0 -9999.0 -9999.0 -9999.0 -9999.0 -9999.0 -9999.0 -9999.0 -9999.0 -9999.0 -9999.0 -9999.0 -0.001509 0.207606 1.322065 1.410846 1.532252 0.172978 0.072024 -1.257557 -2.185480 -9999.0 -9999.0 -9999.0 -9999.0 -9999.0 -9999.0 -9999.0 -9999.0 -9999.0 -9999.0 -9999.0 -9999.0 -9999.0 -9999.0 -9999.0 -9999.0 -9999.0 -9999.0 -9999.0 -9999.0 -9999.0 -9999.0 -9999.0 -9999.0 -9999.0 -9999.0 -9999.0 -9999.0 -9999.0 -9999.0 -9999.0
-9999.0 -9999.0 -9999.0 -9999.0 -9999.0 -9999.0 -9999.0 -9999.0 -9999.0 -9999.0 -9999.0 -9999.0 -9999.0 -9999.0 -9999.0 -9999.0 -9999.0 -9999.0 1.497882 0.151964 -9999.0 0.047260 0.147237 0.916417 0.905719 2.049046 1.218167 1.118734 1.564263 0.283858 -0.003802 -1.124685 -3.864814 -5.092518 -9999.0 -9999.0 -9999.0 -9999.0 -9999.0 -9999.0 -9999.0 -9999.0 -9999.0 -9999.0 -9999.0 -9999.0 -9999.0 -9999.0 -9999.0 -9999.0 -9999.0 -9999.0 -9999.0 -9999.0 -9999.0 -9999.0 -9999.0 -9999.0 -9999.0 -9999.0 -9999.0 -9999.0 -9999.0
-9999.0 -9999.0 -9999.0 -9999.0 -9999.0 -9999.0 -9999.0 -9999.0 -9999.0 -9999.0 -9999.0 -9999.0 -9999.0 -9999.0 -9999.0 -9999.0 -9999.0 4.324714 2.361846 1.854741 -0.019786 0.186195 0.265635 0.195430 1.897333 0.148399 0.077712 -0.005143 0.038288 0.254794 -0.001116 -1.477805 -3.121840 -4.001565 -5.158253 -5.910637 -9999.0 -9999.0 -9999.0 -9999.0 -9999.0 -9999.0 -9999.0 -9999.0 -9999.0 -9999.0 -9999.0 -9999.0 -9999.0 -9999.0 -9999.0 -9999.0 -9999.0 -9999.0 -9999.0 -9999.0 -9999.0 -9999.0 -9999.0 -9999.0 -9999.0 -9999.0 -9999.0
-9999.0 -9999.0 -9999.0 -9999.0 -9999.0 -9999.0 -9999.0 -9999.0 -9999.0 -9999.0 -9999.0 -9999.0 -9999.0 0.121842 0.714134 2.169674 4.006321 5.033870 3.944087 1.388534 1.036647 0.938567 0.982929 1.772569 0.124184 0.054915 -1.198816 -1.618875 0.085539 0.115734 -0.002278 -0.234852 -2.395531 -2.815824 -4.278210 -5.151443 -9999.0 -9999.0 -9999.0 -9999.0 -9999.0 -9999.0 -9999.0 -9999.0 -9999.0 -9999.0 -9999.0 -9999.0 -9999.0 -9999.0 -9999.0 -9999.0 -9999.0 -9999.0 -9999.0 -9999.0 -9999.0 -9999.0 -9999.0 -9999.0 -9999.0 -9999.0 -9999.0
-9999.0 -9999.0 -9999.0 -9999.0 -9999.0 -9999.0 -9999.0 -9999.0 -9999.0 -9999.0 -9999.0 -9999.0 -9999.0 0.488109 2.019651 2.831063 3.036288 4.327543 5.129478 2.923374 2.645147 1.898389 1.187764 0.223634 0.085892 -0.005095 -0.007366 -3.750045 -3.581258 -0.363782 -1.047079 -1.891818 -4.578881 -5.921491 -5.390752 -9999.0 -9999.0 -9999.0 -9999.0 -9999.0 -9999.0 -9999.0 -9999.0 -9999.0 -9999.0 -9999.0 -9999.0 -9999.0 -9999.0 -9999.0 -9999.0 -9999.0 -9999.0 -9999.0 -9999.0 -9999.0 -9999.0 -9999.0 -9999.0 -9999.0 -9999.0 -9999.0 -9999.0
-9999.0 -9999.0 -9999.0 -9999.0 -9999.0 -9999.0 -9999.0 -9999.0 -9999.0 -9999.0 -9999.0 -9999.0 -9999.0 1.732942 2.093609 2.877134 2.462598 3.280852 5.347123 3.676152 2.276426 0.507363 0.037823 0.071608 0.288716 -0.003049 -2.993317 -3.765217 -1.434441 -5.439315 -3.050896 -5.205255 -5.945435 -4.182706 -6.560609 -9999.0 -9999.0 -9999.0 -9999.0 -9999.0 -9999.0 -9999.0 -9999.0 -9999.0 -9999.0 -9999.0 -9999.0 -9999.0 -9999.0 -9999.0 -9999.0 -9999.0 -9999.0 -9999.0 -9999.0 -9999.0 -9999.0 -9999.0 -9999.0 -9999.0 -9999.0 -9999.0 -9999.0
-9999.0 -9999.0 -9999.0 -9999.0 -9999.0 -9999.0 -9999.0 -9999.0 -9999.0 -9999.0 -9999.0 -9999.0 0.536365 1.529896 2.255396 0.654626 0.745731 2.703486 5.009959 3.139934 1.106853 0.127843 -0.003855 0.073648 -0.002026 -0.918930 -1.016213 -1.319502 -1.602252 -4.803505 -4.376781 -4.103948 -3.317112 -5.600832 -9999.0 -9999.0 -9999.0 -9999.0 -9999.0 -9999.0 -9999.0 -9999.0 -9999.0 -9999.0 -9999.0 -9999.0 -9999.0 -9999.0 -9999.0 -9999.0 -9999.0 -9999.0 -9999.0 -9999.0 -9999.0 -9999.0 -9999.0 -9999.0 -9999.0 -9999.0 -9999.0 -9999.0 -9999.0
-9999.0 -9999.0 -9999.0 -9999.0 -9999.0 -9999.0 -9999.0 -9999.0 -9999.0 -9999.0 -9999.0 -0.002319 0.375115 1.512146 1.168680 0.551978 1.546288 2.569044 5.174818 2.336148 1.081175 0.875018 -0.003345 -0.012767 -0.006280 -1.554021 -4.412314 -0.963089 -1.638904 -4.873250 -4.200420 -1.589372 -4.312332 -4.662627 -5.197325 -4.204573 -1.458693 -1.356157 -1.446701 -9999.0 -9999.0 -9999.0 -4.757346 -9999.0 -9999.0 -9999.0 -9999.0 -9999.0 -9999.0 -9999.0 -9999.0 -9999.0 -9999.0 -9999.0 -9999.0 -9999.0 -9999.0 -9999.0 -9999.0 -9999.0 -9999.0 -9999.0 -9999.0
-9999.0 -9999.0 -9999.0 -9999.0 -9999.0 -9999.0 -9999.0 -9999.0 -9999.0 -9999.0 -9999.0 -0.004607 0.856754 1.467430 2.156511 0.022052 3.326174 3.109311 5.227898 3.781172 2.433391 0.391958 -0.006795 -0.755891 -1.173867 -0.929518 -1.105525 -1.544480 -3.321279 -4.712373 -2.798082 -1.266806 -1.444443 -3.947169 -2.910410 -2.819787 -0.002986 0.245012 -1.055963 -4.471805 -4.487936 -4.821023 -2.897239 -3.854443 -9999.0 -9999.0 -9999.0 -3.665356 -3.047171 -5.090020 -2.603895 -4.868423 -5.062623 -2.732016 -4.404972 -5.344280 -9999.0 -9999.0 -9999.0 -9999.0 -9999.0 -9999.0 -9999.0
-9999.0 -9999.0 -9999.0 -9999.0 -9999.0 -9999.0 -9999.0 -9999.0 -9999.0 -9999.0 -9999.0 -0.005113 0.027728 0.027907 0.608394 0.467903 0.261520 2.191117 3.896600 4.123766 1.539129 0.094453 -0.001887 -0.015645 -0.952003 -2.849507 -0.482024 -1.015959 -3.242554 -2.763530 -3.564346 -2.624329 -1.504180 -2.471136 -3.911899 -1.465775 -1.022693 -0.771659 0.793479 -3.037925 -0.012078 -2.403588 -1.486925 -0.903395 -2.497689 -9999.0 -5.607505 -3.616874 -2.933793 -1.601248 -1.537026 -3.251318 -2.750853 -2.046977 -3.130335 -3.477435 -9999.0 -9999.0 -9999.0 -9999.0 -9999.0 -9999.0 -9999.0
-9999.0 -9999.0 -9999.0 -9999.0 -9999.0 -9999.0 -9999.0 -9999.0 -9999.0 -9999.0 -9999.0 -9999.0 -0.004119 -0.005077 0.419781 0.417122 0.068858 1.687994 3.732856 4.112662 1.131103 0.050148 -0.003490 -1.066695 -0.849756 -0.006480 0.174827 -1.213037 -2.993020 -3.836045 -1.091422 -1.170841 -0.566533 -2.035764 -2.321512 -2.198801 -0.017182 0.356639 1.949222 -0.093135 0.295871 -1.004084 -1.023904 -0.006441 -3.559091 -2.604194 -4.514061 -2.450299 -3.537703 -1.072518 0.226885 -1.119071 -1.182773 -1.249186 -1.364530 -2.966816 -2.198098 -9999.0 -9999.0 -9999.0 -9999.0 -9999.0 -9999.0
-9999.0 -9999.0 -9999.0 -9999.0 -9999.0 -9999.0 -9999.0 -9999.0 -9999.0 -9999.0 -9999.0 -0.263212 -0.009453 -0.001050 -0.002606 -0.001924 0.152162 0.943223 3.424066 3.298171 1.317859 0.037203 0.025225 -0.002588 -0.002797 -0.006730 -1.045502 -1.869939 -1.390420 -2.748295 -0.522253 -0.069993 -0.006193 -1.979292 -2.925187 -2.809870 -1.047975 -0.025958 0.754475 1.307398 -0.035411 0.198856 -0.002156 -1.857962 0.175161 -1.241507 -2.425533 -3.601989 -3.048329 0.079220 -2.743116 -1.902722 -2.774431 -4.309679 -4.599279 -3.741519 -4.799550 -9999.0 -9999.0 -9999.0 -9999.0 -9999.0 -9999.0
-9999.0 -9999.0 -9999.0 -9999.0 -9999.0 -9999.0 -9999.0 -9999.0 -9999.0 -9999.0 0.106424 -0.947502 0.081702 0.077298 0.250891 0.167277 0.081997 0.110328 2.617018 2.998328 2.235786 1.019603 0.029035 0.298719 0.155287 -0.003615 -0.646576 -3.320583 -0.525188 -0.003237 -0.005154 -0.030301 -1.286872 -3.058333 -5.304706 -3.528572 -0.009259 -1.100009 -0.014092 0.094653 0.089931 0.533449 1.632757 0.198675 0.028715 -2.376451 -0.708516 -0.985642 -0.004842 0.051254 -3.384210 -4.393916 -4.957621 -4.614608 -5.985899 -3.091374 -3.005325 -9999.0 -9999.0 -9999.0 -9999.0 -9999.0 -9999.0
-9999.0 -9999.0 -9999.0 -9999.0 -9999.0 -9999.0 -9999.0 -9999.0 -9999.0 -0.860332 -0.019814 -0.051163 -0.004073 0.042443 -0.004939 -0.006402 0.047930 0.840954 2.270042 3.420229 3.049227 0.227895 0.153941 0.361670 0.250127 -0.073697 -0.011702 0.084059 -0.002559 -0.001402 0.064886 -1.762256 -3.328099 -6.358886 -4.598670 -3.724566 -1.389743 -1.179968 -1.117364 -0.013412 -0.027033 0.044726 0.026378 0.992389 0.440889 0.124642 0.440432 0.066413 0.060169 0.444692 -3.114127 -4.902865 -4.650282 -5.990413 -4.924373 -4.089331 -1.354475 -3.670453 -4.581603 -9999.0 -9999.0 -9999.0 -9999.0
-9999.0 -9999.0 -9999.0 -9999.0 -9999.0 -9999.0 -9999.0 -9999.0 -9999.0 -2.723993 -2.654243 -1.230905 0.872664 0.105504 0.101419 0.049676 0.277324 0.310675 2.789692 4.226880 3.868875 2.920053 1.671164 0.276898 -0.005748 -0.002964 0.088752 0.193302 0.099295 0.162197 0.064497 -3.386456 -2.596339 -2.435774 -2.977813 -3.446398 -3.132017 -2.180917 -0.979040 -0.993208 -1.081715 -0.006097 0.075065 0.132714 1.656661 1.272754 0.870458 0.119845 0.058078 0.078757 -2.773535 -4.026547 -5.708548 -5.877710 -4.811480 -3.275935 -3.304690 -1.230256 -2.638630 -9999.0 -9999.0 -9999.0 -9999.0
-9999.0 -9999.0 -9999.0 -9999.0 -9999.0 -9999.0 -9999.0 -9999.0 -9999.0 -9999.0 -1.130611 -1.179654 -0.008839 0.118368 0.173746 0.127743 0.158453 1.089371 3.437620 4.074262 3.483512 1.306367 0.124045 0.033611 -0.001583 0.175742 0.066158 0.328969 0.069632 -0.584074 -1.693156 -1.059316 -2.886576 -2.171620 -1.522063 -0.007199 0.157021 -0.003042 -3.058579 -2.788733 -1.219799 -0.003338 0.151146 0.035173 0.022051 0.113397 0.326266 2.154385 2.069379 0.084420 -2.134068 -3.467250 -4.918613 -5.568677 -3.723037 -4.272464 -1.611848 -0.001914 -0.001722 0.204488 -9999.0 -9999.0 -9999.0
-9999.0 -9999.0 -9999.0 -9999.0 -9999.0 -9999.0 -9999.0 -9999.0 -9999.0 -9999.0 -2.993704 -0.658490 -0.004664 -0.004789 1.904664 0.170561 0.162748 1.832710 4.056200 4.595540 2.791330 0.502323 0.136009 0.110722 0.154132 0.520383 1.038048 -0.002563 -1.101761 -2.553986 -1.703964 -1.377713 -3.671242 -2.510940 -1.015594 -0.018033 -0.006565 -0.006786 -3.214865 -1.961833 -2.685842 -1.677579 -1.027018 -0.010711 -0.003840 -0.079688 0.029700 0.010611 0.985319 1.808537 0.015618 -2.842563 -3.011355 -5.491810 -6.038625 -5.480558 -2.587072 -0.003188 0.749510 1.869503 -9999.0 -9999.0 -9999.0
-9999.0 -9999.0 -9999.0 -9999.0 -9999.0 -9999.0 -9999.0 -9999.0 -0.468675 -0.689565 -2.009949 -1.519681 -1.043043 -1.005420 -0.817662 1.473442 1.708881 3.721994 4.846449 4.957521 4.580630 2.790402 1.841821 0.213752 0.301244 1.444120 1.390252 -0.326302 -1.152280 -4.015470 -5.084876 -2.785701 -1.595649 -2.335755 -2.549859 -0.899859 0.053078 -0.002338 -2.075456 -3.578998 -3.620243 -1.246644 -2.806940 -3.351830 -1.313669 0.050040 -1.656066 -0.004526 -0.001452 2.511772 0.043471 -2.117445 -1.399379 -4.671738 -5.176970 -2.216377 -3.473650 0.283373 0.068998 2.839411 -9999.0 -9999.0 -9999.0
-9999.0 -9999.0 -9999.0 -9999.0 -9999.0 -9999.0 -9999.0 -9999.0 -1.872989 -1.138463 -2.343950 -2.097548 -0.879878 -0.440951 -0.002785 0.084746 0.886647 1.394764 4.210694 5.386449 6.253190 5.526666 4.098465 2.729477 2.247443 2.069962 0.098581 -0.006468 -2.887993 -1.422771 -2.437647 -3.223624 -2.136418 -3.110025 -1.619474 -0.069092 0.171489 0.037184 -0.007612 -0.228016 -1.157034 -3.542588 -3.027641 -0.128810 -0.003041 -1.081451 -2.975402 -0.585956 -0.002789 0.771384 1.769292 -0.004815 -3.421357 -2.441796 -0.930101 -2.359729 0.076445 0.031320 2.255084 5.236579 5.962651 -9999.0 -9999.0
-9999.0 -9999.0 -9999.0 -9999.0 -9999.0 -9999.0 -9999.0 -9999.0 -1.543057 -0.016246 -0.569949 -2.817134 -1.563008 -2.510715 0.015703 -0.002227 0.119381 1.311068 4.578042 6.304940 5.799253 6.278113 5.490597 4.400033 4.374902 1.972907 0.187445 -0.155744 -3.174242 -0.975175 -2.797131 -0.008659 -1.288720 -1.566827 -0.022584 0.277024 0.029302 1.415105 -0.137889 -0.976495 -1.505882 -2.718880 -0.820791 -1.179182 -0.624033 -0.503118 -3.539800 -1.071916 -0.049678 0.103437 2.003732 0.039257 -2.128558 -2.825752 -0.004007 -0.001738 0.237094 1.939392 3.835242 4.862150 5.698172 -9999.0 -9999.0
-9999.0 -9999.0 -9999.0 -9999.0 -9999.0 -9999.0 -9999.0 -9999.0 -4.232770 -0.374355 -0.962643 -3.108859 -1.650075 -1.176097 -1.073523 0.094685 2.833751 4.333898 4.160257 5.172859 5.334589 5.828662 6.314962 5.809625 3.017079 0.559950 0.094731 -0.705059 0.124529 -0.834377 -0.003668 -0.026806 -0.001180 0.105624 -0.338152 0.205086 0.960426 2.424826 0.104645 -0.003159 -0.002083 -0.003209 -0.016645 -1.274434 -0.006033 -2.601703 -0.489592 -2.041154 -0.005502 0.063671 0.035772 1.545932 0.059671 0.248005 0.497793 1.342610 2.768195 3.728919 4.937861 5.500289 4.235963 2.007482 -9999.0
-9999.0 -9999.0 -9999.0 -9999.0 -9999.0 -9999.0 -9999.0 -9999.0 -1.892270 -1.625875 -0.410100 -0.569790 -1.655496 -0.687864 0.698236 1.710720 2.960064 1.674088 0.288031 1.736187 4.120955 5.407747 5.582460 5.336177 3.169106 0.209881 -0.003289 0.158837 0.244580 0.182000 0.046954 0.108913 0.759207 0.321875 0.180555 0.541872 1.744830 3.958077 3.251974 1.449550 0.211045 0.153608 0.187996 0.135654 0.035027 0.206246 0.059148 -0.001935 0.126496 0.057938 1.277906 1.280818 1.300570 1.667063 2.346482 2.981857 3.851876 4.475817 4.382234 3.758388 2.531776 1.067296 -9999.0
-9999.0 -9999.0 -0.868788 -0.011809 -1.211383 -0.004283 -1.137489 -1.352841 -1.407018 -1.281989 -1.079808 -0.010032 -0.635608 0.382638 2.302832 1.950971 0.010659 -0.005363 0.035458 0.152321 1.691739 4.190720 4.877329 5.892182 3.738785 1.201193 0.187435 0.197248 1.373506 1.064910 0.150248 0.182491 2.930517 1.691536 2.823861 3.148324 4.919401 5.810578 4.756736 2.968009 2.816070 2.802594 1.763251 1.692851 0.132811 0.196449 0.589074 0.686886 1.958377 2.886683 3.733312 4.213105 3.571689 3.186885 3.082245 4.196439 3.146744 3.207160 1.707641 2.030486 1.340607 0.442806 -9999.0
-9999.0 0.037165 -1.088350 -0.408402 -0.007613 -1.062502 -1.130020 -0.908778 -2.020663 -2.169935 -0.725984 -0.348008 0.368522 1.583360 1.741535 -0.091246 -0.024010 -0.011283 0.068921 0.152251 1.684374 2.795521 3.823642 3.877968 4.896356 3.434282 3.360604 3.545346 3.310781 2.615371 2.360491 1.536779 2.254514 4.747271 5.351362 6.849487 8.018535 8.918187 8.114323 6.967538 6.080424 5.761909 4.495476 2.813067 1.929206 2.731170 3.976016 4.232837 4.959876 4.156209 4.550323 3.952101 2.885514 2.319692 2.271678 1.470193 0.547914 0.979723 0.479375 0.447564 0.047248 0.273390 -9999.0
-9999.0 -0.001206 -0.005330 -0.003214 0.605290 -0.008993 -0.888558 -1.079336 -1.561421 -2.244033 -0.891334 -0.054203 0.159485 1.802434 -0.013143 -0.818632 -2.249518 -0.011264 -0.031802 -0.004499 0.576984 0.996829 1.267791 1.354953 4.438405 5.445904 5.247266 5.374721 5.115087 4.804543 5.680842 5.178701 4.562929 5.430707 6.908719 8.504362 10.931729 12.317616 10.354729 9.835858 8.954583 7.488874 6.254544 6.871829 7.433793 6.603883 6.559579 6.228791 5.643006 5.150343 3.261403 1.159044 0.818387 0.878021 0.443791 -0.003560 -0.005092 -0.005992 -0.003754 -0.003064 -0.002740 -9999.0 -9999.0
