erum2020/resources/simulation/Vinschgau/output-maps/TsL0001N0307.asc
ncols         63
nrows         48
xllcorner     598000.000000
yllcorner     5145000.000000
cellsize      1000.000000
NODATA_value  -9999.0
[rows 0 to 27 of 48, columns 0 to 61 of 63]
-9999.0 -9999.0 -9999.0 -9999.0 -9999.0 -9999.0 -9999.0 -9999.0 -9999.0 -9999.0 -9999.0 -9999.0 -9999.0 -9999.0 -9999.0 -9999.0 -9999.0 -9999.0 -9999.0 -9999.0 -9999.0 -9999.0 -9999.0 -9999.0 -9999.0 -9999.0 -9999.0 -9999.0 -9999.0 -9999.0 -9999.0 -9999.0 -9999.0 -9999.0 -9999.0 -9999.0 -9999.0 -9999.0 -9999.0 -9999.0 -9999.0 -9999.0 -9999.0 -9999.0 -9999.0 -9999.0 -9999.0 -9999.0 -9999.0 -9999.0 -9999.0 -9999.0 -9999.0 -9999.0 -9999.0 -9999.0 -9999.0 -9999.0 -9999.0 -9999.0 -9999.0 -9999.0
-9999.0 -9999.0 -9999.0 -9999.0 -9999.0 -9999.0 -9999.0 -9999.0 -9999.0 -9999.0 -9999.0 -9999.0 -9999.0 -9999.0 -9999.0 -9999.0 -9999.0 -9999.0 -9999.0 -9999.0 -9999.0 -9999.0 -9999.0 -9999.0 -9999.0 -9999.0 -9999.0 -5.936944 -5.451502 -4.981872 -6.956980 -7.946507 -7.702319 -9999.0 -9999.0 -9999.0 -9999.0 -9999.0 -9999.0 -9999.0 -9999.0 -9999.0 -9999.0 -9999.0 -9999.0 -9999.0 -9999.0 -9999.0 -9999.0 -9999.0 -9999.0 -9999.0 -9999.0 -9999.0 -9999.0 -9999.0 -9999.0 -9999.0 -9999.0 -9999.0 -9999.0 -9999.0
-9999.0 -9999.0 -9999.0 -9999.0 -9999.0 -9999.0 -9999.0 -9999.0 -9999.0 -9999.0 -9999.0 -9999.0 -9999.0 -9999.0 -9999.0 -9999.0 -9999.0 -9999.0 -9999.0 -9999.0 -9999.0 -9999.0 -9999.0 -9999.0 -4.719319 -3.411549 -2.140671 -3.470792 -2.611265 -3.954821 -7.004408 -9999.0 -9999.0 -9999.0 -9999.0 -9999.0 -9999.0 -9999.0 -9999.0 -9999.0 -9999.0 -9999.0 -9999.0 -9999.0 -9999.0 -9999.0 -9999.0 -9999.0 -9999.0 -9999.0 -9999.0 -9999.0 -9999.0 -9999.0 -9999.0 -9999.0 -9999.0 -9999.0 -9999.0 -9999.0 -9999.0 -9999.0
-9999.0 -9999.0 -9999.0 -9999.0 -9999.0 -9999.0 -9999.0 -9999.0 -9999.0 -9999.0 -9999.0 -9999.0 -9999.0 -9999.0 -9999.0 -9999.0 -9999.0 -9999.0 -9999.0 -9999.0 -9999.0 -9999.0 -9999.0 -4.051008 -1.592049 -1.080458 -0.836462 -0.882626 -1.030534 -3.236615 -5.637040 -6.565980 -9999.0 -9999.0 -9999.0 -9999.0 -9999.0 -9999.0 -9999.0 -9999.0 -9999.0 -9999.0 -9999.0 -9999.0 -9999.0 -9999.0 -9999.0 -9999.0 -9999.0 -9999.0 -9999.0 -9999.0 -9999.0 -9999.0 -9999.0 -9999.0 -9999.0 -9999.0 -9999.0 -9999.0 -9999.0 -9999.0
-9999.0 -9999.0 -9999.0 -9999.0 -9999.0 -9999.0 -9999.0 -9999.0 -9999.0 -9999.0 -9999.0 -9999.0 -9999.0 -9999.0 -9999.0 -9999.0 -9999.0 -9999.0 -0.011942 -1.054478 -9999.0 -4.386113 -2.483425 -1.128572 -0.779962 -0.013249 -0.352242 -1.121103 -0.006263 -1.296420 -2.711341 -5.826858 -5.883619 -7.815564 -9999.0 -9999.0 -9999.0 -9999.0 -9999.0 -9999.0 -9999.0 -9999.0 -9999.0 -9999.0 -9999.0 -9999.0 -9999.0 -9999.0 -9999.0 -9999.0 -9999.0 -9999.0 -9999.0 -9999.0 -9999.0 -9999.0 -9999.0 -9999.0 -9999.0 -9999.0 -9999.0 -9999.0
-9999.0 -9999.0 -9999.0 -9999.0 -9999.0 -9999.0 -9999.0 -9999.0 -9999.0 -9999.0 -9999.0 -9999.0 -9999.0 -9999.0 -9999.0 -9999.0 -9999.0 -2.106038 -3.148296 -0.791685 -1.686206 -1.018759 -0.752257 -2.109800 -0.269365 -1.883555 -5.375958 -4.760888 -4.872644 -2.064385 -0.891435 -3.332160 -1.843599 -4.537235 -7.594370 -9.158257 -9999.0 -9999.0 -9999.0 -9999.0 -9999.0 -9999.0 -9999.0 -9999.0 -9999.0 -9999.0 -9999.0 -9999.0 -9999.0 -9999.0 -9999.0 -9999.0 -9999.0 -9999.0 -9999.0 -9999.0 -9999.0 -9999.0 -9999.0 -9999.0 -9999.0 -9999.0
-9999.0 -9999.0 -9999.0 -9999.0 -9999.0 -9999.0 -9999.0 -9999.0 -9999.0 -9999.0 -9999.0 -9999.0 -9999.0 -4.704768 -0.781058 -3.724709 -3.468982 -0.000460 -2.673981 -1.921373 -3.240500 -2.181095 -1.924566 -0.547966 -1.027413 -5.862074 -6.714664 -5.809312 -6.727828 -5.182163 -4.438558 -6.335353 -6.982655 -8.584489 -8.740409 -9.747179 -9999.0 -9999.0 -9999.0 -9999.0 -9999.0 -9999.0 -9999.0 -9999.0 -9999.0 -9999.0 -9999.0 -9999.0 -9999.0 -9999.0 -9999.0 -9999.0 -9999.0 -9999.0 -9999.0 -9999.0 -9999.0 -9999.0 -9999.0 -9999.0 -9999.0 -9999.0
-9999.0 -9999.0 -9999.0 -9999.0 -9999.0 -9999.0 -9999.0 -9999.0 -9999.0 -9999.0 -9999.0 -9999.0 -9999.0 -2.932701 -0.682123 -1.710485 -1.666095 -0.440215 -0.000328 -1.435752 -0.005435 -1.269913 -1.569859 -0.322228 -0.746983 -4.297742 -5.395728 -7.379520 -8.123803 -7.035389 -6.176398 -8.525377 -8.883077 -9.912513 -9.752261 -9999.0 -9999.0 -9999.0 -9999.0 -9999.0 -9999.0 -9999.0 -9999.0 -9999.0 -9999.0 -9999.0 -9999.0 -9999.0 -9999.0 -9999.0 -9999.0 -9999.0 -9999.0 -9999.0 -9999.0 -9999.0 -9999.0 -9999.0 -9999.0 -9999.0 -9999.0 -9999.0
-9999.0 -9999.0 -9999.0 -9999.0 -9999.0 -9999.0 -9999.0 -9999.0 -9999.0 -9999.0 -9999.0 -9999.0 -9999.0 -0.817702 -3.493022 -0.046510 -0.879369 -3.655155 -0.000537 -0.005977 -1.544914 -5.443543 -3.580865 -4.801369 -4.074051 -3.943986 -4.584168 -8.076298 -5.817478 -8.828481 -8.416041 -10.274162 -9.934258 -11.056162 -10.068313 -9999.0 -9999.0 -9999.0 -9999.0 -9999.0 -9999.0 -9999.0 -9999.0 -9999.0 -9999.0 -9999.0 -9999.0 -9999.0 -9999.0 -9999.0 -9999.0 -9999.0 -9999.0 -9999.0 -9999.0 -9999.0 -9999.0 -9999.0 -9999.0 -9999.0 -9999.0 -9999.0
-9999.0 -9999.0 -9999.0 -9999.0 -9999.0 -9999.0 -9999.0 -9999.0 -9999.0 -9999.0 -9999.0 -9999.0 -2.483808 -2.279608 -0.470224 -4.958434 -1.516963 -3.311785 -0.005527 -1.458175 -0.660454 -5.850637 -4.976040 -5.342942 -2.818158 -7.291600 -5.457074 -6.202978 -4.076370 -8.386782 -9.301524 -7.036995 -6.628148 -9.535090 -9999.0 -9999.0 -9999.0 -9999.0 -9999.0 -9999.0 -9999.0 -9999.0 -9999.0 -9999.0 -9999.0 -9999.0 -9999.0 -9999.0 -9999.0 -9999.0 -9999.0 -9999.0 -9999.0 -9999.0 -9999.0 -9999.0 -9999.0 -9999.0 -9999.0 -9999.0 -9999.0 -9999.0
-9999.0 -9999.0 -9999.0 -9999.0 -9999.0 -9999.0 -9999.0 -9999.0 -9999.0 -9999.0 -9999.0 -4.519868 -4.168477 -0.068249 -5.351297 -5.280887 -5.740536 -2.714889 -0.004710 -0.421293 -3.457684 -1.150151 -4.992186 -6.468663 -4.576328 -5.950551 -8.248423 -5.362697 -4.979986 -9.215107 -7.326385 -2.598253 -7.134237 -8.726785 -7.107635 -4.139683 -4.592748 -4.466219 -2.956685 -9999.0 -9999.0 -9999.0 -8.661074 -9999.0 -9999.0 -9999.0 -9999.0 -9999.0 -9999.0 -9999.0 -9999.0 -9999.0 -9999.0 -9999.0 -9999.0 -9999.0 -9999.0 -9999.0 -9999.0 -9999.0 -9999.0 -9999.0
-9999.0 -9999.0 -9999.0 -9999.0 -9999.0 -9999.0 -9999.0 -9999.0 -9999.0 -9999.0 -9999.0 -5.354219 -4.587516 -2.502648 -3.974948 -6.299149 -2.105397 -4.259138 -0.006128 -0.024148 -0.700194 -0.669736 -4.402119 -5.255063 -5.222590 -6.359790 -5.305199 -3.578737 -5.841377 -8.308894 -4.442222 -2.354574 -4.683531 -7.915699 -7.963467 -5.118675 -2.513982 -1.005234 -1.352955 -4.919462 -7.609508 -6.237940 -2.542699 -7.575152 -9999.0 -9999.0 -9999.0 -0.445843 -4.998016 -4.737832 -2.916539 -3.731216 -3.515578 -0.172666 -0.143543 -3.219336 -9999.0 -9999.0 -9999.0 -9999.0 -9999.0 -9999.0
-9999.0 -9999.0 -9999.0 -9999.0 -9999.0 -9999.0 -9999.0 -9999.0 -9999.0 -9999.0 -9999.0 -4.588066 -5.284075 -4.334022 -3.881255 -5.208650 -1.344210 -3.259484 -0.011019 -0.003456 -3.101405 -0.609297 -0.822716 -3.585183 -6.646298 -5.068378 -0.679194 -5.093672 -7.037900 -7.212468 -7.676037 -4.452889 -1.790440 -7.640986 -6.603228 -4.701436 -2.216522 -0.546473 -3.202738 -4.535544 -3.203871 -5.022951 -2.984291 -1.916191 -7.049412 -9999.0 -7.430682 -5.267153 -3.091443 -0.838030 -0.389672 -0.311412 -0.043382 -0.035807 -0.046679 -0.284118 -9999.0 -9999.0 -9999.0 -9999.0 -9999.0 -9999.0
-9999.0 -9999.0 -9999.0 -9999.0 -9999.0 -9999.0 -9999.0 -9999.0 -9999.0 -9999.0 -9999.0 -9999.0 -4.652082 -3.626062 -1.741391 -3.614131 -1.164180 -2.226162 -0.007410 -0.002888 -3.105608 -0.475148 -0.666125 -0.649722 -4.710600 -0.706853 -0.898889 -6.503847 -6.538470 -6.336955 -5.368118 -3.099872 -3.443902 -6.424710 -8.758387 -5.676467 -4.180753 -1.585248 -1.530045 -3.232854 -0.439759 -5.170343 -4.438545 -1.779280 -3.828323 -6.067958 -6.090604 -5.326527 -4.209620 -0.325959 -0.797539 -2.355502 -0.039631 -0.453317 -3.439363 -3.558528 -0.658638 -9999.0 -9999.0 -9999.0 -9999.0 -9999.0
-9999.0 -9999.0 -9999.0 -9999.0 -9999.0 -9999.0 -9999.0 -9999.0 -9999.0 -9999.0 -9999.0 -2.602659 -5.429302 -5.153234 -0.778014 -0.807060 -0.639621 -1.426734 -0.234949 -0.003149 -2.513443 -2.980594 -0.972018 -1.707015 -1.079195 -0.571271 -3.059128 -7.018867 -5.388563 -4.683296 -0.825519 -0.744059 -1.165144 -6.904132 -9.847281 -4.209576 -7.092260 -3.103809 -0.023657 -1.107260 -2.726026 -2.313149 -3.291840 -4.165036 -1.756144 -5.702456 -3.868474 -2.980921 -2.746145 -0.485427 -5.551344 -5.663513 -4.688190 -6.393796 -5.730097 -6.454126 -2.705441 -9999.0 -9999.0 -9999.0 -9999.0 -9999.0
-9999.0 -9999.0 -9999.0 -9999.0 -9999.0 -9999.0 -9999.0 -9999.0 -9999.0 -9999.0 -1.839235 -1.187763 -1.376684 -4.489806 -0.368473 -0.976424 -3.515410 -2.436078 -2.186395 -0.002529 -0.008493 -1.630720 -0.668900 -0.616715 -0.399388 -0.871230 -5.708500 -5.252513 -1.340590 -0.910727 -0.675613 -3.752836 -5.671787 -7.749819 -10.534408 -6.430485 -6.814890 -4.003553 -1.557039 -0.023773 -0.006890 -3.390688 -3.605024 -3.021379 -4.132961 -2.745310 -3.658516 -0.708920 -3.223382 -2.299322 -3.221526 -6.264605 -6.240373 -6.672244 -6.055227 -0.369998 -0.313115 -9999.0 -9999.0 -9999.0 -9999.0 -9999.0
-9999.0 -9999.0 -9999.0 -9999.0 -9999.0 -9999.0 -9999.0 -9999.0 -9999.0 -5.602706 -2.318825 -1.890881 -1.008657 -0.920821 -0.101005 -3.688430 -4.726283 -0.351927 -1.484828 -0.001192 -0.003245 -1.981460 -2.384155 -0.140015 -0.326625 -4.826071 -2.034896 -0.855539 -2.221440 -2.264103 -2.331023 -5.287791 -8.333985 -9.438778 -8.193138 -7.772195 -6.347540 -3.126701 -4.375008 -3.934832 -3.979097 -4.722133 -3.920960 -0.005742 -3.107883 -2.970434 -0.008819 -0.728090 -0.406956 -0.241592 -0.343616 -4.137369 -7.104242 -5.642521 -3.899428 -2.283999 -0.042904 -0.054760 -1.596384 -9999.0 -9999.0 -9999.0
-9999.0 -9999.0 -9999.0 -9999.0 -9999.0 -9999.0 -9999.0 -9999.0 -9999.0 -5.461190 -5.452257 -5.035445 -0.235353 -1.489716 -0.475806 -0.713198 -0.059557 -2.873024 -0.004865 0.696293 0.698329 0.392605 -1.214023 -0.223910 -4.769276 -0.724747 -0.733601 -1.943633 -0.276468 -0.882775 -1.809907 -1.565288 -6.856926 -6.862397 -5.056208 -2.440831 -3.042240 -1.847653 -7.595084 -5.402169 -5.664622 -7.038524 -1.103417 -3.048302 -0.004019 -0.003783 -0.003945 -2.513300 -3.017942 -2.907631 -2.126085 -2.736761 -5.461886 -5.009381 -5.839794 -0.703374 -0.217581 -0.046965 -0.011147 -9999.0 -9999.0 -9999.0
-9999.0 -9999.0 -9999.0 -9999.0 -9999.0 -9999.0 -9999.0 -9999.0 -9999.0 -9999.0 -5.332656 -4.572881 -2.995298 -3.148707 -3.733956 -0.455792 -0.377846 -0.363784 -0.001003 1.095685 -0.004384 -1.149470 -0.308022 -2.314607 -0.774265 -1.796407 -2.104108 -0.026746 -1.638596 -5.578161 -5.922170 -3.181613 -7.191466 -7.652005 -3.480304 -1.149953 -1.284006 -1.409466 -5.891038 -8.066473 -8.684844 -2.879355 -0.954507 -4.621039 -2.318916 -0.350402 -2.477010 -2.871558 -0.000760 -2.504718 -0.187979 -0.119103 -3.446983 -5.016781 -4.292725 -4.989681 -2.822861 -2.250526 -1.927139 -1.547089 -9999.0 -9999.0
-9999.0 -9999.0 -9999.0 -9999.0 -9999.0 -9999.0 -9999.0 -9999.0 -9999.0 -9999.0 -5.352819 -5.052417 -4.001515 -0.306407 -0.003864 -2.897289 -2.945761 -0.532980 1.972907 1.770211 -0.001432 -0.008518 -1.621671 -0.788306 -0.478414 -1.795539 -0.004123 -0.302473 -3.942243 -7.331539 -6.839058 -4.862697 -5.086704 -7.711696 -7.159112 -6.106914 -1.323658 -0.762326 -3.623542 -7.582260 -5.614508 -4.697779 -5.164329 -6.416183 -2.830127 -3.743984 -1.629633 -0.391915 -0.006834 -0.002596 -0.656274 -0.090963 -0.133771 -3.202494 -4.751845 -3.163700 -5.224477 -0.021686 -0.001572 -0.002061 -9999.0 -9999.0
-9999.0 -9999.0 -9999.0 -9999.0 -9999.0 -9999.0 -9999.0 -9999.0 -0.355260 -0.585756 -4.805133 -4.080662 -3.570891 -3.268730 -0.334010 -0.002977 -0.001760 1.421985 2.021236 2.140174 2.300317 0.825313 -0.003716 -0.013303 -1.872588 -0.002420 -0.162152 -3.663884 -4.301314 -5.890473 -8.386632 -6.737438 -5.916503 -6.394845 -5.484586 -7.779839 -4.413913 -0.587687 -4.194319 -6.354407 -6.676416 -5.922306 -7.077359 -7.610718 -3.721708 -1.903431 -5.668471 -2.488052 -1.144177 -0.002354 -0.008098 -0.366171 -0.031531 -3.566760 -2.675273 -0.033423 -0.046839 -0.036383 -0.004728 1.852369 -9999.0 -9999.0
-9999.0 -9999.0 -9999.0 -9999.0 -9999.0 -9999.0 -9999.0 -9999.0 -4.554590 -0.331480 -1.564739 -6.169973 -5.175507 -2.485583 -0.891399 -0.881854 -2.274979 -1.899685 2.481503 2.573293 3.523753 3.058326 1.730768 -0.002597 -0.002854 0.777164 -1.636454 -0.743248 -6.117330 -5.003052 -5.528180 -4.184039 -4.660511 -5.406642 -4.128969 -3.617374 -0.367814 -0.281801 -2.268345 -4.285576 -6.627044 -8.547927 -7.086820 -3.819805 -0.807287 -3.667899 -6.203032 -5.363731 -0.192177 -1.490001 -0.002028 -2.094260 -0.038830 -0.034823 -0.323991 -2.759795 -2.219750 -0.021587 0.725122 4.030117 4.552942 -9999.0
-9999.0 -9999.0 -9999.0 -9999.0 -9999.0 -9999.0 -9999.0 -9999.0 -5.350758 -2.938795 -0.351479 -4.549731 -2.086870 -5.278906 -0.297734 -1.738084 -1.871238 -0.003550 2.738926 2.647994 3.734902 3.312370 3.295942 2.134803 2.365165 -0.002176 -0.638739 -2.704879 -3.992136 -2.963575 -4.213449 -1.018239 -2.931405 -2.153091 -2.943648 -0.601247 -3.322454 -2.120338 -1.975909 -3.900763 -4.973746 -5.306027 -3.290774 -4.785939 -4.991150 -5.158996 -3.996002 -0.941837 -4.075189 -1.527330 1.173570 -0.004501 -0.188064 -0.118662 -0.005981 -0.004272 -0.002177 0.695258 2.647618 2.699010 4.205447 -9999.0
-9999.0 -9999.0 -9999.0 -9999.0 -9999.0 -9999.0 -9999.0 -9999.0 -6.966734 -3.741306 -2.112554 -0.878892 -0.058472 -0.088664 -2.292492 -1.254661 0.374546 2.662733 -0.002422 2.892910 2.629416 3.766459 4.201445 3.450829 0.593876 -0.244988 -0.740182 -0.592167 -0.747850 -0.727271 -0.477927 -0.342447 -0.935042 -0.926474 -3.037327 -2.467254 -0.732252 -0.030074 -0.242701 -1.949638 -3.922895 -2.578628 -2.072176 -2.167970 -2.315927 -3.455861 -0.924499 -0.567667 -0.328237 -0.200775 -0.963396 1.482456 -0.002492 -0.004738 0.148154 0.778079 2.274308 2.726767 4.295255 3.946237 1.353497 0.123878
-9999.0 -9999.0 -9999.0 -9999.0 -9999.0 -9999.0 -9999.0 -9999.0 -5.120883 -3.151538 -0.030761 -0.956964 -2.191343 -1.957855 -0.004144 -0.002286 -0.003277 -1.799322 -0.155869 -1.744051 2.475360 3.068575 3.340736 2.650696 -0.000052 -0.022835 -0.589784 -0.498666 -1.615866 -2.135828 -0.558904 -0.402595 -0.775737 -0.284192 -0.290493 -0.276770 -0.251065 -0.003208 -1.724359 -0.202202 -0.313981 -0.420335 -0.167785 -0.492631 -1.390958 -0.728890 -0.343532 -2.904263 -2.245943 -0.006645 -0.002711 0.475933 2.131540 1.626000 2.182660 2.259664 2.787869 2.887777 2.315999 1.267008 0.746332 -1.145067
-9999.0 -9999.0 -3.256338 -2.646059 -3.652061 -1.374466 -0.220180 -1.269603 -3.044878 -3.338709 -0.113068 -1.404681 -1.572893 -0.004440 1.406450 -0.001549 -0.430656 -3.621236 -3.103278 -0.160818 -0.342033 3.425974 3.164535 3.940038 1.082508 -0.004144 -1.201730 -1.752431 -0.004285 -0.020577 -0.453939 -0.258349 -0.004497 -2.024152 -1.644082 -1.981383 -0.004555 0.272720 -0.590708 -0.955990 -1.709719 -1.845078 -1.937200 -2.185046 -0.405950 -1.892764 -0.007968 -0.708895 -0.003366 0.452201 2.005954 2.122037 2.712328 2.617078 2.540926 2.431313 1.459870 1.279745 0.123337 0.454317 -1.054512 -0.015656
-9999.0 -0.386148 -0.423066 -0.307892 -0.352030 -0.220576 -2.667947 -4.056004 -4.325069 -4.799294 -2.474868 -0.027449 -0.004284 -0.002166 -0.001775 -0.057143 -2.593788 -3.675623 -0.160494 -1.847161 0.383134 1.677958 2.120211 3.872357 3.051461 2.007551 1.698426 1.578511 0.577443 -0.003457 -0.004658 -0.006397 -0.003810 0.366696 -0.000643 0.285443 1.136877 2.307613 1.103804 0.007145 -0.002563 -0.000408 -0.002442 -0.949791 -1.773994 -0.011037 -0.002693 0.875458 2.113274 2.276630 2.456437 2.364832 1.234583 1.027757 1.032373 0.069077 0.050402 -1.626345 -1.400420 -0.014158 -0.012228 -0.013927
-9999.0 -2.262437 -0.346385 -1.427343 -0.008711 -0.372664 -0.489068 -1.069963 -2.728071 -2.535142 -0.106320 -1.542910 -0.004092 -0.001816 -1.090900 -0.521570 -4.085963 -2.725606 -1.826919 -0.959320 -1.113772 1.341340 2.699539 1.974212 3.178253 3.761596 3.874750 2.805495 2.505742 1.908055 2.822946 2.091585 0.526910 0.625458 1.268691 1.816556 2.978005 5.097544 2.632216 2.269036 2.147743 1.954570 1.757170 1.965664 2.692354 3.001676 3.620563 3.853273 2.468892 2.466900 0.688419 0.171161 -0.050685 0.612446 0.068839 -0.082928 -0.585467 -0.020798 -0.020615 -0.017903 -0.015752 -9999.0
