erum2020/resources/simulation/Vinschgau/output-maps/TsL0007N1051.asc
ncols         63
nrows         48
xllcorner     598000.000000
yllcorner     5145000.000000
cellsize      1000.000000
NODATA_value  -9999.0
[rows 0 to 27 of 48, columns 0 to 62 of 63]
-9999.0 -9999.0 -9999.0 -9999.0 -9999.0 -9999.0 -9999.0 -9999.0 -9999.0 -9999.0 -9999.0 -9999.0 -9999.0 -9999.0 -9999.0 -9999.0 -9999.0 -9999.0 -9999.0 -9999.0 -9999.0 -9999.0 -9999.0 -9999.0 -9999.0 -9999.0 -9999.0 -9999.0 -9999.0 -9999.0 -9999.0 -9999.0 -9999.0 -9999.0 -9999.0 -9999.0 -9999.0 -9999.0 -9999.0 -9999.0 -9999.0 -9999.0 -9999.0 -9999.0 -9999.0 -9999.0 -9999.0 -9999.0 -9999.0 -9999.0 -9999.0 -9999.0 -9999.0 -9999.0 -9999.0 -9999.0 -9999.0 -9999.0 -9999.0 -9999.0 -9999.0 -9999.0 -9999.0
-9999.0 -9999.0 -9999.0 -9999.0 -9999.0 -9999.0 -9999.0 -9999.0 -9999.0 -9999.0 -9999.0 -9999.0 -9999.0 -9999.0 -9999.0 -9999.0 -9999.0 -9999.0 -9999.0 -9999.0 -9999.0 -9999.0 -9999.0 -9999.0 -9999.0 -9999.0 -9999.0 -1.428260 -1.741866 -2.055043 -2.705791 -2.134384 -2.598179 -9999.0 -9999.0 -9999.0 -9999.0 -9999.0 -9999.0 -9999.0 -9999.0 -9999.0 -9999.0 -9999.0 -9999.0 -9999.0 -9999.0 -9999.0 -9999.0 -9999.0 -9999.0 -9999.0 -9999.0 -9999.0 -9999.0 -9999.0 -9999.0 -9999.0 -9999.0 -9999.0 -9999.0 -9999.0 -9999.0
-9999.0 -9999.0 -9999.0 -9999.0 -9999.0 -9999.0 -9999.0 -9999.0 -9999.0 -9999.0 -9999.0 -9999.0 -9999.0 -9999.0 -9999.0 -9999.0 -9999.0 -9999.0 -9999.0 -9999.0 -9999.0 -9999.0 -9999.0 -9999.0 -1.174297 -0.708357 -1.116204 -0.757158 -1.145551 -1.353971 -1.515596 -9999.0 -9999.0 -9999.0 -9999.0 -9999.0 -9999.0 -9999.0 -9999.0 -9999.0 -9999.0 -9999.0 -9999.0 -9999.0 -9999.0 -9999.0 -9999.0 -9999.0 -9999.0 -9999.0 -9999.0 -9999.0 -9999.0 -9999.0 -9999.0 -9999.0 -9999.0 -9999.0 -9999.0 -9999.0 -9999.0 -9999.0 -9999.0
-9999.0 -9999.0 -9999.0 -9999.0 -9999.0 -9999.0 -9999.0 -9999.0 -9999.0 -9999.0 -9999.0 -9999.0 -9999.0 -9999.0 -9999.0 -9999.0 -9999.0 -9999.0 -9999.0 -9999.0 -9999.0 -9999.0 -9999.0 -0.394150 -0.230378 1.201894 1.649234 2.219430 1.496802 -0.377944 -1.393264 -2.020408 -9999.0 -9999.0 -9999.0 -9999.0 -9999.0 -9999.0 -9999.0 -9999.0 -9999.0 -9999.0 -9999.0 -9999.0 -9999.0 -9999.0 -9999.0 -9999.0 -9999.0 -9999.0 -9999.0 -9999.0 -9999.0 -9999.0 -9999.0 -9999.0 -9999.0 -9999.0 -9999.0 -9999.0 -9999.0 -9999.0 -9999.0
-9999.0 -9999.0 -9999.0 -9999.0 -9999.0 -9999.0 -9999.0 -9999.0 -9999.0 -9999.0 -9999.0 -9999.0 -9999.0 -9999.0 -9999.0 -9999.0 -9999.0 -9999.0 2.497545 -0.090813 -9999.0 -0.189091 -0.126899 0.979165 1.292126 2.555583 1.522550 1.401532 0.955847 -0.002683 -0.985560 -1.760146 -2.577531 -2.881599 -9999.0 -9999.0 -9999.0 -9999.0 -9999.0 -9999.0 -9999.0 -9999.0 -9999.0 -9999.0 -9999.0 -9999.0 -9999.0 -9999.0 -9999.0 -9999.0 -9999.0 -9999.0 -9999.0 -9999.0 -9999.0 -9999.0 -9999.0 -9999.0 -9999.0 -9999.0 -9999.0 -9999.0 -9999.0
-9999.0 -9999.0 -9999.0 -9999.0 -9999.0 -9999.0 -9999.0 -9999.0 -9999.0 -9999.0 -9999.0 -9999.0 -9999.0 -9999.0 -9999.0 -9999.0 -9999.0 4.676734 3.278388 2.489631 -0.008899 -0.002373 -0.002506 -0.003613 1.813575 -0.002282 -0.464966 -0.001799 -0.002802 -0.000815 -0.152708 -0.877661 -1.696374 -1.918488 -2.717604 -3.804578 -9999.0 -9999.0 -9999.0 -9999.0 -9999.0 -9999.0 -9999.0 -9999.0 -9999.0 -9999.0 -9999.0 -9999.0 -9999.0 -9999.0 -9999.0 -9999.0 -9999.0 -9999.0 -9999.0 -9999.0 -9999.0 -9999.0 -9999.0 -9999.0 -9999.0 -9999.0 -9999.0
-9999.0 -9999.0 -9999.0 -9999.0 -9999.0 -9999.0 -9999.0 -9999.0 -9999.0 -9999.0 -9999.0 -9999.0 -9999.0 -0.050239 0.381380 2.786657 4.275868 7.983497 4.330673 2.132040 1.406392 1.003232 1.653236 1.968080 -0.001828 -0.093727 -0.943682 -2.379379 -1.061860 -0.002062 -1.237211 -0.909753 -1.617201 -1.498715 -3.017655 -3.285932 -9999.0 -9999.0 -9999.0 -9999.0 -9999.0 -9999.0 -9999.0 -9999.0 -9999.0 -9999.0 -9999.0 -9999.0 -9999.0 -9999.0 -9999.0 -9999.0 -9999.0 -9999.0 -9999.0 -9999.0 -9999.0 -9999.0 -9999.0 -9999.0 -9999.0 -9999.0 -9999.0
-9999.0 -9999.0 -9999.0 -9999.0 -9999.0 -9999.0 -9999.0 -9999.0 -9999.0 -9999.0 -9999.0 -9999.0 -9999.0 -0.014211 2.434295 3.539419 3.511085 6.027001 8.064257 3.131591 3.467206 3.160668 1.617876 0.495736 -0.001983 -0.111955 -1.110211 -2.255943 -1.954982 -1.237824 -2.588290 -1.150732 -2.383573 -6.700304 -3.427171 -9999.0 -9999.0 -9999.0 -9999.0 -9999.0 -9999.0 -9999.0 -9999.0 -9999.0 -9999.0 -9999.0 -9999.0 -9999.0 -9999.0 -9999.0 -9999.0 -9999.0 -9999.0 -9999.0 -9999.0 -9999.0 -9999.0 -9999.0 -9999.0 -9999.0 -9999.0 -9999.0 -9999.0
-9999.0 -9999.0 -9999.0 -9999.0 -9999.0 -9999.0 -9999.0 -9999.0 -9999.0 -9999.0 -9999.0 -9999.0 -9999.0 2.194963 2.778051 3.557974 3.049007 3.863513 8.342060 4.283368 3.932910 1.073356 -0.002294 -0.002298 -0.001605 -0.001516 -0.649417 -2.159096 -1.799481 -5.862529 -1.613676 -7.276580 -7.501873 -10.156700 -4.122770 -9999.0 -9999.0 -9999.0 -9999.0 -9999.0 -9999.0 -9999.0 -9999.0 -9999.0 -9999.0 -9999.0 -9999.0 -9999.0 -9999.0 -9999.0 -9999.0 -9999.0 -9999.0 -9999.0 -9999.0 -9999.0 -9999.0 -9999.0 -9999.0 -9999.0 -9999.0 -9999.0 -9999.0
-9999.0 -9999.0 -9999.0 -9999.0 -9999.0 -9999.0 -9999.0 -9999.0 -9999.0 -9999.0 -9999.0 -9999.0 0.633859 2.003684 2.865741 1.223849 1.366493 3.346988 6.633544 4.317372 1.305160 -0.002337 -0.506596 -0.063705 -1.343578 -1.150632 -2.456280 -1.477456 -1.929024 -3.071396 -7.127730 -2.492134 -3.484787 -3.379447 -9999.0 -9999.0 -9999.0 -9999.0 -9999.0 -9999.0 -9999.0 -9999.0 -9999.0 -9999.0 -9999.0 -9999.0 -9999.0 -9999.0 -9999.0 -9999.0 -9999.0 -9999.0 -9999.0 -9999.0 -9999.0 -9999.0 -9999.0 -9999.0 -9999.0 -9999.0 -9999.0 -9999.0 -9999.0
-9999.0 -9999.0 -9999.0 -9999.0 -9999.0 -9999.0 -9999.0 -9999.0 -9999.0 -9999.0 -9999.0 -0.069723 2.033450 1.627707 2.201174 0.773684 3.304401 3.497194 6.464753 4.627757 2.120535 0.725272 -0.230945 -0.832878 -1.362092 -1.463024 -1.654229 -1.789511 -1.793787 -3.044805 -2.551372 -1.855486 -3.007644 -2.836968 -3.614979 -2.806926 -1.583817 -1.698316 -2.325097 -9999.0 -9999.0 -9999.0 -3.030515 -9999.0 -9999.0 -9999.0 -9999.0 -9999.0 -9999.0 -9999.0 -9999.0 -9999.0 -9999.0 -9999.0 -9999.0 -9999.0 -9999.0 -9999.0 -9999.0 -9999.0 -9999.0 -9999.0 -9999.0
-9999.0 -9999.0 -9999.0 -9999.0 -9999.0 -9999.0 -9999.0 -9999.0 -9999.0 -9999.0 -9999.0 -0.076379 2.138605 3.676393 3.834105 -0.030427 5.565273 4.270099 6.646087 4.589055 3.894860 -0.015971 -0.441916 -1.608428 -3.180627 -1.741700 -1.737596 -1.602057 -1.883236 -2.801442 -1.965744 -1.211409 -1.753182 -3.836806 -2.392964 -1.580889 -1.247964 -1.347291 -1.752082 -2.710827 -2.770416 -2.835172 -2.616590 -2.347743 -9999.0 -9999.0 -9999.0 -3.239659 -3.428572 -3.254625 -3.737977 -3.350058 -3.583021 -3.321277 -4.793229 -3.615090 -9999.0 -9999.0 -9999.0 -9999.0 -9999.0 -9999.0 -9999.0
-9999.0 -9999.0 -9999.0 -9999.0 -9999.0 -9999.0 -9999.0 -9999.0 -9999.0 -9999.0 -9999.0 -0.163354 -0.054044 -0.055624 -0.002184 -0.002186 0.967042 3.534539 5.322100 4.582849 1.718642 -0.002986 -1.299179 -0.870636 -1.683356 -1.259971 -2.402666 -2.853372 -1.774777 -2.359281 -2.059145 -3.323304 -1.429667 -2.196011 -3.232447 -1.501235 -2.475107 -2.090322 -0.098993 -1.793313 -2.042645 -1.654250 -1.604186 -1.630674 -2.550338 -9999.0 -3.483228 -3.934367 -2.067714 -1.513807 -1.540727 -1.647722 -1.558700 -1.377893 -3.043918 -2.347105 -9999.0 -9999.0 -9999.0 -9999.0 -9999.0 -9999.0 -9999.0
-9999.0 -9999.0 -9999.0 -9999.0 -9999.0 -9999.0 -9999.0 -9999.0 -9999.0 -9999.0 -9999.0 -9999.0 -0.120794 -0.332808 -0.018368 -0.017474 0.035355 2.618901 6.146885 4.537038 1.671209 -0.003312 -1.180040 -2.489011 -2.003743 -1.218932 -0.201112 -1.335978 -2.100243 -2.378223 -1.577809 -3.105025 -1.352856 -2.999875 -3.457938 -1.486861 -2.834683 -1.969775 0.664074 -0.511006 -1.303757 -0.335567 -2.518168 -1.040824 -2.138223 -2.723298 -3.119441 -2.502137 -3.965784 -2.602576 -0.008035 -2.994597 -3.040028 -3.643748 -4.212740 -2.885578 -2.522078 -9999.0 -9999.0 -9999.0 -9999.0 -9999.0 -9999.0
-9999.0 -9999.0 -9999.0 -9999.0 -9999.0 -9999.0 -9999.0 -9999.0 -9999.0 -9999.0 -9999.0 -1.745597 -0.362905 -0.080240 -0.572614 -0.001176 -0.000894 1.741290 5.558179 3.854781 2.201169 0.072096 -0.001609 -1.132525 -1.250232 -1.834043 -1.169510 -1.459704 -1.549784 -1.551808 -2.369054 -2.281655 -0.852508 -2.434714 -2.567551 -2.424846 -1.450460 -1.799226 -0.008122 -0.040070 -1.711750 -0.046787 -0.967404 -1.720587 -0.192915 -1.351377 -2.040748 -1.450536 -0.324762 -0.034159 -2.902706 -1.317336 -4.597873 -5.238278 -6.111510 -7.197332 -2.880499 -9999.0 -9999.0 -9999.0 -9999.0 -9999.0 -9999.0
-9999.0 -9999.0 -9999.0 -9999.0 -9999.0 -9999.0 -9999.0 -9999.0 -9999.0 -9999.0 -0.148957 -2.113270 -0.215163 -0.111411 -0.024860 -0.117099 -0.140289 -0.002313 3.116595 3.493957 2.998459 1.799777 -0.422539 -0.058138 -0.001172 -1.571557 -1.381438 -4.216423 -0.985843 -0.288660 -1.742286 -1.837415 -1.055179 -1.748039 -3.305359 -2.224146 -1.389113 -2.758457 -1.005434 -0.001743 -0.002374 1.079166 4.027337 0.595539 -0.136967 -0.904845 -1.464233 -2.397413 -1.679237 -0.001066 -4.568930 -2.909600 -6.565962 -7.808294 -7.236293 -1.713372 -2.003425 -9999.0 -9999.0 -9999.0 -9999.0 -9999.0 -9999.0
-9999.0 -9999.0 -9999.0 -9999.0 -9999.0 -9999.0 -9999.0 -9999.0 -9999.0 -1.650101 -0.842574 -1.977622 -1.447102 -1.104501 -0.414338 -0.294322 -0.066585 0.975544 3.033926 3.654975 3.308062 0.114423 -0.002459 -0.001781 -0.001451 -1.309646 -2.182517 -0.152152 -1.933519 -0.089011 -0.000950 -1.508275 -1.645684 -6.702881 -2.659878 -2.461000 -1.424268 -3.179861 -1.601727 -1.368020 -0.832336 -0.316188 -0.334974 1.453574 0.623251 -0.047257 -0.027689 -1.063624 -1.130339 -0.001432 -1.347912 -3.070892 -8.578051 -4.452127 -3.541989 -4.458761 -3.784276 -2.131737 -3.147651 -9999.0 -9999.0 -9999.0 -9999.0
-9999.0 -9999.0 -9999.0 -9999.0 -9999.0 -9999.0 -9999.0 -9999.0 -9999.0 -1.452164 -1.563446 -0.186593 -0.019809 -0.001213 -0.084158 -0.974086 -0.028956 -0.001062 3.608260 4.251489 3.871071 3.411694 2.043636 -0.000510 -0.923628 -1.106742 -1.129960 -0.001191 -0.001089 -0.001806 -0.032386 -1.882096 -1.852855 -2.053560 -2.682223 -1.851269 -1.436547 -0.683128 -1.303301 -0.832307 -1.717151 -1.352870 -0.351964 -0.001105 1.938173 1.612916 1.284752 -0.003023 -0.012994 -0.001015 -2.758324 -5.089320 -4.555694 -5.081808 -3.743200 -5.471515 -3.495806 -2.911803 -1.298195 -9999.0 -9999.0 -9999.0 -9999.0
-9999.0 -9999.0 -9999.0 -9999.0 -9999.0 -9999.0 -9999.0 -9999.0 -9999.0 -9999.0 -1.692025 -0.954290 -0.643427 -0.308038 -0.003125 -0.062233 -0.001118 1.148312 4.426157 3.727699 3.932201 2.156418 -0.001772 -0.578805 -1.117018 -0.003701 -0.001152 0.570777 -0.026579 -1.447545 -1.790359 -2.690302 -3.269990 -2.731285 -1.630302 -0.851292 -0.190509 -0.796438 -1.419739 -1.798299 -1.271058 -0.239423 -0.026461 -0.045756 -0.001613 -0.001830 0.892944 2.459714 2.021017 -0.002575 -1.713829 -3.441737 -3.596417 -4.612709 -4.720420 -3.875379 -1.779548 -1.536708 -1.280095 -0.001543 -9999.0 -9999.0 -9999.0
-9999.0 -9999.0 -9999.0 -9999.0 -9999.0 -9999.0 -9999.0 -9999.0 -9999.0 -9999.0 -2.131047 -1.367977 -0.165854 -0.086158 1.437119 -0.003044 -0.002596 2.068952 4.806560 4.992450 2.992938 0.872134 -0.002282 -0.109284 -0.004868 -0.001056 1.245419 -0.001974 -1.133716 -2.984970 -1.622080 -1.197324 -4.007028 -2.076899 -1.468728 -0.610109 -1.497739 -1.847168 -1.729521 -1.548972 -1.782081 -0.654464 -2.552213 -0.382267 -0.097553 -0.332064 -0.000885 -0.001632 2.214490 1.707088 -0.012469 -1.491278 -3.899849 -3.263964 -4.892227 -4.265198 -2.394468 -1.094860 1.261552 1.563190 -9999.0 -9999.0 -9999.0
-9999.0 -9999.0 -9999.0 -9999.0 -9999.0 -9999.0 -9999.0 -9999.0 -1.509974 -1.593693 -1.653211 -1.420205 -2.592804 -1.250378 -0.056037 1.208011 2.410517 4.357596 4.662375 5.498308 4.756065 3.585697 2.462656 0.672164 -0.001727 1.567755 1.616593 -0.660084 -1.090626 -2.990100 -6.328501 -1.532330 -1.702904 -1.906595 -2.055432 -1.239619 -0.053694 -0.838763 -2.380411 -1.838992 -1.725712 -0.905756 -2.916007 -1.606038 -0.224726 -0.111467 -2.205028 -1.206600 -0.001707 1.803926 -0.002317 -0.578781 -3.763405 -5.419189 -3.871565 -1.805035 -1.998837 -0.096265 -0.001894 3.521942 -9999.0 -9999.0 -9999.0
-9999.0 -9999.0 -9999.0 -9999.0 -9999.0 -9999.0 -9999.0 -9999.0 -2.913530 -2.962896 -2.366606 -1.571225 -1.245504 -2.016267 -0.777096 -0.001848 1.417208 2.049355 5.180902 6.028825 7.086322 5.978640 5.108172 4.256002 2.913335 2.726139 0.526391 -1.020817 -3.954115 -1.583996 -2.117361 -1.569100 -1.955692 -1.420205 -1.531271 -0.259064 -0.028300 -0.117817 -1.969715 -1.347081 -1.611191 -5.162744 -1.281732 -0.926193 -0.380291 -2.537670 -3.651089 -1.322415 -0.285837 1.221267 1.411008 -0.088964 -3.972361 -2.187024 -1.348440 -1.980997 -0.765104 -0.018931 2.161606 4.557577 5.914916 -9999.0 -9999.0
-9999.0 -9999.0 -9999.0 -9999.0 -9999.0 -9999.0 -9999.0 -9999.0 -1.469550 -0.873247 -0.808612 -3.175652 -1.499358 -2.722719 -1.258833 -0.638942 -0.003388 1.797411 5.069998 7.023908 6.498067 6.836847 6.521503 4.851507 4.466420 2.742639 -0.001652 -1.084514 -4.833249 -1.691668 -1.161789 -0.909613 -1.545352 -1.167191 -0.254417 -0.059425 -0.360958 1.290545 -0.071402 -2.425828 -1.459726 -0.972368 -1.394165 -0.943122 -2.441929 -1.453157 -1.859905 -1.565680 -1.786208 -0.001413 2.213102 -0.002108 -2.773122 -3.774047 -1.290676 -0.602362 0.672162 2.021668 4.223923 4.833212 5.179776 -9999.0 -9999.0
-9999.0 -9999.0 -9999.0 -9999.0 -9999.0 -9999.0 -9999.0 -9999.0 -2.820362 -1.211533 -0.870175 -4.340761 -1.195639 -1.100295 -0.352189 -0.001898 3.653390 4.862377 4.546015 5.351371 5.880429 6.246653 6.592775 6.113974 3.199234 0.650915 -0.001949 -1.828851 -0.146651 -2.306395 -1.336201 -1.901217 -0.026571 -0.594988 -0.226890 -0.049895 1.841734 3.562521 0.336310 -0.061118 -0.149291 -0.278025 -0.496920 -0.219092 -1.070526 -0.941187 -1.227340 -1.456947 -1.041109 -1.080301 -0.001713 1.825470 -0.001933 -1.186213 -0.000605 1.236267 2.819440 4.087371 5.101758 4.949361 4.045109 2.158220 -9999.0
-9999.0 -9999.0 -9999.0 -9999.0 -9999.0 -9999.0 -9999.0 -9999.0 -2.918398 -1.446308 -2.136113 -1.420970 -1.651886 -0.196038 -0.000420 1.679685 2.991885 2.080786 0.380817 2.444306 4.368167 5.593516 5.878229 5.595215 3.664125 -0.003108 -0.940291 -0.005613 -0.001135 -0.226355 -0.369262 -0.000904 1.634423 0.586815 -0.002216 0.554112 2.023662 5.594819 5.079090 1.521560 -0.002016 -0.017338 -0.073636 -0.014759 -1.249703 -0.137638 -0.453808 -1.236983 -0.262897 -0.002404 1.010958 1.261421 1.585415 1.354992 1.787778 2.055990 2.933684 3.733013 4.345803 4.066300 3.678024 1.582136 -9999.0
-9999.0 -9999.0 -1.549411 -1.276614 -3.352791 -1.266865 -2.779766 -2.090967 -1.757604 -1.564669 -2.360080 -0.354769 -0.141241 -0.067345 2.104990 1.166891 -0.001508 -1.077412 -0.556316 -0.002017 2.319638 4.992336 4.511519 5.831520 3.663710 1.604073 -0.003081 -0.002681 1.699057 1.803209 -0.001988 0.045672 3.774854 2.793751 3.121158 4.148056 5.574113 7.894416 6.878100 4.157250 3.245033 3.173772 3.228756 1.859397 -0.001556 -0.002344 1.046218 1.065183 1.863768 2.781858 3.508188 3.223448 2.643166 2.188929 2.094755 4.258649 2.727810 3.122351 2.781369 2.882642 2.617558 0.836441 -9999.0
-9999.0 -1.334405 -2.681132 -2.218895 -1.139429 -1.377751 -2.055112 -2.562399 -3.539670 -1.898482 -1.749249 -0.712931 -0.000820 -0.002932 1.072673 -0.249838 -1.074632 -1.601776 -1.002667 -0.002049 2.085966 3.806790 4.352909 4.192343 5.420361 3.387669 3.311333 3.547516 3.478434 2.373120 2.236569 2.281949 3.729231 5.964821 6.491863 7.489871 9.744505 10.888588 9.182309 7.386284 7.137572 6.816592 5.757334 4.363920 3.081989 3.363950 3.575796 5.522785 5.422486 5.530173 4.006607 3.241245 2.500126 1.758587 1.682131 1.236835 0.537197 0.878420 0.971361 1.244840 0.106483 0.632413 -9999.0
-9999.0 -0.103981 -1.022188 -0.254028 -0.006683 -0.507539 -2.365421 -3.062818 -1.784502 -1.878802 -2.245432 -1.093584 -0.001804 1.178812 -0.201522 -3.108896 -2.391669 -1.908830 -0.437610 -0.003987 1.762351 1.506012 2.431749 2.203909 4.771791 5.681014 5.160163 5.464978 4.773651 6.029879 6.241729 5.985249 5.451636 6.339845 8.419225 9.602536 12.974533 14.267614 12.231847 11.472854 10.573545 9.416171 8.830873 7.704145 7.657628 7.509430 6.596845 6.113736 5.512789 4.804707 3.198805 1.565981 0.642535 1.261850 0.487825 -0.002213 -0.264533 -0.002555 -0.001748 -0.002962 -0.001707 -9999.0 -9999.0
