erum2020/resources/simulation/Vinschgau/output-maps/TsL0007N0789.asc
ncols         63
nrows         48
xllcorner     598000.000000
yllcorner     5145000.000000
cellsize      1000.000000
NODATA_value  -9999.0
[rows 0 to 27 of 48, columns 0 to 62 of 63]
-9999.0 -9999.0 -9999.0 -9999.0 -9999.0 -9999.0 -9999.0 -9999.0 -9999.0 -9999.0 -9999.0 -9999.0 -9999.0 -9999.0 -9999.0 -9999.0 -9999.0 -9999.0 -9999.0 -9999.0 -9999.0 -9999.0 -9999.0 -9999.0 -9999.0 -9999.0 -9999.0 -9999.0 -9999.0 -9999.0 -9999.0 -9999.0 -9999.0 -9999.0 -9999.0 -9999.0 -9999.0 -9999.0 -9999.0 -9999.0 -9999.0 -9999.0 -9999.0 -9999.0 -9999.0 -9999.0 -9999.0 -9999.0 -9999.0 -9999.0 -9999.0 -9999.0 -9999.0 -9999.0 -9999.0 -9999.0 -9999.0 -9999.0 -9999.0 -9999.0 -9999.0 -9999.0 -9999.0
-9999.0 -9999.0 -9999.0 -9999.0 -9999.0 -9999.0 -9999.0 -9999.0 -9999.0 -9999.0 -9999.0 -9999.0 -9999.0 -9999.0 -9999.0 -9999.0 -9999.0 -9999.0 -9999.0 -9999.0 -9999.0 -9999.0 -9999.0 -9999.0 -9999.0 -9999.0 -9999.0 -3.221165 -1.288004 -3.661176 -2.694907 -3.540901 -3.891501 -9999.0 -9999.0 -9999.0 -9999.0 -9999.0 -9999.0 -9999.0 -9999.0 -9999.0 -9999.0 -9999.0 -9999.0 -9999.0 -9999.0 -9999.0 -9999.0 -9999.0 -9999.0 -9999.0 -9999.0 -9999.0 -9999.0 -9999.0 -9999.0 -9999.0 -9999.0 -9999.0 -9999.0 -9999.0 -9999.0
-9999.0 -9999.0 -9999.0 -9999.0 -9999.0 -9999.0 -9999.0 -9999.0 -9999.0 -9999.0 -9999.0 -9999.0 -9999.0 -9999.0 -9999.0 -9999.0 -9999.0 -9999.0 -9999.0 -9999.0 -9999.0 -9999.0 -9999.0 -9999.0 -0.000671 -0.000338 0.000900 -0.000386 -0.613311 -1.622253 -1.653271 -9999.0 -9999.0 -9999.0 -9999.0 -9999.0 -9999.0 -9999.0 -9999.0 -9999.0 -9999.0 -9999.0 -9999.0 -9999.0 -9999.0 -9999.0 -9999.0 -9999.0 -9999.0 -9999.0 -9999.0 -9999.0 -9999.0 -9999.0 -9999.0 -9999.0 -9999.0 -9999.0 -9999.0 -9999.0 -9999.0 -9999.0 -9999.0
-9999.0 -9999.0 -9999.0 -9999.0 -9999.0 -9999.0 -9999.0 -9999.0 -9999.0 -9999.0 -9999.0 -9999.0 -9999.0 -9999.0 -9999.0 -9999.0 -9999.0 -9999.0 -9999.0 -9999.0 -9999.0 -9999.0 -9999.0 -0.000349 0.012480 0.556094 0.789716 0.967925 0.009589 -0.002678 -1.612949 -2.065368 -9999.0 -9999.0 -9999.0 -9999.0 -9999.0 -9999.0 -9999.0 -9999.0 -9999.0 -9999.0 -9999.0 -9999.0 -9999.0 -9999.0 -9999.0 -9999.0 -9999.0 -9999.0 -9999.0 -9999.0 -9999.0 -9999.0 -9999.0 -9999.0 -9999.0 -9999.0 -9999.0 -9999.0 -9999.0 -9999.0 -9999.0
-9999.0 -9999.0 -9999.0 -9999.0 -9999.0 -9999.0 -9999.0 -9999.0 -9999.0 -9999.0 -9999.0 -9999.0 -9999.0 -9999.0 -9999.0 -9999.0 -9999.0 -9999.0 0.558810 0.006776 -9999.0 -0.000282 0.008893 0.134184 0.414809 1.346629 0.300643 0.257934 0.471199 0.048041 -0.007249 -1.493983 -4.593734 -6.550674 -9999.0 -9999.0 -9999.0 -9999.0 -9999.0 -9999.0 -9999.0 -9999.0 -9999.0 -9999.0 -9999.0 -9999.0 -9999.0 -9999.0 -9999.0 -9999.0 -9999.0 -9999.0 -9999.0 -9999.0 -9999.0 -9999.0 -9999.0 -9999.0 -9999.0 -9999.0 -9999.0 -9999.0 -9999.0
-9999.0 -9999.0 -9999.0 -9999.0 -9999.0 -9999.0 -9999.0 -9999.0 -9999.0 -9999.0 -9999.0 -9999.0 -9999.0 -9999.0 -9999.0 -9999.0 -9999.0 4.169295 2.132366 1.371102 -0.811518 0.047824 0.044198 0.020489 0.576689 0.017044 0.005136 0.002307 0.002817 0.057037 -0.000430 -1.701132 -2.836735 -3.717586 -5.632071 -6.949449 -9999.0 -9999.0 -9999.0 -9999.0 -9999.0 -9999.0 -9999.0 -9999.0 -9999.0 -9999.0 -9999.0 -9999.0 -9999.0 -9999.0 -9999.0 -9999.0 -9999.0 -9999.0 -9999.0 -9999.0 -9999.0 -9999.0 -9999.0 -9999.0 -9999.0 -9999.0 -9999.0
-9999.0 -9999.0 -9999.0 -9999.0 -9999.0 -9999.0 -9999.0 -9999.0 -9999.0 -9999.0 -9999.0 -9999.0 -9999.0 0.005118 0.090460 1.898011 3.696696 4.412268 3.748748 0.485118 0.349646 0.178069 0.508977 0.446460 0.013329 0.000936 -0.829520 -0.642599 0.003700 0.016048 -0.000024 -0.004266 -2.192251 -3.943809 -5.127564 -7.001119 -9999.0 -9999.0 -9999.0 -9999.0 -9999.0 -9999.0 -9999.0 -9999.0 -9999.0 -9999.0 -9999.0 -9999.0 -9999.0 -9999.0 -9999.0 -9999.0 -9999.0 -9999.0 -9999.0 -9999.0 -9999.0 -9999.0 -9999.0 -9999.0 -9999.0 -9999.0 -9999.0
-9999.0 -9999.0 -9999.0 -9999.0 -9999.0 -9999.0 -9999.0 -9999.0 -9999.0 -9999.0 -9999.0 -9999.0 -9999.0 0.051263 1.376988 2.589536 2.891485 3.518281 4.480024 1.939680 2.394234 1.067868 0.958682 0.025312 0.019272 0.000538 -1.292978 -3.535671 -4.383606 -0.677152 -1.515125 -1.702180 -4.976993 -8.696432 -6.766088 -9999.0 -9999.0 -9999.0 -9999.0 -9999.0 -9999.0 -9999.0 -9999.0 -9999.0 -9999.0 -9999.0 -9999.0 -9999.0 -9999.0 -9999.0 -9999.0 -9999.0 -9999.0 -9999.0 -9999.0 -9999.0 -9999.0 -9999.0 -9999.0 -9999.0 -9999.0 -9999.0 -9999.0
-9999.0 -9999.0 -9999.0 -9999.0 -9999.0 -9999.0 -9999.0 -9999.0 -9999.0 -9999.0 -9999.0 -9999.0 -9999.0 0.996655 1.159013 2.201902 2.189908 3.127666 4.736873 3.549728 1.419351 0.057205 0.004009 0.005593 0.048202 0.008307 -1.275148 -4.744903 -1.842184 -7.712331 -3.255873 -8.818201 -9.306254 -8.097392 -7.663207 -9999.0 -9999.0 -9999.0 -9999.0 -9999.0 -9999.0 -9999.0 -9999.0 -9999.0 -9999.0 -9999.0 -9999.0 -9999.0 -9999.0 -9999.0 -9999.0 -9999.0 -9999.0 -9999.0 -9999.0 -9999.0 -9999.0 -9999.0 -9999.0 -9999.0 -9999.0 -9999.0 -9999.0
-9999.0 -9999.0 -9999.0 -9999.0 -9999.0 -9999.0 -9999.0 -9999.0 -9999.0 -9999.0 -9999.0 -9999.0 0.052830 0.568150 1.567078 0.103476 0.574651 2.441073 4.130408 2.461051 0.305149 0.016610 -0.035480 0.007445 0.004936 -1.307822 -0.913861 -1.703472 -1.890461 -5.350571 -7.997446 -5.151041 -5.138206 -7.594506 -9999.0 -9999.0 -9999.0 -9999.0 -9999.0 -9999.0 -9999.0 -9999.0 -9999.0 -9999.0 -9999.0 -9999.0 -9999.0 -9999.0 -9999.0 -9999.0 -9999.0 -9999.0 -9999.0 -9999.0 -9999.0 -9999.0 -9999.0 -9999.0 -9999.0 -9999.0 -9999.0 -9999.0 -9999.0
-9999.0 -9999.0 -9999.0 -9999.0 -9999.0 -9999.0 -9999.0 -9999.0 -9999.0 -9999.0 -9999.0 0.000563 0.530210 0.957098 0.755480 0.069635 1.154775 2.359542 4.279923 1.868140 0.854440 0.192352 -0.001215 -1.132235 -0.988728 -1.053682 -4.514412 -1.344792 -1.712523 -6.640557 -5.318503 -1.863200 -5.034423 -6.106061 -5.608666 -4.807960 -1.903526 -1.371030 -1.297533 -9999.0 -9999.0 -9999.0 -6.187405 -9999.0 -9999.0 -9999.0 -9999.0 -9999.0 -9999.0 -9999.0 -9999.0 -9999.0 -9999.0 -9999.0 -9999.0 -9999.0 -9999.0 -9999.0 -9999.0 -9999.0 -9999.0 -9999.0 -9999.0
-9999.0 -9999.0 -9999.0 -9999.0 -9999.0 -9999.0 -9999.0 -9999.0 -9999.0 -9999.0 -9999.0 -0.000287 0.859736 1.340159 1.954016 0.000848 3.101397 2.949644 4.416748 2.990371 1.482797 0.026630 -0.000266 -0.003393 -1.672042 -1.330265 -1.460208 -1.792074 -3.400182 -6.183298 -1.378142 -1.499387 -1.861969 -4.354500 -4.467100 -1.863280 -0.932967 -0.787831 -1.256056 -5.437519 -5.415566 -6.078162 -2.019862 -4.657795 -9999.0 -9999.0 -9999.0 -2.895118 -5.111282 -5.485366 -3.885179 -6.345132 -6.678880 -2.732218 -2.621652 -7.191942 -9999.0 -9999.0 -9999.0 -9999.0 -9999.0 -9999.0 -9999.0
-9999.0 -9999.0 -9999.0 -9999.0 -9999.0 -9999.0 -9999.0 -9999.0 -9999.0 -9999.0 -9999.0 -0.001090 0.000305 0.000291 0.116895 0.030311 0.057294 2.272971 3.128863 3.222579 1.384344 0.010926 -0.000731 -0.001008 -1.344326 -2.698742 -0.001149 -1.461242 -3.829583 -4.130180 -4.300141 -2.937008 -1.179712 -3.160345 -4.802724 -1.786420 -1.433153 -1.086249 -0.017073 -3.294528 -1.233324 -2.711030 -1.845945 -1.313692 -3.129479 -9999.0 -7.510742 -4.119624 -1.474907 -1.210925 -1.036725 -3.137194 -1.320570 -1.511365 -3.724755 -3.399055 -9999.0 -9999.0 -9999.0 -9999.0 -9999.0 -9999.0 -9999.0
-9999.0 -9999.0 -9999.0 -9999.0 -9999.0 -9999.0 -9999.0 -9999.0 -9999.0 -9999.0 -9999.0 -9999.0 -0.000250 -0.001410 0.039060 0.038930 0.007669 1.625960 3.507965 3.200329 1.007664 0.005189 -0.544090 -0.001176 -0.008083 -0.001179 0.009617 -1.143593 -1.765728 -4.606226 -1.445242 -1.646214 -1.037130 -1.961564 -3.371974 -1.286254 -0.625652 0.016141 0.643602 -0.984204 -0.092729 -1.211607 -1.517250 -0.000278 -4.112575 -3.405177 -5.759453 -3.399540 -2.948123 -1.017846 0.056271 -1.544616 -0.005099 -0.012705 -2.330192 -2.651231 -1.844242 -9999.0 -9999.0 -9999.0 -9999.0 -9999.0 -9999.0
-9999.0 -9999.0 -9999.0 -9999.0 -9999.0 -9999.0 -9999.0 -9999.0 -9999.0 -9999.0 -9999.0 -0.001214 -0.000738 -0.002543 -0.001021 0.000894 0.023804 0.898190 2.927555 3.134979 1.221495 0.004987 0.000875 -0.767255 -0.001203 -0.002185 -0.001191 -1.681111 -1.759746 -2.588238 -0.001814 -0.016390 -1.283024 -1.715347 -4.843087 -2.236808 -1.349357 -0.396314 0.317335 0.044329 -0.402995 0.030177 -0.002267 -0.464984 0.007928 -1.606142 -2.239539 -2.801690 -1.382375 0.006147 -3.484963 -1.630162 -3.963291 -6.118143 -7.246059 -6.349409 -5.299167 -9999.0 -9999.0 -9999.0 -9999.0 -9999.0 -9999.0
-9999.0 -9999.0 -9999.0 -9999.0 -9999.0 -9999.0 -9999.0 -9999.0 -9999.0 -9999.0 0.013371 -0.001048 0.001195 0.000809 0.027509 0.018649 0.007801 0.012338 2.457242 2.811807 1.727988 0.545872 -0.000284 0.027333 0.022229 -0.000613 -1.020476 -4.398823 -1.067494 -0.001696 -0.001506 -0.001328 -0.701466 -2.332637 -7.175531 -4.291740 -1.004635 -1.142346 -0.016568 0.014982 0.010118 0.270012 1.231736 0.332310 0.002825 -1.892747 -1.171239 -1.403860 -0.001679 0.005925 -4.469344 -5.829766 -7.844303 -7.793968 -8.895719 -2.776227 -3.973484 -9999.0 -9999.0 -9999.0 -9999.0 -9999.0 -9999.0
-9999.0 -9999.0 -9999.0 -9999.0 -9999.0 -9999.0 -9999.0 -9999.0 -9999.0 -1.264128 -0.004125 -0.003307 -0.001171 0.002256 -0.001954 -0.000946 0.004072 0.126599 2.100514 3.273769 2.079746 0.033153 0.013366 0.061332 0.073454 -1.456284 -0.022434 -0.001109 0.001987 0.008417 0.009448 -1.770058 -4.062467 -7.590285 -5.876441 -4.404112 -1.659065 -1.765058 -0.346704 -0.001943 -0.005049 0.001553 -0.000089 0.872334 0.265535 0.009909 0.030565 -0.040898 -0.007390 0.139797 -2.745166 -5.313068 -8.411039 -8.142996 -6.465688 -5.120000 -2.066413 -4.270821 -5.844972 -9999.0 -9999.0 -9999.0 -9999.0
-9999.0 -9999.0 -9999.0 -9999.0 -9999.0 -9999.0 -9999.0 -9999.0 -9999.0 -3.821516 -3.146479 -0.220929 0.152255 0.014591 0.010692 0.002829 0.032494 0.049661 2.631241 3.214136 2.826274 1.651505 0.698896 0.045677 -0.933355 -0.001436 0.007382 0.026302 0.015914 0.046675 0.003255 -2.180792 -1.476469 -2.921726 -1.985101 -3.718948 -3.166410 -1.427628 -1.372776 -0.660645 -0.002306 -1.009865 0.006352 0.019139 1.602368 0.983018 0.603442 0.013885 0.004453 0.012070 -2.991868 -5.382739 -7.736242 -6.610402 -5.975415 -2.607408 -3.778177 -1.737780 -2.526191 -9999.0 -9999.0 -9999.0 -9999.0
-9999.0 -9999.0 -9999.0 -9999.0 -9999.0 -9999.0 -9999.0 -9999.0 -9999.0 -9999.0 -1.504406 -0.890016 -0.000859 0.052368 0.020234 0.014404 0.022694 0.529521 3.315220 3.429242 2.622302 1.206244 0.013229 0.000534 -0.000958 0.022458 0.009787 0.051915 0.004424 -0.748297 -2.027050 -0.005176 -3.471697 -2.800678 -1.762723 -1.288882 0.005680 0.001711 -3.082923 -1.414861 -1.599056 -0.000253 0.018695 0.001707 0.001797 0.014425 0.325066 1.152266 1.357914 0.009280 -1.978736 -3.000885 -6.503211 -7.553664 -6.343290 -4.499955 -1.760051 -0.000890 -0.894537 0.026974 -9999.0 -9999.0 -9999.0
-9999.0 -9999.0 -9999.0 -9999.0 -9999.0 -9999.0 -9999.0 -9999.0 -9999.0 -9999.0 -2.167198 -1.151391 -0.000283 -0.001051 0.727509 0.022144 0.020156 1.507181 3.862992 4.051899 2.572015 0.219113 0.014244 0.010906 0.019258 0.073390 0.717039 0.000987 -1.101886 -2.727420 -1.429317 -1.208509 -4.580731 -3.446446 -1.390702 -0.001850 -0.000483 -0.001237 -1.150780 -1.761883 -1.282215 -1.235495 -1.370508 -0.281116 0.002339 -0.317543 0.006199 0.000257 1.490621 1.096541 -0.000527 -1.310356 -2.968239 -6.143436 -8.107781 -7.200678 -3.862180 -0.476303 0.694975 1.070211 -9999.0 -9999.0 -9999.0
-9999.0 -9999.0 -9999.0 -9999.0 -9999.0 -9999.0 -9999.0 -9999.0 -0.001136 -1.461646 -2.403097 -0.775942 -1.240162 -1.231792 -0.808476 1.131689 1.641556 2.508635 4.189865 4.544510 4.393309 2.599676 1.621911 0.031075 0.053283 1.387198 0.364765 -0.002567 -0.907857 -3.756439 -7.594048 -1.720630 -1.371547 -2.459430 -2.511257 -1.299289 0.002558 -0.000941 -2.609456 -4.042859 -3.045608 -0.072534 -3.541442 -3.961020 -1.152697 -0.000185 -2.415289 -0.000442 -0.000323 1.769277 0.002654 -1.929754 -1.454749 -6.124521 -6.742011 -2.611578 -3.815170 0.021826 0.007612 2.498646 -9999.0 -9999.0 -9999.0
-9999.0 -9999.0 -9999.0 -9999.0 -9999.0 -9999.0 -9999.0 -9999.0 -2.346210 -1.598703 -2.294026 -1.823183 -1.265967 -0.001686 -0.002328 0.009042 0.678460 1.210679 4.183328 4.999036 5.249091 4.428442 2.839709 1.406204 2.009441 2.116285 0.227122 -0.000798 -3.662085 -1.686070 -2.638783 -3.345905 -2.090886 -3.249999 -1.092564 -0.000629 0.007177 0.001600 -0.267567 -0.839021 -1.444040 -5.725877 -3.478494 -0.466009 -0.000507 -0.001599 -3.848284 -1.059228 0.001723 0.849717 0.961391 0.000179 -3.575952 -2.456469 -1.293263 -1.753253 -0.286804 0.002210 1.588091 4.450764 5.339280 -9999.0 -9999.0
-9999.0 -9999.0 -9999.0 -9999.0 -9999.0 -9999.0 -9999.0 -9999.0 -1.394853 -1.023594 -1.009492 -3.169207 -1.593459 -2.881640 -0.000254 -0.164317 0.014737 0.972891 4.464451 5.360446 5.439244 5.271332 4.317804 3.692504 3.130268 1.838967 0.024803 -0.002493 -4.062051 -1.367406 -2.543122 -0.003099 -1.036811 -0.897797 -0.000856 0.009862 -0.735747 1.156930 -0.001043 -0.435619 -1.045365 -2.608920 -0.001978 -0.006365 -0.004250 -0.002523 -3.894128 -0.005755 -0.002560 0.007464 1.942095 0.004192 -2.524243 -3.431487 -0.005909 -0.000763 0.031778 1.496977 3.512799 4.164834 4.981597 -9999.0 -9999.0
-9999.0 -9999.0 -9999.0 -9999.0 -9999.0 -9999.0 -9999.0 -9999.0 -5.456731 -0.935898 -0.003811 -4.031188 -1.757905 -0.004985 -0.369770 0.011750 2.641907 4.108336 3.387939 5.058018 4.846659 5.347684 5.327123 4.900982 2.677693 0.314982 0.007903 -2.005742 0.002697 -0.421082 -0.528841 -0.269136 -0.040022 0.005152 -0.196471 0.009367 0.111990 2.547913 0.020281 0.001087 -0.002196 -0.001494 -0.002796 -1.162449 -0.001564 -2.188085 -1.044865 -1.291357 -1.272183 -0.453464 0.002835 1.530405 0.009453 0.065088 0.071108 0.629311 2.005230 3.325373 4.519323 4.762722 3.569484 1.780311 -9999.0
-9999.0 -9999.0 -9999.0 -9999.0 -9999.0 -9999.0 -9999.0 -9999.0 -2.309174 -0.004649 -0.003299 -1.616859 -2.136682 -0.571464 0.103874 1.220920 2.020147 1.404351 0.036977 1.575085 3.895619 4.881495 5.051262 4.769447 2.035346 0.028005 -0.003089 0.019659 0.040157 0.010718 0.000947 0.012898 0.545776 0.044050 0.021642 0.061311 1.217613 4.257928 3.579108 0.918816 0.026165 0.017492 0.015048 0.013531 -0.392780 0.007252 0.003250 -0.542041 0.006833 0.005654 0.451184 0.984617 1.300956 0.837986 1.497728 2.202654 3.002650 3.671213 3.920932 3.343908 2.725242 1.113679 -9999.0
-9999.0 -9999.0 -1.282225 -0.000985 -1.674728 -0.001232 -1.576608 -1.333257 -1.635451 -1.261002 -0.002384 -0.001075 -0.491831 0.041533 0.771458 1.177738 -0.000173 -0.002037 0.001973 0.018964 1.506567 4.014603 4.178755 5.640877 3.090367 0.956724 0.024652 0.025931 1.208373 0.261072 0.016747 0.024512 1.998661 1.768660 2.368380 3.098813 4.563946 6.285258 5.201313 2.968091 2.362645 2.363994 2.404332 1.184824 0.010747 0.023668 0.359187 0.681993 1.196291 2.224013 2.933737 3.371162 2.697486 2.293290 2.215991 3.051503 2.422172 2.701781 1.957761 2.184153 0.949690 0.426094 -9999.0
-9999.0 0.001815 -0.001217 -0.001135 -0.001424 -1.403442 -1.570375 -1.454170 -1.946477 -2.158812 -0.947649 -0.003632 0.151232 0.563748 0.604413 -0.042002 -0.000777 -0.001939 0.011227 0.017562 1.377165 2.636202 2.869271 3.483054 3.740581 2.656485 2.047872 2.253139 2.662609 1.853935 1.609110 1.371653 2.170308 3.821812 4.998905 6.363707 7.631209 9.192505 7.819273 6.507273 5.585663 5.331600 4.550157 3.060204 2.036256 2.541536 3.298604 4.164892 4.292130 4.215314 3.855582 3.171054 2.174123 1.573999 1.529559 0.926917 0.414515 0.721480 0.409233 0.098066 0.013613 0.229816 -9999.0
-9999.0 -0.000254 -0.001256 -0.001029 0.257476 -0.002090 -2.279099 -1.662861 -1.741025 -2.766147 -0.809096 -0.003224 0.011678 0.632675 -0.000428 -2.394005 -1.954913 -0.004390 -0.000966 -0.003025 0.131087 1.012733 1.581107 1.169041 3.290237 4.341812 4.965307 4.967122 4.462510 4.749848 5.657090 5.113776 3.967286 5.107754 6.649075 8.203290 10.409475 11.685894 10.210663 9.487449 8.677055 7.807974 6.521943 6.936839 7.336772 6.692723 5.917644 5.624581 5.087877 4.500385 2.714257 1.173358 0.489667 0.816343 0.370205 0.001549 -0.002301 0.002493 -0.000408 0.002106 0.002552 -9999.0 -9999.0
