erum2020/resources/simulation/Vinschgau/output-maps/TsL0004N0025.asc
ncols         63
nrows         48
xllcorner     598000.000000
yllcorner     5145000.000000
cellsize      1000.000000
NODATA_value  -9999.0
[rows 0 to 27 of 48, columns 0 to 62 of 63]
-9999.0 -9999.0 -9999.0 -9999.0 -9999.0 -9999.0 -9999.0 -9999.0 -9999.0 -9999.0 -9999.0 -9999.0 -9999.0 -9999.0 -9999.0 -9999.0 -9999.0 -9999.0 -9999.0 -9999.0 -9999.0 -9999.0 -9999.0 -9999.0 -9999.0 -9999.0 -9999.0 -9999.0 -9999.0 -9999.0 -9999.0 -9999.0 -9999.0 -9999.0 -9999.0 -9999.0 -9999.0 -9999.0 -9999.0 -9999.0 -9999.0 -9999.0 -9999.0 -9999.0 -9999.0 -9999.0 -9999.0 -9999.0 -9999.0 -9999.0 -9999.0 -9999.0 -9999.0 -9999.0 -9999.0 -9999.0 -9999.0 -9999.0 -9999.0 -9999.0 -9999.0 -9999.0 -9999.0
-9999.0 -9999.0 -9999.0 -9999.0 -9999.0 -9999.0 -9999.0 -9999.0 -9999.0 -9999.0 -9999.0 -9999.0 -9999.0 -9999.0 -9999.0 -9999.0 -9999.0 -9999.0 -9999.0 -9999.0 -9999.0 -9999.0 -9999.0 -9999.0 -9999.0 -9999.0 -9999.0 -0.038608 -0.020804 -0.478267 -1.347264 -1.731346 -1.961773 -9999.0 -9999.0 -9999.0 -9999.0 -9999.0 -9999.0 -9999.0 -9999.0 -9999.0 -9999.0 -9999.0 -9999.0 -9999.0 -9999.0 -9999.0 -9999.0 -9999.0 -9999.0 -9999.0 -9999.0 -9999.0 -9999.0 -9999.0 -9999.0 -9999.0 -9999.0 -9999.0 -9999.0 -9999.0 -9999.0
-9999.0 -9999.0 -9999.0 -9999.0 -9999.0 -9999.0 -9999.0 -9999.0 -9999.0 -9999.0 -9999.0 -9999.0 -9999.0 -9999.0 -9999.0 -9999.0 -9999.0 -9999.0 -9999.0 -9999.0 -9999.0 -9999.0 -9999.0 -9999.0 -0.013715 0.061419 0.040171 0.023628 0.029998 -0.013468 -0.781146 -9999.0 -9999.0 -9999.0 -9999.0 -9999.0 -9999.0 -9999.0 -9999.0 -9999.0 -9999.0 -9999.0 -9999.0 -9999.0 -9999.0 -9999.0 -9999.0 -9999.0 -9999.0 -9999.0 -9999.0 -9999.0 -9999.0 -9999.0 -9999.0 -9999.0 -9999.0 -9999.0 -9999.0 -9999.0 -9999.0 -9999.0 -9999.0
-9999.0 -9999.0 -9999.0 -9999.0 -9999.0 -9999.0 -9999.0 -9999.0 -9999.0 -9999.0 -9999.0 -9999.0 -9999.0 -9999.0 -9999.0 -9999.0 -9999.0 -9999.0 -9999.0 -9999.0 -9999.0 -9999.0 -9999.0 0.039242 0.095614 -0.011926 0.062163 0.057308 0.059200 -0.014335 -0.025462 -0.098678 -9999.0 -9999.0 -9999.0 -9999.0 -9999.0 -9999.0 -9999.0 -9999.0 -9999.0 -9999.0 -9999.0 -9999.0 -9999.0 -9999.0 -9999.0 -9999.0 -9999.0 -9999.0 -9999.0 -9999.0 -9999.0 -9999.0 -9999.0 -9999.0 -9999.0 -9999.0 -9999.0 -9999.0 -9999.0 -9999.0 -9999.0
-9999.0 -9999.0 -9999.0 -9999.0 -9999.0 -9999.0 -9999.0 -9999.0 -9999.0 -9999.0 -9999.0 -9999.0 -9999.0 -9999.0 -9999.0 -9999.0 -9999.0 -9999.0 -0.018897 -1.410122 -9999.0 -0.011375 0.061667 0.028757 -0.012163 0.048594 -0.008334 -0.010434 0.038175 -0.017215 -0.016571 -0.026859 -1.129095 -1.100764 -9999.0 -9999.0 -9999.0 -9999.0 -9999.0 -9999.0 -9999.0 -9999.0 -9999.0 -9999.0 -9999.0 -9999.0 -9999.0 -9999.0 -9999.0 -9999.0 -9999.0 -9999.0 -9999.0 -9999.0 -9999.0 -9999.0 -9999.0 -9999.0 -9999.0 -9999.0 -9999.0 -9999.0 -9999.0
-9999.0 -9999.0 -9999.0 -9999.0 -9999.0 -9999.0 -9999.0 -9999.0 -9999.0 -9999.0 -9999.0 -9999.0 -9999.0 -9999.0 -9999.0 -9999.0 -9999.0 2.177407 -0.007217 -1.245433 -2.759041 -1.209991 -0.944907 -1.075713 0.150077 -0.707259 -0.636990 -0.136593 -0.189445 -0.309201 -0.010352 -0.014896 -2.186392 -1.262626 -0.094739 -1.427422 -9999.0 -9999.0 -9999.0 -9999.0 -9999.0 -9999.0 -9999.0 -9999.0 -9999.0 -9999.0 -9999.0 -9999.0 -9999.0 -9999.0 -9999.0 -9999.0 -9999.0 -9999.0 -9999.0 -9999.0 -9999.0 -9999.0 -9999.0 -9999.0 -9999.0 -9999.0 -9999.0
-9999.0 -9999.0 -9999.0 -9999.0 -9999.0 -9999.0 -9999.0 -9999.0 -9999.0 -9999.0 -9999.0 -9999.0 -9999.0 -0.056108 -1.030963 -0.026840 1.183008 1.147062 1.573262 -0.020723 -0.011705 -0.018345 -0.006871 0.067061 -0.585088 -1.048184 -1.020848 -0.324568 -0.702360 -0.319834 -0.027728 -0.802518 -1.002229 -1.935563 -1.855381 -1.837530 -9999.0 -9999.0 -9999.0 -9999.0 -9999.0 -9999.0 -9999.0 -9999.0 -9999.0 -9999.0 -9999.0 -9999.0 -9999.0 -9999.0 -9999.0 -9999.0 -9999.0 -9999.0 -9999.0 -9999.0 -9999.0 -9999.0 -9999.0 -9999.0 -9999.0 -9999.0 -9999.0
-9999.0 -9999.0 -9999.0 -9999.0 -9999.0 -9999.0 -9999.0 -9999.0 -9999.0 -9999.0 -9999.0 -9999.0 -9999.0 -0.090874 -0.450034 -0.013376 -0.013174 -0.007417 1.417541 0.305904 -0.005801 -0.558906 -0.025890 -0.037587 -0.039200 -0.039696 -0.036158 -1.827249 -1.891403 -1.333835 -0.423494 -1.814958 -2.165759 -2.242019 -2.235366 -9999.0 -9999.0 -9999.0 -9999.0 -9999.0 -9999.0 -9999.0 -9999.0 -9999.0 -9999.0 -9999.0 -9999.0 -9999.0 -9999.0 -9999.0 -9999.0 -9999.0 -9999.0 -9999.0 -9999.0 -9999.0 -9999.0 -9999.0 -9999.0 -9999.0 -9999.0 -9999.0 -9999.0
-9999.0 -9999.0 -9999.0 -9999.0 -9999.0 -9999.0 -9999.0 -9999.0 -9999.0 -9999.0 -9999.0 -9999.0 -9999.0 -0.498349 -0.005369 -0.011187 -0.018782 -0.013857 1.157011 0.072063 -0.173851 -2.883621 -1.769738 -0.744199 0.001138 -0.021013 -0.489550 -1.833897 -0.020877 -2.034507 -1.910143 -2.107476 -2.038969 -2.175875 -2.195046 -9999.0 -9999.0 -9999.0 -9999.0 -9999.0 -9999.0 -9999.0 -9999.0 -9999.0 -9999.0 -9999.0 -9999.0 -9999.0 -9999.0 -9999.0 -9999.0 -9999.0 -9999.0 -9999.0 -9999.0 -9999.0 -9999.0 -9999.0 -9999.0 -9999.0 -9999.0 -9999.0 -9999.0
-9999.0 -9999.0 -9999.0 -9999.0 -9999.0 -9999.0 -9999.0 -9999.0 -9999.0 -9999.0 -9999.0 -9999.0 -1.241902 -0.012893 -0.040529 -1.204268 -0.043452 -0.014429 0.858625 2.035892 -0.035256 -0.820905 -1.756663 -0.103691 -0.058144 -1.836054 -0.292692 -0.078982 -0.012554 -1.961395 -1.907905 -0.671235 -0.056160 -0.896005 -9999.0 -9999.0 -9999.0 -9999.0 -9999.0 -9999.0 -9999.0 -9999.0 -9999.0 -9999.0 -9999.0 -9999.0 -9999.0 -9999.0 -9999.0 -9999.0 -9999.0 -9999.0 -9999.0 -9999.0 -9999.0 -9999.0 -9999.0 -9999.0 -9999.0 -9999.0 -9999.0 -9999.0 -9999.0
-9999.0 -9999.0 -9999.0 -9999.0 -9999.0 -9999.0 -9999.0 -9999.0 -9999.0 -9999.0 -9999.0 -0.043660 -1.144260 -0.016886 -0.667212 -1.128249 -3.846796 -0.020146 0.737404 2.396759 -0.015376 -0.052928 -0.051251 -1.883503 -0.720130 -0.857635 -1.950355 -0.025753 -0.112368 -2.075214 -0.059865 -0.020107 -0.826681 -0.663910 -1.089224 -1.599462 -1.207129 -1.980186 -3.661656 -9999.0 -9999.0 -9999.0 -0.142113 -9999.0 -9999.0 -9999.0 -9999.0 -9999.0 -9999.0 -9999.0 -9999.0 -9999.0 -9999.0 -9999.0 -9999.0 -9999.0 -9999.0 -9999.0 -9999.0 -9999.0 -9999.0 -9999.0 -9999.0
-9999.0 -9999.0 -9999.0 -9999.0 -9999.0 -9999.0 -9999.0 -9999.0 -9999.0 -9999.0 -9999.0 -0.431946 -0.726110 -1.159703 -0.771842 -1.759254 -0.793319 -0.008403 0.915711 0.706498 0.174540 -1.052826 -0.040586 -0.077352 -0.610899 -0.825138 -0.025724 0.029779 -0.456564 -1.276477 -0.014039 -0.331126 -0.981399 -0.104715 -0.251903 -1.142323 -2.999845 -3.419667 -3.968807 -2.243936 -2.741937 -1.393840 -1.130794 -0.160935 -9999.0 -9999.0 -9999.0 -0.020282 -0.025920 -0.023730 -0.012596 -0.025136 -0.030714 -0.012081 -0.011635 -0.057783 -9999.0 -9999.0 -9999.0 -9999.0 -9999.0 -9999.0 -9999.0
-9999.0 -9999.0 -9999.0 -9999.0 -9999.0 -9999.0 -9999.0 -9999.0 -9999.0 -9999.0 -9999.0 -0.704900 -0.636450 -2.589332 -0.849352 -1.660176 -1.478022 -0.020036 0.771395 1.036200 -0.011445 -1.406284 -1.921995 -0.018507 -1.413353 -1.383032 -1.542235 -1.471013 -1.283867 -0.305505 -1.811050 -2.157406 -0.539769 -0.090670 -1.054484 -2.523371 -0.243734 -0.028991 -0.005871 -3.298935 -3.888785 -2.277224 -1.304405 -0.628840 -0.044705 -9999.0 -1.009898 -0.019597 0.068341 0.169296 0.138266 0.093570 0.208536 0.180326 0.086639 -0.008189 -9999.0 -9999.0 -9999.0 -9999.0 -9999.0 -9999.0 -9999.0
-9999.0 -9999.0 -9999.0 -9999.0 -9999.0 -9999.0 -9999.0 -9999.0 -9999.0 -9999.0 -9999.0 -9999.0 -0.550382 -1.014581 -1.836701 -1.426210 -0.060750 -0.021773 0.986516 1.195289 -0.010834 -0.934747 -0.374496 -1.202400 -0.529904 -1.561659 -0.008662 -1.503688 -0.910059 -0.278723 -0.015107 -1.754735 -0.141399 -0.080727 -2.272763 -2.069312 -3.827868 -0.051019 -0.005347 -4.101637 -2.074565 -3.845479 -2.478068 -0.202439 -0.874709 -0.020822 -0.034177 -0.024697 -0.047446 -0.009953 -0.087060 -0.061547 -0.007116 -0.130460 -0.258657 -0.184511 -0.015687 -9999.0 -9999.0 -9999.0 -9999.0 -9999.0 -9999.0
-9999.0 -9999.0 -9999.0 -9999.0 -9999.0 -9999.0 -9999.0 -9999.0 -9999.0 -9999.0 -9999.0 -2.154623 -1.535839 -1.852935 -1.537027 -1.419697 -1.018803 -0.026582 0.412041 2.114862 -0.006899 -0.013217 -0.113799 -2.643452 -1.328933 -0.932979 -0.230707 -1.697344 -0.011332 -0.838533 -1.581991 -1.247280 -0.023519 -0.109587 -2.389417 -1.250417 -3.104169 -4.271781 -0.039231 -0.005059 -2.434961 -0.009631 -0.006759 -2.140810 0.008836 -0.020962 0.057035 0.065528 0.091504 -2.291267 -1.108512 -0.744312 -0.326663 -1.368067 -1.087593 -1.402850 -0.069651 -9999.0 -9999.0 -9999.0 -9999.0 -9999.0 -9999.0
-9999.0 -9999.0 -9999.0 -9999.0 -9999.0 -9999.0 -9999.0 -9999.0 -9999.0 -9999.0 -0.738708 -1.858760 -2.196760 -1.403957 -1.857309 -0.036404 -1.730235 -0.044903 0.446609 2.376093 0.937116 -0.071818 -1.795220 0.037856 -0.558712 -0.100116 -1.076004 -1.135253 -0.010904 0.081921 -1.053694 -0.566228 -0.954420 -1.651072 -2.178778 -1.779559 -1.620748 -2.478229 -0.037811 -0.009405 0.036270 -0.037395 -2.806937 -0.008078 -1.240257 -1.142277 0.064150 -1.211234 -1.168894 -0.997123 -0.152331 -1.327895 -1.229185 -1.376360 -1.223487 0.031718 -0.007663 -9999.0 -9999.0 -9999.0 -9999.0 -9999.0 -9999.0
-9999.0 -9999.0 -9999.0 -9999.0 -9999.0 -9999.0 -9999.0 -9999.0 -9999.0 -1.429588 -0.651769 -1.065104 -0.028201 -2.185876 -0.180583 -1.763630 -1.376074 -0.751945 1.672364 2.777372 1.538147 -0.022761 -0.042585 -0.010909 -0.041151 -1.030521 -1.866323 0.101860 -0.921610 -1.130412 -0.036282 -2.224399 -1.755385 -2.088661 -0.705497 -1.885130 -0.467646 -1.689586 -1.850119 -0.975362 -0.031287 -1.297012 -2.292821 -0.006977 -0.011550 -1.624161 0.096612 -0.652598 -0.011748 -0.040305 -0.016858 -0.031731 -1.389197 -0.718589 -0.219296 -0.049526 -0.026925 0.052508 -0.018551 -9999.0 -9999.0 -9999.0 -9999.0
-9999.0 -9999.0 -9999.0 -9999.0 -9999.0 -9999.0 -9999.0 -9999.0 -9999.0 -0.741776 -1.404366 -1.512918 0.283528 -0.033092 -0.501071 -1.821220 -1.705009 -0.017818 2.762266 2.346814 2.432810 2.530638 -0.012691 -0.013671 -0.949390 -1.325203 -0.924575 -0.607468 -0.012018 -0.058026 -0.027070 -2.467984 -0.699954 -0.091605 -0.022179 -2.306179 -1.869948 -1.652903 -2.307946 -0.841983 -0.912222 -1.667326 -1.252236 -0.051908 0.065931 0.829204 0.605901 -0.015021 -1.041464 -1.055791 -0.043118 -0.032495 -0.631582 -0.392159 -1.251578 -0.056833 -0.042641 -0.009406 0.150204 -9999.0 -9999.0 -9999.0 -9999.0
-9999.0 -9999.0 -9999.0 -9999.0 -9999.0 -9999.0 -9999.0 -9999.0 -9999.0 -9999.0 -1.152796 -1.556651 -1.839322 -0.014278 -0.018318 -0.019455 -0.039126 0.061064 3.715967 3.083420 1.602512 1.973774 -0.045774 -0.081655 -1.248715 -0.619928 -0.023579 -0.009545 -0.021185 -0.828064 -1.589363 -0.585729 -1.217209 -1.714833 0.041131 0.093330 0.073017 -0.018130 -1.125669 -1.893169 -2.039730 0.059816 0.019864 -1.014342 -3.190867 -1.287533 -0.018868 -0.720602 0.710532 -0.040979 -0.024770 -0.031838 -0.024373 -0.487392 -0.089403 -0.785394 -0.034838 -0.017441 0.044553 0.072124 -9999.0 -9999.0 -9999.0
-9999.0 -9999.0 -9999.0 -9999.0 -9999.0 -9999.0 -9999.0 -9999.0 -9999.0 -9999.0 -1.099980 -1.513350 -0.851643 -0.045709 0.828705 -0.012072 -0.013585 1.523166 4.331209 3.655169 2.986558 -0.005300 -0.030473 -0.036970 -0.424749 -0.024519 0.063831 -0.335535 -0.095349 -1.770009 -1.732744 -0.125821 -1.129807 -1.270039 -1.782216 -1.401143 -1.261973 -1.296649 -0.663084 -1.194972 -0.058604 -0.048612 -0.542158 -1.570138 -0.406770 -1.324388 -0.294377 -0.892927 0.303381 0.350277 -0.827660 -0.022879 -0.024643 -0.030535 -0.060953 -0.020841 -0.552158 -0.012760 0.258824 0.502861 -9999.0 -9999.0 -9999.0
-9999.0 -9999.0 -9999.0 -9999.0 -9999.0 -9999.0 -9999.0 -9999.0 -2.259683 -3.420531 -2.927134 -0.660326 -1.987775 -2.026728 -0.037888 0.658962 1.580051 2.774171 3.693640 4.087606 4.620069 3.924288 3.391901 1.200146 -0.009248 -0.006709 0.068671 -0.183006 -0.085632 -0.196619 -1.786209 -1.551126 -1.173543 -0.224006 -0.060259 -1.980446 -0.013580 -1.288138 -2.015948 -0.044473 -1.095709 -1.097418 -1.703925 -1.698405 0.058681 -0.007658 -1.251822 -0.070937 -0.930524 0.121750 -0.018254 -0.017905 -0.024833 -0.061408 -0.013635 0.217384 0.128024 0.241589 -0.005912 1.588240 -9999.0 -9999.0 -9999.0
-9999.0 -9999.0 -9999.0 -9999.0 -9999.0 -9999.0 -9999.0 -9999.0 -2.344247 -1.408775 -3.218046 -2.320933 -2.022318 -1.738629 -0.048108 -0.020101 -0.006803 1.112812 4.334668 4.356854 5.010076 5.208731 4.667699 3.369183 3.149565 2.074261 -0.042025 -0.040117 -1.138840 -0.028181 -0.033840 -0.438062 -0.028758 -0.039419 -0.011005 0.077677 0.145580 -1.254373 -0.027312 -0.008476 -0.871699 -1.724924 -1.470579 0.049375 0.135050 -0.207767 -1.247458 -1.174037 -0.315056 0.049278 0.233723 -0.010042 -0.025937 0.064100 0.166265 -2.172605 0.041749 0.041147 0.611661 2.326362 2.476894 -9999.0 -9999.0
-9999.0 -9999.0 -9999.0 -9999.0 -9999.0 -9999.0 -9999.0 -9999.0 -1.472598 -0.099226 -1.978612 -2.930352 -1.580166 -2.906476 -0.739236 -0.835559 -0.009213 1.241782 4.325551 3.594335 4.866750 5.023562 5.265481 4.269128 3.898985 2.075066 -0.098603 -0.062407 -1.621198 0.067683 -0.072179 0.115959 -0.019376 -0.021087 0.071802 0.148241 -0.057447 -1.115179 -0.927366 -0.052996 -0.079735 -0.131226 -0.012387 -0.103627 -0.404072 -0.348862 -0.014010 -0.007687 -0.256422 -0.735263 0.520021 0.039595 -0.030874 -0.028586 -0.005984 -0.006760 0.294778 0.621337 2.124825 2.409862 2.352843 -9999.0 -9999.0
-9999.0 -9999.0 -9999.0 -9999.0 -9999.0 -9999.0 -9999.0 -9999.0 -1.889400 -0.016614 -0.564270 -3.399200 -0.823923 -1.152236 -0.054981 -0.007545 3.010319 3.848032 0.340498 4.466123 3.999329 4.414462 4.307472 3.770294 2.221553 -0.027658 -0.328155 -2.551030 0.116892 -1.101871 -0.861288 -0.030807 -1.975087 -1.351980 -0.030814 0.121319 0.155123 -0.754137 -2.625966 -0.026421 -0.008588 0.094769 0.098091 0.085740 -0.007232 0.051225 0.126752 0.111666 0.170333 0.002874 -0.021243 0.467884 0.106186 -0.006963 0.200625 0.388887 0.941359 0.123527 2.309690 2.272292 1.140480 0.064884 -9999.0
-9999.0 -9999.0 -9999.0 -9999.0 -9999.0 -9999.0 -9999.0 -9999.0 -0.551088 -0.013089 -1.213198 -2.755074 -0.051972 -0.013467 0.931185 1.509515 0.095397 1.366474 -0.011300 1.589658 3.423168 3.689171 3.747664 3.634296 1.760798 -0.035579 -1.590404 -0.727052 -0.009181 -0.097427 -2.432534 -0.714162 0.049726 -0.778091 -0.395989 -0.013300 -0.742006 0.051255 -1.002490 -0.016163 -0.012506 -1.111539 -1.328264 -1.703015 -0.023819 0.155733 -0.013313 -1.103337 -1.108390 -0.008639 0.250077 0.231179 0.351751 0.514558 0.182237 0.228482 0.836037 1.303733 1.760922 1.157158 1.091690 0.096633 -9999.0
-9999.0 -9999.0 -0.019625 -0.011469 -0.052632 -1.334903 -1.291596 -1.781124 -0.015099 -0.042370 -1.007999 -0.014555 -0.020318 0.146021 1.596900 0.131056 -0.022663 -0.922693 -0.452805 -0.034914 1.295789 3.818044 3.268400 2.817120 2.108078 0.595443 -0.016246 -0.039250 0.807640 0.071004 -1.100927 -1.094846 0.559083 -0.041515 0.052932 -1.369166 0.141730 0.179057 0.050199 -1.646193 -0.011629 -0.009658 -0.032310 -0.453969 -2.360642 -1.056472 0.039433 -0.010570 0.571279 1.037868 1.526146 1.212029 0.816178 0.619231 0.434059 0.900111 0.458008 0.508143 0.232690 0.546233 0.139009 0.220014 -9999.0
-9999.0 -1.207546 -1.199968 -1.230403 -1.347578 -1.236706 -0.045425 -0.091290 -0.070722 -0.088777 -0.058833 -1.174306 0.056570 0.956873 0.316933 -0.042278 -0.069207 -0.069461 -1.241648 -0.045025 1.033550 2.532116 1.013984 2.553413 2.675388 1.971128 2.239087 2.260391 2.305747 1.213400 0.669146 0.159609 0.550784 1.575767 0.808547 0.791928 0.854553 0.686700 0.746708 0.551784 0.547037 0.875929 1.005453 0.078698 -0.012091 0.148965 1.169640 2.623635 2.764366 0.347190 1.343072 0.698167 0.388988 0.267335 0.209266 0.124547 0.048724 0.050366 -0.008118 0.124997 0.105568 0.196128 -9999.0
-9999.0 0.000695 -1.075799 -1.298426 -0.008790 -1.106180 -2.446793 -2.291471 -0.015828 -0.014004 -0.945971 -1.576097 0.048051 0.266206 -0.032930 -0.053137 -0.985351 -0.179799 -1.455828 -0.016609 -0.044893 0.703466 1.306302 0.272483 1.579933 2.472146 3.013328 3.023509 2.986833 3.867559 3.654164 2.900217 2.277036 2.026814 1.948608 1.984927 2.054989 2.750421 2.036107 2.089441 2.559420 2.789728 2.687909 2.695405 3.221609 3.535552 3.437164 3.320236 2.089852 1.841265 0.463898 0.137707 0.044809 0.160941 0.050429 0.044049 0.063302 0.030154 0.024690 -0.009912 -0.009268 -9999.0 -9999.0
