erum2020/resources/simulation/Vinschgau/output-maps/TsL0001N0392.asc
ncols         63
nrows         48
xllcorner     598000.000000
yllcorner     5145000.000000
cellsize      1000.000000
NODATA_value  -9999.0
[rows 0 to 27 of 48, columns 0 to 62 of 63]
-9999.0 -9999.0 -9999.0 -9999.0 -9999.0 -9999.0 -9999.0 -9999.0 -9999.0 -9999.0 -9999.0 -9999.0 -9999.0 -9999.0 -9999.0 -9999.0 -9999.0 -9999.0 -9999.0 -9999.0 -9999.0 -9999.0 -9999.0 -9999.0 -9999.0 -9999.0 -9999.0 -9999.0 -9999.0 -9999.0 -9999.0 -9999.0 -9999.0 -9999.0 -9999.0 -9999.0 -9999.0 -9999.0 -9999.0 -9999.0 -9999.0 -9999.0 -9999.0 -9999.0 -9999.0 -9999.0 -9999.0 -9999.0 -9999.0 -9999.0 -9999.0 -9999.0 -9999.0 -9999.0 -9999.0 -9999.0 -9999.0 -9999.0 -9999.0 -9999.0 -9999.0 -9999.0 -9999.0
-9999.0 -9999.0 -9999.0 -9999.0 -9999.0 -9999.0 -9999.0 -9999.0 -9999.0 -9999.0 -9999.0 -9999.0 -9999.0 -9999.0 -9999.0 -9999.0 -9999.0 -9999.0 -9999.0 -9999.0 -9999.0 -9999.0 -9999.0 -9999.0 -9999.0 -9999.0 -9999.0 7.634986 7.866007 8.032742 -0.748302 -1.483770 -0.650775 -9999.0 -9999.0 -9999.0 -9999.0 -9999.0 -9999.0 -9999.0 -9999.0 -9999.0 -9999.0 -9999.0 -9999.0 -9999.0 -9999.0 -9999.0 -9999.0 -9999.0 -9999.0 -9999.0 -9999.0 -9999.0 -9999.0 -9999.0 -9999.0 -9999.0 -9999.0 -9999.0 -9999.0 -9999.0 -9999.0
-9999.0 -9999.0 -9999.0 -9999.0 -9999.0 -9999.0 -9999.0 -9999.0 -9999.0 -9999.0 -9999.0 -9999.0 -9999.0 -9999.0 -9999.0 -9999.0 -9999.0 -9999.0 -9999.0 -9999.0 -9999.0 -9999.0 -9999.0 -9999.0 10.143978 10.002803 9.804572 9.394608 7.965825 7.520135 -0.892464 -9999.0 -9999.0 -9999.0 -9999.0 -9999.0 -9999.0 -9999.0 -9999.0 -9999.0 -9999.0 -9999.0 -9999.0 -9999.0 -9999.0 -9999.0 -9999.0 -9999.0 -9999.0 -9999.0 -9999.0 -9999.0 -9999.0 -9999.0 -9999.0 -9999.0 -9999.0 -9999.0 -9999.0 -9999.0 -9999.0 -9999.0 -9999.0
-9999.0 -9999.0 -9999.0 -9999.0 -9999.0 -9999.0 -9999.0 -9999.0 -9999.0 -9999.0 -9999.0 -9999.0 -9999.0 -9999.0 -9999.0 -9999.0 -9999.0 -9999.0 -9999.0 -9999.0 -9999.0 -9999.0 -9999.0 10.129919 10.015141 6.004917 6.046867 6.499384 3.637218 9.115837 7.513045 -0.452940 -9999.0 -9999.0 -9999.0 -9999.0 -9999.0 -9999.0 -9999.0 -9999.0 -9999.0 -9999.0 -9999.0 -9999.0 -9999.0 -9999.0 -9999.0 -9999.0 -9999.0 -9999.0 -9999.0 -9999.0 -9999.0 -9999.0 -9999.0 -9999.0 -9999.0 -9999.0 -9999.0 -9999.0 -9999.0 -9999.0 -9999.0
-9999.0 -9999.0 -9999.0 -9999.0 -9999.0 -9999.0 -9999.0 -9999.0 -9999.0 -9999.0 -9999.0 -9999.0 -9999.0 -9999.0 -9999.0 -9999.0 -9999.0 -9999.0 13.867514 10.664939 -9999.0 10.069784 10.136552 5.838266 5.677624 6.976956 8.895057 9.005248 6.569936 5.174940 7.713956 7.091050 7.121366 -1.522804 -9999.0 -9999.0 -9999.0 -9999.0 -9999.0 -9999.0 -9999.0 -9999.0 -9999.0 -9999.0 -9999.0 -9999.0 -9999.0 -9999.0 -9999.0 -9999.0 -9999.0 -9999.0 -9999.0 -9999.0 -9999.0 -9999.0 -9999.0 -9999.0 -9999.0 -9999.0 -9999.0 -9999.0 -9999.0
-9999.0 -9999.0 -9999.0 -9999.0 -9999.0 -9999.0 -9999.0 -9999.0 -9999.0 -9999.0 -9999.0 -9999.0 -9999.0 -9999.0 -9999.0 -9999.0 -9999.0 6.118929 4.979402 7.691177 11.449443 0.834184 4.521939 4.819603 10.402004 -0.005646 -0.012313 -0.004921 -0.011788 3.551682 10.418899 7.932205 8.620692 7.367254 -0.759816 -1.351945 -9999.0 -9999.0 -9999.0 -9999.0 -9999.0 -9999.0 -9999.0 -9999.0 -9999.0 -9999.0 -9999.0 -9999.0 -9999.0 -9999.0 -9999.0 -9999.0 -9999.0 -9999.0 -9999.0 -9999.0 -9999.0 -9999.0 -9999.0 -9999.0 -9999.0 -9999.0 -9999.0
-9999.0 -9999.0 -9999.0 -9999.0 -9999.0 -9999.0 -9999.0 -9999.0 -9999.0 -9999.0 -9999.0 -9999.0 -9999.0 8.416405 3.551226 3.384452 5.069786 17.660856 5.615484 6.936407 6.082374 6.380883 8.466904 10.135185 -0.006975 -0.181861 -0.597412 -0.005446 -0.485134 -0.008934 -0.002579 -0.199939 -0.344947 -1.810429 -2.260372 -2.031894 -9999.0 -9999.0 -9999.0 -9999.0 -9999.0 -9999.0 -9999.0 -9999.0 -9999.0 -9999.0 -9999.0 -9999.0 -9999.0 -9999.0 -9999.0 -9999.0 -9999.0 -9999.0 -9999.0 -9999.0 -9999.0 -9999.0 -9999.0 -9999.0 -9999.0 -9999.0 -9999.0
-9999.0 -9999.0 -9999.0 -9999.0 -9999.0 -9999.0 -9999.0 -9999.0 -9999.0 -9999.0 -9999.0 -9999.0 -9999.0 8.913987 4.760259 3.649155 3.836687 14.982332 18.198510 8.894796 6.018597 9.538122 3.861260 -0.002621 3.499752 1.846488 9.266208 -0.604736 -1.264033 -0.580119 -0.267465 -1.428762 -1.493524 -0.650473 -1.748164 -9999.0 -9999.0 -9999.0 -9999.0 -9999.0 -9999.0 -9999.0 -9999.0 -9999.0 -9999.0 -9999.0 -9999.0 -9999.0 -9999.0 -9999.0 -9999.0 -9999.0 -9999.0 -9999.0 -9999.0 -9999.0 -9999.0 -9999.0 -9999.0 -9999.0 -9999.0 -9999.0 -9999.0
-9999.0 -9999.0 -9999.0 -9999.0 -9999.0 -9999.0 -9999.0 -9999.0 -9999.0 -9999.0 -9999.0 -9999.0 -9999.0 4.633725 8.321790 4.355720 1.368034 4.059998 18.172225 5.745798 11.102513 3.100078 -0.005812 -0.007951 4.628772 3.896556 7.602612 -1.153271 8.446142 -0.032600 -1.542846 -0.665567 -0.430073 -4.875116 -1.453298 -9999.0 -9999.0 -9999.0 -9999.0 -9999.0 -9999.0 -9999.0 -9999.0 -9999.0 -9999.0 -9999.0 -9999.0 -9999.0 -9999.0 -9999.0 -9999.0 -9999.0 -9999.0 -9999.0 -9999.0 -9999.0 -9999.0 -9999.0 -9999.0 -9999.0 -9999.0 -9999.0 -9999.0
-9999.0 -9999.0 -9999.0 -9999.0 -9999.0 -9999.0 -9999.0 -9999.0 -9999.0 -9999.0 -9999.0 -9999.0 3.991065 7.583107 1.819529 2.086448 -0.047276 2.664887 15.972241 8.980499 4.812173 -0.230994 1.409465 -0.256473 2.982032 -0.645395 -0.438782 -0.007293 7.148368 -1.346150 -0.075367 5.715370 5.623958 -3.173953 -9999.0 -9999.0 -9999.0 -9999.0 -9999.0 -9999.0 -9999.0 -9999.0 -9999.0 -9999.0 -9999.0 -9999.0 -9999.0 -9999.0 -9999.0 -9999.0 -9999.0 -9999.0 -9999.0 -9999.0 -9999.0 -9999.0 -9999.0 -9999.0 -9999.0 -9999.0 -9999.0 -9999.0 -9999.0
-9999.0 -9999.0 -9999.0 -9999.0 -9999.0 -9999.0 -9999.0 -9999.0 -9999.0 -9999.0 -9999.0 1.728283 -0.002189 0.014942 -0.007940 -0.263665 -0.001804 -0.008476 14.618077 5.754370 3.109668 3.549408 7.302171 -0.447949 2.361379 3.744804 -0.165427 7.327484 7.144561 -0.750639 -0.406808 7.142198 6.348697 -1.346916 5.452604 5.950298 13.050902 13.120872 14.128516 -9999.0 -9999.0 -9999.0 -0.653173 -9999.0 -9999.0 -9999.0 -9999.0 -9999.0 -9999.0 -9999.0 -9999.0 -9999.0 -9999.0 -9999.0 -9999.0 -9999.0 -9999.0 -9999.0 -9999.0 -9999.0 -9999.0 -9999.0 -9999.0
-9999.0 -9999.0 -9999.0 -9999.0 -9999.0 -9999.0 -9999.0 -9999.0 -9999.0 -9999.0 -9999.0 -0.254126 -0.003154 2.522508 -0.004166 -1.056094 4.226564 3.364889 15.542959 11.523162 13.371443 11.764841 8.362914 -0.008192 -0.007290 -0.258825 8.348261 7.883304 6.987144 -1.849582 6.768886 7.398558 6.271297 1.488555 5.856499 5.030385 8.381454 14.371789 14.475305 11.872731 11.453596 8.384335 6.577422 5.406630 -9999.0 -9999.0 -9999.0 -0.416773 -0.517447 -0.389372 -0.350595 -0.463702 -0.185956 -0.013922 -0.005847 -0.005639 -9999.0 -9999.0 -9999.0 -9999.0 -9999.0 -9999.0 -9999.0
-9999.0 -9999.0 -9999.0 -9999.0 -9999.0 -9999.0 -9999.0 -9999.0 -9999.0 -9999.0 -9999.0 4.932337 -0.272678 -0.008292 2.818719 5.798900 -0.006117 -0.008532 10.036025 11.649728 3.183377 2.445579 -0.004959 7.450862 -0.392500 9.222198 -0.004673 -0.006326 -0.349299 -1.583097 -0.844133 -0.007182 7.445637 4.309828 6.075062 6.656519 -0.004647 6.810414 19.485373 11.952407 12.804444 9.756893 7.971765 7.369555 1.768398 -9999.0 -0.032694 -0.294520 6.509390 7.809964 10.350797 10.369037 7.676829 8.011419 6.969583 -0.074408 -9999.0 -9999.0 -9999.0 -9999.0 -9999.0 -9999.0 -9999.0
-9999.0 -9999.0 -9999.0 -9999.0 -9999.0 -9999.0 -9999.0 -9999.0 -9999.0 -9999.0 -9999.0 -9999.0 -0.405598 -0.011216 8.914674 7.784119 -0.009513 -0.001287 13.019827 11.573138 3.649055 3.652253 0.823330 -0.000900 -0.007781 -0.004505 11.081897 -0.188922 -0.229567 5.446503 7.041795 -0.006414 7.550244 6.613578 -0.410025 4.434466 -0.005396 6.185199 21.281743 13.696888 13.180297 13.442231 -0.005934 8.558890 6.455238 1.848152 -0.487702 -0.652866 -0.008434 -0.002560 2.599486 -0.131921 -0.003894 -0.044272 -0.005571 -0.005874 -0.006375 -9999.0 -9999.0 -9999.0 -9999.0 -9999.0 -9999.0
-9999.0 -9999.0 -9999.0 -9999.0 -9999.0 -9999.0 -9999.0 -9999.0 -9999.0 -9999.0 -9999.0 -0.010341 -0.049553 -0.198533 -0.007566 -0.007442 -0.003185 1.266618 14.888266 5.384892 4.184264 3.358439 0.669174 -0.004707 -0.003586 0.843536 -0.003912 -0.537618 8.395658 7.239741 -0.006042 -0.003274 9.910536 6.170624 -2.936792 5.998158 6.756741 -0.005861 2.298968 19.730921 5.746652 6.539797 3.705730 1.935442 10.138753 6.799239 7.395403 7.874976 9.374940 4.059891 -0.263654 -0.008083 -0.006924 -0.009265 -0.008539 -0.012296 -0.006534 -9999.0 -9999.0 -9999.0 -9999.0 -9999.0 -9999.0
-9999.0 -9999.0 -9999.0 -9999.0 -9999.0 -9999.0 -9999.0 -9999.0 -9999.0 -9999.0 6.908515 -0.006629 8.167560 7.674808 9.095301 1.893602 0.507078 -0.004657 5.142825 5.862462 11.782451 10.173525 -0.005447 13.870869 1.297101 0.936505 -0.006961 -0.002841 9.572197 9.171540 2.547038 -0.002337 6.994449 -0.001136 -2.846467 6.556072 9.015445 -0.009518 -0.125031 5.026531 5.699880 6.533018 14.955803 2.313004 -0.001575 9.314230 7.485751 -0.002571 3.057106 4.158405 -0.002643 -0.008797 -0.009371 -0.010278 -0.008904 2.967493 3.237668 -9999.0 -9999.0 -9999.0 -9999.0 -9999.0 -9999.0
-9999.0 -9999.0 -9999.0 -9999.0 -9999.0 -9999.0 -9999.0 -9999.0 -9999.0 -0.337695 4.390982 -0.006063 -0.001153 -0.007143 -0.004717 -0.003233 -0.093848 11.560475 5.541074 6.618691 12.877691 4.844314 4.269085 5.590151 2.140854 -0.006888 -0.007356 10.669172 1.335896 4.198818 4.970282 -0.020586 -0.753298 -1.114200 3.602846 5.678259 6.844323 -0.009553 -0.008457 -0.005142 -0.004247 -0.004367 -0.004760 4.275107 3.747084 3.491112 13.665367 3.303725 0.261866 4.985162 -0.004259 -0.333126 -0.012113 -0.007275 -0.005891 -0.005196 -0.002992 7.530438 -0.184759 -9999.0 -9999.0 -9999.0 -9999.0
-9999.0 -9999.0 -9999.0 -9999.0 -9999.0 -9999.0 -9999.0 -9999.0 -9999.0 -0.396205 -0.366299 1.711432 12.147280 3.121682 -0.003354 -0.005377 10.671614 5.066297 6.630540 17.143397 16.372901 15.968465 10.670803 9.289761 -0.004257 -0.005942 1.922835 1.191573 5.981123 8.376773 7.727367 -0.019885 1.836993 1.469335 6.696128 11.446210 11.422263 11.375729 6.469261 8.603539 -0.007016 -0.169300 -0.002391 4.594840 4.578085 6.642468 7.120086 7.168370 5.977534 5.462935 -0.011829 -0.010052 -0.006814 -0.006302 -0.007737 -0.009515 -0.001946 0.625237 10.729015 -9999.0 -9999.0 -9999.0 -9999.0
-9999.0 -9999.0 -9999.0 -9999.0 -9999.0 -9999.0 -9999.0 -9999.0 -9999.0 -9999.0 -0.441156 7.230654 1.887258 2.883752 5.143938 2.998645 3.802415 7.014154 7.709559 9.989433 14.270645 5.697110 2.863940 1.318480 -0.005048 2.220715 1.959516 6.543892 8.066951 -0.008880 -0.011937 -0.004892 -0.551512 -0.548284 8.030987 10.408107 11.598341 9.739820 9.533200 -0.563828 -1.107394 9.076503 10.433575 -0.003062 -0.005045 -0.002133 3.212670 10.547920 8.089497 5.555576 -0.005751 0.577245 -0.251482 -0.006550 -0.006738 -0.006049 -0.047435 0.808066 0.867018 1.047753 -9999.0 -9999.0 -9999.0
-9999.0 -9999.0 -9999.0 -9999.0 -9999.0 -9999.0 -9999.0 -9999.0 -9999.0 -9999.0 -0.430340 -0.172490 6.325165 3.181584 12.096746 4.282836 4.397110 6.280393 9.165348 10.962972 7.263127 1.804983 2.452204 2.476330 2.685829 6.610582 7.055982 3.388114 -0.006830 -0.457144 -0.335202 7.388546 -0.002549 -1.068874 -0.484143 6.408555 1.770407 1.936848 -0.008632 -1.466663 6.227481 9.141387 -0.006514 -0.339907 7.845550 -0.006737 2.739594 2.662711 5.386653 8.464238 6.204115 0.618107 -0.002919 -0.220919 -0.039471 -0.450523 -0.006709 0.797611 7.222423 8.882447 -9999.0 -9999.0 -9999.0
-9999.0 -9999.0 -9999.0 -9999.0 -9999.0 -9999.0 -9999.0 -9999.0 9.385347 8.810180 6.295383 6.465898 -0.002261 1.834562 2.440924 5.425406 6.984799 17.623294 12.333605 11.761091 8.982999 7.489775 6.217787 1.826921 3.233317 6.458534 10.417176 -0.002314 -0.005107 -0.007937 -0.012803 -0.429700 -0.007001 -0.646439 6.128115 -0.162686 9.480632 1.984990 -1.184706 4.657467 -0.569265 -0.207174 -0.435983 -0.011200 7.763993 10.558486 -0.292292 -0.003490 3.675862 7.636385 6.859829 3.789899 0.914856 -0.154475 6.899583 12.211601 11.721173 13.603283 8.560657 9.040840 -9999.0 -9999.0 -9999.0
-9999.0 -9999.0 -9999.0 -9999.0 -9999.0 -9999.0 -9999.0 -9999.0 0.682507 0.846226 -0.002355 -0.092186 -0.204775 0.648469 1.585843 4.451695 5.823122 6.506465 9.658233 12.416628 23.371986 19.432464 17.978289 15.264182 7.021998 6.986468 2.559976 2.049089 -0.000877 6.728449 1.694564 7.613860 7.123950 7.084578 7.683673 8.102198 11.718274 3.561605 -0.005233 7.582464 -0.605326 -0.027108 -0.235191 7.756577 11.266072 -0.006012 -0.322168 -0.139782 2.804344 5.995259 9.129602 0.981698 0.699153 12.013790 13.331664 0.926811 0.896607 7.299084 10.461574 12.349342 13.900030 -9999.0 -9999.0
-9999.0 -9999.0 -9999.0 -9999.0 -9999.0 -9999.0 -9999.0 -9999.0 -0.243573 10.806084 7.822377 -0.006374 10.719378 0.287881 0.872992 3.211519 5.705057 9.218305 9.998405 22.805272 12.847374 19.970775 19.900679 11.696637 16.352098 6.707939 1.107145 -0.004812 -0.000843 7.923234 8.073985 10.756322 -0.006534 -0.006167 8.348520 11.961863 0.688191 4.179443 -0.007849 -0.006515 -0.264391 -0.337047 5.413518 4.031810 -0.330002 -0.339305 7.470004 10.969183 -0.003795 4.685323 8.532058 8.341895 0.998574 0.941770 7.830261 1.155246 9.838026 10.444169 12.234419 12.311034 12.893711 -9999.0 -9999.0
-9999.0 -9999.0 -9999.0 -9999.0 -9999.0 -9999.0 -9999.0 -9999.0 -0.087465 10.386259 0.662709 -0.000519 11.846108 1.945943 3.273114 6.067266 8.961514 9.075336 13.376052 9.878864 12.205978 12.742822 19.888009 19.226517 7.732470 1.195455 3.045085 -0.005929 13.495433 1.475971 -0.000804 0.861025 0.872037 3.336193 -0.002580 10.845003 14.547839 5.085944 0.194221 -0.004046 7.502683 8.139387 7.753334 10.618015 8.996174 7.848042 10.061828 11.467441 13.079868 0.817655 6.493336 9.882912 9.684423 6.226125 10.628865 11.247821 11.915090 10.442711 11.400358 12.567565 10.917819 8.031776 -9999.0
-9999.0 -9999.0 -9999.0 -9999.0 -9999.0 -9999.0 -9999.0 -9999.0 -0.326476 9.655675 0.668191 1.745301 2.813948 4.449455 13.282467 9.433874 11.906853 6.820585 5.137839 6.937910 9.121812 12.267737 12.822374 12.470787 17.003009 2.066351 1.299535 2.543953 5.610951 2.263859 2.005861 0.933590 6.588395 4.289659 0.722138 1.011981 0.963569 6.332572 5.086288 0.789337 1.397864 2.616800 3.941368 3.185300 -0.002933 13.257246 2.591470 4.655844 0.834472 8.160374 10.765075 10.197656 10.820242 12.499688 12.546685 12.230746 12.739308 12.574944 11.471000 11.055402 8.775712 6.970029 -9999.0
-9999.0 -9999.0 8.966487 12.006605 -0.002776 -0.002423 0.764744 -0.003953 5.483142 8.316349 1.878777 5.071205 5.524470 8.388524 15.535680 7.601968 4.926929 1.770612 1.996738 5.060435 7.457021 9.276825 11.223317 11.132053 10.314986 7.412691 4.923244 5.601237 6.538335 11.987087 4.040988 4.081890 11.737076 4.513630 7.382240 5.597285 8.945607 7.599406 6.069222 3.748614 6.483546 6.648617 4.827868 6.790387 3.209751 4.667788 7.361633 5.124852 9.260078 10.982054 12.612610 12.632100 12.754815 12.930032 12.730660 21.111122 11.337494 10.968138 10.005789 7.787504 11.982308 5.177251 -9999.0
-9999.0 1.651345 0.544428 1.416416 0.594943 1.079758 0.855092 -0.007203 -0.011290 -0.005259 0.944961 1.596040 6.416250 13.828215 13.762063 4.295735 1.699743 0.067918 2.282391 5.705528 8.300770 8.451091 14.976563 10.028909 19.717178 12.010990 17.996565 17.750314 9.805514 8.306988 9.408221 8.652233 7.985077 13.627724 9.893156 10.661246 11.540621 9.993036 10.580243 9.837068 10.067077 9.637711 8.707076 6.639574 6.454115 7.025685 8.769711 9.089103 11.676155 9.494982 11.991959 11.943947 11.045796 10.650422 10.512149 10.387511 8.225081 7.695084 8.222063 10.864245 4.569246 4.383343 -9999.0
-9999.0 11.147073 3.414076 0.736326 11.472887 0.857015 -0.002974 -0.007944 0.237763 5.764445 0.697830 1.108215 6.791254 14.099984 5.896350 1.680641 -0.003538 0.821752 2.664407 5.525171 11.725800 8.086060 9.184885 10.513609 20.813388 24.211849 11.836914 13.416196 11.362259 9.951144 11.591838 10.755523 9.287451 9.116092 14.786534 10.919523 22.777216 24.516079 12.924931 13.281110 12.216772 10.829838 10.343382 10.177566 11.667220 11.759082 11.622369 11.948980 11.544017 11.665957 9.908282 7.952374 7.898801 9.112825 8.618126 6.740822 6.623457 4.934151 4.276832 0.851938 0.867849 -9999.0 -9999.0
