erum2020/resources/simulation/Vinschgau/output-maps/TsL0007N0919.asc
ncols         63
nrows         48
xllcorner     598000.000000
yllcorner     5145000.000000
cellsize      1000.000000
NODATA_value  -9999.0
[rows 0 to 27 of 48, columns 0 to 62 of 63]
-9999.0 -9999.0 -9999.0 -9999.0 -9999.0 -9999.0 -9999.0 -9999.0 -9999.0 -9999.0 -9999.0 -9999.0 -9999.0 -9999.0 -9999.0 -9999.0 -9999.0 -9999.0 -9999.0 -9999.0 -9999.0 -9999.0 -9999.0 -9999.0 -9999.0 -9999.0 -9999.0 -9999.0 -9999.0 -9999.0 -9999.0 -9999.0 -9999.0 -9999.0 -9999.0 -9999.0 -9999.0 -9999.0 -9999.0 -9999.0 -9999.0 -9999.0 -9999.0 -9999.0 -9999.0 -9999.0 -9999.0 -9999.0 -9999.0 -9999.0 -9999.0 -9999.0 -9999.0 -9999.0 -9999.0 -9999.0 -9999.0 -9999.0 -9999.0 -9999.0 -9999.0 -9999.0 -9999.0
-9999.0 -9999.0 -9999.0 -9999.0 -9999.0 -9999.0 -9999.0 -9999.0 -9999.0 -9999.0 -9999.0 -9999.0 -9999.0 -9999.0 -9999.0 -9999.0 -9999.0 -9999.0 -9999.0 -9999.0 -9999.0 -9999.0 -9999.0 -9999.0 -9999.0 -9999.0 -9999.0 -5.340557 -3.948720 -4.456972 -4.586644 -5.336466 -5.691787 -9999.0 -9999.0 -9999.0 -9999.0 -9999.0 -9999.0 -9999.0 -9999.0 -9999.0 -9999.0 -9999.0 -9999.0 -9999.0 -9999.0 -9999.0 -9999.0 -9999.0 -9999.0 -9999.0 -9999.0 -9999.0 -9999.0 -9999.0 -9999.0 -9999.0 -9999.0 -9999.0 -9999.0 -9999.0 -9999.0
-9999.0 -9999.0 -9999.0 -9999.0 -9999.0 -9999.0 -9999.0 -9999.0 -9999.0 -9999.0 -9999.0 -9999.0 -9999.0 -9999.0 -9999.0 -9999.0 -9999.0 -9999.0 -9999.0 -9999.0 -9999.0 -9999.0 -9999.0 -9999.0 -3.236520 -2.983184 -2.465656 -3.186080 -2.473925 -4.314868 -4.896484 -9999.0 -9999.0 -9999.0 -9999.0 -9999.0 -9999.0 -9999.0 -9999.0 -9999.0 -9999.0 -9999.0 -9999.0 -9999.0 -9999.0 -9999.0 -9999.0 -9999.0 -9999.0 -9999.0 -9999.0 -9999.0 -9999.0 -9999.0 -9999.0 -9999.0 -9999.0 -9999.0 -9999.0 -9999.0 -9999.0 -9999.0 -9999.0
-9999.0 -9999.0 -9999.0 -9999.0 -9999.0 -9999.0 -9999.0 -9999.0 -9999.0 -9999.0 -9999.0 -9999.0 -9999.0 -9999.0 -9999.0 -9999.0 -9999.0 -9999.0 -9999.0 -9999.0 -9999.0 -9999.0 -9999.0 -2.878237 -1.055808 -0.003257 0.451344 1.102610 -0.003491 -2.647936 -4.817856 -5.425377 -9999.0 -9999.0 -9999.0 -9999.0 -9999.0 -9999.0 -9999.0 -9999.0 -9999.0 -9999.0 -9999.0 -9999.0 -9999.0 -9999.0 -9999.0 -9999.0 -9999.0 -9999.0 -9999.0 -9999.0 -9999.0 -9999.0 -9999.0 -9999.0 -9999.0 -9999.0 -9999.0 -9999.0 -9999.0 -9999.0 -9999.0
-9999.0 -9999.0 -9999.0 -9999.0 -9999.0 -9999.0 -9999.0 -9999.0 -9999.0 -9999.0 -9999.0 -9999.0 -9999.0 -9999.0 -9999.0 -9999.0 -9999.0 -9999.0 -0.000966 -2.135836 -9999.0 -2.472417 -1.435723 -0.004969 -0.002438 0.958995 -0.001344 -0.000656 -0.000196 -0.002475 -3.003486 -4.530289 -6.403779 -8.514078 -9999.0 -9999.0 -9999.0 -9999.0 -9999.0 -9999.0 -9999.0 -9999.0 -9999.0 -9999.0 -9999.0 -9999.0 -9999.0 -9999.0 -9999.0 -9999.0 -9999.0 -9999.0 -9999.0 -9999.0 -9999.0 -9999.0 -9999.0 -9999.0 -9999.0 -9999.0 -9999.0 -9999.0 -9999.0
-9999.0 -9999.0 -9999.0 -9999.0 -9999.0 -9999.0 -9999.0 -9999.0 -9999.0 -9999.0 -9999.0 -9999.0 -9999.0 -9999.0 -9999.0 -9999.0 -9999.0 4.037109 2.448654 1.069576 -2.731061 -0.001360 -0.002360 -0.002397 -0.001806 -0.002174 -0.002574 -0.001624 -0.002182 -0.000724 -1.241576 -2.866007 -4.644905 -5.226311 -7.119351 -8.301871 -9999.0 -9999.0 -9999.0 -9999.0 -9999.0 -9999.0 -9999.0 -9999.0 -9999.0 -9999.0 -9999.0 -9999.0 -9999.0 -9999.0 -9999.0 -9999.0 -9999.0 -9999.0 -9999.0 -9999.0 -9999.0 -9999.0 -9999.0 -9999.0 -9999.0 -9999.0 -9999.0
-9999.0 -9999.0 -9999.0 -9999.0 -9999.0 -9999.0 -9999.0 -9999.0 -9999.0 -9999.0 -9999.0 -9999.0 -9999.0 -1.161608 -0.001728 1.848927 3.523977 3.501246 3.611821 -0.005200 -0.002534 -0.002743 -0.003415 -0.000894 -0.001918 -1.634289 -2.354081 -0.945046 -0.823631 -0.001845 -0.889826 -3.627352 -3.938465 -5.667883 -6.127043 -8.585305 -9999.0 -9999.0 -9999.0 -9999.0 -9999.0 -9999.0 -9999.0 -9999.0 -9999.0 -9999.0 -9999.0 -9999.0 -9999.0 -9999.0 -9999.0 -9999.0 -9999.0 -9999.0 -9999.0 -9999.0 -9999.0 -9999.0 -9999.0 -9999.0 -9999.0 -9999.0 -9999.0
-9999.0 -9999.0 -9999.0 -9999.0 -9999.0 -9999.0 -9999.0 -9999.0 -9999.0 -9999.0 -9999.0 -9999.0 -9999.0 -0.001898 0.934581 2.693193 2.831630 2.482512 3.545181 1.237696 2.674772 0.387957 0.922394 -0.001937 -0.001773 -0.073233 -3.916998 -4.806401 -5.928757 -1.828701 -1.270186 -4.356025 -6.284971 -9.620143 -7.471790 -9999.0 -9999.0 -9999.0 -9999.0 -9999.0 -9999.0 -9999.0 -9999.0 -9999.0 -9999.0 -9999.0 -9999.0 -9999.0 -9999.0 -9999.0 -9999.0 -9999.0 -9999.0 -9999.0 -9999.0 -9999.0 -9999.0 -9999.0 -9999.0 -9999.0 -9999.0 -9999.0 -9999.0
-9999.0 -9999.0 -9999.0 -9999.0 -9999.0 -9999.0 -9999.0 -9999.0 -9999.0 -9999.0 -9999.0 -9999.0 -9999.0 0.465730 0.261957 1.601256 2.227374 3.125942 3.742642 3.516630 0.564911 -0.039471 -0.002111 -0.002114 -0.001505 -0.001424 -3.716742 -6.202583 -5.411337 -8.494707 -4.922154 -10.249508 -10.634026 -12.968839 -8.964051 -9999.0 -9999.0 -9999.0 -9999.0 -9999.0 -9999.0 -9999.0 -9999.0 -9999.0 -9999.0 -9999.0 -9999.0 -9999.0 -9999.0 -9999.0 -9999.0 -9999.0 -9999.0 -9999.0 -9999.0 -9999.0 -9999.0 -9999.0 -9999.0 -9999.0 -9999.0 -9999.0 -9999.0
-9999.0 -9999.0 -9999.0 -9999.0 -9999.0 -9999.0 -9999.0 -9999.0 -9999.0 -9999.0 -9999.0 -9999.0 -0.003029 -0.000035 1.069393 -0.001365 0.580077 2.518765 3.003287 2.234196 -0.002523 -0.002084 -0.230101 -0.003660 -0.942496 -3.952995 -3.437359 -5.044570 -3.541817 -6.475611 -10.153156 -6.679525 -5.507032 -9.373540 -9999.0 -9999.0 -9999.0 -9999.0 -9999.0 -9999.0 -9999.0 -9999.0 -9999.0 -9999.0 -9999.0 -9999.0 -9999.0 -9999.0 -9999.0 -9999.0 -9999.0 -9999.0 -9999.0 -9999.0 -9999.0 -9999.0 -9999.0 -9999.0 -9999.0 -9999.0 -9999.0 -9999.0 -9999.0
-9999.0 -9999.0 -9999.0 -9999.0 -9999.0 -9999.0 -9999.0 -9999.0 -9999.0 -9999.0 -9999.0 -0.447462 0.318494 0.415947 0.318607 -0.000398 0.857762 2.421853 2.949667 1.527881 1.160011 -0.000979 -2.046619 -3.519367 -0.244950 -3.246699 -5.318765 -4.124107 -4.737075 -8.140331 -6.895621 -3.404329 -5.848738 -7.786339 -7.024004 -5.580413 -5.169707 -4.295729 -4.037085 -9999.0 -9999.0 -9999.0 -7.924052 -9999.0 -9999.0 -9999.0 -9999.0 -9999.0 -9999.0 -9999.0 -9999.0 -9999.0 -9999.0 -9999.0 -9999.0 -9999.0 -9999.0 -9999.0 -9999.0 -9999.0 -9999.0 -9999.0 -9999.0
-9999.0 -9999.0 -9999.0 -9999.0 -9999.0 -9999.0 -9999.0 -9999.0 -9999.0 -9999.0 -9999.0 -1.171973 0.727245 1.954542 1.840082 -0.895543 3.134081 3.320050 3.119209 1.982206 0.597885 -0.007669 -2.052898 -3.006248 -2.148624 -4.052760 -4.437381 -3.158021 -4.206699 -7.755007 -4.147509 -4.027090 -5.432656 -6.229877 -6.957496 -4.156414 -2.581787 -2.768440 -4.132101 -7.464150 -7.395120 -7.875967 -4.392017 -6.417576 -9999.0 -9999.0 -9999.0 -8.582644 -7.192935 -6.907811 -6.175225 -7.958648 -8.174133 -7.974187 -7.569865 -8.692756 -9999.0 -9999.0 -9999.0 -9999.0 -9999.0 -9999.0 -9999.0
-9999.0 -9999.0 -9999.0 -9999.0 -9999.0 -9999.0 -9999.0 -9999.0 -9999.0 -9999.0 -9999.0 -2.374449 -0.946116 -0.124846 -0.001662 -0.275306 -0.000826 2.694698 2.409894 2.010297 1.351466 -0.001972 -1.509480 -3.215844 -4.082476 -5.157371 -2.018652 -3.767641 -5.463706 -6.620200 -5.891402 -4.264148 -3.010324 -5.903975 -6.411749 -2.823064 -3.393671 -2.962245 -2.102142 -5.813324 -3.810615 -5.243978 -3.006482 -3.988940 -6.007144 -9999.0 -9.227809 -5.963946 -4.431208 -3.363628 -3.098363 -3.921414 -3.922828 -4.631614 -4.778210 -5.741322 -9999.0 -9999.0 -9999.0 -9999.0 -9999.0 -9999.0 -9999.0
-9999.0 -9999.0 -9999.0 -9999.0 -9999.0 -9999.0 -9999.0 -9999.0 -9999.0 -9999.0 -9999.0 -9999.0 -0.492003 -0.005405 -0.392311 -0.049452 -0.002079 1.897058 2.698776 2.041481 1.161113 -0.002131 -0.101806 -0.893452 -3.405974 -2.157324 -1.650587 -3.381693 -4.710268 -6.317817 -4.408054 -4.047482 -3.056044 -4.971388 -5.526111 -3.787465 -2.033434 -2.621997 -0.116395 -3.292600 -2.536533 -3.830961 -1.390026 -2.258670 -5.946454 -6.272957 -7.363443 -5.834586 -3.360987 -1.493669 -0.003454 -3.888154 -1.560980 -4.552255 -4.299276 -4.569684 -5.631691 -9999.0 -9999.0 -9999.0 -9999.0 -9999.0 -9999.0
-9999.0 -9999.0 -9999.0 -9999.0 -9999.0 -9999.0 -9999.0 -9999.0 -9999.0 -9999.0 -9999.0 -0.283295 -2.856898 -1.463607 -0.308732 -0.001081 -0.000832 1.125253 2.177152 3.218082 1.513789 -0.002105 -0.000979 -2.142701 -1.906290 -0.320190 -0.031600 -4.945624 -5.163493 -4.803281 -2.164362 -3.187391 -2.400853 -4.825445 -6.970541 -4.180831 -4.062094 -1.352140 -0.007934 -1.156485 -1.387776 -0.012135 -0.540578 -1.453499 -1.666592 -4.780668 -3.689145 -4.659262 -3.763273 -0.164618 -4.291987 -4.673835 -6.697567 -7.586647 -8.549857 -9.483026 -6.519931 -9999.0 -9999.0 -9999.0 -9999.0 -9999.0 -9999.0
-9999.0 -9999.0 -9999.0 -9999.0 -9999.0 -9999.0 -9999.0 -9999.0 -9999.0 -9999.0 -0.989163 -0.282509 -2.233874 -2.215003 -0.414932 -0.488948 -0.505123 -0.002175 2.671925 2.865903 0.604289 -0.000101 -0.719842 -0.502812 -0.001063 -0.938445 -2.743042 -5.243281 -3.175365 -2.414193 -2.624316 -2.707926 -2.322076 -4.830189 -8.752350 -5.861876 -2.974875 -1.718978 -0.050991 -0.001714 -0.001654 -0.002238 0.495019 0.350635 -0.001392 -4.621049 -3.600651 -1.204010 -0.440272 -0.000993 -6.620665 -7.081318 -9.024141 -10.348971 -9.873378 -4.861433 -4.667535 -9999.0 -9999.0 -9999.0 -9999.0 -9999.0 -9999.0
-9999.0 -9999.0 -9999.0 -9999.0 -9999.0 -9999.0 -9999.0 -9999.0 -9999.0 -3.857228 -0.770982 -1.704280 -0.679992 -0.536597 -0.021807 -0.263219 -0.001684 -0.000306 2.436322 3.258372 0.941493 -0.003358 -0.001830 -0.001693 -0.000955 -1.624545 -3.595723 -2.362746 -0.274973 -0.001101 -0.000911 -1.821596 -5.572806 -9.711147 -7.631550 -5.969756 -2.776747 -2.273173 -1.888396 -0.198680 -0.164738 -0.003083 -0.600835 1.055627 0.412786 -0.199818 -0.329205 -1.581368 -1.547124 -0.000807 -2.721468 -6.560945 -11.295251 -9.565567 -7.777462 -6.846746 -5.797165 -6.085070 -7.386143 -9999.0 -9999.0 -9999.0 -9999.0
-9999.0 -9999.0 -9999.0 -9999.0 -9999.0 -9999.0 -9999.0 -9999.0 -9999.0 -5.369238 -4.025602 -2.383318 -0.267550 -0.001160 -0.005102 -0.553558 -0.386603 -0.001003 3.056642 1.872823 1.512822 0.696399 -0.000216 -0.000323 -1.237877 -2.409890 -0.500357 -0.001093 -0.001048 -0.001041 -0.263321 -2.201824 -3.759997 -5.829270 -4.593484 -5.956450 -5.415601 -4.131544 -4.067273 -1.997463 -0.606728 -2.706381 -0.433962 -0.001128 1.667575 0.703906 0.375683 -0.002167 -0.002313 -0.000975 -3.067113 -6.305513 -9.086777 -7.972943 -6.586402 -7.793515 -5.692730 -4.816316 -5.053152 -9999.0 -9999.0 -9999.0 -9999.0
-9999.0 -9999.0 -9999.0 -9999.0 -9999.0 -9999.0 -9999.0 -9999.0 -9999.0 -9999.0 -4.598973 -2.350187 -0.001601 -0.005649 -0.001924 -0.001833 -0.001056 0.174789 3.923108 2.719244 1.587062 1.635371 -0.001791 -0.266290 -1.961232 -0.001233 -0.001118 -0.000784 -0.288127 -1.753903 -2.106261 -3.327590 -4.665237 -5.247145 -3.108758 -2.528266 -2.330374 -1.650610 -5.387809 -4.234063 -4.685211 -2.186053 -0.590648 -0.183241 -0.001255 -0.001751 0.528855 0.200635 1.053351 -0.001841 -2.018150 -5.443873 -7.885428 -8.833370 -8.128983 -5.989399 -3.479731 -0.920772 -2.139233 -0.001152 -9999.0 -9999.0 -9999.0
-9999.0 -9999.0 -9999.0 -9999.0 -9999.0 -9999.0 -9999.0 -9999.0 -9999.0 -9999.0 -4.818585 -3.599040 -2.534609 -0.057764 -0.000096 -0.002767 -0.002452 1.560392 4.294328 3.774545 2.624820 0.343699 -0.002338 -0.364239 -0.001344 -0.001036 0.381181 -0.001943 -1.443980 -4.345264 -4.315185 -2.558770 -6.136885 -6.019871 -4.215793 -2.264022 -0.904898 -0.347944 -2.840764 -5.109970 -3.944248 -3.350860 -1.427972 -2.773817 -0.633122 -0.392512 -0.000801 -0.001273 1.856615 0.765923 -0.007791 -2.831366 -4.960849 -7.385497 -9.487817 -8.658337 -6.056227 -1.640582 0.656443 0.478244 -9999.0 -9999.0 -9999.0
-9999.0 -9999.0 -9999.0 -9999.0 -9999.0 -9999.0 -9999.0 -9999.0 -3.133625 -4.444149 -5.363629 -3.053482 -3.492502 -1.192640 -0.062157 0.914520 1.932967 1.626437 3.435707 4.274190 4.407586 3.091386 1.920287 -0.003605 -0.001650 1.353130 -0.000241 -0.961433 -2.475151 -4.304134 -8.962744 -4.237344 -4.191563 -5.716793 -3.772634 -3.908667 -0.382252 -0.358569 -2.709846 -5.985809 -4.705855 -2.098457 -4.297452 -5.575581 -3.645400 -0.869465 -2.521102 -0.458255 -0.001337 0.981381 -0.002178 -0.862860 -5.046616 -6.759447 -8.188142 -5.234833 -5.772647 -0.620289 -0.001427 2.972390 -9999.0 -9999.0 -9999.0
-9999.0 -9999.0 -9999.0 -9999.0 -9999.0 -9999.0 -9999.0 -9999.0 -3.808084 -2.023534 -3.771810 -5.211336 -3.914049 -2.849040 -1.087319 -0.001787 0.837643 1.444341 4.810349 4.811637 3.856719 2.956313 1.584691 0.312224 2.329880 2.317651 0.283701 -0.273971 -5.941738 -5.029391 -5.812399 -5.518343 -3.671868 -5.328956 -3.197998 -2.628412 -0.187811 -0.023819 -0.762772 -3.094554 -4.370541 -7.564524 -5.167826 -2.931533 -2.731607 -1.560719 -4.667133 -3.281189 -0.265445 1.014806 0.550603 -0.292573 -5.434221 -5.865389 -3.811315 -3.954424 -1.749112 -0.004828 1.290083 3.673413 4.825291 -9999.0 -9999.0
-9999.0 -9999.0 -9999.0 -9999.0 -9999.0 -9999.0 -9999.0 -9999.0 -4.205458 -3.560752 -3.159065 -4.584946 -4.545844 -4.009086 -0.616595 -0.943280 -0.003061 0.742236 4.713228 3.974155 5.280389 3.827589 3.256556 3.381746 2.032591 2.097553 -0.001601 -1.394816 -5.008044 -4.186046 -4.957816 -2.241916 -2.945950 -2.523443 -2.030564 -1.918637 -0.025642 1.099734 -0.003803 -1.311592 -3.227027 -4.808292 -3.130120 -3.726448 -2.281768 -3.185314 -5.923850 -4.131845 -3.088410 -0.001183 1.973437 -0.002122 -4.790122 -5.363594 -2.836168 -0.557373 -0.000493 1.161173 3.305123 3.836518 4.322114 -9999.0 -9999.0
-9999.0 -9999.0 -9999.0 -9999.0 -9999.0 -9999.0 -9999.0 -9999.0 -6.847001 -2.979036 -0.502348 -6.214215 -3.574604 -0.857204 -0.396989 -0.001788 3.228277 4.479503 2.364491 5.041007 4.686444 5.102119 3.922856 3.393192 2.778739 0.374598 -0.001861 -2.154692 -2.439591 -1.163317 -1.564671 -0.794742 -0.035687 -0.199362 -0.226479 -1.179411 -0.000762 2.865477 -0.000887 -0.113804 -2.557602 -2.314211 -2.321457 -3.692387 -3.885975 -4.711960 -3.109372 -3.983417 -3.846665 -1.789391 -0.001689 1.568184 -0.001959 -0.424769 -0.000585 0.398519 1.931859 3.490400 4.515419 4.093480 3.173800 1.818194 -9999.0
-9999.0 -9999.0 -9999.0 -9999.0 -9999.0 -9999.0 -9999.0 -9999.0 -6.764517 -3.351529 -1.150260 -1.724565 -0.542995 -0.085939 -0.000287 0.777500 0.886483 1.583950 -0.002371 1.838086 4.014627 4.413015 4.729875 4.424810 1.207030 -0.002863 -1.258869 -0.001205 -0.001114 -0.002142 -0.375100 -0.000856 0.734002 -0.000627 -0.001527 -0.001534 0.962879 4.870498 4.367302 0.583549 -0.001434 -0.005284 -0.002035 -0.032539 -1.699233 -1.764170 -0.308055 -0.085074 -0.368027 -0.001760 0.073364 0.960416 1.325003 0.479300 1.090491 1.392386 2.119598 2.891331 3.490717 3.142254 3.061478 1.247682 -9999.0
-9999.0 -9999.0 -3.760877 -3.222610 -4.273095 -2.598977 -3.908973 -3.527203 -5.072134 -4.114780 -1.948370 -0.013752 -0.089049 -0.000940 -0.000129 0.363797 -0.001302 -1.371756 -0.485098 -0.001899 1.733812 4.419825 3.555593 5.533495 2.449237 1.070103 -0.002871 -0.002505 1.357804 -0.000207 -0.001997 -0.001843 1.471887 2.096053 2.136554 3.426398 4.397924 7.291772 6.309755 3.424682 2.154162 2.163370 2.778721 0.921661 -0.001268 -0.001609 0.117115 0.821125 0.928695 1.896941 2.574408 2.393129 1.819798 1.375145 1.315821 1.597336 1.907647 2.281768 1.890282 2.427202 0.314887 0.514633 -9999.0
-9999.0 -0.523959 -1.337803 -1.714427 -2.451457 -1.832027 -3.902190 -3.935993 -4.941067 -5.177680 -2.994264 -1.003806 -0.000499 -0.001157 -0.000048 -0.406259 -1.947648 -2.928915 -0.814323 -0.002013 1.524242 3.076756 1.721958 3.503734 2.570357 2.126827 0.809971 1.109564 2.423775 1.409791 1.212150 1.225089 2.661852 3.594009 4.914031 6.088581 7.628983 10.386490 7.717339 6.218218 5.423392 5.249655 4.545055 3.636999 2.419827 2.785371 2.646065 4.898981 4.070489 4.799532 3.159275 2.412174 1.668726 0.945411 0.885156 0.444153 0.319805 0.657230 0.131773 -0.000588 -0.000798 0.308289 -9999.0
-9999.0 -0.345502 -1.312848 -0.336339 -0.003705 -1.739193 -2.687495 -4.460164 -5.387390 -5.486659 -3.545951 -1.391383 -0.001833 -0.000038 -0.102909 -3.872349 -3.737700 -3.258044 -0.269927 -0.003317 -0.000607 1.177622 1.980993 0.893892 1.868009 2.707201 4.871472 4.338936 3.776455 5.544259 5.889024 5.593050 4.388607 5.267554 6.017907 8.105099 9.699341 10.755214 10.332046 9.475968 8.665845 7.764979 6.702604 7.300812 7.364284 7.133596 5.264907 5.069776 4.573410 3.914140 2.327852 1.284222 0.412218 1.066213 0.314192 -0.001435 -0.005761 -0.001810 -0.001718 -0.002154 -0.001018 -9999.0 -9999.0
