erum2020/resources/simulation/Vinschgau/output-maps/TsL0007N0096.asc
ncols         63
nrows         48
xllcorner     598000.000000
yllcorner     5145000.000000
cellsize      1000.000000
NODATA_value  -9999.0
[rows 0 to 27 of 48, columns 0 to 62 of 63]
-9999.0 -9999.0 -9999.0 -9999.0 -9999.0 -9999.0 -9999.0 -9999.0 -9999.0 -9999.0 -9999.0 -9999.0 -9999.0 -9999.0 -9999.0 -9999.0 -9999.0 -9999.0 -9999.0 -9999.0 -9999.0 -9999.0 -9999.0 -9999.0 -9999.0 -9999.0 -9999.0 -9999.0 -9999.0 -9999.0 -9999.0 -9999.0 -9999.0 -9999.0 -9999.0 -9999.0 -9999.0 -9999.0 -9999.0 -9999.0 -9999.0 -9999.0 -9999.0 -9999.0 -9999.0 -9999.0 -9999.0 -9999.0 -9999.0 -9999.0 -9999.0 -9999.0 -9999.0 -9999.0 -9999.0 -9999.0 -9999.0 -9999.0 -9999.0 -9999.0 -9999.0 -9999.0 -9999.0
-9999.0 -9999.0 -9999.0 -9999.0 -9999.0 -9999.0 -9999.0 -9999.0 -9999.0 -9999.0 -9999.0 -9999.0 -9999.0 -9999.0 -9999.0 -9999.0 -9999.0 -9999.0 -9999.0 -9999.0 -9999.0 -9999.0 -9999.0 -9999.0 -9999.0 -9999.0 -9999.0 -0.595315 -0.636636 -0.615516 -0.584905 -0.672076 -0.854757 -9999.0 -9999.0 -9999.0 -9999.0 -9999.0 -9999.0 -9999.0 -9999.0 -9999.0 -9999.0 -9999.0 -9999.0 -9999.0 -9999.0 -9999.0 -9999.0 -9999.0 -9999.0 -9999.0 -9999.0 -9999.0 -9999.0 -9999.0 -9999.0 -9999.0 -9999.0 -9999.0 -9999.0 -9999.0 -9999.0
-9999.0 -9999.0 -9999.0 -9999.0 -9999.0 -9999.0 -9999.0 -9999.0 -9999.0 -9999.0 -9999.0 -9999.0 -9999.0 -9999.0 -9999.0 -9999.0 -9999.0 -9999.0 -9999.0 -9999.0 -9999.0 -9999.0 -9999.0 -9999.0 -0.005101 -0.597847 -0.666400 -0.658347 -0.661230 -0.657621 -0.590863 -9999.0 -9999.0 -9999.0 -9999.0 -9999.0 -9999.0 -9999.0 -9999.0 -9999.0 -9999.0 -9999.0 -9999.0 -9999.0 -9999.0 -9999.0 -9999.0 -9999.0 -9999.0 -9999.0 -9999.0 -9999.0 -9999.0 -9999.0 -9999.0 -9999.0 -9999.0 -9999.0 -9999.0 -9999.0 -9999.0 -9999.0 -9999.0
-9999.0 -9999.0 -9999.0 -9999.0 -9999.0 -9999.0 -9999.0 -9999.0 -9999.0 -9999.0 -9999.0 -9999.0 -9999.0 -9999.0 -9999.0 -9999.0 -9999.0 -9999.0 -9999.0 -9999.0 -9999.0 -9999.0 -9999.0 -0.428409 -0.005703 0.007659 0.005764 0.006423 -0.003578 -0.672325 -0.671901 -0.608606 -9999.0 -9999.0 -9999.0 -9999.0 -9999.0 -9999.0 -9999.0 -9999.0 -9999.0 -9999.0 -9999.0 -9999.0 -9999.0 -9999.0 -9999.0 -9999.0 -9999.0 -9999.0 -9999.0 -9999.0 -9999.0 -9999.0 -9999.0 -9999.0 -9999.0 -9999.0 -9999.0 -9999.0 -9999.0 -9999.0 -9999.0
-9999.0 -9999.0 -9999.0 -9999.0 -9999.0 -9999.0 -9999.0 -9999.0 -9999.0 -9999.0 -9999.0 -9999.0 -9999.0 -9999.0 -9999.0 -9999.0 -9999.0 -9999.0 0.046936 -0.001845 -9999.0 -0.014499 -0.005798 0.007847 0.023587 0.038730 -0.007487 -0.007258 0.079949 -0.005714 -0.683322 -0.662939 -0.655563 -0.795152 -9999.0 -9999.0 -9999.0 -9999.0 -9999.0 -9999.0 -9999.0 -9999.0 -9999.0 -9999.0 -9999.0 -9999.0 -9999.0 -9999.0 -9999.0 -9999.0 -9999.0 -9999.0 -9999.0 -9999.0 -9999.0 -9999.0 -9999.0 -9999.0 -9999.0 -9999.0 -9999.0 -9999.0 -9999.0
-9999.0 -9999.0 -9999.0 -9999.0 -9999.0 -9999.0 -9999.0 -9999.0 -9999.0 -9999.0 -9999.0 -9999.0 -9999.0 -9999.0 -9999.0 -9999.0 -9999.0 -0.010385 0.045450 -0.571956 -0.616262 -0.007465 -0.004812 -0.005038 0.054262 -0.028698 -0.329071 -0.005238 -0.564265 -0.008209 -0.005554 -0.630504 -0.709448 -0.687285 -0.673251 -2.070042 -9999.0 -9999.0 -9999.0 -9999.0 -9999.0 -9999.0 -9999.0 -9999.0 -9999.0 -9999.0 -9999.0 -9999.0 -9999.0 -9999.0 -9999.0 -9999.0 -9999.0 -9999.0 -9999.0 -9999.0 -9999.0 -9999.0 -9999.0 -9999.0 -9999.0 -9999.0 -9999.0
-9999.0 -9999.0 -9999.0 -9999.0 -9999.0 -9999.0 -9999.0 -9999.0 -9999.0 -9999.0 -9999.0 -9999.0 -9999.0 -0.539010 -0.002854 0.029648 0.098504 -0.435711 -0.010090 0.025079 0.031127 0.051330 0.029347 0.027170 -0.710609 -0.588718 -0.599262 -0.577898 -0.580784 -0.005723 -0.005804 -0.621967 -0.636398 -1.477464 -2.505882 -2.818598 -9999.0 -9999.0 -9999.0 -9999.0 -9999.0 -9999.0 -9999.0 -9999.0 -9999.0 -9999.0 -9999.0 -9999.0 -9999.0 -9999.0 -9999.0 -9999.0 -9999.0 -9999.0 -9999.0 -9999.0 -9999.0 -9999.0 -9999.0 -9999.0 -9999.0 -9999.0 -9999.0
-9999.0 -9999.0 -9999.0 -9999.0 -9999.0 -9999.0 -9999.0 -9999.0 -9999.0 -9999.0 -9999.0 -9999.0 -9999.0 -0.005033 0.047810 0.052526 0.051484 0.182133 -0.718248 0.045979 -0.858334 -0.010859 0.015194 -0.005595 -0.005471 -0.605933 -0.658518 -1.040564 -1.314483 -0.594519 -0.470712 -1.320359 -2.591899 -3.200320 -3.121038 -9999.0 -9999.0 -9999.0 -9999.0 -9999.0 -9999.0 -9999.0 -9999.0 -9999.0 -9999.0 -9999.0 -9999.0 -9999.0 -9999.0 -9999.0 -9999.0 -9999.0 -9999.0 -9999.0 -9999.0 -9999.0 -9999.0 -9999.0 -9999.0 -9999.0 -9999.0 -9999.0 -9999.0
-9999.0 -9999.0 -9999.0 -9999.0 -9999.0 -9999.0 -9999.0 -9999.0 -9999.0 -9999.0 -9999.0 -9999.0 -9999.0 0.007801 0.062010 0.101426 0.022196 0.053390 -0.839539 0.115912 0.003715 -0.661474 -0.008710 -0.024791 -0.005330 -0.005258 -0.625155 -1.303161 -0.660757 -1.982949 -0.984343 -2.902210 -2.924887 -3.312667 -3.480088 -9999.0 -9999.0 -9999.0 -9999.0 -9999.0 -9999.0 -9999.0 -9999.0 -9999.0 -9999.0 -9999.0 -9999.0 -9999.0 -9999.0 -9999.0 -9999.0 -9999.0 -9999.0 -9999.0 -9999.0 -9999.0 -9999.0 -9999.0 -9999.0 -9999.0 -9999.0 -9999.0 -9999.0
-9999.0 -9999.0 -9999.0 -9999.0 -9999.0 -9999.0 -9999.0 -9999.0 -9999.0 -9999.0 -9999.0 -9999.0 -0.002956 0.030066 0.025487 -0.637699 -0.004605 0.037432 0.226738 -1.065406 -0.000175 -0.605033 -0.572860 -0.015689 -0.007361 -0.627667 -0.007508 -0.605985 -0.632729 -1.777927 -1.250127 -0.671473 -0.758875 -2.317410 -9999.0 -9999.0 -9999.0 -9999.0 -9999.0 -9999.0 -9999.0 -9999.0 -9999.0 -9999.0 -9999.0 -9999.0 -9999.0 -9999.0 -9999.0 -9999.0 -9999.0 -9999.0 -9999.0 -9999.0 -9999.0 -9999.0 -9999.0 -9999.0 -9999.0 -9999.0 -9999.0 -9999.0 -9999.0
-9999.0 -9999.0 -9999.0 -9999.0 -9999.0 -9999.0 -9999.0 -9999.0 -9999.0 -9999.0 -9999.0 -0.005358 -0.006421 0.026362 -0.608503 -0.571238 -0.612134 0.023950 0.396778 -1.057038 -0.042839 0.021395 -0.585772 -0.589402 -0.601235 -0.593849 -0.676466 -0.625203 -0.671322 -2.334551 -0.650403 -0.765441 -0.767698 -2.570480 -2.031173 -3.190596 -4.252531 -3.367943 -2.759828 -9999.0 -9999.0 -9999.0 -2.419317 -9999.0 -9999.0 -9999.0 -9999.0 -9999.0 -9999.0 -9999.0 -9999.0 -9999.0 -9999.0 -9999.0 -9999.0 -9999.0 -9999.0 -9999.0 -9999.0 -9999.0 -9999.0 -9999.0 -9999.0
-9999.0 -9999.0 -9999.0 -9999.0 -9999.0 -9999.0 -9999.0 -9999.0 -9999.0 -9999.0 -9999.0 -0.454864 -0.006398 -0.002569 -0.005424 -0.541170 -0.000913 0.041861 0.397093 0.263930 0.054069 0.005432 -0.403815 -0.571394 -0.566516 -0.583044 -0.633095 -0.653583 -0.617380 -1.055512 -0.704403 -0.771335 -0.830302 -0.812360 -1.724918 -3.834372 -2.547209 -6.489673 -7.631732 -8.083821 -6.149690 -4.403767 -1.535101 -1.386796 -9999.0 -9999.0 -9999.0 0.001430 -0.005000 -0.054507 -0.004978 -0.007295 -0.011044 0.013931 0.014411 -0.018444 -9999.0 -9999.0 -9999.0 -9999.0 -9999.0 -9999.0 -9999.0
-9999.0 -9999.0 -9999.0 -9999.0 -9999.0 -9999.0 -9999.0 -9999.0 -9999.0 -9999.0 -9999.0 -0.346290 -0.474595 -0.616839 -0.008276 -0.655593 -0.005536 0.010068 0.117609 0.288443 0.078968 -0.006093 -0.006423 -0.280175 -0.585944 -0.645112 -0.595219 -0.625729 -0.620129 -0.610224 -1.184324 -0.743938 -0.829473 -0.926847 -2.931077 -2.536198 -8.130591 -5.488154 -4.846332 -12.600037 -3.949272 -4.370643 -1.150976 -0.846865 -0.725857 -9999.0 -0.520990 -0.005142 -0.004978 -0.002533 -0.001578 -0.192468 0.001027 0.003329 0.002235 -0.001585 -9999.0 -9999.0 -9999.0 -9999.0 -9999.0 -9999.0 -9999.0
-9999.0 -9999.0 -9999.0 -9999.0 -9999.0 -9999.0 -9999.0 -9999.0 -9999.0 -9999.0 -9999.0 -9999.0 -0.048942 -0.008466 -0.004637 -0.005925 -0.010738 0.000219 0.253434 0.303097 0.021375 -0.003766 -0.002001 -0.005729 -0.623388 -0.217597 0.010070 -0.602383 -0.579063 -0.645665 -0.692964 -0.749873 -0.790865 -0.852028 -1.620817 -4.210468 -9.981203 -5.069198 -3.103003 -8.465662 -2.393350 -1.891102 -1.510293 -0.004762 -0.748636 -0.563400 -0.539683 -0.006888 -0.433680 -0.513082 -0.006755 -0.005101 0.007436 -0.006306 -0.006410 -0.009287 -0.004939 -9999.0 -9999.0 -9999.0 -9999.0 -9999.0 -9999.0
-9999.0 -9999.0 -9999.0 -9999.0 -9999.0 -9999.0 -9999.0 -9999.0 -9999.0 -9999.0 -9999.0 -0.008937 -0.510505 -0.433525 -0.005628 -0.005577 -0.005344 -0.005224 0.141041 -0.008185 0.033874 0.031134 -0.005201 -0.516074 -0.008894 -0.004023 -0.008043 -0.600604 -0.650474 -0.644904 -0.746075 -0.784739 -0.274209 -0.829943 -3.299151 -3.512745 -6.849871 -8.804600 -0.167882 -4.186907 -2.978280 -1.867373 -1.536050 -1.100776 0.001684 -0.600134 -0.007174 -0.566673 -0.047285 -0.700562 -0.467245 -0.455439 -0.402383 -0.435031 -0.402878 -0.407154 -0.008928 -9999.0 -9999.0 -9999.0 -9999.0 -9999.0 -9999.0
-9999.0 -9999.0 -9999.0 -9999.0 -9999.0 -9999.0 -9999.0 -9999.0 -9999.0 -9999.0 -0.006640 -0.006736 -0.005042 -0.477932 -0.004105 -0.004405 -0.588135 -0.005836 0.081540 0.179274 0.265904 0.025732 -0.012798 0.021368 0.002087 -0.006534 -0.595054 -0.632505 -0.010826 -0.002214 -0.005526 -0.674994 -0.705957 -0.770313 -3.828108 -3.082040 -4.126621 -9.038764 -5.094349 -2.978401 -2.962548 -2.625023 -1.314273 -0.705378 -0.005432 -0.674420 -0.005478 -0.719733 -0.005076 -0.005673 -0.444387 -0.445203 -0.436042 -0.436872 -0.403994 -0.001718 -0.002409 -9999.0 -9999.0 -9999.0 -9999.0 -9999.0 -9999.0
-9999.0 -9999.0 -9999.0 -9999.0 -9999.0 -9999.0 -9999.0 -9999.0 -9999.0 -0.494835 -0.007097 -0.007233 -0.004553 -0.014293 -0.005590 -0.455738 -0.449021 0.008041 0.060132 -0.007896 0.321995 0.002420 0.000482 0.009558 -0.005805 -0.636163 -0.715374 0.001187 -0.003198 -0.001709 -0.001582 -0.674913 -2.119480 -2.501723 -2.218199 -3.263078 -0.997782 -2.016229 -1.588025 -3.142192 -3.713404 -0.895938 -0.777290 -2.822552 -1.184397 -0.004244 0.024341 -0.543776 -0.563750 0.001005 -0.519715 -0.044496 -0.448052 -0.380074 -0.150533 -0.006847 -0.003684 0.001510 -0.001246 -9999.0 -9999.0 -9999.0 -9999.0
-9999.0 -9999.0 -9999.0 -9999.0 -9999.0 -9999.0 -9999.0 -9999.0 -9999.0 -0.534594 -0.521217 -0.554020 0.034233 -0.004511 -0.005687 -0.007701 0.008988 -0.001681 0.067783 0.420053 0.399710 0.137226 -0.004732 -0.003709 -0.637162 -0.010131 -0.004880 0.002557 0.005679 -0.007569 -0.707783 -0.667231 -0.627776 -0.679487 -0.784561 -0.928613 -1.402135 -1.225831 -1.719032 -0.793483 -0.011174 -0.717708 -0.650001 -0.969025 -0.005945 0.025115 0.022208 0.003673 -0.000551 -0.004941 -0.430254 -0.283519 -0.307461 -0.354875 -0.395072 -0.006435 -0.005066 -0.003861 0.002320 -9999.0 -9999.0 -9999.0 -9999.0
-9999.0 -9999.0 -9999.0 -9999.0 -9999.0 -9999.0 -9999.0 -9999.0 -9999.0 -9999.0 -0.520571 -0.516482 -0.016709 0.015752 -0.003348 -0.005029 -0.004455 0.013902 -2.207104 0.241723 0.322394 0.046637 0.000791 -0.012032 -0.006157 0.000200 0.013492 0.017033 -0.616658 -0.624680 -0.600209 -0.008417 -0.586873 -0.585062 -0.702616 -0.144522 -0.005630 -0.774287 -0.777708 -0.718312 -1.107768 -0.470570 -0.548938 -0.602423 -0.686496 -0.948605 -0.867052 0.006213 -2.398647 0.000275 -0.434434 -0.086189 -0.005962 -0.176815 -0.012015 -0.374347 -0.005220 -0.002634 -0.000525 -0.002306 -9999.0 -9999.0 -9999.0
-9999.0 -9999.0 -9999.0 -9999.0 -9999.0 -9999.0 -9999.0 -9999.0 -9999.0 -9999.0 -0.524021 -0.516675 -0.010044 -0.004791 0.163356 0.003643 -0.003579 0.097662 0.179778 0.321259 0.110242 0.038779 0.004744 -0.002921 -0.001982 0.023558 0.071576 -0.004424 -0.607703 -0.615333 -0.604575 -0.012593 -0.649078 -0.578295 -0.588482 -0.627971 -0.848512 -0.733604 -0.680869 -0.599696 -0.573487 -0.593034 -0.247544 -0.559481 -0.007657 -0.416207 -0.005116 -0.673844 -2.573119 -0.012640 -0.001213 -0.005257 -0.005165 -0.007375 -0.213169 -0.005146 -0.382143 -0.003297 -1.255701 0.077618 -9999.0 -9999.0 -9999.0
-9999.0 -9999.0 -9999.0 -9999.0 -9999.0 -9999.0 -9999.0 -9999.0 -0.004979 -0.015619 -0.453892 -0.006980 -0.233965 -0.307478 -0.005118 0.083108 0.052100 0.181113 0.395357 0.407826 0.116984 -2.067070 0.054305 0.052344 0.016832 -0.008288 0.025955 -0.342202 -0.016547 -0.590780 -1.493922 -0.554971 -0.549630 -0.551110 -0.480595 -0.604107 -0.015630 -0.686239 -0.609994 -0.580515 -0.556046 -0.554180 -0.543744 -0.631943 -0.429085 -0.004979 -0.511118 -0.005057 -0.620174 0.138815 0.008582 -0.022356 -0.005101 -0.031016 -0.004924 0.002945 0.002119 0.002389 0.023732 0.092279 -9999.0 -9999.0 -9999.0
-9999.0 -9999.0 -9999.0 -9999.0 -9999.0 -9999.0 -9999.0 -9999.0 -0.361325 -0.005594 -0.534874 -0.529004 -0.547975 -0.006223 -0.006448 -0.002298 0.047503 0.030376 -1.509042 0.551906 0.839985 0.632891 0.121121 0.073284 -2.253951 -0.007974 0.048250 -0.010075 -0.599013 -0.509933 -0.493120 -0.602914 -0.085299 -0.530312 -0.005001 -0.004989 -0.070731 -0.006713 -0.560932 -0.005869 -0.504105 -0.642831 -0.511773 -0.004979 -0.004929 -0.005164 -0.483714 -0.464763 -0.171467 0.040873 0.062192 -0.005377 -0.005341 0.000501 -0.006069 -0.046373 -0.005663 -0.001358 -0.038008 0.898796 1.024298 -9999.0 -9999.0
-9999.0 -9999.0 -9999.0 -9999.0 -9999.0 -9999.0 -9999.0 -9999.0 -0.519151 -0.370322 -0.004157 -0.496935 -0.007755 -0.504720 -0.004127 -0.011944 0.014700 0.027581 0.164942 0.750241 0.717780 0.700228 0.457707 0.225894 0.225022 0.081541 0.017906 -0.569938 -0.734669 -0.625579 -0.605527 -0.005004 -0.550613 -0.565311 -0.004979 -0.002089 -0.014416 -0.007004 -0.517806 -0.432109 -0.330167 -0.463047 -0.004985 -0.022160 -0.296807 -0.444074 -0.009181 -0.003633 -0.005530 -0.006666 0.267482 0.042737 -0.027528 -0.351169 -0.001437 0.038556 0.038276 0.119041 0.352271 0.775984 0.969602 -9999.0 -9999.0
-9999.0 -9999.0 -9999.0 -9999.0 -9999.0 -9999.0 -9999.0 -9999.0 -0.594084 -0.412295 0.004475 -0.580293 -0.003860 -0.003847 -0.001566 0.016578 -2.369893 0.165383 0.182044 0.411819 0.565839 0.685543 0.667260 0.609880 0.201904 0.039969 -0.003970 -0.650771 0.001963 -0.007467 -0.576174 -0.566560 -0.003116 -0.005528 -0.530115 -0.007418 -0.044950 0.001042 -0.407789 -0.476942 -0.004983 -0.004833 -0.003834 -0.470414 -0.004854 -0.007813 0.000402 -0.017030 -0.001517 -0.431980 0.022292 0.146493 0.059942 0.035099 0.061751 0.111104 0.300638 0.433634 0.925656 0.941007 0.315810 0.119527 -9999.0
-9999.0 -9999.0 -9999.0 -9999.0 -9999.0 -9999.0 -9999.0 -9999.0 -0.365245 -0.005082 -0.003943 -0.010224 -0.001486 0.003743 0.076394 0.165089 0.175103 0.058792 0.034515 0.111170 0.174809 0.611149 0.618885 0.611362 0.097528 0.007298 -0.006498 -0.004004 0.005463 0.000963 -0.015839 -0.002540 0.001705 -0.003699 -0.498536 -0.284463 -0.006270 0.055631 -0.026636 -0.027885 -0.409751 -0.257531 -0.008064 -0.259550 -0.482778 -0.003490 -0.389467 -0.002843 -0.006405 0.000589 0.041948 -0.013699 0.135861 0.132970 0.214473 0.374536 0.770405 0.822505 0.686279 0.240838 0.053162 0.080417 -9999.0
-9999.0 -9999.0 -0.481631 -0.005137 -0.006057 -0.302422 -0.005924 -0.457156 -0.009402 -0.005044 -0.005264 0.049286 0.008218 0.037511 0.203473 0.217361 -0.271583 -0.155833 -0.011554 0.000790 0.112745 0.299523 0.588722 0.279483 0.283640 0.050819 0.002718 0.000211 0.039543 0.042506 -0.004311 -0.000080 0.157043 0.008543 0.026964 -0.001649 0.036175 0.053675 0.021107 -0.011331 -0.003337 -0.001526 -0.494202 0.000785 -0.015890 -0.003818 0.028234 0.042858 -0.751106 0.112632 0.257672 0.680686 0.736503 0.452105 0.418335 0.709754 0.551657 0.341374 0.120398 -0.002941 0.054112 0.004299 -9999.0
-9999.0 -0.005519 -0.005545 -0.005599 -0.006068 -0.005214 -0.006583 -0.023107 -0.268809 -0.455144 -0.005720 -0.003456 0.137653 0.370674 0.235388 0.005289 -0.007368 -0.008140 -0.006077 0.000486 0.106110 0.145351 0.401346 0.430873 0.420935 0.147156 0.287978 0.284626 0.085898 0.157704 0.084476 0.066025 0.086995 0.303488 0.146644 0.205540 0.148686 0.195235 0.228270 0.042466 0.028090 0.138734 0.127612 0.043437 0.051505 0.062200 0.185057 -0.004989 0.354229 0.362617 0.701928 0.656489 0.537770 0.217886 0.198840 0.089645 0.095846 0.071961 0.047453 -0.000758 0.003792 0.003916 -9999.0
-9999.0 -0.005034 -0.003457 -0.002910 0.081999 -0.003477 -0.018431 -0.534854 -0.038786 -0.470231 -0.008183 -0.003412 0.022798 0.229702 -0.006842 -0.016998 -0.424342 -0.487063 -0.001546 0.019750 0.084611 0.202200 0.302495 0.231853 0.495606 0.651976 0.320677 0.601773 0.592348 0.219469 0.230514 0.155453 0.190289 0.380108 0.604584 0.749844 1.157217 1.501157 0.727067 0.644301 0.552824 0.693784 0.267805 0.292960 0.387388 0.352425 0.866724 0.972940 0.750973 0.714197 0.203190 -0.002200 0.075491 0.056734 0.043981 0.037879 0.033791 -0.003454 -0.003904 0.000790 0.001552 -9999.0 -9999.0
