erum2020/resources/simulation/Vinschgau/output-maps/TsL0006N1414.asc
ncols         63
nrows         48
xllcorner     598000.000000
yllcorner     5145000.000000
cellsize      1000.000000
NODATA_value  -9999.0
[rows 0 to 27 of 48, columns 0 to 62 of 63]
-9999.0 -9999.0 -9999.0 -9999.0 -9999.0 -9999.0 -9999.0 -9999.0 -9999.0 -9999.0 -9999.0 -9999.0 -9999.0 -9999.0 -9999.0 -9999.0 -9999.0 -9999.0 -9999.0 -9999.0 -9999.0 -9999.0 -9999.0 -9999.0 -9999.0 -9999.0 -9999.0 -9999.0 -9999.0 -9999.0 -9999.0 -9999.0 -9999.0 -9999.0 -9999.0 -9999.0 -9999.0 -9999.0 -9999.0 -9999.0 -9999.0 -9999.0 -9999.0 -9999.0 -9999.0 -9999.0 -9999.0 -9999.0 -9999.0 -9999.0 -9999.0 -9999.0 -9999.0 -9999.0 -9999.0 -9999.0 -9999.0 -9999.0 -9999.0 -9999.0 -9999.0 -9999.0 -9999.0
-9999.0 -9999.0 -9999.0 -9999.0 -9999.0 -9999.0 -9999.0 -9999.0 -9999.0 -9999.0 -9999.0 -9999.0 -9999.0 -9999.0 -9999.0 -9999.0 -9999.0 -9999.0 -9999.0 -9999.0 -9999.0 -9999.0 -9999.0 -9999.0 -9999.0 -9999.0 -9999.0 -1.106499 -0.000881 -0.016391 -0.008972 -0.827049 -3.053729 -9999.0 -9999.0 -9999.0 -9999.0 -9999.0 -9999.0 -9999.0 -9999.0 -9999.0 -9999.0 -9999.0 -9999.0 -9999.0 -9999.0 -9999.0 -9999.0 -9999.0 -9999.0 -9999.0 -9999.0 -9999.0 -9999.0 -9999.0 -9999.0 -9999.0 -9999.0 -9999.0 -9999.0 -9999.0 -9999.0
-9999.0 -9999.0 -9999.0 -9999.0 -9999.0 -9999.0 -9999.0 -9999.0 -9999.0 -9999.0 -9999.0 -9999.0 -9999.0 -9999.0 -9999.0 -9999.0 -9999.0 -9999.0 -9999.0 -9999.0 -9999.0 -9999.0 -9999.0 -9999.0 0.039434 0.076881 0.232994 0.041664 0.235218 0.195214 -0.714931 -9999.0 -9999.0 -9999.0 -9999.0 -9999.0 -9999.0 -9999.0 -9999.0 -9999.0 -9999.0 -9999.0 -9999.0 -9999.0 -9999.0 -9999.0 -9999.0 -9999.0 -9999.0 -9999.0 -9999.0 -9999.0 -9999.0 -9999.0 -9999.0 -9999.0 -9999.0 -9999.0 -9999.0 -9999.0 -9999.0 -9999.0 -9999.0
-9999.0 -9999.0 -9999.0 -9999.0 -9999.0 -9999.0 -9999.0 -9999.0 -9999.0 -9999.0 -9999.0 -9999.0 -9999.0 -9999.0 -9999.0 -9999.0 -9999.0 -9999.0 -9999.0 -9999.0 -9999.0 -9999.0 -9999.0 0.102097 0.638834 2.687502 3.168781 3.332917 3.297404 0.228925 -0.691183 -0.849564 -9999.0 -9999.0 -9999.0 -9999.0 -9999.0 -9999.0 -9999.0 -9999.0 -9999.0 -9999.0 -9999.0 -9999.0 -9999.0 -9999.0 -9999.0 -9999.0 -9999.0 -9999.0 -9999.0 -9999.0 -9999.0 -9999.0 -9999.0 -9999.0 -9999.0 -9999.0 -9999.0 -9999.0 -9999.0 -9999.0 -9999.0
-9999.0 -9999.0 -9999.0 -9999.0 -9999.0 -9999.0 -9999.0 -9999.0 -9999.0 -9999.0 -9999.0 -9999.0 -9999.0 -9999.0 -9999.0 -9999.0 -9999.0 -9999.0 3.299632 0.553319 -9999.0 0.294074 0.621890 2.336010 2.583051 3.243947 2.398595 2.676734 2.205075 0.702085 0.071788 -0.013080 -1.943568 -2.580979 -9999.0 -9999.0 -9999.0 -9999.0 -9999.0 -9999.0 -9999.0 -9999.0 -9999.0 -9999.0 -9999.0 -9999.0 -9999.0 -9999.0 -9999.0 -9999.0 -9999.0 -9999.0 -9999.0 -9999.0 -9999.0 -9999.0 -9999.0 -9999.0 -9999.0 -9999.0 -9999.0 -9999.0 -9999.0
-9999.0 -9999.0 -9999.0 -9999.0 -9999.0 -9999.0 -9999.0 -9999.0 -9999.0 -9999.0 -9999.0 -9999.0 -9999.0 -9999.0 -9999.0 -9999.0 -9999.0 4.821895 3.498251 3.222543 0.528968 0.206228 0.724967 1.809583 2.963156 0.166039 -0.046862 0.576958 -0.029582 1.597035 0.976380 0.122968 0.051995 -1.153124 -2.165756 -2.552527 -9999.0 -9999.0 -9999.0 -9999.0 -9999.0 -9999.0 -9999.0 -9999.0 -9999.0 -9999.0 -9999.0 -9999.0 -9999.0 -9999.0 -9999.0 -9999.0 -9999.0 -9999.0 -9999.0 -9999.0 -9999.0 -9999.0 -9999.0 -9999.0 -9999.0 -9999.0 -9999.0
-9999.0 -9999.0 -9999.0 -9999.0 -9999.0 -9999.0 -9999.0 -9999.0 -9999.0 -9999.0 -9999.0 -9999.0 -9999.0 1.776196 1.807128 3.054017 4.344562 7.456141 4.449991 2.500327 2.529371 2.241336 2.834205 3.123012 -0.006247 0.564766 -0.846122 -0.036555 -0.044443 -0.005644 -1.358979 0.461058 0.002569 -0.001971 -1.559009 -2.701453 -9999.0 -9999.0 -9999.0 -9999.0 -9999.0 -9999.0 -9999.0 -9999.0 -9999.0 -9999.0 -9999.0 -9999.0 -9999.0 -9999.0 -9999.0 -9999.0 -9999.0 -9999.0 -9999.0 -9999.0 -9999.0 -9999.0 -9999.0 -9999.0 -9999.0 -9999.0 -9999.0
-9999.0 -9999.0 -9999.0 -9999.0 -9999.0 -9999.0 -9999.0 -9999.0 -9999.0 -9999.0 -9999.0 -9999.0 -9999.0 2.479649 3.670018 3.873701 3.727475 7.128608 7.507653 4.011575 3.608739 4.317519 2.466738 1.388794 1.787320 0.892761 -0.000913 -0.633868 -1.641961 -0.490862 -0.049518 -0.004647 -1.838205 -2.707657 -2.326391 -9999.0 -9999.0 -9999.0 -9999.0 -9999.0 -9999.0 -9999.0 -9999.0 -9999.0 -9999.0 -9999.0 -9999.0 -9999.0 -9999.0 -9999.0 -9999.0 -9999.0 -9999.0 -9999.0 -9999.0 -9999.0 -9999.0 -9999.0 -9999.0 -9999.0 -9999.0 -9999.0 -9999.0
-9999.0 -9999.0 -9999.0 -9999.0 -9999.0 -9999.0 -9999.0 -9999.0 -9999.0 -9999.0 -9999.0 -9999.0 -9999.0 3.416592 2.665064 4.595025 3.376503 4.089072 7.797198 4.470082 4.986371 1.864469 0.461009 -0.009401 1.587513 1.229084 0.071776 -1.805030 -0.851880 -2.100855 -0.714489 -3.687688 -3.247352 -9.475582 -2.790093 -9999.0 -9999.0 -9999.0 -9999.0 -9999.0 -9999.0 -9999.0 -9999.0 -9999.0 -9999.0 -9999.0 -9999.0 -9999.0 -9999.0 -9999.0 -9999.0 -9999.0 -9999.0 -9999.0 -9999.0 -9999.0 -9999.0 -9999.0 -9999.0 -9999.0 -9999.0 -9999.0 -9999.0
-9999.0 -9999.0 -9999.0 -9999.0 -9999.0 -9999.0 -9999.0 -9999.0 -9999.0 -9999.0 -9999.0 -9999.0 2.152697 2.116733 4.188863 2.527560 1.994750 3.713136 7.836478 4.482290 2.534871 0.231657 0.562763 -0.013864 -1.461997 -0.000969 -2.586613 -0.753018 0.002258 -1.968818 -3.249285 -2.030848 -1.413413 -2.949661 -9999.0 -9999.0 -9999.0 -9999.0 -9999.0 -9999.0 -9999.0 -9999.0 -9999.0 -9999.0 -9999.0 -9999.0 -9999.0 -9999.0 -9999.0 -9999.0 -9999.0 -9999.0 -9999.0 -9999.0 -9999.0 -9999.0 -9999.0 -9999.0 -9999.0 -9999.0 -9999.0 -9999.0 -9999.0
-9999.0 -9999.0 -9999.0 -9999.0 -9999.0 -9999.0 -9999.0 -9999.0 -9999.0 -9999.0 -9999.0 1.737640 3.591663 3.298770 3.604220 3.522282 3.535048 3.941381 7.802691 5.830467 2.323194 2.216552 0.643389 0.008904 0.732795 0.028694 -0.841224 -0.001278 -1.301342 -2.578880 -2.077661 0.006301 -1.578696 -2.360620 -2.137996 -1.430364 -1.321007 -0.021253 -0.073401 -9999.0 -9999.0 -9999.0 -2.370132 -9999.0 -9999.0 -9999.0 -9999.0 -9999.0 -9999.0 -9999.0 -9999.0 -9999.0 -9999.0 -9999.0 -9999.0 -9999.0 -9999.0 -9999.0 -9999.0 -9999.0 -9999.0 -9999.0 -9999.0
-9999.0 -9999.0 -9999.0 -9999.0 -9999.0 -9999.0 -9999.0 -9999.0 -9999.0 -9999.0 -9999.0 1.330542 3.756260 5.295202 5.005806 2.653813 6.033932 4.425981 7.854256 6.038411 5.030826 2.258788 0.417182 -1.771113 -1.073741 -0.000992 -0.003591 0.038153 -0.003534 -2.419660 -0.001756 0.258374 -0.876482 -2.133280 -2.389640 -0.001815 0.226930 0.223126 -0.008882 -2.249532 -2.220850 -2.359389 -0.005397 -1.893741 -9999.0 -9999.0 -9999.0 -3.698194 -3.181517 -2.178933 -2.669151 -3.851887 -3.967375 -3.716845 -3.539929 -4.189437 -9999.0 -9999.0 -9999.0 -9999.0 -9999.0 -9999.0 -9999.0
-9999.0 -9999.0 -9999.0 -9999.0 -9999.0 -9999.0 -9999.0 -9999.0 -9999.0 -9999.0 -9999.0 1.168294 1.393733 1.423580 3.039716 3.495966 1.949505 3.775662 6.823412 5.965655 2.356744 0.074407 -0.890376 0.038238 -0.001082 -0.784224 -1.014983 -3.017550 -1.368977 -1.944581 -1.626802 -1.262422 0.044032 -2.031663 -1.910443 0.082865 -0.636336 -0.785038 0.621308 -1.589511 -0.001917 -1.401972 0.040139 -0.001143 -2.441209 -9999.0 -2.884851 -2.456387 -0.005038 0.004244 0.034076 0.033759 -0.000971 -0.650525 -0.692234 -2.033916 -9999.0 -9999.0 -9999.0 -9999.0 -9999.0 -9999.0 -9999.0
-9999.0 -9999.0 -9999.0 -9999.0 -9999.0 -9999.0 -9999.0 -9999.0 -9999.0 -9999.0 -9999.0 -9999.0 1.517722 -0.004677 2.341047 2.615763 0.766115 2.824261 7.289085 5.923949 2.194469 0.686854 -0.027413 -0.541302 -2.174996 -1.115582 0.112819 0.019929 -0.546076 -1.860417 -0.004130 -1.017649 0.071308 -0.741808 -0.896071 -0.000918 -1.019960 -0.744284 1.714800 0.043337 0.371098 -0.006324 -0.555065 0.278922 -1.690461 -2.572372 -2.341004 -2.199381 -2.155691 -0.625107 -0.111769 -0.928784 -3.193502 -1.569953 -2.255802 -0.005773 -1.609254 -9999.0 -9999.0 -9999.0 -9999.0 -9999.0 -9999.0
-9999.0 -9999.0 -9999.0 -9999.0 -9999.0 -9999.0 -9999.0 -9999.0 -9999.0 -9999.0 -9999.0 -0.614594 0.354389 1.819378 -0.004460 0.384645 1.438371 2.181888 6.777859 4.157813 2.459654 0.897879 -0.005559 -1.094284 -1.006651 -0.386287 -0.577923 -0.729842 -0.778332 -0.635199 -1.095514 -1.445470 0.605703 -0.699947 -2.593570 -0.001785 -0.002325 -0.610574 0.002305 1.258156 -0.618047 -0.009928 -0.015169 -0.414847 0.707687 -0.690980 -0.000764 -0.589056 0.069729 -0.045941 -3.139981 -0.666765 -3.166669 -4.963734 -5.681486 -4.014990 -1.992805 -9999.0 -9999.0 -9999.0 -9999.0 -9999.0 -9999.0
-9999.0 -9999.0 -9999.0 -9999.0 -9999.0 -9999.0 -9999.0 -9999.0 -9999.0 -9999.0 0.026127 -0.124585 0.506513 0.618670 1.551270 -0.000711 -0.002573 0.092083 3.290242 3.813279 4.184564 2.504472 -0.491413 0.906862 -0.012637 -1.706904 -1.571929 -4.173255 0.048248 0.345624 -0.043738 -1.140692 0.299163 -0.710243 -2.797635 -1.601530 0.079481 -0.771902 -0.099988 0.081755 0.212211 0.929552 3.847126 1.018861 -0.022317 -0.568388 0.000610 -0.444759 -0.091855 -0.007999 -4.319732 -2.549306 -6.156246 -4.758466 -4.344008 -0.723752 -0.651791 -9999.0 -9999.0 -9999.0 -9999.0 -9999.0 -9999.0
-9999.0 -9999.0 -9999.0 -9999.0 -9999.0 -9999.0 -9999.0 -9999.0 -9999.0 -0.000848 0.408755 -0.048647 -0.021176 -0.605445 -0.036779 -0.024854 -0.034256 2.570301 3.213880 3.840719 4.543253 0.628908 0.433408 0.794736 0.004484 -1.379228 -2.382222 0.329189 -0.144696 -0.013065 0.006145 -1.580640 -1.476029 -2.478339 -2.224876 -1.609858 0.122737 -1.152929 -0.893831 -0.042879 -0.459973 -0.277996 -0.390977 1.754155 1.330694 -0.039094 1.560419 -0.728653 -0.705428 0.019237 -1.545528 -2.079395 -5.183984 -5.048019 -3.966874 -3.397634 -2.398840 -1.814895 -3.601456 -9999.0 -9999.0 -9999.0 -9999.0
-9999.0 -9999.0 -9999.0 -9999.0 -9999.0 -9999.0 -9999.0 -9999.0 -9999.0 -0.000938 -0.000870 0.420376 1.127421 -0.005640 -0.082069 -0.629202 1.165547 0.850365 3.774824 5.531404 5.145826 4.422513 2.804681 0.866061 -0.992806 -1.294726 -0.541656 -0.009467 0.317538 0.929721 0.731252 -1.953548 -0.000794 -1.610624 -0.008294 -1.646173 -1.244759 -0.005708 -0.001191 0.603525 -0.780391 -1.529462 -0.400828 0.538590 2.592720 2.285858 2.096858 0.661166 -0.007432 0.084409 -2.828742 -5.185300 -5.039480 -4.161713 -2.092753 -4.264217 -2.233183 -1.563158 -0.946819 -9999.0 -9999.0 -9999.0 -9999.0
-9999.0 -9999.0 -9999.0 -9999.0 -9999.0 -9999.0 -9999.0 -9999.0 -9999.0 -9999.0 -0.007045 0.410108 -0.022645 -0.480707 0.025929 -0.032786 -0.006511 2.073392 4.552629 4.703635 5.260844 2.332288 -0.005093 -0.155239 -1.034974 -0.022664 0.036851 0.798577 0.569263 -1.510798 -1.856013 -2.853506 -3.499331 -0.796118 0.034850 0.591431 0.312311 0.533796 -1.216202 -0.001850 -0.640054 0.319157 0.725041 -0.030668 -0.005757 -0.005364 1.483201 3.286468 2.996981 0.226866 -1.781965 -2.436833 -4.148889 -4.966749 -4.288680 -2.553902 -0.002527 -1.687390 -0.034372 -0.012266 -9999.0 -9999.0 -9999.0
-9999.0 -9999.0 -9999.0 -9999.0 -9999.0 -9999.0 -9999.0 -9999.0 -9999.0 -9999.0 -0.585778 0.004241 0.239594 -0.013617 1.833064 0.286400 -0.006432 2.348262 5.013510 5.288694 3.072489 1.202635 -0.005497 -0.195527 -0.020388 0.327893 1.425749 -0.003049 -1.200565 -3.210231 -0.002765 0.138262 -3.544617 -1.393632 -0.001849 0.664467 -1.626514 -0.046096 -1.645636 -0.766987 -0.000925 0.649112 -0.559471 0.145657 0.557230 -0.236528 -0.007322 -0.005542 2.880592 2.648359 0.001246 -1.731705 -3.892920 -3.694090 -5.610226 -4.820929 -2.666407 -0.766858 1.432996 1.724031 -9999.0 -9999.0 -9999.0
-9999.0 -9999.0 -9999.0 -9999.0 -9999.0 -9999.0 -9999.0 -9999.0 0.032171 -0.005208 -0.827709 0.047465 -0.969816 -0.393437 -0.038569 1.521751 2.634055 5.291500 5.571724 5.644349 4.793384 3.676280 2.772670 1.039817 0.620956 1.686566 1.732707 -0.724165 -1.294492 -3.125412 -2.295369 -0.002014 -0.001650 -0.899787 -0.000773 -0.000954 1.492017 -0.024709 -2.454758 -1.646801 -0.577859 0.344365 -3.143657 -1.420648 0.116672 0.293197 -2.274328 -0.479362 -0.003210 2.118320 0.168251 -0.646224 -2.876576 -5.614981 -4.448272 -0.829042 -1.657912 0.525489 0.565033 4.302807 -9999.0 -9999.0 -9999.0
-9999.0 -9999.0 -9999.0 -9999.0 -9999.0 -9999.0 -9999.0 -9999.0 -3.073844 -0.990719 -2.602309 -0.773513 -0.000864 -2.141520 -0.838952 -0.005593 1.639807 2.225040 5.189978 6.188994 8.217851 7.329546 6.332399 5.185705 3.051061 3.143084 0.588789 -0.114330 -3.430492 -0.751153 -1.794553 -1.376091 -0.000798 -1.108451 0.041586 0.160455 2.788837 0.069262 -0.298557 0.065701 -0.002371 -1.186703 -0.789932 0.103453 -0.000081 -0.735962 -3.622590 0.012179 -0.122830 1.456470 1.510008 -0.119806 -3.462284 -2.524028 -0.001000 -2.111200 -0.896182 -0.008079 2.970370 5.496660 6.155034 -9999.0 -9999.0
-9999.0 -9999.0 -9999.0 -9999.0 -9999.0 -9999.0 -9999.0 -9999.0 -0.002325 -0.000070 -0.001025 -3.398352 0.028376 -2.913597 -0.732995 -0.706461 0.285087 2.579749 5.126925 8.049025 6.649199 7.798376 7.552322 5.172594 5.669922 2.970549 0.124553 -1.151788 -3.991483 -0.001588 -0.708077 0.340525 -1.722164 -1.369132 0.460277 2.304705 -0.006806 1.836944 -0.022335 -0.499727 0.044518 -0.607526 0.053029 -0.000398 -1.169454 0.037819 -1.654274 -0.005210 -1.988765 -0.004011 2.632714 0.080952 -2.418738 -3.338258 -0.336945 -0.015216 0.699228 2.393870 5.150828 5.803602 6.108767 -9999.0 -9999.0
-9999.0 -9999.0 -9999.0 -9999.0 -9999.0 -9999.0 -9999.0 -9999.0 -2.184610 0.044436 -0.456727 -3.899772 0.008052 -1.265370 -0.241658 0.027399 3.692401 4.934936 5.787170 5.395731 6.114266 6.561868 7.571790 6.693304 3.361184 0.861514 -0.012758 -1.901003 0.217004 -0.412771 -0.701495 -0.196856 -0.003126 -0.009715 -0.088189 1.178177 3.056895 3.830524 0.686690 -0.017737 0.317897 0.458528 0.443007 0.116803 -0.001211 -0.596177 0.068686 0.003021 -0.001003 -0.869730 -0.004792 2.308529 0.055978 -0.159751 0.196635 1.276001 3.336970 4.713786 5.547304 5.859479 4.933262 2.524921 -9999.0
-9999.0 -9999.0 -9999.0 -9999.0 -9999.0 -9999.0 -9999.0 -9999.0 -3.098015 0.005792 -2.279011 -1.485523 -0.346778 -0.094400 0.959010 2.211145 3.477835 2.310131 0.784196 2.622629 4.476744 6.041307 6.171367 5.830993 4.708703 0.153263 -1.011049 -0.021224 -0.002442 -0.001085 -0.223935 0.042385 2.585341 0.856683 0.461955 1.446345 2.851456 5.775095 5.161508 2.141991 0.716538 0.591884 0.685929 -0.005413 -0.795932 0.710113 -0.196244 -0.029067 -0.285965 0.018838 1.593196 1.509062 1.872836 1.366366 2.115827 2.513321 3.308171 4.392944 5.163372 4.999232 3.967033 1.932866 -9999.0
-9999.0 -9999.0 -0.000780 0.034132 -3.515302 -1.447646 -2.791676 -2.288657 -0.011751 -0.004497 -0.956251 -0.371100 -0.073570 0.022350 2.658106 1.180472 -0.008114 -1.138977 -0.524144 0.036321 2.489653 5.223683 5.626621 5.845645 3.960740 1.766884 0.048401 0.255987 2.406009 2.577414 -0.005104 0.684710 4.980747 3.171307 4.156238 4.363887 6.547009 8.010702 6.919341 4.245650 4.208968 4.294113 4.028860 2.772073 -0.002360 0.506683 1.474262 1.512644 2.636253 3.631791 4.254583 3.816372 3.018806 2.340459 2.242606 4.702004 3.011219 3.671842 3.542746 3.331605 3.394342 1.142635 -9999.0
-9999.0 -0.584090 -0.667769 -0.865321 -1.325361 -0.895417 -2.621032 -2.784213 -3.750772 -0.800001 -1.922871 -0.771172 -0.005669 1.665535 1.280799 -0.243871 -1.029483 -1.768830 -1.179961 -0.005512 2.270655 4.027961 5.706350 4.713547 5.952300 3.705927 4.224733 4.587969 4.442105 3.305992 2.972996 3.165638 4.909027 7.490651 7.220597 8.465695 10.086315 10.911417 10.266478 8.603235 7.735727 7.614442 6.903657 4.547806 3.262097 3.659155 4.524793 5.672482 6.116227 5.913155 4.800240 3.806095 2.794738 1.894690 1.813062 1.290980 0.569271 0.929698 1.056028 1.530250 0.313974 0.933647 -9999.0
-9999.0 1.101207 -0.019232 -0.023760 0.392538 -0.045381 -2.436323 -3.297577 -0.856360 -1.468010 -2.456991 -1.153659 0.072958 1.430840 -0.060136 -2.428860 -2.625041 -2.086626 -0.351486 -0.010959 2.073794 1.903028 2.896017 2.937862 5.629371 6.519771 5.168699 5.616725 5.886333 6.131795 6.275610 6.041098 6.803965 7.705718 10.149093 10.747330 14.283373 15.316783 13.121709 12.044099 11.348020 10.411173 9.324114 7.806744 7.670463 7.538303 7.398908 7.249176 6.614224 5.794620 3.988379 1.930445 0.710839 1.352697 0.444550 -0.005998 -0.311843 -0.029751 -0.007182 -0.043771 -0.004522 -9999.0 -9999.0
