erum2020/resources/simulation/Vinschgau/output-maps/TsL0005N0220.asc
ncols         63
nrows         48
xllcorner     598000.000000
yllcorner     5145000.000000
cellsize      1000.000000
NODATA_value  -9999.0
[rows 0 to 27 of 48, columns 0 to 61 of 63]
-9999.0 -9999.0 -9999.0 -9999.0 -9999.0 -9999.0 -9999.0 -9999.0 -9999.0 -9999.0 -9999.0 -9999.0 -9999.0 -9999.0 -9999.0 -9999.0 -9999.0 -9999.0 -9999.0 -9999.0 -9999.0 -9999.0 -9999.0 -9999.0 -9999.0 -9999.0 -9999.0 -9999.0 -9999.0 -9999.0 -9999.0 -9999.0 -9999.0 -9999.0 -9999.0 -9999.0 -9999.0 -9999.0 -9999.0 -9999.0 -9999.0 -9999.0 -9999.0 -9999.0 -9999.0 -9999.0 -9999.0 -9999.0 -9999.0 -9999.0 -9999.0 -9999.0 -9999.0 -9999.0 -9999.0 -9999.0 -9999.0 -9999.0 -9999.0 -9999.0 -9999.0 -9999.0
-9999.0 -9999.0 -9999.0 -9999.0 -9999.0 -9999.0 -9999.0 -9999.0 -9999.0 -9999.0 -9999.0 -9999.0 -9999.0 -9999.0 -9999.0 -9999.0 -9999.0 -9999.0 -9999.0 -9999.0 -9999.0 -9999.0 -9999.0 -9999.0 -9999.0 -9999.0 -9999.0 -6.539396 -7.119175 -7.544972 -6.924118 -7.817342 -7.947786 -9999.0 -9999.0 -9999.0 -9999.0 -9999.0 -9999.0 -9999.0 -9999.0 -9999.0 -9999.0 -9999.0 -9999.0 -9999.0 -9999.0 -9999.0 -9999.0 -9999.0 -9999.0 -9999.0 -9999.0 -9999.0 -9999.0 -9999.0 -9999.0 -9999.0 -9999.0 -9999.0 -9999.0 -9999.0
-9999.0 -9999.0 -9999.0 -9999.0 -9999.0 -9999.0 -9999.0 -9999.0 -9999.0 -9999.0 -9999.0 -9999.0 -9999.0 -9999.0 -9999.0 -9999.0 -9999.0 -9999.0 -9999.0 -9999.0 -9999.0 -9999.0 -9999.0 -9999.0 -4.281541 -6.302923 -7.165879 -7.431122 -7.123539 -7.357663 -6.983179 -9999.0 -9999.0 -9999.0 -9999.0 -9999.0 -9999.0 -9999.0 -9999.0 -9999.0 -9999.0 -9999.0 -9999.0 -9999.0 -9999.0 -9999.0 -9999.0 -9999.0 -9999.0 -9999.0 -9999.0 -9999.0 -9999.0 -9999.0 -9999.0 -9999.0 -9999.0 -9999.0 -9999.0 -9999.0 -9999.0 -9999.0
-9999.0 -9999.0 -9999.0 -9999.0 -9999.0 -9999.0 -9999.0 -9999.0 -9999.0 -9999.0 -9999.0 -9999.0 -9999.0 -9999.0 -9999.0 -9999.0 -9999.0 -9999.0 -9999.0 -9999.0 -9999.0 -9999.0 -9999.0 -5.222775 -5.668722 -1.310265 -3.130951 -4.283352 -6.637817 -8.044017 -7.936712 -6.231141 -9999.0 -9999.0 -9999.0 -9999.0 -9999.0 -9999.0 -9999.0 -9999.0 -9999.0 -9999.0 -9999.0 -9999.0 -9999.0 -9999.0 -9999.0 -9999.0 -9999.0 -9999.0 -9999.0 -9999.0 -9999.0 -9999.0 -9999.0 -9999.0 -9999.0 -9999.0 -9999.0 -9999.0 -9999.0 -9999.0
-9999.0 -9999.0 -9999.0 -9999.0 -9999.0 -9999.0 -9999.0 -9999.0 -9999.0 -9999.0 -9999.0 -9999.0 -9999.0 -9999.0 -9999.0 -9999.0 -9999.0 -9999.0 -1.399650 -2.544826 -9999.0 -4.511711 -5.064808 -2.718685 -3.556236 -7.146406 -4.789605 -4.671277 -5.252259 -6.209386 -7.973130 -7.558420 -8.598011 -9.237063 -9999.0 -9999.0 -9999.0 -9999.0 -9999.0 -9999.0 -9999.0 -9999.0 -9999.0 -9999.0 -9999.0 -9999.0 -9999.0 -9999.0 -9999.0 -9999.0 -9999.0 -9999.0 -9999.0 -9999.0 -9999.0 -9999.0 -9999.0 -9999.0 -9999.0 -9999.0 -9999.0 -9999.0
-9999.0 -9999.0 -9999.0 -9999.0 -9999.0 -9999.0 -9999.0 -9999.0 -9999.0 -9999.0 -9999.0 -9999.0 -9999.0 -9999.0 -9999.0 -9999.0 -9999.0 -0.286684 -6.465360 -6.919658 -6.193613 -2.716868 -4.128848 -7.301549 -4.689088 -6.687360 -5.886870 -4.415443 -6.101150 -4.952428 -6.628288 -8.003095 -8.471829 -8.894576 -8.148820 -8.827720 -9999.0 -9999.0 -9999.0 -9999.0 -9999.0 -9999.0 -9999.0 -9999.0 -9999.0 -9999.0 -9999.0 -9999.0 -9999.0 -9999.0 -9999.0 -9999.0 -9999.0 -9999.0 -9999.0 -9999.0 -9999.0 -9999.0 -9999.0 -9999.0 -9999.0 -9999.0
-9999.0 -9999.0 -9999.0 -9999.0 -9999.0 -9999.0 -9999.0 -9999.0 -9999.0 -9999.0 -9999.0 -9999.0 -9999.0 -4.774488 -2.276248 -5.648622 -5.976426 -6.695626 -0.795747 -5.998807 -5.453301 -3.839763 -7.505891 -6.102552 -7.135045 -6.028081 -6.802654 -5.949332 -6.685733 -4.965180 -5.566606 -6.869193 -7.339719 -9.264122 -9.344861 -9.640667 -9999.0 -9999.0 -9999.0 -9999.0 -9999.0 -9999.0 -9999.0 -9999.0 -9999.0 -9999.0 -9999.0 -9999.0 -9999.0 -9999.0 -9999.0 -9999.0 -9999.0 -9999.0 -9999.0 -9999.0 -9999.0 -9999.0 -9999.0 -9999.0 -9999.0 -9999.0
-9999.0 -9999.0 -9999.0 -9999.0 -9999.0 -9999.0 -9999.0 -9999.0 -9999.0 -9999.0 -9999.0 -9999.0 -9999.0 -2.532889 -1.483038 -2.356858 -2.534363 -3.259711 -6.669341 -5.835861 -5.409923 -7.236928 -4.907629 -5.924629 -4.926021 -5.828254 -7.056235 -7.931627 -8.287105 -6.910883 -5.664687 -9.001225 -9.158472 -9.884913 -9.958953 -9999.0 -9999.0 -9999.0 -9999.0 -9999.0 -9999.0 -9999.0 -9999.0 -9999.0 -9999.0 -9999.0 -9999.0 -9999.0 -9999.0 -9999.0 -9999.0 -9999.0 -9999.0 -9999.0 -9999.0 -9999.0 -9999.0 -9999.0 -9999.0 -9999.0 -9999.0 -9999.0
-9999.0 -9999.0 -9999.0 -9999.0 -9999.0 -9999.0 -9999.0 -9999.0 -9999.0 -9999.0 -9999.0 -9999.0 -9999.0 -2.301425 -3.151738 -0.660295 -2.315734 -5.301039 -6.723852 -3.271492 -2.809968 -6.868096 -5.390055 -4.704072 -3.432822 -2.003362 -6.768115 -8.040555 -7.019011 -8.800846 -8.592383 -9.941476 -9.730532 -10.352050 -10.020559 -9999.0 -9999.0 -9999.0 -9999.0 -9999.0 -9999.0 -9999.0 -9999.0 -9999.0 -9999.0 -9999.0 -9999.0 -9999.0 -9999.0 -9999.0 -9999.0 -9999.0 -9999.0 -9999.0 -9999.0 -9999.0 -9999.0 -9999.0 -9999.0 -9999.0 -9999.0 -9999.0
-9999.0 -9999.0 -9999.0 -9999.0 -9999.0 -9999.0 -9999.0 -9999.0 -9999.0 -9999.0 -9999.0 -9999.0 -2.854977 -2.634388 -0.710460 -5.830108 -1.702611 -3.866434 -2.951710 -6.829514 -4.251800 -5.228667 -5.210371 -4.308080 -2.150754 -7.529779 -4.444653 -5.852368 -7.116686 -8.286833 -8.762595 -8.323976 -8.692560 -9.678162 -9999.0 -9999.0 -9999.0 -9999.0 -9999.0 -9999.0 -9999.0 -9999.0 -9999.0 -9999.0 -9999.0 -9999.0 -9999.0 -9999.0 -9999.0 -9999.0 -9999.0 -9999.0 -9999.0 -9999.0 -9999.0 -9999.0 -9999.0 -9999.0 -9999.0 -9999.0 -9999.0 -9999.0
-9999.0 -9999.0 -9999.0 -9999.0 -9999.0 -9999.0 -9999.0 -9999.0 -9999.0 -9999.0 -9999.0 -2.938403 -4.380358 -0.886351 -5.313661 -4.827466 -6.625449 -3.632225 -3.052346 -6.797726 -7.420003 -2.542849 -5.150107 -6.468038 -5.430851 -5.747275 -8.021838 -5.959919 -6.450231 -8.780760 -7.417433 -8.513335 -8.706241 -10.211557 -11.153484 -12.414419 -14.219184 -13.336806 -12.739040 -9999.0 -9999.0 -9999.0 -10.865923 -9999.0 -9999.0 -9999.0 -9999.0 -9999.0 -9999.0 -9999.0 -9999.0 -9999.0 -9999.0 -9999.0 -9999.0 -9999.0 -9999.0 -9999.0 -9999.0 -9999.0 -9999.0 -9999.0
-9999.0 -9999.0 -9999.0 -9999.0 -9999.0 -9999.0 -9999.0 -9999.0 -9999.0 -9999.0 -9999.0 -4.615938 -3.713831 -2.917544 -2.302854 -5.719756 -2.979310 -7.109603 -2.805066 -2.775439 -3.018263 -1.905826 -4.438134 -5.194889 -5.243995 -6.326420 -6.470078 -6.393666 -6.261835 -8.297252 -8.118630 -8.818821 -9.738925 -9.075743 -11.828632 -13.070718 -11.063003 -4.124533 -4.940591 -14.324347 -14.499392 -13.666459 -11.852709 -9.726670 -9999.0 -9999.0 -9999.0 -0.657186 -2.153043 -3.375440 -1.504958 -2.161418 -1.861938 -0.207291 -0.125145 -1.476196 -9999.0 -9999.0 -9999.0 -9999.0 -9999.0 -9999.0
-9999.0 -9999.0 -9999.0 -9999.0 -9999.0 -9999.0 -9999.0 -9999.0 -9999.0 -9999.0 -9999.0 -4.048251 -4.328240 -6.424246 -1.923539 -5.684749 -4.239729 -6.247125 -5.485344 -3.473529 -3.207280 -4.755826 -4.401163 -4.808433 -6.547452 -6.874048 -6.128776 -6.289755 -7.495634 -6.820030 -8.236643 -8.384383 -9.230613 -10.147011 -11.942050 -12.096298 -5.456127 -5.071843 -3.826180 -6.844423 -12.449019 -14.076625 -11.340988 -10.064587 -7.707273 -9999.0 -6.169569 -3.417536 -2.330053 -1.729796 -2.666502 -3.540608 -1.454231 -0.019233 -0.541097 -0.055239 -9999.0 -9999.0 -9999.0 -9999.0 -9999.0 -9999.0
-9999.0 -9999.0 -9999.0 -9999.0 -9999.0 -9999.0 -9999.0 -9999.0 -9999.0 -9999.0 -9999.0 -9999.0 -3.678458 -1.939116 -1.602143 -2.197556 -5.468894 -5.957187 -3.317764 -3.559926 -6.755102 -4.469368 -4.145073 -4.743051 -6.269053 -5.677222 -2.367757 -6.977630 -6.645856 -6.638894 -7.330385 -8.218795 -8.730794 -9.551033 -11.237098 -13.173869 -7.447532 -5.862195 -3.611806 -5.678390 -10.195767 -10.213881 -9.336635 -8.378344 -9.000424 -6.109870 -5.596649 -3.566354 -4.461005 -5.370899 -1.986068 -1.765465 -0.380657 -0.426620 -1.672518 -1.493296 -1.032245 -9999.0 -9999.0 -9999.0 -9999.0 -9999.0
-9999.0 -9999.0 -9999.0 -9999.0 -9999.0 -9999.0 -9999.0 -9999.0 -9999.0 -9999.0 -9999.0 -2.056099 -4.566548 -4.992458 -2.891186 -3.072790 -3.466516 -5.871946 -4.156170 -0.233157 -7.018619 -3.278546 -2.731506 -6.028922 -5.255253 -3.204749 -2.244323 -7.049516 -6.688898 -7.111074 -7.173233 -7.883399 -8.074922 -9.004851 -11.430940 -12.924589 -15.097634 -6.213446 -4.192911 -2.861573 -6.853844 -2.316405 -5.447497 -7.841797 -7.513069 -6.079967 -4.841672 -5.918517 -4.485119 -7.089970 -5.025322 -4.518529 -3.226481 -5.321112 -4.279033 -4.886433 -1.174808 -9999.0 -9999.0 -9999.0 -9999.0 -9999.0
-9999.0 -9999.0 -9999.0 -9999.0 -9999.0 -9999.0 -9999.0 -9999.0 -9999.0 -9999.0 -1.944032 -2.817601 -1.733205 -4.546314 -1.749144 -3.384540 -5.406624 -4.709684 -4.785260 -3.286691 -3.524420 -1.069401 -5.316013 -2.262161 -4.757347 -2.279039 -6.178630 -7.442381 -5.916278 -4.692777 -7.090972 -6.549854 -7.203523 -8.713781 -11.137498 -11.506262 -12.550735 -6.386725 -4.001642 -1.906415 -1.308076 -7.838864 -8.613735 -1.459205 -7.750229 -8.283126 -4.770984 -6.894864 -6.146303 -6.319811 -5.215339 -5.114991 -4.939125 -5.119079 -4.729524 -0.484874 -0.261353 -9999.0 -9999.0 -9999.0 -9999.0 -9999.0
-9999.0 -9999.0 -9999.0 -9999.0 -9999.0 -9999.0 -9999.0 -9999.0 -9999.0 -4.815894 -1.799939 -1.902614 -3.026931 -3.517292 -1.238155 -4.675657 -4.597599 -2.051359 -6.397164 -0.157817 -3.751049 -7.007692 -6.923154 -6.432898 -2.480313 -6.450020 -7.285345 -3.789836 -6.769266 -6.722138 -7.912579 -7.385512 -8.894471 -9.722191 -9.680937 -10.172662 -10.399081 -11.573789 -11.262993 -10.660276 -2.866692 -8.863602 -8.720107 -1.277492 -5.161628 -7.452974 -5.684896 -6.655923 -5.836902 -4.736459 -5.205051 -2.596090 -5.526796 -3.951395 -2.207159 -1.323287 -0.330676 -1.302718 -1.168174 -9999.0 -9999.0 -9999.0
-9999.0 -9999.0 -9999.0 -9999.0 -9999.0 -9999.0 -9999.0 -9999.0 -9999.0 -4.939516 -4.573615 -4.858638 -3.122942 -3.085429 -2.141980 -2.325863 -0.287168 -5.818188 -4.468625 -2.347729 -2.227841 -0.216359 -2.947824 -2.264048 -6.086952 -6.221465 -5.730175 -6.408242 -6.914992 -4.377760 -6.659046 -7.845310 -7.358448 -6.842334 -8.701933 -10.243631 -10.687312 -10.396156 -10.056228 -8.741780 -5.928553 -8.358468 -8.159053 -8.308777 -0.506959 -0.959560 -1.073685 -6.667755 -6.432373 -6.392050 -4.664334 -3.894739 -3.953090 -3.280872 -4.818103 -0.601964 -1.225205 -1.454411 -1.452178 -9999.0 -9999.0 -9999.0
-9999.0 -9999.0 -9999.0 -9999.0 -9999.0 -9999.0 -9999.0 -9999.0 -9999.0 -9999.0 -4.556847 -4.765346 -4.375404 -3.950802 -5.303833 -1.973380 -2.100890 -4.910825 -0.213096 -0.074430 -3.362922 -7.028976 -2.064405 -3.700696 -6.082618 -6.530703 -6.028508 -1.441707 -6.196608 -6.213817 -6.688419 -2.803207 -7.094076 -7.516368 -7.651544 -7.743333 -7.831580 -8.603158 -9.169794 -8.900636 -9.039357 -6.868162 -6.974072 -5.903441 -7.619029 -8.676140 -7.665652 -2.925593 -0.845428 -6.821763 -4.739611 -3.661548 -2.124087 -3.672310 -1.930131 -3.842264 -1.496371 -2.809740 -3.024873 -0.296752 -9999.0 -9999.0
-9999.0 -9999.0 -9999.0 -9999.0 -9999.0 -9999.0 -9999.0 -9999.0 -9999.0 -9999.0 -4.557457 -4.609369 -3.398314 -1.953237 -3.574610 -6.149617 -6.161931 -5.741220 -0.162285 -0.067364 -1.114847 -6.825011 -6.651035 -5.489683 -5.919106 -2.754921 -0.572095 -6.744075 -6.066932 -7.512322 -7.060373 -4.535843 -7.322163 -7.256412 -7.334043 -6.940854 -8.160669 -7.520715 -8.225368 -7.258063 -5.519748 -5.951715 -5.047806 -6.458713 -2.018146 -4.796825 -3.373387 -6.672878 -1.138947 -5.449160 -6.506337 -2.925378 -1.860545 -1.908488 -3.006827 -1.498649 -3.851421 -1.563493 -2.701874 -1.524745 -9999.0 -9999.0
-9999.0 -9999.0 -9999.0 -9999.0 -9999.0 -9999.0 -9999.0 -9999.0 -1.966925 -2.507926 -5.377839 -3.568054 -4.182578 -4.353430 -2.159656 -3.150126 -4.340533 -0.163905 -0.053785 -0.049842 -0.116044 -0.245327 -0.653124 -7.250004 -6.564936 -0.280146 -3.325606 -6.262371 -4.942746 -6.290064 -8.169353 -6.793875 -5.967940 -5.781685 -4.956092 -7.794964 -4.556109 -6.913558 -7.873214 -5.961847 -6.623815 -5.993711 -7.027843 -7.296339 -4.996538 -2.009731 -5.597373 -1.883432 -6.631063 -1.599987 -5.609084 -4.300465 -1.837003 -2.517629 -1.725076 -1.433229 -1.593750 -0.166815 -5.135469 -0.735470 -9999.0 -9999.0
-9999.0 -9999.0 -9999.0 -9999.0 -9999.0 -9999.0 -9999.0 -9999.0 -5.229846 -1.903598 -5.710423 -5.894856 -5.069715 -3.858831 -2.126778 -4.458263 -2.523936 -3.674652 -0.098364 -0.018210 -0.026138 -0.037484 -0.155515 -0.236712 -0.374286 -0.199559 -6.043609 -5.919381 -6.896036 -5.071592 -4.842372 -6.170057 -4.258889 -5.247166 -2.234267 -2.961620 -5.780318 -6.129540 -6.501823 -4.081630 -5.681820 -7.686942 -6.563363 -2.624973 -3.465949 -2.050353 -5.695933 -5.083142 -4.541472 -5.643202 -5.318346 -3.729548 -1.810787 -0.255556 -4.244809 -4.682067 -3.461310 -5.334860 -0.566827 -0.008929 -0.006969 -9999.0
-9999.0 -9999.0 -9999.0 -9999.0 -9999.0 -9999.0 -9999.0 -9999.0 -5.021275 -4.418148 -1.748678 -5.546779 -3.753080 -5.925639 -1.876689 -6.325595 -6.329607 -5.446294 -0.070859 -0.070355 -0.008008 -0.056569 -0.041380 -0.086489 -0.034631 -6.690617 -6.675973 -5.915846 -7.899095 -6.025878 -6.172009 -4.225462 -5.923092 -6.591872 -1.988031 -3.106848 -3.972414 -7.038117 -5.853793 -4.604371 -3.780894 -4.170122 -1.921623 -3.419212 -3.848285 -4.119206 -3.156914 -1.605702 -2.747579 -6.296902 -0.517194 -6.048111 -5.056360 -5.196846 -6.224356 -5.814322 -2.123595 -0.487513 -0.254813 -0.090027 -0.007105 -9999.0
-9999.0 -9999.0 -9999.0 -9999.0 -9999.0 -9999.0 -9999.0 -9999.0 -7.021498 -4.358854 -0.691023 -6.437135 -1.821972 -0.595068 -5.197557 -5.686432 -0.318038 -0.094019 -0.931946 -0.043092 -0.052941 -0.006530 -0.008042 -0.041896 -3.960090 -2.753724 -2.024741 -6.391828 -2.381804 -4.731409 -5.944261 -5.915149 -6.200330 -4.925046 -5.410348 -4.703814 -5.065916 -5.332707 -6.017704 -5.388977 -2.842567 -1.950526 -2.017741 -5.716348 -1.949439 -3.334131 -1.848005 -3.961330 -1.955991 -5.605274 -2.384299 -0.951580 -3.487787 -4.226207 -3.064248 -2.289892 -1.163109 -0.102510 -0.005929 -0.008328 -0.084622 -0.519727
-9999.0 -9999.0 -9999.0 -9999.0 -9999.0 -9999.0 -9999.0 -9999.0 -4.431813 -2.733325 -0.640958 -1.660850 -3.222511 -6.259957 -5.128581 -2.252750 -3.539442 -7.260910 -3.758471 -5.447093 -0.150314 -0.014687 -0.010818 -0.072125 -6.073388 -4.164364 -5.396270 -2.561980 -6.109956 -5.141618 -5.427416 -2.530882 -5.575699 -2.833556 -5.773005 -5.336378 -5.310453 -4.573741 -5.873318 -4.848186 -5.675241 -5.411588 -5.145353 -5.368406 -5.406733 -2.406629 -5.586280 -5.579032 -5.460046 -5.640434 -3.475687 -1.663158 -1.211550 -2.010576 -1.920769 -0.861423 -0.073493 -0.066544 -0.121743 -0.189655 -5.215309 -0.422696
-9999.0 -9999.0 -4.789077 -2.787264 -3.224017 -4.300669 -2.475202 -4.830940 -3.736223 -2.032721 -3.348604 -3.776303 -4.357374 -3.945153 -3.563336 -3.164558 -6.902315 -4.493340 -4.041579 -2.221923 -5.474480 -0.056187 -0.028181 -1.047083 -0.089985 -5.084751 -6.463211 -6.712845 -3.569541 -5.109572 -4.353876 -2.996178 -2.953293 -6.518474 -5.684243 -6.198074 -4.565262 -4.790696 -5.547659 -5.678403 -5.885368 -5.934729 -5.950851 -5.599259 -5.231916 -5.117476 -5.420073 -4.715782 -1.243782 -0.690598 -1.161637 -0.473034 -0.074523 -0.078213 -0.500134 -0.849303 -1.370261 -1.269643 -5.793605 -6.279599 -0.162720 -0.148878
-9999.0 -2.198545 -2.353183 -1.762967 -3.139099 -1.900605 -3.215108 -3.501164 -3.692136 -4.070712 -3.169847 -1.905208 -2.132487 -2.061175 -0.974721 -1.883931 -3.897997 -3.496446 -2.252596 -4.685843 -6.057573 -0.255031 -1.020993 -0.054845 -1.024253 -0.424145 -0.141282 -0.121450 -1.891891 -1.284712 -1.220971 -5.862187 -5.449159 -1.243631 -2.092069 -0.676601 -1.185055 -0.365441 -0.266210 -0.723936 -1.192814 -1.741198 -1.995402 -5.836041 -5.335118 -1.517986 -0.111588 -0.225193 -0.541971 -0.114620 -0.073018 -0.093970 -0.606440 -1.125947 -2.073690 -6.766682 -1.093407 -0.976702 -0.747532 -0.226119 -0.205843 -0.156321
-9999.0 -2.559670 -2.288818 -2.195022 -0.603448 -2.180965 -4.546466 -5.119315 -4.200266 -5.275121 -3.921436 -1.925327 -3.680732 -0.723051 -5.761990 -4.056788 -3.926779 -4.917034 -2.505780 -5.568690 -1.063112 -3.523425 -0.297446 -0.922722 -0.098178 -0.025954 -0.042168 -0.033463 -0.041059 -0.036655 -0.038338 -0.129718 -1.502182 -0.727027 -0.230285 -0.142159 -0.066726 0.488908 -0.105876 -0.091114 -0.117928 -0.119002 -0.690616 -0.091505 -0.044707 -0.033896 -0.004560 -0.004627 -0.061831 -0.066962 -1.035804 -7.930096 -1.166686 -6.853829 -5.823325 -0.872873 -1.996585 -0.753425 -1.729294 -0.204430 -0.041024 -9999.0
