erum2020/resources/simulation/Vinschgau/output-maps/TsL0007N0389.asc
ncols         63
nrows         48
xllcorner     598000.000000
yllcorner     5145000.000000
cellsize      1000.000000
NODATA_value  -9999.0
[rows 0 to 27 of 48, columns 0 to 62 of 63]
-9999.0 -9999.0 -9999.0 -9999.0 -9999.0 -9999.0 -9999.0 -9999.0 -9999.0 -9999.0 -9999.0 -9999.0 -9999.0 -9999.0 -9999.0 -9999.0 -9999.0 -9999.0 -9999.0 -9999.0 -9999.0 -9999.0 -9999.0 -9999.0 -9999.0 -9999.0 -9999.0 -9999.0 -9999.0 -9999.0 -9999.0 -9999.0 -9999.0 -9999.0 -9999.0 -9999.0 -9999.0 -9999.0 -9999.0 -9999.0 -9999.0 -9999.0 -9999.0 -9999.0 -9999.0 -9999.0 -9999.0 -9999.0 -9999.0 -9999.0 -9999.0 -9999.0 -9999.0 -9999.0 -9999.0 -9999.0 -9999.0 -9999.0 -9999.0 -9999.0 -9999.0 -9999.0 -9999.0
-9999.0 -9999.0 -9999.0 -9999.0 -9999.0 -9999.0 -9999.0 -9999.0 -9999.0 -9999.0 -9999.0 -9999.0 -9999.0 -9999.0 -9999.0 -9999.0 -9999.0 -9999.0 -9999.0 -9999.0 -9999.0 -9999.0 -9999.0 -9999.0 -9999.0 -9999.0 -9999.0 3.246895 3.342819 3.644407 -1.417250 -0.359885 -0.672545 -9999.0 -9999.0 -9999.0 -9999.0 -9999.0 -9999.0 -9999.0 -9999.0 -9999.0 -9999.0 -9999.0 -9999.0 -9999.0 -9999.0 -9999.0 -9999.0 -9999.0 -9999.0 -9999.0 -9999.0 -9999.0 -9999.0 -9999.0 -9999.0 -9999.0 -9999.0 -9999.0 -9999.0 -9999.0 -9999.0
-9999.0 -9999.0 -9999.0 -9999.0 -9999.0 -9999.0 -9999.0 -9999.0 -9999.0 -9999.0 -9999.0 -9999.0 -9999.0 -9999.0 -9999.0 -9999.0 -9999.0 -9999.0 -9999.0 -9999.0 -9999.0 -9999.0 -9999.0 -9999.0 3.459173 3.965792 6.000719 3.283633 3.429533 3.459658 -1.584492 -9999.0 -9999.0 -9999.0 -9999.0 -9999.0 -9999.0 -9999.0 -9999.0 -9999.0 -9999.0 -9999.0 -9999.0 -9999.0 -9999.0 -9999.0 -9999.0 -9999.0 -9999.0 -9999.0 -9999.0 -9999.0 -9999.0 -9999.0 -9999.0 -9999.0 -9999.0 -9999.0 -9999.0 -9999.0 -9999.0 -9999.0 -9999.0
-9999.0 -9999.0 -9999.0 -9999.0 -9999.0 -9999.0 -9999.0 -9999.0 -9999.0 -9999.0 -9999.0 -9999.0 -9999.0 -9999.0 -9999.0 -9999.0 -9999.0 -9999.0 -9999.0 -9999.0 -9999.0 -9999.0 -9999.0 3.708744 5.904239 1.463677 2.552698 4.135207 1.808319 4.067746 3.269002 -2.137443 -9999.0 -9999.0 -9999.0 -9999.0 -9999.0 -9999.0 -9999.0 -9999.0 -9999.0 -9999.0 -9999.0 -9999.0 -9999.0 -9999.0 -9999.0 -9999.0 -9999.0 -9999.0 -9999.0 -9999.0 -9999.0 -9999.0 -9999.0 -9999.0 -9999.0 -9999.0 -9999.0 -9999.0 -9999.0 -9999.0 -9999.0
-9999.0 -9999.0 -9999.0 -9999.0 -9999.0 -9999.0 -9999.0 -9999.0 -9999.0 -9999.0 -9999.0 -9999.0 -9999.0 -9999.0 -9999.0 -9999.0 -9999.0 -9999.0 7.194324 6.753664 -9999.0 3.539884 5.185402 2.557784 2.514996 6.740215 2.954970 3.060392 3.396442 2.330290 4.092364 3.105942 3.545003 -3.259565 -9999.0 -9999.0 -9999.0 -9999.0 -9999.0 -9999.0 -9999.0 -9999.0 -9999.0 -9999.0 -9999.0 -9999.0 -9999.0 -9999.0 -9999.0 -9999.0 -9999.0 -9999.0 -9999.0 -9999.0 -9999.0 -9999.0 -9999.0 -9999.0 -9999.0 -9999.0 -9999.0 -9999.0 -9999.0
-9999.0 -9999.0 -9999.0 -9999.0 -9999.0 -9999.0 -9999.0 -9999.0 -9999.0 -9999.0 -9999.0 -9999.0 -9999.0 -9999.0 -9999.0 -9999.0 -9999.0 0.571936 2.101580 6.717490 9.209802 -0.026090 1.964838 2.242783 7.966335 -0.046026 -0.477514 -0.347681 -0.341408 -0.008586 5.460778 3.447075 5.983987 3.467978 -2.342260 -0.598248 -9999.0 -9999.0 -9999.0 -9999.0 -9999.0 -9999.0 -9999.0 -9999.0 -9999.0 -9999.0 -9999.0 -9999.0 -9999.0 -9999.0 -9999.0 -9999.0 -9999.0 -9999.0 -9999.0 -9999.0 -9999.0 -9999.0 -9999.0 -9999.0 -9999.0 -9999.0 -9999.0
-9999.0 -9999.0 -9999.0 -9999.0 -9999.0 -9999.0 -9999.0 -9999.0 -9999.0 -9999.0 -9999.0 -9999.0 -9999.0 2.937937 0.788674 -0.006853 2.047965 14.602114 -0.002875 5.298599 3.076081 3.930231 7.074874 8.395187 -0.126526 -1.524961 -1.238625 -0.992600 -0.873539 -0.930477 -0.054516 -1.849552 -2.129640 -0.901928 -1.395078 -1.194298 -9999.0 -9999.0 -9999.0 -9999.0 -9999.0 -9999.0 -9999.0 -9999.0 -9999.0 -9999.0 -9999.0 -9999.0 -9999.0 -9999.0 -9999.0 -9999.0 -9999.0 -9999.0 -9999.0 -9999.0 -9999.0 -9999.0 -9999.0 -9999.0 -9999.0 -9999.0 -9999.0
-9999.0 -9999.0 -9999.0 -9999.0 -9999.0 -9999.0 -9999.0 -9999.0 -9999.0 -9999.0 -9999.0 -9999.0 -9999.0 3.565442 1.870373 -0.007631 -0.006661 8.070714 15.317965 6.540880 5.443742 5.786813 1.641982 -0.013223 1.485582 1.072461 3.836403 -0.926312 -0.324941 -0.668809 -1.641745 -0.629694 -0.671128 -1.397927 -0.956648 -9999.0 -9999.0 -9999.0 -9999.0 -9999.0 -9999.0 -9999.0 -9999.0 -9999.0 -9999.0 -9999.0 -9999.0 -9999.0 -9999.0 -9999.0 -9999.0 -9999.0 -9999.0 -9999.0 -9999.0 -9999.0 -9999.0 -9999.0 -9999.0 -9999.0 -9999.0 -9999.0 -9999.0
-9999.0 -9999.0 -9999.0 -9999.0 -9999.0 -9999.0 -9999.0 -9999.0 -9999.0 -9999.0 -9999.0 -9999.0 -9999.0 1.623787 5.897004 -0.015361 -0.100071 -0.003743 14.834751 2.517551 6.195966 1.033318 -0.047290 -0.335234 0.826101 -0.066801 3.554074 -0.283316 3.612953 -0.412390 -0.729291 -2.219119 -1.389848 -6.127508 -1.463107 -9999.0 -9999.0 -9999.0 -9999.0 -9999.0 -9999.0 -9999.0 -9999.0 -9999.0 -9999.0 -9999.0 -9999.0 -9999.0 -9999.0 -9999.0 -9999.0 -9999.0 -9999.0 -9999.0 -9999.0 -9999.0 -9999.0 -9999.0 -9999.0 -9999.0 -9999.0 -9999.0 -9999.0
-9999.0 -9999.0 -9999.0 -9999.0 -9999.0 -9999.0 -9999.0 -9999.0 -9999.0 -9999.0 -9999.0 -9999.0 1.552345 5.108129 -0.053374 -0.067450 -0.246326 -0.008186 10.186132 8.485841 1.870826 -1.466165 -0.023825 -1.263979 -0.005908 -0.623992 -1.215417 -2.447043 3.373493 -0.449621 -0.784358 0.183620 2.253192 -1.792760 -9999.0 -9999.0 -9999.0 -9999.0 -9999.0 -9999.0 -9999.0 -9999.0 -9999.0 -9999.0 -9999.0 -9999.0 -9999.0 -9999.0 -9999.0 -9999.0 -9999.0 -9999.0 -9999.0 -9999.0 -9999.0 -9999.0 -9999.0 -9999.0 -9999.0 -9999.0 -9999.0 -9999.0 -9999.0
-9999.0 -9999.0 -9999.0 -9999.0 -9999.0 -9999.0 -9999.0 -9999.0 -9999.0 -9999.0 -9999.0 -1.380278 -0.046349 -0.011465 -0.662253 -1.410873 -0.849023 -0.039730 9.428886 5.530822 1.339201 1.723257 3.128491 -0.828415 0.966590 -0.718170 -0.305608 3.074550 2.684186 -0.426432 -2.418090 3.155322 2.345326 -3.309036 2.117105 2.633763 7.136214 8.941297 10.622646 -9999.0 -9999.0 -9999.0 -3.860260 -9999.0 -9999.0 -9999.0 -9999.0 -9999.0 -9999.0 -9999.0 -9999.0 -9999.0 -9999.0 -9999.0 -9999.0 -9999.0 -9999.0 -9999.0 -9999.0 -9999.0 -9999.0 -9999.0 -9999.0
-9999.0 -9999.0 -9999.0 -9999.0 -9999.0 -9999.0 -9999.0 -9999.0 -9999.0 -9999.0 -9999.0 -1.992502 -0.816043 1.072833 -0.237117 -0.390501 1.532860 1.393644 9.151456 4.936174 8.654853 7.104063 3.492055 -0.532956 -0.402308 -1.581637 3.784438 3.406034 2.998762 -0.918472 3.163914 3.513218 3.249239 -2.848943 -0.022305 2.403341 6.946850 11.232230 10.485514 10.519967 9.811026 3.541915 2.764430 -0.005831 -9999.0 -9999.0 -9999.0 -0.015123 -0.537346 -1.326141 -1.571679 -0.464331 -0.058827 -0.005760 -0.005698 -0.058817 -9999.0 -9999.0 -9999.0 -9999.0 -9999.0 -9999.0 -9999.0
-9999.0 -9999.0 -9999.0 -9999.0 -9999.0 -9999.0 -9999.0 -9999.0 -9999.0 -9999.0 -9999.0 -0.111525 -0.303925 -0.167842 -0.347869 -0.442255 -0.045821 -0.057328 7.764282 7.421061 -0.008101 1.268151 0.656064 3.232284 -0.464566 4.263122 0.933441 -0.127550 -1.625157 -1.394208 -1.068726 -0.142471 4.213842 -0.019093 2.612942 5.195984 -0.014577 2.602452 12.057638 10.729576 9.379432 6.619807 5.025526 3.747561 -0.780655 -9999.0 -0.125361 -1.481130 3.272970 3.941862 6.534289 6.999590 4.998710 4.827517 3.361460 -0.019780 -9999.0 -9999.0 -9999.0 -9999.0 -9999.0 -9999.0 -9999.0
-9999.0 -9999.0 -9999.0 -9999.0 -9999.0 -9999.0 -9999.0 -9999.0 -9999.0 -9999.0 -9999.0 -9999.0 -0.687627 -0.362918 3.368790 0.167755 -0.382097 -0.032746 8.391996 7.397346 1.596616 1.933724 1.843945 0.932287 -0.057884 -0.003971 7.083788 -1.508073 -1.890210 2.022732 3.160299 -0.049158 3.451029 2.977922 -3.573977 2.370315 -0.032407 1.420478 13.480548 10.382680 10.201812 12.214280 0.749179 6.472022 3.540003 -0.207941 -2.466449 -1.227979 -0.223715 1.200812 1.716522 -0.434082 -0.004058 -0.040215 -0.087617 -0.101461 -0.028720 -9999.0 -9999.0 -9999.0 -9999.0 -9999.0 -9999.0
-9999.0 -9999.0 -9999.0 -9999.0 -9999.0 -9999.0 -9999.0 -9999.0 -9999.0 -9999.0 -9999.0 -0.179624 -0.174626 -1.346792 -0.031856 -0.029822 -0.004290 -0.046773 9.368293 2.441299 1.875127 1.447431 1.159443 0.978452 0.538441 0.674627 -0.041502 -0.629636 3.769990 3.334520 0.475464 0.989674 6.400560 2.821996 -2.713794 2.477613 2.417492 0.656564 -0.010051 13.052320 3.174200 4.470413 2.595771 1.908089 7.778562 2.444241 3.343096 3.851375 3.499128 2.921734 -0.326142 -0.120980 -0.118369 -0.112889 -0.101812 -0.162233 -0.055783 -9999.0 -9999.0 -9999.0 -9999.0 -9999.0 -9999.0
-9999.0 -9999.0 -9999.0 -9999.0 -9999.0 -9999.0 -9999.0 -9999.0 -9999.0 -9999.0 -0.004736 -0.036991 3.701684 -0.004360 3.646057 1.043344 -0.013117 -0.019396 2.173387 2.642677 7.231822 3.699083 0.907221 9.380160 2.800314 -0.005415 -0.207672 -0.007677 7.524690 7.044244 1.120614 -0.013934 2.791769 -2.960278 -2.172329 2.351510 6.773500 -0.109699 -0.038427 4.591000 5.743417 5.454237 10.354786 -0.006814 1.182538 5.319210 3.293232 1.232973 1.629512 2.626027 -0.008347 -0.101517 -0.112024 -0.124350 -0.104601 -0.163565 -0.135093 -9999.0 -9999.0 -9999.0 -9999.0 -9999.0 -9999.0
-9999.0 -9999.0 -9999.0 -9999.0 -9999.0 -9999.0 -9999.0 -9999.0 -9999.0 -0.392847 -1.038618 -0.145972 0.904039 -0.038586 -0.017529 -0.042040 -0.888510 7.004225 4.320797 2.921167 7.939286 3.279251 2.842860 3.741528 0.482002 -0.007050 0.608767 8.562606 1.704893 2.391366 4.396315 -0.267129 -0.950136 -0.533594 -1.731028 0.408177 2.332735 -0.111387 -0.292010 0.524616 0.524922 -0.046175 -0.008723 3.118826 2.167632 2.538579 9.697422 2.333957 1.505609 2.324540 1.089794 -0.663453 -0.158234 -0.078734 -0.061397 -0.479349 -0.034176 3.795263 -0.119790 -9999.0 -9999.0 -9999.0 -9999.0
-9999.0 -9999.0 -9999.0 -9999.0 -9999.0 -9999.0 -9999.0 -9999.0 -9999.0 -1.205950 -0.338097 -1.446769 7.994306 1.200854 1.046996 -0.011126 5.581464 2.884224 5.540431 12.179950 11.568486 13.220957 5.383098 6.042344 0.570797 1.151019 1.275978 2.570073 5.750458 2.797463 3.246993 -0.211441 -1.190834 -2.565810 3.288732 9.665484 9.033556 7.585861 -0.612342 2.755225 -0.255283 -1.742990 1.285760 1.789383 1.672788 4.279478 6.457861 5.667738 4.654380 3.932613 -0.045161 -0.187482 -0.075307 -0.082730 -0.085952 -0.039676 -0.052023 1.365555 6.629908 -9999.0 -9999.0 -9999.0 -9999.0
-9999.0 -9999.0 -9999.0 -9999.0 -9999.0 -9999.0 -9999.0 -9999.0 -9999.0 -9999.0 -0.784957 1.361338 -0.030002 -0.007884 3.499124 1.166616 0.746117 4.912268 6.578022 7.190389 7.958707 4.972559 0.751177 1.000585 1.199672 2.858634 3.054255 6.670479 4.212726 -0.316072 -0.430229 -0.076836 -1.117694 -0.609372 3.877950 6.902864 8.683821 6.657308 4.723198 -1.351107 -0.697695 5.063785 3.146112 -0.019552 -0.019783 0.641743 1.386185 3.896257 7.968667 4.920499 0.781183 0.944855 -1.326246 -0.067855 -0.117797 -0.077095 -0.073408 2.412044 2.632306 2.947575 -9999.0 -9999.0 -9999.0
-9999.0 -9999.0 -9999.0 -9999.0 -9999.0 -9999.0 -9999.0 -9999.0 -9999.0 -9999.0 -0.933138 -1.344140 -1.031485 -0.002819 8.889544 1.561542 2.381668 2.591992 8.178474 8.797022 6.097379 4.247468 1.127502 2.995091 2.645830 6.323800 6.500923 1.762781 -0.034992 -0.673682 -0.482186 -0.004057 -0.005575 -0.356789 -0.758328 -1.276388 1.378565 1.383826 -0.046576 -0.948739 -0.005498 3.319250 -0.478248 -0.680645 -0.209691 -0.011064 -0.004289 1.169699 4.703961 8.116112 5.593370 1.331796 -0.009670 -1.280927 -0.064536 -0.903572 -0.095608 0.375894 6.571722 6.702823 -9999.0 -9999.0 -9999.0
-9999.0 -9999.0 -9999.0 -9999.0 -9999.0 -9999.0 -9999.0 -9999.0 6.599840 4.361003 2.693824 -0.885291 -0.037594 -0.013017 -0.018162 2.510809 5.841244 14.366503 10.731264 10.593368 9.021536 7.466736 5.768016 2.383692 3.734759 6.273366 7.385153 -0.013733 -0.032683 -0.425568 -0.184756 -0.825605 -1.708427 -0.966966 -0.308004 -0.290598 3.714493 1.302127 -0.968666 -0.683219 -1.072601 -1.205910 -0.578262 -0.157714 3.474384 3.009995 -0.818988 -0.099584 1.598598 3.475426 5.560881 1.298525 1.141256 -0.866519 3.373245 7.979068 5.308279 9.121575 7.934931 8.603279 -9999.0 -9999.0 -9999.0
-9999.0 -9999.0 -9999.0 -9999.0 -9999.0 -9999.0 -9999.0 -9999.0 -0.021513 0.937140 0.690453 -0.115567 -0.764114 -0.015822 -0.010731 1.653964 3.794325 4.642535 8.895515 11.428921 18.465189 16.914947 15.235414 12.322133 6.807314 6.828378 2.326070 0.727463 -0.023396 3.156725 -0.755163 3.512741 3.028326 2.367380 2.375852 3.306478 7.354914 1.715766 0.481376 3.359787 -0.120283 -0.482006 -0.112857 3.296189 5.861774 -0.271999 -0.450234 -0.722952 0.351226 4.703417 8.341275 1.170090 -0.020064 5.818760 9.461211 1.333953 1.303905 6.183558 10.058087 11.807444 12.514600 -9999.0 -9999.0
-9999.0 -9999.0 -9999.0 -9999.0 -9999.0 -9999.0 -9999.0 -9999.0 -0.508853 3.327185 5.645688 -0.061878 3.366106 -0.595624 0.739219 2.100397 4.211728 7.596878 9.636519 16.647797 12.287462 16.857051 17.699631 11.354400 14.294471 5.853969 2.166738 -0.035364 1.178808 4.350075 3.556266 6.100118 -0.033824 0.866054 3.368443 8.141204 -0.005591 3.500808 -0.107173 -0.009995 -1.400587 -1.264508 -0.220014 -1.091796 -0.683702 -0.695690 3.024189 2.609060 -0.438487 1.089044 5.333655 7.354023 0.869589 0.296310 6.459627 0.919920 9.123622 9.937489 11.659103 10.928679 11.797040 -9999.0 -9999.0
-9999.0 -9999.0 -9999.0 -9999.0 -9999.0 -9999.0 -9999.0 -9999.0 -0.117086 3.209049 -0.003843 1.131478 6.377222 1.004068 1.534838 4.692177 8.075688 8.416936 4.668296 8.684480 10.451312 11.719492 16.523351 15.902536 5.692893 3.012734 1.009293 0.719433 9.155371 0.892102 0.737507 0.814315 3.178193 1.181524 1.026788 6.968035 8.551126 3.915415 0.915044 0.155224 3.281695 3.676845 3.760948 7.665087 3.279340 4.732508 4.271723 6.991470 7.519618 2.597677 1.218348 8.942738 8.824855 0.144491 9.762241 10.487663 11.288823 8.950242 10.562160 11.642088 9.342952 6.548680 -9999.0
-9999.0 -9999.0 -9999.0 -9999.0 -9999.0 -9999.0 -9999.0 -9999.0 -1.914486 3.009950 -0.002259 1.046702 1.632203 1.975608 11.081646 7.366319 4.531565 5.133795 2.113585 5.462760 7.900499 10.536924 11.380451 10.299595 13.458686 3.218633 0.886021 2.089264 3.259464 1.237831 1.117916 0.499360 5.992419 1.528845 0.788702 1.629680 2.321396 5.705379 5.101531 1.310253 0.453384 1.598628 1.953201 1.598185 1.054242 7.615825 1.623689 1.348194 2.269849 6.314349 9.608562 8.715682 9.722439 11.677509 11.721812 10.091770 11.779907 11.635831 9.913629 10.073829 8.015883 6.010934 -9999.0
-9999.0 -9999.0 4.175257 3.818675 -0.038567 0.881465 0.486436 -0.004549 3.196374 2.482072 0.745385 2.289068 4.409131 7.420693 14.052088 3.425997 3.257137 -0.011673 -0.005605 2.077129 5.877490 7.812966 10.209962 8.165384 5.871529 6.032118 3.541900 3.596933 4.958814 9.527560 1.426550 1.808406 8.184652 2.927455 6.407127 4.420197 8.185197 7.476080 6.254026 3.905894 5.505788 6.404218 4.508022 5.304525 1.559595 2.415590 5.876986 1.664118 8.572228 9.949304 11.544632 10.418130 11.821000 11.742962 11.250576 16.045104 8.084124 9.014233 8.891751 7.261082 8.874685 5.199513 -9999.0
-9999.0 1.251731 1.190648 1.118142 1.156386 1.063191 -0.007478 -0.314761 -0.525648 -1.139056 -0.005424 0.500675 3.207444 11.230958 10.475241 1.136658 -0.004688 -0.018888 1.195709 3.244726 6.497530 7.180035 10.934069 8.598963 15.716645 10.066366 14.717896 14.240971 8.755522 5.108688 7.553537 6.922229 6.894453 11.459976 9.093714 9.085074 11.162906 9.898846 9.768039 8.681183 9.393080 8.808095 8.292577 5.221725 4.967738 5.539019 4.185161 8.006824 10.752809 7.637577 10.665856 10.466298 7.578179 5.582970 5.011806 7.252241 5.139812 5.360591 6.206003 7.146118 1.218933 1.975038 -9999.0
-9999.0 3.057225 1.247880 1.720570 7.086056 0.561313 -0.004600 -0.005152 3.665220 5.107087 0.773618 1.448725 6.011533 10.850069 5.004571 -0.011154 -0.113118 0.975537 1.402773 3.260503 5.553953 5.380963 4.056378 5.554421 15.185058 17.286531 10.507303 11.458288 10.088131 8.775026 10.257867 9.220433 7.980077 6.056287 12.473410 10.304898 17.692796 19.259109 12.744354 12.551829 11.616486 10.039861 10.014943 8.879211 10.581677 10.650373 11.168924 11.400314 10.295794 10.488781 7.353514 4.655739 4.055916 6.848687 7.394158 1.339432 1.568164 0.155942 0.140708 -0.004649 1.049064 -9999.0 -9999.0
