erum2020/resources/simulation/Vinschgau/output-maps/TsL0008N1408.asc
ncols         63
nrows         48
xllcorner     598000.000000
yllcorner     5145000.000000
cellsize      1000.000000
NODATA_value  -9999.0
[rows 0 to 27 of 48, columns 0 to 62 of 63]
-9999.0 -9999.0 -9999.0 -9999.0 -9999.0 -9999.0 -9999.0 -9999.0 -9999.0 -9999.0 -9999.0 -9999.0 -9999.0 -9999.0 -9999.0 -9999.0 -9999.0 -9999.0 -9999.0 -9999.0 -9999.0 -9999.0 -9999.0 -9999.0 -9999.0 -9999.0 -9999.0 -9999.0 -9999.0 -9999.0 -9999.0 -9999.0 -9999.0 -9999.0 -9999.0 -9999.0 -9999.0 -9999.0 -9999.0 -9999.0 -9999.0 -9999.0 -9999.0 -9999.0 -9999.0 -9999.0 -9999.0 -9999.0 -9999.0 -9999.0 -9999.0 -9999.0 -9999.0 -9999.0 -9999.0 -9999.0 -9999.0 -9999.0 -9999.0 -9999.0 -9999.0 -9999.0 -9999.0
-9999.0 -9999.0 -9999.0 -9999.0 -9999.0 -9999.0 -9999.0 -9999.0 -9999.0 -9999.0 -9999.0 -9999.0 -9999.0 -9999.0 -9999.0 -9999.0 -9999.0 -9999.0 -9999.0 -9999.0 -9999.0 -9999.0 -9999.0 -9999.0 -9999.0 -9999.0 -9999.0 -0.002052 0.030195 0.189886 -0.002078 -0.003015 -2.469249 -9999.0 -9999.0 -9999.0 -9999.0 -9999.0 -9999.0 -9999.0 -9999.0 -9999.0 -9999.0 -9999.0 -9999.0 -9999.0 -9999.0 -9999.0 -9999.0 -9999.0 -9999.0 -9999.0 -9999.0 -9999.0 -9999.0 -9999.0 -9999.0 -9999.0 -9999.0 -9999.0 -9999.0 -9999.0 -9999.0
-9999.0 -9999.0 -9999.0 -9999.0 -9999.0 -9999.0 -9999.0 -9999.0 -9999.0 -9999.0 -9999.0 -9999.0 -9999.0 -9999.0 -9999.0 -9999.0 -9999.0 -9999.0 -9999.0 -9999.0 -9999.0 -9999.0 -9999.0 -9999.0 0.213353 0.349822 0.697101 0.220845 0.690439 0.619442 -0.002769 -9999.0 -9999.0 -9999.0 -9999.0 -9999.0 -9999.0 -9999.0 -9999.0 -9999.0 -9999.0 -9999.0 -9999.0 -9999.0 -9999.0 -9999.0 -9999.0 -9999.0 -9999.0 -9999.0 -9999.0 -9999.0 -9999.0 -9999.0 -9999.0 -9999.0 -9999.0 -9999.0 -9999.0 -9999.0 -9999.0 -9999.0 -9999.0
-9999.0 -9999.0 -9999.0 -9999.0 -9999.0 -9999.0 -9999.0 -9999.0 -9999.0 -9999.0 -9999.0 -9999.0 -9999.0 -9999.0 -9999.0 -9999.0 -9999.0 -9999.0 -9999.0 -9999.0 -9999.0 -9999.0 -9999.0 0.439398 1.318900 3.178333 3.582040 3.696352 3.699094 0.699966 -0.002529 -0.011792 -9999.0 -9999.0 -9999.0 -9999.0 -9999.0 -9999.0 -9999.0 -9999.0 -9999.0 -9999.0 -9999.0 -9999.0 -9999.0 -9999.0 -9999.0 -9999.0 -9999.0 -9999.0 -9999.0 -9999.0 -9999.0 -9999.0 -9999.0 -9999.0 -9999.0 -9999.0 -9999.0 -9999.0 -9999.0 -9999.0 -9999.0
-9999.0 -9999.0 -9999.0 -9999.0 -9999.0 -9999.0 -9999.0 -9999.0 -9999.0 -9999.0 -9999.0 -9999.0 -9999.0 -9999.0 -9999.0 -9999.0 -9999.0 -9999.0 4.575344 1.218444 -9999.0 0.802651 1.302461 2.721207 2.988401 3.623840 3.296015 3.609996 2.650980 1.097941 0.373638 -0.002011 -0.003379 -0.004729 -9999.0 -9999.0 -9999.0 -9999.0 -9999.0 -9999.0 -9999.0 -9999.0 -9999.0 -9999.0 -9999.0 -9999.0 -9999.0 -9999.0 -9999.0 -9999.0 -9999.0 -9999.0 -9999.0 -9999.0 -9999.0 -9999.0 -9999.0 -9999.0 -9999.0 -9999.0 -9999.0 -9999.0 -9999.0
-9999.0 -9999.0 -9999.0 -9999.0 -9999.0 -9999.0 -9999.0 -9999.0 -9999.0 -9999.0 -9999.0 -9999.0 -9999.0 -9999.0 -9999.0 -9999.0 -9999.0 5.025704 3.674866 3.681611 1.820560 0.475120 1.161267 2.281498 3.937309 0.295034 -0.046694 0.939101 -0.037633 2.044734 1.812970 0.514842 0.539358 -0.002056 -0.004270 -0.006249 -9999.0 -9999.0 -9999.0 -9999.0 -9999.0 -9999.0 -9999.0 -9999.0 -9999.0 -9999.0 -9999.0 -9999.0 -9999.0 -9999.0 -9999.0 -9999.0 -9999.0 -9999.0 -9999.0 -9999.0 -9999.0 -9999.0 -9999.0 -9999.0 -9999.0 -9999.0 -9999.0
-9999.0 -9999.0 -9999.0 -9999.0 -9999.0 -9999.0 -9999.0 -9999.0 -9999.0 -9999.0 -9999.0 -9999.0 -9999.0 2.929018 2.313519 3.266188 4.559726 8.575263 4.666960 2.978250 3.013955 2.711604 3.276355 3.993714 -0.004202 1.209508 -0.244530 -0.039675 -0.034344 -0.000305 -1.145927 1.010331 0.086360 0.001451 -0.002266 -0.007866 -9999.0 -9999.0 -9999.0 -9999.0 -9999.0 -9999.0 -9999.0 -9999.0 -9999.0 -9999.0 -9999.0 -9999.0 -9999.0 -9999.0 -9999.0 -9999.0 -9999.0 -9999.0 -9999.0 -9999.0 -9999.0 -9999.0 -9999.0 -9999.0 -9999.0 -9999.0 -9999.0
-9999.0 -9999.0 -9999.0 -9999.0 -9999.0 -9999.0 -9999.0 -9999.0 -9999.0 -9999.0 -9999.0 -9999.0 -9999.0 3.735660 4.146345 4.092004 3.922412 8.497408 8.657702 4.601894 3.798006 5.136340 2.643810 1.568693 2.253756 1.282133 0.035387 0.062423 -0.002422 -0.227431 -0.045481 0.000925 -0.003039 -0.039970 -0.005524 -9999.0 -9999.0 -9999.0 -9999.0 -9999.0 -9999.0 -9999.0 -9999.0 -9999.0 -9999.0 -9999.0 -9999.0 -9999.0 -9999.0 -9999.0 -9999.0 -9999.0 -9999.0 -9999.0 -9999.0 -9999.0 -9999.0 -9999.0 -9999.0 -9999.0 -9999.0 -9999.0 -9999.0
-9999.0 -9999.0 -9999.0 -9999.0 -9999.0 -9999.0 -9999.0 -9999.0 -9999.0 -9999.0 -9999.0 -9999.0 -9999.0 3.939276 3.418473 5.179170 3.601873 4.330079 8.952745 4.711590 6.158503 2.360647 0.625354 -0.009770 2.036517 1.660150 0.616911 -0.002780 -0.008841 -0.004320 -0.003257 -2.118381 -0.419079 -8.465567 -0.012221 -9999.0 -9999.0 -9999.0 -9999.0 -9999.0 -9999.0 -9999.0 -9999.0 -9999.0 -9999.0 -9999.0 -9999.0 -9999.0 -9999.0 -9999.0 -9999.0 -9999.0 -9999.0 -9999.0 -9999.0 -9999.0 -9999.0 -9999.0 -9999.0 -9999.0 -9999.0 -9999.0 -9999.0
-9999.0 -9999.0 -9999.0 -9999.0 -9999.0 -9999.0 -9999.0 -9999.0 -9999.0 -9999.0 -9999.0 -9999.0 2.636818 2.894372 4.743489 3.115394 2.232929 3.947760 9.245175 5.068210 3.062864 0.483663 0.941324 -0.006717 -1.243022 0.024983 -2.372053 -0.003190 0.073780 -0.003362 -2.298662 -0.003649 -0.017454 -0.008576 -9999.0 -9999.0 -9999.0 -9999.0 -9999.0 -9999.0 -9999.0 -9999.0 -9999.0 -9999.0 -9999.0 -9999.0 -9999.0 -9999.0 -9999.0 -9999.0 -9999.0 -9999.0 -9999.0 -9999.0 -9999.0 -9999.0 -9999.0 -9999.0 -9999.0 -9999.0 -9999.0 -9999.0 -9999.0
-9999.0 -9999.0 -9999.0 -9999.0 -9999.0 -9999.0 -9999.0 -9999.0 -9999.0 -9999.0 -9999.0 2.966444 4.144930 3.648590 4.194633 4.915435 4.097547 4.184915 9.270048 6.398670 2.507877 2.739030 1.398389 0.144377 1.093820 0.203874 -0.005084 0.011709 -0.021433 -0.006858 -0.003734 0.103401 -0.002302 -0.004500 -0.003968 -0.002138 -0.002497 0.010493 0.045498 -9999.0 -9999.0 -9999.0 -0.005138 -9999.0 -9999.0 -9999.0 -9999.0 -9999.0 -9999.0 -9999.0 -9999.0 -9999.0 -9999.0 -9999.0 -9999.0 -9999.0 -9999.0 -9999.0 -9999.0 -9999.0 -9999.0 -9999.0 -9999.0
-9999.0 -9999.0 -9999.0 -9999.0 -9999.0 -9999.0 -9999.0 -9999.0 -9999.0 -9999.0 -9999.0 2.538528 4.246439 5.756475 5.528805 3.915585 6.527500 4.629503 9.312423 7.173067 6.208255 3.238816 0.961343 -1.487623 -0.900934 0.020039 0.002264 0.230142 0.165458 -0.004677 0.005119 0.688857 -0.014480 -0.563662 -0.548424 0.006332 0.692018 0.876604 0.023691 -0.004264 -0.003870 -0.004692 -0.002033 -0.003143 -9999.0 -9999.0 -9999.0 -2.717916 -2.393466 -0.008523 -1.952523 -2.748133 -2.771343 -2.866932 -2.787333 -2.976160 -9999.0 -9999.0 -9999.0 -9999.0 -9999.0 -9999.0 -9999.0
-9999.0 -9999.0 -9999.0 -9999.0 -9999.0 -9999.0 -9999.0 -9999.0 -9999.0 -9999.0 -9999.0 2.295735 2.643130 1.789891 4.583879 4.726634 2.393714 3.878326 7.831389 7.083325 2.456523 0.181480 -0.704804 0.202785 0.017690 0.004702 -0.827696 -2.822178 -0.002083 -0.023737 -0.002439 -1.086585 0.243929 -0.429922 -0.003205 0.414555 -0.563258 -0.478343 1.509032 -0.002362 0.046284 -0.002212 0.233104 0.012814 -1.516883 -9999.0 -0.015653 -1.683725 -0.002615 0.092015 0.363163 0.414912 0.022978 -0.003946 -0.003502 -0.753962 -9999.0 -9999.0 -9999.0 -9999.0 -9999.0 -9999.0 -9999.0
-9999.0 -9999.0 -9999.0 -9999.0 -9999.0 -9999.0 -9999.0 -9999.0 -9999.0 -9999.0 -9999.0 -9999.0 2.687603 -0.002025 3.738197 3.976929 0.871584 2.923902 8.623483 7.001635 2.279158 0.963785 -0.036873 -0.373383 -1.870731 -0.916796 0.456005 0.254732 -0.002279 -0.003003 0.001390 -0.833740 0.525551 -0.004158 -0.011246 0.033482 -0.786448 -0.647243 2.691187 0.492222 1.050868 0.629204 -0.372852 0.747069 -0.002550 -1.744158 -0.006663 -1.095792 -1.841162 -0.459782 -0.000787 -0.778063 -3.003446 -1.315571 -1.973286 -0.013629 -0.030851 -9999.0 -9999.0 -9999.0 -9999.0 -9999.0 -9999.0
-9999.0 -9999.0 -9999.0 -9999.0 -9999.0 -9999.0 -9999.0 -9999.0 -9999.0 -9999.0 -9999.0 -0.432354 0.961664 2.984382 -0.027450 0.661206 1.837886 2.271679 7.918601 4.254393 2.543770 0.972185 -0.002029 -0.867062 -0.819644 -0.388916 -0.413570 -0.002816 -0.003967 0.049958 -0.898598 -1.134420 1.236317 -0.003436 -1.178592 0.005269 0.017829 -0.410753 0.043736 2.297334 -0.416182 -0.002148 -0.034223 -0.015972 1.449560 -0.002545 0.043786 0.071786 0.591957 -0.009464 -2.758776 -0.002370 -2.857345 -4.591600 -5.293177 -3.078463 -0.003728 -9999.0 -9999.0 -9999.0 -9999.0 -9999.0 -9999.0
-9999.0 -9999.0 -9999.0 -9999.0 -9999.0 -9999.0 -9999.0 -9999.0 -9999.0 -9999.0 -0.000202 -0.049690 1.145702 1.357383 2.666172 -0.004306 -0.009296 0.146456 3.380845 3.906296 5.184852 3.364499 -0.419175 1.729772 -0.002018 -1.526819 -1.273166 -3.764395 0.471213 0.882693 -0.052109 -0.787556 0.780696 -0.003865 -0.008020 -0.002395 0.420245 -0.595493 -0.097345 0.218816 0.418681 1.231545 4.828412 1.084300 -0.003024 0.088323 0.080222 -0.265859 -0.098546 -0.001556 -3.930079 -0.048626 -5.766045 -3.756393 -3.382498 -0.004507 -0.003824 -9999.0 -9999.0 -9999.0 -9999.0 -9999.0 -9999.0
-9999.0 -9999.0 -9999.0 -9999.0 -9999.0 -9999.0 -9999.0 -9999.0 -9999.0 0.044666 0.975098 -0.038471 -0.033559 -0.430423 -0.048470 -0.037104 -0.003224 3.603209 3.295129 3.934140 5.548899 0.714842 0.482399 1.105669 0.033638 -1.305144 -2.063047 0.832901 -0.052814 -0.003734 0.036522 -1.503112 -0.002165 -0.005893 -0.003899 -0.002421 0.507155 -0.940341 -0.713039 -0.044145 -0.330135 -0.221827 -0.328736 1.792992 1.394090 -0.009922 2.479959 -0.533647 -0.517802 0.088871 -1.238545 -0.004300 -4.062073 -3.944436 -3.022819 -3.049288 -2.091938 -0.002862 -2.519250 -9999.0 -9999.0 -9999.0 -9999.0
-9999.0 -9999.0 -9999.0 -9999.0 -9999.0 -9999.0 -9999.0 -9999.0 -9999.0 0.038423 0.029797 1.009009 1.880431 -0.001738 -0.006227 -0.458476 2.098840 1.142381 3.855717 6.537396 6.148080 5.306908 3.714178 1.540015 -0.918791 -1.070228 -0.372694 -0.001996 0.560847 1.685910 1.322153 -1.878848 0.030509 -0.017395 -0.002493 -0.002444 -0.002055 0.433320 0.015224 1.259777 -0.613246 -1.248312 -0.215591 0.825858 2.674112 2.601987 2.406504 0.917786 -0.002545 0.225495 -2.752117 -4.810231 -3.959684 -3.417465 -0.009743 -3.953483 -1.896745 -1.288268 -0.002031 -9999.0 -9999.0 -9999.0 -9999.0
-9999.0 -9999.0 -9999.0 -9999.0 -9999.0 -9999.0 -9999.0 -9999.0 -9999.0 -9999.0 0.000833 0.968133 -0.033258 -0.005177 0.100875 -0.003176 -0.001633 2.400574 4.632772 5.076911 6.260240 2.420272 -0.002630 -0.128009 -0.846703 -0.002381 0.146815 1.096523 1.081293 -1.444773 -1.786143 -2.654599 -3.133280 -0.005205 0.200718 1.216256 0.819415 1.136520 -0.002054 0.006613 -0.001004 0.811269 1.364584 -0.006424 -0.005493 -0.002886 1.551832 4.137290 3.301599 0.420820 -1.707647 -2.064136 -3.160419 -3.958358 -3.564185 -1.838372 -0.002209 -1.509665 -0.041106 -0.002016 -9999.0 -9999.0 -9999.0
-9999.0 -9999.0 -9999.0 -9999.0 -9999.0 -9999.0 -9999.0 -9999.0 -9999.0 -9999.0 -0.002825 0.097152 0.704117 -0.003934 2.724019 0.360183 -0.004794 2.435145 5.098746 5.680969 3.172034 1.301369 -0.003699 -0.042843 -0.002261 0.575691 1.752865 -0.002368 -1.131348 -2.853051 0.003472 0.515981 -3.136706 -0.015275 0.006499 1.311793 -1.450916 -0.044926 -1.334681 -0.003338 0.021337 1.760717 -0.393939 0.566419 1.226760 -0.186497 -0.001351 -0.005242 2.945070 2.943023 0.017234 -1.394034 -3.567244 -2.697259 -4.550898 -3.848263 -1.996893 -0.584328 1.479544 2.021726 -9999.0 -9999.0 -9999.0
-9999.0 -9999.0 -9999.0 -9999.0 -9999.0 -9999.0 -9999.0 -9999.0 0.176296 0.000328 -0.003363 0.228995 -0.818249 -0.219182 -0.038341 1.600985 2.718835 6.142326 5.962157 6.037270 4.892757 3.778145 2.885613 1.172959 0.884653 1.762839 2.608399 -0.654067 -1.052514 -2.759931 -0.011904 0.005229 0.007652 -0.008114 0.039562 0.022533 2.442320 -0.038719 -2.377372 -0.002384 0.084238 0.841284 -2.746672 -0.002126 0.792135 0.744514 -2.201652 -0.314671 -0.003079 2.432537 0.344296 -0.573049 -2.559172 -5.254491 -3.511797 -0.015017 -0.002539 1.106126 0.776153 4.369957 -9999.0 -9999.0 -9999.0
-9999.0 -9999.0 -9999.0 -9999.0 -9999.0 -9999.0 -9999.0 -9999.0 -2.879015 -0.809568 -2.246196 -0.004397 0.029611 -1.975477 -0.772180 -0.002930 1.719867 2.305943 5.258570 6.577975 9.531406 8.517185 7.638573 6.394157 3.141835 3.225930 0.667328 -0.047057 -3.039232 -0.003670 -0.062993 -0.002089 0.067372 -0.002053 0.214397 0.583189 3.691320 -0.002718 -0.122866 0.352205 0.005169 -0.002461 0.004633 0.480165 -0.000114 -0.565565 -3.226269 0.139423 -0.049676 1.510193 1.786573 -0.021909 -3.387348 -1.814938 0.012293 -1.711333 -0.680613 -0.002672 3.241490 5.835130 6.519566 -9999.0 -9999.0
-9999.0 -9999.0 -9999.0 -9999.0 -9999.0 -9999.0 -9999.0 -9999.0 0.004445 -0.001008 -0.003901 -3.053753 0.151378 -2.535280 -0.561802 -0.634372 0.357645 2.922861 5.205420 9.280852 7.037161 8.863060 8.654393 5.591633 6.620191 3.050796 0.202039 -1.081921 -3.586466 0.007997 0.013872 0.830705 -1.435806 -1.098837 1.025118 3.221660 -0.003346 1.880791 -0.021738 -0.312593 0.268424 0.061776 0.259455 -0.001619 -0.960362 0.202609 -0.002460 -0.001966 -1.690959 -0.003772 2.693543 0.216263 -2.347586 -3.266352 -0.126245 -0.030232 0.968970 2.626724 5.470829 6.132532 6.447653 -9999.0 -9999.0
-9999.0 -9999.0 -9999.0 -9999.0 -9999.0 -9999.0 -9999.0 -9999.0 -0.006229 0.251938 -0.241785 -3.509485 0.086228 -1.055270 -0.194171 0.061724 3.758223 5.012590 6.722954 5.483755 6.497088 6.942600 8.553389 7.683140 3.448667 0.939229 -0.002950 -1.825830 0.670718 -0.241828 -0.507362 -0.072418 -0.002824 -0.030425 -0.037595 2.170266 3.992138 3.910682 0.736810 -0.004263 0.850076 1.076194 1.045226 0.800705 0.044240 0.068733 0.535173 0.433671 0.017855 -0.679194 -0.002221 2.367205 0.217782 -0.043885 0.435799 1.543861 3.608901 4.790683 5.626749 6.196583 5.273857 2.604795 -9999.0
-9999.0 -9999.0 -9999.0 -9999.0 -9999.0 -9999.0 -9999.0 -9999.0 -2.455900 0.068640 -2.106180 -1.418469 -0.288046 -0.108125 1.636623 2.518785 4.337872 2.376352 0.863573 2.700137 4.561111 6.411879 6.550824 6.214021 5.570093 0.224866 -0.938040 -0.002268 0.015895 -0.014887 -0.176571 0.160110 2.806325 1.154755 0.686079 1.770325 3.171518 5.856683 5.234814 2.429037 0.976227 0.873270 0.904743 0.019156 -0.595422 1.470712 -0.063897 -0.037931 -0.109360 0.095768 1.861889 1.582364 1.937892 1.657997 2.382983 2.823697 3.611587 4.720631 5.495744 5.325492 4.042133 2.015685 -9999.0
-9999.0 -9999.0 0.100427 0.190152 -3.333846 -1.201621 -2.401396 -1.980195 -0.015186 -0.003176 -0.782183 -0.006862 -0.078159 -0.002272 3.412456 1.471825 -0.007305 -1.074303 -0.361091 0.070456 2.567650 5.305801 5.979223 5.935233 4.347566 1.847745 0.097128 0.322162 2.479407 3.343232 -0.002892 0.764904 5.857174 3.255361 4.503833 4.448963 6.895696 8.096672 6.995858 4.325383 4.532654 4.609037 4.100958 3.091173 -0.002507 0.741144 1.729776 1.554614 2.943320 3.946402 4.570191 4.166020 3.339142 2.662511 2.559367 5.812392 3.312433 3.980772 3.855510 3.402799 4.296496 1.228434 -9999.0
-9999.0 -0.413653 -0.496910 -0.687142 -1.097069 -0.830810 -2.159886 -2.463846 -3.432466 -0.006729 -1.621502 -0.708781 -0.000319 2.549987 2.094676 -0.194244 -0.838344 -1.486616 -0.981786 -0.003042 2.348565 4.104674 6.636705 4.798653 6.885096 4.082178 5.175248 5.529447 4.780215 3.658748 3.331838 3.513239 5.247510 8.442882 7.563382 8.859833 10.439042 10.995523 10.668104 9.012755 8.091877 7.958691 7.254015 4.631835 3.344991 3.739382 4.878729 5.747852 6.438919 5.992221 5.137168 4.128704 3.099662 2.216213 2.133390 1.578589 0.642789 1.003754 1.354286 2.369391 0.398659 1.019835 -9999.0
-9999.0 1.952361 -0.032651 -0.035294 0.901002 -0.042904 -2.365887 -2.969596 -0.017603 -0.006057 -2.144420 -1.092510 0.130426 2.283365 -0.058902 -2.355655 -2.282260 -1.796197 -0.287331 -0.010041 2.887816 1.978950 2.980931 3.266973 6.840086 7.745496 5.255596 6.001058 6.242452 6.210280 6.353905 6.122148 7.182432 8.085967 11.142238 11.129680 15.514174 16.531335 13.516279 12.438047 11.746150 10.801525 9.672891 7.895327 7.756315 7.614610 7.763305 7.596624 6.954546 6.135903 4.315886 2.003384 0.784359 1.422367 0.507074 -0.001642 -0.244696 -0.001811 -0.001811 -0.002075 -0.001495 -9999.0 -9999.0
