erum2020/resources/simulation/Vinschgau/output-maps/TsL0007N0136.asc
ncols         63
nrows         48
xllcorner     598000.000000
yllcorner     5145000.000000
cellsize      1000.000000
NODATA_value  -9999.0
[rows 0 to 27 of 48, columns 0 to 61 of 63]
-9999.0 -9999.0 -9999.0 -9999.0 -9999.0 -9999.0 -9999.0 -9999.0 -9999.0 -9999.0 -9999.0 -9999.0 -9999.0 -9999.0 -9999.0 -9999.0 -9999.0 -9999.0 -9999.0 -9999.0 -9999.0 -9999.0 -9999.0 -9999.0 -9999.0 -9999.0 -9999.0 -9999.0 -9999.0 -9999.0 -9999.0 -9999.0 -9999.0 -9999.0 -9999.0 -9999.0 -9999.0 -9999.0 -9999.0 -9999.0 -9999.0 -9999.0 -9999.0 -9999.0 -9999.0 -9999.0 -9999.0 -9999.0 -9999.0 -9999.0 -9999.0 -9999.0 -9999.0 -9999.0 -9999.0 -9999.0 -9999.0 -9999.0 -9999.0 -9999.0 -9999.0 -9999.0
-9999.0 -9999.0 -9999.0 -9999.0 -9999.0 -9999.0 -9999.0 -9999.0 -9999.0 -9999.0 -9999.0 -9999.0 -9999.0 -9999.0 -9999.0 -9999.0 -9999.0 -9999.0 -9999.0 -9999.0 -9999.0 -9999.0 -9999.0 -9999.0 -9999.0 -9999.0 -9999.0 -1.197662 -1.360071 -2.502134 -2.578069 -3.560208 -3.841722 -9999.0 -9999.0 -9999.0 -9999.0 -9999.0 -9999.0 -9999.0 -9999.0 -9999.0 -9999.0 -9999.0 -9999.0 -9999.0 -9999.0 -9999.0 -9999.0 -9999.0 -9999.0 -9999.0 -9999.0 -9999.0 -9999.0 -9999.0 -9999.0 -9999.0 -9999.0 -9999.0 -9999.0 -9999.0
-9999.0 -9999.0 -9999.0 -9999.0 -9999.0 -9999.0 -9999.0 -9999.0 -9999.0 -9999.0 -9999.0 -9999.0 -9999.0 -9999.0 -9999.0 -9999.0 -9999.0 -9999.0 -9999.0 -9999.0 -9999.0 -9999.0 -9999.0 -9999.0 -1.025839 -1.195724 -1.413593 -1.573902 -1.238758 -2.018808 -1.706573 -9999.0 -9999.0 -9999.0 -9999.0 -9999.0 -9999.0 -9999.0 -9999.0 -9999.0 -9999.0 -9999.0 -9999.0 -9999.0 -9999.0 -9999.0 -9999.0 -9999.0 -9999.0 -9999.0 -9999.0 -9999.0 -9999.0 -9999.0 -9999.0 -9999.0 -9999.0 -9999.0 -9999.0 -9999.0 -9999.0 -9999.0
-9999.0 -9999.0 -9999.0 -9999.0 -9999.0 -9999.0 -9999.0 -9999.0 -9999.0 -9999.0 -9999.0 -9999.0 -9999.0 -9999.0 -9999.0 -9999.0 -9999.0 -9999.0 -9999.0 -9999.0 -9999.0 -9999.0 -9999.0 -1.142973 -1.203286 -0.003813 -0.003283 -0.001835 -1.405251 -3.061901 -2.505502 -1.126344 -9999.0 -9999.0 -9999.0 -9999.0 -9999.0 -9999.0 -9999.0 -9999.0 -9999.0 -9999.0 -9999.0 -9999.0 -9999.0 -9999.0 -9999.0 -9999.0 -9999.0 -9999.0 -9999.0 -9999.0 -9999.0 -9999.0 -9999.0 -9999.0 -9999.0 -9999.0 -9999.0 -9999.0 -9999.0 -9999.0
-9999.0 -9999.0 -9999.0 -9999.0 -9999.0 -9999.0 -9999.0 -9999.0 -9999.0 -9999.0 -9999.0 -9999.0 -9999.0 -9999.0 -9999.0 -9999.0 -9999.0 -9999.0 -0.002282 -0.004144 -9999.0 -1.015482 -1.104408 -0.001436 -0.001760 -4.209911 -0.635499 -0.411018 -0.002701 -1.254857 -3.332877 -2.001647 -3.764314 -4.468156 -9999.0 -9999.0 -9999.0 -9999.0 -9999.0 -9999.0 -9999.0 -9999.0 -9999.0 -9999.0 -9999.0 -9999.0 -9999.0 -9999.0 -9999.0 -9999.0 -9999.0 -9999.0 -9999.0 -9999.0 -9999.0 -9999.0 -9999.0 -9999.0 -9999.0 -9999.0 -9999.0 -9999.0
-9999.0 -9999.0 -9999.0 -9999.0 -9999.0 -9999.0 -9999.0 -9999.0 -9999.0 -9999.0 -9999.0 -9999.0 -9999.0 -9999.0 -9999.0 -9999.0 -9999.0 -0.581303 -1.405651 -1.325545 -1.034789 -0.015919 -0.031093 -1.293844 -0.003493 -1.190632 -1.145650 -1.081577 -1.215872 -0.903627 -1.255120 -3.136845 -3.709884 -4.283129 -3.159732 -4.791271 -9999.0 -9999.0 -9999.0 -9999.0 -9999.0 -9999.0 -9999.0 -9999.0 -9999.0 -9999.0 -9999.0 -9999.0 -9999.0 -9999.0 -9999.0 -9999.0 -9999.0 -9999.0 -9999.0 -9999.0 -9999.0 -9999.0 -9999.0 -9999.0 -9999.0 -9999.0
-9999.0 -9999.0 -9999.0 -9999.0 -9999.0 -9999.0 -9999.0 -9999.0 -9999.0 -9999.0 -9999.0 -9999.0 -9999.0 -0.912636 -0.004716 -0.008572 -0.010792 -0.866373 -0.675535 -0.008642 -0.003114 -0.002009 -1.538947 -0.002550 -1.516305 -1.065899 -1.845241 -1.104851 -1.158767 -1.138256 -1.172079 -1.189080 -2.231475 -4.700644 -5.517064 -5.561989 -9999.0 -9999.0 -9999.0 -9999.0 -9999.0 -9999.0 -9999.0 -9999.0 -9999.0 -9999.0 -9999.0 -9999.0 -9999.0 -9999.0 -9999.0 -9999.0 -9999.0 -9999.0 -9999.0 -9999.0 -9999.0 -9999.0 -9999.0 -9999.0 -9999.0 -9999.0
-9999.0 -9999.0 -9999.0 -9999.0 -9999.0 -9999.0 -9999.0 -9999.0 -9999.0 -9999.0 -9999.0 -9999.0 -9999.0 -0.068730 -0.001387 -0.007350 -0.007519 -0.000963 -1.044604 -1.217682 -4.624364 -1.035481 -0.007887 -1.108301 -1.057605 -1.063229 -1.635693 -3.916443 -4.131563 -1.524323 -1.120287 -4.460907 -5.454755 -6.018399 -5.925294 -9999.0 -9999.0 -9999.0 -9999.0 -9999.0 -9999.0 -9999.0 -9999.0 -9999.0 -9999.0 -9999.0 -9999.0 -9999.0 -9999.0 -9999.0 -9999.0 -9999.0 -9999.0 -9999.0 -9999.0 -9999.0 -9999.0 -9999.0 -9999.0 -9999.0 -9999.0 -9999.0
-9999.0 -9999.0 -9999.0 -9999.0 -9999.0 -9999.0 -9999.0 -9999.0 -9999.0 -9999.0 -9999.0 -9999.0 -9999.0 -0.004755 -0.001656 -0.001768 -0.007671 -0.009045 -1.002541 -0.011230 -0.004164 -2.164143 -1.025813 -1.030637 -0.909484 -0.012743 -1.765259 -3.935696 -1.696752 -4.741076 -4.094429 -5.576806 -5.655904 -6.070522 -6.330459 -9999.0 -9999.0 -9999.0 -9999.0 -9999.0 -9999.0 -9999.0 -9999.0 -9999.0 -9999.0 -9999.0 -9999.0 -9999.0 -9999.0 -9999.0 -9999.0 -9999.0 -9999.0 -9999.0 -9999.0 -9999.0 -9999.0 -9999.0 -9999.0 -9999.0 -9999.0 -9999.0
-9999.0 -9999.0 -9999.0 -9999.0 -9999.0 -9999.0 -9999.0 -9999.0 -9999.0 -9999.0 -9999.0 -9999.0 -0.208312 -0.001696 -0.001845 -0.892818 -0.006026 -0.007782 0.000271 -3.295145 -0.627661 -0.959559 -0.953544 -0.990260 -0.016582 -3.235284 -1.067785 -1.096118 -1.952198 -4.386756 -4.198217 -3.299438 -3.752129 -5.281025 -9999.0 -9999.0 -9999.0 -9999.0 -9999.0 -9999.0 -9999.0 -9999.0 -9999.0 -9999.0 -9999.0 -9999.0 -9999.0 -9999.0 -9999.0 -9999.0 -9999.0 -9999.0 -9999.0 -9999.0 -9999.0 -9999.0 -9999.0 -9999.0 -9999.0 -9999.0 -9999.0 -9999.0
-9999.0 -9999.0 -9999.0 -9999.0 -9999.0 -9999.0 -9999.0 -9999.0 -9999.0 -9999.0 -9999.0 -0.829676 -0.924659 -0.003933 -0.938583 -0.921931 -2.206360 -0.007915 0.018843 -2.915950 -1.151580 -0.005532 -0.921147 -1.991018 -1.014869 -1.012244 -3.390176 -1.088764 -1.144348 -4.868182 -2.053001 -3.024072 -3.895722 -5.990831 -6.187484 -7.958015 -9.943796 -11.583497 -11.628096 -9999.0 -9999.0 -9999.0 -6.336879 -9999.0 -9999.0 -9999.0 -9999.0 -9999.0 -9999.0 -9999.0 -9999.0 -9999.0 -9999.0 -9999.0 -9999.0 -9999.0 -9999.0 -9999.0 -9999.0 -9999.0 -9999.0 -9999.0
-9999.0 -9999.0 -9999.0 -9999.0 -9999.0 -9999.0 -9999.0 -9999.0 -9999.0 -9999.0 -9999.0 -0.953742 -0.903378 -0.443304 -0.115357 -0.951715 -0.007494 -0.729749 0.018222 0.010612 -0.002591 -0.001884 -0.921252 -0.955970 -0.985273 -1.622605 -1.126034 -1.165629 -1.395745 -3.898927 -2.686671 -3.596673 -5.167461 -3.674466 -6.365496 -8.658437 -11.250666 -13.293015 -14.432522 -13.889798 -12.709139 -8.983691 -6.635592 -5.222828 -9999.0 -9999.0 -9999.0 -0.005568 -0.663887 -0.847973 -0.006890 -0.747327 -0.663769 -0.003682 -0.003411 -0.499504 -9999.0 -9999.0 -9999.0 -9999.0 -9999.0 -9999.0
-9999.0 -9999.0 -9999.0 -9999.0 -9999.0 -9999.0 -9999.0 -9999.0 -9999.0 -9999.0 -9999.0 -0.918848 -0.940869 -1.595659 -0.017904 -0.900879 -0.738553 -0.665746 -0.002980 0.007391 -0.006306 -0.966471 -1.047391 -1.041567 -2.195974 -1.938619 -1.123024 -1.169301 -3.091475 -1.888123 -4.075564 -3.448216 -3.700335 -5.130052 -7.229045 -10.697820 -11.304139 -7.982022 -8.508750 -13.611908 -12.556136 -11.031817 -6.467921 -5.536020 -1.768594 -9999.0 -1.468866 -0.898601 -0.463744 -0.004977 -0.972811 -1.178573 -0.000859 -0.000940 -0.000483 -0.002052 -9999.0 -9999.0 -9999.0 -9999.0 -9999.0 -9999.0
-9999.0 -9999.0 -9999.0 -9999.0 -9999.0 -9999.0 -9999.0 -9999.0 -9999.0 -9999.0 -9999.0 -9999.0 -0.934290 -0.019766 -0.004918 -0.203377 -0.937876 -0.864079 -0.000834 -0.003891 -0.893807 -0.876228 -0.173465 -1.097035 -1.088040 -1.072584 -0.002843 -2.571429 -1.769151 -1.659741 -1.593424 -3.145280 -3.913332 -4.414405 -6.147332 -9.287681 -10.633516 -8.154473 -6.887118 -10.517421 -10.718777 -10.352881 -8.580100 -1.597995 -4.133284 -1.223529 -1.081297 -0.960227 -0.982628 -1.176542 -0.014414 -0.005323 -0.005653 -0.006392 -0.699567 -0.604561 -0.004998 -9999.0 -9999.0 -9999.0 -9999.0 -9999.0
-9999.0 -9999.0 -9999.0 -9999.0 -9999.0 -9999.0 -9999.0 -9999.0 -9999.0 -9999.0 -9999.0 -0.018167 -0.904298 -0.936336 -0.598171 -0.468204 -0.266306 -0.984750 -0.001234 -0.313124 -1.401126 -0.003440 -0.020903 -1.117478 -1.060503 -0.004437 -0.020797 -2.327232 -1.211196 -2.071757 -1.600251 -1.876457 -1.498422 -4.020094 -6.920711 -8.619311 -12.247380 -9.560034 -0.921314 -8.172651 -9.110124 -7.988757 -7.697426 -8.002656 -1.429346 -1.122109 -1.150952 -1.217738 -1.124871 -2.735969 -0.901991 -0.808214 -0.771468 -1.420689 -0.667829 -1.340118 -0.563163 -9999.0 -9999.0 -9999.0 -9999.0 -9999.0
-9999.0 -9999.0 -9999.0 -9999.0 -9999.0 -9999.0 -9999.0 -9999.0 -9999.0 -9999.0 -0.009292 -0.723484 -0.005141 -0.915793 -0.004470 -0.006724 -0.937148 -0.936550 -0.007527 -0.009134 0.006571 -0.005528 -1.116121 -0.003288 -0.004499 -0.012926 -1.103983 -3.370049 -1.218542 -0.739410 -1.360672 -1.115368 -1.642723 -4.179001 -6.884425 -7.575724 -10.649333 -10.284364 -7.338149 -6.126253 -5.887467 -7.454897 -5.606773 -0.961054 -1.728818 -3.658856 -1.132466 -1.896284 -1.485810 -1.354315 -1.098043 -1.343263 -0.987526 -1.488043 -0.990354 -0.002586 -0.002512 -9999.0 -9999.0 -9999.0 -9999.0 -9999.0
-9999.0 -9999.0 -9999.0 -9999.0 -9999.0 -9999.0 -9999.0 -9999.0 -9999.0 -0.906122 -0.010426 -0.011151 -0.007178 -0.999085 -0.006511 -0.946798 -0.941099 -0.003649 -1.205147 -0.477737 -0.004486 -1.329165 -1.507479 -0.027370 -0.011059 -1.326309 -1.509303 -0.006439 -1.418506 -0.740693 -1.807856 -2.860490 -4.996835 -5.365346 -5.676902 -6.734654 -5.465847 -7.410255 -7.144646 -8.484160 -6.470935 -3.769391 -4.239331 -4.369238 -7.481131 -2.978182 -0.002499 -1.696230 -1.191331 -0.008181 -1.166177 -0.787485 -1.695728 -0.612480 -0.613825 -0.588178 -0.004360 -0.005195 -0.010481 -9999.0 -9999.0 -9999.0
-9999.0 -9999.0 -9999.0 -9999.0 -9999.0 -9999.0 -9999.0 -9999.0 -9999.0 -0.904721 -0.901242 -0.900282 -0.002333 -0.009555 -0.007186 -0.500669 -0.002833 -0.897192 -1.278758 -0.004666 -0.004886 -1.887495 -0.007919 -0.003993 -1.074835 -1.254122 -0.851276 -0.009230 -2.061486 -0.127085 -1.198726 -3.710686 -2.556450 -1.437409 -3.471033 -5.430431 -6.245554 -6.123055 -5.538717 -3.233132 -1.392893 -3.351736 -1.416825 -3.010432 -0.384139 -1.017094 -3.783748 -4.671436 -1.410802 -1.324990 -0.973602 -0.976643 -0.638852 -0.610268 -0.876483 -0.007160 -0.004204 -0.005179 -0.007369 -9999.0 -9999.0 -9999.0
-9999.0 -9999.0 -9999.0 -9999.0 -9999.0 -9999.0 -9999.0 -9999.0 -9999.0 -9999.0 -0.879283 -0.916701 -0.991996 -0.010744 -1.213993 -0.005695 -0.004963 -0.002997 -3.901033 -0.011391 0.006534 -1.315351 -0.004474 -0.725999 -1.311730 -0.216118 -2.496278 -4.717380 -1.125145 -1.063292 -1.540776 -0.030768 -2.400368 -2.908972 -2.046178 -1.448574 -1.427035 -2.087538 -4.432331 -4.058515 -4.483997 -1.206204 -1.154293 -1.133887 -3.150055 -5.301819 -2.414508 -0.003159 -4.380002 -2.520220 -1.160043 -1.087341 -0.740467 -0.612549 -0.589090 -0.662052 -0.458553 -0.500198 -0.002265 -0.002997 -9999.0 -9999.0
-9999.0 -9999.0 -9999.0 -9999.0 -9999.0 -9999.0 -9999.0 -9999.0 -9999.0 -9999.0 -0.900652 -0.899270 -0.938565 -0.005234 -0.002733 -0.007340 -0.991384 -0.007353 -0.548752 -0.083077 -1.513353 -1.151275 -0.004051 -0.452730 -0.059184 -3.766991 -1.920903 -1.312215 -1.138575 -2.709083 -2.502525 -1.063485 -3.158468 -2.589640 -2.756993 -1.269663 -2.176945 -3.102992 -3.713681 -2.278692 -1.067857 -1.084133 -1.093506 -1.935069 -0.013097 -1.038762 -0.904060 -1.737636 -4.170244 -3.118217 -2.310319 -1.017526 -0.005702 -0.690041 -0.640651 -0.554755 -0.667878 -0.003506 -4.633578 -0.005556 -9999.0 -9999.0
-9999.0 -9999.0 -9999.0 -9999.0 -9999.0 -9999.0 -9999.0 -9999.0 -0.005030 -0.652214 -0.989598 -0.956345 -0.954254 -0.958025 -0.009664 -0.010403 -1.718545 -1.137080 -0.011799 -0.012447 -0.348846 -3.709938 -4.395618 -1.522504 -1.398415 -2.941830 -0.003285 -1.214270 -1.084607 -1.138608 -4.095353 -2.122859 -1.125360 -0.945285 -0.991323 -3.186533 -1.085992 -1.870985 -3.552462 -1.099227 -2.123098 -1.057184 -2.772178 -3.166795 -1.108729 -0.005118 -0.992361 -0.005275 -1.232579 -0.006470 -0.008856 -1.198315 -0.005176 -0.704580 -0.635025 -0.000492 -0.007288 -0.002887 -1.634594 -0.826654 -9999.0 -9999.0
-9999.0 -9999.0 -9999.0 -9999.0 -9999.0 -9999.0 -9999.0 -9999.0 -0.981264 -0.008293 -1.006106 -1.236878 -0.976390 -0.969251 -0.023260 -0.696140 -0.003408 -0.004041 -0.970729 -0.008140 -0.009445 -0.027366 -1.389252 -3.435510 -4.275032 -1.619682 -0.007216 -1.238735 -2.259134 -1.099261 -1.003748 -1.421906 -1.020717 -1.043433 -0.041538 -0.408381 -1.178635 -1.366729 -1.385631 -1.046262 -0.963701 -3.174689 -2.418711 -0.698275 -0.845325 -0.687062 -1.226676 -0.845558 -0.995491 -0.470682 -1.178236 -0.923788 -0.013598 -0.001605 -1.293411 -1.474687 -1.196148 -1.617915 -2.056094 0.018694 0.025063 -9999.0
-9999.0 -9999.0 -9999.0 -9999.0 -9999.0 -9999.0 -9999.0 -9999.0 -0.914921 -0.936313 -0.005266 -0.961296 -0.959167 -1.274214 -0.004882 -1.441431 -2.491056 -1.245044 -0.385852 -0.015874 -0.005397 -0.015334 -0.046509 -0.516598 -0.013221 -1.560604 -0.815227 -1.158359 -3.822872 -1.120085 -1.132570 -1.036167 -1.247555 -2.335271 -0.005063 -0.028990 -1.001890 -1.617721 -1.153481 -1.046285 -0.902924 -0.896190 -0.005082 -0.882965 -0.890114 -0.881113 -0.882319 -0.004630 -0.818446 -1.207118 -0.007036 -1.707021 -1.442832 -1.250706 -2.059314 -1.259634 -1.022881 -0.493316 -0.129856 -0.002576 0.020534 -9999.0
-9999.0 -9999.0 -9999.0 -9999.0 -9999.0 -9999.0 -9999.0 -9999.0 -2.897146 -0.946482 -0.004270 -2.049857 -0.004443 -0.005040 -1.047464 -2.031023 -3.840018 -0.195073 -0.103939 -0.025682 -0.007833 -0.001718 -0.002252 -0.006441 -0.005475 -0.002875 -0.004393 -1.255039 -0.003689 -0.978306 -1.279968 -1.210710 -1.628662 -1.117540 -1.044670 -1.202261 -1.168634 -0.003005 -1.406054 -1.199724 -0.852495 -0.011954 -0.006634 -1.207260 -0.005004 -0.998601 -0.001993 -1.103866 -0.003118 -1.275123 -0.002958 -0.140998 -1.320329 -0.002733 -0.969165 -0.535499 -0.139609 -0.004885 0.029109 0.021343 -0.003655 -0.001407
-9999.0 -9999.0 -9999.0 -9999.0 -9999.0 -9999.0 -9999.0 -9999.0 -0.948566 -0.792649 -0.004827 -0.008915 -0.001947 -1.356221 -0.002541 -0.008590 -0.004701 -1.239703 -0.003570 -0.014191 -0.350690 -0.002421 -0.002311 -0.006284 -1.577296 -0.002754 -1.411279 -0.004479 -0.003769 -0.003408 -1.263267 -0.003303 -2.636036 -0.004094 -1.355563 -1.286272 -1.447397 -0.002662 -2.940633 -1.233468 -1.321255 -1.329548 -1.562403 -1.502371 -1.163628 -0.191662 -1.298768 -1.372027 -1.433654 -2.626256 -2.775946 -2.020623 -0.129564 -0.257836 -0.130766 -0.003312 0.010817 0.012596 -0.002935 -0.172209 -1.093740 -0.001376
-9999.0 -9999.0 -0.969225 -0.869237 -0.906275 -0.941705 -0.691010 -1.006563 -0.934945 -0.490535 -0.861116 -0.005226 -0.004528 -0.002694 -0.675272 -0.003652 -1.172511 -0.993278 -0.941139 -0.003147 -0.010839 -0.145689 -0.002755 -0.167576 -0.028842 -3.065211 -0.003271 -1.809252 -4.246759 -0.002510 -0.006560 -0.003514 -0.001360 -2.127317 -2.031761 -2.066165 -1.827959 -0.025151 -2.272254 -1.751508 -1.819542 -2.166497 -4.514327 -0.005557 -1.422589 -1.385645 -1.837008 -0.007754 -4.240527 -0.769089 -0.143872 -0.003249 0.008830 -0.000818 -0.000664 -0.002091 -0.003601 -0.004007 -0.433775 -1.624855 -0.000516 -0.000477
-9999.0 -0.007271 -0.007996 -0.012591 -0.916914 -0.005421 -0.894890 -0.898513 -0.838996 -0.863147 -0.885362 -0.003983 -0.001933 0.032396 0.013613 -0.002576 -0.971344 -0.934801 -0.007397 -0.003293 -1.031262 -2.660885 -0.006245 -0.004465 -0.007516 -1.018371 -0.457749 -0.074492 -3.018518 -1.275206 -2.576845 -1.854980 -1.230181 -0.007077 -1.790939 -0.006741 -1.649368 -1.460753 -0.004912 -0.007007 -2.112598 -1.551325 -1.432296 -1.993215 -2.243262 -3.497335 -0.537559 -1.858413 -0.341463 -0.007199 -0.000597 -0.001173 -0.004318 -0.004494 -0.004385 -0.006265 -0.001606 -0.001437 -0.001381 -0.001661 -0.000154 -0.000159
-9999.0 -0.658359 -0.003923 -0.003784 0.002110 -0.003906 -1.130840 -1.121565 -0.967547 -0.941013 -0.987594 -0.004003 -0.003173 0.014564 -1.115035 -0.961824 -0.878799 -0.946148 -0.003324 -0.323642 -0.001416 -0.006018 -0.153527 -0.007744 -0.004881 -0.003422 -0.004716 -0.002404 -0.002512 -1.957551 -0.636613 -0.643334 -1.013964 -0.050146 -0.005102 -0.006460 0.000608 0.066040 -0.002015 -0.002780 -0.003522 -0.003581 -0.877290 -0.015938 -0.018834 -0.225174 0.032822 0.045301 0.023787 0.015488 -0.007117 -0.635906 -0.002108 -0.019782 -0.306509 -0.002244 -0.002480 -0.005642 -0.004944 -0.003898 -0.003255 -9999.0
