erum2020/resources/simulation/Vinschgau/output-maps/TsL0007N1244.asc
ncols         63
nrows         48
xllcorner     598000.000000
yllcorner     5145000.000000
cellsize      1000.000000
NODATA_value  -9999.0
[rows 0 to 27 of 48, columns 0 to 62 of 63]
-9999.0 -9999.0 -9999.0 -9999.0 -9999.0 -9999.0 -9999.0 -9999.0 -9999.0 -9999.0 -9999.0 -9999.0 -9999.0 -9999.0 -9999.0 -9999.0 -9999.0 -9999.0 -9999.0 -9999.0 -9999.0 -9999.0 -9999.0 -9999.0 -9999.0 -9999.0 -9999.0 -9999.0 -9999.0 -9999.0 -9999.0 -9999.0 -9999.0 -9999.0 -9999.0 -9999.0 -9999.0 -9999.0 -9999.0 -9999.0 -9999.0 -9999.0 -9999.0 -9999.0 -9999.0 -9999.0 -9999.0 -9999.0 -9999.0 -9999.0 -9999.0 -9999.0 -9999.0 -9999.0 -9999.0 -9999.0 -9999.0 -9999.0 -9999.0 -9999.0 -9999.0 -9999.0 -9999.0
-9999.0 -9999.0 -9999.0 -9999.0 -9999.0 -9999.0 -9999.0 -9999.0 -9999.0 -9999.0 -9999.0 -9999.0 -9999.0 -9999.0 -9999.0 -9999.0 -9999.0 -9999.0 -9999.0 -9999.0 -9999.0 -9999.0 -9999.0 -9999.0 -9999.0 -9999.0 -9999.0 2.490354 0.744723 2.963194 0.480569 0.447653 -0.038848 -9999.0 -9999.0 -9999.0 -9999.0 -9999.0 -9999.0 -9999.0 -9999.0 -9999.0 -9999.0 -9999.0 -9999.0 -9999.0 -9999.0 -9999.0 -9999.0 -9999.0 -9999.0 -9999.0 -9999.0 -9999.0 -9999.0 -9999.0 -9999.0 -9999.0 -9999.0 -9999.0 -9999.0 -9999.0 -9999.0
-9999.0 -9999.0 -9999.0 -9999.0 -9999.0 -9999.0 -9999.0 -9999.0 -9999.0 -9999.0 -9999.0 -9999.0 -9999.0 -9999.0 -9999.0 -9999.0 -9999.0 -9999.0 -9999.0 -9999.0 -9999.0 -9999.0 -9999.0 -9999.0 0.883133 0.930731 1.008559 0.871109 1.001887 0.975698 0.353057 -9999.0 -9999.0 -9999.0 -9999.0 -9999.0 -9999.0 -9999.0 -9999.0 -9999.0 -9999.0 -9999.0 -9999.0 -9999.0 -9999.0 -9999.0 -9999.0 -9999.0 -9999.0 -9999.0 -9999.0 -9999.0 -9999.0 -9999.0 -9999.0 -9999.0 -9999.0 -9999.0 -9999.0 -9999.0 -9999.0 -9999.0 -9999.0
-9999.0 -9999.0 -9999.0 -9999.0 -9999.0 -9999.0 -9999.0 -9999.0 -9999.0 -9999.0 -9999.0 -9999.0 -9999.0 -9999.0 -9999.0 -9999.0 -9999.0 -9999.0 -9999.0 -9999.0 -9999.0 -9999.0 -9999.0 0.961531 2.730392 3.996659 4.226795 4.335525 4.596737 2.530543 0.470477 -0.005214 -9999.0 -9999.0 -9999.0 -9999.0 -9999.0 -9999.0 -9999.0 -9999.0 -9999.0 -9999.0 -9999.0 -9999.0 -9999.0 -9999.0 -9999.0 -9999.0 -9999.0 -9999.0 -9999.0 -9999.0 -9999.0 -9999.0 -9999.0 -9999.0 -9999.0 -9999.0 -9999.0 -9999.0 -9999.0 -9999.0 -9999.0
-9999.0 -9999.0 -9999.0 -9999.0 -9999.0 -9999.0 -9999.0 -9999.0 -9999.0 -9999.0 -9999.0 -9999.0 -9999.0 -9999.0 -9999.0 -9999.0 -9999.0 -9999.0 6.907939 3.067583 -9999.0 2.020475 2.927179 3.903083 3.818167 4.590312 4.716475 5.166546 2.750826 1.313626 1.896246 0.558675 0.511236 0.898905 -9999.0 -9999.0 -9999.0 -9999.0 -9999.0 -9999.0 -9999.0 -9999.0 -9999.0 -9999.0 -9999.0 -9999.0 -9999.0 -9999.0 -9999.0 -9999.0 -9999.0 -9999.0 -9999.0 -9999.0 -9999.0 -9999.0 -9999.0 -9999.0 -9999.0 -9999.0 -9999.0 -9999.0 -9999.0
-9999.0 -9999.0 -9999.0 -9999.0 -9999.0 -9999.0 -9999.0 -9999.0 -9999.0 -9999.0 -9999.0 -9999.0 -9999.0 -9999.0 -9999.0 -9999.0 -9999.0 5.405148 4.060227 4.769911 5.144061 0.514323 1.775859 3.737605 5.707394 0.284085 -0.056227 1.133565 -0.047332 2.520678 3.531208 2.041819 3.368799 2.277909 0.503509 0.550087 -9999.0 -9999.0 -9999.0 -9999.0 -9999.0 -9999.0 -9999.0 -9999.0 -9999.0 -9999.0 -9999.0 -9999.0 -9999.0 -9999.0 -9999.0 -9999.0 -9999.0 -9999.0 -9999.0 -9999.0 -9999.0 -9999.0 -9999.0 -9999.0 -9999.0 -9999.0 -9999.0
-9999.0 -9999.0 -9999.0 -9999.0 -9999.0 -9999.0 -9999.0 -9999.0 -9999.0 -9999.0 -9999.0 -9999.0 -9999.0 5.696264 3.514184 3.795070 5.114704 12.119472 5.179170 4.294810 4.081221 3.690179 4.494176 5.872598 -0.002674 3.031224 0.065614 -0.050841 -0.043105 -0.003474 -0.165093 1.097274 0.800929 0.587217 1.210455 0.524979 -9999.0 -9999.0 -9999.0 -9999.0 -9999.0 -9999.0 -9999.0 -9999.0 -9999.0 -9999.0 -9999.0 -9999.0 -9999.0 -9999.0 -9999.0 -9999.0 -9999.0 -9999.0 -9999.0 -9999.0 -9999.0 -9999.0 -9999.0 -9999.0 -9999.0 -9999.0 -9999.0
-9999.0 -9999.0 -9999.0 -9999.0 -9999.0 -9999.0 -9999.0 -9999.0 -9999.0 -9999.0 -9999.0 -9999.0 -9999.0 6.333041 5.224897 4.497870 4.289598 11.519825 12.180407 6.225659 4.415188 7.832527 3.056251 1.735086 2.643998 0.522370 0.742454 2.902904 1.746332 -0.056995 -0.130195 0.602182 0.598759 0.440419 0.493320 -9999.0 -9999.0 -9999.0 -9999.0 -9999.0 -9999.0 -9999.0 -9999.0 -9999.0 -9999.0 -9999.0 -9999.0 -9999.0 -9999.0 -9999.0 -9999.0 -9999.0 -9999.0 -9999.0 -9999.0 -9999.0 -9999.0 -9999.0 -9999.0 -9999.0 -9999.0 -9999.0 -9999.0
-9999.0 -9999.0 -9999.0 -9999.0 -9999.0 -9999.0 -9999.0 -9999.0 -9999.0 -9999.0 -9999.0 -9999.0 -9999.0 5.378609 5.389130 6.602640 4.175791 4.904009 12.632243 5.252229 9.149621 3.800733 0.423870 -0.004519 2.971567 2.153864 3.840932 1.349803 -0.002930 0.486497 0.023708 -0.005449 0.483469 -5.361908 0.587733 -9999.0 -9999.0 -9999.0 -9999.0 -9999.0 -9999.0 -9999.0 -9999.0 -9999.0 -9999.0 -9999.0 -9999.0 -9999.0 -9999.0 -9999.0 -9999.0 -9999.0 -9999.0 -9999.0 -9999.0 -9999.0 -9999.0 -9999.0 -9999.0 -9999.0 -9999.0 -9999.0 -9999.0
-9999.0 -9999.0 -9999.0 -9999.0 -9999.0 -9999.0 -9999.0 -9999.0 -9999.0 -9999.0 -9999.0 -9999.0 4.227500 4.915006 6.280894 4.721890 2.818568 4.447475 12.458990 6.593104 4.506634 -0.004032 0.351498 -0.026268 -0.273903 0.736172 -1.591832 -0.001180 0.752625 0.536404 -0.054555 0.519449 -0.020769 0.683407 -9999.0 -9999.0 -9999.0 -9999.0 -9999.0 -9999.0 -9999.0 -9999.0 -9999.0 -9999.0 -9999.0 -9999.0 -9999.0 -9999.0 -9999.0 -9999.0 -9999.0 -9999.0 -9999.0 -9999.0 -9999.0 -9999.0 -9999.0 -9999.0 -9999.0 -9999.0 -9999.0 -9999.0 -9999.0
-9999.0 -9999.0 -9999.0 -9999.0 -9999.0 -9999.0 -9999.0 -9999.0 -9999.0 -9999.0 -9999.0 5.521917 5.731390 2.910450 5.823478 8.394233 5.903430 4.798120 12.040856 8.099280 3.109982 3.501588 3.363625 1.622454 0.534073 0.889286 -0.002167 0.701405 -0.024832 0.524926 0.580759 0.800491 1.419039 0.663765 0.550978 1.946538 0.465414 0.827238 1.137315 -9999.0 -9999.0 -9999.0 0.559556 -9999.0 -9999.0 -9999.0 -9999.0 -9999.0 -9999.0 -9999.0 -9999.0 -9999.0 -9999.0 -9999.0 -9999.0 -9999.0 -9999.0 -9999.0 -9999.0 -9999.0 -9999.0 -9999.0 -9999.0
-9999.0 -9999.0 -9999.0 -9999.0 -9999.0 -9999.0 -9999.0 -9999.0 -9999.0 -9999.0 -9999.0 4.936499 5.366353 7.128148 6.851653 7.877809 7.968904 5.244512 12.268773 9.264238 8.959075 5.453144 2.365676 -0.765590 -0.564410 0.735355 0.631666 0.888485 3.055408 0.741928 0.644042 0.954010 -0.005052 -0.022504 -0.010579 0.662651 2.394033 2.986450 1.497705 0.528554 0.881451 1.044994 0.566225 0.626701 -9999.0 -9999.0 -9999.0 -0.052114 -0.031649 0.366752 -0.031416 0.251254 0.286870 -0.066855 -0.069381 0.283412 -9999.0 -9999.0 -9999.0 -9999.0 -9999.0 -9999.0 -9999.0
-9999.0 -9999.0 -9999.0 -9999.0 -9999.0 -9999.0 -9999.0 -9999.0 -9999.0 -9999.0 -9999.0 4.643901 5.380111 1.717683 7.673700 8.587278 3.321115 4.171574 10.657766 9.170296 2.558255 0.545482 -0.128642 0.871867 0.736260 2.614713 -0.508104 -2.083361 2.101333 -0.007361 1.681748 -0.688436 0.868081 -0.021108 0.573589 1.750136 -1.004900 -0.932505 3.816631 1.699472 1.114720 0.443495 0.879655 0.681152 -0.026382 -9999.0 0.546840 -0.029044 -0.001020 0.781736 1.584146 3.142941 0.657228 -0.001357 -0.001646 -0.022913 -9999.0 -9999.0 -9999.0 -9999.0 -9999.0 -9999.0 -9999.0
-9999.0 -9999.0 -9999.0 -9999.0 -9999.0 -9999.0 -9999.0 -9999.0 -9999.0 -9999.0 -9999.0 -9999.0 5.185169 -0.025909 6.451501 6.916373 1.073530 3.195772 11.473494 8.978001 2.455428 1.078729 -0.053975 -0.421382 -1.079970 -0.384582 0.870903 2.040847 0.488163 0.911494 0.614534 -0.584527 2.207585 -0.001933 -0.006640 0.758119 -0.437851 -0.983638 4.889932 2.853402 3.382935 3.714247 -0.532030 1.000346 1.225316 -0.027531 0.452207 -0.023199 -1.073936 -0.453011 -0.009809 -1.347804 -2.297301 -1.719850 -1.092683 -0.013492 -0.025370 -9999.0 -9999.0 -9999.0 -9999.0 -9999.0 -9999.0
-9999.0 -9999.0 -9999.0 -9999.0 -9999.0 -9999.0 -9999.0 -9999.0 -9999.0 -9999.0 -9999.0 -0.124058 3.157781 6.508375 -0.039449 1.016543 2.283060 2.497287 10.876065 4.408481 2.728917 0.783707 -0.005184 -0.238735 -0.282242 -1.040684 -0.503901 0.416599 -0.001550 2.828206 -0.403924 -0.891697 2.647776 -0.001455 -0.020020 0.660660 1.071666 -0.052638 0.648087 4.916414 -0.049251 -0.008534 -0.055052 0.078299 3.192172 0.484219 0.753712 2.730617 3.400725 -0.012885 -1.662797 0.522183 -1.767359 -4.567050 -5.225614 -3.930906 0.459891 -9999.0 -9999.0 -9999.0 -9999.0 -9999.0 -9999.0
-9999.0 -9999.0 -9999.0 -9999.0 -9999.0 -9999.0 -9999.0 -9999.0 -9999.0 -9999.0 1.074385 -0.069000 2.791558 3.447145 4.986321 -0.018119 -0.020362 -0.003146 3.578791 4.054871 6.868827 4.853607 -0.256812 3.756814 -0.003247 -0.744465 -0.589283 -2.498601 2.302154 2.701981 -0.358329 -1.034042 2.367073 -0.001641 0.807494 1.757670 2.322508 -0.242438 -0.489493 0.945540 1.050715 2.140749 7.306622 1.026109 -0.020877 2.815052 0.802871 -0.181960 -0.642289 -0.001307 -2.781016 0.380076 -5.661577 -5.424513 -0.059195 -0.001499 -0.001510 -9999.0 -9999.0 -9999.0 -9999.0 -9999.0 -9999.0
-9999.0 -9999.0 -9999.0 -9999.0 -9999.0 -9999.0 -9999.0 -9999.0 -9999.0 0.791049 1.226908 -0.049206 -0.041814 -0.061817 -0.119460 -0.055955 -0.022254 5.730437 3.504847 4.100314 7.298492 0.910789 0.311625 1.377342 0.578018 -1.042051 -1.183351 2.727329 -0.044960 -0.023470 0.646444 -1.240465 2.005468 0.573983 1.201406 1.655977 1.921149 -0.520361 -0.402772 -0.076785 -0.780873 -0.272180 -0.185435 1.611878 1.153522 -0.019713 4.260893 -0.084262 -0.079102 0.693601 -0.688774 0.444064 -5.553957 -0.024370 -0.004632 -3.986935 -1.914936 0.554946 0.261953 -9999.0 -9999.0 -9999.0 -9999.0
-9999.0 -9999.0 -9999.0 -9999.0 -9999.0 -9999.0 -9999.0 -9999.0 -9999.0 0.780657 0.747901 2.975899 3.898507 -0.001481 -0.024428 -0.064765 4.252821 1.418664 4.073604 8.473947 8.001070 7.708604 5.273177 3.502128 -0.653855 -0.397944 -0.074972 -0.001647 1.218341 3.589344 2.849391 -1.620237 0.740689 -0.013506 -0.000985 1.613799 2.373684 3.596000 0.730630 2.962558 -0.393948 -0.542683 -0.048508 1.501107 2.725404 2.857214 2.524783 1.163163 -0.008317 0.879683 -2.505140 -3.635118 -0.123828 -0.361152 0.411467 -3.588659 -3.080707 -0.679572 2.159060 -9999.0 -9999.0 -9999.0 -9999.0
-9999.0 -9999.0 -9999.0 -9999.0 -9999.0 -9999.0 -9999.0 -9999.0 -9999.0 -9999.0 0.606871 2.599831 -0.039034 -0.249245 0.170861 -0.022055 -0.001374 2.658433 4.853226 5.733907 8.083728 2.738475 -0.002163 -0.197821 -0.208398 -0.021181 0.813291 1.735449 2.799604 -1.177149 -1.513333 -1.923125 -1.925482 -0.002032 0.875265 2.568955 2.184413 2.000080 2.345838 0.686767 0.579217 1.810918 2.724019 -0.017594 -0.003019 -0.002323 1.715568 5.559776 4.072526 0.869721 -1.465306 -1.377893 -0.014115 -0.217341 -0.450564 -0.032294 -0.001474 -0.728186 -0.114219 -0.002530 -9999.0 -9999.0 -9999.0
-9999.0 -9999.0 -9999.0 -9999.0 -9999.0 -9999.0 -9999.0 -9999.0 -9999.0 -9999.0 -0.001149 0.820534 1.749628 -0.020988 4.413373 0.176801 -0.003524 2.607046 5.281408 6.485190 3.395563 1.520283 -0.002830 -0.039760 -0.016512 1.286537 2.405050 -0.002337 -0.871260 -1.669363 0.657869 0.974127 -1.935886 -0.005458 0.684424 2.217078 -0.644678 -0.078123 -1.559052 -0.001279 0.734077 4.847951 -0.151831 2.523013 1.314830 -0.150326 -0.001124 -0.002907 3.090701 2.946235 0.441317 -0.743246 -2.381496 0.208489 -0.927245 -0.208391 -0.031353 -0.087285 1.256523 2.566589 -9999.0 -9999.0 -9999.0
-9999.0 -9999.0 -9999.0 -9999.0 -9999.0 -9999.0 -9999.0 -9999.0 0.823685 0.585544 0.416529 0.861584 -1.003617 -0.059152 -0.042075 1.592974 2.922228 8.518239 6.715704 6.898966 5.119640 4.039099 3.158298 1.443612 1.146881 1.905484 4.534549 -0.515427 -1.159647 -1.602494 0.442212 0.672815 0.679117 -0.002752 0.768906 0.752451 4.456545 -0.070020 -2.114056 1.770481 3.028013 1.367056 -1.605205 2.247060 4.019834 0.994358 -1.935597 -0.052751 -0.002318 2.978514 1.032920 -0.734883 -1.565001 -4.097512 -0.068049 -0.005060 0.966466 2.449730 1.287032 4.442842 -9999.0 -9999.0 -9999.0
-9999.0 -9999.0 -9999.0 -9999.0 -9999.0 -9999.0 -9999.0 -9999.0 -2.139851 -1.051501 -1.739042 -0.001637 0.749091 -1.243348 -0.517665 -0.002353 1.920127 2.505522 5.496456 7.440718 12.057279 10.800108 10.384446 9.403291 3.380122 3.352477 0.815972 -0.068916 -1.945991 -0.001295 -0.020583 2.143976 0.799335 2.463831 0.885228 0.996997 5.572101 -0.007083 -0.049634 1.944692 0.675653 0.469380 2.662234 2.241878 0.820097 -0.241499 -1.973924 1.295805 -0.047460 1.444509 2.428424 -0.025870 -4.293454 -0.029404 0.619538 -1.806318 -0.109039 -0.012928 3.253298 6.196481 7.288475 -9999.0 -9999.0
-9999.0 -9999.0 -9999.0 -9999.0 -9999.0 -9999.0 -9999.0 -9999.0 0.663935 0.643668 0.174051 -1.899139 -0.000561 -1.430222 -0.081147 -0.480408 0.243365 3.822043 5.430223 11.729828 7.892465 11.033194 11.149719 6.533199 8.610016 3.228798 0.342279 -0.823495 -2.337807 0.672144 2.646067 1.055702 -0.721346 -0.443423 2.368621 5.015825 -0.004229 1.706593 -0.032067 -0.111856 1.683734 3.045780 0.910420 0.183944 -0.522621 0.883620 1.615688 -0.000564 -0.865949 -0.002197 2.585167 0.877780 -3.263878 -4.147613 -0.055866 -0.043643 1.613637 3.076401 6.112021 6.448708 6.942958 -9999.0 -9999.0
-9999.0 -9999.0 -9999.0 -9999.0 -9999.0 -9999.0 -9999.0 -9999.0 0.427278 1.492331 -0.079150 -2.359024 0.757394 -0.389534 -0.327121 0.198388 3.971539 5.222428 8.536628 5.688217 7.332820 7.728621 10.539899 9.744980 3.629128 1.012411 -0.002371 -1.564380 1.369730 -0.614345 -0.082663 -0.088703 0.119831 -0.044195 -0.030879 4.285554 6.672950 4.092775 0.707821 -0.016782 2.825371 3.012251 2.908996 3.940806 0.725606 2.978742 2.424370 3.377801 0.700700 -0.123662 -0.001968 2.292512 0.978379 -0.053030 1.243730 2.178230 3.882521 4.843577 5.735751 6.675341 5.676006 2.720085 -9999.0
-9999.0 -9999.0 -9999.0 -9999.0 -9999.0 -9999.0 -9999.0 -9999.0 -0.046828 0.624522 -1.359006 -1.172901 -0.382404 -0.130385 3.592091 2.910049 5.894610 2.430230 0.815722 2.890764 4.764020 7.124175 7.339956 7.025138 7.870611 0.216198 -0.684966 -0.016658 0.193859 -0.025820 -0.118559 0.831636 2.779443 1.760426 0.962208 2.157692 4.141454 6.081602 5.448534 2.723139 1.212469 0.991586 1.228933 0.166591 -0.096553 3.390733 -0.041068 -0.085545 -0.041169 0.705384 2.084097 1.734977 1.968687 2.347910 2.999337 3.387645 4.058464 5.051911 5.892141 6.033586 4.201380 2.129341 -9999.0
-9999.0 -9999.0 1.588391 0.864648 -2.572620 -0.519127 -1.799565 -1.850520 -0.021188 -0.001306 -0.485080 -0.476228 -0.105725 -0.014837 4.858619 2.118652 -0.002887 -0.817135 -0.054404 -0.002613 2.761219 5.480291 6.481853 6.145328 5.124298 2.033243 -0.004233 0.200582 2.578604 4.715500 -0.002410 0.844415 7.227976 3.420364 5.296168 4.658219 7.828792 8.328614 7.237802 4.552272 5.523946 5.544104 4.291133 3.141014 -0.002532 0.897146 2.173406 1.440886 3.160188 4.427768 5.376361 4.697077 3.754702 3.250572 3.160136 7.780768 3.834971 4.293887 4.176459 3.557498 5.889863 1.333046 -9999.0
-9999.0 -0.080744 -0.493970 -0.347040 -0.427250 -0.772202 -1.543770 -1.710532 -2.261773 -0.002250 -1.677645 -0.594291 -0.001127 4.236702 3.878033 -0.209715 -0.440254 -0.771269 -0.322427 -0.002523 2.534963 4.293374 8.035916 4.913230 9.096764 4.927915 7.277043 7.532127 5.645063 4.042124 4.252432 4.404240 6.125044 10.247059 8.434607 9.672087 11.314292 11.226178 11.472142 9.830651 8.962870 8.840620 8.140201 4.844292 3.543987 3.941248 5.385233 5.950373 7.251295 6.107811 5.610184 4.442809 3.619510 2.827330 2.752091 2.244807 0.807895 1.165097 2.048049 4.286992 0.541786 1.122285 -9999.0
-9999.0 4.076180 -0.040018 -0.047865 1.924344 -0.066026 -2.109597 -1.830347 -0.022256 -0.002763 -1.643382 -0.844335 0.268598 4.059895 -0.075886 -3.333630 -1.709372 -1.034604 -0.652738 -0.007448 4.707522 2.009344 3.089319 3.517222 9.012087 10.146854 5.465705 6.826383 6.760994 6.423765 6.568651 6.342011 7.883312 8.774582 13.039284 11.757514 17.909561 18.901203 14.380178 13.301890 12.585438 11.564223 10.497337 8.093828 7.957054 7.826909 8.466060 8.159349 7.534676 6.670456 4.703504 2.051848 0.945843 1.510555 0.681764 -0.002120 -0.282673 -0.003124 -0.002016 -0.005436 -0.002196 -9999.0 -9999.0
