erum2020/resources/simulation/Vinschgau/output-maps/TsL0006N0432.asc
ncols         63
nrows         48
xllcorner     598000.000000
yllcorner     5145000.000000
cellsize      1000.000000
NODATA_value  -9999.0
[rows 0 to 27 of 48, columns 0 to 62 of 63]
-9999.0 -9999.0 -9999.0 -9999.0 -9999.0 -9999.0 -9999.0 -9999.0 -9999.0 -9999.0 -9999.0 -9999.0 -9999.0 -9999.0 -9999.0 -9999.0 -9999.0 -9999.0 -9999.0 -9999.0 -9999.0 -9999.0 -9999.0 -9999.0 -9999.0 -9999.0 -9999.0 -9999.0 -9999.0 -9999.0 -9999.0 -9999.0 -9999.0 -9999.0 -9999.0 -9999.0 -9999.0 -9999.0 -9999.0 -9999.0 -9999.0 -9999.0 -9999.0 -9999.0 -9999.0 -9999.0 -9999.0 -9999.0 -9999.0 -9999.0 -9999.0 -9999.0 -9999.0 -9999.0 -9999.0 -9999.0 -9999.0 -9999.0 -9999.0 -9999.0 -9999.0 -9999.0 -9999.0
-9999.0 -9999.0 -9999.0 -9999.0 -9999.0 -9999.0 -9999.0 -9999.0 -9999.0 -9999.0 -9999.0 -9999.0 -9999.0 -9999.0 -9999.0 -9999.0 -9999.0 -9999.0 -9999.0 -9999.0 -9999.0 -9999.0 -9999.0 -9999.0 -9999.0 -9999.0 -9999.0 11.257120 8.689260 7.456785 4.197897 4.450936 4.401295 -9999.0 -9999.0 -9999.0 -9999.0 -9999.0 -9999.0 -9999.0 -9999.0 -9999.0 -9999.0 -9999.0 -9999.0 -9999.0 -9999.0 -9999.0 -9999.0 -9999.0 -9999.0 -9999.0 -9999.0 -9999.0 -9999.0 -9999.0 -9999.0 -9999.0 -9999.0 -9999.0 -9999.0 -9999.0 -9999.0
-9999.0 -9999.0 -9999.0 -9999.0 -9999.0 -9999.0 -9999.0 -9999.0 -9999.0 -9999.0 -9999.0 -9999.0 -9999.0 -9999.0 -9999.0 -9999.0 -9999.0 -9999.0 -9999.0 -9999.0 -9999.0 -9999.0 -9999.0 -9999.0 9.139056 9.696146 9.233199 8.903843 7.121419 6.830506 5.706965 -9999.0 -9999.0 -9999.0 -9999.0 -9999.0 -9999.0 -9999.0 -9999.0 -9999.0 -9999.0 -9999.0 -9999.0 -9999.0 -9999.0 -9999.0 -9999.0 -9999.0 -9999.0 -9999.0 -9999.0 -9999.0 -9999.0 -9999.0 -9999.0 -9999.0 -9999.0 -9999.0 -9999.0 -9999.0 -9999.0 -9999.0 -9999.0
-9999.0 -9999.0 -9999.0 -9999.0 -9999.0 -9999.0 -9999.0 -9999.0 -9999.0 -9999.0 -9999.0 -9999.0 -9999.0 -9999.0 -9999.0 -9999.0 -9999.0 -9999.0 -9999.0 -9999.0 -9999.0 -9999.0 -9999.0 9.634863 9.673908 7.633939 8.725988 9.972504 5.603195 8.709960 7.655007 6.577062 -9999.0 -9999.0 -9999.0 -9999.0 -9999.0 -9999.0 -9999.0 -9999.0 -9999.0 -9999.0 -9999.0 -9999.0 -9999.0 -9999.0 -9999.0 -9999.0 -9999.0 -9999.0 -9999.0 -9999.0 -9999.0 -9999.0 -9999.0 -9999.0 -9999.0 -9999.0 -9999.0 -9999.0 -9999.0 -9999.0 -9999.0
-9999.0 -9999.0 -9999.0 -9999.0 -9999.0 -9999.0 -9999.0 -9999.0 -9999.0 -9999.0 -9999.0 -9999.0 -9999.0 -9999.0 -9999.0 -9999.0 -9999.0 -9999.0 11.472979 8.941109 -9999.0 8.941514 9.503550 9.198508 8.413509 9.977024 9.739733 9.535532 8.955982 8.341738 8.424823 7.480848 9.513196 7.961138 -9999.0 -9999.0 -9999.0 -9999.0 -9999.0 -9999.0 -9999.0 -9999.0 -9999.0 -9999.0 -9999.0 -9999.0 -9999.0 -9999.0 -9999.0 -9999.0 -9999.0 -9999.0 -9999.0 -9999.0 -9999.0 -9999.0 -9999.0 -9999.0 -9999.0 -9999.0 -9999.0 -9999.0 -9999.0
-9999.0 -9999.0 -9999.0 -9999.0 -9999.0 -9999.0 -9999.0 -9999.0 -9999.0 -9999.0 -9999.0 -9999.0 -9999.0 -9999.0 -9999.0 -9999.0 -9999.0 6.005127 7.515208 10.566609 10.756240 4.245838 7.077834 8.066702 11.846359 3.512896 2.862088 2.893839 2.744615 4.811510 7.592497 6.729276 7.407667 6.926849 4.253592 -2.427881 -9999.0 -9999.0 -9999.0 -9999.0 -9999.0 -9999.0 -9999.0 -9999.0 -9999.0 -9999.0 -9999.0 -9999.0 -9999.0 -9999.0 -9999.0 -9999.0 -9999.0 -9999.0 -9999.0 -9999.0 -9999.0 -9999.0 -9999.0 -9999.0 -9999.0 -9999.0 -9999.0
-9999.0 -9999.0 -9999.0 -9999.0 -9999.0 -9999.0 -9999.0 -9999.0 -9999.0 -9999.0 -9999.0 -9999.0 -9999.0 8.364135 6.199521 4.470168 7.285013 18.175282 5.774386 9.246408 8.612608 9.237935 11.283704 11.906411 3.454506 6.433179 4.441248 2.604489 3.283269 2.618702 2.924749 3.987965 4.196446 1.778232 4.055805 -2.611371 -9999.0 -9999.0 -9999.0 -9999.0 -9999.0 -9999.0 -9999.0 -9999.0 -9999.0 -9999.0 -9999.0 -9999.0 -9999.0 -9999.0 -9999.0 -9999.0 -9999.0 -9999.0 -9999.0 -9999.0 -9999.0 -9999.0 -9999.0 -9999.0 -9999.0 -9999.0 -9999.0
-9999.0 -9999.0 -9999.0 -9999.0 -9999.0 -9999.0 -9999.0 -9999.0 -9999.0 -9999.0 -9999.0 -9999.0 -9999.0 8.706899 7.473116 4.947174 4.996190 13.359110 18.093342 10.989928 8.649935 10.657914 6.367616 4.482386 6.864126 5.632219 8.537411 4.795760 6.811022 1.658068 2.096850 1.709179 2.144061 -1.131164 -2.349462 -9999.0 -9999.0 -9999.0 -9999.0 -9999.0 -9999.0 -9999.0 -9999.0 -9999.0 -9999.0 -9999.0 -9999.0 -9999.0 -9999.0 -9999.0 -9999.0 -9999.0 -9999.0 -9999.0 -9999.0 -9999.0 -9999.0 -9999.0 -9999.0 -9999.0 -9999.0 -9999.0 -9999.0
-9999.0 -9999.0 -9999.0 -9999.0 -9999.0 -9999.0 -9999.0 -9999.0 -9999.0 -9999.0 -9999.0 -9999.0 -9999.0 7.360580 9.005123 5.895745 4.091961 5.957199 18.237596 5.814654 11.562126 7.712239 3.478092 3.195281 6.781396 4.286182 7.729645 4.633968 7.868320 -1.289602 2.904064 -0.349244 -0.637298 -0.367645 -1.259509 -9999.0 -9999.0 -9999.0 -9999.0 -9999.0 -9999.0 -9999.0 -9999.0 -9999.0 -9999.0 -9999.0 -9999.0 -9999.0 -9999.0 -9999.0 -9999.0 -9999.0 -9999.0 -9999.0 -9999.0 -9999.0 -9999.0 -9999.0 -9999.0 -9999.0 -9999.0 -9999.0 -9999.0
-9999.0 -9999.0 -9999.0 -9999.0 -9999.0 -9999.0 -9999.0 -9999.0 -9999.0 -9999.0 -9999.0 -9999.0 6.457498 8.419912 5.509710 4.547597 2.016176 4.193685 13.975246 11.584045 7.537607 3.060297 3.618120 3.209638 3.645248 4.097756 2.741454 7.353493 6.945044 3.875183 -0.613458 7.457192 5.258791 0.576289 -9999.0 -9999.0 -9999.0 -9999.0 -9999.0 -9999.0 -9999.0 -9999.0 -9999.0 -9999.0 -9999.0 -9999.0 -9999.0 -9999.0 -9999.0 -9999.0 -9999.0 -9999.0 -9999.0 -9999.0 -9999.0 -9999.0 -9999.0 -9999.0 -9999.0 -9999.0 -9999.0 -9999.0 -9999.0
-9999.0 -9999.0 -9999.0 -9999.0 -9999.0 -9999.0 -9999.0 -9999.0 -9999.0 -9999.0 -9999.0 6.886871 4.524271 3.465505 3.755044 4.383173 5.181324 3.943895 13.343490 7.996643 5.786238 7.078393 7.416100 5.635795 4.269328 5.966153 -1.571698 7.115795 6.028222 -1.862064 6.644840 6.937232 6.533156 3.930689 6.471170 9.900044 9.838436 10.673199 11.159469 -9999.0 -9999.0 -9999.0 8.212879 -9999.0 -9999.0 -9999.0 -9999.0 -9999.0 -9999.0 -9999.0 -9999.0 -9999.0 -9999.0 -9999.0 -9999.0 -9999.0 -9999.0 -9999.0 -9999.0 -9999.0 -9999.0 -9999.0 -9999.0
-9999.0 -9999.0 -9999.0 -9999.0 -9999.0 -9999.0 -9999.0 -9999.0 -9999.0 -9999.0 -9999.0 5.977512 3.852364 4.460378 4.044789 -0.019274 5.991515 6.360605 13.562460 11.693005 12.632107 10.007902 8.478520 1.602625 0.270618 7.080030 7.517074 7.751358 6.972749 3.667009 6.925271 6.262895 7.740075 5.576154 6.796005 7.513157 9.084130 12.873693 10.841385 10.505954 10.582927 10.027843 7.622590 9.307698 -9999.0 -9999.0 -9999.0 -0.007749 4.565885 6.790949 5.928655 5.427906 5.553290 -0.001710 -0.006957 -0.895957 -9999.0 -9999.0 -9999.0 -9999.0 -9999.0 -9999.0 -9999.0
-9999.0 -9999.0 -9999.0 -9999.0 -9999.0 -9999.0 -9999.0 -9999.0 -9999.0 -9999.0 -9999.0 6.227733 3.425353 2.211474 5.614670 6.294315 2.696128 3.367213 12.166639 12.109837 4.156563 5.832006 1.153598 7.666394 4.634173 10.291967 3.713362 2.275847 5.822256 4.429538 6.228829 1.690502 8.052948 6.212252 10.175301 8.349090 2.281839 7.094776 13.636204 9.901974 10.999200 9.438554 8.160834 8.071780 6.742990 -9999.0 -1.565187 4.709547 6.964346 7.574450 7.839590 8.388337 7.685803 7.664322 7.719119 6.352808 -9999.0 -9999.0 -9999.0 -9999.0 -9999.0 -9999.0 -9999.0
-9999.0 -9999.0 -9999.0 -9999.0 -9999.0 -9999.0 -9999.0 -9999.0 -9999.0 -9999.0 -9999.0 -9999.0 4.013052 -0.001355 8.274633 8.152392 1.959702 3.277809 13.720003 12.284029 5.964389 6.731582 6.461469 4.547215 1.083871 0.699275 8.527613 6.000335 7.231547 9.338558 7.716927 1.927537 8.270453 7.442147 5.078052 7.158681 1.917651 6.492611 15.682350 11.235190 11.991930 12.452514 3.746295 8.565121 10.291235 7.350210 6.864450 5.036245 1.825053 3.857381 5.833938 2.500942 4.098031 1.474440 -0.005589 -0.011504 4.731494 -9999.0 -9999.0 -9999.0 -9999.0 -9999.0 -9999.0
-9999.0 -9999.0 -9999.0 -9999.0 -9999.0 -9999.0 -9999.0 -9999.0 -9999.0 -9999.0 -9999.0 0.672624 1.099194 5.903734 0.896533 1.698164 3.943372 3.386097 13.960333 5.450820 6.764416 5.606616 5.460114 1.001141 0.734752 5.843488 3.225458 4.362256 9.509364 10.062074 3.093414 3.169389 7.093886 6.278758 4.481020 6.056846 7.661495 4.562148 3.672183 13.483746 7.085476 8.031954 6.645625 7.232437 9.379056 7.373449 7.163412 8.676031 8.902154 6.403198 2.033215 2.744310 -0.017178 -0.680645 -0.039745 -0.034711 5.176850 -9999.0 -9999.0 -9999.0 -9999.0 -9999.0 -9999.0
-9999.0 -9999.0 -9999.0 -9999.0 -9999.0 -9999.0 -9999.0 -9999.0 -9999.0 -9999.0 6.448902 1.216380 7.560810 8.493671 8.884787 4.578986 3.116214 2.945572 7.129806 6.514698 12.597650 10.504851 4.377040 10.913942 6.946908 3.587512 0.436540 1.279445 9.740903 9.699944 4.865992 2.691630 6.073319 4.388404 0.500530 6.685097 8.591857 2.166843 1.258220 7.014286 7.867567 9.041194 14.857309 4.095412 5.145519 9.553929 8.699787 4.835332 5.332354 6.272900 1.918228 -1.038593 -0.162229 -0.032609 -0.031010 7.555749 6.952632 -9999.0 -9999.0 -9999.0 -9999.0 -9999.0 -9999.0
-9999.0 -9999.0 -9999.0 -9999.0 -9999.0 -9999.0 -9999.0 -9999.0 -9999.0 4.441772 4.767593 0.502519 1.644392 1.942411 1.489184 0.556861 0.845668 11.300811 7.809590 7.196727 13.142004 6.676757 6.584826 8.309060 5.589528 2.724613 0.843887 10.125575 6.554733 6.977182 6.968804 1.316917 4.423398 -1.886950 6.885975 8.622205 6.675627 1.508931 2.114690 3.136855 3.463974 2.654453 2.669592 6.645141 6.287532 6.041689 11.045702 6.182135 5.916039 6.738671 3.834268 5.568752 -0.034649 -0.345404 6.425488 1.176897 2.579081 8.858889 7.549932 -9999.0 -9999.0 -9999.0 -9999.0
-9999.0 -9999.0 -9999.0 -9999.0 -9999.0 -9999.0 -9999.0 -9999.0 -9999.0 5.309114 4.503789 6.491327 10.135248 5.848979 1.903756 1.424786 9.993141 7.410444 8.805914 15.327125 14.918667 15.274390 11.415521 11.053648 3.394883 5.052915 6.373829 7.290371 8.456241 8.963241 7.997668 1.318710 5.680653 5.834544 7.893828 11.822413 11.789862 11.499052 7.323100 6.451457 1.327553 2.022567 5.024446 6.665808 4.698812 8.691246 8.895219 8.793559 7.892879 7.299147 1.809995 0.497084 -1.677685 -0.061300 4.885585 -0.004444 3.618548 5.921488 10.008639 -9999.0 -9999.0 -9999.0 -9999.0
-9999.0 -9999.0 -9999.0 -9999.0 -9999.0 -9999.0 -9999.0 -9999.0 -9999.0 -9999.0 5.693463 7.337182 0.547783 3.590371 7.015559 1.915620 6.403052 8.768428 9.882581 11.076333 13.488339 7.997132 5.359675 4.602748 5.179045 7.307484 8.488760 9.125982 9.076195 2.439069 1.831199 2.617594 0.824035 4.476983 7.529634 7.622353 9.990560 8.700501 9.876207 4.534649 -0.007597 7.449073 8.347581 3.067722 3.461931 4.293645 6.167582 11.109321 9.981382 7.924836 3.206488 3.561332 6.777029 5.736215 -0.013061 4.686584 5.671984 7.829160 8.277453 8.736319 -9999.0 -9999.0 -9999.0
-9999.0 -9999.0 -9999.0 -9999.0 -9999.0 -9999.0 -9999.0 -9999.0 -9999.0 -9999.0 5.418149 6.871143 7.582378 0.956757 12.224412 6.158245 6.223419 8.018319 10.896281 11.834085 9.004306 7.269378 5.782201 6.800557 7.196320 9.429247 9.951144 6.123920 2.726027 0.936849 4.321190 6.640509 0.908345 4.421976 5.377776 5.204737 4.489862 4.363167 1.802479 4.636871 7.232644 8.061964 2.113691 4.656779 6.768974 2.785675 4.500649 5.052487 8.062978 10.144565 7.849120 5.242488 1.406472 7.498698 6.827452 9.112889 3.246741 6.182161 9.104345 10.680166 -9999.0 -9999.0 -9999.0
-9999.0 -9999.0 -9999.0 -9999.0 -9999.0 -9999.0 -9999.0 -9999.0 9.428739 9.449030 8.765373 6.471410 1.012449 1.695877 0.608603 5.205399 8.614314 16.341530 12.789410 12.512986 10.729820 9.563604 8.538835 6.995533 8.750495 9.270085 12.613371 3.505713 3.205015 0.433008 -1.371914 4.683996 6.643283 5.599670 7.192176 1.538657 7.368220 4.753618 0.870325 9.293902 6.948131 5.040754 0.705273 -0.015469 8.938917 7.799778 1.768042 3.355346 6.275748 7.568414 8.520283 5.953248 3.555704 1.449409 10.562066 8.738081 9.532288 11.226551 10.538077 11.491282 -9999.0 -9999.0 -9999.0
-9999.0 -9999.0 -9999.0 -9999.0 -9999.0 -9999.0 -9999.0 -9999.0 0.836079 1.400620 1.562038 4.989107 6.448220 0.747700 2.873652 6.286836 7.626777 8.136694 11.327629 13.154168 19.306032 17.386173 15.649222 14.866984 9.475674 9.591542 7.131856 5.985270 0.448297 8.125165 7.148418 10.042195 7.010201 9.344420 6.935625 7.359544 8.777428 5.454647 2.620502 7.677915 4.206851 -0.037231 5.638439 7.417839 8.037651 2.604010 0.981693 7.130631 5.636160 8.479638 10.823853 7.922951 3.205840 8.893761 10.843719 8.508388 8.121242 9.931805 12.576519 14.140002 15.096130 -9999.0 -9999.0
-9999.0 -9999.0 -9999.0 -9999.0 -9999.0 -9999.0 -9999.0 -9999.0 4.790448 8.403188 7.779002 1.857050 8.405296 1.540470 1.910975 1.551352 7.261605 10.372675 11.448546 18.658918 13.624817 17.893189 17.777468 12.623802 16.144628 9.015571 7.018175 3.080536 1.799552 9.278223 10.283132 8.709623 0.335171 1.147104 7.463074 8.512292 3.871430 5.732866 1.971336 0.320818 5.842544 7.332787 6.961124 5.924027 1.217887 6.615973 10.151039 8.846685 2.878850 7.246550 9.962164 10.089554 6.277192 6.170733 10.266404 10.177476 11.820051 12.764611 14.382720 14.256238 14.369498 -9999.0 -9999.0
-9999.0 -9999.0 -9999.0 -9999.0 -9999.0 -9999.0 -9999.0 -9999.0 5.517553 7.962445 4.145055 1.516425 8.749130 1.174128 6.118100 7.692759 10.615827 11.035085 12.064406 11.208084 12.864155 13.487211 18.112367 17.718296 9.471643 7.424412 5.177683 3.529828 10.437871 6.397025 5.377589 5.696057 6.759233 6.231057 1.984244 10.339305 10.464353 6.654862 3.771968 1.055702 8.658108 8.563609 7.935873 11.403606 8.735111 11.424056 9.443438 12.083465 9.960499 7.501189 8.344759 11.446508 11.822462 10.023996 12.707645 13.291380 14.047500 11.982862 13.173453 14.249363 12.872920 10.002468 -9999.0
-9999.0 -9999.0 -9999.0 -9999.0 -9999.0 -9999.0 -9999.0 -9999.0 7.093795 8.345382 5.867326 5.365216 6.217099 6.796814 13.647550 10.957694 11.010364 8.575732 7.018790 8.644096 10.502705 13.085895 13.595407 13.780667 15.899485 7.025265 4.717099 7.174688 8.050740 7.774438 4.392484 7.105712 8.748113 7.154891 6.119651 6.624868 7.345028 7.835219 7.159922 6.659727 5.740468 6.118250 6.651807 6.354133 3.366479 9.888592 6.572639 7.760405 7.594669 9.993418 12.373452 11.474385 12.316551 14.135462 14.038166 13.635028 14.254276 14.194273 13.693609 13.177561 11.108678 9.247974 -9999.0
-9999.0 -9999.0 9.715567 9.651393 0.535255 1.412356 0.896747 0.773634 8.966445 8.124338 4.686438 4.883195 7.233441 9.803004 15.411791 8.607321 7.099137 3.773560 4.933325 6.859522 8.881382 11.022372 12.445438 12.225782 11.312351 8.744743 7.105728 7.173018 8.447684 12.943717 5.764666 5.931402 11.544255 6.919897 9.026788 6.988123 10.127907 9.143648 8.043962 5.976162 8.339634 8.778555 7.107582 8.440862 5.228791 7.487545 9.159514 7.241243 11.106858 12.632637 14.085209 14.089357 14.294265 14.397041 14.267340 18.804874 12.838785 13.151598 12.347315 10.746282 13.492242 8.277669 -9999.0
-9999.0 1.735909 1.491418 1.471626 1.791239 1.812710 0.674672 1.486250 1.922161 8.111829 0.958630 5.907047 7.955754 13.301104 13.346178 6.795413 4.476508 0.579757 1.390447 7.176798 9.366701 10.497076 14.078769 10.995768 18.021217 12.534908 16.328100 16.274347 11.491486 10.087000 10.443703 9.759933 9.746189 14.567571 11.241308 11.597847 12.548709 11.184012 12.073443 11.096931 11.098827 11.231951 10.863489 8.213053 7.811731 8.601537 10.192055 11.285544 13.684284 12.135875 13.392960 13.335797 12.471502 12.286692 12.167828 12.034434 9.964954 9.934320 10.491122 12.135013 7.741505 7.877213 -9999.0
-9999.0 9.594738 6.638990 6.970342 10.229480 6.044108 1.016290 1.917641 9.637328 9.679547 1.431333 6.129586 8.826902 13.628979 7.464159 3.409663 0.276338 1.045350 7.460116 7.245059 12.129701 9.430573 9.945695 11.069642 17.680996 19.553672 12.475541 13.702228 12.495282 11.747098 12.279582 11.600567 11.347085 11.135393 15.801390 12.785986 19.619723 20.906579 14.210876 14.002901 13.540111 12.879684 12.629130 11.399199 12.474545 12.940648 13.260558 13.457464 12.840162 12.957506 11.947463 10.194777 10.035493 10.710061 10.304182 8.449935 8.620193 7.292302 7.052618 6.579727 6.697119 -9999.0 -9999.0
