erum2020/resources/simulation/Vinschgau/output-maps/TsL0004N1395.asc
ncols         63
nrows         48
xllcorner     598000.000000
yllcorner     5145000.000000
cellsize      1000.000000
NODATA_value  -9999.0
[rows 0 to 27 of 48, columns 0 to 62 of 63]
-9999.0 -9999.0 -9999.0 -9999.0 -9999.0 -9999.0 -9999.0 -9999.0 -9999.0 -9999.0 -9999.0 -9999.0 -9999.0 -9999.0 -9999.0 -9999.0 -9999.0 -9999.0 -9999.0 -9999.0 -9999.0 -9999.0 -9999.0 -9999.0 -9999.0 -9999.0 -9999.0 -9999.0 -9999.0 -9999.0 -9999.0 -9999.0 -9999.0 -9999.0 -9999.0 -9999.0 -9999.0 -9999.0 -9999.0 -9999.0 -9999.0 -9999.0 -9999.0 -9999.0 -9999.0 -9999.0 -9999.0 -9999.0 -9999.0 -9999.0 -9999.0 -9999.0 -9999.0 -9999.0 -9999.0 -9999.0 -9999.0 -9999.0 -9999.0 -9999.0 -9999.0 -9999.0 -9999.0
-9999.0 -9999.0 -9999.0 -9999.0 -9999.0 -9999.0 -9999.0 -9999.0 -9999.0 -9999.0 -9999.0 -9999.0 -9999.0 -9999.0 -9999.0 -9999.0 -9999.0 -9999.0 -9999.0 -9999.0 -9999.0 -9999.0 -9999.0 -9999.0 -9999.0 -9999.0 -9999.0 -0.836549 -0.009683 -0.003097 -0.031306 -0.021877 -3.451480 -9999.0 -9999.0 -9999.0 -9999.0 -9999.0 -9999.0 -9999.0 -9999.0 -9999.0 -9999.0 -9999.0 -9999.0 -9999.0 -9999.0 -9999.0 -9999.0 -9999.0 -9999.0 -9999.0 -9999.0 -9999.0 -9999.0 -9999.0 -9999.0 -9999.0 -9999.0 -9999.0 -9999.0 -9999.0 -9999.0
-9999.0 -9999.0 -9999.0 -9999.0 -9999.0 -9999.0 -9999.0 -9999.0 -9999.0 -9999.0 -9999.0 -9999.0 -9999.0 -9999.0 -9999.0 -9999.0 -9999.0 -9999.0 -9999.0 -9999.0 -9999.0 -9999.0 -9999.0 -9999.0 0.063849 0.137127 0.285255 0.068427 0.287342 0.248589 -0.042482 -9999.0 -9999.0 -9999.0 -9999.0 -9999.0 -9999.0 -9999.0 -9999.0 -9999.0 -9999.0 -9999.0 -9999.0 -9999.0 -9999.0 -9999.0 -9999.0 -9999.0 -9999.0 -9999.0 -9999.0 -9999.0 -9999.0 -9999.0 -9999.0 -9999.0 -9999.0 -9999.0 -9999.0 -9999.0 -9999.0 -9999.0 -9999.0
-9999.0 -9999.0 -9999.0 -9999.0 -9999.0 -9999.0 -9999.0 -9999.0 -9999.0 -9999.0 -9999.0 -9999.0 -9999.0 -9999.0 -9999.0 -9999.0 -9999.0 -9999.0 -9999.0 -9999.0 -9999.0 -9999.0 -9999.0 0.173135 0.522430 2.594067 2.985918 3.103840 3.165492 0.263535 -0.039801 -0.048222 -9999.0 -9999.0 -9999.0 -9999.0 -9999.0 -9999.0 -9999.0 -9999.0 -9999.0 -9999.0 -9999.0 -9999.0 -9999.0 -9999.0 -9999.0 -9999.0 -9999.0 -9999.0 -9999.0 -9999.0 -9999.0 -9999.0 -9999.0 -9999.0 -9999.0 -9999.0 -9999.0 -9999.0 -9999.0 -9999.0 -9999.0
-9999.0 -9999.0 -9999.0 -9999.0 -9999.0 -9999.0 -9999.0 -9999.0 -9999.0 -9999.0 -9999.0 -9999.0 -9999.0 -9999.0 -9999.0 -9999.0 -9999.0 -9999.0 2.401054 0.450270 -9999.0 0.309349 0.499496 2.191276 2.402020 3.044031 1.922682 2.177119 2.136439 0.554181 0.156514 -0.031342 -1.513371 -2.445852 -9999.0 -9999.0 -9999.0 -9999.0 -9999.0 -9999.0 -9999.0 -9999.0 -9999.0 -9999.0 -9999.0 -9999.0 -9999.0 -9999.0 -9999.0 -9999.0 -9999.0 -9999.0 -9999.0 -9999.0 -9999.0 -9999.0 -9999.0 -9999.0 -9999.0 -9999.0 -9999.0 -9999.0 -9999.0
-9999.0 -9999.0 -9999.0 -9999.0 -9999.0 -9999.0 -9999.0 -9999.0 -9999.0 -9999.0 -9999.0 -9999.0 -9999.0 -9999.0 -9999.0 -9999.0 -9999.0 4.729085 3.399936 3.288850 0.104983 0.180942 0.577204 1.728159 2.474147 0.116485 -0.040535 0.405988 -0.027615 1.562727 0.729104 0.205435 -0.002976 -1.182694 -2.078099 -2.807486 -9999.0 -9999.0 -9999.0 -9999.0 -9999.0 -9999.0 -9999.0 -9999.0 -9999.0 -9999.0 -9999.0 -9999.0 -9999.0 -9999.0 -9999.0 -9999.0 -9999.0 -9999.0 -9999.0 -9999.0 -9999.0 -9999.0 -9999.0 -9999.0 -9999.0 -9999.0 -9999.0
-9999.0 -9999.0 -9999.0 -9999.0 -9999.0 -9999.0 -9999.0 -9999.0 -9999.0 -9999.0 -9999.0 -9999.0 -9999.0 0.969025 1.725183 3.001218 4.294063 6.664058 4.398569 2.421930 2.454509 2.156034 2.734535 2.546869 -0.009151 0.478091 -0.684608 -0.024319 -0.030188 -0.008003 -1.369466 0.420139 0.009414 -0.028773 -0.006628 -2.879769 -9999.0 -9999.0 -9999.0 -9999.0 -9999.0 -9999.0 -9999.0 -9999.0 -9999.0 -9999.0 -9999.0 -9999.0 -9999.0 -9999.0 -9999.0 -9999.0 -9999.0 -9999.0 -9999.0 -9999.0 -9999.0 -9999.0 -9999.0 -9999.0 -9999.0 -9999.0 -9999.0
-9999.0 -9999.0 -9999.0 -9999.0 -9999.0 -9999.0 -9999.0 -9999.0 -9999.0 -9999.0 -9999.0 -9999.0 -9999.0 1.477166 3.468461 3.808239 3.603640 6.041199 6.731931 3.967598 3.532982 3.714139 2.414492 1.342657 1.720212 0.768669 -0.009645 -0.007809 -0.008837 -0.112721 -0.039474 -0.031575 -1.390144 -2.786098 -2.435326 -9999.0 -9999.0 -9999.0 -9999.0 -9999.0 -9999.0 -9999.0 -9999.0 -9999.0 -9999.0 -9999.0 -9999.0 -9999.0 -9999.0 -9999.0 -9999.0 -9999.0 -9999.0 -9999.0 -9999.0 -9999.0 -9999.0 -9999.0 -9999.0 -9999.0 -9999.0 -9999.0 -9999.0
-9999.0 -9999.0 -9999.0 -9999.0 -9999.0 -9999.0 -9999.0 -9999.0 -9999.0 -9999.0 -9999.0 -9999.0 -9999.0 3.287489 2.477564 4.495357 3.304532 4.034285 6.961968 4.416673 3.924623 1.980255 0.411222 -0.017803 1.505031 1.135760 -0.003434 -0.852850 -0.043821 -2.109705 -0.045246 -3.177172 -3.129251 -9.051012 -3.167005 -9999.0 -9999.0 -9999.0 -9999.0 -9999.0 -9999.0 -9999.0 -9999.0 -9999.0 -9999.0 -9999.0 -9999.0 -9999.0 -9999.0 -9999.0 -9999.0 -9999.0 -9999.0 -9999.0 -9999.0 -9999.0 -9999.0 -9999.0 -9999.0 -9999.0 -9999.0 -9999.0 -9999.0
-9999.0 -9999.0 -9999.0 -9999.0 -9999.0 -9999.0 -9999.0 -9999.0 -9999.0 -9999.0 -9999.0 -9999.0 1.988283 1.930965 4.094381 2.450083 1.925131 3.600033 6.667605 4.552999 2.489223 0.179349 0.434306 -0.013001 -1.505404 -0.010550 -2.633942 -0.042656 0.007118 -1.680310 -3.128288 -1.731244 -0.054415 -3.125357 -9999.0 -9999.0 -9999.0 -9999.0 -9999.0 -9999.0 -9999.0 -9999.0 -9999.0 -9999.0 -9999.0 -9999.0 -9999.0 -9999.0 -9999.0 -9999.0 -9999.0 -9999.0 -9999.0 -9999.0 -9999.0 -9999.0 -9999.0 -9999.0 -9999.0 -9999.0 -9999.0 -9999.0 -9999.0
-9999.0 -9999.0 -9999.0 -9999.0 -9999.0 -9999.0 -9999.0 -9999.0 -9999.0 -9999.0 -9999.0 1.011434 3.489535 3.308475 3.510400 2.099031 3.611583 3.875719 6.692368 5.964139 2.244298 2.134070 0.388090 0.033747 0.568359 0.082613 -0.047594 -0.014175 -0.051060 -2.611415 -1.796098 0.013683 -0.005456 -2.235644 -1.894398 -0.008032 -0.040446 -0.012966 -0.013636 -9999.0 -9999.0 -9999.0 -2.665056 -9999.0 -9999.0 -9999.0 -9999.0 -9999.0 -9999.0 -9999.0 -9999.0 -9999.0 -9999.0 -9999.0 -9999.0 -9999.0 -9999.0 -9999.0 -9999.0 -9999.0 -9999.0 -9999.0 -9999.0
-9999.0 -9999.0 -9999.0 -9999.0 -9999.0 -9999.0 -9999.0 -9999.0 -9999.0 -9999.0 -9999.0 0.870776 3.625433 5.131446 4.865903 1.345852 5.859719 4.335997 6.726911 5.331165 3.955499 1.280911 0.399252 -1.848347 -1.192647 -0.011146 -0.024064 0.096797 0.044502 -2.129868 -0.018763 0.289808 -0.047344 -0.800209 -0.955759 -0.019085 0.262652 0.187084 -0.012728 -2.253913 -2.079188 -2.474731 -0.032228 -1.321066 -9999.0 -9999.0 -9999.0 -3.715002 -3.299880 -2.391506 -2.607504 -3.948400 -4.018323 -3.921366 -3.855625 -4.303017 -9999.0 -9999.0 -9999.0 -9999.0 -9999.0 -9999.0 -9999.0
-9999.0 -9999.0 -9999.0 -9999.0 -9999.0 -9999.0 -9999.0 -9999.0 -9999.0 -9999.0 -9999.0 0.793335 0.872185 1.028002 1.884173 1.850887 1.570624 3.627170 6.007962 5.275913 2.249783 0.075552 -0.931777 0.059904 -0.011489 -0.544072 -1.102717 -3.138060 -0.007946 -0.673960 -0.014088 -1.426636 0.105511 -0.704632 -1.499181 0.170382 -0.993382 -0.089709 0.360426 -1.184060 -0.011179 -0.033632 0.099097 -0.011533 -1.886016 -9999.0 -3.448036 -2.202055 -0.032676 0.010987 0.135142 -0.002237 -0.012887 -0.040095 -0.017343 -0.831112 -9999.0 -9999.0 -9999.0 -9999.0 -9999.0 -9999.0 -9999.0
-9999.0 -9999.0 -9999.0 -9999.0 -9999.0 -9999.0 -9999.0 -9999.0 -9999.0 -9999.0 -9999.0 -9999.0 0.926577 -0.006007 1.349582 1.548062 0.615950 2.680397 6.223650 5.253006 2.076806 0.373309 -0.017425 -0.388327 -2.229721 -1.217429 0.207194 0.099090 -0.034762 -1.210797 -0.027801 -1.112046 0.177990 -0.046262 -0.067638 -0.009068 -1.052551 -0.826126 1.085998 -0.024653 0.257206 -0.008967 -0.401330 0.313844 -0.013767 -2.240624 -2.512933 -1.514390 -2.205837 -0.556169 -0.053635 -1.024466 -3.342494 -1.640934 -2.309746 -0.033545 -0.046645 -9999.0 -9999.0 -9999.0 -9999.0 -9999.0 -9999.0
-9999.0 -9999.0 -9999.0 -9999.0 -9999.0 -9999.0 -9999.0 -9999.0 -9999.0 -9999.0 -9999.0 -0.474850 0.352007 1.195224 -0.005678 0.246632 1.104662 2.050040 5.637119 4.052797 2.343888 0.785043 -0.003473 -1.147213 -1.095296 -0.433286 -0.471160 -0.046811 -0.042024 -0.032110 -1.192846 -1.256407 0.459315 -0.044520 -1.884214 -0.017701 -0.012318 -0.451325 -0.000863 0.741926 -0.451245 -0.013495 -0.002727 -0.134728 0.511354 -0.043419 -0.000475 -0.127930 -0.002664 -0.036592 -3.138945 -0.045494 -3.188196 -4.919003 -5.645565 -4.312482 -1.830717 -9999.0 -9999.0 -9999.0 -9999.0 -9999.0 -9999.0
-9999.0 -9999.0 -9999.0 -9999.0 -9999.0 -9999.0 -9999.0 -9999.0 -9999.0 -9999.0 0.169087 -0.050423 0.427972 0.487130 0.907507 -0.000520 -0.000712 0.042402 3.179188 3.708340 3.561912 1.964654 -0.537557 0.686028 -0.021131 -1.840227 -1.609650 -4.133521 0.116585 0.320063 -0.036684 -0.786435 0.300306 -0.045659 -2.870228 -0.048633 0.167167 -0.782895 -0.108012 0.100685 0.178808 0.856999 3.494424 0.913344 -0.034580 -0.013011 -0.007812 -0.203500 -0.052222 -0.015469 -4.294561 -2.723563 -6.115620 -5.097793 -4.694426 -0.046961 -0.038832 -9999.0 -9999.0 -9999.0 -9999.0 -9999.0 -9999.0
-9999.0 -9999.0 -9999.0 -9999.0 -9999.0 -9999.0 -9999.0 -9999.0 -9999.0 -0.008808 0.387281 -0.041813 -0.016116 -0.492906 -0.029718 -0.022706 -0.042132 1.489293 3.098267 3.734852 3.913995 0.511820 0.287327 0.490258 0.001612 -1.457614 -2.424248 0.316161 -0.051613 -0.010645 0.006649 -1.656585 -0.005879 -2.529678 -2.153259 -0.042927 0.203186 -1.242067 -0.953304 -0.038643 -0.094949 -0.273416 -0.419059 1.618811 1.211196 -0.031161 0.862479 -0.673478 -0.655394 0.026918 -1.580321 -2.038225 -5.537367 -5.492120 -4.251614 -3.362973 -2.428742 -1.084762 -3.578429 -9999.0 -9999.0 -9999.0 -9999.0
-9999.0 -9999.0 -9999.0 -9999.0 -9999.0 -9999.0 -9999.0 -9999.0 -9999.0 -0.012154 -0.009732 0.349803 0.808677 -0.008008 -0.047769 -0.551188 0.828214 0.558770 3.659984 4.875202 4.504644 3.747377 2.297971 0.647141 -1.069461 -1.402789 -0.398305 -0.019246 0.239034 0.688253 0.531789 -2.033939 -0.008154 -0.406505 -0.032425 -0.503331 -0.492901 -0.004586 -0.011912 0.457197 -0.802645 -1.592266 -0.140658 0.358070 2.500251 2.047227 1.833805 0.356024 -0.008902 0.097485 -2.905526 -5.134157 -5.384073 -4.636925 -2.281409 -4.271440 -2.229506 -1.621898 -0.003483 -9999.0 -9999.0 -9999.0 -9999.0
-9999.0 -9999.0 -9999.0 -9999.0 -9999.0 -9999.0 -9999.0 -9999.0 -9999.0 -9999.0 -0.029848 0.355646 -0.019891 -0.675231 0.040425 -0.041411 -0.009376 1.795767 4.439177 4.452878 4.636898 2.218712 -0.019071 -0.117844 -1.132917 -0.035039 0.068450 0.621965 0.449812 -1.591996 -1.939911 -2.975676 -3.463035 -0.046959 0.082213 0.449676 0.321935 0.465140 -0.015344 -0.018785 -0.043006 0.335672 0.573335 -0.027962 -0.010134 -0.007328 1.363793 2.758645 2.711485 0.164641 -1.862588 -2.387512 -4.385912 -5.352136 -4.796744 -2.479707 -0.003442 -1.810360 -0.027235 -0.023091 -9999.0 -9999.0 -9999.0
-9999.0 -9999.0 -9999.0 -9999.0 -9999.0 -9999.0 -9999.0 -9999.0 -9999.0 -9999.0 -0.035179 0.011921 0.286145 -0.011133 1.428802 0.174739 -0.009057 2.238716 4.908059 5.040803 2.958636 1.069601 -0.024414 -0.050994 -0.033431 0.246649 1.254778 -0.007813 -1.280122 -3.175263 -0.025259 0.224133 -3.514678 -0.467299 -0.019677 0.535873 -1.780266 -0.039644 -1.681552 -0.044407 -0.010044 0.360030 -0.440049 0.215630 0.477815 -0.202702 -0.012713 -0.010480 2.769386 2.365169 0.001650 -1.712675 -3.867594 -3.784518 -6.032891 -5.237807 -2.746647 -0.775604 1.355849 1.583172 -9999.0 -9999.0 -9999.0
-9999.0 -9999.0 -9999.0 -9999.0 -9999.0 -9999.0 -9999.0 -9999.0 0.047294 -0.030197 -0.021720 0.084764 -1.229551 -0.137343 -0.038391 1.423395 2.515689 4.612105 5.305437 5.394946 4.679447 3.539825 2.626681 0.875293 0.345130 1.601266 1.455707 -0.794612 -1.361639 -3.091029 -2.561125 -0.020418 -0.017045 -0.054055 -0.007710 -0.010797 0.831789 -0.020792 -2.535426 -0.576392 -0.071294 0.348804 -3.120965 -0.023215 -0.008897 0.321157 -2.355042 -0.312505 -0.008710 1.927777 0.150702 -0.709078 -2.843990 -5.588478 -4.854516 -0.056799 -0.019626 0.448509 0.301714 4.196408 -9999.0 -9999.0 -9999.0
-9999.0 -9999.0 -9999.0 -9999.0 -9999.0 -9999.0 -9999.0 -9999.0 -3.238893 -1.073306 -2.598252 -0.047579 -0.009676 -2.306660 -0.923760 -0.007923 1.525631 2.109491 5.069114 5.932255 7.223924 6.558239 5.516125 4.279827 2.923866 3.044501 0.514038 -0.049638 -3.393466 -0.044214 -0.641072 -0.899389 0.004650 -0.926523 0.068582 0.235132 1.553926 0.111394 -0.070434 0.148896 -0.022015 -0.024765 -0.813089 0.189189 0.034807 -0.728110 -3.576732 0.038782 -0.049899 1.363423 1.386706 -0.050311 -3.504961 -2.414642 -0.013871 -2.041840 -0.902074 -0.008949 2.671110 5.258478 5.914228 -9999.0 -9999.0
-9999.0 -9999.0 -9999.0 -9999.0 -9999.0 -9999.0 -9999.0 -9999.0 -0.022800 -0.003361 -0.007702 -3.413805 0.050716 -2.906125 -0.724668 -0.782736 0.173893 2.304416 5.014012 7.116274 6.396647 7.102097 6.825265 4.894662 5.054754 2.862138 0.080052 -1.231052 -3.960440 -0.016177 -0.948147 0.349420 -1.790306 -1.442644 0.423907 1.291162 -0.007843 1.720040 -0.024912 -0.284040 0.115334 -1.044134 0.092150 -0.004671 -1.263441 0.059775 -0.978486 -0.009194 -2.013381 -0.015800 2.550945 0.098301 -2.458636 -3.384968 -0.140269 -0.002374 0.601843 2.131552 4.900833 5.574893 5.884575 -9999.0 -9999.0
-9999.0 -9999.0 -9999.0 -9999.0 -9999.0 -9999.0 -9999.0 -9999.0 -2.490915 0.106770 -0.278001 -3.879159 0.006152 -1.381704 -0.213444 0.024898 3.576114 4.824596 5.201455 5.294738 5.866447 6.311533 6.929657 6.068501 3.259793 0.760544 -0.039424 -1.986355 0.270277 -0.146340 -0.630771 -0.057528 -0.004755 -0.002418 -0.045255 0.695848 1.752776 3.716391 0.548816 -0.019934 0.311229 0.378576 0.374268 -0.007480 -0.006530 -0.821480 0.056375 -0.003700 -0.011632 -0.907138 -0.010276 2.206419 0.097006 -0.057676 0.194216 1.148448 3.088195 4.621983 5.455519 5.635338 4.700851 2.430232 -9999.0
-9999.0 -9999.0 -9999.0 -9999.0 -9999.0 -9999.0 -9999.0 -9999.0 -3.379065 0.004007 -2.391125 -1.572544 -0.360522 -0.122149 0.725775 1.984013 3.006485 2.202877 0.684585 2.512115 4.373625 5.793468 5.924077 5.589760 4.071479 0.075005 -1.093459 -0.035308 -0.002579 0.003051 -0.194319 0.073063 2.248471 0.677098 0.258901 1.133260 2.539927 5.660374 5.043681 1.875158 0.380531 0.379020 0.362428 0.004040 -0.769502 0.510486 -0.057663 -0.022436 -0.069232 0.048402 1.290957 1.404745 1.772178 1.177576 1.956103 2.347527 3.092712 4.168758 4.940041 4.759823 3.864262 1.836208 -9999.0
-9999.0 -9999.0 -0.014383 0.050523 -3.643494 -1.549331 -2.796657 -2.330952 -0.034751 -0.011635 -1.044180 -0.422532 -0.075686 0.063315 2.082782 1.134307 -0.017470 -1.218176 -0.394006 0.023059 2.376483 5.120638 5.385626 5.743603 3.719670 1.655721 0.026690 0.140354 2.292516 1.956342 -0.017561 0.571534 4.373911 3.056195 3.888535 4.245239 6.277374 7.897151 6.796960 4.118631 3.895146 3.987087 3.904391 2.505532 -0.006946 0.272765 1.226833 1.397827 2.345016 3.370116 4.001831 3.579278 2.796406 2.141443 2.067648 3.913729 2.804523 3.456416 3.298594 3.229012 2.842174 1.041535 -9999.0
-9999.0 -0.469783 -0.614999 -0.910412 -1.431411 -1.221187 -2.464573 -2.794973 -3.776153 -0.048494 -1.929897 -0.851945 -0.001188 1.319703 1.220096 -0.221989 -1.106631 -1.833067 -1.297440 -0.013764 2.156297 3.917010 5.084719 4.615203 5.342761 3.458887 3.604371 3.951608 4.187534 3.050487 2.716189 2.890181 4.633802 6.839471 6.952122 8.202250 9.817596 10.798037 10.008054 8.342442 7.459062 7.341965 6.646504 4.434074 3.144713 3.544366 4.278738 5.562743 5.859240 5.819359 4.572903 3.591123 2.584417 1.721629 1.648330 1.197308 0.505184 0.862667 0.963595 1.220851 0.229234 0.828317 -9999.0
-9999.0 0.791941 -0.011979 -0.021835 0.335244 -0.039151 -2.523339 -3.311986 -0.050094 -0.067193 -2.466392 -1.243073 0.051280 1.230948 -0.050898 -2.468746 -2.617173 -2.156572 -0.277068 -0.010534 1.725228 1.809454 2.798449 2.706065 4.748109 5.606021 5.066139 5.363208 5.630145 6.021513 6.166664 5.928923 6.544657 7.451572 9.484808 10.491776 13.313471 14.343427 12.866886 11.789336 11.084148 10.151922 9.053093 7.702953 7.568302 7.428968 7.152397 7.008688 6.382835 5.569763 3.757657 1.838592 0.634512 1.293551 0.399751 -0.030036 -0.086810 -0.048488 -0.031051 -0.056967 -0.024820 -9999.0 -9999.0
