erum2020/resources/simulation/Vinschgau/output-maps/TsL0002N0448.asc
ncols         63
nrows         48
xllcorner     598000.000000
yllcorner     5145000.000000
cellsize      1000.000000
NODATA_value  -9999.0
[rows 0 to 27 of 48, columns 0 to 62 of 63]
-9999.0 -9999.0 -9999.0 -9999.0 -9999.0 -9999.0 -9999.0 -9999.0 -9999.0 -9999.0 -9999.0 -9999.0 -9999.0 -9999.0 -9999.0 -9999.0 -9999.0 -9999.0 -9999.0 -9999.0 -9999.0 -9999.0 -9999.0 -9999.0 -9999.0 -9999.0 -9999.0 -9999.0 -9999.0 -9999.0 -9999.0 -9999.0 -9999.0 -9999.0 -9999.0 -9999.0 -9999.0 -9999.0 -9999.0 -9999.0 -9999.0 -9999.0 -9999.0 -9999.0 -9999.0 -9999.0 -9999.0 -9999.0 -9999.0 -9999.0 -9999.0 -9999.0 -9999.0 -9999.0 -9999.0 -9999.0 -9999.0 -9999.0 -9999.0 -9999.0 -9999.0 -9999.0 -9999.0
-9999.0 -9999.0 -9999.0 -9999.0 -9999.0 -9999.0 -9999.0 -9999.0 -9999.0 -9999.0 -9999.0 -9999.0 -9999.0 -9999.0 -9999.0 -9999.0 -9999.0 -9999.0 -9999.0 -9999.0 -9999.0 -9999.0 -9999.0 -9999.0 -9999.0 -9999.0 -9999.0 19.438956 18.633171 18.525882 13.244790 9.930835 13.183819 -9999.0 -9999.0 -9999.0 -9999.0 -9999.0 -9999.0 -9999.0 -9999.0 -9999.0 -9999.0 -9999.0 -9999.0 -9999.0 -9999.0 -9999.0 -9999.0 -9999.0 -9999.0 -9999.0 -9999.0 -9999.0 -9999.0 -9999.0 -9999.0 -9999.0 -9999.0 -9999.0 -9999.0 -9999.0 -9999.0
-9999.0 -9999.0 -9999.0 -9999.0 -9999.0 -9999.0 -9999.0 -9999.0 -9999.0 -9999.0 -9999.0 -9999.0 -9999.0 -9999.0 -9999.0 -9999.0 -9999.0 -9999.0 -9999.0 -9999.0 -9999.0 -9999.0 -9999.0 -9999.0 22.434485 23.116424 22.227279 19.444593 19.401224 17.284008 13.093685 -9999.0 -9999.0 -9999.0 -9999.0 -9999.0 -9999.0 -9999.0 -9999.0 -9999.0 -9999.0 -9999.0 -9999.0 -9999.0 -9999.0 -9999.0 -9999.0 -9999.0 -9999.0 -9999.0 -9999.0 -9999.0 -9999.0 -9999.0 -9999.0 -9999.0 -9999.0 -9999.0 -9999.0 -9999.0 -9999.0 -9999.0 -9999.0
-9999.0 -9999.0 -9999.0 -9999.0 -9999.0 -9999.0 -9999.0 -9999.0 -9999.0 -9999.0 -9999.0 -9999.0 -9999.0 -9999.0 -9999.0 -9999.0 -9999.0 -9999.0 -9999.0 -9999.0 -9999.0 -9999.0 -9999.0 23.382142 23.378495 12.206259 12.728633 12.743862 8.344838 19.663892 16.098085 12.776225 -9999.0 -9999.0 -9999.0 -9999.0 -9999.0 -9999.0 -9999.0 -9999.0 -9999.0 -9999.0 -9999.0 -9999.0 -9999.0 -9999.0 -9999.0 -9999.0 -9999.0 -9999.0 -9999.0 -9999.0 -9999.0 -9999.0 -9999.0 -9999.0 -9999.0 -9999.0 -9999.0 -9999.0 -9999.0 -9999.0 -9999.0
-9999.0 -9999.0 -9999.0 -9999.0 -9999.0 -9999.0 -9999.0 -9999.0 -9999.0 -9999.0 -9999.0 -9999.0 -9999.0 -9999.0 -9999.0 -9999.0 -9999.0 -9999.0 20.180573 19.705022 -9999.0 22.177810 20.729751 12.833788 12.311438 14.005177 17.175935 16.559368 12.564314 11.123136 17.445541 16.247556 15.928698 0.805761 -9999.0 -9999.0 -9999.0 -9999.0 -9999.0 -9999.0 -9999.0 -9999.0 -9999.0 -9999.0 -9999.0 -9999.0 -9999.0 -9999.0 -9999.0 -9999.0 -9999.0 -9999.0 -9999.0 -9999.0 -9999.0 -9999.0 -9999.0 -9999.0 -9999.0 -9999.0 -9999.0 -9999.0 -9999.0
-9999.0 -9999.0 -9999.0 -9999.0 -9999.0 -9999.0 -9999.0 -9999.0 -9999.0 -9999.0 -9999.0 -9999.0 -9999.0 -9999.0 -9999.0 -9999.0 -9999.0 8.217251 7.501334 8.620520 17.761766 8.677491 10.811422 12.439931 20.043941 5.715493 3.984882 6.566244 4.331314 8.003638 17.799164 17.451150 19.083055 14.671289 0.436526 0.141224 -9999.0 -9999.0 -9999.0 -9999.0 -9999.0 -9999.0 -9999.0 -9999.0 -9999.0 -9999.0 -9999.0 -9999.0 -9999.0 -9999.0 -9999.0 -9999.0 -9999.0 -9999.0 -9999.0 -9999.0 -9999.0 -9999.0 -9999.0 -9999.0 -9999.0 -9999.0 -9999.0
-9999.0 -9999.0 -9999.0 -9999.0 -9999.0 -9999.0 -9999.0 -9999.0 -9999.0 -9999.0 -9999.0 -9999.0 -9999.0 18.400365 9.442116 6.415992 7.828881 30.357936 8.042950 9.830647 11.757783 12.981121 14.690001 19.594488 5.458051 16.214198 6.252756 6.576423 5.767149 5.872864 6.431221 13.433033 13.662127 6.671659 -0.000650 0.059020 -9999.0 -9999.0 -9999.0 -9999.0 -9999.0 -9999.0 -9999.0 -9999.0 -9999.0 -9999.0 -9999.0 -9999.0 -9999.0 -9999.0 -9999.0 -9999.0 -9999.0 -9999.0 -9999.0 -9999.0 -9999.0 -9999.0 -9999.0 -9999.0 -9999.0 -9999.0 -9999.0
-9999.0 -9999.0 -9999.0 -9999.0 -9999.0 -9999.0 -9999.0 -9999.0 -9999.0 -9999.0 -9999.0 -9999.0 -9999.0 18.994562 10.662165 6.550750 6.283515 24.401782 29.494483 14.425832 9.204504 15.566072 6.904691 6.055894 10.214725 8.329699 17.838457 14.591334 14.161786 4.911619 4.878199 3.002258 -0.001505 -0.067081 0.097178 -9999.0 -9999.0 -9999.0 -9999.0 -9999.0 -9999.0 -9999.0 -9999.0 -9999.0 -9999.0 -9999.0 -9999.0 -9999.0 -9999.0 -9999.0 -9999.0 -9999.0 -9999.0 -9999.0 -9999.0 -9999.0 -9999.0 -9999.0 -9999.0 -9999.0 -9999.0 -9999.0 -9999.0
-9999.0 -9999.0 -9999.0 -9999.0 -9999.0 -9999.0 -9999.0 -9999.0 -9999.0 -9999.0 -9999.0 -9999.0 -9999.0 10.144996 17.451881 9.145037 5.257419 6.775193 30.708050 7.999241 16.882351 6.590202 3.774236 4.576034 9.544658 7.189345 17.848036 0.381379 14.909074 0.010675 0.044764 -0.034651 -0.054805 -0.042395 -0.084559 -9999.0 -9999.0 -9999.0 -9999.0 -9999.0 -9999.0 -9999.0 -9999.0 -9999.0 -9999.0 -9999.0 -9999.0 -9999.0 -9999.0 -9999.0 -9999.0 -9999.0 -9999.0 -9999.0 -9999.0 -9999.0 -9999.0 -9999.0 -9999.0 -9999.0 -9999.0 -9999.0 -9999.0
-9999.0 -9999.0 -9999.0 -9999.0 -9999.0 -9999.0 -9999.0 -9999.0 -9999.0 -9999.0 -9999.0 -9999.0 10.265566 17.225344 8.695332 6.960539 3.430335 5.847183 25.531614 10.188746 8.679778 5.885834 6.434677 7.119081 6.681767 8.111983 4.790151 10.310554 15.836418 0.029408 -0.064174 11.107016 2.594642 0.165463 -9999.0 -9999.0 -9999.0 -9999.0 -9999.0 -9999.0 -9999.0 -9999.0 -9999.0 -9999.0 -9999.0 -9999.0 -9999.0 -9999.0 -9999.0 -9999.0 -9999.0 -9999.0 -9999.0 -9999.0 -9999.0 -9999.0 -9999.0 -9999.0 -9999.0 -9999.0 -9999.0 -9999.0 -9999.0
-9999.0 -9999.0 -9999.0 -9999.0 -9999.0 -9999.0 -9999.0 -9999.0 -9999.0 -9999.0 -9999.0 17.010563 7.087044 5.559597 6.354505 12.669598 6.066968 4.789276 24.576223 9.665735 6.031150 9.898513 16.294097 16.760686 7.724548 14.227901 0.303642 18.151703 12.955775 0.006531 8.101088 19.225769 10.275605 0.546265 16.851537 18.933356 24.303961 26.535743 25.374560 -9999.0 -9999.0 -9999.0 15.486080 -9999.0 -9999.0 -9999.0 -9999.0 -9999.0 -9999.0 -9999.0 -9999.0 -9999.0 -9999.0 -9999.0 -9999.0 -9999.0 -9999.0 -9999.0 -9999.0 -9999.0 -9999.0 -9999.0 -9999.0
-9999.0 -9999.0 -9999.0 -9999.0 -9999.0 -9999.0 -9999.0 -9999.0 -9999.0 -9999.0 -9999.0 10.726472 6.265514 6.131914 5.723941 0.237866 7.681611 6.661124 25.272308 19.390513 18.514329 17.305313 16.855794 1.607990 1.606847 14.924120 17.983085 19.203125 15.625253 0.342794 18.668554 14.726625 13.628513 12.272253 18.429950 22.575983 27.290297 29.445185 26.905550 23.364799 17.904874 18.286837 18.699425 15.910510 -9999.0 -9999.0 -9999.0 0.064425 0.681594 14.832801 4.708269 0.638500 0.563798 1.008617 0.885212 0.137330 -9999.0 -9999.0 -9999.0 -9999.0 -9999.0 -9999.0 -9999.0
-9999.0 -9999.0 -9999.0 -9999.0 -9999.0 -9999.0 -9999.0 -9999.0 -9999.0 -9999.0 -9999.0 12.467514 11.863137 4.408712 13.688650 14.325555 5.183622 2.961124 20.820356 19.066563 5.383596 6.390484 4.881570 17.578932 12.526407 19.973545 7.399597 3.613318 12.176589 0.865744 16.068871 5.523047 17.016490 10.128871 18.823112 24.733498 9.808309 12.723507 32.640918 21.563896 26.604612 25.384651 23.595313 19.933965 12.711910 -9999.0 0.045848 13.258733 18.284309 19.770746 19.728570 20.127280 18.927284 18.142575 17.103044 6.243874 -9999.0 -9999.0 -9999.0 -9999.0 -9999.0 -9999.0 -9999.0
-9999.0 -9999.0 -9999.0 -9999.0 -9999.0 -9999.0 -9999.0 -9999.0 -9999.0 -9999.0 -9999.0 -9999.0 13.428746 0.424188 14.854710 16.688632 0.047138 4.331354 21.838999 18.876097 6.215502 8.297882 7.827953 6.003710 1.232569 6.917994 17.732093 13.647557 14.359674 17.622545 18.963842 6.166138 17.123646 15.752991 15.659163 21.938069 8.440092 13.792323 32.302206 25.631038 29.959289 30.101849 8.939354 20.893760 17.649682 14.203143 0.531433 13.759980 5.059634 8.038170 10.059233 4.323734 7.683246 4.202130 2.852995 6.922390 0.720680 -9999.0 -9999.0 -9999.0 -9999.0 -9999.0 -9999.0
-9999.0 -9999.0 -9999.0 -9999.0 -9999.0 -9999.0 -9999.0 -9999.0 -9999.0 -9999.0 -9999.0 1.202449 7.621990 16.215269 4.859031 5.258735 6.877541 3.427860 24.267552 7.389215 6.999246 6.077673 6.753412 4.247803 6.852495 8.843888 4.993283 8.214741 18.216002 20.645992 7.325550 7.369637 17.461382 13.681700 12.674043 19.850923 23.605827 12.784651 12.863835 31.280107 13.224952 13.622568 10.232161 8.562560 21.136164 13.954368 18.804846 20.622585 21.394484 10.468894 0.732685 6.101001 0.030196 -0.001380 -0.000731 -0.006305 0.486069 -9999.0 -9999.0 -9999.0 -9999.0 -9999.0 -9999.0
-9999.0 -9999.0 -9999.0 -9999.0 -9999.0 -9999.0 -9999.0 -9999.0 -9999.0 -9999.0 18.133699 4.899090 17.223363 18.436313 19.443410 7.571748 5.625501 3.976597 7.571959 8.320971 20.809277 16.556155 3.815840 23.060310 9.680043 5.243625 3.406657 0.064922 20.068801 20.873855 8.689969 5.716539 14.384938 8.872197 0.023058 18.361996 24.242983 7.808927 4.718521 12.220179 12.285822 11.967320 23.877951 6.853537 7.417013 16.242285 19.754159 8.302185 9.309267 7.437809 -0.001798 0.113311 -0.001126 -0.006028 -0.016347 18.848333 15.461963 -9999.0 -9999.0 -9999.0 -9999.0 -9999.0 -9999.0
-9999.0 -9999.0 -9999.0 -9999.0 -9999.0 -9999.0 -9999.0 -9999.0 -9999.0 15.588126 17.152026 5.412126 6.092412 4.623015 7.057849 5.215904 4.979307 20.954557 8.169784 8.912906 20.621399 6.587655 6.852909 11.357627 7.400165 2.644555 0.482887 21.154475 9.030494 10.461185 8.717635 -0.005793 2.539156 0.065846 16.708296 18.587245 16.738384 4.856723 5.526246 7.850239 5.280108 4.358660 5.070388 8.170843 7.749374 9.223596 23.788796 8.359517 9.869886 8.892547 5.124766 0.607735 -0.006308 -0.001593 0.402801 2.595796 6.152399 18.208176 0.772526 -9999.0 -9999.0 -9999.0 -9999.0
-9999.0 -9999.0 -9999.0 -9999.0 -9999.0 -9999.0 -9999.0 -9999.0 -9999.0 12.994942 15.618384 17.814632 21.383605 8.463451 6.848840 7.194203 20.604383 10.790471 9.293736 24.151288 22.986345 23.428599 16.565946 14.660379 2.936796 7.604602 9.141349 10.539934 12.262747 14.519193 13.053462 -0.002617 13.953769 5.691629 18.643463 20.086508 20.314725 21.099923 20.587571 17.387958 3.634856 4.402904 9.718620 10.405396 7.376530 13.118725 12.795036 12.339881 12.620031 8.220645 -0.003062 0.017737 0.182575 0.353835 10.264725 0.024039 8.203823 8.009403 19.940235 -9999.0 -9999.0 -9999.0 -9999.0
-9999.0 -9999.0 -9999.0 -9999.0 -9999.0 -9999.0 -9999.0 -9999.0 -9999.0 -9999.0 17.630067 18.344471 5.950653 5.094317 10.216232 7.227039 9.745810 12.508661 10.308916 13.751231 20.153538 7.571389 4.479267 3.583475 8.182202 10.350857 12.355001 11.155666 13.280290 0.884613 1.230608 3.944663 0.033519 13.550956 19.875252 20.255430 24.360067 19.636623 16.409845 14.879745 12.365390 20.030123 18.562374 6.465466 5.562275 6.231122 7.437621 19.227230 12.939903 9.532980 3.607184 6.457217 0.594146 0.367526 -0.001213 13.861679 18.454792 11.629009 11.339754 12.883764 -9999.0 -9999.0 -9999.0
-9999.0 -9999.0 -9999.0 -9999.0 -9999.0 -9999.0 -9999.0 -9999.0 -9999.0 -9999.0 17.832708 17.795520 17.666374 7.686022 22.393987 7.165519 7.069056 8.761752 10.938310 13.403185 8.838680 6.756936 4.629465 7.044576 9.538017 13.102354 12.131995 5.411054 2.486949 0.006359 15.486575 18.439554 1.616995 0.708741 16.570115 16.733663 8.683354 6.857513 3.725102 7.881712 18.700621 19.499817 3.852838 16.507534 18.120949 3.373511 7.661973 5.468510 9.431876 12.731261 9.839670 6.854641 5.600528 12.827729 0.678287 13.028412 14.132366 9.831706 9.778975 13.890591 -9999.0 -9999.0 -9999.0
-9999.0 -9999.0 -9999.0 -9999.0 -9999.0 -9999.0 -9999.0 -9999.0 18.624710 18.447322 19.198182 17.648425 6.006020 6.084986 4.462123 8.132085 9.562704 26.173393 15.760204 14.828921 10.561471 9.341833 8.031018 4.805326 11.072677 9.884419 16.801703 3.432108 4.784971 0.007214 0.172776 16.743113 15.960402 14.008979 18.276867 13.487380 19.302761 6.553114 0.034263 14.285360 18.668926 17.363589 -0.002993 11.789860 21.395547 19.441322 -0.004146 7.404311 6.381492 13.199876 10.798797 6.263226 6.726726 0.044223 20.162792 21.276787 22.241328 23.058259 14.201118 11.607195 -9999.0 -9999.0 -9999.0
-9999.0 -9999.0 -9999.0 -9999.0 -9999.0 -9999.0 -9999.0 -9999.0 5.870464 6.910247 5.384066 15.762706 17.333663 6.540268 5.439469 7.122581 8.331705 8.553760 11.669509 15.864236 29.596032 24.470010 22.134020 20.699370 9.275677 9.610142 6.538294 6.628970 3.809334 16.170494 15.427862 20.148654 17.085372 19.875989 18.896991 20.380346 21.618873 8.069868 5.795687 17.656059 6.412417 -0.012845 14.506029 19.987727 21.339587 5.373288 0.986877 18.709736 8.903263 9.767450 12.645845 9.787895 4.717487 21.580059 22.599475 12.305077 11.496022 12.904814 16.616236 17.872494 18.273447 -9999.0 -9999.0
-9999.0 -9999.0 -9999.0 -9999.0 -9999.0 -9999.0 -9999.0 -9999.0 17.195264 19.738397 15.589470 2.563135 20.139710 6.277172 8.152436 4.883256 8.351296 14.239088 12.053227 29.085633 16.063764 25.555475 24.985655 14.859440 24.462641 9.040470 7.111472 3.603105 0.250462 19.223659 21.053352 21.294984 4.897160 6.525954 20.217900 21.667875 8.375596 7.247370 3.051264 5.297960 16.791228 18.124522 19.356461 18.467797 4.696823 16.971630 17.794300 20.449171 6.542652 8.453986 11.268054 11.978080 6.862663 7.056612 13.374437 13.789041 14.693264 16.429402 18.074500 17.680757 16.966555 -9999.0 -9999.0
-9999.0 -9999.0 -9999.0 -9999.0 -9999.0 -9999.0 -9999.0 -9999.0 15.467861 19.700369 6.953442 5.429775 20.457824 8.230951 6.231764 8.698907 11.883620 12.182037 18.555841 11.650811 15.524547 16.239065 26.382617 25.353970 10.177203 7.779187 5.201848 3.377861 21.464180 9.084921 7.611552 8.709189 9.722948 8.537163 6.628803 21.420980 24.501450 9.029139 5.210766 6.552799 17.376340 20.307280 20.254872 20.786813 19.044144 21.367624 20.744174 22.100139 21.431020 11.574735 9.574205 12.895163 13.836510 14.585773 16.388194 15.930149 17.476490 12.589711 14.639489 16.927606 14.400468 10.528394 -9999.0
-9999.0 -9999.0 -9999.0 -9999.0 -9999.0 -9999.0 -9999.0 -9999.0 17.833674 19.853042 9.233151 5.548375 6.619805 7.189558 21.133201 14.674239 16.507913 8.770799 7.335578 9.383794 11.278926 16.495043 16.721088 16.463479 22.087663 7.610807 4.685955 10.293373 11.775342 10.391245 4.375204 10.533013 12.161872 9.583959 8.781640 11.413060 12.820587 10.564662 8.343276 9.900473 9.018129 9.821216 10.440027 8.980594 6.409158 21.443097 9.811749 11.188752 12.140925 14.744684 16.629661 13.463508 13.928270 18.133700 16.745966 16.402579 17.219017 17.180125 16.339111 14.949808 11.463110 9.710303 -9999.0
-9999.0 -9999.0 19.595426 19.975932 6.124830 7.034118 6.464533 5.254028 19.500463 19.272513 8.608292 6.868171 7.513178 12.671797 24.362161 10.107814 6.272967 4.729660 7.409501 7.859237 9.989557 12.558216 16.018085 13.591726 14.528244 9.918021 8.095224 8.572527 10.015264 20.979177 6.787911 7.741433 21.212525 8.614929 13.227966 9.954444 15.647273 12.044303 9.531476 7.632887 13.341534 12.525613 8.105753 12.268158 6.807683 12.035629 13.794488 9.782069 15.686839 17.107559 18.400043 18.200796 17.402788 17.465884 16.984942 28.881380 15.143098 15.143273 13.901133 11.092689 18.213353 8.649280 -9999.0
-9999.0 7.754435 7.430513 6.872106 7.346269 8.272130 6.137597 1.935355 1.529128 18.152855 7.264962 6.311439 8.570979 20.989206 17.954236 6.168894 6.610402 5.581188 9.054694 8.679397 10.968138 12.246318 22.118700 12.863355 26.393442 15.517129 24.947422 26.138283 14.549192 13.586220 14.028233 14.273807 13.193262 25.110750 16.319500 17.230887 18.602423 14.893470 17.318363 16.006015 16.661240 16.552717 15.242739 10.289911 10.047577 10.803463 15.798160 13.453698 18.250258 14.320341 16.579826 15.945593 14.781466 14.872569 14.554571 13.551314 10.083678 9.709955 11.578403 16.206307 7.359028 7.677033 -9999.0
-9999.0 18.877640 9.250515 9.158543 19.922721 7.787812 1.483004 2.142680 18.681208 19.455440 8.047361 6.436534 8.715314 19.089692 6.959115 4.512933 5.347710 7.935910 10.776065 7.869903 18.692044 11.289993 12.841693 14.686870 29.378685 31.108858 13.894989 17.486486 16.329461 13.255072 13.367919 12.809131 15.895629 16.192620 26.707010 18.399032 33.368810 34.842205 19.911201 19.827688 19.122003 18.038774 17.182181 13.401384 14.352564 14.668899 18.016716 17.753193 15.880538 15.774026 14.275020 11.116943 11.229217 11.087307 10.237691 8.710249 8.664637 7.642683 7.129225 7.318748 7.355134 -9999.0 -9999.0
