erum2020/resources/simulation/Vinschgau/output-maps/TsL0003N1107.asc
ncols         63
nrows         48
xllcorner     598000.000000
yllcorner     5145000.000000
cellsize      1000.000000
NODATA_value  -9999.0
[rows 0 to 27 of 48, columns 0 to 62 of 63]
-9999.0 -9999.0 -9999.0 -9999.0 -9999.0 -9999.0 -9999.0 -9999.0 -9999.0 -9999.0 -9999.0 -9999.0 -9999.0 -9999.0 -9999.0 -9999.0 -9999.0 -9999.0 -9999.0 -9999.0 -9999.0 -9999.0 -9999.0 -9999.0 -9999.0 -9999.0 -9999.0 -9999.0 -9999.0 -9999.0 -9999.0 -9999.0 -9999.0 -9999.0 -9999.0 -9999.0 -9999.0 -9999.0 -9999.0 -9999.0 -9999.0 -9999.0 -9999.0 -9999.0 -9999.0 -9999.0 -9999.0 -9999.0 -9999.0 -9999.0 -9999.0 -9999.0 -9999.0 -9999.0 -9999.0 -9999.0 -9999.0 -9999.0 -9999.0 -9999.0 -9999.0 -9999.0 -9999.0
-9999.0 -9999.0 -9999.0 -9999.0 -9999.0 -9999.0 -9999.0 -9999.0 -9999.0 -9999.0 -9999.0 -9999.0 -9999.0 -9999.0 -9999.0 -9999.0 -9999.0 -9999.0 -9999.0 -9999.0 -9999.0 -9999.0 -9999.0 -9999.0 -9999.0 -9999.0 -9999.0 -0.001253 -0.003712 -0.000217 -0.048849 -0.045584 -1.910891 -9999.0 -9999.0 -9999.0 -9999.0 -9999.0 -9999.0 -9999.0 -9999.0 -9999.0 -9999.0 -9999.0 -9999.0 -9999.0 -9999.0 -9999.0 -9999.0 -9999.0 -9999.0 -9999.0 -9999.0 -9999.0 -9999.0 -9999.0 -9999.0 -9999.0 -9999.0 -9999.0 -9999.0 -9999.0 -9999.0
-9999.0 -9999.0 -9999.0 -9999.0 -9999.0 -9999.0 -9999.0 -9999.0 -9999.0 -9999.0 -9999.0 -9999.0 -9999.0 -9999.0 -9999.0 -9999.0 -9999.0 -9999.0 -9999.0 -9999.0 -9999.0 -9999.0 -9999.0 -9999.0 -0.000683 -0.000360 -0.000431 -0.000339 -0.010565 -0.017175 -0.018864 -9999.0 -9999.0 -9999.0 -9999.0 -9999.0 -9999.0 -9999.0 -9999.0 -9999.0 -9999.0 -9999.0 -9999.0 -9999.0 -9999.0 -9999.0 -9999.0 -9999.0 -9999.0 -9999.0 -9999.0 -9999.0 -9999.0 -9999.0 -9999.0 -9999.0 -9999.0 -9999.0 -9999.0 -9999.0 -9999.0 -9999.0 -9999.0
-9999.0 -9999.0 -9999.0 -9999.0 -9999.0 -9999.0 -9999.0 -9999.0 -9999.0 -9999.0 -9999.0 -9999.0 -9999.0 -9999.0 -9999.0 -9999.0 -9999.0 -9999.0 -9999.0 -9999.0 -9999.0 -9999.0 -9999.0 -0.000162 -0.000128 1.390693 1.787188 2.318848 1.651750 -0.000158 -0.038052 -0.048763 -9999.0 -9999.0 -9999.0 -9999.0 -9999.0 -9999.0 -9999.0 -9999.0 -9999.0 -9999.0 -9999.0 -9999.0 -9999.0 -9999.0 -9999.0 -9999.0 -9999.0 -9999.0 -9999.0 -9999.0 -9999.0 -9999.0 -9999.0 -9999.0 -9999.0 -9999.0 -9999.0 -9999.0 -9999.0 -9999.0 -9999.0
-9999.0 -9999.0 -9999.0 -9999.0 -9999.0 -9999.0 -9999.0 -9999.0 -9999.0 -9999.0 -9999.0 -9999.0 -9999.0 -9999.0 -9999.0 -9999.0 -9999.0 -9999.0 1.889562 0.062135 -9999.0 -0.000142 0.057410 1.260763 1.365822 2.827142 1.530188 1.516839 1.291891 -0.004373 -0.000729 -0.042706 -0.002823 -0.972412 -9999.0 -9999.0 -9999.0 -9999.0 -9999.0 -9999.0 -9999.0 -9999.0 -9999.0 -9999.0 -9999.0 -9999.0 -9999.0 -9999.0 -9999.0 -9999.0 -9999.0 -9999.0 -9999.0 -9999.0 -9999.0 -9999.0 -9999.0 -9999.0 -9999.0 -9999.0 -9999.0 -9999.0 -9999.0
-9999.0 -9999.0 -9999.0 -9999.0 -9999.0 -9999.0 -9999.0 -9999.0 -9999.0 -9999.0 -9999.0 -9999.0 -9999.0 -9999.0 -9999.0 -9999.0 -9999.0 4.659923 3.278555 3.233709 0.311086 -0.011608 -0.000583 0.911005 1.821299 -0.009468 -0.366235 -0.007944 -0.050305 0.873393 0.080141 -0.000610 -0.000470 -0.000846 -0.010306 -0.814099 -9999.0 -9999.0 -9999.0 -9999.0 -9999.0 -9999.0 -9999.0 -9999.0 -9999.0 -9999.0 -9999.0 -9999.0 -9999.0 -9999.0 -9999.0 -9999.0 -9999.0 -9999.0 -9999.0 -9999.0 -9999.0 -9999.0 -9999.0 -9999.0 -9999.0 -9999.0 -9999.0
-9999.0 -9999.0 -9999.0 -9999.0 -9999.0 -9999.0 -9999.0 -9999.0 -9999.0 -9999.0 -9999.0 -9999.0 -9999.0 0.399010 1.032034 2.894862 4.290666 6.969442 4.379579 2.389331 1.890863 1.239192 2.132666 1.847818 -0.015071 0.061721 -0.285578 -0.808307 -0.042529 -0.020049 -1.161929 -0.002035 -0.048971 -0.067282 -2.998495 -0.853091 -9999.0 -9999.0 -9999.0 -9999.0 -9999.0 -9999.0 -9999.0 -9999.0 -9999.0 -9999.0 -9999.0 -9999.0 -9999.0 -9999.0 -9999.0 -9999.0 -9999.0 -9999.0 -9999.0 -9999.0 -9999.0 -9999.0 -9999.0 -9999.0 -9999.0 -9999.0 -9999.0
-9999.0 -9999.0 -9999.0 -9999.0 -9999.0 -9999.0 -9999.0 -9999.0 -9999.0 -9999.0 -9999.0 -9999.0 -9999.0 0.602589 3.017697 3.609180 3.477162 5.155271 7.040438 3.693292 3.461347 3.181726 1.955613 0.617381 0.168566 -0.012139 -0.000616 -0.000352 -0.001943 -2.468041 -1.430568 -0.021334 -0.002023 -6.611409 -0.018186 -9999.0 -9999.0 -9999.0 -9999.0 -9999.0 -9999.0 -9999.0 -9999.0 -9999.0 -9999.0 -9999.0 -9999.0 -9999.0 -9999.0 -9999.0 -9999.0 -9999.0 -9999.0 -9999.0 -9999.0 -9999.0 -9999.0 -9999.0 -9999.0 -9999.0 -9999.0 -9999.0 -9999.0
-9999.0 -9999.0 -9999.0 -9999.0 -9999.0 -9999.0 -9999.0 -9999.0 -9999.0 -9999.0 -9999.0 -9999.0 -9999.0 3.077136 2.508660 4.284564 3.156551 3.925347 7.276437 4.327828 3.039559 1.792090 -0.008055 -0.032311 0.439274 -0.002269 0.134710 -0.002309 -0.042563 -6.017232 -0.029021 -6.751362 -7.112513 -7.979173 -0.894694 -9999.0 -9999.0 -9999.0 -9999.0 -9999.0 -9999.0 -9999.0 -9999.0 -9999.0 -9999.0 -9999.0 -9999.0 -9999.0 -9999.0 -9999.0 -9999.0 -9999.0 -9999.0 -9999.0 -9999.0 -9999.0 -9999.0 -9999.0 -9999.0 -9999.0 -9999.0 -9999.0 -9999.0
-9999.0 -9999.0 -9999.0 -9999.0 -9999.0 -9999.0 -9999.0 -9999.0 -9999.0 -9999.0 -9999.0 -9999.0 1.357463 1.959116 3.805056 1.663800 1.650031 3.412641 5.887862 4.624913 1.742085 -0.013239 -0.026089 -0.022552 -1.302804 -0.000725 -2.479751 -0.020238 -0.051512 -0.002835 -6.734142 -0.004677 -0.074261 -1.043472 -9999.0 -9999.0 -9999.0 -9999.0 -9999.0 -9999.0 -9999.0 -9999.0 -9999.0 -9999.0 -9999.0 -9999.0 -9999.0 -9999.0 -9999.0 -9999.0 -9999.0 -9999.0 -9999.0 -9999.0 -9999.0 -9999.0 -9999.0 -9999.0 -9999.0 -9999.0 -9999.0 -9999.0 -9999.0
-9999.0 -9999.0 -9999.0 -9999.0 -9999.0 -9999.0 -9999.0 -9999.0 -9999.0 -9999.0 -9999.0 0.352521 2.481200 1.701381 3.089241 1.552705 3.850324 3.679604 5.645800 5.911114 2.216342 1.255212 0.057042 -0.000416 -1.357659 -0.008856 -0.039590 -0.041348 -0.047515 -0.611783 -0.006960 -0.045889 -0.001655 -0.586836 -0.010450 -0.001612 -0.029865 -0.043145 -0.054297 -9999.0 -9999.0 -9999.0 -0.756666 -9999.0 -9999.0 -9999.0 -9999.0 -9999.0 -9999.0 -9999.0 -9999.0 -9999.0 -9999.0 -9999.0 -9999.0 -9999.0 -9999.0 -9999.0 -9999.0 -9999.0 -9999.0 -9999.0 -9999.0
-9999.0 -9999.0 -9999.0 -9999.0 -9999.0 -9999.0 -9999.0 -9999.0 -9999.0 -9999.0 -9999.0 0.322116 2.687075 4.211433 4.446328 0.567667 5.793163 4.308845 5.841302 4.223796 3.085661 0.523048 0.009143 -2.030880 -3.391841 -0.006830 -0.009655 -0.041813 -0.010037 -0.488287 -0.044199 -0.016292 -0.044329 -3.770933 -0.056168 -0.030472 -0.015423 0.025197 -0.003862 -0.236679 -0.440723 -0.736350 -0.019585 -0.002841 -9999.0 -9999.0 -9999.0 -0.080553 -1.458120 -0.011307 -3.442366 -1.676616 -1.709555 -2.373247 -5.602616 -2.010836 -9999.0 -9999.0 -9999.0 -9999.0 -9999.0 -9999.0 -9999.0
-9999.0 -9999.0 -9999.0 -9999.0 -9999.0 -9999.0 -9999.0 -9999.0 -9999.0 -9999.0 -9999.0 0.112668 0.324769 -0.000368 1.315942 0.972107 0.811343 3.469340 5.288650 4.356395 1.746602 -0.008792 -0.952964 -0.000412 -0.004530 -0.000794 -2.744786 -3.032782 -0.001245 -0.054500 -0.001853 -3.506079 -0.040688 -0.054979 -0.003128 -0.035487 -2.684962 -2.386871 0.249228 -0.001851 -0.040389 -0.037450 -0.012676 -0.014214 -0.067866 -9999.0 -0.985955 -3.602153 -0.034725 -0.044145 -0.028996 0.002036 -0.014172 -0.021482 -0.072590 -0.067438 -9999.0 -9999.0 -9999.0 -9999.0 -9999.0 -9999.0 -9999.0
-9999.0 -9999.0 -9999.0 -9999.0 -9999.0 -9999.0 -9999.0 -9999.0 -9999.0 -9999.0 -9999.0 -9999.0 0.116846 -0.040288 0.563613 0.600284 0.160914 2.532058 5.235045 4.200628 1.821618 -0.003471 -1.400354 -2.812470 -2.043794 -2.270719 -0.000125 -0.003543 -0.036370 -0.002908 -0.030800 -3.313509 -0.006231 -0.051786 -0.064994 -0.049047 -3.280316 -2.258676 0.675858 0.081229 -0.001313 0.102621 -2.725816 -0.000382 -0.001957 -0.069423 -0.176710 -0.063309 -4.271562 -2.874518 -0.033205 -3.177485 -3.251869 -3.810414 -4.391919 -2.709963 -0.059328 -9999.0 -9999.0 -9999.0 -9999.0 -9999.0 -9999.0
-9999.0 -9999.0 -9999.0 -9999.0 -9999.0 -9999.0 -9999.0 -9999.0 -9999.0 -9999.0 -9999.0 -1.219349 0.048682 0.421915 -0.045412 -0.002989 0.397023 1.812656 4.667531 3.859338 2.172129 0.220803 -0.034345 -1.047612 -2.158145 -2.036468 -1.723959 -0.021176 -0.026127 0.030371 -1.916548 -2.489095 -0.000694 -0.049529 -0.060041 -0.060768 -0.006267 -2.838339 -0.009231 0.344810 -0.081936 -0.017517 -0.864262 -0.645022 0.028526 -0.054466 -0.034179 0.034570 0.105008 -0.022918 -2.930098 -0.018278 -4.538442 -5.030078 -5.819090 -6.364469 -0.003319 -9999.0 -9999.0 -9999.0 -9999.0 -9999.0 -9999.0
-9999.0 -9999.0 -9999.0 -9999.0 -9999.0 -9999.0 -9999.0 -9999.0 -9999.0 -9999.0 0.046463 -0.654893 0.055636 0.064919 0.317893 -0.013961 -0.018396 -0.008821 3.044605 3.508442 2.720044 1.734801 -0.607966 0.091325 -0.030701 -1.735888 -2.005803 -3.948751 -0.000535 -0.000150 -1.940033 -2.016568 -0.000951 -0.036339 -0.868485 -0.001833 -0.003225 -3.028040 -0.502189 -0.002369 -0.001865 0.990697 3.566363 0.504660 -0.027366 0.038925 -0.004155 -2.621569 -1.877095 -0.018782 -4.624630 -0.014126 -6.250907 -7.259060 -7.209734 -0.031312 -0.031528 -9999.0 -9999.0 -9999.0 -9999.0 -9999.0 -9999.0
-9999.0 -9999.0 -9999.0 -9999.0 -9999.0 -9999.0 -9999.0 -9999.0 -9999.0 -0.003680 -0.000153 -2.172782 -1.172536 -0.111915 -0.116039 -0.054920 -0.028768 1.051593 2.971776 3.595767 2.995986 0.312743 -0.007859 0.000641 -0.007907 -1.429067 -2.229329 -0.000130 -0.117462 -0.049823 -0.004144 -1.627049 -0.001405 -7.036317 -0.615074 -0.001933 -0.025078 -3.434174 -1.910040 -1.630425 -1.119695 -0.685593 -0.543569 1.217787 0.490460 -0.024607 0.267474 -0.303611 -0.294519 -0.002255 -1.997308 -0.003458 -7.762391 -3.990339 -2.609198 -4.393714 -3.836237 -0.002468 -1.345658 -9999.0 -9999.0 -9999.0 -9999.0
-9999.0 -9999.0 -9999.0 -9999.0 -9999.0 -9999.0 -9999.0 -9999.0 -9999.0 -0.005044 -0.000796 -0.000126 0.318337 -0.014792 -0.031226 -0.167036 0.268904 0.116223 3.546802 4.118706 3.561517 3.266118 1.956052 0.407903 -1.039283 -2.079980 -0.728458 -0.022224 0.123874 0.516073 0.048770 -2.006277 -0.044647 -0.049663 -0.073543 -0.002262 -0.001451 0.090130 -0.003635 -0.000634 -2.998235 -2.060522 -0.042909 0.261454 1.937802 1.503355 1.185367 -0.002948 -0.014884 -0.003079 -2.880514 -4.903045 -4.227001 -3.996585 -4.289849 -5.446329 -3.550097 -3.182955 -0.001081 -9999.0 -9999.0 -9999.0 -9999.0
-9999.0 -9999.0 -9999.0 -9999.0 -9999.0 -9999.0 -9999.0 -9999.0 -9999.0 -9999.0 -0.015504 -0.004279 -0.043939 -0.686997 -0.010480 -0.028036 -0.016415 1.029473 4.340866 3.919147 3.632380 2.095114 -0.019265 -0.311473 -0.979039 -0.030303 -0.000402 0.561581 0.054532 -1.564135 -1.911313 -2.871055 -3.228011 -0.043937 -0.042787 -0.000684 -0.000137 -0.000335 -0.001301 -0.049121 -0.016552 -0.000142 0.214324 -0.024881 -0.013587 -0.009557 0.833097 2.305015 1.876858 -0.003891 -1.839468 -3.657052 -2.876825 -4.359098 -4.116217 -4.194934 -0.048912 -1.701062 -1.402361 -0.022475 -9999.0 -9999.0 -9999.0
-9999.0 -9999.0 -9999.0 -9999.0 -9999.0 -9999.0 -9999.0 -9999.0 -9999.0 -9999.0 -0.023990 -0.000754 -0.000139 -0.024501 1.486603 -0.008709 -0.012411 2.062694 4.765381 4.847802 2.872926 0.827984 -0.022949 -0.032311 -0.025508 0.156825 1.209526 -0.011413 -1.252638 -2.942853 -0.012171 -0.012396 -4.164427 -0.049051 -0.011545 -0.000375 -1.671642 -1.277081 -2.031666 -0.025173 -0.041044 -0.000549 -2.745357 -0.000167 0.058565 -0.376271 -0.017741 -0.013182 2.154081 1.610159 -0.006893 -1.887225 -3.665401 -2.852997 -5.212879 -4.255791 -1.277273 -1.497393 0.721321 1.507948 -9999.0 -9999.0 -9999.0
-9999.0 -9999.0 -9999.0 -9999.0 -9999.0 -9999.0 -9999.0 -9999.0 -0.006350 -0.014086 -0.039726 -0.031616 -2.790942 -0.698584 -0.042355 1.148061 2.360384 4.180601 4.854961 5.309567 4.620454 3.451795 2.391272 0.580842 -0.003435 1.495426 1.592414 -0.761844 -2.168935 -2.859999 -6.201241 -0.023973 -0.042557 -0.044505 -0.056687 -0.000812 0.257412 -0.045390 -2.506695 -0.002144 0.037544 -0.000362 -2.882260 -0.001511 0.136966 0.051076 -2.326401 -0.375376 -0.010721 1.775221 -0.001330 -0.678419 -4.022603 -5.365032 -3.735556 -0.056388 -0.002070 0.057756 0.139967 3.605788 -9999.0 -9999.0 -9999.0
-9999.0 -9999.0 -9999.0 -9999.0 -9999.0 -9999.0 -9999.0 -9999.0 -3.128495 -3.193333 -2.388633 -0.034943 -0.000784 -2.213166 -0.894835 -0.010466 1.374342 1.976111 5.033580 5.820152 6.486697 5.903811 4.865117 3.847160 2.813235 2.759988 0.435162 -0.060635 -3.952265 -0.023467 -0.052714 -0.001636 -0.048455 -0.000940 -0.005061 -0.000157 0.483589 -0.015603 -0.354847 -0.000512 -0.013698 -4.799391 -0.000719 -0.000266 -0.000148 -2.780264 -3.361602 -0.000640 -0.047881 1.105130 1.345757 -0.031645 -4.177781 -0.069229 -0.018852 -2.434056 -2.083474 -0.017517 2.037268 4.481235 5.755862 -9999.0 -9999.0
-9999.0 -9999.0 -9999.0 -9999.0 -9999.0 -9999.0 -9999.0 -9999.0 -0.014232 -0.000746 -0.028952 -3.206313 -0.030678 -2.683554 -0.491601 -0.751041 -0.007448 1.853543 4.959937 6.471306 6.288795 6.609900 6.276663 4.708143 4.311560 2.705972 0.023983 -1.203671 -4.748501 -0.035272 -0.000345 -0.000588 -2.231115 -2.155204 -0.000135 0.217722 -0.016022 1.191246 -0.039902 -2.640310 -0.004212 0.035662 -0.000485 -0.001926 -3.251768 -0.005555 -0.002230 -0.006428 -1.817973 -0.016398 2.159108 -0.000258 -3.098754 -4.008376 -1.660166 -0.629202 0.605599 1.913266 4.070177 4.780092 5.102643 -9999.0 -9999.0
-9999.0 -9999.0 -9999.0 -9999.0 -9999.0 -9999.0 -9999.0 -9999.0 -0.006330 -0.005944 -2.021072 -4.349598 -0.002860 -2.018593 -0.470422 -0.004158 3.520856 4.759577 4.253131 5.243761 5.720359 6.105397 6.433077 5.741305 3.130444 0.550623 -0.059108 -1.959232 -0.000135 -2.533162 -2.393000 -0.130696 -0.017150 -0.103035 -0.045570 0.245995 1.273270 3.547918 0.229135 -0.026388 -0.000131 -0.000136 -0.000150 0.136184 -0.000590 0.035243 -0.000432 0.086739 -0.000784 -0.669614 -0.013262 1.766610 -0.002327 -1.457226 0.094198 1.150446 2.663148 4.162604 5.214232 4.869036 3.932073 2.116711 -9999.0
-9999.0 -9999.0 -9999.0 -9999.0 -9999.0 -9999.0 -9999.0 -9999.0 -2.385588 -0.034974 -2.323827 -1.548895 -2.059416 -0.377522 0.744308 1.610214 2.888492 2.026693 0.301388 2.379675 4.282287 5.519315 5.734263 5.439119 3.334392 -0.007861 -1.066692 -0.025167 -0.010067 -0.041846 -0.369796 -0.000458 1.537604 0.596891 -0.002835 0.506487 1.786585 5.537524 4.974831 1.445272 -0.002300 -0.000497 -0.000335 -0.012362 -0.475332 0.062223 -0.284448 -1.345039 -0.036349 -0.000540 0.871959 1.171037 1.507550 1.189896 1.660395 2.258620 2.857472 3.629186 4.258032 3.926485 3.688764 1.528819 -9999.0
-9999.0 -9999.0 -0.000723 -0.007617 -3.576805 -2.127281 -3.181509 -4.254388 -0.033063 -0.037971 -2.965785 -0.773469 -0.107563 -0.014432 1.971698 1.138351 -0.017272 -1.191726 -0.070977 -0.008653 2.246755 4.967670 4.467602 5.704782 3.520490 1.525449 -0.009056 -0.007875 1.705116 1.718928 -0.018011 0.116798 3.591463 2.839642 2.990948 4.097850 5.951233 7.833390 6.734331 4.044525 3.325427 3.012174 3.231943 1.741418 -0.010094 -0.002169 0.967321 0.999410 1.670691 2.623792 3.441172 3.062837 2.525749 2.082739 2.030107 3.750329 2.647556 3.011666 2.641244 2.980566 2.372148 0.763749 -9999.0
-9999.0 -0.678820 -2.934045 -3.126634 -2.344426 -2.824102 -1.936305 -2.585280 -3.572356 -0.041782 -2.009344 -0.824798 -0.007845 0.660095 1.288301 -0.453861 -2.046970 -2.000107 -2.017520 -0.015039 1.873652 3.771452 4.195144 4.342500 5.019665 3.261087 3.076004 3.211208 3.703776 2.257270 2.149867 2.314241 3.771702 5.605432 6.731219 7.787603 9.645494 10.756680 9.589341 7.722578 7.256427 7.114257 6.151855 4.302241 3.009436 3.413505 3.481895 5.459764 5.608966 5.606264 3.903904 3.143345 2.417684 1.682587 1.619871 1.195622 0.456688 0.799964 0.941588 1.332755 0.088919 0.554770 -9999.0
-9999.0 0.092630 -0.064339 -0.078129 0.039282 -0.448724 -2.497648 -3.106909 -0.043925 -0.046633 -2.253148 -1.220106 -0.004260 1.340129 -0.108805 -3.236735 -2.402646 -1.977512 -0.458094 -0.021949 1.794549 1.471633 2.499745 2.157657 4.072037 4.989267 5.026760 5.252721 5.001906 5.952788 6.121290 5.876633 5.782176 6.791214 8.597930 9.950189 12.580813 13.694021 12.585085 11.572779 10.814903 9.778669 8.871373 7.625703 7.526858 7.385551 6.779415 6.422379 5.746239 4.764874 3.089307 1.529559 0.559306 1.124670 0.391122 -0.028500 -0.072130 -0.075905 -0.051193 -0.244661 -0.025124 -9999.0 -9999.0
