erum2020/resources/simulation/Vinschgau/output-maps/TsL0002N0933.asc
ncols         63
nrows         48
xllcorner     598000.000000
yllcorner     5145000.000000
cellsize      1000.000000
NODATA_value  -9999.0
[rows 0 to 27 of 48, columns 0 to 62 of 63]
-9999.0 -9999.0 -9999.0 -9999.0 -9999.0 -9999.0 -9999.0 -9999.0 -9999.0 -9999.0 -9999.0 -9999.0 -9999.0 -9999.0 -9999.0 -9999.0 -9999.0 -9999.0 -9999.0 -9999.0 -9999.0 -9999.0 -9999.0 -9999.0 -9999.0 -9999.0 -9999.0 -9999.0 -9999.0 -9999.0 -9999.0 -9999.0 -9999.0 -9999.0 -9999.0 -9999.0 -9999.0 -9999.0 -9999.0 -9999.0 -9999.0 -9999.0 -9999.0 -9999.0 -9999.0 -9999.0 -9999.0 -9999.0 -9999.0 -9999.0 -9999.0 -9999.0 -9999.0 -9999.0 -9999.0 -9999.0 -9999.0 -9999.0 -9999.0 -9999.0 -9999.0 -9999.0 -9999.0
-9999.0 -9999.0 -9999.0 -9999.0 -9999.0 -9999.0 -9999.0 -9999.0 -9999.0 -9999.0 -9999.0 -9999.0 -9999.0 -9999.0 -9999.0 -9999.0 -9999.0 -9999.0 -9999.0 -9999.0 -9999.0 -9999.0 -9999.0 -9999.0 -9999.0 -9999.0 -9999.0 -6.088855 -4.658457 -5.181985 -5.281640 -6.018649 -6.372241 -9999.0 -9999.0 -9999.0 -9999.0 -9999.0 -9999.0 -9999.0 -9999.0 -9999.0 -9999.0 -9999.0 -9999.0 -9999.0 -9999.0 -9999.0 -9999.0 -9999.0 -9999.0 -9999.0 -9999.0 -9999.0 -9999.0 -9999.0 -9999.0 -9999.0 -9999.0 -9999.0 -9999.0 -9999.0 -9999.0
-9999.0 -9999.0 -9999.0 -9999.0 -9999.0 -9999.0 -9999.0 -9999.0 -9999.0 -9999.0 -9999.0 -9999.0 -9999.0 -9999.0 -9999.0 -9999.0 -9999.0 -9999.0 -9999.0 -9999.0 -9999.0 -9999.0 -9999.0 -9999.0 -3.949109 -3.718415 -3.931138 -3.909585 -3.574949 -5.014191 -5.586654 -9999.0 -9999.0 -9999.0 -9999.0 -9999.0 -9999.0 -9999.0 -9999.0 -9999.0 -9999.0 -9999.0 -9999.0 -9999.0 -9999.0 -9999.0 -9999.0 -9999.0 -9999.0 -9999.0 -9999.0 -9999.0 -9999.0 -9999.0 -9999.0 -9999.0 -9999.0 -9999.0 -9999.0 -9999.0 -9999.0 -9999.0 -9999.0
-9999.0 -9999.0 -9999.0 -9999.0 -9999.0 -9999.0 -9999.0 -9999.0 -9999.0 -9999.0 -9999.0 -9999.0 -9999.0 -9999.0 -9999.0 -9999.0 -9999.0 -9999.0 -9999.0 -9999.0 -9999.0 -9999.0 -9999.0 -3.619378 -2.375086 -0.007500 0.310053 0.969358 -0.003756 -3.364624 -5.531122 -6.107834 -9999.0 -9999.0 -9999.0 -9999.0 -9999.0 -9999.0 -9999.0 -9999.0 -9999.0 -9999.0 -9999.0 -9999.0 -9999.0 -9999.0 -9999.0 -9999.0 -9999.0 -9999.0 -9999.0 -9999.0 -9999.0 -9999.0 -9999.0 -9999.0 -9999.0 -9999.0 -9999.0 -9999.0 -9999.0 -9999.0 -9999.0
-9999.0 -9999.0 -9999.0 -9999.0 -9999.0 -9999.0 -9999.0 -9999.0 -9999.0 -9999.0 -9999.0 -9999.0 -9999.0 -9999.0 -9999.0 -9999.0 -9999.0 -9999.0 -0.013073 -2.946911 -9999.0 -4.169413 -2.521230 -0.013651 0.008948 0.769591 -0.015514 -0.016399 -0.007533 -0.043807 -3.711902 -5.224365 -7.144195 -9.564593 -9999.0 -9999.0 -9999.0 -9999.0 -9999.0 -9999.0 -9999.0 -9999.0 -9999.0 -9999.0 -9999.0 -9999.0 -9999.0 -9999.0 -9999.0 -9999.0 -9999.0 -9999.0 -9999.0 -9999.0 -9999.0 -9999.0 -9999.0 -9999.0 -9999.0 -9999.0 -9999.0 -9999.0 -9999.0
-9999.0 -9999.0 -9999.0 -9999.0 -9999.0 -9999.0 -9999.0 -9999.0 -9999.0 -9999.0 -9999.0 -9999.0 -9999.0 -9999.0 -9999.0 -9999.0 -9999.0 3.960111 2.431910 0.864708 -3.484897 -0.088913 -0.049708 -0.020632 -0.013775 -0.026235 -0.321638 -0.069974 -0.104401 -0.017582 -1.714310 -3.560758 -5.384210 -5.988561 -7.954748 -9.209777 -9999.0 -9999.0 -9999.0 -9999.0 -9999.0 -9999.0 -9999.0 -9999.0 -9999.0 -9999.0 -9999.0 -9999.0 -9999.0 -9999.0 -9999.0 -9999.0 -9999.0 -9999.0 -9999.0 -9999.0 -9999.0 -9999.0 -9999.0 -9999.0 -9999.0 -9999.0 -9999.0
-9999.0 -9999.0 -9999.0 -9999.0 -9999.0 -9999.0 -9999.0 -9999.0 -9999.0 -9999.0 -9999.0 -9999.0 -9999.0 -1.944051 -0.018540 1.797252 3.442937 2.621482 3.547564 -0.009093 -0.006730 -0.012109 0.012240 -0.014562 -0.029971 -2.518214 -2.423512 -1.043495 -1.219131 -0.136329 -1.903422 -4.262500 -4.194848 -6.337259 -6.477327 -9.471626 -9999.0 -9999.0 -9999.0 -9999.0 -9999.0 -9999.0 -9999.0 -9999.0 -9999.0 -9999.0 -9999.0 -9999.0 -9999.0 -9999.0 -9999.0 -9999.0 -9999.0 -9999.0 -9999.0 -9999.0 -9999.0 -9999.0 -9999.0 -9999.0 -9999.0 -9999.0 -9999.0
-9999.0 -9999.0 -9999.0 -9999.0 -9999.0 -9999.0 -9999.0 -9999.0 -9999.0 -9999.0 -9999.0 -9999.0 -9999.0 -0.060164 0.769922 2.653195 2.744037 1.672354 2.649746 1.161996 2.621536 0.049961 0.870243 -0.004786 -0.038470 -0.061892 -4.618279 -5.499915 -6.626829 -1.891185 -1.354245 -4.999421 -6.938377 -9.882071 -8.206936 -9999.0 -9999.0 -9999.0 -9999.0 -9999.0 -9999.0 -9999.0 -9999.0 -9999.0 -9999.0 -9999.0 -9999.0 -9999.0 -9999.0 -9999.0 -9999.0 -9999.0 -9999.0 -9999.0 -9999.0 -9999.0 -9999.0 -9999.0 -9999.0 -9999.0 -9999.0 -9999.0 -9999.0
-9999.0 -9999.0 -9999.0 -9999.0 -9999.0 -9999.0 -9999.0 -9999.0 -9999.0 -9999.0 -9999.0 -9999.0 -9999.0 0.317049 0.044213 1.454018 2.173012 3.075561 2.814614 3.468891 0.074469 -0.012243 -0.374932 -0.064855 -0.020557 -0.025946 -4.453050 -6.918668 -6.136625 -8.800473 -5.565372 -10.399194 -10.861132 -12.743191 -9.821121 -9999.0 -9999.0 -9999.0 -9999.0 -9999.0 -9999.0 -9999.0 -9999.0 -9999.0 -9999.0 -9999.0 -9999.0 -9999.0 -9999.0 -9999.0 -9999.0 -9999.0 -9999.0 -9999.0 -9999.0 -9999.0 -9999.0 -9999.0 -9999.0 -9999.0 -9999.0 -9999.0 -9999.0
-9999.0 -9999.0 -9999.0 -9999.0 -9999.0 -9999.0 -9999.0 -9999.0 -9999.0 -9999.0 -9999.0 -9999.0 -0.017329 -0.022135 0.933338 -0.012350 0.539826 2.523274 2.133198 2.100448 -0.010666 -0.148922 -1.216053 -0.524321 -1.973072 -4.625514 -3.524759 -5.748377 -4.100830 -7.164126 -10.393266 -7.452791 -6.166076 -10.390431 -9999.0 -9999.0 -9999.0 -9999.0 -9999.0 -9999.0 -9999.0 -9999.0 -9999.0 -9999.0 -9999.0 -9999.0 -9999.0 -9999.0 -9999.0 -9999.0 -9999.0 -9999.0 -9999.0 -9999.0 -9999.0 -9999.0 -9999.0 -9999.0 -9999.0 -9999.0 -9999.0 -9999.0 -9999.0
-9999.0 -9999.0 -9999.0 -9999.0 -9999.0 -9999.0 -9999.0 -9999.0 -9999.0 -9999.0 -9999.0 -1.305969 0.240280 0.309184 0.210129 -0.022839 0.741128 2.391446 2.263142 1.391580 1.127925 -0.012503 -2.799208 -4.210938 -0.045815 -3.921425 -5.996977 -4.829673 -5.410271 -8.922483 -7.681121 -4.003968 -6.535603 -8.647607 -7.830451 -6.310083 -5.883189 -5.082595 -4.876730 -9999.0 -9999.0 -9999.0 -8.857746 -9999.0 -9999.0 -9999.0 -9999.0 -9999.0 -9999.0 -9999.0 -9999.0 -9999.0 -9999.0 -9999.0 -9999.0 -9999.0 -9999.0 -9999.0 -9999.0 -9999.0 -9999.0 -9999.0 -9999.0
-9999.0 -9999.0 -9999.0 -9999.0 -9999.0 -9999.0 -9999.0 -9999.0 -9999.0 -9999.0 -9999.0 -2.147101 0.609959 1.843313 1.706754 -1.643953 3.167765 3.282450 2.270835 1.510493 0.079706 -0.071250 -2.931278 -3.196153 -2.323032 -4.744759 -5.151991 -3.856578 -4.803772 -8.587039 -4.835707 -4.678296 -6.145429 -6.958722 -7.789905 -4.843522 -4.205026 -3.680443 -5.019489 -8.322442 -8.290955 -8.777381 -5.076352 -7.139197 -9999.0 -9999.0 -9999.0 -9.696059 -8.005167 -7.629258 -6.886264 -8.738690 -8.992403 -8.950613 -8.459013 -9.539425 -9999.0 -9999.0 -9999.0 -9999.0 -9999.0 -9999.0 -9999.0
-9999.0 -9999.0 -9999.0 -9999.0 -9999.0 -9999.0 -9999.0 -9999.0 -9999.0 -9999.0 -9999.0 -2.870298 -2.177568 -0.046080 -0.026991 -0.036250 -0.008706 2.684520 1.883477 1.509019 1.310210 -0.032816 -2.002955 -3.931829 -4.762638 -5.900811 -2.250198 -3.926182 -6.155821 -7.416256 -6.589836 -4.422742 -3.685716 -6.610927 -7.146790 -3.506067 -3.571441 -3.199237 -2.938971 -6.581289 -4.541076 -5.939128 -3.690622 -4.677433 -6.703904 -9999.0 -10.217227 -6.654409 -5.115942 -4.049023 -3.785747 -4.606474 -4.607763 -5.325878 -5.467105 -6.435782 -9999.0 -9999.0 -9999.0 -9999.0 -9999.0 -9999.0 -9999.0
-9999.0 -9999.0 -9999.0 -9999.0 -9999.0 -9999.0 -9999.0 -9999.0 -9999.0 -9999.0 -9999.0 -9999.0 -1.663807 -0.439396 -0.829543 -0.486785 -0.007844 1.863466 1.939077 1.573060 1.114941 -0.022105 -0.107708 -1.462115 -3.592383 -2.395144 -3.239689 -4.041153 -5.398808 -7.061578 -5.106939 -4.218938 -3.737104 -5.663029 -6.210834 -4.457770 -2.213518 -3.007527 -0.028678 -4.219858 -3.346124 -4.601697 -1.551365 -3.303095 -6.683889 -6.990822 -8.175753 -6.533693 -3.532424 -1.673417 -0.694359 -4.051272 -3.237259 -4.708936 -3.924739 -5.219916 -6.331878 -9999.0 -9999.0 -9999.0 -9999.0 -9999.0 -9999.0
-9999.0 -9999.0 -9999.0 -9999.0 -9999.0 -9999.0 -9999.0 -9999.0 -9999.0 -9999.0 -9999.0 -1.290083 -3.640885 -2.044547 -0.521406 -0.029811 -0.014362 1.081154 1.453491 3.228349 1.497976 -0.005291 -0.045635 -2.326309 -2.221915 -0.930299 -1.165455 -5.621517 -5.889522 -5.541872 -2.368697 -3.369774 -4.036838 -5.504174 -7.744884 -4.848660 -4.721509 -1.662516 -0.035034 -1.898646 -1.702919 -0.102664 -0.918410 -1.664444 -2.342233 -5.475693 -4.385403 -5.431178 -4.514813 -0.385662 -4.437734 -5.330792 -6.950944 -7.803161 -8.741316 -9.496142 -7.222023 -9999.0 -9999.0 -9999.0 -9999.0 -9999.0 -9999.0
-9999.0 -9999.0 -9999.0 -9999.0 -9999.0 -9999.0 -9999.0 -9999.0 -9999.0 -9999.0 -2.766030 -0.721637 -3.069878 -3.042268 -1.187712 -1.172571 -1.192712 -0.020194 2.640762 2.873810 0.213833 -0.010342 -0.803350 -1.544169 -0.119929 -2.051449 -2.912843 -5.395676 -3.884717 -4.040955 -2.810632 -2.885411 -2.975375 -5.485273 -9.624922 -6.571877 -3.666568 -1.895929 -0.080301 -0.021791 -0.020354 0.001909 0.047946 0.312119 -0.387697 -5.343333 -4.306185 -1.376854 -0.895101 -0.111714 -6.949494 -7.779397 -9.216865 -10.441718 -10.117983 -5.552133 -5.349305 -9999.0 -9999.0 -9999.0 -9999.0 -9999.0 -9999.0
-9999.0 -9999.0 -9999.0 -9999.0 -9999.0 -9999.0 -9999.0 -9999.0 -9999.0 -4.549703 -2.560950 -2.872098 -1.373485 -1.243397 -0.801965 -0.778204 -0.524411 -0.022452 2.422324 3.224577 0.519342 -0.011760 -0.015949 -0.019385 -0.031038 -1.703684 -3.768399 -3.521585 -0.679636 -0.066208 -0.027327 -1.901411 -6.240577 -10.105572 -8.510145 -6.679411 -3.389677 -2.446687 -2.072437 -0.727107 -0.035522 -0.398686 -0.677119 1.019854 0.351938 -0.486835 -0.795063 -1.788585 -1.757009 -0.025756 -2.850379 -7.263623 -11.310815 -10.407024 -8.504092 -7.055755 -6.065272 -6.791058 -8.119431 -9999.0 -9999.0 -9999.0 -9999.0
-9999.0 -9999.0 -9999.0 -9999.0 -9999.0 -9999.0 -9999.0 -9999.0 -9999.0 -6.078970 -4.698598 -3.936727 -1.117322 -0.059152 -0.615055 -1.276748 -1.110654 -0.017643 3.020693 1.382875 1.051007 0.173360 -0.006610 -0.032336 -1.316710 -2.631904 -1.169388 -0.135851 -0.017864 -0.028064 -0.602609 -2.282839 -4.418089 -6.547932 -5.302153 -6.719259 -6.169553 -4.863719 -4.748412 -3.096043 -1.393468 -2.880812 -1.028552 -0.014454 1.639290 0.541525 0.212566 -0.019855 -0.060336 -0.024200 -3.147460 -6.443117 -9.845170 -8.684183 -7.163071 -8.055790 -5.905522 -5.032739 -5.758452 -9999.0 -9999.0 -9999.0 -9999.0
-9999.0 -9999.0 -9999.0 -9999.0 -9999.0 -9999.0 -9999.0 -9999.0 -9999.0 -9999.0 -5.281105 -3.464726 -0.217069 -0.726620 -0.039203 -0.507881 -0.072573 0.023589 3.922045 2.534882 1.167568 1.630860 -0.029303 -0.330470 -2.265346 -0.307003 -0.024644 -0.010122 -0.706128 -1.831261 -2.185167 -3.726725 -4.802177 -5.942689 -3.800517 -4.206118 -3.413804 -2.524596 -6.114267 -4.906462 -5.356998 -3.125447 -1.827758 -0.435032 -0.021419 -0.018007 0.487492 0.034316 0.886137 -0.025238 -2.099131 -5.461009 -8.612928 -9.555736 -8.821709 -6.664583 -4.111341 -2.247676 -2.302401 -0.239557 -9999.0 -9999.0 -9999.0
-9999.0 -9999.0 -9999.0 -9999.0 -9999.0 -9999.0 -9999.0 -9999.0 -9999.0 -9999.0 -5.501490 -4.266404 -3.255902 -0.094335 -0.014883 -0.016025 -0.020512 1.514010 4.303525 3.592296 2.554799 0.275772 -0.039385 -0.934677 -0.310559 -0.017487 0.237748 -0.019916 -1.522567 -4.481563 -4.980769 -3.702616 -6.173665 -6.743465 -4.893045 -3.478335 -2.094507 -1.283112 -3.015098 -5.800328 -4.638224 -3.999347 -1.577150 -3.442718 -1.899431 -0.460641 -0.093954 -0.021112 1.853205 0.617868 -0.029092 -2.961924 -5.097054 -8.089288 -10.219797 -9.408248 -6.716246 -1.805209 0.603948 0.329265 -9999.0 -9999.0 -9999.0
-9999.0 -9999.0 -9999.0 -9999.0 -9999.0 -9999.0 -9999.0 -9999.0 -3.836562 -5.154965 -6.068480 -3.704754 -3.663728 -1.341658 -0.063334 0.869659 1.881672 1.100606 3.254275 4.063256 4.335489 3.035181 1.847703 -0.009800 -0.021171 1.289560 -0.014925 -1.037818 -2.612845 -4.435564 -9.200262 -4.912221 -4.870490 -6.452663 -4.464151 -4.575803 -1.064635 -1.340272 -2.793120 -6.733985 -5.425424 -3.632384 -4.438083 -6.277289 -4.388568 -2.645657 -2.600670 -1.080835 -0.019194 0.849897 -0.020806 -0.938382 -5.898743 -6.899199 -8.932871 -5.932206 -6.489248 -1.903338 -0.017863 2.978618 -9999.0 -9999.0 -9999.0
-9999.0 -9999.0 -9999.0 -9999.0 -9999.0 -9999.0 -9999.0 -9999.0 -3.978603 -2.202613 -3.918779 -5.885245 -4.580359 -3.055820 -1.167839 -0.018439 0.803244 1.445461 4.752443 4.605768 3.073376 2.366054 0.905363 0.047025 2.274116 2.283239 0.233911 -0.696337 -6.295972 -5.730880 -6.529361 -6.298665 -4.363842 -6.099811 -3.903032 -3.378235 -0.139960 -0.305084 -1.128200 -3.800683 -5.058465 -7.751474 -5.897490 -3.644211 -3.631894 -1.814227 -4.807108 -3.940219 -0.639055 0.975358 0.410599 -0.748483 -5.842956 -6.571267 -4.492926 -4.196107 -1.895125 -0.097897 1.131010 3.557109 4.637622 -9999.0 -9999.0
-9999.0 -9999.0 -9999.0 -9999.0 -9999.0 -9999.0 -9999.0 -9999.0 -4.876013 -4.224072 -3.561146 -4.735431 -5.249147 -4.152090 -1.559685 -1.030014 -0.015227 0.535328 4.658423 3.231674 5.081100 3.257491 2.667319 3.183127 1.559745 2.084130 -0.006831 -1.473668 -5.630732 -4.900929 -5.729509 -4.035257 -3.132253 -2.706103 -2.788701 -2.604398 -0.036755 1.040681 -0.032982 -1.488345 -3.924336 -5.577173 -3.840912 -4.415435 -2.467066 -3.865030 -6.687482 -4.837008 -3.238114 -0.024422 1.942716 -0.023427 -5.120005 -5.729199 -3.078192 -1.562607 -0.008906 1.014599 3.152530 3.791673 4.180320 -9999.0 -9999.0
-9999.0 -9999.0 -9999.0 -9999.0 -9999.0 -9999.0 -9999.0 -9999.0 -7.571927 -3.636850 -1.092052 -6.592964 -4.259519 -2.229365 -0.467021 -0.009517 3.199093 4.438178 1.941874 4.986031 4.506383 4.923337 3.397783 2.817165 2.750810 0.313674 -0.080911 -2.238732 -3.233117 -1.334139 -1.758720 -0.971181 -0.055814 -0.918018 -0.577655 -1.934534 -0.019881 2.839666 0.001303 -0.224179 -3.289309 -3.643177 -4.113417 -4.466595 -4.606842 -5.469268 -3.823847 -4.731703 -4.554930 -1.966807 -0.021828 1.519887 -0.023488 -2.204400 -0.020666 0.251622 1.788623 3.587274 4.538946 3.953436 3.026166 1.775499 -9999.0
-9999.0 -9999.0 -9999.0 -9999.0 -9999.0 -9999.0 -9999.0 -9999.0 -7.489277 -4.009910 -2.797765 -1.804797 -0.614453 -0.107779 -0.023596 0.644418 0.554568 1.562386 0.027806 1.850754 3.967909 4.259732 4.548437 4.235284 0.736100 -0.017878 -1.342530 -0.339694 -0.036716 -0.234904 -0.445774 -0.023874 0.578938 -0.009522 -0.023313 -0.011615 0.760224 4.958508 4.455825 0.423811 -0.020076 -0.024544 -0.491677 -0.051031 -1.897367 -2.453814 -0.758289 -0.226073 -0.890630 -0.026850 0.011795 0.898376 1.268598 0.324474 0.948750 1.248785 1.979299 2.752137 3.360118 2.988186 3.049710 1.201000 -9999.0
-9999.0 -9999.0 -4.471917 -3.932478 -4.453803 -2.804393 -4.077109 -3.672148 -5.792661 -4.780364 -2.135567 -0.225277 -0.089564 -0.808892 -0.006715 0.230817 -0.025479 -1.447380 -1.133305 -0.016411 1.740073 4.464428 3.430672 5.466679 2.266781 1.026914 -0.019717 -0.015044 1.302963 -0.012126 -0.027278 -0.006239 1.164303 2.073347 1.965110 3.420454 4.221261 7.326348 6.324659 3.496919 1.949955 1.982463 2.748167 0.753939 -0.018179 -0.025684 0.017863 0.773158 0.746406 1.729005 2.399541 2.206528 1.667290 1.227852 1.175111 1.070237 1.781814 2.141217 1.735702 2.392892 0.047640 0.460638 -9999.0
-9999.0 -1.214051 -1.694198 -2.001458 -2.657537 -1.730680 -4.066861 -4.084984 -5.096349 -5.865227 -3.132441 -1.079637 -0.019921 -0.502563 -0.017738 -0.468203 -2.199374 -3.111744 -1.809701 -0.023310 1.478692 3.095226 1.368308 3.546834 1.991388 1.923284 0.280134 0.612239 2.254766 1.246756 1.000681 1.030158 2.521592 3.198442 4.755490 5.930362 7.506502 10.378655 7.582354 6.054274 5.251263 5.096654 4.393051 3.719441 2.454846 2.759746 2.484452 4.958827 3.912055 4.858530 3.007533 2.273285 1.540962 0.807445 0.750333 0.308598 0.267923 0.604273 0.020301 -0.016734 -0.004856 0.252302 -9999.0
-9999.0 -2.156863 -1.497500 -0.770304 -0.813384 -1.875133 -2.771700 -4.619271 -6.110726 -6.206970 -3.693734 -1.470462 -0.012215 -0.017097 -0.120197 -4.529736 -3.877184 -3.428919 -0.688389 -0.021432 -0.012111 1.137907 1.974009 1.113759 1.250133 1.939962 4.799691 4.104487 3.611423 5.541481 5.833247 5.548832 4.266699 5.154943 5.606279 7.998115 8.995601 10.018938 10.269303 9.538998 8.574517 7.664638 6.595239 7.277742 7.298591 7.089415 5.119449 4.937294 4.437204 3.775971 2.183020 1.238246 0.358981 1.014812 0.260690 -0.050176 -0.036835 -0.074806 -0.045142 -0.143687 -0.043365 -9999.0 -9999.0
