erum2020/resources/simulation/Vinschgau/output-maps/TsL0005N0512.asc
ncols         63
nrows         48
xllcorner     598000.000000
yllcorner     5145000.000000
cellsize      1000.000000
NODATA_value  -9999.0
[rows 0 to 27 of 48, columns 0 to 61 of 63]
-9999.0 -9999.0 -9999.0 -9999.0 -9999.0 -9999.0 -9999.0 -9999.0 -9999.0 -9999.0 -9999.0 -9999.0 -9999.0 -9999.0 -9999.0 -9999.0 -9999.0 -9999.0 -9999.0 -9999.0 -9999.0 -9999.0 -9999.0 -9999.0 -9999.0 -9999.0 -9999.0 -9999.0 -9999.0 -9999.0 -9999.0 -9999.0 -9999.0 -9999.0 -9999.0 -9999.0 -9999.0 -9999.0 -9999.0 -9999.0 -9999.0 -9999.0 -9999.0 -9999.0 -9999.0 -9999.0 -9999.0 -9999.0 -9999.0 -9999.0 -9999.0 -9999.0 -9999.0 -9999.0 -9999.0 -9999.0 -9999.0 -9999.0 -9999.0 -9999.0 -9999.0 -9999.0
-9999.0 -9999.0 -9999.0 -9999.0 -9999.0 -9999.0 -9999.0 -9999.0 -9999.0 -9999.0 -9999.0 -9999.0 -9999.0 -9999.0 -9999.0 -9999.0 -9999.0 -9999.0 -9999.0 -9999.0 -9999.0 -9999.0 -9999.0 -9999.0 -9999.0 -9999.0 -9999.0 22.478038 16.560672 16.616863 13.251717 15.602861 14.014104 -9999.0 -9999.0 -9999.0 -9999.0 -9999.0 -9999.0 -9999.0 -9999.0 -9999.0 -9999.0 -9999.0 -9999.0 -9999.0 -9999.0 -9999.0 -9999.0 -9999.0 -9999.0 -9999.0 -9999.0 -9999.0 -9999.0 -9999.0 -9999.0 -9999.0 -9999.0 -9999.0 -9999.0 -9999.0
-9999.0 -9999.0 -9999.0 -9999.0 -9999.0 -9999.0 -9999.0 -9999.0 -9999.0 -9999.0 -9999.0 -9999.0 -9999.0 -9999.0 -9999.0 -9999.0 -9999.0 -9999.0 -9999.0 -9999.0 -9999.0 -9999.0 -9999.0 -9999.0 17.165873 17.327061 16.708656 17.411245 15.631742 14.547035 14.507861 -9999.0 -9999.0 -9999.0 -9999.0 -9999.0 -9999.0 -9999.0 -9999.0 -9999.0 -9999.0 -9999.0 -9999.0 -9999.0 -9999.0 -9999.0 -9999.0 -9999.0 -9999.0 -9999.0 -9999.0 -9999.0 -9999.0 -9999.0 -9999.0 -9999.0 -9999.0 -9999.0 -9999.0 -9999.0 -9999.0 -9999.0
-9999.0 -9999.0 -9999.0 -9999.0 -9999.0 -9999.0 -9999.0 -9999.0 -9999.0 -9999.0 -9999.0 -9999.0 -9999.0 -9999.0 -9999.0 -9999.0 -9999.0 -9999.0 -9999.0 -9999.0 -9999.0 -9999.0 -9999.0 17.645382 18.090864 15.069864 15.203260 14.915298 11.523291 15.983314 15.011086 14.283546 -9999.0 -9999.0 -9999.0 -9999.0 -9999.0 -9999.0 -9999.0 -9999.0 -9999.0 -9999.0 -9999.0 -9999.0 -9999.0 -9999.0 -9999.0 -9999.0 -9999.0 -9999.0 -9999.0 -9999.0 -9999.0 -9999.0 -9999.0 -9999.0 -9999.0 -9999.0 -9999.0 -9999.0 -9999.0 -9999.0
-9999.0 -9999.0 -9999.0 -9999.0 -9999.0 -9999.0 -9999.0 -9999.0 -9999.0 -9999.0 -9999.0 -9999.0 -9999.0 -9999.0 -9999.0 -9999.0 -9999.0 -9999.0 17.310698 15.956409 -9999.0 17.613111 17.994040 14.415501 15.482794 17.699255 18.441127 17.821476 14.988164 13.912566 15.633697 14.769260 19.177255 16.828066 -9999.0 -9999.0 -9999.0 -9999.0 -9999.0 -9999.0 -9999.0 -9999.0 -9999.0 -9999.0 -9999.0 -9999.0 -9999.0 -9999.0 -9999.0 -9999.0 -9999.0 -9999.0 -9999.0 -9999.0 -9999.0 -9999.0 -9999.0 -9999.0 -9999.0 -9999.0 -9999.0 -9999.0
-9999.0 -9999.0 -9999.0 -9999.0 -9999.0 -9999.0 -9999.0 -9999.0 -9999.0 -9999.0 -9999.0 -9999.0 -9999.0 -9999.0 -9999.0 -9999.0 -9999.0 15.784454 12.917736 15.706571 21.129742 13.075907 14.188308 15.946232 19.422607 11.853978 10.197249 10.639113 10.076941 12.906669 14.982018 14.167214 16.622106 15.169393 14.090042 13.131814 -9999.0 -9999.0 -9999.0 -9999.0 -9999.0 -9999.0 -9999.0 -9999.0 -9999.0 -9999.0 -9999.0 -9999.0 -9999.0 -9999.0 -9999.0 -9999.0 -9999.0 -9999.0 -9999.0 -9999.0 -9999.0 -9999.0 -9999.0 -9999.0 -9999.0 -9999.0
-9999.0 -9999.0 -9999.0 -9999.0 -9999.0 -9999.0 -9999.0 -9999.0 -9999.0 -9999.0 -9999.0 -9999.0 -9999.0 17.948306 13.320216 13.396290 15.254427 30.802769 15.499888 14.374293 15.548695 16.661323 18.011233 18.917166 11.388769 15.699935 13.596270 10.187977 11.232040 11.561276 10.612102 13.363526 12.952162 12.134615 13.545386 14.682681 -9999.0 -9999.0 -9999.0 -9999.0 -9999.0 -9999.0 -9999.0 -9999.0 -9999.0 -9999.0 -9999.0 -9999.0 -9999.0 -9999.0 -9999.0 -9999.0 -9999.0 -9999.0 -9999.0 -9999.0 -9999.0 -9999.0 -9999.0 -9999.0 -9999.0 -9999.0
-9999.0 -9999.0 -9999.0 -9999.0 -9999.0 -9999.0 -9999.0 -9999.0 -9999.0 -9999.0 -9999.0 -9999.0 -9999.0 18.231451 14.349529 13.989867 13.991379 21.894006 29.951960 18.441756 14.924447 18.510508 13.060770 12.524053 12.265022 10.844348 14.892475 15.452747 21.502492 10.468986 9.016486 11.765414 13.624370 11.132644 12.968869 -9999.0 -9999.0 -9999.0 -9999.0 -9999.0 -9999.0 -9999.0 -9999.0 -9999.0 -9999.0 -9999.0 -9999.0 -9999.0 -9999.0 -9999.0 -9999.0 -9999.0 -9999.0 -9999.0 -9999.0 -9999.0 -9999.0 -9999.0 -9999.0 -9999.0 -9999.0 -9999.0
-9999.0 -9999.0 -9999.0 -9999.0 -9999.0 -9999.0 -9999.0 -9999.0 -9999.0 -9999.0 -9999.0 -9999.0 -9999.0 14.521268 17.219403 15.251011 13.198113 14.377401 31.189671 15.151349 18.718185 15.425511 9.887849 11.061440 13.178548 10.991954 16.562125 18.766611 15.407662 19.896706 11.509815 13.891447 11.049885 -0.120396 12.334645 -9999.0 -9999.0 -9999.0 -9999.0 -9999.0 -9999.0 -9999.0 -9999.0 -9999.0 -9999.0 -9999.0 -9999.0 -9999.0 -9999.0 -9999.0 -9999.0 -9999.0 -9999.0 -9999.0 -9999.0 -9999.0 -9999.0 -9999.0 -9999.0 -9999.0 -9999.0 -9999.0
-9999.0 -9999.0 -9999.0 -9999.0 -9999.0 -9999.0 -9999.0 -9999.0 -9999.0 -9999.0 -9999.0 -9999.0 13.863914 16.738699 13.556790 12.463195 10.818832 13.321152 23.493389 14.662173 14.556729 11.781551 11.122822 12.139230 11.312071 13.649151 9.878963 14.309205 13.680549 13.680230 10.548960 20.216370 11.163150 10.816938 -9999.0 -9999.0 -9999.0 -9999.0 -9999.0 -9999.0 -9999.0 -9999.0 -9999.0 -9999.0 -9999.0 -9999.0 -9999.0 -9999.0 -9999.0 -9999.0 -9999.0 -9999.0 -9999.0 -9999.0 -9999.0 -9999.0 -9999.0 -9999.0 -9999.0 -9999.0 -9999.0 -9999.0
-9999.0 -9999.0 -9999.0 -9999.0 -9999.0 -9999.0 -9999.0 -9999.0 -9999.0 -9999.0 -9999.0 15.620274 11.715435 11.591004 11.997287 16.968184 13.624553 12.471514 22.892755 14.738092 11.698140 12.038908 16.134183 17.083224 11.500575 13.931879 13.290887 16.513083 12.406886 14.212569 22.037702 15.009010 14.569810 17.461130 19.540377 15.643533 18.878941 22.137360 20.788742 -9999.0 -9999.0 -9999.0 21.325925 -9999.0 -9999.0 -9999.0 -9999.0 -9999.0 -9999.0 -9999.0 -9999.0 -9999.0 -9999.0 -9999.0 -9999.0 -9999.0 -9999.0 -9999.0 -9999.0 -9999.0 -9999.0 -9999.0
-9999.0 -9999.0 -9999.0 -9999.0 -9999.0 -9999.0 -9999.0 -9999.0 -9999.0 -9999.0 -9999.0 13.271611 11.289585 11.724850 12.052474 16.462318 13.853208 14.096092 23.094350 17.534025 17.244582 16.974106 14.948009 9.375514 9.456001 15.467822 17.058931 15.775560 15.780086 15.812986 14.817892 12.880942 13.851876 12.951270 15.031556 15.750606 23.094493 25.079085 22.208523 19.852543 20.563534 22.062055 15.637037 19.907759 -9999.0 -9999.0 -9999.0 13.674110 15.204724 17.225573 14.289250 20.324945 19.378251 14.171278 13.539132 16.959190 -9999.0 -9999.0 -9999.0 -9999.0 -9999.0 -9999.0
-9999.0 -9999.0 -9999.0 -9999.0 -9999.0 -9999.0 -9999.0 -9999.0 -9999.0 -9999.0 -9999.0 14.537316 16.961783 10.746923 14.627909 17.503721 10.947151 10.609007 18.446892 19.229985 10.304953 11.420948 10.370395 16.596281 15.644392 24.082908 10.718942 9.354149 17.619313 13.718002 22.230701 9.466287 13.485679 12.439963 22.004075 18.536331 14.676579 14.527158 25.122875 21.578559 22.285090 18.116815 16.418366 15.551742 13.900146 -9999.0 20.242670 14.204185 15.180842 15.785509 16.222857 18.206316 15.709105 15.247137 15.728975 14.868053 -9999.0 -9999.0 -9999.0 -9999.0 -9999.0 -9999.0
-9999.0 -9999.0 -9999.0 -9999.0 -9999.0 -9999.0 -9999.0 -9999.0 -9999.0 -9999.0 -9999.0 -9999.0 15.044557 9.348808 16.579242 17.648768 9.489281 11.228914 20.314149 19.268867 11.138125 12.316258 11.979564 10.556871 8.891831 11.186678 15.619106 13.870309 13.747984 22.413489 16.769756 9.819979 15.917580 14.375794 14.740571 17.403557 13.796224 16.526300 25.344144 21.215089 26.425157 26.343283 11.383358 16.584095 20.232085 15.165518 21.679140 15.945711 9.832332 11.310393 12.683963 10.356223 11.279438 10.079852 0.585977 14.344631 14.808118 -9999.0 -9999.0 -9999.0 -9999.0 -9999.0
-9999.0 -9999.0 -9999.0 -9999.0 -9999.0 -9999.0 -9999.0 -9999.0 -9999.0 -9999.0 -9999.0 8.458623 16.469107 15.968020 10.612121 10.714710 11.745439 10.508457 20.262156 13.417944 11.639041 10.959667 11.761773 10.457045 11.457909 12.323150 10.140539 14.449043 16.885387 23.260646 10.312857 10.734384 14.448064 13.439470 14.471047 15.959853 22.008989 15.503719 16.434358 26.987782 15.981852 16.364910 14.020329 12.863417 16.935380 14.382894 15.373165 18.118295 19.303760 13.781841 9.982391 15.033490 0.463483 0.930902 1.462890 18.516082 16.995050 -9999.0 -9999.0 -9999.0 -9999.0 -9999.0
-9999.0 -9999.0 -9999.0 -9999.0 -9999.0 -9999.0 -9999.0 -9999.0 -9999.0 -9999.0 16.845022 10.346535 16.902651 17.819539 18.571433 11.996788 11.426235 10.802869 13.775200 13.909054 18.204142 16.247616 10.395404 19.664388 12.734205 11.166878 9.927971 10.610919 18.314256 18.260885 11.833649 10.432066 13.505517 12.638838 15.475466 22.402023 18.935791 14.158710 12.684847 15.636460 16.905035 18.210749 27.749732 12.105799 11.634174 19.353768 16.443417 11.432266 12.090146 11.955880 9.679144 15.550593 1.169784 15.601617 19.572034 16.315008 14.635950 -9999.0 -9999.0 -9999.0 -9999.0 -9999.0
-9999.0 -9999.0 -9999.0 -9999.0 -9999.0 -9999.0 -9999.0 -9999.0 -9999.0 15.209713 16.058881 10.759439 11.151496 9.417663 11.166051 10.787784 11.192040 20.399535 13.451552 14.692621 18.281048 12.599972 12.077167 14.644872 12.885524 9.431295 9.095764 18.917515 12.311944 12.645773 12.666670 8.152119 17.162669 17.630571 21.732523 21.883037 14.234237 10.275197 11.534782 12.174466 12.382157 11.681838 11.769445 14.685920 12.389931 12.191466 18.342634 11.644251 12.291654 12.778415 10.210541 15.097759 9.912854 20.244310 18.101355 0.724560 0.632707 20.827428 19.819956 -9999.0 -9999.0 -9999.0
-9999.0 -9999.0 -9999.0 -9999.0 -9999.0 -9999.0 -9999.0 -9999.0 -9999.0 14.252498 15.214028 16.407478 18.970254 12.293742 11.459705 11.523649 19.590962 14.067822 14.079598 23.049717 21.893304 21.725263 18.451109 16.675554 10.288536 11.859207 11.937484 13.566523 14.936620 16.677108 14.731961 8.085617 13.448012 13.877993 14.400309 22.297114 23.169554 24.174649 16.859396 15.976466 10.301536 10.904321 13.367730 14.235851 13.397928 15.394308 14.856352 14.209280 13.935379 12.813934 8.690177 0.507003 14.323318 14.188276 17.552124 0.627151 11.892310 11.959550 21.637567 -9999.0 -9999.0 -9999.0
-9999.0 -9999.0 -9999.0 -9999.0 -9999.0 -9999.0 -9999.0 -9999.0 -9999.0 -9999.0 15.835338 16.760822 12.056211 10.370866 12.605918 11.342267 13.314692 14.974005 14.893937 17.570561 20.882743 13.154619 11.342327 10.888897 12.231690 13.796044 14.776188 14.723895 15.215248 9.312692 8.907774 9.534904 7.804400 15.441808 15.569532 16.156577 18.026287 15.378657 19.309069 14.620568 15.673482 18.886185 17.716281 12.011335 10.532688 11.352244 11.994733 19.409354 15.353035 13.227871 9.875946 10.777048 15.042815 15.722397 13.904703 15.736397 17.011528 14.382656 14.397115 14.924618 -9999.0 -9999.0
-9999.0 -9999.0 -9999.0 -9999.0 -9999.0 -9999.0 -9999.0 -9999.0 -9999.0 -9999.0 15.607685 16.120574 16.631564 12.738168 20.523017 12.198663 12.205110 14.082218 16.817032 17.513045 14.943067 13.033338 11.528800 12.569833 13.742815 15.712812 15.722696 12.040674 9.452148 7.900630 16.147404 16.199241 9.487275 13.465959 16.318742 15.406851 11.300081 10.503177 8.663930 14.153160 15.313267 19.042897 9.924992 17.106788 17.715930 10.465676 12.251254 11.265290 13.192215 15.753403 13.394849 11.319963 0.503454 16.464551 16.399843 20.788265 16.870927 13.675968 14.989549 16.725134 -9999.0 -9999.0
-9999.0 -9999.0 -9999.0 -9999.0 -9999.0 -9999.0 -9999.0 -9999.0 15.718167 16.824009 18.268445 16.620902 11.447674 11.750984 11.075012 13.736582 14.497585 23.707106 18.904249 18.478139 16.625293 15.448085 14.573747 13.395469 15.412103 15.570510 17.951692 10.793327 10.649211 8.435102 20.897114 15.121864 14.885006 16.169884 15.185123 15.627445 18.448196 10.484463 7.325222 19.072243 17.779430 15.666484 9.297230 21.599811 25.072054 17.416443 8.850954 11.855784 11.752821 16.353237 14.115382 11.593274 11.080761 8.862013 22.052248 16.929745 23.950644 20.993508 16.552183 16.638500 -9999.0 -9999.0
-9999.0 -9999.0 -9999.0 -9999.0 -9999.0 -9999.0 -9999.0 -9999.0 12.423470 11.564306 0.538387 17.158027 18.023098 12.742239 11.267808 12.259478 13.414348 14.213288 16.925421 19.391546 27.862124 24.520245 22.187701 21.321599 15.840814 15.217917 12.997922 12.029128 10.241939 16.075638 16.506096 22.936714 14.651049 22.695045 15.332318 16.657599 17.759536 11.465243 9.840781 15.370156 14.951053 15.230919 21.631002 17.500243 17.303248 10.283993 0.542420 17.543886 12.669858 13.528933 15.929927 13.341599 10.365514 18.050561 19.648145 15.524850 14.338630 15.512481 17.683537 20.029150 20.792817 -9999.0
-9999.0 -9999.0 -9999.0 -9999.0 -9999.0 -9999.0 -9999.0 -9999.0 16.022675 17.941476 15.451997 0.632235 17.892530 0.604333 13.067967 11.868117 13.325326 17.155225 17.516839 27.567180 19.590201 25.733181 25.095925 18.578501 22.892049 13.771891 12.093025 10.180882 10.306546 16.281430 23.928449 17.042883 8.696530 9.654312 16.144179 17.233328 11.463685 11.944309 9.243139 9.075313 14.131307 22.265155 15.457053 15.856671 8.736041 14.778930 20.669193 17.956802 11.277314 12.813441 15.763216 15.095975 11.465075 11.581671 15.318724 16.018174 16.938912 17.759563 19.138721 19.261352 19.915682 -9999.0
-9999.0 -9999.0 -9999.0 -9999.0 -9999.0 -9999.0 -9999.0 -9999.0 18.757260 17.703356 12.455890 11.141440 17.969035 11.410238 12.682878 13.379774 15.706561 17.242158 20.930438 17.345974 19.175945 19.680631 25.893846 24.403115 15.379002 12.967980 11.376876 10.055155 19.061759 12.292906 11.490645 11.293830 12.685419 11.764106 9.622370 18.109360 19.432367 13.032096 10.147674 9.177402 15.015658 15.902716 15.586612 22.134742 16.434524 23.392487 18.148513 19.300878 18.653598 13.341100 13.941866 16.654704 16.301695 15.865644 17.441371 18.005961 18.827028 17.368131 18.399716 19.759897 17.830801 15.443830
-9999.0 -9999.0 -9999.0 -9999.0 -9999.0 -9999.0 -9999.0 -9999.0 17.527498 17.748640 13.982118 12.222147 13.319585 13.808328 20.270608 17.116195 19.565796 14.462138 13.090724 14.641641 16.954933 19.607705 19.728804 19.572897 21.484297 12.878524 10.782919 13.486019 13.989121 13.011619 10.506000 13.210593 14.534721 12.588891 11.485892 12.463936 13.668442 14.143662 12.998349 12.405769 11.522944 12.052882 12.536280 11.614074 9.219915 18.577902 12.069156 13.447766 13.653304 15.480174 16.963426 16.418878 17.045949 18.565988 18.996128 18.840610 19.481561 19.617436 18.716006 18.053314 16.153901 15.235265
-9999.0 -9999.0 18.386131 17.239414 11.265192 0.588067 11.616107 0.546646 16.582650 17.318199 13.729947 13.821132 14.401853 17.150398 23.401934 16.186572 13.097552 11.524160 13.180604 13.090909 15.159594 17.165545 18.948236 18.677662 17.610383 14.705741 13.119511 13.067728 13.218284 17.585507 11.479715 11.469048 19.452487 12.187471 14.294430 13.071478 15.794568 15.178268 14.022943 12.092457 14.077088 14.281880 12.647599 13.622508 11.064206 13.402062 14.488515 12.792782 15.863343 17.361030 19.341086 19.699985 19.350175 19.398508 19.295135 25.595389 18.325766 17.981239 17.286646 15.826307 19.315467 14.669724
-9999.0 11.895135 11.561473 11.499047 11.992363 12.575153 11.533567 0.531598 0.569340 16.700331 12.451568 13.427675 15.486391 21.611237 20.602769 13.741628 12.797597 11.777538 13.127558 13.347354 15.711712 15.277773 21.215890 17.548535 24.934048 18.012558 22.798678 23.577464 16.086504 15.072636 16.138818 15.725678 15.591622 20.234397 16.425559 17.511759 18.321402 17.011601 17.542825 16.558109 16.625473 16.496119 15.945976 13.044403 13.445194 13.935960 16.174608 15.304126 18.167604 17.696132 18.797539 18.690923 17.945208 17.907131 17.830137 17.109085 15.174549 15.042189 15.842496 18.540925 13.833662 14.613012
-9999.0 17.620001 13.025500 13.003252 18.136221 12.611182 9.733052 0.577527 17.622356 18.965091 12.631528 13.457385 15.733668 21.298897 14.746146 12.260896 11.526205 12.735765 14.008869 13.026135 19.048032 14.848558 16.068930 17.830959 25.964267 27.806121 18.483968 19.488397 18.285681 16.831522 17.960347 17.177170 16.618372 16.907163 21.486801 18.453007 26.856291 26.783656 19.600615 19.556101 18.692081 18.091443 17.470634 16.548074 17.960770 18.110703 19.094188 19.089850 18.471697 18.523606 16.755771 14.898804 14.972885 15.875497 15.292791 13.744251 14.088401 13.215578 13.155875 12.900508 13.290186 -9999.0
