erum2020/resources/simulation/Vinschgau/output-maps/TsL0007N0807.asc
ncols         63
nrows         48
xllcorner     598000.000000
yllcorner     5145000.000000
cellsize      1000.000000
NODATA_value  -9999.0
[rows 0 to 27 of 48, columns 0 to 62 of 63]
-9999.0 -9999.0 -9999.0 -9999.0 -9999.0 -9999.0 -9999.0 -9999.0 -9999.0 -9999.0 -9999.0 -9999.0 -9999.0 -9999.0 -9999.0 -9999.0 -9999.0 -9999.0 -9999.0 -9999.0 -9999.0 -9999.0 -9999.0 -9999.0 -9999.0 -9999.0 -9999.0 -9999.0 -9999.0 -9999.0 -9999.0 -9999.0 -9999.0 -9999.0 -9999.0 -9999.0 -9999.0 -9999.0 -9999.0 -9999.0 -9999.0 -9999.0 -9999.0 -9999.0 -9999.0 -9999.0 -9999.0 -9999.0 -9999.0 -9999.0 -9999.0 -9999.0 -9999.0 -9999.0 -9999.0 -9999.0 -9999.0 -9999.0 -9999.0 -9999.0 -9999.0 -9999.0 -9999.0
-9999.0 -9999.0 -9999.0 -9999.0 -9999.0 -9999.0 -9999.0 -9999.0 -9999.0 -9999.0 -9999.0 -9999.0 -9999.0 -9999.0 -9999.0 -9999.0 -9999.0 -9999.0 -9999.0 -9999.0 -9999.0 -9999.0 -9999.0 -9999.0 -9999.0 -9999.0 -9999.0 -4.526864 -1.432242 -4.164147 -3.906588 -4.671966 -5.176596 -9999.0 -9999.0 -9999.0 -9999.0 -9999.0 -9999.0 -9999.0 -9999.0 -9999.0 -9999.0 -9999.0 -9999.0 -9999.0 -9999.0 -9999.0 -9999.0 -9999.0 -9999.0 -9999.0 -9999.0 -9999.0 -9999.0 -9999.0 -9999.0 -9999.0 -9999.0 -9999.0 -9999.0 -9999.0 -9999.0
-9999.0 -9999.0 -9999.0 -9999.0 -9999.0 -9999.0 -9999.0 -9999.0 -9999.0 -9999.0 -9999.0 -9999.0 -9999.0 -9999.0 -9999.0 -9999.0 -9999.0 -9999.0 -9999.0 -9999.0 -9999.0 -9999.0 -9999.0 -9999.0 -0.009096 -0.002363 -0.000830 -0.003365 -1.630006 -2.659146 -3.538075 -9999.0 -9999.0 -9999.0 -9999.0 -9999.0 -9999.0 -9999.0 -9999.0 -9999.0 -9999.0 -9999.0 -9999.0 -9999.0 -9999.0 -9999.0 -9999.0 -9999.0 -9999.0 -9999.0 -9999.0 -9999.0 -9999.0 -9999.0 -9999.0 -9999.0 -9999.0 -9999.0 -9999.0 -9999.0 -9999.0 -9999.0 -9999.0
-9999.0 -9999.0 -9999.0 -9999.0 -9999.0 -9999.0 -9999.0 -9999.0 -9999.0 -9999.0 -9999.0 -9999.0 -9999.0 -9999.0 -9999.0 -9999.0 -9999.0 -9999.0 -9999.0 -9999.0 -9999.0 -9999.0 -9999.0 -0.001989 -0.000257 0.258938 0.593637 0.808925 -0.001083 -0.967126 -2.917751 -4.287119 -9999.0 -9999.0 -9999.0 -9999.0 -9999.0 -9999.0 -9999.0 -9999.0 -9999.0 -9999.0 -9999.0 -9999.0 -9999.0 -9999.0 -9999.0 -9999.0 -9999.0 -9999.0 -9999.0 -9999.0 -9999.0 -9999.0 -9999.0 -9999.0 -9999.0 -9999.0 -9999.0 -9999.0 -9999.0 -9999.0 -9999.0
-9999.0 -9999.0 -9999.0 -9999.0 -9999.0 -9999.0 -9999.0 -9999.0 -9999.0 -9999.0 -9999.0 -9999.0 -9999.0 -9999.0 -9999.0 -9999.0 -9999.0 -9999.0 0.188043 -0.000403 -9999.0 -0.000996 -0.000270 0.031174 0.233912 1.133448 0.096450 0.081199 0.151768 0.008295 -1.091431 -2.772582 -5.674375 -7.649500 -9999.0 -9999.0 -9999.0 -9999.0 -9999.0 -9999.0 -9999.0 -9999.0 -9999.0 -9999.0 -9999.0 -9999.0 -9999.0 -9999.0 -9999.0 -9999.0 -9999.0 -9999.0 -9999.0 -9999.0 -9999.0 -9999.0 -9999.0 -9999.0 -9999.0 -9999.0 -9999.0 -9999.0 -9999.0
-9999.0 -9999.0 -9999.0 -9999.0 -9999.0 -9999.0 -9999.0 -9999.0 -9999.0 -9999.0 -9999.0 -9999.0 -9999.0 -9999.0 -9999.0 -9999.0 -9999.0 4.056488 2.102175 1.253371 -0.949982 0.009994 0.007092 0.001745 0.188695 0.000958 -0.001666 -0.001616 -0.001708 0.016018 -0.004399 -3.120786 -4.064839 -4.569299 -6.445183 -7.646262 -9999.0 -9999.0 -9999.0 -9999.0 -9999.0 -9999.0 -9999.0 -9999.0 -9999.0 -9999.0 -9999.0 -9999.0 -9999.0 -9999.0 -9999.0 -9999.0 -9999.0 -9999.0 -9999.0 -9999.0 -9999.0 -9999.0 -9999.0 -9999.0 -9999.0 -9999.0 -9999.0
-9999.0 -9999.0 -9999.0 -9999.0 -9999.0 -9999.0 -9999.0 -9999.0 -9999.0 -9999.0 -9999.0 -9999.0 -9999.0 -0.001028 0.021081 1.810865 3.578735 3.934364 3.631554 0.205426 0.122868 0.047927 0.319332 0.118147 0.000283 -0.000337 -0.884746 -0.668281 -0.006076 0.000968 -0.001133 -1.421420 -4.223344 -5.147401 -5.756397 -7.855423 -9999.0 -9999.0 -9999.0 -9999.0 -9999.0 -9999.0 -9999.0 -9999.0 -9999.0 -9999.0 -9999.0 -9999.0 -9999.0 -9999.0 -9999.0 -9999.0 -9999.0 -9999.0 -9999.0 -9999.0 -9999.0 -9999.0 -9999.0 -9999.0 -9999.0 -9999.0 -9999.0
-9999.0 -9999.0 -9999.0 -9999.0 -9999.0 -9999.0 -9999.0 -9999.0 -9999.0 -9999.0 -9999.0 -9999.0 -9999.0 0.006129 1.159260 2.516973 2.820647 3.064391 3.984360 1.591374 2.407510 0.739185 0.904046 0.003681 0.001985 -0.001829 -1.437356 -4.255317 -5.291296 -0.722492 -0.549486 -3.457029 -5.701248 -9.307124 -7.260258 -9999.0 -9999.0 -9999.0 -9999.0 -9999.0 -9999.0 -9999.0 -9999.0 -9999.0 -9999.0 -9999.0 -9999.0 -9999.0 -9999.0 -9999.0 -9999.0 -9999.0 -9999.0 -9999.0 -9999.0 -9999.0 -9999.0 -9999.0 -9999.0 -9999.0 -9999.0 -9999.0 -9999.0
-9999.0 -9999.0 -9999.0 -9999.0 -9999.0 -9999.0 -9999.0 -9999.0 -9999.0 -9999.0 -9999.0 -9999.0 -9999.0 0.746315 0.759690 1.927455 2.102508 3.068138 4.256796 3.480340 1.021574 0.008152 -0.001297 -0.000986 0.009539 -0.000911 -2.768968 -5.587203 -4.126817 -8.234974 -4.280601 -9.661102 -10.105654 -10.046721 -8.320138 -9999.0 -9999.0 -9999.0 -9999.0 -9999.0 -9999.0 -9999.0 -9999.0 -9999.0 -9999.0 -9999.0 -9999.0 -9999.0 -9999.0 -9999.0 -9999.0 -9999.0 -9999.0 -9999.0 -9999.0 -9999.0 -9999.0 -9999.0 -9999.0 -9999.0 -9999.0 -9999.0 -9999.0
-9999.0 -9999.0 -9999.0 -9999.0 -9999.0 -9999.0 -9999.0 -9999.0 -9999.0 -9999.0 -9999.0 -9999.0 0.009289 0.181479 1.328999 0.025722 0.519152 2.367595 3.635266 2.252991 0.083790 0.000871 -0.054345 -0.000992 -0.002953 -1.582436 -1.409527 -3.592596 -4.000287 -5.961159 -9.416502 -6.031373 -6.215375 -8.553900 -9999.0 -9999.0 -9999.0 -9999.0 -9999.0 -9999.0 -9999.0 -9999.0 -9999.0 -9999.0 -9999.0 -9999.0 -9999.0 -9999.0 -9999.0 -9999.0 -9999.0 -9999.0 -9999.0 -9999.0 -9999.0 -9999.0 -9999.0 -9999.0 -9999.0 -9999.0 -9999.0 -9999.0 -9999.0
-9999.0 -9999.0 -9999.0 -9999.0 -9999.0 -9999.0 -9999.0 -9999.0 -9999.0 -9999.0 -9999.0 -0.000284 0.460072 0.726792 0.569950 0.012780 1.008977 2.295850 3.725079 1.693644 0.822842 0.063141 -0.007052 -1.275176 -1.035585 -1.498498 -4.927159 -2.111911 -1.813909 -7.461704 -6.227353 -3.893694 -5.762210 -7.044567 -6.399126 -5.539189 -4.023205 -2.599759 -2.379684 -9999.0 -9999.0 -9999.0 -7.150567 -9999.0 -9999.0 -9999.0 -9999.0 -9999.0 -9999.0 -9999.0 -9999.0 -9999.0 -9999.0 -9999.0 -9999.0 -9999.0 -9999.0 -9999.0 -9999.0 -9999.0 -9999.0 -9999.0 -9999.0
-9999.0 -9999.0 -9999.0 -9999.0 -9999.0 -9999.0 -9999.0 -9999.0 -9999.0 -9999.0 -9999.0 -0.000352 0.792161 1.697518 1.858601 -0.001341 3.006727 2.930254 3.877912 2.562856 1.068681 0.002217 -0.000942 -1.105604 -1.212409 -2.013807 -2.063579 -2.535562 -4.330983 -7.071107 -3.162817 -1.773481 -4.127616 -5.513093 -6.042266 -3.353851 -1.012073 -0.903496 -1.753122 -6.620379 -6.584734 -7.113972 -3.573775 -5.690706 -9999.0 -9999.0 -9999.0 -3.069097 -6.424726 -6.283530 -5.379844 -7.258841 -7.521911 -2.909699 -2.757918 -8.012818 -9999.0 -9999.0 -9999.0 -9999.0 -9999.0 -9999.0 -9999.0
-9999.0 -9999.0 -9999.0 -9999.0 -9999.0 -9999.0 -9999.0 -9999.0 -9999.0 -9999.0 -9999.0 -0.003663 -0.000358 -0.011556 0.029550 0.002643 0.013575 2.321084 2.792967 2.713843 1.295207 -0.000154 -0.001219 -0.641917 -2.226990 -4.242965 -0.003462 -1.480865 -4.799124 -5.745984 -5.237870 -3.883083 -1.450695 -4.983049 -5.747984 -3.626508 -1.510420 -1.682074 -0.648904 -4.856844 -1.519526 -4.334474 -2.705177 -1.778002 -5.047479 -9999.0 -8.442148 -5.286550 -3.386107 -2.103290 -1.707490 -3.456887 -2.903488 -3.196679 -4.319604 -4.914133 -9999.0 -9999.0 -9999.0 -9999.0 -9999.0 -9999.0 -9999.0
-9999.0 -9999.0 -9999.0 -9999.0 -9999.0 -9999.0 -9999.0 -9999.0 -9999.0 -9999.0 -9999.0 -9999.0 -0.000436 -0.001531 0.003256 0.003563 -0.000671 1.631676 3.143491 2.702047 1.002007 -0.001111 -0.349445 -0.002453 -1.268817 -0.002484 -0.001161 -2.123325 -3.725357 -5.622223 -2.394430 -2.183645 -1.181084 -3.969900 -4.769443 -2.633703 -0.691166 -0.135158 0.148056 -1.093549 -0.766086 -1.846884 -2.862923 -0.001197 -5.212146 -5.285428 -6.682249 -5.001806 -3.270353 -0.571626 0.008347 -1.585903 -0.015968 -1.811821 -4.430139 -3.845047 -3.982291 -9999.0 -9999.0 -9999.0 -9999.0 -9999.0 -9999.0
-9999.0 -9999.0 -9999.0 -9999.0 -9999.0 -9999.0 -9999.0 -9999.0 -9999.0 -9999.0 -9999.0 -0.002189 -0.006188 -0.116564 -0.002049 -0.001060 0.003997 0.919783 2.575810 3.033642 1.233493 -0.001202 -0.000895 -0.825592 -0.001308 -0.905080 -0.002310 -3.728674 -3.647939 -3.962436 -0.159669 -1.306977 -1.444999 -3.774424 -6.169428 -3.482109 -2.636744 -0.442134 0.113448 -0.016361 -0.461050 -0.004635 -0.004976 -0.513317 -0.001249 -3.066965 -4.329644 -3.921856 -2.856685 -0.052621 -3.990179 -3.633548 -5.290161 -6.690640 -7.991973 -7.997870 -5.964249 -9999.0 -9999.0 -9999.0 -9999.0 -9999.0 -9999.0
-9999.0 -9999.0 -9999.0 -9999.0 -9999.0 -9999.0 -9999.0 -9999.0 -9999.0 -9999.0 -0.002791 -0.001112 -0.000594 -0.000525 0.001228 -0.000184 -0.000218 0.000020 2.423214 2.701505 1.244962 0.212927 -0.245779 -0.000199 0.002367 -0.003301 -1.102656 -4.920719 -1.188506 -0.699901 -0.940149 -0.885531 -0.846928 -3.981697 -8.048145 -5.212917 -1.125430 -0.653303 -0.021228 0.001695 0.000382 0.149290 0.865559 0.286219 -0.001272 -3.617323 -1.298191 -1.164181 -0.960711 -0.000689 -4.967903 -6.532036 -8.543278 -9.027724 -9.542973 -4.134431 -4.684344 -9999.0 -9999.0 -9999.0 -9999.0 -9999.0 -9999.0
-9999.0 -9999.0 -9999.0 -9999.0 -9999.0 -9999.0 -9999.0 -9999.0 -9999.0 -1.833104 -0.006787 -0.006000 -0.021085 -0.001181 -0.003137 -0.001018 -0.000990 0.027608 2.102236 3.143062 1.582016 0.004153 -0.000292 0.012660 0.020071 -1.577071 -1.365959 -0.009799 -0.006878 -0.000530 0.000280 -1.800019 -4.951201 -7.945856 -6.868818 -5.304503 -3.304356 -3.233107 -0.718407 -0.002009 -0.009936 -0.001792 -0.003862 0.871140 0.257714 -0.000733 0.002314 -0.607186 -0.596760 0.041531 -2.780634 -6.013545 -9.761689 -8.929043 -7.205944 -6.221479 -4.219839 -5.376063 -6.748731 -9999.0 -9999.0 -9999.0 -9999.0
-9999.0 -9999.0 -9999.0 -9999.0 -9999.0 -9999.0 -9999.0 -9999.0 -9999.0 -4.902532 -4.722249 -0.862945 0.029513 0.001134 -0.000539 -0.001259 0.002205 0.010183 2.644350 2.641234 2.259910 1.191690 0.295660 0.007655 -1.157652 -0.003376 -0.001227 0.003182 0.002361 0.011044 -0.000666 -2.187777 -2.963661 -4.865060 -3.712894 -5.101876 -4.562493 -3.107504 -2.060975 -0.669550 -0.003489 -1.061097 -0.002181 0.003382 1.564429 0.850024 0.491004 0.000728 -0.001160 0.000965 -3.040215 -5.971781 -8.489850 -7.424302 -6.508485 -3.518909 -4.813609 -2.400726 -4.134937 -9999.0 -9999.0 -9999.0 -9999.0
-9999.0 -9999.0 -9999.0 -9999.0 -9999.0 -9999.0 -9999.0 -9999.0 -9999.0 -9999.0 -2.903592 -1.001537 -0.000876 0.008245 0.001505 -0.000110 0.002600 0.346706 3.349584 3.083975 2.170297 1.234752 0.000267 -0.001052 -0.001428 0.001141 0.000360 0.012456 -0.000054 -1.530353 -2.079768 -0.013722 -4.258823 -4.415471 -3.472247 -1.447567 -0.000678 -0.000318 -4.522485 -3.212904 -3.432590 -0.000857 -0.000017 -0.000882 -0.000837 0.000811 0.344206 0.724736 1.182523 -0.000248 -1.999557 -3.285288 -7.291498 -8.271900 -7.473242 -5.421587 -2.558369 -0.006534 -0.931449 0.002402 -9999.0 -9999.0 -9999.0
-9999.0 -9999.0 -9999.0 -9999.0 -9999.0 -9999.0 -9999.0 -9999.0 -9999.0 -9999.0 -3.906909 -1.281516 -0.001457 -0.003236 0.290077 0.001697 0.001435 1.432429 3.850045 3.752846 2.520784 0.191238 -0.000021 -0.001022 0.000626 0.016162 0.569935 -0.001757 -1.364119 -3.815455 -2.970380 -1.584781 -4.587951 -5.140906 -2.397550 -1.253787 -0.002416 -0.003281 -2.230969 -3.947941 -2.421782 -2.453607 -1.427403 -1.013790 -0.001299 -0.365905 -0.000765 -0.000954 1.530903 0.917561 -0.002231 -2.325964 -4.364538 -6.841236 -8.893482 -8.042444 -5.304236 -0.651635 0.673884 0.770239 -9999.0 -9999.0 -9999.0
-9999.0 -9999.0 -9999.0 -9999.0 -9999.0 -9999.0 -9999.0 -9999.0 -0.793097 -1.931170 -4.348259 -1.037052 -1.415709 -1.357732 -0.269567 0.958106 1.648611 2.072020 3.823459 4.327606 4.332320 2.614351 1.620806 0.003608 0.010540 1.364555 0.121689 -0.012976 -0.942941 -4.100501 -8.380318 -3.381908 -2.662439 -4.647799 -3.637453 -1.901275 -0.000591 -0.000972 -2.677920 -5.219258 -4.031155 -0.968754 -4.008013 -4.920812 -1.917425 -0.000911 -2.488920 -0.000833 -0.001056 1.406574 -0.001636 -1.052322 -2.798397 -6.518274 -7.576646 -4.362539 -5.024975 -0.000231 0.000205 2.439074 -9999.0 -9999.0 -9999.0
-9999.0 -9999.0 -9999.0 -9999.0 -9999.0 -9999.0 -9999.0 -9999.0 -3.434256 -0.811920 -3.276068 -4.047553 -1.417777 -1.113596 -0.002367 -0.000141 0.657672 1.198450 4.348271 4.807552 4.633941 3.795572 2.270746 0.888100 2.002455 2.143705 0.222322 -0.000949 -4.117577 -3.660832 -4.777895 -4.681204 -4.235723 -4.521534 -1.101430 -0.003552 -0.000580 -0.000818 -0.364111 -1.114731 -2.799188 -6.910046 -4.484619 -1.061619 -0.005404 -0.005735 -4.362693 -1.184283 -0.001999 0.856727 0.743650 -0.000872 -3.638516 -4.787833 -1.462226 -3.008703 -0.698496 -0.001389 1.420460 4.066590 4.987742 -9999.0 -9999.0
-9999.0 -9999.0 -9999.0 -9999.0 -9999.0 -9999.0 -9999.0 -9999.0 -2.644005 -1.370797 -1.139343 -4.107899 -1.756602 -3.602439 -0.001100 -0.795916 -0.000060 0.842684 4.488732 4.758414 5.257013 4.648144 3.810542 3.410968 2.614416 1.840731 0.003990 -0.453240 -4.660024 -2.148547 -4.046907 -0.916519 -1.090628 -1.689986 -0.003259 -0.000964 -0.088215 1.112139 -0.001777 -0.486704 -1.162913 -3.963256 -1.072963 -1.441117 -0.824600 -1.104383 -5.135632 -1.443630 -1.142635 -0.000375 1.913408 -0.001186 -2.574594 -3.502514 -1.002058 -0.000784 0.007481 1.322653 3.355527 3.813883 4.636222 -9999.0 -9999.0
-9999.0 -9999.0 -9999.0 -9999.0 -9999.0 -9999.0 -9999.0 -9999.0 -6.253733 -1.071072 -0.007408 -4.551515 -1.870119 -0.007881 -0.381277 0.001047 2.670569 4.154593 2.950178 4.979892 4.648100 5.120179 4.721839 4.252767 2.594457 0.280848 -0.000778 -2.107113 -0.000744 -0.431461 -0.598033 -0.297926 -0.033682 -0.000839 -0.215468 -0.001295 0.021494 2.590910 0.003033 -0.001480 -0.896455 -0.308804 -0.824024 -1.918506 -1.331076 -3.774638 -1.167081 -2.874519 -1.419227 -0.700991 -0.001065 1.523304 0.000020 0.009759 0.012562 0.488433 1.952623 3.103216 4.341940 4.412493 3.342616 1.735098 -9999.0
-9999.0 -9999.0 -9999.0 -9999.0 -9999.0 -9999.0 -9999.0 -9999.0 -5.300651 -1.157580 -0.006153 -1.691883 -2.185649 -0.726770 0.021516 1.005097 1.529791 1.379912 0.006128 1.570183 3.865472 4.554107 4.774665 4.487893 1.633220 0.002928 -0.003937 0.000673 0.006495 -0.000927 -0.001098 0.000105 0.450362 0.008869 0.002716 0.012537 1.068852 4.348114 3.687004 0.746154 0.003972 0.001968 0.000511 0.001066 -0.650822 -0.001378 -0.002269 -0.407297 -0.001741 -0.000793 0.247462 0.932334 1.292469 0.629300 1.275153 1.813226 2.588188 3.277635 3.689931 3.201926 2.788210 1.133094 -9999.0
-9999.0 -9999.0 -1.660256 -0.605866 -1.693951 -0.006929 -1.744856 -2.677559 -1.801425 -1.431268 -0.521656 -0.002945 -1.380509 0.003277 0.301010 0.802582 -0.001059 -0.004714 -0.000986 0.001744 1.493661 4.005199 3.833634 5.536364 2.729142 0.921963 0.002084 0.002884 1.213776 0.067628 0.000899 0.003434 1.586074 1.819472 2.233259 3.116601 4.444471 6.437752 5.348535 3.004019 2.231846 2.241569 2.479014 1.034892 0.000174 0.002903 0.245075 0.697488 1.022045 2.038611 2.720210 2.921499 2.270921 1.857930 1.793679 2.411430 2.063716 2.467364 1.914364 2.237365 0.697738 0.427634 -9999.0
-9999.0 -0.001257 -0.002936 -0.002343 -0.016963 -1.455569 -1.729134 -2.131849 -3.994148 -4.197187 -1.136615 -0.387714 0.035394 0.210560 0.243512 -0.317283 -0.001737 -1.021899 -0.001382 0.001271 1.340548 2.670814 2.357773 3.285720 3.198133 2.340469 1.482994 1.720572 2.494081 1.599685 1.388560 1.283234 2.325075 3.753812 4.892107 6.178418 7.522577 9.399770 7.705557 6.325154 5.441291 5.220201 4.478921 3.142530 2.079152 2.533902 2.968426 4.222381 4.117609 4.266757 3.508911 2.789915 1.820608 1.201439 1.159295 0.694842 0.340585 0.642353 0.295143 0.030782 0.002305 0.225285 -9999.0
-9999.0 -0.000353 -0.046024 -0.001267 0.078350 -1.038226 -2.594432 -1.962629 -2.043789 -4.575699 -1.361076 -0.776826 -0.000340 0.255713 -0.002027 -2.571079 -3.160951 -1.233587 -0.001127 -0.003055 0.039441 1.000368 1.652516 1.053832 2.643851 3.639004 4.871286 4.652889 4.118661 4.825882 5.683204 5.219599 4.175223 5.128199 6.317187 8.070923 10.061217 11.240894 10.147323 9.357298 8.565193 7.694173 6.492599 6.998375 7.300519 6.791615 5.571819 5.314436 4.804539 4.189424 2.494624 1.187911 0.414755 0.790413 0.323993 -0.000730 -0.002334 -0.000772 -0.001713 -0.000727 -0.000564 -9999.0 -9999.0
