erum2020/resources/simulation/Vinschgau/output-maps/TsL0007N0992.asc
ncols         63
nrows         48
xllcorner     598000.000000
yllcorner     5145000.000000
cellsize      1000.000000
NODATA_value  -9999.0
[rows 0 to 27 of 48, columns 0 to 62 of 63]
-9999.0 -9999.0 -9999.0 -9999.0 -9999.0 -9999.0 -9999.0 -9999.0 -9999.0 -9999.0 -9999.0 -9999.0 -9999.0 -9999.0 -9999.0 -9999.0 -9999.0 -9999.0 -9999.0 -9999.0 -9999.0 -9999.0 -9999.0 -9999.0 -9999.0 -9999.0 -9999.0 -9999.0 -9999.0 -9999.0 -9999.0 -9999.0 -9999.0 -9999.0 -9999.0 -9999.0 -9999.0 -9999.0 -9999.0 -9999.0 -9999.0 -9999.0 -9999.0 -9999.0 -9999.0 -9999.0 -9999.0 -9999.0 -9999.0 -9999.0 -9999.0 -9999.0 -9999.0 -9999.0 -9999.0 -9999.0 -9999.0 -9999.0 -9999.0 -9999.0 -9999.0 -9999.0 -9999.0
-9999.0 -9999.0 -9999.0 -9999.0 -9999.0 -9999.0 -9999.0 -9999.0 -9999.0 -9999.0 -9999.0 -9999.0 -9999.0 -9999.0 -9999.0 -9999.0 -9999.0 -9999.0 -9999.0 -9999.0 -9999.0 -9999.0 -9999.0 -9999.0 -9999.0 -9999.0 -9999.0 -4.010470 -4.135372 -3.922847 -4.601585 -4.297421 -4.723114 -9999.0 -9999.0 -9999.0 -9999.0 -9999.0 -9999.0 -9999.0 -9999.0 -9999.0 -9999.0 -9999.0 -9999.0 -9999.0 -9999.0 -9999.0 -9999.0 -9999.0 -9999.0 -9999.0 -9999.0 -9999.0 -9999.0 -9999.0 -9999.0 -9999.0 -9999.0 -9999.0 -9999.0 -9999.0 -9999.0
-9999.0 -9999.0 -9999.0 -9999.0 -9999.0 -9999.0 -9999.0 -9999.0 -9999.0 -9999.0 -9999.0 -9999.0 -9999.0 -9999.0 -9999.0 -9999.0 -9999.0 -9999.0 -9999.0 -9999.0 -9999.0 -9999.0 -9999.0 -9999.0 -2.662070 -2.111869 -1.793657 -2.110729 -3.178168 -3.278808 -4.249121 -9999.0 -9999.0 -9999.0 -9999.0 -9999.0 -9999.0 -9999.0 -9999.0 -9999.0 -9999.0 -9999.0 -9999.0 -9999.0 -9999.0 -9999.0 -9999.0 -9999.0 -9999.0 -9999.0 -9999.0 -9999.0 -9999.0 -9999.0 -9999.0 -9999.0 -9999.0 -9999.0 -9999.0 -9999.0 -9999.0 -9999.0 -9999.0
-9999.0 -9999.0 -9999.0 -9999.0 -9999.0 -9999.0 -9999.0 -9999.0 -9999.0 -9999.0 -9999.0 -9999.0 -9999.0 -9999.0 -9999.0 -9999.0 -9999.0 -9999.0 -9999.0 -9999.0 -9999.0 -9999.0 -9999.0 -1.832550 -0.841529 0.418808 0.952031 1.437279 0.514374 -1.593582 -4.386111 -4.542193 -9999.0 -9999.0 -9999.0 -9999.0 -9999.0 -9999.0 -9999.0 -9999.0 -9999.0 -9999.0 -9999.0 -9999.0 -9999.0 -9999.0 -9999.0 -9999.0 -9999.0 -9999.0 -9999.0 -9999.0 -9999.0 -9999.0 -9999.0 -9999.0 -9999.0 -9999.0 -9999.0 -9999.0 -9999.0 -9999.0 -9999.0
-9999.0 -9999.0 -9999.0 -9999.0 -9999.0 -9999.0 -9999.0 -9999.0 -9999.0 -9999.0 -9999.0 -9999.0 -9999.0 -9999.0 -9999.0 -9999.0 -9999.0 -9999.0 0.477568 -1.124428 -9999.0 -1.443836 -0.904489 -0.008959 0.581522 1.615952 -0.001689 -0.001196 0.014837 -0.002544 -1.980749 -4.193609 -4.838901 -6.353476 -9999.0 -9999.0 -9999.0 -9999.0 -9999.0 -9999.0 -9999.0 -9999.0 -9999.0 -9999.0 -9999.0 -9999.0 -9999.0 -9999.0 -9999.0 -9999.0 -9999.0 -9999.0 -9999.0 -9999.0 -9999.0 -9999.0 -9999.0 -9999.0 -9999.0 -9999.0 -9999.0 -9999.0 -9999.0
-9999.0 -9999.0 -9999.0 -9999.0 -9999.0 -9999.0 -9999.0 -9999.0 -9999.0 -9999.0 -9999.0 -9999.0 -9999.0 -9999.0 -9999.0 -9999.0 -9999.0 4.306177 2.854378 1.590832 -1.308818 -0.002166 -0.002400 -0.002679 -0.001917 -0.002142 -0.057080 -0.001690 -0.002283 -0.001292 -0.720350 -1.853315 -3.096756 -3.930265 -5.391930 -6.327944 -9999.0 -9999.0 -9999.0 -9999.0 -9999.0 -9999.0 -9999.0 -9999.0 -9999.0 -9999.0 -9999.0 -9999.0 -9999.0 -9999.0 -9999.0 -9999.0 -9999.0 -9999.0 -9999.0 -9999.0 -9999.0 -9999.0 -9999.0 -9999.0 -9999.0 -9999.0 -9999.0
-9999.0 -9999.0 -9999.0 -9999.0 -9999.0 -9999.0 -9999.0 -9999.0 -9999.0 -9999.0 -9999.0 -9999.0 -9999.0 -0.634711 -0.001757 2.279943 3.839455 5.083079 3.916684 0.721015 0.436164 -0.002848 0.715675 -0.000914 -0.001846 -0.918703 -1.875517 -2.200637 -0.846368 -0.001925 -1.866765 -2.702167 -2.845389 -4.178731 -4.245191 -6.555119 -9999.0 -9999.0 -9999.0 -9999.0 -9999.0 -9999.0 -9999.0 -9999.0 -9999.0 -9999.0 -9999.0 -9999.0 -9999.0 -9999.0 -9999.0 -9999.0 -9999.0 -9999.0 -9999.0 -9999.0 -9999.0 -9999.0 -9999.0 -9999.0 -9999.0 -9999.0 -9999.0
-9999.0 -9999.0 -9999.0 -9999.0 -9999.0 -9999.0 -9999.0 -9999.0 -9999.0 -9999.0 -9999.0 -9999.0 -9999.0 -0.013975 1.538437 3.079068 3.118357 3.911651 5.132697 1.862379 2.974311 1.425509 1.202826 0.016551 -0.001843 -0.130459 -3.135103 -3.898348 -4.398888 -1.352136 -0.958186 -3.972470 -4.705497 -8.543414 -5.714333 -9999.0 -9999.0 -9999.0 -9999.0 -9999.0 -9999.0 -9999.0 -9999.0 -9999.0 -9999.0 -9999.0 -9999.0 -9999.0 -9999.0 -9999.0 -9999.0 -9999.0 -9999.0 -9999.0 -9999.0 -9999.0 -9999.0 -9999.0 -9999.0 -9999.0 -9999.0 -9999.0 -9999.0
-9999.0 -9999.0 -9999.0 -9999.0 -9999.0 -9999.0 -9999.0 -9999.0 -9999.0 -9999.0 -9999.0 -9999.0 -9999.0 1.148665 1.328675 2.303830 2.594308 3.366336 5.357650 3.832768 1.911933 0.081661 -0.002155 -0.002153 -0.001525 -0.001441 -2.632353 -4.654338 -4.483178 -7.529914 -4.136970 -9.121004 -9.458252 -11.866359 -6.900847 -9999.0 -9999.0 -9999.0 -9999.0 -9999.0 -9999.0 -9999.0 -9999.0 -9999.0 -9999.0 -9999.0 -9999.0 -9999.0 -9999.0 -9999.0 -9999.0 -9999.0 -9999.0 -9999.0 -9999.0 -9999.0 -9999.0 -9999.0 -9999.0 -9999.0 -9999.0 -9999.0 -9999.0
-9999.0 -9999.0 -9999.0 -9999.0 -9999.0 -9999.0 -9999.0 -9999.0 -9999.0 -9999.0 -9999.0 -9999.0 -0.004167 -0.000089 1.799468 -0.001390 0.864648 2.849804 4.455372 2.907203 0.045709 -0.002168 -0.136355 -0.520964 -1.613505 -3.009931 -3.141058 -4.304334 -3.857020 -4.920178 -9.055496 -5.062241 -3.957969 -7.088328 -9999.0 -9999.0 -9999.0 -9999.0 -9999.0 -9999.0 -9999.0 -9999.0 -9999.0 -9999.0 -9999.0 -9999.0 -9999.0 -9999.0 -9999.0 -9999.0 -9999.0 -9999.0 -9999.0 -9999.0 -9999.0 -9999.0 -9999.0 -9999.0 -9999.0 -9999.0 -9999.0 -9999.0 -9999.0
-9999.0 -9999.0 -9999.0 -9999.0 -9999.0 -9999.0 -9999.0 -9999.0 -9999.0 -9999.0 -9999.0 -1.222402 1.073060 0.950270 1.105863 -0.000533 1.652778 2.939154 4.393100 1.984045 1.598784 -0.001103 -1.022473 -2.581105 -1.881271 -3.758946 -4.116025 -4.190864 -3.809144 -6.228627 -5.224271 -3.099279 -4.274266 -5.865159 -5.334146 -4.070837 -4.337943 -4.353462 -4.308361 -9999.0 -9999.0 -9999.0 -5.998652 -9999.0 -9999.0 -9999.0 -9999.0 -9999.0 -9999.0 -9999.0 -9999.0 -9999.0 -9999.0 -9999.0 -9999.0 -9999.0 -9999.0 -9999.0 -9999.0 -9999.0 -9999.0 -9999.0 -9999.0
-9999.0 -9999.0 -9999.0 -9999.0 -9999.0 -9999.0 -9999.0 -9999.0 -9999.0 -9999.0 -9999.0 -1.242625 1.318636 2.651085 2.498000 -0.164560 4.161625 3.759337 4.523760 3.034632 1.938125 -0.034295 -1.104444 -2.520596 -3.123041 -4.039404 -4.109326 -3.688265 -3.078206 -5.904388 -4.166625 -3.100155 -4.225139 -4.543955 -5.096760 -4.050111 -3.247098 -1.664473 -2.870837 -5.628847 -5.587319 -5.985226 -4.061230 -4.802108 -9999.0 -9999.0 -9999.0 -6.425939 -5.428392 -5.287366 -4.623199 -6.218966 -6.428321 -6.141110 -5.865249 -6.786522 -9999.0 -9999.0 -9999.0 -9999.0 -9999.0 -9999.0 -9999.0
-9999.0 -9999.0 -9999.0 -9999.0 -9999.0 -9999.0 -9999.0 -9999.0 -9999.0 -9999.0 -9999.0 -1.574378 -0.727867 -0.288212 -0.002591 -0.029841 -0.000862 3.145592 3.569964 3.039060 1.511813 -0.002346 -1.397454 -2.520167 -4.101246 -3.668808 -1.598691 -3.462562 -3.971920 -4.872818 -4.368750 -3.973875 -3.578484 -4.344767 -4.840596 -3.466934 -3.092352 -2.667125 -1.067820 -4.298181 -4.084314 -4.291063 -3.570472 -3.984039 -4.453645 -9999.0 -7.051353 -4.426406 -4.134422 -3.783879 -2.713730 -3.099463 -4.102001 -4.105200 -4.343713 -4.179020 -9999.0 -9999.0 -9999.0 -9999.0 -9999.0 -9999.0 -9999.0
-9999.0 -9999.0 -9999.0 -9999.0 -9999.0 -9999.0 -9999.0 -9999.0 -9999.0 -9999.0 -9999.0 -9999.0 -1.504267 -0.014136 -0.043399 -0.039448 -0.002196 2.279003 4.106630 3.045132 1.365016 -0.002511 -0.456956 -1.805466 -2.916465 -1.737311 -1.730433 -3.719628 -4.350562 -4.750055 -4.197219 -3.735108 -2.842595 -4.398303 -4.023805 -3.912528 -1.576498 -2.463782 -0.032318 -2.133230 -2.461014 -2.467447 -3.050521 -1.263665 -4.417632 -4.616822 -5.666414 -4.301410 -2.877327 -1.034603 -0.006100 -3.592508 -3.342829 -4.267481 -3.668358 -4.266739 -4.117005 -9999.0 -9999.0 -9999.0 -9999.0 -9999.0 -9999.0
-9999.0 -9999.0 -9999.0 -9999.0 -9999.0 -9999.0 -9999.0 -9999.0 -9999.0 -9999.0 -9999.0 -0.729930 -1.644282 -1.457323 -1.287424 -0.001120 -0.000862 1.369822 3.533921 3.554928 1.836428 -0.002104 -0.001257 -1.664816 -1.579045 -2.035068 -1.153734 -3.975898 -4.327666 -3.645109 -1.709181 -2.889753 -2.647272 -4.233856 -5.152018 -4.127078 -3.985743 -1.274413 -0.008046 -0.436583 -1.019174 -0.021897 -1.512951 -1.050472 -0.764673 -3.983412 -4.040025 -3.279142 -2.424063 -0.086870 -3.838444 -3.957051 -5.994590 -6.734812 -7.641057 -8.599670 -4.930101 -9999.0 -9999.0 -9999.0 -9999.0 -9999.0 -9999.0
-9999.0 -9999.0 -9999.0 -9999.0 -9999.0 -9999.0 -9999.0 -9999.0 -9999.0 -9999.0 -1.592709 -1.147256 -1.212151 -1.150797 -0.070660 -0.373657 -0.402610 -0.002210 2.886695 3.179781 1.595361 0.285632 -0.629345 -0.549835 -0.001098 -1.798263 -2.267206 -4.895664 -2.261273 -1.365550 -2.337691 -2.425091 -1.342469 -4.181250 -6.743947 -4.340898 -3.504414 -1.246431 -0.133543 -0.001692 -0.001901 0.371747 1.744000 0.481905 -0.003920 -3.189110 -2.995746 -2.350085 -2.185826 -0.001024 -5.943744 -5.537319 -8.114545 -9.367029 -8.887866 -4.284551 -4.360788 -9999.0 -9999.0 -9999.0 -9999.0 -9999.0 -9999.0
-9999.0 -9999.0 -9999.0 -9999.0 -9999.0 -9999.0 -9999.0 -9999.0 -9999.0 -4.017016 -1.293836 -2.573989 -0.624271 -0.972802 -0.490317 -0.342950 -0.127910 -0.000424 2.589747 3.442331 1.904933 -0.003554 -0.002111 -0.001719 -0.001125 -1.533654 -3.099731 -1.319444 -1.147948 -0.001255 -0.000921 -1.729026 -4.095396 -8.617552 -5.721014 -4.386978 -3.380147 -1.792219 -1.433731 -0.718842 -0.226467 -0.326550 -0.515262 1.232548 0.519508 -0.111266 -0.094620 -1.140556 -1.117033 -0.001140 -2.199715 -5.027629 -10.235003 -7.716469 -6.211925 -5.990666 -5.111905 -4.576540 -5.823689 -9999.0 -9999.0 -9999.0 -9999.0
-9999.0 -9999.0 -9999.0 -9999.0 -9999.0 -9999.0 -9999.0 -9999.0 -9999.0 -4.411386 -4.036603 -1.286095 -0.047757 -0.001177 -0.211409 -1.016449 -0.093211 -0.001023 3.269587 2.812424 2.456118 1.759540 0.646069 -0.000443 -1.146664 -1.965425 -0.817516 -0.001130 -0.001056 -0.001650 -0.070928 -2.109491 -3.932969 -4.267689 -4.294663 -4.407433 -3.902526 -2.816269 -3.903866 -2.358074 -0.479668 -2.237625 -0.630775 -0.001113 1.791680 1.095719 0.759262 -0.002469 -0.005002 -0.000990 -2.976108 -5.928052 -7.407752 -6.401310 -5.052896 -7.013305 -4.917193 -4.183345 -3.628559 -9999.0 -9999.0 -9999.0 -9999.0
-9999.0 -9999.0 -9999.0 -9999.0 -9999.0 -9999.0 -9999.0 -9999.0 -9999.0 -9999.0 -4.104743 -2.951860 -0.165234 -0.024214 -0.002369 -0.133673 -0.001079 0.589635 4.184784 3.115687 2.532401 1.918392 -0.001760 -0.201167 -1.621624 -0.002213 -0.001123 -0.000699 -0.063400 -1.665929 -2.015740 -3.302817 -4.258410 -4.306369 -3.616377 -2.244844 -1.320317 -0.903871 -3.883370 -4.232389 -3.946695 -1.216407 -0.185903 -0.100439 -0.001423 -0.001757 0.704702 1.138902 1.421521 -0.002122 -1.928275 -4.659719 -6.324144 -7.238014 -6.563321 -4.502912 -3.513654 -2.120065 -1.855007 -0.001270 -9999.0 -9999.0 -9999.0
-9999.0 -9999.0 -9999.0 -9999.0 -9999.0 -9999.0 -9999.0 -9999.0 -9999.0 -9999.0 -4.358400 -3.708790 -1.443625 -0.044745 -0.000276 -0.002879 -0.002479 1.776287 4.563739 4.291560 2.784293 0.532048 -0.002292 -0.276509 -0.002643 -0.001028 0.745163 -0.001926 -1.354217 -3.950360 -3.916268 -3.064585 -5.305775 -4.410439 -3.910781 -2.165152 -2.077200 -1.696342 -2.349861 -4.087249 -4.113085 -2.387138 -2.917745 -1.727425 -0.292195 -0.305406 -0.000839 -0.001443 2.089139 1.126132 -0.014107 -2.440023 -4.614607 -5.857242 -7.885636 -7.077916 -4.597310 -1.221291 1.135188 1.054427 -9999.0 -9999.0 -9999.0
-9999.0 -9999.0 -9999.0 -9999.0 -9999.0 -9999.0 -9999.0 -9999.0 -3.612859 -4.232992 -4.122200 -3.470891 -3.194263 -0.917647 -0.056295 1.042403 2.136779 2.641948 3.846785 4.769217 4.553911 3.324162 2.100594 0.069374 -0.001665 1.431036 -0.000369 -0.872963 -1.972764 -3.932001 -7.984865 -4.162615 -4.098661 -4.493727 -4.092723 -2.995673 -0.715121 -0.453931 -2.614461 -4.422131 -3.869388 -1.720846 -3.905413 -4.079914 -2.292969 -1.392044 -2.430588 -0.822055 -0.001513 1.319640 -0.002158 -0.778300 -4.987874 -6.363141 -6.648278 -4.172585 -4.309269 -0.769051 -0.001605 3.236256 -9999.0 -9999.0 -9999.0
-9999.0 -9999.0 -9999.0 -9999.0 -9999.0 -9999.0 -9999.0 -9999.0 -3.518250 -1.546659 -3.290188 -4.023846 -3.306878 -2.598746 -0.996874 -0.001778 1.088775 1.775296 4.974137 5.311804 5.133226 4.085632 2.932212 1.747014 2.559988 2.500758 0.389809 -0.624741 -5.364151 -4.322546 -4.265603 -4.008538 -3.994079 -4.023606 -3.602116 -1.564785 -0.139624 -0.353405 -1.159386 -2.266062 -4.178629 -6.697923 -3.845471 -1.959423 -2.013931 -1.194458 -4.332323 -2.654828 -0.771165 1.106982 0.902509 -0.352901 -5.129325 -4.395195 -3.075813 -3.170939 -1.443074 -0.036430 1.632185 4.048141 5.272548 -9999.0 -9999.0
-9999.0 -9999.0 -9999.0 -9999.0 -9999.0 -9999.0 -9999.0 -9999.0 -3.935385 -2.650263 -2.861002 -4.107291 -3.547140 -3.646806 -1.166516 -0.856729 -0.003192 1.160156 4.868546 5.169485 5.783684 4.914918 4.434546 3.998660 3.015991 2.421352 -0.001601 -1.304875 -5.566787 -4.186534 -3.562179 -1.162009 -2.453984 -2.027408 -1.017189 -0.888841 -0.021024 1.173526 -0.005995 -2.377938 -3.599348 -3.447222 -2.784444 -2.792954 -1.817759 -3.568389 -4.398764 -4.005227 -2.679540 -0.001295 2.085790 -0.002039 -4.172831 -4.970172 -2.139524 -0.969885 -0.000415 1.524983 3.679532 4.304873 4.670879 -9999.0 -9999.0
-9999.0 -9999.0 -9999.0 -9999.0 -9999.0 -9999.0 -9999.0 -9999.0 -5.309263 -2.267208 -1.198788 -5.613412 -3.013600 -1.916271 -0.311078 -0.001812 3.436057 4.656978 3.224010 5.172222 5.178539 5.574861 4.853601 4.440721 2.981421 0.481487 -0.001892 -2.060455 -1.432757 -2.388884 -1.117968 -1.126566 -0.025749 -0.471008 -0.904212 -0.759427 -0.001017 3.121878 0.165644 -0.055518 -1.462682 -1.258032 -1.337217 -2.315029 -2.958161 -3.356488 -2.290266 -3.451582 -2.781311 -1.348136 -0.001671 1.675214 -0.001902 -0.850637 -0.000589 0.749186 2.302543 3.830860 4.784030 4.442651 3.533675 1.967202 -9999.0
-9999.0 -9999.0 -9999.0 -9999.0 -9999.0 -9999.0 -9999.0 -9999.0 -5.193348 -3.571749 -2.714860 -1.636895 -0.453175 -0.180347 -0.000376 1.153965 1.738056 1.809271 0.254191 2.175307 4.172756 4.907616 5.209303 4.906500 2.189904 -0.002962 -1.166214 -0.002789 -0.001112 -0.425376 -0.285738 -0.000869 1.090923 -0.000586 -0.001766 -0.001770 1.363107 5.301896 4.803435 0.973358 -0.001643 -0.012102 -0.098655 -0.021832 -1.240612 -0.813685 -0.975327 -1.548547 -0.832015 -0.002000 0.449181 1.082593 1.429071 0.841903 1.378529 1.664244 2.445848 3.240025 3.846540 3.516073 3.318085 1.393831 -9999.0
-9999.0 -9999.0 -3.921562 -3.647519 -3.967581 -2.146386 -3.573038 -3.014254 -4.326211 -3.986815 -1.521722 -0.069536 -0.137338 -0.005234 0.720631 0.690956 -0.001345 -1.287292 -0.724797 -0.001932 2.055312 4.736816 3.959212 5.655879 2.963539 1.337721 -0.002942 -0.002553 1.494571 -0.000250 -0.001958 -0.001912 2.425360 2.385635 2.536912 3.823070 4.834769 7.622927 6.618947 3.864260 2.559981 2.545420 3.000659 1.313091 -0.001403 -0.001864 0.521445 0.944093 1.296493 2.261349 2.946650 2.722047 2.158028 1.709525 1.629176 2.679432 2.248153 2.631241 2.252696 2.607627 1.269229 0.653608 -9999.0
-9999.0 -0.936568 -1.084467 -1.367135 -1.998291 -1.030065 -3.220666 -3.496470 -4.470838 -4.386930 -2.637725 -0.919244 -0.000695 -0.002779 -0.000203 -0.321532 -1.608288 -2.471758 -0.994661 -0.001983 1.772482 3.488354 2.926924 3.832028 3.674477 2.647916 1.822218 2.101716 2.845708 1.811184 1.619655 1.649045 3.108728 4.575377 5.398111 6.545511 8.604903 10.634498 8.181341 6.647562 5.936310 5.736025 4.997837 4.070798 2.798532 3.101107 3.025769 5.261801 4.508233 5.153506 3.502729 2.753707 2.014927 1.276059 1.206735 0.773511 0.410120 0.748222 0.486471 -0.000880 -0.001228 0.448121 -9999.0
-9999.0 -0.959380 -1.509567 -0.178480 -0.006197 -0.972090 -2.594941 -4.003523 -4.419958 -4.360809 -3.166194 -1.305611 -0.001780 -0.000196 -0.144753 -4.051451 -3.319116 -2.789135 -0.638016 -0.003582 -0.000368 1.321704 2.191590 1.638520 3.052009 3.874990 4.988904 4.782741 4.166212 5.797018 6.039477 5.770623 4.834161 5.709232 6.978823 8.591318 10.947645 12.033922 11.174111 10.420786 9.466699 8.305916 7.524007 7.488255 7.484481 7.298674 5.710879 5.475146 4.948033 4.275313 2.688550 1.400874 0.508189 1.167086 0.392042 -0.001918 -0.240756 -0.002398 -0.001705 -0.002404 -0.001372 -9999.0 -9999.0
