erum2020/resources/simulation/Vinschgau/output-maps/TsL0001N0652.asc
ncols         63
nrows         48
xllcorner     598000.000000
yllcorner     5145000.000000
cellsize      1000.000000
NODATA_value  -9999.0
[rows 0 to 27 of 48, columns 0 to 62 of 63]
-9999.0 -9999.0 -9999.0 -9999.0 -9999.0 -9999.0 -9999.0 -9999.0 -9999.0 -9999.0 -9999.0 -9999.0 -9999.0 -9999.0 -9999.0 -9999.0 -9999.0 -9999.0 -9999.0 -9999.0 -9999.0 -9999.0 -9999.0 -9999.0 -9999.0 -9999.0 -9999.0 -9999.0 -9999.0 -9999.0 -9999.0 -9999.0 -9999.0 -9999.0 -9999.0 -9999.0 -9999.0 -9999.0 -9999.0 -9999.0 -9999.0 -9999.0 -9999.0 -9999.0 -9999.0 -9999.0 -9999.0 -9999.0 -9999.0 -9999.0 -9999.0 -9999.0 -9999.0 -9999.0 -9999.0 -9999.0 -9999.0 -9999.0 -9999.0 -9999.0 -9999.0 -9999.0 -9999.0
-9999.0 -9999.0 -9999.0 -9999.0 -9999.0 -9999.0 -9999.0 -9999.0 -9999.0 -9999.0 -9999.0 -9999.0 -9999.0 -9999.0 -9999.0 -9999.0 -9999.0 -9999.0 -9999.0 -9999.0 -9999.0 -9999.0 -9999.0 -9999.0 -9999.0 -9999.0 -9999.0 20.416904 20.384752 20.081887 17.081752 16.563841 16.374155 -9999.0 -9999.0 -9999.0 -9999.0 -9999.0 -9999.0 -9999.0 -9999.0 -9999.0 -9999.0 -9999.0 -9999.0 -9999.0 -9999.0 -9999.0 -9999.0 -9999.0 -9999.0 -9999.0 -9999.0 -9999.0 -9999.0 -9999.0 -9999.0 -9999.0 -9999.0 -9999.0 -9999.0 -9999.0 -9999.0
-9999.0 -9999.0 -9999.0 -9999.0 -9999.0 -9999.0 -9999.0 -9999.0 -9999.0 -9999.0 -9999.0 -9999.0 -9999.0 -9999.0 -9999.0 -9999.0 -9999.0 -9999.0 -9999.0 -9999.0 -9999.0 -9999.0 -9999.0 -9999.0 20.028507 21.084530 20.998873 21.444430 21.633336 19.704098 16.707653 -9999.0 -9999.0 -9999.0 -9999.0 -9999.0 -9999.0 -9999.0 -9999.0 -9999.0 -9999.0 -9999.0 -9999.0 -9999.0 -9999.0 -9999.0 -9999.0 -9999.0 -9999.0 -9999.0 -9999.0 -9999.0 -9999.0 -9999.0 -9999.0 -9999.0 -9999.0 -9999.0 -9999.0 -9999.0 -9999.0 -9999.0 -9999.0
-9999.0 -9999.0 -9999.0 -9999.0 -9999.0 -9999.0 -9999.0 -9999.0 -9999.0 -9999.0 -9999.0 -9999.0 -9999.0 -9999.0 -9999.0 -9999.0 -9999.0 -9999.0 -9999.0 -9999.0 -9999.0 -9999.0 -9999.0 20.931973 22.023747 15.657121 16.753568 16.777563 14.584655 19.605675 19.398337 17.578328 -9999.0 -9999.0 -9999.0 -9999.0 -9999.0 -9999.0 -9999.0 -9999.0 -9999.0 -9999.0 -9999.0 -9999.0 -9999.0 -9999.0 -9999.0 -9999.0 -9999.0 -9999.0 -9999.0 -9999.0 -9999.0 -9999.0 -9999.0 -9999.0 -9999.0 -9999.0 -9999.0 -9999.0 -9999.0 -9999.0 -9999.0
-9999.0 -9999.0 -9999.0 -9999.0 -9999.0 -9999.0 -9999.0 -9999.0 -9999.0 -9999.0 -9999.0 -9999.0 -9999.0 -9999.0 -9999.0 -9999.0 -9999.0 -9999.0 19.674043 19.822843 -9999.0 20.245213 21.276845 15.404012 15.798050 18.538390 18.645314 18.419198 18.826532 15.578441 20.281232 19.106620 19.761325 18.548746 -9999.0 -9999.0 -9999.0 -9999.0 -9999.0 -9999.0 -9999.0 -9999.0 -9999.0 -9999.0 -9999.0 -9999.0 -9999.0 -9999.0 -9999.0 -9999.0 -9999.0 -9999.0 -9999.0 -9999.0 -9999.0 -9999.0 -9999.0 -9999.0 -9999.0 -9999.0 -9999.0 -9999.0 -9999.0
-9999.0 -9999.0 -9999.0 -9999.0 -9999.0 -9999.0 -9999.0 -9999.0 -9999.0 -9999.0 -9999.0 -9999.0 -9999.0 -9999.0 -9999.0 -9999.0 -9999.0 14.143912 11.093904 11.361821 19.591324 11.500298 14.575066 15.990593 25.014662 10.870880 9.538049 11.531211 10.291014 11.272072 20.713544 20.291253 21.999678 20.286628 18.712923 16.328591 -9999.0 -9999.0 -9999.0 -9999.0 -9999.0 -9999.0 -9999.0 -9999.0 -9999.0 -9999.0 -9999.0 -9999.0 -9999.0 -9999.0 -9999.0 -9999.0 -9999.0 -9999.0 -9999.0 -9999.0 -9999.0 -9999.0 -9999.0 -9999.0 -9999.0 -9999.0 -9999.0
-9999.0 -9999.0 -9999.0 -9999.0 -9999.0 -9999.0 -9999.0 -9999.0 -9999.0 -9999.0 -9999.0 -9999.0 -9999.0 19.512315 10.901522 11.352806 13.125721 30.688480 13.754314 13.619041 15.529164 17.505874 18.333456 23.780455 10.034361 14.489989 8.469419 9.388180 11.012987 11.298054 9.864283 14.403921 16.208729 13.602672 14.483023 14.235100 -9999.0 -9999.0 -9999.0 -9999.0 -9999.0 -9999.0 -9999.0 -9999.0 -9999.0 -9999.0 -9999.0 -9999.0 -9999.0 -9999.0 -9999.0 -9999.0 -9999.0 -9999.0 -9999.0 -9999.0 -9999.0 -9999.0 -9999.0 -9999.0 -9999.0 -9999.0 -9999.0
-9999.0 -9999.0 -9999.0 -9999.0 -9999.0 -9999.0 -9999.0 -9999.0 -9999.0 -9999.0 -9999.0 -9999.0 -9999.0 20.349608 11.938997 11.646754 11.409952 21.878498 30.278375 18.017099 13.425411 15.586621 10.349848 10.887888 13.866067 9.810654 17.758404 15.489437 16.570060 8.059303 8.681313 12.596265 13.723715 11.888588 14.434146 -9999.0 -9999.0 -9999.0 -9999.0 -9999.0 -9999.0 -9999.0 -9999.0 -9999.0 -9999.0 -9999.0 -9999.0 -9999.0 -9999.0 -9999.0 -9999.0 -9999.0 -9999.0 -9999.0 -9999.0 -9999.0 -9999.0 -9999.0 -9999.0 -9999.0 -9999.0 -9999.0 -9999.0
-9999.0 -9999.0 -9999.0 -9999.0 -9999.0 -9999.0 -9999.0 -9999.0 -9999.0 -9999.0 -9999.0 -9999.0 -9999.0 13.692243 19.695536 12.854018 10.629219 11.949350 31.793269 12.643012 17.959209 9.149655 7.528199 9.071783 12.799489 10.189026 19.013985 14.660939 20.109203 14.679819 12.692849 9.742700 12.382181 7.328881 15.067599 -9999.0 -9999.0 -9999.0 -9999.0 -9999.0 -9999.0 -9999.0 -9999.0 -9999.0 -9999.0 -9999.0 -9999.0 -9999.0 -9999.0 -9999.0 -9999.0 -9999.0 -9999.0 -9999.0 -9999.0 -9999.0 -9999.0 -9999.0 -9999.0 -9999.0 -9999.0 -9999.0 -9999.0
-9999.0 -9999.0 -9999.0 -9999.0 -9999.0 -9999.0 -9999.0 -9999.0 -9999.0 -9999.0 -9999.0 -9999.0 13.421035 19.549538 12.392874 8.815232 6.035844 10.946666 26.389943 12.604610 12.257912 9.671458 9.029186 9.213476 10.048166 12.336039 7.905529 16.970566 18.832117 14.132077 11.617344 20.534687 16.976462 15.345764 -9999.0 -9999.0 -9999.0 -9999.0 -9999.0 -9999.0 -9999.0 -9999.0 -9999.0 -9999.0 -9999.0 -9999.0 -9999.0 -9999.0 -9999.0 -9999.0 -9999.0 -9999.0 -9999.0 -9999.0 -9999.0 -9999.0 -9999.0 -9999.0 -9999.0 -9999.0 -9999.0 -9999.0 -9999.0
-9999.0 -9999.0 -9999.0 -9999.0 -9999.0 -9999.0 -9999.0 -9999.0 -9999.0 -9999.0 -9999.0 18.145665 9.633735 9.411494 8.264676 16.230772 8.444742 9.568208 26.266529 12.325093 8.250417 11.818144 17.534382 17.624548 10.298887 16.312102 12.111268 20.204550 16.006421 10.943735 20.374767 21.550855 17.808406 17.615761 19.998206 20.456827 27.755144 30.360310 27.500767 -9999.0 -9999.0 -9999.0 20.083164 -9999.0 -9999.0 -9999.0 -9999.0 -9999.0 -9999.0 -9999.0 -9999.0 -9999.0 -9999.0 -9999.0 -9999.0 -9999.0 -9999.0 -9999.0 -9999.0 -9999.0 -9999.0 -9999.0 -9999.0
-9999.0 -9999.0 -9999.0 -9999.0 -9999.0 -9999.0 -9999.0 -9999.0 -9999.0 -9999.0 -9999.0 15.092291 8.827266 9.307940 8.770898 15.531628 10.367663 11.426087 26.236881 18.718432 20.597733 19.497843 18.083026 9.104422 8.201669 16.961853 20.806584 21.252970 16.664148 14.348488 21.249558 17.649463 19.272290 17.926249 19.443479 23.579942 33.486875 33.505824 30.447300 24.778846 20.538995 19.731880 21.192641 18.204909 -9999.0 -9999.0 -9999.0 19.863554 20.096213 20.789771 20.258879 20.224075 19.983978 19.953692 20.421204 19.138650 -9999.0 -9999.0 -9999.0 -9999.0 -9999.0 -9999.0 -9999.0
-9999.0 -9999.0 -9999.0 -9999.0 -9999.0 -9999.0 -9999.0 -9999.0 -9999.0 -9999.0 -9999.0 17.781615 15.980984 8.615330 16.666617 18.963881 9.469766 7.333617 20.096320 20.778999 8.727327 10.391101 10.245445 19.844852 15.452505 21.534404 11.320737 7.995960 15.351108 17.064589 18.079556 9.996716 19.526158 15.934134 19.606068 27.951453 16.714628 17.771224 37.727771 23.847353 29.816353 25.974197 25.276017 19.641655 17.387185 -9999.0 18.673009 20.196774 21.391940 22.206327 22.548432 22.359199 21.706730 21.588913 21.085266 20.012636 -9999.0 -9999.0 -9999.0 -9999.0 -9999.0 -9999.0 -9999.0
-9999.0 -9999.0 -9999.0 -9999.0 -9999.0 -9999.0 -9999.0 -9999.0 -9999.0 -9999.0 -9999.0 -9999.0 16.142284 7.371178 19.170910 19.620334 5.708688 7.297223 23.392335 20.644086 9.012502 11.554428 11.762857 10.652083 8.712621 11.286392 20.391317 14.728136 17.270506 20.542004 20.805482 10.548404 19.051079 18.056458 16.520522 23.884128 12.981530 16.843088 35.751953 31.334198 32.710607 31.380839 14.290696 20.687570 19.582681 19.541185 20.778286 19.883338 9.932341 11.858689 14.040635 8.247936 11.765558 7.960294 7.457841 14.239812 18.192167 -9999.0 -9999.0 -9999.0 -9999.0 -9999.0 -9999.0
-9999.0 -9999.0 -9999.0 -9999.0 -9999.0 -9999.0 -9999.0 -9999.0 -9999.0 -9999.0 -9999.0 8.457691 15.981303 17.793466 9.947890 10.096012 10.588794 7.494987 22.839552 11.650388 9.733269 9.304976 10.091078 9.499951 11.358762 12.341803 9.148399 14.328400 21.080488 21.524653 11.337499 11.487060 20.067378 16.386189 16.274494 20.888641 23.173978 16.032075 17.922227 38.415583 17.006321 17.616357 14.618838 11.928228 21.339249 17.064281 20.994675 22.233929 22.460278 13.486548 7.379356 14.030857 7.084035 6.251990 5.363884 14.733719 18.510913 -9999.0 -9999.0 -9999.0 -9999.0 -9999.0 -9999.0
-9999.0 -9999.0 -9999.0 -9999.0 -9999.0 -9999.0 -9999.0 -9999.0 -9999.0 -9999.0 18.800010 9.433073 20.054849 19.932836 20.894856 11.541999 9.196127 7.171431 11.741095 12.256802 20.460171 16.395420 8.320874 23.263140 12.888021 9.423648 7.991097 8.933291 22.180705 22.536644 12.432463 9.534621 15.485839 14.315920 12.735922 18.395251 27.002797 14.090970 12.082724 19.845496 19.643286 13.246891 21.849709 11.564634 10.761901 18.439205 21.371626 12.063605 12.893219 11.209741 8.733069 15.053528 5.058602 12.758910 16.504809 21.062931 18.438501 -9999.0 -9999.0 -9999.0 -9999.0 -9999.0 -9999.0
-9999.0 -9999.0 -9999.0 -9999.0 -9999.0 -9999.0 -9999.0 -9999.0 -9999.0 17.507556 17.549110 9.118076 10.570044 9.178093 10.728393 8.993611 8.796923 22.289525 10.698574 13.034912 20.566546 11.218935 10.264699 15.226897 10.888766 7.066451 9.732632 22.791005 12.691522 12.995294 12.596077 6.343450 12.190676 13.147756 19.887419 18.674577 16.407920 10.260930 10.299308 11.103290 9.906174 8.485975 8.494466 13.525175 11.594928 12.009454 23.666816 11.567342 11.766083 12.323025 9.571288 16.632258 11.980563 18.599593 20.053030 9.949178 9.831029 20.488817 20.181481 -9999.0 -9999.0 -9999.0 -9999.0
-9999.0 -9999.0 -9999.0 -9999.0 -9999.0 -9999.0 -9999.0 -9999.0 -9999.0 16.355267 17.110266 18.104347 23.418898 11.483673 10.821662 10.786961 22.051351 13.226524 11.688871 25.864162 24.125077 25.628227 16.950758 16.407705 7.603349 11.590731 12.369348 13.139917 15.371072 14.300381 14.218596 6.685662 15.625611 17.187246 20.672892 21.597448 21.262432 21.319130 16.872738 17.223874 7.505184 7.561172 13.835940 12.875108 11.437555 17.171375 16.373706 15.682606 14.725221 11.249824 6.088983 7.490499 17.219610 19.013843 15.672940 8.634690 10.526825 11.398010 21.661724 -9999.0 -9999.0 -9999.0 -9999.0
-9999.0 -9999.0 -9999.0 -9999.0 -9999.0 -9999.0 -9999.0 -9999.0 -9999.0 -9999.0 18.393979 18.688068 10.056772 9.312980 12.069223 11.276877 12.439115 14.144187 13.938571 17.292941 19.431042 11.230547 9.585860 8.952410 11.895519 12.919274 13.737291 14.365953 14.113524 6.443906 6.418946 8.516687 6.545803 17.467291 21.245412 22.193265 22.094534 19.103040 17.623583 15.319289 13.500481 21.033042 18.462521 9.179718 7.713981 8.096317 9.122016 18.139263 15.952731 12.664851 7.455438 10.074528 18.808771 18.193948 16.054078 17.882890 17.441454 13.836356 13.878012 13.974411 -9999.0 -9999.0 -9999.0
-9999.0 -9999.0 -9999.0 -9999.0 -9999.0 -9999.0 -9999.0 -9999.0 -9999.0 -9999.0 18.444255 17.995821 17.388708 10.874182 24.407973 10.837874 9.719438 12.647614 15.806906 17.340411 13.965745 11.425737 10.695380 12.825498 13.122900 13.643754 14.616660 8.490524 6.902793 5.738998 15.869330 18.030504 8.774160 14.539319 17.169912 15.863702 12.241789 10.359372 8.637891 14.856109 19.535867 19.117420 7.305703 16.006383 17.383633 7.078238 9.831032 8.251077 10.484847 15.573260 12.614344 9.645093 9.790910 18.585552 18.104426 21.536264 16.032396 11.226556 11.741954 15.898208 -9999.0 -9999.0 -9999.0
-9999.0 -9999.0 -9999.0 -9999.0 -9999.0 -9999.0 -9999.0 -9999.0 20.468540 20.558938 20.593487 17.390215 9.310465 10.025940 8.229571 12.160541 13.433292 28.270860 18.979094 18.432169 15.839099 14.824366 13.787419 13.495399 15.956140 11.456966 16.813908 6.925582 8.612538 7.525398 14.042781 17.345190 17.106444 19.219784 19.436266 14.294401 19.035298 9.794263 5.181689 17.987856 18.486455 16.709345 6.991910 15.383700 21.936253 19.060588 5.434432 9.564661 8.786776 15.234476 13.106557 8.580552 9.863634 7.349995 22.120776 22.899449 22.775608 24.071926 14.869154 13.004026 -9999.0 -9999.0 -9999.0
-9999.0 -9999.0 -9999.0 -9999.0 -9999.0 -9999.0 -9999.0 -9999.0 8.898701 10.818437 9.450336 16.136863 16.843686 10.195370 7.961632 9.248497 11.504100 12.486424 15.840039 19.283781 32.145590 27.347906 23.001401 24.514666 15.308496 12.519618 9.272403 9.575850 7.932591 18.695201 19.895738 22.084741 18.507877 20.832090 19.782948 21.225692 22.384905 10.759171 9.178210 18.869760 15.741160 11.784144 17.193867 20.801392 22.453808 8.513817 7.325491 17.847662 10.420742 10.376818 15.078436 11.955729 7.276824 22.225409 24.262317 13.807037 13.660145 14.492078 16.389103 19.204371 20.232854 -9999.0 -9999.0
-9999.0 -9999.0 -9999.0 -9999.0 -9999.0 -9999.0 -9999.0 -9999.0 16.687759 19.693544 17.929545 9.569353 20.979905 8.840083 12.194440 8.953983 11.818897 17.399621 16.165544 30.134797 19.661175 27.754801 27.538352 19.288267 26.593135 11.520091 9.528338 7.398587 9.009384 21.089445 22.206506 22.268209 9.646794 10.370802 20.551003 22.994365 7.719146 9.884154 6.570149 8.792500 17.788723 20.033909 19.685799 17.896654 7.919492 16.361421 19.791262 20.698828 8.995395 9.085194 13.148301 13.957363 8.650049 8.602062 14.714883 15.121637 16.177914 18.197626 19.212573 19.418680 18.715477 -9999.0 -9999.0
-9999.0 -9999.0 -9999.0 -9999.0 -9999.0 -9999.0 -9999.0 -9999.0 17.466676 19.630081 10.747527 9.360931 21.998322 12.108970 9.315383 10.623708 14.101581 15.961429 18.015079 15.754042 18.538171 19.592982 28.246288 27.768894 14.068406 10.819764 8.860728 7.916888 23.042383 12.520622 11.042904 11.616804 12.745744 11.324541 9.581507 21.911859 22.316322 10.857905 6.340677 9.397542 18.395498 21.021898 21.186251 21.964138 20.073098 21.659091 21.826412 22.696577 22.517875 12.733888 11.168258 14.624024 15.271825 16.499061 17.941113 16.716043 18.712107 15.710806 17.945197 18.823789 16.146759 12.461591 -9999.0
-9999.0 -9999.0 -9999.0 -9999.0 -9999.0 -9999.0 -9999.0 -9999.0 20.243393 19.718950 10.550998 8.530112 9.323775 9.842935 22.557641 15.657998 16.298538 10.661088 9.767330 12.822104 15.448885 19.423324 19.718771 19.771015 24.133370 11.712015 8.873186 13.088851 13.963304 12.586642 8.053169 12.742398 14.270256 11.595937 8.378393 9.321808 12.633896 11.609485 9.505684 11.172091 10.920768 11.262577 12.474292 11.434561 9.680726 22.569522 12.287272 13.274185 13.722668 15.903000 17.496369 16.406352 15.878849 19.923676 17.150672 16.989358 18.717675 18.832059 17.941492 16.302145 13.467120 11.593532 -9999.0
-9999.0 -9999.0 20.876280 20.639820 9.837287 10.869174 10.244658 9.895388 21.104272 18.918889 10.078995 10.022858 9.765791 14.377255 25.819300 12.156764 8.888399 7.598862 10.646261 10.126180 13.386866 16.939218 19.206157 17.730031 18.052717 13.875905 12.025337 10.693121 11.639543 20.363556 8.903928 9.309032 21.504497 9.641970 13.851772 9.574585 14.707543 12.266172 9.885415 8.412091 13.322960 13.843351 9.877807 12.963136 7.970830 12.953401 14.469835 10.429634 17.100531 19.650241 21.894570 21.050708 19.090987 18.725894 17.847872 28.370324 15.398954 16.015823 14.753890 12.846130 17.176716 10.865271 -9999.0
-9999.0 11.345425 11.406023 11.071244 11.342755 11.640422 9.530384 8.401984 8.333207 18.348334 10.058045 8.526161 10.552223 21.482153 18.272827 8.311434 9.105727 9.175193 12.354605 10.351965 13.886661 14.794452 26.292359 17.001616 28.312324 18.880766 28.288326 28.341335 16.891123 15.122592 17.001296 16.473167 14.753021 23.391480 15.482179 15.900957 16.126027 13.999653 15.744579 15.742334 15.484830 15.802638 15.186195 10.231853 11.833877 13.087400 17.808201 15.598197 21.045379 18.556706 18.120441 17.005595 15.162176 15.315874 14.896569 13.607748 10.822295 12.153776 12.221868 15.196586 10.351042 10.870561 -9999.0
-9999.0 18.719318 12.186142 12.281724 20.278953 11.214780 7.041427 9.944559 20.782989 21.491550 11.209455 8.817453 10.514263 19.101403 8.840133 7.079814 8.738311 11.069308 13.353307 10.523262 17.701115 11.772318 14.557818 18.202402 30.904005 32.845209 17.623330 20.253096 19.136465 16.152244 17.318047 16.674129 15.990621 15.813359 23.478318 18.348243 31.798311 33.415803 16.981371 19.459967 18.702920 16.756836 16.309811 16.391262 17.917779 18.469949 22.480707 20.899004 16.936685 16.888876 15.094862 12.635427 12.532210 11.788031 10.898514 9.517099 9.716292 8.846420 8.528947 7.990586 8.349590 -9999.0 -9999.0
