erum2020/resources/simulation/Vinschgau/output-maps/TsL0007N1317.asc
ncols         63
nrows         48
xllcorner     598000.000000
yllcorner     5145000.000000
cellsize      1000.000000
NODATA_value  -9999.0
[rows 0 to 27 of 48, columns 0 to 62 of 63]
-9999.0 -9999.0 -9999.0 -9999.0 -9999.0 -9999.0 -9999.0 -9999.0 -9999.0 -9999.0 -9999.0 -9999.0 -9999.0 -9999.0 -9999.0 -9999.0 -9999.0 -9999.0 -9999.0 -9999.0 -9999.0 -9999.0 -9999.0 -9999.0 -9999.0 -9999.0 -9999.0 -9999.0 -9999.0 -9999.0 -9999.0 -9999.0 -9999.0 -9999.0 -9999.0 -9999.0 -9999.0 -9999.0 -9999.0 -9999.0 -9999.0 -9999.0 -9999.0 -9999.0 -9999.0 -9999.0 -9999.0 -9999.0 -9999.0 -9999.0 -9999.0 -9999.0 -9999.0 -9999.0 -9999.0 -9999.0 -9999.0 -9999.0 -9999.0 -9999.0 -9999.0 -9999.0 -9999.0
-9999.0 -9999.0 -9999.0 -9999.0 -9999.0 -9999.0 -9999.0 -9999.0 -9999.0 -9999.0 -9999.0 -9999.0 -9999.0 -9999.0 -9999.0 -9999.0 -9999.0 -9999.0 -9999.0 -9999.0 -9999.0 -9999.0 -9999.0 -9999.0 -9999.0 -9999.0 -9999.0 2.108716 1.456402 2.781924 0.372175 0.159608 -0.280993 -9999.0 -9999.0 -9999.0 -9999.0 -9999.0 -9999.0 -9999.0 -9999.0 -9999.0 -9999.0 -9999.0 -9999.0 -9999.0 -9999.0 -9999.0 -9999.0 -9999.0 -9999.0 -9999.0 -9999.0 -9999.0 -9999.0 -9999.0 -9999.0 -9999.0 -9999.0 -9999.0 -9999.0 -9999.0 -9999.0
-9999.0 -9999.0 -9999.0 -9999.0 -9999.0 -9999.0 -9999.0 -9999.0 -9999.0 -9999.0 -9999.0 -9999.0 -9999.0 -9999.0 -9999.0 -9999.0 -9999.0 -9999.0 -9999.0 -9999.0 -9999.0 -9999.0 -9999.0 -9999.0 1.860078 2.092081 2.436390 1.836748 2.332376 2.361331 0.268230 -9999.0 -9999.0 -9999.0 -9999.0 -9999.0 -9999.0 -9999.0 -9999.0 -9999.0 -9999.0 -9999.0 -9999.0 -9999.0 -9999.0 -9999.0 -9999.0 -9999.0 -9999.0 -9999.0 -9999.0 -9999.0 -9999.0 -9999.0 -9999.0 -9999.0 -9999.0 -9999.0 -9999.0 -9999.0 -9999.0 -9999.0 -9999.0
-9999.0 -9999.0 -9999.0 -9999.0 -9999.0 -9999.0 -9999.0 -9999.0 -9999.0 -9999.0 -9999.0 -9999.0 -9999.0 -9999.0 -9999.0 -9999.0 -9999.0 -9999.0 -9999.0 -9999.0 -9999.0 -9999.0 -9999.0 2.215727 3.068166 4.104573 4.256898 4.398284 4.729429 2.543956 0.283674 0.093246 -9999.0 -9999.0 -9999.0 -9999.0 -9999.0 -9999.0 -9999.0 -9999.0 -9999.0 -9999.0 -9999.0 -9999.0 -9999.0 -9999.0 -9999.0 -9999.0 -9999.0 -9999.0 -9999.0 -9999.0 -9999.0 -9999.0 -9999.0 -9999.0 -9999.0 -9999.0 -9999.0 -9999.0 -9999.0 -9999.0 -9999.0
-9999.0 -9999.0 -9999.0 -9999.0 -9999.0 -9999.0 -9999.0 -9999.0 -9999.0 -9999.0 -9999.0 -9999.0 -9999.0 -9999.0 -9999.0 -9999.0 -9999.0 -9999.0 6.724268 3.077575 -9999.0 2.624607 3.101277 3.737099 3.774276 4.509841 4.616137 5.198833 3.127772 1.833218 2.154469 0.351536 0.825500 0.985766 -9999.0 -9999.0 -9999.0 -9999.0 -9999.0 -9999.0 -9999.0 -9999.0 -9999.0 -9999.0 -9999.0 -9999.0 -9999.0 -9999.0 -9999.0 -9999.0 -9999.0 -9999.0 -9999.0 -9999.0 -9999.0 -9999.0 -9999.0 -9999.0 -9999.0 -9999.0 -9999.0 -9999.0 -9999.0
-9999.0 -9999.0 -9999.0 -9999.0 -9999.0 -9999.0 -9999.0 -9999.0 -9999.0 -9999.0 -9999.0 -9999.0 -9999.0 -9999.0 -9999.0 -9999.0 -9999.0 5.354539 4.023208 4.776616 4.808573 1.019055 2.070340 3.513446 5.601875 0.437899 -0.048722 1.430954 -0.043276 2.578147 3.530695 2.311741 3.192435 1.988649 0.731475 0.810899 -9999.0 -9999.0 -9999.0 -9999.0 -9999.0 -9999.0 -9999.0 -9999.0 -9999.0 -9999.0 -9999.0 -9999.0 -9999.0 -9999.0 -9999.0 -9999.0 -9999.0 -9999.0 -9999.0 -9999.0 -9999.0 -9999.0 -9999.0 -9999.0 -9999.0 -9999.0 -9999.0
-9999.0 -9999.0 -9999.0 -9999.0 -9999.0 -9999.0 -9999.0 -9999.0 -9999.0 -9999.0 -9999.0 -9999.0 -9999.0 5.724113 3.427688 3.697169 4.997872 11.647225 5.070556 4.161915 4.018922 3.709298 4.402729 5.864813 -0.003395 3.031212 0.035128 -0.040426 -0.038696 -0.003832 -0.418555 2.662166 1.668986 0.390045 1.329764 0.713769 -9999.0 -9999.0 -9999.0 -9999.0 -9999.0 -9999.0 -9999.0 -9999.0 -9999.0 -9999.0 -9999.0 -9999.0 -9999.0 -9999.0 -9999.0 -9999.0 -9999.0 -9999.0 -9999.0 -9999.0 -9999.0 -9999.0 -9999.0 -9999.0 -9999.0 -9999.0 -9999.0
-9999.0 -9999.0 -9999.0 -9999.0 -9999.0 -9999.0 -9999.0 -9999.0 -9999.0 -9999.0 -9999.0 -9999.0 -9999.0 6.296860 5.068723 4.497681 4.257409 10.989665 11.750913 5.903184 4.307456 7.350218 3.016807 1.906855 3.134990 1.984571 1.521693 2.541346 1.425504 -0.053769 -0.052833 0.623890 0.945794 0.118887 0.583009 -9999.0 -9999.0 -9999.0 -9999.0 -9999.0 -9999.0 -9999.0 -9999.0 -9999.0 -9999.0 -9999.0 -9999.0 -9999.0 -9999.0 -9999.0 -9999.0 -9999.0 -9999.0 -9999.0 -9999.0 -9999.0 -9999.0 -9999.0 -9999.0 -9999.0 -9999.0 -9999.0 -9999.0
-9999.0 -9999.0 -9999.0 -9999.0 -9999.0 -9999.0 -9999.0 -9999.0 -9999.0 -9999.0 -9999.0 -9999.0 -9999.0 5.108356 4.907994 6.325718 4.067074 4.820599 12.134211 5.167540 8.689772 3.615775 0.757855 -0.007288 3.020204 2.524637 3.423841 1.219727 0.103448 0.616865 0.227201 0.078632 0.139927 -5.856880 0.660891 -9999.0 -9999.0 -9999.0 -9999.0 -9999.0 -9999.0 -9999.0 -9999.0 -9999.0 -9999.0 -9999.0 -9999.0 -9999.0 -9999.0 -9999.0 -9999.0 -9999.0 -9999.0 -9999.0 -9999.0 -9999.0 -9999.0 -9999.0 -9999.0 -9999.0 -9999.0 -9999.0 -9999.0
-9999.0 -9999.0 -9999.0 -9999.0 -9999.0 -9999.0 -9999.0 -9999.0 -9999.0 -9999.0 -9999.0 -9999.0 3.914255 4.421577 5.985539 4.440928 2.715475 4.380948 11.905098 6.425913 4.232392 0.780162 1.462276 -0.023954 -0.508427 1.465125 -1.687872 0.229458 1.300039 0.867615 -0.017628 0.813287 -0.002421 0.894906 -9999.0 -9999.0 -9999.0 -9999.0 -9999.0 -9999.0 -9999.0 -9999.0 -9999.0 -9999.0 -9999.0 -9999.0 -9999.0 -9999.0 -9999.0 -9999.0 -9999.0 -9999.0 -9999.0 -9999.0 -9999.0 -9999.0 -9999.0 -9999.0 -9999.0 -9999.0 -9999.0 -9999.0 -9999.0
-9999.0 -9999.0 -9999.0 -9999.0 -9999.0 -9999.0 -9999.0 -9999.0 -9999.0 -9999.0 -9999.0 5.395106 5.413184 2.679909 5.516405 8.020875 5.601291 4.684947 11.627749 7.827788 3.004509 3.591543 3.362635 1.950250 1.319056 1.972139 0.135658 1.160266 -0.016055 0.652438 0.879575 1.657446 1.323769 0.899543 0.838312 1.633285 0.183472 1.425574 1.742208 -9999.0 -9999.0 -9999.0 0.832283 -9999.0 -9999.0 -9999.0 -9999.0 -9999.0 -9999.0 -9999.0 -9999.0 -9999.0 -9999.0 -9999.0 -9999.0 -9999.0 -9999.0 -9999.0 -9999.0 -9999.0 -9999.0 -9999.0 -9999.0
-9999.0 -9999.0 -9999.0 -9999.0 -9999.0 -9999.0 -9999.0 -9999.0 -9999.0 -9999.0 -9999.0 4.826975 5.377799 6.976527 6.689389 7.336602 7.675496 5.118427 11.733007 9.011143 8.649038 5.612002 2.737153 -0.828427 -0.486393 1.386241 0.806273 1.962113 2.639272 0.932245 0.754294 2.302651 0.051436 -0.003402 -0.002175 1.102604 2.489973 2.986913 1.660813 0.855242 0.992954 0.943547 0.341077 0.943644 -9999.0 -9999.0 -9999.0 -0.034316 -0.020530 0.056848 -0.020330 -0.004598 -0.004539 -0.341835 -0.419970 -0.004486 -9999.0 -9999.0 -9999.0 -9999.0 -9999.0 -9999.0 -9999.0
-9999.0 -9999.0 -9999.0 -9999.0 -9999.0 -9999.0 -9999.0 -9999.0 -9999.0 -9999.0 -9999.0 4.494947 5.212736 2.126374 7.355062 8.035533 3.353687 4.136490 10.088625 8.896113 2.593725 0.537923 -0.258240 1.786852 1.387492 2.203409 -0.346988 -2.162248 1.779199 -0.001485 1.388504 -0.623601 1.959960 -0.003465 0.927763 2.168388 -0.388161 -0.504930 3.884423 1.495614 1.613665 0.211184 1.951365 1.174492 -0.013142 -9999.0 0.572140 -0.014694 0.314488 1.597002 2.107251 2.977174 1.387429 0.244921 0.234281 -0.006319 -9999.0 -9999.0 -9999.0 -9999.0 -9999.0 -9999.0 -9999.0
-9999.0 -9999.0 -9999.0 -9999.0 -9999.0 -9999.0 -9999.0 -9999.0 -9999.0 -9999.0 -9999.0 -9999.0 4.944052 -0.018986 6.463232 6.783962 1.092025 3.169103 10.990449 8.742484 2.454341 1.159957 -0.038166 -0.131815 -1.059878 -0.411353 0.756730 2.214764 0.325509 1.037696 0.505030 -0.405491 2.429256 0.227279 0.056830 1.495966 -0.331252 -0.648256 4.587577 3.064431 3.272688 3.341887 -0.108709 2.434094 1.209573 -0.014179 0.343851 -0.008511 -1.044609 -0.130949 -0.009792 -0.547384 -2.367633 -1.300440 -1.107760 -0.000746 -0.016179 -9999.0 -9999.0 -9999.0 -9999.0 -9999.0 -9999.0
-9999.0 -9999.0 -9999.0 -9999.0 -9999.0 -9999.0 -9999.0 -9999.0 -9999.0 -9999.0 -9999.0 -0.085506 3.071760 6.076556 -0.024810 1.005878 2.564540 2.477355 10.379306 4.407772 2.721651 1.019457 -0.006319 -0.376455 -0.337431 -0.656339 -0.174525 0.246549 0.182659 2.453952 -0.398465 -0.597255 2.938812 0.256741 -0.002562 0.943239 1.445536 -0.088998 0.490318 4.798588 -0.089200 0.136476 -0.036127 0.025991 3.199659 0.274158 1.363252 2.469825 3.174766 -0.016524 -1.768370 0.285703 -1.855455 -3.571754 -4.284016 -0.991324 0.604844 -9999.0 -9999.0 -9999.0 -9999.0 -9999.0 -9999.0
-9999.0 -9999.0 -9999.0 -9999.0 -9999.0 -9999.0 -9999.0 -9999.0 -9999.0 -9999.0 0.884899 -0.045302 3.027758 3.354207 4.781169 -0.014498 -0.016090 0.124146 3.560085 4.053977 6.733758 4.595471 -0.275298 3.521579 -0.004121 -0.873990 -0.685598 -2.698796 2.430535 2.718190 -0.082611 -0.626073 2.537633 0.229662 0.863062 1.443948 2.279480 -0.191214 -0.113466 0.765978 0.985623 2.008657 7.114400 1.112796 -0.019031 2.538291 1.673990 -0.073250 -0.162557 -0.001425 -2.905425 0.001123 -4.756771 -1.037374 -0.649057 0.198723 0.252941 -9999.0 -9999.0 -9999.0 -9999.0 -9999.0 -9999.0
-9999.0 -9999.0 -9999.0 -9999.0 -9999.0 -9999.0 -9999.0 -9999.0 -9999.0 1.583029 1.059141 -0.039413 -0.033888 -0.090762 -0.060800 -0.039270 -0.020060 5.675512 3.487186 4.088915 7.131596 0.899436 0.520857 1.592020 0.455254 -1.054150 -1.187079 2.591769 -0.040381 -0.019060 0.500733 -1.252659 1.660061 0.792799 1.042236 1.381247 2.315757 -0.426548 -0.263714 -0.049815 -0.498457 -0.193508 -0.214654 1.735081 1.462170 -0.021919 4.295040 -0.161435 -0.150649 0.552856 -0.686459 0.475466 -1.131307 -0.681498 -0.007452 -2.049195 -1.226232 0.952358 -0.004535 -9999.0 -9999.0 -9999.0 -9999.0
-9999.0 -9999.0 -9999.0 -9999.0 -9999.0 -9999.0 -9999.0 -9999.0 -9999.0 1.691196 1.460713 2.889752 3.417795 -0.001609 -0.021800 -0.104280 3.911778 1.465630 4.048291 8.183995 7.768135 7.251298 5.243358 3.093485 -0.669758 -0.532037 -0.076592 -0.001858 1.086205 3.166855 2.639614 -1.628397 1.414848 -0.001822 0.336561 1.389529 1.987512 3.171021 1.377745 3.044679 -0.226044 -0.665802 -0.048719 1.380726 2.778498 2.950598 2.787206 1.191645 -0.003988 0.751238 -2.512095 -3.794868 -1.046305 -1.124882 0.055534 -2.932531 -1.162220 -0.703872 1.841033 -9999.0 -9999.0 -9999.0 -9999.0
-9999.0 -9999.0 -9999.0 -9999.0 -9999.0 -9999.0 -9999.0 -9999.0 -9999.0 -9999.0 0.545574 2.757425 -0.033489 -0.246693 0.403109 -0.020008 -0.001502 2.958003 4.824665 5.672788 7.882886 2.680122 -0.002391 -0.121746 -0.357575 -0.018731 0.660548 1.633103 2.519267 -1.194795 -1.531458 -1.997983 -2.091796 0.162464 1.861609 2.922235 2.584832 2.827972 2.000403 1.093683 0.315205 2.553723 2.911913 -0.020072 -0.004015 -0.002593 1.731956 5.537197 4.050867 0.815134 -1.473266 -1.165633 -0.328116 -1.188382 -1.209635 -0.016455 0.486748 -0.872111 -0.042943 -0.002961 -9999.0 -9999.0 -9999.0
-9999.0 -9999.0 -9999.0 -9999.0 -9999.0 -9999.0 -9999.0 -9999.0 -9999.0 -9999.0 0.297098 1.721516 2.472560 -0.018631 4.063782 0.398632 -0.004111 2.595850 5.268081 6.355016 3.368567 1.509687 -0.003240 -0.037453 -0.017179 1.133893 2.276996 -0.002409 -0.883891 -1.823373 0.986259 2.047557 -2.084284 0.021748 1.117519 3.036320 -0.787596 -0.050919 -0.742443 0.215177 1.306609 4.560083 -0.086451 2.474920 2.412980 -0.126095 -0.001235 -0.003755 3.123594 3.486478 0.447747 -0.753171 -2.556250 -0.004575 -1.722425 -1.132622 -0.020377 -0.183186 1.465057 2.484638 -9999.0 -9999.0 -9999.0
-9999.0 -9999.0 -9999.0 -9999.0 -9999.0 -9999.0 -9999.0 -9999.0 1.362847 0.370062 0.137128 1.558472 -0.292222 -0.051352 -0.038763 1.650737 2.914949 8.042635 6.608802 6.734234 5.091374 4.009902 3.134893 1.446971 1.133993 1.887914 4.100923 -0.433765 -0.508638 -1.731876 0.128491 1.014106 1.085995 0.089985 1.404901 1.446292 4.619427 -0.043859 -2.120779 1.512224 2.626057 2.548086 -1.711253 1.806478 3.565345 1.902919 -1.947373 -0.057058 -0.002433 2.886075 0.886724 -0.384676 -1.565519 -4.250044 -0.894903 0.011304 1.073172 2.757015 1.215596 4.500370 -9999.0 -9999.0 -9999.0
-9999.0 -9999.0 -9999.0 -9999.0 -9999.0 -9999.0 -9999.0 -9999.0 -2.236429 -0.556607 -1.313456 0.172594 1.450699 -1.350507 -0.534690 -0.002629 1.900547 2.491779 5.463243 7.274306 11.643515 10.459044 9.946103 8.895718 3.353363 3.364996 0.789179 -0.044057 -1.985574 0.217397 -0.002650 1.801271 1.630444 2.081217 1.732451 2.341966 5.824117 0.339780 -0.047941 2.185591 1.082012 0.367071 2.255626 2.335459 0.670526 -0.169238 -2.167871 1.848972 -0.042661 1.527823 2.317484 -0.024994 -3.140123 -0.016464 1.192351 -1.112758 -0.238442 -0.005915 3.541271 6.305979 7.155486 -9999.0 -9999.0
-9999.0 -9999.0 -9999.0 -9999.0 -9999.0 -9999.0 -9999.0 -9999.0 1.010312 0.468478 0.199043 -2.065506 0.658936 -1.536755 -0.164167 -0.425155 0.307691 3.669405 5.397243 11.305243 7.729553 10.660654 10.698111 6.365080 8.340404 3.226242 0.343241 -0.835705 -2.535519 1.058827 2.283028 2.497888 -0.803064 -0.566562 2.794752 5.187546 0.166313 1.841525 -0.019881 -0.078284 2.107729 2.649462 1.942454 0.421452 -0.439307 1.847484 1.403889 0.400131 -0.912197 -0.002736 2.695885 0.738052 -3.307373 -3.050315 -0.044302 -0.029858 1.482902 2.998488 6.140353 6.579209 6.962101 -9999.0 -9999.0
-9999.0 -9999.0 -9999.0 -9999.0 -9999.0 -9999.0 -9999.0 -9999.0 0.201081 1.994831 -0.069727 -2.488600 0.704498 -0.527977 -0.330699 0.171935 3.948204 5.195282 8.297324 5.655116 7.178575 7.601439 10.208766 9.370994 3.616219 1.066258 -0.002614 -1.572892 2.405456 -0.145257 -0.143441 -0.048081 0.057061 -0.032526 -0.031806 4.458734 6.456804 4.092608 0.786834 -0.016842 2.767730 2.982902 2.920063 3.575436 0.789651 2.570832 2.540323 3.074067 1.307154 -0.253046 -0.002090 2.403253 0.804952 -0.042032 1.051351 2.052528 3.921528 4.890151 5.748784 6.703248 5.758250 2.738978 -9999.0
-9999.0 -9999.0 -9999.0 -9999.0 -9999.0 -9999.0 -9999.0 -9999.0 -0.227316 0.547175 -1.499970 -1.184374 -0.338697 -0.133368 3.143853 2.874019 5.614908 2.510507 0.992617 2.879668 4.735885 7.032952 7.209317 6.883194 7.473837 0.320592 -0.693954 -0.017025 0.406682 -0.016427 -0.118802 0.676540 2.844314 1.672121 0.946233 2.517264 3.999715 6.052761 5.437117 2.671972 1.245472 1.227251 1.233415 0.319088 -0.192714 3.319630 -0.041131 -0.040087 -0.044339 0.606432 2.199326 1.735893 2.027033 2.218300 2.882747 3.279914 3.985742 5.157265 5.969638 6.024074 4.205625 2.149901 -9999.0
-9999.0 -9999.0 1.952056 1.736459 -2.688171 -0.637523 -1.594025 -1.313026 -0.001310 0.359131 -0.348036 -0.348010 -0.082092 -0.001894 4.597676 1.962107 -0.004145 -0.834632 -0.066058 0.077870 2.748721 5.470835 6.512553 6.112471 5.000335 2.021337 0.108944 0.319863 2.619147 4.482262 -0.002645 0.909850 7.254488 3.425782 5.229216 4.645225 7.654588 8.299468 7.212397 4.541051 5.365953 5.414985 4.291659 3.493072 -0.003103 0.973873 2.110082 1.467058 3.687054 4.564006 5.250970 4.690423 3.722236 3.138026 3.036265 7.450549 3.744088 4.399473 4.365451 3.555892 5.802896 1.363319 -9999.0
-9999.0 -0.091891 -0.181673 -0.251492 -0.556318 -0.438710 -0.986529 -1.466090 -2.423192 0.132595 -1.025474 -0.487698 -0.001212 3.897987 3.462067 -0.164405 -0.357466 -0.827160 -0.468072 -0.002774 2.523925 4.285574 8.036396 4.928226 8.668200 4.778490 6.936834 7.239923 5.502789 4.139974 4.091684 4.260620 5.983949 10.086270 8.265038 9.556814 11.189565 11.195763 11.365391 9.734866 8.831029 8.669110 8.001454 4.824902 3.533188 3.924483 5.401677 5.925937 7.122791 6.116294 5.639423 4.549254 3.529846 2.701655 2.621769 2.090567 0.776402 1.137309 1.886023 3.860183 0.537041 1.155862 -9999.0
-9999.0 3.798530 -0.032998 -0.036077 2.098806 -0.047219 -2.115718 -1.974374 -0.003623 0.040434 -1.211534 -0.860619 0.250440 3.660131 -0.063883 -2.100929 -1.325324 -1.014762 -0.477612 -0.008991 4.305930 2.071196 3.105086 3.652632 8.737821 9.730435 5.434697 6.668802 6.752597 6.396590 6.539793 6.313327 7.819861 8.711233 12.792267 11.744531 17.528028 18.518910 14.228746 13.158684 12.453911 11.446247 10.394560 8.072169 7.930366 7.797548 8.368087 8.123699 7.493317 6.667670 4.786793 2.109033 0.920433 1.525277 0.646911 -0.002103 -0.241215 -0.003390 -0.002142 -0.005976 -0.002426 -9999.0 -9999.0
