erum2020/resources/simulation/Vinschgau/output-maps/TsL0005N0607.asc
ncols         63
nrows         48
xllcorner     598000.000000
yllcorner     5145000.000000
cellsize      1000.000000
NODATA_value  -9999.0
[rows 0 to 27 of 48, columns 0 to 62 of 63]
-9999.0 -9999.0 -9999.0 -9999.0 -9999.0 -9999.0 -9999.0 -9999.0 -9999.0 -9999.0 -9999.0 -9999.0 -9999.0 -9999.0 -9999.0 -9999.0 -9999.0 -9999.0 -9999.0 -9999.0 -9999.0 -9999.0 -9999.0 -9999.0 -9999.0 -9999.0 -9999.0 -9999.0 -9999.0 -9999.0 -9999.0 -9999.0 -9999.0 -9999.0 -9999.0 -9999.0 -9999.0 -9999.0 -9999.0 -9999.0 -9999.0 -9999.0 -9999.0 -9999.0 -9999.0 -9999.0 -9999.0 -9999.0 -9999.0 -9999.0 -9999.0 -9999.0 -9999.0 -9999.0 -9999.0 -9999.0 -9999.0 -9999.0 -9999.0 -9999.0 -9999.0 -9999.0 -9999.0
-9999.0 -9999.0 -9999.0 -9999.0 -9999.0 -9999.0 -9999.0 -9999.0 -9999.0 -9999.0 -9999.0 -9999.0 -9999.0 -9999.0 -9999.0 -9999.0 -9999.0 -9999.0 -9999.0 -9999.0 -9999.0 -9999.0 -9999.0 -9999.0 -9999.0 -9999.0 -9999.0 8.968468 10.562265 9.474880 9.593378 7.994601 9.263582 -9999.0 -9999.0 -9999.0 -9999.0 -9999.0 -9999.0 -9999.0 -9999.0 -9999.0 -9999.0 -9999.0 -9999.0 -9999.0 -9999.0 -9999.0 -9999.0 -9999.0 -9999.0 -9999.0 -9999.0 -9999.0 -9999.0 -9999.0 -9999.0 -9999.0 -9999.0 -9999.0 -9999.0 -9999.0 -9999.0
-9999.0 -9999.0 -9999.0 -9999.0 -9999.0 -9999.0 -9999.0 -9999.0 -9999.0 -9999.0 -9999.0 -9999.0 -9999.0 -9999.0 -9999.0 -9999.0 -9999.0 -9999.0 -9999.0 -9999.0 -9999.0 -9999.0 -9999.0 -9999.0 10.779381 11.236367 11.712204 11.262912 11.403682 11.280578 9.240043 -9999.0 -9999.0 -9999.0 -9999.0 -9999.0 -9999.0 -9999.0 -9999.0 -9999.0 -9999.0 -9999.0 -9999.0 -9999.0 -9999.0 -9999.0 -9999.0 -9999.0 -9999.0 -9999.0 -9999.0 -9999.0 -9999.0 -9999.0 -9999.0 -9999.0 -9999.0 -9999.0 -9999.0 -9999.0 -9999.0 -9999.0 -9999.0
-9999.0 -9999.0 -9999.0 -9999.0 -9999.0 -9999.0 -9999.0 -9999.0 -9999.0 -9999.0 -9999.0 -9999.0 -9999.0 -9999.0 -9999.0 -9999.0 -9999.0 -9999.0 -9999.0 -9999.0 -9999.0 -9999.0 -9999.0 11.019841 11.889513 12.426960 12.656864 12.719748 12.866183 11.841235 9.694814 8.502572 -9999.0 -9999.0 -9999.0 -9999.0 -9999.0 -9999.0 -9999.0 -9999.0 -9999.0 -9999.0 -9999.0 -9999.0 -9999.0 -9999.0 -9999.0 -9999.0 -9999.0 -9999.0 -9999.0 -9999.0 -9999.0 -9999.0 -9999.0 -9999.0 -9999.0 -9999.0 -9999.0 -9999.0 -9999.0 -9999.0 -9999.0
-9999.0 -9999.0 -9999.0 -9999.0 -9999.0 -9999.0 -9999.0 -9999.0 -9999.0 -9999.0 -9999.0 -9999.0 -9999.0 -9999.0 -9999.0 -9999.0 -9999.0 -9999.0 12.926482 11.059117 -9999.0 10.759900 11.444164 12.518091 12.732770 13.976822 14.402983 14.554545 14.489124 12.913427 11.521260 10.180505 7.351578 5.053961 -9999.0 -9999.0 -9999.0 -9999.0 -9999.0 -9999.0 -9999.0 -9999.0 -9999.0 -9999.0 -9999.0 -9999.0 -9999.0 -9999.0 -9999.0 -9999.0 -9999.0 -9999.0 -9999.0 -9999.0 -9999.0 -9999.0 -9999.0 -9999.0 -9999.0 -9999.0 -9999.0 -9999.0 -9999.0
-9999.0 -9999.0 -9999.0 -9999.0 -9999.0 -9999.0 -9999.0 -9999.0 -9999.0 -9999.0 -9999.0 -9999.0 -9999.0 -9999.0 -9999.0 -9999.0 -9999.0 12.914106 11.466794 10.512359 10.332703 10.634091 11.621673 12.412095 15.665793 10.429844 9.477848 10.843183 9.733558 11.929966 12.529077 11.277699 9.933961 8.914608 6.373186 1.228081 -9999.0 -9999.0 -9999.0 -9999.0 -9999.0 -9999.0 -9999.0 -9999.0 -9999.0 -9999.0 -9999.0 -9999.0 -9999.0 -9999.0 -9999.0 -9999.0 -9999.0 -9999.0 -9999.0 -9999.0 -9999.0 -9999.0 -9999.0 -9999.0 -9999.0 -9999.0 -9999.0
-9999.0 -9999.0 -9999.0 -9999.0 -9999.0 -9999.0 -9999.0 -9999.0 -9999.0 -9999.0 -9999.0 -9999.0 -9999.0 10.204624 11.202713 10.837759 12.124322 18.018281 12.632500 12.651019 12.623912 13.232422 14.249586 15.484628 9.919649 11.084193 8.327520 7.809566 10.281290 10.957339 10.289394 11.001690 10.343836 9.311165 8.083294 1.237661 -9999.0 -9999.0 -9999.0 -9999.0 -9999.0 -9999.0 -9999.0 -9999.0 -9999.0 -9999.0 -9999.0 -9999.0 -9999.0 -9999.0 -9999.0 -9999.0 -9999.0 -9999.0 -9999.0 -9999.0 -9999.0 -9999.0 -9999.0 -9999.0 -9999.0 -9999.0 -9999.0
-9999.0 -9999.0 -9999.0 -9999.0 -9999.0 -9999.0 -9999.0 -9999.0 -9999.0 -9999.0 -9999.0 -9999.0 -9999.0 10.600460 11.713785 10.897870 10.716317 16.050970 18.167422 14.133968 12.385313 14.460717 11.276257 10.793005 12.284191 11.377723 10.602127 8.691651 7.590692 8.600304 7.776863 9.131172 6.843661 1.165136 5.747707 -9999.0 -9999.0 -9999.0 -9999.0 -9999.0 -9999.0 -9999.0 -9999.0 -9999.0 -9999.0 -9999.0 -9999.0 -9999.0 -9999.0 -9999.0 -9999.0 -9999.0 -9999.0 -9999.0 -9999.0 -9999.0 -9999.0 -9999.0 -9999.0 -9999.0 -9999.0 -9999.0 -9999.0
-9999.0 -9999.0 -9999.0 -9999.0 -9999.0 -9999.0 -9999.0 -9999.0 -9999.0 -9999.0 -9999.0 -9999.0 -9999.0 11.342713 12.154422 12.071144 10.077411 11.307408 17.877110 12.443961 13.475913 10.308074 8.988665 9.478429 12.056881 8.665429 9.909157 6.922633 8.549842 6.132591 8.794621 1.100691 1.136138 0.859293 1.205330 -9999.0 -9999.0 -9999.0 -9999.0 -9999.0 -9999.0 -9999.0 -9999.0 -9999.0 -9999.0 -9999.0 -9999.0 -9999.0 -9999.0 -9999.0 -9999.0 -9999.0 -9999.0 -9999.0 -9999.0 -9999.0 -9999.0 -9999.0 -9999.0 -9999.0 -9999.0 -9999.0 -9999.0
-9999.0 -9999.0 -9999.0 -9999.0 -9999.0 -9999.0 -9999.0 -9999.0 -9999.0 -9999.0 -9999.0 -9999.0 10.694762 11.587986 11.611636 10.325362 8.392066 10.408307 16.350979 11.760897 12.068715 9.922023 8.169400 7.871292 10.306776 9.618435 7.846831 8.972801 10.784576 6.622997 1.756371 6.694940 8.262679 1.340710 -9999.0 -9999.0 -9999.0 -9999.0 -9999.0 -9999.0 -9999.0 -9999.0 -9999.0 -9999.0 -9999.0 -9999.0 -9999.0 -9999.0 -9999.0 -9999.0 -9999.0 -9999.0 -9999.0 -9999.0 -9999.0 -9999.0 -9999.0 -9999.0 -9999.0 -9999.0 -9999.0 -9999.0 -9999.0
-9999.0 -9999.0 -9999.0 -9999.0 -9999.0 -9999.0 -9999.0 -9999.0 -9999.0 -9999.0 -9999.0 9.706062 9.059286 9.335803 9.641401 9.262838 7.828003 9.800255 16.358234 11.559898 10.542711 11.421551 10.975822 9.909340 9.818964 10.446623 7.918405 10.298750 10.583026 5.395644 6.467918 10.702273 8.276348 5.848438 6.381738 8.573677 10.324990 11.938264 12.685116 -9999.0 -9999.0 -9999.0 5.963326 -9999.0 -9999.0 -9999.0 -9999.0 -9999.0 -9999.0 -9999.0 -9999.0 -9999.0 -9999.0 -9999.0 -9999.0 -9999.0 -9999.0 -9999.0 -9999.0 -9999.0 -9999.0 -9999.0 -9999.0
-9999.0 -9999.0 -9999.0 -9999.0 -9999.0 -9999.0 -9999.0 -9999.0 -9999.0 -9999.0 -9999.0 9.457381 8.797266 9.366777 9.171158 7.823262 10.806003 10.800241 16.198812 14.018514 13.671815 12.158988 11.029560 6.187674 7.788307 10.095873 10.233031 11.041781 9.695583 5.670293 10.234477 11.479117 8.753446 7.624444 7.340668 11.759611 13.670466 14.025545 12.151329 8.367543 6.954588 5.911955 10.487982 7.453431 -9999.0 -9999.0 -9999.0 6.740795 7.362329 7.259151 8.698942 7.066267 7.034590 7.546832 7.958557 1.479557 -9999.0 -9999.0 -9999.0 -9999.0 -9999.0 -9999.0 -9999.0
-9999.0 -9999.0 -9999.0 -9999.0 -9999.0 -9999.0 -9999.0 -9999.0 -9999.0 -9999.0 -9999.0 9.737914 8.732816 7.318536 9.490254 8.987714 7.353542 8.284438 13.847448 15.590767 9.748625 9.872451 8.109610 10.860047 9.751130 9.291681 7.465214 8.830805 8.637058 7.480588 7.899289 8.487681 11.460327 7.844240 7.312907 12.897652 10.352591 11.241238 15.944411 11.561229 12.302468 9.959853 12.645793 10.936632 7.951701 -9999.0 6.141454 8.113824 10.454465 11.466332 11.735112 10.721651 11.282862 10.937807 10.734651 9.770854 -9999.0 -9999.0 -9999.0 -9999.0 -9999.0 -9999.0 -9999.0
-9999.0 -9999.0 -9999.0 -9999.0 -9999.0 -9999.0 -9999.0 -9999.0 -9999.0 -9999.0 -9999.0 -9999.0 9.451329 6.589036 9.803743 9.594773 6.405705 8.392694 14.814884 15.907078 9.953277 10.475616 10.322445 9.290470 6.554494 7.407322 12.879657 10.430864 9.844590 7.735928 10.244534 7.333776 11.500283 9.747512 8.290911 11.640019 9.205401 11.324323 18.722025 13.765317 13.600828 13.432292 9.710720 12.521017 8.211576 7.716114 6.343137 8.361300 6.944087 9.991802 11.175332 9.405067 10.083037 7.432048 8.408977 10.207041 9.718723 -9999.0 -9999.0 -9999.0 -9999.0 -9999.0 -9999.0
-9999.0 -9999.0 -9999.0 -9999.0 -9999.0 -9999.0 -9999.0 -9999.0 -9999.0 -9999.0 -9999.0 6.116901 8.448050 9.619027 7.733816 7.789300 8.695722 8.613862 14.812930 12.063954 10.533064 9.922809 10.356076 7.493420 7.548021 10.321277 9.411033 9.411354 9.800083 9.584211 7.529372 9.830517 12.356704 9.654056 6.953200 11.413944 10.982764 10.210840 11.930960 16.361521 9.973084 11.021473 11.279656 9.909548 12.660839 10.044845 10.802487 9.723369 10.344307 11.202578 7.865741 9.982350 7.587412 5.751019 5.509508 7.283666 8.455058 -9999.0 -9999.0 -9999.0 -9999.0 -9999.0 -9999.0
-9999.0 -9999.0 -9999.0 -9999.0 -9999.0 -9999.0 -9999.0 -9999.0 -9999.0 -9999.0 10.996735 7.674918 10.463714 10.178313 10.908430 9.216559 8.978780 8.305393 11.561126 12.373683 14.943611 13.813586 8.774661 12.878064 10.860448 10.317121 7.203679 6.869126 11.476175 12.071505 10.439445 9.959877 11.309959 9.184434 5.557631 7.727713 12.629192 9.463194 9.612182 12.293671 12.277813 11.932397 16.233244 11.131525 10.488430 10.033526 11.042151 9.995062 10.885444 11.496602 7.106193 7.139548 2.456936 1.012949 6.837743 10.955481 11.103989 -9999.0 -9999.0 -9999.0 -9999.0 -9999.0 -9999.0
-9999.0 -9999.0 -9999.0 -9999.0 -9999.0 -9999.0 -9999.0 -9999.0 -9999.0 9.321928 10.416355 6.888309 9.174824 7.982537 7.196212 7.220442 7.753587 12.835119 11.950436 12.914900 16.679586 10.886917 10.399036 12.489934 11.417218 8.476549 7.917547 12.295652 10.660182 11.206970 11.940034 7.187349 8.172106 5.548339 5.938742 7.508849 10.656742 8.562813 7.159561 9.918914 9.983083 8.797143 8.731487 11.593455 11.291289 10.659819 14.087938 10.076590 10.115148 12.302832 8.133568 8.477273 1.127579 1.480108 7.404877 8.477148 9.240245 10.064951 8.193487 -9999.0 -9999.0 -9999.0 -9999.0
-9999.0 -9999.0 -9999.0 -9999.0 -9999.0 -9999.0 -9999.0 -9999.0 -9999.0 9.644688 9.611386 10.452639 13.066534 10.009180 9.183886 8.219992 12.281124 11.019458 12.808650 17.497638 17.459693 17.167799 15.116619 13.529205 8.760418 7.780359 10.248327 11.253275 12.808693 13.775204 12.646613 7.083382 10.301562 8.085820 9.652968 7.970093 9.002356 10.194076 10.034442 11.353291 8.592715 6.358986 9.797845 11.581334 12.071719 13.402322 13.363437 12.502304 11.982612 12.301911 7.855122 5.796677 1.417769 8.542683 8.974828 6.462554 8.297959 8.714157 11.026157 -9999.0 -9999.0 -9999.0 -9999.0
-9999.0 -9999.0 -9999.0 -9999.0 -9999.0 -9999.0 -9999.0 -9999.0 -9999.0 -9999.0 9.503599 10.952513 9.494129 9.810556 11.087620 10.092655 10.392344 12.167742 13.741333 15.003867 17.056846 11.816571 9.929488 9.342972 7.920815 11.159480 12.467432 13.446072 12.873500 7.369113 7.194501 9.175153 5.819988 8.312451 10.909469 11.898686 12.361042 12.114910 8.807601 9.272209 8.241284 11.594890 12.492563 9.651383 9.765800 10.143558 11.017080 15.504627 14.437275 12.375077 8.982771 9.516101 7.777112 1.782788 2.373317 10.208520 11.544701 12.298208 12.691747 12.579360 -9999.0 -9999.0 -9999.0
-9999.0 -9999.0 -9999.0 -9999.0 -9999.0 -9999.0 -9999.0 -9999.0 -9999.0 -9999.0 9.569277 10.483551 11.078611 10.160352 15.624797 10.751222 10.489818 12.252135 14.545555 15.470955 13.022126 11.504231 9.971727 10.445157 11.114523 13.437818 14.295427 11.035712 8.877275 6.169376 9.871885 11.160605 6.435685 7.407442 9.339686 10.921734 10.180831 9.785967 7.791476 7.925529 9.821221 10.600017 0.181744 10.583317 11.519081 8.955100 10.441565 10.460164 12.581795 14.617804 12.744870 0.209348 8.726008 8.959683 7.984476 8.542861 10.130900 11.213367 13.707957 15.017844 -9999.0 -9999.0 -9999.0
-9999.0 -9999.0 -9999.0 -9999.0 -9999.0 -9999.0 -9999.0 -9999.0 11.454933 10.801086 9.369019 10.816753 7.828787 8.113557 9.492426 12.116021 12.792712 17.796470 15.804948 15.910568 14.442909 13.451668 12.605996 11.028340 12.572956 13.730276 15.371266 9.598943 7.697344 6.562003 6.312003 9.741501 9.989751 7.715989 9.899468 8.805382 12.023781 10.063037 6.432910 7.028446 8.315307 10.535759 6.793257 7.659351 10.418836 12.458558 6.905307 9.844356 11.028416 14.392462 13.235525 10.749398 9.808525 7.121621 8.667022 12.051406 11.172082 14.449033 13.962587 15.201246 -9999.0 -9999.0 -9999.0
-9999.0 -9999.0 -9999.0 -9999.0 -9999.0 -9999.0 -9999.0 -9999.0 7.704934 7.940020 7.077788 9.848268 10.699831 8.232573 9.112625 10.595344 12.050813 12.451937 14.817661 16.404812 20.773195 19.263420 17.996143 16.981810 13.200563 13.937274 11.892448 10.727922 7.701231 10.234355 8.593612 8.935845 10.541095 8.314799 10.389809 10.773600 13.048993 10.791498 7.487571 10.287514 8.129495 6.394675 7.740346 10.832501 12.335013 8.949699 7.224472 11.056633 10.850380 12.782415 15.156675 12.440646 8.320480 12.177714 13.750256 11.649246 12.347093 13.415609 15.706912 17.713279 18.070275 -9999.0 -9999.0
-9999.0 -9999.0 -9999.0 -9999.0 -9999.0 -9999.0 -9999.0 -9999.0 10.060706 12.083560 11.920248 7.303535 11.918195 7.428946 8.569781 9.620486 11.534183 13.950065 15.008132 20.455381 16.882396 19.741556 19.507890 15.829131 18.659496 12.907241 11.267164 8.991999 6.736898 11.009001 9.434022 11.885028 8.012496 8.098621 11.113027 12.777675 0.915753 11.038785 7.547632 8.215208 9.378641 7.678489 10.100214 10.794453 8.047029 10.636500 8.962880 11.208447 8.937679 11.679338 14.795815 14.301491 10.718469 10.342554 13.823592 14.403834 15.374113 16.132078 17.716840 17.774377 17.804501 -9999.0 -9999.0
-9999.0 -9999.0 -9999.0 -9999.0 -9999.0 -9999.0 -9999.0 -9999.0 7.276481 11.599438 10.751797 7.392239 12.225449 10.162830 10.473076 11.582542 14.300650 15.316979 17.015331 15.264139 16.484176 16.964856 19.917322 19.506768 13.897611 11.721266 10.009094 7.588789 12.462539 10.345422 8.195431 9.973159 10.684377 10.787367 7.666312 11.693491 12.888576 11.684809 0.424305 8.775591 9.821179 10.599640 10.854585 10.035113 10.496195 9.754685 11.609365 10.739409 12.189007 11.396680 12.663085 15.582358 15.268765 14.297445 16.078069 16.555677 17.314748 16.314426 17.077302 17.715861 16.504776 13.621276 -9999.0
-9999.0 -9999.0 -9999.0 -9999.0 -9999.0 -9999.0 -9999.0 -9999.0 8.291218 11.412576 0.233818 9.790775 10.915250 11.472034 15.647914 15.008956 16.540441 13.096905 11.808601 13.128462 14.709373 16.768215 17.003056 17.005860 17.733548 11.563237 9.376862 11.011992 11.815062 11.757703 9.212825 11.186993 12.514063 11.352069 0.214130 0.222048 11.384416 12.700606 11.878635 11.019079 10.086507 0.344825 10.846683 10.334051 8.831680 12.468968 10.544433 11.696299 11.544955 13.614453 15.643727 15.325848 16.221531 17.660530 17.676158 17.665071 18.150471 17.965163 17.595457 16.646768 14.720848 12.695752 -9999.0
-9999.0 -9999.0 10.998209 11.339386 8.588185 8.434935 9.569233 8.558819 10.717847 11.120543 0.230522 11.624424 11.855871 13.898091 18.480807 14.240951 11.447505 9.540254 10.393294 11.593004 13.345363 15.674544 16.736564 16.288093 15.613778 12.931754 11.579207 11.512788 12.749325 14.936608 10.008650 10.296925 15.151679 11.249879 12.841407 11.377211 13.853121 13.919013 12.679299 10.922858 12.322239 12.678586 11.573974 12.271454 9.717411 11.341042 12.781763 11.917453 14.557731 16.280089 17.442515 17.986257 18.177414 18.276213 18.205287 21.806869 17.115812 16.822012 15.770266 14.212679 15.837663 11.666993 -9999.0
-9999.0 9.599631 9.503918 9.382425 8.934822 9.789976 9.426500 6.965314 6.696291 10.574295 8.245673 10.744606 12.909462 16.873103 17.360883 11.428593 10.533272 7.917947 10.149487 11.635252 13.636071 15.065294 19.299537 15.945560 19.575711 15.656122 18.071090 18.072222 15.325975 14.294200 13.887061 13.501908 13.552349 16.599453 14.670394 15.797993 16.562051 15.680156 15.945335 15.078160 14.816993 14.785341 14.487168 12.081109 12.062026 12.787444 15.066750 15.215078 17.216418 16.844710 17.400844 17.420785 16.857464 16.818293 16.830001 16.126614 14.282271 13.929496 14.134830 14.957345 11.386616 11.238754 -9999.0
-9999.0 12.276455 10.463598 10.647514 13.583845 10.527514 7.832791 7.356817 10.864004 10.959717 9.538848 10.573045 13.018547 17.563823 12.177888 9.642323 7.981915 7.867291 11.437404 11.477798 15.298989 13.747071 15.450609 16.647432 20.704156 20.991467 15.895918 16.583449 16.307637 15.478162 15.334048 14.787590 14.769727 15.331697 19.315823 17.191311 22.040991 22.619587 17.764957 17.879562 17.569845 16.480427 15.852272 15.155718 15.593756 15.867094 17.087408 17.410164 16.885840 17.011807 15.716267 14.311240 14.147770 15.028660 14.483174 12.934853 12.972784 11.842814 11.378030 10.402993 10.232547 -9999.0 -9999.0
