erum2020/resources/simulation/Vinschgau/output-maps/TsL0002N0791.asc
ncols         63
nrows         48
xllcorner     598000.000000
yllcorner     5145000.000000
cellsize      1000.000000
NODATA_value  -9999.0
[rows 0 to 27 of 48, columns 0 to 62 of 63]
-9999.0 -9999.0 -9999.0 -9999.0 -9999.0 -9999.0 -9999.0 -9999.0 -9999.0 -9999.0 -9999.0 -9999.0 -9999.0 -9999.0 -9999.0 -9999.0 -9999.0 -9999.0 -9999.0 -9999.0 -9999.0 -9999.0 -9999.0 -9999.0 -9999.0 -9999.0 -9999.0 -9999.0 -9999.0 -9999.0 -9999.0 -9999.0 -9999.0 -9999.0 -9999.0 -9999.0 -9999.0 -9999.0 -9999.0 -9999.0 -9999.0 -9999.0 -9999.0 -9999.0 -9999.0 -9999.0 -9999.0 -9999.0 -9999.0 -9999.0 -9999.0 -9999.0 -9999.0 -9999.0 -9999.0 -9999.0 -9999.0 -9999.0 -9999.0 -9999.0 -9999.0 -9999.0 -9999.0
-9999.0 -9999.0 -9999.0 -9999.0 -9999.0 -9999.0 -9999.0 -9999.0 -9999.0 -9999.0 -9999.0 -9999.0 -9999.0 -9999.0 -9999.0 -9999.0 -9999.0 -9999.0 -9999.0 -9999.0 -9999.0 -9999.0 -9999.0 -9999.0 -9999.0 -9999.0 -9999.0 -5.481517 -3.666404 -5.522118 -4.649913 -5.427277 -5.861265 -9999.0 -9999.0 -9999.0 -9999.0 -9999.0 -9999.0 -9999.0 -9999.0 -9999.0 -9999.0 -9999.0 -9999.0 -9999.0 -9999.0 -9999.0 -9999.0 -9999.0 -9999.0 -9999.0 -9999.0 -9999.0 -9999.0 -9999.0 -9999.0 -9999.0 -9999.0 -9999.0 -9999.0 -9999.0 -9999.0
-9999.0 -9999.0 -9999.0 -9999.0 -9999.0 -9999.0 -9999.0 -9999.0 -9999.0 -9999.0 -9999.0 -9999.0 -9999.0 -9999.0 -9999.0 -9999.0 -9999.0 -9999.0 -9999.0 -9999.0 -9999.0 -9999.0 -9999.0 -9999.0 -2.636834 -2.407910 -1.762298 -2.610457 -3.870039 -4.158400 -4.338470 -9999.0 -9999.0 -9999.0 -9999.0 -9999.0 -9999.0 -9999.0 -9999.0 -9999.0 -9999.0 -9999.0 -9999.0 -9999.0 -9999.0 -9999.0 -9999.0 -9999.0 -9999.0 -9999.0 -9999.0 -9999.0 -9999.0 -9999.0 -9999.0 -9999.0 -9999.0 -9999.0 -9999.0 -9999.0 -9999.0 -9999.0 -9999.0
-9999.0 -9999.0 -9999.0 -9999.0 -9999.0 -9999.0 -9999.0 -9999.0 -9999.0 -9999.0 -9999.0 -9999.0 -9999.0 -9999.0 -9999.0 -9999.0 -9999.0 -9999.0 -9999.0 -9999.0 -9999.0 -9999.0 -9999.0 -2.082710 -1.250771 0.026292 0.339069 0.515787 -0.466864 -2.257443 -4.302554 -4.854786 -9999.0 -9999.0 -9999.0 -9999.0 -9999.0 -9999.0 -9999.0 -9999.0 -9999.0 -9999.0 -9999.0 -9999.0 -9999.0 -9999.0 -9999.0 -9999.0 -9999.0 -9999.0 -9999.0 -9999.0 -9999.0 -9999.0 -9999.0 -9999.0 -9999.0 -9999.0 -9999.0 -9999.0 -9999.0 -9999.0 -9999.0
-9999.0 -9999.0 -9999.0 -9999.0 -9999.0 -9999.0 -9999.0 -9999.0 -9999.0 -9999.0 -9999.0 -9999.0 -9999.0 -9999.0 -9999.0 -9999.0 -9999.0 -9999.0 0.014721 -1.528405 -9999.0 -1.759490 -1.313269 -0.002456 0.028001 0.808173 -0.000508 -0.001740 0.016247 -0.037698 -2.489813 -4.057663 -6.635222 -9.033760 -9999.0 -9999.0 -9999.0 -9999.0 -9999.0 -9999.0 -9999.0 -9999.0 -9999.0 -9999.0 -9999.0 -9999.0 -9999.0 -9999.0 -9999.0 -9999.0 -9999.0 -9999.0 -9999.0 -9999.0 -9999.0 -9999.0 -9999.0 -9999.0 -9999.0 -9999.0 -9999.0 -9999.0 -9999.0
-9999.0 -9999.0 -9999.0 -9999.0 -9999.0 -9999.0 -9999.0 -9999.0 -9999.0 -9999.0 -9999.0 -9999.0 -9999.0 -9999.0 -9999.0 -9999.0 -9999.0 3.833392 1.947992 1.002972 -2.841153 -0.061003 -0.043521 -0.013057 0.011573 -0.020736 -0.180709 -0.059281 -0.085327 -0.006738 -2.666083 -4.312793 -5.002615 -5.600070 -7.575032 -8.885698 -9999.0 -9999.0 -9999.0 -9999.0 -9999.0 -9999.0 -9999.0 -9999.0 -9999.0 -9999.0 -9999.0 -9999.0 -9999.0 -9999.0 -9999.0 -9999.0 -9999.0 -9999.0 -9999.0 -9999.0 -9999.0 -9999.0 -9999.0 -9999.0 -9999.0 -9999.0 -9999.0
-9999.0 -9999.0 -9999.0 -9999.0 -9999.0 -9999.0 -9999.0 -9999.0 -9999.0 -9999.0 -9999.0 -9999.0 -9999.0 -0.523578 -0.004326 1.651341 3.387241 2.775324 3.412748 0.025178 0.015946 -0.000140 0.077744 0.011077 -0.026051 -1.304600 -1.918021 -0.971321 -0.417727 -0.075701 -1.270287 -3.036871 -4.821950 -5.832727 -6.594686 -9.054333 -9999.0 -9999.0 -9999.0 -9999.0 -9999.0 -9999.0 -9999.0 -9999.0 -9999.0 -9999.0 -9999.0 -9999.0 -9999.0 -9999.0 -9999.0 -9999.0 -9999.0 -9999.0 -9999.0 -9999.0 -9999.0 -9999.0 -9999.0 -9999.0 -9999.0 -9999.0 -9999.0
-9999.0 -9999.0 -9999.0 -9999.0 -9999.0 -9999.0 -9999.0 -9999.0 -9999.0 -9999.0 -9999.0 -9999.0 -9999.0 -0.020463 0.876400 2.344346 2.631393 1.930311 2.809142 1.287988 2.226182 0.184860 0.787817 -0.002837 -0.015277 -0.052447 -3.645028 -5.176774 -6.205636 -1.466042 -2.427839 -4.046345 -6.581764 -9.665282 -8.326733 -9999.0 -9999.0 -9999.0 -9999.0 -9999.0 -9999.0 -9999.0 -9999.0 -9999.0 -9999.0 -9999.0 -9999.0 -9999.0 -9999.0 -9999.0 -9999.0 -9999.0 -9999.0 -9999.0 -9999.0 -9999.0 -9999.0 -9999.0 -9999.0 -9999.0 -9999.0 -9999.0 -9999.0
-9999.0 -9999.0 -9999.0 -9999.0 -9999.0 -9999.0 -9999.0 -9999.0 -9999.0 -9999.0 -9999.0 -9999.0 -9999.0 0.448992 0.091143 1.593885 1.919750 2.928656 2.998167 3.294069 0.113223 -0.003296 -0.018769 -0.057803 -0.012590 -0.024943 -3.732160 -6.532807 -4.769345 -8.641150 -4.995085 -9.891785 -10.519068 -9.313391 -9.499090 -9999.0 -9999.0 -9999.0 -9999.0 -9999.0 -9999.0 -9999.0 -9999.0 -9999.0 -9999.0 -9999.0 -9999.0 -9999.0 -9999.0 -9999.0 -9999.0 -9999.0 -9999.0 -9999.0 -9999.0 -9999.0 -9999.0 -9999.0 -9999.0 -9999.0 -9999.0 -9999.0 -9999.0
-9999.0 -9999.0 -9999.0 -9999.0 -9999.0 -9999.0 -9999.0 -9999.0 -9999.0 -9999.0 -9999.0 -9999.0 -0.005297 0.022038 1.064491 -0.001628 0.403208 2.238630 2.401342 2.059873 0.009399 -0.081504 -0.088471 -0.233141 -1.296686 -3.631710 -2.734697 -4.461788 -4.644919 -6.881786 -9.548867 -7.043004 -6.944513 -9.923538 -9999.0 -9999.0 -9999.0 -9999.0 -9999.0 -9999.0 -9999.0 -9999.0 -9999.0 -9999.0 -9999.0 -9999.0 -9999.0 -9999.0 -9999.0 -9999.0 -9999.0 -9999.0 -9999.0 -9999.0 -9999.0 -9999.0 -9999.0 -9999.0 -9999.0 -9999.0 -9999.0 -9999.0 -9999.0
-9999.0 -9999.0 -9999.0 -9999.0 -9999.0 -9999.0 -9999.0 -9999.0 -9999.0 -9999.0 -9999.0 -0.592942 0.263580 0.455535 0.321362 -0.010199 0.727577 2.132086 2.562832 1.482339 0.672354 -0.000978 -1.802651 -3.340242 -2.075846 -3.127132 -5.789203 -3.779223 -4.423403 -8.517561 -7.258606 -4.581497 -6.659525 -8.190338 -7.465730 -6.464331 -4.769230 -4.147165 -4.075090 -9999.0 -9999.0 -9999.0 -8.399421 -9999.0 -9999.0 -9999.0 -9999.0 -9999.0 -9999.0 -9999.0 -9999.0 -9999.0 -9999.0 -9999.0 -9999.0 -9999.0 -9999.0 -9999.0 -9999.0 -9999.0 -9999.0 -9999.0 -9999.0
-9999.0 -9999.0 -9999.0 -9999.0 -9999.0 -9999.0 -9999.0 -9999.0 -9999.0 -9999.0 -9999.0 -0.976855 0.571434 1.485962 1.598804 -0.251246 2.715156 2.756433 2.587713 1.786641 0.123923 -0.024345 -1.480756 -1.833856 -3.407165 -3.720103 -4.019504 -4.479205 -5.138206 -8.176092 -3.815975 -3.868527 -4.770465 -6.315983 -6.918460 -4.055182 -2.970186 -3.024082 -4.087983 -7.745029 -7.748252 -8.293181 -4.246533 -6.635343 -9999.0 -9999.0 -9999.0 -7.359806 -7.307589 -7.242001 -6.095093 -8.290296 -8.601947 -6.788152 -6.408699 -9.136199 -9999.0 -9999.0 -9999.0 -9999.0 -9999.0 -9999.0 -9999.0
-9999.0 -9999.0 -9999.0 -9999.0 -9999.0 -9999.0 -9999.0 -9999.0 -9999.0 -9999.0 -9999.0 -1.520980 -1.051702 -0.499869 -0.012598 -0.012822 -0.000941 2.192583 2.072887 1.841374 1.134762 -0.031532 -0.958473 -2.619103 -3.728461 -5.173209 -1.133670 -3.074202 -5.704768 -6.560011 -6.152075 -4.006294 -3.271063 -5.644567 -6.708185 -4.333213 -2.883705 -2.713489 -2.193214 -5.845425 -3.693706 -5.126592 -4.438904 -3.671012 -5.680686 -9999.0 -9.762516 -6.032401 -4.012233 -3.255387 -3.049276 -4.562042 -3.639152 -4.117518 -5.161884 -5.602304 -9999.0 -9999.0 -9999.0 -9999.0 -9999.0 -9999.0 -9999.0
-9999.0 -9999.0 -9999.0 -9999.0 -9999.0 -9999.0 -9999.0 -9999.0 -9999.0 -9999.0 -9999.0 -9999.0 -0.746464 -0.067087 -0.067303 -0.031694 -0.004004 1.501775 2.134015 1.888965 0.893570 -0.021733 -0.930935 -0.926039 -2.049015 -1.089465 -2.066637 -3.231041 -4.340770 -6.589443 -3.972504 -3.349940 -3.025035 -4.582503 -5.474239 -3.546588 -1.721757 -0.475663 -0.201625 -3.529778 -2.618901 -3.782272 -3.020939 -1.604871 -6.169119 -5.946498 -7.747858 -5.683406 -3.458217 -2.230238 -0.359102 -3.195850 -2.700389 -3.012370 -4.337631 -4.532530 -4.838625 -9999.0 -9999.0 -9999.0 -9999.0 -9999.0 -9999.0
-9999.0 -9999.0 -9999.0 -9999.0 -9999.0 -9999.0 -9999.0 -9999.0 -9999.0 -9999.0 -9999.0 -0.800895 -2.420933 -1.222256 -1.185820 -0.031028 -0.010286 0.807527 1.636117 2.846324 1.119847 -0.006945 -0.034292 -1.778563 -1.034930 -1.927874 -0.741324 -4.368483 -4.582043 -4.900431 -1.387801 -2.289692 -3.549208 -4.365619 -7.006740 -4.193576 -3.781568 -1.371790 -0.033512 -0.995105 -1.367095 -0.087525 -1.095217 -1.327570 -1.126549 -4.258209 -4.970109 -4.920665 -3.826234 -0.157720 -4.176542 -4.211136 -5.312188 -6.942341 -8.270469 -7.707216 -6.904545 -9999.0 -9999.0 -9999.0 -9999.0 -9999.0 -9999.0
-9999.0 -9999.0 -9999.0 -9999.0 -9999.0 -9999.0 -9999.0 -9999.0 -9999.0 -9999.0 -2.010185 -0.447704 -1.614775 -1.586283 -0.322944 -0.550604 -0.832505 -0.014927 2.291310 2.511416 0.532128 0.017584 -0.484785 -0.554412 -0.077293 -1.742677 -2.198586 -5.122778 -3.139147 -2.093255 -1.868126 -1.895204 -2.367971 -4.602780 -9.217564 -6.143277 -2.983279 -2.076026 -0.095801 -0.015963 -0.014501 0.011101 0.071243 0.189698 -0.193408 -4.520565 -3.413891 -2.880821 -1.826149 -0.078585 -5.164137 -7.460449 -8.843034 -8.970997 -9.818057 -4.843586 -6.050036 -9999.0 -9999.0 -9999.0 -9999.0 -9999.0 -9999.0
-9999.0 -9999.0 -9999.0 -9999.0 -9999.0 -9999.0 -9999.0 -9999.0 -9999.0 -3.581035 -1.893337 -2.032220 -1.700262 -0.768726 -1.813469 -0.311501 -0.250708 -0.012376 1.980344 2.915320 0.833268 -0.005313 -0.010971 -0.012790 -0.024105 -1.664640 -2.298016 -2.062233 -0.279271 -0.065071 -0.025460 -1.895205 -5.826299 -8.860709 -8.028385 -6.241666 -4.134957 -3.481378 -1.453357 -0.371702 -0.286478 -0.238676 -0.305402 0.769120 0.161919 -0.192809 -0.186478 -1.160407 -1.044265 -0.016948 -2.971376 -6.947116 -9.561327 -10.041278 -8.164499 -6.053353 -4.153389 -6.275748 -7.703392 -9999.0 -9999.0 -9999.0 -9999.0
-9999.0 -9999.0 -9999.0 -9999.0 -9999.0 -9999.0 -9999.0 -9999.0 -9999.0 -5.659824 -5.400604 -2.267111 -0.021148 -0.053685 -0.303380 -0.791625 -0.352020 -0.009899 2.517719 1.741379 1.409571 0.436668 0.033152 -0.025511 -1.243822 -1.192534 -0.639351 -0.080835 -0.011622 -0.022647 -0.179026 -2.282656 -3.621767 -5.518643 -4.384133 -6.068694 -5.517853 -4.050971 -3.740970 -2.150012 -1.132102 -2.173859 -0.453558 -0.005654 1.449132 0.588773 0.249887 -0.013802 -0.054903 -0.019520 -3.135804 -6.097843 -9.495724 -8.258618 -7.299286 -5.286795 -4.614379 -3.512373 -5.000083 -9999.0 -9999.0 -9999.0 -9999.0
-9999.0 -9999.0 -9999.0 -9999.0 -9999.0 -9999.0 -9999.0 -9999.0 -9999.0 -9999.0 -4.065137 -3.490056 -0.214006 -0.628880 -0.037114 -0.238673 -0.061530 0.095426 3.219594 2.652885 1.440292 1.106969 -0.027461 -0.151677 -1.057791 -0.193265 -0.021709 -0.001259 -0.221014 -1.570098 -2.170869 -2.458418 -4.343839 -5.091676 -4.414998 -3.587074 -1.675193 -1.281440 -5.438052 -3.857004 -4.174667 -1.577251 -1.191685 -0.178851 -0.021211 -0.013581 0.248001 0.118890 0.946549 -0.022628 -2.095902 -3.445884 -8.250334 -9.225384 -8.223575 -6.187217 -4.402762 -1.675322 -1.911244 -0.163741 -9999.0 -9999.0 -9999.0
-9999.0 -9999.0 -9999.0 -9999.0 -9999.0 -9999.0 -9999.0 -9999.0 -9999.0 -9999.0 -4.543624 -3.334853 -1.766733 -1.614075 0.014497 -0.011565 -0.014806 1.296851 3.718191 3.270635 2.360860 0.049903 -0.037824 -0.417237 -0.194229 -0.007919 0.320465 -0.019829 -1.438778 -3.848521 -3.876421 -3.831961 -5.201748 -5.845489 -3.817193 -2.768777 -1.699616 -0.999439 -2.352290 -4.547871 -3.635476 -3.427323 -2.881899 -2.603608 -1.195118 -0.447254 -0.081431 -0.020884 1.438569 0.699681 -0.037597 -2.398328 -4.297019 -7.773730 -9.855582 -9.020205 -5.962446 -1.356596 0.607846 0.469361 -9999.0 -9999.0 -9999.0
-9999.0 -9999.0 -9999.0 -9999.0 -9999.0 -9999.0 -9999.0 -9999.0 -2.554606 -4.022658 -5.005719 -2.858621 -2.875470 -2.751691 -1.108445 0.765430 1.526100 1.327016 3.367909 3.857171 4.179043 2.450068 1.451753 -0.005259 -0.014250 1.280276 -0.001809 -0.761362 -1.961110 -4.241008 -8.688119 -4.025112 -3.797364 -5.283064 -5.082882 -3.593339 -0.339361 -0.108586 -2.773749 -6.184630 -4.972393 -3.409446 -4.188675 -5.835437 -3.605295 -1.811142 -2.579809 -0.657254 -0.019011 1.060588 -0.020676 -1.199109 -2.962701 -6.669449 -8.549714 -5.022079 -5.931406 -1.190900 -0.011871 2.366965 -9999.0 -9999.0 -9999.0
-9999.0 -9999.0 -9999.0 -9999.0 -9999.0 -9999.0 -9999.0 -9999.0 -3.509895 -2.377808 -3.369360 -4.605942 -3.562414 -2.013362 -0.700972 -0.013263 0.546761 1.082595 4.128900 4.346548 3.384319 2.741243 1.232540 0.094521 1.857689 2.051596 0.147879 -0.429861 -4.299978 -4.440228 -5.393107 -5.675856 -4.872905 -5.512610 -3.278036 -2.251867 -0.618291 -0.541038 -0.877380 -2.998648 -3.942551 -7.043864 -5.436890 -2.796515 -2.662229 -1.082590 -4.534958 -3.132998 -0.255671 0.769778 0.511078 -0.452233 -3.695803 -5.354137 -3.569402 -3.095314 -1.372603 -0.075377 1.196915 3.711636 4.471947 -9999.0 -9999.0
-9999.0 -9999.0 -9999.0 -9999.0 -9999.0 -9999.0 -9999.0 -9999.0 -3.810448 -3.452781 -2.668936 -4.204830 -4.269102 -3.772806 -0.858676 -0.856869 -0.011205 0.552858 4.359378 3.536493 4.806628 3.595343 2.910392 2.959357 1.842827 1.733896 -0.002964 -1.070439 -4.856128 -3.838314 -5.024555 -2.229967 -2.289894 -2.082791 -1.807447 -1.456802 -1.650711 1.032221 -0.035285 -1.135285 -3.135730 -4.947919 -2.554499 -3.154394 -1.433024 -2.569879 -6.116789 -3.169710 -1.875540 -0.021739 1.823510 -0.023396 -2.632012 -3.561237 -1.191279 -0.663913 -0.001158 1.089764 3.126938 3.467606 4.275521 -9999.0 -9999.0
-9999.0 -9999.0 -9999.0 -9999.0 -9999.0 -9999.0 -9999.0 -9999.0 -7.209451 -2.903299 -2.201372 -4.747455 -4.503615 -1.566980 -0.465760 -0.004460 2.540904 3.987366 2.205046 4.818191 4.172860 4.613806 3.735530 3.088359 2.453236 0.178557 -0.073130 -2.205303 -1.763149 -1.036961 -1.350898 -0.756423 -0.071486 -0.975584 -0.577846 -0.542484 -0.011183 2.489772 -0.000611 -0.120509 -2.188347 -2.018188 -2.018829 -3.672886 -3.039946 -4.729324 -3.096443 -3.901759 -3.611176 -1.470800 -0.019094 1.446919 -0.023321 -0.288527 -0.068922 0.211883 1.580678 2.919063 4.130956 4.052555 3.071591 1.630785 -9999.0
-9999.0 -9999.0 -9999.0 -9999.0 -9999.0 -9999.0 -9999.0 -9999.0 -5.776724 -2.649484 -2.084711 -1.784198 -2.258722 -0.866670 -0.019115 0.746858 0.866314 1.277324 -0.003568 1.459429 3.724749 4.068895 4.253025 3.984651 0.958828 -0.012782 -0.797127 -0.202488 -0.034643 -0.926329 -0.199511 -0.025197 0.233120 -0.008831 -0.017060 -0.002175 0.807054 4.243730 3.568705 0.500059 -0.013842 -0.018989 -0.041963 -0.043850 -1.397393 -1.197313 -0.310091 -1.119523 -0.373230 -0.025007 0.029752 0.832519 1.212740 0.395775 1.041164 1.439289 2.209145 2.912937 3.403642 2.972255 2.699004 1.046321 -9999.0
-9999.0 -9999.0 -3.574120 -2.629118 -3.494254 -1.299371 -3.237631 -2.746567 -4.459175 -3.690270 -1.262727 -1.226136 -1.446246 -0.482336 0.037900 0.453228 -0.025045 -0.849013 -0.700300 -0.010825 1.380545 3.882357 3.490076 5.374878 2.233909 0.806121 -0.014021 -0.009914 1.110870 0.003281 -0.025009 -0.002692 0.971135 1.715780 1.981449 3.003983 4.184414 6.323053 5.213652 2.883812 1.966315 1.995550 2.370931 0.787739 -0.012734 -0.019477 0.029099 0.601658 0.780603 1.786025 2.454973 2.446421 1.881978 1.464156 1.410910 1.409099 1.709796 2.212863 1.708666 2.149972 0.120968 0.334029 -9999.0
-9999.0 -0.752253 -1.031378 -0.936603 -1.510250 -2.952802 -3.226140 -3.002076 -3.844454 -4.793084 -2.271725 -0.798363 -0.356276 -0.008998 0.002820 -0.366557 -1.018457 -1.809327 -1.136621 -0.018544 1.222622 2.557963 1.645128 3.090626 2.267546 1.913414 0.602380 0.914841 2.236452 1.302119 1.072522 1.014718 1.879856 2.782485 4.638183 5.878199 7.262814 9.244290 7.440753 6.026198 5.166719 4.970623 4.240934 3.032395 1.968012 2.414229 2.589524 4.099995 3.858695 4.138239 3.138435 2.434643 1.464761 0.838532 0.800195 0.431171 0.251890 0.552390 0.068636 -0.005611 -0.004998 0.127973 -9999.0
-9999.0 -0.739599 -1.681241 -0.487147 -0.342330 -1.847128 -2.671973 -3.396268 -4.695378 -5.272913 -2.587174 -1.082248 -0.014476 0.005885 -0.089245 -2.617567 -3.200790 -1.991556 -0.422441 -0.101771 -0.012700 0.928792 1.582504 0.807430 1.592576 2.322540 4.718226 4.132622 3.706360 4.689481 5.556444 5.067911 3.962538 4.917774 5.681029 7.780945 9.046333 10.113986 9.908686 9.082752 8.298957 7.409880 6.257107 6.886673 7.170882 6.670882 5.153966 4.944821 4.456445 3.838230 2.225163 1.107293 0.314860 0.724527 0.248819 -0.050515 -0.197607 -0.061623 -0.042793 -0.119637 -0.038943 -9999.0 -9999.0
