erum2020/resources/simulation/Vinschgau/output-maps/TsL0006N0873.asc
ncols         63
nrows         48
xllcorner     598000.000000
yllcorner     5145000.000000
cellsize      1000.000000
NODATA_value  -9999.0
[rows 0 to 27 of 48, columns 0 to 62 of 63]
-9999.0 -9999.0 -9999.0 -9999.0 -9999.0 -9999.0 -9999.0 -9999.0 -9999.0 -9999.0 -9999.0 -9999.0 -9999.0 -9999.0 -9999.0 -9999.0 -9999.0 -9999.0 -9999.0 -9999.0 -9999.0 -9999.0 -9999.0 -9999.0 -9999.0 -9999.0 -9999.0 -9999.0 -9999.0 -9999.0 -9999.0 -9999.0 -9999.0 -9999.0 -9999.0 -9999.0 -9999.0 -9999.0 -9999.0 -9999.0 -9999.0 -9999.0 -9999.0 -9999.0 -9999.0 -9999.0 -9999.0 -9999.0 -9999.0 -9999.0 -9999.0 -9999.0 -9999.0 -9999.0 -9999.0 -9999.0 -9999.0 -9999.0 -9999.0 -9999.0 -9999.0 -9999.0 -9999.0
-9999.0 -9999.0 -9999.0 -9999.0 -9999.0 -9999.0 -9999.0 -9999.0 -9999.0 -9999.0 -9999.0 -9999.0 -9999.0 -9999.0 -9999.0 -9999.0 -9999.0 -9999.0 -9999.0 -9999.0 -9999.0 -9999.0 -9999.0 -9999.0 -9999.0 -9999.0 -9999.0 -5.787775 -4.419474 -4.898630 -5.068717 -5.817733 -6.073318 -9999.0 -9999.0 -9999.0 -9999.0 -9999.0 -9999.0 -9999.0 -9999.0 -9999.0 -9999.0 -9999.0 -9999.0 -9999.0 -9999.0 -9999.0 -9999.0 -9999.0 -9999.0 -9999.0 -9999.0 -9999.0 -9999.0 -9999.0 -9999.0 -9999.0 -9999.0 -9999.0 -9999.0 -9999.0 -9999.0
-9999.0 -9999.0 -9999.0 -9999.0 -9999.0 -9999.0 -9999.0 -9999.0 -9999.0 -9999.0 -9999.0 -9999.0 -9999.0 -9999.0 -9999.0 -9999.0 -9999.0 -9999.0 -9999.0 -9999.0 -9999.0 -9999.0 -9999.0 -9999.0 -3.494443 -3.098778 -1.747054 -3.350516 -3.049073 -4.693217 -5.373870 -9999.0 -9999.0 -9999.0 -9999.0 -9999.0 -9999.0 -9999.0 -9999.0 -9999.0 -9999.0 -9999.0 -9999.0 -9999.0 -9999.0 -9999.0 -9999.0 -9999.0 -9999.0 -9999.0 -9999.0 -9999.0 -9999.0 -9999.0 -9999.0 -9999.0 -9999.0 -9999.0 -9999.0 -9999.0 -9999.0 -9999.0 -9999.0
-9999.0 -9999.0 -9999.0 -9999.0 -9999.0 -9999.0 -9999.0 -9999.0 -9999.0 -9999.0 -9999.0 -9999.0 -9999.0 -9999.0 -9999.0 -9999.0 -9999.0 -9999.0 -9999.0 -9999.0 -9999.0 -9999.0 -9999.0 -2.932816 -1.283728 -0.003743 0.352074 0.833174 -0.003336 -2.994574 -5.301949 -5.916507 -9999.0 -9999.0 -9999.0 -9999.0 -9999.0 -9999.0 -9999.0 -9999.0 -9999.0 -9999.0 -9999.0 -9999.0 -9999.0 -9999.0 -9999.0 -9999.0 -9999.0 -9999.0 -9999.0 -9999.0 -9999.0 -9999.0 -9999.0 -9999.0 -9999.0 -9999.0 -9999.0 -9999.0 -9999.0 -9999.0 -9999.0
-9999.0 -9999.0 -9999.0 -9999.0 -9999.0 -9999.0 -9999.0 -9999.0 -9999.0 -9999.0 -9999.0 -9999.0 -9999.0 -9999.0 -9999.0 -9999.0 -9999.0 -9999.0 -0.001729 -1.515675 -9999.0 -1.896196 -1.329999 -0.005092 -0.002168 0.860937 -0.002481 -0.001470 -0.000391 -0.003584 -3.418053 -5.005649 -6.845503 -9.149380 -9999.0 -9999.0 -9999.0 -9999.0 -9999.0 -9999.0 -9999.0 -9999.0 -9999.0 -9999.0 -9999.0 -9999.0 -9999.0 -9999.0 -9999.0 -9999.0 -9999.0 -9999.0 -9999.0 -9999.0 -9999.0 -9999.0 -9999.0 -9999.0 -9999.0 -9999.0 -9999.0 -9999.0 -9999.0
-9999.0 -9999.0 -9999.0 -9999.0 -9999.0 -9999.0 -9999.0 -9999.0 -9999.0 -9999.0 -9999.0 -9999.0 -9999.0 -9999.0 -9999.0 -9999.0 -9999.0 3.979570 2.229197 0.962557 -3.113471 -0.002281 -0.003493 -0.002312 -0.002766 -0.002449 -0.005861 -0.003787 -0.002759 -0.001621 -1.196564 -3.534865 -4.991329 -5.640849 -7.588564 -8.832069 -9999.0 -9999.0 -9999.0 -9999.0 -9999.0 -9999.0 -9999.0 -9999.0 -9999.0 -9999.0 -9999.0 -9999.0 -9999.0 -9999.0 -9999.0 -9999.0 -9999.0 -9999.0 -9999.0 -9999.0 -9999.0 -9999.0 -9999.0 -9999.0 -9999.0 -9999.0 -9999.0
-9999.0 -9999.0 -9999.0 -9999.0 -9999.0 -9999.0 -9999.0 -9999.0 -9999.0 -9999.0 -9999.0 -9999.0 -9999.0 -1.064870 -0.002588 1.777615 3.469326 3.053581 3.551233 -0.005681 -0.003644 -0.003766 -0.001299 -0.002480 -0.002108 -1.310734 -2.395855 -1.029166 -0.776909 -0.002810 -1.424630 -3.940152 -5.348833 -6.050432 -6.529887 -9.139670 -9999.0 -9999.0 -9999.0 -9999.0 -9999.0 -9999.0 -9999.0 -9999.0 -9999.0 -9999.0 -9999.0 -9999.0 -9999.0 -9999.0 -9999.0 -9999.0 -9999.0 -9999.0 -9999.0 -9999.0 -9999.0 -9999.0 -9999.0 -9999.0 -9999.0 -9999.0 -9999.0
-9999.0 -9999.0 -9999.0 -9999.0 -9999.0 -9999.0 -9999.0 -9999.0 -9999.0 -9999.0 -9999.0 -9999.0 -9999.0 -0.019521 0.862203 2.571355 2.772776 2.349836 3.118265 1.184894 2.578277 0.212540 0.862670 -0.002265 -0.002864 -0.004077 -4.383293 -5.237803 -6.366916 -1.871751 -1.364340 -4.804443 -6.715708 -9.874733 -7.953967 -9999.0 -9999.0 -9999.0 -9999.0 -9999.0 -9999.0 -9999.0 -9999.0 -9999.0 -9999.0 -9999.0 -9999.0 -9999.0 -9999.0 -9999.0 -9999.0 -9999.0 -9999.0 -9999.0 -9999.0 -9999.0 -9999.0 -9999.0 -9999.0 -9999.0 -9999.0 -9999.0 -9999.0
-9999.0 -9999.0 -9999.0 -9999.0 -9999.0 -9999.0 -9999.0 -9999.0 -9999.0 -9999.0 -9999.0 -9999.0 -9999.0 0.380606 0.102935 1.537928 2.134220 3.071779 3.311042 3.448742 0.362999 -0.065083 -0.002548 -0.002693 -0.002021 -0.002403 -4.139826 -6.638484 -5.907247 -8.761183 -5.393304 -10.442931 -10.873705 -12.768871 -9.526574 -9999.0 -9999.0 -9999.0 -9999.0 -9999.0 -9999.0 -9999.0 -9999.0 -9999.0 -9999.0 -9999.0 -9999.0 -9999.0 -9999.0 -9999.0 -9999.0 -9999.0 -9999.0 -9999.0 -9999.0 -9999.0 -9999.0 -9999.0 -9999.0 -9999.0 -9999.0 -9999.0 -9999.0
-9999.0 -9999.0 -9999.0 -9999.0 -9999.0 -9999.0 -9999.0 -9999.0 -9999.0 -9999.0 -9999.0 -9999.0 -0.003059 -0.000355 0.985494 -0.002092 0.521483 2.413999 2.868071 2.114026 -0.003697 -0.003110 -0.109803 -0.009935 -1.468948 -4.409012 -3.477370 -5.527983 -5.313160 -6.912679 -10.434670 -7.142550 -6.002069 -10.007042 -9999.0 -9999.0 -9999.0 -9999.0 -9999.0 -9999.0 -9999.0 -9999.0 -9999.0 -9999.0 -9999.0 -9999.0 -9999.0 -9999.0 -9999.0 -9999.0 -9999.0 -9999.0 -9999.0 -9999.0 -9999.0 -9999.0 -9999.0 -9999.0 -9999.0 -9999.0 -9999.0 -9999.0 -9999.0
-9999.0 -9999.0 -9999.0 -9999.0 -9999.0 -9999.0 -9999.0 -9999.0 -9999.0 -9999.0 -9999.0 -0.892415 0.215689 0.374520 0.212065 -0.003696 0.718942 2.308229 2.840201 1.433708 0.915373 -0.001901 -2.039963 -3.973555 -0.435191 -3.707826 -5.794409 -4.601955 -4.961780 -8.666905 -7.373457 -5.240029 -6.317101 -8.322480 -7.505868 -6.049390 -5.646040 -4.718335 -4.456114 -9999.0 -9999.0 -9999.0 -8.459706 -9999.0 -9999.0 -9999.0 -9999.0 -9999.0 -9999.0 -9999.0 -9999.0 -9999.0 -9999.0 -9999.0 -9999.0 -9999.0 -9999.0 -9999.0 -9999.0 -9999.0 -9999.0 -9999.0 -9999.0
-9999.0 -9999.0 -9999.0 -9999.0 -9999.0 -9999.0 -9999.0 -9999.0 -9999.0 -9999.0 -9999.0 -1.153661 0.645442 1.805120 1.723584 -0.957736 2.932089 3.143932 3.008471 1.904637 0.403389 -0.135705 -1.454280 -3.020663 -2.278395 -4.523807 -4.918130 -3.634605 -5.144860 -8.275251 -4.625759 -4.380716 -5.921874 -6.756558 -7.553226 -4.634463 -3.000979 -3.013612 -4.518813 -7.973679 -7.917773 -8.421409 -4.868271 -6.868885 -9999.0 -9999.0 -9999.0 -8.162005 -7.756810 -7.364810 -6.667490 -8.448408 -8.674908 -6.809367 -6.504673 -9.244066 -9999.0 -9999.0 -9999.0 -9999.0 -9999.0 -9999.0 -9999.0
-9999.0 -9999.0 -9999.0 -9999.0 -9999.0 -9999.0 -9999.0 -9999.0 -9999.0 -9999.0 -9999.0 -1.779617 -1.199469 -0.152232 -0.004727 -0.140728 -0.001524 2.532451 2.274493 1.945420 1.294724 -0.001852 -1.131130 -3.457880 -4.548393 -5.605053 -1.254599 -3.834807 -5.892283 -7.175123 -6.325111 -4.360778 -3.469417 -6.396981 -6.860260 -3.303644 -3.494849 -3.031726 -1.897790 -6.239851 -4.233187 -5.713864 -3.478364 -4.456493 -6.494782 -9999.0 -9.846249 -6.448756 -4.904920 -3.831397 -3.565595 -4.345594 -4.394229 -5.104909 -5.257896 -6.235836 -9999.0 -9999.0 -9999.0 -9999.0 -9999.0 -9999.0 -9999.0
-9999.0 -9999.0 -9999.0 -9999.0 -9999.0 -9999.0 -9999.0 -9999.0 -9999.0 -9999.0 -9999.0 -9999.0 -0.999047 -0.228406 -0.280939 -0.227391 -0.002867 1.767608 2.555168 1.974138 1.086152 -0.001991 -0.175948 -0.837771 -3.469286 -1.345545 -1.843857 -3.839210 -5.188285 -6.767656 -4.884063 -4.147317 -3.515657 -5.452681 -6.006661 -4.252443 -1.904411 -1.680311 -0.147463 -3.619963 -2.590087 -4.252019 -1.704412 -1.569248 -6.382939 -6.788731 -7.848547 -6.321589 -3.498778 -1.534222 -0.020391 -3.978406 -2.419008 -4.486405 -5.251094 -5.020592 -6.108330 -9999.0 -9999.0 -9999.0 -9999.0 -9999.0 -9999.0
-9999.0 -9999.0 -9999.0 -9999.0 -9999.0 -9999.0 -9999.0 -9999.0 -9999.0 -9999.0 -9999.0 -0.464215 -3.103536 -1.193049 -0.458426 -0.002708 -0.001630 1.037498 2.009467 3.098473 1.389525 -0.002390 -0.005929 -2.187167 -1.231948 -0.310048 -0.428570 -5.415539 -5.657057 -5.242841 -1.822106 -3.264040 -2.526333 -5.298760 -7.532395 -4.650401 -4.500670 -0.947690 -0.010887 -0.864120 -1.080188 -0.017201 -0.707416 -1.503652 -1.231158 -5.255800 -4.189915 -5.092172 -4.185335 -0.261626 -4.384813 -5.129687 -6.807329 -7.685602 -8.741970 -9.577236 -6.967872 -9999.0 -9999.0 -9999.0 -9999.0 -9999.0 -9999.0
-9999.0 -9999.0 -9999.0 -9999.0 -9999.0 -9999.0 -9999.0 -9999.0 -9999.0 -9999.0 -1.850976 -0.427584 -1.572527 -1.562243 -0.353814 -0.438245 -0.448134 -0.002763 2.555961 2.752481 0.513373 0.001759 -0.758687 -0.482425 -0.002186 -1.493851 -2.860547 -5.319296 -3.636780 -2.671806 -2.604096 -2.626701 -2.696911 -5.293547 -9.305252 -6.296616 -3.423635 -1.836822 -0.047778 -0.001917 -0.001572 -0.000888 0.202989 0.293536 -0.006152 -5.051580 -4.069404 -1.337066 -1.660904 -0.001981 -6.520754 -7.516745 -9.234247 -10.473017 -10.102766 -5.336876 -5.141231 -9999.0 -9999.0 -9999.0 -9999.0 -9999.0 -9999.0
-9999.0 -9999.0 -9999.0 -9999.0 -9999.0 -9999.0 -9999.0 -9999.0 -9999.0 -4.328197 -1.436475 -1.358144 -0.390418 -0.877836 -0.458797 -0.175238 -0.009234 -0.001448 2.294398 3.179309 0.873732 -0.004640 -0.001725 -0.002483 -0.001815 -1.664666 -3.654344 -2.514113 -0.487522 -0.003049 -0.001778 -1.860765 -5.997210 -9.247275 -8.177281 -6.417086 -4.684475 -2.446298 -1.793916 -0.234255 -0.183777 -0.008401 -0.634461 0.973317 0.330770 -0.325259 -0.250142 -1.304612 -1.206897 -0.001539 -2.911016 -6.996524 -11.426989 -10.107454 -8.228030 -6.968911 -5.947883 -6.531917 -7.840913 -9999.0 -9999.0 -9999.0 -9999.0
-9999.0 -9999.0 -9999.0 -9999.0 -9999.0 -9999.0 -9999.0 -9999.0 -9999.0 -5.762966 -4.526609 -2.756157 -0.367148 -0.002146 -0.016277 -0.915899 -0.328243 -0.001684 2.903867 1.818065 1.456828 0.553928 0.000126 -0.001580 -1.277504 -1.874435 -0.429768 -0.002110 -0.001529 -0.001912 -0.479633 -2.243170 -4.220835 -6.327719 -5.081224 -6.410555 -5.866619 -4.568909 -4.532085 -2.139673 -0.507084 -2.800638 -0.382280 -0.001430 1.611798 0.653489 0.321090 -0.002060 -0.002017 -0.001614 -3.106304 -6.405194 -9.564334 -8.470038 -7.198616 -7.757703 -5.760961 -4.574374 -5.486973 -9999.0 -9999.0 -9999.0 -9999.0
-9999.0 -9999.0 -9999.0 -9999.0 -9999.0 -9999.0 -9999.0 -9999.0 -9999.0 -9999.0 -5.082170 -2.778593 -0.050665 -0.364527 -0.001799 -0.007555 -0.002103 0.109662 3.717105 2.681209 1.517985 1.452390 -0.002033 -0.085312 -1.262547 -0.004619 -0.001743 -0.000790 -0.520781 -1.792470 -2.146473 -2.144153 -4.765763 -5.731186 -3.604787 -3.995458 -1.618269 -1.311350 -5.833056 -4.701284 -5.146859 -1.523699 -1.202560 -0.255741 -0.001172 -0.002207 0.442716 0.089938 0.989344 -0.001752 -2.057264 -4.210966 -8.330549 -9.294496 -8.612217 -6.459169 -4.105416 -1.450059 -2.208903 -0.003368 -9999.0 -9999.0 -9999.0
-9999.0 -9999.0 -9999.0 -9999.0 -9999.0 -9999.0 -9999.0 -9999.0 -9999.0 -9999.0 -5.306946 -4.062165 -2.146858 -0.071180 0.001861 -0.003603 -0.003075 1.485110 4.106249 3.645246 2.569142 0.258838 -0.002789 -0.305031 -0.004824 -0.001383 0.354464 -0.002512 -1.483787 -4.442598 -4.776010 -4.389508 -5.622679 -6.527005 -4.681593 -1.779616 -1.452720 -0.331238 -2.973040 -5.589713 -4.419725 -3.696671 -1.923402 -3.171935 -0.640116 -0.423883 -0.001995 -0.001190 1.712329 0.710968 -0.005032 -2.920329 -5.058373 -7.826081 -9.949125 -9.120206 -6.514510 -1.427591 0.647255 0.458881 -9999.0 -9999.0 -9999.0
-9999.0 -9999.0 -9999.0 -9999.0 -9999.0 -9999.0 -9999.0 -9999.0 -3.377757 -4.919016 -5.861705 -3.452270 -3.577989 -1.823832 -0.066201 0.869447 1.809312 1.501580 3.393966 4.166078 4.355606 2.952219 1.772855 -0.004784 -0.002201 1.343301 -0.001049 -0.997283 -2.564563 -4.403244 -9.169631 -4.706814 -4.660359 -6.226215 -4.254995 -4.363635 -0.762573 -0.350679 -2.752333 -6.437218 -5.137971 -2.438161 -4.383327 -6.008553 -4.071072 -1.639790 -2.561627 -0.385639 -0.001251 0.972374 -0.002683 -0.899259 -3.960006 -6.862726 -8.633506 -5.709180 -6.209744 -1.220315 -0.001358 2.855248 -9999.0 -9999.0 -9999.0
-9999.0 -9999.0 -9999.0 -9999.0 -9999.0 -9999.0 -9999.0 -9999.0 -3.911409 -2.145356 -3.882161 -5.690613 -4.372492 -2.105791 -1.106382 -0.002117 0.744513 1.325019 4.707219 4.694409 3.744793 2.875364 1.465473 0.077298 2.209675 2.249381 0.243261 -0.229972 -5.504813 -5.511293 -6.307067 -5.963112 -4.208783 -5.772643 -3.640230 -2.557372 -0.513326 -0.196919 -0.667471 -3.537458 -4.846026 -7.781913 -5.602377 -3.362639 -2.016806 -0.989423 -4.749255 -3.713847 -0.461441 0.946848 0.511962 -0.241468 -4.411439 -6.340765 -4.257831 -4.076086 -1.589530 -0.002054 1.234709 3.625182 4.733190 -9999.0 -9999.0
-9999.0 -9999.0 -9999.0 -9999.0 -9999.0 -9999.0 -9999.0 -9999.0 -4.663706 -3.491250 -3.447823 -4.696508 -4.917846 -4.089805 -0.994029 -0.982151 -0.003873 0.678112 4.635994 3.874409 5.161335 3.752698 3.138521 3.251115 1.949139 1.979298 -0.001798 -1.432936 -5.092157 -4.666736 -5.393531 -2.248528 -3.056423 -2.648535 -1.442991 -1.441846 -0.038762 1.072523 -0.002919 -1.360656 -3.694149 -5.248756 -3.465680 -3.488916 -2.196116 -3.548757 -6.367319 -4.559879 -3.064443 -0.001127 1.933784 -0.002527 -4.767972 -4.464338 -2.668118 -1.104963 -0.000449 1.116244 3.237900 3.426343 4.282765 -9999.0 -9999.0
-9999.0 -9999.0 -9999.0 -9999.0 -9999.0 -9999.0 -9999.0 -9999.0 -7.282295 -3.400641 -0.911558 -5.191305 -4.171694 -1.358077 -0.428261 -0.001776 3.038622 4.389718 2.307209 4.990683 4.563151 4.988646 3.860407 3.310535 2.666823 0.318665 -0.002470 -2.197084 -1.671732 -1.270378 -1.407138 -0.770384 -0.058625 -0.129939 -0.389317 -1.055687 -0.000530 2.759788 -0.000811 -0.112970 -2.879280 -2.514808 -2.613699 -4.125330 -4.287389 -5.151922 -3.570102 -4.410038 -4.306295 -1.674031 -0.001866 1.534672 -0.002092 -0.628811 -0.001251 0.360186 1.872191 2.952215 4.396297 4.054205 3.128749 1.767996 -9999.0
-9999.0 -9999.0 -9999.0 -9999.0 -9999.0 -9999.0 -9999.0 -9999.0 -7.256035 -3.715085 -1.803805 -1.764770 -0.602416 -0.077122 -0.001446 0.742669 0.839095 1.486333 -0.003452 1.712550 3.948681 4.290546 4.620080 4.317650 1.095015 -0.003731 -1.295263 -0.005147 -0.002002 -0.102289 -0.356893 -0.001781 0.660960 -0.001086 -0.001447 -0.001446 0.887222 4.642697 4.042422 0.537049 -0.001358 -0.001826 -0.001751 -0.022804 -1.512308 -1.291347 -0.547073 -0.128009 -0.640940 -0.001678 0.001877 0.923891 1.296375 0.434799 1.060084 1.382638 2.111114 2.856299 3.441248 3.076988 2.953305 1.199184 -9999.0
-9999.0 -9999.0 -4.236251 -3.505018 -4.359150 -2.314943 -4.003019 -3.647620 -5.541641 -4.542570 -1.560262 -0.180372 -0.083599 -0.007715 0.000010 0.356062 -0.001255 -1.404715 -0.405642 -0.002453 1.617368 4.228678 3.490239 5.495696 2.327230 0.984933 -0.003727 -0.003141 1.300288 -0.000853 -0.002144 -0.002332 1.276126 1.988695 2.078289 3.285414 4.321837 6.994255 5.928923 3.219370 2.071764 2.087789 2.662985 0.864736 -0.001199 -0.001524 0.049868 0.774284 0.849116 1.845809 2.517952 2.383001 1.800220 1.358719 1.307735 1.528820 1.886896 2.242703 1.833541 2.356695 0.197680 0.472087 -9999.0
-9999.0 -0.855315 -0.943272 -1.105900 -2.178775 -3.611591 -3.994447 -4.030410 -5.048296 -5.649900 -3.040945 -1.040395 -0.003846 -0.004254 0.001393 -0.435031 -1.207131 -2.885869 -0.673616 -0.002283 1.435143 2.909496 1.679270 3.355314 2.476449 2.028992 0.717693 1.028025 2.349256 1.364905 1.154906 1.157073 2.555988 3.474863 4.815967 6.013737 7.487440 10.195478 7.631383 6.152483 5.326723 5.150051 4.445956 3.431491 2.272574 2.676017 2.607150 4.597628 3.985330 4.631557 3.128999 2.383910 1.649289 0.926139 0.864301 0.422980 0.299906 0.630692 0.091472 -0.001245 -0.001805 0.265890 -9999.0
-9999.0 -0.828411 -0.829890 -0.297293 -0.131231 -2.593389 -2.729970 -4.552115 -5.860643 -5.974814 -3.599422 -1.429729 -0.002248 0.001613 -0.063754 -2.648358 -3.837199 -3.284087 -0.364625 -0.007377 -0.001200 1.119887 1.888108 0.874467 1.772329 2.628968 4.834497 4.280721 3.733756 5.345298 5.818990 5.492891 4.282873 5.165039 5.909030 8.004897 9.542999 10.602092 10.188450 9.320046 8.537573 7.655582 6.551793 7.209795 7.321684 7.044281 5.205370 5.010150 4.520927 3.870774 2.283752 1.244150 0.389061 1.052493 0.290713 -0.002403 -0.026143 -0.002749 -0.002190 -0.003351 -0.002226 -9999.0 -9999.0
