erum2020/resources/simulation/Vinschgau/output-maps/TsL0007N0570.asc
ncols         63
nrows         48
xllcorner     598000.000000
yllcorner     5145000.000000
cellsize      1000.000000
NODATA_value  -9999.0
[rows 0 to 27 of 48, columns 0 to 62 of 63]
-9999.0 -9999.0 -9999.0 -9999.0 -9999.0 -9999.0 -9999.0 -9999.0 -9999.0 -9999.0 -9999.0 -9999.0 -9999.0 -9999.0 -9999.0 -9999.0 -9999.0 -9999.0 -9999.0 -9999.0 -9999.0 -9999.0 -9999.0 -9999.0 -9999.0 -9999.0 -9999.0 -9999.0 -9999.0 -9999.0 -9999.0 -9999.0 -9999.0 -9999.0 -9999.0 -9999.0 -9999.0 -9999.0 -9999.0 -9999.0 -9999.0 -9999.0 -9999.0 -9999.0 -9999.0 -9999.0 -9999.0 -9999.0 -9999.0 -9999.0 -9999.0 -9999.0 -9999.0 -9999.0 -9999.0 -9999.0 -9999.0 -9999.0 -9999.0 -9999.0 -9999.0 -9999.0 -9999.0
-9999.0 -9999.0 -9999.0 -9999.0 -9999.0 -9999.0 -9999.0 -9999.0 -9999.0 -9999.0 -9999.0 -9999.0 -9999.0 -9999.0 -9999.0 -9999.0 -9999.0 -9999.0 -9999.0 -9999.0 -9999.0 -9999.0 -9999.0 -9999.0 -9999.0 -9999.0 -9999.0 10.203879 9.935074 8.540169 8.279001 8.409958 7.814767 -9999.0 -9999.0 -9999.0 -9999.0 -9999.0 -9999.0 -9999.0 -9999.0 -9999.0 -9999.0 -9999.0 -9999.0 -9999.0 -9999.0 -9999.0 -9999.0 -9999.0 -9999.0 -9999.0 -9999.0 -9999.0 -9999.0 -9999.0 -9999.0 -9999.0 -9999.0 -9999.0 -9999.0 -9999.0 -9999.0
-9999.0 -9999.0 -9999.0 -9999.0 -9999.0 -9999.0 -9999.0 -9999.0 -9999.0 -9999.0 -9999.0 -9999.0 -9999.0 -9999.0 -9999.0 -9999.0 -9999.0 -9999.0 -9999.0 -9999.0 -9999.0 -9999.0 -9999.0 -9999.0 10.093679 10.585825 10.868602 10.720922 10.143136 8.922146 8.909472 -9999.0 -9999.0 -9999.0 -9999.0 -9999.0 -9999.0 -9999.0 -9999.0 -9999.0 -9999.0 -9999.0 -9999.0 -9999.0 -9999.0 -9999.0 -9999.0 -9999.0 -9999.0 -9999.0 -9999.0 -9999.0 -9999.0 -9999.0 -9999.0 -9999.0 -9999.0 -9999.0 -9999.0 -9999.0 -9999.0 -9999.0 -9999.0
-9999.0 -9999.0 -9999.0 -9999.0 -9999.0 -9999.0 -9999.0 -9999.0 -9999.0 -9999.0 -9999.0 -9999.0 -9999.0 -9999.0 -9999.0 -9999.0 -9999.0 -9999.0 -9999.0 -9999.0 -9999.0 -9999.0 -9999.0 10.537169 11.245559 10.869288 11.361891 11.404679 10.522049 10.379830 9.605022 8.646989 -9999.0 -9999.0 -9999.0 -9999.0 -9999.0 -9999.0 -9999.0 -9999.0 -9999.0 -9999.0 -9999.0 -9999.0 -9999.0 -9999.0 -9999.0 -9999.0 -9999.0 -9999.0 -9999.0 -9999.0 -9999.0 -9999.0 -9999.0 -9999.0 -9999.0 -9999.0 -9999.0 -9999.0 -9999.0 -9999.0 -9999.0
-9999.0 -9999.0 -9999.0 -9999.0 -9999.0 -9999.0 -9999.0 -9999.0 -9999.0 -9999.0 -9999.0 -9999.0 -9999.0 -9999.0 -9999.0 -9999.0 -9999.0 -9999.0 12.726188 9.869330 -9999.0 9.968229 10.619724 10.732938 11.371390 12.943933 13.800107 13.805935 12.599012 11.163143 10.177411 9.271904 8.348059 7.373265 -9999.0 -9999.0 -9999.0 -9999.0 -9999.0 -9999.0 -9999.0 -9999.0 -9999.0 -9999.0 -9999.0 -9999.0 -9999.0 -9999.0 -9999.0 -9999.0 -9999.0 -9999.0 -9999.0 -9999.0 -9999.0 -9999.0 -9999.0 -9999.0 -9999.0 -9999.0 -9999.0 -9999.0 -9999.0
-9999.0 -9999.0 -9999.0 -9999.0 -9999.0 -9999.0 -9999.0 -9999.0 -9999.0 -9999.0 -9999.0 -9999.0 -9999.0 -9999.0 -9999.0 -9999.0 -9999.0 10.997450 8.911647 10.048585 10.066408 6.653810 9.826021 11.177749 15.166443 7.947507 6.722510 9.171530 7.019537 9.909706 10.700011 8.802160 8.494852 8.286292 7.250224 6.295054 -9999.0 -9999.0 -9999.0 -9999.0 -9999.0 -9999.0 -9999.0 -9999.0 -9999.0 -9999.0 -9999.0 -9999.0 -9999.0 -9999.0 -9999.0 -9999.0 -9999.0 -9999.0 -9999.0 -9999.0 -9999.0 -9999.0 -9999.0 -9999.0 -9999.0 -9999.0 -9999.0
-9999.0 -9999.0 -9999.0 -9999.0 -9999.0 -9999.0 -9999.0 -9999.0 -9999.0 -9999.0 -9999.0 -9999.0 -9999.0 9.327228 9.099825 8.471195 10.024091 19.083861 10.709678 10.735698 11.076754 12.093185 13.249372 14.968016 7.531167 9.792188 3.281918 2.302925 3.742916 6.517929 7.688332 8.623434 8.084053 7.298955 7.126385 6.140670 -9999.0 -9999.0 -9999.0 -9999.0 -9999.0 -9999.0 -9999.0 -9999.0 -9999.0 -9999.0 -9999.0 -9999.0 -9999.0 -9999.0 -9999.0 -9999.0 -9999.0 -9999.0 -9999.0 -9999.0 -9999.0 -9999.0 -9999.0 -9999.0 -9999.0 -9999.0 -9999.0
-9999.0 -9999.0 -9999.0 -9999.0 -9999.0 -9999.0 -9999.0 -9999.0 -9999.0 -9999.0 -9999.0 -9999.0 -9999.0 9.803971 9.854321 8.700312 8.471700 15.655442 19.093445 13.292994 10.297898 13.330936 8.996690 8.347631 10.400571 9.013516 9.504414 7.772243 8.981869 3.054426 1.906630 7.272306 6.618814 5.842396 6.168756 -9999.0 -9999.0 -9999.0 -9999.0 -9999.0 -9999.0 -9999.0 -9999.0 -9999.0 -9999.0 -9999.0 -9999.0 -9999.0 -9999.0 -9999.0 -9999.0 -9999.0 -9999.0 -9999.0 -9999.0 -9999.0 -9999.0 -9999.0 -9999.0 -9999.0 -9999.0 -9999.0 -9999.0
-9999.0 -9999.0 -9999.0 -9999.0 -9999.0 -9999.0 -9999.0 -9999.0 -9999.0 -9999.0 -9999.0 -9999.0 -9999.0 9.283038 10.904326 10.494320 7.735126 9.038556 19.092578 10.370878 13.584801 10.067748 7.201089 6.821359 10.073328 4.068907 8.589238 7.727200 9.043108 7.805026 7.041153 5.706902 5.631434 1.361943 5.941157 -9999.0 -9999.0 -9999.0 -9999.0 -9999.0 -9999.0 -9999.0 -9999.0 -9999.0 -9999.0 -9999.0 -9999.0 -9999.0 -9999.0 -9999.0 -9999.0 -9999.0 -9999.0 -9999.0 -9999.0 -9999.0 -9999.0 -9999.0 -9999.0 -9999.0 -9999.0 -9999.0 -9999.0
-9999.0 -9999.0 -9999.0 -9999.0 -9999.0 -9999.0 -9999.0 -9999.0 -9999.0 -9999.0 -9999.0 -9999.0 8.135891 10.343858 9.634603 7.817465 5.675527 7.932410 16.196778 10.872421 10.315730 4.232779 2.611023 3.508974 7.844160 8.227917 3.313754 8.590938 8.522354 6.717642 6.377398 8.261964 7.249052 5.976942 -9999.0 -9999.0 -9999.0 -9999.0 -9999.0 -9999.0 -9999.0 -9999.0 -9999.0 -9999.0 -9999.0 -9999.0 -9999.0 -9999.0 -9999.0 -9999.0 -9999.0 -9999.0 -9999.0 -9999.0 -9999.0 -9999.0 -9999.0 -9999.0 -9999.0 -9999.0 -9999.0 -9999.0 -9999.0
-9999.0 -9999.0 -9999.0 -9999.0 -9999.0 -9999.0 -9999.0 -9999.0 -9999.0 -9999.0 -9999.0 8.314171 7.152271 6.958371 6.718764 8.235543 6.335756 7.154921 16.062136 9.407380 7.692819 10.070652 9.096410 9.326901 6.218035 8.321034 7.506998 9.523292 8.302284 5.990284 8.621060 8.680076 7.772727 7.351492 8.444607 10.428043 11.058618 12.262100 11.482546 -9999.0 -9999.0 -9999.0 9.303574 -9999.0 -9999.0 -9999.0 -9999.0 -9999.0 -9999.0 -9999.0 -9999.0 -9999.0 -9999.0 -9999.0 -9999.0 -9999.0 -9999.0 -9999.0 -9999.0 -9999.0 -9999.0 -9999.0 -9999.0
-9999.0 -9999.0 -9999.0 -9999.0 -9999.0 -9999.0 -9999.0 -9999.0 -9999.0 -9999.0 -9999.0 7.221872 6.873397 6.635875 7.100791 7.562646 8.595910 8.421429 16.083505 13.898041 13.542337 11.002528 9.254630 3.146599 1.936647 8.746105 9.749417 9.184694 8.118959 6.825411 8.767958 8.554932 9.195806 8.362474 8.924788 10.044728 13.411027 13.113206 12.580253 10.450920 10.447698 10.085576 9.776632 9.382920 -9999.0 -9999.0 -9999.0 7.411360 7.809644 8.078697 8.306702 7.537263 7.421622 7.751936 7.915779 6.803227 -9999.0 -9999.0 -9999.0 -9999.0 -9999.0 -9999.0 -9999.0
-9999.0 -9999.0 -9999.0 -9999.0 -9999.0 -9999.0 -9999.0 -9999.0 -9999.0 -9999.0 -9999.0 8.080230 8.281432 4.122942 8.192136 8.299566 4.368591 5.258719 13.741163 14.724737 7.464126 7.498672 2.237882 9.579689 8.456328 10.785836 2.317055 5.905888 8.119736 7.933179 9.096831 2.275183 10.275876 8.531369 10.584226 11.814851 9.534852 10.311408 13.101077 10.590766 12.406134 10.779442 10.639444 9.520528 8.479240 -9999.0 7.130139 8.260794 9.043735 9.459125 9.566473 9.389356 9.152454 9.236677 9.011361 8.748083 -9999.0 -9999.0 -9999.0 -9999.0 -9999.0 -9999.0 -9999.0
-9999.0 -9999.0 -9999.0 -9999.0 -9999.0 -9999.0 -9999.0 -9999.0 -9999.0 -9999.0 -9999.0 -9999.0 7.910887 3.402531 8.815203 8.628165 3.512679 5.796219 14.878891 14.959349 7.627497 8.127269 7.919880 5.938281 2.103332 1.400405 11.183517 8.287408 8.322610 9.184669 9.776666 2.191655 10.202598 9.621912 9.120027 10.711353 8.337079 10.627034 19.471697 11.413393 13.813468 12.184835 7.708774 11.090783 9.223542 8.202915 8.111348 8.417058 1.694911 7.625789 9.026504 6.780956 7.754814 0.818675 2.348977 8.388628 9.120981 -9999.0 -9999.0 -9999.0 -9999.0 -9999.0 -9999.0
-9999.0 -9999.0 -9999.0 -9999.0 -9999.0 -9999.0 -9999.0 -9999.0 -9999.0 -9999.0 -9999.0 2.850337 8.242178 8.157934 4.222894 4.321909 6.403198 5.704068 15.271769 9.744073 8.253184 6.980718 7.962042 1.504597 2.772960 8.076723 6.866276 8.510598 9.866426 9.814684 2.504763 7.217242 11.082888 9.056680 8.311230 10.171640 11.085468 9.465195 11.048831 15.283266 9.134103 10.213240 9.400310 9.038187 11.533532 8.756909 8.889477 8.772469 9.450679 9.042284 2.509493 8.044896 1.615042 1.927950 2.374442 7.535736 8.625749 -9999.0 -9999.0 -9999.0 -9999.0 -9999.0 -9999.0
-9999.0 -9999.0 -9999.0 -9999.0 -9999.0 -9999.0 -9999.0 -9999.0 -9999.0 -9999.0 9.755244 1.569858 9.170678 9.327157 10.245939 6.932463 6.607926 5.690318 9.115833 10.169635 14.976809 12.999407 5.931156 12.913691 9.060028 7.879380 1.689344 2.394593 10.142649 10.856830 7.965791 7.253482 8.933773 7.786186 7.713369 10.365213 11.665367 8.617513 7.747779 11.614220 11.440790 10.576825 16.726844 8.642362 8.183023 9.801912 9.668096 7.521896 8.470373 8.961704 2.658734 7.559814 2.177290 6.233914 7.429502 9.615775 8.839640 -9999.0 -9999.0 -9999.0 -9999.0 -9999.0 -9999.0
-9999.0 -9999.0 -9999.0 -9999.0 -9999.0 -9999.0 -9999.0 -9999.0 -9999.0 8.437644 8.979344 1.620469 6.607816 3.645496 1.706812 1.970083 1.470821 13.341064 9.305005 10.672259 15.720056 8.311580 7.913181 10.533099 9.264983 4.563790 2.140833 11.059969 8.513463 9.319609 9.451660 0.920260 8.292749 7.147155 9.239281 9.633491 9.569453 2.872211 3.869335 7.944857 7.431275 6.197817 6.012133 9.444682 8.512847 8.472777 13.664099 7.662286 8.068096 9.976059 0.898987 7.993717 3.464130 7.050329 8.393085 1.869758 1.709732 9.020193 8.415446 -9999.0 -9999.0 -9999.0 -9999.0
-9999.0 -9999.0 -9999.0 -9999.0 -9999.0 -9999.0 -9999.0 -9999.0 -9999.0 7.850792 7.950388 8.897785 12.313579 7.978105 5.159410 2.238468 12.442573 9.398449 10.234769 17.580862 17.326356 16.837979 14.228100 12.658547 3.340028 2.840877 6.718811 9.441630 10.664711 12.508406 10.787177 1.076766 8.356064 8.287024 8.937176 11.078261 11.305785 11.401572 9.195871 10.588090 6.417348 2.353635 8.043206 9.699631 9.733805 11.694288 11.414664 10.508314 9.899058 9.846537 1.806178 2.055733 6.792241 8.129170 8.303944 2.155516 1.467515 0.822986 9.603958 -9999.0 -9999.0 -9999.0 -9999.0
-9999.0 -9999.0 -9999.0 -9999.0 -9999.0 -9999.0 -9999.0 -9999.0 -9999.0 -9999.0 8.817551 9.073808 7.242951 6.963999 8.772745 7.755072 8.599299 10.701173 11.240281 13.473035 16.606989 9.484067 7.465898 3.958066 2.840599 9.368167 10.595933 11.026112 10.868437 0.845737 1.648514 5.253798 2.055997 8.235728 9.224038 9.819330 11.258332 10.930408 10.113015 8.605047 8.187597 11.187741 11.413668 7.621809 7.086994 7.623006 8.631952 14.792883 12.243609 9.988986 5.941192 6.757930 7.934875 7.589890 7.964509 9.125961 10.275065 10.380915 10.497349 10.908145 -9999.0 -9999.0 -9999.0
-9999.0 -9999.0 -9999.0 -9999.0 -9999.0 -9999.0 -9999.0 -9999.0 -9999.0 -9999.0 8.526919 8.749735 9.886385 7.834917 15.105192 7.941242 7.736913 9.860551 12.402926 13.851449 10.841607 9.088944 7.596059 7.972027 9.257283 11.177845 11.910859 7.775029 3.184089 1.716433 8.814329 9.431717 2.427013 7.821705 9.110487 9.045075 7.768148 7.604064 2.081407 8.029551 9.014852 9.156271 2.835447 9.269280 10.505048 6.035834 8.265289 7.630142 9.930016 12.395208 10.255262 0.936524 2.079804 8.729022 7.803430 8.979519 9.088194 9.131821 11.083009 13.181580 -9999.0 -9999.0 -9999.0
-9999.0 -9999.0 -9999.0 -9999.0 -9999.0 -9999.0 -9999.0 -9999.0 9.637938 9.666661 9.575841 9.193370 1.850551 1.932274 6.443174 9.810767 10.346283 17.745328 14.556644 14.482805 12.563973 11.492801 10.550905 8.931660 10.913085 10.626764 13.767385 6.160748 2.510336 1.694511 8.408823 8.386004 8.700134 8.795244 8.696682 8.434622 11.156012 7.583390 2.055852 8.579994 8.289650 8.839139 2.635877 8.662740 10.565582 11.312580 1.517899 7.623668 8.116358 12.718386 10.944103 7.890590 1.383961 2.261247 9.663935 10.053085 10.099962 13.787137 12.239836 12.696231 -9999.0 -9999.0 -9999.0
-9999.0 -9999.0 -9999.0 -9999.0 -9999.0 -9999.0 -9999.0 -9999.0 0.997704 1.450917 1.295655 8.886978 9.555697 2.790861 6.373456 8.234355 9.382101 9.973767 12.742265 15.174014 21.775823 20.122584 18.025788 16.932938 11.256891 11.078439 8.808430 8.066381 1.882360 9.565486 9.260157 10.129659 8.810364 9.412334 9.139223 10.170760 11.397505 8.279364 1.728717 8.990177 8.054223 6.933432 8.532666 9.637424 10.760182 2.263641 1.954424 9.429889 8.570820 10.133912 12.998411 10.245352 0.553576 10.914875 11.994149 10.025453 10.228268 11.413190 14.014139 16.357085 16.951269 -9999.0 -9999.0
-9999.0 -9999.0 -9999.0 -9999.0 -9999.0 -9999.0 -9999.0 -9999.0 8.806863 10.854497 9.639386 2.005626 10.404923 0.953274 2.186857 6.899335 8.945684 12.487642 13.145478 21.206599 15.796609 20.851247 20.546856 14.881129 18.682974 10.641240 8.229038 3.282312 2.298392 10.005284 10.563960 10.218966 2.126138 2.627756 9.729094 10.899416 1.478954 8.087973 1.640319 2.451990 8.361765 8.859106 9.194252 9.380898 2.144519 9.154142 9.471336 10.234737 2.298750 8.914915 12.505617 12.110236 5.137089 4.310809 11.707040 12.510126 13.421629 14.194817 15.843762 15.628101 16.569586 -9999.0 -9999.0
-9999.0 -9999.0 -9999.0 -9999.0 -9999.0 -9999.0 -9999.0 -9999.0 8.667598 10.313327 8.481635 1.439645 10.601562 5.900382 7.621598 9.351570 11.729715 13.376746 16.513510 13.480187 15.315773 15.916678 21.183803 20.480420 11.854104 9.369753 7.296254 1.627633 11.662137 7.966581 2.301362 6.052845 8.390200 8.397175 1.789611 10.789817 12.135795 8.962337 2.543370 2.164886 9.055507 9.404259 9.275748 9.995297 10.008278 9.857388 10.005417 9.767841 11.300005 9.536626 10.298532 13.082085 13.214874 12.711771 14.122835 14.685779 15.347428 14.161465 15.029290 16.444678 14.904173 11.611022 -9999.0
-9999.0 -9999.0 -9999.0 -9999.0 -9999.0 -9999.0 -9999.0 -9999.0 9.441998 10.196967 3.406011 6.995230 8.003000 8.652992 15.402358 13.272601 15.551450 10.516450 9.162276 10.764063 12.900714 15.735383 15.990674 15.944021 17.652053 9.079073 6.638798 9.400819 10.256334 9.499724 6.397889 9.108829 10.339078 9.073796 3.376161 3.640702 9.402520 10.079605 8.998498 8.581036 7.500540 1.116666 8.524900 7.832578 2.146727 10.947896 8.322544 9.475150 9.736978 11.895212 13.670458 13.076897 13.745190 15.847897 15.883655 16.052634 16.663272 16.491796 15.970640 14.878354 12.327929 10.585247 -9999.0
-9999.0 -9999.0 9.945526 10.442697 1.503379 1.695048 7.052032 1.645194 10.094131 9.771011 2.653584 9.074404 9.029004 11.826425 17.586907 12.266917 8.806257 6.844795 8.590001 9.023554 11.145024 13.864170 15.551126 14.871477 14.242958 10.792784 9.151582 9.054904 10.218827 14.518898 7.554250 7.986505 14.358153 8.466657 10.949672 9.003360 12.344486 11.350489 9.855820 8.050942 10.382973 10.448489 8.750653 10.118001 6.931684 9.408396 11.053763 9.384010 12.889433 14.580508 15.986244 16.761860 16.647993 16.768261 16.705263 21.503979 15.454604 14.910072 13.902266 11.895499 14.923708 9.486367 -9999.0
-9999.0 7.575518 7.265150 7.147928 1.853217 7.466780 6.922133 1.772076 2.136142 9.416530 2.067142 7.959296 10.471554 15.890437 16.112619 8.500224 8.280173 1.656101 6.367351 9.114779 11.609124 12.655482 18.308806 14.302000 20.324026 14.522095 18.252938 18.426336 13.445409 12.557997 12.383510 11.870250 11.549381 15.702236 13.419286 14.309368 14.879419 13.309733 14.406301 13.630434 13.287120 12.921602 12.402759 9.973480 9.568573 10.350568 13.540619 12.825810 15.531711 15.063000 15.992122 15.866700 15.155821 15.152506 15.141480 14.302782 11.860324 11.455836 12.302477 13.943676 9.052273 9.058076 -9999.0
-9999.0 11.345799 8.297651 8.556086 13.180405 8.139228 3.402306 2.206661 10.305051 10.204746 4.405382 8.003522 10.585810 16.433828 9.294004 3.584759 1.074094 1.243896 9.494985 8.825667 15.134605 11.852899 13.396001 15.208531 21.065331 22.039699 14.375797 15.731675 15.037889 13.593528 13.766039 13.118203 13.298549 13.824097 18.380395 15.632104 22.252026 22.634701 16.512825 16.539688 15.955524 15.234567 13.971558 13.238260 13.897752 14.212249 15.887124 16.023886 15.417373 15.447406 14.164325 12.275230 12.045442 12.614077 11.862208 10.505450 10.353081 9.425048 8.790821 8.088888 7.937529 -9999.0 -9999.0
