erum2020/resources/simulation/Vinschgau/output-maps/TsL0002N0110.asc
ncols         63
nrows         48
xllcorner     598000.000000
yllcorner     5145000.000000
cellsize      1000.000000
NODATA_value  -9999.0
[rows 0 to 27 of 48, columns 0 to 61 of 63]
-9999.0 -9999.0 -9999.0 -9999.0 -9999.0 -9999.0 -9999.0 -9999.0 -9999.0 -9999.0 -9999.0 -9999.0 -9999.0 -9999.0 -9999.0 -9999.0 -9999.0 -9999.0 -9999.0 -9999.0 -9999.0 -9999.0 -9999.0 -9999.0 -9999.0 -9999.0 -9999.0 -9999.0 -9999.0 -9999.0 -9999.0 -9999.0 -9999.0 -9999.0 -9999.0 -9999.0 -9999.0 -9999.0 -9999.0 -9999.0 -9999.0 -9999.0 -9999.0 -9999.0 -9999.0 -9999.0 -9999.0 -9999.0 -9999.0 -9999.0 -9999.0 -9999.0 -9999.0 -9999.0 -9999.0 -9999.0 -9999.0 -9999.0 -9999.0 -9999.0 -9999.0 -9999.0
-9999.0 -9999.0 -9999.0 -9999.0 -9999.0 -9999.0 -9999.0 -9999.0 -9999.0 -9999.0 -9999.0 -9999.0 -9999.0 -9999.0 -9999.0 -9999.0 -9999.0 -9999.0 -9999.0 -9999.0 -9999.0 -9999.0 -9999.0 -9999.0 -9999.0 -9999.0 -9999.0 -1.122169 -1.237918 -1.152147 -1.209080 -1.767645 -2.023091 -9999.0 -9999.0 -9999.0 -9999.0 -9999.0 -9999.0 -9999.0 -9999.0 -9999.0 -9999.0 -9999.0 -9999.0 -9999.0 -9999.0 -9999.0 -9999.0 -9999.0 -9999.0 -9999.0 -9999.0 -9999.0 -9999.0 -9999.0 -9999.0 -9999.0 -9999.0 -9999.0 -9999.0 -9999.0
-9999.0 -9999.0 -9999.0 -9999.0 -9999.0 -9999.0 -9999.0 -9999.0 -9999.0 -9999.0 -9999.0 -9999.0 -9999.0 -9999.0 -9999.0 -9999.0 -9999.0 -9999.0 -9999.0 -9999.0 -9999.0 -9999.0 -9999.0 -9999.0 -0.596015 -1.272977 -1.350590 -1.365718 -1.372819 -1.273705 -1.212335 -9999.0 -9999.0 -9999.0 -9999.0 -9999.0 -9999.0 -9999.0 -9999.0 -9999.0 -9999.0 -9999.0 -9999.0 -9999.0 -9999.0 -9999.0 -9999.0 -9999.0 -9999.0 -9999.0 -9999.0 -9999.0 -9999.0 -9999.0 -9999.0 -9999.0 -9999.0 -9999.0 -9999.0 -9999.0 -9999.0 -9999.0
-9999.0 -9999.0 -9999.0 -9999.0 -9999.0 -9999.0 -9999.0 -9999.0 -9999.0 -9999.0 -9999.0 -9999.0 -9999.0 -9999.0 -9999.0 -9999.0 -9999.0 -9999.0 -9999.0 -9999.0 -9999.0 -9999.0 -9999.0 -1.150192 -0.763283 -0.083191 -0.272394 -0.112551 -0.508720 -1.307995 -1.314320 -1.244878 -9999.0 -9999.0 -9999.0 -9999.0 -9999.0 -9999.0 -9999.0 -9999.0 -9999.0 -9999.0 -9999.0 -9999.0 -9999.0 -9999.0 -9999.0 -9999.0 -9999.0 -9999.0 -9999.0 -9999.0 -9999.0 -9999.0 -9999.0 -9999.0 -9999.0 -9999.0 -9999.0 -9999.0 -9999.0 -9999.0
-9999.0 -9999.0 -9999.0 -9999.0 -9999.0 -9999.0 -9999.0 -9999.0 -9999.0 -9999.0 -9999.0 -9999.0 -9999.0 -9999.0 -9999.0 -9999.0 -9999.0 -9999.0 -0.133853 -0.107898 -9999.0 -0.890610 -0.609819 -0.039132 -0.159228 -1.745089 -0.688874 -0.664714 -0.568218 -0.455389 -1.364516 -1.272273 -1.348632 -2.055100 -9999.0 -9999.0 -9999.0 -9999.0 -9999.0 -9999.0 -9999.0 -9999.0 -9999.0 -9999.0 -9999.0 -9999.0 -9999.0 -9999.0 -9999.0 -9999.0 -9999.0 -9999.0 -9999.0 -9999.0 -9999.0 -9999.0 -9999.0 -9999.0 -9999.0 -9999.0 -9999.0 -9999.0
-9999.0 -9999.0 -9999.0 -9999.0 -9999.0 -9999.0 -9999.0 -9999.0 -9999.0 -9999.0 -9999.0 -9999.0 -9999.0 -9999.0 -9999.0 -9999.0 -9999.0 -3.252353 -1.377898 -1.472684 -1.039677 -0.295773 -0.175161 -1.247110 -0.498061 -1.472234 -1.137173 -0.360377 -1.290032 -0.636527 -0.806659 -1.269683 -1.442291 -1.462292 -1.236690 -3.138978 -9999.0 -9999.0 -9999.0 -9999.0 -9999.0 -9999.0 -9999.0 -9999.0 -9999.0 -9999.0 -9999.0 -9999.0 -9999.0 -9999.0 -9999.0 -9999.0 -9999.0 -9999.0 -9999.0 -9999.0 -9999.0 -9999.0 -9999.0 -9999.0 -9999.0 -9999.0
-9999.0 -9999.0 -9999.0 -9999.0 -9999.0 -9999.0 -9999.0 -9999.0 -9999.0 -9999.0 -9999.0 -9999.0 -9999.0 -0.967529 -0.176407 -1.288567 -1.108380 -1.793887 -3.802275 -0.193907 -0.188128 -0.176499 -1.126677 -0.470670 -1.448379 -1.193382 -1.141646 -1.140540 -1.146730 -0.717800 -0.795155 -1.249614 -1.225880 -2.651644 -3.522480 -3.893083 -9999.0 -9999.0 -9999.0 -9999.0 -9999.0 -9999.0 -9999.0 -9999.0 -9999.0 -9999.0 -9999.0 -9999.0 -9999.0 -9999.0 -9999.0 -9999.0 -9999.0 -9999.0 -9999.0 -9999.0 -9999.0 -9999.0 -9999.0 -9999.0 -9999.0 -9999.0
-9999.0 -9999.0 -9999.0 -9999.0 -9999.0 -9999.0 -9999.0 -9999.0 -9999.0 -9999.0 -9999.0 -9999.0 -9999.0 -0.154307 -0.119346 -0.972230 -0.953122 -0.405993 -1.905819 -1.406901 -3.101135 -1.644373 -0.874044 -0.990946 -0.782512 -1.109564 -1.219052 -2.069939 -2.407159 -1.166282 -1.210414 -2.519801 -3.576072 -4.220138 -4.162496 -9999.0 -9999.0 -9999.0 -9999.0 -9999.0 -9999.0 -9999.0 -9999.0 -9999.0 -9999.0 -9999.0 -9999.0 -9999.0 -9999.0 -9999.0 -9999.0 -9999.0 -9999.0 -9999.0 -9999.0 -9999.0 -9999.0 -9999.0 -9999.0 -9999.0 -9999.0 -9999.0
-9999.0 -9999.0 -9999.0 -9999.0 -9999.0 -9999.0 -9999.0 -9999.0 -9999.0 -9999.0 -9999.0 -9999.0 -9999.0 -0.164740 -0.410794 -0.125566 -0.911967 -0.977280 -1.932287 -1.075551 -0.347998 -1.048297 -0.856708 -0.980008 -0.314294 -0.160419 -1.111246 -2.356637 -1.253105 -3.025623 -2.228774 -3.969874 -3.961746 -4.396355 -4.476918 -9999.0 -9999.0 -9999.0 -9999.0 -9999.0 -9999.0 -9999.0 -9999.0 -9999.0 -9999.0 -9999.0 -9999.0 -9999.0 -9999.0 -9999.0 -9999.0 -9999.0 -9999.0 -9999.0 -9999.0 -9999.0 -9999.0 -9999.0 -9999.0 -9999.0 -9999.0 -9999.0
-9999.0 -9999.0 -9999.0 -9999.0 -9999.0 -9999.0 -9999.0 -9999.0 -9999.0 -9999.0 -9999.0 -9999.0 -0.105504 -0.162202 -0.130721 -1.147172 -0.272455 -0.954582 -0.418963 -1.991835 -0.396377 -1.150405 -1.032800 -0.913759 -0.337286 -1.551857 -0.726616 -1.200316 -1.188355 -2.850347 -2.523994 -1.268786 -1.433351 -3.532156 -9999.0 -9999.0 -9999.0 -9999.0 -9999.0 -9999.0 -9999.0 -9999.0 -9999.0 -9999.0 -9999.0 -9999.0 -9999.0 -9999.0 -9999.0 -9999.0 -9999.0 -9999.0 -9999.0 -9999.0 -9999.0 -9999.0 -9999.0 -9999.0 -9999.0 -9999.0 -9999.0 -9999.0
-9999.0 -9999.0 -9999.0 -9999.0 -9999.0 -9999.0 -9999.0 -9999.0 -9999.0 -9999.0 -9999.0 -0.510043 -0.605202 -0.347120 -1.055410 -0.989598 -0.918151 -1.002833 -0.387873 -1.853267 -2.069500 -0.173454 -1.013762 -1.094066 -1.060453 -1.108581 -1.790306 -1.157355 -1.252919 -3.369757 -1.197208 -1.395648 -1.718566 -3.770153 -3.503615 -5.160946 -7.122207 -7.664094 -8.378850 -9999.0 -9999.0 -9999.0 -3.793580 -9999.0 -9999.0 -9999.0 -9999.0 -9999.0 -9999.0 -9999.0 -9999.0 -9999.0 -9999.0 -9999.0 -9999.0 -9999.0 -9999.0 -9999.0 -9999.0 -9999.0 -9999.0 -9999.0
-9999.0 -9999.0 -9999.0 -9999.0 -9999.0 -9999.0 -9999.0 -9999.0 -9999.0 -9999.0 -9999.0 -1.004827 -0.548582 -0.209175 -0.171977 -0.935552 -0.219336 -1.061034 -0.420853 -0.399726 -0.413117 -0.050429 -1.021152 -1.134714 -1.101426 -1.150877 -1.167260 -1.135967 -1.086133 -2.236382 -1.304742 -1.423546 -2.099169 -1.521083 -3.590542 -6.179991 -8.178484 -11.240952 -12.285738 -11.652293 -9.371971 -6.219782 -3.689656 -2.663035 -9999.0 -9999.0 -9999.0 -0.147402 -0.284647 -0.881931 -0.074609 -0.478351 -0.562601 -0.021386 -0.017845 -0.415537 -9999.0 -9999.0 -9999.0 -9999.0 -9999.0 -9999.0
-9999.0 -9999.0 -9999.0 -9999.0 -9999.0 -9999.0 -9999.0 -9999.0 -9999.0 -9999.0 -9999.0 -0.993445 -0.959225 -1.020495 -0.299562 -1.000704 -0.384016 -0.932675 -0.407447 -0.410890 -1.041221 -0.364279 -0.505077 -1.069380 -1.147749 -1.125054 -1.045740 -1.072984 -1.442239 -1.258255 -2.278919 -1.372139 -1.567795 -2.498710 -4.616872 -6.888128 -11.348414 -7.890129 -7.301169 -14.928613 -9.627843 -7.600539 -2.873953 -2.433078 -1.351826 -9999.0 -1.091935 -0.578064 -0.142073 -0.045716 -0.099426 -0.821345 -0.018148 -0.007195 -0.004086 -0.013791 -9999.0 -9999.0 -9999.0 -9999.0 -9999.0 -9999.0
-9999.0 -9999.0 -9999.0 -9999.0 -9999.0 -9999.0 -9999.0 -9999.0 -9999.0 -9999.0 -9999.0 -9999.0 -0.868009 -0.294818 -0.049697 -0.152685 -0.945372 -0.966634 -0.432096 -0.394503 -1.070479 -0.245760 -0.151204 -0.299783 -1.168407 -1.027833 -0.078061 -1.128437 -1.168665 -1.177055 -1.236429 -1.411895 -1.469334 -1.816746 -3.385956 -6.749216 -9.795727 -7.598995 -5.130440 -8.535280 -6.935081 -6.278918 -4.744277 -0.787426 -1.391688 -1.208526 -1.113123 -0.610462 -0.993447 -1.089844 -0.341207 -0.058720 -0.104177 -0.039726 -0.579638 -0.622927 -0.033107 -9999.0 -9999.0 -9999.0 -9999.0 -9999.0
-9999.0 -9999.0 -9999.0 -9999.0 -9999.0 -9999.0 -9999.0 -9999.0 -9999.0 -9999.0 -9999.0 -0.221392 -1.045039 -0.889311 -0.152017 -0.150712 -0.257499 -1.375051 -0.368093 -2.965293 -1.045662 -0.362608 -0.192467 -0.979924 -0.710533 -0.156887 -0.317410 -1.187929 -1.250916 -1.104893 -1.300806 -1.440626 -1.518267 -1.603817 -4.666848 -5.947336 -9.427696 -8.795422 -4.780250 -6.079507 -6.678900 -4.024225 -4.328567 -4.121527 -0.411675 -1.203052 -0.693225 -1.052605 -0.909021 -1.297429 -0.921911 -1.043003 -1.045472 -0.956863 -0.925187 -0.930314 -0.449894 -9999.0 -9999.0 -9999.0 -9999.0 -9999.0
-9999.0 -9999.0 -9999.0 -9999.0 -9999.0 -9999.0 -9999.0 -9999.0 -9999.0 -9999.0 -0.208236 -0.149580 -0.067631 -0.991575 -0.039878 -0.209075 -1.016467 -0.650743 -0.904151 -0.933757 -0.401974 -0.331139 -0.105829 -0.044486 -0.141622 -0.310081 -1.095637 -1.426961 -0.728914 -0.099627 -0.534028 -1.356344 -1.207191 -2.004140 -4.973718 -4.908215 -7.536086 -9.151438 -7.289054 -4.857265 -5.038350 -5.059534 -2.708155 -5.317038 -1.527699 -1.259746 -0.607296 -1.417771 -0.622946 -1.039865 -0.946685 -0.973547 -0.954786 -0.987686 -0.912544 -0.013729 -0.011671 -9999.0 -9999.0 -9999.0 -9999.0 -9999.0
-9999.0 -9999.0 -9999.0 -9999.0 -9999.0 -9999.0 -9999.0 -9999.0 -9999.0 -1.025501 -0.246218 -0.231364 -0.144420 -0.226667 -0.089594 -0.952169 -0.991708 -0.055236 -1.015021 -2.560714 -0.408014 -0.444972 -0.343910 -0.465791 -0.377743 -1.071288 -1.266033 -0.081917 -0.209937 -0.350452 -1.323968 -1.187414 -3.177397 -3.586724 -3.417862 -4.505961 -2.466575 -4.669102 -4.262981 -5.759810 -6.436577 -1.984489 -1.788667 -4.166710 -3.272168 -1.935641 -0.160815 -1.336740 -1.088089 -0.881597 -0.980657 -0.790594 -1.020530 -0.886037 -0.776898 -0.387373 -0.019485 -0.014222 -0.097373 -9999.0 -9999.0 -9999.0
-9999.0 -9999.0 -9999.0 -9999.0 -9999.0 -9999.0 -9999.0 -9999.0 -9999.0 -1.033801 -1.043118 -1.004553 -0.176218 -0.133471 -0.086103 -0.106859 -0.019304 -0.452928 -0.941692 -0.328746 -0.355474 -1.420003 -0.618227 -0.153257 -1.032980 -0.848452 -0.111610 -0.192825 -1.411258 -0.609651 -1.302607 -1.323806 -1.188394 -1.281667 -1.427183 -2.432328 -3.178638 -3.194942 -3.164366 -1.588944 -0.765507 -1.260458 -1.819316 -2.409522 -3.099509 -2.959634 -2.996502 -2.498292 -0.371213 -1.182231 -0.925332 -0.892843 -0.862007 -0.922006 -0.891134 -0.223159 -0.023632 -0.026720 -0.012441 -9999.0 -9999.0 -9999.0
-9999.0 -9999.0 -9999.0 -9999.0 -9999.0 -9999.0 -9999.0 -9999.0 -9999.0 -9999.0 -1.053598 -0.971684 -0.824464 -1.052411 -0.605823 -0.065574 -0.088749 -0.369902 -4.140937 -0.795721 -0.227734 -0.757381 -0.115272 -0.094981 -0.696768 -0.155417 -1.408496 -2.158493 -1.156710 -1.155245 -1.149242 -0.345546 -1.219877 -1.288738 -1.306685 -1.404469 -1.114816 -1.798168 -1.772912 -1.823047 -2.421963 -1.350387 -1.615846 -1.108040 -1.370122 -2.646172 -1.772125 -0.706620 -3.116258 -0.951841 -0.923777 -0.841961 -0.476319 -0.807845 -0.763663 -0.909062 -0.294736 -0.080496 -0.021459 -0.026725 -9999.0 -9999.0
-9999.0 -9999.0 -9999.0 -9999.0 -9999.0 -9999.0 -9999.0 -9999.0 -9999.0 -9999.0 -1.057596 -1.025299 -0.763241 -0.116350 -0.435490 -0.571114 -0.434980 -0.838583 -0.169711 -1.407407 -1.207024 -0.429879 -0.055137 -0.100699 -0.138280 -1.331498 -1.540012 -0.718837 -1.157232 -1.282850 -1.198506 -0.902687 -1.220015 -1.290737 -1.227828 -1.262775 -1.761312 -1.521777 -1.326089 -1.232119 -1.190418 -1.082105 -1.054270 -1.151434 -0.288918 -1.009691 -0.326909 -1.214028 -4.119492 -1.682923 -0.892880 -0.458675 -0.120482 -0.519029 -0.815273 -0.394356 -0.937517 -0.030424 -1.177332 -0.416563 -9999.0 -9999.0
-9999.0 -9999.0 -9999.0 -9999.0 -9999.0 -9999.0 -9999.0 -9999.0 -0.060879 -0.072171 -1.049912 -0.608581 -0.943412 -0.941967 -0.118099 -1.035661 -1.042626 -0.798933 -1.013204 -0.869046 -0.479005 -3.350836 -3.659686 -0.647074 -0.592103 -1.151281 -0.619688 -1.098803 -1.008320 -1.200868 -2.617279 -1.203421 -1.154589 -1.195593 -1.132260 -1.482725 -0.862140 -1.475822 -1.334153 -1.162983 -1.092812 -1.156424 -1.141202 -1.636877 -1.009586 -0.112654 -1.021648 -0.079309 -1.412170 -0.439761 -0.296054 -0.239238 -0.054571 -0.811391 -0.365620 -0.005118 -0.034864 -0.033544 -0.154628 -0.187100 -9999.0 -9999.0
-9999.0 -9999.0 -9999.0 -9999.0 -9999.0 -9999.0 -9999.0 -9999.0 -0.897380 -0.082273 -1.009021 -1.087906 -1.058645 -0.305452 -0.136487 -0.594028 -0.318118 -0.314760 -0.148896 -0.039506 -0.637515 -0.959060 -1.883337 -1.821377 -3.456057 -0.712880 -0.968230 -1.016538 -1.124967 -1.216683 -1.208746 -1.142563 -1.056019 -1.095832 -0.234970 -0.226875 -1.053528 -1.021936 -1.132958 -0.623558 -1.139141 -1.748828 -1.103563 -0.180126 -0.237826 -0.286388 -0.977332 -1.031844 -0.965501 -0.476235 -0.480822 -0.121492 -0.121228 -0.009727 -0.370087 -0.658552 -0.036257 -0.079807 -0.794621 -0.009580 -0.016222 -9999.0
-9999.0 -9999.0 -9999.0 -9999.0 -9999.0 -9999.0 -9999.0 -9999.0 -1.050682 -0.898749 -0.055318 -1.052716 -0.593492 -0.976492 -0.039101 -0.276002 -1.208216 -1.041142 -0.120349 -0.965038 -0.007274 -0.402246 -0.806167 -1.987104 -1.043003 -1.005116 -0.777765 -1.099754 -1.818968 -1.170621 -1.114825 -0.251103 -1.199798 -1.114752 -0.129935 -0.102562 -0.844552 -1.349297 -1.052106 -1.084881 -1.041796 -1.041940 -0.123560 -0.950548 -1.048567 -1.046235 -0.667611 -0.051139 -0.605812 -0.996586 -0.002405 -0.183797 -0.401616 -0.825185 -0.191661 -0.166994 -0.216728 -0.127840 -0.019532 -0.029986 -0.045800 -9999.0
-9999.0 -9999.0 -9999.0 -9999.0 -9999.0 -9999.0 -9999.0 -9999.0 -1.563252 -0.946056 -0.111412 -1.004921 -0.042355 -0.038881 -0.065196 -1.114028 -3.607827 -0.104055 -1.082676 -0.105959 -0.016786 -0.005881 -0.064536 -0.980374 -0.235330 -0.299648 -0.102275 -1.081011 -0.077442 -0.087040 -1.047560 -1.040750 -0.667797 -0.325041 -1.074089 -0.690326 -0.988549 -0.354617 -1.101872 -1.066274 -0.366807 -0.081038 -0.056980 -1.068294 -0.077271 -0.586764 -0.035482 -0.777716 -0.045950 -1.019319 -0.335122 0.175923 -0.148850 -0.134175 -0.081840 -0.067586 -0.021437 0.804823 1.504540 -0.016177 -0.084815 -0.147380
-9999.0 -9999.0 -9999.0 -9999.0 -9999.0 -9999.0 -9999.0 -9999.0 -1.123406 -0.302460 -0.041288 -0.036225 -0.055058 -0.866273 -0.428153 -0.927810 -0.608465 -0.788246 -0.482004 -0.317869 -0.279011 -0.006300 -0.004780 -0.735757 -0.343598 -0.065239 -0.202184 -0.081771 -0.279889 -0.257781 -0.428008 -0.135168 -1.230624 -0.147322 -1.056363 -1.094760 -0.620202 -0.319346 -1.648426 -1.040816 -1.114687 -1.043242 -0.589418 -1.095187 -1.082905 -0.107146 -1.055648 -0.187604 -0.146111 -0.669354 -1.018917 -0.261484 -0.002265 -0.039510 -0.015443 -0.017352 -0.019729 -0.024562 -0.039323 -0.084663 -0.467036 -0.108864
-9999.0 -9999.0 -1.004300 -0.499765 -0.555694 -0.967202 -0.122160 -1.015309 -0.787323 -0.291085 -0.443667 -0.793715 -0.521733 -0.203256 -0.347492 -0.561536 -1.494732 -0.948611 -0.754830 -0.348212 -0.313757 -0.034245 -0.008684 -1.416738 -0.936244 -1.197490 -0.382417 -0.568004 -1.935375 -0.366267 -0.174308 -0.137201 -0.359325 -0.904486 -0.418746 -0.720010 -0.255159 -0.237920 -0.387065 -0.177449 -0.265190 -0.391985 -2.034788 -0.353556 -0.160352 -0.175883 -0.960100 -0.830771 -1.847614 -0.419090 -0.010289 -0.007186 0.300525 -0.018692 -0.024797 -0.030592 -0.036313 -0.061802 -0.130005 -0.523296 -0.062811 -0.028532
-9999.0 -0.098920 -0.086804 -0.091009 -0.362544 -0.050691 -0.563122 -0.937469 -1.042443 -1.011718 -0.521912 -0.039436 -0.189466 -0.016781 -0.056854 -0.044688 -0.554584 -0.682965 -0.107654 -0.703573 -0.351946 -2.390819 -0.508130 -0.007694 -0.798941 -1.384954 -1.275518 -1.590482 -2.784192 -1.546471 -1.824546 -0.452715 -0.354742 -1.057162 -0.801532 -0.834214 -0.216513 -0.166593 -0.223044 -0.477405 -0.605354 -0.928877 -0.859110 -0.901214 -1.131133 -1.905157 -1.760267 -1.311748 -0.005291 -0.001298 -0.003578 -0.039767 -0.051080 -0.060439 -0.055248 -0.069089 -0.119029 -0.198399 -0.101857 -0.074527 -0.015608 -0.017181
-9999.0 -0.265554 -0.115683 -0.127988 -0.041121 -0.116135 -0.218507 -1.077911 -0.993096 -1.028631 -0.620509 -0.039199 -0.353351 -0.037301 -0.873347 -0.783906 -0.974711 -1.066837 -0.093615 -0.644322 -0.192368 -0.555742 -1.382681 -0.300251 -0.418621 -0.611173 -0.012022 -0.016610 -0.044918 -2.152038 -0.832488 -0.065755 -1.667144 -0.873533 -0.114310 -0.153022 -0.069459 -0.034454 -0.065384 -0.080428 -0.154705 -0.278206 -0.530506 -0.067839 -0.003957 -0.002486 -0.001517 -0.001209 -0.001516 -0.002975 -0.110694 -0.347962 -0.161858 -0.162686 -0.143882 -0.106922 -0.105324 -0.068277 -0.037248 -0.015772 -0.009645 -9999.0
