erum2020/resources/simulation/Vinschgau/output-maps/TsL0003N0703.asc
ncols         63
nrows         48
xllcorner     598000.000000
yllcorner     5145000.000000
cellsize      1000.000000
NODATA_value  -9999.0
[rows 0 to 28 of 48, columns 0 to 62 of 63]
-9999.0 -9999.0 -9999.0 -9999.0 -9999.0 -9999.0 -9999.0 -9999.0 -9999.0 -9999.0 -9999.0 -9999.0 -9999.0 -9999.0 -9999.0 -9999.0 -9999.0 -9999.0 -9999.0 -9999.0 -9999.0 -9999.0 -9999.0 -9999.0 -9999.0 -9999.0 -9999.0 -9999.0 -9999.0 -9999.0 -9999.0 -9999.0 -9999.0 -9999.0 -9999.0 -9999.0 -9999.0 -9999.0 -9999.0 -9999.0 -9999.0 -9999.0 -9999.0 -9999.0 -9999.0 -9999.0 -9999.0 -9999.0 -9999.0 -9999.0 -9999.0 -9999.0 -9999.0 -9999.0 -9999.0 -9999.0 -9999.0 -9999.0 -9999.0 -9999.0 -9999.0 -9999.0 -9999.0
-9999.0 -9999.0 -9999.0 -9999.0 -9999.0 -9999.0 -9999.0 -9999.0 -9999.0 -9999.0 -9999.0 -9999.0 -9999.0 -9999.0 -9999.0 -9999.0 -9999.0 -9999.0 -9999.0 -9999.0 -9999.0 -9999.0 -9999.0 -9999.0 -9999.0 -9999.0 -9999.0 6.085622 5.952867 5.119945 3.935322 3.000553 3.466009 -9999.0 -9999.0 -9999.0 -9999.0 -9999.0 -9999.0 -9999.0 -9999.0 -9999.0 -9999.0 -9999.0 -9999.0 -9999.0 -9999.0 -9999.0 -9999.0 -9999.0 -9999.0 -9999.0 -9999.0 -9999.0 -9999.0 -9999.0 -9999.0 -9999.0 -9999.0 -9999.0 -9999.0 -9999.0 -9999.0
-9999.0 -9999.0 -9999.0 -9999.0 -9999.0 -9999.0 -9999.0 -9999.0 -9999.0 -9999.0 -9999.0 -9999.0 -9999.0 -9999.0 -9999.0 -9999.0 -9999.0 -9999.0 -9999.0 -9999.0 -9999.0 -9999.0 -9999.0 -9999.0 6.196613 6.896747 7.429083 6.879864 6.372222 6.259916 4.465104 -9999.0 -9999.0 -9999.0 -9999.0 -9999.0 -9999.0 -9999.0 -9999.0 -9999.0 -9999.0 -9999.0 -9999.0 -9999.0 -9999.0 -9999.0 -9999.0 -9999.0 -9999.0 -9999.0 -9999.0 -9999.0 -9999.0 -9999.0 -9999.0 -9999.0 -9999.0 -9999.0 -9999.0 -9999.0 -9999.0 -9999.0 -9999.0
-9999.0 -9999.0 -9999.0 -9999.0 -9999.0 -9999.0 -9999.0 -9999.0 -9999.0 -9999.0 -9999.0 -9999.0 -9999.0 -9999.0 -9999.0 -9999.0 -9999.0 -9999.0 -9999.0 -9999.0 -9999.0 -9999.0 -9999.0 6.680367 7.806786 9.293740 9.403639 9.521608 8.442653 7.351237 5.651540 4.576069 -9999.0 -9999.0 -9999.0 -9999.0 -9999.0 -9999.0 -9999.0 -9999.0 -9999.0 -9999.0 -9999.0 -9999.0 -9999.0 -9999.0 -9999.0 -9999.0 -9999.0 -9999.0 -9999.0 -9999.0 -9999.0 -9999.0 -9999.0 -9999.0 -9999.0 -9999.0 -9999.0 -9999.0 -9999.0 -9999.0 -9999.0
-9999.0 -9999.0 -9999.0 -9999.0 -9999.0 -9999.0 -9999.0 -9999.0 -9999.0 -9999.0 -9999.0 -9999.0 -9999.0 -9999.0 -9999.0 -9999.0 -9999.0 -9999.0 9.652386 7.715258 -9999.0 6.590747 7.421957 9.667964 9.558302 10.712124 8.734450 8.739406 10.991321 9.191716 7.231034 5.601974 6.107236 4.651109 -9999.0 -9999.0 -9999.0 -9999.0 -9999.0 -9999.0 -9999.0 -9999.0 -9999.0 -9999.0 -9999.0 -9999.0 -9999.0 -9999.0 -9999.0 -9999.0 -9999.0 -9999.0 -9999.0 -9999.0 -9999.0 -9999.0 -9999.0 -9999.0 -9999.0 -9999.0 -9999.0 -9999.0 -9999.0
-9999.0 -9999.0 -9999.0 -9999.0 -9999.0 -9999.0 -9999.0 -9999.0 -9999.0 -9999.0 -9999.0 -9999.0 -9999.0 -9999.0 -9999.0 -9999.0 -9999.0 11.645786 10.015306 10.944505 8.911619 7.717935 9.008106 9.011425 11.241348 8.184515 7.164729 7.232190 6.648410 8.353627 7.629142 6.318115 6.016018 4.586502 2.744698 1.269676 -9999.0 -9999.0 -9999.0 -9999.0 -9999.0 -9999.0 -9999.0 -9999.0 -9999.0 -9999.0 -9999.0 -9999.0 -9999.0 -9999.0 -9999.0 -9999.0 -9999.0 -9999.0 -9999.0 -9999.0 -9999.0 -9999.0 -9999.0 -9999.0 -9999.0 -9999.0 -9999.0
-9999.0 -9999.0 -9999.0 -9999.0 -9999.0 -9999.0 -9999.0 -9999.0 -9999.0 -9999.0 -9999.0 -9999.0 -9999.0 6.490313 8.998957 9.927160 11.856881 13.740906 11.283455 10.105909 9.681362 10.280993 10.886244 11.146417 7.625398 5.669897 6.814664 6.138565 7.240068 7.180177 7.406665 5.304986 4.741436 3.155256 3.110397 1.188612 -9999.0 -9999.0 -9999.0 -9999.0 -9999.0 -9999.0 -9999.0 -9999.0 -9999.0 -9999.0 -9999.0 -9999.0 -9999.0 -9999.0 -9999.0 -9999.0 -9999.0 -9999.0 -9999.0 -9999.0 -9999.0 -9999.0 -9999.0 -9999.0 -9999.0 -9999.0 -9999.0
-9999.0 -9999.0 -9999.0 -9999.0 -9999.0 -9999.0 -9999.0 -9999.0 -9999.0 -9999.0 -9999.0 -9999.0 -9999.0 7.492334 9.758775 10.198708 10.588319 11.012243 14.133890 11.467302 11.171510 9.391151 9.368047 7.904234 8.187131 7.242584 6.053621 3.805572 3.395540 5.265199 6.307855 2.967936 2.230161 0.583053 1.627167 -9999.0 -9999.0 -9999.0 -9999.0 -9999.0 -9999.0 -9999.0 -9999.0 -9999.0 -9999.0 -9999.0 -9999.0 -9999.0 -9999.0 -9999.0 -9999.0 -9999.0 -9999.0 -9999.0 -9999.0 -9999.0 -9999.0 -9999.0 -9999.0 -9999.0 -9999.0 -9999.0 -9999.0
-9999.0 -9999.0 -9999.0 -9999.0 -9999.0 -9999.0 -9999.0 -9999.0 -9999.0 -9999.0 -9999.0 -9999.0 -9999.0 9.681007 9.401278 10.381541 9.919399 11.203736 14.314833 11.884730 9.557553 10.082280 7.405146 7.481232 8.801239 7.505953 5.475164 3.229792 5.091638 1.590428 2.668379 -0.282563 0.233032 0.003682 0.466435 -9999.0 -9999.0 -9999.0 -9999.0 -9999.0 -9999.0 -9999.0 -9999.0 -9999.0 -9999.0 -9999.0 -9999.0 -9999.0 -9999.0 -9999.0 -9999.0 -9999.0 -9999.0 -9999.0 -9999.0 -9999.0 -9999.0 -9999.0 -9999.0 -9999.0 -9999.0 -9999.0 -9999.0
-9999.0 -9999.0 -9999.0 -9999.0 -9999.0 -9999.0 -9999.0 -9999.0 -9999.0 -9999.0 -9999.0 -9999.0 8.083867 8.996479 9.560062 8.732033 8.002423 10.041624 11.738146 9.956638 9.173099 7.487288 7.148649 6.994362 7.668748 3.971988 6.321191 4.807604 5.757082 2.196851 0.215689 3.254738 4.108713 0.938977 -9999.0 -9999.0 -9999.0 -9999.0 -9999.0 -9999.0 -9999.0 -9999.0 -9999.0 -9999.0 -9999.0 -9999.0 -9999.0 -9999.0 -9999.0 -9999.0 -9999.0 -9999.0 -9999.0 -9999.0 -9999.0 -9999.0 -9999.0 -9999.0 -9999.0 -9999.0 -9999.0 -9999.0 -9999.0
-9999.0 -9999.0 -9999.0 -9999.0 -9999.0 -9999.0 -9999.0 -9999.0 -9999.0 -9999.0 -9999.0 5.416855 6.858023 8.295725 7.508628 6.039434 9.123973 9.632796 11.976674 10.210419 9.065135 9.505476 6.598916 4.619228 6.944724 5.021986 2.337665 5.474540 5.601507 1.868200 2.845106 5.673394 4.004722 3.012193 2.869855 4.039280 5.437337 6.057294 6.703139 -9999.0 -9999.0 -9999.0 4.161867 -9999.0 -9999.0 -9999.0 -9999.0 -9999.0 -9999.0 -9999.0 -9999.0 -9999.0 -9999.0 -9999.0 -9999.0 -9999.0 -9999.0 -9999.0 -9999.0 -9999.0 -9999.0 -9999.0 -9999.0
-9999.0 -9999.0 -9999.0 -9999.0 -9999.0 -9999.0 -9999.0 -9999.0 -9999.0 -9999.0 -9999.0 5.398864 6.361637 7.502163 8.408016 4.560340 9.145621 10.091405 11.818087 10.475770 10.108122 8.607879 6.659892 5.211588 5.611472 4.993947 5.665255 5.840378 5.106135 3.386602 4.987093 6.468183 5.400455 3.244602 3.401332 4.883743 6.872976 8.287403 6.874209 5.617810 6.118309 4.520382 5.366508 5.809909 -9999.0 -9999.0 -9999.0 2.613865 3.409058 3.327223 4.529622 4.749713 3.226838 3.834336 3.028287 2.350972 -9999.0 -9999.0 -9999.0 -9999.0 -9999.0 -9999.0 -9999.0
-9999.0 -9999.0 -9999.0 -9999.0 -9999.0 -9999.0 -9999.0 -9999.0 -9999.0 -9999.0 -9999.0 5.659970 4.762246 5.906378 6.640521 6.429409 6.250169 8.585669 10.499198 11.904773 9.232401 8.153958 6.816483 6.666011 4.162289 6.581944 6.800325 6.068658 3.886580 3.489960 3.792664 5.763874 6.220581 4.080364 4.633328 6.254184 7.173821 7.831116 9.859293 7.153562 7.638169 5.865897 6.637206 6.922618 4.934410 -9999.0 0.961938 3.549344 5.129701 6.244312 6.745918 6.441815 6.188940 5.567541 5.428226 4.566576 -9999.0 -9999.0 -9999.0 -9999.0 -9999.0 -9999.0 -9999.0
-9999.0 -9999.0 -9999.0 -9999.0 -9999.0 -9999.0 -9999.0 -9999.0 -9999.0 -9999.0 -9999.0 -9999.0 4.976669 5.305756 7.502722 6.980403 7.348701 9.024469 10.553280 12.053444 9.326413 8.189794 7.973581 7.152763 5.490054 6.731693 8.148708 4.679885 4.098876 5.240698 5.509464 6.038508 5.924574 4.378950 2.540348 4.602029 6.166564 8.148146 11.531935 8.501405 8.299858 9.178844 7.544480 8.449211 6.962652 4.947151 3.698394 3.538267 5.238624 6.977118 8.199950 5.835877 6.995547 5.366095 4.757215 3.532529 4.513070 -9999.0 -9999.0 -9999.0 -9999.0 -9999.0 -9999.0
-9999.0 -9999.0 -9999.0 -9999.0 -9999.0 -9999.0 -9999.0 -9999.0 -9999.0 -9999.0 -9999.0 5.824659 4.149965 5.834868 5.947107 6.045883 7.404357 8.110530 10.159491 10.982240 9.113282 8.355365 7.722335 6.761893 6.893506 7.642255 6.625651 3.769509 5.303605 6.553897 6.677756 7.038913 7.207491 4.099948 1.873670 4.228175 3.995934 7.219245 9.357292 10.560835 7.931560 9.174812 9.044853 7.976883 9.175141 5.743935 5.760734 5.162667 5.519846 8.045378 4.674061 2.901719 3.758387 2.896213 2.295605 0.267216 3.670990 -9999.0 -9999.0 -9999.0 -9999.0 -9999.0 -9999.0
-9999.0 -9999.0 -9999.0 -9999.0 -9999.0 -9999.0 -9999.0 -9999.0 -9999.0 -9999.0 6.066082 6.270220 7.181317 6.444807 7.420702 7.698682 7.138041 7.742915 10.612503 10.919673 10.745020 9.360066 7.258820 8.769126 8.562471 7.559079 5.794621 5.323955 7.358871 7.782225 7.665525 6.974325 5.598139 3.542408 1.977178 3.886848 6.619293 6.814611 8.107667 10.109920 10.438550 9.972384 9.932447 9.353907 8.434713 7.966805 5.650672 7.239957 7.970546 8.389474 4.320984 1.664885 1.779860 -0.000138 0.449520 4.570885 4.919984 -9999.0 -9999.0 -9999.0 -9999.0 -9999.0 -9999.0
-9999.0 -9999.0 -9999.0 -9999.0 -9999.0 -9999.0 -9999.0 -9999.0 -9999.0 4.304807 5.101230 6.157191 7.261943 6.472117 6.827586 6.564347 6.208628 8.787199 10.451280 11.232366 11.148864 9.025665 8.938443 9.848787 8.424456 6.638783 5.925579 8.073571 8.313447 8.731378 9.194976 5.820373 3.022711 1.253581 3.993766 3.158142 4.676138 5.869352 6.030465 7.307598 8.324315 7.711414 7.560217 10.185618 9.627236 8.612581 9.694966 7.505407 7.206176 9.116032 6.190790 3.214595 -0.000993 0.635039 1.982244 4.396038 5.347049 6.802313 5.438791 -9999.0 -9999.0 -9999.0 -9999.0
-9999.0 -9999.0 -9999.0 -9999.0 -9999.0 -9999.0 -9999.0 -9999.0 -9999.0 4.416574 4.017379 5.033606 8.614967 8.132926 7.328386 6.634560 8.112487 8.977653 10.967957 12.700861 12.804506 12.687381 9.672349 9.322052 7.061610 6.903980 7.945310 8.881982 10.000209 7.895958 7.601183 5.524159 4.308857 3.991173 4.420943 6.627028 6.545202 7.113280 4.199509 5.911405 6.135059 5.555884 7.695218 9.049994 10.472078 11.106835 10.843637 9.655863 8.760641 8.918511 5.046940 3.493130 1.051408 1.342702 2.181242 3.274064 5.309020 6.365920 8.043686 -9999.0 -9999.0 -9999.0 -9999.0
-9999.0 -9999.0 -9999.0 -9999.0 -9999.0 -9999.0 -9999.0 -9999.0 -9999.0 -9999.0 4.515175 5.396038 6.749124 8.183026 8.638938 7.697099 8.105593 9.880954 11.517898 12.342238 11.145870 10.288390 8.390444 7.812100 7.149850 8.796877 9.907838 10.687643 7.875518 6.197086 5.745486 6.318738 3.535343 2.541436 5.423418 6.702911 7.441573 7.278694 6.428717 2.934836 2.285423 6.936093 7.282749 6.997106 8.101237 8.228252 9.082240 9.512313 11.363998 9.349899 5.737308 5.557188 2.466711 1.316157 0.566903 2.433918 4.050415 8.253193 8.681966 8.828235 -9999.0 -9999.0 -9999.0
-9999.0 -9999.0 -9999.0 -9999.0 -9999.0 -9999.0 -9999.0 -9999.0 -9999.0 -9999.0 3.814684 4.701806 5.309447 7.239878 11.129776 8.661447 8.475442 10.145080 11.878178 12.801467 11.263665 9.588257 8.445353 8.262436 8.654531 10.435477 11.458534 8.889602 6.580413 3.928858 3.377361 5.119952 4.421812 2.426121 3.299283 4.776723 7.393535 6.888113 5.060853 3.134112 4.246689 6.011449 5.844707 4.390607 5.762895 6.873898 7.172907 8.005171 9.690423 10.929087 8.875034 5.922768 4.289347 2.829229 3.025866 4.129357 1.914516 6.806551 9.992596 10.939565 -9999.0 -9999.0 -9999.0
-9999.0 -9999.0 -9999.0 -9999.0 -9999.0 -9999.0 -9999.0 -9999.0 7.218658 6.382571 4.948591 4.760730 6.164572 6.506535 7.250115 9.971918 10.527492 12.984482 12.925862 13.163622 12.775486 11.452073 10.758547 9.511421 9.965827 11.346932 10.618350 7.189728 6.002883 4.314505 1.513997 3.326171 4.232736 3.242771 3.882472 2.030930 6.210520 7.029961 4.106628 5.049392 3.010777 4.483553 3.783728 2.189091 6.887590 6.414778 4.878986 6.203483 8.173745 10.520159 9.073097 6.802126 5.059778 2.651919 4.418216 5.820454 6.457754 8.271762 10.060549 11.525730 -9999.0 -9999.0 -9999.0
-9999.0 -9999.0 -9999.0 -9999.0 -9999.0 -9999.0 -9999.0 -9999.0 5.747970 6.547551 5.530361 3.265563 4.276507 6.784420 6.873432 8.551684 9.567917 10.007081 12.401849 13.493576 14.740075 14.556462 13.432798 12.622686 11.244749 11.786598 9.751425 7.638272 5.335373 4.984766 4.195682 6.145586 4.523330 4.923348 4.355049 5.303175 7.352883 7.608663 5.853760 5.214839 2.310240 -0.008710 2.062594 5.297533 6.756079 5.445117 4.187206 4.330096 6.889046 9.249402 10.703083 7.685864 4.448583 4.853813 7.222228 6.846009 7.831850 9.205190 11.750080 13.553611 13.924293 -9999.0 -9999.0
-9999.0 -9999.0 -9999.0 -9999.0 -9999.0 -9999.0 -9999.0 -9999.0 3.598947 6.157253 8.026066 4.699455 5.915895 5.533135 7.435058 7.286449 8.973012 10.701892 12.692313 13.902090 13.933396 14.602712 14.553529 12.962025 13.955163 10.908321 9.270657 6.796478 5.666231 6.139822 6.274600 6.357157 4.847443 5.359636 5.028959 7.112180 5.928336 8.116185 5.310161 4.546358 3.349766 2.863042 3.843600 4.342734 4.332403 4.010352 5.525583 5.023254 4.684767 7.236588 10.857396 9.485348 5.524912 5.081423 8.613079 9.057000 10.468418 11.798885 12.719913 13.180423 13.830382 -9999.0 -9999.0
-9999.0 -9999.0 -9999.0 -9999.0 -9999.0 -9999.0 -9999.0 -9999.0 2.579184 5.418412 7.451162 5.988078 6.181114 6.618258 7.871811 9.196338 11.418044 12.558843 10.916054 12.967256 13.180356 13.683096 14.328671 13.738453 11.006504 9.348618 7.792402 6.099022 7.817053 7.285449 6.915003 6.755509 7.708748 7.611054 5.468115 5.946498 7.013934 8.515347 5.688173 5.264931 4.707982 5.296444 5.521612 7.045046 5.017160 6.007973 6.242637 7.115954 5.942242 7.105908 8.493969 10.878792 10.280434 8.751820 10.601973 10.985434 12.008200 12.173285 13.241771 13.689673 12.183380 10.407673 -9999.0
-9999.0 -9999.0 -9999.0 -9999.0 -9999.0 -9999.0 -9999.0 -9999.0 3.557782 5.146531 7.173964 6.877518 7.689540 8.235809 11.058967 10.779335 10.378687 10.274165 9.038048 10.294412 12.058252 13.125160 13.194467 12.911955 12.069075 8.646988 6.770356 8.149024 9.074579 8.621905 6.877109 7.875668 9.314039 7.945693 6.985376 7.016938 7.712791 9.154371 8.299203 7.238287 6.488429 6.766721 7.278340 7.397878 5.607246 7.149050 7.163321 7.864378 7.628991 9.510782 10.734479 10.293344 10.878217 11.589841 11.720230 11.953090 12.705860 12.973052 12.654386 12.094708 11.262023 9.078578 -9999.0
-9999.0 -9999.0 6.479811 6.443083 5.619885 6.224567 6.365277 5.390345 5.388598 4.505507 6.434203 8.481314 8.400518 9.771812 12.639836 10.320681 8.616788 6.714335 6.727619 8.589149 10.179348 11.437000 12.939416 13.329934 11.785508 9.738761 8.572542 8.636656 9.428878 10.077538 7.596571 7.854887 10.241590 8.387804 9.551174 8.149176 10.168897 9.981020 8.686854 7.022411 8.654828 9.413309 8.511858 9.135448 6.904908 8.150585 9.593329 8.967114 10.815609 11.790333 12.362016 12.737583 12.602914 12.388246 12.064110 12.742018 11.675271 11.700462 11.124964 11.173947 10.206832 8.639533 -9999.0
-9999.0 7.079096 6.971347 6.823947 6.459149 6.727729 6.101163 4.718497 4.154805 4.012064 5.626683 7.412086 9.417559 10.930037 10.891199 7.876178 6.447870 5.680239 6.799190 8.381036 10.028017 10.588414 12.049656 11.926243 13.198487 11.702370 12.567524 12.791271 11.269358 10.412008 10.621431 10.147905 10.172197 11.758871 11.281016 11.743021 12.119957 11.479538 11.559497 11.285642 11.199178 11.050133 10.915183 9.472359 9.022732 9.703674 11.488214 11.743625 12.387127 12.025636 12.531568 12.196158 11.364318 11.087888 11.004596 10.354275 9.454192 9.860844 9.769718 9.274850 9.106313 9.538393 -9999.0
-9999.0 6.490153 7.627946 7.797290 9.638908 7.575587 5.685310 5.175551 5.680080 5.614684 5.942610 7.271919 9.409903 10.920843 8.217070 5.999720 5.128599 5.707927 7.677546 8.130617 8.725813 9.390293 10.002433 10.663133 12.649212 13.330832 12.929244 12.990829 12.897953 11.414112 12.605293 11.847471 11.513956 11.607610 12.645316 12.532041 13.499532 15.190139 13.285906 13.428060 12.913820 12.719946 12.241253 12.162726 12.943075 12.703872 13.701809 13.786209 12.813318 12.734959 11.011321 10.140250 9.649579 10.165527 9.425936 8.119579 8.310813 7.799304 7.946845 7.592034 7.969967 -9999.0 -9999.0
-9999.0 5.747329 6.971829 7.799093 8.935647 9.139782 9.883862 6.438357 6.468041 6.493598 7.407786 8.768544 10.544173 9.336541 6.789446 5.171556 4.602677 5.593492 5.994771 7.617392 7.397470 7.703849 9.192600 11.297775 12.004128 11.765331 12.191960 12.387521 12.556494 12.546600 12.635061 13.160289 12.942597 11.939401 12.794717 12.768615 13.036009 13.762563 13.316570 13.454437 13.599215 14.466533 13.509981 13.674020 13.640285 13.377298 11.973755 11.613879 10.715314 10.202755 9.016149 7.767159 7.878183 9.002308 7.358897 6.335646 6.280762 6.083587 6.197239 -9999.0 -9999.0 -9999.0 -9999.0
