erum2020/resources/simulation/Vinschgau/output-maps/TsL0002N0639.asc
ncols         63
nrows         48
xllcorner     598000.000000
yllcorner     5145000.000000
cellsize      1000.000000
NODATA_value  -9999.0
[rows 0 to 27 of 48, columns 0 to 62 of 63]
-9999.0 -9999.0 -9999.0 -9999.0 -9999.0 -9999.0 -9999.0 -9999.0 -9999.0 -9999.0 -9999.0 -9999.0 -9999.0 -9999.0 -9999.0 -9999.0 -9999.0 -9999.0 -9999.0 -9999.0 -9999.0 -9999.0 -9999.0 -9999.0 -9999.0 -9999.0 -9999.0 -9999.0 -9999.0 -9999.0 -9999.0 -9999.0 -9999.0 -9999.0 -9999.0 -9999.0 -9999.0 -9999.0 -9999.0 -9999.0 -9999.0 -9999.0 -9999.0 -9999.0 -9999.0 -9999.0 -9999.0 -9999.0 -9999.0 -9999.0 -9999.0 -9999.0 -9999.0 -9999.0 -9999.0 -9999.0 -9999.0 -9999.0 -9999.0 -9999.0 -9999.0 -9999.0 -9999.0
-9999.0 -9999.0 -9999.0 -9999.0 -9999.0 -9999.0 -9999.0 -9999.0 -9999.0 -9999.0 -9999.0 -9999.0 -9999.0 -9999.0 -9999.0 -9999.0 -9999.0 -9999.0 -9999.0 -9999.0 -9999.0 -9999.0 -9999.0 -9999.0 -9999.0 -9999.0 -9999.0 8.996445 8.474614 9.327085 7.230378 6.666409 6.543867 -9999.0 -9999.0 -9999.0 -9999.0 -9999.0 -9999.0 -9999.0 -9999.0 -9999.0 -9999.0 -9999.0 -9999.0 -9999.0 -9999.0 -9999.0 -9999.0 -9999.0 -9999.0 -9999.0 -9999.0 -9999.0 -9999.0 -9999.0 -9999.0 -9999.0 -9999.0 -9999.0 -9999.0 -9999.0 -9999.0
-9999.0 -9999.0 -9999.0 -9999.0 -9999.0 -9999.0 -9999.0 -9999.0 -9999.0 -9999.0 -9999.0 -9999.0 -9999.0 -9999.0 -9999.0 -9999.0 -9999.0 -9999.0 -9999.0 -9999.0 -9999.0 -9999.0 -9999.0 -9999.0 8.814202 9.189193 9.655258 9.167531 9.347965 8.231537 7.516651 -9999.0 -9999.0 -9999.0 -9999.0 -9999.0 -9999.0 -9999.0 -9999.0 -9999.0 -9999.0 -9999.0 -9999.0 -9999.0 -9999.0 -9999.0 -9999.0 -9999.0 -9999.0 -9999.0 -9999.0 -9999.0 -9999.0 -9999.0 -9999.0 -9999.0 -9999.0 -9999.0 -9999.0 -9999.0 -9999.0 -9999.0 -9999.0
-9999.0 -9999.0 -9999.0 -9999.0 -9999.0 -9999.0 -9999.0 -9999.0 -9999.0 -9999.0 -9999.0 -9999.0 -9999.0 -9999.0 -9999.0 -9999.0 -9999.0 -9999.0 -9999.0 -9999.0 -9999.0 -9999.0 -9999.0 9.030294 10.080940 11.755303 12.560332 12.949471 11.701791 9.607197 7.903743 7.406194 -9999.0 -9999.0 -9999.0 -9999.0 -9999.0 -9999.0 -9999.0 -9999.0 -9999.0 -9999.0 -9999.0 -9999.0 -9999.0 -9999.0 -9999.0 -9999.0 -9999.0 -9999.0 -9999.0 -9999.0 -9999.0 -9999.0 -9999.0 -9999.0 -9999.0 -9999.0 -9999.0 -9999.0 -9999.0 -9999.0 -9999.0
-9999.0 -9999.0 -9999.0 -9999.0 -9999.0 -9999.0 -9999.0 -9999.0 -9999.0 -9999.0 -9999.0 -9999.0 -9999.0 -9999.0 -9999.0 -9999.0 -9999.0 -9999.0 11.435961 9.236484 -9999.0 8.708023 9.605627 11.655717 11.840320 13.904388 11.815540 12.018909 14.613954 12.601052 9.525300 8.238471 7.653422 5.389277 -9999.0 -9999.0 -9999.0 -9999.0 -9999.0 -9999.0 -9999.0 -9999.0 -9999.0 -9999.0 -9999.0 -9999.0 -9999.0 -9999.0 -9999.0 -9999.0 -9999.0 -9999.0 -9999.0 -9999.0 -9999.0 -9999.0 -9999.0 -9999.0 -9999.0 -9999.0 -9999.0 -9999.0 -9999.0
-9999.0 -9999.0 -9999.0 -9999.0 -9999.0 -9999.0 -9999.0 -9999.0 -9999.0 -9999.0 -9999.0 -9999.0 -9999.0 -9999.0 -9999.0 -9999.0 -9999.0 12.808243 11.146394 12.269508 10.411714 9.658734 10.625719 11.352988 12.883706 9.809676 8.735341 10.147040 9.023557 10.830445 10.741371 8.273664 7.725497 6.792505 4.661925 3.613555 -9999.0 -9999.0 -9999.0 -9999.0 -9999.0 -9999.0 -9999.0 -9999.0 -9999.0 -9999.0 -9999.0 -9999.0 -9999.0 -9999.0 -9999.0 -9999.0 -9999.0 -9999.0 -9999.0 -9999.0 -9999.0 -9999.0 -9999.0 -9999.0 -9999.0 -9999.0 -9999.0
-9999.0 -9999.0 -9999.0 -9999.0 -9999.0 -9999.0 -9999.0 -9999.0 -9999.0 -9999.0 -9999.0 -9999.0 -9999.0 7.563454 10.301850 10.628705 12.090009 16.342118 12.444730 11.790620 11.682101 12.344144 13.387872 13.084788 9.385184 9.114346 9.621255 8.803544 9.484902 10.046128 9.059484 8.301530 7.517954 6.549617 6.084021 3.724125 -9999.0 -9999.0 -9999.0 -9999.0 -9999.0 -9999.0 -9999.0 -9999.0 -9999.0 -9999.0 -9999.0 -9999.0 -9999.0 -9999.0 -9999.0 -9999.0 -9999.0 -9999.0 -9999.0 -9999.0 -9999.0 -9999.0 -9999.0 -9999.0 -9999.0 -9999.0 -9999.0
-9999.0 -9999.0 -9999.0 -9999.0 -9999.0 -9999.0 -9999.0 -9999.0 -9999.0 -9999.0 -9999.0 -9999.0 -9999.0 8.343110 10.937106 10.837121 10.584471 13.314170 16.528827 13.377875 12.319480 12.458649 10.765879 10.167041 11.263321 10.196988 8.362095 6.512866 7.534084 8.234732 7.738090 6.299932 5.567130 3.764478 4.172015 -9999.0 -9999.0 -9999.0 -9999.0 -9999.0 -9999.0 -9999.0 -9999.0 -9999.0 -9999.0 -9999.0 -9999.0 -9999.0 -9999.0 -9999.0 -9999.0 -9999.0 -9999.0 -9999.0 -9999.0 -9999.0 -9999.0 -9999.0 -9999.0 -9999.0 -9999.0 -9999.0 -9999.0
-9999.0 -9999.0 -9999.0 -9999.0 -9999.0 -9999.0 -9999.0 -9999.0 -9999.0 -9999.0 -9999.0 -9999.0 -9999.0 10.679460 10.219072 11.532469 10.050575 11.253022 16.294716 12.256481 11.910623 11.571950 8.890046 8.692306 11.040717 10.221978 7.759506 5.186889 6.851434 4.423291 6.061995 0.216125 3.341313 0.065488 3.252837 -9999.0 -9999.0 -9999.0 -9999.0 -9999.0 -9999.0 -9999.0 -9999.0 -9999.0 -9999.0 -9999.0 -9999.0 -9999.0 -9999.0 -9999.0 -9999.0 -9999.0 -9999.0 -9999.0 -9999.0 -9999.0 -9999.0 -9999.0 -9999.0 -9999.0 -9999.0 -9999.0 -9999.0
-9999.0 -9999.0 -9999.0 -9999.0 -9999.0 -9999.0 -9999.0 -9999.0 -9999.0 -9999.0 -9999.0 -9999.0 10.093254 9.643638 11.193385 9.656840 8.111020 10.328909 13.631779 13.247235 11.134631 8.949643 8.128723 8.752372 8.978888 7.227120 7.858850 7.141818 7.814811 4.889732 3.145518 4.949056 5.778857 3.257393 -9999.0 -9999.0 -9999.0 -9999.0 -9999.0 -9999.0 -9999.0 -9999.0 -9999.0 -9999.0 -9999.0 -9999.0 -9999.0 -9999.0 -9999.0 -9999.0 -9999.0 -9999.0 -9999.0 -9999.0 -9999.0 -9999.0 -9999.0 -9999.0 -9999.0 -9999.0 -9999.0 -9999.0 -9999.0
-9999.0 -9999.0 -9999.0 -9999.0 -9999.0 -9999.0 -9999.0 -9999.0 -9999.0 -9999.0 -9999.0 7.017534 8.028877 8.399646 9.116996 6.725516 7.149006 9.711702 13.588602 10.646363 10.050817 11.003462 8.091266 6.844200 8.542640 7.553919 5.096818 7.234006 7.813988 3.054836 4.619589 7.888670 6.316891 4.561392 4.744731 8.275487 7.235747 8.533960 9.587289 -9999.0 -9999.0 -9999.0 5.894249 -9999.0 -9999.0 -9999.0 -9999.0 -9999.0 -9999.0 -9999.0 -9999.0 -9999.0 -9999.0 -9999.0 -9999.0 -9999.0 -9999.0 -9999.0 -9999.0 -9999.0 -9999.0 -9999.0 -9999.0
-9999.0 -9999.0 -9999.0 -9999.0 -9999.0 -9999.0 -9999.0 -9999.0 -9999.0 -9999.0 -9999.0 6.761132 9.114231 8.349975 9.529144 6.449616 10.484100 11.210066 13.520391 13.028356 12.203810 9.323466 8.180360 6.226437 6.981424 7.049507 7.006456 8.029113 7.573863 4.169938 7.276907 8.626216 6.989980 5.036574 5.589318 8.155207 10.870025 11.297205 9.917597 7.031695 7.161066 6.428829 8.411535 8.251600 -9999.0 -9999.0 -9999.0 4.094588 4.693243 6.059174 6.020524 5.098365 4.659795 4.942494 4.828193 3.653153 -9999.0 -9999.0 -9999.0 -9999.0 -9999.0 -9999.0 -9999.0
-9999.0 -9999.0 -9999.0 -9999.0 -9999.0 -9999.0 -9999.0 -9999.0 -9999.0 -9999.0 -9999.0 6.843828 6.134607 6.541946 6.938059 6.509275 6.711929 8.712313 13.112854 13.341241 9.663573 8.671225 7.298994 7.935986 6.790764 6.902125 7.700919 7.710874 6.481320 4.993023 6.048081 7.397531 9.331620 5.878341 7.291679 9.174384 9.456514 10.386718 12.368820 10.320342 10.075603 7.443866 9.403676 9.022026 6.578770 -9999.0 3.577099 5.724695 7.591742 8.640802 9.028277 8.797509 8.691930 8.130366 7.990343 7.202546 -9999.0 -9999.0 -9999.0 -9999.0 -9999.0 -9999.0 -9999.0
-9999.0 -9999.0 -9999.0 -9999.0 -9999.0 -9999.0 -9999.0 -9999.0 -9999.0 -9999.0 -9999.0 -9999.0 6.767269 6.005689 8.210018 6.903359 6.508748 8.613252 13.740971 13.627130 9.797265 9.246968 9.013757 8.104831 6.393801 7.568429 10.008233 7.627473 6.741756 5.748517 7.163372 7.554195 9.460757 7.696342 6.756390 7.875038 8.203139 10.121513 14.307859 10.854188 11.194037 11.507736 8.510948 10.320298 9.029860 6.019114 4.684363 6.274301 7.073497 8.721574 10.029309 8.266142 8.830753 7.835157 7.577288 7.638236 7.260984 -9999.0 -9999.0 -9999.0 -9999.0 -9999.0 -9999.0
-9999.0 -9999.0 -9999.0 -9999.0 -9999.0 -9999.0 -9999.0 -9999.0 -9999.0 -9999.0 -9999.0 5.903953 5.847138 7.010341 6.767963 6.900788 7.774064 8.670816 13.413824 11.578602 10.246208 8.970681 9.168570 7.497195 7.699912 9.082692 8.252560 6.364636 6.716007 7.412889 7.759344 8.567879 9.303738 7.448053 5.042122 7.906423 7.828657 9.316582 10.990569 13.147852 9.295885 10.307899 10.165945 10.367434 10.973370 8.008515 7.968828 7.897865 9.256617 10.184104 7.148324 7.305849 6.672248 5.964494 5.464977 5.334459 7.076185 -9999.0 -9999.0 -9999.0 -9999.0 -9999.0 -9999.0
-9999.0 -9999.0 -9999.0 -9999.0 -9999.0 -9999.0 -9999.0 -9999.0 -9999.0 -9999.0 8.247193 6.897937 7.839291 7.953429 8.938796 8.186052 7.997005 7.942170 11.061487 11.681184 12.424904 11.438050 7.784703 9.991362 9.597295 9.144806 7.086999 5.934151 8.519571 9.069062 9.170780 8.741419 8.485540 6.440987 4.876334 7.988898 8.881803 8.404589 9.491862 12.095028 12.053118 11.747059 14.289738 10.650885 9.481844 10.336765 9.127893 8.698502 9.556906 10.342742 6.668976 5.919009 4.967305 0.159370 4.608804 8.113948 8.300721 -9999.0 -9999.0 -9999.0 -9999.0 -9999.0 -9999.0
-9999.0 -9999.0 -9999.0 -9999.0 -9999.0 -9999.0 -9999.0 -9999.0 -9999.0 6.397498 7.622020 7.076173 7.911910 7.311343 7.464174 7.459800 7.526241 11.020067 11.311526 12.262518 14.053086 9.978982 9.416116 11.272274 10.299401 7.403755 7.121157 9.243119 9.349027 9.861907 10.694508 6.986532 6.108118 3.980371 4.542467 6.139210 8.438227 7.529405 7.425079 8.849016 9.474839 8.186184 8.051996 11.377574 10.705749 9.755923 12.025095 9.148857 9.270023 11.066159 8.245247 6.649007 0.196658 3.034579 5.603118 7.439754 8.326784 8.053218 7.771908 -9999.0 -9999.0 -9999.0 -9999.0
-9999.0 -9999.0 -9999.0 -9999.0 -9999.0 -9999.0 -9999.0 -9999.0 -9999.0 6.564519 6.552048 7.722282 10.291819 9.269225 8.425669 7.881067 10.328017 10.459828 12.199366 14.811253 14.746530 14.521873 12.815332 11.256479 7.792421 8.099940 8.921541 9.948040 11.527097 11.388726 10.272365 6.709712 7.280728 5.251325 6.879300 8.864065 9.227558 10.472500 7.838928 9.302608 7.783639 6.937215 8.669388 10.658303 11.587489 12.409302 12.308133 11.258739 10.763098 11.152711 7.184318 5.812739 4.432574 4.886242 7.021176 6.599860 8.527910 9.200822 11.311645 -9999.0 -9999.0 -9999.0 -9999.0
-9999.0 -9999.0 -9999.0 -9999.0 -9999.0 -9999.0 -9999.0 -9999.0 -9999.0 -9999.0 6.562747 8.096168 8.221038 8.714489 9.922254 9.025601 9.664271 11.556460 13.229559 13.873333 14.537968 10.819786 9.183916 8.626428 8.340972 10.167675 11.428839 12.059286 10.511465 7.215111 6.828737 8.032385 5.366392 5.526049 8.024135 8.976257 10.030019 10.255273 9.120910 6.570426 6.499121 9.745225 9.917723 8.906763 9.260847 9.595605 10.606757 13.226058 13.308802 11.598545 7.989129 8.345540 5.887421 3.571550 3.926972 7.162666 9.033997 11.103756 11.405709 11.900792 -9999.0 -9999.0 -9999.0
-9999.0 -9999.0 -9999.0 -9999.0 -9999.0 -9999.0 -9999.0 -9999.0 -9999.0 -9999.0 6.589694 7.538880 8.703835 8.851234 12.999526 9.799153 9.563319 11.492903 14.041148 14.358310 12.213084 10.659791 9.124882 9.540971 10.093885 11.931249 12.790807 9.916461 7.668476 5.705751 6.760209 8.315243 6.198607 4.791236 6.506844 8.364216 8.987962 8.508540 6.768100 6.683871 7.050054 8.608838 6.091524 8.470253 9.357161 8.358753 9.560670 9.868629 11.405893 13.397247 11.220887 7.479151 7.516868 6.973930 6.539408 7.032802 7.744605 10.461070 12.471948 13.629959 -9999.0 -9999.0 -9999.0
-9999.0 -9999.0 -9999.0 -9999.0 -9999.0 -9999.0 -9999.0 -9999.0 8.347359 8.149581 7.527508 7.942732 7.832362 8.125844 8.755768 11.205933 12.033116 15.152178 14.695350 14.771706 13.671700 12.686125 11.866825 10.442555 11.349199 12.266269 13.042414 8.226254 7.620790 6.028067 0.225307 6.690254 6.969848 4.977827 6.958130 6.644865 9.864886 8.854417 5.569143 6.514959 6.384500 7.980052 6.077532 7.289298 10.366439 9.775025 6.899459 8.652845 10.366398 13.324690 11.666860 9.577452 8.642237 6.479681 9.104615 9.975339 11.239873 12.675414 13.162114 14.008458 -9999.0 -9999.0 -9999.0
-9999.0 -9999.0 -9999.0 -9999.0 -9999.0 -9999.0 -9999.0 -9999.0 7.516915 7.849316 6.693803 6.562342 7.893403 8.580222 8.244361 9.927168 11.087805 11.577698 14.215782 15.260278 17.313925 16.647481 15.485223 14.585898 12.453739 12.788497 10.724317 9.236126 6.603660 6.933243 5.496615 6.666606 7.399697 6.269665 7.385105 7.935791 10.210538 9.610659 7.696341 7.776553 6.048240 4.620489 5.990030 8.067615 9.516647 7.948315 6.484953 8.724050 9.572118 12.168233 13.732725 10.925626 8.124822 9.892602 11.841622 10.667416 11.478915 12.537380 14.908350 16.707753 17.158893 -9999.0 -9999.0
-9999.0 -9999.0 -9999.0 -9999.0 -9999.0 -9999.0 -9999.0 -9999.0 7.033400 9.016345 9.325388 6.368672 8.800032 7.288819 9.212218 8.666853 10.414586 12.677152 14.272525 17.008659 15.676200 17.054107 16.892357 14.567623 15.881331 12.195147 10.192636 7.777522 6.296971 7.655197 7.101528 8.920796 6.793163 6.985282 8.269514 9.898123 0.285738 10.164591 7.554222 7.123537 6.762567 6.063240 7.303694 8.163364 7.097158 7.929858 9.016316 9.112084 8.257097 10.875306 13.741748 13.050695 9.799276 9.352290 12.708507 13.155349 14.317846 15.174222 16.555734 16.918165 16.977109 -9999.0 -9999.0
-9999.0 -9999.0 -9999.0 -9999.0 -9999.0 -9999.0 -9999.0 -9999.0 5.570775 8.544355 8.951623 7.012766 9.072489 8.748128 9.295269 10.767655 13.307962 14.495442 14.478400 14.394735 15.229467 15.677598 17.041940 16.349817 12.682102 10.854148 8.948432 7.082766 9.260051 8.970402 8.254170 8.687531 9.500227 9.568001 7.834670 9.667264 10.892154 10.916211 0.643631 7.735228 8.091596 8.412564 8.020769 10.300337 8.370673 9.469118 9.681438 10.688653 10.061660 10.450174 11.701589 14.225670 14.064629 13.042281 14.735299 15.289157 16.122309 14.893876 16.690355 16.839504 15.705317 13.305783 -9999.0
-9999.0 -9999.0 -9999.0 -9999.0 -9999.0 -9999.0 -9999.0 -9999.0 5.651210 8.415439 7.422509 8.480383 9.294893 10.218533 13.959001 13.504563 13.925866 11.963035 10.664073 12.126650 13.722984 15.415452 15.516490 15.320870 14.591936 10.294596 8.243638 9.650883 10.874026 10.343421 8.141376 9.903779 11.257748 10.138002 0.284495 0.294640 10.331429 11.994738 11.205251 10.387070 9.368881 7.633341 9.702466 9.672009 8.213265 10.607327 9.771011 10.279596 10.594840 12.502057 14.084137 14.098761 14.753321 15.740070 15.670663 15.698432 16.544165 16.612278 16.537484 15.764658 14.171669 12.517366 -9999.0
-9999.0 -9999.0 8.009890 7.985497 7.124545 7.785403 7.823456 7.017598 7.407931 8.011158 7.122342 9.956800 10.165594 12.005945 15.464423 12.738358 9.934463 8.198239 8.884306 10.351422 12.220161 14.626377 15.238175 15.109787 13.958528 11.641044 10.291978 10.303621 11.595197 12.333216 9.250013 9.694951 12.973797 10.781046 11.678048 10.692546 13.410648 13.277282 12.072003 10.347893 11.829136 11.573347 10.681531 11.593497 9.132853 10.633324 12.153202 11.437465 13.683702 14.985335 16.096863 16.381326 16.454694 16.439093 16.346956 18.133493 15.350496 15.743784 14.901388 13.746451 14.401051 11.623396 -9999.0
-9999.0 8.490229 7.745862 8.050668 7.955233 8.019004 7.667591 6.385728 5.972135 7.279106 8.063742 9.177277 11.176107 13.793587 14.316123 9.811969 8.953162 7.816048 9.038814 10.265893 12.370385 13.686618 16.215642 14.665356 16.229231 13.986500 14.874758 15.005186 14.051930 13.080301 12.650198 12.334017 12.363754 14.354892 14.093484 14.818052 15.615881 15.118463 15.529354 14.643435 14.234114 14.002717 13.355537 11.829803 11.329226 12.126372 14.066648 14.698000 16.203735 16.902480 16.099912 15.956332 15.071110 14.919794 14.923509 14.824618 13.289494 13.111057 13.297664 13.468585 11.242956 11.291569 -9999.0
-9999.0 9.044883 8.687758 8.847428 11.504641 8.709359 6.727939 6.734068 8.136586 8.459942 8.367009 9.362594 11.787905 14.474177 10.491749 8.297552 7.614932 8.083484 9.700323 9.892264 12.401684 11.674798 13.585621 14.457455 16.417388 16.838206 14.961785 15.244963 15.084471 15.523321 15.678114 15.150905 13.603519 13.944686 16.960446 16.254068 18.859146 19.495310 17.267821 16.898695 16.710038 15.403617 14.787069 15.076720 16.061094 16.542948 16.460572 16.479528 15.916537 15.911029 14.947691 13.497089 13.166993 13.403300 13.395512 11.981252 11.593549 11.157987 10.852259 10.134119 10.173251 -9999.0 -9999.0
