erum2020/resources/simulation/Vinschgau/output-maps/TsL0007N0314.asc
ncols         63
nrows         48
xllcorner     598000.000000
yllcorner     5145000.000000
cellsize      1000.000000
NODATA_value  -9999.0
[rows 0 to 27 of 48, columns 0 to 61 of 63]
-9999.0 -9999.0 -9999.0 -9999.0 -9999.0 -9999.0 -9999.0 -9999.0 -9999.0 -9999.0 -9999.0 -9999.0 -9999.0 -9999.0 -9999.0 -9999.0 -9999.0 -9999.0 -9999.0 -9999.0 -9999.0 -9999.0 -9999.0 -9999.0 -9999.0 -9999.0 -9999.0 -9999.0 -9999.0 -9999.0 -9999.0 -9999.0 -9999.0 -9999.0 -9999.0 -9999.0 -9999.0 -9999.0 -9999.0 -9999.0 -9999.0 -9999.0 -9999.0 -9999.0 -9999.0 -9999.0 -9999.0 -9999.0 -9999.0 -9999.0 -9999.0 -9999.0 -9999.0 -9999.0 -9999.0 -9999.0 -9999.0 -9999.0 -9999.0 -9999.0 -9999.0 -9999.0
-9999.0 -9999.0 -9999.0 -9999.0 -9999.0 -9999.0 -9999.0 -9999.0 -9999.0 -9999.0 -9999.0 -9999.0 -9999.0 -9999.0 -9999.0 -9999.0 -9999.0 -9999.0 -9999.0 -9999.0 -9999.0 -9999.0 -9999.0 -9999.0 -9999.0 -9999.0 -9999.0 -5.430696 -4.863970 -4.141726 -6.964573 -7.991749 -7.808228 -9999.0 -9999.0 -9999.0 -9999.0 -9999.0 -9999.0 -9999.0 -9999.0 -9999.0 -9999.0 -9999.0 -9999.0 -9999.0 -9999.0 -9999.0 -9999.0 -9999.0 -9999.0 -9999.0 -9999.0 -9999.0 -9999.0 -9999.0 -9999.0 -9999.0 -9999.0 -9999.0 -9999.0 -9999.0
-9999.0 -9999.0 -9999.0 -9999.0 -9999.0 -9999.0 -9999.0 -9999.0 -9999.0 -9999.0 -9999.0 -9999.0 -9999.0 -9999.0 -9999.0 -9999.0 -9999.0 -9999.0 -9999.0 -9999.0 -9999.0 -9999.0 -9999.0 -9999.0 -4.301271 -2.698424 -2.040710 -2.636074 -2.085764 -3.249627 -6.961123 -9999.0 -9999.0 -9999.0 -9999.0 -9999.0 -9999.0 -9999.0 -9999.0 -9999.0 -9999.0 -9999.0 -9999.0 -9999.0 -9999.0 -9999.0 -9999.0 -9999.0 -9999.0 -9999.0 -9999.0 -9999.0 -9999.0 -9999.0 -9999.0 -9999.0 -9999.0 -9999.0 -9999.0 -9999.0 -9999.0 -9999.0
-9999.0 -9999.0 -9999.0 -9999.0 -9999.0 -9999.0 -9999.0 -9999.0 -9999.0 -9999.0 -9999.0 -9999.0 -9999.0 -9999.0 -9999.0 -9999.0 -9999.0 -9999.0 -9999.0 -9999.0 -9999.0 -9999.0 -9999.0 -3.280009 -1.724231 -2.169909 -2.313613 -2.387486 -2.103502 -2.604494 -5.136316 -6.373610 -9999.0 -9999.0 -9999.0 -9999.0 -9999.0 -9999.0 -9999.0 -9999.0 -9999.0 -9999.0 -9999.0 -9999.0 -9999.0 -9999.0 -9999.0 -9999.0 -9999.0 -9999.0 -9999.0 -9999.0 -9999.0 -9999.0 -9999.0 -9999.0 -9999.0 -9999.0 -9999.0 -9999.0 -9999.0 -9999.0
-9999.0 -9999.0 -9999.0 -9999.0 -9999.0 -9999.0 -9999.0 -9999.0 -9999.0 -9999.0 -9999.0 -9999.0 -9999.0 -9999.0 -9999.0 -9999.0 -9999.0 -9999.0 -2.313321 -1.987607 -9999.0 -3.941043 -2.026266 -1.895105 -2.891180 -0.111327 -2.004840 -2.413700 -0.079786 -2.097894 -2.414289 -5.441116 -5.016949 -7.270896 -9999.0 -9999.0 -9999.0 -9999.0 -9999.0 -9999.0 -9999.0 -9999.0 -9999.0 -9999.0 -9999.0 -9999.0 -9999.0 -9999.0 -9999.0 -9999.0 -9999.0 -9999.0 -9999.0 -9999.0 -9999.0 -9999.0 -9999.0 -9999.0 -9999.0 -9999.0 -9999.0 -9999.0
-9999.0 -9999.0 -9999.0 -9999.0 -9999.0 -9999.0 -9999.0 -9999.0 -9999.0 -9999.0 -9999.0 -9999.0 -9999.0 -9999.0 -9999.0 -9999.0 -9999.0 -2.765975 -3.849844 -3.616100 -1.923969 -1.450113 -1.909713 -3.713165 -0.058188 -2.613498 -5.655746 -4.912174 -5.239904 -2.996168 -2.048654 -2.822330 -2.240263 -3.607828 -7.380030 -9.151170 -9999.0 -9999.0 -9999.0 -9999.0 -9999.0 -9999.0 -9999.0 -9999.0 -9999.0 -9999.0 -9999.0 -9999.0 -9999.0 -9999.0 -9999.0 -9999.0 -9999.0 -9999.0 -9999.0 -9999.0 -9999.0 -9999.0 -9999.0 -9999.0 -9999.0 -9999.0
-9999.0 -9999.0 -9999.0 -9999.0 -9999.0 -9999.0 -9999.0 -9999.0 -9999.0 -9999.0 -9999.0 -9999.0 -9999.0 -4.450229 -1.902795 -4.229933 -3.516780 1.495738 -3.357888 -3.977004 -2.852799 -2.346136 -1.796997 -0.061263 -1.919933 -6.041961 -6.809603 -5.915683 -6.898352 -5.338619 -4.792399 -6.495544 -6.970827 -8.756201 -8.814959 -9.702746 -9999.0 -9999.0 -9999.0 -9999.0 -9999.0 -9999.0 -9999.0 -9999.0 -9999.0 -9999.0 -9999.0 -9999.0 -9999.0 -9999.0 -9999.0 -9999.0 -9999.0 -9999.0 -9999.0 -9999.0 -9999.0 -9999.0 -9999.0 -9999.0 -9999.0 -9999.0
-9999.0 -9999.0 -9999.0 -9999.0 -9999.0 -9999.0 -9999.0 -9999.0 -9999.0 -9999.0 -9999.0 -9999.0 -9999.0 -2.498375 -2.733480 -3.102038 -3.491420 -0.141148 1.649402 -2.559870 -0.147496 -3.383931 -3.128305 -2.173768 -1.688795 -4.022669 -4.708966 -7.451881 -8.203489 -7.158378 -6.297722 -8.667738 -8.911914 -9.960243 -9.777712 -9999.0 -9999.0 -9999.0 -9999.0 -9999.0 -9999.0 -9999.0 -9999.0 -9999.0 -9999.0 -9999.0 -9999.0 -9999.0 -9999.0 -9999.0 -9999.0 -9999.0 -9999.0 -9999.0 -9999.0 -9999.0 -9999.0 -9999.0 -9999.0 -9999.0 -9999.0 -9999.0
-9999.0 -9999.0 -9999.0 -9999.0 -9999.0 -9999.0 -9999.0 -9999.0 -9999.0 -9999.0 -9999.0 -9999.0 -9999.0 -1.992876 -2.138264 -0.115726 -2.858673 -4.035455 1.402959 -0.047219 -2.867350 -5.522101 -3.941867 -4.927055 -4.172361 -3.880523 -3.919450 -8.094948 -5.302881 -8.885157 -8.505750 -10.316203 -9.989115 -11.069049 -10.084366 -9999.0 -9999.0 -9999.0 -9999.0 -9999.0 -9999.0 -9999.0 -9999.0 -9999.0 -9999.0 -9999.0 -9999.0 -9999.0 -9999.0 -9999.0 -9999.0 -9999.0 -9999.0 -9999.0 -9999.0 -9999.0 -9999.0 -9999.0 -9999.0 -9999.0 -9999.0 -9999.0
-9999.0 -9999.0 -9999.0 -9999.0 -9999.0 -9999.0 -9999.0 -9999.0 -9999.0 -9999.0 -9999.0 -9999.0 -2.117454 -4.003668 -0.932205 -5.142992 -2.058294 -4.028751 -0.023999 -1.725798 -2.552565 -5.815026 -4.929305 -5.327029 -2.187365 -7.388920 -5.475906 -6.010887 -3.065311 -8.437031 -9.350893 -6.464308 -6.332138 -9.233102 -9999.0 -9999.0 -9999.0 -9999.0 -9999.0 -9999.0 -9999.0 -9999.0 -9999.0 -9999.0 -9999.0 -9999.0 -9999.0 -9999.0 -9999.0 -9999.0 -9999.0 -9999.0 -9999.0 -9999.0 -9999.0 -9999.0 -9999.0 -9999.0 -9999.0 -9999.0 -9999.0 -9999.0
-9999.0 -9999.0 -9999.0 -9999.0 -9999.0 -9999.0 -9999.0 -9999.0 -9999.0 -9999.0 -9999.0 -4.465490 -4.181629 -1.775417 -5.470451 -5.260407 -5.840210 -4.212029 -0.014047 -1.815594 -3.959472 -4.090618 -4.695729 -6.404232 -4.307780 -5.849616 -8.314375 -4.771517 -4.425339 -9.217535 -6.914967 -3.051225 -6.647073 -8.222227 -7.339408 -6.274068 -7.123280 -4.724783 -0.875012 -9999.0 -9999.0 -9999.0 -8.318095 -9999.0 -9999.0 -9999.0 -9999.0 -9999.0 -9999.0 -9999.0 -9999.0 -9999.0 -9999.0 -9999.0 -9999.0 -9999.0 -9999.0 -9999.0 -9999.0 -9999.0 -9999.0 -9999.0
-9999.0 -9999.0 -9999.0 -9999.0 -9999.0 -9999.0 -9999.0 -9999.0 -9999.0 -9999.0 -9999.0 -5.219223 -4.703469 -2.958354 -3.898054 -6.409452 -3.115363 -4.301120 -0.017025 -0.043944 -0.153206 -2.246142 -3.885229 -4.953569 -5.137487 -6.215344 -4.468223 -2.645353 -5.452084 -8.223859 -3.778691 -3.334100 -4.866351 -7.602772 -8.525555 -7.212017 -0.066739 -0.046050 -0.441442 -5.077452 -8.762705 -8.422422 -5.545288 -7.279496 -9999.0 -9999.0 -9999.0 -0.024959 -4.768457 -4.494994 -2.682187 -3.524510 -3.428651 -0.005793 -0.005668 -3.109412 -9999.0 -9999.0 -9999.0 -9999.0 -9999.0 -9999.0
-9999.0 -9999.0 -9999.0 -9999.0 -9999.0 -9999.0 -9999.0 -9999.0 -9999.0 -9999.0 -9999.0 -4.299781 -5.369971 -4.508512 -3.666226 -5.159440 -2.586639 -3.857646 -0.053561 -0.032862 -2.462306 -2.832430 -2.167942 -2.745072 -6.747230 -4.212895 -1.835205 -4.934270 -6.930396 -7.030586 -7.570296 -4.310142 -3.222925 -7.661915 -7.425174 -3.226458 -2.509359 -1.881184 0.781656 -0.682391 -0.257675 -7.183775 -5.354340 -3.932731 -6.656879 -9999.0 -7.356042 -5.024846 -1.969513 -0.732391 -0.765627 -0.641941 -0.056723 -0.004593 -0.034014 -0.108859 -9999.0 -9999.0 -9999.0 -9999.0 -9999.0 -9999.0
-9999.0 -9999.0 -9999.0 -9999.0 -9999.0 -9999.0 -9999.0 -9999.0 -9999.0 -9999.0 -9999.0 -9999.0 -4.710104 -3.576098 -1.584085 -3.362831 -2.405809 -3.613194 -0.028449 -0.032425 -4.074658 -2.528564 -3.646819 -2.063826 -4.198794 -1.656748 -2.944124 -6.444282 -6.407230 -5.785943 -4.604535 -3.005913 -3.804008 -6.606951 -9.020979 -7.872281 -4.116678 -2.448119 1.068487 -0.458187 -0.080525 -0.064279 -4.245207 -4.480966 -3.653791 -5.530889 -5.613202 -5.129078 -3.590567 -1.355848 -3.470241 -2.389714 -0.009605 -0.188695 -3.423903 -3.490645 -0.228899 -9999.0 -9999.0 -9999.0 -9999.0 -9999.0
-9999.0 -9999.0 -9999.0 -9999.0 -9999.0 -9999.0 -9999.0 -9999.0 -9999.0 -9999.0 -9999.0 -1.677448 -5.455454 -5.161848 -1.788821 -1.832257 -2.131023 -3.249688 -0.107579 -0.046986 -3.497044 -3.444630 -1.431043 -1.797430 -1.507383 -2.606855 -2.483603 -7.020737 -4.679102 -3.840659 -2.458253 -2.451004 -3.528154 -6.687918 -9.875534 -7.186707 -8.408634 -3.333374 -1.459014 0.794414 -2.428427 -1.086798 -3.195654 -3.845587 -3.698309 -5.223956 -2.759872 -1.848363 -1.727291 -2.367331 -5.551304 -5.672359 -4.675221 -6.360602 -5.674855 -6.386977 -2.642669 -9999.0 -9999.0 -9999.0 -9999.0 -9999.0
-9999.0 -9999.0 -9999.0 -9999.0 -9999.0 -9999.0 -9999.0 -9999.0 -9999.0 -9999.0 -1.546291 -1.246581 -1.149138 -4.159494 -0.621919 -3.410470 -3.733670 -3.119176 -3.351329 -0.046124 -0.038097 -2.021570 -2.614340 -2.248282 -3.222610 -1.208330 -5.540390 -4.518629 -1.700157 -2.000650 -3.520507 -3.911411 -5.552657 -7.603421 -10.478141 -7.709612 -6.469826 -3.546086 -2.687762 -0.125312 -0.110792 -3.571891 -4.064028 -3.911418 -3.704373 -2.821337 -2.881159 -2.813249 -3.150710 -3.612921 -2.207135 -6.226593 -6.200600 -6.617580 -6.001352 -0.095616 -0.090830 -9999.0 -9999.0 -9999.0 -9999.0 -9999.0
-9999.0 -9999.0 -9999.0 -9999.0 -9999.0 -9999.0 -9999.0 -9999.0 -9999.0 -5.555012 -2.181146 -1.669929 -3.719340 -1.297236 -0.443385 -3.657880 -4.808595 -2.264867 -2.543127 -0.034158 -0.034898 -3.156832 -3.429014 -0.117070 -1.226560 -4.740997 -2.058992 -2.219891 -3.194733 -2.948371 -1.107346 -5.003796 -8.387790 -9.514858 -7.646401 -7.711989 -7.271039 -5.803525 -6.479416 -5.317127 -2.425041 -5.475612 -4.751510 -0.653722 -4.014466 -3.022211 -0.082235 -2.724979 -1.139388 -0.585115 -0.962866 -4.057526 -7.049002 -5.550096 -3.827396 -1.936404 -0.040351 -0.046529 -1.340530 -9999.0 -9999.0 -9999.0
-9999.0 -9999.0 -9999.0 -9999.0 -9999.0 -9999.0 -9999.0 -9999.0 -9999.0 -5.391505 -5.397649 -4.952877 -0.184959 -3.760756 -1.870913 -1.045486 -0.275947 -2.804721 -1.769709 -0.005129 -0.005217 1.696362 -2.574184 -1.881064 -4.593547 -1.907993 -3.329750 -2.890356 -0.103713 -2.168060 -2.286201 -2.025399 -6.797838 -6.458064 -4.426449 -3.543560 -4.226412 -4.148624 -7.778030 -5.870259 -5.817030 -7.213019 -3.415432 -3.497547 -0.053193 -0.053666 -0.070422 -2.076519 -2.483647 -2.719326 -1.378000 -1.688840 -5.387181 -4.925817 -5.812072 -0.286713 -0.083059 -0.065092 -0.041193 -9999.0 -9999.0 -9999.0
-9999.0 -9999.0 -9999.0 -9999.0 -9999.0 -9999.0 -9999.0 -9999.0 -9999.0 -9999.0 -5.232603 -4.477318 -3.009114 -4.012813 -3.427098 -2.387265 -2.362336 -1.577637 -0.121822 -0.013547 -0.040421 -2.449596 -0.974302 -1.650552 -1.791326 -2.767406 -1.932851 -0.081906 -1.893554 -5.727114 -6.026941 -2.445366 -7.199292 -7.639773 -2.875955 -2.801721 -3.188262 -3.449641 -5.433512 -8.107827 -8.822463 -2.798017 -3.047964 -4.936389 -3.732687 -2.780943 -3.050570 -2.930216 -0.011623 -1.758334 -1.033357 -0.515065 -3.285843 -4.951875 -4.212106 -4.966451 -2.836593 -2.004247 -1.281508 -1.565713 -9999.0 -9999.0
-9999.0 -9999.0 -9999.0 -9999.0 -9999.0 -9999.0 -9999.0 -9999.0 -9999.0 -9999.0 -5.255714 -4.947907 -4.049168 -1.299693 -0.031128 -3.998558 -3.706269 -2.531959 -0.003627 -0.008308 -0.079929 -2.468785 -2.982863 -2.857303 -3.090916 -1.606810 -0.044598 -2.516668 -3.408824 -7.340846 -6.925252 -4.754046 -4.389232 -7.719323 -7.174996 -6.241999 -3.938458 -2.478426 -2.947731 -7.580250 -5.234109 -4.433760 -5.238526 -6.526762 -2.841368 -3.787728 -2.397212 -2.253923 -0.813748 -0.074676 -1.553050 -0.435828 -0.187603 -3.050097 -4.688053 -2.809637 -5.211137 -0.059029 -0.173357 -0.065027 -9999.0 -9999.0
-9999.0 -9999.0 -9999.0 -9999.0 -9999.0 -9999.0 -9999.0 -9999.0 -0.894859 -0.891389 -4.304407 -4.053623 -3.634904 -3.153660 -1.472117 -0.051246 -0.103434 1.930699 -0.005423 -0.004673 -0.005840 -0.031838 -0.938596 -2.724667 -1.830338 -0.011413 -0.076877 -3.665038 -3.941132 -5.641128 -8.420326 -6.726986 -5.815867 -6.262516 -5.279265 -7.868633 -4.205762 -2.201203 -3.112530 -6.066792 -6.587161 -6.034286 -7.130419 -7.645647 -2.832514 -1.952515 -5.729472 -2.437788 -2.516059 -0.042844 -1.093300 -2.701428 -0.100977 -3.452298 -1.772672 -0.046060 -0.101480 -0.345791 -0.157464 -0.038088 -9999.0 -9999.0
-9999.0 -9999.0 -9999.0 -9999.0 -9999.0 -9999.0 -9999.0 -9999.0 -4.606961 -1.232849 -1.305565 -6.209797 -5.187753 -2.690920 -1.172891 -2.252992 -2.711513 -2.658684 0.526918 0.184247 5.799991 2.682988 1.914941 1.123556 -0.036047 -0.007011 -2.958397 -1.666933 -5.835979 -4.618795 -5.205725 -2.633164 -4.272946 -5.012759 -3.766216 -2.621866 -1.265032 -2.326483 -1.588427 -3.895848 -6.632040 -8.565930 -7.110727 -3.190714 -1.038455 -3.666306 -6.207261 -5.431565 -1.379845 -2.030357 -0.092621 -2.847909 -0.165133 -0.036741 -1.295068 -2.031266 -2.020024 -0.707815 0.426891 3.560186 3.984687 -9999.0
-9999.0 -9999.0 -9999.0 -9999.0 -9999.0 -9999.0 -9999.0 -9999.0 -5.354192 -2.531212 -1.055730 -4.003025 -1.530032 -5.388024 -1.726643 -3.797085 -1.740602 -0.067513 0.596380 2.738095 3.119101 2.628303 2.679863 -0.004271 2.413165 -1.127806 -3.007074 -2.032542 -2.656104 -1.938534 -2.845796 -1.207681 -1.861455 -1.508141 -2.181045 -1.599344 -2.988057 -3.253725 -1.344876 -3.346605 -4.873387 -5.194876 -3.080915 -4.818580 -5.022161 -5.175870 -3.673353 -0.556816 -4.116314 -2.472441 -0.027093 -0.135358 -3.126848 -1.205449 -0.352254 -0.106045 -0.065627 -0.028353 1.157907 -0.004287 3.496187 -9999.0
-9999.0 -9999.0 -9999.0 -9999.0 -9999.0 -9999.0 -9999.0 -9999.0 -6.914381 -3.374281 -1.770746 -1.156415 -0.080341 -1.267957 -3.575341 -2.523940 -0.062840 0.661166 -0.038060 -0.004138 -0.004333 2.833435 4.974429 3.487266 -0.082318 -2.635939 -0.859593 -1.284563 -1.953765 -3.053233 -1.184976 -0.994078 -2.879637 -3.005944 -2.068842 -1.381400 -0.845468 -1.028785 -1.194625 -1.111349 -3.611753 -1.657037 -1.058482 -1.308381 -1.601965 -2.722194 -0.442127 -0.518764 -0.430605 -2.452638 -1.996108 -0.006138 -0.109162 -0.083588 -0.045234 -0.032810 1.085813 -0.005217 3.382797 3.400491 -0.020786 -0.230449
-9999.0 -9999.0 -9999.0 -9999.0 -9999.0 -9999.0 -9999.0 -9999.0 -4.827523 -2.539245 -0.252765 -3.281475 -3.255368 -2.729138 -0.020124 -0.068176 -0.048779 -2.376882 -1.966755 -2.340955 -0.005352 0.983079 1.648688 -0.006074 -0.012889 -2.552218 -2.654082 -2.665594 -2.019627 -1.934042 -1.283428 -2.390975 -1.076885 -2.315119 -1.436247 -1.221918 -2.161876 -0.132910 -2.430764 -1.304866 -1.210587 -1.575164 -2.765926 -2.291697 -0.993878 -0.719335 -1.892074 -2.346190 -2.854254 -0.542675 -0.079546 -0.042808 0.604862 0.592206 0.582414 -0.007360 -0.001987 1.516501 -0.006736 -0.017079 -0.086509 -0.006936
-9999.0 -9999.0 -2.223965 -1.877064 -3.421990 -1.168323 -0.666648 -1.043279 -1.953722 -3.094341 -0.949981 -1.507055 -2.350548 -0.095442 2.012803 -0.045502 -2.137611 -3.810392 -3.026340 -2.087534 -1.823617 0.718898 -0.001311 -0.004818 -0.025225 -0.772669 -2.799200 -3.054859 -1.883414 -0.052528 -3.190413 -2.711470 -0.048446 -2.994747 -0.617671 -2.598439 -0.089428 -0.084378 -1.434410 -2.499989 -1.349468 -0.872545 -2.706638 -1.473775 -2.736298 -2.713563 -0.786456 -2.383244 -0.085976 -0.025810 0.985844 -0.006871 -0.002280 -0.004552 -0.007039 2.387244 -0.020556 -0.041527 -0.092395 -0.116665 -0.004736 -0.002160
-9999.0 -1.161324 -1.461375 -0.918192 -0.920966 -0.887712 -2.301811 -3.883000 -4.206873 -4.754161 -1.847037 -0.305868 -0.506273 -0.004528 -0.015839 -0.784177 -2.514524 -3.447182 -1.013466 -2.745081 -0.602636 -0.076614 -0.004851 -0.003999 1.673089 -0.006571 2.041860 1.909438 -0.030071 -0.089783 -0.091548 -0.346356 -0.106402 -0.005335 -0.039467 -0.026454 0.872809 0.995610 -0.010809 -0.037975 -0.059942 -0.034401 -0.102625 -2.084495 -2.561770 -1.960327 -0.032202 -0.072783 1.031988 -0.006985 -0.003195 -0.006279 -0.026777 -0.031255 -0.033066 -0.076227 -0.066571 -1.128703 -0.013618 -0.004091 -0.002078 -0.001972
-9999.0 -2.149439 -2.579703 -3.236123 -0.119465 -2.778221 -1.372118 -1.088522 -1.703562 -1.560588 -0.635089 -3.119758 -1.021222 -0.009560 -2.135345 -1.175809 -4.035066 -1.830096 -2.445886 -2.737195 -1.572682 -0.119806 -0.027984 -0.026404 2.737302 4.972156 -0.002821 1.174529 -0.001059 0.132048 1.027140 0.543585 -0.019153 -0.023852 -0.000871 -0.003651 5.344482 8.695461 -0.000904 -0.001170 -0.003099 -0.004461 0.985922 -0.003639 1.091196 2.392075 3.947346 4.018688 1.333329 -0.001676 -0.041920 -0.127703 -1.055509 -0.067084 -0.430095 -0.062767 -1.661186 -0.075106 -0.060361 -0.006670 -0.004782 -9999.0
