erum2020/resources/simulation/Vinschgau/output-maps/TsL0001N0585.asc
ncols         63
nrows         48
xllcorner     598000.000000
yllcorner     5145000.000000
cellsize      1000.000000
NODATA_value  -9999.0
[rows 0 to 27 of 48, columns 0 to 62 of 63]
-9999.0 -9999.0 -9999.0 -9999.0 -9999.0 -9999.0 -9999.0 -9999.0 -9999.0 -9999.0 -9999.0 -9999.0 -9999.0 -9999.0 -9999.0 -9999.0 -9999.0 -9999.0 -9999.0 -9999.0 -9999.0 -9999.0 -9999.0 -9999.0 -9999.0 -9999.0 -9999.0 -9999.0 -9999.0 -9999.0 -9999.0 -9999.0 -9999.0 -9999.0 -9999.0 -9999.0 -9999.0 -9999.0 -9999.0 -9999.0 -9999.0 -9999.0 -9999.0 -9999.0 -9999.0 -9999.0 -9999.0 -9999.0 -9999.0 -9999.0 -9999.0 -9999.0 -9999.0 -9999.0 -9999.0 -9999.0 -9999.0 -9999.0 -9999.0 -9999.0 -9999.0 -9999.0 -9999.0
-9999.0 -9999.0 -9999.0 -9999.0 -9999.0 -9999.0 -9999.0 -9999.0 -9999.0 -9999.0 -9999.0 -9999.0 -9999.0 -9999.0 -9999.0 -9999.0 -9999.0 -9999.0 -9999.0 -9999.0 -9999.0 -9999.0 -9999.0 -9999.0 -9999.0 -9999.0 -9999.0 7.032216 8.172318 7.499568 6.582684 6.267399 6.332799 -9999.0 -9999.0 -9999.0 -9999.0 -9999.0 -9999.0 -9999.0 -9999.0 -9999.0 -9999.0 -9999.0 -9999.0 -9999.0 -9999.0 -9999.0 -9999.0 -9999.0 -9999.0 -9999.0 -9999.0 -9999.0 -9999.0 -9999.0 -9999.0 -9999.0 -9999.0 -9999.0 -9999.0 -9999.0 -9999.0
-9999.0 -9999.0 -9999.0 -9999.0 -9999.0 -9999.0 -9999.0 -9999.0 -9999.0 -9999.0 -9999.0 -9999.0 -9999.0 -9999.0 -9999.0 -9999.0 -9999.0 -9999.0 -9999.0 -9999.0 -9999.0 -9999.0 -9999.0 -9999.0 8.560226 8.932671 9.502055 8.876631 9.387756 8.762748 7.512694 -9999.0 -9999.0 -9999.0 -9999.0 -9999.0 -9999.0 -9999.0 -9999.0 -9999.0 -9999.0 -9999.0 -9999.0 -9999.0 -9999.0 -9999.0 -9999.0 -9999.0 -9999.0 -9999.0 -9999.0 -9999.0 -9999.0 -9999.0 -9999.0 -9999.0 -9999.0 -9999.0 -9999.0 -9999.0 -9999.0 -9999.0 -9999.0
-9999.0 -9999.0 -9999.0 -9999.0 -9999.0 -9999.0 -9999.0 -9999.0 -9999.0 -9999.0 -9999.0 -9999.0 -9999.0 -9999.0 -9999.0 -9999.0 -9999.0 -9999.0 -9999.0 -9999.0 -9999.0 -9999.0 -9999.0 8.689331 9.750553 11.433205 11.603914 11.632194 12.014237 9.701722 7.780255 7.295730 -9999.0 -9999.0 -9999.0 -9999.0 -9999.0 -9999.0 -9999.0 -9999.0 -9999.0 -9999.0 -9999.0 -9999.0 -9999.0 -9999.0 -9999.0 -9999.0 -9999.0 -9999.0 -9999.0 -9999.0 -9999.0 -9999.0 -9999.0 -9999.0 -9999.0 -9999.0 -9999.0 -9999.0 -9999.0 -9999.0 -9999.0
-9999.0 -9999.0 -9999.0 -9999.0 -9999.0 -9999.0 -9999.0 -9999.0 -9999.0 -9999.0 -9999.0 -9999.0 -9999.0 -9999.0 -9999.0 -9999.0 -9999.0 -9999.0 11.591457 9.092095 -9999.0 8.424814 9.353202 11.511878 11.709017 12.805625 12.003541 12.287133 13.403934 11.922607 9.562249 8.037725 6.107484 4.164617 -9999.0 -9999.0 -9999.0 -9999.0 -9999.0 -9999.0 -9999.0 -9999.0 -9999.0 -9999.0 -9999.0 -9999.0 -9999.0 -9999.0 -9999.0 -9999.0 -9999.0 -9999.0 -9999.0 -9999.0 -9999.0 -9999.0 -9999.0 -9999.0 -9999.0 -9999.0 -9999.0 -9999.0 -9999.0
-9999.0 -9999.0 -9999.0 -9999.0 -9999.0 -9999.0 -9999.0 -9999.0 -9999.0 -9999.0 -9999.0 -9999.0 -9999.0 -9999.0 -9999.0 -9999.0 -9999.0 12.586446 11.204511 10.218111 8.014413 9.816656 10.758787 11.415893 12.826133 9.982143 8.995308 10.661154 9.232106 11.410609 10.953746 8.130164 7.668153 6.867325 5.195701 3.819858 -9999.0 -9999.0 -9999.0 -9999.0 -9999.0 -9999.0 -9999.0 -9999.0 -9999.0 -9999.0 -9999.0 -9999.0 -9999.0 -9999.0 -9999.0 -9999.0 -9999.0 -9999.0 -9999.0 -9999.0 -9999.0 -9999.0 -9999.0 -9999.0 -9999.0 -9999.0 -9999.0
-9999.0 -9999.0 -9999.0 -9999.0 -9999.0 -9999.0 -9999.0 -9999.0 -9999.0 -9999.0 -9999.0 -9999.0 -9999.0 6.999757 10.502563 10.588131 11.889107 15.535203 12.289810 11.935231 11.643672 12.122918 13.125235 12.750821 9.439145 9.477216 9.221266 0.503936 9.397201 10.214087 9.501435 8.483845 7.593021 6.625315 6.308142 4.118236 -9999.0 -9999.0 -9999.0 -9999.0 -9999.0 -9999.0 -9999.0 -9999.0 -9999.0 -9999.0 -9999.0 -9999.0 -9999.0 -9999.0 -9999.0 -9999.0 -9999.0 -9999.0 -9999.0 -9999.0 -9999.0 -9999.0 -9999.0 -9999.0 -9999.0 -9999.0 -9999.0
-9999.0 -9999.0 -9999.0 -9999.0 -9999.0 -9999.0 -9999.0 -9999.0 -9999.0 -9999.0 -9999.0 -9999.0 -9999.0 7.497630 10.949013 10.699850 10.478595 12.830467 15.812872 13.323814 12.084390 12.698272 11.136427 10.447827 11.483891 10.622179 8.515796 6.740874 5.777300 8.772593 0.478874 6.535297 5.726664 4.280541 4.775917 -9999.0 -9999.0 -9999.0 -9999.0 -9999.0 -9999.0 -9999.0 -9999.0 -9999.0 -9999.0 -9999.0 -9999.0 -9999.0 -9999.0 -9999.0 -9999.0 -9999.0 -9999.0 -9999.0 -9999.0 -9999.0 -9999.0 -9999.0 -9999.0 -9999.0 -9999.0 -9999.0 -9999.0
-9999.0 -9999.0 -9999.0 -9999.0 -9999.0 -9999.0 -9999.0 -9999.0 -9999.0 -9999.0 -9999.0 -9999.0 -9999.0 10.694973 10.006624 11.579367 9.932853 11.144375 15.328513 12.233213 12.212397 11.659946 9.460993 9.076285 11.460518 0.396070 7.939535 5.791969 7.026065 5.015625 6.227963 4.017177 3.676162 0.217784 3.356381 -9999.0 -9999.0 -9999.0 -9999.0 -9999.0 -9999.0 -9999.0 -9999.0 -9999.0 -9999.0 -9999.0 -9999.0 -9999.0 -9999.0 -9999.0 -9999.0 -9999.0 -9999.0 -9999.0 -9999.0 -9999.0 -9999.0 -9999.0 -9999.0 -9999.0 -9999.0 -9999.0 -9999.0
-9999.0 -9999.0 -9999.0 -9999.0 -9999.0 -9999.0 -9999.0 -9999.0 -9999.0 -9999.0 -9999.0 -9999.0 9.791977 9.432006 11.049290 9.954657 8.215487 10.160224 12.978390 11.342941 11.526244 9.239574 0.368022 0.435445 9.424735 7.639436 0.359578 7.178887 7.748495 5.529112 4.347556 5.562852 6.208930 3.634915 -9999.0 -9999.0 -9999.0 -9999.0 -9999.0 -9999.0 -9999.0 -9999.0 -9999.0 -9999.0 -9999.0 -9999.0 -9999.0 -9999.0 -9999.0 -9999.0 -9999.0 -9999.0 -9999.0 -9999.0 -9999.0 -9999.0 -9999.0 -9999.0 -9999.0 -9999.0 -9999.0 -9999.0 -9999.0
-9999.0 -9999.0 -9999.0 -9999.0 -9999.0 -9999.0 -9999.0 -9999.0 -9999.0 -9999.0 -9999.0 6.649925 9.762560 8.737328 9.205475 6.493027 7.590830 9.684267 13.177709 11.054445 10.180559 11.464392 8.083178 6.763463 8.786285 7.586115 5.806641 7.064349 7.895321 4.596395 5.325850 7.504311 6.394813 4.869686 5.249171 8.318987 5.785498 7.124252 8.369520 -9999.0 -9999.0 -9999.0 5.214582 -9999.0 -9999.0 -9999.0 -9999.0 -9999.0 -9999.0 -9999.0 -9999.0 -9999.0 -9999.0 -9999.0 -9999.0 -9999.0 -9999.0 -9999.0 -9999.0 -9999.0 -9999.0 -9999.0 -9999.0
-9999.0 -9999.0 -9999.0 -9999.0 -9999.0 -9999.0 -9999.0 -9999.0 -9999.0 -9999.0 -9999.0 6.696496 9.551831 8.736727 9.734547 5.138285 10.204283 10.655132 12.902313 13.307840 12.305835 9.392470 8.091852 0.294012 7.148251 7.158562 7.402717 7.765993 7.857625 4.863785 6.908672 8.648321 7.532337 6.667303 5.139042 7.393554 9.189141 9.997238 8.808991 7.795110 7.683155 6.398836 8.066142 7.456354 -9999.0 -9999.0 -9999.0 3.360937 4.665784 5.781204 6.086376 5.062721 4.853187 4.617639 4.839006 4.880523 -9999.0 -9999.0 -9999.0 -9999.0 -9999.0 -9999.0 -9999.0
-9999.0 -9999.0 -9999.0 -9999.0 -9999.0 -9999.0 -9999.0 -9999.0 -9999.0 -9999.0 -9999.0 6.705921 5.845980 6.546569 6.750081 6.052561 6.623499 8.770034 12.991348 13.515241 10.029390 9.060856 7.344615 7.808148 6.921526 6.792749 0.376853 8.058065 6.800116 5.399232 5.939600 7.378421 9.791515 7.060859 8.219659 8.042925 9.245376 10.335866 11.620643 10.365897 8.826215 6.061235 8.786281 9.123215 7.280356 -9999.0 3.656465 5.689663 7.136638 8.357577 8.801134 8.769374 8.308210 7.605587 7.553023 7.006485 -9999.0 -9999.0 -9999.0 -9999.0 -9999.0 -9999.0 -9999.0
-9999.0 -9999.0 -9999.0 -9999.0 -9999.0 -9999.0 -9999.0 -9999.0 -9999.0 -9999.0 -9999.0 -9999.0 6.543170 6.219355 6.811255 6.496153 6.075937 8.694920 13.347050 13.834735 10.152006 9.557588 9.316042 8.274453 0.308052 0.411138 9.884810 7.973550 6.807003 6.021113 7.716426 0.389322 9.735621 7.725371 6.188865 6.983575 8.299250 10.316219 14.251179 10.097995 10.049817 11.258981 8.810568 10.319758 8.278635 6.832022 5.156222 5.848372 0.373268 9.080325 10.297877 8.796386 9.282411 0.482921 7.724849 7.493989 7.093969 -9999.0 -9999.0 -9999.0 -9999.0 -9999.0 -9999.0
-9999.0 -9999.0 -9999.0 -9999.0 -9999.0 -9999.0 -9999.0 -9999.0 -9999.0 -9999.0 -9999.0 0.855252 5.648322 6.679304 6.787229 6.849634 7.829141 8.803385 13.426342 11.798181 10.694111 9.219227 9.509798 0.488482 0.437097 9.192881 8.601530 6.717632 7.485218 7.523632 0.398225 8.784019 10.789270 7.893663 4.984071 7.243691 7.064906 9.225406 11.025440 12.098215 8.847867 10.023375 10.592189 11.005787 11.110524 8.230495 7.789257 7.833974 8.378620 10.460309 7.520382 7.132136 6.677817 0.260647 5.580789 5.283934 6.968300 -9999.0 -9999.0 -9999.0 -9999.0 -9999.0 -9999.0
-9999.0 -9999.0 -9999.0 -9999.0 -9999.0 -9999.0 -9999.0 -9999.0 -9999.0 -9999.0 8.007483 6.819621 7.185445 6.779965 7.665900 8.224118 8.184610 8.195443 11.153223 12.008295 13.991737 13.144602 8.504353 10.865156 10.333819 9.538012 0.378172 6.340672 9.405370 10.057966 9.323657 9.111486 9.474149 6.642081 5.448541 8.162871 7.841064 8.419134 9.371720 11.490325 11.219359 12.128143 14.875002 11.147665 10.017770 10.781230 8.964677 9.107792 9.924002 10.910908 6.887317 5.808351 5.013560 4.550813 4.803381 7.359053 7.878282 -9999.0 -9999.0 -9999.0 -9999.0 -9999.0 -9999.0
-9999.0 -9999.0 -9999.0 -9999.0 -9999.0 -9999.0 -9999.0 -9999.0 -9999.0 6.080854 7.365682 0.367395 8.227723 6.969608 0.371359 0.385410 6.862400 10.822142 11.451574 12.436611 14.423317 10.368834 10.210313 11.352928 10.762488 7.831104 7.641238 10.279120 10.104144 10.664680 11.142674 1.038058 6.568164 4.501345 4.614727 6.056921 8.819166 7.642420 0.443179 9.214936 9.987127 8.795408 8.644508 11.550408 11.075940 10.119102 11.792241 9.437854 9.490424 11.685858 0.510689 6.521921 3.772879 3.934532 5.479087 7.146869 8.108104 7.794255 6.644313 -9999.0 -9999.0 -9999.0 -9999.0
-9999.0 -9999.0 -9999.0 -9999.0 -9999.0 -9999.0 -9999.0 -9999.0 -9999.0 6.627884 6.364958 7.318232 9.866657 9.208058 7.992034 7.227067 9.063468 10.450906 12.272189 14.607584 14.680666 14.105999 13.260114 12.759367 8.060501 0.427987 9.612342 10.663667 11.749460 12.108955 10.811264 1.073803 7.565389 6.591888 7.047513 8.695304 9.096992 10.574231 7.502802 9.740526 8.392157 0.363228 8.870204 10.894070 11.999001 12.392286 12.321430 11.333395 10.738842 11.748265 7.212746 5.463033 4.593786 4.700142 6.657893 0.256985 0.567393 0.471038 8.789823 -9999.0 -9999.0 -9999.0 -9999.0
-9999.0 -9999.0 -9999.0 -9999.0 -9999.0 -9999.0 -9999.0 -9999.0 -9999.0 -9999.0 6.253662 7.789247 8.479938 9.040893 10.169183 8.943569 9.729349 11.599092 13.243171 14.101803 14.797054 11.821778 9.794389 8.544214 0.435848 10.572756 11.692686 12.564397 11.070198 1.063271 1.030795 8.413674 0.229571 5.577467 7.724524 8.749010 9.518773 10.387649 9.279633 7.219458 6.243130 9.417537 9.873603 9.395803 9.824815 10.056832 11.043386 13.444179 13.351577 11.974226 8.357310 8.557931 5.805225 4.946227 4.646654 6.491809 8.464624 11.340750 11.768035 12.031184 -9999.0 -9999.0 -9999.0
-9999.0 -9999.0 -9999.0 -9999.0 -9999.0 -9999.0 -9999.0 -9999.0 -9999.0 -9999.0 6.214859 7.351292 7.998968 9.065116 13.051023 9.820369 9.723294 11.622062 14.211597 14.646130 12.656721 11.089256 9.806122 9.702958 10.318858 12.302839 13.451637 10.463922 8.307008 0.287672 6.929899 8.244536 0.292811 5.353568 6.195165 8.208585 9.147387 9.418492 6.913368 6.472299 6.756482 8.652920 0.417929 8.416247 9.461333 8.480657 9.675145 9.864581 12.484776 13.762128 11.781849 0.437678 7.166371 6.632053 4.932609 5.494037 6.427184 10.198193 13.039855 14.046677 -9999.0 -9999.0 -9999.0
-9999.0 -9999.0 -9999.0 -9999.0 -9999.0 -9999.0 -9999.0 -9999.0 8.364026 7.286747 6.309949 7.794452 0.435999 0.454597 8.611096 11.259298 11.869261 14.682771 14.698795 14.985148 14.248391 13.438765 12.694481 11.118852 11.432412 13.221894 14.310272 9.155468 0.461822 0.292563 4.950474 6.474892 6.904909 5.210322 6.404684 6.134646 9.868177 9.277136 5.703128 5.506945 5.994104 7.764958 6.338686 5.504407 7.973319 9.550313 1.514874 8.989528 10.334402 13.476838 12.194157 9.969915 8.283678 4.812346 6.099029 8.050571 8.214740 11.842168 13.361744 14.572509 -9999.0 -9999.0 -9999.0
-9999.0 -9999.0 -9999.0 -9999.0 -9999.0 -9999.0 -9999.0 -9999.0 0.425665 0.418102 0.343546 6.356828 7.553244 0.557505 8.199816 10.204016 11.256530 11.744517 14.202096 15.296157 16.854021 16.705020 15.550130 14.313074 13.207864 13.560191 11.345240 9.980656 7.368306 7.449699 6.032555 6.480746 7.277356 5.942097 6.888033 8.005785 9.741161 9.885575 0.371282 6.814041 5.583445 4.702901 5.574515 7.516263 9.095682 7.974145 6.570707 7.821215 9.919014 12.438707 14.192191 11.296104 0.996276 7.714890 10.628417 10.665230 11.367856 12.699648 15.061610 16.872687 17.189625 -9999.0 -9999.0
-9999.0 -9999.0 -9999.0 -9999.0 -9999.0 -9999.0 -9999.0 -9999.0 6.985825 8.933920 9.716722 6.237777 8.610016 0.418813 0.473186 8.611205 10.623959 12.509082 14.315166 16.539943 15.903197 17.135075 17.164562 14.910638 15.738546 12.925522 10.526086 8.315082 0.315302 8.191803 7.056852 8.631973 6.846040 6.910255 7.734606 9.310654 1.104716 10.241674 1.453675 6.894286 6.130731 5.327766 6.516155 7.635351 6.922027 7.635185 6.339942 7.759497 7.572939 11.077157 13.905633 13.094673 9.164037 8.537233 12.209431 12.957792 14.554687 15.329964 16.700592 17.025839 17.180220 -9999.0 -9999.0
-9999.0 -9999.0 -9999.0 -9999.0 -9999.0 -9999.0 -9999.0 -9999.0 5.171165 8.554117 9.734229 1.236933 8.747778 8.879542 9.511517 11.108907 13.406652 14.432373 14.733879 14.742270 15.454089 16.003467 17.190860 16.722884 13.451365 11.414246 9.177098 1.019698 10.289646 9.176414 0.423937 8.798124 9.621386 9.792400 0.347291 8.715882 9.938065 10.793756 1.011806 7.220561 6.345761 6.683293 7.163405 7.126994 7.312728 6.754638 8.125002 8.336559 9.031518 10.378959 11.970369 14.386525 13.839500 12.917789 14.952578 15.096330 15.867836 15.457741 16.458943 17.044975 15.975731 13.617178 -9999.0
-9999.0 -9999.0 -9999.0 -9999.0 -9999.0 -9999.0 -9999.0 -9999.0 5.319623 8.314112 0.550468 8.910147 9.933599 10.460651 14.057973 13.648650 14.645703 12.411109 11.117819 12.459575 14.195574 15.660236 15.859540 15.823692 14.904308 10.839384 8.788386 10.381288 11.077767 10.683253 8.390606 10.037225 11.347757 10.342484 0.433016 0.432186 9.944994 11.685134 10.840073 9.594675 9.013574 0.532429 9.664429 9.341935 7.415800 9.579505 9.806052 10.521059 10.630468 12.696486 14.244926 13.964939 14.858559 16.022895 16.122146 16.199925 16.845742 16.815337 16.749035 16.032122 14.541750 12.885049 -9999.0
-9999.0 -9999.0 7.908074 8.185302 7.428894 7.592398 8.565126 7.392634 7.049175 7.870345 0.521828 10.651647 10.851787 12.616117 15.452582 13.434303 10.579542 8.667211 9.624807 10.799748 12.581014 15.077046 15.658125 15.795195 14.440318 12.166784 10.782535 10.721130 12.066256 13.895247 9.548283 9.874407 12.748257 10.402140 11.715172 10.292511 13.029801 12.649453 11.287178 9.263481 11.391928 11.517699 10.748690 11.258367 8.918840 10.669343 12.202034 11.579092 13.665934 14.855105 15.864515 16.342056 16.744442 16.792879 16.790654 17.937762 15.904990 16.171889 15.357618 14.170811 15.013144 12.041039 -9999.0
-9999.0 8.981294 8.973283 8.848403 8.007409 8.650368 8.477166 1.732083 6.193922 7.078125 0.565487 9.875775 11.882516 15.130367 15.191238 10.531468 9.588995 0.420646 9.224831 10.718494 12.697603 14.125599 16.470397 15.139217 16.347087 14.211262 14.624804 14.522391 14.287329 13.226464 12.581150 12.202789 12.410033 14.152372 14.007088 14.404154 15.192279 14.252277 15.103087 14.145682 13.966710 14.190845 13.392366 11.751821 11.219136 11.952415 13.891637 14.487889 15.982616 16.087962 16.165704 16.275165 15.608582 15.480303 15.517947 14.931052 13.356379 13.433468 13.823898 14.126559 11.687746 11.709725 -9999.0
-9999.0 9.486028 9.754628 10.198236 11.922177 9.552745 7.132721 6.436207 7.399090 8.135908 8.440050 9.870485 12.344203 15.254558 11.261211 8.538077 0.647936 0.389744 10.103149 10.413106 13.970208 13.129854 14.201190 15.093077 16.227457 16.380773 15.187313 15.308134 15.279737 14.945861 14.833339 14.127407 13.710228 14.716668 16.440296 15.881017 17.429173 17.925278 17.129517 16.474962 16.220547 16.052740 15.316371 14.428919 14.887283 15.207401 15.822758 16.274477 16.005337 16.129022 15.236606 13.690633 13.434932 13.938408 13.451152 11.834215 12.095286 11.188485 11.211975 10.557191 10.618725 -9999.0 -9999.0
