erum2020/resources/simulation/Vinschgau/output-maps/TsL0001N1379.asc
ncols         63
nrows         48
xllcorner     598000.000000
yllcorner     5145000.000000
cellsize      1000.000000
NODATA_value  -9999.0
[rows 0 to 27 of 48, columns 0 to 62 of 63]
-9999.0 -9999.0 -9999.0 -9999.0 -9999.0 -9999.0 -9999.0 -9999.0 -9999.0 -9999.0 -9999.0 -9999.0 -9999.0 -9999.0 -9999.0 -9999.0 -9999.0 -9999.0 -9999.0 -9999.0 -9999.0 -9999.0 -9999.0 -9999.0 -9999.0 -9999.0 -9999.0 -9999.0 -9999.0 -9999.0 -9999.0 -9999.0 -9999.0 -9999.0 -9999.0 -9999.0 -9999.0 -9999.0 -9999.0 -9999.0 -9999.0 -9999.0 -9999.0 -9999.0 -9999.0 -9999.0 -9999.0 -9999.0 -9999.0 -9999.0 -9999.0 -9999.0 -9999.0 -9999.0 -9999.0 -9999.0 -9999.0 -9999.0 -9999.0 -9999.0 -9999.0 -9999.0 -9999.0
-9999.0 -9999.0 -9999.0 -9999.0 -9999.0 -9999.0 -9999.0 -9999.0 -9999.0 -9999.0 -9999.0 -9999.0 -9999.0 -9999.0 -9999.0 -9999.0 -9999.0 -9999.0 -9999.0 -9999.0 -9999.0 -9999.0 -9999.0 -9999.0 -9999.0 -9999.0 -9999.0 -1.506289 -0.379218 -1.238474 -0.407891 -1.713424 -3.665829 -9999.0 -9999.0 -9999.0 -9999.0 -9999.0 -9999.0 -9999.0 -9999.0 -9999.0 -9999.0 -9999.0 -9999.0 -9999.0 -9999.0 -9999.0 -9999.0 -9999.0 -9999.0 -9999.0 -9999.0 -9999.0 -9999.0 -9999.0 -9999.0 -9999.0 -9999.0 -9999.0 -9999.0 -9999.0 -9999.0
-9999.0 -9999.0 -9999.0 -9999.0 -9999.0 -9999.0 -9999.0 -9999.0 -9999.0 -9999.0 -9999.0 -9999.0 -9999.0 -9999.0 -9999.0 -9999.0 -9999.0 -9999.0 -9999.0 -9999.0 -9999.0 -9999.0 -9999.0 -9999.0 -0.245277 -0.060235 -0.031178 -0.234607 -0.021180 -0.158338 -0.415446 -9999.0 -9999.0 -9999.0 -9999.0 -9999.0 -9999.0 -9999.0 -9999.0 -9999.0 -9999.0 -9999.0 -9999.0 -9999.0 -9999.0 -9999.0 -9999.0 -9999.0 -9999.0 -9999.0 -9999.0 -9999.0 -9999.0 -9999.0 -9999.0 -9999.0 -9999.0 -9999.0 -9999.0 -9999.0 -9999.0 -9999.0 -9999.0
-9999.0 -9999.0 -9999.0 -9999.0 -9999.0 -9999.0 -9999.0 -9999.0 -9999.0 -9999.0 -9999.0 -9999.0 -9999.0 -9999.0 -9999.0 -9999.0 -9999.0 -9999.0 -9999.0 -9999.0 -9999.0 -9999.0 -9999.0 -0.048263 -0.036375 2.270783 2.595705 2.719322 2.850867 -0.439152 -0.424153 -0.441775 -9999.0 -9999.0 -9999.0 -9999.0 -9999.0 -9999.0 -9999.0 -9999.0 -9999.0 -9999.0 -9999.0 -9999.0 -9999.0 -9999.0 -9999.0 -9999.0 -9999.0 -9999.0 -9999.0 -9999.0 -9999.0 -9999.0 -9999.0 -9999.0 -9999.0 -9999.0 -9999.0 -9999.0 -9999.0 -9999.0 -9999.0
-9999.0 -9999.0 -9999.0 -9999.0 -9999.0 -9999.0 -9999.0 -9999.0 -9999.0 -9999.0 -9999.0 -9999.0 -9999.0 -9999.0 -9999.0 -9999.0 -9999.0 -9999.0 0.960075 -0.198654 -9999.0 -0.057876 -0.052997 1.880493 2.026399 2.682074 1.051862 1.316772 1.806209 0.239660 -0.341836 -0.408289 -1.593071 -3.795239 -9999.0 -9999.0 -9999.0 -9999.0 -9999.0 -9999.0 -9999.0 -9999.0 -9999.0 -9999.0 -9999.0 -9999.0 -9999.0 -9999.0 -9999.0 -9999.0 -9999.0 -9999.0 -9999.0 -9999.0 -9999.0 -9999.0 -9999.0 -9999.0 -9999.0 -9999.0 -9999.0 -9999.0 -9999.0
-9999.0 -9999.0 -9999.0 -9999.0 -9999.0 -9999.0 -9999.0 -9999.0 -9999.0 -9999.0 -9999.0 -9999.0 -9999.0 -9999.0 -9999.0 -9999.0 -9999.0 4.551071 3.223146 3.173009 -0.630557 -0.025072 0.259138 1.419948 1.590030 -0.020306 -0.055670 0.061952 -0.035663 1.252978 -0.023637 -0.367598 -0.938546 -1.894266 -2.723772 -3.472486 -9999.0 -9999.0 -9999.0 -9999.0 -9999.0 -9999.0 -9999.0 -9999.0 -9999.0 -9999.0 -9999.0 -9999.0 -9999.0 -9999.0 -9999.0 -9999.0 -9999.0 -9999.0 -9999.0 -9999.0 -9999.0 -9999.0 -9999.0 -9999.0 -9999.0 -9999.0 -9999.0
-9999.0 -9999.0 -9999.0 -9999.0 -9999.0 -9999.0 -9999.0 -9999.0 -9999.0 -9999.0 -9999.0 -9999.0 -9999.0 -0.502286 1.388652 2.846444 4.138310 5.945470 4.250569 2.139660 2.134120 1.833336 2.423386 1.687713 -0.019527 -0.042593 -0.649024 -0.092717 -0.151407 -0.012124 -1.429626 -0.015226 -0.297551 -0.392065 -1.357544 -3.495461 -9999.0 -9999.0 -9999.0 -9999.0 -9999.0 -9999.0 -9999.0 -9999.0 -9999.0 -9999.0 -9999.0 -9999.0 -9999.0 -9999.0 -9999.0 -9999.0 -9999.0 -9999.0 -9999.0 -9999.0 -9999.0 -9999.0 -9999.0 -9999.0 -9999.0 -9999.0 -9999.0
-9999.0 -9999.0 -9999.0 -9999.0 -9999.0 -9999.0 -9999.0 -9999.0 -9999.0 -9999.0 -9999.0 -9999.0 -9999.0 -0.034433 3.044361 3.645161 3.393965 4.526113 6.002144 3.591681 3.374638 2.880795 2.262168 1.192188 1.410694 0.463666 -0.388568 -1.342126 -1.478220 -0.133773 -0.017130 -0.392266 -1.472155 -2.548764 -1.945893 -9999.0 -9999.0 -9999.0 -9999.0 -9999.0 -9999.0 -9999.0 -9999.0 -9999.0 -9999.0 -9999.0 -9999.0 -9999.0 -9999.0 -9999.0 -9999.0 -9999.0 -9999.0 -9999.0 -9999.0 -9999.0 -9999.0 -9999.0 -9999.0 -9999.0 -9999.0 -9999.0 -9999.0
-9999.0 -9999.0 -9999.0 -9999.0 -9999.0 -9999.0 -9999.0 -9999.0 -9999.0 -9999.0 -9999.0 -9999.0 -9999.0 2.914701 1.779744 4.126332 3.133504 3.866500 6.216679 4.254495 2.528609 1.886324 0.239717 -0.051143 1.199670 0.827106 -0.771826 -1.562499 -0.453733 -1.637313 -0.403889 -2.957729 -3.186613 -9.104221 -3.560412 -9999.0 -9999.0 -9999.0 -9999.0 -9999.0 -9999.0 -9999.0 -9999.0 -9999.0 -9999.0 -9999.0 -9999.0 -9999.0 -9999.0 -9999.0 -9999.0 -9999.0 -9999.0 -9999.0 -9999.0 -9999.0 -9999.0 -9999.0 -9999.0 -9999.0 -9999.0 -9999.0 -9999.0
-9999.0 -9999.0 -9999.0 -9999.0 -9999.0 -9999.0 -9999.0 -9999.0 -9999.0 -9999.0 -9999.0 -9999.0 1.619405 1.214789 3.722877 2.071348 1.746465 3.386296 5.145312 4.380984 2.163654 -0.039612 -0.023856 -0.039215 -1.582312 -0.371543 -2.712046 -0.430436 -0.328495 -1.530895 -2.802674 -1.639018 -0.437227 -4.105703 -9999.0 -9999.0 -9999.0 -9999.0 -9999.0 -9999.0 -9999.0 -9999.0 -9999.0 -9999.0 -9999.0 -9999.0 -9999.0 -9999.0 -9999.0 -9999.0 -9999.0 -9999.0 -9999.0 -9999.0 -9999.0 -9999.0 -9999.0 -9999.0 -9999.0 -9999.0 -9999.0 -9999.0 -9999.0
-9999.0 -9999.0 -9999.0 -9999.0 -9999.0 -9999.0 -9999.0 -9999.0 -9999.0 -9999.0 -9999.0 -0.472359 3.121183 2.956089 3.118127 0.345040 3.484079 3.698855 5.123616 5.853421 2.084432 1.802014 -0.525383 -0.432361 0.249335 -0.237783 -0.440788 -0.386311 -0.413518 -2.296867 -1.843557 -0.285204 -1.398931 -3.005725 -1.795451 -1.443419 -0.488304 -0.848243 -1.186361 -9999.0 -9999.0 -9999.0 -3.437825 -9999.0 -9999.0 -9999.0 -9999.0 -9999.0 -9999.0 -9999.0 -9999.0 -9999.0 -9999.0 -9999.0 -9999.0 -9999.0 -9999.0 -9999.0 -9999.0 -9999.0 -9999.0 -9999.0 -9999.0
-9999.0 -9999.0 -9999.0 -9999.0 -9999.0 -9999.0 -9999.0 -9999.0 -9999.0 -9999.0 -9999.0 -0.508375 3.278495 4.766878 4.481504 -0.094831 5.480565 4.163030 5.174748 4.304538 2.523206 -0.032796 -0.016915 -1.966315 -1.322752 -0.382818 -0.419501 -0.193402 -0.585465 -2.511218 -0.384061 -0.035160 -0.450218 -0.955529 -1.115037 -0.385000 -0.381041 -1.089112 -1.140867 -3.084405 -3.000441 -3.204280 -0.395819 -1.588960 -9999.0 -9999.0 -9999.0 -4.390960 -3.589258 -2.228569 -2.601694 -3.953822 -3.828729 -4.857380 -4.480589 -4.246457 -9999.0 -9999.0 -9999.0 -9999.0 -9999.0 -9999.0 -9999.0
-9999.0 -9999.0 -9999.0 -9999.0 -9999.0 -9999.0 -9999.0 -9999.0 -9999.0 -9999.0 -9999.0 -0.490514 -0.523612 0.543540 0.026747 -0.027879 1.078868 3.481926 4.935678 4.265775 2.120257 -0.015023 -1.005751 -0.117998 -0.382754 -1.451968 -1.205964 -3.235625 -1.423125 -1.005530 -1.481539 -1.686608 -0.094570 -0.685926 -1.551305 -0.241221 -0.619655 -0.904271 -0.940151 -2.335994 -0.464062 -1.827609 -0.117758 -0.376539 -0.973688 -9999.0 -4.006880 -1.672796 -0.394892 -0.307434 -0.959182 -0.784374 -0.893700 -0.406695 -1.176605 -0.750256 -9999.0 -9999.0 -9999.0 -9999.0 -9999.0 -9999.0 -9999.0
-9999.0 -9999.0 -9999.0 -9999.0 -9999.0 -9999.0 -9999.0 -9999.0 -9999.0 -9999.0 -9999.0 -9999.0 -0.444938 -0.008103 -0.086388 -0.041980 0.454024 2.538784 4.732564 4.270098 1.951225 -0.022258 -0.011496 -0.384374 -2.326896 -1.336602 -0.005554 -1.099039 -0.412002 -1.577401 -0.406517 -1.217847 -1.079431 -0.418278 -0.446403 -0.358566 -1.145585 -0.743630 -0.019571 -1.648926 -0.977255 -1.279860 -0.407839 -0.019989 -1.488004 -1.687058 -2.425608 -0.817465 -2.299870 -0.577975 -0.096731 -1.173577 -3.452917 -1.767044 -2.395224 -0.394090 -0.469158 -9999.0 -9999.0 -9999.0 -9999.0 -9999.0 -9999.0
-9999.0 -9999.0 -9999.0 -9999.0 -9999.0 -9999.0 -9999.0 -9999.0 -9999.0 -9999.0 -9999.0 -0.454743 -0.297722 -0.434151 -0.007774 -0.031558 0.652141 1.915389 4.247187 3.935498 2.222476 0.648948 -0.004924 -1.257549 -1.195315 -0.598202 -0.473292 -0.416556 -0.444838 -1.375390 -1.309097 -1.157398 -0.223879 -0.411986 -1.204586 -0.384419 -0.428087 -0.456628 -0.010007 -0.448687 -0.455247 -0.045686 -0.004759 -0.190364 -0.427352 -0.418151 -0.361315 -1.356849 -0.674591 -0.023013 -3.192959 -0.406558 -3.256879 -4.919546 -5.654190 -4.423285 -1.543893 -9999.0 -9999.0 -9999.0 -9999.0 -9999.0 -9999.0
-9999.0 -9999.0 -9999.0 -9999.0 -9999.0 -9999.0 -9999.0 -9999.0 -9999.0 -9999.0 -0.005552 -0.049272 -0.107385 -0.299160 -0.433794 -0.003797 -0.004445 -0.024652 3.060863 3.593015 2.622663 0.993583 -0.594338 -0.028200 -0.016397 -1.941114 -1.732033 -4.149508 -1.148961 -0.443231 -0.020473 -0.531265 -0.252422 -0.399710 -3.407953 -1.498732 -0.420867 -0.834298 -0.120528 -0.003728 -0.007692 0.725810 2.895866 0.782420 -0.029163 -1.344706 -0.336229 -0.243220 -0.021146 -0.017695 -4.304302 -2.783010 -6.124153 -5.363080 -5.026216 -0.410891 -0.408983 -9999.0 -9999.0 -9999.0 -9999.0 -9999.0 -9999.0
-9999.0 -9999.0 -9999.0 -9999.0 -9999.0 -9999.0 -9999.0 -9999.0 -9999.0 -0.364926 -0.013773 -0.032041 -0.032959 -0.496406 -0.016255 -0.013290 -0.043623 0.078118 2.982679 3.620402 2.975252 0.384264 0.118028 0.095551 -0.005402 -1.510163 -2.516421 -0.255171 -0.045371 -0.012914 -0.003904 -1.708908 -1.414481 -2.716550 -3.025614 -1.505633 -0.276176 -1.362404 -1.032480 -0.026675 -0.685094 -0.329854 -0.473085 1.471128 1.085215 -0.083837 -0.344379 -0.716660 -0.695317 -0.004090 -1.699879 -1.560713 -5.779159 -5.975498 -4.535654 -3.394143 -2.506167 -1.490278 -3.459065 -9999.0 -9999.0 -9999.0 -9999.0
-9999.0 -9999.0 -9999.0 -9999.0 -9999.0 -9999.0 -9999.0 -9999.0 -9999.0 -1.072350 -0.370445 -0.460486 -0.000861 -0.014123 -0.059205 -0.568622 -0.032717 0.155786 3.545404 3.949503 3.577856 2.806065 1.417605 -0.006817 -1.121969 -1.535111 -0.391694 -0.017536 -0.005914 -0.007483 -0.025472 -2.087399 -0.359673 -0.544323 -0.403793 -1.601417 -1.509580 -1.316491 -0.381485 -0.307860 -0.855207 -1.714762 -0.197547 0.011072 2.389480 1.660748 1.452382 -0.020831 -0.015433 -0.007972 -2.958461 -5.175211 -5.812587 -5.122985 -1.467005 -4.318907 -2.286465 -1.741137 -1.352805 -9999.0 -9999.0 -9999.0 -9999.0
-9999.0 -9999.0 -9999.0 -9999.0 -9999.0 -9999.0 -9999.0 -9999.0 -9999.0 -9999.0 -0.406051 -0.357042 -0.082945 -0.751446 -0.016081 -0.036860 -0.022059 1.417000 4.326133 4.092272 3.719288 2.106772 -0.035686 -0.201647 -1.240183 -0.025708 -0.004438 0.279356 -0.013133 -1.642738 -1.991896 -3.073550 -3.510735 -0.436539 -0.148404 -0.216733 -0.044429 -0.022965 -1.460364 -0.387583 -0.407391 -0.018969 -0.002267 -0.086444 -0.021885 -0.009777 1.248396 1.883797 2.350259 -0.017523 -1.915733 -2.418324 -4.715106 -5.685084 -5.273301 -2.209639 -0.341709 -1.893287 -0.014650 -0.068321 -9999.0 -9999.0 -9999.0
-9999.0 -9999.0 -9999.0 -9999.0 -9999.0 -9999.0 -9999.0 -9999.0 -9999.0 -9999.0 -0.410099 -0.308318 -0.030682 -0.023900 0.607037 0.037028 -0.021322 2.119622 4.796489 4.673376 2.832875 0.928337 -0.045996 -0.125014 -0.026874 -0.005248 0.915201 -0.011189 -1.332273 -3.221573 -0.405744 -0.011311 -3.533236 -0.826599 -0.386989 -0.014311 -1.885781 -0.025484 -1.807888 -0.431222 -0.376170 -0.371047 -0.434011 -0.435409 -0.015317 -0.255323 -0.016455 -0.019288 2.663347 2.004117 -0.003080 -1.791064 -3.904629 -3.857811 -6.431490 -5.671878 -2.839201 -0.817782 1.250858 1.274906 -9999.0 -9999.0 -9999.0
-9999.0 -9999.0 -9999.0 -9999.0 -9999.0 -9999.0 -9999.0 -9999.0 -0.062545 -0.409030 -1.890120 -0.023182 -1.175571 -0.192431 -0.057594 1.303985 2.399569 3.696474 4.941500 5.028585 4.555147 3.398864 2.472017 0.693506 -0.022875 1.492676 0.722404 -0.845327 -1.476629 -3.140617 -2.312962 -0.389851 -0.385835 -0.495627 -0.365495 -0.366700 -0.402241 -0.011803 -2.590024 -1.653538 -1.357605 -0.017263 -3.155363 -1.467947 -1.270656 -0.004159 -2.407501 -0.313528 -0.011951 1.599602 -0.005086 -0.759261 -2.873476 -5.642817 -5.270134 -0.880648 -1.433728 -0.015805 -0.018712 4.087491 -9999.0 -9999.0 -9999.0
-9999.0 -9999.0 -9999.0 -9999.0 -9999.0 -9999.0 -9999.0 -9999.0 -3.399770 -1.244261 -2.672110 -0.432532 -0.363484 -2.413887 -0.976787 -0.011428 1.407092 1.992728 4.958054 5.565142 5.822288 5.458309 4.262518 2.974299 2.795693 2.929383 0.407397 -0.050001 -3.396934 -0.425230 -0.709238 -1.994288 -0.346320 -1.544097 -0.077616 -0.027645 0.201386 -0.003828 -0.109085 -0.353526 -0.400099 -0.858198 -1.447315 -0.419865 -0.008656 -0.769662 -3.588994 -0.262480 -0.048862 1.247594 1.091686 -0.063467 -3.537013 -2.086296 -0.459237 -2.060122 -0.931577 -0.013720 2.309804 4.923808 5.572181 -9999.0 -9999.0
-9999.0 -9999.0 -9999.0 -9999.0 -9999.0 -9999.0 -9999.0 -9999.0 -0.391002 -0.369246 -0.016260 -3.487920 -0.024041 -2.938325 -0.768979 -0.836606 0.039721 1.929495 4.902937 5.812606 6.031237 6.126803 5.759726 4.482444 4.144212 2.748620 -0.006430 -1.283448 -3.974288 -0.392553 -1.426484 -0.012617 -1.915179 -1.572228 -0.014939 -0.028275 -0.011293 1.583622 -0.037779 -0.299421 -0.301576 -1.434913 -0.084932 -0.391855 -1.384333 -0.095861 -2.080084 -0.396404 -2.075129 -0.027703 2.448308 -0.004406 -2.492908 -3.416126 -0.130464 -0.010067 0.321602 1.735704 4.556420 5.243628 5.559264 -9999.0 -9999.0
-9999.0 -9999.0 -9999.0 -9999.0 -9999.0 -9999.0 -9999.0 -9999.0 -2.336035 -0.193602 -0.303178 -3.892941 -0.366323 -1.510017 -0.273877 -0.005580 3.468789 4.714754 4.344783 5.188107 5.509418 5.953243 6.031528 5.171070 3.147360 0.640808 -0.073382 -2.041603 -0.032770 -0.203142 -0.666022 -0.062390 -0.007779 -0.003298 -0.026603 -0.470380 0.378387 3.601787 0.401209 -0.043405 -0.457628 -0.467374 -0.453438 -1.284727 -0.384518 -1.406946 -1.177738 -1.201696 -0.376138 -0.980667 -0.018843 2.090657 -0.005045 -0.074354 -0.003012 0.857111 2.731649 4.517927 5.355751 5.309883 4.354095 2.316703 -9999.0
-9999.0 -9999.0 -9999.0 -9999.0 -9999.0 -9999.0 -9999.0 -9999.0 -3.846051 -0.291838 -2.672345 -1.625372 -0.416898 -0.123319 -0.003984 1.613448 2.173982 2.089031 0.569068 2.400753 4.264861 5.443317 5.569140 5.234663 3.165995 -0.021717 -1.148675 -0.028849 -0.009575 -0.002940 -0.251919 -0.005024 1.822256 0.326300 -0.025465 0.742049 2.159634 5.545888 4.929436 1.458305 -0.021467 -0.022733 -0.020502 -0.015073 -0.821092 -0.449514 -0.065437 -0.013036 -0.108418 -0.005548 0.914587 1.292181 1.657664 0.851358 1.654737 2.037299 2.742366 3.829930 4.609897 4.416849 3.757680 1.718304 -9999.0
-9999.0 -9999.0 -1.177276 -0.244405 -3.955877 -1.679858 -2.742592 -2.417981 -0.425052 -0.373675 -1.142682 -0.603684 -0.082695 -0.002300 1.138619 0.901499 -0.029008 -1.268170 -0.386149 -0.012543 2.263467 5.012756 5.044562 5.634812 3.359565 1.538502 -0.022464 -0.009155 2.173387 0.975076 -0.032678 0.444377 3.472206 2.935006 3.511954 4.125265 5.904011 7.779942 6.678733 3.994285 3.510266 3.611052 3.786121 2.111829 -0.015131 -0.026486 0.795088 1.242372 1.989547 3.016880 3.658474 3.236744 2.444972 1.808430 1.752607 2.705280 2.458916 3.117292 2.949069 3.121425 1.942850 0.916197 -9999.0
-9999.0 -0.471885 -0.645015 -0.981541 -1.563150 -1.401786 -2.288571 -2.858614 -3.849407 -0.425059 -1.978606 -0.902552 -0.002907 0.549043 0.659568 -0.276383 -1.212812 -1.941527 -1.423130 -0.025088 2.041958 3.806917 4.184189 4.507746 4.447904 3.089768 2.681241 3.028094 3.825235 2.669735 2.350550 2.511478 4.263146 5.924397 6.578301 7.821490 9.443332 10.682565 9.629006 7.955581 7.074071 6.963771 6.277949 4.317045 3.026347 3.429631 3.925439 5.454837 5.507804 5.719661 4.241510 3.254509 2.234324 1.404124 1.336742 0.927002 0.412136 0.768297 0.686872 0.466950 0.116800 0.700322 -9999.0
-9999.0 -0.011405 -0.014687 -0.013381 -0.008965 -0.028868 -2.578392 -3.381521 -0.449524 -1.358813 -2.516910 -1.295292 -0.006195 0.564437 -0.086036 -2.498769 -2.677948 -2.248997 -0.456739 -0.011900 0.956397 1.697021 2.687365 2.344779 3.451143 4.306394 4.956920 5.003065 5.277121 5.911227 6.057318 5.815798 6.176118 7.096907 8.570808 10.128610 12.002367 13.039972 12.497555 11.415290 10.704827 9.786120 8.675681 7.590767 7.459850 7.321142 6.808347 6.669327 6.054662 5.245525 3.412993 1.726311 0.535178 1.205527 0.321410 -0.053502 -0.760867 -0.072152 -0.049728 -0.116273 -0.044970 -9999.0 -9999.0
