erum2020/resources/simulation/Vinschgau/rec/SoilPressure0000L0006.old.asc
ncols         63
nrows         48
xllcorner     598000.000000
yllcorner     5145000.000000
cellsize      1000.000000
NODATA_value  -9999.0
[rows 0 to 24 of 48, columns 0 to 55 of 63]
-9999.0 -9999.0 -9999.0 -9999.0 -9999.0 -9999.0 -9999.0 -9999.0 -9999.0 -9999.0 -9999.0 -9999.0 -9999.0 -9999.0 -9999.0 -9999.0 -9999.0 -9999.0 -9999.0 -9999.0 -9999.0 -9999.0 -9999.0 -9999.0 -9999.0 -9999.0 -9999.0 -9999.0 -9999.0 -9999.0 -9999.0 -9999.0 -9999.0 -9999.0 -9999.0 -9999.0 -9999.0 -9999.0 -9999.0 -9999.0 -9999.0 -9999.0 -9999.0 -9999.0 -9999.0 -9999.0 -9999.0 -9999.0 -9999.0 -9999.0 -9999.0 -9999.0 -9999.0 -9999.0 -9999.0 -9999.0
-9999.0 -9999.0 -9999.0 -9999.0 -9999.0 -9999.0 -9999.0 -9999.0 -9999.0 -9999.0 -9999.0 -9999.0 -9999.0 -9999.0 -9999.0 -9999.0 -9999.0 -9999.0 -9999.0 -9999.0 -9999.0 -9999.0 -9999.0 -9999.0 -9999.0 -9999.0 -9999.0 -285070.243688 -102747.929106 -224364.536061 -227759.427975 -363125.781525 -540775.099037 -9999.0 -9999.0 -9999.0 -9999.0 -9999.0 -9999.0 -9999.0 -9999.0 -9999.0 -9999.0 -9999.0 -9999.0 -9999.0 -9999.0 -9999.0 -9999.0 -9999.0 -9999.0 -9999.0 -9999.0 -9999.0 -9999.0 -9999.0
-9999.0 -9999.0 -9999.0 -9999.0 -9999.0 -9999.0 -9999.0 -9999.0 -9999.0 -9999.0 -9999.0 -9999.0 -9999.0 -9999.0 -9999.0 -9999.0 -9999.0 -9999.0 -9999.0 -9999.0 -9999.0 -9999.0 -9999.0 -9999.0 -58687.338058 -34821.691069 -1319.760767 -55618.561527 -1142.580968 -690.812853 -248847.303687 -9999.0 -9999.0 -9999.0 -9999.0 -9999.0 -9999.0 -9999.0 -9999.0 -9999.0 -9999.0 -9999.0 -9999.0 -9999.0 -9999.0 -9999.0 -9999.0 -9999.0 -9999.0 -9999.0 -9999.0 -9999.0 -9999.0 -9999.0 -9999.0 -9999.0
-9999.0 -9999.0 -9999.0 -9999.0 -9999.0 -9999.0 -9999.0 -9999.0 -9999.0 -9999.0 -9999.0 -9999.0 -9999.0 -9999.0 -9999.0 -9999.0 -9999.0 -9999.0 -9999.0 -9999.0 -9999.0 -9999.0 -9999.0 -6434.643841 -790.802054 -1402.018769 -2402.029332 -44643.029258 -41990.134679 -2427.596079 -244077.914884 -422898.483269 -9999.0 -9999.0 -9999.0 -9999.0 -9999.0 -9999.0 -9999.0 -9999.0 -9999.0 -9999.0 -9999.0 -9999.0 -9999.0 -9999.0 -9999.0 -9999.0 -9999.0 -9999.0 -9999.0 -9999.0 -9999.0 -9999.0 -9999.0 -9999.0
-9999.0 -9999.0 -9999.0 -9999.0 -9999.0 -9999.0 -9999.0 -9999.0 -9999.0 -9999.0 -9999.0 -9999.0 -9999.0 -9999.0 -9999.0 -9999.0 -9999.0 -9999.0 -790.997279 -933.666693 -9999.0 -1184.187558 -823.541973 -34463.014993 -2019.025414 -35581.755197 -908.142440 -988.644069 -982.096821 -1360.775441 -72279.040523 -224991.525393 -526557.728805 -720464.445995 -9999.0 -9999.0 -9999.0 -9999.0 -9999.0 -9999.0 -9999.0 -9999.0 -9999.0 -9999.0 -9999.0 -9999.0 -9999.0 -9999.0 -9999.0 -9999.0 -9999.0 -9999.0 -9999.0 -9999.0 -9999.0 -9999.0
-9999.0 -9999.0 -9999.0 -9999.0 -9999.0 -9999.0 -9999.0 -9999.0 -9999.0 -9999.0 -9999.0 -9999.0 -9999.0 -9999.0 -9999.0 -9999.0 -9999.0 -1497.072799 -3082.221207 -153631.461364 -58895.002003 -827.531245 -1390.705667 -23841.092486 -1007.851285 -935.456259 -16279.022583 -1191.597539 -4590.043238 -903.614730 -771.708662 -64083.398998 -186260.919282 -278896.269073 -597488.102368 -711076.160557 -9999.0 -9999.0 -9999.0 -9999.0 -9999.0 -9999.0 -9999.0 -9999.0 -9999.0 -9999.0 -9999.0 -9999.0 -9999.0 -9999.0 -9999.0 -9999.0 -9999.0 -9999.0 -9999.0 -9999.0
-9999.0 -9999.0 -9999.0 -9999.0 -9999.0 -9999.0 -9999.0 -9999.0 -9999.0 -9999.0 -9999.0 -9999.0 -9999.0 -152.254159 -1546.062807 -1475.603503 -1766.589678 -809.758740 -1472.340970 -28890.719385 -2042.587720 -1863.192859 -28412.886822 -1422.381558 -864.050105 -838.523799 -194620.086128 -35018.869381 -52577.178895 -858.650185 -209534.379299 -750.010405 -85411.042733 -207559.887337 -400633.572490 -745519.831960 -9999.0 -9999.0 -9999.0 -9999.0 -9999.0 -9999.0 -9999.0 -9999.0 -9999.0 -9999.0 -9999.0 -9999.0 -9999.0 -9999.0 -9999.0 -9999.0 -9999.0 -9999.0 -9999.0 -9999.0
-9999.0 -9999.0 -9999.0 -9999.0 -9999.0 -9999.0 -9999.0 -9999.0 -9999.0 -9999.0 -9999.0 -9999.0 -9999.0 -991.791448 -2329.947858 -1631.596914 -1708.037565 -945.257555 -811.106475 -2564.190974 -15904.573355 -22098.391297 -2125.932236 -1346.965502 -1443.859016 -18107.899815 -138114.270781 -249046.412734 -433479.528586 -132451.512482 -64579.602802 -214897.719535 -499779.735844 -689712.780431 -637461.879367 -9999.0 -9999.0 -9999.0 -9999.0 -9999.0 -9999.0 -9999.0 -9999.0 -9999.0 -9999.0 -9999.0 -9999.0 -9999.0 -9999.0 -9999.0 -9999.0 -9999.0 -9999.0 -9999.0 -9999.0 -9999.0
-9999.0 -9999.0 -9999.0 -9999.0 -9999.0 -9999.0 -9999.0 -9999.0 -9999.0 -9999.0 -9999.0 -9999.0 -9999.0 -2550.576552 433.974566 -1475.726754 -1639.988130 -1670.400557 -812.031937 -1540.573246 -1197.992006 -152705.356177 -1007.110216 -1290.336584 -1538.017349 -1454.216133 -173956.106526 -487230.947064 -419689.616734 -575385.847910 -248244.589700 -742508.424835 -768330.472863 -1371649.208290 -770382.093223 -9999.0 -9999.0 -9999.0 -9999.0 -9999.0 -9999.0 -9999.0 -9999.0 -9999.0 -9999.0 -9999.0 -9999.0 -9999.0 -9999.0 -9999.0 -9999.0 -9999.0 -9999.0 -9999.0 -9999.0 -9999.0
-9999.0 -9999.0 -9999.0 -9999.0 -9999.0 -9999.0 -9999.0 -9999.0 -9999.0 -9999.0 -9999.0 -9999.0 -30574.619389 6331.159196 -2445.087474 -1641.462405 -1301.003313 -1549.705898 -1068.717619 -152820.618294 -2032.620865 -1156.085150 -152660.082667 -1933.812886 -233317.370937 -157239.042736 -372450.949308 -267113.208867 -88224.665347 -535136.278574 -641280.618188 -553481.002461 -443533.569419 -817176.870018 -9999.0 -9999.0 -9999.0 -9999.0 -9999.0 -9999.0 -9999.0 -9999.0 -9999.0 -9999.0 -9999.0 -9999.0 -9999.0 -9999.0 -9999.0 -9999.0 -9999.0 -9999.0 -9999.0 -9999.0 -9999.0 -9999.0
-9999.0 -9999.0 -9999.0 -9999.0 -9999.0 -9999.0 -9999.0 -9999.0 -9999.0 -9999.0 -9999.0 -958.325913 -1688.668893 -488.655244 -2387.057238 -1063.724343 -152819.307755 -1609.960944 -826.479285 -152780.161718 -14236.947428 -1170.798711 -168.305962 -87907.473231 -15105.004231 -78956.284651 -402453.614683 -168965.131105 -424138.902133 -704422.713790 -570736.202491 -81402.836432 -407874.202955 -657183.821746 -586765.271643 -351000.120091 -342614.620050 -211202.409410 -200725.282091 -9999.0 -9999.0 -9999.0 -665389.298799 -9999.0 -9999.0 -9999.0 -9999.0 -9999.0 -9999.0 -9999.0 -9999.0 -9999.0 -9999.0 -9999.0 -9999.0 -9999.0
-9999.0 -9999.0 -9999.0 -9999.0 -9999.0 -9999.0 -9999.0 -9999.0 -9999.0 -9999.0 -9999.0 -959.979173 -1990.917020 -49191.300901 -2792.193687 -164.699258 -3191.846395 -3567.227018 -853.314406 -1042.124722 -1135.593143 -148.604678 -813.818905 -292131.720485 -188229.098579 -133686.178616 -213778.423704 -76441.612401 -206496.380921 -665955.560780 -189310.334605 -218.705859 -435542.074102 -511666.091856 -569571.384448 -200936.585354 -1178.901450 -67789.357655 -200295.936332 -625793.895584 -617736.346868 -660606.276223 -216187.006638 -515344.025158 -9999.0 -9999.0 -9999.0 -715184.062198 -609903.084975 -592536.641157 -521964.004352 -711982.174464 -736856.245644 -683953.319200 -649224.945350 -777107.524120
-9999.0 -9999.0 -9999.0 -9999.0 -9999.0 -9999.0 -9999.0 -9999.0 -9999.0 -9999.0 -9999.0 -927.531418 -990.863550 -17698.538669 -797.217064 -166.938968 -1528.753597 -2710.976429 -1501.919589 -1047.294800 -924.865765 -1510.484049 -157833.114154 -45915.144466 -165052.882877 -270305.780042 -179504.186463 -424381.021249 -326781.215985 -552256.448477 -428708.689549 -216446.629884 -73101.510481 -492705.979008 -519457.114624 -68517.095187 -105315.367203 -187321.599914 -443.514940 -413546.202002 -183389.581370 -323402.808813 -74028.876682 -180094.636853 -505653.872262 -9999.0 -791633.322428 -496538.766750 -217754.546977 -83186.212180 -78876.434891 -189773.236038 -178017.635516 -231163.657131 -239636.062663 -471497.761818
-9999.0 -9999.0 -9999.0 -9999.0 -9999.0 -9999.0 -9999.0 -9999.0 -9999.0 -9999.0 -9999.0 -9999.0 -923.834530 -732.147905 -1017.959562 -1019.521767 -1214.955041 -2430.279037 -911.913646 -1035.571491 -1770.411944 -10501.762528 -4260.195131 -107155.984635 -342736.404747 -196091.220579 1695.019970 -87313.678809 -235707.054028 -504216.973353 -213526.932928 -180543.596304 -77823.093502 -291340.923806 -443229.518127 -178749.890115 -180089.976970 -157121.922665 -927.332762 -153568.929251 -3447.845676 -179071.163717 -108264.900212 -990.390569 -447501.913445 -522556.222044 -636484.370770 -482220.971909 -338331.507437 -117754.944454 -16781.653261 -164703.739274 -443438.581685 -261477.088936 -349770.803838 -223775.969095
-9999.0 -9999.0 -9999.0 -9999.0 -9999.0 -9999.0 -9999.0 -9999.0 -9999.0 -9999.0 -9999.0 -120390.826685 -1678.784671 -90.886806 -690.562398 -1101.212611 -1414.292504 -1745.139002 -1241.867154 -1124.971807 -1991.153570 -1023.667613 -551.545716 -191493.442406 -177466.169709 -68179.726802 -110699.387583 -252250.334859 -341936.912767 -246858.661126 -192794.655602 -135666.038926 -121.007092 -245051.208280 -573809.276155 -205052.081969 -197295.854310 -137964.181072 -1018.982303 -271.315086 -138609.147681 -1312.986078 -1721.261187 -149109.862905 -129.187051 -243583.279031 -94647.846013 -238286.110524 -176338.115634 -129277.746326 -474224.041912 -236217.434994 -476162.587761 -781941.883799 -871183.501712 -716188.358390
-9999.0 -9999.0 -9999.0 -9999.0 -9999.0 -9999.0 -9999.0 -9999.0 -9999.0 -9999.0 2328.919384 -54346.595211 -930.479672 -931.174903 -943.789274 -143.363086 -343.893221 -945.764666 -1416.218158 -1093.136472 -945.526980 -759.408091 -75363.356841 -783.745801 -1721.681064 -252302.717495 -263805.508578 -722314.403466 -80510.448596 -393.832398 -19197.568895 -256157.047337 -289.218393 -253512.700954 -767894.660560 -420473.674535 -75063.444811 -139535.016789 -9578.573997 -281.247505 -928.057145 -133590.152835 -190.842045 -688.820815 -12249.562753 -238614.606924 -90382.819593 -93470.635513 -29280.374218 -1071.705269 -695401.559466 -627890.026826 -926888.414600 -816498.754874 -760235.852231 -274969.799181
-9999.0 -9999.0 -9999.0 -9999.0 -9999.0 -9999.0 -9999.0 -9999.0 -9999.0 -98443.538128 -635.160898 -25298.864597 -2917.396580 -116326.900274 -5404.607813 -3860.293933 -34390.220270 -955.980181 -2499.675580 -1153.761159 -971.254550 -1402.007640 -490.590731 -1264.798820 -460.008774 -186973.983205 -374504.263473 -273.940299 -50336.825717 -1629.053937 -325.624220 -211929.224283 -365639.273975 -680544.610502 -626214.399393 -426084.524662 -35884.605777 -203122.565063 -160099.766354 -26242.963549 -48878.989677 -45038.910258 -61291.695235 -1297.142892 -483.879909 -23184.130764 -134.569344 -132632.843241 -128885.731110 -354.981024 -257789.992389 -560238.354924 -890254.620082 -883675.339280 -709148.948298 -496614.231081
-9999.0 -9999.0 -9999.0 -9999.0 -9999.0 -9999.0 -9999.0 -9999.0 -9999.0 -181478.317985 -101684.066820 -293.830175 4822.248831 -837.801087 -42116.168840 -118959.130100 -821.648929 -1165.297162 -2755.329257 -1047.629986 -1018.202354 -1647.520102 -899.335280 -638.630747 -138843.021217 -224270.343894 -106781.091906 -1276.139440 -579.213713 -603.839167 -227.834398 -258669.146148 -99305.208389 -481245.125567 -226592.268666 -435792.446648 -296202.130901 -199928.401764 -192329.886207 -125.494816 -140386.511220 -258709.103052 -89229.026587 -797.535557 -882.396435 -961.230869 -1299.331036 -8327.976813 -1371.980030 -730.994399 -367376.688203 -725087.683723 -859510.870955 -723920.209264 -567739.302518 -611676.541407
-9999.0 -9999.0 -9999.0 -9999.0 -9999.0 -9999.0 -9999.0 -9999.0 -9999.0 -9999.0 -221939.536780 -225.036513 -3635.062900 -62036.322579 -1427.780334 -32928.124522 -925.574882 -1404.085216 -3038.229026 -1214.208779 -1000.625214 -10256.697305 -672.955111 -26596.937785 -182290.298124 -15766.456586 -399.624247 -808.137022 -235.189341 -203192.310948 -246595.476215 -398532.204355 -520199.470865 -374052.833295 -75366.395445 -120.645724 -1055.183416 -784.506125 -296064.880075 -203688.103852 -235408.203510 -918.084315 5058.523477 -19854.272044 -842.635111 -742.924683 -482.060980 -899.947893 -24196.237020 -3492.767594 -236502.683992 -467854.673340 -729859.438957 -843079.991854 -742441.881873 -502446.427455
-9999.0 -9999.0 -9999.0 -9999.0 -9999.0 -9999.0 -9999.0 -9999.0 -9999.0 -9999.0 -236609.707966 -87137.577237 -1328.334026 -1692.420289 -594.750905 -987.101822 -857.901698 -1255.901418 -1566.587404 -1396.921412 -1540.353121 -1927.833571 -736.412547 -70302.739634 -13973.982867 -502.730479 -677.289725 -409.732449 -164566.557970 -482241.879339 -209129.750904 -831.646612 -604539.183803 -495436.440309 -198172.596011 -691.010147 -242813.385013 -28463.438496 -274276.293280 -297063.355750 -102542.686178 -227.767821 -108804.306656 -60877.440235 -637.347082 -38203.363438 -1013.212509 -845.038484 -1373.785512 -18764.902525 -208.662962 -294178.955538 -558729.159611 -673150.339037 -925849.897163 -819208.038342
-9999.0 -9999.0 -9999.0 -9999.0 -9999.0 -9999.0 -9999.0 -9999.0 -36503.336098 -219548.807525 -375049.640143 -2971.684801 -130629.784231 -87711.113320 -5457.681108 -770.465928 -3622.024519 -1655.968221 -1360.597684 -1454.619830 -1747.775408 -3115.907356 -2814.864124 -2188.408216 -1116.469773 -646.055695 -499.426510 -104855.922229 -234545.779841 -473085.742149 -626757.809656 -202426.205919 -196921.470809 -449053.645860 -96683.882117 -168209.622640 -140.574293 -2659.528268 -321513.585821 -435604.809414 -238500.356407 -841.368899 -477285.029455 -350625.677103 -166214.998349 2205.061353 -298521.320439 -97268.577974 -468.222808 -725.779998 -487.145427 -93957.115904 -568452.396729 -780380.788459 -765057.453350 -417837.023333
-9999.0 -9999.0 -9999.0 -9999.0 -9999.0 -9999.0 -9999.0 -9999.0 -430387.017441 -174281.020158 -405917.358534 -351884.142187 -99625.819896 -309129.265136 -119682.793935 -782.369764 -1638.257000 -2089.129505 -19443.208942 -1463.021398 -872.194958 -1100.668390 -1325.660174 -1687.516183 -2704.821738 -1133.147249 -522.976722 -52636.942325 -615445.512894 -277425.371659 -478572.626775 -326733.467736 -93142.455688 -283039.241347 -37947.617792 -1719.252378 -140.384844 -338.653073 -76074.392725 -74047.674949 -211369.809814 -323214.211525 -271012.662790 -67190.623256 2332.638268 -134074.096960 -647242.558281 -79180.510744 -45858.417137 -737.683226 -574.470715 -44772.615451 -581119.960056 -493578.759393 -179583.818323 -271522.539872
-9999.0 -9999.0 -9999.0 -9999.0 -9999.0 -9999.0 -9999.0 -9999.0 -202653.034292 -103549.916491 -147950.076411 -505267.520066 -1721.561127 -444495.251576 -132972.486978 -102782.142067 -1049.206344 -1752.072659 -3399.657913 -876.127958 -1468.806832 -1118.417623 -1344.918466 -1494.752065 -1241.814301 -2116.692414 -600.350235 -158474.221701 -679919.010011 -193306.344411 -256974.940581 -748.527699 -285090.035112 -234479.088729 -742.157222 -134.785917 -1114.598571 -177.060871 -3120.421387 -102319.716802 -77688.620762 -244342.794321 -41900.882063 -111172.463285 -206000.287264 -50546.924693 -437834.181350 -123546.422257 -328268.737056 -641.242382 -740.459749 -395.712647 -354838.436439 -570491.288285 -166213.964521 -920.211129
-9999.0 -9999.0 -9999.0 -9999.0 -9999.0 -9999.0 -9999.0 -9999.0 -590954.785084 -70216.297211 -98454.733911 -665245.148153 -70068.130833 -218548.450166 -38658.681867 -523.524327 -12700.655227 -3225.473411 -990.056929 -1534.263144 -1435.009525 -1411.850265 -1103.140190 -1127.749500 -1395.163488 -1074.963105 -2080.327064 -252389.419160 -1411.174114 -89167.714063 -129172.107395 -59063.434663 -27564.996837 -349.974807 -150182.124548 -146.225305 -160.923689 -2341.671157 -281.435031 -7875.549157 -628.186226 -259.475109 -255.848642 -169803.533874 -116340.892128 -240796.520718 -78649.864363 -193237.971938 -166984.992107 -155588.437775 -618.814759 -1037.144327 -473.745425 -163242.704010 4.911349 -474.782732
-9999.0 -9999.0 -9999.0 -9999.0 -9999.0 -9999.0 -9999.0 -9999.0 -576609.033039 -49199.605353 -321679.515755 -199597.088529 -54390.363588 -8575.610786 -305.023918 -896.461046 -769.517384 -1761.280581 -1175.207844 -2157.475257 -1586.953760 -1343.025244 -1401.431587 -1414.768434 -1612.638706 -1022.990249 -141222.629485 -18281.924945 -765.434256 -42.453650 -36646.830642 -469.885781 -12076.736931 -781.029659 -5592.265356 -16865.136123 -22792.432334 -3074.743169 -14228.628238 -1116.767353 -8458.551431 -152504.912457 -4342.371960 -127679.714586 -142981.400878 -132.929068 -59090.519888 -5130.049475 -72451.230294 -541.016533 -10595.039867 -1216.910694 -1038.070382 -932.125882 -652.033335 -627.264581
