user2019/resources/simulation/Vinschgau/output-maps/ETN0832.asc
ncols         63
nrows         48
xllcorner     598000.000000
yllcorner     5145000.000000
cellsize      1000.000000
NODATA_value  -9999.0
[rows 0 to 27 of 48, columns 0 to 62 of 63]
-9999.0 -9999.0 -9999.0 -9999.0 -9999.0 -9999.0 -9999.0 -9999.0 -9999.0 -9999.0 -9999.0 -9999.0 -9999.0 -9999.0 -9999.0 -9999.0 -9999.0 -9999.0 -9999.0 -9999.0 -9999.0 -9999.0 -9999.0 -9999.0 -9999.0 -9999.0 -9999.0 -9999.0 -9999.0 -9999.0 -9999.0 -9999.0 -9999.0 -9999.0 -9999.0 -9999.0 -9999.0 -9999.0 -9999.0 -9999.0 -9999.0 -9999.0 -9999.0 -9999.0 -9999.0 -9999.0 -9999.0 -9999.0 -9999.0 -9999.0 -9999.0 -9999.0 -9999.0 -9999.0 -9999.0 -9999.0 -9999.0 -9999.0 -9999.0 -9999.0 -9999.0 -9999.0 -9999.0
-9999.0 -9999.0 -9999.0 -9999.0 -9999.0 -9999.0 -9999.0 -9999.0 -9999.0 -9999.0 -9999.0 -9999.0 -9999.0 -9999.0 -9999.0 -9999.0 -9999.0 -9999.0 -9999.0 -9999.0 -9999.0 -9999.0 -9999.0 -9999.0 -9999.0 -9999.0 -9999.0 -0.072112 -0.194690 -0.073249 -0.191772 -0.187076 -0.128751 -9999.0 -9999.0 -9999.0 -9999.0 -9999.0 -9999.0 -9999.0 -9999.0 -9999.0 -9999.0 -9999.0 -9999.0 -9999.0 -9999.0 -9999.0 -9999.0 -9999.0 -9999.0 -9999.0 -9999.0 -9999.0 -9999.0 -9999.0 -9999.0 -9999.0 -9999.0 -9999.0 -9999.0 -9999.0 -9999.0
-9999.0 -9999.0 -9999.0 -9999.0 -9999.0 -9999.0 -9999.0 -9999.0 -9999.0 -9999.0 -9999.0 -9999.0 -9999.0 -9999.0 -9999.0 -9999.0 -9999.0 -9999.0 -9999.0 -9999.0 -9999.0 -9999.0 -9999.0 -9999.0 -0.200547 -0.200833 -0.202342 -0.199852 -0.067586 -0.092522 -0.190791 -9999.0 -9999.0 -9999.0 -9999.0 -9999.0 -9999.0 -9999.0 -9999.0 -9999.0 -9999.0 -9999.0 -9999.0 -9999.0 -9999.0 -9999.0 -9999.0 -9999.0 -9999.0 -9999.0 -9999.0 -9999.0 -9999.0 -9999.0 -9999.0 -9999.0 -9999.0 -9999.0 -9999.0 -9999.0 -9999.0 -9999.0 -9999.0
-9999.0 -9999.0 -9999.0 -9999.0 -9999.0 -9999.0 -9999.0 -9999.0 -9999.0 -9999.0 -9999.0 -9999.0 -9999.0 -9999.0 -9999.0 -9999.0 -9999.0 -9999.0 -9999.0 -9999.0 -9999.0 -9999.0 -9999.0 -0.202152 -0.202269 0.166852 0.199635 0.163813 0.240099 -0.201063 -0.191190 -0.175736 -9999.0 -9999.0 -9999.0 -9999.0 -9999.0 -9999.0 -9999.0 -9999.0 -9999.0 -9999.0 -9999.0 -9999.0 -9999.0 -9999.0 -9999.0 -9999.0 -9999.0 -9999.0 -9999.0 -9999.0 -9999.0 -9999.0 -9999.0 -9999.0 -9999.0 -9999.0 -9999.0 -9999.0 -9999.0 -9999.0 -9999.0
-9999.0 -9999.0 -9999.0 -9999.0 -9999.0 -9999.0 -9999.0 -9999.0 -9999.0 -9999.0 -9999.0 -9999.0 -9999.0 -9999.0 -9999.0 -9999.0 -9999.0 -9999.0 -0.071270 -0.206000 -9999.0 -0.204789 -0.203831 0.079333 0.156250 0.100524 -0.061399 -0.080913 0.090354 -0.174509 -0.200104 -0.192451 -0.068723 -0.055157 -9999.0 -9999.0 -9999.0 -9999.0 -9999.0 -9999.0 -9999.0 -9999.0 -9999.0 -9999.0 -9999.0 -9999.0 -9999.0 -9999.0 -9999.0 -9999.0 -9999.0 -9999.0 -9999.0 -9999.0 -9999.0 -9999.0 -9999.0 -9999.0 -9999.0 -9999.0 -9999.0 -9999.0 -9999.0
-9999.0 -9999.0 -9999.0 -9999.0 -9999.0 -9999.0 -9999.0 -9999.0 -9999.0 -9999.0 -9999.0 -9999.0 -9999.0 -9999.0 -9999.0 -9999.0 -9999.0 0.121459 0.246141 0.045395 -0.077840 -0.211636 -0.177285 -0.060058 -0.049014 -0.088480 -0.302903 -0.217404 -0.286792 -0.052112 -0.033464 -0.045472 -0.053292 -0.072264 -0.061914 -0.057754 -9999.0 -9999.0 -9999.0 -9999.0 -9999.0 -9999.0 -9999.0 -9999.0 -9999.0 -9999.0 -9999.0 -9999.0 -9999.0 -9999.0 -9999.0 -9999.0 -9999.0 -9999.0 -9999.0 -9999.0 -9999.0 -9999.0 -9999.0 -9999.0 -9999.0 -9999.0 -9999.0
-9999.0 -9999.0 -9999.0 -9999.0 -9999.0 -9999.0 -9999.0 -9999.0 -9999.0 -9999.0 -9999.0 -9999.0 -9999.0 -0.202953 -0.041510 0.205802 0.082819 0.009808 0.115899 0.084583 0.097492 0.033293 0.101113 -0.047108 -0.154195 -0.204620 -0.083714 -0.225520 -0.225751 -0.215079 0.068503 -0.042847 -0.123978 -0.142856 -0.156578 -0.056677 -9999.0 -9999.0 -9999.0 -9999.0 -9999.0 -9999.0 -9999.0 -9999.0 -9999.0 -9999.0 -9999.0 -9999.0 -9999.0 -9999.0 -9999.0 -9999.0 -9999.0 -9999.0 -9999.0 -9999.0 -9999.0 -9999.0 -9999.0 -9999.0 -9999.0 -9999.0 -9999.0
-9999.0 -9999.0 -9999.0 -9999.0 -9999.0 -9999.0 -9999.0 -9999.0 -9999.0 -9999.0 -9999.0 -9999.0 -9999.0 -0.196561 0.154254 0.221638 0.101320 0.111359 0.008991 0.094341 0.091171 0.073803 0.274136 0.193231 -0.103648 -0.199924 -0.196894 -0.073653 -0.071885 -0.224465 -0.223502 -0.194424 -0.065815 0.000000 -0.061076 -9999.0 -9999.0 -9999.0 -9999.0 -9999.0 -9999.0 -9999.0 -9999.0 -9999.0 -9999.0 -9999.0 -9999.0 -9999.0 -9999.0 -9999.0 -9999.0 -9999.0 -9999.0 -9999.0 -9999.0 -9999.0 -9999.0 -9999.0 -9999.0 -9999.0 -9999.0 -9999.0 -9999.0
-9999.0 -9999.0 -9999.0 -9999.0 -9999.0 -9999.0 -9999.0 -9999.0 -9999.0 -9999.0 -9999.0 -9999.0 -9999.0 0.138631 0.169354 0.161236 0.177668 0.110677 -0.002256 0.101850 0.090772 -0.059747 -0.057851 -0.280582 -0.078387 -0.132411 -0.075397 -0.070729 -0.186424 0.000000 -0.180920 0.000000 0.000000 0.000000 -0.055838 -9999.0 -9999.0 -9999.0 -9999.0 -9999.0 -9999.0 -9999.0 -9999.0 -9999.0 -9999.0 -9999.0 -9999.0 -9999.0 -9999.0 -9999.0 -9999.0 -9999.0 -9999.0 -9999.0 -9999.0 -9999.0 -9999.0 -9999.0 -9999.0 -9999.0 -9999.0 -9999.0 -9999.0
-9999.0 -9999.0 -9999.0 -9999.0 -9999.0 -9999.0 -9999.0 -9999.0 -9999.0 -9999.0 -9999.0 -9999.0 -0.067121 0.174919 0.141194 0.030195 0.228071 0.230520 0.115748 0.031709 0.061605 -0.220571 -0.224179 -0.229952 0.081185 -0.197691 0.031013 -0.191673 -0.117036 -0.069298 0.000000 -0.067722 -0.173593 -0.052944 -9999.0 -9999.0 -9999.0 -9999.0 -9999.0 -9999.0 -9999.0 -9999.0 -9999.0 -9999.0 -9999.0 -9999.0 -9999.0 -9999.0 -9999.0 -9999.0 -9999.0 -9999.0 -9999.0 -9999.0 -9999.0 -9999.0 -9999.0 -9999.0 -9999.0 -9999.0 -9999.0 -9999.0 -9999.0
-9999.0 -9999.0 -9999.0 -9999.0 -9999.0 -9999.0 -9999.0 -9999.0 -9999.0 -9999.0 -9999.0 -0.204306 0.153240 0.232856 0.141050 -0.191512 0.038011 0.274034 0.142453 0.284474 0.198764 0.033611 -0.207079 -0.200347 -0.012500 -0.200513 -0.189583 -0.196617 -0.055612 -0.058676 -0.066816 -0.051908 -0.090306 -0.059186 -0.066261 -0.090897 -0.189001 -0.196042 -0.195953 -9999.0 -9999.0 -9999.0 -0.058571 -9999.0 -9999.0 -9999.0 -9999.0 -9999.0 -9999.0 -9999.0 -9999.0 -9999.0 -9999.0 -9999.0 -9999.0 -9999.0 -9999.0 -9999.0 -9999.0 -9999.0 -9999.0 -9999.0 -9999.0
-9999.0 -9999.0 -9999.0 -9999.0 -9999.0 -9999.0 -9999.0 -9999.0 -9999.0 -9999.0 -9999.0 -0.207796 0.209288 0.264471 0.257046 -0.209274 0.311850 0.223093 0.122792 0.129570 0.093768 -0.192494 -0.206736 -0.213474 -0.213799 -0.197459 -0.195640 -0.200690 -0.122893 -0.063558 -0.196374 -0.087277 -0.185466 -0.166976 -0.159078 -0.196538 -0.203930 -0.203636 -0.197793 -0.060396 -0.064265 -0.062559 -0.196825 -0.064863 -9999.0 -9999.0 -9999.0 -0.148104 -0.164449 -0.062138 -0.175292 -0.057573 -0.060361 -0.154008 -0.158924 -0.054744 -9999.0 -9999.0 -9999.0 -9999.0 -9999.0 -9999.0 -9999.0
-9999.0 -9999.0 -9999.0 -9999.0 -9999.0 -9999.0 -9999.0 -9999.0 -9999.0 -9999.0 -9999.0 -0.212203 -0.207944 -0.092816 -0.190682 -0.200041 0.069272 0.337455 0.136575 0.123763 0.329691 -0.148671 -0.217733 -0.202562 -0.197544 -0.073501 -0.215126 -0.049623 -0.073204 -0.172994 -0.071817 -0.092002 -0.201304 -0.180864 -0.069159 -0.202126 -0.057708 -0.044555 -0.204710 -0.071783 -0.200510 -0.186645 -0.203495 -0.199017 -0.178764 -9999.0 -0.053468 -0.178343 -0.192271 -0.195432 -0.193645 -0.072549 -0.187361 -0.184220 -0.179859 -0.164622 -9999.0 -9999.0 -9999.0 -9999.0 -9999.0 -9999.0 -9999.0
-9999.0 -9999.0 -9999.0 -9999.0 -9999.0 -9999.0 -9999.0 -9999.0 -9999.0 -9999.0 -9999.0 -9999.0 -0.206468 -0.222528 -0.200170 -0.199607 0.136157 0.265160 0.127269 0.132838 0.296296 -0.102933 -0.218056 -0.217535 -0.211258 -0.215598 0.091177 -0.199661 -0.195756 -0.069476 -0.196572 -0.076667 -0.200210 -0.191949 -0.186183 -0.199121 -0.215878 -0.016004 -0.191477 -0.202110 -0.207441 -0.076794 -0.071076 -0.207789 -0.070850 -0.165152 -0.064253 -0.180326 -0.205464 -0.213298 -0.213082 -0.060630 -0.011249 -0.018882 -0.094401 -0.183880 -0.177296 -9999.0 -9999.0 -9999.0 -9999.0 -9999.0 -9999.0
-9999.0 -9999.0 -9999.0 -9999.0 -9999.0 -9999.0 -9999.0 -9999.0 -9999.0 -9999.0 -9999.0 -0.223390 -0.209095 -0.208185 -0.059564 -0.174082 -0.014818 0.297968 0.117456 0.352690 0.296451 0.217006 -0.187575 -0.214843 -0.217062 -0.220677 -0.219185 -0.193410 -0.189258 -0.074678 -0.216362 -0.024620 -0.012883 -0.193806 -0.160864 -0.197771 -0.198906 -0.219488 -0.174153 -0.201134 -0.221597 -0.214573 -0.028028 -0.083064 -0.207696 -0.193710 -0.198365 -0.073930 -0.075089 -0.214605 -0.076434 -0.191886 0.000000 0.000000 0.000000 0.000000 -0.063615 -9999.0 -9999.0 -9999.0 -9999.0 -9999.0 -9999.0
-9999.0 -9999.0 -9999.0 -9999.0 -9999.0 -9999.0 -9999.0 -9999.0 -9999.0 -9999.0 0.063507 -0.223944 -0.208839 -0.208484 -0.196943 0.075502 0.082034 -0.003825 0.219994 0.352582 0.109550 0.005846 -0.300668 -0.194166 -0.205309 0.035118 -0.214494 -0.076952 -0.202474 -0.207750 0.068488 0.066679 -0.206893 -0.193889 -0.060099 -0.071940 -0.203556 -0.218367 -0.286243 -0.093919 -0.083819 0.024538 0.021192 0.314963 -0.220534 -0.074715 -0.199733 -0.217120 0.000821 -0.204326 -0.075628 -0.065663 0.000000 0.000000 0.000000 -0.189951 -0.190410 -9999.0 -9999.0 -9999.0 -9999.0 -9999.0 -9999.0
-9999.0 -9999.0 -9999.0 -9999.0 -9999.0 -9999.0 -9999.0 -9999.0 -9999.0 -0.199834 -0.196679 0.110314 -0.097773 -0.222439 -0.222869 -0.220503 -0.221777 -0.179169 0.261823 0.221037 0.119114 0.120316 0.060785 -0.066889 -0.135339 -0.303509 -0.215699 -0.210464 -0.224481 -0.210669 -0.129092 -0.298267 -0.073585 0.000000 -0.059900 -0.067143 -0.046114 -0.213779 -0.218972 -0.223103 -0.021327 -0.309636 -0.308971 0.262151 0.274441 -0.219332 -0.194382 -0.217877 -0.217855 -0.116420 -0.207902 -0.067436 0.000000 -0.054738 -0.061824 0.000000 0.000000 -0.069011 -0.063238 -9999.0 -9999.0 -9999.0 -9999.0
-9999.0 -9999.0 -9999.0 -9999.0 -9999.0 -9999.0 -9999.0 -9999.0 -9999.0 -0.077431 -0.186684 -0.194884 0.056830 -0.195043 -0.221530 -0.219822 -0.193261 -0.044704 0.266410 0.131028 0.126379 0.095057 0.058441 -0.175625 -0.302793 -0.221523 -0.228152 -0.215751 -0.062108 -0.184458 -0.200552 -0.300734 -0.201156 -0.181947 -0.196326 -0.070990 -0.073867 -0.076011 -0.200245 -0.209889 -0.220333 -0.216064 -0.222703 -0.007240 0.330204 0.122748 0.110162 -0.076122 -0.195505 -0.108820 -0.289471 -0.181291 -0.056505 -0.154931 -0.134966 0.000000 0.000000 0.000000 -0.073581 -9999.0 -9999.0 -9999.0 -9999.0
-9999.0 -9999.0 -9999.0 -9999.0 -9999.0 -9999.0 -9999.0 -9999.0 -9999.0 -9999.0 -0.184808 -0.193929 -0.218143 0.367984 -0.158380 -0.219273 -0.196843 0.118678 0.286859 0.199876 0.137009 0.264294 -0.109612 -0.290668 -0.219223 -0.223270 -0.129190 0.043437 -0.202708 -0.308848 -0.304212 -0.072817 -0.203837 -0.189760 -0.203320 -0.081172 -0.208813 -0.208545 -0.074187 -0.199901 -0.197331 -0.209061 0.014184 -0.221177 -0.031155 0.025293 0.272520 0.071946 0.125468 -0.119997 -0.297282 -0.210659 -0.060958 -0.057238 -0.153799 -0.176510 -0.146782 -0.046206 -0.048598 -0.223850 -9999.0 -9999.0 -9999.0
-9999.0 -9999.0 -9999.0 -9999.0 -9999.0 -9999.0 -9999.0 -9999.0 -9999.0 -9999.0 -0.182861 -0.189077 -0.194237 -0.216618 -0.065561 0.051628 -0.005215 0.248569 0.325919 0.141046 0.125022 0.225407 -0.175461 -0.204945 -0.214406 -0.079912 0.060353 -0.036640 -0.318089 -0.207626 -0.201312 -0.096041 -0.078472 -0.180851 -0.200184 -0.207134 0.071395 -0.224202 -0.215104 -0.191733 -0.201275 -0.085445 -0.057728 -0.206443 -0.207716 -0.303986 -0.204874 -0.029678 0.346076 0.117804 -0.164897 -0.218408 -0.196343 -0.062896 -0.054330 -0.057386 -0.175540 -0.228943 0.318806 0.023280 -9999.0 -9999.0 -9999.0
-9999.0 -9999.0 -9999.0 -9999.0 -9999.0 -9999.0 -9999.0 -9999.0 -0.204268 -0.196809 -0.174093 -0.194128 -0.059524 -0.042487 -0.285894 0.323580 0.207793 0.109034 0.205208 0.104239 0.121172 0.205256 0.256135 0.186401 -0.075441 0.125415 -0.103124 -0.333533 -0.226708 -0.207889 0.000000 -0.201336 -0.200807 -0.183789 -0.202623 -0.203018 -0.205104 -0.223914 -0.302297 -0.071445 -0.076031 -0.210518 -0.079096 -0.073750 -0.076845 0.046690 -0.297469 -0.222235 -0.002514 0.117959 -0.106422 -0.311352 -0.209632 -0.172870 -0.058927 -0.180431 -0.069693 -0.221033 -0.077257 0.644493 -9999.0 -9999.0 -9999.0
-9999.0 -9999.0 -9999.0 -9999.0 -9999.0 -9999.0 -9999.0 -9999.0 0.034961 -0.217037 -0.210426 -0.178196 -0.189607 -0.005586 -0.303645 0.019355 0.236377 0.242849 0.118248 0.116767 0.165972 0.176903 0.148192 0.117976 0.232461 0.271789 0.181261 -0.238086 -0.081357 -0.190943 -0.181678 -0.073143 -0.081374 -0.074607 -0.207112 -0.211249 0.015455 0.121793 -0.227681 -0.209661 -0.201933 0.000000 -0.075331 -0.206703 -0.036431 -0.219845 -0.078557 -0.205154 -0.224922 0.273159 0.091715 -0.234120 -0.287972 -0.174629 -0.196415 0.000000 -0.235266 -0.222780 0.096300 0.193037 0.108857 -9999.0 -9999.0
-9999.0 -9999.0 -9999.0 -9999.0 -9999.0 -9999.0 -9999.0 -9999.0 -0.199545 -0.054359 -0.195850 -0.201222 -0.126820 -0.080099 -0.222298 -0.303961 0.055363 0.123725 0.132571 0.152853 0.121003 0.176079 0.176584 0.153996 0.123665 0.279853 0.120808 -0.315077 -0.078019 -0.201045 -0.075558 -0.210109 -0.216599 -0.216988 -0.213473 -0.016987 -0.207409 0.339897 -0.199744 -0.230782 -0.210720 -0.077055 -0.209457 -0.059653 -0.219105 -0.206319 -0.070798 -0.202049 -0.218681 -0.089147 0.312994 -0.140794 0.000000 -0.286819 0.000000 0.000000 0.027200 0.088182 0.159260 0.314592 0.198623 -9999.0 -9999.0
-9999.0 -9999.0 -9999.0 -9999.0 -9999.0 -9999.0 -9999.0 -9999.0 -0.066709 -0.206914 0.070609 -0.077824 -0.152846 -0.223929 -0.308829 0.106747 0.211096 0.155119 0.133960 0.127869 0.128949 0.144420 0.160829 0.100771 0.208587 0.224995 -0.288227 -0.304422 -0.210940 -0.222302 -0.221228 -0.224134 -0.206070 -0.041430 -0.230086 -0.214317 -0.165465 0.301017 0.202919 -0.231871 -0.219255 -0.216572 -0.213510 -0.077905 -0.205043 -0.075470 -0.203411 -0.077128 -0.202255 -0.227050 -0.064483 0.246036 -0.138050 0.000000 -0.108151 0.036040 0.098994 0.659113 0.441279 0.193419 0.153212 0.231228 -9999.0
-9999.0 -9999.0 -9999.0 -9999.0 -9999.0 -9999.0 -9999.0 -9999.0 -0.168873 -0.208716 0.106941 -0.309694 -0.132069 -0.305742 -0.186032 0.110610 0.084451 0.266917 0.197822 0.254970 0.160825 0.181798 0.134191 0.116093 0.080776 0.018044 -0.305974 -0.220035 -0.155563 -0.003175 -0.308287 -0.120537 0.119126 0.052201 -0.116229 0.020139 0.096914 0.355113 0.342416 0.090979 -0.097823 -0.127033 -0.091278 -0.188251 -0.221596 -0.209220 -0.222878 -0.222633 -0.226462 -0.138397 0.061594 0.144800 0.165699 0.025797 0.069855 0.106218 0.104239 0.147152 0.178692 0.156647 0.305951 0.218574 -9999.0
-9999.0 -9999.0 -0.195083 -0.201405 0.049179 -0.215181 -0.080919 -0.211511 -0.188458 -0.200770 -0.225084 0.147941 -0.307142 -0.153200 0.027698 0.079468 -0.107505 -0.302771 -0.219503 0.047740 0.239493 0.354301 0.247340 0.084694 0.115246 0.196776 -0.007418 0.056638 0.317016 -0.024117 -0.106134 0.157638 0.196905 0.334489 0.153495 0.304983 0.196579 0.388683 0.353717 0.277387 0.133132 0.152598 0.391757 0.126962 0.015603 -0.118810 0.103780 0.290396 0.111920 0.126179 0.125027 0.102753 0.089481 0.061648 0.053320 0.035607 0.089737 0.111483 0.113682 0.287818 0.050082 0.193698 -9999.0
-9999.0 -0.216200 -0.215123 -0.215241 -0.214310 -0.052922 -0.080918 -0.210364 -0.196396 -0.187234 -0.222584 -0.319004 -0.080700 -0.067298 -0.131123 -0.322957 -0.224767 -0.217826 -0.217562 -0.053553 0.225175 0.357567 0.232878 0.502826 0.098677 0.111163 0.076894 0.092656 0.178316 0.159222 0.128912 0.142572 0.218967 0.180606 0.245369 0.264722 0.298853 0.312816 0.310859 0.254601 0.236610 0.256294 0.247713 0.346755 0.281481 0.281602 0.190741 0.382799 0.206009 0.495292 0.162911 0.126993 0.090490 0.053002 0.044651 0.036674 0.142335 0.186535 0.061228 -0.129611 0.131972 0.191401 -9999.0
-9999.0 -0.075175 0.020039 -0.216803 -0.192653 0.014551 -0.294507 -0.203493 -0.184254 -0.180756 -0.215723 -0.317137 0.057967 -0.124070 -0.320424 -0.309798 -0.210954 -0.217246 -0.221335 -0.043239 -0.011829 0.331822 0.351858 0.250002 0.111139 0.105470 0.065031 0.074957 0.220550 0.318454 0.130544 0.171071 0.284389 0.314756 0.239966 0.369201 0.250216 0.256718 0.413387 0.362249 0.371049 0.374819 0.341011 0.241594 0.092854 0.169304 0.261070 0.271858 0.247380 0.212377 0.142738 0.226125 0.161192 0.201758 0.137970 -0.284411 -0.262883 -0.295903 -0.253236 -0.323058 -0.234796 -9999.0 -9999.0
