user2019/resources/simulation/Vinschgau/output-maps/ETN0515.asc
ncols         63
nrows         48
xllcorner     598000.000000
yllcorner     5145000.000000
cellsize      1000.000000
NODATA_value  -9999.0
[rows 0 to 28 of 48, columns 0 to 62 of 63]
-9999.0 -9999.0 -9999.0 -9999.0 -9999.0 -9999.0 -9999.0 -9999.0 -9999.0 -9999.0 -9999.0 -9999.0 -9999.0 -9999.0 -9999.0 -9999.0 -9999.0 -9999.0 -9999.0 -9999.0 -9999.0 -9999.0 -9999.0 -9999.0 -9999.0 -9999.0 -9999.0 -9999.0 -9999.0 -9999.0 -9999.0 -9999.0 -9999.0 -9999.0 -9999.0 -9999.0 -9999.0 -9999.0 -9999.0 -9999.0 -9999.0 -9999.0 -9999.0 -9999.0 -9999.0 -9999.0 -9999.0 -9999.0 -9999.0 -9999.0 -9999.0 -9999.0 -9999.0 -9999.0 -9999.0 -9999.0 -9999.0 -9999.0 -9999.0 -9999.0 -9999.0 -9999.0 -9999.0
-9999.0 -9999.0 -9999.0 -9999.0 -9999.0 -9999.0 -9999.0 -9999.0 -9999.0 -9999.0 -9999.0 -9999.0 -9999.0 -9999.0 -9999.0 -9999.0 -9999.0 -9999.0 -9999.0 -9999.0 -9999.0 -9999.0 -9999.0 -9999.0 -9999.0 -9999.0 -9999.0 1.113524 2.215944 3.407009 2.624315 1.805949 2.585077 -9999.0 -9999.0 -9999.0 -9999.0 -9999.0 -9999.0 -9999.0 -9999.0 -9999.0 -9999.0 -9999.0 -9999.0 -9999.0 -9999.0 -9999.0 -9999.0 -9999.0 -9999.0 -9999.0 -9999.0 -9999.0 -9999.0 -9999.0 -9999.0 -9999.0 -9999.0 -9999.0 -9999.0 -9999.0 -9999.0
-9999.0 -9999.0 -9999.0 -9999.0 -9999.0 -9999.0 -9999.0 -9999.0 -9999.0 -9999.0 -9999.0 -9999.0 -9999.0 -9999.0 -9999.0 -9999.0 -9999.0 -9999.0 -9999.0 -9999.0 -9999.0 -9999.0 -9999.0 -9999.0 2.187549 2.270819 2.476654 2.184970 3.075362 3.492175 2.344163 -9999.0 -9999.0 -9999.0 -9999.0 -9999.0 -9999.0 -9999.0 -9999.0 -9999.0 -9999.0 -9999.0 -9999.0 -9999.0 -9999.0 -9999.0 -9999.0 -9999.0 -9999.0 -9999.0 -9999.0 -9999.0 -9999.0 -9999.0 -9999.0 -9999.0 -9999.0 -9999.0 -9999.0 -9999.0 -9999.0 -9999.0 -9999.0
-9999.0 -9999.0 -9999.0 -9999.0 -9999.0 -9999.0 -9999.0 -9999.0 -9999.0 -9999.0 -9999.0 -9999.0 -9999.0 -9999.0 -9999.0 -9999.0 -9999.0 -9999.0 -9999.0 -9999.0 -9999.0 -9999.0 -9999.0 2.145743 2.256244 2.203768 2.228789 2.062669 4.453561 2.605603 2.451896 2.396268 -9999.0 -9999.0 -9999.0 -9999.0 -9999.0 -9999.0 -9999.0 -9999.0 -9999.0 -9999.0 -9999.0 -9999.0 -9999.0 -9999.0 -9999.0 -9999.0 -9999.0 -9999.0 -9999.0 -9999.0 -9999.0 -9999.0 -9999.0 -9999.0 -9999.0 -9999.0 -9999.0 -9999.0 -9999.0 -9999.0 -9999.0
-9999.0 -9999.0 -9999.0 -9999.0 -9999.0 -9999.0 -9999.0 -9999.0 -9999.0 -9999.0 -9999.0 -9999.0 -9999.0 -9999.0 -9999.0 -9999.0 -9999.0 -9999.0 2.762611 2.543180 -9999.0 2.141500 2.215301 2.512379 2.556051 0.759511 1.903041 2.101795 2.836969 2.450713 2.587084 2.477326 1.233029 1.113038 -9999.0 -9999.0 -9999.0 -9999.0 -9999.0 -9999.0 -9999.0 -9999.0 -9999.0 -9999.0 -9999.0 -9999.0 -9999.0 -9999.0 -9999.0 -9999.0 -9999.0 -9999.0 -9999.0 -9999.0 -9999.0 -9999.0 -9999.0 -9999.0 -9999.0 -9999.0 -9999.0 -9999.0 -9999.0
-9999.0 -9999.0 -9999.0 -9999.0 -9999.0 -9999.0 -9999.0 -9999.0 -9999.0 -9999.0 -9999.0 -9999.0 -9999.0 -9999.0 -9999.0 -9999.0 -9999.0 2.919660 3.952800 1.010104 1.342683 3.104946 2.744368 2.279981 2.140496 3.381219 4.033430 3.306097 3.770450 3.510168 4.027104 3.799442 3.794362 1.491939 1.111931 3.053134 -9999.0 -9999.0 -9999.0 -9999.0 -9999.0 -9999.0 -9999.0 -9999.0 -9999.0 -9999.0 -9999.0 -9999.0 -9999.0 -9999.0 -9999.0 -9999.0 -9999.0 -9999.0 -9999.0 -9999.0 -9999.0 -9999.0 -9999.0 -9999.0 -9999.0 -9999.0 -9999.0
-9999.0 -9999.0 -9999.0 -9999.0 -9999.0 -9999.0 -9999.0 -9999.0 -9999.0 -9999.0 -9999.0 -9999.0 -9999.0 1.811836 3.174403 3.433258 3.070576 1.054097 3.066287 2.393301 2.652500 1.983824 1.514511 2.542321 3.624588 2.198653 0.926293 3.152642 3.027104 3.282127 3.710409 3.008802 3.236224 2.740300 3.084584 1.089997 -9999.0 -9999.0 -9999.0 -9999.0 -9999.0 -9999.0 -9999.0 -9999.0 -9999.0 -9999.0 -9999.0 -9999.0 -9999.0 -9999.0 -9999.0 -9999.0 -9999.0 -9999.0 -9999.0 -9999.0 -9999.0 -9999.0 -9999.0 -9999.0 -9999.0 -9999.0 -9999.0
-9999.0 -9999.0 -9999.0 -9999.0 -9999.0 -9999.0 -9999.0 -9999.0 -9999.0 -9999.0 -9999.0 -9999.0 -9999.0 2.020699 3.206391 3.366282 2.872649 2.212864 1.180777 1.755444 2.433039 1.940602 3.400154 3.314716 3.220939 3.303305 2.485594 3.079804 0.892672 3.048549 3.890679 1.929299 2.864271 2.589020 2.841354 -9999.0 -9999.0 -9999.0 -9999.0 -9999.0 -9999.0 -9999.0 -9999.0 -9999.0 -9999.0 -9999.0 -9999.0 -9999.0 -9999.0 -9999.0 -9999.0 -9999.0 -9999.0 -9999.0 -9999.0 -9999.0 -9999.0 -9999.0 -9999.0 -9999.0 -9999.0 -9999.0 -9999.0
-9999.0 -9999.0 -9999.0 -9999.0 -9999.0 -9999.0 -9999.0 -9999.0 -9999.0 -9999.0 -9999.0 -9999.0 -9999.0 3.094518 3.319534 2.924857 3.397504 3.166374 1.061546 3.718788 2.584061 1.031266 3.939178 3.844264 3.168830 3.261756 1.135081 1.064519 2.237032 0.814264 3.041508 0.781575 2.549996 0.000000 2.258189 -9999.0 -9999.0 -9999.0 -9999.0 -9999.0 -9999.0 -9999.0 -9999.0 -9999.0 -9999.0 -9999.0 -9999.0 -9999.0 -9999.0 -9999.0 -9999.0 -9999.0 -9999.0 -9999.0 -9999.0 -9999.0 -9999.0 -9999.0 -9999.0 -9999.0 -9999.0 -9999.0 -9999.0
-9999.0 -9999.0 -9999.0 -9999.0 -9999.0 -9999.0 -9999.0 -9999.0 -9999.0 -9999.0 -9999.0 -9999.0 2.823699 3.260003 3.501004 3.594429 3.522714 3.203415 1.942098 0.839841 3.022502 3.363673 2.494913 3.025964 4.296881 2.153386 4.171543 2.432256 3.533072 2.983853 1.734785 0.963530 3.537953 3.007070 -9999.0 -9999.0 -9999.0 -9999.0 -9999.0 -9999.0 -9999.0 -9999.0 -9999.0 -9999.0 -9999.0 -9999.0 -9999.0 -9999.0 -9999.0 -9999.0 -9999.0 -9999.0 -9999.0 -9999.0 -9999.0 -9999.0 -9999.0 -9999.0 -9999.0 -9999.0 -9999.0 -9999.0 -9999.0
-9999.0 -9999.0 -9999.0 -9999.0 -9999.0 -9999.0 -9999.0 -9999.0 -9999.0 -9999.0 -9999.0 2.750666 3.369726 3.998819 3.559370 1.828886 0.772100 3.512999 2.274323 2.696139 3.112820 3.045254 2.413365 1.677198 3.153490 3.265895 1.974987 2.072104 3.549026 1.039926 0.930414 2.686875 3.473407 1.163876 0.975581 1.762827 1.041758 0.502335 0.479074 -9999.0 -9999.0 -9999.0 0.958964 -9999.0 -9999.0 -9999.0 -9999.0 -9999.0 -9999.0 -9999.0 -9999.0 -9999.0 -9999.0 -9999.0 -9999.0 -9999.0 -9999.0 -9999.0 -9999.0 -9999.0 -9999.0 -9999.0 -9999.0
-9999.0 -9999.0 -9999.0 -9999.0 -9999.0 -9999.0 -9999.0 -9999.0 -9999.0 -9999.0 -9999.0 3.352933 3.272610 4.215438 3.707481 1.370463 3.116168 2.819401 1.983870 4.024217 2.849114 2.657725 2.345170 2.018379 3.010956 2.262896 2.033362 2.883847 3.417340 1.143575 2.492168 3.655569 2.421402 2.195340 1.548900 1.906979 0.556265 0.159857 0.173761 1.121795 1.107657 0.834712 1.810172 1.189332 -9999.0 -9999.0 -9999.0 1.701545 1.842188 1.513078 2.260636 1.118535 1.045732 2.087702 2.625078 1.026284 -9999.0 -9999.0 -9999.0 -9999.0 -9999.0 -9999.0 -9999.0
-9999.0 -9999.0 -9999.0 -9999.0 -9999.0 -9999.0 -9999.0 -9999.0 -9999.0 -9999.0 -9999.0 3.281450 1.475892 2.204021 2.231983 1.671470 2.327684 3.358748 3.457332 3.060281 4.219327 2.960718 2.642479 2.409162 2.019141 0.949388 2.174503 3.078158 1.145972 2.278664 0.867986 2.351890 2.574190 2.363125 0.962896 1.710241 0.245354 0.081983 0.079010 0.043111 0.308211 1.398903 1.946131 2.473226 2.349131 -9999.0 0.875692 1.715013 2.115966 3.085787 3.155960 3.477451 2.376524 2.326530 3.279513 2.363918 -9999.0 -9999.0 -9999.0 -9999.0 -9999.0 -9999.0 -9999.0
-9999.0 -9999.0 -9999.0 -9999.0 -9999.0 -9999.0 -9999.0 -9999.0 -9999.0 -9999.0 -9999.0 -9999.0 2.669537 2.936098 2.326548 1.964116 2.262566 2.471067 3.041534 3.112772 3.288666 3.383787 3.315693 3.369975 2.501671 2.151625 3.704862 2.204199 2.243753 1.065035 1.998913 2.533598 2.564127 2.376615 1.642777 1.581404 0.196165 0.081170 0.090889 0.139244 0.274581 1.032654 2.213607 2.616725 1.239556 2.243047 1.008608 1.838362 2.418941 2.942712 2.454717 2.782135 3.285655 2.773590 1.365489 2.871696 2.385726 -9999.0 -9999.0 -9999.0 -9999.0 -9999.0 -9999.0
-9999.0 -9999.0 -9999.0 -9999.0 -9999.0 -9999.0 -9999.0 -9999.0 -9999.0 -9999.0 -9999.0 2.937742 1.635505 1.727463 2.731820 2.737332 2.713954 3.123531 2.997537 3.612959 3.856433 3.879892 3.490575 2.720764 2.155142 2.821980 2.708380 2.192391 2.041465 1.049679 2.211974 2.925526 3.811265 2.446398 1.426157 1.842193 0.279198 0.068715 0.262213 0.142919 0.223703 1.259659 2.923403 1.243859 2.690453 2.454442 3.045750 1.080788 0.967300 1.587250 1.758328 2.048470 1.415989 1.639504 1.630726 0.742508 3.373600 -9999.0 -9999.0 -9999.0 -9999.0 -9999.0 -9999.0
-9999.0 -9999.0 -9999.0 -9999.0 -9999.0 -9999.0 -9999.0 -9999.0 -9999.0 -9999.0 2.510059 2.959603 2.353559 1.962676 1.978255 2.801851 2.724042 2.065954 2.433039 3.193347 4.000270 3.837006 2.485397 2.243163 2.664308 3.169221 2.538441 1.225778 2.188539 2.157314 2.745174 3.272121 2.390171 2.348320 1.036544 0.852690 1.699395 0.387269 1.224725 1.508919 0.698245 0.543044 0.615308 3.216219 3.049616 1.324042 2.029908 2.737474 3.050734 3.028339 0.850561 2.882969 1.614590 0.892955 0.801249 2.854767 3.543074 -9999.0 -9999.0 -9999.0 -9999.0 -9999.0 -9999.0
-9999.0 -9999.0 -9999.0 -9999.0 -9999.0 -9999.0 -9999.0 -9999.0 -9999.0 1.688969 2.507825 2.634893 3.196012 2.349577 2.876349 2.891737 1.722302 1.919730 2.553695 2.997349 4.002408 2.465833 2.170155 2.506085 2.616582 2.311085 2.685154 2.117020 2.203446 2.505452 2.913089 2.293704 1.076418 0.952315 0.924920 0.883044 2.554617 2.342798 1.557468 2.188125 2.930635 2.378052 1.594212 1.767807 2.558926 2.712344 2.543479 2.511384 2.089502 2.784503 2.884850 3.431773 2.437075 0.850564 0.875626 0.916342 1.329061 1.259397 1.176839 -9999.0 -9999.0 -9999.0 -9999.0
-9999.0 -9999.0 -9999.0 -9999.0 -9999.0 -9999.0 -9999.0 -9999.0 -9999.0 3.280508 2.688002 2.121374 2.610693 2.423857 2.584013 2.076340 2.052850 2.155130 2.862333 1.898457 2.298646 2.188522 2.555512 2.919178 2.322222 2.122710 2.274773 2.319433 2.281285 2.251919 3.214253 2.896219 3.236625 2.378422 2.103821 1.079771 1.070918 1.071698 1.507287 1.695080 2.355032 1.729785 1.918892 2.030775 2.939317 2.628885 2.823233 2.579366 2.246860 2.808840 2.376493 1.427155 3.128194 2.173830 2.335289 0.925231 2.584804 3.357572 1.287238 -9999.0 -9999.0 -9999.0 -9999.0
-9999.0 -9999.0 -9999.0 -9999.0 -9999.0 -9999.0 -9999.0 -9999.0 -9999.0 -9999.0 1.866996 2.410290 2.258364 3.421723 2.311064 2.628170 2.090259 2.404876 3.165717 2.702891 2.666851 2.515225 2.999434 2.442789 1.963900 2.187186 2.387868 2.781056 3.110773 2.411144 1.954414 3.394802 2.281279 1.674048 2.838322 3.040742 2.225404 2.666740 1.236118 1.785723 1.258937 1.783975 2.162870 1.985139 2.439193 3.022633 2.260415 2.139440 2.831666 2.901537 3.097168 2.806210 1.183417 1.087389 1.635275 2.216587 1.960477 2.426170 3.074392 2.490850 -9999.0 -9999.0 -9999.0
-9999.0 -9999.0 -9999.0 -9999.0 -9999.0 -9999.0 -9999.0 -9999.0 -9999.0 -9999.0 2.576516 2.574949 1.685011 2.493999 2.317458 2.853317 2.305707 2.843440 2.695260 2.816972 2.714654 2.668966 2.752663 2.806001 2.296528 2.219288 2.700793 3.980145 3.322494 2.131645 1.767133 2.489573 2.129131 2.214489 1.631890 2.170748 3.018384 3.574310 2.772404 2.193272 1.776558 2.696692 2.979278 1.721579 1.822552 2.207989 2.170374 2.392138 3.174667 2.923606 3.046128 3.392674 1.187526 3.265947 1.145364 0.959008 1.291014 1.539468 3.063609 3.317036 -9999.0 -9999.0 -9999.0
-9999.0 -9999.0 -9999.0 -9999.0 -9999.0 -9999.0 -9999.0 -9999.0 3.251539 2.439289 1.744127 2.318717 2.425111 2.586910 3.146261 2.938175 2.695869 1.902279 2.448256 2.598138 2.139421 2.596853 2.713083 2.527176 2.292467 2.475085 3.926156 3.197102 3.219591 2.846385 0.773683 2.414978 2.259232 1.823318 2.612918 1.257021 1.818705 3.739088 2.394895 1.214433 1.683912 2.381707 1.847420 0.756246 0.984815 2.365442 2.322729 1.932634 2.067658 2.137286 3.771062 2.810990 3.394487 2.929283 0.942755 2.068997 1.069416 1.913539 2.085571 3.469324 -9999.0 -9999.0 -9999.0
-9999.0 -9999.0 -9999.0 -9999.0 -9999.0 -9999.0 -9999.0 -9999.0 2.405061 2.997507 1.369698 1.716134 1.594736 2.032408 2.180186 2.520855 2.930997 2.271944 1.995906 2.365459 2.064320 1.837393 2.121115 2.406262 2.008950 3.388860 4.276278 3.449389 2.122758 2.406381 2.040031 1.114347 3.383397 1.068826 3.022433 1.972433 2.803579 3.673656 2.852690 2.467914 2.069512 1.397510 0.904742 1.945100 2.741479 3.114588 1.084239 1.636083 1.628010 2.717620 3.040201 3.695863 3.225885 1.917877 2.001112 1.746843 2.189142 2.117830 2.167774 2.532675 1.757862 -9999.0 -9999.0
-9999.0 -9999.0 -9999.0 -9999.0 -9999.0 -9999.0 -9999.0 -9999.0 1.501974 2.452719 3.813352 1.002938 2.687249 0.245314 2.222880 2.248647 2.363051 2.302470 1.666345 1.929619 1.945153 1.696842 1.700462 2.638189 2.203152 3.114126 3.010835 2.823400 1.001999 2.305216 1.039368 2.919914 3.108151 2.388312 2.951345 3.194465 2.593668 2.544263 3.385152 3.146814 3.025136 0.859631 1.849768 2.507630 2.632046 2.114200 1.270570 1.981770 1.658795 1.885518 2.544920 3.620992 2.685637 1.790120 2.299209 2.968727 2.621372 2.644870 2.751878 3.017396 2.251235 -9999.0 -9999.0
-9999.0 -9999.0 -9999.0 -9999.0 -9999.0 -9999.0 -9999.0 -9999.0 0.612873 1.979685 3.538072 2.136080 3.050900 2.545797 2.776103 2.535021 2.614757 2.512520 2.085833 2.447138 2.287118 2.440702 1.767284 1.987814 3.435614 3.094996 3.022178 2.332885 2.183126 2.838056 2.452477 2.877078 2.540169 3.536394 2.710069 1.999210 1.907499 2.631210 3.440959 2.772266 2.487868 2.167837 2.816514 1.212413 2.355102 1.123660 2.178169 1.118880 1.772234 1.954119 2.284086 2.595859 2.702384 2.133927 2.420898 3.019156 2.705079 4.368349 3.719628 2.451982 2.938170 3.280683 -9999.0
-9999.0 -9999.0 -9999.0 -9999.0 -9999.0 -9999.0 -9999.0 -9999.0 1.502613 2.258775 2.194418 2.565785 2.813056 3.416301 3.073101 3.006315 2.424018 2.967350 3.154983 2.519804 2.327708 2.458562 2.664091 1.906612 2.140693 2.852143 3.102881 2.480438 2.555811 3.632313 2.620930 2.882560 2.810890 3.586150 2.622759 2.237135 2.030863 2.777846 3.201210 3.273918 2.222293 2.280771 2.775927 2.582954 2.502670 2.203947 2.201982 2.746777 2.053021 2.188217 2.354329 2.454340 2.796854 1.959917 2.585187 2.750432 2.564730 2.698758 3.453624 3.209566 2.952694 3.233647 -9999.0
-9999.0 -9999.0 2.283579 2.219738 2.691940 1.202782 3.095204 1.464354 1.948858 2.505915 2.290724 3.787443 3.435515 2.857282 2.374874 2.476321 2.746143 2.712409 1.833510 2.702272 2.265100 3.167244 2.679889 2.752674 2.858312 2.608859 2.596173 2.487173 3.568591 4.105836 2.975058 2.635438 2.799850 3.965923 3.411324 2.854693 2.343215 2.978604 3.169756 3.058035 2.349034 2.727356 3.213281 3.587155 2.409537 2.340988 2.665648 4.090539 2.588369 2.463922 1.991911 2.209222 2.123216 2.095306 2.051849 2.696758 3.229857 3.374041 3.329324 2.841056 2.799837 3.043945 -9999.0
-9999.0 2.505835 3.056778 2.404436 2.375113 2.744807 2.921946 1.440139 1.375101 2.556192 2.097314 3.047982 3.961748 3.211994 2.452755 3.577844 2.700085 2.442568 2.291416 2.390892 2.142339 3.887453 3.481987 2.981020 1.740301 2.127285 1.974653 1.798077 4.231883 4.113608 2.614519 2.581924 3.306251 3.389015 2.811032 2.101928 1.817412 2.674137 2.925759 2.399118 2.398408 2.622606 2.859195 3.376823 2.917017 3.055151 2.534386 4.229026 3.308330 3.856063 2.614531 2.649384 3.250810 2.688255 2.824737 3.192078 3.817852 3.334952 2.888931 2.640141 2.829362 2.704270 -9999.0
-9999.0 2.780776 3.082902 3.290387 2.823429 3.425193 2.732191 1.277457 2.332538 2.047877 1.781316 2.467483 3.332608 2.376971 3.725449 3.800854 2.351658 1.842382 2.678948 3.169509 2.813628 3.691011 4.359291 2.954562 2.446582 1.965655 1.551467 2.219049 2.840207 2.805088 1.193971 1.334125 3.585334 3.274658 3.835007 2.968274 2.492574 2.681696 2.936639 1.736158 2.809037 2.972947 3.077245 3.381751 1.675546 1.709724 2.099513 2.620486 2.695135 2.784233 3.454814 3.187529 2.875281 3.683507 3.393407 2.881700 3.410790 2.697673 2.810268 2.748545 2.421653 -9999.0 -9999.0
-9999.0 1.769845 2.388210 3.544105 2.907957 3.806509 2.993501 3.473594 2.476094 2.148623 2.315256 3.172393 2.156236 3.454127 3.971686 3.570799 1.776264 2.658107 3.001965 3.052078 2.505186 2.234192 2.700415 2.565668 2.779266 2.821815 2.879982 2.889144 2.503739 2.802467 1.800859 1.340808 2.279280 2.996788 2.091531 1.773216 2.125555 2.325569 2.211835 1.625411 1.865096 2.878565 2.187399 1.734249 1.708366 2.262487 3.049474 3.434243 3.324636 4.529295 3.583049 2.697930 3.183509 3.321457 3.270759 3.103894 2.914107 2.439765 2.479863 -9999.0 -9999.0 -9999.0 -9999.0
