user2019/resources/simulation/Vinschgau/output-maps/ETN0771.asc
ncols         63
nrows         48
xllcorner     598000.000000
yllcorner     5145000.000000
cellsize      1000.000000
NODATA_value  -9999.0
[rows 0 to 27 of 48, columns 0 to 62 of 63]
-9999.0 -9999.0 -9999.0 -9999.0 -9999.0 -9999.0 -9999.0 -9999.0 -9999.0 -9999.0 -9999.0 -9999.0 -9999.0 -9999.0 -9999.0 -9999.0 -9999.0 -9999.0 -9999.0 -9999.0 -9999.0 -9999.0 -9999.0 -9999.0 -9999.0 -9999.0 -9999.0 -9999.0 -9999.0 -9999.0 -9999.0 -9999.0 -9999.0 -9999.0 -9999.0 -9999.0 -9999.0 -9999.0 -9999.0 -9999.0 -9999.0 -9999.0 -9999.0 -9999.0 -9999.0 -9999.0 -9999.0 -9999.0 -9999.0 -9999.0 -9999.0 -9999.0 -9999.0 -9999.0 -9999.0 -9999.0 -9999.0 -9999.0 -9999.0 -9999.0 -9999.0 -9999.0 -9999.0
-9999.0 -9999.0 -9999.0 -9999.0 -9999.0 -9999.0 -9999.0 -9999.0 -9999.0 -9999.0 -9999.0 -9999.0 -9999.0 -9999.0 -9999.0 -9999.0 -9999.0 -9999.0 -9999.0 -9999.0 -9999.0 -9999.0 -9999.0 -9999.0 -9999.0 -9999.0 -9999.0 -0.061865 -0.122597 0.044904 0.025050 -0.196304 0.056802 -9999.0 -9999.0 -9999.0 -9999.0 -9999.0 -9999.0 -9999.0 -9999.0 -9999.0 -9999.0 -9999.0 -9999.0 -9999.0 -9999.0 -9999.0 -9999.0 -9999.0 -9999.0 -9999.0 -9999.0 -9999.0 -9999.0 -9999.0 -9999.0 -9999.0 -9999.0 -9999.0 -9999.0 -9999.0 -9999.0
-9999.0 -9999.0 -9999.0 -9999.0 -9999.0 -9999.0 -9999.0 -9999.0 -9999.0 -9999.0 -9999.0 -9999.0 -9999.0 -9999.0 -9999.0 -9999.0 -9999.0 -9999.0 -9999.0 -9999.0 -9999.0 -9999.0 -9999.0 -9999.0 -0.077996 -0.069240 -0.026122 -0.075299 0.119694 0.114922 -0.184662 -9999.0 -9999.0 -9999.0 -9999.0 -9999.0 -9999.0 -9999.0 -9999.0 -9999.0 -9999.0 -9999.0 -9999.0 -9999.0 -9999.0 -9999.0 -9999.0 -9999.0 -9999.0 -9999.0 -9999.0 -9999.0 -9999.0 -9999.0 -9999.0 -9999.0 -9999.0 -9999.0 -9999.0 -9999.0 -9999.0 -9999.0 -9999.0
-9999.0 -9999.0 -9999.0 -9999.0 -9999.0 -9999.0 -9999.0 -9999.0 -9999.0 -9999.0 -9999.0 -9999.0 -9999.0 -9999.0 -9999.0 -9999.0 -9999.0 -9999.0 -9999.0 -9999.0 -9999.0 -9999.0 -9999.0 -0.067712 0.007309 0.285383 0.320406 0.284484 0.522270 -0.059182 -0.141085 -0.192134 -9999.0 -9999.0 -9999.0 -9999.0 -9999.0 -9999.0 -9999.0 -9999.0 -9999.0 -9999.0 -9999.0 -9999.0 -9999.0 -9999.0 -9999.0 -9999.0 -9999.0 -9999.0 -9999.0 -9999.0 -9999.0 -9999.0 -9999.0 -9999.0 -9999.0 -9999.0 -9999.0 -9999.0 -9999.0 -9999.0 -9999.0
-9999.0 -9999.0 -9999.0 -9999.0 -9999.0 -9999.0 -9999.0 -9999.0 -9999.0 -9999.0 -9999.0 -9999.0 -9999.0 -9999.0 -9999.0 -9999.0 -9999.0 -9999.0 0.176567 0.002884 -9999.0 -0.055376 0.002867 0.245597 0.256759 0.199417 0.159399 0.163088 0.250659 0.067383 -0.068474 -0.146218 -0.072241 -0.061437 -9999.0 -9999.0 -9999.0 -9999.0 -9999.0 -9999.0 -9999.0 -9999.0 -9999.0 -9999.0 -9999.0 -9999.0 -9999.0 -9999.0 -9999.0 -9999.0 -9999.0 -9999.0 -9999.0 -9999.0 -9999.0 -9999.0 -9999.0 -9999.0 -9999.0 -9999.0 -9999.0 -9999.0 -9999.0
-9999.0 -9999.0 -9999.0 -9999.0 -9999.0 -9999.0 -9999.0 -9999.0 -9999.0 -9999.0 -9999.0 -9999.0 -9999.0 -9999.0 -9999.0 -9999.0 -9999.0 0.252991 0.388686 0.134840 0.002474 -0.051380 0.032165 0.100413 0.150193 0.059379 -0.214666 -0.031536 -0.167891 0.136835 0.287547 0.236866 0.188333 -0.040863 -0.067344 0.006829 -9999.0 -9999.0 -9999.0 -9999.0 -9999.0 -9999.0 -9999.0 -9999.0 -9999.0 -9999.0 -9999.0 -9999.0 -9999.0 -9999.0 -9999.0 -9999.0 -9999.0 -9999.0 -9999.0 -9999.0 -9999.0 -9999.0 -9999.0 -9999.0 -9999.0 -9999.0 -9999.0
-9999.0 -9999.0 -9999.0 -9999.0 -9999.0 -9999.0 -9999.0 -9999.0 -9999.0 -9999.0 -9999.0 -9999.0 -9999.0 0.075640 0.167287 0.302353 0.183237 0.034134 0.247882 0.186132 0.208521 0.190424 0.186576 0.144129 -0.011405 -0.010409 -0.086024 0.159924 -0.178001 -0.046632 0.243476 0.184356 0.084856 0.060715 0.028308 -0.061893 -9999.0 -9999.0 -9999.0 -9999.0 -9999.0 -9999.0 -9999.0 -9999.0 -9999.0 -9999.0 -9999.0 -9999.0 -9999.0 -9999.0 -9999.0 -9999.0 -9999.0 -9999.0 -9999.0 -9999.0 -9999.0 -9999.0 -9999.0 -9999.0 -9999.0 -9999.0 -9999.0
-9999.0 -9999.0 -9999.0 -9999.0 -9999.0 -9999.0 -9999.0 -9999.0 -9999.0 -9999.0 -9999.0 -9999.0 -9999.0 0.123041 0.277743 0.351942 0.207738 0.246179 0.035465 0.201153 0.236946 0.164265 0.360669 0.314726 0.129432 0.015366 -0.124374 0.021508 -0.075104 -0.229584 0.127671 -0.181696 -0.071218 0.000000 0.095673 -9999.0 -9999.0 -9999.0 -9999.0 -9999.0 -9999.0 -9999.0 -9999.0 -9999.0 -9999.0 -9999.0 -9999.0 -9999.0 -9999.0 -9999.0 -9999.0 -9999.0 -9999.0 -9999.0 -9999.0 -9999.0 -9999.0 -9999.0 -9999.0 -9999.0 -9999.0 -9999.0 -9999.0
-9999.0 -9999.0 -9999.0 -9999.0 -9999.0 -9999.0 -9999.0 -9999.0 -9999.0 -9999.0 -9999.0 -9999.0 -9999.0 0.263596 0.366606 0.295343 0.308609 0.216366 0.015973 0.241647 0.210669 0.082025 0.118434 -0.139523 0.147496 0.102093 -0.033402 -0.073915 -0.191211 0.000000 -0.194898 0.000000 0.000000 0.000000 -0.059955 -9999.0 -9999.0 -9999.0 -9999.0 -9999.0 -9999.0 -9999.0 -9999.0 -9999.0 -9999.0 -9999.0 -9999.0 -9999.0 -9999.0 -9999.0 -9999.0 -9999.0 -9999.0 -9999.0 -9999.0 -9999.0 -9999.0 -9999.0 -9999.0 -9999.0 -9999.0 -9999.0 -9999.0
-9999.0 -9999.0 -9999.0 -9999.0 -9999.0 -9999.0 -9999.0 -9999.0 -9999.0 -9999.0 -9999.0 -9999.0 0.176038 0.296387 0.278235 0.183013 0.320188 0.326715 0.247089 0.094151 0.184817 -0.049144 -0.046849 -0.106974 0.226122 -0.131862 0.196183 -0.183856 0.065685 -0.071965 0.000000 -0.071001 0.107524 -0.058573 -9999.0 -9999.0 -9999.0 -9999.0 -9999.0 -9999.0 -9999.0 -9999.0 -9999.0 -9999.0 -9999.0 -9999.0 -9999.0 -9999.0 -9999.0 -9999.0 -9999.0 -9999.0 -9999.0 -9999.0 -9999.0 -9999.0 -9999.0 -9999.0 -9999.0 -9999.0 -9999.0 -9999.0 -9999.0
-9999.0 -9999.0 -9999.0 -9999.0 -9999.0 -9999.0 -9999.0 -9999.0 -9999.0 -9999.0 -9999.0 0.078710 0.271800 0.400714 0.291919 0.112324 0.118342 0.412984 0.289440 0.399450 0.322041 0.240313 -0.039526 -0.120594 0.260384 -0.131417 0.000000 -0.130329 0.086725 -0.063880 -0.070130 0.137866 0.084253 -0.065022 -0.069339 0.091712 -0.192844 -0.150652 -0.133512 -9999.0 -9999.0 -9999.0 -0.064247 -9999.0 -9999.0 -9999.0 -9999.0 -9999.0 -9999.0 -9999.0 -9999.0 -9999.0 -9999.0 -9999.0 -9999.0 -9999.0 -9999.0 -9999.0 -9999.0 -9999.0 -9999.0 -9999.0 -9999.0
-9999.0 -9999.0 -9999.0 -9999.0 -9999.0 -9999.0 -9999.0 -9999.0 -9999.0 -9999.0 -9999.0 0.024354 0.346475 0.502115 0.440513 0.082293 0.505747 0.378371 0.261508 0.268960 0.226100 0.126728 -0.044484 -0.220075 0.069767 -0.130850 -0.136064 0.059952 0.034637 -0.066780 -0.177244 0.110232 -0.191930 -0.185488 -0.177433 -0.163486 -0.057097 -0.085175 -0.130074 -0.066801 -0.067869 -0.065952 -0.181277 -0.071101 -9999.0 -9999.0 -9999.0 -0.123206 -0.174985 -0.067662 -0.185631 -0.063209 -0.063402 -0.158130 -0.167701 -0.059915 -9999.0 -9999.0 -9999.0 -9999.0 -9999.0 -9999.0 -9999.0
-9999.0 -9999.0 -9999.0 -9999.0 -9999.0 -9999.0 -9999.0 -9999.0 -9999.0 -9999.0 -9999.0 0.241810 0.050918 0.143496 0.112907 0.114212 0.161218 0.457182 0.272037 0.253199 0.421069 0.020744 -0.190825 -0.077888 -0.143387 -0.060536 -0.214732 0.056701 -0.073284 -0.183640 -0.075051 0.001702 0.146613 -0.191250 -0.072516 0.131873 0.063834 0.036066 -0.058587 -0.070381 -0.141122 -0.193489 0.062211 -0.130942 -0.189201 -9999.0 -0.058743 -0.188666 -0.169186 0.065545 -0.122690 0.063155 -0.141726 -0.163717 0.064222 -0.181742 -9999.0 -9999.0 -9999.0 -9999.0 -9999.0 -9999.0 -9999.0
-9999.0 -9999.0 -9999.0 -9999.0 -9999.0 -9999.0 -9999.0 -9999.0 -9999.0 -9999.0 -9999.0 -9999.0 0.028335 0.127417 0.114663 0.115512 0.201234 0.351797 0.265555 0.266693 0.372799 0.072956 0.208373 -0.194111 -0.218955 -0.217402 0.278965 -0.139425 -0.184937 -0.072886 -0.138777 0.062063 -0.125107 -0.191105 -0.196141 -0.152583 -0.218652 -0.142260 0.024123 -0.098938 -0.073667 -0.036687 0.017573 -0.056372 -0.073829 -0.183618 -0.067545 -0.190542 -0.010264 0.076837 -0.126595 0.114331 0.118151 0.107982 0.062387 0.072249 -0.173725 -9999.0 -9999.0 -9999.0 -9999.0 -9999.0 -9999.0
-9999.0 -9999.0 -9999.0 -9999.0 -9999.0 -9999.0 -9999.0 -9999.0 -9999.0 -9999.0 -9999.0 -0.198165 -0.059178 0.032554 0.127524 0.013088 0.115403 0.389154 0.246688 0.477913 0.393918 0.260137 0.270147 -0.215956 -0.215423 0.111394 -0.201922 -0.195079 -0.177315 -0.055479 -0.217608 0.107527 0.182374 -0.189643 -0.179137 -0.176810 -0.165939 -0.206933 0.017167 -0.032562 -0.209359 -0.067754 0.170895 -0.067446 0.000062 -0.155242 0.037028 -0.050581 -0.036481 -0.094300 -0.078754 -0.190366 0.053717 0.000000 0.000000 0.000000 0.107580 -9999.0 -9999.0 -9999.0 -9999.0 -9999.0 -9999.0
-9999.0 -9999.0 -9999.0 -9999.0 -9999.0 -9999.0 -9999.0 -9999.0 -9999.0 -9999.0 0.246355 -0.084008 -0.006605 0.001275 0.105659 0.163835 0.167707 0.090589 0.305605 0.474983 0.223101 0.165101 -0.288901 0.067144 -0.061546 0.164134 -0.220822 -0.079392 -0.110629 -0.058576 0.175887 0.171764 -0.094704 -0.195268 -0.063080 -0.075113 -0.109083 0.106439 -0.115087 0.076165 0.082146 0.059238 0.076450 0.342784 -0.134880 -0.052595 -0.120718 0.034477 0.110112 -0.070737 -0.077935 -0.068407 0.000000 0.000000 0.000000 -0.094759 0.063002 -9999.0 -9999.0 -9999.0 -9999.0 -9999.0 -9999.0
-9999.0 -9999.0 -9999.0 -9999.0 -9999.0 -9999.0 -9999.0 -9999.0 -9999.0 -0.133332 0.117804 0.229127 0.228682 -0.178852 0.135934 0.140978 -0.145555 0.125757 0.364176 0.345797 0.243162 0.177311 0.140737 0.094685 0.038820 -0.304974 -0.224199 -0.033661 -0.150609 -0.076756 0.043004 -0.299395 -0.076580 0.000000 -0.065834 -0.073037 0.130782 -0.025611 -0.217361 -0.156564 0.322637 -0.293255 -0.296128 0.334977 0.335573 -0.095952 0.097617 -0.183485 -0.184087 0.059958 0.094330 -0.070335 0.000000 -0.057366 -0.064564 0.050644 0.097289 -0.072316 -0.066380 -9999.0 -9999.0 -9999.0 -9999.0
-9999.0 -9999.0 -9999.0 -9999.0 -9999.0 -9999.0 -9999.0 -9999.0 -9999.0 0.111782 0.107607 -0.085139 0.120438 -0.016680 -0.139583 -0.178720 0.090816 0.094705 0.387807 0.246619 0.244842 0.198697 0.172088 0.094445 -0.304628 -0.226064 -0.185025 -0.078198 0.072548 0.072787 -0.016436 -0.301800 0.060851 -0.192138 -0.182146 -0.073317 -0.064978 -0.044912 -0.142985 0.085872 -0.214042 -0.222400 -0.170801 0.096132 0.407540 0.183893 0.168658 0.086179 -0.035426 0.043709 -0.290639 -0.187713 -0.059141 -0.163383 0.008573 0.068480 -0.026978 0.035137 -0.063037 -9999.0 -9999.0 -9999.0 -9999.0
-9999.0 -9999.0 -9999.0 -9999.0 -9999.0 -9999.0 -9999.0 -9999.0 -9999.0 -9999.0 -0.159403 0.087764 -0.129948 0.414232 0.026101 -0.102516 -0.017832 0.184340 0.436826 0.296660 0.261302 0.374614 -0.011095 -0.264547 -0.204199 -0.111110 0.041124 0.109373 -0.028279 -0.310977 -0.305401 0.003792 -0.211037 -0.197224 0.085861 0.122348 -0.023506 -0.015229 -0.066540 -0.171034 -0.194613 -0.057211 0.137003 -0.121946 0.045353 0.108478 0.341138 0.161895 0.190199 0.051811 -0.298335 -0.095169 -0.063820 -0.059782 -0.163397 -0.186182 0.061951 -0.000323 0.007408 -0.108745 -9999.0 -9999.0 -9999.0
-9999.0 -9999.0 -9999.0 -9999.0 -9999.0 -9999.0 -9999.0 -9999.0 -9999.0 -9999.0 -0.183177 -0.121417 -0.066169 0.166410 0.162718 0.132817 0.096284 0.323551 0.473676 0.267103 0.230959 0.298657 -0.055777 -0.118473 -0.097269 0.057637 0.114238 0.038595 -0.320027 -0.214567 -0.178363 0.082503 -0.051862 -0.191250 -0.152504 0.124155 0.104978 0.109661 -0.222013 -0.195349 -0.152753 0.060376 0.058195 -0.108060 -0.042324 -0.301062 -0.091146 0.046561 0.414245 0.175838 0.193164 -0.223659 -0.202950 -0.065607 -0.056901 -0.060164 -0.185152 -0.211619 0.350767 0.119591 -9999.0 -9999.0 -9999.0
-9999.0 -9999.0 -9999.0 -9999.0 -9999.0 -9999.0 -9999.0 -9999.0 -0.081210 -0.138508 -0.189339 0.094600 0.056964 0.073168 0.276882 0.402736 0.292873 0.210002 0.297790 0.236922 0.225619 0.374256 0.376485 0.287912 0.101951 0.157323 0.101331 -0.334925 -0.046694 -0.202128 0.000000 -0.175327 -0.162649 -0.193124 0.046315 -0.146196 0.038363 0.098481 -0.303686 -0.074173 -0.056566 0.160675 -0.081426 -0.076165 -0.034691 0.210794 -0.298756 -0.185565 0.071147 0.181265 0.191767 0.145999 -0.215434 -0.177930 -0.061726 -0.188468 -0.072634 -0.032543 0.054827 0.686087 -9999.0 -9999.0 -9999.0
-9999.0 -9999.0 -9999.0 -9999.0 -9999.0 -9999.0 -9999.0 -9999.0 0.124548 0.165078 -0.217156 -0.193318 -0.133071 0.101201 -0.304573 0.107991 0.305215 0.323105 0.345492 0.264325 0.304628 0.329441 0.308303 0.278069 0.348751 0.357923 0.207467 0.152677 -0.083717 -0.186340 -0.191834 -0.064213 0.104364 -0.062488 0.153348 -0.069097 0.123356 0.183681 -0.188825 -0.113508 -0.167028 0.000000 -0.064111 -0.107063 0.126318 -0.211524 -0.080928 -0.127088 -0.160031 0.323276 0.150318 -0.198294 -0.288988 -0.184174 -0.132936 0.000000 -0.224949 -0.086658 0.154221 0.280523 0.221172 -9999.0 -9999.0
-9999.0 -9999.0 -9999.0 -9999.0 -9999.0 -9999.0 -9999.0 -9999.0 -0.168521 0.086130 -0.152981 -0.208081 0.054238 -0.082475 -0.189667 -0.294032 0.131417 0.188256 0.272519 0.271004 0.273959 0.304792 0.318263 0.268278 0.234931 0.369896 0.170205 -0.317201 -0.080590 -0.135610 -0.056993 0.205154 -0.223993 -0.223455 -0.045294 0.138473 0.096711 0.371347 -0.109416 -0.230411 -0.120071 -0.055286 -0.084482 0.107213 -0.224510 -0.107985 -0.073020 -0.118423 -0.225125 -0.008008 0.368735 0.002698 -0.306066 -0.287781 -0.215763 -0.026039 -0.003451 0.145885 0.242447 0.431484 0.305473 -9999.0 -9999.0
-9999.0 -9999.0 -9999.0 -9999.0 -9999.0 -9999.0 -9999.0 -9999.0 -0.069644 -0.120359 0.170559 -0.080200 0.035869 -0.110683 -0.307767 0.155667 0.340764 0.321155 0.238014 0.238327 0.271741 0.295028 0.279536 0.205844 0.290284 0.278600 -0.213950 -0.305889 -0.034874 -0.030430 -0.195265 0.030279 -0.032945 0.105840 -0.180900 0.024070 0.109071 0.391969 0.250010 -0.118263 -0.072012 -0.058383 -0.055176 -0.032521 -0.097934 -0.053672 -0.110598 -0.044114 -0.134031 -0.205508 0.016021 0.282983 -0.002023 -0.180608 0.017691 0.127527 0.239764 0.731834 0.586221 0.298889 0.245241 0.302345 -9999.0
-9999.0 -9999.0 -9999.0 -9999.0 -9999.0 -9999.0 -9999.0 -9999.0 -0.179862 -0.131240 0.174066 -0.310912 0.019876 0.151521 0.061448 0.170163 0.177110 0.342798 0.261139 0.339721 0.291150 0.283076 0.263868 0.235620 0.181430 0.110179 -0.307727 -0.102107 0.022940 0.258900 -0.285654 0.059404 0.177507 0.147873 0.071517 0.118582 0.163649 0.486489 0.501928 0.155856 0.070080 0.052212 0.053709 0.002961 -0.191113 -0.000775 -0.155231 0.078562 -0.170023 0.025526 0.112639 0.181820 0.198719 0.065906 0.152954 0.207849 0.180662 0.231642 0.386429 0.244002 0.406565 0.283336 -9999.0
-9999.0 -9999.0 -0.126745 -0.081261 0.180811 -0.220701 0.052940 -0.018723 -0.147670 -0.143225 -0.228173 0.199292 0.168168 0.053263 0.114141 0.137850 -0.029821 -0.304543 -0.180077 0.122222 0.318843 0.501041 0.348417 0.166081 0.192527 0.257158 0.098284 0.127576 0.405597 0.148081 -0.008483 0.214051 0.330550 0.442279 0.240547 0.405667 0.293922 0.592437 0.560642 0.391062 0.213137 0.233675 0.488504 0.200473 0.111871 0.063916 0.160690 0.356674 0.179980 0.195467 0.197441 0.175119 0.166378 0.131752 0.119767 0.152261 0.235561 0.179231 0.173901 0.379752 0.137573 0.252051 -9999.0
-9999.0 -0.173464 -0.199463 -0.209681 -0.218891 0.069900 0.052079 -0.218196 -0.203753 -0.194707 -0.228099 -0.320357 0.176101 -0.008083 0.074798 -0.317617 -0.227227 -0.224485 -0.205961 0.033480 0.299083 0.497300 0.398269 0.619908 0.191882 0.181250 0.172028 0.195110 0.270686 0.249858 0.201575 0.215202 0.429883 0.462215 0.358224 0.384266 0.432206 0.701367 0.453783 0.375649 0.348836 0.375038 0.364625 0.481645 0.379232 0.378770 0.291650 0.563609 0.302423 1.006122 0.256003 0.207298 0.237945 0.175825 0.161433 0.085499 0.166349 0.222565 0.108841 0.061640 0.169308 0.250290 -9999.0
-9999.0 0.268453 0.238818 0.235269 0.046081 0.246473 -0.297138 -0.212199 -0.153727 -0.189756 -0.223507 -0.319137 -0.029532 0.078521 -0.283207 -0.311339 -0.217282 -0.224124 -0.170677 0.337461 0.112091 0.387359 0.439209 0.325189 0.237139 0.214491 0.128309 0.166817 0.323504 0.528370 0.265041 0.374466 0.626703 0.681765 0.387881 0.537018 0.422156 0.419591 0.585286 0.515218 0.527233 0.549441 0.498795 0.448311 0.198261 0.384752 0.375077 0.399431 0.360759 0.321228 0.224688 0.292186 0.201285 0.347168 0.158116 -0.228197 0.106141 -0.242036 -0.189723 -0.285316 -0.164710 -9999.0 -9999.0
