user2019/resources/simulation/Vinschgau/output-maps/ETN0831.asc
ncols         63
nrows         48
xllcorner     598000.000000
yllcorner     5145000.000000
cellsize      1000.000000
NODATA_value  -9999.0
[rows 0 to 27 of 48, columns 0 to 62 of 63]
-9999.0 -9999.0 -9999.0 -9999.0 -9999.0 -9999.0 -9999.0 -9999.0 -9999.0 -9999.0 -9999.0 -9999.0 -9999.0 -9999.0 -9999.0 -9999.0 -9999.0 -9999.0 -9999.0 -9999.0 -9999.0 -9999.0 -9999.0 -9999.0 -9999.0 -9999.0 -9999.0 -9999.0 -9999.0 -9999.0 -9999.0 -9999.0 -9999.0 -9999.0 -9999.0 -9999.0 -9999.0 -9999.0 -9999.0 -9999.0 -9999.0 -9999.0 -9999.0 -9999.0 -9999.0 -9999.0 -9999.0 -9999.0 -9999.0 -9999.0 -9999.0 -9999.0 -9999.0 -9999.0 -9999.0 -9999.0 -9999.0 -9999.0 -9999.0 -9999.0 -9999.0 -9999.0 -9999.0
-9999.0 -9999.0 -9999.0 -9999.0 -9999.0 -9999.0 -9999.0 -9999.0 -9999.0 -9999.0 -9999.0 -9999.0 -9999.0 -9999.0 -9999.0 -9999.0 -9999.0 -9999.0 -9999.0 -9999.0 -9999.0 -9999.0 -9999.0 -9999.0 -9999.0 -9999.0 -9999.0 -0.073147 -0.198632 -0.074247 -0.195138 -0.190349 -0.073395 -9999.0 -9999.0 -9999.0 -9999.0 -9999.0 -9999.0 -9999.0 -9999.0 -9999.0 -9999.0 -9999.0 -9999.0 -9999.0 -9999.0 -9999.0 -9999.0 -9999.0 -9999.0 -9999.0 -9999.0 -9999.0 -9999.0 -9999.0 -9999.0 -9999.0 -9999.0 -9999.0 -9999.0 -9999.0 -9999.0
-9999.0 -9999.0 -9999.0 -9999.0 -9999.0 -9999.0 -9999.0 -9999.0 -9999.0 -9999.0 -9999.0 -9999.0 -9999.0 -9999.0 -9999.0 -9999.0 -9999.0 -9999.0 -9999.0 -9999.0 -9999.0 -9999.0 -9999.0 -9999.0 -0.204431 -0.202889 -0.176175 -0.203385 -0.002909 -0.030997 -0.194372 -9999.0 -9999.0 -9999.0 -9999.0 -9999.0 -9999.0 -9999.0 -9999.0 -9999.0 -9999.0 -9999.0 -9999.0 -9999.0 -9999.0 -9999.0 -9999.0 -9999.0 -9999.0 -9999.0 -9999.0 -9999.0 -9999.0 -9999.0 -9999.0 -9999.0 -9999.0 -9999.0 -9999.0 -9999.0 -9999.0 -9999.0 -9999.0
-9999.0 -9999.0 -9999.0 -9999.0 -9999.0 -9999.0 -9999.0 -9999.0 -9999.0 -9999.0 -9999.0 -9999.0 -9999.0 -9999.0 -9999.0 -9999.0 -9999.0 -9999.0 -9999.0 -9999.0 -9999.0 -9999.0 -9999.0 -0.202749 -0.143595 0.198956 0.232914 0.190993 0.274421 -0.198276 -0.195085 -0.182444 -9999.0 -9999.0 -9999.0 -9999.0 -9999.0 -9999.0 -9999.0 -9999.0 -9999.0 -9999.0 -9999.0 -9999.0 -9999.0 -9999.0 -9999.0 -9999.0 -9999.0 -9999.0 -9999.0 -9999.0 -9999.0 -9999.0 -9999.0 -9999.0 -9999.0 -9999.0 -9999.0 -9999.0 -9999.0 -9999.0 -9999.0
-9999.0 -9999.0 -9999.0 -9999.0 -9999.0 -9999.0 -9999.0 -9999.0 -9999.0 -9999.0 -9999.0 -9999.0 -9999.0 -9999.0 -9999.0 -9999.0 -9999.0 -9999.0 0.093869 -0.150191 -9999.0 -0.187810 -0.146924 0.145301 0.178479 0.122257 0.078915 0.071572 0.114855 -0.084521 -0.203160 -0.196304 -0.069797 -0.057439 -9999.0 -9999.0 -9999.0 -9999.0 -9999.0 -9999.0 -9999.0 -9999.0 -9999.0 -9999.0 -9999.0 -9999.0 -9999.0 -9999.0 -9999.0 -9999.0 -9999.0 -9999.0 -9999.0 -9999.0 -9999.0 -9999.0 -9999.0 -9999.0 -9999.0 -9999.0 -9999.0 -9999.0 -9999.0
-9999.0 -9999.0 -9999.0 -9999.0 -9999.0 -9999.0 -9999.0 -9999.0 -9999.0 -9999.0 -9999.0 -9999.0 -9999.0 -9999.0 -9999.0 -9999.0 -9999.0 0.140394 0.266849 0.055734 -0.066518 -0.174328 -0.119944 0.017682 0.068643 -0.050109 -0.298608 -0.160677 -0.262225 0.057903 -0.019869 0.003907 0.001876 -0.073357 -0.063845 -0.059599 -9999.0 -9999.0 -9999.0 -9999.0 -9999.0 -9999.0 -9999.0 -9999.0 -9999.0 -9999.0 -9999.0 -9999.0 -9999.0 -9999.0 -9999.0 -9999.0 -9999.0 -9999.0 -9999.0 -9999.0 -9999.0 -9999.0 -9999.0 -9999.0 -9999.0 -9999.0 -9999.0
-9999.0 -9999.0 -9999.0 -9999.0 -9999.0 -9999.0 -9999.0 -9999.0 -9999.0 -9999.0 -9999.0 -9999.0 -9999.0 -0.123413 0.035525 0.216854 0.097073 0.015396 0.133321 0.107270 0.122442 0.100707 0.121515 0.068395 -0.083820 -0.152685 -0.084570 -0.226707 -0.226866 -0.173687 0.095136 0.000459 -0.084959 -0.109960 -0.120072 -0.058541 -9999.0 -9999.0 -9999.0 -9999.0 -9999.0 -9999.0 -9999.0 -9999.0 -9999.0 -9999.0 -9999.0 -9999.0 -9999.0 -9999.0 -9999.0 -9999.0 -9999.0 -9999.0 -9999.0 -9999.0 -9999.0 -9999.0 -9999.0 -9999.0 -9999.0 -9999.0 -9999.0
-9999.0 -9999.0 -9999.0 -9999.0 -9999.0 -9999.0 -9999.0 -9999.0 -9999.0 -9999.0 -9999.0 -9999.0 -9999.0 -0.063912 0.187931 0.242995 0.116691 0.157910 0.014972 0.111135 0.096359 0.097560 0.292198 0.217854 -0.036427 -0.090324 -0.201003 -0.074608 -0.072855 -0.226388 -0.225451 -0.197776 -0.067545 0.000000 -0.062754 -9999.0 -9999.0 -9999.0 -9999.0 -9999.0 -9999.0 -9999.0 -9999.0 -9999.0 -9999.0 -9999.0 -9999.0 -9999.0 -9999.0 -9999.0 -9999.0 -9999.0 -9999.0 -9999.0 -9999.0 -9999.0 -9999.0 -9999.0 -9999.0 -9999.0 -9999.0 -9999.0 -9999.0
-9999.0 -9999.0 -9999.0 -9999.0 -9999.0 -9999.0 -9999.0 -9999.0 -9999.0 -9999.0 -9999.0 -9999.0 -9999.0 0.172594 0.218597 0.199246 0.196250 0.116807 0.001762 0.112652 0.131175 0.014527 0.027406 -0.235272 0.040887 -0.018539 -0.076396 -0.071715 -0.190129 0.000000 -0.187252 0.000000 0.000000 0.000000 -0.057448 -9999.0 -9999.0 -9999.0 -9999.0 -9999.0 -9999.0 -9999.0 -9999.0 -9999.0 -9999.0 -9999.0 -9999.0 -9999.0 -9999.0 -9999.0 -9999.0 -9999.0 -9999.0 -9999.0 -9999.0 -9999.0 -9999.0 -9999.0 -9999.0 -9999.0 -9999.0 -9999.0 -9999.0
-9999.0 -9999.0 -9999.0 -9999.0 -9999.0 -9999.0 -9999.0 -9999.0 -9999.0 -9999.0 -9999.0 -9999.0 0.058127 0.187013 0.178796 0.073358 0.236874 0.237057 0.163001 0.035666 0.084857 -0.197176 -0.192625 -0.228637 0.100465 -0.201310 0.052841 -0.195431 -0.056929 -0.070251 0.000000 -0.068762 -0.179904 -0.055044 -9999.0 -9999.0 -9999.0 -9999.0 -9999.0 -9999.0 -9999.0 -9999.0 -9999.0 -9999.0 -9999.0 -9999.0 -9999.0 -9999.0 -9999.0 -9999.0 -9999.0 -9999.0 -9999.0 -9999.0 -9999.0 -9999.0 -9999.0 -9999.0 -9999.0 -9999.0 -9999.0 -9999.0 -9999.0
-9999.0 -9999.0 -9999.0 -9999.0 -9999.0 -9999.0 -9999.0 -9999.0 -9999.0 -9999.0 -9999.0 -0.118258 0.193566 0.291929 0.184921 -0.009714 0.049496 0.299391 0.197222 0.333974 0.217037 0.110103 -0.175226 -0.204297 0.008964 -0.204069 -0.192829 -0.200407 0.007085 -0.060418 -0.067844 0.007514 -0.029675 -0.061150 -0.067297 -0.026749 -0.192806 -0.200365 -0.199988 -9999.0 -9999.0 -9999.0 -0.060493 -9999.0 -9999.0 -9999.0 -9999.0 -9999.0 -9999.0 -9999.0 -9999.0 -9999.0 -9999.0 -9999.0 -9999.0 -9999.0 -9999.0 -9999.0 -9999.0 -9999.0 -9999.0 -9999.0 -9999.0
-9999.0 -9999.0 -9999.0 -9999.0 -9999.0 -9999.0 -9999.0 -9999.0 -9999.0 -9999.0 -9999.0 -0.129690 0.247675 0.315672 0.306552 -0.117460 0.354757 0.241206 0.171138 0.171301 0.139089 -0.051707 -0.157993 -0.215301 -0.215703 -0.201121 -0.199636 -0.204222 -0.061332 -0.064622 -0.200167 -0.027563 -0.189270 -0.173071 -0.164900 -0.200197 -0.202859 -0.181559 -0.202604 -0.062371 -0.065399 -0.063602 -0.200752 -0.066728 -9999.0 -9999.0 -9999.0 -0.153937 -0.167656 -0.063926 -0.178704 -0.059389 -0.061371 -0.159447 -0.164123 -0.056537 -9999.0 -9999.0 -9999.0 -9999.0 -9999.0 -9999.0 -9999.0
-9999.0 -9999.0 -9999.0 -9999.0 -9999.0 -9999.0 -9999.0 -9999.0 -9999.0 -9999.0 -9999.0 0.069733 -0.135573 -0.064793 -0.011356 -0.044025 0.084301 0.347487 0.178084 0.164038 0.341190 -0.059140 -0.219670 -0.206312 -0.201043 -0.074554 -0.216847 -0.029302 -0.074228 -0.176358 -0.072799 -0.074699 -0.205148 -0.184318 -0.070158 -0.205354 -0.037494 -0.018239 -0.150966 -0.072902 -0.205116 -0.190348 -0.207139 -0.203195 -0.182258 -9999.0 -0.055295 -0.181733 -0.196023 -0.199073 -0.197230 -0.073520 -0.190879 -0.187836 -0.183112 -0.170569 -9999.0 -9999.0 -9999.0 -9999.0 -9999.0 -9999.0 -9999.0
-9999.0 -9999.0 -9999.0 -9999.0 -9999.0 -9999.0 -9999.0 -9999.0 -9999.0 -9999.0 -9999.0 -9999.0 -0.126961 -0.094135 -0.070051 -0.066816 0.156706 0.273479 0.175458 0.172837 0.305999 -0.004886 -0.030422 -0.219380 -0.213400 -0.217385 0.160088 -0.203073 -0.199425 -0.070502 -0.200574 -0.057808 -0.203969 -0.195656 -0.189458 -0.202657 -0.217675 0.011957 -0.065650 -0.204099 -0.182342 -0.077889 -0.051038 -0.185761 -0.071940 -0.171572 -0.065292 -0.183701 -0.206891 -0.214889 -0.209162 -0.041696 0.007812 -0.001538 -0.077939 -0.186789 -0.180539 -9999.0 -9999.0 -9999.0 -9999.0 -9999.0 -9999.0
-9999.0 -9999.0 -9999.0 -9999.0 -9999.0 -9999.0 -9999.0 -9999.0 -9999.0 -9999.0 -9999.0 -0.225266 -0.204765 -0.141414 -0.135085 -0.069765 0.076296 0.307261 0.161575 0.365206 0.306011 0.236007 -0.115753 -0.216925 -0.219013 -0.211082 -0.220750 -0.196948 -0.193001 -0.075734 -0.218114 -0.000766 0.052062 -0.197579 -0.166169 -0.201314 -0.202535 -0.221378 -0.094318 -0.124678 -0.223576 -0.157804 -0.035844 -0.083479 -0.147639 -0.197655 -0.201441 -0.074997 -0.076072 -0.203006 -0.076943 -0.195162 0.000000 0.000000 0.000000 0.000000 -0.065373 -9999.0 -9999.0 -9999.0 -9999.0 -9999.0 -9999.0
-9999.0 -9999.0 -9999.0 -9999.0 -9999.0 -9999.0 -9999.0 -9999.0 -9999.0 -9999.0 0.127185 -0.218527 -0.156374 -0.154077 -0.095862 0.098281 0.103989 0.042821 0.227433 0.363388 0.144986 0.074658 -0.301001 -0.110014 -0.152834 0.059945 -0.216473 -0.077630 -0.206768 -0.195038 0.090465 0.087621 -0.200515 -0.197580 -0.061107 -0.072933 -0.207710 -0.220143 -0.255491 -0.003451 0.009739 0.033934 0.045903 0.325333 -0.199732 -0.075807 -0.203714 -0.218784 0.021841 -0.157262 -0.076276 -0.066558 0.000000 0.000000 0.000000 -0.193468 -0.193844 -9999.0 -9999.0 -9999.0 -9999.0 -9999.0 -9999.0
-9999.0 -9999.0 -9999.0 -9999.0 -9999.0 -9999.0 -9999.0 -9999.0 -9999.0 -0.203462 -0.150639 0.133311 -0.062928 -0.222005 0.000909 -0.094963 -0.207715 -0.006619 0.269461 0.229877 0.155538 0.141440 0.099838 0.029097 -0.052066 -0.303899 -0.217828 -0.195457 -0.223419 -0.148321 -0.039804 -0.298663 -0.074561 0.000000 -0.061795 -0.068965 0.011786 -0.215142 -0.220723 -0.209734 0.042802 -0.308712 -0.309165 0.269284 0.283202 -0.187071 -0.091463 -0.219800 -0.219576 -0.031575 -0.209237 -0.068408 0.000000 -0.055619 -0.062706 0.000000 0.000000 -0.070012 -0.064186 -9999.0 -9999.0 -9999.0 -9999.0
-9999.0 -9999.0 -9999.0 -9999.0 -9999.0 -9999.0 -9999.0 -9999.0 -9999.0 -0.016802 -0.192297 -0.188656 0.114306 -0.121843 -0.209611 -0.220134 -0.099690 0.045971 0.274563 0.165208 0.161094 0.128299 0.080602 -0.065345 -0.303165 -0.223418 -0.226920 -0.167182 0.024682 -0.073855 -0.135612 -0.301141 -0.204765 -0.185424 -0.200185 -0.072087 -0.074964 -0.077042 -0.203917 -0.179549 -0.221977 -0.217959 -0.219134 0.060717 0.339231 0.138577 0.127351 0.018086 -0.125921 -0.027101 -0.289872 -0.182792 -0.057385 -0.157600 -0.082025 0.000000 0.000000 0.000000 -0.074652 -9999.0 -9999.0 -9999.0 -9999.0
-9999.0 -9999.0 -9999.0 -9999.0 -9999.0 -9999.0 -9999.0 -9999.0 -9999.0 -9999.0 -0.191671 -0.197598 -0.184108 0.376832 -0.073580 -0.202493 -0.132802 0.134928 0.296082 0.221951 0.172244 0.272750 -0.065518 -0.282454 -0.221244 -0.191792 -0.037269 0.054398 -0.133880 -0.309203 -0.304576 -0.053522 -0.205391 -0.193136 -0.206468 -0.018465 -0.164535 -0.152858 -0.075288 -0.203410 -0.200850 -0.165432 0.061765 -0.193241 0.012762 0.068350 0.280528 0.094320 0.142334 -0.028199 -0.297661 -0.212135 -0.061882 -0.058076 -0.156301 -0.179435 -0.091626 -0.029738 -0.027540 -0.189169 -9999.0 -9999.0 -9999.0
-9999.0 -9999.0 -9999.0 -9999.0 -9999.0 -9999.0 -9999.0 -9999.0 -9999.0 -9999.0 -0.189367 -0.196039 -0.193405 -0.136209 0.065829 0.093424 0.040855 0.255890 0.336861 0.160610 0.133048 0.233702 -0.124672 -0.190875 -0.181358 0.007341 0.078810 0.008445 -0.318491 -0.209120 -0.204970 -0.036109 -0.079126 -0.184156 -0.203932 0.036692 0.093036 -0.209203 -0.217196 -0.195318 -0.205108 -0.023284 -0.037684 -0.209413 -0.154522 -0.303840 -0.152496 0.014052 0.354901 0.135414 -0.080981 -0.219850 -0.197826 -0.063800 -0.055155 -0.058250 -0.178401 -0.230174 0.329519 0.050833 -9999.0 -9999.0 -9999.0
-9999.0 -9999.0 -9999.0 -9999.0 -9999.0 -9999.0 -9999.0 -9999.0 -0.207704 -0.201050 -0.180432 -0.202215 -0.038391 -0.019300 -0.258855 0.332258 0.214526 0.139855 0.224732 0.120284 0.131057 0.215935 0.267383 0.225158 0.021599 0.133560 0.014055 -0.333914 -0.228286 -0.209541 0.000000 -0.204954 -0.204659 -0.187223 -0.206226 -0.206758 -0.128146 -0.008959 -0.302740 -0.072541 -0.077056 -0.192642 -0.079652 -0.074727 -0.077863 0.109822 -0.297850 -0.221967 0.040211 0.133825 -0.016393 -0.311675 -0.211184 -0.174236 -0.059800 -0.183814 -0.070665 -0.167578 0.009423 0.662367 -9999.0 -9999.0 -9999.0
-9999.0 -9999.0 -9999.0 -9999.0 -9999.0 -9999.0 -9999.0 -9999.0 0.057119 -0.218905 -0.212039 -0.184197 -0.196520 0.014890 -0.303931 0.062543 0.243510 0.250002 0.123488 0.133012 0.209441 0.221923 0.199832 0.161469 0.240803 0.282504 0.190725 -0.234461 -0.082037 -0.194660 -0.185091 -0.074257 -0.019643 -0.075710 -0.211823 -0.205222 0.072314 0.142736 -0.229304 -0.214477 -0.205813 0.000000 -0.076360 -0.210321 0.026213 -0.221627 -0.079169 -0.209312 -0.223586 0.281110 0.108972 -0.226177 -0.288233 -0.177711 -0.200455 0.000000 -0.236584 -0.172137 0.113150 0.214753 0.125290 -9999.0 -9999.0
-9999.0 -9999.0 -9999.0 -9999.0 -9999.0 -9999.0 -9999.0 -9999.0 -0.203086 0.004856 -0.198483 -0.202646 -0.068474 -0.080626 -0.223965 -0.304290 0.094047 0.141039 0.139056 0.190652 0.137418 0.213083 0.219352 0.174427 0.157849 0.288896 0.134510 -0.315484 -0.078716 -0.205227 -0.076671 -0.181595 -0.218715 -0.219021 -0.178567 0.042897 -0.105965 0.350558 -0.155839 -0.232812 -0.215151 -0.078175 -0.212922 0.001087 -0.220950 -0.210348 -0.071867 -0.206621 -0.220012 -0.050600 0.321637 -0.053900 0.000000 -0.287035 0.000000 0.000000 0.032872 0.105927 0.179252 0.348200 0.221643 -9999.0 -9999.0
-9999.0 -9999.0 -9999.0 -9999.0 -9999.0 -9999.0 -9999.0 -9999.0 -0.067616 -0.211275 0.091939 -0.078500 -0.095622 -0.225690 -0.308701 0.121737 0.218442 0.163391 0.166210 0.135945 0.145089 0.162224 0.195344 0.128137 0.217201 0.232638 -0.266843 -0.304841 -0.175816 -0.223992 -0.223154 -0.224362 -0.136401 -0.070937 -0.224163 -0.143977 0.025915 0.309543 0.216904 -0.183329 -0.210851 -0.195294 -0.192660 -0.079029 -0.209294 -0.076562 -0.207647 -0.078204 -0.206643 -0.228576 -0.023304 0.254092 -0.059225 0.000000 -0.047456 0.051828 0.117704 0.675763 0.455619 0.215787 0.173575 0.240187 -9999.0
-9999.0 -9999.0 -9999.0 -9999.0 -9999.0 -9999.0 -9999.0 -9999.0 -0.171951 -0.212571 0.126718 -0.310035 -0.120881 -0.268532 -0.065432 0.129169 0.115063 0.274394 0.214364 0.262253 0.168130 0.200479 0.151782 0.133491 0.113809 0.059133 -0.306398 -0.188359 -0.070749 -0.035418 -0.306105 -0.025877 0.145866 0.073898 -0.017664 0.061938 0.115492 0.365532 0.355074 0.111573 0.000314 -0.032807 -0.006244 -0.109427 -0.223643 -0.157150 -0.223051 -0.138826 -0.227623 -0.052740 0.069912 0.151229 0.173240 0.039358 0.096269 0.134667 0.123769 0.168360 0.200998 0.177022 0.315769 0.227368 -9999.0
-9999.0 -9999.0 -0.198746 -0.205267 0.070947 -0.216989 -0.061536 -0.213041 -0.192385 -0.205160 -0.226643 0.157817 -0.239698 -0.098149 0.039092 0.094642 -0.065974 -0.303106 -0.218754 0.083952 0.246406 0.365588 0.271721 0.091301 0.132803 0.203812 0.039615 0.098774 0.325705 0.072960 -0.060574 0.175075 0.244536 0.345871 0.175844 0.315033 0.220405 0.404801 0.367972 0.289290 0.154658 0.174126 0.403226 0.147066 0.062371 -0.025490 0.121150 0.299587 0.129468 0.143999 0.142858 0.120013 0.108537 0.079759 0.070397 0.078037 0.106862 0.128938 0.132062 0.296811 0.076595 0.202094 -9999.0
-9999.0 -0.215543 -0.216893 -0.217082 -0.216098 -0.030892 -0.061996 -0.211945 -0.197921 -0.190453 -0.223994 -0.319306 -0.011319 -0.046767 0.003467 -0.322971 -0.226576 -0.219731 -0.219262 -0.010763 0.231818 0.367365 0.301050 0.517382 0.127613 0.127816 0.107677 0.124539 0.200109 0.180748 0.148087 0.162274 0.242691 0.222191 0.270886 0.291730 0.327671 0.330558 0.342467 0.283642 0.262613 0.282132 0.273958 0.358375 0.290337 0.290003 0.211619 0.394709 0.227973 0.511556 0.182970 0.145389 0.107969 0.069486 0.060274 0.051651 0.150435 0.194650 0.076388 0.013636 0.143894 0.199387 -9999.0
-9999.0 0.204893 0.025531 -0.039716 -0.128710 0.022631 -0.294912 -0.205134 -0.188114 -0.184072 -0.217175 -0.317461 0.072333 0.009192 -0.305160 -0.310057 -0.212421 -0.218867 -0.216316 -0.071632 0.066431 0.341283 0.362154 0.280330 0.154155 0.143604 0.069791 0.088394 0.242856 0.330840 0.138808 0.180369 0.311080 0.342801 0.285317 0.400234 0.303734 0.309628 0.446934 0.393569 0.402051 0.406669 0.371873 0.257296 0.100260 0.180132 0.285816 0.298491 0.269998 0.233208 0.160849 0.234115 0.168614 0.209904 0.145294 -0.255125 0.088226 -0.270802 -0.218481 -0.313170 -0.195762 -9999.0 -9999.0
