user2019/resources/simulation/Vinschgau/output-maps/ETN0649.asc
ncols         63
nrows         48
xllcorner     598000.000000
yllcorner     5145000.000000
cellsize      1000.000000
NODATA_value  -9999.0
[rows 0 to 28 of 48, columns 0 to 62 of 63]
-9999.0 -9999.0 -9999.0 -9999.0 -9999.0 -9999.0 -9999.0 -9999.0 -9999.0 -9999.0 -9999.0 -9999.0 -9999.0 -9999.0 -9999.0 -9999.0 -9999.0 -9999.0 -9999.0 -9999.0 -9999.0 -9999.0 -9999.0 -9999.0 -9999.0 -9999.0 -9999.0 -9999.0 -9999.0 -9999.0 -9999.0 -9999.0 -9999.0 -9999.0 -9999.0 -9999.0 -9999.0 -9999.0 -9999.0 -9999.0 -9999.0 -9999.0 -9999.0 -9999.0 -9999.0 -9999.0 -9999.0 -9999.0 -9999.0 -9999.0 -9999.0 -9999.0 -9999.0 -9999.0 -9999.0 -9999.0 -9999.0 -9999.0 -9999.0 -9999.0 -9999.0 -9999.0 -9999.0
-9999.0 -9999.0 -9999.0 -9999.0 -9999.0 -9999.0 -9999.0 -9999.0 -9999.0 -9999.0 -9999.0 -9999.0 -9999.0 -9999.0 -9999.0 -9999.0 -9999.0 -9999.0 -9999.0 -9999.0 -9999.0 -9999.0 -9999.0 -9999.0 -9999.0 -9999.0 -9999.0 1.262571 1.295269 1.450138 1.195559 0.911912 0.922543 -9999.0 -9999.0 -9999.0 -9999.0 -9999.0 -9999.0 -9999.0 -9999.0 -9999.0 -9999.0 -9999.0 -9999.0 -9999.0 -9999.0 -9999.0 -9999.0 -9999.0 -9999.0 -9999.0 -9999.0 -9999.0 -9999.0 -9999.0 -9999.0 -9999.0 -9999.0 -9999.0 -9999.0 -9999.0 -9999.0
-9999.0 -9999.0 -9999.0 -9999.0 -9999.0 -9999.0 -9999.0 -9999.0 -9999.0 -9999.0 -9999.0 -9999.0 -9999.0 -9999.0 -9999.0 -9999.0 -9999.0 -9999.0 -9999.0 -9999.0 -9999.0 -9999.0 -9999.0 -9999.0 1.293075 1.395777 1.541467 1.366540 1.360358 1.466491 1.251338 -9999.0 -9999.0 -9999.0 -9999.0 -9999.0 -9999.0 -9999.0 -9999.0 -9999.0 -9999.0 -9999.0 -9999.0 -9999.0 -9999.0 -9999.0 -9999.0 -9999.0 -9999.0 -9999.0 -9999.0 -9999.0 -9999.0 -9999.0 -9999.0 -9999.0 -9999.0 -9999.0 -9999.0 -9999.0 -9999.0 -9999.0 -9999.0
-9999.0 -9999.0 -9999.0 -9999.0 -9999.0 -9999.0 -9999.0 -9999.0 -9999.0 -9999.0 -9999.0 -9999.0 -9999.0 -9999.0 -9999.0 -9999.0 -9999.0 -9999.0 -9999.0 -9999.0 -9999.0 -9999.0 -9999.0 1.322167 1.431362 1.512719 1.392660 1.498188 2.040409 1.592955 1.412178 1.289873 -9999.0 -9999.0 -9999.0 -9999.0 -9999.0 -9999.0 -9999.0 -9999.0 -9999.0 -9999.0 -9999.0 -9999.0 -9999.0 -9999.0 -9999.0 -9999.0 -9999.0 -9999.0 -9999.0 -9999.0 -9999.0 -9999.0 -9999.0 -9999.0 -9999.0 -9999.0 -9999.0 -9999.0 -9999.0 -9999.0 -9999.0
-9999.0 -9999.0 -9999.0 -9999.0 -9999.0 -9999.0 -9999.0 -9999.0 -9999.0 -9999.0 -9999.0 -9999.0 -9999.0 -9999.0 -9999.0 -9999.0 -9999.0 -9999.0 1.800762 1.675294 -9999.0 1.295834 1.385433 1.962859 1.378091 1.434490 1.085203 1.133869 1.789060 1.644814 1.650169 1.461722 1.479226 1.217378 -9999.0 -9999.0 -9999.0 -9999.0 -9999.0 -9999.0 -9999.0 -9999.0 -9999.0 -9999.0 -9999.0 -9999.0 -9999.0 -9999.0 -9999.0 -9999.0 -9999.0 -9999.0 -9999.0 -9999.0 -9999.0 -9999.0 -9999.0 -9999.0 -9999.0 -9999.0 -9999.0 -9999.0 -9999.0
-9999.0 -9999.0 -9999.0 -9999.0 -9999.0 -9999.0 -9999.0 -9999.0 -9999.0 -9999.0 -9999.0 -9999.0 -9999.0 -9999.0 -9999.0 -9999.0 -9999.0 1.658419 2.292726 1.713342 1.723332 1.839031 1.770152 1.402471 1.443314 1.373066 1.482531 1.566484 1.103515 1.407402 1.726544 1.553655 1.597255 1.533632 1.254217 0.986979 -9999.0 -9999.0 -9999.0 -9999.0 -9999.0 -9999.0 -9999.0 -9999.0 -9999.0 -9999.0 -9999.0 -9999.0 -9999.0 -9999.0 -9999.0 -9999.0 -9999.0 -9999.0 -9999.0 -9999.0 -9999.0 -9999.0 -9999.0 -9999.0 -9999.0 -9999.0 -9999.0
-9999.0 -9999.0 -9999.0 -9999.0 -9999.0 -9999.0 -9999.0 -9999.0 -9999.0 -9999.0 -9999.0 -9999.0 -9999.0 1.208535 2.024412 1.721939 1.670513 0.586314 1.624251 2.122647 1.900106 1.523306 1.893433 1.381992 1.485761 1.268830 1.068603 1.381024 1.379223 1.276457 1.628167 1.185185 1.268975 0.989228 1.136404 1.014874 -9999.0 -9999.0 -9999.0 -9999.0 -9999.0 -9999.0 -9999.0 -9999.0 -9999.0 -9999.0 -9999.0 -9999.0 -9999.0 -9999.0 -9999.0 -9999.0 -9999.0 -9999.0 -9999.0 -9999.0 -9999.0 -9999.0 -9999.0 -9999.0 -9999.0 -9999.0 -9999.0
-9999.0 -9999.0 -9999.0 -9999.0 -9999.0 -9999.0 -9999.0 -9999.0 -9999.0 -9999.0 -9999.0 -9999.0 -9999.0 1.363575 1.864922 1.755760 1.683944 1.525404 0.643815 1.396605 1.781560 1.109911 1.711852 1.345960 1.396661 1.949470 1.474066 1.121849 0.887482 1.362594 1.660833 0.950390 0.967677 0.766027 0.880515 -9999.0 -9999.0 -9999.0 -9999.0 -9999.0 -9999.0 -9999.0 -9999.0 -9999.0 -9999.0 -9999.0 -9999.0 -9999.0 -9999.0 -9999.0 -9999.0 -9999.0 -9999.0 -9999.0 -9999.0 -9999.0 -9999.0 -9999.0 -9999.0 -9999.0 -9999.0 -9999.0 -9999.0
-9999.0 -9999.0 -9999.0 -9999.0 -9999.0 -9999.0 -9999.0 -9999.0 -9999.0 -9999.0 -9999.0 -9999.0 -9999.0 1.991351 1.707018 2.055481 1.763777 1.715346 0.568934 2.062333 1.641119 1.374586 2.033058 1.667784 1.840089 2.110773 1.488716 1.079597 1.285567 0.766160 1.048379 0.372955 0.702287 0.000000 0.596135 -9999.0 -9999.0 -9999.0 -9999.0 -9999.0 -9999.0 -9999.0 -9999.0 -9999.0 -9999.0 -9999.0 -9999.0 -9999.0 -9999.0 -9999.0 -9999.0 -9999.0 -9999.0 -9999.0 -9999.0 -9999.0 -9999.0 -9999.0 -9999.0 -9999.0 -9999.0 -9999.0 -9999.0
-9999.0 -9999.0 -9999.0 -9999.0 -9999.0 -9999.0 -9999.0 -9999.0 -9999.0 -9999.0 -9999.0 -9999.0 1.757454 1.668603 2.012787 2.198165 2.249180 1.677820 1.047127 1.535089 1.752938 1.608933 1.559913 1.615365 1.948322 1.126496 1.697028 1.302914 1.470093 0.996809 0.699396 1.099115 1.354423 0.880382 -9999.0 -9999.0 -9999.0 -9999.0 -9999.0 -9999.0 -9999.0 -9999.0 -9999.0 -9999.0 -9999.0 -9999.0 -9999.0 -9999.0 -9999.0 -9999.0 -9999.0 -9999.0 -9999.0 -9999.0 -9999.0 -9999.0 -9999.0 -9999.0 -9999.0 -9999.0 -9999.0 -9999.0 -9999.0
-9999.0 -9999.0 -9999.0 -9999.0 -9999.0 -9999.0 -9999.0 -9999.0 -9999.0 -9999.0 -9999.0 1.143747 1.782327 2.087701 2.056879 1.141264 1.260397 2.137996 1.099125 1.418331 2.141437 2.338316 1.380551 0.897541 1.424466 1.263973 0.928182 1.145729 1.458504 0.891625 0.954968 1.096316 1.291008 1.146586 1.002026 1.141901 0.712263 0.789628 0.801249 -9999.0 -9999.0 -9999.0 1.027287 -9999.0 -9999.0 -9999.0 -9999.0 -9999.0 -9999.0 -9999.0 -9999.0 -9999.0 -9999.0 -9999.0 -9999.0 -9999.0 -9999.0 -9999.0 -9999.0 -9999.0 -9999.0 -9999.0 -9999.0
-9999.0 -9999.0 -9999.0 -9999.0 -9999.0 -9999.0 -9999.0 -9999.0 -9999.0 -9999.0 -9999.0 1.491865 1.947569 2.280199 2.451234 0.881635 2.303618 1.981140 1.003417 1.858284 1.805527 1.629162 1.390833 0.916115 1.080732 1.185706 1.137427 1.203024 1.295378 1.099175 1.086222 1.543620 1.412985 1.077486 0.780864 0.729606 0.789681 0.905651 0.882441 0.402201 1.231027 0.841272 1.088337 1.256987 -9999.0 -9999.0 -9999.0 0.751096 0.919943 1.056666 1.223796 1.137947 1.095599 1.107909 1.022855 0.663971 -9999.0 -9999.0 -9999.0 -9999.0 -9999.0 -9999.0 -9999.0
-9999.0 -9999.0 -9999.0 -9999.0 -9999.0 -9999.0 -9999.0 -9999.0 -9999.0 -9999.0 -9999.0 1.411175 0.909554 1.150319 1.339241 1.073890 1.294957 1.863573 1.728574 1.430908 2.127452 1.455980 1.352512 1.376119 1.005983 1.064164 1.038092 1.055187 1.231662 1.108025 0.832152 0.823142 1.537208 1.263592 1.028804 0.760543 0.571989 0.535489 0.798770 0.474937 0.900115 0.648367 0.803242 1.453433 1.239788 -9999.0 0.667674 0.901392 1.208538 1.377122 1.472481 1.558770 1.500175 1.410173 1.372434 1.290406 -9999.0 -9999.0 -9999.0 -9999.0 -9999.0 -9999.0 -9999.0
-9999.0 -9999.0 -9999.0 -9999.0 -9999.0 -9999.0 -9999.0 -9999.0 -9999.0 -9999.0 -9999.0 -9999.0 1.126350 1.415512 1.516213 1.221669 1.622762 1.817268 1.534541 1.431006 1.933519 1.450521 1.350340 1.334306 1.093095 1.017470 1.658317 1.157795 1.169542 1.086422 1.096587 0.964207 1.458723 1.295731 0.813582 0.620949 0.393350 0.237700 0.190721 0.810677 0.773438 0.475767 0.846841 1.704008 1.449610 1.191048 1.068776 0.964201 0.924139 1.268421 1.020757 0.908645 1.333142 0.792169 0.750384 1.042288 1.287254 -9999.0 -9999.0 -9999.0 -9999.0 -9999.0 -9999.0
-9999.0 -9999.0 -9999.0 -9999.0 -9999.0 -9999.0 -9999.0 -9999.0 -9999.0 -9999.0 -9999.0 1.372992 0.947211 1.167526 1.404489 1.403884 1.367758 1.656291 1.469669 1.810222 1.917352 1.752269 1.241774 1.216527 1.040035 1.054375 1.095327 1.089617 1.157966 1.196891 1.080044 1.174307 1.618841 1.354688 0.637958 0.683947 0.476475 0.347851 0.376827 0.901550 0.580479 0.680709 1.268807 1.219745 1.971143 1.619471 1.503927 1.595620 1.429871 0.719145 0.761099 1.220241 0.757589 0.525350 -0.152718 0.856084 1.427564 -9999.0 -9999.0 -9999.0 -9999.0 -9999.0 -9999.0
-9999.0 -9999.0 -9999.0 -9999.0 -9999.0 -9999.0 -9999.0 -9999.0 -9999.0 -9999.0 1.222768 1.435548 1.673849 1.401671 1.456583 1.438915 1.253965 1.364785 1.429890 1.648652 1.825724 1.573089 1.279471 1.545597 1.239174 1.120435 0.919164 0.772670 1.473240 1.476574 1.160266 1.133655 1.477981 1.380430 1.053309 1.035550 0.751075 0.494724 0.523495 0.679864 0.746154 0.335969 0.413458 1.566701 1.646194 1.667376 1.275742 1.278221 1.446627 1.234784 0.906797 0.983549 -0.092964 0.425048 0.742339 1.150383 1.441907 -9999.0 -9999.0 -9999.0 -9999.0 -9999.0 -9999.0
-9999.0 -9999.0 -9999.0 -9999.0 -9999.0 -9999.0 -9999.0 -9999.0 -9999.0 0.997160 1.027832 1.103284 1.652263 1.485171 1.326911 1.267251 0.920450 1.235499 1.914393 1.499263 1.879278 1.320362 1.410261 1.080510 0.774827 1.098891 1.181423 1.291527 1.176278 1.334390 1.277095 1.165132 1.045709 0.814482 0.893808 0.897065 0.965674 0.841892 0.590034 0.842181 1.097739 1.003002 0.838476 0.878174 1.257060 1.608172 1.771713 1.501703 1.276222 1.279963 1.276615 1.340445 0.448043 0.447443 0.901833 0.762143 1.184114 1.476750 1.348031 -9999.0 -9999.0 -9999.0 -9999.0
-9999.0 -9999.0 -9999.0 -9999.0 -9999.0 -9999.0 -9999.0 -9999.0 -9999.0 1.282336 1.015169 0.924179 1.261010 1.705712 1.566436 1.227011 1.270031 1.247542 1.616770 1.246582 1.335074 1.355285 0.892501 1.408029 1.050621 1.007144 1.143108 1.266785 1.047912 0.789718 1.346133 1.231324 1.204277 1.229165 1.175893 1.296760 1.261604 1.292724 0.836874 1.034994 1.075143 0.812223 0.918932 0.882449 1.481680 1.373961 1.452921 1.292768 1.104523 1.231635 1.208474 0.204340 1.077055 0.861489 0.805068 0.677788 0.888271 1.339603 1.581099 -9999.0 -9999.0 -9999.0 -9999.0
-9999.0 -9999.0 -9999.0 -9999.0 -9999.0 -9999.0 -9999.0 -9999.0 -9999.0 -9999.0 1.008262 0.980180 1.081117 1.932776 1.706001 1.594990 1.254145 1.311637 1.562683 1.297369 1.635946 1.555300 1.207617 1.039294 0.869132 1.197471 1.444019 1.345820 1.364097 1.225349 1.077711 1.196008 0.844913 0.814342 1.199955 1.347869 1.461057 1.652950 1.441192 0.922985 0.618592 1.124456 0.957009 0.995063 1.507159 1.684634 1.679063 0.891734 1.537814 1.802026 1.322042 1.206050 1.333222 0.977162 0.693805 0.804412 0.738199 1.134641 1.442813 1.408686 -9999.0 -9999.0 -9999.0
-9999.0 -9999.0 -9999.0 -9999.0 -9999.0 -9999.0 -9999.0 -9999.0 -9999.0 -9999.0 0.977058 1.021729 0.931288 1.157513 1.197406 1.385409 1.576896 1.451747 1.341582 1.313379 1.238596 1.516054 1.149065 1.103543 1.061775 1.506810 1.497077 1.725501 1.382474 0.740093 0.849732 0.947158 0.824543 1.069546 0.826802 0.834042 1.395501 1.510355 1.303177 1.114042 1.039104 1.122014 1.004138 0.943909 1.040348 1.316018 1.111306 1.485055 1.832174 1.455871 1.533993 1.227709 1.217583 1.316575 1.226736 1.105866 0.631509 0.738243 1.901753 1.745420 -9999.0 -9999.0 -9999.0
-9999.0 -9999.0 -9999.0 -9999.0 -9999.0 -9999.0 -9999.0 -9999.0 1.568929 1.467587 1.004797 0.900698 1.051918 1.216326 1.436088 1.757827 1.310541 1.233928 1.275080 1.230151 1.340170 1.235793 1.196175 0.788472 0.862890 1.765604 1.833709 1.447710 1.032587 0.884065 -0.072235 0.835326 1.174091 0.902417 1.023313 0.621514 1.059921 1.538575 1.400238 1.326384 0.968655 0.907949 0.734740 0.768514 1.210602 0.983646 1.309800 0.936794 1.479479 1.007024 1.829593 1.474108 1.317798 0.046305 1.125744 1.322402 1.270033 1.256748 1.333346 2.192643 -9999.0 -9999.0 -9999.0
-9999.0 -9999.0 -9999.0 -9999.0 -9999.0 -9999.0 -9999.0 -9999.0 0.945203 1.398536 1.268297 0.858426 0.842348 0.931980 1.324901 1.578543 1.323335 1.188436 1.189117 1.193562 1.243671 1.390531 1.813681 1.285768 1.073353 1.973017 2.130384 1.299005 0.719449 1.266993 1.037375 1.241261 1.294358 1.139104 1.190102 1.200943 1.303011 1.710275 1.366981 1.451835 1.066731 0.630992 0.942746 1.182884 1.280520 1.189495 0.792177 0.912663 0.861720 1.862449 1.553458 1.676443 1.302401 1.160608 1.350473 0.865344 1.323731 1.347505 1.509510 1.449261 1.381174 -9999.0 -9999.0
-9999.0 -9999.0 -9999.0 -9999.0 -9999.0 -9999.0 -9999.0 -9999.0 0.825522 1.039881 1.712822 1.009320 1.153055 0.736150 1.407299 1.426621 1.320854 1.154173 1.166334 1.082500 1.157802 1.319301 1.383030 1.163190 1.355886 1.969598 1.758894 1.327183 0.845971 1.332722 1.161289 1.264816 1.251447 1.099403 1.249358 1.497605 0.111735 1.314407 1.536711 1.297392 1.295598 1.149500 1.154107 1.044420 1.062866 1.215852 1.478650 1.182938 0.743458 1.424201 1.559782 1.873872 1.402131 1.074316 1.402224 1.629240 1.766945 1.765161 1.442922 1.439716 1.394090 -9999.0 -9999.0
-9999.0 -9999.0 -9999.0 -9999.0 -9999.0 -9999.0 -9999.0 -9999.0 0.724996 1.017944 1.607693 1.041054 1.383719 1.363743 1.506070 1.888159 1.406815 1.313371 0.900225 1.329560 1.130766 1.190082 1.278876 1.254632 1.185751 1.571318 1.339182 1.092216 1.396155 1.157582 1.250294 1.228063 1.315981 1.663798 1.293221 1.373872 1.339000 1.396288 -0.174693 1.418179 1.553269 1.418904 1.449941 1.610726 1.474836 1.394902 1.430606 1.521783 1.235226 1.208819 1.158454 1.569636 1.921281 1.157740 1.317877 1.819102 1.910458 2.679877 1.939429 1.366287 1.382193 1.623339 -9999.0
-9999.0 -9999.0 -9999.0 -9999.0 -9999.0 -9999.0 -9999.0 -9999.0 0.871798 1.006643 0.926825 1.461478 1.613304 1.881261 1.723450 1.764573 1.026228 1.943603 1.634105 1.265103 1.148692 1.129861 0.950533 0.928566 1.137804 1.085584 1.250657 1.208770 1.397750 1.588790 1.474461 1.359568 1.483973 1.738296 0.305517 0.255264 1.475007 1.556836 2.052720 1.785598 1.624916 1.175144 1.493487 1.458320 1.451456 1.499368 1.318989 1.376606 1.301082 1.462139 1.286542 1.371802 1.499737 1.452237 1.924015 2.016709 1.581786 1.431933 1.382362 1.349129 1.589005 1.567980 -9999.0
-9999.0 -9999.0 1.408534 1.364842 1.161938 1.239274 1.394784 1.326513 1.277753 1.080172 0.903015 2.046134 1.912439 1.665401 1.418441 1.184874 1.626756 1.363143 0.809813 1.500323 1.235260 1.182102 1.380660 1.343145 1.157315 1.292237 1.340017 1.706401 2.014995 1.890175 1.839797 1.743962 1.402938 2.208651 1.918531 2.114380 1.944261 1.870325 2.149679 1.908865 1.697298 1.751978 1.994803 1.891650 1.773495 1.530150 1.726230 2.249915 1.550876 1.419770 1.112423 1.454277 1.591695 1.576371 1.475085 1.199090 1.696873 1.445510 1.672350 1.529655 1.562779 1.437246 -9999.0
-9999.0 1.433886 1.424542 1.415029 1.274589 1.308295 1.271579 1.146713 1.089039 1.025073 0.985339 1.573740 2.188861 1.811684 1.342705 1.657470 1.235149 1.217965 1.161661 1.626071 1.280142 1.577419 1.341099 1.573353 1.383473 1.102138 1.425958 1.380066 1.623871 2.023850 1.389061 1.374618 1.813332 1.987279 2.037097 2.143113 2.181994 2.157896 2.233003 2.192502 2.079035 2.067893 2.140368 2.468973 1.621330 1.632697 1.490698 1.819689 1.600155 1.757406 1.358765 1.405333 1.715658 1.750795 1.703651 1.551154 2.087720 2.038376 1.451128 1.407534 1.751886 1.313834 -9999.0
-9999.0 1.203039 1.463230 1.592516 1.800298 1.618088 1.485127 1.296706 1.445915 1.318236 1.130160 1.605409 2.010452 1.329570 1.781728 1.546979 1.109372 1.030357 1.283150 1.813236 1.253379 2.322200 2.119168 1.500447 1.240277 1.272488 1.288627 1.276784 1.542410 1.369206 1.302518 1.274440 2.097196 2.164263 2.209363 1.625669 1.367380 1.460244 2.373657 1.751253 1.823890 2.292722 2.287794 1.688534 1.308548 1.278324 1.506606 1.612238 1.419566 1.476228 1.383034 1.724798 1.555953 2.179939 1.906451 1.866125 1.731977 1.697061 1.548257 1.576848 1.501544 -9999.0 -9999.0
-9999.0 1.060766 1.042034 1.693415 1.459543 1.765476 1.857708 1.589260 1.414566 1.288828 1.308108 1.852019 1.239690 1.658414 1.677615 1.498879 0.933795 0.987854 1.380829 1.693599 1.713075 1.363261 1.426121 1.247787 1.294592 1.445940 1.488896 1.470681 1.136194 1.410191 1.028097 1.075721 1.599798 1.605060 1.572075 1.454219 1.685401 1.248803 1.562147 1.556313 1.608604 1.418768 1.703508 1.137053 1.117538 1.670957 1.466316 1.942634 1.763618 2.546782 2.071485 1.445247 1.860159 1.541420 1.782208 1.597959 1.521938 1.454546 1.430968 -9999.0 -9999.0 -9999.0 -9999.0
