user2019/resources/simulation/Vinschgau/output-maps/ETN0586.asc
ncols         63
nrows         48
xllcorner     598000.000000
yllcorner     5145000.000000
cellsize      1000.000000
NODATA_value  -9999.0
[rows 0 to 28 of 48, columns 0 to 62 of 63]
-9999.0 -9999.0 -9999.0 -9999.0 -9999.0 -9999.0 -9999.0 -9999.0 -9999.0 -9999.0 -9999.0 -9999.0 -9999.0 -9999.0 -9999.0 -9999.0 -9999.0 -9999.0 -9999.0 -9999.0 -9999.0 -9999.0 -9999.0 -9999.0 -9999.0 -9999.0 -9999.0 -9999.0 -9999.0 -9999.0 -9999.0 -9999.0 -9999.0 -9999.0 -9999.0 -9999.0 -9999.0 -9999.0 -9999.0 -9999.0 -9999.0 -9999.0 -9999.0 -9999.0 -9999.0 -9999.0 -9999.0 -9999.0 -9999.0 -9999.0 -9999.0 -9999.0 -9999.0 -9999.0 -9999.0 -9999.0 -9999.0 -9999.0 -9999.0 -9999.0 -9999.0 -9999.0 -9999.0
-9999.0 -9999.0 -9999.0 -9999.0 -9999.0 -9999.0 -9999.0 -9999.0 -9999.0 -9999.0 -9999.0 -9999.0 -9999.0 -9999.0 -9999.0 -9999.0 -9999.0 -9999.0 -9999.0 -9999.0 -9999.0 -9999.0 -9999.0 -9999.0 -9999.0 -9999.0 -9999.0 0.654193 0.725775 0.698526 0.613215 0.589841 0.619278 -9999.0 -9999.0 -9999.0 -9999.0 -9999.0 -9999.0 -9999.0 -9999.0 -9999.0 -9999.0 -9999.0 -9999.0 -9999.0 -9999.0 -9999.0 -9999.0 -9999.0 -9999.0 -9999.0 -9999.0 -9999.0 -9999.0 -9999.0 -9999.0 -9999.0 -9999.0 -9999.0 -9999.0 -9999.0 -9999.0
-9999.0 -9999.0 -9999.0 -9999.0 -9999.0 -9999.0 -9999.0 -9999.0 -9999.0 -9999.0 -9999.0 -9999.0 -9999.0 -9999.0 -9999.0 -9999.0 -9999.0 -9999.0 -9999.0 -9999.0 -9999.0 -9999.0 -9999.0 -9999.0 0.759785 0.566245 0.526440 0.527049 0.765504 0.733132 0.588176 -9999.0 -9999.0 -9999.0 -9999.0 -9999.0 -9999.0 -9999.0 -9999.0 -9999.0 -9999.0 -9999.0 -9999.0 -9999.0 -9999.0 -9999.0 -9999.0 -9999.0 -9999.0 -9999.0 -9999.0 -9999.0 -9999.0 -9999.0 -9999.0 -9999.0 -9999.0 -9999.0 -9999.0 -9999.0 -9999.0 -9999.0 -9999.0
-9999.0 -9999.0 -9999.0 -9999.0 -9999.0 -9999.0 -9999.0 -9999.0 -9999.0 -9999.0 -9999.0 -9999.0 -9999.0 -9999.0 -9999.0 -9999.0 -9999.0 -9999.0 -9999.0 -9999.0 -9999.0 -9999.0 -9999.0 0.756605 0.568984 0.894999 0.700809 0.645000 1.179172 0.506011 0.595980 0.549020 -9999.0 -9999.0 -9999.0 -9999.0 -9999.0 -9999.0 -9999.0 -9999.0 -9999.0 -9999.0 -9999.0 -9999.0 -9999.0 -9999.0 -9999.0 -9999.0 -9999.0 -9999.0 -9999.0 -9999.0 -9999.0 -9999.0 -9999.0 -9999.0 -9999.0 -9999.0 -9999.0 -9999.0 -9999.0 -9999.0 -9999.0
-9999.0 -9999.0 -9999.0 -9999.0 -9999.0 -9999.0 -9999.0 -9999.0 -9999.0 -9999.0 -9999.0 -9999.0 -9999.0 -9999.0 -9999.0 -9999.0 -9999.0 -9999.0 0.648924 0.778727 -9999.0 0.825305 0.841611 0.977414 0.748425 0.654903 0.622993 0.702754 1.270896 0.928721 0.585513 0.671949 0.535300 0.008749 -9999.0 -9999.0 -9999.0 -9999.0 -9999.0 -9999.0 -9999.0 -9999.0 -9999.0 -9999.0 -9999.0 -9999.0 -9999.0 -9999.0 -9999.0 -9999.0 -9999.0 -9999.0 -9999.0 -9999.0 -9999.0 -9999.0 -9999.0 -9999.0 -9999.0 -9999.0 -9999.0 -9999.0 -9999.0
-9999.0 -9999.0 -9999.0 -9999.0 -9999.0 -9999.0 -9999.0 -9999.0 -9999.0 -9999.0 -9999.0 -9999.0 -9999.0 -9999.0 -9999.0 -9999.0 -9999.0 1.319548 1.543068 1.134383 0.786415 0.815523 0.855244 0.542705 0.592917 0.866973 0.976228 0.801557 0.942705 0.702346 0.889472 0.747843 0.720251 0.652106 0.525799 -0.014090 -9999.0 -9999.0 -9999.0 -9999.0 -9999.0 -9999.0 -9999.0 -9999.0 -9999.0 -9999.0 -9999.0 -9999.0 -9999.0 -9999.0 -9999.0 -9999.0 -9999.0 -9999.0 -9999.0 -9999.0 -9999.0 -9999.0 -9999.0 -9999.0 -9999.0 -9999.0 -9999.0
-9999.0 -9999.0 -9999.0 -9999.0 -9999.0 -9999.0 -9999.0 -9999.0 -9999.0 -9999.0 -9999.0 -9999.0 -9999.0 0.871634 1.214113 1.390737 1.224992 0.414072 1.325573 0.940417 1.057302 0.911514 0.842273 0.574743 0.887622 0.732731 0.625964 -0.418013 0.633293 0.758929 0.775079 0.679479 0.664824 0.582789 0.512074 0.387977 -9999.0 -9999.0 -9999.0 -9999.0 -9999.0 -9999.0 -9999.0 -9999.0 -9999.0 -9999.0 -9999.0 -9999.0 -9999.0 -9999.0 -9999.0 -9999.0 -9999.0 -9999.0 -9999.0 -9999.0 -9999.0 -9999.0 -9999.0 -9999.0 -9999.0 -9999.0 -9999.0
-9999.0 -9999.0 -9999.0 -9999.0 -9999.0 -9999.0 -9999.0 -9999.0 -9999.0 -9999.0 -9999.0 -9999.0 -9999.0 0.943217 1.412498 1.334194 1.255161 0.753776 0.415991 0.832577 0.982269 0.723969 1.132152 1.011990 0.981197 0.847992 0.668764 0.601827 0.575123 0.606643 -0.432824 0.569069 0.481583 0.378178 0.448665 -9999.0 -9999.0 -9999.0 -9999.0 -9999.0 -9999.0 -9999.0 -9999.0 -9999.0 -9999.0 -9999.0 -9999.0 -9999.0 -9999.0 -9999.0 -9999.0 -9999.0 -9999.0 -9999.0 -9999.0 -9999.0 -9999.0 -9999.0 -9999.0 -9999.0 -9999.0 -9999.0 -9999.0
-9999.0 -9999.0 -9999.0 -9999.0 -9999.0 -9999.0 -9999.0 -9999.0 -9999.0 -9999.0 -9999.0 -9999.0 -9999.0 1.486614 1.190102 1.460789 1.412684 1.244265 0.420868 1.495220 0.836072 0.943296 1.253179 1.072244 1.191644 -0.431028 0.692348 0.522593 0.600350 0.504433 0.479991 0.337690 0.361051 0.000000 0.378261 -9999.0 -9999.0 -9999.0 -9999.0 -9999.0 -9999.0 -9999.0 -9999.0 -9999.0 -9999.0 -9999.0 -9999.0 -9999.0 -9999.0 -9999.0 -9999.0 -9999.0 -9999.0 -9999.0 -9999.0 -9999.0 -9999.0 -9999.0 -9999.0 -9999.0 -9999.0 -9999.0 -9999.0
-9999.0 -9999.0 -9999.0 -9999.0 -9999.0 -9999.0 -9999.0 -9999.0 -9999.0 -9999.0 -9999.0 -9999.0 1.251555 1.106295 1.460450 1.278345 1.730258 1.673995 0.766542 0.936043 0.890774 0.838575 -0.375287 -0.216313 0.998091 0.611196 -0.435270 0.581172 0.657676 0.455368 0.377164 0.556453 0.486311 0.292880 -9999.0 -9999.0 -9999.0 -9999.0 -9999.0 -9999.0 -9999.0 -9999.0 -9999.0 -9999.0 -9999.0 -9999.0 -9999.0 -9999.0 -9999.0 -9999.0 -9999.0 -9999.0 -9999.0 -9999.0 -9999.0 -9999.0 -9999.0 -9999.0 -9999.0 -9999.0 -9999.0 -9999.0 -9999.0
-9999.0 -9999.0 -9999.0 -9999.0 -9999.0 -9999.0 -9999.0 -9999.0 -9999.0 -9999.0 -9999.0 0.832325 1.334348 1.227366 1.267594 0.898826 0.932401 1.957816 0.792480 0.883134 1.177463 1.274700 0.738960 0.695860 0.859323 0.628597 0.477650 0.695046 0.597166 0.342946 0.552614 0.691934 0.518358 0.438662 0.575073 0.707911 0.362169 0.379580 0.373762 -9999.0 -9999.0 -9999.0 0.593277 -9999.0 -9999.0 -9999.0 -9999.0 -9999.0 -9999.0 -9999.0 -9999.0 -9999.0 -9999.0 -9999.0 -9999.0 -9999.0 -9999.0 -9999.0 -9999.0 -9999.0 -9999.0 -9999.0 -9999.0
-9999.0 -9999.0 -9999.0 -9999.0 -9999.0 -9999.0 -9999.0 -9999.0 -9999.0 -9999.0 -9999.0 0.782362 1.394639 1.516597 1.484255 0.888316 1.605526 1.457474 0.777604 0.693649 1.027909 0.858439 0.724869 -0.381298 0.249074 0.637473 0.676136 0.698337 0.597599 0.394949 0.684389 0.644484 0.367270 0.550725 0.333880 0.436250 0.372529 0.283649 0.248176 0.170556 0.186358 0.313107 0.506179 0.593677 -9999.0 -9999.0 -9999.0 0.105873 0.483823 0.544253 0.546036 0.430544 0.410136 0.338259 0.410020 0.392163 -9999.0 -9999.0 -9999.0 -9999.0 -9999.0 -9999.0 -9999.0
-9999.0 -9999.0 -9999.0 -9999.0 -9999.0 -9999.0 -9999.0 -9999.0 -9999.0 -9999.0 -9999.0 0.772510 0.804852 0.568956 0.864880 0.916107 0.593295 1.553093 0.743861 0.678584 1.101676 0.472025 0.319474 0.718504 0.633696 0.709557 -0.501659 0.250008 0.546318 0.492190 0.594174 0.255013 0.490723 0.339327 0.639348 0.432607 0.156518 0.096616 0.101103 0.155876 0.303278 0.395417 0.494222 0.504150 0.544926 -9999.0 0.332048 0.580294 0.698241 0.740011 0.748640 0.690305 0.700091 0.666251 0.652838 0.584952 -9999.0 -9999.0 -9999.0 -9999.0 -9999.0 -9999.0 -9999.0
-9999.0 -9999.0 -9999.0 -9999.0 -9999.0 -9999.0 -9999.0 -9999.0 -9999.0 -9999.0 -9999.0 -9999.0 0.782964 0.406508 0.867234 0.893077 1.194951 1.075914 0.768130 0.694976 0.960701 0.527285 0.443665 0.342095 -0.422544 -0.496356 0.763847 0.632170 0.595531 0.603065 0.715616 -0.495964 0.491741 0.388107 0.352358 0.388388 0.125859 0.028292 -0.067161 0.159502 0.354807 0.277449 0.333335 0.543413 0.656239 0.587792 0.561067 0.592310 -0.441257 0.360704 0.234232 0.249687 0.305432 -0.591483 0.179908 0.563005 0.596913 -9999.0 -9999.0 -9999.0 -9999.0 -9999.0 -9999.0
-9999.0 -9999.0 -9999.0 -9999.0 -9999.0 -9999.0 -9999.0 -9999.0 -9999.0 -9999.0 -9999.0 -0.182022 0.722983 0.821318 0.536656 0.536545 0.627350 1.374694 0.747532 1.238004 0.987355 1.071580 0.438860 -0.488590 -0.504750 0.404889 0.289190 0.529777 0.648058 0.712714 -0.515811 0.368353 0.520719 0.378068 0.320797 0.409975 0.271984 0.097464 0.148828 0.236587 0.223602 0.288026 0.511761 0.406473 0.580694 0.656900 0.729392 0.741607 0.762980 0.238760 0.218705 0.585001 0.192276 -0.402124 0.090129 0.454660 0.532212 -9999.0 -9999.0 -9999.0 -9999.0 -9999.0 -9999.0
-9999.0 -9999.0 -9999.0 -9999.0 -9999.0 -9999.0 -9999.0 -9999.0 -9999.0 -9999.0 0.768369 0.393834 0.774494 0.802476 0.888740 0.619602 0.552213 0.872669 1.155605 1.204205 0.684775 0.768048 0.487859 0.589389 0.391080 0.333531 -0.526627 0.201959 0.783557 0.771794 0.410898 0.338404 0.679544 0.527910 0.417638 0.686321 0.420261 0.174543 0.284677 0.258032 0.291026 0.245146 0.336792 0.994752 0.296600 0.790831 0.820255 0.414970 0.431442 0.241833 0.227465 0.481791 -0.097928 -0.046247 0.425517 0.657996 0.601026 -9999.0 -9999.0 -9999.0 -9999.0 -9999.0 -9999.0
-9999.0 -9999.0 -9999.0 -9999.0 -9999.0 -9999.0 -9999.0 -9999.0 -9999.0 0.651750 0.707387 -0.329073 0.516374 0.423180 -0.294946 -0.329980 0.380801 1.010832 1.025808 1.155592 0.687044 0.718023 0.639886 0.404382 0.273538 0.379418 0.210248 0.819889 0.256320 0.308820 0.297597 -1.134790 0.506887 0.416497 0.513753 0.618186 0.471587 0.234143 -0.162816 0.425688 0.726096 0.715309 0.579931 0.655058 0.689716 0.293749 0.615640 0.240275 0.249756 0.268771 -0.549131 0.487485 -0.034735 -0.038723 0.499754 0.217442 0.215247 0.621389 0.501341 -9999.0 -9999.0 -9999.0 -9999.0
-9999.0 -9999.0 -9999.0 -9999.0 -9999.0 -9999.0 -9999.0 -9999.0 -9999.0 0.611635 0.627025 0.704953 0.916372 0.650854 0.529179 0.441795 0.885042 0.413225 1.060417 0.699918 0.671723 0.635219 0.529268 0.501229 0.421326 -0.551630 0.226494 0.299315 0.371336 0.403732 0.585639 -1.085833 0.606455 0.521667 0.641057 0.653718 0.721087 0.835673 0.456400 0.530179 0.229915 -0.387624 0.270100 0.398169 1.055543 0.455289 0.396023 0.291533 0.284463 0.248290 0.292936 -0.099444 -0.037078 0.393604 0.517049 -0.412188 -0.572344 -0.645344 0.665900 -9999.0 -9999.0 -9999.0 -9999.0
-9999.0 -9999.0 -9999.0 -9999.0 -9999.0 -9999.0 -9999.0 -9999.0 -9999.0 -9999.0 0.618409 0.706115 0.558838 1.251330 0.646799 0.577349 0.562894 0.447156 1.112015 0.702443 0.649606 0.746519 0.667077 0.597124 -0.581471 0.270418 0.327931 0.362234 0.589248 -1.255101 -1.160078 0.237751 -0.297303 0.580550 0.753647 0.789655 0.518054 0.504245 0.644402 0.677795 0.574827 0.545123 0.846564 0.263717 0.770238 0.663848 0.688493 0.500268 0.408705 0.486232 0.402138 0.291363 0.452479 0.377315 0.376640 0.575675 0.659224 0.319307 0.358527 0.303786 -9999.0 -9999.0 -9999.0
-9999.0 -9999.0 -9999.0 -9999.0 -9999.0 -9999.0 -9999.0 -9999.0 -9999.0 -9999.0 0.602238 0.666814 0.693523 0.668399 0.766820 0.808499 0.771275 1.044322 0.935147 0.673038 0.757373 0.744131 0.629573 0.423185 0.308243 0.324676 0.379973 0.693053 0.384328 -0.420252 0.609665 0.650566 -0.414379 0.448920 0.598434 0.647571 0.371972 0.361700 0.261688 0.517658 0.677036 0.722079 -0.501908 0.723833 0.765355 0.546090 0.382538 0.706202 1.088233 0.410243 0.394222 -0.593466 0.220782 0.478344 0.285046 0.442784 0.558985 0.290988 0.818780 0.450378 -9999.0 -9999.0 -9999.0
-9999.0 -9999.0 -9999.0 -9999.0 -9999.0 -9999.0 -9999.0 -9999.0 0.712582 0.648537 0.632535 0.652307 -0.480575 -0.433334 0.903208 1.110741 0.891020 0.672580 0.665564 0.685261 0.738948 0.636611 0.604289 0.586760 0.528685 0.789028 0.730242 0.485488 -0.583798 -0.424069 0.525561 0.606111 0.613141 0.564525 0.629754 0.582293 0.792254 0.313828 0.260329 0.504963 0.621050 0.700405 0.230752 0.588168 0.806359 0.769586 -0.854354 0.315884 0.670851 0.429958 0.450788 0.449290 0.223305 -0.112314 0.561541 0.703219 0.733273 0.859549 0.278767 1.151619 -9999.0 -9999.0 -9999.0
-9999.0 -9999.0 -9999.0 -9999.0 -9999.0 -9999.0 -9999.0 -9999.0 -0.508470 -0.503269 -0.398273 0.605276 0.691992 -0.513404 0.669831 0.926087 0.873383 0.888088 0.811703 0.696691 0.693312 0.756476 0.715030 0.694207 0.601544 1.046159 0.901941 0.316115 0.210741 0.735738 0.661789 0.709864 0.711618 0.660568 0.713838 0.793984 0.848557 0.345864 -0.477716 0.654465 0.550057 0.492331 0.607360 0.810527 0.838001 0.245431 0.228590 0.766103 0.312641 0.955594 0.397670 0.370492 -1.278508 0.725563 0.875909 0.288906 0.324629 0.324788 0.396198 0.539537 0.461685 -9999.0 -9999.0
-9999.0 -9999.0 -9999.0 -9999.0 -9999.0 -9999.0 -9999.0 -9999.0 0.734223 0.787689 0.674888 0.284539 0.784780 -0.508289 -0.549559 0.554699 0.751562 0.516409 0.783670 0.710940 0.673861 0.773316 0.711438 0.498552 0.732068 0.879010 0.868399 0.400532 -0.449513 0.837743 0.826467 0.849218 0.241367 0.252731 0.834884 0.885424 -0.515341 0.356551 -1.041929 0.247014 0.577311 0.576776 0.666116 0.739789 0.236464 0.715296 0.608191 0.769877 0.232921 0.578329 0.974812 0.434968 0.351201 0.318135 0.388646 0.451069 0.518981 0.462181 0.580511 0.595885 0.506826 -9999.0 -9999.0
-9999.0 -9999.0 -9999.0 -9999.0 -9999.0 -9999.0 -9999.0 -9999.0 0.604740 0.812316 0.350450 -0.386222 0.782051 0.359502 0.573659 0.766357 0.810524 0.762681 0.643162 0.912152 0.659033 0.707197 0.802423 0.755012 0.631687 0.703982 0.606877 -1.286845 0.853856 0.334168 -0.563781 0.317453 0.336898 0.301392 -0.484500 0.800180 0.863043 0.408539 -1.290744 0.230848 0.555633 0.670377 0.719951 0.711429 0.661398 0.700906 0.831880 0.811451 0.766847 0.239249 0.518186 0.767532 0.487864 0.335481 0.491275 0.638865 0.772477 1.538768 1.263728 0.578473 0.435077 0.712273 -9999.0
-9999.0 -9999.0 -9999.0 -9999.0 -9999.0 -9999.0 -9999.0 -9999.0 0.644998 0.802152 -0.655741 0.524315 0.601177 0.728893 0.574071 0.512579 0.541381 0.867835 0.711179 0.862772 0.702715 0.692120 0.689913 0.728335 0.616622 0.562879 0.313819 0.411321 0.323964 0.447342 0.452385 0.445622 0.489370 0.364128 -0.583998 -0.600458 0.341320 0.422250 0.443493 0.303341 0.314842 -0.554771 0.324280 0.308064 0.264817 0.923082 0.361056 0.357919 0.253657 0.313192 0.404797 0.597621 0.687987 0.502392 0.707338 0.757657 0.608069 0.615270 0.604905 0.518606 0.903492 0.714121 -9999.0
-9999.0 -9999.0 0.868823 0.865489 0.299617 0.331288 0.346139 0.277858 0.769984 0.802750 -0.616156 0.836398 0.759153 0.528753 0.602299 0.358042 0.689486 0.522951 0.244967 0.690273 0.774956 0.756487 0.930286 0.785435 0.627357 0.552920 0.577463 0.627308 0.848149 0.589602 0.475384 0.532200 0.786526 0.714845 0.400282 0.504291 0.246792 0.422609 0.446400 0.344319 0.357518 0.376230 0.643344 0.416333 0.474636 0.374742 0.336704 0.813094 0.455890 0.522548 0.543933 0.547365 0.611435 0.577160 0.553914 0.672073 0.711028 0.522112 0.480454 0.871977 0.510191 0.686611 -9999.0
-9999.0 0.276291 0.412837 0.390691 0.318870 0.394850 0.327860 -0.287374 -0.106004 0.650421 -0.534409 0.653434 0.953743 0.809554 0.463041 0.592840 0.306492 -0.525325 0.235811 0.634688 0.637384 0.981891 0.767051 1.054307 0.658111 0.471091 0.603058 0.636632 0.687180 0.545751 0.374655 0.432078 0.723008 0.962111 0.374931 0.292376 0.268429 0.486893 0.433906 0.257045 0.267387 0.493617 0.561035 0.666964 0.637495 0.771571 0.511282 1.108216 0.703586 1.267662 0.616507 0.591981 0.718300 0.648863 0.621186 0.551201 0.822014 0.837015 0.400498 0.444802 0.618078 0.739218 -9999.0
-9999.0 0.823204 0.515981 0.407353 0.526132 0.435857 0.486007 0.244750 0.660365 0.713146 0.289935 0.578687 0.660920 0.480336 0.646589 0.483797 -0.478901 -0.493519 0.430893 0.864052 0.600612 0.953662 1.045387 0.594922 0.665467 0.664531 0.677374 0.598861 0.849168 0.831114 0.678338 0.673817 1.026032 0.592771 0.633496 0.387316 0.653364 0.643672 0.311926 0.291539 0.373909 0.473840 0.758631 0.802460 0.773027 0.750910 0.742259 0.816143 0.790715 0.749621 0.541409 0.821988 0.687106 0.944013 0.744793 0.665620 0.635677 0.635030 0.590846 0.528269 0.496137 -9999.0 -9999.0
-9999.0 0.803137 0.433216 0.982634 0.809709 0.768401 0.702228 0.534878 0.314392 -0.507608 0.397462 0.589774 0.384935 0.625965 0.590066 -1.146022 -0.369092 -0.553741 0.544546 0.756972 0.498940 0.536912 0.563132 0.633745 0.695759 0.692438 0.875654 0.913416 0.677818 0.886015 0.640620 0.623202 0.893963 0.691913 0.514192 0.382221 0.330829 0.625539 0.291580 0.320061 0.389909 0.762711 0.584055 0.500541 0.518517 0.769839 0.734995 0.722139 0.824641 1.492203 0.948114 0.644514 0.730832 0.416749 0.619028 0.527895 0.501666 0.459158 0.457767 -9999.0 -9999.0 -9999.0 -9999.0
