user2019/resources/simulation/Vinschgau/output-maps/ETN1241.asc
ncols         63
nrows         48
xllcorner     598000.000000
yllcorner     5145000.000000
cellsize      1000.000000
NODATA_value  -9999.0
[rows 0 to 28 of 48, columns 0 to 62 of 63]
-9999.0 -9999.0 -9999.0 -9999.0 -9999.0 -9999.0 -9999.0 -9999.0 -9999.0 -9999.0 -9999.0 -9999.0 -9999.0 -9999.0 -9999.0 -9999.0 -9999.0 -9999.0 -9999.0 -9999.0 -9999.0 -9999.0 -9999.0 -9999.0 -9999.0 -9999.0 -9999.0 -9999.0 -9999.0 -9999.0 -9999.0 -9999.0 -9999.0 -9999.0 -9999.0 -9999.0 -9999.0 -9999.0 -9999.0 -9999.0 -9999.0 -9999.0 -9999.0 -9999.0 -9999.0 -9999.0 -9999.0 -9999.0 -9999.0 -9999.0 -9999.0 -9999.0 -9999.0 -9999.0 -9999.0 -9999.0 -9999.0 -9999.0 -9999.0 -9999.0 -9999.0 -9999.0 -9999.0
-9999.0 -9999.0 -9999.0 -9999.0 -9999.0 -9999.0 -9999.0 -9999.0 -9999.0 -9999.0 -9999.0 -9999.0 -9999.0 -9999.0 -9999.0 -9999.0 -9999.0 -9999.0 -9999.0 -9999.0 -9999.0 -9999.0 -9999.0 -9999.0 -9999.0 -9999.0 -9999.0 0.108514 0.412308 0.152377 0.413256 0.391556 0.580374 -9999.0 -9999.0 -9999.0 -9999.0 -9999.0 -9999.0 -9999.0 -9999.0 -9999.0 -9999.0 -9999.0 -9999.0 -9999.0 -9999.0 -9999.0 -9999.0 -9999.0 -9999.0 -9999.0 -9999.0 -9999.0 -9999.0 -9999.0 -9999.0 -9999.0 -9999.0 -9999.0 -9999.0 -9999.0 -9999.0
-9999.0 -9999.0 -9999.0 -9999.0 -9999.0 -9999.0 -9999.0 -9999.0 -9999.0 -9999.0 -9999.0 -9999.0 -9999.0 -9999.0 -9999.0 -9999.0 -9999.0 -9999.0 -9999.0 -9999.0 -9999.0 -9999.0 -9999.0 -9999.0 0.423709 0.424455 0.429208 0.419395 0.440477 0.441106 0.396044 -9999.0 -9999.0 -9999.0 -9999.0 -9999.0 -9999.0 -9999.0 -9999.0 -9999.0 -9999.0 -9999.0 -9999.0 -9999.0 -9999.0 -9999.0 -9999.0 -9999.0 -9999.0 -9999.0 -9999.0 -9999.0 -9999.0 -9999.0 -9999.0 -9999.0 -9999.0 -9999.0 -9999.0 -9999.0 -9999.0 -9999.0 -9999.0
-9999.0 -9999.0 -9999.0 -9999.0 -9999.0 -9999.0 -9999.0 -9999.0 -9999.0 -9999.0 -9999.0 -9999.0 -9999.0 -9999.0 -9999.0 -9999.0 -9999.0 -9999.0 -9999.0 -9999.0 -9999.0 -9999.0 -9999.0 0.420095 0.437697 0.184799 0.113592 0.017990 0.033373 0.425098 0.398678 0.384915 -9999.0 -9999.0 -9999.0 -9999.0 -9999.0 -9999.0 -9999.0 -9999.0 -9999.0 -9999.0 -9999.0 -9999.0 -9999.0 -9999.0 -9999.0 -9999.0 -9999.0 -9999.0 -9999.0 -9999.0 -9999.0 -9999.0 -9999.0 -9999.0 -9999.0 -9999.0 -9999.0 -9999.0 -9999.0 -9999.0 -9999.0
-9999.0 -9999.0 -9999.0 -9999.0 -9999.0 -9999.0 -9999.0 -9999.0 -9999.0 -9999.0 -9999.0 -9999.0 -9999.0 -9999.0 -9999.0 -9999.0 -9999.0 -9999.0 0.352186 0.443543 -9999.0 0.426281 0.432750 0.021289 0.127709 0.017669 0.569241 0.448224 0.645704 0.500852 0.428779 0.410823 0.106876 0.099796 -9999.0 -9999.0 -9999.0 -9999.0 -9999.0 -9999.0 -9999.0 -9999.0 -9999.0 -9999.0 -9999.0 -9999.0 -9999.0 -9999.0 -9999.0 -9999.0 -9999.0 -9999.0 -9999.0 -9999.0 -9999.0 -9999.0 -9999.0 -9999.0 -9999.0 -9999.0 -9999.0 -9999.0 -9999.0
-9999.0 -9999.0 -9999.0 -9999.0 -9999.0 -9999.0 -9999.0 -9999.0 -9999.0 -9999.0 -9999.0 -9999.0 -9999.0 -9999.0 -9999.0 -9999.0 -9999.0 0.186832 0.040624 0.006400 0.044271 0.545801 0.484413 0.046587 0.416981 0.462047 0.248113 0.602600 0.322743 0.670757 0.453392 0.427123 0.117083 0.114305 0.104322 0.106386 -9999.0 -9999.0 -9999.0 -9999.0 -9999.0 -9999.0 -9999.0 -9999.0 -9999.0 -9999.0 -9999.0 -9999.0 -9999.0 -9999.0 -9999.0 -9999.0 -9999.0 -9999.0 -9999.0 -9999.0 -9999.0 -9999.0 -9999.0 -9999.0 -9999.0 -9999.0 -9999.0
-9999.0 -9999.0 -9999.0 -9999.0 -9999.0 -9999.0 -9999.0 -9999.0 -9999.0 -9999.0 -9999.0 -9999.0 -9999.0 0.272012 0.269484 0.216500 0.090267 0.001066 0.192321 0.020450 0.115424 0.173143 0.023920 0.310958 0.368705 0.431316 0.213696 0.393502 0.310695 0.535145 0.476115 0.438066 0.420661 0.418421 0.171620 0.102073 -9999.0 -9999.0 -9999.0 -9999.0 -9999.0 -9999.0 -9999.0 -9999.0 -9999.0 -9999.0 -9999.0 -9999.0 -9999.0 -9999.0 -9999.0 -9999.0 -9999.0 -9999.0 -9999.0 -9999.0 -9999.0 -9999.0 -9999.0 -9999.0 -9999.0 -9999.0 -9999.0
-9999.0 -9999.0 -9999.0 -9999.0 -9999.0 -9999.0 -9999.0 -9999.0 -9999.0 -9999.0 -9999.0 -9999.0 -9999.0 0.397304 0.120778 0.182866 0.112387 0.214578 0.001259 0.068838 0.011172 0.030740 0.178617 0.283492 0.486736 0.498821 0.405914 0.115402 0.126662 0.309730 0.348833 0.408863 0.119192 0.184721 0.120798 -9999.0 -9999.0 -9999.0 -9999.0 -9999.0 -9999.0 -9999.0 -9999.0 -9999.0 -9999.0 -9999.0 -9999.0 -9999.0 -9999.0 -9999.0 -9999.0 -9999.0 -9999.0 -9999.0 -9999.0 -9999.0 -9999.0 -9999.0 -9999.0 -9999.0 -9999.0 -9999.0 -9999.0
-9999.0 -9999.0 -9999.0 -9999.0 -9999.0 -9999.0 -9999.0 -9999.0 -9999.0 -9999.0 -9999.0 -9999.0 -9999.0 0.079189 1.240015 0.129252 0.180608 0.160720 0.000773 0.146131 0.148928 0.007804 0.437570 0.387143 0.304791 0.519152 0.082964 0.118269 0.385436 0.166710 0.393756 0.179884 0.204413 0.000000 0.105400 -9999.0 -9999.0 -9999.0 -9999.0 -9999.0 -9999.0 -9999.0 -9999.0 -9999.0 -9999.0 -9999.0 -9999.0 -9999.0 -9999.0 -9999.0 -9999.0 -9999.0 -9999.0 -9999.0 -9999.0 -9999.0 -9999.0 -9999.0 -9999.0 -9999.0 -9999.0 -9999.0 -9999.0
-9999.0 -9999.0 -9999.0 -9999.0 -9999.0 -9999.0 -9999.0 -9999.0 -9999.0 -9999.0 -9999.0 -9999.0 0.024843 1.171588 0.145064 0.173394 0.322365 0.223479 0.135944 0.006104 0.144910 0.509872 0.413009 0.364093 0.484171 0.402684 0.449006 0.388275 0.439211 0.126455 0.374043 0.132925 0.357605 0.100829 -9999.0 -9999.0 -9999.0 -9999.0 -9999.0 -9999.0 -9999.0 -9999.0 -9999.0 -9999.0 -9999.0 -9999.0 -9999.0 -9999.0 -9999.0 -9999.0 -9999.0 -9999.0 -9999.0 -9999.0 -9999.0 -9999.0 -9999.0 -9999.0 -9999.0 -9999.0 -9999.0 -9999.0 -9999.0
-9999.0 -9999.0 -9999.0 -9999.0 -9999.0 -9999.0 -9999.0 -9999.0 -9999.0 -9999.0 -9999.0 0.467902 0.163687 1.230148 0.159896 0.293688 0.004669 0.228483 0.277374 0.005265 0.017476 0.541246 0.409741 0.406312 0.669807 0.423245 0.380720 0.416996 0.659161 0.103904 0.106518 0.414508 0.194439 0.101992 0.118530 0.149689 0.390852 0.363965 0.376087 -9999.0 -9999.0 -9999.0 0.099896 -9999.0 -9999.0 -9999.0 -9999.0 -9999.0 -9999.0 -9999.0 -9999.0 -9999.0 -9999.0 -9999.0 -9999.0 -9999.0 -9999.0 -9999.0 -9999.0 -9999.0 -9999.0 -9999.0 -9999.0
-9999.0 -9999.0 -9999.0 -9999.0 -9999.0 -9999.0 -9999.0 -9999.0 -9999.0 -9999.0 -9999.0 0.484462 0.148306 0.023719 0.085739 0.171788 0.045408 0.028527 0.230331 0.371161 0.196743 0.269696 0.456800 -0.083569 0.021814 0.413138 0.404968 0.422069 0.135721 0.103605 0.404866 0.437703 0.376792 0.379252 0.394667 0.406253 0.426245 0.353731 0.339869 0.101413 0.104318 0.100335 0.397731 0.106229 -9999.0 -9999.0 -9999.0 0.376844 0.336367 0.156183 0.307071 0.099184 0.107597 0.314497 0.302245 0.102183 -9999.0 -9999.0 -9999.0 -9999.0 -9999.0 -9999.0 -9999.0
-9999.0 -9999.0 -9999.0 -9999.0 -9999.0 -9999.0 -9999.0 -9999.0 -9999.0 -9999.0 -9999.0 0.487843 0.457956 0.462282 0.389197 0.149633 0.252684 0.061664 0.061613 0.343367 0.249814 0.345700 0.045155 0.432792 0.408207 0.102949 -0.018463 0.132245 0.131842 0.405176 0.122212 -0.034284 0.426717 0.359136 0.129264 0.421123 0.238918 0.205407 0.231707 0.112723 0.376437 0.370596 0.417010 0.413456 0.346789 -9999.0 0.095749 0.311214 0.397479 0.422721 0.408704 0.119598 0.390220 0.394974 0.402627 0.359954 -9999.0 -9999.0 -9999.0 -9999.0 -9999.0 -9999.0 -9999.0
-9999.0 -9999.0 -9999.0 -9999.0 -9999.0 -9999.0 -9999.0 -9999.0 -9999.0 -9999.0 -9999.0 -9999.0 0.491390 0.358853 0.379522 0.351458 0.139102 0.075277 0.230477 0.359158 0.113664 0.350382 0.298394 0.209523 -0.124403 -0.014075 0.886725 0.390578 0.394693 0.113565 0.399607 0.088714 0.403460 0.397511 0.381735 0.416167 -0.013841 0.201920 0.411135 0.246440 0.309897 0.070180 0.144807 0.423462 0.167011 0.331329 0.102100 0.351927 -0.126509 0.166192 0.127389 -0.004769 0.193907 -0.057709 -0.134185 0.401112 0.365647 -9999.0 -9999.0 -9999.0 -9999.0 -9999.0 -9999.0
-9999.0 -9999.0 -9999.0 -9999.0 -9999.0 -9999.0 -9999.0 -9999.0 -9999.0 -9999.0 -9999.0 0.130673 0.461452 0.096028 0.358597 0.416520 0.368006 0.113431 0.137841 0.270752 0.103805 0.269763 0.312737 0.009869 0.075346 0.203316 0.230850 0.384842 0.385623 0.116890 -0.007368 0.062509 0.442999 0.392433 0.387449 0.414488 0.388761 0.102266 0.282986 0.153632 0.092823 0.213764 0.313067 0.140449 0.416654 0.394081 0.425137 0.145770 0.164034 0.194568 -0.055057 0.391934 -0.219203 0.000000 0.000000 0.000000 0.131828 -9999.0 -9999.0 -9999.0 -9999.0 -9999.0 -9999.0
-9999.0 -9999.0 -9999.0 -9999.0 -9999.0 -9999.0 -9999.0 -9999.0 -9999.0 -9999.0 0.824226 0.151832 0.443571 0.451198 0.438922 0.561594 0.520451 0.227526 0.146677 0.254387 0.373556 0.531095 -0.222175 0.451261 0.229831 0.329214 -0.069409 -0.085430 0.377638 0.404982 0.047721 0.185305 0.421408 0.385715 0.102893 0.115947 0.413170 0.121468 -0.084181 0.362153 0.345108 0.207168 0.304911 0.339573 0.182954 0.113820 0.402834 0.084032 0.251555 0.232479 -0.083914 0.102451 0.000000 0.000000 0.114718 0.378345 0.387210 -9999.0 -9999.0 -9999.0 -9999.0 -9999.0 -9999.0
-9999.0 -9999.0 -9999.0 -9999.0 -9999.0 -9999.0 -9999.0 -9999.0 -9999.0 0.409232 0.425120 0.174005 0.222869 0.100931 0.206397 0.313082 0.198543 0.385374 0.059315 0.235578 0.365647 0.080261 0.202806 0.323443 0.337842 -0.309441 -0.150478 0.426683 0.164771 0.230085 0.352512 -0.304204 0.117903 0.119928 0.102887 0.116710 0.411474 0.073225 -0.001730 0.159483 0.266934 -0.074992 -0.216090 0.296210 0.221665 0.210695 0.413284 0.081499 0.086654 0.326522 -0.075200 0.116574 0.000000 0.088171 0.115248 0.000000 -0.212659 0.110094 0.103560 -9999.0 -9999.0 -9999.0 -9999.0
-9999.0 -9999.0 -9999.0 -9999.0 -9999.0 -9999.0 -9999.0 -9999.0 -9999.0 0.387819 0.403158 0.400730 0.980901 0.319304 0.176977 0.102875 0.451237 0.349848 0.042348 0.298632 0.329109 0.045518 0.482521 0.505216 -0.304450 -0.039760 0.077780 0.225475 0.350251 0.449706 0.444563 -0.306883 0.415753 0.364145 0.400128 0.111289 0.109745 0.070305 0.394668 0.425463 0.180964 -0.064074 0.122829 0.368528 0.245898 0.409360 0.374455 0.326221 0.272997 0.286919 -0.295234 -0.201789 0.112109 0.269257 0.154751 -0.210663 0.081439 -0.089581 0.113860 -9999.0 -9999.0 -9999.0 -9999.0
-9999.0 -9999.0 -9999.0 -9999.0 -9999.0 -9999.0 -9999.0 -9999.0 -9999.0 -9999.0 0.401109 0.423550 0.216960 0.589769 0.327336 0.195064 0.295410 0.332368 0.032597 0.354579 0.362380 0.041647 0.220553 -0.086292 0.011786 0.170958 0.329594 0.354295 0.433862 -0.314853 -0.310350 0.109078 -0.226450 0.390804 0.435666 0.440853 0.416135 0.427546 0.109780 0.409408 0.392900 0.426461 0.885720 0.222615 0.200294 0.274078 0.073394 0.445672 0.044023 0.301929 -0.302886 -0.139842 0.115151 0.102061 0.268754 0.302295 0.400237 0.122025 0.151034 0.164616 -9999.0 -9999.0 -9999.0
-9999.0 -9999.0 -9999.0 -9999.0 -9999.0 -9999.0 -9999.0 -9999.0 -9999.0 -9999.0 0.394647 0.406773 0.412101 0.262990 0.539549 0.236144 0.229137 0.163443 0.160557 0.159028 0.106303 0.087842 0.193988 0.237591 0.209322 0.310703 0.345968 0.223040 -0.323873 -0.224076 0.394728 0.438031 -0.074226 0.394191 0.400068 0.434688 0.283246 0.072423 0.215042 0.388298 0.412604 0.078941 0.071260 0.399298 0.406276 -0.143342 0.276703 0.226170 0.073847 0.368525 0.284526 -0.100835 -0.217442 0.130708 0.097263 0.102550 0.293563 0.026359 0.432513 0.415742 -9999.0 -9999.0 -9999.0
-9999.0 -9999.0 -9999.0 -9999.0 -9999.0 -9999.0 -9999.0 -9999.0 0.422475 0.400172 0.379354 0.419290 0.109190 0.124852 0.004460 0.378270 0.029265 0.040806 0.123895 0.082184 0.084655 0.029696 0.040885 0.105207 0.366889 0.207084 0.449254 -0.268875 0.120088 -0.218637 0.170631 0.400081 0.406449 0.394425 0.422971 0.390358 0.372958 0.177721 -0.308773 0.113098 0.110191 0.417216 -0.049738 0.110842 0.046273 0.831118 -0.303595 0.097660 0.255442 0.392033 0.325250 -0.188304 -0.217069 -0.192112 0.104749 0.350637 0.150084 0.377114 0.273322 0.192941 -9999.0 -9999.0 -9999.0
-9999.0 -9999.0 -9999.0 -9999.0 -9999.0 -9999.0 -9999.0 -9999.0 0.317723 -0.008970 -0.041252 0.379115 0.390414 0.196928 -0.293436 0.277029 0.086754 0.088553 0.004068 0.079369 0.204972 0.261852 0.139150 0.039668 0.042437 0.203390 0.258211 0.013051 -0.074146 0.387909 0.357756 0.122924 0.415695 0.118837 0.426060 0.413766 0.393008 0.387471 0.144492 0.412781 0.407524 0.411084 0.113621 0.406184 0.833970 0.157488 -0.082847 0.384324 0.147623 0.357278 0.400144 0.109981 0.000000 0.297249 0.355609 0.000244 -0.003428 0.190327 0.352515 0.403167 0.144655 -9999.0 -9999.0
-9999.0 -9999.0 -9999.0 -9999.0 -9999.0 -9999.0 -9999.0 -9999.0 0.388740 0.758769 0.377297 -0.222012 0.420620 -0.039811 0.064911 -0.261012 0.237895 0.092757 0.021028 0.190643 0.076381 0.209034 0.122091 0.068147 0.235294 0.103203 0.270207 -0.320469 -0.086141 0.404363 0.121436 0.433518 -0.086442 -0.038204 0.446449 0.419956 0.304772 0.429984 0.089066 0.086228 0.412815 0.096950 0.413705 0.776209 0.111291 0.414132 0.110391 0.386011 -0.122164 0.148578 0.353782 0.271664 0.000000 0.000000 0.061339 0.126473 0.318935 0.371942 0.150907 0.460427 0.407763 -9999.0 -9999.0
-9999.0 -9999.0 -9999.0 -9999.0 -9999.0 -9999.0 -9999.0 -9999.0 0.113150 0.386266 0.065731 -0.085644 0.393938 -0.052890 -0.026696 0.296310 0.010369 0.024885 0.345826 0.118889 0.115999 0.171537 0.221845 0.162734 0.146344 0.255295 -0.043842 -0.310670 0.399437 0.029342 0.083149 0.189741 0.315626 0.333083 0.201279 0.363467 0.168789 0.099482 0.269325 0.229838 0.402302 0.403977 0.412489 0.051301 0.408758 0.090383 0.364831 0.102041 0.377629 0.010068 0.166988 0.226757 0.229509 0.061901 0.233179 0.315405 0.377262 0.295094 0.291845 0.404104 0.357586 0.194526 -9999.0
-9999.0 -9999.0 -9999.0 -9999.0 -9999.0 -9999.0 -9999.0 -9999.0 0.275061 0.390895 0.300903 -0.315298 -0.138672 -0.015765 0.474653 0.375033 0.492108 0.175091 0.204169 0.089121 0.117186 0.263133 0.165309 0.126532 0.068755 0.190782 -0.308290 0.199326 0.306859 0.296435 -0.144077 0.379503 0.432687 0.429578 0.330707 0.252490 0.027060 0.036348 0.020309 0.411775 0.309115 0.238415 0.331250 0.268923 0.063324 0.408656 0.160113 0.306790 0.127621 0.282646 0.289718 0.091403 0.171261 0.268618 0.324676 0.363770 0.394614 0.403241 0.418708 0.127922 0.116441 0.187173 -9999.0
-9999.0 -9999.0 0.376696 0.418069 0.313009 -0.055626 0.013397 0.019820 0.370785 0.389185 0.150525 0.160161 0.047484 0.294618 0.468898 0.389956 0.163660 -0.307573 0.101029 0.272662 0.086300 0.176126 0.427237 0.053851 0.179268 0.079337 0.205008 0.234534 0.147588 0.545569 0.200347 0.155594 0.428346 0.119131 0.142142 0.063289 0.109455 0.021288 0.007186 0.046615 0.020638 0.025562 0.057976 0.421496 0.232419 0.306990 0.399562 0.354530 0.288401 0.240152 0.102053 0.297114 0.362202 0.329460 0.322555 0.381336 0.367316 0.383945 0.319120 0.118654 0.384357 0.181749 -9999.0
-9999.0 0.124839 0.235084 0.174877 -0.039620 0.191090 -0.021975 -0.064935 -0.217807 0.378536 0.076720 -0.265023 0.264940 0.471934 0.473279 -0.162556 0.094965 -0.097492 -0.027388 0.216667 0.086316 0.077304 0.433924 0.295697 0.098717 0.085594 0.185606 0.242737 0.101464 0.372858 0.106006 0.101326 0.121878 0.318402 0.114578 0.112442 0.065230 0.011941 0.113884 0.072642 0.117323 0.117757 0.045951 0.045602 0.065407 0.051661 0.385831 0.031661 0.098091 0.313136 0.382388 0.399548 0.369508 0.319669 0.305373 0.311045 0.213230 0.262691 0.356400 0.470772 0.239106 0.181454 -9999.0
-9999.0 0.475493 0.233765 0.192882 0.453040 0.252277 -0.300486 -0.222666 0.357511 0.360144 -0.014499 -0.322213 0.208964 0.458931 -0.005008 0.000000 0.095622 -0.130683 0.002715 0.268265 0.540582 0.313523 0.231249 0.438749 0.268098 0.187610 0.045180 0.105577 0.366662 0.023754 0.017003 0.019496 0.192724 0.281572 0.302328 0.361479 0.204534 0.197177 0.039252 0.054337 0.075759 0.253316 0.140574 0.088068 0.043138 0.014552 0.233414 0.393618 0.394413 0.394744 0.360855 0.209592 0.221224 0.315711 0.253947 -0.034041 0.215441 -0.000644 0.031396 -0.071896 0.064764 -9999.0 -9999.0
-9999.0 0.328803 0.141305 0.475112 0.365509 0.492692 0.442604 -0.306008 -0.107304 0.105343 0.003073 0.103976 0.314566 0.457519 -0.324475 0.000000 -0.218578 0.111752 0.159906 0.116362 -0.099239 0.042327 0.206693 0.322447 0.293469 0.376002 0.391782 0.397410 0.141758 0.371253 0.061085 0.044148 0.412714 0.436911 0.377964 0.304321 0.293209 0.189118 0.265343 0.255786 0.264137 0.195713 0.323367 0.048102 0.040847 0.400003 0.391811 0.410165 0.402033 0.224589 0.250335 0.421478 0.083855 0.259817 -0.095752 -0.327132 -0.325731 -0.323019 -0.323371 -9999.0 -9999.0 -9999.0 -9999.0
