user2019/resources/simulation/Vinschgau/output-maps/ETN1390.asc
ncols         63
nrows         48
xllcorner     598000.000000
yllcorner     5145000.000000
cellsize      1000.000000
NODATA_value  -9999.0
[rows 0 to 27 of 48, columns 0 to 62 of 63]
-9999.0 -9999.0 -9999.0 -9999.0 -9999.0 -9999.0 -9999.0 -9999.0 -9999.0 -9999.0 -9999.0 -9999.0 -9999.0 -9999.0 -9999.0 -9999.0 -9999.0 -9999.0 -9999.0 -9999.0 -9999.0 -9999.0 -9999.0 -9999.0 -9999.0 -9999.0 -9999.0 -9999.0 -9999.0 -9999.0 -9999.0 -9999.0 -9999.0 -9999.0 -9999.0 -9999.0 -9999.0 -9999.0 -9999.0 -9999.0 -9999.0 -9999.0 -9999.0 -9999.0 -9999.0 -9999.0 -9999.0 -9999.0 -9999.0 -9999.0 -9999.0 -9999.0 -9999.0 -9999.0 -9999.0 -9999.0 -9999.0 -9999.0 -9999.0 -9999.0 -9999.0 -9999.0 -9999.0
-9999.0 -9999.0 -9999.0 -9999.0 -9999.0 -9999.0 -9999.0 -9999.0 -9999.0 -9999.0 -9999.0 -9999.0 -9999.0 -9999.0 -9999.0 -9999.0 -9999.0 -9999.0 -9999.0 -9999.0 -9999.0 -9999.0 -9999.0 -9999.0 -9999.0 -9999.0 -9999.0 -0.039692 -0.072564 -0.031453 -0.096240 -0.125882 0.085546 -9999.0 -9999.0 -9999.0 -9999.0 -9999.0 -9999.0 -9999.0 -9999.0 -9999.0 -9999.0 -9999.0 -9999.0 -9999.0 -9999.0 -9999.0 -9999.0 -9999.0 -9999.0 -9999.0 -9999.0 -9999.0 -9999.0 -9999.0 -9999.0 -9999.0 -9999.0 -9999.0 -9999.0 -9999.0 -9999.0
-9999.0 -9999.0 -9999.0 -9999.0 -9999.0 -9999.0 -9999.0 -9999.0 -9999.0 -9999.0 -9999.0 -9999.0 -9999.0 -9999.0 -9999.0 -9999.0 -9999.0 -9999.0 -9999.0 -9999.0 -9999.0 -9999.0 -9999.0 -9999.0 -0.028849 -0.029814 -0.028064 -0.028755 -0.013349 -0.044106 -0.113925 -9999.0 -9999.0 -9999.0 -9999.0 -9999.0 -9999.0 -9999.0 -9999.0 -9999.0 -9999.0 -9999.0 -9999.0 -9999.0 -9999.0 -9999.0 -9999.0 -9999.0 -9999.0 -9999.0 -9999.0 -9999.0 -9999.0 -9999.0 -9999.0 -9999.0 -9999.0 -9999.0 -9999.0 -9999.0 -9999.0 -9999.0 -9999.0
-9999.0 -9999.0 -9999.0 -9999.0 -9999.0 -9999.0 -9999.0 -9999.0 -9999.0 -9999.0 -9999.0 -9999.0 -9999.0 -9999.0 -9999.0 -9999.0 -9999.0 -9999.0 -9999.0 -9999.0 -9999.0 -9999.0 -9999.0 -0.033279 -0.023675 0.021621 0.006217 -0.007136 -0.007673 -0.073034 -0.108463 -0.134921 -9999.0 -9999.0 -9999.0 -9999.0 -9999.0 -9999.0 -9999.0 -9999.0 -9999.0 -9999.0 -9999.0 -9999.0 -9999.0 -9999.0 -9999.0 -9999.0 -9999.0 -9999.0 -9999.0 -9999.0 -9999.0 -9999.0 -9999.0 -9999.0 -9999.0 -9999.0 -9999.0 -9999.0 -9999.0 -9999.0 -9999.0
-9999.0 -9999.0 -9999.0 -9999.0 -9999.0 -9999.0 -9999.0 -9999.0 -9999.0 -9999.0 -9999.0 -9999.0 -9999.0 -9999.0 -9999.0 -9999.0 -9999.0 -9999.0 0.081473 -0.043103 -9999.0 -0.036337 -0.031291 -0.008360 0.012355 -0.008484 0.147496 0.094985 0.140799 0.031919 -0.063773 -0.098835 -0.049112 -0.038841 -9999.0 -9999.0 -9999.0 -9999.0 -9999.0 -9999.0 -9999.0 -9999.0 -9999.0 -9999.0 -9999.0 -9999.0 -9999.0 -9999.0 -9999.0 -9999.0 -9999.0 -9999.0 -9999.0 -9999.0 -9999.0 -9999.0 -9999.0 -9999.0 -9999.0 -9999.0 -9999.0 -9999.0 -9999.0
-9999.0 -9999.0 -9999.0 -9999.0 -9999.0 -9999.0 -9999.0 -9999.0 -9999.0 -9999.0 -9999.0 -9999.0 -9999.0 -9999.0 -9999.0 -9999.0 -9999.0 0.072813 0.001966 0.002268 -0.024699 0.057947 0.023333 -0.010839 0.077566 0.096943 -0.228078 0.057908 -0.137204 0.156228 0.004324 -0.065257 -0.031676 -0.042218 -0.046107 -0.042359 -9999.0 -9999.0 -9999.0 -9999.0 -9999.0 -9999.0 -9999.0 -9999.0 -9999.0 -9999.0 -9999.0 -9999.0 -9999.0 -9999.0 -9999.0 -9999.0 -9999.0 -9999.0 -9999.0 -9999.0 -9999.0 -9999.0 -9999.0 -9999.0 -9999.0 -9999.0 -9999.0
-9999.0 -9999.0 -9999.0 -9999.0 -9999.0 -9999.0 -9999.0 -9999.0 -9999.0 -9999.0 -9999.0 -9999.0 -9999.0 -0.046237 0.021610 0.048196 0.019722 -0.002159 0.061817 -0.011798 0.008161 0.014300 -0.010158 0.002630 0.027148 -0.033969 -0.071275 -0.099443 -0.144521 0.108954 0.309792 0.005628 -0.048960 -0.069151 -0.044573 -0.043116 -9999.0 -9999.0 -9999.0 -9999.0 -9999.0 -9999.0 -9999.0 -9999.0 -9999.0 -9999.0 -9999.0 -9999.0 -9999.0 -9999.0 -9999.0 -9999.0 -9999.0 -9999.0 -9999.0 -9999.0 -9999.0 -9999.0 -9999.0 -9999.0 -9999.0 -9999.0 -9999.0
-9999.0 -9999.0 -9999.0 -9999.0 -9999.0 -9999.0 -9999.0 -9999.0 -9999.0 -9999.0 -9999.0 -9999.0 -9999.0 0.003201 0.006301 0.038045 0.027261 0.055861 -0.002364 -0.003528 -0.007546 -0.018929 0.016258 0.060002 0.031868 -0.003206 -0.079512 -0.033490 -0.045239 -0.208292 -0.143590 -0.090171 -0.049083 -0.046094 -0.046248 -9999.0 -9999.0 -9999.0 -9999.0 -9999.0 -9999.0 -9999.0 -9999.0 -9999.0 -9999.0 -9999.0 -9999.0 -9999.0 -9999.0 -9999.0 -9999.0 -9999.0 -9999.0 -9999.0 -9999.0 -9999.0 -9999.0 -9999.0 -9999.0 -9999.0 -9999.0 -9999.0 -9999.0
-9999.0 -9999.0 -9999.0 -9999.0 -9999.0 -9999.0 -9999.0 -9999.0 -9999.0 -9999.0 -9999.0 -9999.0 -9999.0 0.000707 0.522499 0.006523 0.034266 0.029021 -0.002006 0.032818 0.015135 -0.000767 0.098399 -0.081596 0.024485 0.031841 -0.023310 -0.047819 -0.134014 -0.048516 -0.113379 -0.044679 -0.042718 0.000000 -0.038728 -9999.0 -9999.0 -9999.0 -9999.0 -9999.0 -9999.0 -9999.0 -9999.0 -9999.0 -9999.0 -9999.0 -9999.0 -9999.0 -9999.0 -9999.0 -9999.0 -9999.0 -9999.0 -9999.0 -9999.0 -9999.0 -9999.0 -9999.0 -9999.0 -9999.0 -9999.0 -9999.0 -9999.0
-9999.0 -9999.0 -9999.0 -9999.0 -9999.0 -9999.0 -9999.0 -9999.0 -9999.0 -9999.0 -9999.0 -9999.0 -0.011015 0.465767 0.002063 0.021527 0.070124 0.049026 0.031515 0.002349 0.005267 0.000983 -0.032554 -0.030378 0.265487 -0.082983 0.229892 -0.129821 -0.037418 -0.049961 -0.135911 -0.046627 -0.138161 -0.039759 -9999.0 -9999.0 -9999.0 -9999.0 -9999.0 -9999.0 -9999.0 -9999.0 -9999.0 -9999.0 -9999.0 -9999.0 -9999.0 -9999.0 -9999.0 -9999.0 -9999.0 -9999.0 -9999.0 -9999.0 -9999.0 -9999.0 -9999.0 -9999.0 -9999.0 -9999.0 -9999.0 -9999.0 -9999.0
-9999.0 -9999.0 -9999.0 -9999.0 -9999.0 -9999.0 -9999.0 -9999.0 -9999.0 -9999.0 -9999.0 -0.010586 0.036001 0.496910 0.002639 0.014013 0.005068 0.040562 0.087692 0.004902 -0.007653 0.065750 -0.072971 -0.075508 0.069741 -0.058217 -0.140322 -0.071379 0.245385 -0.045715 -0.045189 -0.041563 -0.044431 -0.043199 -0.044937 -0.043236 -0.133155 -0.108589 -0.114746 -9999.0 -9999.0 -9999.0 -0.041027 -9999.0 -9999.0 -9999.0 -9999.0 -9999.0 -9999.0 -9999.0 -9999.0 -9999.0 -9999.0 -9999.0 -9999.0 -9999.0 -9999.0 -9999.0 -9999.0 -9999.0 -9999.0 -9999.0 -9999.0
-9999.0 -9999.0 -9999.0 -9999.0 -9999.0 -9999.0 -9999.0 -9999.0 -9999.0 -9999.0 -9999.0 -0.036299 0.022457 -0.008540 0.000932 -0.039440 0.000549 -0.000510 0.078478 0.091395 0.023996 -0.027754 -0.004171 -0.223011 -0.222605 -0.077479 -0.087890 -0.050541 -0.021970 -0.045573 -0.071140 -0.037750 -0.136573 -0.136312 -0.116681 -0.073435 -0.066340 -0.098044 -0.115910 -0.044208 -0.043418 -0.040351 -0.097976 -0.047654 -9999.0 -9999.0 -9999.0 -0.092620 -0.134069 -0.046996 -0.149259 -0.047556 -0.046770 -0.118004 -0.131473 -0.043522 -9999.0 -9999.0 -9999.0 -9999.0 -9999.0 -9999.0 -9999.0
-9999.0 -9999.0 -9999.0 -9999.0 -9999.0 -9999.0 -9999.0 -9999.0 -9999.0 -9999.0 -9999.0 -0.036741 -0.026069 0.008222 0.050291 -0.026564 0.033677 0.010753 -0.001910 0.085754 0.127608 0.065205 -0.218494 -0.027630 -0.080703 -0.037993 -0.220440 -0.008289 -0.043316 -0.131715 -0.045618 -0.222670 -0.045534 -0.144824 -0.047303 -0.053973 -0.211275 -0.054622 -0.088674 -0.047832 -0.090577 -0.125412 -0.045080 -0.073711 -0.148513 -9999.0 -0.035875 -0.146719 -0.097892 -0.038952 -0.097027 -0.030391 -0.103196 -0.099385 -0.115066 -0.134239 -9999.0 -9999.0 -9999.0 -9999.0 -9999.0 -9999.0 -9999.0
-9999.0 -9999.0 -9999.0 -9999.0 -9999.0 -9999.0 -9999.0 -9999.0 -9999.0 -9999.0 -9999.0 -9999.0 -0.015174 0.153212 -0.013055 -0.001718 0.051682 0.012713 0.064517 0.092221 0.036912 0.009782 0.007651 -0.204188 -0.220595 -0.222387 0.325965 -0.112387 -0.107080 -0.047009 -0.086962 -0.221298 -0.105668 -0.113813 -0.136055 -0.061763 -0.222047 -0.039100 0.040581 -0.111160 -0.089592 -0.031707 -0.206842 -0.019112 -0.046016 -0.142236 -0.045030 -0.141255 -0.217352 -0.203856 -0.181324 -0.214578 0.008872 -0.211920 -0.207747 -0.099385 -0.129996 -9999.0 -9999.0 -9999.0 -9999.0 -9999.0 -9999.0
-9999.0 -9999.0 -9999.0 -9999.0 -9999.0 -9999.0 -9999.0 -9999.0 -9999.0 -9999.0 -9999.0 -0.209470 -0.049744 -0.055712 0.175187 0.042455 0.038292 0.042042 0.017718 0.139464 0.023904 0.078900 0.136866 -0.221775 -0.220711 -0.063987 -0.210074 -0.127500 -0.130613 -0.033911 -0.223140 -0.027682 -0.048422 -0.111467 -0.123621 -0.072241 -0.087840 -0.208851 0.103125 -0.068346 -0.210822 -0.035937 0.107618 -0.057480 -0.064484 -0.112020 -0.044584 -0.033185 -0.029009 -0.129088 -0.080593 -0.111938 -0.211231 -0.076986 -0.072997 -0.054504 -0.047912 -9999.0 -9999.0 -9999.0 -9999.0 -9999.0 -9999.0
-9999.0 -9999.0 -9999.0 -9999.0 -9999.0 -9999.0 -9999.0 -9999.0 -9999.0 -9999.0 0.255427 -0.177743 -0.041758 -0.043458 -0.014431 0.243961 0.246188 0.061367 0.054236 0.136169 0.103436 0.166812 -0.303119 -0.003988 -0.055936 0.141735 -0.225561 -0.081120 -0.106680 -0.074882 -0.137623 0.016480 -0.059270 -0.116879 -0.043983 -0.046139 -0.075318 -0.216525 -0.268515 0.169855 0.141101 0.102136 0.058057 0.188887 -0.143368 -0.035236 -0.064469 -0.197169 -0.134084 -0.046003 -0.079477 -0.050035 -0.070706 -0.056066 -0.054377 -0.115795 -0.107853 -9999.0 -9999.0 -9999.0 -9999.0 -9999.0 -9999.0
-9999.0 -9999.0 -9999.0 -9999.0 -9999.0 -9999.0 -9999.0 -9999.0 -9999.0 -0.069883 0.011020 -0.163197 -0.041921 -0.210457 -0.089824 -0.052218 -0.159786 0.033052 0.011487 0.126212 0.099315 0.032513 0.046201 0.046456 0.145565 -0.307387 -0.225402 -0.057293 -0.175497 0.005322 0.150706 -0.302048 -0.046662 -0.045704 -0.040642 -0.044814 -0.060156 -0.225169 -0.221936 -0.151485 0.359246 -0.307345 -0.310018 0.110476 0.040185 -0.122861 -0.027420 -0.213095 -0.211062 0.141994 -0.219766 -0.049875 -0.054118 -0.045843 -0.052258 -0.214916 -0.218841 -0.046521 -0.050868 -9999.0 -9999.0 -9999.0 -9999.0
-9999.0 -9999.0 -9999.0 -9999.0 -9999.0 -9999.0 -9999.0 -9999.0 -9999.0 -0.113909 -0.074492 -0.071980 0.328306 0.059809 -0.173550 -0.207485 0.006878 0.072854 0.008964 0.084850 0.090123 -0.009092 0.141892 0.162273 -0.306605 -0.230303 -0.212832 -0.066071 0.148818 0.135420 0.019217 -0.304635 -0.052300 -0.141340 -0.101103 -0.045642 -0.041941 -0.032374 -0.083609 -0.053941 -0.220072 -0.226825 -0.198221 0.162915 0.133471 0.134151 0.058706 0.040793 0.035986 0.107070 -0.293086 -0.191172 -0.053335 -0.149619 -0.051119 -0.201439 -0.224557 -0.227236 -0.039307 -9999.0 -9999.0 -9999.0 -9999.0
-9999.0 -9999.0 -9999.0 -9999.0 -9999.0 -9999.0 -9999.0 -9999.0 -9999.0 -9999.0 -0.092791 -0.059833 -0.087040 0.481070 0.051156 -0.158597 0.024948 0.041031 0.007044 0.134754 0.096653 0.030286 -0.049176 -0.281670 -0.223678 -0.154320 0.136787 0.145112 0.044153 -0.312748 -0.308213 -0.051688 -0.215215 -0.131981 -0.036711 -0.045560 -0.038715 -0.022482 -0.043271 -0.076674 -0.110606 -0.012950 0.362953 -0.113773 0.041994 0.147494 0.015098 0.112318 -0.006065 0.051576 -0.300942 -0.221682 -0.054363 -0.055710 -0.151328 -0.148778 -0.051541 -0.012031 -0.093326 -0.119697 -9999.0 -9999.0 -9999.0
-9999.0 -9999.0 -9999.0 -9999.0 -9999.0 -9999.0 -9999.0 -9999.0 -9999.0 -9999.0 -0.104011 -0.056830 -0.031537 -0.005934 0.205272 0.073615 0.071306 0.068278 0.060916 0.048421 0.046158 0.020865 -0.109351 -0.155152 -0.136305 0.120388 0.146411 0.077630 -0.322091 -0.218892 -0.082306 0.000006 -0.082866 -0.140455 -0.077697 0.015576 0.119775 -0.154767 -0.226736 -0.133231 -0.064404 -0.017664 -0.210084 -0.079309 0.007343 -0.297600 -0.026854 0.052102 0.016298 0.002010 0.118088 -0.229737 -0.206550 -0.053444 -0.056024 -0.053890 -0.151014 -0.229079 0.284595 0.190026 -9999.0 -9999.0 -9999.0
-9999.0 -9999.0 -9999.0 -9999.0 -9999.0 -9999.0 -9999.0 -9999.0 -0.031244 -0.091735 -0.119739 -0.018740 -0.215393 -0.197919 -0.224341 0.233223 -0.012458 -0.008240 0.033570 0.025470 0.029442 0.005381 0.007099 0.013366 0.070679 0.125614 0.104395 -0.337436 -0.237724 -0.219774 -0.047204 -0.077130 -0.078691 -0.129756 -0.048143 -0.081531 -0.040505 -0.034727 -0.306323 -0.046975 -0.035009 -0.008322 -0.083513 -0.045067 -0.030001 0.277885 -0.301315 -0.205364 0.105952 0.193024 0.130965 -0.314706 -0.220023 -0.182278 -0.053125 -0.124984 -0.044030 -0.018381 0.066759 0.076038 -9999.0 -9999.0 -9999.0
-9999.0 -9999.0 -9999.0 -9999.0 -9999.0 -9999.0 -9999.0 -9999.0 0.121759 -0.223298 -0.221868 -0.131736 -0.072055 0.028227 -0.306874 0.134362 0.034292 0.018180 -0.001856 0.025081 0.073710 0.072976 0.016484 -0.013239 0.008716 0.090776 0.168824 -0.197812 -0.085566 -0.126954 -0.140574 -0.043632 -0.056835 -0.041674 -0.031234 -0.032356 0.008759 0.165367 -0.199472 -0.075391 -0.081502 -0.121158 -0.040800 -0.075828 0.282933 -0.217767 -0.082716 -0.066050 -0.176096 0.201625 0.181973 -0.198527 -0.291417 -0.146447 -0.105658 -0.090930 -0.240620 -0.035141 0.005211 0.133231 0.045099 -9999.0 -9999.0
-9999.0 -9999.0 -9999.0 -9999.0 -9999.0 -9999.0 -9999.0 -9999.0 -0.080395 0.286346 -0.080090 -0.212335 -0.032145 -0.084376 -0.216847 -0.307543 0.073730 0.022091 0.004426 0.070882 0.023989 0.066060 0.019010 0.007549 0.032393 0.018842 0.177560 -0.318964 -0.082127 -0.077126 -0.038825 0.007972 -0.227453 -0.227778 0.000345 -0.008759 0.085938 0.227367 -0.140619 -0.214973 -0.072087 -0.037049 -0.031891 0.351747 -0.227283 -0.034217 -0.046767 -0.072599 -0.228062 -0.036551 0.186554 0.098829 -0.308520 -0.290196 -0.228183 -0.031341 0.128794 0.136876 0.009223 0.175277 0.157861 -9999.0 -9999.0
-9999.0 -9999.0 -9999.0 -9999.0 -9999.0 -9999.0 -9999.0 -9999.0 -0.048158 -0.058553 -0.210586 -0.081747 -0.048084 -0.231435 -0.303351 0.199848 -0.001454 0.005374 0.099970 0.054231 0.037039 0.054249 0.068632 0.050755 0.052299 0.145288 -0.255708 -0.308426 -0.037676 -0.200803 -0.215738 -0.181000 0.060443 0.125325 -0.161062 -0.059012 -0.004024 0.015346 0.126805 -0.074731 -0.090630 -0.083027 -0.078278 -0.031754 -0.045799 -0.035432 -0.107049 -0.035048 -0.077987 -0.229326 0.015083 0.082120 0.060090 -0.222558 0.052441 0.127352 0.101023 0.153454 0.154044 0.156286 0.054070 0.090266 -9999.0
-9999.0 -9999.0 -9999.0 -9999.0 -9999.0 -9999.0 -9999.0 -9999.0 -0.146246 -0.044543 0.132199 -0.313561 -0.318130 -0.281585 0.154003 0.142365 0.177557 0.073833 0.065616 0.016832 0.050614 0.083155 0.051745 0.037888 -0.009159 0.060683 -0.309653 -0.144704 0.116109 0.156797 -0.301646 0.171301 0.076062 0.182072 0.036831 -0.004806 -0.007266 0.007389 -0.001751 0.100534 0.015030 -0.023978 0.081636 0.022022 -0.220559 -0.063299 -0.182046 -0.045884 -0.196965 0.110973 0.010143 0.037772 0.064146 0.102140 0.135785 0.163661 0.168680 0.154729 0.157844 0.007561 0.019262 0.088478 -9999.0
-9999.0 -9999.0 -0.109307 -0.029988 0.143853 -0.224255 -0.039045 -0.223380 -0.105764 -0.074425 -0.230478 0.012758 -0.262597 0.125355 0.107726 0.183446 -0.047197 -0.306269 -0.204007 0.134547 0.016781 0.069326 0.168588 0.021963 0.054321 0.024957 0.053283 0.086005 0.055179 0.123227 -0.046467 0.063980 0.111317 0.023378 0.030282 0.010688 0.039382 0.003453 -0.002583 -0.001576 -0.006893 -0.006040 0.001464 0.053468 0.088717 0.001275 0.158266 0.171610 0.010319 0.032751 0.024938 0.102001 0.142526 0.145288 0.139566 0.102171 0.159938 0.121632 0.025494 0.044336 0.090268 0.087824 -9999.0
-9999.0 -0.202907 -0.207733 -0.216163 -0.222925 -0.214577 -0.063852 -0.221250 -0.206940 -0.131571 -0.232594 -0.322732 0.166003 0.137059 0.132246 -0.320309 -0.231847 -0.226943 -0.224162 0.019095 0.019800 0.013118 0.127122 0.154815 0.013533 0.013668 0.024558 0.034710 0.029306 0.081394 0.031712 0.025634 0.037034 0.050925 0.016659 0.014538 0.006034 0.002041 0.018794 0.006514 0.010338 0.021146 0.004953 0.008491 0.011856 0.010172 0.156833 0.006795 0.010715 0.162917 0.147902 0.150827 0.159265 0.136683 0.127227 0.126417 0.143345 0.183856 0.158836 0.150201 0.153018 0.089961 -9999.0
-9999.0 0.064969 -0.024458 -0.051742 0.099637 -0.086206 -0.298323 -0.213863 -0.133508 -0.124730 -0.225548 -0.321001 0.129400 0.126995 -0.293194 -0.313438 -0.221982 -0.226368 -0.180908 0.105906 0.207676 0.182409 0.124019 0.166664 0.083786 0.065768 0.018368 0.041481 0.100951 0.004727 0.003127 0.003588 0.040852 0.114396 0.088649 0.096197 0.083144 0.083552 0.010051 0.008908 0.011809 0.109145 0.012153 0.030496 0.017797 0.002785 0.104331 0.131950 0.143546 0.156936 0.087359 0.099990 0.151347 0.212178 0.180341 -0.242832 -0.038002 -0.275825 -0.213447 -0.299019 -0.175754 -9999.0 -9999.0
