user2019/resources/simulation/Vinschgau/output-maps/ETN1213.asc
ncols         63
nrows         48
xllcorner     598000.000000
yllcorner     5145000.000000
cellsize      1000.000000
NODATA_value  -9999.0
[rows 0 to 28 of 48, columns 0 to 62 of 63]
-9999.0 -9999.0 -9999.0 -9999.0 -9999.0 -9999.0 -9999.0 -9999.0 -9999.0 -9999.0 -9999.0 -9999.0 -9999.0 -9999.0 -9999.0 -9999.0 -9999.0 -9999.0 -9999.0 -9999.0 -9999.0 -9999.0 -9999.0 -9999.0 -9999.0 -9999.0 -9999.0 -9999.0 -9999.0 -9999.0 -9999.0 -9999.0 -9999.0 -9999.0 -9999.0 -9999.0 -9999.0 -9999.0 -9999.0 -9999.0 -9999.0 -9999.0 -9999.0 -9999.0 -9999.0 -9999.0 -9999.0 -9999.0 -9999.0 -9999.0 -9999.0 -9999.0 -9999.0 -9999.0 -9999.0 -9999.0 -9999.0 -9999.0 -9999.0 -9999.0 -9999.0 -9999.0 -9999.0
-9999.0 -9999.0 -9999.0 -9999.0 -9999.0 -9999.0 -9999.0 -9999.0 -9999.0 -9999.0 -9999.0 -9999.0 -9999.0 -9999.0 -9999.0 -9999.0 -9999.0 -9999.0 -9999.0 -9999.0 -9999.0 -9999.0 -9999.0 -9999.0 -9999.0 -9999.0 -9999.0 0.123165 0.421978 0.222793 0.414830 0.360254 0.546174 -9999.0 -9999.0 -9999.0 -9999.0 -9999.0 -9999.0 -9999.0 -9999.0 -9999.0 -9999.0 -9999.0 -9999.0 -9999.0 -9999.0 -9999.0 -9999.0 -9999.0 -9999.0 -9999.0 -9999.0 -9999.0 -9999.0 -9999.0 -9999.0 -9999.0 -9999.0 -9999.0 -9999.0 -9999.0 -9999.0
-9999.0 -9999.0 -9999.0 -9999.0 -9999.0 -9999.0 -9999.0 -9999.0 -9999.0 -9999.0 -9999.0 -9999.0 -9999.0 -9999.0 -9999.0 -9999.0 -9999.0 -9999.0 -9999.0 -9999.0 -9999.0 -9999.0 -9999.0 -9999.0 0.419613 0.431068 0.440186 0.414885 0.441667 0.461444 0.381442 -9999.0 -9999.0 -9999.0 -9999.0 -9999.0 -9999.0 -9999.0 -9999.0 -9999.0 -9999.0 -9999.0 -9999.0 -9999.0 -9999.0 -9999.0 -9999.0 -9999.0 -9999.0 -9999.0 -9999.0 -9999.0 -9999.0 -9999.0 -9999.0 -9999.0 -9999.0 -9999.0 -9999.0 -9999.0 -9999.0 -9999.0 -9999.0
-9999.0 -9999.0 -9999.0 -9999.0 -9999.0 -9999.0 -9999.0 -9999.0 -9999.0 -9999.0 -9999.0 -9999.0 -9999.0 -9999.0 -9999.0 -9999.0 -9999.0 -9999.0 -9999.0 -9999.0 -9999.0 -9999.0 -9999.0 0.428690 0.436902 0.199812 0.118458 0.017176 0.044939 0.427490 0.399693 0.352251 -9999.0 -9999.0 -9999.0 -9999.0 -9999.0 -9999.0 -9999.0 -9999.0 -9999.0 -9999.0 -9999.0 -9999.0 -9999.0 -9999.0 -9999.0 -9999.0 -9999.0 -9999.0 -9999.0 -9999.0 -9999.0 -9999.0 -9999.0 -9999.0 -9999.0 -9999.0 -9999.0 -9999.0 -9999.0 -9999.0 -9999.0
-9999.0 -9999.0 -9999.0 -9999.0 -9999.0 -9999.0 -9999.0 -9999.0 -9999.0 -9999.0 -9999.0 -9999.0 -9999.0 -9999.0 -9999.0 -9999.0 -9999.0 -9999.0 0.418198 0.437864 -9999.0 0.430042 0.429401 0.023770 0.146988 0.017261 0.564327 0.517068 0.648358 0.519610 0.436624 0.406519 0.121235 0.104686 -9999.0 -9999.0 -9999.0 -9999.0 -9999.0 -9999.0 -9999.0 -9999.0 -9999.0 -9999.0 -9999.0 -9999.0 -9999.0 -9999.0 -9999.0 -9999.0 -9999.0 -9999.0 -9999.0 -9999.0 -9999.0 -9999.0 -9999.0 -9999.0 -9999.0 -9999.0 -9999.0 -9999.0 -9999.0
-9999.0 -9999.0 -9999.0 -9999.0 -9999.0 -9999.0 -9999.0 -9999.0 -9999.0 -9999.0 -9999.0 -9999.0 -9999.0 -9999.0 -9999.0 -9999.0 -9999.0 0.193398 0.049522 0.004936 0.039713 0.540821 0.534807 0.086228 0.455594 0.451915 0.234124 0.581049 0.406198 0.674418 0.447896 0.433995 0.185998 0.133315 0.119656 0.126855 -9999.0 -9999.0 -9999.0 -9999.0 -9999.0 -9999.0 -9999.0 -9999.0 -9999.0 -9999.0 -9999.0 -9999.0 -9999.0 -9999.0 -9999.0 -9999.0 -9999.0 -9999.0 -9999.0 -9999.0 -9999.0 -9999.0 -9999.0 -9999.0 -9999.0 -9999.0 -9999.0
-9999.0 -9999.0 -9999.0 -9999.0 -9999.0 -9999.0 -9999.0 -9999.0 -9999.0 -9999.0 -9999.0 -9999.0 -9999.0 0.414380 0.377128 0.236580 0.101025 0.000575 0.199375 0.021333 0.129780 0.257384 0.027985 0.371732 0.329610 0.426312 0.195082 0.346161 0.339105 0.450093 0.467248 0.451427 0.431010 0.416028 0.176861 0.116846 -9999.0 -9999.0 -9999.0 -9999.0 -9999.0 -9999.0 -9999.0 -9999.0 -9999.0 -9999.0 -9999.0 -9999.0 -9999.0 -9999.0 -9999.0 -9999.0 -9999.0 -9999.0 -9999.0 -9999.0 -9999.0 -9999.0 -9999.0 -9999.0 -9999.0 -9999.0 -9999.0
-9999.0 -9999.0 -9999.0 -9999.0 -9999.0 -9999.0 -9999.0 -9999.0 -9999.0 -9999.0 -9999.0 -9999.0 -9999.0 0.465466 0.127793 0.208224 0.134416 0.230170 0.000781 0.091505 0.012021 0.039637 0.195869 0.346035 0.560515 0.529027 0.417101 0.149773 0.148164 0.260132 0.516323 0.397081 0.165970 0.161622 0.170978 -9999.0 -9999.0 -9999.0 -9999.0 -9999.0 -9999.0 -9999.0 -9999.0 -9999.0 -9999.0 -9999.0 -9999.0 -9999.0 -9999.0 -9999.0 -9999.0 -9999.0 -9999.0 -9999.0 -9999.0 -9999.0 -9999.0 -9999.0 -9999.0 -9999.0 -9999.0 -9999.0 -9999.0
-9999.0 -9999.0 -9999.0 -9999.0 -9999.0 -9999.0 -9999.0 -9999.0 -9999.0 -9999.0 -9999.0 -9999.0 -9999.0 0.127443 1.217133 0.160614 0.206674 0.157819 0.000256 0.157603 0.171823 0.006754 0.416071 0.368082 0.412046 0.606882 0.114004 0.131760 0.364950 0.164884 0.370425 0.000000 0.171992 0.000000 0.127718 -9999.0 -9999.0 -9999.0 -9999.0 -9999.0 -9999.0 -9999.0 -9999.0 -9999.0 -9999.0 -9999.0 -9999.0 -9999.0 -9999.0 -9999.0 -9999.0 -9999.0 -9999.0 -9999.0 -9999.0 -9999.0 -9999.0 -9999.0 -9999.0 -9999.0 -9999.0 -9999.0 -9999.0
-9999.0 -9999.0 -9999.0 -9999.0 -9999.0 -9999.0 -9999.0 -9999.0 -9999.0 -9999.0 -9999.0 -9999.0 0.028809 1.150037 0.149821 0.224952 0.335861 0.252730 0.151917 0.004478 0.174366 0.502873 0.461407 0.322477 0.481601 0.413693 0.442145 0.371859 0.438577 0.165972 0.321841 0.147303 0.312748 0.106113 -9999.0 -9999.0 -9999.0 -9999.0 -9999.0 -9999.0 -9999.0 -9999.0 -9999.0 -9999.0 -9999.0 -9999.0 -9999.0 -9999.0 -9999.0 -9999.0 -9999.0 -9999.0 -9999.0 -9999.0 -9999.0 -9999.0 -9999.0 -9999.0 -9999.0 -9999.0 -9999.0 -9999.0 -9999.0
-9999.0 -9999.0 -9999.0 -9999.0 -9999.0 -9999.0 -9999.0 -9999.0 -9999.0 -9999.0 -9999.0 0.501245 0.183512 1.217634 0.165117 0.373031 0.002622 0.267942 0.306381 0.003346 0.021443 0.581320 0.428521 0.413613 0.694970 0.440359 0.359618 0.412857 0.597885 0.120001 0.127479 0.420095 0.177553 0.115326 0.171863 0.183431 0.376473 0.367923 0.398936 -9999.0 -9999.0 -9999.0 0.114167 -9999.0 -9999.0 -9999.0 -9999.0 -9999.0 -9999.0 -9999.0 -9999.0 -9999.0 -9999.0 -9999.0 -9999.0 -9999.0 -9999.0 -9999.0 -9999.0 -9999.0 -9999.0 -9999.0 -9999.0
-9999.0 -9999.0 -9999.0 -9999.0 -9999.0 -9999.0 -9999.0 -9999.0 -9999.0 -9999.0 -9999.0 0.511271 0.157784 0.024178 0.159064 0.241666 0.051445 0.032757 0.241645 0.416347 0.229067 0.386436 0.456364 -0.122787 -0.107140 0.414157 0.397983 0.438108 0.175672 0.118261 0.399057 0.450866 0.354492 0.327961 0.354545 0.408343 0.431163 0.369175 0.344134 0.114744 0.120692 0.111093 0.392423 0.120350 -9999.0 -9999.0 -9999.0 0.373454 0.299641 0.147945 0.273453 0.129689 0.135355 0.313030 0.288127 0.130315 -9999.0 -9999.0 -9999.0 -9999.0 -9999.0 -9999.0 -9999.0
-9999.0 -9999.0 -9999.0 -9999.0 -9999.0 -9999.0 -9999.0 -9999.0 -9999.0 -9999.0 -9999.0 0.507047 0.488926 0.463748 0.494784 0.206068 0.334832 0.082132 0.071091 0.378588 0.259428 0.340729 0.034084 0.429035 0.415436 0.119403 0.117420 0.138174 0.156321 0.351480 0.135994 -0.074940 0.447276 0.316163 0.167247 0.434645 0.006617 0.190773 0.323762 0.117238 0.383887 0.380412 0.436647 0.409400 0.305832 -9999.0 0.104327 0.297287 0.384173 0.424343 0.434693 0.190977 0.413210 0.380477 0.374155 0.316055 -9999.0 -9999.0 -9999.0 -9999.0 -9999.0 -9999.0 -9999.0
-9999.0 -9999.0 -9999.0 -9999.0 -9999.0 -9999.0 -9999.0 -9999.0 -9999.0 -9999.0 -9999.0 -9999.0 0.515116 0.343626 0.487855 0.476274 0.156347 0.099972 0.247037 0.399812 0.122469 0.357236 0.150865 0.044217 0.077844 0.088556 0.891571 0.406516 0.399525 0.136909 0.392117 0.092142 0.422717 0.372402 0.320644 0.433336 -0.032213 0.187235 0.427593 0.327544 0.336969 0.120436 0.010361 0.435666 0.173137 0.309749 0.115962 0.305339 0.021924 0.056148 0.119187 0.246797 0.251113 -0.037562 -0.127167 0.391672 0.321178 -9999.0 -9999.0 -9999.0 -9999.0 -9999.0 -9999.0
-9999.0 -9999.0 -9999.0 -9999.0 -9999.0 -9999.0 -9999.0 -9999.0 -9999.0 -9999.0 -9999.0 0.035482 0.455962 0.171766 0.277281 0.418313 0.423488 0.121404 0.156254 0.277223 0.108378 0.285540 0.276456 -0.000202 -0.019117 0.184077 0.062263 0.383781 0.364735 0.149323 -0.042417 0.007638 0.448099 0.372593 0.346263 0.415782 0.398942 0.103667 0.281485 0.236177 0.093351 0.213379 0.094749 0.136893 0.431614 0.389986 0.426342 0.211742 0.193089 0.188427 -0.059823 0.384864 -0.220849 0.000000 0.000000 0.000000 0.157465 -9999.0 -9999.0 -9999.0 -9999.0 -9999.0 -9999.0
-9999.0 -9999.0 -9999.0 -9999.0 -9999.0 -9999.0 -9999.0 -9999.0 -9999.0 -9999.0 0.780733 0.337544 0.440210 0.447501 0.465024 0.518992 0.513968 0.239869 0.157526 0.261047 0.396950 0.538022 -0.227697 0.452459 0.214177 0.234702 -0.081685 -0.085395 0.390832 0.405484 0.273685 0.265287 0.424741 0.365779 0.113098 0.123194 0.415495 -0.007720 -0.077151 0.358019 0.348410 0.210719 0.298898 0.355338 0.173063 0.147889 0.415157 0.257672 0.112308 0.231194 -0.083547 0.137617 0.000000 0.000000 0.101774 0.361034 0.367396 -9999.0 -9999.0 -9999.0 -9999.0 -9999.0 -9999.0
-9999.0 -9999.0 -9999.0 -9999.0 -9999.0 -9999.0 -9999.0 -9999.0 -9999.0 0.421239 0.418901 0.162605 0.212713 0.090324 0.249291 0.097426 0.186295 0.419863 0.075387 0.240078 0.387876 0.086206 0.224190 0.332457 0.330722 -0.309382 -0.123094 0.425349 0.148479 0.212785 0.354200 -0.304138 0.125496 0.164739 0.113479 0.125822 0.420309 0.036945 -0.014926 0.140883 0.233739 -0.090694 -0.220570 0.309049 0.257089 0.202844 0.441676 0.069572 0.074439 0.323376 0.163701 0.152737 0.000000 0.121469 0.108224 0.000000 0.192853 0.130836 0.121906 -9999.0 -9999.0 -9999.0 -9999.0
-9999.0 -9999.0 -9999.0 -9999.0 -9999.0 -9999.0 -9999.0 -9999.0 -9999.0 0.411345 0.413978 0.411247 0.943960 0.316212 0.168186 0.091614 0.464627 0.356682 0.053331 0.325017 0.357613 0.055143 0.500129 0.504718 -0.304923 -0.048567 0.123874 0.220950 0.351021 0.451365 0.449920 -0.306808 0.413873 0.322844 0.385759 0.116175 0.120054 0.122020 0.405409 0.426536 0.052331 -0.071796 0.112562 0.370827 0.257171 0.416566 0.384186 0.332898 0.244632 0.287416 -0.295165 -0.201507 0.107436 0.265201 0.135616 0.000000 0.000000 -0.179497 0.125562 -9999.0 -9999.0 -9999.0 -9999.0
-9999.0 -9999.0 -9999.0 -9999.0 -9999.0 -9999.0 -9999.0 -9999.0 -9999.0 -9999.0 0.393726 0.427268 0.207515 0.590252 0.305526 0.183401 0.279244 0.383678 0.038432 0.371346 0.378282 0.043597 0.215980 -0.102315 0.000714 0.160494 0.328697 0.357383 0.435251 -0.314783 -0.310273 0.104941 -0.226499 0.368871 0.442010 0.447649 0.416614 0.434477 0.121918 0.404632 0.383870 0.433524 0.830842 0.217926 0.202760 0.274427 0.085015 0.460308 0.101300 0.305784 -0.302818 -0.192921 0.104796 0.094645 0.262757 0.275834 0.370159 0.120996 0.143537 0.157207 -9999.0 -9999.0 -9999.0
-9999.0 -9999.0 -9999.0 -9999.0 -9999.0 -9999.0 -9999.0 -9999.0 -9999.0 -9999.0 0.380030 0.421284 0.419149 0.237189 0.540048 0.254515 0.232121 0.169245 0.180926 0.172596 0.114898 0.092163 0.188503 0.225959 0.195955 0.312408 0.346440 0.217328 -0.323844 -0.226699 0.388057 0.446484 -0.082241 0.359182 0.395080 0.442963 0.280099 0.061226 0.220525 0.367660 0.409194 0.182713 -0.055751 0.399755 0.407442 -0.133494 0.272873 0.232605 0.108931 0.386737 0.254781 0.128921 -0.217162 0.116154 0.096488 0.092831 0.260719 0.013525 0.524557 0.423674 -9999.0 -9999.0 -9999.0
-9999.0 -9999.0 -9999.0 -9999.0 -9999.0 -9999.0 -9999.0 -9999.0 0.420608 0.391359 0.348880 0.420716 0.275523 0.104059 -0.005384 0.379315 0.043790 0.047770 0.165589 0.086985 0.095048 0.034302 0.051368 0.113766 0.374010 0.209850 0.443686 -0.198913 0.009958 -0.222323 0.150120 0.394244 0.400914 0.374818 0.423769 0.400770 0.408243 0.212976 -0.308693 0.117734 0.146240 0.429957 -0.054602 0.118293 0.066029 0.836910 -0.303519 0.087186 0.251499 0.394873 0.323809 0.237766 0.000000 -0.191847 0.098180 0.325409 0.162927 0.373429 0.278690 0.218264 -9999.0 -9999.0 -9999.0
-9999.0 -9999.0 -9999.0 -9999.0 -9999.0 -9999.0 -9999.0 -9999.0 0.323781 -0.028687 0.004812 0.359370 0.401209 0.191723 -0.294970 0.271570 0.090296 0.093157 0.004091 0.084742 0.216390 0.297163 0.160633 0.043685 0.052886 0.212770 0.257859 0.058891 0.000000 0.369484 0.315025 0.137286 0.419237 0.142061 0.423954 0.422533 0.438436 0.374938 0.131395 0.416828 0.401325 0.319816 0.157249 0.408275 0.801175 0.097583 -0.084641 0.395479 0.132094 0.362895 0.400469 0.101753 0.000000 0.272428 0.373600 0.000216 -0.014744 0.174085 0.366984 0.422441 0.155438 -9999.0 -9999.0
-9999.0 -9999.0 -9999.0 -9999.0 -9999.0 -9999.0 -9999.0 -9999.0 0.383489 0.713634 0.352937 -0.222238 0.408714 -0.044253 0.053558 -0.240774 0.236657 0.104949 0.023851 0.200097 0.081551 0.227801 0.136381 0.080043 0.268611 0.107871 0.273713 -0.320468 -0.086224 0.397779 0.151121 0.446587 -0.097784 -0.049623 0.444546 0.456265 0.292208 0.446642 0.110195 0.007077 0.421174 0.155436 0.409041 0.750869 -0.080663 0.410170 0.114296 0.389303 -0.043689 0.145821 0.365430 0.270623 0.000000 0.000000 0.043602 0.111673 0.314222 0.376100 0.239511 0.481766 0.430516 -9999.0 -9999.0
-9999.0 -9999.0 -9999.0 -9999.0 -9999.0 -9999.0 -9999.0 -9999.0 0.148962 0.396576 0.049349 -0.085786 0.388425 -0.061670 -0.204133 0.292889 0.012853 0.028410 0.360427 0.122091 0.125013 0.187273 0.245370 0.172535 0.156993 0.262346 -0.047561 -0.310593 0.406851 -0.079624 0.067965 0.072684 0.254422 0.314333 0.192140 0.390694 0.235044 0.115832 0.279290 0.223211 0.406896 0.410150 0.414102 0.073998 0.402463 0.123936 0.375883 0.134501 0.386360 -0.001372 0.162418 0.241632 0.228759 0.052021 0.228919 0.316887 0.381851 0.306235 0.301366 0.428260 0.389235 0.202762 -9999.0
-9999.0 -9999.0 -9999.0 -9999.0 -9999.0 -9999.0 -9999.0 -9999.0 0.262464 0.400727 0.293917 -0.315231 -0.109183 -0.019778 0.470580 0.379242 0.496151 0.191567 0.207519 0.095515 0.128046 0.287842 0.179331 0.136170 0.095813 0.205704 -0.308653 0.186412 0.287560 0.261596 -0.135121 0.376687 0.443269 0.432552 0.338347 0.315310 0.034937 0.045492 0.052484 0.417013 0.316464 0.253714 0.335265 0.255422 0.051446 0.425285 0.149564 0.031666 0.117562 0.282911 0.298181 0.099545 0.179914 0.270823 0.326595 0.365155 0.397223 0.436412 0.434890 0.218563 0.122076 0.195631 -9999.0
-9999.0 -9999.0 0.392464 0.414346 0.306142 -0.065451 -0.004572 0.049407 0.364272 0.377925 -0.155144 0.146347 0.027323 0.249775 0.476362 0.385688 0.161244 -0.307566 0.090586 0.263593 0.092342 0.199179 0.452044 0.056968 0.191748 0.082839 0.210479 0.246623 0.164092 0.552713 0.196688 0.179362 0.483935 0.125309 0.198115 0.083545 0.113638 0.024629 0.008412 0.046519 0.023226 0.033066 0.070325 0.432754 0.242711 0.314747 0.403501 0.355450 0.352140 0.307045 0.119704 0.317397 0.365498 0.329717 0.322478 0.397637 0.369034 0.389783 0.376206 0.128136 0.436789 0.196479 -9999.0
-9999.0 0.054876 -0.001156 -0.015177 -0.048159 0.240906 -0.022052 -0.119512 -0.217526 0.356743 0.000092 -0.236556 0.256735 0.476231 0.468439 -0.180828 0.016370 -0.122816 -0.036671 0.212843 0.090434 0.104502 0.477265 0.306149 0.108274 0.097264 0.218092 0.277529 0.111498 0.397739 0.119186 0.115693 0.138990 0.371709 0.116592 0.137839 0.088881 0.013185 0.139126 0.110943 0.118514 0.119798 0.053316 0.059102 0.084408 0.065411 0.407697 0.037500 0.101458 0.321225 0.402818 0.409315 0.371460 0.319646 0.305025 0.310530 0.213245 0.262889 0.354800 0.468393 0.244230 0.198488 -9999.0
-9999.0 0.471696 0.224684 0.111234 0.428643 0.227491 -0.300411 -0.223471 0.352265 0.340435 0.009512 -0.322188 0.210241 0.456516 -0.034830 0.000000 -0.066881 0.081356 0.134782 0.261708 0.540543 0.324554 0.237709 0.447449 0.295545 0.194725 0.048303 0.108724 0.383046 0.027603 0.019124 0.022168 0.224873 0.313118 0.358629 0.417522 0.213556 0.203447 0.044070 0.068349 0.093324 0.260638 0.139796 0.100150 0.046076 0.016350 0.250476 0.415632 0.414783 0.413559 0.384897 0.227425 0.223283 0.325269 0.252417 -0.038035 0.210393 0.000278 0.030902 -0.072911 0.059658 -9999.0 -9999.0
-9999.0 0.367465 0.146460 0.184358 0.369918 0.483851 0.428960 -0.305940 0.040032 0.119696 -0.010254 0.099207 0.314632 0.457201 -0.324411 0.000000 -0.221047 0.107945 -0.303065 0.049271 -0.105861 0.037624 0.213165 0.365069 0.351731 0.398666 0.412954 0.418537 0.153182 0.388774 0.064728 0.046252 0.442777 0.450524 0.433466 0.351672 0.341626 0.194446 0.308871 0.296858 0.306055 0.203549 0.373748 0.050518 0.042651 0.424031 0.412517 0.433899 0.425745 0.234827 0.265094 0.422211 0.079015 0.333947 -0.099045 -0.327088 -0.325681 -0.322949 -0.323303 -9999.0 -9999.0 -9999.0 -9999.0
