user2019/resources/simulation/Vinschgau/output-maps/ETN1081.asc
ncols         63
nrows         48
xllcorner     598000.000000
yllcorner     5145000.000000
cellsize      1000.000000
NODATA_value  -9999.0
[rows 0 to 28 of 48, columns 0 to 62 of 63]
-9999.0 -9999.0 -9999.0 -9999.0 -9999.0 -9999.0 -9999.0 -9999.0 -9999.0 -9999.0 -9999.0 -9999.0 -9999.0 -9999.0 -9999.0 -9999.0 -9999.0 -9999.0 -9999.0 -9999.0 -9999.0 -9999.0 -9999.0 -9999.0 -9999.0 -9999.0 -9999.0 -9999.0 -9999.0 -9999.0 -9999.0 -9999.0 -9999.0 -9999.0 -9999.0 -9999.0 -9999.0 -9999.0 -9999.0 -9999.0 -9999.0 -9999.0 -9999.0 -9999.0 -9999.0 -9999.0 -9999.0 -9999.0 -9999.0 -9999.0 -9999.0 -9999.0 -9999.0 -9999.0 -9999.0 -9999.0 -9999.0 -9999.0 -9999.0 -9999.0 -9999.0 -9999.0 -9999.0
-9999.0 -9999.0 -9999.0 -9999.0 -9999.0 -9999.0 -9999.0 -9999.0 -9999.0 -9999.0 -9999.0 -9999.0 -9999.0 -9999.0 -9999.0 -9999.0 -9999.0 -9999.0 -9999.0 -9999.0 -9999.0 -9999.0 -9999.0 -9999.0 -9999.0 -9999.0 -9999.0 0.055510 0.169624 0.418759 0.310527 0.199719 0.334631 -9999.0 -9999.0 -9999.0 -9999.0 -9999.0 -9999.0 -9999.0 -9999.0 -9999.0 -9999.0 -9999.0 -9999.0 -9999.0 -9999.0 -9999.0 -9999.0 -9999.0 -9999.0 -9999.0 -9999.0 -9999.0 -9999.0 -9999.0 -9999.0 -9999.0 -9999.0 -9999.0 -9999.0 -9999.0 -9999.0
-9999.0 -9999.0 -9999.0 -9999.0 -9999.0 -9999.0 -9999.0 -9999.0 -9999.0 -9999.0 -9999.0 -9999.0 -9999.0 -9999.0 -9999.0 -9999.0 -9999.0 -9999.0 -9999.0 -9999.0 -9999.0 -9999.0 -9999.0 -9999.0 0.337234 0.190719 0.420829 0.187652 0.418668 0.421865 0.148252 -9999.0 -9999.0 -9999.0 -9999.0 -9999.0 -9999.0 -9999.0 -9999.0 -9999.0 -9999.0 -9999.0 -9999.0 -9999.0 -9999.0 -9999.0 -9999.0 -9999.0 -9999.0 -9999.0 -9999.0 -9999.0 -9999.0 -9999.0 -9999.0 -9999.0 -9999.0 -9999.0 -9999.0 -9999.0 -9999.0 -9999.0 -9999.0
-9999.0 -9999.0 -9999.0 -9999.0 -9999.0 -9999.0 -9999.0 -9999.0 -9999.0 -9999.0 -9999.0 -9999.0 -9999.0 -9999.0 -9999.0 -9999.0 -9999.0 -9999.0 -9999.0 -9999.0 -9999.0 -9999.0 -9999.0 0.194551 0.415830 0.547147 0.483374 0.154378 0.626755 0.198996 0.156941 0.081096 -9999.0 -9999.0 -9999.0 -9999.0 -9999.0 -9999.0 -9999.0 -9999.0 -9999.0 -9999.0 -9999.0 -9999.0 -9999.0 -9999.0 -9999.0 -9999.0 -9999.0 -9999.0 -9999.0 -9999.0 -9999.0 -9999.0 -9999.0 -9999.0 -9999.0 -9999.0 -9999.0 -9999.0 -9999.0 -9999.0 -9999.0
-9999.0 -9999.0 -9999.0 -9999.0 -9999.0 -9999.0 -9999.0 -9999.0 -9999.0 -9999.0 -9999.0 -9999.0 -9999.0 -9999.0 -9999.0 -9999.0 -9999.0 -9999.0 0.392446 0.264382 -9999.0 0.199661 0.227370 0.422691 0.455720 0.073546 0.405068 0.418174 0.499096 0.387421 0.162677 0.151248 0.049392 0.081504 -9999.0 -9999.0 -9999.0 -9999.0 -9999.0 -9999.0 -9999.0 -9999.0 -9999.0 -9999.0 -9999.0 -9999.0 -9999.0 -9999.0 -9999.0 -9999.0 -9999.0 -9999.0 -9999.0 -9999.0 -9999.0 -9999.0 -9999.0 -9999.0 -9999.0 -9999.0 -9999.0 -9999.0 -9999.0
-9999.0 -9999.0 -9999.0 -9999.0 -9999.0 -9999.0 -9999.0 -9999.0 -9999.0 -9999.0 -9999.0 -9999.0 -9999.0 -9999.0 -9999.0 -9999.0 -9999.0 0.200073 0.157772 0.131501 0.150647 0.211813 0.362926 0.381600 0.394115 0.299272 0.038693 0.330476 0.062889 0.451121 0.389132 0.458532 0.457704 0.054965 0.054764 0.064603 -9999.0 -9999.0 -9999.0 -9999.0 -9999.0 -9999.0 -9999.0 -9999.0 -9999.0 -9999.0 -9999.0 -9999.0 -9999.0 -9999.0 -9999.0 -9999.0 -9999.0 -9999.0 -9999.0 -9999.0 -9999.0 -9999.0 -9999.0 -9999.0 -9999.0 -9999.0 -9999.0
-9999.0 -9999.0 -9999.0 -9999.0 -9999.0 -9999.0 -9999.0 -9999.0 -9999.0 -9999.0 -9999.0 -9999.0 -9999.0 0.365429 0.433341 0.252949 0.131903 0.002631 0.201144 0.049296 0.382219 0.433483 0.383405 0.357176 0.207424 0.256635 0.014573 0.283653 0.237542 0.325710 0.298008 0.400824 0.427892 0.400804 0.387492 0.067579 -9999.0 -9999.0 -9999.0 -9999.0 -9999.0 -9999.0 -9999.0 -9999.0 -9999.0 -9999.0 -9999.0 -9999.0 -9999.0 -9999.0 -9999.0 -9999.0 -9999.0 -9999.0 -9999.0 -9999.0 -9999.0 -9999.0 -9999.0 -9999.0 -9999.0 -9999.0 -9999.0
-9999.0 -9999.0 -9999.0 -9999.0 -9999.0 -9999.0 -9999.0 -9999.0 -9999.0 -9999.0 -9999.0 -9999.0 -9999.0 0.393348 0.400387 0.288092 0.165965 0.377876 0.002851 0.220266 0.030656 0.282785 0.349685 0.404885 0.409403 0.446501 0.178390 0.053996 0.050632 0.373802 0.293245 0.156870 0.046680 0.000000 0.216673 -9999.0 -9999.0 -9999.0 -9999.0 -9999.0 -9999.0 -9999.0 -9999.0 -9999.0 -9999.0 -9999.0 -9999.0 -9999.0 -9999.0 -9999.0 -9999.0 -9999.0 -9999.0 -9999.0 -9999.0 -9999.0 -9999.0 -9999.0 -9999.0 -9999.0 -9999.0 -9999.0 -9999.0
-9999.0 -9999.0 -9999.0 -9999.0 -9999.0 -9999.0 -9999.0 -9999.0 -9999.0 -9999.0 -9999.0 -9999.0 -9999.0 0.326018 0.879265 0.418604 0.267585 0.195228 0.002451 0.162332 0.344237 0.159295 0.374478 0.141531 0.427205 0.460636 0.101032 0.049722 0.135767 0.000000 0.168875 0.000000 0.000000 0.000000 0.062929 -9999.0 -9999.0 -9999.0 -9999.0 -9999.0 -9999.0 -9999.0 -9999.0 -9999.0 -9999.0 -9999.0 -9999.0 -9999.0 -9999.0 -9999.0 -9999.0 -9999.0 -9999.0 -9999.0 -9999.0 -9999.0 -9999.0 -9999.0 -9999.0 -9999.0 -9999.0 -9999.0 -9999.0
-9999.0 -9999.0 -9999.0 -9999.0 -9999.0 -9999.0 -9999.0 -9999.0 -9999.0 -9999.0 -9999.0 -9999.0 0.403225 0.810456 0.405537 0.499533 0.308739 0.276329 0.324556 0.008100 0.435939 0.209200 0.195063 0.119289 0.288209 0.164969 0.248948 0.153458 0.397950 0.287265 0.000000 0.050080 0.356278 0.085478 -9999.0 -9999.0 -9999.0 -9999.0 -9999.0 -9999.0 -9999.0 -9999.0 -9999.0 -9999.0 -9999.0 -9999.0 -9999.0 -9999.0 -9999.0 -9999.0 -9999.0 -9999.0 -9999.0 -9999.0 -9999.0 -9999.0 -9999.0 -9999.0 -9999.0 -9999.0 -9999.0 -9999.0 -9999.0
-9999.0 -9999.0 -9999.0 -9999.0 -9999.0 -9999.0 -9999.0 -9999.0 -9999.0 -9999.0 -9999.0 0.362625 0.593179 0.895547 0.484201 0.454773 0.005513 0.328433 0.475778 0.258560 0.071525 0.533002 0.223656 0.167969 0.410990 0.403990 0.145086 0.154251 0.393549 0.060159 0.051603 0.416558 0.389516 0.064901 0.049155 0.399771 0.151808 0.155911 0.395062 -9999.0 -9999.0 -9999.0 0.062945 -9999.0 -9999.0 -9999.0 -9999.0 -9999.0 -9999.0 -9999.0 -9999.0 -9999.0 -9999.0 -9999.0 -9999.0 -9999.0 -9999.0 -9999.0 -9999.0 -9999.0 -9999.0 -9999.0 -9999.0
-9999.0 -9999.0 -9999.0 -9999.0 -9999.0 -9999.0 -9999.0 -9999.0 -9999.0 -9999.0 -9999.0 0.354597 0.600296 0.524647 0.243457 0.400069 0.151477 0.133314 0.390951 0.494311 0.401408 0.358247 0.219732 -0.217925 0.071885 0.159539 0.156220 0.398396 0.393147 0.062757 0.403454 0.402669 0.075727 0.330806 0.167526 0.154205 0.384969 0.392776 0.160131 0.060326 0.063234 0.062114 0.387947 0.049047 -9999.0 -9999.0 -9999.0 0.204778 0.376129 0.276831 0.399734 0.055704 0.057498 0.386381 0.117195 0.062378 -9999.0 -9999.0 -9999.0 -9999.0 -9999.0 -9999.0 -9999.0
-9999.0 -9999.0 -9999.0 -9999.0 -9999.0 -9999.0 -9999.0 -9999.0 -9999.0 -9999.0 -9999.0 0.306851 0.349039 0.251229 0.445091 0.429374 0.377631 0.161724 0.406383 0.470360 0.352507 0.215506 0.066614 0.181869 0.159851 0.053730 0.094280 0.117033 0.051942 0.158984 0.050004 0.103053 0.424833 0.097263 0.223968 0.340771 0.138529 0.168419 0.242247 0.052711 0.415368 0.149546 0.383265 0.154631 0.038977 -9999.0 0.071655 0.097000 0.324124 0.351684 0.366989 0.365152 0.170161 0.098859 0.343439 0.322780 -9999.0 -9999.0 -9999.0 -9999.0 -9999.0 -9999.0 -9999.0
-9999.0 -9999.0 -9999.0 -9999.0 -9999.0 -9999.0 -9999.0 -9999.0 -9999.0 -9999.0 -9999.0 -9999.0 0.407357 0.123780 0.412544 0.408155 0.243115 0.132635 0.400703 0.475951 0.186799 0.260222 0.274184 0.220109 -0.225323 -0.054729 0.482846 0.201901 0.375121 0.049301 0.152977 0.064668 0.395319 0.371562 0.366824 0.154131 0.065287 0.118632 0.324751 0.190262 0.406706 0.092523 0.080248 0.328551 0.052590 0.434711 0.053678 0.358341 0.023827 0.090188 -0.014149 0.077751 0.085402 0.055313 0.044149 0.392527 0.112552 -9999.0 -9999.0 -9999.0 -9999.0 -9999.0 -9999.0
-9999.0 -9999.0 -9999.0 -9999.0 -9999.0 -9999.0 -9999.0 -9999.0 -9999.0 -9999.0 -9999.0 0.172943 0.220081 0.342627 0.223856 0.281721 0.350062 0.181140 0.361341 0.279654 0.142419 0.306797 0.100642 0.021938 0.070366 0.111220 0.078146 0.149806 0.154036 0.054335 0.052823 0.088728 0.396423 0.395929 0.412957 0.389688 0.155877 0.148115 0.144107 0.286489 -0.080665 0.106342 0.260557 0.011996 0.189305 0.152038 0.389542 0.056919 0.094333 0.076666 -0.082480 0.150225 0.000000 0.000000 0.000000 0.000000 0.047233 -9999.0 -9999.0 -9999.0 -9999.0 -9999.0 -9999.0
-9999.0 -9999.0 -9999.0 -9999.0 -9999.0 -9999.0 -9999.0 -9999.0 -9999.0 -9999.0 0.423115 0.000408 0.240846 0.265308 0.344398 0.182985 0.190969 0.179229 0.181341 0.265869 0.418542 0.384519 -0.283018 0.311446 0.024783 0.099643 -0.207793 -0.082485 0.419673 0.342564 0.188305 0.180746 0.412355 0.389895 0.068162 0.050079 0.346318 0.150349 -0.004607 0.225122 0.233142 0.147271 0.196119 0.364989 0.004334 0.057139 0.438665 0.088482 0.110210 0.113134 0.000000 0.048653 0.000000 0.000000 0.000000 0.066827 0.308387 -9999.0 -9999.0 -9999.0 -9999.0 -9999.0 -9999.0
-9999.0 -9999.0 -9999.0 -9999.0 -9999.0 -9999.0 -9999.0 -9999.0 -9999.0 0.168272 0.238448 0.235809 0.256941 -0.078215 -0.044154 0.087510 0.033580 0.374762 0.117410 0.232279 0.431058 0.134077 0.189762 0.244951 0.195383 -0.307734 -0.230489 0.205140 -0.121387 0.135852 0.208629 -0.302441 0.049736 0.000000 0.064038 0.049672 0.404505 0.023252 -0.051242 -0.089279 0.212935 -0.030599 -0.282276 0.250544 0.326431 0.067370 0.316049 -0.093828 -0.094976 0.197011 0.040316 0.048255 0.000000 0.055342 0.043879 0.000000 0.000000 0.048171 0.050374 -9999.0 -9999.0 -9999.0 -9999.0
-9999.0 -9999.0 -9999.0 -9999.0 -9999.0 -9999.0 -9999.0 -9999.0 -9999.0 0.158503 0.162434 0.208454 0.551482 0.166631 0.018560 -0.079785 0.321224 0.259615 0.119556 0.400211 0.423292 0.264343 0.394055 0.317654 -0.306697 -0.099673 -0.085205 0.035210 0.228652 0.265115 0.203823 -0.305040 0.404574 0.146492 0.329490 0.053140 0.051773 0.077594 0.153870 0.349597 0.029278 -0.206381 -0.050191 0.278563 0.365756 0.346036 0.325884 0.239844 0.155943 0.181016 -0.293508 -0.195597 0.046678 0.347168 0.346353 0.000000 0.000000 0.000000 0.050042 -9999.0 -9999.0 -9999.0 -9999.0
-9999.0 -9999.0 -9999.0 -9999.0 -9999.0 -9999.0 -9999.0 -9999.0 -9999.0 -9999.0 0.149226 0.357106 -0.021938 0.413259 0.205609 0.041437 0.163510 0.334228 0.128666 0.391513 0.441931 0.113495 0.113385 -0.136736 -0.024478 -0.004825 0.187043 0.278566 0.228004 -0.313014 -0.308442 0.023919 -0.220276 0.398433 0.417784 0.393637 0.206385 0.393608 0.052419 0.398009 0.147119 0.379274 0.483473 0.065934 0.167424 0.200658 0.247653 0.357428 0.327648 0.206884 -0.301235 0.000000 0.044215 0.040530 -0.025444 0.090280 0.273928 0.163032 0.187566 0.039186 -9999.0 -9999.0 -9999.0
-9999.0 -9999.0 -9999.0 -9999.0 -9999.0 -9999.0 -9999.0 -9999.0 -9999.0 -9999.0 0.305274 0.330337 0.191361 0.050521 0.398678 0.225659 0.195200 0.184521 0.249783 0.236187 0.142359 0.151003 0.079400 0.061934 0.102509 0.192812 0.267270 0.133786 -0.322396 -0.224000 0.145905 0.356627 0.000000 0.144354 0.151321 0.344380 0.236807 0.228201 0.163914 0.149026 0.376313 0.379755 0.192000 0.186994 0.215335 -0.139746 0.127282 0.162001 0.298533 0.324401 0.145566 -0.223833 -0.210113 0.041836 0.025644 0.042076 0.096009 0.055490 0.458729 0.312496 -9999.0 -9999.0 -9999.0
-9999.0 -9999.0 -9999.0 -9999.0 -9999.0 -9999.0 -9999.0 -9999.0 0.343808 0.150420 0.146221 0.360679 0.190836 -0.119764 -0.097447 0.361089 0.099584 0.239970 0.339650 0.112199 0.121277 0.123268 0.175858 0.200808 0.275842 0.194656 0.279839 -0.336385 -0.080961 -0.224866 0.000000 0.142025 0.149036 0.144225 0.368556 0.153906 0.303706 0.014588 -0.306835 0.054009 0.053513 0.385454 -0.085454 0.049199 0.098064 0.433317 -0.301699 -0.096822 0.163047 0.312994 0.202366 -0.312052 0.000000 -0.186411 0.042023 0.345530 0.048243 0.207851 0.195705 0.376857 -9999.0 -9999.0 -9999.0
-9999.0 -9999.0 -9999.0 -9999.0 -9999.0 -9999.0 -9999.0 -9999.0 0.213208 0.209915 -0.226826 0.143470 0.154355 0.096918 -0.306355 0.190863 0.119308 0.111024 0.012714 0.122260 0.317576 0.416552 0.422594 0.291717 0.112248 0.255604 0.227738 0.078300 0.000000 0.146482 0.086855 0.052154 0.412486 0.051524 0.151170 0.302251 0.336013 0.264255 0.209691 0.407593 0.148698 0.000000 0.050714 0.177700 0.382915 0.184555 -0.084217 0.147141 0.053377 0.324740 0.301994 -0.029182 0.000000 0.352456 0.144279 0.000003 0.004802 0.070504 0.311303 0.420011 0.203220 -9999.0 -9999.0
-9999.0 -9999.0 -9999.0 -9999.0 -9999.0 -9999.0 -9999.0 -9999.0 0.145712 0.340648 0.333601 -0.216632 0.351036 -0.086051 0.103986 -0.305322 0.199750 0.274009 0.070798 0.271013 0.119068 0.342934 0.372117 0.174015 0.370792 0.136321 0.246482 -0.319247 0.000000 0.147502 0.051236 0.389497 -0.218993 0.038532 0.395110 0.504077 0.076211 0.455652 -0.090929 0.023459 0.403310 0.054874 0.413496 0.386824 0.019497 0.411587 0.052899 0.145550 -0.231477 0.087289 0.364137 0.147388 0.000000 0.000000 0.000000 0.130573 0.216401 0.296990 0.373896 0.458605 0.445285 -9999.0 -9999.0
-9999.0 -9999.0 -9999.0 -9999.0 -9999.0 -9999.0 -9999.0 -9999.0 0.047114 0.201045 0.241472 0.000000 0.128479 0.067282 0.239929 0.244736 0.038675 0.096585 0.414172 0.133116 0.173795 0.264016 0.329495 0.236440 0.177359 0.250967 -0.113680 -0.308812 0.202010 0.040858 -0.101811 0.098063 0.056304 0.171987 0.015939 0.293585 0.355434 0.149411 0.277605 0.040149 0.197127 0.390895 0.183172 0.098961 0.336464 0.054591 0.410890 0.073903 0.147862 -0.142793 0.107540 0.283191 0.110676 0.000000 0.102901 0.222500 0.300071 0.386663 0.321508 0.433648 0.381642 0.239789 -9999.0
-9999.0 -9999.0 -9999.0 -9999.0 -9999.0 -9999.0 -9999.0 -9999.0 0.093292 0.143657 0.196519 -0.313656 0.083810 -0.113655 0.305693 0.306788 0.369942 0.165185 0.217651 0.113699 0.174074 0.307545 0.243696 0.183137 0.359326 0.166796 -0.309790 0.052288 0.190513 0.304446 -0.103759 0.238562 0.365484 0.315363 0.227272 0.278836 0.285727 0.154254 0.064927 0.326407 0.216691 0.181103 0.177526 0.154967 -0.120192 0.250868 0.067895 0.087073 -0.038264 0.164432 0.246994 0.147054 0.193897 0.191713 0.336528 0.279962 0.313997 0.363819 0.407043 0.376904 0.162935 0.229215 -9999.0
-9999.0 -9999.0 0.372823 0.166060 0.208387 0.016886 0.116884 0.068334 0.356268 0.349794 0.070526 0.138261 0.031330 0.075309 0.344062 0.267995 0.091928 -0.306387 -0.077235 0.212498 0.109730 0.261592 0.487412 0.071960 0.210888 0.100779 0.163036 0.225006 0.318339 0.416146 0.110500 0.250834 0.428865 0.181369 0.392775 0.147451 0.296000 0.102723 0.061912 0.067754 0.334450 0.378521 0.315264 0.363390 0.194831 0.228217 0.320159 0.345532 0.309128 0.342868 0.315334 0.304113 0.286342 0.247328 0.241121 0.334693 0.283851 0.310000 0.320576 0.198714 0.345099 0.211074 -9999.0
-9999.0 0.309018 0.230994 0.232557 0.019304 0.144982 -0.055543 -0.226056 -0.211452 0.384509 -0.235284 -0.322015 0.194946 0.266789 0.284539 -0.217091 -0.027876 -0.224635 0.012453 0.148860 0.150136 0.153117 0.481205 0.331810 0.223127 0.174084 0.290028 0.366674 0.338913 0.382628 0.326649 0.336346 0.440452 0.496263 0.221344 0.396109 0.140883 0.038918 0.437601 0.478161 0.177435 0.234647 0.372544 0.148267 0.124766 0.125236 0.418038 0.151324 0.223664 0.337425 0.387141 0.331378 0.286517 0.234838 0.223219 0.218160 0.188019 0.235798 0.260752 0.317897 0.230267 0.207516 -9999.0
-9999.0 0.457348 0.098842 0.256740 0.242448 0.281508 -0.298706 -0.218573 0.138338 0.333304 -0.229718 -0.320931 0.171491 0.297282 -0.140803 0.000000 -0.226646 -0.230109 -0.080577 0.135069 0.395918 0.339374 0.287840 0.375416 0.366343 0.287558 0.079118 0.122557 0.412241 0.110320 0.049573 0.066889 0.485445 0.510537 0.496248 0.555173 0.304038 0.264470 0.373599 0.227733 0.295575 0.477705 0.160560 0.206756 0.074923 0.042873 0.393260 0.464310 0.455294 0.446426 0.351768 0.242612 0.203391 0.460055 0.213214 -0.121997 -0.098725 -0.084500 -0.050009 -0.167239 -0.038369 -9999.0 -9999.0
-9999.0 0.220030 0.170064 0.173161 0.355651 0.269259 0.229801 -0.304336 -0.224970 -0.223181 0.017745 0.013868 0.237086 0.214162 -0.322761 0.000000 -0.218276 -0.001402 -0.301462 -0.127005 -0.131339 -0.052910 0.212110 0.335011 0.358010 0.394920 0.439806 0.461315 0.208582 0.420297 0.093283 0.067764 0.510099 0.541002 0.536597 0.515845 0.545264 0.247392 0.534160 0.523277 0.517726 0.274597 0.533307 0.077056 0.063289 0.502285 0.467212 0.493144 0.434728 0.264321 0.287616 0.253457 -0.011118 0.117840 -0.159149 -0.325644 -0.324181 -0.321229 -0.321587 -9999.0 -9999.0 -9999.0 -9999.0
