user2019/resources/simulation/Vinschgau/output-maps/ETN1385.asc
ncols         63
nrows         48
xllcorner     598000.000000
yllcorner     5145000.000000
cellsize      1000.000000
NODATA_value  -9999.0
[rows 0 to 28 of 48, columns 0 to 62 of 63]
-9999.0 -9999.0 -9999.0 -9999.0 -9999.0 -9999.0 -9999.0 -9999.0 -9999.0 -9999.0 -9999.0 -9999.0 -9999.0 -9999.0 -9999.0 -9999.0 -9999.0 -9999.0 -9999.0 -9999.0 -9999.0 -9999.0 -9999.0 -9999.0 -9999.0 -9999.0 -9999.0 -9999.0 -9999.0 -9999.0 -9999.0 -9999.0 -9999.0 -9999.0 -9999.0 -9999.0 -9999.0 -9999.0 -9999.0 -9999.0 -9999.0 -9999.0 -9999.0 -9999.0 -9999.0 -9999.0 -9999.0 -9999.0 -9999.0 -9999.0 -9999.0 -9999.0 -9999.0 -9999.0 -9999.0 -9999.0 -9999.0 -9999.0 -9999.0 -9999.0 -9999.0 -9999.0 -9999.0
-9999.0 -9999.0 -9999.0 -9999.0 -9999.0 -9999.0 -9999.0 -9999.0 -9999.0 -9999.0 -9999.0 -9999.0 -9999.0 -9999.0 -9999.0 -9999.0 -9999.0 -9999.0 -9999.0 -9999.0 -9999.0 -9999.0 -9999.0 -9999.0 -9999.0 -9999.0 -9999.0 0.010390 0.137275 0.024974 0.174998 0.060434 0.414716 -9999.0 -9999.0 -9999.0 -9999.0 -9999.0 -9999.0 -9999.0 -9999.0 -9999.0 -9999.0 -9999.0 -9999.0 -9999.0 -9999.0 -9999.0 -9999.0 -9999.0 -9999.0 -9999.0 -9999.0 -9999.0 -9999.0 -9999.0 -9999.0 -9999.0 -9999.0 -9999.0 -9999.0 -9999.0 -9999.0
-9999.0 -9999.0 -9999.0 -9999.0 -9999.0 -9999.0 -9999.0 -9999.0 -9999.0 -9999.0 -9999.0 -9999.0 -9999.0 -9999.0 -9999.0 -9999.0 -9999.0 -9999.0 -9999.0 -9999.0 -9999.0 -9999.0 -9999.0 -9999.0 0.190901 0.203937 0.227150 0.191508 0.234260 0.200490 0.146190 -9999.0 -9999.0 -9999.0 -9999.0 -9999.0 -9999.0 -9999.0 -9999.0 -9999.0 -9999.0 -9999.0 -9999.0 -9999.0 -9999.0 -9999.0 -9999.0 -9999.0 -9999.0 -9999.0 -9999.0 -9999.0 -9999.0 -9999.0 -9999.0 -9999.0 -9999.0 -9999.0 -9999.0 -9999.0 -9999.0 -9999.0 -9999.0
-9999.0 -9999.0 -9999.0 -9999.0 -9999.0 -9999.0 -9999.0 -9999.0 -9999.0 -9999.0 -9999.0 -9999.0 -9999.0 -9999.0 -9999.0 -9999.0 -9999.0 -9999.0 -9999.0 -9999.0 -9999.0 -9999.0 -9999.0 0.205645 0.242150 0.051571 0.029659 0.011629 0.012299 0.181590 0.149066 0.119234 -9999.0 -9999.0 -9999.0 -9999.0 -9999.0 -9999.0 -9999.0 -9999.0 -9999.0 -9999.0 -9999.0 -9999.0 -9999.0 -9999.0 -9999.0 -9999.0 -9999.0 -9999.0 -9999.0 -9999.0 -9999.0 -9999.0 -9999.0 -9999.0 -9999.0 -9999.0 -9999.0 -9999.0 -9999.0 -9999.0 -9999.0
-9999.0 -9999.0 -9999.0 -9999.0 -9999.0 -9999.0 -9999.0 -9999.0 -9999.0 -9999.0 -9999.0 -9999.0 -9999.0 -9999.0 -9999.0 -9999.0 -9999.0 -9999.0 0.152865 0.229212 -9999.0 0.219733 0.234283 0.010630 0.038514 0.011011 0.238573 0.174566 0.237696 0.088122 0.174986 0.171026 0.021637 0.022351 -9999.0 -9999.0 -9999.0 -9999.0 -9999.0 -9999.0 -9999.0 -9999.0 -9999.0 -9999.0 -9999.0 -9999.0 -9999.0 -9999.0 -9999.0 -9999.0 -9999.0 -9999.0 -9999.0 -9999.0 -9999.0 -9999.0 -9999.0 -9999.0 -9999.0 -9999.0 -9999.0 -9999.0 -9999.0
-9999.0 -9999.0 -9999.0 -9999.0 -9999.0 -9999.0 -9999.0 -9999.0 -9999.0 -9999.0 -9999.0 -9999.0 -9999.0 -9999.0 -9999.0 -9999.0 -9999.0 0.110379 0.014512 0.003416 0.034741 0.280419 0.078834 0.012178 0.159142 0.207845 -0.005092 0.155773 0.094791 0.263493 0.250486 0.179660 0.029576 0.013166 0.017942 0.017447 -9999.0 -9999.0 -9999.0 -9999.0 -9999.0 -9999.0 -9999.0 -9999.0 -9999.0 -9999.0 -9999.0 -9999.0 -9999.0 -9999.0 -9999.0 -9999.0 -9999.0 -9999.0 -9999.0 -9999.0 -9999.0 -9999.0 -9999.0 -9999.0 -9999.0 -9999.0 -9999.0
-9999.0 -9999.0 -9999.0 -9999.0 -9999.0 -9999.0 -9999.0 -9999.0 -9999.0 -9999.0 -9999.0 -9999.0 -9999.0 0.092427 0.059064 0.078786 0.037740 0.001114 0.098414 0.011975 0.035218 0.046172 0.011249 0.046021 0.204548 0.230383 0.020897 0.114676 0.064333 0.273590 0.378387 0.245303 0.156923 0.169216 0.027899 0.020305 -9999.0 -9999.0 -9999.0 -9999.0 -9999.0 -9999.0 -9999.0 -9999.0 -9999.0 -9999.0 -9999.0 -9999.0 -9999.0 -9999.0 -9999.0 -9999.0 -9999.0 -9999.0 -9999.0 -9999.0 -9999.0 -9999.0 -9999.0 -9999.0 -9999.0 -9999.0 -9999.0
-9999.0 -9999.0 -9999.0 -9999.0 -9999.0 -9999.0 -9999.0 -9999.0 -9999.0 -9999.0 -9999.0 -9999.0 -9999.0 0.139589 0.032213 0.061924 0.046967 0.107591 0.001318 0.025670 0.004640 0.012162 0.036373 0.097363 0.075189 0.021810 0.132802 0.017060 0.023112 -0.019491 0.107949 0.163991 0.023312 0.024255 0.024253 -9999.0 -9999.0 -9999.0 -9999.0 -9999.0 -9999.0 -9999.0 -9999.0 -9999.0 -9999.0 -9999.0 -9999.0 -9999.0 -9999.0 -9999.0 -9999.0 -9999.0 -9999.0 -9999.0 -9999.0 -9999.0 -9999.0 -9999.0 -9999.0 -9999.0 -9999.0 -9999.0 -9999.0
-9999.0 -9999.0 -9999.0 -9999.0 -9999.0 -9999.0 -9999.0 -9999.0 -9999.0 -9999.0 -9999.0 -9999.0 -9999.0 0.025847 0.805738 0.033668 0.057612 0.052594 0.000922 0.059028 0.063839 0.005189 0.144138 0.135579 0.062464 0.074077 0.074857 0.021102 0.125554 0.021078 0.130386 0.029439 0.023044 0.000000 0.019888 -9999.0 -9999.0 -9999.0 -9999.0 -9999.0 -9999.0 -9999.0 -9999.0 -9999.0 -9999.0 -9999.0 -9999.0 -9999.0 -9999.0 -9999.0 -9999.0 -9999.0 -9999.0 -9999.0 -9999.0 -9999.0 -9999.0 -9999.0 -9999.0 -9999.0 -9999.0 -9999.0 -9999.0
-9999.0 -9999.0 -9999.0 -9999.0 -9999.0 -9999.0 -9999.0 -9999.0 -9999.0 -9999.0 -9999.0 -9999.0 0.011976 0.745798 0.031281 0.069610 0.113816 0.079471 0.073890 0.003782 0.037228 0.221749 0.026547 0.201702 0.389284 0.131210 0.349818 0.138062 0.169662 0.024766 0.080495 0.022459 0.106434 0.022598 -9999.0 -9999.0 -9999.0 -9999.0 -9999.0 -9999.0 -9999.0 -9999.0 -9999.0 -9999.0 -9999.0 -9999.0 -9999.0 -9999.0 -9999.0 -9999.0 -9999.0 -9999.0 -9999.0 -9999.0 -9999.0 -9999.0 -9999.0 -9999.0 -9999.0 -9999.0 -9999.0 -9999.0 -9999.0
-9999.0 -9999.0 -9999.0 -9999.0 -9999.0 -9999.0 -9999.0 -9999.0 -9999.0 -9999.0 -9999.0 0.187792 0.078333 0.763144 0.035521 0.098891 0.001709 0.065736 0.146972 0.002247 0.005241 0.126655 0.165671 0.145376 0.115973 0.166451 0.113924 0.146921 0.466012 0.024868 0.021167 0.161452 0.027269 0.021382 0.021947 0.023236 0.104188 0.093381 0.084769 -9999.0 -9999.0 -9999.0 0.014887 -9999.0 -9999.0 -9999.0 -9999.0 -9999.0 -9999.0 -9999.0 -9999.0 -9999.0 -9999.0 -9999.0 -9999.0 -9999.0 -9999.0 -9999.0 -9999.0 -9999.0 -9999.0 -9999.0 -9999.0
-9999.0 -9999.0 -9999.0 -9999.0 -9999.0 -9999.0 -9999.0 -9999.0 -9999.0 -9999.0 -9999.0 0.209691 0.054702 0.013953 0.027574 0.068741 0.019588 0.009764 0.131652 0.160791 0.076074 0.085930 0.249803 -0.220221 -0.117146 0.136481 0.162335 0.171458 0.073409 0.025523 0.164401 0.212821 0.121550 0.115609 0.091862 0.157523 0.180525 0.099818 0.080568 0.017229 0.019642 0.018448 0.164354 0.023362 -9999.0 -9999.0 -9999.0 0.082977 0.058381 0.024579 0.043540 0.021963 0.022998 0.035267 0.028083 0.023699 -9999.0 -9999.0 -9999.0 -9999.0 -9999.0 -9999.0 -9999.0
-9999.0 -9999.0 -9999.0 -9999.0 -9999.0 -9999.0 -9999.0 -9999.0 -9999.0 -9999.0 -9999.0 0.224924 0.179842 0.028012 0.184862 0.055517 0.057200 0.014287 0.032352 0.154931 0.152251 0.193235 -0.120885 0.194967 0.133194 0.010191 -0.143772 0.037307 0.019317 0.112202 0.020745 -0.154807 0.180397 0.113657 0.023276 0.174927 -0.101757 -0.001957 0.091991 0.013578 0.115422 0.061464 0.173727 0.145815 0.070639 -9999.0 0.018317 0.056706 0.170903 0.164416 0.123617 0.028351 0.095854 0.153798 0.083494 0.115584 -9999.0 -9999.0 -9999.0 -9999.0 -9999.0 -9999.0 -9999.0
-9999.0 -9999.0 -9999.0 -9999.0 -9999.0 -9999.0 -9999.0 -9999.0 -9999.0 -9999.0 -9999.0 -9999.0 0.216612 0.214216 0.154883 0.138838 0.060413 0.016979 0.116810 0.162181 0.049163 0.058583 0.157567 -0.077579 -0.224632 -0.155857 0.518493 0.100678 0.149717 0.024419 0.161953 -0.146106 0.107939 0.143378 0.107165 0.137481 -0.145754 0.022476 0.231547 0.070516 0.133129 0.027226 -0.086440 0.227654 0.027506 0.068361 0.020338 0.094834 -0.220623 -0.092703 -0.027002 -0.116579 0.062072 -0.207026 -0.211344 0.152278 0.117704 -9999.0 -9999.0 -9999.0 -9999.0 -9999.0 -9999.0
-9999.0 -9999.0 -9999.0 -9999.0 -9999.0 -9999.0 -9999.0 -9999.0 -9999.0 -9999.0 -9999.0 -0.076478 0.215773 0.056533 0.232564 0.199768 0.066777 0.051639 0.058061 0.166897 0.032473 0.092868 0.203923 -0.146879 -0.137914 -0.083913 -0.093103 0.138270 0.127605 0.016248 -0.156159 -0.073688 0.206530 0.141823 0.090563 0.166023 0.115430 -0.091359 0.145871 0.087229 -0.091124 0.112162 0.164057 0.031788 0.181923 0.145408 0.148262 0.020356 0.045567 0.050522 -0.082131 0.137642 -0.214917 -0.078333 -0.074345 0.037797 0.024870 -9999.0 -9999.0 -9999.0 -9999.0 -9999.0 -9999.0
-9999.0 -9999.0 -9999.0 -9999.0 -9999.0 -9999.0 -9999.0 -9999.0 -9999.0 -9999.0 0.460700 0.008090 0.230636 0.226209 0.197812 0.284856 0.292444 0.125381 0.064259 0.157672 0.174113 0.262071 -0.287810 0.251142 0.117447 0.220653 -0.214666 -0.082716 0.091831 0.177590 0.046985 -0.049324 0.186174 0.131981 0.023315 0.017720 0.162960 -0.115810 -0.110849 0.228885 0.207839 0.137232 0.098949 0.212163 0.036736 0.018491 0.143630 -0.065069 0.084118 0.126570 -0.081042 0.022837 -0.072018 0.033945 0.013249 0.135705 0.141619 -9999.0 -9999.0 -9999.0 -9999.0 -9999.0 -9999.0
-9999.0 -9999.0 -9999.0 -9999.0 -9999.0 -9999.0 -9999.0 -9999.0 -9999.0 0.134204 0.242879 0.025945 0.114610 -0.086342 0.071863 0.112140 0.023297 0.122748 0.015700 0.147000 0.169531 0.042335 0.057992 0.083624 0.184634 -0.307436 -0.229673 0.189860 0.001167 0.143069 0.197184 -0.302140 0.020901 0.019977 0.019321 0.018972 0.172550 -0.167210 -0.134448 0.034665 0.210803 -0.264856 -0.288021 0.123357 0.049800 0.045570 0.147752 -0.103008 -0.103142 0.185841 -0.206202 0.027336 0.042947 0.013742 0.013932 -0.218186 -0.222692 0.024512 0.022393 -9999.0 -9999.0 -9999.0 -9999.0
-9999.0 -9999.0 -9999.0 -9999.0 -9999.0 -9999.0 -9999.0 -9999.0 -9999.0 0.089730 0.130574 0.171838 0.677544 0.178048 0.011249 -0.088722 0.240869 0.108118 0.012669 0.140148 0.153352 0.021851 0.220655 0.288541 -0.306450 -0.186029 -0.091800 0.105747 0.207238 0.243602 0.230024 -0.304735 0.144132 0.117031 0.168262 0.018332 0.011815 0.023109 0.126086 0.188863 -0.123314 -0.213846 -0.059713 0.214455 0.150981 0.183781 0.093175 0.102968 0.155185 0.166529 -0.293222 -0.194852 0.012139 -0.023609 0.042504 -0.204622 -0.227867 -0.216822 0.021358 -9999.0 -9999.0 -9999.0 -9999.0
-9999.0 -9999.0 -9999.0 -9999.0 -9999.0 -9999.0 -9999.0 -9999.0 -9999.0 -9999.0 0.159470 0.186659 0.069038 0.563995 0.181789 0.035147 0.165398 0.065502 0.010254 0.181601 0.162815 0.033806 0.094078 -0.208351 -0.145423 0.031421 0.184305 0.207348 0.231356 -0.312711 -0.308136 0.015975 -0.219314 0.128435 0.182945 0.206037 0.217144 0.241459 0.015292 0.159112 0.136834 0.230649 0.587222 0.044778 0.133931 0.191656 0.020787 0.179553 0.010124 0.180880 -0.300954 -0.225656 0.014274 0.010114 -0.029716 0.040013 0.146632 0.043923 0.063357 0.032781 -9999.0 -9999.0 -9999.0
-9999.0 -9999.0 -9999.0 -9999.0 -9999.0 -9999.0 -9999.0 -9999.0 -9999.0 -9999.0 0.143922 0.146698 0.212501 0.130700 0.311330 0.086189 0.161259 0.079876 0.071543 0.075131 0.058968 0.030614 0.055312 0.045722 0.051024 0.177160 0.209402 0.128075 -0.322096 -0.223030 0.154574 0.219973 -0.084494 0.115918 0.151706 0.242747 0.186972 0.036348 -0.217609 0.133832 0.137981 0.044370 -0.092200 0.161822 0.244165 -0.243282 0.148293 0.138696 0.021386 0.021335 0.160678 -0.227600 -0.210179 0.017385 0.003221 0.009072 0.019442 -0.141850 0.310363 0.253191 -9999.0 -9999.0 -9999.0
-9999.0 -9999.0 -9999.0 -9999.0 -9999.0 -9999.0 -9999.0 -9999.0 0.187767 0.165130 0.059794 0.190313 -0.119738 -0.058583 -0.110770 0.254060 -0.009678 0.020571 0.053514 0.043982 0.036957 0.010024 0.013383 0.024574 0.142829 0.144454 0.223995 -0.336481 -0.201145 -0.223912 0.023891 0.156773 0.155877 0.117346 0.141656 0.124210 0.113345 0.104813 -0.306517 0.017532 0.016506 0.227569 -0.085071 0.014623 0.029425 0.519831 -0.301395 -0.085023 0.146804 0.240862 0.198026 -0.312695 -0.223802 -0.185640 0.008748 0.063928 0.023364 0.208184 0.141310 0.088068 -9999.0 -9999.0 -9999.0
-9999.0 -9999.0 -9999.0 -9999.0 -9999.0 -9999.0 -9999.0 -9999.0 0.187287 -0.144576 -0.225931 0.121479 0.125434 0.090039 -0.306231 0.180942 0.043284 0.024065 0.000100 0.041793 0.124062 0.130380 0.065239 0.026783 0.013074 0.111728 0.193758 -0.026344 -0.087157 0.140661 0.112175 0.014070 0.145692 0.011104 0.188297 0.211516 0.074774 0.240162 -0.042802 0.163129 0.157534 0.081928 0.010191 0.164962 0.472783 -0.115030 -0.084271 0.141943 -0.011785 0.219548 0.250397 -0.036727 -0.291344 0.047670 0.090575 -0.091506 -0.167711 0.097970 0.022338 0.174394 0.069815 -9999.0 -9999.0
-9999.0 -9999.0 -9999.0 -9999.0 -9999.0 -9999.0 -9999.0 -9999.0 0.149648 0.397357 0.171300 -0.215774 0.184039 -0.085695 -0.111953 -0.305814 0.083938 0.042232 0.006957 0.117405 0.040652 0.112196 0.057295 0.023258 0.075084 0.026430 0.204665 -0.318956 -0.083765 0.155203 0.013919 0.237447 -0.222989 -0.186747 0.245680 0.105422 0.159063 0.254970 -0.006635 -0.082134 0.159162 0.014754 0.187943 0.412854 -0.173064 0.182468 0.015427 0.161004 -0.230890 0.075694 0.203262 0.152365 -0.308337 -0.289881 -0.114426 0.063229 0.184763 0.185600 0.025755 0.228637 0.212049 -9999.0 -9999.0
-9999.0 -9999.0 -9999.0 -9999.0 -9999.0 -9999.0 -9999.0 -9999.0 0.021895 0.153957 -0.090461 -0.083315 0.148281 -0.191916 -0.252075 0.232071 0.001297 0.008527 0.160738 0.064767 0.056954 0.078051 0.115765 0.098462 0.066143 0.160807 -0.147596 -0.308503 0.209080 -0.065371 -0.104169 -0.006001 0.149745 0.169197 0.027178 0.121696 0.046495 0.020097 0.145232 0.087602 0.171899 0.176934 0.182091 0.031307 0.146146 0.015286 0.084801 0.023842 0.123271 -0.144931 0.099138 0.093064 0.108880 -0.087851 0.096026 0.182236 0.142142 0.177023 0.179535 0.209328 0.087849 0.109029 -9999.0
-9999.0 -9999.0 -9999.0 -9999.0 -9999.0 -9999.0 -9999.0 -9999.0 0.011737 0.153577 0.189044 -0.313374 -0.290442 -0.088280 0.270023 0.188432 0.265077 0.086178 0.075869 0.022243 0.059698 0.113393 0.076751 0.062256 0.025372 0.096108 -0.309542 0.045117 0.167631 0.220822 -0.239827 0.226172 0.121791 0.250966 0.156291 0.013773 0.009229 0.010558 0.002107 0.154046 0.074208 0.022101 0.149376 0.130986 -0.115410 0.179614 -0.014097 0.096660 -0.050722 0.149526 0.031174 0.046386 0.075344 0.151840 0.189921 0.222499 0.221829 0.205851 0.211086 0.025406 0.026819 0.106243 -9999.0
-9999.0 -9999.0 0.091806 0.185268 0.207177 -0.200588 -0.046682 -0.227285 0.142806 0.156114 -0.159067 -0.038978 -0.098223 0.185351 0.183255 0.253131 0.076237 -0.306120 -0.086368 0.177984 0.022052 0.080685 0.218692 0.027444 0.086420 0.034650 0.135069 0.100200 0.065522 0.208796 0.093620 0.073793 0.173406 0.032186 0.056185 0.015406 0.064558 0.006315 0.000638 0.003361 0.009550 0.009483 0.005227 0.089934 0.158241 0.090254 0.212125 0.193215 0.027335 0.055612 0.046391 0.142104 0.191572 0.198922 0.193708 0.175490 0.212300 0.170120 0.051042 0.057125 0.163965 0.104069 -9999.0
-9999.0 -0.081662 -0.095474 -0.120660 -0.184929 -0.119674 -0.072974 -0.225147 -0.210617 0.117187 -0.235209 -0.321926 0.200381 0.247173 0.256964 -0.277132 -0.168697 -0.226677 -0.171554 0.131783 0.025753 0.017365 0.196214 0.180317 0.050071 0.032605 0.068476 0.078786 0.053154 0.122778 0.053823 0.047430 0.059825 0.094493 0.035057 0.031431 0.022001 0.003074 0.037093 0.023209 0.028243 0.040365 0.020447 0.013039 0.016733 0.014392 0.202746 0.009612 0.026544 0.189715 0.196522 0.200814 0.211754 0.191285 0.181407 0.185489 0.164631 0.206156 0.222342 0.264992 0.173124 0.103628 -9999.0
-9999.0 0.259179 0.151113 0.107648 0.253632 0.045536 -0.298411 -0.217690 0.139850 0.065632 -0.228789 -0.320661 0.154289 0.246430 -0.195324 -0.313336 -0.225737 -0.229486 -0.000675 0.169712 0.312664 0.199439 0.142003 0.218546 0.139723 0.115513 0.023111 0.063153 0.141049 0.007411 0.005648 0.006365 0.062475 0.147764 0.137267 0.126891 0.127798 0.126708 0.022924 0.022416 0.025574 0.141712 0.028261 0.036118 0.021197 0.004511 0.134820 0.172672 0.187930 0.207173 0.128542 0.116319 0.169564 0.234867 0.207364 -0.132603 -0.138613 -0.152492 -0.097701 -0.210398 -0.050278 -9999.0 -9999.0
-9999.0 0.080075 0.093055 0.377010 0.284558 0.286995 0.244875 -0.304050 -0.226840 -0.226124 -0.149852 0.002024 0.188941 0.229829 -0.322475 -0.301422 -0.217441 -0.208271 -0.301185 -0.013521 -0.201316 -0.066262 0.139734 0.148550 0.145615 0.193375 0.203220 0.208334 0.067691 0.167681 0.033800 0.026220 0.169587 0.159859 0.134903 0.108782 0.103071 0.121351 0.095095 0.092962 0.096300 0.123142 0.115452 0.027906 0.024530 0.149721 0.160654 0.198577 0.206803 0.103951 0.145541 0.224355 -0.022232 0.172062 -0.257287 -0.325372 -0.323907 -0.320940 -0.321292 -9999.0 -9999.0 -9999.0 -9999.0
