user2019/resources/simulation/Vinschgau/output-maps/ETN1296.asc
ncols         63
nrows         48
xllcorner     598000.000000
yllcorner     5145000.000000
cellsize      1000.000000
NODATA_value  -9999.0
[rows 0 to 27 of 48, columns 0 to 62 of 63]
-9999.0 -9999.0 -9999.0 -9999.0 -9999.0 -9999.0 -9999.0 -9999.0 -9999.0 -9999.0 -9999.0 -9999.0 -9999.0 -9999.0 -9999.0 -9999.0 -9999.0 -9999.0 -9999.0 -9999.0 -9999.0 -9999.0 -9999.0 -9999.0 -9999.0 -9999.0 -9999.0 -9999.0 -9999.0 -9999.0 -9999.0 -9999.0 -9999.0 -9999.0 -9999.0 -9999.0 -9999.0 -9999.0 -9999.0 -9999.0 -9999.0 -9999.0 -9999.0 -9999.0 -9999.0 -9999.0 -9999.0 -9999.0 -9999.0 -9999.0 -9999.0 -9999.0 -9999.0 -9999.0 -9999.0 -9999.0 -9999.0 -9999.0 -9999.0 -9999.0 -9999.0 -9999.0 -9999.0
-9999.0 -9999.0 -9999.0 -9999.0 -9999.0 -9999.0 -9999.0 -9999.0 -9999.0 -9999.0 -9999.0 -9999.0 -9999.0 -9999.0 -9999.0 -9999.0 -9999.0 -9999.0 -9999.0 -9999.0 -9999.0 -9999.0 -9999.0 -9999.0 -9999.0 -9999.0 -9999.0 -0.012811 0.046562 -0.002258 0.034936 0.003962 0.455545 -9999.0 -9999.0 -9999.0 -9999.0 -9999.0 -9999.0 -9999.0 -9999.0 -9999.0 -9999.0 -9999.0 -9999.0 -9999.0 -9999.0 -9999.0 -9999.0 -9999.0 -9999.0 -9999.0 -9999.0 -9999.0 -9999.0 -9999.0 -9999.0 -9999.0 -9999.0 -9999.0 -9999.0 -9999.0 -9999.0
-9999.0 -9999.0 -9999.0 -9999.0 -9999.0 -9999.0 -9999.0 -9999.0 -9999.0 -9999.0 -9999.0 -9999.0 -9999.0 -9999.0 -9999.0 -9999.0 -9999.0 -9999.0 -9999.0 -9999.0 -9999.0 -9999.0 -9999.0 -9999.0 0.080475 0.094230 0.123068 0.079033 0.131174 0.114198 0.007342 -9999.0 -9999.0 -9999.0 -9999.0 -9999.0 -9999.0 -9999.0 -9999.0 -9999.0 -9999.0 -9999.0 -9999.0 -9999.0 -9999.0 -9999.0 -9999.0 -9999.0 -9999.0 -9999.0 -9999.0 -9999.0 -9999.0 -9999.0 -9999.0 -9999.0 -9999.0 -9999.0 -9999.0 -9999.0 -9999.0 -9999.0 -9999.0
-9999.0 -9999.0 -9999.0 -9999.0 -9999.0 -9999.0 -9999.0 -9999.0 -9999.0 -9999.0 -9999.0 -9999.0 -9999.0 -9999.0 -9999.0 -9999.0 -9999.0 -9999.0 -9999.0 -9999.0 -9999.0 -9999.0 -9999.0 0.099112 0.161894 0.065020 0.023843 -0.005868 -0.003732 0.071981 0.007227 -0.005164 -9999.0 -9999.0 -9999.0 -9999.0 -9999.0 -9999.0 -9999.0 -9999.0 -9999.0 -9999.0 -9999.0 -9999.0 -9999.0 -9999.0 -9999.0 -9999.0 -9999.0 -9999.0 -9999.0 -9999.0 -9999.0 -9999.0 -9999.0 -9999.0 -9999.0 -9999.0 -9999.0 -9999.0 -9999.0 -9999.0 -9999.0
-9999.0 -9999.0 -9999.0 -9999.0 -9999.0 -9999.0 -9999.0 -9999.0 -9999.0 -9999.0 -9999.0 -9999.0 -9999.0 -9999.0 -9999.0 -9999.0 -9999.0 -9999.0 0.146635 0.113187 -9999.0 0.118987 0.143580 -0.006304 0.050906 -0.007197 0.296834 0.213464 0.325872 0.168541 0.078026 0.029823 -0.013898 -0.010013 -9999.0 -9999.0 -9999.0 -9999.0 -9999.0 -9999.0 -9999.0 -9999.0 -9999.0 -9999.0 -9999.0 -9999.0 -9999.0 -9999.0 -9999.0 -9999.0 -9999.0 -9999.0 -9999.0 -9999.0 -9999.0 -9999.0 -9999.0 -9999.0 -9999.0 -9999.0 -9999.0 -9999.0 -9999.0
-9999.0 -9999.0 -9999.0 -9999.0 -9999.0 -9999.0 -9999.0 -9999.0 -9999.0 -9999.0 -9999.0 -9999.0 -9999.0 -9999.0 -9999.0 -9999.0 -9999.0 0.105948 0.010053 0.004492 0.006267 0.276735 0.143924 -0.004176 0.183698 0.255015 -0.118859 0.302034 0.007582 0.350692 0.196974 0.081978 0.001903 -0.013251 -0.013815 -0.010522 -9999.0 -9999.0 -9999.0 -9999.0 -9999.0 -9999.0 -9999.0 -9999.0 -9999.0 -9999.0 -9999.0 -9999.0 -9999.0 -9999.0 -9999.0 -9999.0 -9999.0 -9999.0 -9999.0 -9999.0 -9999.0 -9999.0 -9999.0 -9999.0 -9999.0 -9999.0 -9999.0
-9999.0 -9999.0 -9999.0 -9999.0 -9999.0 -9999.0 -9999.0 -9999.0 -9999.0 -9999.0 -9999.0 -9999.0 -9999.0 0.034620 0.063066 0.095677 0.037817 -0.001612 0.100589 -0.010019 0.044305 0.054921 -0.007164 0.065625 0.171881 0.144607 0.011903 0.147697 0.069255 0.265223 0.361417 0.186915 0.066568 0.038273 -0.005381 -0.011328 -9999.0 -9999.0 -9999.0 -9999.0 -9999.0 -9999.0 -9999.0 -9999.0 -9999.0 -9999.0 -9999.0 -9999.0 -9999.0 -9999.0 -9999.0 -9999.0 -9999.0 -9999.0 -9999.0 -9999.0 -9999.0 -9999.0 -9999.0 -9999.0 -9999.0 -9999.0 -9999.0
-9999.0 -9999.0 -9999.0 -9999.0 -9999.0 -9999.0 -9999.0 -9999.0 -9999.0 -9999.0 -9999.0 -9999.0 -9999.0 0.114339 0.029089 0.080446 0.051133 0.096101 -0.001860 0.008933 -0.006672 -0.016117 0.068196 0.138544 0.143449 0.159255 0.038197 -0.007300 -0.006133 -0.045788 0.110047 0.034008 -0.006000 -0.005589 -0.009794 -9999.0 -9999.0 -9999.0 -9999.0 -9999.0 -9999.0 -9999.0 -9999.0 -9999.0 -9999.0 -9999.0 -9999.0 -9999.0 -9999.0 -9999.0 -9999.0 -9999.0 -9999.0 -9999.0 -9999.0 -9999.0 -9999.0 -9999.0 -9999.0 -9999.0 -9999.0 -9999.0 -9999.0
-9999.0 -9999.0 -9999.0 -9999.0 -9999.0 -9999.0 -9999.0 -9999.0 -9999.0 -9999.0 -9999.0 -9999.0 -9999.0 0.015951 0.745883 0.031929 0.072315 0.060310 -0.001329 0.064894 0.043532 0.001580 0.246009 0.055403 0.067828 0.135804 0.004041 -0.013491 -0.000360 -0.008787 0.023645 0.010600 -0.001275 0.000000 -0.004983 -9999.0 -9999.0 -9999.0 -9999.0 -9999.0 -9999.0 -9999.0 -9999.0 -9999.0 -9999.0 -9999.0 -9999.0 -9999.0 -9999.0 -9999.0 -9999.0 -9999.0 -9999.0 -9999.0 -9999.0 -9999.0 -9999.0 -9999.0 -9999.0 -9999.0 -9999.0 -9999.0 -9999.0
-9999.0 -9999.0 -9999.0 -9999.0 -9999.0 -9999.0 -9999.0 -9999.0 -9999.0 -9999.0 -9999.0 -9999.0 -0.008186 0.680327 0.023248 0.052697 0.159117 0.101285 0.042827 0.005376 0.043515 0.237498 0.042388 0.102419 0.391562 0.040192 0.344575 0.000055 0.054667 -0.004748 0.016054 -0.009876 -0.012159 -0.009982 -9999.0 -9999.0 -9999.0 -9999.0 -9999.0 -9999.0 -9999.0 -9999.0 -9999.0 -9999.0 -9999.0 -9999.0 -9999.0 -9999.0 -9999.0 -9999.0 -9999.0 -9999.0 -9999.0 -9999.0 -9999.0 -9999.0 -9999.0 -9999.0 -9999.0 -9999.0 -9999.0 -9999.0 -9999.0
-9999.0 -9999.0 -9999.0 -9999.0 -9999.0 -9999.0 -9999.0 -9999.0 -9999.0 -9999.0 -9999.0 0.137607 0.069982 0.752214 0.029712 0.090661 0.009418 0.090825 0.137411 0.008549 -0.005331 0.201980 0.061994 0.048239 0.348508 0.075669 -0.002843 0.041519 0.456435 -0.011179 -0.011236 0.070599 -0.004292 -0.012022 -0.009889 -0.004378 0.004628 -0.012891 -0.023228 -9999.0 -9999.0 -9999.0 -0.010478 -9999.0 -9999.0 -9999.0 -9999.0 -9999.0 -9999.0 -9999.0 -9999.0 -9999.0 -9999.0 -9999.0 -9999.0 -9999.0 -9999.0 -9999.0 -9999.0 -9999.0 -9999.0 -9999.0 -9999.0
-9999.0 -9999.0 -9999.0 -9999.0 -9999.0 -9999.0 -9999.0 -9999.0 -9999.0 -9999.0 -9999.0 0.120788 0.072568 -0.007073 0.016157 0.030403 0.008568 0.005266 0.117185 0.170854 0.060954 0.056589 0.177135 -0.220767 -0.207307 0.042820 0.025998 0.081006 0.017752 -0.012370 0.036680 0.139036 -0.005149 0.001302 0.026596 0.040806 0.090903 -0.009620 -0.042257 -0.013512 -0.011908 -0.008469 0.030516 -0.013678 -9999.0 -9999.0 -9999.0 0.033058 0.016233 -0.007860 -0.006730 -0.009233 -0.007898 -0.045462 -0.060724 -0.006765 -9999.0 -9999.0 -9999.0 -9999.0 -9999.0 -9999.0 -9999.0
-9999.0 -9999.0 -9999.0 -9999.0 -9999.0 -9999.0 -9999.0 -9999.0 -9999.0 -9999.0 -9999.0 0.132785 0.117054 0.296841 0.149085 0.028649 0.082170 0.025580 0.006221 0.158542 0.180164 0.194509 -0.190355 0.079436 0.042444 -0.011125 -0.196146 0.029251 -0.007992 0.009987 -0.008607 -0.212241 0.085855 -0.006597 -0.004575 0.094478 -0.157043 -0.110905 -0.021156 -0.019591 0.005489 -0.004723 0.086575 0.039319 -0.009721 -9999.0 -0.004025 -0.006212 0.033181 0.067254 0.032722 0.001471 0.003300 0.023924 0.012773 -0.000772 -9999.0 -9999.0 -9999.0 -9999.0 -9999.0 -9999.0 -9999.0
-9999.0 -9999.0 -9999.0 -9999.0 -9999.0 -9999.0 -9999.0 -9999.0 -9999.0 -9999.0 -9999.0 -9999.0 0.157550 0.234381 0.093373 0.102338 0.090692 0.032471 0.107982 0.165992 0.072863 0.201136 0.164383 -0.180681 -0.223415 -0.200532 0.402936 0.001475 0.019480 -0.011597 0.028655 -0.199334 0.018004 0.011828 -0.000372 0.054688 -0.196584 -0.184131 0.183528 -0.063227 -0.003733 -0.001123 -0.160944 0.136999 -0.004818 -0.003572 -0.010671 -0.003402 -0.219935 -0.168899 -0.101300 -0.135542 0.053413 -0.106291 -0.210922 0.034970 -0.001312 -9999.0 -9999.0 -9999.0 -9999.0 -9999.0 -9999.0
-9999.0 -9999.0 -9999.0 -9999.0 -9999.0 -9999.0 -9999.0 -9999.0 -9999.0 -9999.0 -9999.0 -0.164752 0.109636 -0.004908 0.262696 0.241432 0.139214 0.078881 0.047078 0.195871 0.064461 0.151483 0.198116 -0.199973 -0.194687 0.120770 -0.183482 0.001730 0.003432 -0.007906 -0.201336 -0.021554 0.146256 0.018543 0.021010 0.037031 0.028149 -0.167120 0.162956 -0.008663 -0.170971 0.050538 0.160510 0.033803 0.101922 0.006178 0.049902 -0.004292 0.011179 0.032144 -0.081963 0.017488 -0.215016 -0.078423 -0.074332 -0.030889 -0.002737 -9999.0 -9999.0 -9999.0 -9999.0 -9999.0 -9999.0
-9999.0 -9999.0 -9999.0 -9999.0 -9999.0 -9999.0 -9999.0 -9999.0 -9999.0 -9999.0 0.382472 -0.057371 0.119592 0.119133 0.132558 0.371066 0.377287 0.140573 0.095817 0.190863 0.191988 0.292448 -0.297775 0.188110 0.154328 0.228159 -0.221421 -0.082622 -0.002199 0.070794 -0.025022 0.119944 0.107293 0.019830 -0.010733 -0.012281 0.065586 -0.183951 -0.158002 0.238646 0.217473 0.134553 0.136979 0.259480 -0.012443 -0.009301 0.053716 -0.134223 0.186916 0.140141 -0.080902 -0.011553 -0.072006 -0.024643 -0.018636 0.007291 0.022892 -9999.0 -9999.0 -9999.0 -9999.0 -9999.0 -9999.0
-9999.0 -9999.0 -9999.0 -9999.0 -9999.0 -9999.0 -9999.0 -9999.0 -9999.0 0.050217 0.129337 -0.024209 0.145434 -0.168069 0.114160 0.141698 -0.036572 0.133019 0.025974 0.176104 0.180985 0.051377 0.108720 0.151163 0.204899 -0.307430 -0.228807 0.111088 -0.045777 0.157811 0.210215 -0.302082 -0.010106 -0.010326 -0.009891 -0.011751 0.093275 -0.205165 -0.192711 -0.009707 0.269984 -0.299493 -0.300654 0.216678 0.099873 0.004299 0.117249 -0.177608 -0.173128 0.195563 -0.216523 -0.008614 -0.021233 -0.016924 -0.006820 -0.218727 -0.222048 -0.009063 -0.010719 -9999.0 -9999.0 -9999.0 -9999.0
-9999.0 -9999.0 -9999.0 -9999.0 -9999.0 -9999.0 -9999.0 -9999.0 -9999.0 -0.009581 0.044184 0.070744 0.578077 0.186990 -0.059667 -0.166520 0.197824 0.220801 0.019397 0.148985 0.158215 -0.004393 0.236105 0.270063 -0.306524 -0.214806 -0.168098 0.135982 0.227825 0.235894 0.211418 -0.304689 0.049425 -0.003605 0.029258 -0.015952 -0.015113 -0.002197 0.039902 0.133400 -0.195237 -0.219392 -0.133032 0.247866 0.185806 0.252330 0.183501 0.193036 0.166299 0.165164 -0.293075 -0.194581 -0.026313 -0.102695 0.004784 -0.205071 -0.227464 -0.223704 -0.009990 -9999.0 -9999.0 -9999.0 -9999.0
-9999.0 -9999.0 -9999.0 -9999.0 -9999.0 -9999.0 -9999.0 -9999.0 -9999.0 -9999.0 0.023906 0.109972 0.072592 0.564440 0.187688 -0.027361 0.165184 0.136168 0.015373 0.221732 0.172372 0.026240 0.007113 -0.265846 -0.198169 -0.004840 0.203646 0.218750 0.202298 -0.312820 -0.308338 -0.006345 -0.219221 0.002485 0.086225 0.150630 0.117392 0.166351 -0.014728 0.036633 0.016823 0.156149 0.505691 0.028739 0.098324 0.206172 0.038893 0.217174 0.000705 0.171967 -0.300885 -0.225159 -0.020466 -0.027672 -0.104285 -0.009915 0.041290 0.029594 0.081640 0.024160 -9999.0 -9999.0 -9999.0
-9999.0 -9999.0 -9999.0 -9999.0 -9999.0 -9999.0 -9999.0 -9999.0 -9999.0 -9999.0 0.023562 0.061136 0.125503 0.173264 0.313450 0.136002 0.141908 0.112574 0.097850 0.081925 0.065259 0.050583 -0.054401 -0.035966 0.009730 0.192242 0.216226 0.141598 -0.322090 -0.222899 0.031001 0.134846 -0.084382 0.000139 0.037265 0.197431 0.168055 -0.005618 -0.223972 -0.000185 0.043701 0.028587 -0.166181 0.059050 0.152036 -0.281231 0.181447 0.129782 0.033553 0.111026 0.171527 -0.229077 -0.210124 -0.008643 -0.033006 -0.028063 -0.003227 -0.197523 0.376050 0.272034 -9999.0 -9999.0 -9999.0
-9999.0 -9999.0 -9999.0 -9999.0 -9999.0 -9999.0 -9999.0 -9999.0 0.059891 0.022595 0.004289 0.077353 -0.131995 -0.129435 -0.185733 0.302613 -0.003902 -0.004040 0.062516 0.040211 0.048743 0.012164 0.016199 0.037319 0.231478 0.160995 0.207764 -0.336696 -0.225265 -0.223770 -0.005809 0.033114 0.033773 0.006870 0.050102 0.043090 0.071387 0.136494 -0.306420 -0.017362 -0.007646 0.172658 -0.084999 -0.013592 -0.000848 0.407268 -0.301405 -0.151988 0.162579 0.277190 0.199534 -0.313549 -0.223723 -0.185463 -0.026558 -0.005427 -0.004124 0.151279 0.169513 0.122569 -9999.0 -9999.0 -9999.0
-9999.0 -9999.0 -9999.0 -9999.0 -9999.0 -9999.0 -9999.0 -9999.0 0.185025 -0.032104 -0.225456 0.001131 0.042809 0.075139 -0.306430 0.199869 0.058710 0.046942 -0.001154 0.039510 0.103919 0.117954 0.039872 -0.009945 0.018870 0.139740 0.205111 -0.079503 -0.087130 0.000485 -0.001191 -0.011745 0.052205 -0.009911 0.073581 0.110727 0.100807 0.237643 -0.101630 0.062871 0.032374 -0.012302 -0.010435 0.062566 0.436966 -0.185030 -0.084237 0.060641 -0.046900 0.279543 0.256765 -0.091223 -0.291395 -0.009288 0.008663 -0.091524 -0.214534 0.113658 0.191267 0.235787 0.076360 -9999.0 -9999.0
-9999.0 -9999.0 -9999.0 -9999.0 -9999.0 -9999.0 -9999.0 -9999.0 0.032279 0.406438 0.072953 -0.216032 0.069689 -0.085740 -0.183942 -0.306281 0.162294 0.042367 0.009552 0.098600 0.037397 0.100549 0.040519 0.021806 0.069780 0.051786 0.211581 -0.318940 -0.083617 0.031313 -0.009343 0.174875 -0.225716 -0.214645 0.181788 0.127053 0.183100 0.330706 -0.096738 -0.154355 0.065410 -0.008974 0.081142 0.407550 -0.208268 0.076383 -0.018099 0.031853 -0.229620 0.024156 0.268265 0.153072 0.000000 -0.290063 -0.149353 0.077274 0.195313 0.247429 0.032491 0.286629 0.251124 -9999.0 -9999.0
-9999.0 -9999.0 -9999.0 -9999.0 -9999.0 -9999.0 -9999.0 -9999.0 -0.010422 0.074209 -0.167411 -0.083170 0.038128 -0.217526 -0.295278 0.237820 0.001151 0.011333 0.173611 0.089107 0.060921 0.092763 0.106577 0.072897 0.091788 0.188204 -0.219248 -0.308491 0.107193 -0.128064 -0.177467 -0.059324 0.184421 0.156027 -0.017531 0.037873 0.036163 0.041077 0.194703 0.116274 0.045817 0.060404 0.073288 -0.001687 0.037543 -0.009100 -0.011876 -0.004553 0.033603 -0.202295 0.096421 0.156739 0.113404 -0.121808 0.110333 0.195408 0.243580 0.218356 0.216580 0.250140 0.185721 0.133905 -9999.0
-9999.0 -9999.0 -9999.0 -9999.0 -9999.0 -9999.0 -9999.0 -9999.0 -0.045718 0.051510 0.188901 -0.313514 -0.313742 -0.262751 0.255779 0.254108 0.281364 0.112035 0.103532 0.043324 0.080117 0.147781 0.088318 0.063350 -0.001022 0.103440 -0.309530 -0.007231 0.187253 0.208916 -0.283957 0.249348 0.288175 0.273004 0.187549 0.019908 -0.003295 0.016820 0.002636 0.257058 0.174978 0.094873 0.205010 0.143306 -0.187957 0.091474 -0.064717 0.112885 -0.103882 0.169787 0.166885 0.059885 0.115340 0.165735 0.206075 0.238453 0.265839 0.255818 0.256435 0.027332 0.056350 0.131102 -9999.0
-9999.0 -9999.0 -0.013761 0.072865 0.200828 -0.214760 -0.004952 -0.226235 -0.001007 0.033558 -0.209076 0.134055 -0.245818 0.182847 0.249737 0.252788 0.012989 -0.306224 -0.155462 0.195434 0.042770 0.106706 0.266013 0.033762 0.093029 0.049287 0.124288 0.158713 0.093164 0.293573 0.009822 0.102233 0.228298 0.071275 0.058215 0.025497 0.060670 0.008379 -0.001474 0.004874 -0.004737 -0.002768 0.017482 0.199201 0.157388 0.163584 0.266853 0.292433 0.018320 0.086188 0.046116 0.171827 0.238401 0.214904 0.208339 0.178208 0.244713 0.226051 0.154570 0.078406 0.184940 0.128291 -9999.0
-9999.0 -0.160951 -0.160679 -0.187909 -0.209296 0.009476 -0.050859 -0.225037 -0.210564 -0.000564 -0.234764 -0.322154 0.200927 0.244002 0.229684 -0.312837 -0.211974 -0.226656 -0.206109 0.087232 0.051094 0.031921 0.233663 0.218315 0.029376 0.032078 0.054586 0.085400 0.048709 0.208138 0.054226 0.046505 0.062029 0.115466 0.067677 0.041058 0.019397 0.004725 0.042831 0.012436 0.034407 0.070745 0.012849 0.019271 0.027877 0.022043 0.248860 0.014926 0.031089 0.231662 0.238601 0.247490 0.245593 0.204495 0.192284 0.190877 0.168594 0.213809 0.228665 0.250149 0.186123 0.130401 -9999.0
-9999.0 0.224365 0.158016 0.137022 0.229223 0.056938 -0.298357 -0.217486 -0.004463 0.000794 -0.229068 -0.320912 0.163652 0.226504 -0.276667 -0.313473 -0.225642 -0.228431 -0.186555 0.169947 0.316547 0.242744 0.173298 0.273291 0.129248 0.093121 0.027307 0.059693 0.224798 0.010507 0.006991 0.008089 0.091971 0.165501 0.144814 0.188052 0.114500 0.113007 0.013401 0.013707 0.026461 0.167793 0.037585 0.050596 0.027069 0.006193 0.143618 0.246396 0.249660 0.245062 0.203215 0.147332 0.179067 0.252621 0.203757 -0.203776 -0.038334 -0.246034 -0.190685 -0.277226 -0.128394 -9999.0 -9999.0
