user2019/resources/simulation/Vinschgau/output-maps/ETN1133.asc
ncols         63
nrows         48
xllcorner     598000.000000
yllcorner     5145000.000000
cellsize      1000.000000
NODATA_value  -9999.0
[rows 0 to 28 of 48, columns 0 to 62 of 63]
-9999.0 -9999.0 -9999.0 -9999.0 -9999.0 -9999.0 -9999.0 -9999.0 -9999.0 -9999.0 -9999.0 -9999.0 -9999.0 -9999.0 -9999.0 -9999.0 -9999.0 -9999.0 -9999.0 -9999.0 -9999.0 -9999.0 -9999.0 -9999.0 -9999.0 -9999.0 -9999.0 -9999.0 -9999.0 -9999.0 -9999.0 -9999.0 -9999.0 -9999.0 -9999.0 -9999.0 -9999.0 -9999.0 -9999.0 -9999.0 -9999.0 -9999.0 -9999.0 -9999.0 -9999.0 -9999.0 -9999.0 -9999.0 -9999.0 -9999.0 -9999.0 -9999.0 -9999.0 -9999.0 -9999.0 -9999.0 -9999.0 -9999.0 -9999.0 -9999.0 -9999.0 -9999.0 -9999.0
-9999.0 -9999.0 -9999.0 -9999.0 -9999.0 -9999.0 -9999.0 -9999.0 -9999.0 -9999.0 -9999.0 -9999.0 -9999.0 -9999.0 -9999.0 -9999.0 -9999.0 -9999.0 -9999.0 -9999.0 -9999.0 -9999.0 -9999.0 -9999.0 -9999.0 -9999.0 -9999.0 0.116993 0.267367 0.153181 0.504397 0.198494 0.480753 -9999.0 -9999.0 -9999.0 -9999.0 -9999.0 -9999.0 -9999.0 -9999.0 -9999.0 -9999.0 -9999.0 -9999.0 -9999.0 -9999.0 -9999.0 -9999.0 -9999.0 -9999.0 -9999.0 -9999.0 -9999.0 -9999.0 -9999.0 -9999.0 -9999.0 -9999.0 -9999.0 -9999.0 -9999.0 -9999.0
-9999.0 -9999.0 -9999.0 -9999.0 -9999.0 -9999.0 -9999.0 -9999.0 -9999.0 -9999.0 -9999.0 -9999.0 -9999.0 -9999.0 -9999.0 -9999.0 -9999.0 -9999.0 -9999.0 -9999.0 -9999.0 -9999.0 -9999.0 -9999.0 0.301967 0.334520 0.359634 0.305835 0.268158 0.475519 0.214968 -9999.0 -9999.0 -9999.0 -9999.0 -9999.0 -9999.0 -9999.0 -9999.0 -9999.0 -9999.0 -9999.0 -9999.0 -9999.0 -9999.0 -9999.0 -9999.0 -9999.0 -9999.0 -9999.0 -9999.0 -9999.0 -9999.0 -9999.0 -9999.0 -9999.0 -9999.0 -9999.0 -9999.0 -9999.0 -9999.0 -9999.0 -9999.0
-9999.0 -9999.0 -9999.0 -9999.0 -9999.0 -9999.0 -9999.0 -9999.0 -9999.0 -9999.0 -9999.0 -9999.0 -9999.0 -9999.0 -9999.0 -9999.0 -9999.0 -9999.0 -9999.0 -9999.0 -9999.0 -9999.0 -9999.0 0.346618 0.380039 0.431738 0.273484 0.027010 0.671396 0.353659 0.216414 0.416355 -9999.0 -9999.0 -9999.0 -9999.0 -9999.0 -9999.0 -9999.0 -9999.0 -9999.0 -9999.0 -9999.0 -9999.0 -9999.0 -9999.0 -9999.0 -9999.0 -9999.0 -9999.0 -9999.0 -9999.0 -9999.0 -9999.0 -9999.0 -9999.0 -9999.0 -9999.0 -9999.0 -9999.0 -9999.0 -9999.0 -9999.0
-9999.0 -9999.0 -9999.0 -9999.0 -9999.0 -9999.0 -9999.0 -9999.0 -9999.0 -9999.0 -9999.0 -9999.0 -9999.0 -9999.0 -9999.0 -9999.0 -9999.0 -9999.0 0.436525 0.392001 -9999.0 0.364207 0.380156 0.056082 0.383921 0.022956 0.491836 0.494106 0.579200 0.489076 0.306221 0.416844 0.079116 0.126182 -9999.0 -9999.0 -9999.0 -9999.0 -9999.0 -9999.0 -9999.0 -9999.0 -9999.0 -9999.0 -9999.0 -9999.0 -9999.0 -9999.0 -9999.0 -9999.0 -9999.0 -9999.0 -9999.0 -9999.0 -9999.0 -9999.0 -9999.0 -9999.0 -9999.0 -9999.0 -9999.0 -9999.0 -9999.0
-9999.0 -9999.0 -9999.0 -9999.0 -9999.0 -9999.0 -9999.0 -9999.0 -9999.0 -9999.0 -9999.0 -9999.0 -9999.0 -9999.0 -9999.0 -9999.0 -9999.0 0.201502 0.126858 0.004663 0.125024 0.420768 0.467489 0.461931 0.466263 0.429110 0.230621 0.410194 0.135766 0.590968 0.412456 0.311099 0.163864 0.114231 0.089941 0.107268 -9999.0 -9999.0 -9999.0 -9999.0 -9999.0 -9999.0 -9999.0 -9999.0 -9999.0 -9999.0 -9999.0 -9999.0 -9999.0 -9999.0 -9999.0 -9999.0 -9999.0 -9999.0 -9999.0 -9999.0 -9999.0 -9999.0 -9999.0 -9999.0 -9999.0 -9999.0 -9999.0
-9999.0 -9999.0 -9999.0 -9999.0 -9999.0 -9999.0 -9999.0 -9999.0 -9999.0 -9999.0 -9999.0 -9999.0 -9999.0 0.431918 0.510741 0.270376 0.136750 0.001467 0.206067 0.030850 0.280876 0.486339 0.190426 0.434576 0.294359 0.378040 0.128825 0.180177 0.193741 0.334987 0.429311 0.511756 0.226145 0.477394 0.062471 0.110603 -9999.0 -9999.0 -9999.0 -9999.0 -9999.0 -9999.0 -9999.0 -9999.0 -9999.0 -9999.0 -9999.0 -9999.0 -9999.0 -9999.0 -9999.0 -9999.0 -9999.0 -9999.0 -9999.0 -9999.0 -9999.0 -9999.0 -9999.0 -9999.0 -9999.0 -9999.0 -9999.0
-9999.0 -9999.0 -9999.0 -9999.0 -9999.0 -9999.0 -9999.0 -9999.0 -9999.0 -9999.0 -9999.0 -9999.0 -9999.0 0.482550 0.238821 0.280661 0.156003 0.297886 0.001700 0.150429 0.018472 0.188543 0.265433 0.425560 0.527056 0.406870 0.274733 0.139991 0.088113 0.202883 -0.013698 0.225384 0.075881 0.000000 0.084609 -9999.0 -9999.0 -9999.0 -9999.0 -9999.0 -9999.0 -9999.0 -9999.0 -9999.0 -9999.0 -9999.0 -9999.0 -9999.0 -9999.0 -9999.0 -9999.0 -9999.0 -9999.0 -9999.0 -9999.0 -9999.0 -9999.0 -9999.0 -9999.0 -9999.0 -9999.0 -9999.0 -9999.0
-9999.0 -9999.0 -9999.0 -9999.0 -9999.0 -9999.0 -9999.0 -9999.0 -9999.0 -9999.0 -9999.0 -9999.0 -9999.0 0.175159 1.033928 0.287387 0.273136 0.191897 0.001171 0.162761 0.280286 0.078950 0.477024 0.262878 0.510989 0.521092 0.170957 0.081050 0.212258 0.000000 0.210895 0.000000 0.000000 0.000000 0.105985 -9999.0 -9999.0 -9999.0 -9999.0 -9999.0 -9999.0 -9999.0 -9999.0 -9999.0 -9999.0 -9999.0 -9999.0 -9999.0 -9999.0 -9999.0 -9999.0 -9999.0 -9999.0 -9999.0 -9999.0 -9999.0 -9999.0 -9999.0 -9999.0 -9999.0 -9999.0 -9999.0 -9999.0
-9999.0 -9999.0 -9999.0 -9999.0 -9999.0 -9999.0 -9999.0 -9999.0 -9999.0 -9999.0 -9999.0 -9999.0 0.205739 0.987757 0.208216 0.605860 0.334108 0.300442 0.220741 0.004995 0.456156 0.312795 0.287635 0.231987 0.429681 0.269994 0.378060 0.214857 0.472647 0.075879 0.000000 0.082750 0.534203 0.133299 -9999.0 -9999.0 -9999.0 -9999.0 -9999.0 -9999.0 -9999.0 -9999.0 -9999.0 -9999.0 -9999.0 -9999.0 -9999.0 -9999.0 -9999.0 -9999.0 -9999.0 -9999.0 -9999.0 -9999.0 -9999.0 -9999.0 -9999.0 -9999.0 -9999.0 -9999.0 -9999.0 -9999.0 -9999.0
-9999.0 -9999.0 -9999.0 -9999.0 -9999.0 -9999.0 -9999.0 -9999.0 -9999.0 -9999.0 -9999.0 0.461862 0.610139 1.134388 0.256641 0.520581 0.001901 0.366667 0.481781 0.002580 0.064240 0.618632 0.395151 0.288510 0.498746 0.250723 0.212179 0.209593 0.457473 0.095815 0.085380 0.232548 0.087681 0.104196 0.088178 0.104281 0.213745 0.230401 0.483307 -9999.0 -9999.0 -9999.0 0.102316 -9999.0 -9999.0 -9999.0 -9999.0 -9999.0 -9999.0 -9999.0 -9999.0 -9999.0 -9999.0 -9999.0 -9999.0 -9999.0 -9999.0 -9999.0 -9999.0 -9999.0 -9999.0 -9999.0 -9999.0
-9999.0 -9999.0 -9999.0 -9999.0 -9999.0 -9999.0 -9999.0 -9999.0 -9999.0 -9999.0 -9999.0 0.450569 0.432982 0.062079 0.165882 0.475615 0.106802 0.064872 0.301721 0.476627 0.415375 0.434546 0.373643 0.203015 0.268063 0.235635 0.225964 0.475982 0.138626 0.100381 0.213143 0.471353 0.213508 0.460221 0.238595 0.204746 0.300521 0.331879 0.225915 0.098020 0.099969 0.100673 0.203295 0.079372 -9999.0 -9999.0 -9999.0 0.283253 0.224742 0.072186 0.198406 0.079828 0.082085 0.237817 0.222348 0.088129 -9999.0 -9999.0 -9999.0 -9999.0 -9999.0 -9999.0 -9999.0
-9999.0 -9999.0 -9999.0 -9999.0 -9999.0 -9999.0 -9999.0 -9999.0 -9999.0 -9999.0 -9999.0 0.448891 0.443895 0.392348 0.521108 0.488585 0.432776 0.146114 0.278167 0.430338 0.309058 0.278031 -0.054323 0.300945 0.246472 0.122075 0.151372 0.080388 0.107640 0.237630 0.087010 0.065314 0.247312 0.437270 0.077857 0.469638 0.101178 0.133181 0.325426 0.098307 0.231398 0.214081 0.222972 0.213076 0.206197 -9999.0 0.114843 0.194688 0.207607 0.478234 0.256018 0.159308 0.225106 0.221326 0.269449 0.411809 -9999.0 -9999.0 -9999.0 -9999.0 -9999.0 -9999.0 -9999.0
-9999.0 -9999.0 -9999.0 -9999.0 -9999.0 -9999.0 -9999.0 -9999.0 -9999.0 -9999.0 -9999.0 -9999.0 0.456119 0.194573 0.497018 0.503522 0.224050 0.121742 0.335453 0.449355 0.156233 0.302955 0.078497 0.142758 -0.138309 0.167380 0.765108 0.287841 0.206040 0.078754 0.220165 0.096055 0.293425 0.384950 0.409296 0.478689 0.097131 0.151686 0.403201 0.319976 0.311712 0.161726 0.111708 0.348910 0.088120 0.211610 0.081464 0.205129 0.042910 0.111278 0.053579 0.146467 0.152768 0.123121 0.111709 0.505806 0.198019 -9999.0 -9999.0 -9999.0 -9999.0 -9999.0 -9999.0
-9999.0 -9999.0 -9999.0 -9999.0 -9999.0 -9999.0 -9999.0 -9999.0 -9999.0 -9999.0 -9999.0 -0.001470 0.377383 0.430375 0.214620 0.344022 0.404530 0.153019 0.256965 0.287213 0.126042 0.302743 0.125968 -0.077645 -0.090300 0.128983 -0.067131 0.212192 0.213668 0.135447 -0.024835 0.124331 0.508314 0.203556 0.231897 0.473720 0.256412 0.105234 0.174770 0.332515 -0.000992 0.165441 0.325218 0.251973 0.381180 0.213445 0.244214 0.139048 0.163004 0.143276 -0.083241 0.210390 0.000000 0.000000 0.000000 0.000000 0.072879 -9999.0 -9999.0 -9999.0 -9999.0 -9999.0 -9999.0
-9999.0 -9999.0 -9999.0 -9999.0 -9999.0 -9999.0 -9999.0 -9999.0 -9999.0 -9999.0 0.611245 0.079600 0.376631 0.401312 0.428423 0.263783 0.266761 0.207501 0.183725 0.272049 0.474494 0.467807 -0.150913 0.398375 0.067903 0.165856 0.104610 -0.084326 0.313311 0.345587 0.226252 0.219978 0.309048 0.205681 0.111177 0.088464 0.295416 -0.118645 -0.194785 0.295800 0.313649 0.178929 0.244770 0.385302 0.101485 0.139826 0.275464 0.101375 0.180430 0.187189 0.000000 0.071946 0.000000 0.000000 0.000000 0.205832 0.205167 -9999.0 -9999.0 -9999.0 -9999.0 -9999.0 -9999.0
-9999.0 -9999.0 -9999.0 -9999.0 -9999.0 -9999.0 -9999.0 -9999.0 -9999.0 0.260208 0.360182 -0.003180 0.083336 0.000476 -0.008318 0.167694 0.107718 0.427391 0.110694 0.239613 0.478752 0.106780 0.236784 0.317855 0.258562 -0.308606 -0.221576 0.360498 0.092728 0.201266 0.258857 -0.303317 0.100784 0.032710 0.101746 0.088489 0.294495 0.109692 -0.025853 0.091983 0.256446 -0.200472 -0.149249 0.292478 0.330898 0.132183 0.416940 -0.025550 -0.024619 0.244308 0.204388 0.072372 0.000000 0.085455 0.072494 0.000000 0.000000 0.075910 0.074023 -9999.0 -9999.0 -9999.0 -9999.0
-9999.0 -9999.0 -9999.0 -9999.0 -9999.0 -9999.0 -9999.0 -9999.0 -9999.0 0.251174 0.265003 0.368638 0.719023 0.251437 0.093194 -0.002915 0.401689 0.331694 0.115345 0.369965 0.399033 0.182521 0.464739 0.439647 -0.307004 -0.116630 0.079619 0.144062 0.311233 0.381528 0.365928 -0.305943 0.221224 0.217347 0.311598 0.089405 0.110293 0.159085 0.255325 0.313311 0.066075 -0.021731 0.030834 0.334979 0.337519 0.393440 0.365575 0.307171 0.207785 0.225587 -0.294354 -0.198563 0.074406 0.439808 0.458219 0.000000 0.000000 0.000000 0.105736 -9999.0 -9999.0 -9999.0 -9999.0
-9999.0 -9999.0 -9999.0 -9999.0 -9999.0 -9999.0 -9999.0 -9999.0 -9999.0 -9999.0 0.215919 0.309965 0.074161 0.479284 0.267648 0.109997 0.242797 0.374313 0.091497 0.404291 0.440345 0.081534 0.165668 -0.065906 -0.078931 0.055112 0.249033 0.327137 0.347204 -0.313926 -0.309371 0.063020 -0.223598 0.204285 0.452130 0.497523 0.353299 0.363293 0.111394 0.353955 0.212964 0.351220 0.655425 0.136347 0.195599 0.247884 0.213032 0.426420 0.348330 0.248438 -0.302046 0.000000 0.073958 0.069985 0.184301 0.189016 0.376672 0.200240 0.228435 0.093285 -9999.0 -9999.0 -9999.0
-9999.0 -9999.0 -9999.0 -9999.0 -9999.0 -9999.0 -9999.0 -9999.0 -9999.0 -9999.0 0.176832 0.275357 0.345390 0.189578 0.482989 0.242956 0.216419 0.181286 0.244832 0.215055 0.137062 0.123708 0.135271 0.141601 0.121676 0.269647 0.311462 0.168211 -0.323233 -0.227343 0.216467 0.448131 0.000000 0.221937 0.221960 0.509154 0.280574 0.009316 -0.032004 0.213787 0.474945 0.603594 -0.052732 0.331583 0.362852 -0.144184 0.206641 0.189580 0.249149 0.366531 0.190022 0.086037 -0.214067 0.072381 0.072201 0.068013 0.189159 -0.090322 0.455188 0.371841 -9999.0 -9999.0 -9999.0
-9999.0 -9999.0 -9999.0 -9999.0 -9999.0 -9999.0 -9999.0 -9999.0 0.249699 0.210135 0.209526 0.445274 0.230431 0.227250 -0.029099 0.372468 0.086882 0.137418 0.277598 0.096149 0.112910 0.072357 0.147911 0.163750 0.339125 0.205341 0.362029 -0.331004 0.040437 -0.228150 0.000000 0.207805 0.207133 0.215780 0.305285 0.256393 0.393285 0.196401 -0.307782 0.095139 0.138644 0.343478 -0.086115 0.103399 0.165028 0.603755 -0.302624 0.065724 0.200609 0.359673 0.248394 0.222343 0.000000 -0.189113 0.065794 0.191536 0.074211 0.315027 0.258129 0.351799 -9999.0 -9999.0 -9999.0
-9999.0 -9999.0 -9999.0 -9999.0 -9999.0 -9999.0 -9999.0 -9999.0 0.262930 0.259339 -0.226968 0.205773 0.255027 0.134381 -0.304759 0.217838 0.106950 0.102004 0.006789 0.106560 0.259634 0.409036 0.374481 0.099063 0.108904 0.232594 0.244187 0.015809 0.000017 0.212744 0.196541 0.107163 0.218052 0.116507 0.287362 0.339653 0.440521 0.204993 0.095438 0.291705 0.221874 0.000000 0.123880 0.328140 0.580425 0.195556 -0.085844 0.269766 0.013279 0.342969 0.355252 0.035881 0.000000 0.187953 0.209366 0.000055 -0.118123 0.120866 0.357719 0.464536 0.187406 -9999.0 -9999.0
-9999.0 -9999.0 -9999.0 -9999.0 -9999.0 -9999.0 -9999.0 -9999.0 0.215401 0.478655 0.185842 -0.219691 0.420397 -0.085674 -0.038593 -0.297125 0.225367 0.202078 0.040464 0.232413 0.103050 0.315656 0.309810 0.132209 0.348692 0.121955 0.268636 -0.320026 0.000000 0.220483 0.126994 0.344842 0.063537 0.122407 0.361152 0.435675 0.220475 0.477332 -0.013124 0.131414 0.284690 0.138035 0.291680 0.493428 0.128242 0.287621 0.090940 0.220467 -0.125473 0.120475 0.363418 0.201306 0.000000 0.000000 0.000051 0.157251 0.265548 0.347066 0.407381 0.507722 0.474596 -9999.0 -9999.0
-9999.0 -9999.0 -9999.0 -9999.0 -9999.0 -9999.0 -9999.0 -9999.0 0.069951 0.273248 0.270141 0.000000 0.256640 0.059398 0.031359 0.263594 0.035379 0.053870 0.401658 0.129274 0.156573 0.239230 0.317139 0.226299 0.180001 0.258618 -0.071137 -0.309719 0.338395 -0.069608 -0.034391 0.051618 0.200301 0.292049 0.056146 0.373486 0.386080 0.131514 0.291756 0.147130 0.357359 0.365998 0.350883 0.167192 0.266021 0.137006 0.311912 0.152559 0.243994 -0.083331 0.128110 0.273188 0.170127 0.000000 0.172180 0.273630 0.353120 0.364243 0.318097 0.476542 0.428518 0.236270 -9999.0
-9999.0 -9999.0 -9999.0 -9999.0 -9999.0 -9999.0 -9999.0 -9999.0 0.201365 0.198497 0.238993 -0.314465 -0.173845 -0.081845 0.400951 0.349850 0.439849 0.192494 0.236792 0.104489 0.160614 0.319423 0.223029 0.167353 0.288098 0.192781 -0.310127 0.113560 0.250299 0.302388 -0.085960 0.305180 0.418925 0.373501 0.278402 0.313516 0.264393 0.127153 0.052630 0.382721 0.295645 0.224776 0.284897 0.198080 -0.041818 0.375826 0.061237 0.187478 0.041463 0.214574 0.286060 0.136189 0.194169 0.234398 0.295001 0.336685 0.361773 0.413069 0.455567 0.392050 0.142840 0.228776 -9999.0
-9999.0 -9999.0 0.273267 0.292172 0.252243 0.233768 0.218179 0.161594 0.203153 0.464069 0.168399 0.149436 0.050782 0.128796 0.426908 0.328827 0.130832 -0.307116 -0.000317 0.246384 0.101002 0.259564 0.503706 0.065427 0.223302 0.092254 0.187111 0.240803 0.263371 0.500138 0.155817 0.235584 0.491269 0.154263 0.424622 0.134339 0.158487 0.046631 0.034437 0.051052 0.094391 0.345063 0.139784 0.410080 0.228709 0.266083 0.369399 0.351750 0.347131 0.380936 0.247986 0.343569 0.332821 0.292954 0.285426 0.383638 0.331909 0.358517 0.367469 0.165072 0.413824 0.213661 -9999.0
-9999.0 0.097819 0.159319 0.225973 0.041762 0.126199 -0.067784 -0.228883 -0.214508 0.202128 -0.078703 -0.319999 0.232638 0.403356 0.377910 -0.097932 -0.185191 -0.064569 -0.109613 0.181430 0.147085 0.137819 0.540255 0.323743 0.188972 0.143607 0.283991 0.333281 0.226894 0.425819 0.243286 0.244118 0.353772 0.461255 0.134220 0.252354 0.133362 0.022714 0.248257 0.426009 0.128219 0.138328 0.184244 0.138644 0.115315 0.116219 0.443140 0.095148 0.130674 0.339764 0.430902 0.379959 0.334665 0.282972 0.267555 0.271820 0.201750 0.250745 0.312656 0.397774 0.242780 0.210069 -9999.0
-9999.0 0.414003 0.078489 0.053355 0.362052 0.075806 -0.299574 -0.221597 0.207776 0.207918 -0.227792 -0.321657 0.190617 0.388246 -0.092824 0.000000 -0.228501 -0.064333 0.019559 0.196299 0.473715 0.340376 0.254903 0.421854 0.392191 0.231326 0.062030 0.117774 0.419969 0.054318 0.031325 0.037664 0.446643 0.475865 0.454908 0.527090 0.254897 0.237115 0.125971 0.151044 0.193531 0.352782 0.139429 0.168092 0.059692 0.027368 0.343179 0.463284 0.463729 0.448649 0.398112 0.242579 0.216237 0.318964 0.233141 -0.081806 -0.010267 -0.067486 -0.039350 -0.053201 0.009017 -9999.0 -9999.0
-9999.0 0.377075 0.276693 0.329714 0.371108 0.403729 0.343952 -0.305161 -0.069542 0.071036 0.113532 0.055581 0.280779 0.346171 -0.323613 0.000000 -0.221303 0.076562 -0.302283 -0.039806 -0.142252 -0.010073 0.217145 0.375779 0.393115 0.434485 0.448184 0.456897 0.190217 0.424577 0.080774 0.057366 0.502706 0.527696 0.511620 0.489381 0.512486 0.223402 0.502051 0.479695 0.488686 0.239749 0.502057 0.063847 0.052934 0.482693 0.462706 0.480744 0.464156 0.259123 0.288509 0.354941 0.032902 0.193335 -0.114924 -0.326431 -0.324985 -0.322109 -0.322471 -9999.0 -9999.0 -9999.0 -9999.0
