user2019/resources/simulation/Vinschgau/output-maps/hsupN0752.asc
ncols         63
nrows         48
xllcorner     598000.000000
yllcorner     5145000.000000
cellsize      1000.000000
NODATA_value  -9999.0
[rows 0 to 27 of 48, columns 0 to 62 of 63]
-9999.0 -9999.0 -9999.0 -9999.0 -9999.0 -9999.0 -9999.0 -9999.0 -9999.0 -9999.0 -9999.0 -9999.0 -9999.0 -9999.0 -9999.0 -9999.0 -9999.0 -9999.0 -9999.0 -9999.0 -9999.0 -9999.0 -9999.0 -9999.0 -9999.0 -9999.0 -9999.0 -9999.0 -9999.0 -9999.0 -9999.0 -9999.0 -9999.0 -9999.0 -9999.0 -9999.0 -9999.0 -9999.0 -9999.0 -9999.0 -9999.0 -9999.0 -9999.0 -9999.0 -9999.0 -9999.0 -9999.0 -9999.0 -9999.0 -9999.0 -9999.0 -9999.0 -9999.0 -9999.0 -9999.0 -9999.0 -9999.0 -9999.0 -9999.0 -9999.0 -9999.0 -9999.0 -9999.0
-9999.0 -9999.0 -9999.0 -9999.0 -9999.0 -9999.0 -9999.0 -9999.0 -9999.0 -9999.0 -9999.0 -9999.0 -9999.0 -9999.0 -9999.0 -9999.0 -9999.0 -9999.0 -9999.0 -9999.0 -9999.0 -9999.0 -9999.0 -9999.0 -9999.0 -9999.0 -9999.0 7.781106 8.630833 17.901770 13.840417 8.942892 826.011832 -9999.0 -9999.0 -9999.0 -9999.0 -9999.0 -9999.0 -9999.0 -9999.0 -9999.0 -9999.0 -9999.0 -9999.0 -9999.0 -9999.0 -9999.0 -9999.0 -9999.0 -9999.0 -9999.0 -9999.0 -9999.0 -9999.0 -9999.0 -9999.0 -9999.0 -9999.0 -9999.0 -9999.0 -9999.0 -9999.0
-9999.0 -9999.0 -9999.0 -9999.0 -9999.0 -9999.0 -9999.0 -9999.0 -9999.0 -9999.0 -9999.0 -9999.0 -9999.0 -9999.0 -9999.0 -9999.0 -9999.0 -9999.0 -9999.0 -9999.0 -9999.0 -9999.0 -9999.0 -9999.0 7.715850 7.201607 8.886787 6.898625 24.109794 34.745040 8.051750 -9999.0 -9999.0 -9999.0 -9999.0 -9999.0 -9999.0 -9999.0 -9999.0 -9999.0 -9999.0 -9999.0 -9999.0 -9999.0 -9999.0 -9999.0 -9999.0 -9999.0 -9999.0 -9999.0 -9999.0 -9999.0 -9999.0 -9999.0 -9999.0 -9999.0 -9999.0 -9999.0 -9999.0 -9999.0 -9999.0 -9999.0 -9999.0
-9999.0 -9999.0 -9999.0 -9999.0 -9999.0 -9999.0 -9999.0 -9999.0 -9999.0 -9999.0 -9999.0 -9999.0 -9999.0 -9999.0 -9999.0 -9999.0 -9999.0 -9999.0 -9999.0 -9999.0 -9999.0 -9999.0 -9999.0 6.018719 8.200646 0.000293 0.000311 0.000174 22.661242 7.396712 7.797816 8.651224 -9999.0 -9999.0 -9999.0 -9999.0 -9999.0 -9999.0 -9999.0 -9999.0 -9999.0 -9999.0 -9999.0 -9999.0 -9999.0 -9999.0 -9999.0 -9999.0 -9999.0 -9999.0 -9999.0 -9999.0 -9999.0 -9999.0 -9999.0 -9999.0 -9999.0 -9999.0 -9999.0 -9999.0 -9999.0 -9999.0 -9999.0
-9999.0 -9999.0 -9999.0 -9999.0 -9999.0 -9999.0 -9999.0 -9999.0 -9999.0 -9999.0 -9999.0 -9999.0 -9999.0 -9999.0 -9999.0 -9999.0 -9999.0 -9999.0 2.219764 4.072222 -9999.0 7.614070 7.706865 0.000254 0.000253 0.000000 0.000320 0.651691 0.998415 0.142615 9.729163 9.551634 8.649033 6.838552 -9999.0 -9999.0 -9999.0 -9999.0 -9999.0 -9999.0 -9999.0 -9999.0 -9999.0 -9999.0 -9999.0 -9999.0 -9999.0 -9999.0 -9999.0 -9999.0 -9999.0 -9999.0 -9999.0 -9999.0 -9999.0 -9999.0 -9999.0 -9999.0 -9999.0 -9999.0 -9999.0 -9999.0 -9999.0
-9999.0 -9999.0 -9999.0 -9999.0 -9999.0 -9999.0 -9999.0 -9999.0 -9999.0 -9999.0 -9999.0 -9999.0 -9999.0 -9999.0 -9999.0 -9999.0 -9999.0 0.000000 0.000000 3.702106 5.088772 7.513770 0.097439 0.000000 0.000000 0.294481 8.378251 11.469817 10.508223 0.999613 23.507059 24.670482 42.174634 14.264638 11.712151 13.867359 -9999.0 -9999.0 -9999.0 -9999.0 -9999.0 -9999.0 -9999.0 -9999.0 -9999.0 -9999.0 -9999.0 -9999.0 -9999.0 -9999.0 -9999.0 -9999.0 -9999.0 -9999.0 -9999.0 -9999.0 -9999.0 -9999.0 -9999.0 -9999.0 -9999.0 -9999.0 -9999.0
-9999.0 -9999.0 -9999.0 -9999.0 -9999.0 -9999.0 -9999.0 -9999.0 -9999.0 -9999.0 -9999.0 -9999.0 -9999.0 6.733628 0.000148 0.000000 0.000000 0.000000 0.000000 0.000000 0.000081 0.000197 0.000000 0.000000 3.005408 7.107069 6.338760 17.141640 7.565866 10.199294 10174.864408 41.178610 28.842660 34.986218 29.980556 8.921197 -9999.0 -9999.0 -9999.0 -9999.0 -9999.0 -9999.0 -9999.0 -9999.0 -9999.0 -9999.0 -9999.0 -9999.0 -9999.0 -9999.0 -9999.0 -9999.0 -9999.0 -9999.0 -9999.0 -9999.0 -9999.0 -9999.0 -9999.0 -9999.0 -9999.0 -9999.0 -9999.0
-9999.0 -9999.0 -9999.0 -9999.0 -9999.0 -9999.0 -9999.0 -9999.0 -9999.0 -9999.0 -9999.0 -9999.0 -9999.0 5.906103 0.000109 0.000000 0.000000 0.000000 0.000000 0.000000 0.000000 0.000000 0.000502 0.000410 10.044170 10.301517 5.630550 14.614668 7.321840 9.814211 19.263719 10.637598 11.307300 8.595786 18.644790 -9999.0 -9999.0 -9999.0 -9999.0 -9999.0 -9999.0 -9999.0 -9999.0 -9999.0 -9999.0 -9999.0 -9999.0 -9999.0 -9999.0 -9999.0 -9999.0 -9999.0 -9999.0 -9999.0 -9999.0 -9999.0 -9999.0 -9999.0 -9999.0 -9999.0 -9999.0 -9999.0 -9999.0
-9999.0 -9999.0 -9999.0 -9999.0 -9999.0 -9999.0 -9999.0 -9999.0 -9999.0 -9999.0 -9999.0 -9999.0 -9999.0 0.000076 720.303952 0.000000 0.000000 0.000000 0.000000 0.000000 1.626820 3.089932 9.883367 5.197920 0.747923 10.194397 11.793575 7.686717 8.255244 7.616110 14.149423 7.452287 8.392036 5.664089 14.238428 -9999.0 -9999.0 -9999.0 -9999.0 -9999.0 -9999.0 -9999.0 -9999.0 -9999.0 -9999.0 -9999.0 -9999.0 -9999.0 -9999.0 -9999.0 -9999.0 -9999.0 -9999.0 -9999.0 -9999.0 -9999.0 -9999.0 -9999.0 -9999.0 -9999.0 -9999.0 -9999.0 -9999.0
-9999.0 -9999.0 -9999.0 -9999.0 -9999.0 -9999.0 -9999.0 -9999.0 -9999.0 -9999.0 -9999.0 -9999.0 0.000000 7034.276180 0.000000 2.244820 0.000000 0.000000 0.000000 2.529791 0.000000 0.073788 9.841851 7.048823 3839.489949 6.188734 1133.166096 7.281998 28.497703 14.178412 6.439938 9.826876 20.178036 7.933358 -9999.0 -9999.0 -9999.0 -9999.0 -9999.0 -9999.0 -9999.0 -9999.0 -9999.0 -9999.0 -9999.0 -9999.0 -9999.0 -9999.0 -9999.0 -9999.0 -9999.0 -9999.0 -9999.0 -9999.0 -9999.0 -9999.0 -9999.0 -9999.0 -9999.0 -9999.0 -9999.0 -9999.0 -9999.0
-9999.0 -9999.0 -9999.0 -9999.0 -9999.0 -9999.0 -9999.0 -9999.0 -9999.0 -9999.0 -9999.0 11.820002 15.937703 390.243100 0.913554 6.602385 4.806656 0.000000 0.999142 157.361142 0.000000 3.897848 8.978865 6.528637 27.972953 13.587174 6.536155 9.561425 3739.390876 6.945727 8.771857 28.394891 21.818741 8.606318 11.738723 18.759334 0.352099 0.000000 0.000000 -9999.0 -9999.0 -9999.0 8.711359 -9999.0 -9999.0 -9999.0 -9999.0 -9999.0 -9999.0 -9999.0 -9999.0 -9999.0 -9999.0 -9999.0 -9999.0 -9999.0 -9999.0 -9999.0 -9999.0 -9999.0 -9999.0 -9999.0 -9999.0
-9999.0 -9999.0 -9999.0 -9999.0 -9999.0 -9999.0 -9999.0 -9999.0 -9999.0 -9999.0 -9999.0 12.223273 8.770486 27.442471 1.329898 6.026432 0.000118 0.000000 0.000033 5.860412 6.030869 7.728556 9.563042 7.521030 18.759519 8.879785 7.568135 18.411015 27.974530 7.341822 14.599256 76.577464 8.468575 10.758421 5.473616 12.389435 10.742465 0.000000 0.000000 5.000004 7.183740 6.117960 13.631783 7.766619 -9999.0 -9999.0 -9999.0 7.116438 8.867290 11.921609 9.959694 8.466316 9.342885 7.251507 10.968272 9.541848 -9999.0 -9999.0 -9999.0 -9999.0 -9999.0 -9999.0 -9999.0
-9999.0 -9999.0 -9999.0 -9999.0 -9999.0 -9999.0 -9999.0 -9999.0 -9999.0 -9999.0 -9999.0 19.682453 6.734399 31.724866 8.022784 6.925602 8.757134 1.636642 3.179775 0.000035 1.268844 10.424464 8.867815 8.863351 8.153668 6.087123 10.244189 3809.923990 9.416247 7.343323 8.268020 99.791218 14.042288 8.639293 9.111367 15.817287 22.455887 11.712370 0.000000 0.000000 1.403563 5.061378 16.097911 9.926153 7.924961 -9999.0 7.559899 11.518444 12.733629 15.493475 14.339117 18.640436 11.700506 10.693233 16.870185 10.673977 -9999.0 -9999.0 -9999.0 -9999.0 -9999.0 -9999.0 -9999.0
-9999.0 -9999.0 -9999.0 -9999.0 -9999.0 -9999.0 -9999.0 -9999.0 -9999.0 -9999.0 -9999.0 -9999.0 14.882241 19.732931 3.516020 5.142280 0.628800 0.000000 15.680353 0.000461 0.000487 10.831536 16.613366 12.630912 7.142784 9.181568 2547.173134 10.336645 10.475699 7.890568 9.017820 53.965306 10.062477 9.945112 9.749609 10.325036 5.849594 0.000311 0.000000 0.000000 0.000000 3.143563 18.065228 10.600558 8.485043 8.638893 8.567297 9.573551 14.633898 17.377950 2.962632 102.027152 544.158630 52.792520 32.917699 18.790148 9.554063 -9999.0 -9999.0 -9999.0 -9999.0 -9999.0 -9999.0
-9999.0 -9999.0 -9999.0 -9999.0 -9999.0 -9999.0 -9999.0 -9999.0 -9999.0 -9999.0 -9999.0 10.213313 6.267576 9.504403 28.076563 14.280609 12.113288 5.928448 9.560221 0.000179 0.000432 10.841819 17.335019 6.225147 8.572080 21.417495 11.630155 7.421507 6.526555 9.243655 10.586165 75.048259 20.861520 10.313110 7.302991 12.577430 3.747169 0.132289 0.000417 0.000000 0.000000 0.000000 20.809080 10.727008 10.590373 7.982117 20.247781 11.475565 11.146514 0.998963 10.005737 9.117273 20.019153 14.107957 11.918101 6.417447 14.958575 -9999.0 -9999.0 -9999.0 -9999.0 -9999.0 -9999.0
-9999.0 -9999.0 -9999.0 -9999.0 -9999.0 -9999.0 -9999.0 -9999.0 -9999.0 -9999.0 2323.128804 11.909066 7.933474 6.408110 5.736957 2127.835383 2106.307724 0.000000 0.000000 0.000351 10.561882 13.588422 4.999905 4.618830 10.419348 2957.164141 8.776039 7.058685 9.334882 9.560773 82.565794 345.037721 13.217828 11.377231 5.934025 9.469709 10.160194 12.994553 10.679677 0.999435 0.999270 0.000238 0.998595 12.471087 10.692777 7.166207 10.175516 17.979337 26.882658 0.999041 8.339400 9.402303 14.994089 9.021725 9.411645 14.486476 19.986441 -9999.0 -9999.0 -9999.0 -9999.0 -9999.0 -9999.0
-9999.0 -9999.0 -9999.0 -9999.0 -9999.0 -9999.0 -9999.0 -9999.0 -9999.0 9.236954 15.809369 25.624199 24.845526 7.255984 20.795749 16.956573 6.668925 3.190133 0.000000 0.000090 6.626493 0.000000 0.000000 0.000156 0.999687 7.751654 4.999874 8.836935 10.877224 10.683359 2.605002 10.312473 8.200286 7.528124 7.827911 10.107667 23.012207 17.826835 10.929246 14.002254 22.430408 7.298966 5.032640 0.000656 4.840729 8.178134 9.626432 3.001569 5.111305 0.999169 18.304898 13.963338 8.366581 7.020188 10.014132 29.794215 47.674521 8.481546 7.718037 -9999.0 -9999.0 -9999.0 -9999.0
-9999.0 -9999.0 -9999.0 -9999.0 -9999.0 -9999.0 -9999.0 -9999.0 -9999.0 58.260021 17.594770 11.354744 5561.139913 5.944783 5.229764 5.705337 5.782344 2.286382 0.000000 0.000000 0.000115 0.000000 0.000466 8.845635 7.622828 5.373410 8.124014 9.073825 0.999262 0.999214 13.236900 11.649071 15.613197 8.278945 13.271687 5.784697 6.140514 8.855861 6.944103 14.984352 12.230104 5.715734 2.193501 6.900375 0.000810 0.000659 0.076597 0.000000 4.136265 0.999702 8.392189 8.187519 8.055140 10.173180 34.306890 22.065915 46.156252 39.299226 8.565853 -9999.0 -9999.0 -9999.0 -9999.0
-9999.0 -9999.0 -9999.0 -9999.0 -9999.0 -9999.0 -9999.0 -9999.0 -9999.0 -9999.0 8.038352 15.386728 14.406945 2626.383757 0.073575 3.403881 5.072684 0.000080 0.000000 0.000000 4.292791 0.000101 5.556639 8.255170 5.411027 7.235777 8.305594 0.997595 11.543221 9.393527 9.169282 5426.466501 7.934806 9.882964 19.992454 28.374995 5.096652 10.888219 5.622513 10.677311 6.719516 9.232016 5473.492078 8.490598 10.610829 8.717467 6.577051 0.658411 0.000628 8.626353 10.741213 14.540489 9.424890 8.991315 9.564668 12.596876 29.778318 13953.814014 56.016089 4.263762 -9999.0 -9999.0 -9999.0
-9999.0 -9999.0 -9999.0 -9999.0 -9999.0 -9999.0 -9999.0 -9999.0 -9999.0 -9999.0 11.761926 9.857634 8.391147 17.771702 0.999213 0.000000 0.000055 0.000000 0.000000 0.000000 0.000000 0.000000 0.437807 3.141410 6.487379 4.883622 0.997762 12.256172 11.198999 7.275340 9.387479 27.771167 16.870420 6.882695 8.335015 28.017998 4286.189830 14.136275 10.912775 7.239771 11.060122 40.112908 30.459370 7.610735 9.328859 8.773298 10.447715 10.226386 14.544812 0.998196 16.265590 13.071367 12.434967 12.202139 6.262183 6.788019 7.559821 9.868857 152.438304 82.369364 -9999.0 -9999.0 -9999.0
-9999.0 -9999.0 -9999.0 -9999.0 -9999.0 -9999.0 -9999.0 -9999.0 10.469390 8.039135 6.350370 15.578051 135.383045 23.927002 14.940312 0.939710 0.000000 0.000000 0.000000 0.000000 0.000000 0.000000 0.000000 0.000000 0.000127 0.865204 13.944102 10.791644 14.796881 13.637294 6.815600 13.564177 9.695044 6.968492 18.950514 6.814866 8.362204 19.370418 7.612175 5.808864 11.326880 22.132915 9.795822 6.008034 6.874253 2411.953720 7.150107 10.051812 10.911535 0.998171 16.194882 17.087675 13.824001 9.996284 7.131330 10.598011 8.308007 7.835413 4.754963 90.188748 -9999.0 -9999.0 -9999.0
-9999.0 -9999.0 -9999.0 -9999.0 -9999.0 -9999.0 -9999.0 -9999.0 2528.453279 17.061300 9.103645 6.629207 7.525146 2195.032790 6.476289 4.580982 0.000000 0.000000 0.000000 0.000000 0.000000 0.000000 0.000000 0.000000 0.000000 0.567374 14.831839 15.369643 9.980659 8.277023 7.644633 7.820518 21.182534 7.656221 16.249156 10.054747 24.886809 30.644505 10.376643 9.355900 8.131136 6.947822 8.089586 9.680912 2822.309499 12.402954 7.439407 8.890647 11.030758 9.709462 0.998610 12.996703 11.080290 8.296943 10.000873 17.632772 8.908451 10.035275 6.281993 3.922889 0.000000 -9999.0 -9999.0
-9999.0 -9999.0 -9999.0 -9999.0 -9999.0 -9999.0 -9999.0 -9999.0 9.411626 3578.905256 9.964646 7.072195 96.647133 6.571612 8.700319 5.503379 0.000089 0.000000 0.000000 0.000000 0.000000 0.000000 0.000000 0.000000 0.000000 0.000000 4.842554 9.147916 6.685069 9.899830 8.350588 18.648773 11.839329 9.920320 13.901770 38.208311 19.455462 0.999831 10.679852 12.189232 10.928373 8.095138 10.086654 2718.058372 10.122595 9.988164 5.455547 7.563230 7.986771 9.562036 0.990414 14.142727 9.866990 7.962399 11.608705 16.227172 15.141259 12.483007 10.943424 68.014240 0.723340 -9999.0 -9999.0
-9999.0 -9999.0 -9999.0 -9999.0 -9999.0 -9999.0 -9999.0 -9999.0 8.481868 10.671490 29.712710 7.453822 19.544020 12.630507 10.867712 4.170788 0.000000 0.000000 0.000000 0.000000 0.000000 0.000000 0.000000 0.000000 0.000000 0.000207 7.464029 6.276187 6.893918 14.283690 9.302140 14.828851 15.734726 25.356196 10.174513 2.949678 1.225320 0.000267 7.740707 10.253175 7.054702 9.307136 10.449268 6.745091 5.547806 6.767860 9.163289 10.163006 5.098134 5.587963 6.054461 0.997070 11.316352 7.153039 11.628427 15.647284 20.078000 121.519862 0.995956 0.957452 7.258587 2.029365 -9999.0
-9999.0 -9999.0 -9999.0 -9999.0 -9999.0 -9999.0 -9999.0 -9999.0 6.884950 11.216598 5328.274812 8.156294 18.564703 14.938259 12.836304 13.216460 0.990187 0.000288 0.000205 0.000000 0.000000 0.000000 0.000000 0.000000 0.000000 0.000000 0.037352 6.409759 5.114776 20.897006 7.624674 13.948646 28.189004 16.675469 5.950848 2.206418 1.065530 0.000167 8.488642 8.312533 4.016638 8.236460 15.223057 9.738711 7.155698 7.615252 10.187397 15.697182 5.324810 5.635384 0.508436 0.000000 0.000684 0.000234 167.067320 152.026059 0.999462 0.999987 23.880800 9.765857 6.166239 3.994162 -9999.0
-9999.0 -9999.0 7.650373 9.029241 1071.105341 7.334173 40.013853 14.337138 9.548073 10.379971 12.461947 47.210814 23.969659 21.749394 0.999486 0.997528 10.337509 7.784365 7.422790 0.000213 0.000000 0.000000 0.995809 0.000000 0.000000 0.000000 0.000000 0.000130 5.844668 14.365056 0.610940 3.018698 75.275832 7.413367 6.366488 0.000000 0.000000 0.000000 3.154371 0.000187 1.246388 5.200374 12.401954 5.936955 2.274422 4.108848 8.832188 9.336060 5.782065 0.000222 0.000000 0.000000 0.999069 0.999457 0.998744 0.999110 30.722980 16.886363 11.558390 8.358854 9.093080 4.224708 -9999.0
-9999.0 9.069149 10.623983 9.846550 7.373042 32.068970 39.322253 9.797939 8.837215 9.172587 10.309195 10.379692 26.986252 37.342520 0.998642 10.625050 9.586228 6.968490 5.308150 0.039258 0.000000 4.109993 132.137294 0.996807 0.000000 0.000000 0.000000 0.000000 2.137049 7.695448 0.000000 0.000000 28.624301 27.622154 0.062733 0.000000 0.000000 0.000000 3.581853 0.000000 0.000000 5.058893 12.992359 0.000090 0.000000 0.000000 1.979467 0.000449 0.000130 36.597693 0.069382 0.999311 28.292466 30.142868 31.194494 15.007715 12.925975 9.970305 12.028940 9.446965 8.318562 4.989066 -9999.0
-9999.0 16.732945 22.255845 17.608021 4.725918 35.034094 7.125953 6.966100 7.069371 6.930781 7.589871 8.102133 14.634263 0.998984 11.560756 10.006947 8.427832 6.367390 14.458746 18.992134 24.185071 17.038057 19.408544 95.801337 0.998084 0.000000 0.000000 0.000000 0.000000 0.000257 0.000000 0.000000 27.383418 26.224699 16.412761 6.914629 5.436668 0.000048 0.664791 0.000000 0.000049 9.890216 11.619876 0.000000 0.000000 0.000000 0.000000 0.000502 0.000544 0.976113 9.574386 6.091013 5.911663 34.789563 11.276334 10.293132 16.442615 10.464329 10.339774 8.560520 9.335388 -9999.0 -9999.0
