user2019/resources/simulation/Vinschgau/output-maps/hsupN0061.asc
ncols         63
nrows         48
xllcorner     598000.000000
yllcorner     5145000.000000
cellsize      1000.000000
NODATA_value  -9999.0
[rows 0 to 27 of 48, columns 0 to 62 of 63]
-9999.0 -9999.0 -9999.0 -9999.0 -9999.0 -9999.0 -9999.0 -9999.0 -9999.0 -9999.0 -9999.0 -9999.0 -9999.0 -9999.0 -9999.0 -9999.0 -9999.0 -9999.0 -9999.0 -9999.0 -9999.0 -9999.0 -9999.0 -9999.0 -9999.0 -9999.0 -9999.0 -9999.0 -9999.0 -9999.0 -9999.0 -9999.0 -9999.0 -9999.0 -9999.0 -9999.0 -9999.0 -9999.0 -9999.0 -9999.0 -9999.0 -9999.0 -9999.0 -9999.0 -9999.0 -9999.0 -9999.0 -9999.0 -9999.0 -9999.0 -9999.0 -9999.0 -9999.0 -9999.0 -9999.0 -9999.0 -9999.0 -9999.0 -9999.0 -9999.0 -9999.0 -9999.0 -9999.0
-9999.0 -9999.0 -9999.0 -9999.0 -9999.0 -9999.0 -9999.0 -9999.0 -9999.0 -9999.0 -9999.0 -9999.0 -9999.0 -9999.0 -9999.0 -9999.0 -9999.0 -9999.0 -9999.0 -9999.0 -9999.0 -9999.0 -9999.0 -9999.0 -9999.0 -9999.0 -9999.0 12.647947 17.243846 24.322165 0.000000 0.000000 0.000000 -9999.0 -9999.0 -9999.0 -9999.0 -9999.0 -9999.0 -9999.0 -9999.0 -9999.0 -9999.0 -9999.0 -9999.0 -9999.0 -9999.0 -9999.0 -9999.0 -9999.0 -9999.0 -9999.0 -9999.0 -9999.0 -9999.0 -9999.0 -9999.0 -9999.0 -9999.0 -9999.0 -9999.0 -9999.0 -9999.0
-9999.0 -9999.0 -9999.0 -9999.0 -9999.0 -9999.0 -9999.0 -9999.0 -9999.0 -9999.0 -9999.0 -9999.0 -9999.0 -9999.0 -9999.0 -9999.0 -9999.0 -9999.0 -9999.0 -9999.0 -9999.0 -9999.0 -9999.0 -9999.0 14.189198 20.187087 27.291518 16.630100 35.787004 43.786959 0.182884 -9999.0 -9999.0 -9999.0 -9999.0 -9999.0 -9999.0 -9999.0 -9999.0 -9999.0 -9999.0 -9999.0 -9999.0 -9999.0 -9999.0 -9999.0 -9999.0 -9999.0 -9999.0 -9999.0 -9999.0 -9999.0 -9999.0 -9999.0 -9999.0 -9999.0 -9999.0 -9999.0 -9999.0 -9999.0 -9999.0 -9999.0 -9999.0
-9999.0 -9999.0 -9999.0 -9999.0 -9999.0 -9999.0 -9999.0 -9999.0 -9999.0 -9999.0 -9999.0 -9999.0 -9999.0 -9999.0 -9999.0 -9999.0 -9999.0 -9999.0 -9999.0 -9999.0 -9999.0 -9999.0 -9999.0 16.832401 24.501518 18.977646 32.968603 12.024814 44.939876 18.087806 14.560490 7.325608 -9999.0 -9999.0 -9999.0 -9999.0 -9999.0 -9999.0 -9999.0 -9999.0 -9999.0 -9999.0 -9999.0 -9999.0 -9999.0 -9999.0 -9999.0 -9999.0 -9999.0 -9999.0 -9999.0 -9999.0 -9999.0 -9999.0 -9999.0 -9999.0 -9999.0 -9999.0 -9999.0 -9999.0 -9999.0 -9999.0 -9999.0
-9999.0 -9999.0 -9999.0 -9999.0 -9999.0 -9999.0 -9999.0 -9999.0 -9999.0 -9999.0 -9999.0 -9999.0 -9999.0 -9999.0 -9999.0 -9999.0 -9999.0 -9999.0 20.493850 14.507028 -9999.0 14.271764 20.712056 10.704718 7.914931 1.520255 1.938502 1.468942 1.438009 21.708837 20.926881 17.722208 18.503298 14.309155 -9999.0 -9999.0 -9999.0 -9999.0 -9999.0 -9999.0 -9999.0 -9999.0 -9999.0 -9999.0 -9999.0 -9999.0 -9999.0 -9999.0 -9999.0 -9999.0 -9999.0 -9999.0 -9999.0 -9999.0 -9999.0 -9999.0 -9999.0 -9999.0 -9999.0 -9999.0 -9999.0 -9999.0 -9999.0
-9999.0 -9999.0 -9999.0 -9999.0 -9999.0 -9999.0 -9999.0 -9999.0 -9999.0 -9999.0 -9999.0 -9999.0 -9999.0 -9999.0 -9999.0 -9999.0 -9999.0 0.000000 1.115319 32.600768 14.953901 23.694998 24.687400 26.443453 1.193794 16.341991 0.201126 0.000000 7.361761 2.177651 38.520858 30.129611 48.045932 22.634802 8.530080 0.000000 -9999.0 -9999.0 -9999.0 -9999.0 -9999.0 -9999.0 -9999.0 -9999.0 -9999.0 -9999.0 -9999.0 -9999.0 -9999.0 -9999.0 -9999.0 -9999.0 -9999.0 -9999.0 -9999.0 -9999.0 -9999.0 -9999.0 -9999.0 -9999.0 -9999.0 -9999.0 -9999.0
-9999.0 -9999.0 -9999.0 -9999.0 -9999.0 -9999.0 -9999.0 -9999.0 -9999.0 -9999.0 -9999.0 -9999.0 -9999.0 13.855466 28.309217 1.017149 0.000000 1.671890 0.000000 0.274615 0.960492 2.686037 1.528732 1.426690 22.992230 0.000000 4.153855 0.000000 0.000128 0.000000 54.976772 29.004587 0.000443 11.850009 1.604829 0.000000 -9999.0 -9999.0 -9999.0 -9999.0 -9999.0 -9999.0 -9999.0 -9999.0 -9999.0 -9999.0 -9999.0 -9999.0 -9999.0 -9999.0 -9999.0 -9999.0 -9999.0 -9999.0 -9999.0 -9999.0 -9999.0 -9999.0 -9999.0 -9999.0 -9999.0 -9999.0 -9999.0
-9999.0 -9999.0 -9999.0 -9999.0 -9999.0 -9999.0 -9999.0 -9999.0 -9999.0 -9999.0 -9999.0 -9999.0 -9999.0 24.228542 6.111131 0.114477 0.044741 3.502866 1.655205 0.772699 0.062814 2.042473 0.988444 24.287405 36.142579 20.468633 12.056870 2.367894 6.272951 0.000106 0.000000 0.000000 0.000000 0.000000 0.000000 -9999.0 -9999.0 -9999.0 -9999.0 -9999.0 -9999.0 -9999.0 -9999.0 -9999.0 -9999.0 -9999.0 -9999.0 -9999.0 -9999.0 -9999.0 -9999.0 -9999.0 -9999.0 -9999.0 -9999.0 -9999.0 -9999.0 -9999.0 -9999.0 -9999.0 -9999.0 -9999.0 -9999.0
-9999.0 -9999.0 -9999.0 -9999.0 -9999.0 -9999.0 -9999.0 -9999.0 -9999.0 -9999.0 -9999.0 -9999.0 -9999.0 30.822318 7.941105 2.817776 0.123383 0.000000 3.367543 0.323782 35.261693 16.099231 24.906169 1.905789 12.823320 13.042783 19.806948 3.508990 15.422565 0.000000 0.000000 0.000000 0.000000 0.000000 0.000000 -9999.0 -9999.0 -9999.0 -9999.0 -9999.0 -9999.0 -9999.0 -9999.0 -9999.0 -9999.0 -9999.0 -9999.0 -9999.0 -9999.0 -9999.0 -9999.0 -9999.0 -9999.0 -9999.0 -9999.0 -9999.0 -9999.0 -9999.0 -9999.0 -9999.0 -9999.0 -9999.0 -9999.0
-9999.0 -9999.0 -9999.0 -9999.0 -9999.0 -9999.0 -9999.0 -9999.0 -9999.0 -9999.0 -9999.0 -9999.0 19.933626 25.542345 9.431888 27.974408 26.970972 0.433339 1.311568 36.694675 23.649914 3.476001 9.180050 1.679638 42.643861 0.000000 4.301521 7.481261 33.626800 0.000000 0.000000 13.892652 22.980704 5.279869 -9999.0 -9999.0 -9999.0 -9999.0 -9999.0 -9999.0 -9999.0 -9999.0 -9999.0 -9999.0 -9999.0 -9999.0 -9999.0 -9999.0 -9999.0 -9999.0 -9999.0 -9999.0 -9999.0 -9999.0 -9999.0 -9999.0 -9999.0 -9999.0 -9999.0 -9999.0 -9999.0 -9999.0 -9999.0
-9999.0 -9999.0 -9999.0 -9999.0 -9999.0 -9999.0 -9999.0 -9999.0 -9999.0 -9999.0 -9999.0 18.472513 41.221817 49.271828 25.391272 19.721974 23.168499 1.088200 1.124621 40.731514 0.092578 29.939508 13.088585 0.000000 15.666294 3.280728 0.000000 13.136425 70.609517 0.000000 9.196962 32.776212 23.508068 8.254701 14.607466 22.774655 9.837415 4.479770 4.572303 -9999.0 -9999.0 -9999.0 10.001061 -9999.0 -9999.0 -9999.0 -9999.0 -9999.0 -9999.0 -9999.0 -9999.0 -9999.0 -9999.0 -9999.0 -9999.0 -9999.0 -9999.0 -9999.0 -9999.0 -9999.0 -9999.0 -9999.0 -9999.0
-9999.0 -9999.0 -9999.0 -9999.0 -9999.0 -9999.0 -9999.0 -9999.0 -9999.0 -9999.0 -9999.0 18.835123 24.799246 57.094438 29.610542 4.768321 26.796060 0.054830 1.007438 2.999854 10.335925 24.034282 15.911635 9.064590 11.524358 10.067952 11.146461 24.051897 8.185833 1.674750 20.357050 71.219621 13.609213 9.430823 7.184828 15.796424 9.982499 3.711446 2.993036 9.841579 12.611336 8.100323 19.268881 8.983213 -9999.0 -9999.0 -9999.0 9.275247 9.214358 15.340939 13.950865 11.396146 11.725088 0.000000 0.000193 10.478316 -9999.0 -9999.0 -9999.0 -9999.0 -9999.0 -9999.0 -9999.0
-9999.0 -9999.0 -9999.0 -9999.0 -9999.0 -9999.0 -9999.0 -9999.0 -9999.0 -9999.0 -9999.0 26.416774 2.787636 54.068897 28.987176 21.477535 39.039042 3.571561 2.370350 1.014830 1.863209 34.143656 18.523200 15.905894 2.694594 11.022544 22.872013 59.815455 3.546565 5.984312 0.000096 63.253663 25.391447 8.378959 10.518819 11.362973 0.447863 0.000000 0.000351 8.712050 9.268679 7.060581 24.778260 17.588813 10.148448 -9999.0 0.339627 12.638372 16.321851 23.815951 27.128807 32.546363 19.814773 14.272898 14.437964 0.000527 -9999.0 -9999.0 -9999.0 -9999.0 -9999.0 -9999.0 -9999.0
-9999.0 -9999.0 -9999.0 -9999.0 -9999.0 -9999.0 -9999.0 -9999.0 -9999.0 -9999.0 -9999.0 -9999.0 5.667391 30.538254 15.336199 19.432059 28.132551 1.538194 2.778957 1.190553 1.808002 37.507161 43.484196 29.282822 11.140430 18.989342 38.220831 2.008244 12.948755 9.946378 13.429699 37.911602 17.184219 11.566528 0.000121 2.386408 0.697379 0.000000 0.000000 0.626523 2.271389 9.831711 24.161465 22.426489 15.662995 12.533134 10.064478 10.892192 17.425589 32.249649 2.324981 41.617149 107.248416 1.130564 7.493294 0.614431 0.000000 -9999.0 -9999.0 -9999.0 -9999.0 -9999.0 -9999.0
-9999.0 -9999.0 -9999.0 -9999.0 -9999.0 -9999.0 -9999.0 -9999.0 -9999.0 -9999.0 -9999.0 19.077729 0.000000 12.724329 40.692413 30.988477 39.918771 6.242272 3.922669 0.000000 0.601124 2.254305 29.905298 12.076817 16.596536 36.970898 18.566584 3.477641 11.750746 16.975605 21.748768 50.335579 25.149673 9.976151 0.000000 3.848229 0.000000 0.000081 0.000000 0.000000 0.962405 7.275046 15.954555 27.487764 22.389345 11.483513 30.592809 20.103103 17.928308 1.387875 5.556971 0.000000 0.000000 0.000000 0.000000 0.000000 10.331784 -9999.0 -9999.0 -9999.0 -9999.0 -9999.0 -9999.0
-9999.0 -9999.0 -9999.0 -9999.0 -9999.0 -9999.0 -9999.0 -9999.0 -9999.0 -9999.0 41.145460 25.298990 16.087316 12.173838 15.613733 56.893324 45.366532 20.760598 0.295581 0.001536 3.467430 34.476186 18.547066 12.891921 28.733405 45.320227 10.514979 10.933297 20.309566 20.823331 35.307784 63.513129 1.319981 0.000000 0.000000 2.951110 5.058046 7.532867 0.000194 0.001173 0.000000 1.113480 1.185280 0.012306 23.960650 15.189369 17.443733 39.200612 57.661737 1.883504 11.195473 0.000000 0.000000 0.000000 0.000000 0.000000 0.000362 -9999.0 -9999.0 -9999.0 -9999.0 -9999.0 -9999.0
-9999.0 -9999.0 -9999.0 -9999.0 -9999.0 -9999.0 -9999.0 -9999.0 -9999.0 3.283292 7.161829 28.833167 40.506764 15.459486 38.474048 29.307548 4.998677 27.621379 0.723575 0.016710 2.218263 13.969296 16.130101 1.752885 3.815507 11.184638 13.106429 15.645278 25.100724 27.789637 2.876731 9.330194 0.000000 0.000031 8.790523 8.716547 12.928713 15.556361 1.346124 14.011690 0.755073 9.135038 10.718240 0.001557 0.008470 20.570369 30.795187 16.790711 17.188414 1.841538 26.998874 10.899618 0.000000 1.622004 6.019552 10.343805 21.015519 13.545339 10.488932 -9999.0 -9999.0 -9999.0 -9999.0
-9999.0 -9999.0 -9999.0 -9999.0 -9999.0 -9999.0 -9999.0 -9999.0 -9999.0 8.354954 3.653615 7.223945 36.813543 36.414931 19.961350 12.133631 7.389623 35.650267 0.750405 1.217863 1.240018 1.414726 2.575384 26.997422 10.020560 12.578900 17.482110 23.016061 1.775280 2.112313 26.303995 13.127552 2.897908 8.108734 23.064442 12.705080 12.761996 16.609685 2.497332 0.419881 0.000000 0.000000 6.250706 14.688863 0.008259 0.107100 1.048791 22.400253 23.744690 1.579406 13.464066 11.548105 2.754187 2.682243 1.354367 0.020142 15.329489 31.670627 17.240130 -9999.0 -9999.0 -9999.0 -9999.0
-9999.0 -9999.0 -9999.0 -9999.0 -9999.0 -9999.0 -9999.0 -9999.0 -9999.0 -9999.0 6.489451 14.176378 27.391455 38.950933 42.261290 22.353655 30.035013 10.581014 0.000565 1.022275 1.758602 0.920582 17.379636 10.405635 11.223094 19.837805 2.080587 1.304204 23.735197 0.000000 0.000000 30.693158 0.000000 0.119276 29.497592 45.208867 16.763356 29.498089 10.995056 2.312184 0.000000 15.308844 57.897277 6.043547 25.994225 22.284074 6.437685 1.378300 1.409172 30.377938 24.847273 23.025450 8.897949 4.554278 0.000057 7.414969 2.821369 182.290510 46.447338 40.152176 -9999.0 -9999.0 -9999.0
-9999.0 -9999.0 -9999.0 -9999.0 -9999.0 -9999.0 -9999.0 -9999.0 -9999.0 -9999.0 10.215010 8.808714 6.518890 27.987364 2.393524 20.415832 32.787399 2.010403 0.000000 0.502755 0.399213 2.032011 20.247011 13.773575 19.157358 1.060988 0.015054 21.806526 12.322486 0.000000 0.000000 14.760877 17.775551 0.000000 0.000000 33.864684 72.786611 34.059891 20.146737 0.955337 8.573118 18.729078 0.952382 0.000000 6.169649 10.121587 20.991106 29.557244 18.528457 2.083840 43.955716 23.629542 16.337861 11.186837 6.393004 8.658994 5.368238 20.617966 70.450719 54.621362 -9999.0 -9999.0 -9999.0
-9999.0 -9999.0 -9999.0 -9999.0 -9999.0 -9999.0 -9999.0 -9999.0 25.064025 14.704215 8.842464 13.365024 20.705192 16.269678 28.498148 1.205296 1.102629 1.064630 0.236518 0.322023 0.000000 0.160390 1.012776 0.218045 1.268217 0.000000 0.856848 13.277527 11.350025 8.466667 0.000000 7.805072 3.004735 4.090737 6.355556 0.000000 3.473025 38.178919 13.871038 8.020691 5.011279 0.000066 0.000000 0.000000 10.092931 27.916169 0.000000 3.717548 14.789718 1.316882 41.399167 39.748220 18.550877 9.278386 9.696032 19.374284 13.096406 29.755410 34.647820 30.139514 -9999.0 -9999.0 -9999.0
-9999.0 -9999.0 -9999.0 -9999.0 -9999.0 -9999.0 -9999.0 -9999.0 31.028777 36.210741 17.191037 0.000000 0.682628 27.922645 16.158174 29.776988 3.160270 1.766251 0.000000 0.345276 0.468268 0.286376 1.227310 1.173200 0.000000 0.000000 2.168880 28.841404 11.990468 10.778797 8.235660 14.708573 21.950102 8.947970 13.063997 13.972625 39.127206 55.898694 19.972217 13.842429 0.000000 0.000000 0.000000 10.673060 76.882581 0.000451 3.631124 1.669143 23.378099 1.208028 2.013842 35.726900 17.046624 0.000302 23.483909 47.801319 29.589425 38.486341 39.757279 2.545342 0.906705 -9999.0 -9999.0
-9999.0 -9999.0 -9999.0 -9999.0 -9999.0 -9999.0 -9999.0 -9999.0 0.000000 74.078814 21.537182 8.890730 43.968141 1.935052 19.635542 31.492994 2.477463 2.339678 0.000000 0.798453 0.230895 0.218973 0.268315 0.223285 0.357329 0.000000 3.694997 18.127806 13.623689 21.410413 14.438043 34.761391 17.800433 19.086690 16.781740 50.070707 22.744821 4.054973 20.592775 14.727684 5.172054 7.988339 5.909739 25.515453 4.123308 10.673442 7.725969 5.372404 5.109076 24.212347 0.999380 39.474743 30.532053 20.744289 39.532620 47.995410 43.144291 41.045398 44.750331 2.088080 0.880759 -9999.0 -9999.0
-9999.0 -9999.0 -9999.0 -9999.0 -9999.0 -9999.0 -9999.0 -9999.0 3.854153 13.012783 53.875394 14.836165 17.755292 19.671789 39.803956 6.511445 0.000164 0.000000 0.946752 0.000000 0.171166 1.233058 1.711191 1.029498 2.304757 4.417649 16.803724 15.223334 15.345071 35.190934 19.481482 30.044781 36.458498 51.748583 16.807581 14.267627 17.280880 1.614767 22.309224 17.492157 8.710889 14.860576 18.526357 16.888229 9.068249 11.477755 16.289605 21.628397 12.743048 23.927149 3.674229 1.369996 33.557678 2.770649 37.699255 44.783278 51.460933 105.572859 1.401386 1.523034 4.130591 7.220953 -9999.0
-9999.0 -9999.0 -9999.0 -9999.0 -9999.0 -9999.0 -9999.0 -9999.0 9.243508 17.088572 70.696727 28.338460 43.415348 17.583132 13.708326 1.064275 1.022185 0.160621 2.343399 0.950343 0.000000 1.274440 1.569120 2.596194 5.005166 16.385115 15.845980 24.867826 28.826336 50.805457 23.269389 41.708944 64.015218 42.653884 19.556445 22.519649 29.513805 2.541107 52.330542 29.421864 16.328359 22.188162 40.582640 28.867185 14.991110 20.160933 27.915544 49.743247 21.983951 32.387939 29.784843 0.005438 1.406477 10.685920 214.528131 201.494993 1.744546 1.322514 2.085168 27.951193 28.446110 20.552946 -9999.0
-9999.0 -9999.0 15.380843 18.846716 42.141910 15.691550 58.938493 27.301226 15.131548 15.865690 29.169677 18.902655 14.177542 9.075255 2.566357 1.033003 16.920356 12.870338 13.035171 15.358422 1.196818 0.000000 2.139198 61.581931 2.592308 3.005942 11.452271 10.884028 0.715179 12.269986 23.955264 25.607683 14.320485 7.298540 16.611022 29.702272 27.052630 1.896198 45.444875 36.214852 37.876861 42.688766 52.941779 39.254010 20.988021 30.591271 38.513830 15.929166 14.857850 1.213903 0.038115 0.000000 0.000000 0.000433 1.533401 1.329991 0.000000 1.229176 32.374331 35.635843 35.167305 53.469821 -9999.0
-9999.0 22.960986 34.941359 27.243347 15.726297 40.713772 45.268239 13.175931 11.645140 11.033736 16.442615 30.617013 4.386258 5.523192 1.386775 31.619243 19.297626 9.170953 15.619647 18.418808 1.290651 0.000000 96.016907 1.875436 1.381193 1.212401 1.617748 1.163031 0.000000 0.746490 0.924091 1.704058 0.685041 0.432168 0.466205 1.705814 2.033378 1.004361 6.330183 7.152141 9.711928 5.981234 9.644273 1.036007 0.003297 0.009832 0.730893 0.001858 0.001609 34.814370 1.232879 1.192291 0.000000 4.060955 0.677349 4.551335 3.444434 16.412360 23.898975 47.738357 41.017257 52.820611 -9999.0
-9999.0 36.471210 57.764117 51.225041 29.123425 52.742433 18.612493 16.318448 14.711083 13.238420 14.783604 33.307527 7.551359 1.466201 37.916520 20.325518 6.137561 12.236282 42.622308 8.896767 6.574464 0.735593 0.000000 73.555452 1.756217 1.653941 0.000000 0.661952 0.434715 0.000000 0.000000 0.000000 0.000000 0.000000 0.054742 0.000000 0.345428 0.517363 0.000144 0.000220 0.000514 0.000127 0.000418 0.000000 0.000000 0.000000 0.000000 0.000000 1.417810 1.250639 0.001194 0.759798 1.122965 44.322359 31.067289 3.430490 38.067242 39.778068 39.573608 30.242294 31.235511 -9999.0 -9999.0
