user2019/resources/simulation/Vinschgau/output-maps/hsupN0668.asc
ncols         63
nrows         48
xllcorner     598000.000000
yllcorner     5145000.000000
cellsize      1000.000000
NODATA_value  -9999.0
[rows 0 to 27 of 48, columns 0 to 62 of 63]
-9999.0 -9999.0 -9999.0 -9999.0 -9999.0 -9999.0 -9999.0 -9999.0 -9999.0 -9999.0 -9999.0 -9999.0 -9999.0 -9999.0 -9999.0 -9999.0 -9999.0 -9999.0 -9999.0 -9999.0 -9999.0 -9999.0 -9999.0 -9999.0 -9999.0 -9999.0 -9999.0 -9999.0 -9999.0 -9999.0 -9999.0 -9999.0 -9999.0 -9999.0 -9999.0 -9999.0 -9999.0 -9999.0 -9999.0 -9999.0 -9999.0 -9999.0 -9999.0 -9999.0 -9999.0 -9999.0 -9999.0 -9999.0 -9999.0 -9999.0 -9999.0 -9999.0 -9999.0 -9999.0 -9999.0 -9999.0 -9999.0 -9999.0 -9999.0 -9999.0 -9999.0 -9999.0 -9999.0
-9999.0 -9999.0 -9999.0 -9999.0 -9999.0 -9999.0 -9999.0 -9999.0 -9999.0 -9999.0 -9999.0 -9999.0 -9999.0 -9999.0 -9999.0 -9999.0 -9999.0 -9999.0 -9999.0 -9999.0 -9999.0 -9999.0 -9999.0 -9999.0 -9999.0 -9999.0 -9999.0 7.454538 6.334351 19.873607 17.661254 10.935686 636.958227 -9999.0 -9999.0 -9999.0 -9999.0 -9999.0 -9999.0 -9999.0 -9999.0 -9999.0 -9999.0 -9999.0 -9999.0 -9999.0 -9999.0 -9999.0 -9999.0 -9999.0 -9999.0 -9999.0 -9999.0 -9999.0 -9999.0 -9999.0 -9999.0 -9999.0 -9999.0 -9999.0 -9999.0 -9999.0 -9999.0
-9999.0 -9999.0 -9999.0 -9999.0 -9999.0 -9999.0 -9999.0 -9999.0 -9999.0 -9999.0 -9999.0 -9999.0 -9999.0 -9999.0 -9999.0 -9999.0 -9999.0 -9999.0 -9999.0 -9999.0 -9999.0 -9999.0 -9999.0 -9999.0 6.735872 4.765346 4.381992 3.406410 20.617589 35.358614 7.192520 -9999.0 -9999.0 -9999.0 -9999.0 -9999.0 -9999.0 -9999.0 -9999.0 -9999.0 -9999.0 -9999.0 -9999.0 -9999.0 -9999.0 -9999.0 -9999.0 -9999.0 -9999.0 -9999.0 -9999.0 -9999.0 -9999.0 -9999.0 -9999.0 -9999.0 -9999.0 -9999.0 -9999.0 -9999.0 -9999.0 -9999.0 -9999.0
-9999.0 -9999.0 -9999.0 -9999.0 -9999.0 -9999.0 -9999.0 -9999.0 -9999.0 -9999.0 -9999.0 -9999.0 -9999.0 -9999.0 -9999.0 -9999.0 -9999.0 -9999.0 -9999.0 -9999.0 -9999.0 -9999.0 -9999.0 5.270316 7.434162 0.000100 0.000000 0.000000 0.002638 1.251742 4.606475 7.814771 -9999.0 -9999.0 -9999.0 -9999.0 -9999.0 -9999.0 -9999.0 -9999.0 -9999.0 -9999.0 -9999.0 -9999.0 -9999.0 -9999.0 -9999.0 -9999.0 -9999.0 -9999.0 -9999.0 -9999.0 -9999.0 -9999.0 -9999.0 -9999.0 -9999.0 -9999.0 -9999.0 -9999.0 -9999.0 -9999.0 -9999.0
-9999.0 -9999.0 -9999.0 -9999.0 -9999.0 -9999.0 -9999.0 -9999.0 -9999.0 -9999.0 -9999.0 -9999.0 -9999.0 -9999.0 -9999.0 -9999.0 -9999.0 -9999.0 10.715576 5.013273 -9999.0 8.153138 8.809388 0.000286 0.000195 0.000000 0.000000 0.000391 0.000000 0.000093 5.753641 8.365155 8.663582 8.059513 -9999.0 -9999.0 -9999.0 -9999.0 -9999.0 -9999.0 -9999.0 -9999.0 -9999.0 -9999.0 -9999.0 -9999.0 -9999.0 -9999.0 -9999.0 -9999.0 -9999.0 -9999.0 -9999.0 -9999.0 -9999.0 -9999.0 -9999.0 -9999.0 -9999.0 -9999.0 -9999.0 -9999.0 -9999.0
-9999.0 -9999.0 -9999.0 -9999.0 -9999.0 -9999.0 -9999.0 -9999.0 -9999.0 -9999.0 -9999.0 -9999.0 -9999.0 -9999.0 -9999.0 -9999.0 -9999.0 0.000000 0.518193 10.038500 7.069243 0.000333 0.000228 0.000000 0.000000 0.000261 0.000358 8.967842 0.000204 0.004729 25.157973 30.013494 61.273555 15.959944 14.525855 19.120903 -9999.0 -9999.0 -9999.0 -9999.0 -9999.0 -9999.0 -9999.0 -9999.0 -9999.0 -9999.0 -9999.0 -9999.0 -9999.0 -9999.0 -9999.0 -9999.0 -9999.0 -9999.0 -9999.0 -9999.0 -9999.0 -9999.0 -9999.0 -9999.0 -9999.0 -9999.0 -9999.0
-9999.0 -9999.0 -9999.0 -9999.0 -9999.0 -9999.0 -9999.0 -9999.0 -9999.0 -9999.0 -9999.0 -9999.0 -9999.0 9.243200 0.772479 0.000000 0.000000 0.000090 0.000000 0.000194 0.000195 0.000000 0.000000 0.000000 0.000250 8.034529 7.680963 22.009617 0.000348 0.000449 7657.321292 66.676507 43.188886 56.726799 43.791986 11.485410 -9999.0 -9999.0 -9999.0 -9999.0 -9999.0 -9999.0 -9999.0 -9999.0 -9999.0 -9999.0 -9999.0 -9999.0 -9999.0 -9999.0 -9999.0 -9999.0 -9999.0 -9999.0 -9999.0 -9999.0 -9999.0 -9999.0 -9999.0 -9999.0 -9999.0 -9999.0 -9999.0
-9999.0 -9999.0 -9999.0 -9999.0 -9999.0 -9999.0 -9999.0 -9999.0 -9999.0 -9999.0 -9999.0 -9999.0 -9999.0 9.577378 0.000394 0.000000 0.000000 7.239636 0.000090 0.000000 0.000261 0.000277 0.002744 0.000000 0.000185 7.437097 4.635285 19.981067 9.109833 10.214334 29.241000 17.241389 19.177432 12.963030 27.844832 -9999.0 -9999.0 -9999.0 -9999.0 -9999.0 -9999.0 -9999.0 -9999.0 -9999.0 -9999.0 -9999.0 -9999.0 -9999.0 -9999.0 -9999.0 -9999.0 -9999.0 -9999.0 -9999.0 -9999.0 -9999.0 -9999.0 -9999.0 -9999.0 -9999.0 -9999.0 -9999.0 -9999.0
-9999.0 -9999.0 -9999.0 -9999.0 -9999.0 -9999.0 -9999.0 -9999.0 -9999.0 -9999.0 -9999.0 -9999.0 -9999.0 0.000276 421.858616 0.000000 0.000000 0.000000 0.000000 0.000345 8.784241 7.612429 18.685878 0.000000 0.000594 13.464868 15.193411 9.584874 7.102579 9.601568 26.928097 11.677820 12.585120 12.739219 23.001389 -9999.0 -9999.0 -9999.0 -9999.0 -9999.0 -9999.0 -9999.0 -9999.0 -9999.0 -9999.0 -9999.0 -9999.0 -9999.0 -9999.0 -9999.0 -9999.0 -9999.0 -9999.0 -9999.0 -9999.0 -9999.0 -9999.0 -9999.0 -9999.0 -9999.0 -9999.0 -9999.0 -9999.0
-9999.0 -9999.0 -9999.0 -9999.0 -9999.0 -9999.0 -9999.0 -9999.0 -9999.0 -9999.0 -9999.0 -9999.0 0.000000 4929.412031 0.000126 4.328147 3.379561 0.000000 0.000325 14.063448 0.000000 0.000000 16.945493 4.460206 2881.946557 9.036241 875.785691 7.613855 41.544616 22.959533 9.259268 12.128626 29.340733 9.956637 -9999.0 -9999.0 -9999.0 -9999.0 -9999.0 -9999.0 -9999.0 -9999.0 -9999.0 -9999.0 -9999.0 -9999.0 -9999.0 -9999.0 -9999.0 -9999.0 -9999.0 -9999.0 -9999.0 -9999.0 -9999.0 -9999.0 -9999.0 -9999.0 -9999.0 -9999.0 -9999.0 -9999.0 -9999.0
-9999.0 -9999.0 -9999.0 -9999.0 -9999.0 -9999.0 -9999.0 -9999.0 -9999.0 -9999.0 -9999.0 21.969519 29.601296 329.473027 6.175977 12.284621 10.489311 0.000575 0.596219 134.940039 10.945879 13.322368 14.016023 9.007804 53.901531 22.476604 9.461750 12.122674 2898.277896 10.450207 10.288704 41.329111 30.483587 9.404809 14.319140 21.423682 0.000000 0.000000 0.000000 -9999.0 -9999.0 -9999.0 8.788505 -9999.0 -9999.0 -9999.0 -9999.0 -9999.0 -9999.0 -9999.0 -9999.0 -9999.0 -9999.0 -9999.0 -9999.0 -9999.0 -9999.0 -9999.0 -9999.0 -9999.0 -9999.0 -9999.0 -9999.0
-9999.0 -9999.0 -9999.0 -9999.0 -9999.0 -9999.0 -9999.0 -9999.0 -9999.0 -9999.0 -9999.0 22.004749 18.060352 59.285026 9.323967 8.504071 0.295756 0.000000 0.177182 21.587818 17.691500 13.342338 16.324022 9.667884 32.746359 13.096056 7.859107 27.073729 43.878182 10.251981 19.975638 138.436198 8.015020 14.707189 4.198722 8.974831 0.000292 0.000000 0.000000 3.019330 6.358166 6.967491 13.697434 7.783683 -9999.0 -9999.0 -9999.0 9.734223 11.753645 18.869617 15.672581 12.785576 15.688454 11.141799 22.687196 17.407368 -9999.0 -9999.0 -9999.0 -9999.0 -9999.0 -9999.0 -9999.0
-9999.0 -9999.0 -9999.0 -9999.0 -9999.0 -9999.0 -9999.0 -9999.0 -9999.0 -9999.0 -9999.0 33.533172 9.629453 66.180772 15.904468 11.459033 17.103005 20.838588 26.829570 0.868791 22.675819 16.501613 9.804741 12.083977 12.482660 8.033324 14.463825 2930.623073 14.576195 11.558518 11.337440 162.212128 17.729921 9.353896 9.102903 0.000650 0.000000 0.000000 0.000000 0.000000 0.000145 0.000155 9.012220 7.942538 7.624088 -9999.0 10.586754 18.355599 19.230739 23.403216 21.884370 29.185235 20.027319 18.575679 31.742703 20.893375 -9999.0 -9999.0 -9999.0 -9999.0 -9999.0 -9999.0 -9999.0
-9999.0 -9999.0 -9999.0 -9999.0 -9999.0 -9999.0 -9999.0 -9999.0 -9999.0 -9999.0 -9999.0 -9999.0 26.535976 34.911063 6.381949 9.149577 9.517609 7.669858 54.724183 0.988320 17.722302 22.155869 29.247437 21.923918 9.214948 11.158041 1951.673537 17.556446 17.354784 9.959855 10.265143 83.235897 12.253558 11.721872 11.249840 0.000607 0.000000 0.000000 0.000000 0.000000 0.000000 2.015153 0.000487 8.163736 8.376934 8.900413 10.057942 12.781036 22.604061 26.893474 4.811610 164.319091 797.834164 127.487666 75.967471 36.777136 18.516536 -9999.0 -9999.0 -9999.0 -9999.0 -9999.0 -9999.0
-9999.0 -9999.0 -9999.0 -9999.0 -9999.0 -9999.0 -9999.0 -9999.0 -9999.0 -9999.0 -9999.0 17.641156 9.187580 15.984496 54.353876 25.309098 22.978712 23.400478 30.959980 0.883623 26.509037 30.700773 35.880711 7.264630 9.414602 35.914021 20.318765 10.508220 6.720774 11.813763 14.853659 111.368643 28.086007 13.132068 8.125508 5.830980 0.000034 0.000000 0.000000 0.000000 0.000000 0.000000 0.000576 12.372670 8.298758 7.758751 26.377010 14.488300 15.218707 0.997176 17.131225 15.314640 34.908481 23.840281 20.584088 11.736595 26.032691 -9999.0 -9999.0 -9999.0 -9999.0 -9999.0 -9999.0
-9999.0 -9999.0 -9999.0 -9999.0 -9999.0 -9999.0 -9999.0 -9999.0 -9999.0 -9999.0 1780.331450 20.804371 8.869895 7.956921 8.443532 1583.141048 1567.113294 5.396611 0.000105 0.863846 39.029409 40.140721 7.599508 6.590946 14.967248 2241.979960 14.064854 11.121193 10.501618 10.745336 95.309800 414.812735 20.267840 16.856832 8.166427 9.950042 0.000433 0.000000 0.000000 0.000000 0.000000 0.000000 0.000000 0.001138 7.994557 7.719378 11.171271 24.403279 36.168720 0.999706 13.419356 16.502086 25.056431 14.648548 14.533133 23.741368 33.533238 -9999.0 -9999.0 -9999.0 -9999.0 -9999.0 -9999.0
-9999.0 -9999.0 -9999.0 -9999.0 -9999.0 -9999.0 -9999.0 -9999.0 -9999.0 15.267397 24.009127 44.012694 41.237205 7.175805 37.795482 32.026756 8.098033 8.484234 3.924887 0.004173 27.945828 0.000066 8.717237 0.001138 0.995159 12.478070 4.932281 9.448174 14.412251 16.927688 3.008563 17.665716 16.283778 10.129601 9.027817 12.908409 28.651943 0.003046 0.000153 0.003261 0.002030 0.000153 0.000000 0.000000 0.000365 5.377083 8.563155 2.203630 4.190733 0.992172 28.551325 22.276846 13.613382 10.272700 15.779074 47.990449 100.631732 11.269770 10.480779 -9999.0 -9999.0 -9999.0 -9999.0
-9999.0 -9999.0 -9999.0 -9999.0 -9999.0 -9999.0 -9999.0 -9999.0 -9999.0 79.815620 21.851426 16.350464 4198.628097 8.931529 6.004977 5.346702 9.304842 10.357639 4.941450 0.000000 0.708541 0.000268 0.920588 16.402801 12.258887 4.690613 8.246454 10.688526 0.640020 0.996774 22.520462 19.643625 24.409883 9.480704 17.577209 6.883147 6.729911 7.890388 6.673315 22.761223 17.067193 6.666550 0.000127 0.000459 0.001881 0.000818 0.001099 0.000000 0.000000 0.422477 12.851547 11.216224 11.256559 17.136399 61.366906 34.301345 91.140058 68.273701 10.087404 -9999.0 -9999.0 -9999.0 -9999.0
-9999.0 -9999.0 -9999.0 -9999.0 -9999.0 -9999.0 -9999.0 -9999.0 -9999.0 -9999.0 11.511422 26.650882 25.752018 1927.299936 7.596147 5.083225 9.725176 13.234718 5.070637 0.000934 16.417141 10.159464 10.375193 12.967486 4.769069 8.088157 10.266725 0.923056 19.982232 15.761379 15.922441 4228.455154 12.416322 15.429023 29.228179 44.358959 4.003904 12.118195 6.904488 23.503029 9.080222 8.026168 4157.860434 9.822520 15.901386 11.690078 13.659330 0.802916 0.001763 10.456913 17.183390 22.442565 14.541307 13.188026 14.095228 19.854750 45.134698 14000.920397 100.303438 3.995656 -9999.0 -9999.0 -9999.0
-9999.0 -9999.0 -9999.0 -9999.0 -9999.0 -9999.0 -9999.0 -9999.0 -9999.0 -9999.0 20.641647 17.245355 13.393150 23.247874 0.665287 0.000121 6.142705 0.000604 0.000042 0.000000 0.000000 0.713592 5.222274 3.295729 7.777250 10.045270 0.888691 23.476719 21.150524 11.403645 14.834077 47.214493 26.668041 11.558028 11.075168 46.347870 3029.730945 20.797117 16.389494 11.440438 15.396919 70.497849 46.044010 9.862753 12.094213 12.637184 14.463439 14.861770 25.322385 0.987354 24.530350 19.911474 19.422863 17.509739 8.211160 8.343323 10.477890 13.055302 247.764841 126.410507 -9999.0 -9999.0 -9999.0
-9999.0 -9999.0 -9999.0 -9999.0 -9999.0 -9999.0 -9999.0 -9999.0 16.318376 8.692205 7.568056 27.185437 196.882427 29.622425 20.340574 0.004160 0.000146 0.000000 0.000000 0.000000 0.000000 0.000000 0.000091 0.000000 0.000206 0.706763 22.282633 18.846038 25.766584 23.560846 10.772717 21.946284 14.713149 8.572744 28.580020 9.588912 9.583036 28.741372 11.281247 7.514956 16.593693 35.509017 15.881598 9.146870 8.048649 1908.888168 10.993166 14.171134 16.039080 0.870147 22.854118 26.333986 20.976267 14.687242 8.220882 10.028290 8.797134 6.358161 4.416846 131.991046 -9999.0 -9999.0 -9999.0
-9999.0 -9999.0 -9999.0 -9999.0 -9999.0 -9999.0 -9999.0 -9999.0 2036.786753 27.683922 13.125440 9.702288 10.760527 1719.074059 9.162653 10.203277 1.467461 0.000000 0.000000 0.000000 0.000000 0.000000 0.000000 0.000000 0.000000 0.876949 27.629631 26.524962 17.952140 14.810092 9.677874 9.073868 33.803187 9.344472 24.444953 13.258294 35.383765 46.361523 14.875471 10.622219 11.465527 13.005996 12.267410 11.900604 2237.110825 20.810862 11.529783 11.471851 15.838809 16.780556 0.990598 18.480928 16.924713 8.079203 6.990508 21.134118 6.909463 6.916614 4.416499 5.762779 0.000034 -9999.0 -9999.0
-9999.0 -9999.0 -9999.0 -9999.0 -9999.0 -9999.0 -9999.0 -9999.0 14.961528 2826.349281 11.945706 9.528921 118.383623 10.928915 8.035074 7.624274 0.000211 0.000000 0.000000 0.000000 0.000000 0.000000 0.000000 0.000000 0.001305 14.964410 16.571621 14.704301 10.512739 15.191539 10.012412 28.987213 19.235490 14.795175 21.305988 66.885688 29.790941 2.119291 21.088390 19.375833 16.502562 10.408357 14.563785 2170.227806 17.365449 14.864480 6.811591 7.140505 10.556306 11.583244 0.653945 16.912462 13.079975 8.762683 9.474681 17.254951 11.521670 3.335149 0.000000 0.000030 0.000000 -9999.0 -9999.0
-9999.0 -9999.0 -9999.0 -9999.0 -9999.0 -9999.0 -9999.0 -9999.0 13.054230 17.297523 55.293105 10.887851 20.072242 13.490476 15.083621 10.080821 0.116525 0.000369 0.000192 0.000000 0.000000 0.000000 0.000000 0.000000 0.000318 8.763744 11.664737 9.954028 7.214319 23.849256 11.464173 24.164050 26.188831 42.304039 16.760639 3.957365 5.507379 0.915110 18.413607 14.921969 7.022094 10.330341 14.441400 7.919274 4.842523 7.448177 9.055240 11.264903 2.950943 3.048815 0.025772 0.002109 6.306585 0.000358 1.141090 11.870554 7.225203 0.000095 0.000000 0.000000 0.000000 0.000000 -9999.0
-9999.0 -9999.0 -9999.0 -9999.0 -9999.0 -9999.0 -9999.0 -9999.0 8.407332 18.785687 4157.438257 10.916030 22.866929 19.962077 14.228316 20.401040 0.994373 9.063416 6.562698 0.000420 0.000000 0.000000 0.000000 0.000000 0.000000 0.000091 5.383858 9.267758 10.886787 35.792636 10.832865 22.688270 50.905938 28.489957 12.374105 10.937024 9.748932 0.949003 26.282944 14.774195 7.598231 13.362930 24.084332 12.500877 6.742703 6.856266 10.525645 21.461868 2.628811 0.968527 0.000000 0.000000 0.000144 0.000000 41.997436 44.405190 0.000464 0.000000 0.000000 0.000000 0.000000 0.000000 -9999.0
-9999.0 -9999.0 8.374459 11.783464 864.589393 7.753236 91.865698 24.442999 12.287804 17.593282 22.182707 106.556536 38.022698 31.659869 0.789250 0.998774 15.546229 11.890153 9.702137 8.673521 0.000296 0.004159 0.000000 0.000000 0.000000 0.000000 0.000093 6.442835 27.812779 26.112374 6.637925 13.777229 170.498956 19.192485 18.278512 9.105542 10.421933 0.946025 19.853177 11.051696 8.728128 13.473488 30.217310 14.094801 7.828476 7.495744 11.381198 15.644037 7.530596 0.000212 0.000000 0.000000 0.001618 0.874741 0.002002 0.000353 5.339881 0.000000 0.984120 0.000000 0.781428 0.000000 -9999.0
-9999.0 10.087195 19.059908 14.139009 5.527862 61.182714 88.936603 16.935415 14.389012 14.545898 17.267629 17.775151 43.473296 66.548521 0.998633 18.360629 15.333897 9.418566 6.172821 8.847264 0.000333 30.428432 0.014085 0.000000 0.000000 0.000000 0.000000 0.000157 33.096055 18.793329 0.000169 0.001020 47.403089 46.217056 14.703635 8.354269 10.961345 0.000779 15.035801 2.175507 2.573071 18.313371 30.460474 5.454136 0.000237 0.000231 0.000660 0.001781 0.000263 0.000000 0.000000 0.001653 21.509452 34.859701 18.742270 3.714337 7.869572 1.639562 7.219710 4.496193 0.000000 0.000000 -9999.0
-9999.0 31.485444 42.191657 32.437764 5.076074 70.080655 9.156831 7.375554 7.260104 7.398645 8.671838 9.556684 24.544702 0.999182 22.948308 17.466866 13.359263 7.451714 26.901192 45.142085 61.733763 45.002108 48.411125 0.008224 0.000000 0.000000 0.000000 0.000000 0.011487 0.002784 0.000000 0.000000 44.770089 43.721785 29.160470 0.004816 0.000563 0.000237 12.482711 0.000000 0.001300 33.856331 28.507779 0.000103 0.000000 0.000000 0.000000 0.000000 0.000704 0.758652 0.026155 0.000924 0.000660 43.932895 9.187791 8.293693 17.353338 9.155815 7.410483 2.830919 2.066093 -9999.0 -9999.0
