user2019/resources/simulation/Vinschgau/output-maps/hsupN0242.asc
ncols         63
nrows         48
xllcorner     598000.000000
yllcorner     5145000.000000
cellsize      1000.000000
NODATA_value  -9999.0
[rows 0 to 28 of 48, columns 0 to 62 of 63]
-9999.0 -9999.0 -9999.0 -9999.0 -9999.0 -9999.0 -9999.0 -9999.0 -9999.0 -9999.0 -9999.0 -9999.0 -9999.0 -9999.0 -9999.0 -9999.0 -9999.0 -9999.0 -9999.0 -9999.0 -9999.0 -9999.0 -9999.0 -9999.0 -9999.0 -9999.0 -9999.0 -9999.0 -9999.0 -9999.0 -9999.0 -9999.0 -9999.0 -9999.0 -9999.0 -9999.0 -9999.0 -9999.0 -9999.0 -9999.0 -9999.0 -9999.0 -9999.0 -9999.0 -9999.0 -9999.0 -9999.0 -9999.0 -9999.0 -9999.0 -9999.0 -9999.0 -9999.0 -9999.0 -9999.0 -9999.0 -9999.0 -9999.0 -9999.0 -9999.0 -9999.0 -9999.0 -9999.0
-9999.0 -9999.0 -9999.0 -9999.0 -9999.0 -9999.0 -9999.0 -9999.0 -9999.0 -9999.0 -9999.0 -9999.0 -9999.0 -9999.0 -9999.0 -9999.0 -9999.0 -9999.0 -9999.0 -9999.0 -9999.0 -9999.0 -9999.0 -9999.0 -9999.0 -9999.0 -9999.0 4.978756 4.741718 5.718215 0.000000 0.000000 0.000000 -9999.0 -9999.0 -9999.0 -9999.0 -9999.0 -9999.0 -9999.0 -9999.0 -9999.0 -9999.0 -9999.0 -9999.0 -9999.0 -9999.0 -9999.0 -9999.0 -9999.0 -9999.0 -9999.0 -9999.0 -9999.0 -9999.0 -9999.0 -9999.0 -9999.0 -9999.0 -9999.0 -9999.0 -9999.0 -9999.0
-9999.0 -9999.0 -9999.0 -9999.0 -9999.0 -9999.0 -9999.0 -9999.0 -9999.0 -9999.0 -9999.0 -9999.0 -9999.0 -9999.0 -9999.0 -9999.0 -9999.0 -9999.0 -9999.0 -9999.0 -9999.0 -9999.0 -9999.0 -9999.0 4.835452 4.776147 5.081734 4.659483 9.649591 13.270737 0.161774 -9999.0 -9999.0 -9999.0 -9999.0 -9999.0 -9999.0 -9999.0 -9999.0 -9999.0 -9999.0 -9999.0 -9999.0 -9999.0 -9999.0 -9999.0 -9999.0 -9999.0 -9999.0 -9999.0 -9999.0 -9999.0 -9999.0 -9999.0 -9999.0 -9999.0 -9999.0 -9999.0 -9999.0 -9999.0 -9999.0 -9999.0 -9999.0
-9999.0 -9999.0 -9999.0 -9999.0 -9999.0 -9999.0 -9999.0 -9999.0 -9999.0 -9999.0 -9999.0 -9999.0 -9999.0 -9999.0 -9999.0 -9999.0 -9999.0 -9999.0 -9999.0 -9999.0 -9999.0 -9999.0 -9999.0 4.751241 5.194054 18.383770 28.298705 19.148391 19.681729 4.606201 4.546217 4.655252 -9999.0 -9999.0 -9999.0 -9999.0 -9999.0 -9999.0 -9999.0 -9999.0 -9999.0 -9999.0 -9999.0 -9999.0 -9999.0 -9999.0 -9999.0 -9999.0 -9999.0 -9999.0 -9999.0 -9999.0 -9999.0 -9999.0 -9999.0 -9999.0 -9999.0 -9999.0 -9999.0 -9999.0 -9999.0 -9999.0 -9999.0
-9999.0 -9999.0 -9999.0 -9999.0 -9999.0 -9999.0 -9999.0 -9999.0 -9999.0 -9999.0 -9999.0 -9999.0 -9999.0 -9999.0 -9999.0 -9999.0 -9999.0 -9999.0 26.217064 13.839835 -9999.0 4.812162 4.848854 15.804845 21.428525 0.998755 0.997858 0.999452 0.999368 10.519983 4.731255 4.687490 4.984414 4.971914 -9999.0 -9999.0 -9999.0 -9999.0 -9999.0 -9999.0 -9999.0 -9999.0 -9999.0 -9999.0 -9999.0 -9999.0 -9999.0 -9999.0 -9999.0 -9999.0 -9999.0 -9999.0 -9999.0 -9999.0 -9999.0 -9999.0 -9999.0 -9999.0 -9999.0 -9999.0 -9999.0 -9999.0 -9999.0
-9999.0 -9999.0 -9999.0 -9999.0 -9999.0 -9999.0 -9999.0 -9999.0 -9999.0 -9999.0 -9999.0 -9999.0 -9999.0 -9999.0 -9999.0 -9999.0 -9999.0 13.256258 27.189689 18.261422 4.987437 11.205850 12.261980 21.615484 0.995667 4.651732 0.000000 0.000000 4.623487 0.998165 10.847512 7.179008 12.646684 4.995441 4.961801 0.000000 -9999.0 -9999.0 -9999.0 -9999.0 -9999.0 -9999.0 -9999.0 -9999.0 -9999.0 -9999.0 -9999.0 -9999.0 -9999.0 -9999.0 -9999.0 -9999.0 -9999.0 -9999.0 -9999.0 -9999.0 -9999.0 -9999.0 -9999.0 -9999.0 -9999.0 -9999.0 -9999.0
-9999.0 -9999.0 -9999.0 -9999.0 -9999.0 -9999.0 -9999.0 -9999.0 -9999.0 -9999.0 -9999.0 -9999.0 -9999.0 4.774363 8.893906 24.793977 27.163471 0.998687 19.543496 16.467980 25.129619 21.400496 28.616243 0.999819 4.999965 0.000000 4.954872 0.000000 0.000000 0.000000 150.924167 9.895187 4.999987 5.860604 3.105840 0.000000 -9999.0 -9999.0 -9999.0 -9999.0 -9999.0 -9999.0 -9999.0 -9999.0 -9999.0 -9999.0 -9999.0 -9999.0 -9999.0 -9999.0 -9999.0 -9999.0 -9999.0 -9999.0 -9999.0 -9999.0 -9999.0 -9999.0 -9999.0 -9999.0 -9999.0 -9999.0 -9999.0
-9999.0 -9999.0 -9999.0 -9999.0 -9999.0 -9999.0 -9999.0 -9999.0 -9999.0 -9999.0 -9999.0 -9999.0 -9999.0 4.896745 16.151046 17.005219 5.209625 25.020317 0.999373 22.559335 0.999309 0.998201 0.998542 7.928414 9.352776 5.878078 4.568662 4.107416 4.974445 0.000000 0.000000 0.000000 0.000000 0.000000 0.000000 -9999.0 -9999.0 -9999.0 -9999.0 -9999.0 -9999.0 -9999.0 -9999.0 -9999.0 -9999.0 -9999.0 -9999.0 -9999.0 -9999.0 -9999.0 -9999.0 -9999.0 -9999.0 -9999.0 -9999.0 -9999.0 -9999.0 -9999.0 -9999.0 -9999.0 -9999.0 -9999.0 -9999.0
-9999.0 -9999.0 -9999.0 -9999.0 -9999.0 -9999.0 -9999.0 -9999.0 -9999.0 -9999.0 -9999.0 -9999.0 -9999.0 11.580518 97.177828 4.965056 5.527939 11.879041 1.015188 0.999348 4.898453 4.955498 5.340893 3.765080 5.678270 5.528829 4.997716 4.927938 4.609420 0.000000 0.000000 0.000000 0.000000 0.000000 0.000000 -9999.0 -9999.0 -9999.0 -9999.0 -9999.0 -9999.0 -9999.0 -9999.0 -9999.0 -9999.0 -9999.0 -9999.0 -9999.0 -9999.0 -9999.0 -9999.0 -9999.0 -9999.0 -9999.0 -9999.0 -9999.0 -9999.0 -9999.0 -9999.0 -9999.0 -9999.0 -9999.0 -9999.0
-9999.0 -9999.0 -9999.0 -9999.0 -9999.0 -9999.0 -9999.0 -9999.0 -9999.0 -9999.0 -9999.0 -9999.0 5.740150 357.443683 5.098192 4.704569 4.947087 11.162204 0.984911 28.888002 4.784578 3.123185 4.842334 1.408055 61.580255 0.000000 7.907669 4.628849 7.539706 0.000000 0.000000 4.976547 5.918674 4.929502 -9999.0 -9999.0 -9999.0 -9999.0 -9999.0 -9999.0 -9999.0 -9999.0 -9999.0 -9999.0 -9999.0 -9999.0 -9999.0 -9999.0 -9999.0 -9999.0 -9999.0 -9999.0 -9999.0 -9999.0 -9999.0 -9999.0 -9999.0 -9999.0 -9999.0 -9999.0 -9999.0 -9999.0 -9999.0
-9999.0 -9999.0 -9999.0 -9999.0 -9999.0 -9999.0 -9999.0 -9999.0 -9999.0 -9999.0 -9999.0 6.282673 9.697124 37.953897 4.961915 4.761263 4.970433 7.918999 0.980434 126.824974 22.464115 25.266810 4.843624 0.000000 8.525515 4.706351 0.000000 4.717411 103.092212 0.000000 4.962356 9.517767 7.141401 4.964487 4.998385 8.362532 3.892179 4.023850 9.684397 -9999.0 -9999.0 -9999.0 4.985771 -9999.0 -9999.0 -9999.0 -9999.0 -9999.0 -9999.0 -9999.0 -9999.0 -9999.0 -9999.0 -9999.0 -9999.0 -9999.0 -9999.0 -9999.0 -9999.0 -9999.0 -9999.0 -9999.0 -9999.0
-9999.0 -9999.0 -9999.0 -9999.0 -9999.0 -9999.0 -9999.0 -9999.0 -9999.0 -9999.0 -9999.0 6.247026 5.946584 12.100152 4.999997 4.364405 5.704366 14.404531 0.990997 36.852690 27.039575 11.648777 4.999989 4.695301 6.165939 4.647554 4.620787 5.225436 5.930460 1.567165 4.848029 19.681562 4.646131 4.647440 4.069487 5.888777 4.481375 0.000000 0.000000 4.991515 4.990916 4.968971 5.204934 4.971080 -9999.0 -9999.0 -9999.0 4.959097 4.861716 4.989900 4.938695 4.979269 4.980602 0.000000 0.316910 4.988228 -9999.0 -9999.0 -9999.0 -9999.0 -9999.0 -9999.0 -9999.0
-9999.0 -9999.0 -9999.0 -9999.0 -9999.0 -9999.0 -9999.0 -9999.0 -9999.0 -9999.0 -9999.0 9.340773 2.511542 11.291122 5.440866 4.715954 5.897570 12.187848 29.153442 0.998471 30.927430 12.828934 11.432948 4.789513 3.005795 4.965217 7.689821 94.219737 4.990413 4.525110 0.057129 23.225768 5.750059 4.607285 4.990679 7.412848 7.609962 0.000105 0.000000 0.000000 5.840164 3.814201 7.106018 4.556701 4.560213 -9999.0 0.157715 4.883886 4.945812 12.345767 16.092180 19.625063 14.938323 13.921389 9.727306 1.133320 -9999.0 -9999.0 -9999.0 -9999.0 -9999.0 -9999.0 -9999.0
-9999.0 -9999.0 -9999.0 -9999.0 -9999.0 -9999.0 -9999.0 -9999.0 -9999.0 -9999.0 -9999.0 -9999.0 4.777852 7.043040 9.179167 4.999998 5.000064 4.999856 46.726809 0.999754 20.172326 18.733612 26.391578 14.102301 4.619738 5.973821 99.496087 4.756404 4.771485 4.964868 4.597557 15.870082 4.867942 4.546181 0.000000 1.162837 3.950751 0.000000 0.000000 0.000000 12.670314 14.939082 24.526680 13.573413 4.980902 4.721003 4.959168 4.876948 4.965845 12.747131 0.999786 21.035330 97.163741 8.511145 6.134510 0.440908 0.000000 -9999.0 -9999.0 -9999.0 -9999.0 -9999.0 -9999.0
-9999.0 -9999.0 -9999.0 -9999.0 -9999.0 -9999.0 -9999.0 -9999.0 -9999.0 -9999.0 -9999.0 6.927421 0.000000 4.775643 21.320443 13.559382 12.109350 8.588147 28.537299 0.997254 27.337740 24.146992 19.300667 4.678448 5.042694 22.344268 4.927249 3.922672 4.606389 4.980631 7.642582 20.358079 8.239805 4.558055 0.000000 2.685065 0.000000 4.478815 0.000000 0.000256 10.434922 10.904127 30.490041 23.573192 18.832149 4.721577 7.824554 4.999952 4.999932 0.996559 4.940963 0.000000 0.000000 0.000000 0.000000 0.000000 4.998079 -9999.0 -9999.0 -9999.0 -9999.0 -9999.0 -9999.0
-9999.0 -9999.0 -9999.0 -9999.0 -9999.0 -9999.0 -9999.0 -9999.0 -9999.0 -9999.0 58.563423 8.024887 9.379621 4.754086 7.742477 144.758345 117.002174 4.751302 16.070363 0.998558 36.377064 36.665493 14.072183 16.583131 25.282188 131.671245 4.648995 4.958102 6.035882 10.738128 29.299871 60.253216 0.812351 0.000000 0.000000 3.877334 3.822203 7.251623 4.934841 0.000000 0.108570 0.999819 0.996511 26.000615 21.233548 4.980365 5.000012 21.055253 36.786132 0.997506 4.941797 0.000000 0.000000 0.000000 0.000000 0.000000 2.250856 -9999.0 -9999.0 -9999.0 -9999.0 -9999.0 -9999.0
-9999.0 -9999.0 -9999.0 -9999.0 -9999.0 -9999.0 -9999.0 -9999.0 -9999.0 2.961309 4.900259 8.796798 26.327095 5.300746 21.272511 10.766917 4.650613 11.736303 24.355423 0.998583 30.841258 18.264555 23.710414 0.998908 0.999315 5.075345 4.867584 14.639832 22.219333 26.833055 0.998634 4.508082 0.000000 0.000000 4.967903 4.988474 8.144458 6.935994 5.000035 4.999863 6.824736 4.416789 5.343165 0.999298 25.244875 20.792479 25.740204 14.127962 6.468879 0.999603 7.294523 4.986960 0.000000 1.578003 4.972446 4.977727 6.976521 5.559759 4.999008 -9999.0 -9999.0 -9999.0 -9999.0
-9999.0 -9999.0 -9999.0 -9999.0 -9999.0 -9999.0 -9999.0 -9999.0 -9999.0 7.197143 4.511755 4.697199 239.078679 20.805940 14.044594 4.999464 7.102890 17.912349 19.773781 0.001562 0.998936 0.904244 0.998611 7.461045 5.259186 9.036451 19.394940 24.604370 0.999223 0.999580 4.708888 4.472697 3.766573 4.553109 4.956490 4.961450 4.969905 4.989297 2.776911 0.000000 0.000000 0.000000 11.894811 7.206227 0.997502 0.997732 0.997520 18.976068 17.134611 0.999639 4.770965 4.801737 2.716551 2.455045 1.776531 0.580340 5.239596 21.792758 13.564860 -9999.0 -9999.0 -9999.0 -9999.0
-9999.0 -9999.0 -9999.0 -9999.0 -9999.0 -9999.0 -9999.0 -9999.0 -9999.0 -9999.0 4.712187 4.959920 4.981192 203.962177 22.780761 14.734282 16.691283 26.617818 9.901602 0.996666 40.883222 20.835430 10.944082 8.266088 6.078548 21.518942 23.878908 0.999393 4.822479 0.000000 0.000000 53.188446 0.000000 0.242917 6.786672 13.220641 8.126680 6.940198 4.964755 2.575786 0.000000 4.680706 79.532906 4.618020 4.640887 4.594388 4.812239 0.998526 0.992017 17.855601 11.428646 7.552203 4.984003 4.519335 0.000000 4.788459 4.999965 333.254437 32.843167 24.719004 -9999.0 -9999.0 -9999.0
-9999.0 -9999.0 -9999.0 -9999.0 -9999.0 -9999.0 -9999.0 -9999.0 -9999.0 -9999.0 4.868220 4.867366 4.900107 5.000057 1.133816 24.631382 18.298336 21.835587 8.712456 0.000045 4.592293 19.872664 20.153792 14.510966 19.588113 21.394224 0.996248 5.127681 4.828151 0.000000 0.000000 7.139158 4.994953 0.000000 0.000000 10.721289 247.714343 7.715782 4.759290 0.838900 4.725411 8.342002 6.253425 0.000000 4.878896 4.746738 4.850514 4.667001 0.000000 0.998407 24.313749 6.482380 4.999981 4.996437 4.965849 4.998523 4.754553 3.233435 71.937381 46.290322 -9999.0 -9999.0 -9999.0
-9999.0 -9999.0 -9999.0 -9999.0 -9999.0 -9999.0 -9999.0 -9999.0 15.775366 7.269259 4.672420 5.033501 22.129353 5.573487 5.000432 0.998569 0.998692 0.540324 0.000225 0.000000 0.000000 0.430958 12.432998 19.742098 23.497930 0.998774 18.676895 4.821041 4.857449 4.700716 0.000000 4.695720 2.596173 3.711437 4.770015 0.000000 3.193605 11.520736 4.484812 4.952119 4.940297 0.000000 0.000000 0.000000 4.997155 32.356152 0.000000 0.197627 4.668602 0.998500 23.469634 15.732294 4.971724 4.880686 4.998533 10.015418 5.000104 13.979489 20.320551 48.708229 -9999.0 -9999.0 -9999.0
-9999.0 -9999.0 -9999.0 -9999.0 -9999.0 -9999.0 -9999.0 -9999.0 66.099512 21.307494 4.718274 0.000000 0.353248 37.045247 6.531951 11.432986 20.332339 6.975039 0.000196 0.000000 0.000000 0.000000 0.000793 5.075010 0.751711 0.446906 14.923304 5.025529 4.973372 4.731065 4.716042 4.973574 7.420382 4.960325 4.924466 4.918252 10.606543 20.941239 4.746842 4.818738 0.000000 0.000000 0.000000 4.850438 86.614955 4.685540 4.136086 1.363701 4.886591 5.346727 0.997306 16.377137 4.954599 0.875938 11.221908 28.228534 18.122023 23.999317 23.762227 1.961623 0.000000 -9999.0 -9999.0
-9999.0 -9999.0 -9999.0 -9999.0 -9999.0 -9999.0 -9999.0 -9999.0 0.000000 123.148738 14.985772 4.654975 23.119675 1.824803 16.510558 16.607577 11.911177 13.596575 0.001125 0.000000 0.000000 0.000000 0.000000 0.000082 0.994736 26.849108 10.581094 5.001103 4.964441 4.812019 4.975477 9.929486 5.000001 4.959126 4.970562 31.996706 11.866408 0.999045 4.858036 4.831170 4.779409 4.967371 4.895381 33.691077 4.851764 4.837036 4.970251 4.458162 5.000053 6.417514 0.996008 19.203731 14.089022 4.737428 22.851792 30.796860 27.031733 25.168914 29.669113 64.869224 0.991638 -9999.0 -9999.0
-9999.0 -9999.0 -9999.0 -9999.0 -9999.0 -9999.0 -9999.0 -9999.0 4.640024 4.908583 39.544619 4.954304 14.134228 18.221087 24.595439 20.491383 18.202378 0.002984 0.000000 0.000000 0.000000 0.000000 0.000000 0.004626 22.511518 16.854213 7.597898 8.190142 16.020477 27.259043 6.739783 7.410872 22.749626 37.034896 4.903676 4.773660 5.186503 1.314797 11.864384 4.816576 4.833494 4.902597 6.685718 4.997250 4.909959 4.998084 7.118808 5.221894 7.308401 11.230806 6.185904 0.996693 15.208327 10.578327 24.124917 30.040948 34.804226 77.270295 0.006867 0.995831 24.192930 23.288607 -9999.0
-9999.0 -9999.0 -9999.0 -9999.0 -9999.0 -9999.0 -9999.0 -9999.0 4.734280 4.942233 212.840854 18.640401 31.218051 31.771935 29.174425 36.603515 0.998642 4.663049 3.369288 2.413820 0.000000 0.000000 0.001499 22.270422 22.779331 18.967993 13.452196 20.342490 28.669017 45.451955 6.832007 19.544524 43.040907 27.727511 13.478056 16.209913 18.540180 1.447165 31.360341 18.444758 14.550465 18.267094 31.090348 20.149822 4.727496 10.298074 15.622218 32.011149 15.652830 18.675257 18.535921 10.088690 0.986934 14.150724 128.807342 108.590412 0.996974 0.997077 27.306735 21.987866 20.624400 19.938241 -9999.0
-9999.0 -9999.0 4.784037 4.917412 50.975011 4.820815 17.585976 5.940120 4.871326 4.929257 4.999959 61.250254 36.452181 38.920758 1.658749 0.999559 4.674820 4.854324 5.968900 5.000033 4.959125 0.001619 0.000534 6.546845 18.200130 18.575775 19.612195 22.713737 46.165738 37.772638 17.071258 21.060969 117.332784 23.259899 27.373509 18.765440 22.542501 0.997499 30.689813 18.675584 25.504089 29.930360 45.202529 31.137842 16.499099 19.846797 23.112094 24.582780 19.089185 20.882268 26.049318 69.847997 0.875293 0.992464 0.999244 0.999700 15.680565 17.664331 21.103391 19.243838 19.370886 19.755600 -9999.0
-9999.0 17.216211 21.162282 15.025576 9.021339 22.239817 17.039252 4.973770 4.846090 4.823704 5.000065 12.190312 43.890417 81.759176 0.995698 4.922975 4.818784 4.798805 12.660351 17.591897 28.070744 21.368648 51.419003 0.000801 8.818095 9.907967 8.531759 11.398320 47.705752 28.809489 14.002606 16.283020 38.119993 43.446373 24.879928 22.036453 26.022564 0.964564 31.148928 16.966741 20.827913 39.468342 49.884890 23.087830 11.544657 12.928416 17.593771 18.065970 17.090990 38.557426 0.997528 0.996202 10.145845 16.149258 10.345838 10.161432 6.459213 5.711188 6.875863 5.742483 12.329179 22.223085 -9999.0
-9999.0 12.576376 32.702468 37.444330 20.948314 35.254451 11.614126 5.234246 4.811695 4.749438 7.497695 18.259250 36.358524 1.015328 5.526471 4.823858 4.780198 4.743160 29.390352 36.366443 40.187265 30.711679 22.107998 34.223284 0.000267 0.000471 0.000385 0.000817 0.996604 0.008699 0.001332 0.001898 36.401821 38.750127 28.069602 21.467703 28.117251 0.993622 33.959180 9.027932 25.942939 60.154316 47.946223 14.864917 0.001561 0.001122 0.002533 0.002393 0.547967 0.000333 6.442620 4.903621 4.958633 28.243464 4.964786 4.952296 5.761407 4.967894 4.941556 0.000000 0.000000 -9999.0 -9999.0
-9999.0 4.864699 21.059451 43.479195 1.419496 37.891591 27.985627 20.693428 14.040311 16.627715 19.950579 28.359674 0.998895 19.101113 4.953580 4.827392 4.810973 6.116289 5.000069 10.333179 8.767223 5.027779 21.771669 0.999915 0.999735 0.997586 0.991471 0.000081 0.171213 0.741423 0.000000 0.000000 0.993889 17.257971 0.952595 0.820624 0.998262 0.998109 0.996753 0.002210 0.003584 0.998889 0.997252 0.001382 0.000000 0.000507 0.000000 6.805364 5.629911 0.076812 4.865411 4.890558 4.947096 7.620220 4.922046 4.967463 4.974533 0.000000 0.000000 -9999.0 -9999.0 -9999.0 -9999.0
