user2019/resources/simulation/Vinschgau/output-maps/hsupN0298.asc
ncols         63
nrows         48
xllcorner     598000.000000
yllcorner     5145000.000000
cellsize      1000.000000
NODATA_value  -9999.0
[rows 0 to 27 of 48, columns 0 to 62 of 63]
-9999.0 -9999.0 -9999.0 -9999.0 -9999.0 -9999.0 -9999.0 -9999.0 -9999.0 -9999.0 -9999.0 -9999.0 -9999.0 -9999.0 -9999.0 -9999.0 -9999.0 -9999.0 -9999.0 -9999.0 -9999.0 -9999.0 -9999.0 -9999.0 -9999.0 -9999.0 -9999.0 -9999.0 -9999.0 -9999.0 -9999.0 -9999.0 -9999.0 -9999.0 -9999.0 -9999.0 -9999.0 -9999.0 -9999.0 -9999.0 -9999.0 -9999.0 -9999.0 -9999.0 -9999.0 -9999.0 -9999.0 -9999.0 -9999.0 -9999.0 -9999.0 -9999.0 -9999.0 -9999.0 -9999.0 -9999.0 -9999.0 -9999.0 -9999.0 -9999.0 -9999.0 -9999.0 -9999.0
-9999.0 -9999.0 -9999.0 -9999.0 -9999.0 -9999.0 -9999.0 -9999.0 -9999.0 -9999.0 -9999.0 -9999.0 -9999.0 -9999.0 -9999.0 -9999.0 -9999.0 -9999.0 -9999.0 -9999.0 -9999.0 -9999.0 -9999.0 -9999.0 -9999.0 -9999.0 -9999.0 4.972071 4.468141 4.998270 0.000000 0.000000 0.000000 -9999.0 -9999.0 -9999.0 -9999.0 -9999.0 -9999.0 -9999.0 -9999.0 -9999.0 -9999.0 -9999.0 -9999.0 -9999.0 -9999.0 -9999.0 -9999.0 -9999.0 -9999.0 -9999.0 -9999.0 -9999.0 -9999.0 -9999.0 -9999.0 -9999.0 -9999.0 -9999.0 -9999.0 -9999.0 -9999.0
-9999.0 -9999.0 -9999.0 -9999.0 -9999.0 -9999.0 -9999.0 -9999.0 -9999.0 -9999.0 -9999.0 -9999.0 -9999.0 -9999.0 -9999.0 -9999.0 -9999.0 -9999.0 -9999.0 -9999.0 -9999.0 -9999.0 -9999.0 -9999.0 4.616733 4.886566 11.982052 5.571641 12.163709 11.222811 0.000000 -9999.0 -9999.0 -9999.0 -9999.0 -9999.0 -9999.0 -9999.0 -9999.0 -9999.0 -9999.0 -9999.0 -9999.0 -9999.0 -9999.0 -9999.0 -9999.0 -9999.0 -9999.0 -9999.0 -9999.0 -9999.0 -9999.0 -9999.0 -9999.0 -9999.0 -9999.0 -9999.0 -9999.0 -9999.0 -9999.0 -9999.0 -9999.0
-9999.0 -9999.0 -9999.0 -9999.0 -9999.0 -9999.0 -9999.0 -9999.0 -9999.0 -9999.0 -9999.0 -9999.0 -9999.0 -9999.0 -9999.0 -9999.0 -9999.0 -9999.0 -9999.0 -9999.0 -9999.0 -9999.0 -9999.0 4.531741 12.740972 19.767872 32.210700 21.817063 27.152972 7.091740 4.257405 4.368334 -9999.0 -9999.0 -9999.0 -9999.0 -9999.0 -9999.0 -9999.0 -9999.0 -9999.0 -9999.0 -9999.0 -9999.0 -9999.0 -9999.0 -9999.0 -9999.0 -9999.0 -9999.0 -9999.0 -9999.0 -9999.0 -9999.0 -9999.0 -9999.0 -9999.0 -9999.0 -9999.0 -9999.0 -9999.0 -9999.0 -9999.0
-9999.0 -9999.0 -9999.0 -9999.0 -9999.0 -9999.0 -9999.0 -9999.0 -9999.0 -9999.0 -9999.0 -9999.0 -9999.0 -9999.0 -9999.0 -9999.0 -9999.0 -9999.0 26.468765 13.996714 -9999.0 4.603002 5.963772 17.488504 20.809316 0.997739 0.998703 0.999566 0.999682 17.544006 10.217627 4.395115 4.979495 4.967050 -9999.0 -9999.0 -9999.0 -9999.0 -9999.0 -9999.0 -9999.0 -9999.0 -9999.0 -9999.0 -9999.0 -9999.0 -9999.0 -9999.0 -9999.0 -9999.0 -9999.0 -9999.0 -9999.0 -9999.0 -9999.0 -9999.0 -9999.0 -9999.0 -9999.0 -9999.0 -9999.0 -9999.0 -9999.0
-9999.0 -9999.0 -9999.0 -9999.0 -9999.0 -9999.0 -9999.0 -9999.0 -9999.0 -9999.0 -9999.0 -9999.0 -9999.0 -9999.0 -9999.0 -9999.0 -9999.0 17.076249 28.244817 23.217006 8.908526 14.633761 16.453775 24.162002 0.998203 4.414860 0.000000 0.000000 4.355616 0.998955 20.912636 11.613114 25.815264 4.990933 4.955910 0.000000 -9999.0 -9999.0 -9999.0 -9999.0 -9999.0 -9999.0 -9999.0 -9999.0 -9999.0 -9999.0 -9999.0 -9999.0 -9999.0 -9999.0 -9999.0 -9999.0 -9999.0 -9999.0 -9999.0 -9999.0 -9999.0 -9999.0 -9999.0 -9999.0 -9999.0 -9999.0 -9999.0
-9999.0 -9999.0 -9999.0 -9999.0 -9999.0 -9999.0 -9999.0 -9999.0 -9999.0 -9999.0 -9999.0 -9999.0 -9999.0 4.556529 8.910434 22.077863 31.671423 0.997142 29.754630 19.383017 11.706731 10.690870 16.214126 0.998705 5.147818 0.000000 4.948111 0.000000 0.000000 0.000000 157.780528 8.300364 4.868953 4.842973 3.101036 0.000000 -9999.0 -9999.0 -9999.0 -9999.0 -9999.0 -9999.0 -9999.0 -9999.0 -9999.0 -9999.0 -9999.0 -9999.0 -9999.0 -9999.0 -9999.0 -9999.0 -9999.0 -9999.0 -9999.0 -9999.0 -9999.0 -9999.0 -9999.0 -9999.0 -9999.0 -9999.0 -9999.0
-9999.0 -9999.0 -9999.0 -9999.0 -9999.0 -9999.0 -9999.0 -9999.0 -9999.0 -9999.0 -9999.0 -9999.0 -9999.0 4.746170 17.900503 23.433791 7.570481 20.276433 0.998064 20.455634 0.977068 0.998040 0.999507 6.668348 8.270545 4.907637 4.309831 4.101912 4.969053 0.000000 0.000000 0.000000 0.000000 0.000000 0.000000 -9999.0 -9999.0 -9999.0 -9999.0 -9999.0 -9999.0 -9999.0 -9999.0 -9999.0 -9999.0 -9999.0 -9999.0 -9999.0 -9999.0 -9999.0 -9999.0 -9999.0 -9999.0 -9999.0 -9999.0 -9999.0 -9999.0 -9999.0 -9999.0 -9999.0 -9999.0 -9999.0 -9999.0
-9999.0 -9999.0 -9999.0 -9999.0 -9999.0 -9999.0 -9999.0 -9999.0 -9999.0 -9999.0 -9999.0 -9999.0 -9999.0 11.033619 166.213703 4.913298 5.581257 17.466244 0.999398 0.001751 9.253140 4.949265 4.820584 3.656005 4.903855 4.884791 4.992151 4.922425 4.334715 0.000000 0.000000 0.000000 0.000000 0.000000 0.000000 -9999.0 -9999.0 -9999.0 -9999.0 -9999.0 -9999.0 -9999.0 -9999.0 -9999.0 -9999.0 -9999.0 -9999.0 -9999.0 -9999.0 -9999.0 -9999.0 -9999.0 -9999.0 -9999.0 -9999.0 -9999.0 -9999.0 -9999.0 -9999.0 -9999.0 -9999.0 -9999.0 -9999.0
-9999.0 -9999.0 -9999.0 -9999.0 -9999.0 -9999.0 -9999.0 -9999.0 -9999.0 -9999.0 -9999.0 -9999.0 5.029549 432.472557 4.927288 4.452179 4.844920 14.355588 0.975967 14.813330 5.045132 2.860907 4.608360 1.175797 62.988069 0.000000 7.155429 4.359871 6.250591 0.000000 0.000000 4.971106 4.947774 4.924503 -9999.0 -9999.0 -9999.0 -9999.0 -9999.0 -9999.0 -9999.0 -9999.0 -9999.0 -9999.0 -9999.0 -9999.0 -9999.0 -9999.0 -9999.0 -9999.0 -9999.0 -9999.0 -9999.0 -9999.0 -9999.0 -9999.0 -9999.0 -9999.0 -9999.0 -9999.0 -9999.0 -9999.0 -9999.0
-9999.0 -9999.0 -9999.0 -9999.0 -9999.0 -9999.0 -9999.0 -9999.0 -9999.0 -9999.0 -9999.0 5.286151 8.341404 41.036318 4.775729 4.528196 4.963969 8.481234 0.999148 186.741381 26.383966 27.632788 4.644449 0.000000 7.091156 4.443571 0.000000 4.467030 103.865120 0.000000 4.956045 9.184137 5.868103 4.959887 4.993868 6.889114 6.300610 8.324226 0.000106 -9999.0 -9999.0 -9999.0 4.981066 -9999.0 -9999.0 -9999.0 -9999.0 -9999.0 -9999.0 -9999.0 -9999.0 -9999.0 -9999.0 -9999.0 -9999.0 -9999.0 -9999.0 -9999.0 -9999.0 -9999.0 -9999.0 -9999.0 -9999.0
-9999.0 -9999.0 -9999.0 -9999.0 -9999.0 -9999.0 -9999.0 -9999.0 -9999.0 -9999.0 -9999.0 5.275873 5.003968 10.258258 4.980233 4.094220 5.502007 19.411271 0.997529 24.466202 25.888692 14.922484 5.107155 4.464348 5.105153 4.367753 4.368379 4.997098 5.470141 1.561507 4.575705 18.737563 4.336534 4.281607 3.635008 7.137950 0.000298 0.000237 0.000000 4.143012 12.457626 4.963974 6.818566 4.966321 -9999.0 -9999.0 -9999.0 4.922836 4.686310 4.979835 4.854559 4.970491 4.971996 0.000000 0.310501 4.981685 -9999.0 -9999.0 -9999.0 -9999.0 -9999.0 -9999.0 -9999.0
-9999.0 -9999.0 -9999.0 -9999.0 -9999.0 -9999.0 -9999.0 -9999.0 -9999.0 -9999.0 -9999.0 8.007858 2.287002 10.291614 5.000015 4.469462 7.466940 19.609403 9.790878 0.997709 27.525119 22.835342 15.584084 4.603382 2.714973 4.959635 16.946333 97.821352 4.984400 4.220609 0.051594 19.887881 9.084421 4.224363 4.986260 8.493531 8.319786 0.000133 0.000000 0.000000 0.000965 5.997390 15.545964 8.207492 4.239032 -9999.0 0.150088 4.676110 4.813186 12.878317 19.763220 27.622102 17.318955 13.497543 8.395792 1.124206 -9999.0 -9999.0 -9999.0 -9999.0 -9999.0 -9999.0 -9999.0
-9999.0 -9999.0 -9999.0 -9999.0 -9999.0 -9999.0 -9999.0 -9999.0 -9999.0 -9999.0 -9999.0 -9999.0 4.579512 6.515169 5.353672 4.987606 7.733811 9.858746 18.797111 0.999264 26.006026 29.121413 35.595995 23.259259 4.387391 11.914100 166.403307 4.462953 4.488788 4.958560 4.324306 13.369744 4.822710 4.192773 0.000000 0.764433 4.999974 0.000056 0.000000 0.000000 0.000000 3.657658 25.467886 19.227594 4.999937 4.455661 4.951042 4.667504 4.765047 18.793377 1.022501 36.185164 156.361474 15.384388 9.398103 0.310631 0.000000 -9999.0 -9999.0 -9999.0 -9999.0 -9999.0 -9999.0
-9999.0 -9999.0 -9999.0 -9999.0 -9999.0 -9999.0 -9999.0 -9999.0 -9999.0 -9999.0 -9999.0 5.210383 0.000000 4.540644 23.943481 15.737214 16.243255 11.830448 21.136234 0.998018 27.262364 32.893939 36.757962 6.265871 10.167717 31.900372 4.767697 3.617521 4.357002 4.975242 16.076791 31.531557 20.779977 4.209643 0.000000 2.288556 0.000000 5.000945 0.137231 0.000039 5.176887 7.741000 26.188522 21.447875 20.232802 4.455475 6.519507 5.869571 4.999920 0.997538 4.932821 0.000000 0.000000 0.000000 0.000000 0.000000 4.994872 -9999.0 -9999.0 -9999.0 -9999.0 -9999.0 -9999.0
-9999.0 -9999.0 -9999.0 -9999.0 -9999.0 -9999.0 -9999.0 -9999.0 -9999.0 -9999.0 60.520032 8.573329 5.440283 4.552149 5.763130 185.979238 148.105812 4.544168 17.195117 0.998561 40.213774 45.095056 15.796831 17.366009 27.239164 197.162084 4.994884 4.953185 12.114520 14.937246 34.259642 55.391578 0.524385 0.000000 0.000000 3.888577 12.005124 7.564446 6.705628 0.000251 0.325770 0.999289 0.999335 22.172318 18.878699 7.070322 5.000026 29.886806 38.438411 0.998192 4.935105 0.000000 0.000000 0.000000 0.000000 0.000000 2.230616 -9999.0 -9999.0 -9999.0 -9999.0 -9999.0 -9999.0
-9999.0 -9999.0 -9999.0 -9999.0 -9999.0 -9999.0 -9999.0 -9999.0 -9999.0 2.726775 4.830724 8.463673 27.897015 6.540292 31.239340 16.221794 4.434284 14.805717 10.682477 0.998920 22.826709 9.018900 16.739483 0.999632 0.999388 6.840087 8.844694 17.011691 19.716098 20.127094 1.007931 4.366794 0.000000 0.000000 4.963492 4.999974 7.664508 6.047350 4.999974 5.631796 8.855751 4.441975 7.698642 0.999048 12.332758 8.306787 11.396683 16.187242 13.683156 0.998513 19.984293 4.978300 0.000000 1.569897 4.963989 4.896180 9.621211 5.397198 4.998597 -9999.0 -9999.0 -9999.0 -9999.0
-9999.0 -9999.0 -9999.0 -9999.0 -9999.0 -9999.0 -9999.0 -9999.0 -9999.0 6.772064 4.479311 4.469628 377.698614 22.083881 15.694025 5.463212 12.975733 20.343924 15.387622 0.000800 0.003119 0.320057 1.037886 16.166936 7.136198 12.081483 20.698462 20.634997 0.998442 0.999563 4.852675 6.960241 3.458746 4.252313 4.859984 7.111387 5.699202 7.381047 2.401743 0.000000 0.000000 0.000000 15.051461 17.136388 0.996340 0.000350 0.998867 14.914054 11.000444 0.997300 4.622169 4.678661 2.708558 2.264766 1.769795 0.540871 5.747555 27.974382 16.428327 -9999.0 -9999.0 -9999.0 -9999.0
-9999.0 -9999.0 -9999.0 -9999.0 -9999.0 -9999.0 -9999.0 -9999.0 -9999.0 -9999.0 4.487816 4.741507 4.792973 267.592593 24.306663 15.766293 19.923684 23.387575 13.921793 0.077389 23.663150 21.679512 9.719786 13.659140 9.541228 13.459077 21.132277 0.999058 4.623155 0.000000 0.000000 53.745019 0.000000 0.000000 4.996115 26.500922 15.114904 20.032014 4.960205 2.213037 0.000000 4.982172 92.529193 4.364790 4.379079 4.352318 8.003019 1.149823 0.001889 13.303388 18.849196 19.239814 4.977324 4.511433 0.000000 4.582268 4.999991 522.243051 19.004904 11.882437 -9999.0 -9999.0 -9999.0
-9999.0 -9999.0 -9999.0 -9999.0 -9999.0 -9999.0 -9999.0 -9999.0 -9999.0 -9999.0 4.643500 4.647726 4.715665 5.000021 0.833401 16.149296 17.638453 12.849539 0.001606 0.000000 1.135030 8.920984 13.778529 14.782567 20.638047 21.057207 0.997610 11.040864 4.605726 0.000000 0.000000 5.414662 4.989887 0.000000 0.000000 15.567376 334.674547 21.542442 4.912451 0.511721 4.474191 7.047229 5.006599 0.000000 4.777445 4.531960 4.669940 4.435467 0.000000 0.999147 23.300371 18.354903 11.326880 4.993230 4.956950 4.997392 4.539493 8.512897 33.764312 26.525710 -9999.0 -9999.0 -9999.0
-9999.0 -9999.0 -9999.0 -9999.0 -9999.0 -9999.0 -9999.0 -9999.0 20.419006 6.811211 4.460606 4.818206 19.478444 5.000017 5.372083 0.998311 0.998102 0.002807 0.000000 0.000000 0.000000 0.000759 10.845937 11.782925 15.729294 0.865250 6.110277 4.589604 4.651997 4.436547 0.000000 4.403570 2.334951 3.444190 4.533564 0.000000 2.979023 27.032651 4.243084 4.944753 4.933656 0.000000 0.000000 0.000000 4.995095 31.691848 0.000000 0.087486 4.980429 0.997300 23.677385 26.116119 14.543181 4.730091 4.997415 19.631207 13.868250 19.408503 14.596240 29.269848 -9999.0 -9999.0 -9999.0
-9999.0 -9999.0 -9999.0 -9999.0 -9999.0 -9999.0 -9999.0 -9999.0 88.673441 27.139909 4.579901 0.000000 0.119432 39.237361 9.830652 19.098915 27.559048 16.976148 0.002102 0.000000 0.000000 0.000000 0.000503 0.000658 2.038408 0.001662 11.099144 9.245830 4.967099 4.512987 4.489866 4.968241 6.223320 4.952683 4.762043 4.760429 26.788574 37.649889 6.807839 4.629318 0.000000 0.000000 0.000000 4.685507 101.172761 4.531107 4.128640 1.125112 4.999990 25.896378 0.998982 23.395000 15.203578 4.998779 18.991340 33.340904 12.811083 17.980968 15.807223 0.997145 0.000000 -9999.0 -9999.0
-9999.0 -9999.0 -9999.0 -9999.0 -9999.0 -9999.0 -9999.0 -9999.0 0.000000 157.645068 17.248839 4.441972 20.552232 1.817665 18.278521 17.037740 11.902719 7.490721 0.000229 0.000000 0.000000 0.000000 0.000000 0.000000 0.002397 17.367724 20.807320 7.378693 4.960296 4.988421 4.969895 17.296535 5.783233 9.058422 5.062602 46.242889 23.135861 1.355769 6.531173 4.650020 4.579724 4.959152 4.788743 34.221673 4.641708 4.617655 4.962115 4.406613 5.599901 17.472726 0.997743 28.128557 20.563943 16.141645 25.425217 31.300295 25.539881 20.506164 22.355248 59.651075 0.999016 -9999.0 -9999.0
-9999.0 -9999.0 -9999.0 -9999.0 -9999.0 -9999.0 -9999.0 -9999.0 4.633911 4.720805 48.634552 8.133011 16.439197 19.816857 24.840758 22.109230 15.404732 0.002108 0.000103 0.001169 0.000000 0.000000 0.000000 0.000703 11.109588 19.110460 15.821802 15.327888 16.096177 30.585231 16.041653 19.589330 17.571576 35.767561 4.892573 5.664446 12.385655 0.999172 17.630063 8.538076 4.678317 4.811586 5.451533 9.625346 4.839417 4.996466 9.631657 15.154238 11.492437 16.409521 14.557523 0.999456 24.137790 12.936832 23.687809 29.409080 34.758355 111.602474 0.966355 0.997758 34.283117 33.854927 -9999.0
-9999.0 -9999.0 -9999.0 -9999.0 -9999.0 -9999.0 -9999.0 -9999.0 4.522680 4.792748 373.300915 17.482758 22.339137 23.037161 22.083179 28.671448 0.998123 11.869241 5.199818 13.852922 0.003220 0.000000 0.000000 2.236336 6.361304 11.494567 14.437502 22.756453 23.472541 44.228906 16.459681 25.073798 45.869680 29.368963 17.094173 21.171699 22.365704 0.999077 31.847924 23.653096 17.770180 21.841348 33.253266 23.677596 10.838901 16.617446 20.841471 30.193180 14.138982 19.020805 14.561105 1.431836 0.994046 0.001137 103.969431 110.297577 0.997777 0.998021 30.999637 23.556814 26.296509 25.465130 -9999.0
-9999.0 -9999.0 4.618126 4.789947 51.078172 4.992449 19.638681 6.677256 4.735540 4.792707 5.000046 42.734489 21.486362 21.953739 0.997948 0.998157 4.685713 5.000105 9.449055 5.831842 18.953213 0.006524 0.002166 0.000000 2.087939 9.010067 11.235439 16.699308 31.432518 32.585504 16.437745 21.084158 123.628812 21.172457 23.581781 15.834163 24.256078 0.999254 23.755397 17.495942 19.991842 25.468980 42.446929 30.763225 17.172227 18.984516 27.609824 23.600333 19.275934 18.506828 4.818512 36.999955 0.001085 0.002426 0.997786 0.998650 36.982351 27.739833 22.273519 20.437990 25.992427 20.427490 -9999.0
-9999.0 22.102563 26.549754 18.691360 12.217043 25.773744 19.716593 5.101155 4.662858 4.620115 5.504372 17.721135 23.830262 28.155955 0.996731 4.997600 4.644214 4.625041 15.017080 23.023224 18.929722 29.148397 98.159257 0.002760 0.000000 0.000362 0.000693 0.001993 27.535064 21.601675 13.245875 14.092339 38.273949 35.915276 11.584643 3.264811 16.370155 0.001791 20.074628 15.799466 12.548501 29.179861 44.717642 20.169562 11.376894 14.882246 22.393505 17.313271 14.189583 10.126550 0.000547 0.939764 17.253314 21.609964 29.439035 22.389571 28.995654 27.076777 25.180283 11.248212 14.527922 21.319106 -9999.0
-9999.0 22.596005 41.836872 39.455827 13.672975 38.895896 15.324656 8.820792 4.692528 4.614521 11.223764 19.045598 21.393081 0.997876 16.916859 4.678345 4.592085 4.576791 28.882782 37.908003 53.443305 38.993563 40.703892 54.056681 0.000595 0.000000 0.000000 0.000000 0.997453 2.046172 0.001149 0.001291 32.387557 25.536026 3.587159 2.217711 9.123157 0.000477 13.392326 3.226976 10.272684 38.732905 40.730113 0.003386 0.000815 0.001633 0.004820 0.002749 0.000545 0.000558 11.306163 13.268534 23.791134 37.099472 26.884345 14.677761 18.751427 4.937546 4.913041 0.000000 0.000000 -9999.0 -9999.0
