user2019/resources/simulation/Vinschgau/output-maps/hsupN0308.asc
ncols         63
nrows         48
xllcorner     598000.000000
yllcorner     5145000.000000
cellsize      1000.000000
NODATA_value  -9999.0
[rows 0 to 27 of 48, columns 0 to 62 of 63]
-9999.0 -9999.0 -9999.0 -9999.0 -9999.0 -9999.0 -9999.0 -9999.0 -9999.0 -9999.0 -9999.0 -9999.0 -9999.0 -9999.0 -9999.0 -9999.0 -9999.0 -9999.0 -9999.0 -9999.0 -9999.0 -9999.0 -9999.0 -9999.0 -9999.0 -9999.0 -9999.0 -9999.0 -9999.0 -9999.0 -9999.0 -9999.0 -9999.0 -9999.0 -9999.0 -9999.0 -9999.0 -9999.0 -9999.0 -9999.0 -9999.0 -9999.0 -9999.0 -9999.0 -9999.0 -9999.0 -9999.0 -9999.0 -9999.0 -9999.0 -9999.0 -9999.0 -9999.0 -9999.0 -9999.0 -9999.0 -9999.0 -9999.0 -9999.0 -9999.0 -9999.0 -9999.0 -9999.0
-9999.0 -9999.0 -9999.0 -9999.0 -9999.0 -9999.0 -9999.0 -9999.0 -9999.0 -9999.0 -9999.0 -9999.0 -9999.0 -9999.0 -9999.0 -9999.0 -9999.0 -9999.0 -9999.0 -9999.0 -9999.0 -9999.0 -9999.0 -9999.0 -9999.0 -9999.0 -9999.0 4.971274 4.428080 4.997676 0.000000 0.000000 0.000000 -9999.0 -9999.0 -9999.0 -9999.0 -9999.0 -9999.0 -9999.0 -9999.0 -9999.0 -9999.0 -9999.0 -9999.0 -9999.0 -9999.0 -9999.0 -9999.0 -9999.0 -9999.0 -9999.0 -9999.0 -9999.0 -9999.0 -9999.0 -9999.0 -9999.0 -9999.0 -9999.0 -9999.0 -9999.0 -9999.0
-9999.0 -9999.0 -9999.0 -9999.0 -9999.0 -9999.0 -9999.0 -9999.0 -9999.0 -9999.0 -9999.0 -9999.0 -9999.0 -9999.0 -9999.0 -9999.0 -9999.0 -9999.0 -9999.0 -9999.0 -9999.0 -9999.0 -9999.0 -9999.0 4.580859 4.858830 10.600412 5.026787 11.165771 10.859707 0.000000 -9999.0 -9999.0 -9999.0 -9999.0 -9999.0 -9999.0 -9999.0 -9999.0 -9999.0 -9999.0 -9999.0 -9999.0 -9999.0 -9999.0 -9999.0 -9999.0 -9999.0 -9999.0 -9999.0 -9999.0 -9999.0 -9999.0 -9999.0 -9999.0 -9999.0 -9999.0 -9999.0 -9999.0 -9999.0 -9999.0 -9999.0 -9999.0
-9999.0 -9999.0 -9999.0 -9999.0 -9999.0 -9999.0 -9999.0 -9999.0 -9999.0 -9999.0 -9999.0 -9999.0 -9999.0 -9999.0 -9999.0 -9999.0 -9999.0 -9999.0 -9999.0 -9999.0 -9999.0 -9999.0 -9999.0 4.500331 10.332324 15.683965 27.095538 18.163247 22.395218 6.295779 4.215619 4.318879 -9999.0 -9999.0 -9999.0 -9999.0 -9999.0 -9999.0 -9999.0 -9999.0 -9999.0 -9999.0 -9999.0 -9999.0 -9999.0 -9999.0 -9999.0 -9999.0 -9999.0 -9999.0 -9999.0 -9999.0 -9999.0 -9999.0 -9999.0 -9999.0 -9999.0 -9999.0 -9999.0 -9999.0 -9999.0 -9999.0 -9999.0
-9999.0 -9999.0 -9999.0 -9999.0 -9999.0 -9999.0 -9999.0 -9999.0 -9999.0 -9999.0 -9999.0 -9999.0 -9999.0 -9999.0 -9999.0 -9999.0 -9999.0 -9999.0 30.316363 10.529431 -9999.0 4.569779 5.554816 13.531043 22.113336 1.860327 0.998326 0.999260 1.937941 13.220102 8.416993 4.351809 4.978923 4.966412 -9999.0 -9999.0 -9999.0 -9999.0 -9999.0 -9999.0 -9999.0 -9999.0 -9999.0 -9999.0 -9999.0 -9999.0 -9999.0 -9999.0 -9999.0 -9999.0 -9999.0 -9999.0 -9999.0 -9999.0 -9999.0 -9999.0 -9999.0 -9999.0 -9999.0 -9999.0 -9999.0 -9999.0 -9999.0
-9999.0 -9999.0 -9999.0 -9999.0 -9999.0 -9999.0 -9999.0 -9999.0 -9999.0 -9999.0 -9999.0 -9999.0 -9999.0 -9999.0 -9999.0 -9999.0 -9999.0 37.331304 26.175322 21.532060 7.145961 11.676508 13.992389 26.483254 0.999861 4.398327 0.000000 0.000000 4.318006 0.999704 17.694806 12.215128 22.142730 4.990451 4.955191 0.000000 -9999.0 -9999.0 -9999.0 -9999.0 -9999.0 -9999.0 -9999.0 -9999.0 -9999.0 -9999.0 -9999.0 -9999.0 -9999.0 -9999.0 -9999.0 -9999.0 -9999.0 -9999.0 -9999.0 -9999.0 -9999.0 -9999.0 -9999.0 -9999.0 -9999.0 -9999.0 -9999.0
-9999.0 -9999.0 -9999.0 -9999.0 -9999.0 -9999.0 -9999.0 -9999.0 -9999.0 -9999.0 -9999.0 -9999.0 -9999.0 4.520886 8.023721 28.648482 39.379822 0.999194 35.660592 19.409177 21.129061 21.610114 29.033613 0.998264 5.000002 0.000000 4.947294 0.000000 0.000000 0.000000 160.619163 9.006654 4.816951 4.780426 3.100330 0.000000 -9999.0 -9999.0 -9999.0 -9999.0 -9999.0 -9999.0 -9999.0 -9999.0 -9999.0 -9999.0 -9999.0 -9999.0 -9999.0 -9999.0 -9999.0 -9999.0 -9999.0 -9999.0 -9999.0 -9999.0 -9999.0 -9999.0 -9999.0 -9999.0 -9999.0 -9999.0 -9999.0
-9999.0 -9999.0 -9999.0 -9999.0 -9999.0 -9999.0 -9999.0 -9999.0 -9999.0 -9999.0 -9999.0 -9999.0 -9999.0 4.721428 16.495709 29.512280 14.281461 31.115729 0.999519 27.201493 0.985163 0.999746 0.997454 9.498181 7.912823 4.875672 4.270431 4.101223 4.968358 0.000000 0.000000 0.000000 0.000000 0.000000 0.000000 -9999.0 -9999.0 -9999.0 -9999.0 -9999.0 -9999.0 -9999.0 -9999.0 -9999.0 -9999.0 -9999.0 -9999.0 -9999.0 -9999.0 -9999.0 -9999.0 -9999.0 -9999.0 -9999.0 -9999.0 -9999.0 -9999.0 -9999.0 -9999.0 -9999.0 -9999.0 -9999.0 -9999.0
-9999.0 -9999.0 -9999.0 -9999.0 -9999.0 -9999.0 -9999.0 -9999.0 -9999.0 -9999.0 -9999.0 -9999.0 -9999.0 9.595367 188.465126 6.051985 5.689105 24.762279 0.999008 0.992698 16.421253 4.948579 4.792070 3.619510 4.872560 4.854607 4.991540 4.921711 4.291070 0.000000 0.000000 0.000000 0.000000 0.000000 0.000000 -9999.0 -9999.0 -9999.0 -9999.0 -9999.0 -9999.0 -9999.0 -9999.0 -9999.0 -9999.0 -9999.0 -9999.0 -9999.0 -9999.0 -9999.0 -9999.0 -9999.0 -9999.0 -9999.0 -9999.0 -9999.0 -9999.0 -9999.0 -9999.0 -9999.0 -9999.0 -9999.0 -9999.0
-9999.0 -9999.0 -9999.0 -9999.0 -9999.0 -9999.0 -9999.0 -9999.0 -9999.0 -9999.0 -9999.0 -9999.0 4.979286 450.077707 4.920725 4.415096 4.829395 19.938578 0.990007 20.253008 6.009119 2.816751 4.571139 1.134925 63.188573 0.000000 7.037222 4.313302 6.086233 0.000000 0.000000 4.970446 4.898512 4.923735 -9999.0 -9999.0 -9999.0 -9999.0 -9999.0 -9999.0 -9999.0 -9999.0 -9999.0 -9999.0 -9999.0 -9999.0 -9999.0 -9999.0 -9999.0 -9999.0 -9999.0 -9999.0 -9999.0 -9999.0 -9999.0 -9999.0 -9999.0 -9999.0 -9999.0 -9999.0 -9999.0 -9999.0 -9999.0
-9999.0 -9999.0 -9999.0 -9999.0 -9999.0 -9999.0 -9999.0 -9999.0 -9999.0 -9999.0 -9999.0 5.138861 8.050013 43.019632 4.735896 4.489232 4.963225 12.135643 0.999150 196.814087 27.279165 26.589301 4.630502 0.000000 6.854708 4.399437 0.000000 4.426749 103.976528 0.000000 4.955259 8.797342 5.624477 4.959183 4.993226 6.844564 8.189240 11.570718 7.765234 -9999.0 -9999.0 -9999.0 4.980350 -9999.0 -9999.0 -9999.0 -9999.0 -9999.0 -9999.0 -9999.0 -9999.0 -9999.0 -9999.0 -9999.0 -9999.0 -9999.0 -9999.0 -9999.0 -9999.0 -9999.0 -9999.0 -9999.0 -9999.0
-9999.0 -9999.0 -9999.0 -9999.0 -9999.0 -9999.0 -9999.0 -9999.0 -9999.0 -9999.0 -9999.0 5.134618 5.000023 9.944178 4.968014 4.047415 5.090647 22.545617 0.997116 32.177058 33.137457 14.423625 5.014369 4.425131 4.988374 4.320387 4.328973 4.999984 5.397702 1.560776 4.539908 18.135841 4.294883 4.223060 3.571062 9.469273 7.102585 0.000570 0.000000 4.833876 15.413027 4.963277 6.934720 4.965694 -9999.0 -9999.0 -9999.0 4.917740 4.647686 4.978511 4.831703 4.969079 4.970635 0.000000 0.309130 4.980517 -9999.0 -9999.0 -9999.0 -9999.0 -9999.0 -9999.0 -9999.0
-9999.0 -9999.0 -9999.0 -9999.0 -9999.0 -9999.0 -9999.0 -9999.0 -9999.0 -9999.0 -9999.0 7.813221 2.247056 10.037169 4.989595 4.429838 7.144519 24.620208 22.863143 0.825274 28.901126 21.751668 12.455258 4.575113 2.665696 4.958970 14.498239 99.419891 4.983661 4.166893 0.050899 19.959777 8.486398 4.166405 4.985620 14.420953 9.677252 0.000199 0.000000 1.335144 8.361646 8.262986 17.153634 7.247608 4.187049 -9999.0 0.149091 4.635657 4.788400 10.457434 15.156825 21.628970 14.006218 10.666481 7.681380 1.121537 -9999.0 -9999.0 -9999.0 -9999.0 -9999.0 -9999.0 -9999.0
-9999.0 -9999.0 -9999.0 -9999.0 -9999.0 -9999.0 -9999.0 -9999.0 -9999.0 -9999.0 -9999.0 -9999.0 4.544013 6.336752 4.993603 4.990033 6.722553 14.982620 34.358798 0.994648 23.278942 28.540387 34.451480 20.227182 4.352207 10.281847 176.931595 4.414776 4.440946 4.957776 4.283657 13.126083 4.849332 4.142144 0.000000 2.430571 5.012237 0.000064 0.000000 0.000000 3.480723 15.056166 26.884813 17.056080 4.999456 4.410321 4.950027 4.626622 4.732833 17.161033 2.234708 34.910423 167.091431 16.102408 9.313210 0.283479 0.000000 -9999.0 -9999.0 -9999.0 -9999.0 -9999.0 -9999.0
-9999.0 -9999.0 -9999.0 -9999.0 -9999.0 -9999.0 -9999.0 -9999.0 -9999.0 -9999.0 -9999.0 4.998948 0.000000 4.501994 22.480515 14.007759 16.362051 17.434161 30.636827 0.998621 29.054446 34.501049 33.053950 5.438125 8.323468 30.420077 4.904714 3.565788 4.317165 4.974632 13.515115 30.292261 19.670503 4.156742 0.000000 2.245750 0.000000 4.928488 0.471216 0.000065 6.225124 11.168790 33.590144 24.941865 21.664324 4.412583 6.338861 5.424975 4.999996 1.519521 4.931830 0.000000 0.000000 0.000000 0.000000 0.000000 4.994278 -9999.0 -9999.0 -9999.0 -9999.0 -9999.0 -9999.0
-9999.0 -9999.0 -9999.0 -9999.0 -9999.0 -9999.0 -9999.0 -9999.0 -9999.0 -9999.0 60.902995 8.044606 4.998676 4.517917 5.203102 195.673489 157.340833 4.521694 15.925219 0.999405 48.030475 51.124000 14.404331 16.163463 27.066851 213.446423 5.000116 4.952589 9.674549 12.349131 33.483575 60.878565 0.482293 0.000000 0.000000 3.907164 15.832638 8.847039 7.690366 0.000582 0.000475 1.003079 0.999395 28.784285 21.989418 6.024472 5.000003 26.366082 43.723738 1.013427 4.934356 0.000000 0.000000 0.000000 0.000000 0.000000 2.226813 -9999.0 -9999.0 -9999.0 -9999.0 -9999.0 -9999.0
-9999.0 -9999.0 -9999.0 -9999.0 -9999.0 -9999.0 -9999.0 -9999.0 -9999.0 2.683769 4.811998 8.460392 26.652938 5.821166 33.359510 18.777345 4.398741 17.177668 17.826652 0.997387 38.518388 16.765670 23.248863 2.155600 0.999921 7.169100 6.751483 14.300138 24.060205 27.420662 1.549692 4.483345 0.000000 0.000000 4.962828 5.000026 8.541070 6.892967 5.000005 9.082551 10.524383 4.542741 7.608939 0.997101 20.457658 18.885340 26.321041 14.557392 10.747660 0.998896 16.277159 4.977125 0.000000 1.568794 4.962746 4.878066 9.347127 4.999866 4.998464 -9999.0 -9999.0 -9999.0 -9999.0
-9999.0 -9999.0 -9999.0 -9999.0 -9999.0 -9999.0 -9999.0 -9999.0 -9999.0 6.699759 4.468889 4.430758 417.621410 23.351732 15.620960 4.997354 15.646193 24.921144 23.227819 0.002400 0.988218 0.896410 1.444783 20.251302 7.413996 9.499901 19.116290 25.372164 0.999102 0.997902 5.047593 6.095622 3.408797 4.201262 5.000061 6.136565 5.223872 7.016268 2.346113 0.000000 0.000000 0.000000 13.843591 24.312786 0.999449 0.755784 0.997717 24.993077 22.214456 1.073766 4.605450 4.658123 2.707483 2.226971 1.768910 0.534312 5.972962 26.530085 12.978343 -9999.0 -9999.0 -9999.0 -9999.0
-9999.0 -9999.0 -9999.0 -9999.0 -9999.0 -9999.0 -9999.0 -9999.0 -9999.0 -9999.0 4.446696 4.705790 4.768560 288.032334 26.953958 17.081605 22.239894 27.224323 30.383733 0.994291 41.203765 28.570157 11.141275 12.777999 7.406746 20.292811 29.197290 0.999414 4.608018 0.000000 0.000000 53.988070 0.000000 0.000000 4.993904 24.062268 12.266426 18.118561 4.959680 2.154167 0.000000 4.955014 95.284123 4.328721 4.356670 7.425240 23.588107 1.672777 0.990782 21.908532 17.056000 15.379657 4.976336 4.510367 0.000000 4.544401 4.999988 574.945425 37.414406 29.876325 -9999.0 -9999.0 -9999.0
-9999.0 -9999.0 -9999.0 -9999.0 -9999.0 -9999.0 -9999.0 -9999.0 -9999.0 -9999.0 4.602139 4.608613 4.684095 5.639948 0.972938 16.215760 20.176876 18.613691 0.007666 0.000591 10.497815 21.086467 20.126123 14.397154 20.223049 29.261962 0.996977 15.221639 4.576517 0.000000 0.000000 5.189288 4.989295 0.000000 0.000000 17.792644 354.104794 20.197088 4.881643 0.455239 4.431952 6.868656 4.999968 0.000000 4.754470 4.501318 4.648410 7.825847 14.420342 0.997528 29.873342 16.737112 9.155465 4.992689 4.955739 4.997131 4.499805 17.917731 65.370366 45.014130 -9999.0 -9999.0 -9999.0
-9999.0 -9999.0 -9999.0 -9999.0 -9999.0 -9999.0 -9999.0 -9999.0 17.692936 6.090057 4.424260 4.786127 19.086235 5.000123 6.240994 0.996399 0.999966 0.950595 0.000000 0.000000 0.000543 5.065985 24.651922 24.081184 26.459717 0.999690 23.884195 4.561495 4.620393 4.393273 0.000000 4.353489 2.291034 3.396303 4.492158 0.000000 2.945409 25.809751 4.211092 4.943830 4.932822 0.000000 0.000000 0.000000 4.994782 31.581820 0.000000 0.066034 19.914924 0.999841 31.151627 31.640785 13.672191 4.702870 4.997189 15.426626 10.734225 25.006895 21.331175 51.040781 -9999.0 -9999.0 -9999.0
-9999.0 -9999.0 -9999.0 -9999.0 -9999.0 -9999.0 -9999.0 -9999.0 95.092494 25.166915 4.562958 0.000000 0.080054 39.825638 9.492730 23.665909 38.595043 28.553562 0.008419 0.000000 0.000000 0.000077 0.006166 16.674444 12.019554 0.006940 17.968246 9.102391 4.966346 4.475562 4.448395 4.967598 6.051518 4.951732 4.729865 4.732101 26.075753 38.416042 6.139753 4.596301 0.000000 0.000000 0.000000 4.655778 101.686450 4.502387 4.127713 1.084201 7.240976 37.801240 1.021943 31.640221 16.650747 4.991986 20.902938 43.546309 26.831294 27.877073 30.057111 2.215158 0.000000 -9999.0 -9999.0
-9999.0 -9999.0 -9999.0 -9999.0 -9999.0 -9999.0 -9999.0 -9999.0 0.000000 166.589432 15.406095 4.407095 20.172668 1.816834 18.517512 21.205982 13.701624 19.344011 0.002880 0.000000 0.000000 0.000000 0.000000 0.001966 0.985285 29.141672 25.253086 7.732587 4.959823 4.964112 4.969228 14.921581 5.303126 7.821722 5.085452 39.555677 20.696940 1.895092 6.121481 4.620813 4.541871 4.958069 4.762696 34.782842 4.603206 4.577960 4.961021 4.398382 5.601167 27.316217 0.998107 33.291647 26.972428 21.541243 31.186614 38.858211 35.709859 34.197020 53.430446 98.043921 0.998915 -9999.0 -9999.0
-9999.0 -9999.0 -9999.0 -9999.0 -9999.0 -9999.0 -9999.0 -9999.0 4.633133 4.692107 47.190250 6.707543 17.734221 21.819048 25.785400 21.940663 25.289668 0.992845 0.910652 0.010165 0.000000 0.000000 0.000000 0.004530 22.340932 26.733192 14.251590 11.349251 12.465740 27.507011 12.406651 16.492710 23.400636 34.497297 5.000024 4.996675 9.424984 0.998455 14.758751 7.249883 4.648074 4.791563 5.269785 7.998307 4.820903 4.996177 8.260459 12.561263 8.639100 20.155818 23.945341 0.999217 31.473733 21.506467 36.967469 41.505157 60.034344 180.460402 1.195435 1.377499 46.167687 37.013931 -9999.0
-9999.0 -9999.0 -9999.0 -9999.0 -9999.0 -9999.0 -9999.0 -9999.0 4.482949 4.767672 416.472487 22.365057 26.805870 25.706172 29.888640 40.963112 0.998691 27.482082 13.155402 31.154297 0.016347 0.000000 0.001765 23.674845 24.835281 22.613380 14.052548 22.494720 31.734573 48.172311 13.002306 25.042239 47.931756 28.102086 14.523641 18.079316 22.696978 0.999962 32.289559 22.795234 13.596570 18.095021 33.404803 21.779770 8.191283 12.194976 20.113336 40.566225 22.585881 25.338601 30.077358 20.978893 0.995087 25.802790 175.660075 168.396511 1.476349 1.586035 88.320297 45.663444 40.609466 36.927031 -9999.0
-9999.0 -9999.0 4.592328 4.768257 51.128515 4.978020 19.653795 6.442317 4.711629 4.766719 6.004080 53.902256 28.871849 33.042239 1.172017 0.999308 15.084206 5.000064 9.082526 18.694797 30.174298 1.803761 0.863478 9.849306 21.732475 22.274985 23.363677 26.830383 46.173400 44.296371 19.271504 24.837588 149.774016 21.943035 38.787220 22.895123 30.400500 0.999112 30.668954 25.203083 32.553140 36.844831 44.691835 36.363252 18.179146 24.909121 30.971696 31.387191 28.245236 32.089000 43.976793 78.618083 0.995708 1.275414 1.921407 1.578389 107.814844 69.235919 41.673231 38.942857 40.351655 32.346374 -9999.0
-9999.0 19.264493 23.990180 16.216818 9.670701 25.522132 20.198213 5.088731 4.629401 4.583041 5.710216 25.685969 38.861165 57.049028 0.996923 19.281167 4.622032 4.596878 16.288772 29.708955 30.254708 45.026754 158.018417 0.897864 6.707287 0.004048 0.138362 9.765481 58.423189 34.622552 25.863380 23.667702 46.707749 59.708312 34.394328 28.718591 39.971865 0.998848 37.813250 27.116884 27.529778 47.959162 54.542272 27.975026 17.453641 22.336853 31.508113 35.006344 45.173643 59.072361 0.997640 0.998325 62.394192 65.562160 88.115509 44.856045 40.786513 44.797333 42.228299 29.979963 29.868308 34.202917 -9999.0
-9999.0 23.033677 41.986742 42.170232 24.590671 38.992081 13.238785 7.233157 4.670568 4.593921 10.140930 24.888802 29.636593 0.998737 26.991131 4.665857 4.560890 4.555591 33.003851 42.445642 68.431825 47.724140 64.390754 89.069131 0.418700 0.000000 0.000000 0.000541 1.091203 32.135929 0.006846 0.005148 48.727456 59.331951 47.577958 38.452296 53.828084 0.998060 61.064825 31.867844 57.747328 94.834613 55.895489 7.695260 0.002677 0.004824 0.012082 1.038848 0.999774 0.999041 37.767645 28.320410 36.978901 93.845191 35.949616 30.025875 46.099405 26.450989 23.162575 11.603693 11.429433 -9999.0 -9999.0
