user2019/resources/simulation/Vinschgau/output-maps/hsupN0484.asc
ncols         63
nrows         48
xllcorner     598000.000000
yllcorner     5145000.000000
cellsize      1000.000000
NODATA_value  -9999.0
[rows 0 to 27 of 48, columns 0 to 61 of 63]
-9999.0 -9999.0 -9999.0 -9999.0 -9999.0 -9999.0 -9999.0 -9999.0 -9999.0 -9999.0 -9999.0 -9999.0 -9999.0 -9999.0 -9999.0 -9999.0 -9999.0 -9999.0 -9999.0 -9999.0 -9999.0 -9999.0 -9999.0 -9999.0 -9999.0 -9999.0 -9999.0 -9999.0 -9999.0 -9999.0 -9999.0 -9999.0 -9999.0 -9999.0 -9999.0 -9999.0 -9999.0 -9999.0 -9999.0 -9999.0 -9999.0 -9999.0 -9999.0 -9999.0 -9999.0 -9999.0 -9999.0 -9999.0 -9999.0 -9999.0 -9999.0 -9999.0 -9999.0 -9999.0 -9999.0 -9999.0 -9999.0 -9999.0 -9999.0 -9999.0 -9999.0 -9999.0
-9999.0 -9999.0 -9999.0 -9999.0 -9999.0 -9999.0 -9999.0 -9999.0 -9999.0 -9999.0 -9999.0 -9999.0 -9999.0 -9999.0 -9999.0 -9999.0 -9999.0 -9999.0 -9999.0 -9999.0 -9999.0 -9999.0 -9999.0 -9999.0 -9999.0 -9999.0 -9999.0 17.569065 19.188391 41.201790 32.539325 18.635221 531.405628 -9999.0 -9999.0 -9999.0 -9999.0 -9999.0 -9999.0 -9999.0 -9999.0 -9999.0 -9999.0 -9999.0 -9999.0 -9999.0 -9999.0 -9999.0 -9999.0 -9999.0 -9999.0 -9999.0 -9999.0 -9999.0 -9999.0 -9999.0 -9999.0 -9999.0 -9999.0 -9999.0 -9999.0 -9999.0
-9999.0 -9999.0 -9999.0 -9999.0 -9999.0 -9999.0 -9999.0 -9999.0 -9999.0 -9999.0 -9999.0 -9999.0 -9999.0 -9999.0 -9999.0 -9999.0 -9999.0 -9999.0 -9999.0 -9999.0 -9999.0 -9999.0 -9999.0 -9999.0 14.964020 11.806194 17.382465 14.352087 47.773677 88.300728 16.640890 -9999.0 -9999.0 -9999.0 -9999.0 -9999.0 -9999.0 -9999.0 -9999.0 -9999.0 -9999.0 -9999.0 -9999.0 -9999.0 -9999.0 -9999.0 -9999.0 -9999.0 -9999.0 -9999.0 -9999.0 -9999.0 -9999.0 -9999.0 -9999.0 -9999.0 -9999.0 -9999.0 -9999.0 -9999.0 -9999.0 -9999.0
-9999.0 -9999.0 -9999.0 -9999.0 -9999.0 -9999.0 -9999.0 -9999.0 -9999.0 -9999.0 -9999.0 -9999.0 -9999.0 -9999.0 -9999.0 -9999.0 -9999.0 -9999.0 -9999.0 -9999.0 -9999.0 -9999.0 -9999.0 11.651563 17.690439 0.001620 0.001860 0.001225 44.215265 15.302419 15.691750 19.608071 -9999.0 -9999.0 -9999.0 -9999.0 -9999.0 -9999.0 -9999.0 -9999.0 -9999.0 -9999.0 -9999.0 -9999.0 -9999.0 -9999.0 -9999.0 -9999.0 -9999.0 -9999.0 -9999.0 -9999.0 -9999.0 -9999.0 -9999.0 -9999.0 -9999.0 -9999.0 -9999.0 -9999.0 -9999.0 -9999.0
-9999.0 -9999.0 -9999.0 -9999.0 -9999.0 -9999.0 -9999.0 -9999.0 -9999.0 -9999.0 -9999.0 -9999.0 -9999.0 -9999.0 -9999.0 -9999.0 -9999.0 -9999.0 19.081950 14.120433 -9999.0 17.838184 20.387516 0.002598 0.001967 0.000000 0.000000 0.742646 0.999637 0.004473 22.065568 22.741184 21.852945 19.027554 -9999.0 -9999.0 -9999.0 -9999.0 -9999.0 -9999.0 -9999.0 -9999.0 -9999.0 -9999.0 -9999.0 -9999.0 -9999.0 -9999.0 -9999.0 -9999.0 -9999.0 -9999.0 -9999.0 -9999.0 -9999.0 -9999.0 -9999.0 -9999.0 -9999.0 -9999.0 -9999.0 -9999.0
-9999.0 -9999.0 -9999.0 -9999.0 -9999.0 -9999.0 -9999.0 -9999.0 -9999.0 -9999.0 -9999.0 -9999.0 -9999.0 -9999.0 -9999.0 -9999.0 -9999.0 0.000000 0.006875 22.954374 13.871934 0.002434 0.002142 0.000000 0.000000 0.001048 0.003421 26.865874 4.326175 1.020162 46.922477 49.824412 122.811203 34.977829 30.410079 39.713127 -9999.0 -9999.0 -9999.0 -9999.0 -9999.0 -9999.0 -9999.0 -9999.0 -9999.0 -9999.0 -9999.0 -9999.0 -9999.0 -9999.0 -9999.0 -9999.0 -9999.0 -9999.0 -9999.0 -9999.0 -9999.0 -9999.0 -9999.0 -9999.0 -9999.0 -9999.0
-9999.0 -9999.0 -9999.0 -9999.0 -9999.0 -9999.0 -9999.0 -9999.0 -9999.0 -9999.0 -9999.0 -9999.0 -9999.0 19.360455 12.881370 0.000969 0.000000 0.351470 0.000000 0.001758 0.001176 0.000000 0.000000 0.000000 0.001008 13.540229 13.477754 39.500103 13.287011 17.026536 5552.898811 118.483490 73.286522 103.836483 87.148955 28.951515 -9999.0 -9999.0 -9999.0 -9999.0 -9999.0 -9999.0 -9999.0 -9999.0 -9999.0 -9999.0 -9999.0 -9999.0 -9999.0 -9999.0 -9999.0 -9999.0 -9999.0 -9999.0 -9999.0 -9999.0 -9999.0 -9999.0 -9999.0 -9999.0 -9999.0 -9999.0
-9999.0 -9999.0 -9999.0 -9999.0 -9999.0 -9999.0 -9999.0 -9999.0 -9999.0 -9999.0 -9999.0 -9999.0 -9999.0 21.057065 1.829244 0.000000 0.000000 10.663137 0.274812 0.000000 0.001713 0.001165 0.973516 0.000000 0.004934 25.485431 12.027761 33.616328 16.022681 20.483300 50.110748 29.144628 30.525549 22.576726 45.383510 -9999.0 -9999.0 -9999.0 -9999.0 -9999.0 -9999.0 -9999.0 -9999.0 -9999.0 -9999.0 -9999.0 -9999.0 -9999.0 -9999.0 -9999.0 -9999.0 -9999.0 -9999.0 -9999.0 -9999.0 -9999.0 -9999.0 -9999.0 -9999.0 -9999.0 -9999.0 -9999.0
-9999.0 -9999.0 -9999.0 -9999.0 -9999.0 -9999.0 -9999.0 -9999.0 -9999.0 -9999.0 -9999.0 -9999.0 -9999.0 0.002254 521.290171 0.001807 0.000000 0.000000 0.021475 0.002263 17.777907 13.033733 31.829931 0.000281 0.005517 31.054100 30.433965 18.058910 18.381820 16.358234 37.326365 29.834013 33.038243 23.125543 41.661389 -9999.0 -9999.0 -9999.0 -9999.0 -9999.0 -9999.0 -9999.0 -9999.0 -9999.0 -9999.0 -9999.0 -9999.0 -9999.0 -9999.0 -9999.0 -9999.0 -9999.0 -9999.0 -9999.0 -9999.0 -9999.0 -9999.0 -9999.0 -9999.0 -9999.0 -9999.0 -9999.0
-9999.0 -9999.0 -9999.0 -9999.0 -9999.0 -9999.0 -9999.0 -9999.0 -9999.0 -9999.0 -9999.0 -9999.0 0.000000 3766.392643 2.749506 18.027223 0.003779 0.000000 0.001127 22.406536 0.000000 0.000000 29.339948 8.702371 2098.034189 13.194759 699.965984 16.196385 83.465327 34.572499 10.027349 27.129249 61.248376 28.995049 -9999.0 -9999.0 -9999.0 -9999.0 -9999.0 -9999.0 -9999.0 -9999.0 -9999.0 -9999.0 -9999.0 -9999.0 -9999.0 -9999.0 -9999.0 -9999.0 -9999.0 -9999.0 -9999.0 -9999.0 -9999.0 -9999.0 -9999.0 -9999.0 -9999.0 -9999.0 -9999.0 -9999.0
-9999.0 -9999.0 -9999.0 -9999.0 -9999.0 -9999.0 -9999.0 -9999.0 -9999.0 -9999.0 -9999.0 33.529097 50.693944 306.782518 16.648539 21.930657 19.774315 0.003123 0.002120 100.850016 24.046056 32.226536 25.147251 14.957907 96.726616 36.437940 14.837195 24.285598 2051.828144 19.884682 21.974663 86.618232 58.477736 23.216751 26.673384 30.172546 0.000000 0.000000 0.000000 -9999.0 -9999.0 -9999.0 19.078255 -9999.0 -9999.0 -9999.0 -9999.0 -9999.0 -9999.0 -9999.0 -9999.0 -9999.0 -9999.0 -9999.0 -9999.0 -9999.0 -9999.0 -9999.0 -9999.0 -9999.0 -9999.0 -9999.0
-9999.0 -9999.0 -9999.0 -9999.0 -9999.0 -9999.0 -9999.0 -9999.0 -9999.0 -9999.0 -9999.0 32.947785 30.748093 97.938981 27.334943 14.276260 18.647972 0.002661 0.664275 27.861743 32.768834 25.796642 29.606830 19.126318 56.922877 23.701072 17.012755 42.911642 69.974551 19.231957 37.034700 231.588886 17.249747 27.091924 6.816033 3.724565 0.000000 0.000000 0.000000 4.226998 9.247744 9.478421 25.139544 16.070152 -9999.0 -9999.0 -9999.0 17.393371 25.573515 34.408675 29.943355 25.921987 30.286411 23.985391 39.744034 36.289982 -9999.0 -9999.0 -9999.0 -9999.0 -9999.0 -9999.0
-9999.0 -9999.0 -9999.0 -9999.0 -9999.0 -9999.0 -9999.0 -9999.0 -9999.0 -9999.0 -9999.0 51.911938 15.716857 112.547666 29.620229 22.597425 34.622933 42.951142 48.507820 0.924484 17.569404 31.192745 21.713652 24.387134 20.500205 15.394152 28.255120 2019.484540 24.526649 18.812780 19.794582 229.410544 30.990079 17.178957 14.882175 0.001399 0.000000 0.000000 0.000000 0.000000 0.000393 0.000352 15.803668 19.254056 16.647805 -9999.0 28.970826 36.763658 37.085222 42.887045 40.749233 57.982193 36.380750 33.654007 56.656706 36.187942 -9999.0 -9999.0 -9999.0 -9999.0 -9999.0 -9999.0
-9999.0 -9999.0 -9999.0 -9999.0 -9999.0 -9999.0 -9999.0 -9999.0 -9999.0 -9999.0 -9999.0 -9999.0 40.364597 60.689488 16.012889 20.125565 21.803065 20.657951 59.717718 0.990366 29.186238 38.486136 56.323004 40.633596 18.484471 23.081947 1275.156336 28.401989 30.206682 20.404926 21.366032 113.198938 20.415720 19.760206 13.789071 0.001177 0.000000 0.000000 0.000000 0.000000 0.000135 8.022292 0.004112 22.012173 20.165990 21.917819 24.925426 25.865764 38.467582 46.168701 8.532348 258.705013 1125.405792 221.692930 140.551831 65.577970 29.679559 -9999.0 -9999.0 -9999.0 -9999.0 -9999.0
-9999.0 -9999.0 -9999.0 -9999.0 -9999.0 -9999.0 -9999.0 -9999.0 -9999.0 -9999.0 -9999.0 31.744737 15.466930 26.870146 89.712872 37.417264 36.122992 37.337824 45.702577 0.021281 32.187306 45.896135 57.798992 15.639719 20.909056 66.287057 32.978810 18.030041 15.056315 24.512357 28.429000 151.839495 42.153415 21.753704 12.135891 10.069657 0.000147 0.000000 0.000000 0.000000 0.000000 0.000284 0.003773 25.034991 24.401154 18.149555 52.935133 29.873087 28.632742 1.285054 24.804795 22.908694 60.146304 39.502357 33.861029 35.444401 45.452578 -9999.0 -9999.0 -9999.0 -9999.0 -9999.0
-9999.0 -9999.0 -9999.0 -9999.0 -9999.0 -9999.0 -9999.0 -9999.0 -9999.0 -9999.0 1249.376818 37.355115 20.365010 16.813220 18.595668 1120.341388 1107.901814 0.000000 0.000000 0.000284 9.761442 23.891541 14.154423 17.277838 28.644210 1367.561300 23.393244 19.202318 23.689067 24.816381 118.670682 489.674292 30.367527 26.620187 13.147752 15.564251 0.001428 0.000000 0.000000 0.000089 0.000000 0.428368 0.213984 0.008354 18.901524 15.663722 24.189575 43.548568 71.106628 1.409154 20.845017 25.872578 44.930573 39.775515 28.479138 45.401634 66.217126 -9999.0 -9999.0 -9999.0 -9999.0 -9999.0
-9999.0 -9999.0 -9999.0 -9999.0 -9999.0 -9999.0 -9999.0 -9999.0 -9999.0 24.491254 34.617275 78.658605 73.579946 16.698815 50.295817 41.359983 13.746339 17.302375 2.976076 0.000000 0.000201 0.000172 12.525741 0.873352 1.640677 25.137700 13.560172 21.215737 29.059433 32.677040 4.232766 23.841296 17.866472 17.424313 17.911567 21.541230 28.595100 0.003550 0.000234 5.341730 0.000066 0.000000 0.000000 0.000000 0.002983 8.423161 24.268795 0.000000 0.874703 1.434966 50.441696 41.824229 36.574051 28.100995 31.272004 106.133278 207.658235 26.359339 24.887087 -9999.0 -9999.0 -9999.0
-9999.0 -9999.0 -9999.0 -9999.0 -9999.0 -9999.0 -9999.0 -9999.0 -9999.0 113.966408 29.952356 23.327552 2976.438360 22.245201 16.616588 13.112019 20.041299 22.926610 0.004810 0.000000 0.000000 0.000270 0.982439 24.883875 17.764472 9.148789 22.138287 22.874345 0.992732 1.018299 32.575743 29.405009 37.505914 18.668316 32.900523 11.924518 11.136958 13.383303 7.834472 27.952380 3.036415 0.000000 0.000000 0.001267 0.005377 0.001556 0.007600 0.000000 0.000000 0.992281 22.005870 25.097730 27.442782 36.403936 135.457646 65.566393 183.471061 136.984252 26.230036 -9999.0 -9999.0 -9999.0
-9999.0 -9999.0 -9999.0 -9999.0 -9999.0 -9999.0 -9999.0 -9999.0 -9999.0 -9999.0 19.957588 39.984855 37.613906 1525.372084 21.220185 19.484571 22.122996 23.629350 0.004842 0.000000 0.000459 10.191690 16.033104 19.354678 8.192414 5.885232 0.004153 0.999857 32.215036 23.409958 23.075750 2728.430040 19.968232 24.940337 51.816043 76.271683 5.929660 18.679152 11.502382 24.679838 11.659102 14.904820 2951.613463 14.377822 23.574484 14.216135 17.488917 0.920735 0.992655 22.279691 30.025827 40.853128 28.794003 29.466926 29.283248 38.391284 92.000865 12306.273950 34.591974 7.591226 -9999.0 -9999.0
-9999.0 -9999.0 -9999.0 -9999.0 -9999.0 -9999.0 -9999.0 -9999.0 -9999.0 -9999.0 32.089067 26.482123 19.919422 30.840791 0.991188 10.636275 5.505586 0.002354 0.000000 0.000000 0.000000 0.000000 0.000000 0.000000 0.000252 0.000111 0.992236 37.738166 36.822535 18.336833 22.613296 85.565589 41.516479 16.806779 18.349432 65.544112 2254.279348 30.921771 27.329006 16.358325 27.485867 126.076174 75.531318 15.493751 20.575834 19.082503 21.023792 22.670354 42.045770 1.270453 45.881660 38.313228 39.654674 38.306179 21.921610 22.433691 21.160237 25.677642 108.710945 56.350290 -9999.0 -9999.0
-9999.0 -9999.0 -9999.0 -9999.0 -9999.0 -9999.0 -9999.0 -9999.0 31.767156 19.646639 14.572371 39.838257 272.292280 37.878452 28.003308 0.992093 0.000425 0.000000 0.000000 0.000000 0.000000 0.000000 0.000000 0.000000 0.000000 0.985127 35.750769 29.316907 39.844240 36.284758 16.689219 34.782861 26.514128 17.164254 46.293737 12.850568 15.655346 38.565880 17.185495 14.673898 29.059861 60.827706 24.021389 13.899863 15.369113 1387.497715 16.554382 22.708861 26.179936 1.163000 46.279241 53.480552 42.663267 31.743860 21.653323 32.064483 24.875505 22.905609 19.662073 61.300491 -9999.0 -9999.0
-9999.0 -9999.0 -9999.0 -9999.0 -9999.0 -9999.0 -9999.0 -9999.0 1444.514742 50.231417 24.282148 14.517658 15.856660 1207.072326 17.563571 22.326758 10.577781 0.000223 0.000000 0.000000 0.000000 0.000000 0.000000 0.000000 0.000000 0.998859 44.155527 41.218816 26.687683 21.529901 19.008699 20.348849 60.861281 19.750140 40.032198 23.869251 56.397102 77.035663 27.095125 23.653657 20.064978 17.074530 20.038771 23.844801 1631.481726 34.702057 19.500967 21.416537 26.949414 32.591331 1.567205 38.843571 34.457967 22.086141 25.842538 54.095725 23.077913 25.328827 26.630674 2.683800 0.000000 -9999.0
-9999.0 -9999.0 -9999.0 -9999.0 -9999.0 -9999.0 -9999.0 -9999.0 21.480545 1981.140784 25.229483 17.728682 162.294723 16.287626 17.390273 14.576837 0.001190 0.000000 0.000000 0.000000 0.000000 0.000000 0.000000 0.000000 0.000000 0.005951 26.201496 24.577250 18.408331 28.302294 21.677733 52.453843 32.905117 26.862570 35.339381 113.769450 41.303919 4.194176 35.254180 35.842448 31.209088 21.002748 28.328161 1586.603302 29.920355 28.439133 14.807607 18.152518 20.287749 23.097417 0.999297 38.787131 28.332214 20.894915 31.726017 46.941538 40.077450 34.090725 42.962307 0.008907 0.000000 -9999.0
-9999.0 -9999.0 -9999.0 -9999.0 -9999.0 -9999.0 -9999.0 -9999.0 20.165565 25.999394 89.834915 18.211258 28.019640 26.993281 26.653358 22.236871 0.004389 0.000000 0.000160 0.000000 0.000000 0.000000 0.000000 0.000000 0.000000 0.001695 16.423543 17.927419 17.024121 43.217132 23.824603 43.627869 41.924155 76.977602 28.029562 10.994239 13.667885 0.999110 30.680083 29.388868 16.929006 24.637302 31.724390 18.610528 14.086966 17.656195 24.069824 30.365810 12.320516 14.986597 10.913029 0.999394 30.029599 15.967553 33.130814 45.917937 67.587879 170.101922 0.017948 0.004769 0.006520 8.198316
-9999.0 -9999.0 -9999.0 -9999.0 -9999.0 -9999.0 -9999.0 -9999.0 14.682543 28.595012 2711.746667 18.005940 32.651561 32.624888 27.479931 36.056003 0.993256 2.768970 6.121482 0.000403 0.000000 0.000000 0.000000 0.000000 0.000000 0.000000 0.000000 7.598820 0.659556 66.456953 20.605090 38.048052 90.993525 43.556505 22.186932 20.976390 19.869384 0.999150 46.149084 29.958588 19.489254 27.674799 51.041082 27.307070 17.497098 21.003774 26.556401 49.537616 13.116176 10.214635 0.001020 0.000000 0.996024 0.001993 162.559121 181.172062 1.478196 0.999752 20.893302 24.542639 27.824769 23.723252
-9999.0 -9999.0 18.035519 22.961996 652.242691 15.955530 128.762011 40.130984 23.122042 27.574660 32.910804 132.056634 44.675214 39.662806 1.182367 0.999457 22.840198 17.419739 9.053452 8.727007 0.000301 0.000000 0.000116 0.000000 0.000000 0.000000 0.000000 0.000205 0.015980 42.175206 3.117012 22.565196 213.059800 29.340770 30.303706 16.452108 3.697400 0.998921 35.450266 21.408021 22.807006 30.618905 69.468704 31.714848 16.743421 21.004856 31.547437 39.413239 26.250595 0.006502 0.000000 0.000000 0.999328 2.309185 2.257205 1.255396 93.404888 44.941371 33.515936 33.178244 31.327470 26.869268
-9999.0 13.399586 34.455067 26.949861 13.104667 78.949654 118.539308 27.735888 23.886321 22.577673 29.836107 27.261604 54.821577 80.341940 0.998676 26.259222 23.536961 17.043658 3.563711 0.000042 0.000000 0.007906 31.456354 0.000116 0.000000 0.000000 0.000000 0.000000 0.000000 0.019742 0.000000 0.003803 53.748057 46.518646 0.009326 0.002035 0.000000 0.004894 32.309272 11.355424 0.004505 40.119905 71.624652 0.007899 0.001804 0.003604 0.010011 13.715556 0.008262 0.000000 0.010048 1.155784 84.818268 115.695249 106.009291 41.470659 42.231101 34.161440 34.271062 29.098289 30.445551 29.572490
-9999.0 38.718321 64.297995 46.827394 0.000911 85.293583 17.269393 16.931724 15.740048 14.892004 20.491202 17.249965 30.196981 1.177872 31.551799 25.801514 24.228412 13.947760 35.908651 54.248815 58.288651 34.994162 0.011037 4.511743 0.000000 0.000000 0.000000 0.000000 0.000000 0.000000 0.000000 0.000000 31.359781 0.024388 0.000000 0.000000 0.000000 0.000000 0.855101 0.000758 0.001965 39.548914 63.436986 0.000000 0.000000 0.000000 0.000000 0.013585 0.989987 1.677195 33.731779 24.255676 22.631324 159.082739 37.593886 27.282334 53.014412 31.119503 29.370016 24.497148 27.549937 -9999.0
