user2019/resources/simulation/Vinschgau/output-maps/PrecTOTALN0660.asc
ncols         63
nrows         48
xllcorner     598000.000000
yllcorner     5145000.000000
cellsize      1000.000000
NODATA_value  -9999.0
[rows 0 to 28 of 48, columns 0 to 62 of 63]
-9999.0 -9999.0 -9999.0 -9999.0 -9999.0 -9999.0 -9999.0 -9999.0 -9999.0 -9999.0 -9999.0 -9999.0 -9999.0 -9999.0 -9999.0 -9999.0 -9999.0 -9999.0 -9999.0 -9999.0 -9999.0 -9999.0 -9999.0 -9999.0 -9999.0 -9999.0 -9999.0 -9999.0 -9999.0 -9999.0 -9999.0 -9999.0 -9999.0 -9999.0 -9999.0 -9999.0 -9999.0 -9999.0 -9999.0 -9999.0 -9999.0 -9999.0 -9999.0 -9999.0 -9999.0 -9999.0 -9999.0 -9999.0 -9999.0 -9999.0 -9999.0 -9999.0 -9999.0 -9999.0 -9999.0 -9999.0 -9999.0 -9999.0 -9999.0 -9999.0 -9999.0 -9999.0 -9999.0
-9999.0 -9999.0 -9999.0 -9999.0 -9999.0 -9999.0 -9999.0 -9999.0 -9999.0 -9999.0 -9999.0 -9999.0 -9999.0 -9999.0 -9999.0 -9999.0 -9999.0 -9999.0 -9999.0 -9999.0 -9999.0 -9999.0 -9999.0 -9999.0 -9999.0 -9999.0 -9999.0 0.029790 0.028304 0.027617 0.030533 0.032437 0.030956 -9999.0 -9999.0 -9999.0 -9999.0 -9999.0 -9999.0 -9999.0 -9999.0 -9999.0 -9999.0 -9999.0 -9999.0 -9999.0 -9999.0 -9999.0 -9999.0 -9999.0 -9999.0 -9999.0 -9999.0 -9999.0 -9999.0 -9999.0 -9999.0 -9999.0 -9999.0 -9999.0 -9999.0 -9999.0 -9999.0
-9999.0 -9999.0 -9999.0 -9999.0 -9999.0 -9999.0 -9999.0 -9999.0 -9999.0 -9999.0 -9999.0 -9999.0 -9999.0 -9999.0 -9999.0 -9999.0 -9999.0 -9999.0 -9999.0 -9999.0 -9999.0 -9999.0 -9999.0 -9999.0 0.031875 0.028406 0.025425 0.025207 0.023772 0.024560 0.029353 -9999.0 -9999.0 -9999.0 -9999.0 -9999.0 -9999.0 -9999.0 -9999.0 -9999.0 -9999.0 -9999.0 -9999.0 -9999.0 -9999.0 -9999.0 -9999.0 -9999.0 -9999.0 -9999.0 -9999.0 -9999.0 -9999.0 -9999.0 -9999.0 -9999.0 -9999.0 -9999.0 -9999.0 -9999.0 -9999.0 -9999.0 -9999.0
-9999.0 -9999.0 -9999.0 -9999.0 -9999.0 -9999.0 -9999.0 -9999.0 -9999.0 -9999.0 -9999.0 -9999.0 -9999.0 -9999.0 -9999.0 -9999.0 -9999.0 -9999.0 -9999.0 -9999.0 -9999.0 -9999.0 -9999.0 0.033061 0.027813 0.024226 0.021327 0.020333 0.019656 0.022677 0.027484 0.030633 -9999.0 -9999.0 -9999.0 -9999.0 -9999.0 -9999.0 -9999.0 -9999.0 -9999.0 -9999.0 -9999.0 -9999.0 -9999.0 -9999.0 -9999.0 -9999.0 -9999.0 -9999.0 -9999.0 -9999.0 -9999.0 -9999.0 -9999.0 -9999.0 -9999.0 -9999.0 -9999.0 -9999.0 -9999.0 -9999.0 -9999.0
-9999.0 -9999.0 -9999.0 -9999.0 -9999.0 -9999.0 -9999.0 -9999.0 -9999.0 -9999.0 -9999.0 -9999.0 -9999.0 -9999.0 -9999.0 -9999.0 -9999.0 -9999.0 0.032297 0.037997 -9999.0 0.039177 0.034447 0.029154 0.024074 0.019503 0.018350 0.017216 0.017094 0.020157 0.023776 0.028559 0.030158 0.033449 -9999.0 -9999.0 -9999.0 -9999.0 -9999.0 -9999.0 -9999.0 -9999.0 -9999.0 -9999.0 -9999.0 -9999.0 -9999.0 -9999.0 -9999.0 -9999.0 -9999.0 -9999.0 -9999.0 -9999.0 -9999.0 -9999.0 -9999.0 -9999.0 -9999.0 -9999.0 -9999.0 -9999.0 -9999.0
-9999.0 -9999.0 -9999.0 -9999.0 -9999.0 -9999.0 -9999.0 -9999.0 -9999.0 -9999.0 -9999.0 -9999.0 -9999.0 -9999.0 -9999.0 -9999.0 -9999.0 0.029630 0.030716 0.034321 0.038088 0.036628 0.032288 0.025918 0.021510 0.022136 0.021646 0.021143 0.019625 0.017852 0.021548 0.025675 0.025807 0.029008 0.033653 0.036940 -9999.0 -9999.0 -9999.0 -9999.0 -9999.0 -9999.0 -9999.0 -9999.0 -9999.0 -9999.0 -9999.0 -9999.0 -9999.0 -9999.0 -9999.0 -9999.0 -9999.0 -9999.0 -9999.0 -9999.0 -9999.0 -9999.0 -9999.0 -9999.0 -9999.0 -9999.0 -9999.0
-9999.0 -9999.0 -9999.0 -9999.0 -9999.0 -9999.0 -9999.0 -9999.0 -9999.0 -9999.0 -9999.0 -9999.0 -9999.0 0.045221 0.039423 0.034309 0.032842 0.031720 0.030575 0.033137 0.033959 0.032754 0.028738 0.024599 0.025877 0.025984 0.027251 0.024912 0.023794 0.022392 0.021370 0.022786 0.027553 0.027657 0.029145 0.033540 -9999.0 -9999.0 -9999.0 -9999.0 -9999.0 -9999.0 -9999.0 -9999.0 -9999.0 -9999.0 -9999.0 -9999.0 -9999.0 -9999.0 -9999.0 -9999.0 -9999.0 -9999.0 -9999.0 -9999.0 -9999.0 -9999.0 -9999.0 -9999.0 -9999.0 -9999.0 -9999.0
-9999.0 -9999.0 -9999.0 -9999.0 -9999.0 -9999.0 -9999.0 -9999.0 -9999.0 -9999.0 -9999.0 -9999.0 -9999.0 0.045263 0.039378 0.037178 0.037239 0.033598 0.033364 0.032453 0.029772 0.027207 0.028225 0.028322 0.028238 0.028064 0.029638 0.029180 0.030356 0.027131 0.025327 0.027410 0.030164 0.031637 0.031541 -9999.0 -9999.0 -9999.0 -9999.0 -9999.0 -9999.0 -9999.0 -9999.0 -9999.0 -9999.0 -9999.0 -9999.0 -9999.0 -9999.0 -9999.0 -9999.0 -9999.0 -9999.0 -9999.0 -9999.0 -9999.0 -9999.0 -9999.0 -9999.0 -9999.0 -9999.0 -9999.0 -9999.0
-9999.0 -9999.0 -9999.0 -9999.0 -9999.0 -9999.0 -9999.0 -9999.0 -9999.0 -9999.0 -9999.0 -9999.0 -9999.0 0.041744 0.036830 0.041652 0.041474 0.037054 0.035107 0.035091 0.035208 0.035361 0.034214 0.034234 0.032532 0.031357 0.030984 0.034239 0.033264 0.032809 0.029004 0.033234 0.034391 0.035846 0.032347 -9999.0 -9999.0 -9999.0 -9999.0 -9999.0 -9999.0 -9999.0 -9999.0 -9999.0 -9999.0 -9999.0 -9999.0 -9999.0 -9999.0 -9999.0 -9999.0 -9999.0 -9999.0 -9999.0 -9999.0 -9999.0 -9999.0 -9999.0 -9999.0 -9999.0 -9999.0 -9999.0 -9999.0
-9999.0 -9999.0 -9999.0 -9999.0 -9999.0 -9999.0 -9999.0 -9999.0 -9999.0 -9999.0 -9999.0 -9999.0 0.044554 0.037914 0.041650 0.046863 0.045683 0.040157 0.036865 0.036875 0.038629 0.042451 0.042163 0.039637 0.031417 0.033785 0.029865 0.034839 0.030185 0.033585 0.035269 0.032456 0.028331 0.032245 -9999.0 -9999.0 -9999.0 -9999.0 -9999.0 -9999.0 -9999.0 -9999.0 -9999.0 -9999.0 -9999.0 -9999.0 -9999.0 -9999.0 -9999.0 -9999.0 -9999.0 -9999.0 -9999.0 -9999.0 -9999.0 -9999.0 -9999.0 -9999.0 -9999.0 -9999.0 -9999.0 -9999.0 -9999.0
-9999.0 -9999.0 -9999.0 -9999.0 -9999.0 -9999.0 -9999.0 -9999.0 -9999.0 -9999.0 -9999.0 0.047905 0.042508 0.038813 0.048312 0.052377 0.051172 0.042744 0.040256 0.039383 0.042246 0.042025 0.044533 0.042815 0.034620 0.036208 0.036505 0.035026 0.028004 0.034021 0.034017 0.025677 0.028461 0.028576 0.024158 0.018215 0.015175 0.012192 0.011336 -9999.0 -9999.0 -9999.0 0.028308 -9999.0 -9999.0 -9999.0 -9999.0 -9999.0 -9999.0 -9999.0 -9999.0 -9999.0 -9999.0 -9999.0 -9999.0 -9999.0 -9999.0 -9999.0 -9999.0 -9999.0 -9999.0 -9999.0 -9999.0
-9999.0 -9999.0 -9999.0 -9999.0 -9999.0 -9999.0 -9999.0 -9999.0 -9999.0 -9999.0 -9999.0 0.045930 0.045468 0.043259 0.049481 0.054552 0.049667 0.043666 0.039842 0.041669 0.040655 0.043145 0.044859 0.044160 0.036519 0.039222 0.036898 0.032595 0.031553 0.035067 0.029204 0.023702 0.026928 0.026871 0.021223 0.013874 0.008588 0.006367 0.006164 0.009603 0.013303 0.018727 0.020285 0.028849 -9999.0 -9999.0 -9999.0 0.057531 0.059642 0.061469 0.068166 0.079478 0.090966 0.099233 0.110826 0.130346 -9999.0 -9999.0 -9999.0 -9999.0 -9999.0 -9999.0 -9999.0
-9999.0 -9999.0 -9999.0 -9999.0 -9999.0 -9999.0 -9999.0 -9999.0 -9999.0 -9999.0 -9999.0 0.049780 0.047939 0.043058 0.050940 0.052814 0.047621 0.042650 0.041011 0.039161 0.039562 0.039466 0.039966 0.042253 0.040316 0.035910 0.030438 0.026430 0.033189 0.037379 0.031766 0.024076 0.023697 0.023447 0.018901 0.010223 0.005109 0.002221 0.001818 0.004419 0.008505 0.014401 0.017623 0.024623 0.033134 -9999.0 0.052617 0.048133 0.048193 0.048914 0.051404 0.056340 0.065222 0.075408 0.086933 0.103490 -9999.0 -9999.0 -9999.0 -9999.0 -9999.0 -9999.0 -9999.0
-9999.0 -9999.0 -9999.0 -9999.0 -9999.0 -9999.0 -9999.0 -9999.0 -9999.0 -9999.0 -9999.0 -9999.0 0.048842 0.047462 0.051127 0.053330 0.046455 0.040649 0.036726 0.034708 0.036717 0.037624 0.034091 0.033514 0.036838 0.031517 0.026659 0.031206 0.035294 0.035386 0.030858 0.024463 0.024346 0.023576 0.017917 0.010226 0.003968 0.000629 0.000159 0.002424 0.007042 0.011650 0.015559 0.021159 0.030335 0.039366 0.044318 0.047350 0.042735 0.041142 0.040638 0.047966 0.053926 0.060192 0.069075 0.084002 0.102895 -9999.0 -9999.0 -9999.0 -9999.0 -9999.0 -9999.0
-9999.0 -9999.0 -9999.0 -9999.0 -9999.0 -9999.0 -9999.0 -9999.0 -9999.0 -9999.0 -9999.0 0.048530 0.052664 0.049661 0.046084 0.046367 0.043594 0.038190 0.033745 0.031946 0.032731 0.032324 0.029896 0.032013 0.031926 0.026503 0.027550 0.034131 0.034460 0.031223 0.026118 0.023864 0.022258 0.023149 0.019995 0.011890 0.005732 0.001752 0.001069 0.003271 0.007237 0.010344 0.014448 0.019096 0.023767 0.033450 0.037565 0.040034 0.039930 0.033602 0.047043 0.056692 0.060163 0.067209 0.079273 0.088591 0.091602 -9999.0 -9999.0 -9999.0 -9999.0 -9999.0 -9999.0
-9999.0 -9999.0 -9999.0 -9999.0 -9999.0 -9999.0 -9999.0 -9999.0 -9999.0 -9999.0 0.041998 0.045838 0.049988 0.051663 0.047004 0.041110 0.041592 0.037447 0.032152 0.030364 0.029224 0.026449 0.029447 0.028439 0.025762 0.022688 0.028882 0.033344 0.029522 0.027560 0.023071 0.022935 0.023390 0.024284 0.023918 0.015433 0.009339 0.005817 0.004561 0.005445 0.007917 0.010366 0.013298 0.017597 0.021850 0.029718 0.036354 0.031339 0.031600 0.028901 0.045503 0.061387 0.065751 0.076135 0.079221 0.071331 0.071129 -9999.0 -9999.0 -9999.0 -9999.0 -9999.0 -9999.0
-9999.0 -9999.0 -9999.0 -9999.0 -9999.0 -9999.0 -9999.0 -9999.0 -9999.0 0.051483 0.045873 0.044299 0.039840 0.047080 0.045782 0.045637 0.045374 0.039477 0.031918 0.029441 0.026539 0.025884 0.023900 0.021157 0.020732 0.025289 0.028925 0.027161 0.024051 0.023580 0.020104 0.024712 0.027566 0.031113 0.027227 0.020381 0.013807 0.012001 0.010615 0.010777 0.012173 0.015711 0.017484 0.016634 0.020888 0.024669 0.027671 0.032005 0.035000 0.027580 0.037082 0.052738 0.068923 0.074119 0.067613 0.061326 0.060069 0.067404 0.076881 -9999.0 -9999.0 -9999.0 -9999.0
-9999.0 -9999.0 -9999.0 -9999.0 -9999.0 -9999.0 -9999.0 -9999.0 -9999.0 0.050930 0.052701 0.045211 0.034154 0.041186 0.045905 0.049493 0.046029 0.038537 0.033307 0.030126 0.025237 0.020478 0.017466 0.018977 0.022508 0.026086 0.024862 0.023184 0.020213 0.020537 0.023187 0.027492 0.029363 0.031729 0.027494 0.024007 0.021760 0.018575 0.018234 0.016824 0.017771 0.021933 0.021574 0.019486 0.019533 0.019799 0.021104 0.026266 0.028654 0.024328 0.037187 0.047226 0.063300 0.064656 0.055840 0.059586 0.053437 0.047747 0.052895 -9999.0 -9999.0 -9999.0 -9999.0
-9999.0 -9999.0 -9999.0 -9999.0 -9999.0 -9999.0 -9999.0 -9999.0 -9999.0 -9999.0 0.054125 0.045630 0.041222 0.037177 0.041104 0.045186 0.044336 0.039427 0.036989 0.032060 0.023601 0.018295 0.016705 0.016953 0.021466 0.022649 0.022456 0.019829 0.023837 0.026145 0.028104 0.024838 0.032950 0.033137 0.027782 0.024211 0.023572 0.021059 0.024734 0.026024 0.025138 0.024514 0.020550 0.024945 0.024354 0.026175 0.025309 0.022777 0.020506 0.026548 0.035041 0.038217 0.050754 0.059643 0.060060 0.052089 0.042576 0.032223 0.034872 0.036795 -9999.0 -9999.0 -9999.0
-9999.0 -9999.0 -9999.0 -9999.0 -9999.0 -9999.0 -9999.0 -9999.0 -9999.0 -9999.0 0.053460 0.050345 0.046256 0.040949 0.035961 0.039524 0.040299 0.040740 0.038803 0.030412 0.022195 0.014844 0.010383 0.010517 0.017342 0.024241 0.022743 0.023613 0.026384 0.029836 0.032778 0.029145 0.032305 0.036791 0.032217 0.024592 0.022942 0.024593 0.027757 0.033009 0.031649 0.028074 0.027783 0.031492 0.030705 0.030062 0.028482 0.026614 0.023900 0.023374 0.025967 0.034080 0.040255 0.046782 0.053571 0.050028 0.043837 0.032153 0.025859 0.027282 -9999.0 -9999.0 -9999.0
-9999.0 -9999.0 -9999.0 -9999.0 -9999.0 -9999.0 -9999.0 -9999.0 0.044119 0.048308 0.050659 0.045050 0.043519 0.045856 0.040959 0.034048 0.033277 0.033282 0.031999 0.026437 0.016824 0.008807 0.004032 0.001662 0.010637 0.028639 0.027750 0.027203 0.029570 0.033375 0.037010 0.033914 0.036136 0.039638 0.035301 0.030973 0.028040 0.024573 0.031039 0.037278 0.035774 0.030597 0.035593 0.037391 0.033408 0.028091 0.033883 0.030631 0.025300 0.020670 0.025664 0.028819 0.033510 0.042186 0.040616 0.035483 0.038107 0.030514 0.024816 0.021568 -9999.0 -9999.0 -9999.0
-9999.0 -9999.0 -9999.0 -9999.0 -9999.0 -9999.0 -9999.0 -9999.0 0.040132 0.041804 0.047318 0.051011 0.046175 0.037140 0.041965 0.036142 0.034834 0.032077 0.025829 0.020254 0.012816 0.005766 0.000606 0.001741 0.007441 0.019436 0.023639 0.025272 0.030743 0.035571 0.038802 0.035403 0.036462 0.039088 0.037537 0.035014 0.028558 0.026438 0.031860 0.037857 0.042323 0.039617 0.041111 0.036686 0.031469 0.034070 0.038708 0.035392 0.026229 0.022724 0.019747 0.024973 0.030426 0.032756 0.025891 0.023871 0.024701 0.023708 0.019646 0.019032 0.019213 -9999.0 -9999.0
-9999.0 -9999.0 -9999.0 -9999.0 -9999.0 -9999.0 -9999.0 -9999.0 0.044149 0.039065 0.042584 0.049228 0.044280 0.044095 0.041160 0.036589 0.029237 0.027350 0.021763 0.016992 0.011682 0.006725 0.003564 0.004130 0.007304 0.013502 0.018650 0.023906 0.029422 0.033247 0.033614 0.031151 0.035394 0.035323 0.036765 0.031339 0.033071 0.026010 0.032710 0.037919 0.043398 0.044219 0.040981 0.036552 0.037759 0.038765 0.041642 0.038901 0.031770 0.021776 0.016595 0.019655 0.023479 0.022280 0.018664 0.019521 0.017840 0.017839 0.017539 0.017808 0.017156 -9999.0 -9999.0
-9999.0 -9999.0 -9999.0 -9999.0 -9999.0 -9999.0 -9999.0 -9999.0 0.048148 0.040942 0.034182 0.041541 0.044025 0.039789 0.034574 0.028764 0.024133 0.020963 0.017464 0.016491 0.012293 0.008384 0.005165 0.002793 0.005528 0.011873 0.018318 0.024922 0.026746 0.025994 0.030940 0.031576 0.027587 0.027638 0.036089 0.036652 0.032535 0.025056 0.031613 0.037074 0.042554 0.041508 0.040136 0.037638 0.042448 0.040477 0.037023 0.035362 0.031513 0.025289 0.019774 0.015554 0.016583 0.016284 0.014789 0.015239 0.015381 0.016053 0.016598 0.016179 0.015974 0.018198 -9999.0
-9999.0 -9999.0 -9999.0 -9999.0 -9999.0 -9999.0 -9999.0 -9999.0 0.048048 0.040530 0.034951 0.036842 0.034915 0.033345 0.030683 0.026638 0.021642 0.022450 0.022347 0.018852 0.014198 0.010036 0.005466 0.000501 0.003812 0.011519 0.018452 0.022777 0.022204 0.024055 0.029768 0.029068 0.024131 0.029933 0.032518 0.033123 0.030161 0.025467 0.027338 0.032192 0.033769 0.032726 0.029920 0.030951 0.035807 0.035042 0.029802 0.026160 0.024706 0.020986 0.019247 0.017186 0.015414 0.013691 0.013069 0.013714 0.014739 0.015526 0.015493 0.015560 0.015792 0.017303 -9999.0
-9999.0 -9999.0 0.045239 0.044211 0.043243 0.042720 0.040664 0.044166 0.047573 0.044817 0.037448 0.032330 0.035136 0.032391 0.028648 0.023211 0.027197 0.031102 0.029296 0.022802 0.017900 0.013612 0.010281 0.007181 0.008980 0.013949 0.018281 0.021284 0.020399 0.025016 0.028986 0.030104 0.023672 0.027401 0.026669 0.027212 0.025105 0.025592 0.027073 0.029905 0.029287 0.027012 0.026885 0.027919 0.029660 0.028569 0.023996 0.023738 0.019210 0.017848 0.016610 0.015539 0.014390 0.013549 0.013243 0.013631 0.014215 0.014880 0.016046 0.016065 0.016261 0.016799 -9999.0
-9999.0 0.039077 0.038789 0.040137 0.040594 0.039043 0.040752 0.046355 0.050170 0.048522 0.040827 0.035884 0.032383 0.032833 0.029075 0.031746 0.035455 0.038393 0.033191 0.025574 0.022287 0.020223 0.019557 0.018520 0.017212 0.017747 0.018669 0.019630 0.020170 0.023570 0.025250 0.027936 0.027676 0.024772 0.024591 0.022941 0.022309 0.022196 0.022612 0.023494 0.023658 0.022781 0.023159 0.025719 0.024673 0.022735 0.020904 0.018837 0.017792 0.017588 0.016786 0.015766 0.014971 0.014827 0.014175 0.014452 0.016624 0.017094 0.017630 0.017987 0.017892 0.015860 -9999.0
-9999.0 0.035849 0.035743 0.035069 0.035732 0.034787 0.039006 0.044687 0.048317 0.047459 0.041644 0.035282 0.032215 0.030901 0.033193 0.038994 0.043215 0.038163 0.030457 0.028681 0.025615 0.028460 0.031330 0.032076 0.027176 0.022673 0.020502 0.020243 0.021206 0.022527 0.024135 0.026003 0.026231 0.025358 0.023477 0.021919 0.020822 0.017952 0.021444 0.021853 0.021155 0.021157 0.021392 0.021353 0.020121 0.019849 0.017830 0.018136 0.017748 0.017601 0.017420 0.017830 0.017590 0.016327 0.016134 0.017836 0.018922 0.020604 0.020716 0.021598 0.019442 -9999.0 -9999.0
-9999.0 0.038713 0.032570 0.032189 0.030842 0.034196 0.034648 0.037692 0.041444 0.041759 0.037347 0.032214 0.030234 0.032205 0.036939 0.041786 0.044811 0.038273 0.036369 0.030641 0.035510 0.036683 0.039486 0.040026 0.033487 0.026985 0.023596 0.022453 0.022765 0.024038 0.025808 0.026760 0.026449 0.025480 0.023669 0.021864 0.020919 0.021355 0.023223 0.022494 0.021877 0.021458 0.021088 0.020687 0.020565 0.020314 0.020390 0.019018 0.019424 0.019765 0.020492 0.022000 0.021847 0.018624 0.020237 0.022722 0.022830 0.024231 0.025069 -9999.0 -9999.0 -9999.0 -9999.0
