user2019/resources/simulation/Vinschgau/output-maps/PrecTOTALN0242.asc
ncols         63
nrows         48
xllcorner     598000.000000
yllcorner     5145000.000000
cellsize      1000.000000
NODATA_value  -9999.0
[rows 0 to 28 of 48, columns 0 to 62 of 63]
-9999.0 -9999.0 -9999.0 -9999.0 -9999.0 -9999.0 -9999.0 -9999.0 -9999.0 -9999.0 -9999.0 -9999.0 -9999.0 -9999.0 -9999.0 -9999.0 -9999.0 -9999.0 -9999.0 -9999.0 -9999.0 -9999.0 -9999.0 -9999.0 -9999.0 -9999.0 -9999.0 -9999.0 -9999.0 -9999.0 -9999.0 -9999.0 -9999.0 -9999.0 -9999.0 -9999.0 -9999.0 -9999.0 -9999.0 -9999.0 -9999.0 -9999.0 -9999.0 -9999.0 -9999.0 -9999.0 -9999.0 -9999.0 -9999.0 -9999.0 -9999.0 -9999.0 -9999.0 -9999.0 -9999.0 -9999.0 -9999.0 -9999.0 -9999.0 -9999.0 -9999.0 -9999.0 -9999.0
-9999.0 -9999.0 -9999.0 -9999.0 -9999.0 -9999.0 -9999.0 -9999.0 -9999.0 -9999.0 -9999.0 -9999.0 -9999.0 -9999.0 -9999.0 -9999.0 -9999.0 -9999.0 -9999.0 -9999.0 -9999.0 -9999.0 -9999.0 -9999.0 -9999.0 -9999.0 -9999.0 0.000315 0.000275 0.000281 0.000354 0.000434 0.000466 -9999.0 -9999.0 -9999.0 -9999.0 -9999.0 -9999.0 -9999.0 -9999.0 -9999.0 -9999.0 -9999.0 -9999.0 -9999.0 -9999.0 -9999.0 -9999.0 -9999.0 -9999.0 -9999.0 -9999.0 -9999.0 -9999.0 -9999.0 -9999.0 -9999.0 -9999.0 -9999.0 -9999.0 -9999.0 -9999.0
-9999.0 -9999.0 -9999.0 -9999.0 -9999.0 -9999.0 -9999.0 -9999.0 -9999.0 -9999.0 -9999.0 -9999.0 -9999.0 -9999.0 -9999.0 -9999.0 -9999.0 -9999.0 -9999.0 -9999.0 -9999.0 -9999.0 -9999.0 -9999.0 0.000560 0.000384 0.000242 0.000166 0.000134 0.000164 0.000264 -9999.0 -9999.0 -9999.0 -9999.0 -9999.0 -9999.0 -9999.0 -9999.0 -9999.0 -9999.0 -9999.0 -9999.0 -9999.0 -9999.0 -9999.0 -9999.0 -9999.0 -9999.0 -9999.0 -9999.0 -9999.0 -9999.0 -9999.0 -9999.0 -9999.0 -9999.0 -9999.0 -9999.0 -9999.0 -9999.0 -9999.0 -9999.0
-9999.0 -9999.0 -9999.0 -9999.0 -9999.0 -9999.0 -9999.0 -9999.0 -9999.0 -9999.0 -9999.0 -9999.0 -9999.0 -9999.0 -9999.0 -9999.0 -9999.0 -9999.0 -9999.0 -9999.0 -9999.0 -9999.0 -9999.0 0.000683 0.000463 0.000285 0.000144 0.000061 0.000037 0.000081 0.000189 0.000316 -9999.0 -9999.0 -9999.0 -9999.0 -9999.0 -9999.0 -9999.0 -9999.0 -9999.0 -9999.0 -9999.0 -9999.0 -9999.0 -9999.0 -9999.0 -9999.0 -9999.0 -9999.0 -9999.0 -9999.0 -9999.0 -9999.0 -9999.0 -9999.0 -9999.0 -9999.0 -9999.0 -9999.0 -9999.0 -9999.0 -9999.0
-9999.0 -9999.0 -9999.0 -9999.0 -9999.0 -9999.0 -9999.0 -9999.0 -9999.0 -9999.0 -9999.0 -9999.0 -9999.0 -9999.0 -9999.0 -9999.0 -9999.0 -9999.0 0.000985 0.001096 -9999.0 0.001006 0.000812 0.000602 0.000399 0.000222 0.000104 0.000022 0.000001 0.000045 0.000145 0.000286 0.000397 0.000515 -9999.0 -9999.0 -9999.0 -9999.0 -9999.0 -9999.0 -9999.0 -9999.0 -9999.0 -9999.0 -9999.0 -9999.0 -9999.0 -9999.0 -9999.0 -9999.0 -9999.0 -9999.0 -9999.0 -9999.0 -9999.0 -9999.0 -9999.0 -9999.0 -9999.0 -9999.0 -9999.0 -9999.0 -9999.0
-9999.0 -9999.0 -9999.0 -9999.0 -9999.0 -9999.0 -9999.0 -9999.0 -9999.0 -9999.0 -9999.0 -9999.0 -9999.0 -9999.0 -9999.0 -9999.0 -9999.0 0.000912 0.000882 0.000935 0.000994 0.000916 0.000758 0.000547 0.000377 0.000281 0.000157 0.000062 0.000033 0.000065 0.000156 0.000280 0.000357 0.000462 0.000580 0.000663 -9999.0 -9999.0 -9999.0 -9999.0 -9999.0 -9999.0 -9999.0 -9999.0 -9999.0 -9999.0 -9999.0 -9999.0 -9999.0 -9999.0 -9999.0 -9999.0 -9999.0 -9999.0 -9999.0 -9999.0 -9999.0 -9999.0 -9999.0 -9999.0 -9999.0 -9999.0 -9999.0
-9999.0 -9999.0 -9999.0 -9999.0 -9999.0 -9999.0 -9999.0 -9999.0 -9999.0 -9999.0 -9999.0 -9999.0 -9999.0 0.001994 0.001565 0.001213 0.001031 0.000895 0.000796 0.000822 0.000824 0.000784 0.000669 0.000537 0.000497 0.000401 0.000302 0.000188 0.000150 0.000169 0.000217 0.000294 0.000418 0.000465 0.000519 0.000615 -9999.0 -9999.0 -9999.0 -9999.0 -9999.0 -9999.0 -9999.0 -9999.0 -9999.0 -9999.0 -9999.0 -9999.0 -9999.0 -9999.0 -9999.0 -9999.0 -9999.0 -9999.0 -9999.0 -9999.0 -9999.0 -9999.0 -9999.0 -9999.0 -9999.0 -9999.0 -9999.0
-9999.0 -9999.0 -9999.0 -9999.0 -9999.0 -9999.0 -9999.0 -9999.0 -9999.0 -9999.0 -9999.0 -9999.0 -9999.0 0.002027 0.001546 0.001252 0.001064 0.000827 0.000739 0.000691 0.000643 0.000608 0.000644 0.000636 0.000594 0.000521 0.000462 0.000381 0.000361 0.000334 0.000348 0.000422 0.000508 0.000567 0.000585 -9999.0 -9999.0 -9999.0 -9999.0 -9999.0 -9999.0 -9999.0 -9999.0 -9999.0 -9999.0 -9999.0 -9999.0 -9999.0 -9999.0 -9999.0 -9999.0 -9999.0 -9999.0 -9999.0 -9999.0 -9999.0 -9999.0 -9999.0 -9999.0 -9999.0 -9999.0 -9999.0 -9999.0
-9999.0 -9999.0 -9999.0 -9999.0 -9999.0 -9999.0 -9999.0 -9999.0 -9999.0 -9999.0 -9999.0 -9999.0 -9999.0 0.001922 0.001438 0.001323 0.001037 0.000733 0.000594 0.000580 0.000633 0.000713 0.000752 0.000783 0.000735 0.000668 0.000604 0.000609 0.000557 0.000544 0.000495 0.000592 0.000637 0.000682 0.000624 -9999.0 -9999.0 -9999.0 -9999.0 -9999.0 -9999.0 -9999.0 -9999.0 -9999.0 -9999.0 -9999.0 -9999.0 -9999.0 -9999.0 -9999.0 -9999.0 -9999.0 -9999.0 -9999.0 -9999.0 -9999.0 -9999.0 -9999.0 -9999.0 -9999.0 -9999.0 -9999.0 -9999.0
-9999.0 -9999.0 -9999.0 -9999.0 -9999.0 -9999.0 -9999.0 -9999.0 -9999.0 -9999.0 -9999.0 -9999.0 0.002484 0.001834 0.001650 0.001413 0.000963 0.000563 0.000385 0.000396 0.000533 0.000754 0.000890 0.000918 0.000748 0.000791 0.000669 0.000740 0.000613 0.000666 0.000696 0.000644 0.000566 0.000646 -9999.0 -9999.0 -9999.0 -9999.0 -9999.0 -9999.0 -9999.0 -9999.0 -9999.0 -9999.0 -9999.0 -9999.0 -9999.0 -9999.0 -9999.0 -9999.0 -9999.0 -9999.0 -9999.0 -9999.0 -9999.0 -9999.0 -9999.0 -9999.0 -9999.0 -9999.0 -9999.0 -9999.0 -9999.0
-9999.0 -9999.0 -9999.0 -9999.0 -9999.0 -9999.0 -9999.0 -9999.0 -9999.0 -9999.0 -9999.0 0.003232 0.002598 0.002042 0.002030 0.001570 0.000921 0.000362 0.000158 0.000200 0.000425 0.000670 0.000922 0.001012 0.000863 0.000907 0.000892 0.000825 0.000636 0.000751 0.000735 0.000547 0.000599 0.000594 0.000494 0.000365 0.000296 0.000231 0.000207 -9999.0 -9999.0 -9999.0 0.000424 -9999.0 -9999.0 -9999.0 -9999.0 -9999.0 -9999.0 -9999.0 -9999.0 -9999.0 -9999.0 -9999.0 -9999.0 -9999.0 -9999.0 -9999.0 -9999.0 -9999.0 -9999.0 -9999.0 -9999.0
-9999.0 -9999.0 -9999.0 -9999.0 -9999.0 -9999.0 -9999.0 -9999.0 -9999.0 -9999.0 -9999.0 0.003467 0.003140 0.002588 0.002358 0.001811 0.000904 0.000261 0.000009 0.000089 0.000357 0.000691 0.000964 0.001092 0.000954 0.001033 0.000953 0.000816 0.000763 0.000822 0.000665 0.000527 0.000585 0.000571 0.000440 0.000280 0.000168 0.000121 0.000112 0.000168 0.000221 0.000296 0.000302 0.000403 -9999.0 -9999.0 -9999.0 0.000572 0.000530 0.000483 0.000465 0.000464 0.000445 0.000398 0.000356 0.000325 -9999.0 -9999.0 -9999.0 -9999.0 -9999.0 -9999.0 -9999.0
-9999.0 -9999.0 -9999.0 -9999.0 -9999.0 -9999.0 -9999.0 -9999.0 -9999.0 -9999.0 -9999.0 0.004291 0.003856 0.003066 0.002968 0.002230 0.001196 0.000462 0.000160 0.000218 0.000481 0.000751 0.000955 0.001121 0.001107 0.000982 0.000812 0.000682 0.000827 0.000900 0.000742 0.000546 0.000523 0.000503 0.000394 0.000206 0.000100 0.000042 0.000033 0.000076 0.000140 0.000226 0.000261 0.000342 0.000430 -9999.0 0.000580 0.000483 0.000435 0.000392 0.000361 0.000342 0.000337 0.000325 0.000307 0.000293 -9999.0 -9999.0 -9999.0 -9999.0 -9999.0 -9999.0 -9999.0
-9999.0 -9999.0 -9999.0 -9999.0 -9999.0 -9999.0 -9999.0 -9999.0 -9999.0 -9999.0 -9999.0 -9999.0 0.004686 0.004167 0.003841 0.003128 0.001896 0.001044 0.000640 0.000586 0.000759 0.000935 0.000942 0.000964 0.001056 0.000880 0.000717 0.000807 0.000880 0.000853 0.000722 0.000555 0.000537 0.000504 0.000371 0.000205 0.000077 0.000012 0.000003 0.000041 0.000115 0.000181 0.000228 0.000292 0.000392 0.000473 0.000491 0.000479 0.000391 0.000337 0.000294 0.000304 0.000294 0.000279 0.000269 0.000271 0.000272 -9999.0 -9999.0 -9999.0 -9999.0 -9999.0 -9999.0
-9999.0 -9999.0 -9999.0 -9999.0 -9999.0 -9999.0 -9999.0 -9999.0 -9999.0 -9999.0 -9999.0 0.005686 0.006117 0.005482 0.004553 0.003807 0.002764 0.001801 0.001236 0.001025 0.001023 0.001020 0.000941 0.000981 0.000935 0.000735 0.000725 0.000859 0.000837 0.000736 0.000599 0.000533 0.000484 0.000488 0.000408 0.000234 0.000109 0.000032 0.000019 0.000055 0.000116 0.000158 0.000209 0.000261 0.000305 0.000400 0.000416 0.000408 0.000370 0.000281 0.000351 0.000374 0.000347 0.000335 0.000339 0.000322 0.000282 -9999.0 -9999.0 -9999.0 -9999.0 -9999.0 -9999.0
-9999.0 -9999.0 -9999.0 -9999.0 -9999.0 -9999.0 -9999.0 -9999.0 -9999.0 -9999.0 0.005490 0.006304 0.007073 0.007225 0.006097 0.004557 0.003645 0.002500 0.001679 0.001330 0.001149 0.000966 0.001003 0.000893 0.000739 0.000597 0.000711 0.000785 0.000676 0.000620 0.000510 0.000497 0.000495 0.000499 0.000476 0.000296 0.000173 0.000103 0.000078 0.000089 0.000124 0.000155 0.000189 0.000237 0.000277 0.000353 0.000402 0.000320 0.000296 0.000246 0.000348 0.000419 0.000398 0.000405 0.000368 0.000289 0.000250 -9999.0 -9999.0 -9999.0 -9999.0 -9999.0 -9999.0
-9999.0 -9999.0 -9999.0 -9999.0 -9999.0 -9999.0 -9999.0 -9999.0 -9999.0 0.006934 0.006748 0.007098 0.006848 0.008354 0.007778 0.006608 0.004926 0.003003 0.001787 0.001367 0.001109 0.000992 0.000826 0.000643 0.000546 0.000588 0.000622 0.000566 0.000500 0.000493 0.000420 0.000512 0.000561 0.000618 0.000524 0.000378 0.000246 0.000206 0.000175 0.000170 0.000184 0.000228 0.000242 0.000219 0.000261 0.000290 0.000305 0.000327 0.000329 0.000237 0.000289 0.000370 0.000433 0.000415 0.000337 0.000271 0.000235 0.000234 0.000239 -9999.0 -9999.0 -9999.0 -9999.0
-9999.0 -9999.0 -9999.0 -9999.0 -9999.0 -9999.0 -9999.0 -9999.0 -9999.0 0.007367 0.008545 0.008270 0.007016 0.009215 0.010278 0.009334 0.005702 0.002616 0.001426 0.001151 0.000974 0.000762 0.000579 0.000521 0.000492 0.000473 0.000416 0.000396 0.000365 0.000390 0.000452 0.000540 0.000571 0.000603 0.000506 0.000426 0.000371 0.000304 0.000287 0.000254 0.000258 0.000306 0.000289 0.000250 0.000239 0.000229 0.000230 0.000267 0.000270 0.000210 0.000293 0.000337 0.000408 0.000375 0.000292 0.000280 0.000226 0.000182 0.000182 -9999.0 -9999.0 -9999.0 -9999.0
-9999.0 -9999.0 -9999.0 -9999.0 -9999.0 -9999.0 -9999.0 -9999.0 -9999.0 -9999.0 0.009353 0.009166 0.009709 0.010116 0.011958 0.011245 0.005969 0.001583 0.000585 0.000768 0.000779 0.000639 0.000512 0.000390 0.000331 0.000250 0.000239 0.000252 0.000361 0.000445 0.000508 0.000460 0.000607 0.000598 0.000485 0.000407 0.000380 0.000325 0.000367 0.000372 0.000347 0.000327 0.000265 0.000309 0.000290 0.000297 0.000271 0.000229 0.000192 0.000228 0.000276 0.000273 0.000329 0.000350 0.000321 0.000254 0.000190 0.000131 0.000129 0.000124 -9999.0 -9999.0 -9999.0
-9999.0 -9999.0 -9999.0 -9999.0 -9999.0 -9999.0 -9999.0 -9999.0 -9999.0 -9999.0 0.009395 0.010459 0.011557 0.012268 0.012102 0.011783 0.005878 0.000907 0.000043 0.000527 0.000681 0.000499 0.000294 0.000194 0.000149 0.000089 0.000108 0.000207 0.000335 0.000459 0.000553 0.000508 0.000562 0.000625 0.000528 0.000386 0.000344 0.000352 0.000382 0.000439 0.000408 0.000353 0.000340 0.000374 0.000353 0.000332 0.000299 0.000263 0.000220 0.000198 0.000201 0.000239 0.000255 0.000269 0.000282 0.000244 0.000199 0.000135 0.000100 0.000096 -9999.0 -9999.0 -9999.0
-9999.0 -9999.0 -9999.0 -9999.0 -9999.0 -9999.0 -9999.0 -9999.0 0.005727 0.007075 0.008554 0.008969 0.010376 0.012972 0.012724 0.009256 0.005041 0.001670 0.000698 0.000721 0.000578 0.000301 0.000110 0.000027 0.000056 0.000003 0.000056 0.000191 0.000341 0.000482 0.000590 0.000558 0.000590 0.000628 0.000535 0.000446 0.000383 0.000320 0.000388 0.000451 0.000424 0.000357 0.000409 0.000422 0.000369 0.000300 0.000347 0.000297 0.000228 0.000171 0.000192 0.000193 0.000200 0.000227 0.000200 0.000165 0.000169 0.000129 0.000098 0.000078 -9999.0 -9999.0 -9999.0
-9999.0 -9999.0 -9999.0 -9999.0 -9999.0 -9999.0 -9999.0 -9999.0 0.004867 0.005635 0.007220 0.008970 0.009434 0.008618 0.010134 0.007578 0.004939 0.002580 0.001317 0.000871 0.000518 0.000206 0.000017 0.000030 0.000059 0.000062 0.000102 0.000209 0.000366 0.000507 0.000595 0.000550 0.000555 0.000570 0.000517 0.000452 0.000346 0.000303 0.000350 0.000406 0.000450 0.000421 0.000437 0.000390 0.000331 0.000351 0.000385 0.000334 0.000231 0.000182 0.000141 0.000155 0.000162 0.000152 0.000109 0.000098 0.000101 0.000097 0.000078 0.000070 0.000063 -9999.0 -9999.0
-9999.0 -9999.0 -9999.0 -9999.0 -9999.0 -9999.0 -9999.0 -9999.0 0.004840 0.004632 0.005523 0.007059 0.007036 0.007587 0.007147 0.005687 0.003560 0.002407 0.001416 0.000889 0.000516 0.000247 0.000103 0.000085 0.000099 0.000131 0.000176 0.000269 0.000388 0.000479 0.000497 0.000454 0.000495 0.000465 0.000450 0.000353 0.000343 0.000252 0.000303 0.000346 0.000401 0.000418 0.000398 0.000362 0.000377 0.000384 0.000401 0.000357 0.000271 0.000168 0.000111 0.000109 0.000103 0.000077 0.000057 0.000062 0.000063 0.000068 0.000068 0.000066 0.000058 -9999.0 -9999.0
-9999.0 -9999.0 -9999.0 -9999.0 -9999.0 -9999.0 -9999.0 -9999.0 0.004637 0.004101 0.003555 0.004477 0.004910 0.004571 0.003999 0.003164 0.002337 0.001681 0.001135 0.000876 0.000538 0.000299 0.000148 0.000063 0.000098 0.000175 0.000251 0.000345 0.000382 0.000373 0.000433 0.000422 0.000346 0.000321 0.000381 0.000347 0.000274 0.000192 0.000231 0.000273 0.000328 0.000340 0.000350 0.000344 0.000400 0.000384 0.000346 0.000317 0.000262 0.000188 0.000123 0.000075 0.000054 0.000032 0.000023 0.000030 0.000043 0.000056 0.000062 0.000060 0.000054 0.000053 -9999.0
-9999.0 -9999.0 -9999.0 -9999.0 -9999.0 -9999.0 -9999.0 -9999.0 0.003988 0.003328 0.002772 0.002735 0.002375 0.002139 0.002025 0.001879 0.001541 0.001482 0.001285 0.000909 0.000560 0.000319 0.000141 0.000011 0.000070 0.000190 0.000286 0.000341 0.000321 0.000330 0.000379 0.000341 0.000261 0.000296 0.000288 0.000251 0.000192 0.000140 0.000142 0.000175 0.000206 0.000226 0.000231 0.000260 0.000318 0.000319 0.000271 0.000230 0.000202 0.000152 0.000115 0.000074 0.000037 0.000011 0.000003 0.000014 0.000034 0.000050 0.000057 0.000057 0.000051 0.000047 -9999.0
-9999.0 -9999.0 0.003194 0.003179 0.003158 0.003153 0.003011 0.003239 0.003383 0.002986 0.002208 0.001539 0.001201 0.000807 0.000785 0.000910 0.001339 0.001608 0.001403 0.000931 0.000586 0.000345 0.000204 0.000121 0.000141 0.000215 0.000277 0.000312 0.000280 0.000309 0.000313 0.000286 0.000207 0.000222 0.000192 0.000158 0.000108 0.000084 0.000083 0.000107 0.000134 0.000155 0.000184 0.000216 0.000250 0.000251 0.000213 0.000206 0.000156 0.000129 0.000099 0.000067 0.000034 0.000010 0.000002 0.000013 0.000032 0.000049 0.000060 0.000058 0.000050 0.000038 -9999.0
-9999.0 0.002602 0.002618 0.002738 0.002785 0.002675 0.002756 0.003038 0.003093 0.002675 0.001842 0.001119 0.000494 0.000133 0.000185 0.000653 0.001221 0.001558 0.001303 0.000850 0.000562 0.000353 0.000236 0.000188 0.000189 0.000223 0.000254 0.000267 0.000251 0.000245 0.000205 0.000185 0.000172 0.000156 0.000143 0.000101 0.000058 0.000030 0.000028 0.000048 0.000079 0.000109 0.000142 0.000186 0.000199 0.000195 0.000183 0.000162 0.000146 0.000130 0.000105 0.000076 0.000047 0.000027 0.000019 0.000027 0.000047 0.000062 0.000069 0.000066 0.000053 0.000029 -9999.0
-9999.0 0.002296 0.002307 0.002272 0.002310 0.002223 0.002430 0.002657 0.002651 0.002272 0.001579 0.000882 0.000359 0.000057 0.000121 0.000599 0.001194 0.001285 0.001001 0.000778 0.000481 0.000297 0.000150 0.000117 0.000167 0.000218 0.000245 0.000252 0.000235 0.000186 0.000123 0.000083 0.000089 0.000116 0.000115 0.000080 0.000034 0.000004 0.000005 0.000025 0.000055 0.000090 0.000123 0.000149 0.000158 0.000167 0.000155 0.000157 0.000148 0.000135 0.000118 0.000100 0.000077 0.000056 0.000049 0.000057 0.000071 0.000086 0.000088 0.000084 0.000059 -9999.0 -9999.0
-9999.0 0.002385 0.002013 0.001986 0.001886 0.002053 0.002013 0.002075 0.002093 0.001842 0.001333 0.000826 0.000476 0.000312 0.000402 0.000766 0.001180 0.001156 0.001049 0.000711 0.000536 0.000249 0.000047 0.000015 0.000121 0.000215 0.000259 0.000264 0.000232 0.000163 0.000072 0.000013 0.000032 0.000087 0.000106 0.000079 0.000038 0.000011 0.000004 0.000025 0.000057 0.000091 0.000121 0.000143 0.000161 0.000171 0.000178 0.000166 0.000166 0.000159 0.000151 0.000143 0.000123 0.000092 0.000092 0.000103 0.000107 0.000116 0.000118 -9999.0 -9999.0 -9999.0 -9999.0
