user2019/resources/simulation/Vinschgau/output-maps/PrecTOTALN0391.asc
ncols         63
nrows         48
xllcorner     598000.000000
yllcorner     5145000.000000
cellsize      1000.000000
NODATA_value  -9999.0
[rows 0 to 28 of 48, columns 0 to 62 of 63]
-9999.0 -9999.0 -9999.0 -9999.0 -9999.0 -9999.0 -9999.0 -9999.0 -9999.0 -9999.0 -9999.0 -9999.0 -9999.0 -9999.0 -9999.0 -9999.0 -9999.0 -9999.0 -9999.0 -9999.0 -9999.0 -9999.0 -9999.0 -9999.0 -9999.0 -9999.0 -9999.0 -9999.0 -9999.0 -9999.0 -9999.0 -9999.0 -9999.0 -9999.0 -9999.0 -9999.0 -9999.0 -9999.0 -9999.0 -9999.0 -9999.0 -9999.0 -9999.0 -9999.0 -9999.0 -9999.0 -9999.0 -9999.0 -9999.0 -9999.0 -9999.0 -9999.0 -9999.0 -9999.0 -9999.0 -9999.0 -9999.0 -9999.0 -9999.0 -9999.0 -9999.0 -9999.0 -9999.0
-9999.0 -9999.0 -9999.0 -9999.0 -9999.0 -9999.0 -9999.0 -9999.0 -9999.0 -9999.0 -9999.0 -9999.0 -9999.0 -9999.0 -9999.0 -9999.0 -9999.0 -9999.0 -9999.0 -9999.0 -9999.0 -9999.0 -9999.0 -9999.0 -9999.0 -9999.0 -9999.0 0.003971 0.003695 0.003786 0.004616 0.005496 0.005844 -9999.0 -9999.0 -9999.0 -9999.0 -9999.0 -9999.0 -9999.0 -9999.0 -9999.0 -9999.0 -9999.0 -9999.0 -9999.0 -9999.0 -9999.0 -9999.0 -9999.0 -9999.0 -9999.0 -9999.0 -9999.0 -9999.0 -9999.0 -9999.0 -9999.0 -9999.0 -9999.0 -9999.0 -9999.0 -9999.0
-9999.0 -9999.0 -9999.0 -9999.0 -9999.0 -9999.0 -9999.0 -9999.0 -9999.0 -9999.0 -9999.0 -9999.0 -9999.0 -9999.0 -9999.0 -9999.0 -9999.0 -9999.0 -9999.0 -9999.0 -9999.0 -9999.0 -9999.0 -9999.0 0.005166 0.004055 0.003112 0.002691 0.002433 0.002737 0.003833 -9999.0 -9999.0 -9999.0 -9999.0 -9999.0 -9999.0 -9999.0 -9999.0 -9999.0 -9999.0 -9999.0 -9999.0 -9999.0 -9999.0 -9999.0 -9999.0 -9999.0 -9999.0 -9999.0 -9999.0 -9999.0 -9999.0 -9999.0 -9999.0 -9999.0 -9999.0 -9999.0 -9999.0 -9999.0 -9999.0 -9999.0 -9999.0
-9999.0 -9999.0 -9999.0 -9999.0 -9999.0 -9999.0 -9999.0 -9999.0 -9999.0 -9999.0 -9999.0 -9999.0 -9999.0 -9999.0 -9999.0 -9999.0 -9999.0 -9999.0 -9999.0 -9999.0 -9999.0 -9999.0 -9999.0 0.005654 0.004284 0.003172 0.002234 0.001701 0.001524 0.002034 0.003141 0.004383 -9999.0 -9999.0 -9999.0 -9999.0 -9999.0 -9999.0 -9999.0 -9999.0 -9999.0 -9999.0 -9999.0 -9999.0 -9999.0 -9999.0 -9999.0 -9999.0 -9999.0 -9999.0 -9999.0 -9999.0 -9999.0 -9999.0 -9999.0 -9999.0 -9999.0 -9999.0 -9999.0 -9999.0 -9999.0 -9999.0 -9999.0
-9999.0 -9999.0 -9999.0 -9999.0 -9999.0 -9999.0 -9999.0 -9999.0 -9999.0 -9999.0 -9999.0 -9999.0 -9999.0 -9999.0 -9999.0 -9999.0 -9999.0 -9999.0 0.006201 0.007159 -9999.0 0.007146 0.006097 0.004875 0.003631 0.002471 0.001790 0.001258 0.001127 0.001615 0.002567 0.003982 0.005087 0.006484 -9999.0 -9999.0 -9999.0 -9999.0 -9999.0 -9999.0 -9999.0 -9999.0 -9999.0 -9999.0 -9999.0 -9999.0 -9999.0 -9999.0 -9999.0 -9999.0 -9999.0 -9999.0 -9999.0 -9999.0 -9999.0 -9999.0 -9999.0 -9999.0 -9999.0 -9999.0 -9999.0 -9999.0 -9999.0
-9999.0 -9999.0 -9999.0 -9999.0 -9999.0 -9999.0 -9999.0 -9999.0 -9999.0 -9999.0 -9999.0 -9999.0 -9999.0 -9999.0 -9999.0 -9999.0 -9999.0 0.005446 0.005491 0.006048 0.006678 0.006398 0.005563 0.004297 0.003286 0.002918 0.002281 0.001745 0.001486 0.001590 0.002484 0.003722 0.004455 0.005702 0.007298 0.008648 -9999.0 -9999.0 -9999.0 -9999.0 -9999.0 -9999.0 -9999.0 -9999.0 -9999.0 -9999.0 -9999.0 -9999.0 -9999.0 -9999.0 -9999.0 -9999.0 -9999.0 -9999.0 -9999.0 -9999.0 -9999.0 -9999.0 -9999.0 -9999.0 -9999.0 -9999.0 -9999.0
-9999.0 -9999.0 -9999.0 -9999.0 -9999.0 -9999.0 -9999.0 -9999.0 -9999.0 -9999.0 -9999.0 -9999.0 -9999.0 0.009856 0.007995 0.006479 0.005813 0.005334 0.004985 0.005356 0.005538 0.005427 0.004807 0.004068 0.004085 0.003733 0.003400 0.002697 0.002456 0.002536 0.002860 0.003600 0.005000 0.005599 0.006433 0.007938 -9999.0 -9999.0 -9999.0 -9999.0 -9999.0 -9999.0 -9999.0 -9999.0 -9999.0 -9999.0 -9999.0 -9999.0 -9999.0 -9999.0 -9999.0 -9999.0 -9999.0 -9999.0 -9999.0 -9999.0 -9999.0 -9999.0 -9999.0 -9999.0 -9999.0 -9999.0 -9999.0
-9999.0 -9999.0 -9999.0 -9999.0 -9999.0 -9999.0 -9999.0 -9999.0 -9999.0 -9999.0 -9999.0 -9999.0 -9999.0 0.009504 0.007566 0.006519 0.005989 0.005043 0.004820 0.004682 0.004422 0.004218 0.004550 0.004660 0.004609 0.004397 0.004345 0.004014 0.004104 0.003856 0.003963 0.004779 0.005813 0.006644 0.007121 -9999.0 -9999.0 -9999.0 -9999.0 -9999.0 -9999.0 -9999.0 -9999.0 -9999.0 -9999.0 -9999.0 -9999.0 -9999.0 -9999.0 -9999.0 -9999.0 -9999.0 -9999.0 -9999.0 -9999.0 -9999.0 -9999.0 -9999.0 -9999.0 -9999.0 -9999.0 -9999.0 -9999.0
-9999.0 -9999.0 -9999.0 -9999.0 -9999.0 -9999.0 -9999.0 -9999.0 -9999.0 -9999.0 -9999.0 -9999.0 -9999.0 0.008467 0.006702 0.006734 0.005954 0.004818 0.004328 0.004364 0.004646 0.005058 0.005274 0.005568 0.005432 0.005239 0.005089 0.005525 0.005378 0.005480 0.005135 0.006311 0.007010 0.007805 0.007473 -9999.0 -9999.0 -9999.0 -9999.0 -9999.0 -9999.0 -9999.0 -9999.0 -9999.0 -9999.0 -9999.0 -9999.0 -9999.0 -9999.0 -9999.0 -9999.0 -9999.0 -9999.0 -9999.0 -9999.0 -9999.0 -9999.0 -9999.0 -9999.0 -9999.0 -9999.0 -9999.0 -9999.0
-9999.0 -9999.0 -9999.0 -9999.0 -9999.0 -9999.0 -9999.0 -9999.0 -9999.0 -9999.0 -9999.0 -9999.0 0.009818 0.007487 0.007229 0.007002 0.005798 0.004398 0.003725 0.003817 0.004445 0.005568 0.006206 0.006351 0.005312 0.005878 0.005261 0.006185 0.005435 0.006214 0.006795 0.006566 0.006038 0.007235 -9999.0 -9999.0 -9999.0 -9999.0 -9999.0 -9999.0 -9999.0 -9999.0 -9999.0 -9999.0 -9999.0 -9999.0 -9999.0 -9999.0 -9999.0 -9999.0 -9999.0 -9999.0 -9999.0 -9999.0 -9999.0 -9999.0 -9999.0 -9999.0 -9999.0 -9999.0 -9999.0 -9999.0 -9999.0
-9999.0 -9999.0 -9999.0 -9999.0 -9999.0 -9999.0 -9999.0 -9999.0 -9999.0 -9999.0 -9999.0 0.011630 0.009333 0.007565 0.008145 0.007386 0.005840 0.003946 0.003285 0.003366 0.004276 0.005134 0.006339 0.006794 0.005902 0.006458 0.006700 0.006567 0.005364 0.006690 0.006912 0.005419 0.006259 0.006554 0.005776 0.004536 0.003930 0.003279 0.003161 -9999.0 -9999.0 -9999.0 0.008972 -9999.0 -9999.0 -9999.0 -9999.0 -9999.0 -9999.0 -9999.0 -9999.0 -9999.0 -9999.0 -9999.0 -9999.0 -9999.0 -9999.0 -9999.0 -9999.0 -9999.0 -9999.0 -9999.0 -9999.0
-9999.0 -9999.0 -9999.0 -9999.0 -9999.0 -9999.0 -9999.0 -9999.0 -9999.0 -9999.0 -9999.0 0.011264 0.010054 0.008465 0.008336 0.007600 0.005450 0.003695 0.002868 0.003203 0.003889 0.005158 0.006358 0.007037 0.006290 0.007112 0.006931 0.006292 0.006246 0.007128 0.006114 0.005128 0.006034 0.006245 0.005118 0.003472 0.002230 0.001714 0.001720 0.002776 0.003981 0.005793 0.006477 0.009486 -9999.0 -9999.0 -9999.0 0.020451 0.021300 0.021880 0.023968 0.027338 0.030296 0.031666 0.033545 0.037093 -9999.0 -9999.0 -9999.0 -9999.0 -9999.0 -9999.0 -9999.0
-9999.0 -9999.0 -9999.0 -9999.0 -9999.0 -9999.0 -9999.0 -9999.0 -9999.0 -9999.0 -9999.0 0.012395 0.010755 0.008580 0.008823 0.007690 0.005583 0.003946 0.003268 0.003304 0.004064 0.004954 0.005847 0.006873 0.007041 0.006583 0.005779 0.005163 0.006657 0.007702 0.006736 0.005265 0.005352 0.005476 0.004568 0.002558 0.001324 0.000597 0.000506 0.001276 0.002546 0.004469 0.005663 0.008180 0.011353 -9999.0 0.018965 0.017659 0.017878 0.018210 0.019040 0.020572 0.023246 0.025977 0.028676 0.032427 -9999.0 -9999.0 -9999.0 -9999.0 -9999.0 -9999.0 -9999.0
-9999.0 -9999.0 -9999.0 -9999.0 -9999.0 -9999.0 -9999.0 -9999.0 -9999.0 -9999.0 -9999.0 -9999.0 0.011115 0.009650 0.009203 0.008369 0.006235 0.004660 0.003827 0.003721 0.004440 0.005208 0.005273 0.005616 0.006522 0.005800 0.005055 0.006078 0.007061 0.007281 0.006539 0.005346 0.005491 0.005492 0.004313 0.002546 0.001022 0.000168 0.000044 0.000697 0.002103 0.003617 0.005021 0.007092 0.010543 0.014147 0.016406 0.017967 0.016522 0.016091 0.015950 0.018729 0.020757 0.022633 0.025163 0.029448 0.034572 -9999.0 -9999.0 -9999.0 -9999.0 -9999.0 -9999.0
-9999.0 -9999.0 -9999.0 -9999.0 -9999.0 -9999.0 -9999.0 -9999.0 -9999.0 -9999.0 -9999.0 0.012399 0.012011 0.010123 0.008446 0.007686 0.006560 0.005281 0.004448 0.004258 0.004630 0.004935 0.004886 0.005504 0.005680 0.004833 0.005137 0.006522 0.006772 0.006328 0.005467 0.005161 0.004973 0.005342 0.004766 0.002929 0.001461 0.000463 0.000293 0.000932 0.002149 0.003204 0.004671 0.006447 0.008369 0.012262 0.014291 0.015738 0.016132 0.013861 0.019666 0.023824 0.025202 0.027836 0.032229 0.035168 0.035418 -9999.0 -9999.0 -9999.0 -9999.0 -9999.0 -9999.0
-9999.0 -9999.0 -9999.0 -9999.0 -9999.0 -9999.0 -9999.0 -9999.0 -9999.0 -9999.0 0.012194 0.011705 0.011141 0.010128 0.008304 0.006740 0.006454 0.005580 0.004709 0.004512 0.004522 0.004298 0.004984 0.004933 0.004518 0.004008 0.005173 0.006121 0.005602 0.005430 0.004722 0.004870 0.005142 0.005518 0.005613 0.003741 0.002342 0.001511 0.001231 0.001531 0.002326 0.003189 0.004293 0.005966 0.007781 0.011102 0.014213 0.012777 0.013370 0.012615 0.020349 0.027914 0.030165 0.034976 0.036214 0.032311 0.031894 -9999.0 -9999.0 -9999.0 -9999.0 -9999.0 -9999.0
-9999.0 -9999.0 -9999.0 -9999.0 -9999.0 -9999.0 -9999.0 -9999.0 -9999.0 0.017479 0.013624 0.011173 0.008352 0.008258 0.007089 0.006719 0.006568 0.005606 0.004527 0.004340 0.004163 0.004290 0.004079 0.003610 0.003472 0.004170 0.004801 0.004654 0.004320 0.004458 0.003989 0.005118 0.005929 0.006923 0.006256 0.004834 0.003385 0.003049 0.002804 0.002972 0.003518 0.004777 0.005610 0.005644 0.007502 0.009376 0.011111 0.013539 0.015533 0.012773 0.017807 0.026071 0.034810 0.037967 0.034919 0.031818 0.031307 0.035446 0.041176 -9999.0 -9999.0 -9999.0 -9999.0
-9999.0 -9999.0 -9999.0 -9999.0 -9999.0 -9999.0 -9999.0 -9999.0 -9999.0 0.018378 0.016233 0.011244 0.006447 0.005727 0.005203 0.005707 0.005713 0.004681 0.003996 0.003969 0.003791 0.003368 0.002948 0.003094 0.003429 0.003775 0.003616 0.003570 0.003365 0.003686 0.004432 0.005529 0.006152 0.006881 0.006150 0.005535 0.005179 0.004579 0.004677 0.004514 0.005016 0.006547 0.006841 0.006585 0.007050 0.007636 0.008691 0.011526 0.013353 0.011981 0.019241 0.025487 0.035355 0.037083 0.032674 0.035435 0.032305 0.029495 0.033736 -9999.0 -9999.0 -9999.0 -9999.0
-9999.0 -9999.0 -9999.0 -9999.0 -9999.0 -9999.0 -9999.0 -9999.0 -9999.0 -9999.0 0.017909 0.011565 0.006947 0.003416 0.002139 0.003184 0.004613 0.003812 0.003289 0.003536 0.003355 0.002994 0.002777 0.002566 0.002773 0.002607 0.002643 0.002634 0.003624 0.004437 0.005171 0.004844 0.006706 0.006971 0.006013 0.005385 0.005399 0.004989 0.006099 0.006728 0.006867 0.007125 0.006394 0.008347 0.008791 0.010208 0.010666 0.010359 0.010038 0.013930 0.019597 0.022612 0.031493 0.038452 0.039896 0.035467 0.029710 0.023174 0.026134 0.029181 -9999.0 -9999.0 -9999.0
-9999.0 -9999.0 -9999.0 -9999.0 -9999.0 -9999.0 -9999.0 -9999.0 -9999.0 -9999.0 0.020205 0.014296 0.007994 0.002638 0.000106 0.001416 0.004017 0.003517 0.002825 0.003133 0.003214 0.002514 0.001731 0.001466 0.001782 0.001985 0.002023 0.002677 0.003697 0.004836 0.005840 0.005520 0.006373 0.007472 0.006698 0.005228 0.005002 0.005532 0.006497 0.008121 0.008268 0.007862 0.008406 0.010357 0.011021 0.011804 0.012245 0.012523 0.012286 0.013083 0.015743 0.022206 0.027896 0.034057 0.040482 0.038927 0.035079 0.026630 0.022436 0.025173 -9999.0 -9999.0 -9999.0
-9999.0 -9999.0 -9999.0 -9999.0 -9999.0 -9999.0 -9999.0 -9999.0 0.025632 0.025878 0.023578 0.016475 0.010477 0.005306 0.001889 0.002634 0.004437 0.004005 0.003414 0.003514 0.002846 0.001643 0.000704 0.000227 0.000954 0.001847 0.002084 0.002865 0.004014 0.005303 0.006458 0.006256 0.006892 0.007721 0.006983 0.006218 0.005735 0.005164 0.006781 0.008584 0.008805 0.008149 0.010360 0.011980 0.011839 0.011044 0.014799 0.014868 0.013637 0.012345 0.016906 0.020772 0.026092 0.034881 0.035016 0.031479 0.034701 0.028768 0.024587 0.022802 -9999.0 -9999.0 -9999.0
-9999.0 -9999.0 -9999.0 -9999.0 -9999.0 -9999.0 -9999.0 -9999.0 0.027608 0.027644 0.028841 0.026798 0.018967 0.010835 0.009232 0.007950 0.008112 0.006810 0.005019 0.004090 0.002773 0.001246 0.000117 0.000265 0.000792 0.001590 0.002117 0.002913 0.004344 0.005710 0.006702 0.006363 0.006686 0.007235 0.006978 0.006534 0.005377 0.005080 0.006352 0.007985 0.009628 0.009876 0.011366 0.011338 0.010924 0.013324 0.017082 0.017641 0.014773 0.014452 0.014137 0.019971 0.026770 0.030956 0.025543 0.024059 0.025341 0.025115 0.021966 0.022866 0.024976 -9999.0 -9999.0
-9999.0 -9999.0 -9999.0 -9999.0 -9999.0 -9999.0 -9999.0 -9999.0 0.036305 0.032440 0.034945 0.038541 0.031502 0.027223 0.021917 0.017359 0.012370 0.010030 0.007007 0.005037 0.003251 0.001713 0.000790 0.000751 0.001057 0.001666 0.002309 0.003291 0.004508 0.005474 0.005753 0.005417 0.006173 0.006131 0.006320 0.005329 0.005592 0.004439 0.005773 0.007121 0.008907 0.010125 0.010610 0.010780 0.012732 0.014972 0.018444 0.019783 0.018577 0.014658 0.012849 0.017398 0.023361 0.024124 0.021054 0.022162 0.020309 0.020893 0.021883 0.024275 0.025722 -9999.0 -9999.0
-9999.0 -9999.0 -9999.0 -9999.0 -9999.0 -9999.0 -9999.0 -9999.0 0.047086 0.042459 0.037452 0.047483 0.051043 0.044575 0.035160 0.025070 0.017331 0.012207 0.008336 0.006615 0.004212 0.002455 0.001284 0.000588 0.000999 0.001930 0.002874 0.003978 0.004395 0.004343 0.005170 0.005220 0.004492 0.004418 0.005629 0.005545 0.004785 0.003652 0.004738 0.005972 0.007654 0.008550 0.009591 0.010485 0.013792 0.015327 0.016333 0.018187 0.018934 0.017801 0.016334 0.015022 0.018405 0.019940 0.018783 0.019086 0.018971 0.020366 0.022835 0.025046 0.028165 0.036012 -9999.0
-9999.0 -9999.0 -9999.0 -9999.0 -9999.0 -9999.0 -9999.0 -9999.0 0.054798 0.051108 0.049217 0.058073 0.060484 0.059915 0.051664 0.037647 0.023863 0.018818 0.014315 0.009385 0.005581 0.003164 0.001417 0.000111 0.000753 0.002112 0.003247 0.003926 0.003756 0.003952 0.004704 0.004422 0.003564 0.004309 0.004515 0.004351 0.003715 0.003011 0.003294 0.004247 0.005154 0.005945 0.006524 0.008084 0.011142 0.012925 0.012988 0.013462 0.015037 0.015157 0.016545 0.017541 0.018352 0.018143 0.017877 0.018209 0.019091 0.020875 0.023205 0.027284 0.033149 0.043151 -9999.0
-9999.0 -9999.0 0.036066 0.037241 0.038779 0.041160 0.042560 0.050891 0.061319 0.065808 0.063794 0.064616 0.081354 0.081580 0.069243 0.046568 0.040983 0.033829 0.022902 0.012894 0.007373 0.004154 0.002445 0.001453 0.001687 0.002548 0.003280 0.003715 0.003391 0.003865 0.004112 0.003985 0.003031 0.003462 0.003253 0.003051 0.002494 0.002311 0.002458 0.003078 0.003693 0.004279 0.005329 0.006826 0.008819 0.010218 0.010253 0.012082 0.011647 0.012918 0.014372 0.016006 0.017292 0.018082 0.018208 0.018253 0.018791 0.020856 0.025819 0.031482 0.040118 0.052288 -9999.0
-9999.0 0.030531 0.031950 0.035104 0.038025 0.039580 0.045278 0.057316 0.070298 0.078655 0.078156 0.082196 0.087740 0.098743 0.085201 0.077450 0.064118 0.048691 0.028916 0.015084 0.008715 0.005189 0.003511 0.002806 0.002652 0.002935 0.003210 0.003326 0.003177 0.003259 0.002971 0.002916 0.002847 0.002663 0.002640 0.002214 0.001770 0.001477 0.001486 0.001842 0.002462 0.003178 0.004217 0.005931 0.007032 0.007875 0.008707 0.009381 0.010571 0.012457 0.014143 0.015669 0.017145 0.018692 0.018525 0.018853 0.022079 0.024718 0.029955 0.038175 0.049313 0.057156 -9999.0
-9999.0 0.028600 0.030136 0.031484 0.034464 0.036436 0.044937 0.057492 0.070645 0.080370 0.083132 0.083756 0.089564 0.094620 0.099416 0.098764 0.082262 0.050908 0.027300 0.016530 0.008858 0.005406 0.003336 0.002856 0.003046 0.003235 0.003304 0.003285 0.003116 0.002682 0.002127 0.001815 0.001924 0.002253 0.002271 0.001920 0.001422 0.000992 0.001070 0.001371 0.001922 0.002714 0.003684 0.004725 0.005546 0.006674 0.007216 0.008765 0.010195 0.011972 0.013949 0.016605 0.018607 0.018908 0.019650 0.022409 0.025050 0.030358 0.036219 0.047318 0.055274 -9999.0 -9999.0
-9999.0 0.031288 0.027841 0.029317 0.030189 0.036339 0.040447 0.048991 0.060865 0.070317 0.072931 0.073045 0.077974 0.089209 0.099525 0.097036 0.080562 0.049310 0.031651 0.016831 0.011055 0.005458 0.002536 0.002132 0.002937 0.003489 0.003651 0.003543 0.003180 0.002522 0.001684 0.001124 0.001321 0.001924 0.002171 0.001898 0.001444 0.001131 0.001032 0.001374 0.001967 0.002725 0.003584 0.004501 0.005552 0.006662 0.008012 0.008874 0.010694 0.012764 0.015397 0.018979 0.021199 0.019797 0.023007 0.027428 0.029822 0.035674 0.043657 -9999.0 -9999.0 -9999.0 -9999.0
