user2019/resources/simulation/Vinschgau/output-maps/PrecTOTALN0114.asc
ncols         63
nrows         48
xllcorner     598000.000000
yllcorner     5145000.000000
cellsize      1000.000000
NODATA_value  -9999.0
[rows 0 to 28 of 48, columns 0 to 62 of 63]
-9999.0 -9999.0 -9999.0 -9999.0 -9999.0 -9999.0 -9999.0 -9999.0 -9999.0 -9999.0 -9999.0 -9999.0 -9999.0 -9999.0 -9999.0 -9999.0 -9999.0 -9999.0 -9999.0 -9999.0 -9999.0 -9999.0 -9999.0 -9999.0 -9999.0 -9999.0 -9999.0 -9999.0 -9999.0 -9999.0 -9999.0 -9999.0 -9999.0 -9999.0 -9999.0 -9999.0 -9999.0 -9999.0 -9999.0 -9999.0 -9999.0 -9999.0 -9999.0 -9999.0 -9999.0 -9999.0 -9999.0 -9999.0 -9999.0 -9999.0 -9999.0 -9999.0 -9999.0 -9999.0 -9999.0 -9999.0 -9999.0 -9999.0 -9999.0 -9999.0 -9999.0 -9999.0 -9999.0
-9999.0 -9999.0 -9999.0 -9999.0 -9999.0 -9999.0 -9999.0 -9999.0 -9999.0 -9999.0 -9999.0 -9999.0 -9999.0 -9999.0 -9999.0 -9999.0 -9999.0 -9999.0 -9999.0 -9999.0 -9999.0 -9999.0 -9999.0 -9999.0 -9999.0 -9999.0 -9999.0 0.001049 0.000885 0.000878 0.001072 0.001275 0.001331 -9999.0 -9999.0 -9999.0 -9999.0 -9999.0 -9999.0 -9999.0 -9999.0 -9999.0 -9999.0 -9999.0 -9999.0 -9999.0 -9999.0 -9999.0 -9999.0 -9999.0 -9999.0 -9999.0 -9999.0 -9999.0 -9999.0 -9999.0 -9999.0 -9999.0 -9999.0 -9999.0 -9999.0 -9999.0 -9999.0
-9999.0 -9999.0 -9999.0 -9999.0 -9999.0 -9999.0 -9999.0 -9999.0 -9999.0 -9999.0 -9999.0 -9999.0 -9999.0 -9999.0 -9999.0 -9999.0 -9999.0 -9999.0 -9999.0 -9999.0 -9999.0 -9999.0 -9999.0 -9999.0 0.002164 0.001427 0.000866 0.000573 0.000443 0.000523 0.000813 -9999.0 -9999.0 -9999.0 -9999.0 -9999.0 -9999.0 -9999.0 -9999.0 -9999.0 -9999.0 -9999.0 -9999.0 -9999.0 -9999.0 -9999.0 -9999.0 -9999.0 -9999.0 -9999.0 -9999.0 -9999.0 -9999.0 -9999.0 -9999.0 -9999.0 -9999.0 -9999.0 -9999.0 -9999.0 -9999.0 -9999.0 -9999.0
-9999.0 -9999.0 -9999.0 -9999.0 -9999.0 -9999.0 -9999.0 -9999.0 -9999.0 -9999.0 -9999.0 -9999.0 -9999.0 -9999.0 -9999.0 -9999.0 -9999.0 -9999.0 -9999.0 -9999.0 -9999.0 -9999.0 -9999.0 0.002927 0.001897 0.001116 0.000537 0.000216 0.000126 0.000265 0.000591 0.000956 -9999.0 -9999.0 -9999.0 -9999.0 -9999.0 -9999.0 -9999.0 -9999.0 -9999.0 -9999.0 -9999.0 -9999.0 -9999.0 -9999.0 -9999.0 -9999.0 -9999.0 -9999.0 -9999.0 -9999.0 -9999.0 -9999.0 -9999.0 -9999.0 -9999.0 -9999.0 -9999.0 -9999.0 -9999.0 -9999.0 -9999.0
-9999.0 -9999.0 -9999.0 -9999.0 -9999.0 -9999.0 -9999.0 -9999.0 -9999.0 -9999.0 -9999.0 -9999.0 -9999.0 -9999.0 -9999.0 -9999.0 -9999.0 -9999.0 0.005039 0.005738 -9999.0 0.005119 0.003962 0.002786 0.001744 0.000912 0.000404 0.000081 0.000004 0.000148 0.000461 0.000873 0.001169 0.001468 -9999.0 -9999.0 -9999.0 -9999.0 -9999.0 -9999.0 -9999.0 -9999.0 -9999.0 -9999.0 -9999.0 -9999.0 -9999.0 -9999.0 -9999.0 -9999.0 -9999.0 -9999.0 -9999.0 -9999.0 -9999.0 -9999.0 -9999.0 -9999.0 -9999.0 -9999.0 -9999.0 -9999.0 -9999.0
-9999.0 -9999.0 -9999.0 -9999.0 -9999.0 -9999.0 -9999.0 -9999.0 -9999.0 -9999.0 -9999.0 -9999.0 -9999.0 -9999.0 -9999.0 -9999.0 -9999.0 0.005091 0.005246 0.005697 0.005985 0.005280 0.004106 0.002755 0.001761 0.001218 0.000634 0.000235 0.000117 0.000220 0.000504 0.000865 0.001060 0.001321 0.001605 0.001782 -9999.0 -9999.0 -9999.0 -9999.0 -9999.0 -9999.0 -9999.0 -9999.0 -9999.0 -9999.0 -9999.0 -9999.0 -9999.0 -9999.0 -9999.0 -9999.0 -9999.0 -9999.0 -9999.0 -9999.0 -9999.0 -9999.0 -9999.0 -9999.0 -9999.0 -9999.0 -9999.0
-9999.0 -9999.0 -9999.0 -9999.0 -9999.0 -9999.0 -9999.0 -9999.0 -9999.0 -9999.0 -9999.0 -9999.0 -9999.0 0.007232 0.006650 0.006071 0.006034 0.005958 0.005751 0.006086 0.005916 0.005243 0.004076 0.002956 0.002479 0.001824 0.001265 0.000732 0.000545 0.000578 0.000704 0.000912 0.001245 0.001331 0.001438 0.001652 -9999.0 -9999.0 -9999.0 -9999.0 -9999.0 -9999.0 -9999.0 -9999.0 -9999.0 -9999.0 -9999.0 -9999.0 -9999.0 -9999.0 -9999.0 -9999.0 -9999.0 -9999.0 -9999.0 -9999.0 -9999.0 -9999.0 -9999.0 -9999.0 -9999.0 -9999.0 -9999.0
-9999.0 -9999.0 -9999.0 -9999.0 -9999.0 -9999.0 -9999.0 -9999.0 -9999.0 -9999.0 -9999.0 -9999.0 -9999.0 0.007537 0.007003 0.007032 0.007414 0.006921 0.006941 0.006619 0.005763 0.004835 0.004455 0.003835 0.003153 0.002474 0.001991 0.001509 0.001329 0.001152 0.001134 0.001311 0.001512 0.001620 0.001615 -9999.0 -9999.0 -9999.0 -9999.0 -9999.0 -9999.0 -9999.0 -9999.0 -9999.0 -9999.0 -9999.0 -9999.0 -9999.0 -9999.0 -9999.0 -9999.0 -9999.0 -9999.0 -9999.0 -9999.0 -9999.0 -9999.0 -9999.0 -9999.0 -9999.0 -9999.0 -9999.0 -9999.0
-9999.0 -9999.0 -9999.0 -9999.0 -9999.0 -9999.0 -9999.0 -9999.0 -9999.0 -9999.0 -9999.0 -9999.0 -9999.0 0.007178 0.006857 0.008378 0.008925 0.008369 0.008083 0.007944 0.007543 0.006923 0.005936 0.005128 0.004108 0.003273 0.002649 0.002434 0.002059 0.001880 0.001614 0.001834 0.001887 0.001941 0.001713 -9999.0 -9999.0 -9999.0 -9999.0 -9999.0 -9999.0 -9999.0 -9999.0 -9999.0 -9999.0 -9999.0 -9999.0 -9999.0 -9999.0 -9999.0 -9999.0 -9999.0 -9999.0 -9999.0 -9999.0 -9999.0 -9999.0 -9999.0 -9999.0 -9999.0 -9999.0 -9999.0 -9999.0
-9999.0 -9999.0 -9999.0 -9999.0 -9999.0 -9999.0 -9999.0 -9999.0 -9999.0 -9999.0 -9999.0 -9999.0 0.007153 0.006646 0.008017 0.009913 0.010531 0.009875 0.009334 0.009190 0.009053 0.009004 0.007872 0.006390 0.004318 0.003932 0.002947 0.002953 0.002256 0.002286 0.002250 0.001976 0.001660 0.001820 -9999.0 -9999.0 -9999.0 -9999.0 -9999.0 -9999.0 -9999.0 -9999.0 -9999.0 -9999.0 -9999.0 -9999.0 -9999.0 -9999.0 -9999.0 -9999.0 -9999.0 -9999.0 -9999.0 -9999.0 -9999.0 -9999.0 -9999.0 -9999.0 -9999.0 -9999.0 -9999.0 -9999.0 -9999.0
-9999.0 -9999.0 -9999.0 -9999.0 -9999.0 -9999.0 -9999.0 -9999.0 -9999.0 -9999.0 -9999.0 0.007003 0.006768 0.006807 0.009423 0.011415 0.012388 0.011231 0.010999 0.010581 0.010570 0.009401 0.008688 0.007191 0.004981 0.004464 0.003880 0.003248 0.002306 0.002538 0.002343 0.001656 0.001735 0.001653 0.001328 0.000951 0.000751 0.000570 0.000500 -9999.0 -9999.0 -9999.0 0.000951 -9999.0 -9999.0 -9999.0 -9999.0 -9999.0 -9999.0 -9999.0 -9999.0 -9999.0 -9999.0 -9999.0 -9999.0 -9999.0 -9999.0 -9999.0 -9999.0 -9999.0 -9999.0 -9999.0 -9999.0
-9999.0 -9999.0 -9999.0 -9999.0 -9999.0 -9999.0 -9999.0 -9999.0 -9999.0 -9999.0 -9999.0 0.006504 0.007028 0.007403 0.009501 0.011855 0.012179 0.011799 0.011287 0.011580 0.010422 0.009787 0.008816 0.007458 0.005298 0.004909 0.004017 0.003123 0.002698 0.002716 0.002078 0.001566 0.001667 0.001565 0.001166 0.000720 0.000421 0.000294 0.000268 0.000392 0.000509 0.000668 0.000673 0.000884 -9999.0 -9999.0 -9999.0 0.001199 0.001102 0.000994 0.000951 0.000941 0.000897 0.000797 0.000708 0.000644 -9999.0 -9999.0 -9999.0 -9999.0 -9999.0 -9999.0 -9999.0
-9999.0 -9999.0 -9999.0 -9999.0 -9999.0 -9999.0 -9999.0 -9999.0 -9999.0 -9999.0 -9999.0 0.006690 0.007015 0.006974 0.009279 0.010942 0.011209 0.011139 0.011271 0.010549 0.009803 0.008644 0.007593 0.006918 0.005692 0.004395 0.003260 0.002507 0.002824 0.002889 0.002256 0.001586 0.001457 0.001352 0.001025 0.000522 0.000246 0.000101 0.000077 0.000177 0.000319 0.000504 0.000575 0.000744 0.000923 -9999.0 0.001220 0.001005 0.000897 0.000803 0.000734 0.000690 0.000675 0.000647 0.000608 0.000578 -9999.0 -9999.0 -9999.0 -9999.0 -9999.0 -9999.0 -9999.0
-9999.0 -9999.0 -9999.0 -9999.0 -9999.0 -9999.0 -9999.0 -9999.0 -9999.0 -9999.0 -9999.0 -9999.0 0.006578 0.007031 0.008480 0.010021 0.009870 0.009535 0.009049 0.008415 0.008272 0.007587 0.006026 0.005142 0.004895 0.003644 0.002709 0.002824 0.002884 0.002643 0.002128 0.001569 0.001459 0.001325 0.000947 0.000508 0.000186 0.000028 0.000007 0.000094 0.000257 0.000398 0.000497 0.000628 0.000833 0.000995 0.001022 0.000989 0.000801 0.000685 0.000595 0.000609 0.000587 0.000554 0.000531 0.000532 0.000532 -9999.0 -9999.0 -9999.0 -9999.0 -9999.0 -9999.0
-9999.0 -9999.0 -9999.0 -9999.0 -9999.0 -9999.0 -9999.0 -9999.0 -9999.0 -9999.0 -9999.0 0.005477 0.006327 0.006486 0.006691 0.007590 0.008011 0.007678 0.007103 0.006682 0.006483 0.005840 0.004795 0.004479 0.003868 0.002792 0.002558 0.002842 0.002617 0.002190 0.001707 0.001460 0.001279 0.001251 0.001017 0.000569 0.000258 0.000074 0.000043 0.000123 0.000256 0.000344 0.000450 0.000555 0.000641 0.000834 0.000860 0.000835 0.000753 0.000567 0.000704 0.000746 0.000688 0.000662 0.000666 0.000630 0.000549 -9999.0 -9999.0 -9999.0 -9999.0 -9999.0 -9999.0
-9999.0 -9999.0 -9999.0 -9999.0 -9999.0 -9999.0 -9999.0 -9999.0 -9999.0 -9999.0 0.004082 0.004561 0.005165 0.005697 0.005744 0.005736 0.006624 0.006588 0.005953 0.005631 0.005187 0.004314 0.004260 0.003555 0.002752 0.002087 0.002342 0.002451 0.002013 0.001766 0.001398 0.001315 0.001269 0.001245 0.001157 0.000704 0.000402 0.000236 0.000174 0.000196 0.000269 0.000332 0.000401 0.000497 0.000577 0.000729 0.000823 0.000651 0.000597 0.000493 0.000694 0.000832 0.000785 0.000795 0.000720 0.000561 0.000484 -9999.0 -9999.0 -9999.0 -9999.0 -9999.0 -9999.0
-9999.0 -9999.0 -9999.0 -9999.0 -9999.0 -9999.0 -9999.0 -9999.0 -9999.0 0.004485 0.003964 0.003780 0.003376 0.004099 0.004422 0.005333 0.006552 0.006654 0.005771 0.005304 0.004504 0.003950 0.003143 0.002316 0.001864 0.001905 0.001918 0.001670 0.001416 0.001344 0.001108 0.001309 0.001395 0.001496 0.001239 0.000876 0.000560 0.000460 0.000384 0.000369 0.000395 0.000482 0.000507 0.000455 0.000537 0.000592 0.000617 0.000658 0.000659 0.000472 0.000573 0.000730 0.000850 0.000811 0.000654 0.000524 0.000453 0.000450 0.000457 -9999.0 -9999.0 -9999.0 -9999.0
-9999.0 -9999.0 -9999.0 -9999.0 -9999.0 -9999.0 -9999.0 -9999.0 -9999.0 0.004035 0.004017 0.003234 0.002234 0.002494 0.002983 0.004509 0.006379 0.007015 0.006650 0.005824 0.004388 0.003039 0.002102 0.001760 0.001569 0.001433 0.001209 0.001106 0.000984 0.001016 0.001145 0.001329 0.001371 0.001416 0.001165 0.000962 0.000824 0.000665 0.000618 0.000541 0.000544 0.000639 0.000597 0.000512 0.000486 0.000463 0.000461 0.000533 0.000535 0.000415 0.000576 0.000660 0.000796 0.000729 0.000564 0.000540 0.000435 0.000349 0.000348 -9999.0 -9999.0 -9999.0 -9999.0
-9999.0 -9999.0 -9999.0 -9999.0 -9999.0 -9999.0 -9999.0 -9999.0 -9999.0 -9999.0 0.003668 0.002741 0.001997 0.001265 0.001098 0.002490 0.006056 0.008403 0.008657 0.006910 0.004311 0.002676 0.001826 0.001259 0.000997 0.000713 0.000656 0.000665 0.000925 0.001107 0.001234 0.001089 0.001409 0.001360 0.001084 0.000894 0.000822 0.000695 0.000775 0.000777 0.000717 0.000670 0.000538 0.000625 0.000582 0.000593 0.000539 0.000453 0.000377 0.000448 0.000538 0.000532 0.000638 0.000677 0.000618 0.000487 0.000363 0.000250 0.000246 0.000234 -9999.0 -9999.0 -9999.0
-9999.0 -9999.0 -9999.0 -9999.0 -9999.0 -9999.0 -9999.0 -9999.0 -9999.0 -9999.0 0.003309 0.002677 0.001809 0.000777 0.000045 0.000972 0.005239 0.009422 0.009784 0.006845 0.004080 0.002086 0.001012 0.000595 0.000425 0.000239 0.000280 0.000519 0.000816 0.001092 0.001286 0.001158 0.001258 0.001375 0.001143 0.000824 0.000725 0.000735 0.000789 0.000898 0.000830 0.000711 0.000682 0.000747 0.000701 0.000656 0.000589 0.000516 0.000430 0.000386 0.000390 0.000463 0.000493 0.000518 0.000542 0.000467 0.000379 0.000258 0.000191 0.000182 -9999.0 -9999.0 -9999.0
-9999.0 -9999.0 -9999.0 -9999.0 -9999.0 -9999.0 -9999.0 -9999.0 0.002925 0.003056 0.002969 0.002311 0.001741 0.001133 0.000575 0.001292 0.003979 0.006674 0.007182 0.005431 0.002846 0.001129 0.000349 0.000077 0.000150 0.000008 0.000136 0.000453 0.000790 0.001095 0.001316 0.001223 0.001273 0.001336 0.001123 0.000926 0.000787 0.000651 0.000783 0.000906 0.000845 0.000708 0.000808 0.000831 0.000723 0.000587 0.000676 0.000577 0.000443 0.000331 0.000371 0.000372 0.000385 0.000434 0.000383 0.000314 0.000321 0.000244 0.000186 0.000148 -9999.0 -9999.0 -9999.0
-9999.0 -9999.0 -9999.0 -9999.0 -9999.0 -9999.0 -9999.0 -9999.0 0.002511 0.002506 0.002675 0.002652 0.002134 0.001510 0.001765 0.002311 0.003840 0.005021 0.004556 0.003406 0.001837 0.000644 0.000047 0.000079 0.000146 0.000146 0.000235 0.000470 0.000808 0.001098 0.001269 0.001158 0.001153 0.001171 0.001052 0.000912 0.000692 0.000602 0.000692 0.000799 0.000881 0.000821 0.000851 0.000757 0.000642 0.000679 0.000744 0.000645 0.000444 0.000350 0.000270 0.000297 0.000310 0.000290 0.000209 0.000186 0.000192 0.000183 0.000147 0.000132 0.000119 -9999.0 -9999.0
-9999.0 -9999.0 -9999.0 -9999.0 -9999.0 -9999.0 -9999.0 -9999.0 0.002595 0.002202 0.002290 0.002527 0.002200 0.002222 0.002336 0.002666 0.002865 0.003350 0.002934 0.002231 0.001352 0.000632 0.000252 0.000200 0.000226 0.000289 0.000381 0.000572 0.000813 0.000989 0.001014 0.000916 0.000990 0.000923 0.000886 0.000691 0.000668 0.000488 0.000585 0.000667 0.000770 0.000803 0.000763 0.000694 0.000722 0.000735 0.000769 0.000685 0.000520 0.000321 0.000212 0.000207 0.000196 0.000147 0.000109 0.000118 0.000120 0.000129 0.000128 0.000124 0.000108 -9999.0 -9999.0
-9999.0 -9999.0 -9999.0 -9999.0 -9999.0 -9999.0 -9999.0 -9999.0 0.002631 0.002124 0.001676 0.001936 0.002008 0.001889 0.001865 0.001893 0.001964 0.002006 0.001800 0.001665 0.001117 0.000641 0.000317 0.000133 0.000205 0.000361 0.000510 0.000693 0.000758 0.000734 0.000845 0.000816 0.000665 0.000614 0.000726 0.000658 0.000519 0.000363 0.000436 0.000515 0.000619 0.000643 0.000662 0.000652 0.000759 0.000730 0.000658 0.000603 0.000500 0.000358 0.000235 0.000142 0.000103 0.000061 0.000043 0.000057 0.000082 0.000106 0.000117 0.000112 0.000101 0.000100 -9999.0
-9999.0 -9999.0 -9999.0 -9999.0 -9999.0 -9999.0 -9999.0 -9999.0 0.002415 0.001887 0.001479 0.001395 0.001195 0.001118 0.001178 0.001308 0.001349 0.001648 0.001760 0.001452 0.000986 0.000593 0.000268 0.000021 0.000135 0.000365 0.000545 0.000645 0.000604 0.000617 0.000705 0.000631 0.000481 0.000546 0.000529 0.000462 0.000353 0.000257 0.000262 0.000325 0.000382 0.000422 0.000432 0.000488 0.000598 0.000603 0.000512 0.000435 0.000383 0.000289 0.000218 0.000140 0.000070 0.000020 0.000006 0.000026 0.000063 0.000095 0.000107 0.000106 0.000096 0.000088 -9999.0
-9999.0 -9999.0 0.002714 0.002598 0.002474 0.002362 0.002150 0.002201 0.002189 0.001846 0.001316 0.000899 0.000707 0.000497 0.000529 0.000701 0.001214 0.001730 0.001765 0.001327 0.000915 0.000572 0.000352 0.000213 0.000250 0.000383 0.000495 0.000557 0.000498 0.000548 0.000554 0.000507 0.000366 0.000394 0.000342 0.000282 0.000194 0.000150 0.000149 0.000195 0.000245 0.000284 0.000340 0.000403 0.000467 0.000472 0.000402 0.000389 0.000296 0.000245 0.000188 0.000126 0.000064 0.000018 0.000004 0.000024 0.000061 0.000092 0.000112 0.000109 0.000094 0.000071 -9999.0
-9999.0 0.002311 0.002251 0.002275 0.002232 0.002064 0.002046 0.002170 0.002132 0.001789 0.001207 0.000730 0.000328 0.000092 0.000138 0.000540 0.001141 0.001651 0.001556 0.001124 0.000804 0.000535 0.000373 0.000305 0.000310 0.000371 0.000425 0.000447 0.000421 0.000412 0.000346 0.000312 0.000292 0.000266 0.000246 0.000175 0.000100 0.000052 0.000050 0.000086 0.000142 0.000198 0.000261 0.000345 0.000370 0.000365 0.000344 0.000307 0.000276 0.000247 0.000200 0.000144 0.000090 0.000051 0.000036 0.000051 0.000089 0.000116 0.000129 0.000124 0.000099 0.000054 -9999.0
-9999.0 0.002060 0.002012 0.001923 0.001895 0.001768 0.001874 0.001991 0.001936 0.001628 0.001120 0.000628 0.000261 0.000043 0.000098 0.000522 0.001140 0.001351 0.001154 0.000973 0.000644 0.000419 0.000220 0.000177 0.000256 0.000338 0.000383 0.000396 0.000371 0.000296 0.000196 0.000133 0.000145 0.000191 0.000190 0.000133 0.000058 0.000006 0.000010 0.000043 0.000098 0.000162 0.000224 0.000274 0.000294 0.000314 0.000293 0.000298 0.000281 0.000258 0.000226 0.000192 0.000148 0.000107 0.000093 0.000109 0.000134 0.000162 0.000166 0.000157 0.000111 -9999.0 -9999.0
-9999.0 0.002166 0.001782 0.001713 0.001586 0.001682 0.001610 0.001623 0.001608 0.001399 0.001009 0.000630 0.000371 0.000252 0.000342 0.000692 0.001144 0.001207 0.001176 0.000851 0.000677 0.000329 0.000064 0.000021 0.000172 0.000309 0.000378 0.000388 0.000344 0.000244 0.000109 0.000020 0.000049 0.000136 0.000169 0.000128 0.000062 0.000018 0.000007 0.000043 0.000100 0.000163 0.000219 0.000264 0.000300 0.000322 0.000338 0.000318 0.000317 0.000306 0.000290 0.000275 0.000237 0.000176 0.000176 0.000197 0.000204 0.000221 0.000223 -9999.0 -9999.0 -9999.0 -9999.0
