user2019/resources/simulation/Vinschgau/output-maps/PrecTOTALN0106.asc
ncols         63
nrows         48
xllcorner     598000.000000
yllcorner     5145000.000000
cellsize      1000.000000
NODATA_value  -9999.0
[rows 0 to 28 of 48, columns 0 to 62 of 63]
-9999.0 -9999.0 -9999.0 -9999.0 -9999.0 -9999.0 -9999.0 -9999.0 -9999.0 -9999.0 -9999.0 -9999.0 -9999.0 -9999.0 -9999.0 -9999.0 -9999.0 -9999.0 -9999.0 -9999.0 -9999.0 -9999.0 -9999.0 -9999.0 -9999.0 -9999.0 -9999.0 -9999.0 -9999.0 -9999.0 -9999.0 -9999.0 -9999.0 -9999.0 -9999.0 -9999.0 -9999.0 -9999.0 -9999.0 -9999.0 -9999.0 -9999.0 -9999.0 -9999.0 -9999.0 -9999.0 -9999.0 -9999.0 -9999.0 -9999.0 -9999.0 -9999.0 -9999.0 -9999.0 -9999.0 -9999.0 -9999.0 -9999.0 -9999.0 -9999.0 -9999.0 -9999.0 -9999.0
-9999.0 -9999.0 -9999.0 -9999.0 -9999.0 -9999.0 -9999.0 -9999.0 -9999.0 -9999.0 -9999.0 -9999.0 -9999.0 -9999.0 -9999.0 -9999.0 -9999.0 -9999.0 -9999.0 -9999.0 -9999.0 -9999.0 -9999.0 -9999.0 -9999.0 -9999.0 -9999.0 0.003448 0.003082 0.003233 0.004167 0.005217 0.005723 -9999.0 -9999.0 -9999.0 -9999.0 -9999.0 -9999.0 -9999.0 -9999.0 -9999.0 -9999.0 -9999.0 -9999.0 -9999.0 -9999.0 -9999.0 -9999.0 -9999.0 -9999.0 -9999.0 -9999.0 -9999.0 -9999.0 -9999.0 -9999.0 -9999.0 -9999.0 -9999.0 -9999.0 -9999.0 -9999.0
-9999.0 -9999.0 -9999.0 -9999.0 -9999.0 -9999.0 -9999.0 -9999.0 -9999.0 -9999.0 -9999.0 -9999.0 -9999.0 -9999.0 -9999.0 -9999.0 -9999.0 -9999.0 -9999.0 -9999.0 -9999.0 -9999.0 -9999.0 -9999.0 0.005729 0.004040 0.002624 0.001853 0.001528 0.001918 0.003158 -9999.0 -9999.0 -9999.0 -9999.0 -9999.0 -9999.0 -9999.0 -9999.0 -9999.0 -9999.0 -9999.0 -9999.0 -9999.0 -9999.0 -9999.0 -9999.0 -9999.0 -9999.0 -9999.0 -9999.0 -9999.0 -9999.0 -9999.0 -9999.0 -9999.0 -9999.0 -9999.0 -9999.0 -9999.0 -9999.0 -9999.0 -9999.0
-9999.0 -9999.0 -9999.0 -9999.0 -9999.0 -9999.0 -9999.0 -9999.0 -9999.0 -9999.0 -9999.0 -9999.0 -9999.0 -9999.0 -9999.0 -9999.0 -9999.0 -9999.0 -9999.0 -9999.0 -9999.0 -9999.0 -9999.0 0.006892 0.004822 0.003065 0.001593 0.000689 0.000431 0.000972 0.002306 0.003953 -9999.0 -9999.0 -9999.0 -9999.0 -9999.0 -9999.0 -9999.0 -9999.0 -9999.0 -9999.0 -9999.0 -9999.0 -9999.0 -9999.0 -9999.0 -9999.0 -9999.0 -9999.0 -9999.0 -9999.0 -9999.0 -9999.0 -9999.0 -9999.0 -9999.0 -9999.0 -9999.0 -9999.0 -9999.0 -9999.0 -9999.0
-9999.0 -9999.0 -9999.0 -9999.0 -9999.0 -9999.0 -9999.0 -9999.0 -9999.0 -9999.0 -9999.0 -9999.0 -9999.0 -9999.0 -9999.0 -9999.0 -9999.0 -9999.0 0.008310 0.009706 -9999.0 0.009677 0.008097 0.006208 0.004253 0.002434 0.001178 0.000255 0.000013 0.000546 0.001811 0.003652 0.005174 0.006845 -9999.0 -9999.0 -9999.0 -9999.0 -9999.0 -9999.0 -9999.0 -9999.0 -9999.0 -9999.0 -9999.0 -9999.0 -9999.0 -9999.0 -9999.0 -9999.0 -9999.0 -9999.0 -9999.0 -9999.0 -9999.0 -9999.0 -9999.0 -9999.0 -9999.0 -9999.0 -9999.0 -9999.0 -9999.0
-9999.0 -9999.0 -9999.0 -9999.0 -9999.0 -9999.0 -9999.0 -9999.0 -9999.0 -9999.0 -9999.0 -9999.0 -9999.0 -9999.0 -9999.0 -9999.0 -9999.0 0.007417 0.007637 0.008535 0.009492 0.009077 0.007775 0.005797 0.004126 0.003171 0.001825 0.000743 0.000402 0.000817 0.002013 0.003680 0.004779 0.006281 0.008020 0.009323 -9999.0 -9999.0 -9999.0 -9999.0 -9999.0 -9999.0 -9999.0 -9999.0 -9999.0 -9999.0 -9999.0 -9999.0 -9999.0 -9999.0 -9999.0 -9999.0 -9999.0 -9999.0 -9999.0 -9999.0 -9999.0 -9999.0 -9999.0 -9999.0 -9999.0 -9999.0 -9999.0
-9999.0 -9999.0 -9999.0 -9999.0 -9999.0 -9999.0 -9999.0 -9999.0 -9999.0 -9999.0 -9999.0 -9999.0 -9999.0 0.012003 0.010151 0.008558 0.007959 0.007532 0.007212 0.007886 0.008241 0.008097 0.007113 0.005874 0.005606 0.004664 0.003624 0.002325 0.001901 0.002188 0.002873 0.003976 0.005756 0.006497 0.007369 0.008856 -9999.0 -9999.0 -9999.0 -9999.0 -9999.0 -9999.0 -9999.0 -9999.0 -9999.0 -9999.0 -9999.0 -9999.0 -9999.0 -9999.0 -9999.0 -9999.0 -9999.0 -9999.0 -9999.0 -9999.0 -9999.0 -9999.0 -9999.0 -9999.0 -9999.0 -9999.0 -9999.0
-9999.0 -9999.0 -9999.0 -9999.0 -9999.0 -9999.0 -9999.0 -9999.0 -9999.0 -9999.0 -9999.0 -9999.0 -9999.0 0.011744 0.009808 0.008849 0.008477 0.007395 0.007265 0.007199 0.006894 0.006628 0.007147 0.007229 0.006939 0.006279 0.005745 0.004879 0.004746 0.004492 0.004773 0.005901 0.007221 0.008160 0.008532 -9999.0 -9999.0 -9999.0 -9999.0 -9999.0 -9999.0 -9999.0 -9999.0 -9999.0 -9999.0 -9999.0 -9999.0 -9999.0 -9999.0 -9999.0 -9999.0 -9999.0 -9999.0 -9999.0 -9999.0 -9999.0 -9999.0 -9999.0 -9999.0 -9999.0 -9999.0 -9999.0 -9999.0
-9999.0 -9999.0 -9999.0 -9999.0 -9999.0 -9999.0 -9999.0 -9999.0 -9999.0 -9999.0 -9999.0 -9999.0 -9999.0 0.010595 0.008861 0.009392 0.008720 0.007343 0.006795 0.006995 0.007572 0.008359 0.008794 0.009281 0.008938 0.008384 0.007824 0.008126 0.007636 0.007630 0.007076 0.008599 0.009375 0.010153 0.009379 -9999.0 -9999.0 -9999.0 -9999.0 -9999.0 -9999.0 -9999.0 -9999.0 -9999.0 -9999.0 -9999.0 -9999.0 -9999.0 -9999.0 -9999.0 -9999.0 -9999.0 -9999.0 -9999.0 -9999.0 -9999.0 -9999.0 -9999.0 -9999.0 -9999.0 -9999.0 -9999.0 -9999.0
-9999.0 -9999.0 -9999.0 -9999.0 -9999.0 -9999.0 -9999.0 -9999.0 -9999.0 -9999.0 -9999.0 -9999.0 0.011660 0.009456 0.009723 0.010016 0.008776 0.006957 0.006061 0.006325 0.007517 0.009644 0.010980 0.011376 0.009519 0.010402 0.009092 0.010368 0.008825 0.009791 0.010400 0.009745 0.008652 0.009957 -9999.0 -9999.0 -9999.0 -9999.0 -9999.0 -9999.0 -9999.0 -9999.0 -9999.0 -9999.0 -9999.0 -9999.0 -9999.0 -9999.0 -9999.0 -9999.0 -9999.0 -9999.0 -9999.0 -9999.0 -9999.0 -9999.0 -9999.0 -9999.0 -9999.0 -9999.0 -9999.0 -9999.0 -9999.0
-9999.0 -9999.0 -9999.0 -9999.0 -9999.0 -9999.0 -9999.0 -9999.0 -9999.0 -9999.0 -9999.0 0.012911 0.011056 0.009596 0.011088 0.010784 0.009086 0.006430 0.005464 0.005669 0.007423 0.009294 0.011924 0.013121 0.011531 0.012576 0.012837 0.012256 0.009687 0.011645 0.011559 0.008680 0.009566 0.009522 0.007947 0.005889 0.004802 0.003761 0.003397 -9999.0 -9999.0 -9999.0 0.007358 -9999.0 -9999.0 -9999.0 -9999.0 -9999.0 -9999.0 -9999.0 -9999.0 -9999.0 -9999.0 -9999.0 -9999.0 -9999.0 -9999.0 -9999.0 -9999.0 -9999.0 -9999.0 -9999.0 -9999.0
-9999.0 -9999.0 -9999.0 -9999.0 -9999.0 -9999.0 -9999.0 -9999.0 -9999.0 -9999.0 -9999.0 0.012324 0.011809 0.010720 0.011410 0.011235 0.008627 0.006114 0.004782 0.005400 0.006914 0.009823 0.012836 0.014787 0.013490 0.015281 0.014685 0.012978 0.012419 0.013568 0.011084 0.008816 0.009803 0.009558 0.007359 0.004678 0.002809 0.002016 0.001886 0.002836 0.003785 0.005127 0.005336 0.007278 -9999.0 -9999.0 -9999.0 0.011995 0.011757 0.011405 0.011841 0.012848 0.013592 0.013603 0.013827 0.014685 -9999.0 -9999.0 -9999.0 -9999.0 -9999.0 -9999.0 -9999.0
-9999.0 -9999.0 -9999.0 -9999.0 -9999.0 -9999.0 -9999.0 -9999.0 -9999.0 -9999.0 -9999.0 0.013277 0.012448 0.010779 0.012058 0.011414 0.008909 0.006591 0.005525 0.005742 0.007625 0.010169 0.012925 0.015975 0.016794 0.015749 0.013603 0.011775 0.014540 0.015975 0.013187 0.009683 0.009219 0.008811 0.006852 0.003571 0.001719 0.000719 0.000566 0.001322 0.002446 0.003980 0.004678 0.006274 0.008094 -9999.0 0.011757 0.010252 0.009757 0.009382 0.009305 0.009584 0.010378 0.011166 0.011919 0.013082 -9999.0 -9999.0 -9999.0 -9999.0 -9999.0 -9999.0 -9999.0
-9999.0 -9999.0 -9999.0 -9999.0 -9999.0 -9999.0 -9999.0 -9999.0 -9999.0 -9999.0 -9999.0 -9999.0 0.012599 0.011963 0.012500 0.012428 0.010033 0.007979 0.006856 0.007068 0.009224 0.011937 0.013121 0.014774 0.017619 0.015660 0.013337 0.015400 0.016965 0.016442 0.013796 0.010494 0.010003 0.009268 0.006735 0.003675 0.001363 0.000207 0.000050 0.000731 0.002038 0.003237 0.004154 0.005428 0.007476 0.009316 0.010059 0.010295 0.008885 0.008163 0.007677 0.008608 0.009171 0.009679 0.010485 0.012029 0.013926 -9999.0 -9999.0 -9999.0 -9999.0 -9999.0 -9999.0
-9999.0 -9999.0 -9999.0 -9999.0 -9999.0 -9999.0 -9999.0 -9999.0 -9999.0 -9999.0 -9999.0 0.012466 0.013269 0.012352 0.011395 0.011438 0.010715 0.009403 0.008611 0.009048 0.010958 0.013021 0.014109 0.016847 0.017784 0.014977 0.015356 0.018465 0.017938 0.015557 0.012412 0.010787 0.009554 0.009426 0.007723 0.004359 0.001997 0.000581 0.000338 0.000989 0.002096 0.002876 0.003862 0.004913 0.005890 0.007987 0.008641 0.008868 0.008512 0.006888 0.009268 0.010730 0.010938 0.011745 0.013338 0.014400 0.014473 -9999.0 -9999.0 -9999.0 -9999.0 -9999.0 -9999.0
-9999.0 -9999.0 -9999.0 -9999.0 -9999.0 -9999.0 -9999.0 -9999.0 -9999.0 -9999.0 0.010674 0.011279 0.011965 0.012195 0.011191 0.010111 0.010750 0.010345 0.009797 0.010683 0.012315 0.013386 0.017259 0.018162 0.016845 0.014524 0.017707 0.019453 0.016372 0.014510 0.011502 0.010798 0.010376 0.010141 0.009404 0.005719 0.003270 0.001930 0.001438 0.001638 0.002279 0.002865 0.003539 0.004519 0.005422 0.007133 0.008446 0.007051 0.006887 0.006104 0.009322 0.012215 0.012736 0.014402 0.014707 0.013089 0.013033 -9999.0 -9999.0 -9999.0 -9999.0 -9999.0 -9999.0
-9999.0 -9999.0 -9999.0 -9999.0 -9999.0 -9999.0 -9999.0 -9999.0 -9999.0 0.013107 0.011164 0.010234 0.008733 0.009956 0.009743 0.010304 0.011174 0.010700 0.009909 0.011261 0.013107 0.016232 0.017691 0.016702 0.015916 0.017951 0.018894 0.016580 0.013880 0.012890 0.010371 0.011973 0.012500 0.013182 0.010781 0.007556 0.004808 0.003941 0.003304 0.003195 0.003454 0.004285 0.004602 0.004238 0.005163 0.005925 0.006466 0.007284 0.007766 0.005975 0.007860 0.010969 0.014126 0.015054 0.013714 0.012553 0.012581 0.014709 0.017890 -9999.0 -9999.0 -9999.0 -9999.0
-9999.0 -9999.0 -9999.0 -9999.0 -9999.0 -9999.0 -9999.0 -9999.0 -9999.0 0.012572 0.012225 0.009668 0.006609 0.007238 0.007849 0.009330 0.009935 0.008956 0.008756 0.010874 0.013865 0.016191 0.017133 0.019166 0.019997 0.019311 0.016114 0.014047 0.011753 0.011425 0.012201 0.013543 0.013452 0.013481 0.010834 0.008796 0.007445 0.005968 0.005537 0.004861 0.004919 0.005849 0.005571 0.004892 0.004780 0.004733 0.004936 0.006018 0.006441 0.005375 0.008101 0.010184 0.013590 0.013929 0.012194 0.013367 0.012525 0.011947 0.014508 -9999.0 -9999.0 -9999.0 -9999.0
-9999.0 -9999.0 -9999.0 -9999.0 -9999.0 -9999.0 -9999.0 -9999.0 -9999.0 -9999.0 0.012048 0.009076 0.006962 0.005080 0.004878 0.006405 0.008169 0.006978 0.006433 0.009560 0.014501 0.019810 0.024374 0.023679 0.021091 0.014857 0.012423 0.011010 0.013479 0.014542 0.014895 0.012293 0.015064 0.013934 0.010744 0.008640 0.007806 0.006520 0.007222 0.007230 0.006704 0.006323 0.005158 0.006121 0.005861 0.006191 0.005892 0.005225 0.004642 0.005942 0.007779 0.008455 0.011267 0.013411 0.013850 0.012517 0.010874 0.008961 0.010869 0.013299 -9999.0 -9999.0 -9999.0
-9999.0 -9999.0 -9999.0 -9999.0 -9999.0 -9999.0 -9999.0 -9999.0 -9999.0 -9999.0 0.011648 0.009658 0.007244 0.004680 0.003009 0.004309 0.006934 0.006140 0.004786 0.008551 0.017457 0.026189 0.028797 0.025269 0.017648 0.009105 0.008219 0.011210 0.014297 0.016476 0.017345 0.014326 0.014537 0.015078 0.012028 0.008399 0.007220 0.007202 0.007652 0.008670 0.008010 0.006912 0.006705 0.007486 0.007213 0.006991 0.006562 0.006078 0.005415 0.005260 0.005819 0.007639 0.009090 0.010757 0.012731 0.012522 0.011820 0.009587 0.008785 0.010930 -9999.0 -9999.0 -9999.0
-9999.0 -9999.0 -9999.0 -9999.0 -9999.0 -9999.0 -9999.0 -9999.0 0.010999 0.011398 0.011075 0.008804 0.007159 0.005880 0.004289 0.004482 0.006470 0.006824 0.007060 0.011733 0.020455 0.031023 0.036450 0.016019 0.014544 0.003247 0.006537 0.012007 0.015948 0.018461 0.019444 0.016348 0.015748 0.015544 0.012470 0.009907 0.008196 0.006648 0.007894 0.009059 0.008432 0.007080 0.008155 0.008527 0.007601 0.006382 0.007684 0.006928 0.005703 0.004642 0.005746 0.006451 0.007545 0.009666 0.009644 0.008940 0.010464 0.009386 0.008800 0.009094 -9999.0 -9999.0 -9999.0
-9999.0 -9999.0 -9999.0 -9999.0 -9999.0 -9999.0 -9999.0 -9999.0 0.009953 0.009874 0.010518 0.010493 0.008609 0.006239 0.006858 0.006948 0.008678 0.009884 0.010672 0.014952 0.022425 0.033735 0.057110 0.032056 0.016700 0.009290 0.009810 0.013320 0.017661 0.019933 0.020056 0.016449 0.015072 0.014340 0.012244 0.010212 0.007529 0.006406 0.007251 0.008279 0.009076 0.008458 0.008819 0.007943 0.006882 0.007518 0.008597 0.007890 0.005851 0.005058 0.004373 0.005496 0.006671 0.007236 0.005901 0.005806 0.006636 0.007238 0.006979 0.008045 0.009901 -9999.0 -9999.0
-9999.0 -9999.0 -9999.0 -9999.0 -9999.0 -9999.0 -9999.0 -9999.0 0.010853 0.009179 0.009526 0.010489 0.009072 0.008948 0.008828 0.009105 0.009067 0.011033 0.012409 0.015919 0.021392 0.028834 0.035756 0.029449 0.018855 0.015292 0.014234 0.016083 0.018260 0.018662 0.016721 0.013590 0.013504 0.011792 0.010755 0.008065 0.007572 0.005416 0.006393 0.007196 0.008226 0.008526 0.008109 0.007437 0.007882 0.008266 0.009023 0.008518 0.006989 0.004780 0.003607 0.004193 0.004887 0.004558 0.003882 0.004363 0.004503 0.005226 0.006037 0.007259 0.008354 -9999.0 -9999.0
-9999.0 -9999.0 -9999.0 -9999.0 -9999.0 -9999.0 -9999.0 -9999.0 0.011634 0.009408 0.007445 0.008622 0.008909 0.008251 0.007909 0.007828 0.008278 0.009472 0.010975 0.015499 0.018554 0.020899 0.019547 0.014251 0.015689 0.017201 0.017637 0.018771 0.016885 0.013996 0.014236 0.012452 0.009378 0.008127 0.009161 0.008004 0.006156 0.004231 0.005008 0.005816 0.006881 0.007062 0.007221 0.007134 0.008411 0.008311 0.007807 0.007591 0.006824 0.005465 0.004204 0.003193 0.003219 0.002977 0.002671 0.002996 0.003545 0.004424 0.005430 0.006207 0.007109 0.009314 -9999.0
-9999.0 -9999.0 -9999.0 -9999.0 -9999.0 -9999.0 -9999.0 -9999.0 0.011310 0.008924 0.007096 0.006824 0.005965 0.005640 0.005902 0.006567 0.007135 0.009944 0.013365 0.015413 0.016024 0.015747 0.013650 0.009911 0.012269 0.015732 0.017186 0.016444 0.013036 0.011649 0.011967 0.009827 0.006984 0.007478 0.006930 0.005878 0.004419 0.003203 0.003228 0.003919 0.004478 0.004808 0.004842 0.005437 0.006719 0.006920 0.006111 0.005504 0.005268 0.004472 0.004021 0.003422 0.002823 0.002261 0.002066 0.002398 0.003137 0.004046 0.004810 0.005578 0.006335 0.007520 -9999.0
-9999.0 -9999.0 0.013045 0.012493 0.011918 0.011414 0.010447 0.010788 0.010869 0.009349 0.006872 0.004942 0.004231 0.003263 0.003396 0.004277 0.007677 0.012328 0.015287 0.014970 0.014222 0.012816 0.012116 0.011134 0.011768 0.013254 0.013723 0.013082 0.010259 0.010146 0.009437 0.008075 0.005482 0.005599 0.004654 0.003779 0.002619 0.002100 0.002108 0.002625 0.003082 0.003388 0.003906 0.004553 0.005282 0.005435 0.004791 0.004900 0.004042 0.003768 0.003445 0.003075 0.002616 0.002217 0.002071 0.002352 0.002971 0.003778 0.004790 0.005419 0.005916 0.006223 -9999.0
-9999.0 0.011463 0.011187 0.011337 0.011173 0.010399 0.010404 0.011185 0.011199 0.009676 0.006848 0.004543 0.002573 0.001460 0.001615 0.004044 0.008291 0.013187 0.014575 0.012973 0.011850 0.010285 0.009290 0.009100 0.009374 0.010104 0.010224 0.009603 0.008217 0.007473 0.005998 0.005233 0.004653 0.003980 0.003509 0.002481 0.001529 0.000941 0.000992 0.001432 0.001981 0.002474 0.003064 0.003936 0.004202 0.004188 0.004077 0.003824 0.003704 0.003697 0.003496 0.003178 0.002847 0.002641 0.002481 0.002732 0.003634 0.004367 0.005149 0.005793 0.006044 0.005239 -9999.0
-9999.0 0.010533 0.010326 0.009923 0.009850 0.009275 0.009957 0.010758 0.010715 0.009331 0.006797 0.004249 0.002339 0.001172 0.001570 0.004433 0.009138 0.011656 0.011335 0.011294 0.009076 0.007319 0.004879 0.004485 0.006243 0.007703 0.008110 0.007800 0.006886 0.005329 0.003659 0.002708 0.002736 0.003102 0.002841 0.001996 0.001025 0.000218 0.000654 0.001056 0.001527 0.002096 0.002664 0.003131 0.003319 0.003567 0.003412 0.003631 0.003663 0.003695 0.003664 0.003700 0.003556 0.003223 0.003206 0.003758 0.004407 0.005375 0.005990 0.006742 0.006284 -9999.0 -9999.0
-9999.0 0.011407 0.009442 0.009145 0.008544 0.009172 0.008911 0.009165 0.009327 0.008419 0.006411 0.004369 0.002988 0.002447 0.003236 0.005878 0.009699 0.010957 0.011903 0.009873 0.009239 0.005564 0.001993 0.001350 0.003939 0.006268 0.007227 0.007094 0.006109 0.004404 0.002432 0.001242 0.001570 0.002469 0.002621 0.001961 0.001144 0.000732 0.000963 0.001129 0.001579 0.002104 0.002589 0.002986 0.003339 0.003596 0.003849 0.003766 0.003981 0.004146 0.004353 0.004688 0.004646 0.003970 0.004402 0.005183 0.005594 0.006445 0.007209 -9999.0 -9999.0 -9999.0 -9999.0
