user2019/resources/simulation/Vinschgau/output-maps/PrecTOTALN0033.asc
ncols         63
nrows         48
xllcorner     598000.000000
yllcorner     5145000.000000
cellsize      1000.000000
NODATA_value  -9999.0
[rows 0 to 28 of 48, columns 0 to 62 of 63]
-9999.0 -9999.0 -9999.0 -9999.0 -9999.0 -9999.0 -9999.0 -9999.0 -9999.0 -9999.0 -9999.0 -9999.0 -9999.0 -9999.0 -9999.0 -9999.0 -9999.0 -9999.0 -9999.0 -9999.0 -9999.0 -9999.0 -9999.0 -9999.0 -9999.0 -9999.0 -9999.0 -9999.0 -9999.0 -9999.0 -9999.0 -9999.0 -9999.0 -9999.0 -9999.0 -9999.0 -9999.0 -9999.0 -9999.0 -9999.0 -9999.0 -9999.0 -9999.0 -9999.0 -9999.0 -9999.0 -9999.0 -9999.0 -9999.0 -9999.0 -9999.0 -9999.0 -9999.0 -9999.0 -9999.0 -9999.0 -9999.0 -9999.0 -9999.0 -9999.0 -9999.0 -9999.0 -9999.0
-9999.0 -9999.0 -9999.0 -9999.0 -9999.0 -9999.0 -9999.0 -9999.0 -9999.0 -9999.0 -9999.0 -9999.0 -9999.0 -9999.0 -9999.0 -9999.0 -9999.0 -9999.0 -9999.0 -9999.0 -9999.0 -9999.0 -9999.0 -9999.0 -9999.0 -9999.0 -9999.0 0.036099 0.035113 0.033599 0.035232 0.034813 0.030690 -9999.0 -9999.0 -9999.0 -9999.0 -9999.0 -9999.0 -9999.0 -9999.0 -9999.0 -9999.0 -9999.0 -9999.0 -9999.0 -9999.0 -9999.0 -9999.0 -9999.0 -9999.0 -9999.0 -9999.0 -9999.0 -9999.0 -9999.0 -9999.0 -9999.0 -9999.0 -9999.0 -9999.0 -9999.0 -9999.0
-9999.0 -9999.0 -9999.0 -9999.0 -9999.0 -9999.0 -9999.0 -9999.0 -9999.0 -9999.0 -9999.0 -9999.0 -9999.0 -9999.0 -9999.0 -9999.0 -9999.0 -9999.0 -9999.0 -9999.0 -9999.0 -9999.0 -9999.0 -9999.0 0.030190 0.031255 0.031773 0.034257 0.033149 0.033182 0.036853 -9999.0 -9999.0 -9999.0 -9999.0 -9999.0 -9999.0 -9999.0 -9999.0 -9999.0 -9999.0 -9999.0 -9999.0 -9999.0 -9999.0 -9999.0 -9999.0 -9999.0 -9999.0 -9999.0 -9999.0 -9999.0 -9999.0 -9999.0 -9999.0 -9999.0 -9999.0 -9999.0 -9999.0 -9999.0 -9999.0 -9999.0 -9999.0
-9999.0 -9999.0 -9999.0 -9999.0 -9999.0 -9999.0 -9999.0 -9999.0 -9999.0 -9999.0 -9999.0 -9999.0 -9999.0 -9999.0 -9999.0 -9999.0 -9999.0 -9999.0 -9999.0 -9999.0 -9999.0 -9999.0 -9999.0 0.026598 0.026840 0.027997 0.028801 0.030417 0.030231 0.033342 0.036774 0.036538 -9999.0 -9999.0 -9999.0 -9999.0 -9999.0 -9999.0 -9999.0 -9999.0 -9999.0 -9999.0 -9999.0 -9999.0 -9999.0 -9999.0 -9999.0 -9999.0 -9999.0 -9999.0 -9999.0 -9999.0 -9999.0 -9999.0 -9999.0 -9999.0 -9999.0 -9999.0 -9999.0 -9999.0 -9999.0 -9999.0 -9999.0
-9999.0 -9999.0 -9999.0 -9999.0 -9999.0 -9999.0 -9999.0 -9999.0 -9999.0 -9999.0 -9999.0 -9999.0 -9999.0 -9999.0 -9999.0 -9999.0 -9999.0 -9999.0 0.012504 0.015946 -9999.0 0.021146 0.021980 0.022490 0.022786 0.022649 0.025474 0.026877 0.027497 0.030709 0.032513 0.034389 0.032106 0.031952 -9999.0 -9999.0 -9999.0 -9999.0 -9999.0 -9999.0 -9999.0 -9999.0 -9999.0 -9999.0 -9999.0 -9999.0 -9999.0 -9999.0 -9999.0 -9999.0 -9999.0 -9999.0 -9999.0 -9999.0 -9999.0 -9999.0 -9999.0 -9999.0 -9999.0 -9999.0 -9999.0 -9999.0 -9999.0
-9999.0 -9999.0 -9999.0 -9999.0 -9999.0 -9999.0 -9999.0 -9999.0 -9999.0 -9999.0 -9999.0 -9999.0 -9999.0 -9999.0 -9999.0 -9999.0 -9999.0 0.009575 0.010376 0.012581 0.015738 0.017659 0.018686 0.018402 0.018985 0.024238 0.028586 0.031593 0.030318 0.026170 0.028410 0.029895 0.026668 0.027012 0.028744 0.029419 -9999.0 -9999.0 -9999.0 -9999.0 -9999.0 -9999.0 -9999.0 -9999.0 -9999.0 -9999.0 -9999.0 -9999.0 -9999.0 -9999.0 -9999.0 -9999.0 -9999.0 -9999.0 -9999.0 -9999.0 -9999.0 -9999.0 -9999.0 -9999.0 -9999.0 -9999.0 -9999.0
-9999.0 -9999.0 -9999.0 -9999.0 -9999.0 -9999.0 -9999.0 -9999.0 -9999.0 -9999.0 -9999.0 -9999.0 -9999.0 0.014364 0.011888 0.009848 0.009084 0.008681 0.008629 0.010149 0.011864 0.013585 0.014540 0.015430 0.020238 0.025123 0.031567 0.032543 0.032317 0.029294 0.025637 0.024606 0.026842 0.024607 0.024040 0.026015 -9999.0 -9999.0 -9999.0 -9999.0 -9999.0 -9999.0 -9999.0 -9999.0 -9999.0 -9999.0 -9999.0 -9999.0 -9999.0 -9999.0 -9999.0 -9999.0 -9999.0 -9999.0 -9999.0 -9999.0 -9999.0 -9999.0 -9999.0 -9999.0 -9999.0 -9999.0 -9999.0
-9999.0 -9999.0 -9999.0 -9999.0 -9999.0 -9999.0 -9999.0 -9999.0 -9999.0 -9999.0 -9999.0 -9999.0 -9999.0 0.013394 0.010768 0.009337 0.008639 0.007406 0.007399 0.007818 0.008367 0.009345 0.012099 0.015210 0.018865 0.022902 0.028549 0.031449 0.034267 0.030162 0.026590 0.026662 0.027131 0.026504 0.024871 -9999.0 -9999.0 -9999.0 -9999.0 -9999.0 -9999.0 -9999.0 -9999.0 -9999.0 -9999.0 -9999.0 -9999.0 -9999.0 -9999.0 -9999.0 -9999.0 -9999.0 -9999.0 -9999.0 -9999.0 -9999.0 -9999.0 -9999.0 -9999.0 -9999.0 -9999.0 -9999.0 -9999.0
-9999.0 -9999.0 -9999.0 -9999.0 -9999.0 -9999.0 -9999.0 -9999.0 -9999.0 -9999.0 -9999.0 -9999.0 -9999.0 0.011572 0.009133 0.009035 0.007775 0.006136 0.005577 0.006100 0.007504 0.009733 0.012202 0.015536 0.018328 0.021301 0.024471 0.030033 0.030790 0.030574 0.026299 0.028786 0.028294 0.028074 0.024259 -9999.0 -9999.0 -9999.0 -9999.0 -9999.0 -9999.0 -9999.0 -9999.0 -9999.0 -9999.0 -9999.0 -9999.0 -9999.0 -9999.0 -9999.0 -9999.0 -9999.0 -9999.0 -9999.0 -9999.0 -9999.0 -9999.0 -9999.0 -9999.0 -9999.0 -9999.0 -9999.0 -9999.0
-9999.0 -9999.0 -9999.0 -9999.0 -9999.0 -9999.0 -9999.0 -9999.0 -9999.0 -9999.0 -9999.0 -9999.0 0.013084 0.009991 0.009492 0.008800 0.006714 0.004555 0.003619 0.004074 0.005875 0.009225 0.012560 0.015348 0.015098 0.019366 0.019659 0.025326 0.023296 0.026563 0.027825 0.025119 0.021344 0.023611 -9999.0 -9999.0 -9999.0 -9999.0 -9999.0 -9999.0 -9999.0 -9999.0 -9999.0 -9999.0 -9999.0 -9999.0 -9999.0 -9999.0 -9999.0 -9999.0 -9999.0 -9999.0 -9999.0 -9999.0 -9999.0 -9999.0 -9999.0 -9999.0 -9999.0 -9999.0 -9999.0 -9999.0 -9999.0
-9999.0 -9999.0 -9999.0 -9999.0 -9999.0 -9999.0 -9999.0 -9999.0 -9999.0 -9999.0 -9999.0 0.015159 0.012326 0.009978 0.010466 0.008840 0.005998 0.003075 0.001958 0.002373 0.004515 0.007445 0.011497 0.014618 0.014629 0.018055 0.020682 0.021804 0.018578 0.023418 0.023791 0.017985 0.019799 0.019669 0.016437 0.012260 0.010116 0.008059 0.007437 -9999.0 -9999.0 -9999.0 0.018011 -9999.0 -9999.0 -9999.0 -9999.0 -9999.0 -9999.0 -9999.0 -9999.0 -9999.0 -9999.0 -9999.0 -9999.0 -9999.0 -9999.0 -9999.0 -9999.0 -9999.0 -9999.0 -9999.0 -9999.0
-9999.0 -9999.0 -9999.0 -9999.0 -9999.0 -9999.0 -9999.0 -9999.0 -9999.0 -9999.0 -9999.0 0.014659 0.013321 0.011233 0.010761 0.009037 0.005333 0.002353 0.001001 0.001563 0.003603 0.006970 0.010784 0.013981 0.014129 0.017656 0.018656 0.018000 0.018588 0.021601 0.018512 0.015277 0.017506 0.017535 0.013864 0.009061 0.005604 0.004150 0.004012 0.006237 0.008614 0.012077 0.013010 0.018367 -9999.0 -9999.0 -9999.0 0.034718 0.035228 0.035394 0.038098 0.042920 0.047249 0.049365 0.052617 0.058925 -9999.0 -9999.0 -9999.0 -9999.0 -9999.0 -9999.0 -9999.0
-9999.0 -9999.0 -9999.0 -9999.0 -9999.0 -9999.0 -9999.0 -9999.0 -9999.0 -9999.0 -9999.0 0.016274 0.014520 0.011707 0.011816 0.009621 0.005961 0.003073 0.001779 0.002188 0.004163 0.006827 0.009739 0.013091 0.014874 0.015115 0.014190 0.013353 0.017863 0.021129 0.018635 0.014519 0.014584 0.014648 0.011942 0.006516 0.003279 0.001433 0.001177 0.002868 0.005526 0.009350 0.011414 0.015879 0.021229 -9999.0 0.033031 0.029780 0.029288 0.029088 0.029790 0.031680 0.035429 0.039409 0.043560 0.049612 -9999.0 -9999.0 -9999.0 -9999.0 -9999.0 -9999.0 -9999.0
-9999.0 -9999.0 -9999.0 -9999.0 -9999.0 -9999.0 -9999.0 -9999.0 -9999.0 -9999.0 -9999.0 -9999.0 0.015578 0.013883 0.013201 0.011502 0.007808 0.005076 0.003749 0.003888 0.005544 0.007717 0.008941 0.010584 0.013378 0.012743 0.011743 0.014761 0.017736 0.018721 0.017048 0.014008 0.014356 0.014240 0.011036 0.006401 0.002517 0.000403 0.000103 0.001578 0.004603 0.007632 0.010197 0.013846 0.019778 0.025518 0.028494 0.030115 0.026805 0.025366 0.024536 0.028247 0.030850 0.033324 0.036894 0.043207 0.050969 -9999.0 -9999.0 -9999.0 -9999.0 -9999.0 -9999.0
-9999.0 -9999.0 -9999.0 -9999.0 -9999.0 -9999.0 -9999.0 -9999.0 -9999.0 -9999.0 -9999.0 0.017226 0.017897 0.015851 0.013425 0.011896 0.009554 0.007160 0.005788 0.005674 0.006683 0.007873 0.008585 0.010511 0.011619 0.010452 0.011624 0.015315 0.016387 0.015673 0.013768 0.013133 0.012711 0.013641 0.012099 0.007357 0.003613 0.001121 0.000693 0.002141 0.004772 0.006855 0.009602 0.012704 0.015797 0.022173 0.024784 0.026233 0.025924 0.021553 0.029718 0.035148 0.036474 0.039708 0.045522 0.049381 0.049594 -9999.0 -9999.0 -9999.0 -9999.0 -9999.0 -9999.0
-9999.0 -9999.0 -9999.0 -9999.0 -9999.0 -9999.0 -9999.0 -9999.0 -9999.0 -9999.0 0.015952 0.017116 0.018223 0.018098 0.015387 0.012122 0.010748 0.008562 0.006899 0.006668 0.007065 0.007274 0.009161 0.009739 0.009435 0.008737 0.011669 0.014214 0.013348 0.013227 0.011714 0.012249 0.013056 0.014079 0.014325 0.009501 0.005884 0.003737 0.002977 0.003598 0.005282 0.006966 0.008981 0.011922 0.014828 0.020173 0.024651 0.021197 0.021284 0.019344 0.030189 0.040251 0.042475 0.048307 0.049256 0.043421 0.042445 -9999.0 -9999.0 -9999.0 -9999.0 -9999.0 -9999.0
-9999.0 -9999.0 -9999.0 -9999.0 -9999.0 -9999.0 -9999.0 -9999.0 -9999.0 0.020333 0.018059 0.017428 0.015639 0.018205 0.016840 0.015025 0.012557 0.009127 0.006749 0.006522 0.006731 0.007646 0.007963 0.007545 0.007574 0.009337 0.010970 0.010855 0.010296 0.010850 0.009896 0.012912 0.015164 0.017888 0.016256 0.012566 0.008746 0.007775 0.007005 0.007216 0.008245 0.010734 0.012024 0.011496 0.014492 0.017169 0.019307 0.022377 0.024502 0.019310 0.025922 0.036724 0.047672 0.050776 0.045770 0.040992 0.039712 0.044290 0.050645 -9999.0 -9999.0 -9999.0 -9999.0
-9999.0 -9999.0 -9999.0 -9999.0 -9999.0 -9999.0 -9999.0 -9999.0 -9999.0 0.020543 0.021421 0.018678 0.014436 0.017716 0.019311 0.018334 0.012784 0.007353 0.005275 0.005543 0.006165 0.006399 0.006322 0.007094 0.007998 0.008763 0.008406 0.008420 0.008101 0.009066 0.011132 0.014162 0.016045 0.018225 0.016478 0.014919 0.013942 0.012206 0.012229 0.011466 0.012262 0.015277 0.015138 0.013757 0.013868 0.014137 0.015162 0.018999 0.020877 0.017854 0.027471 0.035057 0.047094 0.048057 0.041346 0.043894 0.039224 0.035111 0.039350 -9999.0 -9999.0 -9999.0 -9999.0
-9999.0 -9999.0 -9999.0 -9999.0 -9999.0 -9999.0 -9999.0 -9999.0 -9999.0 -9999.0 0.022516 0.019575 0.018539 0.017692 0.020093 0.019628 0.012151 0.004567 0.002669 0.004079 0.005489 0.006376 0.007061 0.006873 0.007023 0.006115 0.006098 0.006245 0.008859 0.011129 0.013278 0.012728 0.018030 0.019156 0.016830 0.015267 0.015374 0.014120 0.016951 0.018135 0.017737 0.017458 0.014741 0.018011 0.017703 0.019177 0.018722 0.017047 0.015559 0.020453 0.027427 0.030359 0.040811 0.048345 0.048856 0.042401 0.034704 0.026444 0.029121 0.031755 -9999.0 -9999.0 -9999.0
-9999.0 -9999.0 -9999.0 -9999.0 -9999.0 -9999.0 -9999.0 -9999.0 -9999.0 -9999.0 0.022446 0.021960 0.021439 0.020570 0.019278 0.019421 0.011456 0.003018 0.001059 0.003205 0.005683 0.006738 0.006243 0.005240 0.004822 0.004072 0.004262 0.006296 0.009229 0.012475 0.015464 0.015018 0.017848 0.021555 0.019859 0.015840 0.015335 0.016937 0.019557 0.023644 0.022929 0.020500 0.020412 0.023274 0.022854 0.022590 0.021679 0.020598 0.018884 0.018921 0.021584 0.029090 0.035180 0.041608 0.048126 0.045121 0.039643 0.029309 0.024035 0.026278 -9999.0 -9999.0 -9999.0
-9999.0 -9999.0 -9999.0 -9999.0 -9999.0 -9999.0 -9999.0 -9999.0 0.017949 0.019758 0.021096 0.019436 0.019849 0.022415 0.020929 0.015839 0.010208 0.004803 0.003156 0.004531 0.005984 0.006554 0.006014 0.001552 0.002872 0.002770 0.003930 0.006870 0.010418 0.014220 0.017783 0.017766 0.020300 0.023672 0.022274 0.020518 0.019352 0.017514 0.022643 0.027609 0.026733 0.022980 0.026825 0.028296 0.025448 0.021624 0.026494 0.024476 0.020793 0.017580 0.022695 0.026543 0.032039 0.041495 0.040571 0.035577 0.038183 0.030723 0.025446 0.022913 -9999.0 -9999.0 -9999.0
-9999.0 -9999.0 -9999.0 -9999.0 -9999.0 -9999.0 -9999.0 -9999.0 0.016134 0.016790 0.019188 0.021178 0.019895 0.016637 0.018896 0.014878 0.011422 0.007917 0.005865 0.006074 0.006564 0.006779 0.008367 0.004637 0.003577 0.003966 0.005177 0.007826 0.012051 0.016093 0.019321 0.018993 0.020903 0.023874 0.024361 0.024017 0.020522 0.019677 0.024262 0.029185 0.032776 0.030689 0.031823 0.028425 0.024501 0.026811 0.031011 0.029114 0.022362 0.020270 0.018581 0.024896 0.032040 0.035959 0.028993 0.026701 0.027356 0.026191 0.022044 0.022128 0.023505 -9999.0 -9999.0
-9999.0 -9999.0 -9999.0 -9999.0 -9999.0 -9999.0 -9999.0 -9999.0 0.017412 0.015226 0.016516 0.019183 0.017502 0.017691 0.016416 0.013888 0.010153 0.008841 0.007351 0.007194 0.007423 0.007654 0.007793 0.007818 0.007211 0.007324 0.007961 0.010287 0.013521 0.016278 0.017421 0.017084 0.020644 0.022043 0.024608 0.022411 0.024987 0.020432 0.026255 0.030651 0.034993 0.035413 0.032597 0.028970 0.029990 0.031095 0.034059 0.032803 0.027968 0.020280 0.016558 0.021190 0.027316 0.027473 0.023565 0.024364 0.021701 0.021418 0.021359 0.022592 0.023043 -9999.0 -9999.0
-9999.0 -9999.0 -9999.0 -9999.0 -9999.0 -9999.0 -9999.0 -9999.0 0.018523 0.015326 0.012461 0.014801 0.015458 0.013938 0.012198 0.010216 0.008628 0.007744 0.007149 0.008314 0.008633 0.009450 0.011564 0.015195 0.014612 0.012447 0.012206 0.013848 0.014029 0.013547 0.016431 0.017433 0.016161 0.017491 0.024910 0.027514 0.026151 0.021046 0.027038 0.031643 0.035847 0.034395 0.032777 0.030452 0.034293 0.032973 0.030769 0.030391 0.028443 0.024381 0.020717 0.017952 0.021123 0.022388 0.020885 0.020968 0.020233 0.020638 0.021723 0.022379 0.023873 0.029410 -9999.0
-9999.0 -9999.0 -9999.0 -9999.0 -9999.0 -9999.0 -9999.0 -9999.0 0.017990 0.014479 0.011804 0.011663 0.010376 0.009590 0.009078 0.008515 0.007580 0.008694 0.009875 0.010070 0.010002 0.010954 0.014403 0.018692 0.017499 0.015215 0.014584 0.014197 0.012385 0.012775 0.015632 0.015636 0.013819 0.018888 0.023038 0.026272 0.026157 0.023237 0.025191 0.029136 0.029712 0.027997 0.025011 0.025477 0.029310 0.028860 0.025029 0.022753 0.022648 0.020677 0.020801 0.020726 0.020831 0.020224 0.019859 0.020078 0.020381 0.020946 0.021529 0.023407 0.026569 0.032823 -9999.0
-9999.0 -9999.0 0.020274 0.019389 0.018499 0.017756 0.016334 0.017018 0.017398 0.015316 0.011689 0.008948 0.008435 0.007024 0.006505 0.006288 0.008904 0.011946 0.013023 0.011849 0.011252 0.011232 0.013214 0.014829 0.014760 0.014139 0.013530 0.013115 0.011242 0.012816 0.014254 0.014905 0.012613 0.016700 0.019154 0.022881 0.023851 0.025868 0.027105 0.028571 0.026697 0.023683 0.022867 0.023262 0.024482 0.023666 0.020244 0.020735 0.017695 0.017690 0.018082 0.018893 0.019600 0.020140 0.020225 0.020106 0.019947 0.020628 0.023355 0.026034 0.030658 0.037550 -9999.0
-9999.0 0.018047 0.017569 0.017778 0.017519 0.016336 0.016419 0.017810 0.018118 0.016109 0.012039 0.008936 0.006455 0.005405 0.005042 0.007300 0.010807 0.014359 0.014358 0.012321 0.011610 0.011128 0.011423 0.011934 0.011848 0.011865 0.011555 0.011135 0.010439 0.011044 0.010786 0.011569 0.012580 0.013818 0.017462 0.020265 0.023387 0.025691 0.024561 0.023006 0.021872 0.020203 0.019867 0.021546 0.020420 0.018841 0.017608 0.016396 0.016292 0.017265 0.017982 0.018669 0.019580 0.020892 0.020511 0.020537 0.023040 0.023953 0.026471 0.030732 0.036555 0.039715 -9999.0
-9999.0 0.016772 0.016405 0.015742 0.015624 0.014737 0.015889 0.017317 0.017531 0.015738 0.012166 0.008615 0.006234 0.004906 0.005541 0.008716 0.013006 0.014156 0.012823 0.012759 0.011113 0.010917 0.010043 0.010072 0.010609 0.010841 0.010672 0.010460 0.010145 0.009328 0.008227 0.007791 0.008914 0.012070 0.015876 0.019577 0.022978 0.025404 0.021909 0.020240 0.019251 0.018684 0.018320 0.017850 0.016594 0.016361 0.014904 0.015619 0.016009 0.016901 0.018061 0.020123 0.021534 0.021257 0.021638 0.024008 0.025569 0.028812 0.031484 0.037626 0.040609 -9999.0 -9999.0
-9999.0 0.018389 0.015191 0.014696 0.013729 0.014762 0.014399 0.014927 0.015413 0.014282 0.011410 0.008489 0.006723 0.006353 0.007647 0.010655 0.014399 0.014594 0.015242 0.013004 0.013813 0.011579 0.009485 0.009096 0.010004 0.010775 0.011055 0.010912 0.010304 0.008996 0.007014 0.005425 0.006359 0.010211 0.014853 0.018590 0.021251 0.021799 0.017438 0.019440 0.019368 0.018660 0.017859 0.017123 0.016789 0.016555 0.016817 0.016105 0.017137 0.018417 0.020385 0.023483 0.024935 0.022426 0.025237 0.028978 0.029905 0.033390 0.037730 -9999.0 -9999.0 -9999.0 -9999.0
