user2019/resources/simulation/Vinschgau/output-maps/psiL0002N0584.asc
ncols         63
nrows         48
xllcorner     598000.000000
yllcorner     5145000.000000
cellsize      1000.000000
NODATA_value  -9999.0
[rows 0 to 26 of 48, columns 0 to 60 of 63]
-9999.0 -9999.0 -9999.0 -9999.0 -9999.0 -9999.0 -9999.0 -9999.0 -9999.0 -9999.0 -9999.0 -9999.0 -9999.0 -9999.0 -9999.0 -9999.0 -9999.0 -9999.0 -9999.0 -9999.0 -9999.0 -9999.0 -9999.0 -9999.0 -9999.0 -9999.0 -9999.0 -9999.0 -9999.0 -9999.0 -9999.0 -9999.0 -9999.0 -9999.0 -9999.0 -9999.0 -9999.0 -9999.0 -9999.0 -9999.0 -9999.0 -9999.0 -9999.0 -9999.0 -9999.0 -9999.0 -9999.0 -9999.0 -9999.0 -9999.0 -9999.0 -9999.0 -9999.0 -9999.0 -9999.0 -9999.0 -9999.0 -9999.0 -9999.0 -9999.0 -9999.0
-9999.0 -9999.0 -9999.0 -9999.0 -9999.0 -9999.0 -9999.0 -9999.0 -9999.0 -9999.0 -9999.0 -9999.0 -9999.0 -9999.0 -9999.0 -9999.0 -9999.0 -9999.0 -9999.0 -9999.0 -9999.0 -9999.0 -9999.0 -9999.0 -9999.0 -9999.0 -9999.0 -84.928019 18.529500 -95.470324 24.236456 22.766387 548.856441 -9999.0 -9999.0 -9999.0 -9999.0 -9999.0 -9999.0 -9999.0 -9999.0 -9999.0 -9999.0 -9999.0 -9999.0 -9999.0 -9999.0 -9999.0 -9999.0 -9999.0 -9999.0 -9999.0 -9999.0 -9999.0 -9999.0 -9999.0 -9999.0 -9999.0 -9999.0 -9999.0 -9999.0
-9999.0 -9999.0 -9999.0 -9999.0 -9999.0 -9999.0 -9999.0 -9999.0 -9999.0 -9999.0 -9999.0 -9999.0 -9999.0 -9999.0 -9999.0 -9999.0 -9999.0 -9999.0 -9999.0 -9999.0 -9999.0 -9999.0 -9999.0 -9999.0 19.151623 14.366498 -110.892081 13.244007 17.365282 23.590801 21.422647 -9999.0 -9999.0 -9999.0 -9999.0 -9999.0 -9999.0 -9999.0 -9999.0 -9999.0 -9999.0 -9999.0 -9999.0 -9999.0 -9999.0 -9999.0 -9999.0 -9999.0 -9999.0 -9999.0 -9999.0 -9999.0 -9999.0 -9999.0 -9999.0 -9999.0 -9999.0 -9999.0 -9999.0 -9999.0 -9999.0
-9999.0 -9999.0 -9999.0 -9999.0 -9999.0 -9999.0 -9999.0 -9999.0 -9999.0 -9999.0 -9999.0 -9999.0 -9999.0 -9999.0 -9999.0 -9999.0 -9999.0 -9999.0 -9999.0 -9999.0 -9999.0 -9999.0 -9999.0 17.804431 13.680840 -1025.206222 -1132.378920 -1176.291705 -739.771687 -154.431617 17.560465 21.995547 -9999.0 -9999.0 -9999.0 -9999.0 -9999.0 -9999.0 -9999.0 -9999.0 -9999.0 -9999.0 -9999.0 -9999.0 -9999.0 -9999.0 -9999.0 -9999.0 -9999.0 -9999.0 -9999.0 -9999.0 -9999.0 -9999.0 -9999.0 -9999.0 -9999.0 -9999.0 -9999.0 -9999.0 -9999.0
-9999.0 -9999.0 -9999.0 -9999.0 -9999.0 -9999.0 -9999.0 -9999.0 -9999.0 -9999.0 -9999.0 -9999.0 -9999.0 -9999.0 -9999.0 -9999.0 -9999.0 -9999.0 17.137893 19.303586 -9999.0 21.746287 19.870463 -828.432209 -1010.684475 -1216.472785 -758.166511 -676.176039 -990.400405 -1083.774209 14.694173 21.470417 -82.500741 -71.709083 -9999.0 -9999.0 -9999.0 -9999.0 -9999.0 -9999.0 -9999.0 -9999.0 -9999.0 -9999.0 -9999.0 -9999.0 -9999.0 -9999.0 -9999.0 -9999.0 -9999.0 -9999.0 -9999.0 -9999.0 -9999.0 -9999.0 -9999.0 -9999.0 -9999.0 -9999.0 -9999.0
-9999.0 -9999.0 -9999.0 -9999.0 -9999.0 -9999.0 -9999.0 -9999.0 -9999.0 -9999.0 -9999.0 -9999.0 -9999.0 -9999.0 -9999.0 -9999.0 -9999.0 -881.491902 -557.507471 -205.218196 -82.602470 -440.353690 -642.162050 -954.260579 -814.954472 -724.658390 -569.031625 -500.561158 -654.041398 -587.055630 21.285907 27.185764 -178.199142 -161.477185 -155.908608 -197.758606 -9999.0 -9999.0 -9999.0 -9999.0 -9999.0 -9999.0 -9999.0 -9999.0 -9999.0 -9999.0 -9999.0 -9999.0 -9999.0 -9999.0 -9999.0 -9999.0 -9999.0 -9999.0 -9999.0 -9999.0 -9999.0 -9999.0 -9999.0 -9999.0 -9999.0
-9999.0 -9999.0 -9999.0 -9999.0 -9999.0 -9999.0 -9999.0 -9999.0 -9999.0 -9999.0 -9999.0 -9999.0 -9999.0 24.521217 -415.569463 -625.714502 -776.265883 -218.218342 -835.394969 -742.457174 -645.807411 -852.741386 -963.082933 -716.589743 -595.820519 19.130392 -125.623669 35.178107 -578.668369 -629.964053 6233.698057 42.771540 39.275048 44.185649 -83.831758 -81.001115 -9999.0 -9999.0 -9999.0 -9999.0 -9999.0 -9999.0 -9999.0 -9999.0 -9999.0 -9999.0 -9999.0 -9999.0 -9999.0 -9999.0 -9999.0 -9999.0 -9999.0 -9999.0 -9999.0 -9999.0 -9999.0 -9999.0 -9999.0 -9999.0 -9999.0
-9999.0 -9999.0 -9999.0 -9999.0 -9999.0 -9999.0 -9999.0 -9999.0 -9999.0 -9999.0 -9999.0 -9999.0 -9999.0 24.407392 -466.989274 -670.835618 -647.379416 -293.932590 -229.252786 -865.444839 -857.107866 -466.017679 -666.313192 -644.497942 -601.610199 -616.442079 18.201452 -104.674814 -73.464358 -312.669046 35.901541 24.923267 -98.126100 -84.322203 -101.302753 -9999.0 -9999.0 -9999.0 -9999.0 -9999.0 -9999.0 -9999.0 -9999.0 -9999.0 -9999.0 -9999.0 -9999.0 -9999.0 -9999.0 -9999.0 -9999.0 -9999.0 -9999.0 -9999.0 -9999.0 -9999.0 -9999.0 -9999.0 -9999.0 -9999.0 -9999.0
-9999.0 -9999.0 -9999.0 -9999.0 -9999.0 -9999.0 -9999.0 -9999.0 -9999.0 -9999.0 -9999.0 -9999.0 -9999.0 -506.911855 428.349975 -635.753706 -596.912640 -669.630853 -240.179007 -735.766224 19.106981 -159.243278 -283.830052 -515.411804 -569.667024 16.742893 -102.723061 -76.369674 22.361509 -73.412467 28.695949 -71.314275 -91.670269 -46.377411 -108.806664 -9999.0 -9999.0 -9999.0 -9999.0 -9999.0 -9999.0 -9999.0 -9999.0 -9999.0 -9999.0 -9999.0 -9999.0 -9999.0 -9999.0 -9999.0 -9999.0 -9999.0 -9999.0 -9999.0 -9999.0 -9999.0 -9999.0 -9999.0 -9999.0 -9999.0 -9999.0
-9999.0 -9999.0 -9999.0 -9999.0 -9999.0 -9999.0 -9999.0 -9999.0 -9999.0 -9999.0 -9999.0 -9999.0 -567.112209 4174.399548 -499.390928 -313.366174 -333.978853 -556.945215 -334.674662 -172.777773 -624.713869 -418.514049 41.425167 9.733149 2172.722857 21.310366 670.143259 22.355528 36.384111 -98.418221 23.410494 -92.975557 31.344243 -80.979249 -9999.0 -9999.0 -9999.0 -9999.0 -9999.0 -9999.0 -9999.0 -9999.0 -9999.0 -9999.0 -9999.0 -9999.0 -9999.0 -9999.0 -9999.0 -9999.0 -9999.0 -9999.0 -9999.0 -9999.0 -9999.0 -9999.0 -9999.0 -9999.0 -9999.0 -9999.0 -9999.0
-9999.0 -9999.0 -9999.0 -9999.0 -9999.0 -9999.0 -9999.0 -9999.0 -9999.0 -9999.0 -9999.0 30.319318 7.236882 84.399174 -326.253007 29.336765 -204.926772 -418.302749 13.140248 -94.874593 -400.199470 -330.094760 27.720083 24.260415 34.093371 29.629073 23.685029 24.251913 2116.978437 -60.195805 -86.262891 32.706820 -112.962956 -80.137000 -81.790582 -73.986363 -1159.157512 -1579.027275 -1664.304901 -9999.0 -9999.0 -9999.0 -108.620172 -9999.0 -9999.0 -9999.0 -9999.0 -9999.0 -9999.0 -9999.0 -9999.0 -9999.0 -9999.0 -9999.0 -9999.0 -9999.0 -9999.0 -9999.0 -9999.0 -9999.0 -9999.0
-9999.0 -9999.0 -9999.0 -9999.0 -9999.0 -9999.0 -9999.0 -9999.0 -9999.0 -9999.0 -9999.0 28.639132 5.884448 32.713496 -272.166941 25.025088 -380.389974 -654.538339 -295.491193 14.609739 21.334907 24.703776 30.091910 30.099207 35.048913 27.074350 22.099188 26.893783 -91.604515 -70.255345 24.363514 58.053180 17.035298 23.067091 -309.205470 -634.214138 -2158.580692 -2619.757086 -2589.268174 -245.647880 -69.882911 -56.232987 -230.596256 -72.517595 -9999.0 -9999.0 -9999.0 24.552266 25.561832 -104.180037 27.093783 -90.160701 -98.179585 25.999124 32.801111 -90.862576 -9999.0 -9999.0 -9999.0 -9999.0 -9999.0
-9999.0 -9999.0 -9999.0 -9999.0 -9999.0 -9999.0 -9999.0 -9999.0 -9999.0 -9999.0 -9999.0 38.760787 25.307541 45.517719 30.800895 28.036553 21.642545 19.245804 11.553682 -322.174056 10.108523 22.865505 18.310907 26.912838 27.128693 -83.242414 32.087868 2091.830460 -91.749305 24.793998 -84.186229 71.148595 14.224775 16.860053 -52.156550 -1393.512149 -2087.464046 -2539.785758 -3276.108472 -2807.060441 -2179.156664 -1199.840925 -554.696420 12.376958 19.788415 -9999.0 -84.054743 27.648125 26.139366 26.675257 24.982552 -113.957667 26.824714 26.692840 36.134689 31.391033 -9999.0 -9999.0 -9999.0 -9999.0 -9999.0
-9999.0 -9999.0 -9999.0 -9999.0 -9999.0 -9999.0 -9999.0 -9999.0 -9999.0 -9999.0 -9999.0 -9999.0 36.261711 35.355764 25.464991 27.765900 22.244107 14.300504 18.151756 -336.602640 14.282012 23.581928 28.409145 26.193107 28.004444 30.676255 1385.995698 24.915347 27.009871 -92.981850 21.135312 50.631472 13.531867 14.093828 -323.815155 -1296.096139 -2166.423153 -2643.698043 -3392.518423 -3014.844872 -2493.496534 -206.655355 -706.979063 -293.297366 -79.401532 21.625761 -90.726797 24.556703 37.178824 28.124375 8.747536 116.181326 581.909606 92.569665 52.392791 40.612286 30.635915 -9999.0 -9999.0 -9999.0 -9999.0
-9999.0 -9999.0 -9999.0 -9999.0 -9999.0 -9999.0 -9999.0 -9999.0 -9999.0 -9999.0 -9999.0 38.015833 27.414170 30.313556 39.488219 25.877656 22.067765 20.024433 18.817408 -468.487192 -151.497800 23.617563 28.155776 28.445406 30.548146 32.765872 24.742898 24.380372 21.620511 -91.404474 28.416654 59.135944 14.695333 16.756891 14.858117 -659.918003 -2390.995577 -2563.489952 -2558.407667 -3114.986827 -1746.593443 -1440.093823 -592.222494 -68.083992 13.937626 20.010663 28.520468 -95.920854 -100.669625 11.103660 -56.039648 27.493772 43.963591 56.544306 -20.262158 -72.167897 -102.529949 -9999.0 -9999.0 -9999.0 -9999.0
-9999.0 -9999.0 -9999.0 -9999.0 -9999.0 -9999.0 -9999.0 -9999.0 -9999.0 -9999.0 1403.644494 32.461251 26.662747 26.688626 25.168009 1254.948948 1255.549066 13.270617 -516.358368 -530.464237 -211.401436 19.077195 19.588823 17.735645 12.922036 1472.692241 34.115004 -69.625394 20.882777 19.480346 50.615194 199.561741 22.729246 23.581800 -51.886242 -50.247973 -1441.850891 -1847.716500 -1849.492877 -2098.071260 -1698.896339 -159.198447 -118.054355 -595.968254 -312.219580 -68.887146 21.440774 19.821486 20.460437 6.678324 -67.997117 -94.957288 -17.411483 -83.390532 -83.560280 34.534989 37.974368 -9999.0 -9999.0 -9999.0 -9999.0
-9999.0 -9999.0 -9999.0 -9999.0 -9999.0 -9999.0 -9999.0 -9999.0 -9999.0 30.225802 34.646890 54.330172 39.100793 20.607739 53.395575 50.769916 20.665697 20.824411 -399.649910 -595.611818 -339.009518 -477.229708 13.679241 -456.197645 7.807766 23.725855 14.795771 20.647239 15.281739 7.148071 8.001954 43.847034 -67.501195 -69.219182 -77.657274 -70.534899 -124.395149 -664.949008 -635.741478 -619.277230 -644.600379 -513.102517 -451.991616 -920.721200 -506.383613 -318.327624 11.778388 -329.727952 -183.064383 6.819915 42.973912 -102.633893 -78.957786 -74.176720 -92.343366 53.325843 74.375370 -79.489594 -79.100700 -9999.0 -9999.0
-9999.0 -9999.0 -9999.0 -9999.0 -9999.0 -9999.0 -9999.0 -9999.0 -9999.0 68.261742 36.364099 27.995697 3031.204223 15.069024 18.343874 20.079114 25.198338 10.551179 -445.340021 -683.521261 -680.537896 -813.282657 -382.345902 17.000665 23.884262 20.275784 10.146396 -168.765491 6.843862 9.866005 36.568280 42.586019 30.178495 22.851735 22.583760 -66.449956 -56.170266 -56.625572 -281.832443 12.265145 -326.561869 20.596647 -643.211956 -505.562208 -593.109111 -722.798077 -643.152746 -676.894834 -500.845994 6.976820 26.934637 24.891669 -81.024180 34.833965 -59.071622 45.696070 84.702487 63.770894 -79.174197 -9999.0 -9999.0
-9999.0 -9999.0 -9999.0 -9999.0 -9999.0 -9999.0 -9999.0 -9999.0 -9999.0 -9999.0 29.730596 33.822398 27.057663 1612.680662 15.526153 16.890736 15.082306 -191.921769 -495.539627 -582.318508 -522.863648 -373.248026 14.284358 22.755427 18.963921 -251.930397 -358.075348 6.989448 32.631669 43.021464 43.011362 2954.642346 31.550098 24.553206 23.704370 22.692083 -292.748680 12.947318 -59.679964 22.611642 18.826414 -87.530324 3063.928060 13.778230 19.613784 -251.594863 13.186227 -374.484921 -527.973412 17.463953 29.383775 33.695280 -104.585871 -103.976496 32.441452 33.886969 47.308303 11326.464808 77.040666 8.879551 -9999.0
-9999.0 -9999.0 -9999.0 -9999.0 -9999.0 -9999.0 -9999.0 -9999.0 -9999.0 -9999.0 34.030196 30.317382 26.328762 31.089550 10.467104 -216.999480 9.717665 -453.920887 -643.596229 -612.013254 -681.918923 -580.278987 -404.107955 -396.504002 -345.728491 -433.911503 -128.026914 28.185766 32.362171 29.215294 26.157167 45.514042 10.214396 24.459306 22.832787 26.334935 2402.176602 17.986678 25.038144 23.183904 22.977197 -80.366406 44.871231 21.845609 21.825804 24.256664 24.827917 22.918841 20.781781 10.103601 35.827451 36.840512 27.828739 -101.658008 -72.545817 -79.914327 24.860066 19.388478 170.641702 96.207616 -9999.0
-9999.0 -9999.0 -9999.0 -9999.0 -9999.0 -9999.0 -9999.0 -9999.0 25.365149 25.389327 24.750657 34.177553 145.198581 46.188564 32.009198 -238.820707 -531.461159 -650.911455 -711.109298 -674.412997 -902.348275 -984.959818 -920.770674 -777.317493 -682.663506 -385.312696 19.586930 28.778453 41.199776 41.153007 -87.468452 27.952612 26.141862 23.750486 30.273502 21.010424 20.092724 19.159341 25.784746 -77.049105 -108.693381 36.249750 -61.949567 -73.346775 -87.028631 1485.685437 39.110343 24.422678 22.884957 7.558838 33.206476 42.278949 33.721390 37.496683 -86.631346 25.137115 -87.814694 18.807106 10.060594 104.657335 -9999.0
-9999.0 -9999.0 -9999.0 -9999.0 -9999.0 -9999.0 -9999.0 -9999.0 1463.340161 49.741234 38.675570 27.036666 25.720594 1291.961299 24.603372 16.605024 -322.278294 -479.455185 -814.030901 -820.398754 -943.560325 -1384.740154 -1144.424374 -1179.176474 -1023.131431 -387.072998 22.493469 27.298787 -60.606460 23.640926 24.292547 -127.956839 35.587172 -132.555404 28.273537 21.140096 31.026822 34.965857 36.017582 24.709405 26.836142 23.804514 -111.645442 23.647737 1818.268239 28.978757 -45.041020 23.864428 20.591140 18.118812 8.686596 33.476167 47.313181 25.720731 18.818834 -87.752072 16.222972 14.769903 9.366260 12.156332 -616.102787
-9999.0 -9999.0 -9999.0 -9999.0 -9999.0 -9999.0 -9999.0 -9999.0 24.506342 2183.018355 25.509360 26.235839 90.968708 33.405693 34.319336 23.259038 -359.673790 -654.886745 -909.337895 -803.542987 -1084.487206 -1403.927766 -1440.369473 -1303.110154 -1083.433653 -471.170152 19.903165 28.910528 2.527273 22.613661 -140.002959 27.738964 22.607039 26.357391 25.982357 37.332911 39.080783 12.766517 49.298838 30.200130 29.823105 -150.570319 27.118654 1822.501275 27.930147 27.825223 -115.689138 22.428857 19.241287 19.814815 4.667931 31.446410 32.527562 22.260518 19.630756 22.019637 13.739712 9.604104 -284.890444 8.947314 -499.549806
-9999.0 -9999.0 -9999.0 -9999.0 -9999.0 -9999.0 -9999.0 -9999.0 -121.612929 23.357758 38.237185 14.065103 30.490806 20.635020 28.912966 11.695271 -539.209703 -990.969092 -639.011264 -990.001538 -976.427017 -1130.223642 -1351.266488 -1217.509018 -812.516416 -376.729187 24.002409 41.027027 19.428668 23.074483 34.259001 26.877964 25.832364 38.059112 38.267449 19.371957 17.322452 9.776917 47.369556 27.438467 23.847971 26.037066 26.358140 -90.046306 22.905148 -92.620349 24.416900 -101.248891 17.009368 12.665574 9.256384 7.125962 23.649700 9.771238 15.568185 19.402166 20.692601 70.366937 -414.199295 -484.989439 -383.124507
-9999.0 -9999.0 -9999.0 -9999.0 -9999.0 -9999.0 -9999.0 -9999.0 21.657347 23.318536 3003.610457 25.057297 28.358229 21.601369 11.734242 -416.346895 -303.165850 -407.334535 -369.960411 -583.657726 -980.738196 -1032.301422 -1016.908910 -941.720815 -972.973473 -507.469083 -59.412189 15.018896 -289.285368 21.432911 24.394024 19.111686 34.129086 31.498335 34.025345 35.938176 20.047470 9.403767 45.530989 23.161468 19.052313 36.270875 30.138215 24.754626 21.019314 21.046480 18.090190 22.600737 10.630727 8.780617 -330.310334 -537.832514 -116.550627 -316.310948 115.710651 109.861707 8.808224 -295.737754 -344.285501 -373.288844 -311.881620
-9999.0 -9999.0 22.777544 23.585398 739.938336 17.915177 58.665062 30.232101 24.140554 24.146562 34.600067 49.676953 30.137028 18.379729 -364.883990 7.662313 19.581803 21.766470 9.010928 -341.651513 -699.017323 -1075.960952 -758.385282 -1205.442207 -793.718601 -738.272991 -545.488466 -450.335865 -441.586102 14.504555 10.715425 16.779536 63.385762 21.803191 21.890037 21.574081 6.933856 10.843841 33.879783 22.767971 16.686849 24.882634 33.781699 20.512582 20.927203 16.095536 9.804622 14.043478 -210.245365 -476.309593 -651.775185 -662.861264 8.684597 8.731597 8.672830 14.083616 34.990556 12.046684 11.845815 9.516311 10.110979
-9999.0 9.615664 16.712820 16.850412 14.750411 46.740729 62.426585 35.640541 27.479440 26.239060 31.631408 24.915809 22.671720 19.246898 10.248527 27.359691 25.930762 30.146278 10.380481 -344.149646 -778.200416 -607.311119 -460.510670 -997.944847 -1325.547318 -996.845812 -1078.974269 -1064.133229 -520.969790 -438.036572 -727.162434 -516.890611 29.116831 20.637603 -310.607819 -471.739354 -425.667049 -358.367539 15.293145 -151.868988 -261.471543 14.636735 26.117097 10.641028 -336.620570 -429.209624 -425.606081 -509.007833 -556.640403 -795.523760 -493.916197 8.302962 40.021922 50.934516 46.685884 25.641208 27.226431 17.022478 15.129006 13.135188 11.743920
