user2019/resources/simulation/Vinschgau/output-maps/psiL0001N1246.asc
ncols         63
nrows         48
xllcorner     598000.000000
yllcorner     5145000.000000
cellsize      1000.000000
NODATA_value  -9999.0
[rows 0 to 25 of 48, columns 0 to 56 of 63]
-9999.0 -9999.0 -9999.0 -9999.0 -9999.0 -9999.0 -9999.0 -9999.0 -9999.0 -9999.0 -9999.0 -9999.0 -9999.0 -9999.0 -9999.0 -9999.0 -9999.0 -9999.0 -9999.0 -9999.0 -9999.0 -9999.0 -9999.0 -9999.0 -9999.0 -9999.0 -9999.0 -9999.0 -9999.0 -9999.0 -9999.0 -9999.0 -9999.0 -9999.0 -9999.0 -9999.0 -9999.0 -9999.0 -9999.0 -9999.0 -9999.0 -9999.0 -9999.0 -9999.0 -9999.0 -9999.0 -9999.0 -9999.0 -9999.0 -9999.0 -9999.0 -9999.0 -9999.0 -9999.0 -9999.0 -9999.0 -9999.0
-9999.0 -9999.0 -9999.0 -9999.0 -9999.0 -9999.0 -9999.0 -9999.0 -9999.0 -9999.0 -9999.0 -9999.0 -9999.0 -9999.0 -9999.0 -9999.0 -9999.0 -9999.0 -9999.0 -9999.0 -9999.0 -9999.0 -9999.0 -9999.0 -9999.0 -9999.0 -9999.0 -605.660558 -387.295972 -287.331263 -230.583209 -198.411605 755.384116 -9999.0 -9999.0 -9999.0 -9999.0 -9999.0 -9999.0 -9999.0 -9999.0 -9999.0 -9999.0 -9999.0 -9999.0 -9999.0 -9999.0 -9999.0 -9999.0 -9999.0 -9999.0 -9999.0 -9999.0 -9999.0 -9999.0 -9999.0 -9999.0
-9999.0 -9999.0 -9999.0 -9999.0 -9999.0 -9999.0 -9999.0 -9999.0 -9999.0 -9999.0 -9999.0 -9999.0 -9999.0 -9999.0 -9999.0 -9999.0 -9999.0 -9999.0 -9999.0 -9999.0 -9999.0 -9999.0 -9999.0 -9999.0 -429.560855 -451.437052 -470.920820 -436.693794 -421.722186 -400.464181 -227.668814 -9999.0 -9999.0 -9999.0 -9999.0 -9999.0 -9999.0 -9999.0 -9999.0 -9999.0 -9999.0 -9999.0 -9999.0 -9999.0 -9999.0 -9999.0 -9999.0 -9999.0 -9999.0 -9999.0 -9999.0 -9999.0 -9999.0 -9999.0 -9999.0 -9999.0 -9999.0
-9999.0 -9999.0 -9999.0 -9999.0 -9999.0 -9999.0 -9999.0 -9999.0 -9999.0 -9999.0 -9999.0 -9999.0 -9999.0 -9999.0 -9999.0 -9999.0 -9999.0 -9999.0 -9999.0 -9999.0 -9999.0 -9999.0 -9999.0 -476.294848 -572.443027 -3404.674489 -3394.628746 -3465.888830 -3506.813178 -553.230355 -241.173569 -90.902160 -9999.0 -9999.0 -9999.0 -9999.0 -9999.0 -9999.0 -9999.0 -9999.0 -9999.0 -9999.0 -9999.0 -9999.0 -9999.0 -9999.0 -9999.0 -9999.0 -9999.0 -9999.0 -9999.0 -9999.0 -9999.0 -9999.0 -9999.0 -9999.0 -9999.0
-9999.0 -9999.0 -9999.0 -9999.0 -9999.0 -9999.0 -9999.0 -9999.0 -9999.0 -9999.0 -9999.0 -9999.0 -9999.0 -9999.0 -9999.0 -9999.0 -9999.0 -9999.0 -2425.016286 -628.796308 -9999.0 -536.829775 -611.466402 -3405.206203 -3268.319870 -3344.603768 -1035.662124 -2830.790852 -962.680869 -2085.054054 -463.116301 -247.889274 -226.157233 -776.107663 -9999.0 -9999.0 -9999.0 -9999.0 -9999.0 -9999.0 -9999.0 -9999.0 -9999.0 -9999.0 -9999.0 -9999.0 -9999.0 -9999.0 -9999.0 -9999.0 -9999.0 -9999.0 -9999.0 -9999.0 -9999.0 -9999.0 -9999.0
-9999.0 -9999.0 -9999.0 -9999.0 -9999.0 -9999.0 -9999.0 -9999.0 -9999.0 -9999.0 -9999.0 -9999.0 -9999.0 -9999.0 -9999.0 -9999.0 -9999.0 -3376.930574 -3285.520700 -8212.824143 -6839.522451 -826.683895 -2560.304790 -3220.682476 -2978.515235 -702.420215 1628.165066 -830.493710 1273.718731 -853.082846 -607.528620 -488.459628 -970.983953 -458.190355 -281.854366 -435.671920 -9999.0 -9999.0 -9999.0 -9999.0 -9999.0 -9999.0 -9999.0 -9999.0 -9999.0 -9999.0 -9999.0 -9999.0 -9999.0 -9999.0 -9999.0 -9999.0 -9999.0 -9999.0 -9999.0 -9999.0 -9999.0
-9999.0 -9999.0 -9999.0 -9999.0 -9999.0 -9999.0 -9999.0 -9999.0 -9999.0 -9999.0 -9999.0 -9999.0 -9999.0 -2816.558616 -3101.521993 -3189.149367 -3343.788508 -9318.978976 -3343.585065 -3284.237847 -3231.612451 -3178.548512 -3281.304964 -3169.028505 -675.214747 -607.629625 -33.804699 552.671608 -418.586927 -425.395848 -147.357642 -426.971627 -366.090434 -234.792181 -105.187590 -511.548191 -9999.0 -9999.0 -9999.0 -9999.0 -9999.0 -9999.0 -9999.0 -9999.0 -9999.0 -9999.0 -9999.0 -9999.0 -9999.0 -9999.0 -9999.0 -9999.0 -9999.0 -9999.0 -9999.0 -9999.0 -9999.0
-9999.0 -9999.0 -9999.0 -9999.0 -9999.0 -9999.0 -9999.0 -9999.0 -9999.0 -9999.0 -9999.0 -9999.0 -9999.0 -2354.680299 -3311.525876 -3309.581627 -3283.012312 -3598.936270 -9315.098494 -3306.359322 -3307.114075 -3582.984563 -3142.065877 -2703.696492 -2766.454637 -1207.412666 -408.701701 -868.370854 -234.268834 987.660286 725.712627 -259.386246 -176.326070 -24.065320 -190.625971 -9999.0 -9999.0 -9999.0 -9999.0 -9999.0 -9999.0 -9999.0 -9999.0 -9999.0 -9999.0 -9999.0 -9999.0 -9999.0 -9999.0 -9999.0 -9999.0 -9999.0 -9999.0 -9999.0 -9999.0 -9999.0 -9999.0
-9999.0 -9999.0 -9999.0 -9999.0 -9999.0 -9999.0 -9999.0 -9999.0 -9999.0 -9999.0 -9999.0 -9999.0 -9999.0 -3389.678590 409.031339 -3454.512961 -3302.159396 -3290.684149 -9527.383093 -3346.243030 -3540.428821 -7681.497093 -900.580177 -537.784746 -3168.918180 -2895.309654 -3358.783990 -245.520892 -95.467798 -91.694280 -170.557609 -21.150622 -26.457386 4063.272793 -487.987987 -9999.0 -9999.0 -9999.0 -9999.0 -9999.0 -9999.0 -9999.0 -9999.0 -9999.0 -9999.0 -9999.0 -9999.0 -9999.0 -9999.0 -9999.0 -9999.0 -9999.0 -9999.0 -9999.0 -9999.0 -9999.0 -9999.0
-9999.0 -9999.0 -9999.0 -9999.0 -9999.0 -9999.0 -9999.0 -9999.0 -9999.0 -9999.0 -9999.0 -9999.0 -3312.442176 6297.693860 -3390.437972 -3240.116870 -3068.289756 -3218.282933 -3878.675037 -8486.956668 -3237.138150 -940.112514 -864.007021 -313.985345 -186.340183 -402.560909 -187.674427 -173.251551 -279.405004 -154.700909 -63.919603 -153.071237 4.222050 -998.383013 -9999.0 -9999.0 -9999.0 -9999.0 -9999.0 -9999.0 -9999.0 -9999.0 -9999.0 -9999.0 -9999.0 -9999.0 -9999.0 -9999.0 -9999.0 -9999.0 -9999.0 -9999.0 -9999.0 -9999.0 -9999.0 -9999.0 -9999.0
-9999.0 -9999.0 -9999.0 -9999.0 -9999.0 -9999.0 -9999.0 -9999.0 -9999.0 -9999.0 -9999.0 -1174.396855 -3412.019909 87.337657 -3431.092837 -3263.533683 -9063.315343 -3316.520051 -3493.354269 -9348.488043 -3229.015899 -3062.091596 -776.759453 -487.475298 -593.587633 -407.635809 -124.174802 -315.490966 3255.341179 -355.149801 -270.299205 -357.798295 -21.739634 -431.429859 -210.402116 -164.927447 -242.958594 -546.819976 -518.449392 -9999.0 -9999.0 -9999.0 -465.504283 -9999.0 -9999.0 -9999.0 -9999.0 -9999.0 -9999.0 -9999.0 -9999.0 -9999.0 -9999.0 -9999.0 -9999.0 -9999.0 -9999.0
-9999.0 -9999.0 -9999.0 -9999.0 -9999.0 -9999.0 -9999.0 -9999.0 -9999.0 -9999.0 -9999.0 -971.902343 -3426.774924 -3602.190088 -3586.966251 -3579.246445 -3710.927421 -3380.004794 -3631.448893 -3509.104440 -3415.696823 -2783.621514 -456.991528 18258.520439 5297.081945 -362.862551 -301.706880 -396.412287 -337.286403 -394.688701 -296.218218 -352.890644 -69.897454 -24.210892 -141.468932 -306.353738 -495.939432 -1026.021084 -787.964060 -380.806959 -368.859662 -479.147095 -247.758775 -244.769522 -9999.0 -9999.0 -9999.0 -230.984673 4.179776 -20.590947 6.728571 -171.063752 -159.527384 -105.532945 6.027059 -207.143869 -9999.0
-9999.0 -9999.0 -9999.0 -9999.0 -9999.0 -9999.0 -9999.0 -9999.0 -9999.0 -9999.0 -9999.0 -857.763205 -1196.994400 -758.314348 -2647.385183 -3691.371718 -2977.928356 -3185.039266 -3780.005589 -3515.158752 -2891.967906 -486.534889 1482.640559 -386.347238 -375.896087 -790.215274 5683.912747 -168.977136 -264.609883 -80.446994 -244.762131 12450.128559 -367.173219 3.719800 -151.761954 -425.514636 1462.664166 -127.274814 -2463.095447 -320.616706 -487.905810 -359.996698 -372.128001 -293.175876 4.543678 -9999.0 -761.775168 5.195423 -220.485339 -340.779041 -460.702711 -650.380095 -407.986557 -183.651563 -155.694306 3.914806 -9999.0
-9999.0 -9999.0 -9999.0 -9999.0 -9999.0 -9999.0 -9999.0 -9999.0 -9999.0 -9999.0 -9999.0 -9999.0 -913.014355 -193.614829 -2552.589225 -2756.141056 -2777.374150 -3100.948928 -3538.638366 -3482.343198 -3034.858205 -882.224280 969.321525 -148.188305 19342.797451 6715.244405 2277.959572 -565.344704 -242.315200 -220.353044 -289.383177 4778.157751 -555.348584 -155.750358 -92.724787 -335.475579 4827.426899 -195.914852 -971.938436 -2266.644834 -1596.491482 -4685.402828 1172.026982 -435.454331 -108.496545 4.054785 -251.228831 3.766484 19626.601908 1303.145385 980.582898 -157.394756 -167.931290 81.520417 22690.184477 -170.952328 3.823700
-9999.0 -9999.0 -9999.0 -9999.0 -9999.0 -9999.0 -9999.0 -9999.0 -9999.0 -9999.0 -9999.0 1021.338372 -607.901046 -3558.780943 93.291096 -776.061907 -2685.165167 -3021.211638 -3699.965354 -3203.118529 -3085.923068 -1279.940715 255.239855 5243.905030 3168.275731 -199.893400 1618.722848 -229.832248 -151.185648 -671.955188 7033.963238 -192.574812 -488.648758 -172.825105 -113.948131 -269.021635 -428.103770 1022.653364 -681.192191 -2935.050532 1025.572676 -581.921510 445.700179 -19.042358 -641.948816 -233.506451 -305.898405 -262.218803 -246.907648 803.057333 1855031.296881 -257.164893 529844.255975 -18.158125 2897.279572 3052.767610 -127.356699
-9999.0 -9999.0 -9999.0 -9999.0 -9999.0 -9999.0 -9999.0 -9999.0 -9999.0 -9999.0 2138.132068 993.591185 -594.580864 -669.852409 -1059.096472 1994.812025 1995.203512 -965.156995 -3157.661934 -3180.622344 -3201.724713 -907.101577 131245.731626 -632.806481 493.099392 -169.128526 20235.846129 1990676.295953 -643.283218 -599.581222 -183.443979 -198.374966 -492.646107 -165.937238 -588.350287 -287.582001 -518.942096 1350.108381 -113.589097 -362.599409 -517.935250 -19.501731 -27.735419 -821.810973 912.833227 -818.692283 -408.661254 1025.598444 -183.025004 -71.394746 491871.530151 -176.470438 3071.099160 3357.581474 -17.622587 -168.363568 -169.480099
-9999.0 -9999.0 -9999.0 -9999.0 -9999.0 -9999.0 -9999.0 -9999.0 -9999.0 -394.640470 -489.558943 878.436453 472.558742 1062.292018 743.998018 1012.121772 893.862660 -1615.731546 -3184.918503 -3217.591734 -3302.145098 -2927.032194 -1591.595320 -1933.583317 -389.460596 6492012.859084 25155.859484 -491.051981 945.344712 392.683341 -237.095442 6346697.541447 -315.806813 -261.098778 -456.023346 -275.751570 -475.660576 7886.237856 2677.588328 -173.577889 -200.806250 978508.001243 112884.031548 -1151.894863 -1588.360910 -270.410763 -859.961042 1145.997151 1092.119036 -277.214283 20399.209611 -151.834515 3657.801146 -174.113334 -76.379756 144708.629920 72364.994374
-9999.0 -9999.0 -9999.0 -9999.0 -9999.0 -9999.0 -9999.0 -9999.0 -9999.0 -462.479458 -391.071093 -668.065299 4755.283672 -92.998911 934.203592 1037.260988 -698.221455 -1104.327417 -3259.275333 -3507.298835 -3436.482754 -3594.612559 -1984.970896 -573.092390 6452521.578288 11897.345023 1056.461654 488.271943 -386.225219 -616.610448 -630.287946 6172910.718856 -318.370655 -40.237993 -222.285714 -309.202182 -477.661214 -4573.541944 -385.119984 -551.998390 658.901362 18450.439202 966.747116 -565.177795 -2754.393953 -1373.612539 -1465.384541 -823.363132 -280.666690 -598.626766 6317449.633524 4137119.898644 -68.554022 7.327002 -12.588225 290661.602327 -150.145699
-9999.0 -9999.0 -9999.0 -9999.0 -9999.0 -9999.0 -9999.0 -9999.0 -9999.0 -9999.0 -283.693159 -528.603087 553.371243 -232.212448 -410.005818 920.767366 -324.668667 -2675.736378 -3348.936584 -3208.193484 -3415.402915 -3167.998219 1146.956206 269151.543927 2408.426766 853.657243 -251.847585 -589.352911 -626.253633 6523619.849549 6423326.675671 -170.953415 4551749.629525 -148.111402 -323.398436 -476.278446 -534.413905 -504.547754 -490.867166 -301.322936 -266.334861 -449.311472 4807.300027 -376.745095 -853.097180 -472.142865 -2931.047625 -2023.936643 -3041.375432 -738.707274 6279843.504821 55899.770019 -18.917745 -16.365502 161.241103 7.678932 5.560014
-9999.0 -9999.0 -9999.0 -9999.0 -9999.0 -9999.0 -9999.0 -9999.0 -9999.0 -9999.0 -214.928909 -395.774813 -496.590356 405.613649 -561.457918 -1126.534010 -841.192587 -3074.150571 -3378.892180 -3339.701160 -3267.651220 -3111.293643 1285.391875 836.852128 843.866134 -378.211664 -712.919864 628.680365 6545543.778767 4542309.070674 -306.737506 -326.515906 370789.723865 -58.550832 -326.913675 -465.661529 -172.618352 880.817633 113613.915101 -168.250605 -322.121574 -5457.284838 1112.738318 -583.910926 -563.289378 57047.058413 118.317094 -441.221371 -3037.099121 -2280.614975 6.319759 20579.867375 4221093.327125 -18.287969 -15.348097 -18.580339 5.808376
-9999.0 -9999.0 -9999.0 -9999.0 -9999.0 -9999.0 -9999.0 -9999.0 -359.722935 -260.185385 -238.178791 -351.733079 1769.350217 982.458271 7479.560163 -925.765737 -3156.289425 -3604.769206 -3353.510538 -3377.763139 -3455.252121 -3414.494936 -3377.777181 -3279.174564 -925.980397 -752.435188 -634.988039 4687899.274158 16198.234762 3854200.429005 -22.095553 -301.527680 -306.555803 -103.257269 -307.608332 -397.469169 -1211.522965 894.656275 6501611.261397 -337.799893 -1130.552486 -441.123313 1872780.092537 -402.732919 -5488.241386 2090.653130 6394655.766852 1018.479986 667.700889 -776.521339 -451.649053 2037200.681977 1332172.616348 3865318.647934 -19.131094 -60.299153 -107.736570
-9999.0 -9999.0 -9999.0 -9999.0 -9999.0 -9999.0 -9999.0 -9999.0 -72.998270 -160.310691 2147490.402412 -161.548163 -383.987980 -193.086877 5808567.964315 -459.040076 -2993.219022 -3087.972177 -3433.679434 -3426.100055 -3683.565063 -3888.399180 -4027.649113 -4042.064973 -3277.138615 -2833.208044 -598.531500 993.427863 477854.116295 -162.891022 -26.111628 -314.767476 -362.211935 -430.948722 -378.215242 -461.238346 -1343.979839 6.196889 998.545138 -488.326528 -305.072098 -241.499293 -619.738830 -536.884482 2578.626787 1526.137408 2018056.247793 -446.948514 954.610079 -564.682837 -479.585549 1025.862901 1246331.490966 5.310951 -362.214659 -22.527743 1953.075241
-9999.0 -9999.0 -9999.0 -9999.0 -9999.0 -9999.0 -9999.0 -9999.0 -323.731899 3346.993232 -64.665757 4521309.008025 -253.419835 1575529.337241 1121.760447 3084903.326866 -982.830530 -3091.866147 -3397.681823 -3609.509244 -3462.540211 -3832.147532 -3937.204461 -3409.043199 -3512.317051 -3051.537127 -633.462204 6684954.793247 1071383.645829 -299.741677 -473.100832 -389.541779 19334.722908 16381.179951 -449.855931 -967.321735 -335.168349 -513.098427 1189.884856 1056.619812 -457.744935 -2924.743397 -427.444897 2579.210131 8476.315086 -409.882959 -313.189841 -278.448188 20370.249546 1161.399639 -897.162518 -345.131252 823596.427642 1453944.783148 1113.926446 347.011779 3.709759
-9999.0 -9999.0 -9999.0 -9999.0 -9999.0 -9999.0 -9999.0 -9999.0 -155.488620 -450.575241 1088.899173 661856.575530 -349.722493 13031.542839 1563739.689275 -500.898096 -3169.610094 -3320.295141 -3367.575996 -3405.543602 -3369.706894 -3395.398319 -3653.629226 -3543.839080 -3086.007768 -1248.387965 13535.009292 6575988.589013 -499.995889 -132.780070 1125.099362 920.892470 193.808290 186.875599 900.387987 -1293.081644 -3214.598108 -3046.593148 -752.478129 520.248629 -628.286086 -661.567824 -616.487885 -5285.656819 -359.624252 -2930.861378 -717.189537 -2681.200568 -367.176913 1516.319498 -140.462761 -1387.943445 -457.633112 1056.643665 -142.095734 -331.743156 -1193.137955
-9999.0 -9999.0 -9999.0 -9999.0 -9999.0 -9999.0 -9999.0 -9999.0 6.863883 -296.525418 -190.968768 6597683.050807 950832.503933 12920.430541 -419.326616 -1198.052347 -1085.817594 -2496.488596 -2046.222834 -3100.697008 -3287.075427 -3275.872439 -3265.849710 -3182.343398 -3429.147977 -1371.360092 6555194.014239 865.505003 -467.230726 13.347972 60575.035174 -366.260331 -742.041850 -489.227534 -677.823236 -2689.084044 -2981.883028 -3178.994986 -3119.043558 -863.104271 -873.045049 -889.131132 -626.490219 -307.769099 1248.082682 -698.271214 943.491018 -123.083956 975.733896 -304.519799 -1043.170150 -2597.226604 -1586.140301 -833.279871 -508.062969 -611.203886 -1056.610252
-9999.0 -9999.0 -562.978888 -406.788718 -167.002734 16506.177851 -162.033279 1121723.433659 -86.300296 -228.586208 5413.813211 -193.743941 6580.612821 9.601167 -748.631263 -72.735330 1182.999705 6481014.769200 1024.278330 -599.437723 -3069.421840 -3307.221000 -3101.106710 -3321.113580 -3072.791812 -2941.066025 -983.611192 -983.451151 -2961.035350 -751.705985 1166.820014 -2538.063956 -2869.710383 -3048.028892 -3049.070891 -3062.158784 -3145.074413 -3304.882631 -3215.976019 -3000.832041 -3084.649555 -3120.083190 -3135.037451 -1909.540650 -650.086990 -836.359765 -658.006155 -819.540143 -2520.678469 -2865.126173 -2973.072836 -2764.842656 -1287.304974 -885.076247 -733.121269 -1148.175667 -1024.961100
