user2019/resources/simulation/Vinschgau/output-maps/psiL0006N0212.asc
ncols         63
nrows         48
xllcorner     598000.000000
yllcorner     5145000.000000
cellsize      1000.000000
NODATA_value  -9999.0
[rows 0 to 25 of 48, columns 0 to 57 of 63]
-9999.0 -9999.0 -9999.0 -9999.0 -9999.0 -9999.0 -9999.0 -9999.0 -9999.0 -9999.0 -9999.0 -9999.0 -9999.0 -9999.0 -9999.0 -9999.0 -9999.0 -9999.0 -9999.0 -9999.0 -9999.0 -9999.0 -9999.0 -9999.0 -9999.0 -9999.0 -9999.0 -9999.0 -9999.0 -9999.0 -9999.0 -9999.0 -9999.0 -9999.0 -9999.0 -9999.0 -9999.0 -9999.0 -9999.0 -9999.0 -9999.0 -9999.0 -9999.0 -9999.0 -9999.0 -9999.0 -9999.0 -9999.0 -9999.0 -9999.0 -9999.0 -9999.0 -9999.0 -9999.0 -9999.0 -9999.0 -9999.0 -9999.0
-9999.0 -9999.0 -9999.0 -9999.0 -9999.0 -9999.0 -9999.0 -9999.0 -9999.0 -9999.0 -9999.0 -9999.0 -9999.0 -9999.0 -9999.0 -9999.0 -9999.0 -9999.0 -9999.0 -9999.0 -9999.0 -9999.0 -9999.0 -9999.0 -9999.0 -9999.0 -9999.0 -798.454147 -799.706205 -799.701400 -799.211397 -798.880474 -798.885096 -9999.0 -9999.0 -9999.0 -9999.0 -9999.0 -9999.0 -9999.0 -9999.0 -9999.0 -9999.0 -9999.0 -9999.0 -9999.0 -9999.0 -9999.0 -9999.0 -9999.0 -9999.0 -9999.0 -9999.0 -9999.0 -9999.0 -9999.0 -9999.0 -9999.0
-9999.0 -9999.0 -9999.0 -9999.0 -9999.0 -9999.0 -9999.0 -9999.0 -9999.0 -9999.0 -9999.0 -9999.0 -9999.0 -9999.0 -9999.0 -9999.0 -9999.0 -9999.0 -9999.0 -9999.0 -9999.0 -9999.0 -9999.0 -9999.0 -1549.385249 -1516.635483 -1511.950342 -1521.250387 -1499.712362 -799.628180 -799.349713 -9999.0 -9999.0 -9999.0 -9999.0 -9999.0 -9999.0 -9999.0 -9999.0 -9999.0 -9999.0 -9999.0 -9999.0 -9999.0 -9999.0 -9999.0 -9999.0 -9999.0 -9999.0 -9999.0 -9999.0 -9999.0 -9999.0 -9999.0 -9999.0 -9999.0 -9999.0 -9999.0
-9999.0 -9999.0 -9999.0 -9999.0 -9999.0 -9999.0 -9999.0 -9999.0 -9999.0 -9999.0 -9999.0 -9999.0 -9999.0 -9999.0 -9999.0 -9999.0 -9999.0 -9999.0 -9999.0 -9999.0 -9999.0 -9999.0 -9999.0 -1548.329848 -1444.861664 -264.017457 -496.831952 -228.974225 -634.819994 -799.332939 -799.768314 -798.742908 -9999.0 -9999.0 -9999.0 -9999.0 -9999.0 -9999.0 -9999.0 -9999.0 -9999.0 -9999.0 -9999.0 -9999.0 -9999.0 -9999.0 -9999.0 -9999.0 -9999.0 -9999.0 -9999.0 -9999.0 -9999.0 -9999.0 -9999.0 -9999.0 -9999.0 -9999.0
-9999.0 -9999.0 -9999.0 -9999.0 -9999.0 -9999.0 -9999.0 -9999.0 -9999.0 -9999.0 -9999.0 -9999.0 -9999.0 -9999.0 -9999.0 -9999.0 -9999.0 -9999.0 -229.139217 -1139.445179 -9999.0 -1555.195775 -1540.141239 -194.089129 -270.409353 -283.738246 -346.470405 -377.537773 -191.856077 -1075.619718 -799.450876 -799.758790 -799.069207 -798.653400 -9999.0 -9999.0 -9999.0 -9999.0 -9999.0 -9999.0 -9999.0 -9999.0 -9999.0 -9999.0 -9999.0 -9999.0 -9999.0 -9999.0 -9999.0 -9999.0 -9999.0 -9999.0 -9999.0 -9999.0 -9999.0 -9999.0 -9999.0 -9999.0
-9999.0 -9999.0 -9999.0 -9999.0 -9999.0 -9999.0 -9999.0 -9999.0 -9999.0 -9999.0 -9999.0 -9999.0 -9999.0 -9999.0 -9999.0 -9999.0 -9999.0 -231.115055 -435.269196 -24059.007893 -800.173854 -440.464035 -1175.599180 -613.987794 -214.889548 -1533.971358 -1690.608132 -1574.948130 -1721.066843 -358.308560 -1386.117459 -799.399647 -800.073328 -799.909378 -798.731103 -798.570293 -9999.0 -9999.0 -9999.0 -9999.0 -9999.0 -9999.0 -9999.0 -9999.0 -9999.0 -9999.0 -9999.0 -9999.0 -9999.0 -9999.0 -9999.0 -9999.0 -9999.0 -9999.0 -9999.0 -9999.0 -9999.0 -9999.0
-9999.0 -9999.0 -9999.0 -9999.0 -9999.0 -9999.0 -9999.0 -9999.0 -9999.0 -9999.0 -9999.0 -9999.0 -9999.0 -799.435780 -1306.363183 -238.403840 -261.930872 -799.298772 -234.916816 -269.198033 -396.782003 -334.490674 -344.414141 -235.712039 -1574.400077 -1367.890282 -910.808951 -1045.585805 -1022.478484 -1590.643465 -1561.280193 -1508.753338 -799.228245 -798.888919 -798.592569 -798.640752 -9999.0 -9999.0 -9999.0 -9999.0 -9999.0 -9999.0 -9999.0 -9999.0 -9999.0 -9999.0 -9999.0 -9999.0 -9999.0 -9999.0 -9999.0 -9999.0 -9999.0 -9999.0 -9999.0 -9999.0 -9999.0 -9999.0
-9999.0 -9999.0 -9999.0 -9999.0 -9999.0 -9999.0 -9999.0 -9999.0 -9999.0 -9999.0 -9999.0 -9999.0 -9999.0 -1291.582963 -293.029235 -253.090836 -254.504282 -212.192615 -799.354645 -512.659675 -368.559029 -491.334513 -346.344266 -1476.947517 -1504.644634 -1005.830247 -799.483223 -798.717897 -798.730844 -846.498931 -1672.760007 -799.226559 -798.607945 -798.648992 -798.639861 -9999.0 -9999.0 -9999.0 -9999.0 -9999.0 -9999.0 -9999.0 -9999.0 -9999.0 -9999.0 -9999.0 -9999.0 -9999.0 -9999.0 -9999.0 -9999.0 -9999.0 -9999.0 -9999.0 -9999.0 -9999.0 -9999.0 -9999.0
-9999.0 -9999.0 -9999.0 -9999.0 -9999.0 -9999.0 -9999.0 -9999.0 -9999.0 -9999.0 -9999.0 -9999.0 -9999.0 -1435.426758 -269.279038 -334.664875 -249.114845 -250.956401 -799.434360 -222.314309 -968.837591 -1137.891880 -1520.051285 -1655.634303 -1577.280910 -1535.185465 -799.730236 -798.706768 -799.550750 -798.681130 -799.299063 -798.644443 -798.632927 -798.663086 -798.663874 -9999.0 -9999.0 -9999.0 -9999.0 -9999.0 -9999.0 -9999.0 -9999.0 -9999.0 -9999.0 -9999.0 -9999.0 -9999.0 -9999.0 -9999.0 -9999.0 -9999.0 -9999.0 -9999.0 -9999.0 -9999.0 -9999.0 -9999.0
-9999.0 -9999.0 -9999.0 -9999.0 -9999.0 -9999.0 -9999.0 -9999.0 -9999.0 -9999.0 -9999.0 -9999.0 -584.299783 -279.158338 -295.869414 -1569.911894 -356.552253 -242.386723 -122.528561 -94296.943812 -1499.602137 -1598.109026 -1004.085551 -1663.223559 -419.430110 -799.260400 -1634.196045 -799.036760 -799.390430 -798.700542 -799.288240 -798.754200 -799.879582 -798.547092 -9999.0 -9999.0 -9999.0 -9999.0 -9999.0 -9999.0 -9999.0 -9999.0 -9999.0 -9999.0 -9999.0 -9999.0 -9999.0 -9999.0 -9999.0 -9999.0 -9999.0 -9999.0 -9999.0 -9999.0 -9999.0 -9999.0 -9999.0 -9999.0
-9999.0 -9999.0 -9999.0 -9999.0 -9999.0 -9999.0 -9999.0 -9999.0 -9999.0 -9999.0 -9999.0 -1671.627601 -1559.745795 -274.966082 -1647.719117 -1811.493680 -937.348360 -241.136599 -220.965935 -90481.833239 -466.512821 -400.806027 -799.542039 -799.235378 -1008.788831 -798.862798 -799.268501 -799.594189 -1619.685004 -798.638517 -798.659480 -791.174791 -798.274794 -798.554830 -798.074205 -798.947633 -799.472296 -517.759491 -799.046067 -9999.0 -9999.0 -9999.0 -798.640609 -9999.0 -9999.0 -9999.0 -9999.0 -9999.0 -9999.0 -9999.0 -9999.0 -9999.0 -9999.0 -9999.0 -9999.0 -9999.0 -9999.0 -9999.0
-9999.0 -9999.0 -9999.0 -9999.0 -9999.0 -9999.0 -9999.0 -9999.0 -9999.0 -9999.0 -9999.0 -1603.998986 -1633.716021 -421.919156 -1362.884147 -799.149833 -1482.913193 -778.886603 -222.248461 -222.916967 -252.689546 -241.107394 -1534.875537 -1654.160473 -1782.701180 -799.242793 -799.483457 -799.641402 -798.654215 -798.697672 -799.429957 -799.490827 -799.513949 -798.843812 -798.554887 -799.496915 -585.045586 -619.081034 -613.325039 -799.296767 -800.136670 -797.984361 -799.323491 -798.599427 -9999.0 -9999.0 -9999.0 -337.565663 -799.989692 -798.210191 -799.705485 -798.147501 -798.447239 -875.917851 -883.934018 -798.825413 -9999.0 -9999.0
-9999.0 -9999.0 -9999.0 -9999.0 -9999.0 -9999.0 -9999.0 -9999.0 -9999.0 -9999.0 -9999.0 -1576.208038 -1702.908884 -936.309686 -404.651250 -799.593613 -978.291739 -315.821790 -344.183633 -222.681661 -218.251233 -593.030500 -1173.214770 -1569.091152 -799.126909 -800.110797 -1322.418557 -879.657352 -798.876631 -799.308799 -798.643748 -1008.504311 -596.582247 -798.379235 -798.485635 -518.903058 -1386.085654 -2979.247311 -749.894760 -799.478890 -567.145720 -799.882122 -496.706756 -799.522478 -798.725859 -9999.0 -798.890430 -800.013357 -799.674332 -486.882144 -794.613427 -799.056003 -561.524126 -129.146710 -359.406325 -252.863211 -9999.0 -9999.0
-9999.0 -9999.0 -9999.0 -9999.0 -9999.0 -9999.0 -9999.0 -9999.0 -9999.0 -9999.0 -9999.0 -9999.0 -1812.654226 -409.719990 -897.356215 -1006.121966 -983.986273 -537.546787 -220.393669 -218.425854 -437.614199 -633.489988 -464.343431 -1448.159875 -1659.154593 -1262.157833 -443.377974 -799.119896 -799.281374 -798.483363 -799.478890 -1582.037846 -799.710182 -798.992569 -798.979744 -799.505750 -1691.278049 -1503.257767 -1457.919000 -799.352756 -1373.707328 -799.174897 -649.863524 -1002.308100 -799.594039 -799.946154 -798.463919 -800.034545 -920.232711 -1543.742057 -442.770785 -1697.045796 -370.207962 -627.889138 -1834.458645 -1902.070184 -1512.414003 -9999.0
-9999.0 -9999.0 -9999.0 -9999.0 -9999.0 -9999.0 -9999.0 -9999.0 -9999.0 -9999.0 -9999.0 -369.821198 -1520.095942 -799.253342 -1147.736710 -1144.693858 -1356.448504 -474.696731 -258.767807 -227.030782 -719.582972 -446.784000 -1215.105166 -590.185401 -1144.661232 -936.735806 -434.047842 -799.079887 -799.606950 -800.206355 -1470.973083 -1481.744449 -500.171420 -798.349084 -799.044281 -798.454755 -798.900957 -1147.562362 -285.654366 -678.070191 -768.000198 -1335.095525 -1140.344977 -3931.777934 -283.970755 -799.761473 -799.695194 -800.036686 -800.162416 -1288.463173 -801.972726 -799.011584 -1574.977114 -799.653049 -799.733284 -798.815973 -798.444700 -9999.0
-9999.0 -9999.0 -9999.0 -9999.0 -9999.0 -9999.0 -9999.0 -9999.0 -9999.0 -9999.0 -489.582119 -1180.899229 -937.453592 -1415.095001 -870.557811 -1174.807854 -1525.133579 -1315.158133 -243.641778 -225.396884 -214.450492 -238.608811 -578.077028 -707.474067 -1339.724946 -477.917534 -840.647891 -804.556010 -796.443032 -365.501393 -1029.447075 -1693.908815 -799.479694 -799.110297 -798.680271 -798.884795 -689.831634 -1701.902621 -1266.380682 -1378.889064 -694.163441 -897.989287 -799.030648 -250.377955 -970.945637 -800.136234 -799.688290 -985.453397 -801.729943 -1205.763604 -831.723403 -798.889834 -799.561907 -798.893021 -799.149425 -355.438888 -343.155719 -9999.0
-9999.0 -9999.0 -9999.0 -9999.0 -9999.0 -9999.0 -9999.0 -9999.0 -9999.0 -799.172636 -491.417701 -458.404383 -1044.266845 -1234.732444 -382.284645 -1559.128742 -1676.476453 -904.309792 -530.323968 -227.090297 -219.058495 -1393.028841 -431.596305 -589.724476 -421.224815 -817.276330 -1512.365034 -304.095481 -469.488037 -942.660265 -1415.704260 -818.115801 -798.557669 -798.594076 -798.671773 -798.456184 -799.566506 -1725.554654 -1718.871468 -1587.021282 -1396.219817 -1719.540319 -821.401066 -659.356939 -424.373859 -633.666184 -151.033906 -2153.228582 -1274.977323 -230.737794 -1095.975661 -798.518598 -798.911620 -799.033319 -798.717868 -851.742463 -1107.123099 -800.032714
-9999.0 -9999.0 -9999.0 -9999.0 -9999.0 -9999.0 -9999.0 -9999.0 -9999.0 -798.957739 -799.008648 -799.541240 -254.173940 -1422.841028 -1372.272886 -1158.269700 -605.943799 -1475.631860 -391.163525 -223.157133 -221.714622 -211.271977 -260.627800 -966.524314 -818.568429 -1069.610969 -1353.215179 -1018.087831 -229.352112 -394.725043 -857.699860 -827.008537 -799.258575 -798.182335 -799.485149 -800.359194 -799.861795 -800.151396 -799.224092 -799.588352 -427.970679 -804.215471 -1188.747411 -1388.185987 -224.318255 -218.084684 -181.736701 -279.112561 -318.038222 -964.832126 -823.923819 -903.959598 -798.957501 -799.113783 -799.106827 -492.442063 -617.555287 -1487.298871
-9999.0 -9999.0 -9999.0 -9999.0 -9999.0 -9999.0 -9999.0 -9999.0 -9999.0 -9999.0 -799.246190 -799.516222 -1420.381320 -222.601112 -686.009896 -1437.446153 -1452.367872 -254.563337 -453.751607 -227.109640 -220.408197 -344.148142 -1427.226619 -388.711156 -1019.986097 -1306.044766 -235.443870 -200.923677 -854.145004 -1632.440350 -805.437981 -419.190938 -804.493863 -799.232897 -799.708147 -484.854262 -1362.597132 -1537.721277 -798.670626 -799.219238 -799.116022 -1506.580559 -1512.684432 -866.815056 -848.816294 -1558.822414 -357.460866 -206.533064 -257.926764 -319.723881 -850.228875 -941.090935 -798.389559 -798.970660 -1818.725815 -799.117010 -1733.651667 -365.847056
-9999.0 -9999.0 -9999.0 -9999.0 -9999.0 -9999.0 -9999.0 -9999.0 -9999.0 -9999.0 -799.498473 -799.506685 -1644.560895 -1185.796284 -212.122439 -313.797126 -1449.596488 -237.332719 -252.417528 -229.966800 -281.719413 -590.714720 -768.387823 -1462.525443 -1409.529682 -211.310639 -229.432544 -768.642435 -1847.978594 -802.522037 -798.942698 -1760.001366 -812.326529 -799.123254 -799.209702 -1423.698844 -1543.957290 -1461.045153 -972.938249 -798.950023 -800.024657 -799.282650 -1762.661238 -798.923391 -369.059047 -825.287008 -1573.747064 -863.704761 -242.085424 -218.312570 -325.833205 -994.012135 -1649.649133 -798.308242 -798.909181 -798.831721 -798.969419 -525.604406
-9999.0 -9999.0 -9999.0 -9999.0 -9999.0 -9999.0 -9999.0 -9999.0 -1454.745391 -393.144386 -799.632813 -1693.768356 -1514.843040 -1456.364818 -1347.840568 -224.865026 -305.562582 -189.946654 -219.095522 -219.290811 -248.068186 -530.632125 -663.925785 -650.557711 -466.653815 -238.287070 -209.918610 -1778.106358 -1774.805292 -815.284998 -798.710652 -798.938499 -798.989505 -799.336385 -799.976546 -799.186772 -799.715824 -1481.893528 -813.371886 -798.315690 -798.853954 -1444.476398 -800.944101 -798.735279 -800.265694 -1502.433206 -806.276720 -1565.953599 -354.420276 954.322427 -242.350123 -933.610703 -1559.310537 -817.239008 -799.808303 -372.553941 -799.889975 -553.336845
-9999.0 -9999.0 -9999.0 -9999.0 -9999.0 -9999.0 -9999.0 -9999.0 -831.408438 -1527.674243 -1083.095036 -799.005067 -799.498497 -1273.191155 -976.555684 -472.920847 -351.576256 -512.015346 -275.152483 -187.746708 -224.770896 -237.555446 -238.061881 -343.995864 -707.636241 -249.938724 -211.175770 -1523.798010 -804.110914 -799.736054 -799.951284 -800.009280 -799.754570 -798.219733 -1539.336675 -1530.483654 -739.326131 -1508.046781 -1031.774608 -799.703303 -799.042719 -798.859459 -798.807299 -799.673417 -1524.974574 -1765.320605 -801.127789 -799.009571 -893.904244 -206.514820 -181.185437 -1467.892831 -1666.544546 -205.358338 -795.698726 -1132.726585 -1075.015162 -250.430826
-9999.0 -9999.0 -9999.0 -9999.0 -9999.0 -9999.0 -9999.0 -9999.0 -798.787098 -799.620384 -650.465905 -950.289534 -1609.249072 -822.579239 -1280.069369 -653.537116 -378.201392 -351.220757 -497.330032 -228.383538 -26.239997 -232.090872 -237.742866 -235.526497 -220.880738 -577.948379 -208.042991 -1778.680623 -837.461266 -799.627351 -800.007324 -1525.301700 -1624.261019 -952.677836 -1505.463248 -402.850782 -947.178691 -379.883633 -848.554495 -912.348024 -797.994650 -798.293332 -1519.137886 -1692.274939 -1742.981426 -1447.107364 -800.170070 -1460.210873 -1835.422443 -290.080437 798.366827 -227.013081 -886.231582 -854.612160 -235.152593 -224.222764 -186.956346 -187.025007
-9999.0 -9999.0 -9999.0 -9999.0 -9999.0 -9999.0 -9999.0 -9999.0 -798.712266 -799.646265 -292.646255 -947.810163 -1056.920247 -345.871112 -1054.643956 -200.864846 -265.820074 -339.965429 -227.973390 -215.896149 -219.286117 661.132917 1310.026742 -212.179266 -226.494859 -250.454188 -1089.645912 -533.823954 -744.046115 -428.291448 -1265.773629 -1280.241483 -6871.171341 -1078.076340 -998.087352 -687.362538 -693.317997 -245.463729 -871.808543 -966.539720 -799.700249 -773.718459 -617.901509 -799.275278 -1501.631319 -800.197134 -699.087813 -799.755591 -439.967736 -1299.578891 -225.772339 -155.244704 -203.546384 -87.640433 -186.413316 -164.098626 -201.112426 655.666931
-9999.0 -9999.0 -9999.0 -9999.0 -9999.0 -9999.0 -9999.0 -9999.0 -1596.641989 -1604.922754 -340.156588 -386.545520 -239.489515 -215.450457 -243.209817 -221.143493 -213.023176 -469.472038 -374.882038 -527.201759 -240.189064 1091.851574 1206.971166 -214.146639 -225.851932 -265.417299 -1079.383801 -1277.059243 -688.574461 -529.964391 -446.100631 -514.031069 -244.803476 -724.628972 -1273.836399 -1135.293825 -647.368836 -250.444819 -350.699117 -1502.395198 -1158.020482 -1268.358131 -686.617436 -1663.971920 -1061.064984 -549.505604 -1391.765079 -402.870535 -647.452327 -251.690266 -216.120156 -185.942594 -156.835543 -175.514167 -166.823531 641.420151 1035.328074 1056.335808
-9999.0 -9999.0 -799.378866 -1607.654775 -1649.960462 -1472.665456 -1385.195044 -1447.438953 -1431.258562 -1578.842560 -1699.469066 -208.692109 -226.254386 -249.520984 -211.143170 -210.400564 -386.639922 -1638.484862 -1597.095457 -246.675775 -500.405209 -278.289494 975.214515 485.731529 -234.702195 -341.945502 -302.092009 -381.444551 -219.096187 -242.220516 -1168.590553 -554.099120 153.457936 -218.188548 -234.482504 -215.949842 -227.916377 -244.727195 -257.516179 -346.182937 -485.005000 -301.984319 -328.451953 -249.163786 -436.807044 -573.938579 -214.648520 705.589648 -289.150729 -202.303759 -194.354131 636.908829 1059.203793 809.755928 753.050208 809.724848 680.664413 607.486675
