user2019/resources/simulation/Vinschgau/output-maps/psiL0005N0100.asc
ncols         63
nrows         48
xllcorner     598000.000000
yllcorner     5145000.000000
cellsize      1000.000000
NODATA_value  -9999.0
[rows 0 to 25 of 48, columns 0 to 57 of 63]
-9999.0 -9999.0 -9999.0 -9999.0 -9999.0 -9999.0 -9999.0 -9999.0 -9999.0 -9999.0 -9999.0 -9999.0 -9999.0 -9999.0 -9999.0 -9999.0 -9999.0 -9999.0 -9999.0 -9999.0 -9999.0 -9999.0 -9999.0 -9999.0 -9999.0 -9999.0 -9999.0 -9999.0 -9999.0 -9999.0 -9999.0 -9999.0 -9999.0 -9999.0 -9999.0 -9999.0 -9999.0 -9999.0 -9999.0 -9999.0 -9999.0 -9999.0 -9999.0 -9999.0 -9999.0 -9999.0 -9999.0 -9999.0 -9999.0 -9999.0 -9999.0 -9999.0 -9999.0 -9999.0 -9999.0 -9999.0 -9999.0 -9999.0
-9999.0 -9999.0 -9999.0 -9999.0 -9999.0 -9999.0 -9999.0 -9999.0 -9999.0 -9999.0 -9999.0 -9999.0 -9999.0 -9999.0 -9999.0 -9999.0 -9999.0 -9999.0 -9999.0 -9999.0 -9999.0 -9999.0 -9999.0 -9999.0 -9999.0 -9999.0 -9999.0 -894.946141 -1206.908097 -897.091994 -1355.817011 -896.308393 -896.327870 -9999.0 -9999.0 -9999.0 -9999.0 -9999.0 -9999.0 -9999.0 -9999.0 -9999.0 -9999.0 -9999.0 -9999.0 -9999.0 -9999.0 -9999.0 -9999.0 -9999.0 -9999.0 -9999.0 -9999.0 -9999.0 -9999.0 -9999.0 -9999.0 -9999.0
-9999.0 -9999.0 -9999.0 -9999.0 -9999.0 -9999.0 -9999.0 -9999.0 -9999.0 -9999.0 -9999.0 -9999.0 -9999.0 -9999.0 -9999.0 -9999.0 -9999.0 -9999.0 -9999.0 -9999.0 -9999.0 -9999.0 -9999.0 -9999.0 -761.406886 -730.882329 -628.975600 -698.532053 -663.046191 -1511.771115 -1342.868075 -9999.0 -9999.0 -9999.0 -9999.0 -9999.0 -9999.0 -9999.0 -9999.0 -9999.0 -9999.0 -9999.0 -9999.0 -9999.0 -9999.0 -9999.0 -9999.0 -9999.0 -9999.0 -9999.0 -9999.0 -9999.0 -9999.0 -9999.0 -9999.0 -9999.0 -9999.0 -9999.0
-9999.0 -9999.0 -9999.0 -9999.0 -9999.0 -9999.0 -9999.0 -9999.0 -9999.0 -9999.0 -9999.0 -9999.0 -9999.0 -9999.0 -9999.0 -9999.0 -9999.0 -9999.0 -9999.0 -9999.0 -9999.0 -9999.0 -9999.0 -709.399444 -632.217451 -574.261467 -432.629831 -198.466627 -210.097057 -1524.180255 -971.101290 -1305.316734 -9999.0 -9999.0 -9999.0 -9999.0 -9999.0 -9999.0 -9999.0 -9999.0 -9999.0 -9999.0 -9999.0 -9999.0 -9999.0 -9999.0 -9999.0 -9999.0 -9999.0 -9999.0 -9999.0 -9999.0 -9999.0 -9999.0 -9999.0 -9999.0 -9999.0 -9999.0
-9999.0 -9999.0 -9999.0 -9999.0 -9999.0 -9999.0 -9999.0 -9999.0 -9999.0 -9999.0 -9999.0 -9999.0 -9999.0 -9999.0 -9999.0 -9999.0 -9999.0 -9999.0 -474.076288 -720.054083 -9999.0 -690.297529 -539.929118 -133.880728 -211.481360 -217.177225 -472.561420 -493.201875 -192.394176 -267.999034 -1490.192779 -1041.138791 -896.764092 -894.902678 -9999.0 -9999.0 -9999.0 -9999.0 -9999.0 -9999.0 -9999.0 -9999.0 -9999.0 -9999.0 -9999.0 -9999.0 -9999.0 -9999.0 -9999.0 -9999.0 -9999.0 -9999.0 -9999.0 -9999.0 -9999.0 -9999.0 -9999.0 -9999.0
-9999.0 -9999.0 -9999.0 -9999.0 -9999.0 -9999.0 -9999.0 -9999.0 -9999.0 -9999.0 -9999.0 -9999.0 -9999.0 -9999.0 -9999.0 -9999.0 -9999.0 -303.053495 -211.178182 -120632.405974 -900.164653 -432.797206 -465.087346 -611.009257 -247.754534 -506.678720 -573.519405 -806.548802 -557.997701 -510.541804 -349.737133 -1508.063285 -903.939675 -899.015457 -894.081232 -897.424613 -9999.0 -9999.0 -9999.0 -9999.0 -9999.0 -9999.0 -9999.0 -9999.0 -9999.0 -9999.0 -9999.0 -9999.0 -9999.0 -9999.0 -9999.0 -9999.0 -9999.0 -9999.0 -9999.0 -9999.0 -9999.0 -9999.0
-9999.0 -9999.0 -9999.0 -9999.0 -9999.0 -9999.0 -9999.0 -9999.0 -9999.0 -9999.0 -9999.0 -9999.0 -9999.0 -1563.163337 -644.819398 -250.258778 -268.354223 -911.563882 -285.152420 -247.317143 -363.054106 -260.583238 -212.437168 348.466045 -681.161811 -666.754503 -978.198037 -1951.494700 -1854.357557 -756.014797 -809.575400 -585.513286 -1384.860325 -1329.300834 -897.589648 -897.574986 -9999.0 -9999.0 -9999.0 -9999.0 -9999.0 -9999.0 -9999.0 -9999.0 -9999.0 -9999.0 -9999.0 -9999.0 -9999.0 -9999.0 -9999.0 -9999.0 -9999.0 -9999.0 -9999.0 -9999.0 -9999.0 -9999.0
-9999.0 -9999.0 -9999.0 -9999.0 -9999.0 -9999.0 -9999.0 -9999.0 -9999.0 -9999.0 -9999.0 -9999.0 -9999.0 -466.545618 -223.185788 -290.282488 -286.307508 -453.286214 -915.439919 -257.771060 -194.074432 -512.585841 952.204363 -410.182692 -390.189222 -1809.885541 -1194.910100 -897.489946 -897.573678 -1516.476038 -685.179932 -1416.669334 -897.479244 -897.596243 -897.624132 -9999.0 -9999.0 -9999.0 -9999.0 -9999.0 -9999.0 -9999.0 -9999.0 -9999.0 -9999.0 -9999.0 -9999.0 -9999.0 -9999.0 -9999.0 -9999.0 -9999.0 -9999.0 -9999.0 -9999.0 -9999.0 -9999.0 -9999.0
-9999.0 -9999.0 -9999.0 -9999.0 -9999.0 -9999.0 -9999.0 -9999.0 -9999.0 -9999.0 -9999.0 -9999.0 -9999.0 -869.048533 -223.018672 -618.686135 -256.576349 -250.909070 -913.832762 -225.655643 -491.900488 -1311.956986 -508.779516 -577.337383 -811.141755 -1371.109766 -896.521003 -897.382644 -962.574012 -897.454083 -1437.049148 -897.529289 -897.485755 -897.406868 -897.536647 -9999.0 -9999.0 -9999.0 -9999.0 -9999.0 -9999.0 -9999.0 -9999.0 -9999.0 -9999.0 -9999.0 -9999.0 -9999.0 -9999.0 -9999.0 -9999.0 -9999.0 -9999.0 -9999.0 -9999.0 -9999.0 -9999.0 -9999.0
-9999.0 -9999.0 -9999.0 -9999.0 -9999.0 -9999.0 -9999.0 -9999.0 -9999.0 -9999.0 -9999.0 -9999.0 -854.536893 -218.829196 -231.336229 -678.814261 -645.794974 -244.759512 -227.701655 -344918.852841 -871.223806 -720.672329 -1139.625465 -698.474939 -447.814874 -1419.880103 -693.781982 -1266.963753 -1552.425356 -897.331143 -1450.541482 -895.202516 -1038.500316 -897.573048 -9999.0 -9999.0 -9999.0 -9999.0 -9999.0 -9999.0 -9999.0 -9999.0 -9999.0 -9999.0 -9999.0 -9999.0 -9999.0 -9999.0 -9999.0 -9999.0 -9999.0 -9999.0 -9999.0 -9999.0 -9999.0 -9999.0 -9999.0 -9999.0
-9999.0 -9999.0 -9999.0 -9999.0 -9999.0 -9999.0 -9999.0 -9999.0 -9999.0 -9999.0 -9999.0 -644.438619 -449.517815 -648.915801 -725.096975 -529.908903 -1098.792389 -239.094940 -515.527092 -202393.263313 -181.741652 -956.733339 -1381.990850 -1419.917169 -1669.988396 -1495.282786 -1427.312697 -1454.248134 -628.944352 -897.422111 -894.523457 -1060.998225 -897.152383 -897.768150 -899.224162 -900.699761 -1700.971214 -961.865521 -291.759685 -9999.0 -9999.0 -9999.0 -896.530214 -9999.0 -9999.0 -9999.0 -9999.0 -9999.0 -9999.0 -9999.0 -9999.0 -9999.0 -9999.0 -9999.0 -9999.0 -9999.0 -9999.0 -9999.0
-9999.0 -9999.0 -9999.0 -9999.0 -9999.0 -9999.0 -9999.0 -9999.0 -9999.0 -9999.0 -9999.0 -572.745876 -686.456044 -445.072857 -445.600738 -1346.762704 -1023.264334 -274.768086 -508.965768 -510.192372 99.267387 -262.725679 -705.033813 -591.009757 -561.688829 -1476.969197 -1563.090034 -1455.412104 -893.895740 -897.508704 -1507.318030 -1558.835561 -1602.370172 -1271.202891 -1218.634143 -1679.000653 -743.793236 -946.239323 -788.362184 -902.010923 -903.781730 -900.044833 -1320.677591 -896.519315 -9999.0 -9999.0 -9999.0 -571.621925 -1056.292028 -894.978936 -1147.541344 -894.347649 -893.789877 -630.663204 -613.486935 -893.185181 -9999.0 -9999.0
-9999.0 -9999.0 -9999.0 -9999.0 -9999.0 -9999.0 -9999.0 -9999.0 -9999.0 -9999.0 -9999.0 -583.234098 -590.945098 -1488.803199 -362.821543 -1403.389957 -377.594589 -196.235140 136.277220 -483.180772 -257.686154 -819.752533 -426.520172 -667.470409 -1524.635023 -897.139859 -462.911875 -1496.133426 -897.380024 -1408.655382 -897.581262 -1552.922757 -834.129961 -1258.185570 -898.644681 -1085.875482 -538.998789 -1213.377700 -1357.021341 -917.154195 -623.375714 -344.681269 -665.664235 -1584.109101 -1313.050879 -9999.0 -897.521688 -1108.578265 -1319.948279 -680.658730 -301.436039 -901.721552 -95.588485 -21.717911 -54.152731 -259.850650 -9999.0 -9999.0
-9999.0 -9999.0 -9999.0 -9999.0 -9999.0 -9999.0 -9999.0 -9999.0 -9999.0 -9999.0 -9999.0 -9999.0 -567.461647 -385.930589 -582.344403 -500.746584 -578.269706 -233.196249 -471.050851 -419.696839 -192.207147 -848.543053 -567.421208 -440.045733 -597.508134 -447.588707 -393.564957 -897.500170 -1473.440467 -894.494533 -1562.179357 -626.896762 -697.663874 -1266.235420 -1653.124061 -1482.872222 -573.507715 -537.210193 -738.603175 -297.146952 -465.348938 -910.838450 -352.790831 -268.318618 -895.100946 -1020.637612 -894.724971 -1185.578459 -1501.806140 -754.674106 -264.307058 -564.505393 -899.484396 -327.538980 -532.987604 -519.005885 -716.624212 -9999.0
-9999.0 -9999.0 -9999.0 -9999.0 -9999.0 -9999.0 -9999.0 -9999.0 -9999.0 -9999.0 -9999.0 -342.240918 -642.458261 -894.997376 -465.256580 -459.543294 -429.307455 -228.293300 -200.577846 -277.803117 -264.388754 -382.344733 -396.067453 -830.341585 -440.200660 -487.364278 -364.476402 -1542.745216 -1536.144298 -897.381209 -509.994984 -624.738640 -543.243286 -1354.298431 -1403.361003 -1332.780660 -1387.502553 -1237.886479 -492.067653 -1379.183544 -1123.751360 -529.336286 -279.139887 -12194.099734 -245.328834 -1282.322690 -1681.818337 -899.599922 -900.148839 -721.354572 -890.647694 -1568.168062 -579.556665 -889.961243 -898.015010 -897.344134 -893.574233 -9999.0
-9999.0 -9999.0 -9999.0 -9999.0 -9999.0 -9999.0 -9999.0 -9999.0 -9999.0 -9999.0 -376.861295 -431.496100 -429.228916 -790.211669 -421.576614 -556.408260 -592.109245 -653.308677 -273.007418 -240.511860 -486.568008 -555.509021 -969.488557 -570.016323 -836.332110 -339.146017 -1591.146837 -892.257866 -270.935918 -374.485929 -265.753241 -637.989520 -1521.272902 -1321.930019 -897.729001 -896.663972 -908.964419 -573.973703 -781.818905 -741.958808 -1017.340231 -1020.250745 -892.708064 -268.050882 -250.304488 -897.669408 -1673.995251 -895.605607 -242.861411 -265.586534 -905.122038 -897.483895 -897.776086 -897.281509 -897.167766 -416.696950 -390.595898 -9999.0
-9999.0 -9999.0 -9999.0 -9999.0 -9999.0 -9999.0 -9999.0 -9999.0 -9999.0 -1700.408702 -292.375274 -325.118713 -456.011628 -420.210578 -347.155297 -638.679708 -582.838589 -671.606276 -253.928298 -282.236020 -536.163978 -759.617226 -466.132671 -466.536611 -366.649617 -1608.330666 -405.071867 -313.152004 -504.828896 -490.551736 -418.666442 -902.922566 -897.634292 -897.537218 -897.570487 -897.948194 -1762.209827 -572.145609 -565.846964 -626.064427 -434.189962 -571.871076 -1530.219060 -267.037239 -140.398499 -528.700262 -122.516194 -1438.511557 -1893.732106 -263.225452 -1034.910136 -893.729275 -897.323997 -897.154324 -895.073867 -1382.216364 -459.927526 -588.022183
-9999.0 -9999.0 -9999.0 -9999.0 -9999.0 -9999.0 -9999.0 -9999.0 -9999.0 -705.579765 -1689.743552 -1373.484697 -209.001896 -816.484636 -441.234853 -428.501966 -417.793752 -781.748431 -223.720632 -502.266351 -493.114690 753.122195 -332.611051 -597.120415 -1523.491112 -451.662784 -550.099877 -635.225787 874.113785 -447.364021 -1641.654322 -1557.813922 -1483.912446 -1172.875245 -1542.637669 -897.903458 -896.765991 -898.576849 -1357.395618 -1815.803284 -356.199629 -1532.768200 -450.137876 -312.317977 -245.917500 -225.075378 792.450574 -191.734676 -290.714351 -254.861846 -895.989457 -1405.710149 -897.281419 -1424.323570 -897.286642 -317.485626 -573.873555 -870.122690
-9999.0 -9999.0 -9999.0 -9999.0 -9999.0 -9999.0 -9999.0 -9999.0 -9999.0 -9999.0 -1395.899253 -1828.404107 -552.522400 -231.546578 -918.525984 -532.352067 -990.848946 525.245914 -285.027398 -239.008477 -455.302825 -196.724412 -851.484974 -635.621248 -495.441037 -713.891235 704.721087 927.874078 -1695.532644 -602.182774 -1585.424836 -382.502614 -1475.763335 -1488.219471 -1481.177612 -489.389121 -276.460297 -398.284049 -894.377193 -1391.488728 -1365.579741 -713.787564 -738.049114 -1478.015054 -1701.629895 -656.501274 -137.685676 -220.382010 -159.840921 -160.490879 -950.309109 -1000.861937 -893.882464 -897.214595 -518.348583 -1435.232509 -521.376250 -228.822848
-9999.0 -9999.0 -9999.0 -9999.0 -9999.0 -9999.0 -9999.0 -9999.0 -9999.0 -9999.0 -1241.540014 -1434.914051 -582.130415 -483.421872 -483.926232 954.773378 -513.697775 -307.268230 -245.485673 -234.452008 -262.291289 -427.181866 -574.631195 -1018.780197 -812.465901 980.680353 -231.473651 -270.174698 -547.163454 -1549.258989 -1496.750400 -567.838356 -899.794882 -1519.206447 -1494.169800 -630.061314 -425.609255 -789.049929 -1532.197201 -1442.494342 -1214.847660 -894.920249 -563.514809 -1444.743498 -432.517162 -860.181390 -816.738097 -1646.234779 -133.948868 -155.615314 -150.061753 -1723.797844 -643.079685 -893.869050 -892.606067 -893.610065 -1417.738118 -546.776230
-9999.0 -9999.0 -9999.0 -9999.0 -9999.0 -9999.0 -9999.0 -9999.0 -451.241761 -728.484362 -814.023191 -583.926532 -655.578766 -746.094803 -720.707967 -256.011827 -71.674685 1193.147156 -246.385457 -247.570525 -254.046814 -304.097978 -242.795587 -548.540218 -370.492331 -282.055081 -162.274781 -534.729550 -546.770932 -1569.278963 -897.424385 -1422.698989 -1383.715577 -1403.594104 -1231.165001 -1529.539266 -1824.614978 -657.606236 -1450.292851 -894.176877 -897.646978 -612.714902 -890.145121 -897.600369 -898.728847 -1277.714754 -1513.429761 -747.421571 -126.769816 1093.247342 445.360450 -293.710256 -760.103933 -1407.287720 -894.304213 -53.865306 -542.663390 -400.743318
-9999.0 -9999.0 -9999.0 -9999.0 -9999.0 -9999.0 -9999.0 -9999.0 -910.374626 -501.905380 -1391.213512 -1601.592556 -1308.396313 -494.970978 -632.869103 -228.769392 703.733209 -193.624897 -154.255829 -270.243397 -401.732119 -310.168620 -232.307332 -143.192951 -297.704093 -291.023296 -228.387820 -728.450486 -890.289587 -1472.964286 -1134.776367 -899.137048 -1466.204424 -894.630078 -1037.776303 -1039.199960 -1151.229502 -288.156176 -1440.909506 -1673.745604 -1526.498568 -897.416311 -897.629901 -1538.343800 -680.155026 -566.813547 -892.204888 -1353.541244 -1860.716728 988.905978 885.713433 -587.155044 -563.862223 -173.251190 -263.020328 -1297.139842 -633.502919 -169.284736
-9999.0 -9999.0 -9999.0 -9999.0 -9999.0 -9999.0 -9999.0 -9999.0 -1711.298901 -1532.919322 -559.797407 -1521.369466 -618.997403 -901.593925 -535.561720 -1392.096228 -168.789730 808.751412 -244.478787 -309.557961 -359.462329 -343.843836 -303.544696 -237.111990 -246.757037 -254.760727 1042.868013 -423.935098 -920.978846 -1641.336335 -899.215558 -660.230606 -592.686234 -1027.240273 -1330.744665 -424.031036 -1791.330279 -310.092028 -1494.078662 -1468.120020 -1262.115553 -893.866534 -1330.841920 -524.332811 -551.958228 -622.173558 -895.027380 -792.661980 -533.735494 -122.328628 1206.583604 651.728920 -1182.428280 -1402.136542 -179.112339 156.032056 917.991086 807.316364
-9999.0 -9999.0 -9999.0 -9999.0 -9999.0 -9999.0 -9999.0 -9999.0 -897.495794 -1587.504594 -710.874911 -1016.923265 -434.299780 -453.144280 -244.265768 905.495373 -265.087447 -220.889431 -224.852465 -237.206189 -273.001871 793.923394 882.300883 -291.837963 -393.400986 289.194402 -637.478252 -833.789626 -529.992489 -279.923491 -1432.202142 -1775.778605 -280.087992 -314.493362 -1003.215138 -1421.398350 -1449.777322 512.965155 -1510.878785 -1531.485214 -1645.593461 -1104.942053 -898.205785 -900.371022 -1092.638763 -898.148896 -137.514493 -899.827237 -545.732901 -1403.802784 1200.050994 1042.093006 973.728162 -164.817461 864.128483 799.105930 920.214796 835.985744
-9999.0 -9999.0 -9999.0 -9999.0 -9999.0 -9999.0 -9999.0 -9999.0 -535.319552 -731.683679 -305.926713 -495.836235 -220.654116 1219.036666 -215.080490 -271.896636 -247.631171 -231.370102 880.510112 -207.059804 -235.773151 949.916521 955.028072 -278.851111 153.436357 -215.558128 -470.720429 -773.058986 -569.283696 -376.503374 -529.667976 -302.156255 -170.375562 -369.711451 -1426.018902 -1455.761138 -498.998159 -203.315370 -161.307674 -646.846554 -1523.262157 -1447.338980 -402.158054 -624.128577 -1437.271161 -1006.981460 -1477.959169 -256.017937 -470.010905 -171.336055 -164.667117 719.293185 717.509317 830.777034 1011.307884 1175.175249 577.945198 449.991111
-9999.0 -9999.0 -906.134595 -667.177611 -592.706309 -708.202072 -572.217281 -655.812484 -697.352287 -805.921066 -661.079660 -215.559784 1278.445716 208.389487 -166.903257 -211.043119 -130.881301 -563.283840 -718.988854 980.619980 -175.454890 -237.220118 945.913105 739.520627 -263.340468 898.330394 -260.473616 593.359383 889.895985 -74.300043 -629.015748 -472.491595 75.378162 1059.493342 448.459944 1156.210559 286.551027 -217.016328 -131.159493 -229.358038 -382.325174 -136.444768 -103.265114 509.032224 -443.598098 -226.608757 936.174865 1024.097125 -181.914201 786.025710 1002.895568 935.172053 737.708807 883.687803 951.231337 561.290542 1107.961423 1092.341059
