user2019/resources/simulation/Vinschgau/output-maps/psiL0003N0581.asc
ncols         63
nrows         48
xllcorner     598000.000000
yllcorner     5145000.000000
cellsize      1000.000000
NODATA_value  -9999.0
[rows 0 to 26 of 48, columns 0 to 60 of 63]
-9999.0 -9999.0 -9999.0 -9999.0 -9999.0 -9999.0 -9999.0 -9999.0 -9999.0 -9999.0 -9999.0 -9999.0 -9999.0 -9999.0 -9999.0 -9999.0 -9999.0 -9999.0 -9999.0 -9999.0 -9999.0 -9999.0 -9999.0 -9999.0 -9999.0 -9999.0 -9999.0 -9999.0 -9999.0 -9999.0 -9999.0 -9999.0 -9999.0 -9999.0 -9999.0 -9999.0 -9999.0 -9999.0 -9999.0 -9999.0 -9999.0 -9999.0 -9999.0 -9999.0 -9999.0 -9999.0 -9999.0 -9999.0 -9999.0 -9999.0 -9999.0 -9999.0 -9999.0 -9999.0 -9999.0 -9999.0 -9999.0 -9999.0 -9999.0 -9999.0 -9999.0
-9999.0 -9999.0 -9999.0 -9999.0 -9999.0 -9999.0 -9999.0 -9999.0 -9999.0 -9999.0 -9999.0 -9999.0 -9999.0 -9999.0 -9999.0 -9999.0 -9999.0 -9999.0 -9999.0 -9999.0 -9999.0 -9999.0 -9999.0 -9999.0 -9999.0 -9999.0 -9999.0 -145.037051 26.279927 -194.285982 32.595721 30.627104 556.878237 -9999.0 -9999.0 -9999.0 -9999.0 -9999.0 -9999.0 -9999.0 -9999.0 -9999.0 -9999.0 -9999.0 -9999.0 -9999.0 -9999.0 -9999.0 -9999.0 -9999.0 -9999.0 -9999.0 -9999.0 -9999.0 -9999.0 -9999.0 -9999.0 -9999.0 -9999.0 -9999.0 -9999.0
-9999.0 -9999.0 -9999.0 -9999.0 -9999.0 -9999.0 -9999.0 -9999.0 -9999.0 -9999.0 -9999.0 -9999.0 -9999.0 -9999.0 -9999.0 -9999.0 -9999.0 -9999.0 -9999.0 -9999.0 -9999.0 -9999.0 -9999.0 -9999.0 26.134599 -229.307265 -267.202384 -234.936099 26.740187 34.168440 28.424846 -9999.0 -9999.0 -9999.0 -9999.0 -9999.0 -9999.0 -9999.0 -9999.0 -9999.0 -9999.0 -9999.0 -9999.0 -9999.0 -9999.0 -9999.0 -9999.0 -9999.0 -9999.0 -9999.0 -9999.0 -9999.0 -9999.0 -9999.0 -9999.0 -9999.0 -9999.0 -9999.0 -9999.0 -9999.0 -9999.0
-9999.0 -9999.0 -9999.0 -9999.0 -9999.0 -9999.0 -9999.0 -9999.0 -9999.0 -9999.0 -9999.0 -9999.0 -9999.0 -9999.0 -9999.0 -9999.0 -9999.0 -9999.0 -9999.0 -9999.0 -9999.0 -9999.0 -9999.0 -157.147610 -237.960822 -2204.552316 -2629.809239 -2703.097805 -878.999099 -276.851002 25.021990 28.655449 -9999.0 -9999.0 -9999.0 -9999.0 -9999.0 -9999.0 -9999.0 -9999.0 -9999.0 -9999.0 -9999.0 -9999.0 -9999.0 -9999.0 -9999.0 -9999.0 -9999.0 -9999.0 -9999.0 -9999.0 -9999.0 -9999.0 -9999.0 -9999.0 -9999.0 -9999.0 -9999.0 -9999.0 -9999.0
-9999.0 -9999.0 -9999.0 -9999.0 -9999.0 -9999.0 -9999.0 -9999.0 -9999.0 -9999.0 -9999.0 -9999.0 -9999.0 -9999.0 -9999.0 -9999.0 -9999.0 -9999.0 -162.842568 23.515965 -9999.0 27.979016 25.855802 -1436.000976 -2242.896042 -2838.612105 -994.317730 -820.166929 -1245.532697 -1829.101198 -169.724895 28.482456 -133.914473 -102.104232 -9999.0 -9999.0 -9999.0 -9999.0 -9999.0 -9999.0 -9999.0 -9999.0 -9999.0 -9999.0 -9999.0 -9999.0 -9999.0 -9999.0 -9999.0 -9999.0 -9999.0 -9999.0 -9999.0 -9999.0 -9999.0 -9999.0 -9999.0 -9999.0 -9999.0 -9999.0 -9999.0
-9999.0 -9999.0 -9999.0 -9999.0 -9999.0 -9999.0 -9999.0 -9999.0 -9999.0 -9999.0 -9999.0 -9999.0 -9999.0 -9999.0 -9999.0 -9999.0 -9999.0 -1777.794084 -786.412663 -1846.478766 -128.903148 -633.982034 -984.325802 -2431.697595 -1237.730496 -996.785787 -711.364202 -679.237982 -808.214147 -690.638987 30.298342 36.993016 -1452.950334 -1474.343563 -1330.213966 -2124.386483 -9999.0 -9999.0 -9999.0 -9999.0 -9999.0 -9999.0 -9999.0 -9999.0 -9999.0 -9999.0 -9999.0 -9999.0 -9999.0 -9999.0 -9999.0 -9999.0 -9999.0 -9999.0 -9999.0 -9999.0 -9999.0 -9999.0 -9999.0 -9999.0 -9999.0
-9999.0 -9999.0 -9999.0 -9999.0 -9999.0 -9999.0 -9999.0 -9999.0 -9999.0 -9999.0 -9999.0 -9999.0 -9999.0 29.623970 -596.001603 -964.512692 -1393.262152 -5522.673627 -1608.751987 -1404.828169 -1107.830711 -2113.625144 -2781.976158 -1112.493089 -805.098620 26.165555 -653.758246 43.712320 -726.577165 -792.991526 6241.270073 52.413098 48.405563 52.724336 -125.433233 -156.692373 -9999.0 -9999.0 -9999.0 -9999.0 -9999.0 -9999.0 -9999.0 -9999.0 -9999.0 -9999.0 -9999.0 -9999.0 -9999.0 -9999.0 -9999.0 -9999.0 -9999.0 -9999.0 -9999.0 -9999.0 -9999.0 -9999.0 -9999.0 -9999.0 -9999.0
-9999.0 -9999.0 -9999.0 -9999.0 -9999.0 -9999.0 -9999.0 -9999.0 -9999.0 -9999.0 -9999.0 -9999.0 -9999.0 29.338287 -686.627512 -1129.745429 -1074.736074 -406.588535 -5958.216451 -2446.830896 -1739.071219 -631.440355 -968.719599 -926.746021 -822.199544 -845.541587 24.615444 -173.088821 -112.859413 -383.831111 48.283806 32.555507 -171.285423 -185.825689 -154.009109 -9999.0 -9999.0 -9999.0 -9999.0 -9999.0 -9999.0 -9999.0 -9999.0 -9999.0 -9999.0 -9999.0 -9999.0 -9999.0 -9999.0 -9999.0 -9999.0 -9999.0 -9999.0 -9999.0 -9999.0 -9999.0 -9999.0 -9999.0 -9999.0 -9999.0 -9999.0
-9999.0 -9999.0 -9999.0 -9999.0 -9999.0 -9999.0 -9999.0 -9999.0 -9999.0 -9999.0 -9999.0 -9999.0 -9999.0 -790.736221 441.759544 -1154.324060 -992.959919 -1152.835225 -6125.333555 -1404.025975 -177.494348 -1128.784259 -459.213297 -735.774063 -817.498299 25.786663 -243.965263 -138.122119 28.317546 -126.176972 34.971115 -140.464074 -219.389267 -273.234820 -182.531168 -9999.0 -9999.0 -9999.0 -9999.0 -9999.0 -9999.0 -9999.0 -9999.0 -9999.0 -9999.0 -9999.0 -9999.0 -9999.0 -9999.0 -9999.0 -9999.0 -9999.0 -9999.0 -9999.0 -9999.0 -9999.0 -9999.0 -9999.0 -9999.0 -9999.0 -9999.0
-9999.0 -9999.0 -9999.0 -9999.0 -9999.0 -9999.0 -9999.0 -9999.0 -9999.0 -9999.0 -9999.0 -9999.0 -944.791010 4182.907131 -759.451462 -473.199350 -498.781681 -886.335913 -485.183464 -1374.756911 -1104.419196 -618.406026 44.474242 -279.669852 2188.619334 27.737230 675.963838 28.951206 44.255249 -135.723360 30.130754 -155.340300 38.442387 -151.980707 -9999.0 -9999.0 -9999.0 -9999.0 -9999.0 -9999.0 -9999.0 -9999.0 -9999.0 -9999.0 -9999.0 -9999.0 -9999.0 -9999.0 -9999.0 -9999.0 -9999.0 -9999.0 -9999.0 -9999.0 -9999.0 -9999.0 -9999.0 -9999.0 -9999.0 -9999.0 -9999.0
-9999.0 -9999.0 -9999.0 -9999.0 -9999.0 -9999.0 -9999.0 -9999.0 -9999.0 -9999.0 -9999.0 35.261775 -204.094963 103.426657 -490.914525 31.962017 -2348.828167 -642.732228 -310.331251 -832.785395 -560.730295 -484.018689 31.492076 29.271776 44.044934 35.181150 29.608782 31.076575 2121.307305 -87.492227 -136.595223 41.651047 -173.012904 -133.826713 -152.576286 -150.931899 -2268.346343 -3711.191333 -3719.268935 -9999.0 -9999.0 -9999.0 -271.272702 -9999.0 -9999.0 -9999.0 -9999.0 -9999.0 -9999.0 -9999.0 -9999.0 -9999.0 -9999.0 -9999.0 -9999.0 -9999.0 -9999.0 -9999.0 -9999.0 -9999.0 -9999.0
-9999.0 -9999.0 -9999.0 -9999.0 -9999.0 -9999.0 -9999.0 -9999.0 -9999.0 -9999.0 -9999.0 34.119717 -258.462680 42.857637 -431.431414 29.378764 -611.519372 -1230.191916 -443.655350 -280.110265 25.170533 28.205180 32.544474 38.824252 44.451649 32.713599 28.395551 34.672165 -120.449587 -102.762569 32.053391 69.673500 23.969134 30.548479 -379.633378 -748.983328 -3759.321849 -3992.995126 -3949.264031 -749.877380 -161.964934 -116.517029 -303.559151 -131.019147 -9999.0 -9999.0 -9999.0 30.287325 30.745706 -159.663492 31.396237 -142.732328 -138.114607 29.379403 34.790253 -122.495026 -9999.0 -9999.0 -9999.0 -9999.0 -9999.0
-9999.0 -9999.0 -9999.0 -9999.0 -9999.0 -9999.0 -9999.0 -9999.0 -9999.0 -9999.0 -9999.0 43.110583 31.016571 52.839405 33.842727 31.155017 29.954280 26.414355 -310.734742 -477.588759 -258.454015 28.984824 27.803720 31.251349 32.541843 -116.553553 43.688399 2096.895705 -175.471478 31.014713 -144.821552 84.334592 -211.127362 24.331510 -107.744383 -1979.849542 -2793.552749 -2910.990286 -4160.080453 -8580.944701 -3881.009344 -2103.480295 -649.194801 -259.900383 26.329348 -9999.0 -141.975898 33.318196 32.773887 33.687414 32.071686 -143.676300 31.814892 31.001337 39.249655 33.409956 -9999.0 -9999.0 -9999.0 -9999.0 -9999.0
-9999.0 -9999.0 -9999.0 -9999.0 -9999.0 -9999.0 -9999.0 -9999.0 -9999.0 -9999.0 -9999.0 -9999.0 40.451723 45.142217 29.703185 31.287726 28.661386 -209.338996 -214.597804 -477.451175 -207.323892 31.112874 36.409903 34.594237 37.549403 42.061935 1388.074395 32.082196 33.638075 -149.919353 28.877459 66.701878 -292.234646 -242.416747 -383.018932 -1654.881586 -2687.708440 -2854.429781 -4163.756431 -3772.737564 -3873.240501 -397.351087 -876.745961 -353.610518 -156.977540 28.587146 -162.734002 30.888555 45.495449 39.875815 27.136756 132.270950 613.397971 101.463780 60.592220 42.867926 32.625258 -9999.0 -9999.0 -9999.0 -9999.0
-9999.0 -9999.0 -9999.0 -9999.0 -9999.0 -9999.0 -9999.0 -9999.0 -9999.0 -9999.0 -9999.0 45.207496 32.935450 35.201440 50.080998 35.789342 32.542205 28.432986 -161.164609 -639.159154 -291.046960 32.665626 38.935833 36.420718 41.262024 42.549064 35.866981 30.700672 27.109902 -157.014446 41.520639 71.384816 -174.734410 -80.998799 -153.005359 -768.969273 -3412.858387 -2832.294719 -2791.639313 -4107.304488 -2753.190183 -2685.995099 -700.903773 -312.459774 -169.586269 26.104293 36.346901 -185.548320 -199.362714 23.159108 -196.158349 31.978469 51.135618 -20.483375 -60.982246 -123.050726 -126.064210 -9999.0 -9999.0 -9999.0 -9999.0
-9999.0 -9999.0 -9999.0 -9999.0 -9999.0 -9999.0 -9999.0 -9999.0 -9999.0 -9999.0 1407.581128 42.369232 32.359366 32.604662 31.168046 1261.190041 1261.465565 -195.343602 -738.335183 -743.289377 -325.420141 28.929536 26.909409 -184.929546 -159.161371 1480.091344 42.445848 -210.234603 28.776441 26.710770 63.963465 208.846828 31.127247 31.397079 -80.729396 -105.310690 -2020.889041 -2678.701997 -2488.885730 -2840.075212 -2819.889608 -3920.573976 -216.790106 -730.131826 -381.959410 -119.098418 27.955378 29.871387 34.770978 -153.835859 -246.063839 -157.844065 -69.180225 -148.933716 -131.018840 35.793576 40.199549 -9999.0 -9999.0 -9999.0 -9999.0
-9999.0 -9999.0 -9999.0 -9999.0 -9999.0 -9999.0 -9999.0 -9999.0 -9999.0 35.838594 40.740197 63.783821 49.235355 30.585513 62.301827 58.301319 31.363534 25.072504 -534.392758 -875.688544 -439.213259 -634.277174 -200.808344 -593.449036 -229.072507 31.717578 26.483382 27.496471 25.677262 -213.884427 24.212532 50.369398 -112.310029 -108.195867 -127.662851 -126.462231 -225.526253 -795.044367 -925.699046 -700.612577 -758.049984 -617.708775 -529.419814 -1340.021868 -605.431014 -394.391360 -247.365761 -424.564627 -317.899177 23.633433 48.653445 -138.317509 -120.935722 -106.887830 -127.302428 57.401076 83.517819 -104.668896 -108.848299 -9999.0 -9999.0
-9999.0 -9999.0 -9999.0 -9999.0 -9999.0 -9999.0 -9999.0 -9999.0 -9999.0 74.349492 42.316060 34.728861 3034.092631 26.749583 29.430344 31.283399 30.713564 -224.789458 -606.620233 -1283.331083 -1144.035000 -1507.378172 -469.393601 27.701650 32.536836 31.575056 -151.329400 -262.190744 -241.976401 24.335825 42.332175 50.652890 36.832962 29.931531 31.058540 -111.979838 -113.817008 -113.048053 -338.633626 -222.305399 -389.536798 28.264278 -904.260562 -608.357959 -737.971397 -986.002988 -860.619145 -1022.388757 -657.850533 -134.787134 32.975155 31.684736 -112.039862 35.252230 -62.474561 56.137799 92.730574 74.524090 -104.885063 -9999.0 -9999.0
-9999.0 -9999.0 -9999.0 -9999.0 -9999.0 -9999.0 -9999.0 -9999.0 -9999.0 -9999.0 35.789628 40.926360 38.914156 1626.153978 24.683093 26.763293 25.536451 -335.142565 -723.045232 -918.223714 -737.249724 -437.182367 24.446902 33.080181 30.900738 -336.073578 -421.356697 -143.140514 39.389687 50.983758 50.672718 2954.971075 39.121150 32.364233 33.384478 33.747038 -361.892292 -215.035873 -94.952043 31.316512 25.976310 -261.036745 3065.722117 -36.158501 28.794586 -324.976122 -217.543711 -469.985024 -660.317932 26.849381 36.279727 38.657106 -172.846556 -155.072972 33.385667 35.515228 52.830363 11334.731492 85.659873 -247.706004 -9999.0
-9999.0 -9999.0 -9999.0 -9999.0 -9999.0 -9999.0 -9999.0 -9999.0 -9999.0 -9999.0 40.052936 37.321800 34.517539 42.258443 25.643322 -339.139063 -265.043706 -687.431030 -1145.119101 -969.414365 -1005.271342 -734.759045 -463.095784 -467.364006 -419.214717 -519.770657 -261.912824 37.209049 39.780519 35.683224 33.217320 51.563902 -117.727679 30.831719 30.386259 35.198705 2416.167977 31.279121 34.660873 30.099168 30.955484 -93.882167 56.991266 29.330492 29.553042 32.275677 34.417418 31.046630 30.811242 23.750463 43.229876 45.671569 37.382741 -116.041407 -98.543357 -108.492029 28.074634 26.677193 187.661801 115.814014 -9999.0
-9999.0 -9999.0 -9999.0 -9999.0 -9999.0 -9999.0 -9999.0 -9999.0 32.439319 31.924847 31.632789 41.308188 152.048720 55.217206 41.448150 -358.499055 -804.722764 -1262.981329 -1333.210213 -1066.031783 -1433.581608 -1400.442967 -1157.940109 -932.944100 -866.459421 -455.632517 30.997056 37.038003 52.266591 47.999072 -158.591476 35.147358 33.502916 30.810481 37.995149 27.424938 27.487917 31.134955 33.215423 -122.046290 -242.631568 43.308583 -217.023781 -125.344504 -162.227668 1488.105324 45.767213 33.963046 31.115399 24.095705 42.499449 48.345414 41.942153 44.596454 -135.930468 28.759245 -137.029760 22.898702 -195.355471 119.060430 -9999.0
-9999.0 -9999.0 -9999.0 -9999.0 -9999.0 -9999.0 -9999.0 -9999.0 1430.699689 59.554323 44.946534 34.195984 33.465350 1290.299282 33.279510 25.675770 -433.627112 -669.680109 -1426.006964 -1319.556396 -1383.619355 -3030.869620 -1476.418643 -1772.948353 -1384.818541 -440.650022 35.940788 38.798172 -188.781947 31.417771 31.732976 -332.401967 43.048764 -386.384876 36.160844 29.598448 39.891256 45.804408 44.568140 31.814655 33.362327 30.829155 -274.479257 31.147755 1824.648742 40.595729 -104.993496 31.175880 29.827879 29.452780 22.173607 43.264333 55.791759 30.204902 24.837070 -367.086949 23.378278 23.017005 -213.181303 31.041225 -957.207022
-9999.0 -9999.0 -9999.0 -9999.0 -9999.0 -9999.0 -9999.0 -9999.0 32.917359 2185.590323 34.161670 36.686609 100.669063 -50.969568 46.476562 30.736135 -472.100137 -1011.553409 -1552.824138 -1141.438366 -1751.904088 -3089.941104 -3055.033680 -2282.181513 -1454.474259 -536.673723 30.880357 36.459858 -133.815694 30.958706 -473.737300 36.545546 34.647047 33.976210 34.477308 47.285466 48.834694 24.805420 55.834619 38.404385 35.681540 -632.861686 33.645744 1827.706769 38.814382 34.026402 -266.391073 28.473786 29.883631 28.018170 -160.274264 38.635567 39.189667 29.004329 28.905092 35.384100 29.009219 -101.444445 -325.148536 -211.150693 -655.085092
-9999.0 -9999.0 -9999.0 -9999.0 -9999.0 -9999.0 -9999.0 -9999.0 -291.880733 32.437177 49.950184 -84.191335 39.253336 33.950500 35.649848 -136.591966 -655.541973 -1628.014417 -820.892150 -1480.615682 -1391.051956 -1643.526048 -2744.183189 -1999.839582 -1004.222060 -440.352775 32.118825 49.501387 25.817587 32.439714 43.297558 36.374554 34.597882 49.123648 45.232641 25.190472 23.900819 22.900154 54.396667 35.573504 29.361285 31.854212 32.565476 -158.484229 28.141443 -173.609013 30.181686 -209.012731 22.032832 20.845574 -196.802809 21.088162 32.483367 22.867795 29.513542 33.369564 33.223073 93.730145 -479.833400 -597.883455 -460.061681
-9999.0 -9999.0 -9999.0 -9999.0 -9999.0 -9999.0 -9999.0 -9999.0 28.856485 31.678653 3007.204121 33.608610 37.783942 32.404784 -119.200781 -484.901660 -364.087064 -485.802214 -431.723202 -705.977522 -1358.020951 -1404.183678 -1319.297123 -1158.279827 -1339.859230 -597.670170 -230.145912 25.540256 -346.982812 35.386974 33.032116 32.856323 44.780712 43.034520 42.930085 44.214068 28.552447 23.907397 52.762952 34.461564 27.473329 43.430516 38.913578 31.730040 29.301424 28.107309 26.861958 32.089795 -145.635297 -226.583198 -402.515040 -718.016761 -272.853625 -382.448011 133.072646 127.868064 -103.985849 -347.984427 -389.452657 -425.819126 -352.296805
-9999.0 -9999.0 31.266479 32.256381 752.577105 31.374500 74.708789 42.561521 32.631929 33.470036 48.489902 62.334346 41.785584 33.725075 -403.063039 -77.158634 29.038772 30.567685 -180.891903 -390.920044 -863.852576 -1402.967323 -898.329173 -1693.913445 -983.909180 -939.916697 -660.786858 -535.971581 -500.766995 26.889397 -202.813443 26.747760 79.267467 31.881562 32.682334 29.110768 -234.715646 -158.508773 41.485431 31.518234 26.289441 33.114770 43.676471 30.526523 29.769688 24.836938 24.337059 27.255380 -279.807758 -579.690639 -890.003497 -941.776427 -116.693601 27.929319 28.240778 27.117412 50.121048 27.191950 -69.603845 -201.884850 -192.691667
-9999.0 -204.813869 29.950378 29.484179 27.812499 61.641968 76.834531 46.649848 40.503880 34.576705 45.435973 35.230069 39.238533 35.164351 24.984613 35.818770 36.613906 43.182537 -56.911302 -391.894553 -1000.225817 -670.208480 -491.185571 -1227.928304 -2542.713750 -1425.307048 -1804.581495 -1868.279073 -605.517262 -517.215311 -1070.903984 -672.022719 46.522943 34.107574 -382.666149 -605.769099 -500.950448 -411.538366 29.481585 -259.437497 -315.828007 28.020290 38.406038 -170.481869 -408.564106 -515.469337 -503.456014 -592.911496 -674.234137 -1107.266007 -605.291428 -95.883280 54.697412 66.828385 59.742988 38.413461 39.086569 29.791171 28.704139 24.367522 26.906968
