user2019/resources/simulation/Vinschgau/output-maps/psiL0003N1039.asc
ncols         63
nrows         48
xllcorner     598000.000000
yllcorner     5145000.000000
cellsize      1000.000000
NODATA_value  -9999.0
[rows 0 to 24 of 48, columns 0 to 56 of 63]
-9999.0 -9999.0 -9999.0 -9999.0 -9999.0 -9999.0 -9999.0 -9999.0 -9999.0 -9999.0 -9999.0 -9999.0 -9999.0 -9999.0 -9999.0 -9999.0 -9999.0 -9999.0 -9999.0 -9999.0 -9999.0 -9999.0 -9999.0 -9999.0 -9999.0 -9999.0 -9999.0 -9999.0 -9999.0 -9999.0 -9999.0 -9999.0 -9999.0 -9999.0 -9999.0 -9999.0 -9999.0 -9999.0 -9999.0 -9999.0 -9999.0 -9999.0 -9999.0 -9999.0 -9999.0 -9999.0 -9999.0 -9999.0 -9999.0 -9999.0 -9999.0 -9999.0 -9999.0 -9999.0 -9999.0 -9999.0 -9999.0
-9999.0 -9999.0 -9999.0 -9999.0 -9999.0 -9999.0 -9999.0 -9999.0 -9999.0 -9999.0 -9999.0 -9999.0 -9999.0 -9999.0 -9999.0 -9999.0 -9999.0 -9999.0 -9999.0 -9999.0 -9999.0 -9999.0 -9999.0 -9999.0 -9999.0 -9999.0 -9999.0 171712.600633 560918.483127 313804.420050 559991.049658 573484.018768 570398.264826 -9999.0 -9999.0 -9999.0 -9999.0 -9999.0 -9999.0 -9999.0 -9999.0 -9999.0 -9999.0 -9999.0 -9999.0 -9999.0 -9999.0 -9999.0 -9999.0 -9999.0 -9999.0 -9999.0 -9999.0 -9999.0 -9999.0 -9999.0 -9999.0
-9999.0 -9999.0 -9999.0 -9999.0 -9999.0 -9999.0 -9999.0 -9999.0 -9999.0 -9999.0 -9999.0 -9999.0 -9999.0 -9999.0 -9999.0 -9999.0 -9999.0 -9999.0 -9999.0 -9999.0 -9999.0 -9999.0 -9999.0 -9999.0 619552.735672 611278.969298 607161.979986 614894.269211 618165.528903 616269.292372 608150.391407 -9999.0 -9999.0 -9999.0 -9999.0 -9999.0 -9999.0 -9999.0 -9999.0 -9999.0 -9999.0 -9999.0 -9999.0 -9999.0 -9999.0 -9999.0 -9999.0 -9999.0 -9999.0 -9999.0 -9999.0 -9999.0 -9999.0 -9999.0 -9999.0 -9999.0 -9999.0
-9999.0 -9999.0 -9999.0 -9999.0 -9999.0 -9999.0 -9999.0 -9999.0 -9999.0 -9999.0 -9999.0 -9999.0 -9999.0 -9999.0 -9999.0 -9999.0 -9999.0 -9999.0 -9999.0 -9999.0 -9999.0 -9999.0 -9999.0 622331.521905 615935.210906 -894.833199 -1102.701414 -2618.419050 -509.181322 619982.135648 612582.034434 572905.080652 -9999.0 -9999.0 -9999.0 -9999.0 -9999.0 -9999.0 -9999.0 -9999.0 -9999.0 -9999.0 -9999.0 -9999.0 -9999.0 -9999.0 -9999.0 -9999.0 -9999.0 -9999.0 -9999.0 -9999.0 -9999.0 -9999.0 -9999.0 -9999.0 -9999.0
-9999.0 -9999.0 -9999.0 -9999.0 -9999.0 -9999.0 -9999.0 -9999.0 -9999.0 -9999.0 -9999.0 -9999.0 -9999.0 -9999.0 -9999.0 -9999.0 -9999.0 -9999.0 -404.937389 61400.153926 -9999.0 628571.700138 427364.380890 -997.409610 -793.099612 -2679.037084 -457.608154 -365.540832 -197.871509 -53.318877 551302.984601 601518.758583 178722.037759 143948.997994 -9999.0 -9999.0 -9999.0 -9999.0 -9999.0 -9999.0 -9999.0 -9999.0 -9999.0 -9999.0 -9999.0 -9999.0 -9999.0 -9999.0 -9999.0 -9999.0 -9999.0 -9999.0 -9999.0 -9999.0 -9999.0 -9999.0 -9999.0
-9999.0 -9999.0 -9999.0 -9999.0 -9999.0 -9999.0 -9999.0 -9999.0 -9999.0 -9999.0 -9999.0 -9999.0 -9999.0 -9999.0 -9999.0 -9999.0 -9999.0 -2783.130253 -2327.591229 -5073.716554 -30.612473 507342.249247 947.509786 381.150293 -468.895121 -78.746307 826394.891804 21879.741674 831098.038878 -194.137253 256627.248802 357208.509659 286621.515869 118721.854985 88497.057070 90310.839989 -9999.0 -9999.0 -9999.0 -9999.0 -9999.0 -9999.0 -9999.0 -9999.0 -9999.0 -9999.0 -9999.0 -9999.0 -9999.0 -9999.0 -9999.0 -9999.0 -9999.0 -9999.0 -9999.0 -9999.0 -9999.0
-9999.0 -9999.0 -9999.0 -9999.0 -9999.0 -9999.0 -9999.0 -9999.0 -9999.0 -9999.0 -9999.0 -9999.0 -9999.0 18.008512 -424.034184 -1751.243752 -2807.809091 -6889.739565 -2705.447069 -2610.601618 -931.192267 -613.209730 -774.356711 -441.838533 2433.632789 69672.364010 132268.643090 530647.160153 624974.942709 367463.070069 577067.449004 618083.769136 613728.282967 613168.484709 477807.615254 136091.219995 -9999.0 -9999.0 -9999.0 -9999.0 -9999.0 -9999.0 -9999.0 -9999.0 -9999.0 -9999.0 -9999.0 -9999.0 -9999.0 -9999.0 -9999.0 -9999.0 -9999.0 -9999.0 -9999.0 -9999.0 -9999.0
-9999.0 -9999.0 -9999.0 -9999.0 -9999.0 -9999.0 -9999.0 -9999.0 -9999.0 -9999.0 -9999.0 -9999.0 -9999.0 27.780937 -1001.225223 -2138.623271 -2701.042790 -806.640867 -6908.482737 -1868.490885 -2792.110423 -994.734130 -836.928802 -531.770202 111.222608 520801.339345 578893.195202 288301.119785 199290.280511 662269.589724 660294.409086 556954.525805 197621.599841 -56.001414 124277.947384 -9999.0 -9999.0 -9999.0 -9999.0 -9999.0 -9999.0 -9999.0 -9999.0 -9999.0 -9999.0 -9999.0 -9999.0 -9999.0 -9999.0 -9999.0 -9999.0 -9999.0 -9999.0 -9999.0 -9999.0 -9999.0 -9999.0
-9999.0 -9999.0 -9999.0 -9999.0 -9999.0 -9999.0 -9999.0 -9999.0 -9999.0 -9999.0 -9999.0 -9999.0 -9999.0 -1279.282441 598.825917 -1693.604265 -2197.083456 -2548.648948 -6951.397069 -2747.082806 -686.437145 -61.812344 1051.026386 766977.332835 484.922332 980.152369 -18.632061 173744.686558 553085.693848 -54.668933 429257.504191 -33.046594 -62.706488 -36.266339 124653.658174 -9999.0 -9999.0 -9999.0 -9999.0 -9999.0 -9999.0 -9999.0 -9999.0 -9999.0 -9999.0 -9999.0 -9999.0 -9999.0 -9999.0 -9999.0 -9999.0 -9999.0 -9999.0 -9999.0 -9999.0 -9999.0 -9999.0
-9999.0 -9999.0 -9999.0 -9999.0 -9999.0 -9999.0 -9999.0 -9999.0 -9999.0 -9999.0 -9999.0 -9999.0 -677.323654 6480.312346 -1170.351376 -538.093346 -1111.336063 -1773.131847 -935.763083 -7281.765121 -696.506813 158591.769617 655623.136083 672242.854556 648067.296308 611638.193305 644610.716468 619267.147333 617310.728833 261909.127137 1331.544446 157384.662877 391043.910475 136941.637531 -9999.0 -9999.0 -9999.0 -9999.0 -9999.0 -9999.0 -9999.0 -9999.0 -9999.0 -9999.0 -9999.0 -9999.0 -9999.0 -9999.0 -9999.0 -9999.0 -9999.0 -9999.0 -9999.0 -9999.0 -9999.0 -9999.0 -9999.0
-9999.0 -9999.0 -9999.0 -9999.0 -9999.0 -9999.0 -9999.0 -9999.0 -9999.0 -9999.0 -9999.0 320.741582 -568.491910 270.370298 -1007.411347 27.058586 -7474.039705 -1730.771970 -551.843025 -50.905632 -2606.521213 -402.300638 485119.848067 644298.592446 197920.626258 646011.928691 503656.573908 597766.589045 596530.788332 171399.024662 173732.538299 337932.658795 195311.414501 148386.522798 153934.867051 172329.802505 573698.706143 572078.487422 568154.179486 -9999.0 -9999.0 -9999.0 122445.732169 -9999.0 -9999.0 -9999.0 -9999.0 -9999.0 -9999.0 -9999.0 -9999.0 -9999.0 -9999.0 -9999.0 -9999.0 -9999.0 -9999.0
-9999.0 -9999.0 -9999.0 -9999.0 -9999.0 -9999.0 -9999.0 -9999.0 -9999.0 -9999.0 -9999.0 17292.824249 -683.095573 -1279.968985 -1899.301624 18.675698 -2969.842882 -2676.265894 -822.574019 -720.265806 -479.455240 39.406941 573815.371457 646092.044319 648815.602760 596297.697914 625350.390030 630254.060482 478419.666595 175684.885217 477437.960318 470850.079317 571009.901699 533563.963060 515620.561659 591913.838766 590740.913021 461252.320656 528802.968044 157903.574422 163427.102157 162757.181616 483754.491440 178824.387500 -9999.0 -9999.0 -9999.0 454483.427460 507335.316801 224056.925566 537031.714385 165254.085791 169336.975669 469076.972909 482723.050259 179990.447729 -9999.0
-9999.0 -9999.0 -9999.0 -9999.0 -9999.0 -9999.0 -9999.0 -9999.0 -9999.0 -9999.0 -9999.0 61651.755814 3.057653 616456.154858 18.818431 21.940028 -459.035393 -1874.062245 -963.410753 -827.560054 -816.661781 354.788301 654058.735731 528481.641597 600240.331082 174571.285644 643011.230539 641506.738102 196854.817598 522873.206060 212324.592847 639907.488932 467161.151211 542550.347620 196382.526615 409338.397009 641239.556685 378713.822007 937.545684 145929.717802 512961.292115 579937.675004 598317.047531 613848.420019 568434.262795 -9999.0 144490.355390 484804.472663 517587.159146 573623.672470 583391.805279 308998.088157 561472.240592 562852.126442 560002.408336 520513.353154 -9999.0
-9999.0 -9999.0 -9999.0 -9999.0 -9999.0 -9999.0 -9999.0 -9999.0 -9999.0 -9999.0 -9999.0 -9999.0 400375.576968 663369.954579 21.604936 23.570230 -653.305915 -1865.990840 -726.059119 -761.977790 -1164.560610 1155.459416 403395.354089 540172.253138 648079.808359 663077.097712 -185.667414 520496.707240 539830.052049 198410.757494 581876.727933 660583.550182 624523.202102 598481.416781 581621.848018 617556.826864 621080.488941 179731.216497 -554.597438 334611.879940 514944.273454 -4.450093 625793.331461 587567.186385 181686.190687 488167.846869 167441.028837 511411.956728 592805.583654 607395.082868 625915.685918 603526.501579 604324.357064 603179.714339 585133.376386 517200.473092 509218.522329
-9999.0 -9999.0 -9999.0 -9999.0 -9999.0 -9999.0 -9999.0 -9999.0 -9999.0 -9999.0 -9999.0 649424.644811 628600.275885 2360.058456 657031.529897 1016.488889 -392.166070 -1259.737544 -728.825138 -1551.306561 -1612.687745 -540.874651 156101.047327 647161.145557 664368.194484 663181.557603 669839.318805 547260.650637 566127.316693 165525.016846 661236.248547 655271.144537 332112.310651 542911.187095 512190.612866 585725.945487 627263.082988 220759.447222 866.278779 -557.396362 272318.533537 289029.227002 612394.322101 131915.235657 409387.104117 621044.790261 623884.663902 132273.287249 -4.588255 607676.305046 182998.268936 581882.418604 46345.028084 -32.889598 -38.475747 -32.870592 144586.897819
-9999.0 -9999.0 -9999.0 -9999.0 -9999.0 -9999.0 -9999.0 -9999.0 -9999.0 -9999.0 154174.570392 479731.207266 456464.177254 156374.150768 516.676817 481826.319000 481009.303292 -181.856709 -1945.584150 -1484.447396 -581.822218 -365.388874 886970.959254 240.701161 577437.548516 605447.172964 645025.752242 118749.811229 614640.720105 628225.804310 230702.459493 232798.072726 642602.652656 590754.021077 166360.735324 191409.657882 560310.798198 546950.519577 696817.115033 1152.528648 1081.235323 -44.442051 -23.644521 -427.015725 664602.244234 16732.464324 575865.286586 637872.862024 638613.480600 198918.886684 -62.489163 178193.206283 -30.749957 -23.323957 -32.843539 420729.731951 425857.992490
-9999.0 -9999.0 -9999.0 -9999.0 -9999.0 -9999.0 -9999.0 -9999.0 -9999.0 568454.295560 626880.119437 76276.041637 305137.594061 643560.338280 638751.566330 673001.741003 675900.602554 23.166045 -2107.619530 -1844.569297 -645.757456 -1075.639889 -485.453659 1037.041680 639.368502 924624.845747 658404.021036 576537.084593 681407.469770 658581.320514 1129.827992 879457.673881 200535.348711 -32.311803 156095.868811 174588.297531 297709.816489 710941.434415 651793.838691 672688.146262 805850.397352 898786.923936 908145.586397 -1154.005566 -540.030470 636460.875261 1122.341015 647588.078494 647706.838900 1256.381802 533971.223819 165451.855788 -30.295852 151799.746484 162898.870169 1021.826964 1901.885174
-9999.0 -9999.0 -9999.0 -9999.0 -9999.0 -9999.0 -9999.0 -9999.0 -9999.0 195596.033019 434545.880260 584360.127176 4841.473495 94000.129725 663893.589380 658109.218142 401.451887 924.177099 -2320.436284 -955.694870 -811.465918 -1283.834608 -323.982257 78.984974 923727.343628 668367.331477 666265.409963 487325.280851 869.438089 70.298171 99481.556154 832404.284455 539067.780618 564445.020552 595664.822185 182392.364062 191013.237714 -2.928658 617356.345989 652371.686088 636652.129070 659950.510053 658984.958697 77.735583 -724.419376 -462.392553 -353.220382 1069.111819 43912.950121 1291.302068 888285.463320 557402.201526 158191.947516 467097.133682 347739.281927 123004.298765 116136.729826
-9999.0 -9999.0 -9999.0 -9999.0 -9999.0 -9999.0 -9999.0 -9999.0 -9999.0 -9999.0 564231.914001 572468.791193 608098.290809 589405.456938 1314.428298 653663.713079 111882.478914 -453.225648 -2537.537069 -1189.566226 -715.695132 -2527.272405 5575.609850 874666.601870 655774.062119 649038.750584 1303.819849 24.249209 5132.644408 914698.837794 900608.500767 902100.976598 615378.358748 526004.653192 540262.041807 542231.202857 596930.810065 646424.890355 195434.984651 510113.462314 617688.883922 659010.457166 4884.407377 668000.521585 -105.627966 922.635643 -894.520482 -415.591270 -500.087369 1174.095808 861128.786674 279565.666715 152926.988745 139042.116419 448379.945824 508147.523662 542906.888768
-9999.0 -9999.0 -9999.0 -9999.0 -9999.0 -9999.0 -9999.0 -9999.0 -9999.0 -9999.0 532471.750924 578414.500261 613753.550906 600658.224980 25.839027 139.396531 -121.406178 -1520.114413 -2104.660792 -2766.406644 -2522.396556 -1677.897013 54020.628052 619759.889194 625225.003905 614.295925 24.671696 862.112269 894910.319942 634985.994738 548176.746217 551213.848827 92823.811435 532371.921407 623270.802696 641756.701403 164247.026809 494000.461004 639156.310670 606827.565850 629437.202337 2459.401287 641827.706688 657933.447275 396757.077103 923726.457004 182415.540788 -79.602616 -1024.873581 -321.465637 2907.594182 597001.917536 544307.632290 217131.555167 146419.630472 152644.030475 535965.163438
-9999.0 -9999.0 -9999.0 -9999.0 -9999.0 -9999.0 -9999.0 -9999.0 616912.294397 619751.569094 578050.555415 608776.343741 472574.505275 638885.040554 858426.396342 -624.371575 -2137.133956 -1468.414187 -1612.064997 -2953.135524 -2918.137512 -2708.719967 -2323.584863 -1658.420799 1136.609791 -383.928035 -278.278924 951319.126324 679483.892310 626012.059051 -29.965211 428517.813638 494346.016778 537997.162454 566323.565621 651866.689883 321.428124 661794.710136 919291.420665 195191.717391 180713.968674 472291.259329 241465.954080 204761.338219 -3.884494 174665.324522 905974.962227 695871.808524 746.105710 -275.430244 1214.144231 795332.853516 277062.653167 500021.358357 156100.071824 530782.874173 191202.985736
-9999.0 -9999.0 -9999.0 -9999.0 -9999.0 -9999.0 -9999.0 -9999.0 -150.336589 416351.686621 627281.661448 576297.637386 618366.290836 625505.615350 908753.154982 849.565784 -1560.291882 -1853.765950 -2954.589243 -2969.936961 -965.247470 -1347.473607 -1381.103311 -1697.905850 -2370.445125 -1082.025653 -470.282258 538811.093739 29811.191987 521214.209089 531434.719024 175884.427603 379360.013978 172201.771396 461433.942055 626031.643834 97.864507 165534.331349 609809.084268 645329.910412 638879.632147 1394.256179 174086.173724 585091.293544 578613.663703 615344.242572 186499.878878 622087.030805 654875.841545 -526.483837 -186.159854 660778.228861 311393.533783 524906.224371 624727.941197 -85.696158 691268.718245
-9999.0 -9999.0 -9999.0 -9999.0 -9999.0 -9999.0 -9999.0 -9999.0 575979.036702 573997.250153 518815.810009 615539.460773 615968.543343 190717.168852 657781.468797 905972.129485 -209.095070 -1080.409766 -2876.954884 -1048.939567 -3007.495078 -1892.796199 -1660.502010 -2749.910987 -995.564592 -1688.289290 75.477473 947066.909475 38438.947464 497388.935989 94299.015810 490488.903223 629394.806087 660036.387037 599349.058851 922.568515 160883.809226 24.583664 232162.506981 649789.842201 622544.734583 9777.855241 567136.183062 568051.129544 626925.266792 584331.510644 176476.704421 612437.028241 666062.461190 1639.903245 -525.515889 1312.442086 209243.545656 370318.492008 123464.051335 112526.186874 -135.466876
-9999.0 -9999.0 -9999.0 -9999.0 -9999.0 -9999.0 -9999.0 -9999.0 182311.664938 588653.481554 188460.392017 8962.792743 556126.209610 623497.024372 909496.765389 83.990211 -2744.141247 -2769.019238 -791.438388 -2877.978347 -2886.866328 -2848.378032 -1672.412100 -2338.500973 -1885.537983 -797.568578 863183.355676 924524.815625 583682.649346 757818.532298 689848.351679 690036.540820 217396.662528 663656.654173 737576.444386 32.624218 24.180069 -1690.321850 -413.447409 679721.728667 632417.743769 659394.222575 663096.477555 -4.269067 614622.872906 10053.729239 591001.812885 22379.772047 623144.858610 670828.158718 905.953905 -476.449444 1257.033052 88612.282201 779.383443 25.767823 -483.423754
-9999.0 -9999.0 -9999.0 -9999.0 -9999.0 -9999.0 -9999.0 -9999.0 513386.143746 625769.514749 -339.646585 934549.038058 947378.005689 955135.624853 45.072137 -388.703060 -392.883291 -1496.125796 -881.366558 -1874.490904 -2480.379832 -2352.229308 -2739.025526 -2712.138807 -858.164462 -79.107302 917389.104864 637566.391710 3539.987253 388664.212294 886671.553925 1235.767726 28.615965 -232.772153 1206.622939 -333.194665 -752.382212 -2279.288990 -2666.796332 -267.022095 1070.980813 1105.380032 91722.142787 86962.989414 659463.884682 251373.286730 670511.889313 678530.385613 660942.653231 1214.499020 -309.146887 -991.848132 -611.164016 -458.016888 57.976016 48.625503 -375.475778
