user2019/resources/simulation/Vinschgau/output-maps/psiL0005N1228.asc
ncols         63
nrows         48
xllcorner     598000.000000
yllcorner     5145000.000000
cellsize      1000.000000
NODATA_value  -9999.0
[rows 0 to 25 of 48, columns 0 to 57 of 63]
-9999.0 -9999.0 -9999.0 -9999.0 -9999.0 -9999.0 -9999.0 -9999.0 -9999.0 -9999.0 -9999.0 -9999.0 -9999.0 -9999.0 -9999.0 -9999.0 -9999.0 -9999.0 -9999.0 -9999.0 -9999.0 -9999.0 -9999.0 -9999.0 -9999.0 -9999.0 -9999.0 -9999.0 -9999.0 -9999.0 -9999.0 -9999.0 -9999.0 -9999.0 -9999.0 -9999.0 -9999.0 -9999.0 -9999.0 -9999.0 -9999.0 -9999.0 -9999.0 -9999.0 -9999.0 -9999.0 -9999.0 -9999.0 -9999.0 -9999.0 -9999.0 -9999.0 -9999.0 -9999.0 -9999.0 -9999.0 -9999.0 -9999.0
-9999.0 -9999.0 -9999.0 -9999.0 -9999.0 -9999.0 -9999.0 -9999.0 -9999.0 -9999.0 -9999.0 -9999.0 -9999.0 -9999.0 -9999.0 -9999.0 -9999.0 -9999.0 -9999.0 -9999.0 -9999.0 -9999.0 -9999.0 -9999.0 -9999.0 -9999.0 -9999.0 -222.110756 -328.905332 -170.191477 -150.717692 -31.336552 13760.807176 -9999.0 -9999.0 -9999.0 -9999.0 -9999.0 -9999.0 -9999.0 -9999.0 -9999.0 -9999.0 -9999.0 -9999.0 -9999.0 -9999.0 -9999.0 -9999.0 -9999.0 -9999.0 -9999.0 -9999.0 -9999.0 -9999.0 -9999.0 -9999.0 -9999.0
-9999.0 -9999.0 -9999.0 -9999.0 -9999.0 -9999.0 -9999.0 -9999.0 -9999.0 -9999.0 -9999.0 -9999.0 -9999.0 -9999.0 -9999.0 -9999.0 -9999.0 -9999.0 -9999.0 -9999.0 -9999.0 -9999.0 -9999.0 -9999.0 -344.202384 -360.725261 -362.515007 -358.133633 -303.029655 -263.954628 -199.456355 -9999.0 -9999.0 -9999.0 -9999.0 -9999.0 -9999.0 -9999.0 -9999.0 -9999.0 -9999.0 -9999.0 -9999.0 -9999.0 -9999.0 -9999.0 -9999.0 -9999.0 -9999.0 -9999.0 -9999.0 -9999.0 -9999.0 -9999.0 -9999.0 -9999.0 -9999.0 -9999.0
-9999.0 -9999.0 -9999.0 -9999.0 -9999.0 -9999.0 -9999.0 -9999.0 -9999.0 -9999.0 -9999.0 -9999.0 -9999.0 -9999.0 -9999.0 -9999.0 -9999.0 -9999.0 -9999.0 -9999.0 -9999.0 -9999.0 -9999.0 -383.393148 -414.441997 -1936.933144 -2177.541004 -3706.814637 -2998.651779 -418.500406 -210.134891 104.215169 -9999.0 -9999.0 -9999.0 -9999.0 -9999.0 -9999.0 -9999.0 -9999.0 -9999.0 -9999.0 -9999.0 -9999.0 -9999.0 -9999.0 -9999.0 -9999.0 -9999.0 -9999.0 -9999.0 -9999.0 -9999.0 -9999.0 -9999.0 -9999.0 -9999.0 -9999.0
-9999.0 -9999.0 -9999.0 -9999.0 -9999.0 -9999.0 -9999.0 -9999.0 -9999.0 -9999.0 -9999.0 -9999.0 -9999.0 -9999.0 -9999.0 -9999.0 -9999.0 -9999.0 -722.481775 -473.395056 -9999.0 -414.942107 -444.010049 -3427.022055 -2010.597998 -3618.501075 -711.797222 -820.559772 -661.333565 -776.447936 -348.354000 -214.272307 -249.770067 -237.811167 -9999.0 -9999.0 -9999.0 -9999.0 -9999.0 -9999.0 -9999.0 -9999.0 -9999.0 -9999.0 -9999.0 -9999.0 -9999.0 -9999.0 -9999.0 -9999.0 -9999.0 -9999.0 -9999.0 -9999.0 -9999.0 -9999.0 -9999.0 -9999.0
-9999.0 -9999.0 -9999.0 -9999.0 -9999.0 -9999.0 -9999.0 -9999.0 -9999.0 -9999.0 -9999.0 -9999.0 -9999.0 -9999.0 -9999.0 -9999.0 -9999.0 -2061.014667 -2270.130516 -56061.091890 -263.903690 -562.508976 -835.500256 -2464.708190 -878.659291 -525.845801 46258.944115 -543.209444 58807.276368 -583.535321 -407.456327 -365.373262 -208.537480 -401.328842 -424.738821 -352.104271 -9999.0 -9999.0 -9999.0 -9999.0 -9999.0 -9999.0 -9999.0 -9999.0 -9999.0 -9999.0 -9999.0 -9999.0 -9999.0 -9999.0 -9999.0 -9999.0 -9999.0 -9999.0 -9999.0 -9999.0 -9999.0 -9999.0
-9999.0 -9999.0 -9999.0 -9999.0 -9999.0 -9999.0 -9999.0 -9999.0 -9999.0 -9999.0 -9999.0 -9999.0 -9999.0 -844.382689 -1373.605833 -1644.122923 -2165.668496 -8335.344801 -2020.921989 -3544.571629 -2080.947445 -1717.552619 -3210.813046 -1076.414319 248.726793 -442.436213 -5038.094857 26733.755584 16395.682238 -276.399816 25231.884570 -299.693495 -267.271099 -115.867978 -121.896813 -267.590503 -9999.0 -9999.0 -9999.0 -9999.0 -9999.0 -9999.0 -9999.0 -9999.0 -9999.0 -9999.0 -9999.0 -9999.0 -9999.0 -9999.0 -9999.0 -9999.0 -9999.0 -9999.0 -9999.0 -9999.0 -9999.0 -9999.0
-9999.0 -9999.0 -9999.0 -9999.0 -9999.0 -9999.0 -9999.0 -9999.0 -9999.0 -9999.0 -9999.0 -9999.0 -9999.0 -696.906721 -2178.064294 -1937.817337 -2089.618220 -989.497121 -8354.913765 -2253.999247 -3086.599879 -2968.966817 -1387.163250 -879.753946 -875.158095 -660.477159 -363.728440 -161.863973 -168.312150 39349.645948 46504.712122 -225.514765 -185.253914 -396.864916 -192.322083 -9999.0 -9999.0 -9999.0 -9999.0 -9999.0 -9999.0 -9999.0 -9999.0 -9999.0 -9999.0 -9999.0 -9999.0 -9999.0 -9999.0 -9999.0 -9999.0 -9999.0 -9999.0 -9999.0 -9999.0 -9999.0 -9999.0 -9999.0
-9999.0 -9999.0 -9999.0 -9999.0 -9999.0 -9999.0 -9999.0 -9999.0 -9999.0 -9999.0 -9999.0 -9999.0 -9999.0 -2237.372253 501.929031 -2121.272414 -1965.493539 -2029.108798 -8453.862907 -2094.269013 -1122.705120 -48974.067581 -548.720231 -27.542902 -1304.990337 -883.242520 -274.740676 -228.920912 -134.538527 -390.722660 -65.993970 -248.192812 -498.809691 -294.190430 -200.743291 -9999.0 -9999.0 -9999.0 -9999.0 -9999.0 -9999.0 -9999.0 -9999.0 -9999.0 -9999.0 -9999.0 -9999.0 -9999.0 -9999.0 -9999.0 -9999.0 -9999.0 -9999.0 -9999.0 -9999.0 -9999.0 -9999.0 -9999.0
-9999.0 -9999.0 -9999.0 -9999.0 -9999.0 -9999.0 -9999.0 -9999.0 -9999.0 -9999.0 -9999.0 -9999.0 -3300.120106 6389.940807 -2214.270611 -1996.350832 -1259.839086 -1752.033266 -1200.397073 -61708.781304 -2018.715001 -737.863253 -350.674988 53.466095 36633.858535 -358.373096 33884.607148 -220.604220 -111.337199 -154.899489 2497.847817 -232.357865 57.884937 -261.958739 -9999.0 -9999.0 -9999.0 -9999.0 -9999.0 -9999.0 -9999.0 -9999.0 -9999.0 -9999.0 -9999.0 -9999.0 -9999.0 -9999.0 -9999.0 -9999.0 -9999.0 -9999.0 -9999.0 -9999.0 -9999.0 -9999.0 -9999.0 -9999.0
-9999.0 -9999.0 -9999.0 -9999.0 -9999.0 -9999.0 -9999.0 -9999.0 -9999.0 -9999.0 -9999.0 -593.503933 -2133.146770 166.755615 -2214.109267 -826.401561 -66888.928939 -1860.528455 -881.944812 -69717.028900 -2681.561286 -989.684502 -540.839276 -403.181675 -362.872314 -305.154742 -189.603442 -254.745072 3351.563084 -150.025048 -216.631807 -258.112613 -177.361244 -232.374327 -240.840839 -216.036470 -263.843937 -558.501603 -113.053191 -9999.0 -9999.0 -9999.0 -410.369447 -9999.0 -9999.0 -9999.0 -9999.0 -9999.0 -9999.0 -9999.0 -9999.0 -9999.0 -9999.0 -9999.0 -9999.0 -9999.0 -9999.0 -9999.0
-9999.0 -9999.0 -9999.0 -9999.0 -9999.0 -9999.0 -9999.0 -9999.0 -9999.0 -9999.0 -9999.0 -566.392590 -2161.571119 -3774.186895 -2263.792325 -1058.060233 -2550.578474 -2420.766764 -971.142754 -1320.507603 -985.466517 -800.710483 -331.362849 35977.195332 38959.279840 -304.570827 -280.201893 -287.410402 -111.683218 -184.201302 -254.059594 -200.155110 -96.737522 126.438565 -173.883465 -252.797142 -356.951185 -785.155541 -764.341549 -359.635869 -277.302314 -226.933397 -203.240739 -225.181587 -9999.0 -9999.0 -9999.0 247.377024 930.960571 -196.788991 991.525232 -204.639067 -192.811243 35006.344459 36296.230524 -133.215757 -9999.0 -9999.0
-9999.0 -9999.0 -9999.0 -9999.0 -9999.0 -9999.0 -9999.0 -9999.0 -9999.0 -9999.0 -9999.0 -531.298226 -616.454131 -489.935152 -715.764829 -1139.346474 -1315.681695 -2059.195052 -2189.132227 -1394.076983 -983.838352 -382.582720 40897.757036 -296.780453 -320.561474 -202.808493 42746.137496 42864.684452 -190.631629 -167.070359 -195.231559 35660.924225 -245.326069 87.066800 -196.915822 -297.273710 42466.849111 -1148.532096 -1014.220766 -398.846530 -454.583364 -74.380247 -250.744202 -226.864449 475.296454 -9999.0 -247.091061 640.643191 -105.423713 -236.322885 -53.240896 -155.323208 -56.347822 -176.286129 -3.606798 217.338497 -9999.0 -9999.0
-9999.0 -9999.0 -9999.0 -9999.0 -9999.0 -9999.0 -9999.0 -9999.0 -9999.0 -9999.0 -9999.0 -9999.0 -529.360053 503.761656 -721.604877 -735.102410 -1060.127553 -1893.497664 -949.963858 -1315.942603 -1379.163303 -655.992647 -81.188008 29076.636861 41566.028364 42674.474406 2371.398876 -70.277272 -199.385884 -213.158231 -269.767568 41555.215666 -64.340475 97.885142 108.854240 -239.650152 -411.153865 -1496.701940 -607.744688 -309.123152 -917.338204 -299.825569 26940.039405 -326.266149 -255.243755 578.467358 -244.760361 316.669057 30958.262501 40296.027573 64183.527754 37630.012445 38399.484790 37664.573157 37011.097919 113.084771 75.472082 -9999.0
-9999.0 -9999.0 -9999.0 -9999.0 -9999.0 -9999.0 -9999.0 -9999.0 -9999.0 -9999.0 -9999.0 47596.767577 -455.884430 -138.504274 776.458910 -569.239232 -941.465707 -1410.697969 -1186.909111 -1297.795597 -1566.197159 -769.259919 821.485091 18225.063325 43231.069528 42789.057939 44119.514431 -225.183112 -209.634972 -198.784994 44179.053638 44041.348967 -326.532485 -126.940246 -120.999110 -180.612438 -373.265964 -1579.218046 -777.062933 -1116.642995 -1446.216785 -644.122796 29128.718531 -1602.897452 -450.255275 -210.776065 -199.066201 -257.104992 -248.888156 -117.019731 -881.221119 -237.684375 4653.529495 -896.081699 -1186.223346 -443.229486 -184.428245 -9999.0
-9999.0 -9999.0 -9999.0 -9999.0 -9999.0 -9999.0 -9999.0 -9999.0 -9999.0 -9999.0 2239.348549 33831.098985 -448.272535 -481.980190 -586.427398 2088.774818 2089.261740 -456.368212 -1586.424827 -1253.275693 -1008.573910 -613.608442 30800.147475 -450.775460 42090.827570 33574.040478 36071.613947 -957.572115 -79.626471 -455.179202 19069.422584 19339.562172 -354.172257 -132.985749 -192.369977 -214.049743 -393.291034 35647.426587 -706.897704 -283.441065 -382.504369 -3184.620988 -72.160505 -536.543115 21134.824079 -201.773333 -336.393814 25650.225669 39467.299029 407.023892 -4102.054980 -198.062937 -1022.985783 -188.310657 -255.211443 -149.132133 -118.892840 -9999.0
-9999.0 -9999.0 -9999.0 -9999.0 -9999.0 -9999.0 -9999.0 -9999.0 -9999.0 -322.566533 -371.833223 17999.371896 24633.507817 44075.627576 42840.509737 46583.642736 41772.234060 -667.235607 -2002.263803 -1376.888737 -1092.783590 -1316.199614 -1077.931364 -817.652519 -335.509015 50855.370342 42152.973036 -362.602301 28331.616427 30008.330420 -115.925806 -27.708361 -160.081270 -265.819142 -223.798477 -212.561175 -350.047676 37522.905989 42378.993595 44552.601149 52147.730841 51319.398194 34268.808663 -1035.060317 -760.464712 16992.184963 -542.807914 11662.353187 14608.216127 -191.480345 -109.500089 -191.257670 -213.006364 -125.855100 -180.856319 -106.521991 938.298078 -125.812302
-9999.0 -9999.0 -9999.0 -9999.0 -9999.0 -9999.0 -9999.0 -9999.0 -9999.0 -63.873403 -328.242561 -493.237697 4848.506038 597.257819 56352.000088 44818.533961 -464.317707 -686.290739 -2173.323851 -1419.105765 -1271.791714 -2196.064367 -725.847411 -426.439494 47353.899252 43992.382903 44314.769752 340.795081 -258.795185 -446.340003 -429.985379 51494.838598 -230.229300 -43.970728 -118.721673 -221.586129 -209.979893 -188.653834 -334.604724 -375.864231 47899.420531 31451.026809 49414.752970 -413.362038 -923.198401 -736.361796 -773.520258 -610.715844 -71.247634 -473.955938 -34.662183 30410.071531 -164.012663 31670.672792 -55.383156 5314.519854 -67.527999 6711.595619
-9999.0 -9999.0 -9999.0 -9999.0 -9999.0 -9999.0 -9999.0 -9999.0 -9999.0 -9999.0 -262.635734 -376.279437 32324.370686 39382.289014 -300.870356 36888.422092 411.839050 -942.545150 -2289.670036 -1496.249959 -1191.159666 -2321.197544 299.564820 23864.553507 43280.374025 27074.041055 -141.526307 -423.867824 -455.871946 59985.208382 55149.821314 63280.253585 36484.422005 -104.226747 -162.446619 -315.514799 -415.425056 -375.573939 -177.220229 -241.708228 -257.996521 -335.024589 4899.307151 19404.618843 -367.959354 -270.663381 -1427.340045 -740.016721 -2335.023970 -593.959879 -45.159648 -123.688196 -195.563018 -139.525278 31886.272081 788.476770 93.478697 17454.255131
-9999.0 -9999.0 -9999.0 -9999.0 -9999.0 -9999.0 -9999.0 -9999.0 -9999.0 -9999.0 -137.867364 -306.219316 -382.180874 1366.628467 -406.466000 -707.257268 -377.601764 -1317.301367 -1820.451990 -2063.864706 -1871.727290 -1581.634047 142.529405 51868.419217 7021.112506 -238.498224 -523.197436 799.538714 59909.461394 36577.159115 -268.800435 -176.843935 -2295.751619 -145.711872 -278.520625 -319.880256 10600.414795 27062.017940 30508.908126 -209.438343 -243.731665 -69.075356 41584.907381 -454.900274 -432.033970 -18.608598 636.617080 -275.672016 -1645.400309 -925.137712 87.863138 27576.443372 37792.154907 -172.686426 -183.730500 -168.895326 1211.918549 31866.217030
-9999.0 -9999.0 -9999.0 -9999.0 -9999.0 -9999.0 -9999.0 -9999.0 -264.750830 -245.960977 -42.426694 -235.837527 15425.847527 37935.590656 69049.353070 -720.884750 -2361.125884 -2213.863113 -2036.633419 -2169.719904 -2139.876334 -2339.316902 -2214.759050 -1716.139414 -622.351519 -563.160894 -509.843499 63173.453323 48003.346632 36350.518982 -270.359040 -249.333082 -253.530845 -169.386827 -197.354287 -344.622757 -641.773775 44177.176517 54462.622956 -221.233648 -223.013575 -320.508712 -827.375491 -189.747549 -255.246349 2184.847512 53641.465675 47997.413985 614.041113 -555.503669 -345.152255 -54.014311 12899.326648 29477.054180 -222.796763 -1.728067 -149.031898 -388.163420
-9999.0 -9999.0 -9999.0 -9999.0 -9999.0 -9999.0 -9999.0 -9999.0 -29.527326 16963.424122 33841.478401 -198.937872 -321.776530 41576.143367 55249.787301 -309.908609 -1459.315729 -1683.757664 -3238.134582 -2177.732386 -1008.821483 -1842.869726 -2039.417866 -2256.666850 -2164.880040 -1120.972093 -496.959460 37750.988925 -3584.235668 -189.077508 114.288161 -291.475012 -275.288027 -277.990297 -274.013092 -358.994672 -633.055768 87.240328 29630.517165 -380.184647 -262.723652 -26.463745 -250.938688 -420.426178 2676.245459 38441.007451 -897.136229 -358.708764 37539.811021 -448.159504 -357.657285 60676.943591 13059.167151 786.697529 -53.280440 -11197.758146 15946.602848 257.226507
-9999.0 -9999.0 -9999.0 -9999.0 -9999.0 -9999.0 -9999.0 -9999.0 -283.847805 3445.007742 91.063583 32680.360966 -30.747765 -861.478130 42812.848014 37133.723807 -894.302932 -2009.672596 -2440.905681 -1022.452667 -2188.195355 -1904.321453 -2057.745126 -2151.687810 -1615.970266 -1636.452946 -510.637861 59674.541427 -1804.712511 -257.237851 -305.548173 -271.496707 41314.631536 -118.683370 -329.070260 -546.462754 -241.998138 -362.390620 54241.313941 34197.921284 -348.088753 -303.557726 -337.111014 2682.511419 44931.918716 -319.798836 -283.059868 -269.454654 43105.548181 -245.230535 -643.239611 -238.418100 3970.868944 7947.080181 -68.337520 6599.687801 80.260853 -530.323833
-9999.0 -9999.0 -9999.0 -9999.0 -9999.0 -9999.0 -9999.0 -9999.0 -262.021196 -345.639081 11578.907808 -2990.590489 -279.051564 41309.699913 -58.685548 -472.432297 -2629.739279 -2367.813733 -1203.941769 -2084.964951 -2133.529179 -2091.061237 -1830.784773 -1904.768523 -1546.213023 -908.387388 56805.865484 48220.585412 -401.077098 37421.333338 27046.750816 31739.437839 -142.993154 11796.087323 -94.326183 -711.518141 -1001.659541 -1769.034675 -566.482553 4422.522666 -486.731022 -491.999464 -457.324220 -265.056597 -315.432977 -247.874197 -87.477897 -216.198399 -329.865482 18323.654042 254.970776 -763.055989 -340.710117 12056.505741 85.226579 -189.916636 -738.942384 -1008.072700
-9999.0 -9999.0 -9999.0 -9999.0 -9999.0 -9999.0 -9999.0 -9999.0 36067.284934 -185.705196 -68.328825 53912.100822 53122.467629 61242.592211 -306.066994 -711.522040 -685.831744 -1452.063132 -1053.264760 -1725.530511 -1905.303022 -1915.903560 -2066.538977 -2088.335995 -2094.850420 -827.849877 56107.263857 8228.087952 -431.509473 703.610244 26531.008558 -272.037175 -501.811713 -348.276640 -493.338539 -1157.700640 -2784.408632 -2256.418255 -2412.517319 -586.481316 -616.616166 -441.279726 -440.299286 -217.228262 17091.089984 -497.258785 25657.258472 23861.578093 25035.511448 -192.545482 -701.762622 -1151.151506 -844.539551 -618.726802 -353.643276 -443.353811 -687.691640 -924.066506
-9999.0 -9999.0 -79.074872 -319.277032 -113.463316 38153.587067 37192.420779 37196.858322 -27.451159 -144.149408 39068.914543 46621.929115 55560.856619 97.086958 -505.194224 72.043808 -221.296312 56208.661440 45448.949138 -410.599498 -1720.947600 -1748.476914 -1263.920649 -2142.465563 -1894.081167 -1534.580566 -516.440975 -666.672753 -1134.094158 -518.313534 285.521086 -937.539792 -838.188998 -1526.156676 -1832.052792 -2011.354389 -2196.175983 -2462.962868 -2999.302780 -2314.762743 -3213.451729 -2965.592756 -2050.291777 -822.421273 -494.974156 -614.375728 -479.512091 -652.271619 -1327.668030 -1215.515800 -1973.953092 -1132.175603 -754.888200 -634.364276 -543.308936 -624.042725 -685.599608 -865.441880
