user2019/resources/simulation/Vinschgau/output-maps/psiL0003N1301.asc
ncols         63
nrows         48
xllcorner     598000.000000
yllcorner     5145000.000000
cellsize      1000.000000
NODATA_value  -9999.0
[rows 0 to 24 of 48, columns 0 to 56 of 63]
-9999.0 -9999.0 -9999.0 -9999.0 -9999.0 -9999.0 -9999.0 -9999.0 -9999.0 -9999.0 -9999.0 -9999.0 -9999.0 -9999.0 -9999.0 -9999.0 -9999.0 -9999.0 -9999.0 -9999.0 -9999.0 -9999.0 -9999.0 -9999.0 -9999.0 -9999.0 -9999.0 -9999.0 -9999.0 -9999.0 -9999.0 -9999.0 -9999.0 -9999.0 -9999.0 -9999.0 -9999.0 -9999.0 -9999.0 -9999.0 -9999.0 -9999.0 -9999.0 -9999.0 -9999.0 -9999.0 -9999.0 -9999.0 -9999.0 -9999.0 -9999.0 -9999.0 -9999.0 -9999.0 -9999.0 -9999.0 -9999.0
-9999.0 -9999.0 -9999.0 -9999.0 -9999.0 -9999.0 -9999.0 -9999.0 -9999.0 -9999.0 -9999.0 -9999.0 -9999.0 -9999.0 -9999.0 -9999.0 -9999.0 -9999.0 -9999.0 -9999.0 -9999.0 -9999.0 -9999.0 -9999.0 -9999.0 -9999.0 -9999.0 -283.051119 -655.157568 -191.204878 -498.583080 -601.621458 1527.999025 -9999.0 -9999.0 -9999.0 -9999.0 -9999.0 -9999.0 -9999.0 -9999.0 -9999.0 -9999.0 -9999.0 -9999.0 -9999.0 -9999.0 -9999.0 -9999.0 -9999.0 -9999.0 -9999.0 -9999.0 -9999.0 -9999.0 -9999.0 -9999.0
-9999.0 -9999.0 -9999.0 -9999.0 -9999.0 -9999.0 -9999.0 -9999.0 -9999.0 -9999.0 -9999.0 -9999.0 -9999.0 -9999.0 -9999.0 -9999.0 -9999.0 -9999.0 -9999.0 -9999.0 -9999.0 -9999.0 -9999.0 -9999.0 -612.173620 -638.132030 -662.580956 -620.197155 -599.421621 -664.628597 -503.737936 -9999.0 -9999.0 -9999.0 -9999.0 -9999.0 -9999.0 -9999.0 -9999.0 -9999.0 -9999.0 -9999.0 -9999.0 -9999.0 -9999.0 -9999.0 -9999.0 -9999.0 -9999.0 -9999.0 -9999.0 -9999.0 -9999.0 -9999.0 -9999.0 -9999.0 -9999.0
-9999.0 -9999.0 -9999.0 -9999.0 -9999.0 -9999.0 -9999.0 -9999.0 -9999.0 -9999.0 -9999.0 -9999.0 -9999.0 -9999.0 -9999.0 -9999.0 -9999.0 -9999.0 -9999.0 -9999.0 -9999.0 -9999.0 -9999.0 -669.169488 -785.353358 -3128.155100 -3124.414675 -3183.405694 -3218.843491 -915.409276 -509.701401 -409.549527 -9999.0 -9999.0 -9999.0 -9999.0 -9999.0 -9999.0 -9999.0 -9999.0 -9999.0 -9999.0 -9999.0 -9999.0 -9999.0 -9999.0 -9999.0 -9999.0 -9999.0 -9999.0 -9999.0 -9999.0 -9999.0 -9999.0 -9999.0 -9999.0 -9999.0
-9999.0 -9999.0 -9999.0 -9999.0 -9999.0 -9999.0 -9999.0 -9999.0 -9999.0 -9999.0 -9999.0 -9999.0 -9999.0 -9999.0 -9999.0 -9999.0 -9999.0 -9999.0 -1443.219056 -883.696307 -9999.0 -743.730447 -835.449156 -3124.529003 -3031.723611 -3098.833382 -1481.766742 -2193.813253 -1519.449080 -2313.881393 -737.644481 -523.351697 -159.008054 -175.653296 -9999.0 -9999.0 -9999.0 -9999.0 -9999.0 -9999.0 -9999.0 -9999.0 -9999.0 -9999.0 -9999.0 -9999.0 -9999.0 -9999.0 -9999.0 -9999.0 -9999.0 -9999.0 -9999.0 -9999.0 -9999.0 -9999.0 -9999.0
-9999.0 -9999.0 -9999.0 -9999.0 -9999.0 -9999.0 -9999.0 -9999.0 -9999.0 -9999.0 -9999.0 -9999.0 -9999.0 -9999.0 -9999.0 -9999.0 -9999.0 -2959.900652 -2907.500193 -9497.248457 -6386.915865 -1134.084885 -2533.200921 -3007.404992 -2352.203182 -967.822771 82914.149601 -1326.797113 5715.576054 -1256.572579 -804.587263 -780.482460 -266.768565 -271.715151 -180.378263 -183.630941 -9999.0 -9999.0 -9999.0 -9999.0 -9999.0 -9999.0 -9999.0 -9999.0 -9999.0 -9999.0 -9999.0 -9999.0 -9999.0 -9999.0 -9999.0 -9999.0 -9999.0 -9999.0 -9999.0 -9999.0 -9999.0
-9999.0 -9999.0 -9999.0 -9999.0 -9999.0 -9999.0 -9999.0 -9999.0 -9999.0 -9999.0 -9999.0 -9999.0 -9999.0 -2574.928172 -2924.163436 -2826.065814 -2938.973401 -8273.789271 -2934.828459 -3058.364051 -3012.717537 -2980.418037 -3059.686511 -3062.731284 -988.812515 -825.377434 -345.473327 357.958061 -1225.833891 -759.957466 575624.440604 -611.570184 -611.790227 -487.110986 -125.720882 -168.364946 -9999.0 -9999.0 -9999.0 -9999.0 -9999.0 -9999.0 -9999.0 -9999.0 -9999.0 -9999.0 -9999.0 -9999.0 -9999.0 -9999.0 -9999.0 -9999.0 -9999.0 -9999.0 -9999.0 -9999.0 -9999.0
-9999.0 -9999.0 -9999.0 -9999.0 -9999.0 -9999.0 -9999.0 -9999.0 -9999.0 -9999.0 -9999.0 -9999.0 -9999.0 -1682.437669 -3066.623406 -2915.934433 -2902.453112 -2454.148866 -8304.683328 -3065.635766 -2924.058684 -3318.232473 -2787.109842 -1936.958311 -2747.443757 -2523.423109 -687.386180 -234.289001 -178.485236 48552.182182 14645.357636 -527.578465 -140.967725 -106.167717 -125.261119 -9999.0 -9999.0 -9999.0 -9999.0 -9999.0 -9999.0 -9999.0 -9999.0 -9999.0 -9999.0 -9999.0 -9999.0 -9999.0 -9999.0 -9999.0 -9999.0 -9999.0 -9999.0 -9999.0 -9999.0 -9999.0 -9999.0
-9999.0 -9999.0 -9999.0 -9999.0 -9999.0 -9999.0 -9999.0 -9999.0 -9999.0 -9999.0 -9999.0 -9999.0 -9999.0 -3111.886724 382.051300 -3159.068837 -2899.834687 -2908.420437 -8382.964090 -2940.381145 -2922.132326 -8620.468260 -1132.716405 -298.786753 -2974.163540 -2829.073663 -415.897143 -182.960569 -439.774642 -123.292038 -439.008881 -42.480183 -104.909120 -36.266393 -139.176642 -9999.0 -9999.0 -9999.0 -9999.0 -9999.0 -9999.0 -9999.0 -9999.0 -9999.0 -9999.0 -9999.0 -9999.0 -9999.0 -9999.0 -9999.0 -9999.0 -9999.0 -9999.0 -9999.0 -9999.0 -9999.0 -9999.0
-9999.0 -9999.0 -9999.0 -9999.0 -9999.0 -9999.0 -9999.0 -9999.0 -9999.0 -9999.0 -9999.0 -9999.0 -3058.612110 6272.441692 -3119.042698 -3009.433148 -2640.997235 -2857.446024 -3405.889651 -9864.059693 -3003.146180 -1194.278250 -2678.901824 -1115.964819 638584.289513 -674.020093 663197.534198 -502.652312 -514.917809 -128.097216 -435.386178 -135.300093 -339.605144 -185.365217 -9999.0 -9999.0 -9999.0 -9999.0 -9999.0 -9999.0 -9999.0 -9999.0 -9999.0 -9999.0 -9999.0 -9999.0 -9999.0 -9999.0 -9999.0 -9999.0 -9999.0 -9999.0 -9999.0 -9999.0 -9999.0 -9999.0 -9999.0
-9999.0 -9999.0 -9999.0 -9999.0 -9999.0 -9999.0 -9999.0 -9999.0 -9999.0 -9999.0 -9999.0 -1447.047270 -3122.242178 62.543286 -3140.543276 -2246.705789 -10215.196789 -2912.336051 -2037.431922 -10772.009336 -2866.442193 -2821.626674 -1415.932262 -780.584001 -1121.135305 -666.026861 -469.061908 -573.180948 3153.954204 -130.410101 -154.772547 -597.335081 -119.192180 -167.260303 -140.496691 -154.054938 -546.622019 -912.278312 -1132.760147 -9999.0 -9999.0 -9999.0 -202.735904 -9999.0 -9999.0 -9999.0 -9999.0 -9999.0 -9999.0 -9999.0 -9999.0 -9999.0 -9999.0 -9999.0 -9999.0 -9999.0 -9999.0
-9999.0 -9999.0 -9999.0 -9999.0 -9999.0 -9999.0 -9999.0 -9999.0 -9999.0 -9999.0 -9999.0 -1334.598814 -3151.535758 -3278.153623 -3261.948480 -3187.340932 -3334.889078 -2959.344997 -2310.856072 -3229.893271 -2604.522327 -2317.020597 -627.336636 1105307.091949 1184117.235760 -623.733206 -576.009637 -645.712540 -257.749130 -148.245390 -555.566991 -604.492530 -418.681161 -384.783615 -504.322607 -570.320470 -811.212153 -1970.023284 -1212.795269 -193.996036 -177.986293 -170.793089 -507.596329 -166.454794 -9999.0 -9999.0 -9999.0 -635.667592 -79.958314 -99.479487 -34.107205 -106.222670 -105.326049 -1030.812563 -394.775477 -105.931330 -9999.0
-9999.0 -9999.0 -9999.0 -9999.0 -9999.0 -9999.0 -9999.0 -9999.0 -9999.0 -9999.0 -9999.0 -1192.111146 -1515.698269 -1489.676890 -1518.925200 -3316.301801 -2850.463436 -2851.635297 -3444.247247 -3235.427195 -1883.677552 -731.712568 1062056.513302 -558.378025 -637.615772 -292.799027 1258439.284716 1264342.771736 -200.521742 -473.426637 -187.621695 1253381.602776 -611.698662 -385.059995 -131.076589 -691.249948 1252493.897377 983716.886176 -2906.400575 -246.067539 -814.018704 -753.995885 -614.237376 -548.486921 -364.429358 -9999.0 -163.535807 -304.953999 -467.450390 -582.341850 -989.227432 -242.946099 -844.256282 -484.613068 -545.439377 -378.947064 -9999.0
-9999.0 -9999.0 -9999.0 -9999.0 -9999.0 -9999.0 -9999.0 -9999.0 -9999.0 -9999.0 -9999.0 -9999.0 -1222.724702 -520.231382 -1797.058361 -1846.240759 -2106.029701 -2793.918432 -2297.214709 -3203.746945 -2666.230983 -1430.452823 875.330202 831126.101028 1262895.829874 1303549.583263 2276.528844 -1288.575002 -506.431861 -158.259967 -561.218721 1306025.233751 -1297.780927 -439.110297 -397.949713 -592.787825 1248790.678033 845756.301345 -1135.259648 -2896.380581 -2124.514024 -393.079866 1090473.120982 -620.454344 -131.890330 -353.297228 -130.822954 -372.483432 1209975.492219 1127135.119759 38791.367615 1114177.323992 1114994.802190 1134443.712564 1146952.388806 -386.694324 -396.670326
-9999.0 -9999.0 -9999.0 -9999.0 -9999.0 -9999.0 -9999.0 -9999.0 -9999.0 -9999.0 -9999.0 751589.546275 -854.691247 -3296.897522 -446.002678 -1129.369162 -2622.099254 -2667.731189 -3157.020890 -2683.033995 -2757.306850 -1441.009738 26.206086 1261044.324901 1296218.202614 1339721.244260 1304886.140108 -507.946159 -491.006078 -237.122393 1314296.816753 1307562.067866 -798.383654 -462.034101 -472.745077 -524.004733 -711.830960 143000.917203 -896.155611 -2975.590464 163315.381623 -1381.479174 47.739799 -141.124731 -1057.553686 -501.452375 -546.349323 -202.196177 -285.389501 395.585292 385934.933447 -523.210929 239074.957742 20621.861152 9764.006384 -13.510021 -116.519121
-9999.0 -9999.0 -9999.0 -9999.0 -9999.0 -9999.0 -9999.0 -9999.0 -9999.0 -9999.0 2131.645307 43533.883059 -829.303539 -932.410482 -1355.199064 1994.952579 1995.125730 -1178.425260 -2797.244998 -2598.080215 -2713.423941 -1110.148213 1685025.624952 -832.724683 854.299333 989739.013188 1280370.909312 321180.684355 -1553.994784 -994.616782 346546.339638 519468.631493 -793.980682 -458.540639 -151.832181 -207.665258 -831.293197 939663.729125 1415669.204907 -374.284792 -659.552246 -64.417456 -62.661485 -895.185141 -59.082540 -239.103243 -666.504170 544447.580790 1129439.062708 -464.230102 40478.182002 -113.595445 11905.013244 -4.882639 -54.219469 -450.772269 -453.922016
-9999.0 -9999.0 -9999.0 -9999.0 -9999.0 -9999.0 -9999.0 -9999.0 -9999.0 -652.039054 -624.351632 4976.401974 -176.155934 374919.091516 123178.830600 1534.078995 7535.886856 -1503.303394 -2847.833049 -2737.011324 -2948.380962 -2480.800961 -2038.759345 -1943.214474 -473.786059 1744220.938075 1287572.590830 -759.434776 18153.253659 -302.477552 -340.127309 1695677.706356 -214.334707 -144.750598 -174.166755 -199.424975 -752.767964 1437210.426643 1296919.996161 66976.136794 1447823.194567 1724691.918175 1761276.399797 -1599.160612 -1710.543961 -138.238807 -1390.156291 775280.481914 701410.534154 -364.418528 1041747.615407 -112.473382 -5.330698 -99.445440 -89.639911 117921.392913 142207.373638
-9999.0 -9999.0 -9999.0 -9999.0 -9999.0 -9999.0 -9999.0 -9999.0 -9999.0 -960.478888 -648.757919 -1138.398134 4739.521915 -673.865837 19330.516602 449523.759007 -913.405980 -1438.074098 -2895.626728 -3213.457721 -3141.823402 -3314.030410 -1643.791152 -671.174755 1740791.861651 1349724.782934 471229.142654 -245.228914 -500.521709 -718.259747 -937.744700 1640829.488481 -554.953881 -412.977550 -471.479537 -211.806836 -267.299729 -338.457065 -648.642835 -885.849079 1367284.357077 1326459.214011 113266.888836 -702.654062 -1705.147526 -1502.181142 -1872.770632 -1262.896525 -722.634597 -694.538591 1681851.754674 1078133.665444 -86.544103 69057.217535 -23.384653 255853.783645 260534.914132
-9999.0 -9999.0 -9999.0 -9999.0 -9999.0 -9999.0 -9999.0 -9999.0 -9999.0 -9999.0 -557.320335 -856.397530 331.120839 673714.437422 -702.575208 6184.169947 -868.174081 -2559.681932 -2952.498303 -2971.559459 -3108.819433 -2847.166479 -131.446648 1574855.218625 1255890.154927 1070.707367 -360.017754 -721.880157 -832.791975 1747320.110166 1721041.127386 1706933.106367 1201435.000808 -444.798140 -552.484041 -777.980968 -736.190365 -701.304806 -260.925427 -555.417321 -539.789084 -622.343174 4801.040334 -124.337272 -1177.391794 -726.852839 -2634.058759 -1641.400732 -2890.654461 -1018.166699 1673093.287015 511163.905992 -81.984179 -11.619872 97002.243753 -153.855405 -328.042105
-9999.0 -9999.0 -9999.0 -9999.0 -9999.0 -9999.0 -9999.0 -9999.0 -9999.0 -9999.0 -473.863337 -644.813849 -682.910318 -496.204601 -667.168030 -1360.640115 -1148.490027 -2598.895526 -2956.249188 -3094.553371 -2886.383876 -2771.133880 5778.469267 15166.030636 701.459957 -481.836608 -792.400182 811.711031 1750128.029317 1231524.524291 -560.124221 -488.824896 181886.809039 -442.758162 -581.337009 -640.864277 257312.119693 52677.728818 1180595.542329 -495.341306 -567.523849 -322.570132 765626.376782 -951.478483 -696.595264 1772780.818889 -540.877630 -126.769553 -2741.419966 -2639.626282 -220.834558 1146395.234821 1103045.144892 -69.570035 -9.666565 -71.412434 200.267180
-9999.0 -9999.0 -9999.0 -9999.0 -9999.0 -9999.0 -9999.0 -9999.0 -534.749422 -536.074103 -635.255032 -519.035234 607599.962071 118239.637179 232920.846718 -1031.928034 -2906.629380 -3316.068507 -3159.188395 -3122.400457 -3014.525755 -2997.391137 -2976.081466 -2904.084543 -1241.939688 -781.492722 -686.313408 1838921.882738 1405635.708523 1223235.350240 -102.620833 -553.071962 -561.727374 -462.493146 -545.745452 -654.118624 -1783.243708 20123.249437 1736286.918833 -223.848197 -248.328974 -621.523690 452970.476165 -245.559004 -829.302783 2082.043689 1709517.549648 167264.755136 -26.896193 -886.134453 -491.682716 1251823.081277 472965.742426 994991.561491 -95.210029 -478.130096 -122.153826
-9999.0 -9999.0 -9999.0 -9999.0 -9999.0 -9999.0 -9999.0 -9999.0 -310323010.938032 474950.114084 1222782.198821 -479.699172 -631.338563 1210708.263567 1726626.064565 -772.342797 -2639.454029 -2766.191852 -3005.920932 -3156.648052 -2402.202244 -3534.653950 -3648.976085 -3658.907182 -2907.722536 -2188.924455 -608.503346 53065.429112 97744.604782 -483.768923 -401.550360 -226.882237 -607.098338 -244.944669 -549.085633 -639.665097 -1774.374241 -274.127131 69901.812525 -764.194175 -568.525997 -755.889293 -262.125257 -851.265519 2569.241560 1033413.494734 392655.290432 -696.368730 14914.759585 -693.271171 -558.962765 22084.526431 420815.869334 -151.122033 -725.996312 -76.354813 1068492.608715
-9999.0 -9999.0 -9999.0 -9999.0 -9999.0 -9999.0 -9999.0 -9999.0 -577.023557 3320.013934 -314.711445 1192710.727164 -448.840707 405721.079761 770082.023332 1724960.820320 -1318.483637 -2899.322427 -2979.564370 -2383.032945 -3185.881624 -3486.416354 -3573.408783 -3146.434748 -3269.033393 -2743.129897 -678.165383 1796786.835582 149151.058286 -559.070139 -243.507714 -555.385168 1225466.381689 1285761.394423 -608.614275 -1479.472897 -615.499034 -659.293400 27495.396536 558552.626333 -714.640027 -317.507914 -599.743021 2550.013446 1289774.766761 -581.566081 -225.356802 -506.185852 1308186.012132 654.006047 -1042.844039 -411.920917 219393.395631 458506.818139 50620.060963 45.571196 -329.424622
-9999.0 -9999.0 -9999.0 -9999.0 -9999.0 -9999.0 -9999.0 -9999.0 -117.565135 -692.709964 149750.578377 81586.750545 -523.615449 1217986.738328 1687143.670169 -554.137529 -2837.217806 -2929.334400 -3048.921856 -2975.821932 -3114.768671 -3136.097047 -3348.369904 -3259.604606 -2735.474243 -1420.592831 270535.934552 1747617.987781 -685.335794 1456911.364696 786397.684183 87517.601703 -307.139579 41.190640 4176.333382 -2011.183410 -2780.668079 -2757.239241 -901.064933 -82.287226 -1054.798807 -1122.985710 -1029.872434 -596.655285 -552.664051 -293.537927 -1726.400238 -264.339058 -619.247197 1128651.786344 79.386496 -1391.217763 -505.711173 22142.674273 -296.825825 -445.355610 -1468.326645
-9999.0 -9999.0 -9999.0 -9999.0 -9999.0 -9999.0 -9999.0 -9999.0 -88.859086 -472.225484 -1396.523769 1769655.490533 1787694.553449 1809389.663605 -460.804959 -1328.605976 -1218.930943 -2587.523271 -1935.253781 -2777.592536 -2895.854403 -3043.322165 -3033.125888 -2967.512698 -3187.676669 -1456.245037 1743400.331460 594.786301 -642.920076 31.258599 1683969.545382 -425.856778 -1167.717831 -633.236467 -1017.278373 -2718.391710 -2829.380252 -2848.215291 -2816.771007 -1149.371271 -1340.065590 -1774.415763 -889.921999 -645.907326 922812.409025 -1153.987212 25926.966291 3079.343237 58402.114919 -437.001611 -1627.419826 -2021.908635 -1457.656461 -947.678956 -611.878641 -693.351625 -1172.256161
