user2019/resources/simulation/Vinschgau/output-maps/psiL0006N0870.asc
ncols         63
nrows         48
xllcorner     598000.000000
yllcorner     5145000.000000
cellsize      1000.000000
NODATA_value  -9999.0
[rows 0 to 25 of 48, columns 0 to 58 of 63]
-9999.0 -9999.0 -9999.0 -9999.0 -9999.0 -9999.0 -9999.0 -9999.0 -9999.0 -9999.0 -9999.0 -9999.0 -9999.0 -9999.0 -9999.0 -9999.0 -9999.0 -9999.0 -9999.0 -9999.0 -9999.0 -9999.0 -9999.0 -9999.0 -9999.0 -9999.0 -9999.0 -9999.0 -9999.0 -9999.0 -9999.0 -9999.0 -9999.0 -9999.0 -9999.0 -9999.0 -9999.0 -9999.0 -9999.0 -9999.0 -9999.0 -9999.0 -9999.0 -9999.0 -9999.0 -9999.0 -9999.0 -9999.0 -9999.0 -9999.0 -9999.0 -9999.0 -9999.0 -9999.0 -9999.0 -9999.0 -9999.0 -9999.0 -9999.0
-9999.0 -9999.0 -9999.0 -9999.0 -9999.0 -9999.0 -9999.0 -9999.0 -9999.0 -9999.0 -9999.0 -9999.0 -9999.0 -9999.0 -9999.0 -9999.0 -9999.0 -9999.0 -9999.0 -9999.0 -9999.0 -9999.0 -9999.0 -9999.0 -9999.0 -9999.0 -9999.0 -796.197788 -33.291365 -797.521937 -24.949555 -43.225310 -12.834484 -9999.0 -9999.0 -9999.0 -9999.0 -9999.0 -9999.0 -9999.0 -9999.0 -9999.0 -9999.0 -9999.0 -9999.0 -9999.0 -9999.0 -9999.0 -9999.0 -9999.0 -9999.0 -9999.0 -9999.0 -9999.0 -9999.0 -9999.0 -9999.0 -9999.0 -9999.0
-9999.0 -9999.0 -9999.0 -9999.0 -9999.0 -9999.0 -9999.0 -9999.0 -9999.0 -9999.0 -9999.0 -9999.0 -9999.0 -9999.0 -9999.0 -9999.0 -9999.0 -9999.0 -9999.0 -9999.0 -9999.0 -9999.0 -9999.0 -9999.0 -103.591649 -107.583492 -92.200555 -88.633958 -56.157133 -28.225641 -28.698377 -9999.0 -9999.0 -9999.0 -9999.0 -9999.0 -9999.0 -9999.0 -9999.0 -9999.0 -9999.0 -9999.0 -9999.0 -9999.0 -9999.0 -9999.0 -9999.0 -9999.0 -9999.0 -9999.0 -9999.0 -9999.0 -9999.0 -9999.0 -9999.0 -9999.0 -9999.0 -9999.0 -9999.0
-9999.0 -9999.0 -9999.0 -9999.0 -9999.0 -9999.0 -9999.0 -9999.0 -9999.0 -9999.0 -9999.0 -9999.0 -9999.0 -9999.0 -9999.0 -9999.0 -9999.0 -9999.0 -9999.0 -9999.0 -9999.0 -9999.0 -9999.0 -110.357583 -69.666643 -546.331823 -471.389075 -1019.922004 -320.658445 -38.897942 -32.069762 -26.522475 -9999.0 -9999.0 -9999.0 -9999.0 -9999.0 -9999.0 -9999.0 -9999.0 -9999.0 -9999.0 -9999.0 -9999.0 -9999.0 -9999.0 -9999.0 -9999.0 -9999.0 -9999.0 -9999.0 -9999.0 -9999.0 -9999.0 -9999.0 -9999.0 -9999.0 -9999.0 -9999.0
-9999.0 -9999.0 -9999.0 -9999.0 -9999.0 -9999.0 -9999.0 -9999.0 -9999.0 -9999.0 -9999.0 -9999.0 -9999.0 -9999.0 -9999.0 -9999.0 -9999.0 -9999.0 -238.858014 -103.122688 -9999.0 -106.657318 -73.405046 -612.592362 -409.954067 -1249.629700 -309.298531 -180.057020 -50.686374 -438.013279 -36.652703 -27.355902 -797.602066 -796.999998 -9999.0 -9999.0 -9999.0 -9999.0 -9999.0 -9999.0 -9999.0 -9999.0 -9999.0 -9999.0 -9999.0 -9999.0 -9999.0 -9999.0 -9999.0 -9999.0 -9999.0 -9999.0 -9999.0 -9999.0 -9999.0 -9999.0 -9999.0 -9999.0 -9999.0
-9999.0 -9999.0 -9999.0 -9999.0 -9999.0 -9999.0 -9999.0 -9999.0 -9999.0 -9999.0 -9999.0 -9999.0 -9999.0 -9999.0 -9999.0 -9999.0 -9999.0 -943.166054 -654.540822 -269255.656897 -799.848100 -277.603551 -427.189125 -280.455242 -359.041060 -301.282291 -313.339727 -249.195055 -326.884386 -198.991794 -73.051579 -29.054000 -804.922642 -804.342768 -798.315561 -797.416728 -9999.0 -9999.0 -9999.0 -9999.0 -9999.0 -9999.0 -9999.0 -9999.0 -9999.0 -9999.0 -9999.0 -9999.0 -9999.0 -9999.0 -9999.0 -9999.0 -9999.0 -9999.0 -9999.0 -9999.0 -9999.0 -9999.0 -9999.0
-9999.0 -9999.0 -9999.0 -9999.0 -9999.0 -9999.0 -9999.0 -9999.0 -9999.0 -9999.0 -9999.0 -9999.0 -9999.0 -39.340973 -320.359188 -615.817397 -1053.409233 -800.546413 -920.176738 -696.131559 -449.431356 -465.932215 -454.024138 -326.787575 -255.781645 -97.637949 -157145.834203 -240.823489 -233.369191 -323.952549 9313.320826 -41.652562 -26.790450 -24.917287 -795.683038 -797.188995 -9999.0 -9999.0 -9999.0 -9999.0 -9999.0 -9999.0 -9999.0 -9999.0 -9999.0 -9999.0 -9999.0 -9999.0 -9999.0 -9999.0 -9999.0 -9999.0 -9999.0 -9999.0 -9999.0 -9999.0 -9999.0 -9999.0 -9999.0
-9999.0 -9999.0 -9999.0 -9999.0 -9999.0 -9999.0 -9999.0 -9999.0 -9999.0 -9999.0 -9999.0 -9999.0 -9999.0 -23.791175 -407.516632 -670.311598 -951.797125 -298.127668 -801.909910 -630.777513 -758.610519 -191.362690 -377.600184 -277.854282 -354.349710 -266.201308 -35.458642 -797.226150 -796.931809 -207.376767 -147.516222 -26.624754 -797.717889 -797.845010 -797.460526 -9999.0 -9999.0 -9999.0 -9999.0 -9999.0 -9999.0 -9999.0 -9999.0 -9999.0 -9999.0 -9999.0 -9999.0 -9999.0 -9999.0 -9999.0 -9999.0 -9999.0 -9999.0 -9999.0 -9999.0 -9999.0 -9999.0 -9999.0 -9999.0
-9999.0 -9999.0 -9999.0 -9999.0 -9999.0 -9999.0 -9999.0 -9999.0 -9999.0 -9999.0 -9999.0 -9999.0 -9999.0 -474.951274 809.362262 -524.426220 -712.601174 -878.854214 -802.448012 -965.767556 -235.788114 -146663.639470 -311.980435 -330.013360 -247.880515 -292.332182 -797.892633 -797.588620 -28.336944 -797.867239 -26.009725 -796.303373 -797.949880 -795.132539 -797.643556 -9999.0 -9999.0 -9999.0 -9999.0 -9999.0 -9999.0 -9999.0 -9999.0 -9999.0 -9999.0 -9999.0 -9999.0 -9999.0 -9999.0 -9999.0 -9999.0 -9999.0 -9999.0 -9999.0 -9999.0 -9999.0 -9999.0 -9999.0 -9999.0
-9999.0 -9999.0 -9999.0 -9999.0 -9999.0 -9999.0 -9999.0 -9999.0 -9999.0 -9999.0 -9999.0 -9999.0 -370.459766 5778.953030 -358.789473 -256.116092 -401.586938 -605.946912 -368.311503 -180523.926440 -456.427969 -372.452277 -5510.248045 -256.764755 3453.255673 -32.982478 45.069879 -30.605145 -25.391195 -797.035779 -30.514919 -797.068621 -23.730103 -797.793385 -9999.0 -9999.0 -9999.0 -9999.0 -9999.0 -9999.0 -9999.0 -9999.0 -9999.0 -9999.0 -9999.0 -9999.0 -9999.0 -9999.0 -9999.0 -9999.0 -9999.0 -9999.0 -9999.0 -9999.0 -9999.0 -9999.0 -9999.0 -9999.0 -9999.0
-9999.0 -9999.0 -9999.0 -9999.0 -9999.0 -9999.0 -9999.0 -9999.0 -9999.0 -9999.0 -9999.0 974.855461 -154.914842 472.778506 -318.627785 -146.746172 -146553.269689 -549.137801 196.406755 -3186.982481 -300.216473 -231.516519 -36.853488 -34.362958 -226.874949 -27.046803 -24.790802 -25.989077 3556.834004 -794.792772 -797.240582 -25.424467 -796.354736 -797.429883 -797.187073 -799.119167 -163.539919 -293.367940 -670.191928 -9999.0 -9999.0 -9999.0 -800.159207 -9999.0 -9999.0 -9999.0 -9999.0 -9999.0 -9999.0 -9999.0 -9999.0 -9999.0 -9999.0 -9999.0 -9999.0 -9999.0 -9999.0 -9999.0 -9999.0
-9999.0 -9999.0 -9999.0 -9999.0 -9999.0 -9999.0 -9999.0 -9999.0 -9999.0 -9999.0 -9999.0 830.183770 -249.250448 -146.161843 -416.945989 -54.084218 -576.825673 -756.477792 -318.130580 -219.736880 -161.801878 -44.030088 -8.159247 -140.157998 -125.619133 -27.085797 -31.992496 -27.688772 -792.825208 -797.123764 -24.695961 -23.791836 -30.482681 -23.616551 -37.324909 -37.734248 -80.463949 -269.079714 -273.164699 -801.427111 -800.216515 -796.958193 -25.494725 -796.751003 -9999.0 -9999.0 -9999.0 837.252819 -23.627700 -796.033291 -24.338640 -796.249064 -795.996875 841.620555 834.378084 -788.440818 -9999.0 -9999.0 -9999.0
-9999.0 -9999.0 -9999.0 -9999.0 -9999.0 -9999.0 -9999.0 -9999.0 -9999.0 -9999.0 -9999.0 644.485029 -116.744524 -182.803768 199.324547 -41.236866 -185.594366 -475.252079 -271.609069 -319.204103 -326.001749 -225.538297 -185.126579 -39.470333 -26.846134 -798.603203 -141.835162 -16.249222 -796.713090 -26.030063 -796.566334 -134.407187 -27.199875 -26.952368 -796.832257 -66.908609 -181.584144 -1604.424154 -304.328640 -803.658327 -250.521833 -356.060196 -33.038128 -28.266462 -28.175142 -9999.0 -797.693977 -23.619361 -24.265986 -24.912447 -26.977097 -797.219697 -25.574859 -23.317127 -21.252002 -24.385280 -9999.0 -9999.0 -9999.0
-9999.0 -9999.0 -9999.0 -9999.0 -9999.0 -9999.0 -9999.0 -9999.0 -9999.0 -9999.0 -9999.0 -9999.0 1043.812337 1096.231650 -31.393746 -21.041813 -351.627255 -542.239411 -210.069091 -268.550719 -393.968296 -239.725811 -250.907398 -135.289953 -141.596655 -161.521006 938.460397 -35.291367 -25.043839 -796.396246 -27.419705 -130.454710 -42.230535 -25.474094 -26.933467 -70.689181 -1505.947746 -3317.254553 -2261.364868 -607.816732 -1672.624980 -801.561106 -262.908182 -38.878876 -797.855966 -25.450293 -796.915342 -24.213232 -206.654950 -135.627450 927.706871 -98.664642 1557.913636 774.013335 -98.818034 -57.498131 -59.442294 -9999.0 -9999.0
-9999.0 -9999.0 -9999.0 -9999.0 -9999.0 -9999.0 -9999.0 -9999.0 -9999.0 -9999.0 -9999.0 944.784866 -90.367556 -42.592688 -185.716543 -232.733709 -198.889167 -362.291523 -202.868376 -492.189716 -446.968398 -291.330521 -182.014383 -253.809976 -179.778357 -149.890759 976.204915 -27.366854 -32.216087 -797.943482 -132.841581 -138.037635 -25.627500 -25.219892 -27.721687 -32.716947 -257.242421 -13246.795888 -1341.294520 -290.338106 -7131.434924 -1615.795718 -232.614611 -196639.443571 -41.133718 -31.414937 -25.100206 -797.955828 -798.885259 -1365.369009 -148604.660183 -24.686038 -100.151339 -104223.144605 -136236.916919 -797.851210 -796.150118 -9999.0 -9999.0
-9999.0 -9999.0 -9999.0 -9999.0 -9999.0 -9999.0 -9999.0 -9999.0 -9999.0 -9999.0 3113.609391 -143.626206 -83.567391 -84.720993 -36.882278 -43.070852 -71.082165 -341.104248 -664.388480 -468.640886 -113.314180 -32.050809 -181.512029 -55.864686 -260.295571 3047.835347 -174.473184 -150883.136106 -37.677038 -34.995367 -145.116963 -36.035235 -29.159433 -24.316277 -797.296863 -798.476453 -75.398713 -177.085849 -1665.149479 -233.608201 -193.049706 -107180.784738 -763.859975 -114.289837 -230.840527 -798.877772 -25.773377 -246.389447 -159.094225 -231.371181 -152723.790266 -798.033808 -110849.134738 -779.732318 -797.803643 -24.795870 -24.620051 -9999.0 -9999.0
-9999.0 -9999.0 -9999.0 -9999.0 -9999.0 -9999.0 -9999.0 -9999.0 -9999.0 -26.315668 778.621113 792.529962 -158.954941 -193.219559 793.017909 -158.385675 -216.602459 -164.058112 -621.227082 -661.044545 -189.511556 -571.490513 -208.166421 -306.932150 -220.564649 -130.377490 -160.413438 -37.887437 -265.133171 -216.928572 -215.052430 -798.629131 -796.813824 -797.501667 -796.793950 -797.383689 -27.194940 -152.436948 -160.693474 -173.811958 -199.427002 -269.842750 -166.715044 -427.259027 -143.933891 -233.980203 -40.570319 -268.539118 -245.935264 -187.998774 -3315.690789 -796.907296 -791.268066 -786.657939 -796.453588 -168.601657 -103.832121 -755.212540 -795.826099
-9999.0 -9999.0 -9999.0 -9999.0 -9999.0 -9999.0 -9999.0 -9999.0 -9999.0 -21.179773 -25.710481 -28.782524 6986.378959 -263.737844 -231.408599 -198.996830 -49.075676 -206.265220 -661.562071 -383.305846 -317.747387 -466.152041 -149.232477 -180.856056 -130.742256 -180.667946 -196.905567 -247.660243 -185.692200 -231.651023 -63.641041 -136.177376 -25.838917 -25.533400 -25.146930 -799.109773 -798.791612 -798.944172 -37.656451 -29.340660 983.642312 -141.211786 -253.247068 -172.821188 -331.967562 -231.064963 -184.303821 -251.236963 -239.307296 -195.773424 -981.674052 -274.014555 -795.892522 -21.188880 -471.131086 712.334952 -152.992807 -115.167436 -779.724075
-9999.0 -9999.0 -9999.0 -9999.0 -9999.0 -9999.0 -9999.0 -9999.0 -9999.0 -9999.0 -27.958007 -26.810068 -112.511112 2913.457316 -219.447024 -239.640878 -256.944829 -234.381999 -680.158575 -436.764504 -237.048841 -226.592701 -247.265615 -153.931565 -188.037585 -234.603182 -210.596198 -90.760862 -65.971075 -129.756359 -107.555146 5522.059727 -154.407742 -23.981295 -25.967114 -27.463110 -120.787450 -27.900224 -797.006868 -25.381719 -29.853918 207.881187 6593.136155 -153.409442 -140.443026 -270.836171 -123.477196 -146.041254 -213.035673 -215.108246 -1356.655535 -3482.604524 -796.707525 -786.472976 -83.848227 -22.365575 400.850757 10837.934723 -205.071478
-9999.0 -9999.0 -9999.0 -9999.0 -9999.0 -9999.0 -9999.0 -9999.0 -9999.0 -9999.0 -24.646812 -27.349929 -63.217771 -164.244602 -38.932619 -443.021841 -380.147020 -551.267549 -609.887757 -878.831948 -853.182714 -591.332236 -341.199909 -238.864781 -247.331449 -167.944489 177.916399 -298.460747 -139.452620 -128.875698 -24.894942 -17.873239 -161050.087560 -25.373927 -28.100625 658.022559 3824.249933 -145.871942 -230.659116 -28.524787 -26.324202 -610.403036 -124.886679 -33.672778 872.066044 -661.623644 -223.465544 -142.409924 -113.741454 -75.193985 -188.186629 -232.541591 -104.127990 -795.787494 -792.302872 -795.019499 -23.598149 -168.118241 187.226054
-9999.0 -9999.0 -9999.0 -9999.0 -9999.0 -9999.0 -9999.0 -9999.0 907.815031 -31.248354 -45.852043 -46.516909 -106.089634 -136.999812 -173.703038 -256.238523 -689.925932 -482.729611 -518.980936 -1031.638021 -1013.185651 -771.984305 -693.893031 -588.454106 -270.779896 -169.402729 -127.767754 -145.028655 -117.134094 -175.053255 -797.268910 -24.949363 -26.096989 -27.154456 -26.333102 -30.503781 -44.709795 -154.277615 -130.393859 -796.976029 -797.031778 414.942856 -153649.499973 -797.545279 -799.495210 939.612674 -114.236871 -144.030659 -149.114877 172.063733 -322.136538 -1094.510626 -113.035590 -214.254690 -797.889788 -24.279327 -774.133905 39.869261 -167.029278
-9999.0 -9999.0 -9999.0 -9999.0 -9999.0 -9999.0 -9999.0 -9999.0 -20.120191 -128.579391 -263.104431 -26.889396 -30.589931 878.567950 -220.911794 -259.136233 -488.939447 -571.373147 -715.418475 -1027.634036 -348.153409 -421.811942 -436.504311 -456.219034 -704.389102 -378.728228 -140.063843 -130.528462 -148669.162355 -27.509689 -26.542224 -797.736914 -25.794599 -796.207158 -42.755686 846.255429 -24.547072 -186.255266 -216.745111 -30.369549 -26.600459 -140.364043 -797.615603 -30.351907 3499.287047 -125.537190 -152120.698164 -29.729887 -157.790629 -236.020020 165.597560 -133.373081 -126.460267 -25.854027 -32.772442 -148223.498916 -239.685137 -227.380887 -119.986723
-9999.0 -9999.0 -9999.0 -9999.0 -9999.0 -9999.0 -9999.0 -9999.0 -24.996661 -17.547305 -74.043146 -225.722718 -43.918373 -148696.724730 -182.599143 -177.867584 -476.806817 -424.499331 -940.124016 -403.612442 -1039.927382 -546.845060 -476.756846 -763.373754 -405.781264 -487.598980 -217.760996 -180.232878 -152185.187234 -26.768425 -798.007976 -51.162933 -117.573697 -4669.424273 -46.921606 -26.240727 -169.576645 -55.465691 -124.669006 -200.554650 -27.680728 -797.132172 881.849226 855.353251 -115.841941 662.071047 -798.765179 -65.421586 -135.312999 -138.167910 -205.770565 -311.711153 -157.560776 -152.788579 -241.233041 -114.926598 -44.667749 170.789465 -229.402946
-9999.0 -9999.0 -9999.0 -9999.0 -9999.0 -9999.0 -9999.0 -9999.0 -797.068396 -27.189370 936.513110 -203450.570296 -36.767389 782.040398 -1848.626817 -214.202030 -368.130192 -866.213351 -333.070978 -996.094815 -951.517411 -909.257590 -533.196610 -748.974765 -667.400906 -392.243061 -299.774713 -156.354316 -68.195959 -257.782893 -257.659207 -230.523326 -2848.017661 -148.978431 -2558.205373 -42.153879 -61.097148 -488.833654 -99.378128 -223.273577 -36.948357 -35.843466 -30.684128 -798.204740 -94.339518 -798.662853 -34.849589 -797.392125 -37.189746 -246.873757 -227.698715 -146.372025 -254.595129 867.703472 -144.107560 186.938839 185.354315 201.234612 -329.685949
-9999.0 -9999.0 -9999.0 -9999.0 -9999.0 -9999.0 -9999.0 -9999.0 -84.729720 883.900518 5625.226625 -159.412152 -153.801050 -191.284253 -173.401673 184.108555 -9.703366 -476.187844 -424.160164 -567.514853 -797.562514 -759.235767 -904.205497 -938.177182 -352.286904 -459.170652 -241.277918 -237.061312 -242.111770 -179.988573 -161.018556 -210.301690 -72.967625 -129.490069 -177.814992 -178.063009 -200.051663 -558.660222 -152.816412 -27.046512 -167.065618 -931.602736 -203.481617 -1511.161717 -235.186920 -38.120171 -236.364608 -227.923126 -239.918857 -206.070019 -166.470022 -430.228168 -231.268527 -176.183338 264.607545 259.740870 196.632498 -97.131364 -138.867420
-9999.0 -9999.0 -41.801246 -54.087605 666.416251 -172.840691 -121.538690 -115.688609 615.658240 236.873037 -123.621095 952.366107 -191.652842 -130.348897 -6.884374 161.353335 -151.167590 -189.903907 -182.232510 -301.520629 -582.705402 -562.668958 -125.458164 -1115.288774 -828.793207 -587.183449 -460.719362 -385.715605 -332.591564 -101.862092 -262.234075 -284.431020 181.201060 -367.642158 -221.508041 -516.196141 -366.979860 -661.213985 -191.718026 -167.870269 -235.130664 -191.627201 -138.526544 -167.094146 -146.197061 -187.440173 -55.369984 -253.362701 -175.783547 -266.929395 -365.954826 -409.133554 -79.732895 68.130051 198.545256 199.396676 194.176237 -159.941553 -175.585973
