user2019/resources/simulation/Vinschgau/output-maps/psiL0002N0612.asc
ncols         63
nrows         48
xllcorner     598000.000000
yllcorner     5145000.000000
cellsize      1000.000000
NODATA_value  -9999.0
[rows 0 to 26 of 48, columns 0 to 60 of 63]
-9999.0 -9999.0 -9999.0 -9999.0 -9999.0 -9999.0 -9999.0 -9999.0 -9999.0 -9999.0 -9999.0 -9999.0 -9999.0 -9999.0 -9999.0 -9999.0 -9999.0 -9999.0 -9999.0 -9999.0 -9999.0 -9999.0 -9999.0 -9999.0 -9999.0 -9999.0 -9999.0 -9999.0 -9999.0 -9999.0 -9999.0 -9999.0 -9999.0 -9999.0 -9999.0 -9999.0 -9999.0 -9999.0 -9999.0 -9999.0 -9999.0 -9999.0 -9999.0 -9999.0 -9999.0 -9999.0 -9999.0 -9999.0 -9999.0 -9999.0 -9999.0 -9999.0 -9999.0 -9999.0 -9999.0 -9999.0 -9999.0 -9999.0 -9999.0 -9999.0 -9999.0
-9999.0 -9999.0 -9999.0 -9999.0 -9999.0 -9999.0 -9999.0 -9999.0 -9999.0 -9999.0 -9999.0 -9999.0 -9999.0 -9999.0 -9999.0 -9999.0 -9999.0 -9999.0 -9999.0 -9999.0 -9999.0 -9999.0 -9999.0 -9999.0 -9999.0 -9999.0 -9999.0 -101.950783 31.279879 -100.233624 44.326440 33.119907 594.863544 -9999.0 -9999.0 -9999.0 -9999.0 -9999.0 -9999.0 -9999.0 -9999.0 -9999.0 -9999.0 -9999.0 -9999.0 -9999.0 -9999.0 -9999.0 -9999.0 -9999.0 -9999.0 -9999.0 -9999.0 -9999.0 -9999.0 -9999.0 -9999.0 -9999.0 -9999.0 -9999.0 -9999.0
-9999.0 -9999.0 -9999.0 -9999.0 -9999.0 -9999.0 -9999.0 -9999.0 -9999.0 -9999.0 -9999.0 -9999.0 -9999.0 -9999.0 -9999.0 -9999.0 -9999.0 -9999.0 -9999.0 -9999.0 -9999.0 -9999.0 -9999.0 -9999.0 28.664789 26.776483 28.652269 26.329453 45.075912 64.271910 32.013646 -9999.0 -9999.0 -9999.0 -9999.0 -9999.0 -9999.0 -9999.0 -9999.0 -9999.0 -9999.0 -9999.0 -9999.0 -9999.0 -9999.0 -9999.0 -9999.0 -9999.0 -9999.0 -9999.0 -9999.0 -9999.0 -9999.0 -9999.0 -9999.0 -9999.0 -9999.0 -9999.0 -9999.0 -9999.0 -9999.0
-9999.0 -9999.0 -9999.0 -9999.0 -9999.0 -9999.0 -9999.0 -9999.0 -9999.0 -9999.0 -9999.0 -9999.0 -9999.0 -9999.0 -9999.0 -9999.0 -9999.0 -9999.0 -9999.0 -9999.0 -9999.0 -9999.0 -9999.0 24.681138 28.208283 -539.692191 -605.813399 -627.972368 -243.402230 26.691518 28.510683 33.106835 -9999.0 -9999.0 -9999.0 -9999.0 -9999.0 -9999.0 -9999.0 -9999.0 -9999.0 -9999.0 -9999.0 -9999.0 -9999.0 -9999.0 -9999.0 -9999.0 -9999.0 -9999.0 -9999.0 -9999.0 -9999.0 -9999.0 -9999.0 -9999.0 -9999.0 -9999.0 -9999.0 -9999.0 -9999.0
-9999.0 -9999.0 -9999.0 -9999.0 -9999.0 -9999.0 -9999.0 -9999.0 -9999.0 -9999.0 -9999.0 -9999.0 -9999.0 -9999.0 -9999.0 -9999.0 -9999.0 -9999.0 24.240768 19.221290 -9999.0 26.677441 27.386253 -546.002263 -598.294244 -829.658925 -527.950349 -449.233047 -678.107772 -486.094058 30.456710 33.767516 -128.319185 -105.528906 -9999.0 -9999.0 -9999.0 -9999.0 -9999.0 -9999.0 -9999.0 -9999.0 -9999.0 -9999.0 -9999.0 -9999.0 -9999.0 -9999.0 -9999.0 -9999.0 -9999.0 -9999.0 -9999.0 -9999.0 -9999.0 -9999.0 -9999.0 -9999.0 -9999.0 -9999.0 -9999.0
-9999.0 -9999.0 -9999.0 -9999.0 -9999.0 -9999.0 -9999.0 -9999.0 -9999.0 -9999.0 -9999.0 -9999.0 -9999.0 -9999.0 -9999.0 -9999.0 -9999.0 -978.020853 -471.978495 -418.061546 -125.402583 -366.828708 -528.956089 -764.711037 -638.098381 -513.362902 -406.205240 20.923328 -490.339083 -229.887827 43.497720 45.893723 -162.702373 -279.075258 -246.784522 -122.389178 -9999.0 -9999.0 -9999.0 -9999.0 -9999.0 -9999.0 -9999.0 -9999.0 -9999.0 -9999.0 -9999.0 -9999.0 -9999.0 -9999.0 -9999.0 -9999.0 -9999.0 -9999.0 -9999.0 -9999.0 -9999.0 -9999.0 -9999.0 -9999.0 -9999.0
-9999.0 -9999.0 -9999.0 -9999.0 -9999.0 -9999.0 -9999.0 -9999.0 -9999.0 -9999.0 -9999.0 -9999.0 -9999.0 23.464771 -388.837742 -710.261483 -874.807310 -119.873255 -924.918897 -717.564360 -610.474635 -787.904763 -874.549552 -630.865498 -476.380423 25.900284 -172.633092 42.282781 -308.525084 -432.866070 6559.812263 80.400545 60.108128 75.796491 -73.478940 -84.957593 -9999.0 -9999.0 -9999.0 -9999.0 -9999.0 -9999.0 -9999.0 -9999.0 -9999.0 -9999.0 -9999.0 -9999.0 -9999.0 -9999.0 -9999.0 -9999.0 -9999.0 -9999.0 -9999.0 -9999.0 -9999.0 -9999.0 -9999.0 -9999.0 -9999.0
-9999.0 -9999.0 -9999.0 -9999.0 -9999.0 -9999.0 -9999.0 -9999.0 -9999.0 -9999.0 -9999.0 -9999.0 -9999.0 24.225547 -461.980977 -767.147824 -731.696870 17.233714 -122.344143 -885.226591 -865.359268 -259.312037 -422.803923 -621.588673 -579.729105 8.795523 23.785277 -85.349824 -87.873055 26.797695 43.377468 37.494342 -82.573739 -63.511827 -45.935063 -9999.0 -9999.0 -9999.0 -9999.0 -9999.0 -9999.0 -9999.0 -9999.0 -9999.0 -9999.0 -9999.0 -9999.0 -9999.0 -9999.0 -9999.0 -9999.0 -9999.0 -9999.0 -9999.0 -9999.0 -9999.0 -9999.0 -9999.0 -9999.0 -9999.0 -9999.0
-9999.0 -9999.0 -9999.0 -9999.0 -9999.0 -9999.0 -9999.0 -9999.0 -9999.0 -9999.0 -9999.0 -9999.0 -9999.0 -539.867217 417.787161 -696.363815 -702.941747 -779.833286 -127.303474 -718.735527 21.346520 -297.584699 28.147235 -449.034163 -391.121611 27.049408 -128.616873 -107.138721 28.769477 -100.384946 43.396595 -0.682117 -60.289691 -14.547930 -64.049175 -9999.0 -9999.0 -9999.0 -9999.0 -9999.0 -9999.0 -9999.0 -9999.0 -9999.0 -9999.0 -9999.0 -9999.0 -9999.0 -9999.0 -9999.0 -9999.0 -9999.0 -9999.0 -9999.0 -9999.0 -9999.0 -9999.0 -9999.0 -9999.0 -9999.0 -9999.0
-9999.0 -9999.0 -9999.0 -9999.0 -9999.0 -9999.0 -9999.0 -9999.0 -9999.0 -9999.0 -9999.0 -9999.0 -675.211017 4236.038556 -611.059584 6.167221 -369.149449 -680.810328 -244.590465 -377.437463 -667.917296 -437.233130 33.213301 13.967704 2309.569814 23.428173 734.676925 27.059748 65.754374 -76.642472 30.603303 -105.218143 50.927870 -75.054862 -9999.0 -9999.0 -9999.0 -9999.0 -9999.0 -9999.0 -9999.0 -9999.0 -9999.0 -9999.0 -9999.0 -9999.0 -9999.0 -9999.0 -9999.0 -9999.0 -9999.0 -9999.0 -9999.0 -9999.0 -9999.0 -9999.0 -9999.0 -9999.0 -9999.0 -9999.0 -9999.0
-9999.0 -9999.0 -9999.0 -9999.0 -9999.0 -9999.0 -9999.0 -9999.0 -9999.0 -9999.0 -9999.0 34.774545 27.573110 139.184632 -223.346190 27.193347 -312.730359 -472.543107 -99.713473 -90.404776 -373.318349 13.924856 31.473857 24.024801 66.477228 42.519353 25.335464 32.797768 2263.123067 -66.056485 -101.336934 59.148143 -83.534004 -100.275169 -106.437230 -109.538475 -858.595175 -1390.169603 -1522.017073 -9999.0 -9999.0 -9999.0 -571.261056 -9999.0 -9999.0 -9999.0 -9999.0 -9999.0 -9999.0 -9999.0 -9999.0 -9999.0 -9999.0 -9999.0 -9999.0 -9999.0 -9999.0 -9999.0 -9999.0 -9999.0 -9999.0
-9999.0 -9999.0 -9999.0 -9999.0 -9999.0 -9999.0 -9999.0 -9999.0 -9999.0 -9999.0 -9999.0 30.137529 19.967144 49.462506 11.181294 18.838672 -382.042697 -848.115895 -181.229688 21.600877 27.980792 29.043055 34.765946 22.108158 46.878719 32.470338 24.773989 43.910423 -62.244183 -85.777576 38.880671 124.957690 22.854863 33.610691 18.507452 -419.158916 -2734.663764 -3220.544323 -3071.176034 -75.784279 -68.632664 -83.996445 23.660809 -102.014249 -9999.0 -9999.0 -9999.0 27.462067 31.992446 -103.128330 36.249284 -105.440626 -104.809111 28.174698 42.350554 11.577285 -9999.0 -9999.0 -9999.0 -9999.0 -9999.0
-9999.0 -9999.0 -9999.0 -9999.0 -9999.0 -9999.0 -9999.0 -9999.0 -9999.0 -9999.0 -9999.0 44.374373 21.791845 61.920884 31.570781 25.050628 21.300363 23.260839 20.421964 10.072135 25.383240 29.389625 19.941834 30.809158 29.676580 -102.629829 25.570360 2259.836718 -92.770206 27.799058 -95.444792 118.583902 30.994659 24.181490 -96.753151 -906.039437 -2050.357264 -2669.383688 -3621.644415 -700.015825 -2136.719672 -688.731021 -322.229159 24.712283 25.020357 -9999.0 -105.190061 39.811741 41.222532 45.102260 41.627109 -101.284890 39.230958 36.650371 53.872959 42.654803 -9999.0 -9999.0 -9999.0 -9999.0 -9999.0
-9999.0 -9999.0 -9999.0 -9999.0 -9999.0 -9999.0 -9999.0 -9999.0 -9999.0 -9999.0 -9999.0 -9999.0 39.496906 41.100200 20.019262 23.578259 18.649765 16.851419 25.196688 9.561711 26.592999 35.441000 45.824806 34.803474 21.108091 23.105113 1552.570978 34.841690 37.773817 -106.188366 27.876114 62.511608 25.306732 25.912238 21.834627 -944.746761 -1965.161394 -2747.908258 -3631.665670 -3281.625429 -3082.821261 -80.694884 -664.991834 22.162457 -111.370011 29.237281 -109.254263 32.821266 40.814413 42.067086 8.218175 161.313181 757.283357 154.236430 106.311693 61.472681 39.096753 -9999.0 -9999.0 -9999.0 -9999.0
-9999.0 -9999.0 -9999.0 -9999.0 -9999.0 -9999.0 -9999.0 -9999.0 -9999.0 -9999.0 -9999.0 25.780354 21.957615 29.391960 46.428483 27.173225 26.133044 25.734981 29.790213 -321.207052 33.363849 41.696628 45.301317 19.560448 22.266019 51.409231 33.585667 26.613305 22.005007 -112.092214 26.948678 85.175125 36.959273 27.005175 21.032416 -426.126201 -2428.122305 -2654.495269 -2717.760836 -3603.936809 -1504.826643 -1190.986333 -547.485694 -129.834346 24.823581 24.267519 49.053591 -129.455143 -124.210212 10.583962 -51.176286 32.743223 61.413078 -15.091390 -25.812982 -88.684158 -93.285805 -9999.0 -9999.0 -9999.0 -9999.0
-9999.0 -9999.0 -9999.0 -9999.0 -9999.0 -9999.0 -9999.0 -9999.0 -9999.0 -9999.0 1498.581381 30.707210 21.225715 19.430594 19.214785 1349.789214 1351.748101 15.128654 -557.102740 -382.761064 40.079775 44.557663 21.572076 20.872670 28.171674 1672.099644 28.542231 -94.655677 26.824495 26.781153 71.996365 293.144700 34.740459 31.934580 -105.711063 -127.126713 -930.374530 -1492.376699 -1771.634849 -2347.608254 -1598.586286 -82.491932 -61.585678 -480.388162 14.773877 -100.715864 29.222030 37.785307 45.871890 5.543744 -74.471725 -87.326621 -14.828353 21.766758 -79.485154 47.946878 58.580472 -9999.0 -9999.0 -9999.0 -9999.0
-9999.0 -9999.0 -9999.0 -9999.0 -9999.0 -9999.0 -9999.0 -9999.0 -9999.0 28.855756 35.434772 48.480582 40.563142 14.569142 40.266685 39.340651 16.541309 21.131035 -357.620148 -647.060917 17.126077 -432.403649 24.040716 5.127308 6.399421 28.218909 14.416898 25.210730 28.864651 27.901533 7.267063 32.618781 -79.538107 -81.298368 -100.800872 -98.709361 28.820781 -537.801567 -639.829294 -476.582594 -594.886606 -412.036427 -290.691158 -798.112416 -397.280670 15.770530 24.513039 15.904211 16.153453 5.730119 49.345108 -78.419634 20.339989 15.241345 -89.690717 88.824638 149.085187 -91.429511 -91.953263 -9999.0 -9999.0
-9999.0 -9999.0 -9999.0 -9999.0 -9999.0 -9999.0 -9999.0 -9999.0 -9999.0 76.019983 32.205073 25.182671 3206.647656 13.098085 11.910455 13.293250 20.998044 15.683335 -432.642302 -702.582490 -629.644481 -672.785325 9.743073 31.963626 28.438888 14.913700 18.546472 20.580705 5.227225 9.784496 37.357701 36.510535 44.201140 27.794642 36.940400 -101.599795 -101.056806 -100.457009 20.777522 32.207421 19.242178 20.124900 -500.997007 -376.218294 -363.568108 -496.279086 -385.217563 -559.389341 -230.718812 6.244683 30.053778 26.752611 -65.335975 43.360345 -18.800632 56.312289 133.283161 87.753925 -92.824742 -9999.0 -9999.0
-9999.0 -9999.0 -9999.0 -9999.0 -9999.0 -9999.0 -9999.0 -9999.0 -9999.0 -9999.0 24.738772 35.403846 28.012166 1656.513772 12.589734 10.417076 13.351551 15.652269 -538.514203 -613.878042 -461.422264 22.342148 26.020027 30.350718 14.647872 16.389404 20.858183 5.802286 34.497244 30.238584 32.492138 3237.952970 27.816713 33.668549 49.167870 56.717465 20.841533 26.533106 -102.246528 35.612371 22.627593 24.370191 3260.754123 24.304914 32.510047 26.544687 31.584428 8.930859 6.659635 25.517540 37.840859 45.950605 -94.308772 20.629985 42.055757 45.719361 71.215562 11368.895230 121.569113 18.823770 -9999.0
-9999.0 -9999.0 -9999.0 -9999.0 -9999.0 -9999.0 -9999.0 -9999.0 -9999.0 -9999.0 32.713143 28.269706 21.757024 21.775426 -164.728570 -382.674800 12.138915 -499.890058 -728.097038 -640.871715 -641.849741 -472.282418 14.986283 11.419311 14.868230 13.848279 5.567224 36.619543 35.326118 24.397647 31.193927 75.043860 -34.564587 27.492265 28.770503 52.662517 2513.356611 34.964057 34.893833 29.815214 37.500389 -34.752220 64.816490 28.810950 32.878697 31.857882 29.493716 32.553194 48.383256 9.353544 49.273061 44.884755 39.798806 -80.880720 -86.208699 -93.624004 27.342619 26.572045 259.501861 135.512937 -9999.0
-9999.0 -9999.0 -9999.0 -9999.0 -9999.0 -9999.0 -9999.0 -9999.0 28.745793 21.519621 19.881308 35.758086 156.079010 30.404533 22.583239 -259.180218 -726.021671 -785.907961 -766.589344 -672.055676 -768.943349 -698.719589 -592.615043 -587.135330 -522.810647 5.700296 34.779159 31.454477 39.493934 39.379551 -148.798697 40.543652 36.391115 27.539663 50.118799 23.313053 27.862941 41.078803 30.380029 -144.862414 -145.167921 62.260326 -55.979551 -121.445543 -154.711242 1606.262011 29.550030 29.263587 32.352476 3.979752 48.092920 57.946279 42.704054 37.353586 -149.294167 33.976924 -145.856054 26.427463 20.852140 136.461908 -9999.0
-9999.0 -9999.0 -9999.0 -9999.0 -9999.0 -9999.0 -9999.0 -9999.0 1289.942679 37.770585 24.857411 21.028947 21.725251 1380.703942 17.847583 18.948367 -327.282108 -556.144665 -912.209400 -741.209217 -733.758649 -793.899111 -551.781505 -694.940142 -781.529254 4.469132 40.523782 38.439268 -56.705543 28.444025 26.922270 -243.369977 57.485443 -227.480988 46.745639 31.740842 55.418208 66.599258 37.488257 37.059419 36.198211 29.440628 -145.990741 35.979488 1949.088944 42.504146 -52.879993 31.942733 31.830595 35.186490 8.098578 37.300921 40.042647 27.614577 26.722257 -66.810100 22.932683 25.783158 25.702759 13.212429 -546.203879
-9999.0 -9999.0 -9999.0 -9999.0 -9999.0 -9999.0 -9999.0 -9999.0 25.828054 2344.061606 24.306114 20.235705 101.550714 -51.766849 15.887780 19.657433 -341.929842 -709.380349 -945.404960 -702.117341 -775.483410 -872.442135 -818.208006 -770.216800 -650.353061 24.150143 32.229815 28.899329 -81.390162 31.637948 -304.923743 46.822178 30.046423 32.160050 42.846414 80.113040 47.425923 13.781913 47.285720 46.965983 47.737759 -222.199816 43.051903 1962.228933 38.953587 42.045557 -171.291709 29.123050 24.285950 27.523113 1.539254 37.537022 32.160807 24.063264 31.576785 42.767325 33.814571 27.917939 22.677474 10.909588 -456.531289
-9999.0 -9999.0 -9999.0 -9999.0 -9999.0 -9999.0 -9999.0 -9999.0 -160.341614 28.221367 52.399026 -64.794646 27.928431 18.945915 27.317756 16.884665 -436.796319 -1104.316994 -584.479693 -886.317971 -759.729369 -795.812878 -1068.941358 -1157.971060 -626.226989 22.418401 26.970813 25.779990 20.588082 37.704762 27.682041 40.008675 38.864430 56.305155 37.362200 22.446137 24.862074 7.632761 51.466534 39.476008 31.171126 38.925101 43.635402 -216.894248 27.109869 -213.707417 33.851198 -211.225596 17.985005 17.483548 16.659075 7.403473 29.682476 14.207636 30.410491 40.266755 46.522746 54.802763 -484.971140 -453.922177 -272.169372
-9999.0 -9999.0 -9999.0 -9999.0 -9999.0 -9999.0 -9999.0 -9999.0 20.017702 29.786244 3260.703424 23.387962 33.331726 29.233816 22.904831 10.566259 9.671902 -110.458194 -121.032252 -593.358882 -857.582169 -832.118016 -884.174586 -946.368476 -956.548183 -428.209542 17.288717 20.833884 21.279273 47.793295 27.529881 33.539435 64.058204 42.216076 33.866674 39.889350 32.284335 8.062209 61.078335 38.162658 29.778061 44.472418 52.766897 36.371386 26.194721 31.569224 30.716324 45.037929 16.728918 19.792545 14.113285 -563.319040 9.506538 -205.269419 106.974791 107.442971 8.535941 -193.447892 -237.038087 -141.918769 19.356301
-9999.0 -9999.0 22.955516 26.775292 778.225448 17.093249 82.221047 35.595372 26.643566 31.705121 35.561676 92.140294 43.262442 35.065366 9.091625 7.350528 27.047728 24.028286 17.529050 14.577440 -700.250857 -1042.476951 -737.638829 -1271.778119 -747.346194 -716.710693 -482.886612 10.298059 15.897107 37.995266 20.284047 25.063575 133.605617 31.697091 38.211229 30.517371 32.563402 9.947848 48.271979 34.024334 33.079109 40.917064 65.987887 39.601181 27.779042 27.379009 30.174189 32.249067 22.417607 -380.026192 -644.645928 -635.029839 7.829636 7.904220 8.284771 13.561929 55.193352 29.917061 31.487044 29.699902 30.742883
-9999.0 17.144922 27.242321 23.215821 14.725423 53.910834 81.634471 29.246069 26.300419 30.022070 26.775437 29.011587 42.081994 60.699229 9.611687 30.615735 26.072975 20.381011 13.291466 12.756855 -783.355510 -487.387200 -546.238968 -1069.615009 -1325.629115 -945.966643 -981.543653 -962.787472 -575.027917 -128.580089 -608.094265 -441.978273 44.123952 46.341313 34.586250 13.714168 24.867373 9.696254 40.664894 25.123397 24.107947 43.788993 59.419220 27.495966 15.094851 -213.698254 -208.554144 -282.838776 -491.296286 -761.612663 -349.023956 7.990986 58.454888 80.019852 77.798184 39.438858 39.786762 32.524547 34.231429 30.880869 30.688123
