user2019/resources/simulation/Vinschgau/output-maps/psiL0007N0249.asc
ncols         63
nrows         48
xllcorner     598000.000000
yllcorner     5145000.000000
cellsize      1000.000000
NODATA_value  -9999.0
[rows 0 to 25 of 48, columns 0 to 57 of 63]
-9999.0 -9999.0 -9999.0 -9999.0 -9999.0 -9999.0 -9999.0 -9999.0 -9999.0 -9999.0 -9999.0 -9999.0 -9999.0 -9999.0 -9999.0 -9999.0 -9999.0 -9999.0 -9999.0 -9999.0 -9999.0 -9999.0 -9999.0 -9999.0 -9999.0 -9999.0 -9999.0 -9999.0 -9999.0 -9999.0 -9999.0 -9999.0 -9999.0 -9999.0 -9999.0 -9999.0 -9999.0 -9999.0 -9999.0 -9999.0 -9999.0 -9999.0 -9999.0 -9999.0 -9999.0 -9999.0 -9999.0 -9999.0 -9999.0 -9999.0 -9999.0 -9999.0 -9999.0 -9999.0 -9999.0 -9999.0 -9999.0 -9999.0
-9999.0 -9999.0 -9999.0 -9999.0 -9999.0 -9999.0 -9999.0 -9999.0 -9999.0 -9999.0 -9999.0 -9999.0 -9999.0 -9999.0 -9999.0 -9999.0 -9999.0 -9999.0 -9999.0 -9999.0 -9999.0 -9999.0 -9999.0 -9999.0 -9999.0 -9999.0 -9999.0 -594.008934 -593.584894 -593.382303 -584.122692 -582.659351 -582.676436 -9999.0 -9999.0 -9999.0 -9999.0 -9999.0 -9999.0 -9999.0 -9999.0 -9999.0 -9999.0 -9999.0 -9999.0 -9999.0 -9999.0 -9999.0 -9999.0 -9999.0 -9999.0 -9999.0 -9999.0 -9999.0 -9999.0 -9999.0 -9999.0 -9999.0
-9999.0 -9999.0 -9999.0 -9999.0 -9999.0 -9999.0 -9999.0 -9999.0 -9999.0 -9999.0 -9999.0 -9999.0 -9999.0 -9999.0 -9999.0 -9999.0 -9999.0 -9999.0 -9999.0 -9999.0 -9999.0 -9999.0 -9999.0 -9999.0 -594.065905 -593.730751 -593.490579 -593.508988 -593.544066 -593.491168 -587.295780 -9999.0 -9999.0 -9999.0 -9999.0 -9999.0 -9999.0 -9999.0 -9999.0 -9999.0 -9999.0 -9999.0 -9999.0 -9999.0 -9999.0 -9999.0 -9999.0 -9999.0 -9999.0 -9999.0 -9999.0 -9999.0 -9999.0 -9999.0 -9999.0 -9999.0 -9999.0 -9999.0
-9999.0 -9999.0 -9999.0 -9999.0 -9999.0 -9999.0 -9999.0 -9999.0 -9999.0 -9999.0 -9999.0 -9999.0 -9999.0 -9999.0 -9999.0 -9999.0 -9999.0 -9999.0 -9999.0 -9999.0 -9999.0 -9999.0 -9999.0 -593.837649 -593.914110 -806.408153 -397.198447 -772.996436 -755.685208 -593.569755 -593.532430 -593.974537 -9999.0 -9999.0 -9999.0 -9999.0 -9999.0 -9999.0 -9999.0 -9999.0 -9999.0 -9999.0 -9999.0 -9999.0 -9999.0 -9999.0 -9999.0 -9999.0 -9999.0 -9999.0 -9999.0 -9999.0 -9999.0 -9999.0 -9999.0 -9999.0 -9999.0 -9999.0
-9999.0 -9999.0 -9999.0 -9999.0 -9999.0 -9999.0 -9999.0 -9999.0 -9999.0 -9999.0 -9999.0 -9999.0 -9999.0 -9999.0 -9999.0 -9999.0 -9999.0 -9999.0 -436.853683 -495.717763 -9999.0 -593.958425 -593.958255 -750.238691 -295.188425 -818.841892 -1392.611965 -1394.170353 -215.963958 -677.103648 -593.377927 -593.595754 -593.131075 -593.217125 -9999.0 -9999.0 -9999.0 -9999.0 -9999.0 -9999.0 -9999.0 -9999.0 -9999.0 -9999.0 -9999.0 -9999.0 -9999.0 -9999.0 -9999.0 -9999.0 -9999.0 -9999.0 -9999.0 -9999.0 -9999.0 -9999.0 -9999.0 -9999.0
-9999.0 -9999.0 -9999.0 -9999.0 -9999.0 -9999.0 -9999.0 -9999.0 -9999.0 -9999.0 -9999.0 -9999.0 -9999.0 -9999.0 -9999.0 -9999.0 -9999.0 -234.674915 -538.493229 -751.373339 -591.356686 -1426.659904 -594.889371 -652.025331 -393.539771 -683.138817 -635.255360 -614.133266 -616.657938 -1407.573108 -594.058721 -593.447347 -590.990498 -592.585151 -583.401157 -582.291874 -9999.0 -9999.0 -9999.0 -9999.0 -9999.0 -9999.0 -9999.0 -9999.0 -9999.0 -9999.0 -9999.0 -9999.0 -9999.0 -9999.0 -9999.0 -9999.0 -9999.0 -9999.0 -9999.0 -9999.0 -9999.0 -9999.0
-9999.0 -9999.0 -9999.0 -9999.0 -9999.0 -9999.0 -9999.0 -9999.0 -9999.0 -9999.0 -9999.0 -9999.0 -9999.0 -593.749007 -555.594894 -802.235617 -1134.703652 -592.156391 -235.312550 -757.987615 -377.570623 -345.214443 -818.062305 -308.436775 -673.530458 -593.612965 -609.769145 -613.263466 -611.145300 -608.027085 -613.167646 -593.766023 -589.525130 -581.700409 -582.060387 -582.136878 -9999.0 -9999.0 -9999.0 -9999.0 -9999.0 -9999.0 -9999.0 -9999.0 -9999.0 -9999.0 -9999.0 -9999.0 -9999.0 -9999.0 -9999.0 -9999.0 -9999.0 -9999.0 -9999.0 -9999.0 -9999.0 -9999.0
-9999.0 -9999.0 -9999.0 -9999.0 -9999.0 -9999.0 -9999.0 -9999.0 -9999.0 -9999.0 -9999.0 -9999.0 -9999.0 -594.209628 -292.595084 -1041.266507 -1060.973356 -423.878907 -591.581661 -496.795272 -3066.791659 -593.658474 -437.770935 -667.537263 -640.713524 -611.220809 -593.559033 -582.708411 -582.257962 -597.247823 -615.614868 -581.849510 -582.056634 -582.012170 -582.048298 -9999.0 -9999.0 -9999.0 -9999.0 -9999.0 -9999.0 -9999.0 -9999.0 -9999.0 -9999.0 -9999.0 -9999.0 -9999.0 -9999.0 -9999.0 -9999.0 -9999.0 -9999.0 -9999.0 -9999.0 -9999.0 -9999.0 -9999.0
-9999.0 -9999.0 -9999.0 -9999.0 -9999.0 -9999.0 -9999.0 -9999.0 -9999.0 -9999.0 -9999.0 -9999.0 -9999.0 -563.598707 -304.574234 -684.820460 -996.824910 -1000.716974 -591.252913 -235.198066 -485.562904 -612.646360 -694.455017 -638.636488 -626.692593 -625.404605 -593.307911 -582.633337 -593.569788 -582.074146 -582.140096 -582.124588 -582.187939 -582.087968 -581.954492 -9999.0 -9999.0 -9999.0 -9999.0 -9999.0 -9999.0 -9999.0 -9999.0 -9999.0 -9999.0 -9999.0 -9999.0 -9999.0 -9999.0 -9999.0 -9999.0 -9999.0 -9999.0 -9999.0 -9999.0 -9999.0 -9999.0 -9999.0
-9999.0 -9999.0 -9999.0 -9999.0 -9999.0 -9999.0 -9999.0 -9999.0 -9999.0 -9999.0 -9999.0 -9999.0 -679.612798 -294.271344 -304.033515 -623.757331 -1403.079018 -883.860674 -287.219869 -802.137174 -644.911074 -611.881694 -608.574549 -606.738926 -1420.492915 -583.021212 -607.352208 -593.812127 -593.419384 -582.429256 -582.145492 -593.536328 -593.008135 -584.247589 -9999.0 -9999.0 -9999.0 -9999.0 -9999.0 -9999.0 -9999.0 -9999.0 -9999.0 -9999.0 -9999.0 -9999.0 -9999.0 -9999.0 -9999.0 -9999.0 -9999.0 -9999.0 -9999.0 -9999.0 -9999.0 -9999.0 -9999.0 -9999.0
-9999.0 -9999.0 -9999.0 -9999.0 -9999.0 -9999.0 -9999.0 -9999.0 -9999.0 -9999.0 -9999.0 -594.119045 -626.681390 -804.480420 -618.776416 -593.859450 -607.137774 -868.993002 -265.215566 -789.857248 -1232.842150 -1382.383062 -593.544110 -584.506694 -612.792988 -593.458118 -582.726392 -593.616768 -593.672198 -582.290578 -593.181959 -593.253194 -590.053676 -584.469375 -591.870630 -593.355601 -591.680494 -592.243060 -593.184591 -9999.0 -9999.0 -9999.0 -584.555634 -9999.0 -9999.0 -9999.0 -9999.0 -9999.0 -9999.0 -9999.0 -9999.0 -9999.0 -9999.0 -9999.0 -9999.0 -9999.0 -9999.0 -9999.0
-9999.0 -9999.0 -9999.0 -9999.0 -9999.0 -9999.0 -9999.0 -9999.0 -9999.0 -9999.0 -9999.0 -593.881963 -608.308634 -657.872558 -640.664129 -587.882805 -652.004606 -667.201047 -265.460500 -284.739265 -315.735215 -591.572630 -593.916454 -603.685881 -600.482836 -584.703871 -593.428552 -593.272508 -593.021872 -584.173424 -593.330806 -593.250384 -592.479378 -593.078283 -593.390092 -592.168787 -593.282704 -593.093394 -593.948783 -592.828613 -591.922304 -590.211960 -592.253726 -584.265843 -9999.0 -9999.0 -9999.0 -704.289680 -593.964785 -594.484016 -594.146217 -594.614562 -594.299661 -664.329742 -634.389495 -585.163851 -9999.0 -9999.0
-9999.0 -9999.0 -9999.0 -9999.0 -9999.0 -9999.0 -9999.0 -9999.0 -9999.0 -9999.0 -9999.0 -593.947749 -593.954714 -603.631377 -1430.729494 -592.331125 -652.695586 -555.660589 -361.344106 -265.177781 -259.541978 -665.170404 -679.892678 -593.934682 -584.298913 -592.446168 -661.908445 -599.670184 -584.102021 -585.564441 -583.252046 -610.774003 -593.092768 -593.286087 -588.889459 -592.810568 -835.151737 -798.617702 -588.090055 -592.071646 -593.957894 -591.926649 -592.233587 -593.139461 -593.854038 -9999.0 -586.054377 -593.793291 -593.928360 -593.818011 -593.736329 -594.008958 -595.049565 -571.891837 -616.517007 -617.058292 -9999.0 -9999.0
-9999.0 -9999.0 -9999.0 -9999.0 -9999.0 -9999.0 -9999.0 -9999.0 -9999.0 -9999.0 -9999.0 -9999.0 -594.133293 -1433.795034 -585.817456 -594.303424 -657.199162 -599.343235 -475.002102 -255.232249 -539.222455 -677.958706 -688.633482 -670.242619 -608.040634 -656.633841 -343.604189 -583.715547 -585.614507 -593.619688 -593.371886 -635.973674 -593.157397 -593.285249 -587.044737 -592.360767 -607.245104 -701.235232 -386.193465 -592.767736 -591.965450 -592.361181 -674.329628 -568.015400 -593.007450 -593.793516 -594.012448 -593.965897 -609.952459 -642.901978 -1418.048991 -596.634265 -769.237857 -1458.530189 -594.356572 -594.060755 -596.791714 -9999.0
-9999.0 -9999.0 -9999.0 -9999.0 -9999.0 -9999.0 -9999.0 -9999.0 -9999.0 -9999.0 -9999.0 -1454.397534 -593.414875 -592.829709 -661.425155 -659.353436 -635.704095 -618.082429 -300.500652 -236.007970 -612.446509 -419.689300 -619.533771 -624.973010 -650.777426 -520.868224 -1428.828046 -583.992243 -593.212359 -592.842862 -675.740261 -665.398918 -593.934117 -593.599825 -583.032698 -592.950800 -590.048093 -613.376394 -241.369135 -589.676202 -678.772016 -657.542024 -617.282259 -691.275545 -592.964102 -593.745912 -593.865673 -593.594694 -593.837421 -644.997128 -588.339006 -591.666617 -594.218541 -584.261538 -587.085561 -584.226155 -594.438259 -9999.0
-9999.0 -9999.0 -9999.0 -9999.0 -9999.0 -9999.0 -9999.0 -9999.0 -9999.0 -9999.0 -1436.876628 -636.175312 -594.468955 -593.759492 -536.083195 -554.654025 -608.553470 -684.560324 -887.792747 -250.275668 -268.911043 -484.967435 -727.748449 -397.858277 -526.952773 -1425.233596 -597.268769 -595.693184 -592.966105 -593.440972 -655.593929 -605.953581 -593.412062 -585.894878 -582.164296 -591.841615 -591.322771 -618.103943 -819.971482 -748.124302 -788.910573 -604.809736 -584.299078 -226.375075 -642.730580 -592.840106 -593.862773 -666.583858 -605.240609 -661.950925 -600.267408 -584.565799 -586.500389 -584.293112 -584.964870 -616.722862 -618.455156 -9999.0
-9999.0 -9999.0 -9999.0 -9999.0 -9999.0 -9999.0 -9999.0 -9999.0 -9999.0 -592.570092 -1441.231572 -1436.535390 -592.210804 -638.935576 -1419.456249 -607.571678 -599.591456 -439.982907 -550.186183 -239.554262 -257.800630 -685.656903 -983.133754 -449.271073 -1412.678597 -605.218948 -628.970994 -593.134941 -697.487438 -515.055463 -592.174318 -609.813987 -582.541942 -582.443535 -585.858810 -583.868428 -593.357794 -608.062059 -599.222304 -611.731359 -776.667930 -603.064529 -604.753180 -575.080854 -1576.039140 -758.735177 -583.802648 -665.881254 -629.393361 -630.963465 -618.001527 -594.167467 -584.276519 -586.774261 -591.336609 -600.582573 -597.179570 -593.759819
-9999.0 -9999.0 -9999.0 -9999.0 -9999.0 -9999.0 -9999.0 -9999.0 -9999.0 -592.864061 -593.374179 -593.397178 -298.442318 -592.153923 -672.629974 -638.785771 -361.893364 -643.782548 -563.726309 -254.770842 -253.718850 -311.623960 -1130.986555 -476.538617 -605.063347 -655.234593 -614.060279 -524.152246 -372.415716 -1403.072009 -593.640620 -620.825170 -584.425438 -593.959963 -593.346585 -591.657384 -592.641926 -592.432806 -583.726614 -593.502724 -1436.448003 -593.038305 -673.295566 -589.952664 -229.359574 -341.376374 -440.293107 -783.520214 -722.960964 -587.048436 -616.252187 -606.380208 -585.771348 -585.767057 -585.129320 -1450.635676 -602.122640 -620.384096
-9999.0 -9999.0 -9999.0 -9999.0 -9999.0 -9999.0 -9999.0 -9999.0 -9999.0 -9999.0 -593.579868 -593.443088 -609.539486 -236.588803 -698.367373 -667.815680 -588.730477 -362.542000 -454.627878 -265.913218 -270.370370 -943.616396 -535.126178 -659.463114 -645.511308 -561.487270 -364.070999 -411.319461 -593.743154 -599.905129 -597.487673 -1430.048509 -589.836009 -583.998899 -593.121217 -593.885253 -593.880008 -593.719076 -593.522596 -583.420551 -582.787097 -593.765236 -593.720585 -599.537541 -618.366573 -652.608497 -900.767415 -345.118979 -877.448175 -752.790950 -649.287976 -607.900409 -594.542625 -585.896500 -594.052782 -588.559033 -594.134503 -629.640769
-9999.0 -9999.0 -9999.0 -9999.0 -9999.0 -9999.0 -9999.0 -9999.0 -9999.0 -9999.0 -593.573023 -593.508406 -593.996724 -605.435616 -263.451813 -426.611631 -729.326609 -737.142351 -721.088171 -276.149808 -1029.729365 -489.359432 -490.440692 -619.918231 -566.078207 -388.558841 -453.623029 -532.583859 -614.836451 -588.804865 -584.335825 -593.978837 -599.479620 -584.146302 -584.261343 -593.233810 -699.340209 -654.718795 -610.940189 -585.035580 -593.796401 -593.918842 -598.068421 -585.574134 -1425.899771 -617.719416 -601.748115 -633.468904 -1152.623819 -785.723887 -1515.417927 -609.605189 -609.295567 -594.583536 -584.514404 -594.472275 -592.360682 -598.825949
-9999.0 -9999.0 -9999.0 -9999.0 -9999.0 -9999.0 -9999.0 -9999.0 -594.255452 -593.726994 -592.064930 -593.996276 -601.286699 -612.215797 -645.494379 -238.971012 -481.865780 -307.376459 -339.683275 -346.909038 -714.978139 -505.527249 -530.446822 -488.158550 -414.044237 -519.796757 -340.377246 -608.886335 -598.618933 -593.753328 -583.111991 -584.502957 -586.982969 -588.670463 -593.834386 -583.592135 -593.862588 -645.563012 -603.379514 -593.892328 -586.295847 -593.804955 -585.868731 -583.278127 -593.761574 -594.071783 -599.060096 -600.036299 -706.159345 713.592481 -341.188317 -709.250569 -605.672280 -600.327335 -593.900338 -598.237227 -593.732536 -357.702551
-9999.0 -9999.0 -9999.0 -9999.0 -9999.0 -9999.0 -9999.0 -9999.0 -595.389879 -649.073231 -621.658334 -587.352160 -592.760770 -604.620638 -675.942633 -536.503217 -412.905492 -474.991047 -6394.936154 -326.316356 -268.684464 -288.134030 -476.763996 -362.434219 -515.031757 -627.617235 -389.940435 -615.402127 -588.493683 -593.846958 -593.873842 -593.140004 -593.893550 -594.227293 -594.131163 -593.972364 -593.781206 -657.256351 -610.662212 -593.902803 -589.050113 -583.537603 -584.523427 -593.955340 -586.324363 -599.497857 -586.483770 -586.245088 -601.744560 -402.770349 -359.749257 -638.413611 -614.271908 -612.207299 -593.832303 -636.004933 -666.045230 -658.801592
-9999.0 -9999.0 -9999.0 -9999.0 -9999.0 -9999.0 -9999.0 -9999.0 -593.138131 -593.657180 -594.085969 -606.944505 -594.042999 -592.172876 -582.963972 -798.365355 -556.982260 -424.123624 -437.682227 -291.828537 -278.546587 -287.196576 -438.431529 -584.989827 -404.698796 -548.884357 -392.196209 -636.424421 -599.024791 -593.232824 -593.291539 -593.947892 -616.420054 -617.120820 -594.183132 -593.556509 -605.865637 -830.819869 -623.680310 -604.465834 -594.451685 -594.231628 -594.271411 -594.025294 -595.479968 -594.056671 -593.985786 -555.015156 -594.877641 -697.040358 640.870006 -330.167209 -663.693568 -631.687545 -658.304790 -291.088726 -312.533295 -318.918324
-9999.0 -9999.0 -9999.0 -9999.0 -9999.0 -9999.0 -9999.0 -9999.0 -583.389885 -593.671546 -535.145322 -607.854560 -533.675674 -1194.549963 -835.510420 -506.675051 -4341.628350 -424.299009 -233.539044 -300.197221 -323.629345 266.146407 578.082872 -329.870884 -615.796303 -350.618692 -526.512815 -645.432476 -443.811167 -670.433312 -627.362574 -638.789477 -712.961277 -663.893961 -609.856812 -593.759783 -593.714497 -358.961025 -641.817924 -606.893472 -593.970531 -593.968928 -593.898969 -593.532056 -594.248446 -593.874289 -593.808692 -593.847447 -593.597022 -636.249073 -356.076476 -412.439574 -357.410764 -158.870199 -306.699663 -293.777500 -376.888985 429.964736
-9999.0 -9999.0 -9999.0 -9999.0 -9999.0 -9999.0 -9999.0 -9999.0 -593.817119 -593.994658 -1025.501681 -746.954863 -847.805907 -445.410860 -309.014226 -410.945685 -233.989847 -526.031187 -424.554891 -470.444436 -683.673198 -111.208381 -110.116283 -272.516007 -318.499893 -336.407848 -771.443444 -531.047005 -444.680099 -409.649320 -674.378205 -399.190082 -732.800563 -485.358079 -643.644619 -638.731334 -640.212325 -325.400868 -883.656637 -622.159435 -630.324379 -627.311860 -678.163581 -661.929930 -612.569720 -593.755879 -655.583544 -678.888596 -674.942576 -722.670091 -773.970006 -484.370817 -388.970520 -311.068002 -190.467163 359.487021 -150.353511 -158.736070
-9999.0 -9999.0 -593.332562 -594.077565 -606.742236 -630.153919 -623.099420 -625.168493 -593.974533 -594.102734 -601.806693 -248.582337 -407.853331 -327.523372 -287.743606 -245.447486 -713.376003 -609.552905 -602.158334 -380.567341 -464.844445 -507.210967 -162.237276 -58.418098 -245.636657 -480.541604 -389.224926 -435.661925 -506.941429 -305.664713 -597.846969 -427.521467 -178.553400 -436.747445 -338.484658 -407.507249 -317.138223 -332.739917 -861.211954 -700.619975 -665.459283 -726.057141 -1262.197540 -365.180733 -753.468729 -685.315509 -325.160858 -160.588074 -892.149050 -406.787982 -366.098672 342.977593 279.137900 -60.064626 779.535707 673.601193 502.784927 -154.520713
