user2019/resources/simulation/Vinschgau/output-maps/psiL0001N1316.asc
ncols         63
nrows         48
xllcorner     598000.000000
yllcorner     5145000.000000
cellsize      1000.000000
NODATA_value  -9999.0
[rows 0 to 24 of 48, columns 0 to 56 of 63]
-9999.0 -9999.0 -9999.0 -9999.0 -9999.0 -9999.0 -9999.0 -9999.0 -9999.0 -9999.0 -9999.0 -9999.0 -9999.0 -9999.0 -9999.0 -9999.0 -9999.0 -9999.0 -9999.0 -9999.0 -9999.0 -9999.0 -9999.0 -9999.0 -9999.0 -9999.0 -9999.0 -9999.0 -9999.0 -9999.0 -9999.0 -9999.0 -9999.0 -9999.0 -9999.0 -9999.0 -9999.0 -9999.0 -9999.0 -9999.0 -9999.0 -9999.0 -9999.0 -9999.0 -9999.0 -9999.0 -9999.0 -9999.0 -9999.0 -9999.0 -9999.0 -9999.0 -9999.0 -9999.0 -9999.0 -9999.0 -9999.0
-9999.0 -9999.0 -9999.0 -9999.0 -9999.0 -9999.0 -9999.0 -9999.0 -9999.0 -9999.0 -9999.0 -9999.0 -9999.0 -9999.0 -9999.0 -9999.0 -9999.0 -9999.0 -9999.0 -9999.0 -9999.0 -9999.0 -9999.0 -9999.0 -9999.0 -9999.0 -9999.0 -2669.676621 -502.387003 -1713.140126 -292.244462 -300.697019 1051.764708 -9999.0 -9999.0 -9999.0 -9999.0 -9999.0 -9999.0 -9999.0 -9999.0 -9999.0 -9999.0 -9999.0 -9999.0 -9999.0 -9999.0 -9999.0 -9999.0 -9999.0 -9999.0 -9999.0 -9999.0 -9999.0 -9999.0 -9999.0 -9999.0
-9999.0 -9999.0 -9999.0 -9999.0 -9999.0 -9999.0 -9999.0 -9999.0 -9999.0 -9999.0 -9999.0 -9999.0 -9999.0 -9999.0 -9999.0 -9999.0 -9999.0 -9999.0 -9999.0 -9999.0 -9999.0 -9999.0 -9999.0 -9999.0 -494.725740 -523.235901 -574.414195 -499.087311 -536.559953 -577.234869 -271.511563 -9999.0 -9999.0 -9999.0 -9999.0 -9999.0 -9999.0 -9999.0 -9999.0 -9999.0 -9999.0 -9999.0 -9999.0 -9999.0 -9999.0 -9999.0 -9999.0 -9999.0 -9999.0 -9999.0 -9999.0 -9999.0 -9999.0 -9999.0 -9999.0 -9999.0 -9999.0
-9999.0 -9999.0 -9999.0 -9999.0 -9999.0 -9999.0 -9999.0 -9999.0 -9999.0 -9999.0 -9999.0 -9999.0 -9999.0 -9999.0 -9999.0 -9999.0 -9999.0 -9999.0 -9999.0 -9999.0 -9999.0 -9999.0 -9999.0 -550.049929 -746.971162 -3387.776410 -3376.490258 -3443.967715 -3484.359435 -769.990634 -277.463938 -154.479009 -9999.0 -9999.0 -9999.0 -9999.0 -9999.0 -9999.0 -9999.0 -9999.0 -9999.0 -9999.0 -9999.0 -9999.0 -9999.0 -9999.0 -9999.0 -9999.0 -9999.0 -9999.0 -9999.0 -9999.0 -9999.0 -9999.0 -9999.0 -9999.0 -9999.0
-9999.0 -9999.0 -9999.0 -9999.0 -9999.0 -9999.0 -9999.0 -9999.0 -9999.0 -9999.0 -9999.0 -9999.0 -9999.0 -9999.0 -9999.0 -9999.0 -9999.0 -9999.0 -2921.093903 -787.022400 -9999.0 -641.658960 -782.405214 -3347.393486 -3242.705616 -3301.856083 -2608.168262 -3126.420102 -2858.517418 -3005.341191 -605.437161 -295.695760 -297.371539 -1747.032663 -9999.0 -9999.0 -9999.0 -9999.0 -9999.0 -9999.0 -9999.0 -9999.0 -9999.0 -9999.0 -9999.0 -9999.0 -9999.0 -9999.0 -9999.0 -9999.0 -9999.0 -9999.0 -9999.0 -9999.0 -9999.0 -9999.0 -9999.0
-9999.0 -9999.0 -9999.0 -9999.0 -9999.0 -9999.0 -9999.0 -9999.0 -9999.0 -9999.0 -9999.0 -9999.0 -9999.0 -9999.0 -9999.0 -9999.0 -9999.0 -3356.448824 -3268.106587 -8014.565871 -5792.611273 -1553.332935 -3003.637852 -3167.887369 -3131.488231 -1242.535921 2651.587770 -2626.956824 1185.997219 -2512.163185 -857.376706 -654.967782 -3540.167881 -2191.716267 -484.753506 -1030.836443 -9999.0 -9999.0 -9999.0 -9999.0 -9999.0 -9999.0 -9999.0 -9999.0 -9999.0 -9999.0 -9999.0 -9999.0 -9999.0 -9999.0 -9999.0 -9999.0 -9999.0 -9999.0 -9999.0 -9999.0 -9999.0
-9999.0 -9999.0 -9999.0 -9999.0 -9999.0 -9999.0 -9999.0 -9999.0 -9999.0 -9999.0 -9999.0 -9999.0 -9999.0 -2990.595579 -3096.035636 -3164.483264 -3307.966616 -8719.699014 -3309.262373 -3230.852775 -3201.210909 -3169.618960 -3235.454207 -3265.107042 -833.263503 -772.979242 -463.032220 -643.393960 -955.954645 -602.663732 -183.514339 -589.816120 -492.773638 -305.499473 -231.754629 -872.798110 -9999.0 -9999.0 -9999.0 -9999.0 -9999.0 -9999.0 -9999.0 -9999.0 -9999.0 -9999.0 -9999.0 -9999.0 -9999.0 -9999.0 -9999.0 -9999.0 -9999.0 -9999.0 -9999.0 -9999.0 -9999.0
-9999.0 -9999.0 -9999.0 -9999.0 -9999.0 -9999.0 -9999.0 -9999.0 -9999.0 -9999.0 -9999.0 -9999.0 -9999.0 -3049.203335 -3267.596351 -3303.066575 -3267.329999 -3565.566711 -8721.104682 -3229.477955 -3268.897220 -3464.258618 -3143.063212 -2993.730021 -3099.107998 -3062.474752 -532.144908 -2535.575361 -356.416734 1070.394305 986.480966 -320.163555 -244.912638 -247.670751 -293.151187 -9999.0 -9999.0 -9999.0 -9999.0 -9999.0 -9999.0 -9999.0 -9999.0 -9999.0 -9999.0 -9999.0 -9999.0 -9999.0 -9999.0 -9999.0 -9999.0 -9999.0 -9999.0 -9999.0 -9999.0 -9999.0 -9999.0
-9999.0 -9999.0 -9999.0 -9999.0 -9999.0 -9999.0 -9999.0 -9999.0 -9999.0 -9999.0 -9999.0 -9999.0 -9999.0 -3322.122145 346.691421 -3382.087721 -3270.060125 -3258.082988 -8900.025138 -3311.155091 -3502.876361 -7325.115540 -2155.672562 -1137.767083 -3188.179246 -3154.912242 -1198.205911 -375.489243 -204.780859 -230.807647 -206.709383 -140.005865 -313.385148 4369.618405 -628.665951 -9999.0 -9999.0 -9999.0 -9999.0 -9999.0 -9999.0 -9999.0 -9999.0 -9999.0 -9999.0 -9999.0 -9999.0 -9999.0 -9999.0 -9999.0 -9999.0 -9999.0 -9999.0 -9999.0 -9999.0 -9999.0 -9999.0
-9999.0 -9999.0 -9999.0 -9999.0 -9999.0 -9999.0 -9999.0 -9999.0 -9999.0 -9999.0 -9999.0 -9999.0 -3232.276801 6237.770836 -3317.230737 -3169.882114 -3052.947903 -3197.608039 -3829.697953 -8114.402863 -3172.422938 -1322.935856 -3042.413195 -695.688636 -191.873623 -525.358877 -179.576296 -263.961506 -406.285031 -234.390350 -166.774690 -270.442579 3.990950 -2856.292755 -9999.0 -9999.0 -9999.0 -9999.0 -9999.0 -9999.0 -9999.0 -9999.0 -9999.0 -9999.0 -9999.0 -9999.0 -9999.0 -9999.0 -9999.0 -9999.0 -9999.0 -9999.0 -9999.0 -9999.0 -9999.0 -9999.0 -9999.0
-9999.0 -9999.0 -9999.0 -9999.0 -9999.0 -9999.0 -9999.0 -9999.0 -9999.0 -9999.0 -9999.0 -2392.882366 -3335.418054 27.460097 -3351.227470 -3429.603357 -8520.300191 -3284.474914 -3499.900210 -8849.301908 -3193.418215 -3155.755809 -1266.986873 -626.291065 -1786.252548 -536.920536 -230.518466 -406.989669 3221.879374 -398.914031 -358.398023 -485.127004 -215.060910 -640.282368 -324.034854 -309.363667 -284.642931 -737.499850 -934.873735 -9999.0 -9999.0 -9999.0 -1400.158859 -9999.0 -9999.0 -9999.0 -9999.0 -9999.0 -9999.0 -9999.0 -9999.0 -9999.0 -9999.0 -9999.0 -9999.0 -9999.0 -9999.0
-9999.0 -9999.0 -9999.0 -9999.0 -9999.0 -9999.0 -9999.0 -9999.0 -9999.0 -9999.0 -9999.0 -1959.308615 -3389.675293 -3531.555769 -3526.418892 -3446.009899 -3637.321045 -3341.285675 -3573.167777 -3464.781373 -3457.380142 -3179.771895 -581.649558 23802.027633 9396.400960 -473.039322 -352.516113 -528.226110 -175.739365 -460.731209 -367.471748 -555.215088 -152.653647 -20.868816 -258.234904 -397.107580 -700.678103 -2065.899993 -1000.938552 -810.578645 -660.475543 -782.978556 -298.504530 -324.682698 -9999.0 -9999.0 -9999.0 -316.417553 -190.808141 -191.746786 -118.055664 -277.722072 -296.317004 -703.673432 -460.035330 -371.541670 -9999.0
-9999.0 -9999.0 -9999.0 -9999.0 -9999.0 -9999.0 -9999.0 -9999.0 -9999.0 -9999.0 -9999.0 -1392.767159 -2413.914047 -2728.142475 -3088.931300 -3683.948436 -3008.326544 -3175.555289 -3644.651321 -3460.909039 -2960.932978 -697.437723 6490.369680 -452.399388 -485.093960 -2745.707843 11121.964583 -162.066222 -508.030947 -201.862813 -382.962887 16695.529569 -506.159549 3.380089 -245.853128 -575.947238 2821.561212 -146.668070 -2623.393609 -922.553080 -660.258926 -577.269554 -512.022621 -397.488565 -64.025203 -9999.0 -1467.510055 -84.290689 -264.411288 -470.343214 -858.192092 -3195.126064 -712.578386 -258.715985 -290.970937 3.501488 -9999.0
-9999.0 -9999.0 -9999.0 -9999.0 -9999.0 -9999.0 -9999.0 -9999.0 -9999.0 -9999.0 -9999.0 -9999.0 -1699.875521 -387.616538 -2937.378461 -3123.690732 -2835.708129 -3095.919823 -3525.396181 -3441.594063 -3043.202986 -2129.410292 506.569660 1624.451217 110654.317545 12775.992358 2253.418749 -1056.379282 -282.369518 -305.444718 -329.560026 13128.398166 -1096.502028 -214.887822 -125.418937 -463.944372 10821.986598 -131.912701 -1632.076589 -2586.000770 -2177.679622 -3727.949555 1368.304969 -557.130594 -238.811712 -89.255800 -323.315616 3.115014 137267.646906 1812.566903 1072.244688 13820.916765 -161.836695 16063.201975 264878.773238 -121.300211 -44.974758
-9999.0 -9999.0 -9999.0 -9999.0 -9999.0 -9999.0 -9999.0 -9999.0 -9999.0 -9999.0 -9999.0 1213.458051 -739.422590 -3313.688443 -345.212626 -1243.077030 -2929.154727 -3024.560993 -3656.062370 -3207.850652 -3089.694403 -2638.796688 188.532764 12220.925772 9245.932855 -146.710753 2904.431944 -267.235897 -263.051116 -2143.741321 12889.273509 -168.757089 -767.438041 -235.949749 -233.290138 -367.798645 -546.179570 1354.498336 -715.847714 -2852.740411 1374.339503 -1036.378602 367.831877 -128.099713 -1017.193957 -264.590773 -420.833234 -1036.507427 -808.979129 963.787005 2128057.662938 -281.796174 1255294.341382 211903.630253 173468.447977 6.162673 -171.270683
-9999.0 -9999.0 -9999.0 -9999.0 -9999.0 -9999.0 -9999.0 -9999.0 -9999.0 -9999.0 2104.305415 1003.421697 -737.187876 -845.413114 -2077.027172 2226.167812 2262.667323 -1333.638244 -3156.756972 -3187.220145 -3250.619537 -1603.157629 277068.088168 -850.425278 820.413086 -192.920233 19296.761533 2281783.625096 -1256.940209 -839.627706 921.992224 1160.491618 -701.582983 -226.122594 -704.458602 -508.826585 -690.090122 3324.265310 18010.705313 -378.321299 -705.689736 -18.439871 -162.035700 -1167.572624 -657.975719 -2482.688186 -527.112147 1157.313951 -175.847018 -448.089674 777857.368707 -219.722080 161878.224275 -6.793879 -118.163706 -226.110504 -226.739398
-9999.0 -9999.0 -9999.0 -9999.0 -9999.0 -9999.0 -9999.0 -9999.0 -9999.0 -508.267063 -550.620180 967.141318 -88.714961 1538.463950 992.732904 809.391324 -330.793230 -2985.145534 -3180.923102 -3218.147082 -3322.662580 -2932.042174 -2510.707218 -2768.712363 -426.726863 7217132.928850 274645.511648 -667.972533 1006.297648 53.525837 -322.894228 7078245.332853 -552.309575 -419.842667 -769.300725 -462.319642 -640.381759 15408.497421 7187.544532 983.501638 -203.219494 129120.792135 199628.084340 -2147.279445 -2818.925598 -788.268913 -2131.925158 2979.857906 2176.680908 -362.794445 19514.149473 -173.797984 -7.314927 -312.234179 -191.917440 901158.800874 485808.862232
-9999.0 -9999.0 -9999.0 -9999.0 -9999.0 -9999.0 -9999.0 -9999.0 -9999.0 -805.041873 -501.065370 -960.121365 4710.587470 -387.261023 1011.411439 1418.045390 -1019.558470 -2549.902587 -3251.337066 -3453.678421 -3408.176488 -3484.476281 -2778.081270 -722.323013 7169716.898906 16179.719670 1286.698877 -377.808651 -563.753910 -805.422126 -1039.115961 6907470.281107 -433.465107 -103.375980 -270.437225 -604.609634 -1868.638583 -3578.596895 -490.324561 -856.721786 7050.891487 18764.918877 1083.865915 -810.335996 -2893.512211 -2621.154086 -2779.632198 -1898.641244 -429.985862 -704.076029 7026123.156250 4618610.606219 -186.667457 -532.824447 -11.570692 1003128.157104 299659.028532
-9999.0 -9999.0 -9999.0 -9999.0 -9999.0 -9999.0 -9999.0 -9999.0 -9999.0 -9999.0 -325.618471 -773.509659 -655.385557 -227.646768 -611.056123 992.944667 -545.390552 -2946.663600 -3339.459580 -3200.844956 -3410.899686 -3035.761309 1403.051373 49538.964100 9477.853302 968.517696 -380.933348 -830.638077 -849.288432 7266025.425586 7157407.532204 -163.367343 5088477.281726 -225.129560 -466.323943 -747.017946 -637.697439 -658.853712 -1587.993826 -388.788106 -304.295622 -568.739004 4773.410150 -781.313392 -1114.092918 -567.330439 -2946.962412 -2873.747270 -3030.000441 -1019.718039 7011407.538566 380798.983145 -175.725295 -101.073938 -535.918826 -88.433908 -242.235302
-9999.0 -9999.0 -9999.0 -9999.0 -9999.0 -9999.0 -9999.0 -9999.0 -9999.0 -9999.0 -266.920618 -516.061079 -597.699299 -230.611283 -754.008469 -2414.766240 -1173.135175 -3080.196943 -3376.368670 -3302.202458 -3259.340490 -3112.998575 1845.712437 -653.144542 -287.285118 -537.909783 -900.043833 823.059547 7316026.357046 5091369.771061 -373.327926 -448.315265 667069.305754 -177.653668 -406.094012 -652.228884 -188.453111 993.522558 20107.985109 -258.587922 -427.246643 -5684.101862 1604.880841 -785.131809 -651.896879 89748.417686 -116.422207 -965.237715 -3048.275721 -2914.041680 -219.652900 24525.441212 4744633.567851 -165.030157 -109.126446 -156.104928 -145.994921
-9999.0 -9999.0 -9999.0 -9999.0 -9999.0 -9999.0 -9999.0 -9999.0 -424.878010 -304.150332 -322.291053 -432.429051 4926.504559 1098.933077 10093.436993 -1278.733074 -3158.267911 -3494.647130 -3323.415560 -3333.163704 -3443.872963 -3402.052378 -3366.082270 -3279.473868 -1920.546832 -873.632293 -743.329743 4720509.575944 20442.325573 4442708.851024 -208.027559 -381.991150 -387.778093 -233.873867 -418.551675 -506.461085 -2598.511886 771.260606 7228834.824620 -769.250462 -2652.585760 -581.449864 2142640.611444 -1027.859427 -4078.159813 2057.863645 7109104.482424 1204.398868 -489.712289 -1067.665760 -511.358528 2426618.316912 2034665.535120 4330744.258456 -171.427382 -229.082351 -210.509815
-9999.0 -9999.0 -9999.0 -9999.0 -9999.0 -9999.0 -9999.0 -9999.0 -68.441410 13477.639037 1776153.687571 -252.289242 -487.615471 -181.614681 6428422.886117 -624.883884 -2994.062883 -3089.419264 -3420.081362 -3381.561382 -3633.474404 -3785.915460 -3895.691178 -3892.118246 -3268.211358 -2861.587937 -648.646174 1073.064945 783018.800526 -254.486111 -51.619963 -752.535659 -480.722565 -1232.867951 -449.549211 -548.285694 -3124.426437 -317.959701 1095.420243 -623.557238 -379.341915 -666.035849 -2243.846494 -704.278027 2548.122864 3737.664786 2313902.343423 -552.853717 1025.350909 -814.639254 -612.428146 1110.092037 1900484.647438 -86.116695 -575.744607 63969.395140 9448.118472
-9999.0 -9999.0 -9999.0 -9999.0 -9999.0 -9999.0 -9999.0 -9999.0 -391.176426 3316.305356 -52.001052 5047058.169884 -342.360389 1810056.312024 2734.487573 2967045.025524 -1777.030095 -3058.137862 -3386.289958 -3554.349604 -3417.904110 -3729.518045 -3820.162931 -3363.888701 -3466.714206 -3055.440886 -723.093172 7437549.589873 1366422.222043 -380.112733 -1458.124925 -520.837902 22229.515029 17662.284320 -574.757361 -2855.119795 -517.094768 -775.784567 2822.362249 1281.794521 -574.773234 -2994.923531 -491.565962 2544.326263 16411.721991 -473.200265 -707.700273 -332.106863 76443.888649 1297.315475 -1512.762005 -430.336929 799889.066164 1974471.143137 1344.882949 443.778314 -382.307442
-9999.0 -9999.0 -9999.0 -9999.0 -9999.0 -9999.0 -9999.0 -9999.0 -223.632929 -560.756227 1598.644056 955394.469527 -379.690649 16730.570081 758503.717473 -545.559862 -3160.753383 -3310.305220 -3352.947373 -3394.209249 -3328.269584 -3358.892078 -3566.721846 -3445.827769 -3085.729510 -1877.232435 17157.235545 7303188.638517 -583.264526 1271.000411 2527.985464 1015.674557 22.631528 279.772662 -614.256325 -2525.410541 -3295.887706 -3049.187768 -1091.265668 -523.713804 -860.507474 -938.204684 -880.481843 -3928.190141 -388.236478 -2904.563060 -1462.918315 -3221.630443 -463.007106 7095.820569 -339.365383 -2407.978315 -527.087810 1169.771104 -336.669530 -503.109084 -2483.221717
-9999.0 -9999.0 -9999.0 -9999.0 -9999.0 -9999.0 -9999.0 -9999.0 -489.310655 -341.855926 -180.828757 7338447.843266 417798.163490 17708.669286 -489.224853 -2327.340132 -1782.700772 -2658.845653 -2667.729993 -3102.315378 -3279.878453 -3250.969639 -3229.490935 -3143.277738 -3332.837917 -2193.813874 7277975.350350 -367.309322 -554.130134 99.196262 61689.076120 -436.053168 -2166.204000 -740.059352 -1187.136102 -2855.626782 -2943.893769 -3169.408614 -3112.765284 -1839.193237 -2124.548919 -2444.444855 -1109.572464 -525.065531 4580.971844 -1081.176844 1020.945524 799.160592 1071.229409 -448.890499 -2571.586681 -2633.646825 -2355.117865 -1078.354088 -684.258330 -774.390335 -1702.966327
