user2019/resources/simulation/Vinschgau/output-maps/psiL0004N0002.asc
ncols         63
nrows         48
xllcorner     598000.000000
yllcorner     5145000.000000
cellsize      1000.000000
NODATA_value  -9999.0
[rows 0 to 25 of 48, columns 0 to 57 of 63]
-9999.0 -9999.0 -9999.0 -9999.0 -9999.0 -9999.0 -9999.0 -9999.0 -9999.0 -9999.0 -9999.0 -9999.0 -9999.0 -9999.0 -9999.0 -9999.0 -9999.0 -9999.0 -9999.0 -9999.0 -9999.0 -9999.0 -9999.0 -9999.0 -9999.0 -9999.0 -9999.0 -9999.0 -9999.0 -9999.0 -9999.0 -9999.0 -9999.0 -9999.0 -9999.0 -9999.0 -9999.0 -9999.0 -9999.0 -9999.0 -9999.0 -9999.0 -9999.0 -9999.0 -9999.0 -9999.0 -9999.0 -9999.0 -9999.0 -9999.0 -9999.0 -9999.0 -9999.0 -9999.0 -9999.0 -9999.0 -9999.0 -9999.0
-9999.0 -9999.0 -9999.0 -9999.0 -9999.0 -9999.0 -9999.0 -9999.0 -9999.0 -9999.0 -9999.0 -9999.0 -9999.0 -9999.0 -9999.0 -9999.0 -9999.0 -9999.0 -9999.0 -9999.0 -9999.0 -9999.0 -9999.0 -9999.0 -9999.0 -9999.0 -9999.0 -951.846101 -940.411967 -952.344025 -942.844533 -944.812648 -944.536038 -9999.0 -9999.0 -9999.0 -9999.0 -9999.0 -9999.0 -9999.0 -9999.0 -9999.0 -9999.0 -9999.0 -9999.0 -9999.0 -9999.0 -9999.0 -9999.0 -9999.0 -9999.0 -9999.0 -9999.0 -9999.0 -9999.0 -9999.0 -9999.0 -9999.0
-9999.0 -9999.0 -9999.0 -9999.0 -9999.0 -9999.0 -9999.0 -9999.0 -9999.0 -9999.0 -9999.0 -9999.0 -9999.0 -9999.0 -9999.0 -9999.0 -9999.0 -9999.0 -9999.0 -9999.0 -9999.0 -9999.0 -9999.0 -9999.0 -945.425028 -943.579519 -940.970873 -942.059958 -940.006912 -940.835545 -942.908439 -9999.0 -9999.0 -9999.0 -9999.0 -9999.0 -9999.0 -9999.0 -9999.0 -9999.0 -9999.0 -9999.0 -9999.0 -9999.0 -9999.0 -9999.0 -9999.0 -9999.0 -9999.0 -9999.0 -9999.0 -9999.0 -9999.0 -9999.0 -9999.0 -9999.0 -9999.0 -9999.0
-9999.0 -9999.0 -9999.0 -9999.0 -9999.0 -9999.0 -9999.0 -9999.0 -9999.0 -9999.0 -9999.0 -9999.0 -9999.0 -9999.0 -9999.0 -9999.0 -9999.0 -9999.0 -9999.0 -9999.0 -9999.0 -9999.0 -9999.0 -946.760229 -942.107705 -952.542357 -949.686664 -950.090297 -950.148919 -940.788929 -942.806705 -944.709521 -9999.0 -9999.0 -9999.0 -9999.0 -9999.0 -9999.0 -9999.0 -9999.0 -9999.0 -9999.0 -9999.0 -9999.0 -9999.0 -9999.0 -9999.0 -9999.0 -9999.0 -9999.0 -9999.0 -9999.0 -9999.0 -9999.0 -9999.0 -9999.0 -9999.0 -9999.0
-9999.0 -9999.0 -9999.0 -9999.0 -9999.0 -9999.0 -9999.0 -9999.0 -9999.0 -9999.0 -9999.0 -9999.0 -9999.0 -9999.0 -9999.0 -9999.0 -9999.0 -9999.0 -949.407444 -953.259850 -9999.0 -950.090927 -946.824238 -953.179486 -949.927897 -556.673963 -494.615323 -543.650518 -538.097358 -952.066516 -943.349423 -944.134695 -952.139820 -951.313927 -9999.0 -9999.0 -9999.0 -9999.0 -9999.0 -9999.0 -9999.0 -9999.0 -9999.0 -9999.0 -9999.0 -9999.0 -9999.0 -9999.0 -9999.0 -9999.0 -9999.0 -9999.0 -9999.0 -9999.0 -9999.0 -9999.0 -9999.0 -9999.0
-9999.0 -9999.0 -9999.0 -9999.0 -9999.0 -9999.0 -9999.0 -9999.0 -9999.0 -9999.0 -9999.0 -9999.0 -9999.0 -9999.0 -9999.0 -9999.0 -9999.0 -955.127000 -954.271760 -985.148753 -953.268331 -959.029047 -955.889620 -949.891441 -549.831852 -961.135030 -1027.325033 -950.989523 -991.598361 -557.133428 -940.153112 -945.757615 -952.950575 -952.265183 -952.413962 -951.787579 -9999.0 -9999.0 -9999.0 -9999.0 -9999.0 -9999.0 -9999.0 -9999.0 -9999.0 -9999.0 -9999.0 -9999.0 -9999.0 -9999.0 -9999.0 -9999.0 -9999.0 -9999.0 -9999.0 -9999.0 -9999.0 -9999.0
-9999.0 -9999.0 -9999.0 -9999.0 -9999.0 -9999.0 -9999.0 -9999.0 -9999.0 -9999.0 -9999.0 -9999.0 -9999.0 -959.917082 -957.649037 -956.846756 -955.332924 -958.012847 -955.164247 -954.765222 -954.038905 -953.438365 -951.119071 -455.511532 -961.370430 -943.036561 -966.619067 -953.677716 -954.739685 -953.745684 -951.785056 -945.341283 -949.981392 -951.420808 -952.545352 -951.994341 -9999.0 -9999.0 -9999.0 -9999.0 -9999.0 -9999.0 -9999.0 -9999.0 -9999.0 -9999.0 -9999.0 -9999.0 -9999.0 -9999.0 -9999.0 -9999.0 -9999.0 -9999.0 -9999.0 -9999.0 -9999.0 -9999.0
-9999.0 -9999.0 -9999.0 -9999.0 -9999.0 -9999.0 -9999.0 -9999.0 -9999.0 -9999.0 -9999.0 -9999.0 -9999.0 -960.810050 -955.851816 -957.355379 -957.331652 -950.303510 -958.961805 -953.768213 -578.828736 -526.806975 -596.466271 -955.397445 -951.314665 -953.330850 -946.883548 -952.320478 -951.874501 -958.357713 -960.182009 -947.551454 -952.177170 -952.507964 -952.556051 -9999.0 -9999.0 -9999.0 -9999.0 -9999.0 -9999.0 -9999.0 -9999.0 -9999.0 -9999.0 -9999.0 -9999.0 -9999.0 -9999.0 -9999.0 -9999.0 -9999.0 -9999.0 -9999.0 -9999.0 -9999.0 -9999.0 -9999.0
-9999.0 -9999.0 -9999.0 -9999.0 -9999.0 -9999.0 -9999.0 -9999.0 -9999.0 -9999.0 -9999.0 -9999.0 -9999.0 -957.838760 -953.979525 -956.497434 -963.181410 -957.047074 -961.665123 -638.244049 -949.453381 -982.124609 -964.118846 -990.649563 -953.636694 -954.240536 -952.421643 -951.913951 -946.031559 -951.973142 -948.397636 -952.439128 -952.074312 -951.471141 -951.770088 -9999.0 -9999.0 -9999.0 -9999.0 -9999.0 -9999.0 -9999.0 -9999.0 -9999.0 -9999.0 -9999.0 -9999.0 -9999.0 -9999.0 -9999.0 -9999.0 -9999.0 -9999.0 -9999.0 -9999.0 -9999.0 -9999.0 -9999.0
-9999.0 -9999.0 -9999.0 -9999.0 -9999.0 -9999.0 -9999.0 -9999.0 -9999.0 -9999.0 -9999.0 -9999.0 -960.993322 -954.450424 -956.861032 -960.699414 -1006.392648 -959.495322 -422.816962 -1004.174532 -955.404095 -961.708624 -958.599446 -959.968688 -954.680367 -952.637217 -958.793296 -951.057040 -949.145509 -952.037659 -952.717218 -952.198507 -953.619480 -951.666436 -9999.0 -9999.0 -9999.0 -9999.0 -9999.0 -9999.0 -9999.0 -9999.0 -9999.0 -9999.0 -9999.0 -9999.0 -9999.0 -9999.0 -9999.0 -9999.0 -9999.0 -9999.0 -9999.0 -9999.0 -9999.0 -9999.0 -9999.0 -9999.0
-9999.0 -9999.0 -9999.0 -9999.0 -9999.0 -9999.0 -9999.0 -9999.0 -9999.0 -9999.0 -9999.0 -967.331826 -959.031766 -956.822209 -966.321463 -960.797171 -989.635790 -962.748682 -547.122686 -1009.339519 -959.579818 -955.937634 -957.981047 -955.895308 -955.448819 -950.749206 -955.534968 -951.633384 -950.709594 -952.267736 -952.071206 -955.821955 -953.149675 -952.282630 -952.172994 -952.816618 -972.235873 -984.780386 -978.367539 -9999.0 -9999.0 -9999.0 -952.306148 -9999.0 -9999.0 -9999.0 -9999.0 -9999.0 -9999.0 -9999.0 -9999.0 -9999.0 -9999.0 -9999.0 -9999.0 -9999.0 -9999.0 -9999.0
-9999.0 -9999.0 -9999.0 -9999.0 -9999.0 -9999.0 -9999.0 -9999.0 -9999.0 -9999.0 -9999.0 -973.157337 -959.665851 -957.859230 -962.332420 -977.815623 -961.284684 -960.667379 -581.098215 -956.844974 -953.316401 -952.985476 -959.360026 -1019.891571 -979.682164 -953.863585 -954.674976 -950.241604 -952.483913 -952.317091 -956.121874 -952.667417 -962.545607 -963.069501 -990.736032 -975.943895 -968.098603 -976.599220 -983.694815 -952.644847 -952.555689 -952.485403 -967.420396 -952.293301 -9999.0 -9999.0 -9999.0 -949.204428 -945.424871 -951.757060 -939.310386 -950.982913 -950.966235 -941.596870 -939.856069 -950.551204 -9999.0 -9999.0
-9999.0 -9999.0 -9999.0 -9999.0 -9999.0 -9999.0 -9999.0 -9999.0 -9999.0 -9999.0 -9999.0 -970.016487 -973.223057 -975.151293 -964.766041 -963.711867 -976.705305 -961.795892 -956.902459 -629.325698 -956.284165 -956.583378 -983.191314 -960.931147 -955.786242 -952.492811 -970.739910 -964.414206 -952.660543 -955.695906 -952.875743 -1001.216228 -958.338723 -968.124031 -952.658392 -967.974706 -1041.538360 -1007.194664 -1027.383737 -953.705071 -980.252361 -964.832777 -963.372722 -960.876384 -953.547795 -9999.0 -951.166209 -946.118138 -942.311853 -940.761497 -937.032598 -952.385509 -931.339989 -931.674025 -928.729197 -929.570779 -9999.0 -9999.0
-9999.0 -9999.0 -9999.0 -9999.0 -9999.0 -9999.0 -9999.0 -9999.0 -9999.0 -9999.0 -9999.0 -9999.0 -968.235288 -998.897754 -973.765794 -967.851750 -1272.615189 -964.049893 -952.800095 -434.317295 -955.420868 -954.544136 -954.964468 -963.613028 -1010.065641 -970.209067 -949.539467 -953.004498 -955.241243 -952.728040 -956.991740 -991.673911 -955.378167 -974.606327 -977.871170 -976.060433 -1091.462916 -994.090030 -988.805284 -1005.859834 -964.264201 -953.208854 -979.912332 -951.494377 -952.353506 -949.242719 -951.594621 -944.671662 -960.288124 -951.010847 -558.192171 -947.179822 -946.102894 -948.635326 -952.454460 -925.860214 -927.197309 -9999.0
-9999.0 -9999.0 -9999.0 -9999.0 -9999.0 -9999.0 -9999.0 -9999.0 -9999.0 -9999.0 -9999.0 -1033.018683 -982.283742 -962.499998 -981.232716 -978.739268 -961.352922 -961.095515 -951.843325 -595.442537 -954.154412 -954.911077 -953.362207 -969.872833 -966.910203 -953.923475 -957.441701 -957.659803 -958.586174 -952.625842 -979.507066 -964.111583 -953.404881 -971.411810 -983.305986 -975.441875 -980.775564 -1009.636352 -596.688434 -957.400172 -970.068088 -953.924656 -952.352893 -971.318012 -948.712397 -946.897410 -945.640592 -952.352301 -952.530074 -472.308077 -956.358140 -932.511806 -958.439509 -953.152888 -952.437031 -950.828374 -951.196777 -9999.0
-9999.0 -9999.0 -9999.0 -9999.0 -9999.0 -9999.0 -9999.0 -9999.0 -9999.0 -9999.0 -954.037224 -977.316311 -971.665007 -972.659328 -957.461310 -958.986740 -958.111256 -983.260482 -954.782195 -891.947878 -952.283051 -951.224455 -986.133391 -951.393287 -952.988979 -952.463245 -970.626690 -958.754534 -952.962350 -951.994911 -954.919787 -956.560793 -953.252698 -966.772453 -951.939747 -953.063120 -964.796051 -1022.163942 -1019.905133 -570.076721 -561.972174 -972.364395 -956.242833 -950.858525 -957.995451 -952.755719 -944.910906 -954.698251 -946.069323 -548.724512 -954.635589 -951.193534 -951.887658 -950.520209 -950.757581 -922.151778 -920.894836 -9999.0
-9999.0 -9999.0 -9999.0 -9999.0 -9999.0 -9999.0 -9999.0 -9999.0 -9999.0 -971.156624 -959.500483 -964.515796 -960.490104 -988.292809 -963.820247 -961.868307 -967.705669 -951.101784 -954.530749 -866.290103 -952.454919 -953.744628 -953.480166 -571.220202 -553.001915 -990.799838 -996.595545 -951.863856 -953.001757 -951.671265 -539.747437 -1092.297984 -952.739629 -952.251593 -952.213801 -952.773271 -958.367278 -1041.103800 -1007.968106 -963.446505 -961.321290 -998.934442 -1006.891931 -580.790264 -949.432260 -956.063070 -939.594426 -953.843793 -949.883347 -529.309086 -949.718178 -951.298012 -950.706979 -950.613389 -950.801431 -955.077242 -950.900666 -951.212814
-9999.0 -9999.0 -9999.0 -9999.0 -9999.0 -9999.0 -9999.0 -9999.0 -9999.0 -967.278701 -978.475901 -957.718458 -950.830800 -957.937864 -965.727469 -974.419951 -952.296732 -954.106535 -954.841821 -910.249902 -840.497004 -564.231183 -558.918554 -950.044824 -985.590643 -965.456098 -954.402203 -951.291641 -556.493025 -547.800802 -948.512715 -1152.276451 -952.102843 -959.454489 -958.445462 -952.853576 -952.908336 -953.023062 -962.060422 -951.359921 -981.378577 -994.426084 -967.178332 -945.073607 -418.227925 -441.961238 -532.810571 -937.725500 -940.816187 -532.529922 -1013.501337 -964.942856 -950.677034 -933.921254 -951.116316 -959.951896 -948.023997 -944.361486
-9999.0 -9999.0 -9999.0 -9999.0 -9999.0 -9999.0 -9999.0 -9999.0 -9999.0 -9999.0 -979.441654 -955.693595 -957.026146 -955.764570 -955.908126 -959.937441 -955.941183 -954.257646 -955.530546 -550.740657 -952.798800 -952.365515 -955.249903 -961.764639 -961.698715 -951.779206 -950.157439 -562.571858 -948.725519 -998.517601 -1046.166771 -960.220546 -1033.251279 -955.018173 -950.907618 -950.525025 -950.608932 -951.681229 -952.984493 -953.030917 -953.830821 -946.339988 -942.151267 -955.501890 -954.271787 -950.480207 -940.166534 -524.625918 -491.267524 -929.963645 -961.532199 -949.390797 -950.780055 -950.617828 -931.665868 -917.933138 -906.794867 -916.443420
-9999.0 -9999.0 -9999.0 -9999.0 -9999.0 -9999.0 -9999.0 -9999.0 -9999.0 -9999.0 -978.574452 -961.616287 -954.336819 -955.626704 -555.754455 -955.461196 -955.459259 -954.429973 -955.905046 -538.079318 -952.805246 -952.050306 -958.334167 -957.174544 -952.717016 -949.487184 -540.700917 -950.952990 -972.777817 -1012.730603 -951.311532 -950.213637 -958.953313 -953.912601 -951.565493 -949.347955 -957.113859 -963.271029 -989.193779 -946.669868 -948.173456 -952.963138 -958.714801 -942.388891 -938.915767 -983.603546 -941.616226 -943.822811 -920.994279 -520.078167 -915.157868 -943.212085 -954.691080 -950.816099 -950.586343 -950.709223 -916.428070 -928.147885
-9999.0 -9999.0 -9999.0 -9999.0 -9999.0 -9999.0 -9999.0 -9999.0 -957.420963 -970.770899 -977.317581 -956.261854 -957.782723 -958.419430 -959.059207 -586.320621 -572.098621 -577.194182 -525.877209 -917.751521 -953.416494 -952.303280 -951.980450 -953.316768 -951.686276 -562.323822 -945.529826 -958.282061 -958.453301 -1008.999543 -952.219304 -949.796835 -948.878852 -951.348086 -948.066036 -949.982366 -944.860456 -954.385700 -1413.411148 -951.822458 -952.199827 -941.557717 -957.041298 -951.744546 -952.357247 -931.624625 -1114.446231 -943.486110 -935.383800 -333.206961 -899.593129 -923.104468 -945.747023 -958.929259 -950.646337 -898.671385 -951.378821 -883.110865
-9999.0 -9999.0 -9999.0 -9999.0 -9999.0 -9999.0 -9999.0 -9999.0 -969.528133 -959.152385 -986.367503 -978.071710 -959.413742 -954.091750 -971.844172 -953.423411 -953.491920 -953.383118 -954.681885 -530.149050 -950.926419 -952.735332 -952.253291 -951.733487 -951.990863 -580.162440 -950.162668 -951.442774 -961.562826 -951.869742 -954.695248 -952.186412 -946.578268 -952.239478 -944.485185 -943.522436 -938.330460 -946.267224 -951.852419 -940.522516 -938.997830 -894.711175 -951.682102 -936.825666 -934.604719 -948.882039 -954.916339 -926.120338 -931.802884 -904.320848 -508.750265 -911.025035 -944.061965 -894.021724 -880.853809 -955.137688 -917.547866 -893.648826
-9999.0 -9999.0 -9999.0 -9999.0 -9999.0 -9999.0 -9999.0 -9999.0 -959.402781 -950.421128 -952.169960 -1001.824139 -953.881393 -969.794431 -955.428650 -959.179130 -952.448947 -953.096379 -954.230794 -801.445906 -431.286237 -953.278149 -952.942419 -952.580686 -581.817155 -951.436666 -950.711450 -967.247881 -959.683472 -954.190000 -952.371664 -947.845273 -957.842716 -954.485523 -939.900690 -937.889289 -945.056376 -556.462437 -983.845924 -952.986789 -931.843964 -951.605389 -935.514333 -931.898146 -953.488893 -929.050253 -951.574084 -921.819692 -949.001851 -925.212864 -510.890080 -873.682380 -922.700123 -931.166719 -879.284996 -847.624216 -838.135958 -847.201523
-9999.0 -9999.0 -9999.0 -9999.0 -9999.0 -9999.0 -9999.0 -9999.0 -952.115286 -952.074300 -952.131231 -963.210260 -953.408271 -956.020114 -953.343434 -952.033462 -953.430413 -380.150115 -511.636079 -953.699348 -952.532718 311.636746 324.422300 -572.872598 -951.388569 -950.945581 -954.065409 -991.550135 -950.405695 -952.285719 -954.384028 -950.859886 -949.373687 -946.665761 -949.180305 -934.628147 -931.020091 -532.340870 -947.431166 -948.841883 -931.343150 -930.488669 -929.992892 -951.981406 -930.330994 -951.778613 -925.108929 -951.966273 -921.662633 -932.305539 -902.821246 -509.242720 -825.395392 -873.823649 -784.385117 -782.512931 -817.486434 -59.444942
-9999.0 -9999.0 -9999.0 -9999.0 -9999.0 -9999.0 -9999.0 -9999.0 -973.395207 -952.486926 -951.279968 -957.962775 -951.312001 -950.575515 -948.633716 -951.698241 -548.784584 -952.160613 -951.573852 -952.067695 -952.957867 333.030167 306.168371 -951.307350 -951.123370 -950.922251 -965.466487 -951.149751 -949.323960 -948.112587 -956.692049 -947.272735 -941.913546 -942.949945 -943.966502 -939.632766 -934.035219 -525.660966 -921.463359 -931.455570 -940.526241 -939.901079 -936.885768 -939.854505 -951.089404 -924.159592 -940.290294 -926.977662 -932.830508 -902.169116 -854.906944 -844.536341 -523.095463 -767.496562 70.896621 123.114162 836.159505 690.653721
-9999.0 -9999.0 -952.372855 -952.642822 -961.054975 -963.669482 -957.390029 -972.643822 -954.583511 -953.717303 -952.527793 -950.272505 -949.694366 -948.378436 -592.544591 -548.374747 -950.926532 -955.977419 -952.301206 -951.349845 -952.005408 -953.590343 301.293281 24.709074 -950.921470 -950.895016 -950.550934 -950.201397 -949.785657 -943.456691 -950.075624 -947.664535 -934.991747 -941.203740 -931.753771 -933.138424 -911.180993 -552.685159 -906.407015 -929.132143 -922.559685 -921.182760 -925.924277 -923.111309 -949.692728 -934.786397 -918.144247 -917.961610 -903.254753 -886.520762 -866.989016 -396.222343 -469.007824 -465.657455 1089.406906 1025.811313 -805.807297 -835.856106
