user2019/resources/simulation/Vinschgau/output-maps/psiL0001N0265.asc
ncols         63
nrows         48
xllcorner     598000.000000
yllcorner     5145000.000000
cellsize      1000.000000
NODATA_value  -9999.0
[rows 0 to 25 of 48, columns 0 to 57 of 63]
-9999.0 -9999.0 -9999.0 -9999.0 -9999.0 -9999.0 -9999.0 -9999.0 -9999.0 -9999.0 -9999.0 -9999.0 -9999.0 -9999.0 -9999.0 -9999.0 -9999.0 -9999.0 -9999.0 -9999.0 -9999.0 -9999.0 -9999.0 -9999.0 -9999.0 -9999.0 -9999.0 -9999.0 -9999.0 -9999.0 -9999.0 -9999.0 -9999.0 -9999.0 -9999.0 -9999.0 -9999.0 -9999.0 -9999.0 -9999.0 -9999.0 -9999.0 -9999.0 -9999.0 -9999.0 -9999.0 -9999.0 -9999.0 -9999.0 -9999.0 -9999.0 -9999.0 -9999.0 -9999.0 -9999.0 -9999.0 -9999.0 -9999.0
-9999.0 -9999.0 -9999.0 -9999.0 -9999.0 -9999.0 -9999.0 -9999.0 -9999.0 -9999.0 -9999.0 -9999.0 -9999.0 -9999.0 -9999.0 -9999.0 -9999.0 -9999.0 -9999.0 -9999.0 -9999.0 -9999.0 -9999.0 -9999.0 -9999.0 -9999.0 -9999.0 -23.881317 60761.600001 -23.284520 -232.378946 -504.152201 -507.689759 -9999.0 -9999.0 -9999.0 -9999.0 -9999.0 -9999.0 -9999.0 -9999.0 -9999.0 -9999.0 -9999.0 -9999.0 -9999.0 -9999.0 -9999.0 -9999.0 -9999.0 -9999.0 -9999.0 -9999.0 -9999.0 -9999.0 -9999.0 -9999.0 -9999.0
-9999.0 -9999.0 -9999.0 -9999.0 -9999.0 -9999.0 -9999.0 -9999.0 -9999.0 -9999.0 -9999.0 -9999.0 -9999.0 -9999.0 -9999.0 -9999.0 -9999.0 -9999.0 -9999.0 -9999.0 -9999.0 -9999.0 -9999.0 -9999.0 34350.889072 50417.283946 58045.849065 61569.801464 57502.378333 63854.813765 54247.978508 -9999.0 -9999.0 -9999.0 -9999.0 -9999.0 -9999.0 -9999.0 -9999.0 -9999.0 -9999.0 -9999.0 -9999.0 -9999.0 -9999.0 -9999.0 -9999.0 -9999.0 -9999.0 -9999.0 -9999.0 -9999.0 -9999.0 -9999.0 -9999.0 -9999.0 -9999.0 -9999.0
-9999.0 -9999.0 -9999.0 -9999.0 -9999.0 -9999.0 -9999.0 -9999.0 -9999.0 -9999.0 -9999.0 -9999.0 -9999.0 -9999.0 -9999.0 -9999.0 -9999.0 -9999.0 -9999.0 -9999.0 -9999.0 -9999.0 -9999.0 44281.756834 39525.803636 15370.619333 22503.447129 27335.062415 43153.148267 71364.715591 70467.450420 53077.550618 -9999.0 -9999.0 -9999.0 -9999.0 -9999.0 -9999.0 -9999.0 -9999.0 -9999.0 -9999.0 -9999.0 -9999.0 -9999.0 -9999.0 -9999.0 -9999.0 -9999.0 -9999.0 -9999.0 -9999.0 -9999.0 -9999.0 -9999.0 -9999.0 -9999.0 -9999.0
-9999.0 -9999.0 -9999.0 -9999.0 -9999.0 -9999.0 -9999.0 -9999.0 -9999.0 -9999.0 -9999.0 -9999.0 -9999.0 -9999.0 -9999.0 -9999.0 -9999.0 -9999.0 13047.872601 19290.788847 -9999.0 35706.634893 35993.112384 18629.064388 24491.303168 1114.574928 38018.545242 37565.834941 315.048148 40140.199070 71628.242578 66898.915463 -22.701071 -22.318477 -9999.0 -9999.0 -9999.0 -9999.0 -9999.0 -9999.0 -9999.0 -9999.0 -9999.0 -9999.0 -9999.0 -9999.0 -9999.0 -9999.0 -9999.0 -9999.0 -9999.0 -9999.0 -9999.0 -9999.0 -9999.0 -9999.0 -9999.0 -9999.0
-9999.0 -9999.0 -9999.0 -9999.0 -9999.0 -9999.0 -9999.0 -9999.0 -9999.0 -9999.0 -9999.0 -9999.0 -9999.0 -9999.0 -9999.0 -9999.0 -9999.0 -157.610515 -162.487177 767.342924 -24.830163 18151.821470 27780.800468 47060.367595 2804.615392 54814.117674 -256.856263 -555.707682 51899.874888 39137.103720 43403.320184 71686.612204 -23.159289 -22.593459 -22.922586 -227.861329 -9999.0 -9999.0 -9999.0 -9999.0 -9999.0 -9999.0 -9999.0 -9999.0 -9999.0 -9999.0 -9999.0 -9999.0 -9999.0 -9999.0 -9999.0 -9999.0 -9999.0 -9999.0 -9999.0 -9999.0 -9999.0 -9999.0
-9999.0 -9999.0 -9999.0 -9999.0 -9999.0 -9999.0 -9999.0 -9999.0 -9999.0 -9999.0 -9999.0 -9999.0 -9999.0 37041.468886 20029.672730 47769.601522 36379.163328 685.633969 -174.596960 35606.695909 32046.224643 26306.225066 44717.205459 2343.786820 58278.732366 -318.087423 -23.658975 -1111.568837 -545.382602 -403.079074 45112.445563 53989.885665 57537.084485 85123.459931 -22.049356 -276.917250 -9999.0 -9999.0 -9999.0 -9999.0 -9999.0 -9999.0 -9999.0 -9999.0 -9999.0 -9999.0 -9999.0 -9999.0 -9999.0 -9999.0 -9999.0 -9999.0 -9999.0 -9999.0 -9999.0 -9999.0 -9999.0 -9999.0
-9999.0 -9999.0 -9999.0 -9999.0 -9999.0 -9999.0 -9999.0 -9999.0 -9999.0 -9999.0 -9999.0 -9999.0 -9999.0 22494.458034 12940.306877 32803.751245 33839.165689 22830.688746 -1.654380 -168.384635 3230.870205 56215.488370 47204.930905 44044.791089 38060.671636 48528.570955 61497.984690 -22.830500 -22.616213 -202.979520 -734.859650 -368.653578 -55.722748 -55.848182 -245.778709 -9999.0 -9999.0 -9999.0 -9999.0 -9999.0 -9999.0 -9999.0 -9999.0 -9999.0 -9999.0 -9999.0 -9999.0 -9999.0 -9999.0 -9999.0 -9999.0 -9999.0 -9999.0 -9999.0 -9999.0 -9999.0 -9999.0 -9999.0
-9999.0 -9999.0 -9999.0 -9999.0 -9999.0 -9999.0 -9999.0 -9999.0 -9999.0 -9999.0 -9999.0 -9999.0 -9999.0 18710.743681 22086.992904 9502.706124 25901.276487 36558.243447 -9.042238 3333.089502 23550.669591 -23.646712 42711.800089 39231.609551 31019.708707 22779.895520 -23.622889 -22.729185 62475.843747 -94.886585 -486.770246 -155.101356 -32.031391 -312.751056 -289.935039 -9999.0 -9999.0 -9999.0 -9999.0 -9999.0 -9999.0 -9999.0 -9999.0 -9999.0 -9999.0 -9999.0 -9999.0 -9999.0 -9999.0 -9999.0 -9999.0 -9999.0 -9999.0 -9999.0 -9999.0 -9999.0 -9999.0 -9999.0
-9999.0 -9999.0 -9999.0 -9999.0 -9999.0 -9999.0 -9999.0 -9999.0 -9999.0 -9999.0 -9999.0 -9999.0 22695.788098 17405.916527 10854.378117 50080.367720 14496.939781 32922.986411 3500.691790 -23.901548 32358.300069 39321.169241 38622.194436 33845.167400 23076.681311 -163.721917 31234.258646 46965.917023 63035.315415 -33.566216 -444.611213 -22.811966 84208.952225 -21.995120 -9999.0 -9999.0 -9999.0 -9999.0 -9999.0 -9999.0 -9999.0 -9999.0 -9999.0 -9999.0 -9999.0 -9999.0 -9999.0 -9999.0 -9999.0 -9999.0 -9999.0 -9999.0 -9999.0 -9999.0 -9999.0 -9999.0 -9999.0 -9999.0
-9999.0 -9999.0 -9999.0 -9999.0 -9999.0 -9999.0 -9999.0 -9999.0 -9999.0 -9999.0 -9999.0 27482.373599 34318.054188 5813.531521 44975.118525 41877.745500 -23.757702 39909.734597 3523.127150 -23.864949 65050.901654 16155.304034 39807.398097 -223.411945 40782.973483 49524.911480 -307.273774 50389.491979 49367.584764 -31.177167 -23.324287 72201.555475 -22.598761 -21.755997 -21.594527 -21.086209 140075.934695 144244.244571 1679.627131 -9999.0 -9999.0 -9999.0 -21.604087 -9999.0 -9999.0 -9999.0 -9999.0 -9999.0 -9999.0 -9999.0 -9999.0 -9999.0 -9999.0 -9999.0 -9999.0 -9999.0 -9999.0 -9999.0
-9999.0 -9999.0 -9999.0 -9999.0 -9999.0 -9999.0 -9999.0 -9999.0 -9999.0 -9999.0 -9999.0 37492.996687 32380.667399 25523.947127 23514.404158 49582.422952 24919.830199 50715.577364 3499.166183 -117.593363 21871.075739 6295.508966 33658.164788 38018.721239 38982.891070 52211.323621 49721.124991 54217.321795 -23.882698 -22.745884 71789.847888 72969.480096 95152.318553 79285.318928 111802.769455 136664.712231 1656.934563 -2728.346892 -3109.993274 -19.648404 -20.131108 -20.572320 106575.098070 -22.129771 -9999.0 -9999.0 -9999.0 8567.948932 23720.668664 -26.401140 14778.505760 -27.179231 -27.203493 2726.094831 4849.078854 -26.760978 -9999.0 -9999.0
-9999.0 -9999.0 -9999.0 -9999.0 -9999.0 -9999.0 -9999.0 -9999.0 -9999.0 -9999.0 -9999.0 33120.662288 36917.544822 54708.802923 19536.479837 45496.321910 29016.262568 35820.808728 -108.982118 2594.255464 29995.895955 30433.805752 30489.634086 37464.936774 54233.302333 -23.634829 42151.123990 49117.181800 -23.224537 56062.920178 -22.781288 70360.311272 79448.861883 93333.242362 -21.276526 134913.218102 19511.760447 -1412.905742 -3163.071139 -355.807457 1705.410818 147968.783544 99520.956564 96554.500317 67230.184994 -9999.0 -24.093054 29674.082700 21085.973218 4941.857446 18792.200256 396.014898 2991.338360 2533.624319 1772.981869 3967.980807 -9999.0 -9999.0
-9999.0 -9999.0 -9999.0 -9999.0 -9999.0 -9999.0 -9999.0 -9999.0 -9999.0 -9999.0 -9999.0 -9999.0 32993.617029 20145.768437 5827.871700 21323.067822 28865.220946 54748.074800 -133.963056 2314.261772 54005.045580 28056.119602 21120.088957 30495.930225 46847.221616 37525.781870 15883.119823 57408.124308 57071.780991 -23.657903 62563.579029 65841.662779 80833.334003 85118.276493 21418.411509 136134.190739 91735.200786 -1539.021752 -2935.791469 -2630.286336 2140.399672 -21.348936 95002.033004 55773.183541 -22.608870 48447.929163 -24.724565 30840.653774 34822.216077 34747.780905 12485.726731 16480.279433 2862.828945 7340.902808 15232.569336 13865.684135 1258.766575 -9999.0
-9999.0 -9999.0 -9999.0 -9999.0 -9999.0 -9999.0 -9999.0 -9999.0 -9999.0 -9999.0 -9999.0 6537.650699 -359.492474 41913.668431 23481.235371 23154.614442 24813.740344 36407.523140 25808.813245 2184.280965 60139.972790 21546.572907 24920.273939 44013.990111 33772.799449 23047.383568 24026.456071 57876.737584 56438.015784 -23.513042 55579.342983 55794.967571 59550.058441 80555.113482 -523.973933 129542.456213 -966.197301 78636.843418 4229.623333 -1021.337855 3620.354021 3078.011877 -179.228819 -22.798165 46413.963602 48298.707677 35675.587439 617.091463 513.200744 56739.506258 -24.828391 -391.335659 -336.783117 -290.530923 -532.948786 -42.652571 -24.724157 -9999.0
-9999.0 -9999.0 -9999.0 -9999.0 -9999.0 -9999.0 -9999.0 -9999.0 -9999.0 -9999.0 14458.353642 20669.790750 4342.396090 34936.095715 5197.042021 20139.435414 44745.705021 36248.217094 37638.231592 1668.720101 -146.497721 10587.105678 27918.422313 12538.841338 24311.237382 20919.972858 47453.592373 -23.163469 38612.026328 29756.020539 43355.718310 54656.780971 57273.401662 -387.186091 -244.821251 -21.249874 134962.065376 98741.427052 144290.506027 -604.427878 1377.451061 3021.256921 236.763672 -172.130872 56461.053642 -22.955208 34978.700407 47109.113269 40350.581181 43597.157171 -25.283648 -71.569353 -902.456324 -75.889169 -67.516334 2877.032726 5252.164610 -9999.0
-9999.0 -9999.0 -9999.0 -9999.0 -9999.0 -9999.0 -9999.0 -9999.0 -9999.0 35803.613844 14526.662310 15289.325802 18612.550887 23304.077449 5028.700277 38596.154683 36845.213852 6910.740541 -100.834549 1310.161827 -142.585588 44465.543357 43478.491937 1302.722013 21747.568807 49806.043966 54917.762782 24325.045780 40965.734460 39391.491964 60899.587066 61267.015989 -285.461248 -89.338668 -21.885867 -21.582571 97035.232264 111209.297900 108485.500173 108565.224533 179750.894613 83482.902055 82021.897418 4004.179020 -170.894041 64141.774182 34257.373940 47162.948602 42207.477306 40561.207880 36013.414460 -26.235021 -105.809301 -25.183752 -26.569107 16466.838495 5288.728027 427.831295
-9999.0 -9999.0 -9999.0 -9999.0 -9999.0 -9999.0 -9999.0 -9999.0 -9999.0 37117.058634 37387.758999 35268.046349 21800.825541 18251.260070 14227.288533 17658.767884 3996.647559 24666.611229 -195.981034 722.974835 1029.880333 999.179351 22055.978971 19059.733065 45536.676330 39919.557148 26448.305126 37637.488083 1909.270458 34643.048816 56049.607140 62655.821853 64388.641827 56614.680400 78817.047380 -22.244859 -21.807374 -21.905429 93496.956819 39580.491298 -373.187987 -400.603241 59026.199353 62283.877776 2796.469224 818.306315 847.771833 2069.727678 39318.775124 52626.230215 34376.387095 28005.285977 -25.158710 27423.863652 -24.273487 9259.227591 9155.492148 2841.228823
-9999.0 -9999.0 -9999.0 -9999.0 -9999.0 -9999.0 -9999.0 -9999.0 -9999.0 -9999.0 32928.018948 35110.937910 35233.731507 -122.779934 36115.719047 6326.661538 6393.528038 25786.550231 -159.381816 758.474480 -130.429310 53226.737669 18419.800604 28555.443632 40102.748520 38765.411706 -189.964106 698.403478 48636.319702 -349.528450 19070.711850 25425.160071 -405.179092 62331.479649 65959.002545 53675.479119 52672.359713 66772.130131 -22.338234 77900.995294 -383.844615 53053.995972 57810.865815 50827.085077 68704.358316 83043.926562 53500.094889 24911.747857 980.718551 57017.853427 32695.831633 23318.185662 -25.979238 -25.345086 -164.907669 31318.285220 14452.926134 16436.764047
-9999.0 -9999.0 -9999.0 -9999.0 -9999.0 -9999.0 -9999.0 -9999.0 -9999.0 -9999.0 34705.020920 34337.761721 27602.611951 18882.491689 2335.146414 38102.134750 25827.392227 -166.956562 692.670052 223.169429 309.056231 2964.108729 37668.137233 26226.395183 27638.627772 -189.205598 981.415500 43441.824457 46452.288453 -403.416022 -356.241315 38318.813286 -23.256974 -396.120855 -223.711410 53792.577637 59428.668071 56234.826374 68641.653957 59220.582571 46156.634369 -24.315459 35212.734377 -360.860714 16049.015023 39615.212352 29804.787900 57672.339168 1714.443904 931.084709 46589.871842 19302.716748 6400.352980 -23.975376 -25.981633 -19.067449 29458.965922 10301.899456
-9999.0 -9999.0 -9999.0 -9999.0 -9999.0 -9999.0 -9999.0 -9999.0 4278.700448 17326.738092 46329.908497 28911.907579 35150.015157 35723.714316 21502.828344 1447.311176 593.883676 517.296839 -364.721735 -351.683508 -477.069155 913.414769 -168.620628 3806.558873 3298.382833 3529.532552 2444.600771 50150.936444 39676.814541 54987.572358 -148.695374 55456.231896 52043.807856 49460.029415 40838.066953 -314.565362 37943.363137 52346.687240 65196.931817 -24.206665 -23.724051 -104.206445 -157.179538 -85.943794 547.558734 19660.832688 -356.616606 17744.682844 44634.345962 756.498436 32309.198294 28470.678618 12359.130175 25285.750511 456.279071 2960.947117 407.297722 3443.007487
-9999.0 -9999.0 -9999.0 -9999.0 -9999.0 -9999.0 -9999.0 -9999.0 -24.754953 6176.043569 42292.725293 -530.573051 43902.205189 31365.207237 20763.349109 23768.215807 27533.928691 31854.748113 -340.153095 -360.506349 -400.625370 -370.573113 -235.047901 944.153817 73.486616 869.001833 9527.341121 42728.996911 -23.645714 40062.268368 40275.816827 -23.949450 35472.285449 -24.720119 23717.863478 25149.064035 37290.842686 42068.197705 46837.542616 32054.011242 -466.888585 -490.162406 -72.548476 24866.193727 24000.116588 23424.686100 -24.291094 40408.989977 36615.090135 27361.115163 1115.320195 26486.857398 14249.802832 5431.841230 25208.260718 644.934131 17884.321296 33545.120654
-9999.0 -9999.0 -9999.0 -9999.0 -9999.0 -9999.0 -9999.0 -9999.0 -33.911628 35288.840399 4786.063903 41300.527472 28364.945011 -24.295522 4823.500196 39295.127920 2882.222049 1035.950308 -334.281671 -279.529221 -548.583097 -346.719887 -524.928155 -321.633748 39.502726 -185.903854 31899.540649 46624.975731 -23.006938 48663.733076 -24.076587 27521.814319 48248.727235 55061.560965 17511.147691 21290.924130 32121.230702 49153.964971 44464.247725 36036.362971 33149.850990 -25.237053 16913.996375 25022.871382 27762.611514 30390.885333 -26.063615 11046.922214 27159.857615 37986.805037 793.680346 -94.396507 34817.957900 33225.883629 -89.162419 -91.265535 -111.093376 -57.361743
-9999.0 -9999.0 -9999.0 -9999.0 -9999.0 -9999.0 -9999.0 -9999.0 -23.372654 33323.089672 8619.014376 -24.425785 3468.391275 3967.152590 22612.932933 -194.585899 783.081270 180.582566 976.528995 -465.659324 -234.600817 -449.559892 -410.786940 -229.919151 620.647837 24550.150088 17241.205815 44313.489991 15454.727950 21758.790798 42668.812485 40056.018833 40661.182712 24069.321258 41524.852779 31525.427358 32038.422291 33009.309002 41016.731201 39118.893568 25301.485318 17787.718668 15047.426579 587.518715 14302.647277 508.663219 4539.673733 443.593694 4768.005814 37875.726880 16540.259350 1044.243273 -119.004731 1656.795284 -90.825224 -42.652554 898.057970 506.252706
-9999.0 -9999.0 -9999.0 -9999.0 -9999.0 -9999.0 -9999.0 -9999.0 31801.668620 25272.304090 3529.413689 13519.006818 19944.426667 -188.513091 -139.073480 -75.548543 28651.361703 57624.807258 39610.120012 33706.647940 -484.858129 -421.619505 -315.193300 398.638173 -99.134724 22670.196759 36193.269005 17118.493152 -101.469787 30122.640184 33448.592597 16390.160518 -145.995732 22906.063874 40710.351132 33659.052461 32443.858641 26435.482410 44582.864634 30477.633562 37251.492203 35864.636737 33477.917289 38423.368842 39111.852562 17350.867180 37326.641942 31648.746839 26316.365523 -97.474344 1146.934526 1119.018155 1128.205078 753.713261 1003.136982 938.694368 353.678350 327.154465
-9999.0 -9999.0 37984.640154 23677.329323 28034.918770 29652.391667 18769.209496 31990.440720 28062.114509 22380.015636 26365.762070 -207.619961 20797.926648 -96.516012 581.565324 23006.446585 44993.973314 38033.390558 33105.546694 32450.862645 33958.698165 -422.692875 -311.461826 12.115647 652.980643 -16.177827 2879.342160 -105.010723 -206.690017 -95.740055 22587.011531 19347.022743 -95.366095 -120.012119 -97.569771 61083.256738 -98.325329 5494.319689 40714.131302 33411.718632 37307.212832 -133.653725 -174.152114 26620.750398 33029.701118 23227.449018 -99.350933 -186.733200 -126.947738 -63.577903 896.468479 848.249313 171.454720 391.471119 572.974094 705.233207 863.734141 861.108456
