user2019/resources/simulation/Vinschgau/output-maps/psiL0004N1163.asc
ncols         63
nrows         48
xllcorner     598000.000000
yllcorner     5145000.000000
cellsize      1000.000000
NODATA_value  -9999.0
[rows 0 to 24 of 48, columns 0 to 57 of 63]
-9999.0 -9999.0 -9999.0 -9999.0 -9999.0 -9999.0 -9999.0 -9999.0 -9999.0 -9999.0 -9999.0 -9999.0 -9999.0 -9999.0 -9999.0 -9999.0 -9999.0 -9999.0 -9999.0 -9999.0 -9999.0 -9999.0 -9999.0 -9999.0 -9999.0 -9999.0 -9999.0 -9999.0 -9999.0 -9999.0 -9999.0 -9999.0 -9999.0 -9999.0 -9999.0 -9999.0 -9999.0 -9999.0 -9999.0 -9999.0 -9999.0 -9999.0 -9999.0 -9999.0 -9999.0 -9999.0 -9999.0 -9999.0 -9999.0 -9999.0 -9999.0 -9999.0 -9999.0 -9999.0 -9999.0 -9999.0 -9999.0 -9999.0
-9999.0 -9999.0 -9999.0 -9999.0 -9999.0 -9999.0 -9999.0 -9999.0 -9999.0 -9999.0 -9999.0 -9999.0 -9999.0 -9999.0 -9999.0 -9999.0 -9999.0 -9999.0 -9999.0 -9999.0 -9999.0 -9999.0 -9999.0 -9999.0 -9999.0 -9999.0 -9999.0 -75.907462 17.012982 -69.150165 651.385333 925.754181 203545.993819 -9999.0 -9999.0 -9999.0 -9999.0 -9999.0 -9999.0 -9999.0 -9999.0 -9999.0 -9999.0 -9999.0 -9999.0 -9999.0 -9999.0 -9999.0 -9999.0 -9999.0 -9999.0 -9999.0 -9999.0 -9999.0 -9999.0 -9999.0 -9999.0 -9999.0
-9999.0 -9999.0 -9999.0 -9999.0 -9999.0 -9999.0 -9999.0 -9999.0 -9999.0 -9999.0 -9999.0 -9999.0 -9999.0 -9999.0 -9999.0 -9999.0 -9999.0 -9999.0 -9999.0 -9999.0 -9999.0 -9999.0 -9999.0 -9999.0 -127.383002 -175.365492 -102.866794 -196.354285 46.822755 38.026353 406.565410 -9999.0 -9999.0 -9999.0 -9999.0 -9999.0 -9999.0 -9999.0 -9999.0 -9999.0 -9999.0 -9999.0 -9999.0 -9999.0 -9999.0 -9999.0 -9999.0 -9999.0 -9999.0 -9999.0 -9999.0 -9999.0 -9999.0 -9999.0 -9999.0 -9999.0 -9999.0 -9999.0
-9999.0 -9999.0 -9999.0 -9999.0 -9999.0 -9999.0 -9999.0 -9999.0 -9999.0 -9999.0 -9999.0 -9999.0 -9999.0 -9999.0 -9999.0 -9999.0 -9999.0 -9999.0 -9999.0 -9999.0 -9999.0 -9999.0 -9999.0 -235.490400 -244.804060 -2267.124785 -2689.968886 -3092.559954 -1590.647854 -133.685511 451.280017 7051.877974 -9999.0 -9999.0 -9999.0 -9999.0 -9999.0 -9999.0 -9999.0 -9999.0 -9999.0 -9999.0 -9999.0 -9999.0 -9999.0 -9999.0 -9999.0 -9999.0 -9999.0 -9999.0 -9999.0 -9999.0 -9999.0 -9999.0 -9999.0 -9999.0 -9999.0 -9999.0
-9999.0 -9999.0 -9999.0 -9999.0 -9999.0 -9999.0 -9999.0 -9999.0 -9999.0 -9999.0 -9999.0 -9999.0 -9999.0 -9999.0 -9999.0 -9999.0 -9999.0 -9999.0 -693.929116 -337.381734 -9999.0 -276.873827 -299.508898 -2918.069543 -1928.234526 -3043.105544 -656.069256 -729.466845 -563.732019 -576.189284 32.399083 47.825907 -85.514980 -90.899289 -9999.0 -9999.0 -9999.0 -9999.0 -9999.0 -9999.0 -9999.0 -9999.0 -9999.0 -9999.0 -9999.0 -9999.0 -9999.0 -9999.0 -9999.0 -9999.0 -9999.0 -9999.0 -9999.0 -9999.0 -9999.0 -9999.0 -9999.0 -9999.0
-9999.0 -9999.0 -9999.0 -9999.0 -9999.0 -9999.0 -9999.0 -9999.0 -9999.0 -9999.0 -9999.0 -9999.0 -9999.0 -9999.0 -9999.0 -9999.0 -9999.0 -2702.764876 -2647.130434 -16666.350637 -126.996801 -378.764731 -598.746130 -1161.954198 -807.312454 204.225665 286523.542325 -559.903125 303995.047076 -456.093486 -193.160736 36.403121 -75.656334 -104.016529 -109.531735 -109.545397 -9999.0 -9999.0 -9999.0 -9999.0 -9999.0 -9999.0 -9999.0 -9999.0 -9999.0 -9999.0 -9999.0 -9999.0 -9999.0 -9999.0 -9999.0 -9999.0 -9999.0 -9999.0 -9999.0 -9999.0 -9999.0 -9999.0
-9999.0 -9999.0 -9999.0 -9999.0 -9999.0 -9999.0 -9999.0 -9999.0 -9999.0 -9999.0 -9999.0 -9999.0 -9999.0 -553.741839 -974.445899 -1965.055004 -2757.747591 -8119.614260 -2642.636838 -2995.810708 -2374.301811 -1271.167241 -2746.676869 -843.820535 401.269491 -300.218183 -183.442353 193612.285673 162607.119093 1172.362734 173720.849447 48.789086 32.130315 612.855765 -38.390393 -101.488737 -9999.0 -9999.0 -9999.0 -9999.0 -9999.0 -9999.0 -9999.0 -9999.0 -9999.0 -9999.0 -9999.0 -9999.0 -9999.0 -9999.0 -9999.0 -9999.0 -9999.0 -9999.0 -9999.0 -9999.0 -9999.0 -9999.0
-9999.0 -9999.0 -9999.0 -9999.0 -9999.0 -9999.0 -9999.0 -9999.0 -9999.0 -9999.0 -9999.0 -9999.0 -9999.0 -553.709561 -2698.656548 -2411.262367 -2657.858060 -1156.719880 -8146.320950 -2798.367900 -2877.779238 -2950.748306 -1397.807001 -783.246082 -631.519880 -363.154120 12.623130 -66.635582 -61.185872 247408.531786 250992.111769 15.669719 -63.640993 -101.666463 -83.321864 -9999.0 -9999.0 -9999.0 -9999.0 -9999.0 -9999.0 -9999.0 -9999.0 -9999.0 -9999.0 -9999.0 -9999.0 -9999.0 -9999.0 -9999.0 -9999.0 -9999.0 -9999.0 -9999.0 -9999.0 -9999.0 -9999.0 -9999.0
-9999.0 -9999.0 -9999.0 -9999.0 -9999.0 -9999.0 -9999.0 -9999.0 -9999.0 -9999.0 -9999.0 -9999.0 -9999.0 -2834.100554 525.942761 -2790.685266 -2447.987448 -2583.969696 -8229.892672 -2698.683460 -1201.110715 -13608.209617 207.348400 56516.301268 -945.222030 -623.661077 -88.605560 -77.663793 555.046270 -104.858580 1452.455248 -59.874591 -113.171395 -62.161839 -93.145262 -9999.0 -9999.0 -9999.0 -9999.0 -9999.0 -9999.0 -9999.0 -9999.0 -9999.0 -9999.0 -9999.0 -9999.0 -9999.0 -9999.0 -9999.0 -9999.0 -9999.0 -9999.0 -9999.0 -9999.0 -9999.0 -9999.0 -9999.0
-9999.0 -9999.0 -9999.0 -9999.0 -9999.0 -9999.0 -9999.0 -9999.0 -9999.0 -9999.0 -9999.0 -9999.0 -2772.230988 6411.661633 -2825.481976 -1435.304745 -1385.562865 -2076.053646 -1407.812957 -18044.776006 -1791.344843 -321.092924 976.097831 4406.187466 210862.499309 13.253976 207756.732979 1270.633787 1076.217341 -54.193963 1055.858423 -87.781265 69873.325194 -99.019473 -9999.0 -9999.0 -9999.0 -9999.0 -9999.0 -9999.0 -9999.0 -9999.0 -9999.0 -9999.0 -9999.0 -9999.0 -9999.0 -9999.0 -9999.0 -9999.0 -9999.0 -9999.0 -9999.0 -9999.0 -9999.0 -9999.0 -9999.0 -9999.0
-9999.0 -9999.0 -9999.0 -9999.0 -9999.0 -9999.0 -9999.0 -9999.0 -9999.0 -9999.0 -9999.0 -438.997063 -2138.762816 201.679176 -2819.260178 -686.602117 -20273.218672 -2199.598850 -967.366351 -21854.916691 -2748.826150 -835.060229 -310.481471 -167.097144 40723.830377 37.298823 360.016573 17.791903 52801.905919 -59.296395 -83.377731 28.999532 -63.290179 -91.306292 -91.119358 -75.011996 22.132840 -396.873041 -7.357388 -9999.0 -9999.0 -9999.0 -110.834343 -9999.0 -9999.0 -9999.0 -9999.0 -9999.0 -9999.0 -9999.0 -9999.0 -9999.0 -9999.0 -9999.0 -9999.0 -9999.0 -9999.0 -9999.0
-9999.0 -9999.0 -9999.0 -9999.0 -9999.0 -9999.0 -9999.0 -9999.0 -9999.0 -9999.0 -9999.0 -408.725794 -2560.431471 -3144.250017 -3018.891704 -742.460776 -3152.398799 -2841.213983 -1164.488962 -1387.699943 -958.429391 -538.219279 -119.809669 227881.280667 230424.453602 18.241488 12.201527 36.700172 -50.403795 -76.606956 17.093274 3.042876 851.112303 192603.950552 77060.376600 19.012411 36.402225 -564.339926 -581.897893 -102.142457 -93.579446 -89.968964 711.532384 -77.031860 -9999.0 -9999.0 -9999.0 187992.119722 205564.505100 -78.931621 206190.534322 -105.423650 -106.881866 191732.338699 196079.085932 -63.185073 -9999.0 -9999.0
-9999.0 -9999.0 -9999.0 -9999.0 -9999.0 -9999.0 -9999.0 -9999.0 -9999.0 -9999.0 -9999.0 -374.694410 -463.126477 -197.992894 -659.175313 -856.734083 -964.941940 -2304.324779 -2912.140341 -1540.288360 -1115.372787 -328.760806 235643.100134 37.977457 17.097478 -72.332870 236341.872308 236687.607574 -69.377747 9463.473064 -66.825506 236227.606742 41.258191 100333.791054 -70.973125 38.495672 236335.920672 -419.017476 -772.689527 -98.594126 -278.813246 345.347778 27.732788 16.561612 218131.866582 -9999.0 -107.686742 176392.455473 316.951737 16.071694 15.300986 -65.310578 8.582784 626.339042 6508.076919 176914.762280 -9999.0 -9999.0
-9999.0 -9999.0 -9999.0 -9999.0 -9999.0 -9999.0 -9999.0 -9999.0 -9999.0 -9999.0 -9999.0 -9999.0 -363.910065 179123.546464 -571.207506 -585.459813 -1100.692009 -2149.023578 -1090.631918 -1419.831478 -1557.713964 -461.679782 90383.593000 154621.231096 244949.471369 252191.075741 2342.072887 27.540989 1066.630324 -74.515824 15.605274 252010.983076 37.124452 16567.088941 75804.641891 19.718158 202054.214608 -606.760611 -525.877309 -621.319760 -844.736224 -93.700696 235960.329756 46.173443 -82.191413 191017.181963 -102.719126 167730.980599 224993.842758 230141.470986 249845.286345 234872.212259 235682.717210 234873.080021 229546.011947 7754.458925 114717.686563 -9999.0
-9999.0 -9999.0 -9999.0 -9999.0 -9999.0 -9999.0 -9999.0 -9999.0 -9999.0 -9999.0 -9999.0 264923.777083 -319.298166 -670.966307 273670.861160 -561.751724 -736.707768 -1599.217979 -1300.526058 -1602.681470 -1856.878425 -748.720816 32700.578968 249638.474476 252427.465865 253290.051757 249182.901747 95.265189 514.577076 -75.688638 244577.931183 245285.323564 48.675856 552.002660 126636.427817 346.855290 0.985248 -559.923711 -688.612642 -874.659926 -463.645979 -171.121761 163172.460756 -163.313991 -173.812409 17.463988 2224.196540 -88.916139 -87.661703 1638.014790 -60.874800 19.983226 13479.228701 -104.313427 -135.359045 -79.182315 -70.063157 -9999.0
-9999.0 -9999.0 -9999.0 -9999.0 -9999.0 -9999.0 -9999.0 -9999.0 -9999.0 -9999.0 2218.931037 178261.567912 -310.608810 -343.397362 -444.551833 2102.213477 2404.797441 -283.607496 -1976.072578 -1535.495095 -1002.957005 -571.394326 322315.844200 -330.739461 254480.376750 237424.269739 251649.528753 -171.789148 26.732546 -231.168347 88063.698611 89177.919039 45.277237 508.249198 -84.277424 -71.866087 31.540196 185905.629421 58456.626922 -293.305775 -281.551801 -121.496066 -38.935470 -477.079719 84424.396726 -77.292797 16.170553 227078.341531 230357.404750 560.835709 -726.586267 -82.771480 -102.334517 -46.008447 -73.882546 687.464779 481.867559 -9999.0
-9999.0 -9999.0 -9999.0 -9999.0 -9999.0 -9999.0 -9999.0 -9999.0 -9999.0 20.967688 46.242794 52158.169263 130865.698707 254302.736038 251566.731742 264833.955028 164703.378172 -547.747461 -2319.683856 -1758.996898 -1127.740788 -1513.311122 -1039.830842 -669.829499 -195.118984 345190.124192 247677.404793 -236.971718 268718.890021 284604.882372 57.137768 333565.369962 -60.139856 -117.747174 -86.777471 -72.254464 37.807377 285797.839017 260404.901445 267763.492812 313890.787482 327171.985419 332344.666822 -1051.592373 -583.099684 42575.495196 -319.197036 254766.106834 255027.256932 -262.012185 193042.245628 -72.470728 -63.883652 -41.065625 -35.239416 1561.318088 1709.850430 -41.685087
-9999.0 -9999.0 -9999.0 -9999.0 -9999.0 -9999.0 -9999.0 -9999.0 -9999.0 9.869465 19.149641 -270.506084 4835.977086 1146.839677 232243.005881 260183.816093 -329.119491 -563.498391 -2543.042088 -1639.802667 -1398.621159 -2805.184561 -637.765710 -330.157876 340323.516695 256400.467548 260000.469374 2185.922863 -149.577174 -382.905323 -217.766974 322725.319477 12.844927 18215.579597 634.232552 -74.379747 -71.896836 -73.528810 13.804071 46.224160 268879.647797 250846.148999 269411.703654 -318.818401 -1012.357753 -651.635182 -621.494601 -459.344567 1091.980409 -400.992092 332002.189760 212975.404422 13817.856131 167532.130054 127941.970143 33739.335503 31736.748458 30590.456461
-9999.0 -9999.0 -9999.0 -9999.0 -9999.0 -9999.0 -9999.0 -9999.0 -9999.0 -9999.0 17.011347 43.705925 211249.918905 203373.397040 544.374898 136570.488073 912.794384 -757.004451 -2719.475891 -1743.758632 -1267.964112 -2687.193731 -92.416846 287155.211518 251374.143728 194574.685696 46.079728 -306.660687 -293.373478 347362.568662 342079.937753 346776.151592 236599.420595 677.322394 355.940603 48.573682 -282.399985 -140.745782 -65.829148 19.307009 14.316002 45.157370 4878.911438 45519.438271 641.726494 241.912057 -1369.348149 -661.378971 -1235.261712 -437.213616 327321.034092 67207.329554 -16.645123 26005.921705 172341.287722 198100.989437 1013.260109 86863.116397
-9999.0 -9999.0 -9999.0 -9999.0 -9999.0 -9999.0 -9999.0 -9999.0 -9999.0 -9999.0 597.123579 26.519590 -212.448825 3184.077110 -286.776402 19.006645 254.097035 -1579.548648 -2285.936842 -2767.260274 -2430.058510 -1867.164559 4152.294375 229440.792660 40225.084833 46.442314 -458.369756 1051.698569 345177.817287 243016.746055 11.795915 38.286975 -252.384667 1151.179945 11.029926 47.731939 43920.012029 150280.083611 227213.533581 2073.008039 19.684306 -45.462923 234293.664328 -251.637149 -306.169973 345196.854458 804.186546 688.916062 -1542.153331 -690.951456 74.978833 225629.829011 214518.502304 -57.236752 28857.953133 21863.909133 212130.579160 261919.615679
-9999.0 -9999.0 -9999.0 -9999.0 -9999.0 -9999.0 -9999.0 -9999.0 37.019468 17.239681 508.265385 35.368338 123191.579102 223120.376841 385212.994954 -739.469733 -2590.333148 -2909.413620 -2744.673390 -2952.378291 -2796.482284 -2806.726026 -2604.981187 -1951.782423 -509.744641 -551.879774 -500.599783 365342.157614 270023.238825 241041.893504 -70.207149 15.966417 17.480952 619.064767 2277.772739 12.270820 -398.834416 258337.410613 346410.711248 -72.728475 -80.567181 44.575075 -34.902328 -66.561157 -98.123627 2164.622629 341201.267860 275265.607374 740.796054 -489.463666 -332.837551 268168.667551 75084.249223 194747.265293 1234.983771 56050.061603 -54.713127 -249.949733
-9999.0 -9999.0 -9999.0 -9999.0 -9999.0 -9999.0 -9999.0 -9999.0 -87.397243 90620.492095 241985.065959 220.764742 17.889922 242209.448831 335139.333245 212.296728 -1723.097856 -2000.402866 -2995.485150 -2949.961093 -1238.039617 -2438.029736 -2733.983636 -3291.117075 -2547.566047 -1271.388358 -516.816499 206239.972216 -248.807126 1767.182456 64642.967212 -88.523511 28.462920 -87.757392 42.143386 -140.934134 -366.167286 73.338497 217328.228882 31.315529 14.157463 -26.122405 -82.545259 -199.242819 2647.349839 219367.211136 -81.086421 22.703263 265727.205129 -491.869691 -317.691675 245171.069375 83970.106796 205747.880932 6.354608 -716.986312 242386.459554 1716.469180
-9999.0 -9999.0 -9999.0 -9999.0 -9999.0 -9999.0 -9999.0 -9999.0 9.301755 3375.797621 451.251409 235905.940705 70.651140 -69.440771 247273.038808 333656.178608 -908.928540 -2267.552290 -2875.261171 -1266.669567 -2982.221439 -2658.176050 -2885.361924 -2870.039668 -1751.276232 -1919.362881 -517.281278 358012.533941 -398.016520 13.758972 -94.318900 48.041994 234861.895938 234514.393879 48.327016 -271.102962 682.881654 -240.093834 222787.261496 256188.201738 30.965095 -92.645734 -87.723260 2588.514830 249174.526749 38.794315 -83.917507 12.623484 253524.403934 435.856369 -640.251373 -184.660696 56512.806094 97282.359960 28846.128844 24618.546446 46.951197 -411.133117
-9999.0 -9999.0 -9999.0 -9999.0 -9999.0 -9999.0 -9999.0 -9999.0 -96.206824 31.527596 24342.754137 -527.655474 34.143037 226871.215547 324467.359953 -525.429293 -2751.092845 -2799.577777 -1332.755803 -2745.968391 -2871.219886 -2826.131217 -2475.983290 -2682.848571 -1903.385776 -925.722607 352069.129701 343853.889806 -273.723456 297848.442873 270420.450694 272006.916573 1376.363718 218504.201969 194096.314099 -468.765420 -746.439035 -2014.611675 -481.871300 5469.638211 -285.415910 -277.289900 -222.294664 -88.623606 -36.958332 -83.481554 -214.864750 -79.325500 10.968900 260234.898421 868.468018 -703.982874 -309.178153 21785.937246 48.703195 48.765108 -641.285979 -1114.001245
-9999.0 -9999.0 -9999.0 -9999.0 -9999.0 -9999.0 -9999.0 -9999.0 203217.322294 17.797907 -228.927712 352802.217038 358703.369701 360138.334908 -243.693930 -654.210093 -640.377664 -1683.295073 -1055.293320 -2036.828106 -2457.244528 -2548.285382 -2736.770581 -2725.669944 -2210.268174 -674.650344 338662.102381 42347.149734 368.516799 50420.525634 309714.786799 -240.387255 -323.367636 -372.307929 -342.379314 -743.124596 -2159.860131 -2610.967579 -2734.983331 -457.413729 -440.298342 -323.746301 -212.804333 1169.746547 252408.318548 -303.404355 278645.538483 254667.363706 276810.739634 42.938938 -514.726772 -1253.909479 -830.570415 -570.864707 -169.565970 -336.527353 -632.125156 -876.058536
