user2019/resources/simulation/Vinschgau/output-maps/psiL0003N1395.asc
ncols         63
nrows         48
xllcorner     598000.000000
yllcorner     5145000.000000
cellsize      1000.000000
NODATA_value  -9999.0
[rows 0 to 24 of 48, columns 0 to 56 of 63]
-9999.0 -9999.0 -9999.0 -9999.0 -9999.0 -9999.0 -9999.0 -9999.0 -9999.0 -9999.0 -9999.0 -9999.0 -9999.0 -9999.0 -9999.0 -9999.0 -9999.0 -9999.0 -9999.0 -9999.0 -9999.0 -9999.0 -9999.0 -9999.0 -9999.0 -9999.0 -9999.0 -9999.0 -9999.0 -9999.0 -9999.0 -9999.0 -9999.0 -9999.0 -9999.0 -9999.0 -9999.0 -9999.0 -9999.0 -9999.0 -9999.0 -9999.0 -9999.0 -9999.0 -9999.0 -9999.0 -9999.0 -9999.0 -9999.0 -9999.0 -9999.0 -9999.0 -9999.0 -9999.0 -9999.0 -9999.0 -9999.0
-9999.0 -9999.0 -9999.0 -9999.0 -9999.0 -9999.0 -9999.0 -9999.0 -9999.0 -9999.0 -9999.0 -9999.0 -9999.0 -9999.0 -9999.0 -9999.0 -9999.0 -9999.0 -9999.0 -9999.0 -9999.0 -9999.0 -9999.0 -9999.0 -9999.0 -9999.0 -9999.0 -224.941429 -592.319150 -202.761207 -91.927526 -1400.297378 4144.449066 -9999.0 -9999.0 -9999.0 -9999.0 -9999.0 -9999.0 -9999.0 -9999.0 -9999.0 -9999.0 -9999.0 -9999.0 -9999.0 -9999.0 -9999.0 -9999.0 -9999.0 -9999.0 -9999.0 -9999.0 -9999.0 -9999.0 -9999.0 -9999.0
-9999.0 -9999.0 -9999.0 -9999.0 -9999.0 -9999.0 -9999.0 -9999.0 -9999.0 -9999.0 -9999.0 -9999.0 -9999.0 -9999.0 -9999.0 -9999.0 -9999.0 -9999.0 -9999.0 -9999.0 -9999.0 -9999.0 -9999.0 -9999.0 -707.473260 -742.665281 -793.598155 -715.353993 -740.072664 -917.517724 -42.109085 -9999.0 -9999.0 -9999.0 -9999.0 -9999.0 -9999.0 -9999.0 -9999.0 -9999.0 -9999.0 -9999.0 -9999.0 -9999.0 -9999.0 -9999.0 -9999.0 -9999.0 -9999.0 -9999.0 -9999.0 -9999.0 -9999.0 -9999.0 -9999.0 -9999.0 -9999.0
-9999.0 -9999.0 -9999.0 -9999.0 -9999.0 -9999.0 -9999.0 -9999.0 -9999.0 -9999.0 -9999.0 -9999.0 -9999.0 -9999.0 -9999.0 -9999.0 -9999.0 -9999.0 -9999.0 -9999.0 -9999.0 -9999.0 -9999.0 -775.814209 -1009.679981 -3041.525596 -3073.491550 -3123.691231 -3124.593045 -1139.445562 -98.021747 17992.732001 -9999.0 -9999.0 -9999.0 -9999.0 -9999.0 -9999.0 -9999.0 -9999.0 -9999.0 -9999.0 -9999.0 -9999.0 -9999.0 -9999.0 -9999.0 -9999.0 -9999.0 -9999.0 -9999.0 -9999.0 -9999.0 -9999.0 -9999.0 -9999.0 -9999.0
-9999.0 -9999.0 -9999.0 -9999.0 -9999.0 -9999.0 -9999.0 -9999.0 -9999.0 -9999.0 -9999.0 -9999.0 -9999.0 -9999.0 -9999.0 -9999.0 -9999.0 -9999.0 -1673.963699 -1050.738646 -9999.0 -864.976405 -1048.543943 -3028.794870 -2967.263705 -3019.105005 -2255.562351 -2719.408054 -2464.361577 -2800.729977 -938.735833 -112.718807 -174.342908 -203.030647 -9999.0 -9999.0 -9999.0 -9999.0 -9999.0 -9999.0 -9999.0 -9999.0 -9999.0 -9999.0 -9999.0 -9999.0 -9999.0 -9999.0 -9999.0 -9999.0 -9999.0 -9999.0 -9999.0 -9999.0 -9999.0 -9999.0 -9999.0
-9999.0 -9999.0 -9999.0 -9999.0 -9999.0 -9999.0 -9999.0 -9999.0 -9999.0 -9999.0 -9999.0 -9999.0 -9999.0 -9999.0 -9999.0 -9999.0 -9999.0 -2929.864629 -2879.303168 -8128.762555 -4845.158816 -1669.785964 -2786.141029 -2897.537112 -2747.541685 -1549.475270 142624.002348 -2571.850141 23887.620282 -2037.936270 -1183.268679 -987.725882 -296.901258 -288.160000 -195.073012 -204.991507 -9999.0 -9999.0 -9999.0 -9999.0 -9999.0 -9999.0 -9999.0 -9999.0 -9999.0 -9999.0 -9999.0 -9999.0 -9999.0 -9999.0 -9999.0 -9999.0 -9999.0 -9999.0 -9999.0 -9999.0 -9999.0
-9999.0 -9999.0 -9999.0 -9999.0 -9999.0 -9999.0 -9999.0 -9999.0 -9999.0 -9999.0 -9999.0 -9999.0 -9999.0 -2779.267802 -2838.153768 -2798.074835 -2897.777220 -7318.569173 -2895.558579 -2949.873777 -2924.242948 -2901.228576 -2956.809549 -2972.938785 -1214.751036 -1032.294053 -453.830751 -689.531535 -876.057076 -1118.964551 498941.632241 -795.919036 -664.543661 988.812595 -118.021841 -190.023192 -9999.0 -9999.0 -9999.0 -9999.0 -9999.0 -9999.0 -9999.0 -9999.0 -9999.0 -9999.0 -9999.0 -9999.0 -9999.0 -9999.0 -9999.0 -9999.0 -9999.0 -9999.0 -9999.0 -9999.0 -9999.0
-9999.0 -9999.0 -9999.0 -9999.0 -9999.0 -9999.0 -9999.0 -9999.0 -9999.0 -9999.0 -9999.0 -9999.0 -9999.0 -2353.874030 -2990.491680 -2885.077541 -2874.150350 -2585.326008 -7340.864367 -2946.690862 -2877.213904 -3106.486370 -2797.339202 -2538.378815 -2857.024135 -2875.756663 -768.761645 -191.304168 -148.054703 211014.075355 46775.473458 579.346867 -151.436192 -166.952569 -158.100802 -9999.0 -9999.0 -9999.0 -9999.0 -9999.0 -9999.0 -9999.0 -9999.0 -9999.0 -9999.0 -9999.0 -9999.0 -9999.0 -9999.0 -9999.0 -9999.0 -9999.0 -9999.0 -9999.0 -9999.0 -9999.0 -9999.0
-9999.0 -9999.0 -9999.0 -9999.0 -9999.0 -9999.0 -9999.0 -9999.0 -9999.0 -9999.0 -9999.0 -9999.0 -9999.0 -3006.815241 313.081904 -3044.594455 -2859.157571 -2864.214863 -7392.815549 -2896.042897 -2995.915026 -7272.700530 -1759.136617 -968.269602 -2904.571409 -2888.837610 -444.821035 -172.576291 4741.279276 -167.700020 16625.834558 -137.508621 -167.213733 -36.266391 -174.720172 -9999.0 -9999.0 -9999.0 -9999.0 -9999.0 -9999.0 -9999.0 -9999.0 -9999.0 -9999.0 -9999.0 -9999.0 -9999.0 -9999.0 -9999.0 -9999.0 -9999.0 -9999.0 -9999.0 -9999.0 -9999.0 -9999.0
-9999.0 -9999.0 -9999.0 -9999.0 -9999.0 -9999.0 -9999.0 -9999.0 -9999.0 -9999.0 -9999.0 -9999.0 -2938.137508 6207.690821 -3008.840694 -2884.660943 -2694.142280 -2827.678514 -3111.519779 -8291.873285 -2898.341332 -2437.218802 -2880.607510 -907.254731 519494.521667 -635.323800 560349.395983 791.735183 -525.646061 -137.103512 15000.783967 -160.092063 29378.585275 -217.738418 -9999.0 -9999.0 -9999.0 -9999.0 -9999.0 -9999.0 -9999.0 -9999.0 -9999.0 -9999.0 -9999.0 -9999.0 -9999.0 -9999.0 -9999.0 -9999.0 -9999.0 -9999.0 -9999.0 -9999.0 -9999.0 -9999.0 -9999.0
-9999.0 -9999.0 -9999.0 -9999.0 -9999.0 -9999.0 -9999.0 -9999.0 -9999.0 -9999.0 -9999.0 -2155.342631 -3001.288964 -544.968604 -3021.148018 -2657.303632 -8376.316089 -2871.333891 -2190.518471 -8960.383043 -2821.611088 -2875.428835 -1882.366679 -989.992408 -2688.183728 -859.022884 15538.004352 -175.688805 -119.160162 -156.063619 -170.009020 -736.253061 -117.900190 -180.754087 -164.881407 -163.747504 -178.569716 -1390.892080 -1463.555026 -9999.0 -9999.0 -9999.0 -220.703636 -9999.0 -9999.0 -9999.0 -9999.0 -9999.0 -9999.0 -9999.0 -9999.0 -9999.0 -9999.0 -9999.0 -9999.0 -9999.0 -9999.0
-9999.0 -9999.0 -9999.0 -9999.0 -9999.0 -9999.0 -9999.0 -9999.0 -9999.0 -9999.0 -9999.0 -1874.569565 -3044.720118 -3161.903013 -3156.411171 -3171.568217 -3225.704530 -2914.706375 -2342.195301 -3083.490318 -2870.209539 -2863.984000 -764.665487 1334331.266015 1413951.333634 -354.631323 -219.260074 -843.944514 -170.648642 -164.759693 -144.977067 -875.035885 10830.866089 14243.940100 -255.459200 -180.525153 -1056.300622 -2082.137392 -1413.631668 -204.485618 -188.662723 -184.499637 1996.536293 -170.796443 -9999.0 -9999.0 -9999.0 -862.309488 23222.952556 -148.498099 66491.879205 -193.102754 -186.452018 -574.339304 7852.917148 -177.682889 -9999.0
-9999.0 -9999.0 -9999.0 -9999.0 -9999.0 -9999.0 -9999.0 -9999.0 -9999.0 -9999.0 -9999.0 -1661.198301 -1945.559572 -2763.499862 -1771.378693 -3169.575509 -2780.253178 -2832.951511 -3221.747227 -3081.462516 -2121.762607 -1309.078131 1266654.910279 -647.121209 -447.850867 -217.265428 1473238.249164 1512172.310356 -170.449113 -169.963426 -162.970974 1483814.479726 -811.901855 23379.506807 -144.113158 -914.727309 1478157.356785 1186789.421143 -2501.334572 -237.555874 -1210.800384 -1495.660608 -813.339423 -136.274352 40949.055262 -9999.0 -197.844858 55084.125924 4192.288245 -674.421617 -1647.584118 -239.434727 -1414.884840 -47.920970 -1408.449114 18911.128265 -9999.0
-9999.0 -9999.0 -9999.0 -9999.0 -9999.0 -9999.0 -9999.0 -9999.0 -9999.0 -9999.0 -9999.0 -9999.0 -1959.044391 -775.516118 -2514.427669 -2544.931446 -2402.515521 -2779.869396 -2461.507639 -3068.652974 -2736.430539 -2681.666779 839.882059 955883.804497 1486384.127987 1519187.545986 2215.687354 -1688.709189 580.500897 -163.468837 -157.650486 1533056.056422 -1853.386948 8256.112608 24351.783571 -285.349832 1455662.376520 1072251.100626 -1625.608820 -2185.330841 -1871.057733 -535.772266 1160690.095293 -757.787879 -152.226154 39576.402703 -171.939282 29139.490546 1428149.922309 1246144.860408 157535.435623 1336959.979944 1340811.197299 1342246.196622 1348439.937940 13551.323789 8456.530384
-9999.0 -9999.0 -9999.0 -9999.0 -9999.0 -9999.0 -9999.0 -9999.0 -9999.0 -9999.0 -9999.0 864406.911416 -946.840960 -3134.655077 -720.529933 -2115.050623 -2743.444847 -2721.021168 -3152.840129 -2757.623766 -2775.290625 -1918.281587 -453.906527 1469633.024793 1505097.521779 1585837.108828 1428722.341970 7409.381307 645.983749 -216.555841 1530566.345380 1545049.483516 -1256.518839 8341.083957 -123.255390 -100.845300 -1268.956661 358998.398142 -987.025760 -2736.023514 378952.677129 -1657.769833 -331.325174 -244.990726 -1595.914385 2443.016019 -279.749898 -243.404070 -284.654945 37939.899878 458991.622070 5841.494489 437680.691540 90407.109919 75965.520275 13739.044151 -138.825789
-9999.0 -9999.0 -9999.0 -9999.0 -9999.0 -9999.0 -9999.0 -9999.0 -9999.0 -9999.0 2082.994618 129099.727041 -973.633693 -1092.423342 -2070.556729 2116.966236 2213.499708 -1625.353241 -2803.353473 -2703.850057 -2830.183621 -1579.090054 1976240.044461 -1137.365215 1889.174451 955312.674420 1508234.277614 394864.282158 -1869.430870 -1216.337881 70165.416514 704104.048498 -1066.619907 15319.065940 -175.082793 -176.637949 -1029.610647 1132827.985955 1716302.114701 -417.265883 -899.070773 -54.837106 -162.252713 -1196.791018 37500.544962 -231.046670 -713.676157 608207.139496 911854.187531 -510.810186 112606.667180 -165.615150 76035.745129 24512.905143 -124.844029 10508.045657 7853.657759
-9999.0 -9999.0 -9999.0 -9999.0 -9999.0 -9999.0 -9999.0 -9999.0 -9999.0 -528.258730 -715.832337 70936.057013 -429.932665 566002.776729 52439.878386 5392.735656 84735.123689 -2044.468483 -2837.358609 -2780.260006 -2926.892870 -2598.437240 -2531.672967 -2598.569206 -583.216473 2052743.786886 1515138.024888 -1021.922801 115678.740994 -927.021431 -425.818780 2003007.242049 -156.147710 -175.425448 -182.737422 -173.754400 -962.078243 1659605.623643 1498947.745988 72309.033713 1643687.441574 2049302.009095 2055574.053681 -2343.823941 -2466.132793 9918.857403 -2508.558113 964956.714732 891323.381552 -449.458785 1269519.837763 -139.363792 19153.996149 -167.478993 -148.564730 317898.372299 346362.404655
-9999.0 -9999.0 -9999.0 -9999.0 -9999.0 -9999.0 -9999.0 -9999.0 -9999.0 -1401.569955 -449.815271 -1415.955078 4690.393595 -919.347268 116269.301938 638784.610547 -1407.719919 -2394.385024 -2882.687292 -3076.090686 -3030.988324 -3127.094147 -2171.286605 -790.561228 2048429.219637 1573342.087381 623120.002568 -374.076312 -707.520517 -856.048416 -1828.719946 1945283.760393 -160.499699 14744.038897 2022.256864 -180.703906 -202.813474 -329.073725 -507.119937 -1369.285355 1560568.480333 1552274.323103 286933.855095 -1025.249047 -1918.029541 -2157.980801 -2651.462797 -2550.250805 -1070.231524 -863.902466 1980638.065288 1273460.713334 -119.842464 232175.930441 1922.861344 444804.889349 470998.720655
-9999.0 -9999.0 -9999.0 -9999.0 -9999.0 -9999.0 -9999.0 -9999.0 -9999.0 -9999.0 -143.259588 -1157.600070 -262.448376 590077.761274 -1289.159763 74264.649619 -1087.101282 -2772.926433 -2938.437128 -2935.835971 -3021.474792 -2812.061808 2763.525697 1872601.533013 1466825.093753 44811.822860 -488.781634 -1058.023936 -1147.105588 2060782.899436 2029908.775642 2005629.300265 1421097.308924 12539.561379 -743.109065 -1206.327338 -861.005065 -883.309360 -180.399685 -141.609705 2131.560013 -756.980743 4758.378592 6218.642115 -1497.843457 -997.092453 -2676.103810 -2174.940473 -2830.098211 -1742.296978 1978885.372117 726316.909889 -150.492944 18851.293733 268415.490518 68363.468959 902.047416
-9999.0 -9999.0 -9999.0 -9999.0 -9999.0 -9999.0 -9999.0 -9999.0 -9999.0 -9999.0 4300.303945 -745.599472 -802.640107 -1049.198320 -849.902883 -1770.779305 -1348.595951 -2695.348325 -2952.187620 -3027.034240 -2876.524420 -2787.087464 21820.812926 62086.230428 35109.665106 -627.095282 -986.783219 798.674457 2072188.905836 1454971.226201 -118.699852 -615.239992 257095.216186 9706.110849 -181.338512 -860.530974 333247.537316 72683.419662 1415723.433025 4365.376403 -157.347395 -366.637873 872322.932550 -1117.665776 -796.266967 2065870.716488 -494.069924 -834.319503 -2744.320189 -2769.834664 -321.941811 1379787.905065 1312852.772681 -112.613957 29401.078471 -85.426171 88403.591453
-9999.0 -9999.0 -9999.0 -9999.0 -9999.0 -9999.0 -9999.0 -9999.0 -625.858529 -120.340159 -1410.076976 -615.673011 789907.588188 285448.748537 280379.242642 -1321.365625 -2885.505736 -3133.443669 -3091.873842 -3050.823114 -2998.903536 -2979.453747 -2958.307706 -2901.096448 -2217.486076 -908.887477 -793.059576 2174287.779711 1655372.414979 1446515.725950 -155.324420 -127.668396 -147.431756 635.382664 -204.240041 -421.376036 -2638.467406 5128.802107 2043840.551983 -185.179681 -252.508101 -771.905386 528694.299914 -179.749975 -1523.403807 2044.206396 2012002.188565 355116.592272 -277.361443 -1175.546379 -582.779722 1559963.852750 683670.520445 1180661.869053 -170.734380 -676.300756 -119.175394
-9999.0 -9999.0 -9999.0 -9999.0 -9999.0 -9999.0 -9999.0 -9999.0 -267268279.724552 694145.231764 1446849.752750 12685.680844 -311.094268 1429569.393368 2034177.296145 -1082.579899 -2688.412766 -2770.889793 -2988.111621 -3085.556520 -2445.912954 -3330.384765 -3416.355724 -3416.717124 -2893.387178 -2410.002333 -696.124065 136332.741820 175337.678128 4181.813585 19363.962169 -220.062540 -537.137691 -236.822164 -641.783726 -752.176420 -2645.904290 -444.999302 222898.818825 -934.492192 -168.411278 -1154.315413 -243.120847 -1026.024488 2407.485384 1210927.477935 467730.041998 -861.588916 110130.550796 -1015.562321 -700.481550 130246.090748 691350.567145 72601.779739 -1394.289980 46929.735364 1282258.867179
-9999.0 -9999.0 -9999.0 -9999.0 -9999.0 -9999.0 -9999.0 -9999.0 -163.217957 5101.507198 3633.125016 1409115.265165 -531.082683 482095.375300 964024.520701 2030727.175288 -1864.018192 -2833.764215 -2964.059766 -2411.291149 -3115.275403 -3295.314428 -3370.336616 -3071.264049 -3115.506800 -2750.344513 -765.121617 2116694.809688 223716.569581 -147.020737 -264.193884 -692.562482 1458013.379339 1513449.606077 -745.355723 -2469.981806 -1022.411116 -1141.233284 34262.744285 667293.251875 -886.824051 -340.629207 -687.469559 2820.009509 1519813.296756 -667.821669 -203.721981 514.349893 1538423.066592 695.686145 -1346.802032 -492.928466 401892.818814 728388.769844 218561.003042 393.838710 -469.684972
-9999.0 -9999.0 -9999.0 -9999.0 -9999.0 -9999.0 -9999.0 -9999.0 -166.268126 -865.238158 344695.802669 155735.569885 -402.421691 1443115.060734 2007381.358623 -638.252888 -2822.189646 -2915.130357 -2960.721878 -2961.031430 -3045.419723 -3070.377133 -3175.316526 -3080.074692 -2748.907190 -1859.808059 362182.061900 2057462.833581 -794.632772 1373653.717178 969449.283528 175152.678002 -607.743078 -326.400017 76010.148691 -2341.034339 -2919.973338 -2753.100005 -1466.687910 -139.537701 -1220.140963 -1361.404474 -1277.875725 -897.337883 -151.768527 -287.626542 -1936.236101 -297.569616 -219.692983 1336092.109343 92.488146 -1810.560691 -567.530048 146679.470076 -353.982114 -606.775089 -2388.837163
-9999.0 -9999.0 -9999.0 -9999.0 -9999.0 -9999.0 -9999.0 -9999.0 66179.241475 -315.172655 -6104956.783386 2084072.906197 2103022.760918 2105248.155783 -474.922989 -1829.082375 -1569.724832 -2652.072156 -2287.730957 -2779.826347 -2887.180864 -2986.012034 -2967.125774 -2899.268270 -3006.684659 -1802.213643 2054412.032040 39039.569259 -923.849557 28.432783 1943177.614235 -549.070226 -2662.973801 -1003.811173 -2316.171245 -2695.112329 -2753.315998 -2833.119535 -2801.649497 -2203.663370 -2555.405491 -2672.063125 -2054.101022 -1232.165074 1121505.841774 -1590.509176 144294.634405 5538.678617 207481.162053 -599.923459 -2579.473945 -2225.335464 -1780.895370 -1205.599364 -817.245862 -862.151209 -1571.871527
