user2019/resources/simulation/Vinschgau/output-maps/psiL0008N0511.asc
ncols         63
nrows         48
xllcorner     598000.000000
yllcorner     5145000.000000
cellsize      1000.000000
NODATA_value  -9999.0
[rows 0 to 25 of 48, columns 0 to 57 of 63]
-9999.0 -9999.0 -9999.0 -9999.0 -9999.0 -9999.0 -9999.0 -9999.0 -9999.0 -9999.0 -9999.0 -9999.0 -9999.0 -9999.0 -9999.0 -9999.0 -9999.0 -9999.0 -9999.0 -9999.0 -9999.0 -9999.0 -9999.0 -9999.0 -9999.0 -9999.0 -9999.0 -9999.0 -9999.0 -9999.0 -9999.0 -9999.0 -9999.0 -9999.0 -9999.0 -9999.0 -9999.0 -9999.0 -9999.0 -9999.0 -9999.0 -9999.0 -9999.0 -9999.0 -9999.0 -9999.0 -9999.0 -9999.0 -9999.0 -9999.0 -9999.0 -9999.0 -9999.0 -9999.0 -9999.0 -9999.0 -9999.0 -9999.0
-9999.0 -9999.0 -9999.0 -9999.0 -9999.0 -9999.0 -9999.0 -9999.0 -9999.0 -9999.0 -9999.0 -9999.0 -9999.0 -9999.0 -9999.0 -9999.0 -9999.0 -9999.0 -9999.0 -9999.0 -9999.0 -9999.0 -9999.0 -9999.0 -9999.0 -9999.0 -9999.0 -252.601852 -252.609687 -252.639637 -253.621150 -253.796410 -253.786727 -9999.0 -9999.0 -9999.0 -9999.0 -9999.0 -9999.0 -9999.0 -9999.0 -9999.0 -9999.0 -9999.0 -9999.0 -9999.0 -9999.0 -9999.0 -9999.0 -9999.0 -9999.0 -9999.0 -9999.0 -9999.0 -9999.0 -9999.0 -9999.0 -9999.0
-9999.0 -9999.0 -9999.0 -9999.0 -9999.0 -9999.0 -9999.0 -9999.0 -9999.0 -9999.0 -9999.0 -9999.0 -9999.0 -9999.0 -9999.0 -9999.0 -9999.0 -9999.0 -9999.0 -9999.0 -9999.0 -9999.0 -9999.0 -9999.0 -252.479100 -252.536742 -252.410881 -252.287588 -251.620759 -252.619479 -253.276442 -9999.0 -9999.0 -9999.0 -9999.0 -9999.0 -9999.0 -9999.0 -9999.0 -9999.0 -9999.0 -9999.0 -9999.0 -9999.0 -9999.0 -9999.0 -9999.0 -9999.0 -9999.0 -9999.0 -9999.0 -9999.0 -9999.0 -9999.0 -9999.0 -9999.0 -9999.0 -9999.0
-9999.0 -9999.0 -9999.0 -9999.0 -9999.0 -9999.0 -9999.0 -9999.0 -9999.0 -9999.0 -9999.0 -9999.0 -9999.0 -9999.0 -9999.0 -9999.0 -9999.0 -9999.0 -9999.0 -9999.0 -9999.0 -9999.0 -9999.0 -252.515471 -252.151091 -235.020644 -252.970503 -265.687295 -263.717491 -252.625129 -252.619413 -252.592068 -9999.0 -9999.0 -9999.0 -9999.0 -9999.0 -9999.0 -9999.0 -9999.0 -9999.0 -9999.0 -9999.0 -9999.0 -9999.0 -9999.0 -9999.0 -9999.0 -9999.0 -9999.0 -9999.0 -9999.0 -9999.0 -9999.0 -9999.0 -9999.0 -9999.0 -9999.0
-9999.0 -9999.0 -9999.0 -9999.0 -9999.0 -9999.0 -9999.0 -9999.0 -9999.0 -9999.0 -9999.0 -9999.0 -9999.0 -9999.0 -9999.0 -9999.0 -9999.0 -9999.0 -169.486568 -252.446501 -9999.0 -252.473098 -252.307378 -264.358550 -252.533503 -268.159754 -202.182684 -180.888024 -167.813766 -252.764798 -252.629892 -252.613409 -252.687413 -252.682800 -9999.0 -9999.0 -9999.0 -9999.0 -9999.0 -9999.0 -9999.0 -9999.0 -9999.0 -9999.0 -9999.0 -9999.0 -9999.0 -9999.0 -9999.0 -9999.0 -9999.0 -9999.0 -9999.0 -9999.0 -9999.0 -9999.0 -9999.0 -9999.0
-9999.0 -9999.0 -9999.0 -9999.0 -9999.0 -9999.0 -9999.0 -9999.0 -9999.0 -9999.0 -9999.0 -9999.0 -9999.0 -9999.0 -9999.0 -9999.0 -9999.0 -654.385224 -152538.915923 -266.807588 -252.845473 -240.355367 -252.735006 -262.431456 -178.784351 -7758.083954 -1365.762162 -252.565661 -1355.190272 -190.940070 -251.273381 -252.633455 -252.872424 -252.722749 -253.708106 -253.842657 -9999.0 -9999.0 -9999.0 -9999.0 -9999.0 -9999.0 -9999.0 -9999.0 -9999.0 -9999.0 -9999.0 -9999.0 -9999.0 -9999.0 -9999.0 -9999.0 -9999.0 -9999.0 -9999.0 -9999.0 -9999.0 -9999.0
-9999.0 -9999.0 -9999.0 -9999.0 -9999.0 -9999.0 -9999.0 -9999.0 -9999.0 -9999.0 -9999.0 -9999.0 -9999.0 -252.599179 -252.568827 -2009.360513 -4060.080459 -252.731034 -633.150056 -265.154877 -252.692770 -252.680943 -266.929168 -251.426198 -2650.303750 -252.535717 -256.842365 -255.419072 -255.173914 -252.580142 -136.547321 -252.264139 -253.050306 -253.900527 -253.861634 -253.836140 -9999.0 -9999.0 -9999.0 -9999.0 -9999.0 -9999.0 -9999.0 -9999.0 -9999.0 -9999.0 -9999.0 -9999.0 -9999.0 -9999.0 -9999.0 -9999.0 -9999.0 -9999.0 -9999.0 -9999.0 -9999.0 -9999.0
-9999.0 -9999.0 -9999.0 -9999.0 -9999.0 -9999.0 -9999.0 -9999.0 -9999.0 -9999.0 -9999.0 -9999.0 -9999.0 -252.176520 -252.448208 -3999.581993 -4041.686708 -160.508667 -252.802015 -253.799993 -148219.546127 -252.606246 -110517.853147 -17650.864752 -252.584326 -258.916723 -252.616870 -253.784511 -253.837747 -253.533884 -252.585596 -253.873447 -253.863653 -253.864240 -253.861934 -9999.0 -9999.0 -9999.0 -9999.0 -9999.0 -9999.0 -9999.0 -9999.0 -9999.0 -9999.0 -9999.0 -9999.0 -9999.0 -9999.0 -9999.0 -9999.0 -9999.0 -9999.0 -9999.0 -9999.0 -9999.0 -9999.0 -9999.0
-9999.0 -9999.0 -9999.0 -9999.0 -9999.0 -9999.0 -9999.0 -9999.0 -9999.0 -9999.0 -9999.0 -9999.0 -9999.0 -252.725085 -221.876765 -234.435170 -2314.690563 -3782.503927 -252.832213 -573.598061 -251.092226 -260.272200 -3521.574501 -2418.977269 -252.644062 -252.564836 -252.640075 -253.807024 -252.616247 -253.865236 -253.840587 -253.864031 -253.854932 -253.870927 -253.875278 -9999.0 -9999.0 -9999.0 -9999.0 -9999.0 -9999.0 -9999.0 -9999.0 -9999.0 -9999.0 -9999.0 -9999.0 -9999.0 -9999.0 -9999.0 -9999.0 -9999.0 -9999.0 -9999.0 -9999.0 -9999.0 -9999.0 -9999.0
-9999.0 -9999.0 -9999.0 -9999.0 -9999.0 -9999.0 -9999.0 -9999.0 -9999.0 -9999.0 -9999.0 -9999.0 -260.380660 -91.138846 -252.430437 -252.608776 -609.635803 -1554.042458 -156.933645 -268.711433 -252.721620 -252.666742 -257.606703 -252.611197 -123.087014 -253.744220 -252.480195 -252.605168 -252.633123 -253.830725 -253.839255 -252.640902 -252.673042 -253.623762 -9999.0 -9999.0 -9999.0 -9999.0 -9999.0 -9999.0 -9999.0 -9999.0 -9999.0 -9999.0 -9999.0 -9999.0 -9999.0 -9999.0 -9999.0 -9999.0 -9999.0 -9999.0 -9999.0 -9999.0 -9999.0 -9999.0 -9999.0 -9999.0
-9999.0 -9999.0 -9999.0 -9999.0 -9999.0 -9999.0 -9999.0 -9999.0 -9999.0 -9999.0 -9999.0 -252.428243 -252.565891 -185.837505 -252.639614 -252.418665 -257.289106 -1099.475461 493.017636 -267.550486 -149382.274891 -184.749663 -252.615208 -253.577296 -257.312631 -252.650735 -253.776021 -252.605046 -196.443515 -253.827358 -252.687056 -252.650550 -253.016768 -253.602921 -252.831647 -252.668886 -252.804496 -252.757717 -252.656025 -9999.0 -9999.0 -9999.0 -253.596698 -9999.0 -9999.0 -9999.0 -9999.0 -9999.0 -9999.0 -9999.0 -9999.0 -9999.0 -9999.0 -9999.0 -9999.0 -9999.0 -9999.0 -9999.0
-9999.0 -9999.0 -9999.0 -9999.0 -9999.0 -9999.0 -9999.0 -9999.0 -9999.0 -9999.0 -9999.0 -252.477005 -252.576613 -259.040369 -252.559371 -253.226568 -252.613768 -147671.236180 458.176381 757.703665 -250.371748 -252.585864 -252.008043 -252.611413 -252.568297 -253.561309 -252.627949 -252.645223 -252.698145 -253.637047 -252.640311 -252.628067 -252.725993 -252.690981 -252.668763 -252.751679 -252.649548 -252.671892 -252.592508 -252.716138 -252.793700 -253.009867 -252.731653 -253.620480 -9999.0 -9999.0 -9999.0 678.257910 -252.482114 -252.558607 -252.553981 -252.551173 -252.537966 664.126204 696.731325 -253.522488 -9999.0 -9999.0
-9999.0 -9999.0 -9999.0 -9999.0 -9999.0 -9999.0 -9999.0 -9999.0 -9999.0 -9999.0 -9999.0 -252.176513 -252.531402 -253.172046 -197.585907 -252.746962 -252.555869 -765.477677 -250.573529 557.012808 728.707510 -258.884996 -252.567266 -251.877248 -253.612904 -252.731625 -252.574681 -252.701645 -253.639807 -253.462122 -253.732435 -253.828831 -252.656081 -252.680815 -253.138452 -252.696035 -253.022345 -265.449145 -252.670791 -252.806367 -252.587593 -252.776089 -252.753474 -252.644462 -252.612867 -9999.0 -253.415837 -252.453561 -252.572001 -252.579800 -252.594030 -252.590110 -252.594300 -251.281037 -251.732983 -252.066849 -9999.0 -9999.0
-9999.0 -9999.0 -9999.0 -9999.0 -9999.0 -9999.0 -9999.0 -9999.0 -9999.0 -9999.0 -9999.0 -9999.0 -252.376076 -219.414857 -252.347016 -252.367345 -449.832727 -750.181940 -141.872957 716.365570 -6743.438743 -260.259214 -260.237958 -252.546307 -252.623254 -252.576325 -181.704151 -253.672679 -253.462749 -252.642355 -252.630387 -252.622775 -252.659821 -252.658065 -253.317289 -252.736912 -253.542418 -256.187247 -252.697226 -252.720023 -252.580326 -252.763518 -259.662455 -251.803076 -252.689522 -252.593117 -252.601639 -252.561568 -253.323587 -252.567459 -176.886483 -252.495881 1646.154170 -200.124830 -252.557606 -252.516612 -252.396339 -9999.0
-9999.0 -9999.0 -9999.0 -9999.0 -9999.0 -9999.0 -9999.0 -9999.0 -9999.0 -9999.0 -9999.0 -221.265072 -252.605979 -252.704704 -252.536251 -252.542278 -252.516611 -688.431479 -249.073219 547.970832 -49637.833641 -2993.718495 -252.546779 -254.697372 -252.573272 -252.459599 -201.619810 -253.645348 -252.649428 -252.686540 -252.584146 -252.573395 -252.570535 -252.642628 -253.743573 -252.714593 -252.993215 -261.596194 -502.423747 -252.696675 -263.108876 -254.695649 -252.640918 -263.803171 -252.597204 -252.595743 -252.572623 -252.615293 -252.583776 -261.205447 -253.740227 -252.840342 -252.577866 -253.659394 -253.332134 -253.633458 -252.563495 -9999.0
-9999.0 -9999.0 -9999.0 -9999.0 -9999.0 -9999.0 -9999.0 -9999.0 -9999.0 -9999.0 -130.437333 -252.533310 -251.929642 -252.458333 -251.905046 -248.698093 -250.785046 -568.096266 -1260.807422 -264.305919 772.172750 730.014684 -1981.666667 -251.860934 -252.553010 -146.407048 -253.070047 -254.746069 -252.678345 -252.599160 -252.526948 -252.423257 -252.634802 -253.436817 -253.850385 -252.820506 -252.850798 -252.876526 -851.889550 -252.811305 -264.925415 -261.146874 -253.599658 -63.218034 -252.588314 -252.704308 -252.575003 -259.723445 -252.542601 -252.575409 -255.320278 -253.590588 -253.393546 -253.621302 -253.545184 -252.420124 -252.430428 -9999.0
-9999.0 -9999.0 -9999.0 -9999.0 -9999.0 -9999.0 -9999.0 -9999.0 -9999.0 -252.734350 -187.702428 -205.010849 -252.492177 -252.580343 -210.586933 -252.546812 -252.603667 -251.078201 -80901.648016 -543.394716 743.903120 -65705.159145 -60696.723047 -252.609374 -217.468250 -512.058166 -252.742925 -252.594520 -260.488947 -252.562007 -252.532216 -490.490951 -253.813575 -253.823892 -253.456469 -253.667652 -252.639000 -252.681506 -252.846387 -252.575323 -2423.597840 -531.377280 -625.119210 -40967.710362 -131220.922896 -262.220225 -252.583678 -261.796065 -259.734453 -176.442712 -258.303433 -252.581821 -253.626976 -253.354489 -252.876779 -252.792355 -251.529668 -252.599167
-9999.0 -9999.0 -9999.0 -9999.0 -9999.0 -9999.0 -9999.0 -9999.0 -9999.0 -252.703665 -252.656649 -252.638137 -117.386046 -252.565165 -252.571845 -252.569371 -251.090669 -252.600739 -139878.161166 -180.742640 42.036313 -251.809913 -188.403374 -251.849652 -553.346647 -252.696436 -252.586270 -252.566338 -252.452289 -176.379849 -252.606112 -471.206545 -253.593343 -252.616134 -252.637233 -252.808696 -252.715861 -252.726182 -253.670510 -252.621323 -219.093918 -253.052831 -252.736146 -252.606225 -134.777782 -209.999311 -252.626077 -264.310690 -262.993750 -252.564864 -553.518582 -252.826680 -253.457679 -253.457874 -253.526124 -225.841819 -253.301753 -252.444030
-9999.0 -9999.0 -9999.0 -9999.0 -9999.0 -9999.0 -9999.0 -9999.0 -9999.0 -9999.0 -252.624035 -252.631446 -252.521206 2286.760366 -261.414293 -252.586876 -252.547093 -252.524840 -150997.853048 -374.828821 287.401631 -101785.887838 -912.126300 -754.510208 -252.657834 -252.592640 -252.490697 -252.471622 -252.596890 -418.544688 -431.318856 -131.131588 -253.299255 -253.637094 -252.658921 -252.572113 -252.484709 -252.243540 -252.652281 -253.698058 -253.776071 -252.047986 -142.261074 -254.549995 -821.939486 -1297.387879 -44893.729830 -172.097020 -268.179309 -262.787640 -1766.739794 -257.133007 -252.553888 -253.448492 -252.557182 -253.161901 -252.364397 -48.528578
-9999.0 -9999.0 -9999.0 -9999.0 -9999.0 -9999.0 -9999.0 -9999.0 -9999.0 -9999.0 -252.616049 -252.625881 -252.417891 -252.516265 684.940240 -11320.911814 -10793.301656 -1885.521812 -4751.012578 -450.091990 -4469.105032 -68649.232368 -4904.011800 -253.157863 -252.669264 -252.497744 -167.397458 -1712.423131 -466.406502 -253.218076 -253.609270 -252.071547 -255.376146 -253.627099 -253.613525 -252.445744 -196.593669 -252.584227 -253.832325 -253.527889 -252.585689 -252.588911 -252.563544 -253.475511 -192.446371 -727.089888 -252.532735 -1459.600582 -145868.468688 -266.126111 -271.031189 -256.149119 -252.507141 -252.551112 -253.593501 -252.553443 -252.769172 -254.130712
-9999.0 -9999.0 -9999.0 -9999.0 -9999.0 -9999.0 -9999.0 -9999.0 -251.959007 -252.605802 -252.775686 -252.304392 -252.505260 -252.543371 -685.914137 512.371081 -143692.886221 -251.570243 -368.255230 -471.520860 -7948.705448 -152704.619917 -142524.260391 -54928.383507 -252.802908 -845.780487 -149.846562 -515.062591 -252.515761 -252.994687 -253.752859 -253.586304 -253.323539 -253.129727 -252.587563 -253.690431 -252.578201 -252.583227 -414.788250 -252.623055 -253.398431 -252.374569 -253.672547 -253.732779 -252.590344 -205.364259 -438.597535 -252.531068 -5793.503218 653.366410 -252.786884 -19053.827042 -252.491771 -252.924088 -252.595236 -252.492315 -252.596718 -250.183896
-9999.0 -9999.0 -9999.0 -9999.0 -9999.0 -9999.0 -9999.0 -9999.0 -253.369967 -252.489932 -253.259785 -253.290208 -252.705620 -251.087702 -605.484662 -1427.247202 -32644.514305 -35073.079953 -152413.699512 -478.620717 54.809529 -251.849235 -211.036339 -252.106960 -152614.095114 -1512.254133 -497.848568 -252.489743 -254.039077 -252.581549 -252.584976 -252.657558 -252.576817 -252.588546 -252.053589 -251.929354 -252.582886 -252.538096 -254.722849 -252.575191 -253.105358 -253.706551 -253.596379 -252.569809 -177.236351 -252.532086 -253.618016 -253.401759 -255.017517 -83656.028004 -252.838510 -252.488250 -591.160440 -252.323605 -252.601997 -262.374015 -259.970995 -260.813149
-9999.0 -9999.0 -9999.0 -9999.0 -9999.0 -9999.0 -9999.0 -9999.0 -252.682252 -243.890036 -252.559303 -252.934298 -251.316303 -253.474810 -252.498183 -4814.558835 -59674.802449 -253.062827 -152531.188223 103.763873 -479.188834 -241.182104 -227.797050 -239.734645 -177.418825 -131946.797580 -4168.246181 -519.669177 -255.900529 -252.650828 -252.642383 -251.451742 -252.594567 -254.935524 -251.866344 -252.569623 -254.653479 -32894.726678 -533.812380 -253.178936 -252.567644 -252.584225 -252.184616 -217.373918 -252.569750 -252.481049 -252.572407 -252.351200 -252.572964 -4483.231026 433.626535 -252.690512 -3468.918940 -1162.948098 -260.598392 -252.179342 -252.205577 -252.337482
-9999.0 -9999.0 -9999.0 -9999.0 -9999.0 -9999.0 -9999.0 -9999.0 -253.724007 -252.599308 716.177856 -256.176084 -251.292194 -188.447180 -16260.853664 -55360.083673 -152594.456963 -147094.581035 114.536382 -595.326434 -457.948752 -411.229464 -189.361653 -181.663324 -3112.151685 -13297.052429 -878.618419 -826.774157 -251.950126 -259.334501 -257.693074 -257.904749 -262.840485 -252.529600 -255.511651 -252.598097 -252.603848 -11549.422192 -1239.077223 -253.689847 -252.570889 -252.566088 -252.572411 -252.640653 -252.450259 -252.576167 -252.589476 -252.587489 -252.612047 -259.410424 -2793.178001 -142238.935268 -252.702929 -161.703925 -252.152556 -252.015136 -252.855035 1011.689670
-9999.0 -9999.0 -9999.0 -9999.0 -9999.0 -9999.0 -9999.0 -9999.0 -252.518583 -252.027028 -87.049640 -1826.610054 -9349.873825 -9012.031287 -249.207256 -183.079505 640.781602 -33640.794064 -1491.750793 -69078.950508 -4443.585253 -398.114765 -386.361279 -374.790504 -252.157040 -28596.013589 -1709.250348 -252.600453 -252.582821 -252.485018 -1539.993947 -252.426220 -262.730740 -252.463550 -258.836641 -259.286686 -259.966697 -38196.170043 -42624.758615 -252.507328 -258.008911 -260.354085 -260.275370 -261.478635 -254.772657 -252.590107 -259.718230 -260.983270 -260.721036 -263.259530 -266.433765 -152206.362098 -138277.546428 -252.418058 -249.091272 988.957477 748.658070 749.583818
-9999.0 -9999.0 -252.641698 -252.377987 -252.172996 -252.616583 -252.484876 -252.540449 -251.934620 -252.098152 -252.480741 791.910777 -10547.326776 -252.202467 -244.063463 608.318630 -2349.743317 -519.732559 -252.588348 -1706.797650 -103124.704974 -3275.163135 208.121294 -532.208106 -400.136226 -147307.793629 -56401.335618 -52951.371491 -139325.264550 -250.965997 -10975.900531 -8327.054206 -133.164514 -52241.919751 -252.440130 -8271.927582 -252.452103 -94848.418217 -35833.794343 -2560.626638 -261.372664 -262.718315 -136864.867804 -252.957717 -14339.017313 -261.641969 -252.421216 -773.716486 -267.102701 -252.570665 -252.581681 114.792686 736.191855 741.963196 750.084902 745.422797 816.099862 -140.846466
