user2019/resources/simulation/Vinschgau/output-maps/psiL0002N0206.asc
ncols         63
nrows         48
xllcorner     598000.000000
yllcorner     5145000.000000
cellsize      1000.000000
NODATA_value  -9999.0
[rows 0 to 25 of 48, columns 0 to 57 of 63]
-9999.0 -9999.0 -9999.0 -9999.0 -9999.0 -9999.0 -9999.0 -9999.0 -9999.0 -9999.0 -9999.0 -9999.0 -9999.0 -9999.0 -9999.0 -9999.0 -9999.0 -9999.0 -9999.0 -9999.0 -9999.0 -9999.0 -9999.0 -9999.0 -9999.0 -9999.0 -9999.0 -9999.0 -9999.0 -9999.0 -9999.0 -9999.0 -9999.0 -9999.0 -9999.0 -9999.0 -9999.0 -9999.0 -9999.0 -9999.0 -9999.0 -9999.0 -9999.0 -9999.0 -9999.0 -9999.0 -9999.0 -9999.0 -9999.0 -9999.0 -9999.0 -9999.0 -9999.0 -9999.0 -9999.0 -9999.0 -9999.0 -9999.0
-9999.0 -9999.0 -9999.0 -9999.0 -9999.0 -9999.0 -9999.0 -9999.0 -9999.0 -9999.0 -9999.0 -9999.0 -9999.0 -9999.0 -9999.0 -9999.0 -9999.0 -9999.0 -9999.0 -9999.0 -9999.0 -9999.0 -9999.0 -9999.0 -9999.0 -9999.0 -9999.0 -152.426817 -631.321746 -163.733442 -779.105310 -821.463557 -846.923820 -9999.0 -9999.0 -9999.0 -9999.0 -9999.0 -9999.0 -9999.0 -9999.0 -9999.0 -9999.0 -9999.0 -9999.0 -9999.0 -9999.0 -9999.0 -9999.0 -9999.0 -9999.0 -9999.0 -9999.0 -9999.0 -9999.0 -9999.0 -9999.0 -9999.0
-9999.0 -9999.0 -9999.0 -9999.0 -9999.0 -9999.0 -9999.0 -9999.0 -9999.0 -9999.0 -9999.0 -9999.0 -9999.0 -9999.0 -9999.0 -9999.0 -9999.0 -9999.0 -9999.0 -9999.0 -9999.0 -9999.0 -9999.0 -9999.0 -678.559511 -289.268788 -261.976623 -195.138652 -80.103578 -672.011185 -1011.260543 -9999.0 -9999.0 -9999.0 -9999.0 -9999.0 -9999.0 -9999.0 -9999.0 -9999.0 -9999.0 -9999.0 -9999.0 -9999.0 -9999.0 -9999.0 -9999.0 -9999.0 -9999.0 -9999.0 -9999.0 -9999.0 -9999.0 -9999.0 -9999.0 -9999.0 -9999.0 -9999.0
-9999.0 -9999.0 -9999.0 -9999.0 -9999.0 -9999.0 -9999.0 -9999.0 -9999.0 -9999.0 -9999.0 -9999.0 -9999.0 -9999.0 -9999.0 -9999.0 -9999.0 -9999.0 -9999.0 -9999.0 -9999.0 -9999.0 -9999.0 -204.955472 1668.852495 2808.717139 2508.601895 3373.808663 1939.691648 -607.928557 -467.936271 -639.840859 -9999.0 -9999.0 -9999.0 -9999.0 -9999.0 -9999.0 -9999.0 -9999.0 -9999.0 -9999.0 -9999.0 -9999.0 -9999.0 -9999.0 -9999.0 -9999.0 -9999.0 -9999.0 -9999.0 -9999.0 -9999.0 -9999.0 -9999.0 -9999.0 -9999.0 -9999.0
-9999.0 -9999.0 -9999.0 -9999.0 -9999.0 -9999.0 -9999.0 -9999.0 -9999.0 -9999.0 -9999.0 -9999.0 -9999.0 -9999.0 -9999.0 -9999.0 -9999.0 -9999.0 2396.837662 1657.369831 -9999.0 -575.836352 1658.099732 2872.327450 2967.984713 3655.234941 1571.518979 1460.978822 2579.764404 1053.499304 -467.465720 -512.568995 -178.174393 -195.571322 -9999.0 -9999.0 -9999.0 -9999.0 -9999.0 -9999.0 -9999.0 -9999.0 -9999.0 -9999.0 -9999.0 -9999.0 -9999.0 -9999.0 -9999.0 -9999.0 -9999.0 -9999.0 -9999.0 -9999.0 -9999.0 -9999.0 -9999.0 -9999.0
-9999.0 -9999.0 -9999.0 -9999.0 -9999.0 -9999.0 -9999.0 -9999.0 -9999.0 -9999.0 -9999.0 -9999.0 -9999.0 -9999.0 -9999.0 -9999.0 -9999.0 52617.938548 4206.548375 -76.318696 -209.229881 -232.689102 1344.629458 1642.850041 1626.326161 1852.395765 -121.769599 -407.986304 -60.739605 -94.372648 1890.250379 -535.858936 -198.610653 -190.740227 -262.075672 -983.252016 -9999.0 -9999.0 -9999.0 -9999.0 -9999.0 -9999.0 -9999.0 -9999.0 -9999.0 -9999.0 -9999.0 -9999.0 -9999.0 -9999.0 -9999.0 -9999.0 -9999.0 -9999.0 -9999.0 -9999.0 -9999.0 -9999.0
-9999.0 -9999.0 -9999.0 -9999.0 -9999.0 -9999.0 -9999.0 -9999.0 -9999.0 -9999.0 -9999.0 -9999.0 -9999.0 -660.807183 1958.669679 6754.488470 3160.712420 -39.839841 52019.135072 2712.719687 2792.020847 2977.462255 526.763987 1775.281212 987.523329 -1242.757309 -818.776795 -487.485315 -414.003957 -369.739644 -675.819236 -1207.972487 -1098.754704 -980.907129 -959.082477 -993.278519 -9999.0 -9999.0 -9999.0 -9999.0 -9999.0 -9999.0 -9999.0 -9999.0 -9999.0 -9999.0 -9999.0 -9999.0 -9999.0 -9999.0 -9999.0 -9999.0 -9999.0 -9999.0 -9999.0 -9999.0 -9999.0 -9999.0
-9999.0 -9999.0 -9999.0 -9999.0 -9999.0 -9999.0 -9999.0 -9999.0 -9999.0 -9999.0 -9999.0 -9999.0 -9999.0 1557.504241 2884.844901 3248.483952 2014.478519 2399.107302 -41.172146 3552.730738 4984.378301 1914.744121 7731.364935 1564.211487 892.987336 -239.423963 -687.784072 -769.780059 -509.964151 -712.239331 -645.009267 -875.017698 -913.622382 -983.693623 -988.285256 -9999.0 -9999.0 -9999.0 -9999.0 -9999.0 -9999.0 -9999.0 -9999.0 -9999.0 -9999.0 -9999.0 -9999.0 -9999.0 -9999.0 -9999.0 -9999.0 -9999.0 -9999.0 -9999.0 -9999.0 -9999.0 -9999.0 -9999.0
-9999.0 -9999.0 -9999.0 -9999.0 -9999.0 -9999.0 -9999.0 -9999.0 -9999.0 -9999.0 -9999.0 -9999.0 -9999.0 1918.383466 2540.796123 2229.634107 6467.412617 2564.043778 -41.104485 4761.219827 1270.820428 -2018.969971 1551.458710 -317.163646 -573.057232 -187.482615 -161.936290 -878.786239 -562.540098 -839.572627 -896.408810 -973.758022 -983.066618 -993.465676 -992.446136 -9999.0 -9999.0 -9999.0 -9999.0 -9999.0 -9999.0 -9999.0 -9999.0 -9999.0 -9999.0 -9999.0 -9999.0 -9999.0 -9999.0 -9999.0 -9999.0 -9999.0 -9999.0 -9999.0 -9999.0 -9999.0 -9999.0 -9999.0
-9999.0 -9999.0 -9999.0 -9999.0 -9999.0 -9999.0 -9999.0 -9999.0 -9999.0 -9999.0 -9999.0 -9999.0 2213.016566 2628.161595 2631.648335 -966.859717 1955.100667 6107.048706 2540.428864 -62.133016 -133.706678 -420.919809 -270.962282 -256.310432 -614.071069 -945.146561 -288.057446 -749.531899 -601.300236 -929.924405 -932.755423 -186.913903 -582.820458 -994.946089 -9999.0 -9999.0 -9999.0 -9999.0 -9999.0 -9999.0 -9999.0 -9999.0 -9999.0 -9999.0 -9999.0 -9999.0 -9999.0 -9999.0 -9999.0 -9999.0 -9999.0 -9999.0 -9999.0 -9999.0 -9999.0 -9999.0 -9999.0 -9999.0
-9999.0 -9999.0 -9999.0 -9999.0 -9999.0 -9999.0 -9999.0 -9999.0 -9999.0 -9999.0 -9999.0 -268.506818 -59.304181 2208.286804 -1020.362106 -897.186145 -1034.053125 6001.097237 2469.177940 -52.460191 7642.962750 1989.774488 -818.059911 -1001.694969 -413.769431 -729.420688 -1001.388299 -706.717246 -774.529447 -974.088034 -199.078383 -217.564456 -288.044282 -1001.374114 -434.683906 -930.655884 -291.509747 2624.877660 -158.481210 -9999.0 -9999.0 -9999.0 -595.312832 -9999.0 -9999.0 -9999.0 -9999.0 -9999.0 -9999.0 -9999.0 -9999.0 -9999.0 -9999.0 -9999.0 -9999.0 -9999.0 -9999.0 -9999.0
-9999.0 -9999.0 -9999.0 -9999.0 -9999.0 -9999.0 -9999.0 -9999.0 -9999.0 -9999.0 -9999.0 -783.737151 -430.504071 1858.404675 1453.980184 -860.562893 1744.306107 5697.876727 2461.275281 2395.871408 2466.916090 2587.722206 -786.451303 -256.337617 -261.447430 -955.863238 -651.293306 -183.227136 -206.218968 -990.026712 -479.478927 -750.798360 -711.115073 -910.687318 -740.145353 -675.270483 2756.625677 -699.206803 -192.528127 -474.328369 -428.096823 -768.499699 -212.675162 -516.812285 -9999.0 -9999.0 -9999.0 -302.294278 1472.387127 -168.575977 1697.518590 -151.789036 -156.916675 2206.052169 2320.198482 -186.600054 -9999.0 -9999.0
-9999.0 -9999.0 -9999.0 -9999.0 -9999.0 -9999.0 -9999.0 -9999.0 -9999.0 -9999.0 -9999.0 -675.106568 -696.335294 -95.839151 -754.521586 -676.869013 1398.050780 -80.329292 2627.054192 2444.267189 8118.000987 1467.521533 1981.636166 -284.872491 -986.540672 -173.491961 1900.012495 -394.299672 -993.365851 -723.790273 -997.709238 -283.763946 -130.397852 -806.739851 -626.409311 -99.820062 -108.672995 -85.557283 -1934.833375 -143.678136 3221.973535 -172.816437 -30.839876 -683.216218 -788.923709 -9999.0 -705.448768 -330.834671 1546.019172 2342.271292 2108.893554 -69.310469 2618.854069 2918.877437 2863.858086 2634.237589 -9999.0 -9999.0
-9999.0 -9999.0 -9999.0 -9999.0 -9999.0 -9999.0 -9999.0 -9999.0 -9999.0 -9999.0 -9999.0 -9999.0 -703.178583 -316.689410 2009.701980 1438.419331 -85.587231 6948.019986 2554.054665 2292.156436 7869.784864 1767.228639 2666.413215 1152.191507 -548.092818 2001.088114 2541.571858 -934.313214 -940.050345 -194.323290 -651.340049 -153.813974 -666.058942 -683.266218 -730.776235 -889.634463 105544.807349 -248.286715 -2331.417441 -1897.774061 3084.634578 -216.580946 -126.958662 1171.006298 -174.506514 -528.837013 -183.547606 -412.331364 -420.961406 -254.563999 1270.619440 1573.356622 1419.937165 1541.231462 -818.569641 -927.972372 -105.722782 -9999.0
-9999.0 -9999.0 -9999.0 -9999.0 -9999.0 -9999.0 -9999.0 -9999.0 -9999.0 -9999.0 -9999.0 -141.115598 -649.383673 -958.754850 1694.395707 1663.611379 1570.949099 169.344445 2720.447523 54912.893235 7139.855938 2724.980569 1491.820939 2002.323606 2004.321832 2252.182956 -235.687329 -980.829638 -597.755336 -164.675967 1509.947870 1348.738313 2197.562262 -1008.025809 -691.138951 -926.974507 -1267.699571 -58.649460 76473.063354 -1188.914782 -93.301474 -167.454194 -142.303635 -204.249907 2097.843398 -689.342237 -154.192444 -92.655866 -82.921365 7293.685993 -609.453804 -851.962298 -769.047998 -629.864128 -1001.819566 -273.096996 -139.943691 -9999.0
-9999.0 -9999.0 -9999.0 -9999.0 -9999.0 -9999.0 -9999.0 -9999.0 -9999.0 -9999.0 -473.507601 1363.017173 1807.944628 -619.040071 2382.143163 2578.036787 -89.921965 -69.542955 5127.710655 -149.573383 2850.836991 1214.805742 2565.964120 2245.961306 2704.596836 955.795783 -464.745543 -621.078255 2578.334751 2810.662031 1339.934489 -281.103198 -752.016949 -777.658167 -1005.946675 -590.936680 -70.146978 197982.199116 49673.269781 -245.845440 47221.110774 -42.992656 -48.855836 53406.881542 1500.674022 -160.913912 -71.077132 -181.796093 1320.660084 687.982520 -423.677253 -326.729209 -999.864917 -294.982741 -293.855668 2419.750445 2457.355095 -9999.0
-9999.0 -9999.0 -9999.0 -9999.0 -9999.0 -9999.0 -9999.0 -9999.0 -9999.0 -610.266091 -729.623084 757.952243 2756.667827 1213.884597 1591.332661 -126.194452 -227.643992 2120.549076 5351.063773 57072.543127 2236.179206 2169.139780 2192.626042 2466.342265 1030.017061 -314.781437 2009.586989 3038.696187 2026.821090 2317.444748 -100.950083 -327.776366 -1001.606723 -989.128322 -994.167003 -1008.620418 -977.143134 -460.198242 -339.558328 -170.396010 60797.098691 -118.396591 -180.328199 51840.867965 -50.805827 1469.454680 2115.739608 -49.585716 -353.707554 4919.301357 -140.068859 -144.147638 -395.971009 -409.095687 -158.905916 1204.647457 2329.195284 -26.584048
-9999.0 -9999.0 -9999.0 -9999.0 -9999.0 -9999.0 -9999.0 -9999.0 -9999.0 -848.058869 -686.399862 -819.981096 2848.553957 2781.623061 1389.788055 1446.163210 2755.359084 -26.306479 3567.029629 1958.139538 2346.380184 4993.759467 -99.883791 1841.526059 -290.219190 2151.889840 2690.572248 1936.169700 2285.417229 1156.587469 -1090.490309 -234.463685 -920.900424 -875.576849 -680.078755 -209.712547 -231.940075 -284.981739 -818.022620 -682.675222 -547.215041 -569.936971 2178.537519 -96.125889 51914.479749 22839.391116 39242.037126 -32.424985 2662.634302 -156.472037 -51.165347 1536.967485 -340.209763 -780.533311 -251.946890 -290.998793 2452.629989 2337.685111
-9999.0 -9999.0 -9999.0 -9999.0 -9999.0 -9999.0 -9999.0 -9999.0 -9999.0 -9999.0 -697.969744 -709.135111 959.715984 704.790579 1949.751615 1499.055069 1637.178155 1454.174217 56359.103297 40759.570858 1768.324382 7433.668739 2034.303744 1957.425458 1954.788162 1928.815779 2521.367886 33305.692901 -822.965118 -351.081743 -467.224308 -267.272229 -588.462846 -988.338412 -239.663311 2242.299235 1574.968582 1740.172280 -183.685245 -999.226883 -1025.699058 -300.582536 -125.351385 1719.785092 -315.299698 -37.323250 -60.428786 2647.026388 41789.774557 2037.297701 70.877540 1663.300624 -135.674554 -300.602836 -741.231481 -777.927548 -803.434358 3080.221572
-9999.0 -9999.0 -9999.0 -9999.0 -9999.0 -9999.0 -9999.0 -9999.0 -9999.0 -9999.0 -745.379538 -718.048553 -767.490848 1919.429230 3233.788134 6956.094121 -110.954722 5594.029809 23869.317625 28839.939561 -145.527342 2353.127821 2211.774944 2736.028918 2683.785163 2238.618497 52533.064192 1558.456029 -204.273869 -553.626005 -922.940847 -646.775707 -660.489552 -961.545430 -915.216138 -920.139428 3907.547250 -294.525854 -443.190253 -861.314148 -678.352811 -166.703082 -533.243097 -827.676901 -816.501384 1322.868182 891.683335 -851.323529 58964.810456 2788.396446 731.861181 875.660336 1562.298949 -131.063420 -184.894146 -136.053019 -800.695433 2656.193493
-9999.0 -9999.0 -9999.0 -9999.0 -9999.0 -9999.0 -9999.0 -9999.0 1464.717127 1861.680371 -541.966064 -767.930478 1352.175339 1401.869502 1771.621866 3645.699807 4754.697206 4551.357099 23983.843740 23687.093943 51772.989614 56354.672791 27381.875205 2355.540582 2555.683761 77321.491038 1467.007802 1645.075705 398.656049 -290.422996 -990.205935 -887.851063 -818.203037 -902.673527 -796.891019 -899.981068 -509.885547 1369.455095 -282.285024 -170.580388 -749.038250 -809.788755 -562.382095 -355.843320 -119.263926 1368.744143 -531.806002 1656.710883 -49.639365 2917.568281 2278.803932 1952.515196 1851.135089 1328.462532 -137.804330 2496.961411 -26.561542 2938.053437
-9999.0 -9999.0 -9999.0 -9999.0 -9999.0 -9999.0 -9999.0 -9999.0 -574.336724 1674.923069 -201.346715 -720.226307 -636.946992 1221.121104 1330.592149 -40.267518 5642.119359 5485.555081 47974.519555 16309.051968 101.831066 161.010607 4984.227631 3646.261688 51347.724547 68829.805240 7853.925946 1323.116209 -524.549260 -807.944988 -856.462463 -157.999579 -766.681394 -172.018551 -583.801743 -60.965761 1456.195706 1213.507885 -348.761174 -218.931559 -785.903741 -794.931513 -306.719905 1413.035493 1330.026335 1072.432432 -601.178448 -916.251828 1210.042355 296.760776 2470.459037 1220.534167 1234.141720 2546.681106 1922.799010 -49.104707 2405.565419 1536.118612
-9999.0 -9999.0 -9999.0 -9999.0 -9999.0 -9999.0 -9999.0 -9999.0 -992.846965 1376.404076 2223.112554 -443.054795 -59.068137 -556.295232 1916.576083 2055.154367 8403.598414 2958.357428 30775.957798 -219.133459 9694.194072 -68.123182 2207.343059 22549.579562 1454.470969 4434.264998 -155.750661 -235.702006 -625.003044 -142.338066 -155.256230 1917.084060 -216.090517 -259.342683 1442.009893 2442.631628 -316.148898 1426.728430 -167.052074 -516.448403 -651.890482 -144.597791 1477.920222 -956.779526 -650.848610 -846.718681 -132.200446 2284.586939 -408.447779 -45.515597 66969.242213 2343.614196 1246.610739 1521.580821 2443.050597 2200.764285 68021.104747 35584.481085
-9999.0 -9999.0 -9999.0 -9999.0 -9999.0 -9999.0 -9999.0 -9999.0 -1005.302348 -741.301348 2342.698831 -300.795802 2428.514193 2377.613390 3147.821139 126.427026 65439.302047 49181.965149 36126.364910 37549.017793 23093.897844 10291.330135 2787.430144 1428.313750 2054.791434 2880.771138 1937.304169 -41.156158 2963.460939 2676.312240 -247.348116 -206.767618 2016.547687 2801.101966 -324.761580 1437.283886 1704.734203 4954.903765 1260.476997 92.311263 1427.661409 1666.055804 2185.722527 -79.062635 2135.620401 -151.302473 2940.179566 -63.190365 2559.380485 1820.781468 -25.043784 70636.856428 9866.953764 2480.892154 12131.177789 -154.553267 -152.206830 -118.472767
-9999.0 -9999.0 -9999.0 -9999.0 -9999.0 -9999.0 -9999.0 -9999.0 -626.495018 -802.978456 2340.681568 2585.981865 3115.719121 -26.071632 2723.067569 3195.278000 2575.515852 4824.677502 6918.289524 5269.854512 54401.352585 15140.668699 14097.499250 23845.329653 2540.853434 2785.789105 1597.149112 2469.800568 2110.357794 2418.232161 1058.926607 2743.086855 1501.490876 1587.592240 -179.699293 -63.587485 1409.134058 2553.372684 -83.957722 993.839657 -114.884758 -62.264396 1767.824646 1590.951844 -66.894395 1832.421343 -135.806389 2547.422383 2749.280314 2575.606969 2478.883241 66253.237709 76423.734056 54660.937579 56158.621147 57400.425009 18714.672504 13290.090862
-9999.0 -9999.0 -659.554157 -491.510626 -519.544816 -96.695155 1528.245091 -189.995238 -565.100600 -525.902635 1110.242851 -24.700223 -22.932881 2125.852177 2808.910676 2623.034706 -90.849396 1647.091636 -174.168174 7332.338159 5026.573046 22961.193779 14854.293075 19482.896573 19381.067586 6680.542438 2362.385349 2029.416033 -74.741254 1936.791244 2576.933120 2787.017354 2492.966481 -35.103171 2684.875920 -37.544128 2423.685428 2500.451423 1972.274298 1874.845061 1654.206732 1162.111212 -36.878047 1276.490228 1805.203267 3222.959245 2496.545637 -41.205236 -97.703208 -90.427208 -146.813607 -140.623367 17169.591552 36864.389833 55985.185523 5321.186264 65346.847112 63936.005255
