user2019/resources/simulation/Vinschgau/output-maps/psiL0006N1193.asc
ncols         63
nrows         48
xllcorner     598000.000000
yllcorner     5145000.000000
cellsize      1000.000000
NODATA_value  -9999.0
[rows 0 to 25 of 48, columns 0 to 57 of 63]
-9999.0 -9999.0 -9999.0 -9999.0 -9999.0 -9999.0 -9999.0 -9999.0 -9999.0 -9999.0 -9999.0 -9999.0 -9999.0 -9999.0 -9999.0 -9999.0 -9999.0 -9999.0 -9999.0 -9999.0 -9999.0 -9999.0 -9999.0 -9999.0 -9999.0 -9999.0 -9999.0 -9999.0 -9999.0 -9999.0 -9999.0 -9999.0 -9999.0 -9999.0 -9999.0 -9999.0 -9999.0 -9999.0 -9999.0 -9999.0 -9999.0 -9999.0 -9999.0 -9999.0 -9999.0 -9999.0 -9999.0 -9999.0 -9999.0 -9999.0 -9999.0 -9999.0 -9999.0 -9999.0 -9999.0 -9999.0 -9999.0 -9999.0
-9999.0 -9999.0 -9999.0 -9999.0 -9999.0 -9999.0 -9999.0 -9999.0 -9999.0 -9999.0 -9999.0 -9999.0 -9999.0 -9999.0 -9999.0 -9999.0 -9999.0 -9999.0 -9999.0 -9999.0 -9999.0 -9999.0 -9999.0 -9999.0 -9999.0 -9999.0 -9999.0 -779.829006 -30.880223 -763.307928 -24.945725 -43.212459 -12.834100 -9999.0 -9999.0 -9999.0 -9999.0 -9999.0 -9999.0 -9999.0 -9999.0 -9999.0 -9999.0 -9999.0 -9999.0 -9999.0 -9999.0 -9999.0 -9999.0 -9999.0 -9999.0 -9999.0 -9999.0 -9999.0 -9999.0 -9999.0 -9999.0 -9999.0
-9999.0 -9999.0 -9999.0 -9999.0 -9999.0 -9999.0 -9999.0 -9999.0 -9999.0 -9999.0 -9999.0 -9999.0 -9999.0 -9999.0 -9999.0 -9999.0 -9999.0 -9999.0 -9999.0 -9999.0 -9999.0 -9999.0 -9999.0 -9999.0 -138.232250 -158.600206 -149.027502 -163.398807 -36.694004 -3.328653 -28.684956 -9999.0 -9999.0 -9999.0 -9999.0 -9999.0 -9999.0 -9999.0 -9999.0 -9999.0 -9999.0 -9999.0 -9999.0 -9999.0 -9999.0 -9999.0 -9999.0 -9999.0 -9999.0 -9999.0 -9999.0 -9999.0 -9999.0 -9999.0 -9999.0 -9999.0 -9999.0 -9999.0
-9999.0 -9999.0 -9999.0 -9999.0 -9999.0 -9999.0 -9999.0 -9999.0 -9999.0 -9999.0 -9999.0 -9999.0 -9999.0 -9999.0 -9999.0 -9999.0 -9999.0 -9999.0 -9999.0 -9999.0 -9999.0 -9999.0 -9999.0 -186.899121 -208.593184 -1061.511173 -1309.182112 -56005.562307 -22315.384979 -39.429768 -32.049935 -26.514098 -9999.0 -9999.0 -9999.0 -9999.0 -9999.0 -9999.0 -9999.0 -9999.0 -9999.0 -9999.0 -9999.0 -9999.0 -9999.0 -9999.0 -9999.0 -9999.0 -9999.0 -9999.0 -9999.0 -9999.0 -9999.0 -9999.0 -9999.0 -9999.0 -9999.0 -9999.0
-9999.0 -9999.0 -9999.0 -9999.0 -9999.0 -9999.0 -9999.0 -9999.0 -9999.0 -9999.0 -9999.0 -9999.0 -9999.0 -9999.0 -9999.0 -9999.0 -9999.0 -9999.0 -502.998662 -282.361485 -9999.0 -213.639669 -242.314503 -39469.111875 -1132.336674 -49528.272145 -508.714150 -541.847432 -460.320783 -512.168310 -22.086847 -27.456246 -790.312652 -773.187099 -9999.0 -9999.0 -9999.0 -9999.0 -9999.0 -9999.0 -9999.0 -9999.0 -9999.0 -9999.0 -9999.0 -9999.0 -9999.0 -9999.0 -9999.0 -9999.0 -9999.0 -9999.0 -9999.0 -9999.0 -9999.0 -9999.0 -9999.0 -9999.0
-9999.0 -9999.0 -9999.0 -9999.0 -9999.0 -9999.0 -9999.0 -9999.0 -9999.0 -9999.0 -9999.0 -9999.0 -9999.0 -9999.0 -9999.0 -9999.0 -9999.0 -1349.197596 -1816.081139 -205804.902998 -780.529664 393.445650 -544.366279 -6319.516263 -580.697372 -503.253945 -312.280502 -81.560134 -333.413934 -386.872649 -198.725864 -23.580761 -792.652079 -803.959055 -797.793048 -794.890967 -9999.0 -9999.0 -9999.0 -9999.0 -9999.0 -9999.0 -9999.0 -9999.0 -9999.0 -9999.0 -9999.0 -9999.0 -9999.0 -9999.0 -9999.0 -9999.0 -9999.0 -9999.0 -9999.0 -9999.0 -9999.0 -9999.0
-9999.0 -9999.0 -9999.0 -9999.0 -9999.0 -9999.0 -9999.0 -9999.0 -9999.0 -9999.0 -9999.0 -9999.0 -9999.0 -73.228513 -832.804362 -1093.231590 -1478.389401 -804.927532 -1317.979737 -46406.309169 -1207.417997 -979.294300 -29692.207312 -684.482770 -440.325123 -247.683985 -155044.013994 -260.977743 -348.718416 -288.421786 9315.788005 -21.198329 178.559976 -24.913362 -697.578773 -788.224189 -9999.0 -9999.0 -9999.0 -9999.0 -9999.0 -9999.0 -9999.0 -9999.0 -9999.0 -9999.0 -9999.0 -9999.0 -9999.0 -9999.0 -9999.0 -9999.0 -9999.0 -9999.0 -9999.0 -9999.0 -9999.0 -9999.0
-9999.0 -9999.0 -9999.0 -9999.0 -9999.0 -9999.0 -9999.0 -9999.0 -9999.0 -9999.0 -9999.0 -9999.0 -9999.0 -449.958347 -1311.434805 -1227.050184 -1392.240042 -701.888123 -806.272004 -1456.971159 -19884.478800 -15772.428134 -976.682762 -626.210463 -556.985647 -534.381855 -40.915715 -745.187180 -761.260497 -219.922526 -147.404573 -27.158058 -776.274966 -797.844768 -776.039090 -9999.0 -9999.0 -9999.0 -9999.0 -9999.0 -9999.0 -9999.0 -9999.0 -9999.0 -9999.0 -9999.0 -9999.0 -9999.0 -9999.0 -9999.0 -9999.0 -9999.0 -9999.0 -9999.0 -9999.0 -9999.0 -9999.0 -9999.0
-9999.0 -9999.0 -9999.0 -9999.0 -9999.0 -9999.0 -9999.0 -9999.0 -9999.0 -9999.0 -9999.0 -9999.0 -9999.0 -1384.255865 638.653318 -1183.260048 -1243.583205 -1327.522213 -807.089891 -1393.720852 -796.106565 -152742.726144 -454.502041 -293.330456 -792.766844 -550.050596 -792.895658 -787.470071 -28.324440 -796.166275 -26.003321 -796.302986 -797.950010 -795.132334 -775.764154 -9999.0 -9999.0 -9999.0 -9999.0 -9999.0 -9999.0 -9999.0 -9999.0 -9999.0 -9999.0 -9999.0 -9999.0 -9999.0 -9999.0 -9999.0 -9999.0 -9999.0 -9999.0 -9999.0 -9999.0 -9999.0 -9999.0 -9999.0
-9999.0 -9999.0 -9999.0 -9999.0 -9999.0 -9999.0 -9999.0 -9999.0 -9999.0 -9999.0 -9999.0 -9999.0 -35062.815448 6523.756141 -1359.546843 -1055.172474 -887.425274 -1121.794274 -768.113970 -152830.429260 -1114.424744 -288.600465 -11284.715474 -209.900170 3468.760171 -38.306672 62.007002 -30.584256 -25.386218 -754.035982 -30.505938 -786.182465 -23.726871 -776.842049 -9999.0 -9999.0 -9999.0 -9999.0 -9999.0 -9999.0 -9999.0 -9999.0 -9999.0 -9999.0 -9999.0 -9999.0 -9999.0 -9999.0 -9999.0 -9999.0 -9999.0 -9999.0 -9999.0 -9999.0 -9999.0 -9999.0 -9999.0 -9999.0
-9999.0 -9999.0 -9999.0 -9999.0 -9999.0 -9999.0 -9999.0 -9999.0 -9999.0 -9999.0 -9999.0 -362.424404 -1169.528040 315.342370 -1339.281412 -543.320871 -152695.392719 -1151.482315 -617.228423 -152784.037360 -10919.910625 -627.574493 -49.616305 -42.100865 -274.998066 -2.768782 -24.785189 -20.623251 3712.988835 -737.675165 -781.509783 167.794911 -769.390994 -782.862409 -788.230076 -787.497246 -156.834821 -247.821389 -576.262328 -9999.0 -9999.0 -9999.0 -798.875063 -9999.0 -9999.0 -9999.0 -9999.0 -9999.0 -9999.0 -9999.0 -9999.0 -9999.0 -9999.0 -9999.0 -9999.0 -9999.0 -9999.0 -9999.0
-9999.0 -9999.0 -9999.0 -9999.0 -9999.0 -9999.0 -9999.0 -9999.0 -9999.0 -9999.0 -9999.0 -346.797410 -1236.767595 -63155.499032 -1466.420410 -88.472935 -2001.943782 -2256.399444 -694.153707 -780.445412 -688.608878 -70.572648 -129.204526 -140.057557 -125.501392 -20.471222 -30.500402 96.086021 -633.584649 -763.484772 -23.808187 -14.157101 -30.460972 -23.613539 -37.234848 -39.996542 -66.041997 -240.891151 -243.220185 -799.668418 -794.169121 -780.417906 -25.524435 -785.268680 -9999.0 -9999.0 -9999.0 855.756102 -23.625272 -780.507947 -24.335456 -795.946144 -794.697337 858.290286 851.326325 -788.076648 -9999.0 -9999.0
-9999.0 -9999.0 -9999.0 -9999.0 -9999.0 -9999.0 -9999.0 -9999.0 -9999.0 -9999.0 -9999.0 -311.998961 -388.508453 -342.148957 -479.203169 -88.619831 -826.978318 -1435.389194 -1246.879481 -816.167491 -725.044798 -441.345954 -185.065589 -77.546302 -25.630132 -771.706006 -141.740216 -16.248450 -775.198362 -26.022353 -777.971622 -134.372148 154.000959 -26.942982 -779.064287 -57.671301 -181.506154 -1604.993117 -261.708120 -803.041696 -211.690837 -312.024052 -29.149649 -23.871550 -28.163798 -9999.0 -779.865293 -23.616796 -24.262470 -4.020622 -20.699433 -744.426886 -22.494638 -23.313884 -21.251180 -24.381181 -9999.0 -9999.0
-9999.0 -9999.0 -9999.0 -9999.0 -9999.0 -9999.0 -9999.0 -9999.0 -9999.0 -9999.0 -9999.0 -9999.0 -306.524313 1728.606580 -466.615881 -474.279911 -793.043899 -1309.449193 -673.761837 -787.211892 -1009.294958 -527.791960 -266.942869 -135.218225 -141.495915 -161.439543 2466.781766 -37.062527 -25.044205 -782.815001 -26.917967 -130.341744 -40.255070 -25.469171 -26.924885 -68.726203 -1505.962130 -3316.968389 -427.542432 -603.919269 -663.279800 -798.677007 -264.538523 -91.612149 -792.759221 -25.445055 -788.751911 -24.209163 -206.598637 -135.529272 2629.410223 -98.534634 1573.749280 789.686333 -98.696365 -56.269488 -56.622123 -9999.0
-9999.0 -9999.0 -9999.0 -9999.0 -9999.0 -9999.0 -9999.0 -9999.0 -9999.0 -9999.0 -9999.0 967.097416 -254.668396 -56.438421 -182.584231 -346.834481 -631.900138 -1027.760033 -832.281542 -916.705100 -1111.971468 -583.819674 -105.841517 -256.623292 -179.710410 -149.810094 996.747861 -27.362379 -32.186951 -777.531078 -132.729977 -137.923526 -9.631804 -25.215251 -27.710252 -32.692782 -182.626467 -42913.521998 -842.038307 -256.902405 -69259.397034 -1619.343204 -232.578040 -169240.367200 -38.489022 -31.429665 -24.601026 -793.238371 -793.227593 -90658.355957 -148568.890322 -24.756389 -100.178619 -104221.115240 -136232.452351 -797.851019 -773.738676 -9999.0
-9999.0 -9999.0 -9999.0 -9999.0 -9999.0 -9999.0 -9999.0 -9999.0 -9999.0 -9999.0 2347.496057 -143.553478 -248.764419 -277.615031 -366.932642 1306.010074 223.207306 -656.684605 -1100.054778 -894.619822 -658.728293 -441.309561 -181.638689 -268.295931 -248.260481 3056.352741 -174.432800 -149640.722305 -40.291813 -41.565324 -145.082004 -35.585759 -22.391738 -24.311875 -766.358921 -784.591249 -70.531723 -177.019200 -1665.204832 -184.485092 -304.316192 -142664.439357 -310.013808 -364.674486 -199.391274 -778.350193 -18.084159 -249.206396 -159.021833 -263.604458 -150208.088406 -783.603224 -110846.147551 -779.732212 -797.803478 -24.791340 -24.616222 -9999.0
-9999.0 -9999.0 -9999.0 -9999.0 -9999.0 -9999.0 -9999.0 -9999.0 -9999.0 -19.673715 -168.438292 800.262174 -158.230130 -193.155157 811.155493 -157.928557 -188.291694 -444.150049 -1421.289783 -966.943384 -702.449894 -998.971932 -293.409522 -563.684552 -248.040242 -130.331343 -160.326797 -45.024948 -286.946373 -203.360479 168.982069 -798.628806 -747.457676 -789.234117 -779.240236 -783.094928 -19.583216 -152.354866 -160.604661 -173.734771 -199.323235 -267.711190 -166.811072 -915.087827 -249.433503 -381.293017 -52.135627 -280.711055 -257.113157 -109.266711 -3316.361650 -777.674148 -791.267923 -786.655263 -796.451064 -168.558522 -103.873219 -672.551604
-9999.0 -9999.0 -9999.0 -9999.0 -9999.0 -9999.0 -9999.0 -9999.0 -9999.0 -16.877433 -21.592333 -45.419082 4950.656012 -387.842263 -214.863272 -198.935494 -265.102342 -477.820330 -1631.948544 -840.104504 -783.534812 -1304.047736 -490.895734 -258.735753 -130.705671 -180.593143 -196.847619 -198.943525 -106.336041 -296.044075 -86.802534 -136.127801 -7.690066 -25.526095 -25.142265 -783.819763 -777.839212 -764.118686 -43.163484 -24.830982 1005.315641 -141.391891 -252.996595 -253.441479 -683.188225 -525.406413 -542.631938 -497.126407 -850.026831 -331.629506 -981.672581 -273.922335 -795.889850 -21.188418 -470.694395 716.210784 -152.958335 -115.179944
-9999.0 -9999.0 -9999.0 -9999.0 -9999.0 -9999.0 -9999.0 -9999.0 -9999.0 -9999.0 -27.685611 -24.666808 -107.075280 2931.222574 -446.306995 -211.439044 -367.977451 -647.198183 -1852.245442 -950.193319 -746.248840 -731.067862 -409.613396 -154.301167 -187.971158 -207.199517 178.491079 -249.793222 -101.067340 -129.551358 -107.509124 5551.956146 -154.361227 -23.977263 -25.637382 -4.676940 -220.338250 -168.988804 -753.575696 -23.828092 -30.339238 -113.533794 4998.064757 -216.608698 -182.159977 -475.503241 -233.919837 -506.356267 -5000.339266 -476.682961 -1356.654394 -3482.604621 -796.705365 -786.470495 -83.810477 -22.364362 486.980556 10757.481741
-9999.0 -9999.0 -9999.0 -9999.0 -9999.0 -9999.0 -9999.0 -9999.0 -9999.0 -9999.0 -24.642901 -6.904783 -180.230249 -115.139936 -234.762687 -675.759938 -654.468749 -962.124605 -1178.018856 -1277.781759 -1260.666230 -1143.043937 -384.545927 -233.850101 -181.881006 -35.287605 -362.834442 -352.822047 -139.271001 -128.837452 -21.043505 190.305555 -159487.700803 -25.367540 -22.576337 -73.333158 3823.797445 -145.813258 -230.589688 -28.511668 -21.068636 -307.126375 -124.758078 -46.629042 -261.525368 -664.181819 -259.616891 -183.114603 -294.685975 -354.938443 -206.113263 -232.486675 -103.984899 -795.758831 -792.300005 -795.017018 -23.595647 -169.887946
-9999.0 -9999.0 -9999.0 -9999.0 -9999.0 -9999.0 -9999.0 -9999.0 52.252482 -31.118722 -45.834617 382.958123 -106.009020 -136.901892 -170.573891 -570.706045 -1448.683056 -1344.814632 -1041.145384 -1409.140609 -1456.676038 -1962.462887 -1686.061376 -1200.236147 -426.021046 -422.134882 -374.819276 -144.843740 -116.979064 -175.000393 -797.264570 -20.788292 -20.675374 -27.144803 -26.166405 -36.174047 -59.940173 -154.083047 -130.341612 -781.697736 -785.227064 -118.902783 -153022.856616 -768.612080 -785.994400 2286.821701 -114.190501 -143.868168 -184.482633 -396.497759 -228.636240 -1094.540165 -112.996619 -214.191706 -797.887458 -24.278572 -724.317613 -206.870337
-9999.0 -9999.0 -9999.0 -9999.0 -9999.0 -9999.0 -9999.0 -9999.0 -20.120209 -128.519107 -263.014302 -26.880404 -24.703430 899.138071 -220.818873 -539.472626 -1076.667313 -1193.882619 -23274.320922 -1406.386816 -722.410827 -958.886736 -1069.692933 -1417.210133 -1624.079870 -833.108782 -390.978211 -130.429620 -148671.067009 -27.499980 -26.533485 -795.078345 97.729526 -792.709511 9.461142 -153.408355 -54.000276 -124.444087 -230.573920 -29.264266 -22.000099 -140.364029 -789.101407 -38.114320 2777.427441 -125.441552 -151402.059902 -28.999576 -170.808207 -365.266992 -229.296606 -117.156869 -126.417741 -25.848448 -29.343320 -146754.981940 -241.604461 -326.716907
-9999.0 -9999.0 -9999.0 -9999.0 -9999.0 -9999.0 -9999.0 -9999.0 -23.249105 3539.598215 -83.088674 -225.651038 263.533380 -148683.734467 -182.535377 -177.879017 -738.821873 -1195.307350 -2263.938837 -736.137390 -1416.502862 -1013.134405 -1097.165426 -1290.998873 -905.089625 -1152.907302 -393.786936 -180.102377 -148892.252160 -18.301145 -796.154891 1.294798 -117.439860 -4697.148613 -109.444367 -45.111235 -249.993625 -70.462669 -90.749159 -202.487882 -20.708107 -793.306752 -130.540621 3055.514567 -115.705339 -103.943687 -794.039082 430.307535 -135.198450 -172.467641 -507.181669 -106.109867 -157.525011 -152.755539 -241.728920 -114.943745 172.699336 -348.018140
-9999.0 -9999.0 -9999.0 -9999.0 -9999.0 -9999.0 -9999.0 -9999.0 -792.126867 -20.791020 942.246306 -198067.361570 -46.281158 802.397812 -1856.581207 -403.077499 -8626.501293 -2097.487523 -765.108197 -1404.031554 -1350.212934 -1287.743035 -982.437965 -1050.034627 -1088.299907 -738.213131 -315.621742 -156.304106 -213.987288 -259.462356 -263.498187 -236.548704 -146766.915780 -148.770045 -81214.482596 -71.059187 -91.696792 -1219.691383 -171.023080 -340.459888 -50.138956 -46.775462 -39.378977 -789.327833 -111.456812 -789.472779 -41.989227 -783.704488 -39.859157 -250.561302 -384.080570 -569.354674 -212.186323 868.143278 179.794096 22.836043 -532.859182 -736.459887
-9999.0 -9999.0 -9999.0 -9999.0 -9999.0 -9999.0 -9999.0 -9999.0 -84.628826 549.318744 5622.756021 -159.350223 -153.794845 -191.151449 -165.524466 -507.475418 -491.239589 -1083.051972 -834.533066 -1215.836018 -1266.139063 -1148.502989 -1280.500794 -1320.648897 -1154.667242 -696.338494 -241.191311 -160.542868 -363.940657 -175.434799 -161.312326 -137.718259 -133.608301 -254.884979 -369.979236 -909.120371 -16524.185664 -1790.503621 -1504.982107 -386.016674 -422.160584 -15758.102048 -302.379636 -131158.140109 -242.199967 -50.758212 -276.647374 -232.324125 -284.390614 -189.626031 -499.062316 -894.921292 -644.765244 -465.961004 -166.502390 -271.018672 -495.985015 -658.879354
-9999.0 -9999.0 -47.013675 -101.168257 665.080221 -172.768977 -121.422954 -115.569327 722.242472 1241.677513 -123.507937 975.916273 -191.536659 269.829256 -307.791605 162.239851 -167.931458 -189.790119 -182.119173 -560.873545 -1222.344577 -1139.909168 -836.035820 -1477.869369 -1183.666580 -1131.248238 -729.272237 -579.064814 -840.882143 -317.913633 -448.432824 -700.815890 -557.871454 -1082.953113 -1041.208644 -1417.627901 -1379.796343 -2418.448790 -18782.109708 -912.849621 -31362.725300 -21471.306484 -601.504054 -576.054617 -199.450626 -458.321516 -311.903419 -515.132494 -1128.983354 -812.144615 -1159.540768 -776.529735 -543.939949 -465.752138 -383.349684 -430.534113 -501.938298 -631.552477
