user2019/resources/simulation/Vinschgau/output-maps/psiL0007N1370.asc
ncols         63
nrows         48
xllcorner     598000.000000
yllcorner     5145000.000000
cellsize      1000.000000
NODATA_value  -9999.0
[rows 0 to 25 of 48, columns 0 to 57 of 63]
-9999.0 -9999.0 -9999.0 -9999.0 -9999.0 -9999.0 -9999.0 -9999.0 -9999.0 -9999.0 -9999.0 -9999.0 -9999.0 -9999.0 -9999.0 -9999.0 -9999.0 -9999.0 -9999.0 -9999.0 -9999.0 -9999.0 -9999.0 -9999.0 -9999.0 -9999.0 -9999.0 -9999.0 -9999.0 -9999.0 -9999.0 -9999.0 -9999.0 -9999.0 -9999.0 -9999.0 -9999.0 -9999.0 -9999.0 -9999.0 -9999.0 -9999.0 -9999.0 -9999.0 -9999.0 -9999.0 -9999.0 -9999.0 -9999.0 -9999.0 -9999.0 -9999.0 -9999.0 -9999.0 -9999.0 -9999.0 -9999.0 -9999.0
-9999.0 -9999.0 -9999.0 -9999.0 -9999.0 -9999.0 -9999.0 -9999.0 -9999.0 -9999.0 -9999.0 -9999.0 -9999.0 -9999.0 -9999.0 -9999.0 -9999.0 -9999.0 -9999.0 -9999.0 -9999.0 -9999.0 -9999.0 -9999.0 -9999.0 -9999.0 -9999.0 -568.257317 -126.128837 -566.507255 -117.644599 -284.365290 -60.742502 -9999.0 -9999.0 -9999.0 -9999.0 -9999.0 -9999.0 -9999.0 -9999.0 -9999.0 -9999.0 -9999.0 -9999.0 -9999.0 -9999.0 -9999.0 -9999.0 -9999.0 -9999.0 -9999.0 -9999.0 -9999.0 -9999.0 -9999.0 -9999.0 -9999.0
-9999.0 -9999.0 -9999.0 -9999.0 -9999.0 -9999.0 -9999.0 -9999.0 -9999.0 -9999.0 -9999.0 -9999.0 -9999.0 -9999.0 -9999.0 -9999.0 -9999.0 -9999.0 -9999.0 -9999.0 -9999.0 -9999.0 -9999.0 -9999.0 -59.166754 -62.652450 -60.345451 -57.734824 -53.248210 -81.864718 -142.841275 -9999.0 -9999.0 -9999.0 -9999.0 -9999.0 -9999.0 -9999.0 -9999.0 -9999.0 -9999.0 -9999.0 -9999.0 -9999.0 -9999.0 -9999.0 -9999.0 -9999.0 -9999.0 -9999.0 -9999.0 -9999.0 -9999.0 -9999.0 -9999.0 -9999.0 -9999.0 -9999.0
-9999.0 -9999.0 -9999.0 -9999.0 -9999.0 -9999.0 -9999.0 -9999.0 -9999.0 -9999.0 -9999.0 -9999.0 -9999.0 -9999.0 -9999.0 -9999.0 -9999.0 -9999.0 -9999.0 -9999.0 -9999.0 -9999.0 -9999.0 -64.790365 -63.305368 -997.266278 -10253.567959 -37494.644918 -35554.771830 -144.307950 -135.805754 -147.728650 -9999.0 -9999.0 -9999.0 -9999.0 -9999.0 -9999.0 -9999.0 -9999.0 -9999.0 -9999.0 -9999.0 -9999.0 -9999.0 -9999.0 -9999.0 -9999.0 -9999.0 -9999.0 -9999.0 -9999.0 -9999.0 -9999.0 -9999.0 -9999.0 -9999.0 -9999.0
-9999.0 -9999.0 -9999.0 -9999.0 -9999.0 -9999.0 -9999.0 -9999.0 -9999.0 -9999.0 -9999.0 -9999.0 -9999.0 -9999.0 -9999.0 -9999.0 -9999.0 -9999.0 -518.439770 -72.461101 -9999.0 -63.887448 -64.618262 -32368.918774 -5497.041584 -33279.405389 -557.677417 -618.551403 -593.950655 -889.176207 -117.174871 -118.671697 -565.367368 -563.839058 -9999.0 -9999.0 -9999.0 -9999.0 -9999.0 -9999.0 -9999.0 -9999.0 -9999.0 -9999.0 -9999.0 -9999.0 -9999.0 -9999.0 -9999.0 -9999.0 -9999.0 -9999.0 -9999.0 -9999.0 -9999.0 -9999.0 -9999.0 -9999.0
-9999.0 -9999.0 -9999.0 -9999.0 -9999.0 -9999.0 -9999.0 -9999.0 -9999.0 -9999.0 -9999.0 -9999.0 -9999.0 -9999.0 -9999.0 -9999.0 -9999.0 -1112.295931 -26132.395120 -33872.221307 -569.272370 -500.104043 -838.950470 -26945.251448 -641.854752 -673.470450 -420.912260 -401.755802 -608.181030 -543.725480 -60.729438 -92.331821 -565.248918 -564.797013 -555.328928 -554.967078 -9999.0 -9999.0 -9999.0 -9999.0 -9999.0 -9999.0 -9999.0 -9999.0 -9999.0 -9999.0 -9999.0 -9999.0 -9999.0 -9999.0 -9999.0 -9999.0 -9999.0 -9999.0 -9999.0 -9999.0 -9999.0 -9999.0
-9999.0 -9999.0 -9999.0 -9999.0 -9999.0 -9999.0 -9999.0 -9999.0 -9999.0 -9999.0 -9999.0 -9999.0 -9999.0 -117.470206 -677.366460 -1129.826358 -1666.182494 -591.578479 -1093.817605 -30869.637898 -5716.974609 -3868.295987 -30396.694824 -126.710882 -454.716890 -67.969866 -112299.863607 -77069.102555 -95434.218303 -373.564269 7172.129988 -55.416865 -103.842186 -123.781062 -556.414331 -553.219341 -9999.0 -9999.0 -9999.0 -9999.0 -9999.0 -9999.0 -9999.0 -9999.0 -9999.0 -9999.0 -9999.0 -9999.0 -9999.0 -9999.0 -9999.0 -9999.0 -9999.0 -9999.0 -9999.0 -9999.0 -9999.0 -9999.0
-9999.0 -9999.0 -9999.0 -9999.0 -9999.0 -9999.0 -9999.0 -9999.0 -9999.0 -9999.0 -9999.0 -9999.0 -9999.0 -79.907306 -9208.586169 -1395.691497 -1541.907980 -643.022279 -591.192378 -11833.454576 -143326.561286 -577.873293 -7104.321922 -1443.011217 -541.706255 -24057.248176 -159.191931 -557.482899 -556.593881 -63814.807925 -183.298021 -149.874562 -557.076874 -555.592457 -556.541044 -9999.0 -9999.0 -9999.0 -9999.0 -9999.0 -9999.0 -9999.0 -9999.0 -9999.0 -9999.0 -9999.0 -9999.0 -9999.0 -9999.0 -9999.0 -9999.0 -9999.0 -9999.0 -9999.0 -9999.0 -9999.0 -9999.0 -9999.0
-9999.0 -9999.0 -9999.0 -9999.0 -9999.0 -9999.0 -9999.0 -9999.0 -9999.0 -9999.0 -9999.0 -9999.0 -9999.0 -12286.577001 654.594458 -1074.738554 -1424.607739 -1458.022376 -590.988652 -1158.148412 -99.410666 -27602.350583 -753.864806 -849.700789 -534.306744 -434.321945 -567.630327 -556.675379 -127.760921 -556.673982 -145.209381 -560.592046 -555.564767 -560.467037 -552.065237 -9999.0 -9999.0 -9999.0 -9999.0 -9999.0 -9999.0 -9999.0 -9999.0 -9999.0 -9999.0 -9999.0 -9999.0 -9999.0 -9999.0 -9999.0 -9999.0 -9999.0 -9999.0 -9999.0 -9999.0 -9999.0 -9999.0 -9999.0
-9999.0 -9999.0 -9999.0 -9999.0 -9999.0 -9999.0 -9999.0 -9999.0 -9999.0 -9999.0 -9999.0 -9999.0 -31255.212691 6544.791558 -10930.263531 -964.288125 -962.976782 -1236.352182 -740.116310 -36191.808883 -5639.108082 -559.806603 -23856.933348 -294.113248 3259.504430 -153.099749 -27.119096 -136.429850 -89.339647 -557.187307 -252.984242 -563.719429 -118.892563 -553.818967 -9999.0 -9999.0 -9999.0 -9999.0 -9999.0 -9999.0 -9999.0 -9999.0 -9999.0 -9999.0 -9999.0 -9999.0 -9999.0 -9999.0 -9999.0 -9999.0 -9999.0 -9999.0 -9999.0 -9999.0 -9999.0 -9999.0 -9999.0 -9999.0
-9999.0 -9999.0 -9999.0 -9999.0 -9999.0 -9999.0 -9999.0 -9999.0 -9999.0 -9999.0 -9999.0 -74.354252 -851.007993 -47.747794 -10492.404974 -85.897767 -35607.621821 -1373.901098 -549.675658 -39109.867269 -152244.021606 -762.736358 -101.635459 -132.091149 -23728.145072 -109.086643 -171.150003 -107.509113 2718.272681 -555.920000 -563.092198 -93.385333 -561.971259 -555.440784 -561.911813 -564.864684 -522.844937 -555.179102 -569.417511 -9999.0 -9999.0 -9999.0 -554.794827 -9999.0 -9999.0 -9999.0 -9999.0 -9999.0 -9999.0 -9999.0 -9999.0 -9999.0 -9999.0 -9999.0 -9999.0 -9999.0 -9999.0 -9999.0
-9999.0 -9999.0 -9999.0 -9999.0 -9999.0 -9999.0 -9999.0 -9999.0 -9999.0 -9999.0 -9999.0 -74.612816 -4121.470354 -39081.256118 -17176.345532 -150.815101 -23929.979219 -44855.575046 -581.588478 -662.039112 -92.853771 -88.394124 -58.075984 -130.712237 -105.728506 -122.604622 -119.541574 -93.083582 -566.484935 -556.519023 -105.332042 -69.619531 -145.876909 -134.149579 -263.717306 -246.814093 -354.244888 -532.034575 -546.964172 -564.446777 -563.701617 -562.029479 -136.976716 -557.958198 -9999.0 -9999.0 -9999.0 639.447650 -156.319275 -562.554282 -133.892544 -562.248461 -561.745176 607.494248 677.868326 -556.034182 -9999.0 -9999.0
-9999.0 -9999.0 -9999.0 -9999.0 -9999.0 -9999.0 -9999.0 -9999.0 -9999.0 -9999.0 -9999.0 -68.285495 -78.729607 -22306.278959 -507.391965 -101.762131 -241.125775 -16244.978959 -112.823318 -670.660372 -634.506609 -15983.500927 -150.967933 -53.282274 -129.641762 -567.029260 -139.748489 -14.450193 -557.683881 -144.240814 -556.425184 -2838.998970 -107.928349 -159.804046 -559.978882 -319.373754 -353.902344 -11826.842953 -545.743433 -565.669980 -552.111601 -563.287166 -201.831562 -134.955166 -168.571545 -9999.0 -549.682412 -133.194070 -106.742412 -92.303046 -168.642547 -567.492418 -175.530814 -92.472556 -159.297503 -117.769965 -9999.0 -9999.0
-9999.0 -9999.0 -9999.0 -9999.0 -9999.0 -9999.0 -9999.0 -9999.0 -9999.0 -9999.0 -9999.0 -9999.0 -70.225137 -174.413812 -80.274427 -80.998861 -878.810351 -10792.637087 -616.362605 -661.202768 -3375.308449 -19068.268422 -39088.967460 -131.525345 -131.196549 -145.027675 2523.271708 -223.567897 -120.165200 -564.993267 -112.549817 -117.607559 -247.810744 -134.963338 -193.038526 -332.994172 -700.929281 -6826.491799 -298.505244 -569.649004 -404.334426 -569.078109 -10673.618033 -58.846773 -565.338067 -134.803695 -558.922320 -136.374775 -5164.389996 -126.932708 -146.539091 -62.034750 1349.221851 -114.876469 -85.532639 -38.279364 -26.438462 -9999.0
-9999.0 -9999.0 -9999.0 -9999.0 -9999.0 -9999.0 -9999.0 -9999.0 -9999.0 -9999.0 -9999.0 -159.184500 -70.056934 -201.710230 -153.295771 -216.270433 -197.402523 -3130.727816 -100.810634 -788.255119 -5306.488557 -534.696036 -157.205222 -6704.596835 -149.427765 -111.864691 -151.488944 -141.758441 -152.394866 -565.709511 -144.614455 -98.505237 -82.979697 -125.263494 -176.785290 -212.264162 -547.424940 -31532.420549 -889.685301 -543.887232 -45450.239729 -1249.015551 -313.595179 -56933.405312 -98.498632 -141.278855 -94.235925 -566.574771 -568.087725 -56789.533241 -7904.244427 -142.453080 -100.146595 -6896.336871 -7003.068538 -561.228480 -564.958135 -9999.0
-9999.0 -9999.0 -9999.0 -9999.0 -9999.0 -9999.0 -9999.0 -9999.0 -9999.0 -9999.0 2434.935600 -137.017555 -64.204152 -67.649610 -73.687511 -74.176264 -72.930371 -456.563601 -1069.106901 -762.639410 -602.142034 -469.597471 -4240.850920 -66.464845 -184.805502 2843.532063 -3784.580067 -8916.015543 -202.364964 -101.211206 -105.996440 -30.514996 -104.733543 -132.171974 -555.032178 -563.571731 -337.106233 -373.836606 -2016.343019 -182.264823 -17124.246874 -19514.233502 -577.901098 -416.769308 -197.753633 -568.031341 -105.900459 -14527.561098 -128.459667 -157.346237 -8791.252112 -555.756731 -7140.413338 -561.130497 -559.828705 -105.068346 -105.834950 -9999.0
-9999.0 -9999.0 -9999.0 -9999.0 -9999.0 -9999.0 -9999.0 -9999.0 -9999.0 -124.415066 -295.018990 -144.351940 -136.695770 -153.380359 -160.197605 -128.430061 -155.569983 -78.579143 -11515.344405 -815.488080 -621.086438 -1398.661605 -24673.308604 -330.902450 -217.156883 -3050.475003 -170.975736 -98.377446 -21166.334253 -166.109033 -102.780716 -123777.838344 -557.608521 -556.548791 -557.098833 -556.883395 -113.268441 -279.048314 -313.699816 -251.654173 -370.756927 -269.471889 -3247.050950 -1301.953239 -24732.434859 -43715.373923 -82.815727 -15724.138511 -12448.910645 -136.531552 -8809.948216 -564.592788 -562.382696 -559.161770 -561.248485 -3954.555857 -86.169325 -565.653866
-9999.0 -9999.0 -9999.0 -9999.0 -9999.0 -9999.0 -9999.0 -9999.0 -9999.0 -169.625814 -122.037581 -116.910164 5003.008161 -191.168656 -201.491970 -163.009083 -67.848948 -186.261045 -16264.441411 -673.550760 -652.651041 -173.460432 -565.842494 -66.188442 -2675.199724 -176.869248 -157.437540 -179.373239 -112.754615 -367.277248 -282.429783 -5107.681721 -109.983685 -137.457297 -103.406523 -565.110839 -567.004114 -568.207954 -212.889223 -104.661074 -141.792443 -2428.879359 -294.451909 -148.129750 -605.173930 -610.048365 -264.048918 -18684.312204 -17621.662790 -157.099736 -140488.879027 -6732.611207 -557.025967 -150.486747 -557.820289 -102.830437 -3385.665780 -105.423229
-9999.0 -9999.0 -9999.0 -9999.0 -9999.0 -9999.0 -9999.0 -9999.0 -9999.0 -9999.0 -126.121722 -101.497290 -124.834011 1990.425601 -15897.328169 -205.864937 -175.418397 -247.994551 -23199.131490 -837.539431 -640.742770 -152584.967215 -298.380709 -2278.010474 -173.683471 -186.146954 -107.952374 -89.702475 -278.191587 -235.403432 -2936.852803 5331.603832 -3378.506548 -134.938884 -91.806520 -75.646996 -72.239927 -62.224853 -567.536600 -131.262653 -176.452074 -58.549085 5072.753616 -15450.519289 -12041.227322 -322.929756 -24776.060318 -569.282256 -25345.307952 -16404.667972 -150363.191630 -8552.559476 -562.693513 -556.696422 -51.524780 -137.592276 -32.746540 10922.806657
-9999.0 -9999.0 -9999.0 -9999.0 -9999.0 -9999.0 -9999.0 -9999.0 -9999.0 -9999.0 -117.705070 -110.803983 -61.591850 -138.891460 -340.995598 -674.584362 -507.018710 -932.884359 -1230.600225 -1012.489849 -1201.612146 -4661.641111 -412.777637 -254.746985 -212.137026 -92.105906 -412.725087 -283.482393 -286.041227 -2331.619068 -129.508237 -47.849340 -9063.284774 -153.172060 -133.028536 -57.545441 2748.613899 -129.848255 -5922.580209 -145.285597 -109.906973 -565.142700 -105.810265 -128.795417 -337.680342 -95172.900677 -137.627695 -11294.406650 -80359.560959 -8896.409216 -6223.734400 -5851.002798 -118.344236 -563.923911 -555.095491 -563.399499 -165.056899 -3364.878228
-9999.0 -9999.0 -9999.0 -9999.0 -9999.0 -9999.0 -9999.0 -9999.0 -50.841729 -113.145301 -275.052148 -49.682233 -59.837649 -112.888149 -365.617523 -514.307189 -25407.408433 -171.421153 -804.922424 -1062.304055 -1585.612210 -25547.729582 -17933.507580 -7535.543049 -304.227484 -406.689474 -346.328413 -267.562957 -100.346946 -3993.423192 -556.625712 -119.389451 -115.086742 -136.293931 -106.175954 -171.420925 -101.740070 -126.496170 -3940.070611 -567.182683 -560.619512 -56.324129 -8015.673654 -559.074390 -570.573387 2353.078062 -2806.954939 -108.860900 -8954.020002 -464.286452 -404.508931 -144879.270871 -112.006272 -5422.022662 -563.765683 -175.792099 -566.850833 -61.000007
-9999.0 -9999.0 -9999.0 -9999.0 -9999.0 -9999.0 -9999.0 -9999.0 -314.067472 -119.899332 -6788.606456 -139.009081 -127.048044 -25.638670 -293.162221 -325.408374 -2334.510071 -6146.456674 -152770.207019 -1068.930508 -592.279787 -716.058509 -901.696243 -166.477367 -15234.756757 -820.469011 -307.032682 -103.365035 -8368.958845 -117.347550 -125.192771 -567.309356 -97.257359 -567.920630 -50.453396 -58.254394 -68.740145 -125.803372 -16295.082224 -105.449372 -130.459241 -501.804039 -559.079808 -104.218351 2798.775861 -104.138599 -8158.970081 -118.527689 -4362.786395 -363.683358 -318.860988 -121.803755 -337.427642 -104.094205 -183.587988 -9901.123033 -6309.498391 -13765.791480
-9999.0 -9999.0 -9999.0 -9999.0 -9999.0 -9999.0 -9999.0 -9999.0 -130.442084 3267.737034 -339.126439 -5568.354967 -40.213447 -7747.528641 -138.775657 -4420.410916 -805.030585 -1991.329510 -34065.027161 -597.027772 -1073.043920 -733.239463 -918.022469 -1096.103369 -829.663659 -6510.475493 -286.745123 -296.908836 -9161.811914 -105.917939 -568.042006 -52.206307 -127.653268 -9335.685154 -55.738194 -62.438571 -26257.030737 -941.850859 -10919.120776 -8521.024858 -111.103417 -568.058298 -55.369807 2671.877244 -113.750865 -56.133081 -567.178094 -48.559765 -115.486000 -2366.789151 -493.050402 -280.406272 -6676.742322 -5602.166582 -7562.091169 -101.652598 -45.099112 -107.203676
-9999.0 -9999.0 -9999.0 -9999.0 -9999.0 -9999.0 -9999.0 -9999.0 -552.827242 -103.964257 732.869397 -9514.530423 -47.917130 -119.783543 -145632.323381 -308.603092 -152130.691191 -28157.273425 -646.919700 -1151.046349 -1043.531278 -1018.710305 -722.911384 -754.198693 -1053.775469 -787.863132 -271.259693 -4745.538795 -60.742392 -9037.709644 -11292.983972 -19877.095341 -24795.725613 -116.911706 -70245.136151 -144.149692 -119.523547 -9330.801919 -7937.022505 -31227.515680 -119.416374 -100.160265 -96.248135 -570.240356 -56.107277 -569.027774 -193.642601 -567.885312 -159.916728 -6941.757661 -257.618582 -435.428856 -288.711818 -163.834234 -41.587085 -55.650699 -2007.218723 -666.330729
-9999.0 -9999.0 -9999.0 -9999.0 -9999.0 -9999.0 -9999.0 -9999.0 -44.723069 -46.384851 5436.356011 -5280.272074 -5533.382678 -408.111164 -51.717598 -559.408552 -498.337534 -3223.100571 -648.852439 -6862.871580 -1266.472091 -955.872099 -1012.256505 -1029.749856 -168.497986 -635.264573 -386.173322 -184.861099 -178.696967 -142.025118 -2777.118689 -129.530120 -713.537669 -110.652159 -16560.854384 -20676.541717 -23805.704303 -24708.710937 -152658.677053 -112.272945 -16703.236756 -18727.073334 -16856.033041 -16281.787066 -7925.187910 -104.284368 -21783.403207 -17160.853305 -21480.927313 -8216.533790 -18813.267960 -886.430727 -437.134233 -201.671746 -67.647234 -361.788334 -535.975388 -649.220497
-9999.0 -9999.0 -235.006459 -54.867056 -23.815848 -150.466500 -94.691995 -120.480143 -29.271869 -38.003315 -104.851159 1013.947597 -377.473348 -102.052859 -67.613358 81.734633 -5127.564941 -253.953732 -129.162803 -366.792818 -6687.288550 -1190.173658 -782.607899 -1215.055313 -956.788312 -3589.542661 -609.404425 -543.439908 -1816.026381 -68.730320 -328.239692 -448.428153 -626.623018 -6117.399626 -282.889490 -13959.767144 -1537.502071 -49487.262148 -152887.251835 -152716.455987 -27755.255717 -27846.615571 -152827.049153 -5227.662325 -17380.788069 -17108.864841 -116.725290 -490.372063 -23992.244239 -468.188218 -1108.358640 -650.833520 -537.478903 -483.734596 -416.383539 -443.508091 -525.996914 -721.866777
