user2019/resources/simulation/Vinschgau/output-maps/psiL0003N0947.asc
ncols         63
nrows         48
xllcorner     598000.000000
yllcorner     5145000.000000
cellsize      1000.000000
NODATA_value  -9999.0
[rows 0 to 24 of 48, columns 0 to 56 of 63]
-9999.0 -9999.0 -9999.0 -9999.0 -9999.0 -9999.0 -9999.0 -9999.0 -9999.0 -9999.0 -9999.0 -9999.0 -9999.0 -9999.0 -9999.0 -9999.0 -9999.0 -9999.0 -9999.0 -9999.0 -9999.0 -9999.0 -9999.0 -9999.0 -9999.0 -9999.0 -9999.0 -9999.0 -9999.0 -9999.0 -9999.0 -9999.0 -9999.0 -9999.0 -9999.0 -9999.0 -9999.0 -9999.0 -9999.0 -9999.0 -9999.0 -9999.0 -9999.0 -9999.0 -9999.0 -9999.0 -9999.0 -9999.0 -9999.0 -9999.0 -9999.0 -9999.0 -9999.0 -9999.0 -9999.0 -9999.0 -9999.0
-9999.0 -9999.0 -9999.0 -9999.0 -9999.0 -9999.0 -9999.0 -9999.0 -9999.0 -9999.0 -9999.0 -9999.0 -9999.0 -9999.0 -9999.0 -9999.0 -9999.0 -9999.0 -9999.0 -9999.0 -9999.0 -9999.0 -9999.0 -9999.0 -9999.0 -9999.0 -9999.0 120022.839315 424675.843514 207610.752458 415315.997866 407532.300488 406141.030553 -9999.0 -9999.0 -9999.0 -9999.0 -9999.0 -9999.0 -9999.0 -9999.0 -9999.0 -9999.0 -9999.0 -9999.0 -9999.0 -9999.0 -9999.0 -9999.0 -9999.0 -9999.0 -9999.0 -9999.0 -9999.0 -9999.0 -9999.0 -9999.0
-9999.0 -9999.0 -9999.0 -9999.0 -9999.0 -9999.0 -9999.0 -9999.0 -9999.0 -9999.0 -9999.0 -9999.0 -9999.0 -9999.0 -9999.0 -9999.0 -9999.0 -9999.0 -9999.0 -9999.0 -9999.0 -9999.0 -9999.0 -9999.0 429439.008663 419626.220898 416468.021904 418716.999583 419237.228786 418250.660812 411372.359135 -9999.0 -9999.0 -9999.0 -9999.0 -9999.0 -9999.0 -9999.0 -9999.0 -9999.0 -9999.0 -9999.0 -9999.0 -9999.0 -9999.0 -9999.0 -9999.0 -9999.0 -9999.0 -9999.0 -9999.0 -9999.0 -9999.0 -9999.0 -9999.0 -9999.0 -9999.0
-9999.0 -9999.0 -9999.0 -9999.0 -9999.0 -9999.0 -9999.0 -9999.0 -9999.0 -9999.0 -9999.0 -9999.0 -9999.0 -9999.0 -9999.0 -9999.0 -9999.0 -9999.0 -9999.0 -9999.0 -9999.0 -9999.0 -9999.0 421864.995719 421613.197592 -664.886824 -828.298342 -2532.457058 -465.887195 415579.093468 415236.190576 384870.241862 -9999.0 -9999.0 -9999.0 -9999.0 -9999.0 -9999.0 -9999.0 -9999.0 -9999.0 -9999.0 -9999.0 -9999.0 -9999.0 -9999.0 -9999.0 -9999.0 -9999.0 -9999.0 -9999.0 -9999.0 -9999.0 -9999.0 -9999.0 -9999.0 -9999.0
-9999.0 -9999.0 -9999.0 -9999.0 -9999.0 -9999.0 -9999.0 -9999.0 -9999.0 -9999.0 -9999.0 -9999.0 -9999.0 -9999.0 -9999.0 -9999.0 -9999.0 -9999.0 1283.664433 424171.950613 -9999.0 430185.027554 425942.234712 -282.990077 -668.076654 -2388.010968 1020.218061 858.152608 551.729852 200687.829464 421884.822012 413094.395501 103929.991344 89311.129058 -9999.0 -9999.0 -9999.0 -9999.0 -9999.0 -9999.0 -9999.0 -9999.0 -9999.0 -9999.0 -9999.0 -9999.0 -9999.0 -9999.0 -9999.0 -9999.0 -9999.0 -9999.0 -9999.0 -9999.0 -9999.0 -9999.0 -9999.0
-9999.0 -9999.0 -9999.0 -9999.0 -9999.0 -9999.0 -9999.0 -9999.0 -9999.0 -9999.0 -9999.0 -9999.0 -9999.0 -9999.0 -9999.0 -9999.0 -9999.0 -2479.125987 -1636.990748 -1061.751646 111642.533044 367301.611853 236168.420174 806.772523 1218.452476 13006.702818 568614.806866 423139.202487 565329.042402 435.599962 222339.621989 200067.092014 168410.379266 37527.224095 26079.548003 33319.924342 -9999.0 -9999.0 -9999.0 -9999.0 -9999.0 -9999.0 -9999.0 -9999.0 -9999.0 -9999.0 -9999.0 -9999.0 -9999.0 -9999.0 -9999.0 -9999.0 -9999.0 -9999.0 -9999.0 -9999.0 -9999.0
-9999.0 -9999.0 -9999.0 -9999.0 -9999.0 -9999.0 -9999.0 -9999.0 -9999.0 -9999.0 -9999.0 -9999.0 -9999.0 420721.998478 636.455854 -1342.564399 -2611.568816 -5735.200500 -2359.198369 -1118.415101 71.877404 727.725930 -642.521285 1315.363982 50724.461812 433062.721271 57094.588321 400361.795705 431462.523965 393423.613847 374874.081689 435813.029471 420291.233129 419582.419076 369728.531753 77268.240031 -9999.0 -9999.0 -9999.0 -9999.0 -9999.0 -9999.0 -9999.0 -9999.0 -9999.0 -9999.0 -9999.0 -9999.0 -9999.0 -9999.0 -9999.0 -9999.0 -9999.0 -9999.0 -9999.0 -9999.0 -9999.0
-9999.0 -9999.0 -9999.0 -9999.0 -9999.0 -9999.0 -9999.0 -9999.0 -9999.0 -9999.0 -9999.0 -9999.0 -9999.0 373306.328198 -708.942298 -1604.152691 -2394.888157 -582.433858 -5742.562008 -1095.149310 -2576.765643 -610.248848 -657.106393 -222.344976 127639.246061 387476.440445 422119.808520 170772.190891 125210.920394 451996.697092 450381.593266 390238.880976 128795.192818 -56.001412 68798.426952 -9999.0 -9999.0 -9999.0 -9999.0 -9999.0 -9999.0 -9999.0 -9999.0 -9999.0 -9999.0 -9999.0 -9999.0 -9999.0 -9999.0 -9999.0 -9999.0 -9999.0 -9999.0 -9999.0 -9999.0 -9999.0 -9999.0
-9999.0 -9999.0 -9999.0 -9999.0 -9999.0 -9999.0 -9999.0 -9999.0 -9999.0 -9999.0 -9999.0 -9999.0 -9999.0 -826.613874 640.151413 -986.436635 -1683.157142 -2161.616387 -5764.635596 -2440.253080 -481.521346 -75.634239 43567.376552 514876.250597 1012.430551 19447.784501 93640.782180 114644.204020 406961.723114 -54.668931 323771.661250 -33.046595 -62.706484 -36.266342 72397.338556 -9999.0 -9999.0 -9999.0 -9999.0 -9999.0 -9999.0 -9999.0 -9999.0 -9999.0 -9999.0 -9999.0 -9999.0 -9999.0 -9999.0 -9999.0 -9999.0 -9999.0 -9999.0 -9999.0 -9999.0 -9999.0 -9999.0
-9999.0 -9999.0 -9999.0 -9999.0 -9999.0 -9999.0 -9999.0 -9999.0 -9999.0 -9999.0 -9999.0 -9999.0 71.000776 3070.981900 -686.687441 487.794538 -802.353357 -1383.951553 -663.263700 -1379.494768 318.644471 396540.521673 433985.376245 429803.763775 418624.975480 436118.867926 415204.473272 424340.037265 422420.944747 179869.343563 1232.151448 97298.947387 273695.599475 83722.212759 -9999.0 -9999.0 -9999.0 -9999.0 -9999.0 -9999.0 -9999.0 -9999.0 -9999.0 -9999.0 -9999.0 -9999.0 -9999.0 -9999.0 -9999.0 -9999.0 -9999.0 -9999.0 -9999.0 -9999.0 -9999.0 -9999.0 -9999.0
-9999.0 -9999.0 -9999.0 -9999.0 -9999.0 -9999.0 -9999.0 -9999.0 -9999.0 -9999.0 -9999.0 449282.940180 -418.361712 303.382422 -620.457059 246676.639627 -600.253541 -1277.634238 -288.515611 -48.014909 -1841.808621 905.350910 441148.683130 438898.565252 204615.074325 439501.182090 309755.821394 402205.202423 403486.042311 114032.616538 110390.462313 223880.632333 120735.138537 89394.964044 91657.144881 106051.093256 408222.437845 394538.253079 389408.227819 -9999.0 -9999.0 -9999.0 54728.070029 -9999.0 -9999.0 -9999.0 -9999.0 -9999.0 -9999.0 -9999.0 -9999.0 -9999.0 -9999.0 -9999.0 -9999.0 -9999.0 -9999.0
-9999.0 -9999.0 -9999.0 -9999.0 -9999.0 -9999.0 -9999.0 -9999.0 -9999.0 -9999.0 -9999.0 457697.230171 -541.237390 -609.689928 -912.098797 434979.400999 -1680.792854 -1972.213236 -592.592026 -504.951430 -375.455580 371102.935137 437781.906405 444810.856800 447366.622932 412939.276900 429309.393941 434722.714505 343784.498391 114607.411174 373068.358171 368588.709397 408413.662673 373970.317282 358439.639634 421944.196174 422816.011970 260985.871646 326210.301314 92967.791915 99663.344413 102943.870826 373165.825435 115659.181144 -9999.0 -9999.0 -9999.0 319546.892551 355129.858772 141438.470866 379013.713415 107008.557468 110638.790000 332509.098978 341430.972638 125476.626092 -9999.0
-9999.0 -9999.0 -9999.0 -9999.0 -9999.0 -9999.0 -9999.0 -9999.0 -9999.0 -9999.0 -9999.0 346135.815351 448769.893362 429724.769443 303246.976755 360685.593219 405.003090 -1212.450623 -578.806953 -593.935212 -657.423060 59150.762412 454130.715885 426740.371305 418122.768717 125161.040050 440598.586068 440529.244113 131293.236001 376200.707585 138065.664046 439006.000119 376745.203848 393397.307544 120198.479609 322221.158137 440260.942045 173364.086319 164877.480740 78194.078982 417380.272419 411075.098861 429117.748938 434162.332790 389995.898998 -9999.0 89915.994333 357345.646315 385017.220839 391405.040882 395147.404085 177016.370508 387295.366492 382071.006068 378682.913400 345263.118224 -9999.0
-9999.0 -9999.0 -9999.0 -9999.0 -9999.0 -9999.0 -9999.0 -9999.0 -9999.0 -9999.0 -9999.0 -9999.0 465319.883156 456032.010654 394883.372187 387822.327177 67.224307 -1306.232677 -510.298395 -543.667000 -783.181849 4037.556564 306567.465733 401036.483590 448655.802929 459085.914226 -219.869546 405023.017057 385668.269698 116812.019037 418227.971002 458097.069823 436455.200740 404685.857149 389714.312873 421365.668937 416565.968320 -201.943057 199937.393137 130346.237260 305597.026124 108631.641757 422541.356572 434050.610501 115300.177677 357859.540154 106410.914235 373882.090177 395257.472046 406398.944449 401246.480148 387838.761564 388624.379120 387504.619893 380223.656245 378447.578013 370013.249867
-9999.0 -9999.0 -9999.0 -9999.0 -9999.0 -9999.0 -9999.0 -9999.0 -9999.0 -9999.0 -9999.0 432361.715621 454545.619872 466970.614110 439270.947776 114066.998732 1187.611140 -778.463319 -491.420703 -1198.101053 -1065.751491 125.410239 276572.351014 443341.298803 459395.281148 457756.556955 463018.493815 419484.918628 412699.784990 141940.988206 456678.278180 452004.631956 246228.143093 408155.202640 354176.385023 417550.375375 432748.223139 9029.748384 3672.868850 214192.178618 76496.235510 152743.347220 394871.720499 12677.688908 425891.947201 426856.736416 429416.635566 136768.132311 148275.498206 403337.264693 114318.026333 420693.418843 45736.335799 -32.889596 -38.475742 -32.870592 90038.877729
-9999.0 -9999.0 -9999.0 -9999.0 -9999.0 -9999.0 -9999.0 -9999.0 -9999.0 -9999.0 110849.326506 408272.433992 436871.397671 434763.914702 411873.463595 408514.052708 408549.421553 37.697846 -1559.387297 -1120.684208 -404.783788 909.501527 607341.314387 412528.467875 389091.539213 374751.180584 440830.983700 49964.219907 440770.236192 444854.779964 158870.747177 161053.944963 443753.118216 405634.024146 109097.761767 124351.702688 436885.933366 387462.889560 456577.427138 3445.638176 1884.654998 -112.412835 -32.061780 -413.487458 459532.862912 128162.051378 413886.308659 443170.632211 444862.473692 391301.355161 -62.521448 119249.608286 -30.749954 -23.323960 -32.843538 328230.671216 328057.238507
-9999.0 -9999.0 -9999.0 -9999.0 -9999.0 -9999.0 -9999.0 -9999.0 -9999.0 413235.320650 431336.407418 75474.140139 232664.821493 450220.267662 444426.747259 456072.517704 438626.899221 205167.130889 -1504.490302 -1551.272026 -466.362001 34.151252 -115.839194 915.870025 37723.248464 642544.230921 454348.385410 425384.210706 475659.136331 456162.354417 20448.297099 598595.674780 130569.476965 -32.311802 98807.811058 112236.430179 231857.526899 481003.219005 443433.791602 457942.701702 562778.500537 611134.909306 621044.927849 -878.931909 -581.747821 413582.770068 392952.128556 437398.243084 437729.386915 12085.135217 333997.964032 101729.599338 -30.295853 101203.834717 105854.276499 869.094152 1847.041869
-9999.0 -9999.0 -9999.0 -9999.0 -9999.0 -9999.0 -9999.0 -9999.0 -9999.0 132411.209505 289705.474815 404227.929346 323204.812879 273380.793783 429799.871275 444461.874576 403901.566063 662.538083 -1660.189938 -683.509517 -597.374347 -787.424843 350.487883 273804.146266 642330.136127 458920.986109 450763.509883 404329.496221 986.833610 236301.524995 417635.909879 554317.885710 369289.749553 389255.507909 415705.081193 114724.590919 126183.274238 135989.227573 440062.233146 463199.364557 409775.558613 454707.780746 439512.226820 1149.417968 -655.734565 -434.696101 -374.752836 1466.863070 297865.753428 7698.610750 615122.444127 385399.862316 106266.608209 321875.882167 272761.713947 121343.216071 114607.408331
-9999.0 -9999.0 -9999.0 -9999.0 -9999.0 -9999.0 -9999.0 -9999.0 -9999.0 -9999.0 410183.677858 421855.954705 455464.389872 436801.868247 112931.960729 419796.740599 331192.818433 -417.165150 -1829.074654 -818.355212 -517.462969 -1761.540499 25773.157829 607060.567776 448551.649075 434143.876723 11689.681566 796.566263 437290.341928 628165.320548 618334.986892 621960.200786 421812.255909 382903.909469 397154.421488 396496.525669 423126.101372 446072.310457 129230.152370 400171.012191 434659.867297 453804.383420 405645.444362 448716.200359 1023.917485 219.976075 -698.313827 -330.366674 -382.486373 13114.332040 581610.783383 275042.608364 97093.469862 86785.172983 302374.736030 346566.833396 373243.271173
-9999.0 -9999.0 -9999.0 -9999.0 -9999.0 -9999.0 -9999.0 -9999.0 -9999.0 -9999.0 364366.804345 390604.654301 426648.169157 413025.079707 1378.103569 444.768185 65.491925 -1194.011256 -1551.557874 -2259.912092 -2156.653395 -1235.834267 140574.378766 400724.313753 418108.915174 1371.186760 25.459582 1326.163130 600591.156723 437864.982530 411545.761371 415634.798540 92787.206123 391945.014383 437187.874719 452430.364248 162027.222800 433156.713243 452089.282313 417816.664936 438617.971142 425339.945408 454845.477741 451116.806307 476529.156634 639177.731515 440658.174684 956.292769 -838.833408 -130.479704 72670.102125 391016.192981 359604.265054 152642.198646 97225.194113 100050.521115 381592.175317
-9999.0 -9999.0 -9999.0 -9999.0 -9999.0 -9999.0 -9999.0 -9999.0 444397.319245 430631.450339 393221.315489 423653.700909 465645.867924 463760.446188 603885.766300 -531.223664 -1613.015409 -840.409567 -1020.107000 -2665.361025 -2736.661654 -2090.468054 -1689.558632 -475.128354 1979.023091 -312.726259 1541.607005 642626.445210 464723.989431 429183.919907 -29.965211 359448.116611 401334.965729 401606.760634 427456.579538 446944.735446 431663.397574 458283.074431 638237.007318 126619.801951 132419.336803 335411.392721 170527.507286 134563.669566 114942.817526 152446.341844 629483.839690 476980.623303 193.584032 -152.933807 3692.957371 504728.944829 272053.081809 336333.757772 101777.088476 384457.089817 118795.112960
-9999.0 -9999.0 -9999.0 -9999.0 -9999.0 -9999.0 -9999.0 -9999.0 -98.847999 328584.176557 427214.957111 396125.094869 423152.968921 426932.003198 626813.674986 186.969482 -1085.100918 -1360.652212 -2857.972201 -2718.848513 -673.847291 -790.065999 -793.491879 -788.002785 -1725.091790 -790.052591 -436.846878 406306.357087 29790.262231 403468.613379 388246.744537 108986.451391 292129.396550 113763.899055 375459.919354 444534.612289 420924.174849 151167.361915 453411.770621 445666.320271 429731.056623 1310.120883 119408.633416 429871.283527 429846.922398 436731.040309 116352.225550 435716.239199 461229.657007 -561.020456 -154.082737 432322.679952 305787.566144 378691.803984 427564.252244 -85.708984 470313.346144
-9999.0 -9999.0 -9999.0 -9999.0 -9999.0 -9999.0 -9999.0 -9999.0 427821.133784 428219.825151 397689.753587 424038.217626 439395.695984 119059.438428 455573.089431 623222.682272 41.204225 -743.070894 -2579.293826 -742.586722 -2778.839385 -1103.951838 -916.249189 -1928.494596 -705.476768 -1146.615422 237.103929 654524.071240 38397.493633 401985.367796 108293.920428 344873.406511 424444.968591 450370.149058 427135.157524 410420.831893 271935.303635 -149.979204 134399.189323 444579.207076 421278.079800 115252.002787 426000.379549 426428.803065 420514.416349 422041.124656 108725.161312 441780.023337 460464.111704 8348.076551 -455.018117 9846.492178 205524.035938 363542.312466 121599.903766 111034.048376 753.341340
-9999.0 -9999.0 -9999.0 -9999.0 -9999.0 -9999.0 -9999.0 -9999.0 123294.877498 435969.129282 189467.373893 8929.873657 425488.566741 414330.731499 620365.949785 338.229778 -2321.802106 -2331.405303 -588.205058 -2682.732580 -2515.104239 -2438.162988 -1014.727357 -1617.835496 -1530.713604 -717.518980 569888.997445 641280.135932 424214.189679 500725.253511 474564.838575 473539.055044 454730.927718 459316.446044 498578.877820 441114.868556 82197.246618 -1080.925494 -380.179869 488660.740012 455655.893875 457485.702399 455185.729551 108188.600766 435870.552207 129918.976256 443441.840797 135509.873694 429198.620833 456951.873161 3384.288121 -383.847135 9753.214290 87196.432942 3702.553482 27.986850 -329.314022
-9999.0 -9999.0 -9999.0 -9999.0 -9999.0 -9999.0 -9999.0 -9999.0 374450.452256 450795.120759 -240.000531 646945.786876 654594.316842 661035.853092 183171.957356 -235.332761 -249.594169 -1031.279922 -793.905232 -1363.588134 -2034.074111 -1777.909717 -2308.616518 -2302.491342 -607.162850 -75.522455 632863.033921 420806.511564 113554.981924 283536.197784 601855.961749 9407.722284 31.019013 837.989058 7644.899093 830.174000 -525.515383 -1489.406385 -1794.771484 -233.556299 2290.095585 16087.098275 46344.537336 286697.050283 451245.052641 424449.353630 457267.322258 467123.552154 435946.852913 21434.289960 -297.980901 -770.105268 -487.900332 -385.562851 78.501449 69.776041 -3.662748
