user2019/resources/simulation/Vinschgau/output-maps/psiL0006N1345.asc
ncols         63
nrows         48
xllcorner     598000.000000
yllcorner     5145000.000000
cellsize      1000.000000
NODATA_value  -9999.0
[rows 0 to 25 of 48, columns 0 to 57 of 63]
-9999.0 -9999.0 -9999.0 -9999.0 -9999.0 -9999.0 -9999.0 -9999.0 -9999.0 -9999.0 -9999.0 -9999.0 -9999.0 -9999.0 -9999.0 -9999.0 -9999.0 -9999.0 -9999.0 -9999.0 -9999.0 -9999.0 -9999.0 -9999.0 -9999.0 -9999.0 -9999.0 -9999.0 -9999.0 -9999.0 -9999.0 -9999.0 -9999.0 -9999.0 -9999.0 -9999.0 -9999.0 -9999.0 -9999.0 -9999.0 -9999.0 -9999.0 -9999.0 -9999.0 -9999.0 -9999.0 -9999.0 -9999.0 -9999.0 -9999.0 -9999.0 -9999.0 -9999.0 -9999.0 -9999.0 -9999.0 -9999.0 -9999.0
-9999.0 -9999.0 -9999.0 -9999.0 -9999.0 -9999.0 -9999.0 -9999.0 -9999.0 -9999.0 -9999.0 -9999.0 -9999.0 -9999.0 -9999.0 -9999.0 -9999.0 -9999.0 -9999.0 -9999.0 -9999.0 -9999.0 -9999.0 -9999.0 -9999.0 -9999.0 -9999.0 -743.887320 -86.908683 -654.555742 -71.351464 -67.546718 -12.828047 -9999.0 -9999.0 -9999.0 -9999.0 -9999.0 -9999.0 -9999.0 -9999.0 -9999.0 -9999.0 -9999.0 -9999.0 -9999.0 -9999.0 -9999.0 -9999.0 -9999.0 -9999.0 -9999.0 -9999.0 -9999.0 -9999.0 -9999.0 -9999.0 -9999.0
-9999.0 -9999.0 -9999.0 -9999.0 -9999.0 -9999.0 -9999.0 -9999.0 -9999.0 -9999.0 -9999.0 -9999.0 -9999.0 -9999.0 -9999.0 -9999.0 -9999.0 -9999.0 -9999.0 -9999.0 -9999.0 -9999.0 -9999.0 -9999.0 -478.260549 -503.195119 -519.397755 -489.570461 -470.060690 -81.960274 -75.105189 -9999.0 -9999.0 -9999.0 -9999.0 -9999.0 -9999.0 -9999.0 -9999.0 -9999.0 -9999.0 -9999.0 -9999.0 -9999.0 -9999.0 -9999.0 -9999.0 -9999.0 -9999.0 -9999.0 -9999.0 -9999.0 -9999.0 -9999.0 -9999.0 -9999.0 -9999.0 -9999.0
-9999.0 -9999.0 -9999.0 -9999.0 -9999.0 -9999.0 -9999.0 -9999.0 -9999.0 -9999.0 -9999.0 -9999.0 -9999.0 -9999.0 -9999.0 -9999.0 -9999.0 -9999.0 -9999.0 -9999.0 -9999.0 -9999.0 -9999.0 -526.829433 -584.619723 -1309.348508 -2009.583014 -62940.099852 -60330.806977 -97.248122 -75.936285 -66.225016 -9999.0 -9999.0 -9999.0 -9999.0 -9999.0 -9999.0 -9999.0 -9999.0 -9999.0 -9999.0 -9999.0 -9999.0 -9999.0 -9999.0 -9999.0 -9999.0 -9999.0 -9999.0 -9999.0 -9999.0 -9999.0 -9999.0 -9999.0 -9999.0 -9999.0 -9999.0
-9999.0 -9999.0 -9999.0 -9999.0 -9999.0 -9999.0 -9999.0 -9999.0 -9999.0 -9999.0 -9999.0 -9999.0 -9999.0 -9999.0 -9999.0 -9999.0 -9999.0 -9999.0 -703.482587 -646.426634 -9999.0 -567.920925 -607.373872 -53850.925198 -1623.440694 -53449.750791 -769.566837 -859.061962 -817.192683 -1113.928380 -89.260046 -74.927485 -769.462033 -757.743362 -9999.0 -9999.0 -9999.0 -9999.0 -9999.0 -9999.0 -9999.0 -9999.0 -9999.0 -9999.0 -9999.0 -9999.0 -9999.0 -9999.0 -9999.0 -9999.0 -9999.0 -9999.0 -9999.0 -9999.0 -9999.0 -9999.0 -9999.0 -9999.0
-9999.0 -9999.0 -9999.0 -9999.0 -9999.0 -9999.0 -9999.0 -9999.0 -9999.0 -9999.0 -9999.0 -9999.0 -9999.0 -9999.0 -9999.0 -9999.0 -9999.0 -1454.180741 -2656.534435 -160050.870253 -760.741147 -693.282761 -1156.972857 -39258.621418 -887.848740 -712.893292 -300.334449 -919.622758 -290.679647 -740.416846 -588.107432 -89.960669 -731.162277 -801.181694 -796.709335 -792.114050 -9999.0 -9999.0 -9999.0 -9999.0 -9999.0 -9999.0 -9999.0 -9999.0 -9999.0 -9999.0 -9999.0 -9999.0 -9999.0 -9999.0 -9999.0 -9999.0 -9999.0 -9999.0 -9999.0 -9999.0 -9999.0 -9999.0
-9999.0 -9999.0 -9999.0 -9999.0 -9999.0 -9999.0 -9999.0 -9999.0 -9999.0 -9999.0 -9999.0 -9999.0 -9999.0 -125.426826 -1375.594879 -1350.202716 -1663.515386 -807.963028 -1430.168897 -50211.556301 -1680.856361 -1495.522704 -47702.426029 -1256.086125 -600.102998 -609.893964 -152709.091240 -849.394282 -6733.872416 -552.502816 9322.074803 -489.379255 -80.729723 -70.826104 -510.687673 -777.858547 -9999.0 -9999.0 -9999.0 -9999.0 -9999.0 -9999.0 -9999.0 -9999.0 -9999.0 -9999.0 -9999.0 -9999.0 -9999.0 -9999.0 -9999.0 -9999.0 -9999.0 -9999.0 -9999.0 -9999.0 -9999.0 -9999.0
-9999.0 -9999.0 -9999.0 -9999.0 -9999.0 -9999.0 -9999.0 -9999.0 -9999.0 -9999.0 -9999.0 -9999.0 -9999.0 -827.840294 -1927.027959 -1493.964860 -1594.382569 -866.603005 -809.310090 -2236.653377 -23443.886872 -37543.199763 -1699.437535 -1056.259508 -1213.038028 -17079.490971 -91.959153 -640.840760 -670.901066 -499.263217 -118.532804 -78.285693 -704.341189 -790.664420 -721.165890 -9999.0 -9999.0 -9999.0 -9999.0 -9999.0 -9999.0 -9999.0 -9999.0 -9999.0 -9999.0 -9999.0 -9999.0 -9999.0 -9999.0 -9999.0 -9999.0 -9999.0 -9999.0 -9999.0 -9999.0 -9999.0 -9999.0 -9999.0
-9999.0 -9999.0 -9999.0 -9999.0 -9999.0 -9999.0 -9999.0 -9999.0 -9999.0 -9999.0 -9999.0 -9999.0 -9999.0 -2191.390732 507.219647 -1409.741287 -1507.245537 -1548.379413 -810.206561 -1496.770942 -1073.213201 -152745.785158 -770.082442 -368.108755 -1361.485223 -1229.949157 -773.900889 -755.581455 -68.987053 -792.315347 -68.348208 -757.414122 -794.796115 -795.132115 -742.732496 -9999.0 -9999.0 -9999.0 -9999.0 -9999.0 -9999.0 -9999.0 -9999.0 -9999.0 -9999.0 -9999.0 -9999.0 -9999.0 -9999.0 -9999.0 -9999.0 -9999.0 -9999.0 -9999.0 -9999.0 -9999.0 -9999.0 -9999.0
-9999.0 -9999.0 -9999.0 -9999.0 -9999.0 -9999.0 -9999.0 -9999.0 -9999.0 -9999.0 -9999.0 -9999.0 -51881.336006 6397.544632 -2045.440487 -1488.426662 -1160.709119 -1402.560961 -1014.662085 -152869.207610 -1669.390187 -882.183006 -152751.434494 -154.092196 3481.412425 -90.751456 74.800206 -75.921210 -71.339634 -636.970224 -33.326772 -755.779080 -51.609940 -767.214022 -9999.0 -9999.0 -9999.0 -9999.0 -9999.0 -9999.0 -9999.0 -9999.0 -9999.0 -9999.0 -9999.0 -9999.0 -9999.0 -9999.0 -9999.0 -9999.0 -9999.0 -9999.0 -9999.0 -9999.0 -9999.0 -9999.0 -9999.0 -9999.0
-9999.0 -9999.0 -9999.0 -9999.0 -9999.0 -9999.0 -9999.0 -9999.0 -9999.0 -9999.0 -9999.0 -764.551966 -1543.367303 189.412662 -1959.929536 -917.290829 -152859.912353 -1462.234766 -771.559288 -152839.414569 -19830.846671 -1050.935066 -105.511157 -94.759573 -6150.055097 -84.623773 -74.184822 -78.442054 2751.959631 -654.441560 -749.074327 -79.542227 -662.838427 -763.073952 -763.275438 -734.945345 -158.281341 -251.575060 -466.052484 -9999.0 -9999.0 -9999.0 -798.190678 -9999.0 -9999.0 -9999.0 -9999.0 -9999.0 -9999.0 -9999.0 -9999.0 -9999.0 -9999.0 -9999.0 -9999.0 -9999.0 -9999.0 -9999.0
-9999.0 -9999.0 -9999.0 -9999.0 -9999.0 -9999.0 -9999.0 -9999.0 -9999.0 -9999.0 -9999.0 -750.483252 -1570.053909 -71608.440602 -2376.109702 -139.194036 -2847.084981 -3160.922058 -808.639664 -1006.173823 -999.238940 -122.186986 -488.198925 -139.976890 -125.391453 -83.680341 -81.191351 -82.489084 -458.251341 -717.387592 -77.523070 -77.661233 -68.570057 -55.534275 -81.026028 -86.399183 -106.211341 -247.088630 -248.743524 -796.848633 -783.275363 -759.263099 -74.786395 -754.061191 -9999.0 -9999.0 -9999.0 -88.422870 -23.619543 -717.577212 -24.328035 -758.923421 -748.133264 1147.027877 1074.216162 -654.491967 -9999.0 -9999.0
-9999.0 -9999.0 -9999.0 -9999.0 -9999.0 -9999.0 -9999.0 -9999.0 -9999.0 -9999.0 -9999.0 -713.839999 -787.681356 -9570.436928 -702.495230 -141.278928 -1353.871335 -2276.525447 -1442.362950 -1015.534854 -866.740451 -820.043254 -184.988852 -427.359445 -85.526893 -722.202513 -141.634520 -16.247792 -707.559909 -71.248525 -719.646671 -135.186933 -80.532200 -60.843340 -716.503854 -98.141445 -181.431641 -1776.784136 -267.924572 -800.458784 -216.609144 -254.948086 -84.944754 -77.674498 -40.213642 -9999.0 -765.545239 -26.361023 -68.312333 -77.971540 -58.154742 -618.782533 -58.244613 -70.049188 -49.489343 -53.744287 -9999.0 -9999.0
-9999.0 -9999.0 -9999.0 -9999.0 -9999.0 -9999.0 -9999.0 -9999.0 -9999.0 -9999.0 -9999.0 -9999.0 -718.538265 -259.943356 -847.305621 -855.482983 -1060.048311 -2042.841582 -836.895551 -999.210948 -1399.477250 -4158.062513 -539.027073 -135.137378 -141.406053 -161.351640 2415.304188 -67.068761 -73.394267 -741.770229 -79.062307 -130.229729 -69.220140 -67.143770 -68.337709 -95.200758 -1505.950155 -3317.113507 -746.482314 -600.474431 -984.515857 -785.944650 -288.505216 -491.243117 -763.028654 -30.289342 -771.359327 -53.152891 -206.686724 -135.419380 13100.933493 -98.387190 1589.283279 805.599980 -98.563067 -276.444985 -204.618567 -9999.0
-9999.0 -9999.0 -9999.0 -9999.0 -9999.0 -9999.0 -9999.0 -9999.0 -9999.0 -9999.0 -9999.0 990.654437 -628.541486 -79.266656 -104.683375 -843.011366 -1194.245574 -1367.829982 -1114.963451 -1059.357667 -1611.228540 -851.922516 586.219084 -265.800086 -179.630903 -149.718230 1015.309977 -76.105870 -76.035705 -716.560334 -132.611043 -137.811282 -88.097048 -69.509471 -72.056783 -79.377350 -187.776172 -137537.074237 -947.427714 -264.136141 -138621.720099 -1138.049289 -183.881771 -149050.338432 -98.397268 -75.849556 -74.819891 -765.256495 -759.570788 -140101.825679 -143336.376877 -76.955798 -100.177234 -104217.544498 -136224.706678 -797.777041 -695.240491 -9999.0
-9999.0 -9999.0 -9999.0 -9999.0 -9999.0 -9999.0 -9999.0 -9999.0 -9999.0 -9999.0 2273.902463 -127.261592 -611.475873 -650.700830 -751.055452 2144.674242 2473.943446 -777.951484 -1308.717516 -1031.476810 -891.856933 -666.071936 -181.981844 -606.884671 -185.069810 3068.058895 -175.466242 -143139.223345 -67.447766 -98.342509 -144.349793 -35.174910 -90.138997 -69.855533 -731.258867 -743.725783 -108.439320 -176.949603 -1665.198586 -246.811155 -725.567055 -147308.648727 -214.096543 -585.260243 -146.028072 -720.634036 -85.979652 -296.310327 -158.933413 -344.829825 -150198.878869 -736.925474 -110839.614292 -779.732345 -791.012745 -68.164473 -67.694087 -9999.0
-9999.0 -9999.0 -9999.0 -9999.0 -9999.0 -9999.0 -9999.0 -9999.0 -9999.0 -85.594523 -451.709554 1864.573916 -122.378200 -192.690416 1062.574487 -86.405096 -43.261562 -800.631832 -2122.929003 -1092.082905 -924.102890 -1220.488915 -410.844596 -1050.319825 -362.250743 -130.289449 -160.249957 -92.935088 -461.414346 -105.821252 -238.142531 -798.628749 -650.119510 -775.161260 -755.468220 -741.310283 -89.220178 -152.273222 -160.513955 -160.459402 -199.235025 -267.646043 -167.135883 -1087.475647 -380.242382 -1289.112704 -106.078017 -323.842328 -297.754871 -270.161570 -3465.862986 -713.700784 -791.268018 -726.775919 -745.048836 -168.538195 -103.882861 -537.773261
-9999.0 -9999.0 -9999.0 -9999.0 -9999.0 -9999.0 -9999.0 -9999.0 -9999.0 -59.345041 -85.645430 -101.866229 4860.240604 -335.351822 -125.347123 -198.622211 -634.591069 -941.131938 -2361.233332 -1017.471225 -980.987721 -1567.093398 -775.436678 -539.744249 -130.678662 -180.515540 -196.485854 -167.709562 -414.240772 -520.242111 -177.364420 -136.083555 -77.152746 -64.701601 -68.563148 -750.781944 -734.465681 -693.598462 -91.974279 -92.652151 1025.322242 -142.472190 -248.351014 -583.556494 -823.684036 -818.217287 -1057.544414 -2250.813642 -698.292438 -583.553994 -981.672162 -273.845902 -795.778835 -21.187964 -244.150905 718.932848 -152.944290 -115.161181
-9999.0 -9999.0 -9999.0 -9999.0 -9999.0 -9999.0 -9999.0 -9999.0 -9999.0 -9999.0 -79.164714 -92.084453 -52.830878 2945.942982 -775.213537 -128.821420 -399.824511 -1174.712092 -2624.924946 -1144.861370 -959.139780 -9980.798744 -489.584614 -155.377523 -187.894369 -147.366711 -273.849250 -597.328116 -190.632893 -129.384139 -107.470057 5576.430350 -154.322913 -68.907712 -74.925058 -86.965567 -570.243702 -546.467011 -681.529934 -78.227807 -81.262209 -492.203155 4929.375760 -393.846591 -207.017578 -571.135033 -372.568612 -778.403849 -32396.284411 -1319.252408 -1356.654230 -3487.528704 -772.621895 -786.470149 -83.689363 -22.470780 -225.256558 10412.890954
-9999.0 -9999.0 -9999.0 -9999.0 -9999.0 -9999.0 -9999.0 -9999.0 -9999.0 -9999.0 -69.728223 -83.976723 -534.571881 422.258628 -494.495952 -825.449119 -746.977122 -1147.067096 -1425.725762 -1376.357468 -1434.497877 -1602.403573 -424.710604 -190.978765 -144.408715 -384.388733 -577.190602 -228.076908 -139.119094 -128.805828 -79.766763 -372.596485 -143532.114017 -69.836297 -81.473329 -510.191274 3827.211924 -136.663645 -230.985989 -75.292913 -77.899627 -226.263697 -124.530989 -99.474677 -496.747327 -673.147231 -318.662049 -207.089628 -658.064748 -16496.398319 -162.101574 -233.077858 -103.865658 -715.365060 -792.300077 -795.010443 -23.589069 -179.924988
-9999.0 -9999.0 -9999.0 -9999.0 -9999.0 -9999.0 -9999.0 -9999.0 -410.090416 -77.268889 -69.141353 -396.643613 -105.956226 -132.129410 -149.023917 -698.093987 -2985.273266 -1582.058700 -1294.145025 -1447.399366 -1640.697131 -2714.028532 -2419.643217 -1829.902347 -874.253748 -564.590414 -510.229747 -144.689854 -116.833186 -174.956840 -767.811240 -77.863257 -78.229177 -71.239008 -75.323619 -89.970751 -113.073023 -106.750054 -130.297022 -748.346540 -743.338677 -492.128123 -151697.215776 -708.851099 -762.475062 2220.162964 -114.150986 -140.112446 -170.654587 -628.876865 -379.107477 -1095.083310 -112.965828 -214.140511 -797.675294 -48.422214 -594.673147 -530.576117
-9999.0 -9999.0 -9999.0 -9999.0 -9999.0 -9999.0 -9999.0 -9999.0 -20.120244 -128.476623 -262.938833 -73.473002 -85.383692 916.557369 -220.738635 -610.357999 -1359.567175 -1743.582355 -24871.100555 -1455.305110 -828.325921 -1076.811038 -1248.798431 -1614.857256 -2324.953894 -1025.056701 -462.940369 -109.502546 -141651.354798 -72.252273 -59.209038 -782.267973 -80.489642 -776.680060 -417.643981 -504.176353 -111.996547 -213.550740 -335.148345 -91.062821 -80.045068 -115.965490 -764.501567 -94.956149 2694.602497 -125.322414 -150618.164124 -88.986092 -219.097223 -540.916129 -453.463096 8699.413316 -126.380738 -25.851428 -58.966694 -129739.692373 -251.635840 -331.017654
-9999.0 -9999.0 -9999.0 -9999.0 -9999.0 -9999.0 -9999.0 -9999.0 -81.381172 3369.846135 -106.262442 -225.590307 -319.847728 -142797.935344 -182.429676 -177.930909 -901.414890 -1516.844202 -3012.457032 -834.513049 -1461.664155 -1094.971600 -1269.116155 -1442.948884 -1154.626189 -1739.956447 -521.079399 -179.993688 -142692.505875 -77.883408 -784.643644 -436.650838 -117.317978 -5886.520897 -474.026591 -105.684172 -637.468949 -135.397176 -79.688130 -237.824429 -88.315231 -782.344636 -466.600759 2649.602657 -115.562974 -450.419793 -781.530668 -371.980306 -135.096764 -186.420792 -660.759564 -310.702597 -157.517989 -152.745091 -278.813394 -87.156923 -253.897006 -759.776994
-9999.0 -9999.0 -9999.0 -9999.0 -9999.0 -9999.0 -9999.0 -9999.0 -774.383145 -87.285317 967.079975 -182088.075210 -389.490071 819.845488 -1880.436719 -429.775290 -14968.917376 -2835.747923 -952.904960 -1492.415891 -1421.728717 -1389.454046 -1081.754161 -1108.296932 -1289.285746 -929.625178 -258.256441 -156.255917 -540.400315 -276.158656 -303.820121 -329.620925 -8443.232523 -103.144421 -150654.914103 -119.407413 -136.527175 -1937.549550 -233.934127 -1142.344250 -102.056467 -101.607088 -98.377767 -768.789099 -424.717423 -763.112499 -68.104195 -735.050740 -88.553264 -262.529037 -511.553753 -868.139854 -388.053020 1472.714159 -185.765223 -349.955786 -1046.277254 -906.420473
-9999.0 -9999.0 -9999.0 -9999.0 -9999.0 -9999.0 -9999.0 -9999.0 -64.862144 -348.781836 5619.843488 -159.295900 -153.876798 -191.042112 -328.513176 -766.191056 -697.337827 -1425.319882 -1043.917756 -1803.637876 -1463.170078 -1303.948985 -1380.122091 -1400.260582 -1515.126124 -882.099099 -241.117082 -108.154610 -538.626078 487.642905 -162.551599 -324.665239 -1284.113217 -534.324667 -1343.520941 -19152.500003 -34090.004985 -2636.564096 -16410.617818 -865.488105 -2532.816939 -152313.891729 -1091.030223 -52827.043418 -266.914312 -103.000813 -449.721775 -303.965009 -428.228119 -346.715498 -5036.177252 -1096.059259 -894.415180 -763.627919 -491.632021 -521.105191 -738.771667 -903.843484
-9999.0 -9999.0 -71.575213 -449.551305 663.659175 -172.700029 -121.322669 -115.467251 -278.873065 -308.543302 -123.394289 995.834512 -191.417145 194.744153 -738.506758 -49.445877 -182.600453 -189.693997 -180.542668 -626.856891 -1797.094940 -1397.513269 -1081.322415 -1553.637012 -1299.657235 -1507.767615 -805.213589 -766.006583 -1195.122593 -766.742866 -525.157699 -967.304466 -868.014690 -1654.910212 -1454.663795 -2206.383393 -1634.278746 -3310.146294 -23670.368772 -13113.144681 -42689.057028 -42567.667966 -11247.588330 -1306.872598 -239.152623 -2381.305485 -706.068853 -650.237044 -23993.587394 -1317.210163 -1506.672813 -951.405178 -768.482416 -667.781580 -585.746621 -632.061804 -722.691976 -923.289519
