user2019/resources/simulation/Vinschgau/output-maps/psiL0001N0518.asc
ncols         63
nrows         48
xllcorner     598000.000000
yllcorner     5145000.000000
cellsize      1000.000000
NODATA_value  -9999.0
[rows 0 to 26 of 48, columns 0 to 60 of 63]
-9999.0 -9999.0 -9999.0 -9999.0 -9999.0 -9999.0 -9999.0 -9999.0 -9999.0 -9999.0 -9999.0 -9999.0 -9999.0 -9999.0 -9999.0 -9999.0 -9999.0 -9999.0 -9999.0 -9999.0 -9999.0 -9999.0 -9999.0 -9999.0 -9999.0 -9999.0 -9999.0 -9999.0 -9999.0 -9999.0 -9999.0 -9999.0 -9999.0 -9999.0 -9999.0 -9999.0 -9999.0 -9999.0 -9999.0 -9999.0 -9999.0 -9999.0 -9999.0 -9999.0 -9999.0 -9999.0 -9999.0 -9999.0 -9999.0 -9999.0 -9999.0 -9999.0 -9999.0 -9999.0 -9999.0 -9999.0 -9999.0 -9999.0 -9999.0 -9999.0 -9999.0
-9999.0 -9999.0 -9999.0 -9999.0 -9999.0 -9999.0 -9999.0 -9999.0 -9999.0 -9999.0 -9999.0 -9999.0 -9999.0 -9999.0 -9999.0 -9999.0 -9999.0 -9999.0 -9999.0 -9999.0 -9999.0 -9999.0 -9999.0 -9999.0 -9999.0 -9999.0 -9999.0 -63.985041 -238.895309 -73.347977 7.695343 -117.446130 532.528557 -9999.0 -9999.0 -9999.0 -9999.0 -9999.0 -9999.0 -9999.0 -9999.0 -9999.0 -9999.0 -9999.0 -9999.0 -9999.0 -9999.0 -9999.0 -9999.0 -9999.0 -9999.0 -9999.0 -9999.0 -9999.0 -9999.0 -9999.0 -9999.0 -9999.0 -9999.0 -9999.0 -9999.0
-9999.0 -9999.0 -9999.0 -9999.0 -9999.0 -9999.0 -9999.0 -9999.0 -9999.0 -9999.0 -9999.0 -9999.0 -9999.0 -9999.0 -9999.0 -9999.0 -9999.0 -9999.0 -9999.0 -9999.0 -9999.0 -9999.0 -9999.0 -9999.0 -272.754564 -298.615099 -181.896379 -331.731012 22.689940 38.355979 -257.260326 -9999.0 -9999.0 -9999.0 -9999.0 -9999.0 -9999.0 -9999.0 -9999.0 -9999.0 -9999.0 -9999.0 -9999.0 -9999.0 -9999.0 -9999.0 -9999.0 -9999.0 -9999.0 -9999.0 -9999.0 -9999.0 -9999.0 -9999.0 -9999.0 -9999.0 -9999.0 -9999.0 -9999.0 -9999.0 -9999.0
-9999.0 -9999.0 -9999.0 -9999.0 -9999.0 -9999.0 -9999.0 -9999.0 -9999.0 -9999.0 -9999.0 -9999.0 -9999.0 -9999.0 -9999.0 -9999.0 -9999.0 -9999.0 -9999.0 -9999.0 -9999.0 -9999.0 -9999.0 -313.982509 -223.463406 -1522.056671 -1708.214461 -2054.009511 13.677125 -323.745566 -297.651419 -205.188747 -9999.0 -9999.0 -9999.0 -9999.0 -9999.0 -9999.0 -9999.0 -9999.0 -9999.0 -9999.0 -9999.0 -9999.0 -9999.0 -9999.0 -9999.0 -9999.0 -9999.0 -9999.0 -9999.0 -9999.0 -9999.0 -9999.0 -9999.0 -9999.0 -9999.0 -9999.0 -9999.0 -9999.0 -9999.0
-9999.0 -9999.0 -9999.0 -9999.0 -9999.0 -9999.0 -9999.0 -9999.0 -9999.0 -9999.0 -9999.0 -9999.0 -9999.0 -9999.0 -9999.0 -9999.0 -9999.0 -9999.0 3.045403 -268.187971 -9999.0 -215.996454 -191.394336 -500.394285 -1247.651633 -4369.221569 -851.326626 -479.396694 -318.630297 -733.366322 -215.532053 -131.279381 -55.248986 -52.026943 -9999.0 -9999.0 -9999.0 -9999.0 -9999.0 -9999.0 -9999.0 -9999.0 -9999.0 -9999.0 -9999.0 -9999.0 -9999.0 -9999.0 -9999.0 -9999.0 -9999.0 -9999.0 -9999.0 -9999.0 -9999.0 -9999.0 -9999.0 -9999.0 -9999.0 -9999.0 -9999.0
-9999.0 -9999.0 -9999.0 -9999.0 -9999.0 -9999.0 -9999.0 -9999.0 -9999.0 -9999.0 -9999.0 -9999.0 -9999.0 -9999.0 -9999.0 -9999.0 -9999.0 -2765.856881 -405.469691 -68.023802 -52.546609 -690.264655 -700.672092 -3194.577428 -1096.768169 -772.645416 -457.926491 -198.911785 -418.355940 -317.422409 17.417484 24.581099 -254.799426 -69.271301 -64.957113 -70.342194 -9999.0 -9999.0 -9999.0 -9999.0 -9999.0 -9999.0 -9999.0 -9999.0 -9999.0 -9999.0 -9999.0 -9999.0 -9999.0 -9999.0 -9999.0 -9999.0 -9999.0 -9999.0 -9999.0 -9999.0 -9999.0 -9999.0 -9999.0 -9999.0 -9999.0
-9999.0 -9999.0 -9999.0 -9999.0 -9999.0 -9999.0 -9999.0 -9999.0 -9999.0 -9999.0 -9999.0 -9999.0 -9999.0 3.163342 -345.113498 -971.331404 -2121.526866 -9997.192015 -2514.828217 -721.834277 -986.920021 -2871.468191 -3962.343765 -745.513691 -626.549719 -257.450175 -65.669623 6.439253 -431.223070 -406.441946 6045.328859 45.525082 31.392941 37.646216 -184.419200 -51.196256 -9999.0 -9999.0 -9999.0 -9999.0 -9999.0 -9999.0 -9999.0 -9999.0 -9999.0 -9999.0 -9999.0 -9999.0 -9999.0 -9999.0 -9999.0 -9999.0 -9999.0 -9999.0 -9999.0 -9999.0 -9999.0 -9999.0 -9999.0 -9999.0 -9999.0
-9999.0 -9999.0 -9999.0 -9999.0 -9999.0 -9999.0 -9999.0 -9999.0 -9999.0 -9999.0 -9999.0 -9999.0 -9999.0 3.224364 -359.671808 -1274.791468 -1485.204008 -341.834435 -9664.468088 -3197.375388 -1015.665014 -565.010753 -553.492676 -681.788663 -222.713017 -136.992356 -325.607861 -53.247809 -59.615843 -320.236078 6.564939 7.446613 -57.821346 -165.806983 -191.392970 -9999.0 -9999.0 -9999.0 -9999.0 -9999.0 -9999.0 -9999.0 -9999.0 -9999.0 -9999.0 -9999.0 -9999.0 -9999.0 -9999.0 -9999.0 -9999.0 -9999.0 -9999.0 -9999.0 -9999.0 -9999.0 -9999.0 -9999.0 -9999.0 -9999.0 -9999.0
-9999.0 -9999.0 -9999.0 -9999.0 -9999.0 -9999.0 -9999.0 -9999.0 -9999.0 -9999.0 -9999.0 -9999.0 -9999.0 -515.281942 480.140807 -1052.843160 -1162.802822 -1509.848399 -7501.129531 -1444.188108 -261.818580 -62.066140 -154.470525 -614.554798 -346.147662 -219.727113 -57.475265 -49.878481 -221.693726 -56.271292 10.120836 -49.224656 -169.636285 -35.962663 -216.374513 -9999.0 -9999.0 -9999.0 -9999.0 -9999.0 -9999.0 -9999.0 -9999.0 -9999.0 -9999.0 -9999.0 -9999.0 -9999.0 -9999.0 -9999.0 -9999.0 -9999.0 -9999.0 -9999.0 -9999.0 -9999.0 -9999.0 -9999.0 -9999.0 -9999.0 -9999.0
-9999.0 -9999.0 -9999.0 -9999.0 -9999.0 -9999.0 -9999.0 -9999.0 -9999.0 -9999.0 -9999.0 -9999.0 -515.748175 4025.347605 -312.536993 -344.431947 -375.754933 -890.376680 -561.821326 -65.732169 -980.040224 -534.002045 5.559376 -428.375691 2156.273791 -199.070679 649.507910 -227.502918 24.189218 -48.144836 -119.323971 -63.546533 18.548820 -57.773860 -9999.0 -9999.0 -9999.0 -9999.0 -9999.0 -9999.0 -9999.0 -9999.0 -9999.0 -9999.0 -9999.0 -9999.0 -9999.0 -9999.0 -9999.0 -9999.0 -9999.0 -9999.0 -9999.0 -9999.0 -9999.0 -9999.0 -9999.0 -9999.0 -9999.0 -9999.0 -9999.0
-9999.0 -9999.0 -9999.0 -9999.0 -9999.0 -9999.0 -9999.0 -9999.0 -9999.0 -9999.0 -9999.0 10.411142 8.795901 246.753562 -318.483560 6.475895 -64.296586 -478.633622 -224.701731 -62.049167 -157.459992 -186.570982 5.733735 -105.068104 25.524784 9.504208 -53.727659 3.569132 2015.885156 -39.128567 -64.708297 24.740767 -213.271485 -55.253647 -67.330121 -73.574475 -3788.489705 -7119.932289 -7438.232401 -9999.0 -9999.0 -9999.0 -75.531157 -9999.0 -9999.0 -9999.0 -9999.0 -9999.0 -9999.0 -9999.0 -9999.0 -9999.0 -9999.0 -9999.0 -9999.0 -9999.0 -9999.0 -9999.0 -9999.0 -9999.0 -9999.0
-9999.0 -9999.0 -9999.0 -9999.0 -9999.0 -9999.0 -9999.0 -9999.0 -9999.0 -9999.0 -9999.0 11.270883 0.000000 32.991320 -277.390096 4.338349 -385.796767 -954.179257 -370.073818 6.791778 6.349673 5.311442 6.729930 0.000000 14.731105 5.045397 -220.263953 12.049576 -164.241520 -41.172821 7.781755 105.141408 -255.779095 4.607996 -393.532126 -283.691507 -6742.692191 -11231.292146 -10399.155299 -608.919771 -185.607466 -73.828382 -98.973345 -59.113324 -9999.0 -9999.0 -9999.0 3.734349 3.071315 -64.646881 5.138904 -55.984077 -55.217178 3.670416 9.544976 -53.603259 -9999.0 -9999.0 -9999.0 -9999.0 -9999.0
-9999.0 -9999.0 -9999.0 -9999.0 -9999.0 -9999.0 -9999.0 -9999.0 -9999.0 -9999.0 -9999.0 19.422337 4.021887 37.304071 8.138223 6.463397 6.313191 10.146689 9.432126 -328.613919 5.750917 5.589244 -123.476399 4.432468 4.833740 -66.674078 1.174420 1992.953029 -47.942108 -119.262912 -64.017915 143.247825 4.953640 -245.608051 -68.616503 -805.977720 -6318.263381 -7949.053630 -13422.388643 -27967.277327 -8361.773257 -1173.421460 2.239365 -285.449481 -289.207051 -9999.0 -61.084176 6.578993 6.507471 8.828030 7.990481 -230.442656 6.229700 5.769795 10.594981 6.514576 -9999.0 -9999.0 -9999.0 -9999.0 -9999.0
-9999.0 -9999.0 -9999.0 -9999.0 -9999.0 -9999.0 -9999.0 -9999.0 -9999.0 -9999.0 -9999.0 -9999.0 11.832426 16.774528 -100.918003 4.459894 4.955066 2.334569 34.204890 -150.333859 5.041943 9.986166 13.264406 6.676210 -173.126764 -111.433861 1321.825451 6.810848 6.874651 -63.420263 1.762644 74.298171 -216.708742 -234.810020 -308.953625 -757.158314 -5654.726317 -6804.100704 -9567.956391 -7988.287463 -6857.297403 -1166.551524 2.322228 -219.354790 -56.584082 -187.036562 -62.808934 3.907246 8.517784 8.324305 2.955496 154.823243 768.601152 82.553196 40.318961 15.632239 5.684854 -9999.0 -9999.0 -9999.0 -9999.0
-9999.0 -9999.0 -9999.0 -9999.0 -9999.0 -9999.0 -9999.0 -9999.0 -9999.0 -9999.0 -9999.0 6.883293 4.417853 7.117284 33.667923 13.457421 9.924885 10.606203 13.466390 -349.699820 9.374182 13.145132 16.167602 -216.163697 -219.760440 14.696937 4.399560 2.806422 -281.326304 -67.528249 0.452303 102.448501 10.094750 -129.082163 -306.798914 -395.534860 -6470.555568 -5735.655529 -5279.865582 -6202.383960 -3618.398294 -3055.313656 -232.482257 -57.841149 -183.086314 -238.573122 13.845048 -65.543110 -70.495873 -241.273368 -42.873487 5.408702 30.528072 -81.121162 -79.767055 -51.880850 -62.353245 -9999.0 -9999.0 -9999.0 -9999.0
-9999.0 -9999.0 -9999.0 -9999.0 -9999.0 -9999.0 -9999.0 -9999.0 -9999.0 -9999.0 1324.149235 8.801076 3.850721 2.712422 2.562970 1200.960385 1201.991532 -287.004283 -856.337917 -486.026442 15.451019 17.305268 -210.150127 -307.786440 0.000000 1410.541734 5.742373 -40.360366 2.460404 2.153381 100.798188 457.430359 6.239459 5.377455 -47.371751 -68.190140 -897.588033 -4630.664006 -4139.221080 -3515.054466 -3419.012344 -8315.564613 -8517.578231 -579.212117 -223.382148 -49.114976 4.536840 10.159290 18.395767 -153.343836 -37.733841 -49.997521 -84.059569 -44.414602 -54.051468 9.436647 15.349445 -9999.0 -9999.0 -9999.0 -9999.0
-9999.0 -9999.0 -9999.0 -9999.0 -9999.0 -9999.0 -9999.0 -9999.0 -9999.0 6.985104 11.814508 23.993710 21.650651 -101.036058 21.828051 17.416562 -233.296335 -227.738535 -348.736385 -818.736734 8.189127 -699.707134 -237.124500 -526.584330 -389.265665 5.460620 -269.976789 1.509848 3.430466 1.362770 2.363377 7.027800 -45.162148 -48.562802 -65.983573 -66.647424 9.863669 -581.988695 -2517.790130 -221.920388 -469.332957 -569.126788 -562.039523 -1893.408077 -262.784529 -286.695200 1.432720 -413.515471 -381.989987 0.090028 21.543280 -127.288522 -129.460488 -57.584003 -61.204595 41.825366 88.480550 -49.692342 -48.510952 -9999.0 -9999.0
-9999.0 -9999.0 -9999.0 -9999.0 -9999.0 -9999.0 -9999.0 -9999.0 -9999.0 72.225682 16.166257 9.071988 2916.113989 0.000000 -250.552294 -279.496627 2.180729 -194.335526 -321.492083 -1560.572378 -1019.642503 -1203.150398 -449.425160 -108.403002 4.024154 -347.912187 -228.392514 -202.120090 -371.172915 -321.016300 7.035723 8.461457 10.207606 -185.501653 6.448170 -64.896758 -67.576200 -69.642172 -355.753965 6.817060 -151.125131 -320.289902 -993.453838 -376.551916 -662.761509 -739.513381 -463.547737 -756.843320 -485.405531 -367.586466 8.833975 11.016634 -47.360703 8.463582 -142.065245 29.782038 86.363372 58.490005 -49.968880 -9999.0 -9999.0
-9999.0 -9999.0 -9999.0 -9999.0 -9999.0 -9999.0 -9999.0 -9999.0 -9999.0 -9999.0 5.825998 11.532602 9.853169 1588.179153 1.563736 -259.404468 -172.895688 0.000000 -383.077025 -1003.221720 -680.605632 -290.734982 -276.806102 3.067157 -363.064078 -294.922414 -243.153300 -311.365609 6.802602 5.804605 6.747849 2756.920699 4.966808 5.449754 11.375122 24.559580 -385.360840 2.751689 -50.585753 5.566941 -212.898761 -288.960789 2930.882393 -244.617906 4.586951 -228.416359 2.385456 -428.881580 -392.389160 2.357997 10.541865 14.760132 -46.336084 -50.226832 6.153311 9.268493 36.051862 11327.607402 79.179864 -278.704525 -9999.0
-9999.0 -9999.0 -9999.0 -9999.0 -9999.0 -9999.0 -9999.0 -9999.0 -9999.0 -9999.0 10.717465 8.565918 5.715350 12.136863 -283.729110 -242.409276 -250.083479 -694.014872 -1625.032202 -1081.041229 -1486.715078 -745.768691 -436.738708 -451.349326 -367.363307 -368.308695 -323.534203 9.804970 9.946670 5.789569 5.384437 26.455007 -109.612735 -155.958995 2.295997 26.003655 2392.963280 5.571701 5.863103 -184.346943 5.721368 -189.495661 34.014724 -191.754122 2.819457 4.805995 0.620352 4.281345 12.288171 -226.283700 14.832718 12.778280 16.214271 -48.532641 -43.187231 -56.332538 3.159769 4.870962 168.962617 78.644683 -9999.0
-9999.0 -9999.0 -9999.0 -9999.0 -9999.0 -9999.0 -9999.0 -9999.0 8.034556 4.232887 2.992303 12.257637 178.505140 25.085500 12.820164 -368.737891 -734.309918 -1448.183549 -1461.118021 -1241.293066 -2799.091316 -2287.408708 -1266.107481 -1082.674258 -805.917416 -387.850555 7.631696 8.848621 10.529740 12.021377 -56.671111 9.583554 5.570874 -171.548805 13.527939 -97.183432 -250.179432 10.765369 5.452112 -50.694298 -65.752519 18.958275 -48.548874 -58.520313 -71.400107 1377.805337 6.827185 1.787459 5.374353 -258.550088 13.601222 18.880263 12.653557 9.004225 -61.078220 4.618972 -63.865090 -230.039974 -208.010858 65.301313 -9999.0
-9999.0 -9999.0 -9999.0 -9999.0 -9999.0 -9999.0 -9999.0 -9999.0 1170.433346 18.547968 14.945436 4.742274 5.106472 1172.726152 3.070979 2.356561 -217.957253 -639.961774 -1494.546073 -1614.743371 -3179.645623 -3775.088541 -1590.109486 -1600.253621 -2612.020880 -378.973458 9.809111 9.730056 -47.204456 -65.481606 -129.428286 -66.053020 19.694458 -66.431592 10.423376 4.916482 22.527655 27.340084 6.166201 4.182882 4.066205 4.578074 -59.839306 4.158019 1689.876212 9.875912 -77.881979 5.824081 5.585551 4.972501 -200.705079 10.374954 11.462350 1.792448 1.482460 -106.177751 1.801632 2.648106 2.537674 2.099999 -1085.725173
-9999.0 -9999.0 -9999.0 -9999.0 -9999.0 -9999.0 -9999.0 -9999.0 7.044947 2064.124294 10.163865 11.942888 123.202753 -67.223301 2.728926 2.813082 -415.022626 -1101.074232 -3181.060807 -2329.524820 -2103.300459 -4106.971950 -3988.927903 -2523.801354 -1066.350850 -226.005901 3.430855 5.485957 -35.339576 4.851035 -68.988870 13.544432 8.362060 8.525107 10.088595 50.226480 23.493063 2.408514 11.500989 10.953587 8.275773 -65.204797 6.288801 1697.533828 7.106779 6.442274 -54.475207 -235.867834 0.830530 4.382997 -361.838052 10.624024 9.080881 5.274273 6.513627 11.690168 8.884161 5.231964 14.192727 56.058538 -485.066509
-9999.0 -9999.0 -9999.0 -9999.0 -9999.0 -9999.0 -9999.0 -9999.0 -61.809313 7.681120 33.958424 -34.666549 17.365627 8.490235 10.243524 2.458848 -173.046403 -1403.926927 -815.159216 -2755.717289 -1693.585795 -1961.364316 -3990.215656 -3423.014648 -1217.310986 -341.181446 -191.390015 3.018076 -246.454064 9.734568 2.995784 11.271469 12.977796 24.387683 10.094522 -324.258545 -282.871958 -311.564975 11.008226 9.377195 2.159611 5.084000 7.518724 -60.325850 -286.503313 -64.687614 3.187946 -64.567326 -333.513708 -232.403457 -266.068154 -320.434228 6.615411 -272.448236 5.940689 11.313808 21.300152 216.916750 0.000000 -360.778150 0.945708
-9999.0 -9999.0 -9999.0 -9999.0 -9999.0 -9999.0 -9999.0 -9999.0 3.344805 8.637485 2833.567590 7.927383 16.431992 11.785134 6.694370 8.573754 -279.943185 -247.833619 -314.516821 -494.412996 -2267.444007 -1728.346952 -1741.253856 -1580.353344 -2271.632943 -618.092897 -354.594295 -291.524724 -214.080424 16.631989 3.513624 7.725105 28.330372 15.893119 4.560985 3.463739 3.224914 -297.604071 16.346423 6.825541 3.694712 8.415738 13.284136 8.284008 2.985221 -45.570086 3.552802 11.893230 -247.225364 -157.270464 -189.838089 -690.365399 -412.552570 -239.658296 214.447067 202.911780 1.195435 0.879973 22.268148 4.711604 -191.171736
-9999.0 -9999.0 2.471202 4.661638 700.800158 10.172930 87.054330 24.890249 6.641136 8.887694 9.790138 70.122268 29.755186 21.132210 -197.975316 -247.351418 6.946414 4.101551 -231.087279 -281.124356 -765.643851 -1002.638107 -752.173239 -3476.016082 -1195.715055 -1432.920077 -728.832919 -494.955191 9.564928 10.517610 -298.652825 2.103619 136.641461 8.766756 5.935017 0.710091 1.617836 -310.404043 13.066267 7.716930 4.924457 7.295264 20.000419 6.758285 3.008134 1.250996 2.537500 6.335893 5.073832 1.074141 -569.739585 -971.628150 1.026775 1.592310 1.927696 3.154721 45.668087 11.855931 6.454878 2.107560 -172.871555
-9999.0 0.000000 6.419317 3.122059 -257.919342 52.905954 82.800724 19.294407 16.106711 9.680349 7.650902 10.223992 28.313065 45.635288 2.557162 10.896606 5.764227 -129.900026 -282.981110 -277.872249 -1217.012356 11.365179 38.705988 -1348.341791 -3714.948586 -1963.253889 -2962.710723 -3043.235193 10.626433 3.616201 -1193.594110 -460.803409 41.305530 40.226236 3.878148 -549.470361 -307.592378 -348.946658 10.344971 1.654800 0.000000 12.229575 22.898091 0.489818 -402.163956 -341.139773 0.000000 3.683867 10.626402 -618.884483 -399.400202 0.912183 43.516644 50.290012 47.915208 11.474246 10.789166 5.444896 5.048369 -153.071260 -70.609441
