user2019/resources/simulation/Vinschgau/output-maps/psiL0008N1416.asc
ncols         63
nrows         48
xllcorner     598000.000000
yllcorner     5145000.000000
cellsize      1000.000000
NODATA_value  -9999.0
[rows 0 to 24 of 48, columns 0 to 57 of 63]
-9999.0 -9999.0 -9999.0 -9999.0 -9999.0 -9999.0 -9999.0 -9999.0 -9999.0 -9999.0 -9999.0 -9999.0 -9999.0 -9999.0 -9999.0 -9999.0 -9999.0 -9999.0 -9999.0 -9999.0 -9999.0 -9999.0 -9999.0 -9999.0 -9999.0 -9999.0 -9999.0 -9999.0 -9999.0 -9999.0 -9999.0 -9999.0 -9999.0 -9999.0 -9999.0 -9999.0 -9999.0 -9999.0 -9999.0 -9999.0 -9999.0 -9999.0 -9999.0 -9999.0 -9999.0 -9999.0 -9999.0 -9999.0 -9999.0 -9999.0 -9999.0 -9999.0 -9999.0 -9999.0 -9999.0 -9999.0 -9999.0 -9999.0
-9999.0 -9999.0 -9999.0 -9999.0 -9999.0 -9999.0 -9999.0 -9999.0 -9999.0 -9999.0 -9999.0 -9999.0 -9999.0 -9999.0 -9999.0 -9999.0 -9999.0 -9999.0 -9999.0 -9999.0 -9999.0 -9999.0 -9999.0 -9999.0 -9999.0 -9999.0 -9999.0 -255.957350 -250.113609 -255.656626 -250.169667 -256.280580 -248.096509 -9999.0 -9999.0 -9999.0 -9999.0 -9999.0 -9999.0 -9999.0 -9999.0 -9999.0 -9999.0 -9999.0 -9999.0 -9999.0 -9999.0 -9999.0 -9999.0 -9999.0 -9999.0 -9999.0 -9999.0 -9999.0 -9999.0 -9999.0 -9999.0 -9999.0
-9999.0 -9999.0 -9999.0 -9999.0 -9999.0 -9999.0 -9999.0 -9999.0 -9999.0 -9999.0 -9999.0 -9999.0 -9999.0 -9999.0 -9999.0 -9999.0 -9999.0 -9999.0 -9999.0 -9999.0 -9999.0 -9999.0 -9999.0 -9999.0 -206.482569 -210.807310 -198.486373 -198.589260 -171.761065 -238.048013 -252.339942 -9999.0 -9999.0 -9999.0 -9999.0 -9999.0 -9999.0 -9999.0 -9999.0 -9999.0 -9999.0 -9999.0 -9999.0 -9999.0 -9999.0 -9999.0 -9999.0 -9999.0 -9999.0 -9999.0 -9999.0 -9999.0 -9999.0 -9999.0 -9999.0 -9999.0 -9999.0 -9999.0
-9999.0 -9999.0 -9999.0 -9999.0 -9999.0 -9999.0 -9999.0 -9999.0 -9999.0 -9999.0 -9999.0 -9999.0 -9999.0 -9999.0 -9999.0 -9999.0 -9999.0 -9999.0 -9999.0 -9999.0 -9999.0 -9999.0 -9999.0 -212.252265 -182.951854 -188.455443 -259.434943 -316.614810 -309.883283 -251.789032 -251.120153 -250.347784 -9999.0 -9999.0 -9999.0 -9999.0 -9999.0 -9999.0 -9999.0 -9999.0 -9999.0 -9999.0 -9999.0 -9999.0 -9999.0 -9999.0 -9999.0 -9999.0 -9999.0 -9999.0 -9999.0 -9999.0 -9999.0 -9999.0 -9999.0 -9999.0 -9999.0 -9999.0
-9999.0 -9999.0 -9999.0 -9999.0 -9999.0 -9999.0 -9999.0 -9999.0 -9999.0 -9999.0 -9999.0 -9999.0 -9999.0 -9999.0 -9999.0 -9999.0 -9999.0 -9999.0 -48.235044 -214.074306 -9999.0 -201.402543 -184.258809 -310.536342 -255.782878 -316.735912 -104.520758 -81.174061 -63.685367 -253.616762 -248.580826 -249.199821 -258.145930 -258.371306 -9999.0 -9999.0 -9999.0 -9999.0 -9999.0 -9999.0 -9999.0 -9999.0 -9999.0 -9999.0 -9999.0 -9999.0 -9999.0 -9999.0 -9999.0 -9999.0 -9999.0 -9999.0 -9999.0 -9999.0 -9999.0 -9999.0 -9999.0 -9999.0
-9999.0 -9999.0 -9999.0 -9999.0 -9999.0 -9999.0 -9999.0 -9999.0 -9999.0 -9999.0 -9999.0 -9999.0 -9999.0 -9999.0 -9999.0 -9999.0 -9999.0 -792.764881 -150510.118284 -315.963933 -255.301214 -111.320918 -252.994084 -301.848005 -106.923817 -82609.909714 -103265.120170 -251.748311 -109858.665600 -79.653414 -161.696499 -241.184182 -255.802371 -256.408994 -259.332600 -259.332028 -9999.0 -9999.0 -9999.0 -9999.0 -9999.0 -9999.0 -9999.0 -9999.0 -9999.0 -9999.0 -9999.0 -9999.0 -9999.0 -9999.0 -9999.0 -9999.0 -9999.0 -9999.0 -9999.0 -9999.0 -9999.0 -9999.0
-9999.0 -9999.0 -9999.0 -9999.0 -9999.0 -9999.0 -9999.0 -9999.0 -9999.0 -9999.0 -9999.0 -9999.0 -9999.0 -246.377361 -252.064363 -2447.615277 -9485.227837 -252.681699 -750.135439 -310.527003 -254.674179 -255.678384 -311.203765 -236.817237 -36155.237212 -204.409033 -279.779886 -274.942133 -277.637058 -252.358914 8689.537572 -185.720866 -246.809372 -251.645199 -258.462723 -259.315315 -9999.0 -9999.0 -9999.0 -9999.0 -9999.0 -9999.0 -9999.0 -9999.0 -9999.0 -9999.0 -9999.0 -9999.0 -9999.0 -9999.0 -9999.0 -9999.0 -9999.0 -9999.0 -9999.0 -9999.0 -9999.0 -9999.0
-9999.0 -9999.0 -9999.0 -9999.0 -9999.0 -9999.0 -9999.0 -9999.0 -9999.0 -9999.0 -9999.0 -9999.0 -9999.0 -167.466925 -255.313487 -6468.818789 -8244.854395 -55.780163 -252.751684 -261.609805 -130357.284647 -252.617447 -124894.499279 -131027.613247 -252.315149 -290.677141 -252.857638 -256.720432 -258.686496 -272.427142 -254.384403 -253.894087 -258.983084 -257.404898 -259.156895 -9999.0 -9999.0 -9999.0 -9999.0 -9999.0 -9999.0 -9999.0 -9999.0 -9999.0 -9999.0 -9999.0 -9999.0 -9999.0 -9999.0 -9999.0 -9999.0 -9999.0 -9999.0 -9999.0 -9999.0 -9999.0 -9999.0 -9999.0
-9999.0 -9999.0 -9999.0 -9999.0 -9999.0 -9999.0 -9999.0 -9999.0 -9999.0 -9999.0 -9999.0 -9999.0 -9999.0 -257.759473 976.411932 -177.930588 -6706.071544 -6646.107509 -252.821637 -947.991204 -150.015569 -303.026173 -94996.213135 -97232.076545 -251.732700 -251.072958 -255.521529 -258.945840 -247.966839 -259.153466 -253.231393 -256.356772 -257.356962 -256.338721 -259.102364 -9999.0 -9999.0 -9999.0 -9999.0 -9999.0 -9999.0 -9999.0 -9999.0 -9999.0 -9999.0 -9999.0 -9999.0 -9999.0 -9999.0 -9999.0 -9999.0 -9999.0 -9999.0 -9999.0 -9999.0 -9999.0 -9999.0 -9999.0
-9999.0 -9999.0 -9999.0 -9999.0 -9999.0 -9999.0 -9999.0 -9999.0 -9999.0 -9999.0 -9999.0 -9999.0 -304.364221 6864.901757 -256.009453 -251.199249 -993.147128 -4431.816997 -74.825795 -319.599079 -254.770553 -252.584554 -287.293576 -254.462068 2464.014384 -253.694877 -191.782531 -250.893594 -242.245964 -259.037063 -256.172087 -258.345930 -253.563969 -259.280356 -9999.0 -9999.0 -9999.0 -9999.0 -9999.0 -9999.0 -9999.0 -9999.0 -9999.0 -9999.0 -9999.0 -9999.0 -9999.0 -9999.0 -9999.0 -9999.0 -9999.0 -9999.0 -9999.0 -9999.0 -9999.0 -9999.0 -9999.0 -9999.0
-9999.0 -9999.0 -9999.0 -9999.0 -9999.0 -9999.0 -9999.0 -9999.0 -9999.0 -9999.0 -9999.0 -187.005861 -246.481035 144.117157 -255.071244 -163.628811 -308.486655 -6277.510387 -200.246579 -321.530940 -151520.623469 -71.423465 -242.930486 -251.418907 -283.910882 -247.509688 -254.282971 -247.177863 3012.100890 -259.153783 -258.418254 -243.337113 -257.913794 -259.329631 -258.583004 -257.155228 -255.811280 -255.359900 -255.270059 -9999.0 -9999.0 -9999.0 -259.405558 -9999.0 -9999.0 -9999.0 -9999.0 -9999.0 -9999.0 -9999.0 -9999.0 -9999.0 -9999.0 -9999.0 -9999.0 -9999.0 -9999.0 -9999.0
-9999.0 -9999.0 -9999.0 -9999.0 -9999.0 -9999.0 -9999.0 -9999.0 -9999.0 -9999.0 -9999.0 -201.141031 -250.508481 -306.562820 -259.090125 -251.810728 -266.070651 -152875.236853 -242.396658 -296.117995 -133.487362 -234.273680 -176.039426 -253.527693 -251.934841 -250.685997 -249.320443 -242.730046 -255.654249 -259.201625 -246.805881 -232.732140 -249.883041 -254.327464 -254.723578 -255.026256 -254.997498 -255.105557 -255.134803 -258.300886 -258.361449 -258.585801 -251.810234 -258.950365 -9999.0 -9999.0 -9999.0 -7.381557 -254.382045 -257.201125 -254.089230 -256.211834 -256.149563 -8.363013 24.757730 -256.907395 -9999.0 -9999.0
-9999.0 -9999.0 -9999.0 -9999.0 -9999.0 -9999.0 -9999.0 -9999.0 -9999.0 -9999.0 -9999.0 -178.673157 -207.111583 -277.197656 -59.637684 -240.464209 -243.082244 -152788.298171 -145.527364 -309.935405 -286.324388 -284.529283 -253.855067 -178.557230 -251.644768 -255.676107 -253.653315 -131.376033 -257.729663 -253.177881 -258.730463 -267.560848 -247.562577 -254.591360 -258.717836 -255.112032 -262.427680 -288.818918 -255.148555 -257.576642 -255.106952 -256.879907 -254.461098 -251.503398 -254.645737 -9999.0 -259.141271 -253.929519 -246.322274 -242.793025 -253.756623 -255.550882 -254.032277 -238.627800 -252.155491 -253.150119 -9999.0 -9999.0
-9999.0 -9999.0 -9999.0 -9999.0 -9999.0 -9999.0 -9999.0 -9999.0 -9999.0 -9999.0 -9999.0 -9999.0 -187.040767 -110.813871 -186.030531 -177.271416 -76152.302649 -152294.104862 -28.556480 -305.969376 -135648.836436 -288.550835 -278.724144 -253.180823 -253.494799 -253.841575 2832.852460 -255.705300 -250.210480 -258.113513 -248.137513 -253.172955 -254.829188 -250.480560 -254.149436 -255.233010 -263.355003 -274.548267 -253.822217 -255.237027 -254.995082 -255.364770 -279.781771 -195.148907 -257.813967 -254.067635 -258.521876 -254.176394 -268.369675 -253.282976 -89.456495 -244.502144 656.151838 -103.657805 -249.839399 -222.103371 -224.533254 -9999.0
-9999.0 -9999.0 -9999.0 -9999.0 -9999.0 -9999.0 -9999.0 -9999.0 -9999.0 -9999.0 -9999.0 -115.848173 -212.885468 -254.382232 -252.929674 -247.183169 -241.857647 -135842.960503 -122.326125 -417.259707 -144994.061296 -42397.909930 -246.964668 -271.569886 -253.916038 -252.043709 -103.526792 -252.653510 -252.032540 -255.747635 -253.877340 -250.864785 -237.493608 -249.433975 -255.669982 -254.630554 -255.456243 -284.450838 -625.315213 -255.209708 -285.875118 -265.856756 -255.067413 -286.257566 -242.811721 -251.695751 -243.632124 -255.641426 -255.455944 -282.668478 -271.478847 -252.127872 -251.880514 -264.452961 -263.018204 -256.252620 -258.201426 -9999.0
-9999.0 -9999.0 -9999.0 -9999.0 -9999.0 -9999.0 -9999.0 -9999.0 -9999.0 -9999.0 2785.157506 -252.794431 -180.091313 -197.174952 -170.931518 -84.052842 -90.015035 -27552.001292 -1414.780608 -389.925297 -244.583751 -149.613119 -152548.253204 -177.470501 -248.657956 2033.795556 -265.061253 -274.569195 -254.356488 -243.531050 -251.335960 -210.969995 -245.901944 -251.052749 -259.212790 -257.836281 -255.134695 -260.851623 -152304.824530 -257.241232 -294.417459 -295.856245 -253.543294 -97.749766 -253.447517 -255.470641 -246.283506 -277.792757 -253.257274 -246.489620 -275.051653 -257.307720 -262.323093 -256.259741 -256.411890 -243.853813 -244.731500 -9999.0
-9999.0 -9999.0 -9999.0 -9999.0 -9999.0 -9999.0 -9999.0 -9999.0 -9999.0 -250.158746 -86.746699 -105.947349 -252.809816 -253.696810 -107.091191 -251.996994 -251.759781 -141.737868 -151283.307418 -435.079704 -267.176374 -95271.912849 -152812.530784 -251.888762 -69.040397 -131434.335852 -254.552690 -242.378010 -279.486774 -251.764781 -239.954072 -130243.514533 -258.080398 -259.163315 -259.136436 -258.655092 -247.994278 -255.069322 -256.602422 -254.820163 -57357.997568 -12381.516782 -145481.712558 -89739.533475 -152689.443858 -282.822097 -234.043508 -281.869716 -278.883554 -41.968415 -277.640320 -258.258134 -256.108649 -256.494324 -256.294118 -264.465724 -248.264711 -257.947449
-9999.0 -9999.0 -9999.0 -9999.0 -9999.0 -9999.0 -9999.0 -9999.0 -9999.0 -253.938116 -249.805589 -247.995184 5300.809216 -248.805862 -253.938923 -253.993948 -158.028355 -246.636368 -150919.003521 -304.011183 -286.871729 -247.076434 -61.741112 -150.617442 -144345.080194 -254.620879 -253.921016 -248.555234 -242.114077 -51.482579 -254.856837 -135094.661935 -248.969570 -253.281523 -245.478452 -257.728696 -256.303819 -255.453579 -255.375984 -245.769959 -123.668353 -264.650327 -255.348758 -246.356547 -273.879815 -125.047185 -251.363725 -294.935819 -289.994172 -245.778142 -142725.448814 -264.831270 -256.761816 -255.463810 -256.871953 -122.832044 -265.072813 -251.433144
-9999.0 -9999.0 -9999.0 -9999.0 -9999.0 -9999.0 -9999.0 -9999.0 -9999.0 -9999.0 -250.303418 -244.715893 -249.872562 -144.789667 -288.650562 -253.537916 -247.291933 -249.112155 -150028.339455 -424.828898 -284.474509 -152895.901277 -12475.029477 -152169.433948 -254.520114 -252.006153 -243.891934 -221.865688 -254.819620 -9976.383072 -31182.760039 4588.236895 -261.498714 -251.155200 -243.124443 -233.473651 -219.288437 -193.588471 -256.178288 -252.226832 -254.844601 -188.040375 5366.585976 -269.026594 -145994.699870 -14964.746501 -152249.751306 -55.393342 -303.824667 -288.923673 -152889.685960 -277.199627 -256.123464 -256.808083 -242.480691 -254.837238 -202.393183 11222.665914
-9999.0 -9999.0 -9999.0 -9999.0 -9999.0 -9999.0 -9999.0 -9999.0 -9999.0 -9999.0 -248.566007 -247.678985 -198.026558 -252.120764 -43.965162 -49914.011387 -33547.625671 -762.080084 -4219.392417 -581.659990 -2873.513760 -142987.183457 -24942.005103 -255.214568 -252.245746 -236.924732 0.000000 -11270.665643 -24164.537753 -259.261090 -251.829990 -179.440236 -274.603137 -251.606973 -252.146790 -194.775917 3191.634956 -253.118582 -269.351964 -252.598669 -247.961702 -255.196635 -251.913262 -250.753511 -85.980144 -142871.509917 -239.903252 -149116.460275 -152813.720185 -286.809904 -296.808107 -271.661383 -252.996484 -255.994500 -257.021797 -256.041774 -254.736451 -267.407458
-9999.0 -9999.0 -9999.0 -9999.0 -9999.0 -9999.0 -9999.0 -9999.0 -182.980753 -248.113690 -255.082311 -195.438205 -243.189331 -251.897777 -53205.481840 -187.392882 -142413.768559 -246.202233 -412.703877 -626.311393 -8180.648062 -152887.428067 -152849.976776 -150833.262388 -252.179688 -226.892893 0.000000 -16875.502603 -251.129082 -262.819272 -257.600159 -250.621229 -249.486211 -250.055642 -247.298458 -254.541467 -241.938882 -252.274261 -43130.466863 -257.447501 -256.349342 -191.744958 -270.140366 -257.772326 -255.152681 2671.257628 -31952.980469 -250.385160 -150196.719959 -165.084096 -252.844725 -152809.984422 -252.458263 -263.860572 -255.977592 -252.429121 -257.640508 -157.893645
-9999.0 -9999.0 -9999.0 -9999.0 -9999.0 -9999.0 -9999.0 -9999.0 -261.151849 -252.806633 -268.074858 -251.373713 -250.482937 -103.273587 -19585.350643 -15238.603607 -122564.314122 -147541.904740 -150767.400266 -633.680976 -234.829400 -353.541940 -122.064784 -246.585810 -152711.912902 -557.463476 -208.652056 -249.377369 -272.390052 -247.646330 -253.580801 -256.684749 -244.221309 -256.002358 -182.288386 -181.452388 -220.836198 -247.372682 -269.949094 -245.532500 -251.359547 -256.475134 -256.620501 -244.789648 3142.879787 -251.329698 -270.181192 -249.569521 -268.471969 -25036.693026 -247.418469 -250.145939 -41245.943594 -251.730855 -254.052805 -284.388674 -278.595183 -282.138058
-9999.0 -9999.0 -9999.0 -9999.0 -9999.0 -9999.0 -9999.0 -9999.0 -251.042472 -28.232047 -254.808409 -265.710211 -159.448890 -270.790236 -253.158928 -152748.949128 -58729.899011 -253.915261 -151060.530432 -236.558326 -637.431004 -356.995939 -153.598615 -219.164312 -114.688823 -148823.615175 -11848.131037 -21893.745775 -275.619832 -246.833708 -255.508855 -168.233390 -253.375321 -274.491092 -172.933683 -215.658197 -269.452959 -95953.588324 -147386.743306 -267.118998 -247.345059 -255.505834 -188.251470 -21.548701 -252.744244 -202.635339 -257.504211 -203.804946 -252.956331 -139218.556558 -212.814252 -252.567366 -152884.147776 -152556.260900 -278.951261 -247.802654 -172.465188 -213.124506
-9999.0 -9999.0 -9999.0 -9999.0 -9999.0 -9999.0 -9999.0 -9999.0 -259.251628 -245.593143 -11.846976 -275.544583 -172.217316 -101.380983 -151576.065258 -14646.351677 -150980.688908 -127758.436327 -325.714282 -885.914767 -602.237386 -571.060700 -347.013850 -384.488370 -1271.765270 -62507.524374 -8282.734899 -152519.953721 -185.766039 -277.385790 -275.167434 -275.163182 -288.793410 -250.640805 -274.354713 -251.079209 -242.610900 -127329.698897 -145650.284213 -269.601335 -248.201833 -242.682594 -241.631297 -255.212793 -209.718251 -255.339210 -254.092647 -255.477277 -252.993426 -278.051349 -7550.139570 -32371.152629 -252.455863 -82.371847 -193.220767 -138.509263 -251.220164 -309.610401
-9999.0 -9999.0 -9999.0 -9999.0 -9999.0 -9999.0 -9999.0 -9999.0 -237.162788 -189.953779 4673.098127 -149392.533326 -152293.763659 -63350.737218 -119.885666 -43.789085 -198.152967 -133732.807798 -47304.437750 -149050.658846 -4144.756315 -517.396253 -567.445610 -593.644887 -247.499831 -42216.242398 -39538.111033 -251.459061 -248.078345 -251.294916 -152586.075521 -239.872909 -280.291375 -223.308546 -281.684996 -285.093793 -290.998934 -134061.207974 -152842.073738 -210.662718 -280.742238 -291.722404 -284.674199 -291.971737 -271.223845 -244.000222 -278.153489 -278.978536 -280.347785 -286.329559 -294.128299 -66010.627316 -28408.480040 -249.306297 -95.634606 -36.286307 -187.295320 -281.700623
