user2019/resources/simulation/Vinschgau/output-maps/psiL0008N1321.asc
ncols         63
nrows         48
xllcorner     598000.000000
yllcorner     5145000.000000
cellsize      1000.000000
NODATA_value  -9999.0
[rows 0 to 24 of 48, columns 0 to 57 of 63]
-9999.0 -9999.0 -9999.0 -9999.0 -9999.0 -9999.0 -9999.0 -9999.0 -9999.0 -9999.0 -9999.0 -9999.0 -9999.0 -9999.0 -9999.0 -9999.0 -9999.0 -9999.0 -9999.0 -9999.0 -9999.0 -9999.0 -9999.0 -9999.0 -9999.0 -9999.0 -9999.0 -9999.0 -9999.0 -9999.0 -9999.0 -9999.0 -9999.0 -9999.0 -9999.0 -9999.0 -9999.0 -9999.0 -9999.0 -9999.0 -9999.0 -9999.0 -9999.0 -9999.0 -9999.0 -9999.0 -9999.0 -9999.0 -9999.0 -9999.0 -9999.0 -9999.0 -9999.0 -9999.0 -9999.0 -9999.0 -9999.0 -9999.0
-9999.0 -9999.0 -9999.0 -9999.0 -9999.0 -9999.0 -9999.0 -9999.0 -9999.0 -9999.0 -9999.0 -9999.0 -9999.0 -9999.0 -9999.0 -9999.0 -9999.0 -9999.0 -9999.0 -9999.0 -9999.0 -9999.0 -9999.0 -9999.0 -9999.0 -9999.0 -9999.0 -255.501717 -251.393412 -255.656991 -251.807281 -256.324470 -248.096524 -9999.0 -9999.0 -9999.0 -9999.0 -9999.0 -9999.0 -9999.0 -9999.0 -9999.0 -9999.0 -9999.0 -9999.0 -9999.0 -9999.0 -9999.0 -9999.0 -9999.0 -9999.0 -9999.0 -9999.0 -9999.0 -9999.0 -9999.0 -9999.0 -9999.0
-9999.0 -9999.0 -9999.0 -9999.0 -9999.0 -9999.0 -9999.0 -9999.0 -9999.0 -9999.0 -9999.0 -9999.0 -9999.0 -9999.0 -9999.0 -9999.0 -9999.0 -9999.0 -9999.0 -9999.0 -9999.0 -9999.0 -9999.0 -9999.0 -212.979000 -216.799200 -204.286281 -204.755813 -177.429814 -242.250390 -253.292568 -9999.0 -9999.0 -9999.0 -9999.0 -9999.0 -9999.0 -9999.0 -9999.0 -9999.0 -9999.0 -9999.0 -9999.0 -9999.0 -9999.0 -9999.0 -9999.0 -9999.0 -9999.0 -9999.0 -9999.0 -9999.0 -9999.0 -9999.0 -9999.0 -9999.0 -9999.0 -9999.0
-9999.0 -9999.0 -9999.0 -9999.0 -9999.0 -9999.0 -9999.0 -9999.0 -9999.0 -9999.0 -9999.0 -9999.0 -9999.0 -9999.0 -9999.0 -9999.0 -9999.0 -9999.0 -9999.0 -9999.0 -9999.0 -9999.0 -9999.0 -217.944763 -187.626025 -188.233540 -257.272783 -311.355542 -304.584489 -252.596537 -252.184290 -252.654842 -9999.0 -9999.0 -9999.0 -9999.0 -9999.0 -9999.0 -9999.0 -9999.0 -9999.0 -9999.0 -9999.0 -9999.0 -9999.0 -9999.0 -9999.0 -9999.0 -9999.0 -9999.0 -9999.0 -9999.0 -9999.0 -9999.0 -9999.0 -9999.0 -9999.0 -9999.0
-9999.0 -9999.0 -9999.0 -9999.0 -9999.0 -9999.0 -9999.0 -9999.0 -9999.0 -9999.0 -9999.0 -9999.0 -9999.0 -9999.0 -9999.0 -9999.0 -9999.0 -9999.0 -46.990813 -218.419260 -9999.0 -206.861923 -188.852894 -305.912995 -254.708004 -312.089361 -104.328026 -80.551424 -62.774056 -253.552830 -250.167412 -250.722719 -255.838137 -255.996610 -9999.0 -9999.0 -9999.0 -9999.0 -9999.0 -9999.0 -9999.0 -9999.0 -9999.0 -9999.0 -9999.0 -9999.0 -9999.0 -9999.0 -9999.0 -9999.0 -9999.0 -9999.0 -9999.0 -9999.0 -9999.0 -9999.0 -9999.0 -9999.0
-9999.0 -9999.0 -9999.0 -9999.0 -9999.0 -9999.0 -9999.0 -9999.0 -9999.0 -9999.0 -9999.0 -9999.0 -9999.0 -9999.0 -9999.0 -9999.0 -9999.0 -729.128182 -150982.929971 -311.168375 -255.300992 -111.403452 -252.942957 -297.788090 -106.574276 -68049.907768 -80338.295617 -251.755243 -83929.868266 -79.262673 -165.883113 -244.310612 -255.802797 -255.860283 -257.004592 -256.976929 -9999.0 -9999.0 -9999.0 -9999.0 -9999.0 -9999.0 -9999.0 -9999.0 -9999.0 -9999.0 -9999.0 -9999.0 -9999.0 -9999.0 -9999.0 -9999.0 -9999.0 -9999.0 -9999.0 -9999.0 -9999.0 -9999.0
-9999.0 -9999.0 -9999.0 -9999.0 -9999.0 -9999.0 -9999.0 -9999.0 -9999.0 -9999.0 -9999.0 -9999.0 -9999.0 -248.113922 -252.044608 -1607.212051 -8614.746183 -252.685770 -697.645098 -306.076838 -253.517653 -254.986019 -306.809840 -238.072729 -28657.304932 -209.151141 -279.773690 -274.942163 -277.637104 -252.365980 8689.538413 -191.566792 -249.116281 -252.951579 -256.837811 -256.950936 -9999.0 -9999.0 -9999.0 -9999.0 -9999.0 -9999.0 -9999.0 -9999.0 -9999.0 -9999.0 -9999.0 -9999.0 -9999.0 -9999.0 -9999.0 -9999.0 -9999.0 -9999.0 -9999.0 -9999.0 -9999.0 -9999.0
-9999.0 -9999.0 -9999.0 -9999.0 -9999.0 -9999.0 -9999.0 -9999.0 -9999.0 -9999.0 -9999.0 -9999.0 -9999.0 -170.148367 -253.269181 -5287.673072 -6934.497526 -53.936965 -252.755819 -259.019322 -136201.627091 -252.617444 -129134.269893 -100117.539145 -252.315918 -286.888161 -253.394422 -256.719457 -256.826242 -272.427273 -254.384505 -254.559405 -256.766776 -256.676245 -256.803999 -9999.0 -9999.0 -9999.0 -9999.0 -9999.0 -9999.0 -9999.0 -9999.0 -9999.0 -9999.0 -9999.0 -9999.0 -9999.0 -9999.0 -9999.0 -9999.0 -9999.0 -9999.0 -9999.0 -9999.0 -9999.0 -9999.0 -9999.0
-9999.0 -9999.0 -9999.0 -9999.0 -9999.0 -9999.0 -9999.0 -9999.0 -9999.0 -9999.0 -9999.0 -9999.0 -9999.0 -255.030556 1039.671660 -177.610757 -5666.420206 -5781.778181 -252.822180 -907.468782 -151.322364 -298.887986 -74609.033002 -70435.683026 -251.733615 -251.078239 -255.521863 -256.815962 -250.814658 -256.819901 -254.192336 -256.332914 -256.512361 -256.339087 -256.725256 -9999.0 -9999.0 -9999.0 -9999.0 -9999.0 -9999.0 -9999.0 -9999.0 -9999.0 -9999.0 -9999.0 -9999.0 -9999.0 -9999.0 -9999.0 -9999.0 -9999.0 -9999.0 -9999.0 -9999.0 -9999.0 -9999.0 -9999.0
-9999.0 -9999.0 -9999.0 -9999.0 -9999.0 -9999.0 -9999.0 -9999.0 -9999.0 -9999.0 -9999.0 -9999.0 -299.669579 6923.908914 -253.505189 -251.107633 -735.672936 -2909.023979 -73.371881 -314.365919 -253.620544 -252.581907 -283.426833 -254.460097 2464.014844 -254.299450 -191.782729 -252.049159 -245.554513 -256.762484 -256.172109 -256.018422 -253.758735 -256.910838 -9999.0 -9999.0 -9999.0 -9999.0 -9999.0 -9999.0 -9999.0 -9999.0 -9999.0 -9999.0 -9999.0 -9999.0 -9999.0 -9999.0 -9999.0 -9999.0 -9999.0 -9999.0 -9999.0 -9999.0 -9999.0 -9999.0 -9999.0 -9999.0
-9999.0 -9999.0 -9999.0 -9999.0 -9999.0 -9999.0 -9999.0 -9999.0 -9999.0 -9999.0 -9999.0 -190.773663 -246.404332 708.385817 -252.697065 -165.880926 -303.014731 -5137.183857 -152.440997 -315.701310 -151922.550546 -69.993454 -245.444502 -252.506011 -279.993353 -249.511107 -254.925245 -249.250590 3012.100240 -256.788219 -256.086241 -246.210063 -256.210887 -256.995727 -256.243804 -255.849719 -255.414866 -255.360244 -255.270333 -9999.0 -9999.0 -9999.0 -257.061847 -9999.0 -9999.0 -9999.0 -9999.0 -9999.0 -9999.0 -9999.0 -9999.0 -9999.0 -9999.0 -9999.0 -9999.0 -9999.0 -9999.0 -9999.0
-9999.0 -9999.0 -9999.0 -9999.0 -9999.0 -9999.0 -9999.0 -9999.0 -9999.0 -9999.0 -9999.0 -205.101641 -249.681517 -300.125607 -255.041608 -252.573965 -260.489731 -152882.776497 -202.957740 -243.506690 -134.848407 -237.860814 -181.197809 -253.527909 -251.935100 -252.103985 -250.789525 -245.779373 -255.654774 -256.858651 -248.890349 -238.243480 -252.729359 -254.368815 -254.946190 -255.110816 -255.011027 -255.106319 -255.135067 -255.938833 -256.016851 -256.223352 -252.718898 -256.708419 -9999.0 -9999.0 -9999.0 -7.302059 -254.382036 -255.979379 -254.089228 -256.207907 -256.136488 -8.270687 24.965876 -256.898638 -9999.0 -9999.0
-9999.0 -9999.0 -9999.0 -9999.0 -9999.0 -9999.0 -9999.0 -9999.0 -9999.0 -9999.0 -9999.0 -182.758207 -210.839473 -273.281345 -59.124003 -243.188754 -243.182207 -152383.108028 -146.459831 -260.681209 -238.601077 -282.048895 -253.855413 -184.537915 -252.812515 -255.584639 -253.653649 -131.376332 -256.705501 -254.411587 -256.857274 -267.561219 -249.612457 -254.630667 -256.456152 -255.135785 -262.427930 -288.819232 -255.148962 -255.777072 -255.107489 -255.561813 -254.670506 -252.501704 -254.645869 -9999.0 -256.762947 -253.929645 -248.683937 -245.822463 -254.189357 -255.550978 -254.393206 -242.873682 -252.884200 -253.152614 -9999.0 -9999.0
-9999.0 -9999.0 -9999.0 -9999.0 -9999.0 -9999.0 -9999.0 -9999.0 -9999.0 -9999.0 -9999.0 -9999.0 -191.247836 -110.687709 -189.150276 -180.163744 -53457.679288 -150247.901702 -21.795758 -254.606305 -117338.842183 -285.591930 -278.724117 -253.181246 -253.494888 -253.841717 2301.477950 -255.840464 -251.794932 -255.876023 -249.895592 -253.173207 -254.917196 -251.979317 -254.912941 -255.252209 -263.355279 -274.548268 -253.855686 -255.236675 -255.002033 -255.364711 -279.782218 -200.900288 -255.798812 -254.067711 -256.139612 -254.177126 -268.369771 -253.283127 -87.910604 -244.502344 656.186044 -103.657918 -249.839412 -228.063451 -224.533297 -9999.0
-9999.0 -9999.0 -9999.0 -9999.0 -9999.0 -9999.0 -9999.0 -9999.0 -9999.0 -9999.0 -9999.0 -115.848198 -217.830558 -254.627391 -252.930260 -247.338880 -242.094684 -110798.528523 -123.378143 -364.077955 -131697.798558 -31883.787692 -246.920020 -271.569884 -253.916036 -252.043711 -103.526819 -253.601894 -252.907450 -255.745120 -253.877637 -250.864898 -241.523181 -251.111764 -255.805488 -254.803071 -255.456372 -284.450997 -628.672855 -255.210043 -285.875174 -265.750309 -255.067443 -286.246015 -245.393217 -252.595446 -246.584368 -255.639992 -255.455800 -282.647782 -271.478939 -252.992126 -251.880579 -264.452956 -263.018199 -256.252618 -255.867096 -9999.0
-9999.0 -9999.0 -9999.0 -9999.0 -9999.0 -9999.0 -9999.0 -9999.0 -9999.0 -9999.0 2311.510033 -252.794768 -184.487763 -201.914239 -174.099318 -84.051661 -90.015017 -23605.408018 -1056.299964 -339.518641 -186.890757 -73.093492 -152634.775572 -181.481166 -248.655153 2033.795904 -265.061251 -274.569340 -254.565642 -245.951212 -251.336110 -210.970123 -248.115695 -252.553399 -256.844516 -255.991430 -255.153445 -260.851713 -152268.120019 -257.565009 -291.952652 -292.943893 -253.549279 -20.056835 -253.378351 -255.468836 -248.413210 -277.793107 -253.257436 -246.722267 -275.051699 -256.529871 -262.323138 -256.259728 -256.411877 -247.188720 -247.699464 -9999.0
-9999.0 -9999.0 -9999.0 -9999.0 -9999.0 -9999.0 -9999.0 -9999.0 -9999.0 -251.497432 -90.560629 -105.949462 -252.810381 -253.696975 -107.091902 -251.997003 -251.702053 -143.783179 -150108.327958 -386.568862 -212.550102 -77121.256250 -152810.637465 -251.910352 -73.545026 -131434.159574 -254.552687 -244.942707 -279.487087 -251.742788 -242.009003 -130284.530615 -256.705413 -256.805493 -256.817103 -256.806758 -249.769185 -255.069470 -256.602558 -254.820259 -50151.983437 -12178.982745 -145326.357697 -76978.064663 -152560.014321 -282.809455 -237.957458 -281.869713 -278.883551 -47.990554 -277.640475 -255.896908 -256.108637 -256.494309 -256.294095 -264.465725 -248.264861 -255.751640
-9999.0 -9999.0 -9999.0 -9999.0 -9999.0 -9999.0 -9999.0 -9999.0 -9999.0 -254.376140 -251.234928 -249.605949 5347.102550 -248.969986 -253.935228 -253.993945 -161.289429 -246.919026 -150988.554257 -257.714936 -237.290855 -247.522707 -60.803060 -153.691753 -144348.197440 -254.620877 -253.921013 -248.629542 -243.768285 -51.950799 -254.902451 -135135.969344 -250.902040 -253.895641 -248.023657 -255.817328 -255.600537 -255.453843 -255.540079 -248.059555 -123.668448 -264.650343 -255.348755 -247.040044 -226.252719 -124.846046 -251.424548 -292.181874 -288.188090 -246.261113 -142725.250028 -264.831393 -256.761802 -255.463801 -256.421787 -122.832121 -265.072850 -251.433426
-9999.0 -9999.0 -9999.0 -9999.0 -9999.0 -9999.0 -9999.0 -9999.0 -9999.0 -9999.0 -251.572173 -247.176807 -249.872957 -131.025053 -286.282105 -253.476405 -247.510784 -249.199666 -150603.722460 -362.829744 -232.174093 -152894.516280 -11321.333363 -152133.875075 -254.520112 -251.817797 -245.819959 -224.602279 -254.867961 -9976.382182 -31185.025027 4588.237254 -261.498780 -252.787523 -246.275158 -238.361079 -224.058191 -198.689269 -255.550407 -253.338398 -255.175269 -193.443053 5420.681076 -269.000315 -146114.964050 -13056.752353 -151754.720217 -54.140289 -299.988277 -286.441831 -152889.466678 -277.199622 -256.123450 -256.808071 -242.480684 -254.837259 -210.430199 11222.666438
-9999.0 -9999.0 -9999.0 -9999.0 -9999.0 -9999.0 -9999.0 -9999.0 -9999.0 -9999.0 -250.444025 -249.596161 -203.472262 -252.103636 56.390080 -40981.228787 -28004.668880 -646.752636 -2558.248721 -549.077015 -2017.571711 -131111.106906 -21634.425406 -255.214568 -252.029547 -239.854572 0.000000 -11095.355417 -24164.532451 -259.261183 -252.977009 -186.490820 -274.603460 -253.940538 -253.185881 -200.661034 3191.635508 -253.118798 -269.352123 -253.550905 -249.889182 -255.197410 -251.913364 -251.943365 -88.597470 -146845.931435 -240.343575 -148142.091687 -152695.636981 -285.399880 -296.004909 -271.661380 -252.996481 -255.994346 -257.021785 -256.041761 -254.736445 -267.407605
-9999.0 -9999.0 -9999.0 -9999.0 -9999.0 -9999.0 -9999.0 -9999.0 -189.456367 -249.811977 -255.137915 -202.995936 -243.189957 -251.897775 -49007.028487 -136.810714 -136248.791876 -246.677428 -358.833909 -605.540224 -6979.055142 -152863.715122 -152656.983628 -146274.655406 -252.210584 -228.733086 46.538372 -16871.591363 -251.129080 -262.819334 -256.686665 -252.113630 -251.206602 -252.108638 -249.447113 -254.920179 -244.461030 -252.274338 -43135.132934 -255.598482 -256.348874 -197.779214 -270.140801 -256.526000 -255.152612 2519.813504 -31952.970113 -250.385276 -149522.358308 -88.295432 -252.850572 -152811.516321 -252.458260 -263.860568 -255.977580 -253.792300 -255.627808 -161.492948
-9999.0 -9999.0 -9999.0 -9999.0 -9999.0 -9999.0 -9999.0 -9999.0 -261.152801 -252.806847 -268.074882 -252.677237 -251.675722 -103.273620 -19573.799627 -13316.901376 -99234.640616 -138627.099777 -151219.341251 -613.464393 -197.269045 -313.175231 -121.388058 -247.115791 -152271.461836 -483.690888 -216.232781 -249.377369 -272.390064 -249.748989 -253.703122 -255.582151 -246.982214 -255.536799 -189.130385 -186.620290 -226.745762 -249.064479 -269.949240 -247.719389 -252.508180 -256.187853 -256.524690 -247.042425 3061.198400 -251.329977 -270.181439 -251.085244 -268.472176 -20262.402365 -247.445358 -250.145932 -41245.927946 -251.730870 -254.328102 -284.388870 -278.595366 -281.060944
-9999.0 -9999.0 -9999.0 -9999.0 -9999.0 -9999.0 -9999.0 -9999.0 -252.120287 -33.677072 -254.840132 -265.710303 -166.549175 -270.790720 -253.158926 -152764.997203 -48123.506057 -253.586799 -151469.567050 -200.833657 -617.838121 -321.675310 -153.218496 -218.973849 -114.064129 -140021.762310 -10627.285682 -21893.741415 -275.620116 -248.958816 -255.492864 -173.755026 -253.375404 -274.491282 -178.347554 -222.328524 -268.829737 -74397.313982 -146451.034674 -267.119207 -249.281317 -255.503827 -194.400347 -22.585680 -252.744650 -209.467604 -255.568896 -212.487066 -252.956577 -137908.602274 -153.892465 -252.609425 -152885.492665 -152556.060866 -278.951477 -247.802659 -179.248440 -214.726670
-9999.0 -9999.0 -9999.0 -9999.0 -9999.0 -9999.0 -9999.0 -9999.0 -256.896565 -247.807504 -11.834796 -275.545008 -178.687651 -101.381055 -151524.085036 -13723.231729 -151344.076281 -132162.162348 -276.455544 -837.813502 -575.850666 -536.656184 -310.174573 -355.293116 -981.721963 -46508.956205 -7981.878234 -152612.214454 -190.648300 -277.386317 -275.167594 -275.163540 -287.146835 -250.640817 -274.354925 -251.910381 -244.169996 -129577.763434 -141436.600741 -269.276834 -249.705668 -245.223030 -244.449868 -255.212712 -216.764270 -255.337504 -254.348766 -255.477419 -253.480706 -278.051544 -7296.170716 -23903.916477 -252.493481 -82.372570 -202.438689 -142.295521 -250.868998 -253.503026
-9999.0 -9999.0 -9999.0 -9999.0 -9999.0 -9999.0 -9999.0 -9999.0 -237.162788 -197.568665 4673.098451 -149392.326956 -152583.383142 -60648.719700 -123.452459 -42.138111 -135.186547 -112923.238627 -36564.863559 -141727.768617 -2812.867399 -472.017547 -534.168702 -566.094114 -247.994931 -36000.653759 -39531.524469 -251.250249 -248.399409 -251.294969 -152593.259467 -240.928945 -280.273125 -224.898276 -279.003000 -281.645529 -287.008091 -137715.875965 -152857.275342 -212.056630 -277.977284 -288.903726 -281.994020 -289.600135 -271.224104 -246.272132 -278.153753 -278.978738 -280.347957 -285.140382 -291.272223 -50978.146265 -22480.987517 -249.519978 -97.561438 63.028780 -111.852637 -215.163481
