user2019/resources/simulation/Vinschgau/output-maps/psiL0003N0995.asc
ncols         63
nrows         48
xllcorner     598000.000000
yllcorner     5145000.000000
cellsize      1000.000000
NODATA_value  -9999.0
[rows 0 to 24 of 48, columns 0 to 56 of 63]
-9999.0 -9999.0 -9999.0 -9999.0 -9999.0 -9999.0 -9999.0 -9999.0 -9999.0 -9999.0 -9999.0 -9999.0 -9999.0 -9999.0 -9999.0 -9999.0 -9999.0 -9999.0 -9999.0 -9999.0 -9999.0 -9999.0 -9999.0 -9999.0 -9999.0 -9999.0 -9999.0 -9999.0 -9999.0 -9999.0 -9999.0 -9999.0 -9999.0 -9999.0 -9999.0 -9999.0 -9999.0 -9999.0 -9999.0 -9999.0 -9999.0 -9999.0 -9999.0 -9999.0 -9999.0 -9999.0 -9999.0 -9999.0 -9999.0 -9999.0 -9999.0 -9999.0 -9999.0 -9999.0 -9999.0 -9999.0 -9999.0
-9999.0 -9999.0 -9999.0 -9999.0 -9999.0 -9999.0 -9999.0 -9999.0 -9999.0 -9999.0 -9999.0 -9999.0 -9999.0 -9999.0 -9999.0 -9999.0 -9999.0 -9999.0 -9999.0 -9999.0 -9999.0 -9999.0 -9999.0 -9999.0 -9999.0 -9999.0 -9999.0 151059.378455 486061.523109 243585.382024 486025.812883 495499.400373 493336.865449 -9999.0 -9999.0 -9999.0 -9999.0 -9999.0 -9999.0 -9999.0 -9999.0 -9999.0 -9999.0 -9999.0 -9999.0 -9999.0 -9999.0 -9999.0 -9999.0 -9999.0 -9999.0 -9999.0 -9999.0 -9999.0 -9999.0 -9999.0 -9999.0
-9999.0 -9999.0 -9999.0 -9999.0 -9999.0 -9999.0 -9999.0 -9999.0 -9999.0 -9999.0 -9999.0 -9999.0 -9999.0 -9999.0 -9999.0 -9999.0 -9999.0 -9999.0 -9999.0 -9999.0 -9999.0 -9999.0 -9999.0 -9999.0 527932.051995 521446.019016 518148.966495 522794.582462 523275.845311 521202.105996 509918.862598 -9999.0 -9999.0 -9999.0 -9999.0 -9999.0 -9999.0 -9999.0 -9999.0 -9999.0 -9999.0 -9999.0 -9999.0 -9999.0 -9999.0 -9999.0 -9999.0 -9999.0 -9999.0 -9999.0 -9999.0 -9999.0 -9999.0 -9999.0 -9999.0 -9999.0 -9999.0
-9999.0 -9999.0 -9999.0 -9999.0 -9999.0 -9999.0 -9999.0 -9999.0 -9999.0 -9999.0 -9999.0 -9999.0 -9999.0 -9999.0 -9999.0 -9999.0 -9999.0 -9999.0 -9999.0 -9999.0 -9999.0 -9999.0 -9999.0 527901.406944 532742.585433 -836.115116 -934.912944 -2670.344586 -420.177146 526055.743124 514432.219385 476537.740785 -9999.0 -9999.0 -9999.0 -9999.0 -9999.0 -9999.0 -9999.0 -9999.0 -9999.0 -9999.0 -9999.0 -9999.0 -9999.0 -9999.0 -9999.0 -9999.0 -9999.0 -9999.0 -9999.0 -9999.0 -9999.0 -9999.0 -9999.0 -9999.0 -9999.0
-9999.0 -9999.0 -9999.0 -9999.0 -9999.0 -9999.0 -9999.0 -9999.0 -9999.0 -9999.0 -9999.0 -9999.0 -9999.0 -9999.0 -9999.0 -9999.0 -9999.0 -9999.0 -360.736771 536054.696132 -9999.0 542148.362307 537808.760051 -621.991709 -729.435931 -2590.358025 -255.730856 82.132109 25.245913 57264.420296 495256.093411 514023.193417 136295.102863 116733.596280 -9999.0 -9999.0 -9999.0 -9999.0 -9999.0 -9999.0 -9999.0 -9999.0 -9999.0 -9999.0 -9999.0 -9999.0 -9999.0 -9999.0 -9999.0 -9999.0 -9999.0 -9999.0 -9999.0 -9999.0 -9999.0 -9999.0 -9999.0
-9999.0 -9999.0 -9999.0 -9999.0 -9999.0 -9999.0 -9999.0 -9999.0 -9999.0 -9999.0 -9999.0 -9999.0 -9999.0 -9999.0 -9999.0 -9999.0 -9999.0 -2656.619430 -1968.295793 -5583.203113 102420.120361 473442.859210 106625.361667 1056.829818 -390.435917 1148.339594 710757.861620 247777.208898 708803.095689 1162.444797 277855.216226 289497.960212 225921.631568 77698.032019 55931.025925 61051.240960 -9999.0 -9999.0 -9999.0 -9999.0 -9999.0 -9999.0 -9999.0 -9999.0 -9999.0 -9999.0 -9999.0 -9999.0 -9999.0 -9999.0 -9999.0 -9999.0 -9999.0 -9999.0 -9999.0 -9999.0 -9999.0
-9999.0 -9999.0 -9999.0 -9999.0 -9999.0 -9999.0 -9999.0 -9999.0 -9999.0 -9999.0 -9999.0 -9999.0 -9999.0 509562.493919 1122.246104 -1541.727175 -2728.565655 -6286.179318 -2548.146256 -1860.243803 -730.369944 -444.102863 -672.801142 -383.645625 15269.459059 545741.167965 95886.219586 489890.563406 540252.348591 475966.802118 485852.281013 548951.176813 527769.519820 520117.080731 402201.948604 104492.848916 -9999.0 -9999.0 -9999.0 -9999.0 -9999.0 -9999.0 -9999.0 -9999.0 -9999.0 -9999.0 -9999.0 -9999.0 -9999.0 -9999.0 -9999.0 -9999.0 -9999.0 -9999.0 -9999.0 -9999.0 -9999.0
-9999.0 -9999.0 -9999.0 -9999.0 -9999.0 -9999.0 -9999.0 -9999.0 -9999.0 -9999.0 -9999.0 -9999.0 -9999.0 3495.488230 -779.840499 -1832.501832 -2567.281789 -673.597793 -6297.205354 -1351.035396 -2720.192256 -741.578687 -730.181874 -467.333631 32838.375132 482459.209321 488187.430988 214107.132906 159256.248884 561093.022121 559522.655123 474044.229063 160238.651218 -56.001413 97971.842898 -9999.0 -9999.0 -9999.0 -9999.0 -9999.0 -9999.0 -9999.0 -9999.0 -9999.0 -9999.0 -9999.0 -9999.0 -9999.0 -9999.0 -9999.0 -9999.0 -9999.0 -9999.0 -9999.0 -9999.0 -9999.0 -9999.0
-9999.0 -9999.0 -9999.0 -9999.0 -9999.0 -9999.0 -9999.0 -9999.0 -9999.0 -9999.0 -9999.0 -9999.0 -9999.0 -940.359670 622.025804 -1241.703991 -1907.233759 -2350.139922 -6330.581677 -2619.183297 -568.541408 -78.375652 22505.896356 659674.400847 1028.015605 13622.663199 118107.666274 147975.976742 493524.644715 -54.668932 402103.522997 -33.046594 -62.706486 -36.266340 99158.689239 -9999.0 -9999.0 -9999.0 -9999.0 -9999.0 -9999.0 -9999.0 -9999.0 -9999.0 -9999.0 -9999.0 -9999.0 -9999.0 -9999.0 -9999.0 -9999.0 -9999.0 -9999.0 -9999.0 -9999.0 -9999.0 -9999.0
-9999.0 -9999.0 -9999.0 -9999.0 -9999.0 -9999.0 -9999.0 -9999.0 -9999.0 -9999.0 -9999.0 -9999.0 734.240728 6510.665431 -846.104443 -395.472112 -935.471535 -1554.409470 -769.057135 -6072.682750 -552.948616 505767.838293 549127.352128 544653.590034 533525.854380 512612.822547 530087.617971 518152.037728 516928.564111 212245.313154 1275.643209 129147.663446 358674.743233 109494.650790 -9999.0 -9999.0 -9999.0 -9999.0 -9999.0 -9999.0 -9999.0 -9999.0 -9999.0 -9999.0 -9999.0 -9999.0 -9999.0 -9999.0 -9999.0 -9999.0 -9999.0 -9999.0 -9999.0 -9999.0 -9999.0 -9999.0 -9999.0
-9999.0 -9999.0 -9999.0 -9999.0 -9999.0 -9999.0 -9999.0 -9999.0 -9999.0 -9999.0 -9999.0 519776.088381 -480.976056 289.036240 -738.336635 79.935022 -5609.965638 -1481.466374 -423.480933 -98.736987 -2310.463133 705.588417 554251.712015 547917.239334 205009.704840 548388.858042 404516.553440 499642.935370 499675.893664 142132.143800 141777.652128 286552.730528 153635.359913 117996.674488 122796.819432 141052.186170 494956.108694 484874.047017 480905.204704 -9999.0 -9999.0 -9999.0 83052.843902 -9999.0 -9999.0 -9999.0 -9999.0 -9999.0 -9999.0 -9999.0 -9999.0 -9999.0 -9999.0 -9999.0 -9999.0 -9999.0 -9999.0
-9999.0 -9999.0 -9999.0 -9999.0 -9999.0 -9999.0 -9999.0 -9999.0 -9999.0 -9999.0 -9999.0 544630.366600 -589.923301 -840.374312 -1138.450702 153159.261805 -2532.661513 -2369.515202 -683.951424 -593.582364 -411.827051 5606.116520 550812.850094 548543.093352 551600.862921 517963.581413 530621.470506 536150.470009 392025.077723 144428.844206 441932.185543 436453.547720 496231.487829 459194.860868 439912.661715 513735.548581 514427.734453 372141.071881 431546.599232 122178.164084 130180.138806 132368.282125 449255.283211 146896.654023 -9999.0 -9999.0 -9999.0 391357.411835 436583.561757 171124.035745 465798.103148 134594.150922 138900.469144 406564.158328 417703.382023 151776.936011 -9999.0
-9999.0 -9999.0 -9999.0 -9999.0 -9999.0 -9999.0 -9999.0 -9999.0 -9999.0 -9999.0 -9999.0 434656.764309 551784.584589 535130.509957 750.287213 60.489905 -366.535942 -1534.175181 -712.431008 -683.781000 -729.221946 10084.789591 559819.423102 468300.142442 501442.028140 161236.480292 545588.739713 544897.233317 166546.937258 461607.874007 172095.028951 543337.458972 423969.641912 483222.029626 152696.890113 363124.619398 544627.764398 280101.746528 277867.535317 112744.625459 476330.230090 500384.784065 519165.885485 527503.844006 478622.081962 -9999.0 115685.043643 445525.605771 478224.531706 485513.560236 492887.038403 232358.256337 470982.401899 469328.304578 465921.854083 428417.548026 -9999.0
-9999.0 -9999.0 -9999.0 -9999.0 -9999.0 -9999.0 -9999.0 -9999.0 -9999.0 -9999.0 -9999.0 -9999.0 563659.164740 561965.467532 2533.757517 2003.518951 66.276879 -1579.253593 -603.081072 -631.360808 -936.049059 172.091687 385030.159818 498899.220772 551429.833136 564104.280203 -272.409036 439066.520699 457831.152696 149601.353995 495456.183603 562461.032278 524673.380189 497781.030514 483050.308110 518019.357695 522069.970561 79417.946452 341.698574 243876.328754 418351.250807 147008.130355 527589.215952 547673.066953 149116.922386 442171.349510 136479.606384 463241.482774 496091.972228 510179.181257 510882.560450 496244.938737 497035.988657 495907.734481 477835.836725 469158.281820 457997.340399
-9999.0 -9999.0 -9999.0 -9999.0 -9999.0 -9999.0 -9999.0 -9999.0 -9999.0 -9999.0 -9999.0 541654.748079 568200.719684 579398.840414 548572.974124 28631.422072 992.943132 -982.393661 -588.493966 -1379.025446 -1358.511331 -535.334128 297219.169188 548185.366309 564712.376981 564010.214799 570317.954813 498641.263172 495559.562320 178261.368653 562014.576893 556792.162815 284360.759122 491421.367156 435994.739878 509271.895360 527539.428561 118648.045635 12595.791923 294036.678572 186880.542253 223674.410592 506151.894103 52002.562240 539361.604827 525665.181468 528919.101221 175299.652739 185831.719660 524245.802306 149810.173742 506406.420610 46058.962244 -32.889597 -38.475744 -32.870592 120446.937122
-9999.0 -9999.0 -9999.0 -9999.0 -9999.0 -9999.0 -9999.0 -9999.0 -9999.0 -9999.0 141915.917863 471386.221293 550150.863968 547858.778689 335015.141830 471168.430758 471308.214005 -135.915478 -1741.527037 -1321.335386 -486.202726 -249.575177 752457.621764 514287.290874 492798.968900 489380.259699 546080.022834 85606.711731 551015.111988 558439.143830 195989.314004 198126.412711 556885.862840 504765.407762 137265.850756 158529.944564 485676.213143 493461.343231 600857.174151 788.092983 946.956432 -54.318230 -22.574702 -455.446573 581152.351905 165099.754329 490398.203671 553613.979544 555000.917281 455129.231063 -62.504605 149870.865671 -30.749956 -23.323958 -32.843538 403065.120324 406350.546306
-9999.0 -9999.0 -9999.0 -9999.0 -9999.0 -9999.0 -9999.0 -9999.0 -9999.0 495819.673649 540205.152526 75907.320616 296969.560884 558408.484380 552523.348080 571179.931991 557125.876442 89.947944 -1730.799249 -1691.281375 -544.419292 -476.093136 -131.338071 1045.390576 5476.748815 788879.000663 559500.822659 540161.265345 582640.945678 563161.972518 2152.517708 744295.527139 165619.688644 -32.311802 127817.689738 144892.890177 266322.574342 586716.719868 549994.181676 566394.864731 692002.393130 760424.835512 770082.327264 -1000.596192 -604.690728 533659.738153 385066.915572 543599.692067 543871.040815 1340.043724 437071.110388 133210.873669 -30.295853 126841.434608 134712.561181 954.397465 1878.172317
-9999.0 -9999.0 -9999.0 -9999.0 -9999.0 -9999.0 -9999.0 -9999.0 -9999.0 162880.260341 355039.939146 514649.991456 13850.575942 172887.129673 544319.165095 551305.688448 433527.512869 1228.930539 -1968.111605 -785.317603 -682.233349 -950.067506 -268.545378 22169.465290 788313.755679 566880.800487 562361.015313 489159.628071 1277.230667 11087.912184 505982.808496 698569.387564 477007.294106 480274.978222 511518.422657 148772.968802 162161.037000 173775.963943 517574.035503 553071.283337 517053.853657 560501.875740 549210.332833 1007.097895 -684.730014 -462.709328 -365.947413 947.145235 201877.300210 1050.336888 756834.526509 474110.503205 132689.824383 398430.334844 304193.985172 122230.968921 115425.675922
-9999.0 -9999.0 -9999.0 -9999.0 -9999.0 -9999.0 -9999.0 -9999.0 -9999.0 -9999.0 488576.661927 499969.682207 544151.180074 525753.735722 52310.026721 537746.760531 296983.944266 -425.473485 -2222.359184 -962.462918 -600.622991 -2236.016856 14075.516576 749336.580876 555085.899548 561320.658722 1311.541725 342.595825 529085.817478 776812.134550 764765.274554 767459.419650 521506.250363 479625.194506 494425.768082 497064.344581 536722.532008 560416.487301 165804.877678 474854.126924 524799.701902 567734.252117 514722.543036 569635.700312 -28.880686 451.986367 -820.870657 -375.167655 -429.578241 1123.095031 726621.303326 277418.101046 125561.296866 113518.447928 378150.894201 433481.098943 466940.696057
-9999.0 -9999.0 -9999.0 -9999.0 -9999.0 -9999.0 -9999.0 -9999.0 -9999.0 -9999.0 456085.518557 485350.051453 535481.055053 524573.686874 73.403417 662.636718 -104.694558 -1365.614057 -1797.250161 -2540.189616 -2352.756881 -1425.718664 101707.464962 508149.950025 540232.458187 1313.554225 25.415116 624.849564 753273.198145 539410.668988 479675.856562 483467.415509 92806.308429 480430.569215 532370.854109 553106.889648 163220.873178 490267.964040 557661.886580 511620.034400 534851.709179 517586.990314 560831.345475 560912.727937 591515.706251 787672.099950 455662.368363 -14.177587 -1016.320328 -213.420928 22836.371748 497110.799631 454935.568049 181987.891304 122610.849147 126857.384538 468221.280124
-9999.0 -9999.0 -9999.0 -9999.0 -9999.0 -9999.0 -9999.0 -9999.0 532626.069478 524418.916518 483218.909542 514249.146768 469374.031910 568765.696145 749355.173093 -577.459040 -1861.281605 -1038.540507 -1263.752722 -2834.442163 -2851.848154 -2441.036010 -1979.138743 -1231.376973 503.564403 -328.822263 -223.633437 802780.457354 575326.473303 530652.682092 -29.965211 422985.687727 475802.005265 487299.195216 515842.326875 548629.833146 541494.490576 565062.303279 784026.322017 160854.926576 169395.149712 409212.080836 207202.039430 169866.614390 153166.749706 191503.243799 772916.216216 586728.293115 165.206065 -223.548957 933.975942 655517.204571 274668.071725 420695.424684 129287.707577 470839.768256 151879.515344
-9999.0 -9999.0 -9999.0 -9999.0 -9999.0 -9999.0 -9999.0 -9999.0 -116.187425 430459.198666 530262.654576 488068.526989 519362.982264 529326.833143 773085.524568 318.953414 -1344.327136 -1605.520179 -2925.121695 -2870.858915 -790.114228 -975.142405 -983.503465 -1052.131127 -2039.747556 -926.815566 -450.303341 488354.697957 29801.182569 481141.246385 477006.535380 144942.623852 345351.423481 149991.129470 423935.028106 554997.143602 485533.170122 163517.877952 553916.757939 555357.962850 535971.989503 1347.442681 153751.156534 517080.922296 516310.819453 543652.802703 152703.504173 533048.842851 555222.074964 -532.319844 23.488097 536967.455801 308715.403567 464945.809994 525081.216458 -85.702261 584391.404091
-9999.0 -9999.0 -9999.0 -9999.0 -9999.0 -9999.0 -9999.0 -9999.0 496117.207240 495365.309375 472906.985074 522677.644438 527311.944079 156140.239692 563468.844487 769923.697694 97.127464 -870.774467 -2777.438371 -863.429820 -2916.777035 -1425.536163 -1178.014042 -2352.703714 -813.571669 -1431.598721 159.774771 806290.674361 38419.122732 454432.629173 144698.041993 442433.472892 530070.255185 558428.016776 543330.542354 526217.748903 96919.099446 -81.989607 157121.126032 556772.450830 536487.489723 158594.823527 495870.513255 495551.287422 526863.232173 501216.945018 142644.511638 516000.115481 566389.078820 4280.804809 -491.063080 1451.036942 207467.325549 367083.315546 122587.295943 111835.989050 -222.202073
-9999.0 -9999.0 -9999.0 -9999.0 -9999.0 -9999.0 -9999.0 -9999.0 154401.910995 509452.651605 208929.537890 8947.049557 476766.497898 522193.247105 770816.323862 166.985847 -2625.913466 -2596.814759 -669.042293 -2806.981789 -2740.179870 -2668.280389 -1271.222010 -1893.631285 -1702.095311 -749.038182 717026.822909 788212.026884 538460.883509 623442.135969 582588.533881 583434.827985 377392.032454 566655.876583 616722.201785 555521.898838 55.861987 -1365.728197 -400.425011 615640.756726 575036.764497 575241.155803 571450.116339 146856.654179 522323.943140 168708.927331 521244.477257 201142.254862 525891.720073 567458.267863 1565.106534 -425.398325 1595.741642 87944.570861 1586.808112 25.542533 -409.211095
-9999.0 -9999.0 -9999.0 -9999.0 -9999.0 -9999.0 -9999.0 -9999.0 457903.758866 541372.754226 -291.043329 796157.552837 806693.403355 813926.619158 2823.596001 -303.205562 -316.789006 -1273.761108 -904.823371 -1616.793651 -2273.995660 -2039.357448 -2549.069962 -2539.244214 -699.842352 -142.358032 780470.162705 543213.375882 39435.640292 363839.591623 750639.228829 683.864621 30.116259 318.974241 722.189998 379.431690 -607.156727 -1864.984788 -2379.183444 -227.329845 1085.809638 3677.242701 99315.230430 185482.653772 559300.156070 538037.998286 566473.335796 575740.757564 547446.933924 2352.712871 -302.082304 -872.791538 -546.318979 -422.030042 68.069646 59.363477 -262.820122
