user2019/resources/simulation/Vinschgau/output-maps/psiL0004N0377.asc
ncols         63
nrows         48
xllcorner     598000.000000
yllcorner     5145000.000000
cellsize      1000.000000
NODATA_value  -9999.0
[rows 0 to 25 of 48, columns 0 to 59 of 63]
-9999.0 -9999.0 -9999.0 -9999.0 -9999.0 -9999.0 -9999.0 -9999.0 -9999.0 -9999.0 -9999.0 -9999.0 -9999.0 -9999.0 -9999.0 -9999.0 -9999.0 -9999.0 -9999.0 -9999.0 -9999.0 -9999.0 -9999.0 -9999.0 -9999.0 -9999.0 -9999.0 -9999.0 -9999.0 -9999.0 -9999.0 -9999.0 -9999.0 -9999.0 -9999.0 -9999.0 -9999.0 -9999.0 -9999.0 -9999.0 -9999.0 -9999.0 -9999.0 -9999.0 -9999.0 -9999.0 -9999.0 -9999.0 -9999.0 -9999.0 -9999.0 -9999.0 -9999.0 -9999.0 -9999.0 -9999.0 -9999.0 -9999.0 -9999.0 -9999.0
-9999.0 -9999.0 -9999.0 -9999.0 -9999.0 -9999.0 -9999.0 -9999.0 -9999.0 -9999.0 -9999.0 -9999.0 -9999.0 -9999.0 -9999.0 -9999.0 -9999.0 -9999.0 -9999.0 -9999.0 -9999.0 -9999.0 -9999.0 -9999.0 -9999.0 -9999.0 -9999.0 -945.076969 -12.862811 -950.733649 -673.913643 -1444.340007 -1469.376229 -9999.0 -9999.0 -9999.0 -9999.0 -9999.0 -9999.0 -9999.0 -9999.0 -9999.0 -9999.0 -9999.0 -9999.0 -9999.0 -9999.0 -9999.0 -9999.0 -9999.0 -9999.0 -9999.0 -9999.0 -9999.0 -9999.0 -9999.0 -9999.0 -9999.0 -9999.0 -9999.0
-9999.0 -9999.0 -9999.0 -9999.0 -9999.0 -9999.0 -9999.0 -9999.0 -9999.0 -9999.0 -9999.0 -9999.0 -9999.0 -9999.0 -9999.0 -9999.0 -9999.0 -9999.0 -9999.0 -9999.0 -9999.0 -9999.0 -9999.0 -9999.0 -278.440425 -405.206537 -118.321194 56.574500 114.294359 186.498784 -582.720057 -9999.0 -9999.0 -9999.0 -9999.0 -9999.0 -9999.0 -9999.0 -9999.0 -9999.0 -9999.0 -9999.0 -9999.0 -9999.0 -9999.0 -9999.0 -9999.0 -9999.0 -9999.0 -9999.0 -9999.0 -9999.0 -9999.0 -9999.0 -9999.0 -9999.0 -9999.0 -9999.0 -9999.0 -9999.0
-9999.0 -9999.0 -9999.0 -9999.0 -9999.0 -9999.0 -9999.0 -9999.0 -9999.0 -9999.0 -9999.0 -9999.0 -9999.0 -9999.0 -9999.0 -9999.0 -9999.0 -9999.0 -9999.0 -9999.0 -9999.0 -9999.0 -9999.0 -586.374347 66.294653 -350.562773 -190.774540 -358.492181 103.711563 55.110396 10.900604 -377.143043 -9999.0 -9999.0 -9999.0 -9999.0 -9999.0 -9999.0 -9999.0 -9999.0 -9999.0 -9999.0 -9999.0 -9999.0 -9999.0 -9999.0 -9999.0 -9999.0 -9999.0 -9999.0 -9999.0 -9999.0 -9999.0 -9999.0 -9999.0 -9999.0 -9999.0 -9999.0 -9999.0 -9999.0
-9999.0 -9999.0 -9999.0 -9999.0 -9999.0 -9999.0 -9999.0 -9999.0 -9999.0 -9999.0 -9999.0 -9999.0 -9999.0 -9999.0 -9999.0 -9999.0 -9999.0 -9999.0 -383.546629 -661.812219 -9999.0 -384.820169 -141.953592 -161.179981 55.116492 38.562555 -29.742600 -30.886096 48.156978 58.870372 64.121020 -181.545389 -955.066228 -951.654609 -9999.0 -9999.0 -9999.0 -9999.0 -9999.0 -9999.0 -9999.0 -9999.0 -9999.0 -9999.0 -9999.0 -9999.0 -9999.0 -9999.0 -9999.0 -9999.0 -9999.0 -9999.0 -9999.0 -9999.0 -9999.0 -9999.0 -9999.0 -9999.0 -9999.0 -9999.0
-9999.0 -9999.0 -9999.0 -9999.0 -9999.0 -9999.0 -9999.0 -9999.0 -9999.0 -9999.0 -9999.0 -9999.0 -9999.0 -9999.0 -9999.0 -9999.0 -9999.0 -408.139798 -340.469493 -22169.064337 -1135.215156 -10.359290 -187.634981 44.761462 45.402022 92.140265 -619.999526 -426.592405 -696.770119 42.941258 86.265263 81.974009 -977.733809 -962.982650 -948.201430 -951.451611 -9999.0 -9999.0 -9999.0 -9999.0 -9999.0 -9999.0 -9999.0 -9999.0 -9999.0 -9999.0 -9999.0 -9999.0 -9999.0 -9999.0 -9999.0 -9999.0 -9999.0 -9999.0 -9999.0 -9999.0 -9999.0 -9999.0 -9999.0 -9999.0
-9999.0 -9999.0 -9999.0 -9999.0 -9999.0 -9999.0 -9999.0 -9999.0 -9999.0 -9999.0 -9999.0 -9999.0 -9999.0 -584.507918 -4.146393 32.867440 -251.845178 -132.702819 -442.158196 -568.919074 -380.110407 45.093660 -338.375317 45.497982 -199.630073 -569.618318 -1036.501825 -598.637300 -626.079134 -447.046131 -335.798216 -612.894480 -556.712232 -692.768505 -952.229104 -951.558067 -9999.0 -9999.0 -9999.0 -9999.0 -9999.0 -9999.0 -9999.0 -9999.0 -9999.0 -9999.0 -9999.0 -9999.0 -9999.0 -9999.0 -9999.0 -9999.0 -9999.0 -9999.0 -9999.0 -9999.0 -9999.0 -9999.0 -9999.0 -9999.0
-9999.0 -9999.0 -9999.0 -9999.0 -9999.0 -9999.0 -9999.0 -9999.0 -9999.0 -9999.0 -9999.0 -9999.0 -9999.0 -205.579947 51.997187 50.471941 -220.402389 -100.267304 -151.629975 -896.486645 -553.229411 41.763766 45.638652 97.071261 104.848323 81.837674 -309.933829 -952.060001 -951.607666 -680.947557 -565.591057 -686.105146 -951.916582 -952.140393 -952.164196 -9999.0 -9999.0 -9999.0 -9999.0 -9999.0 -9999.0 -9999.0 -9999.0 -9999.0 -9999.0 -9999.0 -9999.0 -9999.0 -9999.0 -9999.0 -9999.0 -9999.0 -9999.0 -9999.0 -9999.0 -9999.0 -9999.0 -9999.0 -9999.0 -9999.0
-9999.0 -9999.0 -9999.0 -9999.0 -9999.0 -9999.0 -9999.0 -9999.0 -9999.0 -9999.0 -9999.0 -9999.0 -9999.0 -344.706572 581.640578 65.112754 47.853187 -361.012331 -148.194736 -624.742833 63.148648 -1580.919966 72.339637 -685.436073 -18.557868 -507.618698 -943.882242 -951.646943 -457.830529 -951.709160 -684.332154 -952.274146 -951.746492 -951.090108 -951.325219 -9999.0 -9999.0 -9999.0 -9999.0 -9999.0 -9999.0 -9999.0 -9999.0 -9999.0 -9999.0 -9999.0 -9999.0 -9999.0 -9999.0 -9999.0 -9999.0 -9999.0 -9999.0 -9999.0 -9999.0 -9999.0 -9999.0 -9999.0 -9999.0 -9999.0
-9999.0 -9999.0 -9999.0 -9999.0 -9999.0 -9999.0 -9999.0 -9999.0 -9999.0 -9999.0 -9999.0 -9999.0 -457.293379 2049.647302 89.268468 -452.268861 1029.145424 43.814119 -302.777623 -21206.402317 -408.852211 -508.330386 -1658.613979 -498.416528 1167.063282 -672.465848 -531.641932 -389.295296 118.599394 -951.767041 -680.290603 -951.694167 -261.792484 -951.197281 -9999.0 -9999.0 -9999.0 -9999.0 -9999.0 -9999.0 -9999.0 -9999.0 -9999.0 -9999.0 -9999.0 -9999.0 -9999.0 -9999.0 -9999.0 -9999.0 -9999.0 -9999.0 -9999.0 -9999.0 -9999.0 -9999.0 -9999.0 -9999.0 -9999.0 -9999.0
-9999.0 -9999.0 -9999.0 -9999.0 -9999.0 -9999.0 -9999.0 -9999.0 -9999.0 -9999.0 -9999.0 -404.397775 142.192855 544.773536 -452.643568 -490.459926 -1185.256539 62.658530 49.495413 -5271.066480 59.199845 72.375758 46.667385 -689.174680 171.613181 -545.900991 -673.351833 -322.410615 793.457302 -952.112507 -948.246208 133.271911 -950.934147 -951.810990 -962.106630 -981.284058 -1125.334476 -1189.660940 -3113.453243 -9999.0 -9999.0 -9999.0 -950.561030 -9999.0 -9999.0 -9999.0 -9999.0 -9999.0 -9999.0 -9999.0 -9999.0 -9999.0 -9999.0 -9999.0 -9999.0 -9999.0 -9999.0 -9999.0 -9999.0 -9999.0
-9999.0 -9999.0 -9999.0 -9999.0 -9999.0 -9999.0 -9999.0 -9999.0 -9999.0 -9999.0 -9999.0 -495.449031 -572.157410 188.253334 -253.396084 -746.523001 -370.313257 -149.047095 -225.836705 -342.166451 62.819045 60.598892 -116.808319 -577.461065 -616.308114 -671.859573 -261.620047 96.456405 -939.390965 -951.905353 57.087973 227.725491 24.607417 -437.301069 -555.620685 -26.387807 48.614212 -4077.693764 -3600.891523 -17919.046698 -3473.479306 -1085.888626 -19.074809 -949.692653 -9999.0 -9999.0 -9999.0 1025.132893 -360.779972 -948.745394 -376.884517 -946.934907 -944.910067 1040.773674 1020.026999 -935.933027 -9999.0 -9999.0 -9999.0 -9999.0
-9999.0 -9999.0 -9999.0 -9999.0 -9999.0 -9999.0 -9999.0 -9999.0 -9999.0 -9999.0 -9999.0 -647.767899 -565.857470 -358.165105 -501.909487 -638.336338 78.558635 72.560331 68.692103 -175.431312 60.147831 53.796377 -231.962500 -212.872596 -662.236110 -953.140053 58.428708 465.110592 -952.465609 -687.179939 -952.476690 -84.830887 74.719439 -459.715332 -960.138767 40.738602 -105.914107 -2713.106843 -6097.224203 -18898.591290 -1042.522003 40.962539 65.954942 68.770684 -388.531264 -9999.0 -950.799212 -471.575041 4.033384 99.522632 95.971355 -562.900965 82.406805 69.623131 1581.624496 1154.134487 -9999.0 -9999.0 -9999.0 -9999.0
-9999.0 -9999.0 -9999.0 -9999.0 -9999.0 -9999.0 -9999.0 -9999.0 -9999.0 -9999.0 -9999.0 -9999.0 -570.601986 -610.942133 -365.339637 -102.520144 -225.637502 52.971311 84.719583 46.035482 48.742643 59.021749 67.408623 62.531233 -39.366730 -34.666428 853.062273 -1598.581209 -669.304061 -946.886995 37.199533 291.941868 58.160348 -31.264844 -563.070679 -22.947463 -841.656036 -2280.789814 -4805.230332 -4404.600349 -1392.343584 -1070.743726 31.640378 66.886231 -2781.303420 -647.746524 -947.774480 -400.123522 -647.994693 106.443789 53.881320 -441.492335 1140.635280 -159.662448 -450.873683 -638.639605 998.557523 -9999.0 -9999.0 -9999.0
-9999.0 -9999.0 -9999.0 -9999.0 -9999.0 -9999.0 -9999.0 -9999.0 -9999.0 -9999.0 -9999.0 388.622072 -557.124406 -1642.440002 3.720537 -61.135853 -17.603735 40.732583 67.546083 -264.756450 53.520717 60.788574 -15.179227 -454.495110 -232.458487 81.538514 0.394573 -655.919430 -314.804053 -958.868173 -97.489939 206.894356 91.469413 -221.736745 -655.074106 -27.102921 -551.109962 -696.904697 -552.994835 -4219.359584 -2086.276747 -1423.199226 67.264782 -221698813.663836 73.309548 -379.297190 104.760972 -917.764288 -877.902399 41.807925 -894.788098 -629.574555 -627.250540 -900.878601 -952.021799 -950.560252 -938.065877 -9999.0 -9999.0 -9999.0
-9999.0 -9999.0 -9999.0 -9999.0 -9999.0 -9999.0 -9999.0 -9999.0 -9999.0 -9999.0 -91.380202 -52.681415 -312.535187 -570.589079 49.217019 961.746906 724.828029 -453.431395 -552.031785 -424.129519 55.449035 -204.010145 -624.503554 -348.436710 -223.004568 1076.531883 -638.477040 -2879.273046 59.919975 59.824972 196.566794 518.156530 54.245722 -706.035077 -951.735929 -947.857968 48.409570 -217.824344 857.289415 42.985611 39.748402 -1107.363848 -166.615527 65.800804 56.228703 -1059.002726 52.261466 68.650753 96.084549 38.562913 -4743.175133 -950.732250 -951.436097 -950.243508 -950.618256 420.614165 397.691090 -9999.0 -9999.0 -9999.0
-9999.0 -9999.0 -9999.0 -9999.0 -9999.0 -9999.0 -9999.0 -9999.0 -9999.0 -587.322076 -409.938586 632.376834 113.156870 -42.992516 83.706737 23.116489 -633.228870 54.209202 -443.288482 -722.180653 -341.846145 -1228.887053 -562.836656 -374.085968 -374.637256 -407.214742 -614.811161 53.443472 53.136267 55.768879 46.147138 -661.026979 -952.361780 -951.844789 -951.769270 -952.327038 -15.491207 -217.967346 -251.526125 56.088426 92.872939 71.053700 -501.393899 -33.963779 51.335166 39.012470 49.522225 -1386.876260 -741.364929 43.748902 88.729083 -937.391666 -950.397285 -950.508490 -940.814058 -651.045509 618.864087 -108.920678 -933.657881 -9999.0
-9999.0 -9999.0 -9999.0 -9999.0 -9999.0 -9999.0 -9999.0 -9999.0 -9999.0 -917.084527 -572.914592 -589.242796 1542.621852 -110.518125 -527.570147 -404.668660 55.272558 -249.371482 -395.869896 -1569.295734 -1042.725559 -862.501879 -307.128323 54.325083 -391.663046 -775.231630 -377.649473 -185.187152 43.202173 -25.910352 83.271702 695.936349 -668.160514 -444.497988 51.048455 -1200.780798 -1158.074083 -1140.294246 -675.366297 82.058246 -350.525740 -621.946858 -518.013146 61.711729 43.557584 -76.826517 -104.726475 -700.590941 -471.485468 37.972336 55.870397 -416.094272 -950.539500 -619.807562 -950.943366 912.811883 467.207609 205.624782 -132.753034 -9999.0
-9999.0 -9999.0 -9999.0 -9999.0 -9999.0 -9999.0 -9999.0 -9999.0 -9999.0 -9999.0 -498.445680 -495.687048 -61.076032 963.476510 -401.186348 -467.226571 -418.114408 -353.853877 -432.389555 -901.160564 -617.512621 -288.188547 -456.528973 -82.957597 -724.478284 -412.830609 -491.383297 42.483179 76.305215 -546.174224 -579.420667 1120.405311 -625.305316 -671.482091 91.361753 93.872187 -475.032619 50.788401 -1047.741163 -675.481714 -685.529839 -457.854961 1190.234915 -687.456305 61.402595 67.844671 68.748994 45.854829 34.608904 50.055581 69.080355 90.524136 -941.455332 -950.491921 -654.427762 -589.757589 -464.774553 4191.570006 55.266963 -757.787275
-9999.0 -9999.0 -9999.0 -9999.0 -9999.0 -9999.0 -9999.0 -9999.0 -9999.0 -9999.0 -597.801493 -575.781640 -473.755956 -33.586313 46.159167 -451.946084 -584.380638 -721.648317 -871.941852 -1548.429106 -1341.560853 -883.348001 -753.935156 -1648.439189 -650.222780 -497.735243 45.381134 72.483742 60.241226 -597.954409 -636.162089 -316.471579 -9327.237872 -655.494070 -653.533391 -646.894788 1409.751584 60.130835 -203.942313 -647.165880 -438.429828 -942.228798 -623.625765 -639.776360 -628.645257 93.448063 -101.455636 74.330808 106.501446 41.097602 78.991797 79.265981 -147.711969 -939.061172 -937.137507 -942.644206 -659.013811 58.387130 90.075435 75.818786
-9999.0 -9999.0 -9999.0 -9999.0 -9999.0 -9999.0 -9999.0 -9999.0 45.981265 52.051589 -1292.667686 -445.806270 -308.150157 -109.123191 22.987469 -83.544886 -628.345514 -898.524612 -2731.764617 -2215.074505 -2422.470354 -1077.315823 -837.515318 -831.923403 -780.140963 44.747466 72.004593 10.981782 -38.902487 -594.173781 -951.814391 -657.044113 -664.732474 -500.218677 -426.811616 -641.324787 -163.672838 71.396052 -643.662801 -942.053255 -951.936459 -636.003315 -892.708344 -951.325296 -962.386047 907.772312 -608.198454 -321.399267 78.450122 44.580427 78.304880 89.301550 -15.542533 -665.565172 -929.929525 78.962704 -106.558761 50.200916 40.850984 72.040041
-9999.0 -9999.0 -9999.0 -9999.0 -9999.0 -9999.0 -9999.0 -9999.0 -917.389495 62.108029 57.089216 -591.310333 -555.554886 467.501260 -387.878829 -78.752740 -288.305832 -564.802606 -935.298230 -2457.966558 -1109.207579 -2396.277073 -1261.792379 -1141.692592 -920.746449 46.103672 82.628726 85.536240 -889.288641 -395.684913 -483.374272 -953.288771 -333.428781 -945.062141 -238.223625 58.828475 88.558478 111.308396 53.018993 -134.888609 -625.876432 -883.831453 -951.129650 38.139398 1026.934006 -614.893113 -893.184799 -676.556450 76.872615 81.436039 37.537002 68.428567 -9.736500 71.501464 66.806416 -14197.740465 46.621036 45.670377 40.996833 49.127701
-9999.0 -9999.0 -9999.0 -9999.0 -9999.0 -9999.0 -9999.0 -9999.0 -596.523233 1249.962313 65.348001 -654.553686 243.341354 -909.838963 -195.191288 -567.189898 -666.107353 -842.875468 -1688.917561 -983.442052 -2630.049259 -2341.326130 -2018.539417 -2799.729589 -496.682480 -150.708645 45.491386 0.000000 -18694.404281 65.993859 -1154.839599 85.840456 -95.152066 62.635117 -36.511624 149.150551 81.611743 45.831509 538.623061 -161.546578 -343.294656 -940.780304 -246.536972 -490.052317 -634.465066 -633.247880 -946.046628 -189.161699 -610.165094 64.808688 40.862385 60.523389 56.454380 53.791269 61.976686 78.929512 61.937771 52.518085 50.912428 68.460809
-9999.0 -9999.0 -9999.0 -9999.0 -9999.0 -9999.0 -9999.0 -9999.0 -951.744997 63.923928 83.600548 -104158426.118867 72.393254 59.487880 -102.427006 -394.061663 -677.852864 -178.071923 -422.374732 -977.776666 -1570.557110 -1661.611116 -1251.995560 -1121.285178 -668.106224 -306.745175 -519.911969 -398.402757 -215.046699 56.736397 52.545081 73.018069 74.786781 93.482409 63.371716 -497.296174 -281.597489 41.462398 68.789060 72.350912 -596.253400 66.261912 75.212344 -764.863031 -294.275780 -948.681939 72.735898 -604.903346 -349.935596 -277.880561 -298.353256 37.778632 50.169234 45.997544 60.487714 72.173375 71.404289 220.487436 46.202972 -285.109361
-9999.0 -9999.0 -9999.0 -9999.0 -9999.0 -9999.0 -9999.0 -9999.0 -815.229729 -38.804397 1854.554574 50.313231 66.109164 54.734508 -310.141011 -446.548202 33.767694 55.799521 44.413977 44.207006 -704.544721 -1019.810817 -1269.073169 -1156.246143 -875.176927 -597.945048 -797.248976 -560.907657 -473.544280 62.943933 49.298044 67.340716 95.905802 75.866702 50.138205 42.745948 -189.924564 43.292674 77.752783 68.645532 63.163333 59.513662 70.791987 48.503261 52.186980 60.242030 58.641592 71.501191 -292.023649 -344.680777 -648.817672 -621.978069 -225.037173 -479.369026 205.790744 212.109960 50.651935 50.634179 84.087459 54.041261
-9999.0 -9999.0 48.167975 -498.652973 632.377955 -599.669073 136.246447 -82.176837 -79.728563 -239.438440 84.484926 161.577549 85.538146 74.789495 45.485254 40.711296 56.275504 7.401656 -448.704832 49.280861 -285.398366 62.725145 50.428138 -1277.259527 -974.200263 -784.994108 -599.879227 -569.921017 50.504345 55.705040 -509.885307 52.772883 228.751261 59.599416 53.765383 -190.545562 -349.929928 45.166955 66.595860 53.401497 49.820103 55.445355 79.123954 47.239821 43.710536 46.727120 53.755584 64.274060 44.499092 44.809808 -394.150071 -316.580498 50.040311 52.004873 52.121237 50.756682 137.518811 80.661488 65.878343 57.840787
