user2019/resources/simulation/Vinschgau/output-maps/psiL0005N1313.asc
ncols         63
nrows         48
xllcorner     598000.000000
yllcorner     5145000.000000
cellsize      1000.000000
NODATA_value  -9999.0
[rows 0 to 24 of 48, columns 0 to 57 of 63]
-9999.0 -9999.0 -9999.0 -9999.0 -9999.0 -9999.0 -9999.0 -9999.0 -9999.0 -9999.0 -9999.0 -9999.0 -9999.0 -9999.0 -9999.0 -9999.0 -9999.0 -9999.0 -9999.0 -9999.0 -9999.0 -9999.0 -9999.0 -9999.0 -9999.0 -9999.0 -9999.0 -9999.0 -9999.0 -9999.0 -9999.0 -9999.0 -9999.0 -9999.0 -9999.0 -9999.0 -9999.0 -9999.0 -9999.0 -9999.0 -9999.0 -9999.0 -9999.0 -9999.0 -9999.0 -9999.0 -9999.0 -9999.0 -9999.0 -9999.0 -9999.0 -9999.0 -9999.0 -9999.0 -9999.0 -9999.0 -9999.0 -9999.0
-9999.0 -9999.0 -9999.0 -9999.0 -9999.0 -9999.0 -9999.0 -9999.0 -9999.0 -9999.0 -9999.0 -9999.0 -9999.0 -9999.0 -9999.0 -9999.0 -9999.0 -9999.0 -9999.0 -9999.0 -9999.0 -9999.0 -9999.0 -9999.0 -9999.0 -9999.0 -9999.0 -247.523474 -618.422744 -169.074854 -438.478991 -98.700775 13161.866591 -9999.0 -9999.0 -9999.0 -9999.0 -9999.0 -9999.0 -9999.0 -9999.0 -9999.0 -9999.0 -9999.0 -9999.0 -9999.0 -9999.0 -9999.0 -9999.0 -9999.0 -9999.0 -9999.0 -9999.0 -9999.0 -9999.0 -9999.0 -9999.0 -9999.0
-9999.0 -9999.0 -9999.0 -9999.0 -9999.0 -9999.0 -9999.0 -9999.0 -9999.0 -9999.0 -9999.0 -9999.0 -9999.0 -9999.0 -9999.0 -9999.0 -9999.0 -9999.0 -9999.0 -9999.0 -9999.0 -9999.0 -9999.0 -9999.0 -537.504403 -561.111494 -576.355087 -547.478939 -521.501241 -609.528506 -450.089621 -9999.0 -9999.0 -9999.0 -9999.0 -9999.0 -9999.0 -9999.0 -9999.0 -9999.0 -9999.0 -9999.0 -9999.0 -9999.0 -9999.0 -9999.0 -9999.0 -9999.0 -9999.0 -9999.0 -9999.0 -9999.0 -9999.0 -9999.0 -9999.0 -9999.0 -9999.0 -9999.0
-9999.0 -9999.0 -9999.0 -9999.0 -9999.0 -9999.0 -9999.0 -9999.0 -9999.0 -9999.0 -9999.0 -9999.0 -9999.0 -9999.0 -9999.0 -9999.0 -9999.0 -9999.0 -9999.0 -9999.0 -9999.0 -9999.0 -9999.0 -587.012441 -649.889173 -2099.313085 -2318.705857 -3818.896488 -3686.423466 -795.926193 -458.778111 -358.171316 -9999.0 -9999.0 -9999.0 -9999.0 -9999.0 -9999.0 -9999.0 -9999.0 -9999.0 -9999.0 -9999.0 -9999.0 -9999.0 -9999.0 -9999.0 -9999.0 -9999.0 -9999.0 -9999.0 -9999.0 -9999.0 -9999.0 -9999.0 -9999.0 -9999.0 -9999.0
-9999.0 -9999.0 -9999.0 -9999.0 -9999.0 -9999.0 -9999.0 -9999.0 -9999.0 -9999.0 -9999.0 -9999.0 -9999.0 -9999.0 -9999.0 -9999.0 -9999.0 -9999.0 -869.626457 -715.728431 -9999.0 -634.793952 -679.259835 -3694.526592 -2195.614701 -3715.073568 -953.680024 -1126.535472 -977.307652 -1372.389820 -684.709551 -469.034200 -282.273153 -330.269334 -9999.0 -9999.0 -9999.0 -9999.0 -9999.0 -9999.0 -9999.0 -9999.0 -9999.0 -9999.0 -9999.0 -9999.0 -9999.0 -9999.0 -9999.0 -9999.0 -9999.0 -9999.0 -9999.0 -9999.0 -9999.0 -9999.0 -9999.0 -9999.0
-9999.0 -9999.0 -9999.0 -9999.0 -9999.0 -9999.0 -9999.0 -9999.0 -9999.0 -9999.0 -9999.0 -9999.0 -9999.0 -9999.0 -9999.0 -9999.0 -9999.0 -2116.453259 -2420.644281 -54543.797429 -287.451072 -821.035997 -1503.525845 -3296.811509 -1182.675564 -768.865403 73519.872632 -962.810189 33973.126656 -870.877148 -650.981692 -711.223078 -205.679853 -426.078824 -459.301337 -404.511474 -9999.0 -9999.0 -9999.0 -9999.0 -9999.0 -9999.0 -9999.0 -9999.0 -9999.0 -9999.0 -9999.0 -9999.0 -9999.0 -9999.0 -9999.0 -9999.0 -9999.0 -9999.0 -9999.0 -9999.0 -9999.0 -9999.0
-9999.0 -9999.0 -9999.0 -9999.0 -9999.0 -9999.0 -9999.0 -9999.0 -9999.0 -9999.0 -9999.0 -9999.0 -9999.0 -1309.384677 -2049.165286 -1897.394147 -2224.997991 -7971.675286 -2082.899682 -3660.782513 -2214.816148 -2124.838253 -3578.277921 -1868.188779 -440.414253 -676.697930 -20511.051898 11919.286222 7309.959524 -605.113811 24112.385395 -534.316917 -564.214945 -430.592442 -125.313262 -341.092396 -9999.0 -9999.0 -9999.0 -9999.0 -9999.0 -9999.0 -9999.0 -9999.0 -9999.0 -9999.0 -9999.0 -9999.0 -9999.0 -9999.0 -9999.0 -9999.0 -9999.0 -9999.0 -9999.0 -9999.0 -9999.0 -9999.0
-9999.0 -9999.0 -9999.0 -9999.0 -9999.0 -9999.0 -9999.0 -9999.0 -9999.0 -9999.0 -9999.0 -9999.0 -9999.0 -976.478580 -2278.800124 -2099.307197 -2177.450243 -1122.718928 -7993.471445 -2417.064041 -3232.918595 -3534.061754 -1933.539341 -1189.106795 -1692.776474 -2050.887511 -659.365115 -171.864677 -188.147499 54989.641630 59379.869635 -478.576165 -198.929728 -368.225357 -226.554608 -9999.0 -9999.0 -9999.0 -9999.0 -9999.0 -9999.0 -9999.0 -9999.0 -9999.0 -9999.0 -9999.0 -9999.0 -9999.0 -9999.0 -9999.0 -9999.0 -9999.0 -9999.0 -9999.0 -9999.0 -9999.0 -9999.0 -9999.0
-9999.0 -9999.0 -9999.0 -9999.0 -9999.0 -9999.0 -9999.0 -9999.0 -9999.0 -9999.0 -9999.0 -9999.0 -9999.0 -2402.943015 441.715352 -2192.446962 -2112.018464 -2141.408580 -8068.798054 -2145.717586 -1359.897535 -44724.030353 -832.881216 -127.365128 -2042.735486 -1773.545965 -281.250857 -254.876222 -391.342621 -364.684844 -382.139435 -222.783677 -432.831143 -294.190147 -286.866505 -9999.0 -9999.0 -9999.0 -9999.0 -9999.0 -9999.0 -9999.0 -9999.0 -9999.0 -9999.0 -9999.0 -9999.0 -9999.0 -9999.0 -9999.0 -9999.0 -9999.0 -9999.0 -9999.0 -9999.0 -9999.0 -9999.0 -9999.0
-9999.0 -9999.0 -9999.0 -9999.0 -9999.0 -9999.0 -9999.0 -9999.0 -9999.0 -9999.0 -9999.0 -9999.0 -3626.513262 6331.858551 -2329.252484 -2185.820575 -1540.378518 -1986.133573 -1518.385022 -58872.158032 -2203.852702 -911.785577 -13307.110369 -458.503322 34228.049494 -646.517570 31478.093816 -455.437989 -457.442661 -165.841739 -391.532549 -254.473031 -293.473617 -346.387621 -9999.0 -9999.0 -9999.0 -9999.0 -9999.0 -9999.0 -9999.0 -9999.0 -9999.0 -9999.0 -9999.0 -9999.0 -9999.0 -9999.0 -9999.0 -9999.0 -9999.0 -9999.0 -9999.0 -9999.0 -9999.0 -9999.0 -9999.0 -9999.0
-9999.0 -9999.0 -9999.0 -9999.0 -9999.0 -9999.0 -9999.0 -9999.0 -9999.0 -9999.0 -9999.0 -886.854692 -2228.345494 122.529757 -2293.280641 -1111.955120 -62372.812696 -2068.489249 -1001.824951 -66249.092688 -3035.986098 -1552.543644 -974.955014 -734.027169 -1093.110697 -620.017848 -424.884328 -526.499253 3204.569666 -223.862190 -269.173119 -551.176210 -162.159662 -311.293732 -272.210447 -207.445583 -515.689389 -933.889758 -157.471121 -9999.0 -9999.0 -9999.0 -462.560013 -9999.0 -9999.0 -9999.0 -9999.0 -9999.0 -9999.0 -9999.0 -9999.0 -9999.0 -9999.0 -9999.0 -9999.0 -9999.0 -9999.0 -9999.0
-9999.0 -9999.0 -9999.0 -9999.0 -9999.0 -9999.0 -9999.0 -9999.0 -9999.0 -9999.0 -9999.0 -858.179213 -2239.517357 -3918.887894 -2521.848090 -1560.315019 -2771.825136 -2545.701213 -1063.843772 -1714.138773 -1236.972385 -1243.008343 -544.879317 44564.706316 47856.416639 -582.852231 -532.901392 -598.344026 -122.285260 -268.057254 -509.166850 -557.430318 -374.312476 -325.149582 -449.299933 -526.313925 -733.814561 -1360.512351 -1272.752563 -411.713260 -336.912391 -310.799520 -454.016003 -262.023902 -9999.0 -9999.0 -9999.0 -724.428064 -419.846065 -184.384574 -292.012331 -226.233546 -210.752228 21200.236563 30163.043550 -151.155615 -9999.0 -9999.0
-9999.0 -9999.0 -9999.0 -9999.0 -9999.0 -9999.0 -9999.0 -9999.0 -9999.0 -9999.0 -9999.0 -813.237959 -912.790555 -1302.762032 -876.809974 -1636.450807 -2025.416567 -2298.295819 -2229.090048 -1747.764778 -1100.532860 -691.046747 50614.164703 -484.001443 -599.869971 -224.879557 52135.533831 52270.873561 -198.098988 -425.776813 -215.281643 44470.794588 -563.509616 -338.140896 -204.736705 -642.980243 51289.564026 -1079.730737 -1554.041278 -433.746896 -799.223839 -124.919802 -567.595435 -498.452998 -326.781164 -9999.0 -328.364331 -310.885985 -408.255885 -532.878910 -118.547715 -159.272313 -116.936960 -431.161652 -88.927563 -329.261545 -9999.0 -9999.0
-9999.0 -9999.0 -9999.0 -9999.0 -9999.0 -9999.0 -9999.0 -9999.0 -9999.0 -9999.0 -9999.0 -9999.0 -818.969040 -510.092351 -1004.510135 -1018.241456 -1269.426098 -2206.285707 -1080.633606 -1671.262595 -1678.447689 -1234.638997 5742.130164 37926.393119 49655.771792 51919.520390 2338.851440 -132.431225 -448.117609 -241.061760 -514.242180 50702.642076 -129.199444 -378.117137 -347.880016 -546.135757 -387.882302 -1373.903144 -832.722517 -347.296250 -1185.156748 -309.390986 36861.326968 -542.590887 -235.257143 -347.690208 -299.642393 -323.220848 38864.085904 49688.311705 50331.975676 44625.123701 45394.578932 44644.703619 44442.238644 -319.741668 -351.443511 -9999.0
-9999.0 -9999.0 -9999.0 -9999.0 -9999.0 -9999.0 -9999.0 -9999.0 -9999.0 -9999.0 -9999.0 58079.012726 -701.856870 -205.073402 -428.465195 -888.517135 -1626.494201 -1678.467090 -1440.980267 -1452.056503 -1903.167014 -973.179400 93.875311 27605.231873 52685.742100 52200.183049 53645.197122 -458.210278 -445.157976 -205.738176 53489.065114 52891.798226 -701.976352 -403.674017 -417.095185 -469.060692 -694.522914 -1443.435374 -930.721893 -1645.635227 -1328.117272 -1172.855329 1047.484637 -5107.960524 -844.076408 -451.203619 -490.872882 -248.656054 -236.176516 -157.215785 -754.743607 -471.888916 11703.316281 -815.974279 -1077.326655 -426.352410 -184.166034 -9999.0
-9999.0 -9999.0 -9999.0 -9999.0 -9999.0 -9999.0 -9999.0 -9999.0 -9999.0 -9999.0 2196.531415 49909.032046 -682.862132 -731.030639 -864.831814 2062.477334 2063.373845 -873.201693 -1805.889136 -1394.354402 -1286.643326 -810.668684 41109.808769 -673.576312 43.219704 33467.996482 44948.252609 -811.818392 -141.417382 -833.434049 26486.014941 26644.091167 -709.561632 -401.628361 -292.213604 -240.581955 -758.063583 45250.781038 -670.994489 -318.862118 -621.466528 -4835.707105 -70.635846 -688.686688 304.370971 -208.714722 -626.762358 36137.050121 49230.193836 187.148307 -2358.422301 -228.853156 -946.151960 -172.430992 -162.751574 -391.238348 -395.997873 -9999.0
-9999.0 -9999.0 -9999.0 -9999.0 -9999.0 -9999.0 -9999.0 -9999.0 -9999.0 -611.398170 -530.961623 18737.294980 104.952229 55139.498915 56594.217391 34967.245692 8894.420279 -931.846555 -2254.678930 -1514.099971 -1388.092074 -1490.828374 -1363.646593 -1229.649803 -421.745529 61008.990438 50198.005352 -691.103295 36018.006543 664.797659 -289.520097 -14.915052 -181.267252 -312.221514 -303.419682 -239.213911 -687.018095 46538.651106 51963.491205 62165.891564 62585.968322 61840.606886 44916.698725 -1197.201154 -1172.782009 2957.060870 -960.716058 21631.521104 24633.188859 -317.798120 -103.734467 -200.870633 -193.061098 -120.773244 -168.607508 922.346053 7719.411942 -154.055156
-9999.0 -9999.0 -9999.0 -9999.0 -9999.0 -9999.0 -9999.0 -9999.0 -9999.0 -123.871545 -608.733290 -892.725610 4795.623427 -480.755011 27735.864396 55458.488232 -706.933752 -1027.481169 -2350.030353 -1730.619909 -1576.520913 -2247.814681 -973.923416 -594.642048 57483.797864 53295.663399 55437.618753 134.346974 -444.188714 -602.039015 -826.893586 61542.637465 -501.421941 -365.705091 -410.279444 -261.434951 -237.997203 -199.132344 -615.239730 -754.347724 57512.079860 40415.036583 67136.414747 -616.960802 -1033.148266 -983.152402 -1219.629452 -1100.608050 -458.997843 -626.397472 -25.153669 36916.797111 -118.524008 39531.058962 -68.316239 11507.528366 5238.185913 15352.638064
-9999.0 -9999.0 -9999.0 -9999.0 -9999.0 -9999.0 -9999.0 -9999.0 -9999.0 -9999.0 -507.408199 -746.392415 2351.526371 42581.217753 -663.828159 6713.389485 -469.650506 -1541.192696 -2448.013893 -1770.619734 -1504.693273 -2497.537905 114.579366 32918.463534 52794.988520 158.010470 -312.349627 -633.179876 -762.697960 70302.911349 65321.814493 73448.722700 43812.637508 -392.016756 -499.207065 -689.016565 -633.018237 -601.470542 -203.243524 -506.478825 -495.694418 -544.244597 4860.036955 930.711533 -366.842245 -314.252163 -1871.050698 -976.816367 -3128.349205 -956.640591 -36.908761 -117.402690 -167.621600 -116.905842 39617.658121 -247.360140 -261.694585 21077.094759
-9999.0 -9999.0 -9999.0 -9999.0 -9999.0 -9999.0 -9999.0 -9999.0 -9999.0 -9999.0 -412.121227 -599.277427 -593.207365 462.217471 -568.077913 -941.627232 -464.255772 -1493.094531 -2010.774788 -2114.028789 -1996.798377 -1899.495093 392.002754 33588.746070 -95.907367 -423.927092 -665.198962 753.599193 70528.934734 44037.049680 -512.762800 -418.573678 -1597.809823 -398.969285 -538.682731 -554.122505 14038.342997 40628.220767 39322.894069 -446.759247 -516.759159 -86.356839 51818.767974 -821.412875 -583.852548 686.367542 355.062996 -347.647471 -2119.021610 -2221.509250 -162.629219 36320.061057 44798.708558 -160.107437 -149.868035 -116.555272 -294.669314 41959.958455
-9999.0 -9999.0 -9999.0 -9999.0 -9999.0 -9999.0 -9999.0 -9999.0 -461.473785 -485.669966 -103.419741 -445.204829 21533.115014 54887.798648 100241.216485 -820.501778 -2975.248584 -2253.530551 -2207.637865 -2179.931188 -2213.945285 -2492.387162 -2393.667130 -2095.193990 -935.488775 -655.133590 -595.837310 74228.144454 57408.285326 43847.049821 -256.949984 -503.835337 -512.889330 -415.288175 -489.897196 -622.685980 -1085.631910 57336.478852 64580.985338 -260.946075 -229.233567 -542.341098 -710.096888 -217.708614 -271.180590 2144.579455 63592.585766 63085.763408 -181.884890 -722.626931 -436.555663 -46.793516 20278.188415 35669.463263 -140.311312 -85.139283 -146.887885 -584.205600
-9999.0 -9999.0 -9999.0 -9999.0 -9999.0 -9999.0 -9999.0 -9999.0 -38.799746 21735.815191 41357.710014 -429.882770 -591.095255 49085.759851 65387.100690 -343.614135 -1678.930831 -2014.390484 -3322.804254 -2191.435440 -1094.815319 -1945.503326 -2131.593376 -2321.090836 -2343.793910 -1281.156471 -538.474139 55289.953290 -2106.363896 -430.460246 -347.956674 -305.742057 -558.772635 -290.258885 -473.310765 -559.977994 -1088.198557 -234.952957 47779.211519 -707.234307 -521.850622 -63.566185 -263.287055 -766.433307 2630.612939 48373.202547 -765.576093 -653.368688 37679.439918 -590.712642 -497.086582 34928.099993 18273.068754 -291.962434 -110.527430 -7127.861279 26003.372213 608.373081
-9999.0 -9999.0 -9999.0 -9999.0 -9999.0 -9999.0 -9999.0 -9999.0 -535.715452 3375.935713 -249.598480 39893.232824 -368.773443 -732.183249 52801.144487 47353.472200 -1012.239259 -2159.628457 -2555.063804 -1102.075756 -2199.801197 -1967.510975 -2141.935051 -2196.621829 -1943.800668 -2000.969269 -592.386718 70201.233756 -1348.630311 -511.104478 -309.653744 -485.844584 50098.447821 -113.051578 -529.467852 -989.814780 -576.623018 -593.495713 53350.199928 45653.731548 -664.644775 -320.143587 -525.181278 2610.009659 54248.509680 -508.005304 -319.450980 -432.983744 51533.781434 -278.055706 -781.092180 -361.360270 4003.734625 12183.432449 11873.686735 916.458366 -286.247438 -794.221512
-9999.0 -9999.0 -9999.0 -9999.0 -9999.0 -9999.0 -9999.0 -9999.0 -276.602276 -644.514659 21908.314468 -1923.303361 -449.160007 50532.656720 -49.899858 -495.492824 -2918.369565 -2491.302408 -1477.672804 -2132.608510 -2160.755172 -2138.855819 -1917.902355 -1941.689066 -1759.454508 -1059.280621 73616.329914 58408.627114 -599.254565 47352.977170 37282.043291 52865.302862 -188.874537 381.162689 -140.092808 -1157.580465 -1431.749812 -2139.471022 -785.346927 -91.448974 -869.658019 -887.871446 -844.246358 -279.919627 -484.634041 -260.121902 -148.935695 -220.719311 -585.700208 28169.721272 74.503335 -976.115883 -447.172918 21072.486343 -244.234758 -389.639848 -1075.716075 -1153.176441
-9999.0 -9999.0 -9999.0 -9999.0 -9999.0 -9999.0 -9999.0 -9999.0 4138.910047 -397.243540 -105.016054 64257.823390 63745.562440 72069.953240 -400.235979 -920.191426 -862.129626 -1708.319632 -1228.355868 -2059.715135 -2037.720463 -2029.154758 -2116.136521 -2123.444398 -2217.423852 -1010.162196 66323.378788 -83.314458 -580.537074 99.976154 37253.243395 -374.470254 -978.868392 -559.948050 -918.263587 -2494.873292 -3248.765424 -2399.105728 -2855.036401 -909.955941 -1141.195224 -3020.919237 -818.879084 -471.534319 27146.106189 -889.083481 33870.132749 34857.090303 42396.071006 -398.356510 -1338.928295 -1305.648820 -1024.079675 -818.937593 -538.135640 -594.287412 -875.283819 -1157.352963
