user2019/resources/simulation/Vinschgau/output-maps/psiL0007N0116.asc
ncols         63
nrows         48
xllcorner     598000.000000
yllcorner     5145000.000000
cellsize      1000.000000
NODATA_value  -9999.0
[rows 0 to 25 of 48, columns 0 to 58 of 63]
-9999.0 -9999.0 -9999.0 -9999.0 -9999.0 -9999.0 -9999.0 -9999.0 -9999.0 -9999.0 -9999.0 -9999.0 -9999.0 -9999.0 -9999.0 -9999.0 -9999.0 -9999.0 -9999.0 -9999.0 -9999.0 -9999.0 -9999.0 -9999.0 -9999.0 -9999.0 -9999.0 -9999.0 -9999.0 -9999.0 -9999.0 -9999.0 -9999.0 -9999.0 -9999.0 -9999.0 -9999.0 -9999.0 -9999.0 -9999.0 -9999.0 -9999.0 -9999.0 -9999.0 -9999.0 -9999.0 -9999.0 -9999.0 -9999.0 -9999.0 -9999.0 -9999.0 -9999.0 -9999.0 -9999.0 -9999.0 -9999.0 -9999.0 -9999.0
-9999.0 -9999.0 -9999.0 -9999.0 -9999.0 -9999.0 -9999.0 -9999.0 -9999.0 -9999.0 -9999.0 -9999.0 -9999.0 -9999.0 -9999.0 -9999.0 -9999.0 -9999.0 -9999.0 -9999.0 -9999.0 -9999.0 -9999.0 -9999.0 -9999.0 -9999.0 -9999.0 -594.126567 -593.669874 -593.382415 -584.122554 -582.659214 -582.676303 -9999.0 -9999.0 -9999.0 -9999.0 -9999.0 -9999.0 -9999.0 -9999.0 -9999.0 -9999.0 -9999.0 -9999.0 -9999.0 -9999.0 -9999.0 -9999.0 -9999.0 -9999.0 -9999.0 -9999.0 -9999.0 -9999.0 -9999.0 -9999.0 -9999.0 -9999.0
-9999.0 -9999.0 -9999.0 -9999.0 -9999.0 -9999.0 -9999.0 -9999.0 -9999.0 -9999.0 -9999.0 -9999.0 -9999.0 -9999.0 -9999.0 -9999.0 -9999.0 -9999.0 -9999.0 -9999.0 -9999.0 -9999.0 -9999.0 -9999.0 -620.064203 -595.967906 -593.652429 -593.610202 -593.931884 -593.512961 -587.297950 -9999.0 -9999.0 -9999.0 -9999.0 -9999.0 -9999.0 -9999.0 -9999.0 -9999.0 -9999.0 -9999.0 -9999.0 -9999.0 -9999.0 -9999.0 -9999.0 -9999.0 -9999.0 -9999.0 -9999.0 -9999.0 -9999.0 -9999.0 -9999.0 -9999.0 -9999.0 -9999.0 -9999.0
-9999.0 -9999.0 -9999.0 -9999.0 -9999.0 -9999.0 -9999.0 -9999.0 -9999.0 -9999.0 -9999.0 -9999.0 -9999.0 -9999.0 -9999.0 -9999.0 -9999.0 -9999.0 -9999.0 -9999.0 -9999.0 -9999.0 -9999.0 -599.225263 -614.779433 -453.169325 -419.727105 -820.367467 -798.253302 -593.569636 -593.532861 -594.441444 -9999.0 -9999.0 -9999.0 -9999.0 -9999.0 -9999.0 -9999.0 -9999.0 -9999.0 -9999.0 -9999.0 -9999.0 -9999.0 -9999.0 -9999.0 -9999.0 -9999.0 -9999.0 -9999.0 -9999.0 -9999.0 -9999.0 -9999.0 -9999.0 -9999.0 -9999.0 -9999.0
-9999.0 -9999.0 -9999.0 -9999.0 -9999.0 -9999.0 -9999.0 -9999.0 -9999.0 -9999.0 -9999.0 -9999.0 -9999.0 -9999.0 -9999.0 -9999.0 -9999.0 -9999.0 -232.501424 -513.609503 -9999.0 -608.203872 -616.471422 -800.225226 -336.894670 -867.920607 -1177.468527 -1131.147589 -127.694838 -710.867763 -593.377815 -593.603157 -593.130940 -593.216982 -9999.0 -9999.0 -9999.0 -9999.0 -9999.0 -9999.0 -9999.0 -9999.0 -9999.0 -9999.0 -9999.0 -9999.0 -9999.0 -9999.0 -9999.0 -9999.0 -9999.0 -9999.0 -9999.0 -9999.0 -9999.0 -9999.0 -9999.0 -9999.0 -9999.0
-9999.0 -9999.0 -9999.0 -9999.0 -9999.0 -9999.0 -9999.0 -9999.0 -9999.0 -9999.0 -9999.0 -9999.0 -9999.0 -9999.0 -9999.0 -9999.0 -9999.0 -626.299228 -549.053084 -755.258662 -591.683888 -1087.713761 -620.861462 -676.854685 -279.241365 -685.861485 -641.122699 -641.941086 -619.085401 -1280.960397 -619.908076 -593.447263 -590.990400 -592.585022 -583.401006 -582.291747 -9999.0 -9999.0 -9999.0 -9999.0 -9999.0 -9999.0 -9999.0 -9999.0 -9999.0 -9999.0 -9999.0 -9999.0 -9999.0 -9999.0 -9999.0 -9999.0 -9999.0 -9999.0 -9999.0 -9999.0 -9999.0 -9999.0 -9999.0
-9999.0 -9999.0 -9999.0 -9999.0 -9999.0 -9999.0 -9999.0 -9999.0 -9999.0 -9999.0 -9999.0 -9999.0 -9999.0 -595.935894 -578.176973 -636.467513 -707.336014 -597.201549 -605.193880 -801.801807 -407.622044 -390.457764 -868.111432 -320.012576 -673.762470 -593.841339 -609.770567 -614.053964 -611.371300 -630.836496 -634.542181 -594.154411 -589.525218 -581.700269 -582.060264 -582.136751 -9999.0 -9999.0 -9999.0 -9999.0 -9999.0 -9999.0 -9999.0 -9999.0 -9999.0 -9999.0 -9999.0 -9999.0 -9999.0 -9999.0 -9999.0 -9999.0 -9999.0 -9999.0 -9999.0 -9999.0 -9999.0 -9999.0 -9999.0
-9999.0 -9999.0 -9999.0 -9999.0 -9999.0 -9999.0 -9999.0 -9999.0 -9999.0 -9999.0 -9999.0 -9999.0 -9999.0 -620.018880 -348.136559 -648.292641 -659.527464 -270.904802 -593.821165 -514.787578 -3021.837909 -603.005073 -449.253304 -695.512530 -670.877749 -612.410722 -593.584072 -582.708283 -582.257832 -597.260555 -620.563601 -581.849369 -582.056513 -582.012046 -582.048172 -9999.0 -9999.0 -9999.0 -9999.0 -9999.0 -9999.0 -9999.0 -9999.0 -9999.0 -9999.0 -9999.0 -9999.0 -9999.0 -9999.0 -9999.0 -9999.0 -9999.0 -9999.0 -9999.0 -9999.0 -9999.0 -9999.0 -9999.0 -9999.0
-9999.0 -9999.0 -9999.0 -9999.0 -9999.0 -9999.0 -9999.0 -9999.0 -9999.0 -9999.0 -9999.0 -9999.0 -9999.0 -586.900180 -337.959800 -374.319229 -684.608017 -704.298959 -592.809745 -635.766435 -502.813104 -612.646313 -720.703995 -650.411771 -655.634485 -654.122189 -593.316388 -582.633208 -593.588809 -582.074017 -582.139954 -582.124451 -582.187809 -582.087831 -581.954368 -9999.0 -9999.0 -9999.0 -9999.0 -9999.0 -9999.0 -9999.0 -9999.0 -9999.0 -9999.0 -9999.0 -9999.0 -9999.0 -9999.0 -9999.0 -9999.0 -9999.0 -9999.0 -9999.0 -9999.0 -9999.0 -9999.0 -9999.0 -9999.0
-9999.0 -9999.0 -9999.0 -9999.0 -9999.0 -9999.0 -9999.0 -9999.0 -9999.0 -9999.0 -9999.0 -9999.0 -714.017217 -337.988138 -354.420644 -624.071281 -692.984642 -677.927713 -166.132873 -802.238052 -675.829079 -613.578055 -609.167414 -621.117403 -1071.608048 -583.021078 -627.132092 -594.280353 -593.427765 -582.429134 -582.145348 -593.536174 -593.007976 -584.247454 -9999.0 -9999.0 -9999.0 -9999.0 -9999.0 -9999.0 -9999.0 -9999.0 -9999.0 -9999.0 -9999.0 -9999.0 -9999.0 -9999.0 -9999.0 -9999.0 -9999.0 -9999.0 -9999.0 -9999.0 -9999.0 -9999.0 -9999.0 -9999.0 -9999.0
-9999.0 -9999.0 -9999.0 -9999.0 -9999.0 -9999.0 -9999.0 -9999.0 -9999.0 -9999.0 -9999.0 -619.886641 -650.909666 -451.132674 -620.405786 -595.721962 -607.141912 -695.689557 -369.707756 -790.035294 -1243.119076 -641.354030 -594.178218 -584.506561 -613.397271 -593.665183 -582.726249 -594.072433 -594.274211 -582.290454 -593.182346 -593.253416 -590.053533 -584.469246 -591.870484 -593.355483 -591.680407 -592.243006 -593.184553 -9999.0 -9999.0 -9999.0 -584.555495 -9999.0 -9999.0 -9999.0 -9999.0 -9999.0 -9999.0 -9999.0 -9999.0 -9999.0 -9999.0 -9999.0 -9999.0 -9999.0 -9999.0 -9999.0 -9999.0
-9999.0 -9999.0 -9999.0 -9999.0 -9999.0 -9999.0 -9999.0 -9999.0 -9999.0 -9999.0 -9999.0 -599.160090 -632.209200 -690.161563 -670.573326 -587.912393 -683.415428 -685.437190 -400.317898 -433.751149 -340.586075 -618.697391 -600.026556 -604.481325 -601.629700 -584.704169 -593.520132 -593.344939 -593.030637 -584.173289 -593.330936 -593.250243 -592.479243 -593.078111 -593.389926 -592.168696 -593.282786 -593.093564 -593.948952 -592.828597 -591.922254 -590.211833 -592.253609 -584.265707 -9999.0 -9999.0 -9999.0 -660.023289 -619.914229 -605.685011 -619.935983 -618.277647 -613.933579 -534.319366 -522.361258 -593.738303 -9999.0 -9999.0 -9999.0
-9999.0 -9999.0 -9999.0 -9999.0 -9999.0 -9999.0 -9999.0 -9999.0 -9999.0 -9999.0 -9999.0 -601.342804 -598.620764 -603.638540 -1184.571785 -592.412975 -683.862687 -572.317748 -381.207031 -434.721662 -589.751888 -697.279491 -712.627900 -601.426685 -584.298778 -592.447316 -665.712747 -599.760170 -584.101887 -585.564540 -583.251916 -610.773852 -593.092761 -593.285926 -588.889326 -592.810518 -835.450341 -798.617859 -592.994527 -592.072488 -593.957974 -591.926580 -592.233475 -593.139342 -593.886284 -9999.0 -586.054495 -619.249913 -619.933053 -619.859496 -619.901724 -603.831963 -619.892502 -609.970273 -619.731746 -619.463779 -9999.0 -9999.0 -9999.0
-9999.0 -9999.0 -9999.0 -9999.0 -9999.0 -9999.0 -9999.0 -9999.0 -9999.0 -9999.0 -9999.0 -9999.0 -605.580537 -1208.657333 -610.541243 -619.959305 -672.615497 -619.571808 -309.977663 -394.702203 -553.164035 -712.160340 -724.077541 -703.156850 -608.138976 -665.014319 -367.359246 -583.715434 -585.614616 -593.624944 -593.381746 -635.986894 -593.157261 -593.285090 -587.044576 -592.360668 -607.396138 -701.425676 -591.987616 -592.767833 -592.080432 -592.361137 -674.329573 -591.807446 -593.007312 -596.111181 -595.105849 -615.526487 -615.681280 -647.267991 -969.686777 -622.506458 -654.370271 -795.872976 -619.263080 -615.221092 -619.999235 -9999.0 -9999.0
-9999.0 -9999.0 -9999.0 -9999.0 -9999.0 -9999.0 -9999.0 -9999.0 -9999.0 -9999.0 -9999.0 -1207.092832 -594.612541 -593.279716 -693.360403 -691.094445 -665.326131 -637.069784 -327.145111 -587.533482 -629.527362 -449.339402 -647.605512 -626.405685 -670.443526 -540.627156 -1180.490909 -583.992098 -593.320105 -592.843003 -676.132760 -665.562922 -597.700127 -593.599661 -583.032559 -592.950681 -590.048033 -613.376499 -332.678818 -592.756396 -678.772038 -656.634774 -617.374666 -691.275476 -619.160157 -596.246927 -613.364255 -594.347400 -604.154303 -644.998159 -588.370736 -591.797656 -598.769930 -584.262034 -587.095633 -584.226045 -617.173638 -9999.0 -9999.0
-9999.0 -9999.0 -9999.0 -9999.0 -9999.0 -9999.0 -9999.0 -9999.0 -9999.0 -9999.0 -889.324607 -665.469959 -620.036006 -596.257989 -558.772195 -577.163697 -611.055242 -714.696989 -614.532473 -708.758394 -293.845389 -579.554621 -753.533921 -415.851181 -547.271900 -935.670741 -597.325740 -595.693069 -605.751669 -619.691901 -687.234153 -606.924427 -593.452117 -585.894732 -582.164164 -591.841486 -591.322729 -618.257859 -820.236710 -744.846899 -779.619143 -604.809691 -584.298983 -297.275694 -671.753279 -592.839989 -617.603102 -666.803115 -632.107123 -691.734108 -600.533510 -584.565684 -586.500692 -584.292996 -584.964817 -619.737112 -619.726545 -9999.0 -9999.0
-9999.0 -9999.0 -9999.0 -9999.0 -9999.0 -9999.0 -9999.0 -9999.0 -9999.0 -592.946472 -963.525622 -971.539183 -617.874392 -666.483280 -760.418976 -611.839341 -602.875868 -456.824990 -563.418482 -611.170673 -411.123613 -708.380286 -1032.116668 -467.008801 -827.496589 -605.234483 -629.119548 -619.405429 -733.700270 -534.637230 -618.049839 -609.813840 -582.541819 -582.443399 -585.858682 -583.868316 -593.357630 -608.084157 -599.236930 -611.778315 -776.512657 -603.072844 -604.753037 -608.402760 -1576.038938 -783.938586 -612.233152 -666.451748 -630.003081 -516.522644 -618.908607 -606.765611 -584.276398 -586.836365 -599.162440 -626.571490 -619.217090 -619.903111 -620.039338
-9999.0 -9999.0 -9999.0 -9999.0 -9999.0 -9999.0 -9999.0 -9999.0 -9999.0 -593.074784 -594.398683 -594.075332 -324.148011 -617.904183 -705.494101 -668.050194 -393.981791 -674.564782 -574.017419 -421.687826 -416.540287 -352.324395 -649.395852 -493.025772 -605.145229 -671.055431 -641.792905 -544.372999 -382.258772 -1184.503338 -593.887522 -620.825098 -584.425292 -593.988532 -593.346436 -591.657267 -592.641808 -592.432698 -583.726474 -593.502631 -1450.660330 -593.038141 -675.475047 -590.238048 -460.318463 -334.821560 -439.486824 -802.895573 -762.097420 -612.413148 -617.994683 -614.506127 -585.889363 -586.740816 -585.132594 -829.806838 -627.331515 -644.767548 -619.843750
-9999.0 -9999.0 -9999.0 -9999.0 -9999.0 -9999.0 -9999.0 -9999.0 -9999.0 -9999.0 -594.451709 -594.356265 -623.464900 -590.863300 -734.567025 -700.364756 -613.920878 -382.794498 -687.222016 -582.660938 -423.678251 -989.892252 -553.604087 -686.160852 -667.720054 -584.799192 -373.376879 -420.637936 -595.851259 -600.341351 -597.491700 -1250.973468 -589.835860 -583.998754 -593.132586 -598.835624 -609.125614 -594.145680 -593.522458 -583.420397 -582.786950 -597.910508 -596.455509 -600.851148 -618.367887 -652.624885 -901.645836 -296.141065 -858.777659 -794.510375 -650.242910 -619.313929 -619.778066 -586.118125 -612.260427 -588.825174 -619.990461 -659.240158 -715.373458
-9999.0 -9999.0 -9999.0 -9999.0 -9999.0 -9999.0 -9999.0 -9999.0 -9999.0 -9999.0 -594.459978 -594.524723 -611.645226 -632.147957 -258.486672 -438.520793 -756.775454 -524.908525 -924.917667 -552.585628 -751.794502 -503.867755 -514.419641 -648.377422 -589.734106 -398.160330 -428.658233 -550.920511 -616.492178 -588.804713 -584.335684 -608.245280 -599.479499 -584.146154 -584.261200 -593.280947 -699.764736 -654.753205 -610.940054 -585.035428 -595.920904 -594.657805 -605.816593 -585.574112 -1047.056988 -621.555313 -628.424453 -633.512338 -1124.847653 -794.918088 -1673.157554 -636.888052 -636.340208 -617.489210 -586.898176 -620.304288 -592.765648 -624.926170 -402.232142
-9999.0 -9999.0 -9999.0 -9999.0 -9999.0 -9999.0 -9999.0 -9999.0 -619.952318 -615.339929 -592.175871 -616.213282 -607.939784 -617.323691 -672.097712 -505.192185 -487.577026 -349.691301 -529.872346 -571.407438 -944.982648 -701.176627 -620.004812 -501.190225 -429.948328 -729.976547 -263.261886 -614.790779 -610.927702 -593.790350 -583.111862 -584.502817 -586.992802 -588.784868 -598.121202 -583.591993 -607.029091 -645.714013 -603.379395 -594.171232 -586.295709 -594.119247 -585.868593 -583.277994 -598.610876 -619.896750 -599.102762 -626.260751 -708.565013 0.000000 -355.227648 -733.117302 -632.294145 -612.114631 -620.076772 -619.829095 -619.904773 -376.186626 -722.591624
-9999.0 -9999.0 -9999.0 -9999.0 -9999.0 -9999.0 -9999.0 -9999.0 -595.564996 -679.673550 -621.718167 -587.354534 -593.625830 -631.180301 -705.217430 -554.178258 -428.491914 -488.559512 -2022.756222 -539.931615 -414.905434 -532.076444 -556.847678 -437.237982 -719.005631 -918.825283 -363.723434 -628.532450 -588.493547 -597.821535 -597.351256 -593.150753 -603.038105 -595.361735 -620.014932 -619.952501 -602.229412 -676.586671 -610.729172 -617.451792 -589.060244 -583.537461 -584.523295 -619.948303 -611.684246 -625.834064 -586.484869 -586.299419 -610.439684 -410.592344 -367.811431 -668.297560 -640.890046 -618.266432 -619.602832 -643.197056 -698.485572 -691.057737 -789.764758
-9999.0 -9999.0 -9999.0 -9999.0 -9999.0 -9999.0 -9999.0 -9999.0 -593.493738 -598.891109 -619.943512 -606.980035 -614.825736 -592.188685 -608.800843 -830.513271 -570.817865 -437.172701 -662.299415 -378.335229 -445.031172 -489.575083 -487.389508 -647.782518 -404.674460 -563.077310 -401.201280 -639.508854 -599.024708 -593.410367 -593.332261 -619.963474 -616.722833 -617.120955 -619.982586 -619.772050 -621.408871 -849.982619 -623.948330 -609.044635 -601.525062 -596.614209 -619.988225 -607.186087 -603.513658 -597.296018 -613.107832 -577.255987 -620.503544 -715.161464 -65.136672 -337.925183 -673.104956 -634.846826 -689.947232 -300.595971 -317.177333 -321.622890 -368.225301
-9999.0 -9999.0 -9999.0 -9999.0 -9999.0 -9999.0 -9999.0 -9999.0 -583.389759 -598.676604 -487.511593 -607.861530 -557.511883 -627.077233 -874.992065 -517.960760 -3054.224501 -535.808601 -473.044618 -712.980495 -537.857336 64.569683 79.698834 -423.129929 -406.674827 -370.239120 -544.533340 -645.746123 -458.077834 -702.713489 -627.856339 -639.882785 -747.507346 -696.298913 -610.534272 -613.057229 -603.619944 -370.346545 -641.891657 -608.038788 -620.001603 -619.942896 -619.930289 -593.995894 -619.960522 -614.680401 -619.934473 -609.025591 -619.721910 -640.268798 -365.271348 -403.124283 -360.501337 -46.757836 -312.306938 -298.209066 -364.778562 -99.471302 361.181338
-9999.0 -9999.0 -9999.0 -9999.0 -9999.0 -9999.0 -9999.0 -9999.0 -600.332205 -620.009360 -600.470851 -778.173482 -891.167838 -455.370729 -325.496977 -359.641963 -364.418106 -541.755752 -437.728823 -484.285814 -738.120103 -56.660449 -63.444861 -386.380204 -327.815937 -369.083223 -806.084989 -551.608980 -463.414959 -425.556611 -693.128849 -416.423985 -771.761023 -502.498062 -644.624460 -641.234159 -664.073450 -341.291094 -891.072407 -633.707491 -630.701415 -628.604599 -710.156202 -665.690798 -613.140402 -619.887910 -659.384721 -713.152096 -707.880889 -761.117305 -793.572063 -482.445479 -382.321806 -315.583925 -192.009366 -62.800682 68.458892 77.045895 83.379949
-9999.0 -9999.0 -594.198315 -620.088227 -632.508628 -638.732841 -651.396833 -628.849216 -611.951018 -620.003527 -628.383844 -433.303621 -416.479503 -346.889364 -297.548454 -323.537494 -718.456244 -618.417215 -618.926827 -394.701044 -478.524047 -698.642127 -62.399932 -90.675790 -482.788775 -490.182862 -410.722470 -445.253533 -514.209293 -322.032373 -616.872187 -453.558157 -40.328219 -445.379721 -347.331462 -416.291515 -324.450360 -346.300440 -901.710208 -729.395834 -698.137150 -764.930923 -1265.995140 -381.786190 -776.966892 -720.024708 -332.375855 -154.596548 -882.689199 -412.377631 -368.918200 -75.626284 69.467184 -32.030656 94.620491 210.584334 -32.775789 -137.082724 -304.437990
