user2019/resources/simulation/Vinschgau/output-maps/psiL0007N0874.asc
ncols         63
nrows         48
xllcorner     598000.000000
yllcorner     5145000.000000
cellsize      1000.000000
NODATA_value  -9999.0
[rows 0 to 25 of 48, columns 0 to 58 of 63]
-9999.0 -9999.0 -9999.0 -9999.0 -9999.0 -9999.0 -9999.0 -9999.0 -9999.0 -9999.0 -9999.0 -9999.0 -9999.0 -9999.0 -9999.0 -9999.0 -9999.0 -9999.0 -9999.0 -9999.0 -9999.0 -9999.0 -9999.0 -9999.0 -9999.0 -9999.0 -9999.0 -9999.0 -9999.0 -9999.0 -9999.0 -9999.0 -9999.0 -9999.0 -9999.0 -9999.0 -9999.0 -9999.0 -9999.0 -9999.0 -9999.0 -9999.0 -9999.0 -9999.0 -9999.0 -9999.0 -9999.0 -9999.0 -9999.0 -9999.0 -9999.0 -9999.0 -9999.0 -9999.0 -9999.0 -9999.0 -9999.0 -9999.0 -9999.0
-9999.0 -9999.0 -9999.0 -9999.0 -9999.0 -9999.0 -9999.0 -9999.0 -9999.0 -9999.0 -9999.0 -9999.0 -9999.0 -9999.0 -9999.0 -9999.0 -9999.0 -9999.0 -9999.0 -9999.0 -9999.0 -9999.0 -9999.0 -9999.0 -9999.0 -9999.0 -9999.0 -568.195311 -136.214553 -566.459230 -127.851776 -373.972883 -60.742537 -9999.0 -9999.0 -9999.0 -9999.0 -9999.0 -9999.0 -9999.0 -9999.0 -9999.0 -9999.0 -9999.0 -9999.0 -9999.0 -9999.0 -9999.0 -9999.0 -9999.0 -9999.0 -9999.0 -9999.0 -9999.0 -9999.0 -9999.0 -9999.0 -9999.0 -9999.0
-9999.0 -9999.0 -9999.0 -9999.0 -9999.0 -9999.0 -9999.0 -9999.0 -9999.0 -9999.0 -9999.0 -9999.0 -9999.0 -9999.0 -9999.0 -9999.0 -9999.0 -9999.0 -9999.0 -9999.0 -9999.0 -9999.0 -9999.0 -9999.0 -37.314912 -41.698801 -35.354089 -33.025278 -26.602651 -86.159852 -155.654815 -9999.0 -9999.0 -9999.0 -9999.0 -9999.0 -9999.0 -9999.0 -9999.0 -9999.0 -9999.0 -9999.0 -9999.0 -9999.0 -9999.0 -9999.0 -9999.0 -9999.0 -9999.0 -9999.0 -9999.0 -9999.0 -9999.0 -9999.0 -9999.0 -9999.0 -9999.0 -9999.0 -9999.0
-9999.0 -9999.0 -9999.0 -9999.0 -9999.0 -9999.0 -9999.0 -9999.0 -9999.0 -9999.0 -9999.0 -9999.0 -9999.0 -9999.0 -9999.0 -9999.0 -9999.0 -9999.0 -9999.0 -9999.0 -9999.0 -9999.0 -9999.0 -43.617548 -35.398950 -364.078258 -339.069584 -13372.582280 -7851.569140 -164.815996 -146.747075 -157.845092 -9999.0 -9999.0 -9999.0 -9999.0 -9999.0 -9999.0 -9999.0 -9999.0 -9999.0 -9999.0 -9999.0 -9999.0 -9999.0 -9999.0 -9999.0 -9999.0 -9999.0 -9999.0 -9999.0 -9999.0 -9999.0 -9999.0 -9999.0 -9999.0 -9999.0 -9999.0 -9999.0
-9999.0 -9999.0 -9999.0 -9999.0 -9999.0 -9999.0 -9999.0 -9999.0 -9999.0 -9999.0 -9999.0 -9999.0 -9999.0 -9999.0 -9999.0 -9999.0 -9999.0 -9999.0 -79.338594 -48.003934 -9999.0 -37.536501 -35.142796 -11257.026846 -305.377334 -12421.836311 -143.332363 -13.291432 103.672028 -305.661800 -130.791538 -127.609953 -565.135662 -563.663171 -9999.0 -9999.0 -9999.0 -9999.0 -9999.0 -9999.0 -9999.0 -9999.0 -9999.0 -9999.0 -9999.0 -9999.0 -9999.0 -9999.0 -9999.0 -9999.0 -9999.0 -9999.0 -9999.0 -9999.0 -9999.0 -9999.0 -9999.0 -9999.0 -9999.0
-9999.0 -9999.0 -9999.0 -9999.0 -9999.0 -9999.0 -9999.0 -9999.0 -9999.0 -9999.0 -9999.0 -9999.0 -9999.0 -9999.0 -9999.0 -9999.0 -9999.0 -741.190116 -500.790015 -12861.371007 -569.221787 -111.499207 -292.190328 -5660.675837 -193.608399 -286.957311 -302.230640 -198.291865 -273.542949 -36.045719 -29.203581 -98.604613 -565.185562 -564.719101 -555.134656 -555.404209 -9999.0 -9999.0 -9999.0 -9999.0 -9999.0 -9999.0 -9999.0 -9999.0 -9999.0 -9999.0 -9999.0 -9999.0 -9999.0 -9999.0 -9999.0 -9999.0 -9999.0 -9999.0 -9999.0 -9999.0 -9999.0 -9999.0 -9999.0
-9999.0 -9999.0 -9999.0 -9999.0 -9999.0 -9999.0 -9999.0 -9999.0 -9999.0 -9999.0 -9999.0 -9999.0 -9999.0 -126.185227 -218.894751 -428.933516 -903.661408 -591.768845 -723.762841 -10988.456966 -311.938957 -340.371731 -9706.201033 -109.624457 -250.972285 -41.676207 -10026.798283 -6229.003138 -4607.523294 -227.462157 8377.269285 -28.134202 -112.750146 -136.306197 -556.397146 -555.592823 -9999.0 -9999.0 -9999.0 -9999.0 -9999.0 -9999.0 -9999.0 -9999.0 -9999.0 -9999.0 -9999.0 -9999.0 -9999.0 -9999.0 -9999.0 -9999.0 -9999.0 -9999.0 -9999.0 -9999.0 -9999.0 -9999.0 -9999.0
-9999.0 -9999.0 -9999.0 -9999.0 -9999.0 -9999.0 -9999.0 -9999.0 -9999.0 -9999.0 -9999.0 -9999.0 -9999.0 -40.934421 -269.618781 -473.395365 -756.427395 -125.414639 -591.364730 -450.070547 -55670.850560 -578.715755 -303.818393 -251.057777 -221.485831 -5230.708945 -175.762264 -557.425589 -556.534148 -5327.540624 -168.081067 -166.013740 -556.927653 -557.666878 -556.613319 -9999.0 -9999.0 -9999.0 -9999.0 -9999.0 -9999.0 -9999.0 -9999.0 -9999.0 -9999.0 -9999.0 -9999.0 -9999.0 -9999.0 -9999.0 -9999.0 -9999.0 -9999.0 -9999.0 -9999.0 -9999.0 -9999.0 -9999.0 -9999.0
-9999.0 -9999.0 -9999.0 -9999.0 -9999.0 -9999.0 -9999.0 -9999.0 -9999.0 -9999.0 -9999.0 -9999.0 -9999.0 -329.844154 520.443902 -342.392068 -514.981150 -675.499661 -591.022785 -807.616983 -34.467591 -10448.281544 -271.368179 -271.908489 -193.784446 -178.716226 -567.562797 -556.592816 -133.468009 -556.507764 -162.354478 -560.474356 -559.017101 -560.467411 -557.269547 -9999.0 -9999.0 -9999.0 -9999.0 -9999.0 -9999.0 -9999.0 -9999.0 -9999.0 -9999.0 -9999.0 -9999.0 -9999.0 -9999.0 -9999.0 -9999.0 -9999.0 -9999.0 -9999.0 -9999.0 -9999.0 -9999.0 -9999.0 -9999.0
-9999.0 -9999.0 -9999.0 -9999.0 -9999.0 -9999.0 -9999.0 -9999.0 -9999.0 -9999.0 -9999.0 -9999.0 -8080.441811 5916.191738 -234.042567 -172.623881 -231.199165 -421.510068 -196.784261 -12038.920003 -311.401295 -257.033390 -9857.539995 -187.407943 3259.561486 -167.669988 -27.119624 -146.300389 -94.821479 -556.995350 -256.078454 -563.485950 -122.011881 -555.810254 -9999.0 -9999.0 -9999.0 -9999.0 -9999.0 -9999.0 -9999.0 -9999.0 -9999.0 -9999.0 -9999.0 -9999.0 -9999.0 -9999.0 -9999.0 -9999.0 -9999.0 -9999.0 -9999.0 -9999.0 -9999.0 -9999.0 -9999.0 -9999.0 -9999.0
-9999.0 -9999.0 -9999.0 -9999.0 -9999.0 -9999.0 -9999.0 -9999.0 -9999.0 -9999.0 -9999.0 -38.623201 -115.143599 634.124126 -190.898943 -31.436416 -11714.583871 -374.827074 372.599924 -12824.768421 -9613.011526 -71.570931 -108.386092 -143.118966 -5631.882867 -119.216912 -188.650608 -115.668592 2718.208140 -556.799722 -562.859135 -99.519657 -561.911950 -555.223655 -561.682448 -564.799034 -546.037860 -560.306713 -569.496599 -9999.0 -9999.0 -9999.0 -554.705907 -9999.0 -9999.0 -9999.0 -9999.0 -9999.0 -9999.0 -9999.0 -9999.0 -9999.0 -9999.0 -9999.0 -9999.0 -9999.0 -9999.0 -9999.0 -9999.0
-9999.0 -9999.0 -9999.0 -9999.0 -9999.0 -9999.0 -9999.0 -9999.0 -9999.0 -9999.0 -9999.0 -41.567819 -140.305320 -2429.987956 -208.761225 -164.576833 -313.909920 -614.219247 -150.418770 -46.216938 -26.274124 -93.395638 -34.692346 -130.671290 -105.533254 -133.437502 -127.550109 -99.186432 -566.535671 -556.318842 -111.408948 -71.330910 -153.626608 -138.160770 -305.927806 -300.720141 -449.687548 -538.354068 -552.543112 -564.249960 -563.459538 -561.843310 -149.781520 -557.740950 -9999.0 -9999.0 -9999.0 617.687381 -156.319533 -563.945852 -133.892822 -562.036232 -561.612961 606.451557 677.161261 -555.863659 -9999.0 -9999.0 -9999.0
-9999.0 -9999.0 -9999.0 -9999.0 -9999.0 -9999.0 -9999.0 -9999.0 -9999.0 -9999.0 -9999.0 -27.978693 -46.954138 -3480.598664 -171.944470 -108.264334 -103.330671 -315.053288 -36.312209 -145.799070 -155.360238 -3946.878273 -148.917977 -31.009239 -141.219309 -566.970044 -139.287512 -14.450204 -557.620169 -153.310567 -556.358472 -2814.862520 -121.116629 -168.293357 -559.785673 -408.047093 -352.576857 -10512.972612 -550.936374 -565.592696 -561.580966 -566.251534 -244.248833 -151.605785 -176.190214 -9999.0 -557.002091 -134.432701 -113.833068 -98.471890 -222.297270 -567.451172 -219.770508 -93.441522 -192.113943 -119.425594 -9999.0 -9999.0 -9999.0
-9999.0 -9999.0 -9999.0 -9999.0 -9999.0 -9999.0 -9999.0 -9999.0 -9999.0 -9999.0 -9999.0 -9999.0 -34.299927 -200.782719 -39.306881 -39.784252 -257.204608 -377.278994 -43.391030 -99.253891 -293.053982 -4372.333434 -6329.585646 -130.203596 -131.200741 -144.505933 -3.299098 -312.930419 -129.467452 -564.840187 -119.296541 -117.328347 -359.313483 -147.358422 -217.000871 -422.902347 -693.292495 -6622.172428 -356.752467 -569.654733 -474.988223 -569.003872 -7038.708117 -35.322597 -565.267894 -137.023958 -562.549771 -139.644177 -5161.904646 -125.551282 -195.422917 -61.967897 1348.907933 -114.879571 -85.537462 -31.752429 -26.440537 -9999.0 -9999.0
-9999.0 -9999.0 -9999.0 -9999.0 -9999.0 -9999.0 -9999.0 -9999.0 -9999.0 -9999.0 -9999.0 -162.653792 -45.089962 -282.620004 -126.868525 -131.914976 -104.225725 -246.138655 -28.064698 -306.532421 -302.798662 -273.315794 -113.619742 -5740.283573 -148.536571 -111.766452 -155.974700 -153.685185 -164.879929 -565.650116 -144.180185 -98.320865 -90.140992 -134.653489 -192.159121 -253.253950 -563.142324 -9450.831969 -980.655753 -550.084082 -10120.119820 -1367.819631 -278.045700 -10470.898231 -108.881561 -153.307320 -100.738299 -566.504298 -568.017610 -8414.418919 -7911.991009 -155.257450 -100.155796 -6896.355012 -7003.089364 -561.232184 -564.744111 -9999.0 -9999.0
-9999.0 -9999.0 -9999.0 -9999.0 -9999.0 -9999.0 -9999.0 -9999.0 -9999.0 -9999.0 2908.237825 -129.941081 -33.739484 -36.555810 -38.709482 -38.274358 -38.403176 -276.841238 -472.349643 -282.234530 58.077090 129.146252 -4054.034858 -37.537567 -131.138141 2843.587971 -3740.612594 -8917.999118 -268.893729 -107.319773 -103.418098 -30.393549 -116.646836 -142.350513 -556.335414 -563.505530 -421.604078 -368.045207 -1855.756476 -225.662834 -3281.267176 -9552.957085 -584.253090 45.459107 -162.766391 -567.980510 -113.492561 -6475.447175 -126.896986 -122.291339 -8791.629145 -558.844697 -7140.442912 -561.130750 -559.844050 -108.812981 -110.201328 -9999.0 -9999.0
-9999.0 -9999.0 -9999.0 -9999.0 -9999.0 -9999.0 -9999.0 -9999.0 -9999.0 -136.143730 -130.427696 -144.825163 -122.260289 -147.600014 -165.122524 -117.252296 -124.359646 -27.005777 -448.117791 -452.661538 -20.358362 -406.804758 -3687.455000 -214.405288 -62.800592 -3050.474843 -170.987310 -104.352837 -5272.536889 -134.482337 -113.054194 -123782.403844 -557.553698 -556.626981 -556.842596 -556.812024 -124.632202 -278.143719 -311.104038 -240.801527 -367.684163 -264.928715 -3129.411388 -310.815595 -2049.170725 -4548.079950 -90.722339 -6176.870452 -5404.082850 -38.311842 -8669.938182 -564.451389 -562.382992 -559.185427 -560.989406 -3955.345492 -86.177612 -565.635562 -563.733062
-9999.0 -9999.0 -9999.0 -9999.0 -9999.0 -9999.0 -9999.0 -9999.0 -9999.0 -219.751042 -132.946452 -128.723360 5964.324229 -145.071241 -164.309440 -156.957380 -39.570438 -126.751050 -487.397545 -203.062389 -140.312997 -159.535656 10.051170 -30.249768 -2672.181338 -176.376080 -154.792868 -135.029075 -134.109956 -79.796946 -319.810906 -5109.282682 -120.945304 -145.726791 -109.744589 -565.044496 -566.942488 -568.150497 -247.670231 -116.388455 -142.615059 -2399.559627 -273.285855 -146.347392 -168.264319 -83.054311 -206.557046 -4957.597746 -4541.675204 -122.000665 -140490.441464 -6732.628584 -557.026136 -150.486761 -559.591168 -102.831716 -3387.469900 -105.382023 -567.681195
-9999.0 -9999.0 -9999.0 -9999.0 -9999.0 -9999.0 -9999.0 -9999.0 -9999.0 -9999.0 -136.342972 -110.567020 -111.596276 1859.132321 -3950.328270 -163.200670 -131.521159 -150.041495 -505.262842 -255.130213 -66.819788 -5556.924384 -232.760160 -2089.644685 -172.355903 -147.804442 -141.518010 -103.199130 -307.738051 -235.410485 -2937.188880 5331.979484 -3378.874469 -145.225287 -99.013128 -80.299618 -53.578697 -36.695038 -567.484348 -145.455637 -196.780624 -33.959275 5613.209838 -1977.800956 -1549.151562 -224.502319 -1444.053503 12.140428 -4296.200275 -3802.110911 -150364.980576 -8552.577980 -562.712696 -556.696600 -51.542467 -137.670530 -25.323227 10975.527435 -4730.811049
-9999.0 -9999.0 -9999.0 -9999.0 -9999.0 -9999.0 -9999.0 -9999.0 -9999.0 -9999.0 -126.604185 -121.682186 -35.350020 -113.207602 122.068160 -344.380046 -314.348280 -373.490577 -417.323574 -678.867585 -654.883960 -435.617621 -300.014154 -207.191784 -161.105390 -134.167935 338.822300 -248.514626 -286.050914 -2331.704422 -141.744573 -26.955648 -9070.557846 -162.654918 -145.745844 -28.816917 2877.005467 -123.661552 -5893.022266 -157.565907 -119.250086 -570.073356 -103.562886 -140.255019 -158.521934 -73915.176108 -97.675162 -1600.370480 -1384.851844 -1291.095334 -4775.359841 -5810.737333 -118.352441 -563.673557 -555.095738 -563.399679 -165.057205 -2911.069242 -147.700623
-9999.0 -9999.0 -9999.0 -9999.0 -9999.0 -9999.0 -9999.0 -9999.0 -29.049823 -119.894508 -346.046305 -26.509978 -59.573791 -107.032597 -327.489131 -93.186635 -520.268189 -155.948994 -332.992734 -838.453099 -829.197586 -618.974057 -534.305625 -428.435235 -212.135117 -11.386924 40.752951 -267.490271 -100.273539 -3993.905707 -557.642192 -130.128530 -125.102640 -143.962447 -115.500514 -191.851679 -111.035572 -119.032167 -3940.074922 -567.119687 -560.551849 -27.568304 -8016.979038 -559.011859 -570.506731 -25.178530 -2806.955434 -104.869422 -1744.877373 327.620461 -284.385082 -144712.126002 -112.014751 -5422.032982 -563.765823 -202.496461 -566.812369 -35.039745 -2546.335172
-9999.0 -9999.0 -9999.0 -9999.0 -9999.0 -9999.0 -9999.0 -9999.0 -314.082269 -119.798888 -6789.501613 -149.175651 -138.629490 -25.638495 -293.030887 -231.454080 -332.586989 -399.814933 -62871.441510 -833.620709 -170.766113 -245.731623 -265.967676 -148.391666 -533.603126 -211.690174 13.268352 -98.975215 -8372.037736 -123.859323 -128.867796 -567.238151 -104.295736 -567.853469 -25.779144 -31.954204 -72.502347 -104.897911 -4454.855445 -113.519512 -143.579655 -550.392459 -559.005336 -110.425140 2610.758550 -103.022742 -8159.713910 -128.631019 -2218.917160 -200.099340 -169.103138 -110.456441 -337.452582 -104.110398 -228.536351 -9903.114117 -5321.096869 -4026.824662 -1805.213580
-9999.0 -9999.0 -9999.0 -9999.0 -9999.0 -9999.0 -9999.0 -9999.0 -141.658397 -13.707704 -380.163239 -5569.134596 -25.712691 -7758.882598 -135.767920 -4365.752318 -377.657667 -304.107727 -817.928683 -222.641484 -845.527508 -354.476137 -297.219364 -546.728764 -234.976871 -331.419232 -206.052944 -296.918396 -9167.642464 -113.507593 -567.969806 -27.398193 -127.599774 -8788.763952 -29.565360 -61.577198 -3414.220660 -875.697614 -2467.474525 -4724.771926 -121.760047 -567.987498 -29.777855 -21.870252 -113.544231 -33.007570 -567.106394 -30.888357 -115.477106 -1517.391048 -66.454959 -279.511615 -6676.759612 -5602.291916 -5143.158613 -96.273688 -65.132490 -63.679851 -230.621395
-9999.0 -9999.0 -9999.0 -9999.0 -9999.0 -9999.0 -9999.0 -9999.0 -555.960158 -112.006953 732.271687 -9532.229865 -25.452501 -119.831405 -141063.404324 -233.146123 -15995.796395 -725.636527 -179.296878 -807.022962 -746.431323 -685.139542 -342.692355 -528.845364 -477.925399 -289.562374 -236.913479 -4751.112656 -32.522901 -6719.283509 -5734.146566 -5857.418673 -10458.775658 -105.026064 -8915.880219 -158.784395 -127.452474 -319.130682 -1079.959199 -4000.339821 -129.105529 -105.623177 -102.332255 -570.194219 -37.185464 -568.982629 -252.096414 -567.866777 -175.663004 -5515.556704 -218.972295 -225.176248 -259.702336 -169.862575 -73.685049 -38.944776 -161.295502 372.337338 -154.366557
-9999.0 -9999.0 -9999.0 -9999.0 -9999.0 -9999.0 -9999.0 -9999.0 -44.737284 -27.718479 5436.623145 -5280.270745 -5427.461700 -400.757534 -27.760895 351.242496 138.206157 -325.060465 -288.481952 -394.529522 -595.709717 -542.594260 -689.197401 -738.317465 -155.472985 -355.551716 -386.122795 -142.844286 -139.875265 -118.956836 -2497.016804 -107.064234 -1241.099093 -79.966887 -2725.662275 -2746.074428 -3288.732297 -371.771281 -2942.541984 -59.417645 -2484.338555 -9446.046304 -3332.507089 -9500.357904 -4958.054094 -112.260622 -4524.753305 -5521.495654 -4764.642362 -3577.328763 -2828.969470 -341.359297 -251.136533 -170.651483 120.279227 435.802300 374.505921 69.853561 23.494694
-9999.0 -9999.0 -310.358461 -31.404041 -23.816005 -150.282504 -94.698985 -120.488722 -26.709751 -26.155662 -104.664529 673.434999 -364.830477 -82.376925 -6.727035 306.706351 -1795.326971 -253.961369 -124.721758 -241.251633 -418.706420 -375.751338 37.162809 -954.143624 -646.857850 -436.575113 -361.623060 -317.475389 -273.702795 -16.867136 -263.099926 -233.496852 337.763190 -267.870748 -107.785215 -350.098628 -141.046099 -498.548861 -6013.330195 -3471.538074 -4367.904352 -3311.966587 -2272.160199 -223.936873 -1851.819845 -3019.666601 -91.078996 -100.161727 -2866.063598 -208.554235 -248.263725 -230.878652 89.629753 228.027861 377.349818 378.116112 367.272179 0.000000 -190.583446
