user2019/resources/simulation/Vinschgau/output-maps/psiL0003N0222.asc
ncols         63
nrows         48
xllcorner     598000.000000
yllcorner     5145000.000000
cellsize      1000.000000
NODATA_value  -9999.0
[rows 0 to 25 of 48, columns 0 to 57 of 63]
-9999.0 -9999.0 -9999.0 -9999.0 -9999.0 -9999.0 -9999.0 -9999.0 -9999.0 -9999.0 -9999.0 -9999.0 -9999.0 -9999.0 -9999.0 -9999.0 -9999.0 -9999.0 -9999.0 -9999.0 -9999.0 -9999.0 -9999.0 -9999.0 -9999.0 -9999.0 -9999.0 -9999.0 -9999.0 -9999.0 -9999.0 -9999.0 -9999.0 -9999.0 -9999.0 -9999.0 -9999.0 -9999.0 -9999.0 -9999.0 -9999.0 -9999.0 -9999.0 -9999.0 -9999.0 -9999.0 -9999.0 -9999.0 -9999.0 -9999.0 -9999.0 -9999.0 -9999.0 -9999.0 -9999.0 -9999.0 -9999.0 -9999.0
-9999.0 -9999.0 -9999.0 -9999.0 -9999.0 -9999.0 -9999.0 -9999.0 -9999.0 -9999.0 -9999.0 -9999.0 -9999.0 -9999.0 -9999.0 -9999.0 -9999.0 -9999.0 -9999.0 -9999.0 -9999.0 -9999.0 -9999.0 -9999.0 -9999.0 -9999.0 -9999.0 -761.636359 -910.334500 -836.384082 -765.734140 -763.666734 -730.801997 -9999.0 -9999.0 -9999.0 -9999.0 -9999.0 -9999.0 -9999.0 -9999.0 -9999.0 -9999.0 -9999.0 -9999.0 -9999.0 -9999.0 -9999.0 -9999.0 -9999.0 -9999.0 -9999.0 -9999.0 -9999.0 -9999.0 -9999.0 -9999.0 -9999.0
-9999.0 -9999.0 -9999.0 -9999.0 -9999.0 -9999.0 -9999.0 -9999.0 -9999.0 -9999.0 -9999.0 -9999.0 -9999.0 -9999.0 -9999.0 -9999.0 -9999.0 -9999.0 -9999.0 -9999.0 -9999.0 -9999.0 -9999.0 -9999.0 -912.003280 -789.287300 -807.040865 -497.140179 -711.254405 -634.501865 -589.989232 -9999.0 -9999.0 -9999.0 -9999.0 -9999.0 -9999.0 -9999.0 -9999.0 -9999.0 -9999.0 -9999.0 -9999.0 -9999.0 -9999.0 -9999.0 -9999.0 -9999.0 -9999.0 -9999.0 -9999.0 -9999.0 -9999.0 -9999.0 -9999.0 -9999.0 -9999.0 -9999.0
-9999.0 -9999.0 -9999.0 -9999.0 -9999.0 -9999.0 -9999.0 -9999.0 -9999.0 -9999.0 -9999.0 -9999.0 -9999.0 -9999.0 -9999.0 -9999.0 -9999.0 -9999.0 -9999.0 -9999.0 -9999.0 -9999.0 -9999.0 -683.949491 -324.706704 1726.591677 1993.126308 1982.171921 1076.526473 -464.908141 -918.579543 -1219.216822 -9999.0 -9999.0 -9999.0 -9999.0 -9999.0 -9999.0 -9999.0 -9999.0 -9999.0 -9999.0 -9999.0 -9999.0 -9999.0 -9999.0 -9999.0 -9999.0 -9999.0 -9999.0 -9999.0 -9999.0 -9999.0 -9999.0 -9999.0 -9999.0 -9999.0 -9999.0
-9999.0 -9999.0 -9999.0 -9999.0 -9999.0 -9999.0 -9999.0 -9999.0 -9999.0 -9999.0 -9999.0 -9999.0 -9999.0 -9999.0 -9999.0 -9999.0 -9999.0 -9999.0 2271.438504 -117.206221 -9999.0 -540.652337 -602.470091 2198.251706 2273.179632 2152.199116 -158.317418 -180.372892 1599.477177 -34.534602 -406.739461 -991.685380 -894.944824 -925.034147 -9999.0 -9999.0 -9999.0 -9999.0 -9999.0 -9999.0 -9999.0 -9999.0 -9999.0 -9999.0 -9999.0 -9999.0 -9999.0 -9999.0 -9999.0 -9999.0 -9999.0 -9999.0 -9999.0 -9999.0 -9999.0 -9999.0 -9999.0 -9999.0
-9999.0 -9999.0 -9999.0 -9999.0 -9999.0 -9999.0 -9999.0 -9999.0 -9999.0 -9999.0 -9999.0 -9999.0 -9999.0 -9999.0 -9999.0 -9999.0 -9999.0 49127.937771 -73.088996 -214.952714 -868.385320 -221.819445 -169.426065 957.376592 1275.958355 -241.009743 -377.966350 -467.381221 -551.670093 -199.590354 -240.231293 -403.351907 -881.371377 -903.996206 -961.553503 -978.512329 -9999.0 -9999.0 -9999.0 -9999.0 -9999.0 -9999.0 -9999.0 -9999.0 -9999.0 -9999.0 -9999.0 -9999.0 -9999.0 -9999.0 -9999.0 -9999.0 -9999.0 -9999.0 -9999.0 -9999.0 -9999.0 -9999.0
-9999.0 -9999.0 -9999.0 -9999.0 -9999.0 -9999.0 -9999.0 -9999.0 -9999.0 -9999.0 -9999.0 -9999.0 -9999.0 -837.677411 1323.855981 -149.361900 -197.464129 -80.178598 40661.787520 1872.036409 1748.690297 2220.657874 1156.556974 1504.716996 -30.970374 -471.236985 -1024.626142 -624.521559 -656.048751 -757.961578 -367.957514 -488.732125 -599.779671 -748.586716 -981.557412 -979.811249 -9999.0 -9999.0 -9999.0 -9999.0 -9999.0 -9999.0 -9999.0 -9999.0 -9999.0 -9999.0 -9999.0 -9999.0 -9999.0 -9999.0 -9999.0 -9999.0 -9999.0 -9999.0 -9999.0 -9999.0 -9999.0 -9999.0
-9999.0 -9999.0 -9999.0 -9999.0 -9999.0 -9999.0 -9999.0 -9999.0 -9999.0 -9999.0 -9999.0 -9999.0 -9999.0 973.906081 2398.648422 -181.243543 -183.123383 1349.101704 -79.957250 1291.526139 1349.541903 -42.240950 1880.036692 -216.805150 -197.915862 -648.472933 -1220.058581 -981.348016 -978.908087 -601.184352 -475.635222 -650.145777 -981.306968 -981.444847 -981.786308 -9999.0 -9999.0 -9999.0 -9999.0 -9999.0 -9999.0 -9999.0 -9999.0 -9999.0 -9999.0 -9999.0 -9999.0 -9999.0 -9999.0 -9999.0 -9999.0 -9999.0 -9999.0 -9999.0 -9999.0 -9999.0 -9999.0 -9999.0
-9999.0 -9999.0 -9999.0 -9999.0 -9999.0 -9999.0 -9999.0 -9999.0 -9999.0 -9999.0 -9999.0 -9999.0 -9999.0 1498.887947 2231.394726 1630.307450 -195.263125 -182.385671 -78.507220 950.655224 986.948458 -1806.723032 -209.071780 -425.578243 -939.369492 -155.882388 -818.034520 -979.827990 -1011.588032 -980.012618 -641.300196 -980.301316 -979.462339 -977.383269 -978.944751 -9999.0 -9999.0 -9999.0 -9999.0 -9999.0 -9999.0 -9999.0 -9999.0 -9999.0 -9999.0 -9999.0 -9999.0 -9999.0 -9999.0 -9999.0 -9999.0 -9999.0 -9999.0 -9999.0 -9999.0 -9999.0 -9999.0 -9999.0
-9999.0 -9999.0 -9999.0 -9999.0 -9999.0 -9999.0 -9999.0 -9999.0 -9999.0 -9999.0 -9999.0 -9999.0 1484.263233 2564.968883 2118.315994 -422.361631 -190.497681 -180.593973 1419.873451 -141.310074 498.073125 -589.133388 -786.393531 -650.261656 -496.392290 -694.718287 -643.096884 -1321.582269 -569.874819 -980.710943 -658.941904 -906.967427 -1001.003549 -978.902502 -9999.0 -9999.0 -9999.0 -9999.0 -9999.0 -9999.0 -9999.0 -9999.0 -9999.0 -9999.0 -9999.0 -9999.0 -9999.0 -9999.0 -9999.0 -9999.0 -9999.0 -9999.0 -9999.0 -9999.0 -9999.0 -9999.0 -9999.0 -9999.0
-9999.0 -9999.0 -9999.0 -9999.0 -9999.0 -9999.0 -9999.0 -9999.0 -9999.0 -9999.0 -9999.0 -667.349220 -238.827143 1338.565554 -442.007785 -919.084358 -1219.943042 -204.214785 1130.407457 -128.150761 2430.604779 1394.358066 -1335.203768 -672.297195 -643.754750 -374.499599 -701.852588 -1075.395641 -1024.185732 -979.507309 -926.114352 -453.808862 -974.900216 -981.927273 -1034.531021 -1159.143225 -557.854590 -133.627664 -282.529452 -9999.0 -9999.0 -9999.0 -982.391054 -9999.0 -9999.0 -9999.0 -9999.0 -9999.0 -9999.0 -9999.0 -9999.0 -9999.0 -9999.0 -9999.0 -9999.0 -9999.0 -9999.0 -9999.0
-9999.0 -9999.0 -9999.0 -9999.0 -9999.0 -9999.0 -9999.0 -9999.0 -9999.0 -9999.0 -9999.0 -1121.013474 -511.094035 1554.579808 992.341091 -542.553341 1172.046757 -128.539054 1109.496662 1052.336256 1732.751591 2160.327886 -1231.326636 -637.427785 -623.967811 -650.158149 -887.342864 -801.766069 -900.296235 -981.108341 -469.708992 -675.592169 -966.088309 -1415.380583 -1268.920494 -1042.217395 -239.167580 -579.597829 -267.378937 -1394.710374 -1415.550860 -1056.799793 -468.254058 -982.406781 -9999.0 -9999.0 -9999.0 -651.880162 -511.823769 -845.309591 -206.997665 -759.505673 -779.900000 1790.592581 1677.385936 -861.291379 -9999.0 -9999.0
-9999.0 -9999.0 -9999.0 -9999.0 -9999.0 -9999.0 -9999.0 -9999.0 -9999.0 -9999.0 -9999.0 -793.716127 -716.982408 -183.898684 -837.345428 -931.818635 619.149084 -88.921595 1473.996350 1018.084138 2226.237849 265.930303 -256.625062 -279.957032 -636.382122 -866.808152 -337.611937 -598.385134 -981.795827 -395.682315 -983.208269 -464.582612 -417.213532 -1393.125937 -1029.991268 -111.862129 -327.168190 -852.567923 -2059.626629 -200.927921 -255.661651 -248.116050 -205.095930 -940.258989 -1312.477530 -9999.0 -976.750149 -830.784405 -280.735200 1882.725059 1424.650460 -190.618713 1817.091117 2426.892621 2504.249554 2118.861954 -9999.0 -9999.0
-9999.0 -9999.0 -9999.0 -9999.0 -9999.0 -9999.0 -9999.0 -9999.0 -9999.0 -9999.0 -9999.0 -9999.0 -687.398456 -647.697405 1267.360291 -165.793086 -214.612223 -190.537206 1137.694482 968.240385 2224.409935 1405.132841 1927.182499 -207.685763 -483.100513 -329.742069 2175.215030 -704.938330 -669.150750 -917.470246 -732.519220 -244.415716 -1149.574331 -1321.188897 -802.919828 -1319.419957 -512.078939 -510.407392 -2520.316502 -1134.095086 -195.958731 -1281.905935 -177.733523 -141.214083 -875.363901 -1042.704238 -890.114050 -899.688494 -255.293320 -236.855976 -238.662463 -181.738767 609.411858 -67.393339 -666.412423 -587.939599 -310.188277 -9999.0
-9999.0 -9999.0 -9999.0 -9999.0 -9999.0 -9999.0 -9999.0 -9999.0 -9999.0 -9999.0 -9999.0 -282.734479 -763.468267 -463.827753 976.791103 1016.381237 -143.716150 -183.185385 1917.781020 11253.501238 -207.187975 2355.308978 1036.133790 -303.362731 -249.939711 1369.585277 -516.275314 -642.495398 -555.695847 -831.931009 -269.179347 -285.169927 951.310609 -1448.886498 -850.679123 -1383.367305 -787.621263 -615.011651 32148.850974 -1213.274896 -195.862509 23241.182394 -84.901286 -1413.352480 1448.206678 -1248.286682 -432.338572 -316.067738 -256.337775 614.095248 -782.958779 -615.227915 -774.689081 -803.659742 -979.294548 -961.119128 -685.853455 -9999.0
-9999.0 -9999.0 -9999.0 -9999.0 -9999.0 -9999.0 -9999.0 -9999.0 -9999.0 -9999.0 -772.705419 703.489941 -194.776585 -571.676712 1739.378470 1001.539308 -252.145474 -91.643108 -192.986534 -189.591822 1498.966054 893.571829 1107.471280 2320.431687 1308.581065 -242.993211 -607.545715 -799.723193 1490.587138 2167.119810 -134.948605 -556.857719 -1048.116817 -779.057832 -981.365243 -973.064252 -237.317943 80898.583524 -166.145971 48037.909801 41174.942236 -92.266307 -110.586901 50295.831975 1018.243164 -815.825279 -474.230654 -258.168822 448.870397 -23.646060 -837.223305 -969.804265 -978.427514 -963.269392 -963.832646 1974.675757 1877.440878 -9999.0
-9999.0 -9999.0 -9999.0 -9999.0 -9999.0 -9999.0 -9999.0 -9999.0 -9999.0 -674.027252 -1177.797377 -466.669841 1275.355090 -220.469539 1047.399042 -390.589891 -597.779655 1458.709343 929.425421 45576.376881 1176.060486 1236.510414 1324.262296 1626.899403 -203.624306 -664.068673 -302.784244 2105.342928 1391.215154 1626.228941 853.182471 -644.112228 -982.793799 -980.708850 -981.190387 -984.608424 -630.747470 -593.206317 -729.533358 -531.032587 114805.560453 -592.132839 -611.701056 10375.482945 -48.083714 -36.639860 1933.223688 -331.433734 -258.978438 1958.323237 -199.757919 -709.480669 -971.889565 -971.900127 -798.024472 -450.149841 1621.256533 -61.525881
-9999.0 -9999.0 -9999.0 -9999.0 -9999.0 -9999.0 -9999.0 -9999.0 -9999.0 -1221.399289 -743.288103 -1031.662647 2519.301398 1316.671527 879.458636 -190.075667 1697.488790 351.618393 1278.460403 -66.716175 1177.138472 331.171723 -56.482077 1476.768196 -570.540777 -221.623340 883.757075 1065.342424 1701.161760 -192.051164 -440.300769 -539.915198 -642.402988 -1292.232236 -841.218126 -930.820491 -965.427701 -1026.094157 -777.770207 -626.725617 -636.795340 -731.596309 -178.958185 546.204180 20014.764149 38687.633187 52727.983369 1256.911741 1930.640359 1280.003725 -607.409870 -282.273078 -968.394589 -737.269317 -958.099405 -593.105319 1800.349789 1576.556275
-9999.0 -9999.0 -9999.0 -9999.0 -9999.0 -9999.0 -9999.0 -9999.0 -9999.0 -9999.0 -1106.785130 -957.286694 -239.946425 -89.812692 1185.902958 1088.876872 1140.819491 1514.695200 15564.755251 7836.936024 -181.845049 1488.036409 1283.682095 1348.000122 -230.309866 1000.634611 1829.373105 36795.006886 -233.944239 -725.060859 -680.859455 -473.130343 -734.548026 -648.060039 -855.073094 987.496065 -168.358232 -200.827770 -883.116358 -718.030683 -732.306953 -779.415519 -538.481093 -508.978734 -625.127282 -197.394693 1029.166878 1614.298562 35075.024592 1162.050389 -156.356789 -393.221658 -658.055419 -963.340101 -710.860116 -671.393265 -298.235615 2432.710378
-9999.0 -9999.0 -9999.0 -9999.0 -9999.0 -9999.0 -9999.0 -9999.0 -9999.0 -9999.0 -1081.758069 -1078.820560 -1203.963178 1117.579899 1855.285045 1641.653432 -219.859455 983.555431 16569.461509 7066.454786 -72.714287 1421.863415 1332.304300 1158.627423 1022.857524 7605.081432 41388.450641 -223.327438 -537.724286 -780.190336 -703.734104 -1346.093607 -849.322644 -654.279784 -664.440147 -657.513941 -236.304150 -266.649475 -341.055594 -719.057424 -1255.357344 -826.430413 -589.222935 -715.857430 -710.649635 -320.203350 -548.480297 -365.282670 49011.511232 1249.878258 983.780176 -276.437387 849.973862 -631.625391 -849.939252 -664.622573 -656.034897 2023.249338
-9999.0 -9999.0 -9999.0 -9999.0 -9999.0 -9999.0 -9999.0 -9999.0 -129.300209 1177.432686 -877.583662 -1199.156225 -597.839713 -627.682497 1092.918580 1062.270554 1329.877273 404.433948 678.179557 754.011525 933.993622 47033.004221 46791.022536 1368.859878 1349.855245 1604.237024 1041.555285 -441.664928 -556.229042 -748.605697 -980.755352 -738.008624 -772.578854 -642.794949 -1278.315417 -652.236391 -624.482818 -282.408729 -574.804250 -835.293622 -980.836974 -729.261014 -759.332340 -974.589845 -411.566516 856.008572 -605.332409 972.103549 1047.986290 1383.406637 1835.880322 1185.789725 1184.312771 -468.216471 -395.991839 2076.079281 -57.776310 2231.320240
-9999.0 -9999.0 -9999.0 -9999.0 -9999.0 -9999.0 -9999.0 -9999.0 -790.697118 -157.341596 -261.441623 -762.597181 -1121.020602 -77.942423 753.607898 -150.655832 1772.163325 -136.170615 155.621945 -112.305918 33.880318 30.188098 187.156646 448.802304 49137.606955 1251.587673 2594.510092 -237.407713 -731.838985 -1189.963726 -1223.090837 -812.753097 -1245.979017 -858.775450 -594.895588 -378.448410 -271.105524 -143.808470 -215.149257 -403.487309 -687.484009 -1738.555053 -970.323268 -207.043487 -185.525326 -563.066306 -785.343473 -679.362268 -621.078429 1508.814754 1171.263568 637.287846 585.073149 1903.038163 1001.586015 -114.291984 1339.438358 1183.860598
-9999.0 -9999.0 -9999.0 -9999.0 -9999.0 -9999.0 -9999.0 -9999.0 -631.303537 -482.384968 1596.542555 -299.498999 -202.845520 -771.899647 1517.794395 1111.866392 2242.460332 1837.483631 364.622594 -218.277981 189.536917 32.731230 30.390441 647.881427 107.592927 1108.689960 -78.232658 -282.109197 -832.190330 -726.431896 -799.771743 -271.694664 -153.146481 -195.879739 -251.522294 1570.983918 -435.243564 768.980301 -485.383940 -347.787598 -1005.890333 -720.901589 -299.954362 -551.883654 -598.348148 -655.031243 -642.795251 1663.673095 -705.668954 1089.870461 57200.027860 1701.588258 -100.961747 -135.579654 1853.338314 1639.636122 54732.680753 53371.145125
-9999.0 -9999.0 -9999.0 -9999.0 -9999.0 -9999.0 -9999.0 -9999.0 -980.885307 -215.977040 1581.916735 -1003.275992 1696.964590 1606.481348 2051.558604 1458.738240 52845.814137 220.477164 22691.857403 -289.235664 3543.520954 263.205280 -175.198838 135.883380 -164.729066 1598.269230 1257.157114 -250.952253 1866.601395 1894.728136 -339.864665 -160.253600 1266.371110 899.171909 -371.940489 -186.948492 -171.958265 2170.801966 -506.205861 -306.282681 -345.190738 -180.078707 1515.041632 -224.687301 1500.381810 -465.739963 2279.641543 -176.390749 2027.693424 806.794584 635.144004 61630.333766 18903.162844 2075.412249 18309.428888 13346.900105 4586.280213 883.000771
-9999.0 -9999.0 -9999.0 -9999.0 -9999.0 -9999.0 -9999.0 -9999.0 -743.447465 -213.136365 1680.217969 2394.522136 2528.200554 1012.196371 2156.273682 2103.487987 995.627141 1280.307087 2203.591316 1856.192728 42561.361989 516.462758 572.833865 746.204443 1729.125604 2128.810298 -209.503583 1323.826353 1429.104119 1474.400868 -70.416078 1778.663848 1293.748921 875.308358 -131.466535 -205.988661 -26.333537 1800.589340 -130.942378 -342.113509 -107.159289 -146.906750 774.540212 -189.033550 -144.191904 1221.449883 -167.229601 1629.442044 1020.447809 1918.464648 1266.141704 68425.198951 66614.643570 101961.062091 74853.686128 64818.983469 16774.149455 11706.339916
-9999.0 -9999.0 -483.634940 -309.942253 -321.118188 -153.766033 -184.392593 -248.697660 -256.926767 -870.737575 -569.608394 799.522554 967.410796 1545.368150 1744.182744 1366.257083 229.410962 -467.840155 -795.058673 2470.008969 1739.389633 -285.852676 906.413768 24809.717275 12930.970142 2128.988913 1692.882613 1291.349713 1814.608890 1774.992435 1370.129512 1848.214366 1662.602228 1100.485732 1884.798634 1051.835245 1640.952027 1850.594745 1181.472593 1412.149655 1257.733480 1144.506164 777.128078 1165.526631 1009.714400 1778.965238 1811.438659 1100.584049 18773.056487 21179.105408 19561.220916 18928.873727 15122.611777 35042.354209 66237.986771 34104.472249 69009.012764 60703.592104
