user2019/resources/simulation/Vinschgau/output-maps/psiL0005N1345.asc
ncols         63
nrows         48
xllcorner     598000.000000
yllcorner     5145000.000000
cellsize      1000.000000
NODATA_value  -9999.0
[rows 0 to 25 of 48, columns 0 to 56 of 63]
-9999.0 -9999.0 -9999.0 -9999.0 -9999.0 -9999.0 -9999.0 -9999.0 -9999.0 -9999.0 -9999.0 -9999.0 -9999.0 -9999.0 -9999.0 -9999.0 -9999.0 -9999.0 -9999.0 -9999.0 -9999.0 -9999.0 -9999.0 -9999.0 -9999.0 -9999.0 -9999.0 -9999.0 -9999.0 -9999.0 -9999.0 -9999.0 -9999.0 -9999.0 -9999.0 -9999.0 -9999.0 -9999.0 -9999.0 -9999.0 -9999.0 -9999.0 -9999.0 -9999.0 -9999.0 -9999.0 -9999.0 -9999.0 -9999.0 -9999.0 -9999.0 -9999.0 -9999.0 -9999.0 -9999.0 -9999.0 -9999.0
-9999.0 -9999.0 -9999.0 -9999.0 -9999.0 -9999.0 -9999.0 -9999.0 -9999.0 -9999.0 -9999.0 -9999.0 -9999.0 -9999.0 -9999.0 -9999.0 -9999.0 -9999.0 -9999.0 -9999.0 -9999.0 -9999.0 -9999.0 -9999.0 -9999.0 -9999.0 -9999.0 -285.822662 -722.017768 -175.948220 -510.884717 -115.989644 12773.116409 -9999.0 -9999.0 -9999.0 -9999.0 -9999.0 -9999.0 -9999.0 -9999.0 -9999.0 -9999.0 -9999.0 -9999.0 -9999.0 -9999.0 -9999.0 -9999.0 -9999.0 -9999.0 -9999.0 -9999.0 -9999.0 -9999.0 -9999.0 -9999.0
-9999.0 -9999.0 -9999.0 -9999.0 -9999.0 -9999.0 -9999.0 -9999.0 -9999.0 -9999.0 -9999.0 -9999.0 -9999.0 -9999.0 -9999.0 -9999.0 -9999.0 -9999.0 -9999.0 -9999.0 -9999.0 -9999.0 -9999.0 -9999.0 -598.663252 -626.270577 -646.480972 -608.424739 -589.188669 -732.755065 -519.848999 -9999.0 -9999.0 -9999.0 -9999.0 -9999.0 -9999.0 -9999.0 -9999.0 -9999.0 -9999.0 -9999.0 -9999.0 -9999.0 -9999.0 -9999.0 -9999.0 -9999.0 -9999.0 -9999.0 -9999.0 -9999.0 -9999.0 -9999.0 -9999.0 -9999.0 -9999.0
-9999.0 -9999.0 -9999.0 -9999.0 -9999.0 -9999.0 -9999.0 -9999.0 -9999.0 -9999.0 -9999.0 -9999.0 -9999.0 -9999.0 -9999.0 -9999.0 -9999.0 -9999.0 -9999.0 -9999.0 -9999.0 -9999.0 -9999.0 -654.466849 -728.837565 -2121.631651 -2389.368836 -3821.880277 -3756.545401 -938.346157 -529.038251 -464.392519 -9999.0 -9999.0 -9999.0 -9999.0 -9999.0 -9999.0 -9999.0 -9999.0 -9999.0 -9999.0 -9999.0 -9999.0 -9999.0 -9999.0 -9999.0 -9999.0 -9999.0 -9999.0 -9999.0 -9999.0 -9999.0 -9999.0 -9999.0 -9999.0 -9999.0
-9999.0 -9999.0 -9999.0 -9999.0 -9999.0 -9999.0 -9999.0 -9999.0 -9999.0 -9999.0 -9999.0 -9999.0 -9999.0 -9999.0 -9999.0 -9999.0 -9999.0 -9999.0 -912.692774 -800.787142 -9999.0 -708.026582 -759.365464 -3704.031888 -2237.151457 -3708.563307 -1053.710566 -1239.337167 -1111.368925 -1635.671226 -808.179870 -541.605307 -311.487069 -349.733863 -9999.0 -9999.0 -9999.0 -9999.0 -9999.0 -9999.0 -9999.0 -9999.0 -9999.0 -9999.0 -9999.0 -9999.0 -9999.0 -9999.0 -9999.0 -9999.0 -9999.0 -9999.0 -9999.0 -9999.0 -9999.0 -9999.0 -9999.0
-9999.0 -9999.0 -9999.0 -9999.0 -9999.0 -9999.0 -9999.0 -9999.0 -9999.0 -9999.0 -9999.0 -9999.0 -9999.0 -9999.0 -9999.0 -9999.0 -9999.0 -2125.955900 -2461.504769 -49842.277399 -297.078435 -904.351401 -1765.061454 -3403.904539 -1290.846417 -867.104092 78207.866673 -1168.030994 25329.834023 -980.726847 -734.604272 -840.163481 -210.770267 -450.657163 -470.390276 -415.883176 -9999.0 -9999.0 -9999.0 -9999.0 -9999.0 -9999.0 -9999.0 -9999.0 -9999.0 -9999.0 -9999.0 -9999.0 -9999.0 -9999.0 -9999.0 -9999.0 -9999.0 -9999.0 -9999.0 -9999.0 -9999.0
-9999.0 -9999.0 -9999.0 -9999.0 -9999.0 -9999.0 -9999.0 -9999.0 -9999.0 -9999.0 -9999.0 -9999.0 -9999.0 -1446.932273 -2103.833292 -1945.906185 -2238.579450 -7747.970917 -2091.842299 -3650.215214 -2249.946009 -2178.977066 -3603.127364 -1993.003956 -550.008042 -755.730167 -19800.163789 5821.400746 2144.698103 -679.643093 23551.867528 -607.473576 -666.255837 -499.787973 -154.445591 -356.464418 -9999.0 -9999.0 -9999.0 -9999.0 -9999.0 -9999.0 -9999.0 -9999.0 -9999.0 -9999.0 -9999.0 -9999.0 -9999.0 -9999.0 -9999.0 -9999.0 -9999.0 -9999.0 -9999.0 -9999.0 -9999.0
-9999.0 -9999.0 -9999.0 -9999.0 -9999.0 -9999.0 -9999.0 -9999.0 -9999.0 -9999.0 -9999.0 -9999.0 -9999.0 -1059.964574 -2338.318700 -2134.737182 -2198.009538 -1163.104213 -7769.135863 -2473.021077 -3241.081084 -3576.746384 -2078.398133 -1315.113760 -1911.938828 -2512.922448 -765.790789 -194.830334 -233.792392 58837.567569 51591.582550 -551.893931 -241.138952 -362.377738 -254.416315 -9999.0 -9999.0 -9999.0 -9999.0 -9999.0 -9999.0 -9999.0 -9999.0 -9999.0 -9999.0 -9999.0 -9999.0 -9999.0 -9999.0 -9999.0 -9999.0 -9999.0 -9999.0 -9999.0 -9999.0 -9999.0 -9999.0
-9999.0 -9999.0 -9999.0 -9999.0 -9999.0 -9999.0 -9999.0 -9999.0 -9999.0 -9999.0 -9999.0 -9999.0 -9999.0 -2469.056762 416.330201 -2199.951790 -2142.249552 -2165.998921 -7836.903333 -2151.975065 -1435.513369 -39726.351400 -941.497420 -133.866324 -2102.729682 -1950.855905 -287.276061 -290.339491 -498.369098 -380.001595 -446.519454 -209.017737 -416.402229 -294.190111 -307.306356 -9999.0 -9999.0 -9999.0 -9999.0 -9999.0 -9999.0 -9999.0 -9999.0 -9999.0 -9999.0 -9999.0 -9999.0 -9999.0 -9999.0 -9999.0 -9999.0 -9999.0 -9999.0 -9999.0 -9999.0 -9999.0 -9999.0
-9999.0 -9999.0 -9999.0 -9999.0 -9999.0 -9999.0 -9999.0 -9999.0 -9999.0 -9999.0 -9999.0 -9999.0 -3635.475445 6307.641010 -2403.348548 -2204.533061 -1629.689139 -2032.075810 -1513.909070 -54139.605304 -2244.817734 -1093.028061 -16345.391917 -667.634027 33245.861698 -749.323105 30495.752124 -525.058474 -546.342057 -210.275319 -578.682341 -286.645352 -457.988144 -362.275203 -9999.0 -9999.0 -9999.0 -9999.0 -9999.0 -9999.0 -9999.0 -9999.0 -9999.0 -9999.0 -9999.0 -9999.0 -9999.0 -9999.0 -9999.0 -9999.0 -9999.0 -9999.0 -9999.0 -9999.0 -9999.0 -9999.0 -9999.0
-9999.0 -9999.0 -9999.0 -9999.0 -9999.0 -9999.0 -9999.0 -9999.0 -9999.0 -9999.0 -9999.0 -976.087833 -2239.413862 98.522444 -2366.743489 -1197.503045 -56625.886977 -2108.974395 -1033.982153 -61017.352168 -3087.529552 -1729.781569 -1140.610400 -854.674887 -1745.989002 -732.985217 -525.244707 -614.461784 2456.904159 -251.904584 -300.573893 -650.529976 -188.749322 -334.703347 -301.967284 -242.633900 -611.365434 -1097.253296 -178.916637 -9999.0 -9999.0 -9999.0 -472.037414 -9999.0 -9999.0 -9999.0 -9999.0 -9999.0 -9999.0 -9999.0 -9999.0 -9999.0 -9999.0 -9999.0 -9999.0 -9999.0 -9999.0
-9999.0 -9999.0 -9999.0 -9999.0 -9999.0 -9999.0 -9999.0 -9999.0 -9999.0 -9999.0 -9999.0 -955.508155 -2249.018380 -3905.959742 -2602.142418 -1703.626837 -2812.090373 -2574.740588 -1087.931087 -1762.045573 -1315.185960 -1376.770266 -609.354101 47666.910374 51164.886537 -680.128022 -613.795646 -709.179240 -128.160630 -298.092119 -587.125249 -672.485878 -502.256864 -535.968383 -711.511813 -613.220134 -874.249319 -1614.830000 -1505.643662 -425.761537 -358.884341 -334.230233 -521.200521 -295.130184 -9999.0 -9999.0 -9999.0 -714.100181 -441.024182 -189.548396 -368.161255 -207.335593 -193.490071 24909.335679 33778.209496 -144.488383 -9999.0
-9999.0 -9999.0 -9999.0 -9999.0 -9999.0 -9999.0 -9999.0 -9999.0 -9999.0 -9999.0 -9999.0 -914.226010 -1005.819327 -2057.839427 -921.962375 -1776.112475 -2087.586906 -2349.897223 -2232.171813 -1776.822752 -1136.459076 -840.008955 54166.925404 -538.805320 -697.898510 -264.313983 55582.729949 55725.367708 -237.994284 -670.328941 -256.560746 47710.301525 -671.096679 -554.056797 -245.309701 -766.113111 54641.594088 -1055.653548 -1738.850249 -457.823056 -935.134354 -142.053267 -674.873325 -582.240737 -492.467136 -9999.0 -342.545431 -449.955803 -474.352362 -631.441563 -140.770901 -164.793265 -136.993156 -500.396821 -106.816787 -538.108281 -9999.0
-9999.0 -9999.0 -9999.0 -9999.0 -9999.0 -9999.0 -9999.0 -9999.0 -9999.0 -9999.0 -9999.0 -9999.0 -915.251065 -561.407231 -1090.010148 -1103.920789 -1340.581357 -2263.143761 -1119.804027 -1732.948367 -1808.138053 -1667.096474 3060.289931 41655.918624 52588.836025 55332.788139 2326.676395 -157.146277 -515.571725 -277.845693 -588.373619 54136.210574 -153.885939 -445.088974 -489.612102 -646.476462 -379.269550 -1334.128258 -914.857546 -363.711759 -1306.766541 -317.450664 40649.399983 -609.305568 -267.637805 -508.719569 -313.690066 -500.216720 41737.034586 53301.492587 51411.136111 47747.968770 48517.497870 47540.838540 47162.977389 -367.851848 -505.218820
-9999.0 -9999.0 -9999.0 -9999.0 -9999.0 -9999.0 -9999.0 -9999.0 -9999.0 -9999.0 -9999.0 61951.928036 -785.687260 -222.735110 -558.028561 -1033.747326 -1848.942074 -1796.390324 -1520.125073 -1497.111835 -2017.035508 -1051.853257 -213.669142 31039.699795 56161.181412 55666.707087 57356.061209 -525.374418 -526.129340 -230.419133 56914.232440 56131.985000 -839.394763 -468.240437 -635.399057 -547.143002 -812.571757 -1395.307325 -978.650690 -1826.661083 -1287.563685 -1323.955139 864.665175 -8774.691362 -998.692793 -517.735794 -580.988374 -262.299020 -240.659077 -175.596075 -716.045298 -539.657500 14400.981150 -773.036965 -1007.897322 -409.241325 -219.479209
-9999.0 -9999.0 -9999.0 -9999.0 -9999.0 -9999.0 -9999.0 -9999.0 -9999.0 -9999.0 2181.726991 53451.834117 -762.967184 -819.072272 -954.261297 2051.544988 2052.384712 -945.600147 -1858.004277 -1437.423601 -1358.658062 -876.534302 45044.845895 -754.889032 -97.824900 32603.437057 48175.049686 -767.061769 -167.501766 -976.785775 31725.641632 30498.133984 -838.595711 -465.412743 -314.941183 -278.655613 -893.436152 48871.794443 -657.512045 -331.436193 -721.347561 -4232.463949 -75.262920 -740.801052 258.900750 -227.368278 -730.443723 39956.068435 52999.850545 -5.343517 -2028.808881 -227.030752 -893.577385 -169.298754 -143.158480 -458.514796 -459.214896
-9999.0 -9999.0 -9999.0 -9999.0 -9999.0 -9999.0 -9999.0 -9999.0 -9999.0 -713.477850 -574.308564 19870.945889 -76.985792 58936.934823 66672.353826 15295.676930 8878.260836 -1012.388733 -2306.727655 -1553.013663 -1453.009401 -1558.929276 -1493.945987 -1394.925868 -455.493255 64924.576460 53153.311413 -816.227254 38094.749182 431.969126 -320.055251 -4.875972 -225.993374 -333.487795 -329.806587 -277.379257 -809.682567 49969.412872 55528.224401 67180.151006 66159.572736 65951.903842 48975.713918 -1294.008471 -1325.401969 2128.767071 -1110.434919 25273.141943 28279.949598 -352.418855 -101.489517 -231.259056 -189.054938 -108.371925 -145.375819 3657.693583 10517.295446
-9999.0 -9999.0 -9999.0 -9999.0 -9999.0 -9999.0 -9999.0 -9999.0 -9999.0 -145.541236 -707.372377 -1046.319179 4777.271957 -592.203556 27166.044774 59198.213047 -794.331526 -1181.623772 -2398.871973 -1758.844135 -1633.875337 -2253.832187 -1055.674870 -650.775612 61389.877967 56708.977460 59314.942108 -78.561655 -511.064139 -648.436374 -1007.465258 65417.413607 -586.125690 -578.413532 -476.155672 -297.239020 -277.354480 -208.207092 -712.760843 -896.170336 61137.002934 43670.805905 71042.457375 -698.803111 -1067.383455 -1077.225519 -1418.201125 -1408.374463 -593.944642 -680.707992 -20.681766 39408.137401 -108.028471 42742.800769 -72.374917 14080.096376 8127.891988
-9999.0 -9999.0 -9999.0 -9999.0 -9999.0 -9999.0 -9999.0 -9999.0 -9999.0 -9999.0 -580.503526 -885.639226 62.456154 42432.231805 -806.559230 6793.837438 -598.976036 -1768.900529 -2490.957623 -1808.620302 -1566.170964 -2634.597212 29.004045 36700.677787 56282.263809 635.587463 -364.865074 -713.280315 -886.337218 74281.717128 69244.284373 77369.922993 46617.107900 -480.108469 -598.294021 -824.783747 -704.999507 -674.895538 -246.054468 -587.308945 -563.780253 -608.534504 4844.917786 683.781019 -379.742687 -343.418098 -2000.528369 -1055.540606 -3252.608712 -1136.710935 -33.473331 -115.079717 -138.539222 -114.428354 42765.802497 -339.883848 -307.606337
-9999.0 -9999.0 -9999.0 -9999.0 -9999.0 -9999.0 -9999.0 -9999.0 -9999.0 -9999.0 -476.911616 -701.719219 -661.008548 205.690918 -622.212972 -1012.539638 -582.584557 -1553.299302 -2053.946401 -2117.281792 -2027.796142 -2000.799907 775.023850 32401.151086 -97.533937 -480.584735 -713.855184 693.141330 74624.394867 46889.719499 -587.104623 -475.626774 -1432.249977 -602.125731 -622.900780 -629.934610 15341.946834 46225.761079 42544.578193 -518.354694 -605.620748 -92.555916 55598.731959 -957.865314 -630.239987 2089.840740 167.756004 -370.116226 -2206.898214 -2571.703088 -202.465545 39506.850244 47481.520123 -143.636579 -146.990520 -111.673358 -349.136894
-9999.0 -9999.0 -9999.0 -9999.0 -9999.0 -9999.0 -9999.0 -9999.0 -515.313833 -554.676105 -120.608788 -500.109453 24196.373689 58857.084868 109125.497374 -864.668059 -3093.178925 -2258.306379 -2236.948643 -2177.212040 -2233.105237 -2533.204382 -2445.717461 -2186.874239 -1078.415237 -687.446815 -630.764227 78523.573341 60910.740543 46710.150522 -262.685606 -580.870628 -593.623695 -545.278961 -579.234971 -719.640348 -1223.018914 40694.349027 68482.752158 -297.513246 -246.838069 -610.026197 -674.439230 -259.303483 -278.619777 2133.074804 67429.869172 66903.205718 -256.347796 -778.500114 -467.878775 -43.748317 23098.152248 38040.667100 -124.305735 -105.299140 -182.213341
-9999.0 -9999.0 -9999.0 -9999.0 -9999.0 -9999.0 -9999.0 -9999.0 -42.271057 24619.849078 44248.938380 -511.728078 -684.103042 51974.177304 69291.544920 -374.572810 -1771.830062 -2107.412901 -3327.248659 -2189.390859 -1118.032133 -1946.187075 -2144.165885 -2348.704412 -2393.678197 -1337.123926 -561.766740 59347.088496 -1821.148172 -499.332106 -569.394237 -335.491004 -655.977022 -320.856688 -529.481168 -624.651123 -1230.907312 -302.215185 51913.512469 -826.365267 -602.933754 -78.617466 -294.615034 -895.172035 2604.095694 52018.818558 -724.831796 -757.625108 39071.687723 -659.926546 -545.409696 35620.822772 21916.088443 -384.908547 -127.585548 -4449.893307 29701.344811
-9999.0 -9999.0 -9999.0 -9999.0 -9999.0 -9999.0 -9999.0 -9999.0 -614.732783 3290.357167 -305.478461 42655.105185 -418.439583 -694.096232 56455.082422 51280.828620 -1078.546808 -2181.203932 -2584.504398 -1123.606606 -2197.753672 -1963.244429 -2152.870552 -2201.956117 -1972.973121 -2102.502903 -623.024510 74261.024475 -1229.717826 -589.996277 -332.902407 -545.346696 53286.026905 -110.630899 -593.145142 -1135.536156 -688.712775 -701.815821 45719.325843 49673.152776 -777.931763 -343.419653 -583.383442 2554.427988 57677.589990 -564.634739 -348.039797 -473.121653 54580.134574 -293.092357 -828.620340 -395.475047 5293.759441 15813.220766 15879.785784 920.704150 -339.963271
-9999.0 -9999.0 -9999.0 -9999.0 -9999.0 -9999.0 -9999.0 -9999.0 -285.640109 -750.948117 25637.833910 -1692.324939 -492.967943 53921.120013 -46.543191 -519.683742 -2971.448111 -2523.859582 -1528.404134 -2141.021106 -2160.397100 -2142.354833 -1915.784933 -1932.224332 -1814.402201 -1122.403826 76749.577031 62337.561464 -664.901779 51223.339712 41002.780682 59192.151756 -240.324721 -78.686772 -155.493708 -1297.367625 -1562.904281 -2215.700086 -887.773305 -119.547290 -1012.784688 -1038.822257 -992.286074 -287.264251 -531.544937 -285.274643 -174.760759 -226.080195 -673.792113 31791.335463 51.484282 -1053.397872 -476.298384 24606.423846 -273.370027 -446.063686 -1246.960447
-9999.0 -9999.0 -9999.0 -9999.0 -9999.0 -9999.0 -9999.0 -9999.0 7871.880070 -443.096485 -115.697785 68248.353863 67870.415721 76293.596817 -418.495128 -998.374928 -917.138441 -1816.982076 -1292.865782 -2147.475118 -2070.261173 -2044.144300 -2119.198370 -2123.358339 -2228.602658 -1071.808777 70263.295905 -83.907445 -647.700980 99.205742 41396.445107 -418.931132 -1245.899405 -649.919226 -1144.311279 -2749.480352 -3293.726705 -2437.142073 -2937.730158 -1064.871541 -1468.203519 -8032.979199 -1017.519546 -658.921491 30824.925052 -1046.998720 36951.509161 20564.922339 46235.216129 -463.823631 -1809.318915 -1358.119242 -1087.950401 -895.693416 -600.849926 -642.630195 -939.982613
-9999.0 -9999.0 -163.502092 -565.176876 -140.755800 50255.294473 48583.764921 47942.222986 -376.379308 -404.587354 51678.531014 59724.011441 70911.068477 101.946584 -931.810352 -127.421597 -274.031381 70206.755292 61985.203255 -759.700603 -2136.650946 -2015.054600 -1687.243514 -2180.206960 -1985.644413 -1898.412271 -972.056457 -935.987062 -1513.360224 -976.641651 270.327704 -1197.216266 -1252.727428 -2044.189958 -2159.409061 -2305.433928 -2249.076240 -2587.977056 -3180.111855 -2766.511667 -3463.593589 -3462.574183 -2627.153921 -1601.471879 -785.676891 -1454.135692 -848.534643 -798.240422 -2931.779580 -2003.682216 -2169.698129 -1399.147764 -1011.649839 -825.852047 -717.995932 -816.199428 -911.272263
