user2019/resources/simulation/Vinschgau/output-maps/psiL0005N1409.asc
ncols         63
nrows         48
xllcorner     598000.000000
yllcorner     5145000.000000
cellsize      1000.000000
NODATA_value  -9999.0
[rows 0 to 25 of 48, columns 0 to 56 of 63]
-9999.0 -9999.0 -9999.0 -9999.0 -9999.0 -9999.0 -9999.0 -9999.0 -9999.0 -9999.0 -9999.0 -9999.0 -9999.0 -9999.0 -9999.0 -9999.0 -9999.0 -9999.0 -9999.0 -9999.0 -9999.0 -9999.0 -9999.0 -9999.0 -9999.0 -9999.0 -9999.0 -9999.0 -9999.0 -9999.0 -9999.0 -9999.0 -9999.0 -9999.0 -9999.0 -9999.0 -9999.0 -9999.0 -9999.0 -9999.0 -9999.0 -9999.0 -9999.0 -9999.0 -9999.0 -9999.0 -9999.0 -9999.0 -9999.0 -9999.0 -9999.0 -9999.0 -9999.0 -9999.0 -9999.0 -9999.0 -9999.0
-9999.0 -9999.0 -9999.0 -9999.0 -9999.0 -9999.0 -9999.0 -9999.0 -9999.0 -9999.0 -9999.0 -9999.0 -9999.0 -9999.0 -9999.0 -9999.0 -9999.0 -9999.0 -9999.0 -9999.0 -9999.0 -9999.0 -9999.0 -9999.0 -9999.0 -9999.0 -9999.0 -323.807454 -1226.224121 -253.283024 -847.618003 -119.375319 12733.470491 -9999.0 -9999.0 -9999.0 -9999.0 -9999.0 -9999.0 -9999.0 -9999.0 -9999.0 -9999.0 -9999.0 -9999.0 -9999.0 -9999.0 -9999.0 -9999.0 -9999.0 -9999.0 -9999.0 -9999.0 -9999.0 -9999.0 -9999.0 -9999.0
-9999.0 -9999.0 -9999.0 -9999.0 -9999.0 -9999.0 -9999.0 -9999.0 -9999.0 -9999.0 -9999.0 -9999.0 -9999.0 -9999.0 -9999.0 -9999.0 -9999.0 -9999.0 -9999.0 -9999.0 -9999.0 -9999.0 -9999.0 -9999.0 -729.479280 -732.588103 -755.902531 -736.157622 -694.926469 -949.264780 -813.141614 -9999.0 -9999.0 -9999.0 -9999.0 -9999.0 -9999.0 -9999.0 -9999.0 -9999.0 -9999.0 -9999.0 -9999.0 -9999.0 -9999.0 -9999.0 -9999.0 -9999.0 -9999.0 -9999.0 -9999.0 -9999.0 -9999.0 -9999.0 -9999.0 -9999.0 -9999.0
-9999.0 -9999.0 -9999.0 -9999.0 -9999.0 -9999.0 -9999.0 -9999.0 -9999.0 -9999.0 -9999.0 -9999.0 -9999.0 -9999.0 -9999.0 -9999.0 -9999.0 -9999.0 -9999.0 -9999.0 -9999.0 -9999.0 -9999.0 -759.957379 -860.743616 -2132.850974 -2505.274143 -3770.490486 -3744.763058 -1225.674445 -843.500130 -532.909918 -9999.0 -9999.0 -9999.0 -9999.0 -9999.0 -9999.0 -9999.0 -9999.0 -9999.0 -9999.0 -9999.0 -9999.0 -9999.0 -9999.0 -9999.0 -9999.0 -9999.0 -9999.0 -9999.0 -9999.0 -9999.0 -9999.0 -9999.0 -9999.0 -9999.0
-9999.0 -9999.0 -9999.0 -9999.0 -9999.0 -9999.0 -9999.0 -9999.0 -9999.0 -9999.0 -9999.0 -9999.0 -9999.0 -9999.0 -9999.0 -9999.0 -9999.0 -9999.0 -978.939337 -945.984594 -9999.0 -824.347955 -893.654978 -3639.334509 -2305.666505 -3639.602654 -1200.735674 -1392.072091 -1315.887412 -1894.921824 -1034.810566 -925.791818 -292.875978 -338.997755 -9999.0 -9999.0 -9999.0 -9999.0 -9999.0 -9999.0 -9999.0 -9999.0 -9999.0 -9999.0 -9999.0 -9999.0 -9999.0 -9999.0 -9999.0 -9999.0 -9999.0 -9999.0 -9999.0 -9999.0 -9999.0 -9999.0 -9999.0
-9999.0 -9999.0 -9999.0 -9999.0 -9999.0 -9999.0 -9999.0 -9999.0 -9999.0 -9999.0 -9999.0 -9999.0 -9999.0 -9999.0 -9999.0 -9999.0 -9999.0 -2130.610760 -2517.137175 -36774.770286 -337.950699 -1024.610217 -1941.961183 -3420.506740 -1425.752735 -1042.287850 85659.785676 -1519.590987 22592.486833 -1149.383403 -878.288246 -1080.621200 -268.300690 -474.678499 -433.233340 -383.314622 -9999.0 -9999.0 -9999.0 -9999.0 -9999.0 -9999.0 -9999.0 -9999.0 -9999.0 -9999.0 -9999.0 -9999.0 -9999.0 -9999.0 -9999.0 -9999.0 -9999.0 -9999.0 -9999.0 -9999.0 -9999.0
-9999.0 -9999.0 -9999.0 -9999.0 -9999.0 -9999.0 -9999.0 -9999.0 -9999.0 -9999.0 -9999.0 -9999.0 -9999.0 -1669.115398 -2144.968126 -2002.892533 -2258.343545 -7147.032445 -2093.976259 -3558.771618 -2315.086193 -2248.326420 -3545.650424 -2060.122570 -661.188761 -886.653298 -6759.535831 3298.277186 -100.489011 -882.268673 21951.414087 -720.726914 -1010.258345 -892.281234 -180.123306 -324.127324 -9999.0 -9999.0 -9999.0 -9999.0 -9999.0 -9999.0 -9999.0 -9999.0 -9999.0 -9999.0 -9999.0 -9999.0 -9999.0 -9999.0 -9999.0 -9999.0 -9999.0 -9999.0 -9999.0 -9999.0 -9999.0
-9999.0 -9999.0 -9999.0 -9999.0 -9999.0 -9999.0 -9999.0 -9999.0 -9999.0 -9999.0 -9999.0 -9999.0 -9999.0 -1195.224947 -2445.126537 -2177.024540 -2225.156599 -1224.458182 -7163.468988 -2534.083898 -3204.419929 -3514.125944 -2236.641269 -1548.589677 -2039.706264 -2978.028063 -1322.439024 -264.631709 -246.985423 66096.233605 48213.489094 -991.448154 -232.915626 -298.071156 -217.693536 -9999.0 -9999.0 -9999.0 -9999.0 -9999.0 -9999.0 -9999.0 -9999.0 -9999.0 -9999.0 -9999.0 -9999.0 -9999.0 -9999.0 -9999.0 -9999.0 -9999.0 -9999.0 -9999.0 -9999.0 -9999.0 -9999.0
-9999.0 -9999.0 -9999.0 -9999.0 -9999.0 -9999.0 -9999.0 -9999.0 -9999.0 -9999.0 -9999.0 -9999.0 -9999.0 -2549.488525 375.236982 -2198.196668 -2178.814704 -2196.683921 -7210.033393 -2152.615901 -1547.672568 -26941.427811 -1128.705323 -171.546051 -2150.344569 -2063.381008 -328.878047 -287.101868 -590.044904 -339.820835 -625.120489 -161.344801 -332.648903 -294.190087 -265.879364 -9999.0 -9999.0 -9999.0 -9999.0 -9999.0 -9999.0 -9999.0 -9999.0 -9999.0 -9999.0 -9999.0 -9999.0 -9999.0 -9999.0 -9999.0 -9999.0 -9999.0 -9999.0 -9999.0 -9999.0 -9999.0 -9999.0
-9999.0 -9999.0 -9999.0 -9999.0 -9999.0 -9999.0 -9999.0 -9999.0 -9999.0 -9999.0 -9999.0 -9999.0 -3556.803168 6269.904224 -2506.043511 -2216.977528 -1753.963093 -2089.170849 -1450.980132 -39994.542028 -2304.316217 -1424.773464 -12570.729860 -960.200897 30243.894782 -1274.521082 27493.494510 -788.914067 -862.968012 -191.799660 -561.332909 -262.287448 -377.844010 -344.265022 -9999.0 -9999.0 -9999.0 -9999.0 -9999.0 -9999.0 -9999.0 -9999.0 -9999.0 -9999.0 -9999.0 -9999.0 -9999.0 -9999.0 -9999.0 -9999.0 -9999.0 -9999.0 -9999.0 -9999.0 -9999.0 -9999.0 -9999.0
-9999.0 -9999.0 -9999.0 -9999.0 -9999.0 -9999.0 -9999.0 -9999.0 -9999.0 -9999.0 -9999.0 -1138.486287 -2249.138597 -489.017308 -2481.601940 -1324.138911 -40816.805086 -2156.691808 -1076.642288 -46258.671990 -3099.796068 -1807.948499 -1493.950049 -1160.086417 -2597.375014 -950.403425 -668.012320 -1317.293651 874.374009 -210.294943 -277.801185 -933.245533 -206.490298 -309.644622 -274.024807 -267.995137 -1061.352290 -1517.414067 -242.341691 -9999.0 -9999.0 -9999.0 -441.831022 -9999.0 -9999.0 -9999.0 -9999.0 -9999.0 -9999.0 -9999.0 -9999.0 -9999.0 -9999.0 -9999.0 -9999.0 -9999.0 -9999.0
-9999.0 -9999.0 -9999.0 -9999.0 -9999.0 -9999.0 -9999.0 -9999.0 -9999.0 -9999.0 -9999.0 -1143.821581 -2300.263877 -3820.523608 -2690.250443 -1886.891988 -2838.388962 -2608.356059 -1119.516306 -1746.383530 -1439.078338 -1584.640075 -709.661398 53420.493257 57313.618150 -1254.730913 -1106.955317 -912.888888 -181.845759 -268.998517 -1196.045808 -868.949321 -544.421768 -410.140599 -604.301190 -1234.229923 -1143.218009 -2335.731035 -1854.539199 -399.248635 -337.979447 -309.054351 -875.477890 -281.947229 -9999.0 -9999.0 -9999.0 -660.818791 -424.349346 -161.189244 -353.666288 -175.575561 -160.795542 31349.174660 40154.479319 -123.475205 -9999.0
-9999.0 -9999.0 -9999.0 -9999.0 -9999.0 -9999.0 -9999.0 -9999.0 -9999.0 -9999.0 -9999.0 -1104.990217 -1192.888120 -2734.420426 -991.230088 -1950.329029 -2136.503267 -2424.711994 -2227.958214 -1753.211721 -1189.965962 -1145.585683 60784.145612 -658.832410 -1242.223097 -309.496860 61974.321719 62132.754764 -270.074257 -566.390271 -266.821172 53761.471762 -861.538600 -436.378761 -229.395080 -982.380213 61171.036814 -1012.015921 -2109.844386 -460.118607 -1521.712069 -143.385353 -865.477835 -1337.413813 -452.531685 -9999.0 -307.556043 -436.658409 -743.354043 -942.825683 -199.859231 -233.266430 -172.508467 -763.674174 -118.845168 -412.910250 -9999.0
-9999.0 -9999.0 -9999.0 -9999.0 -9999.0 -9999.0 -9999.0 -9999.0 -9999.0 -9999.0 -9999.0 -9999.0 -1088.195868 -696.071353 -1230.547277 -1239.112621 -1460.202237 -2342.330752 -1178.619812 -1723.271539 -2011.689634 -2403.745556 -26.714264 48608.159720 58230.596702 61647.549967 2239.328189 -229.585729 -827.814842 -268.555378 -1076.686829 60539.279043 -223.542544 -619.772948 -506.076964 -1317.104120 -363.234875 -1265.947515 -1054.592307 -415.648285 -1552.690125 -367.650959 47715.012744 -712.634902 -269.751563 -489.634485 -274.263690 -380.998448 47283.931914 60032.174274 57758.427098 53829.526959 54599.290385 53028.976831 52463.428116 -252.273447 -214.412543
-9999.0 -9999.0 -9999.0 -9999.0 -9999.0 -9999.0 -9999.0 -9999.0 -9999.0 -9999.0 -9999.0 69157.321769 -925.216307 -248.164410 -662.123251 -1309.794924 -1992.254850 -1993.154467 -1636.244618 -1557.749945 -2177.077554 -1188.821682 -405.034385 37405.957628 62619.761018 62093.346773 64301.937474 -809.926555 -741.688220 -291.235762 63253.148538 62248.224963 -1096.324293 -682.541011 -522.180553 -1118.079845 -1428.051518 -1314.943578 -1028.203202 -2090.111144 -1219.006571 -1533.910933 417.202035 -6099.258175 -1300.193524 -813.746887 -1130.157246 -316.451110 -281.233954 -202.978882 -650.556097 -877.594899 19687.931784 -700.719631 -894.900960 -386.082367 -189.339840
-9999.0 -9999.0 -9999.0 -9999.0 -9999.0 -9999.0 -9999.0 -9999.0 -9999.0 -9999.0 2140.716245 60428.604449 -895.182839 -970.493556 -1116.299719 2364.005852 2854.639559 -1073.883819 -1926.489120 -1495.908993 -1407.297824 -970.061688 52777.654438 -889.209901 -180.162805 30249.205621 54104.789241 -692.212081 -242.937094 -1265.101828 42346.665072 36602.389081 -1071.448829 -665.290220 -281.462656 -288.026122 -1152.393952 55603.398802 -631.695057 -358.362549 -886.298137 -2239.200726 -85.195040 -829.140461 2981.776580 -291.670773 -1089.658697 47043.664367 60426.642859 -198.613895 -1592.989865 -197.026465 -805.830302 -163.779677 -137.199784 -632.159250 -663.456690
-9999.0 -9999.0 -9999.0 -9999.0 -9999.0 -9999.0 -9999.0 -9999.0 -9999.0 -1215.457024 -639.664823 25593.056010 -130.985745 66003.194525 78008.725550 5023.914853 13988.560550 -1140.309336 -2389.547311 -1605.759752 -1487.077428 -1690.572667 -1746.578038 -1650.670904 -516.023885 72685.009188 58908.755522 -1045.910548 44942.631480 -171.654644 -367.069439 3260.261448 -252.532188 -300.559252 -309.640262 -285.347513 -1024.979229 56291.754527 62139.112826 71175.674931 73338.131551 73999.031186 56939.180029 -1478.319872 -1617.076611 4071.542398 -1348.414675 32077.865762 35088.951032 -399.718418 -97.212727 -197.679138 -182.827869 -100.505513 -135.555392 9018.624299 15984.681268
-9999.0 -9999.0 -9999.0 -9999.0 -9999.0 -9999.0 -9999.0 -9999.0 -9999.0 -186.949621 -1244.740873 -1369.102629 4748.490455 -762.607877 32963.786298 66157.858027 -945.596855 -1443.665340 -2469.856579 -1735.648962 -1640.621505 -2256.319701 -1175.893509 -723.582427 69131.859062 63004.375067 66554.633417 -206.633891 -625.569752 -711.413829 -1370.153316 73096.950314 -1248.785804 -495.925290 -740.621975 -301.886375 -312.174801 -284.920039 -1247.846240 -1161.988342 67869.215651 49643.158198 78240.180549 -850.540303 -1119.739842 -1230.126043 -1737.888988 -2178.874998 -810.585846 -773.518619 -6.292234 44291.964055 -103.573378 48441.244659 -69.715656 19121.086770 13747.398270
-9999.0 -9999.0 -9999.0 -9999.0 -9999.0 -9999.0 -9999.0 -9999.0 -9999.0 -9999.0 -1045.476893 -1149.929491 -66.379195 41798.457570 -1104.105209 11792.814648 -729.930917 -1951.849252 -2551.852600 -1843.581487 -1584.549646 -2805.360596 -33.938672 44378.983412 62761.016466 5111.473553 -435.057185 -866.129127 -1086.775708 82167.354159 77017.756895 85140.866270 52112.037525 -615.385290 -788.506920 -1077.210610 -818.969005 -792.780534 -285.779739 -1189.025781 -954.753584 -708.447576 4816.653032 2329.997528 -446.090565 -416.849124 -2162.385396 -1172.948061 -3317.931382 -1566.067447 -26.023093 -110.587337 -131.643317 -110.192338 48333.819225 -328.009815 -422.006977
-9999.0 -9999.0 -9999.0 -9999.0 -9999.0 -9999.0 -9999.0 -9999.0 -9999.0 -9999.0 -721.493590 -1011.301845 -764.538368 -172.185384 -700.673015 -1136.631589 -795.194344 -1652.449965 -2117.376896 -2105.487357 -2073.780330 -2150.391451 2310.156539 37541.399139 -60.904555 -561.259509 -792.550290 408.990115 82741.823643 52479.666008 -1114.670068 -557.780022 -1191.018158 -556.619173 -1209.493841 -748.697829 17893.166209 52533.822061 48480.197573 -760.954253 -1353.840250 -106.498002 62619.717541 -1222.731621 -695.592406 5112.226688 -216.536114 -420.713967 -2299.502020 -2960.505991 -273.906133 45444.467321 52741.491316 -132.287937 -142.170240 -107.356911 -332.630292
-9999.0 -9999.0 -9999.0 -9999.0 -9999.0 -9999.0 -9999.0 -9999.0 -636.532449 -971.711954 -120.060047 -598.034424 29447.949871 66008.199149 121781.034963 -934.159220 -3161.982565 -2260.068004 -2258.814588 -2161.588724 -2263.283191 -2590.711404 -2520.904009 -2303.861679 -1337.712986 -745.306742 -668.943114 87030.734698 67349.182117 52321.200349 -219.694175 -1151.532263 -1226.031297 -619.227754 -1179.149822 -1280.346950 -1444.297405 13793.802730 76215.157586 -305.573331 -306.758744 -713.668105 -613.899324 -285.219318 -337.889161 2099.061145 75034.685322 73972.857951 -369.853490 -866.636046 -529.996988 -37.256375 28626.583188 42690.537432 -119.165390 -111.774271 -186.456725
-9999.0 -9999.0 -9999.0 -9999.0 -9999.0 -9999.0 -9999.0 -9999.0 -51.293909 30665.883099 49912.443134 -698.314937 -1323.132688 57631.924254 77029.773420 -443.979220 -1928.502378 -2230.228507 -3302.802079 -2175.712576 -1150.155924 -1911.800234 -2146.488632 -2372.427787 -2466.882884 -1432.693910 -604.655503 66539.155742 -1439.897416 -724.612467 -450.754933 -358.943887 -1093.428680 -353.740673 -644.988731 -722.322294 -1450.857890 -390.568298 59390.092587 -1038.704964 -1152.834526 -98.804845 -334.898284 -1137.465679 2515.709112 58794.580819 -656.279854 -992.364311 45605.079410 -798.288905 -625.538182 42058.487680 29135.328902 -373.279276 -159.113212 -2636.336942 36553.777329
-9999.0 -9999.0 -9999.0 -9999.0 -9999.0 -9999.0 -9999.0 -9999.0 -1160.740647 2955.185230 -558.552802 48072.067887 -509.510497 -629.725765 63280.045218 59054.621067 -1203.118439 -2213.582336 -2625.403611 -1153.352776 -2185.017523 -1925.299452 -2155.113440 -2201.670642 -1987.727473 -2230.668749 -674.149084 82308.003433 -1048.589300 -1231.075454 -371.246583 -636.178604 59191.561826 -105.893027 -687.060130 -1362.218694 -927.137386 -935.328522 40099.842209 57151.268082 -979.170433 -388.781004 -690.236398 1852.143166 63990.168285 -686.373278 -350.987817 -495.916663 60403.557701 -315.829774 -900.402438 -441.809242 12902.845722 23007.569324 23256.933930 508.281754 -411.232266
-9999.0 -9999.0 -9999.0 -9999.0 -9999.0 -9999.0 -9999.0 -9999.0 -249.611170 -933.940164 32626.006569 -1369.991858 -664.545415 60184.980201 -40.499705 -571.583940 -3009.694518 -2569.922964 -1537.937710 -2149.780206 -2146.656288 -2133.157695 -1876.939203 -1887.009206 -1885.423639 -1237.066293 82858.924680 70124.472895 -764.336397 58522.650217 47942.990842 66964.816965 -346.148407 -276.524624 -173.913629 -1545.774312 -1750.457660 -2304.219230 -1107.460037 -149.346236 -1297.266212 -1349.386950 -1290.047105 -342.893216 -769.926624 -338.199291 -248.084812 -288.302090 -1370.995944 38572.784916 59.148039 -1187.068443 -513.192598 31873.799100 -284.766869 -534.051017 -1604.744435
-9999.0 -9999.0 -9999.0 -9999.0 -9999.0 -9999.0 -9999.0 -9999.0 14367.913369 -605.608258 -133.875411 76159.262870 76058.555635 84664.388791 -416.421980 -1123.126322 -985.582529 -1991.546473 -1401.877863 -2258.919078 -2120.312653 -2044.192161 -2107.227752 -2106.673022 -2232.688607 -1179.542600 78073.222461 556.486639 -785.733912 127.140027 49505.596980 -496.807855 -2223.893563 -823.626326 -1756.288803 -2982.501186 -3269.089688 -2489.823765 -2999.278653 -1358.565399 -2224.497556 -8318.943889 -1527.577173 -1331.991292 37688.448586 -1349.582464 44064.227761 6978.916155 53488.424024 -565.047165 -2431.828681 -1447.691267 -1197.995193 -1025.819497 -710.728162 -721.808084 -1034.279905
-9999.0 -9999.0 -236.772256 -694.971697 -154.036438 56212.755474 54398.616468 53632.224873 -212.129621 -372.247217 58257.523820 67096.470283 79379.363967 98.868993 -1167.230061 -152.137664 -295.513641 77929.960676 68924.837736 -885.229934 -2247.324486 -2081.702419 -1754.307369 -2187.079591 -1972.956152 -2045.686963 -1085.666299 -1063.014159 -1741.631998 -1264.587224 260.715339 -1313.319886 -1410.756581 -2203.674245 -2189.616187 -2372.805356 -2259.599872 -2618.344308 -3160.367485 -2865.667919 -3403.153854 -3431.362599 -2839.266027 -2066.381741 -1033.527523 -2197.041238 -1085.949326 -910.968620 -3128.437826 -2086.894073 -2190.021812 -1424.569863 -1090.245514 -899.982618 -788.266942 -876.578530 -996.889453
