user2019/resources/simulation/Vinschgau/output-maps/psiL0007N0985.asc
ncols         63
nrows         48
xllcorner     598000.000000
yllcorner     5145000.000000
cellsize      1000.000000
NODATA_value  -9999.0
[rows 0 to 25 of 48, columns 0 to 57 of 63]
-9999.0 -9999.0 -9999.0 -9999.0 -9999.0 -9999.0 -9999.0 -9999.0 -9999.0 -9999.0 -9999.0 -9999.0 -9999.0 -9999.0 -9999.0 -9999.0 -9999.0 -9999.0 -9999.0 -9999.0 -9999.0 -9999.0 -9999.0 -9999.0 -9999.0 -9999.0 -9999.0 -9999.0 -9999.0 -9999.0 -9999.0 -9999.0 -9999.0 -9999.0 -9999.0 -9999.0 -9999.0 -9999.0 -9999.0 -9999.0 -9999.0 -9999.0 -9999.0 -9999.0 -9999.0 -9999.0 -9999.0 -9999.0 -9999.0 -9999.0 -9999.0 -9999.0 -9999.0 -9999.0 -9999.0 -9999.0 -9999.0 -9999.0
-9999.0 -9999.0 -9999.0 -9999.0 -9999.0 -9999.0 -9999.0 -9999.0 -9999.0 -9999.0 -9999.0 -9999.0 -9999.0 -9999.0 -9999.0 -9999.0 -9999.0 -9999.0 -9999.0 -9999.0 -9999.0 -9999.0 -9999.0 -9999.0 -9999.0 -9999.0 -9999.0 -568.195262 -136.214552 -566.459199 -127.851775 -373.972870 -60.742535 -9999.0 -9999.0 -9999.0 -9999.0 -9999.0 -9999.0 -9999.0 -9999.0 -9999.0 -9999.0 -9999.0 -9999.0 -9999.0 -9999.0 -9999.0 -9999.0 -9999.0 -9999.0 -9999.0 -9999.0 -9999.0 -9999.0 -9999.0 -9999.0 -9999.0
-9999.0 -9999.0 -9999.0 -9999.0 -9999.0 -9999.0 -9999.0 -9999.0 -9999.0 -9999.0 -9999.0 -9999.0 -9999.0 -9999.0 -9999.0 -9999.0 -9999.0 -9999.0 -9999.0 -9999.0 -9999.0 -9999.0 -9999.0 -9999.0 -37.311555 -41.695545 -35.352016 -33.023870 -26.602439 -86.159850 -155.654813 -9999.0 -9999.0 -9999.0 -9999.0 -9999.0 -9999.0 -9999.0 -9999.0 -9999.0 -9999.0 -9999.0 -9999.0 -9999.0 -9999.0 -9999.0 -9999.0 -9999.0 -9999.0 -9999.0 -9999.0 -9999.0 -9999.0 -9999.0 -9999.0 -9999.0 -9999.0 -9999.0
-9999.0 -9999.0 -9999.0 -9999.0 -9999.0 -9999.0 -9999.0 -9999.0 -9999.0 -9999.0 -9999.0 -9999.0 -9999.0 -9999.0 -9999.0 -9999.0 -9999.0 -9999.0 -9999.0 -9999.0 -9999.0 -9999.0 -9999.0 -43.614379 -35.396205 -446.143818 -363.657840 -14924.264210 -10649.271183 -164.815980 -146.747073 -157.845088 -9999.0 -9999.0 -9999.0 -9999.0 -9999.0 -9999.0 -9999.0 -9999.0 -9999.0 -9999.0 -9999.0 -9999.0 -9999.0 -9999.0 -9999.0 -9999.0 -9999.0 -9999.0 -9999.0 -9999.0 -9999.0 -9999.0 -9999.0 -9999.0 -9999.0 -9999.0
-9999.0 -9999.0 -9999.0 -9999.0 -9999.0 -9999.0 -9999.0 -9999.0 -9999.0 -9999.0 -9999.0 -9999.0 -9999.0 -9999.0 -9999.0 -9999.0 -9999.0 -9999.0 -14.299931 -48.001372 -9999.0 -37.533347 -35.140314 -11440.777369 -312.462153 -12749.819718 -206.283443 -141.949227 378.768417 -310.548904 -130.791526 -127.609950 -565.135613 -563.663102 -9999.0 -9999.0 -9999.0 -9999.0 -9999.0 -9999.0 -9999.0 -9999.0 -9999.0 -9999.0 -9999.0 -9999.0 -9999.0 -9999.0 -9999.0 -9999.0 -9999.0 -9999.0 -9999.0 -9999.0 -9999.0 -9999.0 -9999.0 -9999.0
-9999.0 -9999.0 -9999.0 -9999.0 -9999.0 -9999.0 -9999.0 -9999.0 -9999.0 -9999.0 -9999.0 -9999.0 -9999.0 -9999.0 -9999.0 -9999.0 -9999.0 -847.034405 -681.241465 -13494.971316 -569.203146 -265.038725 -293.349655 -4915.254162 -241.488843 -264.271584 -307.399195 -201.041954 -275.020952 -151.539425 -29.203217 -98.604610 -565.185513 -564.719054 -555.134603 -555.404149 -9999.0 -9999.0 -9999.0 -9999.0 -9999.0 -9999.0 -9999.0 -9999.0 -9999.0 -9999.0 -9999.0 -9999.0 -9999.0 -9999.0 -9999.0 -9999.0 -9999.0 -9999.0 -9999.0 -9999.0 -9999.0 -9999.0
-9999.0 -9999.0 -9999.0 -9999.0 -9999.0 -9999.0 -9999.0 -9999.0 -9999.0 -9999.0 -9999.0 -9999.0 -9999.0 -126.158462 -215.663213 -544.183578 -980.986647 -591.717284 -822.143051 -10620.208428 -323.037038 -348.865408 -9462.199506 -111.920224 -229.444784 -41.671535 -10026.794591 -6231.573038 -4605.862459 -229.549354 8377.048584 -28.133883 -112.750144 -136.306194 -556.397093 -555.592762 -9999.0 -9999.0 -9999.0 -9999.0 -9999.0 -9999.0 -9999.0 -9999.0 -9999.0 -9999.0 -9999.0 -9999.0 -9999.0 -9999.0 -9999.0 -9999.0 -9999.0 -9999.0 -9999.0 -9999.0 -9999.0 -9999.0
-9999.0 -9999.0 -9999.0 -9999.0 -9999.0 -9999.0 -9999.0 -9999.0 -9999.0 -9999.0 -9999.0 -9999.0 -9999.0 -42.203339 -285.783747 -604.021009 -866.537507 -231.382864 -591.320879 -472.499359 -76606.040198 -571.913335 -316.683717 -237.278568 -222.544109 -4646.845300 -175.762261 -557.425545 -556.534101 -5327.539854 -168.081004 -166.013737 -556.927605 -557.666848 -556.613267 -9999.0 -9999.0 -9999.0 -9999.0 -9999.0 -9999.0 -9999.0 -9999.0 -9999.0 -9999.0 -9999.0 -9999.0 -9999.0 -9999.0 -9999.0 -9999.0 -9999.0 -9999.0 -9999.0 -9999.0 -9999.0 -9999.0 -9999.0
-9999.0 -9999.0 -9999.0 -9999.0 -9999.0 -9999.0 -9999.0 -9999.0 -9999.0 -9999.0 -9999.0 -9999.0 -9999.0 -351.779213 512.197159 -447.596814 -636.184704 -777.700031 -590.990322 -900.235555 -49.947307 -10378.025013 -264.971490 -263.888146 -187.529463 -176.673339 -567.560609 -556.592769 -133.468006 -556.507736 -162.354475 -560.474327 -559.017069 -560.467396 -557.269485 -9999.0 -9999.0 -9999.0 -9999.0 -9999.0 -9999.0 -9999.0 -9999.0 -9999.0 -9999.0 -9999.0 -9999.0 -9999.0 -9999.0 -9999.0 -9999.0 -9999.0 -9999.0 -9999.0 -9999.0 -9999.0 -9999.0 -9999.0
-9999.0 -9999.0 -9999.0 -9999.0 -9999.0 -9999.0 -9999.0 -9999.0 -9999.0 -9999.0 -9999.0 -9999.0 -8099.000671 4974.919446 -245.399416 -170.685900 -358.999297 -544.178210 -289.282901 -11686.334454 -319.436865 -258.665292 -8239.110312 -189.732922 3259.253849 -167.669857 -27.119576 -146.300387 -94.821477 -556.995303 -256.078450 -563.485900 -122.011878 -555.810185 -9999.0 -9999.0 -9999.0 -9999.0 -9999.0 -9999.0 -9999.0 -9999.0 -9999.0 -9999.0 -9999.0 -9999.0 -9999.0 -9999.0 -9999.0 -9999.0 -9999.0 -9999.0 -9999.0 -9999.0 -9999.0 -9999.0 -9999.0 -9999.0
-9999.0 -9999.0 -9999.0 -9999.0 -9999.0 -9999.0 -9999.0 -9999.0 -9999.0 -9999.0 -9999.0 -38.618148 -113.551764 621.059912 -199.576393 -51.042290 -12621.866407 -516.214236 -32.634744 -13371.031179 -13833.632486 -140.482382 -108.386090 -143.118924 -5731.481482 -119.216911 -188.650603 -115.668590 2718.208633 -556.799664 -562.859083 -99.519655 -561.911900 -555.223597 -561.682395 -564.798985 -546.037827 -560.306695 -569.496585 -9999.0 -9999.0 -9999.0 -554.705849 -9999.0 -9999.0 -9999.0 -9999.0 -9999.0 -9999.0 -9999.0 -9999.0 -9999.0 -9999.0 -9999.0 -9999.0 -9999.0 -9999.0 -9999.0
-9999.0 -9999.0 -9999.0 -9999.0 -9999.0 -9999.0 -9999.0 -9999.0 -9999.0 -9999.0 -9999.0 -41.562598 -147.258591 -4092.280935 -231.830435 -164.522074 -383.806073 -993.330732 -244.817154 -175.093549 -41.753778 -93.157634 -34.690671 -130.670132 -105.532326 -133.437500 -127.550106 -99.186431 -566.535628 -556.318786 -111.408947 -71.330908 -153.626604 -138.160766 -305.927795 -300.720136 -449.687544 -538.354042 -552.543078 -564.249902 -563.459481 -561.843251 -149.781518 -557.740900 -9999.0 -9999.0 -9999.0 617.839597 -156.319528 -563.945801 -133.892819 -562.036178 -561.612906 606.496357 677.196794 -555.863601 -9999.0 -9999.0
-9999.0 -9999.0 -9999.0 -9999.0 -9999.0 -9999.0 -9999.0 -9999.0 -9999.0 -9999.0 -9999.0 -27.978369 -46.942438 -3427.468232 -204.893248 -106.967204 -105.657060 -393.100145 -53.563905 -242.707960 -281.877832 -3543.800928 -148.891425 -31.008415 -141.219307 -566.969995 -139.286506 -14.450203 -557.620123 -153.310562 -556.358425 -2814.862360 -121.116629 -168.293352 -559.785624 -408.047090 -352.572869 -10512.969578 -550.936358 -565.592648 -561.580953 -566.251490 -244.248831 -151.605783 -176.190210 -9999.0 -557.002024 -134.432698 -113.833066 -98.471889 -222.297265 -567.451147 -219.770505 -93.441520 -192.113940 -119.425591 -9999.0 -9999.0
-9999.0 -9999.0 -9999.0 -9999.0 -9999.0 -9999.0 -9999.0 -9999.0 -9999.0 -9999.0 -9999.0 -9999.0 -34.297899 -199.804460 -39.316499 -39.922057 -267.727737 -448.784934 -183.867243 -211.725032 -320.262764 -4116.340833 -6499.246304 -130.183954 -131.199560 -144.504871 -3.299082 -312.930416 -129.467450 -564.840138 -119.296539 -117.327487 -359.313480 -147.358420 -217.000865 -422.902341 -693.273522 -6621.109381 -352.482539 -569.654697 -474.961259 -569.003828 -7038.710633 -35.320664 -565.267845 -137.023955 -562.549717 -139.644173 -5161.903734 -125.550280 -200.204586 -61.967216 1349.051908 -114.879406 -85.536328 -31.751417 -26.440296 -9999.0
-9999.0 -9999.0 -9999.0 -9999.0 -9999.0 -9999.0 -9999.0 -9999.0 -9999.0 -9999.0 -9999.0 -159.624112 -45.086696 -282.619443 -126.400173 -135.522911 -105.550371 -271.405195 -46.661471 -447.639246 -341.675233 -259.765420 -119.619569 -5740.282562 -148.534961 -111.759722 -151.939173 -153.685165 -164.879925 -565.650073 -144.179040 -98.320076 -90.140991 -134.653487 -192.159116 -253.253946 -563.142303 -9451.196660 -996.417150 -550.068530 -10120.575787 -1399.024644 -278.056478 -10471.843785 -108.881391 -153.307317 -100.738298 -566.504255 -568.017567 -8017.134418 -7905.713803 -155.257447 -100.154509 -6896.351729 -7003.085483 -561.232163 -564.744062 -9999.0
-9999.0 -9999.0 -9999.0 -9999.0 -9999.0 -9999.0 -9999.0 -9999.0 -9999.0 -9999.0 2907.818139 -128.235560 -33.738040 -36.553275 -38.707840 -38.483511 -38.522477 -271.460848 -592.856578 -428.033029 -96.798231 117.941413 -4054.057732 -37.533055 -133.058452 2843.195034 -3740.586444 -8917.996548 -268.893724 -107.319771 -103.417316 -30.393381 -116.646834 -142.350511 -556.335354 -563.505482 -421.604073 -368.040077 -1856.294737 -209.007198 -2830.649514 -8396.171535 -584.219721 -103.063421 -167.624094 -567.980176 -113.492560 -6476.267026 -126.898440 -124.330413 -8791.286051 -558.844650 -7140.438813 -561.130726 -559.844022 -108.812979 -110.201326 -9999.0
-9999.0 -9999.0 -9999.0 -9999.0 -9999.0 -9999.0 -9999.0 -9999.0 -9999.0 -136.143729 -130.314760 -144.679346 -122.243752 -146.325641 -160.879531 -115.650015 -127.870224 -49.646955 -551.901610 -533.403248 -149.098527 -427.374418 -3673.581270 -211.172973 -132.136386 -3050.474782 -170.985818 -104.352835 -5209.690956 -138.161641 -113.258697 -123782.262518 -557.553653 -556.626965 -556.842538 -556.811975 -124.632200 -278.140505 -311.100534 -236.760721 -368.035452 -268.412016 -3129.425589 -336.805061 -1894.153946 -4157.053001 -89.943431 -6176.872775 -5404.091392 -134.319800 -8669.934380 -564.451341 -562.382966 -559.185370 -560.989357 -3955.344703 -86.176388 -565.635513
-9999.0 -9999.0 -9999.0 -9999.0 -9999.0 -9999.0 -9999.0 -9999.0 -9999.0 -219.751037 -132.946450 -128.723358 5977.671241 -144.471119 -165.408326 -155.975571 -39.580816 -125.781281 -648.962543 -291.657180 -236.513378 -160.882161 44.893757 -50.963634 -2672.181297 -176.374642 -152.398389 -136.837955 -130.114024 -199.396095 -316.053455 -5109.282505 -120.945303 -145.726787 -109.744587 -565.044447 -566.942439 -568.150455 -247.670227 -116.388454 -141.806825 -2399.559407 -267.889025 -137.663422 -290.100412 -157.077826 -180.572671 -4433.775980 -4187.859603 -121.844716 -140490.256258 -6732.627279 -557.026084 -150.486757 -559.591121 -102.831226 -3387.469402 -105.380840
-9999.0 -9999.0 -9999.0 -9999.0 -9999.0 -9999.0 -9999.0 -9999.0 -9999.0 -9999.0 -136.342970 -110.567017 -111.784056 1980.616741 -3481.342757 -168.129055 -132.113295 -144.810286 -753.216072 -372.378857 -188.016538 -8162.676265 -218.032477 -2089.661244 -172.354368 -152.970992 -138.329182 -89.193453 -303.227597 -235.409718 -2937.188827 5331.039737 -3378.874175 -145.225283 -99.013127 -80.299616 -53.576265 -36.692026 -567.484299 -145.455635 -196.780620 -33.957920 5613.212454 -1830.782087 -1373.347041 -216.458612 -1341.203467 -47.952205 -4247.673917 -3300.343954 -150364.766986 -8552.580337 -562.712647 -556.696551 -51.539169 -137.670526 -25.323093 10975.526645
-9999.0 -9999.0 -9999.0 -9999.0 -9999.0 -9999.0 -9999.0 -9999.0 -9999.0 -9999.0 -126.604183 -121.682185 -35.347934 -112.684515 53.498121 -351.098870 -304.256452 -496.185672 -571.526936 -761.312582 -763.023455 -480.455872 -283.746886 -203.983903 -167.396663 -126.924042 341.239730 -237.604455 -286.049840 -2331.704292 -141.744570 -26.955400 -9070.556029 -162.654914 -145.745842 -28.816552 2876.930226 -123.227500 -5893.021034 -157.565904 -119.250084 -570.073324 -103.562018 -140.255013 -156.415454 -73916.813658 -101.278541 -1416.743546 -1456.918580 -636.425244 -5820.726823 -5810.736422 -118.351631 -563.673508 -555.095689 -563.399629 -165.057201 -2911.069138
-9999.0 -9999.0 -9999.0 -9999.0 -9999.0 -9999.0 -9999.0 -9999.0 -29.049357 -119.894506 -346.046293 -26.509777 -59.573082 -107.032547 -327.557318 -206.449313 -627.650530 -157.500310 -438.161996 -910.135190 -945.163979 -955.819023 -726.871071 -482.191577 -204.949695 -6.659736 -71.037552 -267.489342 -100.272729 -3993.905308 -557.642165 -130.128528 -125.102638 -143.962443 -115.500513 -191.851676 -110.230250 -117.216444 -3940.074813 -567.119637 -560.551810 -27.568017 -8016.976785 -559.011813 -570.506643 -25.178306 -2806.955384 -103.504429 -1551.066945 91.090369 -266.135362 -144678.887972 -112.014005 -5422.032154 -563.765775 -202.496456 -566.812322 -35.036885
-9999.0 -9999.0 -9999.0 -9999.0 -9999.0 -9999.0 -9999.0 -9999.0 -314.082267 -119.797810 -6789.500056 -149.175648 -138.629488 -25.638459 -293.029765 -219.457591 -361.294301 -454.034458 -124849.187475 -920.559418 -278.087242 -354.191629 -369.124813 -150.044588 -703.343156 -358.271308 -125.806167 -97.866245 -8372.037149 -123.859321 -128.867792 -567.238102 -104.295736 -567.853421 -25.778982 -31.953160 -72.271095 -104.291064 -4455.303829 -113.519510 -143.579653 -550.392441 -559.005290 -110.425138 2610.758727 -103.022005 -8159.711806 -128.631018 -2185.146564 -207.412866 -114.823150 -108.875394 -337.448574 -104.110396 -228.536348 -9903.107633 -5321.096609 -3799.492722
-9999.0 -9999.0 -9999.0 -9999.0 -9999.0 -9999.0 -9999.0 -9999.0 -141.658395 -13.707700 -380.163231 -5569.133587 -25.712535 -7758.880620 -135.449103 -4365.767119 -388.353485 -313.856666 -1404.753546 -315.457065 -930.982343 -447.408529 -409.077406 -651.772374 -325.370049 -380.257667 -197.863289 -296.917245 -9167.643414 -113.507591 -567.969760 -27.397912 -127.598603 -8788.760400 -29.564897 -61.577197 -3726.906363 -573.169247 -2496.312483 -4724.994713 -121.760046 -567.987455 -29.777268 -21.870242 -113.543270 -33.006269 -567.106345 -30.887524 -115.476298 -1275.166400 -186.584993 -252.874054 -6676.746958 -5602.169391 -5143.157755 -96.007294 -52.028972 -50.910290
-9999.0 -9999.0 -9999.0 -9999.0 -9999.0 -9999.0 -9999.0 -9999.0 -555.960111 -112.006951 732.511549 -9532.232062 -25.452350 -119.784016 -140984.215602 -223.345853 -26388.269809 -1150.648409 -271.057110 -914.164480 -844.208345 -742.614283 -431.794922 -571.550886 -595.454217 -302.387896 -232.258584 -4751.112492 -32.521862 -6720.084678 -5734.154830 -5859.951766 -10511.489797 -103.720421 -8909.808436 -158.762334 -126.548482 -378.624729 -917.337090 -3561.587760 -129.105527 -105.623176 -102.332253 -570.194174 -37.181840 -568.982586 -252.096410 -567.866747 -175.663001 -5515.556122 -206.813406 -201.600997 -235.767326 -164.167409 -72.321898 43.702627 -137.523903 -172.006448
-9999.0 -9999.0 -9999.0 -9999.0 -9999.0 -9999.0 -9999.0 -9999.0 -44.733679 -27.718166 5435.845528 -5280.270554 -5427.516408 -400.764520 -43.991593 42.038007 3.524943 -359.874734 -302.281829 -453.503989 -720.573415 -606.512948 -755.081473 -824.833326 -156.517695 -361.451499 -386.120670 -148.648149 -137.112776 -120.132366 -2497.031578 -106.544851 -531.031846 -74.299516 -2344.666794 -2450.901395 -3454.633652 -525.835771 -7241.822518 -50.735064 -2101.644166 -7968.973714 -3136.457585 -8100.417335 -4958.053690 -112.260616 -4480.860337 -5561.800263 -4743.268199 -2976.812770 -2136.503876 -350.673338 -227.978794 -150.863307 100.436399 411.014033 117.835370 -111.319987
-9999.0 -9999.0 -310.358457 -31.403162 -23.815985 -150.281278 -94.698247 -120.487761 -26.709487 -26.155469 -104.663740 1013.405967 -364.855790 -86.388327 82.698845 109.571921 -1505.445730 -253.960525 -122.756667 -237.484739 -481.053012 -536.068823 -180.472512 -1031.982235 -719.133275 -480.495815 -359.710247 -313.091045 -289.424287 -32.228892 -242.430274 -234.525604 145.502608 -305.739380 -113.627144 -438.559979 -153.294237 -1059.285990 -18172.662175 -6811.901054 -5600.777525 -4170.396735 -4309.376412 -204.047463 -1613.567504 -2598.405609 -79.018334 -214.584932 -2744.000243 -202.792033 -256.183097 -298.939438 -56.917673 22.185454 379.942153 268.054092 18.650847 -144.268509
