user2019/resources/simulation/Vinschgau/output-maps/psiL0002N0706.asc
ncols         63
nrows         48
xllcorner     598000.000000
yllcorner     5145000.000000
cellsize      1000.000000
NODATA_value  -9999.0
[rows 0 to 26 of 48, columns 0 to 60 of 63]
-9999.0 -9999.0 -9999.0 -9999.0 -9999.0 -9999.0 -9999.0 -9999.0 -9999.0 -9999.0 -9999.0 -9999.0 -9999.0 -9999.0 -9999.0 -9999.0 -9999.0 -9999.0 -9999.0 -9999.0 -9999.0 -9999.0 -9999.0 -9999.0 -9999.0 -9999.0 -9999.0 -9999.0 -9999.0 -9999.0 -9999.0 -9999.0 -9999.0 -9999.0 -9999.0 -9999.0 -9999.0 -9999.0 -9999.0 -9999.0 -9999.0 -9999.0 -9999.0 -9999.0 -9999.0 -9999.0 -9999.0 -9999.0 -9999.0 -9999.0 -9999.0 -9999.0 -9999.0 -9999.0 -9999.0 -9999.0 -9999.0 -9999.0 -9999.0 -9999.0 -9999.0
-9999.0 -9999.0 -9999.0 -9999.0 -9999.0 -9999.0 -9999.0 -9999.0 -9999.0 -9999.0 -9999.0 -9999.0 -9999.0 -9999.0 -9999.0 -9999.0 -9999.0 -9999.0 -9999.0 -9999.0 -9999.0 -9999.0 -9999.0 -9999.0 -9999.0 -9999.0 -9999.0 -39.692036 14.682390 -69.855815 28.281814 21.097626 774.676556 -9999.0 -9999.0 -9999.0 -9999.0 -9999.0 -9999.0 -9999.0 -9999.0 -9999.0 -9999.0 -9999.0 -9999.0 -9999.0 -9999.0 -9999.0 -9999.0 -9999.0 -9999.0 -9999.0 -9999.0 -9999.0 -9999.0 -9999.0 -9999.0 -9999.0 -9999.0 -9999.0 -9999.0
-9999.0 -9999.0 -9999.0 -9999.0 -9999.0 -9999.0 -9999.0 -9999.0 -9999.0 -9999.0 -9999.0 -9999.0 -9999.0 -9999.0 -9999.0 -9999.0 -9999.0 -9999.0 -9999.0 -9999.0 -9999.0 -9999.0 -9999.0 -9999.0 13.057547 -184.803416 14.906003 -206.264594 48.448087 74.483840 17.452189 -9999.0 -9999.0 -9999.0 -9999.0 -9999.0 -9999.0 -9999.0 -9999.0 -9999.0 -9999.0 -9999.0 -9999.0 -9999.0 -9999.0 -9999.0 -9999.0 -9999.0 -9999.0 -9999.0 -9999.0 -9999.0 -9999.0 -9999.0 -9999.0 -9999.0 -9999.0 -9999.0 -9999.0 -9999.0 -9999.0
-9999.0 -9999.0 -9999.0 -9999.0 -9999.0 -9999.0 -9999.0 -9999.0 -9999.0 -9999.0 -9999.0 -9999.0 -9999.0 -9999.0 -9999.0 -9999.0 -9999.0 -9999.0 -9999.0 -9999.0 -9999.0 -9999.0 -9999.0 -255.185207 12.412107 -636.780187 -256.872301 -426.816137 40.958059 12.662155 12.763731 17.515464 -9999.0 -9999.0 -9999.0 -9999.0 -9999.0 -9999.0 -9999.0 -9999.0 -9999.0 -9999.0 -9999.0 -9999.0 -9999.0 -9999.0 -9999.0 -9999.0 -9999.0 -9999.0 -9999.0 -9999.0 -9999.0 -9999.0 -9999.0 -9999.0 -9999.0 -9999.0 -9999.0 -9999.0 -9999.0
-9999.0 -9999.0 -9999.0 -9999.0 -9999.0 -9999.0 -9999.0 -9999.0 -9999.0 -9999.0 -9999.0 -9999.0 -9999.0 -9999.0 -9999.0 -9999.0 -9999.0 -9999.0 13.188597 -313.261348 -9999.0 -141.026454 -83.235008 -423.853490 -324.637373 -555.926197 -267.757660 -107.875985 1.633385 -317.566375 15.564823 17.666668 -47.281788 -44.967490 -9999.0 -9999.0 -9999.0 -9999.0 -9999.0 -9999.0 -9999.0 -9999.0 -9999.0 -9999.0 -9999.0 -9999.0 -9999.0 -9999.0 -9999.0 -9999.0 -9999.0 -9999.0 -9999.0 -9999.0 -9999.0 -9999.0 -9999.0 -9999.0 -9999.0 -9999.0 -9999.0
-9999.0 -9999.0 -9999.0 -9999.0 -9999.0 -9999.0 -9999.0 -9999.0 -9999.0 -9999.0 -9999.0 -9999.0 -9999.0 -9999.0 -9999.0 -9999.0 -9999.0 -779.373684 -316.599743 -140.558558 -46.966088 -268.694588 -371.990424 -158.359451 -380.250895 -158.429931 12.929695 19.282414 17.830842 8.782318 42.646399 46.805786 -40.228110 -105.291955 -105.095218 -93.671773 -9999.0 -9999.0 -9999.0 -9999.0 -9999.0 -9999.0 -9999.0 -9999.0 -9999.0 -9999.0 -9999.0 -9999.0 -9999.0 -9999.0 -9999.0 -9999.0 -9999.0 -9999.0 -9999.0 -9999.0 -9999.0 -9999.0 -9999.0 -9999.0 -9999.0
-9999.0 -9999.0 -9999.0 -9999.0 -9999.0 -9999.0 -9999.0 -9999.0 -9999.0 -9999.0 -9999.0 -9999.0 -9999.0 13.671906 -312.105407 -566.762121 -1280.862970 -590.894057 -752.997287 -442.930178 -423.973625 -443.702145 -342.968800 -247.828598 10.826562 16.929783 -66.639735 29.111546 9.838974 14.243218 8892.865077 92.882631 61.863410 76.047037 -10.232002 -74.836871 -9999.0 -9999.0 -9999.0 -9999.0 -9999.0 -9999.0 -9999.0 -9999.0 -9999.0 -9999.0 -9999.0 -9999.0 -9999.0 -9999.0 -9999.0 -9999.0 -9999.0 -9999.0 -9999.0 -9999.0 -9999.0 -9999.0 -9999.0 -9999.0 -9999.0
-9999.0 -9999.0 -9999.0 -9999.0 -9999.0 -9999.0 -9999.0 -9999.0 -9999.0 -9999.0 -9999.0 -9999.0 -9999.0 12.546588 -329.971798 -588.594891 -1098.628267 13.327023 -826.264466 -544.813410 -666.730481 -340.836953 -210.169780 21.175541 20.073917 18.699128 -234.707435 -37.705015 -21.456393 19.407153 36.986919 33.114623 -23.978603 -36.997072 -34.213501 -9999.0 -9999.0 -9999.0 -9999.0 -9999.0 -9999.0 -9999.0 -9999.0 -9999.0 -9999.0 -9999.0 -9999.0 -9999.0 -9999.0 -9999.0 -9999.0 -9999.0 -9999.0 -9999.0 -9999.0 -9999.0 -9999.0 -9999.0 -9999.0 -9999.0 -9999.0
-9999.0 -9999.0 -9999.0 -9999.0 -9999.0 -9999.0 -9999.0 -9999.0 -9999.0 -9999.0 -9999.0 -9999.0 -9999.0 -408.842730 688.916268 -546.271591 -731.325434 -1053.735705 -8888.618918 -1073.791579 14.354907 -87.386426 15.641596 -228.133132 7.666135 12.317707 -80.573198 -26.275483 14.569490 -26.693511 38.717099 -22.014223 -32.926965 -25.402267 -45.513782 -9999.0 -9999.0 -9999.0 -9999.0 -9999.0 -9999.0 -9999.0 -9999.0 -9999.0 -9999.0 -9999.0 -9999.0 -9999.0 -9999.0 -9999.0 -9999.0 -9999.0 -9999.0 -9999.0 -9999.0 -9999.0 -9999.0 -9999.0 -9999.0 -9999.0 -9999.0
-9999.0 -9999.0 -9999.0 -9999.0 -9999.0 -9999.0 -9999.0 -9999.0 -9999.0 -9999.0 -9999.0 -9999.0 -248.978895 6106.226802 6.621123 -258.398075 -257.386640 -490.777961 -399.007628 -154.493096 -364.047056 -354.003565 18.948449 -256.169664 3375.352346 15.640230 983.068751 14.854906 52.680950 -31.072854 24.786683 -81.629761 40.220123 -74.169526 -9999.0 -9999.0 -9999.0 -9999.0 -9999.0 -9999.0 -9999.0 -9999.0 -9999.0 -9999.0 -9999.0 -9999.0 -9999.0 -9999.0 -9999.0 -9999.0 -9999.0 -9999.0 -9999.0 -9999.0 -9999.0 -9999.0 -9999.0 -9999.0 -9999.0 -9999.0 -9999.0
-9999.0 -9999.0 -9999.0 -9999.0 -9999.0 -9999.0 -9999.0 -9999.0 -9999.0 -9999.0 -9999.0 25.929921 26.254222 532.248291 6.863383 19.204626 -85.515172 -369.505864 13.737787 16.856343 9.403647 -169.145601 17.789843 15.187538 42.199623 25.652495 18.699542 18.305614 3093.591547 -27.042403 -74.441096 48.998976 -47.814477 -55.360612 -82.368744 -63.886131 -403.167496 -780.353540 -679.011311 -9999.0 -9999.0 -9999.0 -55.919383 -9999.0 -9999.0 -9999.0 -9999.0 -9999.0 -9999.0 -9999.0 -9999.0 -9999.0 -9999.0 -9999.0 -9999.0 -9999.0 -9999.0 -9999.0 -9999.0 -9999.0 -9999.0
-9999.0 -9999.0 -9999.0 -9999.0 -9999.0 -9999.0 -9999.0 -9999.0 -9999.0 -9999.0 -9999.0 26.391775 19.136242 52.944920 6.068716 16.122016 -283.986912 -351.315656 -186.201079 19.205665 18.838305 15.370798 19.176725 8.617171 27.946345 18.262001 12.422959 32.384813 -23.195113 -29.191157 23.572492 147.996460 14.929613 23.222743 -185.633135 24.067538 20.481274 -3031.753429 -2200.500932 -49.641500 -49.493544 -38.136958 20.672163 -36.224558 -9999.0 -9999.0 -9999.0 16.262791 18.271950 -79.998527 18.706346 -48.880455 -61.168541 14.029173 21.469750 -71.503320 -9999.0 -9999.0 -9999.0 -9999.0 -9999.0
-9999.0 -9999.0 -9999.0 -9999.0 -9999.0 -9999.0 -9999.0 -9999.0 -9999.0 -9999.0 -9999.0 37.805236 15.723607 52.774619 19.800111 16.126835 13.230164 17.821976 27.282536 -204.366230 9.425020 11.989310 -211.630073 15.122969 18.954045 -39.396880 8.045842 3188.326066 -32.013189 17.331508 -27.186034 190.816735 23.401047 17.782763 -36.876662 27.268843 30.411291 -791.655754 -3466.960863 -69.923405 -507.975505 -331.499339 23.951695 15.899975 14.550924 -9999.0 -66.750972 24.509149 24.500624 26.021843 22.290219 -82.708391 20.450149 19.736549 28.963299 21.649515 -9999.0 -9999.0 -9999.0 -9999.0 -9999.0
-9999.0 -9999.0 -9999.0 -9999.0 -9999.0 -9999.0 -9999.0 -9999.0 -9999.0 -9999.0 -9999.0 -9999.0 28.961713 28.400159 -274.742517 -91.270174 -234.638309 -265.727015 72.826919 9.743441 11.955587 17.438613 20.642920 12.373064 -123.029580 -143.763978 2244.027366 22.093136 22.094021 -39.040627 15.863630 105.717245 21.206421 21.100372 21.641019 22.450943 -617.242561 -2606.481055 -3365.416157 -3191.241208 -2694.614771 -67.062340 26.803376 16.614303 -47.685882 16.332896 -62.748940 21.378133 25.660229 24.021542 8.434266 181.669880 828.996798 113.928932 63.488881 38.756967 20.134916 -9999.0 -9999.0 -9999.0 -9999.0
-9999.0 -9999.0 -9999.0 -9999.0 -9999.0 -9999.0 -9999.0 -9999.0 -9999.0 -9999.0 -9999.0 10.838561 16.466281 19.495063 46.987877 23.425068 19.819049 20.862039 34.701472 -217.990525 18.175005 22.807760 27.756039 -247.244400 -223.635943 24.081597 16.589504 17.238245 -260.558340 -41.529452 10.589261 147.407326 33.253106 21.501504 17.577729 25.020468 -412.071801 -2592.057180 -2633.551590 -3417.413179 -2374.024188 -1575.655887 28.081724 -115.516319 14.147324 14.266624 34.882844 -110.562473 -101.017171 10.887379 -29.988294 24.494900 47.036312 -7.777962 -11.537258 -24.448756 -56.843865 -9999.0 -9999.0 -9999.0 -9999.0
-9999.0 -9999.0 -9999.0 -9999.0 -9999.0 -9999.0 -9999.0 -9999.0 -9999.0 -9999.0 2112.008548 13.627686 -184.574003 -232.467664 -230.960938 1973.979714 1978.513800 -307.603613 -679.389754 -153.647560 34.210303 35.146108 -258.269659 -310.556858 4.342451 2507.634829 15.507777 -59.736635 -106.449294 12.864875 150.169664 625.388196 27.372700 24.531850 -32.444516 -32.598849 17.729128 7.344693 -780.312381 -238.454182 7.862556 -97.724423 -24.120875 12.055886 8.295734 -39.725197 21.144970 24.687100 33.183639 6.409675 -66.271502 -35.754069 -6.925152 -6.700503 -35.134544 35.712939 36.534189 -9999.0 -9999.0 -9999.0 -9999.0
-9999.0 -9999.0 -9999.0 -9999.0 -9999.0 -9999.0 -9999.0 -9999.0 -9999.0 20.005465 30.043581 36.212980 28.378396 -289.145857 30.974218 31.016879 -192.981457 -240.624770 -344.407435 -454.176431 27.482755 -406.893289 -264.843857 -458.575632 -253.373379 13.784773 -319.097230 -205.334253 10.452826 9.020350 9.199952 21.403117 -13.577060 -28.842557 -37.537686 -38.921500 41.447288 31.912814 22.462755 26.367318 38.847110 11.413455 -119.824798 -300.690248 13.492972 -170.381321 15.445712 -349.269778 -308.046429 5.783546 32.566614 -51.485295 -20.566125 -64.664751 -69.164776 63.371606 104.784844 -38.132455 -38.183083 -9999.0 -9999.0
-9999.0 -9999.0 -9999.0 -9999.0 -9999.0 -9999.0 -9999.0 -9999.0 -9999.0 102.232499 34.519431 23.805682 4549.801278 -288.998412 -343.802567 -336.072158 -231.697957 -266.550865 -291.708973 -453.097702 -147.911939 -560.721731 -243.614913 14.231092 13.495061 -337.330948 -272.207309 -197.933303 -296.987533 11.640116 23.973188 22.598934 28.826293 17.645196 21.842411 -45.659880 -41.333972 -38.262597 15.223131 31.410467 26.586590 13.428444 -334.163614 10.785274 -324.584133 -434.905361 -359.603620 -331.986808 -342.443923 -215.343316 18.376509 14.492094 -75.049096 28.907155 -8.341615 46.602483 107.451149 70.204877 -43.876621 -9999.0 -9999.0
-9999.0 -9999.0 -9999.0 -9999.0 -9999.0 -9999.0 -9999.0 -9999.0 -9999.0 -9999.0 16.331914 26.082585 20.951607 2343.066142 -264.706625 -344.464767 -248.236389 -193.903899 9.512962 -432.611807 23.421527 -175.540228 -159.702373 13.044382 -326.190732 -270.745828 -221.494365 -219.055164 20.716902 16.920283 19.283341 4544.669893 19.197411 22.122189 30.266212 44.810299 -293.090027 19.164296 -33.704606 26.729384 17.605657 15.045929 4487.896498 15.847654 18.105166 13.577845 16.399184 -174.492612 -311.169912 12.467010 22.287850 26.884975 -85.544928 -70.472738 28.946840 32.627565 54.801226 11353.719884 104.539345 -330.064451 -9999.0
-9999.0 -9999.0 -9999.0 -9999.0 -9999.0 -9999.0 -9999.0 -9999.0 -9999.0 -9999.0 22.574832 21.418627 18.855549 28.816158 8.724539 -339.517767 -313.303041 -368.832533 5.584825 -694.526616 -915.250700 -405.933745 -348.958688 -376.932414 -288.622206 -207.036713 -213.879629 18.950771 19.913766 16.761287 21.600173 43.558117 -54.173554 18.655826 19.236921 47.857379 3736.609907 20.479617 18.564376 18.694687 22.334658 -14.062020 54.192685 19.253646 19.758565 17.627613 16.103893 16.569462 25.278503 7.868516 27.450060 24.296359 21.522617 -68.458549 -37.448001 -40.159873 18.947633 16.315487 262.625915 148.224547 -9999.0
-9999.0 -9999.0 -9999.0 -9999.0 -9999.0 -9999.0 -9999.0 -9999.0 16.050554 -236.617817 -246.603727 26.501797 223.971590 39.989862 28.091960 -179.935936 -498.713203 -497.160105 -491.494504 -1129.508875 -1076.367844 -432.763854 -394.962307 -439.748267 -350.689595 -318.393737 20.237050 19.420678 22.595626 23.212342 -24.406512 25.509596 21.062033 15.482166 32.131205 16.157945 16.499523 26.528082 15.477090 -37.852542 -56.961033 43.312853 -30.702257 -18.269932 -41.547787 2085.061308 16.083947 15.215660 16.564948 4.902186 26.860547 32.519765 23.729655 21.056499 -44.222566 16.804392 -43.071146 12.378639 -184.243801 162.547993 -9999.0
-9999.0 -9999.0 -9999.0 -9999.0 -9999.0 -9999.0 -9999.0 -9999.0 1991.767910 17.363322 11.469380 16.729115 16.478253 1831.256063 -179.694436 -149.260959 -162.886968 -309.900688 -412.188815 -985.131462 -226.768057 -332.238145 -374.224828 -459.731999 -468.281738 -316.648365 16.656459 20.244431 -33.935565 15.470640 14.956503 -53.099493 35.326766 -47.061447 29.137145 19.186137 41.137757 43.519657 16.171454 17.526922 23.332662 28.130385 -49.664444 19.681481 2512.323388 21.508927 -32.520200 18.426812 17.423303 17.997182 6.887694 18.894409 22.468635 17.209241 13.444526 -77.839036 8.110482 8.397882 6.473473 11.654963 -974.415312
-9999.0 -9999.0 -9999.0 -9999.0 -9999.0 -9999.0 -9999.0 -9999.0 20.687343 3222.692119 -46.670501 9.556615 151.236267 -34.194468 -277.841800 -243.521413 -375.362803 -403.628885 -716.215524 -503.386209 -967.891685 -680.533402 -401.955741 -1019.911284 -425.768749 10.523209 12.477894 13.814753 -62.817674 15.155912 -52.366846 26.554565 16.812282 16.509537 25.270735 68.062334 38.116870 11.757287 22.878036 20.784333 23.241329 -61.245735 21.717487 2520.092116 19.254640 21.744887 -44.366146 12.536416 12.071591 17.187853 -190.845256 18.960407 17.904471 13.105815 13.386582 16.932935 10.886892 7.633113 17.500088 117.898307 5.949379
-9999.0 -9999.0 -9999.0 -9999.0 -9999.0 -9999.0 -9999.0 -9999.0 -31.838017 21.183580 38.809305 -62.088982 32.863312 13.778697 16.441825 -226.490869 -234.246678 -539.851406 -287.898214 -917.376286 -893.458849 -837.985905 -662.218182 -1245.981545 -630.173974 -186.028431 10.616062 11.119425 -290.781244 15.848799 10.025808 22.045023 23.090685 30.640669 20.919014 -355.779611 -294.903158 -256.116672 19.677611 16.554941 -123.757955 15.017632 18.051253 -52.350624 -272.551365 -45.612914 12.853518 -50.577373 -335.076478 -285.282748 -223.560388 -229.592412 10.598078 -260.187919 7.874838 14.673909 25.259576 224.802584 2.686155 6.179962 16.896036
-9999.0 -9999.0 -9999.0 -9999.0 -9999.0 -9999.0 -9999.0 -9999.0 11.437513 20.763687 4680.818866 11.501526 28.069612 18.996165 10.897616 9.238295 -70.484558 -197.579644 -256.475182 -293.410575 -791.131775 -492.780964 -820.242622 -843.388848 -336.019007 -334.294359 -295.151930 -251.224057 -213.246547 22.333754 11.916290 16.765637 37.070764 24.509127 11.987835 -136.265058 -147.338497 -217.367098 24.415575 11.635657 -182.555760 14.245445 17.965459 12.859374 -204.867928 -206.901253 9.348807 16.786799 -294.396227 -258.584896 -239.000337 -360.936835 -386.429377 -319.512124 324.721196 293.014113 5.592735 6.173585 35.108094 19.813475 17.438660
-9999.0 -9999.0 -196.880281 15.027884 1056.215201 -258.323251 80.622669 18.230332 15.871778 21.777466 18.761078 78.625216 40.187657 30.366480 8.581162 9.174878 14.844847 12.840267 9.214220 -212.994990 -345.289390 17.597354 5.701511 -1371.523474 -756.844072 -390.801314 -349.530935 -295.055411 16.840896 20.373575 -269.611194 12.714019 152.921044 16.863679 11.957009 -210.450082 -181.813991 -284.394337 21.051572 14.461930 8.063011 11.008304 24.386852 11.742287 -134.053188 -175.675224 4.218776 6.876494 8.629627 3.002136 7.660769 -480.040849 4.570490 5.084338 6.565379 14.421354 49.940221 21.368695 18.319504 14.759778 19.312572
-9999.0 -199.215124 11.196502 7.375942 -313.433576 59.032528 84.933843 16.302717 14.156968 20.381971 16.113106 17.906304 38.258182 60.414268 10.846529 19.044896 17.752441 8.912203 -310.617195 -221.912584 -289.451270 32.331645 306.903928 3.131259 -1224.513027 -976.132830 -801.987676 -467.898582 22.172756 8.563696 -366.321551 -267.779470 50.272601 58.048717 10.419983 -108.026540 8.999028 -341.582472 12.880235 -221.765985 -259.734669 14.054960 24.312266 -218.731121 -364.249527 -347.122641 -209.536828 5.627641 13.218947 108.828453 5.726987 6.864443 48.041661 51.243009 50.339863 20.465803 17.541914 13.234057 16.189493 16.271375 10.493618
