user2019/resources/simulation/Vinschgau/output-maps/psiL0002N0865.asc
ncols         63
nrows         48
xllcorner     598000.000000
yllcorner     5145000.000000
cellsize      1000.000000
NODATA_value  -9999.0
[rows 0 to 24 of 48, columns 0 to 56 of 63]
-9999.0 -9999.0 -9999.0 -9999.0 -9999.0 -9999.0 -9999.0 -9999.0 -9999.0 -9999.0 -9999.0 -9999.0 -9999.0 -9999.0 -9999.0 -9999.0 -9999.0 -9999.0 -9999.0 -9999.0 -9999.0 -9999.0 -9999.0 -9999.0 -9999.0 -9999.0 -9999.0 -9999.0 -9999.0 -9999.0 -9999.0 -9999.0 -9999.0 -9999.0 -9999.0 -9999.0 -9999.0 -9999.0 -9999.0 -9999.0 -9999.0 -9999.0 -9999.0 -9999.0 -9999.0 -9999.0 -9999.0 -9999.0 -9999.0 -9999.0 -9999.0 -9999.0 -9999.0 -9999.0 -9999.0 -9999.0 -9999.0
-9999.0 -9999.0 -9999.0 -9999.0 -9999.0 -9999.0 -9999.0 -9999.0 -9999.0 -9999.0 -9999.0 -9999.0 -9999.0 -9999.0 -9999.0 -9999.0 -9999.0 -9999.0 -9999.0 -9999.0 -9999.0 -9999.0 -9999.0 -9999.0 -9999.0 -9999.0 -9999.0 197047.363500 609696.510458 411562.450693 596021.045274 629195.196782 578059.396348 -9999.0 -9999.0 -9999.0 -9999.0 -9999.0 -9999.0 -9999.0 -9999.0 -9999.0 -9999.0 -9999.0 -9999.0 -9999.0 -9999.0 -9999.0 -9999.0 -9999.0 -9999.0 -9999.0 -9999.0 -9999.0 -9999.0 -9999.0 -9999.0
-9999.0 -9999.0 -9999.0 -9999.0 -9999.0 -9999.0 -9999.0 -9999.0 -9999.0 -9999.0 -9999.0 -9999.0 -9999.0 -9999.0 -9999.0 -9999.0 -9999.0 -9999.0 -9999.0 -9999.0 -9999.0 -9999.0 -9999.0 -9999.0 572781.940269 546498.359408 514975.485452 554708.059963 556240.474473 546537.848876 627079.773834 -9999.0 -9999.0 -9999.0 -9999.0 -9999.0 -9999.0 -9999.0 -9999.0 -9999.0 -9999.0 -9999.0 -9999.0 -9999.0 -9999.0 -9999.0 -9999.0 -9999.0 -9999.0 -9999.0 -9999.0 -9999.0 -9999.0 -9999.0 -9999.0 -9999.0 -9999.0
-9999.0 -9999.0 -9999.0 -9999.0 -9999.0 -9999.0 -9999.0 -9999.0 -9999.0 -9999.0 -9999.0 -9999.0 -9999.0 -9999.0 -9999.0 -9999.0 -9999.0 -9999.0 -9999.0 -9999.0 -9999.0 -9999.0 -9999.0 545756.414060 453407.164835 -607.545718 -699.983903 -1990.078955 200.923266 537967.685106 618230.302591 600942.729420 -9999.0 -9999.0 -9999.0 -9999.0 -9999.0 -9999.0 -9999.0 -9999.0 -9999.0 -9999.0 -9999.0 -9999.0 -9999.0 -9999.0 -9999.0 -9999.0 -9999.0 -9999.0 -9999.0 -9999.0 -9999.0 -9999.0 -9999.0 -9999.0 -9999.0
-9999.0 -9999.0 -9999.0 -9999.0 -9999.0 -9999.0 -9999.0 -9999.0 -9999.0 -9999.0 -9999.0 -9999.0 -9999.0 -9999.0 -9999.0 -9999.0 -9999.0 -9999.0 4486.019962 489526.456161 -9999.0 528875.980165 467324.405931 -21.959904 -619.772907 -2189.364900 2346.160443 4544.851327 820.265901 178751.458167 571311.868903 621343.084531 185561.812312 156651.070577 -9999.0 -9999.0 -9999.0 -9999.0 -9999.0 -9999.0 -9999.0 -9999.0 -9999.0 -9999.0 -9999.0 -9999.0 -9999.0 -9999.0 -9999.0 -9999.0 -9999.0 -9999.0 -9999.0 -9999.0 -9999.0 -9999.0 -9999.0
-9999.0 -9999.0 -9999.0 -9999.0 -9999.0 -9999.0 -9999.0 -9999.0 -9999.0 -9999.0 -9999.0 -9999.0 -9999.0 -9999.0 -9999.0 -9999.0 -9999.0 -2631.236467 -1359.234907 -616.800611 173340.049105 393589.075916 216915.692259 3509.498925 1570.598845 20065.734665 882743.459721 385935.249370 768535.464981 1869.959527 96338.350804 85657.592250 61826.102531 95752.717200 100397.242027 105338.447498 -9999.0 -9999.0 -9999.0 -9999.0 -9999.0 -9999.0 -9999.0 -9999.0 -9999.0 -9999.0 -9999.0 -9999.0 -9999.0 -9999.0 -9999.0 -9999.0 -9999.0 -9999.0 -9999.0 -9999.0 -9999.0
-9999.0 -9999.0 -9999.0 -9999.0 -9999.0 -9999.0 -9999.0 -9999.0 -9999.0 -9999.0 -9999.0 -9999.0 -9999.0 417892.325309 1546.419632 -1262.453825 -2695.808648 -5237.664925 -2517.304174 -741.564876 253.554077 808.870889 -688.393037 1642.564010 73459.515978 486077.874474 221433.768900 559426.913524 641102.043620 425486.306324 533713.192431 559621.433909 557170.345081 568622.603811 599564.745743 164815.404485 -9999.0 -9999.0 -9999.0 -9999.0 -9999.0 -9999.0 -9999.0 -9999.0 -9999.0 -9999.0 -9999.0 -9999.0 -9999.0 -9999.0 -9999.0 -9999.0 -9999.0 -9999.0 -9999.0 -9999.0 -9999.0
-9999.0 -9999.0 -9999.0 -9999.0 -9999.0 -9999.0 -9999.0 -9999.0 -9999.0 -9999.0 -9999.0 -9999.0 -9999.0 186927.051080 -612.020131 -1654.469624 -2550.099103 -493.936545 -5372.131914 -940.243040 -2488.344728 -515.149517 -570.941897 148.619270 31734.261797 321937.106985 602242.469529 331876.296954 227099.381496 701897.688398 674099.039840 586117.340731 239111.387955 -46.700059 74332.774196 -9999.0 -9999.0 -9999.0 -9999.0 -9999.0 -9999.0 -9999.0 -9999.0 -9999.0 -9999.0 -9999.0 -9999.0 -9999.0 -9999.0 -9999.0 -9999.0 -9999.0 -9999.0 -9999.0 -9999.0 -9999.0 -9999.0
-9999.0 -9999.0 -9999.0 -9999.0 -9999.0 -9999.0 -9999.0 -9999.0 -9999.0 -9999.0 -9999.0 -9999.0 -9999.0 -696.356124 648.590101 -838.908406 -1781.761871 -2373.643307 -5394.907612 -2554.891177 -429.350873 -12.034785 12896.213947 586028.240794 5694.291440 46983.262945 162000.552131 212586.937743 621435.571791 -42.719838 443270.313730 -21.840546 -38.171530 -24.857156 113844.568696 -9999.0 -9999.0 -9999.0 -9999.0 -9999.0 -9999.0 -9999.0 -9999.0 -9999.0 -9999.0 -9999.0 -9999.0 -9999.0 -9999.0 -9999.0 -9999.0 -9999.0 -9999.0 -9999.0 -9999.0 -9999.0 -9999.0
-9999.0 -9999.0 -9999.0 -9999.0 -9999.0 -9999.0 -9999.0 -9999.0 -9999.0 -9999.0 -9999.0 -9999.0 2671.360713 19142.987814 -558.123738 991.331937 -653.203177 -1240.279903 -577.793034 -795.993015 592.389022 467527.571976 495604.894743 598398.128395 638212.822959 634709.753848 632620.747107 640205.291324 574511.989801 354364.935030 2940.449662 165699.017532 308704.314363 156601.077052 -9999.0 -9999.0 -9999.0 -9999.0 -9999.0 -9999.0 -9999.0 -9999.0 -9999.0 -9999.0 -9999.0 -9999.0 -9999.0 -9999.0 -9999.0 -9999.0 -9999.0 -9999.0 -9999.0 -9999.0 -9999.0 -9999.0 -9999.0
-9999.0 -9999.0 -9999.0 -9999.0 -9999.0 -9999.0 -9999.0 -9999.0 -9999.0 -9999.0 -9999.0 401390.181043 -326.434222 311.651783 -506.843351 100959.860252 -458.441164 -1029.084959 15.462748 0.000000 -1252.760274 913.598533 544716.085610 616442.277356 73757.359316 624103.982943 408103.018461 595578.307851 530091.557969 194300.669570 191932.401235 161160.331863 193861.521249 169092.569517 179637.231382 182636.293491 618939.781919 624957.992619 640249.512181 -9999.0 -9999.0 -9999.0 160373.896407 -9999.0 -9999.0 -9999.0 -9999.0 -9999.0 -9999.0 -9999.0 -9999.0 -9999.0 -9999.0 -9999.0 -9999.0 -9999.0 -9999.0
-9999.0 -9999.0 -9999.0 -9999.0 -9999.0 -9999.0 -9999.0 -9999.0 -9999.0 -9999.0 -9999.0 473208.514119 -431.346061 -375.616928 -649.840435 407678.263823 -957.869514 -1831.568328 -514.180356 -407.185583 -353.582171 192052.751331 538570.474146 707081.923140 689466.220674 616999.699584 628535.772835 613097.229701 652742.512370 200001.009078 509332.196252 470517.552030 621111.271263 563694.072974 559253.522396 615833.562476 567297.282362 214000.293223 330858.398780 192579.002910 200879.503840 191837.720829 516804.887204 196194.200839 -9999.0 -9999.0 -9999.0 508602.465287 543610.685837 261600.552165 586696.966399 179646.276622 187391.358691 526425.766514 539013.579348 214400.663213 -9999.0
-9999.0 -9999.0 -9999.0 -9999.0 -9999.0 -9999.0 -9999.0 -9999.0 -9999.0 -9999.0 -9999.0 414024.095632 443825.491860 413466.228370 122217.505535 189795.008770 788.356439 -798.521510 -463.359350 -518.256069 -542.495063 72585.421605 714859.509056 589687.982453 630089.665809 214156.607885 726410.708847 706257.163596 219695.402710 586040.564431 241571.634295 702385.913034 497856.325683 606645.861473 220997.164552 367789.539401 705073.865235 638785.954060 141542.658342 169226.071426 616043.677767 636401.653946 614704.833667 646431.521274 606709.302571 -9999.0 176599.935791 536439.219187 551223.574067 544983.830546 559285.006965 337227.273440 556922.235827 560889.634666 562331.305732 517659.337532 -9999.0
-9999.0 -9999.0 -9999.0 -9999.0 -9999.0 -9999.0 -9999.0 -9999.0 -9999.0 -9999.0 -9999.0 -9999.0 479572.545390 572709.315845 262649.492598 216512.529072 298.640529 -931.472307 -391.368086 -456.840220 -618.909189 15391.157130 383498.156770 579706.801830 723387.334633 729926.400669 -264.900689 593063.938616 564351.742426 194701.873041 627434.619393 706908.517814 643566.926200 607270.820385 597263.005410 624741.496010 714197.454578 322050.224223 -118.697278 241280.858666 244333.328916 206800.015062 633581.028327 553345.117861 194833.021366 555760.423998 182400.583866 569403.671062 622749.218768 614679.460184 566407.863507 590125.191142 590188.115901 590989.802175 589556.648250 565785.224550 560645.304833
-9999.0 -9999.0 -9999.0 -9999.0 -9999.0 -9999.0 -9999.0 -9999.0 -9999.0 -9999.0 -9999.0 644839.742049 585493.980093 520729.851300 623838.324709 93214.720678 906.156873 -579.498106 -386.437548 -944.794142 -743.071841 82.468176 191407.975276 713258.878279 723325.490198 703484.048922 726034.202899 642773.430031 620729.799292 244472.235426 726698.424064 706963.711784 230491.650035 612207.863252 562634.857992 620862.578817 643768.574129 338594.442650 63234.573407 12281.888136 390912.855396 269986.940412 580307.649641 159577.029015 478146.458456 636508.653231 597815.447190 286208.317668 280733.606657 515763.672247 202133.336518 638937.823076 107213.071591 -25.734819 -25.909379 -24.894246 123602.789265
-9999.0 -9999.0 -9999.0 -9999.0 -9999.0 -9999.0 -9999.0 -9999.0 -9999.0 -9999.0 121727.548420 576053.117712 517124.482008 508768.118619 320591.751897 555763.546286 568233.664238 972.865431 -1621.315817 -876.285249 -291.001068 1291.265470 1002863.466700 383308.035172 349063.542402 598903.327332 718510.622823 203123.762971 629008.793946 564583.920202 248402.692179 245243.202779 610687.289142 592987.929595 195209.359821 220965.433756 608713.895871 526525.329275 745245.250676 7390.609527 4520.907427 -211.383385 -32.476956 -283.540193 568677.310729 217284.049716 605469.866356 677215.890740 647722.722017 363167.821102 142945.722086 207649.063784 -14.606275 -19.941520 -13.008428 438634.826749 415511.208133
-9999.0 -9999.0 -9999.0 -9999.0 -9999.0 -9999.0 -9999.0 -9999.0 -9999.0 615090.832683 586852.484897 90344.086330 275813.580777 682290.282436 691601.184318 645894.986192 580099.374281 59372.564028 -1234.616848 -1716.585686 -370.119176 -91.150289 -149.090470 2359.911217 48275.740284 1032391.216645 749399.926481 545121.471889 667265.436556 375609.599430 35504.219245 921434.179587 233118.628921 -24.965576 171321.369715 200326.828279 170081.746410 769591.995047 686313.956265 664463.110433 515535.075252 1010602.262515 1027063.388454 -665.695231 -450.340036 505002.049681 297004.386003 672849.560662 673865.038273 16616.507624 413703.076646 149528.609310 -12.165164 166138.358616 176627.941571 -109.423480 -130.246333
-9999.0 -9999.0 -9999.0 -9999.0 -9999.0 -9999.0 -9999.0 -9999.0 -9999.0 162077.957435 308868.261913 570924.057474 234355.325175 210334.507592 579067.894925 675804.928627 310367.996324 1161.671928 -1478.932313 -606.550343 -522.161243 -675.461487 810.563005 120608.656034 1033701.630666 749035.843312 672173.166699 378632.658476 1780.301376 112207.941002 381364.714461 812585.572382 484101.414007 601815.337940 609990.577583 217918.531540 223093.580268 209526.235769 640477.728035 644967.386950 600442.619671 747524.742034 638809.099684 984.137842 -544.353892 -387.807422 -336.608721 3321.981661 222300.124924 14301.973822 981927.394393 618898.432580 194581.878727 503716.974037 492658.464358 292611.343338 273927.070145
-9999.0 -9999.0 -9999.0 -9999.0 -9999.0 -9999.0 -9999.0 -9999.0 -9999.0 -9999.0 623579.018118 597868.514359 599600.904767 662383.153149 106693.842697 539005.897062 258206.952426 -405.575422 -1633.089040 -697.243415 -423.632219 -1129.440572 37762.740587 971193.792972 719146.370903 520883.899274 22072.115674 1062.954802 373237.900153 985150.790329 968652.339085 938134.166219 667002.053960 573049.921213 540801.778822 528892.937304 511980.913399 505874.854870 229594.676967 577263.071690 663322.956072 541093.203784 410540.864862 545438.989660 3712.671823 445.271978 -492.446983 -327.041186 -346.187750 23508.881514 874959.122169 665122.644106 156767.182770 150512.423698 455896.608612 517572.014327 484274.256271
-9999.0 -9999.0 -9999.0 -9999.0 -9999.0 -9999.0 -9999.0 -9999.0 -9999.0 -9999.0 533083.812502 572890.446934 538431.063024 526454.104772 2301.782377 -117.559748 1033.621994 -1038.195533 -1507.727394 -2271.366455 -2386.368738 -1003.942360 158836.618215 537959.126135 500876.611902 2214.707830 14.268267 3216.873527 895758.654506 700665.724401 614551.551906 569186.460148 380661.683898 610381.986191 657312.667765 605739.867074 395352.873375 681395.047665 713338.890638 641708.280411 645444.747713 635623.835410 693638.103447 613838.891004 510544.218798 1008504.670411 368929.963105 3400.530586 -488.860581 14.034715 75808.719964 558631.120579 523322.189851 243446.089902 159456.756880 163460.002592 600711.876155
-9999.0 -9999.0 -9999.0 -9999.0 -9999.0 -9999.0 -9999.0 -9999.0 615785.356039 628824.384389 608896.289557 608686.655656 714136.727704 713401.533472 743047.026029 -442.077030 -1486.999191 -709.778751 -855.799565 -2675.999001 -2839.342770 -2006.864548 -1493.019924 -74.729509 4440.479133 -329.073859 3229.652750 972166.426992 719346.826330 667229.330225 -23.723440 489336.604512 588118.235905 617644.138838 606769.096618 663050.841101 381546.947867 630360.856435 1024048.122868 210737.578858 231288.512733 417580.790618 347565.485860 238811.804636 207531.775076 169828.653241 1011286.997176 742456.455962 1096.252004 13.793475 12706.420427 644096.046756 516870.870421 511370.917356 174748.816276 585562.521987 198705.815881
-9999.0 -9999.0 -9999.0 -9999.0 -9999.0 -9999.0 -9999.0 -9999.0 -86.124844 386008.032710 667378.460684 612954.547294 622010.532226 643014.737248 1031022.218840 508.474866 -810.324690 -1016.977998 -2767.236782 -2712.929597 -570.367038 -666.489573 -673.287654 -682.307700 -1623.379368 -616.688971 -302.476253 545569.729590 181347.138896 615647.693031 599707.267206 191307.583208 276569.987826 199088.412137 482509.078896 595263.351222 368445.941719 204716.472456 669290.786000 635390.945688 648174.160170 2788.342189 219600.174411 615222.544896 548655.422510 661926.969099 235583.205051 636960.167920 645243.188859 -412.448115 13.181648 610068.136270 784466.944075 585601.978511 621033.533063 56222.147507 753732.014112
-9999.0 -9999.0 -9999.0 -9999.0 -9999.0 -9999.0 -9999.0 -9999.0 648714.087147 586052.116797 593051.789173 676582.721932 610483.941781 232003.253421 707459.700959 1028017.979345 -131.883463 -628.354814 -2641.118820 -647.632065 -2761.997226 -929.776946 -757.653494 -1968.302832 -621.476680 -810.933587 375.107965 1039508.058233 217109.841249 596164.914518 190652.199697 446404.002463 644875.266784 705299.855715 556361.617065 484870.912353 258808.246473 12.754559 138960.090152 660195.660865 598217.831595 200300.436594 597301.451284 577658.308736 633921.513745 595730.193174 203833.080644 635840.846469 739106.204034 12422.597105 -356.789298 27175.569269 524881.976426 942418.239080 302452.847917 271841.501447 1005.310880
-9999.0 -9999.0 -9999.0 -9999.0 -9999.0 -9999.0 -9999.0 -9999.0 220622.704311 628713.156100 31841.899234 218357.215333 600769.139079 601457.415988 941712.416485 663.175748 -1852.508675 -2350.150942 -514.100711 -2794.786554 -2534.045747 -2517.329794 -875.482523 -1752.527752 -1578.711147 -609.705202 800925.939973 1047526.618791 531384.802740 823268.518590 746156.025672 751105.385118 359221.654958 636664.642235 773077.470309 447066.881403 47262.039923 -792.605676 0.407352 494439.919045 593374.956641 581732.048824 611630.379576 206704.078606 608479.215538 215767.158845 631164.948612 227126.487815 609735.540608 722208.314636 5313.353281 -295.045158 21332.398038 226251.196424 9688.849697 19.822550 15.468126
-9999.0 -9999.0 -9999.0 -9999.0 -9999.0 -9999.0 -9999.0 -9999.0 587593.624190 648232.487291 -253.644134 1031504.104043 976443.446370 946556.905527 93493.160691 15.032966 -160.457999 -755.869883 -485.107489 -1005.894910 -2243.644684 -1825.614371 -2351.818604 -2318.800301 -535.268485 -80.907576 1040150.382073 513135.277358 90549.695417 334766.455343 990700.131095 25073.570594 21.879576 1135.104090 13017.398616 1088.494071 -434.507380 -1014.666432 -947.548360 -188.355763 4636.800347 19348.032000 30566.413339 161189.422092 703639.035537 482837.013498 626750.928296 676309.166597 615808.387092 36255.204284 -307.140148 -645.375088 -408.662662 -344.731595 90.095720 80.552133 15.840439
