user2019/resources/simulation/Vinschgau/output-maps/psiL0005N0948.asc
ncols         63
nrows         48
xllcorner     598000.000000
yllcorner     5145000.000000
cellsize      1000.000000
NODATA_value  -9999.0
[rows 0 to 25 of 48, columns 0 to 57 of 63]
-9999.0 -9999.0 -9999.0 -9999.0 -9999.0 -9999.0 -9999.0 -9999.0 -9999.0 -9999.0 -9999.0 -9999.0 -9999.0 -9999.0 -9999.0 -9999.0 -9999.0 -9999.0 -9999.0 -9999.0 -9999.0 -9999.0 -9999.0 -9999.0 -9999.0 -9999.0 -9999.0 -9999.0 -9999.0 -9999.0 -9999.0 -9999.0 -9999.0 -9999.0 -9999.0 -9999.0 -9999.0 -9999.0 -9999.0 -9999.0 -9999.0 -9999.0 -9999.0 -9999.0 -9999.0 -9999.0 -9999.0 -9999.0 -9999.0 -9999.0 -9999.0 -9999.0 -9999.0 -9999.0 -9999.0 -9999.0 -9999.0 -9999.0
-9999.0 -9999.0 -9999.0 -9999.0 -9999.0 -9999.0 -9999.0 -9999.0 -9999.0 -9999.0 -9999.0 -9999.0 -9999.0 -9999.0 -9999.0 -9999.0 -9999.0 -9999.0 -9999.0 -9999.0 -9999.0 -9999.0 -9999.0 -9999.0 -9999.0 -9999.0 -9999.0 -522.573696 16309.639494 -524.658023 15287.014204 4191.338648 5532.718038 -9999.0 -9999.0 -9999.0 -9999.0 -9999.0 -9999.0 -9999.0 -9999.0 -9999.0 -9999.0 -9999.0 -9999.0 -9999.0 -9999.0 -9999.0 -9999.0 -9999.0 -9999.0 -9999.0 -9999.0 -9999.0 -9999.0 -9999.0 -9999.0 -9999.0
-9999.0 -9999.0 -9999.0 -9999.0 -9999.0 -9999.0 -9999.0 -9999.0 -9999.0 -9999.0 -9999.0 -9999.0 -9999.0 -9999.0 -9999.0 -9999.0 -9999.0 -9999.0 -9999.0 -9999.0 -9999.0 -9999.0 -9999.0 -9999.0 16190.407544 15927.932890 15705.035759 15848.280322 15400.260591 15453.908871 16723.437757 -9999.0 -9999.0 -9999.0 -9999.0 -9999.0 -9999.0 -9999.0 -9999.0 -9999.0 -9999.0 -9999.0 -9999.0 -9999.0 -9999.0 -9999.0 -9999.0 -9999.0 -9999.0 -9999.0 -9999.0 -9999.0 -9999.0 -9999.0 -9999.0 -9999.0 -9999.0 -9999.0
-9999.0 -9999.0 -9999.0 -9999.0 -9999.0 -9999.0 -9999.0 -9999.0 -9999.0 -9999.0 -9999.0 -9999.0 -9999.0 -9999.0 -9999.0 -9999.0 -9999.0 -9999.0 -9999.0 -9999.0 -9999.0 -9999.0 -9999.0 15961.609263 15822.223613 -734.764176 -707.068842 -1606.950717 165.107901 15728.944588 16136.689000 15953.750072 -9999.0 -9999.0 -9999.0 -9999.0 -9999.0 -9999.0 -9999.0 -9999.0 -9999.0 -9999.0 -9999.0 -9999.0 -9999.0 -9999.0 -9999.0 -9999.0 -9999.0 -9999.0 -9999.0 -9999.0 -9999.0 -9999.0 -9999.0 -9999.0 -9999.0 -9999.0
-9999.0 -9999.0 -9999.0 -9999.0 -9999.0 -9999.0 -9999.0 -9999.0 -9999.0 -9999.0 -9999.0 -9999.0 -9999.0 -9999.0 -9999.0 -9999.0 -9999.0 -9999.0 -221.086437 16081.675866 -9999.0 16223.244691 15995.929786 -1339.889735 -575.710252 -1673.494095 -367.321891 -195.786242 -183.926945 401.871670 15962.108580 16917.287951 -619.103077 -451.429847 -9999.0 -9999.0 -9999.0 -9999.0 -9999.0 -9999.0 -9999.0 -9999.0 -9999.0 -9999.0 -9999.0 -9999.0 -9999.0 -9999.0 -9999.0 -9999.0 -9999.0 -9999.0 -9999.0 -9999.0 -9999.0 -9999.0 -9999.0 -9999.0
-9999.0 -9999.0 -9999.0 -9999.0 -9999.0 -9999.0 -9999.0 -9999.0 -9999.0 -9999.0 -9999.0 -9999.0 -9999.0 -9999.0 -9999.0 -9999.0 -9999.0 -1353.448153 -1015.469430 -8971.947177 -605.100915 4753.500454 351.911928 -589.291759 -464.684305 -275.671884 14807.781564 13176.169375 8488.495928 -279.764645 10292.157378 9630.736259 -925.925983 -2650.551748 -1794.081970 -1031.106368 -9999.0 -9999.0 -9999.0 -9999.0 -9999.0 -9999.0 -9999.0 -9999.0 -9999.0 -9999.0 -9999.0 -9999.0 -9999.0 -9999.0 -9999.0 -9999.0 -9999.0 -9999.0 -9999.0 -9999.0 -9999.0 -9999.0
-9999.0 -9999.0 -9999.0 -9999.0 -9999.0 -9999.0 -9999.0 -9999.0 -9999.0 -9999.0 -9999.0 -9999.0 -9999.0 15976.642505 -410.505920 -889.927369 -1504.671240 -5438.646288 -1303.786587 -1189.820423 -651.048610 -659.959835 -583.739714 -429.158482 75.952458 16185.000400 -1955.935078 3107.293205 -200.063525 7702.208865 12368.559502 15434.950952 14983.688835 14963.683984 -234.930919 -618.360306 -9999.0 -9999.0 -9999.0 -9999.0 -9999.0 -9999.0 -9999.0 -9999.0 -9999.0 -9999.0 -9999.0 -9999.0 -9999.0 -9999.0 -9999.0 -9999.0 -9999.0 -9999.0 -9999.0 -9999.0 -9999.0 -9999.0
-9999.0 -9999.0 -9999.0 -9999.0 -9999.0 -9999.0 -9999.0 -9999.0 -9999.0 -9999.0 -9999.0 -9999.0 -9999.0 13730.277748 -604.497667 -981.730535 -1342.963711 -480.948236 -5468.960871 -862.197011 -1609.741823 -532.744776 -558.435244 -424.859919 3100.143087 -186.017724 16267.728830 -426.607656 -357.484629 10474.313711 18762.789007 16821.054893 -395.095281 -523.732735 -378.913719 -9999.0 -9999.0 -9999.0 -9999.0 -9999.0 -9999.0 -9999.0 -9999.0 -9999.0 -9999.0 -9999.0 -9999.0 -9999.0 -9999.0 -9999.0 -9999.0 -9999.0 -9999.0 -9999.0 -9999.0 -9999.0 -9999.0 -9999.0
-9999.0 -9999.0 -9999.0 -9999.0 -9999.0 -9999.0 -9999.0 -9999.0 -9999.0 -9999.0 -9999.0 -9999.0 -9999.0 -687.962921 703.685201 -753.069257 -1023.361860 -1226.808836 -5500.613120 -1373.446109 -404.662372 -2980.920046 188.929712 1945.139655 -282.291047 625.034254 -823.891371 -561.294651 16233.363455 -584.098717 13936.837671 -298.342757 -610.223907 -294.190927 -428.781682 -9999.0 -9999.0 -9999.0 -9999.0 -9999.0 -9999.0 -9999.0 -9999.0 -9999.0 -9999.0 -9999.0 -9999.0 -9999.0 -9999.0 -9999.0 -9999.0 -9999.0 -9999.0 -9999.0 -9999.0 -9999.0 -9999.0 -9999.0
-9999.0 -9999.0 -9999.0 -9999.0 -9999.0 -9999.0 -9999.0 -9999.0 -9999.0 -9999.0 -9999.0 -9999.0 -924.321199 5712.616580 -573.752887 -415.781830 -627.956152 -892.181305 -546.034160 -7605.283091 -626.171418 7155.835302 -145.340773 12208.075082 12684.835682 16862.322205 9937.352960 16600.288987 16745.186955 -326.077333 879.634321 -526.972332 12472.422612 -497.638978 -9999.0 -9999.0 -9999.0 -9999.0 -9999.0 -9999.0 -9999.0 -9999.0 -9999.0 -9999.0 -9999.0 -9999.0 -9999.0 -9999.0 -9999.0 -9999.0 -9999.0 -9999.0 -9999.0 -9999.0 -9999.0 -9999.0 -9999.0 -9999.0
-9999.0 -9999.0 -9999.0 -9999.0 -9999.0 -9999.0 -9999.0 -9999.0 -9999.0 -9999.0 -9999.0 18496.908695 -341.594497 364.905794 -521.103599 11679.212433 -8119.400143 -836.124833 -212.474788 -158.126732 -1189.233205 -386.872980 16681.393957 16787.046788 -146.080162 16204.144909 13368.764498 17196.299572 19905.924629 -250.126081 -481.797561 10617.063805 -417.437375 -508.698678 -577.255673 -564.547593 -236.886580 -1025.233702 -190.847632 -9999.0 -9999.0 -9999.0 -1794.409980 -9999.0 -9999.0 -9999.0 -9999.0 -9999.0 -9999.0 -9999.0 -9999.0 -9999.0 -9999.0 -9999.0 -9999.0 -9999.0 -9999.0 -9999.0
-9999.0 -9999.0 -9999.0 -9999.0 -9999.0 -9999.0 -9999.0 -9999.0 -9999.0 -9999.0 -9999.0 19325.374715 -452.247178 -517.565559 -715.953498 16647.368002 -1027.836827 -1148.616234 -489.616223 -415.077278 -307.750869 12963.543352 17579.369625 17390.036293 16979.458686 17590.352081 16528.959742 16524.507347 -205.152902 -363.383428 15841.129577 15613.876727 16048.118941 14161.793629 14032.169210 16595.448905 13853.712597 -1567.152770 -1475.240334 -1343.543729 -763.068838 -505.130400 15949.485247 -547.135879 -9999.0 -9999.0 -9999.0 13451.363395 14693.642091 -469.066124 15760.518893 -482.602318 -439.407224 13854.292514 14022.439835 -221.395793 -9999.0 -9999.0
-9999.0 -9999.0 -9999.0 -9999.0 -9999.0 -9999.0 -9999.0 -9999.0 -9999.0 -9999.0 -9999.0 14725.227845 17254.099210 3389.049804 12232.002475 13611.233529 -372.637319 -821.169600 -481.671241 -493.858866 -535.906710 -263.771997 15622.117452 17093.132751 17532.212113 -451.585262 17795.099363 17876.520047 -476.963349 15434.817110 -480.134787 10905.000056 15777.531336 16164.809607 -479.937372 12389.613256 17771.165973 -1396.300460 -2056.243724 -1546.456731 -632.130604 -58.519589 14902.863168 17464.632370 15774.984406 -9999.0 -509.892080 14885.460921 16026.958497 16289.259517 6025.692522 -424.964434 4226.273096 15862.409457 5766.578469 14510.137836 -9999.0 -9999.0
-9999.0 -9999.0 -9999.0 -9999.0 -9999.0 -9999.0 -9999.0 -9999.0 -9999.0 -9999.0 -9999.0 -9999.0 19453.689154 18130.766999 15037.228369 14584.068329 -580.483579 -871.316893 -418.492963 -451.030551 -634.541055 -295.327246 -146.774321 16958.595324 17099.488043 16654.546007 86.885371 4000.482707 16235.685613 -521.586952 17193.834672 15669.692527 3417.445480 16328.834691 15961.407183 14408.998401 -475.810502 -2029.106557 -1995.977581 -1320.892584 -884.039328 -1387.169742 749.126131 17225.990031 -730.261089 15075.480544 -592.388423 15647.584281 6183.296590 14811.904011 12257.540294 10612.044896 11380.659224 10584.363690 10254.838095 15893.137665 15541.999633 -9999.0
-9999.0 -9999.0 -9999.0 -9999.0 -9999.0 -9999.0 -9999.0 -9999.0 -9999.0 -9999.0 -9999.0 18355.009176 17580.955889 4447.103063 17515.862373 14674.304090 -301.172944 -622.174523 -403.008263 -782.943512 -762.783350 -319.898178 13880.585249 -138.371094 15938.607952 15444.196570 17160.755553 17091.246874 16034.307936 -566.200640 17761.775243 17773.901342 11044.620849 16386.365540 14737.479937 17233.583764 -258.426797 -2255.789006 -1537.191033 -1897.395876 -1944.768152 -1129.938945 8583.663377 -2294.015089 15844.877323 16581.848469 16471.580183 -843.753652 -839.702598 -135.517896 -1876.839326 16654.055001 2955.152700 -896.081139 -1186.222341 -443.236271 -366.011635 -9999.0
-9999.0 -9999.0 -9999.0 -9999.0 -9999.0 -9999.0 -9999.0 -9999.0 -9999.0 -9999.0 8589.128401 17382.166970 16556.772688 16605.768466 15345.683958 14898.139706 15410.871410 -407.199340 -964.698548 -753.343182 -324.264585 -137.096628 -71.232423 15376.498999 5919.821344 3628.652064 10008.559226 -2245.233168 2505.463612 16490.510693 8034.802648 8303.503689 15944.752694 15611.901811 -373.002329 -505.428144 16396.525341 16489.438321 -822.670958 -207.538243 -313.777918 -1919.365774 -145.538795 -336.934654 12333.663042 -537.664660 17595.410648 -48.281384 12993.959830 5754.178696 -4772.933449 -411.784550 -1022.988449 -188.310613 -384.986360 14196.390294 14253.416731 -9999.0
-9999.0 -9999.0 -9999.0 -9999.0 -9999.0 -9999.0 -9999.0 -9999.0 -9999.0 17652.629284 17755.488768 3815.889074 9750.719497 15043.051752 13976.656460 15162.823335 12679.121024 8124.183259 -971.028727 -942.810784 -382.006283 -821.282352 -890.206984 -359.292811 134.468653 17459.673734 17124.070475 16008.778881 -123.270129 12178.596099 163.695888 -54.748756 -316.960694 -424.322839 -500.314552 -497.681818 10997.341863 16127.226092 18018.903396 18420.974580 23258.541675 17517.025646 127.817666 -690.447138 -510.231852 -220.164817 14124.407273 -181.469028 -167.876658 36.018249 -125.401856 -396.201467 -213.006398 -205.739221 -355.570015 -106.335615 938.279517 -197.165127
-9999.0 -9999.0 -9999.0 -9999.0 -9999.0 -9999.0 -9999.0 -9999.0 -9999.0 3482.111728 13036.718137 17068.465337 17677.785151 925.680969 12902.497618 14891.603584 14775.811239 -283.345523 -1029.858647 -563.160924 -494.768911 -659.547633 -255.346524 7309.604075 14036.208639 16552.094443 14878.383619 6808.311618 -242.009546 5012.565461 15413.842075 18446.954596 13502.118845 16265.411369 17295.588612 -504.693562 -494.476221 -491.752046 16985.895041 18255.153026 17392.052588 5028.472635 14100.130259 -293.733426 -537.306952 -373.422639 -310.986816 -442.929366 -290.326914 79.563869 -59.331193 9486.853027 -296.277077 13237.027161 -53.165687 5257.965591 -68.338149 4677.102269
-9999.0 -9999.0 -9999.0 -9999.0 -9999.0 -9999.0 -9999.0 -9999.0 -9999.0 -9999.0 16584.589640 16942.420396 17886.496501 18310.918722 -269.670472 11939.090982 1612.461662 -350.991028 -1076.302068 -651.082499 -426.880610 -1147.264805 21.562616 -101.545014 15823.785478 11292.394644 79.285530 -223.077729 14324.603043 26049.886025 21697.672529 29839.109314 12919.047347 16056.511381 16896.819857 16532.819386 15934.504115 17132.428730 -361.401124 17134.412050 17226.961662 16976.995902 20933.599011 -131.299733 -245.887776 -365.020860 -592.490864 -268.939890 -321.446756 -268.017259 -68.655570 -125.778504 -411.394781 -209.984368 13074.797966 14878.117043 16011.934439 16281.009461
-9999.0 -9999.0 -9999.0 -9999.0 -9999.0 -9999.0 -9999.0 -9999.0 -9999.0 -9999.0 15613.630162 16718.234311 16186.438965 13774.176086 -36.268037 -611.014190 -455.103156 -817.290941 -937.463606 -1261.053214 -1202.255912 -877.529739 169.461878 12684.089887 10924.422690 -242.553010 90.046266 442.614958 24977.058856 12595.739045 17489.259798 17534.798082 -2872.425666 16089.993937 17607.428625 17778.918348 8962.879796 16889.748978 9180.348356 16947.400941 17846.678878 -68.638874 18317.741309 17275.215689 17629.719834 -50.224925 6524.536689 -246.024386 -684.179281 -62.850258 7210.329523 5901.957362 15268.554654 -340.812400 -260.643383 -304.907465 15779.415417 3984.275151
-9999.0 -9999.0 -9999.0 -9999.0 -9999.0 -9999.0 -9999.0 -9999.0 17923.540033 16610.681315 1673.108863 15738.184981 15225.653267 15225.129412 20353.128137 -444.269302 -1028.939248 -693.904177 -760.544330 -1514.676650 -1489.323047 -1171.644572 -1048.477715 -876.811365 -291.260064 -249.037358 -211.606139 26683.057656 19536.699407 12296.946760 -375.849398 15433.579747 17134.558713 16256.349163 17432.142043 17676.992783 15726.966304 17755.300184 21188.905279 -532.671536 -667.113548 14642.056703 -1716.749234 -416.508677 -665.839379 7932.026121 20915.094617 16193.472497 -254.449009 -88.879041 536.102433 -67.469652 11706.789740 9541.537558 -517.300016 4388.617520 -269.204469 16596.757823
-9999.0 -9999.0 -9999.0 -9999.0 -9999.0 -9999.0 -9999.0 -9999.0 -9.543076 14246.451165 9715.451156 16049.670997 16564.412735 17469.798675 21933.053380 -355.292669 -783.225242 -897.891999 -1836.767076 -1536.341648 -544.136476 -630.880536 -638.912622 -665.292266 -1063.013261 -619.276395 -363.056082 17367.299136 -3904.683041 16855.925224 16038.030925 -961.154917 13270.557348 -909.003622 16060.842877 18278.379963 16240.359623 6288.002324 3187.120608 17927.016373 17938.679343 -31.777141 -662.653430 17564.748170 19495.730163 15853.623747 -1987.953393 17783.858576 3406.167079 -470.944806 -91.525316 18408.921320 12918.907152 15276.982539 1372.838924 -11212.624935 -143.509729 -234.497038
-9999.0 -9999.0 -9999.0 -9999.0 -9999.0 -9999.0 -9999.0 -9999.0 17658.405016 16929.204192 12032.639469 9438.059590 17167.946299 -1902.117569 15601.205043 3620.607379 -669.513033 -624.534672 -1409.749462 -595.259444 -1576.526335 -794.221796 -706.820656 -1115.226724 -585.243944 -805.090601 -398.546228 25046.085455 -2469.347097 17338.648654 -1272.466543 14851.310074 17756.895592 -141.490052 18107.686956 16200.626886 7535.168462 -82.959873 18505.935600 7861.884694 18031.916301 -949.691549 18077.233848 17972.444544 17771.422747 18003.382455 -776.864679 17185.187176 17558.062283 -150.199878 -382.797964 264.121264 3876.336543 7771.617156 -138.738123 419.270768 -130.644349 -156.230621
-9999.0 -9999.0 -9999.0 -9999.0 -9999.0 -9999.0 -9999.0 -9999.0 -691.940849 17986.767162 8925.201850 -3440.457203 17511.138486 17468.422370 -83.608010 -428.724549 -1389.680910 -1288.849219 -495.857395 -1458.924780 -1391.456731 -1315.479020 -762.373878 -1020.193442 -962.247431 -607.401128 3682.623005 14712.271321 15994.778169 5474.767537 -78.659015 2100.261824 -144.594871 7486.493759 -116.480963 16377.517768 5026.207603 -795.230759 -312.854499 -125.686427 17147.375140 17271.213884 18353.851002 -785.964329 16652.806076 -739.799902 3101.006234 -777.106868 16509.670118 -147.744983 -208.207236 -317.905340 10.903002 1030.112587 381.477802 94.662512 -255.957996 -365.681278
-9999.0 -9999.0 -9999.0 -9999.0 -9999.0 -9999.0 -9999.0 -9999.0 14964.384289 18269.578981 4368.292166 19869.216927 18357.104562 25918.937151 3963.112513 -166.065269 -185.126562 -765.070864 -640.010862 -898.484108 -1146.215890 -1064.221785 -1294.782441 -1330.788769 -517.833802 -595.375218 22499.563892 11238.832734 524.759702 7688.889367 -109.214076 549.072642 94.444435 -224.477692 -257.571133 -395.199879 -452.219840 -944.635446 -1133.360336 -166.038928 -284.837930 -155.662273 -194.247012 -179.715448 -145.721695 15914.192124 -180.304964 -112.487725 -186.188296 -218.852255 -232.832379 -637.967806 -407.849697 -314.687255 148.346214 141.115624 43.007255 -336.464860
-9999.0 -9999.0 800.785688 16869.669124 -33.340198 16411.656583 15646.860074 15385.525227 16750.345004 17704.776352 16609.689010 19474.210855 21718.840582 18347.090235 161.540447 -38.541095 367.161939 22972.576689 14677.720097 -431.566621 -908.446438 -883.776703 -399.504489 -1646.977632 -1133.571497 -883.614899 -545.291574 -536.804218 -522.456269 -218.848983 -180.653224 -492.568297 91.066322 -651.361514 -391.894021 -855.146945 -609.878095 -1117.298507 -1391.015656 -1085.874623 -509.676946 -374.416267 -642.155032 -329.727940 -387.396641 -247.018265 -210.917131 -437.180958 -436.694636 -418.629919 -561.825620 -566.248718 -283.296665 -199.100540 100.859275 102.472157 -178.198019 -365.101967
