user2019/resources/simulation/Vinschgau/output-maps/psiL0006N0728.asc
ncols         63
nrows         48
xllcorner     598000.000000
yllcorner     5145000.000000
cellsize      1000.000000
NODATA_value  -9999.0
[rows 0 to 26 of 48, columns 0 to 59 of 63]
-9999.0 -9999.0 -9999.0 -9999.0 -9999.0 -9999.0 -9999.0 -9999.0 -9999.0 -9999.0 -9999.0 -9999.0 -9999.0 -9999.0 -9999.0 -9999.0 -9999.0 -9999.0 -9999.0 -9999.0 -9999.0 -9999.0 -9999.0 -9999.0 -9999.0 -9999.0 -9999.0 -9999.0 -9999.0 -9999.0 -9999.0 -9999.0 -9999.0 -9999.0 -9999.0 -9999.0 -9999.0 -9999.0 -9999.0 -9999.0 -9999.0 -9999.0 -9999.0 -9999.0 -9999.0 -9999.0 -9999.0 -9999.0 -9999.0 -9999.0 -9999.0 -9999.0 -9999.0 -9999.0 -9999.0 -9999.0 -9999.0 -9999.0 -9999.0 -9999.0
-9999.0 -9999.0 -9999.0 -9999.0 -9999.0 -9999.0 -9999.0 -9999.0 -9999.0 -9999.0 -9999.0 -9999.0 -9999.0 -9999.0 -9999.0 -9999.0 -9999.0 -9999.0 -9999.0 -9999.0 -9999.0 -9999.0 -9999.0 -9999.0 -9999.0 -9999.0 -9999.0 -798.524920 -4.279918 -799.562090 -4.538528 -41.627309 3.641006 -9999.0 -9999.0 -9999.0 -9999.0 -9999.0 -9999.0 -9999.0 -9999.0 -9999.0 -9999.0 -9999.0 -9999.0 -9999.0 -9999.0 -9999.0 -9999.0 -9999.0 -9999.0 -9999.0 -9999.0 -9999.0 -9999.0 -9999.0 -9999.0 -9999.0 -9999.0 -9999.0
-9999.0 -9999.0 -9999.0 -9999.0 -9999.0 -9999.0 -9999.0 -9999.0 -9999.0 -9999.0 -9999.0 -9999.0 -9999.0 -9999.0 -9999.0 -9999.0 -9999.0 -9999.0 -9999.0 -9999.0 -9999.0 -9999.0 -9999.0 -9999.0 71.916610 197.009019 175.892441 194.039960 171.587693 -2.061960 -5.741279 -9999.0 -9999.0 -9999.0 -9999.0 -9999.0 -9999.0 -9999.0 -9999.0 -9999.0 -9999.0 -9999.0 -9999.0 -9999.0 -9999.0 -9999.0 -9999.0 -9999.0 -9999.0 -9999.0 -9999.0 -9999.0 -9999.0 -9999.0 -9999.0 -9999.0 -9999.0 -9999.0 -9999.0 -9999.0
-9999.0 -9999.0 -9999.0 -9999.0 -9999.0 -9999.0 -9999.0 -9999.0 -9999.0 -9999.0 -9999.0 -9999.0 -9999.0 -9999.0 -9999.0 -9999.0 -9999.0 -9999.0 -9999.0 -9999.0 -9999.0 -9999.0 -9999.0 196.073206 197.744455 -389.438704 -165.253099 -932.291705 -444.135421 -0.676199 -4.236539 -5.630642 -9999.0 -9999.0 -9999.0 -9999.0 -9999.0 -9999.0 -9999.0 -9999.0 -9999.0 -9999.0 -9999.0 -9999.0 -9999.0 -9999.0 -9999.0 -9999.0 -9999.0 -9999.0 -9999.0 -9999.0 -9999.0 -9999.0 -9999.0 -9999.0 -9999.0 -9999.0 -9999.0 -9999.0
-9999.0 -9999.0 -9999.0 -9999.0 -9999.0 -9999.0 -9999.0 -9999.0 -9999.0 -9999.0 -9999.0 -9999.0 -9999.0 -9999.0 -9999.0 -9999.0 -9999.0 -9999.0 186.183782 173.977750 -9999.0 77.971768 197.925819 -853.066836 -125.343921 -1059.966546 -58.415483 173.984004 166.364945 -157.560567 -3.418087 -4.045009 -799.858317 -798.820414 -9999.0 -9999.0 -9999.0 -9999.0 -9999.0 -9999.0 -9999.0 -9999.0 -9999.0 -9999.0 -9999.0 -9999.0 -9999.0 -9999.0 -9999.0 -9999.0 -9999.0 -9999.0 -9999.0 -9999.0 -9999.0 -9999.0 -9999.0 -9999.0 -9999.0 -9999.0
-9999.0 -9999.0 -9999.0 -9999.0 -9999.0 -9999.0 -9999.0 -9999.0 -9999.0 -9999.0 -9999.0 -9999.0 -9999.0 -9999.0 -9999.0 -9999.0 -9999.0 -598.377251 -204.514993 -351712.330551 -800.671246 189.934441 -142.527072 -385.110009 -162.617908 0.534491 162.608013 193.598166 137.823897 167.918829 215.310117 -2.550159 -806.830020 -806.418336 -800.146570 -798.584080 -9999.0 -9999.0 -9999.0 -9999.0 -9999.0 -9999.0 -9999.0 -9999.0 -9999.0 -9999.0 -9999.0 -9999.0 -9999.0 -9999.0 -9999.0 -9999.0 -9999.0 -9999.0 -9999.0 -9999.0 -9999.0 -9999.0 -9999.0 -9999.0
-9999.0 -9999.0 -9999.0 -9999.0 -9999.0 -9999.0 -9999.0 -9999.0 -9999.0 -9999.0 -9999.0 -9999.0 -9999.0 -4.350490 167.365660 -369.876086 -750.243880 -799.309037 -584.286630 -858.270025 -153.443540 -240.418145 -601.187274 -100.802457 178.775056 64.685457 -159353.993223 -256.597047 -310.344486 175.762144 9467.908110 71.018402 -3.828697 -9.120928 -796.812603 -798.280859 -9999.0 -9999.0 -9999.0 -9999.0 -9999.0 -9999.0 -9999.0 -9999.0 -9999.0 -9999.0 -9999.0 -9999.0 -9999.0 -9999.0 -9999.0 -9999.0 -9999.0 -9999.0 -9999.0 -9999.0 -9999.0 -9999.0 -9999.0 -9999.0
-9999.0 -9999.0 -9999.0 -9999.0 -9999.0 -9999.0 -9999.0 -9999.0 -9999.0 -9999.0 -9999.0 -9999.0 -9999.0 203.081279 -31.231365 -390.262644 -669.770653 198.497050 -800.743645 -383.031603 -669.787185 -197.153077 0.216701 185.921745 194.436285 -261.430475 -8.742334 -798.694444 -798.341592 -212.073801 89.760415 -15.112194 -798.739722 -798.209338 -798.414299 -9999.0 -9999.0 -9999.0 -9999.0 -9999.0 -9999.0 -9999.0 -9999.0 -9999.0 -9999.0 -9999.0 -9999.0 -9999.0 -9999.0 -9999.0 -9999.0 -9999.0 -9999.0 -9999.0 -9999.0 -9999.0 -9999.0 -9999.0 -9999.0 -9999.0
-9999.0 -9999.0 -9999.0 -9999.0 -9999.0 -9999.0 -9999.0 -9999.0 -9999.0 -9999.0 -9999.0 -9999.0 -9999.0 -176.517996 853.419302 -320.574634 -457.405370 -628.654465 -801.015354 -665.185081 192.116459 -182923.654721 94.132895 150.612769 180.198950 197.135384 -799.719610 -798.834372 -4.733260 -798.276230 -13.740930 -796.305643 -798.124253 -795.665911 -797.653743 -9999.0 -9999.0 -9999.0 -9999.0 -9999.0 -9999.0 -9999.0 -9999.0 -9999.0 -9999.0 -9999.0 -9999.0 -9999.0 -9999.0 -9999.0 -9999.0 -9999.0 -9999.0 -9999.0 -9999.0 -9999.0 -9999.0 -9999.0 -9999.0 -9999.0
-9999.0 -9999.0 -9999.0 -9999.0 -9999.0 -9999.0 -9999.0 -9999.0 -9999.0 -9999.0 -9999.0 -9999.0 -484.149524 6526.595410 169.396243 181.432002 176.881812 -338.076062 -85.973518 -338254.826513 -171.534113 -27.040128 -6507.038134 182.227041 3624.709311 -7.792007 716.440785 -5.537501 -2.826609 -798.064302 -16.292072 -798.915797 -4.373704 -799.005446 -9999.0 -9999.0 -9999.0 -9999.0 -9999.0 -9999.0 -9999.0 -9999.0 -9999.0 -9999.0 -9999.0 -9999.0 -9999.0 -9999.0 -9999.0 -9999.0 -9999.0 -9999.0 -9999.0 -9999.0 -9999.0 -9999.0 -9999.0 -9999.0 -9999.0 -9999.0
-9999.0 -9999.0 -9999.0 -9999.0 -9999.0 -9999.0 -9999.0 -9999.0 -9999.0 -9999.0 -9999.0 92.575969 205.766559 586.427540 180.933626 84.856684 -152046.287650 -228.023192 195.936468 -311309.054499 -261.451417 173.857960 -3.295136 -5.651323 -243.106244 -3.724735 -10.491266 -3.689377 2965.774978 -795.270430 -798.913376 -3.049964 -798.076673 -799.232828 -798.971984 -800.888686 -153.168795 -289.608271 -674.690547 -9999.0 -9999.0 -9999.0 -802.206077 -9999.0 -9999.0 -9999.0 -9999.0 -9999.0 -9999.0 -9999.0 -9999.0 -9999.0 -9999.0 -9999.0 -9999.0 -9999.0 -9999.0 -9999.0 -9999.0 -9999.0
-9999.0 -9999.0 -9999.0 -9999.0 -9999.0 -9999.0 -9999.0 -9999.0 -9999.0 -9999.0 -9999.0 63.701608 194.093851 -331.416341 179.874609 -12.271161 149.152948 -291.076082 9.509915 202.960767 197.163041 29.942310 86.414141 72.658776 78.673167 -4.569512 -4.168632 -2.994025 -794.706484 -798.545127 -3.722405 -0.566042 -5.280577 -5.025480 -22.638113 -23.373498 -82.634124 -262.323347 -265.516601 -803.739708 -802.401716 -798.582812 -4.617248 -798.907390 -9999.0 -9999.0 -9999.0 83.910975 -6.070298 -797.928320 -4.848842 -798.181227 -797.828199 96.905854 114.476995 -790.030702 -9999.0 -9999.0 -9999.0 -9999.0
-9999.0 -9999.0 -9999.0 -9999.0 -9999.0 -9999.0 -9999.0 -9999.0 -9999.0 -9999.0 -9999.0 112.860102 56.543968 -206.636629 197.264598 -4.493431 186.039621 182.395969 194.850191 -21.226258 189.819153 -293.875765 79.052268 75.914559 -5.853020 -800.187836 94.065839 2364.293242 -798.394933 -6.394126 -798.113312 -133.008754 -3.182912 -6.525695 -798.938796 -63.704112 100.224062 -4246.508190 -297.626345 -805.325315 -245.756268 -371.524054 -11.828407 -4.446459 -6.087759 -9999.0 -798.996940 -4.914293 -3.752654 -3.012174 -18.861601 -798.915242 -18.862144 -3.309266 -13.079190 -4.367579 -9999.0 -9999.0 -9999.0 -9999.0
-9999.0 -9999.0 -9999.0 -9999.0 -9999.0 -9999.0 -9999.0 -9999.0 -9999.0 -9999.0 -9999.0 -9999.0 85.647945 76.532364 194.236538 201.988160 35.918302 -70.838080 222.832018 182.123503 183.042611 -303.461459 -303.431163 166.574366 74.144239 91.337910 2474.302874 -31.122149 -4.445563 -798.412621 -3.890151 96.956020 -38.710921 -4.784501 -13.092518 -67.815526 -716.199658 -3273.556937 -2162.110348 -607.349276 -1081.559185 -802.670265 -294.874816 189.245876 -799.769804 -4.920921 -798.785244 -5.074787 -211.934893 135.677657 176.829691 95.565762 911.377867 109.891889 64.099664 13.772782 65.012132 -9999.0 -9999.0 -9999.0
-9999.0 -9999.0 -9999.0 -9999.0 -9999.0 -9999.0 -9999.0 -9999.0 -9999.0 -9999.0 -9999.0 89.600519 30.495857 -29.225637 217.803622 197.002429 198.949017 189.363373 211.368754 -97.593861 187.163081 198.890376 200.780309 -311.870828 89.493737 210.136394 105.536656 -6.407823 -8.319014 -800.044212 95.580425 290.820032 41.074749 -4.629191 -16.542152 -18.002558 -264.162370 -31755.872600 -1367.664109 -283.594467 -16497.449970 -1192.763549 200.647931 -165930.404938 23.145397 -4.795037 -2.882821 -799.684899 -800.426324 -5283.152024 -151246.035762 -6.265161 60.241808 -104943.756381 -136310.334911 -798.586120 -797.729393 -9999.0 -9999.0 -9999.0
-9999.0 -9999.0 -9999.0 -9999.0 -9999.0 -9999.0 -9999.0 -9999.0 -9999.0 -9999.0 2357.156451 93.292740 99.495654 80.776132 197.032979 2193.108986 2196.292766 -26.994203 -409.424999 -63.846157 211.303140 204.158402 -188.349022 190.646975 192.325503 2731.984715 -174.862901 -152567.384425 -29.540826 -1.326496 280.138624 543.716510 -3.482539 -5.170389 -798.304169 -799.964759 -69.417350 78.446918 -1390.928502 168.835477 -384.279393 -143783.554611 -795.967490 206.185352 174.939651 -800.298907 -3.681431 -272.401268 212.814420 152.309859 -152889.888009 -798.971680 -111187.529766 -780.783413 -798.678359 -3.795728 -3.556835 -9999.0 -9999.0 -9999.0
-9999.0 -9999.0 -9999.0 -9999.0 -9999.0 -9999.0 -9999.0 -9999.0 -9999.0 -5.418856 79.259972 107.944969 209.308276 160.412154 215.272412 188.573155 139.938867 187.664259 -172.146500 -391.346281 199.914764 -202.196589 -209.670708 -56.913653 171.661258 -122.429242 93.162833 3.813078 -309.365997 195.743470 166.631926 -840.443495 -797.975057 -797.763574 -798.675376 -799.078765 -4.251920 81.854455 71.794781 184.771145 121.689326 123.036497 -167.121646 160.009409 -228.960221 -346.617280 27.902143 -389.077578 -323.754001 160.865609 -6060.434310 -798.299185 -791.822230 -787.596407 -798.085341 -169.543054 92.539836 -757.578464 -797.905069 -9999.0
-9999.0 -9999.0 -9999.0 -9999.0 -9999.0 -9999.0 -9999.0 -9999.0 -9999.0 -10.858464 -5.083443 -4.203777 4839.504173 180.605796 181.603776 180.436743 195.629534 174.693289 -190.503136 -159.599312 -32.370457 -248.507701 171.912009 195.828505 -121.526733 159.433981 180.773189 180.775358 167.042834 169.792316 -43.256006 -133.222104 -4.049318 -5.340573 -3.566519 -801.030085 -800.450677 -800.668740 -14.853668 -3.755510 89.877713 -140.293910 166.527302 181.444430 175.212196 -118.224175 153.454022 -427.562104 -391.138318 150.301453 -1022.706193 -280.439303 -797.020027 -6.874533 -471.362120 72.605998 -153.496000 118.966788 -781.779155 -9999.0
-9999.0 -9999.0 -9999.0 -9999.0 -9999.0 -9999.0 -9999.0 -9999.0 -9999.0 -9999.0 -5.257008 -3.656323 175.971198 2586.138739 -386.468925 179.639524 184.876376 172.673731 -150.222070 -198.963765 198.454734 -196.231342 183.252756 -140.330825 173.578410 179.117744 185.103779 164.228685 -43.533091 42.539798 -103.816524 4769.537900 -154.282261 -5.579123 -2.916225 47.691212 188.979172 192.584208 -798.612830 -5.199508 -10.567592 73.749323 4823.624617 -144.984685 -119.254581 191.281019 -149.061568 171.836506 -494.612438 -331.944204 -1503.557483 -5796.408285 -798.364225 -787.767348 0.000000 -5.472062 66.221393 11301.554183 -247.806594 171.362125
-9999.0 -9999.0 -9999.0 -9999.0 -9999.0 -9999.0 -9999.0 -9999.0 -9999.0 -9999.0 -4.661147 -4.195606 79.752200 195.698071 177.198408 -118.806673 -85.282060 -264.143401 -220.781365 -559.938246 -585.930453 -208.855743 -60.497056 172.427586 183.798160 181.001546 171.404967 196.424785 52.221447 -126.121552 -5.281406 79.112342 -151672.655153 -6.858787 -5.240762 76.248698 4038.071249 207.038773 -240.379245 -10.735973 -3.947094 -629.556276 90.044953 -4.824615 75.573470 -720.852569 191.315389 -122.241674 -159.662841 -335.990626 -195.271849 -246.514054 59.109631 -797.270626 -794.216622 -796.939731 -8.164725 -170.908705 393.460724 294.363565
-9999.0 -9999.0 -9999.0 -9999.0 -9999.0 -9999.0 -9999.0 -9999.0 91.976307 -3.927498 -43.304169 69.256642 112.545801 98.235492 69.286411 29.447897 -311.936255 -251.580983 -308.668160 -747.857565 -678.944990 -302.697573 -240.289590 -129.475505 174.306584 172.670439 206.840322 66.680747 91.011320 -176.519657 -798.263072 -4.646388 -4.152640 -5.299072 -3.538814 -9.222574 -3.001909 195.348460 -125.310064 -798.559755 -798.615652 85.198023 -154882.543977 -798.720182 -800.590624 2307.852035 -108.162329 141.027854 -127.259942 164.222146 200.837454 -1325.011774 81.123352 -215.696447 -799.798453 -18.607176 -776.870675 178.298094 -317.253331 290.835744
-9999.0 -9999.0 -9999.0 -9999.0 -9999.0 -9999.0 -9999.0 -9999.0 67.268043 98.339868 -274.952635 -6.742781 -5.334282 1943.396430 92.235596 185.461706 5.919671 -151.207853 -441.159634 -702.956929 197.954086 -135.746218 -165.395229 -154.724412 -265.005584 172.118692 205.673892 201.372271 -151590.348601 -4.349833 -4.818663 -800.282793 -3.296869 -798.131394 77.728864 77.245960 55.275655 220.644420 -227.960400 -3.482821 -5.042874 -140.991574 -798.853643 -3.360048 2772.614449 101.339968 -152829.643596 -4.488991 -150.221061 196.890345 156.408820 190.746527 21.760698 -4.167861 -23.772600 -151861.041652 -317.021972 -301.659577 -335.335866 184.607838
-9999.0 -9999.0 -9999.0 -9999.0 -9999.0 -9999.0 -9999.0 -9999.0 -5.721431 2379.834806 -70.785707 -229.172237 104.375234 -153668.958744 154.754825 -182.028047 -176.179170 -162.295297 -504.181682 -172.962270 -696.518536 -348.724482 -206.262438 -584.201751 -172.184014 180.441690 183.371812 55.284606 -154398.521923 -3.602788 -800.320962 213.502966 84.256449 -8527.576104 96.306239 77.923815 -183.023362 -149.146494 -118.022216 -212.260119 -3.761505 -798.711680 73.076140 2356.164595 86.872034 83.861461 -800.441730 81.831818 72.258567 -126.443539 153.873931 182.075591 -155.416641 -150.091749 -300.635174 200.945486 184.961353 180.647280 186.145623 270.083488
-9999.0 -9999.0 -9999.0 -9999.0 -9999.0 -9999.0 -9999.0 -9999.0 -798.494420 -3.783450 174.580452 -206273.941118 78.016429 101.263686 -2568.591725 170.002365 -305.554499 -417.167037 -54.885262 -633.593232 -626.833181 -590.993379 -349.216656 -622.410590 -411.868809 176.394183 178.459776 -154.391857 185.569076 -299.508899 -295.919950 -258.883571 -8997.645537 202.451894 -5733.223482 -16.594640 -8.219724 160.747395 -135.280575 -230.038372 -3.578754 -1.571482 -1.396830 -799.319057 189.719709 -799.989071 -25.258120 -799.182926 -17.319036 -324.525651 165.241845 155.686980 179.172253 165.247333 188.022350 200.063086 205.437107 341.210860 184.163408 179.818986
-9999.0 -9999.0 -9999.0 -9999.0 -9999.0 -9999.0 -9999.0 -9999.0 45.227271 77.050295 4971.628255 -153.760626 -151.032345 83.608362 197.259663 190.330821 166.015348 67.844977 161.216616 -123.508831 -520.468430 -459.007490 -599.958739 -647.389131 -125.934832 -155.084362 74.579248 185.964315 175.795033 203.720150 -157.347579 198.807494 -297.645146 200.407267 -292.743138 -300.992398 -281.598939 166.303902 -141.575151 186.637963 -295.587054 -7818.128532 -285.381678 -8365.429015 -288.779098 20.576114 -288.651025 -281.655308 -349.696813 -356.774795 -366.602110 -122.459920 179.766839 63.643774 403.639375 393.721358 188.191736 185.842242 217.911272 196.489629
-9999.0 -9999.0 -36.169239 73.408476 811.512156 96.810997 108.752476 83.161211 81.377609 70.902780 95.482894 247.970746 109.986593 213.110120 179.525925 155.096344 -135.498279 40.626059 169.775330 175.508205 -168.572525 -57.604908 179.585480 -821.013160 -572.764258 -234.097362 -168.390339 -63.667356 174.419460 199.526667 170.075115 184.571313 281.270157 183.247628 175.819123 166.190811 163.519752 173.724381 -142.197253 -140.772021 -316.946399 -326.765899 -167.590162 184.083809 -163.995434 -324.369975 180.063423 186.131045 -399.755844 162.650565 33.099979 -270.229686 187.018771 188.995993 191.967137 198.870883 228.321484 201.815984 197.913908 195.104620
-9999.0 181.937536 96.465475 95.694005 79.965034 101.144663 99.603365 65.231934 63.505216 -4.689482 81.922642 65.794088 228.483803 250.804200 177.362620 -118.735578 93.092276 81.766169 180.422443 172.017233 -183.207858 186.111707 386.668341 184.217632 -561.485802 -659.910780 -410.105309 -247.488278 174.843855 171.377968 -226.562806 165.995366 211.977979 209.309804 173.030291 153.155406 162.370021 -81.314560 172.808060 144.334606 151.636587 169.218686 193.271077 178.515934 -14.285777 -170.926309 164.982133 163.610253 165.963141 245.369788 181.495831 183.586735 226.679791 251.166979 235.308221 198.706068 201.066053 190.931966 196.140776 194.727743
