user2019/resources/simulation/Vinschgau/output-maps/psiL0007N1018.asc
ncols         63
nrows         48
xllcorner     598000.000000
yllcorner     5145000.000000
cellsize      1000.000000
NODATA_value  -9999.0
[rows 0 to 25 of 48, columns 0 to 57 of 63]
-9999.0 -9999.0 -9999.0 -9999.0 -9999.0 -9999.0 -9999.0 -9999.0 -9999.0 -9999.0 -9999.0 -9999.0 -9999.0 -9999.0 -9999.0 -9999.0 -9999.0 -9999.0 -9999.0 -9999.0 -9999.0 -9999.0 -9999.0 -9999.0 -9999.0 -9999.0 -9999.0 -9999.0 -9999.0 -9999.0 -9999.0 -9999.0 -9999.0 -9999.0 -9999.0 -9999.0 -9999.0 -9999.0 -9999.0 -9999.0 -9999.0 -9999.0 -9999.0 -9999.0 -9999.0 -9999.0 -9999.0 -9999.0 -9999.0 -9999.0 -9999.0 -9999.0 -9999.0 -9999.0 -9999.0 -9999.0 -9999.0 -9999.0
-9999.0 -9999.0 -9999.0 -9999.0 -9999.0 -9999.0 -9999.0 -9999.0 -9999.0 -9999.0 -9999.0 -9999.0 -9999.0 -9999.0 -9999.0 -9999.0 -9999.0 -9999.0 -9999.0 -9999.0 -9999.0 -9999.0 -9999.0 -9999.0 -9999.0 -9999.0 -9999.0 -568.195251 -136.214550 -566.459195 -127.851775 -373.972876 -60.742535 -9999.0 -9999.0 -9999.0 -9999.0 -9999.0 -9999.0 -9999.0 -9999.0 -9999.0 -9999.0 -9999.0 -9999.0 -9999.0 -9999.0 -9999.0 -9999.0 -9999.0 -9999.0 -9999.0 -9999.0 -9999.0 -9999.0 -9999.0 -9999.0 -9999.0
-9999.0 -9999.0 -9999.0 -9999.0 -9999.0 -9999.0 -9999.0 -9999.0 -9999.0 -9999.0 -9999.0 -9999.0 -9999.0 -9999.0 -9999.0 -9999.0 -9999.0 -9999.0 -9999.0 -9999.0 -9999.0 -9999.0 -9999.0 -9999.0 -37.310052 -41.694391 -35.351255 -33.023386 -26.602337 -86.159849 -155.654813 -9999.0 -9999.0 -9999.0 -9999.0 -9999.0 -9999.0 -9999.0 -9999.0 -9999.0 -9999.0 -9999.0 -9999.0 -9999.0 -9999.0 -9999.0 -9999.0 -9999.0 -9999.0 -9999.0 -9999.0 -9999.0 -9999.0 -9999.0 -9999.0 -9999.0 -9999.0 -9999.0
-9999.0 -9999.0 -9999.0 -9999.0 -9999.0 -9999.0 -9999.0 -9999.0 -9999.0 -9999.0 -9999.0 -9999.0 -9999.0 -9999.0 -9999.0 -9999.0 -9999.0 -9999.0 -9999.0 -9999.0 -9999.0 -9999.0 -9999.0 -43.613399 -35.395706 -464.801295 -382.892681 -18478.573590 -12818.469015 -164.815980 -146.747073 -157.845090 -9999.0 -9999.0 -9999.0 -9999.0 -9999.0 -9999.0 -9999.0 -9999.0 -9999.0 -9999.0 -9999.0 -9999.0 -9999.0 -9999.0 -9999.0 -9999.0 -9999.0 -9999.0 -9999.0 -9999.0 -9999.0 -9999.0 -9999.0 -9999.0 -9999.0 -9999.0
-9999.0 -9999.0 -9999.0 -9999.0 -9999.0 -9999.0 -9999.0 -9999.0 -9999.0 -9999.0 -9999.0 -9999.0 -9999.0 -9999.0 -9999.0 -9999.0 -9999.0 -9999.0 -48.781634 -48.000649 -9999.0 -37.532475 -35.139831 -13346.493435 -323.109045 -15261.198051 -138.530584 -22.884943 189.964423 -316.092193 -130.791526 -127.609951 -565.135610 -563.663086 -9999.0 -9999.0 -9999.0 -9999.0 -9999.0 -9999.0 -9999.0 -9999.0 -9999.0 -9999.0 -9999.0 -9999.0 -9999.0 -9999.0 -9999.0 -9999.0 -9999.0 -9999.0 -9999.0 -9999.0 -9999.0 -9999.0 -9999.0 -9999.0
-9999.0 -9999.0 -9999.0 -9999.0 -9999.0 -9999.0 -9999.0 -9999.0 -9999.0 -9999.0 -9999.0 -9999.0 -9999.0 -9999.0 -9999.0 -9999.0 -9999.0 -883.316016 -845.284416 -16217.684114 -569.202980 -275.786194 -296.765130 -5343.709547 -159.141164 -269.401999 -307.931488 -203.811289 -279.170350 -171.488291 -29.203108 -98.604610 -565.185517 -564.719050 -555.134594 -555.404145 -9999.0 -9999.0 -9999.0 -9999.0 -9999.0 -9999.0 -9999.0 -9999.0 -9999.0 -9999.0 -9999.0 -9999.0 -9999.0 -9999.0 -9999.0 -9999.0 -9999.0 -9999.0 -9999.0 -9999.0 -9999.0 -9999.0
-9999.0 -9999.0 -9999.0 -9999.0 -9999.0 -9999.0 -9999.0 -9999.0 -9999.0 -9999.0 -9999.0 -9999.0 -9999.0 -126.158461 -219.716018 -581.048323 -1008.929089 -591.702307 -857.176975 -12419.183135 -333.085410 -352.144419 -10958.762250 -111.794680 -226.135556 -41.670906 -10026.793083 -6231.563036 -4608.984050 -232.263030 8377.048887 -28.133746 -112.750142 -136.306194 -556.397097 -555.592750 -9999.0 -9999.0 -9999.0 -9999.0 -9999.0 -9999.0 -9999.0 -9999.0 -9999.0 -9999.0 -9999.0 -9999.0 -9999.0 -9999.0 -9999.0 -9999.0 -9999.0 -9999.0 -9999.0 -9999.0 -9999.0 -9999.0
-9999.0 -9999.0 -9999.0 -9999.0 -9999.0 -9999.0 -9999.0 -9999.0 -9999.0 -9999.0 -9999.0 -9999.0 -9999.0 -42.202639 -298.626921 -648.740746 -904.340522 -267.208955 -591.307696 -493.994201 -99949.445865 -570.420144 -336.686664 -237.584531 -226.583470 -4644.291014 -175.762259 -557.425546 -556.534093 -5327.922571 -168.081956 -166.013736 -556.927599 -557.666838 -556.613252 -9999.0 -9999.0 -9999.0 -9999.0 -9999.0 -9999.0 -9999.0 -9999.0 -9999.0 -9999.0 -9999.0 -9999.0 -9999.0 -9999.0 -9999.0 -9999.0 -9999.0 -9999.0 -9999.0 -9999.0 -9999.0 -9999.0 -9999.0
-9999.0 -9999.0 -9999.0 -9999.0 -9999.0 -9999.0 -9999.0 -9999.0 -9999.0 -9999.0 -9999.0 -9999.0 -9999.0 -369.828122 504.190597 -489.446237 -678.437648 -816.606567 -590.984853 -931.689791 -54.067188 -11694.054874 -270.486860 -269.594017 -190.986078 -179.917413 -567.560301 -556.592762 -133.468007 -556.507727 -162.354477 -560.474315 -559.017057 -560.467379 -557.269467 -9999.0 -9999.0 -9999.0 -9999.0 -9999.0 -9999.0 -9999.0 -9999.0 -9999.0 -9999.0 -9999.0 -9999.0 -9999.0 -9999.0 -9999.0 -9999.0 -9999.0 -9999.0 -9999.0 -9999.0 -9999.0 -9999.0 -9999.0
-9999.0 -9999.0 -9999.0 -9999.0 -9999.0 -9999.0 -9999.0 -9999.0 -9999.0 -9999.0 -9999.0 -9999.0 -9635.718524 6743.866421 -255.746161 -172.916037 -396.559058 -582.950413 -322.016035 -14682.826373 -326.814993 -262.026680 -8547.593339 -189.390445 3259.083292 -167.669853 -27.119549 -146.300386 -94.821477 -556.995296 -256.078449 -563.485894 -122.011880 -555.810167 -9999.0 -9999.0 -9999.0 -9999.0 -9999.0 -9999.0 -9999.0 -9999.0 -9999.0 -9999.0 -9999.0 -9999.0 -9999.0 -9999.0 -9999.0 -9999.0 -9999.0 -9999.0 -9999.0 -9999.0 -9999.0 -9999.0 -9999.0 -9999.0
-9999.0 -9999.0 -9999.0 -9999.0 -9999.0 -9999.0 -9999.0 -9999.0 -9999.0 -9999.0 -9999.0 -38.617448 -117.937689 585.085435 -207.518573 -51.948991 -15876.948775 -561.754863 -102.894690 -17159.564838 -19851.086296 -100.368402 -108.386091 -143.118924 -5731.481559 -119.216911 -188.650604 -115.668591 2718.208943 -556.799648 -562.859073 -99.519654 -561.911906 -555.223585 -561.682397 -564.798993 -546.037829 -560.306676 -569.496580 -9999.0 -9999.0 -9999.0 -554.705838 -9999.0 -9999.0 -9999.0 -9999.0 -9999.0 -9999.0 -9999.0 -9999.0 -9999.0 -9999.0 -9999.0 -9999.0 -9999.0 -9999.0 -9999.0
-9999.0 -9999.0 -9999.0 -9999.0 -9999.0 -9999.0 -9999.0 -9999.0 -9999.0 -9999.0 -9999.0 -41.561800 -153.223007 -7362.946437 -247.527923 -164.522073 -442.919195 -1361.886154 -279.424575 -219.748748 -45.534886 -93.098056 -34.690204 -130.669585 -105.532147 -133.437500 -127.550106 -99.186431 -566.535625 -556.318771 -111.408947 -71.330908 -153.626605 -138.160768 -305.927798 -300.720138 -449.687543 -538.354046 -552.543070 -564.249890 -563.459470 -561.843237 -149.781519 -557.740894 -9999.0 -9999.0 -9999.0 617.780733 -156.319530 -563.945792 -133.892820 -562.036163 -561.612892 606.468579 677.155365 -555.863585 -9999.0 -9999.0
-9999.0 -9999.0 -9999.0 -9999.0 -9999.0 -9999.0 -9999.0 -9999.0 -9999.0 -9999.0 -9999.0 -27.978265 -46.941979 -3513.378421 -209.458584 -106.943090 -107.272133 -446.508209 -58.299874 -280.500344 -315.905854 -3806.766452 -148.890973 -31.008063 -141.219306 -566.969983 -139.285942 -14.450202 -557.620115 -153.310564 -556.358421 -2814.862336 -121.116628 -168.293354 -559.785627 -408.047089 -352.571044 -10512.968767 -550.936352 -565.592636 -561.580952 -566.251494 -244.248831 -151.605783 -176.190211 -9999.0 -557.002009 -134.432700 -113.833067 -98.471888 -222.297262 -567.451139 -219.770503 -93.441521 -192.113942 -119.425592 -9999.0 -9999.0
-9999.0 -9999.0 -9999.0 -9999.0 -9999.0 -9999.0 -9999.0 -9999.0 -9999.0 -9999.0 -9999.0 -9999.0 -34.297396 -197.910368 -39.316091 -39.921595 -275.858265 -496.706609 -225.551355 -252.554295 -338.559355 -4518.043637 -6544.262329 -130.183660 -131.199010 -144.504273 -3.299070 -312.930411 -129.467451 -564.840137 -119.296538 -117.327084 -359.313472 -147.358421 -217.000868 -422.902342 -693.270407 -6620.481165 -345.228474 -569.654687 -474.950610 -569.003813 -7038.710706 -35.320097 -565.267837 -137.023956 -562.549710 -139.644174 -5161.903755 -125.550527 -198.951071 -61.966898 1349.016113 -114.879263 -85.536173 -31.751058 -26.440213 -9999.0
-9999.0 -9999.0 -9999.0 -9999.0 -9999.0 -9999.0 -9999.0 -9999.0 -9999.0 -9999.0 -9999.0 -159.194818 -45.085784 -282.619437 -126.399996 -137.844267 -107.930161 -286.096418 -51.450370 -482.420413 -364.542393 -261.915508 -120.972629 -5740.282273 -148.534347 -111.759471 -151.526864 -153.685166 -164.879925 -565.650070 -144.178451 -98.319715 -90.140991 -134.653488 -192.159117 -253.253947 -563.142284 -9451.590450 -1000.863062 -550.068521 -10121.880861 -1423.177960 -278.055361 -10480.676684 -108.881392 -153.307316 -100.738298 -566.504254 -568.017553 -8388.342992 -7905.585635 -155.257447 -100.153870 -6896.350347 -7003.083994 -561.232153 -564.744059 -9999.0
-9999.0 -9999.0 -9999.0 -9999.0 -9999.0 -9999.0 -9999.0 -9999.0 -9999.0 -9999.0 2907.990832 -128.235416 -33.737623 -36.552459 -38.707436 -38.596328 -38.613156 -276.255142 -629.467084 -464.649350 -143.790144 23.721997 -4054.066241 -37.532735 -134.719836 2843.065022 -3740.586345 -8917.995716 -268.893722 -107.319772 -103.416949 -30.393299 -116.646834 -142.350512 -556.335338 -563.505474 -421.604063 -368.039265 -1858.404755 -211.014355 -2994.555437 -8908.296218 -584.205635 -121.038115 -168.413040 -567.980163 -113.492558 -6476.268729 -126.898051 -125.679137 -8791.283483 -558.844637 -7140.437247 -561.130716 -559.844013 -108.812980 -110.201327 -9999.0
-9999.0 -9999.0 -9999.0 -9999.0 -9999.0 -9999.0 -9999.0 -9999.0 -9999.0 -136.143728 -130.315582 -144.679275 -122.250109 -146.327401 -160.483808 -115.662684 -127.241671 -47.967655 -623.731054 -556.886795 -191.373466 -439.751763 -4120.587536 -213.681203 -150.879235 -3050.474783 -170.985088 -104.352836 -5209.866659 -140.541504 -114.463870 -123782.242977 -557.553641 -556.626955 -556.842524 -556.811976 -124.632199 -278.139531 -311.098989 -236.791513 -368.210936 -268.411779 -3129.430972 -351.689970 -2040.961073 -4249.542203 -89.942294 -6178.400636 -5405.378503 -153.881122 -8669.933348 -564.451332 -562.382955 -559.185353 -560.989343 -3955.344484 -86.175787 -565.635503
-9999.0 -9999.0 -9999.0 -9999.0 -9999.0 -9999.0 -9999.0 -9999.0 -9999.0 -219.751037 -132.946449 -128.723359 5977.672083 -145.859239 -165.205061 -155.977596 -39.580262 -127.544313 -774.772683 -325.866828 -272.512630 -161.396770 27.084388 -55.577095 -2672.181603 -176.373875 -152.400453 -138.327085 -131.545221 -210.149799 -316.047196 -5109.282508 -120.945303 -145.726788 -109.744588 -565.044435 -566.942428 -568.150453 -247.670225 -116.388454 -141.792842 -2399.559372 -267.911822 -138.115659 -316.586604 -176.361022 -176.835876 -4767.362498 -4499.879869 -122.899609 -140490.230911 -6732.626911 -557.026069 -150.486757 -559.591110 -102.830892 -3387.469261 -105.380196
-9999.0 -9999.0 -9999.0 -9999.0 -9999.0 -9999.0 -9999.0 -9999.0 -9999.0 -9999.0 -136.342970 -110.567017 -111.003450 1989.901469 -3736.172314 -167.347636 -133.547401 -145.630894 -954.904135 -414.788701 -228.899217 -10894.407761 -217.347594 -2090.172469 -172.353635 -154.413274 -139.451440 -78.039631 -303.224082 -235.409364 -2937.188829 5331.101323 -3378.874083 -145.225285 -99.013127 -80.299616 -53.575566 -36.691337 -567.484287 -145.455635 -196.780619 -33.957513 5613.213184 -1846.085881 -1385.882954 -219.742867 -1420.874688 -77.355757 -5010.703387 -3494.587125 -150364.737111 -8552.578895 -562.712633 -556.696537 -51.537639 -137.670527 -25.323040 10975.526633
-9999.0 -9999.0 -9999.0 -9999.0 -9999.0 -9999.0 -9999.0 -9999.0 -9999.0 -9999.0 -126.604183 -121.682183 -35.347330 -112.979145 341.989230 -358.379072 -309.578792 -530.848766 -619.469326 -784.322760 -799.592069 -509.403142 -281.333374 -204.160930 -168.735660 -128.120660 330.399536 -238.888329 -286.049347 -2331.704254 -141.744570 -26.955302 -9070.554118 -162.654915 -145.745841 -28.816402 2876.930483 -123.227425 -5893.020740 -157.565905 -119.250084 -570.073315 -103.561741 -140.255013 -156.241403 -73933.127445 -103.093755 -1428.916833 -1693.905465 -607.144902 -7468.068003 -5810.736079 -118.351257 -563.673495 -555.095675 -563.399615 -165.057202 -2911.142365
-9999.0 -9999.0 -9999.0 -9999.0 -9999.0 -9999.0 -9999.0 -9999.0 -29.049130 -119.894505 -346.046294 -26.509690 -59.572753 -107.033615 -327.915465 -233.692937 -701.900506 -158.098376 -471.101228 -930.419733 -980.271947 -1203.406565 -879.674904 -521.135483 -207.473725 -37.790822 99.179265 -267.488917 -100.272303 -3993.905194 -557.642156 -130.128529 -125.102638 -143.962445 -115.500513 -191.851674 -110.230250 -117.242197 -3940.074815 -567.119625 -560.551807 -27.567926 -8016.975739 -559.011801 -570.506628 -25.178268 -2806.955385 -103.505815 -1567.245295 54.135212 -272.144794 -144664.706960 -112.013356 -5422.031902 -563.765761 -202.496458 -566.812312 -35.036465
-9999.0 -9999.0 -9999.0 -9999.0 -9999.0 -9999.0 -9999.0 -9999.0 -314.082267 -119.797619 -6789.499558 -149.175648 -138.629486 -25.638439 -293.029240 -222.278789 -377.886674 -487.767131 -143398.227425 -942.736035 -313.526271 -393.718738 -408.879469 -150.711320 -837.269645 -397.707435 -139.323728 -97.869135 -8372.035324 -123.859321 -128.867794 -567.238091 -104.295735 -567.853409 -25.778913 -31.952861 -72.271084 -104.139326 -4455.518587 -113.519509 -143.579652 -550.392436 -559.005278 -110.425137 2610.759315 -103.021972 -8159.711108 -128.631016 -2185.614784 -214.249332 -103.381954 -108.881271 -337.445950 -104.110397 -228.536345 -9903.105103 -5321.096424 -3917.461056
-9999.0 -9999.0 -9999.0 -9999.0 -9999.0 -9999.0 -9999.0 -9999.0 -141.658394 -13.707698 -380.163235 -5569.133272 -25.712467 -7758.879761 -135.449723 -4365.773497 -396.630863 -322.889330 -1997.682598 -346.932319 -953.121991 -477.151572 -449.726461 -691.079483 -358.765138 -409.511273 -199.720444 -296.916715 -9167.644073 -113.507591 -567.969755 -27.397830 -127.598066 -8788.759282 -29.564770 -61.577197 -4068.855300 -546.095712 -2574.752460 -4724.995574 -121.760044 -567.987441 -29.776994 -21.870238 -113.542801 -33.005644 -567.106333 -30.887147 -115.475867 -1251.352601 -209.248806 -253.860394 -6676.746559 -5602.169192 -5143.157462 -96.007035 -49.302860 -51.771103
-9999.0 -9999.0 -9999.0 -9999.0 -9999.0 -9999.0 -9999.0 -9999.0 -555.960098 -112.006950 732.604743 -9532.230099 -25.452280 -119.783864 -140959.134563 -227.649526 -36561.574315 -1504.610657 -305.038760 -946.410235 -867.695452 -767.532959 -461.013876 -586.290116 -630.902591 -311.284268 -233.902145 -4751.112492 -32.521543 -6720.086087 -5735.002424 -5860.383143 -11268.822405 -103.754001 -8961.007918 -158.762334 -126.797638 -415.429284 -922.991522 -3638.914062 -129.105527 -105.623176 -102.332254 -570.194159 -37.180318 -568.982570 -252.096408 -567.866740 -175.663000 -5515.670569 -208.400544 -203.166084 -235.577734 -163.953918 -73.026025 -4.914256 -143.028561 -236.776138
-9999.0 -9999.0 -9999.0 -9999.0 -9999.0 -9999.0 -9999.0 -9999.0 -44.732119 -27.718018 5435.897985 -5280.270554 -5427.535663 -400.824410 -47.815431 -15.818349 -45.593539 -379.481343 -309.532629 -490.225101 -762.725342 -631.624228 -777.663547 -846.964916 -156.930272 -367.579990 -386.119779 -149.703245 -137.555190 -118.880381 -2497.380414 -108.154068 -457.877773 -67.781034 -2447.752930 -2622.014130 -4134.137305 -652.646109 -11099.994219 -49.847205 -2168.978624 -8225.747896 -3121.251070 -8341.775972 -4958.560338 -112.260616 -4481.653886 -5561.800660 -4748.219329 -3055.946670 -2150.607089 -360.657265 -230.974922 -149.395109 85.316749 388.404077 21.730550 -159.234991
-9999.0 -9999.0 -310.358452 -31.402734 -23.815976 -150.280653 -94.697791 -120.487265 -26.709395 -26.155397 -104.663317 1013.433659 -364.965533 -87.089532 84.175965 52.099193 -1477.648581 -253.960135 -122.759593 -241.597196 -520.333840 -584.065588 -238.497720 -1054.745354 -736.619225 -507.298335 -365.654752 -318.948432 -304.911770 -21.030297 -242.851254 -239.988489 13.831623 -328.667979 -117.443313 -498.479977 -160.240077 -1648.172872 -30291.303492 -9961.236125 -7314.601230 -5491.120750 -6619.101804 -210.293499 -1645.216670 -2725.559975 -76.000987 -232.497006 -3140.526692 -207.490575 -263.587477 -325.954634 -99.141896 -30.111632 185.125200 126.880963 -42.749166 -183.944173
