user2019/resources/simulation/Vinschgau/output-maps/psiL0004N1322.asc
ncols         63
nrows         48
xllcorner     598000.000000
yllcorner     5145000.000000
cellsize      1000.000000
NODATA_value  -9999.0
[rows 0 to 24 of 48, columns 0 to 56 of 63]
-9999.0 -9999.0 -9999.0 -9999.0 -9999.0 -9999.0 -9999.0 -9999.0 -9999.0 -9999.0 -9999.0 -9999.0 -9999.0 -9999.0 -9999.0 -9999.0 -9999.0 -9999.0 -9999.0 -9999.0 -9999.0 -9999.0 -9999.0 -9999.0 -9999.0 -9999.0 -9999.0 -9999.0 -9999.0 -9999.0 -9999.0 -9999.0 -9999.0 -9999.0 -9999.0 -9999.0 -9999.0 -9999.0 -9999.0 -9999.0 -9999.0 -9999.0 -9999.0 -9999.0 -9999.0 -9999.0 -9999.0 -9999.0 -9999.0 -9999.0 -9999.0 -9999.0 -9999.0 -9999.0 -9999.0 -9999.0 -9999.0
-9999.0 -9999.0 -9999.0 -9999.0 -9999.0 -9999.0 -9999.0 -9999.0 -9999.0 -9999.0 -9999.0 -9999.0 -9999.0 -9999.0 -9999.0 -9999.0 -9999.0 -9999.0 -9999.0 -9999.0 -9999.0 -9999.0 -9999.0 -9999.0 -9999.0 -9999.0 -9999.0 -295.759824 -774.042631 -263.500045 -562.582293 -835.603090 -101.715103 -9999.0 -9999.0 -9999.0 -9999.0 -9999.0 -9999.0 -9999.0 -9999.0 -9999.0 -9999.0 -9999.0 -9999.0 -9999.0 -9999.0 -9999.0 -9999.0 -9999.0 -9999.0 -9999.0 -9999.0 -9999.0 -9999.0 -9999.0 -9999.0
-9999.0 -9999.0 -9999.0 -9999.0 -9999.0 -9999.0 -9999.0 -9999.0 -9999.0 -9999.0 -9999.0 -9999.0 -9999.0 -9999.0 -9999.0 -9999.0 -9999.0 -9999.0 -9999.0 -9999.0 -9999.0 -9999.0 -9999.0 -9999.0 -664.050151 -690.282234 -706.889281 -673.920986 -639.547557 -753.548345 -582.576262 -9999.0 -9999.0 -9999.0 -9999.0 -9999.0 -9999.0 -9999.0 -9999.0 -9999.0 -9999.0 -9999.0 -9999.0 -9999.0 -9999.0 -9999.0 -9999.0 -9999.0 -9999.0 -9999.0 -9999.0 -9999.0 -9999.0 -9999.0 -9999.0 -9999.0 -9999.0
-9999.0 -9999.0 -9999.0 -9999.0 -9999.0 -9999.0 -9999.0 -9999.0 -9999.0 -9999.0 -9999.0 -9999.0 -9999.0 -9999.0 -9999.0 -9999.0 -9999.0 -9999.0 -9999.0 -9999.0 -9999.0 -9999.0 -9999.0 -722.081975 -805.194605 -2926.558110 -3017.015713 -3188.473014 -3214.714116 -1014.441162 -591.158468 -491.333479 -9999.0 -9999.0 -9999.0 -9999.0 -9999.0 -9999.0 -9999.0 -9999.0 -9999.0 -9999.0 -9999.0 -9999.0 -9999.0 -9999.0 -9999.0 -9999.0 -9999.0 -9999.0 -9999.0 -9999.0 -9999.0 -9999.0 -9999.0 -9999.0 -9999.0
-9999.0 -9999.0 -9999.0 -9999.0 -9999.0 -9999.0 -9999.0 -9999.0 -9999.0 -9999.0 -9999.0 -9999.0 -9999.0 -9999.0 -9999.0 -9999.0 -9999.0 -9999.0 -1151.749552 -899.963057 -9999.0 -784.430209 -846.654502 -3126.326191 -2896.250421 -3104.154817 -1302.655300 -1669.816326 -1345.257658 -2050.393783 -848.061042 -595.932407 -213.011697 -228.915204 -9999.0 -9999.0 -9999.0 -9999.0 -9999.0 -9999.0 -9999.0 -9999.0 -9999.0 -9999.0 -9999.0 -9999.0 -9999.0 -9999.0 -9999.0 -9999.0 -9999.0 -9999.0 -9999.0 -9999.0 -9999.0 -9999.0 -9999.0
-9999.0 -9999.0 -9999.0 -9999.0 -9999.0 -9999.0 -9999.0 -9999.0 -9999.0 -9999.0 -9999.0 -9999.0 -9999.0 -9999.0 -9999.0 -9999.0 -9999.0 -2814.554221 -2857.420117 -16039.864966 -621.551048 -1057.417986 -2260.803199 -2999.422383 -1774.422551 -952.413276 144861.290263 -1287.069932 12219.110429 -1157.233515 -809.931070 -886.562182 -250.298518 -355.419948 -260.433582 -253.904575 -9999.0 -9999.0 -9999.0 -9999.0 -9999.0 -9999.0 -9999.0 -9999.0 -9999.0 -9999.0 -9999.0 -9999.0 -9999.0 -9999.0 -9999.0 -9999.0 -9999.0 -9999.0 -9999.0 -9999.0 -9999.0
-9999.0 -9999.0 -9999.0 -9999.0 -9999.0 -9999.0 -9999.0 -9999.0 -9999.0 -9999.0 -9999.0 -9999.0 -9999.0 -1920.153464 -2739.660061 -2593.286817 -2838.710937 -7797.615707 -2778.512555 -3061.419809 -2888.840593 -2821.551848 -3060.989861 -2708.107864 -903.271470 -838.220205 -943.606686 234.264636 -172.183641 -730.404676 162076.632868 -653.097361 -699.693644 -544.113404 -184.245357 -227.704914 -9999.0 -9999.0 -9999.0 -9999.0 -9999.0 -9999.0 -9999.0 -9999.0 -9999.0 -9999.0 -9999.0 -9999.0 -9999.0 -9999.0 -9999.0 -9999.0 -9999.0 -9999.0 -9999.0 -9999.0 -9999.0
-9999.0 -9999.0 -9999.0 -9999.0 -9999.0 -9999.0 -9999.0 -9999.0 -9999.0 -9999.0 -9999.0 -9999.0 -9999.0 -1333.022545 -2958.405139 -2771.712493 -2792.900492 -1631.644323 -7817.465272 -2987.429934 -2927.221389 -3286.253704 -2577.028254 -1602.659644 -2494.587263 -2542.807967 -819.788352 -318.775091 -202.185102 113850.177430 16353.144490 -597.034382 -176.921990 -138.697744 -131.290758 -9999.0 -9999.0 -9999.0 -9999.0 -9999.0 -9999.0 -9999.0 -9999.0 -9999.0 -9999.0 -9999.0 -9999.0 -9999.0 -9999.0 -9999.0 -9999.0 -9999.0 -9999.0 -9999.0 -9999.0 -9999.0 -9999.0
-9999.0 -9999.0 -9999.0 -9999.0 -9999.0 -9999.0 -9999.0 -9999.0 -9999.0 -9999.0 -9999.0 -9999.0 -9999.0 -3027.016212 377.341503 -3000.966644 -2763.774672 -2782.832146 -7887.065909 -2811.042844 -2077.246121 -13161.243583 -1065.385919 -171.712977 -2769.972716 -2561.612495 -305.912439 -222.151819 -532.940916 -175.589630 -492.520536 -75.324112 -146.082715 -62.161873 -179.174148 -9999.0 -9999.0 -9999.0 -9999.0 -9999.0 -9999.0 -9999.0 -9999.0 -9999.0 -9999.0 -9999.0 -9999.0 -9999.0 -9999.0 -9999.0 -9999.0 -9999.0 -9999.0 -9999.0 -9999.0 -9999.0 -9999.0
-9999.0 -9999.0 -9999.0 -9999.0 -9999.0 -9999.0 -9999.0 -9999.0 -9999.0 -9999.0 -9999.0 -9999.0 -3058.084475 6268.649625 -3014.698703 -2875.290403 -2224.561127 -2667.141079 -2543.577520 -17277.177993 -2874.300060 -1182.819468 -2987.965109 -955.163089 182571.482337 -799.327759 179488.311961 -591.530117 -578.460460 -143.371517 -347.410439 -173.919235 -423.444534 -238.154753 -9999.0 -9999.0 -9999.0 -9999.0 -9999.0 -9999.0 -9999.0 -9999.0 -9999.0 -9999.0 -9999.0 -9999.0 -9999.0 -9999.0 -9999.0 -9999.0 -9999.0 -9999.0 -9999.0 -9999.0 -9999.0 -9999.0 -9999.0
-9999.0 -9999.0 -9999.0 -9999.0 -9999.0 -9999.0 -9999.0 -9999.0 -9999.0 -9999.0 -9999.0 -1198.478823 -2984.831289 53.199419 -3022.391726 -1601.115769 -18615.041269 -2752.970926 -1413.238269 -20031.310482 -2864.666649 -2411.575924 -1346.876072 -915.883742 -1335.330391 -766.034270 -559.718754 -667.636484 2984.301100 -129.976975 -199.008882 -678.783767 -161.775737 -219.329649 -183.820381 -235.224787 -674.310923 -1283.087850 -1893.893311 -9999.0 -9999.0 -9999.0 -278.118587 -9999.0 -9999.0 -9999.0 -9999.0 -9999.0 -9999.0 -9999.0 -9999.0 -9999.0 -9999.0 -9999.0 -9999.0 -9999.0 -9999.0
-9999.0 -9999.0 -9999.0 -9999.0 -9999.0 -9999.0 -9999.0 -9999.0 -9999.0 -9999.0 -9999.0 -1153.745961 -3015.579193 -3272.577934 -3184.758836 -2480.692189 -3288.660049 -2923.768960 -1526.062026 -2665.728303 -1818.220644 -1770.557281 -663.005824 303679.696446 332752.863604 -730.958186 -667.289297 -739.011581 -187.632291 -184.355730 -636.951797 -680.846434 -510.201767 -445.926942 -557.607165 -663.741527 -914.625910 -2342.953419 -1844.895030 -266.262269 -236.539842 -221.203667 -568.948921 -208.845955 -9999.0 -9999.0 -9999.0 -211.937010 -111.893463 -101.203189 314.928564 -133.545545 -122.733977 -140.869272 38682.660595 -111.286432 -9999.0
-9999.0 -9999.0 -9999.0 -9999.0 -9999.0 -9999.0 -9999.0 -9999.0 -9999.0 -9999.0 -9999.0 -1083.820919 -1239.043670 -1689.093859 -1180.178984 -2632.345158 -2674.369340 -2784.086962 -3218.966623 -2704.387140 -1470.064315 -809.373890 357360.193222 -598.900433 -749.727358 -299.579499 352467.658825 352778.717695 -253.750481 -564.947992 -217.818021 347399.088181 -693.938433 -457.598151 -155.587940 -790.266128 347609.050509 307.052167 -2330.849577 -324.807888 -1001.821295 -1193.316845 -696.780072 -631.817781 -357.483539 -9999.0 -217.872305 -232.236810 -518.360502 -661.654716 -1267.660539 -237.406298 -1176.539911 -552.456111 -712.548317 -445.975023 -9999.0
-9999.0 -9999.0 -9999.0 -9999.0 -9999.0 -9999.0 -9999.0 -9999.0 -9999.0 -9999.0 -9999.0 -9999.0 -1093.422675 -616.519598 -1391.155984 -1417.350375 -1690.675776 -2706.205095 -1551.021798 -2607.565473 -2334.919331 -1527.267314 1323.342798 247850.529747 345586.849963 367106.002373 2291.326377 -1760.019860 -574.535285 -198.921150 -642.915790 365602.135158 -1610.531368 -500.358695 -485.956766 -683.344692 318420.562210 -353.658689 -1050.370229 -3373.116506 -1880.088290 -341.619125 359992.202067 -660.102937 -195.664869 -286.426680 -178.066111 -411.302731 324789.528511 345246.751068 60809.944024 312627.700708 313437.646958 316931.489424 318793.464869 -418.791976 -497.118276
-9999.0 -9999.0 -9999.0 -9999.0 -9999.0 -9999.0 -9999.0 -9999.0 -9999.0 -9999.0 -9999.0 395900.399747 -888.367732 -2819.922393 -536.617119 -1121.563910 -2385.776142 -2340.297237 -2285.716257 -2134.840876 -2544.780257 -1248.478959 -158.843681 366386.277778 369901.505759 370490.735661 367263.052317 -588.680890 -586.812129 -324.727480 359930.520433 356565.168676 -870.839803 -521.402151 -494.619691 -596.183622 -860.178801 60716.921363 -948.163416 -2454.035552 75316.022102 -1413.175528 100.313961 -279.673213 -1087.652658 -575.411580 -620.892596 -298.814977 -216.305187 -143.894282 7064.381649 -597.814922 76781.196861 -85.538882 -117.185301 -77.005123 -129.010486
-9999.0 -9999.0 -9999.0 -9999.0 -9999.0 -9999.0 -9999.0 -9999.0 -9999.0 -9999.0 2144.031981 87474.131217 -853.914069 -934.329918 -1158.807115 2007.101837 2008.125226 -1086.576918 -2515.999234 -2027.691201 -2051.632086 -1031.256225 449435.132526 -836.704494 290.921149 256862.134191 359615.240611 -106.051180 -2172.038149 -1071.024784 162452.090422 155895.156492 -876.068670 -515.736853 -197.563596 -235.759576 -950.188171 299151.346405 190505.022911 -367.730327 -701.990790 -190.115217 -62.541920 -844.682872 -88.065407 -327.541591 -775.348766 343244.602578 337570.335166 -90.376910 -368.240220 -118.930811 -88.122301 -53.982627 -176.418921 -513.499408 -509.016014
-9999.0 -9999.0 -9999.0 -9999.0 -9999.0 -9999.0 -9999.0 -9999.0 -9999.0 -761.166226 -644.930562 11479.727375 183.603435 385134.197302 264771.067261 2811.933698 11596.182701 -1242.748284 -2765.416353 -2221.972533 -2249.560131 -2040.253884 -1753.066319 -1684.480274 -493.251710 474021.129959 349263.868715 -846.005785 34353.745281 -414.791244 -354.145823 462883.023866 -228.986369 -200.419736 -220.660203 -228.845198 -846.383572 401523.743364 379267.712360 139248.769810 427715.189667 459240.899889 465718.095636 -1491.404411 -1510.730013 -96.311931 -1280.128939 383076.070823 384511.871212 -381.574834 282076.289631 -125.760739 -74.918773 -113.198522 -110.468882 44880.439749 52023.241927
-9999.0 -9999.0 -9999.0 -9999.0 -9999.0 -9999.0 -9999.0 -9999.0 -9999.0 -1421.183841 -758.426834 -1178.134333 4744.949418 -698.075623 30839.740451 392315.884648 -892.501869 -1340.156824 -2832.305637 -2664.659119 -2509.274375 -3125.622045 -1337.584498 -679.921131 468835.987434 373266.152349 396015.248459 -136.771653 -523.119134 -707.271552 -1006.703603 449978.115357 -628.030760 -511.255539 -526.451031 -235.970579 -274.652687 -340.866357 -764.127299 -944.779081 388968.477504 363601.820796 251414.446442 -722.493602 -1356.775560 -1303.161297 -1679.029243 -1341.137043 -738.192660 -709.120356 457248.706311 295379.417667 -135.431529 256644.172463 -36.066131 80171.702507 82748.386849
-9999.0 -9999.0 -9999.0 -9999.0 -9999.0 -9999.0 -9999.0 -9999.0 -9999.0 -9999.0 -637.580017 -935.248942 73.251222 194354.929918 -781.250695 8892.516022 -860.669632 -2276.465629 -2902.893861 -2586.542009 -2431.313906 -2811.295481 -163.283366 397171.629161 370129.175579 -50.326805 -384.203991 -739.018664 -883.483982 478290.267375 471094.157005 475697.883136 329389.255403 -524.372100 -620.363440 -853.233836 -776.250769 -734.906104 -257.802302 -639.936130 -621.916876 -659.239477 4809.342817 -146.075648 -623.222505 -323.038931 -2430.393008 -1336.337450 -2884.816577 -1087.692403 454965.278165 140370.454075 -128.567926 -69.342856 260947.151032 174.606370 -353.418651
-9999.0 -9999.0 -9999.0 -9999.0 -9999.0 -9999.0 -9999.0 -9999.0 -9999.0 -9999.0 -533.166813 -740.999626 -723.399432 -619.188985 -668.944331 -1193.176980 -1030.920722 -2120.682608 -2749.589918 -2908.753660 -2688.558803 -2542.772364 3634.120832 25322.709865 -165.938806 -497.607061 -778.353370 752.094851 479782.228776 337477.927393 -641.793881 -514.445630 -161.236469 -556.566404 -677.027155 -674.394172 73593.640771 111665.026278 331211.938916 -582.282303 -652.080629 -137.381326 362450.471310 -1045.701451 -709.542315 481132.620168 -325.400884 -111.126201 -2624.157259 -2592.590765 -225.580866 318265.305466 303170.640354 -80.297822 -61.082294 -118.134311 272.573854
-9999.0 -9999.0 -9999.0 -9999.0 -9999.0 -9999.0 -9999.0 -9999.0 -572.625957 -611.831730 -913.095195 -549.881443 169601.811477 272044.830766 343809.171440 -983.477917 -3012.537672 -3130.533687 -3083.841944 -2962.600080 -2893.553616 -2949.132914 -2908.763784 -2734.314635 -1196.304194 -755.676747 -679.830247 504688.381579 388955.708262 335928.467323 -111.730553 -633.735516 -648.626444 -570.614496 -619.514427 -764.808865 -1481.551000 9590.443882 474799.661685 -242.763182 -333.751968 -659.813311 24877.445015 -249.956315 -401.780631 2095.246252 467473.291392 350238.310786 -105.935637 -862.318838 -495.754277 343978.629309 137590.327508 273104.977121 -192.381669 -637.937192 -158.196348
-9999.0 -9999.0 -9999.0 -9999.0 -9999.0 -9999.0 -9999.0 -9999.0 -643.851282 141067.549332 335769.899470 -564.573833 -730.154008 335949.796466 463782.746762 -281.466036 -2310.646147 -2602.697114 -3011.762760 -2994.713191 -1579.125505 -3064.404522 -3289.196538 -3410.322804 -2839.780916 -1728.710471 -601.097136 103997.089513 -172.822575 -564.239239 -480.387429 -291.627285 -696.573924 -312.212044 -587.837017 -682.739974 -1490.230939 -303.342660 145457.277494 -875.476435 -658.075904 -217.377563 -327.120300 -962.157954 2586.699299 339316.417632 -27.992052 -799.181347 29118.585857 -700.478503 -566.732223 36289.598469 126572.832721 170.091744 -937.392225 -553.882669 369517.596059
-9999.0 -9999.0 -9999.0 -9999.0 -9999.0 -9999.0 -9999.0 -9999.0 -668.784771 3352.205083 -345.255546 327206.508283 -476.012593 3799.414540 376640.585055 462903.477623 -1234.998895 -2773.384620 -2944.674941 -1580.989770 -3021.312420 -3060.541716 -3253.727244 -2986.466148 -2905.215823 -2584.584229 -668.201856 491590.263409 -210.754705 -643.421409 -333.583274 -589.073392 339461.375911 348082.157044 -643.751415 -1322.556455 -678.753326 -697.504313 37450.743577 394074.873223 -820.546127 -385.924578 -645.127972 2566.853665 363082.277856 -625.241347 -273.318993 -543.446785 358973.602695 51.889096 -965.004808 -423.141126 57500.511080 133543.172240 64955.412575 96.512026 -349.821740
-9999.0 -9999.0 -9999.0 -9999.0 -9999.0 -9999.0 -9999.0 -9999.0 -142.369172 -786.071785 132306.431659 -296.322870 -566.186415 342158.903703 458710.473340 -556.429620 -2835.191938 -2889.612013 -2378.339241 -2831.377267 -2948.143536 -2954.358325 -2935.482719 -2900.973332 -2444.975276 -1298.265510 311109.583203 473108.549566 -728.884664 423118.782605 403501.400537 210463.071506 -348.875133 67.589368 6874.053464 -1618.735655 -2134.649881 -2655.025118 -917.221193 -20.042865 -1125.368676 -1167.694151 -1093.983162 -374.118201 -609.664861 -365.108692 -2410.475849 -298.471168 -720.421008 384020.774852 51.811208 -1228.317759 -509.404604 34469.245476 -301.024424 -461.425589 -1380.114256
-9999.0 -9999.0 -9999.0 -9999.0 -9999.0 -9999.0 -9999.0 -9999.0 20338.703142 -508.740805 -322.841351 484032.249462 493097.415259 497478.030142 -453.217450 -1189.348300 -1099.668643 -2309.461131 -1596.886903 -2630.653083 -2720.442713 -2824.369911 -2866.102171 -2819.590610 -3014.987007 -1267.080769 468398.372328 -150.464183 -677.239564 54.179507 442122.627784 -444.667927 -1243.448268 -663.605930 -1101.334623 -2669.802696 -2832.857655 -2805.396071 -2812.649682 -1147.610722 -1403.297936 -2117.522399 -968.657304 -756.931325 380369.995713 -1167.530014 45467.828670 2863.748272 107797.612731 -472.893497 -1667.310209 -1674.536465 -1277.100787 -945.127154 -624.331400 -689.556629 -1089.375929
