user2019/resources/simulation/Vinschgau/output-maps/psiL0001N0012.asc
ncols         63
nrows         48
xllcorner     598000.000000
yllcorner     5145000.000000
cellsize      1000.000000
NODATA_value  -9999.0
[rows 0 to 25 of 48, columns 0 to 57 of 63]
-9999.0 -9999.0 -9999.0 -9999.0 -9999.0 -9999.0 -9999.0 -9999.0 -9999.0 -9999.0 -9999.0 -9999.0 -9999.0 -9999.0 -9999.0 -9999.0 -9999.0 -9999.0 -9999.0 -9999.0 -9999.0 -9999.0 -9999.0 -9999.0 -9999.0 -9999.0 -9999.0 -9999.0 -9999.0 -9999.0 -9999.0 -9999.0 -9999.0 -9999.0 -9999.0 -9999.0 -9999.0 -9999.0 -9999.0 -9999.0 -9999.0 -9999.0 -9999.0 -9999.0 -9999.0 -9999.0 -9999.0 -9999.0 -9999.0 -9999.0 -9999.0 -9999.0 -9999.0 -9999.0 -9999.0 -9999.0 -9999.0 -9999.0
-9999.0 -9999.0 -9999.0 -9999.0 -9999.0 -9999.0 -9999.0 -9999.0 -9999.0 -9999.0 -9999.0 -9999.0 -9999.0 -9999.0 -9999.0 -9999.0 -9999.0 -9999.0 -9999.0 -9999.0 -9999.0 -9999.0 -9999.0 -9999.0 -9999.0 -9999.0 -9999.0 -50.537834 -558.484330 -53.280222 -407.112007 -504.460311 -507.999716 -9999.0 -9999.0 -9999.0 -9999.0 -9999.0 -9999.0 -9999.0 -9999.0 -9999.0 -9999.0 -9999.0 -9999.0 -9999.0 -9999.0 -9999.0 -9999.0 -9999.0 -9999.0 -9999.0 -9999.0 -9999.0 -9999.0 -9999.0 -9999.0 -9999.0
-9999.0 -9999.0 -9999.0 -9999.0 -9999.0 -9999.0 -9999.0 -9999.0 -9999.0 -9999.0 -9999.0 -9999.0 -9999.0 -9999.0 -9999.0 -9999.0 -9999.0 -9999.0 -9999.0 -9999.0 -9999.0 -9999.0 -9999.0 -9999.0 -540.319783 -572.660658 -564.352518 -547.167887 -567.138367 -527.483471 -351.740850 -9999.0 -9999.0 -9999.0 -9999.0 -9999.0 -9999.0 -9999.0 -9999.0 -9999.0 -9999.0 -9999.0 -9999.0 -9999.0 -9999.0 -9999.0 -9999.0 -9999.0 -9999.0 -9999.0 -9999.0 -9999.0 -9999.0 -9999.0 -9999.0 -9999.0 -9999.0 -9999.0
-9999.0 -9999.0 -9999.0 -9999.0 -9999.0 -9999.0 -9999.0 -9999.0 -9999.0 -9999.0 -9999.0 -9999.0 -9999.0 -9999.0 -9999.0 -9999.0 -9999.0 -9999.0 -9999.0 -9999.0 -9999.0 -9999.0 -9999.0 -565.584904 -627.570050 -875.110410 -893.061536 -914.996950 -905.081902 -548.821280 -679.471606 -687.705071 -9999.0 -9999.0 -9999.0 -9999.0 -9999.0 -9999.0 -9999.0 -9999.0 -9999.0 -9999.0 -9999.0 -9999.0 -9999.0 -9999.0 -9999.0 -9999.0 -9999.0 -9999.0 -9999.0 -9999.0 -9999.0 -9999.0 -9999.0 -9999.0 -9999.0 -9999.0
-9999.0 -9999.0 -9999.0 -9999.0 -9999.0 -9999.0 -9999.0 -9999.0 -9999.0 -9999.0 -9999.0 -9999.0 -9999.0 -9999.0 -9999.0 -9999.0 -9999.0 -9999.0 -734.980133 -667.208560 -9999.0 -502.217084 -620.112288 -907.155199 -849.118410 -633.840993 -311.264744 -342.158229 -612.990742 -856.742891 -571.487155 -711.709921 -57.204035 -59.684398 -9999.0 -9999.0 -9999.0 -9999.0 -9999.0 -9999.0 -9999.0 -9999.0 -9999.0 -9999.0 -9999.0 -9999.0 -9999.0 -9999.0 -9999.0 -9999.0 -9999.0 -9999.0 -9999.0 -9999.0 -9999.0 -9999.0 -9999.0 -9999.0
-9999.0 -9999.0 -9999.0 -9999.0 -9999.0 -9999.0 -9999.0 -9999.0 -9999.0 -9999.0 -9999.0 -9999.0 -9999.0 -9999.0 -9999.0 -9999.0 -9999.0 -1441.049955 -917.668302 -1725.795947 -135.273717 -843.617181 -816.736343 -799.132758 -530.440411 -771.583011 -993.911456 -850.433666 -974.261530 490.733936 -605.260417 -591.026740 -99.249462 -56.220262 -62.383857 -255.083750 -9999.0 -9999.0 -9999.0 -9999.0 -9999.0 -9999.0 -9999.0 -9999.0 -9999.0 -9999.0 -9999.0 -9999.0 -9999.0 -9999.0 -9999.0 -9999.0 -9999.0 -9999.0 -9999.0 -9999.0 -9999.0 -9999.0
-9999.0 -9999.0 -9999.0 -9999.0 -9999.0 -9999.0 -9999.0 -9999.0 -9999.0 -9999.0 -9999.0 -9999.0 -9999.0 -645.718192 -870.964876 -936.162538 -1247.615535 -127.823269 -1314.019648 -709.483111 -796.966056 -899.315523 -1035.992451 -504.519456 -928.081238 -502.182770 -744.026843 -1038.493865 -1016.582562 -1048.876833 -907.241765 -637.284360 -510.701090 -452.805570 -207.903392 -276.923667 -9999.0 -9999.0 -9999.0 -9999.0 -9999.0 -9999.0 -9999.0 -9999.0 -9999.0 -9999.0 -9999.0 -9999.0 -9999.0 -9999.0 -9999.0 -9999.0 -9999.0 -9999.0 -9999.0 -9999.0 -9999.0 -9999.0
-9999.0 -9999.0 -9999.0 -9999.0 -9999.0 -9999.0 -9999.0 -9999.0 -9999.0 -9999.0 -9999.0 -9999.0 -9999.0 -620.943919 -791.543632 -1005.345258 -975.153744 -743.285101 -121.693986 -997.066006 -660.108797 -286.480153 -431.993838 -788.522456 -721.208394 -805.983072 -562.938849 -148.514993 -119.831034 -552.894199 -923.189680 -499.067122 -189.784188 -242.994728 -245.784063 -9999.0 -9999.0 -9999.0 -9999.0 -9999.0 -9999.0 -9999.0 -9999.0 -9999.0 -9999.0 -9999.0 -9999.0 -9999.0 -9999.0 -9999.0 -9999.0 -9999.0 -9999.0 -9999.0 -9999.0 -9999.0 -9999.0 -9999.0
-9999.0 -9999.0 -9999.0 -9999.0 -9999.0 -9999.0 -9999.0 -9999.0 -9999.0 -9999.0 -9999.0 -9999.0 -9999.0 -853.146856 -781.695448 -851.985123 -986.071295 -1093.622485 -104.548801 -842.102740 -697.071222 -555.849986 -956.131012 -1027.863045 -760.236252 -749.298523 -51.539501 -175.972932 -636.566336 -170.212965 -487.090566 -225.984316 -257.360285 -339.987731 -289.942149 -9999.0 -9999.0 -9999.0 -9999.0 -9999.0 -9999.0 -9999.0 -9999.0 -9999.0 -9999.0 -9999.0 -9999.0 -9999.0 -9999.0 -9999.0 -9999.0 -9999.0 -9999.0 -9999.0 -9999.0 -9999.0 -9999.0 -9999.0
-9999.0 -9999.0 -9999.0 -9999.0 -9999.0 -9999.0 -9999.0 -9999.0 -9999.0 -9999.0 -9999.0 -9999.0 -849.549585 -749.440821 -853.315704 -852.747237 -673.792024 -1095.482696 -549.456519 -478.312950 -762.456633 -928.175322 -941.783186 -1109.229751 -703.245269 -478.930805 -1020.834238 -719.959136 -570.285766 -197.807718 -472.133872 -57.877686 -708.962382 -305.401902 -9999.0 -9999.0 -9999.0 -9999.0 -9999.0 -9999.0 -9999.0 -9999.0 -9999.0 -9999.0 -9999.0 -9999.0 -9999.0 -9999.0 -9999.0 -9999.0 -9999.0 -9999.0 -9999.0 -9999.0 -9999.0 -9999.0 -9999.0 -9999.0
-9999.0 -9999.0 -9999.0 -9999.0 -9999.0 -9999.0 -9999.0 -9999.0 -9999.0 -9999.0 -9999.0 -719.736642 -1031.207313 -821.459391 -1087.663392 -388.277584 -823.951159 -1052.210599 -620.368152 -460.909064 -878.911662 -778.635780 -691.792627 -454.409354 -947.021014 -500.372390 -439.070188 -520.140266 -443.997193 -240.268964 -58.414251 -650.248217 -62.380571 -279.943714 -100.985468 -239.537209 -771.380331 -768.686868 -876.767391 -9999.0 -9999.0 -9999.0 -248.976391 -9999.0 -9999.0 -9999.0 -9999.0 -9999.0 -9999.0 -9999.0 -9999.0 -9999.0 -9999.0 -9999.0 -9999.0 -9999.0 -9999.0 -9999.0
-9999.0 -9999.0 -9999.0 -9999.0 -9999.0 -9999.0 -9999.0 -9999.0 -9999.0 -9999.0 -9999.0 -743.799002 -1057.104685 -887.130609 -902.703057 -693.784772 -957.197648 -1177.149739 -635.555220 -782.139426 -754.762459 -710.389113 -616.225257 -1202.382766 -915.270494 -343.250444 -498.613564 -610.025730 -58.390316 -248.199479 -603.815840 -642.849417 -590.845431 -780.666818 -822.011974 -750.911003 -746.439142 -787.758411 -754.420336 -445.751194 -580.618190 -145.936455 -660.356275 -217.290234 -9999.0 -9999.0 -9999.0 -472.187812 -553.030102 -53.970400 -399.460796 -51.481630 -51.070160 -363.329502 -330.952484 -50.564950 -9999.0 -9999.0
-9999.0 -9999.0 -9999.0 -9999.0 -9999.0 -9999.0 -9999.0 -9999.0 -9999.0 -9999.0 -9999.0 -688.902943 -480.286560 -1109.093393 -793.191284 -712.288543 -1070.044184 -1054.730759 -851.058312 -620.637118 -881.024294 -650.199297 -775.082428 -491.015748 -472.013152 -54.659367 -912.297010 -790.582837 -221.641503 -144.916914 -263.048905 -1198.886213 -639.510025 -845.668100 -140.134372 -743.601286 -947.236673 -854.372637 -803.093120 -1417.635487 -697.210705 -855.024426 -720.236452 -566.126115 -720.517128 -9999.0 -144.405544 -713.941912 -554.132320 -632.717355 -659.709208 -48.752887 -593.192473 -570.790351 -494.593027 -329.781027 -9999.0 -9999.0
-9999.0 -9999.0 -9999.0 -9999.0 -9999.0 -9999.0 -9999.0 -9999.0 -9999.0 -9999.0 -9999.0 -9999.0 -539.733688 -968.697873 -612.167915 -589.930808 -682.005807 -1170.527063 -882.336097 -526.616952 -856.592944 -715.733395 -706.228433 -636.716123 -839.063468 -921.955573 -713.873165 -492.779497 -265.308411 -57.256414 -529.605405 -1037.653545 -745.341283 -857.462745 -571.507273 -793.896443 -1203.924317 -1055.267132 -779.177586 -875.866771 -655.806140 -212.132954 -850.321639 -682.524742 -55.501858 -542.120327 -56.853035 -656.656505 -1095.865462 -768.190127 -382.857393 -475.822458 -681.096236 -438.397000 -400.439218 -364.366592 -253.472053 -9999.0
-9999.0 -9999.0 -9999.0 -9999.0 -9999.0 -9999.0 -9999.0 -9999.0 -9999.0 -9999.0 -9999.0 -890.474621 -638.283458 -370.590038 -949.780678 -948.339583 -910.048521 -1069.110098 -799.172375 -787.871097 -846.752747 -798.143276 -770.149155 -722.330254 -900.929584 -810.315101 -944.126121 -457.062119 -537.344843 -53.608993 -925.185368 -859.868166 -715.451486 -874.137879 -578.562861 -856.716033 -690.125749 -1294.311462 -317.021188 -841.689178 -836.198124 -775.621118 -707.383057 -360.290546 -748.122729 -521.256454 -562.555769 -52.226400 -49.767198 -249.464830 -299.566895 -427.800340 -420.113502 -462.782753 -809.929963 -61.759875 -43.990948 -9999.0
-9999.0 -9999.0 -9999.0 -9999.0 -9999.0 -9999.0 -9999.0 -9999.0 -9999.0 -9999.0 -691.869439 -875.631049 -665.799214 -640.025281 -684.473592 -815.444934 -1041.046933 -905.744561 -901.625378 -1023.153133 -811.515362 -606.823997 -867.861005 -737.557465 -769.705547 -818.929669 -692.559240 -526.342659 -721.108064 -706.565127 -808.914533 -975.951088 -642.227094 -477.213484 -357.691634 -104.222713 -736.281551 -1102.323467 -1145.769686 -353.442565 -469.293758 -48.349054 -22.400522 -825.934928 -600.335934 -52.138204 -566.905392 -781.156787 -751.832268 -294.746330 -131.217790 -84.524593 -902.510446 -75.890586 -72.343715 -436.715323 -385.924009 -9999.0
-9999.0 -9999.0 -9999.0 -9999.0 -9999.0 -9999.0 -9999.0 -9999.0 -9999.0 -343.495238 -715.322863 -1171.591543 -699.603316 -817.954397 -864.789655 -1037.613161 -629.418213 -745.960424 -938.661906 -1009.870678 -859.539169 -809.733157 -845.996551 -473.651913 -187.214072 -727.807379 -795.837148 -721.204304 -767.737546 -766.758409 -257.711229 -903.010049 -287.807049 -259.694667 -70.578712 -290.971105 -442.977846 -1122.630322 -781.369287 -1137.245303 -714.431192 -734.690040 -752.756493 -473.181005 -807.697153 -740.558276 -779.098109 -706.726790 -785.433363 -252.288428 -589.169090 -45.675601 -105.948759 -43.227230 -46.333825 -395.776687 -503.372573 -42.589190
-9999.0 -9999.0 -9999.0 -9999.0 -9999.0 -9999.0 -9999.0 -9999.0 -9999.0 -854.951757 -498.862224 -727.930096 -838.419776 -762.055958 -698.116288 -922.345843 -783.567868 -793.526764 -1210.419563 -865.663744 -784.828598 -665.700721 -254.100562 -512.468620 -780.680516 -881.177937 -770.695956 -764.739585 -453.948368 -249.643014 -508.956011 -992.946037 -393.914068 -696.524190 -558.401023 -104.299863 -95.252985 -125.603533 -523.249489 -355.440835 -535.029915 -530.306828 -835.303413 -908.183453 -282.870746 -573.913730 -605.950705 -737.873178 -738.391316 -264.010041 -1047.201266 -616.899293 -42.367977 -111.256228 -37.080599 1652.907166 -446.356853 -463.160613
-9999.0 -9999.0 -9999.0 -9999.0 -9999.0 -9999.0 -9999.0 -9999.0 -9999.0 -9999.0 -826.017005 -704.244603 -1064.135355 -901.253994 -786.619568 -714.899711 -827.454588 -822.501288 -1678.261255 -743.246049 -777.441211 -886.644026 -562.828287 -851.548410 -861.552099 -752.598028 -795.013106 -366.583074 -488.536298 -592.159506 -537.100188 -880.048159 -596.281582 -437.532428 -640.206652 -725.467776 -711.493140 -685.547212 -55.580868 -441.079806 -427.247515 -625.485647 -698.014437 -618.000009 -843.995982 -830.192040 -797.627437 -268.979088 -635.813036 -683.253663 -800.748396 -548.487874 -45.589428 -42.010587 -429.733910 -112.075657 -127.936213 -634.701168
-9999.0 -9999.0 -9999.0 -9999.0 -9999.0 -9999.0 -9999.0 -9999.0 -9999.0 -9999.0 -786.942340 -725.961950 -762.436070 -997.422899 -587.732741 -842.874216 -870.226425 -923.194828 -1818.243190 -760.787979 -1028.994037 -797.491203 -718.399585 -594.504129 -757.530677 -785.571674 -543.216046 -740.824107 -1003.148009 -519.943566 -476.262083 -699.089910 -532.658035 -428.967661 -468.630180 -488.040797 -786.400471 -654.552633 -819.639536 -486.332552 -746.753318 -49.996094 -536.000816 -475.393453 -446.847980 -1050.597925 -741.537275 -825.914518 -923.168068 -600.653317 -580.152210 -476.998217 -426.264794 -42.138204 -49.405787 -47.026339 -347.429383 -474.933090
-9999.0 -9999.0 -9999.0 -9999.0 -9999.0 -9999.0 -9999.0 -9999.0 -754.577988 -733.224870 -761.487337 -735.366913 -1028.587159 -943.099346 -848.443616 -520.357022 -570.330501 -744.672466 -779.247281 -1153.506572 -1962.103110 -1241.518721 -1015.491515 -794.609209 -751.852455 -574.078606 -715.578477 -846.840762 -937.524372 -788.234221 -262.834086 -478.863687 -264.812717 -106.705650 -717.509584 -474.045911 -624.667226 -555.201067 -681.393600 -52.586941 -89.233845 -478.260472 -438.308046 -87.103639 -47.169263 -622.693660 -573.675006 -851.294744 -736.643529 -465.671465 -613.157575 -663.582938 -420.741583 11517.582553 -44.600910 -431.157632 -41.160919 -658.768883
-9999.0 -9999.0 -9999.0 -9999.0 -9999.0 -9999.0 -9999.0 -9999.0 -299.930242 -651.063309 -725.826365 -601.546396 -786.732756 -845.899134 -843.593168 -824.659048 -889.750348 -956.884656 -1960.938739 -797.985951 -1261.420540 -1542.506024 -1361.929540 -874.952407 -966.496330 -726.726652 -764.083727 -707.910034 -327.700866 -648.044116 -706.274632 -53.567414 -645.644574 -53.420091 -537.246314 -628.865347 -702.203811 -575.817594 -731.190908 -454.814255 -471.443503 -497.266344 -73.416011 -529.926334 -641.482350 -839.798976 -177.586515 -110.554575 -733.338250 -772.521968 -525.194976 -366.145271 -798.811006 -368.179606 -531.478687 -24.466738 -498.179762 -655.739643
-9999.0 -9999.0 -9999.0 -9999.0 -9999.0 -9999.0 -9999.0 -9999.0 -286.626879 -712.857083 -755.423427 -935.210273 -756.365413 -329.633750 -773.321972 -749.241545 -891.864403 -946.118207 -2036.265652 -866.195963 -720.153959 -1565.454932 -1649.847079 -1467.757641 -801.470845 -983.380758 -697.127284 -983.522751 -387.487463 -636.620585 -52.227421 -678.027241 -795.687989 -907.966263 -603.106118 -731.661176 -893.574119 -334.144291 -839.025868 -710.293941 -453.754483 -46.161356 -539.511716 -99.180253 -520.308719 -324.060779 -45.129592 -340.907075 -413.673691 -662.734807 -651.821766 -565.016874 -470.032009 -513.038698 -519.360237 -583.865165 -615.584170 -822.909813
-9999.0 -9999.0 -9999.0 -9999.0 -9999.0 -9999.0 -9999.0 -9999.0 -385.961998 -682.489457 -593.922145 -455.647987 -791.606555 -768.392390 -753.205227 -886.634578 -1604.369258 -749.381657 -272.263768 -2020.902119 -1348.230646 -452.548436 -458.186909 -814.319015 -1178.835066 -732.482578 -755.654934 -930.167055 -732.511674 -767.882872 -644.093311 -757.065046 -771.806460 -593.745502 -671.417661 -618.249883 -653.792391 -475.170122 -665.935968 -557.691936 -397.420753 -548.514737 -560.341028 -47.824597 -394.024343 -46.720507 -536.904020 -43.715526 -564.467696 -665.787553 -579.751627 -625.700829 -480.294356 -594.378654 -528.824484 -620.497622 -817.751877 79.328067
-9999.0 -9999.0 -9999.0 -9999.0 -9999.0 -9999.0 -9999.0 -9999.0 -590.476199 -679.965497 -808.488339 -735.716062 -729.102536 -754.774782 -893.407692 -1045.539567 -256.310706 -959.612751 -716.098034 -987.183867 -1604.013482 -446.495256 -454.878456 -1517.860993 -1052.801512 -781.604718 -731.339626 -789.268580 -797.170295 -692.873502 -784.715469 -740.430096 -831.731442 -550.726073 -573.286504 -621.851143 -561.266203 -745.577716 -969.799650 -372.072911 -524.127231 -684.889152 -674.498349 -655.735835 -590.301018 -608.144135 -719.500655 -691.827679 -682.005781 -702.156309 -722.387768 -751.551843 -536.094930 -619.787874 346.228063 321.704173 4.760127 -311.273396
-9999.0 -9999.0 -740.743283 -687.074248 -923.437946 -782.665559 -635.331414 -689.033875 -699.916253 -653.768320 -825.070099 -796.317023 -734.044565 -700.253598 -676.586139 -426.709009 -629.543934 -697.378021 -950.240214 -816.988232 -1025.464166 -2089.936727 -318.970425 364.419637 -1048.756162 -1034.319424 -834.676319 -865.933516 -992.030895 -845.491844 -697.681078 -790.488497 -866.111812 -711.849432 -928.684313 -785.311421 -825.739461 -741.512383 -978.882065 -509.494366 -772.066596 -888.911512 -885.052476 -706.595262 -655.591994 -707.032829 -781.486732 -759.050323 -932.517676 -1058.309655 -1086.603679 -667.172171 -626.692351 -545.056597 6.032283 5.374118 -702.529263 -790.499402
