user2019/resources/simulation/Vinschgau/output-maps/psiL0003N0237.asc
ncols         63
nrows         48
xllcorner     598000.000000
yllcorner     5145000.000000
cellsize      1000.000000
NODATA_value  -9999.0
[rows 0 to 25 of 48, columns 0 to 58 of 63]
-9999.0 -9999.0 -9999.0 -9999.0 -9999.0 -9999.0 -9999.0 -9999.0 -9999.0 -9999.0 -9999.0 -9999.0 -9999.0 -9999.0 -9999.0 -9999.0 -9999.0 -9999.0 -9999.0 -9999.0 -9999.0 -9999.0 -9999.0 -9999.0 -9999.0 -9999.0 -9999.0 -9999.0 -9999.0 -9999.0 -9999.0 -9999.0 -9999.0 -9999.0 -9999.0 -9999.0 -9999.0 -9999.0 -9999.0 -9999.0 -9999.0 -9999.0 -9999.0 -9999.0 -9999.0 -9999.0 -9999.0 -9999.0 -9999.0 -9999.0 -9999.0 -9999.0 -9999.0 -9999.0 -9999.0 -9999.0 -9999.0 -9999.0 -9999.0
-9999.0 -9999.0 -9999.0 -9999.0 -9999.0 -9999.0 -9999.0 -9999.0 -9999.0 -9999.0 -9999.0 -9999.0 -9999.0 -9999.0 -9999.0 -9999.0 -9999.0 -9999.0 -9999.0 -9999.0 -9999.0 -9999.0 -9999.0 -9999.0 -9999.0 -9999.0 -9999.0 -761.636372 -910.279229 -836.384254 -765.460044 -763.666031 -730.801566 -9999.0 -9999.0 -9999.0 -9999.0 -9999.0 -9999.0 -9999.0 -9999.0 -9999.0 -9999.0 -9999.0 -9999.0 -9999.0 -9999.0 -9999.0 -9999.0 -9999.0 -9999.0 -9999.0 -9999.0 -9999.0 -9999.0 -9999.0 -9999.0 -9999.0 -9999.0
-9999.0 -9999.0 -9999.0 -9999.0 -9999.0 -9999.0 -9999.0 -9999.0 -9999.0 -9999.0 -9999.0 -9999.0 -9999.0 -9999.0 -9999.0 -9999.0 -9999.0 -9999.0 -9999.0 -9999.0 -9999.0 -9999.0 -9999.0 -9999.0 -911.991097 -789.269678 -807.031196 -497.122514 -711.240509 -634.468974 -589.960133 -9999.0 -9999.0 -9999.0 -9999.0 -9999.0 -9999.0 -9999.0 -9999.0 -9999.0 -9999.0 -9999.0 -9999.0 -9999.0 -9999.0 -9999.0 -9999.0 -9999.0 -9999.0 -9999.0 -9999.0 -9999.0 -9999.0 -9999.0 -9999.0 -9999.0 -9999.0 -9999.0 -9999.0
-9999.0 -9999.0 -9999.0 -9999.0 -9999.0 -9999.0 -9999.0 -9999.0 -9999.0 -9999.0 -9999.0 -9999.0 -9999.0 -9999.0 -9999.0 -9999.0 -9999.0 -9999.0 -9999.0 -9999.0 -9999.0 -9999.0 -9999.0 -683.939269 -324.698521 1727.137385 1993.495146 1984.990628 1079.078988 -464.878147 -918.508830 -1219.136127 -9999.0 -9999.0 -9999.0 -9999.0 -9999.0 -9999.0 -9999.0 -9999.0 -9999.0 -9999.0 -9999.0 -9999.0 -9999.0 -9999.0 -9999.0 -9999.0 -9999.0 -9999.0 -9999.0 -9999.0 -9999.0 -9999.0 -9999.0 -9999.0 -9999.0 -9999.0 -9999.0
-9999.0 -9999.0 -9999.0 -9999.0 -9999.0 -9999.0 -9999.0 -9999.0 -9999.0 -9999.0 -9999.0 -9999.0 -9999.0 -9999.0 -9999.0 -9999.0 -9999.0 -9999.0 2270.280564 -116.939837 -9999.0 -540.645308 -602.462713 2198.868425 2273.874400 2155.634276 -158.299743 -180.358686 1601.683153 -34.416590 -406.716640 -991.606803 -894.945038 -925.034252 -9999.0 -9999.0 -9999.0 -9999.0 -9999.0 -9999.0 -9999.0 -9999.0 -9999.0 -9999.0 -9999.0 -9999.0 -9999.0 -9999.0 -9999.0 -9999.0 -9999.0 -9999.0 -9999.0 -9999.0 -9999.0 -9999.0 -9999.0 -9999.0 -9999.0
-9999.0 -9999.0 -9999.0 -9999.0 -9999.0 -9999.0 -9999.0 -9999.0 -9999.0 -9999.0 -9999.0 -9999.0 -9999.0 -9999.0 -9999.0 -9999.0 -9999.0 43.556120 -72.934385 -214.952779 -868.385649 -221.773857 -169.411735 959.545716 3026.633070 -240.997428 -377.965666 -467.381063 -551.648146 -199.575051 -240.218282 -403.323523 -881.371936 -903.996476 -961.553471 -978.512324 -9999.0 -9999.0 -9999.0 -9999.0 -9999.0 -9999.0 -9999.0 -9999.0 -9999.0 -9999.0 -9999.0 -9999.0 -9999.0 -9999.0 -9999.0 -9999.0 -9999.0 -9999.0 -9999.0 -9999.0 -9999.0 -9999.0 -9999.0
-9999.0 -9999.0 -9999.0 -9999.0 -9999.0 -9999.0 -9999.0 -9999.0 -9999.0 -9999.0 -9999.0 -9999.0 -9999.0 -837.662965 1324.085073 -149.284302 -197.438366 -80.178614 -64.238760 1874.128183 1750.748231 2221.239826 1155.926230 1505.687283 -30.840579 -471.119109 -1024.626120 -624.521097 -656.047607 -757.743581 -367.943541 -488.707579 -599.746034 -748.494336 -981.557378 -979.811240 -9999.0 -9999.0 -9999.0 -9999.0 -9999.0 -9999.0 -9999.0 -9999.0 -9999.0 -9999.0 -9999.0 -9999.0 -9999.0 -9999.0 -9999.0 -9999.0 -9999.0 -9999.0 -9999.0 -9999.0 -9999.0 -9999.0 -9999.0
-9999.0 -9999.0 -9999.0 -9999.0 -9999.0 -9999.0 -9999.0 -9999.0 -9999.0 -9999.0 -9999.0 -9999.0 -9999.0 974.078756 2401.194032 -181.160651 -183.093306 1351.357272 -79.957267 1216.237524 50.428900 -42.078610 1892.679266 -216.793032 -197.907606 -648.453956 -1219.960498 -981.347989 -978.908043 -601.184236 -475.467383 -649.666073 -981.306240 -981.443831 -981.786302 -9999.0 -9999.0 -9999.0 -9999.0 -9999.0 -9999.0 -9999.0 -9999.0 -9999.0 -9999.0 -9999.0 -9999.0 -9999.0 -9999.0 -9999.0 -9999.0 -9999.0 -9999.0 -9999.0 -9999.0 -9999.0 -9999.0 -9999.0 -9999.0
-9999.0 -9999.0 -9999.0 -9999.0 -9999.0 -9999.0 -9999.0 -9999.0 -9999.0 -9999.0 -9999.0 -9999.0 -9999.0 1497.966139 2231.351444 1629.675485 -194.773778 -182.362081 -78.507237 54.332871 986.635804 -1806.722924 -209.059511 -425.568014 -939.359203 -155.878924 -818.034628 -979.827972 -1011.524320 -980.012612 -641.300292 -980.301322 -979.461263 -977.383276 -978.944750 -9999.0 -9999.0 -9999.0 -9999.0 -9999.0 -9999.0 -9999.0 -9999.0 -9999.0 -9999.0 -9999.0 -9999.0 -9999.0 -9999.0 -9999.0 -9999.0 -9999.0 -9999.0 -9999.0 -9999.0 -9999.0 -9999.0 -9999.0 -9999.0
-9999.0 -9999.0 -9999.0 -9999.0 -9999.0 -9999.0 -9999.0 -9999.0 -9999.0 -9999.0 -9999.0 -9999.0 1484.376505 2563.864278 2118.666894 -422.345011 -190.480127 -180.538204 78.569819 -141.313969 498.139245 -589.119720 -786.372931 -650.250870 -496.391468 -694.247831 -643.087209 -1321.509590 -569.847045 -980.710345 -658.942084 -906.967482 -1000.874932 -978.902456 -9999.0 -9999.0 -9999.0 -9999.0 -9999.0 -9999.0 -9999.0 -9999.0 -9999.0 -9999.0 -9999.0 -9999.0 -9999.0 -9999.0 -9999.0 -9999.0 -9999.0 -9999.0 -9999.0 -9999.0 -9999.0 -9999.0 -9999.0 -9999.0 -9999.0
-9999.0 -9999.0 -9999.0 -9999.0 -9999.0 -9999.0 -9999.0 -9999.0 -9999.0 -9999.0 -9999.0 -667.344775 -238.819564 1542.305478 -441.994952 -919.061852 -1219.942981 -204.166876 -49.559413 -128.150793 2442.555310 1394.133304 -1335.155960 -672.121751 -643.739830 -374.482007 -701.478281 -1075.344845 -1024.138825 -979.506537 -926.114338 -453.776777 -974.900216 -981.927196 -1034.530991 -1159.142997 -557.742157 -133.595720 -282.432970 -9999.0 -9999.0 -9999.0 -982.390991 -9999.0 -9999.0 -9999.0 -9999.0 -9999.0 -9999.0 -9999.0 -9999.0 -9999.0 -9999.0 -9999.0 -9999.0 -9999.0 -9999.0 -9999.0 -9999.0
-9999.0 -9999.0 -9999.0 -9999.0 -9999.0 -9999.0 -9999.0 -9999.0 -9999.0 -9999.0 -9999.0 -1120.987270 -511.088653 1555.185525 992.423547 -542.533900 1172.200349 -128.458893 -71.500933 1054.553870 1734.274357 2374.497977 -1231.302339 -637.414164 -623.953132 -650.130042 -887.307482 -801.748083 -900.296204 -981.108313 -469.675012 -675.539161 -965.947215 -1415.110364 -1268.556266 -1041.935956 -101.722852 -1059.584463 -1087.357149 -1394.683718 -1415.525931 -1056.799626 -468.188074 -982.406739 -9999.0 -9999.0 -9999.0 -651.878869 -511.814234 -845.309508 -206.982881 -759.505581 -779.899886 1789.255392 1676.786608 -861.291258 -9999.0 -9999.0 -9999.0
-9999.0 -9999.0 -9999.0 -9999.0 -9999.0 -9999.0 -9999.0 -9999.0 -9999.0 -9999.0 -9999.0 -793.707403 -716.970839 -183.864622 -837.345296 -931.790057 620.624923 -88.901496 1476.793492 396.995216 2238.302176 269.044264 -256.614436 -279.949808 -636.351967 -866.808287 -337.603934 -598.362643 -981.795803 -395.656622 -983.208244 -464.544258 -417.179223 -1392.784351 -1029.991170 -111.587635 -207.156815 -399.835850 -1127.139807 -196.928931 -88.022309 -247.980818 -205.057429 -940.141857 -1312.320512 -9999.0 -976.750131 -830.775946 -280.726168 1934.282716 1424.547519 -190.618745 2121.399886 2677.530062 2600.655786 2119.500320 -9999.0 -9999.0 -9999.0
-9999.0 -9999.0 -9999.0 -9999.0 -9999.0 -9999.0 -9999.0 -9999.0 -9999.0 -9999.0 -9999.0 -9999.0 -687.391539 -647.694304 1341.865494 -165.778445 -214.608264 -190.478345 1006.142510 144.621857 2236.086882 1404.469231 1928.320572 -207.676952 -483.084201 -329.733062 2175.221511 -704.898344 -669.115625 -917.470275 -732.476747 -244.377110 -1149.437355 -1320.935966 -802.879888 -1318.909333 -487.044069 -223.255614 -1460.742078 -1225.980636 -120.930540 -1281.885256 -177.677224 -141.196894 -875.364257 -1042.663256 -890.114057 -899.677254 -255.285046 -236.852641 -238.168680 -181.721819 1200.610974 -67.334353 -666.413291 -587.941227 -310.187717 -9999.0 -9999.0
-9999.0 -9999.0 -9999.0 -9999.0 -9999.0 -9999.0 -9999.0 -9999.0 -9999.0 -9999.0 -9999.0 -282.619277 -763.397180 -463.816033 977.457438 1016.866753 -143.695621 -183.182932 1919.456639 26.653931 -207.133216 2355.084137 1036.130117 -303.352329 -249.928538 1371.618388 -516.272992 -642.459257 -555.671871 -831.931174 -269.171474 -285.162774 953.858570 -1448.598846 -850.679100 -1382.824054 -787.615222 -572.994086 54291.561073 -1012.283812 -157.102958 48.915815 -77.391433 -1414.015226 1450.287470 -1248.225620 -432.334898 -316.067805 -256.337799 627.786147 -782.958771 -615.193371 -774.671709 -803.659727 -979.294558 -961.119039 -685.853340 -9999.0 -9999.0
-9999.0 -9999.0 -9999.0 -9999.0 -9999.0 -9999.0 -9999.0 -9999.0 -9999.0 -9999.0 -772.703696 704.358578 -191.906441 -571.668790 1756.020773 1004.379747 -252.128949 -91.612207 -192.943101 24.517663 1502.322215 897.109331 1109.879343 2319.564659 1310.507051 -242.985801 -607.523464 -799.723154 1491.693270 2168.380612 -134.929129 -556.833498 -1048.041199 -779.057736 -981.365230 -973.064191 -237.205994 102472.064008 13391.344479 -637.927429 -532.745771 -92.266910 -110.586923 -64.349894 1018.692683 -815.825700 -474.227294 -258.161864 450.905109 -23.491012 -837.223281 -969.804203 -978.427539 -963.269314 -963.832571 1974.650686 1878.254138 -9999.0 -9999.0
-9999.0 -9999.0 -9999.0 -9999.0 -9999.0 -9999.0 -9999.0 -9999.0 -9999.0 -674.014640 -1177.798647 -466.662816 1277.515360 -220.461320 1140.886699 -390.580743 -597.767985 1509.218140 940.010695 27.077991 140.768265 1237.617788 1326.850317 1627.148244 -203.614950 -664.042278 -302.775124 2107.030248 1393.047533 1627.573653 856.787073 -644.075234 -982.793789 -980.708847 -981.190321 -984.608358 -630.656028 -593.109154 -729.411562 -530.966797 419.603874 -592.074226 -611.644491 -203.642133 1866.102141 -36.441493 1932.991956 -331.429366 -258.971235 1963.480330 -199.761175 -709.480567 -971.889520 -971.900082 -798.024339 -450.141435 1620.910043 -61.525866 -423.590063
-9999.0 -9999.0 -9999.0 -9999.0 -9999.0 -9999.0 -9999.0 -9999.0 -9999.0 -1221.359324 -743.273890 -1031.639173 2518.691936 1318.681795 881.416727 -190.062349 2109.246036 351.196831 40.854408 -205.949731 34.961265 25.005833 -56.458109 1475.983318 -570.521748 -221.610993 887.417319 1067.734282 1702.612695 -192.040418 -440.276829 -539.892609 -642.359393 -1292.123641 -841.136335 -930.820959 -965.428041 -1026.094464 -777.656915 -626.683724 -636.707893 -731.283314 -178.938156 554.219947 33.072506 37.764829 38.527847 312.982564 1932.056196 1279.339879 -607.407645 -282.264517 -968.394521 -737.264460 -958.099297 -593.101534 1799.625631 1676.089407 -71.416498
-9999.0 -9999.0 -9999.0 -9999.0 -9999.0 -9999.0 -9999.0 -9999.0 -9999.0 -9999.0 -1106.761585 -957.267022 -239.939245 -89.792684 1186.631828 1145.421129 1266.580367 1514.635231 24.403285 27.759260 -181.827629 1503.305460 1284.093773 1349.336868 -230.299171 1003.229884 1822.844224 34.964627 -233.920834 -725.059808 -680.855121 -473.127632 -734.224166 -648.017037 -855.034065 989.952229 -168.342566 -200.815826 -883.116561 -717.955595 -732.307030 -779.394503 -538.456353 -508.968937 -625.083114 -197.314710 1037.248734 1615.007818 23.020454 1165.012112 -156.368724 -393.219534 -658.055322 -963.340020 -710.860858 -671.386335 -298.237871 2433.120729 2345.747900
-9999.0 -9999.0 -9999.0 -9999.0 -9999.0 -9999.0 -9999.0 -9999.0 -9999.0 -9999.0 -1081.733305 -1078.796123 -1203.950436 1118.326311 1857.927272 1654.514946 -219.856347 994.153873 30.937090 -302.369638 25.836374 1422.851708 1333.108965 1161.212234 1025.898118 77.771166 25.930351 -223.315275 -537.709096 -780.189572 -703.479805 -1346.052630 -849.322597 -654.280341 -664.094288 -657.481721 -236.279118 -266.634220 -341.022955 -719.013430 -1255.299620 -826.430407 -589.212290 -715.668828 -710.650554 -320.195115 -548.473674 -365.257092 37.549489 967.229436 983.885344 -276.433652 852.644495 -631.625301 -849.939125 -664.622459 -656.029001 2023.548970 698.994189
-9999.0 -9999.0 -9999.0 -9999.0 -9999.0 -9999.0 -9999.0 -9999.0 -122.324913 1177.493748 -877.556868 -1199.142021 -597.829655 -627.672260 1093.378915 24.937112 25.171740 24.580199 -394.164962 -395.070238 -374.685007 -278.201350 21.908509 1370.195431 1353.331103 19.949737 1077.915197 -441.656921 -556.225785 -748.569065 -980.755358 -737.969199 -772.545355 -642.772096 -1278.271049 -651.934723 -624.472338 -282.401114 -574.773941 -835.293602 -980.836952 -729.074101 -759.332173 -974.589785 -411.566550 856.754170 -605.184288 972.935855 1054.011575 113.924039 1837.022991 1186.590728 1184.746662 -468.207435 -395.991811 2244.176548 -57.776307 2502.734204 1789.894463
-9999.0 -9999.0 -9999.0 -9999.0 -9999.0 -9999.0 -9999.0 -9999.0 -790.697104 -155.789215 -261.431906 -762.459400 -1120.975760 -77.904413 754.480978 -150.648699 1781.318380 -136.091320 -461.212821 -482.847635 -214.244475 -307.068516 -236.878439 26.084052 -273.429294 20.741239 2587.012451 -237.397977 -731.838966 -1189.927338 -1223.052215 -812.753320 -1245.952901 -858.775413 -594.895024 -378.447705 -271.097163 -143.792609 -215.133129 -403.482772 -687.484486 -1738.632365 -970.323196 -207.031063 -185.513006 -563.056999 -785.343463 -679.346833 -621.069392 1505.093083 16666.871921 638.981655 586.301287 1904.238660 1002.776156 -114.291996 1340.426741 1185.249380 127.008139
-9999.0 -9999.0 -9999.0 -9999.0 -9999.0 -9999.0 -9999.0 -9999.0 -631.231289 -482.377260 1760.415182 -299.485065 -202.842500 -771.899628 1632.148557 1112.959683 1792.193816 1484.207493 -350.741257 -347.207799 -482.609473 -215.901583 -332.177641 -247.614873 -224.588680 1116.200657 -78.187477 -282.094357 -832.190274 -726.425741 -799.771934 -271.683192 -153.125917 -195.866008 -251.511161 1573.162758 -435.238469 771.785276 -485.377615 -347.780450 -1005.876642 -720.901509 -299.944916 -551.882355 -598.342954 -655.024788 -642.795209 1663.152948 -705.662482 1093.432395 34.410466 936.536780 -100.942040 -135.563718 1854.441182 1640.622068 978.276161 144.927919 49.401740
-9999.0 -9999.0 -9999.0 -9999.0 -9999.0 -9999.0 -9999.0 -9999.0 -980.885303 -215.967810 1581.812614 -1003.276222 1782.129486 1689.885374 2051.704850 1452.575411 42.195373 -147.133432 -231.912376 -525.508002 -22.124755 -374.877937 -377.189842 -222.979982 -164.707282 1601.379908 1257.421423 -250.944671 1874.404516 1896.034997 -339.860268 -160.245916 1267.863945 902.932383 -371.934186 -186.936260 -171.941810 2177.257229 -506.207464 -306.284437 -345.182609 -180.062597 1515.092412 -224.687350 1500.371461 -465.739962 2292.260502 -176.390771 2038.630560 806.874336 634.248373 138.521917 21778.959517 -45.266247 17502.925391 1527.348648 148.170674 95.328183 -286.975218
-9999.0 -9999.0 -9999.0 -9999.0 -9999.0 -9999.0 -9999.0 -9999.0 -743.437368 -213.134662 1777.984916 2393.743540 2528.086634 1010.977014 973.578935 61.289319 998.483345 1288.238520 2214.523891 1862.635395 -407.210004 -368.273142 -319.773499 46.550357 374.789047 2129.781924 -209.491710 1325.047406 1430.267056 1476.629068 -70.374545 1780.645034 1249.304895 876.244834 -131.470998 -205.992976 -26.106631 1802.127043 -130.924411 -342.112201 -107.164693 -146.918740 776.406943 -189.024101 -144.185123 1221.656521 -167.230093 1631.918164 1024.787184 1615.038276 1284.252548 -37.562358 376.874941 1559.342906 799.333488 308.694530 43.318363 36.592272 49.150748
-9999.0 -9999.0 -483.628283 -309.940565 -321.114883 -153.762187 -184.376300 -248.695432 -256.922571 -870.736102 -569.601946 863.597768 965.341944 1546.615262 38.802697 1367.729090 238.661493 -467.830214 -795.046361 2480.634367 1745.703432 -521.254129 -232.445449 31.950728 53.006411 2037.764900 1694.397282 1294.039541 1047.234777 1775.080951 1372.783927 1849.955616 1482.606755 1100.393490 1885.002959 1051.331162 207.928609 78.632375 1183.878941 1414.005710 1259.507716 1145.050006 778.475198 1165.882229 1011.954295 1781.937066 2049.075840 1176.765382 154.594549 90.662539 65.117357 161.568380 43.779915 142.120116 419.016082 174.590129 798.496245 191.322722 1549.702330
