user2019/resources/simulation/Vinschgau/output-maps/psiL0003N1429.asc
ncols         63
nrows         48
xllcorner     598000.000000
yllcorner     5145000.000000
cellsize      1000.000000
NODATA_value  -9999.0
[rows 0 to 24 of 48, columns 0 to 56 of 63]
-9999.0 -9999.0 -9999.0 -9999.0 -9999.0 -9999.0 -9999.0 -9999.0 -9999.0 -9999.0 -9999.0 -9999.0 -9999.0 -9999.0 -9999.0 -9999.0 -9999.0 -9999.0 -9999.0 -9999.0 -9999.0 -9999.0 -9999.0 -9999.0 -9999.0 -9999.0 -9999.0 -9999.0 -9999.0 -9999.0 -9999.0 -9999.0 -9999.0 -9999.0 -9999.0 -9999.0 -9999.0 -9999.0 -9999.0 -9999.0 -9999.0 -9999.0 -9999.0 -9999.0 -9999.0 -9999.0 -9999.0 -9999.0 -9999.0 -9999.0 -9999.0 -9999.0 -9999.0 -9999.0 -9999.0 -9999.0 -9999.0
-9999.0 -9999.0 -9999.0 -9999.0 -9999.0 -9999.0 -9999.0 -9999.0 -9999.0 -9999.0 -9999.0 -9999.0 -9999.0 -9999.0 -9999.0 -9999.0 -9999.0 -9999.0 -9999.0 -9999.0 -9999.0 -9999.0 -9999.0 -9999.0 -9999.0 -9999.0 -9999.0 -209.402589 -1151.912902 -175.896017 58343.947846 -710.480395 32578.712141 -9999.0 -9999.0 -9999.0 -9999.0 -9999.0 -9999.0 -9999.0 -9999.0 -9999.0 -9999.0 -9999.0 -9999.0 -9999.0 -9999.0 -9999.0 -9999.0 -9999.0 -9999.0 -9999.0 -9999.0 -9999.0 -9999.0 -9999.0 -9999.0
-9999.0 -9999.0 -9999.0 -9999.0 -9999.0 -9999.0 -9999.0 -9999.0 -9999.0 -9999.0 -9999.0 -9999.0 -9999.0 -9999.0 -9999.0 -9999.0 -9999.0 -9999.0 -9999.0 -9999.0 -9999.0 -9999.0 -9999.0 -9999.0 -150.202825 -186.298994 -255.875556 -163.381950 -197.073573 -1084.570888 71178.158819 -9999.0 -9999.0 -9999.0 -9999.0 -9999.0 -9999.0 -9999.0 -9999.0 -9999.0 -9999.0 -9999.0 -9999.0 -9999.0 -9999.0 -9999.0 -9999.0 -9999.0 -9999.0 -9999.0 -9999.0 -9999.0 -9999.0 -9999.0 -9999.0 -9999.0 -9999.0
-9999.0 -9999.0 -9999.0 -9999.0 -9999.0 -9999.0 -9999.0 -9999.0 -9999.0 -9999.0 -9999.0 -9999.0 -9999.0 -9999.0 -9999.0 -9999.0 -9999.0 -9999.0 -9999.0 -9999.0 -9999.0 -9999.0 -9999.0 -214.952732 -914.938278 -2992.325355 -3034.263982 -3081.896434 -3074.242448 -1448.796183 60201.699287 97286.680825 -9999.0 -9999.0 -9999.0 -9999.0 -9999.0 -9999.0 -9999.0 -9999.0 -9999.0 -9999.0 -9999.0 -9999.0 -9999.0 -9999.0 -9999.0 -9999.0 -9999.0 -9999.0 -9999.0 -9999.0 -9999.0 -9999.0 -9999.0 -9999.0 -9999.0
-9999.0 -9999.0 -9999.0 -9999.0 -9999.0 -9999.0 -9999.0 -9999.0 -9999.0 -9999.0 -9999.0 -9999.0 -9999.0 -9999.0 -9999.0 -9999.0 -9999.0 -9999.0 -1698.914896 -967.299059 -9999.0 -488.923828 -934.411654 -2980.033929 -2929.068127 -2974.728139 -2282.399551 -2687.786953 -2544.991380 -2774.664009 -1467.632191 55680.873182 -189.446113 -214.509542 -9999.0 -9999.0 -9999.0 -9999.0 -9999.0 -9999.0 -9999.0 -9999.0 -9999.0 -9999.0 -9999.0 -9999.0 -9999.0 -9999.0 -9999.0 -9999.0 -9999.0 -9999.0 -9999.0 -9999.0 -9999.0 -9999.0 -9999.0
-9999.0 -9999.0 -9999.0 -9999.0 -9999.0 -9999.0 -9999.0 -9999.0 -9999.0 -9999.0 -9999.0 -9999.0 -9999.0 -9999.0 -9999.0 -9999.0 -9999.0 -2912.356578 -2862.389525 -7536.720865 -3038.756966 -1695.883340 -2755.474234 -2835.574293 -2695.447432 -1705.078736 219819.190311 -2662.058181 57412.980708 -2159.432861 -1075.874926 -1455.425487 -232.038257 -245.877028 -213.955040 -224.283180 -9999.0 -9999.0 -9999.0 -9999.0 -9999.0 -9999.0 -9999.0 -9999.0 -9999.0 -9999.0 -9999.0 -9999.0 -9999.0 -9999.0 -9999.0 -9999.0 -9999.0 -9999.0 -9999.0 -9999.0 -9999.0
-9999.0 -9999.0 -9999.0 -9999.0 -9999.0 -9999.0 -9999.0 -9999.0 -9999.0 -9999.0 -9999.0 -9999.0 -9999.0 -2450.481901 -2780.252974 -2778.025557 -2876.479029 -6872.407866 -2874.831504 -2886.571453 -2864.483986 -2848.998887 -2899.900138 -2880.862181 -965.389074 -923.183549 -263.189681 -405.563794 -509.080648 -920.957018 456653.974007 -773.671181 -617.179394 54576.039150 -136.146231 -216.395253 -9999.0 -9999.0 -9999.0 -9999.0 -9999.0 -9999.0 -9999.0 -9999.0 -9999.0 -9999.0 -9999.0 -9999.0 -9999.0 -9999.0 -9999.0 -9999.0 -9999.0 -9999.0 -9999.0 -9999.0 -9999.0
-9999.0 -9999.0 -9999.0 -9999.0 -9999.0 -9999.0 -9999.0 -9999.0 -9999.0 -9999.0 -9999.0 -9999.0 -9999.0 -2201.447124 -2944.439145 -2863.607507 -2858.468917 -2547.402174 -6889.294294 -2881.203769 -2852.933568 -3003.210758 -2780.999963 -2600.745264 -2808.839269 -2834.390744 -1295.824308 -182.197524 -184.980153 293171.749183 117939.421802 62042.412056 -153.483156 -131.193561 -154.669297 -9999.0 -9999.0 -9999.0 -9999.0 -9999.0 -9999.0 -9999.0 -9999.0 -9999.0 -9999.0 -9999.0 -9999.0 -9999.0 -9999.0 -9999.0 -9999.0 -9999.0 -9999.0 -9999.0 -9999.0 -9999.0 -9999.0
-9999.0 -9999.0 -9999.0 -9999.0 -9999.0 -9999.0 -9999.0 -9999.0 -9999.0 -9999.0 -9999.0 -9999.0 -9999.0 -2949.445898 295.502264 -2985.679560 -2836.846231 -2839.739236 -6929.989095 -2872.193076 -2918.957073 -6714.090166 -1930.342061 -870.853517 -2854.822619 -2844.750643 -328.554436 -193.053238 83579.829774 -159.391358 85565.833922 -94.989295 -147.259858 -36.266387 -190.412256 -9999.0 -9999.0 -9999.0 -9999.0 -9999.0 -9999.0 -9999.0 -9999.0 -9999.0 -9999.0 -9999.0 -9999.0 -9999.0 -9999.0 -9999.0 -9999.0 -9999.0 -9999.0 -9999.0 -9999.0 -9999.0 -9999.0
-9999.0 -9999.0 -9999.0 -9999.0 -9999.0 -9999.0 -9999.0 -9999.0 -9999.0 -9999.0 -9999.0 -9999.0 -2875.352338 6191.753651 -2948.304565 -2817.024463 -2677.739833 -2806.497578 -2988.177988 -7586.451724 -2839.611750 -2376.690443 -2852.424910 -468.394122 533751.348320 -1050.164233 579525.210047 70830.886227 12023.003431 -132.806271 90687.183868 -184.471932 110007.218870 -231.907477 -9999.0 -9999.0 -9999.0 -9999.0 -9999.0 -9999.0 -9999.0 -9999.0 -9999.0 -9999.0 -9999.0 -9999.0 -9999.0 -9999.0 -9999.0 -9999.0 -9999.0 -9999.0 -9999.0 -9999.0 -9999.0 -9999.0 -9999.0
-9999.0 -9999.0 -9999.0 -9999.0 -9999.0 -9999.0 -9999.0 -9999.0 -9999.0 -9999.0 -9999.0 -1674.882444 -2937.959949 -689.621251 -2956.659345 -2717.491826 -7642.040348 -2847.076347 -2155.970373 -8217.820191 -2798.085554 -2826.431802 -1705.339574 -1479.120818 -2675.440401 -1411.077004 95551.342129 -161.656690 12694.755667 -172.082349 -198.274844 -546.452677 -151.680917 -207.727378 -196.175512 -189.894969 54635.313201 -1621.069973 -1601.704098 -9999.0 -9999.0 -9999.0 -226.578189 -9999.0 -9999.0 -9999.0 -9999.0 -9999.0 -9999.0 -9999.0 -9999.0 -9999.0 -9999.0 -9999.0 -9999.0 -9999.0 -9999.0
-9999.0 -9999.0 -9999.0 -9999.0 -9999.0 -9999.0 -9999.0 -9999.0 -9999.0 -9999.0 -9999.0 -1487.654204 -2991.440698 -3103.771528 -3099.950242 -2674.609888 -3170.475651 -2892.081538 -2285.477077 -2983.618348 -2831.184318 -2777.253996 -636.773407 1409885.643048 1487989.129161 -562.811814 9455.927395 -1391.643669 -119.727979 -201.653809 27014.488010 -533.004840 92172.995069 94295.316704 39521.616338 -73.773095 -1389.634150 -1599.807189 -1599.933122 -215.709321 -206.350339 -212.244580 62736.357448 -192.922824 -9999.0 -9999.0 -9999.0 -430.686069 98580.526127 -115.739482 143045.109849 -114.217874 -117.248184 -239.142553 78657.050405 -123.151847 -9999.0
-9999.0 -9999.0 -9999.0 -9999.0 -9999.0 -9999.0 -9999.0 -9999.0 -9999.0 -9999.0 -9999.0 -1313.193499 -1652.502808 -2732.550386 -1979.758062 -3049.885932 -2733.383896 -2823.116592 -3115.804966 -2982.536048 -2163.325213 -1471.521934 1336544.654770 5720.692583 -639.768384 -202.886555 1541339.290410 1590795.218488 -190.068436 51572.974883 -191.506598 1557541.875348 -1015.390338 104343.869744 -163.040650 -1447.349938 1551922.549707 1256253.118699 -2029.750438 -217.275428 -1524.388545 -1886.819468 -1060.484565 22715.527430 119928.372309 -9999.0 -234.011551 133274.940426 62721.213980 -466.933990 -1511.332583 -180.226825 -1531.391203 65317.362490 -1071.721949 97048.917550 -9999.0
-9999.0 -9999.0 -9999.0 -9999.0 -9999.0 -9999.0 -9999.0 -9999.0 -9999.0 -9999.0 -9999.0 -9999.0 -1483.682118 -732.701581 -1995.570066 -2101.397678 -2447.728483 -2770.631075 -2435.165626 -2977.368508 -2737.420492 -2664.791724 8889.281523 1029723.646949 1562312.023247 1586960.006509 3958.668780 -1510.000113 69035.921408 -190.158907 36484.877212 1604161.490851 -1503.225730 81438.121999 105684.653187 -362.291398 1522610.229138 1142599.581959 -1668.076229 -1687.556727 -1519.371944 -412.413794 1233905.429758 -331.236816 -187.266471 117792.241061 -179.517544 109008.395153 1502470.972315 1316048.429523 231689.453747 1409899.846911 1415201.924544 1411908.479518 1417526.156342 63734.808176 80841.299430
-9999.0 -9999.0 -9999.0 -9999.0 -9999.0 -9999.0 -9999.0 -9999.0 -9999.0 -9999.0 -9999.0 942252.689726 -995.776942 -2625.733763 -956.501522 -2318.008932 -2706.731324 -2720.883185 -3066.268816 -2761.782716 -2771.507835 -2061.590085 107.456473 1536024.204235 1572400.036678 1663253.141178 1499010.926934 81626.308074 70602.198749 -194.745201 1598599.652565 1621724.998087 -1113.474066 78442.032163 67223.465420 46721.578475 -1136.170448 437679.333692 -1285.332968 -2434.874091 458404.051074 -847.266454 219.680711 -189.889277 -1461.635881 74057.974510 -162.615579 -210.504028 -237.976358 97350.230346 483897.885738 75547.648549 506254.898386 114110.675167 98451.584954 36336.141954 -133.180070
-9999.0 -9999.0 -9999.0 -9999.0 -9999.0 -9999.0 -9999.0 -9999.0 -9999.0 -9999.0 3438.242348 206286.258790 -931.858114 -1001.556525 -1601.133480 21575.165625 28660.692756 -1750.608252 -2798.560138 -2712.407688 -2750.306282 -1658.093448 2076912.550067 -1010.828583 20879.419644 999584.823903 1582167.247493 419892.820866 -1489.060090 -1384.953657 122023.349343 777649.756169 -1133.566778 84919.665289 -203.390445 -199.666994 -1483.192731 1204680.073964 1814962.713757 -431.262805 -925.494624 -67.802441 -202.269106 -1291.085795 98242.216323 -199.083225 -1306.552672 684700.829193 922599.446239 -335.025253 137111.099729 -109.731960 97817.250512 45842.613748 -70.887675 82028.673432 74119.690972
-9999.0 -9999.0 -9999.0 -9999.0 -9999.0 -9999.0 -9999.0 -9999.0 -9999.0 -993.834057 -622.213694 139078.070255 -180.002091 645177.223544 74977.686525 26031.599002 154317.441630 -2200.334038 -2830.486924 -2781.366347 -2843.207466 -2613.111902 -2595.712489 -2614.000684 -500.361620 2160840.516742 1592990.682231 -1090.660147 193684.396261 -635.567898 -415.398365 2110698.038096 -188.906356 -189.486659 -206.203592 -200.246014 -1427.517873 1729099.822143 1567032.112477 132894.665611 1736931.624412 2152194.317550 2155967.385246 -2472.202852 -2561.861734 68559.088697 -2033.757660 1038626.125260 965492.604969 -493.826368 1343527.314831 -113.943312 39931.783764 -94.650049 -78.175692 386829.243036 416749.794119
-9999.0 -9999.0 -9999.0 -9999.0 -9999.0 -9999.0 -9999.0 -9999.0 -9999.0 -1500.305239 -790.007364 -1479.510369 4677.784400 -276.628629 191192.915271 716341.654362 -1239.116832 -2503.349912 -2875.586000 -2987.980149 -2946.694401 -3036.231453 -2179.252759 -780.128935 2156235.965957 1644012.529903 703394.369439 -196.333777 -747.588560 -847.896013 -1642.381261 2051971.377822 25003.468791 96318.766585 63582.469967 -197.577712 -196.784921 -245.486666 -657.191763 -1192.458465 1629631.627020 1625322.495143 368179.122122 -1143.423646 -1969.272138 -2261.513454 -2660.994106 -2574.770618 -665.200531 -971.801545 2085344.511346 1340769.924954 -72.781787 291822.918643 22161.070052 509940.915016 543298.384354
-9999.0 -9999.0 -9999.0 -9999.0 -9999.0 -9999.0 -9999.0 -9999.0 -9999.0 -9999.0 47537.612883 -1217.923014 7376.242779 622601.807728 -1478.021008 141332.038668 -616.419594 -2747.805307 -2931.251903 -2907.654495 -2936.933150 -2792.386351 6019.496280 1968404.886539 1534478.385019 104635.614243 -542.793496 -1187.414085 -1066.458950 2170614.056410 2138121.508270 2109656.293272 1496773.147752 90464.140008 -289.500504 -1090.433306 -514.038553 -840.032415 -187.143824 36866.434178 74030.391636 -427.929654 4734.108333 40818.161710 -1655.095518 -1066.608053 -2672.365067 -2211.642465 -2795.506437 -1872.623603 2086068.036849 800109.231143 -79.818470 40479.945588 325710.859245 142809.344873 22698.371790
-9999.0 -9999.0 -9999.0 -9999.0 -9999.0 -9999.0 -9999.0 -9999.0 -9999.0 -9999.0 71117.117414 -992.373749 -267.834976 -740.912644 -867.876905 -1886.946001 -1450.605502 -2704.729618 -2946.957810 -2992.966576 -2869.718240 -2782.504448 36755.312640 137384.353754 89251.631951 -651.638768 -1033.190610 863.519492 2185053.316452 1531952.349401 52127.036602 -171.376877 282643.080644 90568.881764 -4.317220 -830.963394 359301.874741 135497.433040 1492330.599227 78957.641656 -146.715341 -285.878627 947801.969251 -1487.981888 -757.206263 2160855.000186 -276.932094 -917.273496 -2738.444352 -2740.664135 -232.316833 1456826.929783 1385163.921118 -64.854485 48843.884107 -50.077529 161419.530155
-9999.0 -9999.0 -9999.0 -9999.0 -9999.0 -9999.0 -9999.0 -9999.0 7703.612984 53334.685984 -918.292917 2779.150317 844024.201160 365887.794285 328196.758067 -1377.089241 -2868.843509 -3045.380501 -3055.717556 -3016.278023 -2991.242136 -2970.477002 -2948.747656 -2891.536002 -2397.791022 -948.487964 -663.087106 2291647.181750 1734263.192925 1523400.381842 -120.609154 44783.280541 28289.429095 81112.384558 2427.198232 -673.471937 -2176.108434 18445.358460 2151588.223327 -197.386404 -212.900665 -526.352381 554469.782844 -194.233992 -779.863228 2356.816855 2117978.244319 435247.131201 -278.573176 -1255.005115 -606.753578 1667919.084693 756301.161123 1244716.348633 -96.910593 -194.670175 -140.421970
-9999.0 -9999.0 -9999.0 -9999.0 -9999.0 -9999.0 -9999.0 -9999.0 -231584368.269996 770980.434716 1523837.726041 88528.998433 -439.792391 1504590.511037 2141930.954658 -1108.801129 -2689.905127 -2765.571174 -2980.129554 -3051.428864 -2403.341972 -3226.576061 -3300.079585 -3295.051084 -2885.503169 -2449.343912 -713.152317 216717.309278 201701.014852 77643.768828 100773.544927 -206.044830 -482.443150 -212.094221 6116.601847 -171.816822 -2694.695710 -471.034131 306089.720190 -1465.734475 20726.575970 -288.809869 -214.553473 -1468.447503 6104.901789 1282413.795095 493239.957109 -1368.663381 186743.695957 -1120.912687 -732.491704 209491.108101 786228.176189 145011.636309 -1529.894898 59407.671711 1353556.582594
-9999.0 -9999.0 -9999.0 -9999.0 -9999.0 -9999.0 -9999.0 -9999.0 31137.578057 40539.305430 59764.537063 1483833.162211 5458.471664 508107.633887 1038419.293499 2137582.813935 -1983.929399 -2800.033145 -2956.744448 -2368.479266 -3081.451996 -3201.183751 -3270.726913 -3033.929740 -3031.183054 -2745.274952 -782.890708 2228797.591030 249048.254413 18149.462251 -225.869805 -510.856103 1534442.060059 1585466.513942 -691.503034 -2632.867538 -1180.406870 -1358.030874 46373.481648 748782.469133 -1451.848808 -274.417784 -106.265882 7599.428411 1591795.003964 4538.981444 -204.234861 34297.636777 1616168.087397 2072.993106 -1391.119049 -533.353094 500271.318455 823048.143875 301462.435393 5927.001384 -502.608791
-9999.0 -9999.0 -9999.0 -9999.0 -9999.0 -9999.0 -9999.0 -9999.0 -128.940041 -1418.605461 424336.558254 180944.771154 14830.533086 1514789.022377 2117200.195127 -676.986925 -2814.726085 -2908.158094 -2876.785097 -2953.959267 -3011.707077 -3037.459276 -3088.350414 -2991.927743 -2745.077084 -1960.084151 424651.586572 2166022.017947 -235.449264 1441752.718658 1044477.350651 254611.857569 -182.516785 -305.485957 154651.241346 -2114.223119 -2844.061417 -2746.513617 -1694.239749 24232.811398 -1404.318806 -1455.581468 -1396.306634 -580.138402 21778.259500 -237.410538 -1499.119301 -234.909075 -316.681227 1407478.726379 -69.462023 -1928.488327 -630.629922 231026.018145 -274.877363 -645.766042 -2486.324116
-9999.0 -9999.0 -9999.0 -9999.0 -9999.0 -9999.0 -9999.0 -9999.0 138956.550901 14514.970012 -5477273.346008 2194268.244794 2210968.904689 2200957.073119 -463.673976 -1930.480535 -1570.398897 -2659.544568 -2342.616240 -2774.349840 -2881.350459 -2954.269084 -2933.986435 -2865.424311 -2917.864319 -1895.462362 2163413.323331 100351.520159 -967.129262 212.058488 2034143.798056 -629.949560 -2725.654282 -1156.091739 -2521.090717 -2658.270318 -2714.366035 -2825.539324 -2793.583977 -2380.737021 -2578.196978 -2650.148416 -2406.896664 -1326.639829 1194893.636233 -1462.909320 223701.882469 24057.477822 288874.183702 -733.942039 -2566.397339 -2260.945586 -1865.726423 -1246.124799 -876.799496 -904.902390 -1635.956945
