user2019/resources/simulation/Vinschgau/output-maps/psiL0006N0659.asc
ncols         63
nrows         48
xllcorner     598000.000000
yllcorner     5145000.000000
cellsize      1000.000000
NODATA_value  -9999.0
[rows 0 to 25 of 48, columns 0 to 59 of 63]
-9999.0 -9999.0 -9999.0 -9999.0 -9999.0 -9999.0 -9999.0 -9999.0 -9999.0 -9999.0 -9999.0 -9999.0 -9999.0 -9999.0 -9999.0 -9999.0 -9999.0 -9999.0 -9999.0 -9999.0 -9999.0 -9999.0 -9999.0 -9999.0 -9999.0 -9999.0 -9999.0 -9999.0 -9999.0 -9999.0 -9999.0 -9999.0 -9999.0 -9999.0 -9999.0 -9999.0 -9999.0 -9999.0 -9999.0 -9999.0 -9999.0 -9999.0 -9999.0 -9999.0 -9999.0 -9999.0 -9999.0 -9999.0 -9999.0 -9999.0 -9999.0 -9999.0 -9999.0 -9999.0 -9999.0 -9999.0 -9999.0 -9999.0 -9999.0 -9999.0
-9999.0 -9999.0 -9999.0 -9999.0 -9999.0 -9999.0 -9999.0 -9999.0 -9999.0 -9999.0 -9999.0 -9999.0 -9999.0 -9999.0 -9999.0 -9999.0 -9999.0 -9999.0 -9999.0 -9999.0 -9999.0 -9999.0 -9999.0 -9999.0 -9999.0 -9999.0 -9999.0 -798.541506 2.574812 -799.768800 18.985662 -66.276380 313.433721 -9999.0 -9999.0 -9999.0 -9999.0 -9999.0 -9999.0 -9999.0 -9999.0 -9999.0 -9999.0 -9999.0 -9999.0 -9999.0 -9999.0 -9999.0 -9999.0 -9999.0 -9999.0 -9999.0 -9999.0 -9999.0 -9999.0 -9999.0 -9999.0 -9999.0 -9999.0 -9999.0
-9999.0 -9999.0 -9999.0 -9999.0 -9999.0 -9999.0 -9999.0 -9999.0 -9999.0 -9999.0 -9999.0 -9999.0 -9999.0 -9999.0 -9999.0 -9999.0 -9999.0 -9999.0 -9999.0 -9999.0 -9999.0 -9999.0 -9999.0 -9999.0 202.217556 196.304617 194.266391 192.116143 212.094873 49.250942 -3.154120 -9999.0 -9999.0 -9999.0 -9999.0 -9999.0 -9999.0 -9999.0 -9999.0 -9999.0 -9999.0 -9999.0 -9999.0 -9999.0 -9999.0 -9999.0 -9999.0 -9999.0 -9999.0 -9999.0 -9999.0 -9999.0 -9999.0 -9999.0 -9999.0 -9999.0 -9999.0 -9999.0 -9999.0 -9999.0
-9999.0 -9999.0 -9999.0 -9999.0 -9999.0 -9999.0 -9999.0 -9999.0 -9999.0 -9999.0 -9999.0 -9999.0 -9999.0 -9999.0 -9999.0 -9999.0 -9999.0 -9999.0 -9999.0 -9999.0 -9999.0 -9999.0 -9999.0 195.729475 198.512254 -974.707616 -1776.448939 -12048.872144 -1220.479717 -26.383251 -11.591586 -3.220853 -9999.0 -9999.0 -9999.0 -9999.0 -9999.0 -9999.0 -9999.0 -9999.0 -9999.0 -9999.0 -9999.0 -9999.0 -9999.0 -9999.0 -9999.0 -9999.0 -9999.0 -9999.0 -9999.0 -9999.0 -9999.0 -9999.0 -9999.0 -9999.0 -9999.0 -9999.0 -9999.0 -9999.0
-9999.0 -9999.0 -9999.0 -9999.0 -9999.0 -9999.0 -9999.0 -9999.0 -9999.0 -9999.0 -9999.0 -9999.0 -9999.0 -9999.0 -9999.0 -9999.0 -9999.0 -9999.0 192.263288 174.715245 -9999.0 201.794610 201.993226 -1213.507786 -1182.519236 -14439.663731 -618.689523 -543.987492 -1010.649905 -1252.120407 -12.051489 10.662322 -799.856903 -798.958039 -9999.0 -9999.0 -9999.0 -9999.0 -9999.0 -9999.0 -9999.0 -9999.0 -9999.0 -9999.0 -9999.0 -9999.0 -9999.0 -9999.0 -9999.0 -9999.0 -9999.0 -9999.0 -9999.0 -9999.0 -9999.0 -9999.0 -9999.0 -9999.0 -9999.0 -9999.0
-9999.0 -9999.0 -9999.0 -9999.0 -9999.0 -9999.0 -9999.0 -9999.0 -9999.0 -9999.0 -9999.0 -9999.0 -9999.0 -9999.0 -9999.0 -9999.0 -9999.0 -938.248647 168.044632 -758229.555730 -800.635200 189.634112 -528.207655 -2014.203046 -659.628272 -1000.664305 -722.773668 191.142154 -1138.981249 -268.538871 212.379871 38.218687 -801.966800 -801.921888 -799.431596 -798.276299 -9999.0 -9999.0 -9999.0 -9999.0 -9999.0 -9999.0 -9999.0 -9999.0 -9999.0 -9999.0 -9999.0 -9999.0 -9999.0 -9999.0 -9999.0 -9999.0 -9999.0 -9999.0 -9999.0 -9999.0 -9999.0 -9999.0 -9999.0 -9999.0
-9999.0 -9999.0 -9999.0 -9999.0 -9999.0 -9999.0 -9999.0 -9999.0 -9999.0 -9999.0 -9999.0 -9999.0 -9999.0 0.000000 181.726566 -689.735777 -853.406746 -798.708781 -879.199313 -1206.222068 -551.843404 -1033.614734 -1877.048448 -615.814172 -668.650973 185.807621 -168974.894069 -467.464694 -1085.152314 -804.136868 7205.794297 250.462219 43.438500 41.584297 -798.632544 -798.155259 -9999.0 -9999.0 -9999.0 -9999.0 -9999.0 -9999.0 -9999.0 -9999.0 -9999.0 -9999.0 -9999.0 -9999.0 -9999.0 -9999.0 -9999.0 -9999.0 -9999.0 -9999.0 -9999.0 -9999.0 -9999.0 -9999.0 -9999.0 -9999.0
-9999.0 -9999.0 -9999.0 -9999.0 -9999.0 -9999.0 -9999.0 -9999.0 -9999.0 -9999.0 -9999.0 -9999.0 -9999.0 201.243763 180.732864 -723.935112 -706.576954 200.948091 -800.027191 -1057.393778 -903.504035 -368.317382 -19.959024 -884.298167 -863.638366 -634.525539 -9.827157 -798.821062 -798.715318 -430.666226 211.834205 -3.119609 -798.829498 -798.713480 -798.682605 -9999.0 -9999.0 -9999.0 -9999.0 -9999.0 -9999.0 -9999.0 -9999.0 -9999.0 -9999.0 -9999.0 -9999.0 -9999.0 -9999.0 -9999.0 -9999.0 -9999.0 -9999.0 -9999.0 -9999.0 -9999.0 -9999.0 -9999.0 -9999.0 -9999.0
-9999.0 -9999.0 -9999.0 -9999.0 -9999.0 -9999.0 -9999.0 -9999.0 -9999.0 -9999.0 -9999.0 -9999.0 -9999.0 -263.450906 581.342607 -562.696753 -637.294315 -731.932497 -800.148195 -575.640664 192.738360 -222265.653318 196.812675 -289.340275 -249.838217 206.241979 -799.811238 -798.754144 5.948141 -798.814690 -1.367823 -798.637753 -798.637156 -798.734617 -798.645910 -9999.0 -9999.0 -9999.0 -9999.0 -9999.0 -9999.0 -9999.0 -9999.0 -9999.0 -9999.0 -9999.0 -9999.0 -9999.0 -9999.0 -9999.0 -9999.0 -9999.0 -9999.0 -9999.0 -9999.0 -9999.0 -9999.0 -9999.0 -9999.0 -9999.0
-9999.0 -9999.0 -9999.0 -9999.0 -9999.0 -9999.0 -9999.0 -9999.0 -9999.0 -9999.0 -9999.0 -9999.0 -1204.304877 4607.179462 -250.940934 191.582300 182.231431 -613.425909 -89.395900 -953114.745158 -618.202852 -172.844912 -19473.272922 187.892668 2751.525411 -6.762853 942.942319 -2.069865 54.281660 -798.677016 -24.386007 -799.056805 25.111137 -798.938368 -9999.0 -9999.0 -9999.0 -9999.0 -9999.0 -9999.0 -9999.0 -9999.0 -9999.0 -9999.0 -9999.0 -9999.0 -9999.0 -9999.0 -9999.0 -9999.0 -9999.0 -9999.0 -9999.0 -9999.0 -9999.0 -9999.0 -9999.0 -9999.0 -9999.0 -9999.0
-9999.0 -9999.0 -9999.0 -9999.0 -9999.0 -9999.0 -9999.0 -9999.0 -9999.0 -9999.0 -9999.0 216.987254 221.951975 501.542427 192.603957 202.616343 -152634.862304 -340.147220 82.022928 -618184.598218 -460.063813 201.105704 21.593429 -1.867088 -418.930129 23.724348 -8.919935 19.888110 2634.783021 -798.544150 -799.061531 48.209279 -798.365545 -799.249822 -799.021715 -800.895067 -264.197150 -302.570519 -696.765705 -9999.0 -9999.0 -9999.0 -801.313925 -9999.0 -9999.0 -9999.0 -9999.0 -9999.0 -9999.0 -9999.0 -9999.0 -9999.0 -9999.0 -9999.0 -9999.0 -9999.0 -9999.0 -9999.0 -9999.0 -9999.0
-9999.0 -9999.0 -9999.0 -9999.0 -9999.0 -9999.0 -9999.0 -9999.0 -9999.0 -9999.0 -9999.0 201.109013 206.089434 -574.087937 199.543432 -7.739712 178.087534 -685.166924 187.809375 226.974196 207.198382 21.183198 210.006786 199.563314 225.509869 10.485642 8.443304 37.897257 -798.552074 -798.865903 24.034537 127.202697 -4.105188 13.000215 -52.075273 -89.065211 -184.114751 -257.882931 -261.852837 -803.203994 -802.283059 -798.622117 -1.952922 -798.919651 -9999.0 -9999.0 -9999.0 188.473851 -2.554341 -798.168839 9.691019 -798.260003 -798.054541 183.985931 201.757804 -798.149834 -9999.0 -9999.0 -9999.0 -9999.0
-9999.0 -9999.0 -9999.0 -9999.0 -9999.0 -9999.0 -9999.0 -9999.0 -9999.0 -9999.0 -9999.0 231.264369 188.091202 -330.291656 210.646817 9.155504 200.193976 201.256471 230.538809 194.225299 221.838187 -400.885802 183.879746 205.405328 3.774210 -800.255855 197.838975 1952.540297 -798.692361 -2.030839 -798.357223 -241.980291 18.341759 -5.577889 -799.133793 -149.077749 -2578.000965 -55297.914568 -290.612951 -804.644223 -292.573511 -430.133067 -77.979414 -3.109102 -7.834578 -9999.0 -798.897030 11.997532 23.100850 33.117382 -29.188647 -799.147611 -27.816987 29.672880 -20.031113 19.710172 -9999.0 -9999.0 -9999.0 -9999.0
-9999.0 -9999.0 -9999.0 -9999.0 -9999.0 -9999.0 -9999.0 -9999.0 -9999.0 -9999.0 -9999.0 -9999.0 220.722821 235.072926 192.588124 201.036353 187.857432 183.015899 256.278211 191.657514 202.883534 -413.628008 -381.120691 204.664234 191.216184 191.734385 1929.956563 -49.304404 16.954516 -798.577028 14.297903 259.720774 -69.902467 2.598025 -20.699311 -146.936062 -2630.090106 -3142.076690 -2111.980898 -606.311434 -1541.186258 -801.972190 -1771.732164 193.097249 -799.962684 5.738894 -798.801937 6.222127 -303.484495 211.537624 181.047232 339.403297 996.207455 327.840556 260.867236 217.309998 205.366953 -9999.0 -9999.0 -9999.0
-9999.0 -9999.0 -9999.0 -9999.0 -9999.0 -9999.0 -9999.0 -9999.0 -9999.0 -9999.0 -9999.0 206.826702 194.905327 -47.378746 255.946049 215.649171 214.486108 201.913579 229.401916 195.202811 216.481728 224.175208 228.857477 -371.142484 193.480564 229.284496 203.987028 -2.837218 -5.256177 -800.214006 197.403953 301.796086 41.195586 8.798761 -9.285004 -81.686957 -338.803586 -50044.229254 -1363.968226 -276.987868 -31536.733249 -2761.611760 -809.893742 -155039.711830 10.573020 -4.330270 38.465406 -799.939783 -800.400857 -11165.228284 -152491.784865 -2.338415 217.608459 -152783.808579 -152875.640975 -798.773501 -798.243922 -9999.0 -9999.0 -9999.0
-9999.0 -9999.0 -9999.0 -9999.0 -9999.0 -9999.0 -9999.0 -9999.0 -9999.0 -9999.0 1845.861034 213.815564 195.899931 197.847041 195.238504 1665.150491 1667.545545 168.918153 -511.471013 198.694624 247.703904 236.965904 -199.890508 191.210533 204.171574 2082.404460 -259.980983 -154370.230112 -40.844597 17.509120 262.959426 567.438830 18.788678 5.420579 -798.655908 -800.005814 -155.086960 -2422.015048 -2715.680946 -2385.582199 -33757.416702 -150348.588512 -796.409440 -517.236827 178.908973 -800.436077 17.784473 -367.218947 214.728298 155.471095 -152899.301605 -799.022370 -152873.002328 -798.247361 -799.076073 28.555197 32.577110 -9999.0 -9999.0 -9999.0
-9999.0 -9999.0 -9999.0 -9999.0 -9999.0 -9999.0 -9999.0 -9999.0 -9999.0 9.570525 211.948435 248.554647 225.767231 186.488734 238.431558 226.667408 186.033878 188.686381 181.463850 -458.623772 225.367873 -46.086581 -231.099183 -38.426550 177.980597 -149.465091 175.050900 16.507048 -374.682996 205.142951 170.986659 -2076.402813 -798.573057 -798.648006 -798.717959 -799.121347 21.099915 -549.069633 -1062.906467 -387.708720 -793.809834 -322.154338 -358.657259 -1811.852462 -617.648228 -472.439678 16.194761 -475.947507 -400.026710 167.328391 -11072.169928 -798.510937 -798.340171 -798.084043 -798.601140 -252.993168 308.698426 -774.200033 -799.355876 -9999.0
-9999.0 -9999.0 -9999.0 -9999.0 -9999.0 -9999.0 -9999.0 -9999.0 -9999.0 -24.061388 15.590560 7.609364 3671.911804 190.205293 188.335551 190.750241 196.713449 187.528217 184.166167 -448.471697 -85.645904 -207.873616 178.619036 201.482931 -152.163638 180.553244 184.701511 188.469013 172.729618 172.677243 -72.744367 -154.793954 23.674643 -1.089696 27.524729 -801.057556 -800.473061 -800.767120 -32.621453 19.988298 192.987005 -248.696441 -617.388620 -217.840337 -420.796453 -701.414763 -441.710858 -1154.418310 -593.042870 90.282380 -2042.999595 -325.022583 -798.662882 5.201968 -703.428919 231.267783 -243.514867 246.904045 -789.917279 -9999.0
-9999.0 -9999.0 -9999.0 -9999.0 -9999.0 -9999.0 -9999.0 -9999.0 -9999.0 -9999.0 7.059197 27.504309 210.129938 1939.151637 -537.922780 187.126517 195.134712 194.022696 184.433602 -524.707734 212.483084 -245.293997 188.901909 -167.776508 180.308810 184.091495 191.185175 170.532349 -70.370975 186.007018 -132.738117 3815.601813 -228.784193 4.164793 40.446650 64.801771 189.598767 193.820618 -798.940194 7.073191 -11.903645 188.357402 3709.565436 -259.872953 -164.589890 190.959304 -202.359297 177.874002 -611.704985 -409.916296 -3444.359978 -10501.129573 -798.561309 -798.216384 203.551540 11.080120 218.610059 11123.114766 -305.280323 175.351493
-9999.0 -9999.0 -9999.0 -9999.0 -9999.0 -9999.0 -9999.0 -9999.0 -9999.0 -9999.0 19.959698 18.905474 196.521771 202.521349 183.234636 -210.601831 178.184081 -336.159529 -680.491671 -588.259079 -599.365112 168.538876 169.683022 178.500853 188.853888 189.984190 179.736323 197.006410 193.950060 -192.207241 3.447313 247.690773 -152275.429000 -3.839445 -1.212921 224.808662 2888.233815 212.505171 -318.449965 -2.714249 19.034673 -774.604130 232.590987 -1.376229 197.659513 -2322.940418 194.321491 -165.897871 -205.411359 -424.130494 -217.257285 -371.361947 199.644885 -798.158044 -797.707435 -798.536596 -5.204705 -255.651466 390.209384 297.022650
-9999.0 -9999.0 -9999.0 -9999.0 -9999.0 -9999.0 -9999.0 -9999.0 202.745569 12.286662 -61.160878 210.963289 386.670011 220.569411 194.603331 8.322431 -759.567231 -401.169946 -660.733982 -599.491493 -701.711123 -420.422428 -28.743878 -384.317572 -206.714675 173.787736 210.926749 191.156402 212.642832 -248.341457 -798.803154 16.632778 17.361338 0.329410 31.958611 -11.343260 10.623874 202.783594 -143.325722 -798.565354 -798.712748 219.130151 -155304.854406 -798.753652 -800.554116 1863.840391 -136.729428 189.998045 -171.127336 175.125410 201.065602 -3341.011569 201.470589 -293.811402 -799.830090 -25.622382 -781.720779 177.950233 -384.212626 280.467167
-9999.0 -9999.0 -9999.0 -9999.0 -9999.0 -9999.0 -9999.0 -9999.0 -82.259045 221.640779 -336.482742 -2.094867 -0.929651 1644.985610 188.057650 188.567759 185.377528 -369.240575 -884.487022 -633.998131 -328.779498 -433.312516 183.006689 -162.989105 -878.273743 177.380122 209.958029 203.741808 -152545.325268 12.560863 10.741415 -800.268219 45.757952 -798.162433 223.616807 198.648479 49.004763 236.017249 -326.148043 18.016163 4.492969 -206.577576 -798.806443 18.873862 2225.568799 210.247530 -152896.766016 6.888720 -245.524025 191.255040 160.175689 192.902452 198.264671 19.293084 -33.608873 -152394.504000 -369.124153 -361.495052 -412.813870 199.248353
-9999.0 -9999.0 -9999.0 -9999.0 -9999.0 -9999.0 -9999.0 -9999.0 1.506470 2274.136740 -81.658875 -303.160332 311.457976 -153821.884991 193.230536 -198.463270 -5.207291 -566.601473 -1054.331042 -328.885886 -635.322878 -514.032821 -428.587213 -617.505775 -345.923656 197.043414 190.350954 186.072598 -158739.866372 20.610892 -800.149190 217.271126 206.176559 -11464.890785 216.845511 79.929939 -333.981226 -183.227139 -148.326550 -297.691548 20.574060 -798.582928 207.580933 2250.251797 207.962529 207.649933 -800.368543 195.737540 180.826107 -161.647626 160.507726 180.521528 -178.145404 -175.960325 -363.328803 199.467753 182.509999 177.571075 -130.208557 -308.973226
-9999.0 -9999.0 -9999.0 -9999.0 -9999.0 -9999.0 -9999.0 -9999.0 -798.415249 19.746282 247.036720 -203609.392583 207.782918 194.838993 -4229.130151 173.356617 -441.088893 -1097.532472 -310.191322 -764.761196 -641.490541 -655.866828 -627.105401 -729.114949 -593.566852 184.917078 187.393321 -171.652985 185.034545 -372.549843 -374.795230 -352.588263 -14357.249220 221.746823 -11298.309601 -8.530061 -4.043412 163.613042 -170.416212 -321.078187 4.593634 20.361355 26.500960 -799.332453 191.935622 -800.003480 -37.046039 -799.341447 -14.314476 -396.854354 156.788279 155.891229 170.757129 -50.664367 179.577860 197.005593 187.690333 -122.530684 -624.333483 -497.673605
-9999.0 -9999.0 -9999.0 -9999.0 -9999.0 -9999.0 -9999.0 -9999.0 174.217088 196.585218 3909.443484 -173.658148 -174.819146 196.835605 199.678114 214.467393 171.638329 171.222820 166.446139 -262.432660 -795.506174 -712.180659 -803.125073 -928.521607 -761.308080 -82.171044 166.535601 193.762034 187.794406 228.007526 -182.134650 211.245976 -388.441172 216.614788 -468.850063 -464.625972 -358.831483 171.089617 -167.848433 196.581006 -365.736063 -15262.547852 -371.722536 -13212.537321 -360.193232 9.497511 -370.050881 -361.543908 -422.900485 -458.974244 -697.327804 -952.160810 -331.299253 -371.080954 241.357157 249.682250 -173.775916 -303.337643 -308.665063 -283.621499
-9999.0 -9999.0 -53.582034 207.779106 1044.887048 195.989003 307.937911 217.392900 200.004995 207.126637 204.812501 315.073651 228.537722 223.234510 184.899745 163.005941 -171.727775 180.558927 184.330276 180.268524 -524.333297 -944.109484 -632.116043 -1141.305072 -702.788297 -797.893918 -236.801447 177.652203 201.015204 220.983443 177.096072 192.540318 346.441087 189.693831 195.623685 175.881027 187.705536 181.206629 -169.576970 -166.241471 -381.698377 -397.218763 -199.355213 192.530877 -192.484553 -401.062754 186.733870 190.166376 -508.553519 -522.495536 -1089.395586 -826.070123 -173.112367 198.498804 -102.922639 -91.059450 202.676592 5.445677 177.720651 -23.975696
