user2019/resources/simulation/Vinschgau/output-maps/psiL0002N1278.asc
ncols         63
nrows         48
xllcorner     598000.000000
yllcorner     5145000.000000
cellsize      1000.000000
NODATA_value  -9999.0
[rows 0 to 24 of 48, columns 0 to 56 of 63]
-9999.0 -9999.0 -9999.0 -9999.0 -9999.0 -9999.0 -9999.0 -9999.0 -9999.0 -9999.0 -9999.0 -9999.0 -9999.0 -9999.0 -9999.0 -9999.0 -9999.0 -9999.0 -9999.0 -9999.0 -9999.0 -9999.0 -9999.0 -9999.0 -9999.0 -9999.0 -9999.0 -9999.0 -9999.0 -9999.0 -9999.0 -9999.0 -9999.0 -9999.0 -9999.0 -9999.0 -9999.0 -9999.0 -9999.0 -9999.0 -9999.0 -9999.0 -9999.0 -9999.0 -9999.0 -9999.0 -9999.0 -9999.0 -9999.0 -9999.0 -9999.0 -9999.0 -9999.0 -9999.0 -9999.0 -9999.0 -9999.0
-9999.0 -9999.0 -9999.0 -9999.0 -9999.0 -9999.0 -9999.0 -9999.0 -9999.0 -9999.0 -9999.0 -9999.0 -9999.0 -9999.0 -9999.0 -9999.0 -9999.0 -9999.0 -9999.0 -9999.0 -9999.0 -9999.0 -9999.0 -9999.0 -9999.0 -9999.0 -9999.0 -265.081591 -450.511002 -264.498878 25.051823 -154.492781 1954.650744 -9999.0 -9999.0 -9999.0 -9999.0 -9999.0 -9999.0 -9999.0 -9999.0 -9999.0 -9999.0 -9999.0 -9999.0 -9999.0 -9999.0 -9999.0 -9999.0 -9999.0 -9999.0 -9999.0 -9999.0 -9999.0 -9999.0 -9999.0 -9999.0
-9999.0 -9999.0 -9999.0 -9999.0 -9999.0 -9999.0 -9999.0 -9999.0 -9999.0 -9999.0 -9999.0 -9999.0 -9999.0 -9999.0 -9999.0 -9999.0 -9999.0 -9999.0 -9999.0 -9999.0 -9999.0 -9999.0 -9999.0 -9999.0 -480.961873 -521.179211 -558.455224 -486.756414 -495.536913 -524.136537 191.060619 -9999.0 -9999.0 -9999.0 -9999.0 -9999.0 -9999.0 -9999.0 -9999.0 -9999.0 -9999.0 -9999.0 -9999.0 -9999.0 -9999.0 -9999.0 -9999.0 -9999.0 -9999.0 -9999.0 -9999.0 -9999.0 -9999.0 -9999.0 -9999.0 -9999.0 -9999.0
-9999.0 -9999.0 -9999.0 -9999.0 -9999.0 -9999.0 -9999.0 -9999.0 -9999.0 -9999.0 -9999.0 -9999.0 -9999.0 -9999.0 -9999.0 -9999.0 -9999.0 -9999.0 -9999.0 -9999.0 -9999.0 -9999.0 -9999.0 -556.266340 -687.632780 -3137.725269 -3127.518938 -3181.666633 -3218.007712 -713.379473 168.391777 715.007552 -9999.0 -9999.0 -9999.0 -9999.0 -9999.0 -9999.0 -9999.0 -9999.0 -9999.0 -9999.0 -9999.0 -9999.0 -9999.0 -9999.0 -9999.0 -9999.0 -9999.0 -9999.0 -9999.0 -9999.0 -9999.0 -9999.0 -9999.0 -9999.0 -9999.0
-9999.0 -9999.0 -9999.0 -9999.0 -9999.0 -9999.0 -9999.0 -9999.0 -9999.0 -9999.0 -9999.0 -9999.0 -9999.0 -9999.0 -9999.0 -9999.0 -9999.0 -9999.0 -1801.474482 -765.022026 -9999.0 -632.991924 -736.417268 -3130.136873 -3039.563829 -3100.967869 -1380.641125 -2559.834592 -1410.511103 -2386.373055 -577.027145 27.606993 -146.505511 -195.542682 -9999.0 -9999.0 -9999.0 -9999.0 -9999.0 -9999.0 -9999.0 -9999.0 -9999.0 -9999.0 -9999.0 -9999.0 -9999.0 -9999.0 -9999.0 -9999.0 -9999.0 -9999.0 -9999.0 -9999.0 -9999.0 -9999.0 -9999.0
-9999.0 -9999.0 -9999.0 -9999.0 -9999.0 -9999.0 -9999.0 -9999.0 -9999.0 -9999.0 -9999.0 -9999.0 -9999.0 -9999.0 -9999.0 -9999.0 -9999.0 -2981.895949 -2924.396058 -8107.044281 -6303.488585 -1085.705523 -2611.792971 -3012.039018 -2731.502809 -905.484053 32794.786207 -1164.902100 3593.250589 -1140.971521 -726.998006 -614.611843 -507.381273 -240.158016 -156.548207 -174.456586 -9999.0 -9999.0 -9999.0 -9999.0 -9999.0 -9999.0 -9999.0 -9999.0 -9999.0 -9999.0 -9999.0 -9999.0 -9999.0 -9999.0 -9999.0 -9999.0 -9999.0 -9999.0 -9999.0 -9999.0 -9999.0
-9999.0 -9999.0 -9999.0 -9999.0 -9999.0 -9999.0 -9999.0 -9999.0 -9999.0 -9999.0 -9999.0 -9999.0 -9999.0 -3047.081874 -2937.687469 -2863.528345 -2960.297572 -8096.108289 -2960.320532 -3057.607194 -3018.553025 -2987.921245 -3061.653834 -3067.291970 -1172.902304 -729.692058 -175.446960 -246.684967 -1282.473000 -762.744386 20092.445256 -519.489817 -452.815550 -137.203159 -138.853196 -173.176018 -9999.0 -9999.0 -9999.0 -9999.0 -9999.0 -9999.0 -9999.0 -9999.0 -9999.0 -9999.0 -9999.0 -9999.0 -9999.0 -9999.0 -9999.0 -9999.0 -9999.0 -9999.0 -9999.0 -9999.0 -9999.0
-9999.0 -9999.0 -9999.0 -9999.0 -9999.0 -9999.0 -9999.0 -9999.0 -9999.0 -9999.0 -9999.0 -9999.0 -9999.0 -2059.163369 -3068.940078 -2933.126632 -2922.328553 -3147.895817 -8097.382615 -3071.226110 -2940.415584 -3317.119512 -2831.351233 -2286.105936 -2775.981156 -2256.533210 -482.594448 -276.952491 -152.053369 11991.648175 19454.784119 -113.052024 -140.717834 -100.782932 -139.498238 -9999.0 -9999.0 -9999.0 -9999.0 -9999.0 -9999.0 -9999.0 -9999.0 -9999.0 -9999.0 -9999.0 -9999.0 -9999.0 -9999.0 -9999.0 -9999.0 -9999.0 -9999.0 -9999.0 -9999.0 -9999.0 -9999.0
-9999.0 -9999.0 -9999.0 -9999.0 -9999.0 -9999.0 -9999.0 -9999.0 -9999.0 -9999.0 -9999.0 -9999.0 -9999.0 -3117.423652 387.259513 -3166.534484 -2924.210925 -2931.221837 -8235.209715 -2963.323508 -3236.047454 -7542.203830 -1089.108670 -720.141321 -2988.333652 -2851.650065 -4446.446355 -152.915591 -89.704061 -126.615233 340.235036 -27.037213 -94.358572 -24.847815 -165.347376 -9999.0 -9999.0 -9999.0 -9999.0 -9999.0 -9999.0 -9999.0 -9999.0 -9999.0 -9999.0 -9999.0 -9999.0 -9999.0 -9999.0 -9999.0 -9999.0 -9999.0 -9999.0 -9999.0 -9999.0 -9999.0 -9999.0
-9999.0 -9999.0 -9999.0 -9999.0 -9999.0 -9999.0 -9999.0 -9999.0 -9999.0 -9999.0 -9999.0 -9999.0 -3064.400997 6277.101811 -3124.057118 -3018.025594 -2765.998746 -2885.890022 -3496.338665 -8450.797095 -3014.134481 -1152.614754 -2083.984787 -1241.278525 120471.761894 -471.841287 1251915.397866 -104.726694 -343.925066 -136.780105 615.170160 -138.980515 1437.610617 -220.905541 -9999.0 -9999.0 -9999.0 -9999.0 -9999.0 -9999.0 -9999.0 -9999.0 -9999.0 -9999.0 -9999.0 -9999.0 -9999.0 -9999.0 -9999.0 -9999.0 -9999.0 -9999.0 -9999.0 -9999.0 -9999.0 -9999.0 -9999.0
-9999.0 -9999.0 -9999.0 -9999.0 -9999.0 -9999.0 -9999.0 -9999.0 -9999.0 -9999.0 -9999.0 -1595.351754 -3130.977577 65.455545 -3144.583197 -2812.468660 -8973.817214 -2937.447189 -2827.963427 -9342.328887 -2883.403408 -2900.199682 -1162.332343 -594.170719 -862.563819 -514.486415 -139.782601 -328.068469 4151.537134 -152.881486 -151.737193 -441.293631 -118.809034 -167.677878 -144.916708 -150.318313 -142.179233 -602.573328 -710.066211 -9999.0 -9999.0 -9999.0 -189.531277 -9999.0 -9999.0 -9999.0 -9999.0 -9999.0 -9999.0 -9999.0 -9999.0 -9999.0 -9999.0 -9999.0 -9999.0 -9999.0 -9999.0
-9999.0 -9999.0 -9999.0 -9999.0 -9999.0 -9999.0 -9999.0 -9999.0 -9999.0 -9999.0 -9999.0 -1380.754369 -3157.872076 -3277.912114 -3261.165961 -3306.794029 -3336.218392 -2976.673126 -3104.849474 -3268.078137 -3097.598085 -2667.118284 -537.315195 2453710.667240 1982557.477495 -413.420283 -196.217493 -496.434957 -247.838577 -160.582704 -260.174632 -470.102278 -51.038916 752.584304 124.598719 -294.116628 -637.619214 -1582.852919 -898.025004 -173.755714 -166.340867 -174.482668 -50.444379 -149.620871 -9999.0 -9999.0 -9999.0 10.571197 702.621678 -103.616372 1577.589173 -130.416074 -129.760597 -262.655589 -255.937170 -136.597630 -9999.0
-9999.0 -9999.0 -9999.0 -9999.0 -9999.0 -9999.0 -9999.0 -9999.0 -9999.0 -9999.0 -9999.0 -1160.692183 -1811.550133 -1129.205501 -1945.183285 -3377.710407 -2860.274999 -2871.367767 -3440.793397 -3267.871182 -2375.587488 -625.682592 174535.898380 -428.159812 -430.448742 -291.876735 953573.649691 2574814.863511 -162.641505 -97.250694 -153.703908 2229187.465500 -472.180453 1164.094415 -137.466460 -544.814940 1702586.275851 1003302.463438 -2597.788473 -202.724396 -577.877210 -207.766751 -474.035204 -288.922703 1513.087695 -9999.0 -188.531515 1172.053805 99.115236 -416.798060 -668.309413 -402.222562 -495.787948 243.734145 247.745242 1129.199175 -9999.0
-9999.0 -9999.0 -9999.0 -9999.0 -9999.0 -9999.0 -9999.0 -9999.0 -9999.0 -9999.0 -9999.0 -9999.0 -1213.139517 -386.160355 -2284.385069 -2351.672523 -2445.587106 -2816.206137 -3036.601256 -3248.861238 -2759.144877 -1197.317732 486.920274 467917.972167 2873465.078594 935224.125076 2275.887797 -815.533429 85.509435 -146.989930 -175.473950 1629934.830157 -830.209654 373.938597 744.001140 -421.412426 634703.985409 1731223.281256 -1113.411199 -2594.278358 -1992.024013 -3895.081771 228456.467062 -522.225585 -137.184140 1074.284494 -143.907688 923.364499 2708920.341128 329397.759231 11529.554431 1951954.922620 1992744.274453 2027665.792755 2159786.897530 299.929200 996.452010
-9999.0 -9999.0 -9999.0 -9999.0 -9999.0 -9999.0 -9999.0 -9999.0 -9999.0 -9999.0 -9999.0 93305.067864 -722.330642 -3329.570860 -287.472833 -1037.281829 -2669.005753 -2752.096454 -3358.552474 -2859.530706 -2801.674257 -1535.343576 113.508683 417494.035567 516108.645821 2706604.307482 752019.184079 198.720790 -104.031268 -241.623686 982388.268423 2663714.805273 -644.606396 294.424396 252.633954 -253.218451 -502.046347 34818.115471 -848.686651 -3160.648887 37986.246724 -1310.773100 144.337993 -68.922679 -880.074741 210.488534 -357.947757 -210.010864 -281.458242 647.026312 1016521.448074 96.328362 474928.123936 26581.243305 8234.596614 -24.887218 -128.758777
-9999.0 -9999.0 -9999.0 -9999.0 -9999.0 -9999.0 -9999.0 -9999.0 -9999.0 -9999.0 2131.605887 14858.773739 -714.346149 -814.941233 -1423.250311 2080.659085 2082.865423 -1263.149313 -2847.844552 -2832.913385 -3001.028740 -1072.569999 3408989.493722 -751.172568 536.774479 1722270.064184 2253877.340669 1024433.453351 -941.221080 -785.940671 166604.450835 1032615.226874 -636.558882 335.796559 -173.358801 -164.153322 -647.055917 188227.301522 2391692.703273 -368.783076 -598.927317 -33.005756 -34.746389 -889.900943 -59.396572 -277.561094 -495.631943 82838.077271 419311.790626 -728.566375 273910.803991 -131.287499 8430.468105 397.743568 -20.002082 333.275504 310.736623
-9999.0 -9999.0 -9999.0 -9999.0 -9999.0 -9999.0 -9999.0 -9999.0 -9999.0 -473.701914 -546.405020 2437.545184 159.444129 59747.097016 46811.758887 1340.637273 4576.668022 -1738.170498 -2870.664896 -2874.234508 -3105.165493 -2665.730449 -2208.077598 -2116.462650 -420.570432 4234969.171809 2992815.503381 -615.697687 7320.737923 139.833470 -290.229689 4119366.915232 -169.076066 -151.201789 -175.237265 -159.393048 -601.791352 1614160.071839 465426.813879 33080.502588 2182857.632582 3948467.911035 3173916.836901 -1502.738467 -1857.100677 -195.933324 -1269.035697 111779.893733 101688.132473 -319.050270 2074176.873109 -122.384679 -6.751306 -128.526957 -99.952681 183668.767625 226711.225105
-9999.0 -9999.0 -9999.0 -9999.0 -9999.0 -9999.0 -9999.0 -9999.0 -9999.0 -618.977126 -460.478775 -906.253762 4742.701490 -734.346675 7300.731941 68263.560391 -840.824376 -1368.433292 -2917.164831 -3258.680337 -3213.265854 -3316.971770 -1914.062163 -631.791465 4225100.224942 1299772.010026 70474.442908 -182.013077 -453.966074 -687.029534 -804.598400 3987172.779213 -375.741568 633.545173 97.279474 -175.195303 -236.677139 -2370.897467 -452.671332 -726.766603 919087.361940 2087887.959052 22319.198919 -645.353119 -2165.577352 -1608.730717 -1909.732050 -1070.568204 -838.418930 -657.617249 4088452.136772 2625254.024140 -90.159223 -309.841941 -15.811056 476376.943445 463069.541251
-9999.0 -9999.0 -9999.0 -9999.0 -9999.0 -9999.0 -9999.0 -9999.0 -9999.0 -9999.0 -155.922148 -686.452688 -464.591562 1282223.391325 -597.748426 4020.085455 -993.413771 -2645.565114 -2973.122025 -3011.778413 -3204.931864 -2867.293938 1161.056630 3281074.453102 331693.618746 1519.040677 -307.542818 -670.890347 -743.282877 4243475.881141 4178314.968774 3636712.569338 2921339.678936 401.962159 -405.274567 -625.969386 -628.538367 -604.471980 -227.932520 -292.494043 -56.287921 -529.442413 4800.496506 -351.964487 -1402.513439 -788.405011 -2692.594861 -1918.734024 -2892.290392 -914.616755 4062166.437417 1089639.977832 -86.340063 365.324875 -291.747515 1226.964966 -202.048163
-9999.0 -9999.0 -9999.0 -9999.0 -9999.0 -9999.0 -9999.0 -9999.0 -9999.0 -9999.0 137.463105 -487.404259 -583.139340 -386.595984 -626.208812 -1465.921642 -1241.607387 -2770.234000 -2989.526331 -3107.253271 -2920.284450 -2819.044557 6340.545356 4005.706765 1405.741194 -441.690026 -767.718177 771.189501 4249946.937190 2991613.280556 -251.702566 -389.271849 563072.672984 -106.925738 -317.872094 -561.791574 353554.799159 27990.334549 2542308.197975 -99.582960 -359.178432 -1046.229417 101145.516338 -748.231013 -621.320194 3011182.353694 -519.894305 -378.781079 -2770.896031 -2577.956665 -143.540567 2435344.593234 2684084.755800 -66.950775 1131.631516 -56.093786 1404.290892
-9999.0 -9999.0 -9999.0 -9999.0 -9999.0 -9999.0 -9999.0 -9999.0 -402.794521 -58.448216 -163.403582 -402.282743 844694.766720 23347.633069 94775.099408 -1008.348134 -2877.461653 -3319.778148 -3137.491859 -3133.957110 -3039.149203 -3017.546133 -2997.123986 -2936.269143 -1163.692092 -778.369424 -663.019834 4410402.392320 2919963.329035 2929906.759815 -100.867027 -282.064338 -278.143356 -63.450502 -359.604166 -472.460828 -2045.185558 9767.844031 4218703.647594 -187.791930 -308.443430 -528.875693 1188723.035996 -206.400514 -4916.456822 2085.225077 4153030.321879 30855.477926 786.218769 -855.523278 -475.973365 2889801.190120 1064127.240681 2426706.166039 -75.316466 -129.923404 -132.704588
-9999.0 -9999.0 -9999.0 -9999.0 -9999.0 -9999.0 -9999.0 -9999.0 -364470260.455086 992161.386402 2909747.624221 -63.036149 -455.164902 2584217.895381 4213649.310775 -810.095528 -2728.166111 -2801.629371 -3024.686423 -3167.887402 -3185.977276 -3539.839905 -3640.752619 -3647.488175 -2929.696963 -2522.310904 -604.942466 18394.890178 307925.168963 21.095857 795.513043 -179.772542 -439.166819 -205.449257 -421.654606 -538.937343 -1902.173229 -196.039285 16337.342804 -600.016084 -250.985234 -208.812726 -243.046024 -666.120701 2573.537541 178280.705916 1072108.995512 -542.854830 6235.457656 -643.802076 -529.744973 8457.016380 885070.127193 1218.258268 -415.479624 55884.993514 186321.620343
-9999.0 -9999.0 -9999.0 -9999.0 -9999.0 -9999.0 -9999.0 -9999.0 -294.248683 3341.689440 -184.569790 2900054.235560 -323.749403 1072671.947908 111335.448006 4135353.915704 -1282.630774 -2912.721420 -2999.969698 -3136.842204 -3196.537922 -3494.117148 -3570.080009 -3156.738377 -3276.095197 -2777.632454 -667.450880 4361721.905844 568891.239757 -261.517231 -217.425263 -465.458779 2510469.011345 1473944.771049 -523.359281 -1415.765420 -521.267386 -597.189143 20713.204592 82493.968775 -560.342013 -405.268134 -478.756312 2572.316725 1845117.435781 -457.672735 -185.873354 -274.225576 2909906.771547 950.583083 -1016.143714 -383.592380 538363.611504 980393.301840 14276.103161 137.510354 -277.289120
-9999.0 -9999.0 -9999.0 -9999.0 -9999.0 -9999.0 -9999.0 -9999.0 -131.430329 -550.778236 30603.881585 368382.906984 -376.260530 1271446.758269 3837846.394811 -532.014613 -2855.951907 -2950.032217 -3156.767468 -3003.050744 -3126.755860 -3147.675279 -3360.113505 -3270.875464 -2794.687197 -1434.840940 121599.754137 4265163.615393 -583.106578 644832.450741 106527.370906 24652.500480 -229.966075 127.691083 6.728815 -2323.353789 -3022.711067 -2780.912811 -842.414210 -334.668784 -832.394972 -892.985645 -818.120141 -4754.453521 -367.728413 -350.791415 -1076.172387 -696.209530 -420.801854 189217.331525 -144.602669 -1485.415943 -486.896006 8072.854166 -267.149825 -404.061570 -1414.073792
-9999.0 -9999.0 -9999.0 -9999.0 -9999.0 -9999.0 -9999.0 -9999.0 2954.653787 -333.720117 -4398115.685183 4297478.994882 3955265.282127 2591615.060056 -447.478892 -1347.252174 -1225.445734 -2637.271998 -2230.843346 -2810.334042 -2927.672058 -3058.748134 -3045.323336 -2979.419482 -3189.409046 -1626.937636 4267577.618869 813.467914 -577.347532 19.677306 1957931.762367 -390.025356 -982.786916 -572.522731 -876.957360 -2690.988952 -2832.821120 -2865.649368 -2831.231605 -1044.661979 -1153.858639 -1411.059570 -773.164055 -530.265260 136502.838305 -960.742404 8365.539741 16990.664578 14740.685548 -374.865316 -1402.885644 -2316.102447 -1604.887502 -909.401798 -573.544668 -666.053775 -1164.382229
