user2019/resources/simulation/Vinschgau/output-maps/psiL0005N0192.asc
ncols         63
nrows         48
xllcorner     598000.000000
yllcorner     5145000.000000
cellsize      1000.000000
NODATA_value  -9999.0
[rows 0 to 25 of 48, columns 0 to 57 of 63]
-9999.0 -9999.0 -9999.0 -9999.0 -9999.0 -9999.0 -9999.0 -9999.0 -9999.0 -9999.0 -9999.0 -9999.0 -9999.0 -9999.0 -9999.0 -9999.0 -9999.0 -9999.0 -9999.0 -9999.0 -9999.0 -9999.0 -9999.0 -9999.0 -9999.0 -9999.0 -9999.0 -9999.0 -9999.0 -9999.0 -9999.0 -9999.0 -9999.0 -9999.0 -9999.0 -9999.0 -9999.0 -9999.0 -9999.0 -9999.0 -9999.0 -9999.0 -9999.0 -9999.0 -9999.0 -9999.0 -9999.0 -9999.0 -9999.0 -9999.0 -9999.0 -9999.0 -9999.0 -9999.0 -9999.0 -9999.0 -9999.0 -9999.0
-9999.0 -9999.0 -9999.0 -9999.0 -9999.0 -9999.0 -9999.0 -9999.0 -9999.0 -9999.0 -9999.0 -9999.0 -9999.0 -9999.0 -9999.0 -9999.0 -9999.0 -9999.0 -9999.0 -9999.0 -9999.0 -9999.0 -9999.0 -9999.0 -9999.0 -9999.0 -9999.0 -894.946289 -1207.002696 -897.092184 -1355.917970 -896.310068 -896.329541 -9999.0 -9999.0 -9999.0 -9999.0 -9999.0 -9999.0 -9999.0 -9999.0 -9999.0 -9999.0 -9999.0 -9999.0 -9999.0 -9999.0 -9999.0 -9999.0 -9999.0 -9999.0 -9999.0 -9999.0 -9999.0 -9999.0 -9999.0 -9999.0 -9999.0
-9999.0 -9999.0 -9999.0 -9999.0 -9999.0 -9999.0 -9999.0 -9999.0 -9999.0 -9999.0 -9999.0 -9999.0 -9999.0 -9999.0 -9999.0 -9999.0 -9999.0 -9999.0 -9999.0 -9999.0 -9999.0 -9999.0 -9999.0 -9999.0 -761.326458 -730.877045 -628.977111 -698.532087 -663.046951 -1511.927256 -1342.972319 -9999.0 -9999.0 -9999.0 -9999.0 -9999.0 -9999.0 -9999.0 -9999.0 -9999.0 -9999.0 -9999.0 -9999.0 -9999.0 -9999.0 -9999.0 -9999.0 -9999.0 -9999.0 -9999.0 -9999.0 -9999.0 -9999.0 -9999.0 -9999.0 -9999.0 -9999.0 -9999.0
-9999.0 -9999.0 -9999.0 -9999.0 -9999.0 -9999.0 -9999.0 -9999.0 -9999.0 -9999.0 -9999.0 -9999.0 -9999.0 -9999.0 -9999.0 -9999.0 -9999.0 -9999.0 -9999.0 -9999.0 -9999.0 -9999.0 -9999.0 -709.396410 -632.207702 -223.485027 -199.578143 -229.115956 -210.110501 -1524.342883 -971.163386 -1305.411510 -9999.0 -9999.0 -9999.0 -9999.0 -9999.0 -9999.0 -9999.0 -9999.0 -9999.0 -9999.0 -9999.0 -9999.0 -9999.0 -9999.0 -9999.0 -9999.0 -9999.0 -9999.0 -9999.0 -9999.0 -9999.0 -9999.0 -9999.0 -9999.0 -9999.0 -9999.0
-9999.0 -9999.0 -9999.0 -9999.0 -9999.0 -9999.0 -9999.0 -9999.0 -9999.0 -9999.0 -9999.0 -9999.0 -9999.0 -9999.0 -9999.0 -9999.0 -9999.0 -9999.0 -207.676909 -263.307530 -9999.0 -690.293304 -539.923431 -214.455644 997.090870 -215.461064 -472.535581 -493.130189 868.905071 -244.431669 -1490.365217 -1041.206968 -896.764324 -894.902928 -9999.0 -9999.0 -9999.0 -9999.0 -9999.0 -9999.0 -9999.0 -9999.0 -9999.0 -9999.0 -9999.0 -9999.0 -9999.0 -9999.0 -9999.0 -9999.0 -9999.0 -9999.0 -9999.0 -9999.0 -9999.0 -9999.0 -9999.0 -9999.0
-9999.0 -9999.0 -9999.0 -9999.0 -9999.0 -9999.0 -9999.0 -9999.0 -9999.0 -9999.0 -9999.0 -9999.0 -9999.0 -9999.0 -9999.0 -9999.0 -9999.0 -255.853087 -196.996947 -119954.195539 -900.164770 -432.553558 -266.007105 -611.036426 -148.418809 -506.671576 -573.518010 -799.076249 -557.998018 -510.539521 -349.359134 -1508.245559 -903.939906 -899.015715 -894.081448 -897.424828 -9999.0 -9999.0 -9999.0 -9999.0 -9999.0 -9999.0 -9999.0 -9999.0 -9999.0 -9999.0 -9999.0 -9999.0 -9999.0 -9999.0 -9999.0 -9999.0 -9999.0 -9999.0 -9999.0 -9999.0 -9999.0 -9999.0
-9999.0 -9999.0 -9999.0 -9999.0 -9999.0 -9999.0 -9999.0 -9999.0 -9999.0 -9999.0 -9999.0 -9999.0 -9999.0 -1563.321290 -282.025435 -220.692330 -230.363108 -911.547089 -258.881620 -261.003218 -193.943830 -66.356034 -211.787729 1082.316931 -681.151325 -666.752127 -978.198241 -1951.784288 -1854.620150 -756.004786 -809.566573 -585.512346 -1384.973553 -1329.395782 -897.589863 -897.575197 -9999.0 -9999.0 -9999.0 -9999.0 -9999.0 -9999.0 -9999.0 -9999.0 -9999.0 -9999.0 -9999.0 -9999.0 -9999.0 -9999.0 -9999.0 -9999.0 -9999.0 -9999.0 -9999.0 -9999.0 -9999.0 -9999.0
-9999.0 -9999.0 -9999.0 -9999.0 -9999.0 -9999.0 -9999.0 -9999.0 -9999.0 -9999.0 -9999.0 -9999.0 -9999.0 -364.674458 1159.711067 -228.583404 -228.928421 -201.288955 -915.422247 -222.484190 -194.127363 -512.608169 952.119792 -409.750733 -390.128993 -1810.131098 -1194.997477 -897.490165 -897.573898 -1516.632975 -685.175610 -1416.776512 -897.479453 -897.596452 -897.624345 -9999.0 -9999.0 -9999.0 -9999.0 -9999.0 -9999.0 -9999.0 -9999.0 -9999.0 -9999.0 -9999.0 -9999.0 -9999.0 -9999.0 -9999.0 -9999.0 -9999.0 -9999.0 -9999.0 -9999.0 -9999.0 -9999.0 -9999.0
-9999.0 -9999.0 -9999.0 -9999.0 -9999.0 -9999.0 -9999.0 -9999.0 -9999.0 -9999.0 -9999.0 -9999.0 -9999.0 -358.676931 929.075775 -227.966209 -223.512796 -223.937264 -913.820957 -223.203366 -250.687242 -1311.957354 -508.770269 -577.337154 -801.981762 -862.141153 -896.521170 -897.382860 -962.640089 -897.454301 -1437.161861 -897.529510 -897.485972 -897.407093 -897.536853 -9999.0 -9999.0 -9999.0 -9999.0 -9999.0 -9999.0 -9999.0 -9999.0 -9999.0 -9999.0 -9999.0 -9999.0 -9999.0 -9999.0 -9999.0 -9999.0 -9999.0 -9999.0 -9999.0 -9999.0 -9999.0 -9999.0 -9999.0
-9999.0 -9999.0 -9999.0 -9999.0 -9999.0 -9999.0 -9999.0 -9999.0 -9999.0 -9999.0 -9999.0 -9999.0 -873.129546 1241.367860 1040.856118 -678.815417 -245.208156 -220.565215 796.487043 -333570.234569 -622.535629 -720.666587 -1139.628787 -698.468744 -447.546018 -1419.984124 -693.776398 -1267.052360 -1552.595714 -897.331345 -1450.656467 -895.202730 -1038.570097 -897.573275 -9999.0 -9999.0 -9999.0 -9999.0 -9999.0 -9999.0 -9999.0 -9999.0 -9999.0 -9999.0 -9999.0 -9999.0 -9999.0 -9999.0 -9999.0 -9999.0 -9999.0 -9999.0 -9999.0 -9999.0 -9999.0 -9999.0 -9999.0 -9999.0
-9999.0 -9999.0 -9999.0 -9999.0 -9999.0 -9999.0 -9999.0 -9999.0 -9999.0 -9999.0 -9999.0 -644.431925 -449.511919 -220.157570 -725.089884 -529.905813 -1098.792639 -219.280213 -217.412757 -201154.857114 -181.776250 -315.963690 -1382.094805 -1420.026443 -1670.182338 -1495.417547 -1427.419757 -1454.375702 -628.937526 -897.422314 -894.523640 -1061.074445 -897.152619 -897.768385 -899.224433 -900.700037 -1701.180284 -961.943759 -291.701539 -9999.0 -9999.0 -9999.0 -896.530469 -9999.0 -9999.0 -9999.0 -9999.0 -9999.0 -9999.0 -9999.0 -9999.0 -9999.0 -9999.0 -9999.0 -9999.0 -9999.0 -9999.0 -9999.0
-9999.0 -9999.0 -9999.0 -9999.0 -9999.0 -9999.0 -9999.0 -9999.0 -9999.0 -9999.0 -9999.0 -572.742305 -686.451831 -444.942071 -325.668818 -1346.871668 -602.877588 -236.571623 -217.021391 -217.984659 936.822614 -271.073517 -705.023236 -591.007780 -561.687618 -1477.095357 -1563.241956 -1455.574353 -893.895894 -897.508930 -1507.506430 -1559.006497 -1602.542196 -1271.293917 -1218.725114 -1679.181586 -743.865444 -942.516169 -786.294033 -902.011169 -903.782051 -900.045103 -1320.781444 -896.519567 -9999.0 -9999.0 -9999.0 -220.679626 -1057.745085 -894.978735 -1510.097873 -894.347680 -893.763184 -383.459635 -462.388073 -893.179321 -9999.0 -9999.0
-9999.0 -9999.0 -9999.0 -9999.0 -9999.0 -9999.0 -9999.0 -9999.0 -9999.0 -9999.0 -9999.0 -583.233148 -590.942513 -1488.930758 -362.796803 -1403.505171 -351.367399 -190.916867 815.196469 -218.046229 -219.282737 -820.416937 -426.518114 -667.466523 -1524.764165 -897.140023 -462.908303 -1496.286828 -897.380240 -1408.777725 -897.581483 -1553.073010 -834.186179 -1258.271437 -898.644942 -1085.979776 -531.960630 -1201.094015 -668.005387 -901.163100 -623.428030 -344.648317 -665.698153 -1584.288348 -1313.150697 -9999.0 -897.521849 -1108.648720 -1594.699276 -838.684581 -301.772628 -901.711678 -110.934731 -183.687394 -81.726371 -302.244653 -9999.0 -9999.0
-9999.0 -9999.0 -9999.0 -9999.0 -9999.0 -9999.0 -9999.0 -9999.0 -9999.0 -9999.0 -9999.0 -9999.0 -567.459183 -385.918365 -376.874800 -470.072376 -578.263173 -223.899403 -208.555504 -217.471178 -185.001791 -854.250906 -567.300854 -424.606823 -597.506346 -447.585259 -185.359535 -897.502052 -1473.569721 -894.494698 -1562.338467 -626.896155 -697.660186 -1266.328908 -1653.306416 -1483.005863 -569.223583 -533.055843 -528.883015 -288.972950 -465.345028 -910.838772 -352.820343 -247.308087 -895.101203 -1020.709256 -894.725068 -1185.654806 -1501.953078 -754.663430 -260.971555 -544.185282 -294.141342 -246.668587 -532.984386 -519.003274 -548.906476 -9999.0
-9999.0 -9999.0 -9999.0 -9999.0 -9999.0 -9999.0 -9999.0 -9999.0 -9999.0 -9999.0 -9999.0 -341.851706 -642.455472 -894.999318 -365.294953 -336.400092 -280.494378 -228.292140 926.794079 -120.878687 -234.418931 -143.220356 -265.121690 -830.379202 -440.198297 -247.781931 -364.461779 -1542.885596 -1536.313510 -897.381379 -509.990495 -624.730977 -543.271241 -1354.400626 -1403.469266 -1332.881176 -1387.627001 -1219.303969 -485.231706 -792.997143 -1123.880558 -529.332939 -279.135123 -12187.982345 -243.898876 -1282.427434 -1682.083847 -899.600031 -900.148896 -721.330146 -890.647812 -1568.309445 -579.555508 -889.961392 -898.015128 -897.341863 -893.573321 -9999.0
-9999.0 -9999.0 -9999.0 -9999.0 -9999.0 -9999.0 -9999.0 -9999.0 -9999.0 -9999.0 -335.956474 -420.938214 -357.113925 -790.206786 -258.673270 -270.757267 -592.101444 -652.859415 -224.346873 -220.103104 -209.096296 -221.155703 -995.222824 -229.000133 -296.104423 -333.674714 -1591.313941 -892.258070 -270.933928 -374.184791 -248.383233 -637.986648 -1521.410362 -1322.035423 -897.729229 -896.664230 -909.025021 -567.975709 -765.679820 -726.124848 -993.359325 -1020.251198 -892.708295 -239.663375 -249.242302 -897.669641 -1674.250391 -895.652820 -222.395753 -265.578711 -905.122141 -897.484043 -897.776228 -897.281666 -897.167656 -672.172450 -487.956283 -9999.0
-9999.0 -9999.0 -9999.0 -9999.0 -9999.0 -9999.0 -9999.0 -9999.0 -9999.0 -1700.585692 -281.959798 -313.165092 -256.463568 -414.957281 -234.217864 -638.678092 -582.837110 -242.146521 -220.284295 -33.174440 -231.315899 -368.577939 -466.025914 -218.458151 -328.648902 -1608.493568 -405.069525 -312.287297 -504.760256 -252.141046 -311.850640 -902.924482 -897.634510 -897.537448 -897.570723 -897.948414 -1762.451921 -572.145511 -565.847052 -626.064460 -422.613206 -571.870522 -1530.375124 -231.765247 -140.482520 -528.729449 -187.205542 -1438.632248 -1893.975353 -218.313811 -1034.904586 -893.729309 -897.324166 -897.154428 -895.073895 -1382.283279 -297.773482 -521.895851
-9999.0 -9999.0 -9999.0 -9999.0 -9999.0 -9999.0 -9999.0 -9999.0 -9999.0 -705.580453 -1689.924847 -1373.594018 883.271461 -394.096884 -296.240228 -420.084567 -197.488236 -532.357649 -210.129113 -230.298465 -229.832155 1008.429939 -237.225469 -250.601461 -1523.643731 -451.661607 -289.268486 -262.296796 877.927114 -447.351439 -1641.853813 -1557.953366 -1484.048228 -1172.953764 -1542.801928 -897.903746 -896.766285 -898.577134 -1357.500827 -1816.060549 -356.205838 -1532.922297 -450.132646 -312.311954 -189.019822 -221.941289 1446.923207 -191.554807 -290.015556 -253.117582 -895.991161 -1405.835817 -897.281521 -1424.433394 -897.286778 -243.473754 -645.179009 -548.923259
-9999.0 -9999.0 -9999.0 -9999.0 -9999.0 -9999.0 -9999.0 -9999.0 -9999.0 -9999.0 -1396.006584 -1828.605829 -552.515326 -215.364356 -918.564056 -327.824235 -473.416572 1155.727534 -169.598246 -215.458504 -216.256702 -196.071085 -312.875533 -635.685188 -495.439876 -291.561736 857.840777 927.388151 -1695.774106 -602.180098 -1585.576624 -382.507036 -1475.888647 -1488.345688 -1481.355844 -489.414213 -276.455006 -398.280919 -894.377462 -1391.603853 -1365.683689 -713.784009 -738.043979 -1478.184796 -1701.822855 -656.494016 -137.733566 -196.942679 -148.315481 -160.152533 -950.279773 -1000.864143 -893.882503 -897.214690 -518.348123 -1435.341091 -520.935063 -228.405857
-9999.0 -9999.0 -9999.0 -9999.0 -9999.0 -9999.0 -9999.0 -9999.0 -9999.0 -9999.0 -1241.630001 -1435.037098 -582.126012 -267.573054 -216.121979 1024.218478 -347.344908 -224.797285 38.063079 473.725519 -228.963428 -211.001898 -242.603038 -558.052344 -352.938412 980.335082 -213.899122 -236.203816 -547.162208 -1549.399853 -1496.876809 -567.830913 -899.795089 -1519.340009 -1494.293704 -630.061021 -425.604535 -789.039849 -1532.341663 -1442.621542 -1214.935351 -894.920366 -563.513431 -1444.862112 -430.311245 -860.183059 -808.854078 -1646.425144 -107.146296 -155.691879 -149.951347 -1723.999076 -582.596266 -893.869086 -892.606124 -893.609612 -1417.848191 -610.252837
-9999.0 -9999.0 -9999.0 -9999.0 -9999.0 -9999.0 -9999.0 -9999.0 -324.513156 -884.266487 -814.024552 -583.921322 -655.576825 -746.089176 -431.472354 -217.885668 -71.620254 1947.155122 84.327469 -51.088637 -36.870238 -197.236783 -243.332044 -240.018728 -153.535774 70.578975 -155.063361 -534.729125 -546.769993 -1569.436651 -897.424602 -1422.814334 -1383.829824 -1403.704385 -1231.250556 -1529.669570 -1824.844617 -657.597445 -1450.409477 -894.177010 -897.647163 -612.714325 -890.145314 -897.600581 -898.728920 -772.258976 -1513.564100 -650.668867 -126.818414 1093.697583 1095.490119 -293.709415 -667.764828 -1407.406186 -894.235607 -78.950216 -498.415400 -56.054057
-9999.0 -9999.0 -9999.0 -9999.0 -9999.0 -9999.0 -9999.0 -9999.0 -910.373480 -449.880670 -1391.335512 -1601.736999 -1308.499264 -493.972406 -537.096438 -212.151091 1112.023553 -180.215304 -40.724537 -205.499588 -85.071737 175.318023 -204.016685 -142.567464 -229.897700 -109.434157 -207.158779 -728.434892 -890.289760 -1473.095568 -1134.852170 -899.137201 -1466.327882 -894.630178 -823.964942 -791.651417 -1151.303976 -288.150709 -1441.052025 -1673.965159 -1526.634159 -897.416533 -897.630093 -1601.722981 -600.560373 -556.318221 -892.205037 -1353.641823 -1860.974158 988.948357 885.887428 -403.232755 -547.213378 -285.657720 -263.016648 -1296.945200 -635.574768 -168.084864
-9999.0 -9999.0 -9999.0 -9999.0 -9999.0 -9999.0 -9999.0 -9999.0 -1711.486374 -1533.099346 -560.888106 -1521.506011 -618.998155 -901.594072 -271.497111 -1442.405660 -166.606635 823.789109 -372.147643 -128.209961 -48.366909 156.322454 79.970543 414.625934 236.744438 -225.960452 1042.932304 -423.932066 -920.979013 -1641.538149 -899.215696 -619.335447 -592.684973 -1027.201873 -773.682378 -423.845695 -1791.564836 -310.116105 -1494.224382 -1468.273718 -1262.196926 -893.866606 -787.915053 -524.329678 -551.957114 -622.172436 -895.027417 -484.332618 -533.733158 -122.385587 7952.301724 1136.684746 -1182.793150 -1401.934124 -177.389018 907.562624 917.427436 1737.940217
-9999.0 -9999.0 -9999.0 -9999.0 -9999.0 -9999.0 -9999.0 -9999.0 -897.495997 -1587.702294 -221.992252 -1016.922317 -251.805415 -226.853182 -246.360072 905.210613 437.392243 -241.395148 -218.874340 -204.524687 405.911574 27.560846 12.317911 341.869122 -226.669548 984.170250 -258.736429 -833.825794 -232.506413 -279.856841 -1432.321852 -1776.001813 -280.080143 -249.389273 -1003.217462 -1421.521391 -1449.894932 1127.601813 -1511.026403 -1531.647173 -1646.135682 -1541.819708 -1456.486202 -900.369322 -739.930447 -898.148426 -145.961310 -899.805006 -724.744532 -1403.943593 1200.708169 8117.272295 1328.138900 858.099176 1177.881752 1114.227022 1355.754683 1143.262489
-9999.0 -9999.0 -9999.0 -9999.0 -9999.0 -9999.0 -9999.0 -9999.0 -535.321709 -729.291816 -223.248138 -542.171452 -243.457432 1218.726468 818.646306 -216.677982 -209.402828 -221.225297 924.747128 -172.188762 26.723818 -129.426265 -82.744502 430.952289 994.167367 876.665123 -459.988823 -282.980267 -241.588733 -171.263876 -529.695614 -105.321030 -169.795634 -222.341345 -1426.185867 -1455.922364 -499.021239 865.297254 -161.356592 -646.844189 -1523.426376 -1447.146655 -402.218657 -624.097447 -1437.405188 -1019.056932 -1478.126830 -255.823970 -470.026648 -170.379172 -164.743038 1180.882775 7007.923720 3912.197071 4149.170357 4315.519093 5673.991251 5414.547046
-9999.0 -9999.0 -906.133423 -667.140745 -592.705912 -708.198627 -569.856452 -655.812597 -697.353885 -780.135436 -660.955327 -199.626217 1278.375652 900.376849 789.734604 -192.285413 -130.932152 -563.284285 -718.980993 1078.552000 -134.106751 -88.695829 256.438617 -75.394902 -217.497400 898.820626 764.487615 846.592412 889.325980 882.672821 -273.523787 -220.861661 886.578220 1059.314965 1095.657565 1156.127153 1005.645107 806.636753 -130.176726 -229.347350 -382.287024 -135.901354 -103.360776 1134.353691 -443.617796 -226.589672 954.607580 1024.165701 -181.982100 3056.258463 3301.607826 3309.554057 5642.586918 6926.345113 6985.794214 4459.042954 5780.874768 4692.960952
