user2019/resources/simulation/Vinschgau/output-maps/psiL0006N1071.asc
ncols         63
nrows         48
xllcorner     598000.000000
yllcorner     5145000.000000
cellsize      1000.000000
NODATA_value  -9999.0
[rows 0 to 25 of 48, columns 0 to 58 of 63]
-9999.0 -9999.0 -9999.0 -9999.0 -9999.0 -9999.0 -9999.0 -9999.0 -9999.0 -9999.0 -9999.0 -9999.0 -9999.0 -9999.0 -9999.0 -9999.0 -9999.0 -9999.0 -9999.0 -9999.0 -9999.0 -9999.0 -9999.0 -9999.0 -9999.0 -9999.0 -9999.0 -9999.0 -9999.0 -9999.0 -9999.0 -9999.0 -9999.0 -9999.0 -9999.0 -9999.0 -9999.0 -9999.0 -9999.0 -9999.0 -9999.0 -9999.0 -9999.0 -9999.0 -9999.0 -9999.0 -9999.0 -9999.0 -9999.0 -9999.0 -9999.0 -9999.0 -9999.0 -9999.0 -9999.0 -9999.0 -9999.0 -9999.0 -9999.0
-9999.0 -9999.0 -9999.0 -9999.0 -9999.0 -9999.0 -9999.0 -9999.0 -9999.0 -9999.0 -9999.0 -9999.0 -9999.0 -9999.0 -9999.0 -9999.0 -9999.0 -9999.0 -9999.0 -9999.0 -9999.0 -9999.0 -9999.0 -9999.0 -9999.0 -9999.0 -9999.0 -796.196722 -33.274211 -797.520937 -24.947931 -43.225259 -12.834309 -9999.0 -9999.0 -9999.0 -9999.0 -9999.0 -9999.0 -9999.0 -9999.0 -9999.0 -9999.0 -9999.0 -9999.0 -9999.0 -9999.0 -9999.0 -9999.0 -9999.0 -9999.0 -9999.0 -9999.0 -9999.0 -9999.0 -9999.0 -9999.0 -9999.0 -9999.0
-9999.0 -9999.0 -9999.0 -9999.0 -9999.0 -9999.0 -9999.0 -9999.0 -9999.0 -9999.0 -9999.0 -9999.0 -9999.0 -9999.0 -9999.0 -9999.0 -9999.0 -9999.0 -9999.0 -9999.0 -9999.0 -9999.0 -9999.0 -9999.0 -103.553852 -107.547629 -92.143804 -88.531396 -55.917458 -28.221227 -28.692811 -9999.0 -9999.0 -9999.0 -9999.0 -9999.0 -9999.0 -9999.0 -9999.0 -9999.0 -9999.0 -9999.0 -9999.0 -9999.0 -9999.0 -9999.0 -9999.0 -9999.0 -9999.0 -9999.0 -9999.0 -9999.0 -9999.0 -9999.0 -9999.0 -9999.0 -9999.0 -9999.0 -9999.0
-9999.0 -9999.0 -9999.0 -9999.0 -9999.0 -9999.0 -9999.0 -9999.0 -9999.0 -9999.0 -9999.0 -9999.0 -9999.0 -9999.0 -9999.0 -9999.0 -9999.0 -9999.0 -9999.0 -9999.0 -9999.0 -9999.0 -9999.0 -110.312879 -69.589837 -734.124405 -899.284323 -26267.779005 -613.193965 -38.864127 -32.056301 -26.519549 -9999.0 -9999.0 -9999.0 -9999.0 -9999.0 -9999.0 -9999.0 -9999.0 -9999.0 -9999.0 -9999.0 -9999.0 -9999.0 -9999.0 -9999.0 -9999.0 -9999.0 -9999.0 -9999.0 -9999.0 -9999.0 -9999.0 -9999.0 -9999.0 -9999.0 -9999.0 -9999.0
-9999.0 -9999.0 -9999.0 -9999.0 -9999.0 -9999.0 -9999.0 -9999.0 -9999.0 -9999.0 -9999.0 -9999.0 -9999.0 -9999.0 -9999.0 -9999.0 -9999.0 -9999.0 -278.241609 -101.695361 -9999.0 -106.594446 -73.170937 -2703.896523 -662.246484 -21536.487404 -330.068412 -264.651160 -145.215119 -577.832702 -36.620144 -27.352159 -797.600488 -796.997899 -9999.0 -9999.0 -9999.0 -9999.0 -9999.0 -9999.0 -9999.0 -9999.0 -9999.0 -9999.0 -9999.0 -9999.0 -9999.0 -9999.0 -9999.0 -9999.0 -9999.0 -9999.0 -9999.0 -9999.0 -9999.0 -9999.0 -9999.0 -9999.0 -9999.0
-9999.0 -9999.0 -9999.0 -9999.0 -9999.0 -9999.0 -9999.0 -9999.0 -9999.0 -9999.0 -9999.0 -9999.0 -9999.0 -9999.0 -9999.0 -9999.0 -9999.0 -1197.062573 -1113.279506 -260625.331436 -798.438923 240.551865 -527.137286 -422.556930 -340.927378 -486.534097 -312.315147 -239.852785 -334.638687 -141.406055 -72.862511 -29.049030 -804.921095 -804.341576 -798.313815 -797.414556 -9999.0 -9999.0 -9999.0 -9999.0 -9999.0 -9999.0 -9999.0 -9999.0 -9999.0 -9999.0 -9999.0 -9999.0 -9999.0 -9999.0 -9999.0 -9999.0 -9999.0 -9999.0 -9999.0 -9999.0 -9999.0 -9999.0 -9999.0
-9999.0 -9999.0 -9999.0 -9999.0 -9999.0 -9999.0 -9999.0 -9999.0 -9999.0 -9999.0 -9999.0 -9999.0 -9999.0 -39.357365 -336.770876 -871.747848 -1316.145010 -802.728463 -1161.330999 -13481.638373 -716.980894 -499.299181 -891.815101 -321.178135 -339.843777 -96.469770 -157061.690421 -240.836182 -234.374006 -329.409372 9309.858817 -41.258102 -26.787562 -24.915756 -795.680799 -797.186757 -9999.0 -9999.0 -9999.0 -9999.0 -9999.0 -9999.0 -9999.0 -9999.0 -9999.0 -9999.0 -9999.0 -9999.0 -9999.0 -9999.0 -9999.0 -9999.0 -9999.0 -9999.0 -9999.0 -9999.0 -9999.0 -9999.0 -9999.0
-9999.0 -9999.0 -9999.0 -9999.0 -9999.0 -9999.0 -9999.0 -9999.0 -9999.0 -9999.0 -9999.0 -9999.0 -9999.0 194.253796 -800.518010 -967.100521 -1203.904169 -526.078153 -804.070884 -1034.128938 -5456.095510 -271.211143 -624.384350 -393.808918 -352.173876 -289.828693 -35.431716 -797.225022 -796.930487 -207.408835 -147.464755 -26.621912 -797.716493 -797.844871 -797.458799 -9999.0 -9999.0 -9999.0 -9999.0 -9999.0 -9999.0 -9999.0 -9999.0 -9999.0 -9999.0 -9999.0 -9999.0 -9999.0 -9999.0 -9999.0 -9999.0 -9999.0 -9999.0 -9999.0 -9999.0 -9999.0 -9999.0 -9999.0 -9999.0
-9999.0 -9999.0 -9999.0 -9999.0 -9999.0 -9999.0 -9999.0 -9999.0 -9999.0 -9999.0 -9999.0 -9999.0 -9999.0 -924.977012 733.703259 -858.750705 -990.019734 -1116.705218 -804.805360 -1233.515110 -504.153717 -152422.907280 -418.187061 -365.953214 -433.923077 -402.440675 -797.624769 -797.587210 -28.331792 -797.867111 -26.007473 -796.303262 -797.949725 -795.132443 -797.641258 -9999.0 -9999.0 -9999.0 -9999.0 -9999.0 -9999.0 -9999.0 -9999.0 -9999.0 -9999.0 -9999.0 -9999.0 -9999.0 -9999.0 -9999.0 -9999.0 -9999.0 -9999.0 -9999.0 -9999.0 -9999.0 -9999.0 -9999.0 -9999.0
-9999.0 -9999.0 -9999.0 -9999.0 -9999.0 -9999.0 -9999.0 -9999.0 -9999.0 -9999.0 -9999.0 -9999.0 -840.596941 6621.218600 -849.976229 -430.922554 -662.141312 -878.718698 -578.444661 -151806.718693 -572.367243 -357.955976 -8994.517732 -246.459451 3459.452067 -32.967059 52.223841 -30.595737 -25.389279 -797.034076 -30.510725 -797.067048 -23.729175 -797.790945 -9999.0 -9999.0 -9999.0 -9999.0 -9999.0 -9999.0 -9999.0 -9999.0 -9999.0 -9999.0 -9999.0 -9999.0 -9999.0 -9999.0 -9999.0 -9999.0 -9999.0 -9999.0 -9999.0 -9999.0 -9999.0 -9999.0 -9999.0 -9999.0 -9999.0
-9999.0 -9999.0 -9999.0 -9999.0 -9999.0 -9999.0 -9999.0 -9999.0 -9999.0 -9999.0 -9999.0 1085.115993 -475.015593 413.012336 -774.372306 -123.211681 -152391.400755 -866.042021 -389.387650 -114316.178612 -500.992296 -300.018248 -36.822050 -34.341847 -228.297408 -27.043564 -24.789296 -25.986639 3568.860385 -794.790821 -797.238922 -25.422756 -796.353436 -797.427981 -797.185311 -799.117928 -163.486459 -293.221106 -670.191086 -9999.0 -9999.0 -9999.0 -800.157119 -9999.0 -9999.0 -9999.0 -9999.0 -9999.0 -9999.0 -9999.0 -9999.0 -9999.0 -9999.0 -9999.0 -9999.0 -9999.0 -9999.0 -9999.0 -9999.0
-9999.0 -9999.0 -9999.0 -9999.0 -9999.0 -9999.0 -9999.0 -9999.0 -9999.0 -9999.0 -9999.0 864.351734 -591.602131 -6146.303328 -1079.606289 -46.167505 -1301.899542 -1349.417671 -533.001534 -501.704996 -359.220549 -30.960528 -3.333816 -140.106399 -125.565206 -27.082359 -31.979426 -27.684792 -792.824178 -797.121814 -24.694507 -23.790913 -30.473497 -23.615575 -37.275807 -37.694055 -80.434347 -268.980570 -273.040865 -801.425234 -800.214616 -796.956186 -25.492753 -796.749568 -9999.0 -9999.0 -9999.0 845.220076 -23.626650 -796.031495 -24.337285 -796.247122 -795.994752 849.712993 842.557999 -788.438733 -9999.0 -9999.0 -9999.0
-9999.0 -9999.0 -9999.0 -9999.0 -9999.0 -9999.0 -9999.0 -9999.0 -9999.0 -9999.0 -9999.0 659.225948 -94.979379 -208.476110 -153.829635 -29.606434 -362.154023 -963.553785 -697.248139 -557.069657 -560.856328 -320.157746 -185.104856 -39.091182 -26.842998 -798.602182 -141.793413 -16.248837 -796.711917 -26.027330 -796.564991 -134.391380 -27.196613 -26.948948 -796.830618 -66.879907 -181.545039 -1603.249052 -263.318808 -803.656995 -250.420623 -356.059985 -33.023007 -28.261710 -28.170197 -9999.0 -797.691578 -23.618431 -24.264743 -24.910875 -26.976998 -797.218937 -25.574786 -23.316304 -21.251889 -24.383950 -9999.0 -9999.0 -9999.0
-9999.0 -9999.0 -9999.0 -9999.0 -9999.0 -9999.0 -9999.0 -9999.0 -9999.0 -9999.0 -9999.0 -9999.0 1062.223529 1106.763523 -22.335416 -13.449277 -543.840871 -966.373310 -487.591632 -526.358860 -744.808768 -375.130944 -252.868525 -135.257439 -141.546628 -161.485373 934.374507 -35.291322 -25.042146 -796.394772 -27.415923 -130.401591 -42.230487 -25.472069 -26.930156 -70.658391 -1505.959096 -3317.367613 -558.984444 -607.816420 -1672.708908 -801.515724 -262.879212 -38.621513 -797.854578 -25.448204 -796.913486 -24.211971 -206.631399 -135.587034 970.110691 -98.610830 1564.373157 780.414455 -98.770250 -57.300052 -59.206251 -9999.0 -9999.0
-9999.0 -9999.0 -9999.0 -9999.0 -9999.0 -9999.0 -9999.0 -9999.0 -9999.0 -9999.0 -9999.0 955.235428 -90.110682 -42.587935 -185.689127 -258.021451 -258.656564 -763.098269 -527.149530 -763.806972 -880.670512 -384.821444 -158.643903 -253.801879 -179.752167 -149.859000 985.843936 -27.363153 -32.202015 -797.942490 -132.792041 -137.981599 -25.625817 -25.218069 -27.717021 -32.701686 -257.156131 -13182.365265 -1276.578695 -254.339657 -7143.619786 -1654.837410 -232.605209 -196124.696759 -41.104212 -31.403568 -25.098463 -797.954857 -798.739896 -1886.425164 -148576.734055 -24.684572 -100.162065 -104221.479953 -136233.721175 -797.851108 -796.148746 -9999.0 -9999.0
-9999.0 -9999.0 -9999.0 -9999.0 -9999.0 -9999.0 -9999.0 -9999.0 -9999.0 -9999.0 3118.944684 -143.602745 -83.308418 -83.988056 980.926198 -42.960249 -71.037557 -512.757964 -917.686079 -744.888803 -414.187136 -263.321039 -181.511169 -53.126538 -268.174167 3049.539783 -174.450163 -150838.137545 -37.676991 -34.972840 -145.099545 -35.812356 -29.154042 -24.315009 -797.294524 -798.475137 -75.368939 -177.054186 -1665.202355 -411.200141 -281.938891 -98245.530390 -484.711061 -273.068888 -218.680977 -798.874945 -25.771179 -246.373147 -159.064277 -238.375022 -150207.976971 -798.032098 -110847.039029 -779.732255 -797.803533 -24.794391 -24.618672 -9999.0 -9999.0
-9999.0 -9999.0 -9999.0 -9999.0 -9999.0 -9999.0 -9999.0 -9999.0 -9999.0 -26.313018 788.837330 793.835092 -158.945593 -193.202408 801.115013 -158.010893 -204.273499 -112.492895 -1022.771932 -842.039097 -457.623474 -804.392238 -239.060753 -462.130855 -345.177045 -130.356312 -160.370494 -37.851807 -265.372378 -206.933233 -320.649923 -798.628901 -796.812664 -797.501561 -796.792126 -797.382396 -27.191996 -152.398739 -160.650705 -173.782933 -199.375405 -267.748624 -166.711246 -775.565628 -188.523654 -248.091335 -40.521695 -268.721224 -246.061859 -334.104743 -3315.780271 -796.905759 -791.267987 -786.655471 -796.451660 -168.578706 -103.852658 -755.211398 -795.824322
-9999.0 -9999.0 -9999.0 -9999.0 -9999.0 -9999.0 -9999.0 -9999.0 -9999.0 -21.179700 -25.708489 -28.776960 5432.830494 -311.222601 -222.232957 -198.979489 -34.152048 -314.210739 -1091.247652 -605.664770 -544.997203 -830.269350 -233.566147 687.318525 -130.724550 -180.635156 -196.889509 -261.293200 -158.526014 179.947833 -69.132559 -136.154301 -25.836799 -25.531241 -25.145080 -799.108446 -798.790475 -798.942802 -37.617470 -29.334840 993.410058 -141.196247 -253.233487 -25.577479 -532.780096 -349.403018 -232.093958 -383.252091 -316.796067 -310.538908 -981.673056 -273.974232 -795.890103 -21.188651 -471.130426 714.797607 -152.973436 -115.169863 -779.723179
-9999.0 -9999.0 -9999.0 -9999.0 -9999.0 -9999.0 -9999.0 -9999.0 -9999.0 -9999.0 -27.953583 -26.807193 -112.227354 2922.669483 -306.052415 -227.558995 -286.410006 -327.678675 -1172.827249 -709.083787 -498.414783 -344.316190 -347.642041 -153.961535 -188.012431 -218.248992 -336.481283 171.994494 -71.827474 -129.654449 -107.533048 5536.633227 -154.386660 -23.980140 -25.964781 -27.459586 -120.656722 -27.604603 -797.005767 -25.379811 -29.846460 215.385012 6892.676162 -161.269469 -163.622722 -430.235362 -171.829675 -291.735984 -465.284959 -300.548253 -1356.654725 -3482.603962 -796.705549 -786.470736 -83.847367 -22.365101 411.711864 10837.961547 -205.060854
-9999.0 -9999.0 -9999.0 -9999.0 -9999.0 -9999.0 -9999.0 -9999.0 -9999.0 -9999.0 -24.645340 -27.346372 -63.069053 -164.160722 183.122978 -621.900968 -547.166288 -797.476687 -937.757835 -1115.978675 -1089.199673 -927.775633 -354.978531 -237.681667 -231.735093 242.375635 -59.834839 -366.866162 -139.363618 -128.858476 -24.893347 -16.294550 -161047.171528 -25.371892 -28.096040 668.634804 3821.622074 -145.846590 -230.625957 -28.519443 -26.321497 -610.402569 -124.825931 -33.655515 891.539335 -661.828354 -220.860951 -165.134012 -182.624469 -119.289163 -180.979750 -232.513615 -104.055989 -795.785592 -792.300341 -795.017268 -23.597201 -168.116175 182.018685
-9999.0 -9999.0 -9999.0 -9999.0 -9999.0 -9999.0 -9999.0 -9999.0 918.210672 -31.237466 -45.852006 -46.216397 -106.036149 -136.955905 -173.157839 -451.787233 -1049.269610 -885.655015 -795.745839 -1291.268475 -1295.305339 -1267.576608 -1113.896962 -912.851761 -464.442030 -268.599019 -185.109213 -144.938098 -117.055981 -175.029745 -797.268801 -24.947804 -26.094561 -27.150787 -26.330444 -30.495227 -44.654294 -154.153071 -130.368850 -796.974687 -797.030808 424.183536 -153618.372090 -797.544093 -799.024793 946.075599 -114.214666 -144.003018 -170.811342 -182.478309 -384.435216 -1094.520111 -113.008022 -214.226698 -797.887690 -24.279251 -774.132775 66.521068 -202.626365
-9999.0 -9999.0 -9999.0 -9999.0 -9999.0 -9999.0 -9999.0 -9999.0 -20.120197 -128.542724 -263.063413 -26.886177 -30.581239 888.106906 -220.867141 -430.366325 -867.893741 -961.585369 -11350.694013 -1298.913476 -578.152505 -700.518842 -723.634090 -947.458302 -1108.373250 -657.546777 -326.335686 -130.495025 -148666.701434 -27.505749 -26.539241 -797.735711 -25.792537 -796.206020 -42.400346 856.185700 -24.473207 -185.099397 -216.766617 -30.361240 -26.597467 -140.364041 -797.614547 -30.343875 3506.758010 -125.496879 -152083.835557 -29.723066 -158.504379 -368.235168 -82.989528 -133.154508 -126.432564 -25.851705 -32.772398 -148220.361888 -239.674069 -255.713386 -165.746943
-9999.0 -9999.0 -9999.0 -9999.0 -9999.0 -9999.0 -9999.0 -9999.0 -24.995005 -17.546973 -74.073578 -225.690807 -43.514394 -148670.848780 -182.579489 -177.855865 -690.439282 -784.168012 -1541.434807 -608.190595 -1314.942658 -802.116572 -783.979203 -1075.002793 -631.327432 -913.672722 -345.073089 -180.168773 -152172.152699 -26.765360 -798.006966 -50.912644 -117.505864 -4670.093977 -46.613360 -26.236990 -182.611493 -35.674786 -88.702395 -200.535726 -27.676674 -797.131182 892.541429 866.732618 -115.776485 671.275392 -798.763846 -65.227065 -135.255765 -158.964538 -388.512888 -358.465088 -157.539098 -152.768645 -241.202637 -114.978516 173.186426 -147.045666 -574.493920
-9999.0 -9999.0 -9999.0 -9999.0 -9999.0 -9999.0 -9999.0 -9999.0 -797.066756 -27.186089 940.190780 -203447.790680 -36.240795 791.983672 -1849.321624 -456.458639 -702.793069 -1391.475091 -551.506387 -1266.178014 -1215.161736 -1120.605331 -771.609822 -906.994839 -913.440091 -605.134354 -321.139097 -156.332221 -67.890563 -257.759363 -257.658931 -230.562694 -33645.797326 -148.921892 -2815.402035 -42.101891 -54.719064 -924.716392 -137.143787 -234.998549 -36.913009 -35.815935 -30.675389 -797.956599 -94.290636 -798.661938 -34.849543 -797.391342 -37.151565 -246.883697 -366.207771 -354.486625 -344.994315 867.896346 264.971044 187.649292 -353.899914 -523.241930 -694.233326
-9999.0 -9999.0 -9999.0 -9999.0 -9999.0 -9999.0 -9999.0 -9999.0 -84.707465 895.046720 5624.263672 -159.383045 -153.776145 -191.218006 184.682895 -281.222830 -282.485821 -870.760339 -684.050000 -968.881017 -1067.037241 -965.518577 -1119.286972 -1176.895376 -652.307720 -636.387946 -241.236077 -220.232737 -281.988682 -177.023408 -161.045315 -314.149792 -40.835891 -152.645828 -258.009494 -261.759189 -458.679332 -1078.983416 -325.077656 -157.590492 -241.707228 -5115.922443 -235.905270 -8175.312928 -235.196514 -38.086671 -237.195102 -228.295320 -241.386295 -267.651623 -202.074923 -695.957592 -451.715506 -324.576700 215.572177 210.253587 -267.710876 -424.938018 -473.179402
-9999.0 -9999.0 -41.801206 -53.842911 665.650604 -172.804936 -121.480865 -115.631806 627.030592 248.680172 -123.568831 963.756175 -191.597014 -105.163541 -83.534463 -53.721942 -154.295619 -189.848509 -182.202728 -478.605369 -971.896499 -898.190304 -532.223704 -1377.335134 -1037.040981 -937.327023 -619.909198 -531.455187 -576.994599 -48.863831 -388.337213 -488.366569 -287.182262 -817.704060 -521.743753 -982.251238 -929.827525 -1476.481427 -636.593395 -312.109863 -1030.697110 -639.748066 -254.757337 -301.227304 -173.325755 -268.222241 -104.578131 -405.971965 -357.785838 -444.519027 -714.776806 -579.010484 -351.257998 -283.838949 -147.559505 -190.131375 -303.109280 -428.108897 -430.920966
