user2019/resources/simulation/Vinschgau/output-maps/psiL0002N1077.asc
ncols         63
nrows         48
xllcorner     598000.000000
yllcorner     5145000.000000
cellsize      1000.000000
NODATA_value  -9999.0
[rows 0 to 25 of 48, columns 0 to 56 of 63]
-9999.0 -9999.0 -9999.0 -9999.0 -9999.0 -9999.0 -9999.0 -9999.0 -9999.0 -9999.0 -9999.0 -9999.0 -9999.0 -9999.0 -9999.0 -9999.0 -9999.0 -9999.0 -9999.0 -9999.0 -9999.0 -9999.0 -9999.0 -9999.0 -9999.0 -9999.0 -9999.0 -9999.0 -9999.0 -9999.0 -9999.0 -9999.0 -9999.0 -9999.0 -9999.0 -9999.0 -9999.0 -9999.0 -9999.0 -9999.0 -9999.0 -9999.0 -9999.0 -9999.0 -9999.0 -9999.0 -9999.0 -9999.0 -9999.0 -9999.0 -9999.0 -9999.0 -9999.0 -9999.0 -9999.0 -9999.0 -9999.0
-9999.0 -9999.0 -9999.0 -9999.0 -9999.0 -9999.0 -9999.0 -9999.0 -9999.0 -9999.0 -9999.0 -9999.0 -9999.0 -9999.0 -9999.0 -9999.0 -9999.0 -9999.0 -9999.0 -9999.0 -9999.0 -9999.0 -9999.0 -9999.0 -9999.0 -9999.0 -9999.0 35.703564 1260.235181 -7.898925 817654.801725 528716.331951 1322159.592727 -9999.0 -9999.0 -9999.0 -9999.0 -9999.0 -9999.0 -9999.0 -9999.0 -9999.0 -9999.0 -9999.0 -9999.0 -9999.0 -9999.0 -9999.0 -9999.0 -9999.0 -9999.0 -9999.0 -9999.0 -9999.0 -9999.0 -9999.0 -9999.0
-9999.0 -9999.0 -9999.0 -9999.0 -9999.0 -9999.0 -9999.0 -9999.0 -9999.0 -9999.0 -9999.0 -9999.0 -9999.0 -9999.0 -9999.0 -9999.0 -9999.0 -9999.0 -9999.0 -9999.0 -9999.0 -9999.0 -9999.0 -9999.0 15.482946 -19.687702 -48.554765 -35.986528 63.843900 -7.116081 57706.969597 -9999.0 -9999.0 -9999.0 -9999.0 -9999.0 -9999.0 -9999.0 -9999.0 -9999.0 -9999.0 -9999.0 -9999.0 -9999.0 -9999.0 -9999.0 -9999.0 -9999.0 -9999.0 -9999.0 -9999.0 -9999.0 -9999.0 -9999.0 -9999.0 -9999.0 -9999.0
-9999.0 -9999.0 -9999.0 -9999.0 -9999.0 -9999.0 -9999.0 -9999.0 -9999.0 -9999.0 -9999.0 -9999.0 -9999.0 -9999.0 -9999.0 -9999.0 -9999.0 -9999.0 -9999.0 -9999.0 -9999.0 -9999.0 -9999.0 577.155737 4874.710554 -1105.546376 -1380.721302 -2655.673757 -560.549034 -30.503251 -29.424018 508619.617950 -9999.0 -9999.0 -9999.0 -9999.0 -9999.0 -9999.0 -9999.0 -9999.0 -9999.0 -9999.0 -9999.0 -9999.0 -9999.0 -9999.0 -9999.0 -9999.0 -9999.0 -9999.0 -9999.0 -9999.0 -9999.0 -9999.0 -9999.0 -9999.0 -9999.0
-9999.0 -9999.0 -9999.0 -9999.0 -9999.0 -9999.0 -9999.0 -9999.0 -9999.0 -9999.0 -9999.0 -9999.0 -9999.0 -9999.0 -9999.0 -9999.0 -9999.0 -9999.0 -491.236154 64.532110 -9999.0 1153.423113 36.826472 -1257.149275 -952.707774 -2824.357454 -526.865606 -474.334764 -335.889073 1022.192626 1303.891112 -23.268885 0.430429 107.010115 -9999.0 -9999.0 -9999.0 -9999.0 -9999.0 -9999.0 -9999.0 -9999.0 -9999.0 -9999.0 -9999.0 -9999.0 -9999.0 -9999.0 -9999.0 -9999.0 -9999.0 -9999.0 -9999.0 -9999.0 -9999.0 -9999.0 -9999.0
-9999.0 -9999.0 -9999.0 -9999.0 -9999.0 -9999.0 -9999.0 -9999.0 -9999.0 -9999.0 -9999.0 -9999.0 -9999.0 -9999.0 -9999.0 -9999.0 -9999.0 -2927.194101 -2821.372613 -1090.983345 -33.153588 25803.507007 990.106945 -495.051870 -544.793724 1153.416154 2335542.258141 1167.282755 2080544.501083 -288.894171 78.144397 4296.648621 -34.215444 -4.741081 -14.917955 -13.492075 -9999.0 -9999.0 -9999.0 -9999.0 -9999.0 -9999.0 -9999.0 -9999.0 -9999.0 -9999.0 -9999.0 -9999.0 -9999.0 -9999.0 -9999.0 -9999.0 -9999.0 -9999.0 -9999.0 -9999.0 -9999.0
-9999.0 -9999.0 -9999.0 -9999.0 -9999.0 -9999.0 -9999.0 -9999.0 -9999.0 -9999.0 -9999.0 -9999.0 -9999.0 7.279030 -569.900139 -2543.374639 -2903.901915 -7223.992796 -2894.529729 -2889.383407 -1538.640455 -731.592292 -1176.674694 -536.229976 119.276887 257.157422 645281.381458 1357083.366874 1223759.405264 31005.641686 1472561.493256 1392.937486 167.086986 -100.369507 -14.477877 -0.937344 -9999.0 -9999.0 -9999.0 -9999.0 -9999.0 -9999.0 -9999.0 -9999.0 -9999.0 -9999.0 -9999.0 -9999.0 -9999.0 -9999.0 -9999.0 -9999.0 -9999.0 -9999.0 -9999.0 -9999.0 -9999.0
-9999.0 -9999.0 -9999.0 -9999.0 -9999.0 -9999.0 -9999.0 -9999.0 -9999.0 -9999.0 -9999.0 -9999.0 -9999.0 -194.260846 -2094.662006 -2789.406652 -2857.554622 -1145.651684 -7245.883431 -2764.646302 -2866.840811 -1996.729372 -1168.345596 -635.565095 -346.836047 13935.374639 4653.665745 -1.398131 70.114532 1857102.515432 1775508.311230 -25.229741 217.358247 -46.697981 4428.255685 -9999.0 -9999.0 -9999.0 -9999.0 -9999.0 -9999.0 -9999.0 -9999.0 -9999.0 -9999.0 -9999.0 -9999.0 -9999.0 -9999.0 -9999.0 -9999.0 -9999.0 -9999.0 -9999.0 -9999.0 -9999.0 -9999.0
-9999.0 -9999.0 -9999.0 -9999.0 -9999.0 -9999.0 -9999.0 -9999.0 -9999.0 -9999.0 -9999.0 -9999.0 -9999.0 -2660.469301 561.325377 -2817.366383 -2775.691890 -2833.638154 -7280.523430 -2888.501696 -928.429675 -135.376934 974.600571 468891.357117 -579.988574 116.264368 -24.470535 15.848696 30535.130118 -42.717942 50104.350103 -21.837042 -38.168995 -24.853414 -1.334239 -9999.0 -9999.0 -9999.0 -9999.0 -9999.0 -9999.0 -9999.0 -9999.0 -9999.0 -9999.0 -9999.0 -9999.0 -9999.0 -9999.0 -9999.0 -9999.0 -9999.0 -9999.0 -9999.0 -9999.0 -9999.0 -9999.0
-9999.0 -9999.0 -9999.0 -9999.0 -9999.0 -9999.0 -9999.0 -9999.0 -9999.0 -9999.0 -9999.0 -9999.0 -1139.436370 6446.849057 -2433.653713 -717.352819 -1650.656352 -2582.063654 -1499.098197 -7007.458419 -905.451361 4014.771350 472927.916506 70140.932484 1667460.261881 3575.234258 1660857.202953 -19.625590 -31.086213 9617.418284 12250.334727 -0.989472 811576.941761 120.231328 -9999.0 -9999.0 -9999.0 -9999.0 -9999.0 -9999.0 -9999.0 -9999.0 -9999.0 -9999.0 -9999.0 -9999.0 -9999.0 -9999.0 -9999.0 -9999.0 -9999.0 -9999.0 -9999.0 -9999.0 -9999.0 -9999.0 -9999.0
-9999.0 -9999.0 -9999.0 -9999.0 -9999.0 -9999.0 -9999.0 -9999.0 -9999.0 -9999.0 -9999.0 18.228759 -788.120280 236.822413 -2109.975738 -344.328830 -7150.158764 -2607.411535 -737.935395 -285.561117 -2800.062797 -503.451726 29.988941 484.404104 282626.588177 542.046173 1120.083859 -22.309673 3930.132199 -1.726939 -1.501035 1390.945098 -20.270256 53.470375 324.358597 2817.395163 641.520165 -11.141199 1719.461650 -9999.0 -9999.0 -9999.0 -12.738195 -9999.0 -9999.0 -9999.0 -9999.0 -9999.0 -9999.0 -9999.0 -9999.0 -9999.0 -9999.0 -9999.0 -9999.0 -9999.0 -9999.0
-9999.0 -9999.0 -9999.0 -9999.0 -9999.0 -9999.0 -9999.0 -9999.0 -9999.0 -9999.0 -9999.0 11.973008 -1028.881105 -1394.826014 -3029.666655 -272.951571 -3187.629252 -2899.327958 -1197.508456 -993.772657 -635.569503 13.381604 -22.952079 1886088.333305 1810865.062679 370.101146 250.318228 -28.812617 3480.709232 0.971899 -109.937883 910.998333 137980.753237 758039.573666 1629.232615 606.466304 1445.408547 322.780134 3168.563717 -2.892851 77.921288 20.868518 57283.897070 17.996737 -9999.0 -9999.0 -9999.0 1251.819607 845576.792072 2293.889321 1291731.196004 339.481100 586.914267 385556.223427 1361800.782513 3547.374343 -9999.0
-9999.0 -9999.0 -9999.0 -9999.0 -9999.0 -9999.0 -9999.0 -9999.0 -9999.0 -9999.0 -9999.0 68.228083 10.015369 314.544590 -377.939475 -346.522149 -595.218039 -2683.791434 -2001.398310 -1212.939881 -1003.650170 1182.878800 1789192.029280 -35.778052 1323.347478 366.157756 1825154.981667 1671827.066726 163.768154 65488.495373 59.199437 1663436.711934 978.385921 398124.272212 8966.153213 999.217245 1672518.979848 1602245.250821 -615.410636 -2.986154 11814.264903 1442.348601 971.832878 -25.845020 760402.261727 -9999.0 38.446763 1227457.553281 14263.859727 3028.858684 1984.902109 -11.668286 -26.603740 -34.174715 10945.585017 840409.066303 -9999.0
-9999.0 -9999.0 -9999.0 -9999.0 -9999.0 -9999.0 -9999.0 -9999.0 -9999.0 -9999.0 -9999.0 -9999.0 1226.937997 1038160.759317 -270.771171 -273.257208 -917.603084 -2617.757629 -990.110775 -1065.267998 -1854.637327 125.211849 734443.529617 1347596.058996 1890516.097585 1906959.874017 2176.471690 6224.546579 68070.323265 35.158234 -30.246830 1746674.632357 75544.770878 1083.086739 859799.530010 8885.001609 1880240.278502 1392066.030859 -519.720368 -251.920133 1173.152115 -23.938342 1728027.466123 217.159432 39.523637 814051.697666 1724.590457 864575.354875 1756220.567291 1743759.378090 343593.979189 1618617.058544 1620226.951343 1615664.014860 1602609.712463 619966.723233 573751.468390
-9999.0 -9999.0 -9999.0 -9999.0 -9999.0 -9999.0 -9999.0 -9999.0 -9999.0 -9999.0 -9999.0 1794494.579970 75.304872 15.192581 1146759.008660 764.552974 -471.686436 -1927.985106 -1046.934373 -2325.863676 -2415.752376 -631.355809 26520.917123 1860972.926291 1880160.321846 1776141.868146 1857010.574176 23.858794 112.175024 5.698271 1890385.480360 1738558.743095 1212.522422 523279.695068 191459.500013 898065.976912 1651.985668 1510693.709619 1184.946764 -643.975981 1339104.989483 4983.890950 1504088.715592 705693.282772 321.595763 -35.889866 -33.985598 -8.173627 -23.788588 58867.059391 615512.085330 146.201480 102305.792068 -25.731353 -25.906657 -24.891363 4403.654750
-9999.0 -9999.0 -9999.0 -9999.0 -9999.0 -9999.0 -9999.0 -9999.0 -9999.0 -9999.0 2185.582710 1183347.688491 49.403311 1299.762003 13.902054 114213.778062 255643.187821 -611.144612 -2655.902053 -2222.150370 -731.494625 -474.805698 2643094.605222 11.335187 187029.732891 1712944.089159 1910010.612372 617659.749180 27194.863718 604.249620 620498.046065 617603.752740 842.743145 160517.398952 -0.772359 64.261468 1017.732754 1447132.767539 1705025.376726 102.622428 67.819576 -25.145750 -22.369871 -439.006234 355876.141781 -5.316342 74136.491956 1709629.557822 1610271.598521 10775.842197 143015.507599 1328.656063 -14.601528 -19.937713 -13.002785 14295.911902 -95.312661
-9999.0 -9999.0 -9999.0 -9999.0 -9999.0 -9999.0 -9999.0 -9999.0 -9999.0 1961.437469 342.821321 152772.442203 695432.386920 1710334.897053 1546829.122540 1017181.422818 140559.658752 -311.398849 -2742.591000 -2606.401119 -826.874046 -1815.371907 -1319.561860 -428.313648 1159.180669 2687878.104272 1944201.159529 42.395243 1710521.386657 433421.280256 953.110699 2573762.306269 50.812891 -24.962663 100.873207 48.920289 927.498226 2044712.554083 1916789.523265 1743726.734590 1179876.226972 2687128.575832 2712398.210207 -1426.666292 -523.360620 68867.821327 17.483823 1768916.790628 1778311.075628 867.264933 1586813.050900 9396.839866 -12.158556 337.817749 319.756332 -65.777718 -109.088010
-9999.0 -9999.0 -9999.0 -9999.0 -9999.0 -9999.0 -9999.0 -9999.0 -9999.0 0.208773 2259.235081 15.139494 4823.150044 5379.232722 251364.661287 1753733.759990 13.369121 -433.173595 -2825.709308 -1525.503149 -1129.798031 -2503.356206 -433.795874 16.351160 2684793.741565 1967206.118934 1760646.038939 48115.467455 -211.009118 -302.912818 97.912320 2451834.457974 34717.790213 78618.498185 862963.038916 62.370960 147.262519 -15.603884 2011.123749 2074.457825 1900706.948455 1947133.350021 1276132.057933 -210.233062 -823.853496 -507.270801 -401.479045 64.174912 1399.728678 165.746687 2587454.970143 1630651.495317 187932.386295 1248976.177838 974772.180585 271635.425750 253674.773792
-9999.0 -9999.0 -9999.0 -9999.0 -9999.0 -9999.0 -9999.0 -9999.0 -9999.0 -9999.0 -28.990799 1260.332183 850656.075854 1393846.435296 1203.537802 109768.373653 4786.367414 -514.866538 -2905.042264 -1928.094763 -952.040390 -2729.864854 1927.703178 2476105.130415 1891375.410254 152510.628804 438.145992 13.510666 79.546901 2669012.692160 2626825.354746 2392355.165349 1804176.573130 43031.674836 567.935150 1741.642536 404.623639 27462.599680 353.866066 3492.517972 -25.502250 6314.555852 4849.053403 69650.492184 191.417067 1082.292225 -1005.207460 -487.754767 -610.521143 252.113875 2521990.432923 684910.855100 347.439392 436597.581704 1224590.421116 1395765.229234 4338.030271
-9999.0 -9999.0 -9999.0 -9999.0 -9999.0 -9999.0 -9999.0 -9999.0 -9999.0 -9999.0 2217.530062 80770.138087 788.146263 68788.838739 14.320880 53.453965 754.480411 -2232.067819 -2843.340969 -2977.202100 -2856.675218 -2408.996239 18415.485684 247517.056430 91592.666617 60.956310 -248.414959 1192.758293 2628689.305199 1857722.823462 204.265354 37.207710 380357.897992 71753.380673 419.770971 33113.385106 359914.391652 1163680.349173 1779806.146277 1213.412190 9588.029665 11462.485301 1670150.350101 1046.678640 62.881801 2652445.887692 8957.742117 656.950766 -1122.311324 -443.161822 1127.188609 1771715.464134 1612942.748076 21001.640466 459483.257873 361918.626023 1516249.125489
-9999.0 -9999.0 -9999.0 -9999.0 -9999.0 -9999.0 -9999.0 -9999.0 6194.164773 -21.974786 1512.890120 1180.357807 1066881.442694 1627539.131403 696283.038447 -691.079575 -2707.517458 -2741.707097 -2681.217761 -3056.646959 -3006.241800 -2958.960679 -2809.102345 -2445.997058 108.019539 -465.722228 -378.399160 2788124.532281 1963766.174602 1809009.877892 -23.720542 -137.875556 -29.837749 -34.459772 308.835328 3815.382110 16.022943 1520628.592525 2674662.936258 83.519023 -3.473667 387.741049 774892.627277 72.967646 -24.098059 2264.483648 2634853.670565 1943029.510039 1074.915661 -353.971087 75.917596 2358985.595485 714660.734954 1477453.262725 49812.389793 686471.911102 36.330922
-9999.0 -9999.0 -9999.0 -9999.0 -9999.0 -9999.0 -9999.0 -9999.0 -288814072.440690 994117.257385 1840965.827090 809.275637 4254.635876 1674361.815471 2685737.397697 5.769609 -2282.103523 -2585.961288 -2999.752681 -3073.214601 -1550.297215 -2595.481151 -2733.488797 -3158.691897 -2840.715877 -1524.815211 -502.236248 1297787.706597 181397.463019 -26.389354 400993.742967 5.997664 1127.188140 -2.168504 1048.201580 996.167856 22.565930 41299.383978 1547541.829586 57.680702 118.312835 9702.872198 -2.263542 65.250862 4416.961860 1617222.625275 658496.183061 1035.765125 1017051.150096 -510.895384 -242.558496 324533.814627 801156.448443 682872.633034 1483.724234 56154.180765 1989624.035491
-9999.0 -9999.0 -9999.0 -9999.0 -9999.0 -9999.0 -9999.0 -9999.0 31.351573 4515.091014 814985.622239 1800526.606407 1911.850734 664060.273213 1818446.767413 2687144.624197 -1023.370521 -1768.596805 -2965.490035 -1678.243798 -3105.772176 -3027.841720 -2984.439498 -3018.107014 -1629.589552 -2466.590889 -495.902086 2757151.940472 327175.592622 -24.972518 -6.228726 610.012305 1842499.729595 1927353.271327 17862.655034 43.150427 60661.083511 13.598539 310977.956826 1864225.437491 69372.894980 -9.376679 18547.148422 4263.140104 1836073.263239 767.058202 72.412764 1058.298836 1943450.102315 648.813285 -541.101604 117.388211 534928.914300 960307.705564 290749.863911 246123.657682 17.982218
-9999.0 -9999.0 -9999.0 -9999.0 -9999.0 -9999.0 -9999.0 -9999.0 8803.132986 1201.110682 398528.691363 226300.184123 1274.060950 1803193.490751 2581077.052555 -185.787021 -2822.097889 -2909.259518 -1077.711453 -2972.732940 -3017.694132 -3022.286002 -2816.179101 -2973.231044 -2582.131636 -875.380250 1071998.277734 2710851.422259 46.164499 2168385.286260 1970806.317988 1944109.516296 11597.775825 1464070.691543 822322.898292 10.378862 -342.547710 -2499.877755 -443.025335 70297.118938 44.847928 7811.314453 -12.643446 -24.876271 22884.463077 -6.589899 10905.860036 -15.720113 4133.244706 1913640.736261 1006.953888 -541.861775 94.051402 219590.842561 62.478909 18.839317 -562.777314
-9999.0 -9999.0 -9999.0 -9999.0 -9999.0 -9999.0 -9999.0 -9999.0 1448728.519997 395.863161 -849.353585 2720251.105976 2614351.597571 2354372.172568 17.754718 -488.668663 -470.550910 -2172.950786 -1067.343955 -2606.506546 -2859.632522 -2872.071723 -2922.633650 -2868.679677 -1293.803674 -1238.838205 2710237.381352 70449.155991 1213.965270 284989.766042 2605243.538036 534.980333 15.856626 -339.106150 289.484905 -449.854075 -1022.888303 -2779.147293 -2792.344961 -334.871452 -128.400886 628.901014 1104.067762 1560.533563 1802184.707311 237.168074 1341876.882210 1605825.981207 856645.217982 814.387077 -335.020861 -1247.270352 -719.043623 -514.292944 35.879188 25.119372 -481.798233
-9999.0 -9999.0 12933.772651 420.401950 -708.452471 1915467.492078 1703191.781727 1853347.181769 220107.484394 153612.107973 1943417.626203 2067708.611579 1976268.189179 111397.946250 -273.419097 -183.938524 753.037716 2696134.473267 1646042.576320 70.119452 -2582.662137 -2730.316465 -973.387034 -2921.513885 -2736.918395 -2405.150952 -525.676836 83.862693 -910.260748 -220.010358 933.278211 -768.329324 -510.103718 -2176.212572 -840.783017 -2625.997878 -2581.496052 -2907.506647 -2859.180967 -2706.254952 -1499.451351 -794.896427 -1328.927963 -478.363531 1074.974157 828.259115 -273.718573 -585.721378 -580.071004 -633.030087 -1325.994411 -990.666747 -578.280272 -491.106351 -349.783261 -409.479707 -514.214608
