user2019/resources/simulation/Vinschgau/output-maps/psiL0002N0611.asc
ncols         63
nrows         48
xllcorner     598000.000000
yllcorner     5145000.000000
cellsize      1000.000000
NODATA_value  -9999.0
[rows 0 to 26 of 48, columns 0 to 60 of 63]
-9999.0 -9999.0 -9999.0 -9999.0 -9999.0 -9999.0 -9999.0 -9999.0 -9999.0 -9999.0 -9999.0 -9999.0 -9999.0 -9999.0 -9999.0 -9999.0 -9999.0 -9999.0 -9999.0 -9999.0 -9999.0 -9999.0 -9999.0 -9999.0 -9999.0 -9999.0 -9999.0 -9999.0 -9999.0 -9999.0 -9999.0 -9999.0 -9999.0 -9999.0 -9999.0 -9999.0 -9999.0 -9999.0 -9999.0 -9999.0 -9999.0 -9999.0 -9999.0 -9999.0 -9999.0 -9999.0 -9999.0 -9999.0 -9999.0 -9999.0 -9999.0 -9999.0 -9999.0 -9999.0 -9999.0 -9999.0 -9999.0 -9999.0 -9999.0 -9999.0 -9999.0
-9999.0 -9999.0 -9999.0 -9999.0 -9999.0 -9999.0 -9999.0 -9999.0 -9999.0 -9999.0 -9999.0 -9999.0 -9999.0 -9999.0 -9999.0 -9999.0 -9999.0 -9999.0 -9999.0 -9999.0 -9999.0 -9999.0 -9999.0 -9999.0 -9999.0 -9999.0 -9999.0 -106.820286 36.871110 -109.575835 48.974351 38.462871 597.854162 -9999.0 -9999.0 -9999.0 -9999.0 -9999.0 -9999.0 -9999.0 -9999.0 -9999.0 -9999.0 -9999.0 -9999.0 -9999.0 -9999.0 -9999.0 -9999.0 -9999.0 -9999.0 -9999.0 -9999.0 -9999.0 -9999.0 -9999.0 -9999.0 -9999.0 -9999.0 -9999.0 -9999.0
-9999.0 -9999.0 -9999.0 -9999.0 -9999.0 -9999.0 -9999.0 -9999.0 -9999.0 -9999.0 -9999.0 -9999.0 -9999.0 -9999.0 -9999.0 -9999.0 -9999.0 -9999.0 -9999.0 -9999.0 -9999.0 -9999.0 -9999.0 -9999.0 34.255990 32.297523 33.471471 32.004096 49.749988 67.478091 36.895599 -9999.0 -9999.0 -9999.0 -9999.0 -9999.0 -9999.0 -9999.0 -9999.0 -9999.0 -9999.0 -9999.0 -9999.0 -9999.0 -9999.0 -9999.0 -9999.0 -9999.0 -9999.0 -9999.0 -9999.0 -9999.0 -9999.0 -9999.0 -9999.0 -9999.0 -9999.0 -9999.0 -9999.0 -9999.0 -9999.0
-9999.0 -9999.0 -9999.0 -9999.0 -9999.0 -9999.0 -9999.0 -9999.0 -9999.0 -9999.0 -9999.0 -9999.0 -9999.0 -9999.0 -9999.0 -9999.0 -9999.0 -9999.0 -9999.0 -9999.0 -9999.0 -9999.0 -9999.0 30.415822 33.532116 -442.819210 -493.846867 -504.512186 -207.727682 31.091533 33.735233 38.126755 -9999.0 -9999.0 -9999.0 -9999.0 -9999.0 -9999.0 -9999.0 -9999.0 -9999.0 -9999.0 -9999.0 -9999.0 -9999.0 -9999.0 -9999.0 -9999.0 -9999.0 -9999.0 -9999.0 -9999.0 -9999.0 -9999.0 -9999.0 -9999.0 -9999.0 -9999.0 -9999.0 -9999.0 -9999.0
-9999.0 -9999.0 -9999.0 -9999.0 -9999.0 -9999.0 -9999.0 -9999.0 -9999.0 -9999.0 -9999.0 -9999.0 -9999.0 -9999.0 -9999.0 -9999.0 -9999.0 -9999.0 28.050517 23.793132 -9999.0 32.241475 32.898498 -460.583101 -505.932094 -691.639141 -423.462267 -363.706711 -555.487652 -401.450315 35.043030 38.868033 -134.858855 -107.334353 -9999.0 -9999.0 -9999.0 -9999.0 -9999.0 -9999.0 -9999.0 -9999.0 -9999.0 -9999.0 -9999.0 -9999.0 -9999.0 -9999.0 -9999.0 -9999.0 -9999.0 -9999.0 -9999.0 -9999.0 -9999.0 -9999.0 -9999.0 -9999.0 -9999.0 -9999.0 -9999.0
-9999.0 -9999.0 -9999.0 -9999.0 -9999.0 -9999.0 -9999.0 -9999.0 -9999.0 -9999.0 -9999.0 -9999.0 -9999.0 -9999.0 -9999.0 -9999.0 -9999.0 -903.720627 -428.010248 -502.742196 -130.568106 -304.831779 -453.257787 -652.351690 -548.721091 -432.994137 -325.755716 30.816549 -395.403207 -174.115050 47.637319 51.024114 -208.196546 -351.912311 -294.245688 -131.445207 -9999.0 -9999.0 -9999.0 -9999.0 -9999.0 -9999.0 -9999.0 -9999.0 -9999.0 -9999.0 -9999.0 -9999.0 -9999.0 -9999.0 -9999.0 -9999.0 -9999.0 -9999.0 -9999.0 -9999.0 -9999.0 -9999.0 -9999.0 -9999.0 -9999.0
-9999.0 -9999.0 -9999.0 -9999.0 -9999.0 -9999.0 -9999.0 -9999.0 -9999.0 -9999.0 -9999.0 -9999.0 -9999.0 29.075359 -340.690292 -646.247073 -801.388802 -138.320087 -853.457199 -655.824043 -540.706215 -697.156812 -771.521602 -556.720162 -410.566568 29.704045 -187.475578 49.790984 -229.174954 -346.096613 6553.206119 82.411093 64.131110 78.554579 -92.090833 -95.940808 -9999.0 -9999.0 -9999.0 -9999.0 -9999.0 -9999.0 -9999.0 -9999.0 -9999.0 -9999.0 -9999.0 -9999.0 -9999.0 -9999.0 -9999.0 -9999.0 -9999.0 -9999.0 -9999.0 -9999.0 -9999.0 -9999.0 -9999.0 -9999.0 -9999.0
-9999.0 -9999.0 -9999.0 -9999.0 -9999.0 -9999.0 -9999.0 -9999.0 -9999.0 -9999.0 -9999.0 -9999.0 -9999.0 29.828481 -408.152809 -693.665961 -661.380671 20.308663 -142.500871 -814.943948 -798.103077 -221.770178 -378.624291 -550.388292 -497.091890 14.385006 28.322073 -95.081471 -92.302363 33.112977 53.919099 41.082475 -90.297674 -68.553885 -70.280927 -9999.0 -9999.0 -9999.0 -9999.0 -9999.0 -9999.0 -9999.0 -9999.0 -9999.0 -9999.0 -9999.0 -9999.0 -9999.0 -9999.0 -9999.0 -9999.0 -9999.0 -9999.0 -9999.0 -9999.0 -9999.0 -9999.0 -9999.0 -9999.0 -9999.0 -9999.0
-9999.0 -9999.0 -9999.0 -9999.0 -9999.0 -9999.0 -9999.0 -9999.0 -9999.0 -9999.0 -9999.0 -9999.0 -9999.0 -480.267865 426.443553 -627.347886 -631.569278 -712.805484 -148.202231 -660.333909 24.922040 -358.180053 34.811499 -390.720323 -334.075539 39.078464 -140.882215 -113.619262 34.594858 -106.105888 47.020792 -6.546587 -71.171968 -14.117020 -69.148198 -9999.0 -9999.0 -9999.0 -9999.0 -9999.0 -9999.0 -9999.0 -9999.0 -9999.0 -9999.0 -9999.0 -9999.0 -9999.0 -9999.0 -9999.0 -9999.0 -9999.0 -9999.0 -9999.0 -9999.0 -9999.0 -9999.0 -9999.0 -9999.0 -9999.0 -9999.0
-9999.0 -9999.0 -9999.0 -9999.0 -9999.0 -9999.0 -9999.0 -9999.0 -9999.0 -9999.0 -9999.0 -9999.0 -603.549803 4241.648835 -551.385307 17.487474 -319.479149 -617.127710 -183.359225 -438.078918 -611.500624 -389.086102 38.217669 25.798143 2316.668803 26.756159 742.461336 31.684007 69.908794 -83.806337 31.914174 -110.990179 54.775700 -80.101158 -9999.0 -9999.0 -9999.0 -9999.0 -9999.0 -9999.0 -9999.0 -9999.0 -9999.0 -9999.0 -9999.0 -9999.0 -9999.0 -9999.0 -9999.0 -9999.0 -9999.0 -9999.0 -9999.0 -9999.0 -9999.0 -9999.0 -9999.0 -9999.0 -9999.0 -9999.0 -9999.0
-9999.0 -9999.0 -9999.0 -9999.0 -9999.0 -9999.0 -9999.0 -9999.0 -9999.0 -9999.0 -9999.0 39.846960 40.368128 151.017467 -174.435754 31.717299 -333.686780 -422.480423 14.330777 -109.991988 -332.839302 22.863896 35.893023 29.017049 74.391281 46.922139 28.796608 38.412070 2260.359961 -76.946670 -105.821614 64.072679 -92.364691 -104.959249 -111.478854 -115.384508 -801.666947 -1386.654890 -1534.027099 -9999.0 -9999.0 -9999.0 -910.220409 -9999.0 -9999.0 -9999.0 -9999.0 -9999.0 -9999.0 -9999.0 -9999.0 -9999.0 -9999.0 -9999.0 -9999.0 -9999.0 -9999.0 -9999.0 -9999.0 -9999.0 -9999.0
-9999.0 -9999.0 -9999.0 -9999.0 -9999.0 -9999.0 -9999.0 -9999.0 -9999.0 -9999.0 -9999.0 35.094456 32.216034 57.226947 22.853688 24.637064 -327.952488 -767.538663 -108.152797 28.169979 31.797601 33.258893 39.467633 32.345120 56.407179 37.211823 30.451233 49.500060 -74.989746 -89.689748 44.605136 126.732231 27.263850 38.076710 21.674835 -376.758113 -2582.097112 -3271.443395 -3218.913443 -83.853607 -81.002249 -96.410576 28.532588 -105.448877 -9999.0 -9999.0 -9999.0 33.891765 38.340319 -109.044688 42.466659 -109.323698 -109.584227 34.619916 49.370912 8.270997 -9999.0 -9999.0 -9999.0 -9999.0 -9999.0
-9999.0 -9999.0 -9999.0 -9999.0 -9999.0 -9999.0 -9999.0 -9999.0 -9999.0 -9999.0 -9999.0 49.177881 26.341896 69.669721 36.081374 30.368463 31.814386 29.289805 27.510010 15.094347 34.786976 35.070305 29.337936 35.945027 33.971808 -106.167717 38.217445 2258.855291 -99.414328 32.287955 -100.499587 122.888493 34.935876 27.624081 -99.523026 -870.812540 -1991.748540 -2765.851477 -3939.631546 -628.703128 -2194.001694 -633.776526 -278.356784 29.197765 29.533273 -9999.0 -106.820160 46.269772 47.572815 51.343106 47.674187 -111.582322 45.463587 42.959249 60.569707 49.059539 -9999.0 -9999.0 -9999.0 -9999.0 -9999.0
-9999.0 -9999.0 -9999.0 -9999.0 -9999.0 -9999.0 -9999.0 -9999.0 -9999.0 -9999.0 -9999.0 -9999.0 44.371558 52.031779 25.022029 29.112843 26.171396 22.115213 29.939849 14.897170 31.900855 41.603081 52.284817 44.782495 30.210270 33.834620 1552.366855 38.631145 42.573446 -110.801562 33.419916 71.445325 29.438269 29.959323 24.247796 -917.626676 -1928.428579 -2839.077568 -4118.667486 -3622.798457 -2996.465643 -88.775270 -615.494418 26.232592 -115.170074 34.804816 -112.462575 38.996629 48.139826 52.860484 18.408552 167.667982 762.420104 162.227802 114.403498 66.929066 45.313416 -9999.0 -9999.0 -9999.0 -9999.0
-9999.0 -9999.0 -9999.0 -9999.0 -9999.0 -9999.0 -9999.0 -9999.0 -9999.0 -9999.0 -9999.0 37.288088 26.675173 34.602756 59.187032 37.587318 36.420545 32.121779 34.340866 -296.858093 38.873771 47.878850 53.660396 25.308241 32.150599 62.223581 42.717147 30.453423 27.665403 -117.692446 37.680799 94.279927 40.795264 30.656425 25.335628 -391.893599 -2338.094914 -2701.421780 -2780.011433 -3786.989352 -1479.749457 -1148.749503 -512.403379 -142.216052 30.614394 30.118138 56.294314 -144.022843 -138.838242 13.406089 -64.821647 39.080963 71.437778 -23.094023 -38.578176 -96.796516 -106.600393 -9999.0 -9999.0 -9999.0 -9999.0
-9999.0 -9999.0 -9999.0 -9999.0 -9999.0 -9999.0 -9999.0 -9999.0 -9999.0 -9999.0 1502.610557 40.586313 27.837962 26.319515 26.117243 1358.134118 1358.240044 19.851636 -513.835453 -363.067773 46.854831 51.005192 25.691001 27.919788 38.717671 1673.711421 33.867608 -104.547231 34.120385 33.944882 81.546055 298.847891 39.830714 37.089422 -109.515045 -133.845462 -907.807189 -1475.232121 -1743.182800 -2278.261520 -1565.828874 -87.488121 -69.980731 -444.291972 23.598066 -105.268073 34.908195 44.872286 56.895531 12.433427 -85.379257 -93.765386 -20.581854 13.413577 -83.917047 55.127551 64.547438 -9999.0 -9999.0 -9999.0 -9999.0
-9999.0 -9999.0 -9999.0 -9999.0 -9999.0 -9999.0 -9999.0 -9999.0 -9999.0 33.758609 40.172138 59.613252 50.533695 23.104529 53.791349 48.361968 24.061250 24.564750 -325.732795 -603.204080 21.772530 -404.834052 28.520742 13.904849 14.245746 31.501700 23.501816 30.875244 35.617549 38.880876 14.909722 35.176536 -85.873646 -85.259101 -103.786937 -103.760530 31.949970 -505.155350 -603.483675 -456.969776 -565.184442 -377.041903 -256.516769 -724.248411 -360.736800 22.210409 29.380075 21.520408 24.628910 13.791603 54.430731 -86.059756 -2.119162 4.077961 -94.357388 97.498644 158.976042 -96.315890 -95.804249 -9999.0 -9999.0
-9999.0 -9999.0 -9999.0 -9999.0 -9999.0 -9999.0 -9999.0 -9999.0 -9999.0 80.375593 36.651012 29.711320 3207.157749 22.068521 20.889578 22.126722 26.202118 24.832618 -398.143958 -650.586277 -590.819196 -636.424498 14.050502 38.732854 31.866264 24.211683 29.199062 31.539321 13.600170 13.641501 42.609326 40.352040 48.370118 32.131127 42.371203 -104.104447 -103.828331 -104.110523 23.434469 35.376267 26.220133 25.647143 -435.820770 -331.374458 -327.721554 -455.056677 -350.741141 -499.648650 -186.200317 12.178869 33.268322 33.808572 -68.323853 50.211159 -28.933918 68.074782 140.007777 97.575881 -97.909013 -9999.0 -9999.0
-9999.0 -9999.0 -9999.0 -9999.0 -9999.0 -9999.0 -9999.0 -9999.0 -9999.0 -9999.0 29.600971 40.283292 36.497152 1669.302585 17.921716 18.862727 24.211726 23.761844 -496.692358 -570.646470 -433.988649 25.951490 30.594023 34.184289 23.642250 28.696866 30.377006 13.421134 39.798262 34.376148 36.085501 3235.564030 33.151256 38.934176 54.811461 61.695170 24.213400 30.148438 -105.503712 39.663111 26.490902 29.552287 3254.632219 29.605287 36.307362 31.947757 36.319548 13.985314 11.305965 31.533293 41.741405 51.385978 -98.832746 12.291745 44.038365 52.433571 77.083967 11378.140180 128.253845 29.188620 -9999.0
-9999.0 -9999.0 -9999.0 -9999.0 -9999.0 -9999.0 -9999.0 -9999.0 -9999.0 -9999.0 37.742356 32.759128 25.734032 30.869701 -129.189952 -368.588295 18.293190 -456.712467 -673.164790 -602.480162 -605.925055 -448.421832 19.179402 19.955441 26.945200 21.492065 14.162571 42.046402 39.785661 27.387456 35.771748 80.937570 -49.815879 31.597925 33.917570 56.415750 2515.963651 44.568165 41.054608 34.351973 43.128276 -57.176300 73.616306 33.708748 37.811940 35.645876 38.283516 36.618907 52.968729 13.962477 54.365195 52.755718 51.039062 -86.794530 -88.333353 -95.815382 32.451157 34.276380 263.539843 143.423690 -9999.0
-9999.0 -9999.0 -9999.0 -9999.0 -9999.0 -9999.0 -9999.0 -9999.0 33.588599 26.404954 23.317790 40.278332 166.100961 38.894715 28.547908 -240.402049 -690.655157 -730.859868 -710.403482 -630.071921 -728.463148 -663.060607 -563.275784 -559.405389 -492.936454 12.992786 41.625008 35.892532 48.465549 45.454689 -192.543789 45.480631 40.956726 33.010392 55.607377 27.355920 32.731890 49.647052 34.519005 -157.367076 -170.318980 66.289491 -68.881885 -135.081005 -171.527482 1605.621318 33.426635 38.404165 37.311224 14.160171 54.809587 62.809424 53.092446 44.395377 -159.006013 40.289395 -159.617213 32.349805 27.418131 141.880291 -9999.0
-9999.0 -9999.0 -9999.0 -9999.0 -9999.0 -9999.0 -9999.0 -9999.0 1569.759236 48.298794 31.638228 24.751387 24.181027 1386.986354 23.461409 23.689502 -302.983200 -522.143438 -857.800653 -696.206038 -692.579094 -757.218496 -525.439478 -664.336526 -741.646241 13.751014 49.335050 46.816685 -69.011651 33.566467 32.761714 -271.532412 63.281098 -254.839901 52.997947 38.128071 61.120884 74.239230 44.068349 43.205355 42.567454 34.877419 -159.015330 42.678108 1948.705889 52.146404 -64.380360 37.734080 37.587299 42.024063 13.034718 46.373159 45.808425 33.755227 33.092740 -81.335095 30.746451 32.956181 31.724073 20.907544 -497.077955
-9999.0 -9999.0 -9999.0 -9999.0 -9999.0 -9999.0 -9999.0 -9999.0 30.593860 2345.933457 31.142701 26.973366 107.442281 -59.985597 27.296821 23.025325 -320.816108 -666.906893 -892.242223 -659.394603 -734.343984 -827.793241 -778.888463 -729.167357 -639.392599 29.819561 37.836421 33.847231 -91.574315 37.456419 -365.318328 53.151379 40.423729 37.970670 49.265670 84.743915 55.466941 16.742119 51.628351 54.289003 54.589464 -253.284558 50.125979 1961.092555 48.602228 47.880037 -179.022353 35.808443 33.506827 31.283358 12.517649 43.932870 36.562134 29.447224 38.589183 52.656454 42.394158 36.568678 26.757385 19.715525 -416.873075
-9999.0 -9999.0 -9999.0 -9999.0 -9999.0 -9999.0 -9999.0 -9999.0 -171.729887 33.629163 62.692092 -73.290594 33.230836 29.786691 31.773490 24.584559 -413.322792 -1045.651568 -558.990777 -840.495357 -719.827168 -755.071312 -1014.197707 -1108.269853 -612.557856 26.806412 31.774353 29.629781 26.513967 45.319210 34.693122 47.035090 44.034284 65.693744 42.447875 29.429004 31.691320 13.464016 55.358678 47.014572 38.358503 46.573895 50.725244 -233.034649 34.173769 -228.101507 40.852575 -239.355333 24.306703 24.434346 22.254613 12.229112 36.586387 24.736918 39.081593 48.282337 50.578035 66.252638 -450.469621 -416.084654 -251.272744
-9999.0 -9999.0 -9999.0 -9999.0 -9999.0 -9999.0 -9999.0 -9999.0 23.164140 34.608594 3267.529742 28.053395 38.416702 35.893004 30.736655 21.044625 13.486462 11.506611 -43.861085 -565.064409 -813.390793 -790.347169 -845.502557 -916.600165 -936.971001 -415.652034 21.384685 31.252359 31.426255 58.063605 31.707343 43.869482 70.334155 51.644118 42.586085 47.579168 40.011217 14.167553 65.187009 48.794929 37.883310 50.369239 60.021197 41.963031 33.693011 38.242230 38.073185 51.631937 23.807677 26.119626 18.595080 -528.258550 14.179262 -186.343449 113.622545 114.517106 15.763932 -190.090204 -230.849263 -157.082558 24.339472
-9999.0 -9999.0 28.592764 32.358397 787.840601 27.915723 92.937650 46.147512 32.410301 37.073545 47.013188 107.372253 49.480773 44.377211 14.415189 12.877689 30.643935 28.308720 25.708144 18.622916 -668.627010 -984.422691 -707.138816 -1191.358814 -725.740539 -693.632983 -461.246488 14.906362 21.378368 45.328739 25.938496 32.044824 137.924828 37.251772 48.464994 37.192614 42.452439 15.050665 53.605070 39.372206 40.654135 47.999890 68.999770 46.700964 32.942538 34.415951 39.674953 41.966496 27.332863 -348.192958 -594.892881 -594.682099 15.506612 16.113998 16.429035 15.654702 62.383218 36.541936 35.632561 34.889912 37.239496
-9999.0 27.357409 37.447794 33.609552 24.072191 65.054689 91.414339 39.027307 36.293679 35.062552 36.527658 35.077063 54.624155 68.685465 14.181792 34.567561 33.808908 29.104420 24.787859 18.767367 -748.636659 -499.218071 -522.990484 -1016.423977 -1249.720325 -907.083898 -942.047981 -911.599021 -549.067132 -161.143077 -567.846680 -404.101295 52.839274 53.262669 43.662468 21.846169 32.431964 14.198536 51.006093 35.859780 34.071208 53.204572 64.411159 34.182322 20.445521 -158.670880 -166.326696 -251.098405 -447.976319 -691.018715 -325.735564 15.476861 66.651423 86.416692 85.981529 47.383418 47.450390 40.188762 43.373123 37.721443 39.074511
