user2019/resources/simulation/Vinschgau/output-maps/psiL0001N0419.asc
ncols         63
nrows         48
xllcorner     598000.000000
yllcorner     5145000.000000
cellsize      1000.000000
NODATA_value  -9999.0
[rows 0 to 26 of 48, columns 0 to 59 of 63]
-9999.0 -9999.0 -9999.0 -9999.0 -9999.0 -9999.0 -9999.0 -9999.0 -9999.0 -9999.0 -9999.0 -9999.0 -9999.0 -9999.0 -9999.0 -9999.0 -9999.0 -9999.0 -9999.0 -9999.0 -9999.0 -9999.0 -9999.0 -9999.0 -9999.0 -9999.0 -9999.0 -9999.0 -9999.0 -9999.0 -9999.0 -9999.0 -9999.0 -9999.0 -9999.0 -9999.0 -9999.0 -9999.0 -9999.0 -9999.0 -9999.0 -9999.0 -9999.0 -9999.0 -9999.0 -9999.0 -9999.0 -9999.0 -9999.0 -9999.0 -9999.0 -9999.0 -9999.0 -9999.0 -9999.0 -9999.0 -9999.0 -9999.0 -9999.0 -9999.0
-9999.0 -9999.0 -9999.0 -9999.0 -9999.0 -9999.0 -9999.0 -9999.0 -9999.0 -9999.0 -9999.0 -9999.0 -9999.0 -9999.0 -9999.0 -9999.0 -9999.0 -9999.0 -9999.0 -9999.0 -9999.0 -9999.0 -9999.0 -9999.0 -9999.0 -9999.0 -9999.0 -52.896214 -402.319386 -131.702417 41.901498 523.009988 440.825145 -9999.0 -9999.0 -9999.0 -9999.0 -9999.0 -9999.0 -9999.0 -9999.0 -9999.0 -9999.0 -9999.0 -9999.0 -9999.0 -9999.0 -9999.0 -9999.0 -9999.0 -9999.0 -9999.0 -9999.0 -9999.0 -9999.0 -9999.0 -9999.0 -9999.0 -9999.0 -9999.0
-9999.0 -9999.0 -9999.0 -9999.0 -9999.0 -9999.0 -9999.0 -9999.0 -9999.0 -9999.0 -9999.0 -9999.0 -9999.0 -9999.0 -9999.0 -9999.0 -9999.0 -9999.0 -9999.0 -9999.0 -9999.0 -9999.0 -9999.0 -9999.0 -690.784553 -751.170652 -560.837035 -418.357585 37.642069 61.304616 -378.635982 -9999.0 -9999.0 -9999.0 -9999.0 -9999.0 -9999.0 -9999.0 -9999.0 -9999.0 -9999.0 -9999.0 -9999.0 -9999.0 -9999.0 -9999.0 -9999.0 -9999.0 -9999.0 -9999.0 -9999.0 -9999.0 -9999.0 -9999.0 -9999.0 -9999.0 -9999.0 -9999.0 -9999.0 -9999.0
-9999.0 -9999.0 -9999.0 -9999.0 -9999.0 -9999.0 -9999.0 -9999.0 -9999.0 -9999.0 -9999.0 -9999.0 -9999.0 -9999.0 -9999.0 -9999.0 -9999.0 -9999.0 -9999.0 -9999.0 -9999.0 -9999.0 -9999.0 -792.414885 -439.874375 -1314.163810 -1320.348760 -1915.331620 31.057588 -449.901795 -266.630256 -404.132361 -9999.0 -9999.0 -9999.0 -9999.0 -9999.0 -9999.0 -9999.0 -9999.0 -9999.0 -9999.0 -9999.0 -9999.0 -9999.0 -9999.0 -9999.0 -9999.0 -9999.0 -9999.0 -9999.0 -9999.0 -9999.0 -9999.0 -9999.0 -9999.0 -9999.0 -9999.0 -9999.0 -9999.0
-9999.0 -9999.0 -9999.0 -9999.0 -9999.0 -9999.0 -9999.0 -9999.0 -9999.0 -9999.0 -9999.0 -9999.0 -9999.0 -9999.0 -9999.0 -9999.0 -9999.0 -9999.0 -524.238775 -627.167530 -9999.0 -592.975617 -459.146377 -1108.017760 -749.131777 -897.939260 -407.079464 4.966947 4.675073 -878.480232 -293.507631 -164.263437 -49.086283 -40.784123 -9999.0 -9999.0 -9999.0 -9999.0 -9999.0 -9999.0 -9999.0 -9999.0 -9999.0 -9999.0 -9999.0 -9999.0 -9999.0 -9999.0 -9999.0 -9999.0 -9999.0 -9999.0 -9999.0 -9999.0 -9999.0 -9999.0 -9999.0 -9999.0 -9999.0 -9999.0
-9999.0 -9999.0 -9999.0 -9999.0 -9999.0 -9999.0 -9999.0 -9999.0 -9999.0 -9999.0 -9999.0 -9999.0 -9999.0 -9999.0 -9999.0 -9999.0 -9999.0 -882.706030 -793.594594 -71.408278 -60.790166 -566.486491 -713.995409 -797.351707 -517.660939 -300.265306 -395.776503 31.890763 -281.542945 4.697114 28.725316 41.674893 -105.974412 -131.000863 -107.067051 -34.635269 -9999.0 -9999.0 -9999.0 -9999.0 -9999.0 -9999.0 -9999.0 -9999.0 -9999.0 -9999.0 -9999.0 -9999.0 -9999.0 -9999.0 -9999.0 -9999.0 -9999.0 -9999.0 -9999.0 -9999.0 -9999.0 -9999.0 -9999.0 -9999.0
-9999.0 -9999.0 -9999.0 -9999.0 -9999.0 -9999.0 -9999.0 -9999.0 -9999.0 -9999.0 -9999.0 -9999.0 -9999.0 -329.022710 -438.166206 -610.832504 -704.023136 -64.299068 -851.596878 -924.956683 -805.916224 -775.603452 -1094.178259 -487.269807 -465.451633 -468.233788 -44.680535 48.010212 19.031509 20.591792 2871.760989 137.900364 109.767907 129170.750902 -50.072570 -32.363890 -9999.0 -9999.0 -9999.0 -9999.0 -9999.0 -9999.0 -9999.0 -9999.0 -9999.0 -9999.0 -9999.0 -9999.0 -9999.0 -9999.0 -9999.0 -9999.0 -9999.0 -9999.0 -9999.0 -9999.0 -9999.0 -9999.0 -9999.0 -9999.0
-9999.0 -9999.0 -9999.0 -9999.0 -9999.0 -9999.0 -9999.0 -9999.0 -9999.0 -9999.0 -9999.0 -9999.0 -9999.0 -309.678754 -545.003628 -674.336133 -705.177935 -455.791396 -65.342190 -944.909349 -969.715805 -437.718463 -382.526509 -309.828821 -357.161698 -333.050521 -606.996154 -102.316832 -67.414391 29.905717 85.900494 -39.641346 -32.680466 -28.958735 -33.094628 -9999.0 -9999.0 -9999.0 -9999.0 -9999.0 -9999.0 -9999.0 -9999.0 -9999.0 -9999.0 -9999.0 -9999.0 -9999.0 -9999.0 -9999.0 -9999.0 -9999.0 -9999.0 -9999.0 -9999.0 -9999.0 -9999.0 -9999.0 -9999.0 -9999.0
-9999.0 -9999.0 -9999.0 -9999.0 -9999.0 -9999.0 -9999.0 -9999.0 -9999.0 -9999.0 -9999.0 -9999.0 -9999.0 -659.028742 505.484010 -613.961624 -494.812489 -696.697184 -63.865240 -809.455017 -262.135212 -47.554246 5.409675 -508.450209 -577.175555 21.654453 -119.508941 -21.109474 7.236390 -32.531735 1358.003174 -34.377226 -25.088040 -41.292930 -39.544083 -9999.0 -9999.0 -9999.0 -9999.0 -9999.0 -9999.0 -9999.0 -9999.0 -9999.0 -9999.0 -9999.0 -9999.0 -9999.0 -9999.0 -9999.0 -9999.0 -9999.0 -9999.0 -9999.0 -9999.0 -9999.0 -9999.0 -9999.0 -9999.0 -9999.0
-9999.0 -9999.0 -9999.0 -9999.0 -9999.0 -9999.0 -9999.0 -9999.0 -9999.0 -9999.0 -9999.0 -9999.0 -703.342900 3134.572426 -355.762122 -323.084141 -302.233835 -481.107021 -493.455796 -62.203666 -483.680660 -494.063101 13.444605 -462.849223 1626.741023 -195.103873 512.997977 8.020328 100.907516 -25.176176 1567.131060 -114.631000 54.405022 -20.102299 -9999.0 -9999.0 -9999.0 -9999.0 -9999.0 -9999.0 -9999.0 -9999.0 -9999.0 -9999.0 -9999.0 -9999.0 -9999.0 -9999.0 -9999.0 -9999.0 -9999.0 -9999.0 -9999.0 -9999.0 -9999.0 -9999.0 -9999.0 -9999.0 -9999.0 -9999.0
-9999.0 -9999.0 -9999.0 -9999.0 -9999.0 -9999.0 -9999.0 -9999.0 -9999.0 -9999.0 -9999.0 -337.927367 6.608668 219.482860 -477.483969 -70.023776 -39.962212 -403.597267 -268.806197 -64.430375 -365.328758 -283.460841 13.563451 -246.960438 39.411660 37.658920 2986.311841 22.880163 1146.636069 -25.030664 -109.270590 35.201514 -114.102933 -113.875617 -70.212491 -54.671729 -2238.681968 -2498.932093 -2720.395313 -9999.0 -9999.0 -9999.0 -45.854693 -9999.0 -9999.0 -9999.0 -9999.0 -9999.0 -9999.0 -9999.0 -9999.0 -9999.0 -9999.0 -9999.0 -9999.0 -9999.0 -9999.0 -9999.0 -9999.0 -9999.0
-9999.0 -9999.0 -9999.0 -9999.0 -9999.0 -9999.0 -9999.0 -9999.0 -9999.0 -9999.0 -9999.0 -360.700670 5.078989 56.574896 -128.182237 64682.690084 -120.018368 -564.708017 -430.333645 -546.893352 -350.756554 -353.120657 -226.914704 -404.028300 17.715911 -336.180508 14.339943 29.250589 -97.979868 -92.030491 37.087010 93.023247 -316.341115 5.801512 -726.370652 -321.387640 -553.930921 -3513.371476 -3841.311165 -990.818824 -420.552371 -132.266438 -91.684438 -50.828345 -9999.0 -9999.0 -9999.0 644.458880 23.656039 -103.683262 21.880301 -98.882362 -85.858538 455.230314 3441.767986 -20.624324 -9999.0 -9999.0 -9999.0 -9999.0
-9999.0 -9999.0 -9999.0 -9999.0 -9999.0 -9999.0 -9999.0 -9999.0 -9999.0 -9999.0 -9999.0 21.199058 411.005490 72.214541 -332.200121 22.786667 -254.746753 -242.791013 -335.787620 -486.060629 -416.058429 -394.903467 -338.232619 14.470979 5.420662 -46.661433 -353.011953 1387.225912 -119.196150 14.586950 -110.090107 119.929365 -267.551850 -316.242295 -55.602728 -328.194728 -746.284361 -4590.460170 -6404.293736 -2790.606782 -2923.302185 -1819.859354 -63.168005 -378.585392 -453.287730 -9999.0 -22.023875 45.634003 39.223196 38.704826 24.970525 -119.832036 41.619015 37.003127 80.307265 48.611732 -9999.0 -9999.0 -9999.0 -9999.0
-9999.0 -9999.0 -9999.0 -9999.0 -9999.0 -9999.0 -9999.0 -9999.0 -9999.0 -9999.0 -9999.0 -9999.0 42.537265 33.200532 -373.047575 -336.588518 -393.107471 -324.712567 -294.791618 -467.901500 -430.929086 -412.738596 -364.188691 -254.189825 -310.750606 -373.013569 930.561155 14.399294 -271.889778 -68.308122 13.618920 67.290435 -391.239825 -240.969306 5.653827 -154.203864 -1469.408976 -5006.486585 -8027.751701 -4828.018448 -2792.167744 -287.309489 6.758256 -360.847883 -56.514095 -196.743504 -102.052121 17.271746 33.808659 37.202749 12.902471 276.552087 1222.245624 257.650788 184.174653 680.030799 0.153551 -9999.0 -9999.0 -9999.0
-9999.0 -9999.0 -9999.0 -9999.0 -9999.0 -9999.0 -9999.0 -9999.0 -9999.0 -9999.0 -9999.0 8.810225 3130.875271 34.380126 38.698076 19.202740 4.966092 -297.323322 -352.425619 -594.013539 -448.026798 -385.445989 -379.853750 -519.669910 -441.039247 4.441303 -331.788761 -202.856391 -480.508840 -46.217182 -190.363027 91.071551 17.055952 16.172515 4.304612 18.866584 -1194.404381 -3519.861306 -3153.565823 -3857.171614 -2179.822879 -1765.315527 7.963690 -41.241422 -414.285206 -326.935380 19.715785 -48.545940 -133.609984 4.684172 -2.447611 2859.949028 323.854228 -44.892354 -42.859546 -29.194900 -79.251361 -9999.0 -9999.0 -9999.0
-9999.0 -9999.0 -9999.0 -9999.0 -9999.0 -9999.0 -9999.0 -9999.0 -9999.0 -9999.0 899.209140 -182.191080 25.083438 -347.570913 -198.085994 899.391167 899.486054 -555.904921 -644.719115 -674.634025 -501.544293 -633.976722 -665.847954 -538.141995 -526.462138 1004.107086 -358.241327 -25.535981 -413.004655 -340.624250 93.809308 406.937767 34.861403 37.296947 -30.038126 -118.024736 -435.022189 -543.101222 -312.795202 -286.806108 4.464999 -193.611529 -45.506141 -462.042259 -399.515079 -55.195524 -129.519348 11.780092 18.052702 4.300736 -45.994095 -33.778746 -45.245682 -34.460686 -33.453230 57.821862 67.275523 -9999.0 -9999.0 -9999.0
-9999.0 -9999.0 -9999.0 -9999.0 -9999.0 -9999.0 -9999.0 -9999.0 -9999.0 17.420964 12.985176 -85.768447 27.505938 -345.756515 -367.018880 -209.165584 -340.641281 -213.701550 -574.385516 -799.139687 -637.759142 -889.839872 -775.919571 -785.952391 -636.422502 -486.630943 -631.319977 -359.225023 -439.643935 -451.541323 6.723173 24.935099 -102.413983 -33.007947 -112.518883 -45.722154 11.861570 -416.000366 -525.043482 16.997247 31.308555 -467.546274 -658.143608 -558.027008 -572.686768 -660.190266 -410.570568 -1016.742020 -934.821632 5.109853 44.279070 -89.245503 -33.671900 -20.706616 -56.690320 132.094605 195.651559 -117.390982 -107.357672 -9999.0
-9999.0 -9999.0 -9999.0 -9999.0 -9999.0 -9999.0 -9999.0 -9999.0 -9999.0 119.642752 32.935857 23.641568 1993.933401 -330.217000 -351.402894 -391.481203 -175.221459 -395.207166 -642.054189 -911.683192 -1007.918980 -1213.036091 -580.924195 -452.509417 -491.236184 -786.330639 -545.637982 -514.315116 -404.972647 -179.412016 15.192087 21.965587 31.202858 15.133483 6.355235 -71.280908 -73.938804 -78.423249 -551.437123 20.678307 11.496338 -555.428424 -701.598597 -333.895646 -529.912205 -590.651299 -629.056254 -1156.328589 -1008.879548 -373.230819 19.547481 28.965344 -22.009031 2487.253093 -21.189327 104.338081 187.602558 111.267456 -84.330932 -9999.0
-9999.0 -9999.0 -9999.0 -9999.0 -9999.0 -9999.0 -9999.0 -9999.0 -9999.0 -9999.0 7.693825 28.134890 25.180632 1151.045755 -450.216237 -377.516019 -404.754109 -526.922199 -693.318240 -820.894413 -853.612790 -664.725795 -608.057394 -425.076604 -780.035448 -590.637379 -696.629078 -349.005663 12.553009 -262.248792 13.867576 1808.991340 10.557967 16.068293 31.624774 45.050204 -876.388192 -496.489927 -62.425048 21.815399 -51.643548 20.617979 1945.015509 9.223471 -123.814997 -342.153843 -242.369251 -380.315660 -548.970146 -257.505016 21.914304 43.669454 -81.819219 -22.296676 650.406630 208.518578 94.721296 6895.336713 11.795378 -766.306428
-9999.0 -9999.0 -9999.0 -9999.0 -9999.0 -9999.0 -9999.0 -9999.0 -9999.0 -9999.0 16.612846 19.865854 -204.500539 28.403108 5.600908 -403.004429 -523.789762 -671.421413 -795.917022 -878.056225 -1025.802183 -1090.067018 -1063.318775 -1241.865495 -829.595354 -698.688415 -397.669467 12.971478 17.027406 -290.833452 27.869047 48.349917 -46.270126 -230.517149 15.213305 53.238890 1777.681566 9.675016 17.133007 -235.147575 28.568191 -67.816333 59.332508 21.380653 -388.525503 -223.862112 6.861865 5.647843 8.164670 -172.918829 27.047597 36.591584 46.451440 -88.576328 81.217462 -100.899276 1722.054018 31.971503 39.259041 19.883292
-9999.0 -9999.0 -9999.0 -9999.0 -9999.0 -9999.0 -9999.0 -9999.0 -251.559938 -159.988455 5.617521 31.883876 200.349946 39.493398 27.723156 -188.143209 -661.955521 -847.832845 -874.791796 -950.540463 -1272.271437 -1666.386097 -1945.231204 -2207.538103 -1254.780947 -392.408349 -291.919673 8.295029 21.722624 37.528126 -40.233499 32.035039 12.414401 4.694894 34.515476 2982.283571 27.860611 -182.872644 -546.938881 -45.623337 -104.512022 61.261170 -34.825100 -35.042745 -119.702386 1063.426802 -332.777386 8.001505 6.379590 -250.502635 20.074977 36.599744 41.300599 33.679941 -102.972108 16.277226 -101.883717 6.933929 -431.391643 7.111019
-9999.0 -9999.0 -9999.0 -9999.0 -9999.0 -9999.0 -9999.0 -9999.0 971.658403 14.443859 25.266317 9.935124 19.384154 800.461702 -371.866880 -323.228521 -443.841610 -639.099023 -988.963245 -1093.082113 -1768.766537 -2587.188372 -3003.396110 -3102.433538 -1740.182432 -465.801352 -231.040373 5.057391 -6.334232 -219.343479 16.079358 -47.147025 16.665670 -41.859001 25.544386 22.579686 17.590476 12.601492 14.012828 21.779392 14.692670 767.646076 -88.241138 36.256030 1237.071302 15.543252 -35.333991 10.592008 7.620204 -184.295757 -233.479527 16.062877 26.883502 8.944518 8.076427 -43.285845 9.672983 -274.898235 -605.001013 -462.859909
-9999.0 -9999.0 -9999.0 -9999.0 -9999.0 -9999.0 -9999.0 -9999.0 32.495615 1403.370643 8.837425 21.999642 117.293308 41.046519 -177.062014 -473.940860 -671.745956 -840.793482 -1088.179062 -1299.158068 -1515.101565 -2485.501718 -2929.889054 -2416.253999 -1775.921622 -654.021790 -449.954733 -520.883167 -24.990989 -301.907865 -46.140200 8.320388 10.391604 10.196540 15.576385 30.292580 17.263159 4.717807 15.868485 26.265740 27.350606 -104.584668 30.156965 1197.085894 -405.730409 -462.439214 -48.217960 -441.423408 -461.148590 -207.586850 -401.436625 8.215656 11.200201 7.084076 4.194655 13.896350 5.968826 -321.674936 -536.405639 -535.459045
-9999.0 -9999.0 -9999.0 -9999.0 -9999.0 -9999.0 -9999.0 -9999.0 -56.773466 37.528888 13.699887 31.938832 26.104185 12.865088 10.318835 -463.379466 -909.179258 -729.805473 -687.598461 -1259.981633 -1413.149012 -1822.884275 -2674.741100 -2970.778703 -1642.002134 -630.925048 -648.180580 -522.331123 -503.044799 -307.156706 -285.914583 6.478697 8.502704 11.507238 9.594885 -740.792123 -643.831363 -331.872586 11.290476 13.513456 -206.566371 8.006499 10.912708 -54.256299 -590.498422 -49.386782 -373.530321 -48.307712 -562.057092 -525.429528 -405.673915 -385.674733 -207.397537 -296.943278 -230.984537 8.576219 8.090741 84.616362 -466.793437 -676.723864
-9999.0 -9999.0 -9999.0 -9999.0 -9999.0 -9999.0 -9999.0 -9999.0 -370.731286 10.717042 1983.163157 7.012188 19.739727 12.169110 -272.540835 -593.722620 -334.346321 -398.605946 -397.107881 -545.171390 -1224.267255 -1637.915684 -2314.095364 -3091.315903 -2787.671438 -1005.195501 -933.160972 -766.669257 -779.139578 -367.314846 -359.413719 -275.349086 8.722356 -44.793662 -302.644144 -498.220514 -558.914250 -336.832931 11.943508 -74.329478 -327.175223 6.531941 5.383993 -432.139066 -347.909106 -411.174852 -347.797308 -249.753372 -592.509464 -781.530461 -1187.108494 -967.854480 -468.196576 -706.365323 109.519025 106.039513 4.763594 -339.413009 -361.781440 -463.289699
-9999.0 -9999.0 -365.380328 -436.848881 532.868980 -462.156994 31.866111 13.615879 7.623569 10.863040 11.306955 34.740811 23.791037 16.208505 -326.877244 -262.770336 -72.467695 -460.513230 -554.059457 -396.062432 -659.183445 -613.335840 -360.893019 -2487.588621 -1745.642144 -1352.369028 -919.679128 -848.477548 -558.840562 -547.212866 -689.044087 -375.937791 35.995586 -306.627745 -459.461494 -475.904258 -682.302597 -405.975435 8.126375 4.897627 -415.414167 -359.531185 6.787518 -524.956204 -445.478084 -505.580044 -453.059163 -365.007710 -556.871609 -680.875513 -969.646326 -730.357467 5.584421 5.813258 5.904215 5.065650 25.523233 -79.023523 -303.924353 -378.161012
-9999.0 -592.870492 -314.329220 -320.995954 -495.544090 24.972609 32.947613 -314.882467 -313.252144 -156.143662 8.032818 10.799844 22.013740 25.897472 5.205147 11.009133 6.109978 -468.854859 -559.257539 -530.297220 -894.161700 -403.248733 103.049411 -377.002557 -1891.049767 -1467.657808 -1648.052152 -1511.216542 -660.541801 -573.167006 -1126.629442 -908.534553 15.737578 -142.919538 -651.772083 -918.422687 -924.931397 -728.320147 -402.456398 -567.580400 -932.456448 -469.742466 -291.361011 -611.634346 -752.521815 -713.086449 -585.421952 -599.196639 -642.797423 -437.768690 -448.604910 5.680376 37.171178 41.713397 37.109548 12.347910 12.974601 7.228237 -216.694983 -301.309932
