user2019/resources/simulation/Vinschgau/output-maps/psiL0003N0624.asc
ncols         63
nrows         48
xllcorner     598000.000000
yllcorner     5145000.000000
cellsize      1000.000000
NODATA_value  -9999.0
[rows 0 to 26 of 48, columns 0 to 60 of 63]
-9999.0 -9999.0 -9999.0 -9999.0 -9999.0 -9999.0 -9999.0 -9999.0 -9999.0 -9999.0 -9999.0 -9999.0 -9999.0 -9999.0 -9999.0 -9999.0 -9999.0 -9999.0 -9999.0 -9999.0 -9999.0 -9999.0 -9999.0 -9999.0 -9999.0 -9999.0 -9999.0 -9999.0 -9999.0 -9999.0 -9999.0 -9999.0 -9999.0 -9999.0 -9999.0 -9999.0 -9999.0 -9999.0 -9999.0 -9999.0 -9999.0 -9999.0 -9999.0 -9999.0 -9999.0 -9999.0 -9999.0 -9999.0 -9999.0 -9999.0 -9999.0 -9999.0 -9999.0 -9999.0 -9999.0 -9999.0 -9999.0 -9999.0 -9999.0 -9999.0 -9999.0
-9999.0 -9999.0 -9999.0 -9999.0 -9999.0 -9999.0 -9999.0 -9999.0 -9999.0 -9999.0 -9999.0 -9999.0 -9999.0 -9999.0 -9999.0 -9999.0 -9999.0 -9999.0 -9999.0 -9999.0 -9999.0 -9999.0 -9999.0 -9999.0 -9999.0 -9999.0 -9999.0 -128.250278 26.329673 -150.802023 35.481337 29.809749 594.385795 -9999.0 -9999.0 -9999.0 -9999.0 -9999.0 -9999.0 -9999.0 -9999.0 -9999.0 -9999.0 -9999.0 -9999.0 -9999.0 -9999.0 -9999.0 -9999.0 -9999.0 -9999.0 -9999.0 -9999.0 -9999.0 -9999.0 -9999.0 -9999.0 -9999.0 -9999.0 -9999.0 -9999.0
-9999.0 -9999.0 -9999.0 -9999.0 -9999.0 -9999.0 -9999.0 -9999.0 -9999.0 -9999.0 -9999.0 -9999.0 -9999.0 -9999.0 -9999.0 -9999.0 -9999.0 -9999.0 -9999.0 -9999.0 -9999.0 -9999.0 -9999.0 -9999.0 24.798080 -130.405565 24.214433 -129.765395 39.379977 53.864394 28.189798 -9999.0 -9999.0 -9999.0 -9999.0 -9999.0 -9999.0 -9999.0 -9999.0 -9999.0 -9999.0 -9999.0 -9999.0 -9999.0 -9999.0 -9999.0 -9999.0 -9999.0 -9999.0 -9999.0 -9999.0 -9999.0 -9999.0 -9999.0 -9999.0 -9999.0 -9999.0 -9999.0 -9999.0 -9999.0 -9999.0
-9999.0 -9999.0 -9999.0 -9999.0 -9999.0 -9999.0 -9999.0 -9999.0 -9999.0 -9999.0 -9999.0 -9999.0 -9999.0 -9999.0 -9999.0 -9999.0 -9999.0 -9999.0 -9999.0 -9999.0 -9999.0 -9999.0 -9999.0 -189.722399 23.540351 -1218.580016 -1510.846316 -1804.117346 -318.059952 23.428164 24.445850 28.482506 -9999.0 -9999.0 -9999.0 -9999.0 -9999.0 -9999.0 -9999.0 -9999.0 -9999.0 -9999.0 -9999.0 -9999.0 -9999.0 -9999.0 -9999.0 -9999.0 -9999.0 -9999.0 -9999.0 -9999.0 -9999.0 -9999.0 -9999.0 -9999.0 -9999.0 -9999.0 -9999.0 -9999.0 -9999.0
-9999.0 -9999.0 -9999.0 -9999.0 -9999.0 -9999.0 -9999.0 -9999.0 -9999.0 -9999.0 -9999.0 -9999.0 -9999.0 -9999.0 -9999.0 -9999.0 -9999.0 -9999.0 -124.262369 -231.658672 -9999.0 -87.835821 -48.302216 -1224.643851 -1408.384113 -2616.174689 -922.694168 -721.267480 -1585.245924 -1065.802354 25.843258 28.327933 -178.550031 -121.015501 -9999.0 -9999.0 -9999.0 -9999.0 -9999.0 -9999.0 -9999.0 -9999.0 -9999.0 -9999.0 -9999.0 -9999.0 -9999.0 -9999.0 -9999.0 -9999.0 -9999.0 -9999.0 -9999.0 -9999.0 -9999.0 -9999.0 -9999.0 -9999.0 -9999.0 -9999.0 -9999.0
-9999.0 -9999.0 -9999.0 -9999.0 -9999.0 -9999.0 -9999.0 -9999.0 -9999.0 -9999.0 -9999.0 -9999.0 -9999.0 -9999.0 -9999.0 -9999.0 -9999.0 -2236.545556 -910.377256 -1462.245122 -134.554946 -649.438367 -1060.888110 -2300.782364 -1339.449302 -1017.790319 -733.698783 12.396470 -891.420687 -426.539377 34.611434 40.794606 -140595.565731 -5735.180203 -4581.815439 -1440.583364 -9999.0 -9999.0 -9999.0 -9999.0 -9999.0 -9999.0 -9999.0 -9999.0 -9999.0 -9999.0 -9999.0 -9999.0 -9999.0 -9999.0 -9999.0 -9999.0 -9999.0 -9999.0 -9999.0 -9999.0 -9999.0 -9999.0 -9999.0 -9999.0 -9999.0
-9999.0 -9999.0 -9999.0 -9999.0 -9999.0 -9999.0 -9999.0 -9999.0 -9999.0 -9999.0 -9999.0 -9999.0 -9999.0 -127.992080 -648.499957 -1326.226664 -1844.956844 -8391.211233 -2037.960481 -1739.192731 -1266.015417 -2017.275518 -2606.548576 -1281.689168 -852.367148 26.332147 -1040.813468 29.898880 -583.406720 -808.169035 6674.449453 65.161632 55.808670 61.225231 -110.700684 -140.930130 -9999.0 -9999.0 -9999.0 -9999.0 -9999.0 -9999.0 -9999.0 -9999.0 -9999.0 -9999.0 -9999.0 -9999.0 -9999.0 -9999.0 -9999.0 -9999.0 -9999.0 -9999.0 -9999.0 -9999.0 -9999.0 -9999.0 -9999.0 -9999.0 -9999.0
-9999.0 -9999.0 -9999.0 -9999.0 -9999.0 -9999.0 -9999.0 -9999.0 -9999.0 -9999.0 -9999.0 -9999.0 -9999.0 -180.374884 -791.876383 -1511.226102 -1403.424207 -355.421709 -8517.207145 -2350.147476 -2198.879872 -461.033247 -808.521998 -1156.857910 -1121.064368 -417.444828 -117.168349 -129.460137 -100.530520 17.823016 28.134261 34.419583 -128.689566 -114.985807 -105.061629 -9999.0 -9999.0 -9999.0 -9999.0 -9999.0 -9999.0 -9999.0 -9999.0 -9999.0 -9999.0 -9999.0 -9999.0 -9999.0 -9999.0 -9999.0 -9999.0 -9999.0 -9999.0 -9999.0 -9999.0 -9999.0 -9999.0 -9999.0 -9999.0 -9999.0 -9999.0
-9999.0 -9999.0 -9999.0 -9999.0 -9999.0 -9999.0 -9999.0 -9999.0 -9999.0 -9999.0 -9999.0 -9999.0 -9999.0 -1009.952839 403.380428 -1451.502155 -1352.855460 -1537.960418 -9067.395126 -1600.104149 -194.252661 -779.151333 15.375774 -765.785115 -676.650936 12.951947 -215.396863 -131.185061 25.210509 -118.703770 39.764792 -20.628665 -119.282261 -28.986806 -111.562465 -9999.0 -9999.0 -9999.0 -9999.0 -9999.0 -9999.0 -9999.0 -9999.0 -9999.0 -9999.0 -9999.0 -9999.0 -9999.0 -9999.0 -9999.0 -9999.0 -9999.0 -9999.0 -9999.0 -9999.0 -9999.0 -9999.0 -9999.0 -9999.0 -9999.0 -9999.0
-9999.0 -9999.0 -9999.0 -9999.0 -9999.0 -9999.0 -9999.0 -9999.0 -9999.0 -9999.0 -9999.0 -9999.0 -1403.753918 4258.513661 -1114.200688 -418.994375 -600.553422 -1244.865481 -458.962096 -770.387983 -1331.413637 -693.835587 26.456856 -294.942673 2326.946324 25.273493 725.564283 25.784184 50.435856 -109.092607 34.988486 -139.334377 40.740846 -110.927786 -9999.0 -9999.0 -9999.0 -9999.0 -9999.0 -9999.0 -9999.0 -9999.0 -9999.0 -9999.0 -9999.0 -9999.0 -9999.0 -9999.0 -9999.0 -9999.0 -9999.0 -9999.0 -9999.0 -9999.0 -9999.0 -9999.0 -9999.0 -9999.0 -9999.0 -9999.0 -9999.0
-9999.0 -9999.0 -9999.0 -9999.0 -9999.0 -9999.0 -9999.0 -9999.0 -9999.0 -9999.0 -9999.0 30.584951 12.773660 111.860486 -498.023278 25.755674 -1657.262243 -817.301657 -381.448623 -528.158584 -672.591764 -312.981584 28.330372 24.649953 41.499672 34.505543 27.053782 28.545464 2292.271803 -25.057061 -123.726140 45.523316 -128.089484 -121.302902 -140.362568 -145.751541 -1631.544789 -3198.923537 -3195.613406 -9999.0 -9999.0 -9999.0 -625.954150 -9999.0 -9999.0 -9999.0 -9999.0 -9999.0 -9999.0 -9999.0 -9999.0 -9999.0 -9999.0 -9999.0 -9999.0 -9999.0 -9999.0 -9999.0 -9999.0 -9999.0 -9999.0
-9999.0 -9999.0 -9999.0 -9999.0 -9999.0 -9999.0 -9999.0 -9999.0 -9999.0 -9999.0 -9999.0 29.496620 -216.112116 34.332950 -373.955026 -118.229430 -648.956848 -1837.736046 -430.248248 -239.879856 23.920774 25.738015 30.014240 13.580039 32.379205 29.953438 23.312389 35.398393 -92.988221 -93.344604 31.745475 99.573962 22.742199 31.122357 -254.225286 -576.940005 -3561.101678 -3636.072360 -3585.049778 -188.595664 -109.382908 -99.118190 22.991758 -118.808414 -9999.0 -9999.0 -9999.0 25.056056 26.800217 -141.710476 28.719315 -131.376815 -133.924265 24.169727 31.720554 -5.208982 -9999.0 -9999.0 -9999.0 -9999.0 -9999.0
-9999.0 -9999.0 -9999.0 -9999.0 -9999.0 -9999.0 -9999.0 -9999.0 -9999.0 -9999.0 -9999.0 35.719092 23.261629 40.133443 28.123423 23.061583 -85.995435 -221.944768 -295.595964 -387.547959 -171.410622 19.257957 9.366307 27.138666 29.378605 -110.087789 13.205194 2275.832961 -137.552635 27.245948 -119.314803 110.237631 28.346422 25.248952 -100.488585 -1726.311456 -2729.954948 -2780.900368 -3663.621597 -6992.756624 -3512.995999 -1265.822921 -497.189626 23.755941 24.352934 -9999.0 -130.566736 31.046195 31.444637 32.072932 31.507769 -139.268249 29.408099 28.483337 37.428804 34.439908 -9999.0 -9999.0 -9999.0 -9999.0 -9999.0
-9999.0 -9999.0 -9999.0 -9999.0 -9999.0 -9999.0 -9999.0 -9999.0 -9999.0 -9999.0 -9999.0 -9999.0 34.024513 23.748873 -255.068224 -202.093015 -226.926606 -316.738727 -212.288243 -386.215087 15.398538 23.687828 29.728528 20.161308 13.250158 13.522481 1558.310950 31.963474 32.882457 -130.790618 25.964851 56.311278 24.998980 25.946006 23.861657 -1647.537753 -2600.150185 -2691.522038 -3590.018307 -3437.373685 -3511.286796 -209.867996 -1119.773909 -114.641237 -144.370574 26.045930 -146.278361 28.420466 28.300616 25.197577 11.609601 137.774803 659.971547 96.191395 56.401796 43.896657 30.798859 -9999.0 -9999.0 -9999.0 -9999.0
-9999.0 -9999.0 -9999.0 -9999.0 -9999.0 -9999.0 -9999.0 -9999.0 -9999.0 -9999.0 -9999.0 12.003848 23.864424 27.442252 27.635057 14.244626 10.208626 15.870506 25.912697 -602.659840 20.159979 26.476519 29.182382 15.599381 12.831879 30.096389 22.715691 28.307739 -135.410039 -142.318218 17.683636 71.335496 32.959829 27.467891 24.437519 -562.756059 -3128.913130 -2688.891683 -2673.484733 -3642.022475 -2682.030855 -2605.241539 -794.756347 -368.128121 23.621150 24.381611 38.135688 -165.548904 -162.945521 19.657487 -184.245141 31.028167 40.870837 -69.208059 -94.439930 -94.347546 -117.657282 -9999.0 -9999.0 -9999.0 -9999.0
-9999.0 -9999.0 -9999.0 -9999.0 -9999.0 -9999.0 -9999.0 -9999.0 -9999.0 -9999.0 1499.947065 17.375872 -218.005528 -245.043067 -252.812108 1339.314481 1341.448916 -282.977490 -917.707110 -635.733792 29.868950 33.265787 -79.172320 -225.796729 14.155937 1686.208208 25.496447 -302.774171 25.442778 25.076807 64.152462 273.521555 33.372243 31.603289 -87.149884 -114.147564 -1772.673668 -2599.771138 -2467.304050 -2780.454038 -2769.873029 -524.733054 -144.221997 -705.100633 10.779871 -107.566557 27.190303 27.082473 29.412599 11.632404 -243.532172 -131.044499 -76.852256 -0.744236 -105.433358 33.151775 40.131060 -9999.0 -9999.0 -9999.0 -9999.0
-9999.0 -9999.0 -9999.0 -9999.0 -9999.0 -9999.0 -9999.0 -9999.0 -9999.0 28.153147 32.088288 30.177572 23.981841 -252.404091 21.608289 24.505269 -197.985046 -258.730652 -585.295932 -1142.616898 -210.101511 -652.573808 -159.510290 -398.178672 -248.318334 26.911081 -172.693226 23.729286 20.329356 16.244050 10.848127 31.993326 -90.908492 -87.997838 -118.578886 -119.217631 31.069624 -765.519476 -925.958394 -620.107136 -798.720546 -523.477695 -391.250172 -1439.858567 -580.771094 -129.639081 21.429714 -228.534016 -188.175275 10.447388 36.932536 -112.209935 -5.770487 -6.578620 -113.943739 53.269050 83.816390 -97.700276 -101.232529 -9999.0 -9999.0
-9999.0 -9999.0 -9999.0 -9999.0 -9999.0 -9999.0 -9999.0 -9999.0 -9999.0 65.185601 33.754122 26.373104 3218.969312 -312.886120 -323.563558 -301.106764 -252.180913 -284.643317 -716.805112 -1332.982539 -1109.089719 -1397.301738 -292.218883 23.154758 26.194516 -213.230372 11.262122 8.937510 -240.016274 17.408748 31.474775 33.653402 37.390271 27.530481 31.134796 -109.097495 -107.111727 -106.153618 -119.249188 32.940140 19.244928 21.014477 -780.716535 -516.273196 -562.338702 -813.366131 -644.300021 -945.188979 -452.640406 -194.279113 28.834452 20.259254 -83.058247 32.803247 -39.610020 41.688494 90.843849 59.921914 -98.959486 -9999.0 -9999.0
-9999.0 -9999.0 -9999.0 -9999.0 -9999.0 -9999.0 -9999.0 -9999.0 -9999.0 -9999.0 24.991796 31.108209 19.009152 1637.387572 -371.619689 -349.252382 -290.478289 -308.861046 -973.310084 -1048.840924 -674.377213 -235.869973 -72.212740 24.722502 -222.416386 10.046846 11.482884 -124.181018 29.358395 28.522603 31.471857 3286.359532 25.643763 31.089115 37.068330 44.734190 -264.402558 25.374186 -92.592244 33.068873 25.371072 23.557220 3343.797393 21.243605 30.219491 24.727159 28.073564 -191.473487 -250.695984 20.662608 33.082343 34.111589 -129.021932 -0.657805 47.551390 37.851200 54.586555 11335.435195 88.099239 -100.559676 -9999.0
-9999.0 -9999.0 -9999.0 -9999.0 -9999.0 -9999.0 -9999.0 -9999.0 -9999.0 -9999.0 30.053999 27.975352 23.865591 18.213163 -424.043130 -572.346424 -363.160376 -849.386151 -1492.658488 -1119.602768 -1190.926981 -755.402455 -347.869520 -340.390114 -235.039653 -237.530178 -110.650668 29.754259 31.135396 26.393180 33.177550 53.591979 -131.175482 28.355602 28.403880 45.356252 2536.884845 24.648117 26.689995 28.460829 31.831554 -53.855772 56.445808 28.116027 30.076018 31.518130 22.111573 29.653207 39.073439 17.178576 40.024917 38.211817 23.534015 -106.343307 -88.397606 -98.614796 25.918987 22.403002 211.608418 119.671993 -9999.0
-9999.0 -9999.0 -9999.0 -9999.0 -9999.0 -9999.0 -9999.0 -9999.0 25.208195 -197.907225 -254.489311 32.050926 126.608755 30.898208 20.439439 -498.031764 -1487.652913 -1605.343469 -1639.614194 -1189.065388 -1524.011846 -1384.072787 -1131.417483 -1149.880041 -853.822402 -256.700281 28.033976 29.676887 30.072786 34.888372 -37.005095 36.953750 32.754671 27.070082 39.839180 25.409326 27.115284 30.296525 29.093082 -142.984303 -242.842789 46.932422 -204.005769 -114.520035 -170.261525 1619.545225 29.394273 21.442631 28.146055 8.211999 37.013352 46.184831 25.571880 27.226675 -145.887124 25.523130 -150.079507 21.782192 16.052400 129.260076 -9999.0
-9999.0 -9999.0 -9999.0 -9999.0 -9999.0 -9999.0 -9999.0 -9999.0 1056.451375 23.263480 20.905044 24.208994 23.364450 1381.668424 -199.861268 -254.177461 -525.319317 -868.232378 -2096.809160 -1323.650813 -1174.672549 -1624.574523 -940.527142 -1333.936098 -1531.758651 -248.684564 25.937698 28.956551 -224.506068 28.922268 28.897549 -583.120806 44.485487 -600.360749 36.970872 28.499599 47.488508 44.424500 27.061356 29.983379 31.373441 28.862678 -290.033551 29.365435 1960.147541 28.624313 -164.646296 28.987833 25.343415 26.576913 15.628378 26.083259 31.443531 24.854580 21.434427 -251.479561 16.742623 19.046819 20.524737 20.043183 -855.861501
-9999.0 -9999.0 -9999.0 -9999.0 -9999.0 -9999.0 -9999.0 -9999.0 27.205725 2348.575460 19.282600 17.709134 86.628675 -114.963428 -168.939879 -125.959351 -526.515712 -1249.021870 -2012.829943 -1035.417236 -1345.334511 -1762.339211 -1642.276541 -1398.519610 -1092.155262 15.750451 22.839028 26.255241 -222.106495 29.220828 -602.577644 35.547052 19.997965 27.894162 33.547046 58.979699 45.022673 21.221674 38.162620 31.960796 34.361497 -773.207411 32.797468 1973.486017 25.777804 33.863572 -268.770045 24.985526 14.843859 25.073210 -209.188876 27.718590 28.775213 21.809882 22.672786 26.207836 21.774867 20.337459 22.677470 -352.987948 -650.572928
-9999.0 -9999.0 -9999.0 -9999.0 -9999.0 -9999.0 -9999.0 -9999.0 -237.724967 27.357118 34.235406 -150.278587 31.199474 10.818669 26.470707 -226.353667 -712.472547 -2322.111778 -795.786290 -1608.893027 -1193.706781 -1239.249073 -1489.371921 -1218.551604 -875.650384 15.593314 21.988510 26.533332 22.340905 25.657688 22.482475 29.200064 31.835094 35.376325 30.963405 -167.028077 21.999965 16.329090 53.973844 26.976906 26.335475 29.609518 32.697482 -258.750916 23.412600 -261.600226 27.202797 -340.176183 -226.193945 -72.231243 -102.458321 -164.089976 22.135615 -125.880619 20.542011 27.841229 38.072087 49.043029 -716.822919 -638.887050 -418.137545
-9999.0 -9999.0 -9999.0 -9999.0 -9999.0 -9999.0 -9999.0 -9999.0 -147.655586 27.536609 3318.849976 23.814145 29.281486 23.199425 18.165139 -309.175540 -244.452220 -387.623014 -371.687554 -868.643729 -1389.855659 -1169.801675 -1046.389535 -917.536774 -1002.011291 -540.446442 -109.543830 11.138852 10.426714 29.009617 25.686429 20.721851 43.726236 31.723990 34.172196 34.860352 25.355131 15.481219 52.248312 22.548518 20.976967 42.217084 35.546466 28.677094 19.401391 24.873251 21.274908 29.533157 -92.703672 15.177392 -300.716984 -858.274285 -328.598595 -407.579106 100.282516 103.496167 15.787608 -337.512692 -364.352246 -328.757989 16.862442
-9999.0 -9999.0 -169.345818 25.169106 769.432809 -166.561789 57.247879 22.271102 24.699442 29.326863 33.217316 69.708615 41.973610 28.694947 -269.696480 -113.439358 24.864724 22.661451 13.425515 -285.198367 -1008.687231 -1492.016474 -882.465028 -1370.627224 -867.198475 -949.629381 -642.028612 -357.009793 13.711639 28.848847 -115.115678 19.262521 111.497310 25.303726 28.714431 26.888119 21.016112 19.671706 42.639742 28.999510 23.194659 32.075524 48.664077 27.145261 24.815662 19.383573 19.210257 18.907095 19.255286 -575.406950 -1120.305662 -1015.714019 15.894446 16.022009 16.667649 25.954859 47.294417 27.692939 27.439567 24.280780 24.058425
-9999.0 -207.201790 14.720209 12.708783 -239.907975 41.287565 58.608677 21.124631 18.141940 28.781982 18.975602 24.788668 30.890909 47.634874 18.538350 29.064675 21.012478 16.510132 -191.945090 -301.822189 -1107.618125 -571.158519 -597.508875 -1281.324736 -1521.914442 -1292.602077 -1496.182030 -1651.639309 -802.131912 -262.338217 -1061.344119 -693.677260 44.374584 43.238402 25.199412 14.937453 21.284750 -218.149790 29.028621 15.111712 15.899652 32.471266 45.442585 18.725580 -274.541265 -427.472349 -355.753580 -479.862824 -770.524014 -1449.219019 -536.262344 14.615606 54.092604 63.109999 57.851488 27.979188 30.474083 24.660237 24.477685 24.264469 23.155526
