user2019/resources/simulation/Vinschgau/output-maps/psiL0007N0588.asc
ncols         63
nrows         48
xllcorner     598000.000000
yllcorner     5145000.000000
cellsize      1000.000000
NODATA_value  -9999.0
[rows 0 to 25 of 48, columns 0 to 57 of 63]
-9999.0 -9999.0 -9999.0 -9999.0 -9999.0 -9999.0 -9999.0 -9999.0 -9999.0 -9999.0 -9999.0 -9999.0 -9999.0 -9999.0 -9999.0 -9999.0 -9999.0 -9999.0 -9999.0 -9999.0 -9999.0 -9999.0 -9999.0 -9999.0 -9999.0 -9999.0 -9999.0 -9999.0 -9999.0 -9999.0 -9999.0 -9999.0 -9999.0 -9999.0 -9999.0 -9999.0 -9999.0 -9999.0 -9999.0 -9999.0 -9999.0 -9999.0 -9999.0 -9999.0 -9999.0 -9999.0 -9999.0 -9999.0 -9999.0 -9999.0 -9999.0 -9999.0 -9999.0 -9999.0 -9999.0 -9999.0 -9999.0 -9999.0
-9999.0 -9999.0 -9999.0 -9999.0 -9999.0 -9999.0 -9999.0 -9999.0 -9999.0 -9999.0 -9999.0 -9999.0 -9999.0 -9999.0 -9999.0 -9999.0 -9999.0 -9999.0 -9999.0 -9999.0 -9999.0 -9999.0 -9999.0 -9999.0 -9999.0 -9999.0 -9999.0 -594.134069 -330.125348 -593.478256 -293.098017 -574.059277 -214.409947 -9999.0 -9999.0 -9999.0 -9999.0 -9999.0 -9999.0 -9999.0 -9999.0 -9999.0 -9999.0 -9999.0 -9999.0 -9999.0 -9999.0 -9999.0 -9999.0 -9999.0 -9999.0 -9999.0 -9999.0 -9999.0 -9999.0 -9999.0 -9999.0 -9999.0
-9999.0 -9999.0 -9999.0 -9999.0 -9999.0 -9999.0 -9999.0 -9999.0 -9999.0 -9999.0 -9999.0 -9999.0 -9999.0 -9999.0 -9999.0 -9999.0 -9999.0 -9999.0 -9999.0 -9999.0 -9999.0 -9999.0 -9999.0 -9999.0 -113.895185 -121.451662 -102.049359 -91.664420 -58.878925 -189.811049 -385.870184 -9999.0 -9999.0 -9999.0 -9999.0 -9999.0 -9999.0 -9999.0 -9999.0 -9999.0 -9999.0 -9999.0 -9999.0 -9999.0 -9999.0 -9999.0 -9999.0 -9999.0 -9999.0 -9999.0 -9999.0 -9999.0 -9999.0 -9999.0 -9999.0 -9999.0 -9999.0 -9999.0
-9999.0 -9999.0 -9999.0 -9999.0 -9999.0 -9999.0 -9999.0 -9999.0 -9999.0 -9999.0 -9999.0 -9999.0 -9999.0 -9999.0 -9999.0 -9999.0 -9999.0 -9999.0 -9999.0 -9999.0 -9999.0 -9999.0 -9999.0 -126.090651 -86.905330 -855.379530 -6655.517011 -39258.645134 -36964.811114 -381.756739 -331.450101 -392.269756 -9999.0 -9999.0 -9999.0 -9999.0 -9999.0 -9999.0 -9999.0 -9999.0 -9999.0 -9999.0 -9999.0 -9999.0 -9999.0 -9999.0 -9999.0 -9999.0 -9999.0 -9999.0 -9999.0 -9999.0 -9999.0 -9999.0 -9999.0 -9999.0 -9999.0 -9999.0
-9999.0 -9999.0 -9999.0 -9999.0 -9999.0 -9999.0 -9999.0 -9999.0 -9999.0 -9999.0 -9999.0 -9999.0 -9999.0 -9999.0 -9999.0 -9999.0 -9999.0 -9999.0 350.664631 -123.321618 -9999.0 -108.916595 -89.506303 -38777.800520 -5447.150300 -39809.497128 -369.615861 -299.570649 -423.415100 -2209.696260 -298.653440 -291.377866 -593.173333 -593.165390 -9999.0 -9999.0 -9999.0 -9999.0 -9999.0 -9999.0 -9999.0 -9999.0 -9999.0 -9999.0 -9999.0 -9999.0 -9999.0 -9999.0 -9999.0 -9999.0 -9999.0 -9999.0 -9999.0 -9999.0 -9999.0 -9999.0 -9999.0 -9999.0
-9999.0 -9999.0 -9999.0 -9999.0 -9999.0 -9999.0 -9999.0 -9999.0 -9999.0 -9999.0 -9999.0 -9999.0 -9999.0 -9999.0 -9999.0 -9999.0 -9999.0 -1093.123562 -2338.447623 -40297.267002 -591.458741 -315.143831 -1477.927900 -39064.478490 -407.941624 -5495.988820 -2029.482247 -701.751998 -2073.725457 -342.906413 -53.185775 -215.607077 -591.209888 -592.631962 -583.514756 -582.529803 -9999.0 -9999.0 -9999.0 -9999.0 -9999.0 -9999.0 -9999.0 -9999.0 -9999.0 -9999.0 -9999.0 -9999.0 -9999.0 -9999.0 -9999.0 -9999.0 -9999.0 -9999.0 -9999.0 -9999.0 -9999.0 -9999.0
-9999.0 -9999.0 -9999.0 -9999.0 -9999.0 -9999.0 -9999.0 -9999.0 -9999.0 -9999.0 -9999.0 -9999.0 -9999.0 -327.180587 -718.054796 -1037.305997 -1324.513720 -591.973814 -1088.955737 -37581.145653 -2563.274383 -6244.518705 -38138.043510 -155.722703 -2606.994373 -110.730031 -37205.594940 -29215.495416 -36926.190232 -839.748067 4068.015209 -78.806108 -254.837402 -319.127963 -582.184613 -582.574036 -9999.0 -9999.0 -9999.0 -9999.0 -9999.0 -9999.0 -9999.0 -9999.0 -9999.0 -9999.0 -9999.0 -9999.0 -9999.0 -9999.0 -9999.0 -9999.0 -9999.0 -9999.0 -9999.0 -9999.0 -9999.0 -9999.0
-9999.0 -9999.0 -9999.0 -9999.0 -9999.0 -9999.0 -9999.0 -9999.0 -9999.0 -9999.0 -9999.0 -9999.0 -9999.0 -82.748618 -848.891338 -1238.233745 -1258.061705 364.757541 -591.527407 -7077.463556 -150460.154940 -592.452790 -4215.863541 -4345.184727 -867.009129 -37590.361398 -429.527457 -582.844142 -582.354192 -35342.964580 -298.065743 -381.835735 -582.137549 -582.154716 -582.169975 -9999.0 -9999.0 -9999.0 -9999.0 -9999.0 -9999.0 -9999.0 -9999.0 -9999.0 -9999.0 -9999.0 -9999.0 -9999.0 -9999.0 -9999.0 -9999.0 -9999.0 -9999.0 -9999.0 -9999.0 -9999.0 -9999.0 -9999.0
-9999.0 -9999.0 -9999.0 -9999.0 -9999.0 -9999.0 -9999.0 -9999.0 -9999.0 -9999.0 -9999.0 -9999.0 -9999.0 -1047.296843 346.765409 -664.502918 -1133.125748 -1250.906190 -591.210697 -1048.686774 -61.496791 -38576.357695 -1765.170659 -2137.187451 -889.977191 -392.216853 -593.452188 -582.684458 -302.040005 -582.142144 -365.480463 -582.150846 -582.242821 -582.099327 -582.047061 -9999.0 -9999.0 -9999.0 -9999.0 -9999.0 -9999.0 -9999.0 -9999.0 -9999.0 -9999.0 -9999.0 -9999.0 -9999.0 -9999.0 -9999.0 -9999.0 -9999.0 -9999.0 -9999.0 -9999.0 -9999.0 -9999.0 -9999.0
-9999.0 -9999.0 -9999.0 -9999.0 -9999.0 -9999.0 -9999.0 -9999.0 -9999.0 -9999.0 -9999.0 -9999.0 -39073.480970 4400.380133 -802.296918 -543.227581 -210.215660 -872.716895 138.363025 -39262.987391 -2508.271134 -852.551997 -34312.719688 -521.909642 2415.694866 -387.947971 -100.285623 -342.483377 -203.562235 -582.474966 -543.216608 -593.669526 -258.535213 -584.376777 -9999.0 -9999.0 -9999.0 -9999.0 -9999.0 -9999.0 -9999.0 -9999.0 -9999.0 -9999.0 -9999.0 -9999.0 -9999.0 -9999.0 -9999.0 -9999.0 -9999.0 -9999.0 -9999.0 -9999.0 -9999.0 -9999.0 -9999.0 -9999.0
-9999.0 -9999.0 -9999.0 -9999.0 -9999.0 -9999.0 -9999.0 -9999.0 -9999.0 -9999.0 -9999.0 -96.417428 -349.397971 336.067158 -619.557864 -95.237979 -39007.720204 -393.683874 371.392723 -40561.015372 -143103.712921 -96.455131 -247.279448 -338.983772 -34884.473898 -267.502206 -437.600976 -254.939993 1511.781189 -582.485344 -593.217944 -211.061350 -590.165561 -584.513753 -591.986447 -593.264975 -579.685030 -585.597440 -593.217523 -9999.0 -9999.0 -9999.0 -584.534746 -9999.0 -9999.0 -9999.0 -9999.0 -9999.0 -9999.0 -9999.0 -9999.0 -9999.0 -9999.0 -9999.0 -9999.0 -9999.0 -9999.0 -9999.0
-9999.0 -9999.0 -9999.0 -9999.0 -9999.0 -9999.0 -9999.0 -9999.0 -9999.0 -9999.0 -9999.0 -104.917418 -426.520197 -38885.513077 -531.432121 -413.773368 -737.887030 -7278.127550 354.954059 361.134213 -48.823817 -237.068015 -71.911600 -235.209934 -195.997997 -313.637229 -283.113482 -212.819612 -593.131149 -584.240937 -234.846740 -165.866158 -350.743995 -317.762434 -558.899987 -431.749195 -522.181886 -562.811793 -578.520333 -592.846299 -591.998699 -590.256065 -317.629459 -584.390056 -9999.0 -9999.0 -9999.0 366.090067 -367.954579 -594.579588 -301.036659 -594.693400 -594.222054 361.035450 386.881459 -585.197125 -9999.0 -9999.0
-9999.0 -9999.0 -9999.0 -9999.0 -9999.0 -9999.0 -9999.0 -9999.0 -9999.0 -9999.0 -9999.0 -76.372108 -115.675027 -25587.648542 392.887216 -279.595071 -231.815319 -779.275715 -54.993698 96.144220 278.030235 -27954.816943 -244.810291 -68.617268 -329.068638 -592.529475 -230.771485 -77.667171 -584.192691 -352.449982 -583.378188 -24364.357785 -277.881396 -392.478445 -588.861574 -483.351429 -13362.092493 -36823.750355 -575.021455 -591.979399 -587.763278 -591.748512 -359.069759 -353.660255 -432.140484 -9999.0 -586.253212 -299.123501 -247.572841 -208.465958 -464.897086 -594.086734 -445.035547 -186.094427 -395.189075 -263.635497 -9999.0 -9999.0
-9999.0 -9999.0 -9999.0 -9999.0 -9999.0 -9999.0 -9999.0 -9999.0 -9999.0 -9999.0 -9999.0 -9999.0 -90.943993 336.009120 -99.855453 -95.489036 -605.318169 -786.099978 372.490448 37.946604 -885.624667 -29241.717188 -28585.559023 -210.146738 -217.468883 -246.205799 1024.270503 -555.816584 -298.856853 -593.746191 -261.455231 -222.500686 -577.689179 -341.782459 -441.721585 -492.667459 -14583.024362 -24645.546733 -353.060752 -592.453163 -490.075665 -592.410559 -30518.467972 -93.362205 -593.037269 -310.396840 -594.130750 -317.739583 -24515.291617 -220.290394 277.299729 -158.922945 909.953641 437.706253 -192.546069 -109.460038 -99.379729 -9999.0
-9999.0 -9999.0 -9999.0 -9999.0 -9999.0 -9999.0 -9999.0 -9999.0 -9999.0 -9999.0 -9999.0 335.665061 -119.215315 -563.186273 -205.272473 -215.173753 -210.041948 -702.798918 -30.177921 -333.263093 -972.932698 -775.255631 -214.637956 -26711.455650 -260.855070 -193.373971 341.135812 -358.210509 -391.031354 -592.942305 -241.669476 -197.278942 -197.345149 -296.927796 -431.955716 -347.002721 -586.741932 -36051.444572 -961.797259 -575.411785 -35132.905648 -17471.572436 -545.104102 -33148.575296 -254.876215 -361.446381 -218.048244 -593.635601 -593.896743 -29642.234719 -27752.198241 -365.674377 -209.449957 -17636.578636 -8380.024137 -584.245133 -594.476081 -9999.0
-9999.0 -9999.0 -9999.0 -9999.0 -9999.0 -9999.0 -9999.0 -9999.0 -9999.0 -9999.0 1750.822064 -209.198857 -73.066591 -100.543206 -73.773323 751.449179 754.517370 -673.690144 -630.765641 -495.253214 358.483307 352.917345 -21331.980524 -81.568011 -282.699191 1761.280834 -21161.167537 -31103.088580 -535.027444 -243.547584 -193.739694 -114.450182 -257.245686 -311.882925 -582.283407 -591.817264 -497.977024 -11148.450542 -17654.654398 -9827.535689 -35403.269716 -32649.311531 -584.320379 -469.655969 -396.195227 -592.795396 -248.000890 -27913.951690 -222.808786 -231.972290 -29470.282897 -584.612916 -7508.030808 -584.335086 -584.997192 -236.286232 -237.891466 -9999.0
-9999.0 -9999.0 -9999.0 -9999.0 -9999.0 -9999.0 -9999.0 -9999.0 -9999.0 -314.610439 387.931719 366.927708 -192.234803 -247.038930 357.051434 -202.795987 -254.384788 -59.587622 -1341.604369 -862.024345 76.857383 -1426.396242 -34814.547791 -587.893906 290.332747 -12974.886687 -290.591182 -228.526134 -28484.304177 -277.167783 -215.530763 -151973.083649 -582.647687 -582.542729 -586.003331 -583.970087 -269.961899 -882.514858 -6123.582470 -466.689692 -1343.645491 -1061.965619 -99481.418676 -10631.916597 -128768.420555 -30830.508791 -207.309462 -30706.195075 -29288.315497 256.874162 -30456.538234 -594.276426 -584.291630 -586.793430 -591.382114 -18603.264428 -169.038959 -593.769326
-9999.0 -9999.0 -9999.0 -9999.0 -9999.0 -9999.0 -9999.0 -9999.0 -9999.0 -497.476762 -309.012935 -290.740169 2141.682181 -272.845903 -295.928756 -281.696308 -56.508395 -285.000690 -1429.745438 -495.277394 -388.497533 -207.637563 -89.762866 -80.163630 -13552.624926 -329.337836 -297.538494 -300.057942 -319.201924 304.824705 -530.186384 -14481.800769 -267.655314 -331.446249 -232.506442 -591.770485 -592.821458 -592.663435 -526.921220 -256.946851 31.234330 -22752.532249 -1501.879926 -502.900608 -508.132061 -518.820942 -807.412070 -31996.327736 -30968.059709 -265.593203 -152512.535363 -17438.571026 -585.838177 -355.904089 -585.152730 394.048761 -18332.317274 -168.422869
-9999.0 -9999.0 -9999.0 -9999.0 -9999.0 -9999.0 -9999.0 -9999.0 -9999.0 -9999.0 -317.807904 -246.576582 -191.971620 1867.827728 -29788.968047 -296.339632 -276.407690 -358.471493 -1580.703590 -876.608288 -254.827894 -93623.935219 -665.847753 -16402.549472 -339.567819 -344.612684 -413.071939 -272.715177 -516.708070 -445.126894 -11220.139853 3246.858107 -15199.256541 -331.149234 -213.733815 -176.191557 -147.198154 -95.486356 -593.557544 -324.945872 -449.082005 -85.010677 2158.110355 -23926.504964 -18983.043982 -881.527241 -36929.436180 -73.317136 -32096.117343 -28081.608838 -152879.874489 -29017.155355 -594.606432 -585.937726 -130.723685 -316.382214 -86.560961 10994.370760
-9999.0 -9999.0 -9999.0 -9999.0 -9999.0 -9999.0 -9999.0 -9999.0 -9999.0 -9999.0 -285.998810 -274.461447 -95.520125 -201.003915 325.129051 -1124.079228 -894.742123 -500.345239 -1236.475744 -941.367363 -1202.271105 -1538.241078 -1185.322254 -532.378997 -433.109976 -504.694269 266.516265 -617.776046 -487.975577 -8906.084743 -325.798667 -70.171077 -31290.014355 -372.898776 -333.806844 -88.421139 1580.212428 -231.275371 -24289.772625 -358.631463 -261.138733 -594.044325 -202.445947 -330.449734 371.356631 -151417.884271 -217.143117 -18272.435283 -27022.272885 -29266.297760 -27373.550851 -25232.256994 -189.137360 -594.666164 -584.584880 -594.498105 -369.605226 -20347.128686
-9999.0 -9999.0 -9999.0 -9999.0 -9999.0 -9999.0 -9999.0 -9999.0 -71.372500 -249.815952 -569.140277 -84.379506 -145.771280 -190.082900 -603.439962 -141.023348 -1957.686243 -190.846783 -804.683667 -981.168591 -1412.082011 -8567.838663 -4939.350566 -3471.671390 -1032.114719 -173.890768 346.544425 -445.745496 -178.806251 -17605.686891 -583.191268 -290.868333 -283.197886 -332.359954 -256.782517 -439.249829 -268.754409 -214.321901 -12095.294760 -593.903667 -586.408059 -85.297751 -27814.152654 -583.342352 -593.812232 1080.331227 -12055.406283 -207.408520 -18424.757652 238.255555 -929.891354 -152864.657700 -187.658989 -17498.107673 -593.888605 -386.521503 -593.756507 -44.757602
-9999.0 -9999.0 -9999.0 -9999.0 -9999.0 -9999.0 -9999.0 -9999.0 -13920.226116 -191.122221 -23952.939506 -344.596198 -314.187353 825.794550 -565.291069 -713.923239 -1184.838803 -1469.939907 -152854.114551 -1003.813669 -399.760944 -631.824524 -448.704945 -229.273905 -10036.341865 -196.782481 288.807948 -172.404408 -29604.918612 -272.922797 -288.778096 -593.222398 -230.061425 -594.333498 -71.678767 -69.919959 -180.510810 -191.975146 -24217.562365 -248.626860 -332.305491 -583.518298 -584.588721 -242.551765 1316.879291 -198.788841 -28379.954774 -287.792025 -21329.888879 -780.562314 -927.724939 -174.137700 -521.894714 -213.697620 -454.813804 -31095.749910 -26295.345046 -26184.274642
-9999.0 -9999.0 -9999.0 -9999.0 -9999.0 -9999.0 -9999.0 -9999.0 -314.911003 1237.012563 -512.560662 -21607.696052 -39.512376 -29532.403195 -215.850526 -19566.387091 -1254.818558 -2067.594941 -13933.239865 -361.414048 -1007.562621 -647.117009 -682.292830 -1000.576022 -438.763829 -1396.805003 -723.544114 -518.889905 -31536.952571 -250.767809 -593.395317 -55.521034 -205.723538 -29807.825798 -65.519890 -152.711690 -24717.948822 -19079.346953 -12464.754290 -21205.026446 -276.813355 -594.328452 -78.824508 1321.157848 -226.039309 -100.002715 -594.043729 -95.546222 -232.250492 -16563.678280 189.363302 -875.429282 -17303.621533 -14311.045145 -25780.068222 -152.166053 -164.272303 -195.301392
-9999.0 -9999.0 -9999.0 -9999.0 -9999.0 -9999.0 -9999.0 -9999.0 -583.452682 -241.078849 337.840134 -31216.590023 -53.392490 303.392980 -151609.809385 -852.192481 -137345.213683 -11935.089119 -365.388321 -1073.431016 -995.462625 -971.418744 -608.320247 -578.886448 -1140.231660 -1168.432796 -641.155468 -17743.260802 -79.523826 -27427.355721 -29193.140410 -27681.136696 -31680.952399 -182.128842 -30524.844892 -409.957102 -355.849137 -677.837317 -13974.207569 -22645.313655 -296.826995 -233.778568 -221.879621 -593.528341 -108.026881 -593.988366 -517.119683 -593.893518 -388.366502 -26299.112163 -663.786979 -864.408202 -896.725708 240.818972 -156.425750 -144.192205 -931.407584 301.527007
-9999.0 -9999.0 -9999.0 -9999.0 -9999.0 -9999.0 -9999.0 -9999.0 -115.965687 -72.686208 3317.472973 -14735.488247 -15447.480787 -664.479585 -44.463026 -155.987435 172.906164 -1207.959970 -1049.149678 -1476.188793 -1318.833461 -963.391554 -951.846848 -920.829182 -236.880135 -1404.130983 -779.180637 -314.204473 -377.130306 -206.087903 -18295.245416 -203.863542 -28878.319169 -187.476836 -27893.927434 -28100.043957 -25922.266484 -707.560310 -15778.128683 -172.187495 -24271.780650 -31724.369765 -26203.749684 -30607.899804 -25602.238319 -274.593580 -27173.733309 -27079.333585 -27571.728381 -29159.336376 -30991.338299 -1550.900260 -945.657752 -292.246791 -70.479912 373.386124 279.996643 33.252786
-9999.0 -9999.0 -564.317330 -93.923603 -49.878660 -273.651611 -169.501119 -197.278615 -69.799132 -73.862625 -175.688480 304.634699 -653.351053 -154.842704 -48.160528 227.780669 -17048.649179 -493.757228 -272.633989 -1015.539373 -2262.444885 -1190.329387 -520.171791 -1077.254750 -923.760732 -4787.388704 -1526.927537 -1284.012479 -1371.373328 -58.632302 -809.543360 -737.632677 366.985031 -786.926958 -236.129613 -666.616335 -270.501581 -749.163264 -15221.979028 -13568.920386 -26816.421724 -28055.256785 -22830.040642 -957.172381 -20391.268747 -27901.931893 -264.755224 257.259673 -31096.615717 -504.075004 -791.342989 -438.326422 307.017797 272.757776 278.744587 376.901402 300.793190 256.870717
