user2019/resources/simulation/Vinschgau/output-maps/psiL0008N1057.asc
ncols         63
nrows         48
xllcorner     598000.000000
yllcorner     5145000.000000
cellsize      1000.000000
NODATA_value  -9999.0
[rows 0 to 25 of 48, columns 0 to 57 of 63]
-9999.0 -9999.0 -9999.0 -9999.0 -9999.0 -9999.0 -9999.0 -9999.0 -9999.0 -9999.0 -9999.0 -9999.0 -9999.0 -9999.0 -9999.0 -9999.0 -9999.0 -9999.0 -9999.0 -9999.0 -9999.0 -9999.0 -9999.0 -9999.0 -9999.0 -9999.0 -9999.0 -9999.0 -9999.0 -9999.0 -9999.0 -9999.0 -9999.0 -9999.0 -9999.0 -9999.0 -9999.0 -9999.0 -9999.0 -9999.0 -9999.0 -9999.0 -9999.0 -9999.0 -9999.0 -9999.0 -9999.0 -9999.0 -9999.0 -9999.0 -9999.0 -9999.0 -9999.0 -9999.0 -9999.0 -9999.0 -9999.0 -9999.0
-9999.0 -9999.0 -9999.0 -9999.0 -9999.0 -9999.0 -9999.0 -9999.0 -9999.0 -9999.0 -9999.0 -9999.0 -9999.0 -9999.0 -9999.0 -9999.0 -9999.0 -9999.0 -9999.0 -9999.0 -9999.0 -9999.0 -9999.0 -9999.0 -9999.0 -9999.0 -9999.0 -255.508946 -253.879083 -255.664526 -254.854073 -256.400266 -248.096539 -9999.0 -9999.0 -9999.0 -9999.0 -9999.0 -9999.0 -9999.0 -9999.0 -9999.0 -9999.0 -9999.0 -9999.0 -9999.0 -9999.0 -9999.0 -9999.0 -9999.0 -9999.0 -9999.0 -9999.0 -9999.0 -9999.0 -9999.0 -9999.0 -9999.0
-9999.0 -9999.0 -9999.0 -9999.0 -9999.0 -9999.0 -9999.0 -9999.0 -9999.0 -9999.0 -9999.0 -9999.0 -9999.0 -9999.0 -9999.0 -9999.0 -9999.0 -9999.0 -9999.0 -9999.0 -9999.0 -9999.0 -9999.0 -9999.0 -223.997646 -228.194922 -216.121902 -215.206902 -186.189636 -249.204298 -255.004435 -9999.0 -9999.0 -9999.0 -9999.0 -9999.0 -9999.0 -9999.0 -9999.0 -9999.0 -9999.0 -9999.0 -9999.0 -9999.0 -9999.0 -9999.0 -9999.0 -9999.0 -9999.0 -9999.0 -9999.0 -9999.0 -9999.0 -9999.0 -9999.0 -9999.0 -9999.0 -9999.0
-9999.0 -9999.0 -9999.0 -9999.0 -9999.0 -9999.0 -9999.0 -9999.0 -9999.0 -9999.0 -9999.0 -9999.0 -9999.0 -9999.0 -9999.0 -9999.0 -9999.0 -9999.0 -9999.0 -9999.0 -9999.0 -9999.0 -9999.0 -229.617821 -199.124600 -188.259624 -255.999395 -296.800694 -290.312504 -254.459275 -254.168513 -254.412546 -9999.0 -9999.0 -9999.0 -9999.0 -9999.0 -9999.0 -9999.0 -9999.0 -9999.0 -9999.0 -9999.0 -9999.0 -9999.0 -9999.0 -9999.0 -9999.0 -9999.0 -9999.0 -9999.0 -9999.0 -9999.0 -9999.0 -9999.0 -9999.0 -9999.0 -9999.0
-9999.0 -9999.0 -9999.0 -9999.0 -9999.0 -9999.0 -9999.0 -9999.0 -9999.0 -9999.0 -9999.0 -9999.0 -9999.0 -9999.0 -9999.0 -9999.0 -9999.0 -9999.0 -54.436780 -230.988357 -9999.0 -219.689245 -200.859229 -292.918895 -254.493737 -298.903862 -116.079782 -89.171562 -74.316667 -253.563616 -253.725730 -253.687109 -255.845687 -256.003131 -9999.0 -9999.0 -9999.0 -9999.0 -9999.0 -9999.0 -9999.0 -9999.0 -9999.0 -9999.0 -9999.0 -9999.0 -9999.0 -9999.0 -9999.0 -9999.0 -9999.0 -9999.0 -9999.0 -9999.0 -9999.0 -9999.0 -9999.0 -9999.0
-9999.0 -9999.0 -9999.0 -9999.0 -9999.0 -9999.0 -9999.0 -9999.0 -9999.0 -9999.0 -9999.0 -9999.0 -9999.0 -9999.0 -9999.0 -9999.0 -9999.0 -540.603829 -95643.693885 -297.202842 -255.305686 -119.632460 -252.966735 -287.772231 -115.278554 -12521.938366 -16276.215384 -251.898325 -11627.782307 -94.899165 -177.791810 -251.240229 -255.810723 -255.868127 -257.013249 -256.985420 -9999.0 -9999.0 -9999.0 -9999.0 -9999.0 -9999.0 -9999.0 -9999.0 -9999.0 -9999.0 -9999.0 -9999.0 -9999.0 -9999.0 -9999.0 -9999.0 -9999.0 -9999.0 -9999.0 -9999.0 -9999.0 -9999.0
-9999.0 -9999.0 -9999.0 -9999.0 -9999.0 -9999.0 -9999.0 -9999.0 -9999.0 -9999.0 -9999.0 -9999.0 -9999.0 -253.416132 -252.186307 -490.750014 -1114.424710 -252.702002 -522.873582 -293.009302 -253.220816 -254.864583 -294.648344 -242.720715 -8130.065532 -222.404443 -279.769777 -274.942310 -277.637229 -252.418899 8689.537894 -202.527377 -253.472238 -255.375508 -256.846421 -256.958610 -9999.0 -9999.0 -9999.0 -9999.0 -9999.0 -9999.0 -9999.0 -9999.0 -9999.0 -9999.0 -9999.0 -9999.0 -9999.0 -9999.0 -9999.0 -9999.0 -9999.0 -9999.0 -9999.0 -9999.0 -9999.0 -9999.0
-9999.0 -9999.0 -9999.0 -9999.0 -9999.0 -9999.0 -9999.0 -9999.0 -9999.0 -9999.0 -9999.0 -9999.0 -9999.0 -184.406455 -252.371546 -584.638357 -836.904824 -53.473085 -252.772311 -256.576326 -114301.984341 -252.618174 -22726.382409 -11414.635607 -252.441483 -282.245775 -254.520069 -256.727746 -256.834126 -272.427443 -254.384554 -255.812962 -256.774898 -256.684415 -256.812059 -9999.0 -9999.0 -9999.0 -9999.0 -9999.0 -9999.0 -9999.0 -9999.0 -9999.0 -9999.0 -9999.0 -9999.0 -9999.0 -9999.0 -9999.0 -9999.0 -9999.0 -9999.0 -9999.0 -9999.0 -9999.0 -9999.0 -9999.0
-9999.0 -9999.0 -9999.0 -9999.0 -9999.0 -9999.0 -9999.0 -9999.0 -9999.0 -9999.0 -9999.0 -9999.0 -9999.0 -252.849981 -21.546415 -177.125181 -603.825100 -686.542654 -252.824701 -723.314147 -158.960160 -287.089918 -12853.047122 -11489.828127 -251.983896 -251.397706 -255.529222 -256.824094 -253.916269 -256.827058 -255.790923 -256.344532 -256.520529 -256.339490 -256.732628 -9999.0 -9999.0 -9999.0 -9999.0 -9999.0 -9999.0 -9999.0 -9999.0 -9999.0 -9999.0 -9999.0 -9999.0 -9999.0 -9999.0 -9999.0 -9999.0 -9999.0 -9999.0 -9999.0 -9999.0 -9999.0 -9999.0 -9999.0
-9999.0 -9999.0 -9999.0 -9999.0 -9999.0 -9999.0 -9999.0 -9999.0 -9999.0 -9999.0 -9999.0 -9999.0 -286.329640 7135.987116 -252.235109 -251.424719 -359.264645 -499.269773 -72.365514 -298.943886 -253.295071 -252.605512 -280.629286 -254.425923 2464.013653 -255.568934 -191.782920 -254.191657 -250.836165 -256.770538 -256.172154 -256.026108 -253.862759 -256.917866 -9999.0 -9999.0 -9999.0 -9999.0 -9999.0 -9999.0 -9999.0 -9999.0 -9999.0 -9999.0 -9999.0 -9999.0 -9999.0 -9999.0 -9999.0 -9999.0 -9999.0 -9999.0 -9999.0 -9999.0 -9999.0 -9999.0 -9999.0 -9999.0
-9999.0 -9999.0 -9999.0 -9999.0 -9999.0 -9999.0 -9999.0 -9999.0 -9999.0 -9999.0 -9999.0 -206.522193 -247.534173 927.939277 -251.892900 -180.973538 -286.053067 -523.408727 184.375178 -298.005116 -150613.809631 -74.964383 -252.150644 -255.001222 -277.331399 -253.477640 -255.992867 -253.098045 3012.097829 -256.795316 -256.093749 -251.560466 -256.219126 -257.003855 -256.251800 -255.857626 -255.421494 -255.366767 -255.276976 -9999.0 -9999.0 -9999.0 -257.070151 -9999.0 -9999.0 -9999.0 -9999.0 -9999.0 -9999.0 -9999.0 -9999.0 -9999.0 -9999.0 -9999.0 -9999.0 -9999.0 -9999.0 -9999.0
-9999.0 -9999.0 -9999.0 -9999.0 -9999.0 -9999.0 -9999.0 -9999.0 -9999.0 -9999.0 -9999.0 -220.775695 -250.050084 -281.450328 -252.004875 -254.991556 -252.570462 -134447.756783 20.784433 86.935887 -143.321727 -247.627126 -193.049967 -253.528011 -251.935287 -254.772900 -253.635389 -251.368861 -255.661933 -256.866033 -252.948279 -246.535986 -254.460248 -254.396905 -255.175394 -255.255652 -255.038078 -255.114657 -255.142026 -255.946479 -256.024439 -256.230460 -254.495256 -256.716742 -9999.0 -9999.0 -9999.0 -7.596650 -254.382060 -255.986325 -254.089252 -256.217295 -256.145219 -8.401090 24.529399 -256.907746 -9999.0 -9999.0
-9999.0 -9999.0 -9999.0 -9999.0 -9999.0 -9999.0 -9999.0 -9999.0 -9999.0 -9999.0 -9999.0 -198.078219 -226.215925 -268.517272 -72.010363 -251.326584 -245.479105 -45164.108212 -152.522354 25.211419 -14.739771 -277.183659 -253.855570 -193.384459 -255.035114 -255.591087 -253.653949 -131.376634 -256.713009 -255.260856 -256.865207 -267.561566 -253.522797 -254.656180 -256.464171 -255.179364 -262.428226 -288.819819 -255.155778 -255.784276 -255.113759 -255.567163 -255.010379 -254.287846 -254.645937 -9999.0 -256.769875 -253.929808 -253.120170 -251.255041 -254.864242 -255.557581 -254.939884 -249.034548 -253.911313 -253.154213 -9999.0 -9999.0
-9999.0 -9999.0 -9999.0 -9999.0 -9999.0 -9999.0 -9999.0 -9999.0 -9999.0 -9999.0 -9999.0 -9999.0 -206.966593 -109.854701 -205.654567 -196.409289 -12347.094195 -45457.086685 -11.707922 45.699083 -21122.663569 -279.526930 -278.724160 -253.181497 -253.494946 -253.841910 319.700126 -256.047671 -254.732600 -255.883620 -253.343938 -253.173356 -255.038468 -254.362702 -255.613744 -255.286469 -263.355529 -274.548348 -253.933309 -255.242177 -255.037158 -255.370913 -279.782763 -212.482218 -255.806088 -254.067772 -256.146298 -254.177573 -268.369890 -253.283792 -83.226546 -244.503786 656.064600 -103.658452 -249.839425 -230.883100 -224.533325 -9999.0
-9999.0 -9999.0 -9999.0 -9999.0 -9999.0 -9999.0 -9999.0 -9999.0 -9999.0 -9999.0 -9999.0 -115.848650 -231.449353 -255.072546 -252.931320 -248.473939 -244.923995 -15332.942949 -129.796306 -154.829974 -24744.067223 -12129.191893 -246.941037 -271.569888 -253.916041 -252.043716 -103.527273 -255.352474 -254.479228 -255.752203 -253.877883 -250.865022 -249.678984 -254.067793 -255.915277 -255.081004 -255.461672 -284.451158 -620.798421 -255.216657 -285.875256 -265.174882 -255.067503 -286.241251 -252.091713 -254.301286 -251.614431 -255.647006 -255.462043 -282.613999 -271.478960 -254.626268 -251.880599 -264.452966 -263.018210 -256.252719 -255.874710 -9999.0
-9999.0 -9999.0 -9999.0 -9999.0 -9999.0 -9999.0 -9999.0 -9999.0 -9999.0 -9999.0 2162.575048 -252.795117 -195.791286 -216.073069 -186.967883 -84.045093 -90.013810 -11265.146751 -516.372978 -133.645354 162.920306 280.477084 -152742.220049 -193.980122 -248.900985 2033.794715 -265.061255 -274.569404 -254.923425 -252.080729 -251.336308 -210.970286 -253.255677 -255.091334 -256.851494 -255.999036 -255.194515 -260.851824 -151959.832284 -258.158731 -288.123661 -285.141515 -253.565250 242.507778 -252.451530 -255.474253 -252.878493 -277.793548 -253.257789 -248.233126 -275.051751 -256.536859 -262.323194 -256.259761 -256.411904 -252.526312 -252.708239 -9999.0
-9999.0 -9999.0 -9999.0 -9999.0 -9999.0 -9999.0 -9999.0 -9999.0 -9999.0 -254.070026 -91.586046 -105.951140 -252.810950 -253.697143 -107.092210 -251.996949 -251.168028 -157.012515 -62712.786319 -209.473632 111.786055 -29268.770997 -152718.214627 -252.131050 -89.316935 -131435.300949 -254.552692 -251.569230 -279.487486 -250.026923 -246.737056 -130335.865171 -256.712663 -256.813530 -256.825089 -256.815092 -253.657506 -255.069683 -256.602676 -254.820376 -40715.307718 -11650.973557 -144026.735720 -20099.950690 -150714.777228 -282.788095 -248.180009 -281.869719 -278.883558 -67.919551 -277.640621 -255.903982 -256.108694 -256.494345 -256.310767 -264.465739 -248.265030 -255.758507
-9999.0 -9999.0 -9999.0 -9999.0 -9999.0 -9999.0 -9999.0 -9999.0 -9999.0 -255.055862 -254.014465 -253.751362 6224.099474 -250.036120 -253.874510 -253.993950 -172.876043 -248.807995 -83561.949184 -5.378653 44.990680 -248.999257 -69.672726 -169.165791 -144101.814517 -254.620880 -253.921019 -249.470394 -249.338586 -69.488213 -254.997808 -135163.407833 -254.504464 -254.261780 -252.782476 -255.824432 -255.607395 -255.460842 -255.865282 -253.183455 -123.669022 -264.650347 -255.348759 -250.355559 -16.958942 -134.662115 -252.069712 -286.662178 -284.348260 -248.452218 -142725.774019 -264.831506 -256.761818 -255.463817 -256.428672 -122.832886 -265.072864 -251.433765
-9999.0 -9999.0 -9999.0 -9999.0 -9999.0 -9999.0 -9999.0 -9999.0 -9999.0 -9999.0 -253.967591 -252.708293 -249.867181 -24.608393 -281.773732 -252.940200 -248.958811 -250.240639 -102794.571829 -92.764493 74.997135 -152841.816368 -7185.109050 -151840.802549 -254.520116 -250.917959 -249.882052 -243.649294 -254.978709 -9976.384732 -31186.243241 4588.236019 -261.498811 -255.331848 -251.383994 -247.741016 -235.556514 -210.117784 -255.556850 -255.327604 -255.843901 -205.379675 5877.213088 -268.957168 -140450.921100 -7141.464242 -143888.213847 -61.293355 -291.101171 -281.930906 -152890.071262 -277.199634 -256.123612 -256.808087 -242.480697 -254.837297 -214.673065 11222.665759
-9999.0 -9999.0 -9999.0 -9999.0 -9999.0 -9999.0 -9999.0 -9999.0 -9999.0 -9999.0 -253.855599 -253.462292 -215.920553 -251.817430 684.983783 -19344.049335 -14581.993307 -444.180809 -550.792744 -411.213544 -669.837484 -41218.613504 -12637.054058 -255.214563 -251.507821 -249.385706 -30.209219 -8093.069254 -24164.547403 -259.261228 -255.112263 -195.470037 -274.603566 -255.508148 -255.140765 -213.996634 3191.634834 -253.118999 -269.352336 -255.280953 -253.425819 -255.203707 -251.913507 -254.867224 -91.036735 -147561.746845 -243.225085 -143985.336029 -146981.326375 -285.133997 -289.752442 -271.661385 -252.996487 -256.005842 -257.021800 -256.041776 -254.736466 -267.407683
-9999.0 -9999.0 -9999.0 -9999.0 -9999.0 -9999.0 -9999.0 -9999.0 -196.905637 -253.229271 -255.235703 -212.191937 -243.190378 -251.897782 -32950.865690 76.496234 -64919.719357 -248.279330 -141.804968 -522.440958 -1063.082941 -122419.759863 -95420.554614 -46865.903557 -252.481345 -261.451436 -21.803213 -16759.853418 -251.129084 -262.819372 -256.694648 -254.864920 -254.352189 -254.704873 -253.228041 -255.710240 -251.920241 -252.274477 -43140.924782 -255.605277 -256.356790 -210.815187 -270.141205 -256.533131 -255.158921 -30.558967 -31952.998057 -250.385392 -146727.634682 321.631806 -252.895060 -152812.031752 -252.458268 -263.860575 -255.977594 -254.719883 -255.634710 -169.663873
-9999.0 -9999.0 -9999.0 -9999.0 -9999.0 -9999.0 -9999.0 -9999.0 -261.153170 -252.806900 -268.074896 -254.942459 -254.070231 -103.273650 -19346.560968 -7507.152183 -23158.583358 -39381.042737 -149280.081860 -531.955540 6.238036 -84.210574 -120.409706 -248.978515 -88830.172815 -362.792086 -251.936534 -249.377376 -272.390077 -253.548091 -253.786347 -255.589264 -252.087386 -255.543929 -198.332498 -196.921893 -244.816233 -250.000044 -269.949403 -252.822636 -254.602432 -256.196086 -256.532294 -252.512397 2911.094886 -251.330110 -270.181670 -254.431954 -268.472376 -7652.821057 -250.160032 -250.145241 -41246.033313 -251.730899 -254.783199 -284.389032 -278.595570 -279.094056
-9999.0 -9999.0 -9999.0 -9999.0 -9999.0 -9999.0 -9999.0 -9999.0 -254.185078 -34.487434 -254.897252 -265.710311 -169.264350 -270.790748 -253.158932 -152805.673758 -23558.189395 -253.539980 -140849.095412 -19.217744 -537.889350 -137.527994 -152.685617 -218.606679 -113.824266 -30756.271276 -6233.910957 -21892.038385 -275.620215 -252.978956 -255.499732 -184.166391 -253.375457 -274.491455 -190.780876 -241.288871 -268.710792 -63051.359521 -140777.695681 -267.119432 -253.458409 -255.510919 -204.612301 -22.694973 -252.744768 -220.691760 -255.575909 -218.119875 -252.956659 -139282.226449 59.426923 -252.754661 -152885.298164 -152557.427081 -278.951645 -247.802664 -228.350856 -228.184042
-9999.0 -9999.0 -9999.0 -9999.0 -9999.0 -9999.0 -9999.0 -9999.0 -256.903552 -252.747851 -11.624075 -275.545107 -184.802776 -101.381375 -151234.669234 -8080.161629 -149456.578829 -111714.264345 -34.088176 -677.611402 -465.350587 -378.695463 -121.983272 -234.882770 -516.849599 -14930.924388 -7061.469922 -152685.043121 -201.308123 -277.386736 -275.167833 -275.163835 -285.001086 -250.640829 -274.355185 -254.307793 -248.531323 -33650.324650 -117519.595698 -268.797557 -253.618341 -251.818433 -251.418064 -255.218848 -225.659227 -255.344196 -254.805595 -255.484374 -254.501801 -278.051694 -6092.323880 -8103.967022 -252.711810 -82.373601 -233.802132 -186.970314 -251.169920 56.004045
-9999.0 -9999.0 -9999.0 -9999.0 -9999.0 -9999.0 -9999.0 -9999.0 -237.162799 -203.930871 4673.097268 -149394.096695 -152675.064343 -49626.482909 -143.069241 -50.125266 210.493317 -24033.792002 -13736.395046 -40328.967751 -651.698761 -269.588509 -388.055943 -454.482863 -249.632469 -19710.325316 -39243.202215 -250.692692 -249.887679 -251.276397 -152553.406120 -244.762628 -280.292735 -236.057943 -274.837768 -275.583065 -277.450514 -76737.057132 -152764.686717 -225.229518 -274.107340 -282.500421 -278.525508 -284.663793 -271.224180 -252.507864 -278.154112 -278.979132 -280.348097 -283.013388 -287.546365 -19926.188011 -9411.131967 -250.782846 -123.451699 759.677161 307.135121 151.135502
-9999.0 -9999.0 -254.955329 -211.522656 -157.019281 -254.105021 -250.012416 -253.068945 -200.724653 -203.495714 -251.482852 -48.428747 -39161.658901 -241.060936 -117.733108 364.236810 -146101.196931 -14884.628185 -252.763855 -8573.010270 -44332.676965 -517.544187 58.722015 -916.171719 -376.973565 -39984.076913 -19847.664862 -15563.025558 -17651.205031 -138.551779 -9047.187433 -8982.481811 252.008274 -22338.823748 -245.715339 -49684.417323 -249.081816 -128509.595572 -152889.189517 -152787.680064 -280.841772 -282.184084 -152594.079556 -252.799255 -148291.198865 -280.112875 -241.377871 -311.250921 -288.487878 -252.030747 -252.606820 0.000000 211.877996 278.717123 436.536701 391.064461 252.961364 -18.538964
