user2019/resources/simulation/Vinschgau/output-maps/psiL0007N0693.asc
ncols         63
nrows         48
xllcorner     598000.000000
yllcorner     5145000.000000
cellsize      1000.000000
NODATA_value  -9999.0
[rows 0 to 25 of 48, columns 0 to 58 of 63]
-9999.0 -9999.0 -9999.0 -9999.0 -9999.0 -9999.0 -9999.0 -9999.0 -9999.0 -9999.0 -9999.0 -9999.0 -9999.0 -9999.0 -9999.0 -9999.0 -9999.0 -9999.0 -9999.0 -9999.0 -9999.0 -9999.0 -9999.0 -9999.0 -9999.0 -9999.0 -9999.0 -9999.0 -9999.0 -9999.0 -9999.0 -9999.0 -9999.0 -9999.0 -9999.0 -9999.0 -9999.0 -9999.0 -9999.0 -9999.0 -9999.0 -9999.0 -9999.0 -9999.0 -9999.0 -9999.0 -9999.0 -9999.0 -9999.0 -9999.0 -9999.0 -9999.0 -9999.0 -9999.0 -9999.0 -9999.0 -9999.0 -9999.0 -9999.0
-9999.0 -9999.0 -9999.0 -9999.0 -9999.0 -9999.0 -9999.0 -9999.0 -9999.0 -9999.0 -9999.0 -9999.0 -9999.0 -9999.0 -9999.0 -9999.0 -9999.0 -9999.0 -9999.0 -9999.0 -9999.0 -9999.0 -9999.0 -9999.0 -9999.0 -9999.0 -9999.0 -594.140753 -169.935883 -593.484044 -154.017399 -448.245187 -86.304518 -9999.0 -9999.0 -9999.0 -9999.0 -9999.0 -9999.0 -9999.0 -9999.0 -9999.0 -9999.0 -9999.0 -9999.0 -9999.0 -9999.0 -9999.0 -9999.0 -9999.0 -9999.0 -9999.0 -9999.0 -9999.0 -9999.0 -9999.0 -9999.0 -9999.0 -9999.0
-9999.0 -9999.0 -9999.0 -9999.0 -9999.0 -9999.0 -9999.0 -9999.0 -9999.0 -9999.0 -9999.0 -9999.0 -9999.0 -9999.0 -9999.0 -9999.0 -9999.0 -9999.0 -9999.0 -9999.0 -9999.0 -9999.0 -9999.0 -9999.0 -44.830982 -53.161462 -40.312681 -35.631414 109.510355 -106.615424 -191.469672 -9999.0 -9999.0 -9999.0 -9999.0 -9999.0 -9999.0 -9999.0 -9999.0 -9999.0 -9999.0 -9999.0 -9999.0 -9999.0 -9999.0 -9999.0 -9999.0 -9999.0 -9999.0 -9999.0 -9999.0 -9999.0 -9999.0 -9999.0 -9999.0 -9999.0 -9999.0 -9999.0 -9999.0
-9999.0 -9999.0 -9999.0 -9999.0 -9999.0 -9999.0 -9999.0 -9999.0 -9999.0 -9999.0 -9999.0 -9999.0 -9999.0 -9999.0 -9999.0 -9999.0 -9999.0 -9999.0 -9999.0 -9999.0 -9999.0 -9999.0 -9999.0 -54.580886 -25.252863 -79.311020 -802.051711 -42709.948639 -39969.137478 -218.687703 -181.229753 -193.619161 -9999.0 -9999.0 -9999.0 -9999.0 -9999.0 -9999.0 -9999.0 -9999.0 -9999.0 -9999.0 -9999.0 -9999.0 -9999.0 -9999.0 -9999.0 -9999.0 -9999.0 -9999.0 -9999.0 -9999.0 -9999.0 -9999.0 -9999.0 -9999.0 -9999.0 -9999.0 -9999.0
-9999.0 -9999.0 -9999.0 -9999.0 -9999.0 -9999.0 -9999.0 -9999.0 -9999.0 -9999.0 -9999.0 -9999.0 -9999.0 -9999.0 -9999.0 -9999.0 -9999.0 -9999.0 351.121547 -58.263393 -9999.0 -41.945113 -25.697304 -41900.047144 -751.525951 -42846.371152 348.269241 345.677424 349.477211 -792.118967 -165.239148 -154.879829 -593.170102 -593.089596 -9999.0 -9999.0 -9999.0 -9999.0 -9999.0 -9999.0 -9999.0 -9999.0 -9999.0 -9999.0 -9999.0 -9999.0 -9999.0 -9999.0 -9999.0 -9999.0 -9999.0 -9999.0 -9999.0 -9999.0 -9999.0 -9999.0 -9999.0 -9999.0 -9999.0
-9999.0 -9999.0 -9999.0 -9999.0 -9999.0 -9999.0 -9999.0 -9999.0 -9999.0 -9999.0 -9999.0 -9999.0 -9999.0 -9999.0 -9999.0 -9999.0 -9999.0 -295.892758 -1126.782286 -45861.638256 -591.443253 367.708902 -616.037688 -34600.619835 342.163861 -1015.186609 -851.567938 -307.647906 -859.174468 339.021341 95.222975 -120.949222 -591.217610 -592.639479 -583.524182 -582.538796 -9999.0 -9999.0 -9999.0 -9999.0 -9999.0 -9999.0 -9999.0 -9999.0 -9999.0 -9999.0 -9999.0 -9999.0 -9999.0 -9999.0 -9999.0 -9999.0 -9999.0 -9999.0 -9999.0 -9999.0 -9999.0 -9999.0 -9999.0
-9999.0 -9999.0 -9999.0 -9999.0 -9999.0 -9999.0 -9999.0 -9999.0 -9999.0 -9999.0 -9999.0 -9999.0 -9999.0 -171.092745 -406.037226 10.576211 -573.536216 -591.899967 -301.210450 -40846.836319 -638.111135 -773.949384 -41537.936269 -139.747145 -818.006409 -46.602663 -32964.776153 -23575.709941 -27840.913659 -572.502884 8439.248199 30.146528 -136.703059 -161.223392 -582.194098 -582.583028 -9999.0 -9999.0 -9999.0 -9999.0 -9999.0 -9999.0 -9999.0 -9999.0 -9999.0 -9999.0 -9999.0 -9999.0 -9999.0 -9999.0 -9999.0 -9999.0 -9999.0 -9999.0 -9999.0 -9999.0 -9999.0 -9999.0 -9999.0
-9999.0 -9999.0 -9999.0 -9999.0 -9999.0 -9999.0 -9999.0 -9999.0 -9999.0 -9999.0 -9999.0 -9999.0 -9999.0 -21.129634 -447.391317 28.564081 -495.205046 375.473456 -591.462233 -768.821394 -109375.125814 -591.744733 -743.780334 -883.366551 -630.790982 -29214.426013 -218.228337 -582.853760 -582.363614 -17372.376770 -208.635562 -196.596230 -582.146919 -582.163769 -582.179173 -9999.0 -9999.0 -9999.0 -9999.0 -9999.0 -9999.0 -9999.0 -9999.0 -9999.0 -9999.0 -9999.0 -9999.0 -9999.0 -9999.0 -9999.0 -9999.0 -9999.0 -9999.0 -9999.0 -9999.0 -9999.0 -9999.0 -9999.0 -9999.0
-9999.0 -9999.0 -9999.0 -9999.0 -9999.0 -9999.0 -9999.0 -9999.0 -9999.0 -9999.0 -9999.0 -9999.0 -9999.0 -538.706180 550.358253 21.600485 -191.076002 -434.477806 -591.187532 -481.052355 60.192552 -37572.320841 -690.270743 -803.845954 -480.278759 -257.904420 -593.458970 -582.693883 -162.253105 -582.151669 -191.653143 -582.158899 -582.251773 -582.107105 -582.055970 -9999.0 -9999.0 -9999.0 -9999.0 -9999.0 -9999.0 -9999.0 -9999.0 -9999.0 -9999.0 -9999.0 -9999.0 -9999.0 -9999.0 -9999.0 -9999.0 -9999.0 -9999.0 -9999.0 -9999.0 -9999.0 -9999.0 -9999.0 -9999.0
-9999.0 -9999.0 -9999.0 -9999.0 -9999.0 -9999.0 -9999.0 -9999.0 -9999.0 -9999.0 -9999.0 -9999.0 -32709.379976 5909.923391 -512.593263 -326.919739 355.710385 329.186101 135.698432 -44508.380655 -596.795119 -446.049452 -33913.548648 -284.002616 3671.420727 -205.675208 499.325953 -178.920149 -115.146925 -582.484082 -316.589984 -593.675988 -145.687052 -584.385340 -9999.0 -9999.0 -9999.0 -9999.0 -9999.0 -9999.0 -9999.0 -9999.0 -9999.0 -9999.0 -9999.0 -9999.0 -9999.0 -9999.0 -9999.0 -9999.0 -9999.0 -9999.0 -9999.0 -9999.0 -9999.0 -9999.0 -9999.0 -9999.0 -9999.0
-9999.0 -9999.0 -9999.0 -9999.0 -9999.0 -9999.0 -9999.0 -9999.0 -9999.0 -9999.0 -9999.0 -30.967610 -227.801307 1091.106322 -342.288625 -33.127659 -33354.331918 330.749831 372.900681 -42617.901808 -47388.332987 364.166770 -135.685603 -176.787266 -22663.399225 -144.089869 -227.981609 -139.537000 2128.830299 -582.460456 -593.224567 -120.480932 -590.171896 -584.522861 -591.993426 -593.272197 -576.315002 -584.014845 -593.212226 -9999.0 -9999.0 -9999.0 -584.544376 -9999.0 -9999.0 -9999.0 -9999.0 -9999.0 -9999.0 -9999.0 -9999.0 -9999.0 -9999.0 -9999.0 -9999.0 -9999.0 -9999.0 -9999.0 -9999.0
-9999.0 -9999.0 -9999.0 -9999.0 -9999.0 -9999.0 -9999.0 -9999.0 -9999.0 -9999.0 -9999.0 -42.653880 -252.866473 -27012.036370 -324.651689 -215.514462 -417.195757 -1170.159697 356.273932 409.247868 76.065114 -130.872192 69.748318 -156.499704 -126.510459 -161.680193 -155.318200 -120.380803 -593.137900 -584.236195 -133.535022 -90.280493 -189.190714 -166.098101 -395.982486 -374.416783 -509.867295 -559.585031 -575.474172 -592.854329 -592.006802 -590.263765 -182.792761 -584.399604 -9999.0 -9999.0 -9999.0 360.421679 -188.757308 -594.585171 -160.887759 -594.699548 -594.150244 350.249007 382.206609 -585.204918 -9999.0 -9999.0 -9999.0
-9999.0 -9999.0 -9999.0 -9999.0 -9999.0 -9999.0 -9999.0 -9999.0 -9999.0 -9999.0 -9999.0 -3.761986 -52.350153 -13100.458680 386.017604 -154.610666 -170.846907 -614.544015 100.709398 368.392404 393.754760 -21926.499431 -178.797125 68.739672 -170.366280 -592.511063 -165.407628 1404.405139 -584.200908 -184.894110 -583.386971 -8359.293522 -148.784501 -205.548840 -588.869632 -462.601857 -1011.374021 -35500.015194 -573.035185 -591.950083 -585.784095 -591.511545 -308.495159 -188.473789 -219.138827 -9999.0 -586.261529 -161.120258 -137.049552 -118.667802 -274.312832 -594.073895 -265.368587 -111.273039 -230.929976 -143.380907 -9999.0 -9999.0 -9999.0
-9999.0 -9999.0 -9999.0 -9999.0 -9999.0 -9999.0 -9999.0 -9999.0 -9999.0 -9999.0 -9999.0 -9999.0 -26.596968 415.576520 -39.560564 -33.773669 -539.451945 -608.438887 496.922495 364.358081 -719.964786 -23416.069690 -23004.040045 -151.861123 -153.632633 -173.237314 1609.206013 -382.412305 -156.008258 -593.752262 -144.303077 -144.152991 -449.340895 -179.792056 -269.133270 -470.692164 -2835.132589 -22204.165333 -354.412260 -592.334891 -490.353342 -592.393079 -28319.261027 -33.737510 -593.040101 -165.425509 -594.137185 -167.752526 -14514.745656 -149.639010 342.695201 -81.840656 1485.802894 554.976041 -106.110427 -41.561650 -34.868826 -9999.0 -9999.0
-9999.0 -9999.0 -9999.0 -9999.0 -9999.0 -9999.0 -9999.0 -9999.0 -9999.0 -9999.0 -9999.0 376.417085 -53.355248 -377.345293 -147.905015 -159.861822 -158.381720 -525.548220 107.854283 370.471877 -738.031735 -654.920053 -138.362215 -21004.515538 -180.521695 -133.768601 366.996641 -185.941433 -199.287198 -592.949218 -170.679045 -123.563444 -112.229459 -161.767405 -230.245241 -305.837095 -585.906072 -28007.074683 -981.960819 -572.825712 -31643.159142 -2413.023947 -560.984601 -36982.258140 -141.472620 -189.159248 -121.801743 -593.641222 -593.895635 -27460.178812 -22487.817169 -185.855480 -121.715228 -15438.206038 -15767.387966 -584.254194 -594.478232 -9999.0 -9999.0
-9999.0 -9999.0 -9999.0 -9999.0 -9999.0 -9999.0 -9999.0 -9999.0 -9999.0 -9999.0 2454.228650 -150.125881 -12.378949 -38.563767 -13.999849 1170.752429 1241.501119 -479.140874 -135.323621 377.090033 440.086581 414.155986 -16647.496716 -19.785724 -181.590731 2820.335859 -10134.535729 -32595.648728 -337.739429 -134.148936 -129.787165 -31.016235 -141.908370 -169.015276 -582.292878 -591.824651 -478.592867 -1191.031082 -28722.685463 -1138.114826 -34490.987233 -22922.726793 -584.297039 395.103708 -222.805994 -592.707409 -136.847846 -20879.012490 -153.833874 -162.947346 -32067.734597 -584.621768 -14978.909218 -584.342532 -585.005983 -130.597370 -131.972498 -9999.0 -9999.0
-9999.0 -9999.0 -9999.0 -9999.0 -9999.0 -9999.0 -9999.0 -9999.0 -9999.0 -164.182445 383.740882 425.594844 -144.887967 -179.301258 425.285673 -140.308234 -162.501042 57.751279 -783.800840 -201.062427 409.868362 -818.667529 -24155.163187 -309.579618 337.150646 -7698.904368 -197.222757 -129.134899 -22554.477200 -178.844285 -160.556925 -147132.896510 -582.654296 -582.551962 -586.012036 -583.979554 -150.729906 -465.133321 -638.837948 -385.587245 -655.105047 -502.523114 -17914.832229 -976.660481 -50155.030850 -27016.728798 -123.544669 -27341.237551 -22398.418493 317.166941 -30251.051211 -594.273158 -584.299134 -586.800769 -591.389217 -9984.946427 -103.926181 -593.754281 -594.052060
-9999.0 -9999.0 -9999.0 -9999.0 -9999.0 -9999.0 -9999.0 -9999.0 -9999.0 -277.218676 -160.498155 -157.184724 4752.922304 -204.165996 -208.458984 -193.151047 64.107465 -199.502496 -860.315855 140.208123 377.278769 -168.091595 338.577033 -14.801058 -7711.791117 -213.566201 -192.514707 -192.497520 -215.385649 327.319911 -422.230650 -8959.049401 -145.070775 -175.468761 -131.680597 -591.751565 -592.829099 -592.671297 -324.798626 -142.543210 361.064192 -7207.630763 -538.776214 -338.273230 347.998056 141.849652 -505.242168 -33014.295809 -28573.557032 -177.591999 -149696.267417 -16674.960631 -585.846577 -178.988540 -585.130436 436.072600 -9498.142910 -123.465092 -593.428386
-9999.0 -9999.0 -9999.0 -9999.0 -9999.0 -9999.0 -9999.0 -9999.0 -9999.0 -9999.0 -165.437860 -135.240527 -129.020305 2689.489346 -27191.739449 -213.087661 -188.861518 -229.651388 -893.334766 -162.672271 401.789184 -24743.330515 -480.731829 -10600.440151 -212.672049 -203.424295 -221.014818 -193.396531 -407.887384 -282.989591 -4815.370236 4816.370121 -7716.381010 -173.887347 -120.393923 -99.977803 -70.022654 -31.890087 -593.547629 -173.389981 -239.520653 -24.330886 4599.435936 -7972.955145 -7197.397974 -409.831900 -12654.477135 337.449125 -32824.523324 -25820.881775 -152548.680801 -31073.975820 -594.593803 -585.945241 -64.214033 -163.832298 -21.960292 10828.020171 -18587.974725
-9999.0 -9999.0 -9999.0 -9999.0 -9999.0 -9999.0 -9999.0 -9999.0 -9999.0 -9999.0 -151.945917 -147.118523 -33.918037 -137.367697 347.521269 -827.815318 -658.439838 337.507507 374.760285 -434.982666 -388.955867 -862.109234 -704.764006 -274.143622 -227.317596 -258.076630 340.676646 -427.920111 -336.579648 -4952.143482 -169.976756 103.932747 -31963.579044 -196.039193 -176.119242 -25.361096 2353.449181 -151.546708 -17602.944776 -188.132511 -143.461939 -593.984644 -129.221924 -172.500628 364.814040 -143013.304734 -133.291221 -7541.937804 -15717.073190 -25733.027128 -24267.974530 -19757.795879 -134.743034 -594.672370 -584.594048 -594.463163 -195.500498 -9775.293957 -418.309339
-9999.0 -9999.0 -9999.0 -9999.0 -9999.0 -9999.0 -9999.0 -9999.0 34.416718 -143.361355 -419.965042 -21.613245 -79.469463 -130.750255 -420.914743 353.463304 -1184.698684 -165.888598 -147.639876 -598.634949 -492.209634 -1203.825890 -1031.208637 -1107.244927 -447.303407 332.870898 378.036669 -316.838402 -120.449779 -9778.987517 -583.199507 -155.685184 -150.640485 -174.309370 -139.442899 -235.007042 -144.670604 -142.995068 -7355.037482 -593.909138 -586.416098 -20.455624 -21226.058727 -583.351829 -593.804085 1489.155856 -5316.427744 -129.908725 -8042.098571 331.902647 -694.697616 -152328.986679 -131.527558 -11917.601589 -593.838574 -238.642497 -593.744719 56.889145 -23333.234924
-9999.0 -9999.0 -9999.0 -9999.0 -9999.0 -9999.0 -9999.0 -9999.0 -744.332968 -140.057543 -19333.506361 -179.709437 -168.389165 1185.588648 -401.364861 -484.991914 -655.711461 -769.712329 -77344.614846 -595.840015 385.330687 371.691810 349.318284 -169.235471 -1311.343222 338.832257 370.729483 -116.995959 -25918.328846 -149.392383 -155.196360 -593.228744 -126.257111 -594.339205 85.417775 -2.969425 -101.222197 -129.042512 -16365.458829 -138.511137 -172.390171 -578.869949 -584.597819 -134.908079 1798.265727 -125.883495 -22734.718622 -155.329949 -7961.960095 -476.743296 -658.282417 -127.534272 -397.029498 -123.706214 -280.835484 -36390.375257 -23889.977665 -22632.839800 -24288.688453
-9999.0 -9999.0 -9999.0 -9999.0 -9999.0 -9999.0 -9999.0 -9999.0 -169.153574 1862.999444 -427.529008 -14342.478319 197.342690 -22227.088306 -162.894410 -15820.680518 -799.798531 -560.438832 -1495.098401 11.657186 -606.107486 -82.638476 362.593047 -324.800759 219.625135 -691.338572 -510.015207 -371.588589 -34416.283486 -137.386626 -593.400958 82.596700 -147.502987 -32282.724071 80.698834 -84.601301 -13407.149756 -11780.082534 -7349.553639 -15137.884043 -148.007190 -594.334829 -15.058469 1795.802498 -137.744790 -34.727545 -594.050852 -32.166837 -142.604996 -7722.009668 305.325552 -707.171685 -13638.229879 -11991.508734 -23327.500231 -115.000525 -126.929781 -145.423900 -845.965279
-9999.0 -9999.0 -9999.0 -9999.0 -9999.0 -9999.0 -9999.0 -9999.0 -583.452337 -134.926287 409.523060 -32674.657565 80.185260 360.212960 -151603.879925 -686.134383 -47735.806929 -1451.163622 168.750428 -443.980288 -490.088866 -387.171196 -70.720316 -394.958155 -180.911647 -597.148854 -434.840698 -12064.276232 -18.999495 -22143.175792 -22868.127021 -19443.545664 -34709.011305 -130.492508 -29496.050978 -205.916506 -180.257398 -450.340712 -10301.426555 -16280.605375 -160.755369 -131.799298 -125.711876 -593.478856 -43.597386 -593.982760 -316.558693 -593.867399 -210.190648 -23302.611086 -398.847029 -671.908315 -789.706993 311.976835 -119.827736 -108.399387 -707.702846 721.446260 380.437979
-9999.0 -9999.0 -9999.0 -9999.0 -9999.0 -9999.0 -9999.0 -9999.0 -56.133548 -10.507165 4978.026591 -12881.218204 -12583.335327 -522.702795 66.687136 381.914963 325.366823 -579.633532 -516.125079 -740.968867 -332.073389 -332.499455 -402.726401 -496.852299 -202.985778 -773.702098 -579.268882 -194.624654 -219.654679 -146.168288 -13209.110480 -145.313417 -21868.590933 -133.250025 -24427.949519 -24555.457285 -20222.163162 -480.134973 -11172.269688 -125.130848 -21833.170209 -32679.714828 -21992.349390 -33392.723786 -21029.940864 -145.850479 -22303.730532 -21367.025355 -24807.062788 -25992.052544 -29767.764848 -922.024394 -769.895073 -311.002183 -34.189535 833.503802 381.184798 381.108631 450.038689
-9999.0 -9999.0 -390.687984 -28.300006 617.817461 -183.059756 -112.926417 -139.978267 45.123092 -7.108577 -126.081327 502.255709 -471.994347 -112.871327 58.002679 308.982578 -9488.795683 -328.525099 -159.981981 -503.354350 -855.622587 372.910850 380.648304 -652.223428 -414.888702 -1181.321995 -859.451198 -731.715424 -853.212061 78.476675 -602.866963 -547.274741 631.336994 -642.882531 -164.855581 -497.637641 -173.914129 -525.246985 -10972.565226 -10700.945580 -22525.728127 -24278.567108 -15858.630428 -752.253588 -14809.756796 -24304.268819 -180.806066 350.042826 -29106.416152 -465.559960 -626.595817 18.707293 373.843174 377.386914 382.561097 379.498313 486.453273 393.617585 -521.045910
