user2019/resources/simulation/Vinschgau/output-maps/psiL0001N1119.asc
ncols         63
nrows         48
xllcorner     598000.000000
yllcorner     5145000.000000
cellsize      1000.000000
NODATA_value  -9999.0
[rows 0 to 24 of 48, columns 0 to 57 of 63]
-9999.0 -9999.0 -9999.0 -9999.0 -9999.0 -9999.0 -9999.0 -9999.0 -9999.0 -9999.0 -9999.0 -9999.0 -9999.0 -9999.0 -9999.0 -9999.0 -9999.0 -9999.0 -9999.0 -9999.0 -9999.0 -9999.0 -9999.0 -9999.0 -9999.0 -9999.0 -9999.0 -9999.0 -9999.0 -9999.0 -9999.0 -9999.0 -9999.0 -9999.0 -9999.0 -9999.0 -9999.0 -9999.0 -9999.0 -9999.0 -9999.0 -9999.0 -9999.0 -9999.0 -9999.0 -9999.0 -9999.0 -9999.0 -9999.0 -9999.0 -9999.0 -9999.0 -9999.0 -9999.0 -9999.0 -9999.0 -9999.0 -9999.0
-9999.0 -9999.0 -9999.0 -9999.0 -9999.0 -9999.0 -9999.0 -9999.0 -9999.0 -9999.0 -9999.0 -9999.0 -9999.0 -9999.0 -9999.0 -9999.0 -9999.0 -9999.0 -9999.0 -9999.0 -9999.0 -9999.0 -9999.0 -9999.0 -9999.0 -9999.0 -9999.0 -12.759594 2351.524558 -10.704857 -109.071895 -102.993942 -110.438260 -9999.0 -9999.0 -9999.0 -9999.0 -9999.0 -9999.0 -9999.0 -9999.0 -9999.0 -9999.0 -9999.0 -9999.0 -9999.0 -9999.0 -9999.0 -9999.0 -9999.0 -9999.0 -9999.0 -9999.0 -9999.0 -9999.0 -9999.0 -9999.0 -9999.0
-9999.0 -9999.0 -9999.0 -9999.0 -9999.0 -9999.0 -9999.0 -9999.0 -9999.0 -9999.0 -9999.0 -9999.0 -9999.0 -9999.0 -9999.0 -9999.0 -9999.0 -9999.0 -9999.0 -9999.0 -9999.0 -9999.0 -9999.0 -9999.0 1597.277191 1292.650141 1279.143683 1291.726801 -80.414125 -86.165347 -95.002861 -9999.0 -9999.0 -9999.0 -9999.0 -9999.0 -9999.0 -9999.0 -9999.0 -9999.0 -9999.0 -9999.0 -9999.0 -9999.0 -9999.0 -9999.0 -9999.0 -9999.0 -9999.0 -9999.0 -9999.0 -9999.0 -9999.0 -9999.0 -9999.0 -9999.0 -9999.0 -9999.0
-9999.0 -9999.0 -9999.0 -9999.0 -9999.0 -9999.0 -9999.0 -9999.0 -9999.0 -9999.0 -9999.0 -9999.0 -9999.0 -9999.0 -9999.0 -9999.0 -9999.0 -9999.0 -9999.0 -9999.0 -9999.0 -9999.0 -9999.0 1307.433130 682.574348 -2425.421014 -2397.271344 -2957.073549 -838.892036 1287.419473 2807.235191 -89.641440 -9999.0 -9999.0 -9999.0 -9999.0 -9999.0 -9999.0 -9999.0 -9999.0 -9999.0 -9999.0 -9999.0 -9999.0 -9999.0 -9999.0 -9999.0 -9999.0 -9999.0 -9999.0 -9999.0 -9999.0 -9999.0 -9999.0 -9999.0 -9999.0 -9999.0 -9999.0
-9999.0 -9999.0 -9999.0 -9999.0 -9999.0 -9999.0 -9999.0 -9999.0 -9999.0 -9999.0 -9999.0 -9999.0 -9999.0 -9999.0 -9999.0 -9999.0 -9999.0 -9999.0 -667.506523 551.334885 -9999.0 882.651913 689.825268 -2926.327924 -1807.079013 -3239.360802 -619.005782 -658.703734 -489.296693 366.321466 1621.439772 2492.456874 395.602315 -20.327632 -9999.0 -9999.0 -9999.0 -9999.0 -9999.0 -9999.0 -9999.0 -9999.0 -9999.0 -9999.0 -9999.0 -9999.0 -9999.0 -9999.0 -9999.0 -9999.0 -9999.0 -9999.0 -9999.0 -9999.0 -9999.0 -9999.0 -9999.0 -9999.0
-9999.0 -9999.0 -9999.0 -9999.0 -9999.0 -9999.0 -9999.0 -9999.0 -9999.0 -9999.0 -9999.0 -9999.0 -9999.0 -9999.0 -9999.0 -9999.0 -9999.0 -3325.910598 -3215.756688 -7058.272756 -200.032805 404.998371 -178.711044 -800.409738 -751.996666 643.506099 59506.988634 111.906593 11927.668589 -353.937485 519.329349 1443.554116 -12.138122 -11.660882 -7.516446 -12.404272 -9999.0 -9999.0 -9999.0 -9999.0 -9999.0 -9999.0 -9999.0 -9999.0 -9999.0 -9999.0 -9999.0 -9999.0 -9999.0 -9999.0 -9999.0 -9999.0 -9999.0 -9999.0 -9999.0 -9999.0 -9999.0 -9999.0
-9999.0 -9999.0 -9999.0 -9999.0 -9999.0 -9999.0 -9999.0 -9999.0 -9999.0 -9999.0 -9999.0 -9999.0 -9999.0 -283.071245 -820.942070 -3086.484172 -3287.242729 -7323.311637 -3284.019768 -3174.496962 -2932.043235 -1061.692416 -2944.556393 -732.372092 1122.394201 657.073820 -19.044132 -63.698546 2509.099057 671.496397 -80.685612 -38.989689 1541.003070 -102.352225 -84.077183 -13.645299 -9999.0 -9999.0 -9999.0 -9999.0 -9999.0 -9999.0 -9999.0 -9999.0 -9999.0 -9999.0 -9999.0 -9999.0 -9999.0 -9999.0 -9999.0 -9999.0 -9999.0 -9999.0 -9999.0 -9999.0 -9999.0 -9999.0
-9999.0 -9999.0 -9999.0 -9999.0 -9999.0 -9999.0 -9999.0 -9999.0 -9999.0 -9999.0 -9999.0 -9999.0 -9999.0 -427.519452 -3101.318410 -3220.794283 -3226.044735 -2583.334695 -7342.160871 -3117.006128 -3228.885418 -3169.812416 -2644.839581 -770.742527 -499.350596 361.165112 2088.277509 -10.389729 45.048611 55249.212267 -173.567783 2438.938747 697.045496 2776.644932 611.358160 -9999.0 -9999.0 -9999.0 -9999.0 -9999.0 -9999.0 -9999.0 -9999.0 -9999.0 -9999.0 -9999.0 -9999.0 -9999.0 -9999.0 -9999.0 -9999.0 -9999.0 -9999.0 -9999.0 -9999.0 -9999.0 -9999.0 -9999.0
-9999.0 -9999.0 -9999.0 -9999.0 -9999.0 -9999.0 -9999.0 -9999.0 -9999.0 -9999.0 -9999.0 -9999.0 -9999.0 -3215.091203 520.792568 -3270.829563 -3201.896112 -3201.580182 -7371.590567 -3267.388214 -2042.645613 -5637.219850 446.289094 20046.587132 -806.933193 -340.921925 -17.339518 149.203078 915.873026 2426.987787 2766.798001 2813.460167 3052.496956 3496.852379 -10.296134 -9999.0 -9999.0 -9999.0 -9999.0 -9999.0 -9999.0 -9999.0 -9999.0 -9999.0 -9999.0 -9999.0 -9999.0 -9999.0 -9999.0 -9999.0 -9999.0 -9999.0 -9999.0 -9999.0 -9999.0 -9999.0 -9999.0 -9999.0
-9999.0 -9999.0 -9999.0 -9999.0 -9999.0 -9999.0 -9999.0 -9999.0 -9999.0 -9999.0 -9999.0 -9999.0 -2932.282131 6407.185890 -3190.525723 -1232.219233 -2740.830343 -3101.431274 -3121.955543 -7046.068965 -2212.609960 -128.976033 699.098281 1195.968522 -136.413251 2036.797257 -180.208073 2922.848551 -101.637374 1267.434125 213844.874963 204.160037 2617.827255 -21.082887 -9999.0 -9999.0 -9999.0 -9999.0 -9999.0 -9999.0 -9999.0 -9999.0 -9999.0 -9999.0 -9999.0 -9999.0 -9999.0 -9999.0 -9999.0 -9999.0 -9999.0 -9999.0 -9999.0 -9999.0 -9999.0 -9999.0 -9999.0 -9999.0
-9999.0 -9999.0 -9999.0 -9999.0 -9999.0 -9999.0 -9999.0 -9999.0 -9999.0 -9999.0 -9999.0 -147.207238 -2267.273830 197.101676 -3190.885422 -567.467143 -7188.892102 -3183.881466 -1208.875013 -7253.230955 -3160.420090 -728.299296 704.529268 1452.089266 -204.327416 -94.145728 4767.989552 2359.339830 -55.829739 -7.843996 29.622388 1517.898161 1007.384400 -12.126682 233.545000 540.765001 3594.667866 2644.230371 -111.485730 -9999.0 -9999.0 -9999.0 -13.075230 -9999.0 -9999.0 -9999.0 -9999.0 -9999.0 -9999.0 -9999.0 -9999.0 -9999.0 -9999.0 -9999.0 -9999.0 -9999.0 -9999.0 -9999.0
-9999.0 -9999.0 -9999.0 -9999.0 -9999.0 -9999.0 -9999.0 -9999.0 -9999.0 -9999.0 -9999.0 115.652237 -2999.914507 -2999.485270 -3411.468839 -472.105808 -3561.143986 -3305.983494 -2685.464650 -2428.216203 -962.892216 -351.489042 744.229770 2393373.162125 35057.887453 -109.730451 3010.074656 1465.569985 -54.278913 -10.251669 2294.725161 -70.775409 5729.152352 2995.439871 5325.809548 2354.759809 -82.223086 -204.210019 2370.984302 -10.645254 -11.066677 -12.313460 -117.224034 457.466673 -9999.0 -9999.0 -9999.0 4477.808190 3456.884304 1314.003104 3169.477627 268.797880 307.627830 3553.882929 3311.575206 947.215033 -9999.0 -9999.0
-9999.0 -9999.0 -9999.0 -9999.0 -9999.0 -9999.0 -9999.0 -9999.0 -9999.0 -9999.0 -9999.0 298.120484 -184.905849 327.980819 -585.360897 -606.605228 -824.889617 -3096.944710 -3307.847702 -2825.253665 -1764.316344 452.947977 8829.978677 1299.579858 2378.320677 -13.575085 1479863.852688 -163.090500 -6.455326 -116.713878 170.131987 -157.027749 -90.179319 2877.013727 851.210379 -88.178512 -170.325980 -181.253884 -450.973318 -8.932344 2030.925383 2709.433817 -91.237380 2171.268031 2958.247732 -9999.0 -16.975234 3066.947757 -102.761220 1657.957764 -94.566993 -11.955036 2163.762416 -102.338980 -121.106759 2788.984975 -9999.0 -9999.0
-9999.0 -9999.0 -9999.0 -9999.0 -9999.0 -9999.0 -9999.0 -9999.0 -9999.0 -9999.0 -9999.0 -9999.0 365.075193 961.204893 -414.253726 -443.679451 -1400.930120 -3022.372699 -2188.166846 -2576.174804 -2872.384157 -335.220474 -185.957110 117137.936436 3433794.653256 684054.596801 3008.065971 1577.104977 -108.697098 402.249572 2754.917967 -160.658045 -91.835343 2527.663888 2794.992183 1728.686443 852822.627854 -184.638269 -495.136918 516.644684 -277.563943 -19.693019 -169.278114 1192.755890 114.365745 3079.472362 93.366955 2953.279343 1217094.581876 -32.037360 6471.631986 -162.406475 -162.513637 -154.243973 -148.746635 -123.818838 2745.874127 -9999.0
-9999.0 -9999.0 -9999.0 -9999.0 -9999.0 -9999.0 -9999.0 -9999.0 -9999.0 -9999.0 -9999.0 11296.519124 917.601958 -193.381882 927.239941 -287.947812 -637.373973 -2873.351025 -2627.273487 -3098.753029 -3006.900217 -758.362210 950.935983 7970.765046 159951.605454 -183.499220 -154.181552 2806.950554 3235.776294 -12.343913 1623115.448566 -174.192877 -44.603384 2605.057009 3890.062158 -113.105742 2240.076012 11691.757867 -297.617547 -603.185020 16105.138110 979.724214 -83.049654 -71.620429 645.929333 2749.075439 -105.957623 -13.073121 -18.073265 2274.596975 1428950.350496 2590.763351 126149.233811 -19.351650 2468.676082 2630.224507 998.202431 -9999.0
-9999.0 -9999.0 -9999.0 -9999.0 -9999.0 -9999.0 -9999.0 -9999.0 -9999.0 -9999.0 2848.393041 7846.672592 783.136132 576.107626 -190.679346 2473.538792 2485.666801 -1074.522111 -3091.708240 -3061.938326 -1051.405471 -546.011301 3084261.168815 444.887318 1721.682922 -187.608219 1770840.881522 1485648.304485 1329.453204 1125.431308 -185.404396 -183.102937 1425.010482 2228.293942 -13.861134 88.293931 1377.377150 421113.938278 -151.885431 -220.940718 30.160704 -13.722941 -20.517718 -461.391207 2608.209899 -15.382219 1923.771674 -172.122285 -186.246558 1181.279174 361614.535592 806.000648 2606.694764 2873.117703 2813.118000 2483.329920 -101.182761 -9999.0
-9999.0 -9999.0 -9999.0 -9999.0 -9999.0 -9999.0 -9999.0 -9999.0 -9999.0 2187.572887 1073.470445 -169.923609 -123.524849 18029.537999 -183.225969 3853.382991 4172.031816 -467.419774 -3119.136481 -3148.639705 -1332.090292 -2778.185713 -859.692466 -545.460742 427.486100 5143789.629071 3778622.325890 844.217468 12649.796512 2610.054460 408.025149 4986094.735758 -4.214174 2625.180104 -12.387727 178.601786 -80.757745 554778.386756 1209985.190383 -177.702165 -193.340460 2718554.564849 2757513.016842 -1036.505921 -543.713259 2080.704276 320.123499 16201.221815 16504.763354 320.366195 2331848.405933 1284.428672 3154.207113 -7.175351 633.778885 126290.344601 96138.805502 603.667632
-9999.0 -9999.0 -9999.0 -9999.0 -9999.0 -9999.0 -9999.0 -9999.0 -9999.0 2453.271585 2127.517521 794.104373 5003.468004 861.609197 5084.538034 17829.258882 185.733940 -481.005834 -3197.846248 -2986.389248 -2596.447668 -3258.784661 -573.494350 -207.462875 5124897.476374 7334.193674 5406.546306 1278.613306 104.529173 -321.738350 389.456802 4806341.633223 1868.181973 3499.191553 -118.808162 -6.775172 -11.068059 -17.177746 2277.487255 -30.146861 690330.999826 1103082.143854 11984.253210 -261.235923 -1126.010494 -597.722971 -538.255819 -349.986181 842.594402 -258.081103 4999347.439283 3242587.506661 792.354521 -77.707761 -79.793470 159512.110056 122702.791584 99678.995604
-9999.0 -9999.0 -9999.0 -9999.0 -9999.0 -9999.0 -9999.0 -9999.0 -9999.0 -9999.0 2795.960331 1403.322440 4618.160677 -213.548270 487.081750 3318.335728 991.348487 -655.943889 -3294.084541 -2936.390175 -1993.834271 -2832.665811 2276.650781 2016173.235824 8663.285691 2264.807033 370.358594 -210.933669 322.562379 5142984.250882 5058088.359838 -164.528035 3556100.261124 3026.067708 -64.619109 -50.831314 841.225696 1022.091514 -10.565663 2321.171146 2902.866091 816.146263 5159.046839 2046.246455 1159.843466 927.766681 -1515.805487 -604.876804 -922.375182 -431.074903 4919022.577530 912957.305488 631.230756 1970.102442 3214.520611 2915.280497 1453.767538 -177.273075
-9999.0 -9999.0 -9999.0 -9999.0 -9999.0 -9999.0 -9999.0 -9999.0 -9999.0 -9999.0 -120.119327 1764.917177 851.847051 907.613123 -157.966335 -724.214163 1147.776245 -2969.605199 -3306.329369 -3236.731393 -3221.961197 -2836.638856 4196.080383 3070.418038 2337.555707 46.626424 -389.442535 1038.007034 5112741.087593 3640509.557490 2808.287444 -67.706775 157687.120418 5629.019892 -86.059809 998.086431 -185.797876 -114.799342 2354088.684066 3748.076655 2177.988687 -89.244034 -168.574263 1302.657904 641.162766 2451045.906625 1105.895420 1181.561023 -1528.545633 -592.527865 419.116099 2506123.782823 3248120.727102 1030.342382 -5.087287 1901.532182 3133.986300 61507.894399
-9999.0 -9999.0 -9999.0 -9999.0 -9999.0 -9999.0 -9999.0 -9999.0 -92.292127 2770.683070 -107.532548 1282.136092 -168.117173 12526.999682 27990.579402 -767.562066 -3073.932958 -3313.652065 -3153.060318 -3313.761262 -3417.770600 -3364.451548 -3038.887890 -2901.645123 -381.254651 -545.928007 -475.159765 5382470.445200 2145127.332805 3358952.127770 2482.809788 2468.737687 2416.401181 3233.785203 -104.734813 2090.834696 105.762884 -107.970293 5149165.309204 -7.211835 -12.815218 1071.205381 1472835.411870 -7.025716 -21.058721 2727.423004 5066013.946593 15579.075722 1021.080184 -445.837987 -181.856229 4263212.570336 1205836.975474 3000535.651499 945.720173 2758.370482 630.883559 642.893349
-9999.0 -9999.0 -9999.0 -9999.0 -9999.0 -9999.0 -9999.0 -9999.0 -68.618166 437002.969569 3614880.871656 2720.962495 2058.509589 -177.743455 5161627.479898 -902.825856 -2908.978265 -3024.235804 -3401.015187 -3340.798914 -3015.228240 -3458.814411 -3572.207641 -3762.391691 -3215.972664 -2476.751875 -535.183086 6305.100679 377799.797428 2835.400542 2937.195466 -10.374863 1904.305618 -11.935441 -92.444894 1224.062221 7.420536 439.325509 10160.639074 1399.984346 3554.738515 158152.184661 -13.161753 1321.743735 3635.216361 980406.537809 1509607.552724 1508.576875 5311.180754 -525.534902 -305.360433 5628.349358 1324838.481180 3068.759868 2760.036498 -22.538216 271450.955485 1026.365236
-9999.0 -9999.0 -9999.0 -9999.0 -9999.0 -9999.0 -9999.0 -9999.0 2721.102240 2816.627227 1198.373487 3546784.940158 -84.553400 1552374.934509 15259.914864 5127707.017039 -899.400830 -2843.111752 -3360.637058 -3053.769756 -3379.199002 -3518.333587 -3572.900061 -3299.315265 -3009.837795 -2981.527599 -503.362241 5286044.353999 724977.794265 -84.899764 -13.167286 1177.876305 2222342.996342 1580638.155410 734.921144 241.561278 476.379624 4.496829 22522.533023 433968.607491 1564.532477 -16.045822 1353.481442 1440.833744 2013391.645140 1348.360499 -7.498386 2568.543452 3196363.541683 1472.858652 -645.108415 343.462265 874379.204235 1553156.944910 257262.100411 -59.154213 11.794225 -356.025141
-9999.0 -9999.0 -9999.0 -9999.0 -9999.0 -9999.0 -9999.0 -9999.0 706.916667 1333.509704 -176.264207 513166.748080 1825.492357 1191607.141426 2645071.337011 -508.505062 -3136.053273 -3282.520144 -2439.578844 -3370.384617 -3276.533661 -3288.153861 -3341.669733 -3323.571968 -3024.955768 -966.362792 31392.997230 5223848.025163 891.694950 -171.392509 10035.391494 -156.861502 815.246905 8375.240351 4120.935909 -148.850605 -572.207301 -2972.190617 -480.502981 1208.159538 869.617646 813.984206 1130.753136 -19.917457 1899.231954 -14.952340 1396.969314 -14.268782 2235.027277 12523.370798 1321.774269 -672.517861 -241.563769 224921.578028 11.138438 10.097816 -606.746418 -1724.048461
-9999.0 -9999.0 -9999.0 -9999.0 -9999.0 -9999.0 -9999.0 -9999.0 3256.816854 1592.611086 -171.432159 5220220.066930 2193870.839147 5622.054095 4.746014 -616.971540 -578.282935 -2453.529308 -1111.680381 -3037.558270 -3237.276407 -3150.124440 -3165.552799 -3093.895119 -2897.545449 -1042.171945 5214914.419894 2199.245267 470.709300 1153.942863 1493232.157301 403.245039 -178.068033 -399.107852 -115.373337 -612.219009 -2239.867064 -3116.147673 -3085.295353 -413.062738 -290.596592 398.563174 325.378905 614.934013 14415.995908 540.572045 8939.285110 1932.420925 7189.513014 400.173153 -426.162508 -1901.277573 -862.853803 -572.054044 14.055108 5.385996 -598.753224 -867.884048
