user2019/resources/simulation/Vinschgau/output-maps/psiL0001N0957.asc
ncols         63
nrows         48
xllcorner     598000.000000
yllcorner     5145000.000000
cellsize      1000.000000
NODATA_value  -9999.0
[rows 0 to 24 of 48, columns 0 to 56 of 63]
-9999.0 -9999.0 -9999.0 -9999.0 -9999.0 -9999.0 -9999.0 -9999.0 -9999.0 -9999.0 -9999.0 -9999.0 -9999.0 -9999.0 -9999.0 -9999.0 -9999.0 -9999.0 -9999.0 -9999.0 -9999.0 -9999.0 -9999.0 -9999.0 -9999.0 -9999.0 -9999.0 -9999.0 -9999.0 -9999.0 -9999.0 -9999.0 -9999.0 -9999.0 -9999.0 -9999.0 -9999.0 -9999.0 -9999.0 -9999.0 -9999.0 -9999.0 -9999.0 -9999.0 -9999.0 -9999.0 -9999.0 -9999.0 -9999.0 -9999.0 -9999.0 -9999.0 -9999.0 -9999.0 -9999.0 -9999.0 -9999.0
-9999.0 -9999.0 -9999.0 -9999.0 -9999.0 -9999.0 -9999.0 -9999.0 -9999.0 -9999.0 -9999.0 -9999.0 -9999.0 -9999.0 -9999.0 -9999.0 -9999.0 -9999.0 -9999.0 -9999.0 -9999.0 -9999.0 -9999.0 -9999.0 -9999.0 -9999.0 -9999.0 701519.683197 1565797.066706 563772.725078 1722826.230919 1875532.871971 119552.645211 -9999.0 -9999.0 -9999.0 -9999.0 -9999.0 -9999.0 -9999.0 -9999.0 -9999.0 -9999.0 -9999.0 -9999.0 -9999.0 -9999.0 -9999.0 -9999.0 -9999.0 -9999.0 -9999.0 -9999.0 -9999.0 -9999.0 -9999.0 -9999.0
-9999.0 -9999.0 -9999.0 -9999.0 -9999.0 -9999.0 -9999.0 -9999.0 -9999.0 -9999.0 -9999.0 -9999.0 -9999.0 -9999.0 -9999.0 -9999.0 -9999.0 -9999.0 -9999.0 -9999.0 -9999.0 -9999.0 -9999.0 -9999.0 618073.227368 370612.060517 147771.966667 351866.880382 363103.695840 -148.210035 1771253.903784 -9999.0 -9999.0 -9999.0 -9999.0 -9999.0 -9999.0 -9999.0 -9999.0 -9999.0 -9999.0 -9999.0 -9999.0 -9999.0 -9999.0 -9999.0 -9999.0 -9999.0 -9999.0 -9999.0 -9999.0 -9999.0 -9999.0 -9999.0 -9999.0 -9999.0 -9999.0
-9999.0 -9999.0 -9999.0 -9999.0 -9999.0 -9999.0 -9999.0 -9999.0 -9999.0 -9999.0 -9999.0 -9999.0 -9999.0 -9999.0 -9999.0 -9999.0 -9999.0 -9999.0 -9999.0 -9999.0 -9999.0 -9999.0 -9999.0 183112.519559 5158.043531 -701.858963 -874.675047 -1905.107312 -488.757998 7425.840482 1729767.801162 1710815.071570 -9999.0 -9999.0 -9999.0 -9999.0 -9999.0 -9999.0 -9999.0 -9999.0 -9999.0 -9999.0 -9999.0 -9999.0 -9999.0 -9999.0 -9999.0 -9999.0 -9999.0 -9999.0 -9999.0 -9999.0 -9999.0 -9999.0 -9999.0 -9999.0 -9999.0
-9999.0 -9999.0 -9999.0 -9999.0 -9999.0 -9999.0 -9999.0 -9999.0 -9999.0 -9999.0 -9999.0 -9999.0 -9999.0 -9999.0 -9999.0 -9999.0 -9999.0 -9999.0 711.617586 5730.872525 -9999.0 6892.191808 5366.809190 -215.853259 -709.590458 -2345.950510 813.107206 896.919857 198.617071 11481.759344 274923.537855 1733215.682972 712516.191108 566943.422456 -9999.0 -9999.0 -9999.0 -9999.0 -9999.0 -9999.0 -9999.0 -9999.0 -9999.0 -9999.0 -9999.0 -9999.0 -9999.0 -9999.0 -9999.0 -9999.0 -9999.0 -9999.0 -9999.0 -9999.0 -9999.0 -9999.0 -9999.0
-9999.0 -9999.0 -9999.0 -9999.0 -9999.0 -9999.0 -9999.0 -9999.0 -9999.0 -9999.0 -9999.0 -9999.0 -9999.0 -9999.0 -9999.0 -9999.0 -9999.0 -3132.678756 -2886.202013 -174.728425 1217.267740 22090.218612 16738.587079 1773.679180 679.666758 7963.133789 2609724.314856 19744.215095 906451.309650 1266.708660 1544.620523 209160.213088 -56.489485 652023.762746 605947.971060 533699.728347 -9999.0 -9999.0 -9999.0 -9999.0 -9999.0 -9999.0 -9999.0 -9999.0 -9999.0 -9999.0 -9999.0 -9999.0 -9999.0 -9999.0 -9999.0 -9999.0 -9999.0 -9999.0 -9999.0 -9999.0 -9999.0
-9999.0 -9999.0 -9999.0 -9999.0 -9999.0 -9999.0 -9999.0 -9999.0 -9999.0 -9999.0 -9999.0 -9999.0 -9999.0 3463.403837 1317.810777 -2303.809517 -3077.280842 -5778.178141 -3067.414841 -1273.128462 -572.013910 765.973986 -658.424271 662.021794 17056.141756 5619.501356 915426.172094 1804514.945923 1973177.447722 20319.016183 -168.310478 -159.568099 375312.122362 177620.159382 426903.307224 597375.565026 -9999.0 -9999.0 -9999.0 -9999.0 -9999.0 -9999.0 -9999.0 -9999.0 -9999.0 -9999.0 -9999.0 -9999.0 -9999.0 -9999.0 -9999.0 -9999.0 -9999.0 -9999.0 -9999.0 -9999.0 -9999.0
-9999.0 -9999.0 -9999.0 -9999.0 -9999.0 -9999.0 -9999.0 -9999.0 -9999.0 -9999.0 -9999.0 -9999.0 -9999.0 1595.672206 -752.135243 -2860.039962 -3024.578591 -638.181083 -5783.814076 -1340.821343 -2993.847252 -661.906219 -708.861566 -228.181167 2090.688744 13683.652995 1564953.901848 656947.830509 740360.370538 2234088.050306 1663983.109367 1789862.380582 652106.393731 1883.428563 475803.545085 -9999.0 -9999.0 -9999.0 -9999.0 -9999.0 -9999.0 -9999.0 -9999.0 -9999.0 -9999.0 -9999.0 -9999.0 -9999.0 -9999.0 -9999.0 -9999.0 -9999.0 -9999.0 -9999.0 -9999.0 -9999.0 -9999.0
-9999.0 -9999.0 -9999.0 -9999.0 -9999.0 -9999.0 -9999.0 -9999.0 -9999.0 -9999.0 -9999.0 -9999.0 -9999.0 -906.111919 616.639253 -1236.762233 -2865.716770 -2953.081787 -5797.167183 -3042.173712 -524.335281 -32.237604 3321.379594 117590.183039 1148.296944 3279.833760 532673.254345 729958.235239 1755319.530262 1642.141182 1694191.037305 1849.629173 2058.554607 2189.202484 520564.859041 -9999.0 -9999.0 -9999.0 -9999.0 -9999.0 -9999.0 -9999.0 -9999.0 -9999.0 -9999.0 -9999.0 -9999.0 -9999.0 -9999.0 -9999.0 -9999.0 -9999.0 -9999.0 -9999.0 -9999.0 -9999.0 -9999.0
-9999.0 -9999.0 -9999.0 -9999.0 -9999.0 -9999.0 -9999.0 -9999.0 -9999.0 -9999.0 -9999.0 -9999.0 1249.882074 7002.539204 -765.140993 184.375248 -946.845586 -2525.941557 -733.636816 -5098.945691 -235.551344 23772.129832 84691.035598 1205232.110026 -170.884866 1704822.077663 -152.526911 1777184.505354 421616.809168 636473.742857 146331.837476 685685.293071 1286326.373038 554996.000427 -9999.0 -9999.0 -9999.0 -9999.0 -9999.0 -9999.0 -9999.0 -9999.0 -9999.0 -9999.0 -9999.0 -9999.0 -9999.0 -9999.0 -9999.0 -9999.0 -9999.0 -9999.0 -9999.0 -9999.0 -9999.0 -9999.0 -9999.0
-9999.0 -9999.0 -9999.0 -9999.0 -9999.0 -9999.0 -9999.0 -9999.0 -9999.0 -9999.0 -9999.0 5140.035102 -459.053062 280.027581 -681.687525 1583.244598 -3453.263579 -2398.236216 -342.016912 -21.656521 -2620.946570 905.762246 5798.493388 888004.406525 -175.296461 856274.081027 1663005.744599 1695647.287528 -116.893938 635629.441999 689147.607952 430519.805735 469870.956714 617430.984773 637527.432684 489669.133259 1802054.048484 1653862.997513 767257.343050 -9999.0 -9999.0 -9999.0 607765.937989 -9999.0 -9999.0 -9999.0 -9999.0 -9999.0 -9999.0 -9999.0 -9999.0 -9999.0 -9999.0 -9999.0 -9999.0 -9999.0 -9999.0
-9999.0 -9999.0 -9999.0 -9999.0 -9999.0 -9999.0 -9999.0 -9999.0 -9999.0 -9999.0 -9999.0 3735.228971 -597.858087 -689.180834 -1143.077619 2978.691627 -2927.800987 -3006.721117 -649.526945 -552.529690 -406.400976 2287.616603 5989.571837 2214761.194589 1643179.423876 1698307.080887 1724342.463165 861772.753265 277078.669311 667603.906787 1718128.768308 -151.144038 1749397.767707 1682296.290516 1626577.304712 1741374.962928 429967.886913 6366.088151 603952.332006 639015.083660 665185.971345 661479.177847 1775188.453434 682919.437356 -9999.0 -9999.0 -9999.0 1374517.272339 1682357.591516 606939.420794 1753605.096883 620461.009375 629464.322128 1495593.311329 1560129.355764 571985.421431 -9999.0
-9999.0 -9999.0 -9999.0 -9999.0 -9999.0 -9999.0 -9999.0 -9999.0 -9999.0 -9999.0 -9999.0 4200.346551 3975.476503 -168.398324 1629.221697 1618.131334 -151.416298 -2308.176132 -638.654468 -647.429370 -725.692432 7031.594128 2028357.568244 603052.349242 1726776.991155 707372.377698 2105772.437495 -135.049954 726494.650201 1717529.645384 734589.585899 -127.414026 808621.945558 1772146.246816 712396.662663 688037.527430 -141.976117 -148.921274 5164.783709 679100.578072 1156988.959451 1839583.475805 872944.541719 1691888.978410 1755171.395665 -9999.0 568691.471463 1756578.517591 1739798.574510 816214.854050 634167.821476 577776.452656 1614433.696101 1683559.342534 1580051.396630 1655359.630571 -9999.0
-9999.0 -9999.0 -9999.0 -9999.0 -9999.0 -9999.0 -9999.0 -9999.0 -9999.0 -9999.0 -9999.0 -9999.0 4161.623519 -171.780411 1617.818385 1448.396288 -73.190171 -2423.595745 -561.043571 -592.956381 -897.323444 2333.423149 10862.777498 1912341.263383 2227605.201318 2140049.941885 -83.520852 899385.147225 1809466.626905 716755.592864 1748939.300513 -133.018780 697651.383577 1810969.734436 1843677.044126 1643219.222568 2147148.124045 -137.900042 1273.667649 7102.728020 6217.676497 560851.826247 1081748.957348 6473.264824 724118.862173 1655947.753306 671073.626677 1781362.624308 1806207.585844 1601675.749702 975897.596402 -137.285815 -153.716411 -128.264485 484532.148596 1533552.681354 1665292.210674
-9999.0 -9999.0 -9999.0 -9999.0 -9999.0 -9999.0 -9999.0 -9999.0 -9999.0 -9999.0 -9999.0 1956826.481053 7106.510842 3729.469768 -171.619520 6316.632682 1216.552767 -918.759666 -540.303759 -2285.126529 -1639.383067 -526.947378 8974.854697 2107067.819037 2091632.870866 738196.536590 1972209.743663 1815374.171959 1752140.328424 700399.704226 2097340.978780 -145.031558 48320.976408 1814811.774937 1669420.852259 1772141.732860 1765498.577025 1977529.990598 5807.499478 3928.592903 1939767.685668 14477.526659 -164.099898 790214.014662 5156.482049 1766717.916474 991896.613048 676818.039411 572540.828306 34944.289074 784399.243201 1804638.309414 74248.074974 -21.379666 1661.408278 1692.596287 572744.437509
-9999.0 -9999.0 -9999.0 -9999.0 -9999.0 -9999.0 -9999.0 -9999.0 -9999.0 -9999.0 -69.349123 1154005.336531 6050.068726 5879.872147 5423.781118 -186.636389 -185.982349 2210.922461 -2817.258124 -1978.865191 -447.321964 476.915479 3150925.568628 5023.755121 14708.147547 -165.341490 2203549.044053 840091.155177 562405.299274 6731.021876 -153.012991 -151.266127 1565.145873 1841011.586987 644602.904917 726871.668495 623232.222701 1735656.818714 467375.550866 2381.354432 1842.389776 -11.966187 -9.379217 -447.247200 28957.638931 689943.128542 917766.734032 1673711.222394 327882.827441 16385.632311 361478.489573 675471.386196 1741.874980 1848.546937 1854.928912 1721189.938888 1476146.097659
-9999.0 -9999.0 -9999.0 -9999.0 -9999.0 -9999.0 -9999.0 -9999.0 -9999.0 1612880.271646 5800.689738 -152.262008 -134.806433 1912454.393179 -144.640775 429.497010 125610.550084 1063.134273 -2439.444640 -2877.215124 -509.676874 -1381.336521 -859.926878 1487.192891 6448.514847 3163030.216735 2330915.344707 6696.127407 922665.941389 -131.734384 4857.484967 2986971.946652 748898.680904 1722.086755 627330.363377 672694.208329 346857.574131 1556875.601934 2063307.234406 545218.895441 -180.716864 3184685.630277 3226660.066870 -1050.294417 -604.946530 35910.898944 6624.744550 1949956.987772 1950667.362718 4223.974566 1746620.615034 627886.887163 2031.431660 592202.625867 631234.205899 81346.465048 55599.717624
-9999.0 -9999.0 -9999.0 -9999.0 -9999.0 -9999.0 -9999.0 -9999.0 -9999.0 181878.882628 1290864.353712 6461.450906 7420.964307 13147.280491 444460.031118 1908649.485741 5776.021890 1319.178329 -2720.944352 -752.893069 -651.606538 -879.414899 119.553007 2896.442639 3154759.723188 2247773.167254 1907110.799542 16484.203468 1474.808223 2799.300763 9830.633305 2798191.701219 1649477.869756 1769455.718489 1782326.384424 717207.923795 722424.707606 661357.724270 1759084.564820 6094.394502 2032487.904410 2293397.230895 1702771.584161 1342.576265 -712.301416 -454.643326 -400.377610 1663.587948 13108.160917 3674.241326 3062962.439944 1965401.027786 604652.745843 1599755.442409 516030.604438 91184.591933 76583.147567
-9999.0 -9999.0 -9999.0 -9999.0 -9999.0 -9999.0 -9999.0 -9999.0 -9999.0 -9999.0 1700626.483552 322295.870492 3772.026576 -207.784211 9184.227025 57322.552919 13724.951342 -438.699198 -3093.822457 -944.027231 -565.138982 -2552.951230 13269.801116 2811259.137387 2118418.347917 25745.921902 3946.716443 689.022676 9143.313386 3114908.630827 3053080.417160 -134.181038 2134714.869678 1832980.112113 774997.529468 -160.141529 6528.014013 5555.208444 728780.323300 1785184.012120 1840555.055262 6426.754810 168.548255 47806.882874 3057.687363 1296.033642 -776.115739 -357.799919 -408.001812 3878.917626 2918542.933350 975044.663736 640040.135419 593820.605218 1610291.375649 1697464.038057 1093160.805296
-9999.0 -9999.0 -9999.0 -9999.0 -9999.0 -9999.0 -9999.0 -9999.0 -9999.0 -9999.0 1729024.519582 1103997.323374 6703.751323 15024.142505 753.818857 876.408872 2247.852699 -1940.956714 -2992.347617 -2905.686028 -3089.736322 -1786.375506 30859.026417 473695.775393 23717.058777 1624.678355 5.306900 2792.762993 3005045.171826 2202029.654464 1820085.753697 164833.373229 157183.336957 1779926.747503 1780538.362821 5573.597135 -157.515952 840057.665517 2078645.562495 1810170.856600 1688782.437994 -68.772633 1098412.365803 180338.649004 5432.385232 3084044.196423 17001.079856 2936.814682 -999.478153 -165.677432 6541.774232 1996575.655995 1860464.525980 602830.972907 599002.511393 627612.997107 1773808.049403
-9999.0 -9999.0 -9999.0 -9999.0 -9999.0 -9999.0 -9999.0 -9999.0 673573.974204 1730115.585678 1735472.331786 772143.859069 -139.357956 1048098.286372 243390.200438 -569.825404 -2618.571155 -956.873337 -1320.003329 -2994.904728 -3307.551689 -3181.911655 -2515.688931 -1081.812407 1885.377619 -330.035160 735.807383 3197737.013538 1966815.922355 1872641.171834 1641.708601 1795563.161796 1771908.923895 1765093.665020 1389046.613403 1766251.771884 6422.771866 -78.605444 3163787.085696 726804.182657 704870.005658 232331.164314 806048.853925 751398.706467 478671.160432 -72.136140 3115251.349445 1936685.330173 1773.155050 -192.896253 2166.515309 2499696.138837 1310053.775516 1761205.760871 642849.926523 1778760.090316 714978.992886
-9999.0 -9999.0 -9999.0 -9999.0 -9999.0 -9999.0 -9999.0 -9999.0 -53.605256 1713894.664979 2154152.771609 1720702.149142 1638558.556908 -147.648181 3200362.732610 1465.923943 -1607.815178 -2508.948432 -3295.510506 -3042.645465 -756.841321 -912.651790 -913.307667 -855.166852 -2681.722778 -933.406731 -456.640502 1091595.319719 377749.414476 1774604.714611 1756817.015796 715479.304176 880148.248282 721382.536631 847421.464001 7377.570193 -79.548960 -189.708842 1917701.443988 552007.998069 1806344.661760 109645.425585 732440.467292 368209.702088 -155.607096 2007695.262539 851150.766315 860991.619764 798303.654585 -576.741600 -168.402078 1086318.128959 1442014.550541 1695283.409110 1696032.504147 -24.097313 2293139.905671
-9999.0 -9999.0 -9999.0 -9999.0 -9999.0 -9999.0 -9999.0 -9999.0 1790607.226501 -155.453036 1730632.929424 2150159.596755 107085.981832 879746.408410 2010037.508486 3202147.594707 -726.237967 -821.794216 -3238.364322 -842.645096 -3084.968610 -1570.421184 -1124.202794 -2850.826159 -777.605707 -1922.102096 357.320038 3227943.235278 725295.833106 1738955.506979 710276.529112 -143.528355 2043716.276473 2207489.972024 5948.493973 -89.190035 11122.838987 -171.769659 30013.205593 2103618.694983 843069.797624 714083.067250 660327.225863 -154.407302 2103759.789328 763558.243235 717545.077563 1641617.063733 2281577.093429 7952.337065 -491.446476 3636.039109 946292.835697 1701970.458526 262737.549078 21460.993133 479.664246
-9999.0 -9999.0 -9999.0 -9999.0 -9999.0 -9999.0 -9999.0 -9999.0 705960.757822 630349.509418 1089035.214739 513252.681456 691753.856102 1945977.281411 2956920.716572 323.925063 -3014.373114 -3151.265113 -637.702631 -3270.119674 -2966.654693 -2981.236339 -1293.479768 -2568.009626 -2737.622707 -753.794358 774743.593872 3238669.126657 6859.870314 1849807.888442 2024103.410470 1591602.980469 15378.690845 -172.218245 565374.519879 4239.678417 940.664340 -1494.948762 -407.158221 14905.154079 7165.346599 6751.491754 13.037909 340350.576731 1362295.629368 697164.224402 553189.440005 653089.096171 1608935.639407 2131727.504720 4907.960748 -416.203338 3965.539196 232530.205881 2997.088449 7.055961 -370.301734
-9999.0 -9999.0 -9999.0 -9999.0 -9999.0 -9999.0 -9999.0 -9999.0 1689597.692247 924911.749728 -138.645445 3195728.509379 1842528.196853 563051.822983 1755.160322 -271.055616 -281.774754 -1425.200974 -931.776895 -2527.235358 -3096.741580 -2762.668859 -2862.765961 -2792.717561 -656.084311 -277.343700 3231259.043855 28236.908043 4229.152187 -159.033728 3086982.865166 3211.960612 11.252593 616.087838 3153.316180 942.438050 -563.375123 -2785.670219 -2893.744971 -248.214511 1954.598696 3574.319449 -195.851677 12540.516876 2027965.068417 5281.435338 929206.569282 -151.610044 1627958.352921 5026.330361 -319.843251 -860.309414 -526.210460 -414.337899 54.757605 45.296398 -149.782204
