user2019/resources/simulation/Vinschgau/output-maps/psiL0002N1449.asc
ncols         63
nrows         48
xllcorner     598000.000000
yllcorner     5145000.000000
cellsize      1000.000000
NODATA_value  -9999.0
[rows 0 to 24 of 48, columns 0 to 56 of 63]
-9999.0 -9999.0 -9999.0 -9999.0 -9999.0 -9999.0 -9999.0 -9999.0 -9999.0 -9999.0 -9999.0 -9999.0 -9999.0 -9999.0 -9999.0 -9999.0 -9999.0 -9999.0 -9999.0 -9999.0 -9999.0 -9999.0 -9999.0 -9999.0 -9999.0 -9999.0 -9999.0 -9999.0 -9999.0 -9999.0 -9999.0 -9999.0 -9999.0 -9999.0 -9999.0 -9999.0 -9999.0 -9999.0 -9999.0 -9999.0 -9999.0 -9999.0 -9999.0 -9999.0 -9999.0 -9999.0 -9999.0 -9999.0 -9999.0 -9999.0 -9999.0 -9999.0 -9999.0 -9999.0 -9999.0 -9999.0 -9999.0
-9999.0 -9999.0 -9999.0 -9999.0 -9999.0 -9999.0 -9999.0 -9999.0 -9999.0 -9999.0 -9999.0 -9999.0 -9999.0 -9999.0 -9999.0 -9999.0 -9999.0 -9999.0 -9999.0 -9999.0 -9999.0 -9999.0 -9999.0 -9999.0 -9999.0 -9999.0 -9999.0 -181.321133 -1347.927290 -161.165452 -127.662173 -1830.418625 65855.252625 -9999.0 -9999.0 -9999.0 -9999.0 -9999.0 -9999.0 -9999.0 -9999.0 -9999.0 -9999.0 -9999.0 -9999.0 -9999.0 -9999.0 -9999.0 -9999.0 -9999.0 -9999.0 -9999.0 -9999.0 -9999.0 -9999.0 -9999.0 -9999.0
-9999.0 -9999.0 -9999.0 -9999.0 -9999.0 -9999.0 -9999.0 -9999.0 -9999.0 -9999.0 -9999.0 -9999.0 -9999.0 -9999.0 -9999.0 -9999.0 -9999.0 -9999.0 -9999.0 -9999.0 -9999.0 -9999.0 -9999.0 -9999.0 -765.421267 -985.695596 -1148.324016 -838.776668 -870.648122 -1193.775079 6146.475131 -9999.0 -9999.0 -9999.0 -9999.0 -9999.0 -9999.0 -9999.0 -9999.0 -9999.0 -9999.0 -9999.0 -9999.0 -9999.0 -9999.0 -9999.0 -9999.0 -9999.0 -9999.0 -9999.0 -9999.0 -9999.0 -9999.0 -9999.0 -9999.0 -9999.0 -9999.0
-9999.0 -9999.0 -9999.0 -9999.0 -9999.0 -9999.0 -9999.0 -9999.0 -9999.0 -9999.0 -9999.0 -9999.0 -9999.0 -9999.0 -9999.0 -9999.0 -9999.0 -9999.0 -9999.0 -9999.0 -9999.0 -9999.0 -9999.0 -1191.802794 -989.914987 -2974.074403 -3017.269215 -3061.765486 -3047.826392 -1236.942319 245.151279 54653.201007 -9999.0 -9999.0 -9999.0 -9999.0 -9999.0 -9999.0 -9999.0 -9999.0 -9999.0 -9999.0 -9999.0 -9999.0 -9999.0 -9999.0 -9999.0 -9999.0 -9999.0 -9999.0 -9999.0 -9999.0 -9999.0 -9999.0 -9999.0 -9999.0 -9999.0
-9999.0 -9999.0 -9999.0 -9999.0 -9999.0 -9999.0 -9999.0 -9999.0 -9999.0 -9999.0 -9999.0 -9999.0 -9999.0 -9999.0 -9999.0 -9999.0 -9999.0 -9999.0 -2345.211834 -986.428066 -9999.0 -862.503759 -964.063421 -2953.264749 -2913.195848 -2951.345950 -2519.376867 -2784.299216 -2737.621160 -2601.242485 -1296.086319 -169.814742 -142.959050 -226.034302 -9999.0 -9999.0 -9999.0 -9999.0 -9999.0 -9999.0 -9999.0 -9999.0 -9999.0 -9999.0 -9999.0 -9999.0 -9999.0 -9999.0 -9999.0 -9999.0 -9999.0 -9999.0 -9999.0 -9999.0 -9999.0 -9999.0 -9999.0
-9999.0 -9999.0 -9999.0 -9999.0 -9999.0 -9999.0 -9999.0 -9999.0 -9999.0 -9999.0 -9999.0 -9999.0 -9999.0 -9999.0 -9999.0 -9999.0 -9999.0 -2926.404849 -2870.823389 -6595.617398 -943.563359 -906.380523 -2462.914181 -2793.903031 -2767.949900 -1940.226688 256455.618583 -2341.289115 79373.551939 -2585.161800 -1334.371572 -1267.367003 -201.204564 -191.267574 -172.661715 -197.606858 -9999.0 -9999.0 -9999.0 -9999.0 -9999.0 -9999.0 -9999.0 -9999.0 -9999.0 -9999.0 -9999.0 -9999.0 -9999.0 -9999.0 -9999.0 -9999.0 -9999.0 -9999.0 -9999.0 -9999.0 -9999.0
-9999.0 -9999.0 -9999.0 -9999.0 -9999.0 -9999.0 -9999.0 -9999.0 -9999.0 -9999.0 -9999.0 -9999.0 -9999.0 -1774.425244 -2748.271922 -2791.613662 -2883.727602 -6554.934691 -2886.813785 -2849.768396 -2831.669543 -2811.973857 -2855.916261 -2833.283074 -515.629993 -1003.295318 -60.489410 -792.369688 -556.142898 -182.604466 -434.315490 -1030.139076 -1341.477983 -74.255599 -109.910192 -191.347249 -9999.0 -9999.0 -9999.0 -9999.0 -9999.0 -9999.0 -9999.0 -9999.0 -9999.0 -9999.0 -9999.0 -9999.0 -9999.0 -9999.0 -9999.0 -9999.0 -9999.0 -9999.0 -9999.0 -9999.0 -9999.0
-9999.0 -9999.0 -9999.0 -9999.0 -9999.0 -9999.0 -9999.0 -9999.0 -9999.0 -9999.0 -9999.0 -9999.0 -9999.0 -1806.243409 -2922.122035 -2872.295238 -2869.580061 -2941.177967 -6567.705609 -2829.091457 -2849.421023 -2938.056651 -2788.914610 -2704.173212 -2786.829399 -2808.052466 -1348.742950 -166.462379 -151.097166 428855.589273 178325.015381 1653.544921 -114.025178 -93.733903 -99.167572 -9999.0 -9999.0 -9999.0 -9999.0 -9999.0 -9999.0 -9999.0 -9999.0 -9999.0 -9999.0 -9999.0 -9999.0 -9999.0 -9999.0 -9999.0 -9999.0 -9999.0 -9999.0 -9999.0 -9999.0 -9999.0 -9999.0
-9999.0 -9999.0 -9999.0 -9999.0 -9999.0 -9999.0 -9999.0 -9999.0 -9999.0 -9999.0 -9999.0 -9999.0 -9999.0 -2917.470488 275.700686 -2957.940191 -2844.797752 -2844.802662 -6596.256523 -2879.697393 -2954.044812 -6040.292115 -2462.427662 -304.591521 -2832.613559 -2828.802209 -113.626403 -156.107469 34736.786468 -101.054378 44577.129323 -67.320286 -122.134139 -24.841815 -153.365403 -9999.0 -9999.0 -9999.0 -9999.0 -9999.0 -9999.0 -9999.0 -9999.0 -9999.0 -9999.0 -9999.0 -9999.0 -9999.0 -9999.0 -9999.0 -9999.0 -9999.0 -9999.0 -9999.0 -9999.0 -9999.0 -9999.0
-9999.0 -9999.0 -9999.0 -9999.0 -9999.0 -9999.0 -9999.0 -9999.0 -9999.0 -9999.0 -9999.0 -9999.0 -2835.163063 6172.966098 -2913.273368 -2777.679581 -2706.303823 -2816.012777 -3076.437857 -6511.522213 -2805.594306 -1741.085746 -2329.855333 -1429.209529 2524.264715 -1414.543186 999091.050904 7897.237383 -96.979033 -93.254687 47609.004777 -134.244971 92601.061152 -255.164223 -9999.0 -9999.0 -9999.0 -9999.0 -9999.0 -9999.0 -9999.0 -9999.0 -9999.0 -9999.0 -9999.0 -9999.0 -9999.0 -9999.0 -9999.0 -9999.0 -9999.0 -9999.0 -9999.0 -9999.0 -9999.0 -9999.0 -9999.0
-9999.0 -9999.0 -9999.0 -9999.0 -9999.0 -9999.0 -9999.0 -9999.0 -9999.0 -9999.0 -9999.0 -1375.517742 -2904.588233 -799.755283 -2919.632131 -2543.621974 -6557.179731 -2853.261373 -2779.974241 -6950.362414 -2798.842177 -2821.271198 -1164.477136 -1335.337143 -2469.078238 -1107.415515 49584.062942 -618.081683 19364.711396 -118.154315 -153.208975 -1286.102568 -121.912130 -196.546023 -147.597444 -161.362574 -168.621154 -1575.607216 -1540.342655 -9999.0 -9999.0 -9999.0 -219.494819 -9999.0 -9999.0 -9999.0 -9999.0 -9999.0 -9999.0 -9999.0 -9999.0 -9999.0 -9999.0 -9999.0 -9999.0 -9999.0 -9999.0
-9999.0 -9999.0 -9999.0 -9999.0 -9999.0 -9999.0 -9999.0 -9999.0 -9999.0 -9999.0 -9999.0 -1174.937988 -2966.443037 -3072.332579 -3071.502474 -2093.556238 -3143.266640 -2895.289181 -2851.320495 -2963.459899 -2940.939580 -2171.913112 -843.976761 3200520.729473 2530255.240342 -1364.771685 -501.809650 -1057.323020 -67.993793 -163.964471 -363.862230 -947.409974 54316.773225 79317.253622 -196.805293 -477.663893 -1224.520956 -1329.721793 -1516.771378 -200.894908 -209.503563 -198.895378 1215.742262 -151.545121 -9999.0 -9999.0 -9999.0 -2192.405024 36865.450318 -77.078735 119994.226350 -100.109178 -103.534688 -919.432573 -157.159589 -122.936267 -9999.0
-9999.0 -9999.0 -9999.0 -9999.0 -9999.0 -9999.0 -9999.0 -9999.0 -9999.0 -9999.0 -9999.0 -1047.532983 -1176.158700 -2711.943404 -1951.160548 -2457.938352 -2712.292329 -2835.922847 -3059.856718 -2962.709067 -2619.138167 -764.686195 898448.059604 -517.622493 -1398.508554 -176.158236 1410501.244151 3350782.340544 -163.584823 10717.236213 -161.183846 2929442.167607 -1087.707650 101050.861752 -119.961765 -1231.831242 1758529.680294 922513.567080 -1369.521982 -182.383096 -1462.078418 -1830.878878 -1087.235515 -358.794370 117333.034548 -9999.0 -226.459710 122314.134237 -85.034520 -1272.402499 -1330.358918 -168.412173 -1472.073375 -160.839397 -1749.993252 81544.292305 -9999.0
-9999.0 -9999.0 -9999.0 -9999.0 -9999.0 -9999.0 -9999.0 -9999.0 -9999.0 -9999.0 -9999.0 -9999.0 -1314.595967 -48.121941 -1629.177672 -1760.239602 -2603.371593 -2784.396149 -2910.612793 -2964.419599 -2764.266825 -2454.851853 13361.000560 577749.617515 3603137.744580 1560801.411800 3045.329487 -1394.754615 9483.194689 -149.021450 -297.469869 2025086.245613 -1311.612463 27206.767036 81501.594467 -1215.464558 1172056.275814 1357005.581132 -1394.288274 -1461.051843 -1219.575471 -338.813854 607535.124349 -875.271447 -152.774302 93125.868097 -123.104362 114913.214575 3436049.210268 661341.060687 244403.182908 2483125.930241 2746792.865152 2754597.584410 2899987.853176 1361.498211 85245.769841
-9999.0 -9999.0 -9999.0 -9999.0 -9999.0 -9999.0 -9999.0 -9999.0 -9999.0 -9999.0 -9999.0 589581.206681 -962.594775 -1958.274881 -45.719251 -1857.524703 -2696.220795 -2746.670837 -3068.871472 -2859.589242 -2791.982165 -2537.110721 900.249225 1181616.997379 1170411.123107 2830522.001334 682233.002006 26744.518398 4747.723091 -169.602656 1570050.845147 3278724.671580 -1053.738550 26936.232262 32739.648571 -139.139392 -1554.689267 546430.079888 696.501451 -1633.967455 550889.941578 -790.116623 1463.897288 -76.529056 -1083.087855 11480.013446 -638.898062 -175.336826 -184.002253 112707.474387 1356583.563374 19678.753010 1388650.911539 332315.097621 309795.784335 79709.333141 -94.460184
-9999.0 -9999.0 -9999.0 -9999.0 -9999.0 -9999.0 -9999.0 -9999.0 -9999.0 -9999.0 3160.263113 228520.570781 -981.446641 -967.558393 -1405.446570 66035.821442 86825.044240 -2258.954738 -2829.474666 -2842.608218 -2838.067159 -2146.810715 4221177.504634 -1222.719990 27046.356489 1655955.762525 2978665.281974 1367443.189185 -1319.794042 -1207.247956 104685.159272 1367791.154209 -1198.568867 41475.189498 -168.579083 -172.866719 -1307.023557 793763.173158 2159434.234795 235.810805 -938.866172 -76.145170 -1040.193289 -1653.358073 116432.149834 -170.902595 -1294.287464 474784.568400 273765.511809 11420.415036 586997.835168 -66.840150 301841.334485 97033.421460 -29.165319 25577.243876 19007.486916
-9999.0 -9999.0 -9999.0 -9999.0 -9999.0 -9999.0 -9999.0 -9999.0 -9999.0 -1358.671259 -661.993739 149908.606240 17639.412094 591191.874848 63723.203002 26667.142535 168780.529260 -2315.848903 -2847.062039 -2864.943441 -2889.286562 -2679.729563 -2658.579891 -2647.032930 819.176055 5545704.737786 3739178.442954 -1149.147919 226847.424237 3634.881330 915.133383 5429697.739211 -152.672181 -126.941498 -212.746329 -174.380761 -1265.732545 2072838.738086 1018090.199920 131382.412944 1950412.644763 4071174.790145 3846979.535537 -2658.856346 -2664.070504 145446.521963 -1598.227769 720991.311896 700152.584678 836.311937 2780857.547118 -71.148501 87708.798712 -102.680930 -45.943957 1115620.491532 1154151.531458
-9999.0 -9999.0 -9999.0 -9999.0 -9999.0 -9999.0 -9999.0 -9999.0 -9999.0 -1441.074518 -1392.020041 -1211.787810 4663.938653 4330.637889 217237.308990 614091.849443 -1424.858419 -2627.081537 -2891.943726 -2979.084946 -2950.884239 -2987.532619 -2478.064620 -838.780345 5530635.397032 2049133.890689 563085.152069 24864.822050 -792.469649 -871.886772 -1472.278400 5289749.481964 -250.375960 75758.878396 2359.340714 -176.217803 -170.571573 -231.978012 -1408.289351 -1086.435802 1013614.362508 2828551.458857 421404.992999 -1259.479735 -2509.194359 -2586.176515 -2682.878188 -2483.773923 3983.496525 -531.382964 5360884.137451 3458643.955270 -56.347605 187583.240682 48295.991544 1336641.305465 1385745.839416
-9999.0 -9999.0 -9999.0 -9999.0 -9999.0 -9999.0 -9999.0 -9999.0 -9999.0 -9999.0 -179.262947 -1159.867124 -570.939375 1135403.438558 -702.447691 154454.694822 3112.793088 -2748.107573 -2947.609893 -2921.030111 -2954.651862 -2783.492308 10983.476273 2632881.145706 1122620.138869 109515.444236 671.760332 -1396.654595 -887.569058 5577906.434807 5493500.825445 4615051.045157 3856503.900789 34632.529888 -1181.309924 -1041.751853 -877.623837 -1231.162283 -162.886371 -254.784308 20341.224606 -845.339393 4938.765360 101415.881909 -2030.106515 -287.468909 -2691.657667 -2583.921283 -2777.237233 -1507.366733 5368506.759098 1977052.677718 -49.888069 46559.831772 201784.641088 147695.254687 25735.189874
-9999.0 -9999.0 -9999.0 -9999.0 -9999.0 -9999.0 -9999.0 -9999.0 -9999.0 -9999.0 16607.787199 -1321.142982 -1208.841533 8445.002491 -874.658092 -2396.270945 -1790.277522 -2778.107148 -2971.190929 -2987.685827 -2894.369322 -2804.169595 41778.150002 237054.708316 98898.996819 -693.435257 -1121.402445 770.729519 5625038.246087 3937052.363077 -42.441217 -319.884159 911019.404262 57052.031043 -510.836070 -1195.086256 642802.839821 135931.499907 3266816.744374 18850.329004 -615.780601 -311.825958 593985.871523 -1279.756625 -883.960385 2710179.459903 10768.629102 -1421.956056 -2756.776000 -2724.906413 1067.679864 3187643.556183 3582662.182033 16.477968 58815.866706 9124.671990 158046.773881
-9999.0 -9999.0 -9999.0 -9999.0 -9999.0 -9999.0 -9999.0 -9999.0 -458.062535 -164.926870 -1855.965228 -396.384998 1104234.902355 417229.810631 242047.065366 -1613.189471 -2843.914865 -2998.993242 -3020.426988 -3009.190824 -3011.291762 -2985.888840 -2963.967788 -2908.473722 -2594.990166 -1028.715134 -530.701241 5708743.232483 3335535.656049 3852742.974959 -76.952407 -186.483754 -304.834719 25066.259895 -460.296597 -1424.427678 -1598.529740 18383.757087 5527114.381909 -175.967912 -177.895691 -917.658556 1540745.017390 -170.878250 -408.183100 2855.111537 5439492.402850 493952.835937 -207.609632 -1498.517566 -620.024219 4110441.279243 1993166.001664 3223237.184635 -68.248610 -604.929066 -113.383761
-9999.0 -9999.0 -9999.0 -9999.0 -9999.0 -9999.0 -9999.0 -9999.0 -26093420.895701 1700185.492756 3715670.644640 34835.439270 -1281.005384 3305787.783895 5483434.120580 -513.265562 -2722.546410 -2785.266099 -2994.836621 -3044.686807 -2976.473851 -3190.133447 -3243.177259 -3229.023015 -2901.654288 -2619.613003 -736.456087 245283.840316 640501.506844 13484.958405 89870.698244 -173.940746 -1262.988801 -174.576365 -468.896108 -835.610918 -2569.388067 -478.840241 356680.077033 -1260.389759 -339.686501 -916.495592 -176.654679 -1255.924763 5405.927514 769053.066352 1421616.384197 -1287.323068 223533.133706 -1328.765475 -760.085667 253574.088655 2085399.540716 160114.551384 -1468.298562 313077.980785 922170.395246
-9999.0 -9999.0 -9999.0 -9999.0 -9999.0 -9999.0 -9999.0 -9999.0 -286.697216 29091.568296 123376.436787 3821420.979462 -174.806398 1427571.683846 740244.884814 5240850.923130 -2422.293046 -2789.474688 -2973.273381 -2921.174612 -3074.921471 -3169.027171 -3223.423321 -3023.994540 -2995.939581 -2764.385083 -806.284395 5721547.082890 903498.235843 -364.236923 -177.460366 -651.302116 3267934.642946 2182328.137928 -750.047092 -2178.570698 -292.995761 -1707.765541 40718.991206 539878.461707 -1029.861180 -198.159857 -595.835335 8383.179677 2263457.028568 -510.822530 -179.629217 -24.617666 3657035.816505 4430.824697 -1750.474603 263.894959 1282341.314044 2145571.637616 342646.465813 29098.491942 -523.594975
-9999.0 -9999.0 -9999.0 -9999.0 -9999.0 -9999.0 -9999.0 -9999.0 -82.272327 -1121.872282 493466.312628 690174.478293 -257.175569 2021385.892546 4417250.785691 -756.828802 -2829.166109 -2924.982553 -2909.632214 -2976.997334 -3005.593659 -3032.433457 -3062.843026 -2962.859049 -2779.356248 -2268.010484 362003.027350 5581809.112051 -1185.902787 519849.439966 705057.345144 266580.458416 6827.185061 719.631150 195963.980449 -1401.742793 -2669.242730 -2762.044107 -2156.428544 37519.954458 -1202.213910 -1155.205891 -1153.874729 -366.536749 -251.880981 -186.968840 -1310.509382 -191.057077 -1123.177542 940599.799792 -76.388398 -2371.704707 880.076634 271523.844645 442.700185 -653.213665 -2548.000499
-9999.0 -9999.0 -9999.0 -9999.0 -9999.0 -9999.0 -9999.0 -9999.0 103779.600346 -153.469043 -2791265.937421 5634308.787223 4776255.632521 2117078.329778 -517.982623 -2373.945024 -1853.031492 -2673.208743 -2556.982669 -2793.811108 -2905.213160 -2952.457513 -2928.778700 -2859.016711 -2869.725085 -2324.159837 5587267.491376 111179.238274 -41.102596 935.022904 1996564.196443 437.417645 -2733.510805 -1401.157449 -2293.984816 -2635.968866 -2692.035119 -2839.048881 -2804.939250 -2545.016907 -2534.330095 -2452.365489 -2535.638713 -467.470703 802270.424731 -1070.837496 265103.628020 24818.785061 343214.657077 787.459269 -2552.866118 -2442.398614 -2256.330736 -1207.106745 -909.404074 -966.413590 -2030.645759
