user2019/resources/simulation/Vinschgau/output-maps/psiL0007N0414.asc
ncols         63
nrows         48
xllcorner     598000.000000
yllcorner     5145000.000000
cellsize      1000.000000
NODATA_value  -9999.0
[rows 0 to 25 of 48, columns 0 to 57 of 63]
-9999.0 -9999.0 -9999.0 -9999.0 -9999.0 -9999.0 -9999.0 -9999.0 -9999.0 -9999.0 -9999.0 -9999.0 -9999.0 -9999.0 -9999.0 -9999.0 -9999.0 -9999.0 -9999.0 -9999.0 -9999.0 -9999.0 -9999.0 -9999.0 -9999.0 -9999.0 -9999.0 -9999.0 -9999.0 -9999.0 -9999.0 -9999.0 -9999.0 -9999.0 -9999.0 -9999.0 -9999.0 -9999.0 -9999.0 -9999.0 -9999.0 -9999.0 -9999.0 -9999.0 -9999.0 -9999.0 -9999.0 -9999.0 -9999.0 -9999.0 -9999.0 -9999.0 -9999.0 -9999.0 -9999.0 -9999.0 -9999.0 -9999.0
-9999.0 -9999.0 -9999.0 -9999.0 -9999.0 -9999.0 -9999.0 -9999.0 -9999.0 -9999.0 -9999.0 -9999.0 -9999.0 -9999.0 -9999.0 -9999.0 -9999.0 -9999.0 -9999.0 -9999.0 -9999.0 -9999.0 -9999.0 -9999.0 -9999.0 -9999.0 -9999.0 -594.123239 -590.595664 -593.467052 -583.867018 -582.659210 -582.676255 -9999.0 -9999.0 -9999.0 -9999.0 -9999.0 -9999.0 -9999.0 -9999.0 -9999.0 -9999.0 -9999.0 -9999.0 -9999.0 -9999.0 -9999.0 -9999.0 -9999.0 -9999.0 -9999.0 -9999.0 -9999.0 -9999.0 -9999.0 -9999.0 -9999.0
-9999.0 -9999.0 -9999.0 -9999.0 -9999.0 -9999.0 -9999.0 -9999.0 -9999.0 -9999.0 -9999.0 -9999.0 -9999.0 -9999.0 -9999.0 -9999.0 -9999.0 -9999.0 -9999.0 -9999.0 -9999.0 -9999.0 -9999.0 -9999.0 -390.258476 -388.969637 -286.402724 -283.169923 -238.779918 -583.608783 -587.085892 -9999.0 -9999.0 -9999.0 -9999.0 -9999.0 -9999.0 -9999.0 -9999.0 -9999.0 -9999.0 -9999.0 -9999.0 -9999.0 -9999.0 -9999.0 -9999.0 -9999.0 -9999.0 -9999.0 -9999.0 -9999.0 -9999.0 -9999.0 -9999.0 -9999.0 -9999.0 -9999.0
-9999.0 -9999.0 -9999.0 -9999.0 -9999.0 -9999.0 -9999.0 -9999.0 -9999.0 -9999.0 -9999.0 -9999.0 -9999.0 -9999.0 -9999.0 -9999.0 -9999.0 -9999.0 -9999.0 -9999.0 -9999.0 -9999.0 -9999.0 -415.611485 -253.769271 -400.739865 -634.391094 -41321.345160 -39632.107823 -587.718035 -591.084858 -593.853368 -9999.0 -9999.0 -9999.0 -9999.0 -9999.0 -9999.0 -9999.0 -9999.0 -9999.0 -9999.0 -9999.0 -9999.0 -9999.0 -9999.0 -9999.0 -9999.0 -9999.0 -9999.0 -9999.0 -9999.0 -9999.0 -9999.0 -9999.0 -9999.0 -9999.0 -9999.0
-9999.0 -9999.0 -9999.0 -9999.0 -9999.0 -9999.0 -9999.0 -9999.0 -9999.0 -9999.0 -9999.0 -9999.0 -9999.0 -9999.0 -9999.0 -9999.0 -9999.0 -9999.0 -197.841159 -358.954921 -9999.0 -402.679009 -312.212685 -40029.229398 -416.693522 -40979.920137 -4.010838 306.111468 217.219279 -676.240662 -585.434130 -591.121981 -593.178373 -593.279984 -9999.0 -9999.0 -9999.0 -9999.0 -9999.0 -9999.0 -9999.0 -9999.0 -9999.0 -9999.0 -9999.0 -9999.0 -9999.0 -9999.0 -9999.0 -9999.0 -9999.0 -9999.0 -9999.0 -9999.0 -9999.0 -9999.0 -9999.0 -9999.0
-9999.0 -9999.0 -9999.0 -9999.0 -9999.0 -9999.0 -9999.0 -9999.0 -9999.0 -9999.0 -9999.0 -9999.0 -9999.0 -9999.0 -9999.0 -9999.0 -9999.0 -537.508632 -2515.136401 -39018.212469 -591.483509 -717.237339 -670.845690 -16115.339094 -102.020128 -716.673252 -624.341495 -476.766123 -669.950905 219.604952 -219.643568 -588.508604 -591.197577 -592.620476 -583.496650 -582.291707 -9999.0 -9999.0 -9999.0 -9999.0 -9999.0 -9999.0 -9999.0 -9999.0 -9999.0 -9999.0 -9999.0 -9999.0 -9999.0 -9999.0 -9999.0 -9999.0 -9999.0 -9999.0 -9999.0 -9999.0 -9999.0 -9999.0
-9999.0 -9999.0 -9999.0 -9999.0 -9999.0 -9999.0 -9999.0 -9999.0 -9999.0 -9999.0 -9999.0 -9999.0 -9999.0 -593.374378 -487.450278 -333.051628 -308.499635 -592.158197 -514.004642 -37861.969400 -640.106974 -562.335745 -38992.330191 -163.217011 -647.379217 -436.027016 -688.981049 -722.175708 -631.117148 -539.193797 -271.413764 -372.411218 -589.023890 -581.700245 -582.060234 -582.136700 -9999.0 -9999.0 -9999.0 -9999.0 -9999.0 -9999.0 -9999.0 -9999.0 -9999.0 -9999.0 -9999.0 -9999.0 -9999.0 -9999.0 -9999.0 -9999.0 -9999.0 -9999.0 -9999.0 -9999.0 -9999.0 -9999.0
-9999.0 -9999.0 -9999.0 -9999.0 -9999.0 -9999.0 -9999.0 -9999.0 -9999.0 -9999.0 -9999.0 -9999.0 -9999.0 -313.697213 -390.301005 -475.038939 -576.872674 -134.596482 -591.630639 -2022.113810 -150902.119774 -593.028896 -1207.036506 -884.377292 -434.700104 -1382.650066 -592.831347 -582.823318 -582.257809 -597.452762 -501.855382 -581.849346 -582.056468 -582.011968 -582.048111 -9999.0 -9999.0 -9999.0 -9999.0 -9999.0 -9999.0 -9999.0 -9999.0 -9999.0 -9999.0 -9999.0 -9999.0 -9999.0 -9999.0 -9999.0 -9999.0 -9999.0 -9999.0 -9999.0 -9999.0 -9999.0 -9999.0 -9999.0
-9999.0 -9999.0 -9999.0 -9999.0 -9999.0 -9999.0 -9999.0 -9999.0 -9999.0 -9999.0 -9999.0 -9999.0 -9999.0 -688.884669 -111.917091 -428.331307 -573.178931 -441.299667 -591.281215 -587.406661 -203.402895 -1528.478322 -942.723882 -763.337576 -649.856886 -505.373219 -593.440814 -582.633187 -592.759406 -582.073959 -582.139945 -582.124374 -582.187732 -582.087791 -581.954288 -9999.0 -9999.0 -9999.0 -9999.0 -9999.0 -9999.0 -9999.0 -9999.0 -9999.0 -9999.0 -9999.0 -9999.0 -9999.0 -9999.0 -9999.0 -9999.0 -9999.0 -9999.0 -9999.0 -9999.0 -9999.0 -9999.0 -9999.0
-9999.0 -9999.0 -9999.0 -9999.0 -9999.0 -9999.0 -9999.0 -9999.0 -9999.0 -9999.0 -9999.0 -9999.0 -3873.583668 2127.326497 -338.203909 -526.145303 -1339.917596 -255.883155 -178.709898 -40127.072645 -742.369860 -550.925014 -1077.581666 -557.085062 1824.941764 -583.021071 -491.517031 -593.703751 -588.145350 -582.429107 -582.145300 -593.659038 -589.904969 -584.247438 -9999.0 -9999.0 -9999.0 -9999.0 -9999.0 -9999.0 -9999.0 -9999.0 -9999.0 -9999.0 -9999.0 -9999.0 -9999.0 -9999.0 -9999.0 -9999.0 -9999.0 -9999.0 -9999.0 -9999.0 -9999.0 -9999.0 -9999.0 -9999.0
-9999.0 -9999.0 -9999.0 -9999.0 -9999.0 -9999.0 -9999.0 -9999.0 -9999.0 -9999.0 -9999.0 -451.137823 -470.380726 623.491218 -595.735084 -466.250922 -815.935203 -482.276818 0.000000 -41957.198258 -96051.407698 -15.626022 -591.083889 -584.411818 -1165.715172 -593.125942 -582.726226 -591.567434 -193.592764 -582.290401 -593.206643 -584.913800 -590.153915 -584.496399 -591.975226 -593.253446 -584.575110 -588.468505 -593.225467 -9999.0 -9999.0 -9999.0 -584.519495 -9999.0 -9999.0 -9999.0 -9999.0 -9999.0 -9999.0 -9999.0 -9999.0 -9999.0 -9999.0 -9999.0 -9999.0 -9999.0 -9999.0 -9999.0
-9999.0 -9999.0 -9999.0 -9999.0 -9999.0 -9999.0 -9999.0 -9999.0 -9999.0 -9999.0 -9999.0 -432.553085 -585.293577 -1680.929917 -603.209540 -587.882690 -762.881351 -2629.998178 -143.916391 -227.679315 -167.346206 -563.392281 -295.453030 -560.740875 -508.584480 -584.211011 -592.250855 -586.831557 -593.120380 -584.173292 -587.301719 -579.390109 -587.841393 -592.840178 -591.887394 -577.160352 -578.559486 -571.700045 -586.463543 -592.833666 -591.985890 -590.243579 -578.822402 -584.374671 -9999.0 -9999.0 -9999.0 -339.331734 -593.962111 -594.568659 -594.022904 -594.665137 -594.248434 -680.145017 -701.042370 -585.141442 -9999.0 -9999.0
-9999.0 -9999.0 -9999.0 -9999.0 -9999.0 -9999.0 -9999.0 -9999.0 -9999.0 -9999.0 -9999.0 -337.113437 -593.903293 -718.059157 -632.536502 -591.103391 -514.897027 -629.445500 -164.498780 -174.391518 -179.346549 -9403.068522 -479.244651 -276.034093 -584.085815 -592.559102 -417.429877 -796.447297 -584.176900 -585.586021 -583.322026 -744.459172 -580.336933 -590.449771 -588.848122 -570.997932 -1022.383662 -42795.500931 -580.012690 -592.027057 -591.607160 -592.012919 -569.841636 -584.134619 -593.063728 -9999.0 -586.054241 -593.186198 -592.208904 -584.981071 -593.794917 -594.106600 -593.693469 -529.776591 -598.519513 -595.918726 -9999.0 -9999.0
-9999.0 -9999.0 -9999.0 -9999.0 -9999.0 -9999.0 -9999.0 -9999.0 -9999.0 -9999.0 -9999.0 -9999.0 -469.556503 -1431.668605 -366.866846 -390.736940 -633.821553 -679.256703 7.893780 -148.587277 -1393.188890 -20668.798168 -25568.826934 -449.211929 -476.842640 -476.086350 -91.417753 -583.786069 -585.250475 -593.735394 -590.125983 -503.561087 -593.196174 -589.510414 -586.770244 -581.119702 -570.195568 -7347.404850 -351.228490 -592.642160 -489.798743 -592.438646 -9010.981406 -209.415867 -593.031159 -592.994437 -594.120312 -593.368692 -733.289619 -431.232984 193.808833 -540.970015 514.044242 -1441.829515 -597.760815 -591.970924 -594.662966 -9999.0
-9999.0 -9999.0 -9999.0 -9999.0 -9999.0 -9999.0 -9999.0 -9999.0 -9999.0 -9999.0 -9999.0 -1278.282084 -593.365709 -592.903000 -491.269522 -499.956126 -406.254807 -688.075087 -149.164521 -414.358947 -1523.448351 -1185.621098 -472.572391 -1266.384287 -534.162972 -359.630676 -264.574466 -583.965618 -593.004002 -592.930253 -404.787834 -418.679541 -566.440273 -590.415482 -583.032508 -587.448158 -588.262293 -5541.094004 -329.029132 -581.792431 -39210.305772 -3443.367332 -391.597688 -41252.925288 -527.420634 -592.183097 -589.035376 -593.624050 -593.898378 -20982.873022 -617.455697 -591.666489 -593.957393 -584.261403 -587.085445 -584.226030 -594.422669 -9999.0
-9999.0 -9999.0 -9999.0 -9999.0 -9999.0 -9999.0 -9999.0 -9999.0 -9999.0 -9999.0 1239.374218 -515.527624 -286.213089 -408.168588 -280.635982 -222.472048 -320.075601 -919.872137 -368.557070 -510.385947 -146.883255 -362.700758 -102031.903115 -234.210535 -506.694998 1243.533365 -780.055653 -1025.650010 -593.051861 -574.588517 -382.522045 -388.132048 -590.562120 -585.306550 -582.164116 -591.805299 -568.394514 -592.347110 -5654.358211 -563.517464 -36309.357172 -8769.731710 -584.380520 -15.291821 -460.745765 -592.934115 -589.508400 -13628.419401 -404.559225 -391.934928 -1042.453939 -584.565669 -586.500261 -584.292979 -584.964747 -594.273185 -593.985029 -9999.0
-9999.0 -9999.0 -9999.0 -9999.0 -9999.0 -9999.0 -9999.0 -9999.0 -9999.0 -592.462314 -279.507932 -655.820851 -379.727444 -546.647886 -475.327223 -454.355712 -552.442120 -207.017648 -1830.599940 -648.685714 -225.109871 -7749.013550 -132381.205912 -615.082372 -478.432847 -1987.283752 -741.397190 -562.488819 -26862.596558 -428.515143 -382.269531 -671.285778 -582.541795 -582.443342 -585.989260 -583.954528 -586.743160 -480.865293 -601.146605 -412.783219 -814.721063 -597.710803 -2314.767118 -1232.952918 -99068.491701 -36319.830519 -445.557053 -37050.762738 -8102.627389 213.995119 -5036.309685 -594.279591 -584.276379 -586.774151 -591.336565 -715.643365 -499.465481 -593.788473
-9999.0 -9999.0 -9999.0 -9999.0 -9999.0 -9999.0 -9999.0 -9999.0 -9999.0 -592.958018 -593.352315 -593.350158 1303.237948 -480.510312 -633.849446 -619.262432 -212.213061 -490.739889 -2081.036235 -544.874416 -449.054104 -206.694468 -193.922232 -232.097457 -2525.092531 -1020.345969 -555.629385 -481.305180 -383.547685 112.432825 -592.617213 -708.425456 -584.104855 -593.631230 -586.498143 -591.801185 -592.809084 -592.650675 -583.161343 -588.797147 -1351.306940 -619.577325 -847.109571 -382.586123 -170.071470 -196.145531 -537.973840 -39643.808818 -37754.146107 -413.563110 -1854.679659 -720.364257 -585.771248 -585.766077 -585.129198 -1440.677584 -843.024578 -389.726078
-9999.0 -9999.0 -9999.0 -9999.0 -9999.0 -9999.0 -9999.0 -9999.0 -9999.0 -9999.0 -593.627347 -592.674078 -417.195744 1495.312961 -32835.101951 -679.377444 -590.633254 -480.783279 -2276.186028 -724.017598 -338.439510 -115660.670252 -1189.658508 -23107.691907 -834.284651 -563.331969 -554.415049 -386.516613 -592.472659 -547.477366 -679.156117 2266.971278 -590.897449 -583.998747 -587.031771 -564.300952 -329.472821 -246.392359 -593.573483 -583.411655 -582.786919 -291.629730 -109.144303 -848.108282 -4995.270408 -984.023606 -43621.641821 -28.925055 -38052.741972 -36667.909163 -129332.588994 -2468.594002 -594.625756 -585.896420 -593.511337 -588.558059 -481.721847 -95.161043
-9999.0 -9999.0 -9999.0 -9999.0 -9999.0 -9999.0 -9999.0 -9999.0 -9999.0 -9999.0 -593.443397 -593.405795 -458.812259 -445.872827 308.941881 -1684.062055 -1954.503207 -515.761282 -570.242538 -839.953609 -926.230960 -4448.778101 -2751.785400 -3759.411506 -823.634362 -566.914470 -110.062574 -695.656952 -616.011131 -589.339001 -584.365594 -322.319887 -1086.917249 -584.146178 -583.894858 -392.239959 -167.038774 -437.636663 -873.736628 -584.565744 -592.836656 -594.044912 -536.048114 -585.620319 -392.668639 -4116.103386 -413.527076 -50881.919885 -34391.709718 -37425.528159 -54710.779482 -1892.387357 -423.381101 -594.656059 -584.514356 -594.548467 -592.360213 -996.248268
-9999.0 -9999.0 -9999.0 -9999.0 -9999.0 -9999.0 -9999.0 -9999.0 -266.434791 -584.988959 -592.125388 -398.350267 -430.650185 -408.712661 -674.823287 -174.154083 -2319.545800 -187.619846 -722.786799 -898.340207 -1085.344405 -7546.167265 -4654.050298 -3889.160721 -993.270238 -141.766869 20.312877 -587.793089 -415.688734 -664.010841 -583.111815 -584.115196 -586.931551 -588.481176 -593.238879 -583.591975 -592.762339 -414.215254 -618.277480 -593.894733 -586.392701 -404.497242 -598.275404 -583.277967 -593.824929 -179.656690 -616.337394 -475.633149 -32737.340950 -32.966789 -1735.799748 -118978.011256 -414.869437 -678.407556 -593.966084 -593.285145 -593.771462 -179.812604
-9999.0 -9999.0 -9999.0 -9999.0 -9999.0 -9999.0 -9999.0 -9999.0 -804.201202 -402.985513 -973.528679 -587.352053 -592.759309 -326.773485 -969.037667 -1037.074374 -1448.919195 -1874.198078 -152859.901786 -892.468034 -441.759050 -596.639275 -516.449367 -227.372918 -6146.561927 -140.668813 46.403047 -364.041189 -852.223195 -592.245590 -593.498379 -593.210581 -592.710907 -594.322993 -315.624933 -274.970405 -575.338116 -376.611180 -1114.815564 -591.087794 -589.050011 -583.537425 -584.523304 -591.655134 -118.871296 -491.342394 -619.125172 -586.222449 -1052.058015 -851.724731 -1890.829108 -346.104175 -689.773450 -574.971325 -593.674266 -35236.282748 -22616.846811 -25485.527278
-9999.0 -9999.0 -9999.0 -9999.0 -9999.0 -9999.0 -9999.0 -9999.0 -593.132707 -338.235326 -592.599635 -814.891455 -250.383601 -771.636513 -440.309125 -111565.800858 -2165.464759 -1414.041694 -14850.360504 -409.425547 -884.676169 -582.759525 -606.297088 -801.138485 -307.709296 -1669.092367 -987.016726 -774.080350 -1446.682679 -588.789777 -593.383531 -231.753961 -453.335047 -1210.137663 -282.264048 -537.450359 -1008.391010 -36760.611263 -1223.919302 -891.752047 -594.357110 -594.317870 -354.706646 -314.423584 -517.389589 -477.990060 -594.032274 -393.511616 -562.398312 -27420.883604 -109.058914 -1467.277229 -32116.175331 -30488.421825 -26534.719667 -261.421945 -276.203731 -291.007517
-9999.0 -9999.0 -9999.0 -9999.0 -9999.0 -9999.0 -9999.0 -9999.0 -583.389749 -591.904669 17.234278 -1855.547132 -226.756708 210.353412 -125239.060461 -1679.808455 -152627.456527 -2251.154252 -315.992055 -750.722809 -838.770903 -712.188713 -480.293643 -457.597773 -434.672299 -1283.924499 -1102.032401 -110816.045360 -237.974616 -15577.848126 -4839.322354 -5556.156422 -37837.719632 -375.820877 -1232.645776 -593.603055 -591.772220 -787.203862 -42378.949605 -1025.956971 -592.975329 -590.384820 -588.986129 -593.588230 -433.140223 -593.978441 -593.824966 -593.886530 -592.200440 -12016.014807 -739.055151 -1496.893484 -1435.769989 -20.027970 -254.727558 -247.790442 -1500.021619 238.891824
-9999.0 -9999.0 -9999.0 -9999.0 -9999.0 -9999.0 -9999.0 -9999.0 -450.981803 -292.058816 2172.031335 -32697.428811 -25652.404815 -849.421348 -151.817471 -288.006126 -54.707810 -1027.340302 -825.720707 -1344.103122 -467.236742 -675.178899 -652.935837 -630.632710 -234.846537 -1871.969668 -3904.618123 -706.392678 -641.023404 -358.034984 -65025.415648 -331.567399 -36142.139055 -343.348731 -11092.052237 -13301.695926 -15399.153916 -801.731592 -28835.775345 -344.463868 -6567.463585 -20459.923235 -25110.609654 -33945.323857 -1245.094437 -583.903125 -17299.922343 -28084.962060 -22969.874435 -34358.035185 -36587.531332 -2167.386430 -1500.123519 -432.778412 -147.904842 332.638870 147.250411 -42.554646
-9999.0 -9999.0 -593.417525 -378.352585 -391.604260 -781.391195 -402.124474 -417.874276 -279.224550 -324.322458 -376.433795 175.376196 -728.174288 -265.462022 -106.195479 -35.662590 -28319.420192 -787.215926 -583.806215 -764.787027 -1597.407236 -169.756694 -57.361964 -718.610581 -699.301997 -4173.794220 -2022.241994 -2003.552439 -1728.530514 -161.712448 -1833.128499 -989.092023 326.866246 -1106.847461 -347.677775 -1101.880991 -417.649830 -939.547498 -23647.225434 -25532.282454 -29676.457801 -34939.710839 -40828.634531 -2347.711833 -78420.513788 -31934.678235 -348.341516 -54.911478 -38316.288137 -480.721807 -494.862109 -249.976317 271.905650 224.063818 229.348016 375.872355 251.637248 184.301021
