user2019/resources/simulation/Vinschgau/output-maps/psiL0004N0295.asc
ncols         63
nrows         48
xllcorner     598000.000000
yllcorner     5145000.000000
cellsize      1000.000000
NODATA_value  -9999.0
[rows 0 to 25 of 48, columns 0 to 58 of 63]
-9999.0 -9999.0 -9999.0 -9999.0 -9999.0 -9999.0 -9999.0 -9999.0 -9999.0 -9999.0 -9999.0 -9999.0 -9999.0 -9999.0 -9999.0 -9999.0 -9999.0 -9999.0 -9999.0 -9999.0 -9999.0 -9999.0 -9999.0 -9999.0 -9999.0 -9999.0 -9999.0 -9999.0 -9999.0 -9999.0 -9999.0 -9999.0 -9999.0 -9999.0 -9999.0 -9999.0 -9999.0 -9999.0 -9999.0 -9999.0 -9999.0 -9999.0 -9999.0 -9999.0 -9999.0 -9999.0 -9999.0 -9999.0 -9999.0 -9999.0 -9999.0 -9999.0 -9999.0 -9999.0 -9999.0 -9999.0 -9999.0 -9999.0 -9999.0
-9999.0 -9999.0 -9999.0 -9999.0 -9999.0 -9999.0 -9999.0 -9999.0 -9999.0 -9999.0 -9999.0 -9999.0 -9999.0 -9999.0 -9999.0 -9999.0 -9999.0 -9999.0 -9999.0 -9999.0 -9999.0 -9999.0 -9999.0 -9999.0 -9999.0 -9999.0 -9999.0 -945.093584 -628.339907 -951.844804 -673.918483 -1444.347322 -1469.359137 -9999.0 -9999.0 -9999.0 -9999.0 -9999.0 -9999.0 -9999.0 -9999.0 -9999.0 -9999.0 -9999.0 -9999.0 -9999.0 -9999.0 -9999.0 -9999.0 -9999.0 -9999.0 -9999.0 -9999.0 -9999.0 -9999.0 -9999.0 -9999.0 -9999.0 -9999.0
-9999.0 -9999.0 -9999.0 -9999.0 -9999.0 -9999.0 -9999.0 -9999.0 -9999.0 -9999.0 -9999.0 -9999.0 -9999.0 -9999.0 -9999.0 -9999.0 -9999.0 -9999.0 -9999.0 -9999.0 -9999.0 -9999.0 -9999.0 -9999.0 -238.658981 -539.605794 -761.285680 -705.765518 -735.871983 -600.929968 -582.720945 -9999.0 -9999.0 -9999.0 -9999.0 -9999.0 -9999.0 -9999.0 -9999.0 -9999.0 -9999.0 -9999.0 -9999.0 -9999.0 -9999.0 -9999.0 -9999.0 -9999.0 -9999.0 -9999.0 -9999.0 -9999.0 -9999.0 -9999.0 -9999.0 -9999.0 -9999.0 -9999.0 -9999.0
-9999.0 -9999.0 -9999.0 -9999.0 -9999.0 -9999.0 -9999.0 -9999.0 -9999.0 -9999.0 -9999.0 -9999.0 -9999.0 -9999.0 -9999.0 -9999.0 -9999.0 -9999.0 -9999.0 -9999.0 -9999.0 -9999.0 -9999.0 -622.773332 -298.493557 -113.810750 1185.863925 1284.126950 820.122440 -755.410689 -724.164771 -377.158213 -9999.0 -9999.0 -9999.0 -9999.0 -9999.0 -9999.0 -9999.0 -9999.0 -9999.0 -9999.0 -9999.0 -9999.0 -9999.0 -9999.0 -9999.0 -9999.0 -9999.0 -9999.0 -9999.0 -9999.0 -9999.0 -9999.0 -9999.0 -9999.0 -9999.0 -9999.0 -9999.0
-9999.0 -9999.0 -9999.0 -9999.0 -9999.0 -9999.0 -9999.0 -9999.0 -9999.0 -9999.0 -9999.0 -9999.0 -9999.0 -9999.0 -9999.0 -9999.0 -9999.0 -9999.0 958.789162 -181.672481 -9999.0 -561.168158 -385.901476 1218.159063 1413.549199 482.432522 -264.556350 -326.101644 153.212402 -196.380716 -1007.802085 -632.060525 -955.213627 -951.654862 -9999.0 -9999.0 -9999.0 -9999.0 -9999.0 -9999.0 -9999.0 -9999.0 -9999.0 -9999.0 -9999.0 -9999.0 -9999.0 -9999.0 -9999.0 -9999.0 -9999.0 -9999.0 -9999.0 -9999.0 -9999.0 -9999.0 -9999.0 -9999.0 -9999.0
-9999.0 -9999.0 -9999.0 -9999.0 -9999.0 -9999.0 -9999.0 -9999.0 -9999.0 -9999.0 -9999.0 -9999.0 -9999.0 -9999.0 -9999.0 -9999.0 -9999.0 16491.078265 7640.588888 -2387.593767 -966.808494 -407.474396 -188.556734 685.421206 41.943904 -242.579792 -619.997943 -426.617345 -696.780543 -354.660548 -167.328126 -965.144462 -984.724726 -964.538595 -948.201756 -951.452128 -9999.0 -9999.0 -9999.0 -9999.0 -9999.0 -9999.0 -9999.0 -9999.0 -9999.0 -9999.0 -9999.0 -9999.0 -9999.0 -9999.0 -9999.0 -9999.0 -9999.0 -9999.0 -9999.0 -9999.0 -9999.0 -9999.0 -9999.0
-9999.0 -9999.0 -9999.0 -9999.0 -9999.0 -9999.0 -9999.0 -9999.0 -9999.0 -9999.0 -9999.0 -9999.0 -9999.0 -584.523823 -97.096781 -210.061477 -213.831381 -231.988390 -209.749658 1493.744615 70.349493 1163.688722 1327.051264 67.039513 -235.551680 -569.619654 -1036.506780 -598.655890 -626.081623 -447.060309 -537.470731 -612.897360 -556.714547 -692.791548 -952.229578 -951.558595 -9999.0 -9999.0 -9999.0 -9999.0 -9999.0 -9999.0 -9999.0 -9999.0 -9999.0 -9999.0 -9999.0 -9999.0 -9999.0 -9999.0 -9999.0 -9999.0 -9999.0 -9999.0 -9999.0 -9999.0 -9999.0 -9999.0 -9999.0
-9999.0 -9999.0 -9999.0 -9999.0 -9999.0 -9999.0 -9999.0 -9999.0 -9999.0 -9999.0 -9999.0 -9999.0 -9999.0 -475.488077 1333.148481 -208.781057 -209.167975 637.058754 -222.059677 -193.319214 1281.170609 605.607047 -76.644758 -92.548305 -215.110232 -607.240640 -558.331219 -952.061842 -951.608153 -680.947752 -565.600737 -686.159584 -951.917088 -952.140883 -952.164732 -9999.0 -9999.0 -9999.0 -9999.0 -9999.0 -9999.0 -9999.0 -9999.0 -9999.0 -9999.0 -9999.0 -9999.0 -9999.0 -9999.0 -9999.0 -9999.0 -9999.0 -9999.0 -9999.0 -9999.0 -9999.0 -9999.0 -9999.0 -9999.0
-9999.0 -9999.0 -9999.0 -9999.0 -9999.0 -9999.0 -9999.0 -9999.0 -9999.0 -9999.0 -9999.0 -9999.0 -9999.0 -210.877757 1510.834570 -140.647470 -213.355286 -213.306680 -225.127235 339.148242 -187.936780 -1548.540082 -125.893359 -685.460974 -528.118725 -507.723790 -945.293418 -951.647424 -815.739048 -951.709658 -684.328168 -952.274500 -951.747094 -951.090332 -951.325721 -9999.0 -9999.0 -9999.0 -9999.0 -9999.0 -9999.0 -9999.0 -9999.0 -9999.0 -9999.0 -9999.0 -9999.0 -9999.0 -9999.0 -9999.0 -9999.0 -9999.0 -9999.0 -9999.0 -9999.0 -9999.0 -9999.0 -9999.0 -9999.0
-9999.0 -9999.0 -9999.0 -9999.0 -9999.0 -9999.0 -9999.0 -9999.0 -9999.0 -9999.0 -9999.0 -9999.0 -205.686142 1535.295543 1363.615443 -788.511553 -148.875401 -212.095013 44.271744 -1061.420774 -241.408209 -508.333960 -1658.699666 -498.432472 -791.915025 -672.470589 -531.649212 -389.310375 -693.416822 -951.767530 -680.340419 -951.701605 -676.311850 -951.197769 -9999.0 -9999.0 -9999.0 -9999.0 -9999.0 -9999.0 -9999.0 -9999.0 -9999.0 -9999.0 -9999.0 -9999.0 -9999.0 -9999.0 -9999.0 -9999.0 -9999.0 -9999.0 -9999.0 -9999.0 -9999.0 -9999.0 -9999.0 -9999.0 -9999.0
-9999.0 -9999.0 -9999.0 -9999.0 -9999.0 -9999.0 -9999.0 -9999.0 -9999.0 -9999.0 -9999.0 -404.472261 -262.006777 -104.278995 -452.643614 -490.470604 -1185.264998 -213.994612 47.148165 -770.078832 852.062230 -217.251511 -454.838618 -689.179668 -654.150571 -545.903485 -673.406581 -502.530796 -373.519102 -952.113024 -948.247880 -633.748953 -950.990894 -951.811310 -962.007582 -982.129242 -559.080639 -230.036563 -442.644111 -9999.0 -9999.0 -9999.0 -950.573564 -9999.0 -9999.0 -9999.0 -9999.0 -9999.0 -9999.0 -9999.0 -9999.0 -9999.0 -9999.0 -9999.0 -9999.0 -9999.0 -9999.0 -9999.0 -9999.0
-9999.0 -9999.0 -9999.0 -9999.0 -9999.0 -9999.0 -9999.0 -9999.0 -9999.0 -9999.0 -9999.0 -495.462528 -572.179408 1210.816377 -253.316500 -746.517376 -227.254498 -206.771237 -11.455866 89.902961 452.080529 1516.092788 -277.095195 -577.518657 -616.334561 -671.861627 -539.447711 -924.051175 -939.425465 -951.905821 -1017.983476 -671.950092 -572.670342 -437.322691 -555.653875 -611.515169 -955.236062 -974.772723 -909.629451 -1076.920969 -1033.432711 -967.075549 -443.441311 -949.749649 -9999.0 -9999.0 -9999.0 -204.907795 -361.877883 -948.747027 -378.236695 -946.952166 -944.931800 -176.409749 -178.674764 -935.954102 -9999.0 -9999.0 -9999.0
-9999.0 -9999.0 -9999.0 -9999.0 -9999.0 -9999.0 -9999.0 -9999.0 -9999.0 -9999.0 -9999.0 -647.821526 -565.869406 -620.607169 -501.920421 -638.341650 -219.807369 -188.098592 57.126979 42.616202 -205.628155 -184.575326 -463.671867 -558.529535 -662.321366 -953.692129 -383.458519 -683.954412 -952.465943 -687.169007 -952.477962 -636.926946 -705.656526 -459.736774 -960.501942 -223.803982 -719.912633 -266.553587 -1854.463836 -473.217850 -939.079893 -543.921406 -288.666094 -588.246798 -388.546084 -9999.0 -950.799672 -471.726363 -846.967887 -176.640266 -290.916872 -908.950514 1636.020394 1054.631305 2019.651554 1537.709890 -9999.0 -9999.0 -9999.0
-9999.0 -9999.0 -9999.0 -9999.0 -9999.0 -9999.0 -9999.0 -9999.0 -9999.0 -9999.0 -9999.0 -9999.0 -570.618235 -611.010107 -251.231419 -751.118949 -251.656016 -214.576378 45.921854 42.492605 -198.574717 -213.975727 1183.242291 -303.066557 -574.929445 -382.549818 1360.738019 -1598.484646 -669.309900 -946.891602 -624.814176 -620.675961 -1095.889630 -496.034481 -563.079001 -497.765116 -538.391008 -857.858161 -2041.757064 -1320.975869 -491.993847 -1032.470040 -220.441881 -109.084577 -952.750926 -647.755369 -947.774677 -400.306098 -644.418701 -431.919008 -218.713025 -445.816115 -163.307579 -280.579606 -611.911029 -650.844073 -216.288385 -9999.0 -9999.0
-9999.0 -9999.0 -9999.0 -9999.0 -9999.0 -9999.0 -9999.0 -9999.0 -9999.0 -9999.0 -9999.0 -379.878200 -557.166179 -1642.329001 -281.171029 -260.164105 -201.353797 -239.247649 100.472763 1209.445302 -212.720539 1400.753148 -170.748446 -336.358690 -441.537461 949.524348 -659.289969 -655.930463 -677.818836 -950.770622 -367.340117 -309.401756 -223.176141 -407.211731 -655.106104 -462.389809 -504.841652 -472.790152 -292.386520 -1337.449596 -443.510973 -153.675714 10169.530466 -3145.104643 -32.343449 -481.376774 -916.636915 -956.520759 -947.390366 -966.924542 -894.792273 -629.802171 -628.069587 -900.879034 -952.022611 -950.560632 -938.099790 -9999.0 -9999.0
-9999.0 -9999.0 -9999.0 -9999.0 -9999.0 -9999.0 -9999.0 -9999.0 -9999.0 -9999.0 -399.035190 -331.516321 -629.410961 -570.640457 -216.213537 -103.841769 -266.617414 -177.568518 -206.872822 1200.091908 125.344362 -193.518209 -226.829778 1258.932623 -207.552559 -200.155942 -638.496919 -907.169508 -229.210797 1534.472029 -202.669195 -583.113959 -364.091179 -706.037070 -951.736453 -948.146197 -510.343507 -472.019110 -408.753379 -1234.515806 -441.162060 -431.567376 -538.134521 2313.897557 -212.110620 -952.263352 -876.336912 -307.379528 -186.804367 -193.206581 -943.979077 -950.733117 -951.436611 -950.243914 -950.619007 1112.291851 1347.467060 -9999.0 -9999.0
-9999.0 -9999.0 -9999.0 -9999.0 -9999.0 -9999.0 -9999.0 -9999.0 -9999.0 -587.543647 -410.903897 -663.307602 -116.188301 -394.443762 -231.926545 -635.958624 -633.326893 -140.754061 5357.427686 518.878704 77.535011 -195.065228 4403.330518 842.111116 -145.021370 -596.728239 -419.607791 1324.135500 1208.651257 925.781904 -187.069416 -1458.959324 -952.362256 -951.845318 -951.774254 -952.331346 -590.653472 -605.677573 -616.101632 -642.315249 32165.390319 -622.040432 -654.790239 -185.950085 19749.847058 8118.202155 -192.806584 -275.002808 -513.551078 -86.474414 -1085.589270 -937.401865 -950.397681 -950.511980 -940.830703 -676.089018 -157.338866 -108.936121 -933.744494
-9999.0 -9999.0 -9999.0 -9999.0 -9999.0 -9999.0 -9999.0 -9999.0 -9999.0 -917.173446 -573.208520 -589.279151 545.609809 -205.713028 -213.002096 -355.751406 -23.062202 -224.176187 2306.730710 -342.719575 -190.285673 -138.377270 598.826711 -187.065179 -668.922340 -503.724987 -142.878300 -22.549977 986.726892 -222.201438 -585.832213 -603.082013 -668.161132 -444.512853 -599.832706 -967.549843 -961.918945 -966.834894 -675.379454 -572.247116 -627.331585 -621.968116 -273.390330 -159.097506 18681.707116 -312.916498 48.750073 2600.533584 188.779884 -144.428710 -1386.221732 -653.495234 -950.544471 -631.381645 -950.945631 -657.889351 -135.899145 -168.397784 -130.479674
-9999.0 -9999.0 -9999.0 -9999.0 -9999.0 -9999.0 -9999.0 -9999.0 -9999.0 -9999.0 -498.525473 -495.783535 -273.106050 -226.910463 -205.654972 -243.302479 -219.979733 1231.913490 911.874199 -140.880104 199.609717 1047.051893 -208.563126 1002.611030 -520.528883 741.039043 973.005561 156.997833 -688.804615 -546.207933 -579.455303 -667.639663 -625.323850 -671.486097 -891.059001 -220.422822 -276.765192 -409.969868 -945.682603 -675.493449 -685.571900 -598.187912 -572.448472 -712.464601 -620.063669 -203.594753 906.491990 -134.389026 -285.078016 8104.268532 -1341.778034 -1434.050449 -941.467237 -950.500189 -655.592915 -637.432139 -569.765187 1282.849948 3003.118984
-9999.0 -9999.0 -9999.0 -9999.0 -9999.0 -9999.0 -9999.0 -9999.0 -9999.0 -9999.0 -597.882902 -575.850683 -473.864177 -213.781764 -6.793017 988.532965 -199.342182 -167.222821 -529.347404 -536.994154 861.744022 9805.926098 -154.638059 -232.101481 -207.479009 -107.497328 64.636580 -110.111874 -616.694434 -597.963239 -636.219953 -316.570001 -941.146064 -655.533296 -653.545229 -646.902048 -297.331481 -357.893369 -614.161766 -647.173427 -438.453490 -944.215178 -623.650411 -639.800721 -634.163248 -1300.285294 -373.819743 -647.016377 -156.406171 77.007732 1982.393253 -572.487390 -533.561673 -939.077486 -937.147684 -942.669816 -660.825108 989.767477 -41.541855
-9999.0 -9999.0 -9999.0 -9999.0 -9999.0 -9999.0 -9999.0 -9999.0 -287.460348 -422.916137 -1293.503714 -445.917238 -626.681189 -522.714381 -210.130860 -135.935456 1114.937727 -281.251779 -650.547470 -610.530537 -878.082648 -296.900091 635.653424 5525.573934 14616.965163 43.989250 72.341249 -656.108268 -640.616561 -594.249449 -951.814876 -657.062057 -664.803854 -500.265898 -426.880702 -641.364962 -425.542878 -284.148210 -644.647938 -942.054299 -951.936828 -636.022851 -892.708695 -951.325746 -952.537863 -468.376937 -608.371190 -323.323179 952.433384 912.750600 2315.508863 -70.868115 -352.245401 -670.414840 -929.940151 1790.514035 -101.796677 1523.627175 2504.421177
-9999.0 -9999.0 -9999.0 -9999.0 -9999.0 -9999.0 -9999.0 -9999.0 -917.430640 -219.113927 -735.244159 -591.574602 -555.694922 -281.100262 -680.578083 -183.689894 1056.717657 833.251387 -646.217110 -735.900908 -655.062111 -648.204259 -640.962368 -292.595166 429.692724 -450.286137 3474.276854 -166.820317 -879.229947 -399.562889 -483.469223 -955.370012 -367.907092 -945.063944 -244.086445 -579.733870 -271.353173 -265.354521 -711.621812 -681.956781 -626.107815 -886.157348 -951.130635 -836.000213 -261.943283 -615.644546 -893.186432 -681.448524 -587.920444 694.147518 71.345020 481.046950 -509.803463 1530.461138 -233.304795 -749.855759 -51.157778 2727.800966 60.051181
-9999.0 -9999.0 -9999.0 -9999.0 -9999.0 -9999.0 -9999.0 -9999.0 -597.336653 -885.999130 1045.076779 -652.890093 -785.941369 -909.840765 -210.166350 -291.444543 -68.905279 141.693071 -571.392501 -530.940083 -823.173957 -582.384107 -838.464115 -890.332581 -477.827546 -202.722018 918.823324 -444.708191 -953.201269 -756.380008 -954.756458 -245.211699 -607.504635 -1177.293668 -649.133348 1269.869616 -608.946315 940.469184 -663.696462 -683.556188 -343.662436 -940.782001 -247.475531 -490.236548 -636.175090 -634.953768 -946.049631 -213.480974 -612.091045 882.930105 40.216301 -72.773766 -548.268738 -596.261213 -66.905203 -69.343582 87.582889 57.523492 66.628123
-9999.0 -9999.0 -9999.0 -9999.0 -9999.0 -9999.0 -9999.0 -9999.0 -951.745959 -860.884638 -151.800859 -1138.762004 -205.431310 -168.137046 -132.774924 805.829591 686.572773 -386.231089 3106.872580 -680.387234 -440.111231 -622.583928 -504.134530 -484.124741 686.372581 1259.329706 -193.752379 -287.389604 1094.896193 1183.692714 -398.071856 -555.460434 801.613062 -162.985926 -1518.112497 -360.812019 -301.789245 1513.976809 -639.820695 -649.338394 -596.647026 -641.468498 -308.431316 -942.651160 -387.367437 -951.389125 -126.966228 -879.847840 -112.390585 -763.145746 861.400383 33.644554 209.519664 4547.801566 65.403413 73.990673 79.869269 156.629086 49.919497
-9999.0 -9999.0 -9999.0 -9999.0 -9999.0 -9999.0 -9999.0 -9999.0 -815.438717 -561.938493 -211.522896 1070.218789 1311.798574 -88.913534 20.513917 101.443975 -152.180201 -202.484911 1246.456246 -185.476738 -727.901227 -573.414367 -468.137738 50.754219 47.473879 -43.954456 -327.847576 -183.932347 -40.983501 264.215289 -181.673913 1239.186199 1473.089840 -43.839338 -877.584523 -744.965972 -215.185712 12284.699794 11154.614855 -609.082914 -692.076362 -1275.650826 -159.480993 -583.677317 -671.404297 -193.465989 -662.259158 979.071057 810.797773 1083.235884 93.427418 47.420210 46.987105 -149.933849 149.178632 158.339160 47.143307 49.744435 77.304344
-9999.0 -9999.0 -1803.107367 -712.336070 -696.559208 -592.833706 -215.398752 -716.129708 -829.332264 -240.116140 -451.827013 -86.673444 1085.228799 820.136696 46.059911 -129.693583 815.227319 -718.707290 -443.546309 1072.831719 -173.421470 -504.239512 -338.418228 -269.369169 45.674803 20230.213652 19889.410476 14635.717693 19626.036616 110.706972 907.744381 1247.840162 196.104288 2682.939277 8241.122683 11445.741635 649.335761 64.276294 9317.863430 1501.819681 1428.958688 1061.030211 -68.901048 997.743437 767.515963 1093.166450 1024.691185 745.681098 200.771346 59.477652 49.843268 86.522535 -333.302523 -271.663996 50.918807 50.342949 80.880670 71.111191 420.847352
