user2019/resources/simulation/Vinschgau/output-maps/psiL0004N0461.asc
ncols         63
nrows         48
xllcorner     598000.000000
yllcorner     5145000.000000
cellsize      1000.000000
NODATA_value  -9999.0
[rows 0 to 26 of 48, columns 0 to 59 of 63]
-9999.0 -9999.0 -9999.0 -9999.0 -9999.0 -9999.0 -9999.0 -9999.0 -9999.0 -9999.0 -9999.0 -9999.0 -9999.0 -9999.0 -9999.0 -9999.0 -9999.0 -9999.0 -9999.0 -9999.0 -9999.0 -9999.0 -9999.0 -9999.0 -9999.0 -9999.0 -9999.0 -9999.0 -9999.0 -9999.0 -9999.0 -9999.0 -9999.0 -9999.0 -9999.0 -9999.0 -9999.0 -9999.0 -9999.0 -9999.0 -9999.0 -9999.0 -9999.0 -9999.0 -9999.0 -9999.0 -9999.0 -9999.0 -9999.0 -9999.0 -9999.0 -9999.0 -9999.0 -9999.0 -9999.0 -9999.0 -9999.0 -9999.0 -9999.0 -9999.0
-9999.0 -9999.0 -9999.0 -9999.0 -9999.0 -9999.0 -9999.0 -9999.0 -9999.0 -9999.0 -9999.0 -9999.0 -9999.0 -9999.0 -9999.0 -9999.0 -9999.0 -9999.0 -9999.0 -9999.0 -9999.0 -9999.0 -9999.0 -9999.0 -9999.0 -9999.0 -9999.0 -700.443220 51.640122 -1511.128454 64.194834 55.986447 500.936633 -9999.0 -9999.0 -9999.0 -9999.0 -9999.0 -9999.0 -9999.0 -9999.0 -9999.0 -9999.0 -9999.0 -9999.0 -9999.0 -9999.0 -9999.0 -9999.0 -9999.0 -9999.0 -9999.0 -9999.0 -9999.0 -9999.0 -9999.0 -9999.0 -9999.0 -9999.0 -9999.0
-9999.0 -9999.0 -9999.0 -9999.0 -9999.0 -9999.0 -9999.0 -9999.0 -9999.0 -9999.0 -9999.0 -9999.0 -9999.0 -9999.0 -9999.0 -9999.0 -9999.0 -9999.0 -9999.0 -9999.0 -9999.0 -9999.0 -9999.0 -9999.0 -373.378452 -453.770054 -388.731700 46.321227 63.611218 79.769302 51.028333 -9999.0 -9999.0 -9999.0 -9999.0 -9999.0 -9999.0 -9999.0 -9999.0 -9999.0 -9999.0 -9999.0 -9999.0 -9999.0 -9999.0 -9999.0 -9999.0 -9999.0 -9999.0 -9999.0 -9999.0 -9999.0 -9999.0 -9999.0 -9999.0 -9999.0 -9999.0 -9999.0 -9999.0 -9999.0
-9999.0 -9999.0 -9999.0 -9999.0 -9999.0 -9999.0 -9999.0 -9999.0 -9999.0 -9999.0 -9999.0 -9999.0 -9999.0 -9999.0 -9999.0 -9999.0 -9999.0 -9999.0 -9999.0 -9999.0 -9999.0 -9999.0 -9999.0 -446.440776 -249.132005 -1234.133232 -1366.234052 -1653.938628 40.350501 -283.091072 48.085763 51.508227 -9999.0 -9999.0 -9999.0 -9999.0 -9999.0 -9999.0 -9999.0 -9999.0 -9999.0 -9999.0 -9999.0 -9999.0 -9999.0 -9999.0 -9999.0 -9999.0 -9999.0 -9999.0 -9999.0 -9999.0 -9999.0 -9999.0 -9999.0 -9999.0 -9999.0 -9999.0 -9999.0 -9999.0
-9999.0 -9999.0 -9999.0 -9999.0 -9999.0 -9999.0 -9999.0 -9999.0 -9999.0 -9999.0 -9999.0 -9999.0 -9999.0 -9999.0 -9999.0 -9999.0 -9999.0 -9999.0 -354.815258 -288.007591 -9999.0 -198.183527 48.231739 -1342.980078 -1010.535507 -1651.132935 -561.775545 -367.279710 -607.873756 -1167.035312 47.144618 54.845445 -663.695395 -609.745504 -9999.0 -9999.0 -9999.0 -9999.0 -9999.0 -9999.0 -9999.0 -9999.0 -9999.0 -9999.0 -9999.0 -9999.0 -9999.0 -9999.0 -9999.0 -9999.0 -9999.0 -9999.0 -9999.0 -9999.0 -9999.0 -9999.0 -9999.0 -9999.0 -9999.0 -9999.0
-9999.0 -9999.0 -9999.0 -9999.0 -9999.0 -9999.0 -9999.0 -9999.0 -9999.0 -9999.0 -9999.0 -9999.0 -9999.0 -9999.0 -9999.0 -9999.0 -9999.0 -868.828687 -687.004869 -352445674.681726 -1660.314421 -581.363566 -781.876163 -1208.145388 -602.073957 -572.152859 -566.741034 53.852280 -462.750604 44.513199 80.555166 87.710151 -16663.140410 -1629423.773359 -25283.857018 -1905.827480 -9999.0 -9999.0 -9999.0 -9999.0 -9999.0 -9999.0 -9999.0 -9999.0 -9999.0 -9999.0 -9999.0 -9999.0 -9999.0 -9999.0 -9999.0 -9999.0 -9999.0 -9999.0 -9999.0 -9999.0 -9999.0 -9999.0 -9999.0 -9999.0
-9999.0 -9999.0 -9999.0 -9999.0 -9999.0 -9999.0 -9999.0 -9999.0 -9999.0 -9999.0 -9999.0 -9999.0 -9999.0 58.095662 -417.347847 -601.092598 -704.862408 -319.882120 -830.438764 -946.738365 -696.527475 -865.454190 -1365.062398 -557.056318 -571.721271 -113.774605 -17554.747120 64.379281 -128.915481 49.444502 4440.232538 148.924015 118.841589 139.929261 -876.223663 -1037.346756 -9999.0 -9999.0 -9999.0 -9999.0 -9999.0 -9999.0 -9999.0 -9999.0 -9999.0 -9999.0 -9999.0 -9999.0 -9999.0 -9999.0 -9999.0 -9999.0 -9999.0 -9999.0 -9999.0 -9999.0 -9999.0 -9999.0 -9999.0 -9999.0
-9999.0 -9999.0 -9999.0 -9999.0 -9999.0 -9999.0 -9999.0 -9999.0 -9999.0 -9999.0 -9999.0 -9999.0 -9999.0 60.142610 -521.861504 -673.417379 -680.573643 -322.584054 -639.517335 -1071.462174 -1047.312051 -288.602799 -545.193005 -471.311678 -550.955943 -430.808324 -78.481006 -2896.351317 -1109.264063 51.644841 83.908143 68.394465 -1141.809242 -961.093772 -901.042074 -9999.0 -9999.0 -9999.0 -9999.0 -9999.0 -9999.0 -9999.0 -9999.0 -9999.0 -9999.0 -9999.0 -9999.0 -9999.0 -9999.0 -9999.0 -9999.0 -9999.0 -9999.0 -9999.0 -9999.0 -9999.0 -9999.0 -9999.0 -9999.0 -9999.0
-9999.0 -9999.0 -9999.0 -9999.0 -9999.0 -9999.0 -9999.0 -9999.0 -9999.0 -9999.0 -9999.0 -9999.0 -9999.0 -600.925350 519.348266 -667.076157 -589.872232 -681.554640 -553.334043 -721.421964 54.338085 -16775.936472 46.238153 -551.414451 -581.312348 57.754001 -1393.015844 -1139.290086 55.737594 -1100.650118 76.295958 -952.273726 -951.746557 -951.088103 -951.325449 -9999.0 -9999.0 -9999.0 -9999.0 -9999.0 -9999.0 -9999.0 -9999.0 -9999.0 -9999.0 -9999.0 -9999.0 -9999.0 -9999.0 -9999.0 -9999.0 -9999.0 -9999.0 -9999.0 -9999.0 -9999.0 -9999.0 -9999.0 -9999.0 -9999.0
-9999.0 -9999.0 -9999.0 -9999.0 -9999.0 -9999.0 -9999.0 -9999.0 -9999.0 -9999.0 -9999.0 -9999.0 -705.480506 3366.749759 -448.466730 44.808908 -426.476036 -525.692338 -372.130754 -180865277.075779 -594.478292 -544.299303 59.617550 -449.445819 1766.122650 50.623651 596.429763 54.830618 104.382553 -972.010385 -680.271648 -826.686496 87.932914 -953.171589 -9999.0 -9999.0 -9999.0 -9999.0 -9999.0 -9999.0 -9999.0 -9999.0 -9999.0 -9999.0 -9999.0 -9999.0 -9999.0 -9999.0 -9999.0 -9999.0 -9999.0 -9999.0 -9999.0 -9999.0 -9999.0 -9999.0 -9999.0 -9999.0 -9999.0 -9999.0
-9999.0 -9999.0 -9999.0 -9999.0 -9999.0 -9999.0 -9999.0 -9999.0 -9999.0 -9999.0 -9999.0 69.822473 58.363854 157.688486 -413.601050 62.954897 -81756327.368577 -427.754885 -174.577341 -31388811.191731 -356.534547 47.150316 62.986986 55.156681 88.007931 69.526205 52.285826 61.841951 1584.971553 -976.465530 -834.049202 104.103614 -831.736140 -983.349893 -1073.415038 -1196.748682 -1295.476995 -1670.740349 -1658.177011 -9999.0 -9999.0 -9999.0 -8253.168499 -9999.0 -9999.0 -9999.0 -9999.0 -9999.0 -9999.0 -9999.0 -9999.0 -9999.0 -9999.0 -9999.0 -9999.0 -9999.0 -9999.0 -9999.0 -9999.0 -9999.0
-9999.0 -9999.0 -9999.0 -9999.0 -9999.0 -9999.0 -9999.0 -9999.0 -9999.0 -9999.0 -9999.0 66.262323 59.428487 80.427358 53.178701 54.522952 46.011789 -707.510766 -293.167818 -463.389726 54.329120 57.923957 63.330096 57.718431 77.495195 62.694084 55.738600 74.216083 -469.792699 -993.151547 68.136461 203.170085 50.913226 62.489912 -422.560249 -401.278770 -992.461858 -4009.155921 -4105.163765 -5252.177359 -5090.505215 -3779.435194 47.696578 -789.330824 -9999.0 -9999.0 -9999.0 1.245724 60.100595 -932.674465 64.198463 -894.960518 -877.995349 -221.042320 69.344204 -854.124484 -9999.0 -9999.0 -9999.0 -9999.0
-9999.0 -9999.0 -9999.0 -9999.0 -9999.0 -9999.0 -9999.0 -9999.0 -9999.0 -9999.0 -9999.0 84.571609 56.658509 90.920220 61.893814 62.084458 63.639173 57.917505 -170.712094 -448.057801 -396.264084 53.630299 54.073760 62.659952 60.545812 -473.341786 60.067399 1583.194129 -2639.642263 58.520117 -1409.024070 200.512297 51.667854 49.786033 -1010.557660 -594.818645 -1799.716176 -4999.232832 -6718.762910 -9316.876236 -2404.613534 -956.252935 -376.762053 -114.058807 47.559783 -9999.0 -999.363277 67.042068 68.174804 71.626016 68.241103 -307.713989 64.221189 61.128495 78.040526 71.898232 -9999.0 -9999.0 -9999.0 -9999.0
-9999.0 -9999.0 -9999.0 -9999.0 -9999.0 -9999.0 -9999.0 -9999.0 -9999.0 -9999.0 -9999.0 -9999.0 78.057156 86.729681 57.473913 62.006623 43.464704 -170.762359 50.257347 -433.147880 -387.766001 54.506320 69.598393 67.144425 60.667009 57.618950 1024.273674 61.582683 66.692972 -1058.172801 57.389037 120.399472 50.646026 51.803365 48.006662 -482.421092 -2895.047907 -4309.473152 -5875.752544 -4978.870625 -2115.074284 -4713.405081 -533.799382 -222.509340 -1046.625811 57.506889 -898.064348 61.917243 66.824340 72.743583 49.530844 239.498980 976.625095 193.272363 132.776270 90.802916 68.120709 -9999.0 -9999.0 -9999.0
-9999.0 -9999.0 -9999.0 -9999.0 -9999.0 -9999.0 -9999.0 -9999.0 -9999.0 -9999.0 -9999.0 66.312260 60.336297 69.171436 97.656161 72.542309 69.194317 56.851344 53.213486 -555.778362 -421.124704 -267.226087 53.338452 46.883357 54.535106 66.925268 64.436281 56.533584 54.478855 -882.099499 59.372007 141.690007 67.009075 54.435854 50.950065 47.894686 -1378.282323 -3861.957541 -3147.539707 -4315.788580 -2610.005492 -1890.222701 -463.598899 -14211.646709 47.063397 51.744307 78.853881 -766.732674 -767.241026 40.928843 -47860.714046 60.864873 94.008205 -5451.691851 -3120.636795 -950.338492 -468.683204 -9999.0 -9999.0 -9999.0
-9999.0 -9999.0 -9999.0 -9999.0 -9999.0 -9999.0 -9999.0 -9999.0 -9999.0 -9999.0 1057.410859 71.018486 64.173650 61.962034 61.278590 986.562202 986.743757 -451.915083 -531.872070 -583.557938 -409.096678 -491.836008 -244.841523 48.961566 -351.481908 1074.229243 57.514726 -3500.510756 58.843290 57.660613 115.851532 374.363313 62.919209 59.951002 -970.174854 -1045.638620 -526.842529 -1131.970481 -782.582940 -800.174245 -706.646100 -14757.167975 -165.797011 -580.180449 -405.986964 -461.053806 58.824440 62.209489 73.089685 38.530877 -46332.347543 -1067.575756 -2603.724534 -950.051332 -950.461723 91.741834 91.322184 -9999.0 -9999.0 -9999.0
-9999.0 -9999.0 -9999.0 -9999.0 -9999.0 -9999.0 -9999.0 -9999.0 -9999.0 70.239614 78.607125 100.113372 86.671870 54.823786 -261.547190 67.584121 47.238336 53.813341 -494.070374 -643.086701 -499.267733 -636.301037 -419.096816 -584.744019 -443.131954 50.762132 -307.136104 54.710589 54.029394 45.471042 43.479177 56.243614 -1254.639646 -1104.758770 -1214.233857 -872.631855 53.367963 -598.850769 -867.703025 -321.358649 -318.192387 -523.871483 -667.465863 -733.443171 -710.312474 -659.211037 47.622079 -832.939357 -744.097874 41.889732 72.511204 -1378.728463 -950.182943 -949.173217 -619.734654 127.886404 201.646074 -127.498397 -550.067029 -9999.0
-9999.0 -9999.0 -9999.0 -9999.0 -9999.0 -9999.0 -9999.0 -9999.0 -9999.0 142.337410 77.268540 66.557083 2231.431135 44.081889 -215.269963 -195.753091 59.886420 46.215130 -627.833522 -735.794216 -723.117955 -875.976885 -416.600811 50.226803 52.384781 -460.502250 -365.329886 -282.633989 43.024515 43.290616 64.584211 63.903673 70.580498 56.517601 65.138420 -1928.737242 -2152.316314 -1107.155758 -348.735704 54.525205 -410.630127 -549.718703 -740.724237 -406.857211 -634.887711 -693.482919 -755.383593 -1100.890444 -974.733338 37.877485 51.851225 55.222028 -964.622680 71.668457 -194.468380 94.941614 185.439882 135.054744 -149.040757 -9999.0
-9999.0 -9999.0 -9999.0 -9999.0 -9999.0 -9999.0 -9999.0 -9999.0 -9999.0 -9999.0 68.759517 81.444791 78.417894 1271.501595 -306.585883 -84.508312 -148.333023 -492.364561 -691.666923 -645.868028 -578.150884 -375.853385 -312.398682 55.687731 -464.100779 -440.617465 -573.589819 42.493820 63.112387 56.878074 59.507578 2144.297316 58.694025 61.011026 74.535121 82.657210 -499.729477 -285.646375 -540.394651 58.285734 45.604662 49.730589 2320.091666 48.713817 46.360342 -393.503566 -318.547388 -416.070193 -643.886878 47.940030 59.181811 67.381275 -1168.305030 -1298.821448 55.944531 66.175464 98.472229 8733.783738 53.725936 -587.046752
-9999.0 -9999.0 -9999.0 -9999.0 -9999.0 -9999.0 -9999.0 -9999.0 -9999.0 -9999.0 78.658278 73.921023 65.664269 73.561188 46.639450 -360.328855 -463.590614 -558.972721 -725.060837 -719.535386 -698.917271 -607.020886 -534.041620 -564.935401 -535.580366 -614.585532 45.131000 65.479433 64.372089 54.689714 60.993439 94.720767 -4113.454026 55.708564 55.197162 74.035889 1935.443373 54.634424 55.416821 54.688242 61.291047 -137.087691 98.371085 53.352569 54.482545 50.125424 49.086932 47.259290 -230.861488 42.350389 67.011817 64.549716 70.670656 -857.117919 -695.722153 -720.650644 51.892464 49.775415 70.712188 62.940260
-9999.0 -9999.0 -9999.0 -9999.0 -9999.0 -9999.0 -9999.0 -9999.0 71.107510 63.710158 59.701227 80.538330 249.682916 81.397850 68.456506 46.719538 -620.546847 -816.195250 -828.687114 -751.409832 -854.032584 -761.547357 -657.285953 -704.488563 -707.917771 -363.223054 65.298314 60.990421 74.694343 73.858789 -1689.316445 68.329836 64.390244 56.436368 74.972644 47.396783 53.528982 49.485414 47.038428 -526.628423 -1981.697110 87.625730 -39221.616340 -1387.348505 -808.730676 1139.633459 51.540911 53.116013 48.893192 43.920224 68.384917 73.453123 70.510370 67.759156 -730.175538 57.010035 -147.135292 50.586290 40.576013 44.456033
-9999.0 -9999.0 -9999.0 -9999.0 -9999.0 -9999.0 -9999.0 -9999.0 553.722699 86.398668 70.279384 62.390175 61.317180 970.738556 47.691497 43.689683 -402.450808 -570.990567 -954.779316 -809.558890 -718.361948 -844.873025 -593.809954 -797.356315 -889.740142 -326.549303 67.527773 68.381548 -4113.493262 60.880569 59.613209 -1248.836042 83.555189 -1972.636990 73.009207 57.979426 72.411209 73.273199 56.889476 59.869688 62.798819 -103.584491 -897.813009 61.611592 1364.365440 64.505163 -15439.499378 54.715450 48.520637 -256.069459 38.963345 63.415726 63.904443 56.646931 50.161669 -14704.210081 47.308493 48.072004 -556.056745 -544.861169
-9999.0 -9999.0 -9999.0 -9999.0 -9999.0 -9999.0 -9999.0 -9999.0 62.961904 1646.040715 68.909299 64.107446 176.679700 -1580.197815 63.814695 53.598333 -535.623078 -711.137102 -956.077119 -685.586019 -840.154053 -927.854746 -868.652144 -838.218199 -721.410667 -594.959136 -335.278614 52.409987 -1559.774779 63.300728 -1316.352272 75.335633 67.934060 63.251842 69.656893 96.685265 69.695182 43.378815 66.377768 70.708015 69.010057 -1467.638190 67.022147 1372.956765 50.079022 59.844341 -558.622714 55.175180 -195.692672 -156.573505 -318.035498 58.022072 54.848404 48.703756 52.307845 66.307511 57.672988 -87.606579 -675.351347 -579.397113
-9999.0 -9999.0 -9999.0 -9999.0 -9999.0 -9999.0 -9999.0 -9999.0 -1391.274446 66.994629 105.795063 -2860.600565 72.932529 71.378133 66.918992 42.540659 -883.925393 -772.056523 -563.553987 -875.829114 -824.585716 -841.059623 -990.744266 -955.808882 -685.961689 -473.868976 -403.344826 53.295164 52.555929 64.218795 58.016863 70.460264 66.098210 79.934393 61.554506 44.932404 42.255827 39.520458 60.184865 61.158456 53.883845 61.452748 65.868055 -319.647927 50.396972 -436.655376 57.308978 -330.348060 42.351676 -366.391810 -431.970155 37.485288 49.480249 40.695174 50.355431 63.758531 54.215710 50.887358 -666.861579 -637.086636
-9999.0 -9999.0 -9999.0 -9999.0 -9999.0 -9999.0 -9999.0 -9999.0 53.811768 66.533960 2211.282862 58.960444 71.730337 70.515580 67.285924 -328.469986 43.207894 -406.563532 -299.686562 -501.251674 -747.283286 -872.852388 -916.046912 -896.395597 -995.462560 -606.480183 -557.411680 -503.085979 -532.779109 66.157197 53.683750 65.818810 77.122672 70.142242 51.039022 -100.753507 -384.013000 41.403118 68.967297 60.872250 48.706927 56.154548 65.932974 51.562767 47.062911 53.281245 49.490542 57.652682 -520.300244 -905.759347 -1156.593792 -922.184288 -541.523470 -753.206457 102.782346 108.699605 -332.443119 -461.337867 -483.826333 -550.245579
-9999.0 -9999.0 62.883844 64.331753 622.008791 -274.633798 125.788032 82.363847 66.589837 70.255088 70.407367 122.541259 78.815709 77.291964 46.401904 41.075917 52.552134 -111.881105 -352.396782 -258.350459 -595.021869 -637.368016 -442.953790 -1102.501583 -816.750677 -795.577294 -639.860814 -634.265506 -593.639958 -378.362552 -529.851901 -230.924108 73.968756 43.827770 -382.274008 -446.411900 -652.484432 -344.845274 60.827799 51.499669 43.004813 49.648431 70.718701 -432.148709 -100.992669 -308.352689 -431.308092 -319.021169 -874.353939 -826.464162 -1035.382335 -749.886790 -379.399989 -278.972551 -262.779749 -260.519333 55.989655 -373.453498 -382.271756 -439.471510
-9999.0 -401.438036 67.187248 62.623386 -329.783071 89.269227 115.142572 72.656371 71.435234 68.091761 66.899235 63.994724 84.994048 99.201612 45.416069 59.997916 60.952031 55.245727 -383.366929 -443.233353 -733.869415 -581.100602 89.921997 -556.437928 -1021.396499 -998.479409 -902.949166 -856.073748 -725.392027 -548.881728 -938.182352 -797.422125 -205.325797 -398.004811 -731.023307 -768.420228 -857.798202 -778.613363 -369.740945 -468.465272 -821.865608 -547.748895 50.993950 -670.668917 -742.433452 -776.741394 -614.107697 -870.528518 -859.202810 -703.134827 -557.289503 -376.750587 52.724287 74.337518 61.807866 53.869130 56.666781 45.120563 45.803702 46.653345
