user2019/resources/simulation/Vinschgau/output-maps/psiL0005N0148.asc
ncols         63
nrows         48
xllcorner     598000.000000
yllcorner     5145000.000000
cellsize      1000.000000
NODATA_value  -9999.0
[rows 0 to 25 of 48, columns 0 to 57 of 63]
-9999.0 -9999.0 -9999.0 -9999.0 -9999.0 -9999.0 -9999.0 -9999.0 -9999.0 -9999.0 -9999.0 -9999.0 -9999.0 -9999.0 -9999.0 -9999.0 -9999.0 -9999.0 -9999.0 -9999.0 -9999.0 -9999.0 -9999.0 -9999.0 -9999.0 -9999.0 -9999.0 -9999.0 -9999.0 -9999.0 -9999.0 -9999.0 -9999.0 -9999.0 -9999.0 -9999.0 -9999.0 -9999.0 -9999.0 -9999.0 -9999.0 -9999.0 -9999.0 -9999.0 -9999.0 -9999.0 -9999.0 -9999.0 -9999.0 -9999.0 -9999.0 -9999.0 -9999.0 -9999.0 -9999.0 -9999.0 -9999.0 -9999.0
-9999.0 -9999.0 -9999.0 -9999.0 -9999.0 -9999.0 -9999.0 -9999.0 -9999.0 -9999.0 -9999.0 -9999.0 -9999.0 -9999.0 -9999.0 -9999.0 -9999.0 -9999.0 -9999.0 -9999.0 -9999.0 -9999.0 -9999.0 -9999.0 -9999.0 -9999.0 -9999.0 -894.946191 -1206.972406 -897.092103 -1355.883198 -896.309472 -896.328955 -9999.0 -9999.0 -9999.0 -9999.0 -9999.0 -9999.0 -9999.0 -9999.0 -9999.0 -9999.0 -9999.0 -9999.0 -9999.0 -9999.0 -9999.0 -9999.0 -9999.0 -9999.0 -9999.0 -9999.0 -9999.0 -9999.0 -9999.0 -9999.0 -9999.0
-9999.0 -9999.0 -9999.0 -9999.0 -9999.0 -9999.0 -9999.0 -9999.0 -9999.0 -9999.0 -9999.0 -9999.0 -9999.0 -9999.0 -9999.0 -9999.0 -9999.0 -9999.0 -9999.0 -9999.0 -9999.0 -9999.0 -9999.0 -9999.0 -761.333349 -730.878274 -628.976292 -698.531637 -663.046279 -1511.882171 -1342.936613 -9999.0 -9999.0 -9999.0 -9999.0 -9999.0 -9999.0 -9999.0 -9999.0 -9999.0 -9999.0 -9999.0 -9999.0 -9999.0 -9999.0 -9999.0 -9999.0 -9999.0 -9999.0 -9999.0 -9999.0 -9999.0 -9999.0 -9999.0 -9999.0 -9999.0 -9999.0 -9999.0
-9999.0 -9999.0 -9999.0 -9999.0 -9999.0 -9999.0 -9999.0 -9999.0 -9999.0 -9999.0 -9999.0 -9999.0 -9999.0 -9999.0 -9999.0 -9999.0 -9999.0 -9999.0 -9999.0 -9999.0 -9999.0 -9999.0 -9999.0 -709.397273 -632.211150 -296.839397 -208.955552 -229.169381 -210.099581 -1524.295257 -971.144502 -1305.377943 -9999.0 -9999.0 -9999.0 -9999.0 -9999.0 -9999.0 -9999.0 -9999.0 -9999.0 -9999.0 -9999.0 -9999.0 -9999.0 -9999.0 -9999.0 -9999.0 -9999.0 -9999.0 -9999.0 -9999.0 -9999.0 -9999.0 -9999.0 -9999.0 -9999.0 -9999.0
-9999.0 -9999.0 -9999.0 -9999.0 -9999.0 -9999.0 -9999.0 -9999.0 -9999.0 -9999.0 -9999.0 -9999.0 -9999.0 -9999.0 -9999.0 -9999.0 -9999.0 -9999.0 -235.721609 -268.416025 -9999.0 -690.295178 -539.925658 -219.910539 983.767002 -215.448002 -472.536364 -493.130700 868.911235 -244.434052 -1490.318580 -1041.185596 -896.764252 -894.902855 -9999.0 -9999.0 -9999.0 -9999.0 -9999.0 -9999.0 -9999.0 -9999.0 -9999.0 -9999.0 -9999.0 -9999.0 -9999.0 -9999.0 -9999.0 -9999.0 -9999.0 -9999.0 -9999.0 -9999.0 -9999.0 -9999.0 -9999.0 -9999.0
-9999.0 -9999.0 -9999.0 -9999.0 -9999.0 -9999.0 -9999.0 -9999.0 -9999.0 -9999.0 -9999.0 -9999.0 -9999.0 -9999.0 -9999.0 -9999.0 -9999.0 -298.145327 -196.997778 -119952.507966 -900.164675 -432.553440 -266.009421 -611.024744 -148.423572 -506.673475 -573.518258 -799.081989 -557.997456 -510.539816 -349.361494 -1508.198191 -903.939837 -899.015645 -894.081368 -897.424752 -9999.0 -9999.0 -9999.0 -9999.0 -9999.0 -9999.0 -9999.0 -9999.0 -9999.0 -9999.0 -9999.0 -9999.0 -9999.0 -9999.0 -9999.0 -9999.0 -9999.0 -9999.0 -9999.0 -9999.0 -9999.0 -9999.0
-9999.0 -9999.0 -9999.0 -9999.0 -9999.0 -9999.0 -9999.0 -9999.0 -9999.0 -9999.0 -9999.0 -9999.0 -9999.0 -1563.255965 -282.027941 -220.692150 -230.362685 -911.547063 -279.820192 -260.993573 -201.590237 -66.497521 -211.772570 1082.555719 -681.153965 -666.752503 -978.198127 -1951.678419 -1854.525509 -756.008922 -809.569960 -585.512244 -1384.934956 -1329.361802 -897.589793 -897.575122 -9999.0 -9999.0 -9999.0 -9999.0 -9999.0 -9999.0 -9999.0 -9999.0 -9999.0 -9999.0 -9999.0 -9999.0 -9999.0 -9999.0 -9999.0 -9999.0 -9999.0 -9999.0 -9999.0 -9999.0 -9999.0 -9999.0
-9999.0 -9999.0 -9999.0 -9999.0 -9999.0 -9999.0 -9999.0 -9999.0 -9999.0 -9999.0 -9999.0 -9999.0 -9999.0 -364.675242 817.355424 -228.584283 -228.929188 -210.834758 -915.422172 -222.483846 -194.109803 -512.600840 952.440192 -409.753689 -390.131712 -1810.040028 -1194.968659 -897.490090 -897.573819 -1516.576854 -685.177019 -1416.737971 -897.479383 -897.596380 -897.624268 -9999.0 -9999.0 -9999.0 -9999.0 -9999.0 -9999.0 -9999.0 -9999.0 -9999.0 -9999.0 -9999.0 -9999.0 -9999.0 -9999.0 -9999.0 -9999.0 -9999.0 -9999.0 -9999.0 -9999.0 -9999.0 -9999.0 -9999.0
-9999.0 -9999.0 -9999.0 -9999.0 -9999.0 -9999.0 -9999.0 -9999.0 -9999.0 -9999.0 -9999.0 -9999.0 -9999.0 -358.694288 911.502131 -310.171729 -223.513338 -223.937309 -913.820881 -223.202711 -250.689646 -1311.957186 -508.773904 -577.337197 -801.985715 -862.145731 -896.521080 -897.382778 -962.618156 -897.454222 -1437.120831 -897.529424 -897.485892 -897.407010 -897.536786 -9999.0 -9999.0 -9999.0 -9999.0 -9999.0 -9999.0 -9999.0 -9999.0 -9999.0 -9999.0 -9999.0 -9999.0 -9999.0 -9999.0 -9999.0 -9999.0 -9999.0 -9999.0 -9999.0 -9999.0 -9999.0 -9999.0 -9999.0
-9999.0 -9999.0 -9999.0 -9999.0 -9999.0 -9999.0 -9999.0 -9999.0 -9999.0 -9999.0 -9999.0 -9999.0 -873.113763 1223.219617 1034.914944 -678.814513 -252.712217 -220.565572 796.630985 -333896.271256 -622.540768 -720.668626 -1139.627387 -698.471625 -447.542760 -1419.944794 -693.778930 -1267.019800 -1552.541506 -897.331273 -1450.612755 -895.202656 -1038.548952 -897.573193 -9999.0 -9999.0 -9999.0 -9999.0 -9999.0 -9999.0 -9999.0 -9999.0 -9999.0 -9999.0 -9999.0 -9999.0 -9999.0 -9999.0 -9999.0 -9999.0 -9999.0 -9999.0 -9999.0 -9999.0 -9999.0 -9999.0 -9999.0 -9999.0
-9999.0 -9999.0 -9999.0 -9999.0 -9999.0 -9999.0 -9999.0 -9999.0 -9999.0 -9999.0 -9999.0 -644.435179 -449.514419 -269.195189 -725.092217 -529.906849 -1098.792534 -219.280446 -225.520527 -201152.032485 -181.765264 -347.434801 -1382.053067 -1419.986948 -1670.110216 -1495.367081 -1427.378200 -1454.331185 -628.939373 -897.422239 -894.523545 -1061.052834 -897.152541 -897.768314 -899.224358 -900.699964 -1701.137314 -961.920168 -291.744085 -9999.0 -9999.0 -9999.0 -896.530399 -9999.0 -9999.0 -9999.0 -9999.0 -9999.0 -9999.0 -9999.0 -9999.0 -9999.0 -9999.0 -9999.0 -9999.0 -9999.0 -9999.0 -9999.0
-9999.0 -9999.0 -9999.0 -9999.0 -9999.0 -9999.0 -9999.0 -9999.0 -9999.0 -9999.0 -9999.0 -572.743721 -686.453871 -444.934953 -325.670853 -1346.830854 -602.881509 -236.573288 -224.837233 -232.051543 935.477428 -273.287392 -705.027830 -591.008259 -561.687808 -1477.050591 -1563.189126 -1455.519944 -893.895799 -897.508849 -1507.450152 -1558.957132 -1602.497015 -1271.263372 -1218.698138 -1679.143376 -743.839256 -946.322197 -788.417829 -902.011124 -903.781984 -900.045032 -1320.753614 -896.519501 -9999.0 -9999.0 -9999.0 -256.265675 -1057.719274 -894.978733 -1510.048006 -894.347694 -893.765581 -746.499643 -786.690274 -893.180983 -9999.0 -9999.0
-9999.0 -9999.0 -9999.0 -9999.0 -9999.0 -9999.0 -9999.0 -9999.0 -9999.0 -9999.0 -9999.0 -583.233544 -590.943533 -1488.890792 -362.795702 -1403.464183 -351.369383 -190.917115 815.183395 -218.096877 -219.288278 -820.401894 -426.519207 -667.468100 -1524.716579 -897.139947 -462.909314 -1496.234398 -897.380156 -1408.735544 -897.581406 -1553.027881 -834.170433 -1258.245832 -898.644880 -1085.943809 -534.646034 -1209.069254 -1352.241624 -916.339256 -623.408874 -344.674852 -665.690044 -1584.241939 -1313.118451 -9999.0 -897.521764 -1108.616497 -1594.616413 -838.671873 -301.772867 -901.711884 -110.760862 -182.909352 -74.798199 -301.085027 -9999.0 -9999.0
-9999.0 -9999.0 -9999.0 -9999.0 -9999.0 -9999.0 -9999.0 -9999.0 -9999.0 -9999.0 -9999.0 -9999.0 -567.460371 -385.916568 -400.832222 -470.071376 -578.265645 -223.900360 -213.295944 -217.477039 -185.002350 -854.235363 -567.322201 -424.609251 -597.506636 -447.586472 -195.186652 -897.501346 -1473.523766 -894.494606 -1562.286054 -626.896153 -697.664582 -1266.301076 -1653.251334 -1482.975344 -571.577499 -535.437528 -735.337917 -296.071228 -465.343461 -910.838746 -352.811969 -247.310222 -895.101124 -1020.684118 -894.724991 -1185.621449 -1501.894048 -754.665808 -260.972141 -544.186957 -368.568959 -300.247966 -532.985805 -519.004598 -691.862505 -9999.0
-9999.0 -9999.0 -9999.0 -9999.0 -9999.0 -9999.0 -9999.0 -9999.0 -9999.0 -9999.0 -9999.0 -341.851321 -642.456400 -894.998526 -365.296758 -336.401932 -280.496765 -228.292358 926.513455 -270.494200 -234.419405 -144.007989 -265.124391 -830.365356 -440.199326 -247.788823 -364.459415 -1542.833486 -1536.256792 -897.381295 -509.991365 -624.732678 -543.262365 -1354.370126 -1403.433925 -1332.858280 -1387.599799 -1229.578650 -489.000477 -1371.094979 -1123.836354 -529.329112 -279.133628 -12187.707297 -243.884515 -1282.386540 -1681.973370 -899.599945 -900.148872 -721.355144 -890.647723 -1568.252755 -579.556030 -889.961313 -898.015045 -897.344206 -893.573323 -9999.0
-9999.0 -9999.0 -9999.0 -9999.0 -9999.0 -9999.0 -9999.0 -9999.0 -9999.0 -9999.0 -335.956516 -420.940093 -357.113147 -790.208608 -354.398288 -270.766925 -592.104223 -652.864597 -224.347836 -220.103743 -212.939076 -228.737099 -995.205729 -295.525682 -296.114006 -333.675741 -1591.253493 -892.258006 -270.935881 -374.178873 -248.385051 -637.987142 -1521.363099 -1321.998985 -897.729150 -896.664171 -909.010467 -571.280087 -774.685709 -735.614976 -1009.603973 -1020.251092 -892.708259 -266.981184 -249.242703 -897.669566 -1674.144535 -895.637872 -222.397186 -265.580391 -905.122068 -897.483964 -897.776145 -897.281588 -897.167825 -647.480353 -487.518800 -9999.0
-9999.0 -9999.0 -9999.0 -9999.0 -9999.0 -9999.0 -9999.0 -9999.0 -9999.0 -1700.516103 -281.959475 -313.162791 -256.476609 -414.958815 -238.397624 -638.678611 -582.837548 -320.914929 -220.285139 -275.418039 -231.321372 -368.580470 -466.014490 -218.460538 -328.650060 -1608.435386 -405.069975 -312.283015 -504.749207 -252.145249 -311.851707 -902.923850 -897.634435 -897.537361 -897.570660 -897.948353 -1762.389665 -572.145538 -565.847154 -626.064546 -428.853980 -571.870572 -1530.335335 -259.494472 -140.458319 -528.719483 -187.188257 -1438.594310 -1893.898011 -218.314423 -1034.911357 -893.729311 -897.324084 -897.154350 -895.073897 -1382.239649 -497.600881 -521.895912
-9999.0 -9999.0 -9999.0 -9999.0 -9999.0 -9999.0 -9999.0 -9999.0 -9999.0 -705.580150 -1689.848203 -1373.550107 879.850530 -394.109335 -296.242493 -420.086165 -425.659615 -532.375437 -210.128443 -230.307448 -229.838738 761.834677 -237.227801 -250.679487 -1523.590278 -451.662016 -289.280520 -262.300948 878.205482 -447.352593 -1641.788327 -1557.911536 -1483.999713 -1172.925699 -1542.753226 -897.903673 -896.766215 -898.577071 -1357.468192 -1815.981827 -356.203296 -1532.872007 -450.133504 -312.313000 -237.699519 -225.059256 791.838105 -191.540667 -290.004944 -253.119277 -895.990460 -1405.781857 -897.281448 -1424.381985 -897.286696 -243.890991 -644.830551 -693.667041
-9999.0 -9999.0 -9999.0 -9999.0 -9999.0 -9999.0 -9999.0 -9999.0 -9999.0 -9999.0 -1395.961772 -1828.524191 -552.518295 -215.366289 -918.543321 -327.826469 -473.704260 1155.881229 -284.619200 -217.870798 -216.262814 -196.059159 -313.607963 -635.675454 -495.440290 -291.566452 858.045267 927.788961 -1695.688006 -602.180692 -1585.522693 -382.504460 -1475.844422 -1488.301267 -1481.300629 -489.405578 -276.456435 -398.281418 -894.377378 -1391.562807 -1365.646992 -713.784724 -738.045078 -1478.123198 -1701.766987 -656.495439 -137.721582 -196.944545 -158.015960 -160.136397 -950.310400 -1000.863297 -893.882510 -897.214627 -518.348488 -1435.292990 -520.935915 -228.432915
-9999.0 -9999.0 -9999.0 -9999.0 -9999.0 -9999.0 -9999.0 -9999.0 -9999.0 -9999.0 -1241.592699 -1434.985403 -582.128150 -267.575392 -216.147187 1024.294048 -347.351616 -224.799511 -234.347848 -221.602302 -228.962314 -211.003598 -242.716235 -558.068608 -352.945679 980.851762 -220.961913 -236.206148 -547.162342 -1549.350285 -1496.829762 -567.834224 -899.795015 -1519.290623 -1494.247860 -630.060728 -425.605105 -789.041880 -1532.298873 -1442.575624 -1214.899853 -894.920264 -563.513854 -1444.820410 -430.309112 -860.182335 -808.860249 -1646.363977 -125.620033 -155.667446 -149.937589 -1723.915471 -582.597440 -893.869089 -892.606099 -893.609615 -1417.798162 -610.301568
-9999.0 -9999.0 -9999.0 -9999.0 -9999.0 -9999.0 -9999.0 -9999.0 -324.606251 -884.246567 -814.024027 -583.923897 -655.577625 -746.091450 -431.475076 -217.887877 -71.622287 1194.446426 -212.583514 -212.704530 -245.601534 -297.609632 -242.791861 -240.020253 -153.539821 -273.106991 -155.068431 -534.729060 -546.770399 -1569.380034 -897.424521 -1422.773147 -1383.787879 -1403.662639 -1231.214359 -1529.620386 -1824.745421 -657.599475 -1450.375128 -894.176905 -897.647074 -612.714086 -890.145236 -897.600501 -898.728866 -772.262869 -1513.512916 -650.672476 -126.804182 1094.013843 1095.496011 -293.710557 -667.806466 -1407.347995 -894.235614 -75.872332 -498.416018 -226.148724
-9999.0 -9999.0 -9999.0 -9999.0 -9999.0 -9999.0 -9999.0 -9999.0 -910.373386 -449.883149 -1391.291433 -1601.683335 -1308.456848 -493.975269 -537.095890 -212.152464 1112.118504 -180.218547 -138.301793 -213.731703 -240.149733 -225.256355 -224.672892 -142.426662 -291.045337 -282.141873 -207.158870 -728.440573 -890.289680 -1473.042947 -1134.820901 -899.137111 -1466.274324 -894.630099 -823.972563 -791.654420 -1151.275051 -288.152284 -1441.007090 -1673.870251 -1526.582434 -897.416442 -897.630014 -1601.635947 -600.564205 -556.318990 -892.204946 -1353.601383 -1860.863900 989.188638 886.165440 -403.236178 -547.216150 -285.655767 -263.019113 -1296.967665 -635.587447 -168.070553
-9999.0 -9999.0 -9999.0 -9999.0 -9999.0 -9999.0 -9999.0 -9999.0 -1711.409940 -1533.019850 -560.881364 -1521.456678 -618.997826 -901.593980 -334.434448 -1442.340791 -166.605773 823.815199 -226.372289 -221.838593 -218.992570 -227.084964 -224.905913 -229.600286 -217.974928 -225.960182 1043.130355 -423.932949 -920.978950 -1641.467960 -899.215604 -619.339777 -592.685032 -1027.241635 -773.683795 -423.842358 -1791.459220 -310.109594 -1494.175981 -1468.209511 -1262.160658 -893.866556 -787.921052 -524.331197 -551.957570 -622.172817 -895.027422 -744.204096 -533.733918 -122.365635 4776.781494 1136.983030 -1182.758085 -1402.001198 -177.372082 907.626001 918.096411 897.780693
-9999.0 -9999.0 -9999.0 -9999.0 -9999.0 -9999.0 -9999.0 -9999.0 -897.495917 -1587.616511 -279.847538 -1016.922230 -347.864614 -295.335001 -246.382910 905.585549 -261.731101 -202.895053 -221.137394 -213.816017 -216.809755 3214.083492 3164.855635 -213.405245 -226.674397 984.176468 -264.544885 -833.813390 -245.037160 -279.876842 -1432.282867 -1775.925683 -280.087965 -249.400139 -1003.216461 -1421.471716 -1449.848407 1127.628032 -1510.981144 -1531.590305 -1646.045972 -1541.747994 -1456.440525 -900.369243 -742.708875 -898.148430 -145.961676 -899.805014 -724.815315 -1403.889326 1201.039027 4646.511284 1328.054102 858.073337 1177.944681 1113.771278 1354.812833 1084.531544
-9999.0 -9999.0 -9999.0 -9999.0 -9999.0 -9999.0 -9999.0 -9999.0 -535.320687 -729.294355 -278.212277 -542.197017 -245.107365 1219.215145 818.677504 -216.676926 -209.404618 -221.225542 924.573114 -172.190682 -226.833472 3743.658571 4143.217124 -211.526186 994.308834 874.500210 -459.990448 -283.000270 -241.592120 -171.488007 -529.687359 -105.437369 -169.776417 -222.343460 -1426.135593 -1455.870471 -499.013087 865.201635 -161.345238 -646.845023 -1523.376224 -1447.338580 -402.210929 -624.128699 -1437.361332 -1019.037253 -1478.071656 -255.816132 -470.021628 -170.363043 -164.715824 1183.830173 3446.428710 2086.399425 2323.603697 2488.855747 2478.167901 2298.300087
-9999.0 -9999.0 -906.135877 -667.141283 -592.706237 -708.200086 -569.860044 -655.812368 -697.353402 -780.141958 -660.958562 -199.633166 1278.798845 900.213650 789.794100 -192.288014 -130.916272 -563.284016 -718.984671 1078.718604 -134.109384 -211.720907 4043.050750 2687.707694 -217.785923 899.152281 764.451598 846.562504 889.778646 882.681194 -273.544620 -244.078497 886.560039 1059.771295 1095.932195 1156.571977 1005.804560 806.555065 -130.158498 -229.337694 -382.278577 -135.875047 -103.340865 1134.612370 -443.610739 -226.594056 954.841776 1024.445802 -181.955959 1335.821281 1592.301883 1598.073145 2500.512311 3649.790986 3703.246473 2091.331947 2628.897992 1590.427415
