user2019/resources/simulation/Vinschgau/output-maps/psiL0006N1230.asc
ncols         63
nrows         48
xllcorner     598000.000000
yllcorner     5145000.000000
cellsize      1000.000000
NODATA_value  -9999.0
[rows 0 to 25 of 48, columns 0 to 57 of 63]
-9999.0 -9999.0 -9999.0 -9999.0 -9999.0 -9999.0 -9999.0 -9999.0 -9999.0 -9999.0 -9999.0 -9999.0 -9999.0 -9999.0 -9999.0 -9999.0 -9999.0 -9999.0 -9999.0 -9999.0 -9999.0 -9999.0 -9999.0 -9999.0 -9999.0 -9999.0 -9999.0 -9999.0 -9999.0 -9999.0 -9999.0 -9999.0 -9999.0 -9999.0 -9999.0 -9999.0 -9999.0 -9999.0 -9999.0 -9999.0 -9999.0 -9999.0 -9999.0 -9999.0 -9999.0 -9999.0 -9999.0 -9999.0 -9999.0 -9999.0 -9999.0 -9999.0 -9999.0 -9999.0 -9999.0 -9999.0 -9999.0 -9999.0
-9999.0 -9999.0 -9999.0 -9999.0 -9999.0 -9999.0 -9999.0 -9999.0 -9999.0 -9999.0 -9999.0 -9999.0 -9999.0 -9999.0 -9999.0 -9999.0 -9999.0 -9999.0 -9999.0 -9999.0 -9999.0 -9999.0 -9999.0 -9999.0 -9999.0 -9999.0 -9999.0 -769.216813 -46.748996 -738.105267 -13.684925 -47.714156 -12.833958 -9999.0 -9999.0 -9999.0 -9999.0 -9999.0 -9999.0 -9999.0 -9999.0 -9999.0 -9999.0 -9999.0 -9999.0 -9999.0 -9999.0 -9999.0 -9999.0 -9999.0 -9999.0 -9999.0 -9999.0 -9999.0 -9999.0 -9999.0 -9999.0 -9999.0
-9999.0 -9999.0 -9999.0 -9999.0 -9999.0 -9999.0 -9999.0 -9999.0 -9999.0 -9999.0 -9999.0 -9999.0 -9999.0 -9999.0 -9999.0 -9999.0 -9999.0 -9999.0 -9999.0 -9999.0 -9999.0 -9999.0 -9999.0 -9999.0 -244.061059 -261.950953 -264.426357 -260.560415 -207.226002 -30.768539 -30.627160 -9999.0 -9999.0 -9999.0 -9999.0 -9999.0 -9999.0 -9999.0 -9999.0 -9999.0 -9999.0 -9999.0 -9999.0 -9999.0 -9999.0 -9999.0 -9999.0 -9999.0 -9999.0 -9999.0 -9999.0 -9999.0 -9999.0 -9999.0 -9999.0 -9999.0 -9999.0 -9999.0
-9999.0 -9999.0 -9999.0 -9999.0 -9999.0 -9999.0 -9999.0 -9999.0 -9999.0 -9999.0 -9999.0 -9999.0 -9999.0 -9999.0 -9999.0 -9999.0 -9999.0 -9999.0 -9999.0 -9999.0 -9999.0 -9999.0 -9999.0 -283.664615 -313.438924 -1123.232625 -1421.208262 -60209.236771 -37881.912502 -55.982465 -33.116532 -26.862305 -9999.0 -9999.0 -9999.0 -9999.0 -9999.0 -9999.0 -9999.0 -9999.0 -9999.0 -9999.0 -9999.0 -9999.0 -9999.0 -9999.0 -9999.0 -9999.0 -9999.0 -9999.0 -9999.0 -9999.0 -9999.0 -9999.0 -9999.0 -9999.0 -9999.0 -9999.0
-9999.0 -9999.0 -9999.0 -9999.0 -9999.0 -9999.0 -9999.0 -9999.0 -9999.0 -9999.0 -9999.0 -9999.0 -9999.0 -9999.0 -9999.0 -9999.0 -9999.0 -9999.0 -559.134651 -375.344521 -9999.0 -311.672406 -339.572705 -49401.090457 -1248.396697 -53216.119901 -564.790974 -618.471559 -534.498817 -644.192073 -45.200478 -26.654469 -784.688500 -764.441112 -9999.0 -9999.0 -9999.0 -9999.0 -9999.0 -9999.0 -9999.0 -9999.0 -9999.0 -9999.0 -9999.0 -9999.0 -9999.0 -9999.0 -9999.0 -9999.0 -9999.0 -9999.0 -9999.0 -9999.0 -9999.0 -9999.0 -9999.0 -9999.0
-9999.0 -9999.0 -9999.0 -9999.0 -9999.0 -9999.0 -9999.0 -9999.0 -9999.0 -9999.0 -9999.0 -9999.0 -9999.0 -9999.0 -9999.0 -9999.0 -9999.0 -1379.907701 -2028.825869 -189996.832270 -774.553666 -357.170140 -690.351544 -20045.761784 -656.764485 -445.280682 -311.917558 -439.602703 -330.504570 -470.103352 -308.128031 -45.853915 -779.895363 -803.302321 -797.341453 -793.632893 -9999.0 -9999.0 -9999.0 -9999.0 -9999.0 -9999.0 -9999.0 -9999.0 -9999.0 -9999.0 -9999.0 -9999.0 -9999.0 -9999.0 -9999.0 -9999.0 -9999.0 -9999.0 -9999.0 -9999.0 -9999.0 -9999.0
-9999.0 -9999.0 -9999.0 -9999.0 -9999.0 -9999.0 -9999.0 -9999.0 -9999.0 -9999.0 -9999.0 -9999.0 -9999.0 -86.642194 -1015.442715 -1156.532362 -1525.254267 -805.639224 -1350.939608 -51110.810385 -1310.873803 -1115.324251 -39490.709988 -835.474940 -467.657350 -343.576368 -153661.527051 -308.787468 -467.929363 -124.145944 9317.586752 -209.366918 -32.666239 -7.825286 -639.278356 -783.358353 -9999.0 -9999.0 -9999.0 -9999.0 -9999.0 -9999.0 -9999.0 -9999.0 -9999.0 -9999.0 -9999.0 -9999.0 -9999.0 -9999.0 -9999.0 -9999.0 -9999.0 -9999.0 -9999.0 -9999.0 -9999.0 -9999.0
-9999.0 -9999.0 -9999.0 -9999.0 -9999.0 -9999.0 -9999.0 -9999.0 -9999.0 -9999.0 -9999.0 -9999.0 -9999.0 -553.118832 -1399.508314 -1297.602946 -1440.734932 -745.428335 -806.984175 -1659.224166 -22549.395804 -27189.707236 -1104.264737 -715.553621 -718.403773 -780.159461 -55.200490 -714.791850 -735.831690 -252.965492 -147.383494 -36.760496 -758.402981 -793.691020 -759.992420 -9999.0 -9999.0 -9999.0 -9999.0 -9999.0 -9999.0 -9999.0 -9999.0 -9999.0 -9999.0 -9999.0 -9999.0 -9999.0 -9999.0 -9999.0 -9999.0 -9999.0 -9999.0 -9999.0 -9999.0 -9999.0 -9999.0 -9999.0
-9999.0 -9999.0 -9999.0 -9999.0 -9999.0 -9999.0 -9999.0 -9999.0 -9999.0 -9999.0 -9999.0 -9999.0 -9999.0 -1562.713646 585.613208 -1253.494917 -1312.976896 -1380.384991 -807.823723 -1425.095470 -870.581281 -152439.474199 -425.705366 -298.579383 -984.936156 -722.621568 -788.450843 -779.340135 -28.439756 -795.493705 -10.810245 -779.087687 -796.861282 -795.132190 -760.822972 -9999.0 -9999.0 -9999.0 -9999.0 -9999.0 -9999.0 -9999.0 -9999.0 -9999.0 -9999.0 -9999.0 -9999.0 -9999.0 -9999.0 -9999.0 -9999.0 -9999.0 -9999.0 -9999.0 -9999.0 -9999.0 -9999.0 -9999.0
-9999.0 -9999.0 -9999.0 -9999.0 -9999.0 -9999.0 -9999.0 -9999.0 -9999.0 -9999.0 -9999.0 -9999.0 -46564.571333 6473.013040 -1441.810759 -1198.077164 -955.665419 -1194.574353 -830.246233 -152851.228695 -1240.054791 -231.960737 -32222.033755 -197.688616 3471.800820 -53.388581 65.206454 -34.182944 -7.208417 -721.868446 -30.504703 -778.530129 -23.772273 -771.285993 -9999.0 -9999.0 -9999.0 -9999.0 -9999.0 -9999.0 -9999.0 -9999.0 -9999.0 -9999.0 -9999.0 -9999.0 -9999.0 -9999.0 -9999.0 -9999.0 -9999.0 -9999.0 -9999.0 -9999.0 -9999.0 -9999.0 -9999.0 -9999.0
-9999.0 -9999.0 -9999.0 -9999.0 -9999.0 -9999.0 -9999.0 -9999.0 -9999.0 -9999.0 -9999.0 -468.142982 -1296.167535 239.393356 -1425.407407 -650.949326 -152790.826520 -1235.747138 -665.321030 -152812.784339 -15092.059328 -738.200645 -64.697014 -56.681346 -416.682159 -38.140164 -29.124075 -30.077639 4296.368477 -700.477547 -770.920033 -31.224819 -748.716417 -774.329283 -781.766241 -777.465117 -151.789825 -248.365898 -521.273100 -9999.0 -9999.0 -9999.0 -798.253441 -9999.0 -9999.0 -9999.0 -9999.0 -9999.0 -9999.0 -9999.0 -9999.0 -9999.0 -9999.0 -9999.0 -9999.0 -9999.0 -9999.0 -9999.0
-9999.0 -9999.0 -9999.0 -9999.0 -9999.0 -9999.0 -9999.0 -9999.0 -9999.0 -9999.0 -9999.0 -451.109438 -1344.475926 -71840.847575 -1633.557178 -101.375840 -2234.081631 -2491.599212 -727.729167 -854.201334 -774.477904 -83.903242 -233.431204 -140.042855 -125.480237 -40.261207 -40.593717 -34.645657 -571.345399 -743.472260 -30.757803 -22.769757 -30.918273 -23.612751 -37.398355 -48.188264 -74.633735 -241.797050 -244.062927 -798.494748 -790.287455 -770.847263 -26.578657 -776.444012 -9999.0 -9999.0 -9999.0 903.840226 -23.623114 -766.205369 -24.332841 -778.231415 -774.594519 873.415843 862.267632 -724.685006 -9999.0 -9999.0
-9999.0 -9999.0 -9999.0 -9999.0 -9999.0 -9999.0 -9999.0 -9999.0 -9999.0 -9999.0 -9999.0 -415.554707 -492.337937 -528.784302 -545.328612 -102.435336 -996.716718 -1649.766427 -1318.596319 -881.827810 -763.085863 -438.139041 -185.049970 -199.478246 -43.964088 -756.550896 -141.720127 -16.248325 -758.458095 -26.560322 -762.773041 -134.526402 -31.099005 -26.942545 -765.038949 -64.062220 -181.492168 -1631.896202 -262.705196 -802.347705 -212.395043 -277.672239 -39.056941 -28.877043 -28.160294 -9999.0 -772.676591 -23.615041 -4.818252 -27.899156 -32.841897 -710.925981 -33.055009 -21.807730 -14.927903 -24.379665 -9999.0 -9999.0
-9999.0 -9999.0 -9999.0 -9999.0 -9999.0 -9999.0 -9999.0 -9999.0 -9999.0 -9999.0 -9999.0 -9999.0 -414.372720 2090.463467 -572.409660 -581.053978 -863.708405 -1483.789766 -717.862155 -855.215980 -1071.973255 -687.902734 -295.512384 -135.204888 -141.479002 -161.422744 2459.375819 -46.273709 -24.259081 -772.159833 -36.262405 -130.320966 -48.094129 -16.785180 -27.785800 -64.940782 -1505.959691 -3316.972373 -499.092565 -602.837170 -733.053541 -795.718602 -266.496081 -232.747117 -788.017685 -25.442647 -782.344991 -24.207534 -206.601875 -135.510330 6402.166369 -98.507128 1576.735366 792.917656 -98.668234 647.022211 178.835698 -9999.0
-9999.0 -9999.0 -9999.0 -9999.0 -9999.0 -9999.0 -9999.0 -9999.0 -9999.0 -9999.0 -9999.0 971.087125 -351.677889 -62.812705 -164.408884 -464.688552 -775.588799 -1087.999403 -908.011316 -953.070128 -1184.549048 -638.947865 -47.172900 -259.714209 -179.695485 -149.793001 1000.292628 -32.468508 -35.521954 -762.231139 -132.706593 -137.901737 -39.741776 -19.258824 -27.762195 -34.830747 -182.277801 -54422.673545 -844.411834 -258.120956 -58716.657571 -1411.566845 -232.247553 -149516.953359 -55.938602 -33.139732 -20.619226 -788.326499 -787.286117 -131354.598235 -146991.691120 -32.141453 -100.178886 -104222.348953 -136234.842889 -797.840700 -755.787284 -9999.0
-9999.0 -9999.0 -9999.0 -9999.0 -9999.0 -9999.0 -9999.0 -9999.0 -9999.0 -9999.0 2330.458579 -143.474348 -344.816316 -373.705733 -465.740583 3272.186734 2409.152794 -668.513788 -1150.071124 -929.695633 -725.858103 -490.244176 -181.738357 -350.342864 -226.171881 3058.822297 -174.733182 -147983.306700 -48.505213 -57.575810 -145.075024 -35.509300 -45.161664 -21.440607 -747.950648 -773.485362 -78.712061 -177.007183 -1665.201961 -199.718816 -369.632937 -148027.102170 -279.776245 -421.267710 -173.609941 -763.898354 -43.018111 -252.000669 -159.005887 -294.961850 -150207.008618 -769.049395 -110847.684454 -779.732341 -796.907471 -20.404871 -16.968638 -9999.0
-9999.0 -9999.0 -9999.0 -9999.0 -9999.0 -9999.0 -9999.0 -9999.0 -9999.0 -42.462878 -265.927710 853.331551 -149.601423 -193.024797 814.781617 -157.480245 -159.962328 -536.294861 -1595.578373 -998.461969 -767.538267 -1048.845679 -316.913920 -675.114348 -255.033549 -130.322905 -160.311854 -57.053931 -315.689099 -178.340585 -45.872046 -798.628828 -716.863290 -784.827256 -769.281776 -771.863264 -44.466034 -152.339985 -160.588039 -173.697808 -199.305743 -267.698451 -166.902616 -935.929401 -274.126814 -453.814672 -66.491946 -293.489138 -269.077295 -113.134060 -3327.560687 -761.863862 -791.268042 -776.235146 -774.093060 -168.554607 -103.878869 -624.398904
-9999.0 -9999.0 -9999.0 -9999.0 -9999.0 -9999.0 -9999.0 -9999.0 -9999.0 -34.581161 -43.424784 -61.183421 4930.333271 -412.698500 -198.983009 -198.846459 -360.746220 -572.822766 -1814.510819 -897.137700 -845.731272 -1393.412057 -561.087889 -332.748596 -130.702612 -180.577712 -196.817966 -199.416210 -176.675365 -351.099177 -106.109335 -136.118860 -28.661956 -25.765918 -9.309751 -773.799646 -764.687504 -744.247042 -56.516106 -47.204100 1009.156850 -141.794053 -252.067298 -325.279836 -721.196107 -591.015984 -652.666253 -632.717225 -1670.505336 -392.369807 -981.672533 -273.904485 -795.868366 -21.188321 -336.228462 716.384989 -152.954921 -115.178014
-9999.0 -9999.0 -9999.0 -9999.0 -9999.0 -9999.0 -9999.0 -9999.0 -9999.0 -9999.0 -36.377359 -46.972409 -94.103253 2934.243906 -427.817930 -187.154426 -401.180645 -780.690381 -2044.681045 -1005.518046 -811.728506 -1063.564505 -428.990078 -154.514802 -187.955586 -181.320518 -61.956475 -336.166169 -120.171196 -129.517849 -107.501195 5556.777724 -154.352507 -21.590655 -19.134753 -38.007617 -316.148740 -281.431556 -730.277700 -30.325109 -41.472155 -242.136731 4983.097742 -239.985416 -188.007112 -493.545859 -260.093491 -573.013741 -15065.293758 -598.449480 -1356.654449 -3482.970026 -784.870902 -786.470478 -83.781574 -22.362997 178.221091 10623.572821
-9999.0 -9999.0 -9999.0 -9999.0 -9999.0 -9999.0 -9999.0 -9999.0 -9999.0 -9999.0 -16.186728 -39.139785 -285.461706 -93.792545 -311.161880 -639.822658 -683.288374 -1006.655185 -1244.811729 -1309.551913 -1306.019793 -1226.663897 -394.481990 -225.908678 -149.966338 -154.535498 -418.531693 -332.468836 -139.240623 -128.830279 -36.487161 -95.913672 -156068.369866 -26.198934 -38.403475 -231.368534 3824.548320 -145.788924 -230.592551 -32.118659 -28.627666 -275.252412 -124.732937 -60.899903 -326.092846 -665.737612 -284.930070 -188.736078 -345.347664 -647.082620 -185.628732 -232.541348 -103.961306 -767.293164 -792.300128 -795.016833 -23.593091 -172.975099
-9999.0 -9999.0 -9999.0 -9999.0 -9999.0 -9999.0 -9999.0 -9999.0 -173.064752 -34.755094 -51.486856 -147.735115 -106.003104 -136.560138 -168.327504 -600.464384 -1676.748764 -1424.830777 -1105.357857 -1420.426208 -1501.192848 -2149.180120 -1870.161195 -1324.143777 -514.081520 -457.811926 -408.256488 -144.812925 -116.952985 -174.990667 -782.097515 -30.828366 -31.140608 -28.364422 -21.728477 -52.233753 -73.827721 -153.974463 -130.332553 -771.501300 -775.284462 -227.993926 -152881.275619 -750.116871 -779.447784 2271.058005 -114.182478 -143.063595 -174.988535 -454.512074 -260.140206 -1094.540228 -112.990549 -214.179727 -797.839690 -25.773197 -691.534023 -298.049613
-9999.0 -9999.0 -9999.0 -9999.0 -9999.0 -9999.0 -9999.0 -9999.0 -20.120220 -128.511120 -262.999414 -29.821115 -44.588259 902.762425 -220.802871 -548.750314 -1126.252184 -1293.769672 -24146.399603 -1423.422383 -753.051563 -1006.304634 -1117.807411 -1481.341664 -1799.314249 -879.782793 -406.823194 -130.324669 -146838.918802 -27.487912 -26.557907 -792.244342 -33.269588 -789.053032 -177.350941 -263.160811 -69.809123 452.951286 -250.040374 -49.140657 -36.067764 -136.001103 -782.803814 -54.679564 2765.117401 -125.420189 -151165.280842 -48.462536 -181.651277 -364.925871 -275.661168 -66.661797 -126.411344 -25.845231 -36.702360 -143903.012679 -245.158500 -376.081970
-9999.0 -9999.0 -9999.0 -9999.0 -9999.0 -9999.0 -9999.0 -9999.0 -38.818293 3469.217633 -87.008577 -225.637251 21.829588 -148412.830637 -182.512019 -177.901101 -775.524640 -1292.406121 -2450.373215 -764.296414 -1432.322805 -1042.556456 -1143.060292 -1337.230304 -986.610349 -1253.231011 -417.631780 -180.080618 -146617.326140 -31.122492 -793.822236 -180.721394 -117.415601 -5026.213805 -231.068021 -62.248646 -269.727754 -86.322243 -91.182292 -205.126866 -44.860603 -790.451764 -238.574487 2773.470394 -115.678795 -221.877164 -790.456343 -172.207551 -135.179226 -176.169518 -539.357923 -158.014896 -157.523109 -152.753643 -249.947121 -113.877178 157.897630 -436.440590
-9999.0 -9999.0 -9999.0 -9999.0 -9999.0 -9999.0 -9999.0 -9999.0 -787.785551 -44.608520 943.490011 -193381.085206 -183.272710 805.696303 -1862.997459 -395.741920 -11181.023070 -2280.353399 -822.176686 -1430.447292 -1373.997488 -1320.339477 -1020.328070 -1070.081333 -1135.725198 -778.679985 -305.445096 -156.294463 -305.568137 -260.998634 -273.479285 -246.597740 -5436.453714 -145.856303 -139246.220084 -83.028373 -102.713300 -1365.612726 -183.031782 -406.521629 -63.787122 -61.624079 -56.462338 -783.832639 -217.873471 -782.566203 -49.925363 -772.231361 -53.218156 -254.532030 -366.409797 -637.803384 -256.988723 885.306429 167.139517 -106.278390 -616.337265 -782.561005
-9999.0 -9999.0 -9999.0 -9999.0 -9999.0 -9999.0 -9999.0 -9999.0 -83.038724 -104.914593 5621.992329 -159.339252 -153.822621 -191.129388 -218.059141 -567.439154 -546.140233 -1132.789560 -882.896100 -1326.244186 -1317.388938 -1195.599166 -1312.320336 -1346.892935 -1281.514452 -704.495172 -241.176504 -118.095614 -262.908571 -167.692458 -161.604497 -184.102952 -185.741024 -260.930825 -474.210292 -1625.273967 -24476.760397 -2003.525192 -7306.126286 -483.881841 -606.246971 -35237.304205 -392.749989 -8843.809008 -249.908980 -64.525761 -307.255783 -240.147765 -312.383520 -195.018699 -711.757816 -946.487341 -701.718960 -520.096254 -259.674930 -343.779682 -556.721548 -725.275225
-9999.0 -9999.0 -53.887624 -220.193077 664.953571 -172.755535 -121.402873 -115.551542 527.377783 -65.395733 -123.488009 979.841731 -191.516771 749.409679 -402.771563 143.184295 -171.732834 -189.770946 -181.720125 -556.100153 -1331.636224 -1207.706838 -907.765797 -1498.116171 -1220.212381 -1200.489936 -732.138757 -563.758699 -916.883482 -414.949137 -467.347788 -767.267202 -633.283732 -1164.987808 -1161.119269 -1616.488501 -1457.689921 -2649.531876 -21138.124594 -1878.576245 -38622.528371 -31581.654037 -916.625218 -695.396051 -208.354163 -608.820926 -390.259946 -545.148048 -2594.484145 -962.827424 -1265.867581 -831.397480 -601.154766 -515.699701 -435.081727 -484.877592 -557.949963 -696.782453
