user2019/resources/simulation/Vinschgau/output-maps/psiL0006N1185.asc
ncols         63
nrows         48
xllcorner     598000.000000
yllcorner     5145000.000000
cellsize      1000.000000
NODATA_value  -9999.0
[rows 0 to 25 of 48, columns 0 to 57 of 63]
-9999.0 -9999.0 -9999.0 -9999.0 -9999.0 -9999.0 -9999.0 -9999.0 -9999.0 -9999.0 -9999.0 -9999.0 -9999.0 -9999.0 -9999.0 -9999.0 -9999.0 -9999.0 -9999.0 -9999.0 -9999.0 -9999.0 -9999.0 -9999.0 -9999.0 -9999.0 -9999.0 -9999.0 -9999.0 -9999.0 -9999.0 -9999.0 -9999.0 -9999.0 -9999.0 -9999.0 -9999.0 -9999.0 -9999.0 -9999.0 -9999.0 -9999.0 -9999.0 -9999.0 -9999.0 -9999.0 -9999.0 -9999.0 -9999.0 -9999.0 -9999.0 -9999.0 -9999.0 -9999.0 -9999.0 -9999.0 -9999.0 -9999.0
-9999.0 -9999.0 -9999.0 -9999.0 -9999.0 -9999.0 -9999.0 -9999.0 -9999.0 -9999.0 -9999.0 -9999.0 -9999.0 -9999.0 -9999.0 -9999.0 -9999.0 -9999.0 -9999.0 -9999.0 -9999.0 -9999.0 -9999.0 -9999.0 -9999.0 -9999.0 -9999.0 -782.076731 -29.735514 -768.120874 -24.945926 -43.215995 -12.834113 -9999.0 -9999.0 -9999.0 -9999.0 -9999.0 -9999.0 -9999.0 -9999.0 -9999.0 -9999.0 -9999.0 -9999.0 -9999.0 -9999.0 -9999.0 -9999.0 -9999.0 -9999.0 -9999.0 -9999.0 -9999.0 -9999.0 -9999.0 -9999.0 -9999.0
-9999.0 -9999.0 -9999.0 -9999.0 -9999.0 -9999.0 -9999.0 -9999.0 -9999.0 -9999.0 -9999.0 -9999.0 -9999.0 -9999.0 -9999.0 -9999.0 -9999.0 -9999.0 -9999.0 -9999.0 -9999.0 -9999.0 -9999.0 -9999.0 -106.914258 -130.778314 -117.344703 -136.799446 106.200918 -21.989996 -28.685510 -9999.0 -9999.0 -9999.0 -9999.0 -9999.0 -9999.0 -9999.0 -9999.0 -9999.0 -9999.0 -9999.0 -9999.0 -9999.0 -9999.0 -9999.0 -9999.0 -9999.0 -9999.0 -9999.0 -9999.0 -9999.0 -9999.0 -9999.0 -9999.0 -9999.0 -9999.0 -9999.0
-9999.0 -9999.0 -9999.0 -9999.0 -9999.0 -9999.0 -9999.0 -9999.0 -9999.0 -9999.0 -9999.0 -9999.0 -9999.0 -9999.0 -9999.0 -9999.0 -9999.0 -9999.0 -9999.0 -9999.0 -9999.0 -9999.0 -9999.0 -162.585247 -180.874704 -1041.798280 -1285.810292 -54721.474561 -18607.194814 -34.754776 -32.042823 -26.514707 -9999.0 -9999.0 -9999.0 -9999.0 -9999.0 -9999.0 -9999.0 -9999.0 -9999.0 -9999.0 -9999.0 -9999.0 -9999.0 -9999.0 -9999.0 -9999.0 -9999.0 -9999.0 -9999.0 -9999.0 -9999.0 -9999.0 -9999.0 -9999.0 -9999.0 -9999.0
-9999.0 -9999.0 -9999.0 -9999.0 -9999.0 -9999.0 -9999.0 -9999.0 -9999.0 -9999.0 -9999.0 -9999.0 -9999.0 -9999.0 -9999.0 -9999.0 -9999.0 -9999.0 -489.359913 -260.463015 -9999.0 -190.672942 -218.007237 -37086.294902 -1104.436340 -48358.955966 -495.574267 -523.922292 -442.684403 -485.809823 -12.102154 -27.346902 -791.340675 -775.354990 -9999.0 -9999.0 -9999.0 -9999.0 -9999.0 -9999.0 -9999.0 -9999.0 -9999.0 -9999.0 -9999.0 -9999.0 -9999.0 -9999.0 -9999.0 -9999.0 -9999.0 -9999.0 -9999.0 -9999.0 -9999.0 -9999.0 -9999.0 -9999.0
-9999.0 -9999.0 -9999.0 -9999.0 -9999.0 -9999.0 -9999.0 -9999.0 -9999.0 -9999.0 -9999.0 -9999.0 -9999.0 -9999.0 -9999.0 -9999.0 -9999.0 -1341.171016 -1763.747278 -210043.326977 -782.037304 473.951422 -514.379689 -3968.649412 -563.207200 -506.746588 -312.285883 124.488017 -333.782372 -366.187250 -168.069011 -14.484650 -794.869731 -804.059854 -797.864535 -795.127392 -9999.0 -9999.0 -9999.0 -9999.0 -9999.0 -9999.0 -9999.0 -9999.0 -9999.0 -9999.0 -9999.0 -9999.0 -9999.0 -9999.0 -9999.0 -9999.0 -9999.0 -9999.0 -9999.0 -9999.0 -9999.0 -9999.0
-9999.0 -9999.0 -9999.0 -9999.0 -9999.0 -9999.0 -9999.0 -9999.0 -9999.0 -9999.0 -9999.0 -9999.0 -9999.0 -69.957653 -784.250052 -1078.253595 -1467.212925 -804.765866 -1309.425846 -44876.738869 -1179.735884 -940.533179 -27022.128470 -653.141166 -433.094809 -223.775378 -155458.584799 -255.872799 -330.668081 -288.173112 9315.410999 181.180807 -16.314898 -24.913583 -711.397842 -789.269166 -9999.0 -9999.0 -9999.0 -9999.0 -9999.0 -9999.0 -9999.0 -9999.0 -9999.0 -9999.0 -9999.0 -9999.0 -9999.0 -9999.0 -9999.0 -9999.0 -9999.0 -9999.0 -9999.0 -9999.0 -9999.0 -9999.0
-9999.0 -9999.0 -9999.0 -9999.0 -9999.0 -9999.0 -9999.0 -9999.0 -9999.0 -9999.0 -9999.0 -9999.0 -9999.0 -425.649583 -1287.152746 -1209.070474 -1380.731634 -691.425429 -806.110096 -1419.046236 -19059.201963 -8151.655835 -948.101163 -607.026696 -523.281871 -505.276631 -37.973748 -751.588957 -766.255113 -216.345345 -147.409324 -26.780312 -779.600721 -797.844811 -779.335284 -9999.0 -9999.0 -9999.0 -9999.0 -9999.0 -9999.0 -9999.0 -9999.0 -9999.0 -9999.0 -9999.0 -9999.0 -9999.0 -9999.0 -9999.0 -9999.0 -9999.0 -9999.0 -9999.0 -9999.0 -9999.0 -9999.0 -9999.0
-9999.0 -9999.0 -9999.0 -9999.0 -9999.0 -9999.0 -9999.0 -9999.0 -9999.0 -9999.0 -9999.0 -9999.0 -9999.0 -1356.202790 645.981142 -1165.623877 -1225.880878 -1314.300873 -806.923166 -1385.336684 -777.908813 -152745.659853 -451.731834 -300.428655 -748.159802 -515.339025 -793.746308 -788.910398 -28.324728 -796.276985 -26.003761 -796.303169 -797.949869 -795.132340 -779.010184 -9999.0 -9999.0 -9999.0 -9999.0 -9999.0 -9999.0 -9999.0 -9999.0 -9999.0 -9999.0 -9999.0 -9999.0 -9999.0 -9999.0 -9999.0 -9999.0 -9999.0 -9999.0 -9999.0 -9999.0 -9999.0 -9999.0 -9999.0
-9999.0 -9999.0 -9999.0 -9999.0 -9999.0 -9999.0 -9999.0 -9999.0 -9999.0 -9999.0 -9999.0 -9999.0 -31894.610692 6530.828306 -1336.929590 -1014.251283 -871.285089 -1105.351086 -754.165390 -152822.709717 -1084.604273 -324.277993 -49091.015874 -214.685791 3468.054847 -35.680233 61.280729 -30.585103 -25.386422 -760.576851 -30.506220 -787.647487 -23.727409 -778.202381 -9999.0 -9999.0 -9999.0 -9999.0 -9999.0 -9999.0 -9999.0 -9999.0 -9999.0 -9999.0 -9999.0 -9999.0 -9999.0 -9999.0 -9999.0 -9999.0 -9999.0 -9999.0 -9999.0 -9999.0 -9999.0 -9999.0 -9999.0 -9999.0
-9999.0 -9999.0 -9999.0 -9999.0 -9999.0 -9999.0 -9999.0 -9999.0 -9999.0 -9999.0 -9999.0 -337.985791 -1133.946251 322.388994 -1315.286259 -517.573354 -152657.120899 -1131.472643 -604.682347 -152772.514453 -9123.049768 -603.178487 -45.621611 -38.147944 -266.922322 168.077843 -24.785409 -25.867967 3653.201062 -746.590820 -783.650657 -13.544650 -773.245530 -784.742549 -789.435316 -789.228518 -158.389459 -247.712224 -596.656680 -9999.0 -9999.0 -9999.0 -798.993288 -9999.0 -9999.0 -9999.0 -9999.0 -9999.0 -9999.0 -9999.0 -9999.0 -9999.0 -9999.0 -9999.0 -9999.0 -9999.0 -9999.0 -9999.0
-9999.0 -9999.0 -9999.0 -9999.0 -9999.0 -9999.0 -9999.0 -9999.0 -9999.0 -9999.0 -9999.0 -323.075746 -1206.303954 -60793.484791 -1449.170424 -85.437329 -1943.153918 -2198.377001 -685.799679 -761.810116 -667.151726 -67.259916 -98.543417 -140.060925 -125.506393 -21.256011 -31.975717 -13.211933 -649.393480 -768.073912 -24.774150 -23.404671 -30.461342 -23.614058 -37.240023 -37.823557 -65.300266 -240.712726 -243.043159 -799.891465 -794.935610 -782.569558 -25.489831 -786.908244 -9999.0 -9999.0 -9999.0 853.193693 -23.625576 -783.339006 -24.335858 -796.170085 -795.720198 857.621609 850.648875 -788.353379 -9999.0 -9999.0
-9999.0 -9999.0 -9999.0 -9999.0 -9999.0 -9999.0 -9999.0 -9999.0 -9999.0 -9999.0 -9999.0 -288.051534 -364.944719 -315.501935 -462.897600 -85.259921 -782.066194 -1382.091188 -1225.047436 -798.846158 -715.239996 -441.829003 -185.068925 -39.891996 -24.319766 -775.136291 -141.745458 -16.248480 -778.373568 -26.022954 -780.763672 -134.373614 2.608045 -26.944158 -781.624352 -63.055094 -181.509888 -1602.380350 -261.507476 -803.158779 -211.554924 -331.071203 -34.542939 -28.584640 -28.165012 -9999.0 -781.296122 -23.617194 -24.262675 -21.124163 -20.382861 -751.324461 -26.474919 -23.314099 -21.251624 -24.381845 -9999.0 -9999.0
-9999.0 -9999.0 -9999.0 -9999.0 -9999.0 -9999.0 -9999.0 -9999.0 -9999.0 -9999.0 -9999.0 -9999.0 -281.521798 1523.262205 -441.800394 -449.097777 -775.559398 -1273.456510 -662.954361 -769.989144 -993.752422 -499.914338 -262.569909 -135.221257 -141.499911 -161.443525 2469.664217 -35.096011 -25.039668 -784.746914 -27.516421 -130.347298 -39.879951 -25.469329 -26.925852 -71.019913 -1505.963389 -3316.977646 -413.237269 -604.189653 -649.229589 -799.220737 -264.144817 -44.537693 -793.524222 -25.445745 -790.065645 -24.209835 -206.600833 -135.533793 2186.419576 -98.540672 1573.015975 788.959891 -98.702925 -56.559565 -57.873467 -9999.0
-9999.0 -9999.0 -9999.0 -9999.0 -9999.0 -9999.0 -9999.0 -9999.0 -9999.0 -9999.0 -9999.0 966.185981 -231.864352 -54.770376 -183.931705 -275.669367 -601.241438 -1012.333237 -813.804732 -907.293163 -1098.605314 -570.504688 -120.540349 -256.193013 -179.713912 -149.813993 995.913002 -27.357560 -32.187515 -780.428492 -132.735594 -137.928014 33.428877 -25.215446 -27.711524 -32.688558 -186.178676 -31361.110242 -844.392567 -256.655275 -56294.737492 -1628.703560 -232.581703 -173163.077383 -33.467009 -31.391560 -25.118227 -794.028450 -794.203892 -75162.033550 -148570.528997 -24.681339 -100.177853 -104221.062491 -136232.070028 -797.851021 -777.192170 -9999.0
-9999.0 -9999.0 -9999.0 -9999.0 -9999.0 -9999.0 -9999.0 -9999.0 -9999.0 -9999.0 2351.436313 -143.560031 -225.387736 -255.028022 -344.077593 1095.913324 19.036201 -647.929909 -1088.086465 -885.481334 -641.908145 -429.781886 -181.624714 -247.650135 -250.455727 3055.765219 -174.433575 -149777.605110 -38.205898 -37.022633 -145.083394 -35.602488 -13.719281 -24.312064 -770.805514 -786.648590 -68.795694 -177.022077 -1665.204677 -179.675278 -293.613157 -139563.164372 -318.089402 -352.014059 -203.924394 -781.148354 -12.602773 -248.744561 -159.025336 -255.442459 -150208.114441 -786.592839 -110845.920813 -779.732216 -797.803488 -24.791578 -24.616408 -9999.0
-9999.0 -9999.0 -9999.0 -9999.0 -9999.0 -9999.0 -9999.0 -9999.0 -9999.0 -17.425187 -138.015901 797.318420 -158.605370 -193.161176 810.342989 -157.948618 -192.190155 -423.353174 -1380.807866 -958.883347 -686.270398 -986.563312 -288.135555 -539.105970 -275.749356 -130.333255 -160.330227 -41.879681 -282.185732 -205.012279 168.899927 -798.628812 -754.059958 -790.117499 -781.442569 -785.157155 -7.483100 -152.358584 -160.608627 -173.738753 -199.327193 -267.714161 -166.799785 -909.523638 -243.962664 -367.594041 -48.388565 -278.867861 -255.369372 -111.510528 -3316.300316 -780.734510 -791.267930 -786.655265 -796.451481 -168.559422 -103.872161 -683.782308
-9999.0 -9999.0 -9999.0 -9999.0 -9999.0 -9999.0 -9999.0 -9999.0 -9999.0 -12.706967 -18.762931 -41.028726 4954.359015 -381.006687 -216.788271 -198.939771 -243.207769 -456.350548 -1586.311905 -825.204685 -767.828260 -1278.838448 -474.437613 -239.929128 -130.706699 -180.596586 -196.851017 -198.664680 -87.377152 -282.831196 -82.644545 -136.129830 -22.188739 -25.526879 -25.142450 -785.834723 -780.667586 -768.487480 -40.465805 -16.526181 1004.405385 -141.343874 -253.069905 -234.708301 -673.112422 -510.132472 -518.227097 -472.407837 -758.187665 -317.640524 -981.672610 -273.926115 -795.889854 -21.188437 -471.130324 716.126176 -152.958986 -115.179541
-9999.0 -9999.0 -9999.0 -9999.0 -9999.0 -9999.0 -9999.0 -9999.0 -9999.0 -9999.0 -28.121743 -16.190505 -108.894023 2930.529016 -455.912463 -215.155171 -359.161279 -618.285232 -1803.957650 -935.712516 -730.056077 -678.461105 -405.055429 -154.263612 -187.974538 -210.854369 179.066388 -229.613828 -97.099986 -129.559109 -107.510934 5550.803381 -154.363097 -23.977428 -25.962798 109.113551 -198.078499 -137.552302 -758.890630 -25.701912 -29.844221 -72.182115 5001.091987 -211.721197 -180.784868 -468.621842 -228.129555 -490.553276 -3300.660733 -456.639168 -1356.654414 -3482.604634 -796.705367 -786.470498 -83.815402 -22.364537 469.058327 10771.668853
-9999.0 -9999.0 -9999.0 -9999.0 -9999.0 -9999.0 -9999.0 -9999.0 -9999.0 -9999.0 -24.643078 67.636113 -153.779839 -124.245439 -212.821053 -678.904572 -646.737388 -951.191304 -1161.559924 -1269.226069 -1249.243989 -1125.287194 -382.191140 -234.833000 -190.478588 13.580804 -348.379676 -356.550270 -139.278003 -128.839002 -24.822556 584.437070 -160473.985170 -25.367827 -27.820252 0.000000 3823.665442 -145.816169 -230.592305 -28.512230 -26.265814 -315.996603 -124.763370 -42.787724 -240.477217 -663.974890 -252.202924 -181.785301 -283.771542 -319.074104 -205.267603 -232.488504 -103.990238 -795.784170 -792.300013 -795.017021 -23.596018 -169.508043
-9999.0 -9999.0 -9999.0 -9999.0 -9999.0 -9999.0 -9999.0 -9999.0 457.852312 -31.267072 -45.838369 640.596629 -106.010661 -136.906266 -170.940354 -562.974905 -1409.625407 -1322.238477 -1032.426115 -1406.425418 -1446.174853 -1916.009633 -1640.408498 -1174.467558 -407.050623 -413.246991 -365.992818 -144.850892 -116.985100 -175.002547 -797.267748 -25.054453 -26.036353 -27.145048 -26.338388 -33.184382 -56.413260 -154.094833 -130.343671 -783.774632 -787.040354 -92.583820 -153095.838521 -772.571458 -787.526705 2289.755683 -114.192327 -143.909700 -186.532177 -382.053342 -221.379719 -1094.540165 -112.997575 -214.194255 -797.887461 -24.278952 -731.049187 -183.285294
-9999.0 -9999.0 -9999.0 -9999.0 -9999.0 -9999.0 -9999.0 -9999.0 -20.120208 -128.521114 -263.017677 -26.880702 -22.347244 898.317416 -220.822555 -534.041255 -1064.278956 -1172.951199 -22737.290407 -1401.616756 -714.849290 -944.142619 -1054.327648 -1399.130994 -1580.492273 -821.392100 -386.542644 -130.437758 -148670.989891 -27.500475 -26.534608 -795.530936 -14.352202 -793.315899 192.588866 -124.120804 -49.824900 -162.713473 -227.155379 -22.116599 -26.569438 -140.364032 -790.368401 -33.192162 2780.513667 -125.446375 -151530.666927 -23.147602 -168.803357 -364.188975 -218.422984 -121.574585 -126.419160 -25.849145 -32.253169 -147443.997412 -241.206734 -317.755633
-9999.0 -9999.0 -9999.0 -9999.0 -9999.0 -9999.0 -9999.0 -9999.0 -25.057199 3545.887181 -81.545873 -225.653956 -36.562339 -148670.273036 -182.539028 -177.875099 -729.758989 -1170.152566 -2217.487506 -729.240294 -1412.059768 -1003.846914 -1085.590872 -1278.830973 -885.047236 -1132.978051 -387.655081 -180.107392 -149439.478380 -26.086153 -796.520782 184.220906 -117.445014 -4676.170410 -68.699661 -40.395548 -245.729757 -66.349303 -90.626885 -202.009138 -10.118748 -793.901895 -98.531528 3237.058413 -115.711289 -65.545507 -794.720322 678.229081 -135.202972 -171.562682 -498.886831 -93.388505 -157.525500 -152.756030 -241.317481 -114.968723 172.898063 -326.762903
-9999.0 -9999.0 -9999.0 -9999.0 -9999.0 -9999.0 -9999.0 -9999.0 -792.919479 -11.147154 942.093943 -199702.931342 135.305174 801.614883 -1855.511287 -402.181941 -7466.338362 -2051.921513 -751.002641 -1396.919122 -1343.676482 -1278.890975 -970.391219 -1044.180760 -1076.729086 -728.545472 -317.040909 -156.306284 -192.629489 -259.141322 -262.405190 -235.713122 -148437.834006 -148.857591 -61253.533926 -68.151977 -89.108030 -1190.410091 -168.323449 -328.760895 -46.573865 -42.779374 -34.343691 -790.544515 191.920814 -790.875283 -39.842464 -785.829597 -38.021791 -250.023775 -385.187532 -552.970691 -203.500747 867.641770 179.808863 183.030509 -514.399409 -724.403202
-9999.0 -9999.0 -9999.0 -9999.0 -9999.0 -9999.0 -9999.0 -9999.0 -84.637817 758.313922 5622.891202 -159.352719 -153.790400 -191.156547 -150.971383 -493.079979 -477.425032 -1070.795727 -823.611132 -1192.735653 -1253.061206 -1136.284314 -1271.909176 -1313.515945 -1120.817485 -700.301547 -241.194716 -170.805214 -368.759088 -176.069326 -161.281070 -124.001508 -123.372985 -254.122927 -354.897265 -840.088042 -14473.747271 -1736.656388 -1209.951996 -364.750219 -388.782237 -13244.963673 -290.746228 -136026.619846 -241.110261 -47.203058 -270.779513 -231.506053 -279.078601 -197.182737 -454.067892 -882.030741 -631.272782 -455.482104 -138.753899 -250.991258 -481.459700 -642.457964
-9999.0 -9999.0 -45.447471 -61.896073 665.131092 -172.772189 -121.427199 -115.573763 701.227649 489.654711 -123.512207 975.013315 -191.541219 81.517962 -286.328029 162.393788 -167.019783 -189.794543 -182.139995 -558.459851 -1199.129287 -1123.764741 -815.889779 -1472.644566 -1174.004676 -1116.754782 -724.507238 -581.428295 -821.280105 -295.065400 -443.964505 -685.019867 -540.065895 -1067.823870 -1008.194180 -1369.647311 -1358.461477 -2360.032769 -17851.660942 -809.305568 -29081.208414 -18786.495198 -553.301245 -551.275204 -197.406295 -434.416446 -294.474811 -507.401558 -1006.897858 -774.623126 -1133.143804 -762.649881 -530.367801 -453.825554 -370.561329 -417.346672 -488.617889 -616.441286
