user2019/resources/simulation/Vinschgau/output-maps/psiL0008N0544.asc
ncols         63
nrows         48
xllcorner     598000.000000
yllcorner     5145000.000000
cellsize      1000.000000
NODATA_value  -9999.0
[rows 0 to 25 of 48, columns 0 to 57 of 63]
-9999.0 -9999.0 -9999.0 -9999.0 -9999.0 -9999.0 -9999.0 -9999.0 -9999.0 -9999.0 -9999.0 -9999.0 -9999.0 -9999.0 -9999.0 -9999.0 -9999.0 -9999.0 -9999.0 -9999.0 -9999.0 -9999.0 -9999.0 -9999.0 -9999.0 -9999.0 -9999.0 -9999.0 -9999.0 -9999.0 -9999.0 -9999.0 -9999.0 -9999.0 -9999.0 -9999.0 -9999.0 -9999.0 -9999.0 -9999.0 -9999.0 -9999.0 -9999.0 -9999.0 -9999.0 -9999.0 -9999.0 -9999.0 -9999.0 -9999.0 -9999.0 -9999.0 -9999.0 -9999.0 -9999.0 -9999.0 -9999.0 -9999.0
-9999.0 -9999.0 -9999.0 -9999.0 -9999.0 -9999.0 -9999.0 -9999.0 -9999.0 -9999.0 -9999.0 -9999.0 -9999.0 -9999.0 -9999.0 -9999.0 -9999.0 -9999.0 -9999.0 -9999.0 -9999.0 -9999.0 -9999.0 -9999.0 -9999.0 -9999.0 -9999.0 -252.601849 -252.608769 -252.639575 -253.619623 -253.796363 -253.784666 -9999.0 -9999.0 -9999.0 -9999.0 -9999.0 -9999.0 -9999.0 -9999.0 -9999.0 -9999.0 -9999.0 -9999.0 -9999.0 -9999.0 -9999.0 -9999.0 -9999.0 -9999.0 -9999.0 -9999.0 -9999.0 -9999.0 -9999.0 -9999.0 -9999.0
-9999.0 -9999.0 -9999.0 -9999.0 -9999.0 -9999.0 -9999.0 -9999.0 -9999.0 -9999.0 -9999.0 -9999.0 -9999.0 -9999.0 -9999.0 -9999.0 -9999.0 -9999.0 -9999.0 -9999.0 -9999.0 -9999.0 -9999.0 -9999.0 -252.292837 -252.381214 -252.061719 -251.765960 -250.184150 -252.596444 -253.276113 -9999.0 -9999.0 -9999.0 -9999.0 -9999.0 -9999.0 -9999.0 -9999.0 -9999.0 -9999.0 -9999.0 -9999.0 -9999.0 -9999.0 -9999.0 -9999.0 -9999.0 -9999.0 -9999.0 -9999.0 -9999.0 -9999.0 -9999.0 -9999.0 -9999.0 -9999.0 -9999.0
-9999.0 -9999.0 -9999.0 -9999.0 -9999.0 -9999.0 -9999.0 -9999.0 -9999.0 -9999.0 -9999.0 -9999.0 -9999.0 -9999.0 -9999.0 -9999.0 -9999.0 -9999.0 -9999.0 -9999.0 -9999.0 -9999.0 -9999.0 -252.393206 -251.541466 -235.030603 -253.059122 -269.269921 -267.130126 -252.624449 -252.618466 -252.591783 -9999.0 -9999.0 -9999.0 -9999.0 -9999.0 -9999.0 -9999.0 -9999.0 -9999.0 -9999.0 -9999.0 -9999.0 -9999.0 -9999.0 -9999.0 -9999.0 -9999.0 -9999.0 -9999.0 -9999.0 -9999.0 -9999.0 -9999.0 -9999.0 -9999.0 -9999.0
-9999.0 -9999.0 -9999.0 -9999.0 -9999.0 -9999.0 -9999.0 -9999.0 -9999.0 -9999.0 -9999.0 -9999.0 -9999.0 -9999.0 -9999.0 -9999.0 -9999.0 -9999.0 -155.266461 -252.298306 -9999.0 -252.244850 -251.805551 -267.748477 -252.597196 -271.871393 -193.377110 -171.080912 -158.612271 -252.788837 -252.627656 -252.611395 -252.687810 -252.685790 -9999.0 -9999.0 -9999.0 -9999.0 -9999.0 -9999.0 -9999.0 -9999.0 -9999.0 -9999.0 -9999.0 -9999.0 -9999.0 -9999.0 -9999.0 -9999.0 -9999.0 -9999.0 -9999.0 -9999.0 -9999.0 -9999.0 -9999.0 -9999.0
-9999.0 -9999.0 -9999.0 -9999.0 -9999.0 -9999.0 -9999.0 -9999.0 -9999.0 -9999.0 -9999.0 -9999.0 -9999.0 -9999.0 -9999.0 -9999.0 -9999.0 -761.296381 -152795.156592 -270.400066 -252.846505 -229.528709 -252.762756 -266.273228 -172.619452 -142245.024450 -68160.529192 -252.560754 -70807.652288 -180.966632 -249.507850 -252.623041 -252.872305 -252.722643 -253.708087 -253.842569 -9999.0 -9999.0 -9999.0 -9999.0 -9999.0 -9999.0 -9999.0 -9999.0 -9999.0 -9999.0 -9999.0 -9999.0 -9999.0 -9999.0 -9999.0 -9999.0 -9999.0 -9999.0 -9999.0 -9999.0 -9999.0 -9999.0
-9999.0 -9999.0 -9999.0 -9999.0 -9999.0 -9999.0 -9999.0 -9999.0 -9999.0 -9999.0 -9999.0 -9999.0 -9999.0 -252.598346 -252.568288 -3148.382017 -6364.126156 -252.730099 -734.252830 -268.539903 -252.736204 -252.798930 -270.442444 -251.084344 -118486.784369 -252.312036 -260.681004 -259.057922 -258.834403 -252.577896 -85.948739 -251.606755 -253.047348 -253.899814 -253.861447 -253.836170 -9999.0 -9999.0 -9999.0 -9999.0 -9999.0 -9999.0 -9999.0 -9999.0 -9999.0 -9999.0 -9999.0 -9999.0 -9999.0 -9999.0 -9999.0 -9999.0 -9999.0 -9999.0 -9999.0 -9999.0 -9999.0 -9999.0
-9999.0 -9999.0 -9999.0 -9999.0 -9999.0 -9999.0 -9999.0 -9999.0 -9999.0 -9999.0 -9999.0 -9999.0 -9999.0 -251.536397 -252.448728 -5671.345048 -6207.834527 -148.765482 -252.801040 -253.990924 -147498.385045 -252.607922 -147173.834943 -148531.373827 -252.584116 -262.595478 -252.616823 -253.784383 -253.837782 -257.059782 -252.580289 -253.873202 -253.863599 -253.864307 -253.861854 -9999.0 -9999.0 -9999.0 -9999.0 -9999.0 -9999.0 -9999.0 -9999.0 -9999.0 -9999.0 -9999.0 -9999.0 -9999.0 -9999.0 -9999.0 -9999.0 -9999.0 -9999.0 -9999.0 -9999.0 -9999.0 -9999.0 -9999.0
-9999.0 -9999.0 -9999.0 -9999.0 -9999.0 -9999.0 -9999.0 -9999.0 -9999.0 -9999.0 -9999.0 -9999.0 -9999.0 -252.739876 -196.577700 -230.400170 -3888.383803 -5807.218709 -252.831157 -653.783324 -249.444346 -264.056358 -128570.907368 -113954.366614 -252.644093 -252.559950 -252.639962 -253.807051 -252.614596 -253.865279 -253.840168 -253.864006 -253.854894 -253.870930 -253.875228 -9999.0 -9999.0 -9999.0 -9999.0 -9999.0 -9999.0 -9999.0 -9999.0 -9999.0 -9999.0 -9999.0 -9999.0 -9999.0 -9999.0 -9999.0 -9999.0 -9999.0 -9999.0 -9999.0 -9999.0 -9999.0 -9999.0 -9999.0
-9999.0 -9999.0 -9999.0 -9999.0 -9999.0 -9999.0 -9999.0 -9999.0 -9999.0 -9999.0 -9999.0 -9999.0 -263.855016 -52.183879 -252.429404 -252.606787 -1318.975984 -3004.991180 -148.346379 -272.435949 -252.766881 -252.685433 -261.381779 -252.612046 -88.253279 -253.744106 -252.267060 -252.604533 -252.618369 -253.830633 -253.839351 -252.640895 -252.669762 -253.623864 -9999.0 -9999.0 -9999.0 -9999.0 -9999.0 -9999.0 -9999.0 -9999.0 -9999.0 -9999.0 -9999.0 -9999.0 -9999.0 -9999.0 -9999.0 -9999.0 -9999.0 -9999.0 -9999.0 -9999.0 -9999.0 -9999.0 -9999.0 -9999.0
-9999.0 -9999.0 -9999.0 -9999.0 -9999.0 -9999.0 -9999.0 -9999.0 -9999.0 -9999.0 -9999.0 -252.073958 -252.559577 -166.124197 -252.639342 -252.031022 -261.139696 -2688.269249 732.238549 -271.333324 -152872.626680 -173.664078 -252.609852 -253.576628 -260.887587 -252.648072 -253.776052 -252.600496 -157.294062 -253.828869 -252.687114 -252.638656 -253.016671 -253.602914 -252.831597 -252.668798 -252.804525 -252.757678 -252.655981 -9999.0 -9999.0 -9999.0 -253.596691 -9999.0 -9999.0 -9999.0 -9999.0 -9999.0 -9999.0 -9999.0 -9999.0 -9999.0 -9999.0 -9999.0 -9999.0 -9999.0 -9999.0 -9999.0
-9999.0 -9999.0 -9999.0 -9999.0 -9999.0 -9999.0 -9999.0 -9999.0 -9999.0 -9999.0 -9999.0 -252.208980 -252.574064 -262.642193 -252.557287 -253.226561 -252.612714 -152862.255720 412.307398 703.738165 -248.087082 -252.577780 -251.077111 -252.598979 -252.531031 -253.560161 -252.625406 -252.633619 -252.697975 -253.637714 -252.633553 -252.580288 -252.725129 -252.689709 -252.668872 -252.750874 -252.649161 -252.671699 -252.592525 -252.716211 -252.793755 -253.009992 -252.728219 -253.620456 -9999.0 -9999.0 -9999.0 690.535907 -252.466513 -252.558624 -252.552786 -252.551288 -252.532377 679.533091 715.803260 -253.522510 -9999.0 -9999.0
-9999.0 -9999.0 -9999.0 -9999.0 -9999.0 -9999.0 -9999.0 -9999.0 -9999.0 -9999.0 -9999.0 -251.420658 -252.352315 -255.412571 -177.036229 -252.744647 -252.534726 -2610.688551 -248.446868 336.511956 239.419737 -262.046309 -252.553315 -250.808967 -253.612066 -252.732704 -252.552443 -252.556955 -253.639837 -253.461583 -253.732451 -256.599054 -252.651685 -252.680408 -253.138418 -252.695369 -253.832594 -269.128993 -252.670721 -252.807869 -252.587458 -252.776480 -252.750923 -252.642834 -252.612707 -9999.0 -253.415876 -252.428370 -252.567519 -252.566692 -252.593922 -252.590713 -252.594124 -251.223680 -251.706925 -252.064130 -9999.0 -9999.0
-9999.0 -9999.0 -9999.0 -9999.0 -9999.0 -9999.0 -9999.0 -9999.0 -9999.0 -9999.0 -9999.0 -9999.0 -251.939035 -198.432783 -252.007643 -251.981539 -699.133838 -2325.996436 -126.474410 459.268602 -108401.088599 -263.517928 -263.375434 -252.514152 -252.600072 -252.561767 -151.827297 -253.672673 -253.461279 -252.642376 -252.626209 -252.598938 -252.659767 -252.656447 -253.316744 -252.736411 -254.583529 -258.399729 -252.689365 -252.723376 -252.579294 -252.764529 -262.984035 -250.957372 -252.689768 -252.591775 -252.601690 -252.560704 -256.109094 -252.542061 -161.499040 -252.422007 1157.899393 -181.069845 -252.532252 -252.315557 -252.084238 -9999.0
-9999.0 -9999.0 -9999.0 -9999.0 -9999.0 -9999.0 -9999.0 -9999.0 -9999.0 -9999.0 -9999.0 -201.230350 -252.453938 -252.704628 -252.498674 -252.511988 -252.477733 -1810.936703 -245.253478 4.295025 -146984.156174 -72035.722822 -252.522947 -257.639758 -252.563174 -252.405192 -184.278260 -253.644917 -252.649215 -252.686528 -252.563457 -252.528386 -252.545445 -252.639675 -253.743364 -252.710787 -252.993333 -265.463792 -516.302967 -252.696683 -266.786447 -256.032140 -252.638311 -267.420786 -252.587777 -252.595295 -252.563098 -252.615334 -252.584209 -264.657623 -256.536068 -252.840084 -252.561643 -253.830388 -253.400808 -253.633572 -252.563443 -9999.0
-9999.0 -9999.0 -9999.0 -9999.0 -9999.0 -9999.0 -9999.0 -9999.0 -9999.0 -9999.0 -100.748748 -252.501162 -251.010103 -252.142547 -250.995029 -229.476048 -243.804542 -1057.805386 -2099.301792 -159.080716 716.207563 682.265937 -35015.812238 -251.078798 -252.546823 -115.692050 -255.089237 -257.905940 -252.678315 -252.591656 -252.475936 -252.129810 -252.630375 -253.435477 -253.850544 -252.820495 -252.850211 -253.459468 -7878.230272 -253.151277 -268.677517 -264.874573 -253.596713 -64.976936 -252.585519 -252.707820 -252.570125 -262.945878 -252.516212 -252.555915 -258.443131 -253.590607 -253.452319 -253.621300 -253.545209 -252.414884 -252.425623 -9999.0
-9999.0 -9999.0 -9999.0 -9999.0 -9999.0 -9999.0 -9999.0 -9999.0 -9999.0 -252.733404 -168.286846 -185.350097 -252.438574 -252.569635 -189.930981 -252.509640 -252.594937 -249.418443 -150369.808793 -584.420885 537.544785 -148867.873170 -149298.880431 -252.608970 -205.111375 -845.607565 -252.740580 -252.583629 -263.661177 -252.551602 -252.500678 -870.430241 -253.813790 -253.823962 -253.456494 -253.667595 -252.634599 -252.690382 -253.081185 -252.568028 -49237.048752 -935.198372 -1284.717391 -138718.397112 -152551.851273 -265.525143 -252.555936 -265.069352 -263.017814 -161.980540 -261.421439 -252.582181 -253.625880 -253.354553 -252.876811 -254.054227 -251.465943 -252.599921
-9999.0 -9999.0 -9999.0 -9999.0 -9999.0 -9999.0 -9999.0 -9999.0 -9999.0 -252.703570 -252.655768 -252.636735 -83.920320 -252.555554 -252.567935 -252.564639 -249.352534 -252.591364 -151912.997025 -128.833106 13.978803 -251.699467 -177.821142 -250.966951 -996.644504 -252.695430 -252.582996 -252.560052 -252.442183 -165.450730 -252.606039 -809.943396 -253.590653 -252.615263 -252.629435 -252.809774 -252.715982 -252.726140 -253.670526 -252.614894 -204.638748 -254.910076 -252.781945 -252.602826 -118.738839 -204.588007 -252.630740 -267.797778 -266.442378 -252.555838 -1017.435778 -253.575222 -253.457720 -253.457471 -253.525919 -205.586927 -255.096236 -252.352216
-9999.0 -9999.0 -9999.0 -9999.0 -9999.0 -9999.0 -9999.0 -9999.0 -9999.0 -9999.0 -252.623134 -252.627144 -252.472073 2008.867696 -264.661562 -252.583294 -252.539956 -252.522653 -151893.279619 -381.258263 128.879494 -151946.833300 -4811.513793 -2289.683821 -252.656971 -252.589574 -252.489661 -252.455084 -252.596844 -600.399594 -645.798068 -89.753182 -253.597402 -253.636341 -252.647441 -252.534607 -252.348247 -251.779882 -252.653035 -253.697191 -253.776165 -251.292358 -104.674000 -257.679965 -4042.860033 -18661.956806 -147063.765009 -162.475056 -271.609996 -266.118717 -31959.244577 -260.163683 -252.554662 -253.448475 -252.469543 -253.161118 -251.887795 10247.026832
-9999.0 -9999.0 -9999.0 -9999.0 -9999.0 -9999.0 -9999.0 -9999.0 -9999.0 -9999.0 -252.614457 -252.623682 -252.040033 -252.476148 391.695476 -125518.448853 -116690.061016 -2271.836462 -5652.184010 -464.510075 -4974.180026 -149526.297583 -82560.380209 -253.159623 -252.668725 -252.497371 -158.035212 -26831.854523 -719.174971 -253.359696 -253.608434 -251.166290 -258.472145 -253.626772 -253.612755 -251.960810 -160.910819 -252.562662 -256.625749 -253.527409 -252.582523 -252.588750 -252.534314 -253.474710 -173.217670 -2336.737950 -252.508579 -25630.185215 -152822.230750 -269.550241 -274.850804 -258.823514 -252.463911 -252.551031 -253.593600 -252.555005 -252.769093 -256.489638
-9999.0 -9999.0 -9999.0 -9999.0 -9999.0 -9999.0 -9999.0 -9999.0 -251.004992 -252.600587 -252.775876 -251.741317 -252.366194 -252.488670 -1844.175704 -12.458189 -145607.484617 -251.407195 -375.730684 -484.683105 -7219.058827 -152898.266195 -152742.048983 -149577.336354 -252.833948 -1268.164783 -135.474824 -827.859007 -252.451780 -253.507266 -253.752986 -253.584766 -253.321404 -253.128959 -252.584333 -253.690615 -252.574519 -252.557377 -614.639576 -252.623256 -253.398348 -251.849139 -255.643342 -253.732938 -252.591011 -169.676755 -674.414447 -252.503962 -95942.252416 529.900959 -252.873222 -130243.047656 -252.441176 -253.727512 -252.597322 -252.491862 -252.597423 -247.684494
-9999.0 -9999.0 -9999.0 -9999.0 -9999.0 -9999.0 -9999.0 -9999.0 -255.582493 -252.430596 -255.268868 -253.289715 -252.704732 -244.811010 -1214.432463 -22903.930443 -144266.949262 -144918.767826 -152194.159297 -497.619063 0.000000 -242.976807 -203.196189 -252.037807 -152888.292840 -2071.928821 -656.745561 -252.409928 -256.907537 -252.578478 -252.582911 -252.657645 -252.570642 -252.588576 -251.155641 -250.932475 -252.552825 -252.488763 -257.506113 -252.570502 -253.104686 -253.706774 -253.596364 -252.564554 -143.789608 -252.496827 -255.243330 -253.400284 -257.835133 -149013.136323 -252.930432 -252.406381 -1008.736413 -252.310623 -252.602252 -265.638045 -262.888855 -263.814400
-9999.0 -9999.0 -9999.0 -9999.0 -9999.0 -9999.0 -9999.0 -9999.0 -252.681429 -193.581814 -252.559149 -254.194047 -249.063652 -255.867851 -252.460332 -77124.619519 -147592.493241 -253.121792 -152392.130874 31.841692 -499.472194 -237.097497 -227.798199 -239.778230 -171.706810 -152086.203051 -77948.955618 -866.236302 -259.052355 -252.645995 -252.642460 -249.839079 -252.563307 -257.686233 -250.739651 -252.492044 -257.483622 -139967.435040 -951.454771 -255.318677 -252.565693 -252.584231 -251.492510 -174.471803 -252.556435 -252.179945 -252.572571 -251.976243 -252.562654 -76694.764201 381.654660 -252.750375 -51389.441124 -7419.840134 -263.388308 -251.988595 -252.061689 -252.277961
-9999.0 -9999.0 -9999.0 -9999.0 -9999.0 -9999.0 -9999.0 -9999.0 -253.724116 -252.593880 621.489912 -259.300394 -249.549617 -172.184641 -126037.331160 -146813.487497 -152553.299106 -145020.864094 0.000000 -671.943326 -481.545179 -443.105909 -189.198170 -175.250655 -3147.486484 -128067.903911 -3852.511940 -2594.808074 -251.195659 -262.347938 -260.696845 -260.898093 -266.154252 -252.468256 -258.274674 -252.598121 -252.603519 -114188.374507 -9472.406009 -255.958879 -252.569557 -252.559615 -252.563645 -252.642281 -252.215873 -252.576253 -252.589404 -252.587526 -252.612072 -262.406526 -51891.581352 -142758.073591 -252.750449 -148.983424 -251.984274 -251.755223 -252.910950 608.349671
-9999.0 -9999.0 -9999.0 -9999.0 -9999.0 -9999.0 -9999.0 -9999.0 -252.339870 -251.125316 -46.341806 -25177.919851 -99601.275561 -98957.900499 -246.013487 -167.843779 238.153670 -142835.742352 -24933.413192 -149985.814824 -5488.417249 -433.613622 -420.017646 -400.218129 -252.095790 -140574.465936 -22585.175000 -252.598744 -252.581505 -252.448493 -21910.819430 -252.383195 -266.002608 -252.405147 -261.711546 -262.198834 -262.926995 -136449.773820 -144112.511139 -252.423725 -260.685113 -263.483106 -263.176777 -264.669180 -257.103616 -252.587607 -262.734180 -264.007761 -263.810963 -266.499800 -269.830252 -152416.293571 -142718.133359 -252.410152 -247.065097 786.771179 645.075091 638.357122
-9999.0 -9999.0 -252.641711 -251.975034 -251.200535 -252.612290 -252.404935 -252.501955 -250.934784 -251.249441 -252.398357 477.789976 -101890.410453 -252.012567 -238.263646 191.993253 -43822.124186 -857.059314 -252.583404 -32627.078526 -151755.291408 -3130.522134 5.292843 -617.192006 -421.967344 -152827.962978 -147655.616920 -147005.229569 -151879.053526 -249.439355 -114032.422401 -106884.085606 -118.807450 -145556.515483 -252.425036 -97593.980894 -252.447150 -140155.628008 -140486.794976 -37823.247092 -264.348755 -265.876399 -152657.122841 -253.048588 -124064.402677 -264.860309 -252.412974 -1126.720530 -270.554500 -252.570051 -252.595222 28.206903 670.159644 616.016413 640.269362 743.114629 653.582188 -126.511627
