user2019/resources/simulation/Vinschgau/output-maps/psiL0008N0429.asc
ncols         63
nrows         48
xllcorner     598000.000000
yllcorner     5145000.000000
cellsize      1000.000000
NODATA_value  -9999.0
[rows 0 to 25 of 48, columns 0 to 58 of 63]
-9999.0 -9999.0 -9999.0 -9999.0 -9999.0 -9999.0 -9999.0 -9999.0 -9999.0 -9999.0 -9999.0 -9999.0 -9999.0 -9999.0 -9999.0 -9999.0 -9999.0 -9999.0 -9999.0 -9999.0 -9999.0 -9999.0 -9999.0 -9999.0 -9999.0 -9999.0 -9999.0 -9999.0 -9999.0 -9999.0 -9999.0 -9999.0 -9999.0 -9999.0 -9999.0 -9999.0 -9999.0 -9999.0 -9999.0 -9999.0 -9999.0 -9999.0 -9999.0 -9999.0 -9999.0 -9999.0 -9999.0 -9999.0 -9999.0 -9999.0 -9999.0 -9999.0 -9999.0 -9999.0 -9999.0 -9999.0 -9999.0 -9999.0 -9999.0
-9999.0 -9999.0 -9999.0 -9999.0 -9999.0 -9999.0 -9999.0 -9999.0 -9999.0 -9999.0 -9999.0 -9999.0 -9999.0 -9999.0 -9999.0 -9999.0 -9999.0 -9999.0 -9999.0 -9999.0 -9999.0 -9999.0 -9999.0 -9999.0 -9999.0 -9999.0 -9999.0 -252.601856 -252.609940 -252.639771 -253.621633 -253.797543 -253.787122 -9999.0 -9999.0 -9999.0 -9999.0 -9999.0 -9999.0 -9999.0 -9999.0 -9999.0 -9999.0 -9999.0 -9999.0 -9999.0 -9999.0 -9999.0 -9999.0 -9999.0 -9999.0 -9999.0 -9999.0 -9999.0 -9999.0 -9999.0 -9999.0 -9999.0 -9999.0
-9999.0 -9999.0 -9999.0 -9999.0 -9999.0 -9999.0 -9999.0 -9999.0 -9999.0 -9999.0 -9999.0 -9999.0 -9999.0 -9999.0 -9999.0 -9999.0 -9999.0 -9999.0 -9999.0 -9999.0 -9999.0 -9999.0 -9999.0 -9999.0 -252.544305 -252.592079 -252.581605 -252.599306 -252.558812 -252.624499 -253.276512 -9999.0 -9999.0 -9999.0 -9999.0 -9999.0 -9999.0 -9999.0 -9999.0 -9999.0 -9999.0 -9999.0 -9999.0 -9999.0 -9999.0 -9999.0 -9999.0 -9999.0 -9999.0 -9999.0 -9999.0 -9999.0 -9999.0 -9999.0 -9999.0 -9999.0 -9999.0 -9999.0 -9999.0
-9999.0 -9999.0 -9999.0 -9999.0 -9999.0 -9999.0 -9999.0 -9999.0 -9999.0 -9999.0 -9999.0 -9999.0 -9999.0 -9999.0 -9999.0 -9999.0 -9999.0 -9999.0 -9999.0 -9999.0 -9999.0 -9999.0 -9999.0 -252.553993 -252.513950 -235.791777 -252.494292 -256.879441 -255.612973 -252.625330 -252.619504 -252.592142 -9999.0 -9999.0 -9999.0 -9999.0 -9999.0 -9999.0 -9999.0 -9999.0 -9999.0 -9999.0 -9999.0 -9999.0 -9999.0 -9999.0 -9999.0 -9999.0 -9999.0 -9999.0 -9999.0 -9999.0 -9999.0 -9999.0 -9999.0 -9999.0 -9999.0 -9999.0 -9999.0
-9999.0 -9999.0 -9999.0 -9999.0 -9999.0 -9999.0 -9999.0 -9999.0 -9999.0 -9999.0 -9999.0 -9999.0 -9999.0 -9999.0 -9999.0 -9999.0 -9999.0 -9999.0 -206.466027 -252.506455 -9999.0 -252.555387 -252.559891 -255.870391 -252.378616 -259.223518 -230.236282 -225.709728 -196.335628 -252.591170 -252.630495 -252.613886 -252.686538 -252.676327 -9999.0 -9999.0 -9999.0 -9999.0 -9999.0 -9999.0 -9999.0 -9999.0 -9999.0 -9999.0 -9999.0 -9999.0 -9999.0 -9999.0 -9999.0 -9999.0 -9999.0 -9999.0 -9999.0 -9999.0 -9999.0 -9999.0 -9999.0 -9999.0 -9999.0
-9999.0 -9999.0 -9999.0 -9999.0 -9999.0 -9999.0 -9999.0 -9999.0 -9999.0 -9999.0 -9999.0 -9999.0 -9999.0 -9999.0 -9999.0 -9999.0 -9999.0 -478.306240 -1294.065733 -258.282016 -252.843247 -248.356801 -252.582134 -253.894725 -197.331218 -323.627258 -278.290050 -252.576137 -276.756036 -241.399641 -252.476452 -252.635662 -252.872682 -252.722973 -253.708127 -253.851803 -9999.0 -9999.0 -9999.0 -9999.0 -9999.0 -9999.0 -9999.0 -9999.0 -9999.0 -9999.0 -9999.0 -9999.0 -9999.0 -9999.0 -9999.0 -9999.0 -9999.0 -9999.0 -9999.0 -9999.0 -9999.0 -9999.0 -9999.0
-9999.0 -9999.0 -9999.0 -9999.0 -9999.0 -9999.0 -9999.0 -9999.0 -9999.0 -9999.0 -9999.0 -9999.0 -9999.0 -252.599238 -252.555770 -346.629850 -544.100525 -252.734313 -466.729977 -256.898764 -252.488067 -252.477342 -258.227217 -252.078950 -306.570901 -252.627915 -252.721868 -252.609198 -252.625892 -252.586334 -252.516841 -252.593170 -253.050890 -253.905473 -253.862115 -253.865898 -9999.0 -9999.0 -9999.0 -9999.0 -9999.0 -9999.0 -9999.0 -9999.0 -9999.0 -9999.0 -9999.0 -9999.0 -9999.0 -9999.0 -9999.0 -9999.0 -9999.0 -9999.0 -9999.0 -9999.0 -9999.0 -9999.0 -9999.0
-9999.0 -9999.0 -9999.0 -9999.0 -9999.0 -9999.0 -9999.0 -9999.0 -9999.0 -9999.0 -9999.0 -9999.0 -9999.0 -252.514802 -252.420156 -379.073482 -380.530076 -201.650744 -252.805406 -252.698936 -57039.803865 -252.602377 -502.607316 -364.377797 -252.578615 -252.668324 -252.616563 -253.784765 -253.838047 -252.700622 -252.594948 -253.879378 -253.876735 -253.879297 -253.875542 -9999.0 -9999.0 -9999.0 -9999.0 -9999.0 -9999.0 -9999.0 -9999.0 -9999.0 -9999.0 -9999.0 -9999.0 -9999.0 -9999.0 -9999.0 -9999.0 -9999.0 -9999.0 -9999.0 -9999.0 -9999.0 -9999.0 -9999.0 -9999.0
-9999.0 -9999.0 -9999.0 -9999.0 -9999.0 -9999.0 -9999.0 -9999.0 -9999.0 -9999.0 -9999.0 -9999.0 -9999.0 -252.579627 -251.388407 -237.658212 -310.809485 -412.352760 -252.836528 -410.416248 -252.407423 -253.110559 -326.038207 -300.847741 -252.578571 -252.574207 -252.640295 -253.807733 -252.616547 -253.872621 -253.845420 -253.867829 -253.861093 -253.870933 -253.885033 -9999.0 -9999.0 -9999.0 -9999.0 -9999.0 -9999.0 -9999.0 -9999.0 -9999.0 -9999.0 -9999.0 -9999.0 -9999.0 -9999.0 -9999.0 -9999.0 -9999.0 -9999.0 -9999.0 -9999.0 -9999.0 -9999.0 -9999.0 -9999.0
-9999.0 -9999.0 -9999.0 -9999.0 -9999.0 -9999.0 -9999.0 -9999.0 -9999.0 -9999.0 -9999.0 -9999.0 -252.967247 -205.041393 -252.432816 -252.609966 -266.392565 -337.094974 -189.214366 -260.095802 -252.633365 -252.612194 -252.699040 -252.589145 -237.054070 -253.743598 -252.584880 -252.605074 -252.636443 -253.834445 -253.845704 -252.640807 -252.673758 -253.640714 -9999.0 -9999.0 -9999.0 -9999.0 -9999.0 -9999.0 -9999.0 -9999.0 -9999.0 -9999.0 -9999.0 -9999.0 -9999.0 -9999.0 -9999.0 -9999.0 -9999.0 -9999.0 -9999.0 -9999.0 -9999.0 -9999.0 -9999.0 -9999.0 -9999.0
-9999.0 -9999.0 -9999.0 -9999.0 -9999.0 -9999.0 -9999.0 -9999.0 -9999.0 -9999.0 -9999.0 -252.560101 -252.574037 -239.691488 -252.606230 -252.582768 -252.940723 -310.061209 475.130007 -258.979517 -776.313350 -231.320910 -252.616377 -253.577279 -252.654232 -252.651335 -253.783516 -252.606118 -252.459658 -253.851029 -252.686854 -252.653307 -253.016973 -253.602922 -252.831754 -252.669077 -252.804415 -252.757795 -252.656123 -9999.0 -9999.0 -9999.0 -253.596713 -9999.0 -9999.0 -9999.0 -9999.0 -9999.0 -9999.0 -9999.0 -9999.0 -9999.0 -9999.0 -9999.0 -9999.0 -9999.0 -9999.0 -9999.0 -9999.0
-9999.0 -9999.0 -9999.0 -9999.0 -9999.0 -9999.0 -9999.0 -9999.0 -9999.0 -9999.0 -9999.0 -252.577550 -252.580851 -252.697555 -252.562438 -253.234471 -252.611496 -596.056489 231.708432 106.974602 -252.105403 -252.587997 -252.544743 -252.620477 -252.603102 -253.561619 -252.628363 -252.647793 -252.698474 -253.636471 -252.641943 -252.640355 -252.725932 -252.691422 -252.668298 -252.752227 -252.650125 -252.672281 -252.592448 -252.715974 -252.793576 -253.009591 -252.732955 -253.620528 -9999.0 -9999.0 -9999.0 -654.182806 -252.503838 -252.558562 -252.554114 -252.550945 -252.548465 -392.162555 -355.163613 -253.527379 -9999.0 -9999.0 -9999.0
-9999.0 -9999.0 -9999.0 -9999.0 -9999.0 -9999.0 -9999.0 -9999.0 -9999.0 -9999.0 -9999.0 -252.567104 -252.597653 -252.747154 -249.089094 -252.747357 -252.574790 -313.371875 -252.147554 163.348470 -448.313240 -253.225237 -252.580301 -252.533329 -253.613095 -252.729300 -252.598789 -252.726233 -253.639741 -253.462136 -253.732430 -252.746398 -252.657573 -252.680728 -253.138526 -252.696951 -252.642267 -257.132816 -252.670924 -252.803105 -252.587883 -252.775171 -252.754917 -252.645066 -252.612785 -9999.0 -253.435507 -252.488875 -252.572955 -252.582801 -252.593278 -252.588764 -252.593593 -251.353465 -251.789750 -252.067284 -9999.0 -9999.0 -9999.0
-9999.0 -9999.0 -9999.0 -9999.0 -9999.0 -9999.0 -9999.0 -9999.0 -9999.0 -9999.0 -9999.0 -9999.0 -252.559368 -251.141771 -252.498420 -252.532602 -268.921371 -319.957604 -185.954185 188.146903 -476.153782 -254.032316 -254.339730 -252.578620 -252.646431 -252.589508 -250.705434 -253.672668 -253.463196 -252.642306 -252.631259 -252.644825 -252.659921 -252.658578 -253.317476 -252.737498 -252.926877 -253.031300 -252.715043 -252.712599 -252.582581 -252.761276 -253.115454 -252.447153 -252.688989 -252.593361 -252.601465 -252.561591 -252.595301 -252.596376 -222.460114 -252.546219 1898.996828 -252.979053 -252.574482 -252.577186 -252.509719 -9999.0 -9999.0
-9999.0 -9999.0 -9999.0 -9999.0 -9999.0 -9999.0 -9999.0 -9999.0 -9999.0 -9999.0 -9999.0 -250.132635 -252.658790 -252.704826 -252.568498 -252.569274 -252.558757 -308.165559 -251.843834 -337.538149 -652.094993 -438.992044 -252.564203 -252.741726 -252.581702 -252.520905 -247.521760 -253.645282 -252.649274 -252.686568 -252.613012 -252.616940 -252.577869 -252.643344 -253.743793 -252.716010 -252.992959 -253.421597 -553.764564 -252.696634 -255.390396 -252.879669 -252.647589 -256.348261 -252.601083 -252.595119 -252.574778 -252.615202 -252.582835 -254.101930 -253.340396 -252.841527 -252.592623 -253.640263 -253.333050 -253.634808 -252.563550 -9999.0 -9999.0
-9999.0 -9999.0 -9999.0 -9999.0 -9999.0 -9999.0 -9999.0 -9999.0 -9999.0 -9999.0 -223.263567 -252.559444 -252.488449 -252.585016 -252.466073 -252.456165 -252.552227 -297.829636 -451.932947 -352.072240 198.660971 -67.617760 -470.669236 -252.381488 -252.557252 -240.777934 -252.749531 -253.292539 -252.678330 -252.601059 -252.581231 -252.592070 -252.635868 -253.437157 -253.861766 -252.820496 -252.851644 -252.748614 -307.483138 -252.757327 -257.524369 -253.580448 -253.602610 -405.218970 -252.590854 -252.696683 -252.575837 -253.545142 -252.573758 -252.604386 -253.226750 -253.596121 -253.396225 -253.625641 -253.547762 -252.421006 -252.431168 -9999.0 -9999.0
-9999.0 -9999.0 -9999.0 -9999.0 -9999.0 -9999.0 -9999.0 -9999.0 -9999.0 -252.734541 -246.050770 -249.460476 -252.549325 -252.588159 -247.688425 -252.578450 -252.609847 -252.394582 -728.178436 -443.765314 93.045577 -779.582882 -749.391468 -252.568927 -246.205077 -298.034717 -252.715524 -252.597630 -254.464726 -252.572552 -252.573081 -268.033695 -253.813257 -253.834766 -253.456391 -253.667773 -252.640307 -252.683950 -252.759662 -252.587804 -439.997098 -281.725271 -300.230799 -607.129601 -926.145957 -255.421657 -252.597445 -255.059521 -253.241319 -220.968352 -252.895666 -252.580937 -253.626994 -253.357531 -252.876757 -252.557461 -251.590673 -252.597542 -252.581141
-9999.0 -9999.0 -9999.0 -9999.0 -9999.0 -9999.0 -9999.0 -9999.0 -9999.0 -252.703774 -252.656769 -252.638159 -220.180539 -252.573385 -252.563034 -252.561015 -252.371036 -252.609893 -1131.068683 -181.354405 -107.483367 -252.060609 -228.283718 -252.451613 -305.094784 -252.616315 -252.584199 -252.571260 -252.469922 -226.918521 -252.606095 -266.427048 -253.594057 -252.616184 -252.639250 -252.806318 -252.715596 -252.726273 -253.670327 -252.622993 -250.112384 -252.828584 -252.628019 -252.612322 -292.334603 -220.548154 -252.573840 -256.784853 -255.667852 -252.579466 -288.640317 -252.671039 -253.465042 -253.459055 -253.529138 -253.273972 -252.519364 -252.522369 -252.614863
-9999.0 -9999.0 -9999.0 -9999.0 -9999.0 -9999.0 -9999.0 -9999.0 -9999.0 -9999.0 -252.624157 -252.632333 -252.567662 -416.118084 -255.107193 -252.578267 -252.548444 -252.513119 -2582.697430 -300.653927 -22.536740 -833.720819 -367.189444 -341.166867 -252.598455 -252.584290 -252.455368 -252.496902 -252.596739 -267.503684 -266.851623 -245.639251 -253.255213 -253.637405 -252.661529 -252.582658 -252.549157 -252.527612 -252.650637 -253.698354 -253.781310 -252.570546 -251.504425 -252.620097 -308.613935 -361.522153 -576.899168 -209.817034 -260.670197 -256.152864 -421.488724 -252.696636 -252.552200 -253.449280 -252.578358 -253.162380 -252.564807 -247.148410 -254.910585
-9999.0 -9999.0 -9999.0 -9999.0 -9999.0 -9999.0 -9999.0 -9999.0 -9999.0 -9999.0 -252.616372 -252.626256 -252.573921 -252.553464 622.031543 -558.477238 -576.792337 -520.707043 -1848.879493 -379.116902 -1246.913039 -789.193135 -538.271599 -252.848521 -252.602513 -252.447206 -208.936474 -442.663439 -284.706642 -253.188420 -253.609412 -252.553665 -253.244277 -253.627213 -253.613639 -252.683376 -252.403618 -252.609716 -252.719012 -253.527934 -252.586303 -252.589268 -252.587594 -253.475561 -246.311107 -300.787240 -252.560686 -366.656384 -1144.736399 -258.885954 -262.861770 -252.660962 -252.548232 -252.551250 -253.593504 -252.550124 -252.767702 -252.604978 -1473.918030
-9999.0 -9999.0 -9999.0 -9999.0 -9999.0 -9999.0 -9999.0 -9999.0 -252.509068 -252.606865 -252.774815 -252.570538 -252.596354 -252.593103 -326.578587 339.865569 -1746.063138 -251.953527 -324.402963 -408.143284 -6191.547897 -23692.592467 -1316.715070 -700.677088 -252.586847 -500.234579 -194.040115 -302.122271 -252.571933 -252.898181 -253.760985 -253.586692 -253.324153 -253.129759 -252.588306 -253.693788 -252.579007 -252.610584 -260.989499 -252.622614 -253.398604 -252.626409 -253.497968 -253.738731 -252.588891 -252.382761 -261.815242 -252.555949 -465.426331 653.073178 -252.665108 -616.998496 -252.543622 -252.790867 -252.590736 -252.490418 -252.595188 -252.238096 -255.608843
-9999.0 -9999.0 -9999.0 -9999.0 -9999.0 -9999.0 -9999.0 -9999.0 -252.835106 -252.544861 -252.714746 -253.290225 -252.705492 -252.544642 -317.227131 -406.471116 -619.569223 -607.945971 -125946.999258 -402.152782 -93.059360 -236.813472 -222.607778 -252.266024 -8084.467460 -746.656062 -350.384521 -252.570404 -253.300135 -252.582210 -252.585342 -252.657370 -252.578096 -252.588479 -252.537506 -252.527195 -252.590481 -252.591095 -252.668869 -252.576198 -253.105640 -253.708873 -253.596473 -252.570886 -251.774010 -252.561449 -253.421923 -253.401849 -252.623194 -677.389259 -252.695671 -252.571242 -317.394434 -252.326767 -252.593539 -255.585825 -254.298102 -254.758955 -259.548222
-9999.0 -9999.0 -9999.0 -9999.0 -9999.0 -9999.0 -9999.0 -9999.0 -252.682002 -252.594096 -252.559348 -252.732418 -252.532766 -253.029818 -252.535612 -574.183623 -757.128527 -252.639316 -123539.622847 -62.520247 -399.259018 -213.656431 -227.770618 -239.632642 -186.740016 -981.914429 -490.897459 -299.981736 -253.262981 -252.651809 -252.642218 -252.506580 -252.627817 -252.709833 -252.513199 -252.594622 -252.597411 -642.393197 -284.897285 -252.588925 -252.568062 -252.584187 -252.534472 -252.549709 -252.579477 -252.583226 -252.572046 -252.513786 -252.576757 -473.050014 134.306371 -252.590504 -531.640346 -422.841011 -254.845058 -252.403449 -252.370403 -252.392511 -252.878743
-9999.0 -9999.0 -9999.0 -9999.0 -9999.0 -9999.0 -9999.0 -9999.0 -253.724011 -252.600319 810.312609 -252.896647 -252.445082 -231.580039 -668.293518 -751.084660 -30310.163696 -135385.569976 -29.956764 -444.558295 -366.226209 -291.218603 -131.744411 -122.669520 -677.229057 -542.320365 -362.183472 -369.727719 -252.426818 -253.710660 -252.961759 -252.994441 -256.077063 -252.591018 -252.649891 -252.596859 -252.602735 -554.040394 -431.575176 -252.619097 -252.570826 -252.567391 -252.574148 -252.637039 -252.540145 -252.575977 -252.589536 -252.587405 -252.605564 -253.611505 -448.448058 -34164.195503 -252.611710 -200.018503 -252.331023 -252.312977 -252.731149 799.594143 153.163928
-9999.0 -9999.0 -9999.0 -9999.0 -9999.0 -9999.0 -9999.0 -9999.0 -252.585549 -252.545401 -198.914474 -498.152979 -619.193673 -609.554496 -251.915907 -217.345107 266.427402 -621.652024 -403.360827 -684.326530 -1136.026963 -269.107548 -254.675741 -247.270919 -252.300356 -630.079617 -466.724458 -252.558210 -252.534894 -252.518315 -426.680389 -252.473946 -256.068224 -252.525764 -253.488538 -253.657926 -253.828897 -679.830331 -740.358412 -252.586903 -253.159426 -254.182381 -254.405503 -255.116477 -252.659279 -252.590621 -253.896356 -254.683391 -254.314659 -256.174365 -258.720502 -10198.815266 -25120.728418 -252.406619 -251.206786 831.548740 478.512265 324.664653 287.684516
-9999.0 -9999.0 -252.641642 -252.540489 -252.558627 -252.592245 -252.547743 -252.586794 -252.531722 -252.546360 -252.555795 1006.292086 -611.661341 -252.427402 -250.356793 292.420249 -478.858764 -300.260541 -252.580196 -409.377232 -778.194629 -1433.249158 276.975706 -337.740932 -297.405586 -1461.756358 -700.618556 -682.401752 -1073.643061 -252.025797 -564.260452 -514.854079 -175.722286 -681.985337 -252.450584 -570.682245 -252.441816 -991.519146 -735.910605 -527.417115 -255.109544 -256.118198 -1086.403740 -252.737084 -571.391028 -255.000832 -252.428261 -384.439438 -259.539098 -252.509382 -252.448136 47.144761 486.328118 713.170927 748.620704 627.301125 744.365213 -173.988563 -252.521787
