user2019/resources/simulation/Vinschgau/output-maps/psiL0005N0411.asc
ncols         63
nrows         48
xllcorner     598000.000000
yllcorner     5145000.000000
cellsize      1000.000000
NODATA_value  -9999.0
[rows 0 to 25 of 48, columns 0 to 58 of 63]
-9999.0 -9999.0 -9999.0 -9999.0 -9999.0 -9999.0 -9999.0 -9999.0 -9999.0 -9999.0 -9999.0 -9999.0 -9999.0 -9999.0 -9999.0 -9999.0 -9999.0 -9999.0 -9999.0 -9999.0 -9999.0 -9999.0 -9999.0 -9999.0 -9999.0 -9999.0 -9999.0 -9999.0 -9999.0 -9999.0 -9999.0 -9999.0 -9999.0 -9999.0 -9999.0 -9999.0 -9999.0 -9999.0 -9999.0 -9999.0 -9999.0 -9999.0 -9999.0 -9999.0 -9999.0 -9999.0 -9999.0 -9999.0 -9999.0 -9999.0 -9999.0 -9999.0 -9999.0 -9999.0 -9999.0 -9999.0 -9999.0 -9999.0 -9999.0
-9999.0 -9999.0 -9999.0 -9999.0 -9999.0 -9999.0 -9999.0 -9999.0 -9999.0 -9999.0 -9999.0 -9999.0 -9999.0 -9999.0 -9999.0 -9999.0 -9999.0 -9999.0 -9999.0 -9999.0 -9999.0 -9999.0 -9999.0 -9999.0 -9999.0 -9999.0 -9999.0 -909.066052 -261.180836 -899.383926 123.625829 -895.420606 -895.345333 -9999.0 -9999.0 -9999.0 -9999.0 -9999.0 -9999.0 -9999.0 -9999.0 -9999.0 -9999.0 -9999.0 -9999.0 -9999.0 -9999.0 -9999.0 -9999.0 -9999.0 -9999.0 -9999.0 -9999.0 -9999.0 -9999.0 -9999.0 -9999.0 -9999.0 -9999.0
-9999.0 -9999.0 -9999.0 -9999.0 -9999.0 -9999.0 -9999.0 -9999.0 -9999.0 -9999.0 -9999.0 -9999.0 -9999.0 -9999.0 -9999.0 -9999.0 -9999.0 -9999.0 -9999.0 -9999.0 -9999.0 -9999.0 -9999.0 -9999.0 -599.504676 -571.941106 -407.320956 -271.390222 138.309233 181.388438 -263.886780 -9999.0 -9999.0 -9999.0 -9999.0 -9999.0 -9999.0 -9999.0 -9999.0 -9999.0 -9999.0 -9999.0 -9999.0 -9999.0 -9999.0 -9999.0 -9999.0 -9999.0 -9999.0 -9999.0 -9999.0 -9999.0 -9999.0 -9999.0 -9999.0 -9999.0 -9999.0 -9999.0 -9999.0
-9999.0 -9999.0 -9999.0 -9999.0 -9999.0 -9999.0 -9999.0 -9999.0 -9999.0 -9999.0 -9999.0 -9999.0 -9999.0 -9999.0 -9999.0 -9999.0 -9999.0 -9999.0 -9999.0 -9999.0 -9999.0 -9999.0 -9999.0 -752.413100 -323.772537 -886.134121 -720.498555 -1632.375433 116.815143 -268.562231 -46.810461 -294.412263 -9999.0 -9999.0 -9999.0 -9999.0 -9999.0 -9999.0 -9999.0 -9999.0 -9999.0 -9999.0 -9999.0 -9999.0 -9999.0 -9999.0 -9999.0 -9999.0 -9999.0 -9999.0 -9999.0 -9999.0 -9999.0 -9999.0 -9999.0 -9999.0 -9999.0 -9999.0 -9999.0
-9999.0 -9999.0 -9999.0 -9999.0 -9999.0 -9999.0 -9999.0 -9999.0 -9999.0 -9999.0 -9999.0 -9999.0 -9999.0 -9999.0 -9999.0 -9999.0 -9999.0 -9999.0 -493.658225 -696.643178 -9999.0 -642.780007 -410.902060 -1417.683805 -537.549865 -562.254305 -219.048158 93.553289 94.089656 -506.223507 -23.423435 96.994650 -901.677592 -899.713225 -9999.0 -9999.0 -9999.0 -9999.0 -9999.0 -9999.0 -9999.0 -9999.0 -9999.0 -9999.0 -9999.0 -9999.0 -9999.0 -9999.0 -9999.0 -9999.0 -9999.0 -9999.0 -9999.0 -9999.0 -9999.0 -9999.0 -9999.0 -9999.0 -9999.0
-9999.0 -9999.0 -9999.0 -9999.0 -9999.0 -9999.0 -9999.0 -9999.0 -9999.0 -9999.0 -9999.0 -9999.0 -9999.0 -9999.0 -9999.0 -9999.0 -9999.0 -776.530092 -685.726639 -78720.499164 -1000.168128 -735.149214 -647.267454 -746.253666 -352.300113 92.836531 -309.111834 125.357262 -243.740556 93.379672 115.643989 125.978797 -911.413231 -907.228374 -901.340288 -897.424579 -9999.0 -9999.0 -9999.0 -9999.0 -9999.0 -9999.0 -9999.0 -9999.0 -9999.0 -9999.0 -9999.0 -9999.0 -9999.0 -9999.0 -9999.0 -9999.0 -9999.0 -9999.0 -9999.0 -9999.0 -9999.0 -9999.0 -9999.0
-9999.0 -9999.0 -9999.0 -9999.0 -9999.0 -9999.0 -9999.0 -9999.0 -9999.0 -9999.0 -9999.0 -9999.0 -9999.0 -367.637279 -420.261258 -596.400614 -621.332692 -596.112604 -773.658596 -2305.590644 -805.761980 -678.268724 -2011.270585 -355.592242 -351.127501 -414.859249 -15768.648949 143.421551 89.979743 111.336913 2613.623174 192.061211 180.140151 -1329.455877 -897.589725 -897.574923 -9999.0 -9999.0 -9999.0 -9999.0 -9999.0 -9999.0 -9999.0 -9999.0 -9999.0 -9999.0 -9999.0 -9999.0 -9999.0 -9999.0 -9999.0 -9999.0 -9999.0 -9999.0 -9999.0 -9999.0 -9999.0 -9999.0 -9999.0
-9999.0 -9999.0 -9999.0 -9999.0 -9999.0 -9999.0 -9999.0 -9999.0 -9999.0 -9999.0 -9999.0 -9999.0 -9999.0 -336.698932 -550.630092 -686.397368 -762.900787 -422.535073 -683.968104 -1968.796842 -1045.144330 -353.517985 -239.779237 -126.885319 -189.756567 -164.322013 -522.450904 -903.462878 -897.553854 -1516.772984 -157.124415 -1416.841534 -897.479114 -897.596091 -897.624048 -9999.0 -9999.0 -9999.0 -9999.0 -9999.0 -9999.0 -9999.0 -9999.0 -9999.0 -9999.0 -9999.0 -9999.0 -9999.0 -9999.0 -9999.0 -9999.0 -9999.0 -9999.0 -9999.0 -9999.0 -9999.0 -9999.0 -9999.0 -9999.0
-9999.0 -9999.0 -9999.0 -9999.0 -9999.0 -9999.0 -9999.0 -9999.0 -9999.0 -9999.0 -9999.0 -9999.0 -9999.0 -751.776760 599.934398 -705.673374 -479.993163 -717.568338 -665.930263 -830.524848 -201.519875 -64918.759834 96.097254 -456.845176 -573.132790 106.509296 -916.287495 -897.361442 -196.989962 -897.453874 -1437.252483 -897.529126 -897.485593 -897.406746 -897.536491 -9999.0 -9999.0 -9999.0 -9999.0 -9999.0 -9999.0 -9999.0 -9999.0 -9999.0 -9999.0 -9999.0 -9999.0 -9999.0 -9999.0 -9999.0 -9999.0 -9999.0 -9999.0 -9999.0 -9999.0 -9999.0 -9999.0 -9999.0 -9999.0
-9999.0 -9999.0 -9999.0 -9999.0 -9999.0 -9999.0 -9999.0 -9999.0 -9999.0 -9999.0 -9999.0 -9999.0 -1627.429551 3142.481485 -292.222971 -343.677045 89.950559 -467.577175 -480.171046 -82318.081617 -474.828297 -621.270298 -317.084306 -504.284609 1704.020732 -1420.055056 236.526441 -242.451669 166.349019 -897.331066 -1450.700459 -900.477808 123.793638 -897.572501 -9999.0 -9999.0 -9999.0 -9999.0 -9999.0 -9999.0 -9999.0 -9999.0 -9999.0 -9999.0 -9999.0 -9999.0 -9999.0 -9999.0 -9999.0 -9999.0 -9999.0 -9999.0 -9999.0 -9999.0 -9999.0 -9999.0 -9999.0 -9999.0 -9999.0
-9999.0 -9999.0 -9999.0 -9999.0 -9999.0 -9999.0 -9999.0 -9999.0 -9999.0 -9999.0 -9999.0 -451.084372 101.464064 346.844332 -593.463906 -387.670802 -67580.941841 -357.916617 -251.711935 -2800947.406754 -279.837254 -138.089928 102.726344 -267.980016 128.081946 122.429224 -1427.469915 105.833381 1138.568868 -897.422028 -894.492411 110.137663 -897.413519 -897.928134 -905.296212 -908.242521 -1362.142567 -1385.541624 -248.979991 -9999.0 -9999.0 -9999.0 -957.408850 -9999.0 -9999.0 -9999.0 -9999.0 -9999.0 -9999.0 -9999.0 -9999.0 -9999.0 -9999.0 -9999.0 -9999.0 -9999.0 -9999.0 -9999.0 -9999.0
-9999.0 -9999.0 -9999.0 -9999.0 -9999.0 -9999.0 -9999.0 -9999.0 -9999.0 -9999.0 -9999.0 -520.566387 -328.750185 146.003069 -380.145675 -1346.947565 -422.814626 -544.379768 -429.256352 -581.239576 -327.319526 -345.628602 -224.240603 -511.329383 109.045389 -340.905422 92.292377 115.820654 -894.706853 -897.506188 124.523824 193.632709 -183.376869 95.945506 -527.843130 92.390738 -267.912524 -2668.896879 -2679.616986 -1964.283711 -1265.642034 -952.348078 93.804691 -918.344169 -9999.0 -9999.0 -9999.0 -176.715744 -1057.586534 -895.037231 107.319374 -894.380113 -893.760155 -150.292273 472.362730 -893.167889 -9999.0 -9999.0 -9999.0
-9999.0 -9999.0 -9999.0 -9999.0 -9999.0 -9999.0 -9999.0 -9999.0 -9999.0 -9999.0 -9999.0 103.988207 -590.942046 169.193327 -477.704106 95.969419 -343.103587 -190.034237 -269.589976 -484.034654 -405.249239 -393.576787 -420.859350 105.650538 -172.621392 -911.963967 -311.273468 1451.821808 -915.146510 90.651617 -898.322402 237.639157 -32.596953 -176.582581 -921.637941 92.219027 -428.947653 -3730.715617 -3512.991193 -3480.558305 -1280.603592 -104.201244 97.258601 -211.860443 -371.313952 -9999.0 -897.521622 127.654808 131.465464 124.967555 -38.269154 -899.768673 -28.838170 122.271694 -20.780587 128.858219 -9999.0 -9999.0 -9999.0
-9999.0 -9999.0 -9999.0 -9999.0 -9999.0 -9999.0 -9999.0 -9999.0 -9999.0 -9999.0 -9999.0 -9999.0 -206.926972 421.555523 -528.187104 -477.145320 -515.603869 -309.798000 -220.105842 -438.326635 -411.227475 -389.588529 -299.774495 -202.685162 -320.532721 -409.358422 1017.705504 -177.076524 -239.033591 -897.648132 104.291628 173.783049 -71.441059 95.984883 91.133054 97.908013 -794.646237 -2253.524357 -2535.711935 -313.733302 -1143.912297 -1557.514056 94.404434 -193.269062 -1056.954107 -164.372180 -897.337429 -135.507503 112.671990 119.571569 97.150847 19.299549 1013.314597 -196.532067 -250.525328 -175.072889 -515.066741 -9999.0 -9999.0
-9999.0 -9999.0 -9999.0 -9999.0 -9999.0 -9999.0 -9999.0 -9999.0 -9999.0 -9999.0 -9999.0 93.018373 -642.424405 -239.442413 126.193051 105.467900 12.009093 -270.921897 -294.797832 -584.372850 -402.352558 -336.461779 -362.118778 -824.247146 -547.570124 95.186128 -180.431002 -435.716960 -476.872926 -910.480347 92.131732 200.157016 102.181515 104.502331 -1403.537498 114.586373 -672.666118 -2116.679500 -939.782798 -2684.197172 -2989.134400 -2123.431005 103.841104 -65748.839587 -247.488208 -234.094393 109.771083 -981.526234 -982.169585 -280.037455 -1906.394711 -996.238833 -371.436728 -889.959288 -898.012552 -897.340705 -893.566509 -9999.0 -9999.0
-9999.0 -9999.0 -9999.0 -9999.0 -9999.0 -9999.0 -9999.0 -9999.0 -9999.0 -9999.0 988.224743 -361.372683 99.646617 -564.308274 -257.237796 987.474475 987.924838 -776.863468 -684.224317 -690.728997 -444.489179 -634.138273 -877.999946 -489.346142 -512.129574 1091.845451 -410.591051 -125348.665864 -69.228669 -234.180321 186.575074 533.000222 115.981775 110.371673 -897.727825 -897.533464 -257.663329 -215.374486 490.286030 -50.589737 81.600626 -54913.269245 -667.858681 -293.568612 -281.097196 -940.181357 94.444548 93.871117 110.193502 78.477797 -152906.851893 -897.481412 -897.774168 -897.279920 -897.165114 132.328764 154.564413 -9999.0 -9999.0
-9999.0 -9999.0 -9999.0 -9999.0 -9999.0 -9999.0 -9999.0 -9999.0 -9999.0 -579.500386 -54.741283 -53.734917 118.101713 -571.498336 -555.015009 -253.062962 -602.514322 -194.001750 -575.605270 -908.178845 -565.656236 -1568.239513 -830.141102 -697.959043 -696.834622 -512.017920 -951.474723 -278.615184 -351.652850 -369.735443 87.817199 -251.552977 -897.625586 -897.536326 -903.515984 -904.953721 105.118527 -190.121695 -253.519254 115.762689 123.193481 -365.630720 -562.107767 -382.724086 -386.947471 -570.624824 -250.163071 -2797.458901 -2162.636182 85.785226 -266.021411 -895.663859 -897.323025 -897.149803 -895.069827 195.486056 255.304214 -427.554788 -893.965069
-9999.0 -9999.0 -9999.0 -9999.0 -9999.0 -9999.0 -9999.0 -9999.0 -9999.0 -193.795811 -435.179167 111.813632 2050.842766 -444.644323 -725.417225 -806.299371 -213.578214 -431.391907 -651.748303 -1455.240709 -1087.409895 -1262.803417 -483.017791 -357.975307 -497.173055 -1219.960427 -562.493756 -476.830180 -317.708082 -30.244942 104.464467 -164.992400 121.131244 -77.059607 98.162833 -1031.120194 -1026.950512 -948.672624 -420.573907 120.397555 103.604090 -634.788917 -633.913898 -179.986690 -362.472202 -447.463494 -484.296157 -2296.275957 -1352.327266 -334.440750 -152.223026 97.543494 -897.278512 -489.777505 -897.275063 -153.289615 247.380802 179.088668 -501.623555
-9999.0 -9999.0 -9999.0 -9999.0 -9999.0 -9999.0 -9999.0 -9999.0 -9999.0 -9999.0 -191.208125 117.379827 113.102013 1228.909233 -900.024209 -655.388161 -567.526775 -628.864139 -723.975014 -1288.471060 -766.310641 -552.209778 -558.226891 -346.540560 -1058.192185 -605.764541 -716.212203 -266.330135 98.927812 -97.404558 99.004062 1862.672632 78.641741 -1488.408950 141.852780 147.673097 -599.533340 -357.905785 -930.594775 105.401100 -1365.736849 94.431857 1960.816808 93.641903 91.982970 -194.461749 93.363183 -247.090757 -385.334728 -123.574913 -155.039956 -245.859487 -895.568131 -897.209545 -232.151639 -651.129286 165.015200 6586.068728 90.136608
-9999.0 -9999.0 -9999.0 -9999.0 -9999.0 -9999.0 -9999.0 -9999.0 -9999.0 -9999.0 99.019805 105.732322 -382.613096 109.323251 -3.876721 -580.044530 -749.844487 -867.009957 -1006.286428 -1896.934892 -1503.463753 -1116.569855 -960.512508 -2146.940041 -887.459678 -746.527638 -338.206582 97.331634 105.682056 -1124.958904 99.302797 146.596735 -257347.088411 -1519.442050 92.253648 140.724380 1804.631129 100.543557 108.456989 -640.661458 121.169856 -860.629802 141.587020 92.346268 -396.848132 -162.928634 97.445244 91.690008 102.555748 -113.079791 99.902318 105.435880 123.122820 -897.917222 -892.604164 -893.689911 -593.069851 100.131405 115.338182
-9999.0 -9999.0 -9999.0 -9999.0 -9999.0 -9999.0 -9999.0 -9999.0 -302.601475 -245.245967 -139.112112 114.999031 317.944326 127.944254 108.557907 -261.424532 -861.063564 -1287.381635 -2056.132975 -2030.824517 -2022.116570 -1486.841412 -1125.084016 -1014.674829 -1179.344055 -363.557103 -192.421343 89.964378 101.564288 112.968089 -897.424155 105.312204 104.098011 -176.460897 128.450468 -1529.720198 106.091597 -87.995370 -619.822233 -903.928244 -903.430548 145.986032 -1510.455936 -897.600267 -906.219108 1145.126385 -400.222319 95.015137 90.804847 -127.852343 97.067848 -124.487436 109.946662 106.503060 -898.109750 -15.632737 -381.486898 86.305112 -306.360180
-9999.0 -9999.0 -9999.0 -9999.0 -9999.0 -9999.0 -9999.0 -9999.0 -379.662263 99.314841 105.415970 -1601.214838 93.613950 864.459430 -587.183220 -371.180414 -484.897923 -728.492894 -1910.260458 -2051.852868 -900.845374 -1657.865328 -1193.404260 -1517.636058 -1246.792624 -357.118212 -28.375386 91.364415 -62328.081886 -174.458652 96.376855 -911.517560 112.261132 -905.065857 120.902878 104.035765 106.980160 102.750723 93.123112 114.072883 -1526.279790 -897.416191 -897.627360 123.448121 1301.946987 109.261691 -2225.448027 95.085620 85.278444 92.176182 -111.756994 97.174764 100.558653 -77.760710 -29.516362 -153180.468784 79.925210 -102.858987 -462.266074
-9999.0 -9999.0 -9999.0 -9999.0 -9999.0 -9999.0 -9999.0 -9999.0 98.552365 1468.118708 -113.411032 100.057134 217.218843 -52295.429282 -203.236965 -658.583415 -839.007473 -1503.793430 -2132.641074 -837.481796 -2051.338414 -1615.377073 -1551.351458 -2068.862674 -692.825728 -489.633653 -366.613767 -551.532305 -63603.367446 -226.058980 -924.743533 98.405364 97.997354 -263.472792 107.984071 124.650871 108.302149 88.114512 101.279907 106.497451 118.525423 -897.391425 118.599815 1262.596687 -399.893901 -459.482651 -903.286820 -412.171274 -590.000703 78.848513 -260.365041 86.273306 91.334212 83.304663 82.379465 102.680949 91.457711 -122.473161 -381.186191
-9999.0 -9999.0 -9999.0 -9999.0 -9999.0 -9999.0 -9999.0 -9999.0 -897.484061 116.149919 38.196247 -63060.157432 110.724915 98.693048 -133.049938 -476.328120 -1141.382851 -585.620893 -627.785532 -1206.962568 -1920.150615 -1814.759194 -1137.586962 -1046.746896 -777.597483 -481.934439 -622.335019 -538.076263 -424.622346 -185.084835 -175.219463 95.090520 -284.151958 98.023608 -258.373590 -676.088629 -537.445251 -216.165201 95.138808 93.837975 -170.375858 97.013752 96.978357 -925.027605 -590.793820 -908.278522 -58.517467 -912.109014 -487.877970 -484.562693 -326.864195 -232.988342 81.145651 -177.642499 90.325886 101.057516 98.801645 200.896874 -339.186476
-9999.0 -9999.0 -9999.0 -9999.0 -9999.0 -9999.0 -9999.0 -9999.0 -582.358562 92.883654 2069.457009 88.347654 103.717419 95.939621 -176.987473 -610.605000 -280.256679 -312.326849 -329.088582 -429.822745 -824.377546 -1451.826655 -1523.031576 -1420.074738 -1191.889623 -755.287692 -1052.731183 -788.439190 -738.796705 -262.334220 -292.379341 -116.655942 91.498742 96.795225 -183.347455 -446.275783 -524.255583 -226.701180 100.955537 93.246288 -224.895434 -255.930388 86.107529 -452.469527 -318.121915 -312.130147 -231.703848 80.263985 -564.959502 -776.859544 -1984.954093 -819.120438 -339.957384 -588.667689 214.472707 218.159902 43.720141 -220.971673 -174.075142
-9999.0 -9999.0 -120.822376 -536.965449 621.977925 -879.302834 126.208798 99.956354 93.586548 97.311194 96.759741 118.703549 114.581330 107.853661 -240.629268 -217.748488 81.753189 -537.015711 -708.088093 -314.768485 -515.246752 -391.628958 -240.490491 -1446.749913 -1325.098762 -1055.272932 -775.511745 -746.477399 -416.807301 -412.244032 -674.644767 -284.174389 136.513377 -155.259037 -366.291583 -413.023141 -602.920113 -295.455211 97.325213 88.463157 -301.529296 -201.824548 96.234497 -449.734363 -371.022125 -420.854020 -343.676018 -223.911135 -405.760393 -529.210945 -718.373285 -573.274299 101.257926 101.996436 103.058271 102.088157 129.938799 101.143886 -104.210973
