user2019/resources/simulation/Vinschgau/output-maps/psiL0003N0615.asc
ncols         63
nrows         48
xllcorner     598000.000000
yllcorner     5145000.000000
cellsize      1000.000000
NODATA_value  -9999.0
[rows 0 to 26 of 48, columns 0 to 60 of 63]
-9999.0 -9999.0 -9999.0 -9999.0 -9999.0 -9999.0 -9999.0 -9999.0 -9999.0 -9999.0 -9999.0 -9999.0 -9999.0 -9999.0 -9999.0 -9999.0 -9999.0 -9999.0 -9999.0 -9999.0 -9999.0 -9999.0 -9999.0 -9999.0 -9999.0 -9999.0 -9999.0 -9999.0 -9999.0 -9999.0 -9999.0 -9999.0 -9999.0 -9999.0 -9999.0 -9999.0 -9999.0 -9999.0 -9999.0 -9999.0 -9999.0 -9999.0 -9999.0 -9999.0 -9999.0 -9999.0 -9999.0 -9999.0 -9999.0 -9999.0 -9999.0 -9999.0 -9999.0 -9999.0 -9999.0 -9999.0 -9999.0 -9999.0 -9999.0 -9999.0 -9999.0
-9999.0 -9999.0 -9999.0 -9999.0 -9999.0 -9999.0 -9999.0 -9999.0 -9999.0 -9999.0 -9999.0 -9999.0 -9999.0 -9999.0 -9999.0 -9999.0 -9999.0 -9999.0 -9999.0 -9999.0 -9999.0 -9999.0 -9999.0 -9999.0 -9999.0 -9999.0 -9999.0 -135.697024 40.294530 -154.843426 52.591459 41.548630 606.530929 -9999.0 -9999.0 -9999.0 -9999.0 -9999.0 -9999.0 -9999.0 -9999.0 -9999.0 -9999.0 -9999.0 -9999.0 -9999.0 -9999.0 -9999.0 -9999.0 -9999.0 -9999.0 -9999.0 -9999.0 -9999.0 -9999.0 -9999.0 -9999.0 -9999.0 -9999.0 -9999.0 -9999.0
-9999.0 -9999.0 -9999.0 -9999.0 -9999.0 -9999.0 -9999.0 -9999.0 -9999.0 -9999.0 -9999.0 -9999.0 -9999.0 -9999.0 -9999.0 -9999.0 -9999.0 -9999.0 -9999.0 -9999.0 -9999.0 -9999.0 -9999.0 -9999.0 37.672004 35.888974 37.979634 35.504860 56.040736 74.784730 40.158216 -9999.0 -9999.0 -9999.0 -9999.0 -9999.0 -9999.0 -9999.0 -9999.0 -9999.0 -9999.0 -9999.0 -9999.0 -9999.0 -9999.0 -9999.0 -9999.0 -9999.0 -9999.0 -9999.0 -9999.0 -9999.0 -9999.0 -9999.0 -9999.0 -9999.0 -9999.0 -9999.0 -9999.0 -9999.0 -9999.0
-9999.0 -9999.0 -9999.0 -9999.0 -9999.0 -9999.0 -9999.0 -9999.0 -9999.0 -9999.0 -9999.0 -9999.0 -9999.0 -9999.0 -9999.0 -9999.0 -9999.0 -9999.0 -9999.0 -9999.0 -9999.0 -9999.0 -9999.0 34.353273 37.497438 -714.359137 -819.116805 -881.677969 -216.025571 35.584146 37.005218 41.260960 -9999.0 -9999.0 -9999.0 -9999.0 -9999.0 -9999.0 -9999.0 -9999.0 -9999.0 -9999.0 -9999.0 -9999.0 -9999.0 -9999.0 -9999.0 -9999.0 -9999.0 -9999.0 -9999.0 -9999.0 -9999.0 -9999.0 -9999.0 -9999.0 -9999.0 -9999.0 -9999.0 -9999.0 -9999.0
-9999.0 -9999.0 -9999.0 -9999.0 -9999.0 -9999.0 -9999.0 -9999.0 -9999.0 -9999.0 -9999.0 -9999.0 -9999.0 -9999.0 -9999.0 -9999.0 -9999.0 -9999.0 33.299619 28.996293 -9999.0 36.040483 36.589952 -719.688337 -791.814969 -1190.177449 -662.782004 -540.874615 -905.841581 -642.493482 39.257485 42.060393 -182.300297 -130.207852 -9999.0 -9999.0 -9999.0 -9999.0 -9999.0 -9999.0 -9999.0 -9999.0 -9999.0 -9999.0 -9999.0 -9999.0 -9999.0 -9999.0 -9999.0 -9999.0 -9999.0 -9999.0 -9999.0 -9999.0 -9999.0 -9999.0 -9999.0 -9999.0 -9999.0 -9999.0 -9999.0
-9999.0 -9999.0 -9999.0 -9999.0 -9999.0 -9999.0 -9999.0 -9999.0 -9999.0 -9999.0 -9999.0 -9999.0 -9999.0 -9999.0 -9999.0 -9999.0 -9999.0 -1234.892324 -587.864117 -55338.231716 -163.265238 -457.230206 -674.796810 -1052.731693 -823.222528 -660.180784 -511.852465 39.588381 -614.612812 -290.139561 53.010572 56.561766 -1541.252664 -25142.862040 -8260.668673 -429.560548 -9999.0 -9999.0 -9999.0 -9999.0 -9999.0 -9999.0 -9999.0 -9999.0 -9999.0 -9999.0 -9999.0 -9999.0 -9999.0 -9999.0 -9999.0 -9999.0 -9999.0 -9999.0 -9999.0 -9999.0 -9999.0 -9999.0 -9999.0 -9999.0 -9999.0
-9999.0 -9999.0 -9999.0 -9999.0 -9999.0 -9999.0 -9999.0 -9999.0 -9999.0 -9999.0 -9999.0 -9999.0 -9999.0 33.973584 -465.992511 -856.033371 -1078.615256 -409.033994 -1154.731289 -937.655718 -774.550225 -1042.031582 -1214.132524 -801.777089 -594.865795 33.932252 -2276.840633 53.962128 -378.663936 -546.208849 6620.788393 87.858319 69.875404 84.021099 -136.622187 -153.047006 -9999.0 -9999.0 -9999.0 -9999.0 -9999.0 -9999.0 -9999.0 -9999.0 -9999.0 -9999.0 -9999.0 -9999.0 -9999.0 -9999.0 -9999.0 -9999.0 -9999.0 -9999.0 -9999.0 -9999.0 -9999.0 -9999.0 -9999.0 -9999.0 -9999.0
-9999.0 -9999.0 -9999.0 -9999.0 -9999.0 -9999.0 -9999.0 -9999.0 -9999.0 -9999.0 -9999.0 -9999.0 -9999.0 34.558515 -557.270764 -934.517503 -887.597652 26.879814 -431.969874 -1161.039514 -1134.524605 -317.693967 -524.423288 -767.241250 -730.087849 -145.538072 32.713419 -137.634874 -114.989438 37.886573 59.201587 45.298968 -132.268288 -110.676166 -103.520921 -9999.0 -9999.0 -9999.0 -9999.0 -9999.0 -9999.0 -9999.0 -9999.0 -9999.0 -9999.0 -9999.0 -9999.0 -9999.0 -9999.0 -9999.0 -9999.0 -9999.0 -9999.0 -9999.0 -9999.0 -9999.0 -9999.0 -9999.0 -9999.0 -9999.0 -9999.0
-9999.0 -9999.0 -9999.0 -9999.0 -9999.0 -9999.0 -9999.0 -9999.0 -9999.0 -9999.0 -9999.0 -9999.0 -9999.0 -664.594658 428.931613 -869.666821 -853.204612 -945.640422 -470.487405 -886.853447 31.838845 -2662.369610 38.776622 -550.529565 -481.302599 43.423119 -247.795757 -168.439734 37.719676 -153.970081 50.935873 -40.120967 -116.452385 -45.879709 -105.678074 -9999.0 -9999.0 -9999.0 -9999.0 -9999.0 -9999.0 -9999.0 -9999.0 -9999.0 -9999.0 -9999.0 -9999.0 -9999.0 -9999.0 -9999.0 -9999.0 -9999.0 -9999.0 -9999.0 -9999.0 -9999.0 -9999.0 -9999.0 -9999.0 -9999.0 -9999.0
-9999.0 -9999.0 -9999.0 -9999.0 -9999.0 -9999.0 -9999.0 -9999.0 -9999.0 -9999.0 -9999.0 -9999.0 -842.353099 4258.636625 -741.214317 -203.288375 -436.759532 -809.443689 -302.110415 -4952.769168 -828.292507 -519.366822 42.173915 30.489288 2341.031162 31.935637 751.015183 35.536196 72.387660 -113.290125 40.372514 -137.974305 58.235152 -109.879060 -9999.0 -9999.0 -9999.0 -9999.0 -9999.0 -9999.0 -9999.0 -9999.0 -9999.0 -9999.0 -9999.0 -9999.0 -9999.0 -9999.0 -9999.0 -9999.0 -9999.0 -9999.0 -9999.0 -9999.0 -9999.0 -9999.0 -9999.0 -9999.0 -9999.0 -9999.0 -9999.0
-9999.0 -9999.0 -9999.0 -9999.0 -9999.0 -9999.0 -9999.0 -9999.0 -9999.0 -9999.0 -9999.0 43.834105 44.523597 158.908424 -322.623954 36.469151 -7616.023072 -561.027887 -224.438028 -437.727774 -444.195598 29.505663 40.044809 33.901805 74.164090 49.858134 33.545384 41.664383 2284.775110 -57.901105 -130.011054 66.997858 -125.572773 -132.191833 -146.197401 -153.410278 -1053.080227 -1916.926072 -2016.893113 -9999.0 -9999.0 -9999.0 -7415.268422 -9999.0 -9999.0 -9999.0 -9999.0 -9999.0 -9999.0 -9999.0 -9999.0 -9999.0 -9999.0 -9999.0 -9999.0 -9999.0 -9999.0 -9999.0 -9999.0 -9999.0 -9999.0
-9999.0 -9999.0 -9999.0 -9999.0 -9999.0 -9999.0 -9999.0 -9999.0 -9999.0 -9999.0 -9999.0 39.749132 36.345389 61.121522 27.546016 31.187248 -454.326662 -1046.108553 -262.254174 35.175571 36.947904 37.891775 43.131751 37.158986 58.796434 40.908633 34.491691 52.882920 -94.559641 -109.545423 47.315783 133.951011 32.715341 43.325932 28.208724 -447.380536 -3326.718242 -3675.369478 -3568.762166 -176.535637 -117.427997 -114.362704 34.265387 -139.413551 -9999.0 -9999.0 -9999.0 36.102139 39.876165 -142.103088 43.503957 -136.838934 -133.648036 35.704382 49.008264 -17.631026 -9999.0 -9999.0 -9999.0 -9999.0 -9999.0
-9999.0 -9999.0 -9999.0 -9999.0 -9999.0 -9999.0 -9999.0 -9999.0 -9999.0 -9999.0 -9999.0 52.779092 32.086005 69.691116 40.359948 34.861586 36.405533 33.717926 33.423066 -189.815062 40.259905 39.519687 33.799077 39.492255 38.263806 -128.236550 41.486798 2280.063303 -147.880311 36.151419 -139.097886 133.065005 40.523099 33.697220 -119.397135 -1090.575775 -2536.935788 -2775.901581 -3822.767668 -6835.931557 -2958.802279 -789.764937 -347.396803 35.095245 34.442793 -9999.0 -142.855528 47.254997 48.951887 52.791640 49.551720 -138.703729 46.309908 44.003272 59.337142 49.860479 -9999.0 -9999.0 -9999.0 -9999.0 -9999.0
-9999.0 -9999.0 -9999.0 -9999.0 -9999.0 -9999.0 -9999.0 -9999.0 -9999.0 -9999.0 -9999.0 -9999.0 48.046766 55.401951 31.080933 34.206984 31.484477 27.672529 35.590136 -204.944854 37.126286 46.351875 54.893796 47.414668 35.100838 37.504623 1568.294595 42.422612 45.678890 -144.557096 37.147967 79.136139 35.451161 36.031008 32.287308 -1111.580897 -2445.400683 -2759.178050 -3811.627545 -3521.337249 -3505.329908 -182.329297 -801.150237 33.338111 -164.354377 38.335112 -157.719687 41.576957 50.588397 55.933406 28.790220 173.449703 775.548871 160.426471 107.701380 63.790383 45.579886 -9999.0 -9999.0 -9999.0 -9999.0
-9999.0 -9999.0 -9999.0 -9999.0 -9999.0 -9999.0 -9999.0 -9999.0 -9999.0 -9999.0 -9999.0 41.571394 32.774498 38.994148 61.574778 42.442241 41.052722 36.692971 39.901815 -389.400746 43.817256 51.567581 57.095149 30.476210 36.360168 62.430091 46.334143 35.241450 32.422819 -158.769917 41.544267 100.895316 47.070016 36.620036 32.169670 -454.331684 -2864.403290 -2704.704180 -2719.728671 -3808.712069 -2158.415225 -1615.038901 -627.835400 -613.903460 36.217915 34.776130 59.121231 -179.361914 -179.821026 23.370060 -167.969960 41.993406 67.261633 -54.760374 -75.939322 -123.660797 -123.441350 -9999.0 -9999.0 -9999.0 -9999.0
-9999.0 -9999.0 -9999.0 -9999.0 -9999.0 -9999.0 -9999.0 -9999.0 -9999.0 -9999.0 1513.042814 44.708615 32.633785 31.833426 31.466093 1368.261237 1368.575941 25.588377 -645.065549 -441.740122 54.022997 56.039074 31.368891 32.103359 41.884613 1695.953888 38.448834 -351.330698 36.875226 36.946492 87.623154 309.573244 44.288806 41.465686 -116.031084 -146.924708 -1121.130972 -2073.677590 -2165.502916 -2678.806021 -2338.160755 -300.547050 -113.598969 -549.702218 31.161155 -130.476220 39.145426 48.720102 61.183097 21.953793 -246.477624 -134.659221 -54.796501 -16.291446 -106.172387 53.578239 61.582344 -9999.0 -9999.0 -9999.0 -9999.0
-9999.0 -9999.0 -9999.0 -9999.0 -9999.0 -9999.0 -9999.0 -9999.0 -9999.0 38.461658 44.412362 62.243876 54.098152 29.412054 56.793193 52.529458 30.526350 30.409898 -412.517337 -753.424959 31.892921 -495.669550 33.591803 -199.006643 24.594455 36.294422 29.059339 34.356187 38.713592 42.862815 24.873969 40.474525 -116.512093 -112.281137 -133.875304 -134.610980 40.191322 -616.323846 -740.255956 -520.047587 -666.069152 -454.630394 -313.741174 -974.398343 -445.012139 28.309825 34.023138 26.809412 29.348663 23.653852 54.345349 -112.012095 -16.748757 -14.118796 -110.742212 90.939429 153.298232 -99.542202 -104.509674 -9999.0 -9999.0
-9999.0 -9999.0 -9999.0 -9999.0 -9999.0 -9999.0 -9999.0 -9999.0 -9999.0 83.748533 42.815504 35.174892 3225.107700 28.122093 27.097586 28.561700 31.976396 30.304138 -502.201869 -844.202416 -742.643426 -814.375680 24.343826 42.251410 36.438835 29.531375 33.328031 35.341693 24.052709 24.266191 46.996068 45.653623 51.513990 36.380333 45.870309 -121.242605 -121.179357 -124.161595 30.677815 43.712605 35.305319 31.895940 -599.544543 -426.338076 -422.046183 -592.416694 -467.299656 -684.503416 -300.254619 21.466454 37.179556 35.940698 -73.948283 49.552868 -28.730153 69.844305 141.455781 99.664181 -102.089484 -9999.0 -9999.0
-9999.0 -9999.0 -9999.0 -9999.0 -9999.0 -9999.0 -9999.0 -9999.0 -9999.0 -9999.0 35.238227 44.429162 42.049377 1676.553029 23.888911 25.266520 30.293501 29.792274 -631.627797 -717.256112 -531.125186 31.700730 34.279713 38.127504 29.139034 32.780415 34.925224 23.912518 44.058252 39.146510 41.068213 3274.706708 38.270043 41.860601 56.905583 65.746609 30.386810 35.939224 -109.395975 44.608040 31.816271 34.421130 3296.360375 35.306424 42.567508 38.464917 42.408670 25.068705 19.981161 36.043186 45.210223 51.512585 -127.951643 -15.712034 51.340933 51.787563 74.831922 11377.574762 128.250505 32.442828 -9999.0
-9999.0 -9999.0 -9999.0 -9999.0 -9999.0 -9999.0 -9999.0 -9999.0 -9999.0 -9999.0 42.269547 38.355881 32.666136 37.732012 -245.352194 -425.856759 23.719364 -583.200419 -863.644227 -751.038401 -759.101388 -547.449713 23.840380 25.364704 31.526881 28.540426 25.331253 46.149982 44.081245 33.002098 39.897116 77.749351 -103.905148 35.473049 37.435809 60.644470 2543.998732 50.319239 45.200118 37.727096 46.247502 -57.014907 81.579397 37.277848 41.289344 41.319372 42.836400 41.468214 58.631434 24.134601 56.982911 55.831433 51.077848 -103.716324 -94.265777 -102.664176 34.581342 36.496438 271.033073 156.207698 -9999.0
-9999.0 -9999.0 -9999.0 -9999.0 -9999.0 -9999.0 -9999.0 -9999.0 37.548751 31.934200 29.703159 44.519688 166.372485 48.186139 35.312540 -326.061803 -871.293193 -949.099389 -932.112712 -789.104778 -908.271654 -826.363464 -703.081485 -704.585184 -615.475529 -134.663635 47.165986 41.377411 51.944464 48.824595 -185.748439 48.516377 44.481290 36.378304 57.701295 31.775984 37.023852 54.738197 38.948080 -172.507116 -261.592337 67.889384 -189.588020 -158.286663 -214.461392 1624.471482 38.111218 41.903678 41.746277 24.674199 57.794554 62.228541 53.395359 45.920658 -166.278853 40.485075 -165.805569 34.550831 30.770063 153.825662 -9999.0
-9999.0 -9999.0 -9999.0 -9999.0 -9999.0 -9999.0 -9999.0 -9999.0 1442.568211 51.497231 36.665849 32.212080 31.465088 1397.287796 30.369112 30.242000 -376.948772 -631.541623 -1107.551967 -870.177901 -835.308546 -945.408847 -641.961782 -825.894367 -922.262759 24.403127 52.861974 50.249360 -192.982103 36.522085 35.451499 -6810.950487 63.045578 -4693.752683 53.881537 39.925076 63.497211 78.700269 46.627387 43.335158 42.336443 35.862027 -389.012116 43.198262 1968.232142 54.399830 -139.719121 39.319963 40.734007 46.221505 22.290157 49.764461 48.143479 35.753418 33.651083 -231.159453 33.073659 35.529114 35.757908 32.971118 -644.926116
-9999.0 -9999.0 -9999.0 -9999.0 -9999.0 -9999.0 -9999.0 -9999.0 34.703406 2358.081559 35.129099 33.125785 108.747848 -118.198331 33.093896 29.664484 -388.406114 -836.030939 -1126.046183 -788.423887 -904.234670 -1038.366179 -971.653965 -908.817674 -763.490320 34.579092 40.472505 37.478530 -208.169925 39.635375 -57183.783841 53.625924 44.158660 40.449120 50.403366 87.436860 61.771606 26.294775 54.637640 54.843503 52.736982 -4204.625576 49.118386 1980.708987 50.538983 47.926352 -382.934582 37.351761 36.743896 35.423306 22.307771 47.138040 40.268649 33.014823 40.175702 54.442600 46.610416 42.216833 37.401802 -119.130359 -525.237570
-9999.0 -9999.0 -9999.0 -9999.0 -9999.0 -9999.0 -9999.0 -9999.0 -436.176976 37.918497 63.891426 -151.443759 39.611553 34.971538 36.785261 29.504851 -495.561626 -1311.301992 -652.888521 -1028.574316 -879.137648 -921.197902 -1251.468264 -1337.064219 -732.819243 31.942545 35.812074 35.037114 31.458537 46.800167 38.243201 50.045698 47.332531 67.434826 45.357306 32.201043 33.889592 22.901837 61.782198 47.762310 38.244252 45.943725 50.976313 -316.387951 35.370564 -333.375834 42.123973 -392.738219 28.398540 28.277831 27.230155 21.761980 39.768814 29.508510 43.462727 53.809916 59.392561 78.873668 -562.856583 -520.055571 -321.827512
-9999.0 -9999.0 -9999.0 -9999.0 -9999.0 -9999.0 -9999.0 -9999.0 29.126060 39.012022 3304.262169 34.259065 43.221721 40.583638 35.828149 28.531132 23.379581 -233.807195 -235.385032 -675.775891 -990.724765 -959.530921 -1010.027112 -1058.227978 -1106.624864 -483.659559 26.863447 35.178355 35.044112 60.129757 36.489614 47.897083 72.205424 57.128621 47.566131 51.752280 42.181512 23.876089 68.256369 50.131408 38.743623 53.147469 61.234887 43.774688 35.655074 38.749922 40.315072 53.579881 27.593062 30.363608 25.319019 -675.485061 -182.288006 -284.531693 122.640113 126.952451 28.200793 -247.810672 -268.897077 -195.940162 31.950498
-9999.0 -9999.0 33.843910 36.561430 794.512835 33.351324 94.133442 49.510842 36.561140 41.266790 54.271293 108.645142 57.278838 50.843574 25.340946 23.039806 35.454658 33.583377 31.535239 25.119311 -807.353202 -1197.463403 -827.567605 -1459.400762 -847.271474 -828.549907 -554.576989 -170.985495 31.103478 50.662359 31.109325 36.707855 149.987613 42.533100 52.480938 40.629337 45.801765 25.373292 57.188158 41.772679 42.557323 50.610894 74.198634 49.619488 36.465987 37.374987 44.238564 46.861216 34.061184 -441.201731 -781.050644 -752.143411 27.730893 28.363587 28.642646 28.035204 71.558356 47.812008 43.017254 40.633265 41.339879
-9999.0 32.994565 41.661562 38.074331 29.864794 69.441148 92.948786 43.686435 41.521728 39.721214 41.321018 40.480993 60.179829 72.269369 25.492526 39.684476 38.973881 34.965847 30.347876 24.405845 -912.692213 -519.269825 -582.112666 -1211.966137 -1576.914190 -1137.613594 -1174.706382 -1161.747213 -651.742835 -125.421076 -740.037144 -517.552278 63.622712 60.956714 49.680908 34.057156 42.292101 24.633245 55.797540 40.097453 38.615249 59.381466 73.208723 39.299659 26.236589 -269.251363 -232.787729 -331.159318 -570.070473 -947.031196 -407.163296 27.678424 74.536713 97.272119 89.995368 51.951759 51.537149 44.751309 47.341071 41.022071 42.579273
