user2019/resources/simulation/Vinschgau/output-maps/psiL0003N1233.asc
ncols         63
nrows         48
xllcorner     598000.000000
yllcorner     5145000.000000
cellsize      1000.000000
NODATA_value  -9999.0
[rows 0 to 24 of 48, columns 0 to 56 of 63]
-9999.0 -9999.0 -9999.0 -9999.0 -9999.0 -9999.0 -9999.0 -9999.0 -9999.0 -9999.0 -9999.0 -9999.0 -9999.0 -9999.0 -9999.0 -9999.0 -9999.0 -9999.0 -9999.0 -9999.0 -9999.0 -9999.0 -9999.0 -9999.0 -9999.0 -9999.0 -9999.0 -9999.0 -9999.0 -9999.0 -9999.0 -9999.0 -9999.0 -9999.0 -9999.0 -9999.0 -9999.0 -9999.0 -9999.0 -9999.0 -9999.0 -9999.0 -9999.0 -9999.0 -9999.0 -9999.0 -9999.0 -9999.0 -9999.0 -9999.0 -9999.0 -9999.0 -9999.0 -9999.0 -9999.0 -9999.0 -9999.0
-9999.0 -9999.0 -9999.0 -9999.0 -9999.0 -9999.0 -9999.0 -9999.0 -9999.0 -9999.0 -9999.0 -9999.0 -9999.0 -9999.0 -9999.0 -9999.0 -9999.0 -9999.0 -9999.0 -9999.0 -9999.0 -9999.0 -9999.0 -9999.0 -9999.0 -9999.0 -9999.0 -166.095574 -456.588597 -68.196837 -266.337154 -288.343966 527.565482 -9999.0 -9999.0 -9999.0 -9999.0 -9999.0 -9999.0 -9999.0 -9999.0 -9999.0 -9999.0 -9999.0 -9999.0 -9999.0 -9999.0 -9999.0 -9999.0 -9999.0 -9999.0 -9999.0 -9999.0 -9999.0 -9999.0 -9999.0 -9999.0
-9999.0 -9999.0 -9999.0 -9999.0 -9999.0 -9999.0 -9999.0 -9999.0 -9999.0 -9999.0 -9999.0 -9999.0 -9999.0 -9999.0 -9999.0 -9999.0 -9999.0 -9999.0 -9999.0 -9999.0 -9999.0 -9999.0 -9999.0 -9999.0 -467.766247 -481.698038 -480.099787 -479.367703 -419.147167 -388.641421 -305.633631 -9999.0 -9999.0 -9999.0 -9999.0 -9999.0 -9999.0 -9999.0 -9999.0 -9999.0 -9999.0 -9999.0 -9999.0 -9999.0 -9999.0 -9999.0 -9999.0 -9999.0 -9999.0 -9999.0 -9999.0 -9999.0 -9999.0 -9999.0 -9999.0 -9999.0 -9999.0
-9999.0 -9999.0 -9999.0 -9999.0 -9999.0 -9999.0 -9999.0 -9999.0 -9999.0 -9999.0 -9999.0 -9999.0 -9999.0 -9999.0 -9999.0 -9999.0 -9999.0 -9999.0 -9999.0 -9999.0 -9999.0 -9999.0 -9999.0 -504.591456 -534.515169 -3103.535658 -3126.101543 -3192.704928 -3198.077212 -540.572889 -314.308345 -146.699014 -9999.0 -9999.0 -9999.0 -9999.0 -9999.0 -9999.0 -9999.0 -9999.0 -9999.0 -9999.0 -9999.0 -9999.0 -9999.0 -9999.0 -9999.0 -9999.0 -9999.0 -9999.0 -9999.0 -9999.0 -9999.0 -9999.0 -9999.0 -9999.0 -9999.0
-9999.0 -9999.0 -9999.0 -9999.0 -9999.0 -9999.0 -9999.0 -9999.0 -9999.0 -9999.0 -9999.0 -9999.0 -9999.0 -9999.0 -9999.0 -9999.0 -9999.0 -9999.0 -1159.045408 -604.632962 -9999.0 -539.241613 -572.467499 -3151.458507 -3022.834968 -3121.151348 -913.456635 -1392.456681 -823.642765 -1113.508434 -468.448179 -323.497350 -102.665744 -138.836676 -9999.0 -9999.0 -9999.0 -9999.0 -9999.0 -9999.0 -9999.0 -9999.0 -9999.0 -9999.0 -9999.0 -9999.0 -9999.0 -9999.0 -9999.0 -9999.0 -9999.0 -9999.0 -9999.0 -9999.0 -9999.0 -9999.0 -9999.0
-9999.0 -9999.0 -9999.0 -9999.0 -9999.0 -9999.0 -9999.0 -9999.0 -9999.0 -9999.0 -9999.0 -9999.0 -9999.0 -9999.0 -9999.0 -9999.0 -9999.0 -2968.392175 -2913.526832 -9697.372261 -1965.401454 -736.895272 -1262.047504 -2993.036061 -1573.083789 -647.392878 371585.851503 -684.251095 48714.803772 -728.812913 -530.471484 -486.309548 -112.372576 -163.776914 -113.384626 -120.850303 -9999.0 -9999.0 -9999.0 -9999.0 -9999.0 -9999.0 -9999.0 -9999.0 -9999.0 -9999.0 -9999.0 -9999.0 -9999.0 -9999.0 -9999.0 -9999.0 -9999.0 -9999.0 -9999.0 -9999.0 -9999.0
-9999.0 -9999.0 -9999.0 -9999.0 -9999.0 -9999.0 -9999.0 -9999.0 -9999.0 -9999.0 -9999.0 -9999.0 -9999.0 -1424.282184 -2628.856746 -2791.874801 -2954.316746 -8687.095513 -2947.350692 -3090.180905 -3019.755312 -2907.615532 -3078.167913 -2126.779358 -748.569085 -565.787914 -89.805716 2171.225582 416.650026 -444.799552 651241.783166 -402.951581 -396.028916 -237.359778 -39.377215 -126.605348 -9999.0 -9999.0 -9999.0 -9999.0 -9999.0 -9999.0 -9999.0 -9999.0 -9999.0 -9999.0 -9999.0 -9999.0 -9999.0 -9999.0 -9999.0 -9999.0 -9999.0 -9999.0 -9999.0 -9999.0 -9999.0
-9999.0 -9999.0 -9999.0 -9999.0 -9999.0 -9999.0 -9999.0 -9999.0 -9999.0 -9999.0 -9999.0 -9999.0 -9999.0 -1082.482856 -3093.455071 -2909.838508 -2907.783650 -2097.392837 -8715.449862 -3108.987759 -2941.039850 -3388.875108 -2535.025889 -1389.590545 -1386.893315 -853.199345 -485.767664 -195.301947 -93.228407 60485.598925 897906.080450 -330.822472 -63.167824 -52.259280 -60.761489 -9999.0 -9999.0 -9999.0 -9999.0 -9999.0 -9999.0 -9999.0 -9999.0 -9999.0 -9999.0 -9999.0 -9999.0 -9999.0 -9999.0 -9999.0 -9999.0 -9999.0 -9999.0 -9999.0 -9999.0 -9999.0 -9999.0
-9999.0 -9999.0 -9999.0 -9999.0 -9999.0 -9999.0 -9999.0 -9999.0 -9999.0 -9999.0 -9999.0 -9999.0 -9999.0 -3149.141220 443.015429 -3197.616583 -2904.797887 -2914.388154 -8808.105687 -2951.212928 -2459.899909 -9002.948179 -722.285677 -76.097979 -2555.078082 -1440.233850 -273.228011 -104.091959 -233.376701 -51.905361 -187.104104 -37.154376 -53.734192 -36.266374 -117.584751 -9999.0 -9999.0 -9999.0 -9999.0 -9999.0 -9999.0 -9999.0 -9999.0 -9999.0 -9999.0 -9999.0 -9999.0 -9999.0 -9999.0 -9999.0 -9999.0 -9999.0 -9999.0 -9999.0 -9999.0 -9999.0 -9999.0
-9999.0 -9999.0 -9999.0 -9999.0 -9999.0 -9999.0 -9999.0 -9999.0 -9999.0 -9999.0 -9999.0 -9999.0 -3103.261463 6330.988485 -3162.544907 -3023.767368 -2360.569637 -2839.953855 -3023.074580 -10213.191042 -3020.343869 -970.032943 -695.464856 -653.062024 709846.675304 -477.165387 711626.112199 -322.535159 -244.173182 -47.542521 -34.857619 -71.938298 -16.318688 -140.185418 -9999.0 -9999.0 -9999.0 -9999.0 -9999.0 -9999.0 -9999.0 -9999.0 -9999.0 -9999.0 -9999.0 -9999.0 -9999.0 -9999.0 -9999.0 -9999.0 -9999.0 -9999.0 -9999.0 -9999.0 -9999.0 -9999.0 -9999.0
-9999.0 -9999.0 -9999.0 -9999.0 -9999.0 -9999.0 -9999.0 -9999.0 -9999.0 -9999.0 -9999.0 -842.824055 -3159.164491 121.140118 -3188.711048 -1473.339384 -10689.875148 -2908.302312 -1699.869789 -11219.463497 -2880.153143 -1869.976783 -703.743286 -526.978763 -477.662966 -429.545511 -285.615495 -382.392986 3166.384039 -112.229283 -108.758496 -383.313929 -42.270927 -127.028638 -74.812146 -52.198247 -375.174386 -675.436328 -584.826046 -9999.0 -9999.0 -9999.0 -130.852025 -9999.0 -9999.0 -9999.0 -9999.0 -9999.0 -9999.0 -9999.0 -9999.0 -9999.0 -9999.0 -9999.0 -9999.0 -9999.0 -9999.0
-9999.0 -9999.0 -9999.0 -9999.0 -9999.0 -9999.0 -9999.0 -9999.0 -9999.0 -9999.0 -9999.0 -780.282065 -3156.074651 -3309.673964 -3289.090640 -2197.561937 -3375.580267 -2975.800883 -2053.473532 -3079.933254 -1934.309157 -1254.407995 -437.188237 928857.907533 1006801.828662 -431.588270 -400.785667 -413.387092 -98.827504 -122.112632 -370.404924 -323.951505 -197.327027 -22.853254 -284.994287 -377.274504 -473.035767 -1112.452532 -908.936061 -126.960473 -121.271213 -130.794822 -306.909414 -108.411934 -9999.0 -9999.0 -9999.0 -450.803168 -35.732375 -38.817844 -29.185793 -57.999303 -49.383117 -45.746275 -44.363849 -59.374310 -9999.0
-9999.0 -9999.0 -9999.0 -9999.0 -9999.0 -9999.0 -9999.0 -9999.0 -9999.0 -9999.0 -9999.0 -721.489844 -882.164046 -615.577353 -1190.493675 -2544.903761 -2477.796487 -2842.024899 -3535.552387 -3155.455065 -1652.120292 -468.387868 1005235.964105 -418.218060 -446.474129 -178.047865 1094029.751459 1081937.163844 -108.604470 -263.688518 -103.250985 1078562.566570 -373.197256 -21.868920 -47.906872 -418.242516 1080430.866065 825249.838697 -1901.079724 -130.343668 -574.445712 -448.316723 -376.922663 -350.086182 -26.542533 -9999.0 -131.919671 -27.279643 -226.262571 -366.486008 -446.924546 -103.037989 -469.009106 -277.393601 -112.186667 -21.572901 -9999.0
-9999.0 -9999.0 -9999.0 -9999.0 -9999.0 -9999.0 -9999.0 -9999.0 -9999.0 -9999.0 -9999.0 -9999.0 -723.401669 38.045185 -1165.747351 -1208.404588 -1722.028401 -2772.414186 -1916.325837 -3049.879977 -2468.767104 -784.667263 80304.338100 720608.780799 1093780.319093 1142010.426016 2301.867994 -570.030564 -307.876037 -91.818053 -387.021451 1131575.864820 -530.049185 -173.202634 -17.795966 -371.487062 1102900.635703 658903.166873 -796.850759 -1991.625266 -1661.316279 -291.334261 1100647.767099 -436.487388 -46.531796 -28.604576 -101.573094 -22.302553 1045519.163440 1072833.857858 33503.070643 975021.219263 975842.841101 994561.343596 996839.584560 3.145881 -30.873892
-9999.0 -9999.0 -9999.0 -9999.0 -9999.0 -9999.0 -9999.0 -9999.0 -9999.0 -9999.0 -9999.0 1072839.543209 -590.660532 -2725.175050 45.114534 -707.606916 -1479.004523 -2507.939848 -2732.606369 -2504.107978 -2674.604463 -999.907323 47.449892 1129528.815177 1158260.256231 1156306.092800 1159201.420328 -327.910110 -309.902361 -188.323249 1150511.135083 1129442.579391 -435.180832 -237.402075 -246.143229 -302.285662 -496.752231 71203.270577 -731.820250 -2116.289556 90169.160484 -780.914855 13582.192575 -70.593222 -574.021004 -310.044979 -325.472699 -84.337256 -96.645112 1247.353994 332753.760031 -343.851038 98491.194541 -32.889632 -38.475781 -32.870662 -40.696458
-9999.0 -9999.0 -9999.0 -9999.0 -9999.0 -9999.0 -9999.0 -9999.0 -9999.0 -9999.0 2165.871937 215283.177195 -577.535451 -627.684613 -813.832750 2021.556088 2021.528968 -1002.876919 -2741.284022 -2404.411245 -2077.319282 -773.225805 1468701.860097 -572.052174 1493.615600 1010258.914408 1103280.776779 268168.754501 -649.522858 -580.114611 399510.044915 399800.765340 -464.949417 -239.657222 -131.666047 -122.895375 -514.842674 858763.202084 1206062.112850 -345.129620 -463.699406 -60.135934 -33.369335 -695.695660 2063.351039 -199.755344 -461.263537 979045.570140 1029140.285826 124.909264 -37.415950 -65.190555 -30.749996 -23.324038 -44.798518 -254.371691 -229.296370
-9999.0 -9999.0 -9999.0 -9999.0 -9999.0 -9999.0 -9999.0 -9999.0 -9999.0 -449.979445 -482.354626 2662.395240 566.256189 507332.832210 796984.661287 67988.421847 4841.517740 -970.307307 -2833.189016 -2622.650662 -2400.805883 -2288.643187 -1335.732715 -1175.832903 -394.932820 1527941.943161 1118383.669926 -466.012035 36634.174581 95.330373 -203.921806 1480260.738826 -137.914080 -87.852650 -129.716333 -116.839275 -467.422941 1263515.754266 1171497.860433 764494.166467 1302284.084381 1510847.611629 1532893.657912 -1080.253675 -1030.209722 1535.271569 -701.091408 834355.176223 779817.381824 -256.134072 866039.528168 -52.166261 -30.295929 -43.959240 -36.208906 1127.994409 763.953900
-9999.0 -9999.0 -9999.0 -9999.0 -9999.0 -9999.0 -9999.0 -9999.0 -9999.0 -520.747994 -455.655236 -628.152329 4783.036073 -300.556722 14172.049545 586592.988614 -603.677412 -884.450003 -2891.881716 -3145.892736 -2920.509271 -3388.149318 -1089.776760 -521.512116 1525244.593317 1178447.714399 825043.206970 716.031792 -337.438058 -550.752786 -540.019378 1427443.838329 -358.251697 -177.338347 -236.506787 -123.547131 -158.864025 -284.702661 -457.451706 -488.600627 1207240.042902 1150307.920190 103936.365734 -505.201776 -1495.632677 -1006.870866 -1035.807696 -723.961788 -450.153439 -560.448501 1472437.809444 939724.227034 -35.146031 945.104413 -22.168885 125970.931639 118833.411776
-9999.0 -9999.0 -9999.0 -9999.0 -9999.0 -9999.0 -9999.0 -9999.0 -9999.0 -9999.0 -382.619240 -491.011373 1355.684100 708578.849375 -431.881518 4237.345202 -521.211002 -1468.567099 -2953.132825 -2887.527807 -2712.848577 -2861.920069 -131.484328 1373363.689845 1134609.400530 2144.400392 -218.051679 -522.692252 -558.069924 1527583.844709 1504511.627876 1496045.501156 1045684.043961 -221.241481 -300.832278 -424.972016 -534.529112 -484.965245 -162.137028 -366.312418 -366.113433 -442.068979 4833.284129 1691.288532 -297.047595 -356.374814 -2374.480456 -1111.457648 -2846.400098 -694.508715 1458813.902714 353969.083222 -38.193220 -23.466076 916.670388 -26.508696 23.670270
-9999.0 -9999.0 -9999.0 -9999.0 -9999.0 -9999.0 -9999.0 -9999.0 -9999.0 -9999.0 -251.040195 -433.110076 -497.573101 73.760252 -505.297483 -931.808245 -962.214225 -2411.123872 -2935.499012 -3114.386607 -2878.416218 -2685.476546 1788.363727 10645.537926 1408.486708 -323.801961 -641.589833 870.759861 1524424.187580 1072987.914340 -391.049403 -303.420926 127694.911750 -233.971976 -401.707128 -418.967978 202674.489658 462731.923433 1007154.631734 -311.451002 -371.873125 -88.466877 1024748.807625 -578.609761 -552.845518 1522969.944098 -199.658088 118.556439 -2611.097000 -1236.185097 26.156397 968044.308465 954435.045598 -32.865187 -5.449065 -32.729143 -28.868858
-9999.0 -9999.0 -9999.0 -9999.0 -9999.0 -9999.0 -9999.0 -9999.0 -385.879798 -354.744702 -346.969895 -360.205886 482709.683899 246721.664662 374595.881328 -862.255228 -2879.182804 -3391.118198 -3167.157780 -3150.861880 -3017.074721 -3000.386736 -2975.138767 -2843.613971 -789.070817 -684.077468 -600.987630 1605369.204632 1211949.203578 1064531.376921 -46.304798 -372.078626 -380.057576 -266.371582 -325.139409 -462.001409 -878.059327 228057.363496 1520671.929889 -128.351645 -211.523543 -426.315135 397313.740825 -151.966155 -505.276897 2116.365620 1497456.044895 229384.015834 850.159909 -681.958533 -419.122955 1040776.523131 323591.147812 863460.515306 -41.514818 -132.688034 -39.929729
-9999.0 -9999.0 -9999.0 -9999.0 -9999.0 -9999.0 -9999.0 -9999.0 -726222411.821082 385014.551487 1063870.721194 -299.375059 -444.074017 1055211.825253 1510994.746758 -613.953069 -2523.992510 -2712.472463 -3011.864240 -3184.361947 -2179.979649 -3582.613568 -3733.285349 -3767.097595 -2904.068946 -1896.679782 -571.121408 269602.898155 41790.999354 -292.930494 -129.840024 -131.462101 -404.146946 -162.440836 -398.909544 -474.032767 -872.616255 28.706926 65061.018537 -500.333760 -388.561061 -14.517858 -194.238101 -541.235107 2603.515296 991377.158702 338708.734722 -478.211503 26624.333170 -515.697522 -434.985090 14743.893728 322816.645398 -27.913485 -427.656849 -85.838367 1026506.253305
-9999.0 -9999.0 -9999.0 -9999.0 -9999.0 -9999.0 -9999.0 -9999.0 -404.387578 3367.184204 17.403432 1039389.595554 -201.184330 348712.198740 839461.117835 1509496.445017 -1039.590655 -2905.636026 -2983.189592 -2187.735043 -3213.801792 -3546.064991 -3647.390990 -3172.926205 -3226.086280 -2677.379241 -596.423220 1572577.789374 95535.174234 -380.306703 -171.429742 -377.530848 1046763.288499 1107950.100604 -432.429572 -725.839903 -407.230693 -453.027868 90836.779351 1077612.749556 -471.843285 -246.849956 -457.588540 2593.015399 1107665.452301 -440.154438 -125.341866 -387.554923 1133122.962539 937.513026 -777.431470 -308.892061 216808.476588 384074.129570 18285.191846 83.279505 25.148824
-9999.0 -9999.0 -9999.0 -9999.0 -9999.0 -9999.0 -9999.0 -9999.0 -54.337923 -463.007118 127542.963513 28296.213676 -399.347183 1045127.411346 1465874.990386 -519.796307 -2838.512594 -2931.936293 -2705.167927 -2978.693977 -3139.270820 -3155.541448 -3390.126550 -3322.212360 -2668.456905 -1107.434221 325858.260282 1530412.393039 -515.817443 1332392.993571 921541.004446 542554.446144 24.157657 599.093270 791.084085 -1010.629020 -1805.876749 -2718.422213 -675.809546 991.197946 -617.309799 -628.060906 -585.145907 -408.711287 -435.231769 -230.881923 -726.630043 -225.648945 -444.698586 1078017.004191 936.394974 -1025.544444 -418.802420 7824.036333 25.374369 -275.355427 -955.222343
-9999.0 -9999.0 -9999.0 -9999.0 -9999.0 -9999.0 -9999.0 -9999.0 -26.122703 -302.102388 -774.094428 1549311.334701 1566475.207840 1588664.043583 -383.523331 -948.759225 -901.775487 -2414.836225 -1512.277069 -2730.819069 -2887.456374 -3045.827241 -3052.581598 -2990.447083 -3239.976450 -1123.422501 1525501.310542 1471.395004 -517.365645 46.246504 1464750.126085 -342.815086 -621.052941 -431.195464 -600.477548 -1693.069360 -2843.869457 -2849.383750 -2815.192362 -733.339500 -747.162371 -759.246389 -541.802206 -352.848747 936077.564599 -631.373623 28309.989563 576639.744715 55272.638173 -266.232532 -855.608674 -1782.677996 -1148.911652 -741.965122 -449.391733 -548.668060 -884.912150
