user2019/resources/simulation/Vinschgau/output-maps/psiL0002N0472.asc
ncols         63
nrows         48
xllcorner     598000.000000
yllcorner     5145000.000000
cellsize      1000.000000
NODATA_value  -9999.0
[rows 0 to 26 of 48, columns 0 to 60 of 63]
-9999.0 -9999.0 -9999.0 -9999.0 -9999.0 -9999.0 -9999.0 -9999.0 -9999.0 -9999.0 -9999.0 -9999.0 -9999.0 -9999.0 -9999.0 -9999.0 -9999.0 -9999.0 -9999.0 -9999.0 -9999.0 -9999.0 -9999.0 -9999.0 -9999.0 -9999.0 -9999.0 -9999.0 -9999.0 -9999.0 -9999.0 -9999.0 -9999.0 -9999.0 -9999.0 -9999.0 -9999.0 -9999.0 -9999.0 -9999.0 -9999.0 -9999.0 -9999.0 -9999.0 -9999.0 -9999.0 -9999.0 -9999.0 -9999.0 -9999.0 -9999.0 -9999.0 -9999.0 -9999.0 -9999.0 -9999.0 -9999.0 -9999.0 -9999.0 -9999.0 -9999.0
-9999.0 -9999.0 -9999.0 -9999.0 -9999.0 -9999.0 -9999.0 -9999.0 -9999.0 -9999.0 -9999.0 -9999.0 -9999.0 -9999.0 -9999.0 -9999.0 -9999.0 -9999.0 -9999.0 -9999.0 -9999.0 -9999.0 -9999.0 -9999.0 -9999.0 -9999.0 -9999.0 -109.495915 36.728106 -129.035629 49.046420 38.387403 494.552243 -9999.0 -9999.0 -9999.0 -9999.0 -9999.0 -9999.0 -9999.0 -9999.0 -9999.0 -9999.0 -9999.0 -9999.0 -9999.0 -9999.0 -9999.0 -9999.0 -9999.0 -9999.0 -9999.0 -9999.0 -9999.0 -9999.0 -9999.0 -9999.0 -9999.0 -9999.0 -9999.0 -9999.0
-9999.0 -9999.0 -9999.0 -9999.0 -9999.0 -9999.0 -9999.0 -9999.0 -9999.0 -9999.0 -9999.0 -9999.0 -9999.0 -9999.0 -9999.0 -9999.0 -9999.0 -9999.0 -9999.0 -9999.0 -9999.0 -9999.0 -9999.0 -9999.0 22.438014 14.942545 20.245249 31.700671 49.596152 67.923836 35.746017 -9999.0 -9999.0 -9999.0 -9999.0 -9999.0 -9999.0 -9999.0 -9999.0 -9999.0 -9999.0 -9999.0 -9999.0 -9999.0 -9999.0 -9999.0 -9999.0 -9999.0 -9999.0 -9999.0 -9999.0 -9999.0 -9999.0 -9999.0 -9999.0 -9999.0 -9999.0 -9999.0 -9999.0 -9999.0 -9999.0
-9999.0 -9999.0 -9999.0 -9999.0 -9999.0 -9999.0 -9999.0 -9999.0 -9999.0 -9999.0 -9999.0 -9999.0 -9999.0 -9999.0 -9999.0 -9999.0 -9999.0 -9999.0 -9999.0 -9999.0 -9999.0 -9999.0 -9999.0 15.498642 24.543620 -551.419139 -592.502112 -545.741877 21.513704 25.890104 33.024401 37.276715 -9999.0 -9999.0 -9999.0 -9999.0 -9999.0 -9999.0 -9999.0 -9999.0 -9999.0 -9999.0 -9999.0 -9999.0 -9999.0 -9999.0 -9999.0 -9999.0 -9999.0 -9999.0 -9999.0 -9999.0 -9999.0 -9999.0 -9999.0 -9999.0 -9999.0 -9999.0 -9999.0 -9999.0 -9999.0
-9999.0 -9999.0 -9999.0 -9999.0 -9999.0 -9999.0 -9999.0 -9999.0 -9999.0 -9999.0 -9999.0 -9999.0 -9999.0 -9999.0 -9999.0 -9999.0 -9999.0 -9999.0 13.752038 21.239407 -9999.0 31.197720 32.092168 -528.756538 -517.948782 -687.547845 -374.078948 -207.134142 -423.375598 -481.685731 33.820507 38.714495 -88.725559 -40.194691 -9999.0 -9999.0 -9999.0 -9999.0 -9999.0 -9999.0 -9999.0 -9999.0 -9999.0 -9999.0 -9999.0 -9999.0 -9999.0 -9999.0 -9999.0 -9999.0 -9999.0 -9999.0 -9999.0 -9999.0 -9999.0 -9999.0 -9999.0 -9999.0 -9999.0 -9999.0 -9999.0
-9999.0 -9999.0 -9999.0 -9999.0 -9999.0 -9999.0 -9999.0 -9999.0 -9999.0 -9999.0 -9999.0 -9999.0 -9999.0 -9999.0 -9999.0 -9999.0 -9999.0 -545.771376 -429.422462 -367.499545 -108.724407 -265.067967 -412.572206 -567.839147 -402.252829 -363.865434 -323.571477 24.524922 -296.037806 3.450420 56.001301 57.729664 -79.575902 -189.826889 -108.039393 -186.682030 -9999.0 -9999.0 -9999.0 -9999.0 -9999.0 -9999.0 -9999.0 -9999.0 -9999.0 -9999.0 -9999.0 -9999.0 -9999.0 -9999.0 -9999.0 -9999.0 -9999.0 -9999.0 -9999.0 -9999.0 -9999.0 -9999.0 -9999.0 -9999.0 -9999.0
-9999.0 -9999.0 -9999.0 -9999.0 -9999.0 -9999.0 -9999.0 -9999.0 -9999.0 -9999.0 -9999.0 -9999.0 -9999.0 36.172713 -227.836683 -413.540282 -474.185031 -90.030279 -525.489068 -515.544948 -397.840092 -500.691611 -614.487078 -385.826107 -358.352494 26.614708 -119.161804 46.569352 21.792439 16.221172 4724.670071 117.931811 83.182597 104.054929 -34.558658 -154.987841 -9999.0 -9999.0 -9999.0 -9999.0 -9999.0 -9999.0 -9999.0 -9999.0 -9999.0 -9999.0 -9999.0 -9999.0 -9999.0 -9999.0 -9999.0 -9999.0 -9999.0 -9999.0 -9999.0 -9999.0 -9999.0 -9999.0 -9999.0 -9999.0 -9999.0
-9999.0 -9999.0 -9999.0 -9999.0 -9999.0 -9999.0 -9999.0 -9999.0 -9999.0 -9999.0 -9999.0 -9999.0 -9999.0 37.920129 -296.068390 -441.116998 -441.973052 15.221608 -91.820193 -570.598204 -534.400447 8.520763 -367.895692 -350.636480 -380.736305 -156.281998 27.776414 -107.339624 -83.923132 33.763552 58.458409 43.828574 -73.310120 -223.946297 -88.453382 -9999.0 -9999.0 -9999.0 -9999.0 -9999.0 -9999.0 -9999.0 -9999.0 -9999.0 -9999.0 -9999.0 -9999.0 -9999.0 -9999.0 -9999.0 -9999.0 -9999.0 -9999.0 -9999.0 -9999.0 -9999.0 -9999.0 -9999.0 -9999.0 -9999.0 -9999.0
-9999.0 -9999.0 -9999.0 -9999.0 -9999.0 -9999.0 -9999.0 -9999.0 -9999.0 -9999.0 -9999.0 -9999.0 -9999.0 -345.369198 487.458750 -416.095935 -393.803737 -450.186386 -91.236454 -428.341024 29.844711 -222.455004 26.240056 -364.253167 -340.944593 36.265437 -122.609478 -87.496374 36.866872 -97.065528 52.519316 -970.334079 -979.868963 -989.660946 -286.100115 -9999.0 -9999.0 -9999.0 -9999.0 -9999.0 -9999.0 -9999.0 -9999.0 -9999.0 -9999.0 -9999.0 -9999.0 -9999.0 -9999.0 -9999.0 -9999.0 -9999.0 -9999.0 -9999.0 -9999.0 -9999.0 -9999.0 -9999.0 -9999.0 -9999.0 -9999.0
-9999.0 -9999.0 -9999.0 -9999.0 -9999.0 -9999.0 -9999.0 -9999.0 -9999.0 -9999.0 -9999.0 -9999.0 -401.201267 3371.628061 -316.047495 18.090128 -249.239568 -372.672555 -167.346787 -279.698650 -408.022727 -323.119132 41.120085 -224.898793 1773.375084 28.061121 586.407215 33.836171 84.640908 -68.296237 -911.910845 -68.687501 65.305661 -145.192139 -9999.0 -9999.0 -9999.0 -9999.0 -9999.0 -9999.0 -9999.0 -9999.0 -9999.0 -9999.0 -9999.0 -9999.0 -9999.0 -9999.0 -9999.0 -9999.0 -9999.0 -9999.0 -9999.0 -9999.0 -9999.0 -9999.0 -9999.0 -9999.0 -9999.0 -9999.0 -9999.0
-9999.0 -9999.0 -9999.0 -9999.0 -9999.0 -9999.0 -9999.0 -9999.0 -9999.0 -9999.0 -9999.0 49.330716 42.152266 139.392399 -209.389861 41.010414 -115.155432 -259.433908 13.160064 -123.029632 -34.024265 18.945079 41.477870 32.678680 71.674861 50.552598 30.849474 41.867496 1634.046220 -83.090485 -78.607958 85.056066 -67.912293 -82.395226 -103.393528 -137.560937 -729.771856 -1035.428332 -1131.364365 -9999.0 -9999.0 -9999.0 -179.428646 -9999.0 -9999.0 -9999.0 -9999.0 -9999.0 -9999.0 -9999.0 -9999.0 -9999.0 -9999.0 -9999.0 -9999.0 -9999.0 -9999.0 -9999.0 -9999.0 -9999.0 -9999.0
-9999.0 -9999.0 -9999.0 -9999.0 -9999.0 -9999.0 -9999.0 -9999.0 -9999.0 -9999.0 -9999.0 43.728920 38.813342 62.858409 25.150261 31.147830 15.996684 -439.801098 12.417184 -264.271353 34.892508 37.409186 44.334385 40.652814 63.148051 41.168424 34.065306 52.934578 -72.244515 -75.552918 49.031862 175.334007 28.039202 39.053405 -149.069695 -331.114715 -1020.658501 -2262.375930 -2588.365136 -83.693905 -74.224139 -78.717445 26.011149 -92.246169 -9999.0 -9999.0 -9999.0 -190.868836 43.445114 -61.903496 50.213464 -41.684592 -31.816513 43.613993 61.757434 -28.680040 -9999.0 -9999.0 -9999.0 -9999.0 -9999.0
-9999.0 -9999.0 -9999.0 -9999.0 -9999.0 -9999.0 -9999.0 -9999.0 -9999.0 -9999.0 -9999.0 62.389309 33.197972 84.723725 46.127559 40.119064 37.834049 38.148900 24.054479 -302.784528 -197.078708 35.196184 35.809865 41.206883 37.617109 -109.997600 38.484845 1613.305848 -116.290201 36.008705 -121.480820 171.580545 31.155429 26.772516 -94.884976 -520.643063 -2051.215570 -4055.748876 -5224.914693 -1281.450237 -1436.373899 -585.901759 -178.133486 26.146416 30.990371 -9999.0 -110.096923 47.148766 51.006911 58.658918 56.566523 -80.407817 53.150052 49.420793 78.824857 54.107813 -9999.0 -9999.0 -9999.0 -9999.0 -9999.0
-9999.0 -9999.0 -9999.0 -9999.0 -9999.0 -9999.0 -9999.0 -9999.0 -9999.0 -9999.0 -9999.0 -9999.0 56.298504 69.762511 34.348508 39.499369 29.739523 19.782937 26.445173 -303.033336 -187.411761 37.711948 52.366832 47.076195 37.415251 37.214865 1038.266818 40.240003 45.686720 -106.434523 35.663428 91.228811 27.030236 27.905956 22.150734 -463.962486 -2561.778333 -4486.887545 -6068.277681 -3893.717479 -1471.094877 -77.064492 -441.432218 22.262956 -101.002099 40.075833 -68.086290 43.706673 54.908311 53.798299 11.836500 217.582892 959.670930 218.337975 157.493888 90.037909 53.007477 -9999.0 -9999.0 -9999.0 -9999.0
-9999.0 -9999.0 -9999.0 -9999.0 -9999.0 -9999.0 -9999.0 -9999.0 -9999.0 -9999.0 -9999.0 51.083050 35.091629 46.139758 81.510330 48.662554 41.898448 38.392029 34.665564 -382.185210 -305.110316 22.238944 37.688285 29.865445 35.170519 50.080526 42.408025 33.424371 31.127069 -98.324636 34.216703 119.247670 40.731212 29.709661 25.422782 18.162885 -1637.062231 -3529.408265 -3443.167777 -3194.862512 -1154.689122 -843.362448 -372.563457 -128.751231 31.444700 32.154857 64.392396 -118.409681 -131.094883 11.292819 -47.746602 42.802530 89.970269 -16.039112 -23.876443 -272.561100 -30.023336 -9999.0 -9999.0 -9999.0 -9999.0
-9999.0 -9999.0 -9999.0 -9999.0 -9999.0 -9999.0 -9999.0 -9999.0 -9999.0 -9999.0 1083.605372 54.176673 38.841740 36.250358 36.503151 986.541547 986.297659 -301.980828 -387.219057 -422.768019 -293.040420 -343.303535 20.588977 27.880986 12.122352 1073.198272 37.753010 -24.872896 36.574454 35.435421 90.164849 367.557862 38.046023 36.316525 -73.799172 -101.448764 -477.041781 -1193.484119 -995.205527 -843.961082 -664.206707 -96.030589 -71.428759 -405.990687 -152.811783 -103.047342 38.785414 48.235869 58.368362 6.007330 -49.573599 -57.491396 -29.565529 -294.468571 -70.624175 71.351548 88.169356 -9999.0 -9999.0 -9999.0 -9999.0
-9999.0 -9999.0 -9999.0 -9999.0 -9999.0 -9999.0 -9999.0 -9999.0 -9999.0 44.074248 53.363992 83.059173 62.959138 35.290641 23.225761 44.485873 30.001440 30.451626 -313.852904 -450.034065 -369.006522 -427.521176 -197.251231 -351.899534 -237.537367 34.998313 20.189614 31.778205 32.975762 26.393657 7.609101 34.981458 -129.801998 -104.988461 -97.418850 -133.352294 26.141277 -475.195897 -669.709635 -289.956320 -318.092487 -340.954306 -452.924335 -535.480028 -476.610553 -302.233322 33.115631 -381.671544 -308.204882 6.478692 68.133933 -60.911817 -394.721361 -42.046515 -37.976734 133.089605 225.755153 -58.514208 -28.068219 -9999.0 -9999.0
-9999.0 -9999.0 -9999.0 -9999.0 -9999.0 -9999.0 -9999.0 -9999.0 -9999.0 117.428698 48.108163 39.711036 2314.223964 24.428600 26.024020 29.370181 35.612420 25.836328 -383.452517 -471.990925 -478.030362 -534.789043 -289.362058 25.553901 28.560780 -249.598608 6.773738 13.915347 6.235658 9.103824 38.920121 40.627547 48.872115 34.008723 43.373274 -96.820847 -101.253844 -105.168944 14.368931 30.847193 -232.186240 -326.744914 -435.943875 -265.339803 -390.427093 -451.533678 -340.582846 -482.514842 -433.398852 6.003156 39.652554 43.111557 -43.829715 65.829238 -8.373527 87.698773 194.688831 131.585096 -76.640401 -9999.0 -9999.0
-9999.0 -9999.0 -9999.0 -9999.0 -9999.0 -9999.0 -9999.0 -9999.0 -9999.0 -9999.0 40.859618 57.207779 47.979231 1290.900828 17.386189 26.880672 24.740414 -268.049994 -460.265071 -442.465933 -426.758579 -237.218919 13.197303 30.101120 -269.520844 -304.769073 -401.338250 6.586252 39.417495 38.865297 39.752773 2196.497465 37.517418 40.437287 55.367789 61.132110 -273.020793 20.031851 -90.073155 39.151760 25.728358 28.939742 2392.861896 25.980792 30.181987 -155.121031 18.511912 -141.955901 -275.935086 31.563257 47.187612 66.432016 -49.396288 -32.960234 55.397473 64.877545 100.071525 9209.062812 46.407343 -228.033127 -9999.0
-9999.0 -9999.0 -9999.0 -9999.0 -9999.0 -9999.0 -9999.0 -9999.0 -9999.0 -9999.0 52.378029 45.481931 36.925892 41.535850 9.536435 -230.241879 -297.519260 -376.249240 -465.312182 -477.551416 -480.575233 -447.895880 -401.601658 -414.827384 -381.927617 -422.916143 6.568003 43.391068 46.993517 32.506711 38.049878 76.451210 -22.517311 33.754788 34.668834 55.455381 1947.399761 28.429663 40.063982 34.980093 44.631615 -29.705635 72.310119 34.208991 38.617627 33.134705 29.355181 32.491192 28.028592 10.337680 60.519062 56.621532 66.976010 -21.674738 -25.810929 -26.024620 38.844500 38.383357 88.861329 48.553767 -9999.0
-9999.0 -9999.0 -9999.0 -9999.0 -9999.0 -9999.0 -9999.0 -9999.0 47.129780 37.325585 32.301991 56.250610 237.528055 47.671137 41.517787 8.454057 -436.021183 -488.768962 -509.521072 -503.612455 -571.139504 -561.389183 -522.403170 -518.597505 -489.804181 -148.492496 38.539776 37.246419 53.059679 52.389740 -75.500022 47.935385 43.999147 35.582099 57.813189 26.970333 31.964244 28.479806 31.576088 -82.747565 -108.097413 71.565281 -45.423322 -100.744553 -124.261359 1159.998026 35.600021 35.638719 36.024242 7.446527 59.607064 84.559584 72.024984 60.247652 -38.345322 51.993642 -87.361084 39.975170 30.549709 50.639371 -9999.0
-9999.0 -9999.0 -9999.0 -9999.0 -9999.0 -9999.0 -9999.0 -9999.0 1068.893226 65.136323 45.835673 33.814701 33.627525 989.685655 37.906410 28.802583 -273.488219 -407.604197 -579.819088 -554.376596 -563.861776 -650.158295 -531.031187 -601.265562 -600.301812 8.517613 42.223016 42.913966 -7.326284 37.691557 36.729954 -135.004392 66.272535 -129.140839 54.905263 38.939759 59.848235 56.570984 45.761438 45.122757 43.581448 36.807863 -92.919269 45.707269 1395.777763 56.522871 -32.688913 41.919579 38.338991 29.015667 9.513650 52.155693 58.296439 43.529150 42.963805 -34.833126 36.952984 38.543216 26.187009 -6.024463 -411.200758
-9999.0 -9999.0 -9999.0 -9999.0 -9999.0 -9999.0 -9999.0 -9999.0 37.570671 1701.694533 41.926131 39.662837 156.983186 6.014735 30.719935 29.087373 -344.547372 -470.600092 -601.727057 -530.703805 -616.377867 -696.807529 -687.266350 -642.470388 -584.817080 -475.666298 13.638610 33.666544 -13.850491 40.940665 -140.519255 57.120040 45.338550 44.192587 51.053199 91.377558 47.800650 14.442655 55.430904 60.634956 57.108736 -111.071262 53.174351 1418.766290 51.540203 51.995897 -95.399607 41.042800 39.732597 28.165566 6.659524 52.650287 53.672017 39.068464 48.944816 59.862440 46.342327 40.636418 -184.472697 -316.394903 -362.322678
-9999.0 -9999.0 -9999.0 -9999.0 -9999.0 -9999.0 -9999.0 -9999.0 -102.643224 41.691379 81.571850 -16.071105 43.521098 39.032169 42.801381 30.559112 -453.438283 -569.365074 -460.827348 -609.167888 -607.959069 -642.983142 -780.792450 -807.204658 -566.794846 -390.296083 -232.394031 35.820303 28.961847 43.845589 38.271377 48.564249 45.724794 64.099580 46.997636 28.721691 29.939607 10.291308 50.897587 51.476492 37.452643 47.968673 54.147630 -95.881875 35.632093 -93.554113 46.251591 -98.108529 28.654132 28.077839 -77.693947 9.776431 46.437654 30.375385 47.407737 54.487104 64.787589 47.970016 -351.730254 -334.581476 -285.151193
-9999.0 -9999.0 -9999.0 -9999.0 -9999.0 -9999.0 -9999.0 -9999.0 29.887232 42.690856 2285.488161 33.569364 47.853915 46.554040 39.030290 -60.157867 9.396108 -312.393517 -189.466567 -411.035244 -574.578521 -653.509723 -714.816843 -774.888502 -766.871676 -476.286406 -402.060184 -305.310122 -321.637962 46.765927 38.828238 40.356250 66.022129 44.667906 34.954362 36.311652 22.721907 10.857316 62.383210 45.598022 40.525189 46.186433 62.255308 45.952429 37.697569 41.347652 42.943492 55.691382 14.369542 -317.025004 -393.866433 -357.010715 11.132641 -211.891229 98.118377 112.086731 9.713635 -214.581547 -242.254641 -268.213431 -69.161861
-9999.0 -9999.0 36.749264 41.102539 619.054202 25.802300 113.221604 59.662675 41.713204 45.742119 43.071760 105.500723 53.172115 47.620025 10.314342 8.113513 29.708092 24.421697 -186.888797 11.754401 -479.967518 -559.579394 -438.467864 -815.755848 -630.925651 -565.785420 -468.272409 -449.496516 -447.577603 17.591126 -287.950720 23.862463 87.042996 33.147336 14.219271 -119.009942 -324.478603 11.805132 49.060474 38.020953 36.483617 41.321441 63.038678 18.377479 30.456739 28.213732 14.535049 31.660687 -384.085719 -409.255388 -429.500592 -338.021476 8.877423 10.226631 11.216579 14.164482 53.870473 20.834181 23.252783 27.956155 40.689459
-9999.0 -168.625579 44.905074 40.191209 17.700643 65.244015 108.102721 50.431006 48.446845 43.116665 44.753619 40.450596 58.583010 77.723496 10.170918 37.023706 34.332727 34.383272 -243.009106 -337.711269 -541.405961 -512.158488 44.845395 -514.884896 -747.954733 -658.178986 -609.691619 -578.013338 -531.090038 -408.316199 -531.515718 -458.246397 27.588589 -153.416292 -421.965487 -411.044935 -421.716948 -394.898953 22.349853 -164.561823 -290.502944 -115.122440 50.795048 -372.180956 -353.031239 -380.179932 -364.750053 -422.971962 -462.617842 -413.079660 -312.164113 8.973875 48.794617 70.161281 69.986295 50.731261 51.540641 43.674848 40.710023 38.300227 44.192754
