user2019/resources/simulation/Vinschgau/output-maps/psiL0006N1446.asc
ncols         63
nrows         48
xllcorner     598000.000000
yllcorner     5145000.000000
cellsize      1000.000000
NODATA_value  -9999.0
[rows 0 to 25 of 48, columns 0 to 57 of 63]
-9999.0 -9999.0 -9999.0 -9999.0 -9999.0 -9999.0 -9999.0 -9999.0 -9999.0 -9999.0 -9999.0 -9999.0 -9999.0 -9999.0 -9999.0 -9999.0 -9999.0 -9999.0 -9999.0 -9999.0 -9999.0 -9999.0 -9999.0 -9999.0 -9999.0 -9999.0 -9999.0 -9999.0 -9999.0 -9999.0 -9999.0 -9999.0 -9999.0 -9999.0 -9999.0 -9999.0 -9999.0 -9999.0 -9999.0 -9999.0 -9999.0 -9999.0 -9999.0 -9999.0 -9999.0 -9999.0 -9999.0 -9999.0 -9999.0 -9999.0 -9999.0 -9999.0 -9999.0 -9999.0 -9999.0 -9999.0 -9999.0 -9999.0
-9999.0 -9999.0 -9999.0 -9999.0 -9999.0 -9999.0 -9999.0 -9999.0 -9999.0 -9999.0 -9999.0 -9999.0 -9999.0 -9999.0 -9999.0 -9999.0 -9999.0 -9999.0 -9999.0 -9999.0 -9999.0 -9999.0 -9999.0 -9999.0 -9999.0 -9999.0 -9999.0 -741.600429 -121.939699 -641.477755 -109.351252 -78.371968 -12.827874 -9999.0 -9999.0 -9999.0 -9999.0 -9999.0 -9999.0 -9999.0 -9999.0 -9999.0 -9999.0 -9999.0 -9999.0 -9999.0 -9999.0 -9999.0 -9999.0 -9999.0 -9999.0 -9999.0 -9999.0 -9999.0 -9999.0 -9999.0 -9999.0 -9999.0
-9999.0 -9999.0 -9999.0 -9999.0 -9999.0 -9999.0 -9999.0 -9999.0 -9999.0 -9999.0 -9999.0 -9999.0 -9999.0 -9999.0 -9999.0 -9999.0 -9999.0 -9999.0 -9999.0 -9999.0 -9999.0 -9999.0 -9999.0 -9999.0 -1288.713651 -1116.340127 -771.043289 -1285.471378 -712.769956 -118.895423 -110.445435 -9999.0 -9999.0 -9999.0 -9999.0 -9999.0 -9999.0 -9999.0 -9999.0 -9999.0 -9999.0 -9999.0 -9999.0 -9999.0 -9999.0 -9999.0 -9999.0 -9999.0 -9999.0 -9999.0 -9999.0 -9999.0 -9999.0 -9999.0 -9999.0 -9999.0 -9999.0 -9999.0
-9999.0 -9999.0 -9999.0 -9999.0 -9999.0 -9999.0 -9999.0 -9999.0 -9999.0 -9999.0 -9999.0 -9999.0 -9999.0 -9999.0 -9999.0 -9999.0 -9999.0 -9999.0 -9999.0 -9999.0 -9999.0 -9999.0 -9999.0 -1015.616429 -745.045462 -1394.840130 -2367.939319 -48070.385869 -45411.100057 -136.894702 -110.919260 -105.293810 -9999.0 -9999.0 -9999.0 -9999.0 -9999.0 -9999.0 -9999.0 -9999.0 -9999.0 -9999.0 -9999.0 -9999.0 -9999.0 -9999.0 -9999.0 -9999.0 -9999.0 -9999.0 -9999.0 -9999.0 -9999.0 -9999.0 -9999.0 -9999.0 -9999.0 -9999.0
-9999.0 -9999.0 -9999.0 -9999.0 -9999.0 -9999.0 -9999.0 -9999.0 -9999.0 -9999.0 -9999.0 -9999.0 -9999.0 -9999.0 -9999.0 -9999.0 -9999.0 -9999.0 -782.957730 -820.053339 -9999.0 -782.881357 -768.993632 -37556.450662 -1984.952678 -38568.001220 -898.445149 -979.749068 -971.587049 -1339.679187 -133.634605 -110.964228 -768.581594 -751.043644 -9999.0 -9999.0 -9999.0 -9999.0 -9999.0 -9999.0 -9999.0 -9999.0 -9999.0 -9999.0 -9999.0 -9999.0 -9999.0 -9999.0 -9999.0 -9999.0 -9999.0 -9999.0 -9999.0 -9999.0 -9999.0 -9999.0 -9999.0 -9999.0
-9999.0 -9999.0 -9999.0 -9999.0 -9999.0 -9999.0 -9999.0 -9999.0 -9999.0 -9999.0 -9999.0 -9999.0 -9999.0 -9999.0 -9999.0 -9999.0 -9999.0 -1492.991877 -3044.028985 -154013.865367 -756.017933 -814.897365 -1371.769425 -26423.256297 -999.683328 -916.312570 -296.469766 -1168.586636 -280.124572 -892.986614 -755.382034 -133.788723 -717.599944 -800.036993 -794.718232 -788.459131 -9999.0 -9999.0 -9999.0 -9999.0 -9999.0 -9999.0 -9999.0 -9999.0 -9999.0 -9999.0 -9999.0 -9999.0 -9999.0 -9999.0 -9999.0 -9999.0 -9999.0 -9999.0 -9999.0 -9999.0 -9999.0 -9999.0
-9999.0 -9999.0 -9999.0 -9999.0 -9999.0 -9999.0 -9999.0 -9999.0 -9999.0 -9999.0 -9999.0 -9999.0 -9999.0 -149.413043 -1531.689088 -1463.245146 -1756.084892 -809.584424 -1468.586180 -31837.481647 -2013.311009 -1832.406166 -31515.679829 -1411.118344 -758.068002 -770.619914 -152716.191592 -4518.752095 -43710.780736 -815.965487 9325.233261 -648.377045 -124.701105 -111.374925 -506.496145 -772.989268 -9999.0 -9999.0 -9999.0 -9999.0 -9999.0 -9999.0 -9999.0 -9999.0 -9999.0 -9999.0 -9999.0 -9999.0 -9999.0 -9999.0 -9999.0 -9999.0 -9999.0 -9999.0 -9999.0 -9999.0 -9999.0 -9999.0
-9999.0 -9999.0 -9999.0 -9999.0 -9999.0 -9999.0 -9999.0 -9999.0 -9999.0 -9999.0 -9999.0 -9999.0 -9999.0 -973.506709 -2295.311670 -1618.260853 -1696.585456 -938.154287 -810.932365 -2538.201922 -17158.204832 -24457.839301 -2088.387784 -1317.768454 -1425.311530 -19507.128014 -125.483604 -633.938709 -668.953800 -567.092570 -92.610071 -116.056488 -703.263180 -790.236795 -720.484926 -9999.0 -9999.0 -9999.0 -9999.0 -9999.0 -9999.0 -9999.0 -9999.0 -9999.0 -9999.0 -9999.0 -9999.0 -9999.0 -9999.0 -9999.0 -9999.0 -9999.0 -9999.0 -9999.0 -9999.0 -9999.0 -9999.0 -9999.0
-9999.0 -9999.0 -9999.0 -9999.0 -9999.0 -9999.0 -9999.0 -9999.0 -9999.0 -9999.0 -9999.0 -9999.0 -9999.0 -2520.852885 437.916947 -1470.757401 -1627.113150 -1658.434082 -811.855699 -1536.351484 -1187.144268 -152729.158486 -986.629309 -411.277760 -1523.029056 -1435.973238 -768.666187 -754.310751 -105.852589 -791.408776 -107.055654 -757.025501 -793.994487 -795.131963 -739.761173 -9999.0 -9999.0 -9999.0 -9999.0 -9999.0 -9999.0 -9999.0 -9999.0 -9999.0 -9999.0 -9999.0 -9999.0 -9999.0 -9999.0 -9999.0 -9999.0 -9999.0 -9999.0 -9999.0 -9999.0 -9999.0 -9999.0 -9999.0
-9999.0 -9999.0 -9999.0 -9999.0 -9999.0 -9999.0 -9999.0 -9999.0 -9999.0 -9999.0 -9999.0 -9999.0 -33840.976923 6334.463354 -2412.420610 -1622.944194 -1288.910666 -1535.392977 -1062.816271 -152833.954467 -2003.278756 -1132.934156 -152689.424350 -136.295859 3488.738907 -124.199876 81.962430 -110.437838 -119.501663 -636.177421 -34.582983 -755.000744 -99.825730 -759.567952 -9999.0 -9999.0 -9999.0 -9999.0 -9999.0 -9999.0 -9999.0 -9999.0 -9999.0 -9999.0 -9999.0 -9999.0 -9999.0 -9999.0 -9999.0 -9999.0 -9999.0 -9999.0 -9999.0 -9999.0 -9999.0 -9999.0 -9999.0 -9999.0
-9999.0 -9999.0 -9999.0 -9999.0 -9999.0 -9999.0 -9999.0 -9999.0 -9999.0 -9999.0 -9999.0 -936.290370 -1667.595748 -463.682716 -2352.592092 -1051.010425 -152831.468014 -1595.911130 -821.911482 -152796.427531 -15133.339281 -1161.026484 -133.135593 -132.790560 -15797.584036 -129.366066 -109.566577 -115.979545 1240.026574 -653.683036 -748.053246 -125.074112 -658.214482 -759.701434 -762.245319 -731.935323 -169.833337 -256.958440 -462.166364 -9999.0 -9999.0 -9999.0 -795.348954 -9999.0 -9999.0 -9999.0 -9999.0 -9999.0 -9999.0 -9999.0 -9999.0 -9999.0 -9999.0 -9999.0 -9999.0 -9999.0 -9999.0 -9999.0
-9999.0 -9999.0 -9999.0 -9999.0 -9999.0 -9999.0 -9999.0 -9999.0 -9999.0 -9999.0 -9999.0 -937.454685 -1948.603246 -53195.044713 -2757.598214 -162.218940 -3163.167571 -3532.876928 -849.536604 -1040.904840 -1123.565035 -146.037786 -652.062794 -139.903364 -125.295569 -119.624460 -116.470180 -128.268903 -438.275261 -715.644985 -114.356991 -105.793175 -105.897324 -100.021862 -111.804670 -124.712973 -139.506875 -257.085477 -255.777673 -794.030444 -780.016820 -755.490471 -111.439147 -753.071207 -9999.0 -9999.0 -9999.0 -88.395239 -23.619109 -717.036260 -24.327704 -758.922754 -748.131416 1155.208042 1084.745049 -654.490133 -9999.0 -9999.0
-9999.0 -9999.0 -9999.0 -9999.0 -9999.0 -9999.0 -9999.0 -9999.0 -9999.0 -9999.0 -9999.0 -905.495460 -967.834624 -18537.269729 -787.045418 -164.548653 -1513.888705 -2670.248434 -1496.742747 -1046.214981 -919.963838 -1436.292955 -184.926293 -1078.638236 -120.383094 -719.424682 -141.545538 -16.247218 -704.450052 -106.697216 -717.867510 -135.193084 -127.440791 -102.635784 -715.528187 -137.292617 -181.366022 -1844.751423 -274.055944 -799.352460 -224.699482 -256.705934 -129.788170 -116.664393 -53.300924 -9999.0 -759.422442 -27.742246 -107.369983 -123.858817 -85.980319 -600.081760 -79.098857 -107.421740 -63.114993 -97.277070 -9999.0 -9999.0
-9999.0 -9999.0 -9999.0 -9999.0 -9999.0 -9999.0 -9999.0 -9999.0 -9999.0 -9999.0 -9999.0 -9999.0 -902.089003 -528.036035 -997.639734 -1000.695333 -1196.711609 -2393.724954 -905.200517 -1034.577976 -1734.185128 -10822.982466 -1038.762763 -135.061142 -141.326444 -161.277598 1806.565434 -96.125846 -109.845319 -740.738300 -114.869804 -130.132619 -99.298428 -106.220423 -106.377903 -132.461244 -1505.962747 -3317.220617 -910.868477 -599.755340 -1334.577060 -782.427141 -292.352970 -698.849591 -761.406871 -34.028532 -770.484545 -94.657102 -206.647090 -135.324779 12574.854519 -98.259705 1603.020960 819.149852 -98.445694 -447.836818 -411.800388 -9999.0
-9999.0 -9999.0 -9999.0 -9999.0 -9999.0 -9999.0 -9999.0 -9999.0 -9999.0 -9999.0 -9999.0 1008.241776 -873.784811 -89.716081 -433.107268 -1080.935254 -1396.257779 -1707.916571 -1230.818561 -1118.895995 -1955.426000 -1006.764781 195.837884 -266.280019 -179.564542 -149.632728 1031.607605 -110.758492 -110.253133 -711.266473 -132.512075 -137.718520 -115.669093 -107.610081 -107.194174 -119.234542 -198.359720 -138443.766698 -1002.272052 -270.452024 -139024.411276 -1280.326816 -126.739321 -148877.438808 -125.472307 -110.909780 -118.416332 -760.815956 -749.056070 -131435.710658 -142490.074624 -111.883417 -100.148105 -104209.617691 -136206.347439 -797.768698 -694.717350 -9999.0
-9999.0 -9999.0 -9999.0 -9999.0 -9999.0 -9999.0 -9999.0 -9999.0 -9999.0 -9999.0 2432.027721 -124.683018 -783.487643 -825.536409 -922.609707 697.053255 15.901517 -929.077196 -1405.818354 -1087.774701 -943.304354 -753.162101 -181.980772 -766.554842 -194.602074 3075.521127 -175.461291 -141181.327850 -99.161974 -128.966635 -139.635144 -34.761416 -118.074945 -107.607614 -726.928153 -742.140702 -145.161326 -176.889082 -1665.198263 -282.332095 -916.059662 -137157.158383 -192.478828 -679.767314 -145.473750 -714.716035 -125.961930 -303.417415 -158.834959 -391.578924 -150186.428332 -736.779124 -110825.652360 -779.731770 -791.011227 -105.475583 -106.318110 -9999.0
-9999.0 -9999.0 -9999.0 -9999.0 -9999.0 -9999.0 -9999.0 -9999.0 -9999.0 -122.933002 -560.259970 2295.876218 -119.429490 -192.623465 2612.284681 -52.415438 34.892319 -941.515356 -2463.513208 -1148.208515 -969.510166 -1383.073898 -483.604759 -1243.902078 -449.810225 -130.254042 -160.181745 -118.604034 -536.479191 -36.709544 -314.296776 -798.628465 -647.604052 -773.048697 -752.318539 -739.724670 -131.099164 -152.201329 -160.437506 -147.610404 -199.161911 -267.590148 -167.128122 -1274.001449 -473.806842 -7509.731148 -131.711870 -326.468154 -300.111314 -341.283785 -3472.931144 -713.201966 -791.267363 -726.775334 -745.048368 -168.526907 -103.864370 -537.039877
-9999.0 -9999.0 -9999.0 -9999.0 -9999.0 -9999.0 -9999.0 -9999.0 -9999.0 -82.320186 -121.555359 -130.226531 4823.441071 -523.102396 -121.573522 -198.557540 -804.742012 -1145.106213 -2717.701122 -1046.655384 -1017.242224 -1640.786825 -890.580465 -634.556084 -130.644937 -180.450258 -196.419467 -203.265781 -565.813492 -598.815393 -224.697081 -136.046369 -118.071168 -105.324386 -107.276425 -749.362054 -732.220036 -684.597316 -127.168317 -119.736591 1042.585416 -142.475424 -248.285030 -777.545974 -877.346847 -950.086926 -1276.303176 -8381.367995 -1255.963124 -710.607321 -981.671804 -273.790579 -795.778171 -21.187596 -244.553307 723.472582 -152.932690 -115.125792
-9999.0 -9999.0 -9999.0 -9999.0 -9999.0 -9999.0 -9999.0 -9999.0 -9999.0 -9999.0 -115.377120 -119.724742 -52.833087 2956.207574 -1341.734844 -125.173222 -527.888317 -1384.669870 -2999.131931 -1209.877649 -999.349383 -10518.725240 -521.358107 -155.664033 -187.831486 -145.474234 -383.553788 -788.194614 -232.786400 -129.242808 -107.437508 5597.075054 -154.293569 -106.221352 -123.974083 -114.572375 -768.245958 -700.761253 -678.917333 -115.957425 -117.437046 -681.800386 4881.868120 -554.694701 -217.102293 -717.758259 -471.457096 -891.029825 -26012.361081 -3261.623040 -1356.653850 -3487.525077 -772.621382 -786.469517 -83.603515 -22.514072 -449.123545 10408.498705
-9999.0 -9999.0 -9999.0 -9999.0 -9999.0 -9999.0 -9999.0 -9999.0 -9999.0 -9999.0 -107.809814 -125.932710 -773.270553 122.600808 -588.431549 -971.093751 -837.905281 -1245.315046 -1551.954156 -1396.149971 -1528.993816 -1897.406607 -432.641326 -188.487280 -145.772844 -493.844976 -669.077743 -252.116137 -138.990194 -128.781251 -116.442452 -600.081089 -137555.109908 -106.290824 -117.526861 -660.165340 3830.649255 -127.638097 -230.970978 -110.111448 -117.225524 -214.530448 -124.419305 -140.368528 -587.327738 -674.553940 -391.408685 -216.782577 -1261.713728 -19749.195522 -203.003072 -233.052873 -103.756051 -715.364633 -792.299363 -795.009724 -23.588842 -180.351510
-9999.0 -9999.0 -9999.0 -9999.0 -9999.0 -9999.0 -9999.0 -9999.0 -975.332603 -113.537840 -79.779399 -830.126893 -105.899151 -132.011029 -134.539548 -764.299203 -3571.875021 -1649.735308 -1359.887077 -1454.583763 -1736.645638 -3077.964630 -2777.241376 -2155.032422 -1096.498462 -637.878790 -536.450015 -144.560691 -116.707847 -174.922661 -767.156168 -115.176317 -115.236374 -107.028224 -118.043187 -124.667203 -137.804893 704.536497 -130.259844 -746.864700 -738.334506 -666.597619 -148772.215194 -706.674515 -757.344872 2178.431339 -114.118032 -139.998302 -179.633783 -718.208034 -469.115817 -1095.102349 -112.920796 -214.104037 -797.673152 -58.551810 -592.127460 -658.440455
-9999.0 -9999.0 -9999.0 -9999.0 -9999.0 -9999.0 -9999.0 -9999.0 -20.120281 -128.431968 -262.877645 -108.692737 -121.698481 931.054876 -220.670419 -760.666274 -1608.693945 -2056.567750 -20344.524450 -1462.911965 -868.339741 -1099.246228 -1318.930841 -1681.476285 -2668.507274 -1122.450903 -517.620499 -105.218494 -140669.486252 -108.048407 -102.582806 -780.618141 -122.806633 -774.723241 -1018.621369 -805.098095 -137.667926 -328.063712 -355.250003 -134.264333 -116.823843 -119.553384 -762.004040 -137.437671 2518.142609 -125.220815 -150176.149260 -130.539024 -234.753724 -717.383746 -564.384180 8791.438304 -126.333815 -25.858283 -76.813286 -127009.484020 -251.976969 -369.930773
-9999.0 -9999.0 -9999.0 -9999.0 -9999.0 -9999.0 -9999.0 -9999.0 -117.369814 2193.591903 -135.103215 -225.544691 -633.882953 -134813.730809 -182.362244 -177.894706 -1033.955980 -1723.237147 -3363.756843 -872.444408 -1468.688333 -1116.620688 -1338.085394 -1490.284044 -1234.501791 -2081.088862 -593.412838 -179.901615 -139957.842466 -114.716400 -782.591718 -603.327369 -117.212188 -5947.061659 -620.564423 -131.985437 -1039.096612 -172.814936 -74.840193 -241.853950 -131.813668 -780.212916 -1160.138276 1936.226856 -115.442124 -1191.786077 -780.090388 -616.785420 -135.007466 -190.824036 -733.654510 -384.792145 -157.510536 -152.733028 -282.350428 962.520372 -353.850096 -999.945534
-9999.0 -9999.0 -9999.0 -9999.0 -9999.0 -9999.0 -9999.0 -9999.0 -773.736587 -131.113541 975.104718 -171376.312538 -868.831826 835.221702 -1886.350171 -507.753534 -13175.973004 -3189.015916 -988.994209 -1529.975905 -1434.634849 -1410.832726 -1101.902627 -1126.825207 -1385.085141 -1059.186904 -241.521468 -156.214747 -787.842465 -282.767339 -306.305286 -364.440906 -23137.509907 884.748890 -150186.317240 -143.387242 -158.561008 -2303.044039 -276.961142 -6580.903285 -135.953822 -129.075461 -126.128067 -763.939069 -877.839091 -759.894443 -100.472638 -725.722680 -123.041064 -263.157631 -585.144056 -1020.671209 -452.136611 1589.918009 71.862781 -469.335059 -1484.820633 -969.660542
-9999.0 -9999.0 -9999.0 -9999.0 -9999.0 -9999.0 -9999.0 -9999.0 -64.884765 -730.766287 5617.994108 -159.250283 -153.852175 -190.934520 -313.660239 -886.732187 -765.135282 -1727.961261 -1161.444109 -2123.964243 -1573.952730 -1340.943244 -1400.583433 -1414.449068 -1604.794732 -1008.789019 -241.053828 -109.701292 -729.349832 167.676318 -162.711129 -450.071889 -11857.943451 -756.828030 -5350.877677 -18066.256190 -24720.463171 -3034.070172 -14791.389951 -1097.359551 -8600.985664 -152512.938241 -3925.955007 -123203.316797 -268.325243 -129.049975 -507.189224 -362.192473 -457.197087 -520.511924 -10858.142453 -1202.903014 -1023.856816 -920.213722 -638.702402 -618.765774 -827.875417 -972.773688
-9999.0 -9999.0 -99.090840 -1226.722951 662.051923 -172.639857 -121.232690 -115.371746 -491.756449 -483.576342 -123.293633 1012.952714 -191.226881 73.748825 -961.951955 -98.260367 -187.561856 -189.612180 -180.466385 -782.580110 -2110.606218 -1523.640699 -1156.809032 -1590.497581 -1323.502595 -1782.653130 -939.334436 -918.639110 -1462.887978 -1014.285564 -557.663587 -1095.675777 -985.835331 -2028.638828 -1591.054139 -2584.336068 -1843.630896 -3688.019627 -19445.402244 -12404.429449 -31109.367649 -32041.859330 -12488.255333 -1875.511978 -267.745264 -8135.716915 -959.774273 -757.950623 -22073.235297 -1494.664421 -1636.025104 -987.300411 -840.974374 -745.244239 -667.888226 -702.971728 -804.104837 -1051.987449
