user2019/resources/simulation/Vinschgau/output-maps/psiL0007N0296.asc
ncols         63
nrows         48
xllcorner     598000.000000
yllcorner     5145000.000000
cellsize      1000.000000
NODATA_value  -9999.0
[rows 0 to 25 of 48, columns 0 to 57 of 63]
-9999.0 -9999.0 -9999.0 -9999.0 -9999.0 -9999.0 -9999.0 -9999.0 -9999.0 -9999.0 -9999.0 -9999.0 -9999.0 -9999.0 -9999.0 -9999.0 -9999.0 -9999.0 -9999.0 -9999.0 -9999.0 -9999.0 -9999.0 -9999.0 -9999.0 -9999.0 -9999.0 -9999.0 -9999.0 -9999.0 -9999.0 -9999.0 -9999.0 -9999.0 -9999.0 -9999.0 -9999.0 -9999.0 -9999.0 -9999.0 -9999.0 -9999.0 -9999.0 -9999.0 -9999.0 -9999.0 -9999.0 -9999.0 -9999.0 -9999.0 -9999.0 -9999.0 -9999.0 -9999.0 -9999.0 -9999.0 -9999.0 -9999.0
-9999.0 -9999.0 -9999.0 -9999.0 -9999.0 -9999.0 -9999.0 -9999.0 -9999.0 -9999.0 -9999.0 -9999.0 -9999.0 -9999.0 -9999.0 -9999.0 -9999.0 -9999.0 -9999.0 -9999.0 -9999.0 -9999.0 -9999.0 -9999.0 -9999.0 -9999.0 -9999.0 -594.008938 -593.584887 -593.382284 -584.122702 -582.659359 -582.676441 -9999.0 -9999.0 -9999.0 -9999.0 -9999.0 -9999.0 -9999.0 -9999.0 -9999.0 -9999.0 -9999.0 -9999.0 -9999.0 -9999.0 -9999.0 -9999.0 -9999.0 -9999.0 -9999.0 -9999.0 -9999.0 -9999.0 -9999.0 -9999.0 -9999.0
-9999.0 -9999.0 -9999.0 -9999.0 -9999.0 -9999.0 -9999.0 -9999.0 -9999.0 -9999.0 -9999.0 -9999.0 -9999.0 -9999.0 -9999.0 -9999.0 -9999.0 -9999.0 -9999.0 -9999.0 -9999.0 -9999.0 -9999.0 -9999.0 -594.063769 -593.717765 -593.470960 -593.492041 -593.523777 -593.491141 -587.295789 -9999.0 -9999.0 -9999.0 -9999.0 -9999.0 -9999.0 -9999.0 -9999.0 -9999.0 -9999.0 -9999.0 -9999.0 -9999.0 -9999.0 -9999.0 -9999.0 -9999.0 -9999.0 -9999.0 -9999.0 -9999.0 -9999.0 -9999.0 -9999.0 -9999.0 -9999.0 -9999.0
-9999.0 -9999.0 -9999.0 -9999.0 -9999.0 -9999.0 -9999.0 -9999.0 -9999.0 -9999.0 -9999.0 -9999.0 -9999.0 -9999.0 -9999.0 -9999.0 -9999.0 -9999.0 -9999.0 -9999.0 -9999.0 -9999.0 -9999.0 -593.829660 -593.894441 -804.345180 -397.188182 -772.996455 -755.685217 -593.569724 -593.532419 -593.974549 -9999.0 -9999.0 -9999.0 -9999.0 -9999.0 -9999.0 -9999.0 -9999.0 -9999.0 -9999.0 -9999.0 -9999.0 -9999.0 -9999.0 -9999.0 -9999.0 -9999.0 -9999.0 -9999.0 -9999.0 -9999.0 -9999.0 -9999.0 -9999.0 -9999.0 -9999.0
-9999.0 -9999.0 -9999.0 -9999.0 -9999.0 -9999.0 -9999.0 -9999.0 -9999.0 -9999.0 -9999.0 -9999.0 -9999.0 -9999.0 -9999.0 -9999.0 -9999.0 -9999.0 -433.731352 -495.706916 -9999.0 -593.955433 -593.945812 -750.238738 -295.181311 -829.652074 -1392.615179 -1394.174153 -215.964038 -677.074236 -593.377899 -593.595748 -593.131061 -593.217125 -9999.0 -9999.0 -9999.0 -9999.0 -9999.0 -9999.0 -9999.0 -9999.0 -9999.0 -9999.0 -9999.0 -9999.0 -9999.0 -9999.0 -9999.0 -9999.0 -9999.0 -9999.0 -9999.0 -9999.0 -9999.0 -9999.0 -9999.0 -9999.0
-9999.0 -9999.0 -9999.0 -9999.0 -9999.0 -9999.0 -9999.0 -9999.0 -9999.0 -9999.0 -9999.0 -9999.0 -9999.0 -9999.0 -9999.0 -9999.0 -9999.0 -234.660235 -538.472995 -751.373351 -591.356676 -1426.670504 -594.870702 -652.025339 -393.533457 -683.125494 -635.254274 -614.133196 -616.656262 -1407.576907 -594.035541 -593.447318 -590.990484 -592.585121 -583.401166 -582.291885 -9999.0 -9999.0 -9999.0 -9999.0 -9999.0 -9999.0 -9999.0 -9999.0 -9999.0 -9999.0 -9999.0 -9999.0 -9999.0 -9999.0 -9999.0 -9999.0 -9999.0 -9999.0 -9999.0 -9999.0 -9999.0 -9999.0
-9999.0 -9999.0 -9999.0 -9999.0 -9999.0 -9999.0 -9999.0 -9999.0 -9999.0 -9999.0 -9999.0 -9999.0 -9999.0 -593.749026 -555.584708 -802.237553 -1134.707567 -592.236637 -235.312601 -757.987616 -377.558531 -345.203923 -818.070236 -308.427415 -673.509933 -593.612486 -609.769154 -613.263477 -611.145314 -608.027033 -613.166603 -593.765418 -589.525136 -581.700414 -582.060391 -582.136888 -9999.0 -9999.0 -9999.0 -9999.0 -9999.0 -9999.0 -9999.0 -9999.0 -9999.0 -9999.0 -9999.0 -9999.0 -9999.0 -9999.0 -9999.0 -9999.0 -9999.0 -9999.0 -9999.0 -9999.0 -9999.0 -9999.0
-9999.0 -9999.0 -9999.0 -9999.0 -9999.0 -9999.0 -9999.0 -9999.0 -9999.0 -9999.0 -9999.0 -9999.0 -9999.0 -594.205494 -292.084979 -1041.271747 -1060.978611 -423.881407 -591.667901 -496.774879 -3324.774841 -593.658458 -437.765778 -667.522675 -640.699016 -611.220806 -593.559025 -582.708412 -582.257967 -597.247833 -615.614752 -581.849515 -582.056638 -582.012180 -582.048303 -9999.0 -9999.0 -9999.0 -9999.0 -9999.0 -9999.0 -9999.0 -9999.0 -9999.0 -9999.0 -9999.0 -9999.0 -9999.0 -9999.0 -9999.0 -9999.0 -9999.0 -9999.0 -9999.0 -9999.0 -9999.0 -9999.0 -9999.0
-9999.0 -9999.0 -9999.0 -9999.0 -9999.0 -9999.0 -9999.0 -9999.0 -9999.0 -9999.0 -9999.0 -9999.0 -9999.0 -563.586609 -304.567546 -694.188879 -996.829897 -1000.720261 -591.322871 -227.213057 -485.554339 -612.646359 -694.450891 -638.636356 -626.692035 -625.404690 -593.307898 -582.633342 -593.569793 -582.074154 -582.140101 -582.124596 -582.187948 -582.087981 -581.954497 -9999.0 -9999.0 -9999.0 -9999.0 -9999.0 -9999.0 -9999.0 -9999.0 -9999.0 -9999.0 -9999.0 -9999.0 -9999.0 -9999.0 -9999.0 -9999.0 -9999.0 -9999.0 -9999.0 -9999.0 -9999.0 -9999.0 -9999.0
-9999.0 -9999.0 -9999.0 -9999.0 -9999.0 -9999.0 -9999.0 -9999.0 -9999.0 -9999.0 -9999.0 -9999.0 -679.612837 -294.267047 -301.201178 -623.754824 -1402.531734 -883.863669 -284.992830 -802.167784 -644.899883 -611.881721 -608.574554 -606.738981 -1420.501905 -583.021216 -607.352252 -593.812143 -593.419364 -582.429263 -582.145504 -593.536329 -593.008125 -584.247597 -9999.0 -9999.0 -9999.0 -9999.0 -9999.0 -9999.0 -9999.0 -9999.0 -9999.0 -9999.0 -9999.0 -9999.0 -9999.0 -9999.0 -9999.0 -9999.0 -9999.0 -9999.0 -9999.0 -9999.0 -9999.0 -9999.0 -9999.0 -9999.0
-9999.0 -9999.0 -9999.0 -9999.0 -9999.0 -9999.0 -9999.0 -9999.0 -9999.0 -9999.0 -9999.0 -594.119089 -626.679928 -801.255083 -618.775821 -593.859200 -607.137781 -868.996457 -260.047130 -789.866377 -1232.842125 -1382.369188 -593.544123 -584.506702 -612.792997 -593.458132 -582.726400 -593.616777 -593.665467 -582.290588 -593.181973 -593.253168 -590.053671 -584.469369 -591.870612 -593.355564 -591.680460 -592.242974 -593.169248 -9999.0 -9999.0 -9999.0 -584.555627 -9999.0 -9999.0 -9999.0 -9999.0 -9999.0 -9999.0 -9999.0 -9999.0 -9999.0 -9999.0 -9999.0 -9999.0 -9999.0 -9999.0 -9999.0
-9999.0 -9999.0 -9999.0 -9999.0 -9999.0 -9999.0 -9999.0 -9999.0 -9999.0 -9999.0 -9999.0 -593.881641 -608.308593 -657.872579 -640.662955 -587.882821 -651.995437 -667.169405 -260.343354 -252.479348 -315.725545 -591.572655 -593.914827 -603.684580 -600.482534 -584.703881 -593.428557 -593.272497 -593.021877 -584.173432 -593.330790 -593.250347 -592.479348 -593.078282 -593.390079 -592.168758 -593.282655 -584.093339 -593.779818 -592.783865 -591.922281 -590.211934 -592.253699 -584.265837 -9999.0 -9999.0 -9999.0 -525.647888 -593.962337 -594.484047 -594.146263 -594.614593 -594.277188 -713.414806 -675.116372 -585.151662 -9999.0 -9999.0
-9999.0 -9999.0 -9999.0 -9999.0 -9999.0 -9999.0 -9999.0 -9999.0 -9999.0 -9999.0 -9999.0 -593.947408 -593.954755 -603.631375 -1430.740787 -592.331142 -652.681788 -555.644588 -361.330851 -258.282711 -226.420411 -665.170422 -679.870783 -593.929151 -584.298922 -592.446167 -661.884349 -599.670185 -584.102021 -585.564456 -583.252047 -610.773982 -593.092735 -593.286075 -588.889433 -592.810476 -835.083203 -798.617665 -584.530174 -592.009204 -593.957827 -591.926615 -592.233571 -593.139432 -593.854045 -9999.0 -586.054396 -593.789985 -593.928396 -593.818045 -593.736355 -594.008974 -593.924574 -570.897623 -612.868887 -616.954996 -9999.0 -9999.0
-9999.0 -9999.0 -9999.0 -9999.0 -9999.0 -9999.0 -9999.0 -9999.0 -9999.0 -9999.0 -9999.0 -9999.0 -594.133334 -1433.804978 -585.811529 -594.302391 -657.183019 -599.324530 -474.993807 -251.400114 -539.202484 -677.958730 -688.633508 -670.220410 -608.034968 -656.611995 -343.599652 -583.715549 -585.614513 -593.619700 -593.371882 -635.954891 -593.157368 -593.285237 -587.044730 -592.360737 -607.212040 -701.193104 -350.414259 -592.718841 -591.789674 -592.354035 -674.329637 -567.988578 -593.007422 -593.793533 -594.012470 -593.965931 -609.952476 -642.882947 -1418.061683 -596.630719 -669.512054 -1447.934336 -594.356621 -594.060798 -594.719027 -9999.0
-9999.0 -9999.0 -9999.0 -9999.0 -9999.0 -9999.0 -9999.0 -9999.0 -9999.0 -9999.0 -9999.0 -1454.409231 -593.414908 -592.829724 -661.409273 -659.335462 -635.687386 -618.069942 -300.492448 -231.972552 -612.418214 -419.677674 -619.528344 -624.972997 -650.760415 -520.854269 -1428.836101 -583.992246 -593.212362 -592.842854 -675.710756 -665.368491 -593.934106 -593.599815 -583.032694 -592.950763 -590.048055 -613.376383 -241.370062 -587.200371 -678.771967 -657.743117 -617.244551 -691.275543 -592.964093 -593.745926 -593.865682 -593.594686 -593.837423 -644.997119 -588.339017 -591.666632 -594.216148 -584.261548 -587.085575 -584.226170 -594.438278 -9999.0
-9999.0 -9999.0 -9999.0 -9999.0 -9999.0 -9999.0 -9999.0 -9999.0 -9999.0 -9999.0 -1436.879763 -636.168378 -594.466290 -593.758510 -535.692944 -554.636809 -608.550258 -684.555809 -887.795282 -243.057974 -256.322165 -277.917632 -727.748473 -397.831735 -526.932684 -1425.241376 -597.268775 -595.693171 -592.966100 -593.440980 -655.563014 -605.947286 -593.412056 -585.894880 -582.164297 -591.841593 -591.322747 -618.068029 -819.919218 -752.607872 -807.175981 -604.809723 -584.299057 -226.375182 -642.690364 -592.840082 -593.862786 -666.583871 -605.207162 -661.924413 -600.267402 -584.565812 -586.500403 -584.293127 -584.964883 -598.857590 -599.142480 -9999.0
-9999.0 -9999.0 -9999.0 -9999.0 -9999.0 -9999.0 -9999.0 -9999.0 -9999.0 -592.570108 -1441.242499 -1436.547544 -592.192427 -638.926560 -1412.851621 -607.570196 -599.591254 -439.908031 -551.108874 -236.302007 -253.339894 -685.612197 -983.133776 -451.082853 -1412.685664 -605.218942 -628.948476 -593.134958 -697.487457 -515.030245 -592.134712 -609.813977 -582.541945 -582.443536 -585.858802 -583.868416 -593.357780 -608.037958 -599.207094 -611.703645 -776.619419 -603.054447 -604.753158 -573.187815 -1576.039133 -758.735118 -583.802603 -665.881273 -629.393358 -630.964291 -618.001529 -594.167490 -584.276535 -586.774277 -591.336630 -600.582597 -591.270230 -593.758535
-9999.0 -9999.0 -9999.0 -9999.0 -9999.0 -9999.0 -9999.0 -9999.0 -9999.0 -592.864078 -593.374196 -593.397194 -298.433234 -592.136226 -672.617098 -638.779785 -353.717536 -643.753277 -563.879149 -239.091425 -237.894556 -262.111412 -1130.990939 -476.530947 -605.063347 -655.211454 -614.031830 -524.125287 -373.985284 -1403.075204 -593.640596 -620.825129 -584.425442 -593.959973 -593.346566 -591.657347 -592.641886 -592.432771 -583.726603 -593.502709 -1436.451524 -593.038302 -673.261648 -589.927743 -224.216000 -341.368160 -466.971688 -783.520469 -722.960933 -587.026139 -616.252167 -606.380209 -585.771365 -585.767074 -585.129331 -1441.222327 -601.374558 -619.147807
-9999.0 -9999.0 -9999.0 -9999.0 -9999.0 -9999.0 -9999.0 -9999.0 -9999.0 -9999.0 -593.579886 -593.443103 -609.537857 -220.683753 -698.367400 -667.803328 -588.721323 -362.534669 -442.928388 -252.508817 -255.903454 -943.616247 -535.122927 -659.463116 -645.489718 -561.454786 -364.070389 -421.244138 -593.743131 -599.904613 -597.487673 -1430.053833 -589.836017 -583.998907 -593.121197 -593.885244 -593.853752 -593.692625 -593.522579 -583.420548 -582.787102 -593.752668 -593.711857 -599.537548 -618.366558 -652.589022 -900.767356 -345.120457 -1100.505990 -753.422269 -649.287995 -607.900405 -594.542646 -585.896515 -594.052834 -588.559045 -594.134554 -629.640791
-9999.0 -9999.0 -9999.0 -9999.0 -9999.0 -9999.0 -9999.0 -9999.0 -9999.0 -9999.0 -593.573043 -593.508422 -593.996758 -605.434442 -256.142712 -426.599544 -729.287267 -737.144246 -386.599607 -260.028893 -1029.720345 -489.591641 -490.422215 -619.892362 -566.054114 -388.634611 -453.556276 -532.567574 -614.829721 -588.804873 -584.335829 -593.978849 -599.479606 -584.146309 -584.261346 -593.232887 -699.300406 -654.692010 -610.940150 -585.035591 -593.796412 -593.918840 -598.067958 -585.574143 -1425.909265 -617.719423 -601.748135 -633.468888 -1233.679144 -829.593467 -1515.466891 -609.605189 -609.291504 -594.583556 -584.514424 -594.472303 -592.360698 -598.585928
-9999.0 -9999.0 -9999.0 -9999.0 -9999.0 -9999.0 -9999.0 -9999.0 -594.251218 -593.727017 -592.064943 -593.996307 -601.286484 -612.214064 -645.492835 -232.099531 -497.705321 -259.795985 -288.730109 -277.358005 -547.069658 -495.522013 -511.420018 -488.191929 -414.032456 -453.023917 -340.377725 -608.879976 -598.615740 -593.753329 -583.111995 -584.502962 -586.982973 -588.670476 -593.834403 -583.592143 -593.862599 -645.538771 -603.379484 -593.892345 -586.295854 -593.804674 -585.868736 -583.278132 -593.761574 -594.071774 -599.060104 -600.036379 -706.159298 714.369556 -341.195147 -709.250591 -605.668429 -600.327350 -593.900359 -595.676047 -593.732541 -351.899211
-9999.0 -9999.0 -9999.0 -9999.0 -9999.0 -9999.0 -9999.0 -9999.0 -595.389882 -649.063923 -621.658317 -587.352168 -592.760779 -604.619788 -675.940849 -536.495711 -412.898344 -474.981767 -54543.637433 -251.732759 -322.383458 -285.436214 -262.732684 -293.167348 -526.666142 -504.219389 -389.940915 -615.385514 -588.493684 -593.846969 -593.873858 -593.139998 -593.893562 -594.227306 -594.131237 -593.970002 -593.781203 -657.231202 -610.662178 -593.902815 -589.050125 -583.537615 -584.523435 -593.955371 -586.312245 -599.497918 -586.483780 -586.245097 -601.744557 -402.762385 -400.893576 -638.393237 -614.264109 -596.280381 -593.832325 -636.004939 -666.045242 -658.913418
-9999.0 -9999.0 -9999.0 -9999.0 -9999.0 -9999.0 -9999.0 -9999.0 -593.138141 -593.657184 -594.086011 -606.944509 -594.038982 -592.172847 -582.928884 -798.365379 -556.962994 -433.448535 -580.649209 -197.885754 -446.180681 -215.120544 -314.547027 -364.059402 -128.391630 -549.161401 -392.187363 -636.413004 -599.024763 -593.232810 -593.291535 -593.933532 -616.405950 -617.120795 -594.182896 -593.556535 -605.865642 -830.819863 -623.680277 -604.465836 -594.451706 -594.231647 -594.271508 -594.025342 -595.480005 -594.056705 -593.985808 -554.291310 -594.877688 -697.040307 655.253127 -333.519626 -663.693585 -631.687534 -658.560773 -291.911716 -320.647715 -341.070914
-9999.0 -9999.0 -9999.0 -9999.0 -9999.0 -9999.0 -9999.0 -9999.0 -583.389886 -593.671214 -301.410680 -607.854536 -532.713082 -1201.212681 -835.510392 -506.658487 -12152.709518 -593.215302 -231.904838 -246.189461 -272.067052 -210.460120 -128.155842 -152.653412 -615.796997 -350.612927 -526.509676 -645.432464 -443.803513 -670.433336 -627.362566 -638.789464 -712.961277 -663.861996 -609.856795 -593.759777 -593.714491 -358.952261 -641.817928 -606.893442 -593.970558 -593.968952 -593.898987 -593.532041 -594.247854 -593.874305 -593.808447 -593.847435 -593.596290 -636.249086 -356.073956 -451.102222 -378.321380 -158.869773 -315.416362 -313.667619 -434.202962 934.063673
-9999.0 -9999.0 -9999.0 -9999.0 -9999.0 -9999.0 -9999.0 -9999.0 -593.816761 -593.994280 -1048.805074 -746.954804 -847.805940 -445.396607 -300.682562 -410.943113 -222.945295 -526.016463 -424.551957 -470.432622 -505.195985 10.290879 73.112926 -255.578662 -311.816826 -336.400593 -771.410133 -531.031673 -444.662009 -409.635339 -674.378204 -399.183005 -732.961654 -485.346674 -643.644630 -638.731351 -640.212343 -326.076976 -883.656644 -622.145306 -630.324394 -627.311881 -678.163602 -661.929955 -612.569703 -593.755897 -655.583559 -678.888602 -674.942589 -723.207549 -809.678362 -556.775155 -414.416068 -316.311407 -198.319594 384.059367 521.516052 687.478777
-9999.0 -9999.0 -593.332568 -594.075332 -606.742035 -630.144396 -623.091671 -625.156606 -593.970958 -594.102786 -601.801454 -225.944457 -407.872576 -329.227184 -238.837159 -233.555674 -713.375947 -609.552048 -602.157655 -380.563875 -464.832999 -381.052590 235.347211 -44.474944 -242.403456 -483.501458 -389.214070 -435.648873 -506.930658 -305.655189 -597.821842 -427.510762 -178.545621 -436.735511 -338.940799 -407.496293 -319.608158 -347.601982 -861.830358 -700.619995 -665.460717 -726.731603 -1262.197483 -365.175927 -753.468747 -685.315525 -325.284847 -160.589526 -929.093368 -459.306260 -367.741586 390.732072 414.911777 -4.467686 801.879410 912.637604 513.977476 -154.454193
