user2019/resources/simulation/Vinschgau/output-maps/psiL0006N0943.asc
ncols         63
nrows         48
xllcorner     598000.000000
yllcorner     5145000.000000
cellsize      1000.000000
NODATA_value  -9999.0
[rows 0 to 25 of 48, columns 0 to 58 of 63]
-9999.0 -9999.0 -9999.0 -9999.0 -9999.0 -9999.0 -9999.0 -9999.0 -9999.0 -9999.0 -9999.0 -9999.0 -9999.0 -9999.0 -9999.0 -9999.0 -9999.0 -9999.0 -9999.0 -9999.0 -9999.0 -9999.0 -9999.0 -9999.0 -9999.0 -9999.0 -9999.0 -9999.0 -9999.0 -9999.0 -9999.0 -9999.0 -9999.0 -9999.0 -9999.0 -9999.0 -9999.0 -9999.0 -9999.0 -9999.0 -9999.0 -9999.0 -9999.0 -9999.0 -9999.0 -9999.0 -9999.0 -9999.0 -9999.0 -9999.0 -9999.0 -9999.0 -9999.0 -9999.0 -9999.0 -9999.0 -9999.0 -9999.0 -9999.0
-9999.0 -9999.0 -9999.0 -9999.0 -9999.0 -9999.0 -9999.0 -9999.0 -9999.0 -9999.0 -9999.0 -9999.0 -9999.0 -9999.0 -9999.0 -9999.0 -9999.0 -9999.0 -9999.0 -9999.0 -9999.0 -9999.0 -9999.0 -9999.0 -9999.0 -9999.0 -9999.0 -796.197201 -33.286698 -797.521499 -24.949135 -43.225300 -12.834445 -9999.0 -9999.0 -9999.0 -9999.0 -9999.0 -9999.0 -9999.0 -9999.0 -9999.0 -9999.0 -9999.0 -9999.0 -9999.0 -9999.0 -9999.0 -9999.0 -9999.0 -9999.0 -9999.0 -9999.0 -9999.0 -9999.0 -9999.0 -9999.0 -9999.0 -9999.0
-9999.0 -9999.0 -9999.0 -9999.0 -9999.0 -9999.0 -9999.0 -9999.0 -9999.0 -9999.0 -9999.0 -9999.0 -9999.0 -9999.0 -9999.0 -9999.0 -9999.0 -9999.0 -9999.0 -9999.0 -9999.0 -9999.0 -9999.0 -9999.0 -103.586139 -107.580295 -92.200541 -88.612454 -56.102340 -28.224553 -28.696942 -9999.0 -9999.0 -9999.0 -9999.0 -9999.0 -9999.0 -9999.0 -9999.0 -9999.0 -9999.0 -9999.0 -9999.0 -9999.0 -9999.0 -9999.0 -9999.0 -9999.0 -9999.0 -9999.0 -9999.0 -9999.0 -9999.0 -9999.0 -9999.0 -9999.0 -9999.0 -9999.0 -9999.0
-9999.0 -9999.0 -9999.0 -9999.0 -9999.0 -9999.0 -9999.0 -9999.0 -9999.0 -9999.0 -9999.0 -9999.0 -9999.0 -9999.0 -9999.0 -9999.0 -9999.0 -9999.0 -9999.0 -9999.0 -9999.0 -9999.0 -9999.0 -110.355164 -69.692474 -615.105751 -584.563884 -2050.693089 -356.472702 -38.887896 -32.066249 -26.521728 -9999.0 -9999.0 -9999.0 -9999.0 -9999.0 -9999.0 -9999.0 -9999.0 -9999.0 -9999.0 -9999.0 -9999.0 -9999.0 -9999.0 -9999.0 -9999.0 -9999.0 -9999.0 -9999.0 -9999.0 -9999.0 -9999.0 -9999.0 -9999.0 -9999.0 -9999.0 -9999.0
-9999.0 -9999.0 -9999.0 -9999.0 -9999.0 -9999.0 -9999.0 -9999.0 -9999.0 -9999.0 -9999.0 -9999.0 -9999.0 -9999.0 -9999.0 -9999.0 -9999.0 -9999.0 -304.534077 -103.130534 -9999.0 -106.660483 -73.425046 -797.413770 -470.629137 -2056.425072 -355.166755 -278.053204 -111.484141 -541.683484 -36.643169 -27.354925 -797.601288 -796.998881 -9999.0 -9999.0 -9999.0 -9999.0 -9999.0 -9999.0 -9999.0 -9999.0 -9999.0 -9999.0 -9999.0 -9999.0 -9999.0 -9999.0 -9999.0 -9999.0 -9999.0 -9999.0 -9999.0 -9999.0 -9999.0 -9999.0 -9999.0 -9999.0 -9999.0
-9999.0 -9999.0 -9999.0 -9999.0 -9999.0 -9999.0 -9999.0 -9999.0 -9999.0 -9999.0 -9999.0 -9999.0 -9999.0 -9999.0 -9999.0 -9999.0 -9999.0 -1032.793765 -811.347607 -266020.273883 -799.805520 -219.533493 -520.621163 -291.240113 -401.091740 -369.125574 -312.518617 -251.696317 -335.192821 -279.326263 -73.039494 -29.052577 -804.921674 -804.342185 -798.314685 -797.415635 -9999.0 -9999.0 -9999.0 -9999.0 -9999.0 -9999.0 -9999.0 -9999.0 -9999.0 -9999.0 -9999.0 -9999.0 -9999.0 -9999.0 -9999.0 -9999.0 -9999.0 -9999.0 -9999.0 -9999.0 -9999.0 -9999.0 -9999.0
-9999.0 -9999.0 -9999.0 -9999.0 -9999.0 -9999.0 -9999.0 -9999.0 -9999.0 -9999.0 -9999.0 -9999.0 -9999.0 -39.333416 -368.281068 -700.578916 -1152.844748 -801.203826 -1006.115898 -853.536600 -560.624222 -554.922894 -509.348704 -373.880033 -324.270848 -97.649687 -157141.055326 -240.819510 -233.367523 -326.951637 9307.389913 -41.563985 -26.789683 -24.916925 -795.681696 -797.187853 -9999.0 -9999.0 -9999.0 -9999.0 -9999.0 -9999.0 -9999.0 -9999.0 -9999.0 -9999.0 -9999.0 -9999.0 -9999.0 -9999.0 -9999.0 -9999.0 -9999.0 -9999.0 -9999.0 -9999.0 -9999.0 -9999.0 -9999.0
-9999.0 -9999.0 -9999.0 -9999.0 -9999.0 -9999.0 -9999.0 -9999.0 -9999.0 -9999.0 -9999.0 -9999.0 -9999.0 -12.705076 -493.272589 -764.511835 -1038.844360 -369.543946 -802.559629 -717.339097 -876.234855 -197.357362 -452.349833 -327.482989 -365.138546 -269.805762 -35.451120 -797.225656 -796.931114 -207.371505 -147.500770 -26.624019 -797.717173 -797.844979 -797.459600 -9999.0 -9999.0 -9999.0 -9999.0 -9999.0 -9999.0 -9999.0 -9999.0 -9999.0 -9999.0 -9999.0 -9999.0 -9999.0 -9999.0 -9999.0 -9999.0 -9999.0 -9999.0 -9999.0 -9999.0 -9999.0 -9999.0 -9999.0 -9999.0
-9999.0 -9999.0 -9999.0 -9999.0 -9999.0 -9999.0 -9999.0 -9999.0 -9999.0 -9999.0 -9999.0 -9999.0 -9999.0 -566.601766 797.875282 -598.817547 -800.092389 -956.798209 -803.174848 -1068.808868 -303.219598 -142404.752037 -398.816769 -355.568024 -330.644348 -302.754196 -797.825531 -797.587869 -28.335614 -797.867209 -26.009143 -796.303347 -797.949846 -795.132531 -797.642346 -9999.0 -9999.0 -9999.0 -9999.0 -9999.0 -9999.0 -9999.0 -9999.0 -9999.0 -9999.0 -9999.0 -9999.0 -9999.0 -9999.0 -9999.0 -9999.0 -9999.0 -9999.0 -9999.0 -9999.0 -9999.0 -9999.0 -9999.0 -9999.0
-9999.0 -9999.0 -9999.0 -9999.0 -9999.0 -9999.0 -9999.0 -9999.0 -9999.0 -9999.0 -9999.0 -9999.0 -407.934172 5566.012156 -458.408486 -322.220856 -494.529760 -698.089276 -430.435657 -153196.975692 -529.503606 -373.520923 -5538.634655 -246.515474 3454.328368 -32.978266 46.326912 -30.602716 -25.390677 -797.034992 -30.513935 -797.067793 -23.729869 -797.792102 -9999.0 -9999.0 -9999.0 -9999.0 -9999.0 -9999.0 -9999.0 -9999.0 -9999.0 -9999.0 -9999.0 -9999.0 -9999.0 -9999.0 -9999.0 -9999.0 -9999.0 -9999.0 -9999.0 -9999.0 -9999.0 -9999.0 -9999.0 -9999.0 -9999.0
-9999.0 -9999.0 -9999.0 -9999.0 -9999.0 -9999.0 -9999.0 -9999.0 -9999.0 -9999.0 -9999.0 973.920725 -239.626004 460.763434 -410.620622 1270.945470 -150752.000292 -653.138990 -102.314581 -2570.116269 -325.551052 -304.064745 -36.844241 -34.357100 -228.031456 -27.045941 -24.790432 -25.988438 3559.628878 -794.791731 -797.239714 -25.424005 -796.354088 -797.428893 -797.186179 -799.118524 -163.523000 -293.322723 -670.191666 -9999.0 -9999.0 -9999.0 -800.158179 -9999.0 -9999.0 -9999.0 -9999.0 -9999.0 -9999.0 -9999.0 -9999.0 -9999.0 -9999.0 -9999.0 -9999.0 -9999.0 -9999.0 -9999.0 -9999.0
-9999.0 -9999.0 -9999.0 -9999.0 -9999.0 -9999.0 -9999.0 -9999.0 -9999.0 -9999.0 -9999.0 829.383739 -344.433902 -199.972835 -574.073303 -54.077726 -809.326742 -913.346479 -380.035194 -305.419935 -211.035507 -44.009728 -8.100136 -140.144802 -125.603667 -27.084893 -31.989041 -27.687700 -792.824677 -797.122730 -24.695577 -23.791605 -30.480319 -23.616305 -37.312273 -37.723518 -80.455881 -269.045409 -273.124128 -801.426164 -800.215539 -796.957138 -25.494210 -796.750261 -9999.0 -9999.0 -9999.0 839.268561 -23.627437 -796.032480 -24.338300 -796.248077 -795.995797 843.608680 836.400708 -788.439733 -9999.0 -9999.0 -9999.0
-9999.0 -9999.0 -9999.0 -9999.0 -9999.0 -9999.0 -9999.0 -9999.0 -9999.0 -9999.0 -9999.0 646.022777 -116.754856 -183.848734 1004.618525 -41.225702 -278.385158 -651.989663 -368.866007 -381.817028 -416.979313 -236.901934 -185.127738 -39.373408 -26.845306 -798.602641 -141.826665 -16.249121 -796.712475 -26.029372 -796.565645 -134.403848 -27.198979 -26.951504 -796.831478 -66.900755 -181.573675 -1604.108322 -304.293410 -803.657631 -250.491625 -356.060077 -33.033957 -28.265179 -28.173909 -9999.0 -797.692733 -23.619123 -24.265663 -24.912024 -26.977075 -797.219350 -25.574844 -23.316913 -21.251976 -24.384942 -9999.0 -9999.0 -9999.0
-9999.0 -9999.0 -9999.0 -9999.0 -9999.0 -9999.0 -9999.0 -9999.0 -9999.0 -9999.0 -9999.0 -9999.0 1043.155545 1099.100714 -31.373154 -20.909177 -459.131287 -696.878615 -309.999683 -342.549436 -509.761962 -254.367704 -251.534441 -135.287447 -141.583746 -161.515229 933.051603 -35.291356 -25.043398 -796.395483 -27.418704 -130.441293 -42.230528 -25.473574 -26.932638 -70.680936 -1505.950399 -3317.462513 -2260.364973 -607.816565 -1672.641393 -801.560734 -262.900565 -38.858759 -797.855264 -25.449764 -796.914395 -24.212916 -206.649546 -135.616632 963.830579 -98.654550 1559.157232 775.172900 -98.805238 -57.443098 -59.380721 -9999.0 -9999.0
-9999.0 -9999.0 -9999.0 -9999.0 -9999.0 -9999.0 -9999.0 -9999.0 -9999.0 -9999.0 -9999.0 947.530863 -90.361393 -42.592678 -185.712566 -235.831184 -268.646138 -496.479955 -295.729245 -600.611574 -605.253369 -370.474643 -165.374381 -253.802498 -179.776997 -149.886633 978.730119 -27.365892 -32.212424 -797.942977 -132.828852 -138.022863 -25.627046 -25.219423 -27.720516 -32.712986 -257.215021 -13229.950576 -1347.496367 -290.317780 -7126.168613 -1654.720315 -232.616623 -196550.001241 -41.126006 -31.411982 -25.099747 -797.955349 -798.884918 -1366.470047 -148592.441023 -24.685662 -100.152566 -104222.807338 -136236.184930 -797.851191 -796.149376 -9999.0 -9999.0
-9999.0 -9999.0 -9999.0 -9999.0 -9999.0 -9999.0 -9999.0 -9999.0 -9999.0 -9999.0 3114.475623 -143.620816 -83.566996 -84.727118 -36.884200 -43.071172 -71.088401 -395.565364 -753.751120 -577.632838 -218.199390 -92.704390 -181.510613 -55.900374 -266.010742 3047.378952 -174.468179 -150864.687535 -37.677031 -34.988911 -145.112592 -35.984298 -29.157954 -24.315958 -797.295630 -798.475765 -75.390179 -177.076585 -1665.177545 -322.287380 -205.956540 -103064.175853 -701.212578 -237.432235 -223.020799 -798.875324 -25.772781 -246.383129 -159.086205 -235.073114 -150725.780860 -798.032923 -110848.648684 -779.732301 -797.803618 -24.795487 -24.619695 -9999.0 -9999.0
-9999.0 -9999.0 -9999.0 -9999.0 -9999.0 -9999.0 -9999.0 -9999.0 -9999.0 -26.314960 781.215462 792.873586 -158.958644 -193.223089 794.933891 -158.035522 -204.756927 -133.635676 -777.426094 -725.258531 -276.368488 -679.787763 -217.356137 -366.722255 -283.547313 -130.372719 -160.402304 -37.877390 -265.144391 -217.708726 -248.496787 -798.629035 -796.813192 -797.501662 -796.792987 -797.383017 -27.194106 -152.425902 -160.682181 -173.804739 -199.413321 -267.774188 -166.713890 -561.166258 -157.853400 -234.032433 -40.563101 -268.532201 -245.929514 -272.508993 -3315.688133 -796.906507 -791.268047 -786.656664 -796.452598 -168.596447 -103.836847 -755.211915 -795.825180
-9999.0 -9999.0 -9999.0 -9999.0 -9999.0 -9999.0 -9999.0 -9999.0 -9999.0 -21.179759 -25.709951 -28.781111 6986.819774 -282.588242 -222.251066 -199.000510 -49.061561 -275.832549 -821.974062 -441.625882 -380.649423 -541.999742 -173.238699 -162.645677 -130.738747 -180.661479 -196.908698 -251.685871 -260.190451 -208.183489 -63.652589 -136.172003 -25.838377 -25.532855 -25.146453 -799.109066 -798.790994 -798.943773 -37.645768 -29.339121 986.091982 -141.208438 -253.248593 -241.433460 -421.666332 -290.491999 -225.702535 -265.829413 -248.466611 -256.882816 -981.673663 -274.006013 -795.891304 -21.188818 -471.130691 713.163836 -152.988561 -115.165777 -779.723567
-9999.0 -9999.0 -9999.0 -9999.0 -9999.0 -9999.0 -9999.0 -9999.0 -9999.0 -9999.0 -27.956839 -26.809285 -112.291579 2916.113654 -230.600372 -227.834866 -273.862394 -261.775049 -851.215347 -514.781265 -318.595849 -250.034864 -329.336402 -153.931003 -188.036143 -227.706792 -276.910826 -150.867737 -65.979328 -129.729167 -107.549651 5525.749471 -154.403133 -23.981007 -25.966491 -27.462177 -120.790784 -27.957580 -797.006260 -25.381219 -29.851988 208.234506 6590.925744 -153.433137 -149.289998 -332.357362 -138.733574 -177.750497 -237.756020 -226.749279 -1356.655204 -3482.604131 -796.706519 -786.471845 -83.844570 -22.365456 403.912800 10837.944765 -205.067452
-9999.0 -9999.0 -9999.0 -9999.0 -9999.0 -9999.0 -9999.0 -9999.0 -9999.0 -9999.0 -24.646433 -27.348967 -63.204031 -164.235376 -137.713477 -522.307103 -433.013294 -643.098649 -723.291183 -967.767330 -935.328133 -714.261013 -394.313276 -237.696814 -241.667865 -240.096650 179.963473 -326.693016 -139.429466 -128.871986 -24.894523 -17.401385 -161050.181217 -25.373411 -28.099420 660.368330 3819.683722 -145.866634 -230.651765 -28.523416 -26.323489 -610.402736 -124.867799 -33.667945 874.616992 -661.624252 -224.839480 -151.121445 -134.181221 -61.761658 -188.924713 -232.536449 -104.109417 -795.786581 -792.301618 -795.018376 -23.597915 -168.115368 177.762986
-9999.0 -9999.0 -9999.0 -9999.0 -9999.0 -9999.0 -9999.0 -9999.0 910.506212 -31.245485 -45.852032 -46.431500 -106.072383 -136.986863 -173.620231 -341.370295 -829.239211 -569.704713 -598.307758 -1123.647912 -1117.653906 -925.653420 -840.765126 -729.023611 -347.140309 -165.923626 -221.789510 -145.004970 -117.112698 -175.048224 -797.268885 -24.948951 -26.096343 -27.153513 -26.332391 -30.501484 -44.705066 -154.181375 -130.387687 -796.975314 -797.031284 416.969228 -153636.112786 -797.544639 -799.494879 935.104971 -114.231383 -144.031520 -157.451283 6.986324 -346.251248 -1094.513098 -113.026891 -214.248803 -797.888740 -24.279310 -774.133301 37.985925 -178.521013
-9999.0 -9999.0 -9999.0 -9999.0 -9999.0 -9999.0 -9999.0 -9999.0 -20.120190 -128.568296 -263.096185 -26.888571 -30.587584 880.165132 -220.900592 -323.352140 -625.894069 -718.231795 -1041.052163 -1127.674133 -421.506850 -495.857484 -507.407028 -545.129914 -850.986648 -486.515686 -266.009110 -130.522553 -148669.521109 -27.508662 -26.541466 -797.736277 -25.794047 -796.206551 -42.655286 848.082840 -24.546794 -185.101154 -216.742129 -30.367240 -26.599680 -140.364042 -797.615026 -30.349645 3498.001666 -125.531539 -152105.434915 -29.728030 -157.790744 -366.423790 -4.796630 -133.198025 -126.450260 -25.853446 -32.772429 -148222.715513 -239.680792 -231.432473 -120.584694
-9999.0 -9999.0 -9999.0 -9999.0 -9999.0 -9999.0 -9999.0 -9999.0 -24.996224 -17.547216 -74.037421 -225.716255 -43.818003 -148685.640683 -182.602541 -177.866099 -574.230104 -511.208001 -1092.163869 -466.987537 -1143.752930 -618.303345 -556.346479 -849.080644 -466.835744 -642.822393 -302.624417 -180.216131 -152173.304442 -26.767594 -798.007430 -51.116063 -117.555960 -4669.419483 -46.870134 -26.240184 -171.637058 -61.238786 -105.168641 -200.549234 -27.679631 -797.131646 884.601748 857.628779 -115.824699 664.418581 -798.764479 -65.371317 -135.298276 -146.296658 -293.008681 -323.119044 -157.555773 -152.784738 -241.225528 -114.954911 -79.651210 -65.612251 -341.959692
-9999.0 -9999.0 -9999.0 -9999.0 -9999.0 -9999.0 -9999.0 -9999.0 -797.067548 -27.188469 937.390671 -203452.404840 -36.619596 784.503937 -1848.644984 -327.670162 -414.762554 -1014.877878 -393.806119 -1098.261727 -1047.825696 -980.845361 -599.161025 -786.094228 -755.028450 -495.532404 -320.683905 -156.349813 -68.186795 -257.775694 -257.652687 -230.521869 -3102.611722 -148.919358 -2561.470539 -42.146957 -78.344076 -645.766075 -113.114034 -223.470509 -36.938336 -35.835621 -30.681755 -798.204394 -94.331335 -798.662355 -34.849582 -797.391743 -37.179016 -246.867917 -293.278846 -229.488554 -338.045087 867.936365 -158.691532 185.651491 -153.504855 -246.392426 -475.302877
-9999.0 -9999.0 -9999.0 -9999.0 -9999.0 -9999.0 -9999.0 -9999.0 -84.722953 886.904665 5624.986455 -159.405233 -153.795045 -191.263724 -183.676117 -67.841579 -95.956280 -620.193947 -521.815983 -719.166529 -889.151935 -818.148500 -983.656041 -1024.637399 -415.503000 -524.588700 -241.267316 -228.227466 -260.474559 -177.235771 -161.017566 -222.209001 -46.157055 -175.812494 -190.246052 -193.264340 -225.343285 -751.544194 -187.003139 -80.089014 -179.466001 -999.893844 -215.928716 -1583.889086 -235.181131 -38.111638 -236.370050 -228.215968 -239.917730 -215.897211 -166.763807 -521.674706 -306.712195 -220.813740 245.445455 241.685726 199.543922 -229.526247 -270.638743
-9999.0 -9999.0 -41.801233 -54.028181 666.268921 -172.832699 -121.523832 -115.673061 618.635056 240.063959 -123.608775 955.146451 -191.638305 -105.340247 196.518655 54.173481 -149.150078 -189.889691 -182.224060 -366.203934 -729.161437 -682.058781 -286.857634 -1222.211691 -903.672968 -715.141031 -504.846496 -451.552045 -423.819181 -176.469759 -338.126821 -381.690739 181.523361 -520.566965 -297.252532 -685.984605 -495.209233 -876.692726 -247.220394 -197.500480 -282.386864 -230.047883 -164.086077 -235.006331 -155.607779 -199.658792 -123.589394 -339.298063 -198.620640 -325.574911 -451.742021 -453.016189 -180.359013 -95.766310 200.554718 199.452614 -72.458309 -264.467091 -261.717740
