user2019/resources/simulation/Vinschgau/output-maps/psiL0007N0060.asc
ncols         63
nrows         48
xllcorner     598000.000000
yllcorner     5145000.000000
cellsize      1000.000000
NODATA_value  -9999.0
[rows 0 to 25 of 48, columns 0 to 57 of 63]
-9999.0 -9999.0 -9999.0 -9999.0 -9999.0 -9999.0 -9999.0 -9999.0 -9999.0 -9999.0 -9999.0 -9999.0 -9999.0 -9999.0 -9999.0 -9999.0 -9999.0 -9999.0 -9999.0 -9999.0 -9999.0 -9999.0 -9999.0 -9999.0 -9999.0 -9999.0 -9999.0 -9999.0 -9999.0 -9999.0 -9999.0 -9999.0 -9999.0 -9999.0 -9999.0 -9999.0 -9999.0 -9999.0 -9999.0 -9999.0 -9999.0 -9999.0 -9999.0 -9999.0 -9999.0 -9999.0 -9999.0 -9999.0 -9999.0 -9999.0 -9999.0 -9999.0 -9999.0 -9999.0 -9999.0 -9999.0 -9999.0 -9999.0
-9999.0 -9999.0 -9999.0 -9999.0 -9999.0 -9999.0 -9999.0 -9999.0 -9999.0 -9999.0 -9999.0 -9999.0 -9999.0 -9999.0 -9999.0 -9999.0 -9999.0 -9999.0 -9999.0 -9999.0 -9999.0 -9999.0 -9999.0 -9999.0 -9999.0 -9999.0 -9999.0 -606.445142 -613.954534 -598.222806 -584.688266 -582.691292 -582.689683 -9999.0 -9999.0 -9999.0 -9999.0 -9999.0 -9999.0 -9999.0 -9999.0 -9999.0 -9999.0 -9999.0 -9999.0 -9999.0 -9999.0 -9999.0 -9999.0 -9999.0 -9999.0 -9999.0 -9999.0 -9999.0 -9999.0 -9999.0 -9999.0 -9999.0
-9999.0 -9999.0 -9999.0 -9999.0 -9999.0 -9999.0 -9999.0 -9999.0 -9999.0 -9999.0 -9999.0 -9999.0 -9999.0 -9999.0 -9999.0 -9999.0 -9999.0 -9999.0 -9999.0 -9999.0 -9999.0 -9999.0 -9999.0 -9999.0 -620.001816 -620.042715 -616.100323 -617.386449 -619.385209 -605.885685 -591.634689 -9999.0 -9999.0 -9999.0 -9999.0 -9999.0 -9999.0 -9999.0 -9999.0 -9999.0 -9999.0 -9999.0 -9999.0 -9999.0 -9999.0 -9999.0 -9999.0 -9999.0 -9999.0 -9999.0 -9999.0 -9999.0 -9999.0 -9999.0 -9999.0 -9999.0 -9999.0 -9999.0
-9999.0 -9999.0 -9999.0 -9999.0 -9999.0 -9999.0 -9999.0 -9999.0 -9999.0 -9999.0 -9999.0 -9999.0 -9999.0 -9999.0 -9999.0 -9999.0 -9999.0 -9999.0 -9999.0 -9999.0 -9999.0 -9999.0 -9999.0 -620.002909 -619.982855 -587.253894 -610.845744 -823.364777 -798.756072 -597.669424 -601.487357 -619.307340 -9999.0 -9999.0 -9999.0 -9999.0 -9999.0 -9999.0 -9999.0 -9999.0 -9999.0 -9999.0 -9999.0 -9999.0 -9999.0 -9999.0 -9999.0 -9999.0 -9999.0 -9999.0 -9999.0 -9999.0 -9999.0 -9999.0 -9999.0 -9999.0 -9999.0 -9999.0
-9999.0 -9999.0 -9999.0 -9999.0 -9999.0 -9999.0 -9999.0 -9999.0 -9999.0 -9999.0 -9999.0 -9999.0 -9999.0 -9999.0 -9999.0 -9999.0 -9999.0 -9999.0 -525.516210 -572.810877 -9999.0 -620.009110 -619.994287 -805.328228 -636.788590 -867.653927 -671.817880 -672.573361 -521.491129 -711.232641 -596.118896 -605.669031 -594.174594 -593.483862 -9999.0 -9999.0 -9999.0 -9999.0 -9999.0 -9999.0 -9999.0 -9999.0 -9999.0 -9999.0 -9999.0 -9999.0 -9999.0 -9999.0 -9999.0 -9999.0 -9999.0 -9999.0 -9999.0 -9999.0 -9999.0 -9999.0 -9999.0 -9999.0
-9999.0 -9999.0 -9999.0 -9999.0 -9999.0 -9999.0 -9999.0 -9999.0 -9999.0 -9999.0 -9999.0 -9999.0 -9999.0 -9999.0 -9999.0 -9999.0 -9999.0 -665.557834 -1044.720409 -793.818375 -606.710308 -779.125336 -670.184976 -683.664145 -509.553348 -695.829146 -663.366855 -641.894229 -644.037465 -738.122544 -620.000607 -597.541974 -594.036272 -593.507698 -584.034659 -582.291695 -9999.0 -9999.0 -9999.0 -9999.0 -9999.0 -9999.0 -9999.0 -9999.0 -9999.0 -9999.0 -9999.0 -9999.0 -9999.0 -9999.0 -9999.0 -9999.0 -9999.0 -9999.0 -9999.0 -9999.0 -9999.0 -9999.0
-9999.0 -9999.0 -9999.0 -9999.0 -9999.0 -9999.0 -9999.0 -9999.0 -9999.0 -9999.0 -9999.0 -9999.0 -9999.0 -617.568270 -637.582724 -669.950516 -682.732521 -619.955602 -652.506381 -803.599671 -697.510631 -761.922411 -868.964623 -483.751167 -695.184743 -607.322329 -614.215621 -640.390362 -629.396388 -635.324090 -640.982087 -609.722905 -591.789840 -581.702105 -582.060208 -582.136695 -9999.0 -9999.0 -9999.0 -9999.0 -9999.0 -9999.0 -9999.0 -9999.0 -9999.0 -9999.0 -9999.0 -9999.0 -9999.0 -9999.0 -9999.0 -9999.0 -9999.0 -9999.0 -9999.0 -9999.0 -9999.0 -9999.0
-9999.0 -9999.0 -9999.0 -9999.0 -9999.0 -9999.0 -9999.0 -9999.0 -9999.0 -9999.0 -9999.0 -9999.0 -9999.0 -620.012907 -674.260045 -675.534174 -674.584810 -550.744507 -619.980082 -742.832529 -3136.592276 -619.921638 -688.316318 -708.996383 -671.018944 -637.756648 -606.710608 -582.711104 -582.258684 -603.734559 -643.767434 -581.852487 -582.056458 -582.011993 -582.048117 -9999.0 -9999.0 -9999.0 -9999.0 -9999.0 -9999.0 -9999.0 -9999.0 -9999.0 -9999.0 -9999.0 -9999.0 -9999.0 -9999.0 -9999.0 -9999.0 -9999.0 -9999.0 -9999.0 -9999.0 -9999.0 -9999.0 -9999.0
-9999.0 -9999.0 -9999.0 -9999.0 -9999.0 -9999.0 -9999.0 -9999.0 -9999.0 -9999.0 -9999.0 -9999.0 -9999.0 -673.017060 -583.230222 -648.289935 -688.299236 -667.569791 -619.949616 -649.310518 -563.943342 -614.121255 -725.260115 -666.883960 -655.634754 -654.178416 -599.434025 -582.633864 -606.584423 -582.073967 -582.148390 -582.124397 -582.187755 -582.087776 -581.954313 -9999.0 -9999.0 -9999.0 -9999.0 -9999.0 -9999.0 -9999.0 -9999.0 -9999.0 -9999.0 -9999.0 -9999.0 -9999.0 -9999.0 -9999.0 -9999.0 -9999.0 -9999.0 -9999.0 -9999.0 -9999.0 -9999.0 -9999.0
-9999.0 -9999.0 -9999.0 -9999.0 -9999.0 -9999.0 -9999.0 -9999.0 -9999.0 -9999.0 -9999.0 -9999.0 -714.244135 -580.318626 -673.906607 -643.657903 -733.607884 -675.368185 -447.479027 -855.873691 -675.983983 -639.824416 -622.024892 -633.961040 -748.433664 -583.073879 -634.634119 -615.435643 -603.012911 -582.429086 -582.148216 -595.116788 -595.548411 -584.247391 -9999.0 -9999.0 -9999.0 -9999.0 -9999.0 -9999.0 -9999.0 -9999.0 -9999.0 -9999.0 -9999.0 -9999.0 -9999.0 -9999.0 -9999.0 -9999.0 -9999.0 -9999.0 -9999.0 -9999.0 -9999.0 -9999.0 -9999.0 -9999.0
-9999.0 -9999.0 -9999.0 -9999.0 -9999.0 -9999.0 -9999.0 -9999.0 -9999.0 -9999.0 -9999.0 -620.021321 -655.612753 -636.209396 -647.128514 -617.248041 -607.722463 -685.389130 -521.839789 -840.412179 -1295.108692 -659.595047 -609.878497 -585.195290 -631.003845 -608.259114 -582.752660 -615.453933 -620.062972 -582.290402 -596.635661 -604.322141 -590.437459 -584.469179 -591.889359 -593.360363 -591.681553 -595.291794 -604.117653 -9999.0 -9999.0 -9999.0 -584.556437 -9999.0 -9999.0 -9999.0 -9999.0 -9999.0 -9999.0 -9999.0 -9999.0 -9999.0 -9999.0 -9999.0 -9999.0 -9999.0 -9999.0 -9999.0
-9999.0 -9999.0 -9999.0 -9999.0 -9999.0 -9999.0 -9999.0 -9999.0 -9999.0 -9999.0 -9999.0 -620.079438 -635.583730 -690.445427 -670.663302 -589.607025 -708.089000 -1100.671745 -535.112672 -607.381459 -564.870067 -619.934631 -620.127466 -623.203154 -625.546188 -586.321424 -604.845766 -607.918210 -597.890399 -584.176291 -598.608757 -595.817403 -593.090261 -595.423955 -593.527583 -592.176077 -619.989120 -620.028057 -620.126968 -592.828401 -591.922096 -590.211740 -592.884448 -584.299673 -9999.0 -9999.0 -9999.0 -643.968770 -619.927452 -620.475488 -619.965966 -620.518213 -620.149450 -599.376475 -597.227451 -595.917960 -9999.0 -9999.0
-9999.0 -9999.0 -9999.0 -9999.0 -9999.0 -9999.0 -9999.0 -9999.0 -9999.0 -9999.0 -9999.0 -620.142726 -620.020448 -607.441997 -879.772961 -599.178102 -683.991997 -868.615918 -598.190526 -578.654805 -644.326679 -697.553989 -714.011538 -620.033138 -584.813533 -594.814890 -694.385429 -606.569409 -584.155659 -587.726357 -583.254082 -611.870196 -606.030917 -593.750113 -588.890556 -601.834454 -886.981385 -838.479918 -619.947653 -592.393727 -620.013232 -591.956710 -600.038767 -594.448284 -610.965396 -9999.0 -587.079108 -619.899926 -619.964259 -619.944895 -619.947472 -620.182175 -619.945576 -619.673304 -619.888894 -619.967531 -9999.0 -9999.0
-9999.0 -9999.0 -9999.0 -9999.0 -9999.0 -9999.0 -9999.0 -9999.0 -9999.0 -9999.0 -9999.0 -9999.0 -620.221063 -905.346402 -620.020800 -620.101633 -699.997216 -836.956577 -574.523911 -507.475527 -910.677144 -712.352542 -724.405686 -703.324483 -617.054260 -688.604645 -508.600837 -584.090285 -587.281740 -597.435990 -603.059729 -638.787535 -595.311809 -594.986264 -587.086204 -592.380062 -607.417767 -733.826215 -619.927573 -609.177070 -618.007724 -600.742223 -699.720527 -591.721140 -595.228220 -620.058937 -615.244212 -619.974619 -637.380455 -673.771921 -707.395318 -622.528913 -627.964762 -750.962429 -620.306101 -620.018325 -619.998928 -9999.0
-9999.0 -9999.0 -9999.0 -9999.0 -9999.0 -9999.0 -9999.0 -9999.0 -9999.0 -9999.0 -9999.0 -1057.150430 -614.461978 -597.934797 -693.501005 -691.228624 -679.363042 -775.163164 -551.026642 -638.647400 -911.484284 -870.238794 -647.676816 -639.640416 -682.069704 -617.942038 -826.024970 -584.606355 -606.334328 -596.290537 -708.245792 -691.650096 -620.040371 -596.170697 -583.032485 -592.985529 -590.047880 -613.442284 -647.766344 -619.952429 -710.051129 -700.859288 -681.189960 -697.572627 -619.895359 -620.024435 -619.983142 -619.499094 -620.016139 -654.428935 -591.050570 -598.671228 -620.406764 -584.561867 -588.971280 -584.432851 -620.167064 -9999.0
-9999.0 -9999.0 -9999.0 -9999.0 -9999.0 -9999.0 -9999.0 -9999.0 -9999.0 -9999.0 -746.158620 -665.796591 -620.051348 -616.563330 -618.455101 -651.699880 -635.941321 -714.903097 -664.941613 -651.443245 -587.814645 -565.558999 -755.212672 -529.089957 -644.064207 -711.901268 -606.006807 -595.761635 -616.045702 -619.943396 -692.931299 -633.308887 -608.126674 -586.056251 -582.164102 -591.854874 -591.769890 -620.746615 -853.160108 -791.466540 -825.533805 -633.567229 -608.313810 -634.027527 -703.678325 -596.264222 -619.970248 -690.044525 -671.130190 -694.518667 -605.004769 -584.969851 -587.397106 -584.505838 -585.504601 -619.965245 -619.945907 -9999.0
-9999.0 -9999.0 -9999.0 -9999.0 -9999.0 -9999.0 -9999.0 -9999.0 -9999.0 -603.813478 -795.851733 -812.352828 -674.620331 -668.345902 -748.406406 -634.729571 -621.887014 -557.465831 -905.237160 -652.846482 -591.148348 -928.410011 -1033.638059 -682.098498 -650.479761 -609.355853 -650.806381 -619.930398 -734.079813 -623.551433 -674.917496 -610.671775 -582.541765 -582.443342 -585.858646 -583.868246 -597.405282 -608.761267 -600.482839 -615.322036 -812.425715 -614.079133 -606.673945 -761.329132 -1641.938492 -802.010192 -619.659302 -684.358427 -647.542832 -453.975378 -635.940503 -619.890656 -584.434009 -588.630888 -611.259155 -626.921454 -630.555401 -619.949547
-9999.0 -9999.0 -9999.0 -9999.0 -9999.0 -9999.0 -9999.0 -9999.0 -9999.0 -601.553948 -612.420259 -609.231470 -550.833879 -680.221615 -705.678083 -668.584578 -558.395858 -704.539413 -974.190621 -598.716069 -588.711352 -554.932007 -596.172378 -563.918117 -611.931906 -687.015894 -672.069894 -631.299149 -609.748907 -690.963006 -616.786842 -621.129685 -585.390426 -605.710607 -597.521263 -592.114692 -592.772262 -592.713600 -583.739741 -603.550533 -931.299916 -594.902921 -707.112925 -632.362850 -523.171312 -506.208482 -661.605392 -831.178625 -763.193962 -649.388881 -628.966384 -632.053619 -587.002548 -595.114496 -585.882551 -762.390851 -627.372857 -644.860706
-9999.0 -9999.0 -9999.0 -9999.0 -9999.0 -9999.0 -9999.0 -9999.0 -9999.0 -9999.0 -612.914696 -607.928731 -636.805943 -630.625771 -734.864692 -709.654122 -673.605420 -710.395217 -1039.486800 -616.985349 -582.094474 -991.018757 -633.357827 -687.627442 -676.278357 -643.315295 -622.248387 -640.305201 -620.051252 -619.453813 -600.881231 -849.778016 -590.696824 -584.236337 -605.493201 -620.039702 -619.975917 -620.028628 -594.156975 -583.511929 -582.801836 -619.968005 -619.935615 -624.709086 -621.288989 -668.927276 -940.524587 -482.031975 -904.086699 -795.699084 -659.933701 -634.840174 -620.433556 -587.089304 -620.033328 -596.009588 -619.969901 -659.653207
-9999.0 -9999.0 -9999.0 -9999.0 -9999.0 -9999.0 -9999.0 -9999.0 -9999.0 -9999.0 -613.785917 -612.580091 -620.017634 -643.138748 -507.266507 -861.934974 -866.453307 -675.616529 -696.951275 -615.049123 -685.602411 -861.378689 -793.011482 -685.465133 -644.939184 -619.076664 -583.374104 -619.485254 -641.755471 -589.460850 -584.778145 -620.008070 -599.690825 -584.518949 -584.522885 -602.627289 -736.093771 -664.633485 -612.197568 -586.390817 -620.071197 -614.947497 -624.596746 -586.813303 -867.870973 -640.259877 -628.384434 -651.287916 -1151.718515 -823.343247 -1710.452174 -636.957104 -636.379917 -620.460890 -592.619551 -620.319332 -602.572782 -625.031773
-9999.0 -9999.0 -9999.0 -9999.0 -9999.0 -9999.0 -9999.0 -9999.0 -619.976338 -617.270441 -594.832504 -619.989743 -626.400637 -635.092013 -695.932444 -616.710031 -875.372113 -561.943293 -605.998069 -654.456949 -699.105048 -1052.925611 -963.577819 -839.740717 -672.643341 -619.609054 -519.600002 -635.738195 -625.084619 -602.108148 -583.111878 -585.404930 -590.642178 -599.884333 -620.048229 -583.688573 -619.967785 -667.525347 -603.647598 -607.891098 -586.959481 -609.776099 -586.002861 -583.297212 -620.045787 -619.943384 -603.351048 -626.298509 -738.112890 -248.220918 -619.674555 -738.106915 -632.336880 -623.756732 -620.053910 -619.922380 -619.949879 -492.969349
-9999.0 -9999.0 -9999.0 -9999.0 -9999.0 -9999.0 -9999.0 -9999.0 -597.826183 -679.791037 -625.487202 -589.301778 -612.064942 -631.410112 -705.520457 -718.349948 -772.566714 -764.674334 -1943.623355 -623.742241 -593.313672 -614.579373 -628.085891 -602.853613 -1044.353088 -649.493426 -647.020019 -643.427427 -589.634810 -620.069602 -620.086443 -599.290639 -619.994348 -617.553448 -619.999973 -619.966143 -619.989291 -689.308011 -621.019286 -619.973940 -593.207279 -583.559392 -584.666014 -619.970862 -611.682678 -625.815126 -587.875776 -590.506505 -628.656832 -620.727737 -517.412058 -668.432231 -640.933356 -619.905534 -619.927509 -653.862927 -698.725948 -692.939629
-9999.0 -9999.0 -9999.0 -9999.0 -9999.0 -9999.0 -9999.0 -9999.0 -607.704458 -618.398160 -619.978642 -608.920444 -620.039504 -593.556966 -675.645745 -832.310617 -939.875735 -743.998082 -1043.429218 -561.882814 -591.147022 -617.878268 -631.383969 -673.239725 -577.486285 -823.980556 -631.319435 -664.703704 -599.081200 -612.986836 -602.359255 -619.962042 -638.155626 -619.564738 -619.988382 -619.944154 -633.022451 -869.935285 -632.582270 -631.371625 -620.532216 -620.093272 -619.991284 -620.035662 -621.710268 -620.166806 -619.999889 -619.969590 -620.893800 -727.362061 -291.615598 -530.465783 -678.358831 -646.936090 -692.042263 -448.582504 -410.553411 -429.332907
-9999.0 -9999.0 -9999.0 -9999.0 -9999.0 -9999.0 -9999.0 -9999.0 -583.398113 -619.640533 -502.100422 -608.728568 -617.228976 -666.686479 -875.642671 -887.404654 -2918.661727 -777.477178 -489.859775 -646.739301 -640.268716 -149.600898 -40.364402 -543.577903 -645.211018 -676.227288 -629.632374 -654.942425 -548.985107 -703.434137 -646.656876 -660.590695 -751.009919 -697.587574 -628.075585 -619.945635 -619.967388 -624.702338 -644.330561 -631.084353 -619.956959 -619.969953 -619.966870 -613.297367 -619.978228 -619.970070 -619.966146 -619.967327 -619.888519 -659.352624 -573.813539 -582.743867 -515.728792 -380.863168 -395.805969 -395.167036 -600.149961 462.231036
-9999.0 -9999.0 -9999.0 -9999.0 -9999.0 -9999.0 -9999.0 -9999.0 -620.063519 -619.952594 -674.547220 -779.874412 -894.694331 -770.651633 -543.142475 -628.442251 -471.010480 -729.167512 -692.222732 -752.557585 -666.314070 -118.208668 -101.873980 -615.263118 -549.162538 -726.965328 -806.482527 -628.309114 -624.857674 -570.596391 -697.352224 -558.416941 -774.814231 -591.303243 -659.465551 -653.866605 -670.386125 -582.854163 -915.027129 -650.993339 -637.080458 -635.007208 -711.905984 -681.190283 -631.792881 -619.947584 -677.103849 -713.599677 -708.324349 -762.761046 -807.921971 -739.725293 -560.213578 -447.231762 -248.346175 567.489209 380.479471 380.835756
-9999.0 -9999.0 -607.003613 -620.006830 -633.813228 -659.576515 -651.513483 -653.823005 -620.022265 -619.984262 -628.360873 -567.561260 -727.486678 -590.409306 -485.206917 -485.558037 -746.156625 -636.468711 -628.978125 -702.725902 -773.410627 -685.352433 380.798396 425.029769 -615.156458 -865.140338 -793.395000 -746.787996 -940.256781 -515.521695 -730.615686 -695.520534 -517.572974 -745.434148 -576.979653 -641.973170 -509.955790 -619.745398 -883.933610 -730.973856 -698.361736 -766.125864 -1299.331966 -693.698767 -779.274742 -720.312723 -494.684009 -266.399891 -918.755162 -619.579047 -614.305002 -426.230481 -406.485704 -366.675693 380.826191 378.510861 -409.591140 -342.073156
