user2019/resources/simulation/Vinschgau/output-maps/psiL0005N0759.asc
ncols         63
nrows         48
xllcorner     598000.000000
yllcorner     5145000.000000
cellsize      1000.000000
NODATA_value  -9999.0
[rows 0 to 25 of 48, columns 0 to 58 of 63]
-9999.0 -9999.0 -9999.0 -9999.0 -9999.0 -9999.0 -9999.0 -9999.0 -9999.0 -9999.0 -9999.0 -9999.0 -9999.0 -9999.0 -9999.0 -9999.0 -9999.0 -9999.0 -9999.0 -9999.0 -9999.0 -9999.0 -9999.0 -9999.0 -9999.0 -9999.0 -9999.0 -9999.0 -9999.0 -9999.0 -9999.0 -9999.0 -9999.0 -9999.0 -9999.0 -9999.0 -9999.0 -9999.0 -9999.0 -9999.0 -9999.0 -9999.0 -9999.0 -9999.0 -9999.0 -9999.0 -9999.0 -9999.0 -9999.0 -9999.0 -9999.0 -9999.0 -9999.0 -9999.0 -9999.0 -9999.0 -9999.0 -9999.0 -9999.0
-9999.0 -9999.0 -9999.0 -9999.0 -9999.0 -9999.0 -9999.0 -9999.0 -9999.0 -9999.0 -9999.0 -9999.0 -9999.0 -9999.0 -9999.0 -9999.0 -9999.0 -9999.0 -9999.0 -9999.0 -9999.0 -9999.0 -9999.0 -9999.0 -9999.0 -9999.0 -9999.0 -652.085988 1550.599518 -707.772549 874.032315 -16.108364 -10.311871 -9999.0 -9999.0 -9999.0 -9999.0 -9999.0 -9999.0 -9999.0 -9999.0 -9999.0 -9999.0 -9999.0 -9999.0 -9999.0 -9999.0 -9999.0 -9999.0 -9999.0 -9999.0 -9999.0 -9999.0 -9999.0 -9999.0 -9999.0 -9999.0 -9999.0 -9999.0
-9999.0 -9999.0 -9999.0 -9999.0 -9999.0 -9999.0 -9999.0 -9999.0 -9999.0 -9999.0 -9999.0 -9999.0 -9999.0 -9999.0 -9999.0 -9999.0 -9999.0 -9999.0 -9999.0 -9999.0 -9999.0 -9999.0 -9999.0 -9999.0 754.803272 485.538061 153.430024 602.768228 548.923450 611.081031 2441.789380 -9999.0 -9999.0 -9999.0 -9999.0 -9999.0 -9999.0 -9999.0 -9999.0 -9999.0 -9999.0 -9999.0 -9999.0 -9999.0 -9999.0 -9999.0 -9999.0 -9999.0 -9999.0 -9999.0 -9999.0 -9999.0 -9999.0 -9999.0 -9999.0 -9999.0 -9999.0 -9999.0 -9999.0
-9999.0 -9999.0 -9999.0 -9999.0 -9999.0 -9999.0 -9999.0 -9999.0 -9999.0 -9999.0 -9999.0 -9999.0 -9999.0 -9999.0 -9999.0 -9999.0 -9999.0 -9999.0 -9999.0 -9999.0 -9999.0 -9999.0 -9999.0 444.532689 -128.922923 -538.309290 -376.251283 -602.799126 -172.122565 -64.175995 1764.304242 2625.181542 -9999.0 -9999.0 -9999.0 -9999.0 -9999.0 -9999.0 -9999.0 -9999.0 -9999.0 -9999.0 -9999.0 -9999.0 -9999.0 -9999.0 -9999.0 -9999.0 -9999.0 -9999.0 -9999.0 -9999.0 -9999.0 -9999.0 -9999.0 -9999.0 -9999.0 -9999.0 -9999.0
-9999.0 -9999.0 -9999.0 -9999.0 -9999.0 -9999.0 -9999.0 -9999.0 -9999.0 -9999.0 -9999.0 -9999.0 -9999.0 -9999.0 -9999.0 -9999.0 -9999.0 -9999.0 90.509586 -134.747811 -9999.0 290.105184 -134.631548 -467.435329 -324.167048 -799.001458 -256.323076 8.048161 94.514023 -310.657751 904.494097 2449.571842 -793.521797 -522.230594 -9999.0 -9999.0 -9999.0 -9999.0 -9999.0 -9999.0 -9999.0 -9999.0 -9999.0 -9999.0 -9999.0 -9999.0 -9999.0 -9999.0 -9999.0 -9999.0 -9999.0 -9999.0 -9999.0 -9999.0 -9999.0 -9999.0 -9999.0 -9999.0 -9999.0
-9999.0 -9999.0 -9999.0 -9999.0 -9999.0 -9999.0 -9999.0 -9999.0 -9999.0 -9999.0 -9999.0 -9999.0 -9999.0 -9999.0 -9999.0 -9999.0 -9999.0 -851.866609 -446.089237 -13993.132908 -819.286602 -145.242484 -318.926123 -258.116143 -338.879375 -240.509873 -224.477699 694.544274 -221.531504 90.072160 511.146339 904.679689 -1693.869249 -24966.035247 -4112.146034 -1485.509633 -9999.0 -9999.0 -9999.0 -9999.0 -9999.0 -9999.0 -9999.0 -9999.0 -9999.0 -9999.0 -9999.0 -9999.0 -9999.0 -9999.0 -9999.0 -9999.0 -9999.0 -9999.0 -9999.0 -9999.0 -9999.0 -9999.0 -9999.0
-9999.0 -9999.0 -9999.0 -9999.0 -9999.0 -9999.0 -9999.0 -9999.0 -9999.0 -9999.0 -9999.0 -9999.0 -9999.0 -80.203407 -205.051249 -569.681664 -983.384725 -5018.671867 -826.104895 -568.148038 -339.967190 -402.456901 -397.452010 -283.771054 -169.234284 54.242338 -10658.920104 -156.503059 -227.378218 -195.053204 9142.035004 930.406901 942.180007 920.942451 -294.555706 -757.222861 -9999.0 -9999.0 -9999.0 -9999.0 -9999.0 -9999.0 -9999.0 -9999.0 -9999.0 -9999.0 -9999.0 -9999.0 -9999.0 -9999.0 -9999.0 -9999.0 -9999.0 -9999.0 -9999.0 -9999.0 -9999.0 -9999.0 -9999.0
-9999.0 -9999.0 -9999.0 -9999.0 -9999.0 -9999.0 -9999.0 -9999.0 -9999.0 -9999.0 -9999.0 -9999.0 -9999.0 53.932642 -290.216321 -616.128307 -888.661413 -155.571984 -5108.157096 -577.519045 -711.824515 -246.473608 -272.208873 -131.623124 -203.769820 -190.255428 1342.688159 -524.597734 -416.574552 -116.572876 2321.864096 2317.820598 -460.652369 -523.732836 -419.518816 -9999.0 -9999.0 -9999.0 -9999.0 -9999.0 -9999.0 -9999.0 -9999.0 -9999.0 -9999.0 -9999.0 -9999.0 -9999.0 -9999.0 -9999.0 -9999.0 -9999.0 -9999.0 -9999.0 -9999.0 -9999.0 -9999.0 -9999.0 -9999.0
-9999.0 -9999.0 -9999.0 -9999.0 -9999.0 -9999.0 -9999.0 -9999.0 -9999.0 -9999.0 -9999.0 -9999.0 -9999.0 -378.257460 760.816642 -498.323821 -675.916881 -838.676910 -5404.173199 -835.984513 -19.898243 -8223.203906 -242.017865 -185.669996 -83.131159 85.013779 -1218.797496 -707.127133 2281.287380 -584.098834 880.929042 -298.342801 -610.224053 -294.191004 -488.914595 -9999.0 -9999.0 -9999.0 -9999.0 -9999.0 -9999.0 -9999.0 -9999.0 -9999.0 -9999.0 -9999.0 -9999.0 -9999.0 -9999.0 -9999.0 -9999.0 -9999.0 -9999.0 -9999.0 -9999.0 -9999.0 -9999.0 -9999.0 -9999.0
-9999.0 -9999.0 -9999.0 -9999.0 -9999.0 -9999.0 -9999.0 -9999.0 -9999.0 -9999.0 -9999.0 -9999.0 -307.326158 6600.150101 -214.796986 95.132717 -234.699568 -545.016967 -314.439155 -13663.810341 -357.373641 -249.182533 -152.470805 -202.775623 3270.806183 1958.555765 865.308212 2239.404548 2219.712723 -377.841868 890.108878 -647.918326 1414.409230 -579.444626 -9999.0 -9999.0 -9999.0 -9999.0 -9999.0 -9999.0 -9999.0 -9999.0 -9999.0 -9999.0 -9999.0 -9999.0 -9999.0 -9999.0 -9999.0 -9999.0 -9999.0 -9999.0 -9999.0 -9999.0 -9999.0 -9999.0 -9999.0 -9999.0 -9999.0
-9999.0 -9999.0 -9999.0 -9999.0 -9999.0 -9999.0 -9999.0 -9999.0 -9999.0 -9999.0 -9999.0 677.743376 107.520784 439.340020 -106.974832 85.821618 -14362.596877 -436.431517 101.074153 -485.436212 -372.203310 94.398888 614.098119 1555.529533 -189.924528 949.848966 928.574892 2367.409877 5072.662462 -275.178399 -580.465962 1556.354996 -491.851589 -605.813459 -720.191464 -709.667644 -279.773093 -1131.853270 -212.799175 -9999.0 -9999.0 -9999.0 -3854.468185 -9999.0 -9999.0 -9999.0 -9999.0 -9999.0 -9999.0 -9999.0 -9999.0 -9999.0 -9999.0 -9999.0 -9999.0 -9999.0 -9999.0 -9999.0 -9999.0
-9999.0 -9999.0 -9999.0 -9999.0 -9999.0 -9999.0 -9999.0 -9999.0 -9999.0 -9999.0 -9999.0 998.219463 101.667616 116.165409 -121.118617 -131.616886 -304.768574 -547.609635 -249.665682 105.061019 98.486698 40.457059 848.544693 1705.230803 1200.183929 2703.260788 1774.193390 1472.989482 -251.226625 -416.443771 1643.522554 1422.058905 2169.722297 1559.377504 2034.661426 1980.856808 -77.886196 -1931.326186 -1731.783528 -2293.461955 -1018.798478 -605.882902 1660.015614 -673.104428 -9999.0 -9999.0 -9999.0 2484.306413 2455.091128 -555.804001 2717.309974 -566.915416 -512.059804 2514.599921 2360.655250 -240.533672 -9999.0 -9999.0 -9999.0
-9999.0 -9999.0 -9999.0 -9999.0 -9999.0 -9999.0 -9999.0 -9999.0 -9999.0 -9999.0 -9999.0 1146.367512 -100.505833 -129.534331 85.159123 51.733203 98.046979 -119.206211 99.710230 -254.680342 -69.929581 -187.045098 258.028346 1507.795031 2666.347975 -549.391812 1946.830854 2037.262569 -585.182972 2556.224617 -586.935347 -107.601955 1598.150216 2701.865285 -581.878876 215.117926 1923.188167 -1632.276470 -2854.858322 -3518.577866 -681.285371 -68.082950 1621.762559 2432.523772 2461.062703 -9999.0 -596.567814 1632.325914 1661.749729 1669.737702 -11.074621 -515.233146 -16.304878 2047.245534 -12.681708 2086.024409 -9999.0 -9999.0 -9999.0
-9999.0 -9999.0 -9999.0 -9999.0 -9999.0 -9999.0 -9999.0 -9999.0 -9999.0 -9999.0 -9999.0 -9999.0 1219.615703 1153.357308 30.900891 37.965326 -111.044310 -343.743213 108.655394 -107.284464 -190.022614 -223.645493 -202.806747 897.625397 1570.186697 762.270925 247.318916 -18.581050 1618.345211 -643.705555 2390.872841 -30.996007 -20.780186 2000.784484 2127.481927 -44.545237 -688.128078 -2518.364466 -2795.211717 -2924.985945 -1754.064785 -3092.926850 -164.791511 874.722224 -993.790700 2572.234542 -738.021652 2239.018565 -127.748924 666.654427 -168.518793 900.175533 1667.304164 871.818722 858.248166 2281.812099 2279.331339 -9999.0 -9999.0
-9999.0 -9999.0 -9999.0 -9999.0 -9999.0 -9999.0 -9999.0 -9999.0 -9999.0 -9999.0 -9999.0 1799.217765 1301.850664 -18.392414 556.535995 343.693522 -53.793831 94.297393 104.934291 -344.788592 -169.269788 -196.064145 295.797781 -208.591659 440.309816 582.202221 964.007403 2643.528514 1852.240856 -727.924976 1845.067891 1855.969552 1308.038547 1913.501555 2615.087850 2595.164433 -301.050307 -3194.420482 -1969.293402 -2327.187222 -2547.983994 -1267.432989 343.614550 -52285.200949 -108.260987 2039.289104 1689.912810 -1242.902836 -1249.277435 -128.818824 -6607.064759 2353.162297 1199.779148 -896.081456 -1186.222911 -443.236429 -415.400044 -9999.0 -9999.0
-9999.0 -9999.0 -9999.0 -9999.0 -9999.0 -9999.0 -9999.0 -9999.0 -9999.0 -9999.0 2531.509882 972.180639 154.528674 95.660987 -33.174692 -109.160395 -134.940469 -262.917126 -616.271601 -307.076458 109.920581 105.391927 -196.976889 -75.485839 -154.807323 3171.340518 -115.034818 -16309.883604 -23.207340 704.273639 1104.516761 1372.594648 505.710856 1159.881876 -425.370200 -624.691430 950.787007 1540.846803 -1053.087720 -72.629512 -44.885083 -4711.228373 -355.884172 -139.341306 -189.027173 -682.756448 2439.964555 -158.530376 906.089803 -151.197430 -18509.898367 -481.920248 -1022.988918 -188.310641 -384.986427 947.678053 982.270373 -9999.0 -9999.0
-9999.0 -9999.0 -9999.0 -9999.0 -9999.0 -9999.0 -9999.0 -9999.0 -9999.0 2568.487908 1906.252477 1335.109572 985.359893 -118.999288 849.564152 852.013051 -184.816580 86.678053 -419.862240 -617.167824 103.813524 -427.496456 -248.111476 -235.788614 -71.630306 -106.162076 1251.857070 -83.716513 -187.901061 68.492819 -102.184084 -69.820755 -365.302853 -424.322912 -595.448476 -605.281221 1656.340986 1735.888455 1910.185673 1606.805715 1698.696629 -212.675850 -188.648193 -185.331973 94.893692 -186.109206 27.130716 -233.054995 -224.077546 40.412086 -137.309746 -460.439646 -213.006426 -222.626012 -404.807584 -106.659899 892.539420 -217.466685 -338.746757
-9999.0 -9999.0 -9999.0 -9999.0 -9999.0 -9999.0 -9999.0 -9999.0 -9999.0 -15.833412 1678.063190 1731.775661 4827.153907 -142.898345 -189.453458 -140.315685 -52.225993 82.583953 -447.483554 -359.406314 -254.086925 -429.655208 -114.952773 51.953286 -131.953707 569.884471 -181.515002 -131.057459 44.376930 49.063345 -109.312604 -94.109678 932.031443 2712.718127 2690.129054 -622.153923 -613.110551 -614.965205 1933.061662 2039.539116 1167.922757 -149.206409 -210.299014 90.743090 -139.426554 -209.465903 -72.378817 -199.768115 -173.177059 -77.458412 -73.855343 -97.572323 -328.128737 1745.198340 -68.048799 2528.694403 -99.416281 2213.794805 -262.744346
-9999.0 -9999.0 -9999.0 -9999.0 -9999.0 -9999.0 -9999.0 -9999.0 -9999.0 -9999.0 2482.392207 2134.587519 1505.570742 2473.815527 -137.114772 -187.185686 -137.166245 -145.855882 -439.998173 -384.445030 101.183883 -316.771939 -172.263904 -175.778559 247.659080 -137.638388 -82.031195 87.606638 -114.941122 3427.038200 -45.253989 7572.346334 -76.406804 1946.899507 2103.068050 1676.000282 -101.662813 406.968290 -424.496813 2173.015212 2483.852801 640.777666 5451.524104 -174.834511 -159.778556 -194.093838 97.563853 90.661129 -99.048951 -116.851443 -83.549154 -134.243572 -475.758162 -228.220907 1660.781604 1806.081800 1825.812103 11524.612359 -179.189987
-9999.0 -9999.0 -9999.0 -9999.0 -9999.0 -9999.0 -9999.0 -9999.0 -9999.0 -9999.0 1775.304197 2175.514848 841.714022 931.077116 94.265195 -342.990209 -301.365422 -470.903843 -482.165604 -758.679633 -802.560578 -436.468183 -262.974708 -200.405540 -150.431477 93.783725 92.486370 264.690431 1700.130898 -84.533828 2412.083416 2288.335391 -9912.227728 2636.418469 2552.652497 1980.846046 4474.113087 1458.789172 -121.921808 2625.272113 2664.597784 -90.742746 2297.935021 1460.301546 536.672454 -65.389874 -171.946446 -161.496793 103.239950 91.136225 -182.037773 -142.401347 845.979530 -386.300214 -285.066393 -339.023180 2743.550986 -154.055145 190.891375
-9999.0 -9999.0 -9999.0 -9999.0 -9999.0 -9999.0 -9999.0 -9999.0 2248.844255 1759.131857 -22.701461 1581.534485 474.213999 467.447923 447.575618 95.131621 -528.378318 -435.383854 -491.385471 -908.190567 -917.808139 -563.763331 -494.541022 -401.078176 -179.026151 90.259696 105.512051 2274.586576 2288.917503 -93.836142 -375.849474 941.108994 2044.985632 2543.282919 2634.122209 2387.334952 -105.034642 608.620171 -55.512799 -665.290284 -905.220723 1520.912206 -5331.007051 -498.997276 -912.392700 305.268336 -53.561421 587.235961 -117.633898 90.002232 -215.349646 -80.437542 898.821615 -90.022777 -615.718075 -14.538551 -303.111362 -115.147922 29.989746
-9999.0 -9999.0 -9999.0 -9999.0 -9999.0 -9999.0 -9999.0 -9999.0 -8.090610 926.065583 -114.905948 2561.586751 2031.658441 1948.158050 407.552686 -140.210885 -314.961366 -395.256264 -618.966044 -885.834354 -255.247578 -365.328336 -384.473107 -369.649400 -513.041039 -76.941189 93.708156 966.461666 -14057.652453 2559.779170 2495.607621 -1498.278501 1688.296905 -1391.363804 1562.953735 1820.465706 225.173567 -176.481119 -161.617202 1874.127242 2764.583368 -31.777146 -893.180320 1850.810008 3737.852880 -30.070194 -9006.657718 2217.674172 -144.726492 97.433416 84.630402 988.117116 1296.466292 2269.698256 -25.329358 -28987.183302 -213.420508 -217.174275 87.933421
-9999.0 -9999.0 -9999.0 -9999.0 -9999.0 -9999.0 -9999.0 -9999.0 2699.639904 1980.850396 -82.650435 -111.624126 1739.266755 -7931.412026 139.832803 -180.786790 -364.025177 -348.121310 -768.279962 -371.896092 -887.791846 -540.679726 -422.382063 -774.206641 -371.824054 -254.623623 83.372144 1953.476057 -14177.580164 2174.704353 -2493.785967 1287.866107 1796.400851 -157.812672 1383.995796 -53.331872 -163.058989 89.795894 -115.355361 -138.229407 1946.009101 -1520.383431 2118.691921 2013.589444 1671.795457 2276.654482 -1080.901699 1877.119908 1509.526464 -141.618823 82.531305 -208.739933 -71.228626 -89.886946 -136.203121 412.459908 98.572053 97.871786 102.871525
-9999.0 -9999.0 -9999.0 -9999.0 -9999.0 -9999.0 -9999.0 -9999.0 -906.159252 2228.267311 1066.969859 -15342.814973 2141.871047 1606.632554 -99.434975 41.301715 -434.125687 -679.684709 -276.897100 -882.257233 -818.057521 -803.112073 -534.897054 -828.426767 -622.549563 -245.338547 -176.748684 -128.236631 114.592690 -152.107823 -180.454168 -159.064171 -145.944901 -133.283068 -130.488380 -90.507833 21.063328 -236.607850 93.490423 -173.893307 541.979889 664.177064 1657.119869 -1158.777436 1097.215112 -1040.654020 -21.691107 -1128.806891 1202.959868 -214.312184 -164.056074 82.667303 -166.435830 -110.330924 98.902980 105.954453 110.772391 209.153543 102.680617
-9999.0 -9999.0 -9999.0 -9999.0 -9999.0 -9999.0 -9999.0 -9999.0 2368.726976 2508.936059 5766.742794 -85.666691 -105.424019 2690.899391 142.446420 107.794187 88.256101 -282.167674 -255.858412 -379.228463 -754.413220 -677.119154 -799.813166 -829.661494 -318.148936 -357.491380 557.144707 -147.210106 -80.870528 -172.878163 -188.308970 -169.314901 109.521519 105.575251 -49.766006 90.745148 -67.970765 -261.797279 95.933599 98.016647 27.117652 -106.718177 -131.490843 -139.189497 -211.751271 -97.389261 -220.496432 -188.418742 -212.964371 -113.436648 -60.709647 -332.216864 -124.687784 -176.295618 250.255023 240.666691 103.047756 103.186407 119.059865
-9999.0 -9999.0 -26.649517 1410.273811 949.924862 772.539970 63.283959 14.639170 2558.446558 2559.844281 78.357873 413.737261 109.379170 -14.326543 95.472331 83.844424 -169.598787 819.254171 -132.119705 -152.700975 -406.135691 -397.304084 103.107983 -1044.290951 -740.971090 -447.612304 -364.811592 -299.720828 90.730028 105.452949 -194.083704 82.358986 144.885791 92.768043 92.759671 -265.857981 -183.471656 -321.800032 -88.876090 -158.242584 -77.430284 89.413902 98.594793 95.509165 -95.257614 -65.784602 94.155077 94.785369 84.011818 -169.291243 -274.552085 -426.860258 101.384389 102.101032 103.191221 102.650017 124.893345 107.751560 99.864431
