user2019/resources/simulation/Vinschgau/output-maps/psiL0004N0994.asc
ncols         63
nrows         48
xllcorner     598000.000000
yllcorner     5145000.000000
cellsize      1000.000000
NODATA_value  -9999.0
[rows 0 to 24 of 48, columns 0 to 56 of 63]
-9999.0 -9999.0 -9999.0 -9999.0 -9999.0 -9999.0 -9999.0 -9999.0 -9999.0 -9999.0 -9999.0 -9999.0 -9999.0 -9999.0 -9999.0 -9999.0 -9999.0 -9999.0 -9999.0 -9999.0 -9999.0 -9999.0 -9999.0 -9999.0 -9999.0 -9999.0 -9999.0 -9999.0 -9999.0 -9999.0 -9999.0 -9999.0 -9999.0 -9999.0 -9999.0 -9999.0 -9999.0 -9999.0 -9999.0 -9999.0 -9999.0 -9999.0 -9999.0 -9999.0 -9999.0 -9999.0 -9999.0 -9999.0 -9999.0 -9999.0 -9999.0 -9999.0 -9999.0 -9999.0 -9999.0 -9999.0 -9999.0
-9999.0 -9999.0 -9999.0 -9999.0 -9999.0 -9999.0 -9999.0 -9999.0 -9999.0 -9999.0 -9999.0 -9999.0 -9999.0 -9999.0 -9999.0 -9999.0 -9999.0 -9999.0 -9999.0 -9999.0 -9999.0 -9999.0 -9999.0 -9999.0 -9999.0 -9999.0 -9999.0 -49.037788 128895.056203 -24.691141 126854.881751 128682.639797 128536.652559 -9999.0 -9999.0 -9999.0 -9999.0 -9999.0 -9999.0 -9999.0 -9999.0 -9999.0 -9999.0 -9999.0 -9999.0 -9999.0 -9999.0 -9999.0 -9999.0 -9999.0 -9999.0 -9999.0 -9999.0 -9999.0 -9999.0 -9999.0 -9999.0
-9999.0 -9999.0 -9999.0 -9999.0 -9999.0 -9999.0 -9999.0 -9999.0 -9999.0 -9999.0 -9999.0 -9999.0 -9999.0 -9999.0 -9999.0 -9999.0 -9999.0 -9999.0 -9999.0 -9999.0 -9999.0 -9999.0 -9999.0 -9999.0 139113.571129 137091.847987 137026.897300 137582.187687 136088.940800 135910.779912 136919.604331 -9999.0 -9999.0 -9999.0 -9999.0 -9999.0 -9999.0 -9999.0 -9999.0 -9999.0 -9999.0 -9999.0 -9999.0 -9999.0 -9999.0 -9999.0 -9999.0 -9999.0 -9999.0 -9999.0 -9999.0 -9999.0 -9999.0 -9999.0 -9999.0 -9999.0 -9999.0
-9999.0 -9999.0 -9999.0 -9999.0 -9999.0 -9999.0 -9999.0 -9999.0 -9999.0 -9999.0 -9999.0 -9999.0 -9999.0 -9999.0 -9999.0 -9999.0 -9999.0 -9999.0 -9999.0 -9999.0 -9999.0 -9999.0 -9999.0 139238.214219 141742.539261 -796.275471 -874.694669 -2487.433386 -394.753979 138860.551799 135400.379518 125943.686791 -9999.0 -9999.0 -9999.0 -9999.0 -9999.0 -9999.0 -9999.0 -9999.0 -9999.0 -9999.0 -9999.0 -9999.0 -9999.0 -9999.0 -9999.0 -9999.0 -9999.0 -9999.0 -9999.0 -9999.0 -9999.0 -9999.0 -9999.0 -9999.0 -9999.0
-9999.0 -9999.0 -9999.0 -9999.0 -9999.0 -9999.0 -9999.0 -9999.0 -9999.0 -9999.0 -9999.0 -9999.0 -9999.0 -9999.0 -9999.0 -9999.0 -9999.0 -9999.0 -340.983989 142459.267297 -9999.0 143924.336657 143038.336286 -749.853774 -694.053863 -2441.397246 439.819176 901.233165 42.333032 61093.501626 130218.290485 134893.361485 -72.429586 -55.975366 -9999.0 -9999.0 -9999.0 -9999.0 -9999.0 -9999.0 -9999.0 -9999.0 -9999.0 -9999.0 -9999.0 -9999.0 -9999.0 -9999.0 -9999.0 -9999.0 -9999.0 -9999.0 -9999.0 -9999.0 -9999.0 -9999.0 -9999.0
-9999.0 -9999.0 -9999.0 -9999.0 -9999.0 -9999.0 -9999.0 -9999.0 -9999.0 -9999.0 -9999.0 -9999.0 -9999.0 -9999.0 -9999.0 -9999.0 -9999.0 -2066.759044 -1484.498220 -6424.706220 -56.934379 107301.893942 81072.836959 487.172763 -221.317674 389.242085 170418.599952 164170.695496 162013.955183 968.185462 75676.464945 79552.240978 -39.703417 -218.637574 -240.426083 -183.823857 -9999.0 -9999.0 -9999.0 -9999.0 -9999.0 -9999.0 -9999.0 -9999.0 -9999.0 -9999.0 -9999.0 -9999.0 -9999.0 -9999.0 -9999.0 -9999.0 -9999.0 -9999.0 -9999.0 -9999.0 -9999.0
-9999.0 -9999.0 -9999.0 -9999.0 -9999.0 -9999.0 -9999.0 -9999.0 -9999.0 -9999.0 -9999.0 -9999.0 -9999.0 142282.168752 961.748458 -1221.157954 -2281.902536 -6081.310855 -1940.202329 -1509.502220 -691.450493 138.602349 -650.436556 -268.508079 6605.868908 145497.748152 -276.663493 130609.748699 134082.014900 127429.317922 116926.030814 142154.662413 137247.958360 135276.519607 73681.894920 -83.293512 -9999.0 -9999.0 -9999.0 -9999.0 -9999.0 -9999.0 -9999.0 -9999.0 -9999.0 -9999.0 -9999.0 -9999.0 -9999.0 -9999.0 -9999.0 -9999.0 -9999.0 -9999.0 -9999.0 -9999.0 -9999.0
-9999.0 -9999.0 -9999.0 -9999.0 -9999.0 -9999.0 -9999.0 -9999.0 -9999.0 -9999.0 -9999.0 -9999.0 -9999.0 59356.018341 -744.844068 -1392.214058 -2000.140182 -622.130350 -6088.498058 -1152.513102 -2418.018073 -697.553679 -687.099338 -449.648732 63213.621970 128736.030766 128209.443893 4789.689169 -8.480230 149531.028580 149381.602147 127912.508700 -26.839123 -101.666469 -49.140375 -9999.0 -9999.0 -9999.0 -9999.0 -9999.0 -9999.0 -9999.0 -9999.0 -9999.0 -9999.0 -9999.0 -9999.0 -9999.0 -9999.0 -9999.0 -9999.0 -9999.0 -9999.0 -9999.0 -9999.0 -9999.0 -9999.0
-9999.0 -9999.0 -9999.0 -9999.0 -9999.0 -9999.0 -9999.0 -9999.0 -9999.0 -9999.0 -9999.0 -9999.0 -9999.0 -878.257907 638.853055 -1040.682036 -1444.864445 -1761.162921 -6116.519048 -2067.522740 -531.281677 -211.880059 33789.210770 149321.838395 421.491106 8832.275165 -121.199548 -57.171061 132418.577013 -104.858591 108255.864904 -59.874583 -113.171393 -62.161833 -46.089446 -9999.0 -9999.0 -9999.0 -9999.0 -9999.0 -9999.0 -9999.0 -9999.0 -9999.0 -9999.0 -9999.0 -9999.0 -9999.0 -9999.0 -9999.0 -9999.0 -9999.0 -9999.0 -9999.0 -9999.0 -9999.0 -9999.0
-9999.0 -9999.0 -9999.0 -9999.0 -9999.0 -9999.0 -9999.0 -9999.0 -9999.0 -9999.0 -9999.0 -9999.0 858.111836 6565.095718 -775.491849 214.954644 -828.038917 -1226.432092 -701.914748 -2398.497033 -537.233632 125678.092403 134266.628971 133734.123851 130198.878489 134750.259160 127094.714137 136395.566344 137024.871040 14960.469637 1053.484456 -67.400345 96938.553858 -67.584055 -9999.0 -9999.0 -9999.0 -9999.0 -9999.0 -9999.0 -9999.0 -9999.0 -9999.0 -9999.0 -9999.0 -9999.0 -9999.0 -9999.0 -9999.0 -9999.0 -9999.0 -9999.0 -9999.0 -9999.0 -9999.0 -9999.0 -9999.0
-9999.0 -9999.0 -9999.0 -9999.0 -9999.0 -9999.0 -9999.0 -9999.0 -9999.0 -9999.0 -9999.0 147800.327102 -453.291954 304.716801 -687.859514 297.348677 -1255.634209 -1172.831143 -390.085340 -107.750484 -1780.454864 626.571706 151991.193846 144548.697832 59544.474949 142705.710033 107887.742690 133915.336529 136714.918626 5731.702882 -54.143048 76716.881861 -23.064370 -66.962325 -77.181212 -64.806999 129901.134117 84686.444493 -650.831090 -9999.0 -9999.0 -9999.0 -188.019214 -9999.0 -9999.0 -9999.0 -9999.0 -9999.0 -9999.0 -9999.0 -9999.0 -9999.0 -9999.0 -9999.0 -9999.0 -9999.0 -9999.0
-9999.0 -9999.0 -9999.0 -9999.0 -9999.0 -9999.0 -9999.0 -9999.0 -9999.0 -9999.0 -9999.0 151174.205327 -568.788924 -778.654469 -1014.839372 157736.643647 -1918.167930 -1754.686996 -630.286516 -553.520462 -386.329359 107720.308248 150027.007227 146476.159438 147539.306414 139187.346135 139022.422874 140549.056414 80447.886789 -27.940618 117713.608514 117088.339647 130899.657683 120151.046723 115673.351267 135743.650369 135873.846619 -535.271165 -445.691876 -110.772291 -79.687891 -56.679396 120357.327890 -47.365917 -9999.0 -9999.0 -9999.0 106001.339651 117521.645484 -29.186284 124486.640475 -45.692722 -40.273629 109540.854511 112196.704878 12136.172652 -9999.0
-9999.0 -9999.0 -9999.0 -9999.0 -9999.0 -9999.0 -9999.0 -9999.0 -9999.0 -9999.0 -9999.0 117641.827785 155222.229965 137401.402788 32826.183758 3549.236058 -351.391341 -1211.636401 -659.707134 -635.374717 -676.966284 6504.504805 140749.181456 126812.109723 134578.317207 -26.626797 140681.516745 141050.910591 -23.212327 123792.302207 -22.286575 140622.522827 112405.204994 129152.011679 -44.784524 95805.426051 140697.712578 -627.035757 -803.900574 -182.213948 89332.727605 129715.432478 135611.605972 137588.069446 128342.239075 -9999.0 -61.733238 119323.462396 127134.285350 128113.967349 130329.585048 11725.238641 125537.038746 124953.551663 124502.447257 115089.379119 -9999.0
-9999.0 -9999.0 -9999.0 -9999.0 -9999.0 -9999.0 -9999.0 -9999.0 -9999.0 -9999.0 -9999.0 -9999.0 154627.114064 145963.871327 108500.585187 109784.122512 -559.724281 -1249.890453 -559.083854 -588.555966 -842.047753 -72.976826 83612.677183 131386.768672 144484.191612 148392.346841 -141.675582 117850.602890 122778.786110 -47.888950 133158.620887 148241.845152 140963.099514 133422.036829 129501.183115 138551.615063 98647.594583 -933.762500 -640.372758 -857.174331 -478.342215 -117.048673 132298.868438 148461.838815 -73.773984 118578.526632 -68.714444 123976.445524 122700.698353 127009.311562 125743.124153 120532.776472 121343.494809 120536.640180 115295.082323 125583.334025 122729.068347
-9999.0 -9999.0 -9999.0 -9999.0 -9999.0 -9999.0 -9999.0 -9999.0 -9999.0 -9999.0 -9999.0 145029.551636 155194.742442 164398.282079 147317.923604 43626.866011 858.448701 -861.260603 -547.152081 -1097.814748 -1101.959306 111.153420 113065.543209 139360.609303 142007.457640 142897.174177 140731.541999 133199.880102 130377.153469 -48.567622 138047.890734 138818.394048 74715.409605 127887.902779 117277.661421 136729.551233 138173.019067 -897.214914 -1061.889906 -719.168885 -803.473170 -588.176053 118237.172014 -328.833799 143711.026711 138249.354273 139048.324016 -147.540112 -132.423942 113124.945233 -113.997911 131037.560231 13251.552948 -104.313414 -135.359025 -79.182309 -28.977550
-9999.0 -9999.0 -9999.0 -9999.0 -9999.0 -9999.0 -9999.0 -9999.0 -9999.0 -9999.0 40381.875215 126475.444159 146700.956825 146674.380837 145762.261988 121702.624986 124953.184853 27.595384 -1341.151528 -1060.178717 -454.129342 -218.910741 187977.675591 140129.723240 123615.862595 109995.557456 145732.999723 -309.052932 148516.319809 150886.729296 51593.478820 52703.060812 149386.736204 134800.174814 -39.882116 -51.249562 130746.869311 131777.706689 -269.068817 307.550360 365.070188 -156.327859 -40.222784 -431.018887 144375.878438 -36.146166 131768.539238 128815.379847 131222.206291 127260.373477 -726.592310 -28.441875 -102.334510 -46.008442 -73.882538 108704.931185 109603.560694
-9999.0 -9999.0 -9999.0 -9999.0 -9999.0 -9999.0 -9999.0 -9999.0 -9999.0 133232.619253 145319.518601 20975.652942 78470.520912 139849.127387 137021.345041 142301.050738 137266.533123 1003.229962 -1364.459969 -1297.055673 -509.336509 -584.267495 -141.824215 444.890608 2489.898059 206699.229203 144771.707618 142486.795721 152109.868975 156655.589295 687.254749 195610.633993 9293.356180 -78.812844 -54.657483 -51.098277 72058.105458 156395.163701 146596.829774 151823.333953 191984.244915 185922.289854 191243.665915 -904.350464 -585.452232 130568.418044 135246.406272 136272.357572 136595.836264 435.773374 107675.744972 -22.149906 -63.883646 6650.536691 -32.048363 1570.670528 1710.831737
-9999.0 -9999.0 -9999.0 -9999.0 -9999.0 -9999.0 -9999.0 -9999.0 -9999.0 44740.929044 95674.363730 137743.611940 118740.673358 119307.190070 134834.731645 138225.605756 141632.506507 662.654817 -1494.435407 -721.459693 -633.966203 -862.152891 -249.741441 54071.677381 202137.312733 144940.579456 140207.742198 130227.453987 778.850041 29388.731138 149630.355338 185930.000484 129970.929074 128648.188247 136996.789305 -50.008260 -37.736581 -28.091282 136376.421858 146765.722964 138056.496610 144102.490013 136998.513330 803.073306 -647.477459 -442.654129 -349.120769 331.947603 125011.798233 459.974126 197994.632896 126280.401415 -33.154868 102245.587539 71254.097183 33120.881823 31168.923256
-9999.0 -9999.0 -9999.0 -9999.0 -9999.0 -9999.0 -9999.0 -9999.0 -9999.0 -9999.0 129661.091086 133647.304232 142803.772378 138415.186492 45462.338023 132312.640188 123786.245612 -405.528263 -1623.971861 -858.066532 -560.655397 -1721.984461 4627.297791 174376.673062 140958.376526 136457.805839 493.648244 569.140642 158329.522269 206620.251785 203410.469637 208133.591862 138915.744450 127187.112163 132437.490052 133594.406390 141603.022390 154100.807434 2341.090670 127446.419173 139767.678545 152749.138254 142809.996353 137942.326969 62.286347 361.342855 -772.571207 -352.104839 -407.789043 140.639446 190001.983576 65731.828520 -44.676255 -11.400593 101869.182877 115804.623496 125123.913320
-9999.0 -9999.0 -9999.0 -9999.0 -9999.0 -9999.0 -9999.0 -9999.0 -9999.0 -9999.0 122278.982661 129836.685451 145909.321378 126573.803709 556.968251 254.445607 61.328497 -1110.876258 -1352.381598 -1920.589840 -1736.857256 -1184.745231 45711.814236 127140.760857 131530.614802 883.224913 43.085874 447.694238 200452.882970 143622.854111 128340.212619 129677.894554 -252.418169 129123.892048 143196.716997 147012.503389 43075.002870 128252.112707 148578.518968 137362.642846 143408.443054 135159.392556 148834.970492 151322.818880 162416.464503 208019.057540 154035.555545 107.738671 -945.589951 -189.508923 33801.888590 132617.404737 121331.263521 7860.858647 302.522851 -24.542226 125114.912736
-9999.0 -9999.0 -9999.0 -9999.0 -9999.0 -9999.0 -9999.0 -9999.0 141446.683572 137635.701723 127091.815762 135380.784515 120759.012224 146997.636568 197375.281184 -546.079208 -1446.080353 -926.659422 -1051.013516 -2394.854106 -2328.058390 -1787.766971 -1507.406467 -1064.222819 153.497401 -307.129519 204.562002 213610.537233 153314.084024 141437.389325 -70.207141 113747.438931 128137.694529 130944.004870 138034.652995 146977.801681 149233.021265 151421.336423 208421.432679 -39.770678 -63.778541 109552.999990 -90.213558 -11.524607 -63.374334 52475.995659 205480.136171 153065.540625 188.774712 -202.450037 417.614101 170174.317248 73675.959328 112183.869391 -58.646026 125926.806363 -28.092358
-9999.0 -9999.0 -9999.0 -9999.0 -9999.0 -9999.0 -9999.0 -9999.0 -28.059829 116337.391838 141204.932921 131029.535389 139303.107534 141428.854921 196901.630010 343.212775 -1101.220644 -1270.129780 -2726.053815 -2441.857619 -714.032441 -857.367669 -865.205137 -925.623865 -1535.941363 -823.114141 -428.725153 131260.445377 -248.814383 129839.432351 128508.901624 -105.357848 93986.259636 -99.358761 114435.390223 149647.386488 141828.120811 41870.108245 148223.147250 149582.344080 143958.800684 -26.132522 -71.730359 139256.528853 139847.070970 144965.382745 -141.330966 143127.762507 147223.909647 -514.807155 40.770852 143722.101985 82383.524839 124425.152078 136938.350482 -716.650306 146771.407182
-9999.0 -9999.0 -9999.0 -9999.0 -9999.0 -9999.0 -9999.0 -9999.0 128802.233098 129922.957429 124548.381138 139592.739580 137561.979810 -127.305196 142101.677185 195064.709393 107.507324 -803.671734 -2237.425131 -773.287465 -2510.467557 -1133.823044 -989.522359 -1725.436434 -747.007463 -1155.748001 -315.776088 214385.347552 -408.071614 122777.479741 -117.311106 118599.265265 140698.811135 137888.132119 146721.689433 141022.150844 143800.902051 -67.485798 99182.236627 148189.245698 144786.675228 -107.377783 134000.399471 133972.514229 140432.224982 135269.077327 -77.460065 136853.379531 149096.182651 1704.807319 -468.936477 772.007353 55464.223964 95391.820045 28186.150537 23984.009952 97.897440
-9999.0 -9999.0 -9999.0 -9999.0 -9999.0 -9999.0 -9999.0 -9999.0 -62.579155 134700.616066 57492.705871 -527.679511 126212.025418 138985.362234 198860.992760 -52.005929 -2163.053053 -1988.638770 -625.493731 -2268.569873 -2202.212717 -2051.643228 -1051.790339 -1437.679978 -1325.113356 -712.203730 154084.020596 204913.403952 142070.564258 161917.978412 150597.792531 151895.346554 171892.993574 148410.282058 156213.963282 150601.159204 387.443359 -1121.834342 -379.461973 165974.661180 153203.420889 156866.634043 154221.044767 -81.418546 137108.510455 -63.016018 139622.179680 -67.480263 137938.662926 142694.108670 931.167094 -403.881378 925.545137 10615.226955 1195.607095 44.390957 -382.795305
-9999.0 -9999.0 -9999.0 -9999.0 -9999.0 -9999.0 -9999.0 -9999.0 120800.453627 144293.157407 -134.613634 211670.215704 215028.884913 214254.860161 8618.904495 -279.355482 -293.674190 -1065.577779 -832.151952 -1276.217799 -1667.230940 -1518.983618 -1965.438956 -2012.403351 -656.876735 40.066647 199139.042313 132469.864229 38600.652141 68451.751167 182065.014299 -15.367941 48.092540 667.337116 84.200786 305.644502 -577.329079 -1415.903737 -1813.349780 -206.009691 486.601562 3663.916479 26513.860378 105677.377462 140691.919332 143020.365235 138915.044905 138380.959295 135822.097456 858.642023 -282.257806 -804.002995 -516.133471 -398.480507 87.849471 79.347331 -236.009201
