user2019/resources/simulation/Vinschgau/output-maps/psiL0005N0900.asc
ncols         63
nrows         48
xllcorner     598000.000000
yllcorner     5145000.000000
cellsize      1000.000000
NODATA_value  -9999.0
[rows 0 to 25 of 48, columns 0 to 57 of 63]
-9999.0 -9999.0 -9999.0 -9999.0 -9999.0 -9999.0 -9999.0 -9999.0 -9999.0 -9999.0 -9999.0 -9999.0 -9999.0 -9999.0 -9999.0 -9999.0 -9999.0 -9999.0 -9999.0 -9999.0 -9999.0 -9999.0 -9999.0 -9999.0 -9999.0 -9999.0 -9999.0 -9999.0 -9999.0 -9999.0 -9999.0 -9999.0 -9999.0 -9999.0 -9999.0 -9999.0 -9999.0 -9999.0 -9999.0 -9999.0 -9999.0 -9999.0 -9999.0 -9999.0 -9999.0 -9999.0 -9999.0 -9999.0 -9999.0 -9999.0 -9999.0 -9999.0 -9999.0 -9999.0 -9999.0 -9999.0 -9999.0 -9999.0
-9999.0 -9999.0 -9999.0 -9999.0 -9999.0 -9999.0 -9999.0 -9999.0 -9999.0 -9999.0 -9999.0 -9999.0 -9999.0 -9999.0 -9999.0 -9999.0 -9999.0 -9999.0 -9999.0 -9999.0 -9999.0 -9999.0 -9999.0 -9999.0 -9999.0 -9999.0 -9999.0 -550.448538 12615.067258 -553.214281 11642.718611 2539.404576 3880.792683 -9999.0 -9999.0 -9999.0 -9999.0 -9999.0 -9999.0 -9999.0 -9999.0 -9999.0 -9999.0 -9999.0 -9999.0 -9999.0 -9999.0 -9999.0 -9999.0 -9999.0 -9999.0 -9999.0 -9999.0 -9999.0 -9999.0 -9999.0 -9999.0 -9999.0
-9999.0 -9999.0 -9999.0 -9999.0 -9999.0 -9999.0 -9999.0 -9999.0 -9999.0 -9999.0 -9999.0 -9999.0 -9999.0 -9999.0 -9999.0 -9999.0 -9999.0 -9999.0 -9999.0 -9999.0 -9999.0 -9999.0 -9999.0 -9999.0 12399.348056 12106.677355 11827.130104 12065.948448 11562.992788 11613.858855 13096.982268 -9999.0 -9999.0 -9999.0 -9999.0 -9999.0 -9999.0 -9999.0 -9999.0 -9999.0 -9999.0 -9999.0 -9999.0 -9999.0 -9999.0 -9999.0 -9999.0 -9999.0 -9999.0 -9999.0 -9999.0 -9999.0 -9999.0 -9999.0 -9999.0 -9999.0 -9999.0 -9999.0
-9999.0 -9999.0 -9999.0 -9999.0 -9999.0 -9999.0 -9999.0 -9999.0 -9999.0 -9999.0 -9999.0 -9999.0 -9999.0 -9999.0 -9999.0 -9999.0 -9999.0 -9999.0 -9999.0 -9999.0 -9999.0 -9999.0 -9999.0 12129.775916 11447.164827 -726.038035 -624.801915 -1248.925120 340.626497 11802.851489 12503.018656 12569.513451 -9999.0 -9999.0 -9999.0 -9999.0 -9999.0 -9999.0 -9999.0 -9999.0 -9999.0 -9999.0 -9999.0 -9999.0 -9999.0 -9999.0 -9999.0 -9999.0 -9999.0 -9999.0 -9999.0 -9999.0 -9999.0 -9999.0 -9999.0 -9999.0 -9999.0 -9999.0
-9999.0 -9999.0 -9999.0 -9999.0 -9999.0 -9999.0 -9999.0 -9999.0 -9999.0 -9999.0 -9999.0 -9999.0 -9999.0 -9999.0 -9999.0 -9999.0 -9999.0 -9999.0 -308.121659 11854.557415 -9999.0 12183.467648 11640.368496 -1101.242795 -542.673348 -1408.219552 -402.500674 -263.408998 -212.201762 -182.991368 12323.358872 13259.406146 -656.092418 -467.658869 -9999.0 -9999.0 -9999.0 -9999.0 -9999.0 -9999.0 -9999.0 -9999.0 -9999.0 -9999.0 -9999.0 -9999.0 -9999.0 -9999.0 -9999.0 -9999.0 -9999.0 -9999.0 -9999.0 -9999.0 -9999.0 -9999.0 -9999.0 -9999.0
-9999.0 -9999.0 -9999.0 -9999.0 -9999.0 -9999.0 -9999.0 -9999.0 -9999.0 -9999.0 -9999.0 -9999.0 -9999.0 -9999.0 -9999.0 -9999.0 -9999.0 -1256.017636 -889.759272 -7170.341045 -648.809575 578.940121 -183.623528 -568.552247 -475.807072 -345.169793 9124.606413 8831.993894 2981.531982 -295.320807 5899.675582 5767.908361 -1158.625389 -3510.686051 -2096.002100 -1118.324392 -9999.0 -9999.0 -9999.0 -9999.0 -9999.0 -9999.0 -9999.0 -9999.0 -9999.0 -9999.0 -9999.0 -9999.0 -9999.0 -9999.0 -9999.0 -9999.0 -9999.0 -9999.0 -9999.0 -9999.0 -9999.0 -9999.0
-9999.0 -9999.0 -9999.0 -9999.0 -9999.0 -9999.0 -9999.0 -9999.0 -9999.0 -9999.0 -9999.0 -9999.0 -9999.0 11299.769588 -420.434336 -822.963690 -1391.633157 -5181.089021 -1213.936989 -1086.303962 -607.729893 -610.575549 -624.584060 -443.098053 -203.672402 11919.779594 -2471.552022 -59.620628 -216.090505 3232.744201 7916.484022 11170.538737 11173.894939 11155.163623 -244.814672 -648.887957 -9999.0 -9999.0 -9999.0 -9999.0 -9999.0 -9999.0 -9999.0 -9999.0 -9999.0 -9999.0 -9999.0 -9999.0 -9999.0 -9999.0 -9999.0 -9999.0 -9999.0 -9999.0 -9999.0 -9999.0 -9999.0 -9999.0
-9999.0 -9999.0 -9999.0 -9999.0 -9999.0 -9999.0 -9999.0 -9999.0 -9999.0 -9999.0 -9999.0 -9999.0 -9999.0 8797.874127 -544.010715 -903.216052 -1252.051271 -429.699452 -5290.685376 -789.318329 -1388.836134 -468.057461 -506.779531 -400.501217 716.143902 -204.303671 12533.127938 -445.910054 -371.054338 6253.356174 14550.552817 13130.189863 -410.124647 -523.732729 -391.810757 -9999.0 -9999.0 -9999.0 -9999.0 -9999.0 -9999.0 -9999.0 -9999.0 -9999.0 -9999.0 -9999.0 -9999.0 -9999.0 -9999.0 -9999.0 -9999.0 -9999.0 -9999.0 -9999.0 -9999.0 -9999.0 -9999.0 -9999.0
-9999.0 -9999.0 -9999.0 -9999.0 -9999.0 -9999.0 -9999.0 -9999.0 -9999.0 -9999.0 -9999.0 -9999.0 -9999.0 -615.604960 716.454111 -685.434691 -948.724551 -1152.508462 -5361.484598 -1267.650653 -358.984368 -2846.086800 -228.054932 634.924364 -327.816353 384.508558 -897.215760 -592.693263 12686.782556 -584.098711 10462.058016 -298.342755 -610.223901 -294.190926 -443.590750 -9999.0 -9999.0 -9999.0 -9999.0 -9999.0 -9999.0 -9999.0 -9999.0 -9999.0 -9999.0 -9999.0 -9999.0 -9999.0 -9999.0 -9999.0 -9999.0 -9999.0 -9999.0 -9999.0 -9999.0 -9999.0 -9999.0 -9999.0
-9999.0 -9999.0 -9999.0 -9999.0 -9999.0 -9999.0 -9999.0 -9999.0 -9999.0 -9999.0 -9999.0 -9999.0 -838.362830 6618.880682 -499.422170 -396.353455 -558.382812 -814.957962 -498.142009 -6139.692284 -583.030505 2733.926167 -150.741996 7858.092909 8335.828565 13111.316777 5588.647906 12956.032484 12966.042555 -337.156933 879.612755 -553.519072 9128.326044 -516.353575 -9999.0 -9999.0 -9999.0 -9999.0 -9999.0 -9999.0 -9999.0 -9999.0 -9999.0 -9999.0 -9999.0 -9999.0 -9999.0 -9999.0 -9999.0 -9999.0 -9999.0 -9999.0 -9999.0 -9999.0 -9999.0 -9999.0 -9999.0 -9999.0
-9999.0 -9999.0 -9999.0 -9999.0 -9999.0 -9999.0 -9999.0 -9999.0 -9999.0 -9999.0 -9999.0 13686.481668 -284.727761 379.282414 -454.363544 6305.453380 -5592.330537 -746.427455 -7.411348 -150.744006 -979.797606 -365.218461 12650.129144 12988.455274 -166.527176 12385.851246 9774.375346 13462.135478 16175.166527 -256.160485 -503.814390 6844.495715 -434.516743 -530.523865 -608.267816 -597.198000 -248.434807 -1050.156808 -196.036659 -9999.0 -9999.0 -9999.0 -2078.022313 -9999.0 -9999.0 -9999.0 -9999.0 -9999.0 -9999.0 -9999.0 -9999.0 -9999.0 -9999.0 -9999.0 -9999.0 -9999.0 -9999.0 -9999.0
-9999.0 -9999.0 -9999.0 -9999.0 -9999.0 -9999.0 -9999.0 -9999.0 -9999.0 -9999.0 -9999.0 14641.276428 -384.554223 -380.202134 -589.487121 11725.658381 -806.513603 -1014.381788 -443.233750 -356.279306 -279.044458 8003.809305 13374.509530 13394.642106 12938.220435 13841.046239 12812.145972 12695.032022 -210.800811 -375.722382 12110.836097 11883.928222 12519.781163 10945.095981 10974.419652 12865.126070 10001.930756 -1636.008086 -1530.676885 -1502.356098 -815.473540 -527.668686 12208.615893 -574.709469 -9999.0 -9999.0 -9999.0 10760.582044 11563.098552 -488.657700 12425.238126 -501.746935 -456.048447 11059.603279 11140.114450 -226.053591 -9999.0 -9999.0
-9999.0 -9999.0 -9999.0 -9999.0 -9999.0 -9999.0 -9999.0 -9999.0 -9999.0 -9999.0 -9999.0 11077.470523 12525.274475 -54.643064 6978.078266 8578.701304 -315.645883 -679.972420 -410.797632 -446.706792 -474.278224 -289.128039 11537.069066 13261.671032 13781.898126 -473.053699 13757.089165 13835.002239 -500.693352 12142.423527 -503.689701 6862.996343 12043.123039 12724.552564 -502.575781 8768.586846 13733.132965 -1448.795088 -2200.559164 -1803.548869 -644.075197 -60.995384 11135.922680 13681.967574 12373.852794 -9999.0 -529.644457 11494.927583 12372.671651 12571.704820 4306.471611 -443.850302 2571.738255 12361.131008 4177.809966 11342.582054 -9999.0 -9999.0
-9999.0 -9999.0 -9999.0 -9999.0 -9999.0 -9999.0 -9999.0 -9999.0 -9999.0 -9999.0 -9999.0 -9999.0 14801.834179 13883.683444 10220.717959 9693.867832 -497.199453 -745.040549 -353.014958 -398.093725 -551.889221 -291.239260 -167.903070 12860.022732 13144.565326 12605.699059 468.494445 2238.578298 12516.622412 -548.304256 13457.151119 11620.315948 1568.956680 12678.374008 12423.663947 10631.406831 -486.116390 -2158.299950 -2156.406007 -1528.845902 -905.300889 -1609.286998 -92.536102 13295.154462 -783.400961 11892.062613 -623.990327 12219.421410 2293.185853 10805.227635 8206.266253 6562.008927 7330.396220 6534.152040 6518.796239 12407.503216 12178.120462 -9999.0
-9999.0 -9999.0 -9999.0 -9999.0 -9999.0 -9999.0 -9999.0 -9999.0 -9999.0 -9999.0 -9999.0 14132.368999 13633.505262 2300.035200 13217.135932 7807.716840 -299.584968 -525.930792 -339.492086 -693.122423 -640.102106 -288.234502 10162.593651 -161.130442 11873.735721 11244.949826 13020.429899 13415.790879 12437.123894 -600.027198 13704.135240 13715.967062 8413.542888 12702.165622 11644.473137 13476.596673 -269.711209 -2427.769814 -1712.460165 -2023.955409 -2064.399334 -1170.430982 4098.570109 -3029.012830 11485.918466 12899.066526 12693.558098 -918.314172 -915.388259 -139.088910 -2297.585094 13010.394842 2951.817875 -896.081125 -1186.222317 -443.236267 -378.629634 -9999.0
-9999.0 -9999.0 -9999.0 -9999.0 -9999.0 -9999.0 -9999.0 -9999.0 -9999.0 -9999.0 7106.056070 13265.324951 12323.460330 12322.170429 10563.526526 10781.662851 11293.436117 -426.449654 -892.107326 -664.604604 -258.190577 -159.624217 -127.121414 10817.108355 1435.212317 -51.702126 5955.284258 -2879.592125 709.125109 12648.487391 6262.827093 6531.261012 12009.960018 11924.990107 -385.220822 -531.483446 12645.177920 12377.156163 -847.985289 -276.376273 -300.487679 -1764.876650 -167.371110 -275.795429 7949.339248 -568.251122 13801.565049 -106.158370 8810.932459 1409.715526 -4772.933680 -427.822721 -1022.988424 -188.310612 -384.986356 10591.449692 10638.681400 -9999.0
-9999.0 -9999.0 -9999.0 -9999.0 -9999.0 -9999.0 -9999.0 -9999.0 -9999.0 13859.368499 13609.506269 3214.134802 7605.984819 10858.920522 9761.090263 10809.893198 8361.120776 2922.054845 -851.029976 -888.984297 -324.264413 -745.885604 -702.413454 -392.345743 -116.720631 11757.811221 13084.058698 12194.321351 -150.536318 7813.177687 16.216914 -58.700684 -328.167609 -424.322838 -521.700347 -521.450080 7387.899797 12046.090309 13905.643994 14131.312574 17477.060330 11706.383989 -113.856900 -592.229823 -443.796584 -235.054349 9380.753924 -198.632905 -186.533257 -205.637799 -128.844377 -411.552222 -213.006397 -209.869994 -367.079866 -106.322402 938.159395 -202.077033
-9999.0 -9999.0 -9999.0 -9999.0 -9999.0 -9999.0 -9999.0 -9999.0 -9999.0 2028.294100 9451.066216 13283.499829 13901.622966 450.875304 8628.421263 10753.740537 10087.293144 -297.562134 -906.640775 -516.931745 -448.069791 -599.160832 -259.575672 2423.434699 8347.213160 12397.641402 10587.990533 2162.232689 -266.800270 730.606222 10797.959347 12805.043570 9683.341783 12804.963035 13560.787239 -530.339778 -520.167685 -517.939264 13189.212488 14250.347229 13242.759483 954.413433 9903.108022 -280.819181 -476.444976 -343.347040 -282.373782 -427.400714 -288.079386 -151.015235 -63.106511 6060.080152 -303.891390 10294.756700 -55.573127 5248.252605 -68.507559 4668.383432
-9999.0 -9999.0 -9999.0 -9999.0 -9999.0 -9999.0 -9999.0 -9999.0 -9999.0 -9999.0 13030.802261 13243.776693 14054.917522 14480.623023 -285.079491 7638.080094 678.586653 -339.931072 -937.854576 -588.644975 -370.822653 -936.755210 -222.905196 -142.774926 11716.419072 6686.231715 -160.268272 -213.258550 9648.136388 20255.085999 15987.008032 24130.342009 9069.094345 12452.472375 13020.898518 12612.072969 11853.032602 12764.733719 -375.710992 13339.067716 13477.961233 12844.164989 16805.583750 -157.144011 -232.086475 -369.161150 -478.106923 -249.507237 -294.694791 -282.826265 -72.472843 -125.824363 -426.233494 -214.431370 10159.066005 11528.054484 12080.212335 16259.081370
-9999.0 -9999.0 -9999.0 -9999.0 -9999.0 -9999.0 -9999.0 -9999.0 -9999.0 -9999.0 12098.344365 13092.191410 12433.084970 9099.394616 -133.023626 -598.372589 -473.791617 -745.185227 -845.954529 -1159.189800 -1124.650127 -780.614377 -171.430145 8756.757884 6502.554557 -259.429702 91.145098 381.858462 19011.669285 8674.967925 13666.236248 13581.865352 -2872.425742 12651.015252 13803.713070 13783.332925 8950.942427 13372.424256 5106.732924 13302.236691 14020.445645 -74.113598 14171.975307 13347.729458 13137.030561 -54.274908 2076.115974 -232.162236 -508.931127 90.799761 -94.975946 1781.527574 11569.778098 -351.666671 -266.543338 -313.032342 12445.585955 -35.882230
-9999.0 -9999.0 -9999.0 -9999.0 -9999.0 -9999.0 -9999.0 -9999.0 14062.010554 12870.011840 116.430345 12045.958611 11221.238115 11070.487453 14573.136932 -393.922949 -922.279444 -623.219488 -689.007045 -1383.958103 -1366.821909 -1039.143722 -930.005796 -798.895060 -341.518934 -257.914240 -229.577796 20428.670863 15269.883214 8368.368527 -375.849395 11613.269157 13320.361693 12761.040040 13579.468831 13821.263667 10920.978082 13537.174229 15510.607237 -561.341497 -714.846581 11249.067588 -2076.960875 -434.987344 -714.531959 6136.174313 15328.163962 12003.934810 -230.106063 87.755107 432.138561 -71.439499 11685.682451 6276.728768 -539.440397 2794.726498 -277.220589 11892.647602
-9999.0 -9999.0 -9999.0 -9999.0 -9999.0 -9999.0 -9999.0 -9999.0 -9.287919 10161.806858 5738.297112 12625.631470 12927.476310 13496.675027 16245.440218 -358.530940 -675.962327 -778.311269 -1507.908868 -1391.929956 -488.694590 -567.637486 -577.292577 -592.658995 -946.888796 -540.129995 -293.919246 12833.235782 -3904.683081 13225.819106 12583.512927 -1057.519200 9420.229217 -996.758527 12208.414084 14263.868757 11727.894652 4733.783720 -59.118541 13948.763843 14100.508659 -31.777141 -709.288900 13768.247917 15701.783203 11718.305477 -2482.368567 13891.055142 -53.904011 -392.691444 84.531774 13960.737084 12895.066337 11958.736085 -6.337360 -11212.626670 -167.223336 -250.292629
-9999.0 -9999.0 -9999.0 -9999.0 -9999.0 -9999.0 -9999.0 -9999.0 13870.444392 13140.658603 8338.366353 5634.405655 13273.920429 -2360.843064 11418.210250 -76.002575 -628.540781 -559.503241 -1260.685562 -545.048968 -1421.656646 -724.079877 -635.042810 -1023.012828 -536.671749 -682.346410 -352.859941 19132.332456 -2773.731330 13518.309772 -1452.191211 11677.105315 13680.069258 -145.516142 13811.013957 11902.139622 -33.163933 -46.384806 13924.584908 3510.232412 14011.083172 -1049.205788 14196.981390 14092.101489 13664.165677 14111.401350 -837.022757 13375.786893 13472.446379 -182.290474 -326.596467 138.588725 3859.048180 7740.773194 -138.792564 411.070684 -168.465118 -82.926065
-9999.0 -9999.0 -9999.0 -9999.0 -9999.0 -9999.0 -9999.0 -9999.0 -736.617026 14050.476120 4748.499241 -3440.457364 13762.173867 13266.855541 -87.593002 -353.780350 -1154.619268 -1152.586020 -450.377302 -1340.900206 -1271.154483 -1222.433221 -699.836566 -976.688066 -891.538797 -543.197456 817.047156 8992.332908 12129.731809 1271.043121 -119.953779 -76.784171 -144.973253 5698.144064 -119.968471 11574.412079 543.305615 -678.588856 -281.205901 -155.803743 13072.173923 13164.399534 14260.667814 -855.424029 12812.965740 -798.145034 1298.422868 -843.232002 12676.620404 -170.002382 -264.644458 -263.818506 -223.265956 1026.552915 304.699163 96.945075 -145.859504 -101.505601
-9999.0 -9999.0 -9999.0 -9999.0 -9999.0 -9999.0 -9999.0 -9999.0 11758.214377 14356.718766 4917.824873 14053.008674 12387.809810 19930.886862 881.409786 -74.127119 -131.386001 -653.738745 -570.671549 -775.176169 -1063.323744 -1001.420902 -1198.298863 -1227.767721 -470.277750 -589.229448 16760.435402 6805.834968 98.283349 5487.631843 -149.075821 412.139342 95.911577 -236.907226 -262.817988 -382.166243 -395.813946 -788.792201 -868.884652 -147.615266 -272.826556 -155.263753 -219.651978 -178.961558 -167.861192 11540.381878 -198.174856 -144.318980 -203.607061 -250.026774 -228.069392 -572.180156 -358.976121 -285.068193 161.072442 154.468669 100.656900 -256.855921
-9999.0 -9999.0 -10.151911 13064.875178 227.351382 12379.181040 11614.894426 11390.322504 13176.671928 13905.901387 12387.980600 13988.571693 15692.770910 12559.711864 -152.044712 82.383657 -34.890140 17294.001276 10550.326609 -414.417071 -788.755725 -787.885880 -298.637427 -1514.499980 -1053.687726 -778.705956 -559.276105 -524.562006 -469.617710 -215.468060 -275.479823 -423.314824 95.702782 -539.198078 -341.885965 -717.282176 -513.696326 -937.358219 -1079.234038 -847.648829 -436.273150 -323.451649 -518.044176 -288.200814 -350.591795 -261.338553 -177.668763 -383.774754 -359.712345 -379.452296 -500.103879 -532.775382 -221.078368 -120.569089 101.858789 102.574445 97.773591 -301.780481
