user2019/resources/simulation/Vinschgau/output-maps/psiL0002N0498.asc
ncols         63
nrows         48
xllcorner     598000.000000
yllcorner     5145000.000000
cellsize      1000.000000
NODATA_value  -9999.0
[rows 0 to 26 of 48, columns 0 to 60 of 63]
-9999.0 -9999.0 -9999.0 -9999.0 -9999.0 -9999.0 -9999.0 -9999.0 -9999.0 -9999.0 -9999.0 -9999.0 -9999.0 -9999.0 -9999.0 -9999.0 -9999.0 -9999.0 -9999.0 -9999.0 -9999.0 -9999.0 -9999.0 -9999.0 -9999.0 -9999.0 -9999.0 -9999.0 -9999.0 -9999.0 -9999.0 -9999.0 -9999.0 -9999.0 -9999.0 -9999.0 -9999.0 -9999.0 -9999.0 -9999.0 -9999.0 -9999.0 -9999.0 -9999.0 -9999.0 -9999.0 -9999.0 -9999.0 -9999.0 -9999.0 -9999.0 -9999.0 -9999.0 -9999.0 -9999.0 -9999.0 -9999.0 -9999.0 -9999.0 -9999.0 -9999.0
-9999.0 -9999.0 -9999.0 -9999.0 -9999.0 -9999.0 -9999.0 -9999.0 -9999.0 -9999.0 -9999.0 -9999.0 -9999.0 -9999.0 -9999.0 -9999.0 -9999.0 -9999.0 -9999.0 -9999.0 -9999.0 -9999.0 -9999.0 -9999.0 -9999.0 -9999.0 -9999.0 -133.532377 39.629782 -133.855039 53.364282 39.117777 555.973885 -9999.0 -9999.0 -9999.0 -9999.0 -9999.0 -9999.0 -9999.0 -9999.0 -9999.0 -9999.0 -9999.0 -9999.0 -9999.0 -9999.0 -9999.0 -9999.0 -9999.0 -9999.0 -9999.0 -9999.0 -9999.0 -9999.0 -9999.0 -9999.0 -9999.0 -9999.0 -9999.0 -9999.0
-9999.0 -9999.0 -9999.0 -9999.0 -9999.0 -9999.0 -9999.0 -9999.0 -9999.0 -9999.0 -9999.0 -9999.0 -9999.0 -9999.0 -9999.0 -9999.0 -9999.0 -9999.0 -9999.0 -9999.0 -9999.0 -9999.0 -9999.0 -9999.0 36.898034 35.185037 40.189177 33.708082 66.178088 105.717577 37.977295 -9999.0 -9999.0 -9999.0 -9999.0 -9999.0 -9999.0 -9999.0 -9999.0 -9999.0 -9999.0 -9999.0 -9999.0 -9999.0 -9999.0 -9999.0 -9999.0 -9999.0 -9999.0 -9999.0 -9999.0 -9999.0 -9999.0 -9999.0 -9999.0 -9999.0 -9999.0 -9999.0 -9999.0 -9999.0 -9999.0
-9999.0 -9999.0 -9999.0 -9999.0 -9999.0 -9999.0 -9999.0 -9999.0 -9999.0 -9999.0 -9999.0 -9999.0 -9999.0 -9999.0 -9999.0 -9999.0 -9999.0 -9999.0 -9999.0 -9999.0 -9999.0 -9999.0 -9999.0 32.567894 38.319354 -296.437850 -328.204251 -364.478309 54.880953 34.234481 35.407251 40.472969 -9999.0 -9999.0 -9999.0 -9999.0 -9999.0 -9999.0 -9999.0 -9999.0 -9999.0 -9999.0 -9999.0 -9999.0 -9999.0 -9999.0 -9999.0 -9999.0 -9999.0 -9999.0 -9999.0 -9999.0 -9999.0 -9999.0 -9999.0 -9999.0 -9999.0 -9999.0 -9999.0 -9999.0 -9999.0
-9999.0 -9999.0 -9999.0 -9999.0 -9999.0 -9999.0 -9999.0 -9999.0 -9999.0 -9999.0 -9999.0 -9999.0 -9999.0 -9999.0 -9999.0 -9999.0 -9999.0 -9999.0 35.564299 27.243101 -9999.0 35.743925 37.604766 9.232819 -314.488610 -601.705479 -314.497959 8.430529 2.856857 -215.479544 39.750469 42.471317 -116.751653 -76.860218 -9999.0 -9999.0 -9999.0 -9999.0 -9999.0 -9999.0 -9999.0 -9999.0 -9999.0 -9999.0 -9999.0 -9999.0 -9999.0 -9999.0 -9999.0 -9999.0 -9999.0 -9999.0 -9999.0 -9999.0 -9999.0 -9999.0 -9999.0 -9999.0 -9999.0 -9999.0 -9999.0
-9999.0 -9999.0 -9999.0 -9999.0 -9999.0 -9999.0 -9999.0 -9999.0 -9999.0 -9999.0 -9999.0 -9999.0 -9999.0 -9999.0 -9999.0 -9999.0 -9999.0 -510.972144 9.738226 -381.967955 -123.056857 -183.184779 -241.275357 -477.969809 -341.937761 -233.359802 17.107024 33.728904 24.722164 4.497474 60.961226 62.873213 -96.621080 -218.173624 -155.628711 -132.821204 -9999.0 -9999.0 -9999.0 -9999.0 -9999.0 -9999.0 -9999.0 -9999.0 -9999.0 -9999.0 -9999.0 -9999.0 -9999.0 -9999.0 -9999.0 -9999.0 -9999.0 -9999.0 -9999.0 -9999.0 -9999.0 -9999.0 -9999.0 -9999.0 -9999.0
-9999.0 -9999.0 -9999.0 -9999.0 -9999.0 -9999.0 -9999.0 -9999.0 -9999.0 -9999.0 -9999.0 -9999.0 -9999.0 33.678104 23.800543 -293.756711 -444.019325 -86.824129 -498.898444 -288.654948 -325.440615 -445.120891 -542.930754 -271.692165 -189.419614 30.106212 -257.045147 50.634655 25.912716 24.543052 5623.229387 119.950321 84.683921 105.517009 -93.100870 -130.058155 -9999.0 -9999.0 -9999.0 -9999.0 -9999.0 -9999.0 -9999.0 -9999.0 -9999.0 -9999.0 -9999.0 -9999.0 -9999.0 -9999.0 -9999.0 -9999.0 -9999.0 -9999.0 -9999.0 -9999.0 -9999.0 -9999.0 -9999.0 -9999.0 -9999.0
-9999.0 -9999.0 -9999.0 -9999.0 -9999.0 -9999.0 -9999.0 -9999.0 -9999.0 -9999.0 -9999.0 -9999.0 -9999.0 35.729762 19.960397 -361.723444 -406.939803 26.433754 -90.248422 -523.684679 -343.497937 9.231172 8.600273 -269.170722 16.329328 39.315896 29.936085 -115.783929 -113.619755 32.447413 55.273660 46.554293 -111.640376 -135.360097 -97.047858 -9999.0 -9999.0 -9999.0 -9999.0 -9999.0 -9999.0 -9999.0 -9999.0 -9999.0 -9999.0 -9999.0 -9999.0 -9999.0 -9999.0 -9999.0 -9999.0 -9999.0 -9999.0 -9999.0 -9999.0 -9999.0 -9999.0 -9999.0 -9999.0 -9999.0 -9999.0
-9999.0 -9999.0 -9999.0 -9999.0 -9999.0 -9999.0 -9999.0 -9999.0 -9999.0 -9999.0 -9999.0 -9999.0 -9999.0 -121.709413 502.628307 -310.459322 -366.607558 -426.976648 -122.095461 -366.306920 28.383223 -337.776283 37.992370 -196.140813 20.914935 38.326243 -146.836117 -124.549741 37.222899 -135.693423 52.082875 -970.330261 -358.603551 -989.359430 -131.387282 -9999.0 -9999.0 -9999.0 -9999.0 -9999.0 -9999.0 -9999.0 -9999.0 -9999.0 -9999.0 -9999.0 -9999.0 -9999.0 -9999.0 -9999.0 -9999.0 -9999.0 -9999.0 -9999.0 -9999.0 -9999.0 -9999.0 -9999.0 -9999.0 -9999.0 -9999.0
-9999.0 -9999.0 -9999.0 -9999.0 -9999.0 -9999.0 -9999.0 -9999.0 -9999.0 -9999.0 -9999.0 -9999.0 11.214395 3721.532823 21.755561 22.317199 14.488209 -355.501809 -96.189885 -285.397712 -360.803618 -157.888762 40.453289 19.524121 2058.417332 27.909357 662.495899 34.339266 86.782184 -97.261740 31.719866 -115.958417 72.902070 -84.196903 -9999.0 -9999.0 -9999.0 -9999.0 -9999.0 -9999.0 -9999.0 -9999.0 -9999.0 -9999.0 -9999.0 -9999.0 -9999.0 -9999.0 -9999.0 -9999.0 -9999.0 -9999.0 -9999.0 -9999.0 -9999.0 -9999.0 -9999.0 -9999.0 -9999.0 -9999.0 -9999.0
-9999.0 -9999.0 -9999.0 -9999.0 -9999.0 -9999.0 -9999.0 -9999.0 -9999.0 -9999.0 -9999.0 48.791459 50.466965 348.993224 23.723543 35.155146 -241.778556 5.618054 13.397366 -56.384716 32.825748 31.596706 39.614322 30.330468 90.573262 51.516836 30.724351 42.115320 1927.122979 -81.911889 -112.413326 88.659179 -94.722626 -107.836784 -129.310828 -162.148571 -587.905885 -930.502280 -1003.479778 -9999.0 -9999.0 -9999.0 -5446.029141 -9999.0 -9999.0 -9999.0 -9999.0 -9999.0 -9999.0 -9999.0 -9999.0 -9999.0 -9999.0 -9999.0 -9999.0 -9999.0 -9999.0 -9999.0 -9999.0 -9999.0 -9999.0
-9999.0 -9999.0 -9999.0 -9999.0 -9999.0 -9999.0 -9999.0 -9999.0 -9999.0 -9999.0 -9999.0 43.644994 35.377037 93.213733 29.267428 25.298239 18.638277 -345.150241 12.692116 44.140295 42.138856 37.160487 43.752087 37.247878 62.266641 41.329337 33.676792 56.662292 -71.587329 -87.003563 48.722424 207.343766 31.219353 44.231524 21.975674 25.048039 -1028.828293 -2334.712792 -2212.954123 -84.348779 -116.411069 -126.915937 35.451590 -147.468412 -9999.0 -9999.0 -9999.0 40.636094 44.890240 -99.658569 51.513623 -88.057970 -77.364544 43.316359 60.468685 -56.745936 -9999.0 -9999.0 -9999.0 -9999.0 -9999.0
-9999.0 -9999.0 -9999.0 -9999.0 -9999.0 -9999.0 -9999.0 -9999.0 -9999.0 -9999.0 -9999.0 64.702623 29.331054 104.803660 43.020484 34.137619 37.841914 45.071546 52.026359 11.043816 43.517300 39.364206 30.109399 40.270791 37.056644 -112.872177 38.062780 1910.883554 -111.669729 36.881817 -124.473472 222.364627 45.804785 31.060083 -134.332898 -358.945333 -2300.770618 -3983.390422 -5178.766276 -934.043103 -1225.724796 -227.985337 35.242766 35.209827 34.301521 -9999.0 -88.256869 54.493670 54.931295 60.317051 57.416310 -103.001980 55.650171 52.477263 79.064046 57.625672 -9999.0 -9999.0 -9999.0 -9999.0 -9999.0
-9999.0 -9999.0 -9999.0 -9999.0 -9999.0 -9999.0 -9999.0 -9999.0 -9999.0 -9999.0 -9999.0 -9999.0 53.361138 63.977454 30.586810 34.374996 31.259236 28.947545 86.478571 11.094070 39.684583 47.715874 59.398676 47.232263 35.969934 33.444063 1277.557804 42.721755 48.238948 -107.558479 37.043781 120.794712 37.365884 36.141322 26.780533 -310.927114 -2607.724519 -4552.683391 -6130.734449 -3729.169343 -1571.640407 -97.464134 20.804623 35.155403 -158.171838 40.054606 -133.556422 44.162946 53.882323 57.918560 15.214109 246.725159 1050.943870 224.367420 152.682890 84.941011 52.938509 -9999.0 -9999.0 -9999.0 -9999.0
-9999.0 -9999.0 -9999.0 -9999.0 -9999.0 -9999.0 -9999.0 -9999.0 -9999.0 -9999.0 -9999.0 48.656205 29.823287 40.018386 91.317188 46.357567 44.467726 44.826415 54.652717 -2.458682 48.886104 55.953733 60.472502 27.322188 32.081843 66.682388 43.311448 32.510576 29.798741 -143.140731 37.518971 168.701014 53.491162 34.089185 23.229517 21.215109 -1676.305842 -3582.719427 -3584.660622 -3110.209607 -1077.403432 -667.060377 9.014966 -188.699797 38.035504 34.762395 71.814457 -200.956271 -210.905113 12.010558 -78.405842 45.820395 92.878500 -2.572904 -5.242372 -146.979274 -76.448475 -9999.0 -9999.0 -9999.0 -9999.0
-9999.0 -9999.0 -9999.0 -9999.0 -9999.0 -9999.0 -9999.0 -9999.0 -9999.0 -9999.0 1287.966275 49.500651 35.458768 32.619749 32.469932 1165.646222 1164.967562 19.009845 -338.747113 -71.752608 58.629466 59.179830 28.272645 30.040392 39.108064 1336.098401 37.486938 3.378603 37.804238 37.837337 135.727357 546.993163 42.721051 39.667199 -106.421815 -170.332073 -352.909191 -1493.065593 -1529.462154 -858.878148 -758.396560 -77.541625 -72.505910 -92.716909 29.528220 -134.637855 42.191090 54.610702 77.614822 8.488369 -23.897957 -86.686687 -0.436990 -115.410071 -58.183536 72.874920 88.377254 -9999.0 -9999.0 -9999.0 -9999.0
-9999.0 -9999.0 -9999.0 -9999.0 -9999.0 -9999.0 -9999.0 -9999.0 -9999.0 41.596018 50.043681 82.429184 71.223049 34.576208 68.766446 56.158203 24.576327 28.346504 24.505519 -369.415187 28.960343 -300.808457 30.907460 8.456725 9.642996 36.218537 29.715892 35.160470 39.326281 41.923618 11.345774 36.363176 -134.759169 -106.618806 -118.460041 -139.249718 43.588913 -282.312390 -554.877488 22.509825 -260.213854 -284.314132 -279.067453 -471.571529 19.564980 26.216628 39.690721 19.203883 25.712538 8.688463 69.488918 -80.391919 -394.596546 -36.495417 -80.132634 134.471681 226.669594 -82.246750 -10.251845 -9999.0 -9999.0
-9999.0 -9999.0 -9999.0 -9999.0 -9999.0 -9999.0 -9999.0 -9999.0 -9999.0 127.638291 48.050149 37.548212 2763.866730 32.677423 28.291522 26.145693 33.139967 28.716925 23.570874 -416.205511 -389.275301 -395.586533 10.468115 37.426319 34.416158 23.287101 31.105540 33.269583 8.123521 10.368515 44.440283 44.028210 54.089865 36.557697 48.687963 -123.390656 -131.864037 -134.809972 23.418228 42.551004 23.052682 19.087993 -336.281003 16.728953 -163.384023 -228.124517 6.613799 -267.646649 10.910279 8.258203 40.495468 47.427007 -34.924023 70.542037 -19.160477 95.360420 203.146055 142.988468 -86.383236 -9999.0 -9999.0
-9999.0 -9999.0 -9999.0 -9999.0 -9999.0 -9999.0 -9999.0 -9999.0 -9999.0 -9999.0 38.485515 52.877864 46.805140 1538.248235 34.265527 28.886653 31.520152 33.007395 -169.227243 -401.760064 -311.201937 29.585572 31.398037 35.916288 22.101689 26.198697 29.246856 8.302451 43.004057 36.877584 39.194963 2599.822592 40.245043 43.133851 65.147470 86.555078 27.107748 36.834866 -132.423320 43.088292 26.394595 31.350379 2750.959781 29.279862 38.853681 33.338401 37.630650 10.003646 8.091322 35.621298 49.906209 69.398882 -18.772202 -28.097608 64.413240 72.791960 108.028156 10742.296960 53.297422 36.394124 -9999.0
-9999.0 -9999.0 -9999.0 -9999.0 -9999.0 -9999.0 -9999.0 -9999.0 -9999.0 -9999.0 49.503896 43.434279 34.763089 41.651399 11.311383 31.090395 27.201650 -226.536594 -473.354396 -431.966903 -422.519936 -321.104934 12.292178 -174.119227 18.241929 -139.401830 7.935449 47.623994 45.758296 35.209903 40.144275 96.899403 9.183301 36.266446 36.696894 75.278748 2246.487667 46.811099 44.057435 37.727415 48.163455 -35.282012 83.613392 36.188395 41.698904 38.719840 37.496286 39.165660 59.436362 11.298359 64.553690 61.305291 74.312773 -59.145521 -2.838424 -11.636057 44.425684 43.254780 119.417093 74.989555 -9999.0
-9999.0 -9999.0 -9999.0 -9999.0 -9999.0 -9999.0 -9999.0 -9999.0 46.427838 35.886728 30.510886 52.348059 269.108906 51.082259 41.131189 8.457190 -283.699992 -447.639264 -479.476001 -446.615168 -499.065222 -475.466949 -421.780034 -428.153423 -374.552790 9.317148 46.812349 40.919045 53.970817 57.310382 -128.700866 51.911941 47.800885 37.877324 65.366763 28.191344 34.398709 52.518650 40.280533 -133.416438 -161.692340 78.161764 -19.557491 -169.203374 -199.723151 1339.028370 37.484999 41.088460 42.319518 8.138972 63.630831 81.375401 75.494897 67.655752 -24.463170 60.402243 -108.957237 44.487724 35.258043 80.728375 -9999.0
-9999.0 -9999.0 -9999.0 -9999.0 -9999.0 -9999.0 -9999.0 -9999.0 1102.035428 60.188720 45.206286 32.419685 31.392653 1134.490610 30.838075 33.562147 32.373893 -284.827888 -461.179842 -479.853016 -482.867780 -533.731082 -433.228193 -486.680575 -504.377614 9.875245 53.854439 51.102191 51.488514 41.109314 39.458096 -164.767698 80.851322 -165.631727 61.774698 43.187706 77.008276 92.018847 47.566337 48.399416 46.772479 37.346452 -144.819175 47.960409 1633.104563 58.676706 -5.414765 45.719579 43.918705 50.603222 10.604124 57.067816 63.265134 49.636881 49.274737 -37.999135 41.772154 43.695413 42.406583 12.156506 -233.526268
-9999.0 -9999.0 -9999.0 -9999.0 -9999.0 -9999.0 -9999.0 -9999.0 36.668584 1986.431529 41.490896 38.661803 176.805417 24.326229 30.454911 28.217117 -115.342639 -394.263447 -535.762414 -455.142337 -498.668339 -554.347457 -545.113207 -491.611819 -427.779618 28.311116 41.892101 39.193819 39.566673 45.980680 -172.339139 67.889002 49.810167 48.891793 57.543397 131.916493 59.539241 16.452796 57.312836 64.850281 61.075499 -155.091757 56.267579 1650.562894 58.435853 56.956658 -140.200899 45.299421 39.859544 38.483920 6.871090 58.219583 51.207996 43.534077 55.932984 68.945060 54.323728 49.016598 69.194725 45.373409 -116.810537
-9999.0 -9999.0 -9999.0 -9999.0 -9999.0 -9999.0 -9999.0 -9999.0 -147.529490 40.937078 90.047132 4.734847 45.520160 40.786951 41.475807 31.904435 25.784305 -448.396204 -349.072710 -506.644753 -472.261710 -480.219397 -517.384591 -456.506222 -332.350348 28.313483 35.616584 35.736827 32.693168 53.839019 40.425051 56.581859 53.980484 88.444483 53.626062 32.081165 34.396195 11.068103 51.165427 56.511875 42.051212 51.977692 58.228128 -165.018688 40.078696 -164.341843 50.505257 -149.655562 32.396793 32.066132 30.132653 10.187746 52.379111 34.719044 57.719196 67.352649 87.768989 252.109033 9.746625 9.632932 40.294110
-9999.0 -9999.0 -9999.0 -9999.0 -9999.0 -9999.0 -9999.0 -9999.0 29.588998 42.681627 2667.894302 33.895308 48.414874 46.737020 39.551455 47.029804 10.028400 24.630185 23.006417 -189.046260 -457.738735 -460.153012 -433.570709 -397.160820 -402.509928 -238.950498 16.605016 32.047805 32.296391 74.363466 37.280827 50.093436 99.433965 57.186501 40.020786 41.271585 39.213504 11.956065 70.395989 53.148189 41.003474 49.171005 70.068716 48.481628 42.783708 45.945386 45.499688 67.664608 29.859833 35.335367 30.573375 -204.472424 11.893922 39.708659 235.397699 235.997994 10.797673 10.185799 84.545417 51.189595 43.392135
-9999.0 -9999.0 37.163345 42.244915 704.076353 37.305929 140.305695 61.085191 42.015483 46.241379 44.805638 134.054248 59.419231 52.717118 11.540456 7.791533 34.340566 31.583079 26.250177 27.901825 -304.065932 -435.701955 -312.383620 -491.229545 -377.766813 -369.528015 -284.145815 -197.668012 49.081451 54.010663 29.406086 39.127846 236.473359 43.309148 46.845692 35.340273 38.760908 12.872234 56.365870 43.079943 43.671005 48.729686 82.592485 52.695861 37.097978 39.599250 46.224340 50.342006 39.924209 18.263409 -275.494664 -222.101184 9.694693 11.145333 11.768037 15.345881 127.535120 71.966660 52.370231 47.429921 43.767461
-9999.0 33.447410 46.767091 40.840004 27.149697 92.577307 133.165550 51.056045 49.033882 43.853313 40.976309 41.633368 68.338371 100.267858 10.956029 39.137254 36.974904 32.205819 25.505896 22.572885 -402.004539 25.239228 43.708945 -403.309716 -487.759734 -438.893565 -425.857881 -427.066305 -21.347089 39.020474 -343.656418 -162.075181 77.457890 81.983585 39.112063 -141.430070 -164.494669 11.985477 51.499847 36.360400 33.474559 55.229402 78.382200 38.743120 8.540840 15.492423 31.813338 44.812236 24.039356 -319.919006 9.233275 10.064685 98.453890 119.867694 127.112360 65.296744 61.393358 53.124130 51.915564 44.200737 42.511639
