user2019/resources/simulation/Vinschgau/output-maps/psiL0007N0775.asc
ncols         63
nrows         48
xllcorner     598000.000000
yllcorner     5145000.000000
cellsize      1000.000000
NODATA_value  -9999.0
[rows 0 to 25 of 48, columns 0 to 58 of 63]
-9999.0 -9999.0 -9999.0 -9999.0 -9999.0 -9999.0 -9999.0 -9999.0 -9999.0 -9999.0 -9999.0 -9999.0 -9999.0 -9999.0 -9999.0 -9999.0 -9999.0 -9999.0 -9999.0 -9999.0 -9999.0 -9999.0 -9999.0 -9999.0 -9999.0 -9999.0 -9999.0 -9999.0 -9999.0 -9999.0 -9999.0 -9999.0 -9999.0 -9999.0 -9999.0 -9999.0 -9999.0 -9999.0 -9999.0 -9999.0 -9999.0 -9999.0 -9999.0 -9999.0 -9999.0 -9999.0 -9999.0 -9999.0 -9999.0 -9999.0 -9999.0 -9999.0 -9999.0 -9999.0 -9999.0 -9999.0 -9999.0 -9999.0 -9999.0
-9999.0 -9999.0 -9999.0 -9999.0 -9999.0 -9999.0 -9999.0 -9999.0 -9999.0 -9999.0 -9999.0 -9999.0 -9999.0 -9999.0 -9999.0 -9999.0 -9999.0 -9999.0 -9999.0 -9999.0 -9999.0 -9999.0 -9999.0 -9999.0 -9999.0 -9999.0 -9999.0 -568.198236 -138.226489 -566.459177 -127.851812 -373.972873 -60.742610 -9999.0 -9999.0 -9999.0 -9999.0 -9999.0 -9999.0 -9999.0 -9999.0 -9999.0 -9999.0 -9999.0 -9999.0 -9999.0 -9999.0 -9999.0 -9999.0 -9999.0 -9999.0 -9999.0 -9999.0 -9999.0 -9999.0 -9999.0 -9999.0 -9999.0 -9999.0
-9999.0 -9999.0 -9999.0 -9999.0 -9999.0 -9999.0 -9999.0 -9999.0 -9999.0 -9999.0 -9999.0 -9999.0 -9999.0 -9999.0 -9999.0 -9999.0 -9999.0 -9999.0 -9999.0 -9999.0 -9999.0 -9999.0 -9999.0 -9999.0 -33.711894 -36.519588 -23.776373 -26.416756 -26.554910 -86.706014 -155.945404 -9999.0 -9999.0 -9999.0 -9999.0 -9999.0 -9999.0 -9999.0 -9999.0 -9999.0 -9999.0 -9999.0 -9999.0 -9999.0 -9999.0 -9999.0 -9999.0 -9999.0 -9999.0 -9999.0 -9999.0 -9999.0 -9999.0 -9999.0 -9999.0 -9999.0 -9999.0 -9999.0 -9999.0
-9999.0 -9999.0 -9999.0 -9999.0 -9999.0 -9999.0 -9999.0 -9999.0 -9999.0 -9999.0 -9999.0 -9999.0 -9999.0 -9999.0 -9999.0 -9999.0 -9999.0 -9999.0 -9999.0 -9999.0 -9999.0 -9999.0 -9999.0 -38.457252 -15.302960 -272.227585 -392.467747 -18980.954290 -9907.638785 -167.356205 -148.005223 -157.902216 -9999.0 -9999.0 -9999.0 -9999.0 -9999.0 -9999.0 -9999.0 -9999.0 -9999.0 -9999.0 -9999.0 -9999.0 -9999.0 -9999.0 -9999.0 -9999.0 -9999.0 -9999.0 -9999.0 -9999.0 -9999.0 -9999.0 -9999.0 -9999.0 -9999.0 -9999.0 -9999.0
-9999.0 -9999.0 -9999.0 -9999.0 -9999.0 -9999.0 -9999.0 -9999.0 -9999.0 -9999.0 -9999.0 -9999.0 -9999.0 -9999.0 -9999.0 -9999.0 -9999.0 -9999.0 105.310572 -40.861555 -9999.0 -28.044197 -16.007983 -17029.797500 -373.176159 -18460.278829 -26.489804 165.249093 348.980016 -379.793946 -132.765603 -128.337722 -565.135590 -563.663099 -9999.0 -9999.0 -9999.0 -9999.0 -9999.0 -9999.0 -9999.0 -9999.0 -9999.0 -9999.0 -9999.0 -9999.0 -9999.0 -9999.0 -9999.0 -9999.0 -9999.0 -9999.0 -9999.0 -9999.0 -9999.0 -9999.0 -9999.0 -9999.0 -9999.0
-9999.0 -9999.0 -9999.0 -9999.0 -9999.0 -9999.0 -9999.0 -9999.0 -9999.0 -9999.0 -9999.0 -9999.0 -9999.0 -9999.0 -9999.0 -9999.0 -9999.0 -634.452305 -551.078551 -19293.428701 -583.786778 70.711988 -358.161635 -10046.971524 -104.133591 -399.813643 -361.889456 -210.359623 -346.666904 276.859991 -21.893848 -99.363398 -565.186690 -564.719044 -555.134604 -555.404166 -9999.0 -9999.0 -9999.0 -9999.0 -9999.0 -9999.0 -9999.0 -9999.0 -9999.0 -9999.0 -9999.0 -9999.0 -9999.0 -9999.0 -9999.0 -9999.0 -9999.0 -9999.0 -9999.0 -9999.0 -9999.0 -9999.0 -9999.0
-9999.0 -9999.0 -9999.0 -9999.0 -9999.0 -9999.0 -9999.0 -9999.0 -9999.0 -9999.0 -9999.0 -9999.0 -9999.0 -130.823707 -260.323568 -301.035759 -809.822521 -591.821732 -621.879427 -16987.680156 -366.792099 -408.246388 -15238.773994 -109.668526 -344.232105 -30.103487 -10278.284766 -6238.281756 -7270.591880 -267.718079 8455.020120 -27.982407 -112.805520 -136.306204 -556.397105 -555.592769 -9999.0 -9999.0 -9999.0 -9999.0 -9999.0 -9999.0 -9999.0 -9999.0 -9999.0 -9999.0 -9999.0 -9999.0 -9999.0 -9999.0 -9999.0 -9999.0 -9999.0 -9999.0 -9999.0 -9999.0 -9999.0 -9999.0 -9999.0
-9999.0 -9999.0 -9999.0 -9999.0 -9999.0 -9999.0 -9999.0 -9999.0 -9999.0 -9999.0 -9999.0 -9999.0 -9999.0 -3.116546 -301.999473 -331.410285 -661.403013 40.760098 -591.407387 -487.415749 -64337.315307 -586.168716 -373.458684 -323.203329 -271.159046 -7236.479652 -178.483188 -557.425545 -556.534089 -5670.063471 -170.633117 -166.027575 -556.927607 -557.666839 -556.613286 -9999.0 -9999.0 -9999.0 -9999.0 -9999.0 -9999.0 -9999.0 -9999.0 -9999.0 -9999.0 -9999.0 -9999.0 -9999.0 -9999.0 -9999.0 -9999.0 -9999.0 -9999.0 -9999.0 -9999.0 -9999.0 -9999.0 -9999.0 -9999.0
-9999.0 -9999.0 -9999.0 -9999.0 -9999.0 -9999.0 -9999.0 -9999.0 -9999.0 -9999.0 -9999.0 -9999.0 -9999.0 -370.733023 535.387188 -233.955529 -387.817855 -582.843511 -591.079634 -711.069105 -9.966391 -15416.753892 -354.112853 -354.582644 -241.391131 -193.350452 -567.602307 -556.592762 -133.653059 -556.507730 -162.354475 -560.474303 -559.017049 -560.467275 -557.269507 -9999.0 -9999.0 -9999.0 -9999.0 -9999.0 -9999.0 -9999.0 -9999.0 -9999.0 -9999.0 -9999.0 -9999.0 -9999.0 -9999.0 -9999.0 -9999.0 -9999.0 -9999.0 -9999.0 -9999.0 -9999.0 -9999.0 -9999.0 -9999.0
-9999.0 -9999.0 -9999.0 -9999.0 -9999.0 -9999.0 -9999.0 -9999.0 -9999.0 -9999.0 -9999.0 -9999.0 -13227.223737 6870.408918 -267.854638 -205.128407 -45.924785 -284.368967 -80.850220 -19015.724754 -357.646489 -293.855921 -14749.038079 -199.770116 2572.935376 -169.761956 -27.106366 -146.708784 -95.027233 -556.995313 -256.078445 -563.485893 -122.011879 -555.810194 -9999.0 -9999.0 -9999.0 -9999.0 -9999.0 -9999.0 -9999.0 -9999.0 -9999.0 -9999.0 -9999.0 -9999.0 -9999.0 -9999.0 -9999.0 -9999.0 -9999.0 -9999.0 -9999.0 -9999.0 -9999.0 -9999.0 -9999.0 -9999.0 -9999.0
-9999.0 -9999.0 -9999.0 -9999.0 -9999.0 -9999.0 -9999.0 -9999.0 -9999.0 -9999.0 -9999.0 -18.793255 -152.747808 665.408734 -214.213951 40.332029 -17490.415696 -210.203736 372.742985 -19044.095490 -12291.292889 148.554301 -109.743446 -145.206983 -6083.029456 -119.606025 -188.650611 -116.619930 2718.594663 -556.799672 -562.859075 -99.770000 -561.911905 -555.223596 -561.682397 -564.798990 -546.398785 -562.362071 -571.292959 -9999.0 -9999.0 -9999.0 -554.705846 -9999.0 -9999.0 -9999.0 -9999.0 -9999.0 -9999.0 -9999.0 -9999.0 -9999.0 -9999.0 -9999.0 -9999.0 -9999.0 -9999.0 -9999.0 -9999.0
-9999.0 -9999.0 -9999.0 -9999.0 -9999.0 -9999.0 -9999.0 -9999.0 -9999.0 -9999.0 -9999.0 -30.200301 -163.062038 -7058.452208 -213.344784 -170.031041 -296.622821 -617.663708 -28.321020 375.697868 68.595014 -98.590400 -24.221146 -132.569678 -106.712907 -134.507131 -129.354453 -99.603447 -566.535612 -556.318786 -111.432213 -71.545877 -153.856940 -138.160766 -305.927800 -300.728364 -463.390896 -558.422512 -557.687315 -564.249880 -563.459460 -561.843242 -149.784763 -557.740882 -9999.0 -9999.0 -9999.0 617.390184 -156.319528 -563.945800 -133.892851 -562.036172 -561.612945 584.947547 676.901656 -555.863608 -9999.0 -9999.0 -9999.0
-9999.0 -9999.0 -9999.0 -9999.0 -9999.0 -9999.0 -9999.0 -9999.0 -9999.0 -9999.0 -9999.0 -26.406572 -36.555390 -4503.305521 321.552698 -116.531699 -124.278765 -331.823240 -8.992116 -25.164898 69.699728 -6952.245861 -149.817979 -29.475266 -142.037376 -566.974891 -140.819101 -14.450197 -557.620106 -153.310619 -556.358411 -2814.872124 -121.631513 -168.298264 -559.785611 -408.443367 -358.651600 -10713.131520 -572.125000 -565.593671 -569.174342 -566.263686 -244.409919 -153.108429 -176.199430 -9999.0 -557.002032 -134.432697 -113.869669 -98.664479 -222.607840 -567.451131 -219.836488 -93.702551 -192.113941 -119.425740 -9999.0 -9999.0 -9999.0
-9999.0 -9999.0 -9999.0 -9999.0 -9999.0 -9999.0 -9999.0 -9999.0 -9999.0 -9999.0 -9999.0 -9999.0 -24.833609 -165.352242 -11.945911 -3.971891 -310.619345 -403.300673 367.993263 76.034741 -354.417435 -7351.820241 -7541.843384 -131.697081 -133.131131 -145.910938 40.044566 -313.281388 -129.490790 -564.840119 -120.381377 -119.045429 -361.660127 -147.385232 -217.000963 -423.274103 -721.289094 -10834.922282 -355.218044 -582.681873 -490.470957 -572.704541 -7055.898629 -26.679261 -565.270411 -137.027347 -562.549710 -139.644731 -5161.903946 -127.436345 47.105178 -62.061064 846.126510 -116.602429 -85.612700 -31.753285 -26.440773 -9999.0 -9999.0
-9999.0 -9999.0 -9999.0 -9999.0 -9999.0 -9999.0 -9999.0 -9999.0 -9999.0 -9999.0 -9999.0 -138.955872 -42.932213 -288.698851 -126.051068 -134.484820 -118.559602 -284.496815 79.803142 -117.244961 -352.288860 -369.882630 -110.124365 -7951.665910 -149.579789 -113.033990 -135.185242 -153.834552 -165.476716 -565.651284 -146.172177 -99.342717 -90.876515 -134.693984 -192.159115 -253.254449 -564.523336 -12690.672782 -979.590681 -571.587015 -13069.578889 -1500.401041 -281.820584 -10969.879590 -111.172255 -154.178079 -100.799622 -566.504231 -568.044906 -13847.878755 -7917.093537 -155.309678 -100.156378 -6896.663156 -7003.081618 -561.232078 -564.744072 -9999.0 -9999.0
-9999.0 -9999.0 -9999.0 -9999.0 -9999.0 -9999.0 -9999.0 -9999.0 -9999.0 -9999.0 2259.920007 -128.606346 -19.046591 -23.810463 -9.320599 -10.500916 -13.665097 -335.840987 -340.095552 -83.760624 381.312167 362.286363 -4496.357864 -12.144953 -142.578528 2136.204655 -3832.609201 -8918.146571 -274.139445 -108.690037 -104.121166 -29.532875 -118.409237 -142.354092 -556.335360 -563.505469 -433.505705 -370.895066 -1855.644343 -308.621573 -7256.101943 -13852.047098 -584.276173 368.459079 -170.495820 -568.028755 -115.079920 -6501.215912 -128.257224 -129.942028 -8791.638633 -558.844653 -7140.435444 -561.130666 -559.844008 -108.813147 -110.201595 -9999.0 -9999.0
-9999.0 -9999.0 -9999.0 -9999.0 -9999.0 -9999.0 -9999.0 -9999.0 -9999.0 -137.109002 -131.686162 -142.030890 -123.323126 -148.355978 -151.892818 -114.994691 -126.400240 45.061116 -484.621268 -355.908211 369.483982 -486.712454 -5640.408791 -250.992676 107.761177 -3050.492004 -173.487355 -105.525184 -8026.816777 -140.953811 -125.941018 -123782.346721 -557.553641 -556.626949 -556.842532 -556.811965 -124.943912 -278.856702 -317.800409 -239.935154 -365.532325 -286.270103 -3598.057651 -374.288688 -4329.773327 -7705.876096 -93.836413 -8996.530805 -7642.978151 149.492390 -8669.934348 -564.451344 -562.382902 -559.185378 -560.989358 -3955.343822 -86.323504 -565.635488 -563.733003
-9999.0 -9999.0 -9999.0 -9999.0 -9999.0 -9999.0 -9999.0 -9999.0 -9999.0 -219.751039 -132.950863 -130.689744 5451.288502 -162.214424 -170.695033 -158.463279 -9.564819 -146.611217 -511.106421 -103.513039 -18.021384 -158.645853 85.378056 -4.568657 -2672.202947 -178.327286 -155.827311 -148.229598 -160.583135 153.973715 -333.770003 -5109.971325 -120.962001 -145.736506 -109.750675 -565.044413 -566.946485 -568.239962 -249.783734 -118.143933 -133.948475 -2600.939083 -290.009247 -187.553847 39.529597 5.050974 -276.595054 -9322.786426 -8684.417968 -137.119440 -140490.296092 -6732.624556 -557.026088 -150.486758 -559.591137 -102.821812 -3387.468591 -106.658565 -567.693586
-9999.0 -9999.0 -9999.0 -9999.0 -9999.0 -9999.0 -9999.0 -9999.0 -9999.0 -9999.0 -136.929873 -112.108508 -105.998384 2311.366832 -7863.139893 -172.358929 -145.354135 -169.475142 -504.396617 -132.818478 178.223979 -6475.603785 -301.674270 -2861.133698 -173.946777 -158.207432 -165.501436 -143.111614 -324.435393 -235.376409 -2937.374647 4818.405951 -3378.873501 -145.227002 -99.532950 -80.717107 -48.239770 -21.461135 -567.488145 -145.496003 -197.017245 -22.042452 5745.345629 -2621.113761 -2321.438686 -274.631932 -2728.359051 158.060949 -8885.139451 -7472.929702 -150364.933843 -8552.572659 -562.712645 -556.696556 -51.544039 -137.670526 -25.323373 10938.879384 -5900.209587
-9999.0 -9999.0 -9999.0 -9999.0 -9999.0 -9999.0 -9999.0 -9999.0 -9999.0 -9999.0 -126.609706 -123.277866 -27.463621 -112.134112 347.298413 -445.405315 -409.598166 -227.689353 -232.027867 -591.954451 -555.975128 -505.935640 -413.428958 -212.669112 -173.378211 -167.684186 340.790512 -295.464431 -286.051332 -2331.714771 -141.968876 -26.940674 -9070.564593 -162.656121 -146.556503 -28.291156 2872.777100 -124.512442 -5894.259760 -157.671951 -119.555679 -570.516604 -104.829015 -142.354509 -104.654443 -75697.080941 -101.618085 -2407.923616 -3027.995081 -5863.514720 -5039.977293 -5811.425793 -118.353734 -563.673512 -555.095689 -563.399624 -165.057234 -3459.978979 -249.174069
-9999.0 -9999.0 -9999.0 -9999.0 -9999.0 -9999.0 -9999.0 -9999.0 -27.844436 -121.688967 -346.099090 -26.508163 -59.643885 -108.452026 -327.490692 137.431595 -574.165286 -154.943109 -221.901072 -773.691928 -713.331931 -608.841594 -559.479389 -499.653914 -261.588848 129.346971 359.548659 -266.267885 -101.345782 -3993.905071 -557.642141 -130.135431 -125.455422 -143.997564 -115.532727 -193.202620 -113.900769 -116.305719 -3940.074850 -567.119610 -560.551787 -27.526877 -8016.993384 -559.011805 -572.574811 -13.250667 -2806.964737 -101.988622 -2596.510044 331.838676 -368.774966 -144847.289555 -112.157928 -5422.031435 -563.765769 -202.505280 -566.819641 -13.590808 -5832.674925
-9999.0 -9999.0 -9999.0 -9999.0 -9999.0 -9999.0 -9999.0 -9999.0 -314.086238 -121.596173 -6789.557189 -149.258687 -140.659396 -25.203066 -289.819487 -295.646309 -384.300008 -441.800140 -45947.797625 -753.955585 -26.524899 -123.504511 -148.762948 -147.367675 -563.446008 47.902008 350.002956 -97.014224 -8372.109045 -124.117243 -128.892393 -567.238078 -104.379183 -567.853393 -25.778033 -29.511673 -73.815533 -102.167943 -5802.334622 -115.206339 -144.052336 -550.392426 -559.006058 -112.013164 2612.156652 -104.237758 -8159.760477 -130.514579 -2808.437721 -271.956168 -317.936209 -107.025645 -337.453661 -104.161942 -231.988753 -9903.883413 -7351.509094 -7136.837326 -5839.132574
-9999.0 -9999.0 -9999.0 -9999.0 -9999.0 -9999.0 -9999.0 -9999.0 -142.113544 -13.701860 -388.710595 -5569.131316 -25.707620 -7760.847866 -136.462224 -4408.385022 -484.198628 -357.144834 -727.069520 -114.605874 -761.800800 -251.072934 -172.294355 -448.711920 -131.224812 -371.261146 -277.280240 -295.161182 -9171.511264 -114.531546 -567.973786 -27.093032 -129.490413 -8802.752790 -28.251220 -61.381208 -3905.545836 -2776.562901 -2694.639200 -4872.777915 -123.228765 -567.988523 -29.502465 -21.787755 -115.240634 -32.855908 -567.106632 -30.786993 -117.096883 -2385.299549 200.219383 -374.613579 -6676.757616 -5602.309664 -7133.985960 -94.280872 -95.082658 -106.002124 -342.365997
-9999.0 -9999.0 -9999.0 -9999.0 -9999.0 -9999.0 -9999.0 -9999.0 -555.960107 -113.621161 142.773095 -9532.660396 -25.451748 -123.753384 -143368.461895 -339.846626 -17120.783013 -679.103062 -69.425343 -693.429257 -660.103849 -597.165623 -246.523188 -484.305250 -350.210556 -351.394888 -286.126542 -4752.753494 -18.226992 -6789.203149 -7846.728772 -5958.933647 -11468.145938 -103.335290 -11979.603632 -165.085193 -139.163792 -327.372721 -2420.464651 -5498.927922 -131.021629 -106.900138 -103.568241 -572.472775 -36.428107 -569.000658 -256.833293 -568.051023 -178.387827 -7620.368727 -269.368875 -337.776589 -374.570216 52.854243 -87.228469 -77.386031 -317.680162 461.299283 379.516877
-9999.0 -9999.0 -9999.0 -9999.0 -9999.0 -9999.0 -9999.0 -9999.0 -44.746202 -27.661321 4723.903288 -5281.073712 -5427.455190 -400.653302 -2.733967 362.385897 325.320378 -358.477122 -326.522190 -428.285824 -471.249713 -472.513973 -607.378089 -665.726652 -157.655718 -451.816083 -384.277027 -151.576133 -162.203431 -115.564791 -3318.737392 -114.576642 -5389.858072 -95.878664 -5551.841359 -5492.814113 -5575.318032 -349.814853 -3206.515641 -89.029819 -5379.874970 -14697.889926 -5784.567365 -14899.985491 -6838.769145 -114.866056 -7017.447572 -7026.812486 -7757.389953 -7333.363615 -6467.526006 -443.915896 -366.508614 -216.698246 145.431085 495.103602 379.826509 380.456096 383.506219
-9999.0 -9999.0 -313.606729 -29.730150 -23.815792 -151.807550 -95.592278 -120.577165 -26.709314 -26.154086 -106.014088 -42.851348 -364.033399 -81.444584 70.474762 309.073966 -2801.879832 -251.225145 -123.717461 -300.398826 -466.989968 -172.783363 380.451557 -873.144411 -584.911964 -520.382898 -468.662681 -419.270907 -349.586986 71.946821 -359.922815 -296.433506 368.680539 -324.761180 -119.603107 -354.875242 -138.372761 -417.467135 -4269.125386 -3459.208599 -6621.502269 -6269.943612 -3661.345898 -334.508131 -3203.252372 -6214.967058 -131.965876 332.117161 -6834.148276 -252.246431 -289.535241 -161.864187 373.657971 376.203768 380.188560 378.166956 387.396347 361.068112 -277.900338
