user2019/resources/simulation/Vinschgau/output-maps/psiL0001N1175.asc
ncols         63
nrows         48
xllcorner     598000.000000
yllcorner     5145000.000000
cellsize      1000.000000
NODATA_value  -9999.0
[rows 0 to 25 of 48, columns 0 to 56 of 63]
-9999.0 -9999.0 -9999.0 -9999.0 -9999.0 -9999.0 -9999.0 -9999.0 -9999.0 -9999.0 -9999.0 -9999.0 -9999.0 -9999.0 -9999.0 -9999.0 -9999.0 -9999.0 -9999.0 -9999.0 -9999.0 -9999.0 -9999.0 -9999.0 -9999.0 -9999.0 -9999.0 -9999.0 -9999.0 -9999.0 -9999.0 -9999.0 -9999.0 -9999.0 -9999.0 -9999.0 -9999.0 -9999.0 -9999.0 -9999.0 -9999.0 -9999.0 -9999.0 -9999.0 -9999.0 -9999.0 -9999.0 -9999.0 -9999.0 -9999.0 -9999.0 -9999.0 -9999.0 -9999.0 -9999.0 -9999.0 -9999.0
-9999.0 -9999.0 -9999.0 -9999.0 -9999.0 -9999.0 -9999.0 -9999.0 -9999.0 -9999.0 -9999.0 -9999.0 -9999.0 -9999.0 -9999.0 -9999.0 -9999.0 -9999.0 -9999.0 -9999.0 -9999.0 -9999.0 -9999.0 -9999.0 -9999.0 -9999.0 -9999.0 -87.209224 1140.380126 -19.837881 1701.716674 2330.825286 -99.006300 -9999.0 -9999.0 -9999.0 -9999.0 -9999.0 -9999.0 -9999.0 -9999.0 -9999.0 -9999.0 -9999.0 -9999.0 -9999.0 -9999.0 -9999.0 -9999.0 -9999.0 -9999.0 -9999.0 -9999.0 -9999.0 -9999.0 -9999.0 -9999.0
-9999.0 -9999.0 -9999.0 -9999.0 -9999.0 -9999.0 -9999.0 -9999.0 -9999.0 -9999.0 -9999.0 -9999.0 -9999.0 -9999.0 -9999.0 -9999.0 -9999.0 -9999.0 -9999.0 -9999.0 -9999.0 -9999.0 -9999.0 -9999.0 549.615837 338.787968 257.022852 411.007025 671.111343 727.553567 1823.855434 -9999.0 -9999.0 -9999.0 -9999.0 -9999.0 -9999.0 -9999.0 -9999.0 -9999.0 -9999.0 -9999.0 -9999.0 -9999.0 -9999.0 -9999.0 -9999.0 -9999.0 -9999.0 -9999.0 -9999.0 -9999.0 -9999.0 -9999.0 -9999.0 -9999.0 -9999.0
-9999.0 -9999.0 -9999.0 -9999.0 -9999.0 -9999.0 -9999.0 -9999.0 -9999.0 -9999.0 -9999.0 -9999.0 -9999.0 -9999.0 -9999.0 -9999.0 -9999.0 -9999.0 -9999.0 -9999.0 -9999.0 -9999.0 -9999.0 264.252993 -169.288027 -3317.367633 -3345.186677 -3432.242227 -3293.323368 223.017296 1823.633093 2501.490189 -9999.0 -9999.0 -9999.0 -9999.0 -9999.0 -9999.0 -9999.0 -9999.0 -9999.0 -9999.0 -9999.0 -9999.0 -9999.0 -9999.0 -9999.0 -9999.0 -9999.0 -9999.0 -9999.0 -9999.0 -9999.0 -9999.0 -9999.0 -9999.0 -9999.0
-9999.0 -9999.0 -9999.0 -9999.0 -9999.0 -9999.0 -9999.0 -9999.0 -9999.0 -9999.0 -9999.0 -9999.0 -9999.0 -9999.0 -9999.0 -9999.0 -9999.0 -9999.0 -1017.588236 -297.095163 -9999.0 -111.639600 -255.544704 -3330.826306 -3162.018246 -3318.072359 -774.127936 -1064.256272 -670.766878 -652.257433 654.271441 1550.278485 -18.607609 -158.379622 -9999.0 -9999.0 -9999.0 -9999.0 -9999.0 -9999.0 -9999.0 -9999.0 -9999.0 -9999.0 -9999.0 -9999.0 -9999.0 -9999.0 -9999.0 -9999.0 -9999.0 -9999.0 -9999.0 -9999.0 -9999.0 -9999.0 -9999.0
-9999.0 -9999.0 -9999.0 -9999.0 -9999.0 -9999.0 -9999.0 -9999.0 -9999.0 -9999.0 -9999.0 -9999.0 -9999.0 -9999.0 -9999.0 -9999.0 -9999.0 -3366.898553 -3272.544740 -7288.274337 -5719.991407 -494.235249 -778.600787 -2812.102377 -1332.229254 -595.442653 2788.114318 -552.243180 9389.117440 -559.438169 -270.035118 464.565407 -20.246608 -23.383961 -20.466931 -24.071389 -9999.0 -9999.0 -9999.0 -9999.0 -9999.0 -9999.0 -9999.0 -9999.0 -9999.0 -9999.0 -9999.0 -9999.0 -9999.0 -9999.0 -9999.0 -9999.0 -9999.0 -9999.0 -9999.0 -9999.0 -9999.0
-9999.0 -9999.0 -9999.0 -9999.0 -9999.0 -9999.0 -9999.0 -9999.0 -9999.0 -9999.0 -9999.0 -9999.0 -9999.0 -732.271344 -2226.220209 -3157.325474 -3332.189281 -7653.295393 -3330.672196 -3267.228017 -3172.138347 -2928.296513 -3226.682280 -1459.877972 -891.106968 -276.774198 -21.376470 1380.784152 990.265496 382.454592 6958.350838 431.562258 917.599396 1322.222356 -15.423139 -25.661237 -9999.0 -9999.0 -9999.0 -9999.0 -9999.0 -9999.0 -9999.0 -9999.0 -9999.0 -9999.0 -9999.0 -9999.0 -9999.0 -9999.0 -9999.0 -9999.0 -9999.0 -9999.0 -9999.0 -9999.0 -9999.0
-9999.0 -9999.0 -9999.0 -9999.0 -9999.0 -9999.0 -9999.0 -9999.0 -9999.0 -9999.0 -9999.0 -9999.0 -9999.0 -745.380828 -3272.395325 -3285.308167 -3269.812809 -3263.226678 -7673.701006 -3261.516621 -3285.411926 -3469.084865 -3054.821522 -1093.431679 -849.344105 -499.957737 647.642085 -23.185666 -19.360589 5698.582239 9175.960393 1263.278597 -18.612919 2983.875754 -18.098782 -9999.0 -9999.0 -9999.0 -9999.0 -9999.0 -9999.0 -9999.0 -9999.0 -9999.0 -9999.0 -9999.0 -9999.0 -9999.0 -9999.0 -9999.0 -9999.0 -9999.0 -9999.0 -9999.0 -9999.0 -9999.0 -9999.0
-9999.0 -9999.0 -9999.0 -9999.0 -9999.0 -9999.0 -9999.0 -9999.0 -9999.0 -9999.0 -9999.0 -9999.0 -9999.0 -3350.898908 473.427292 -3412.837721 -3277.028416 -3256.542104 -7707.196878 -3314.831074 -3225.598296 -6903.275236 -537.380673 1810.887751 -2120.390549 -846.558173 -70.823845 -19.904671 2477.940794 -12.444842 1677.346276 3027.604838 3272.126852 3794.806971 -24.640382 -9999.0 -9999.0 -9999.0 -9999.0 -9999.0 -9999.0 -9999.0 -9999.0 -9999.0 -9999.0 -9999.0 -9999.0 -9999.0 -9999.0 -9999.0 -9999.0 -9999.0 -9999.0 -9999.0 -9999.0 -9999.0 -9999.0
-9999.0 -9999.0 -9999.0 -9999.0 -9999.0 -9999.0 -9999.0 -9999.0 -9999.0 -9999.0 -9999.0 -9999.0 -3252.365628 6359.813919 -3354.883028 -3041.545649 -2984.417034 -3177.748993 -3525.552231 -7335.067730 -3112.656998 -526.039698 385.442362 701.959520 -64.966279 662.662970 -187.452528 1950.436798 1489.763804 -16.037435 223497.284518 -19.348514 2483.939487 -161.247579 -9999.0 -9999.0 -9999.0 -9999.0 -9999.0 -9999.0 -9999.0 -9999.0 -9999.0 -9999.0 -9999.0 -9999.0 -9999.0 -9999.0 -9999.0 -9999.0 -9999.0 -9999.0 -9999.0 -9999.0 -9999.0 -9999.0 -9999.0
-9999.0 -9999.0 -9999.0 -9999.0 -9999.0 -9999.0 -9999.0 -9999.0 -9999.0 -9999.0 -9999.0 -553.875688 -3307.272651 149.761388 -3395.102115 -1108.288516 -7478.584233 -3277.863388 -2792.173214 -7804.364634 -3213.524490 -1489.989956 -306.283445 467.593097 264.171065 706.206205 2158.448689 1223.822938 466.645232 -22.399069 -20.232582 924.641764 -15.624767 -23.998538 -18.469548 -17.691729 2148.409369 -220.933277 939.498727 -9999.0 -9999.0 -9999.0 -24.153203 -9999.0 -9999.0 -9999.0 -9999.0 -9999.0 -9999.0 -9999.0 -9999.0 -9999.0 -9999.0 -9999.0 -9999.0 -9999.0 -9999.0
-9999.0 -9999.0 -9999.0 -9999.0 -9999.0 -9999.0 -9999.0 -9999.0 -9999.0 -9999.0 -9999.0 -487.643316 -3350.074519 -3528.337819 -3509.419320 -1305.680904 -3658.418310 -3358.617246 -3299.602307 -3251.169528 -2646.776007 -723.570025 186.209311 1022789.922605 -134.973154 1144.809241 1272.935284 862.979209 -19.150875 -23.385530 1263.124910 908.650207 2556.077792 3364.521161 3353.253980 1272.735681 524.336260 -507.303286 -374.052395 -22.770843 -22.978628 -55.603050 1515.954917 -19.382504 -9999.0 -9999.0 -9999.0 2970.187164 3340.184937 -12.304036 2979.653956 -16.894398 -17.434141 3600.972222 3547.199096 -18.650480 -9999.0
-9999.0 -9999.0 -9999.0 -9999.0 -9999.0 -9999.0 -9999.0 -9999.0 -9999.0 -9999.0 -9999.0 -437.204459 -562.604439 -324.795729 -987.052449 -2310.157610 -1869.688025 -3145.687846 -3661.246757 -3307.404438 -2639.649527 -292.789377 15347.829651 561.962573 1142.122058 -126.497435 265555.536430 -169.282319 -20.382045 3069.540661 -19.480737 -162.594105 699.620722 2787.685388 -16.386025 769.079661 -176.890873 -188.728723 -830.522247 -22.522491 471.847278 2184.866644 845.433353 1166.957029 3247.404582 -9999.0 -110.871854 3094.889133 1570.066992 961.014025 716.626289 -20.212829 1217.161284 1701.184887 2194.955819 2916.595775 -9999.0
-9999.0 -9999.0 -9999.0 -9999.0 -9999.0 -9999.0 -9999.0 -9999.0 -9999.0 -9999.0 -9999.0 -9999.0 -456.344859 569.512916 -776.578690 -813.866885 -2438.813378 -3066.469751 -3136.668354 -3252.466016 -2989.456806 -547.715538 -21.019445 -31.871854 1659420.912710 11709.112021 2747.215856 648.699186 1702.656098 -18.753773 1277.332212 -166.404223 589.928628 2231.549668 2644.493062 1077.192124 9640.550704 -192.672221 -614.758372 -521.909711 -772.145900 -23.912954 670.405631 497.846483 -18.470527 3343.148291 -19.305962 3059.382794 823494.835138 13328.050707 2635.039259 -168.265813 -167.984631 -159.412016 -153.619164 1829.283228 2634.619408
-9999.0 -9999.0 -9999.0 -9999.0 -9999.0 -9999.0 -9999.0 -9999.0 -9999.0 -9999.0 -9999.0 3885.016613 -209.368254 -1025.908426 800.484158 -564.355058 -993.553835 -2976.906898 -3378.682659 -3165.688294 -3059.349837 -930.758992 444.726596 13520.909333 7799.812915 -191.532604 12521.933515 1806.978185 2170.268981 -22.731133 130494.272992 -181.092723 435.710504 1964.348888 3305.588329 1346.974924 688.786927 6975.252062 -598.813428 -1189.954844 5004.150109 -303.972759 6172.234103 -5.413896 -144.945221 1738.975637 1284.458045 -21.662094 -21.485982 1077.364468 1656530.869945 1599.215249 138223.014241 -18.835028 2663.075926 2853.527565 -15.035204
-9999.0 -9999.0 -9999.0 -9999.0 -9999.0 -9999.0 -9999.0 -9999.0 -9999.0 -9999.0 2586.781943 3824.423926 -226.110492 -322.535961 -553.791746 2412.328170 2413.700694 -940.755726 -3130.193526 -3138.016926 -2573.631669 -659.313479 1350021.116346 -364.671930 921.731448 -148.219110 421499.288175 1717741.505870 368.907793 49.421577 -193.336701 -191.437564 501.444890 1877.578641 -81.649502 -20.560023 338.384965 6938.103949 17398.568998 -324.838415 -348.285237 -15.233415 -23.887025 -572.522091 1196.674613 -23.361092 666.829633 10005.561417 11822.472365 811.215727 361621.420894 -14.021277 2816.975809 3111.935944 3055.802968 1937.941185 1829.052401
-9999.0 -9999.0 -9999.0 -9999.0 -9999.0 -9999.0 -9999.0 -9999.0 -9999.0 1052.116368 168.599714 1235.371418 976.196846 6100.261454 5144.275690 1441.203220 1509.384067 -703.967567 -3157.438144 -3190.722163 -2942.395301 -2884.562954 -1088.845987 -850.800884 -156.516107 5779426.513569 1956911.822254 131.050121 1902.360686 771.576888 332.228820 5627522.226466 -21.020408 -20.632242 -27.340774 -20.334880 582.532230 8733.850423 12131.555549 3062.545670 -200.833892 2190511.605519 1205375.176911 -1028.012073 -711.969624 1153.714938 -418.556385 9840.045077 9410.681910 -198.057648 1209408.676296 -15.732826 3414.772896 -16.169459 -9.920281 134017.671286 105597.528287
-9999.0 -9999.0 -9999.0 -9999.0 -9999.0 -9999.0 -9999.0 -9999.0 -9999.0 948.379006 951.728918 -198.766139 4792.876535 483.802576 1720.576259 6735.563953 -394.914700 -682.581752 -3236.110270 -3328.463212 -3217.541161 -3516.258405 -821.356297 -408.555597 5754630.754333 9766.585061 7358.466799 779.240741 -228.712269 -451.508882 -301.215913 5450595.305750 1022.935671 2764.381141 1906.408577 -21.841105 -91.092240 -93.685250 886.853359 419.836916 11857.183100 7871.807012 4579.423263 -392.710005 -2335.415271 -790.488202 -767.452816 -533.676210 -115.738448 -448.991277 5620672.316500 3663639.546114 -4.986821 3167.308749 -35.606203 174553.195370 131673.469071
-9999.0 -9999.0 -9999.0 -9999.0 -9999.0 -9999.0 -9999.0 -9999.0 -9999.0 -9999.0 1273.479041 493.478180 908.446652 -215.829913 49.033378 1398.824517 -422.041773 -1024.510869 -3330.086658 -3118.534804 -3147.940896 -2996.793723 1413.138053 1246567.058637 14028.982786 1249.173974 192.440972 -384.173842 -360.419817 5793843.054278 5701675.167921 -171.054912 4025211.128727 2384.512507 1270.465390 452.042636 -126.754108 112.840177 -88.104982 1231.850942 1664.419354 306.298164 4992.049400 1131.815823 -129.004648 -472.155304 -2828.278704 -871.702161 -2688.953866 -490.559622 5560567.921524 891304.335924 -7.827978 -3.417932 3127.526224 2847.173740 1400.294223
-9999.0 -9999.0 -9999.0 -9999.0 -9999.0 -9999.0 -9999.0 -9999.0 -9999.0 -9999.0 2009.640566 773.365714 177.289555 505.339228 -370.950659 -804.782465 -981.293795 -3036.492531 -3349.514825 -3310.141336 -3252.075586 -3085.317852 2852.722055 1294.897789 1167.450320 4.806531 -543.462016 771.363192 5788521.853807 4115119.344409 1251.791074 670.380618 157826.963586 2776.072404 1232.977597 353.159734 -91.885465 5316.358677 1690624.179370 1962.611572 1156.934804 -15.488884 4611.770889 128.863616 -296.045764 1300117.978813 654.330753 1085.295257 -2741.785418 -839.425242 371.505063 1353988.530465 3706092.566659 -8.641834 -9.051996 -6.737896 2896.536176
-9999.0 -9999.0 -9999.0 -9999.0 -9999.0 -9999.0 -9999.0 -9999.0 844.077398 1460.175849 2269.506047 789.928144 -174.874171 5260.584035 23049.736051 -855.933418 -3128.568695 -3531.708901 -3300.192408 -3359.164665 -3440.434720 -3399.439986 -3356.130065 -3106.015557 -591.735149 -640.067490 -570.714203 5636268.408366 1337722.435059 3848873.620700 2672.538882 1245.167349 1210.330752 2574.651567 1287.024983 726.887789 -512.269963 887.241410 5786654.090493 -22.526746 -22.809771 211.934713 1706276.798179 -39.105695 -369.371643 2490.092074 5692286.893903 7070.989439 815.019547 -572.783169 -377.463746 3019510.979348 1170807.326542 3407747.037122 -7.441219 2603.635238 -16.187697
-9999.0 -9999.0 -9999.0 -9999.0 -9999.0 -9999.0 -9999.0 -9999.0 -72.949435 -138.406736 3519652.236992 2079.810188 900.195275 -185.009316 5756948.628229 -697.405601 -2966.267421 -3063.019742 -3420.505488 -3401.563695 -3438.227673 -3742.490393 -3900.925422 -3988.323040 -3254.582517 -2727.676768 -568.411767 4431.562350 377751.330799 1972.727626 2848.076237 -21.389834 1004.723762 -21.880902 838.603613 274.385585 -499.306681 308.141061 3405.471830 404.192563 1252.417137 163842.010052 -111.562026 313.517818 3134.748535 2459.880192 1745861.312078 493.270784 1645.452525 -526.755368 -371.349054 1836.556148 1286659.808506 3076.415425 1236.735105 -22.422728 20437.859778
-9999.0 -9999.0 -9999.0 -9999.0 -9999.0 -9999.0 -9999.0 -9999.0 1247.153858 4166.319776 940.398758 4006335.894833 -55.016220 1772765.964410 13100.243888 4926298.227610 -1028.213498 -3030.923220 -3382.894520 -3395.382700 -3438.901973 -3721.914504 -3830.497398 -3378.810119 -3333.815885 -3026.627805 -569.946456 5945956.807988 795134.571313 1251.435522 -22.184450 473.395530 659831.052929 118643.508103 239.822970 -397.128792 426.137939 -320.899352 10470.507215 6509.697155 525.769253 -147.164071 416.005015 3499.004376 905935.620231 585.608442 -22.089467 1241.057235 1518897.306508 1197.443852 -735.230695 -218.519367 848584.294976 1505031.665161 249317.362171 900.493155 8.269766
-9999.0 -9999.0 -9999.0 -9999.0 -9999.0 -9999.0 -9999.0 -9999.0 -15.772222 488.560768 2496.266916 513096.144512 962.853337 7758.494783 2295184.988225 -529.725528 -3155.030658 -3307.078002 -3145.889922 -3391.783832 -3342.372856 -3361.333017 -3546.330725 -3475.769165 -3063.022612 -1076.030068 23712.569861 5861212.111622 135.936496 1593.946677 4921.292175 -182.851879 462.973195 1331.201648 1599.878788 -563.108243 -1194.193891 -3015.314830 -559.506900 805.128355 -190.385241 -207.388613 -90.650772 -249.419779 757.529606 -103.027569 244.358238 -21.282548 859.275229 15993.314681 1140.118359 -900.745300 -355.698710 1662.527920 8.658416 6.109580 -772.321541
-9999.0 -9999.0 -9999.0 -9999.0 -9999.0 -9999.0 -9999.0 -9999.0 3264.895485 934.639270 -179.760847 5869626.752299 1778569.368923 8833.740016 -309.745015 -803.910411 -782.095068 -2369.376484 -1477.469022 -3075.249756 -3267.798954 -3232.143674 -3234.772635 -3158.121258 -3293.931498 -904.573481 5849292.536732 1194.040680 114.584653 481.771954 354515.874611 -202.949246 -413.018213 -416.205630 -398.047828 -971.906862 -2888.880122 -3156.190611 -3105.289991 -546.916288 -532.609250 -416.173458 -325.790757 444.033530 12675.856021 -290.265821 2049.918590 9775.176996 2975.660034 233.114371 -619.762459 -2438.988555 -1090.561362 -629.056879 -291.016762 -428.122819 -761.950666
-9999.0 -9999.0 604.122387 632.107720 -164.246566 159108.380042 -167.436103 1585221.338823 2445.993396 1349.536490 1014610.928517 -187.564171 1883.239746 330.869822 -462.387550 4.425542 1093.670433 5774538.736103 5842.495003 -654.469198 -3044.269817 -3275.571604 -2912.885569 -3309.741125 -3044.539349 -2921.116744 -1012.840279 -718.787461 -2732.368610 -472.099435 1164.060365 -1551.992331 -1126.280997 -3016.072988 -2869.609564 -3031.722674 -3112.042807 -3286.027915 -3198.663986 -2991.940886 -3045.310285 -3030.763169 -3090.542740 -865.753112 -681.167585 -475.115510 -453.684086 -754.690164 -977.519613 -1596.740714 -2904.121655 -2513.872496 -872.818094 -701.477675 -583.600444 -745.128874 -763.979806
