user2019/resources/simulation/Vinschgau/output-maps/psiL0002N1461.asc
ncols         63
nrows         48
xllcorner     598000.000000
yllcorner     5145000.000000
cellsize      1000.000000
NODATA_value  -9999.0
[rows 0 to 24 of 48, columns 0 to 56 of 63]
-9999.0 -9999.0 -9999.0 -9999.0 -9999.0 -9999.0 -9999.0 -9999.0 -9999.0 -9999.0 -9999.0 -9999.0 -9999.0 -9999.0 -9999.0 -9999.0 -9999.0 -9999.0 -9999.0 -9999.0 -9999.0 -9999.0 -9999.0 -9999.0 -9999.0 -9999.0 -9999.0 -9999.0 -9999.0 -9999.0 -9999.0 -9999.0 -9999.0 -9999.0 -9999.0 -9999.0 -9999.0 -9999.0 -9999.0 -9999.0 -9999.0 -9999.0 -9999.0 -9999.0 -9999.0 -9999.0 -9999.0 -9999.0 -9999.0 -9999.0 -9999.0 -9999.0 -9999.0 -9999.0 -9999.0 -9999.0 -9999.0
-9999.0 -9999.0 -9999.0 -9999.0 -9999.0 -9999.0 -9999.0 -9999.0 -9999.0 -9999.0 -9999.0 -9999.0 -9999.0 -9999.0 -9999.0 -9999.0 -9999.0 -9999.0 -9999.0 -9999.0 -9999.0 -9999.0 -9999.0 -9999.0 -9999.0 -9999.0 -9999.0 -184.991394 -1504.991278 -167.024192 40116.597924 -1312.539748 108280.038075 -9999.0 -9999.0 -9999.0 -9999.0 -9999.0 -9999.0 -9999.0 -9999.0 -9999.0 -9999.0 -9999.0 -9999.0 -9999.0 -9999.0 -9999.0 -9999.0 -9999.0 -9999.0 -9999.0 -9999.0 -9999.0 -9999.0 -9999.0 -9999.0
-9999.0 -9999.0 -9999.0 -9999.0 -9999.0 -9999.0 -9999.0 -9999.0 -9999.0 -9999.0 -9999.0 -9999.0 -9999.0 -9999.0 -9999.0 -9999.0 -9999.0 -9999.0 -9999.0 -9999.0 -9999.0 -9999.0 -9999.0 -9999.0 -443.335120 -668.807811 -1254.852315 -499.086787 -873.732642 -1181.154631 62735.645902 -9999.0 -9999.0 -9999.0 -9999.0 -9999.0 -9999.0 -9999.0 -9999.0 -9999.0 -9999.0 -9999.0 -9999.0 -9999.0 -9999.0 -9999.0 -9999.0 -9999.0 -9999.0 -9999.0 -9999.0 -9999.0 -9999.0 -9999.0 -9999.0 -9999.0 -9999.0
-9999.0 -9999.0 -9999.0 -9999.0 -9999.0 -9999.0 -9999.0 -9999.0 -9999.0 -9999.0 -9999.0 -9999.0 -9999.0 -9999.0 -9999.0 -9999.0 -9999.0 -9999.0 -9999.0 -9999.0 -9999.0 -9999.0 -9999.0 -1106.718797 -1011.125675 -2953.303789 -2998.543271 -3042.708155 -3026.928183 -1307.384798 40377.329004 115874.065666 -9999.0 -9999.0 -9999.0 -9999.0 -9999.0 -9999.0 -9999.0 -9999.0 -9999.0 -9999.0 -9999.0 -9999.0 -9999.0 -9999.0 -9999.0 -9999.0 -9999.0 -9999.0 -9999.0 -9999.0 -9999.0 -9999.0 -9999.0 -9999.0 -9999.0
-9999.0 -9999.0 -9999.0 -9999.0 -9999.0 -9999.0 -9999.0 -9999.0 -9999.0 -9999.0 -9999.0 -9999.0 -9999.0 -9999.0 -9999.0 -9999.0 -9999.0 -9999.0 -2292.663659 -1109.235919 -9999.0 -1032.961601 -1047.497358 -2932.757707 -2894.808667 -2931.750892 -2437.815614 -2746.406587 -2713.675129 -2334.644094 -1313.009570 28957.700148 -85.988727 -229.142486 -9999.0 -9999.0 -9999.0 -9999.0 -9999.0 -9999.0 -9999.0 -9999.0 -9999.0 -9999.0 -9999.0 -9999.0 -9999.0 -9999.0 -9999.0 -9999.0 -9999.0 -9999.0 -9999.0 -9999.0 -9999.0 -9999.0 -9999.0
-9999.0 -9999.0 -9999.0 -9999.0 -9999.0 -9999.0 -9999.0 -9999.0 -9999.0 -9999.0 -9999.0 -9999.0 -9999.0 -9999.0 -9999.0 -9999.0 -9999.0 -2918.482917 -2862.969722 -6441.215036 -641.180316 -723.439277 -2218.777302 -2767.595508 -2727.430697 -1711.478940 321654.135418 -2091.523823 110120.447194 -2570.096574 -1241.425479 -1359.452832 -184.851178 -190.806324 -109.930957 -138.833487 -9999.0 -9999.0 -9999.0 -9999.0 -9999.0 -9999.0 -9999.0 -9999.0 -9999.0 -9999.0 -9999.0 -9999.0 -9999.0 -9999.0 -9999.0 -9999.0 -9999.0 -9999.0 -9999.0 -9999.0 -9999.0
-9999.0 -9999.0 -9999.0 -9999.0 -9999.0 -9999.0 -9999.0 -9999.0 -9999.0 -9999.0 -9999.0 -9999.0 -9999.0 -1518.544654 -2722.669958 -2782.462500 -2874.792749 -6377.671744 -2878.244870 -2825.611579 -2809.000591 -2788.343278 -2829.788923 -2793.560440 -463.306706 -1009.914786 -17.169843 -520.302725 -359.844033 11019.201761 -348.593676 -1058.102505 -1354.537806 46524.053890 -75.452106 -135.628699 -9999.0 -9999.0 -9999.0 -9999.0 -9999.0 -9999.0 -9999.0 -9999.0 -9999.0 -9999.0 -9999.0 -9999.0 -9999.0 -9999.0 -9999.0 -9999.0 -9999.0 -9999.0 -9999.0 -9999.0 -9999.0
-9999.0 -9999.0 -9999.0 -9999.0 -9999.0 -9999.0 -9999.0 -9999.0 -9999.0 -9999.0 -9999.0 -9999.0 -9999.0 -1704.696049 -2901.356221 -2863.008119 -2861.134553 -2889.860532 -6387.995784 -2796.617584 -2837.126743 -2892.682012 -2779.910674 -2697.302763 -2763.469223 -2708.841119 -1537.371687 -170.261536 -96.286336 490932.076614 240429.274886 58336.040687 -71.570344 -66.764725 -69.216801 -9999.0 -9999.0 -9999.0 -9999.0 -9999.0 -9999.0 -9999.0 -9999.0 -9999.0 -9999.0 -9999.0 -9999.0 -9999.0 -9999.0 -9999.0 -9999.0 -9999.0 -9999.0 -9999.0 -9999.0 -9999.0 -9999.0
-9999.0 -9999.0 -9999.0 -9999.0 -9999.0 -9999.0 -9999.0 -9999.0 -9999.0 -9999.0 -9999.0 -9999.0 -9999.0 -2892.953972 271.404876 -2933.476423 -2834.211272 -2829.732042 -6414.075708 -2869.595999 -2903.814901 -5895.596036 -2481.265504 -77.038841 -2811.220596 -2807.968223 -112.505544 -92.761008 97388.380838 -66.470229 108504.334761 -40.837926 -93.461733 -24.841371 -118.330149 -9999.0 -9999.0 -9999.0 -9999.0 -9999.0 -9999.0 -9999.0 -9999.0 -9999.0 -9999.0 -9999.0 -9999.0 -9999.0 -9999.0 -9999.0 -9999.0 -9999.0 -9999.0 -9999.0 -9999.0 -9999.0 -9999.0
-9999.0 -9999.0 -9999.0 -9999.0 -9999.0 -9999.0 -9999.0 -9999.0 -9999.0 -9999.0 -9999.0 -9999.0 -2808.135198 6169.146184 -2887.245828 -2748.706968 -2695.650315 -2806.178702 -3021.105926 -6318.345963 -2780.175690 -1667.133947 -2096.642553 -1007.472309 38966.117770 -1594.946012 1029360.060979 66685.088816 50151.262758 -57.978344 98544.929041 -81.806414 152157.825103 -202.090020 -9999.0 -9999.0 -9999.0 -9999.0 -9999.0 -9999.0 -9999.0 -9999.0 -9999.0 -9999.0 -9999.0 -9999.0 -9999.0 -9999.0 -9999.0 -9999.0 -9999.0 -9999.0 -9999.0 -9999.0 -9999.0 -9999.0 -9999.0
-9999.0 -9999.0 -9999.0 -9999.0 -9999.0 -9999.0 -9999.0 -9999.0 -9999.0 -9999.0 -9999.0 -1269.687074 -2878.071467 -838.417230 -2892.117800 -2301.463132 -6374.215757 -2842.797097 -2725.630398 -6754.908276 -2788.850719 -2798.588146 -1246.832008 -1423.571915 -2316.534159 -1400.668440 112831.917970 -310.606474 43596.332908 -86.294330 -92.367369 -1286.379860 -85.488597 -129.900246 -89.709278 -137.072007 35875.527734 -1685.312275 -1643.983167 -9999.0 -9999.0 -9999.0 -153.085236 -9999.0 -9999.0 -9999.0 -9999.0 -9999.0 -9999.0 -9999.0 -9999.0 -9999.0 -9999.0 -9999.0 -9999.0 -9999.0 -9999.0
-9999.0 -9999.0 -9999.0 -9999.0 -9999.0 -9999.0 -9999.0 -9999.0 -9999.0 -9999.0 -9999.0 -1018.319312 -2944.335974 -3048.560444 -3048.227637 -1852.606555 -3120.659380 -2885.704189 -2795.804499 -2920.550025 -2892.273849 -1963.502402 -865.025937 3248300.977760 2580941.902438 -1236.326485 -215.037116 -1357.402709 -57.905338 -103.595761 -135.204258 -1161.543443 116165.929383 136340.705214 29409.885809 -263.729958 -1299.097356 -1376.956358 -1618.726732 -132.786347 -137.669156 -132.512901 54434.085269 -90.962214 -9999.0 -9999.0 -9999.0 -1265.450998 89174.317214 -47.220703 175066.203382 -74.234354 -77.047667 -648.528930 31706.265393 -95.379224 -9999.0
-9999.0 -9999.0 -9999.0 -9999.0 -9999.0 -9999.0 -9999.0 -9999.0 -9999.0 -9999.0 -9999.0 -962.491114 -1031.808701 -2691.495049 -1832.551525 -2243.666172 -2690.157577 -2831.077543 -3013.111585 -2920.565141 -2619.304615 -647.911227 958569.933849 -275.278573 -1315.396965 -178.563531 1467932.413997 3394545.034497 -142.984727 68494.621064 -102.529322 2978145.541292 -1364.677494 159766.862676 -74.003435 -1283.930906 1813803.620702 981449.350464 -1320.793807 -157.802821 -1616.648926 -1986.625261 -1372.605033 -139.881683 174543.263749 -9999.0 -166.872068 178918.318570 49656.950544 -1238.192918 -1435.389520 -169.221730 -1631.831844 28105.615978 -1872.484969 137607.309185 -9999.0
-9999.0 -9999.0 -9999.0 -9999.0 -9999.0 -9999.0 -9999.0 -9999.0 -9999.0 -9999.0 -9999.0 -9999.0 -1209.468070 312.502407 -1471.797948 -1596.784318 -2600.369163 -2779.684350 -2861.602987 -2923.431469 -2760.964314 -2274.008380 20243.363603 639580.104298 3649626.635262 1617832.097228 4303.195945 -1471.588570 71929.398876 -89.105271 9395.509207 2079207.360791 -1410.355093 91591.804961 142662.644761 -701.536857 1231214.156004 1412385.362605 -1352.758137 -1514.463391 -1286.371950 -274.745181 670511.885820 -859.967373 -98.321003 148831.362496 -84.593391 172851.047214 3482520.616414 721899.806354 294880.621868 2531761.555512 2791954.870002 2801958.106835 2947366.314078 44746.083795 142846.353903
-9999.0 -9999.0 -9999.0 -9999.0 -9999.0 -9999.0 -9999.0 -9999.0 -9999.0 -9999.0 -9999.0 653052.492941 -980.104592 -1716.481617 -53.339083 -1756.784586 -2677.226865 -2742.950651 -3018.260175 -2856.321422 -2788.422973 -2550.369871 1420.227519 1240557.331637 1229627.935893 2858140.251377 744657.882381 91425.637541 61598.305512 -170.954652 1627249.176534 3325078.481337 -1201.734594 91810.232290 87064.713337 33989.255487 -1682.355030 606777.635148 1292.855670 -1455.437674 611988.054374 -605.813937 2636.282990 -50.393636 -1206.561799 72637.309984 -423.732810 -174.368714 -171.141964 152402.671854 1377949.904375 82994.670340 1446423.346137 332320.974153 309801.400214 96833.106527 -60.259118
-9999.0 -9999.0 -9999.0 -9999.0 -9999.0 -9999.0 -9999.0 -9999.0 -9999.0 -9999.0 4043.932771 287550.372115 -966.708022 -1116.714472 -1328.138680 100032.789883 122164.164560 -2275.972361 -2825.881694 -2839.495195 -2798.435035 -2117.341039 4289284.166989 -1144.493620 39055.607016 1693969.170766 3028567.825794 1369280.098659 -1415.367486 -1277.824965 144950.421414 1422506.577398 -1308.363642 106705.263321 -122.415337 -116.031082 -1410.208653 854686.798510 2129225.583285 703.668944 -762.069703 -88.617197 -1482.228051 -1680.033015 155098.738829 -171.035412 -1451.785857 536303.671304 320241.543477 22384.424503 587008.328970 -37.038170 301846.627569 113192.281208 9937.024348 88979.245681 81839.763144
-9999.0 -9999.0 -9999.0 -9999.0 -9999.0 -9999.0 -9999.0 -9999.0 -9999.0 -1508.180679 -643.358462 197439.280422 28252.179871 652925.952538 100691.822591 39396.173567 221900.665383 -2181.542909 -2843.409598 -2861.661452 -2849.781480 -2676.737479 -2655.911328 -2622.379166 848.848253 5629885.149922 3786980.527424 -1261.217811 284262.370422 7339.807680 981.455329 5513877.083999 -111.102354 -92.370245 -142.092676 -120.184927 -1314.572326 2127818.496647 1078844.725021 178280.586369 1884999.970457 4139827.723925 3918956.898096 -2658.994028 -2663.686868 197108.865088 -1507.451945 781670.387038 760707.029826 920.033175 2830622.361689 -38.642009 103625.459416 -79.138992 1041.051298 1174558.942660 1212942.304790
-9999.0 -9999.0 -9999.0 -9999.0 -9999.0 -9999.0 -9999.0 -9999.0 -9999.0 -1605.305488 -1487.414773 -1293.590978 4663.193839 13803.326797 272568.597192 675069.103060 -1362.634002 -2612.989350 -2888.309515 -2940.866728 -2911.941076 -2946.930529 -2437.933502 -859.913656 5614515.030184 2105532.294915 626732.083527 40615.255210 -828.914717 -874.905181 -1458.973374 5373450.711345 1905.180195 135614.786985 60627.699384 -137.740525 -177.954054 -203.880372 -1264.161654 -1229.183008 1074469.778200 2879719.893704 483711.849358 -1272.604157 -2514.401032 -2578.367135 -2669.248520 -2490.180481 5712.695491 -225.106096 5442636.089720 3510630.085474 -29.082478 233147.335441 67811.249343 1391088.658957 1444163.923072
-9999.0 -9999.0 -9999.0 -9999.0 -9999.0 -9999.0 -9999.0 -9999.0 -9999.0 -9999.0 27538.417543 -1277.759998 -410.769051 1161205.276146 -546.872460 205364.252982 11164.660120 -2732.947507 -2944.034809 -2906.676918 -2915.816879 -2780.131142 13798.199825 2687649.775078 1182796.258223 151616.758326 827.595283 -1449.350145 -911.172928 5663622.882419 5577976.649958 4675427.836180 3914754.001958 98559.011658 -1163.354044 -1194.293874 -1017.703174 -1266.958351 -166.224411 16101.501222 85330.621059 -832.464064 5458.038283 157345.026974 -2045.929918 -178.667108 -2646.272490 -2552.080848 -2761.074716 -1265.637527 5452469.115384 1998092.518696 -13.801103 62752.014591 247035.390679 201690.373270 70684.380797
-9999.0 -9999.0 -9999.0 -9999.0 -9999.0 -9999.0 -9999.0 -9999.0 -9999.0 -9999.0 79564.253078 -1478.182734 -1223.794295 10932.038398 -865.554135 -2417.173444 -1849.781151 -2775.106715 -2967.923417 -2972.392911 -2890.524888 -2800.027257 50472.843238 298506.437065 138304.688582 -712.384960 -1127.303785 645.268526 5713402.226132 3995987.373358 56664.675264 -224.110354 911012.446672 116683.131571 -224.808868 -1212.316515 639869.539882 183713.507047 3315141.391095 82352.520930 -389.931128 -185.463614 655977.582947 -1370.564527 -869.117401 2783632.381618 26039.942667 -1300.853104 -2753.392707 -2709.439186 1114.202787 3237048.508569 3638762.575209 17797.600115 74193.146033 25376.101212 210380.277887
-9999.0 -9999.0 -9999.0 -9999.0 -9999.0 -9999.0 -9999.0 -9999.0 -236.193931 34848.670158 -1700.168542 -201.922929 1159411.993104 478929.692450 271368.535539 -1626.880206 -2837.677552 -2959.869684 -3004.226426 -2993.865810 -3007.488373 -2981.429316 -2959.099790 -2902.927891 -2529.057838 -1041.756974 -510.476072 5793394.413595 3386178.784667 3910451.703434 -47.524445 30212.601787 2069.585230 86796.103839 -268.515130 -1340.989675 -1455.083006 26554.508360 5611135.993745 -139.945797 -175.588437 -859.912884 1562829.509820 -144.429116 -319.843352 4111.756036 5522113.312070 555389.907179 -192.060583 -1521.664842 -276.199334 4190762.626624 1993997.684346 3273016.615808 -43.042578 -372.104574 -75.321205
-9999.0 -9999.0 -9999.0 -9999.0 -9999.0 -9999.0 -9999.0 -9999.0 -17025154.429358 1754462.383938 3766843.501238 97358.050685 -1010.017469 3348602.939275 5565375.775461 -461.808513 -2719.376187 -2781.677764 -2991.117559 -3029.526538 -2929.820463 -3144.067271 -3190.693731 -3173.595020 -2897.593332 -2617.857696 -738.285593 307599.375710 640511.547002 75199.237807 149216.339987 -184.347114 -1173.264441 -178.910950 -240.987521 -709.933973 -2448.142922 -283.555074 420164.515496 -1284.851490 4714.301524 -567.605231 -179.649586 -1341.243841 20168.413208 830527.899339 1423345.503060 -1467.870313 280411.201650 -1372.465446 -764.675700 314521.198289 2086695.003862 214721.842881 -1656.674711 313075.213064 921871.218002
-9999.0 -9999.0 -9999.0 -9999.0 -9999.0 -9999.0 -9999.0 -9999.0 10851.466854 62769.103244 182981.686053 3878992.656632 1513.903252 1449884.968270 801698.461365 5313736.210289 -2436.568763 -2773.919899 -2969.730767 -2877.057223 -3059.903037 -3128.048090 -3179.042904 -3007.104437 -2957.611966 -2760.896287 -811.620022 5808903.773968 903513.855435 -126.753213 -175.329944 -618.472383 3316804.570384 2238080.395216 -747.384297 -1974.806391 -186.946327 -1807.157576 47431.614648 605086.014651 -1338.617697 -188.060280 -334.534015 21183.144032 2317486.299350 -234.712099 -145.111562 37305.100624 3704541.922618 5602.615955 -1759.970054 836.402714 1283195.800058 2146597.422328 341596.925956 47088.834731 -525.886424
-9999.0 -9999.0 -9999.0 -9999.0 -9999.0 -9999.0 -9999.0 -9999.0 -52.562217 -1395.790929 555249.608240 690186.342619 7913.955352 2077940.755604 4480127.463338 -782.086497 -2825.527358 -2921.406625 -2872.764125 -2973.570447 -2990.615923 -3017.630366 -3025.028433 -2924.527861 -2775.950146 -2286.061263 404535.781312 5666358.488942 -1226.637993 584210.084079 766845.993558 326409.451277 11753.418257 1017.952489 244851.228563 -1249.699145 -2548.857968 -2758.380308 -2205.813477 54598.244074 -1262.939228 -1247.348804 -1250.122020 -253.884447 3233.374685 -181.844387 -1402.560631 -175.899142 -622.335195 1003502.576236 -36.280520 -2388.864812 929.066414 270663.540047 1777.839349 -593.657749 -2539.574885
-9999.0 -9999.0 -9999.0 -9999.0 -9999.0 -9999.0 -9999.0 -9999.0 153692.007545 16769.285631 -209835.841617 5720207.767438 4844488.128853 2051342.093080 -516.511172 -2371.889529 -1800.345423 -2671.536698 -2562.509313 -2790.383234 -2901.910361 -2937.953663 -2913.979200 -2843.965105 -2830.136159 -2336.419924 5672057.086425 153436.592777 -26.898804 1113.060916 2072874.767618 753.636492 -2722.113911 -1475.655779 -2173.357686 -2617.921728 -2674.235047 -2835.293470 -2801.014096 -2535.934791 -2468.760433 -2288.574091 -2518.560802 -395.465025 863924.196584 -1190.220466 324503.823145 36823.812145 405486.125014 650.705287 -2538.088103 -2441.005079 -2269.370010 -1124.215958 -727.191218 -974.407088 -2030.132248
