user2019/resources/simulation/Vinschgau/output-maps/psiL0006N0072.asc
ncols         63
nrows         48
xllcorner     598000.000000
yllcorner     5145000.000000
cellsize      1000.000000
NODATA_value  -9999.0
[rows 0 to 25 of 48, columns 0 to 57 of 63]
-9999.0 -9999.0 -9999.0 -9999.0 -9999.0 -9999.0 -9999.0 -9999.0 -9999.0 -9999.0 -9999.0 -9999.0 -9999.0 -9999.0 -9999.0 -9999.0 -9999.0 -9999.0 -9999.0 -9999.0 -9999.0 -9999.0 -9999.0 -9999.0 -9999.0 -9999.0 -9999.0 -9999.0 -9999.0 -9999.0 -9999.0 -9999.0 -9999.0 -9999.0 -9999.0 -9999.0 -9999.0 -9999.0 -9999.0 -9999.0 -9999.0 -9999.0 -9999.0 -9999.0 -9999.0 -9999.0 -9999.0 -9999.0 -9999.0 -9999.0 -9999.0 -9999.0 -9999.0 -9999.0 -9999.0 -9999.0 -9999.0 -9999.0
-9999.0 -9999.0 -9999.0 -9999.0 -9999.0 -9999.0 -9999.0 -9999.0 -9999.0 -9999.0 -9999.0 -9999.0 -9999.0 -9999.0 -9999.0 -9999.0 -9999.0 -9999.0 -9999.0 -9999.0 -9999.0 -9999.0 -9999.0 -9999.0 -9999.0 -9999.0 -9999.0 -798.453923 -799.706157 -799.701138 -799.210611 -798.880210 -798.884826 -9999.0 -9999.0 -9999.0 -9999.0 -9999.0 -9999.0 -9999.0 -9999.0 -9999.0 -9999.0 -9999.0 -9999.0 -9999.0 -9999.0 -9999.0 -9999.0 -9999.0 -9999.0 -9999.0 -9999.0 -9999.0 -9999.0 -9999.0 -9999.0 -9999.0
-9999.0 -9999.0 -9999.0 -9999.0 -9999.0 -9999.0 -9999.0 -9999.0 -9999.0 -9999.0 -9999.0 -9999.0 -9999.0 -9999.0 -9999.0 -9999.0 -9999.0 -9999.0 -9999.0 -9999.0 -9999.0 -9999.0 -9999.0 -9999.0 -1259.387909 -1516.475069 -1511.798570 -1521.094147 -1499.557150 -799.627563 -799.348856 -9999.0 -9999.0 -9999.0 -9999.0 -9999.0 -9999.0 -9999.0 -9999.0 -9999.0 -9999.0 -9999.0 -9999.0 -9999.0 -9999.0 -9999.0 -9999.0 -9999.0 -9999.0 -9999.0 -9999.0 -9999.0 -9999.0 -9999.0 -9999.0 -9999.0 -9999.0 -9999.0
-9999.0 -9999.0 -9999.0 -9999.0 -9999.0 -9999.0 -9999.0 -9999.0 -9999.0 -9999.0 -9999.0 -9999.0 -9999.0 -9999.0 -9999.0 -9999.0 -9999.0 -9999.0 -9999.0 -9999.0 -9999.0 -9999.0 -9999.0 -1548.271711 -1406.023861 -551.909378 -345.306463 -391.222106 -634.761859 -799.335270 -799.768195 -798.742012 -9999.0 -9999.0 -9999.0 -9999.0 -9999.0 -9999.0 -9999.0 -9999.0 -9999.0 -9999.0 -9999.0 -9999.0 -9999.0 -9999.0 -9999.0 -9999.0 -9999.0 -9999.0 -9999.0 -9999.0 -9999.0 -9999.0 -9999.0 -9999.0 -9999.0 -9999.0
-9999.0 -9999.0 -9999.0 -9999.0 -9999.0 -9999.0 -9999.0 -9999.0 -9999.0 -9999.0 -9999.0 -9999.0 -9999.0 -9999.0 -9999.0 -9999.0 -9999.0 -9999.0 -299.128737 -556.518619 -9999.0 -1550.238882 -1466.342132 -322.476304 77.432859 -355.197310 -1023.325167 -1103.705029 -152.871397 -941.137135 -799.453296 -799.758164 -799.068908 -798.653087 -9999.0 -9999.0 -9999.0 -9999.0 -9999.0 -9999.0 -9999.0 -9999.0 -9999.0 -9999.0 -9999.0 -9999.0 -9999.0 -9999.0 -9999.0 -9999.0 -9999.0 -9999.0 -9999.0 -9999.0 -9999.0 -9999.0 -9999.0 -9999.0
-9999.0 -9999.0 -9999.0 -9999.0 -9999.0 -9999.0 -9999.0 -9999.0 -9999.0 -9999.0 -9999.0 -9999.0 -9999.0 -9999.0 -9999.0 -9999.0 -9999.0 -539.450666 -263.042785 -24383.038430 -800.173626 -973.955410 -707.727869 -614.023141 -319.785314 -1594.165110 -1690.459940 -1348.185266 -1720.850436 -882.111877 -1393.398869 -799.399781 -800.073009 -799.909068 -798.730825 -798.570009 -9999.0 -9999.0 -9999.0 -9999.0 -9999.0 -9999.0 -9999.0 -9999.0 -9999.0 -9999.0 -9999.0 -9999.0 -9999.0 -9999.0 -9999.0 -9999.0 -9999.0 -9999.0 -9999.0 -9999.0 -9999.0 -9999.0
-9999.0 -9999.0 -9999.0 -9999.0 -9999.0 -9999.0 -9999.0 -9999.0 -9999.0 -9999.0 -9999.0 -9999.0 -9999.0 -799.435832 -648.201731 -454.762410 -514.686374 -800.123512 -521.334533 -408.242063 -190.380427 -102.114520 -410.748616 -51.464723 -1574.221787 -1367.783418 -910.808655 -1045.583967 -1022.476726 -1551.401046 -1440.598651 -1508.610423 -799.227326 -798.888057 -798.592277 -798.640465 -9999.0 -9999.0 -9999.0 -9999.0 -9999.0 -9999.0 -9999.0 -9999.0 -9999.0 -9999.0 -9999.0 -9999.0 -9999.0 -9999.0 -9999.0 -9999.0 -9999.0 -9999.0 -9999.0 -9999.0 -9999.0 -9999.0
-9999.0 -9999.0 -9999.0 -9999.0 -9999.0 -9999.0 -9999.0 -9999.0 -9999.0 -9999.0 -9999.0 -9999.0 -9999.0 -1045.331319 39.397603 -511.965372 -517.482950 -312.592069 -800.306990 -303.215320 -411.544822 -491.267983 -199.155185 -848.504187 -1129.795524 -1005.832609 -799.482360 -798.717627 -798.730566 -846.497874 -1672.669542 -799.225686 -798.607664 -798.648711 -798.639573 -9999.0 -9999.0 -9999.0 -9999.0 -9999.0 -9999.0 -9999.0 -9999.0 -9999.0 -9999.0 -9999.0 -9999.0 -9999.0 -9999.0 -9999.0 -9999.0 -9999.0 -9999.0 -9999.0 -9999.0 -9999.0 -9999.0 -9999.0
-9999.0 -9999.0 -9999.0 -9999.0 -9999.0 -9999.0 -9999.0 -9999.0 -9999.0 -9999.0 -9999.0 -9999.0 -9999.0 -649.206873 -6.032232 -387.870186 -537.383450 -503.294903 -800.320874 -384.542994 -515.131337 -1137.891352 -1525.354276 -1655.459834 -1279.944105 -983.960875 -799.730003 -798.706497 -799.550052 -798.680846 -799.298199 -798.644153 -798.632644 -798.662795 -798.663594 -9999.0 -9999.0 -9999.0 -9999.0 -9999.0 -9999.0 -9999.0 -9999.0 -9999.0 -9999.0 -9999.0 -9999.0 -9999.0 -9999.0 -9999.0 -9999.0 -9999.0 -9999.0 -9999.0 -9999.0 -9999.0 -9999.0 -9999.0
-9999.0 -9999.0 -9999.0 -9999.0 -9999.0 -9999.0 -9999.0 -9999.0 -9999.0 -9999.0 -9999.0 -9999.0 -586.758712 27.691299 3.047951 -1569.774324 -670.416688 -476.818418 -213.979953 -97526.052914 -840.008461 -1597.944364 -1004.085230 -1658.855179 -972.355404 -799.259598 -1579.893602 -799.035913 -799.390089 -798.700270 -799.287383 -798.753916 -799.878752 -798.546779 -9999.0 -9999.0 -9999.0 -9999.0 -9999.0 -9999.0 -9999.0 -9999.0 -9999.0 -9999.0 -9999.0 -9999.0 -9999.0 -9999.0 -9999.0 -9999.0 -9999.0 -9999.0 -9999.0 -9999.0 -9999.0 -9999.0 -9999.0 -9999.0
-9999.0 -9999.0 -9999.0 -9999.0 -9999.0 -9999.0 -9999.0 -9999.0 -9999.0 -9999.0 -9999.0 -1653.963986 -1497.576922 -430.864968 -1647.538351 -1811.300440 -937.350980 -491.021581 -323.072665 -93709.082348 -475.654862 -740.984501 -799.541187 -799.234593 -1008.787292 -798.861903 -799.267678 -799.593259 -1619.507323 -798.638246 -798.659225 -791.177881 -798.274498 -798.554497 -798.073821 -798.947196 -799.526197 -517.842261 -799.045832 -9999.0 -9999.0 -9999.0 -798.640234 -9999.0 -9999.0 -9999.0 -9999.0 -9999.0 -9999.0 -9999.0 -9999.0 -9999.0 -9999.0 -9999.0 -9999.0 -9999.0 -9999.0 -9999.0
-9999.0 -9999.0 -9999.0 -9999.0 -9999.0 -9999.0 -9999.0 -9999.0 -9999.0 -9999.0 -9999.0 -1603.829781 -1621.453967 -447.275123 -1030.818923 -799.152002 -811.458536 -467.922566 -336.466269 -354.568603 -42.516847 -297.786946 -1534.757862 -1654.005071 -1782.510947 -799.241962 -799.483506 -799.641269 -798.653998 -798.697389 -799.436923 -799.497387 -799.519441 -798.842817 -798.560644 -799.527827 -585.236224 -619.527392 -613.761407 -799.296314 -800.136164 -797.983925 -799.343110 -798.599091 -9999.0 -9999.0 -9999.0 -899.220753 -800.376010 -798.288649 -800.048198 -798.413917 -798.542917 -576.293603 -560.960302 -798.835592 -9999.0 -9999.0
-9999.0 -9999.0 -9999.0 -9999.0 -9999.0 -9999.0 -9999.0 -9999.0 -9999.0 -9999.0 -9999.0 -1576.041643 -1702.738406 -936.308513 -759.302001 -799.592913 -763.169010 -261.271041 -133.532881 -354.966591 -426.771208 -593.102798 -1151.965896 -1569.094736 -799.126094 -800.110553 -1322.310276 -879.656186 -798.876373 -799.307938 -798.643467 -1008.507848 -596.588223 -798.378403 -798.485224 -518.988520 -1385.845628 -2984.505272 -755.349762 -799.553724 -567.321540 -799.881759 -496.721634 -799.534912 -798.724889 -9999.0 -798.890223 -800.405154 -800.015851 -490.239082 -796.719614 -799.059206 -768.006809 -205.587391 -718.679676 -389.024301 -9999.0 -9999.0
-9999.0 -9999.0 -9999.0 -9999.0 -9999.0 -9999.0 -9999.0 -9999.0 -9999.0 -9999.0 -9999.0 -9999.0 -1812.410257 -735.909231 -564.792354 -982.069430 -858.016514 -411.255083 -329.669537 -323.847683 -291.043323 -633.731928 -491.874596 -1210.412877 -1658.994729 -1261.835135 -246.723767 -799.121344 -799.280519 -798.483127 -799.481542 -1581.880923 -799.709900 -798.991891 -798.978508 -799.535768 -1691.130541 -1503.017358 -1083.866308 -799.352443 -1373.471612 -799.174449 -649.976310 -841.300879 -799.593709 -799.947850 -798.463720 -800.419088 -920.248505 -1543.565818 -1151.978632 -1499.655765 -915.351162 -1132.779418 -1833.907715 -1901.916955 -1086.347767 -9999.0
-9999.0 -9999.0 -9999.0 -9999.0 -9999.0 -9999.0 -9999.0 -9999.0 -9999.0 -9999.0 -9999.0 -565.699462 -1519.972649 -799.253146 -944.798349 -878.705045 -812.796772 -423.672531 3.723139 -452.836625 -432.113582 -218.893926 -865.815281 -590.186442 -1129.907662 -578.995396 -866.286145 -799.079017 -799.607200 -800.206107 -1470.823963 -1481.581133 -500.310847 -798.348225 -799.043296 -798.468914 -798.973668 -1148.932141 -1274.347733 -679.766066 -768.316424 -1300.631620 -913.290898 -3932.050342 -317.781560 -799.782362 -800.050549 -800.036472 -800.322954 -1288.463545 -801.972547 -799.010842 -1574.855722 -799.652872 -799.733142 -798.815840 -798.484223 -9999.0
-9999.0 -9999.0 -9999.0 -9999.0 -9999.0 -9999.0 -9999.0 -9999.0 -9999.0 -9999.0 -1127.611168 -1180.250537 -772.927831 -1414.979392 -577.374783 -622.876246 -1524.995444 -1062.410629 -457.053584 -468.017068 -258.106158 -590.724877 -578.008560 -392.141688 -611.734380 -1183.044339 -840.646851 -804.555744 -796.801391 -384.245691 -865.792912 -1693.696288 -799.478628 -799.109386 -798.679955 -798.884400 -689.937033 -1701.792730 -1266.265497 -900.139026 -688.485288 -898.023248 -799.034202 -388.519992 -772.967070 -800.135937 -800.036630 -985.495634 -726.231558 -963.987757 -831.723192 -798.889664 -799.561743 -798.892854 -799.149281 -410.759879 -435.260442 -9999.0
-9999.0 -9999.0 -9999.0 -9999.0 -9999.0 -9999.0 -9999.0 -9999.0 -9999.0 -799.171787 -1075.026901 -950.426566 -696.958937 -1243.642279 -926.952869 -1558.978016 -1676.345243 -468.859308 -313.824644 -464.620878 -326.850370 -758.240058 -527.614071 -339.562337 -976.238526 -817.275350 -1512.226882 -346.111509 -498.781694 -558.675583 -660.948280 -818.115527 -798.557378 -798.593773 -798.671450 -798.455864 -799.567050 -1725.329552 -1718.647847 -1586.815587 -1291.992057 -1719.315261 -821.405467 -428.596197 -424.293272 -637.641120 -201.226580 -2153.447265 -1274.992771 -476.990289 -1095.975264 -798.530777 -798.911440 -799.033179 -798.717870 -851.857050 -1098.345366 -800.535674
-9999.0 -9999.0 -9999.0 -9999.0 -9999.0 -9999.0 -9999.0 -9999.0 -9999.0 -798.957584 -799.007776 -799.540447 21.199607 -699.884970 -1039.676532 -1161.528616 -309.725401 -785.435690 -229.191805 -347.863082 -338.518558 57.407051 -638.154381 -516.806734 -818.567589 -1042.622460 -754.836302 -608.012927 -60.194726 -1124.176101 -857.699399 -827.014802 -799.257668 -798.181503 -799.491301 -800.358818 -799.861407 -800.151014 -799.223113 -799.587047 -707.477078 -804.214409 -1187.289814 -1131.317825 -329.262445 -273.808290 -9.292015 -308.190056 -379.157306 -648.484410 -823.923628 -903.958684 -798.957340 -799.113151 -799.106893 -1145.137541 -879.509430 -977.106519
-9999.0 -9999.0 -9999.0 -9999.0 -9999.0 -9999.0 -9999.0 -9999.0 -9999.0 -9999.0 -799.245421 -799.515305 -1419.105197 -455.536073 -686.043569 -858.658254 -712.362049 -52.503933 -446.269490 -369.504128 -334.831812 -405.154532 -607.615498 -425.440259 -962.039020 -677.099759 -55.327802 -49.137104 -854.156774 -1632.277208 -805.437037 -808.556997 -804.492994 -799.232044 -799.710577 -484.917511 -1215.865179 -1537.557867 -798.670303 -799.218307 -799.115130 -1506.553642 -1511.251134 -866.816247 -848.817051 -1558.656138 -357.206104 -275.941544 -274.803606 -334.032151 -850.228647 -941.091957 -798.704314 -798.970600 -1818.801752 -799.116766 -1674.527479 -389.962799
-9999.0 -9999.0 -9999.0 -9999.0 -9999.0 -9999.0 -9999.0 -9999.0 -9999.0 -9999.0 -799.497767 -799.505888 -1644.487413 -779.330754 -262.922661 -156.213610 -802.634331 -404.356164 -514.042396 -383.238327 -482.959241 -324.571272 -521.941272 -754.604180 -684.430902 -48.149044 -311.586853 -526.475184 -1847.749785 -802.521119 -798.941858 -1756.220060 -812.326261 -799.122402 -799.208859 -1423.579741 -1543.769539 -1460.893608 -972.947262 -798.949140 -800.025140 -799.282422 -1762.503995 -798.922575 -716.787350 -825.287800 -1239.802342 -863.709358 -241.211036 -232.200968 -324.931842 -994.552518 -1401.744550 -798.573546 -798.909119 -799.205203 -798.968775 -845.623733
-9999.0 -9999.0 -9999.0 -9999.0 -9999.0 -9999.0 -9999.0 -9999.0 -963.279077 -428.700754 -799.632617 -1687.962861 -1514.738826 -1456.263932 -769.505754 -332.763363 -130.907671 167.427754 -391.653369 -410.213565 -514.967186 -493.545549 -397.020923 -375.054531 -232.398664 -418.938612 -286.082207 -1777.951326 -1772.618425 -815.284033 -798.710382 -798.937689 -798.988713 -799.335557 -799.993279 -799.185914 -800.113315 -1481.741443 -813.374130 -798.315484 -798.853730 -1444.360374 -800.943865 -798.735036 -800.288128 -875.710552 -806.275889 -1207.053770 -354.283044 92.175015 -48.018209 -933.657089 -1180.248391 -817.355661 -800.176770 -702.080838 -800.432228 -333.135829
-9999.0 -9999.0 -9999.0 -9999.0 -9999.0 -9999.0 -9999.0 -9999.0 -831.419899 -1401.571291 -1083.094143 -799.004252 -799.497710 -1276.055872 -850.354077 -392.995351 -176.993891 -285.384193 -481.525653 -389.533537 -367.876851 -411.485626 -382.252518 -171.973441 -525.189135 -462.318578 -307.523005 -1488.192921 -804.110675 -799.755293 -799.953581 -800.009056 -800.103483 -798.219553 -1011.057820 -954.996817 -739.536636 -1381.733926 -1031.777960 -800.063015 -799.041921 -798.859204 -798.807200 -800.016369 -1037.034200 -1617.944202 -801.127596 -799.046397 -894.096217 -132.197738 28.762850 -980.950530 -1567.926756 -294.309045 -795.920052 -1132.728501 -1075.423365 -269.671340
-9999.0 -9999.0 -9999.0 -9999.0 -9999.0 -9999.0 -9999.0 -9999.0 -798.786221 -799.650933 -726.784990 -950.288404 -1608.707752 -822.579930 -741.538989 -653.517671 -250.959608 -154.327555 -497.784313 -335.196712 -381.890406 -403.536706 -411.877057 -436.728072 -356.126932 -345.396259 -75.508858 -1778.469843 -837.464917 -799.628237 -800.007106 -1052.197098 -1624.105246 -952.678732 -855.047578 -417.199297 -947.383145 -379.213517 -848.553482 -912.348805 -798.040411 -798.293188 -932.497803 -1692.297735 -1742.865870 -1446.998657 -800.569382 -735.035671 -1821.786136 -289.642070 119.833621 -45.103541 -889.175520 -854.661491 -263.832265 -30.760560 -4.561797 18.603359
-9999.0 -9999.0 -9999.0 -9999.0 -9999.0 -9999.0 -9999.0 -9999.0 -798.712030 -799.645437 -517.968262 -947.819836 -712.296638 -706.730823 -1075.600733 -131.027457 -446.003707 -287.837274 -309.351501 -485.751563 -402.801846 200.666532 200.093452 -339.681305 -364.018137 4.164579 -591.936707 -533.839567 -471.021092 -481.877223 -1265.806270 -1280.273197 -7314.270529 -885.326041 -998.099320 -687.613400 -693.422095 -62.939393 -871.833476 -966.538957 -800.049885 -774.026645 -617.964750 -799.284784 -855.549369 -800.575642 -787.256796 -800.164038 -451.550401 -1299.711417 -125.833233 69.247049 0.000000 11.982346 -9.799570 50.158796 217.971828 93.278361
-9999.0 -9999.0 -9999.0 -9999.0 -9999.0 -9999.0 -9999.0 -9999.0 -1596.503344 -1414.680481 -626.338765 -425.889444 -341.890894 -132.191303 7.822945 -284.506116 -249.948670 -286.717701 -214.324748 -286.224505 -451.605874 199.201403 200.891929 -304.084980 61.959588 52.852819 -864.963402 -621.891715 -462.300262 -354.035791 -461.002349 -332.890360 -261.764360 -520.197923 -1273.878734 -1135.394315 -647.490414 -15.512641 -350.101146 -1502.204587 -1158.048834 -1268.357552 -686.652250 -1663.971179 -1061.102580 -549.419084 -1391.909747 -427.394958 -665.799249 -270.580041 -230.800400 -51.748833 97.768042 73.734128 392.980920 426.327049 201.537885 202.024399
-9999.0 -9999.0 -799.378691 -1478.108554 -1648.663009 -1472.542178 -1421.275945 -1447.319546 -1431.079395 -1248.734019 -1602.076960 -335.075102 -129.368333 -49.383736 62.727501 -231.939429 -386.469370 -1638.290682 -1596.956966 -52.456917 -261.759021 -461.966186 200.696062 275.628286 -321.240091 -157.271395 -107.984162 -217.411916 -117.961340 -36.993243 -686.213472 -375.296143 31.211654 -135.066037 -51.057422 -128.056638 -42.234984 40.063290 -256.207198 -383.401218 -484.782832 -305.569764 -328.020942 -109.813460 -472.351069 -577.411054 -48.072729 -118.672250 -310.852519 22.617283 184.994928 -83.288967 -275.282078 199.706974 202.083114 201.434805 244.990426 172.872745
