user2019/resources/simulation/Vinschgau/output-maps/psiL0005N0979.asc
ncols         63
nrows         48
xllcorner     598000.000000
yllcorner     5145000.000000
cellsize      1000.000000
NODATA_value  -9999.0
[rows 0 to 25 of 48, columns 0 to 57 of 63]
-9999.0 -9999.0 -9999.0 -9999.0 -9999.0 -9999.0 -9999.0 -9999.0 -9999.0 -9999.0 -9999.0 -9999.0 -9999.0 -9999.0 -9999.0 -9999.0 -9999.0 -9999.0 -9999.0 -9999.0 -9999.0 -9999.0 -9999.0 -9999.0 -9999.0 -9999.0 -9999.0 -9999.0 -9999.0 -9999.0 -9999.0 -9999.0 -9999.0 -9999.0 -9999.0 -9999.0 -9999.0 -9999.0 -9999.0 -9999.0 -9999.0 -9999.0 -9999.0 -9999.0 -9999.0 -9999.0 -9999.0 -9999.0 -9999.0 -9999.0 -9999.0 -9999.0 -9999.0 -9999.0 -9999.0 -9999.0 -9999.0 -9999.0
-9999.0 -9999.0 -9999.0 -9999.0 -9999.0 -9999.0 -9999.0 -9999.0 -9999.0 -9999.0 -9999.0 -9999.0 -9999.0 -9999.0 -9999.0 -9999.0 -9999.0 -9999.0 -9999.0 -9999.0 -9999.0 -9999.0 -9999.0 -9999.0 -9999.0 -9999.0 -9999.0 -505.439625 18282.755022 -505.287067 17583.283142 5273.915908 6615.289514 -9999.0 -9999.0 -9999.0 -9999.0 -9999.0 -9999.0 -9999.0 -9999.0 -9999.0 -9999.0 -9999.0 -9999.0 -9999.0 -9999.0 -9999.0 -9999.0 -9999.0 -9999.0 -9999.0 -9999.0 -9999.0 -9999.0 -9999.0 -9999.0 -9999.0
-9999.0 -9999.0 -9999.0 -9999.0 -9999.0 -9999.0 -9999.0 -9999.0 -9999.0 -9999.0 -9999.0 -9999.0 -9999.0 -9999.0 -9999.0 -9999.0 -9999.0 -9999.0 -9999.0 -9999.0 -9999.0 -9999.0 -9999.0 -9999.0 17701.738171 17783.707917 17565.095321 18112.614252 17664.364024 17709.554158 19117.394698 -9999.0 -9999.0 -9999.0 -9999.0 -9999.0 -9999.0 -9999.0 -9999.0 -9999.0 -9999.0 -9999.0 -9999.0 -9999.0 -9999.0 -9999.0 -9999.0 -9999.0 -9999.0 -9999.0 -9999.0 -9999.0 -9999.0 -9999.0 -9999.0 -9999.0 -9999.0 -9999.0
-9999.0 -9999.0 -9999.0 -9999.0 -9999.0 -9999.0 -9999.0 -9999.0 -9999.0 -9999.0 -9999.0 -9999.0 -9999.0 -9999.0 -9999.0 -9999.0 -9999.0 -9999.0 -9999.0 -9999.0 -9999.0 -9999.0 -9999.0 18602.798110 18774.339915 -712.842465 -753.454957 -1965.255877 -318.952479 18556.564127 18561.364049 18207.241829 -9999.0 -9999.0 -9999.0 -9999.0 -9999.0 -9999.0 -9999.0 -9999.0 -9999.0 -9999.0 -9999.0 -9999.0 -9999.0 -9999.0 -9999.0 -9999.0 -9999.0 -9999.0 -9999.0 -9999.0 -9999.0 -9999.0 -9999.0 -9999.0 -9999.0 -9999.0
-9999.0 -9999.0 -9999.0 -9999.0 -9999.0 -9999.0 -9999.0 -9999.0 -9999.0 -9999.0 -9999.0 -9999.0 -9999.0 -9999.0 -9999.0 -9999.0 -9999.0 -9999.0 -155.849008 19034.518139 -9999.0 19109.318377 18958.926022 -1389.237498 -610.587303 -1948.513269 -340.062075 -151.971058 180.104568 1685.030756 17486.144016 19395.912251 -597.017976 -441.224207 -9999.0 -9999.0 -9999.0 -9999.0 -9999.0 -9999.0 -9999.0 -9999.0 -9999.0 -9999.0 -9999.0 -9999.0 -9999.0 -9999.0 -9999.0 -9999.0 -9999.0 -9999.0 -9999.0 -9999.0 -9999.0 -9999.0 -9999.0 -9999.0
-9999.0 -9999.0 -9999.0 -9999.0 -9999.0 -9999.0 -9999.0 -9999.0 -9999.0 -9999.0 -9999.0 -9999.0 -9999.0 -9999.0 -9999.0 -9999.0 -9999.0 -1424.739422 -1100.211573 -11843.791326 -578.433180 7513.087246 1130.713689 -609.010154 -428.875837 -225.020213 18481.867062 16962.928572 12113.931899 -260.288791 11598.616926 11708.975389 -860.191603 -2276.321019 -1638.065431 -980.448974 -9999.0 -9999.0 -9999.0 -9999.0 -9999.0 -9999.0 -9999.0 -9999.0 -9999.0 -9999.0 -9999.0 -9999.0 -9999.0 -9999.0 -9999.0 -9999.0 -9999.0 -9999.0 -9999.0 -9999.0 -9999.0 -9999.0
-9999.0 -9999.0 -9999.0 -9999.0 -9999.0 -9999.0 -9999.0 -9999.0 -9999.0 -9999.0 -9999.0 -9999.0 -9999.0 18765.980962 -396.493743 -937.718886 -1586.918833 -5696.239810 -1367.154810 -1229.590190 -602.208840 -580.371962 -592.863942 -398.530603 174.607269 19145.058482 -1721.263604 5873.291229 -188.728020 10808.332088 15286.193582 18394.408520 17723.643113 17461.769831 -230.941679 -599.636282 -9999.0 -9999.0 -9999.0 -9999.0 -9999.0 -9999.0 -9999.0 -9999.0 -9999.0 -9999.0 -9999.0 -9999.0 -9999.0 -9999.0 -9999.0 -9999.0 -9999.0 -9999.0 -9999.0 -9999.0 -9999.0 -9999.0
-9999.0 -9999.0 -9999.0 -9999.0 -9999.0 -9999.0 -9999.0 -9999.0 -9999.0 -9999.0 -9999.0 -9999.0 -9999.0 17508.144589 -652.677056 -1038.569307 -1409.204643 -519.174520 -5711.429665 -926.574280 -1771.450943 -592.817957 -594.010665 -410.463114 5471.546977 -173.237050 17853.262473 -414.385579 -349.086507 13230.708436 21520.383450 19192.952164 -385.715948 -523.732746 -370.808345 -9999.0 -9999.0 -9999.0 -9999.0 -9999.0 -9999.0 -9999.0 -9999.0 -9999.0 -9999.0 -9999.0 -9999.0 -9999.0 -9999.0 -9999.0 -9999.0 -9999.0 -9999.0 -9999.0 -9999.0 -9999.0 -9999.0 -9999.0
-9999.0 -9999.0 -9999.0 -9999.0 -9999.0 -9999.0 -9999.0 -9999.0 -9999.0 -9999.0 -9999.0 -9999.0 -9999.0 -748.015614 696.880964 -813.617494 -1077.815561 -1279.271369 -5741.170434 -1447.513914 -443.752182 -5479.945176 570.436098 5215.001455 -260.308204 532.314339 -794.228280 -542.440522 18564.831563 -584.098731 16252.348264 -298.342761 -610.223919 -294.190928 -419.475984 -9999.0 -9999.0 -9999.0 -9999.0 -9999.0 -9999.0 -9999.0 -9999.0 -9999.0 -9999.0 -9999.0 -9999.0 -9999.0 -9999.0 -9999.0 -9999.0 -9999.0 -9999.0 -9999.0 -9999.0 -9999.0 -9999.0 -9999.0
-9999.0 -9999.0 -9999.0 -9999.0 -9999.0 -9999.0 -9999.0 -9999.0 -9999.0 -9999.0 -9999.0 -9999.0 -973.426151 7063.087917 -638.791945 -422.438027 -673.558046 -939.784424 -583.769199 -10334.382912 -572.788572 10273.398217 -140.673805 15037.690710 15513.880706 18712.718339 12766.207892 19002.870716 19200.204610 -319.174632 879.911362 -510.884336 14700.958296 -485.912239 -9999.0 -9999.0 -9999.0 -9999.0 -9999.0 -9999.0 -9999.0 -9999.0 -9999.0 -9999.0 -9999.0 -9999.0 -9999.0 -9999.0 -9999.0 -9999.0 -9999.0 -9999.0 -9999.0 -9999.0 -9999.0 -9999.0 -9999.0 -9999.0
-9999.0 -9999.0 -9999.0 -9999.0 -9999.0 -9999.0 -9999.0 -9999.0 -9999.0 -9999.0 -9999.0 20927.102532 -384.583175 364.183004 -576.874941 17272.913701 -11841.907765 -894.711435 -294.450687 -183.735018 -1324.291717 -357.035654 19650.042917 19552.324781 -143.435967 18963.481144 15728.578448 19642.496079 22349.932687 -246.259085 -468.350756 12226.172732 -406.819277 -495.167088 -558.560341 -544.906722 -228.966576 -1009.416293 -185.044556 -9999.0 -9999.0 -9999.0 -1645.680696 -9999.0 -9999.0 -9999.0 -9999.0 -9999.0 -9999.0 -9999.0 -9999.0 -9999.0 -9999.0 -9999.0 -9999.0 -9999.0 -9999.0 -9999.0
-9999.0 -9999.0 -9999.0 -9999.0 -9999.0 -9999.0 -9999.0 -9999.0 -9999.0 -9999.0 -9999.0 22219.576990 -514.901437 -630.314528 -819.402312 19799.102534 -1241.528678 -1249.836926 -526.202264 -458.895330 -327.214599 16417.992395 20533.459737 20005.255923 19624.210047 20214.372210 19067.138498 19074.727871 -201.199823 -355.694161 17928.338518 17701.586505 18367.027718 16303.428132 16068.101544 18980.696428 16250.374122 -1522.009199 -1438.670489 -1255.646376 -732.184360 -491.334706 18207.051998 -530.273820 -9999.0 -9999.0 -9999.0 15247.289729 16752.045875 -456.915183 17951.899560 -470.681349 -429.114517 15715.227976 15939.688623 -218.390488 -9999.0 -9999.0
-9999.0 -9999.0 -9999.0 -9999.0 -9999.0 -9999.0 -9999.0 -9999.0 -9999.0 -9999.0 -9999.0 17622.688826 20270.745185 6190.175992 16386.294283 17736.415417 -357.762825 -915.550446 -541.992689 -532.700317 -572.729057 -237.596126 18289.300768 17441.492245 19399.516172 -438.168058 20436.799795 20521.046839 -462.513592 17598.875283 -465.828581 13549.273578 17186.865032 18424.785005 -466.147933 13634.881849 20412.869771 -1364.239232 -1969.791503 -1414.154962 -626.585926 -56.873110 16294.131068 19572.086984 18009.629337 -9999.0 -497.548786 17113.330043 18427.048759 18726.417639 8130.934475 -409.445443 5539.864914 18174.302616 6814.656023 16616.828297 -9999.0 -9999.0
-9999.0 -9999.0 -9999.0 -9999.0 -9999.0 -9999.0 -9999.0 -9999.0 -9999.0 -9999.0 -9999.0 -9999.0 22257.993417 20866.309558 18565.084285 18221.104398 -620.005367 -953.328549 -462.589597 -492.083262 -692.496210 -310.359043 -133.262295 19637.263732 19688.446006 19303.262797 -32.473000 4411.209554 18608.680470 -505.417942 19469.068607 18318.741962 5321.067140 18736.196808 18284.448978 16849.824817 -469.108883 -1954.156651 -1897.801782 -1202.653575 -872.095620 -1262.878038 3414.641476 20166.739779 -699.153086 17196.291122 -573.327338 17899.659319 8729.530586 17433.492897 15016.850047 13370.542622 14139.233014 13342.977317 12668.835449 18193.476126 17749.074248 -9999.0
-9999.0 -9999.0 -9999.0 -9999.0 -9999.0 -9999.0 -9999.0 -9999.0 -9999.0 -9999.0 -9999.0 21130.720821 20507.839927 5943.821076 20314.138402 20923.105330 -290.795413 -690.458165 -450.948215 -837.752655 -845.303200 -319.513444 16229.353184 -120.225190 18595.982562 18149.934916 19878.796143 19510.304832 18403.734376 -545.084852 20416.894243 20429.199996 12232.984969 18820.317576 16794.873731 19621.443905 -250.836813 -2158.064589 -1448.849041 -1824.783790 -1874.815589 -1105.244601 11698.561773 -1975.155704 18847.004232 19037.141312 18968.267489 -798.579947 -792.783804 -133.373089 -1676.219012 19055.558681 2957.328067 -896.081170 -1186.222384 -443.236275 -358.091132 -9999.0
-9999.0 -9999.0 -9999.0 -9999.0 -9999.0 -9999.0 -9999.0 -9999.0 -9999.0 -9999.0 9568.862997 19207.950851 19536.622975 19594.964820 18438.517182 16723.778210 17237.124199 -385.756985 -1013.563234 -810.357068 -370.006742 -98.257891 1883.074065 18343.386707 8932.734736 6498.774203 12661.243490 -1963.166202 4733.807165 19423.121541 9190.667039 9459.543609 18827.531008 18040.540743 -365.374119 -489.666036 17798.186935 19180.287315 -806.621277 -160.872237 -331.113610 -1962.166575 -129.511299 -365.975115 15380.847546 -518.309015 19497.128840 2021.834557 15697.801230 8745.309663 -4772.933250 -401.889992 -1022.988491 -188.310614 -384.986366 16573.223017 16645.793300 -9999.0
-9999.0 -9999.0 -9999.0 -9999.0 -9999.0 -9999.0 -9999.0 -9999.0 -9999.0 20139.792371 20638.146627 3819.729543 11287.604591 17774.668805 16717.347420 18021.577417 15666.618263 15826.794336 -1045.015387 -978.756222 -422.984445 -863.643043 -987.797197 -337.497017 220.181776 21155.534895 19768.826540 18975.801209 -100.510369 15125.257351 237.949852 -52.133655 -309.989558 -424.322850 -487.051520 -483.081328 12038.707100 18798.126461 20709.996705 21185.746530 26988.631854 21284.757862 3891.403866 -751.920546 -527.287282 -209.107809 16962.523383 -169.089903 -154.113345 95.762912 -123.183316 -386.723032 -213.006399 -203.098124 -348.389162 -106.346654 938.367308 -194.044204
-9999.0 -9999.0 -9999.0 -9999.0 -9999.0 -9999.0 -9999.0 -9999.0 -9999.0 4432.473451 15030.322358 19900.469602 20502.964016 3410.574618 15754.982910 17589.346951 17823.372681 -266.668846 -1111.949307 -601.765630 -531.941126 -715.389380 -198.039317 13330.091517 17723.665116 19270.165277 17702.317119 10007.987563 -218.054593 13947.003676 18724.771170 22104.105904 16436.750599 18538.697419 19739.524099 -489.145529 -478.688796 -474.754170 19230.319669 20999.725636 20104.971278 7694.393707 16897.097960 -287.381288 -565.744246 -389.084215 -317.929801 -460.241600 -279.639502 137.831101 -56.849804 11724.605615 -291.469930 15168.951116 -51.622697 5264.283554 -68.233180 4682.766284
-9999.0 -9999.0 -9999.0 -9999.0 -9999.0 -9999.0 -9999.0 -9999.0 -9999.0 -9999.0 18866.276294 19226.002183 20210.760195 20634.274617 -251.767682 14920.156630 4745.759220 -358.180075 -1169.499597 -699.878657 -467.809639 -1285.469886 104.527567 -48.100586 18509.001777 14488.239872 141.444765 174.091468 17664.163580 29805.720872 25399.265891 33539.507105 15434.504531 18424.246279 19299.976044 19003.656727 18878.747819 20138.017440 -352.441590 19404.231819 19699.841527 19939.327356 23892.853241 -108.069193 -258.965299 -351.958752 -664.173276 -291.458695 -346.398917 -269.678768 -66.170912 -125.747889 -402.198038 -207.148923 14987.264223 17076.498295 18449.884042 16298.097691
-9999.0 -9999.0 -9999.0 -9999.0 -9999.0 -9999.0 -9999.0 -9999.0 -9999.0 -9999.0 17963.601387 19128.946048 18976.688299 16934.455544 47.629078 -607.780135 -433.101543 -865.011879 -1000.109943 -1337.106114 -1255.868290 -939.710661 360.868237 15407.671201 13999.742580 -220.004152 92.640144 468.864038 28843.601801 15156.820853 19711.520291 19767.538711 -2872.425753 18348.819158 20093.932514 20513.705007 8970.623123 18584.724273 11847.061240 19345.253139 20343.246434 -65.065414 21012.250929 20023.272113 20688.747932 -47.557528 9669.408601 -259.077192 -793.241954 -112.304547 14845.873811 8592.370592 17681.796972 -334.034963 -256.899042 -299.788460 17966.536750 6799.578121
-9999.0 -9999.0 -9999.0 -9999.0 -9999.0 -9999.0 -9999.0 -9999.0 20176.642871 19048.718636 2707.183259 17003.392977 15249.755656 17956.639502 24198.006447 -471.171715 -1098.501643 -757.496782 -818.461788 -1618.273161 -1575.258258 -1266.158666 -1126.695339 -883.686336 -261.861526 -249.972148 -172.688248 30736.622363 22329.439426 14862.232996 -375.849405 17568.471577 19464.082318 18552.771599 19835.976015 20200.424215 18858.354614 20522.099197 24869.996876 -515.377187 -637.833208 16293.880712 -1542.093675 -405.187647 -635.097954 9203.621532 24536.506167 18956.031999 -271.847004 -143.243983 519.991011 -64.885144 11720.623120 11674.161238 -503.737760 5433.004580 -264.169314 19731.344278
-9999.0 -9999.0 -9999.0 -9999.0 -9999.0 -9999.0 -9999.0 -9999.0 -10.377289 16919.217405 12317.381670 18325.249349 18971.075438 20069.143211 25619.480739 -341.868216 -855.423231 -972.417166 -2033.108632 -1653.024106 -585.632534 -685.737693 -693.941666 -740.428269 -1140.229414 -669.653008 -374.646183 19608.458973 -3904.683215 19248.606859 18307.187022 -906.221464 14881.256706 -858.320915 17545.912267 21054.642701 18960.974209 6723.449721 5919.239887 20656.323247 20551.910011 -31.777141 -634.689094 19529.848202 21458.586509 18557.186171 -1759.429071 20089.970814 5941.121375 -475.202240 85.608432 21099.518610 12934.399065 17454.352596 2757.380963 -11212.623794 -124.711216 -222.563356
-9999.0 -9999.0 -9999.0 -9999.0 -9999.0 -9999.0 -9999.0 -9999.0 19812.634950 19084.336133 14387.927130 11926.152752 19686.114013 -1688.087142 18325.914017 7324.146018 -679.100860 -677.468535 -1523.525145 -633.857296 -1703.473135 -855.248487 -769.333346 -1201.484421 -625.231990 -887.778064 -412.045406 28879.152860 -2469.347094 19107.850572 -1173.344279 17355.942575 20425.682564 -138.908666 21156.072056 19251.180150 16488.640132 -70.131398 19403.041225 10716.613296 21024.533184 -891.232681 19682.014184 19577.304538 20458.923913 19887.480885 -741.885023 19373.177085 20227.012980 -132.443042 -411.980187 326.807566 3887.255024 7791.380567 -138.704420 424.485576 52.664949 -190.058235
-9999.0 -9999.0 -9999.0 -9999.0 -9999.0 -9999.0 -9999.0 -9999.0 -665.489951 19496.991571 9894.538444 -3440.457175 18612.464739 20199.580986 -81.071841 -474.648276 -1552.821097 -1388.217910 -531.842116 -1540.161429 -1487.908050 -1386.445377 -816.825274 -1065.226043 -1009.384670 -631.175379 7073.263651 18420.175365 18943.784534 8304.511525 452.140944 4891.810978 -144.184670 7659.191556 -114.347022 19503.058608 5160.985538 -873.560037 -329.204707 -96.196423 20223.484444 20334.017529 21360.537300 -743.339210 18745.498525 -704.138001 4307.349922 -736.091721 18764.615881 -130.397792 -153.863675 -346.902923 72.162298 1032.470702 418.889053 95.245022 -306.322871 -451.826769
-9999.0 -9999.0 -9999.0 -9999.0 -9999.0 -9999.0 -9999.0 -9999.0 17068.699453 20618.965186 3951.883601 23638.827861 22224.950217 29830.934799 16251.351650 -209.359114 -226.005560 -839.235926 -698.816323 -975.177275 -1205.379931 -1113.529939 -1365.327876 -1410.860018 -560.069025 -584.851192 26219.668524 14312.326184 1419.657830 7969.701783 -63.875969 579.583298 95.507442 207.593125 -267.144078 -399.388418 -495.549917 -1045.458497 -1306.537459 -158.688521 -301.150769 -152.619828 -192.598330 -180.093456 -128.412562 18918.871377 -167.285589 -84.149304 -173.480729 -206.755431 -240.326900 -682.426405 -440.047210 -336.439356 143.834019 137.230957 -140.741097 -383.749039
-9999.0 -9999.0 2738.925755 19136.722629 -47.379060 19049.667701 18284.537175 18000.737696 19102.978209 20197.632918 19370.424738 23040.177716 25643.064627 22261.932411 95.529409 -105.126223 410.598028 26652.687306 17392.693207 -429.866362 -983.015230 -945.321805 -460.230675 -1740.298065 -1190.396995 -952.758385 -523.965596 -535.758951 -553.353582 -59.145974 12.318640 -540.751966 -50.816189 -734.374973 -427.988142 -946.550248 -690.636720 -1253.985249 -1630.705353 -1241.069112 -559.110112 -401.623404 -725.593373 -345.860662 -409.710736 -249.041405 -179.242348 -465.851049 -467.643591 -446.723362 -611.234678 -593.442615 -323.712697 -243.622139 103.127878 101.768323 -240.266376 -403.850615
