user2019/resources/simulation/Vinschgau/output-maps/psiL0001N0530.asc
ncols         63
nrows         48
xllcorner     598000.000000
yllcorner     5145000.000000
cellsize      1000.000000
NODATA_value  -9999.0
[rows 0 to 26 of 48, columns 0 to 60 of 63]
-9999.0 -9999.0 -9999.0 -9999.0 -9999.0 -9999.0 -9999.0 -9999.0 -9999.0 -9999.0 -9999.0 -9999.0 -9999.0 -9999.0 -9999.0 -9999.0 -9999.0 -9999.0 -9999.0 -9999.0 -9999.0 -9999.0 -9999.0 -9999.0 -9999.0 -9999.0 -9999.0 -9999.0 -9999.0 -9999.0 -9999.0 -9999.0 -9999.0 -9999.0 -9999.0 -9999.0 -9999.0 -9999.0 -9999.0 -9999.0 -9999.0 -9999.0 -9999.0 -9999.0 -9999.0 -9999.0 -9999.0 -9999.0 -9999.0 -9999.0 -9999.0 -9999.0 -9999.0 -9999.0 -9999.0 -9999.0 -9999.0 -9999.0 -9999.0 -9999.0 -9999.0
-9999.0 -9999.0 -9999.0 -9999.0 -9999.0 -9999.0 -9999.0 -9999.0 -9999.0 -9999.0 -9999.0 -9999.0 -9999.0 -9999.0 -9999.0 -9999.0 -9999.0 -9999.0 -9999.0 -9999.0 -9999.0 -9999.0 -9999.0 -9999.0 -9999.0 -9999.0 -9999.0 -128.495135 8.646813 -136.402746 14.146795 12.856451 533.705984 -9999.0 -9999.0 -9999.0 -9999.0 -9999.0 -9999.0 -9999.0 -9999.0 -9999.0 -9999.0 -9999.0 -9999.0 -9999.0 -9999.0 -9999.0 -9999.0 -9999.0 -9999.0 -9999.0 -9999.0 -9999.0 -9999.0 -9999.0 -9999.0 -9999.0 -9999.0 -9999.0 -9999.0
-9999.0 -9999.0 -9999.0 -9999.0 -9999.0 -9999.0 -9999.0 -9999.0 -9999.0 -9999.0 -9999.0 -9999.0 -9999.0 -9999.0 -9999.0 -9999.0 -9999.0 -9999.0 -9999.0 -9999.0 -9999.0 -9999.0 -9999.0 -9999.0 7.101854 4.354150 5.434914 3.508588 20.717956 30.992222 9.291037 -9999.0 -9999.0 -9999.0 -9999.0 -9999.0 -9999.0 -9999.0 -9999.0 -9999.0 -9999.0 -9999.0 -9999.0 -9999.0 -9999.0 -9999.0 -9999.0 -9999.0 -9999.0 -9999.0 -9999.0 -9999.0 -9999.0 -9999.0 -9999.0 -9999.0 -9999.0 -9999.0 -9999.0 -9999.0 -9999.0
-9999.0 -9999.0 -9999.0 -9999.0 -9999.0 -9999.0 -9999.0 -9999.0 -9999.0 -9999.0 -9999.0 -9999.0 -9999.0 -9999.0 -9999.0 -9999.0 -9999.0 -9999.0 -9999.0 -9999.0 -9999.0 -9999.0 -9999.0 4.876142 4.580458 -722.327706 -775.080874 -832.150410 7.951636 -181.332768 6.449993 10.557501 -9999.0 -9999.0 -9999.0 -9999.0 -9999.0 -9999.0 -9999.0 -9999.0 -9999.0 -9999.0 -9999.0 -9999.0 -9999.0 -9999.0 -9999.0 -9999.0 -9999.0 -9999.0 -9999.0 -9999.0 -9999.0 -9999.0 -9999.0 -9999.0 -9999.0 -9999.0 -9999.0 -9999.0 -9999.0
-9999.0 -9999.0 -9999.0 -9999.0 -9999.0 -9999.0 -9999.0 -9999.0 -9999.0 -9999.0 -9999.0 -9999.0 -9999.0 -9999.0 -9999.0 -9999.0 -9999.0 -9999.0 4.213587 4.703972 -9999.0 8.922971 7.111341 -503.652256 -700.337856 -987.909994 -562.685555 -446.242127 -442.153516 -600.165142 4.774634 10.032632 -140.559980 -123.038085 -9999.0 -9999.0 -9999.0 -9999.0 -9999.0 -9999.0 -9999.0 -9999.0 -9999.0 -9999.0 -9999.0 -9999.0 -9999.0 -9999.0 -9999.0 -9999.0 -9999.0 -9999.0 -9999.0 -9999.0 -9999.0 -9999.0 -9999.0 -9999.0 -9999.0 -9999.0 -9999.0
-9999.0 -9999.0 -9999.0 -9999.0 -9999.0 -9999.0 -9999.0 -9999.0 -9999.0 -9999.0 -9999.0 -9999.0 -9999.0 -9999.0 -9999.0 -9999.0 -9999.0 -807.922850 -425.806659 -135.912467 -129.107242 -436.184979 -491.869315 -806.236683 -607.749271 -576.378625 -427.221953 -354.903624 -443.501710 -388.332596 15.904041 22.435263 -141.525395 -162.953616 -149.717703 -134.913400 -9999.0 -9999.0 -9999.0 -9999.0 -9999.0 -9999.0 -9999.0 -9999.0 -9999.0 -9999.0 -9999.0 -9999.0 -9999.0 -9999.0 -9999.0 -9999.0 -9999.0 -9999.0 -9999.0 -9999.0 -9999.0 -9999.0 -9999.0 -9999.0 -9999.0
-9999.0 -9999.0 -9999.0 -9999.0 -9999.0 -9999.0 -9999.0 -9999.0 -9999.0 -9999.0 -9999.0 -9999.0 -9999.0 12.193068 -341.102209 -581.493756 -729.980445 -65.126298 -775.034157 -573.457589 -557.919127 -734.022173 -841.163825 -523.446934 -493.532786 5.081178 -105.152766 2.635730 -436.008950 -423.762549 6055.965692 33.930530 30.208905 35.507804 -130.507744 -129.743293 -9999.0 -9999.0 -9999.0 -9999.0 -9999.0 -9999.0 -9999.0 -9999.0 -9999.0 -9999.0 -9999.0 -9999.0 -9999.0 -9999.0 -9999.0 -9999.0 -9999.0 -9999.0 -9999.0 -9999.0 -9999.0 -9999.0 -9999.0 -9999.0 -9999.0
-9999.0 -9999.0 -9999.0 -9999.0 -9999.0 -9999.0 -9999.0 -9999.0 -9999.0 -9999.0 -9999.0 -9999.0 -9999.0 10.945305 -362.734902 -635.518517 -646.102716 -305.585654 -66.283744 -764.766431 -684.311181 -465.379251 -491.345851 -521.532355 -346.989082 -350.420990 4.858504 -116.255721 -117.569189 -340.963039 0.956248 15.317542 -120.723581 -108.689519 -124.635077 -9999.0 -9999.0 -9999.0 -9999.0 -9999.0 -9999.0 -9999.0 -9999.0 -9999.0 -9999.0 -9999.0 -9999.0 -9999.0 -9999.0 -9999.0 -9999.0 -9999.0 -9999.0 -9999.0 -9999.0 -9999.0 -9999.0 -9999.0 -9999.0 -9999.0 -9999.0
-9999.0 -9999.0 -9999.0 -9999.0 -9999.0 -9999.0 -9999.0 -9999.0 -9999.0 -9999.0 -9999.0 -9999.0 -9999.0 -416.302664 470.705984 -581.272703 -580.731167 -657.426809 -67.116807 -676.505886 -197.989754 -49.322318 -314.329994 -445.710660 -367.687279 -304.179761 -126.673157 -105.403950 11.161405 -114.855405 17.544451 -99.054539 -99.586709 -34.697243 -98.435137 -9999.0 -9999.0 -9999.0 -9999.0 -9999.0 -9999.0 -9999.0 -9999.0 -9999.0 -9999.0 -9999.0 -9999.0 -9999.0 -9999.0 -9999.0 -9999.0 -9999.0 -9999.0 -9999.0 -9999.0 -9999.0 -9999.0 -9999.0 -9999.0 -9999.0 -9999.0
-9999.0 -9999.0 -9999.0 -9999.0 -9999.0 -9999.0 -9999.0 -9999.0 -9999.0 -9999.0 -9999.0 -9999.0 -448.198342 4095.412916 -344.232581 -317.038608 -308.915088 -529.493702 -377.592610 -107.671593 -568.259602 -390.061032 7.629436 -346.076695 2145.046711 9.672198 640.391948 11.147655 23.571008 -106.460460 12.451167 -140.650002 25.561250 -112.947327 -9999.0 -9999.0 -9999.0 -9999.0 -9999.0 -9999.0 -9999.0 -9999.0 -9999.0 -9999.0 -9999.0 -9999.0 -9999.0 -9999.0 -9999.0 -9999.0 -9999.0 -9999.0 -9999.0 -9999.0 -9999.0 -9999.0 -9999.0 -9999.0 -9999.0 -9999.0 -9999.0
-9999.0 -9999.0 -9999.0 -9999.0 -9999.0 -9999.0 -9999.0 -9999.0 -9999.0 -9999.0 -9999.0 17.205536 3.835128 163.588464 -304.498547 14.727491 -121.496226 -369.151142 3.834720 -32.525850 -286.033702 -294.547898 12.873492 12.682163 17.319797 15.831647 12.168281 12.758239 2018.210444 -92.119600 -126.538481 21.705403 -135.940868 -143.892304 -182.992945 -153.069314 -993.771399 -1375.384163 -1580.628519 -9999.0 -9999.0 -9999.0 -67.535099 -9999.0 -9999.0 -9999.0 -9999.0 -9999.0 -9999.0 -9999.0 -9999.0 -9999.0 -9999.0 -9999.0 -9999.0 -9999.0 -9999.0 -9999.0 -9999.0 -9999.0 -9999.0
-9999.0 -9999.0 -9999.0 -9999.0 -9999.0 -9999.0 -9999.0 -9999.0 -9999.0 -9999.0 -9999.0 16.534249 -267.543895 23.223223 -297.433849 13.888954 -333.132226 -558.839648 -295.143717 5.051180 7.248854 10.538433 13.451543 9.942479 19.500324 14.439525 10.779760 17.835461 -102.528585 -100.502626 13.825647 61.951499 3.175253 8.460818 -358.131975 -404.888554 -1764.130637 -3136.722983 -3152.163309 -72.836455 -68.151655 -55.690317 -274.153181 -153.729949 -9999.0 -9999.0 -9999.0 16.051550 15.175451 -119.847846 17.092769 -106.750926 -102.068412 16.995863 23.762324 -92.494235 -9999.0 -9999.0 -9999.0 -9999.0 -9999.0
-9999.0 -9999.0 -9999.0 -9999.0 -9999.0 -9999.0 -9999.0 -9999.0 -9999.0 -9999.0 -9999.0 24.185553 11.909386 32.158655 15.513681 14.819471 10.699193 9.182689 8.016911 -310.530419 -200.032633 7.737638 5.056582 12.291268 14.881979 -107.201389 6.579559 1993.709685 -103.237243 12.992144 -122.882550 95.106545 4.798167 -182.513229 -48.777063 -794.856217 -2415.213018 -4104.116602 -6005.766507 -345.348050 -2160.556139 -956.756197 -306.838832 -292.985433 3.811338 -9999.0 -115.935341 17.372150 13.738369 15.483342 13.199572 -126.924981 15.897516 14.830479 22.716988 19.892428 -9999.0 -9999.0 -9999.0 -9999.0 -9999.0
-9999.0 -9999.0 -9999.0 -9999.0 -9999.0 -9999.0 -9999.0 -9999.0 -9999.0 -9999.0 -9999.0 -9999.0 19.752771 20.309684 10.814654 12.741066 9.626448 2.609289 23.585587 -193.525513 -151.327240 11.180660 14.454657 10.645998 7.541088 5.626185 1317.270586 13.080259 16.186219 -109.420281 10.280881 54.986107 3.066771 -194.095794 -324.655104 -734.796524 -2591.601124 -4871.800119 -7531.962589 -4619.985443 -2202.441927 -64.243519 -339.296094 -285.773783 -147.362005 10.618315 -132.230204 14.810515 12.708878 9.971861 4.066837 112.729366 580.628875 61.573234 41.960562 26.865972 17.913946 -9999.0 -9999.0 -9999.0 -9999.0
-9999.0 -9999.0 -9999.0 -9999.0 -9999.0 -9999.0 -9999.0 -9999.0 -9999.0 -9999.0 -9999.0 12.682077 13.859237 15.045429 31.432713 18.247741 12.319807 10.208789 12.560816 -365.928678 4.749037 11.770583 15.552409 4.807182 3.471327 15.437479 8.088458 12.617455 9.763963 -125.331619 2.660501 75.856115 8.224111 3.685150 -252.523229 -465.901447 -2125.510949 -3643.568032 -3826.784202 -3935.930034 -1364.943324 -1103.976688 -362.632185 -38.956330 -204.060705 6.472724 20.007302 -146.776241 -148.072668 3.352545 -62.512081 19.396890 48.012242 49.828148 28.297995 -81.491380 -91.789720 -9999.0 -9999.0 -9999.0 -9999.0
-9999.0 -9999.0 -9999.0 -9999.0 -9999.0 -9999.0 -9999.0 -9999.0 -9999.0 -9999.0 1324.437206 12.522966 11.721646 11.813289 9.487670 1199.643974 1199.787857 -240.368968 -525.934444 -442.252116 12.463014 14.062856 6.744977 -133.211362 -122.954927 1408.614271 13.294900 -43.292362 11.082382 8.164974 84.556082 352.689642 8.476793 9.298588 -107.626905 -46.385911 -845.432393 -1766.000622 -2335.374065 -1770.105752 -1333.959550 -47.501272 -58.266125 -523.934388 -293.155907 -134.332706 12.316939 11.586684 15.350127 2.223936 -55.258997 -88.149683 -19.065997 -75.781377 -80.739240 29.782437 27.682793 -9999.0 -9999.0 -9999.0 -9999.0
-9999.0 -9999.0 -9999.0 -9999.0 -9999.0 -9999.0 -9999.0 -9999.0 -9999.0 15.841060 20.321036 23.319435 18.578735 4.875346 20.632434 18.846117 3.649226 4.064596 -350.428421 -557.858905 4.742308 -452.106492 -202.816957 -385.041389 -295.757171 13.072134 3.117799 9.098528 5.645494 -165.578880 4.153593 10.856498 -109.922184 -108.380077 -129.201312 -131.885189 5.457364 -564.279051 -1064.510257 -373.699670 -485.255759 -477.486777 -473.879360 -868.984943 -349.779962 -322.540427 4.033688 -364.834311 -306.130206 2.284034 30.278762 -85.106163 -55.860727 -84.133824 -83.728789 53.306381 81.847889 -97.328192 -85.315568 -9999.0 -9999.0
-9999.0 -9999.0 -9999.0 -9999.0 -9999.0 -9999.0 -9999.0 -9999.0 -9999.0 65.728726 25.722101 15.493544 2913.899526 -221.760901 -238.755199 -185.748269 7.733736 -241.383074 -352.159819 -625.898685 -588.443297 -588.840457 -362.059816 -202.559646 11.832140 -239.898325 -139.070911 -219.148287 -331.132564 -283.997018 8.359485 13.060063 15.289021 10.675857 11.539929 -46.157217 -45.195575 -48.381421 -321.128498 4.695728 -273.954375 -290.866952 -598.430817 -379.089182 -562.595708 -571.896189 -436.469255 -566.531553 -426.336878 -271.086333 19.664361 26.477702 -78.068358 35.629126 -59.734533 40.590181 74.536061 52.432191 -98.907926 -9999.0 -9999.0
-9999.0 -9999.0 -9999.0 -9999.0 -9999.0 -9999.0 -9999.0 -9999.0 -9999.0 -9999.0 14.777478 16.634289 11.396269 1582.190347 -220.347465 -266.133519 -198.406971 -244.320180 -379.363680 -574.354924 -454.663783 -319.313167 -240.804632 9.876069 -254.532141 -246.669703 -259.462964 -302.073774 9.844352 12.134998 14.091979 2758.892744 17.835648 14.297095 15.001626 18.186447 -319.440951 -139.107363 -119.897986 10.855095 7.367533 -170.706016 2944.088099 -215.919001 5.736969 -263.329646 3.063054 -365.649344 -431.297843 6.277122 22.197836 35.650632 -78.726817 -78.336919 32.213634 36.193614 44.253910 11318.060335 68.721987 3.522178 -9999.0
-9999.0 -9999.0 -9999.0 -9999.0 -9999.0 -9999.0 -9999.0 -9999.0 -9999.0 -9999.0 18.131039 14.236312 10.998072 17.722301 -284.733515 -325.775075 -277.388776 -449.807150 -637.351834 -611.005927 -638.116794 -467.003394 -326.294560 -333.154844 -290.205315 -309.097187 -305.131462 11.976008 16.029822 14.279277 16.376783 27.840697 -46.795843 13.424865 12.548669 21.620722 2392.283377 4.065264 9.371641 12.682902 13.086347 -103.576663 31.399770 12.581757 12.330071 11.497934 5.699957 8.379577 12.173230 3.295184 24.996431 30.613720 38.052847 -74.621364 -76.052715 -79.872824 22.746792 18.059032 149.473601 82.005222 -9999.0
-9999.0 -9999.0 -9999.0 -9999.0 -9999.0 -9999.0 -9999.0 -9999.0 12.017686 11.162927 11.964313 16.705992 141.405157 28.450696 18.233705 -360.835166 -538.130475 -610.464562 -676.947225 -642.704292 -735.095353 -686.920138 -599.960360 -565.991656 -494.277116 -320.348146 8.349666 14.867171 21.977726 33.060979 -84.903868 20.544258 16.220490 14.714566 22.769902 11.544768 6.703905 11.149712 13.025158 -107.285102 -114.376981 25.769648 -52.137596 -103.792759 -135.915119 1383.595568 18.311714 12.469910 10.831794 -164.729018 24.951668 40.098750 44.355148 36.030162 -82.179358 31.239981 -96.157485 16.204108 7.051489 84.904243 -9999.0
-9999.0 -9999.0 -9999.0 -9999.0 -9999.0 -9999.0 -9999.0 -9999.0 1313.637613 19.093703 18.516775 13.175046 11.452930 1181.212407 5.875604 -214.572718 -310.792732 -462.820654 -711.998089 -709.079227 -703.194732 -770.588113 -611.290129 -641.095745 -705.070097 -370.933846 9.326846 15.954312 -33.531015 14.229712 15.976049 -101.686489 27.339269 -101.128672 22.466794 13.394096 23.741889 22.543552 13.029713 16.944580 19.582488 17.533881 -99.287180 18.080896 1697.761002 24.450121 40.154458 22.053608 15.576804 7.935855 3.016162 32.352383 46.483311 26.088070 25.127238 -33.236943 18.506586 13.915067 7.166758 5.554707 -594.077319
-9999.0 -9999.0 -9999.0 -9999.0 -9999.0 -9999.0 -9999.0 -9999.0 12.798875 2063.258966 12.148262 16.868955 105.371121 -29.318676 6.018524 6.670237 -375.252393 -631.364854 -802.708049 -676.259059 -747.106643 -803.098013 -783.970767 -735.445830 -612.039728 -329.510262 3.456044 13.042385 -36.091792 14.056599 -108.003014 21.377742 24.483195 27.236449 19.877691 40.632932 26.646753 3.568843 20.386885 23.972648 25.500322 -100.321277 23.685463 1710.993155 28.723137 23.776741 -100.027263 19.259231 15.855982 12.313170 -165.161913 34.635292 42.656452 23.437168 26.897285 30.560763 20.965535 12.426081 13.795389 50.346438 -402.217167
-9999.0 -9999.0 -9999.0 -9999.0 -9999.0 -9999.0 -9999.0 -9999.0 -89.574784 12.435910 26.812993 -40.385402 23.685710 13.088875 12.405077 -251.602892 -350.257946 -800.292588 -565.172521 -794.314524 -731.265707 -733.217988 -786.969867 -737.305207 -606.750636 -315.216520 3.733007 12.999660 7.033961 12.668696 10.279153 16.798836 17.520213 26.602288 28.472210 9.931460 8.961216 -194.551949 19.472269 22.009570 17.403918 21.641811 21.983588 -113.267140 15.362150 -110.819318 21.247845 -110.124389 11.969660 11.514169 7.680824 2.538436 32.922794 14.382043 23.819808 27.252643 28.081281 170.873383 1.636252 -336.509849 -178.114048
-9999.0 -9999.0 -9999.0 -9999.0 -9999.0 -9999.0 -9999.0 -9999.0 10.142730 11.212128 2834.689752 11.432010 18.287944 11.299367 -180.326823 -180.377387 -339.543610 -340.420407 -320.495763 -428.941356 -754.192797 -727.604608 -700.817131 -661.648422 -651.720785 -413.170318 -259.239504 -253.365933 -259.097125 14.326460 9.985766 9.555983 20.498054 17.492639 12.690385 11.939886 10.683900 -43.755499 21.417383 17.287499 14.371233 18.732454 20.247701 19.429127 22.270331 16.328808 13.436646 21.367569 7.916036 8.677479 9.883567 -388.511207 3.392482 13.903564 201.488903 185.829573 3.312593 3.158491 19.699387 5.197465 -222.152245
-9999.0 -9999.0 10.231919 10.151340 700.627033 13.256075 67.424771 36.833194 12.496774 12.337960 9.493742 43.747740 25.053190 15.723649 -331.846030 -319.851169 6.090576 6.437580 -217.330356 -292.888314 -537.743621 -699.899829 -531.486039 -795.664562 -629.696919 -623.113010 -460.317908 -380.985420 3.018886 9.053253 -277.412202 -79.554023 76.765928 8.857992 7.128115 6.157903 5.212407 2.446972 19.625878 16.051639 12.187108 12.165923 19.464670 10.670858 12.245105 8.207394 5.264199 9.360345 6.633341 3.321433 -400.472948 -455.181609 3.098819 3.413713 3.606285 4.226982 43.691509 17.797207 11.483938 4.160710 5.153866
-9999.0 -160.333687 7.486604 4.935811 -234.928863 46.385983 66.212444 32.384114 29.738148 14.811888 9.022019 9.087175 21.186690 25.828431 3.047353 9.967304 5.483912 2.898744 -265.064091 -298.997276 -665.076376 2.732846 26.272832 -721.855184 -811.156533 -743.040701 -740.882189 -744.500335 3.659920 -261.259905 -684.040817 -421.231100 32.864511 30.972955 -178.961236 -417.759269 -297.687370 -286.786110 13.369767 5.805285 2.172619 11.319345 16.355879 -217.863983 -344.219987 -340.841086 -251.472627 -277.052367 7.366399 -506.537307 -326.141047 3.205694 42.315424 44.269000 48.615811 25.958690 24.683188 15.586159 13.705219 9.402338 10.433509
