user2019/resources/simulation/Vinschgau/output-maps/psiL0004N0429.asc
ncols         63
nrows         48
xllcorner     598000.000000
yllcorner     5145000.000000
cellsize      1000.000000
NODATA_value  -9999.0
[rows 0 to 26 of 48, columns 0 to 59 of 63]
-9999.0 -9999.0 -9999.0 -9999.0 -9999.0 -9999.0 -9999.0 -9999.0 -9999.0 -9999.0 -9999.0 -9999.0 -9999.0 -9999.0 -9999.0 -9999.0 -9999.0 -9999.0 -9999.0 -9999.0 -9999.0 -9999.0 -9999.0 -9999.0 -9999.0 -9999.0 -9999.0 -9999.0 -9999.0 -9999.0 -9999.0 -9999.0 -9999.0 -9999.0 -9999.0 -9999.0 -9999.0 -9999.0 -9999.0 -9999.0 -9999.0 -9999.0 -9999.0 -9999.0 -9999.0 -9999.0 -9999.0 -9999.0 -9999.0 -9999.0 -9999.0 -9999.0 -9999.0 -9999.0 -9999.0 -9999.0 -9999.0 -9999.0 -9999.0 -9999.0
-9999.0 -9999.0 -9999.0 -9999.0 -9999.0 -9999.0 -9999.0 -9999.0 -9999.0 -9999.0 -9999.0 -9999.0 -9999.0 -9999.0 -9999.0 -9999.0 -9999.0 -9999.0 -9999.0 -9999.0 -9999.0 -9999.0 -9999.0 -9999.0 -9999.0 -9999.0 -9999.0 -1059.822270 -340.936588 -1065.185200 69.975662 57.141820 483.770698 -9999.0 -9999.0 -9999.0 -9999.0 -9999.0 -9999.0 -9999.0 -9999.0 -9999.0 -9999.0 -9999.0 -9999.0 -9999.0 -9999.0 -9999.0 -9999.0 -9999.0 -9999.0 -9999.0 -9999.0 -9999.0 -9999.0 -9999.0 -9999.0 -9999.0 -9999.0 -9999.0
-9999.0 -9999.0 -9999.0 -9999.0 -9999.0 -9999.0 -9999.0 -9999.0 -9999.0 -9999.0 -9999.0 -9999.0 -9999.0 -9999.0 -9999.0 -9999.0 -9999.0 -9999.0 -9999.0 -9999.0 -9999.0 -9999.0 -9999.0 -9999.0 -622.463672 -643.609233 -516.553935 -387.570649 71.978246 91.006354 -309.567560 -9999.0 -9999.0 -9999.0 -9999.0 -9999.0 -9999.0 -9999.0 -9999.0 -9999.0 -9999.0 -9999.0 -9999.0 -9999.0 -9999.0 -9999.0 -9999.0 -9999.0 -9999.0 -9999.0 -9999.0 -9999.0 -9999.0 -9999.0 -9999.0 -9999.0 -9999.0 -9999.0 -9999.0 -9999.0
-9999.0 -9999.0 -9999.0 -9999.0 -9999.0 -9999.0 -9999.0 -9999.0 -9999.0 -9999.0 -9999.0 -9999.0 -9999.0 -9999.0 -9999.0 -9999.0 -9999.0 -9999.0 -9999.0 -9999.0 -9999.0 -9999.0 -9999.0 -718.458309 -417.476451 -1412.296287 -1220.228120 -2600.039063 58.490902 -422.017481 -227.927888 -335.260129 -9999.0 -9999.0 -9999.0 -9999.0 -9999.0 -9999.0 -9999.0 -9999.0 -9999.0 -9999.0 -9999.0 -9999.0 -9999.0 -9999.0 -9999.0 -9999.0 -9999.0 -9999.0 -9999.0 -9999.0 -9999.0 -9999.0 -9999.0 -9999.0 -9999.0 -9999.0 -9999.0 -9999.0
-9999.0 -9999.0 -9999.0 -9999.0 -9999.0 -9999.0 -9999.0 -9999.0 -9999.0 -9999.0 -9999.0 -9999.0 -9999.0 -9999.0 -9999.0 -9999.0 -9999.0 -9999.0 -523.576733 -627.182250 -9999.0 -591.712990 -449.943963 -1707.096226 -793.715272 -1073.630201 -440.448269 44.913946 -213.076620 -866.581121 -281.036918 45.941112 -1080.981984 -1088.846232 -9999.0 -9999.0 -9999.0 -9999.0 -9999.0 -9999.0 -9999.0 -9999.0 -9999.0 -9999.0 -9999.0 -9999.0 -9999.0 -9999.0 -9999.0 -9999.0 -9999.0 -9999.0 -9999.0 -9999.0 -9999.0 -9999.0 -9999.0 -9999.0 -9999.0 -9999.0
-9999.0 -9999.0 -9999.0 -9999.0 -9999.0 -9999.0 -9999.0 -9999.0 -9999.0 -9999.0 -9999.0 -9999.0 -9999.0 -9999.0 -9999.0 -9999.0 -9999.0 -911.652401 -826.839340 -19559.711942 -4328.273414 -696.177566 -797.247615 -1013.665030 -534.040955 -350.852516 -433.350537 67.132858 -206.666404 44.798332 78.112141 87.353834 -1183.435213 -1359.590988 -1251.791204 -951.451958 -9999.0 -9999.0 -9999.0 -9999.0 -9999.0 -9999.0 -9999.0 -9999.0 -9999.0 -9999.0 -9999.0 -9999.0 -9999.0 -9999.0 -9999.0 -9999.0 -9999.0 -9999.0 -9999.0 -9999.0 -9999.0 -9999.0 -9999.0 -9999.0
-9999.0 -9999.0 -9999.0 -9999.0 -9999.0 -9999.0 -9999.0 -9999.0 -9999.0 -9999.0 -9999.0 -9999.0 -9999.0 -210.714040 -535.851478 -660.753172 -730.406570 -223.136641 -883.607842 -1431.271611 -913.809004 -875.813685 -1715.098183 -524.022126 -484.864274 -450.499570 -20561.367695 76.955741 50.250873 57.569841 3380.991337 154.895257 125.317016 142.792760 -968.864793 -951.558381 -9999.0 -9999.0 -9999.0 -9999.0 -9999.0 -9999.0 -9999.0 -9999.0 -9999.0 -9999.0 -9999.0 -9999.0 -9999.0 -9999.0 -9999.0 -9999.0 -9999.0 -9999.0 -9999.0 -9999.0 -9999.0 -9999.0 -9999.0 -9999.0
-9999.0 -9999.0 -9999.0 -9999.0 -9999.0 -9999.0 -9999.0 -9999.0 -9999.0 -9999.0 -9999.0 -9999.0 -9999.0 -267.696434 -662.709672 -744.201904 -781.390556 -478.940500 -375.955679 -1385.398511 -1167.662799 -438.586645 -426.802855 -342.472320 -420.463126 -320.214331 -553.474839 -1486.683648 -1050.260920 62.761583 84.387988 49.304392 -956.569832 -952.140444 -952.164510 -9999.0 -9999.0 -9999.0 -9999.0 -9999.0 -9999.0 -9999.0 -9999.0 -9999.0 -9999.0 -9999.0 -9999.0 -9999.0 -9999.0 -9999.0 -9999.0 -9999.0 -9999.0 -9999.0 -9999.0 -9999.0 -9999.0 -9999.0 -9999.0 -9999.0
-9999.0 -9999.0 -9999.0 -9999.0 -9999.0 -9999.0 -9999.0 -9999.0 -9999.0 -9999.0 -9999.0 -9999.0 -9999.0 -838.175048 538.371542 -767.812361 -598.131823 -755.511032 -344.158633 -878.531817 -161.059420 -19828.277198 44.470420 -550.000366 -574.204907 64.171628 -1102.200892 -952.923834 54.556377 -951.703412 71.300114 -952.273650 -951.746460 -951.089762 -951.325322 -9999.0 -9999.0 -9999.0 -9999.0 -9999.0 -9999.0 -9999.0 -9999.0 -9999.0 -9999.0 -9999.0 -9999.0 -9999.0 -9999.0 -9999.0 -9999.0 -9999.0 -9999.0 -9999.0 -9999.0 -9999.0 -9999.0 -9999.0 -9999.0 -9999.0
-9999.0 -9999.0 -9999.0 -9999.0 -9999.0 -9999.0 -9999.0 -9999.0 -9999.0 -9999.0 -9999.0 -9999.0 -1158.127507 3249.630983 -442.672976 -397.284358 -466.799936 -539.362424 -515.560512 -18650.282448 -582.360314 -653.810944 54.755721 -602.938194 1685.866381 43.318793 569.796060 51.589838 123.785337 -951.586629 -680.271631 -1008.739819 87.661110 -951.266095 -9999.0 -9999.0 -9999.0 -9999.0 -9999.0 -9999.0 -9999.0 -9999.0 -9999.0 -9999.0 -9999.0 -9999.0 -9999.0 -9999.0 -9999.0 -9999.0 -9999.0 -9999.0 -9999.0 -9999.0 -9999.0 -9999.0 -9999.0 -9999.0 -9999.0 -9999.0
-9999.0 -9999.0 -9999.0 -9999.0 -9999.0 -9999.0 -9999.0 -9999.0 -9999.0 -9999.0 -9999.0 -374.762097 -112.580509 229.798784 -590.988021 61.164899 -29021.085214 -480.237991 -216.103399 -870470.795055 -368.304568 -317.447409 55.532312 47.925005 79.066090 72.092609 -673.327889 65.057161 1309.389891 -952.112723 -941.007961 97.454045 -942.565823 -949.691677 -1100.884356 -1263.357866 -2389.342700 -2698.339074 -3998.219887 -9999.0 -9999.0 -9999.0 -1879.553413 -9999.0 -9999.0 -9999.0 -9999.0 -9999.0 -9999.0 -9999.0 -9999.0 -9999.0 -9999.0 -9999.0 -9999.0 -9999.0 -9999.0 -9999.0 -9999.0 -9999.0
-9999.0 -9999.0 -9999.0 -9999.0 -9999.0 -9999.0 -9999.0 -9999.0 -9999.0 -9999.0 -9999.0 -407.818885 -113.569870 84.531767 50.758684 -746.519831 46.920204 -650.083545 -460.477210 -593.769037 -335.756670 -233.975432 50.298051 -451.999396 61.267856 48.068866 57.007541 74.233004 -641.685977 -952.791423 68.971927 160.067742 -223.738893 55.627299 -606.661940 -323.580433 -555.876188 -5046.578374 -5191.641670 -6987.462096 -6115.904023 -2956.286886 -115.925867 -1349.085400 -9999.0 -9999.0 -9999.0 0.000000 56.940496 -986.491245 61.923375 -976.621702 -968.263260 17.932479 48.769207 -935.768494 -9999.0 -9999.0 -9999.0 -9999.0
-9999.0 -9999.0 -9999.0 -9999.0 -9999.0 -9999.0 -9999.0 -9999.0 -9999.0 -9999.0 -9999.0 66.190140 -399.300874 93.775997 -421.929266 61.388401 47.718633 -202.016692 -349.747439 -534.930363 -470.691332 -389.542539 -342.031073 56.130047 53.103779 -513.246309 -232.020818 1448.443508 -1369.343914 54.465070 -987.776811 152.112953 -221.642537 -229.666748 -1423.065568 -366.591307 -728.414483 -4756.620250 -6934.688889 -12917.417636 -2567.725913 -1157.887959 -212.446839 -327.197152 -382.041587 -9999.0 -950.797404 71.593758 70.813492 72.930225 67.618265 -350.763484 67.281699 67.087998 90.142424 75.712471 -9999.0 -9999.0 -9999.0 -9999.0
-9999.0 -9999.0 -9999.0 -9999.0 -9999.0 -9999.0 -9999.0 -9999.0 -9999.0 -9999.0 -9999.0 -9999.0 76.721191 0.000000 -449.966186 -370.612115 -445.065496 -334.509859 -263.801973 -513.825010 -476.306828 -414.834676 -327.023968 45.496832 -248.292895 -365.413378 967.946551 52.850625 51.721148 -1004.877057 54.305105 97.760063 -296.353115 -179.977745 45.942433 -232.428722 -1338.926246 -3825.258099 -5442.453003 -4936.703688 -1904.319492 -5538.224997 -174.870279 -333.617033 -3288.699080 52.020005 -974.530507 62.494060 70.378043 75.885602 52.022496 310.601850 1244.506535 197.493045 144.924681 -108.527026 57.453842 -9999.0 -9999.0 -9999.0
-9999.0 -9999.0 -9999.0 -9999.0 -9999.0 -9999.0 -9999.0 -9999.0 -9999.0 -9999.0 -9999.0 -158.954612 -209.739176 65.341734 85.414000 62.908053 53.941770 -286.133491 -341.952839 -634.642317 -489.080110 -403.594847 -388.334980 -588.055964 -467.305550 46.653524 -364.621171 48.664627 -378.449702 -1182.692154 48.343835 119.660547 66.165654 53.712062 48.724859 56.088414 -940.588781 -2946.047826 -1877.523954 -4310.254532 -2817.960773 -2481.801116 -192.761158 -16823.204294 -361.843872 -215.134732 72.652459 -889.736397 -816.614977 41.120247 -15924.348201 53.656160 363.798329 -900.829152 -951.940397 -950.508364 -843.606101 -9999.0 -9999.0 -9999.0
-9999.0 -9999.0 -9999.0 -9999.0 -9999.0 -9999.0 -9999.0 -9999.0 -9999.0 -9999.0 948.177967 49.778304 58.124875 -482.738895 -87.292860 940.953906 941.511056 -645.855577 -683.649369 -709.961472 -523.109828 -642.699693 -701.247631 -497.958691 -530.067243 1043.789736 -183.799126 -18420.467774 45.218108 -156.239844 123.729231 410.010417 69.779287 68.142119 -952.784746 -952.795003 -360.489564 -606.410494 -451.619829 -363.040675 -173.164320 -14141.311298 -130.059824 -468.556789 -416.445934 -705.768418 51.797682 49.638915 57.777552 38.442964 -67242.516001 -950.694374 -951.375715 -950.172297 -950.521873 85.839331 87.538721 -9999.0 -9999.0 -9999.0
-9999.0 -9999.0 -9999.0 -9999.0 -9999.0 -9999.0 -9999.0 -9999.0 -9999.0 57.572794 67.030091 -202.452359 61.777496 -503.867983 -538.000690 -222.048158 -511.277238 -71.609149 -635.622788 -849.841708 -624.477779 -1000.713161 -764.662739 -719.442020 -624.462920 -421.534504 -653.022521 -132.832125 -428.708620 -469.074868 43.661802 57.767620 -1003.637349 -951.836294 -1056.723197 -1075.059771 50.785096 -466.505797 -616.469711 52.577935 59.617395 -455.308786 -638.567807 -559.645640 -572.308356 -730.430441 -351.269752 -1310.405503 -1167.844044 42.222940 76.568214 -1092.176530 -950.346185 -950.395144 -932.870290 148.934330 230.662902 -120.322102 -855.443024 -9999.0
-9999.0 -9999.0 -9999.0 -9999.0 -9999.0 -9999.0 -9999.0 -9999.0 -9999.0 140.515019 68.859676 58.058153 2050.832536 -490.924591 -600.760170 -625.097017 46.206016 -467.969257 -711.675220 -1101.504592 -1021.158797 -1200.854262 -525.813848 -413.385689 -400.180366 -797.146728 -544.550399 -521.265814 -398.297375 -143.218728 59.064984 62.147828 69.044033 57.717417 55.628844 -4752.982416 -4801.320054 -1453.533225 -501.748821 58.956163 -190.000774 -621.167085 -730.550898 -340.806806 -533.598457 -598.016253 -652.778610 -1470.681392 -1220.807445 -251.085217 54.779095 57.806995 -950.503637 558.072952 -950.750608 84.262168 226.744814 159.039593 -142.607808 -9999.0
-9999.0 -9999.0 -9999.0 -9999.0 -9999.0 -9999.0 -9999.0 -9999.0 -9999.0 -9999.0 52.949097 63.428981 61.006534 1196.166082 -885.661161 -619.617353 -543.786224 -624.695850 -774.811002 -994.536553 -776.099825 -602.644424 -524.469222 -263.317410 -731.924285 -586.866985 -706.018767 -309.067557 52.485114 42.686517 59.281816 1912.103141 51.353917 56.620248 65.563192 74.348346 -692.721039 -465.869157 -835.539798 61.412634 -391.304400 60.262636 2075.963802 50.701783 -109.478781 -347.864384 -252.966195 -383.776394 -606.575269 47.609194 65.218120 74.109653 -999.830906 -967.033177 633.209557 76.628105 118.083587 7528.905826 51.673539 -714.516548
-9999.0 -9999.0 -9999.0 -9999.0 -9999.0 -9999.0 -9999.0 -9999.0 -9999.0 -9999.0 58.490289 56.520746 -289.572638 60.599496 36.852773 -631.390000 -702.870052 -761.859969 -910.296610 -1132.522729 -1062.926112 -859.747721 -744.340179 -929.800833 -736.246157 -750.633344 -410.001525 54.690083 58.813532 40.169623 63.767069 90.802719 -26929.563740 47.648513 52.409538 78.302660 1875.883995 49.950715 51.265369 46.442154 64.890760 -155.501769 98.786445 59.866938 -358.022670 -82.302344 46.006902 44.150801 45.958934 41.926693 74.481749 70.915420 74.351083 -1018.809391 -944.510593 -936.575406 47.429771 56.405256 84.378571 69.068259
-9999.0 -9999.0 -9999.0 -9999.0 -9999.0 -9999.0 -9999.0 -9999.0 -249.141288 46.884080 47.386546 63.267939 213.062471 73.077672 60.283042 -329.582230 -879.310212 -1159.551980 -1246.507594 -1188.711312 -1231.881465 -1094.330261 -883.571199 -865.890821 -966.875820 -461.347809 -264.419104 57.326930 71.607800 72.587310 -951.806736 71.570316 56.699139 51.665431 73.715938 -339.825409 62.630880 46.319965 -505.840133 -904.914149 -1188.005362 88.830363 -30036.167240 -951.321143 -748.118604 1108.312962 -202.296208 48.947134 44.650402 44.161440 77.196034 84.015041 76.327966 67.351770 -799.004199 58.189945 -126.809982 53.256130 -275.281819 50.395251
-9999.0 -9999.0 -9999.0 -9999.0 -9999.0 -9999.0 -9999.0 -9999.0 462.960620 60.190754 57.013138 50.570787 51.372338 853.464127 -541.893434 -434.044748 -552.583582 -732.778596 -1300.193734 -1271.751795 -938.156057 -1204.596651 -896.043030 -1103.052935 -1093.526710 -490.213565 -222.938048 51.830130 -5081.918449 53.661984 59.530441 -866.175043 65.135744 -1147.791126 69.353609 60.760180 70.160129 57.617539 53.104557 57.159928 60.069025 -213.110957 -949.533598 67.298124 1303.033202 57.294096 -19916.455937 52.154903 45.663180 -201.104705 38.671561 70.064044 70.235359 56.780306 50.999162 -7995.278369 50.873345 46.453368 -600.990410 -452.743559
-9999.0 -9999.0 -9999.0 -9999.0 -9999.0 -9999.0 -9999.0 -9999.0 57.789875 1475.428920 54.119789 54.960938 150.008282 -5214.197431 -155.108959 -603.752589 -812.250028 -1177.342789 -1370.429118 -900.105003 -1319.623638 -1284.271500 -1210.928913 -1259.725680 -830.234906 -606.093318 -439.170095 -474.556811 -8564.152521 47.317562 -1309.415972 54.875487 53.864595 52.609318 61.970013 76.938832 59.235074 43.449491 60.668367 65.352901 65.892158 -1058.202541 66.779005 1269.260872 -478.311661 -420.113217 -834.267176 -367.978421 -507.068786 -145.248832 -334.771313 60.804184 58.463019 48.871937 48.257392 63.101264 51.340277 -291.497687 -543.183185 -511.463205
-9999.0 -9999.0 -9999.0 -9999.0 -9999.0 -9999.0 -9999.0 -9999.0 -998.404141 60.580247 67.917681 -9744.517237 63.889425 57.428018 52.095519 -531.550218 -1176.444334 -773.851184 -683.867479 -1196.439516 -1313.380250 -1329.882179 -1354.769468 -1422.024780 -898.834853 -555.991040 -582.116376 -460.984416 -439.720271 -233.177570 44.513574 49.922284 47.400019 50.850501 53.507972 -667.048195 -589.134193 -313.144743 52.462360 55.996156 47.890137 54.671338 57.679329 -424.039217 -542.232454 -664.571396 47.628981 -447.876575 -447.939528 -505.061888 -391.019311 -297.612707 45.230402 -197.548817 -150.117552 52.996155 45.657544 111.863055 -474.787951 -600.328930
-9999.0 -9999.0 -9999.0 -9999.0 -9999.0 -9999.0 -9999.0 -9999.0 -476.369365 50.728973 2028.251725 50.740011 62.939625 55.364990 -257.712255 -668.803147 -353.024439 -430.969426 -405.603411 -541.612075 -924.348111 -1384.902485 -1627.389839 -2000.601503 -1683.925507 -775.463938 -835.088670 -723.584686 -746.217482 -369.572785 -287.355543 -251.408843 43.219130 -72.269642 -234.110572 -515.186721 -599.025065 -346.211923 51.170451 48.006456 -278.984451 46.983875 45.697471 -309.374705 -293.373528 -283.556066 -306.138580 -162.446387 -617.455101 -854.444827 -1330.215512 -860.006106 -463.783545 -664.306167 140.512047 137.915720 -203.976388 -327.881724 -363.789702 -451.071917
-9999.0 -9999.0 -104.518393 -498.310820 579.514247 -624.296549 74.400919 58.652508 51.794450 54.154402 54.540627 64.652444 61.951909 57.244825 -330.357867 -253.230594 41.158679 -488.031668 -597.261945 -389.086389 -629.137046 -581.784958 -372.426978 -1905.331352 -1408.043521 -1092.415107 -799.345929 -774.643096 -561.551696 -548.413043 -686.265210 -382.377605 63.594158 -325.847016 -488.847569 -489.923839 -696.588602 -416.307623 47.746931 43.817477 -427.799449 -372.221763 44.187298 -559.604956 -416.555319 -537.610330 -478.575357 -382.555266 -623.692525 -685.142007 -890.866032 -681.123632 -192.185686 47.032420 50.396146 -62.248647 65.131697 -167.532754 -270.084137 -326.245669
-9999.0 -732.129902 -343.690191 -354.397905 -655.348130 65.411367 73.665904 -387.478331 -424.934178 51.240013 51.953656 50.902494 63.851151 67.553773 43.433233 49.813836 51.019368 -498.708490 -598.907631 -539.211396 -836.895512 -441.990204 129.350144 -414.255220 -1407.016977 -1836.022188 -1266.557658 -1112.496009 -691.443426 -582.661718 -1424.290818 -937.861468 51.785701 -261.466318 -694.841460 -871.467844 -923.043870 -735.685063 -434.116387 -572.114732 -937.585866 -517.118784 -352.887088 -625.451750 -736.227345 -702.475682 -587.258193 -621.532579 -669.176412 -485.768016 -466.879384 -182.979671 70.793067 75.819762 74.238723 56.366271 59.089248 51.150366 46.945766 45.292016
