user2019/resources/simulation/Vinschgau/output-maps/psiL0008N0740.asc
ncols         63
nrows         48
xllcorner     598000.000000
yllcorner     5145000.000000
cellsize      1000.000000
NODATA_value  -9999.0
[rows 0 to 24 of 48, columns 0 to 57 of 63]
-9999.0 -9999.0 -9999.0 -9999.0 -9999.0 -9999.0 -9999.0 -9999.0 -9999.0 -9999.0 -9999.0 -9999.0 -9999.0 -9999.0 -9999.0 -9999.0 -9999.0 -9999.0 -9999.0 -9999.0 -9999.0 -9999.0 -9999.0 -9999.0 -9999.0 -9999.0 -9999.0 -9999.0 -9999.0 -9999.0 -9999.0 -9999.0 -9999.0 -9999.0 -9999.0 -9999.0 -9999.0 -9999.0 -9999.0 -9999.0 -9999.0 -9999.0 -9999.0 -9999.0 -9999.0 -9999.0 -9999.0 -9999.0 -9999.0 -9999.0 -9999.0 -9999.0 -9999.0 -9999.0 -9999.0 -9999.0 -9999.0 -9999.0
-9999.0 -9999.0 -9999.0 -9999.0 -9999.0 -9999.0 -9999.0 -9999.0 -9999.0 -9999.0 -9999.0 -9999.0 -9999.0 -9999.0 -9999.0 -9999.0 -9999.0 -9999.0 -9999.0 -9999.0 -9999.0 -9999.0 -9999.0 -9999.0 -9999.0 -9999.0 -9999.0 -252.603385 -251.974440 -252.640830 -252.724771 -253.791824 -248.345729 -9999.0 -9999.0 -9999.0 -9999.0 -9999.0 -9999.0 -9999.0 -9999.0 -9999.0 -9999.0 -9999.0 -9999.0 -9999.0 -9999.0 -9999.0 -9999.0 -9999.0 -9999.0 -9999.0 -9999.0 -9999.0 -9999.0 -9999.0 -9999.0 -9999.0
-9999.0 -9999.0 -9999.0 -9999.0 -9999.0 -9999.0 -9999.0 -9999.0 -9999.0 -9999.0 -9999.0 -9999.0 -9999.0 -9999.0 -9999.0 -9999.0 -9999.0 -9999.0 -9999.0 -9999.0 -9999.0 -9999.0 -9999.0 -9999.0 -232.415383 -236.424497 -228.343386 -225.286948 -191.903842 -249.202403 -252.908900 -9999.0 -9999.0 -9999.0 -9999.0 -9999.0 -9999.0 -9999.0 -9999.0 -9999.0 -9999.0 -9999.0 -9999.0 -9999.0 -9999.0 -9999.0 -9999.0 -9999.0 -9999.0 -9999.0 -9999.0 -9999.0 -9999.0 -9999.0 -9999.0 -9999.0 -9999.0 -9999.0
-9999.0 -9999.0 -9999.0 -9999.0 -9999.0 -9999.0 -9999.0 -9999.0 -9999.0 -9999.0 -9999.0 -9999.0 -9999.0 -9999.0 -9999.0 -9999.0 -9999.0 -9999.0 -9999.0 -9999.0 -9999.0 -9999.0 -9999.0 -237.572993 -216.243197 -217.173189 -256.040606 -288.665106 -285.280626 -252.391057 -252.140861 -252.242710 -9999.0 -9999.0 -9999.0 -9999.0 -9999.0 -9999.0 -9999.0 -9999.0 -9999.0 -9999.0 -9999.0 -9999.0 -9999.0 -9999.0 -9999.0 -9999.0 -9999.0 -9999.0 -9999.0 -9999.0 -9999.0 -9999.0 -9999.0 -9999.0 -9999.0 -9999.0
-9999.0 -9999.0 -9999.0 -9999.0 -9999.0 -9999.0 -9999.0 -9999.0 -9999.0 -9999.0 -9999.0 -9999.0 -9999.0 -9999.0 -9999.0 -9999.0 -9999.0 -9999.0 -85.013536 -239.620093 -9999.0 -230.730974 -217.492201 -286.391512 -254.568397 -291.649386 -153.751456 -130.408085 -131.692403 -253.632606 -251.899810 -251.724817 -252.709011 -253.170017 -9999.0 -9999.0 -9999.0 -9999.0 -9999.0 -9999.0 -9999.0 -9999.0 -9999.0 -9999.0 -9999.0 -9999.0 -9999.0 -9999.0 -9999.0 -9999.0 -9999.0 -9999.0 -9999.0 -9999.0 -9999.0 -9999.0 -9999.0 -9999.0
-9999.0 -9999.0 -9999.0 -9999.0 -9999.0 -9999.0 -9999.0 -9999.0 -9999.0 -9999.0 -9999.0 -9999.0 -9999.0 -9999.0 -9999.0 -9999.0 -9999.0 -551.314027 -144187.250678 -289.475525 -252.852089 -158.435385 -253.060894 -284.547214 -145.853888 -120882.806166 -102756.149640 -252.520063 -90732.666094 -134.321116 -186.366521 -250.356043 -252.871689 -252.735180 -255.480332 -256.570068 -9999.0 -9999.0 -9999.0 -9999.0 -9999.0 -9999.0 -9999.0 -9999.0 -9999.0 -9999.0 -9999.0 -9999.0 -9999.0 -9999.0 -9999.0 -9999.0 -9999.0 -9999.0 -9999.0 -9999.0 -9999.0 -9999.0
-9999.0 -9999.0 -9999.0 -9999.0 -9999.0 -9999.0 -9999.0 -9999.0 -9999.0 -9999.0 -9999.0 -9999.0 -9999.0 -251.996469 -252.592943 -1150.278753 -1543.538716 -252.725261 -547.407493 -286.579050 -253.283412 -254.909814 -289.109836 -248.739437 -97283.008568 -234.277037 -277.478862 -272.455838 -274.724731 -252.722599 9557.665966 -209.099258 -251.664230 -253.230693 -255.240261 -256.622574 -9999.0 -9999.0 -9999.0 -9999.0 -9999.0 -9999.0 -9999.0 -9999.0 -9999.0 -9999.0 -9999.0 -9999.0 -9999.0 -9999.0 -9999.0 -9999.0 -9999.0 -9999.0 -9999.0 -9999.0 -9999.0 -9999.0
-9999.0 -9999.0 -9999.0 -9999.0 -9999.0 -9999.0 -9999.0 -9999.0 -9999.0 -9999.0 -9999.0 -9999.0 -9999.0 -213.522796 -252.517570 -1264.261142 -1412.332181 -80.322850 -252.796006 -256.584483 -137478.358350 -252.616859 -89161.328631 -90952.443125 -252.803284 -278.889417 -252.419760 -254.273288 -255.116633 -270.147590 -252.313703 -253.582650 -255.907422 -256.503637 -256.360382 -9999.0 -9999.0 -9999.0 -9999.0 -9999.0 -9999.0 -9999.0 -9999.0 -9999.0 -9999.0 -9999.0 -9999.0 -9999.0 -9999.0 -9999.0 -9999.0 -9999.0 -9999.0 -9999.0 -9999.0 -9999.0 -9999.0 -9999.0
-9999.0 -9999.0 -9999.0 -9999.0 -9999.0 -9999.0 -9999.0 -9999.0 -9999.0 -9999.0 -9999.0 -9999.0 -9999.0 -252.897652 -105.289540 -207.678639 -1285.307153 -1283.751774 -252.828961 -772.109789 -194.146380 -281.930209 -88704.457321 -99396.992164 -252.712488 -252.451915 -252.639560 -255.699019 -251.881254 -256.640139 -253.522122 -256.318972 -256.397599 -254.924223 -256.694536 -9999.0 -9999.0 -9999.0 -9999.0 -9999.0 -9999.0 -9999.0 -9999.0 -9999.0 -9999.0 -9999.0 -9999.0 -9999.0 -9999.0 -9999.0 -9999.0 -9999.0 -9999.0 -9999.0 -9999.0 -9999.0 -9999.0 -9999.0
-9999.0 -9999.0 -9999.0 -9999.0 -9999.0 -9999.0 -9999.0 -9999.0 -9999.0 -9999.0 -9999.0 -9999.0 -281.338511 7060.023971 -252.528507 -252.577344 -806.388910 -1183.608438 -92.888669 -291.517976 -253.358318 -252.765470 -277.036337 -252.556632 3669.292269 -253.503082 -196.560705 -252.127592 -250.063302 -255.981089 -253.810205 -253.810906 -251.628265 -256.458663 -9999.0 -9999.0 -9999.0 -9999.0 -9999.0 -9999.0 -9999.0 -9999.0 -9999.0 -9999.0 -9999.0 -9999.0 -9999.0 -9999.0 -9999.0 -9999.0 -9999.0 -9999.0 -9999.0 -9999.0 -9999.0 -9999.0 -9999.0 -9999.0
-9999.0 -9999.0 -9999.0 -9999.0 -9999.0 -9999.0 -9999.0 -9999.0 -9999.0 -9999.0 -9999.0 -223.654262 -252.386022 -82.254039 -252.617229 -225.325154 -278.219896 -1075.476132 734.551692 -290.062043 -152642.689626 -108.071964 -251.118857 -253.074926 -275.002494 -251.512133 -253.625897 -251.267338 3231.319758 -256.468150 -254.219193 -250.494279 -253.329813 -255.657363 -254.376835 -252.901902 -252.804615 -252.757431 -252.655743 -9999.0 -9999.0 -9999.0 -255.554428 -9999.0 -9999.0 -9999.0 -9999.0 -9999.0 -9999.0 -9999.0 -9999.0 -9999.0 -9999.0 -9999.0 -9999.0 -9999.0 -9999.0 -9999.0
-9999.0 -9999.0 -9999.0 -9999.0 -9999.0 -9999.0 -9999.0 -9999.0 -9999.0 -9999.0 -9999.0 -232.385807 -252.468063 -278.630135 -252.523208 -253.022700 -252.640597 -144921.429525 436.481949 743.699215 -181.726808 -250.837460 -203.430606 -251.754635 -250.684084 -252.816236 -251.751012 -250.374256 -252.699029 -255.715654 -251.133303 -247.523959 -252.346022 -252.032600 -252.659166 -252.730034 -252.646022 -252.670534 -252.592547 -252.718312 -252.795488 -253.258516 -252.285489 -253.810543 -9999.0 -9999.0 -9999.0 374.599153 -252.010069 -253.760493 -251.814942 -254.309047 -254.771214 367.131908 390.034585 -256.271208 -9999.0 -9999.0
-9999.0 -9999.0 -9999.0 -9999.0 -9999.0 -9999.0 -9999.0 -9999.0 -9999.0 -9999.0 -9999.0 -206.798457 -237.476280 -265.778580 -98.800280 -251.856050 -251.921150 -88226.241869 -187.743194 450.338130 705.645586 -274.827097 -252.040976 -201.042458 -253.030041 -252.738530 -251.827685 -133.274900 -254.279981 -253.052329 -254.849899 -264.951665 -251.604679 -252.424939 -253.999604 -252.688971 -260.326896 -286.414776 -252.670291 -252.815962 -252.586669 -252.778559 -252.688769 -252.232507 -252.411814 -9999.0 -256.265642 -251.581201 -251.181438 -250.229057 -252.519062 -252.594731 -252.508728 -248.198904 -251.399663 -250.896222 -9999.0 -9999.0
-9999.0 -9999.0 -9999.0 -9999.0 -9999.0 -9999.0 -9999.0 -9999.0 -9999.0 -9999.0 -9999.0 -9999.0 -220.531843 -118.895382 -229.477868 -224.997661 -78620.026999 -95893.709590 -57.837815 709.897964 -103517.002735 -276.941723 -276.289776 -251.464087 -251.679041 -251.980778 -10.791430 -253.660871 -252.609875 -252.939514 -251.466769 -251.441393 -252.654561 -252.169765 -253.237152 -252.731186 -261.145641 -271.256892 -252.647228 -252.741564 -252.573716 -252.770129 -277.345948 -223.088705 -252.731595 -251.918212 -254.098635 -251.942619 -265.662034 -251.465347 -95.373040 -246.271083 1195.837403 -105.599759 -249.606436 -232.883394 -227.143277 -9999.0
-9999.0 -9999.0 -9999.0 -9999.0 -9999.0 -9999.0 -9999.0 -9999.0 -9999.0 -9999.0 -9999.0 -122.654057 -237.902812 -252.689981 -251.423207 -251.678919 -251.518183 -69136.084687 -164.687080 362.580999 -107291.849788 -100272.506653 -251.118643 -268.888175 -252.077982 -250.748395 -109.135780 -253.251352 -252.353284 -252.688533 -251.931653 -250.406884 -249.633682 -251.922600 -253.595572 -252.643474 -252.993939 -281.856569 -585.283900 -252.696679 -283.384185 -264.043737 -252.685440 -283.842362 -251.268419 -252.224149 -250.408506 -252.620384 -252.588467 -279.158476 -270.922103 -252.460362 -250.640871 -264.336367 -262.853031 -253.667674 -253.798246 -9999.0
-9999.0 -9999.0 -9999.0 -9999.0 -9999.0 -9999.0 -9999.0 -9999.0 -9999.0 -9999.0 2846.189611 -251.410530 -208.172673 -228.880743 -208.783330 -94.912371 -98.299010 -67818.982672 -1128.836560 416.145415 751.031014 712.787359 -152880.969969 -213.960712 -252.052427 2918.649190 -262.587555 -273.999968 -252.652506 -251.024023 -250.640963 -219.120921 -251.435176 -252.863004 -256.329297 -253.865139 -252.844930 -258.684014 -152820.187041 -258.563295 -286.174096 -279.803387 -253.581442 713.999369 -252.403665 -252.726890 -251.154105 -275.343542 -251.539496 -251.817542 -274.465382 -256.046122 -262.265295 -254.946503 -256.067522 -250.752357 -250.886297 -9999.0
-9999.0 -9999.0 -9999.0 -9999.0 -9999.0 -9999.0 -9999.0 -9999.0 -9999.0 -252.054787 -94.996430 -110.231506 -251.177242 -252.070789 -112.463651 -251.145288 -251.892270 -195.984754 -130021.220720 -90.859236 729.625285 -135786.127272 -152892.121937 -252.579367 -123.201457 -131500.303459 -252.446652 -250.807851 -276.550605 -252.012693 -251.622212 -130336.731740 -255.276503 -256.751517 -254.704314 -254.522957 -251.694023 -252.784005 -254.295043 -252.544293 -73112.243083 -47969.111049 -144149.280343 -104072.097326 -152865.779733 -279.659633 -250.316476 -279.119214 -276.191807 -96.503881 -274.809910 -254.127250 -255.729576 -256.297570 -255.382720 -261.536247 -248.051312 -252.608715
-9999.0 -9999.0 -9999.0 -9999.0 -9999.0 -9999.0 -9999.0 -9999.0 -9999.0 -252.632003 -251.911209 -251.837383 5318.170034 -252.258231 -252.322760 -252.217480 -192.521972 -252.269813 -134963.172791 339.208370 457.117894 -250.813054 -108.005407 -208.500447 -144230.632587 -252.492612 -252.232354 -252.187853 -252.222252 -95.943808 -252.599138 -138844.961736 -252.497289 -252.104990 -251.007412 -252.815696 -252.716742 -252.727416 -253.639763 -251.416425 -128.783609 -262.309850 -253.010267 -252.568399 671.188846 -182.977695 -252.732150 -283.749128 -281.617655 -252.077810 -142726.555454 -262.448926 -256.445174 -253.010494 -255.372257 -123.902238 -262.251728 -250.190642
-9999.0 -9999.0 -9999.0 -9999.0 -9999.0 -9999.0 -9999.0 -9999.0 -9999.0 -9999.0 -251.951311 -251.178857 -250.669849 2781.714642 -279.357519 -252.354470 -252.128579 -252.352263 -131063.625754 312.387672 726.932669 -152892.371904 -62731.242275 -152726.437263 -252.453001 -252.318119 -252.302233 -252.068252 -252.588505 -11488.581795 -31309.084621 5120.413814 -258.839915 -253.112934 -250.416693 -248.425134 -242.673855 -223.531624 -252.657141 -253.179288 -253.662141 -217.128303 5313.666183 -266.420297 -152072.727837 -44903.731627 -152872.654550 -97.906298 -288.253467 -279.660410 -152890.801232 -274.606154 -254.932792 -256.405383 -242.633114 -252.506345 -218.893652 11466.273915
-9999.0 -9999.0 -9999.0 -9999.0 -9999.0 -9999.0 -9999.0 -9999.0 -9999.0 -9999.0 -251.689819 -251.553679 -226.224711 -250.995003 681.262239 -130080.014974 -114585.847280 -1074.283159 -1160.940728 -408.158987 -1398.485023 -138361.697470 -123260.203536 -253.104510 -252.509236 -252.402505 -93.172547 -50987.436964 -31966.071471 -256.599151 -253.032865 -200.877144 -274.018443 -253.319027 -253.118040 -221.769474 3565.022102 -251.528916 -266.716484 -253.160690 -251.419039 -252.587810 -250.897303 -252.934900 -97.736299 -151210.205173 -250.933718 -152826.690429 -152888.575573 -284.159805 -287.202790 -268.881941 -250.928976 -254.656694 -256.098477 -254.093911 -252.482052 -264.928404
-9999.0 -9999.0 -9999.0 -9999.0 -9999.0 -9999.0 -9999.0 -9999.0 -204.363932 -251.419641 -252.770082 -217.333254 -245.597383 -250.711764 -48895.905223 684.350442 -133703.791726 -250.306266 200.203362 -506.275067 -1530.237645 -145744.348069 -142741.637250 -140087.870849 -252.963236 -752.017591 -68.157257 -27672.899825 -250.192163 -259.954569 -255.951048 -252.767024 -252.343553 -252.595863 -251.302447 -253.567303 -251.423084 -251.332367 -43141.445493 -252.626623 -253.517651 -217.193005 -269.678225 -254.528816 -252.594636 -37.133189 -31953.197447 -250.819534 -152843.410305 642.411028 -253.020418 -152861.836218 -250.711905 -262.911655 -254.200776 -252.353983 -252.602173 -182.746016
-9999.0 -9999.0 -9999.0 -9999.0 -9999.0 -9999.0 -9999.0 -9999.0 -258.861946 -251.019371 -265.474481 -252.832469 -252.109592 -106.240123 -46924.340155 -63374.466052 -99248.771602 -114707.325741 -151366.191872 -520.866085 489.530833 324.516742 -141.557160 -251.287180 -144570.596731 -965.515377 -647.968881 -249.818358 -271.837195 -251.564258 -251.708413 -252.658960 -250.698562 -252.593709 -203.268985 -205.125050 -248.546506 -250.664673 -267.323002 -251.223205 -252.555854 -253.707699 -254.582349 -251.068798 3094.912899 -250.565699 -269.710300 -252.570343 -265.924029 -65642.036355 -253.100755 -250.284631 -45002.215386 -250.299467 -252.541212 -281.863101 -275.946128 -276.733106
-9999.0 -9999.0 -9999.0 -9999.0 -9999.0 -9999.0 -9999.0 -9999.0 -252.114562 -37.044806 -252.552345 -263.141944 -173.493738 -269.617919 -251.671500 -152884.802930 -138103.091866 -253.615941 -147604.597753 327.484997 -524.451230 176.359411 -184.150740 -227.513651 -138.377816 -102554.036935 -69955.449964 -40108.104536 -274.535219 -251.228154 -252.643765 -190.407013 -251.433349 -271.999513 -198.123628 -245.933969 -266.302153 -144623.221124 -140877.567148 -264.499520 -251.525717 -252.594889 -211.310826 -26.541045 -251.217566 -227.117242 -252.574214 -224.778615 -251.445662 -152822.116769 588.904805 -252.896126 -152892.680692 -152840.831484 -276.339780 -248.760732 -249.706926 -250.802787
-9999.0 -9999.0 -9999.0 -9999.0 -9999.0 -9999.0 -9999.0 -9999.0 -255.940325 -251.138281 489.269611 -274.916103 -188.949495 -103.614120 -152546.835762 -116717.091891 -152117.738939 -134386.525719 341.904483 -694.970001 -460.370078 -330.881226 178.066088 -133.706906 -1216.223206 -88656.454214 -52591.340639 -152759.511083 -214.060081 -274.866784 -272.537263 -272.698281 -281.838964 -250.641396 -271.691238 -252.349856 -252.140028 -64001.083624 -152773.095170 -265.809703 -251.841659 -250.912800 -250.615090 -252.651191 -232.527562 -252.576887 -252.552557 -252.587721 -252.394889 -275.386379 -42287.728464 -109914.834738 -252.918680 -91.469050 -248.959159 -247.523387 -253.077528 852.002714
-9999.0 -9999.0 -9999.0 -9999.0 -9999.0 -9999.0 -9999.0 -9999.0 -239.236130 -209.388474 5302.690261 -152250.346240 -152824.938244 -82538.014934 -176.932334 -102.215966 637.728187 -80395.136854 -65906.556436 -108625.051506 -1278.288431 -218.397751 -361.172375 -447.882860 -251.600037 -128026.928166 -97040.719242 -252.247738 -252.381828 -251.192086 -152880.498142 -251.075336 -279.411715 -250.604535 -273.166711 -273.869653 -275.266739 -71093.854286 -152872.638816 -250.160483 -272.553550 -277.166332 -275.591046 -279.814507 -268.451181 -251.448212 -275.246596 -276.571110 -277.376523 -280.899339 -285.890445 -131254.008994 -115409.796824 -252.300078 -211.217405 908.207314 735.143723 732.737892
