user2019/resources/simulation/Vinschgau/output-maps/psiL0007N0076.asc
ncols         63
nrows         48
xllcorner     598000.000000
yllcorner     5145000.000000
cellsize      1000.000000
NODATA_value  -9999.0
[rows 0 to 25 of 48, columns 0 to 58 of 63]
-9999.0 -9999.0 -9999.0 -9999.0 -9999.0 -9999.0 -9999.0 -9999.0 -9999.0 -9999.0 -9999.0 -9999.0 -9999.0 -9999.0 -9999.0 -9999.0 -9999.0 -9999.0 -9999.0 -9999.0 -9999.0 -9999.0 -9999.0 -9999.0 -9999.0 -9999.0 -9999.0 -9999.0 -9999.0 -9999.0 -9999.0 -9999.0 -9999.0 -9999.0 -9999.0 -9999.0 -9999.0 -9999.0 -9999.0 -9999.0 -9999.0 -9999.0 -9999.0 -9999.0 -9999.0 -9999.0 -9999.0 -9999.0 -9999.0 -9999.0 -9999.0 -9999.0 -9999.0 -9999.0 -9999.0 -9999.0 -9999.0 -9999.0 -9999.0
-9999.0 -9999.0 -9999.0 -9999.0 -9999.0 -9999.0 -9999.0 -9999.0 -9999.0 -9999.0 -9999.0 -9999.0 -9999.0 -9999.0 -9999.0 -9999.0 -9999.0 -9999.0 -9999.0 -9999.0 -9999.0 -9999.0 -9999.0 -9999.0 -9999.0 -9999.0 -9999.0 -600.267388 -601.518997 -594.500082 -584.234473 -582.660336 -582.676507 -9999.0 -9999.0 -9999.0 -9999.0 -9999.0 -9999.0 -9999.0 -9999.0 -9999.0 -9999.0 -9999.0 -9999.0 -9999.0 -9999.0 -9999.0 -9999.0 -9999.0 -9999.0 -9999.0 -9999.0 -9999.0 -9999.0 -9999.0 -9999.0 -9999.0 -9999.0
-9999.0 -9999.0 -9999.0 -9999.0 -9999.0 -9999.0 -9999.0 -9999.0 -9999.0 -9999.0 -9999.0 -9999.0 -9999.0 -9999.0 -9999.0 -9999.0 -9999.0 -9999.0 -9999.0 -9999.0 -9999.0 -9999.0 -9999.0 -9999.0 -620.007725 -619.989557 -603.773283 -601.795183 -609.883503 -598.386692 -588.753010 -9999.0 -9999.0 -9999.0 -9999.0 -9999.0 -9999.0 -9999.0 -9999.0 -9999.0 -9999.0 -9999.0 -9999.0 -9999.0 -9999.0 -9999.0 -9999.0 -9999.0 -9999.0 -9999.0 -9999.0 -9999.0 -9999.0 -9999.0 -9999.0 -9999.0 -9999.0 -9999.0 -9999.0
-9999.0 -9999.0 -9999.0 -9999.0 -9999.0 -9999.0 -9999.0 -9999.0 -9999.0 -9999.0 -9999.0 -9999.0 -9999.0 -9999.0 -9999.0 -9999.0 -9999.0 -9999.0 -9999.0 -9999.0 -9999.0 -9999.0 -9999.0 -620.110811 -619.994818 -548.761025 -526.264081 -823.131206 -798.615717 -594.388593 -595.276620 -609.146463 -9999.0 -9999.0 -9999.0 -9999.0 -9999.0 -9999.0 -9999.0 -9999.0 -9999.0 -9999.0 -9999.0 -9999.0 -9999.0 -9999.0 -9999.0 -9999.0 -9999.0 -9999.0 -9999.0 -9999.0 -9999.0 -9999.0 -9999.0 -9999.0 -9999.0 -9999.0 -9999.0
-9999.0 -9999.0 -9999.0 -9999.0 -9999.0 -9999.0 -9999.0 -9999.0 -9999.0 -9999.0 -9999.0 -9999.0 -9999.0 -9999.0 -9999.0 -9999.0 -9999.0 -9999.0 -256.421940 -537.902496 -9999.0 -620.031923 -620.005121 -804.990085 -470.376725 -870.767668 -759.307397 -751.073037 7.425408 -711.001686 -593.884882 -597.151010 -593.200301 -593.220253 -9999.0 -9999.0 -9999.0 -9999.0 -9999.0 -9999.0 -9999.0 -9999.0 -9999.0 -9999.0 -9999.0 -9999.0 -9999.0 -9999.0 -9999.0 -9999.0 -9999.0 -9999.0 -9999.0 -9999.0 -9999.0 -9999.0 -9999.0 -9999.0 -9999.0
-9999.0 -9999.0 -9999.0 -9999.0 -9999.0 -9999.0 -9999.0 -9999.0 -9999.0 -9999.0 -9999.0 -9999.0 -9999.0 -9999.0 -9999.0 -9999.0 -9999.0 -617.281521 -715.483461 -793.897640 -603.482200 -844.870745 -633.765844 -683.617017 -236.492349 -694.313349 -662.198133 -641.886511 -643.464246 -828.439209 -620.032558 -594.455771 -591.609050 -592.635340 -583.531183 -582.291703 -9999.0 -9999.0 -9999.0 -9999.0 -9999.0 -9999.0 -9999.0 -9999.0 -9999.0 -9999.0 -9999.0 -9999.0 -9999.0 -9999.0 -9999.0 -9999.0 -9999.0 -9999.0 -9999.0 -9999.0 -9999.0 -9999.0 -9999.0
-9999.0 -9999.0 -9999.0 -9999.0 -9999.0 -9999.0 -9999.0 -9999.0 -9999.0 -9999.0 -9999.0 -9999.0 -9999.0 -614.771913 -599.288867 -529.028253 -611.637012 -619.940435 -597.723971 -803.385004 -559.899787 -575.310419 -869.170433 -399.767274 -692.916456 -602.549988 -611.264816 -631.927148 -620.472011 -635.324587 -640.974822 -605.800472 -590.529611 -581.700222 -582.060218 -582.136707 -9999.0 -9999.0 -9999.0 -9999.0 -9999.0 -9999.0 -9999.0 -9999.0 -9999.0 -9999.0 -9999.0 -9999.0 -9999.0 -9999.0 -9999.0 -9999.0 -9999.0 -9999.0 -9999.0 -9999.0 -9999.0 -9999.0 -9999.0
-9999.0 -9999.0 -9999.0 -9999.0 -9999.0 -9999.0 -9999.0 -9999.0 -9999.0 -9999.0 -9999.0 -9999.0 -9999.0 -620.015832 -494.439610 -595.031451 -599.599636 -249.715303 -619.971330 -602.821432 -3391.116324 -619.891216 -554.355185 -695.582528 -670.994750 -634.041489 -598.482083 -582.708249 -582.257790 -599.842789 -643.825692 -581.849324 -582.056469 -582.012003 -582.048127 -9999.0 -9999.0 -9999.0 -9999.0 -9999.0 -9999.0 -9999.0 -9999.0 -9999.0 -9999.0 -9999.0 -9999.0 -9999.0 -9999.0 -9999.0 -9999.0 -9999.0 -9999.0 -9999.0 -9999.0 -9999.0 -9999.0 -9999.0 -9999.0
-9999.0 -9999.0 -9999.0 -9999.0 -9999.0 -9999.0 -9999.0 -9999.0 -9999.0 -9999.0 -9999.0 -9999.0 -9999.0 -624.671141 -455.847625 -438.685271 -601.515111 -586.094709 -619.934324 -462.142093 -523.540158 -613.771370 -725.086981 -666.841496 -655.621692 -654.161338 -595.923211 -582.633167 -597.701779 -582.073974 -582.140006 -582.124408 -582.187766 -582.087788 -581.954324 -9999.0 -9999.0 -9999.0 -9999.0 -9999.0 -9999.0 -9999.0 -9999.0 -9999.0 -9999.0 -9999.0 -9999.0 -9999.0 -9999.0 -9999.0 -9999.0 -9999.0 -9999.0 -9999.0 -9999.0 -9999.0 -9999.0 -9999.0 -9999.0
-9999.0 -9999.0 -9999.0 -9999.0 -9999.0 -9999.0 -9999.0 -9999.0 -9999.0 -9999.0 -9999.0 -9999.0 -714.179432 -463.606357 -500.597574 -639.271517 -713.482565 -564.057138 -47.322963 -856.767318 -675.937039 -638.888329 -619.728811 -633.971715 -821.537914 -583.026143 -634.626475 -608.381429 -596.674056 -582.429090 -582.145305 -593.796206 -593.387830 -584.247402 -9999.0 -9999.0 -9999.0 -9999.0 -9999.0 -9999.0 -9999.0 -9999.0 -9999.0 -9999.0 -9999.0 -9999.0 -9999.0 -9999.0 -9999.0 -9999.0 -9999.0 -9999.0 -9999.0 -9999.0 -9999.0 -9999.0 -9999.0 -9999.0 -9999.0
-9999.0 -9999.0 -9999.0 -9999.0 -9999.0 -9999.0 -9999.0 -9999.0 -9999.0 -9999.0 -9999.0 -620.040059 -655.601754 -515.971811 -645.609810 -614.398441 -607.583603 -560.054897 -321.516052 -843.860436 -1303.295927 -652.969963 -607.682371 -584.744955 -627.074788 -602.188952 -582.727713 -607.956797 -616.178216 -582.290412 -594.454242 -596.053235 -590.092916 -584.469190 -591.870419 -593.355394 -591.680298 -592.501480 -595.689788 -9999.0 -9999.0 -9999.0 -584.555431 -9999.0 -9999.0 -9999.0 -9999.0 -9999.0 -9999.0 -9999.0 -9999.0 -9999.0 -9999.0 -9999.0 -9999.0 -9999.0 -9999.0 -9999.0 -9999.0
-9999.0 -9999.0 -9999.0 -9999.0 -9999.0 -9999.0 -9999.0 -9999.0 -9999.0 -9999.0 -9999.0 -619.758232 -635.593709 -690.375327 -670.637656 -589.248229 -690.120513 -797.783491 -342.642952 -391.586828 -444.647124 -619.771314 -620.068962 -619.129277 -621.242500 -585.460145 -599.751637 -599.821165 -595.442038 -584.173262 -594.894147 -594.015387 -592.514251 -593.474555 -593.390582 -592.168591 -616.220321 -603.496665 -598.679554 -592.828454 -591.922127 -590.211748 -592.265074 -584.265921 -9999.0 -9999.0 -9999.0 -644.429359 -619.909393 -620.392609 -619.957150 -620.499379 -620.016488 -571.192607 -562.500548 -595.504974 -9999.0 -9999.0 -9999.0
-9999.0 -9999.0 -9999.0 -9999.0 -9999.0 -9999.0 -9999.0 -9999.0 -9999.0 -9999.0 -9999.0 -619.939163 -619.350888 -606.497532 -934.595746 -597.835392 -683.951545 -641.176131 -489.654084 -379.787537 -495.515458 -697.463537 -713.928906 -620.092780 -584.446514 -593.621203 -694.027999 -605.274783 -584.110728 -586.447752 -583.251876 -611.084664 -596.649047 -593.310547 -588.889248 -594.202294 -841.318226 -812.152797 -617.607339 -592.072241 -600.173851 -591.926450 -595.396142 -593.244431 -601.708303 -9999.0 -586.531164 -619.875635 -619.955062 -619.920862 -619.934055 -619.844274 -619.931375 -618.852304 -619.854946 -619.921451 -9999.0 -9999.0 -9999.0
-9999.0 -9999.0 -9999.0 -9999.0 -9999.0 -9999.0 -9999.0 -9999.0 -9999.0 -9999.0 -9999.0 -9999.0 -619.972883 -960.892753 -619.363784 -620.066849 -683.175847 -664.010945 -302.994318 -321.966896 -673.539786 -712.296644 -724.320479 -703.272502 -614.048829 -688.448106 -446.311796 -583.822125 -586.281446 -595.627452 -597.287543 -637.064161 -593.530978 -593.515951 -587.044807 -592.360558 -607.412748 -719.575484 -619.911359 -593.064021 -616.498181 -594.413236 -678.495647 -591.683923 -593.453550 -619.768588 -611.332144 -619.968867 -637.167230 -672.837141 -756.899799 -622.525867 -634.288576 -769.006254 -620.325524 -620.044788 -619.999524 -9999.0 -9999.0
-9999.0 -9999.0 -9999.0 -9999.0 -9999.0 -9999.0 -9999.0 -9999.0 -9999.0 -9999.0 -9999.0 -1080.760125 -609.307181 -597.101122 -693.461750 -691.189966 -666.897908 -646.548215 -429.728541 -534.187477 -708.124848 -640.914487 -647.655145 -639.119695 -681.983800 -571.495369 -901.682868 -584.169970 -600.351976 -594.018195 -698.220822 -685.709477 -620.027939 -594.059429 -583.032498 -592.950579 -590.047909 -613.376660 -681.046672 -618.750326 -680.241304 -688.928428 -646.174464 -692.372668 -619.759797 -619.910210 -619.978976 -610.598175 -619.999016 -649.489845 -589.917416 -595.308102 -619.604622 -584.349146 -587.870641 -584.268807 -620.029071 -9999.0 -9999.0
-9999.0 -9999.0 -9999.0 -9999.0 -9999.0 -9999.0 -9999.0 -9999.0 -9999.0 -9999.0 -789.807760 -665.712017 -620.049608 -613.969659 -603.011439 -602.781397 -635.722749 -714.842927 -551.729393 -556.974925 -260.948509 -545.757656 -754.595876 -479.354097 -596.145830 -749.392642 -602.185188 -595.706677 -615.792820 -619.885606 -687.308695 -632.224176 -601.195822 -585.906086 -582.164113 -591.841402 -591.326382 -618.272857 -845.494674 -783.792158 -827.646141 -631.287780 -603.994194 -444.316518 -673.526544 -593.395948 -619.962635 -682.455119 -639.094246 -694.447474 -604.559421 -584.675827 -586.802655 -584.334281 -585.117397 -619.926464 -619.910706 -9999.0 -9999.0
-9999.0 -9999.0 -9999.0 -9999.0 -9999.0 -9999.0 -9999.0 -9999.0 -9999.0 -599.993362 -840.065098 -860.518040 -636.974085 -667.762329 -753.107141 -633.467406 -618.365318 -511.830373 -681.053217 -555.736388 -355.769889 -824.102225 -1033.279581 -581.928539 -669.436795 -608.100423 -639.897335 -619.840829 -733.978106 -571.322967 -632.172502 -610.214422 -582.541772 -582.443353 -585.858627 -583.868257 -593.966012 -608.103283 -599.306304 -611.802213 -812.821282 -609.510076 -605.395776 -647.444178 -1686.955918 -801.850618 -618.789359 -679.554361 -643.019858 -417.007896 -632.057823 -619.661691 -584.299570 -588.350290 -610.509568 -626.847531 -630.549122 -619.936263 -620.068304
-9999.0 -9999.0 -9999.0 -9999.0 -9999.0 -9999.0 -9999.0 -9999.0 -9999.0 -598.836757 -607.959762 -605.207415 -428.869864 -640.615095 -705.625707 -668.437700 -493.886455 -681.598488 -689.363879 -381.655451 -370.269311 -443.167147 -580.290250 -523.270621 -610.103166 -686.974343 -648.183764 -587.888547 -484.383882 -761.913404 -612.778641 -620.884292 -584.713368 -599.288030 -594.152378 -591.675712 -592.643027 -592.443856 -583.726430 -597.569595 -1022.321243 -593.534261 -707.060574 -616.042540 -351.152364 -224.649045 -495.863016 -830.832014 -762.992253 -614.950571 -627.665549 -630.977808 -586.923967 -593.718505 -585.392791 -780.723624 -627.362692 -644.834249 -619.896281
-9999.0 -9999.0 -9999.0 -9999.0 -9999.0 -9999.0 -9999.0 -9999.0 -9999.0 -9999.0 -607.191154 -604.631475 -636.607683 -460.648773 -734.785133 -704.073232 -640.013353 -528.432699 -766.931699 -413.776954 -364.934545 -991.281732 -588.631421 -687.115818 -676.242946 -610.372434 -485.342397 -493.682243 -619.830363 -613.240605 -599.192910 -922.357921 -590.055470 -584.036335 -597.515869 -619.990509 -619.975213 -620.017587 -593.585149 -583.427450 -582.787133 -620.027303 -619.945693 -620.883286 -620.029427 -654.191088 -946.141926 -209.305369 -919.790359 -795.492466 -657.638197 -634.309653 -620.418886 -587.020525 -620.075903 -592.396014 -619.965927 -659.557882 -717.661380
-9999.0 -9999.0 -9999.0 -9999.0 -9999.0 -9999.0 -9999.0 -9999.0 -9999.0 -9999.0 -607.506976 -607.465664 -620.054118 -635.463278 -247.192335 -614.861873 -791.813015 -491.776045 -621.858011 -428.592894 -595.720516 -665.866384 -685.852674 -657.763984 -612.428727 -481.856809 -322.786847 -565.816251 -639.264449 -588.958796 -584.437360 -620.026258 -599.537308 -584.213229 -584.304630 -598.653060 -735.348246 -659.236561 -611.118350 -585.439905 -619.751019 -610.273377 -624.569327 -586.049810 -908.167799 -638.765228 -628.376970 -643.835788 -1198.321471 -832.125948 -1706.630703 -636.940539 -636.370636 -620.443029 -592.292082 -620.306272 -597.642541 -625.005331 -421.148087
-9999.0 -9999.0 -9999.0 -9999.0 -9999.0 -9999.0 -9999.0 -9999.0 -619.969889 -616.512767 -594.253060 -620.005083 -623.307735 -631.945335 -677.133971 -354.561466 -625.030220 -438.296471 -430.968174 -481.409076 -629.183870 -784.894499 -729.193916 -666.100252 -554.191930 -489.220223 -188.345307 -635.748164 -625.104020 -597.701784 -583.111819 -584.748154 -588.708022 -594.175619 -619.958822 -583.602345 -619.971107 -661.222414 -603.420710 -603.686547 -586.485435 -602.830603 -585.888540 -583.278786 -619.892643 -619.929435 -601.450518 -626.288570 -738.171365 230.472790 -466.606366 -735.742333 -632.325317 -622.808325 -620.035912 -619.901772 -619.936972 -447.915829 -725.731374
-9999.0 -9999.0 -9999.0 -9999.0 -9999.0 -9999.0 -9999.0 -9999.0 -597.279402 -679.762353 -624.623421 -588.222687 -607.175887 -631.353614 -705.434387 -609.311777 -581.504829 -609.873749 -2113.932764 -437.924394 -389.479228 -478.010952 -459.919877 -511.398075 -793.066178 -555.975027 -260.670487 -643.417727 -588.887751 -619.939628 -619.838812 -595.522411 -620.035701 -610.583029 -620.001777 -619.959248 -620.017665 -689.267121 -615.582128 -619.967479 -590.563903 -583.538076 -584.542685 -619.963344 -611.678677 -625.819693 -587.026742 -588.513127 -628.633709 -480.852989 -415.765796 -668.392931 -640.927069 -619.730254 -619.932107 -652.259541 -698.658597 -692.636638 -829.582324
-9999.0 -9999.0 -9999.0 -9999.0 -9999.0 -9999.0 -9999.0 -9999.0 -601.479891 -615.720380 -619.969393 -608.448079 -620.068851 -593.020869 -649.105510 -831.685588 -674.943403 -573.090202 -786.001126 -322.158607 -416.658457 -460.865590 -479.716458 -541.238498 -386.657409 -655.766228 -484.287014 -664.409683 -599.026757 -602.066900 -597.449016 -619.955521 -626.260655 -617.780781 -619.985945 -619.901528 -633.027050 -870.180609 -630.157025 -630.967266 -620.508579 -617.355466 -619.989956 -620.076821 -621.734209 -618.453412 -619.996302 -610.483539 -620.896421 -728.889870 286.751893 -426.406447 -676.680244 -643.964129 -691.926959 -369.956252 -345.594880 -352.900345 -465.307020
-9999.0 -9999.0 -9999.0 -9999.0 -9999.0 -9999.0 -9999.0 -9999.0 -583.390150 -617.819415 -478.399451 -608.313549 -601.948274 -654.926638 -875.458549 -609.867260 -3292.180264 -616.025324 -317.119492 -567.742994 -468.705677 367.264274 379.076673 -345.561411 -413.670377 -509.210252 -582.614108 -654.549846 -504.361709 -703.219406 -640.311926 -655.702209 -750.978825 -696.439033 -622.708210 -619.931760 -619.989154 -490.727773 -643.706584 -621.200151 -619.945871 -619.962127 -619.956288 -602.532822 -619.972957 -619.962333 -619.957335 -619.985812 -619.843493 -656.594937 -456.715489 -445.679758 -419.002256 118.449205 -333.659247 -328.130184 -436.880940 569.553118 323.464798
-9999.0 -9999.0 -9999.0 -9999.0 -9999.0 -9999.0 -9999.0 -9999.0 -619.801307 -619.948878 -645.394113 -779.324565 -894.296293 -560.794346 -424.077237 -282.080831 -248.832792 -595.914508 -558.341387 -605.001163 -550.863708 376.496316 380.638394 -300.018985 -431.233393 -539.540536 -806.361934 -586.539083 -560.692605 -503.847348 -696.574709 -489.914456 -774.318000 -542.121163 -656.302260 -651.440789 -670.318291 -450.951967 -926.243754 -650.673565 -635.275008 -633.647465 -711.677024 -678.825331 -623.871199 -619.929993 -674.264295 -713.486518 -708.193196 -762.752049 -819.841522 -533.725266 -429.387825 -360.512951 -209.630706 642.981447 347.091689 338.360723 442.691564
-9999.0 -9999.0 -605.048077 -620.018109 -633.836401 -659.418446 -651.499181 -651.470041 -620.056713 -619.985049 -628.357928 -292.709044 -532.238676 -454.029845 -383.619368 -234.210053 -746.049807 -636.165169 -628.982536 -545.115805 -610.036903 -564.626424 380.504808 435.062793 -357.849972 -627.186576 -598.924996 -586.063609 -639.843692 -412.539114 -668.950261 -596.294522 158.644433 -549.819090 -446.533782 -512.533485 -407.973624 -475.292143 -904.790473 -730.440823 -698.323232 -765.973642 -1334.515793 -521.009505 -778.341179 -720.229781 -400.407606 26.603990 -937.164855 -463.548072 -446.296371 384.465088 -152.095618 375.870758 380.789073 378.505715 455.024286 404.924934 -347.508056
