user2019/resources/simulation/Vinschgau/output-maps/psiL0003N0098.asc
ncols         63
nrows         48
xllcorner     598000.000000
yllcorner     5145000.000000
cellsize      1000.000000
NODATA_value  -9999.0
[rows 0 to 25 of 48, columns 0 to 58 of 63]
-9999.0 -9999.0 -9999.0 -9999.0 -9999.0 -9999.0 -9999.0 -9999.0 -9999.0 -9999.0 -9999.0 -9999.0 -9999.0 -9999.0 -9999.0 -9999.0 -9999.0 -9999.0 -9999.0 -9999.0 -9999.0 -9999.0 -9999.0 -9999.0 -9999.0 -9999.0 -9999.0 -9999.0 -9999.0 -9999.0 -9999.0 -9999.0 -9999.0 -9999.0 -9999.0 -9999.0 -9999.0 -9999.0 -9999.0 -9999.0 -9999.0 -9999.0 -9999.0 -9999.0 -9999.0 -9999.0 -9999.0 -9999.0 -9999.0 -9999.0 -9999.0 -9999.0 -9999.0 -9999.0 -9999.0 -9999.0 -9999.0 -9999.0 -9999.0
-9999.0 -9999.0 -9999.0 -9999.0 -9999.0 -9999.0 -9999.0 -9999.0 -9999.0 -9999.0 -9999.0 -9999.0 -9999.0 -9999.0 -9999.0 -9999.0 -9999.0 -9999.0 -9999.0 -9999.0 -9999.0 -9999.0 -9999.0 -9999.0 -9999.0 -9999.0 -9999.0 -761.638120 -910.472805 -836.386000 -766.334846 -763.678887 -730.810183 -9999.0 -9999.0 -9999.0 -9999.0 -9999.0 -9999.0 -9999.0 -9999.0 -9999.0 -9999.0 -9999.0 -9999.0 -9999.0 -9999.0 -9999.0 -9999.0 -9999.0 -9999.0 -9999.0 -9999.0 -9999.0 -9999.0 -9999.0 -9999.0 -9999.0 -9999.0
-9999.0 -9999.0 -9999.0 -9999.0 -9999.0 -9999.0 -9999.0 -9999.0 -9999.0 -9999.0 -9999.0 -9999.0 -9999.0 -9999.0 -9999.0 -9999.0 -9999.0 -9999.0 -9999.0 -9999.0 -9999.0 -9999.0 -9999.0 -9999.0 -911.975035 -789.401568 -807.227483 -497.240509 -711.404066 -634.588956 -590.004692 -9999.0 -9999.0 -9999.0 -9999.0 -9999.0 -9999.0 -9999.0 -9999.0 -9999.0 -9999.0 -9999.0 -9999.0 -9999.0 -9999.0 -9999.0 -9999.0 -9999.0 -9999.0 -9999.0 -9999.0 -9999.0 -9999.0 -9999.0 -9999.0 -9999.0 -9999.0 -9999.0 -9999.0
-9999.0 -9999.0 -9999.0 -9999.0 -9999.0 -9999.0 -9999.0 -9999.0 -9999.0 -9999.0 -9999.0 -9999.0 -9999.0 -9999.0 -9999.0 -9999.0 -9999.0 -9999.0 -9999.0 -9999.0 -9999.0 -9999.0 -9999.0 -684.029016 -324.781851 1595.105827 1559.258153 1644.610962 1064.924323 -465.017511 -918.836526 -1219.334463 -9999.0 -9999.0 -9999.0 -9999.0 -9999.0 -9999.0 -9999.0 -9999.0 -9999.0 -9999.0 -9999.0 -9999.0 -9999.0 -9999.0 -9999.0 -9999.0 -9999.0 -9999.0 -9999.0 -9999.0 -9999.0 -9999.0 -9999.0 -9999.0 -9999.0 -9999.0 -9999.0
-9999.0 -9999.0 -9999.0 -9999.0 -9999.0 -9999.0 -9999.0 -9999.0 -9999.0 -9999.0 -9999.0 -9999.0 -9999.0 -9999.0 -9999.0 -9999.0 -9999.0 -9999.0 1648.684626 -117.464317 -9999.0 -540.659978 -602.576176 254.452956 1915.810260 2139.712633 -158.455189 -180.487920 1585.133138 -35.253074 -406.866288 -991.925715 -894.946764 -925.035952 -9999.0 -9999.0 -9999.0 -9999.0 -9999.0 -9999.0 -9999.0 -9999.0 -9999.0 -9999.0 -9999.0 -9999.0 -9999.0 -9999.0 -9999.0 -9999.0 -9999.0 -9999.0 -9999.0 -9999.0 -9999.0 -9999.0 -9999.0 -9999.0 -9999.0
-9999.0 -9999.0 -9999.0 -9999.0 -9999.0 -9999.0 -9999.0 -9999.0 -9999.0 -9999.0 -9999.0 -9999.0 -9999.0 -9999.0 -9999.0 -9999.0 -9999.0 -139.368627 -74.299157 -214.952992 -868.387073 -221.833894 -169.536598 950.635636 1272.351740 -241.101493 -377.990251 -467.383816 -551.746404 -199.623756 -240.328201 -403.467879 -881.373279 -903.998086 -961.554872 -978.511973 -9999.0 -9999.0 -9999.0 -9999.0 -9999.0 -9999.0 -9999.0 -9999.0 -9999.0 -9999.0 -9999.0 -9999.0 -9999.0 -9999.0 -9999.0 -9999.0 -9999.0 -9999.0 -9999.0 -9999.0 -9999.0 -9999.0 -9999.0
-9999.0 -9999.0 -9999.0 -9999.0 -9999.0 -9999.0 -9999.0 -9999.0 -9999.0 -9999.0 -9999.0 -9999.0 -9999.0 -837.702518 1327.169036 -150.293316 -198.750018 -80.178674 -164.383405 1729.852539 1504.166761 1540.938114 1172.596194 1501.667507 -31.628598 -471.387457 -1024.626017 -624.532557 -656.075377 -758.232563 -367.957901 -488.732175 -599.801869 -748.792009 -981.557169 -979.810880 -9999.0 -9999.0 -9999.0 -9999.0 -9999.0 -9999.0 -9999.0 -9999.0 -9999.0 -9999.0 -9999.0 -9999.0 -9999.0 -9999.0 -9999.0 -9999.0 -9999.0 -9999.0 -9999.0 -9999.0 -9999.0 -9999.0 -9999.0
-9999.0 -9999.0 -9999.0 -9999.0 -9999.0 -9999.0 -9999.0 -9999.0 -9999.0 -9999.0 -9999.0 -9999.0 -9999.0 969.487622 1965.237962 -181.481476 -183.263556 1125.385406 -79.957317 1251.105637 1283.542951 -43.346800 1781.293493 -216.891182 -197.970211 -648.547385 -1220.318570 -981.347863 -978.908300 -601.180950 -475.813744 -651.380484 -981.308714 -981.447382 -981.785941 -9999.0 -9999.0 -9999.0 -9999.0 -9999.0 -9999.0 -9999.0 -9999.0 -9999.0 -9999.0 -9999.0 -9999.0 -9999.0 -9999.0 -9999.0 -9999.0 -9999.0 -9999.0 -9999.0 -9999.0 -9999.0 -9999.0 -9999.0 -9999.0
-9999.0 -9999.0 -9999.0 -9999.0 -9999.0 -9999.0 -9999.0 -9999.0 -9999.0 -9999.0 -9999.0 -9999.0 -9999.0 1508.173023 1706.953268 1361.949382 -195.709114 -183.275450 -78.507284 812.827677 996.699787 -1806.721811 -209.161649 -425.607484 -939.403638 -155.907183 -818.036347 -979.827753 -1011.823872 -980.012425 -641.287042 -980.301092 -979.465055 -977.382887 -978.944402 -9999.0 -9999.0 -9999.0 -9999.0 -9999.0 -9999.0 -9999.0 -9999.0 -9999.0 -9999.0 -9999.0 -9999.0 -9999.0 -9999.0 -9999.0 -9999.0 -9999.0 -9999.0 -9999.0 -9999.0 -9999.0 -9999.0 -9999.0 -9999.0
-9999.0 -9999.0 -9999.0 -9999.0 -9999.0 -9999.0 -9999.0 -9999.0 -9999.0 -9999.0 -9999.0 -9999.0 1483.997755 1771.232277 1787.768900 -422.373072 -190.767952 -182.994526 1106.132446 -141.310180 509.715485 -589.159056 -786.508390 -650.301778 -496.397775 -695.790707 -643.136316 -1321.649876 -569.959321 -980.712062 -658.964977 -906.969371 -1001.420801 -978.902216 -9999.0 -9999.0 -9999.0 -9999.0 -9999.0 -9999.0 -9999.0 -9999.0 -9999.0 -9999.0 -9999.0 -9999.0 -9999.0 -9999.0 -9999.0 -9999.0 -9999.0 -9999.0 -9999.0 -9999.0 -9999.0 -9999.0 -9999.0 -9999.0 -9999.0
-9999.0 -9999.0 -9999.0 -9999.0 -9999.0 -9999.0 -9999.0 -9999.0 -9999.0 -9999.0 -9999.0 -667.378412 -238.844752 1332.757341 -441.993816 -919.076903 -1219.942746 -204.747579 964.861835 -128.150858 2345.592522 1215.783379 -1335.228142 -672.572026 -643.799330 -374.509646 -702.576935 -1075.478200 -1024.224937 -979.509390 -926.116289 -453.939635 -974.901411 -981.926997 -1034.531764 -1159.143163 -558.408476 -133.741508 -283.094297 -9999.0 -9999.0 -9999.0 -982.391251 -9999.0 -9999.0 -9999.0 -9999.0 -9999.0 -9999.0 -9999.0 -9999.0 -9999.0 -9999.0 -9999.0 -9999.0 -9999.0 -9999.0 -9999.0 -9999.0
-9999.0 -9999.0 -9999.0 -9999.0 -9999.0 -9999.0 -9999.0 -9999.0 -9999.0 -9999.0 -9999.0 -1121.022810 -511.109547 1553.074386 994.676354 -542.570500 1174.322914 -129.407456 930.460194 914.947545 1500.379464 1967.916130 -1231.279271 -637.474996 -624.016260 -650.183653 -887.414594 -801.932818 -900.297867 -981.108016 -469.827717 -675.737984 -966.612308 -1415.917324 -1270.042469 -1043.566621 -239.231484 -428.671240 -360.843394 -1394.734858 -1415.555150 -1056.800027 -468.553744 -982.407078 -9999.0 -9999.0 -9999.0 -651.892629 -511.903704 -845.311528 -240.049527 -759.507305 -779.904284 -296.799866 -356.480088 -861.292904 -9999.0 -9999.0 -9999.0
-9999.0 -9999.0 -9999.0 -9999.0 -9999.0 -9999.0 -9999.0 -9999.0 -9999.0 -9999.0 -9999.0 -793.732888 -716.987678 -183.999382 -837.325834 -931.886562 611.205896 -89.074913 1201.085174 879.081356 1992.777918 245.440174 -256.736662 -279.982863 -636.413289 -866.810018 -337.696484 -598.443558 -981.795498 -395.714942 -983.207952 -464.697756 -417.382453 -1394.023635 -1029.991534 -113.487510 -420.389360 -1048.326807 -569.970140 -843.828969 -255.729398 -248.820105 -205.504683 -940.814992 -1312.739106 -9999.0 -976.750112 -830.837628 -281.396805 1635.911206 1417.787560 -190.618952 222.233702 59.237188 110.181648 126.596876 -9999.0 -9999.0 -9999.0
-9999.0 -9999.0 -9999.0 -9999.0 -9999.0 -9999.0 -9999.0 -9999.0 -9999.0 -9999.0 -9999.0 -9999.0 -687.397368 -647.737981 1139.575255 -165.946414 -214.633691 -191.085929 985.678761 876.042945 2124.880860 1415.523073 1501.223731 -207.760159 -483.129482 -329.833749 1704.415208 -705.013267 -669.192754 -917.472140 -732.615560 -244.543278 -1150.150164 -1321.878774 -803.216825 -1321.407089 -607.382857 -639.080211 -1419.089382 -550.837827 -196.059241 -1281.911207 -178.222345 -141.307051 -875.366064 -1042.848448 -890.116158 -899.729898 -255.307037 -236.888196 -238.735593 -230.862809 599.445613 -189.122499 -666.400251 -587.921764 -545.789659 -9999.0 -9999.0
-9999.0 -9999.0 -9999.0 -9999.0 -9999.0 -9999.0 -9999.0 -9999.0 -9999.0 -9999.0 -9999.0 -282.747311 -763.509324 -463.837325 973.219202 1015.001146 -143.878792 -183.200076 1726.076897 -128.915590 -207.775710 1999.694998 1040.085164 -303.453631 -250.052753 1342.868312 -516.313818 -642.535774 -555.751470 -831.932813 -269.246919 -285.227773 940.256525 -1449.473010 -851.540185 -1385.315360 -787.617197 -792.297576 -261.570184 -334.464793 -196.472966 -63.864999 -86.083645 -1413.160321 1440.329009 -1248.398535 -432.385583 -316.068152 -256.338078 473.983327 -782.958806 -615.226463 -774.681972 -803.659715 -979.294337 -961.119971 -685.854699 -9999.0 -9999.0
-9999.0 -9999.0 -9999.0 -9999.0 -9999.0 -9999.0 -9999.0 -9999.0 -9999.0 -9999.0 -772.718271 697.312863 -211.716381 -571.683954 1498.478933 902.062981 -252.177991 -91.695904 -193.762427 -189.775879 1317.944047 898.014786 1090.826328 1578.771118 1245.613340 -243.047265 -607.591801 -799.723166 1487.434235 2162.387531 -135.078216 -556.930363 -1048.211973 -779.224492 -981.364865 -973.064570 -237.982808 7484.785264 -824.103079 -212.665082 -177.133187 -92.266273 -110.587000 -146.288164 1024.039977 -815.827187 -474.282314 -258.231462 438.327104 -24.322169 -837.223724 -969.804956 -978.427264 -963.270139 -963.833444 -484.470505 -126.832645 -9999.0 -9999.0
-9999.0 -9999.0 -9999.0 -9999.0 -9999.0 -9999.0 -9999.0 -9999.0 -9999.0 -674.040998 -1177.767453 -466.731620 1143.651740 -220.548118 1045.628132 -390.623108 -597.823768 1412.120234 828.874568 -130.011020 1136.428030 1231.721984 1303.092480 1631.825904 -203.690948 -664.142813 -302.872011 2083.740601 1384.598085 1621.468726 819.982078 -644.242202 -982.793431 -980.708470 -981.190085 -984.608220 -630.983060 -593.588052 -729.993388 -531.414409 -211.577960 -592.353415 -611.922400 -105.661556 -49.882552 -37.728741 337.789551 -331.489562 -259.020143 1921.266531 -199.827086 -709.482088 -971.889987 -971.900652 -798.025987 -450.219087 169.070081 -55.293956 -427.778510
-9999.0 -9999.0 -9999.0 -9999.0 -9999.0 -9999.0 -9999.0 -9999.0 -9999.0 -1221.479566 -743.298654 -1031.673289 2014.505726 1168.262522 876.499242 -190.231786 -352.710373 480.597628 1236.786657 -74.665928 1126.198589 1295.819875 -56.651642 1488.637427 -570.595113 -221.759442 707.429007 1050.473805 1700.427789 -192.129421 -440.318224 -540.032491 -642.471044 -1292.361646 -841.463194 -930.822468 -965.429580 -1026.095768 -778.071959 -626.838643 -636.887344 -731.627610 -179.100734 502.966914 22313.186029 1353.034136 1695.753733 1208.827510 1926.158605 1291.419941 -607.480562 -282.360276 -968.395359 -737.264358 -958.100471 -593.132951 144.934653 178.752784 -64.775299
-9999.0 -9999.0 -9999.0 -9999.0 -9999.0 -9999.0 -9999.0 -9999.0 -9999.0 -9999.0 -1106.805439 -957.299006 -239.997127 -90.453781 1186.531653 1068.827583 1138.997915 1516.916217 -223.461737 -211.905991 -184.969140 1306.561726 1282.491989 1340.453938 -230.431749 983.333961 1827.475168 1232.670043 -233.958011 -725.098940 -681.239435 -473.163703 -735.128151 -648.116843 -855.327925 976.046609 -168.474018 -200.929423 -883.118248 -718.173484 -732.363988 -779.547508 -538.573905 -509.077834 -625.269216 -197.679148 1014.787238 1617.553013 6828.879051 1150.643862 -156.415822 -393.321796 -658.056764 -963.341032 -710.854087 -671.390612 -298.214790 2131.581726 596.524041
-9999.0 -9999.0 -9999.0 -9999.0 -9999.0 -9999.0 -9999.0 -9999.0 -9999.0 -9999.0 -1081.785891 -1078.850439 -1203.950015 1113.782082 1673.460465 1438.166543 -220.265706 874.689694 -176.931530 5300.943771 -126.094789 1417.624763 1193.352233 958.732244 961.346393 1502.817624 1227.230850 -223.410246 -537.783863 -780.336629 -704.241667 -1346.118479 -849.322606 -654.462169 -665.164936 -657.541465 -236.502296 -266.738769 -341.162334 -719.114543 -1255.442177 -826.432430 -589.241035 -716.177612 -710.632120 -320.288123 -548.539931 -365.316279 -73.327169 1228.863660 994.609101 -276.493523 839.264181 -631.626602 -849.940721 -664.623906 -656.029664 279.322212 816.971320
-9999.0 -9999.0 -9999.0 -9999.0 -9999.0 -9999.0 -9999.0 -9999.0 -134.671201 1149.595103 -877.697922 -1199.136865 -597.937115 -627.782913 1091.966522 1000.787388 1253.672415 1227.964885 -138.531443 -163.574256 -163.769634 -197.350101 1297.934435 1350.521965 1265.978402 5762.253084 1034.596214 -441.753268 -556.277135 -748.709937 -980.755255 -738.057057 -772.621933 -642.800336 -1278.321196 -652.882840 -624.495203 -282.466457 -574.926545 -835.295523 -980.836871 -729.505516 -759.332574 -974.590416 -411.567140 850.144579 -605.502822 941.256452 1052.156498 1303.777350 1830.145835 1166.763726 904.225585 -468.292173 -395.992307 114.305040 -55.293818 1069.183739 1783.066799
-9999.0 -9999.0 -9999.0 -9999.0 -9999.0 -9999.0 -9999.0 -9999.0 -790.697210 -161.372954 -261.493862 -762.753086 -1121.100974 -78.222319 743.200481 -150.669572 1689.142982 -138.015328 16085.355329 -136.198438 -110.104505 -164.152303 -147.414422 1367.930231 13869.030886 26569.352697 2514.043060 -237.473120 -731.839062 -1189.960246 -1223.092230 -812.754859 -1245.957806 -858.777453 -594.877661 -378.476367 -271.175615 -143.916543 -215.213069 -403.516051 -687.472467 -1737.487401 -970.324080 -207.163265 -185.622081 -563.147799 -785.343488 -679.364066 -621.174075 1568.085029 1144.600657 628.623752 531.441319 -226.923122 995.375930 -114.292103 575.435772 1163.314075 2353.946818
-9999.0 -9999.0 -9999.0 -9999.0 -9999.0 -9999.0 -9999.0 -9999.0 -631.411683 -482.472620 1401.190819 -299.522283 -202.885683 -771.899721 1335.437482 1104.783001 2142.577477 1820.792804 -158.195772 1194.069312 -183.250497 -182.262251 -174.053698 6225.041198 5007.225054 1033.737866 -78.418654 -282.150873 -832.190319 -726.551367 -799.773542 -271.790671 -153.253147 -196.006922 -251.693839 1546.608892 -435.264740 758.398388 -485.438528 -347.798550 -1005.884969 -720.903104 -300.067918 -551.854845 -598.348923 -655.020095 -642.796644 1394.180925 -705.700659 1102.332813 17509.628845 1696.196359 -101.225718 -135.758683 1850.826240 1633.118056 1225.140480 2432.168494 1789.761079
-9999.0 -9999.0 -9999.0 -9999.0 -9999.0 -9999.0 -9999.0 -9999.0 -980.884984 -215.970252 1529.270004 -1003.277196 1183.491960 1394.554886 1966.554698 1459.967838 -138.211286 16476.483839 -200.554618 -159.119645 -99.394187 6544.818789 4241.106215 -149.328777 -167.945183 1563.143560 1257.502066 -251.008095 1755.799256 1452.631878 -339.907473 -160.333023 1263.068246 739.792113 -371.987314 -187.053741 -172.089823 2107.852713 -506.277041 -306.308495 -345.268629 -195.992469 1387.092058 -224.687517 1474.784380 -465.740606 585.424313 -176.390927 1666.856295 789.388852 646.042916 15156.138777 1274.519313 2062.851056 1105.818852 1105.728219 1219.450940 1163.772971 10029.365160
-9999.0 -9999.0 -9999.0 -9999.0 -9999.0 -9999.0 -9999.0 -9999.0 -743.475569 -213.102496 1484.087655 1713.942676 2075.142919 1015.549798 2131.249370 942.780940 917.245820 1211.466130 2109.403039 1583.252777 -157.502206 6694.760840 7409.887393 -46.968138 1592.176074 1559.082450 -209.604731 1137.692960 1406.301188 1452.732598 -70.669192 1571.419955 1292.453567 872.231524 -131.600697 -206.047490 -27.796103 1784.578228 -131.103529 -342.170102 -107.308107 -147.016169 765.640308 -189.153598 -144.280594 1214.596302 -167.306662 1605.441510 934.191137 1916.262609 1251.074228 2965.003019 12941.438205 7884.774904 4432.353786 4590.495355 3057.742418 2650.193466 2095.984598
-9999.0 -9999.0 -483.661777 -309.946668 -321.121134 -153.813472 -184.519527 -248.734767 -256.930654 -870.732050 -569.684838 875.044842 997.732417 1510.451221 1649.078393 1361.025465 207.124496 -467.933436 -795.123313 2383.042375 1602.480770 -162.865757 7436.977321 5942.681533 -147.693670 2050.569106 1668.334851 1276.288054 1040.429476 1776.897495 1059.888430 1584.712845 1639.477007 1081.421578 1878.943123 1049.130594 1633.853694 1817.776945 1169.386780 1402.062578 1249.611101 1148.360182 744.203920 1164.709111 997.973770 1566.710419 1807.013497 1091.609093 1463.987311 1249.166655 1362.005776 1240.652092 3504.360243 5586.660120 5346.036018 1284.380712 3515.622158 2837.942375 1443.342336
