user2019/resources/simulation/Vinschgau/output-maps/psiL0001N0421.asc
ncols         63
nrows         48
xllcorner     598000.000000
yllcorner     5145000.000000
cellsize      1000.000000
NODATA_value  -9999.0
[rows 0 to 26 of 48, columns 0 to 60 of 63]
-9999.0 -9999.0 -9999.0 -9999.0 -9999.0 -9999.0 -9999.0 -9999.0 -9999.0 -9999.0 -9999.0 -9999.0 -9999.0 -9999.0 -9999.0 -9999.0 -9999.0 -9999.0 -9999.0 -9999.0 -9999.0 -9999.0 -9999.0 -9999.0 -9999.0 -9999.0 -9999.0 -9999.0 -9999.0 -9999.0 -9999.0 -9999.0 -9999.0 -9999.0 -9999.0 -9999.0 -9999.0 -9999.0 -9999.0 -9999.0 -9999.0 -9999.0 -9999.0 -9999.0 -9999.0 -9999.0 -9999.0 -9999.0 -9999.0 -9999.0 -9999.0 -9999.0 -9999.0 -9999.0 -9999.0 -9999.0 -9999.0 -9999.0 -9999.0 -9999.0 -9999.0
-9999.0 -9999.0 -9999.0 -9999.0 -9999.0 -9999.0 -9999.0 -9999.0 -9999.0 -9999.0 -9999.0 -9999.0 -9999.0 -9999.0 -9999.0 -9999.0 -9999.0 -9999.0 -9999.0 -9999.0 -9999.0 -9999.0 -9999.0 -9999.0 -9999.0 -9999.0 -9999.0 -38.584450 -209.514739 -102.822385 45.653838 216.359880 450.258298 -9999.0 -9999.0 -9999.0 -9999.0 -9999.0 -9999.0 -9999.0 -9999.0 -9999.0 -9999.0 -9999.0 -9999.0 -9999.0 -9999.0 -9999.0 -9999.0 -9999.0 -9999.0 -9999.0 -9999.0 -9999.0 -9999.0 -9999.0 -9999.0 -9999.0 -9999.0 -9999.0 -9999.0
-9999.0 -9999.0 -9999.0 -9999.0 -9999.0 -9999.0 -9999.0 -9999.0 -9999.0 -9999.0 -9999.0 -9999.0 -9999.0 -9999.0 -9999.0 -9999.0 -9999.0 -9999.0 -9999.0 -9999.0 -9999.0 -9999.0 -9999.0 -9999.0 -312.917660 -384.660838 -328.512131 -245.757688 40.114316 63.857791 -180.433796 -9999.0 -9999.0 -9999.0 -9999.0 -9999.0 -9999.0 -9999.0 -9999.0 -9999.0 -9999.0 -9999.0 -9999.0 -9999.0 -9999.0 -9999.0 -9999.0 -9999.0 -9999.0 -9999.0 -9999.0 -9999.0 -9999.0 -9999.0 -9999.0 -9999.0 -9999.0 -9999.0 -9999.0 -9999.0 -9999.0
-9999.0 -9999.0 -9999.0 -9999.0 -9999.0 -9999.0 -9999.0 -9999.0 -9999.0 -9999.0 -9999.0 -9999.0 -9999.0 -9999.0 -9999.0 -9999.0 -9999.0 -9999.0 -9999.0 -9999.0 -9999.0 -9999.0 -9999.0 -348.584505 -233.086346 -669.855012 -668.613755 -813.851381 31.557616 -288.421105 6.164719 -191.743105 -9999.0 -9999.0 -9999.0 -9999.0 -9999.0 -9999.0 -9999.0 -9999.0 -9999.0 -9999.0 -9999.0 -9999.0 -9999.0 -9999.0 -9999.0 -9999.0 -9999.0 -9999.0 -9999.0 -9999.0 -9999.0 -9999.0 -9999.0 -9999.0 -9999.0 -9999.0 -9999.0 -9999.0 -9999.0
-9999.0 -9999.0 -9999.0 -9999.0 -9999.0 -9999.0 -9999.0 -9999.0 -9999.0 -9999.0 -9999.0 -9999.0 -9999.0 -9999.0 -9999.0 -9999.0 -9999.0 -9999.0 -248.720207 -271.433403 -9999.0 -266.407420 -201.208439 -592.055568 -464.292229 -574.465163 -303.725902 4.848350 4.519112 -581.010504 -100.047748 9.939265 -107.105026 -91.806531 -9999.0 -9999.0 -9999.0 -9999.0 -9999.0 -9999.0 -9999.0 -9999.0 -9999.0 -9999.0 -9999.0 -9999.0 -9999.0 -9999.0 -9999.0 -9999.0 -9999.0 -9999.0 -9999.0 -9999.0 -9999.0 -9999.0 -9999.0 -9999.0 -9999.0 -9999.0 -9999.0
-9999.0 -9999.0 -9999.0 -9999.0 -9999.0 -9999.0 -9999.0 -9999.0 -9999.0 -9999.0 -9999.0 -9999.0 -9999.0 -9999.0 -9999.0 -9999.0 -9999.0 -475.836570 -432.181998 -65.330651 -105.170417 -337.967714 -423.855201 -467.591598 -343.198958 -198.815573 -294.232032 34.532222 -179.350345 4.941589 35.446740 48.533834 -70.040866 -104.328678 -90.779742 -34.433081 -9999.0 -9999.0 -9999.0 -9999.0 -9999.0 -9999.0 -9999.0 -9999.0 -9999.0 -9999.0 -9999.0 -9999.0 -9999.0 -9999.0 -9999.0 -9999.0 -9999.0 -9999.0 -9999.0 -9999.0 -9999.0 -9999.0 -9999.0 -9999.0 -9999.0
-9999.0 -9999.0 -9999.0 -9999.0 -9999.0 -9999.0 -9999.0 -9999.0 -9999.0 -9999.0 -9999.0 -9999.0 -9999.0 5.533042 -268.565532 -345.624263 -394.732592 -61.721802 -461.069090 -495.830750 -420.374487 -419.451030 -549.406478 -300.577343 -291.476973 -255.674731 -106.474624 52.025064 21.923413 24.331365 2984.857251 151.393427 117.298511 890.325656 -30.328659 -32.237970 -9999.0 -9999.0 -9999.0 -9999.0 -9999.0 -9999.0 -9999.0 -9999.0 -9999.0 -9999.0 -9999.0 -9999.0 -9999.0 -9999.0 -9999.0 -9999.0 -9999.0 -9999.0 -9999.0 -9999.0 -9999.0 -9999.0 -9999.0 -9999.0 -9999.0
-9999.0 -9999.0 -9999.0 -9999.0 -9999.0 -9999.0 -9999.0 -9999.0 -9999.0 -9999.0 -9999.0 -9999.0 -9999.0 -7.625931 -321.290359 -364.853453 -377.904920 -219.142496 -63.332711 -500.637884 -512.946641 -245.985034 -224.283272 -150.777484 -206.873910 -191.636070 -305.181590 -82.557255 -89.532197 36.449672 90.368997 -33.045539 -32.576812 -28.941492 -32.964642 -9999.0 -9999.0 -9999.0 -9999.0 -9999.0 -9999.0 -9999.0 -9999.0 -9999.0 -9999.0 -9999.0 -9999.0 -9999.0 -9999.0 -9999.0 -9999.0 -9999.0 -9999.0 -9999.0 -9999.0 -9999.0 -9999.0 -9999.0 -9999.0 -9999.0 -9999.0
-9999.0 -9999.0 -9999.0 -9999.0 -9999.0 -9999.0 -9999.0 -9999.0 -9999.0 -9999.0 -9999.0 -9999.0 -9999.0 -416.220005 511.140565 -354.075538 -276.139295 -379.635195 -61.731427 -431.991269 7.755746 -124.584515 11.437094 -299.431875 -327.768761 29.849934 -96.488394 -77.792811 18.284101 -32.500056 514.776985 -34.327953 -25.081962 -41.139793 -39.290596 -9999.0 -9999.0 -9999.0 -9999.0 -9999.0 -9999.0 -9999.0 -9999.0 -9999.0 -9999.0 -9999.0 -9999.0 -9999.0 -9999.0 -9999.0 -9999.0 -9999.0 -9999.0 -9999.0 -9999.0 -9999.0 -9999.0 -9999.0 -9999.0 -9999.0 -9999.0
-9999.0 -9999.0 -9999.0 -9999.0 -9999.0 -9999.0 -9999.0 -9999.0 -9999.0 -9999.0 -9999.0 -9999.0 -486.667382 3158.596398 -198.277394 -205.209084 -176.323200 -261.127140 -235.964768 -67.687158 -267.417966 -337.653700 23.068222 -321.139857 1635.371291 10.615153 524.731785 18.352899 114.409840 -46.404778 1704.727883 -99.424712 65.024366 -20.091420 -9999.0 -9999.0 -9999.0 -9999.0 -9999.0 -9999.0 -9999.0 -9999.0 -9999.0 -9999.0 -9999.0 -9999.0 -9999.0 -9999.0 -9999.0 -9999.0 -9999.0 -9999.0 -9999.0 -9999.0 -9999.0 -9999.0 -9999.0 -9999.0 -9999.0 -9999.0 -9999.0
-9999.0 -9999.0 -9999.0 -9999.0 -9999.0 -9999.0 -9999.0 -9999.0 -9999.0 -9999.0 -9999.0 -118.625398 12.654685 219.689126 -347.093974 22.080333 -126.926852 -198.652117 5.406637 -75.017974 -149.793795 -66.426579 25.088990 11.844635 47.704263 47.155645 3017.220535 34.096638 1182.508758 -25.022101 -93.985107 51.587120 -92.505535 -92.652372 -102.546682 -102.112537 -1116.876521 -1276.340759 -1391.589087 -9999.0 -9999.0 -9999.0 -67.521179 -9999.0 -9999.0 -9999.0 -9999.0 -9999.0 -9999.0 -9999.0 -9999.0 -9999.0 -9999.0 -9999.0 -9999.0 -9999.0 -9999.0 -9999.0 -9999.0 -9999.0 -9999.0
-9999.0 -9999.0 -9999.0 -9999.0 -9999.0 -9999.0 -9999.0 -9999.0 -9999.0 -9999.0 -9999.0 -139.548810 12.943757 60.421797 10.098775 61680.729804 8.433015 -303.374149 -193.804030 -264.702961 -98.171662 5.418056 13.625564 -283.082190 143.781579 6.654091 26.325543 40.156943 -76.542316 -82.445324 43.998753 102.639228 0.000000 14.939994 -521.256725 -248.603333 -482.713459 -1915.920641 -2437.091043 -73.892973 -67.814909 -49.275334 7.672404 -41.207587 -9999.0 -9999.0 -9999.0 627.045358 32.839773 -93.911487 35.521908 -90.895334 -79.703004 206.800564 612.243777 -20.529579 -9999.0 -9999.0 -9999.0 -9999.0 -9999.0
-9999.0 -9999.0 -9999.0 -9999.0 -9999.0 -9999.0 -9999.0 -9999.0 -9999.0 -9999.0 -9999.0 32.919893 475.038588 74.550287 -75.749304 34.410704 -32.363299 6.432006 -111.396919 -239.289338 -208.642365 -148.215681 -158.894941 25.934441 18.341669 -101.524957 -109.476436 1397.284137 -97.880238 24.324847 -97.321066 120.011949 6.316429 -123.540773 -42.783491 -282.086456 -668.218554 -2844.315947 -3682.185558 -303.159387 -1691.792805 -914.988422 6.583662 -165.649956 -189.007680 -9999.0 -22.020144 52.273200 49.629644 48.695725 38.435100 -101.361610 51.309565 48.515427 98.337982 62.940759 -9999.0 -9999.0 -9999.0 -9999.0 -9999.0
-9999.0 -9999.0 -9999.0 -9999.0 -9999.0 -9999.0 -9999.0 -9999.0 -9999.0 -9999.0 -9999.0 -9999.0 54.585097 111.785670 -118.517700 -113.942549 -260.463617 -121.664093 5.463367 -236.090516 -216.674549 -151.711656 -72.668814 7.344672 -178.433890 -147.720618 937.618174 22.414818 10.840102 -100.788470 21.660133 68.358852 4.415705 7.211597 8.663753 5.023235 -1168.490385 -4062.568379 -7217.455737 -3295.310944 -1478.241935 -72.924570 8.209784 -192.322054 -43.509775 13.459409 -90.607977 31.645100 42.066862 45.953561 13.676499 294.315586 1258.945606 268.484062 376.876328 688.853006 24.540853 -9999.0 -9999.0 -9999.0 -9999.0
-9999.0 -9999.0 -9999.0 -9999.0 -9999.0 -9999.0 -9999.0 -9999.0 -9999.0 -9999.0 -9999.0 11.259676 3029.744569 43.506868 49.045649 27.134225 14.287524 -87.464539 -128.446338 -333.434547 -229.964602 -160.768754 -104.632285 -274.232795 -191.202402 11.869045 -80.786947 13.131664 -177.622420 -107.964901 8.685394 92.612985 25.885000 20.575752 10.652282 20.295937 -937.343383 -2679.155688 -2680.628547 -2308.470398 -1186.910395 -908.085505 8.971166 -40.626405 -219.576732 5.111423 33.899730 -112.852016 -115.655945 5.383957 38.712646 2355.863397 378.245353 -44.379588 -42.355025 -29.043312 -71.633592 -9999.0 -9999.0 -9999.0 -9999.0
-9999.0 -9999.0 -9999.0 -9999.0 -9999.0 -9999.0 -9999.0 -9999.0 -9999.0 -9999.0 907.894127 -6.399924 34.068229 -196.225467 9.399278 906.780508 906.925908 -322.519529 -360.665937 -366.237356 -225.486904 -281.197722 -299.249725 -167.368153 -194.220282 1010.395479 -121.846237 -3.840533 7.056447 4.489219 96.017877 405.415245 42.929245 44.342608 -29.921721 -103.930684 -346.010087 -516.303361 -346.682489 -281.371218 4.488411 -61.252228 -46.531223 -334.339774 -253.536282 -43.794422 14.046252 16.762042 23.518541 4.539471 -64.708630 -33.706071 -44.717690 -34.221438 -33.182542 79.419179 81.962033 -9999.0 -9999.0 -9999.0 -9999.0
-9999.0 -9999.0 -9999.0 -9999.0 -9999.0 -9999.0 -9999.0 -9999.0 -9999.0 26.901936 26.691326 -11.719509 32.115887 -317.947074 -285.355500 5.673810 -231.061253 9.614435 -329.847004 -414.972938 -290.041333 -402.957909 -343.809417 -312.927411 -269.518438 -194.300229 -402.793220 -6.182755 -184.011086 -211.173774 7.191514 28.417581 -86.442711 -32.927560 -97.471280 -105.352441 14.962732 -368.435401 -458.959955 16.905872 30.178282 -349.773195 -451.755231 -405.267892 -382.087801 -391.245322 -182.551041 -480.734225 -431.328231 5.748218 57.393875 -76.864946 -33.476056 -20.480839 -71.037449 151.868582 220.012420 -101.481753 -95.218933 -9999.0 -9999.0
-9999.0 -9999.0 -9999.0 -9999.0 -9999.0 -9999.0 -9999.0 -9999.0 -9999.0 124.275087 39.766885 29.489934 2003.174720 -280.534809 -320.355424 -353.317170 11.435897 -193.382904 -364.544285 -422.350447 -409.649265 -426.286254 -228.991860 -125.128495 -156.872457 -371.586031 -231.919689 -228.352727 -195.290067 5.113146 22.253129 27.443209 38.975754 25.571249 15.846120 -52.887091 -54.540009 -54.364881 -327.135212 24.489164 9.068820 -423.458707 -447.607802 -212.987724 -363.108361 -390.030987 -400.775678 -530.095795 -472.873132 -154.503034 27.595433 36.277773 -22.005535 2199.092166 -21.174923 116.520641 210.866192 128.635684 -109.616864 -9999.0 -9999.0
-9999.0 -9999.0 -9999.0 -9999.0 -9999.0 -9999.0 -9999.0 -9999.0 -9999.0 -9999.0 17.987848 34.052414 28.400938 1155.954139 -467.289548 -359.421997 -243.286439 -286.707022 -384.166963 -434.007514 -354.493939 -299.193314 -175.757507 -19.947086 -326.206259 -254.771300 -342.405956 -150.315437 18.577485 5.274374 22.442322 1825.411777 17.385951 23.480784 36.671583 48.203201 -403.826815 -286.190718 -46.712247 29.092476 -45.901211 29.441918 1968.082036 15.101513 7.541315 -178.378958 5.256952 -205.650555 -365.158947 6.918266 33.575240 59.291827 -83.291450 -14.892971 652.107104 59.193941 108.890465 7020.593273 21.191423 -283.203878 -9999.0
-9999.0 -9999.0 -9999.0 -9999.0 -9999.0 -9999.0 -9999.0 -9999.0 -9999.0 -9999.0 25.511243 26.056648 -142.908867 29.588018 5.093231 -419.473623 -371.073682 -371.313292 -431.592226 -468.628911 -439.234842 -348.628812 -264.050330 -314.021808 -285.933507 -389.916973 -236.058275 17.675822 23.219277 4.148059 37.375065 60.546644 -49.860078 11.059452 21.855676 58.953233 1797.305706 14.170733 20.642466 9.693639 36.290779 -62.972861 66.263222 31.185289 -91.139705 8.551320 12.772292 10.944959 12.694763 4.738423 39.951247 48.416588 59.962918 -71.241290 -79.305603 -87.896168 1345.536376 41.095613 50.537618 28.821311 -9999.0
-9999.0 -9999.0 -9999.0 -9999.0 -9999.0 -9999.0 -9999.0 -9999.0 -6.032921 11.812614 14.748599 36.261990 199.803832 38.407283 28.211633 -170.288203 -475.480897 -455.662082 -484.713338 -476.125810 -478.859701 -427.421780 -350.678521 -375.375946 -376.728823 -317.992921 -146.121647 15.952106 34.277468 44.809685 -40.127615 43.342197 22.547918 16.495683 43.752168 2664.851428 35.101158 8.298378 -366.176220 -99.895025 -90.544142 70.215937 -48.064323 -34.996726 -108.405044 1072.505624 -113.087981 15.359281 11.708818 4.889640 33.791796 52.587454 56.211313 45.367862 -90.499005 32.888255 -100.630777 22.416809 -155.911336 13.211315 -9999.0
-9999.0 -9999.0 -9999.0 -9999.0 -9999.0 -9999.0 -9999.0 -9999.0 965.231955 22.799404 28.144244 17.950061 23.324825 809.188916 -330.156222 -262.545704 -307.394942 -379.758578 -516.917698 -503.724947 -435.024154 -414.906361 -276.847774 -363.208970 -490.229233 -302.996814 4.970241 12.400390 11.292819 14.218949 28.287975 -103.688413 27.995443 -97.446794 35.957773 32.007628 28.341175 17.303662 20.288753 28.692027 27.051030 772.442697 -82.369553 44.085601 1252.990573 23.617981 -59.103456 21.073262 14.168280 7.302451 4.384337 29.842669 42.378223 27.089794 21.113903 -59.817574 22.252909 8.827580 -319.501097 -246.685173 -501.552710
-9999.0 -9999.0 -9999.0 -9999.0 -9999.0 -9999.0 -9999.0 -9999.0 36.982887 1421.336051 18.100870 182.850307 124.247346 -0.748135 6.970143 -332.942876 -435.472098 -476.294943 -544.158706 -450.357579 -518.093018 -453.774681 -415.397757 -437.156688 -425.154585 -338.710985 -218.854010 -209.535515 -31.098907 8.882512 -103.651764 17.432637 17.436094 17.615586 25.995445 38.707494 24.008741 5.135364 23.066178 33.523784 36.517578 -90.855884 39.783272 1215.221795 -217.356166 -123.146664 -106.328216 -63.684302 -152.400034 6.547085 -249.176450 15.724990 21.571410 16.110228 12.752861 22.430713 13.230171 -116.305477 -295.149302 -280.200171 -386.671882
-9999.0 -9999.0 -9999.0 -9999.0 -9999.0 -9999.0 -9999.0 -9999.0 -73.905847 41.166393 21.354891 -4.207300 33.263153 20.700300 15.255765 -317.629467 -554.506605 -458.858645 -384.286091 -540.759343 -531.068718 -536.555410 -534.173861 -587.941792 -494.274688 -284.752203 -254.557378 -219.165375 -162.569515 3.475542 6.863085 14.370780 14.278090 16.805185 17.701318 -304.577529 -310.178414 -190.988993 17.090355 23.238398 12.421001 19.403525 22.191701 -61.502590 -212.722932 -108.972333 10.335229 -128.875179 -193.546750 -237.788875 -216.488485 -226.535036 8.747573 4.666823 8.178951 15.181587 13.788850 86.918600 -256.638775 -333.144497 -271.326845
-9999.0 -9999.0 -9999.0 -9999.0 -9999.0 -9999.0 -9999.0 -9999.0 -172.870678 18.448290 1989.796337 13.742997 26.048225 17.006771 -76.748603 -396.665652 -193.755385 -251.755469 -212.042351 -298.033223 -499.994028 -574.460216 -618.745484 -686.774301 -573.280044 -386.739779 -359.026454 -298.719177 -352.254032 -145.486088 -106.485271 4.412704 12.595711 10.381006 4.313037 -261.000410 -320.661544 -212.003129 16.026125 10.953367 -89.793300 13.115242 11.209352 -134.471376 -119.551218 -96.969673 -96.351729 6.636608 -297.727307 -395.685685 -497.352538 -449.819285 -266.612564 -359.403382 113.413955 109.655798 5.691863 -156.087899 -169.604532 -221.480856 -195.935014
-9999.0 -9999.0 9.120616 -181.435760 543.046037 -292.939491 39.447775 23.167442 18.630106 20.974120 18.398156 35.764509 27.748394 21.681582 -175.741051 -142.327812 7.935268 -230.560723 -241.763192 -191.872730 -361.501331 -362.164705 -203.694406 -678.816830 -588.359293 -523.226515 -422.364351 -408.382919 -331.190205 -274.128873 -363.327669 -191.670274 38.141653 -159.096770 -282.668442 -300.862719 -420.053642 -267.473889 12.992479 10.167982 -249.566114 -214.758761 10.869507 -324.764230 -250.715937 -281.061632 -273.128549 -199.461176 -352.867647 -397.782383 -476.421118 -395.550829 5.596540 5.906071 6.032783 5.600632 30.611511 10.616155 4.647614 -122.427359 7.295111
-9999.0 -332.253716 -128.048359 -142.544476 -308.529272 32.095772 40.284134 -220.260366 -221.876684 15.627555 16.343661 16.075078 26.038933 31.895629 5.025527 15.423316 14.248237 -235.422225 -267.296096 -297.805442 -468.638359 -264.470719 103.012178 -249.847212 -640.551130 -627.118777 -569.206971 -550.693155 -411.046997 -354.179209 -562.709411 -483.138474 19.404859 7.532916 -427.447509 -535.773734 -543.655293 -480.352941 -286.272916 -387.819046 -545.610831 -342.008383 -192.102874 -387.760518 -441.352908 -430.477193 -370.866715 -393.516923 -405.371274 -288.623952 -275.445988 5.566091 40.936723 45.130009 41.890982 18.809132 19.190310 14.403788 12.000811 11.940107 11.140611
