user2019/resources/simulation/Vinschgau/output-maps/psiL0002N1220.asc
ncols         63
nrows         48
xllcorner     598000.000000
yllcorner     5145000.000000
cellsize      1000.000000
NODATA_value  -9999.0
[rows 0 to 24 of 48, columns 0 to 56 of 63]
-9999.0 -9999.0 -9999.0 -9999.0 -9999.0 -9999.0 -9999.0 -9999.0 -9999.0 -9999.0 -9999.0 -9999.0 -9999.0 -9999.0 -9999.0 -9999.0 -9999.0 -9999.0 -9999.0 -9999.0 -9999.0 -9999.0 -9999.0 -9999.0 -9999.0 -9999.0 -9999.0 -9999.0 -9999.0 -9999.0 -9999.0 -9999.0 -9999.0 -9999.0 -9999.0 -9999.0 -9999.0 -9999.0 -9999.0 -9999.0 -9999.0 -9999.0 -9999.0 -9999.0 -9999.0 -9999.0 -9999.0 -9999.0 -9999.0 -9999.0 -9999.0 -9999.0 -9999.0 -9999.0 -9999.0 -9999.0 -9999.0
-9999.0 -9999.0 -9999.0 -9999.0 -9999.0 -9999.0 -9999.0 -9999.0 -9999.0 -9999.0 -9999.0 -9999.0 -9999.0 -9999.0 -9999.0 -9999.0 -9999.0 -9999.0 -9999.0 -9999.0 -9999.0 -9999.0 -9999.0 -9999.0 -9999.0 -9999.0 -9999.0 -157.543920 -337.733725 -39.391526 -129.569352 -122.475285 1273.987183 -9999.0 -9999.0 -9999.0 -9999.0 -9999.0 -9999.0 -9999.0 -9999.0 -9999.0 -9999.0 -9999.0 -9999.0 -9999.0 -9999.0 -9999.0 -9999.0 -9999.0 -9999.0 -9999.0 -9999.0 -9999.0 -9999.0 -9999.0 -9999.0
-9999.0 -9999.0 -9999.0 -9999.0 -9999.0 -9999.0 -9999.0 -9999.0 -9999.0 -9999.0 -9999.0 -9999.0 -9999.0 -9999.0 -9999.0 -9999.0 -9999.0 -9999.0 -9999.0 -9999.0 -9999.0 -9999.0 -9999.0 -9999.0 -380.575071 -402.751198 -407.652576 -393.842904 -341.472000 -287.951865 -181.514553 -9999.0 -9999.0 -9999.0 -9999.0 -9999.0 -9999.0 -9999.0 -9999.0 -9999.0 -9999.0 -9999.0 -9999.0 -9999.0 -9999.0 -9999.0 -9999.0 -9999.0 -9999.0 -9999.0 -9999.0 -9999.0 -9999.0 -9999.0 -9999.0 -9999.0 -9999.0
-9999.0 -9999.0 -9999.0 -9999.0 -9999.0 -9999.0 -9999.0 -9999.0 -9999.0 -9999.0 -9999.0 -9999.0 -9999.0 -9999.0 -9999.0 -9999.0 -9999.0 -9999.0 -9999.0 -9999.0 -9999.0 -9999.0 -9999.0 -429.486384 -474.703579 -3114.537263 -3122.299576 -3181.048121 -3187.583735 -450.707855 -189.439417 397.886421 -9999.0 -9999.0 -9999.0 -9999.0 -9999.0 -9999.0 -9999.0 -9999.0 -9999.0 -9999.0 -9999.0 -9999.0 -9999.0 -9999.0 -9999.0 -9999.0 -9999.0 -9999.0 -9999.0 -9999.0 -9999.0 -9999.0 -9999.0 -9999.0 -9999.0
-9999.0 -9999.0 -9999.0 -9999.0 -9999.0 -9999.0 -9999.0 -9999.0 -9999.0 -9999.0 -9999.0 -9999.0 -9999.0 -9999.0 -9999.0 -9999.0 -9999.0 -9999.0 -1312.165550 -538.278337 -9999.0 -471.447848 -511.750687 -3138.613671 -3028.117988 -3111.309761 -900.544455 -1608.867023 -803.304356 -1088.954682 -371.845518 -203.549877 -103.075264 -156.026342 -9999.0 -9999.0 -9999.0 -9999.0 -9999.0 -9999.0 -9999.0 -9999.0 -9999.0 -9999.0 -9999.0 -9999.0 -9999.0 -9999.0 -9999.0 -9999.0 -9999.0 -9999.0 -9999.0 -9999.0 -9999.0 -9999.0 -9999.0
-9999.0 -9999.0 -9999.0 -9999.0 -9999.0 -9999.0 -9999.0 -9999.0 -9999.0 -9999.0 -9999.0 -9999.0 -9999.0 -9999.0 -9999.0 -9999.0 -9999.0 -2989.303292 -2929.755416 -8154.962609 -6292.790963 -732.363407 -1249.003607 -2985.089546 -1906.731467 -646.697540 163767.271612 -667.724397 47888.083864 -704.273776 -480.574132 -394.352593 -128.290639 -142.865966 -116.106698 -129.241350 -9999.0 -9999.0 -9999.0 -9999.0 -9999.0 -9999.0 -9999.0 -9999.0 -9999.0 -9999.0 -9999.0 -9999.0 -9999.0 -9999.0 -9999.0 -9999.0 -9999.0 -9999.0 -9999.0 -9999.0 -9999.0
-9999.0 -9999.0 -9999.0 -9999.0 -9999.0 -9999.0 -9999.0 -9999.0 -9999.0 -9999.0 -9999.0 -9999.0 -9999.0 -1564.993207 -2773.873235 -2860.417010 -2970.634945 -8334.687789 -2969.728480 -3080.058151 -3021.013569 -2936.756889 -3068.608634 -2459.376342 -968.412763 -506.073830 -48.742577 1414.563563 1146.268761 -447.062690 353353.741218 -337.712346 -288.555751 13.250588 -29.044681 -138.940227 -9999.0 -9999.0 -9999.0 -9999.0 -9999.0 -9999.0 -9999.0 -9999.0 -9999.0 -9999.0 -9999.0 -9999.0 -9999.0 -9999.0 -9999.0 -9999.0 -9999.0 -9999.0 -9999.0 -9999.0 -9999.0
-9999.0 -9999.0 -9999.0 -9999.0 -9999.0 -9999.0 -9999.0 -9999.0 -9999.0 -9999.0 -9999.0 -9999.0 -9999.0 -1117.889448 -3088.211916 -2937.696603 -2926.784247 -2895.204457 -8335.789913 -3098.815309 -2950.988520 -3348.961837 -2777.115483 -1626.136889 -1403.265717 -764.002667 -368.130871 -143.334902 -82.158042 41259.663667 178818.945105 -225.712905 -39.445211 -31.223204 -35.619437 -9999.0 -9999.0 -9999.0 -9999.0 -9999.0 -9999.0 -9999.0 -9999.0 -9999.0 -9999.0 -9999.0 -9999.0 -9999.0 -9999.0 -9999.0 -9999.0 -9999.0 -9999.0 -9999.0 -9999.0 -9999.0 -9999.0
-9999.0 -9999.0 -9999.0 -9999.0 -9999.0 -9999.0 -9999.0 -9999.0 -9999.0 -9999.0 -9999.0 -9999.0 -9999.0 -3139.993931 439.202434 -3189.102187 -2930.013958 -2932.546112 -8480.935985 -2967.436000 -3070.385950 -7592.535736 -740.167647 -36.118502 -2747.844830 -1476.635045 -294.185063 -102.179027 319.335272 -32.154344 13.267200 -16.061185 -33.259520 -24.849503 -130.100056 -9999.0 -9999.0 -9999.0 -9999.0 -9999.0 -9999.0 -9999.0 -9999.0 -9999.0 -9999.0 -9999.0 -9999.0 -9999.0 -9999.0 -9999.0 -9999.0 -9999.0 -9999.0 -9999.0 -9999.0 -9999.0 -9999.0
-9999.0 -9999.0 -9999.0 -9999.0 -9999.0 -9999.0 -9999.0 -9999.0 -9999.0 -9999.0 -9999.0 -9999.0 -3089.423860 6326.981174 -3152.147945 -3020.456364 -2695.159247 -2883.059878 -3423.659171 -8469.287942 -3022.032988 -911.881184 -570.188196 -758.917181 627706.608447 -361.115992 1379423.981209 -183.773156 13.790896 -27.749242 257.936088 -67.850719 522.292755 -160.897230 -9999.0 -9999.0 -9999.0 -9999.0 -9999.0 -9999.0 -9999.0 -9999.0 -9999.0 -9999.0 -9999.0 -9999.0 -9999.0 -9999.0 -9999.0 -9999.0 -9999.0 -9999.0 -9999.0 -9999.0 -9999.0 -9999.0 -9999.0
-9999.0 -9999.0 -9999.0 -9999.0 -9999.0 -9999.0 -9999.0 -9999.0 -9999.0 -9999.0 -9999.0 -821.963764 -3150.663815 115.185524 -3176.339937 -1795.333303 -8976.959867 -2940.592015 -2414.280612 -9324.574256 -2891.846014 -2250.440621 -615.795242 -423.708294 -406.527560 -328.979658 172.390934 -256.180526 3755.381779 -126.759020 -112.280621 -274.790298 -29.074570 -138.003778 -55.640769 -33.501245 -206.724848 -528.559884 -423.890146 -9999.0 -9999.0 -9999.0 -138.153793 -9999.0 -9999.0 -9999.0 -9999.0 -9999.0 -9999.0 -9999.0 -9999.0 -9999.0 -9999.0 -9999.0 -9999.0 -9999.0 -9999.0
-9999.0 -9999.0 -9999.0 -9999.0 -9999.0 -9999.0 -9999.0 -9999.0 -9999.0 -9999.0 -9999.0 -745.708298 -3149.590726 -3283.852997 -3270.176293 -2694.169216 -3359.141858 -2986.591398 -2891.798390 -3213.077706 -2586.057636 -1265.572754 -375.844999 2316250.028451 2160105.171521 -312.893057 -266.058763 -311.249683 -113.233714 -135.607859 -248.316066 -206.922836 431.505881 378.826289 -100.851588 -256.024418 -380.138920 -925.319019 -690.259576 -134.852294 -131.235306 -141.742629 -195.991903 -112.045408 -9999.0 -9999.0 -9999.0 -106.726568 320.293655 -25.046727 567.647705 -36.084492 -26.402657 396.421618 489.104770 -52.544894 -9999.0
-9999.0 -9999.0 -9999.0 -9999.0 -9999.0 -9999.0 -9999.0 -9999.0 -9999.0 -9999.0 -9999.0 -676.317307 -867.258023 -554.696050 -1389.436954 -3040.319711 -2634.762945 -2865.383180 -3492.788528 -3242.862065 -2132.371667 -413.753340 226321.578344 -331.652777 -328.390949 -166.872734 1834083.049201 2325785.312025 -87.705048 181.594569 -96.094822 2274039.482834 -267.565352 483.919520 -29.212633 -318.871512 2034180.216197 1717390.984639 -1731.480918 -138.495524 -457.961256 -261.471727 -271.598025 -230.351037 529.420125 -9999.0 -150.734761 480.446614 13.624992 -250.800115 -320.548499 -108.570533 -317.452995 -154.714745 236.949151 481.229058 -9999.0
-9999.0 -9999.0 -9999.0 -9999.0 -9999.0 -9999.0 -9999.0 -9999.0 -9999.0 -9999.0 -9999.0 -9999.0 -685.820091 16.517585 -1251.424806 -1315.701774 -2132.240077 -2807.151374 -2706.163479 -3196.139124 -2717.388240 -743.500431 18827.982922 1078617.428337 2623857.680044 1601081.451445 2295.291633 -436.269267 -190.317244 -85.804204 -257.117454 2069608.960674 -399.987274 232.602606 335.457042 -252.092298 1510614.380483 2068917.187941 -777.461927 -1231.082290 -1280.545184 -245.827391 1151678.993633 -365.217024 -30.759121 473.398320 -103.733219 429.612963 2463806.590295 1322627.649056 13151.278283 1814678.771756 1816139.947959 1854154.740319 1904095.527560 17.350430 454.266550
-9999.0 -9999.0 -9999.0 -9999.0 -9999.0 -9999.0 -9999.0 -9999.0 -9999.0 -9999.0 -9999.0 371768.469387 -519.867154 -2998.897467 21.517778 -672.255999 -1551.863636 -2719.025903 -3259.699173 -2823.932877 -2785.752593 -1020.450304 23.315976 830662.904457 1178075.692849 2476945.716816 1589594.660180 -198.478385 -166.114883 -138.613185 1805028.127801 2446302.408664 -355.288879 13.295462 13.682491 -181.464783 -378.323037 34019.565767 -686.110077 -2721.753271 23601.852181 -854.293608 20876.928557 -42.116825 -496.950218 -184.821902 -207.053190 -49.308021 -97.196897 1123.319833 903656.185941 -218.615239 171698.358024 -25.730861 -25.903997 -24.888450 -26.917551
-9999.0 -9999.0 -9999.0 -9999.0 -9999.0 -9999.0 -9999.0 -9999.0 -9999.0 -9999.0 2160.630865 38329.184612 -512.317800 -562.455594 -793.646070 2012.036449 2012.362085 -1089.378627 -2836.891665 -2785.491710 -2597.421303 -745.396727 3444361.082881 -530.791371 2162.904644 1952946.924554 2397671.761875 909068.615343 -506.878270 -492.719906 788462.182371 870208.202829 -380.915939 124.806420 -145.842206 -122.669189 -421.701366 765166.318135 2191681.855472 -342.577013 -441.009154 -31.454676 -28.454598 -696.052597 1562.036341 -143.860747 -352.574456 479208.359334 1099124.684246 -454.537420 160922.209603 -51.313592 -14.596855 -19.933860 -20.400751 -123.204230 13.188355
-9999.0 -9999.0 -9999.0 -9999.0 -9999.0 -9999.0 -9999.0 -9999.0 -9999.0 -337.867602 -424.087999 2075.848951 291.209546 70927.903564 76643.916027 28303.783990 3220.835602 -976.275940 -2864.164288 -2854.768488 -2895.768322 -2610.225742 -1318.485592 -1220.707816 -373.964721 3799468.838732 2734580.362843 -391.650398 16259.009454 192.064234 -145.045608 3684152.444570 -126.942171 -73.998604 -140.704713 -116.385943 -376.448031 2153179.312065 1419490.860028 95947.577413 1986842.699402 3655511.385706 3514395.934773 -1033.769125 -1020.155867 1105.082121 -643.262961 93510.926508 88109.162383 -240.492841 2059299.775981 -27.170718 -12.151870 -27.880152 -21.045459 3754.759758 -132.269907
-9999.0 -9999.0 -9999.0 -9999.0 -9999.0 -9999.0 -9999.0 -9999.0 -9999.0 -372.377401 -341.308982 -540.802332 4778.643967 -275.212296 7961.842202 75827.391964 -569.009170 -866.296168 -2914.659669 -3240.130501 -3143.227985 -3359.387846 -1123.024540 -503.761655 3792011.093146 1832336.895051 94891.319764 477.017043 -320.257644 -530.965635 -491.530736 3554707.532166 -242.786405 433.940768 13.647717 -136.139928 -152.303208 -248.115539 -339.549209 -411.032044 1739174.638764 2325033.723837 27039.219578 -487.869898 -1883.144150 -1017.614069 -1017.023527 -685.626561 -443.751325 -542.758936 3665841.287713 2343628.172476 -19.138300 776.401596 -12.029178 262167.734618 243645.938883
-9999.0 -9999.0 -9999.0 -9999.0 -9999.0 -9999.0 -9999.0 -9999.0 -9999.0 -9999.0 -252.386794 -407.256573 1058.156315 1376191.084591 -450.536710 2761.111005 -659.028073 -1557.407285 -2972.845908 -2985.649404 -3086.542462 -2878.041300 -22.184933 3236596.062507 684003.564413 1671.869545 -189.534623 -502.370352 -518.053849 3800180.355378 3741429.505790 3296230.212526 2605072.618474 212.681050 -158.689550 -343.790676 -468.324065 -423.038872 -152.798503 -242.931546 -239.411130 -375.105578 4826.523144 1327.644973 -849.850717 -724.881269 -2615.902141 -1158.616014 -2842.561339 -660.552293 3628478.913101 777777.746636 -21.101161 -7.095150 2810.274456 492.200658 18.209352
-9999.0 -9999.0 -9999.0 -9999.0 -9999.0 -9999.0 -9999.0 -9999.0 -9999.0 -9999.0 -95.915792 -328.042912 -429.167040 158.215166 -487.159285 -958.394834 -1168.040700 -2727.332107 -2983.159427 -3117.836702 -2918.973761 -2802.597669 2887.433285 6437.858970 1302.536187 -298.687079 -633.422483 794.380743 3793431.088716 2671593.348157 -265.943066 -197.337942 446036.100565 297.291840 -280.101104 -361.485582 329438.905274 50287.160849 2351924.448358 -175.943359 -250.387931 -102.749250 546455.173136 -490.028346 -506.497931 3542993.314947 194.500856 969.393778 -2699.881616 -1165.673417 16.883336 2315301.316836 2380654.584444 -19.260148 -0.670175 -13.988556 506.873551
-9999.0 -9999.0 -9999.0 -9999.0 -9999.0 -9999.0 -9999.0 -9999.0 -291.405442 -229.981915 -105.934671 -266.357895 1001483.243750 63206.018384 165340.518851 -878.495459 -2862.278046 -3362.978911 -3136.411206 -3150.700995 -3040.405587 -3018.865790 -2996.684472 -2921.442899 -767.316898 -690.138774 -594.509476 3982988.460831 2868050.419200 2617364.047596 -27.606364 -249.512146 -253.540619 85.706923 -206.427398 -349.130869 -825.450736 45802.252775 3783970.251509 -139.564423 -149.136683 -360.683591 1072861.416021 -145.432480 -1116.119629 2110.251550 3725589.645767 53989.122491 809.167882 -669.397205 -409.586774 2569254.642578 748989.229813 2157859.910141 -19.387250 452.426976 -27.671748
-9999.0 -9999.0 -9999.0 -9999.0 -9999.0 -9999.0 -9999.0 -9999.0 -838368672.735714 822864.739397 2634231.126913 -158.075168 -333.077636 2335022.626397 3791087.324641 -693.342670 -2706.064429 -2789.256782 -3027.232648 -3183.749044 -3028.399472 -3562.630536 -3691.637028 -3719.501020 -2927.506209 -2349.534893 -576.074938 44947.393150 187071.509091 -163.874406 392.054272 -114.759722 -294.269677 -132.047652 -306.536665 -401.470939 -810.766133 16.305782 20083.920605 -407.576477 -262.057712 171.908008 -138.779298 -451.024394 2599.410040 957762.940260 955142.041246 -380.862250 14877.440896 -512.515251 -424.334510 8973.952982 806181.508321 501.486005 -287.739336 55976.357952 235765.050525
-9999.0 -9999.0 -9999.0 -9999.0 -9999.0 -9999.0 -9999.0 -9999.0 -277.985146 3368.269233 16.640202 2588965.623062 15.148088 961340.623115 95801.771890 3770035.134257 -1068.851951 -2914.772501 -3001.227799 -3005.233655 -3212.683945 -3526.062345 -3612.519727 -3171.683143 -3256.221625 -2763.028203 -596.347853 3910109.563871 452251.341485 -253.480194 -127.177287 -308.897367 2429438.909316 2090500.955807 -375.280025 -664.452555 -410.245692 -431.896766 51458.007167 458208.662684 -375.894687 -196.988645 -375.925543 2603.687105 2517423.852453 -354.558339 -138.118468 -275.336237 2704733.717591 1013.966949 -776.711300 -292.948749 537887.667538 964690.612196 9482.899370 156.404242 14.056828
-9999.0 -9999.0 -9999.0 -9999.0 -9999.0 -9999.0 -9999.0 -9999.0 -28.741657 -370.442521 23598.807603 252441.365177 -300.929972 1781733.348779 3481549.831685 -516.873227 -2855.369353 -2950.945045 -3060.293735 -3004.490978 -3140.199694 -3157.480851 -3380.386474 -3306.583559 -2782.348698 -1120.055114 141019.222896 3827651.441480 -447.806510 1625217.442389 113681.598183 86210.078743 144.074923 378.451014 829.067366 -974.580132 -2196.600535 -2767.599529 -662.799124 681.626372 -528.964196 -540.566459 -499.486734 -545.615492 -324.216542 -206.677968 -571.309490 -171.785093 -328.274963 232246.667715 1005.554771 -1062.651290 -405.790823 4172.257869 14.761687 -247.960787 -949.248810
-9999.0 -9999.0 -9999.0 -9999.0 -9999.0 -9999.0 -9999.0 -9999.0 517.731308 -206.626726 -5700678.159619 3853522.928811 3612137.864071 2646693.531606 -374.051292 -958.362259 -897.637952 -2535.699987 -1693.864485 -2798.320885 -2925.360243 -3058.821938 -3055.392471 -2992.195265 -3212.219653 -1187.560352 3829673.634928 1358.233527 -483.951339 22.678266 2876026.346492 -327.213400 -573.784135 -410.203299 -556.603478 -1689.118467 -2834.399275 -2865.290054 -2828.558746 -706.224670 -707.406972 -686.654799 -505.681923 -270.475004 115471.090197 -556.574976 12284.580199 72074.643447 16139.025852 -230.923745 -811.262852 -2139.400227 -1219.349309 -717.021129 -430.895977 -535.986468 -887.646728
