user2019/resources/simulation/Vinschgau/output-maps/psiL0004N1448.asc
ncols         63
nrows         48
xllcorner     598000.000000
yllcorner     5145000.000000
cellsize      1000.000000
NODATA_value  -9999.0
[rows 0 to 24 of 48, columns 0 to 56 of 63]
-9999.0 -9999.0 -9999.0 -9999.0 -9999.0 -9999.0 -9999.0 -9999.0 -9999.0 -9999.0 -9999.0 -9999.0 -9999.0 -9999.0 -9999.0 -9999.0 -9999.0 -9999.0 -9999.0 -9999.0 -9999.0 -9999.0 -9999.0 -9999.0 -9999.0 -9999.0 -9999.0 -9999.0 -9999.0 -9999.0 -9999.0 -9999.0 -9999.0 -9999.0 -9999.0 -9999.0 -9999.0 -9999.0 -9999.0 -9999.0 -9999.0 -9999.0 -9999.0 -9999.0 -9999.0 -9999.0 -9999.0 -9999.0 -9999.0 -9999.0 -9999.0 -9999.0 -9999.0 -9999.0 -9999.0 -9999.0 -9999.0
-9999.0 -9999.0 -9999.0 -9999.0 -9999.0 -9999.0 -9999.0 -9999.0 -9999.0 -9999.0 -9999.0 -9999.0 -9999.0 -9999.0 -9999.0 -9999.0 -9999.0 -9999.0 -9999.0 -9999.0 -9999.0 -9999.0 -9999.0 -9999.0 -9999.0 -9999.0 -9999.0 -225.854995 -133.539907 -210.945778 -79.499655 -113.638109 18874.330015 -9999.0 -9999.0 -9999.0 -9999.0 -9999.0 -9999.0 -9999.0 -9999.0 -9999.0 -9999.0 -9999.0 -9999.0 -9999.0 -9999.0 -9999.0 -9999.0 -9999.0 -9999.0 -9999.0 -9999.0 -9999.0 -9999.0 -9999.0 -9999.0
-9999.0 -9999.0 -9999.0 -9999.0 -9999.0 -9999.0 -9999.0 -9999.0 -9999.0 -9999.0 -9999.0 -9999.0 -9999.0 -9999.0 -9999.0 -9999.0 -9999.0 -9999.0 -9999.0 -9999.0 -9999.0 -9999.0 -9999.0 -9999.0 -198.494631 -214.674406 -254.643954 -197.664708 -264.204723 -323.465777 8730.151776 -9999.0 -9999.0 -9999.0 -9999.0 -9999.0 -9999.0 -9999.0 -9999.0 -9999.0 -9999.0 -9999.0 -9999.0 -9999.0 -9999.0 -9999.0 -9999.0 -9999.0 -9999.0 -9999.0 -9999.0 -9999.0 -9999.0 -9999.0 -9999.0 -9999.0 -9999.0
-9999.0 -9999.0 -9999.0 -9999.0 -9999.0 -9999.0 -9999.0 -9999.0 -9999.0 -9999.0 -9999.0 -9999.0 -9999.0 -9999.0 -9999.0 -9999.0 -9999.0 -9999.0 -9999.0 -9999.0 -9999.0 -9999.0 -9999.0 -222.153419 -1135.146972 -2837.255545 -2983.909064 -3087.436712 -3079.100204 -660.545534 8012.560669 34317.930964 -9999.0 -9999.0 -9999.0 -9999.0 -9999.0 -9999.0 -9999.0 -9999.0 -9999.0 -9999.0 -9999.0 -9999.0 -9999.0 -9999.0 -9999.0 -9999.0 -9999.0 -9999.0 -9999.0 -9999.0 -9999.0 -9999.0 -9999.0 -9999.0 -9999.0
-9999.0 -9999.0 -9999.0 -9999.0 -9999.0 -9999.0 -9999.0 -9999.0 -9999.0 -9999.0 -9999.0 -9999.0 -9999.0 -9999.0 -9999.0 -9999.0 -9999.0 -9999.0 -1311.145671 -532.092639 -9999.0 -244.927950 -970.874226 -2988.076276 -2853.176771 -2983.159939 -1713.468150 -2100.591821 -1983.131536 -2580.909282 -337.028414 -91.157455 -166.367733 -219.465049 -9999.0 -9999.0 -9999.0 -9999.0 -9999.0 -9999.0 -9999.0 -9999.0 -9999.0 -9999.0 -9999.0 -9999.0 -9999.0 -9999.0 -9999.0 -9999.0 -9999.0 -9999.0 -9999.0 -9999.0 -9999.0 -9999.0 -9999.0
-9999.0 -9999.0 -9999.0 -9999.0 -9999.0 -9999.0 -9999.0 -9999.0 -9999.0 -9999.0 -9999.0 -9999.0 -9999.0 -9999.0 -9999.0 -9999.0 -9999.0 -2781.984416 -2833.393195 -9962.302136 -698.354451 -1497.900738 -2590.415765 -2844.998834 -2123.731809 -1410.568887 191824.066678 -2288.762131 51379.665287 -1630.904970 -1202.046755 -441.050683 -263.775187 -305.486040 -205.048750 -218.814993 -9999.0 -9999.0 -9999.0 -9999.0 -9999.0 -9999.0 -9999.0 -9999.0 -9999.0 -9999.0 -9999.0 -9999.0 -9999.0 -9999.0 -9999.0 -9999.0 -9999.0 -9999.0 -9999.0 -9999.0 -9999.0
-9999.0 -9999.0 -9999.0 -9999.0 -9999.0 -9999.0 -9999.0 -9999.0 -9999.0 -9999.0 -9999.0 -9999.0 -9999.0 -2253.302601 -2674.598491 -2624.677631 -2797.542420 -6502.303541 -2735.671806 -2896.435732 -2797.044685 -2762.584943 -2906.438435 -2705.174520 -1178.129171 -877.736963 -656.823732 18266.881058 -234.149565 -1186.728396 134350.900801 -779.611835 -176.006608 -119.057364 -110.915431 -200.817472 -9999.0 -9999.0 -9999.0 -9999.0 -9999.0 -9999.0 -9999.0 -9999.0 -9999.0 -9999.0 -9999.0 -9999.0 -9999.0 -9999.0 -9999.0 -9999.0 -9999.0 -9999.0 -9999.0 -9999.0 -9999.0
-9999.0 -9999.0 -9999.0 -9999.0 -9999.0 -9999.0 -9999.0 -9999.0 -9999.0 -9999.0 -9999.0 -9999.0 -9999.0 -2093.277793 -2892.624244 -2763.936213 -2773.916726 -1759.786839 -6511.582525 -2840.555936 -2857.946886 -2989.753582 -2712.640735 -2237.904830 -2657.485648 -2840.420292 -153.527317 -193.326506 -149.019841 198699.029183 73615.226705 -142.835586 -129.522965 -135.629033 -120.783043 -9999.0 -9999.0 -9999.0 -9999.0 -9999.0 -9999.0 -9999.0 -9999.0 -9999.0 -9999.0 -9999.0 -9999.0 -9999.0 -9999.0 -9999.0 -9999.0 -9999.0 -9999.0 -9999.0 -9999.0 -9999.0 -9999.0
-9999.0 -9999.0 -9999.0 -9999.0 -9999.0 -9999.0 -9999.0 -9999.0 -9999.0 -9999.0 -9999.0 -9999.0 -9999.0 -2909.073820 303.909004 -2859.008865 -2742.217226 -2748.799232 -6544.397169 -2757.106811 -2320.193300 -8002.543431 -1558.142755 -252.547175 -2738.573668 -2698.954634 -338.086848 -172.432927 29798.945115 -142.699335 16686.764142 -103.603555 -152.150930 -62.161858 -173.114034 -9999.0 -9999.0 -9999.0 -9999.0 -9999.0 -9999.0 -9999.0 -9999.0 -9999.0 -9999.0 -9999.0 -9999.0 -9999.0 -9999.0 -9999.0 -9999.0 -9999.0 -9999.0 -9999.0 -9999.0 -9999.0 -9999.0
-9999.0 -9999.0 -9999.0 -9999.0 -9999.0 -9999.0 -9999.0 -9999.0 -9999.0 -9999.0 -9999.0 -9999.0 -2883.307986 6201.285522 -2901.947879 -2726.183046 -2421.820190 -2686.267818 -2190.572223 -10172.639604 -2771.700235 -2203.943983 -3084.822730 -1205.046766 168026.530013 -129.076229 165184.495963 14595.641641 -274.117449 -111.161723 53456.123981 -141.593281 59161.737945 -227.462252 -9999.0 -9999.0 -9999.0 -9999.0 -9999.0 -9999.0 -9999.0 -9999.0 -9999.0 -9999.0 -9999.0 -9999.0 -9999.0 -9999.0 -9999.0 -9999.0 -9999.0 -9999.0 -9999.0 -9999.0 -9999.0 -9999.0 -9999.0
-9999.0 -9999.0 -9999.0 -9999.0 -9999.0 -9999.0 -9999.0 -9999.0 -9999.0 -9999.0 -9999.0 -1938.774837 -2837.687785 -691.734680 -2906.018726 -1980.667312 -10369.133787 -2743.479064 -1495.820905 -11762.096707 -2803.496845 -2536.785980 -1422.111061 -279.507272 -2687.474390 -202.556405 24397.807720 -146.635299 22830.075433 -133.416242 -162.954327 -193.260667 -116.733560 -192.135398 -154.680529 -168.723034 17802.189316 -377.022185 -819.704106 -9999.0 -9999.0 -9999.0 -237.237431 -9999.0 -9999.0 -9999.0 -9999.0 -9999.0 -9999.0 -9999.0 -9999.0 -9999.0 -9999.0 -9999.0 -9999.0 -9999.0 -9999.0
-9999.0 -9999.0 -9999.0 -9999.0 -9999.0 -9999.0 -9999.0 -9999.0 -9999.0 -9999.0 -9999.0 -1791.720138 -2907.484275 -3102.992530 -3062.099247 -2695.590922 -3138.808847 -2869.258150 -1563.544781 -2542.376096 -2154.021817 -2588.111318 -505.071815 380786.785596 413991.041467 -107.121084 -101.579999 -200.151531 -141.977036 -166.351519 -190.398037 -302.822382 36377.988578 60388.383598 39274.185946 -154.817100 -565.919175 -1729.594155 -736.821716 -219.209216 -200.855787 -195.796131 -85.312938 -165.379547 -9999.0 -9999.0 -9999.0 20685.521634 71235.823973 -103.897433 72770.562082 -123.423886 -125.570903 59310.569128 116917.810429 -109.205442 -9999.0
-9999.0 -9999.0 -9999.0 -9999.0 -9999.0 -9999.0 -9999.0 -9999.0 -9999.0 -9999.0 -9999.0 -1662.643836 -1827.705072 -2721.632350 -1447.366043 -2968.214321 -2636.791546 -2788.977964 -2955.504714 -2545.359767 -1627.708593 -1529.760378 442289.725527 -186.561901 -97.956439 -217.730003 436112.660992 436621.597941 -174.745582 37331.639395 -164.701540 427532.036585 -204.775980 62971.601057 -121.600730 -296.753698 433034.384330 87584.885928 -2107.757397 -252.578265 -279.233455 -215.529385 -201.806606 -225.963525 67403.144735 -9999.0 -207.744192 69338.231304 2052.062716 -191.984075 -1088.117080 -220.269525 -641.898463 7089.656363 -150.175553 60891.377346 -9999.0
-9999.0 -9999.0 -9999.0 -9999.0 -9999.0 -9999.0 -9999.0 -9999.0 -9999.0 -9999.0 -9999.0 -9999.0 -1808.153374 -1095.078789 -2142.094657 -2198.515570 -2030.967820 -2728.665343 -1678.388674 -2521.215709 -2612.892307 -2645.452424 6012.587175 336974.199034 421356.862619 450088.075623 -40.432227 -1049.079067 1094.865073 -156.041648 -141.720491 449491.362556 -1286.006559 18007.604086 43361.329723 -164.028829 402365.991633 -68.151467 -1382.888379 -1673.899866 -1105.820729 -360.470490 450223.103824 -302.533458 -153.319038 67848.664488 -150.843518 64809.303266 399153.985019 431778.247050 140496.829936 392155.601939 392980.213508 390362.207487 389642.456597 41233.787922 57686.718460
-9999.0 -9999.0 -9999.0 -9999.0 -9999.0 -9999.0 -9999.0 -9999.0 -9999.0 -9999.0 -9999.0 485422.313343 -260.585246 -2738.390798 -1021.918792 -1913.977518 -2572.363420 -2595.225561 -2503.462632 -2285.026619 -2692.972215 -1633.679812 -514.492722 449313.541482 454261.547969 456016.139444 457397.542675 9422.075748 19351.301048 -219.526543 443379.168848 437742.164518 -955.502366 11491.708860 44309.696036 -173.686413 -162.111989 146847.432770 -1420.360077 -2463.027335 162272.804546 -1836.529996 -545.253628 -281.970739 -1536.250840 5752.457400 -214.596852 -252.909682 -281.345307 52723.825783 32488.815479 1103.013997 145266.470503 -52.720754 -81.812656 -44.490245 -109.284535
-9999.0 -9999.0 -9999.0 -9999.0 -9999.0 -9999.0 -9999.0 -9999.0 -9999.0 -9999.0 5451.850435 156679.737574 -384.693978 -598.736688 -1891.026230 12571.151937 17022.892222 -1435.640938 -2602.336433 -2187.905684 -2103.704157 -1299.990562 552688.687826 -1253.636209 -127.627677 259067.385401 439027.213386 -67.670774 -1334.830427 -752.715640 152617.191976 231211.625895 -515.223263 14129.938757 -182.253245 -180.563413 -467.823198 385413.576985 300487.446918 -413.017062 -968.197761 -155.387839 -121.033325 -1087.413773 49483.568585 -232.538724 -163.853354 430063.805160 438074.760592 -194.704368 -236.618666 -111.656208 -56.152853 567.966687 -86.510072 17810.437276 10544.133256
-9999.0 -9999.0 -9999.0 -9999.0 -9999.0 -9999.0 -9999.0 -9999.0 -9999.0 -133.890151 -485.418014 82701.174242 -235.726972 470901.539073 121616.910018 25267.420778 82904.382068 -1640.294738 -2789.435882 -2340.064139 -2235.403366 -2328.190825 -2373.712800 -2347.660001 -627.808189 578119.774161 426435.451790 -486.483897 114153.138396 -1152.520537 -453.947269 567703.859050 -161.629670 -167.185773 -194.496148 -178.070777 -363.828511 485038.324814 465202.645217 128287.429637 518022.174287 566455.622992 572011.251059 -2093.998278 -2280.227954 37704.527124 -2293.768034 467859.726636 468905.978520 -495.738680 359979.125034 -107.905148 -42.178506 -85.438211 -88.839634 113963.517389 122629.859835
-9999.0 -9999.0 -9999.0 -9999.0 -9999.0 -9999.0 -9999.0 -9999.0 -9999.0 -687.202920 -119.358227 -953.124625 4695.140759 -861.900148 108849.177265 477203.015880 -1330.632775 -2114.392245 -2841.940491 -2531.939344 -2430.706568 -2905.100689 -1637.156054 -796.846666 572702.933854 456816.429242 484130.451574 -247.948233 -745.593554 -817.720036 -1773.174429 552795.885549 -280.437727 47463.812615 2986.376850 -185.161072 -203.790134 -265.249961 -89.890808 -1014.456582 476533.946917 443680.372465 336308.049091 -1076.262523 -1507.683960 -1751.764950 -2441.886602 -2550.339050 -1197.288180 -1007.629682 559115.162536 360611.226035 -78.813965 323870.583310 5181.695382 145506.340424 155579.379752
-9999.0 -9999.0 -9999.0 -9999.0 -9999.0 -9999.0 -9999.0 -9999.0 -9999.0 -9999.0 -142.808176 -665.003333 -102.141461 189359.624664 -1545.562920 77814.811654 -1072.685634 -2581.905680 -2903.141788 -2598.878528 -2374.004169 -2791.516000 -46.244066 499443.309823 454615.956259 60870.373889 -538.059950 -1108.925172 -1161.125012 584078.451123 575324.678707 579778.647678 402785.531363 24467.167623 -246.838632 -873.281678 -265.172554 -992.795139 -182.605996 -210.709390 -84.626867 -333.283756 4753.156727 22203.812890 -1423.484113 -486.836148 -2603.139375 -1647.789439 -2808.579253 -1940.418611 559080.847329 214362.011151 -89.152249 -29.830034 326888.930993 68928.545812 23003.281877
-9999.0 -9999.0 -9999.0 -9999.0 -9999.0 -9999.0 -9999.0 -9999.0 -9999.0 -9999.0 6214.075650 -163.048608 -278.516033 -1321.826403 -820.152111 -1526.859744 -1249.735921 -2350.079899 -2810.605559 -2821.854906 -2726.480472 -2690.402440 26315.598974 89054.160897 47396.942596 -653.868335 -957.657298 491.409249 588560.120385 412157.162759 -195.409795 -239.770822 -110.138037 37206.200024 -160.300292 -1108.498043 100892.151938 121878.957728 410529.709700 16248.758385 -186.199818 -152.403730 450168.524132 -579.283930 -909.044309 589893.296588 -465.339445 -237.741326 -2690.485309 -2743.486060 -345.351897 397504.052867 373372.627772 -77.338553 -19.005496 -66.784047 73749.668697
-9999.0 -9999.0 -9999.0 -9999.0 -9999.0 -9999.0 -9999.0 -9999.0 -181.446601 -129.057149 -141.409176 -191.677011 235774.659439 355312.977410 356665.100127 -1181.638071 -2958.957168 -2914.255757 -3003.733214 -2866.318621 -2896.647520 -2942.621225 -2913.892660 -2823.056059 -1959.515618 -889.690451 -554.043821 618659.947427 474694.454983 410847.163845 -112.589377 -198.737019 -214.401287 30051.340064 -257.723616 -110.934433 -2356.842289 23212.612568 578524.003442 -189.366275 -246.006402 -425.011775 51209.317804 -182.298196 -357.400969 3758.759803 569491.526421 434041.738523 -302.868121 -1099.358103 -644.665758 450132.887076 208710.946777 335173.658506 -100.400786 21064.925711 -110.366359
-9999.0 -9999.0 -9999.0 -9999.0 -9999.0 -9999.0 -9999.0 -9999.0 -595564547.793389 218142.461791 411369.139956 18931.401856 -141.933947 411471.135506 567685.798827 -439.096561 -2536.574788 -2699.061901 -2986.700448 -2900.530230 -1628.452778 -2814.080720 -3043.317135 -3140.238206 -2849.819615 -2003.397200 -686.756055 170699.892578 -121.526256 15525.704260 57300.956453 -225.835817 -164.305694 -238.928233 -186.241979 -246.502896 -2152.533779 -476.240566 232166.527809 -304.328559 -167.818461 -90.136554 -237.713099 -456.315750 10264.826066 426059.093490 19421.386071 -187.185322 108040.483413 -1032.522384 -716.374639 117750.880964 217675.182226 68156.936221 -364.954945 -325.105597 453759.845229
-9999.0 -9999.0 -9999.0 -9999.0 -9999.0 -9999.0 -9999.0 -9999.0 -227.826589 35525.264317 29914.446834 399570.629906 -155.211996 30359.833600 462166.752083 567017.765262 -1608.264971 -2716.184495 -2934.118107 -1622.132605 -2928.266994 -2817.201617 -3035.595984 -2897.553107 -2768.143014 -2683.116202 -762.033154 599549.635873 -145.486899 -176.353381 -272.921294 -379.470539 418714.637118 431503.109741 -617.281331 -2125.373653 -1323.605771 -1262.100474 52087.200398 485366.359380 -231.843061 -325.237624 -203.121544 10390.457571 446431.563244 -191.241120 -210.817600 3215.763058 437134.523279 1128.175750 -1159.116326 -529.868059 134523.797001 221704.157914 142378.256559 -101.513089 -492.428347
-9999.0 -9999.0 -9999.0 -9999.0 -9999.0 -9999.0 -9999.0 -9999.0 -119.101255 -210.959131 218854.183933 -198.156649 -148.984393 425081.615470 566702.993765 -690.362867 -2819.211893 -2883.304024 -2296.436629 -2823.267677 -2856.545518 -2871.029219 -2707.692012 -2655.268259 -2543.958033 -1627.819724 360855.031181 577552.119387 -259.070596 519689.496892 489861.928478 272337.964170 -1365.171407 -430.110460 76872.236500 -2119.193765 -2511.657092 -2701.735024 -1485.586425 -95.362731 -728.614721 -903.128125 -828.540759 -355.018258 -124.547466 -279.352238 -1404.974429 -271.003443 -141.457046 470833.959016 125.087083 -1583.480791 -637.351523 110594.201041 -70.260497 -622.140026 -2277.321565
-9999.0 -9999.0 -9999.0 -9999.0 -9999.0 -9999.0 -9999.0 -9999.0 100375.288904 -129.015733 -439.547046 590118.131372 602143.380326 611267.165904 -454.026354 -1531.119307 -1267.754489 -2544.995184 -1904.316776 -2713.403202 -2757.744933 -2763.318541 -2780.157275 -2726.786271 -2801.690445 -1553.456806 573279.597088 52144.264289 -1157.944929 6.282577 549591.360498 -631.629375 -2667.141577 -1084.829325 -2413.680664 -2665.737971 -2727.481598 -2800.234440 -2797.678517 -2006.709388 -2555.554514 -2839.557925 -2223.431912 -1800.456828 466869.151013 -1455.291546 128376.147923 25516.256048 193279.514074 -776.407086 -2558.899476 -1899.998156 -1557.514218 -1181.134341 -850.045389 -859.161079 -1346.591547
