user2019/resources/simulation/Vinschgau/output-maps/psiL0006N1397.asc
ncols         63
nrows         48
xllcorner     598000.000000
yllcorner     5145000.000000
cellsize      1000.000000
NODATA_value  -9999.0
[rows 0 to 25 of 48, columns 0 to 57 of 63]
-9999.0 -9999.0 -9999.0 -9999.0 -9999.0 -9999.0 -9999.0 -9999.0 -9999.0 -9999.0 -9999.0 -9999.0 -9999.0 -9999.0 -9999.0 -9999.0 -9999.0 -9999.0 -9999.0 -9999.0 -9999.0 -9999.0 -9999.0 -9999.0 -9999.0 -9999.0 -9999.0 -9999.0 -9999.0 -9999.0 -9999.0 -9999.0 -9999.0 -9999.0 -9999.0 -9999.0 -9999.0 -9999.0 -9999.0 -9999.0 -9999.0 -9999.0 -9999.0 -9999.0 -9999.0 -9999.0 -9999.0 -9999.0 -9999.0 -9999.0 -9999.0 -9999.0 -9999.0 -9999.0 -9999.0 -9999.0 -9999.0 -9999.0
-9999.0 -9999.0 -9999.0 -9999.0 -9999.0 -9999.0 -9999.0 -9999.0 -9999.0 -9999.0 -9999.0 -9999.0 -9999.0 -9999.0 -9999.0 -9999.0 -9999.0 -9999.0 -9999.0 -9999.0 -9999.0 -9999.0 -9999.0 -9999.0 -9999.0 -9999.0 -9999.0 -742.049539 -100.369376 -642.166347 -88.526803 -78.648297 -12.827974 -9999.0 -9999.0 -9999.0 -9999.0 -9999.0 -9999.0 -9999.0 -9999.0 -9999.0 -9999.0 -9999.0 -9999.0 -9999.0 -9999.0 -9999.0 -9999.0 -9999.0 -9999.0 -9999.0 -9999.0 -9999.0 -9999.0 -9999.0 -9999.0 -9999.0
-9999.0 -9999.0 -9999.0 -9999.0 -9999.0 -9999.0 -9999.0 -9999.0 -9999.0 -9999.0 -9999.0 -9999.0 -9999.0 -9999.0 -9999.0 -9999.0 -9999.0 -9999.0 -9999.0 -9999.0 -9999.0 -9999.0 -9999.0 -9999.0 -551.756307 -580.243700 -602.011017 -562.709584 -551.378466 -97.204477 -111.017059 -9999.0 -9999.0 -9999.0 -9999.0 -9999.0 -9999.0 -9999.0 -9999.0 -9999.0 -9999.0 -9999.0 -9999.0 -9999.0 -9999.0 -9999.0 -9999.0 -9999.0 -9999.0 -9999.0 -9999.0 -9999.0 -9999.0 -9999.0 -9999.0 -9999.0 -9999.0 -9999.0
-9999.0 -9999.0 -9999.0 -9999.0 -9999.0 -9999.0 -9999.0 -9999.0 -9999.0 -9999.0 -9999.0 -9999.0 -9999.0 -9999.0 -9999.0 -9999.0 -9999.0 -9999.0 -9999.0 -9999.0 -9999.0 -9999.0 -9999.0 -605.617642 -676.887469 -1361.966659 -2220.619367 -56309.516836 -54261.313081 -111.900213 -108.697881 -108.585664 -9999.0 -9999.0 -9999.0 -9999.0 -9999.0 -9999.0 -9999.0 -9999.0 -9999.0 -9999.0 -9999.0 -9999.0 -9999.0 -9999.0 -9999.0 -9999.0 -9999.0 -9999.0 -9999.0 -9999.0 -9999.0 -9999.0 -9999.0 -9999.0 -9999.0 -9999.0
-9999.0 -9999.0 -9999.0 -9999.0 -9999.0 -9999.0 -9999.0 -9999.0 -9999.0 -9999.0 -9999.0 -9999.0 -9999.0 -9999.0 -9999.0 -9999.0 -9999.0 -9999.0 -749.846385 -740.789229 -9999.0 -652.699823 -699.451720 -46389.741859 -1837.145590 -46599.974697 -849.797166 -934.745170 -915.597626 -1248.545914 -103.702181 -92.396316 -768.582020 -751.050432 -9999.0 -9999.0 -9999.0 -9999.0 -9999.0 -9999.0 -9999.0 -9999.0 -9999.0 -9999.0 -9999.0 -9999.0 -9999.0 -9999.0 -9999.0 -9999.0 -9999.0 -9999.0 -9999.0 -9999.0 -9999.0 -9999.0 -9999.0 -9999.0
-9999.0 -9999.0 -9999.0 -9999.0 -9999.0 -9999.0 -9999.0 -9999.0 -9999.0 -9999.0 -9999.0 -9999.0 -9999.0 -9999.0 -9999.0 -9999.0 -9999.0 -1476.591450 -2881.852206 -156107.559620 -757.069876 -768.815569 -1287.666067 -34294.018333 -958.337558 -832.171588 -296.843426 -1074.342262 -282.690693 -838.123396 -685.147103 -104.624406 -719.228112 -800.436408 -794.718602 -788.459575 -9999.0 -9999.0 -9999.0 -9999.0 -9999.0 -9999.0 -9999.0 -9999.0 -9999.0 -9999.0 -9999.0 -9999.0 -9999.0 -9999.0 -9999.0 -9999.0 -9999.0 -9999.0 -9999.0 -9999.0 -9999.0 -9999.0
-9999.0 -9999.0 -9999.0 -9999.0 -9999.0 -9999.0 -9999.0 -9999.0 -9999.0 -9999.0 -9999.0 -9999.0 -9999.0 -139.021415 -1469.550014 -1414.192683 -1715.158584 -808.877990 -1453.003894 -41654.455309 -1880.606308 -1692.471617 -40697.190446 -1356.203095 -680.779507 -700.781942 -152678.893533 -2019.468240 -14470.530822 -691.325387 9323.744088 -575.543521 -94.801362 -86.012308 -506.496817 -772.989721 -9999.0 -9999.0 -9999.0 -9999.0 -9999.0 -9999.0 -9999.0 -9999.0 -9999.0 -9999.0 -9999.0 -9999.0 -9999.0 -9999.0 -9999.0 -9999.0 -9999.0 -9999.0 -9999.0 -9999.0 -9999.0 -9999.0
-9999.0 -9999.0 -9999.0 -9999.0 -9999.0 -9999.0 -9999.0 -9999.0 -9999.0 -9999.0 -9999.0 -9999.0 -9999.0 -911.576652 -2144.799877 -1564.812320 -1651.654719 -908.204950 -810.225971 -2417.984224 -20485.867183 -31712.854195 -1927.028250 -1199.929236 -1343.087174 -21611.444011 -104.971783 -634.300636 -668.954055 -561.917383 -93.168573 -93.974108 -703.263628 -790.237224 -720.485292 -9999.0 -9999.0 -9999.0 -9999.0 -9999.0 -9999.0 -9999.0 -9999.0 -9999.0 -9999.0 -9999.0 -9999.0 -9999.0 -9999.0 -9999.0 -9999.0 -9999.0 -9999.0 -9999.0 -9999.0 -9999.0 -9999.0 -9999.0
-9999.0 -9999.0 -9999.0 -9999.0 -9999.0 -9999.0 -9999.0 -9999.0 -9999.0 -9999.0 -9999.0 -9999.0 -9999.0 -2388.755994 472.748215 -1447.788220 -1575.542796 -1610.741882 -811.139219 -1519.369434 -1140.342199 -152769.089892 -899.176788 -394.467623 -1458.628458 -1355.838985 -769.811047 -754.311079 -109.950685 -791.409165 -103.844743 -757.025956 -793.994961 -795.132137 -739.761616 -9999.0 -9999.0 -9999.0 -9999.0 -9999.0 -9999.0 -9999.0 -9999.0 -9999.0 -9999.0 -9999.0 -9999.0 -9999.0 -9999.0 -9999.0 -9999.0 -9999.0 -9999.0 -9999.0 -9999.0 -9999.0 -9999.0 -9999.0
-9999.0 -9999.0 -9999.0 -9999.0 -9999.0 -9999.0 -9999.0 -9999.0 -9999.0 -9999.0 -9999.0 -9999.0 -43679.702560 6365.834032 -2266.217304 -1563.245813 -1236.219084 -1477.543929 -1039.617890 -152857.948000 -1871.240938 -1039.536281 -152751.263161 -134.535633 3485.383434 -103.789968 78.689708 -114.437796 -85.749169 -636.177738 -34.590761 -755.001106 -100.071130 -759.570018 -9999.0 -9999.0 -9999.0 -9999.0 -9999.0 -9999.0 -9999.0 -9999.0 -9999.0 -9999.0 -9999.0 -9999.0 -9999.0 -9999.0 -9999.0 -9999.0 -9999.0 -9999.0 -9999.0 -9999.0 -9999.0 -9999.0 -9999.0 -9999.0
-9999.0 -9999.0 -9999.0 -9999.0 -9999.0 -9999.0 -9999.0 -9999.0 -9999.0 -9999.0 -9999.0 -858.218539 -1610.696035 -338.745212 -2197.118042 -997.165322 -152852.761394 -1539.041183 -801.838095 -152825.374046 -17852.021980 -1116.717742 -120.645512 -108.321828 -15111.903422 -98.924508 -112.928670 -92.563153 1242.972691 -653.683365 -748.053633 -93.573626 -658.214863 -759.701836 -762.245697 -731.951032 -169.890070 -253.878131 -462.028547 -9999.0 -9999.0 -9999.0 -795.349388 -9999.0 -9999.0 -9999.0 -9999.0 -9999.0 -9999.0 -9999.0 -9999.0 -9999.0 -9999.0 -9999.0 -9999.0 -9999.0 -9999.0 -9999.0
-9999.0 -9999.0 -9999.0 -9999.0 -9999.0 -9999.0 -9999.0 -9999.0 -9999.0 -9999.0 -9999.0 -852.037502 -1761.579732 -63033.025262 -2604.535805 -152.451944 -3036.168213 -3381.602813 -833.045364 -1030.290973 -1072.077768 -135.775455 -564.819513 -139.940561 -125.343512 -97.370506 -96.333400 -96.884661 -438.909977 -715.645352 -91.750739 -93.009509 -108.974912 -100.029895 -111.815040 -99.792815 -119.022682 -250.604902 -252.246297 -794.030843 -780.017224 -755.490885 -90.664749 -753.071879 -9999.0 -9999.0 -9999.0 -88.423581 -23.619381 -717.036647 -24.328019 -758.923179 -748.131907 1150.613962 1079.063843 -654.490490 -9999.0 -9999.0
-9999.0 -9999.0 -9999.0 -9999.0 -9999.0 -9999.0 -9999.0 -9999.0 -9999.0 -9999.0 -9999.0 -819.016264 -884.018080 -17523.965339 -750.642684 -154.714316 -1449.995117 -2502.372226 -1474.568255 -1036.754513 -898.344488 -1139.631923 -184.957233 -492.907960 -99.077310 -720.085645 -141.589654 -16.247502 -704.527711 -106.754493 -717.868237 -135.204050 -94.968828 -102.643540 -715.528514 -111.063611 -181.398454 -1832.776462 -270.935272 -799.356287 -219.315412 -256.707264 -98.954846 -91.495089 -53.309566 -9999.0 -759.422934 -27.743287 -85.092725 -92.119266 -65.080720 -601.438313 -65.134181 -103.074756 -60.937582 -97.284643 -9999.0 -9999.0
-9999.0 -9999.0 -9999.0 -9999.0 -9999.0 -9999.0 -9999.0 -9999.0 -9999.0 -9999.0 -9999.0 -9999.0 -820.144930 -421.266601 -931.223819 -938.562640 -1130.356267 -2243.821598 -876.785947 -1023.982431 -1585.640682 -9821.754437 -754.526736 -135.098699 -141.366692 -161.314384 2370.300993 -73.641252 -96.994472 -740.738814 -94.531600 -130.180829 -75.687958 -105.569703 -108.022914 -106.941734 -1505.955704 -3317.181164 -841.052780 -600.002602 -1091.837203 -783.560353 -291.859853 -571.187257 -761.407201 -34.034171 -770.484952 -94.665005 -206.666731 -135.371110 12570.219592 -98.323420 1596.165292 812.413823 -98.505419 -489.324627 -409.986325 -9999.0
-9999.0 -9999.0 -9999.0 -9999.0 -9999.0 -9999.0 -9999.0 -9999.0 -9999.0 -9999.0 -9999.0 999.521380 -721.844633 -85.208048 -338.118165 -989.728426 -1316.921120 -1554.595058 -1183.251491 -1094.067587 -1808.888334 -939.755662 395.018800 -266.255843 -179.597427 -149.675275 1023.517265 -113.808801 -114.363368 -711.785380 -132.561163 -137.764194 -103.650105 -102.429815 -107.204427 -93.334597 -191.214004 -139416.461205 -977.767774 -267.455670 -139904.717293 -1212.384776 -153.963105 -149007.143036 -113.483565 -108.232457 -88.862469 -761.488593 -750.771658 -136864.235053 -142503.060687 -109.702810 -100.166232 -104213.835040 -136216.488102 -797.773857 -694.717698 -9999.0
-9999.0 -9999.0 -9999.0 -9999.0 -9999.0 -9999.0 -9999.0 -9999.0 -9999.0 -9999.0 2246.359440 -124.741815 -701.876674 -746.804998 -845.588916 2197.076005 2477.465011 -863.027335 -1364.354332 -1064.718288 -927.171471 -720.398898 -181.996615 -700.379489 -187.920843 3072.019054 -175.479108 -141711.322738 -73.983352 -112.951981 -140.342745 -34.965503 -104.896571 -105.745019 -726.928575 -742.141211 -120.729018 -176.919040 -1665.198603 -270.426594 -844.456490 -145046.728886 -200.216267 -640.806612 -145.574778 -715.263288 -99.612710 -302.545939 -158.879665 -368.252906 -150193.375992 -736.779499 -110833.244274 -779.732251 -791.011712 -107.594668 -96.248678 -9999.0
-9999.0 -9999.0 -9999.0 -9999.0 -9999.0 -9999.0 -9999.0 -9999.0 -9999.0 -99.209096 -503.288450 2282.202853 -119.827230 -192.656140 1869.152605 -63.728849 24.601472 -883.090116 -2316.694379 -1124.336166 -955.587292 -1309.137766 -452.525355 -1158.515571 -404.124873 -130.271544 -160.216295 -106.526398 -524.144203 -65.819101 -272.793993 -798.628670 -647.613322 -773.049119 -752.318939 -739.724967 -103.681331 -152.237269 -160.475314 -148.355995 -199.197838 -267.617652 -167.144879 -1186.618977 -431.963009 -3348.127901 -120.584258 -326.120726 -299.803984 -306.539495 -3472.887940 -713.202299 -791.267915 -726.775817 -745.048771 -168.531835 -103.877286 -537.040059
-9999.0 -9999.0 -9999.0 -9999.0 -9999.0 -9999.0 -9999.0 -9999.0 -9999.0 -66.241401 -99.112874 -116.687362 4836.034438 -428.527166 -121.613474 -198.589119 -733.152905 -1064.337427 -2564.359583 -1037.549187 -1006.895052 -1611.454005 -847.163846 -604.845924 -130.661648 -180.482752 -196.451851 -182.164131 -503.935262 -570.252280 -206.747519 -136.064724 -90.648805 -105.480043 -85.688241 -749.362520 -732.460051 -685.570771 -104.682788 -107.885152 1034.033550 -142.488282 -248.315257 -693.199173 -855.425641 -898.354675 -1179.143401 -6604.298662 -901.074259 -655.237004 -981.671952 -273.818089 -795.778709 -21.187788 -244.553358 721.000819 -152.938014 -115.145622
-9999.0 -9999.0 -9999.0 -9999.0 -9999.0 -9999.0 -9999.0 -9999.0 -9999.0 -9999.0 -95.485839 -107.141270 -51.543992 2951.338669 -1058.780581 -125.240625 -461.897985 -1300.468759 -2838.918933 -1186.723031 -987.502370 -10813.681198 -509.539331 -155.610134 -187.862677 -145.662457 -333.108813 -704.833491 -218.108724 -129.312613 -107.453549 5586.879737 -154.308082 -110.186080 -89.495469 -102.551318 -654.348341 -633.288207 -679.191444 -92.470739 -112.026828 -569.027325 4906.942074 -497.153294 -213.320814 -639.694934 -427.216097 -847.894333 -30423.205975 -2173.021624 -1356.654068 -3487.527738 -772.621822 -786.470027 -83.651328 -22.514181 -287.776952 10408.478751
-9999.0 -9999.0 -9999.0 -9999.0 -9999.0 -9999.0 -9999.0 -9999.0 -9999.0 -9999.0 -93.690926 -97.739825 -613.791078 487.536786 -553.773036 -907.796717 -783.373430 -1202.665077 -1495.169927 -1390.174359 -1485.886585 -1771.877774 -431.164096 -188.506778 -145.588373 -452.610259 -631.813764 -222.100977 -139.053908 -128.793451 -94.161022 -440.036261 -140259.676800 -107.544012 -95.452463 -599.082056 3828.789333 -128.123451 -230.994647 -114.198712 -91.726659 -217.683698 -124.473883 -113.525157 -547.849633 -674.372722 -348.815439 -213.160614 -921.086799 -20499.089749 -183.082737 -233.074966 -103.811888 -715.364986 -792.299917 -795.010235 -23.589057 -180.328546
-9999.0 -9999.0 -9999.0 -9999.0 -9999.0 -9999.0 -9999.0 -9999.0 -475.433534 -93.001358 -80.097794 -461.994050 -105.928728 -132.064751 -139.696913 -737.124306 -3344.700197 -1622.698855 -1341.670068 -1452.825448 -1693.911363 -2922.244420 -2623.567826 -2017.057362 -1009.651550 -605.563810 -547.358567 -144.624423 -116.769945 -174.939545 -767.156697 -92.119800 -92.263666 -110.382133 -89.279652 -102.857010 -127.080560 -52.019516 -130.278180 -746.865278 -738.988099 -572.605550 -150308.100896 -706.699325 -758.649583 2197.379373 -114.134284 -140.053744 -176.279446 -682.971240 -427.665445 -1095.099362 -112.945844 -214.122158 -797.673646 -58.616584 -592.127676 -604.543761
-9999.0 -9999.0 -9999.0 -9999.0 -9999.0 -9999.0 -9999.0 -9999.0 -20.120262 -128.455459 -262.907112 -113.034964 -98.500655 923.837780 -220.704173 -684.264110 -1494.098583 -1923.156958 -22638.164787 -1460.965264 -851.909499 -1091.083371 -1290.049668 -1654.629929 -2520.605048 -1080.348794 -494.024240 -105.304285 -140674.708150 -112.082998 -102.590857 -780.680975 -94.297209 -775.185069 -484.711329 -580.051513 -126.681735 -288.316222 -353.085948 -105.085870 -94.378699 -119.605752 -762.814550 -109.087799 2563.767017 -125.270906 -150358.009727 -102.313548 -232.194891 -637.572900 -518.887445 8787.915467 -126.358748 -25.858841 -65.328531 -127349.941380 -251.989272 -343.309973
-9999.0 -9999.0 -9999.0 -9999.0 -9999.0 -9999.0 -9999.0 -9999.0 -95.519154 2831.988633 -117.157780 -225.567235 -370.459119 -138842.000992 -182.395373 -177.914809 -974.027711 -1617.602104 -3214.800146 -856.808445 -1466.859815 -1107.263028 -1309.303491 -1471.418478 -1202.195711 -1935.541714 -563.267678 -179.947115 -141056.111052 -91.802679 -783.520694 -507.052418 -117.265283 -5946.313394 -549.273632 -120.737747 -825.084986 -155.978122 -76.934798 -241.379090 -102.296718 -781.308609 -536.190559 1857.034695 -115.502088 -518.419377 -780.092608 -488.243600 -135.052392 -189.311698 -704.119227 -350.522070 -157.514740 -152.739392 -282.339104 89.547861 -314.355651 -904.715036
-9999.0 -9999.0 -9999.0 -9999.0 -9999.0 -9999.0 -9999.0 -9999.0 -773.737147 -100.960071 970.911743 -175538.297391 -443.950720 827.567102 -1885.292257 -468.744911 -14313.399104 -3038.511251 -978.439852 -1513.384177 -1430.979879 -1404.057015 -1094.615421 -1120.244567 -1344.361438 -998.455923 -246.330548 -156.235141 -616.760991 -281.943398 -305.995058 -359.768268 -14302.710911 1011.751020 -150429.742563 -132.817513 -149.041600 -2146.238648 -258.163471 -2599.115102 -116.247933 -116.288565 -113.247914 -765.224483 -498.956675 -760.666597 -74.567626 -726.902706 -100.964315 -263.104380 -559.953943 -954.949319 -420.673655 1586.174674 -202.277097 -421.707880 -1268.785617 -943.912349
-9999.0 -9999.0 -9999.0 -9999.0 -9999.0 -9999.0 -9999.0 -9999.0 -64.881312 -406.100061 5618.825136 -159.272799 -153.873071 -190.995763 -334.088842 -840.355443 -740.949812 -1592.276518 -1108.790294 -1987.140689 -1523.816035 -1328.603306 -1394.315567 -1410.586018 -1569.868770 -953.157385 -241.085133 -109.582843 -630.339376 311.178838 -162.694196 -387.332550 -7828.536156 -658.121017 -2958.367334 -20431.618619 -29965.001476 -2865.384794 -16000.277103 -1009.698017 -7120.909492 -152593.323480 -2018.637294 -96990.856379 -268.156707 -117.481362 -499.593036 -332.984109 -454.076130 -443.452670 -9951.627099 -1153.158572 -967.559190 -861.788888 -576.369397 -579.373360 -794.523319 -947.859437
-9999.0 -9999.0 -77.822129 -518.946632 662.774006 -172.670037 -121.278545 -115.420401 -496.993464 -426.621224 -123.343736 1004.494381 -191.361649 190.023723 -876.335472 -67.156964 -185.811801 -189.652641 -180.503520 -712.319228 -1976.677926 -1466.713791 -1126.351928 -1574.147867 -1316.520873 -1662.250810 -880.110918 -852.332759 -1337.866273 -918.507526 -545.466912 -1039.431965 -941.643106 -1869.323485 -1535.026442 -2422.029555 -1702.695735 -3531.852382 -21635.810667 -13225.194658 -37184.153801 -37847.666954 -12565.889703 -1640.287473 -252.929764 -6585.385271 -855.754075 -710.822571 -24966.743611 -1423.525952 -1576.042816 -976.123173 -815.912515 -715.297736 -635.976629 -675.306131 -773.180181 -1000.062050
