user2019/resources/simulation/Vinschgau/output-maps/psiL0003N1237.asc
ncols         63
nrows         48
xllcorner     598000.000000
yllcorner     5145000.000000
cellsize      1000.000000
NODATA_value  -9999.0
[rows 0 to 24 of 48, columns 0 to 56 of 63]
-9999.0 -9999.0 -9999.0 -9999.0 -9999.0 -9999.0 -9999.0 -9999.0 -9999.0 -9999.0 -9999.0 -9999.0 -9999.0 -9999.0 -9999.0 -9999.0 -9999.0 -9999.0 -9999.0 -9999.0 -9999.0 -9999.0 -9999.0 -9999.0 -9999.0 -9999.0 -9999.0 -9999.0 -9999.0 -9999.0 -9999.0 -9999.0 -9999.0 -9999.0 -9999.0 -9999.0 -9999.0 -9999.0 -9999.0 -9999.0 -9999.0 -9999.0 -9999.0 -9999.0 -9999.0 -9999.0 -9999.0 -9999.0 -9999.0 -9999.0 -9999.0 -9999.0 -9999.0 -9999.0 -9999.0 -9999.0 -9999.0
-9999.0 -9999.0 -9999.0 -9999.0 -9999.0 -9999.0 -9999.0 -9999.0 -9999.0 -9999.0 -9999.0 -9999.0 -9999.0 -9999.0 -9999.0 -9999.0 -9999.0 -9999.0 -9999.0 -9999.0 -9999.0 -9999.0 -9999.0 -9999.0 -9999.0 -9999.0 -9999.0 -168.230719 -470.913356 -81.477878 -291.285411 -319.415973 511.744970 -9999.0 -9999.0 -9999.0 -9999.0 -9999.0 -9999.0 -9999.0 -9999.0 -9999.0 -9999.0 -9999.0 -9999.0 -9999.0 -9999.0 -9999.0 -9999.0 -9999.0 -9999.0 -9999.0 -9999.0 -9999.0 -9999.0 -9999.0 -9999.0
-9999.0 -9999.0 -9999.0 -9999.0 -9999.0 -9999.0 -9999.0 -9999.0 -9999.0 -9999.0 -9999.0 -9999.0 -9999.0 -9999.0 -9999.0 -9999.0 -9999.0 -9999.0 -9999.0 -9999.0 -9999.0 -9999.0 -9999.0 -9999.0 -477.958872 -492.140445 -491.606391 -489.247198 -431.848101 -406.347576 -326.110365 -9999.0 -9999.0 -9999.0 -9999.0 -9999.0 -9999.0 -9999.0 -9999.0 -9999.0 -9999.0 -9999.0 -9999.0 -9999.0 -9999.0 -9999.0 -9999.0 -9999.0 -9999.0 -9999.0 -9999.0 -9999.0 -9999.0 -9999.0 -9999.0 -9999.0 -9999.0
-9999.0 -9999.0 -9999.0 -9999.0 -9999.0 -9999.0 -9999.0 -9999.0 -9999.0 -9999.0 -9999.0 -9999.0 -9999.0 -9999.0 -9999.0 -9999.0 -9999.0 -9999.0 -9999.0 -9999.0 -9999.0 -9999.0 -9999.0 -515.093558 -547.927190 -3107.457592 -3129.738646 -3195.768863 -3202.828355 -559.463239 -334.275833 -188.780837 -9999.0 -9999.0 -9999.0 -9999.0 -9999.0 -9999.0 -9999.0 -9999.0 -9999.0 -9999.0 -9999.0 -9999.0 -9999.0 -9999.0 -9999.0 -9999.0 -9999.0 -9999.0 -9999.0 -9999.0 -9999.0 -9999.0 -9999.0 -9999.0 -9999.0
-9999.0 -9999.0 -9999.0 -9999.0 -9999.0 -9999.0 -9999.0 -9999.0 -9999.0 -9999.0 -9999.0 -9999.0 -9999.0 -9999.0 -9999.0 -9999.0 -9999.0 -9999.0 -1181.037353 -620.146610 -9999.0 -550.229962 -586.795088 -3154.886106 -3028.622018 -3123.660221 -926.893344 -1430.881699 -838.347037 -1158.351279 -482.532766 -343.734996 -108.296296 -141.366418 -9999.0 -9999.0 -9999.0 -9999.0 -9999.0 -9999.0 -9999.0 -9999.0 -9999.0 -9999.0 -9999.0 -9999.0 -9999.0 -9999.0 -9999.0 -9999.0 -9999.0 -9999.0 -9999.0 -9999.0 -9999.0 -9999.0 -9999.0
-9999.0 -9999.0 -9999.0 -9999.0 -9999.0 -9999.0 -9999.0 -9999.0 -9999.0 -9999.0 -9999.0 -9999.0 -9999.0 -9999.0 -9999.0 -9999.0 -9999.0 -2969.157370 -2914.471878 -9678.074029 -2517.837692 -739.599298 -1321.240731 -3004.139587 -1613.578728 -662.252708 296370.325909 -702.710334 38364.851782 -743.442872 -545.489918 -501.240421 -129.697932 -167.471196 -118.396468 -125.379128 -9999.0 -9999.0 -9999.0 -9999.0 -9999.0 -9999.0 -9999.0 -9999.0 -9999.0 -9999.0 -9999.0 -9999.0 -9999.0 -9999.0 -9999.0 -9999.0 -9999.0 -9999.0 -9999.0 -9999.0 -9999.0
-9999.0 -9999.0 -9999.0 -9999.0 -9999.0 -9999.0 -9999.0 -9999.0 -9999.0 -9999.0 -9999.0 -9999.0 -9999.0 -1495.625548 -2690.349162 -2797.525100 -2955.113852 -8700.588715 -2948.384321 -3092.017346 -3023.274310 -2925.049493 -3080.742262 -2224.194249 -741.202045 -580.169474 -93.603855 1541.127956 603.250502 -460.353596 645177.227150 -416.198288 -411.590122 -265.453902 -39.904337 -130.027741 -9999.0 -9999.0 -9999.0 -9999.0 -9999.0 -9999.0 -9999.0 -9999.0 -9999.0 -9999.0 -9999.0 -9999.0 -9999.0 -9999.0 -9999.0 -9999.0 -9999.0 -9999.0 -9999.0 -9999.0 -9999.0
-9999.0 -9999.0 -9999.0 -9999.0 -9999.0 -9999.0 -9999.0 -9999.0 -9999.0 -9999.0 -9999.0 -9999.0 -9999.0 -1120.443290 -3095.575810 -2911.713614 -2908.668703 -2128.711093 -8729.209874 -3111.774294 -2941.827007 -3393.748851 -2560.609002 -1417.111593 -1451.961242 -897.380528 -499.454392 -208.642950 -105.821697 50926.050132 801107.308627 -349.541900 -71.803907 -52.520665 -69.177112 -9999.0 -9999.0 -9999.0 -9999.0 -9999.0 -9999.0 -9999.0 -9999.0 -9999.0 -9999.0 -9999.0 -9999.0 -9999.0 -9999.0 -9999.0 -9999.0 -9999.0 -9999.0 -9999.0 -9999.0 -9999.0 -9999.0
-9999.0 -9999.0 -9999.0 -9999.0 -9999.0 -9999.0 -9999.0 -9999.0 -9999.0 -9999.0 -9999.0 -9999.0 -9999.0 -3151.526632 439.588511 -3200.299588 -2906.518851 -2916.402307 -8822.027091 -2952.915381 -2501.255149 -9006.227855 -738.042925 -103.159430 -2627.672536 -1513.279591 -293.048788 -111.150484 -258.302152 -52.009360 -214.899262 -38.781944 -54.011564 -36.266380 -121.764853 -9999.0 -9999.0 -9999.0 -9999.0 -9999.0 -9999.0 -9999.0 -9999.0 -9999.0 -9999.0 -9999.0 -9999.0 -9999.0 -9999.0 -9999.0 -9999.0 -9999.0 -9999.0 -9999.0 -9999.0 -9999.0 -9999.0
-9999.0 -9999.0 -9999.0 -9999.0 -9999.0 -9999.0 -9999.0 -9999.0 -9999.0 -9999.0 -9999.0 -9999.0 -3106.001536 6327.697984 -3164.681286 -3031.148989 -2384.131959 -2844.221295 -3065.185844 -10195.202241 -3025.930740 -996.465712 -740.871056 -617.245099 706499.239486 -490.712250 710073.194192 -341.253849 -276.269624 -53.499846 -34.635019 -75.469291 -15.062696 -143.215907 -9999.0 -9999.0 -9999.0 -9999.0 -9999.0 -9999.0 -9999.0 -9999.0 -9999.0 -9999.0 -9999.0 -9999.0 -9999.0 -9999.0 -9999.0 -9999.0 -9999.0 -9999.0 -9999.0 -9999.0 -9999.0 -9999.0 -9999.0
-9999.0 -9999.0 -9999.0 -9999.0 -9999.0 -9999.0 -9999.0 -9999.0 -9999.0 -9999.0 -9999.0 -869.708395 -3162.837518 117.852564 -3190.955723 -1518.125752 -10662.928154 -2910.925529 -1723.091226 -11189.437713 -2881.262982 -1943.534584 -731.594483 -540.549469 -502.030015 -444.574188 -305.149097 -398.338357 3176.906471 -115.898741 -113.040939 -399.040763 -42.883049 -130.446441 -84.262231 -58.649120 -393.355135 -690.836260 -610.686044 -9999.0 -9999.0 -9999.0 -134.878829 -9999.0 -9999.0 -9999.0 -9999.0 -9999.0 -9999.0 -9999.0 -9999.0 -9999.0 -9999.0 -9999.0 -9999.0 -9999.0 -9999.0
-9999.0 -9999.0 -9999.0 -9999.0 -9999.0 -9999.0 -9999.0 -9999.0 -9999.0 -9999.0 -9999.0 -805.119236 -3158.740340 -3314.698002 -3292.432405 -2299.305566 -3377.659141 -2976.602725 -2079.114485 -3109.000860 -1983.633909 -1310.810570 -447.431423 938539.272935 1016676.556292 -446.135402 -415.618103 -428.794612 -110.198623 -125.378411 -388.671494 -343.909851 -225.506067 -23.135602 -303.263532 -394.423867 -491.001526 -1171.070687 -940.367032 -130.786351 -125.090325 -134.126460 -327.660017 -112.684389 -9999.0 -9999.0 -9999.0 -479.178235 -34.657305 -39.130643 -28.938319 -64.236806 -54.588320 -239.883144 -43.058364 -67.399311 -9999.0
-9999.0 -9999.0 -9999.0 -9999.0 -9999.0 -9999.0 -9999.0 -9999.0 -9999.0 -9999.0 -9999.0 -743.581950 -911.993331 -640.375884 -1212.766843 -2631.090789 -2541.662177 -2843.926678 -3538.613896 -3174.408986 -1664.815663 -480.368876 1000230.818455 -428.647202 -460.620937 -181.664665 1103741.311086 1091637.119858 -126.723833 -282.823593 -114.179203 1088080.431885 -389.918678 -120.736006 -53.475447 -433.408628 1090006.951900 834414.473444 -2013.586628 -134.662914 -588.448514 -470.975628 -393.463391 -370.604978 -28.642024 -9999.0 -134.695079 -26.923254 -253.808736 -383.201422 -471.345090 -119.221667 -491.814691 -298.943548 -184.233208 -21.455006 -9999.0
-9999.0 -9999.0 -9999.0 -9999.0 -9999.0 -9999.0 -9999.0 -9999.0 -9999.0 -9999.0 -9999.0 -9999.0 -745.482939 -145.338638 -1205.092384 -1245.587875 -1742.384886 -2775.376435 -1944.627698 -3077.856049 -2483.778028 -805.189808 56362.222829 725783.318197 1103017.218313 1151158.038200 2300.646578 -597.461310 -328.291718 -100.363704 -402.700383 1141195.536231 -558.510596 -210.698011 -142.571554 -388.696581 1111819.586540 669980.988067 -812.430859 -2117.796715 -1730.478957 -310.323386 1108016.971057 -448.357351 -47.007930 -28.138966 -107.402644 -21.717976 1054525.466809 1080938.954403 29971.318353 980151.862468 980974.080130 1001041.977672 1005064.842584 -115.760851 -109.658955
-9999.0 -9999.0 -9999.0 -9999.0 -9999.0 -9999.0 -9999.0 -9999.0 -9999.0 -9999.0 -9999.0 1053203.583869 -605.906407 -2825.610500 43.628890 -724.910247 -1537.575485 -2521.647384 -2771.678037 -2515.874711 -2681.719170 -1015.169778 46.803529 1134926.873320 1166277.977683 1166042.571979 1168392.127028 -346.365011 -328.996987 -202.818227 1160263.702853 1138827.676059 -453.633962 -262.664332 -268.181253 -327.599770 -510.704999 60105.439109 -740.172949 -2198.212102 86015.639891 -795.264894 7071.113052 -71.386151 -595.617744 -329.327979 -349.604969 -102.729568 -105.211496 1258.969554 335671.994557 -361.964767 105831.623885 -32.889635 -38.475784 -32.870672 -44.536636
-9999.0 -9999.0 -9999.0 -9999.0 -9999.0 -9999.0 -9999.0 -9999.0 -9999.0 -9999.0 2163.876438 160507.513065 -591.617756 -644.466596 -837.698610 2019.430690 2019.987505 -1007.024652 -2746.246826 -2416.599794 -2128.249588 -788.793157 1480790.509257 -584.709625 1315.206306 1009188.221807 1113323.644298 270955.324242 -682.528147 -599.982750 405481.218829 405266.768038 -481.909011 -264.023287 -134.765486 -129.249780 -531.748411 864508.368424 1216437.905525 -346.111424 -474.327754 -60.676132 -33.445633 -705.951674 1967.205483 -213.301419 -474.861230 965428.942935 1036704.980242 -16.786344 -32.238984 -72.945574 -30.750000 -23.324050 -44.697314 -276.842035 -254.917794
-9999.0 -9999.0 -9999.0 -9999.0 -9999.0 -9999.0 -9999.0 -9999.0 -9999.0 -464.074473 -491.711292 2266.346890 441.436000 472249.242190 723413.884212 36029.718864 4348.722735 -998.622311 -2835.108615 -2631.494404 -2443.622891 -2302.036503 -1366.209798 -1222.896006 -397.003577 1539253.995754 1127627.528177 -481.603381 31120.852979 88.679854 -214.734875 1491527.914093 -145.890049 -96.773924 -133.195701 -123.699187 -481.839230 1273449.180043 1180138.791429 706077.041197 1311172.867836 1522142.607293 1546445.788068 -1095.066788 -1061.481326 1535.722101 -726.226348 811940.208847 753315.396072 -260.724045 875764.319683 -58.044573 -30.295938 -49.224001 -36.277898 1129.816710 5313.229948
-9999.0 -9999.0 -9999.0 -9999.0 -9999.0 -9999.0 -9999.0 -9999.0 -9999.0 -543.436246 -469.478484 -650.868617 4780.722910 -331.708281 12270.012469 551102.722035 -618.292328 -904.725102 -2892.936038 -3161.429844 -2955.299650 -3391.444342 -1120.129904 -529.276906 1536512.283515 1188294.941740 759047.125058 593.614199 -345.418107 -560.070396 -557.772779 1438604.260772 -375.519533 -208.964719 -262.971221 -126.578397 -161.575019 -299.595091 -471.274448 -507.976029 1217195.049579 1160415.149741 95062.963154 -514.268339 -1507.439616 -1027.910977 -1065.372926 -741.804299 -471.843427 -568.086912 1483391.812769 946964.960957 -35.604799 807.465945 -22.983246 129239.085956 122091.999983
-9999.0 -9999.0 -9999.0 -9999.0 -9999.0 -9999.0 -9999.0 -9999.0 -9999.0 -9999.0 -399.002989 -508.991594 1310.175409 707327.354164 -443.547065 3845.236424 -538.273943 -1521.626009 -2953.661046 -2898.335025 -2759.695671 -2862.623508 -133.443667 1382218.666800 1138187.839761 2053.817922 -224.830117 -533.006594 -572.149817 1539076.518586 1515836.032697 1507103.541671 1053828.317393 -248.384678 -328.354960 -442.774198 -545.544323 -496.860549 -164.763326 -384.578490 -384.587340 -452.863211 4831.625078 1065.887247 -384.975315 -414.313332 -2398.383324 -1140.317038 -2858.034792 -708.530778 1470021.472898 362451.228386 -38.026755 -24.427131 931.307430 -26.332536 23.251941
-9999.0 -9999.0 -9999.0 -9999.0 -9999.0 -9999.0 -9999.0 -9999.0 -9999.0 -9999.0 -275.631445 -447.445560 -508.690000 68.533289 -513.478465 -957.122976 -952.629110 -2423.396499 -2937.640231 -3115.882543 -2879.565634 -2693.246659 1612.587182 8820.294900 1348.366230 -333.681198 -649.685975 863.794241 1536227.538757 1081302.126893 -405.148485 -319.450937 130593.788360 -257.010985 -416.315918 -431.653760 205642.360382 432654.071097 1015633.043699 -330.640838 -388.523342 -97.332696 1022890.235974 -597.144212 -562.757809 1535953.404497 -236.662871 120.998251 -2629.904346 -1294.378943 25.877198 977797.194419 962210.047906 -33.159301 -6.790672 -33.856933 -28.540320
-9999.0 -9999.0 -9999.0 -9999.0 -9999.0 -9999.0 -9999.0 -9999.0 -397.333941 -374.530266 -374.989610 -371.164401 482486.668724 196893.482664 355726.183366 -865.097035 -2881.479214 -3393.892410 -3170.023716 -3151.737057 -3017.461622 -3000.883112 -2976.206174 -2850.629083 -807.041661 -689.250547 -604.562211 1617013.154539 1222634.712103 1072889.507214 -46.673594 -389.240587 -395.609451 -288.475134 -349.194554 -475.331061 -914.646092 174346.027688 1531949.754130 -131.745631 -225.232189 -438.232663 400369.247477 -156.006779 -549.727203 2114.724640 1508547.843752 199582.228271 843.677019 -693.256342 -423.861865 1052113.584450 331435.594098 870338.549554 -42.298514 -181.876845 -40.552498
-9999.0 -9999.0 -9999.0 -9999.0 -9999.0 -9999.0 -9999.0 -9999.0 -713775232.618792 388657.976220 1071894.917094 -318.540635 -457.569449 1063063.088475 1522272.813257 -630.222153 -2533.495213 -2717.647192 -3011.952963 -3185.261286 -2201.891821 -3589.165487 -3738.006252 -3770.486287 -2905.189241 -1912.924899 -572.029443 233473.216615 44784.261607 -313.135602 -174.619660 -141.141666 -419.168182 -168.850157 -410.643449 -484.741988 -909.684159 28.453633 60377.250532 -514.030763 -403.603533 -148.269262 -197.366290 -556.972014 2601.813918 997007.053669 341544.298685 -491.383500 21570.080751 -520.852680 -441.320746 12771.645957 323023.466598 -27.666755 -448.492269 -85.848885 1016848.247078
-9999.0 -9999.0 -9999.0 -9999.0 -9999.0 -9999.0 -9999.0 -9999.0 -418.711634 3365.812984 17.192306 1047403.175328 -238.046639 351776.193965 815870.173971 1520765.900636 -1041.204941 -2908.762832 -2983.455950 -2207.358433 -3214.663109 -3549.796151 -3650.933864 -3174.324610 -3237.607757 -2683.556365 -599.827433 1584303.045248 98352.062952 -396.073702 -189.538583 -389.335204 1056611.375374 1118557.943961 -441.099320 -754.721161 -414.378541 -462.413929 82297.151176 1037304.109457 -485.483099 -249.161822 -467.647046 2586.745473 1117739.130360 -450.397338 -128.516978 -398.944427 1142724.202199 951.748293 -787.324292 -315.061086 216945.282288 384322.511720 16768.952897 76.557086 24.681105
-9999.0 -9999.0 -9999.0 -9999.0 -9999.0 -9999.0 -9999.0 -9999.0 -59.880345 -476.617594 118869.007374 31096.628613 -409.615792 1055142.878903 1477491.449953 -518.050061 -2838.981112 -2932.267135 -2745.514904 -2978.994856 -3140.356113 -3156.902929 -3394.907557 -3325.133733 -2674.234965 -1117.454087 310836.177619 1541772.806080 -526.176365 1341620.149286 888241.121445 531667.239361 23.718876 459.984624 781.962722 -1056.120582 -1874.591359 -2722.842771 -685.178572 945.172780 -638.377428 -650.572525 -605.931983 -436.600127 -444.392453 -234.834202 -765.854111 -241.126921 -457.838557 1071105.340532 929.599825 -1042.129871 -424.691231 6900.667626 24.806658 -286.011544 -974.023672
-9999.0 -9999.0 -9999.0 -9999.0 -9999.0 -9999.0 -9999.0 -9999.0 -12.950761 -321.991262 -792.678486 1560835.310519 1578056.571862 1600654.063892 -388.181594 -964.952571 -916.688345 -2426.663857 -1526.048844 -2735.540304 -2888.535437 -3048.343444 -3053.962307 -2991.664540 -3245.668875 -1144.503823 1536892.847375 1377.740086 -515.790480 45.630935 1478466.770632 -346.743207 -641.326090 -440.821712 -617.329712 -1784.309660 -2846.994315 -2849.922292 -2815.752961 -749.751662 -767.551872 -789.291082 -556.854763 -367.785320 920752.296509 -653.420084 24549.578585 546510.068656 51063.001550 -275.692062 -879.983550 -1796.002852 -1163.798441 -753.728524 -458.690794 -556.973556 -898.106808
