user2019/resources/simulation/Vinschgau/output-maps/psiL0007N0442.asc
ncols         63
nrows         48
xllcorner     598000.000000
yllcorner     5145000.000000
cellsize      1000.000000
NODATA_value  -9999.0
[rows 0 to 25 of 48, columns 0 to 57 of 63]
-9999.0 -9999.0 -9999.0 -9999.0 -9999.0 -9999.0 -9999.0 -9999.0 -9999.0 -9999.0 -9999.0 -9999.0 -9999.0 -9999.0 -9999.0 -9999.0 -9999.0 -9999.0 -9999.0 -9999.0 -9999.0 -9999.0 -9999.0 -9999.0 -9999.0 -9999.0 -9999.0 -9999.0 -9999.0 -9999.0 -9999.0 -9999.0 -9999.0 -9999.0 -9999.0 -9999.0 -9999.0 -9999.0 -9999.0 -9999.0 -9999.0 -9999.0 -9999.0 -9999.0 -9999.0 -9999.0 -9999.0 -9999.0 -9999.0 -9999.0 -9999.0 -9999.0 -9999.0 -9999.0 -9999.0 -9999.0 -9999.0 -9999.0
-9999.0 -9999.0 -9999.0 -9999.0 -9999.0 -9999.0 -9999.0 -9999.0 -9999.0 -9999.0 -9999.0 -9999.0 -9999.0 -9999.0 -9999.0 -9999.0 -9999.0 -9999.0 -9999.0 -9999.0 -9999.0 -9999.0 -9999.0 -9999.0 -9999.0 -9999.0 -9999.0 -594.124967 -587.206089 -593.468742 -582.364942 -582.691083 -582.807242 -9999.0 -9999.0 -9999.0 -9999.0 -9999.0 -9999.0 -9999.0 -9999.0 -9999.0 -9999.0 -9999.0 -9999.0 -9999.0 -9999.0 -9999.0 -9999.0 -9999.0 -9999.0 -9999.0 -9999.0 -9999.0 -9999.0 -9999.0 -9999.0 -9999.0
-9999.0 -9999.0 -9999.0 -9999.0 -9999.0 -9999.0 -9999.0 -9999.0 -9999.0 -9999.0 -9999.0 -9999.0 -9999.0 -9999.0 -9999.0 -9999.0 -9999.0 -9999.0 -9999.0 -9999.0 -9999.0 -9999.0 -9999.0 -9999.0 -373.592792 -372.282354 -272.023974 -256.106255 -186.821512 -548.332892 -586.706506 -9999.0 -9999.0 -9999.0 -9999.0 -9999.0 -9999.0 -9999.0 -9999.0 -9999.0 -9999.0 -9999.0 -9999.0 -9999.0 -9999.0 -9999.0 -9999.0 -9999.0 -9999.0 -9999.0 -9999.0 -9999.0 -9999.0 -9999.0 -9999.0 -9999.0 -9999.0 -9999.0
-9999.0 -9999.0 -9999.0 -9999.0 -9999.0 -9999.0 -9999.0 -9999.0 -9999.0 -9999.0 -9999.0 -9999.0 -9999.0 -9999.0 -9999.0 -9999.0 -9999.0 -9999.0 -9999.0 -9999.0 -9999.0 -9999.0 -9999.0 -415.624575 -235.531017 -551.650573 -1307.812114 -37147.071707 -36891.544591 -580.846462 -585.523487 -593.517555 -9999.0 -9999.0 -9999.0 -9999.0 -9999.0 -9999.0 -9999.0 -9999.0 -9999.0 -9999.0 -9999.0 -9999.0 -9999.0 -9999.0 -9999.0 -9999.0 -9999.0 -9999.0 -9999.0 -9999.0 -9999.0 -9999.0 -9999.0 -9999.0 -9999.0 -9999.0
-9999.0 -9999.0 -9999.0 -9999.0 -9999.0 -9999.0 -9999.0 -9999.0 -9999.0 -9999.0 -9999.0 -9999.0 -9999.0 -9999.0 -9999.0 -9999.0 -9999.0 -9999.0 -213.585396 -358.956061 -9999.0 -382.949518 -284.022714 -36211.816172 -708.029605 -37423.014825 -178.163580 -42.158218 -123.251593 -938.080089 -572.327689 -582.110351 -593.177612 -593.265807 -9999.0 -9999.0 -9999.0 -9999.0 -9999.0 -9999.0 -9999.0 -9999.0 -9999.0 -9999.0 -9999.0 -9999.0 -9999.0 -9999.0 -9999.0 -9999.0 -9999.0 -9999.0 -9999.0 -9999.0 -9999.0 -9999.0 -9999.0 -9999.0
-9999.0 -9999.0 -9999.0 -9999.0 -9999.0 -9999.0 -9999.0 -9999.0 -9999.0 -9999.0 -9999.0 -9999.0 -9999.0 -9999.0 -9999.0 -9999.0 -9999.0 -772.562292 -5477.709212 -35537.471287 -591.479516 -770.025106 -1127.384744 -40228.541176 -229.264019 -2325.724388 -2273.912051 -440.984955 -1878.961532 31.417157 -173.498932 -567.326874 -591.199464 -592.622197 -583.502128 -582.375989 -9999.0 -9999.0 -9999.0 -9999.0 -9999.0 -9999.0 -9999.0 -9999.0 -9999.0 -9999.0 -9999.0 -9999.0 -9999.0 -9999.0 -9999.0 -9999.0 -9999.0 -9999.0 -9999.0 -9999.0 -9999.0 -9999.0
-9999.0 -9999.0 -9999.0 -9999.0 -9999.0 -9999.0 -9999.0 -9999.0 -9999.0 -9999.0 -9999.0 -9999.0 -9999.0 -592.120971 -670.495363 -449.967847 -463.404047 -592.099235 -755.321383 -34981.606438 -1412.419335 -956.912378 -34242.179731 -163.043145 -2186.116618 -376.230450 -2312.149942 -1662.333066 -1345.362516 -487.087202 -98.022056 -263.097705 -586.035494 -581.571202 -582.171858 -582.136699 -9999.0 -9999.0 -9999.0 -9999.0 -9999.0 -9999.0 -9999.0 -9999.0 -9999.0 -9999.0 -9999.0 -9999.0 -9999.0 -9999.0 -9999.0 -9999.0 -9999.0 -9999.0 -9999.0 -9999.0 -9999.0 -9999.0
-9999.0 -9999.0 -9999.0 -9999.0 -9999.0 -9999.0 -9999.0 -9999.0 -9999.0 -9999.0 -9999.0 -9999.0 -9999.0 -259.990265 -628.748694 -606.835176 -719.487368 -143.523400 -591.612524 -4948.587412 -151167.979900 -592.987653 -2358.079133 -2193.003320 -541.737074 -16650.091544 -592.558971 -582.830818 -582.340608 -937.407459 -463.902243 -581.821830 -582.124130 -582.011979 -582.121866 -9999.0 -9999.0 -9999.0 -9999.0 -9999.0 -9999.0 -9999.0 -9999.0 -9999.0 -9999.0 -9999.0 -9999.0 -9999.0 -9999.0 -9999.0 -9999.0 -9999.0 -9999.0 -9999.0 -9999.0 -9999.0 -9999.0 -9999.0
-9999.0 -9999.0 -9999.0 -9999.0 -9999.0 -9999.0 -9999.0 -9999.0 -9999.0 -9999.0 -9999.0 -9999.0 -9999.0 -1410.562165 -74.874371 -535.529013 -638.682768 -571.235070 -591.240274 -794.630959 -172.129764 -23485.806484 -2024.395906 -2638.151747 -936.718455 -454.932625 -593.442512 -582.671285 -588.162365 -582.060323 -581.874502 -582.124375 -582.187739 -582.087747 -581.954300 -9999.0 -9999.0 -9999.0 -9999.0 -9999.0 -9999.0 -9999.0 -9999.0 -9999.0 -9999.0 -9999.0 -9999.0 -9999.0 -9999.0 -9999.0 -9999.0 -9999.0 -9999.0 -9999.0 -9999.0 -9999.0 -9999.0 -9999.0
-9999.0 -9999.0 -9999.0 -9999.0 -9999.0 -9999.0 -9999.0 -9999.0 -9999.0 -9999.0 -9999.0 -9999.0 -37720.119192 2254.842985 -441.152044 -634.750293 -635.421844 -349.402964 -191.096783 -37418.356870 -920.498138 -908.778173 -6466.287503 -831.994770 1814.155107 -582.806788 -357.558485 -592.416754 -563.439050 -582.462127 -582.145311 -593.660608 -579.996170 -584.360984 -9999.0 -9999.0 -9999.0 -9999.0 -9999.0 -9999.0 -9999.0 -9999.0 -9999.0 -9999.0 -9999.0 -9999.0 -9999.0 -9999.0 -9999.0 -9999.0 -9999.0 -9999.0 -9999.0 -9999.0 -9999.0 -9999.0 -9999.0 -9999.0
-9999.0 -9999.0 -9999.0 -9999.0 -9999.0 -9999.0 -9999.0 -9999.0 -9999.0 -9999.0 -9999.0 -361.643880 -485.324540 319.231813 -910.008973 -323.001249 -3388.289433 -455.918102 54.769487 -41535.410599 -142433.834172 -116.674492 -579.055289 -583.688867 -7126.975848 -588.777399 -582.730190 -580.420353 -104.066098 -582.290417 -593.208802 -560.005067 -590.155673 -584.501512 -591.976926 -593.255241 -583.742289 -587.988501 -593.224384 -9999.0 -9999.0 -9999.0 -584.521992 -9999.0 -9999.0 -9999.0 -9999.0 -9999.0 -9999.0 -9999.0 -9999.0 -9999.0 -9999.0 -9999.0 -9999.0 -9999.0 -9999.0 -9999.0
-9999.0 -9999.0 -9999.0 -9999.0 -9999.0 -9999.0 -9999.0 -9999.0 -9999.0 -9999.0 -9999.0 -369.749324 -582.912976 -20504.577620 -581.632847 -587.866376 -651.467351 -3161.838260 -135.120284 -276.323438 -157.323269 -540.069175 -225.723804 -599.651898 -405.809071 -583.303556 -584.688846 -562.742703 -593.121997 -584.247005 -567.546072 -532.280443 -580.535556 -590.479888 -591.715167 -560.538675 -564.636646 -569.799460 -584.835836 -592.835617 -591.987927 -590.245515 -555.491290 -584.377073 -9999.0 -9999.0 -9999.0 -313.593146 -593.649491 -594.571119 -591.669399 -594.685031 -594.319064 -329.558149 -233.270388 -585.140957 -9999.0 -9999.0
-9999.0 -9999.0 -9999.0 -9999.0 -9999.0 -9999.0 -9999.0 -9999.0 -9999.0 -9999.0 -9999.0 -246.185387 -427.384207 -1095.412022 -355.033858 -585.393197 -444.311138 -896.481019 -155.409219 -218.030726 -308.592523 -32809.493626 -492.025848 -209.409093 -583.490353 -592.554476 -415.266420 -882.001892 -584.179727 -584.872429 -583.364979 -1342.728663 -559.860756 -587.619835 -588.850223 -548.186382 -1076.292924 -40851.720427 -579.012312 -592.019616 -590.941467 -591.986257 -535.847798 -573.379266 -592.575365 -9999.0 -586.054271 -590.785028 -581.318867 -555.579860 -593.502351 -594.103593 -592.938923 -479.291180 -596.444022 -590.843133 -9999.0 -9999.0
-9999.0 -9999.0 -9999.0 -9999.0 -9999.0 -9999.0 -9999.0 -9999.0 -9999.0 -9999.0 -9999.0 -9999.0 -313.523844 -187.302284 -325.749078 -325.929871 -1012.786773 -1040.859368 -15.912326 -195.620577 -1708.013448 -36267.513053 -36066.726623 -391.947794 -429.609987 -499.352565 -39.085423 -583.786451 -583.802070 -593.737039 -576.970668 -424.413121 -593.175149 -581.878155 -585.269526 -561.209244 -1034.740317 -11255.466219 -351.462052 -592.613252 -489.823048 -592.434237 -37439.823038 -193.455233 -593.032165 -589.403841 -594.122073 -591.836289 -1275.881482 -381.462475 198.880222 -392.748198 1181.187562 378.211898 -571.898818 -478.822822 -371.828178 -9999.0
-9999.0 -9999.0 -9999.0 -9999.0 -9999.0 -9999.0 -9999.0 -9999.0 -9999.0 -9999.0 -9999.0 -189.499399 -483.005694 -592.904057 -402.397594 -410.363409 -361.843166 -988.976101 -140.408530 -553.588990 -1802.427742 -1580.391308 -490.613163 -3086.097519 -593.679880 -329.349230 -85.085396 -583.662472 -592.675671 -592.932134 -376.142231 -365.568872 -515.941275 -579.029503 -582.560180 -571.405750 -588.033713 -42761.965756 -623.689338 -580.538617 -41242.844181 -6946.795147 -386.063190 -39378.918608 -492.229782 -589.382837 -570.972443 -593.625844 -593.898158 -38853.853099 -974.122215 -591.615121 -583.640248 -619.265152 -588.153929 -584.226024 -594.467963 -9999.0
-9999.0 -9999.0 -9999.0 -9999.0 -9999.0 -9999.0 -9999.0 -9999.0 -9999.0 -9999.0 1247.527510 -433.798429 -215.959692 -358.124253 -218.654050 -158.689434 -211.932537 -1781.991014 -466.748453 -625.269942 -184.883745 -389.063468 -127928.331767 -227.548943 -604.666202 1205.828323 -1148.136582 -2275.118672 -592.982483 -549.768724 -335.681044 -299.945796 -578.339492 -582.124819 -582.253115 -591.807005 -552.011402 -701.935436 -2042.821783 -595.700121 -38715.404339 -38023.941454 -584.371449 -263.626470 -515.655734 -592.912169 -575.063729 -37690.240302 -367.099626 -352.294613 -2820.426071 -584.597554 -586.816183 -584.292973 -584.964738 -586.802326 -586.066528 -9999.0
-9999.0 -9999.0 -9999.0 -9999.0 -9999.0 -9999.0 -9999.0 -9999.0 -9999.0 -591.701710 367.950221 241.117579 -333.309057 -601.588330 -455.720957 -403.510353 -646.128719 -169.883676 -2280.653481 -792.160161 -279.546219 -12854.092964 -148730.218217 -875.422909 -509.402057 -52567.959080 -987.908244 -532.603520 -37222.016990 -501.220024 -340.711255 -4133.478395 -582.638193 -582.507090 -585.991340 -583.956884 -571.505945 -536.916352 -748.359127 -377.234680 -876.768407 -938.180441 -69061.226196 -1989.520440 -143981.413997 -37740.699255 -406.282680 -38497.011632 -38528.712759 200.656757 -28485.283838 -594.280766 -584.276374 -586.774169 -591.372307 -1075.564739 -368.491313 -593.785840
-9999.0 -9999.0 -9999.0 -9999.0 -9999.0 -9999.0 -9999.0 -9999.0 -9999.0 -592.958204 -592.820272 -590.903418 1415.117011 -544.607619 -782.330536 -803.107803 -171.944916 -558.049732 -2566.782257 -580.335197 -503.727371 -207.271942 -219.833697 -217.296687 -63092.286050 -1740.522454 -656.806813 -577.406904 -440.146961 57.555552 -590.173933 -4865.709512 -579.915407 -591.610827 -565.202666 -591.796181 -592.811076 -592.652695 -582.974581 -571.737757 -223.716050 -904.412006 -1083.413890 -422.372556 -404.201035 -327.458656 -720.776408 -36662.372126 -38503.086872 -432.796435 -73060.347028 -1026.030909 -585.825393 -585.690835 -585.144186 -447.783909 -1527.371305 -320.990462
-9999.0 -9999.0 -9999.0 -9999.0 -9999.0 -9999.0 -9999.0 -9999.0 -9999.0 -9999.0 -592.886684 -585.351397 -356.606236 1271.828928 -35972.984305 -788.217339 -683.716452 -670.762822 -4143.164073 -792.356505 -399.224537 -142505.227731 -1600.205429 -62263.343764 -1329.652170 -703.045365 -820.032604 -409.903138 -589.543636 -595.075942 -2891.565781 2124.836000 -755.826089 -583.372673 -563.160726 -506.230094 -329.189999 -235.138578 -593.570958 -582.767720 -582.827661 -219.560291 1255.101004 -1699.101371 -50378.816140 -1442.729081 -77129.766390 -141.286649 -34368.249268 -34603.847166 -123969.659408 -15229.746717 -594.623625 -585.926002 -559.925189 -588.248771 -310.704803 3395.032702
-9999.0 -9999.0 -9999.0 -9999.0 -9999.0 -9999.0 -9999.0 -9999.0 -9999.0 -9999.0 -591.690655 -590.419684 -336.591631 -378.897782 328.375631 -2054.539654 -2417.163434 -635.201952 -802.226490 -876.997029 -1036.196168 -5583.560804 -3376.519454 -5246.803811 -1263.259249 -865.581793 -176.773468 -755.404310 -628.428377 -706.174557 -583.709025 -236.241983 -2928.016251 -583.883970 -582.892376 -278.986379 -91.419994 -394.508877 -1707.139450 -584.058929 -585.703688 -594.046442 -421.011885 -584.649806 -156.357808 -84877.045674 -382.444433 -50019.302593 -52682.124892 -33813.948887 -50008.714002 -9800.383962 -356.751537 -594.657561 -584.572674 -594.543514 -592.237039 -1935.838846
-9999.0 -9999.0 -9999.0 -9999.0 -9999.0 -9999.0 -9999.0 -9999.0 -219.989144 -569.637991 -592.122394 -278.602569 -336.081443 -348.171928 -747.354785 -110.591301 -5846.825041 -188.392758 -746.357311 -924.102521 -1230.165075 -10603.007659 -4627.346499 -7911.022565 -2242.021422 -249.883244 1.555128 -604.470904 -345.619226 -887.676591 -583.177203 -582.434180 -584.135406 -587.367300 -587.940372 -583.600820 -583.375318 -379.892847 -2226.897881 -593.896148 -586.396089 -282.169800 -893.949026 -583.328975 -593.823076 -99.747203 -2384.645598 -407.485972 -39281.877203 -26.219887 -1486.585483 -146524.169814 -349.666285 -956.440348 -593.954409 -589.197121 -593.769479 -145.553640
-9999.0 -9999.0 -9999.0 -9999.0 -9999.0 -9999.0 -9999.0 -9999.0 -1257.539942 -342.287465 -1618.754638 -587.071515 -591.341479 -221.848913 -1488.976774 -1390.120482 -1829.311333 -2604.664562 -152868.231748 -921.358172 -464.460170 -616.408934 -511.195374 -227.841687 -13774.600414 -270.473930 -61.616481 -316.197181 -1476.915828 -585.287812 -588.896133 -593.212451 -583.629992 -594.324610 -232.842547 -210.705064 -529.554448 -336.050637 -2910.563876 -579.039261 -588.581123 -583.537418 -584.576099 -579.260469 -51.410107 -404.688546 -934.733622 -584.111873 -2558.042481 -1409.284906 -1325.237825 -303.691331 -713.930878 -541.479690 -592.666614 -35358.412739 -32521.842729 -32867.350038
-9999.0 -9999.0 -9999.0 -9999.0 -9999.0 -9999.0 -9999.0 -9999.0 -591.905290 -182.999443 -590.424606 -1168.431610 -186.751509 -1227.874097 -381.075008 -131726.899353 -4918.978082 -3703.863187 -25418.426696 -438.269128 -914.313986 -610.316616 -660.579317 -886.155255 -390.130909 -2156.299515 -1469.225546 -1188.467535 -5483.404426 -577.236992 -593.385394 -181.781040 -379.298860 -3587.369299 -213.163055 -459.031786 -2380.826025 -39184.321867 -31519.165723 -1528.112267 -591.875670 -594.319695 -255.522754 -155.338243 -572.711873 -395.384064 -594.034092 -330.422665 -647.249129 -47277.963407 -228.211130 -1337.829282 -31366.401704 -30356.605995 -31342.235694 -239.637267 -253.441748 -317.931953
-9999.0 -9999.0 -9999.0 -9999.0 -9999.0 -9999.0 -9999.0 -9999.0 -583.441090 -579.716073 257.331040 -7712.327461 -177.440195 207.230958 -146327.421953 -1897.715649 -152804.447939 -2760.707634 -361.332868 -898.254070 -884.954379 -784.177397 -534.760831 -516.107874 -577.458240 -1888.279803 -1729.954691 -98471.836201 -226.383944 -34706.154867 -26639.359498 -29998.592012 -38433.198146 -331.283717 -4353.546169 -593.489998 -590.471820 -1286.921246 -35282.015167 -1993.069532 -588.396046 -574.455907 -568.754335 -593.578765 -393.886644 -593.980309 -593.702100 -593.888423 -591.319128 -33652.377229 -1321.539970 -1931.941344 -1240.205680 -79.896094 -253.617366 -226.422205 -1375.944641 159.385564
-9999.0 -9999.0 -9999.0 -9999.0 -9999.0 -9999.0 -9999.0 -9999.0 -402.612585 -220.915012 2169.600639 -30833.794446 -27401.096976 -797.439994 -137.869845 -387.278103 -74.334224 -1448.600787 -1230.517375 -1900.868623 -628.847830 -755.255079 -734.825165 -713.613231 -235.255998 -3445.500533 -6333.517046 -1017.294601 -959.487006 -391.319130 -85769.580467 -347.905855 -37243.087348 -328.626916 -32455.633777 -33860.402533 -34834.326891 -1389.169594 -31044.592585 -311.964148 -28293.418024 -36215.405394 -35487.107818 -37191.963698 -3647.214872 -573.175548 -36384.652401 -36882.886383 -35946.445096 -36717.211162 -35338.853410 -6292.168006 -1917.640750 -580.758098 -134.732885 358.532229 -59.703892 -130.584783
-9999.0 -9999.0 -593.414321 -338.585432 -276.724738 -1010.980741 -340.657108 -350.862107 -213.257003 -237.450486 -321.014645 138.308265 -731.774374 -241.244751 -102.291632 -26.615405 -30619.393297 -1118.876956 -731.969878 -1229.251018 -2194.792905 -342.357058 -169.111097 -833.115341 -766.955379 -9634.372098 -4209.988229 -3827.322119 -2234.239136 -162.018720 -2278.472996 -1560.376130 316.896185 -1533.828892 -421.238535 -1560.194346 -590.715953 -1425.709428 -29677.119559 -29199.152344 -35044.250444 -36531.209067 -56022.461627 -2488.052534 -122640.475038 -37743.273020 -427.457674 -195.881373 -34897.646543 -677.198739 -812.346505 -363.460541 -43.148118 -17.745951 56.402009 52.829204 289.380137 -84.992110
