user2019/resources/simulation/Vinschgau/output-maps/psiL0004N0440.asc
ncols         63
nrows         48
xllcorner     598000.000000
yllcorner     5145000.000000
cellsize      1000.000000
NODATA_value  -9999.0
[rows 0 to 26 of 48, columns 0 to 59 of 63]
-9999.0 -9999.0 -9999.0 -9999.0 -9999.0 -9999.0 -9999.0 -9999.0 -9999.0 -9999.0 -9999.0 -9999.0 -9999.0 -9999.0 -9999.0 -9999.0 -9999.0 -9999.0 -9999.0 -9999.0 -9999.0 -9999.0 -9999.0 -9999.0 -9999.0 -9999.0 -9999.0 -9999.0 -9999.0 -9999.0 -9999.0 -9999.0 -9999.0 -9999.0 -9999.0 -9999.0 -9999.0 -9999.0 -9999.0 -9999.0 -9999.0 -9999.0 -9999.0 -9999.0 -9999.0 -9999.0 -9999.0 -9999.0 -9999.0 -9999.0 -9999.0 -9999.0 -9999.0 -9999.0 -9999.0 -9999.0 -9999.0 -9999.0 -9999.0 -9999.0
-9999.0 -9999.0 -9999.0 -9999.0 -9999.0 -9999.0 -9999.0 -9999.0 -9999.0 -9999.0 -9999.0 -9999.0 -9999.0 -9999.0 -9999.0 -9999.0 -9999.0 -9999.0 -9999.0 -9999.0 -9999.0 -9999.0 -9999.0 -9999.0 -9999.0 -9999.0 -9999.0 -756.141935 -489.677196 -1223.367501 52.892325 47.264701 468.816729 -9999.0 -9999.0 -9999.0 -9999.0 -9999.0 -9999.0 -9999.0 -9999.0 -9999.0 -9999.0 -9999.0 -9999.0 -9999.0 -9999.0 -9999.0 -9999.0 -9999.0 -9999.0 -9999.0 -9999.0 -9999.0 -9999.0 -9999.0 -9999.0 -9999.0 -9999.0 -9999.0
-9999.0 -9999.0 -9999.0 -9999.0 -9999.0 -9999.0 -9999.0 -9999.0 -9999.0 -9999.0 -9999.0 -9999.0 -9999.0 -9999.0 -9999.0 -9999.0 -9999.0 -9999.0 -9999.0 -9999.0 -9999.0 -9999.0 -9999.0 -9999.0 -719.942031 -776.509312 -636.719206 -510.129318 52.465328 64.168840 -437.399265 -9999.0 -9999.0 -9999.0 -9999.0 -9999.0 -9999.0 -9999.0 -9999.0 -9999.0 -9999.0 -9999.0 -9999.0 -9999.0 -9999.0 -9999.0 -9999.0 -9999.0 -9999.0 -9999.0 -9999.0 -9999.0 -9999.0 -9999.0 -9999.0 -9999.0 -9999.0 -9999.0 -9999.0 -9999.0
-9999.0 -9999.0 -9999.0 -9999.0 -9999.0 -9999.0 -9999.0 -9999.0 -9999.0 -9999.0 -9999.0 -9999.0 -9999.0 -9999.0 -9999.0 -9999.0 -9999.0 -9999.0 -9999.0 -9999.0 -9999.0 -9999.0 -9999.0 -808.536618 -502.861989 -2294.193305 -2238.695988 -3151.768191 -81.616842 -604.119085 -414.675521 -456.488971 -9999.0 -9999.0 -9999.0 -9999.0 -9999.0 -9999.0 -9999.0 -9999.0 -9999.0 -9999.0 -9999.0 -9999.0 -9999.0 -9999.0 -9999.0 -9999.0 -9999.0 -9999.0 -9999.0 -9999.0 -9999.0 -9999.0 -9999.0 -9999.0 -9999.0 -9999.0 -9999.0 -9999.0
-9999.0 -9999.0 -9999.0 -9999.0 -9999.0 -9999.0 -9999.0 -9999.0 -9999.0 -9999.0 -9999.0 -9999.0 -9999.0 -9999.0 -9999.0 -9999.0 -9999.0 -9999.0 -542.927995 -621.193200 -9999.0 -604.628543 -483.811874 -2634.544300 -1141.470664 -2127.455107 -582.025082 -344.114032 -468.318431 -1301.698048 -468.010352 -330.111329 -940.929978 -967.486074 -9999.0 -9999.0 -9999.0 -9999.0 -9999.0 -9999.0 -9999.0 -9999.0 -9999.0 -9999.0 -9999.0 -9999.0 -9999.0 -9999.0 -9999.0 -9999.0 -9999.0 -9999.0 -9999.0 -9999.0 -9999.0 -9999.0 -9999.0 -9999.0 -9999.0 -9999.0
-9999.0 -9999.0 -9999.0 -9999.0 -9999.0 -9999.0 -9999.0 -9999.0 -9999.0 -9999.0 -9999.0 -9999.0 -9999.0 -9999.0 -9999.0 -9999.0 -9999.0 -1068.448676 -943.870285 -17410.241390 -3276.194930 -784.295973 -980.212309 -1640.287068 -665.245604 -508.183573 -605.569093 13.160129 -410.753561 -139.027735 65.445122 75.396282 -1693.194992 -2016.014420 -1648.023493 -1042.244039 -9999.0 -9999.0 -9999.0 -9999.0 -9999.0 -9999.0 -9999.0 -9999.0 -9999.0 -9999.0 -9999.0 -9999.0 -9999.0 -9999.0 -9999.0 -9999.0 -9999.0 -9999.0 -9999.0 -9999.0 -9999.0 -9999.0 -9999.0 -9999.0
-9999.0 -9999.0 -9999.0 -9999.0 -9999.0 -9999.0 -9999.0 -9999.0 -9999.0 -9999.0 -9999.0 -9999.0 -9999.0 -134.244391 -601.630562 -703.286243 -807.558494 -247.727965 -1013.873984 -1825.318307 -1056.612162 -1057.646831 -2579.320847 -637.503317 -579.668048 -500.214846 -24217.472106 35.611308 -285.656346 12.276676 3585.225698 129.126566 116.761601 151.058607 -1038.527868 -951.558312 -9999.0 -9999.0 -9999.0 -9999.0 -9999.0 -9999.0 -9999.0 -9999.0 -9999.0 -9999.0 -9999.0 -9999.0 -9999.0 -9999.0 -9999.0 -9999.0 -9999.0 -9999.0 -9999.0 -9999.0 -9999.0 -9999.0 -9999.0 -9999.0
-9999.0 -9999.0 -9999.0 -9999.0 -9999.0 -9999.0 -9999.0 -9999.0 -9999.0 -9999.0 -9999.0 -9999.0 -9999.0 -227.709627 -739.526076 -794.894443 -819.698399 -499.276501 -427.611489 -1892.357898 -1592.931384 -509.315076 -529.227400 -451.971630 -554.330761 -515.572360 -629.666739 -2116.295924 -1150.736414 45.385320 45.911834 64.270713 -1026.574936 -952.140463 -952.130491 -9999.0 -9999.0 -9999.0 -9999.0 -9999.0 -9999.0 -9999.0 -9999.0 -9999.0 -9999.0 -9999.0 -9999.0 -9999.0 -9999.0 -9999.0 -9999.0 -9999.0 -9999.0 -9999.0 -9999.0 -9999.0 -9999.0 -9999.0 -9999.0 -9999.0
-9999.0 -9999.0 -9999.0 -9999.0 -9999.0 -9999.0 -9999.0 -9999.0 -9999.0 -9999.0 -9999.0 -9999.0 -9999.0 -908.743174 503.265377 -815.843034 -657.591833 -801.907787 -388.921343 -979.427101 -201.348870 -20121.390169 -267.100071 -607.354275 -708.466513 19.369243 -1091.535845 -986.070331 53.408022 -951.709770 81.121274 -952.273676 -951.746489 -951.089738 -951.325326 -9999.0 -9999.0 -9999.0 -9999.0 -9999.0 -9999.0 -9999.0 -9999.0 -9999.0 -9999.0 -9999.0 -9999.0 -9999.0 -9999.0 -9999.0 -9999.0 -9999.0 -9999.0 -9999.0 -9999.0 -9999.0 -9999.0 -9999.0 -9999.0 -9999.0
-9999.0 -9999.0 -9999.0 -9999.0 -9999.0 -9999.0 -9999.0 -9999.0 -9999.0 -9999.0 -9999.0 -9999.0 -1191.319837 3276.027766 -512.963352 -436.770830 -526.360105 -583.389385 -536.702402 -18618.608593 -645.750067 -641.781088 43.247479 -609.268927 1643.029688 43.693495 536.623863 47.060363 97.761543 -951.034416 -680.271709 -984.439028 78.121722 -951.363253 -9999.0 -9999.0 -9999.0 -9999.0 -9999.0 -9999.0 -9999.0 -9999.0 -9999.0 -9999.0 -9999.0 -9999.0 -9999.0 -9999.0 -9999.0 -9999.0 -9999.0 -9999.0 -9999.0 -9999.0 -9999.0 -9999.0 -9999.0 -9999.0 -9999.0 -9999.0
-9999.0 -9999.0 -9999.0 -9999.0 -9999.0 -9999.0 -9999.0 -9999.0 -9999.0 -9999.0 -9999.0 -295.581891 -313.713437 139.918153 -609.336863 54.769750 -64128.283392 -533.019796 -240.746573 -176346777.905388 -451.696812 -407.742890 52.422598 48.468225 50.852566 62.172334 -311.625858 53.643977 1384.079298 -952.112681 -925.047475 79.954095 -926.413164 -953.908998 -1163.432220 -1438.568159 -2926.053417 -3284.705644 -4374.055997 -9999.0 -9999.0 -9999.0 -2020.356737 -9999.0 -9999.0 -9999.0 -9999.0 -9999.0 -9999.0 -9999.0 -9999.0 -9999.0 -9999.0 -9999.0 -9999.0 -9999.0 -9999.0 -9999.0 -9999.0 -9999.0
-9999.0 -9999.0 -9999.0 -9999.0 -9999.0 -9999.0 -9999.0 -9999.0 -9999.0 -9999.0 -9999.0 -307.961724 -300.019068 47.227917 -206.867023 -166.855102 -255.068437 -739.055886 -472.788735 -623.406243 -347.765034 -180.009615 51.047707 -440.549903 26.706942 51.257765 50.822368 61.703649 -538.151995 -951.698297 56.876546 143.011952 -299.772409 49.891388 -688.183914 -469.501052 -760.808528 -5423.498668 -5507.767109 -12399.210346 -8909.678894 -3706.156596 -336.409230 -1079.027901 -9999.0 -9999.0 -9999.0 46.998670 48.474167 -1018.439938 49.853018 -1034.615399 -1023.477781 -372.557821 -11.710019 -935.764700 -9999.0 -9999.0 -9999.0 -9999.0
-9999.0 -9999.0 -9999.0 -9999.0 -9999.0 -9999.0 -9999.0 -9999.0 -9999.0 -9999.0 -9999.0 60.967023 -363.169901 53.139200 -430.619494 52.851803 14.828490 -256.383156 -423.206899 -564.517505 -490.215370 -405.343451 -300.047840 52.182456 52.595748 -475.624542 -197.421976 1445.493949 -1676.981665 50.637229 -1108.093049 127.051166 -325.021971 -303.557296 -1223.506220 -540.075020 -997.807026 -5015.380810 -7168.077125 -15598.838752 -3200.310428 -1586.628972 -400.992385 -441.487350 -447.315126 -9999.0 -950.797188 70.370532 59.731499 54.617834 51.242603 -329.514597 51.370820 49.790989 70.768698 78.570301 -9999.0 -9999.0 -9999.0 -9999.0
-9999.0 -9999.0 -9999.0 -9999.0 -9999.0 -9999.0 -9999.0 -9999.0 -9999.0 -9999.0 -9999.0 -9999.0 64.396463 -120.440016 -380.143993 -282.459196 -475.323735 -352.800315 -323.558429 -544.458582 -490.492064 -434.144555 -340.482781 9.810775 -100.141871 -322.879559 957.219716 50.210657 51.646391 -986.307017 48.088374 54.789355 -404.749569 -294.048422 -253.978359 -403.749189 -2138.361374 -4049.059426 -5695.115061 -5115.678723 -2273.637657 -8294.012816 -401.263057 -424.889037 -1672.717594 46.865589 -965.037962 54.349563 38.443105 21.683999 8.913054 215.221167 983.636612 169.136286 108.182855 83.054126 51.202021 -9999.0 -9999.0 -9999.0
-9999.0 -9999.0 -9999.0 -9999.0 -9999.0 -9999.0 -9999.0 -9999.0 -9999.0 -9999.0 -9999.0 -377.383035 -450.013344 53.634025 40.297168 21.657430 17.945827 -285.865357 -368.449528 -644.814989 -507.501682 -413.896365 -381.867778 -480.907045 -425.939711 -146.179530 -345.132761 49.760402 -316.460548 -1107.830047 -35.464553 69.421783 54.579226 47.868506 43.562861 44.886759 -1142.151330 -3401.433675 -2619.910431 -4560.833589 -2901.686385 -2659.271373 -383.130239 -21854.455871 -475.436775 -304.119983 61.441371 -845.812631 -815.148886 33.839884 -48606.239115 61.698424 85.599646 -1882.327480 -951.940359 -950.465678 -695.875648 -9999.0 -9999.0 -9999.0
-9999.0 -9999.0 -9999.0 -9999.0 -9999.0 -9999.0 -9999.0 -9999.0 -9999.0 -9999.0 953.457406 17.633461 51.165716 -411.649075 45.550811 901.126897 904.958787 -606.507027 -665.629016 -701.428265 -545.389829 -633.013155 -613.621382 -460.949037 -535.802451 1007.555288 34.002174 -30785.905126 44.196514 -186.591446 72.496779 316.684764 63.448846 63.231263 -982.388928 -1025.934192 -502.563011 -805.131490 -548.699919 -538.961049 -411.542246 -23348.137979 -139.080563 -575.608370 -510.011031 -546.801418 44.454783 23.191786 11.917754 5.293173 -76441.388125 -950.690302 -951.375753 -950.120602 -950.458833 90.042983 77.004662 -9999.0 -9999.0 -9999.0
-9999.0 -9999.0 -9999.0 -9999.0 -9999.0 -9999.0 -9999.0 -9999.0 -9999.0 54.090175 62.775774 21.238590 19.237741 -468.310520 -525.242854 14.072103 -466.487852 -85.872625 -650.201388 -813.299004 -634.124251 -865.389252 -703.648610 -730.488958 -600.845583 -336.336977 -587.918578 42.171902 -471.550429 -516.736353 8.666983 49.932892 -1003.563245 -951.878377 -1130.611379 -1032.595920 -137.180700 -595.249475 -779.721265 -215.706076 30.204921 -515.104236 -718.431096 -684.574440 -709.934356 -950.185373 -477.556189 -1888.973883 -1559.921123 3.410731 67.146077 -1262.357826 -950.304554 -950.395136 -882.322704 111.087620 144.095625 -123.871997 -771.160716 -9999.0
-9999.0 -9999.0 -9999.0 -9999.0 -9999.0 -9999.0 -9999.0 -9999.0 -9999.0 122.422710 63.785155 52.613120 2056.965057 -498.764262 -553.785108 -556.631625 45.310872 -480.897460 -725.871155 -1112.052448 -1007.296461 -1191.883793 -520.321541 -394.597173 -300.184372 -667.121858 -554.034807 -550.049713 -448.364613 -168.163240 44.177991 46.742930 62.358664 55.406797 50.150383 -3694.889565 -3962.101208 -1255.728215 -580.246014 47.842440 -430.465894 -727.332149 -893.870942 -452.075653 -646.745793 -736.367574 -831.992312 -2397.032229 -1883.575110 -284.623350 45.880913 34.598553 -950.632248 73.512335 -646.853907 12.319715 145.729474 88.446676 -145.374121 -9999.0
-9999.0 -9999.0 -9999.0 -9999.0 -9999.0 -9999.0 -9999.0 -9999.0 -9999.0 -9999.0 53.096164 57.529657 22.718049 1160.060324 -912.339077 -494.586405 -539.752494 -641.810453 -801.295947 -917.499721 -732.184238 -554.008844 -489.459525 -75.144804 -678.232307 -604.508560 -737.155705 -328.116200 40.880335 32.794319 48.493637 1915.724620 34.532666 51.624491 52.314052 54.106874 -792.485690 -530.612147 -690.030847 50.277957 -354.095096 44.938180 2128.815610 29.303698 -286.704172 -440.755107 -394.797809 -481.240233 -805.402796 26.793744 52.200550 60.347167 -1040.637712 -1061.619100 -102.513414 77.299058 92.485205 7890.191025 29.546419 -838.754365
-9999.0 -9999.0 -9999.0 -9999.0 -9999.0 -9999.0 -9999.0 -9999.0 -9999.0 -9999.0 56.083450 54.410749 -83.822058 24.019873 34.488770 -639.649826 -678.594807 -734.372480 -941.035400 -1055.491378 -913.422014 -726.143188 -649.969935 -800.213405 -733.544257 -822.190728 -439.082937 37.430918 44.050143 33.146639 57.456858 78.699521 -38722.268855 47.802920 47.593177 56.974897 1842.101646 -253.680946 25.496929 -143.638349 49.899380 -143.799138 50.199856 50.629052 -432.112847 -273.398725 -268.897921 -246.859699 -317.090334 30.139509 51.826159 45.701242 33.998706 -977.663496 -958.514264 -962.012144 45.516144 34.443995 42.563745 27.515966
-9999.0 -9999.0 -9999.0 -9999.0 -9999.0 -9999.0 -9999.0 -9999.0 -93.340592 48.672104 46.828610 57.774116 156.056206 30.851638 46.449870 -275.772227 -871.696431 -1389.724773 -1299.090923 -1077.021005 -1039.675701 -839.860700 -713.046237 -928.922666 -1068.668393 -529.669025 -275.529397 44.198284 42.010787 54.571256 -972.732653 63.083005 52.021796 48.508392 57.786728 -309.909227 47.392881 -203.479695 -542.967420 -651.611221 -1378.574921 81.301151 -85807.964215 -1055.072827 -739.238226 1095.130212 -238.615673 -135.842433 -206.626456 -143.202203 41.171843 62.811721 36.109850 40.757828 -765.270821 46.298479 -133.056910 42.188656 -416.159836 27.540756
-9999.0 -9999.0 -9999.0 -9999.0 -9999.0 -9999.0 -9999.0 -9999.0 203.147483 33.847589 41.687478 51.404874 49.535490 841.648699 -507.063342 -436.221605 -555.246838 -710.002004 -1288.385856 -1104.737020 -823.040379 -860.554911 -599.511047 -877.584438 -1119.561264 -554.250555 -289.076912 26.586523 -4553.315892 51.707935 54.565531 -846.918788 55.874124 -1188.476932 55.161178 47.816216 51.709531 15.156516 28.223057 49.354945 57.939134 -169.813267 -937.502666 53.181465 1293.735742 16.445850 -17504.311284 46.028201 24.644879 -363.541944 21.782862 29.616236 45.470227 48.287394 42.040257 -19331.883909 29.031052 27.103977 -796.485155 -556.482925
-9999.0 -9999.0 -9999.0 -9999.0 -9999.0 -9999.0 -9999.0 -9999.0 52.217065 1485.121734 42.582852 36.300600 135.878932 -4990.694051 17.840658 -342.985076 -772.078074 -1122.259899 -1291.067789 -849.572374 -1022.056765 -968.841718 -859.853094 -939.025681 -843.239832 -647.813329 -461.730828 -441.395555 -7605.969860 46.912364 -1028.603612 49.526108 21.640062 44.800479 52.415179 59.584835 36.644830 -164.658749 44.937059 40.759697 54.921285 -1030.168883 53.393353 1263.556230 -509.913771 -435.438486 -654.642031 -400.468122 -498.525831 -286.444956 -402.608956 34.718278 42.768063 35.657712 30.510184 29.834287 22.480595 -412.152549 -673.316917 -612.545034
-9999.0 -9999.0 -9999.0 -9999.0 -9999.0 -9999.0 -9999.0 -9999.0 -1089.193045 52.204108 39.593976 -19338.699550 58.775897 9.195382 50.003392 -511.995735 -1216.904638 -822.788087 -670.270395 -1082.076876 -1080.755443 -1065.012195 -1240.513618 -1748.894564 -945.041531 -587.297058 -579.622624 -409.401282 -414.257961 -288.055316 -7.664319 27.729216 37.439395 15.530136 45.600965 -752.944370 -700.022758 -401.289734 40.621101 36.637720 -165.127051 47.159046 47.581735 -379.124989 -606.676385 -563.371944 -218.875761 -398.500325 -511.917378 -609.389834 -456.108893 -360.237533 27.764360 -320.576947 -312.348086 27.471324 -289.935636 45.751578 -605.673785 -702.661997
-9999.0 -9999.0 -9999.0 -9999.0 -9999.0 -9999.0 -9999.0 -9999.0 -383.445120 49.521884 1997.836552 44.908562 54.341840 43.950664 -215.092890 -653.667318 -354.599668 -452.482434 -404.215813 -558.527495 -880.496740 -1258.757199 -1909.034737 -2564.302162 -2621.992691 -804.145171 -788.957379 -737.940380 -791.519859 -429.107355 -304.175633 -358.643633 -275.290739 -297.282598 -346.179718 -651.444946 -772.276264 -448.970065 36.710677 -208.803051 -417.572057 34.991230 -176.654387 -453.491173 -368.274103 -379.037728 -441.238275 -336.556393 -761.803670 -1138.096348 -2110.102967 -1028.788141 -560.309683 -780.736304 101.560491 93.504368 -322.531126 -429.704236 -465.723106 -548.502179
-9999.0 -9999.0 47.512670 -433.550599 554.042273 -508.244133 50.519869 20.931095 51.514937 52.451279 29.185246 20.238268 45.998931 32.534203 -348.516685 -195.048210 35.396452 -437.758907 -552.136134 -392.300730 -658.393892 -661.044447 -458.575667 -2445.145759 -1698.530001 -1172.653715 -824.880589 -805.270452 -645.645771 -638.726712 -735.895438 -452.022409 37.367415 -425.906992 -605.039825 -576.352131 -896.916727 -526.465736 -231.095088 -226.492410 -596.740007 -554.684582 -307.238592 -682.104605 -496.507981 -708.083459 -599.317395 -481.495716 -859.014577 -870.646911 -1176.928236 -798.756029 -337.238657 -232.600876 -171.433876 -243.002173 27.666814 -344.273609 -386.526647 -434.045931
-9999.0 -595.895706 -263.498019 -233.065434 -532.461244 35.236804 48.665763 -263.201233 -327.056288 53.866442 20.191680 40.717460 22.728406 48.264175 30.998807 46.702464 29.731379 -372.152571 -505.658797 -548.093969 -867.310952 -544.729865 101.559209 -524.773045 -1768.129815 -2368.318304 -1572.991669 -1346.161016 -831.663136 -667.163341 -2252.204817 -1279.741633 -298.100957 -445.960255 -911.164607 -1127.617954 -1285.203571 -927.124342 -556.591577 -700.283431 -1326.928429 -686.240584 -501.460346 -769.496780 -897.029864 -864.658440 -705.517700 -806.557778 -858.772303 -633.938023 -556.955664 -337.971327 30.007279 36.050845 34.819195 22.299945 25.918861 -136.815120 -255.722378 -259.121160
