user2019/resources/simulation/Vinschgau/output-maps/psiL0004N0628.asc
ncols         63
nrows         48
xllcorner     598000.000000
yllcorner     5145000.000000
cellsize      1000.000000
NODATA_value  -9999.0
[rows 0 to 26 of 48, columns 0 to 60 of 63]
-9999.0 -9999.0 -9999.0 -9999.0 -9999.0 -9999.0 -9999.0 -9999.0 -9999.0 -9999.0 -9999.0 -9999.0 -9999.0 -9999.0 -9999.0 -9999.0 -9999.0 -9999.0 -9999.0 -9999.0 -9999.0 -9999.0 -9999.0 -9999.0 -9999.0 -9999.0 -9999.0 -9999.0 -9999.0 -9999.0 -9999.0 -9999.0 -9999.0 -9999.0 -9999.0 -9999.0 -9999.0 -9999.0 -9999.0 -9999.0 -9999.0 -9999.0 -9999.0 -9999.0 -9999.0 -9999.0 -9999.0 -9999.0 -9999.0 -9999.0 -9999.0 -9999.0 -9999.0 -9999.0 -9999.0 -9999.0 -9999.0 -9999.0 -9999.0 -9999.0 -9999.0
-9999.0 -9999.0 -9999.0 -9999.0 -9999.0 -9999.0 -9999.0 -9999.0 -9999.0 -9999.0 -9999.0 -9999.0 -9999.0 -9999.0 -9999.0 -9999.0 -9999.0 -9999.0 -9999.0 -9999.0 -9999.0 -9999.0 -9999.0 -9999.0 -9999.0 -9999.0 -9999.0 -302.798777 46.813999 -398.289088 55.932019 51.656422 614.422337 -9999.0 -9999.0 -9999.0 -9999.0 -9999.0 -9999.0 -9999.0 -9999.0 -9999.0 -9999.0 -9999.0 -9999.0 -9999.0 -9999.0 -9999.0 -9999.0 -9999.0 -9999.0 -9999.0 -9999.0 -9999.0 -9999.0 -9999.0 -9999.0 -9999.0 -9999.0 -9999.0 -9999.0
-9999.0 -9999.0 -9999.0 -9999.0 -9999.0 -9999.0 -9999.0 -9999.0 -9999.0 -9999.0 -9999.0 -9999.0 -9999.0 -9999.0 -9999.0 -9999.0 -9999.0 -9999.0 -9999.0 -9999.0 -9999.0 -9999.0 -9999.0 -9999.0 45.880418 -157.956262 -99.596640 -167.277327 57.819886 71.020603 49.181473 -9999.0 -9999.0 -9999.0 -9999.0 -9999.0 -9999.0 -9999.0 -9999.0 -9999.0 -9999.0 -9999.0 -9999.0 -9999.0 -9999.0 -9999.0 -9999.0 -9999.0 -9999.0 -9999.0 -9999.0 -9999.0 -9999.0 -9999.0 -9999.0 -9999.0 -9999.0 -9999.0 -9999.0 -9999.0 -9999.0
-9999.0 -9999.0 -9999.0 -9999.0 -9999.0 -9999.0 -9999.0 -9999.0 -9999.0 -9999.0 -9999.0 -9999.0 -9999.0 -9999.0 -9999.0 -9999.0 -9999.0 -9999.0 -9999.0 -9999.0 -9999.0 -9999.0 -9999.0 -175.246016 -121.341899 -1210.342593 -1506.185544 -1790.463189 -343.867946 -126.244088 44.236184 49.373387 -9999.0 -9999.0 -9999.0 -9999.0 -9999.0 -9999.0 -9999.0 -9999.0 -9999.0 -9999.0 -9999.0 -9999.0 -9999.0 -9999.0 -9999.0 -9999.0 -9999.0 -9999.0 -9999.0 -9999.0 -9999.0 -9999.0 -9999.0 -9999.0 -9999.0 -9999.0 -9999.0 -9999.0 -9999.0
-9999.0 -9999.0 -9999.0 -9999.0 -9999.0 -9999.0 -9999.0 -9999.0 -9999.0 -9999.0 -9999.0 -9999.0 -9999.0 -9999.0 -9999.0 -9999.0 -9999.0 -9999.0 -158.443751 -198.160047 -9999.0 -70.948408 -111.820827 -1230.301282 -1429.708478 -2418.203396 -883.180826 -715.976847 -1377.841691 -1088.516407 44.586350 48.624304 -331.309559 -204.995894 -9999.0 -9999.0 -9999.0 -9999.0 -9999.0 -9999.0 -9999.0 -9999.0 -9999.0 -9999.0 -9999.0 -9999.0 -9999.0 -9999.0 -9999.0 -9999.0 -9999.0 -9999.0 -9999.0 -9999.0 -9999.0 -9999.0 -9999.0 -9999.0 -9999.0 -9999.0 -9999.0
-9999.0 -9999.0 -9999.0 -9999.0 -9999.0 -9999.0 -9999.0 -9999.0 -9999.0 -9999.0 -9999.0 -9999.0 -9999.0 -9999.0 -9999.0 -9999.0 -9999.0 -1872.637811 -903.088069 -13138.270779 -333.248656 -640.582692 -1077.138833 -2238.097618 -1160.085589 -1020.720840 -750.528853 16.338892 -911.386865 -442.634023 52.617327 60.162271 -369908958.598451 -5067.870245 -4811.246516 -4807.526539 -9999.0 -9999.0 -9999.0 -9999.0 -9999.0 -9999.0 -9999.0 -9999.0 -9999.0 -9999.0 -9999.0 -9999.0 -9999.0 -9999.0 -9999.0 -9999.0 -9999.0 -9999.0 -9999.0 -9999.0 -9999.0 -9999.0 -9999.0 -9999.0 -9999.0
-9999.0 -9999.0 -9999.0 -9999.0 -9999.0 -9999.0 -9999.0 -9999.0 -9999.0 -9999.0 -9999.0 -9999.0 -9999.0 44.715615 -638.479693 -1206.706326 -1565.131174 -6092.999513 -1711.461204 -1692.542140 -1250.870057 -1792.626608 -2335.175218 -1161.567744 -871.327309 45.840375 -14668.208740 40.041989 -622.104046 -853.885370 6694.918342 79.494644 74.015747 77.444240 -224.101789 -395.488665 -9999.0 -9999.0 -9999.0 -9999.0 -9999.0 -9999.0 -9999.0 -9999.0 -9999.0 -9999.0 -9999.0 -9999.0 -9999.0 -9999.0 -9999.0 -9999.0 -9999.0 -9999.0 -9999.0 -9999.0 -9999.0 -9999.0 -9999.0 -9999.0 -9999.0
-9999.0 -9999.0 -9999.0 -9999.0 -9999.0 -9999.0 -9999.0 -9999.0 -9999.0 -9999.0 -9999.0 -9999.0 -9999.0 -118.233086 -785.387198 -1330.905348 -1262.172770 -319.639666 -6399.285881 -2057.943961 -1903.844597 -457.389878 -831.444091 -1123.835623 -1127.042217 -443.061095 -121.966288 -319.473530 -212.747905 29.117967 33.684126 54.052616 -307.859359 -316.265793 -245.387881 -9999.0 -9999.0 -9999.0 -9999.0 -9999.0 -9999.0 -9999.0 -9999.0 -9999.0 -9999.0 -9999.0 -9999.0 -9999.0 -9999.0 -9999.0 -9999.0 -9999.0 -9999.0 -9999.0 -9999.0 -9999.0 -9999.0 -9999.0 -9999.0 -9999.0 -9999.0
-9999.0 -9999.0 -9999.0 -9999.0 -9999.0 -9999.0 -9999.0 -9999.0 -9999.0 -9999.0 -9999.0 -9999.0 -9999.0 -997.168780 410.446878 -1362.309740 -1216.121079 -1350.370971 -6380.713876 -1418.908917 -189.711634 -13276.089214 -164.462036 -758.789231 -682.143515 20.049020 -795.474872 -337.461034 45.712313 -299.020917 58.953493 -118.773712 -368.333145 -130.529418 -282.826443 -9999.0 -9999.0 -9999.0 -9999.0 -9999.0 -9999.0 -9999.0 -9999.0 -9999.0 -9999.0 -9999.0 -9999.0 -9999.0 -9999.0 -9999.0 -9999.0 -9999.0 -9999.0 -9999.0 -9999.0 -9999.0 -9999.0 -9999.0 -9999.0 -9999.0 -9999.0
-9999.0 -9999.0 -9999.0 -9999.0 -9999.0 -9999.0 -9999.0 -9999.0 -9999.0 -9999.0 -9999.0 -9999.0 -1376.754089 4275.026496 -1067.051147 -403.684598 -581.857394 -1136.121230 -412.975648 -13286.802261 -1320.088397 -692.550959 43.221042 -291.240905 2331.030746 44.900672 730.082761 46.360048 67.954280 -212.208477 54.335276 -268.116309 58.360328 -274.543082 -9999.0 -9999.0 -9999.0 -9999.0 -9999.0 -9999.0 -9999.0 -9999.0 -9999.0 -9999.0 -9999.0 -9999.0 -9999.0 -9999.0 -9999.0 -9999.0 -9999.0 -9999.0 -9999.0 -9999.0 -9999.0 -9999.0 -9999.0 -9999.0 -9999.0 -9999.0 -9999.0
-9999.0 -9999.0 -9999.0 -9999.0 -9999.0 -9999.0 -9999.0 -9999.0 -9999.0 -9999.0 -9999.0 54.055905 20.004982 105.239652 -473.397599 48.018407 -17462.287173 -794.031236 -335.486054 -536832.377826 -684.714301 -319.383209 49.638418 46.024920 49.633677 54.552559 47.694528 49.604674 2311.706593 -105.058663 -242.716558 62.176628 -270.895581 -260.850013 -329.390262 -373.082409 -1275.817783 -2611.656754 -2707.624014 -9999.0 -9999.0 -9999.0 -4409.436019 -9999.0 -9999.0 -9999.0 -9999.0 -9999.0 -9999.0 -9999.0 -9999.0 -9999.0 -9999.0 -9999.0 -9999.0 -9999.0 -9999.0 -9999.0 -9999.0 -9999.0 -9999.0
-9999.0 -9999.0 -9999.0 -9999.0 -9999.0 -9999.0 -9999.0 -9999.0 -9999.0 -9999.0 -9999.0 51.337416 -222.105095 43.728784 -354.249086 44.044052 -639.815094 -1570.480458 -386.804632 -249.590627 -113.925075 45.398634 51.238770 27.808243 43.601575 51.779377 44.006164 54.501121 -164.620394 -181.435709 51.126625 107.583413 -44.190248 52.193420 -238.293401 -559.905630 -3198.793843 -3495.212377 -3447.036319 -1070.664114 -303.867259 -240.723829 41.491965 -299.329017 -9999.0 -9999.0 -9999.0 48.917750 51.181618 -269.715881 52.146844 -239.804490 -221.598788 49.915097 61.381618 -71.036454 -9999.0 -9999.0 -9999.0 -9999.0 -9999.0
-9999.0 -9999.0 -9999.0 -9999.0 -9999.0 -9999.0 -9999.0 -9999.0 -9999.0 -9999.0 -9999.0 58.113136 46.160596 55.493562 51.284039 45.148466 -144.781690 -250.986972 -290.423722 -366.301260 -240.393162 35.127787 -81.078908 48.242432 51.244630 -229.162494 27.313347 2289.996188 -369.492709 48.343002 -297.395541 116.180705 47.493354 44.369643 -219.722225 -1326.560377 -2678.294484 -2795.827441 -3650.063028 -6770.264971 -3277.018295 -1204.811236 -474.741274 -55.500365 45.552502 -9999.0 -282.648586 52.046954 52.129417 53.818207 51.583642 -222.260560 51.433659 51.540970 63.368527 64.965672 -9999.0 -9999.0 -9999.0 -9999.0 -9999.0
-9999.0 -9999.0 -9999.0 -9999.0 -9999.0 -9999.0 -9999.0 -9999.0 -9999.0 -9999.0 -9999.0 -9999.0 56.685192 37.051782 -157.140500 -69.571052 -214.763265 -310.769042 -219.710949 -364.735939 -184.140222 41.821119 43.255717 31.065081 26.085313 26.322873 1574.570152 51.965703 54.243682 -297.610036 46.016731 68.753093 -32.525957 46.281162 -101.819961 -1305.174705 -2595.590968 -2709.932736 -3655.945783 -3418.631749 -3243.519350 -1322.920339 -1206.558477 -161.253339 -424.031167 48.267970 -357.721942 51.965106 44.370814 36.775169 24.357659 149.931010 625.397487 109.629815 80.818103 69.766963 59.575752 -9999.0 -9999.0 -9999.0 -9999.0
-9999.0 -9999.0 -9999.0 -9999.0 -9999.0 -9999.0 -9999.0 -9999.0 -9999.0 -9999.0 -9999.0 27.852263 49.537389 52.601654 37.893593 30.595032 26.549636 -139.438596 45.852070 -604.709341 34.791061 44.952773 41.195412 -64.163255 24.292690 40.669723 32.988637 48.870899 -135.589860 -347.212473 28.003307 83.521245 51.698016 46.927128 44.119069 -546.536211 -2952.070692 -2705.141268 -2642.271788 -3595.769172 -2656.385893 -2559.870132 -819.540357 -8362.372793 41.953351 44.642429 58.804389 -406.314492 -417.677584 37.708851 -2596.047410 55.159769 69.014752 -232.105100 -363.623137 -230.948214 -187.082518 -9999.0 -9999.0 -9999.0 -9999.0
-9999.0 -9999.0 -9999.0 -9999.0 -9999.0 -9999.0 -9999.0 -9999.0 -9999.0 -9999.0 1521.700521 35.114330 45.754504 46.130466 -75.197940 1353.309782 1356.929724 -255.893048 -880.067046 -653.817038 46.751535 47.024998 -146.081857 -225.389067 25.703892 1695.819220 40.995200 -6199.442196 44.441606 43.763088 74.379945 274.394722 52.553803 50.985843 -170.958447 -243.483951 -1368.652633 -2589.294324 -2488.616544 -2722.676934 -2724.649531 -10346.496004 -261.469524 -714.262067 -115.538908 -257.723825 49.139162 40.435775 40.403881 21.058599 -4169.450583 -280.485039 -245.349390 -72.835906 -184.570369 60.154825 64.285391 -9999.0 -9999.0 -9999.0 -9999.0
-9999.0 -9999.0 -9999.0 -9999.0 -9999.0 -9999.0 -9999.0 -9999.0 -9999.0 54.810888 56.186592 43.848329 38.118896 -107.566767 37.826475 39.611735 -86.512064 -196.598453 -566.136531 -1062.937888 -229.661266 -643.396311 -214.477762 -405.773977 -257.257441 44.339871 -196.860858 41.959755 34.030944 28.834474 23.751844 50.308972 -221.590323 -203.549028 -274.225927 -275.190952 50.360877 -802.399279 -978.685451 -641.239148 -819.911326 -510.530761 -375.953747 -1380.989960 -582.151451 -155.466835 40.054488 -191.334707 -115.864763 21.535691 54.190953 -214.548694 -74.268746 -65.929905 -178.549014 72.294576 93.194970 -129.846385 -158.055240 -9999.0 -9999.0
-9999.0 -9999.0 -9999.0 -9999.0 -9999.0 -9999.0 -9999.0 -9999.0 -9999.0 89.071114 60.761706 52.223517 3240.692125 -199.222736 -182.491280 -158.243056 -112.767660 -257.628266 -693.085303 -1136.451312 -971.871780 -1179.416270 -300.275452 36.753368 44.288886 -233.961226 -154.682240 -127.899111 -260.250662 -62.902141 46.462647 50.235428 56.394000 47.928092 50.969400 -234.011917 -237.794707 -236.507075 -130.308828 52.533424 30.571095 36.420562 -806.197623 -500.823110 -574.224139 -852.938807 -670.292837 -982.408358 -422.130245 -141.173170 47.659016 36.980061 -135.663229 61.539014 -56.956938 62.917599 101.420756 68.834845 -140.293148 -9999.0 -9999.0
-9999.0 -9999.0 -9999.0 -9999.0 -9999.0 -9999.0 -9999.0 -9999.0 -9999.0 -9999.0 53.680164 55.931091 34.897763 1657.131298 -236.264803 -198.292825 -214.015894 -291.770537 -920.623008 -1014.726431 -632.365124 -281.435270 -205.431869 43.113583 -247.690830 -185.928172 -169.229109 -186.811342 45.813288 44.044772 50.250159 3302.338208 42.738544 52.001097 55.137755 61.736411 -247.502393 43.568773 -182.907866 54.049289 44.827355 42.935814 3376.467848 37.023161 47.941934 40.982591 47.411404 -147.733058 -246.834771 36.995431 53.077656 53.910666 -230.085575 -71.033591 71.445105 64.665249 75.412548 11341.736868 96.363860 26.558912 -9999.0
-9999.0 -9999.0 -9999.0 -9999.0 -9999.0 -9999.0 -9999.0 -9999.0 -9999.0 -9999.0 56.662923 55.271933 52.058572 38.371455 -247.191373 -420.267365 -298.452754 -814.368220 -1303.327490 -1064.720522 -1105.842314 -744.121205 -370.159254 -362.689224 -273.656646 -269.139115 -180.793070 43.960629 45.020461 44.026154 54.631007 70.790790 -869.085709 49.405003 49.157519 61.881977 2548.823193 36.016880 40.146451 49.919218 52.930297 -88.989726 69.000913 49.827314 51.610100 52.339790 34.182597 47.864009 56.757894 34.632332 56.967382 56.273369 38.000555 -163.213196 -139.071781 -154.650836 50.347484 38.972757 203.918006 123.903007 -9999.0
-9999.0 -9999.0 -9999.0 -9999.0 -9999.0 -9999.0 -9999.0 -9999.0 48.617403 45.481274 45.209577 56.706854 138.446324 51.927858 45.019356 -390.622705 -1304.879343 -1270.171856 -1480.314291 -1121.758757 -1328.365544 -1256.296697 -1065.854433 -1081.452296 -878.623089 -281.343477 43.080048 45.508468 40.919894 49.921894 -209.885480 57.203291 54.203043 48.591766 59.317648 44.654037 47.512267 38.317764 46.967040 -314.225282 -1075.367515 65.071159 -3503.119180 -317.900832 -578.137697 1639.041282 49.014175 34.435187 46.500827 23.663325 51.708920 66.022911 40.291939 50.213628 -258.263691 47.615410 -208.302610 43.074333 32.596313 138.572425 -9999.0
-9999.0 -9999.0 -9999.0 -9999.0 -9999.0 -9999.0 -9999.0 -9999.0 704.167340 39.071933 42.003922 52.097620 50.176553 1398.380672 37.136480 -177.833046 -466.314758 -830.641179 -1822.355582 -1223.233814 -974.709895 -1329.027666 -859.417402 -1137.931890 -1389.221856 -297.011795 40.842476 38.519226 -4590.774747 49.242375 50.522149 -4315.775775 63.674761 -4250.783403 57.211713 48.884838 66.806779 53.274441 42.404217 51.247176 54.664199 13.190093 -1536.164967 51.193357 1979.137449 42.265707 -1981.963508 51.667952 40.330682 43.016568 29.201200 39.313412 49.282391 48.375837 40.852619 -5902.737921 31.670217 34.852258 35.209946 34.774672 -818.282200
-9999.0 -9999.0 -9999.0 -9999.0 -9999.0 -9999.0 -9999.0 -9999.0 51.134633 2370.094893 39.980284 37.995147 108.736099 -692.660419 27.705220 38.162943 -489.594142 -1236.568395 -1730.404176 -894.742460 -1249.047717 -1450.915373 -1368.883493 -1346.073721 -1029.237098 -227.173993 39.005571 41.756584 -4157.477756 48.721034 -4277.230328 53.133713 33.264750 46.534746 54.092131 74.349546 60.605025 38.299682 55.618822 47.713916 56.502559 -4288.772337 53.536851 1994.198286 40.128289 55.526153 -2172.734321 48.335488 30.835943 41.215933 -203.368851 41.955149 46.565258 41.817892 37.632458 40.712462 33.410850 35.593701 39.389954 -303.614112 -597.844019
-9999.0 -9999.0 -9999.0 -9999.0 -9999.0 -9999.0 -9999.0 -9999.0 -1952.276611 50.527271 44.955806 -1650.393852 55.070752 25.261907 46.979343 -222.303359 -708.889115 -1992.077065 -772.678033 -1429.782391 -1173.439071 -1215.418552 -1498.587270 -1339.925367 -934.899624 -219.265220 38.459149 45.035596 -135.575032 38.744584 37.669777 44.293254 47.457830 44.053747 49.641741 -132.564078 41.370928 32.845045 68.791856 42.864143 47.494340 51.156684 52.220094 -550.350442 46.040419 -751.935236 49.305582 -637.442352 -119.004915 28.193380 30.585340 -151.215301 37.625382 -47.611149 34.828684 43.273075 52.307817 65.860963 -684.669036 -587.393662 -353.263188
-9999.0 -9999.0 -9999.0 -9999.0 -9999.0 -9999.0 -9999.0 -9999.0 41.633033 49.447025 3338.916884 43.207173 48.687603 38.733022 33.832382 -292.796745 -216.843794 -382.941444 -364.737139 -872.161864 -1328.604655 -1201.732094 -1133.265313 -1028.321820 -1106.055631 -568.297087 -193.868198 -125.300132 -132.790063 39.256770 44.672704 32.708347 55.243736 44.447902 46.595354 52.524410 41.579274 33.925920 70.249188 33.405661 35.970819 59.818839 50.631410 46.877072 34.988959 45.827890 37.202877 44.704023 27.288541 29.167510 -265.215991 -829.659700 -281.051142 -346.472932 115.122291 116.333129 32.871182 -284.063421 -314.606434 -281.451193 -81.783633
-9999.0 -9999.0 46.484804 48.965578 785.915683 -39.225989 68.384236 37.847866 48.103887 52.950772 42.487293 76.450886 60.299606 45.185903 -226.610421 -100.509648 42.007415 39.025942 26.231184 -291.720016 -1046.868561 -1531.895417 -934.103619 -1668.128524 -939.840432 -1018.946942 -673.093670 -367.684358 -189.588568 42.009819 -186.811896 36.228399 113.999535 42.323374 40.639794 43.291977 33.843573 37.333643 60.456848 46.368563 39.231630 47.104305 63.511773 40.641715 41.926463 34.679122 30.550782 33.714820 33.008974 -557.030944 -1087.918770 -969.059063 31.620518 31.715712 31.648294 48.439173 59.597336 38.965736 42.601323 40.583259 42.505045
-9999.0 -172.010532 28.500627 25.978583 -181.396725 56.041286 69.948575 36.217091 36.342280 53.299327 33.448990 41.348902 43.562118 66.132613 35.122542 46.252041 34.388260 30.090161 -190.424847 -304.430473 -1166.766259 -640.669099 -589.532425 -1410.908768 -1785.257610 -1489.157249 -1429.366341 -1466.407474 -817.140833 -277.348371 -1095.192465 -706.176874 59.455152 59.425951 37.348652 25.550083 32.477537 -211.024763 41.856338 26.598455 29.048795 44.985931 57.048592 35.425212 -273.858481 -418.562048 -333.567942 -484.590010 -779.113820 -1274.766648 -516.310018 31.488749 66.268511 72.394309 67.912131 40.420987 44.363922 38.215925 36.787248 43.296104 39.976802
