user2019/resources/simulation/Vinschgau/output-maps/psiL0006N1072.asc
ncols         63
nrows         48
xllcorner     598000.000000
yllcorner     5145000.000000
cellsize      1000.000000
NODATA_value  -9999.0
[rows 0 to 25 of 48, columns 0 to 58 of 63]
-9999.0 -9999.0 -9999.0 -9999.0 -9999.0 -9999.0 -9999.0 -9999.0 -9999.0 -9999.0 -9999.0 -9999.0 -9999.0 -9999.0 -9999.0 -9999.0 -9999.0 -9999.0 -9999.0 -9999.0 -9999.0 -9999.0 -9999.0 -9999.0 -9999.0 -9999.0 -9999.0 -9999.0 -9999.0 -9999.0 -9999.0 -9999.0 -9999.0 -9999.0 -9999.0 -9999.0 -9999.0 -9999.0 -9999.0 -9999.0 -9999.0 -9999.0 -9999.0 -9999.0 -9999.0 -9999.0 -9999.0 -9999.0 -9999.0 -9999.0 -9999.0 -9999.0 -9999.0 -9999.0 -9999.0 -9999.0 -9999.0 -9999.0 -9999.0
-9999.0 -9999.0 -9999.0 -9999.0 -9999.0 -9999.0 -9999.0 -9999.0 -9999.0 -9999.0 -9999.0 -9999.0 -9999.0 -9999.0 -9999.0 -9999.0 -9999.0 -9999.0 -9999.0 -9999.0 -9999.0 -9999.0 -9999.0 -9999.0 -9999.0 -9999.0 -9999.0 -796.196743 -33.274139 -797.520966 -24.947927 -43.225259 -12.834310 -9999.0 -9999.0 -9999.0 -9999.0 -9999.0 -9999.0 -9999.0 -9999.0 -9999.0 -9999.0 -9999.0 -9999.0 -9999.0 -9999.0 -9999.0 -9999.0 -9999.0 -9999.0 -9999.0 -9999.0 -9999.0 -9999.0 -9999.0 -9999.0 -9999.0 -9999.0
-9999.0 -9999.0 -9999.0 -9999.0 -9999.0 -9999.0 -9999.0 -9999.0 -9999.0 -9999.0 -9999.0 -9999.0 -9999.0 -9999.0 -9999.0 -9999.0 -9999.0 -9999.0 -9999.0 -9999.0 -9999.0 -9999.0 -9999.0 -9999.0 -103.554383 -107.546923 -92.143578 -88.530403 -55.917477 -28.221214 -28.692792 -9999.0 -9999.0 -9999.0 -9999.0 -9999.0 -9999.0 -9999.0 -9999.0 -9999.0 -9999.0 -9999.0 -9999.0 -9999.0 -9999.0 -9999.0 -9999.0 -9999.0 -9999.0 -9999.0 -9999.0 -9999.0 -9999.0 -9999.0 -9999.0 -9999.0 -9999.0 -9999.0 -9999.0
-9999.0 -9999.0 -9999.0 -9999.0 -9999.0 -9999.0 -9999.0 -9999.0 -9999.0 -9999.0 -9999.0 -9999.0 -9999.0 -9999.0 -9999.0 -9999.0 -9999.0 -9999.0 -9999.0 -9999.0 -9999.0 -9999.0 -9999.0 -110.312295 -69.586749 -735.517917 -902.352193 -26200.024243 -613.505601 -38.864006 -32.056263 -26.519543 -9999.0 -9999.0 -9999.0 -9999.0 -9999.0 -9999.0 -9999.0 -9999.0 -9999.0 -9999.0 -9999.0 -9999.0 -9999.0 -9999.0 -9999.0 -9999.0 -9999.0 -9999.0 -9999.0 -9999.0 -9999.0 -9999.0 -9999.0 -9999.0 -9999.0 -9999.0 -9999.0
-9999.0 -9999.0 -9999.0 -9999.0 -9999.0 -9999.0 -9999.0 -9999.0 -9999.0 -9999.0 -9999.0 -9999.0 -9999.0 -9999.0 -9999.0 -9999.0 -9999.0 -9999.0 -279.866344 -101.577244 -9999.0 -106.583392 -73.141338 -2760.577628 -664.425554 -21459.833076 -331.084292 -266.582709 -148.000601 -578.948790 -36.620048 -27.352149 -797.600526 -796.997951 -9999.0 -9999.0 -9999.0 -9999.0 -9999.0 -9999.0 -9999.0 -9999.0 -9999.0 -9999.0 -9999.0 -9999.0 -9999.0 -9999.0 -9999.0 -9999.0 -9999.0 -9999.0 -9999.0 -9999.0 -9999.0 -9999.0 -9999.0 -9999.0 -9999.0
-9999.0 -9999.0 -9999.0 -9999.0 -9999.0 -9999.0 -9999.0 -9999.0 -9999.0 -9999.0 -9999.0 -9999.0 -9999.0 -9999.0 -9999.0 -9999.0 -9999.0 -1198.486858 -1116.479423 -260585.224244 -798.387748 171.410261 -528.140541 -422.053165 -341.922204 -487.313530 -312.314945 -240.194917 -334.628190 -140.128306 -72.845237 -29.049001 -804.921127 -804.341600 -798.313857 -797.414601 -9999.0 -9999.0 -9999.0 -9999.0 -9999.0 -9999.0 -9999.0 -9999.0 -9999.0 -9999.0 -9999.0 -9999.0 -9999.0 -9999.0 -9999.0 -9999.0 -9999.0 -9999.0 -9999.0 -9999.0 -9999.0 -9999.0 -9999.0
-9999.0 -9999.0 -9999.0 -9999.0 -9999.0 -9999.0 -9999.0 -9999.0 -9999.0 -9999.0 -9999.0 -9999.0 -9999.0 -39.363676 -339.206540 -873.189734 -1317.482402 -802.743098 -1162.676232 -13383.956779 -720.131048 -501.041023 -895.514991 -322.863473 -340.403621 -96.363575 -157061.581812 -240.836113 -234.436047 -329.386665 9309.857340 -41.256537 -26.787555 -24.915752 -795.680818 -797.186804 -9999.0 -9999.0 -9999.0 -9999.0 -9999.0 -9999.0 -9999.0 -9999.0 -9999.0 -9999.0 -9999.0 -9999.0 -9999.0 -9999.0 -9999.0 -9999.0 -9999.0 -9999.0 -9999.0 -9999.0 -9999.0 -9999.0 -9999.0
-9999.0 -9999.0 -9999.0 -9999.0 -9999.0 -9999.0 -9999.0 -9999.0 -9999.0 -9999.0 -9999.0 -9999.0 -9999.0 194.260460 -804.923165 -968.882315 -1205.433228 -527.488561 -804.085496 -1037.075852 -5567.576754 -272.355814 -626.340135 -395.381079 -340.720508 -290.325564 -35.431605 -797.225047 -796.930518 -207.408673 -147.464520 -26.621903 -797.716527 -797.844894 -797.458835 -9999.0 -9999.0 -9999.0 -9999.0 -9999.0 -9999.0 -9999.0 -9999.0 -9999.0 -9999.0 -9999.0 -9999.0 -9999.0 -9999.0 -9999.0 -9999.0 -9999.0 -9999.0 -9999.0 -9999.0 -9999.0 -9999.0 -9999.0 -9999.0
-9999.0 -9999.0 -9999.0 -9999.0 -9999.0 -9999.0 -9999.0 -9999.0 -9999.0 -9999.0 -9999.0 -9999.0 -9999.0 -929.023592 716.680405 -860.973965 -991.715324 -1118.210187 -804.820771 -1234.971105 -506.286409 -152418.091784 -418.306900 -366.039531 -429.306098 -403.616214 -797.624170 -797.587246 -28.331780 -797.867130 -26.007468 -796.303285 -797.949750 -795.132457 -797.641296 -9999.0 -9999.0 -9999.0 -9999.0 -9999.0 -9999.0 -9999.0 -9999.0 -9999.0 -9999.0 -9999.0 -9999.0 -9999.0 -9999.0 -9999.0 -9999.0 -9999.0 -9999.0 -9999.0 -9999.0 -9999.0 -9999.0 -9999.0 -9999.0
-9999.0 -9999.0 -9999.0 -9999.0 -9999.0 -9999.0 -9999.0 -9999.0 -9999.0 -9999.0 -9999.0 -9999.0 -845.270393 6605.488819 -854.604804 -433.554839 -663.563879 -880.291395 -579.791627 -151789.137955 -574.625509 -356.986485 -9020.789334 -246.452542 3459.496512 -32.966994 52.246444 -30.595712 -25.389275 -797.034109 -30.510719 -797.067086 -23.729174 -797.791000 -9999.0 -9999.0 -9999.0 -9999.0 -9999.0 -9999.0 -9999.0 -9999.0 -9999.0 -9999.0 -9999.0 -9999.0 -9999.0 -9999.0 -9999.0 -9999.0 -9999.0 -9999.0 -9999.0 -9999.0 -9999.0 -9999.0 -9999.0 -9999.0 -9999.0
-9999.0 -9999.0 -9999.0 -9999.0 -9999.0 -9999.0 -9999.0 -9999.0 -9999.0 -9999.0 -9999.0 1148.135790 -477.979732 380.730780 -779.038251 -129.756271 -152382.013177 -867.878946 -391.305246 -117057.878377 -503.730792 -301.631811 -36.821751 -34.341704 -228.297367 -27.043556 -24.789294 -25.986633 3568.807974 -794.790860 -797.238959 -25.422753 -796.353456 -797.428025 -797.185347 -799.117950 -163.486315 -293.220773 -670.191103 -9999.0 -9999.0 -9999.0 -800.157164 -9999.0 -9999.0 -9999.0 -9999.0 -9999.0 -9999.0 -9999.0 -9999.0 -9999.0 -9999.0 -9999.0 -9999.0 -9999.0 -9999.0 -9999.0 -9999.0
-9999.0 -9999.0 -9999.0 -9999.0 -9999.0 -9999.0 -9999.0 -9999.0 -9999.0 -9999.0 -9999.0 866.177460 -594.924965 -6399.550832 -1083.498343 -46.326589 -1305.068931 -1356.078145 -534.424128 -503.474312 -361.641086 -29.883336 -3.164354 -140.106241 -125.564960 -27.082344 -31.979379 -27.684782 -792.824204 -797.121857 -24.694503 -23.790910 -30.473471 -23.615573 -37.275693 -37.693947 -80.434261 -268.980392 -273.040641 -801.425279 -800.214660 -796.956227 -25.492749 -796.749605 -9999.0 -9999.0 -9999.0 845.197857 -23.626648 -796.031520 -24.337282 -796.247154 -795.994784 849.694241 842.553372 -788.438763 -9999.0 -9999.0 -9999.0
-9999.0 -9999.0 -9999.0 -9999.0 -9999.0 -9999.0 -9999.0 -9999.0 -9999.0 -9999.0 -9999.0 659.704373 -84.012000 -209.354076 -159.089188 -30.249505 -364.681094 -965.840719 -701.129458 -558.731909 -562.057238 -321.434710 -185.104732 -39.088884 -26.842983 -798.602200 -141.793244 -16.248835 -796.711943 -26.027322 -796.565023 -134.391320 -27.196607 -26.948938 -796.830638 -66.879839 -181.544879 -1603.246487 -262.224893 -803.657027 -250.420428 -356.059987 -33.022972 -28.261699 -28.170185 -9999.0 -797.691622 -23.618428 -24.264739 -24.910871 -26.976998 -797.218968 -25.574787 -23.316303 -21.251890 -24.383947 -9999.0 -9999.0 -9999.0
-9999.0 -9999.0 -9999.0 -9999.0 -9999.0 -9999.0 -9999.0 -9999.0 -9999.0 -9999.0 -9999.0 -9999.0 1064.156100 1106.806387 -28.839192 -18.932620 -545.336576 -968.359835 -489.100662 -528.048038 -746.981530 -377.182906 -252.868469 -135.257328 -141.546489 -161.485119 934.417001 -35.291322 -25.042142 -796.394809 -27.415913 -130.401366 -42.230487 -25.472064 -26.930148 -70.658312 -1505.959358 -3317.369219 -554.352133 -607.816420 -1672.710743 -801.517917 -262.879104 -38.619153 -797.854612 -25.448200 -796.913524 -24.211968 -206.631312 -135.586845 970.226991 -98.610590 1564.422232 780.462881 -98.770045 -57.302092 -59.209277 -9999.0 -9999.0
-9999.0 -9999.0 -9999.0 -9999.0 -9999.0 -9999.0 -9999.0 -9999.0 -9999.0 -9999.0 -9999.0 955.334323 -90.080398 -42.587475 -185.689055 -259.205234 -261.045002 -765.363180 -529.498319 -764.970653 -882.700380 -386.448414 -158.623543 -253.801785 -179.751952 -149.858811 985.904011 -27.363143 -32.201977 -797.942501 -132.791844 -137.981356 -25.625810 -25.218065 -27.717007 -32.701648 -257.155952 -13181.936617 -1275.933781 -254.353806 -7147.258031 -1654.827002 -232.605152 -196121.924712 -41.103649 -31.403536 -25.098459 -797.954865 -798.734225 -1904.672649 -148576.973779 -24.684569 -100.162712 -104221.810669 -136234.317966 -797.851125 -796.148781 -9999.0 -9999.0
-9999.0 -9999.0 -9999.0 -9999.0 -9999.0 -9999.0 -9999.0 -9999.0 -9999.0 -9999.0 3119.300583 -143.602492 -83.280171 -83.913470 957.361601 -42.958040 -71.036870 -513.719759 -919.042116 -746.060680 -415.813931 -265.216258 -181.511379 -53.008300 -267.702700 3049.565260 -174.450090 -150838.252161 -37.676991 -34.972691 -145.099563 -35.812469 -29.154011 -24.315005 -797.294570 -798.475169 -75.368843 -177.054067 -1665.202440 -410.096900 -283.084828 -97614.797183 -482.884797 -273.012356 -218.680973 -798.874950 -25.771163 -246.373054 -159.064143 -237.698165 -150208.593065 -798.032130 -110847.433505 -779.732271 -797.803552 -24.794387 -24.618669 -9999.0 -9999.0
-9999.0 -9999.0 -9999.0 -9999.0 -9999.0 -9999.0 -9999.0 -9999.0 -9999.0 -26.313005 788.889049 793.833228 -158.945620 -193.202256 801.192115 -158.010993 -204.272331 -118.749818 -1024.679778 -842.957734 -459.212350 -805.646016 -239.285342 -462.151927 -345.448161 -130.356176 -160.370374 -37.851361 -265.374871 -206.933333 -320.876175 -798.628901 -796.812690 -797.501582 -796.792167 -797.382428 -27.191989 -152.398586 -160.650421 -173.782760 -199.375082 -267.748380 -166.711432 -777.339564 -188.822635 -248.459509 -40.521482 -268.729498 -246.069115 -334.138695 -3315.780372 -796.905794 -791.268006 -786.655492 -796.451675 -168.578666 -103.853320 -755.211427 -795.824351
-9999.0 -9999.0 -9999.0 -9999.0 -9999.0 -9999.0 -9999.0 -9999.0 -9999.0 -21.179700 -25.708480 -28.776874 5431.217950 -311.382762 -222.232608 -198.979334 -29.970871 -312.118449 -1093.834685 -607.225071 -546.545542 -833.692764 -235.774141 658.416167 -130.724432 -180.635000 -196.889337 -261.206667 -151.984241 200.380941 -69.249166 -136.154156 -25.836794 -25.531234 -25.145075 -799.108478 -798.790498 -798.942025 -37.617329 -29.334812 993.476031 -141.196194 -253.233337 -37.279140 -533.722502 -350.052636 -233.277493 -385.185775 -317.907703 -310.258159 -981.673052 -273.974100 -795.890127 -21.188651 -471.130427 714.776894 -152.973400 -115.170355 -779.723198
-9999.0 -9999.0 -9999.0 -9999.0 -9999.0 -9999.0 -9999.0 -9999.0 -9999.0 -9999.0 -27.953569 -26.807182 -112.226702 2922.726199 -307.200691 -227.557454 -285.849987 -328.839908 -1176.324659 -710.770741 -500.030969 -345.509306 -348.023902 -153.962027 -188.012246 -218.243775 -336.273110 160.622408 -71.920235 -129.653791 -107.532911 5536.728096 -154.386593 -23.980138 -25.964776 -27.459570 -120.622798 -27.600969 -797.005789 -25.379807 -29.846437 215.469998 6894.630094 -161.474882 -163.742538 -430.733402 -172.149737 -293.079409 -468.539369 -301.621284 -1356.654723 -3482.604157 -796.705574 -786.470754 -83.847870 -22.365100 411.648195 10837.961616 -205.060813
-9999.0 -9999.0 -9999.0 -9999.0 -9999.0 -9999.0 -9999.0 -9999.0 -9999.0 -9999.0 -24.645336 -27.346349 -63.062853 -164.159416 173.346508 -622.759176 -548.019396 -798.732584 -939.551696 -1117.262563 -1090.475768 -929.425119 -354.991357 -237.681450 -231.729847 222.617904 -64.844986 -367.040704 -139.363036 -128.858421 -24.893342 -16.294894 -161047.823131 -25.371887 -28.096021 668.719742 3821.598523 -145.846517 -230.625903 -28.519427 -26.321490 -610.402572 -124.825671 -33.655387 893.613837 -661.833160 -219.862971 -165.251752 -183.129100 -119.962384 -181.059222 -232.513523 -104.055737 -795.785592 -792.300360 -795.017288 -23.597199 -168.116180 179.690775
-9999.0 -9999.0 -9999.0 -9999.0 -9999.0 -9999.0 -9999.0 -9999.0 918.196676 -31.237428 -45.852007 -46.217778 -106.036115 -136.955431 -173.150622 -452.676196 -1051.107646 -889.209706 -797.420871 -1292.569143 -1296.708007 -1271.603021 -1116.638706 -914.667203 -464.351102 -270.152477 -186.938925 -144.937506 -117.055604 -175.029667 -797.268819 -24.947801 -26.094556 -27.150776 -26.330438 -30.495188 -44.653621 -154.152741 -130.368697 -796.974719 -797.030817 424.222135 -153618.619747 -797.544119 -799.012141 947.044509 -114.214529 -144.002747 -170.924275 -183.451412 -384.235305 -1094.520187 -113.008366 -214.226609 -797.887713 -24.279251 -774.132805 69.413585 -201.538907
-9999.0 -9999.0 -9999.0 -9999.0 -9999.0 -9999.0 -9999.0 -9999.0 -20.120197 -128.542679 -263.063282 -26.886167 -30.581198 888.144157 -220.866843 -431.269849 -869.701434 -963.354522 -11437.814993 -1300.073708 -579.501200 -702.142506 -725.570527 -951.911131 -1110.886335 -658.880277 -326.813202 -130.494686 -148667.311697 -27.505738 -26.539235 -797.735737 -25.792533 -796.206040 -42.396642 856.276343 -24.433776 -185.099276 -216.766515 -30.361196 -26.597455 -140.364042 -797.614564 -30.343838 3506.869158 -125.496720 -152083.985899 -29.723013 -158.530266 -367.778641 -83.872545 -133.153789 -126.432767 -25.851700 -32.772398 -148220.833831 -239.673990 -256.093428 -166.265539
-9999.0 -9999.0 -9999.0 -9999.0 -9999.0 -9999.0 -9999.0 -9999.0 -24.995000 -17.546972 -74.073709 -225.690700 -43.515380 -148671.065785 -182.579291 -177.855791 -691.228684 -787.331838 -1547.104184 -609.401227 -1316.054523 -803.547988 -786.078832 -1076.805656 -632.878944 -915.643844 -344.289710 -180.168356 -152172.517002 -26.765351 -798.006979 -50.910622 -117.505660 -4670.093890 -46.610576 -26.236962 -182.743476 -35.465801 -88.708889 -200.535644 -27.676645 -797.131189 892.493816 866.771769 -115.776026 671.369779 -798.763879 -65.226269 -135.255560 -159.065390 -388.897297 -358.045843 -157.539063 -152.768600 -241.202588 -114.978830 163.797984 -147.503916 -576.831871
-9999.0 -9999.0 -9999.0 -9999.0 -9999.0 -9999.0 -9999.0 -9999.0 -797.066788 -27.186063 940.200625 -203448.874888 -36.236935 792.057503 -1849.321642 -456.372509 -707.700079 -1396.410393 -552.948680 -1267.506191 -1216.505587 -1121.984045 -772.970367 -907.904304 -914.722469 -606.049433 -321.142150 -156.332075 -67.862165 -257.759228 -257.658776 -230.562602 -34668.814329 -148.922020 -2817.263130 -42.101472 -54.954801 -926.865204 -137.347886 -235.135694 -36.912619 -35.815720 -30.675343 -797.951278 -94.289983 -798.661945 -34.849544 -797.391300 -37.151426 -246.883776 -366.496456 -355.610062 -343.808014 867.880011 226.323516 177.629480 -355.505031 -525.060535 -695.748435
-9999.0 -9999.0 -9999.0 -9999.0 -9999.0 -9999.0 -9999.0 -9999.0 -84.708519 894.993038 5624.246974 -159.382859 -153.776024 -191.217536 177.319991 -283.039812 -283.835346 -872.622242 -685.094474 -970.687340 -1068.544548 -966.772031 -1120.572926 -1178.262405 -655.085193 -637.271543 -241.235801 -220.220089 -282.873080 -177.023563 -161.045861 -314.512179 -40.882806 -154.518671 -258.975122 -263.014489 -463.764004 -1082.121552 -326.934306 -158.970094 -242.573385 -5309.713815 -236.528522 -8436.040013 -235.196418 -38.086190 -237.223492 -228.295255 -241.437831 -268.409467 -202.564598 -697.453408 -453.159626 -325.611723 204.450413 194.434770 -269.553976 -426.492604 -474.862367
-9999.0 -9999.0 -41.801206 -53.842317 665.602961 -172.804815 -121.480659 -115.631771 626.924944 248.612169 -123.568631 963.836356 -191.596588 -105.160386 -85.888756 -53.010544 -154.395297 -189.848143 -182.202547 -479.529423 -973.657683 -899.988406 -534.281149 -1378.365977 -1038.042982 -938.946078 -620.862509 -532.268715 -578.525036 -48.659828 -388.699971 -489.643839 -289.462505 -820.074900 -524.494951 -984.371329 -934.250299 -1484.180178 -645.027830 -313.580658 -1045.745486 -646.072036 -255.885717 -301.968062 -173.481837 -269.249317 -106.323324 -406.532217 -360.689998 -445.826331 -717.779910 -580.244227 -352.632759 -285.202651 -149.803638 -192.718438 -304.583862 -429.445315 -432.659295
