user2019/resources/simulation/Vinschgau/output-maps/psiL0001N0039.asc
ncols         63
nrows         48
xllcorner     598000.000000
yllcorner     5145000.000000
cellsize      1000.000000
NODATA_value  -9999.0
[rows 0 to 25 of 48, columns 0 to 58 of 63]
-9999.0 -9999.0 -9999.0 -9999.0 -9999.0 -9999.0 -9999.0 -9999.0 -9999.0 -9999.0 -9999.0 -9999.0 -9999.0 -9999.0 -9999.0 -9999.0 -9999.0 -9999.0 -9999.0 -9999.0 -9999.0 -9999.0 -9999.0 -9999.0 -9999.0 -9999.0 -9999.0 -9999.0 -9999.0 -9999.0 -9999.0 -9999.0 -9999.0 -9999.0 -9999.0 -9999.0 -9999.0 -9999.0 -9999.0 -9999.0 -9999.0 -9999.0 -9999.0 -9999.0 -9999.0 -9999.0 -9999.0 -9999.0 -9999.0 -9999.0 -9999.0 -9999.0 -9999.0 -9999.0 -9999.0 -9999.0 -9999.0 -9999.0 -9999.0
-9999.0 -9999.0 -9999.0 -9999.0 -9999.0 -9999.0 -9999.0 -9999.0 -9999.0 -9999.0 -9999.0 -9999.0 -9999.0 -9999.0 -9999.0 -9999.0 -9999.0 -9999.0 -9999.0 -9999.0 -9999.0 -9999.0 -9999.0 -9999.0 -9999.0 -9999.0 -9999.0 -39.682227 2131.912788 -39.137355 -405.292566 -504.399992 -507.936646 -9999.0 -9999.0 -9999.0 -9999.0 -9999.0 -9999.0 -9999.0 -9999.0 -9999.0 -9999.0 -9999.0 -9999.0 -9999.0 -9999.0 -9999.0 -9999.0 -9999.0 -9999.0 -9999.0 -9999.0 -9999.0 -9999.0 -9999.0 -9999.0 -9999.0 -9999.0
-9999.0 -9999.0 -9999.0 -9999.0 -9999.0 -9999.0 -9999.0 -9999.0 -9999.0 -9999.0 -9999.0 -9999.0 -9999.0 -9999.0 -9999.0 -9999.0 -9999.0 -9999.0 -9999.0 -9999.0 -9999.0 -9999.0 -9999.0 -9999.0 1118.540749 2172.666151 2656.774799 2266.772499 2465.324183 2429.148662 -405.899737 -9999.0 -9999.0 -9999.0 -9999.0 -9999.0 -9999.0 -9999.0 -9999.0 -9999.0 -9999.0 -9999.0 -9999.0 -9999.0 -9999.0 -9999.0 -9999.0 -9999.0 -9999.0 -9999.0 -9999.0 -9999.0 -9999.0 -9999.0 -9999.0 -9999.0 -9999.0 -9999.0 -9999.0
-9999.0 -9999.0 -9999.0 -9999.0 -9999.0 -9999.0 -9999.0 -9999.0 -9999.0 -9999.0 -9999.0 -9999.0 -9999.0 -9999.0 -9999.0 -9999.0 -9999.0 -9999.0 -9999.0 -9999.0 -9999.0 -9999.0 -9999.0 2338.284336 2008.255817 9.064484 -11.923092 -189.306444 -10.827192 2670.927693 2610.830026 -114.448260 -9999.0 -9999.0 -9999.0 -9999.0 -9999.0 -9999.0 -9999.0 -9999.0 -9999.0 -9999.0 -9999.0 -9999.0 -9999.0 -9999.0 -9999.0 -9999.0 -9999.0 -9999.0 -9999.0 -9999.0 -9999.0 -9999.0 -9999.0 -9999.0 -9999.0 -9999.0 -9999.0
-9999.0 -9999.0 -9999.0 -9999.0 -9999.0 -9999.0 -9999.0 -9999.0 -9999.0 -9999.0 -9999.0 -9999.0 -9999.0 -9999.0 -9999.0 -9999.0 -9999.0 -9999.0 -407.743802 1283.147303 -9999.0 1047.482001 2254.625551 -216.505274 -356.767233 -423.682666 2262.601224 1977.966218 -382.008886 2.763553 2820.058206 2476.371337 -38.815380 -38.388448 -9999.0 -9999.0 -9999.0 -9999.0 -9999.0 -9999.0 -9999.0 -9999.0 -9999.0 -9999.0 -9999.0 -9999.0 -9999.0 -9999.0 -9999.0 -9999.0 -9999.0 -9999.0 -9999.0 -9999.0 -9999.0 -9999.0 -9999.0 -9999.0 -9999.0
-9999.0 -9999.0 -9999.0 -9999.0 -9999.0 -9999.0 -9999.0 -9999.0 -9999.0 -9999.0 -9999.0 -9999.0 -9999.0 -9999.0 -9999.0 -9999.0 -9999.0 -960.953093 -707.160344 -53.440293 -42.935917 363.181520 0.624263 10.125059 -430.107040 1736.296772 -843.145656 -749.859698 -463.674133 1865.414305 2601.778274 2845.591736 -41.330901 -42.921046 -40.025569 -254.145980 -9999.0 -9999.0 -9999.0 -9999.0 -9999.0 -9999.0 -9999.0 -9999.0 -9999.0 -9999.0 -9999.0 -9999.0 -9999.0 -9999.0 -9999.0 -9999.0 -9999.0 -9999.0 -9999.0 -9999.0 -9999.0 -9999.0 -9999.0
-9999.0 -9999.0 -9999.0 -9999.0 -9999.0 -9999.0 -9999.0 -9999.0 -9999.0 -9999.0 -9999.0 -9999.0 -9999.0 -101.282378 -286.618544 -700.457580 -893.274540 -18.153455 -910.511917 -650.464196 -484.469709 -550.069336 -615.753465 -432.001819 -87.516877 -543.453876 -74.981487 -1227.524881 -1305.035476 -1253.228184 1708.240839 -135.424038 -700.116566 -118.646098 -136.275521 -276.922288 -9999.0 -9999.0 -9999.0 -9999.0 -9999.0 -9999.0 -9999.0 -9999.0 -9999.0 -9999.0 -9999.0 -9999.0 -9999.0 -9999.0 -9999.0 -9999.0 -9999.0 -9999.0 -9999.0 -9999.0 -9999.0 -9999.0 -9999.0
-9999.0 -9999.0 -9999.0 -9999.0 -9999.0 -9999.0 -9999.0 -9999.0 -9999.0 -9999.0 -9999.0 -9999.0 -9999.0 268.274632 -480.388727 -807.741978 -818.324014 -595.535016 -19.085139 -727.218926 -790.461932 -228.258966 -605.793711 -496.977776 646.038593 1944.048398 2513.295565 -58.354683 -46.450865 -537.146020 -1276.655074 -498.998110 -189.783391 -242.993504 -245.782823 -9999.0 -9999.0 -9999.0 -9999.0 -9999.0 -9999.0 -9999.0 -9999.0 -9999.0 -9999.0 -9999.0 -9999.0 -9999.0 -9999.0 -9999.0 -9999.0 -9999.0 -9999.0 -9999.0 -9999.0 -9999.0 -9999.0 -9999.0 -9999.0
-9999.0 -9999.0 -9999.0 -9999.0 -9999.0 -9999.0 -9999.0 -9999.0 -9999.0 -9999.0 -9999.0 -9999.0 -9999.0 -465.822348 -628.568546 -774.714311 -805.330694 -835.842994 -17.563579 -831.657931 -466.843344 -61.138776 1651.004943 -659.073054 1850.872414 641.497180 -37.086421 -53.882777 2501.012964 -157.155645 -487.023162 -221.246310 -257.186657 -339.985472 -289.940452 -9999.0 -9999.0 -9999.0 -9999.0 -9999.0 -9999.0 -9999.0 -9999.0 -9999.0 -9999.0 -9999.0 -9999.0 -9999.0 -9999.0 -9999.0 -9999.0 -9999.0 -9999.0 -9999.0 -9999.0 -9999.0 -9999.0 -9999.0 -9999.0
-9999.0 -9999.0 -9999.0 -9999.0 -9999.0 -9999.0 -9999.0 -9999.0 -9999.0 -9999.0 -9999.0 -9999.0 -283.996122 -587.064092 -671.517323 -105.396064 -669.772270 -854.034296 -587.914532 -19.959782 -650.129689 -159.563679 -167.533316 -134.012327 -83.332587 -478.863548 -807.426800 -104.462230 2713.672040 -197.781415 -468.386525 -39.053568 2974.901183 -46.876035 -9999.0 -9999.0 -9999.0 -9999.0 -9999.0 -9999.0 -9999.0 -9999.0 -9999.0 -9999.0 -9999.0 -9999.0 -9999.0 -9999.0 -9999.0 -9999.0 -9999.0 -9999.0 -9999.0 -9999.0 -9999.0 -9999.0 -9999.0 -9999.0 -9999.0
-9999.0 -9999.0 -9999.0 -9999.0 -9999.0 -9999.0 -9999.0 -9999.0 -9999.0 -9999.0 -9999.0 -93.748140 -90.598914 -628.760591 -114.374537 -142.740649 -59.193271 -866.743584 -647.561955 -20.728989 -921.326339 -611.703971 -92.254518 -454.081105 -100.298697 -157.329648 -432.250708 2389.000723 -100.915850 -237.946595 -39.716870 3512.715585 -41.625484 -41.944608 -40.517414 -40.219304 -95.154153 2039.259077 390.360406 -9999.0 -9999.0 -9999.0 -44.417210 -9999.0 -9999.0 -9999.0 -9999.0 -9999.0 -9999.0 -9999.0 -9999.0 -9999.0 -9999.0 -9999.0 -9999.0 -9999.0 -9999.0 -9999.0 -9999.0
-9999.0 -9999.0 -9999.0 -9999.0 -9999.0 -9999.0 -9999.0 -9999.0 -9999.0 -9999.0 -9999.0 -101.616899 1679.053265 -380.489186 -94.709464 -663.635811 -689.539695 -1019.577481 -675.692257 -767.309950 -637.018836 339.901101 -100.608956 -111.619722 -112.848530 -110.502253 -87.325655 2630.285321 -39.508378 -142.622012 2950.765097 -101.104064 3546.934384 -107.818574 -101.514336 3692.406836 -137.968304 -232.035922 -255.846522 -37.683354 -37.549189 -39.849008 3934.571216 -45.153843 -9999.0 -9999.0 -9999.0 1639.285354 1450.769659 -40.874068 1235.636255 -38.749045 -38.814195 890.191110 750.422602 -39.181220 -9999.0 -9999.0 -9999.0
-9999.0 -9999.0 -9999.0 -9999.0 -9999.0 -9999.0 -9999.0 -9999.0 -9999.0 -9999.0 -9999.0 -97.177805 -189.876305 -88.870811 -29.954998 -97.614404 1.384143 -843.453064 -789.158093 -698.538062 -824.804693 0.000000 255.131807 -43.884279 -219.162808 -37.930695 309.056385 -122.274065 -221.190381 -114.287637 -239.747752 -102.391299 -67.055954 -104.809259 -42.206859 1851.072376 -662.601019 -1076.309429 -632.516698 -66.126574 1367.839283 4259.846602 4085.193057 3288.947758 2161.195294 -9999.0 -112.884084 2092.259315 1467.422483 1075.471731 1343.981862 176.607493 891.714318 284.842810 326.723439 726.256476 -9999.0 -9999.0 -9999.0
-9999.0 -9999.0 -9999.0 -9999.0 -9999.0 -9999.0 -9999.0 -9999.0 -9999.0 -9999.0 -9999.0 -9999.0 -102.765413 -114.206475 1047.665519 -98.021829 -467.638103 -747.759658 -695.271729 -612.284922 -819.950141 -406.854801 -12.280934 102.189676 -103.930072 277.095591 419.528706 -492.725776 -86.180563 -38.666861 2276.557024 3020.394551 1146.698518 -105.504876 -561.060296 -137.110892 -1212.968389 -1254.198175 -935.570054 -291.390020 940.409737 -101.156725 24.543275 538.553628 -38.773722 2055.267765 -41.619016 2193.367558 -83.257677 1631.567290 483.409526 1345.644692 1576.545869 -426.393953 -357.711766 -228.889803 -202.274839 -9999.0 -9999.0
-9999.0 -9999.0 -9999.0 -9999.0 -9999.0 -9999.0 -9999.0 -9999.0 -9999.0 -9999.0 -9999.0 783.548365 -634.868320 -101.594998 17.469236 13.647703 2.916039 -693.779385 -633.931496 -832.782520 -832.817405 -620.031916 18.158531 206.025252 199.827871 16.789258 -98.047857 -172.301955 2311.985163 -37.861272 423.884155 319.501500 -67.765538 -109.443094 -578.470231 -143.344715 -1000.583569 -1048.092882 -604.411688 -710.481001 0.000000 -435.489670 -388.785474 -56.732276 1011.102935 1974.989092 1356.978678 167.667317 181.447015 -32.134777 -53.957686 -427.748252 -388.202294 -393.327248 -809.922711 -59.181568 -33.262071 -9999.0 -9999.0
-9999.0 -9999.0 -9999.0 -9999.0 -9999.0 -9999.0 -9999.0 -9999.0 -9999.0 -9999.0 -77.941364 88.121622 1541.481990 -97.976993 971.329025 -322.997235 1558.423951 -667.070726 -866.770321 -893.991180 -645.747989 -471.415184 -355.999435 -293.747474 -16.950925 -39.889831 -142.329316 -41.482889 3941.278055 1385.951391 21.718997 -99.907966 -438.784834 -477.085841 -357.330125 -65.853412 4693.117590 -138.920140 -1183.693054 -754.189819 -663.296039 -11.171621 -13.104119 -494.462949 16.822197 -39.853891 1241.066756 332.575753 126.765164 4.310447 -45.137297 -84.173339 -902.500931 -75.890295 -67.549350 599.874420 654.134919 -9999.0 -9999.0
-9999.0 -9999.0 -9999.0 -9999.0 -9999.0 -9999.0 -9999.0 -9999.0 -9999.0 -272.919823 -76.030341 -14.962635 8.313627 220.028589 13.907215 1525.971818 -170.632893 -347.553899 -889.866886 -901.547078 -665.406375 -696.897571 -633.036312 -561.488359 5.364164 -109.727341 229.086635 902.391690 7.712820 -184.448925 -355.894443 -137.993954 -287.805596 -252.390368 -36.541727 -47.869686 -116.850797 -131.435602 -695.235951 -145.517679 -654.799010 1534.771028 1440.626537 -644.767825 -508.592195 3.905803 15.498202 -132.568438 2137.501973 -93.498362 2173.191345 -36.199718 -105.948412 -35.587408 -36.545374 2386.376967 1145.256519 1.281535 -31.522681
-9999.0 -9999.0 -9999.0 -9999.0 -9999.0 -9999.0 -9999.0 -9999.0 -9999.0 -114.353706 -335.402622 -113.810596 -578.832067 -463.005756 6.860789 181.410263 763.154779 -628.137643 -999.241867 -714.497101 -672.388270 -657.837895 4.694649 54.983930 -131.973626 17.728124 14.862009 -261.259415 -411.690286 2139.676281 -72.494301 -89.234235 -283.737783 -103.363162 1351.535754 -39.515786 -41.033880 -41.810181 -315.275650 -318.059069 -468.843336 -479.504169 15.984203 -336.956640 -540.112598 -403.918538 -513.552678 -274.827842 4.992500 -269.726527 2176.769985 2120.714741 -35.213042 -86.694678 -33.112793 -135.382646 1277.354795 1713.655355 192.370459
-9999.0 -9999.0 -9999.0 -9999.0 -9999.0 -9999.0 -9999.0 -9999.0 -9999.0 -9999.0 -165.280907 -99.398938 644.785456 -720.426424 -607.194724 -328.254844 -420.910233 -761.174356 -1149.162676 -690.360037 -644.851929 -783.729798 -175.787920 24.758816 10.661479 -12.851859 -416.151000 -517.695702 1619.182197 -355.263101 -460.977888 -96.566495 -552.400507 -433.383123 2563.087810 -68.867630 -84.075949 3063.890786 -37.969292 -256.180165 -427.181269 1855.078034 1899.085755 -166.753074 -76.933362 1201.636548 -516.356680 -282.202640 -193.181570 -177.563446 2568.542788 2423.335164 -33.946380 -35.093233 -344.835873 -88.377154 -206.481515 60.310553 15.716906
-9999.0 -9999.0 -9999.0 -9999.0 -9999.0 -9999.0 -9999.0 -9999.0 -9999.0 -9999.0 -103.667467 -103.628088 -124.054285 -381.842171 -642.049435 -765.484942 -724.221882 -963.227510 -1295.944593 -708.003250 -928.660141 -708.834231 -400.239763 0.000000 -9.842278 -437.565985 -544.066198 -292.360503 -103.264507 -478.496734 -476.196190 1035.677335 -42.320374 -428.909994 -465.833529 -133.870126 288.636811 2861.331385 -103.055658 -372.879056 -103.457116 -38.483877 -625.946053 -475.335516 -132.014363 763.111783 1483.651706 2044.696571 -286.954765 5.039184 0.000000 2178.845612 2335.322510 -31.084439 -38.313773 -33.475453 -117.152415 1179.864886 12.794514
-9999.0 -9999.0 -9999.0 -9999.0 -9999.0 -9999.0 -9999.0 -9999.0 1512.143949 1083.810208 3672.622029 -77.356688 1841.902060 1497.147698 -546.444484 -779.559907 -807.803954 -728.524926 -742.040325 -784.100906 -1005.197994 -936.219285 -888.139568 -574.949214 -524.303547 -595.992621 -398.083305 1423.740960 970.334361 -89.981288 -262.494991 -120.611469 -93.676673 -213.767580 -49.398378 -471.227190 889.567443 302.828551 -94.452660 -39.500610 -47.939969 -478.185766 -372.773606 -87.100044 164.673391 949.230834 -492.715180 703.093082 21.348484 -179.971201 0.000000 1966.594084 2145.203524 2291.402506 -31.203510 217.763135 4.610576 483.806880 10.905104
-9999.0 -9999.0 -9999.0 -9999.0 -9999.0 -9999.0 -9999.0 -9999.0 -45.456216 222.561198 -96.439861 -596.116897 -502.288162 5.771627 -560.133522 -685.272718 -790.245476 -822.878315 -1068.845780 -683.170401 -750.033440 -792.548258 -743.661060 -666.973409 -875.647011 -711.143486 -544.734877 2003.968811 -73.787291 -80.606715 -95.920504 -36.810009 820.770067 -38.952619 1387.284994 1249.466278 1566.147185 185.300031 -93.467659 1484.471276 -471.135259 -496.294549 -73.413497 1433.391277 1693.934644 -939.801122 -51.675165 -82.836496 1525.510641 -366.363389 4.779073 385.147294 1654.569565 554.993049 1175.696978 -10.312255 438.874987 0.000000 21.137956
-9999.0 -9999.0 -9999.0 -9999.0 -9999.0 -9999.0 -9999.0 -9999.0 -269.868101 2359.890413 391.049740 -93.949957 -93.142150 -131.682289 151.355692 -553.397746 -774.287763 -727.105749 -999.513651 -650.888091 -638.722742 -752.944577 -778.994908 -760.559815 -651.036162 -751.135250 -400.738396 -106.068269 -40.516278 2313.135537 -36.522078 1859.952092 2483.085078 3309.479019 1400.891783 1974.259340 1429.888792 -336.910260 2443.355645 1569.614770 1866.865535 -36.386206 1474.271906 -126.062335 -309.082186 -121.843947 -34.322715 1007.559063 -307.116571 -9.221305 -262.879166 18.409193 2557.007520 2497.364889 324.377041 13.835423 26.984598 4.746358 -366.864076
-9999.0 -9999.0 -9999.0 -9999.0 -9999.0 -9999.0 -9999.0 -9999.0 -71.589457 -67.434272 0.000000 -39.778054 603.756059 293.693456 -415.589642 -737.938979 -924.169821 -743.937533 -534.703653 -921.179016 -702.111189 -485.650084 -463.116050 -593.577549 -667.128989 -467.181680 6.100211 278.870386 481.545906 66.399817 3211.407789 2804.503193 106.927459 128.127817 2199.374174 1333.391810 1388.897240 -319.655339 2639.433688 2342.368567 1366.232049 1222.009438 1118.002424 168.629558 1464.627669 200.920446 822.042666 188.820679 818.397776 1858.258503 -12.570793 -349.988146 14.256426 317.383098 20.910594 23.466786 -288.027447 74.363219 -194.868610
-9999.0 -9999.0 -9999.0 -9999.0 -9999.0 -9999.0 -9999.0 -9999.0 -99.175674 650.405262 9.079719 -376.556176 -389.994895 -549.531184 -575.919001 -661.332979 -509.134432 -728.768412 -636.623418 -748.842521 -821.933343 -466.193919 -455.298046 -607.501535 -485.420692 -493.191704 3.651214 -5.470710 -347.824083 -10.035003 552.311455 1.052472 4.086218 4.533923 2855.930444 3061.750444 214.738737 -330.430317 10.401179 2063.516259 2888.813650 889.381262 294.305100 1074.575262 2521.745578 1082.740367 74.924678 197.087640 282.127445 8.617922 17.131329 -468.281594 -431.468876 -276.597946 233.324817 210.535409 5.899680 5.427917 -447.151034
-9999.0 -9999.0 3071.507283 1890.715224 -79.624644 2645.092436 231.724523 2722.955868 1251.079489 1568.861315 -62.312500 -450.956307 -583.902738 -552.435179 -550.338623 -522.748134 -567.165065 1832.397545 -37.994847 -566.834506 -729.941786 -840.726719 -267.188304 59.071086 -607.806572 -679.281467 -489.179866 -435.719682 -705.529924 -469.292980 -2.716642 -290.856382 -480.125334 -419.510682 -339.208245 -170.314267 -268.682927 -489.921233 -246.481540 115.085485 130.800478 0.000000 12.343038 0.000000 14.280595 204.155745 -219.703394 -246.044172 -273.404521 -455.900337 -466.551852 -452.805470 -435.312710 -410.980716 5.946232 6.019129 -425.149136 -425.440501 11.041772
