user2019/resources/simulation/Vinschgau/output-maps/psiL0001N0768.asc
ncols         63
nrows         48
xllcorner     598000.000000
yllcorner     5145000.000000
cellsize      1000.000000
NODATA_value  -9999.0
[rows 0 to 25 of 48, columns 0 to 57 of 63]
-9999.0 -9999.0 -9999.0 -9999.0 -9999.0 -9999.0 -9999.0 -9999.0 -9999.0 -9999.0 -9999.0 -9999.0 -9999.0 -9999.0 -9999.0 -9999.0 -9999.0 -9999.0 -9999.0 -9999.0 -9999.0 -9999.0 -9999.0 -9999.0 -9999.0 -9999.0 -9999.0 -9999.0 -9999.0 -9999.0 -9999.0 -9999.0 -9999.0 -9999.0 -9999.0 -9999.0 -9999.0 -9999.0 -9999.0 -9999.0 -9999.0 -9999.0 -9999.0 -9999.0 -9999.0 -9999.0 -9999.0 -9999.0 -9999.0 -9999.0 -9999.0 -9999.0 -9999.0 -9999.0 -9999.0 -9999.0 -9999.0 -9999.0
-9999.0 -9999.0 -9999.0 -9999.0 -9999.0 -9999.0 -9999.0 -9999.0 -9999.0 -9999.0 -9999.0 -9999.0 -9999.0 -9999.0 -9999.0 -9999.0 -9999.0 -9999.0 -9999.0 -9999.0 -9999.0 -9999.0 -9999.0 -9999.0 -9999.0 -9999.0 -9999.0 27155.956125 13979.458348 -61.079230 -138.991703 130335.403864 -142.023162 -9999.0 -9999.0 -9999.0 -9999.0 -9999.0 -9999.0 -9999.0 -9999.0 -9999.0 -9999.0 -9999.0 -9999.0 -9999.0 -9999.0 -9999.0 -9999.0 -9999.0 -9999.0 -9999.0 -9999.0 -9999.0 -9999.0 -9999.0 -9999.0 -9999.0
-9999.0 -9999.0 -9999.0 -9999.0 -9999.0 -9999.0 -9999.0 -9999.0 -9999.0 -9999.0 -9999.0 -9999.0 -9999.0 -9999.0 -9999.0 -9999.0 -9999.0 -9999.0 -9999.0 -9999.0 -9999.0 -9999.0 -9999.0 -9999.0 1764.943063 1338.164610 901.961262 1636.418050 -153.145928 -174.078298 19254.419100 -9999.0 -9999.0 -9999.0 -9999.0 -9999.0 -9999.0 -9999.0 -9999.0 -9999.0 -9999.0 -9999.0 -9999.0 -9999.0 -9999.0 -9999.0 -9999.0 -9999.0 -9999.0 -9999.0 -9999.0 -9999.0 -9999.0 -9999.0 -9999.0 -9999.0 -9999.0 -9999.0
-9999.0 -9999.0 -9999.0 -9999.0 -9999.0 -9999.0 -9999.0 -9999.0 -9999.0 -9999.0 -9999.0 -9999.0 -9999.0 -9999.0 -9999.0 -9999.0 -9999.0 -9999.0 -9999.0 -9999.0 -9999.0 -9999.0 -9999.0 1227.279006 806.510548 -714.059293 -515.546762 -836.571516 -240.127624 947.903992 16512.381119 54436.020852 -9999.0 -9999.0 -9999.0 -9999.0 -9999.0 -9999.0 -9999.0 -9999.0 -9999.0 -9999.0 -9999.0 -9999.0 -9999.0 -9999.0 -9999.0 -9999.0 -9999.0 -9999.0 -9999.0 -9999.0 -9999.0 -9999.0 -9999.0 -9999.0 -9999.0 -9999.0
-9999.0 -9999.0 -9999.0 -9999.0 -9999.0 -9999.0 -9999.0 -9999.0 -9999.0 -9999.0 -9999.0 -9999.0 -9999.0 -9999.0 -9999.0 -9999.0 -9999.0 -9999.0 -167.718795 816.965110 -9999.0 878.228375 812.683504 -560.952227 -449.617088 -1282.064439 -258.701692 74.484350 4.824159 6703.286347 1465.586052 16243.462541 61892.996511 35100.176550 -9999.0 -9999.0 -9999.0 -9999.0 -9999.0 -9999.0 -9999.0 -9999.0 -9999.0 -9999.0 -9999.0 -9999.0 -9999.0 -9999.0 -9999.0 -9999.0 -9999.0 -9999.0 -9999.0 -9999.0 -9999.0 -9999.0 -9999.0 -9999.0
-9999.0 -9999.0 -9999.0 -9999.0 -9999.0 -9999.0 -9999.0 -9999.0 -9999.0 -9999.0 -9999.0 -9999.0 -9999.0 -9999.0 -9999.0 -9999.0 -9999.0 -2611.994801 -670.826995 -21.487720 2226.378303 20799.727304 11442.636012 661.800108 -414.065491 6153.442211 211533.679283 13328.824123 95284.866640 737.629180 -149.957168 -173.264694 -64.604701 -56.287002 13411.352482 -41.383752 -9999.0 -9999.0 -9999.0 -9999.0 -9999.0 -9999.0 -9999.0 -9999.0 -9999.0 -9999.0 -9999.0 -9999.0 -9999.0 -9999.0 -9999.0 -9999.0 -9999.0 -9999.0 -9999.0 -9999.0 -9999.0 -9999.0
-9999.0 -9999.0 -9999.0 -9999.0 -9999.0 -9999.0 -9999.0 -9999.0 -9999.0 -9999.0 -9999.0 -9999.0 -9999.0 583.597137 50.269197 -873.416858 -2872.211047 -5366.833260 -2405.035117 -740.600570 -462.151043 -477.740568 -535.870017 -364.860349 14391.067395 889.045990 128321.560190 -162.251268 62312.649732 14816.215539 -186.798528 -156.510927 -152.467058 -140.146386 -51.717022 53993.868664 -9999.0 -9999.0 -9999.0 -9999.0 -9999.0 -9999.0 -9999.0 -9999.0 -9999.0 -9999.0 -9999.0 -9999.0 -9999.0 -9999.0 -9999.0 -9999.0 -9999.0 -9999.0 -9999.0 -9999.0 -9999.0 -9999.0
-9999.0 -9999.0 -9999.0 -9999.0 -9999.0 -9999.0 -9999.0 -9999.0 -9999.0 -9999.0 -9999.0 -9999.0 -9999.0 477.391898 -428.563818 -1069.729889 -2595.136440 -305.839900 -5368.476053 -766.526542 -1290.063023 -362.530893 -407.807574 71.950403 1425.131572 10375.413226 14488.303407 -57.876995 60965.443611 276576.707019 -167.401326 35465.129504 24065.347161 471.212390 -43.158227 -9999.0 -9999.0 -9999.0 -9999.0 -9999.0 -9999.0 -9999.0 -9999.0 -9999.0 -9999.0 -9999.0 -9999.0 -9999.0 -9999.0 -9999.0 -9999.0 -9999.0 -9999.0 -9999.0 -9999.0 -9999.0 -9999.0 -9999.0
-9999.0 -9999.0 -9999.0 -9999.0 -9999.0 -9999.0 -9999.0 -9999.0 -9999.0 -9999.0 -9999.0 -9999.0 -9999.0 -521.643694 668.471554 -684.035943 -1266.719469 -2313.615647 -5812.690018 -2285.023175 -220.745713 -14.171678 2588.064156 58495.726925 1189.392421 4211.878970 141.306938 61320.741313 24979.396927 390.940840 3702.593179 362.809211 509.083490 446.829784 -35.028442 -9999.0 -9999.0 -9999.0 -9999.0 -9999.0 -9999.0 -9999.0 -9999.0 -9999.0 -9999.0 -9999.0 -9999.0 -9999.0 -9999.0 -9999.0 -9999.0 -9999.0 -9999.0 -9999.0 -9999.0 -9999.0 -9999.0 -9999.0
-9999.0 -9999.0 -9999.0 -9999.0 -9999.0 -9999.0 -9999.0 -9999.0 -9999.0 -9999.0 -9999.0 -9999.0 -46.004881 6525.164357 -356.828921 -137.768300 -389.690384 -826.632430 -450.972044 -31.528656 -471.561487 16150.230700 12936.895721 29568.580236 -185.315113 15600.701678 -170.041187 17185.264946 -161.619320 -46.342559 14444.501181 44734.676048 -133.094913 45067.943406 -9999.0 -9999.0 -9999.0 -9999.0 -9999.0 -9999.0 -9999.0 -9999.0 -9999.0 -9999.0 -9999.0 -9999.0 -9999.0 -9999.0 -9999.0 -9999.0 -9999.0 -9999.0 -9999.0 -9999.0 -9999.0 -9999.0 -9999.0 -9999.0
-9999.0 -9999.0 -9999.0 -9999.0 -9999.0 -9999.0 -9999.0 -9999.0 -9999.0 -9999.0 -9999.0 594.565272 13.182662 334.313733 -279.133113 370.635895 -18.064280 -643.846041 5.253575 53.731256 -552.464516 188.232296 950.923871 11753.862820 -174.856312 15063.936040 13751.765702 14924.405823 -166.748271 74210.096044 56657.990207 -165.077998 -52.499941 49868.203197 10232.494883 -53.474331 58714.530583 16966.199415 15940.254459 -9999.0 -9999.0 -9999.0 46246.015559 -9999.0 -9999.0 -9999.0 -9999.0 -9999.0 -9999.0 -9999.0 -9999.0 -9999.0 -9999.0 -9999.0 -9999.0 -9999.0 -9999.0 -9999.0
-9999.0 -9999.0 -9999.0 -9999.0 -9999.0 -9999.0 -9999.0 -9999.0 -9999.0 -9999.0 -9999.0 751.083334 7.209429 20.901366 -309.274568 493.037532 -471.677759 -875.198293 -381.705522 5.919648 6.456120 622.256943 994.838392 353828.293753 -159.816235 15246.164719 15925.438579 -170.335308 -60.863481 65356.825763 -143.657968 -173.485433 25789.270655 104394.375050 108779.516494 20565.960105 982.993651 -1178.559121 -1412.703903 59707.138218 55735.588652 68489.249881 -22.887811 62625.659284 -9999.0 -9999.0 -9999.0 16962.836717 139607.596403 12781.258916 125182.606429 68767.318092 57373.724829 66065.039561 95211.382692 46937.879417 -9999.0 -9999.0
-9999.0 -9999.0 -9999.0 -9999.0 -9999.0 -9999.0 -9999.0 -9999.0 -9999.0 -9999.0 -9999.0 -121.407585 621.915328 -190.577769 396.996337 328.135604 189.077743 -318.743696 -214.867405 -386.840955 -260.841038 5838.481873 143776.944888 1765.210647 15620.576371 22971.366918 220464.075616 -160.307998 36042.589447 98900.267544 55718.912324 -146.427407 -169.599489 92535.009003 58179.889301 -158.195055 -165.023213 -157.390138 -1159.289810 1828.487723 15719.165636 92401.348025 -155.808152 15258.675385 91980.702080 -9999.0 55243.970910 104151.932450 23853.125066 -161.580176 15326.225092 -63.944147 16419.517912 16239.045612 -142.054487 108190.220174 -9999.0 -9999.0
-9999.0 -9999.0 -9999.0 -9999.0 -9999.0 -9999.0 -9999.0 -9999.0 -9999.0 -9999.0 -9999.0 -9999.0 -102.473818 -190.684050 468.675036 431.585405 392.244039 -511.811785 12.351930 -258.843847 -342.332152 2326.037105 -184.571721 55673.019187 383759.683766 251036.536649 2977.232444 16384.127521 34849.665509 59415.623389 16114.893762 -159.528396 13698.165222 49423.190857 131052.043973 16975.478432 256235.558627 -144.435117 -1544.621943 -1301.802801 -1125.497080 4420.207241 -152.191915 1076.364322 53851.807171 88318.036146 62451.901410 113155.710299 -141.116377 -165.075718 35244.798094 -160.825285 -166.547713 -157.090869 -150.371473 -147.496424 26748.679986 -9999.0
-9999.0 -9999.0 -9999.0 -9999.0 -9999.0 -9999.0 -9999.0 -9999.0 -9999.0 -9999.0 -9999.0 95414.902294 975.953877 692.569023 -193.932511 2612.217565 1029.624435 -126.626887 8.745416 -534.906125 -336.812924 596.440061 -206.061451 223171.311310 197224.159611 -180.896177 88544.776533 34292.425239 16996.462886 13713.679539 193288.665170 -176.572289 -144.596613 41924.952185 144899.516747 275.413460 18822.123272 86107.435391 -580.288974 -1184.513701 187.743399 -164.987490 -199.075627 24359.892496 852.600117 16865.348956 -151.476542 1862.794373 4249.989014 18054.603846 64783.304510 48138.707209 -139.099169 -28.606272 421.430383 374.678035 -49.232162 -9999.0
-9999.0 -9999.0 -9999.0 -9999.0 -9999.0 -9999.0 -9999.0 -9999.0 -9999.0 -9999.0 3074.464355 16467.541420 818.351645 768.573720 597.151490 -201.188501 -208.704080 233.646282 -1032.951068 -483.555151 11.441701 13.318200 589793.021510 706.315017 12144.458256 -181.624473 316734.726514 115058.707469 8472.858706 1013.042197 -181.235363 -179.862319 4684.257987 66146.272285 74925.674891 46848.563891 6431.538346 -160.983410 -68.394697 1359.130955 1264.981400 -55.628599 -12.118281 11.405533 19354.071755 9911.097402 11937.871511 -154.947632 -181.863317 14501.408534 101604.188629 54726.859277 426.720218 391.854052 407.333125 -134.181669 -136.512922 -9999.0
-9999.0 -9999.0 -9999.0 -9999.0 -9999.0 -9999.0 -9999.0 -9999.0 -9999.0 14163.370061 -149.732909 -180.423567 -185.061734 76329.347102 -184.773326 -186.235787 25546.280827 497.760913 -626.531506 -1071.980845 7.280959 370.524171 -19.543445 1139.300538 2554.515282 555662.204662 454200.233447 878.518409 26045.311270 11408.822349 4023.157032 354303.866555 53769.847128 394.640669 53310.988348 31545.846648 -166.469441 -153.199919 131545.897864 -81.261842 -200.198296 562421.229720 597818.126707 -331.989358 5.193172 18109.475817 670.155348 94846.673228 95887.928672 1583.986395 -141.401275 -34.620685 442.475323 73304.408155 46312.018430 -128.751464 -148.603808 58517.609036
-9999.0 -9999.0 -9999.0 -9999.0 -9999.0 -9999.0 -9999.0 -9999.0 -9999.0 -141.668000 -143.798193 2041.210452 5318.575392 10350.530899 26797.106652 80199.607658 674.849539 948.935644 -682.289921 -499.560186 -388.704036 -568.696516 -225.420652 908.598871 559817.279074 311777.185656 67360.198857 13803.947212 1205.502235 939.657798 1177.981130 152930.116055 -145.347815 79599.592958 -35.695343 45804.250179 30289.446873 4775.080386 15707.807353 -166.260993 98916.755784 411604.644215 46532.038315 681.775599 -284.959119 -300.555774 -201.637644 1194.564061 8741.059341 2998.717690 512966.038190 325279.578258 69356.968895 133226.085392 -46.913599 -149.469291 -133.886917 -152.583837
-9999.0 -9999.0 -9999.0 -9999.0 -9999.0 -9999.0 -9999.0 -9999.0 -9999.0 -9999.0 16325.812940 -169.135355 2739.503081 -226.136915 6076.858406 21583.490274 10995.759085 -276.383578 -688.892653 -535.592829 4.310018 -490.001049 13775.163327 394434.797876 206649.710291 18929.028197 2731.131009 219.848761 1202.673861 444156.887282 413346.600469 -160.477191 317335.179852 88411.016369 -169.876793 -144.878897 874.848667 871.651805 32661.400556 20533.354864 32428.347000 993.698904 5538.524765 21740.100807 3099.954593 1241.817028 6.151558 -145.829391 -219.609382 2954.680459 282765.148178 -129.097095 63002.506602 51960.513073 159041.884184 56542.491917 -159.424510 -173.560314
-9999.0 -9999.0 -9999.0 -9999.0 -9999.0 -9999.0 -9999.0 -9999.0 -9999.0 -9999.0 41498.017514 12288.834724 1125.910850 -187.221024 5.008720 -54.836320 1137.418395 -688.477408 -776.393368 -1249.769095 -2237.809803 -629.020142 29186.037120 18741.627127 17905.993894 627.182733 4.999163 2755.165666 228261.775368 362182.317603 19520.415615 -140.585530 -51.747922 100794.405436 16209.498380 -151.703553 -183.146820 -179.794631 156525.076470 40591.274062 16781.336059 -72.624377 -162.817712 1904.469489 857.076191 439017.932895 13096.075694 2937.243906 11.396936 4.929240 -199.913877 40076.218428 72949.653590 7781.681121 84343.931987 84185.136886 151353.752718 182207.902932
-9999.0 -9999.0 -9999.0 -9999.0 -9999.0 -9999.0 -9999.0 -9999.0 1947.959318 16327.815153 75080.923160 -168.487560 -162.986798 -171.347877 -188.123014 -155.537691 -788.175681 -578.671567 -677.207310 -2202.721001 -2957.726944 -950.550269 -770.181562 253.066928 1169.051308 -167.058051 14.927721 303741.402409 -152.275719 -132.318969 342.238427 14121.859210 17148.963762 56782.631804 -146.841889 15659.935418 705.110254 -184.669012 551373.393242 51046.014262 2148.425622 -153.391489 61324.421556 54979.116589 4355.868135 3032.055273 547508.378518 82178.057449 1624.724919 4.728523 -201.632712 -159.160305 -82.389972 168533.394906 85039.420834 88701.419404 56058.297164 831.290784
-9999.0 -9999.0 -9999.0 -9999.0 -9999.0 -9999.0 -9999.0 -9999.0 -60.899064 -158.691426 286271.133128 48340.404372 14700.008589 -178.036046 614550.889648 1261.541429 -476.908447 -577.714469 -1154.392699 -2141.784023 -400.256667 -514.844906 -531.602006 -504.801937 -796.575431 -259.062165 12.979187 -171.873370 64820.999520 17820.319478 67997.685310 30029.768022 -150.995158 25171.778077 -168.128807 1062.524424 715.927398 -206.515840 39222.280589 8420.361458 17237.415987 11774.354971 28013.653284 5491.774885 -90.652273 66420.312973 111490.859325 11922.210839 31900.146876 9.057005 4.598263 55357.703923 181017.259390 69637.108392 15230.130251 -43.926691 240803.851897 14702.075916
-9999.0 -9999.0 -9999.0 -9999.0 -9999.0 -9999.0 -9999.0 -9999.0 17147.706616 -130.763149 17301.844074 363721.618339 -164.167341 125919.889946 113023.490180 610047.878488 453.114297 -474.279362 -2221.913659 -522.886573 -2239.916262 -769.691393 -586.310560 -1432.526989 -507.557082 -418.005364 628.673904 517624.991990 129318.098075 15534.715031 14400.459972 -150.749611 109555.485399 261626.167322 930.486428 814.618425 -202.711949 4.628755 21308.109709 66030.897511 9716.680130 10218.995504 1397.838944 -135.867799 175146.404065 2195.567723 48253.368114 5510.817581 379578.242619 8537.551641 3.576934 2984.474543 431514.128570 579968.479941 124122.347316 -181.685716 368.670257 12.366289
-9999.0 -9999.0 -9999.0 -9999.0 -9999.0 -9999.0 -9999.0 -9999.0 75330.963041 8994.924152 -171.223728 122445.930259 -162.459137 -153.545301 238836.417402 796.659396 -648.540159 -1369.837011 -394.791340 -2820.935903 -1537.520528 -1550.085935 -746.801312 -1615.605164 -1022.839228 -381.192743 218071.013800 626658.202419 888.584640 -152.950550 103233.695186 -157.344713 -169.262169 -202.641885 35336.947493 689.074847 296.397350 -389.662540 139.687318 14944.924434 1093.167869 969.087171 968.343977 4418.599495 3912.541443 9700.025974 7905.287472 4713.981330 13377.232971 164739.783703 4537.208983 3.923547 5084.061357 68449.827499 596.848063 15.595767 18.374135 100.458789
-9999.0 -9999.0 -9999.0 -9999.0 -9999.0 -9999.0 -9999.0 -9999.0 107775.431825 11812.749754 -172.297159 529645.914678 -164.537972 -188.175156 942.961352 14.060419 4.640976 -421.364191 36.624527 -557.028693 -1926.771665 -1015.945727 -1401.795031 -1430.853210 -437.037800 -44.234696 618990.515832 18830.678232 5145.974474 -205.666685 489701.315406 -173.811844 22.564367 -131.484167 1412.193808 62.795467 -228.434648 -435.417058 4.049538 8.922020 1252.896828 1665.159082 -210.287351 8595.600990 118657.242124 805.006944 28132.716773 -183.795506 35987.346449 3547.640486 -199.934355 -462.405421 -249.696911 -274.873598 143.630631 131.149381 5.458419 5.350621
-9999.0 -9999.0 13518.812983 1783.489511 -159.034195 370439.286532 -158.947846 -144.717108 16830.048048 16274.877232 84362.760833 -192.221449 -188.455111 -188.300910 5.235079 4.490919 11431.864401 584087.651702 80613.077941 873.827147 -588.000391 -620.219566 5.062334 -3058.209958 -1061.997480 -627.983358 -21.485492 730.579988 -21.988143 225.378863 11261.288890 424.521265 48.601689 5.495831 5.185972 -424.469852 -323.072021 -528.472482 -326.810258 -327.052046 -244.989514 4.519522 8.767282 6.408164 1285.714247 1544.504764 9.078906 7.903015 5.318361 -294.486360 -402.078525 -559.884937 5.379215 5.517008 5.614463 5.557164 25.558233 13.797532
