user2019/resources/simulation/Vinschgau/output-maps/psiL0002N0947.asc
ncols         63
nrows         48
xllcorner     598000.000000
yllcorner     5145000.000000
cellsize      1000.000000
NODATA_value  -9999.0
[rows 0 to 24 of 48, columns 0 to 55 of 63]
-9999.0 -9999.0 -9999.0 -9999.0 -9999.0 -9999.0 -9999.0 -9999.0 -9999.0 -9999.0 -9999.0 -9999.0 -9999.0 -9999.0 -9999.0 -9999.0 -9999.0 -9999.0 -9999.0 -9999.0 -9999.0 -9999.0 -9999.0 -9999.0 -9999.0 -9999.0 -9999.0 -9999.0 -9999.0 -9999.0 -9999.0 -9999.0 -9999.0 -9999.0 -9999.0 -9999.0 -9999.0 -9999.0 -9999.0 -9999.0 -9999.0 -9999.0 -9999.0 -9999.0 -9999.0 -9999.0 -9999.0 -9999.0 -9999.0 -9999.0 -9999.0 -9999.0 -9999.0 -9999.0 -9999.0 -9999.0
-9999.0 -9999.0 -9999.0 -9999.0 -9999.0 -9999.0 -9999.0 -9999.0 -9999.0 -9999.0 -9999.0 -9999.0 -9999.0 -9999.0 -9999.0 -9999.0 -9999.0 -9999.0 -9999.0 -9999.0 -9999.0 -9999.0 -9999.0 -9999.0 -9999.0 -9999.0 -9999.0 345341.823342 1012872.592983 562052.726651 996293.311674 1028390.648657 947393.157633 -9999.0 -9999.0 -9999.0 -9999.0 -9999.0 -9999.0 -9999.0 -9999.0 -9999.0 -9999.0 -9999.0 -9999.0 -9999.0 -9999.0 -9999.0 -9999.0 -9999.0 -9999.0 -9999.0 -9999.0 -9999.0 -9999.0 -9999.0
-9999.0 -9999.0 -9999.0 -9999.0 -9999.0 -9999.0 -9999.0 -9999.0 -9999.0 -9999.0 -9999.0 -9999.0 -9999.0 -9999.0 -9999.0 -9999.0 -9999.0 -9999.0 -9999.0 -9999.0 -9999.0 -9999.0 -9999.0 -9999.0 981755.682547 956113.170432 924861.813741 962170.867998 958703.045073 873121.661945 1025196.265140 -9999.0 -9999.0 -9999.0 -9999.0 -9999.0 -9999.0 -9999.0 -9999.0 -9999.0 -9999.0 -9999.0 -9999.0 -9999.0 -9999.0 -9999.0 -9999.0 -9999.0 -9999.0 -9999.0 -9999.0 -9999.0 -9999.0 -9999.0 -9999.0 -9999.0
-9999.0 -9999.0 -9999.0 -9999.0 -9999.0 -9999.0 -9999.0 -9999.0 -9999.0 -9999.0 -9999.0 -9999.0 -9999.0 -9999.0 -9999.0 -9999.0 -9999.0 -9999.0 -9999.0 -9999.0 -9999.0 -9999.0 -9999.0 956416.113934 895515.657186 -507.753354 -851.580094 -2664.863483 -477.822890 952764.758529 1016633.623729 972303.475316 -9999.0 -9999.0 -9999.0 -9999.0 -9999.0 -9999.0 -9999.0 -9999.0 -9999.0 -9999.0 -9999.0 -9999.0 -9999.0 -9999.0 -9999.0 -9999.0 -9999.0 -9999.0 -9999.0 -9999.0 -9999.0 -9999.0 -9999.0 -9999.0
-9999.0 -9999.0 -9999.0 -9999.0 -9999.0 -9999.0 -9999.0 -9999.0 -9999.0 -9999.0 -9999.0 -9999.0 -9999.0 -9999.0 -9999.0 -9999.0 -9999.0 -9999.0 663.492713 919918.797840 -9999.0 950343.966109 908297.353369 -82.010737 -684.423156 -2469.480846 1327.168053 1313.572247 584.834448 135047.988390 969785.806881 1022105.157931 326995.255265 271820.687347 -9999.0 -9999.0 -9999.0 -9999.0 -9999.0 -9999.0 -9999.0 -9999.0 -9999.0 -9999.0 -9999.0 -9999.0 -9999.0 -9999.0 -9999.0 -9999.0 -9999.0 -9999.0 -9999.0 -9999.0 -9999.0 -9999.0
-9999.0 -9999.0 -9999.0 -9999.0 -9999.0 -9999.0 -9999.0 -9999.0 -9999.0 -9999.0 -9999.0 -9999.0 -9999.0 -9999.0 -9999.0 -9999.0 -9999.0 -2792.528215 -2162.005975 -705.945760 337192.863803 700341.548869 228395.912877 1006.012076 1290.872312 17247.361401 1512680.280447 460597.713103 1355359.062865 710.296856 549254.262427 505635.238374 444128.685441 244438.908669 228982.504331 225342.711244 -9999.0 -9999.0 -9999.0 -9999.0 -9999.0 -9999.0 -9999.0 -9999.0 -9999.0 -9999.0 -9999.0 -9999.0 -9999.0 -9999.0 -9999.0 -9999.0 -9999.0 -9999.0 -9999.0 -9999.0
-9999.0 -9999.0 -9999.0 -9999.0 -9999.0 -9999.0 -9999.0 -9999.0 -9999.0 -9999.0 -9999.0 -9999.0 -9999.0 890447.629642 764.490596 -1654.623305 -2781.426655 -5741.007147 -2729.969410 -1109.351543 -155.738964 1007.985467 -648.939651 1377.536403 56757.021072 918498.078904 392622.957842 1026516.870352 1109667.728074 727409.679929 963476.272805 979600.232865 960416.079400 972691.776565 932324.528575 282635.905950 -9999.0 -9999.0 -9999.0 -9999.0 -9999.0 -9999.0 -9999.0 -9999.0 -9999.0 -9999.0 -9999.0 -9999.0 -9999.0 -9999.0 -9999.0 -9999.0 -9999.0 -9999.0 -9999.0 -9999.0
-9999.0 -9999.0 -9999.0 -9999.0 -9999.0 -9999.0 -9999.0 -9999.0 -9999.0 -9999.0 -9999.0 -9999.0 -9999.0 254109.091893 -731.248055 -2125.070167 -2712.437302 -603.259052 -5748.287386 -1182.239561 -2727.526540 -624.870270 -677.681525 36.168362 90616.308196 584807.919981 1010557.140745 483178.301460 374869.447389 1171251.802685 1129056.259601 993145.220887 375403.693247 -46.699439 200970.007172 -9999.0 -9999.0 -9999.0 -9999.0 -9999.0 -9999.0 -9999.0 -9999.0 -9999.0 -9999.0 -9999.0 -9999.0 -9999.0 -9999.0 -9999.0 -9999.0 -9999.0 -9999.0 -9999.0 -9999.0 -9999.0
-9999.0 -9999.0 -9999.0 -9999.0 -9999.0 -9999.0 -9999.0 -9999.0 -9999.0 -9999.0 -9999.0 -9999.0 -9999.0 -862.978915 628.823553 -1072.831125 -2219.989532 -2609.129442 -5767.182048 -2735.453771 -496.979945 39348.992970 17583.112960 969561.263815 1135.263236 13805.422154 317612.222205 358021.149984 1010958.902095 -42.719274 830181.503221 -21.839528 -38.170777 -24.856100 229700.465386 -9999.0 -9999.0 -9999.0 -9999.0 -9999.0 -9999.0 -9999.0 -9999.0 -9999.0 -9999.0 -9999.0 -9999.0 -9999.0 -9999.0 -9999.0 -9999.0 -9999.0 -9999.0 -9999.0 -9999.0 -9999.0
-9999.0 -9999.0 -9999.0 -9999.0 -9999.0 -9999.0 -9999.0 -9999.0 -9999.0 -9999.0 -9999.0 -9999.0 814.136437 7454.397267 -712.956795 446.130822 -856.755754 -1756.531281 -689.996631 -5064.947057 272.875633 851443.676667 938895.297785 1073289.881328 1077699.379147 1044536.389159 1071990.340903 1039972.157916 960180.187004 496773.690806 5674.466764 305069.983961 676677.866551 267060.663884 -9999.0 -9999.0 -9999.0 -9999.0 -9999.0 -9999.0 -9999.0 -9999.0 -9999.0 -9999.0 -9999.0 -9999.0 -9999.0 -9999.0 -9999.0 -9999.0 -9999.0 -9999.0 -9999.0 -9999.0 -9999.0 -9999.0
-9999.0 -9999.0 -9999.0 -9999.0 -9999.0 -9999.0 -9999.0 -9999.0 -9999.0 -9999.0 -9999.0 825705.914022 -431.968846 292.076341 -641.578039 2716.232978 -4789.383438 -1605.432299 -301.905509 -35.270309 -2306.246947 1135.401863 959599.793037 1029944.292667 346953.483820 1037345.011226 808945.382158 1004473.845140 874108.094026 316069.900908 329436.677527 511407.174188 333469.202495 292141.201599 316011.916646 331884.238564 1014994.972269 1031669.152463 1050088.923862 -9999.0 -9999.0 -9999.0 282101.815686 -9999.0 -9999.0 -9999.0 -9999.0 -9999.0 -9999.0 -9999.0 -9999.0 -9999.0 -9999.0 -9999.0 -9999.0 -9999.0
-9999.0 -9999.0 -9999.0 -9999.0 -9999.0 -9999.0 -9999.0 -9999.0 -9999.0 -9999.0 -9999.0 946628.634221 -558.782070 -630.069064 -980.548298 893398.628586 -2245.413445 -2527.979706 -614.136658 -521.907137 -388.213476 300426.004612 960756.005000 1152493.831901 1125260.389263 1026802.419957 1035163.047351 1026778.129984 872636.011782 330899.082438 921878.742871 799541.527444 1008739.871609 918463.495745 896811.392820 1025329.006643 980487.178088 638325.836255 741135.878210 318082.709893 333283.605615 320678.834566 931513.286874 330700.892076 -9999.0 -9999.0 -9999.0 803344.420294 890793.929392 390434.464764 955464.445750 299228.378136 311703.883554 835640.766569 858597.466438 328181.485131
-9999.0 -9999.0 -9999.0 -9999.0 -9999.0 -9999.0 -9999.0 -9999.0 -9999.0 -9999.0 -9999.0 766627.744714 921763.926863 678625.201582 2679.177049 2565.690082 413.246337 -1489.825324 -598.527961 -614.116832 -685.597596 39460.222612 1165372.515007 1002569.598680 1039987.742486 365287.561895 1173420.455662 1111691.718983 370209.034515 949339.190879 389209.376321 1105545.774733 908606.674417 986094.808437 363236.211448 774893.403965 1111107.444003 1042890.948716 591381.024089 316910.931244 1031693.330712 1033914.479889 1032998.137059 1058803.003069 981579.812947 -9999.0 287837.931154 913081.610938 954600.327342 950575.818661 966445.304721 486293.990036 953595.972479 946439.477989 942083.219017 868485.205905
-9999.0 -9999.0 -9999.0 -9999.0 -9999.0 -9999.0 -9999.0 -9999.0 -9999.0 -9999.0 -9999.0 -9999.0 938090.948417 1006551.578148 613780.829126 455172.990643 40.813762 -1630.841979 -528.078743 -561.684369 -824.488217 3552.233553 674321.713373 1033742.025710 1164233.406564 1178830.192498 -359.277788 1013153.658427 975659.567218 337626.532066 1036446.279659 1112450.487375 1061300.947249 1009674.034258 989150.892071 1037726.338010 1163774.362754 742526.601004 86787.772632 664784.744332 678354.525693 365164.556490 1071371.889467 965348.829539 340621.227627 906472.973181 314689.567342 949314.878235 1049450.832869 1049257.328573 1004823.639924 996929.160243 998029.176264 996509.271371 978961.550242 945922.117848
-9999.0 -9999.0 -9999.0 -9999.0 -9999.0 -9999.0 -9999.0 -9999.0 -9999.0 -9999.0 -9999.0 1109899.194723 1006487.026927 995087.431108 1060388.201633 45323.515398 1298.479877 -825.426257 -508.254222 -1497.702849 -1228.064877 67.168642 221434.372621 1160117.209049 1173348.375664 1141925.947902 1179830.965860 1046551.752890 1015780.640001 397996.998260 1175591.862330 1115285.048915 560018.351105 1018195.810237 904048.996518 1033136.421590 1057217.633158 803200.648197 19674.951765 482372.801929 856276.180284 438969.474772 1013558.501972 329402.078083 921271.201470 1040250.306785 1001556.933081 438198.236957 435502.684442 941382.851966 358778.143260 1039502.568853 104488.118205 -25.732722 -25.908570 -24.893415
-9999.0 -9999.0 -9999.0 -9999.0 -9999.0 -9999.0 -9999.0 -9999.0 -9999.0 -9999.0 241124.642726 1026054.836255 949174.615793 944477.699732 723555.091822 979258.671040 991132.082985 218.413658 -2052.728192 -1353.086629 -419.200532 932.967904 1633917.652974 815699.103816 522549.557451 1017457.626623 1168599.638604 360875.939904 1052487.921138 986106.106371 393621.225607 390635.306667 1030317.593536 1000639.623262 318993.617459 368870.787924 1017655.020046 979106.930177 1208991.936484 3191.233161 1829.723136 -54.874137 -20.754974 -426.930436 956382.076875 370911.503358 1018255.752840 1121070.238085 1066262.038345 544379.870829 142972.698899 342645.099801 -14.604870 -19.940422 -13.006771 840904.435786
-9999.0 -9999.0 -9999.0 -9999.0 -9999.0 -9999.0 -9999.0 -9999.0 -9999.0 1029245.597908 998988.316509 161458.045592 562258.244358 1140593.007213 1105096.456109 1061895.688954 1018241.726526 26680.532125 -1910.511281 -2066.808547 -481.907746 -459.809185 -191.956099 1003.926233 29006.086166 1668354.980846 1200810.661801 954486.555304 1125387.226096 476109.610420 16200.073408 1555961.133534 384357.721972 -24.964733 295760.332939 339444.769333 537037.669755 1203769.986912 1141172.608066 1110215.966976 526310.621437 1659900.453839 1675228.804097 -944.175218 -593.038808 941173.273489 636475.759316 1124158.720685 1125012.246796 10669.329862 859283.930143 288234.478946 -12.163255 278851.062977 303783.783633 -101.424096
-9999.0 -9999.0 -9999.0 -9999.0 -9999.0 -9999.0 -9999.0 -9999.0 -9999.0 289148.391807 702740.660713 966698.891188 509654.996856 188371.497525 1026923.497886 1129465.025625 690631.586782 700.339273 -2172.361404 -710.438496 -618.234493 -818.851225 -181.049510 70337.509811 1668057.293786 1210810.430616 1142133.823279 594839.095085 1016.762648 51059.478639 716435.985499 1441767.012537 906701.247023 983446.945610 1020415.944796 363981.591996 375025.434564 365741.950739 1056487.559595 1059456.339857 1061966.180833 1200965.298382 1096505.828212 1282.416767 -682.866051 -444.510266 -385.517589 1488.545458 207153.617584 7184.071870 1598590.258521 1001596.793241 310876.415306 830860.554895 712518.304741 283220.039340
-9999.0 -9999.0 -9999.0 -9999.0 -9999.0 -9999.0 -9999.0 -9999.0 -9999.0 -9999.0 1011587.578019 989338.419551 921416.169008 1053065.549137 71421.230629 962600.582902 285947.983011 -427.947667 -2444.377145 -866.109077 -534.849025 -2231.622941 33387.375680 1585208.580924 1174309.575912 908293.819100 9657.501535 954.713864 746864.951143 1631930.261165 1605395.572947 1515502.280169 1096539.851289 972652.419941 957335.335704 911955.671889 936839.243574 948502.847920 382177.549489 995517.601513 1074696.319930 968066.874660 799499.820526 980777.896418 1662.662454 27.112875 -724.119097 -343.501105 -392.763413 10501.712622 1507469.671907 687251.003398 282207.145506 268267.569686 782721.435585 889317.817820
-9999.0 -9999.0 -9999.0 -9999.0 -9999.0 -9999.0 -9999.0 -9999.0 -9999.0 -9999.0 921419.745008 967314.226856 935306.585227 636938.642704 1435.620483 302.809104 333.960525 -1424.286096 -2096.028072 -2673.530213 -2669.274541 -1435.852678 156124.745512 956663.309596 871797.565559 1374.462279 14.264714 1562.369203 1561145.078532 1137981.796780 1034986.323487 973174.218126 380544.065457 989685.374888 1073013.459246 1018554.103436 380768.483467 1082299.207941 1162490.586875 1042180.140848 1062563.605837 1052611.236012 1125558.804958 1035458.234414 953534.774484 1654144.090543 496659.631921 1492.029849 -889.973163 -141.791453 37572.100231 1017136.273740 936147.499609 372780.879956 271263.648907 281547.544467
-9999.0 -9999.0 -9999.0 -9999.0 -9999.0 -9999.0 -9999.0 -9999.0 1031108.183332 1038018.348420 982717.471362 1005905.423045 1134159.006706 1143968.795161 1061638.090416 -547.607566 -2066.337424 -880.710944 -1123.954567 -2824.695769 -2932.913820 -2674.818943 -2191.758420 -1230.439880 1939.809106 -322.995124 1519.088597 1669740.558575 1186181.441562 1098057.339760 -23.722594 914013.627831 1007459.917422 1002192.539401 1024109.776443 1083844.535411 784680.947640 1047883.841619 1657900.150239 357743.888202 387557.088372 801919.318425 509598.947556 390389.124331 366182.730537 320577.091938 1634883.668939 1199648.290934 276.060842 -163.840685 3129.588550 1302371.858003 705726.207864 876255.410190 295984.443792 970708.797437
-9999.0 -9999.0 -9999.0 -9999.0 -9999.0 -9999.0 -9999.0 -9999.0 -95.687532 840854.697502 1110493.837329 988356.047076 1017710.856616 1044591.975014 1666976.349979 24.568789 -1242.406840 -1712.401976 -2934.220752 -2864.818244 -705.157062 -833.852396 -835.800197 -809.374337 -2244.653854 -842.899189 -449.499652 1039222.228937 181366.585847 1014622.761010 980472.130729 341790.029689 698665.808417 352546.414230 909975.022863 1021016.731284 597484.887049 358826.120856 1141203.033003 1063408.568348 1068418.086784 4822.715499 374457.187582 1028428.393940 943317.068609 1119159.473860 396554.913274 1059574.371088 1105282.630753 -578.513263 -164.467319 1091250.565974 792278.431617 951206.552737 1035317.874397 56196.360843
-9999.0 -9999.0 -9999.0 -9999.0 -9999.0 -9999.0 -9999.0 -9999.0 1063543.211898 931072.979390 999035.167805 1101037.341658 1009137.108268 396071.573668 1167439.160701 1665801.498479 -151.295749 -771.626652 -2867.332551 -781.296284 -2902.989148 -1248.482355 -987.012464 -2468.361926 -733.041943 -1351.714715 342.611590 1699367.599756 327106.948314 1015004.746111 346045.897906 811432.319060 1096820.365163 1168457.210720 992874.700707 917478.895026 111607.539747 -161.065623 120060.963263 1141347.405398 1033838.095565 358759.653053 1021977.152873 932540.056525 1091351.006080 1017340.125590 349484.232389 1049986.884032 1194720.086624 11561.953724 -468.549542 8149.824112 529518.945769 951042.362818 297684.614334 262012.507524
-9999.0 -9999.0 -9999.0 -9999.0 -9999.0 -9999.0 -9999.0 -9999.0 357766.249544 1053647.243793 493273.247664 226253.712703 995761.523140 1065991.841105 1596051.136793 387.244715 -2679.158567 -2760.679864 -606.916971 -2901.097371 -2781.457780 -2777.159366 -1111.219714 -2044.413894 -1985.857879 -740.049073 1329606.736993 1686488.639368 944396.943933 1275437.454993 1203161.150495 1210165.314127 284216.430755 1056096.664819 1241553.102975 933223.117076 5623.426512 -1220.520646 -392.902001 871410.127549 1011304.305996 998366.320379 1030536.337234 367940.880744 1025421.097087 370947.042806 1053294.947288 385755.596730 1029295.312614 1193200.695685 4537.098759 -395.513930 8604.754454 223598.511674 3750.340014 16.571765
-9999.0 -9999.0 -9999.0 -9999.0 -9999.0 -9999.0 -9999.0 -9999.0 941565.320252 1072419.325235 -410.396993 1680323.453234 1607828.944945 1497243.745969 33862.527583 -247.054224 -260.484266 -1156.817027 -841.578437 -1719.506906 -2605.102385 -2305.755678 -2661.457283 -2611.837443 -624.996799 -156.724406 1681902.002997 905002.672613 91036.450221 315433.309011 1636773.103262 7359.090791 20.180091 910.045309 6410.288537 1088.779516 -539.026495 -1943.636818 -2332.832962 -244.416965 2145.363583 10747.065821 56905.786872 191253.026291 1162865.189473 926957.724460 1083949.005765 952684.325645 1082195.154451 16555.806319 -310.860780 -804.683507 -502.545945 -397.655177 66.467476 57.385845
