user2019/resources/simulation/Vinschgau/output-maps/psiL0004N0320.asc
ncols         63
nrows         48
xllcorner     598000.000000
yllcorner     5145000.000000
cellsize      1000.000000
NODATA_value  -9999.0
[rows 0 to 25 of 48, columns 0 to 58 of 63]
-9999.0 -9999.0 -9999.0 -9999.0 -9999.0 -9999.0 -9999.0 -9999.0 -9999.0 -9999.0 -9999.0 -9999.0 -9999.0 -9999.0 -9999.0 -9999.0 -9999.0 -9999.0 -9999.0 -9999.0 -9999.0 -9999.0 -9999.0 -9999.0 -9999.0 -9999.0 -9999.0 -9999.0 -9999.0 -9999.0 -9999.0 -9999.0 -9999.0 -9999.0 -9999.0 -9999.0 -9999.0 -9999.0 -9999.0 -9999.0 -9999.0 -9999.0 -9999.0 -9999.0 -9999.0 -9999.0 -9999.0 -9999.0 -9999.0 -9999.0 -9999.0 -9999.0 -9999.0 -9999.0 -9999.0 -9999.0 -9999.0 -9999.0 -9999.0
-9999.0 -9999.0 -9999.0 -9999.0 -9999.0 -9999.0 -9999.0 -9999.0 -9999.0 -9999.0 -9999.0 -9999.0 -9999.0 -9999.0 -9999.0 -9999.0 -9999.0 -9999.0 -9999.0 -9999.0 -9999.0 -9999.0 -9999.0 -9999.0 -9999.0 -9999.0 -9999.0 -945.093371 -628.334818 -951.844621 -673.916150 -1444.349202 -1469.360494 -9999.0 -9999.0 -9999.0 -9999.0 -9999.0 -9999.0 -9999.0 -9999.0 -9999.0 -9999.0 -9999.0 -9999.0 -9999.0 -9999.0 -9999.0 -9999.0 -9999.0 -9999.0 -9999.0 -9999.0 -9999.0 -9999.0 -9999.0 -9999.0 -9999.0 -9999.0
-9999.0 -9999.0 -9999.0 -9999.0 -9999.0 -9999.0 -9999.0 -9999.0 -9999.0 -9999.0 -9999.0 -9999.0 -9999.0 -9999.0 -9999.0 -9999.0 -9999.0 -9999.0 -9999.0 -9999.0 -9999.0 -9999.0 -9999.0 -9999.0 -238.651992 -539.602343 -761.282362 -705.766998 -735.869727 -600.930203 -582.718069 -9999.0 -9999.0 -9999.0 -9999.0 -9999.0 -9999.0 -9999.0 -9999.0 -9999.0 -9999.0 -9999.0 -9999.0 -9999.0 -9999.0 -9999.0 -9999.0 -9999.0 -9999.0 -9999.0 -9999.0 -9999.0 -9999.0 -9999.0 -9999.0 -9999.0 -9999.0 -9999.0 -9999.0
-9999.0 -9999.0 -9999.0 -9999.0 -9999.0 -9999.0 -9999.0 -9999.0 -9999.0 -9999.0 -9999.0 -9999.0 -9999.0 -9999.0 -9999.0 -9999.0 -9999.0 -9999.0 -9999.0 -9999.0 -9999.0 -9999.0 -9999.0 -622.771120 -298.493556 -113.795799 1186.381851 1284.536785 820.211234 -755.416284 -724.158130 -377.152394 -9999.0 -9999.0 -9999.0 -9999.0 -9999.0 -9999.0 -9999.0 -9999.0 -9999.0 -9999.0 -9999.0 -9999.0 -9999.0 -9999.0 -9999.0 -9999.0 -9999.0 -9999.0 -9999.0 -9999.0 -9999.0 -9999.0 -9999.0 -9999.0 -9999.0 -9999.0 -9999.0
-9999.0 -9999.0 -9999.0 -9999.0 -9999.0 -9999.0 -9999.0 -9999.0 -9999.0 -9999.0 -9999.0 -9999.0 -9999.0 -9999.0 -9999.0 -9999.0 -9999.0 -9999.0 -150.513631 -181.672245 -9999.0 -561.167379 -385.899181 1218.903076 1415.490008 23.339602 -264.557451 -326.102985 24.559899 -196.380477 -1007.817286 -632.053299 -955.213372 -951.654579 -9999.0 -9999.0 -9999.0 -9999.0 -9999.0 -9999.0 -9999.0 -9999.0 -9999.0 -9999.0 -9999.0 -9999.0 -9999.0 -9999.0 -9999.0 -9999.0 -9999.0 -9999.0 -9999.0 -9999.0 -9999.0 -9999.0 -9999.0 -9999.0 -9999.0
-9999.0 -9999.0 -9999.0 -9999.0 -9999.0 -9999.0 -9999.0 -9999.0 -9999.0 -9999.0 -9999.0 -9999.0 -9999.0 -9999.0 -9999.0 -9999.0 -9999.0 252.409178 3214.243056 -2390.362151 -966.808427 -407.474854 -188.556207 685.150204 30.109124 -242.580272 -619.998531 -426.617176 -696.776991 -354.661841 -167.327084 -965.158408 -984.724598 -964.538445 -948.201590 -951.452069 -9999.0 -9999.0 -9999.0 -9999.0 -9999.0 -9999.0 -9999.0 -9999.0 -9999.0 -9999.0 -9999.0 -9999.0 -9999.0 -9999.0 -9999.0 -9999.0 -9999.0 -9999.0 -9999.0 -9999.0 -9999.0 -9999.0 -9999.0
-9999.0 -9999.0 -9999.0 -9999.0 -9999.0 -9999.0 -9999.0 -9999.0 -9999.0 -9999.0 -9999.0 -9999.0 -9999.0 -584.521253 -97.083157 -210.047870 -209.222698 -173.987134 686.836418 1493.501571 485.677720 256.376135 575.535533 18.783502 -235.553733 -569.617138 -1036.506704 -598.655941 -626.080940 -447.056343 -537.471612 -612.894653 -556.711143 -692.778290 -952.229504 -951.558522 -9999.0 -9999.0 -9999.0 -9999.0 -9999.0 -9999.0 -9999.0 -9999.0 -9999.0 -9999.0 -9999.0 -9999.0 -9999.0 -9999.0 -9999.0 -9999.0 -9999.0 -9999.0 -9999.0 -9999.0 -9999.0 -9999.0 -9999.0
-9999.0 -9999.0 -9999.0 -9999.0 -9999.0 -9999.0 -9999.0 -9999.0 -9999.0 -9999.0 -9999.0 -9999.0 -9999.0 -475.487125 1334.506068 -208.780381 -209.167327 73.987596 -167.908285 682.737212 30.474972 604.378356 -76.610611 -92.547409 -215.110471 -607.240841 -558.323774 -952.061776 -951.608105 -680.947050 -565.590054 -686.122018 -951.917043 -952.140846 -952.164674 -9999.0 -9999.0 -9999.0 -9999.0 -9999.0 -9999.0 -9999.0 -9999.0 -9999.0 -9999.0 -9999.0 -9999.0 -9999.0 -9999.0 -9999.0 -9999.0 -9999.0 -9999.0 -9999.0 -9999.0 -9999.0 -9999.0 -9999.0 -9999.0
-9999.0 -9999.0 -9999.0 -9999.0 -9999.0 -9999.0 -9999.0 -9999.0 -9999.0 -9999.0 -9999.0 -9999.0 -9999.0 -210.872622 224.606534 -140.627959 -213.354384 -213.305954 -170.504681 40.225682 -187.932729 -1548.539740 -125.892669 -685.461042 -528.115370 -507.725084 -945.293240 -951.647378 -815.730584 -951.709619 -684.328348 -952.274469 -951.747062 -951.090306 -951.325674 -9999.0 -9999.0 -9999.0 -9999.0 -9999.0 -9999.0 -9999.0 -9999.0 -9999.0 -9999.0 -9999.0 -9999.0 -9999.0 -9999.0 -9999.0 -9999.0 -9999.0 -9999.0 -9999.0 -9999.0 -9999.0 -9999.0 -9999.0 -9999.0
-9999.0 -9999.0 -9999.0 -9999.0 -9999.0 -9999.0 -9999.0 -9999.0 -9999.0 -9999.0 -9999.0 -9999.0 -205.682537 1536.570532 1364.388286 -788.513644 -148.874612 -212.093971 44.065597 -6378.205802 -241.407865 -508.332281 -1658.696968 -498.430940 -791.916083 -672.465498 -531.647945 -389.304886 -693.419617 -951.767483 -680.336799 -951.701348 -676.302512 -951.197643 -9999.0 -9999.0 -9999.0 -9999.0 -9999.0 -9999.0 -9999.0 -9999.0 -9999.0 -9999.0 -9999.0 -9999.0 -9999.0 -9999.0 -9999.0 -9999.0 -9999.0 -9999.0 -9999.0 -9999.0 -9999.0 -9999.0 -9999.0 -9999.0 -9999.0
-9999.0 -9999.0 -9999.0 -9999.0 -9999.0 -9999.0 -9999.0 -9999.0 -9999.0 -9999.0 -9999.0 -404.470455 -262.006400 -104.264257 -452.642577 -490.467918 -1185.264778 -213.993371 43.512438 -1423.390089 853.690667 -217.246754 -454.832466 -689.172976 -654.150879 -545.903547 -673.375661 -502.524774 -373.512102 -952.112982 -948.247672 -633.751218 -950.990665 -951.811130 -962.007393 -982.129019 -559.071694 -443.533641 -147.400862 -9999.0 -9999.0 -9999.0 -950.573391 -9999.0 -9999.0 -9999.0 -9999.0 -9999.0 -9999.0 -9999.0 -9999.0 -9999.0 -9999.0 -9999.0 -9999.0 -9999.0 -9999.0 -9999.0 -9999.0
-9999.0 -9999.0 -9999.0 -9999.0 -9999.0 -9999.0 -9999.0 -9999.0 -9999.0 -9999.0 -9999.0 -495.457622 -572.178824 1210.492619 -253.313702 -746.515117 -227.251557 -206.770330 42.534785 56.116502 71.904267 1516.402285 -277.086941 -577.516330 -616.332441 -671.859417 -539.443397 -924.052565 -939.425256 -951.905729 -1018.000400 -671.950530 -572.664592 -437.311935 -555.635841 -611.500755 -544.500240 -1294.285129 -1172.872988 -1114.862953 -1054.248088 -967.075358 -443.438770 -949.749464 -9999.0 -9999.0 -9999.0 -204.872894 -361.877000 -948.746838 -378.237732 -946.952012 -944.931666 -175.956645 -178.088218 -935.954011 -9999.0 -9999.0 -9999.0
-9999.0 -9999.0 -9999.0 -9999.0 -9999.0 -9999.0 -9999.0 -9999.0 -9999.0 -9999.0 -9999.0 -647.817852 -565.867945 -620.612589 -501.917205 -638.337858 -219.805432 -188.097850 38.424491 31.848219 -194.101761 -184.574940 -463.672239 -558.532126 -662.318235 -953.691916 -383.458374 -683.955097 -952.465849 -687.166928 -952.477877 -636.930487 -705.659303 -459.724604 -960.497730 -440.723471 -284.190173 -985.596914 -2560.147374 -509.304924 -383.006548 -543.946878 -288.666225 -588.242601 -388.537101 -9999.0 -950.799619 -471.723389 -846.977664 -176.632781 -290.919089 -908.950581 1720.566811 1464.610335 2047.318393 1544.372919 -9999.0 -9999.0 -9999.0
-9999.0 -9999.0 -9999.0 -9999.0 -9999.0 -9999.0 -9999.0 -9999.0 -9999.0 -9999.0 -9999.0 -9999.0 -570.617098 -611.007996 -251.227576 -751.123211 -251.656377 -214.575420 67.176370 31.143821 -206.267604 -213.971832 1183.302170 -303.066674 -574.929048 -382.549711 1361.207446 -1598.472685 -669.307137 -946.891367 -624.812204 -620.679654 -1095.888376 -496.024215 -563.075531 -497.749966 -522.679564 -545.093813 -2432.643068 -1889.760438 -545.068834 -1046.214287 -218.675287 -109.081497 -952.750808 -647.748282 -947.774454 -400.303224 -644.424853 -431.920033 -209.265351 -445.816209 -163.170789 -280.579283 -611.910799 -650.843981 -216.271994 -9999.0 -9999.0
-9999.0 -9999.0 -9999.0 -9999.0 -9999.0 -9999.0 -9999.0 -9999.0 -9999.0 -9999.0 -9999.0 -379.878185 -557.162800 -1642.340225 -281.168666 -260.161389 -201.353490 -239.247251 57.446278 41.486206 -186.264556 1400.631535 -170.744067 -336.359699 -441.538047 949.693207 -659.289070 -655.926562 -677.820541 -950.770441 -367.340268 -309.401903 -223.173574 -407.201470 -655.102851 -462.375999 -504.803465 -457.016279 -243.803459 -1399.696957 -243.431264 42.476901 420.758969 -14757.848869 -221.683853 -481.369991 -916.648997 -956.520817 -947.390477 -966.973935 -894.792229 -629.798536 -628.067695 -900.879016 -952.022599 -950.560624 -938.099683 -9999.0 -9999.0
-9999.0 -9999.0 -9999.0 -9999.0 -9999.0 -9999.0 -9999.0 -9999.0 -9999.0 -9999.0 -399.033014 -331.515339 -629.412608 -570.639554 -216.207310 -103.831499 -266.617503 -177.570015 48.634073 41.597478 71.330651 20.710458 -226.827237 1259.694293 -203.560291 -200.155695 -638.496309 -907.169319 -229.216508 1534.473160 -202.668935 -583.113018 -364.085634 -706.036256 -951.736372 -948.143307 -346.006177 -462.244918 -378.468808 -988.286841 -698.633910 -435.591955 -538.134569 2371.111645 -207.781346 -952.263280 -876.345883 -307.379858 -183.018751 -193.189912 -943.978947 -950.733096 -951.436595 -950.243905 -950.618992 1128.827431 1357.060155 -9999.0 -9999.0
-9999.0 -9999.0 -9999.0 -9999.0 -9999.0 -9999.0 -9999.0 -9999.0 -9999.0 -587.542490 -410.902955 -663.307114 -116.177443 -394.444318 -231.920780 -635.960089 -633.325894 -140.744846 520.315912 38.936956 53.038023 557.456091 9806.976214 32.961985 -145.021032 -596.727513 -419.608050 1324.509022 -29.608174 -39.696182 405.379560 -1458.966232 -952.362200 -951.845276 -951.774065 -952.331200 -590.648083 -605.672948 -616.094671 -642.312528 42078.078800 -622.037973 -654.790820 34.780061 27546.040349 11310.905785 57.183189 -275.003223 -513.553748 591.341944 -1085.622138 -937.401735 -950.397673 -950.511964 -940.830601 -676.090731 -153.535581 -108.935791 -933.744442
-9999.0 -9999.0 -9999.0 -9999.0 -9999.0 -9999.0 -9999.0 -9999.0 -9999.0 -917.166413 -573.207247 -589.276270 429.726898 -205.708234 -212.998946 -355.751878 -22.861770 -206.830681 56.791301 -351.456339 -216.608719 -242.057108 597.855198 -187.059282 -668.923451 -503.725919 -143.291903 -64.608904 33.839670 -222.201941 -585.836204 -603.083693 -668.157604 -444.505820 -599.828693 -967.549707 -961.918798 -966.834687 -675.369813 -572.246652 -627.326786 -621.950280 -273.390025 -159.094438 43.431569 -177.472763 19.076654 601.005301 1872.696005 -130.691750 -1386.237560 -653.499359 -950.544434 -631.381010 -950.945605 -657.885824 -134.478951 -167.973096 -130.478459
-9999.0 -9999.0 -9999.0 -9999.0 -9999.0 -9999.0 -9999.0 -9999.0 -9999.0 -9999.0 -498.522969 -495.780814 -273.106346 -212.645830 -191.777476 -243.298883 -219.975442 535.857005 51.001546 23.247661 43.464434 929.991595 -208.559026 1002.060950 -520.530299 -35.762465 516.101765 24.459998 -688.813704 -546.206160 -579.454297 -667.639627 -625.308080 -671.480691 -891.058517 -220.419866 -276.764731 -409.970223 -945.682433 -675.484226 -685.560070 -598.184487 -572.448288 -712.466622 -620.064565 -203.596154 906.385069 -133.883953 19.952613 634.226961 -1341.847818 -1434.060149 -941.467103 -950.500131 -655.592991 -637.431488 -569.765264 -26.306678 544.276941
-9999.0 -9999.0 -9999.0 -9999.0 -9999.0 -9999.0 -9999.0 -9999.0 -9999.0 -9999.0 -597.880015 -575.848079 -473.861575 -213.777949 26.085140 971.375118 -196.507345 570.853078 -448.939372 -497.767580 37.402890 562.758161 -136.610660 -232.098382 -207.458899 65.714586 20.202879 -110.110636 -616.693663 -597.961678 -636.210885 -316.564824 -941.145855 -655.531090 -653.533160 -646.898960 -297.330320 -357.894036 -614.166581 -647.167664 -438.447512 -944.214984 -623.649000 -639.794864 -634.162441 -1300.308816 -373.818125 -647.024313 52.548957 28.050318 781.090306 -572.482241 -533.074711 -939.077362 -937.147580 -942.669689 -660.824371 1187.775082 93.226250
-9999.0 -9999.0 -9999.0 -9999.0 -9999.0 -9999.0 -9999.0 -9999.0 -287.460396 -422.914749 -1293.496561 -445.914473 -626.680310 -522.712666 -210.127711 37.566079 36.621313 26.866418 -708.836184 -636.139234 -803.895983 -193.737069 468.360897 5145.647108 609.456469 23.923980 48.401502 -656.109261 -640.615677 -594.247096 -951.814846 -657.058440 -664.801364 -500.263646 -426.875960 -641.338651 -425.541805 -284.148556 -644.649550 -942.054089 -951.936739 -636.021762 -892.708658 -951.325712 -952.537822 -468.377493 -608.366375 -323.321518 952.225366 33.402000 651.604693 -70.969245 -350.420692 -670.416923 -929.940117 1941.511918 -101.796311 1527.954109 51.062753
-9999.0 -9999.0 -9999.0 -9999.0 -9999.0 -9999.0 -9999.0 -9999.0 -917.430551 -219.113923 -735.251267 -591.571935 -555.692432 -281.101120 -680.581071 -183.689597 1058.243369 831.980451 42.118177 -697.090002 -617.053690 -655.343737 -458.489247 25.884083 30.857624 -240.027217 538.959888 -166.821362 -879.229812 -399.557467 -483.463826 -955.369838 -367.901658 -945.063732 -244.083617 -579.735526 -271.354081 -265.354428 -711.628369 -681.960584 -626.106482 -886.092596 -951.130598 -836.011264 -261.943775 -615.643790 -893.186388 -681.447366 -587.921513 836.191209 27.009829 481.032381 -509.057159 1630.012537 -233.317629 -1033.981301 -148.551059 405.710594 39.152838
-9999.0 -9999.0 -9999.0 -9999.0 -9999.0 -9999.0 -9999.0 -9999.0 -597.336538 -886.008491 1045.610099 -652.895712 -785.948090 -909.840702 -210.160348 -291.876553 566.430352 32.985872 -530.694956 -546.201387 -731.163296 -629.300764 -699.078543 -708.476138 27.420257 78.520970 917.922046 -444.709138 -953.201136 -756.380829 -954.756284 -245.211769 -607.507764 -1177.327351 -649.136193 1269.631598 -608.949338 2308.304394 -663.698938 -683.561112 -343.660213 -940.781899 -247.475269 -490.235694 -636.174211 -634.952592 -946.049490 -213.422222 -612.089923 882.821172 29.806821 69.510904 -548.270411 -596.262788 476.789657 67.188420 38.839299 26.362466 51.758648
-9999.0 -9999.0 -9999.0 -9999.0 -9999.0 -9999.0 -9999.0 -9999.0 -951.745902 -860.897823 -149.430816 -1138.761937 -205.387482 -168.128633 -132.466433 578.466785 44.255590 25.295985 -75.632718 -281.043619 -481.198099 -566.339105 -465.145321 -406.382630 54.139111 1242.868751 -193.747828 -287.390360 1095.433237 1167.162421 -398.072823 -555.463484 770.638393 -161.983804 -1518.152220 -360.813684 -301.790514 888.035394 -639.822092 -649.340775 -596.649585 -641.471477 -308.428085 -942.651246 -387.364590 -951.389056 -126.822400 -879.847887 -112.302737 -763.146593 861.325060 24.901039 56.164805 47.365103 37.907255 40.967107 57.416436 182.432514 15.416590
-9999.0 -9999.0 -9999.0 -9999.0 -9999.0 -9999.0 -9999.0 -9999.0 -815.434848 -561.941425 -211.446217 1071.029856 -30.083552 624.593752 44.532932 43.173212 34.416554 -199.015782 1247.572274 -183.469011 -229.129707 -539.271266 -417.745384 15.545551 33.914384 573.608092 -327.847660 -183.926940 642.605711 334.472955 -181.674586 1239.344118 448.655371 -43.809814 -877.592268 -744.970524 -215.186372 42.880788 13663.478596 -609.084093 -692.080757 -1275.750525 -149.965224 -583.703440 -671.408385 -193.462060 -662.262757 -42.251411 823.408794 324.391340 44.150074 26.782021 31.542707 20.240769 178.459612 177.576679 17.807000 23.201042 90.692143
-9999.0 -9999.0 -1803.164192 -712.339648 -696.561915 -592.836544 -215.399141 -716.132818 -829.339032 -240.111678 -451.824487 268.737450 358.458490 51.716593 27.910351 36.985471 814.172620 -718.707996 -443.542426 1074.635467 327.621813 25.020970 13.207639 -267.760334 28.328673 49.342714 23233.542903 17954.464853 395.626803 50.545128 658.247240 1016.775278 163.190317 2461.300351 239.163741 11240.299209 54.759543 38.369752 658.853447 1493.059459 480.182684 453.668495 -61.033764 779.802674 767.351693 1091.249246 310.988273 833.389854 37.043401 22.938832 32.348985 80.990851 14.363318 19.944084 29.476108 49.584912 115.426343 77.137392 70.757036
