user2019/resources/simulation/Vinschgau/output-maps/psiL0006N0490.asc
ncols         63
nrows         48
xllcorner     598000.000000
yllcorner     5145000.000000
cellsize      1000.000000
NODATA_value  -9999.0
[rows 0 to 25 of 48, columns 0 to 58 of 63]
-9999.0 -9999.0 -9999.0 -9999.0 -9999.0 -9999.0 -9999.0 -9999.0 -9999.0 -9999.0 -9999.0 -9999.0 -9999.0 -9999.0 -9999.0 -9999.0 -9999.0 -9999.0 -9999.0 -9999.0 -9999.0 -9999.0 -9999.0 -9999.0 -9999.0 -9999.0 -9999.0 -9999.0 -9999.0 -9999.0 -9999.0 -9999.0 -9999.0 -9999.0 -9999.0 -9999.0 -9999.0 -9999.0 -9999.0 -9999.0 -9999.0 -9999.0 -9999.0 -9999.0 -9999.0 -9999.0 -9999.0 -9999.0 -9999.0 -9999.0 -9999.0 -9999.0 -9999.0 -9999.0 -9999.0 -9999.0 -9999.0 -9999.0 -9999.0
-9999.0 -9999.0 -9999.0 -9999.0 -9999.0 -9999.0 -9999.0 -9999.0 -9999.0 -9999.0 -9999.0 -9999.0 -9999.0 -9999.0 -9999.0 -9999.0 -9999.0 -9999.0 -9999.0 -9999.0 -9999.0 -9999.0 -9999.0 -9999.0 -9999.0 -9999.0 -9999.0 -798.498702 -85.536931 -800.114444 -76.935578 -442.070582 -103.398115 -9999.0 -9999.0 -9999.0 -9999.0 -9999.0 -9999.0 -9999.0 -9999.0 -9999.0 -9999.0 -9999.0 -9999.0 -9999.0 -9999.0 -9999.0 -9999.0 -9999.0 -9999.0 -9999.0 -9999.0 -9999.0 -9999.0 -9999.0 -9999.0 -9999.0 -9999.0
-9999.0 -9999.0 -9999.0 -9999.0 -9999.0 -9999.0 -9999.0 -9999.0 -9999.0 -9999.0 -9999.0 -9999.0 -9999.0 -9999.0 -9999.0 -9999.0 -9999.0 -9999.0 -9999.0 -9999.0 -9999.0 -9999.0 -9999.0 -9999.0 211.535130 203.809874 206.383598 202.490485 235.179956 -18.767825 -113.808009 -9999.0 -9999.0 -9999.0 -9999.0 -9999.0 -9999.0 -9999.0 -9999.0 -9999.0 -9999.0 -9999.0 -9999.0 -9999.0 -9999.0 -9999.0 -9999.0 -9999.0 -9999.0 -9999.0 -9999.0 -9999.0 -9999.0 -9999.0 -9999.0 -9999.0 -9999.0 -9999.0 -9999.0
-9999.0 -9999.0 -9999.0 -9999.0 -9999.0 -9999.0 -9999.0 -9999.0 -9999.0 -9999.0 -9999.0 -9999.0 -9999.0 -9999.0 -9999.0 -9999.0 -9999.0 -9999.0 -9999.0 -9999.0 -9999.0 -9999.0 -9999.0 203.651464 206.883908 -852.470966 -1093.580843 -1367.705518 -715.064185 -91.983977 -76.851196 -116.984523 -9999.0 -9999.0 -9999.0 -9999.0 -9999.0 -9999.0 -9999.0 -9999.0 -9999.0 -9999.0 -9999.0 -9999.0 -9999.0 -9999.0 -9999.0 -9999.0 -9999.0 -9999.0 -9999.0 -9999.0 -9999.0 -9999.0 -9999.0 -9999.0 -9999.0 -9999.0 -9999.0
-9999.0 -9999.0 -9999.0 -9999.0 -9999.0 -9999.0 -9999.0 -9999.0 -9999.0 -9999.0 -9999.0 -9999.0 -9999.0 -9999.0 -9999.0 -9999.0 -9999.0 -9999.0 198.110813 183.851218 -9999.0 213.154788 212.392941 -1152.036842 -855.160049 -9700.258003 -324.002031 172.874862 156.476023 -593.425535 -62.102384 -63.830931 -799.848426 -799.017636 -9999.0 -9999.0 -9999.0 -9999.0 -9999.0 -9999.0 -9999.0 -9999.0 -9999.0 -9999.0 -9999.0 -9999.0 -9999.0 -9999.0 -9999.0 -9999.0 -9999.0 -9999.0 -9999.0 -9999.0 -9999.0 -9999.0 -9999.0 -9999.0 -9999.0
-9999.0 -9999.0 -9999.0 -9999.0 -9999.0 -9999.0 -9999.0 -9999.0 -9999.0 -9999.0 -9999.0 -9999.0 -9999.0 -9999.0 -9999.0 -9999.0 -9999.0 -826.642015 -411.206318 -1274110.300193 -800.504719 -377.610444 -511.355418 -1953.346821 -369.426341 -318.626437 -124.511197 202.134351 170.627523 161.680960 229.238528 -32.231204 -800.907773 -800.624172 -799.140856 -798.102794 -9999.0 -9999.0 -9999.0 -9999.0 -9999.0 -9999.0 -9999.0 -9999.0 -9999.0 -9999.0 -9999.0 -9999.0 -9999.0 -9999.0 -9999.0 -9999.0 -9999.0 -9999.0 -9999.0 -9999.0 -9999.0 -9999.0 -9999.0
-9999.0 -9999.0 -9999.0 -9999.0 -9999.0 -9999.0 -9999.0 -9999.0 -9999.0 -9999.0 -9999.0 -9999.0 -9999.0 -85.399632 190.039314 -480.636533 -607.240843 -798.651079 -782.708967 -1172.681421 -558.313976 -894.750125 -3390.645129 -280.602498 -287.683331 191.499626 -154993.588442 -506.967557 -545.564613 185.759537 5508.901426 278.069170 -58.005660 -95.735714 -798.680816 -798.127313 -9999.0 -9999.0 -9999.0 -9999.0 -9999.0 -9999.0 -9999.0 -9999.0 -9999.0 -9999.0 -9999.0 -9999.0 -9999.0 -9999.0 -9999.0 -9999.0 -9999.0 -9999.0 -9999.0 -9999.0 -9999.0 -9999.0 -9999.0
-9999.0 -9999.0 -9999.0 -9999.0 -9999.0 -9999.0 -9999.0 -9999.0 -9999.0 -9999.0 -9999.0 -9999.0 -9999.0 215.064936 172.411998 -598.268995 -617.851510 205.684763 -799.055462 -1149.385050 -904.074699 -336.351435 159.764534 -286.372115 -225.155266 -632.470220 -127.100591 -798.859522 -798.858524 -467.686512 215.634518 -119.907360 -798.860879 -798.701542 -798.717968 -9999.0 -9999.0 -9999.0 -9999.0 -9999.0 -9999.0 -9999.0 -9999.0 -9999.0 -9999.0 -9999.0 -9999.0 -9999.0 -9999.0 -9999.0 -9999.0 -9999.0 -9999.0 -9999.0 -9999.0 -9999.0 -9999.0 -9999.0 -9999.0
-9999.0 -9999.0 -9999.0 -9999.0 -9999.0 -9999.0 -9999.0 -9999.0 -9999.0 -9999.0 -9999.0 -9999.0 -9999.0 -317.774183 666.800068 -523.023944 -520.066597 -592.041812 -799.123998 -564.279600 199.835692 -182407.429017 191.251971 -326.156234 171.066882 206.640239 -799.870897 -798.747821 -64.914693 -798.789415 -108.390326 -798.644129 -798.632637 -798.662685 -798.630024 -9999.0 -9999.0 -9999.0 -9999.0 -9999.0 -9999.0 -9999.0 -9999.0 -9999.0 -9999.0 -9999.0 -9999.0 -9999.0 -9999.0 -9999.0 -9999.0 -9999.0 -9999.0 -9999.0 -9999.0 -9999.0 -9999.0 -9999.0 -9999.0
-9999.0 -9999.0 -9999.0 -9999.0 -9999.0 -9999.0 -9999.0 -9999.0 -9999.0 -9999.0 -9999.0 -9999.0 -949.477126 3733.472914 176.302799 202.012752 -193.085605 -408.170194 187.002624 -222795.454892 -492.601218 -269.096067 -15070.874583 188.854201 2128.150949 -105.910410 791.640920 -83.569716 -23.568653 -798.808191 -536.855135 -799.142026 -48.697962 -798.897155 -9999.0 -9999.0 -9999.0 -9999.0 -9999.0 -9999.0 -9999.0 -9999.0 -9999.0 -9999.0 -9999.0 -9999.0 -9999.0 -9999.0 -9999.0 -9999.0 -9999.0 -9999.0 -9999.0 -9999.0 -9999.0 -9999.0 -9999.0 -9999.0 -9999.0
-9999.0 -9999.0 -9999.0 -9999.0 -9999.0 -9999.0 -9999.0 -9999.0 -9999.0 -9999.0 -9999.0 229.774649 228.830357 485.566093 201.447025 215.520968 -159200.265411 -211.231181 196.411887 -210011.367313 -395.887933 205.172838 -46.055732 -88.859177 -470.296246 -61.341891 -145.088149 -47.873447 1991.835230 -798.713835 -799.138122 -26.102707 -798.681195 -799.273077 -799.029921 -800.855834 -257.274600 -292.385592 -700.237595 -9999.0 -9999.0 -9999.0 -799.457405 -9999.0 -9999.0 -9999.0 -9999.0 -9999.0 -9999.0 -9999.0 -9999.0 -9999.0 -9999.0 -9999.0 -9999.0 -9999.0 -9999.0 -9999.0 -9999.0
-9999.0 -9999.0 -9999.0 -9999.0 -9999.0 -9999.0 -9999.0 -9999.0 -9999.0 -9999.0 -9999.0 212.021303 214.678456 -604.625058 210.311275 -132.533925 187.237358 -525.948391 187.717669 230.977175 214.570190 -41.307778 222.129577 212.386238 233.001365 -82.803681 -56.618753 -31.728438 -798.677731 -798.932068 -38.535456 61.405935 -73.163818 -74.294558 -195.169775 -96.685588 -134.054278 -225.592449 -232.659594 -801.143493 -801.019527 -798.481604 -50.054533 -798.859847 -9999.0 -9999.0 -9999.0 -20.215433 -103.538545 -798.447555 -73.748218 -798.294188 -798.336300 200.512318 223.152075 -798.805113 -9999.0 -9999.0 -9999.0
-9999.0 -9999.0 -9999.0 -9999.0 -9999.0 -9999.0 -9999.0 -9999.0 -9999.0 -9999.0 -9999.0 244.590859 199.310131 -283.758829 226.176575 -60.883256 210.773469 204.845050 236.854118 194.213791 197.289115 -356.947202 194.725731 219.246472 -88.944532 -800.236774 207.754801 1125.816481 -799.093258 -91.351068 -798.669521 -291.170501 -50.276725 -89.236863 -799.160399 -112.507446 -1249.480788 -95023.488102 -261.032293 -801.236532 -275.569233 -466.886177 -69.608283 -69.088871 -117.560467 -9999.0 -798.915319 -73.420932 -48.086096 -28.734431 -142.523196 -799.318363 -124.899782 -16.827699 -99.841442 -58.958961 -9999.0 -9999.0 -9999.0
-9999.0 -9999.0 -9999.0 -9999.0 -9999.0 -9999.0 -9999.0 -9999.0 -9999.0 -9999.0 -9999.0 -9999.0 233.366528 246.138931 207.130425 216.513709 197.004285 187.877685 256.564368 192.017071 203.901436 -366.670733 -335.278646 214.768662 203.073271 202.337525 1365.484305 -292.233095 -76.530830 -798.787161 -47.118459 287.283973 -291.196883 -67.795100 -91.443076 -112.243348 -1434.833570 -2167.411276 -1775.185507 -605.461544 -1101.949271 -799.862046 -816.188813 199.927609 -800.150180 -69.295108 -798.810486 -80.577945 -323.353133 222.837115 182.872124 398.241129 1193.295634 370.212073 299.458031 251.006467 228.950822 -9999.0 -9999.0
-9999.0 -9999.0 -9999.0 -9999.0 -9999.0 -9999.0 -9999.0 -9999.0 -9999.0 -9999.0 -9999.0 222.314359 208.297161 -304.725552 268.990393 225.423935 225.363024 205.521353 234.903206 -105.099355 214.132865 223.960443 228.577756 -304.273677 204.699010 233.284783 214.030926 -97.227526 -111.752467 -800.420477 205.166498 334.388722 -18.566422 -51.438616 -105.612625 -47.827078 -330.410908 -60515.029624 -1166.935705 -248.562791 -36968.223113 -1879.802369 -212.102227 -235473.389771 -39.512189 -87.845815 -35.393569 -800.382219 -800.345532 -12682.419019 -153112.137240 -115.832218 250.004731 -128584.381843 -37936.156727 -798.814854 -798.457353 -9999.0 -9999.0
-9999.0 -9999.0 -9999.0 -9999.0 -9999.0 -9999.0 -9999.0 -9999.0 -9999.0 -9999.0 1396.312290 228.886844 213.382022 213.840326 210.777631 1277.320827 1277.111961 162.110809 -428.908610 -505.150704 228.981179 227.714622 -263.878189 201.555977 211.110285 1404.429197 -259.702590 -152838.518443 -200.454723 -39.666176 289.927863 669.141885 -47.161941 -71.001320 -798.731659 -800.002697 -121.819199 -1088.741209 -803.592392 -903.424888 -2349.850569 -150009.401194 -797.832099 -336.055133 181.785478 -800.470287 -46.575622 -413.446013 230.478871 152.937294 -152893.363104 -799.007410 -22211.083052 -798.892158 -799.143845 -47.799520 -46.884543 -9999.0 -9999.0
-9999.0 -9999.0 -9999.0 -9999.0 -9999.0 -9999.0 -9999.0 -9999.0 -9999.0 -84.997253 229.615224 266.660639 237.585441 200.078266 249.736283 236.253744 196.287641 199.136827 179.315237 -583.190797 -216.202160 -493.077922 -312.406256 174.609602 178.431241 -212.250147 184.596012 -33.568636 -352.409961 211.379361 168.791984 -3092.890883 -798.593952 -798.676600 -798.715346 -799.111832 -49.121074 -451.879438 -993.936616 182.870285 -235.939450 -300.439578 -593.407663 -731.422320 -640.824070 -566.868092 -27.688251 -769.886916 -553.566099 164.974320 -7639.893420 -798.538319 -798.910036 -799.098712 -798.720850 -216.998237 374.340048 -796.373002 -799.780136
-9999.0 -9999.0 -9999.0 -9999.0 -9999.0 -9999.0 -9999.0 -9999.0 -9999.0 -198.264690 -87.256211 -71.793561 2781.484766 204.601024 202.668898 204.618266 211.864060 197.491352 170.123163 -542.863452 -510.950487 -620.069516 177.827541 205.903267 -202.543291 187.610355 199.532563 197.059223 171.236945 172.052767 -124.656522 -187.925736 -61.619612 -77.608417 -36.999514 -800.904861 -800.284242 -800.669410 -171.054146 -42.072885 181.892116 -567.021901 -678.171743 168.228299 -361.287388 -521.756653 149.532041 -1049.102191 -907.565023 150.181495 -2704.669993 -235.402840 -799.025807 -116.169517 -798.944988 259.320677 -206.612315 286.694406 -798.483227
-9999.0 -9999.0 -9999.0 -9999.0 -9999.0 -9999.0 -9999.0 -9999.0 -9999.0 -9999.0 -85.775452 -51.392046 222.166533 1631.367709 -385.520738 206.652108 209.760519 201.590856 -507.627699 -572.371957 -389.840692 -312.481828 193.621718 -186.392540 186.297920 184.212032 176.436989 168.789333 -117.952202 191.771224 -175.251731 2619.612899 -222.677672 -90.558743 -31.691693 -9.832433 191.910702 194.232406 -798.917452 -89.172555 -148.021905 193.613293 2788.588515 -383.012671 -218.561454 185.553158 -283.942786 175.989996 -584.903207 -424.442063 -3001.762888 -6603.701166 -798.597175 -798.986367 222.851635 -94.439229 249.360827 8666.763668 -333.088520
-9999.0 -9999.0 -9999.0 -9999.0 -9999.0 -9999.0 -9999.0 -9999.0 -9999.0 -9999.0 -73.267918 -66.149996 208.039781 214.229471 178.155889 194.022341 182.296143 -438.360433 -640.584307 -640.625843 -651.389255 -457.930303 -260.662703 -328.620054 -165.039430 -342.460221 177.646762 203.271353 207.859506 -214.115412 -88.211263 255.755093 -152723.486722 -102.418031 -85.146304 226.791055 2302.286392 215.491600 -311.651353 -96.051967 -55.816632 -798.753887 245.017394 -85.093864 206.969714 -3867.054563 199.435025 -216.491728 -245.281191 -459.828177 -250.145358 -306.562234 222.898355 -798.360501 -798.889689 -799.087715 -111.957563 -277.839302 241.418509
-9999.0 -9999.0 -9999.0 -9999.0 -9999.0 -9999.0 -9999.0 -9999.0 218.227802 -44.377793 -295.072237 226.042355 444.121056 229.345453 205.312949 168.807361 -585.723130 -568.533959 -729.847581 -682.415476 -824.516738 -856.593493 -610.262250 -673.024764 -591.643518 157.760866 219.789334 195.192968 225.517288 -213.818430 -798.779606 -74.636916 -67.518466 -84.176857 -56.948654 -145.142291 -51.582110 205.054711 -232.113666 -798.522586 -798.885784 230.076035 -151848.754237 -798.743820 -800.493810 1435.951404 -215.393614 197.891559 -203.962573 167.885468 214.182275 -2632.302489 221.820232 -223.622651 -799.855053 -93.483738 -794.310694 193.599127 -368.787026
-9999.0 -9999.0 -9999.0 -9999.0 -9999.0 -9999.0 -9999.0 -9999.0 -392.544598 237.808013 -235.676781 -98.116796 -80.159121 1247.008831 196.473187 197.426161 198.166060 -404.826538 -838.777468 -777.380522 -496.185364 -710.882429 -446.865635 -645.096649 -1003.287832 162.676918 206.089643 213.007152 -152828.805186 -55.722652 -62.744102 -800.342784 -45.400711 -798.261791 235.197236 208.968635 -16.672997 242.213438 -310.127693 -47.342012 -94.915455 -797.777320 -798.776819 -46.164858 1713.407424 222.502109 -152055.303892 -73.489048 -335.056747 193.487652 156.659191 205.900480 214.060015 -29.191085 -125.227357 -152767.230392 -323.085765 -336.288932 -451.495943
-9999.0 -9999.0 -9999.0 -9999.0 -9999.0 -9999.0 -9999.0 -9999.0 -82.416276 1256.903680 -118.964818 -223.586439 348.321673 -152530.653555 206.775458 -230.298103 -268.957387 -720.700027 -1178.905356 -470.410580 -844.485971 -781.682465 -763.922134 -885.026406 -524.822326 -228.339277 193.942565 195.335339 -152756.579296 -47.676219 -800.244166 228.975952 216.283160 -6027.111214 229.235369 19.869246 -318.790264 -203.756284 -181.360768 -261.693009 -68.695183 -798.456862 223.746266 1724.011118 222.635450 222.502978 -800.265273 210.743527 190.211662 -214.925456 139.323755 194.966965 -178.284840 -170.607870 -313.178740 217.701367 201.099656 200.740554 219.123323
-9999.0 -9999.0 -9999.0 -9999.0 -9999.0 -9999.0 -9999.0 -9999.0 -798.619779 -46.143596 251.412221 -186330.597786 221.948146 214.173696 -2447.938843 178.307595 -469.258635 -969.584257 -423.708114 -837.691482 -826.452749 -839.083770 -770.983585 -737.491300 -616.277712 -42.801069 192.235407 -216.241989 195.952685 -323.459859 -318.985123 -329.718156 -8141.601654 235.619930 -6428.568718 -129.527873 -101.043260 157.282992 -179.112313 -269.333852 -69.159726 -42.130485 -36.787099 -799.474515 206.433891 -800.134498 -190.723847 -799.766065 -110.255748 -415.128371 159.171133 149.358731 190.710279 176.808384 204.801428 220.879917 234.580843 368.017125 -72.796503
-9999.0 -9999.0 -9999.0 -9999.0 -9999.0 -9999.0 -9999.0 -9999.0 186.371282 206.081960 2701.798665 -170.565733 -165.027699 203.235081 209.389593 220.228217 170.814562 162.045347 165.402294 -302.140279 -719.635310 -855.086284 -883.033943 -872.444193 -878.166286 -461.658041 -287.702966 194.277983 178.772986 230.386927 -219.667203 220.602426 -364.105075 223.737104 -344.853506 -356.254816 -396.268643 164.249335 -175.152878 210.163442 -330.838473 -8037.390438 -345.661887 -10025.461341 -316.860705 -63.304352 -379.727994 -367.202727 -443.712346 -521.382715 -795.149229 -649.189940 173.010238 182.470327 362.475064 386.917206 198.858881 196.671025 235.516295
-9999.0 -9999.0 -275.391408 221.827738 852.973329 207.401541 307.457007 229.689717 215.753761 219.814131 213.561778 275.436197 222.377060 227.195894 185.194255 161.202392 -178.167583 184.524424 186.441063 179.676900 -485.659576 -566.033150 -348.646287 -1014.669587 -773.481340 -881.184494 -530.686532 -490.579610 177.975893 223.118291 176.698511 197.007063 373.017745 191.832509 200.631538 175.087831 181.304434 173.772269 -176.902097 -174.931905 -364.092076 -385.060330 -214.619809 203.463763 -247.251195 -425.997227 195.707481 191.526632 -564.914640 -512.043775 -809.354369 -465.512601 195.234104 198.485887 200.871851 199.795322 284.224921 229.104519 205.611488
