user2019/resources/simulation/Vinschgau/output-maps/psiL0005N0793.asc
ncols         63
nrows         48
xllcorner     598000.000000
yllcorner     5145000.000000
cellsize      1000.000000
NODATA_value  -9999.0
[rows 0 to 25 of 48, columns 0 to 58 of 63]
-9999.0 -9999.0 -9999.0 -9999.0 -9999.0 -9999.0 -9999.0 -9999.0 -9999.0 -9999.0 -9999.0 -9999.0 -9999.0 -9999.0 -9999.0 -9999.0 -9999.0 -9999.0 -9999.0 -9999.0 -9999.0 -9999.0 -9999.0 -9999.0 -9999.0 -9999.0 -9999.0 -9999.0 -9999.0 -9999.0 -9999.0 -9999.0 -9999.0 -9999.0 -9999.0 -9999.0 -9999.0 -9999.0 -9999.0 -9999.0 -9999.0 -9999.0 -9999.0 -9999.0 -9999.0 -9999.0 -9999.0 -9999.0 -9999.0 -9999.0 -9999.0 -9999.0 -9999.0 -9999.0 -9999.0 -9999.0 -9999.0 -9999.0 -9999.0
-9999.0 -9999.0 -9999.0 -9999.0 -9999.0 -9999.0 -9999.0 -9999.0 -9999.0 -9999.0 -9999.0 -9999.0 -9999.0 -9999.0 -9999.0 -9999.0 -9999.0 -9999.0 -9999.0 -9999.0 -9999.0 -9999.0 -9999.0 -9999.0 -9999.0 -9999.0 -9999.0 -623.582644 4430.777564 -633.558920 3600.652296 -11.206743 221.597159 -9999.0 -9999.0 -9999.0 -9999.0 -9999.0 -9999.0 -9999.0 -9999.0 -9999.0 -9999.0 -9999.0 -9999.0 -9999.0 -9999.0 -9999.0 -9999.0 -9999.0 -9999.0 -9999.0 -9999.0 -9999.0 -9999.0 -9999.0 -9999.0 -9999.0 -9999.0
-9999.0 -9999.0 -9999.0 -9999.0 -9999.0 -9999.0 -9999.0 -9999.0 -9999.0 -9999.0 -9999.0 -9999.0 -9999.0 -9999.0 -9999.0 -9999.0 -9999.0 -9999.0 -9999.0 -9999.0 -9999.0 -9999.0 -9999.0 -9999.0 3852.891005 3464.905823 2934.008869 3519.242050 2980.617615 3033.948879 5082.086565 -9999.0 -9999.0 -9999.0 -9999.0 -9999.0 -9999.0 -9999.0 -9999.0 -9999.0 -9999.0 -9999.0 -9999.0 -9999.0 -9999.0 -9999.0 -9999.0 -9999.0 -9999.0 -9999.0 -9999.0 -9999.0 -9999.0 -9999.0 -9999.0 -9999.0 -9999.0 -9999.0 -9999.0
-9999.0 -9999.0 -9999.0 -9999.0 -9999.0 -9999.0 -9999.0 -9999.0 -9999.0 -9999.0 -9999.0 -9999.0 -9999.0 -9999.0 -9999.0 -9999.0 -9999.0 -9999.0 -9999.0 -9999.0 -9999.0 -9999.0 -9999.0 3403.550394 1828.001995 -583.232330 -454.567885 -747.656147 -278.265800 3205.722941 4464.967553 5111.600322 -9999.0 -9999.0 -9999.0 -9999.0 -9999.0 -9999.0 -9999.0 -9999.0 -9999.0 -9999.0 -9999.0 -9999.0 -9999.0 -9999.0 -9999.0 -9999.0 -9999.0 -9999.0 -9999.0 -9999.0 -9999.0 -9999.0 -9999.0 -9999.0 -9999.0 -9999.0 -9999.0
-9999.0 -9999.0 -9999.0 -9999.0 -9999.0 -9999.0 -9999.0 -9999.0 -9999.0 -9999.0 -9999.0 -9999.0 -9999.0 -9999.0 -9999.0 -9999.0 -9999.0 -9999.0 -200.842410 2421.597105 -9999.0 3184.275811 2042.215963 -580.211841 -394.629695 -956.616758 -301.594273 -118.311083 94.138673 -386.815816 3866.801687 5170.095676 -755.477952 -507.600886 -9999.0 -9999.0 -9999.0 -9999.0 -9999.0 -9999.0 -9999.0 -9999.0 -9999.0 -9999.0 -9999.0 -9999.0 -9999.0 -9999.0 -9999.0 -9999.0 -9999.0 -9999.0 -9999.0 -9999.0 -9999.0 -9999.0 -9999.0 -9999.0 -9999.0
-9999.0 -9999.0 -9999.0 -9999.0 -9999.0 -9999.0 -9999.0 -9999.0 -9999.0 -9999.0 -9999.0 -9999.0 -9999.0 -9999.0 -9999.0 -9999.0 -9999.0 -984.124679 -570.156423 -8807.975939 -766.904842 -232.238720 -393.496999 -360.733950 -383.558369 -309.022415 61.962907 320.709166 -215.783334 -106.494594 784.221860 702.359587 -1725.245972 -12466.897133 -3332.475202 -1374.068321 -9999.0 -9999.0 -9999.0 -9999.0 -9999.0 -9999.0 -9999.0 -9999.0 -9999.0 -9999.0 -9999.0 -9999.0 -9999.0 -9999.0 -9999.0 -9999.0 -9999.0 -9999.0 -9999.0 -9999.0 -9999.0 -9999.0 -9999.0
-9999.0 -9999.0 -9999.0 -9999.0 -9999.0 -9999.0 -9999.0 -9999.0 -9999.0 -9999.0 -9999.0 -9999.0 -9999.0 989.252441 -294.376392 -642.459397 -1112.939624 -5103.884735 -955.026960 -668.620066 -410.792612 -460.480351 -484.344924 -332.385366 -268.645648 2484.513713 -5943.456610 -146.766241 -249.573576 -272.563570 9108.310780 1737.521939 1740.833844 1720.963773 -290.047781 -727.752333 -9999.0 -9999.0 -9999.0 -9999.0 -9999.0 -9999.0 -9999.0 -9999.0 -9999.0 -9999.0 -9999.0 -9999.0 -9999.0 -9999.0 -9999.0 -9999.0 -9999.0 -9999.0 -9999.0 -9999.0 -9999.0 -9999.0 -9999.0
-9999.0 -9999.0 -9999.0 -9999.0 -9999.0 -9999.0 -9999.0 -9999.0 -9999.0 -9999.0 -9999.0 -9999.0 -9999.0 -135.433691 -383.559804 -701.241366 -1007.212952 -279.938626 -5190.929220 -645.945493 -885.538454 -320.658637 -361.994153 -268.232493 -280.999891 -200.041671 4258.646051 -495.042345 -404.685210 -88.925594 5247.116801 4979.058529 -447.340732 -523.732753 -419.518757 -9999.0 -9999.0 -9999.0 -9999.0 -9999.0 -9999.0 -9999.0 -9999.0 -9999.0 -9999.0 -9999.0 -9999.0 -9999.0 -9999.0 -9999.0 -9999.0 -9999.0 -9999.0 -9999.0 -9999.0 -9999.0 -9999.0 -9999.0 -9999.0
-9999.0 -9999.0 -9999.0 -9999.0 -9999.0 -9999.0 -9999.0 -9999.0 -9999.0 -9999.0 -9999.0 -9999.0 -9999.0 -458.814527 748.757012 -556.515294 -761.578617 -946.871865 -5464.295033 -981.548973 -215.122181 -4123.107723 -298.348581 -263.830679 -219.182419 71.236924 -1114.976234 -675.866015 4850.917444 -584.098738 2820.080895 -298.342767 -610.223938 -294.190954 -479.875641 -9999.0 -9999.0 -9999.0 -9999.0 -9999.0 -9999.0 -9999.0 -9999.0 -9999.0 -9999.0 -9999.0 -9999.0 -9999.0 -9999.0 -9999.0 -9999.0 -9999.0 -9999.0 -9999.0 -9999.0 -9999.0 -9999.0 -9999.0 -9999.0
-9999.0 -9999.0 -9999.0 -9999.0 -9999.0 -9999.0 -9999.0 -9999.0 -9999.0 -9999.0 -9999.0 -9999.0 -430.359621 6618.648948 -326.413668 -223.076055 -360.588218 -621.431812 -382.407206 -7156.359118 -420.174699 -315.906241 -157.473596 184.423074 3026.148038 4808.908448 280.365565 4900.401202 4879.611177 -364.226178 882.335249 -622.472393 2502.909803 -562.720472 -9999.0 -9999.0 -9999.0 -9999.0 -9999.0 -9999.0 -9999.0 -9999.0 -9999.0 -9999.0 -9999.0 -9999.0 -9999.0 -9999.0 -9999.0 -9999.0 -9999.0 -9999.0 -9999.0 -9999.0 -9999.0 -9999.0 -9999.0 -9999.0 -9999.0
-9999.0 -9999.0 -9999.0 -9999.0 -9999.0 -9999.0 -9999.0 -9999.0 -9999.0 -9999.0 -9999.0 3082.888708 98.580023 408.089599 -275.531500 -106.251438 -6395.443600 -530.960105 101.110871 -270.704822 -521.570560 -184.224200 3479.006152 4563.400624 -189.612558 3933.619085 1846.528207 5201.792987 7913.283090 -270.342957 -560.049425 2629.412573 -476.866135 -585.593858 -689.815215 -680.130293 -272.379193 -1109.877910 -208.277733 -9999.0 -9999.0 -9999.0 -3188.689647 -9999.0 -9999.0 -9999.0 -9999.0 -9999.0 -9999.0 -9999.0 -9999.0 -9999.0 -9999.0 -9999.0 -9999.0 -9999.0 -9999.0 -9999.0 -9999.0
-9999.0 -9999.0 -9999.0 -9999.0 -9999.0 -9999.0 -9999.0 -9999.0 -9999.0 -9999.0 -9999.0 4317.349040 -157.651147 102.891338 -325.276237 873.249790 -454.723928 -678.506298 -326.758688 -155.470457 -115.743718 -107.851786 4106.508435 4520.514130 4015.362870 5547.005509 4586.130401 4284.210325 -239.381078 -405.927625 3873.430958 3649.681438 4723.260004 3873.649771 4248.533895 4627.425154 1345.695859 -1814.771989 -1673.126793 -2031.281158 -960.954058 -585.060251 3951.407089 -646.151219 -9999.0 -9999.0 -9999.0 4594.422175 4658.754137 -537.882843 5064.823801 -549.535469 -497.431322 4628.321786 4512.605708 -236.874254 -9999.0 -9999.0 -9999.0
-9999.0 -9999.0 -9999.0 -9999.0 -9999.0 -9999.0 -9999.0 -9999.0 -9999.0 -9999.0 -9999.0 2549.570259 2100.040857 -146.984675 -129.065437 -92.990020 -69.122639 -342.811932 -233.728970 -331.558747 -267.083290 -282.446086 2459.675522 4645.257947 5487.438684 -528.183126 4779.984759 4861.987516 -562.118207 4878.848561 -564.528890 -76.345066 3574.769598 5130.157550 -560.684156 1326.735858 4756.018274 -1583.563721 -2629.005965 -2852.382578 -671.441285 -66.371565 2832.284742 5311.392206 4864.875958 -9999.0 -578.786999 4014.243914 4301.753274 4350.220356 494.552083 -491.753197 -11.092480 4621.780702 660.029029 4372.168917 -9999.0 -9999.0 -9999.0
-9999.0 -9999.0 -9999.0 -9999.0 -9999.0 -9999.0 -9999.0 -9999.0 -9999.0 -9999.0 -9999.0 -9999.0 4345.118545 4117.474946 237.048952 82.753380 -279.336253 -458.711787 98.656933 -244.923203 -323.799519 -275.502965 -200.364780 3784.483002 4364.813953 3597.465896 1012.759638 -13.730831 4304.036910 -617.895208 5190.858943 2611.001357 -16.413192 4617.449687 4615.693704 2281.015812 -509.304474 -2541.110453 -2726.297433 -2345.163301 -955.058323 -2493.615749 -158.322483 4139.983283 -933.044115 4884.600014 -707.016074 4652.795972 -118.486888 1951.853354 338.825348 295.229013 1062.577952 266.713791 252.126044 4706.497315 4730.747739 -9999.0 -9999.0
-9999.0 -9999.0 -9999.0 -9999.0 -9999.0 -9999.0 -9999.0 -9999.0 -9999.0 -9999.0 -9999.0 4797.635668 4585.178400 -16.404626 3643.396720 1307.363630 -170.087542 -247.980506 -97.164669 -459.234363 -334.912086 -224.493592 2312.298900 -200.794435 2827.934503 1974.774230 3873.638528 5294.539210 4484.621784 -690.816147 4689.788562 4700.953525 2592.655757 4565.317113 4844.062053 5183.952883 -293.432845 -2957.369180 -1892.503784 -2402.455558 -2406.824484 -1655.044717 -64.750772 -10424.909965 1868.498088 4754.163806 4404.023874 -1140.625170 -1141.232371 -145.806217 -4556.657734 4961.477457 2425.930871 -896.081222 -1186.222463 -443.236311 -409.480683 -9999.0 -9999.0
-9999.0 -9999.0 -9999.0 -9999.0 -9999.0 -9999.0 -9999.0 -9999.0 -9999.0 -9999.0 3838.204558 3837.823817 2889.966318 2795.020027 536.450749 1353.390714 1864.101556 -329.803603 -696.714425 -427.936344 104.495381 101.004165 -192.491306 830.326330 -228.907921 3022.761886 -87.942166 -7693.267689 -19.371655 3661.756174 2342.412089 2610.327923 3163.904368 3785.464307 -415.034314 -599.391365 4032.415382 3285.047010 -907.804601 -203.175091 -180.488869 -2745.290070 -268.706142 101.932454 396.562994 -649.517137 5393.463194 -163.411912 -16.066112 -191.728521 -8234.573940 -467.812895 -1022.988547 -188.310620 -384.986371 2635.225689 2668.337042 -9999.0 -9999.0
-9999.0 -9999.0 -9999.0 -9999.0 -9999.0 -9999.0 -9999.0 -9999.0 -9999.0 5466.476131 4845.297780 1381.275979 1037.039539 1592.258134 358.980154 1075.688946 398.455172 -79.206906 -538.515187 -722.279466 -92.135134 -510.391522 -369.130044 -301.527867 -184.077797 -53.371489 4112.442597 3060.586158 -196.160067 692.288256 -212.058715 -67.220236 -355.643556 -424.322866 -575.622111 -582.409620 2770.283058 3536.195571 4787.204804 4625.756943 4875.376028 482.539988 -187.834943 -328.855428 -150.301468 -251.508970 -60.563147 -231.694205 -221.554453 -147.141409 -136.653587 -449.772099 -213.006406 -219.456800 -395.118575 -106.292451 938.087396 -213.600375 -331.500458
-9999.0 -9999.0 -9999.0 -9999.0 -9999.0 -9999.0 -9999.0 -9999.0 -9999.0 -11.569823 2694.209507 4831.932033 5969.867517 -225.111875 417.345963 1589.849945 445.962630 -173.854393 -574.020115 -414.967477 -330.828384 -481.825441 -190.673167 -154.342712 -101.195809 3152.053982 1082.792857 -212.291922 -138.413359 -169.100203 952.717852 311.706840 1252.666950 5165.563400 5316.233204 -597.026007 -587.200057 -586.585185 4786.498817 5077.856061 4054.703731 -131.373111 652.804528 -76.526131 -275.823189 -244.360055 -181.124975 -282.000183 -268.282473 -192.584355 -71.327764 -66.507879 -322.005680 3804.849616 -65.065447 4921.126497 -69.609315 4605.868679 -257.016739
-9999.0 -9999.0 -9999.0 -9999.0 -9999.0 -9999.0 -9999.0 -9999.0 -9999.0 -9999.0 5180.948025 4939.413433 4487.799738 4917.971578 -274.375011 204.120311 -221.561473 -243.398816 -579.267432 -450.292471 -186.086232 -477.337323 -269.153763 -187.922481 2573.898705 32.554805 -215.001885 82.167848 605.697904 7419.568152 3340.964706 11488.416896 563.705909 4497.072651 4650.651307 4225.166777 2639.462454 3106.862062 -411.370733 4956.236162 5192.492554 3594.564513 7566.063474 -190.934537 -197.449286 -254.268742 -161.093733 -133.982803 -201.460870 -248.029071 -80.919869 -131.346083 -462.897920 -224.790489 3720.027415 4136.186446 4160.580566 13309.970207 -170.455325
-9999.0 -9999.0 -9999.0 -9999.0 -9999.0 -9999.0 -9999.0 -9999.0 -9999.0 -9999.0 4358.709079 5059.819079 3867.194603 777.805752 92.872291 -422.897750 -365.854339 -549.977289 -592.419262 -882.349631 -914.063378 -537.300771 -330.183194 697.036774 40.472239 -101.474073 92.542335 266.009859 5800.561117 10.008195 5216.236824 5098.181282 -3953.792597 5060.928380 5390.841143 4825.015015 7214.283205 4259.674206 -97.548158 5249.606375 5560.394199 -86.412888 5131.832146 4618.951008 3311.408321 -62.926263 76.634423 -197.355330 94.317561 91.763601 -170.706225 -126.280753 3388.193663 -378.044284 -280.420650 -332.429313 5086.069370 -142.785510 130.517956
-9999.0 -9999.0 -9999.0 -9999.0 -9999.0 -9999.0 -9999.0 -9999.0 5386.867766 4589.862345 -19.493582 3817.723272 1690.523190 1683.817818 1955.930960 -197.076992 -634.867036 -491.683847 -548.777480 -1062.277221 -1056.898425 -698.600666 -620.565520 -503.935388 -255.560073 -170.816440 54.352828 6570.004090 5829.207948 -35.169104 -375.849414 3178.710924 4887.952104 5043.205447 5133.302257 5290.835267 944.487732 4030.392016 2936.961497 -636.691983 -848.539312 2825.531708 -3875.242270 -481.872394 -851.520877 2168.993578 2956.138370 2728.211103 -160.278675 90.032966 206.536198 -80.216599 2982.712656 -54.784032 -595.537955 -9.084946 -296.473096 1605.826502 -135.790329
-9999.0 -9999.0 -9999.0 -9999.0 -9999.0 -9999.0 -9999.0 -9999.0 -8.132438 1142.239863 -88.351701 5076.857384 4875.735866 4720.657448 3633.011574 -232.674383 -423.160381 -501.583259 -843.324117 -1046.671755 -345.779499 -435.862266 -451.816050 -443.552340 -634.183813 -288.906771 96.725019 2851.017422 -6965.535001 5203.025155 4955.453871 -1358.045859 2913.223715 -1266.542201 3464.063499 5119.961524 1594.442987 1282.905412 -147.350852 5069.947295 5614.981923 -31.777142 -839.367899 5010.106402 6939.309341 2537.866920 -5523.745604 5257.802078 -145.791211 90.974391 85.277211 4141.334339 4999.241358 4629.128903 -22.023692 -11212.626162 -208.720413 -245.007317 84.937093
-9999.0 -9999.0 -9999.0 -9999.0 -9999.0 -9999.0 -9999.0 -9999.0 5495.051320 4774.910659 158.724461 -84.953690 4625.568561 -5063.558526 2148.014943 -168.875801 -443.589727 -414.327128 -913.938824 -429.795369 -1056.821532 -595.549922 -491.663040 -852.836993 -428.704319 -392.151260 -112.004411 6027.138813 -7132.898044 5067.085481 -2111.169284 2745.425896 4649.279059 -154.781137 4250.983620 2354.834501 -153.852647 90.076351 -73.281890 -117.301184 5102.572248 -1364.800080 5329.408538 5224.377496 4547.116008 5414.571202 -1009.372891 4903.645328 4388.300574 -221.594757 -124.627214 -201.348853 2143.089805 517.345114 -138.886094 391.577471 92.444703 94.018377 95.082320
-9999.0 -9999.0 -9999.0 -9999.0 -9999.0 -9999.0 -9999.0 -9999.0 -858.821610 5321.768266 1042.361862 -7432.765650 5240.541675 3959.349033 -96.605114 -107.327661 -606.112298 -818.814012 -341.160128 -1026.528224 -959.141922 -940.460013 -584.669865 -893.616042 -700.711694 -342.644315 -239.579793 -95.367382 2896.495728 -131.083313 -173.361189 -152.332248 -146.452313 1404.959562 -127.963513 1003.617613 -159.444648 -379.241821 88.602707 -182.031598 3652.018332 3715.051486 4975.027137 -1061.548225 4215.911072 -966.086146 -17.571941 -1038.054477 4180.443897 -209.599429 -242.764750 -91.746888 -259.721906 182.077534 -55.786260 104.505060 106.016956 171.250131 -132.273559
-9999.0 -9999.0 -9999.0 -9999.0 -9999.0 -9999.0 -9999.0 -9999.0 4663.688116 5628.952207 5698.243522 1172.805657 -49.289136 6708.414783 -146.012090 101.736401 88.240890 -389.139934 -355.170419 -489.904839 -860.671663 -789.560270 -926.427247 -953.633755 -372.297231 -435.750391 4037.279507 68.423011 -210.656522 887.446604 -200.820507 152.984053 100.892950 -135.137717 -179.340416 -194.129906 -225.791799 -423.882190 -294.009135 94.352790 -146.788604 -119.336757 -235.709757 -155.899280 -207.133804 1906.095679 -232.425473 -189.606813 -236.503122 -246.783099 -168.086097 -405.406564 -213.901842 -203.232610 212.755963 203.439218 103.087696 103.224222 106.637927
-9999.0 -9999.0 -23.428376 4511.634295 908.353615 3408.384043 2645.324882 2566.557922 5245.968648 5469.431247 3010.790861 3346.686390 3042.010522 425.489703 95.121253 83.878846 -181.798441 4704.310270 1409.860818 -255.581552 -511.716502 -521.654336 103.106403 -1192.652493 -837.702010 -538.203346 -442.828291 -368.243102 -237.653370 98.086751 -276.201089 -221.098217 117.210034 -216.213761 -168.984036 -405.819861 -309.269175 -500.233563 -403.114076 -361.876879 -252.696522 -167.946062 -150.628104 -101.216327 -189.204243 -193.241761 90.627991 -122.288456 -135.661311 -262.991994 -352.536972 -461.429730 101.320733 102.141864 103.230828 102.697463 112.451269 98.915704 93.250876
