user2019/resources/simulation/Vinschgau/output-maps/psiL0001N0575.asc
ncols         63
nrows         48
xllcorner     598000.000000
yllcorner     5145000.000000
cellsize      1000.000000
NODATA_value  -9999.0
[rows 0 to 26 of 48, columns 0 to 60 of 63]
-9999.0 -9999.0 -9999.0 -9999.0 -9999.0 -9999.0 -9999.0 -9999.0 -9999.0 -9999.0 -9999.0 -9999.0 -9999.0 -9999.0 -9999.0 -9999.0 -9999.0 -9999.0 -9999.0 -9999.0 -9999.0 -9999.0 -9999.0 -9999.0 -9999.0 -9999.0 -9999.0 -9999.0 -9999.0 -9999.0 -9999.0 -9999.0 -9999.0 -9999.0 -9999.0 -9999.0 -9999.0 -9999.0 -9999.0 -9999.0 -9999.0 -9999.0 -9999.0 -9999.0 -9999.0 -9999.0 -9999.0 -9999.0 -9999.0 -9999.0 -9999.0 -9999.0 -9999.0 -9999.0 -9999.0 -9999.0 -9999.0 -9999.0 -9999.0 -9999.0 -9999.0
-9999.0 -9999.0 -9999.0 -9999.0 -9999.0 -9999.0 -9999.0 -9999.0 -9999.0 -9999.0 -9999.0 -9999.0 -9999.0 -9999.0 -9999.0 -9999.0 -9999.0 -9999.0 -9999.0 -9999.0 -9999.0 -9999.0 -9999.0 -9999.0 -9999.0 -9999.0 -9999.0 -43.112342 9.192550 -77.032658 14.298790 12.115799 540.803312 -9999.0 -9999.0 -9999.0 -9999.0 -9999.0 -9999.0 -9999.0 -9999.0 -9999.0 -9999.0 -9999.0 -9999.0 -9999.0 -9999.0 -9999.0 -9999.0 -9999.0 -9999.0 -9999.0 -9999.0 -9999.0 -9999.0 -9999.0 -9999.0 -9999.0 -9999.0 -9999.0 -9999.0
-9999.0 -9999.0 -9999.0 -9999.0 -9999.0 -9999.0 -9999.0 -9999.0 -9999.0 -9999.0 -9999.0 -9999.0 -9999.0 -9999.0 -9999.0 -9999.0 -9999.0 -9999.0 -9999.0 -9999.0 -9999.0 -9999.0 -9999.0 -9999.0 8.812666 5.821758 4.407748 5.474678 10.754255 19.404295 10.675543 -9999.0 -9999.0 -9999.0 -9999.0 -9999.0 -9999.0 -9999.0 -9999.0 -9999.0 -9999.0 -9999.0 -9999.0 -9999.0 -9999.0 -9999.0 -9999.0 -9999.0 -9999.0 -9999.0 -9999.0 -9999.0 -9999.0 -9999.0 -9999.0 -9999.0 -9999.0 -9999.0 -9999.0 -9999.0 -9999.0
-9999.0 -9999.0 -9999.0 -9999.0 -9999.0 -9999.0 -9999.0 -9999.0 -9999.0 -9999.0 -9999.0 -9999.0 -9999.0 -9999.0 -9999.0 -9999.0 -9999.0 -9999.0 -9999.0 -9999.0 -9999.0 -9999.0 -9999.0 7.537598 5.789186 -1950.203821 -2519.469437 -2754.194183 -773.766567 -142.046032 8.612235 11.108474 -9999.0 -9999.0 -9999.0 -9999.0 -9999.0 -9999.0 -9999.0 -9999.0 -9999.0 -9999.0 -9999.0 -9999.0 -9999.0 -9999.0 -9999.0 -9999.0 -9999.0 -9999.0 -9999.0 -9999.0 -9999.0 -9999.0 -9999.0 -9999.0 -9999.0 -9999.0 -9999.0 -9999.0 -9999.0
-9999.0 -9999.0 -9999.0 -9999.0 -9999.0 -9999.0 -9999.0 -9999.0 -9999.0 -9999.0 -9999.0 -9999.0 -9999.0 -9999.0 -9999.0 -9999.0 -9999.0 -9999.0 7.366188 8.262908 -9999.0 10.385635 9.018129 -1251.414336 -1816.069099 -2855.597433 -1041.679959 -855.319999 -1496.830989 -1860.326746 7.665688 11.245305 -43.880457 -41.611006 -9999.0 -9999.0 -9999.0 -9999.0 -9999.0 -9999.0 -9999.0 -9999.0 -9999.0 -9999.0 -9999.0 -9999.0 -9999.0 -9999.0 -9999.0 -9999.0 -9999.0 -9999.0 -9999.0 -9999.0 -9999.0 -9999.0 -9999.0 -9999.0 -9999.0 -9999.0 -9999.0
-9999.0 -9999.0 -9999.0 -9999.0 -9999.0 -9999.0 -9999.0 -9999.0 -9999.0 -9999.0 -9999.0 -9999.0 -9999.0 -9999.0 -9999.0 -9999.0 -9999.0 -1831.190856 -726.398102 -58.142512 -43.929328 -567.142465 -880.383348 -1880.217681 -1328.357971 -995.007344 -701.312286 -668.590881 -826.263913 -649.185060 13.615134 21.643281 -107.328371 -123.778842 -121.539566 -112.068853 -9999.0 -9999.0 -9999.0 -9999.0 -9999.0 -9999.0 -9999.0 -9999.0 -9999.0 -9999.0 -9999.0 -9999.0 -9999.0 -9999.0 -9999.0 -9999.0 -9999.0 -9999.0 -9999.0 -9999.0 -9999.0 -9999.0 -9999.0 -9999.0 -9999.0
-9999.0 -9999.0 -9999.0 -9999.0 -9999.0 -9999.0 -9999.0 -9999.0 -9999.0 -9999.0 -9999.0 -9999.0 -9999.0 11.690030 -515.428325 -913.224946 -1406.262087 -267.623692 -1730.566103 -1218.812475 -964.083396 -1813.473860 -2387.460339 -1093.868195 -788.027635 8.837545 -37.584199 19.907384 -642.024849 -750.700629 6214.351904 39.636621 33.118905 38.681130 -97.986067 -103.257994 -9999.0 -9999.0 -9999.0 -9999.0 -9999.0 -9999.0 -9999.0 -9999.0 -9999.0 -9999.0 -9999.0 -9999.0 -9999.0 -9999.0 -9999.0 -9999.0 -9999.0 -9999.0 -9999.0 -9999.0 -9999.0 -9999.0 -9999.0 -9999.0 -9999.0
-9999.0 -9999.0 -9999.0 -9999.0 -9999.0 -9999.0 -9999.0 -9999.0 -9999.0 -9999.0 -9999.0 -9999.0 -9999.0 11.598243 -589.475496 -1083.822509 -1045.088496 -357.949043 -365.870360 -2160.114415 -1866.265868 -581.362591 -967.398129 -920.628822 -761.927181 -736.989691 8.131915 -112.307553 -36.353154 -319.437488 27.435684 15.254780 -109.639612 -106.425602 -106.722203 -9999.0 -9999.0 -9999.0 -9999.0 -9999.0 -9999.0 -9999.0 -9999.0 -9999.0 -9999.0 -9999.0 -9999.0 -9999.0 -9999.0 -9999.0 -9999.0 -9999.0 -9999.0 -9999.0 -9999.0 -9999.0 -9999.0 -9999.0 -9999.0 -9999.0 -9999.0
-9999.0 -9999.0 -9999.0 -9999.0 -9999.0 -9999.0 -9999.0 -9999.0 -9999.0 -9999.0 -9999.0 -9999.0 -9999.0 -660.732602 431.960091 -997.756504 -960.237772 -1184.268829 -555.375728 -1496.567743 6.625941 -48.710716 -461.307638 -715.838842 -759.918658 -214.885422 -104.285280 -46.470943 10.946415 -34.315757 18.973270 -66.821282 -103.297130 -92.598145 -99.047113 -9999.0 -9999.0 -9999.0 -9999.0 -9999.0 -9999.0 -9999.0 -9999.0 -9999.0 -9999.0 -9999.0 -9999.0 -9999.0 -9999.0 -9999.0 -9999.0 -9999.0 -9999.0 -9999.0 -9999.0 -9999.0 -9999.0 -9999.0 -9999.0 -9999.0 -9999.0
-9999.0 -9999.0 -9999.0 -9999.0 -9999.0 -9999.0 -9999.0 -9999.0 -9999.0 -9999.0 -9999.0 -9999.0 -715.244620 4163.075791 -659.766917 -405.558708 -464.947361 -883.981050 -454.595534 -50.952547 -1033.317449 -565.127211 19.845069 -319.716416 2174.860972 10.683881 651.706421 11.234653 30.218669 -111.875765 12.280385 -84.250458 24.638041 -93.474807 -9999.0 -9999.0 -9999.0 -9999.0 -9999.0 -9999.0 -9999.0 -9999.0 -9999.0 -9999.0 -9999.0 -9999.0 -9999.0 -9999.0 -9999.0 -9999.0 -9999.0 -9999.0 -9999.0 -9999.0 -9999.0 -9999.0 -9999.0 -9999.0 -9999.0 -9999.0 -9999.0
-9999.0 -9999.0 -9999.0 -9999.0 -9999.0 -9999.0 -9999.0 -9999.0 -9999.0 -9999.0 -9999.0 18.105875 8.781882 96.204867 -416.459687 13.507715 -53.705366 -615.333884 -267.913341 -50.233752 -515.236009 -429.606945 13.304876 10.966042 32.086672 18.612947 11.741798 12.855034 2103.815999 -34.373670 -52.081868 28.521692 -114.037554 -42.876857 -41.725706 -39.390964 -2596.602219 -2995.940325 -3163.609618 -9999.0 -9999.0 -9999.0 -43.194926 -9999.0 -9999.0 -9999.0 -9999.0 -9999.0 -9999.0 -9999.0 -9999.0 -9999.0 -9999.0 -9999.0 -9999.0 -9999.0 -9999.0 -9999.0 -9999.0 -9999.0 -9999.0
-9999.0 -9999.0 -9999.0 -9999.0 -9999.0 -9999.0 -9999.0 -9999.0 -9999.0 -9999.0 -9999.0 18.234855 5.307527 31.067707 -342.705935 11.752732 -536.480156 -1394.432988 -411.592730 5.254449 9.718478 11.554492 14.396010 13.819090 28.340057 13.733006 10.643996 18.801177 -106.821158 -39.722879 15.569134 62.575831 7.830410 12.345048 -337.465205 -726.802067 -3299.621595 -3576.028336 -3506.447184 -534.963791 -46.232131 -38.773917 -224.220673 -39.953844 -9999.0 -9999.0 -9999.0 13.623633 14.073450 -115.093674 16.009009 -123.512984 -122.976148 13.042374 20.730663 -120.945148 -9999.0 -9999.0 -9999.0 -9999.0 -9999.0
-9999.0 -9999.0 -9999.0 -9999.0 -9999.0 -9999.0 -9999.0 -9999.0 -9999.0 -9999.0 -9999.0 27.652131 13.322483 39.377779 16.284137 13.556076 13.610190 11.229857 -114.547703 -437.941310 5.337508 13.181257 12.054354 12.849148 13.355966 -40.206301 20.538437 2079.046397 -98.717354 12.645481 -37.667673 73.948140 6.156751 7.581612 -38.097884 -2550.866983 -2843.364654 -3026.613037 -3907.116713 -4694.565222 -3483.318152 -2402.918324 -601.235350 4.546212 9.976706 -9999.0 -109.136981 18.485826 18.282967 20.597262 18.912959 -110.440565 18.336866 16.803376 27.029539 18.884392 -9999.0 -9999.0 -9999.0 -9999.0 -9999.0
-9999.0 -9999.0 -9999.0 -9999.0 -9999.0 -9999.0 -9999.0 -9999.0 -9999.0 -9999.0 -9999.0 -9999.0 23.754347 28.475551 12.578564 13.415599 11.266006 5.130799 7.758740 -435.561780 5.731519 14.730414 21.960540 18.124648 13.763638 19.724288 1369.695401 14.097503 15.119488 -42.648980 11.052414 46.907178 -135.029924 -40.903133 -355.430787 -2481.843733 -2773.399964 -3024.371400 -3961.900974 -3618.850083 -3444.101848 -401.784096 -788.401125 -291.513418 -42.310804 11.841855 -73.927451 13.873744 26.770117 24.211150 7.899411 127.887563 653.213301 98.556777 53.704589 29.815761 16.965855 -9999.0 -9999.0 -9999.0 -9999.0
-9999.0 -9999.0 -9999.0 -9999.0 -9999.0 -9999.0 -9999.0 -9999.0 -9999.0 -9999.0 -9999.0 21.944681 15.590686 17.497870 35.579452 19.731448 15.833314 12.028568 8.484836 -615.551494 -220.546279 15.145911 22.012206 15.168156 17.147347 24.073976 17.148651 12.113180 9.336126 -42.236085 18.978178 50.372249 7.384496 7.456373 5.817915 -762.274730 -3201.976230 -2962.754805 -2933.650517 -3747.544800 -2749.607336 -2567.910048 -653.506434 -27.094982 7.765231 10.413217 22.585419 -73.090285 -88.268795 4.837178 -35.485967 14.907497 35.879853 -16.677203 26.022015 -40.554787 -112.335725 -9999.0 -9999.0 -9999.0 -9999.0
-9999.0 -9999.0 -9999.0 -9999.0 -9999.0 -9999.0 -9999.0 -9999.0 -9999.0 -9999.0 1388.521221 25.837389 15.520945 15.458609 13.973162 1241.100366 1241.087080 2.649395 -682.453682 -705.196767 -226.447318 11.785421 8.451574 5.472129 5.836586 1459.726503 21.074127 -64.024801 11.292166 10.113711 44.865118 192.336624 13.325802 13.473974 -32.621443 -33.752601 -2551.505997 -2719.400222 -2518.771206 -2879.630968 -2793.029513 -136.190334 -198.939729 -704.096106 -347.287044 -40.458627 11.565254 16.333734 21.370665 3.956559 -49.440024 -109.965581 21.662574 -109.192499 -106.997174 22.492436 28.402862 -9999.0 -9999.0 -9999.0 -9999.0
-9999.0 -9999.0 -9999.0 -9999.0 -9999.0 -9999.0 -9999.0 -9999.0 -9999.0 18.700046 23.595513 42.361793 32.000247 14.336583 38.381776 34.136803 14.828480 8.527471 -491.858459 -828.432113 -385.326402 -627.011466 4.059531 -532.388409 -201.794798 12.959865 10.419550 10.470463 10.271195 6.162084 5.158811 26.168642 -33.820190 -34.634655 -40.678017 -36.262237 -100.574158 -738.395876 -880.252049 -678.121161 -753.347061 -611.279224 -528.146729 -1331.210446 -582.009793 -337.879999 5.886794 -371.865344 -252.156786 4.898935 33.140347 -112.614686 -98.758547 -95.249474 -112.493756 46.452253 85.914042 -84.427999 -65.832183 -9999.0 -9999.0
-9999.0 -9999.0 -9999.0 -9999.0 -9999.0 -9999.0 -9999.0 -9999.0 -9999.0 60.666764 25.908455 18.661243 3012.835551 10.432181 13.300126 15.055476 13.710182 5.161674 -567.180596 -1180.230008 -1197.416556 -1588.222996 -454.726279 10.575178 13.440630 9.249758 6.625215 -154.352177 -204.603466 4.902861 19.574552 26.380278 19.758359 11.946911 13.367805 -41.144966 -39.905071 -39.245079 -303.436449 5.040583 -375.491172 6.306732 -826.171257 -584.051871 -716.729498 -912.571193 -769.515397 -898.682291 -591.877726 3.933704 18.438203 17.947789 -122.941001 20.817353 -66.181090 35.846451 87.062096 63.798005 -42.613380 -9999.0 -9999.0
-9999.0 -9999.0 -9999.0 -9999.0 -9999.0 -9999.0 -9999.0 -9999.0 -9999.0 -9999.0 19.108378 24.897980 22.030109 1607.219673 9.098738 10.344816 9.079452 -264.673187 -707.949181 -835.465788 -726.158265 -422.883873 6.206909 13.398974 8.014943 -309.975663 -393.696633 -147.007664 19.021243 26.416708 25.170894 2926.588686 16.787374 13.649308 17.617983 19.386880 -313.955175 5.676523 -38.847498 13.104467 9.158432 -124.585709 3039.667079 6.565674 11.061555 -308.101596 -160.621559 -448.908836 -578.187351 12.403584 20.542464 24.970314 -123.303683 -120.315335 17.588091 21.890769 39.704699 11331.634380 81.630073 5.441051 -9999.0
-9999.0 -9999.0 -9999.0 -9999.0 -9999.0 -9999.0 -9999.0 -9999.0 -9999.0 -9999.0 23.890457 21.000860 18.510235 24.103262 5.513777 -208.445423 -178.221674 -662.308302 -1320.147817 -926.394401 -1062.180491 -779.837746 -481.444215 -464.948160 -409.010938 -500.105471 -219.390570 19.148975 20.903623 13.971568 13.979728 34.622951 -47.451313 12.488481 12.128453 20.189790 2401.960359 13.312496 19.727639 12.200422 13.493440 -86.081101 38.953835 11.648639 12.128606 13.508592 14.785510 13.486135 13.234802 4.927100 28.525880 29.091666 24.983079 -115.631898 -82.612905 -55.291467 12.526536 12.679212 199.135799 110.534595 -9999.0
-9999.0 -9999.0 -9999.0 -9999.0 -9999.0 -9999.0 -9999.0 -9999.0 15.822901 15.307489 15.840676 25.023227 132.256550 36.631416 23.060372 -262.361891 -603.851218 -1048.990057 -1218.530277 -1022.296564 -1720.000366 -1964.281263 -1568.828622 -1133.083239 -916.468144 -439.983942 12.767679 17.633896 30.073529 24.183293 -36.822792 17.878000 14.566166 12.143491 22.135006 10.706112 9.977631 14.647447 16.181977 -41.627677 -105.816692 28.655800 -37.721346 -32.719839 -39.951507 1467.905453 22.617172 15.850258 14.697641 5.055328 28.372247 33.983422 28.478630 24.957859 -57.542413 15.522821 -50.282407 9.591653 6.352991 114.779144 -9999.0
-9999.0 -9999.0 -9999.0 -9999.0 -9999.0 -9999.0 -9999.0 -9999.0 1597.894956 36.364804 23.307917 16.924342 16.799515 1253.909832 14.536882 7.518610 -359.301120 -595.933739 -1317.507750 -1275.934872 -2342.953360 -3386.796717 -2978.907095 -3096.631551 -2030.809786 -412.990133 19.002478 21.848424 -44.282972 12.167044 12.315759 -47.441530 27.479168 -66.469844 20.033366 12.466781 24.038605 29.290184 24.456582 14.344200 14.543796 13.114037 -108.960625 13.891960 1808.915862 25.328137 -36.959896 14.114654 15.367275 13.645521 4.573265 26.596275 34.549879 14.114125 12.277675 -46.316421 10.629443 10.063185 6.534311 10.004290 -888.346648
-9999.0 -9999.0 -9999.0 -9999.0 -9999.0 -9999.0 -9999.0 -9999.0 14.958716 2161.092548 15.332897 19.866097 86.420338 52.046935 23.551028 11.830635 -414.488395 -788.761430 -1399.087098 -1470.762647 -2017.013922 -3316.530949 -3620.278460 -2936.328730 -2514.499043 -541.131343 12.667594 17.031166 -63.875084 12.538756 -49.177932 22.048163 18.926576 18.586363 18.015043 35.388173 28.972893 5.474405 33.291988 23.749153 19.422132 -115.157122 16.955888 1810.822679 23.201055 17.274275 -47.704762 11.884589 14.552378 13.042254 3.875984 24.877263 22.397145 14.836515 17.039826 22.417498 15.703096 9.835194 -199.820012 9.852928 -620.068031
-9999.0 -9999.0 -9999.0 -9999.0 -9999.0 -9999.0 -9999.0 -9999.0 -105.008587 14.511694 33.282395 30.885417 20.623508 14.925403 15.287425 5.083790 -578.566408 -1352.753613 -794.896332 -1656.142557 -1536.182999 -2097.612139 -3225.191528 -3033.229619 -1240.727997 -460.132310 10.141114 22.739864 8.319755 16.667696 20.971442 20.182423 20.514382 34.297861 24.536900 8.975875 8.311923 4.757276 32.513371 21.332388 12.606564 15.142824 16.901913 -43.533994 11.394358 -46.547429 13.876258 -113.286824 8.329861 7.721837 4.730609 4.475474 19.398602 9.974730 15.974160 19.784322 21.346104 86.832141 -420.871710 -562.555973 -424.175606
-9999.0 -9999.0 -9999.0 -9999.0 -9999.0 -9999.0 -9999.0 -9999.0 12.090935 14.011274 2967.329787 14.012877 18.399870 14.208899 7.073139 -436.588031 -343.456925 -471.455709 -427.427483 -719.221876 -1672.600631 -1677.640398 -1737.313650 -1499.746973 -2026.035301 -634.305223 -211.453980 4.676016 -305.095968 20.452014 13.322305 16.504069 32.240441 25.272715 22.247080 21.663891 11.132627 4.959544 31.857595 19.161429 12.130322 24.317103 24.674083 16.710856 14.571396 12.215672 12.702767 19.773882 6.498835 5.492032 -318.788720 -657.940510 -181.978788 -311.222112 124.188519 118.877178 4.966660 -288.379941 -318.295106 -378.415463 -284.848650
-9999.0 -9999.0 12.411192 13.215804 734.801492 13.372851 64.368130 25.200078 14.086844 14.427942 25.948309 42.428641 22.466291 14.831926 -367.097281 -122.457949 10.849271 10.827565 -59.925971 -392.268377 -929.857833 -1923.658664 -987.642108 -2665.634586 -1109.866860 -1074.922056 -691.726838 -546.921219 -486.567735 10.757403 4.132537 9.981766 72.683638 15.610451 14.233022 10.244411 4.554669 -152.893662 21.790472 14.251510 11.108913 16.979060 28.263978 15.773641 13.185874 10.427750 10.191925 12.787343 3.574302 -528.957718 -801.828532 -854.199611 -69.498802 5.707020 5.779405 5.676545 35.593182 12.114266 9.475969 7.363193 8.262707
-9999.0 5.441205 12.352507 11.577077 10.632422 45.469950 63.633056 23.345321 21.022244 14.384047 22.875169 14.257840 19.550849 16.790847 4.430426 15.974092 14.560723 18.769633 5.514383 -391.990113 -1135.063569 -694.323759 -477.423690 -1733.326106 -2920.339394 -1703.565572 -2387.930135 -2345.134314 -573.012308 -485.034885 -984.411043 -609.332622 29.507150 19.042751 -340.036464 -579.686810 -473.329854 -400.103460 11.767265 -150.821690 -244.354065 12.392234 24.983992 6.933392 -384.077318 -481.600450 -463.008982 -535.090308 -615.064871 -1121.806839 -562.747412 4.758651 37.340398 48.731692 44.371467 23.301444 23.707453 15.101053 13.729669 9.643794 10.872508
