user2019/resources/simulation/Vinschgau/output-maps/psiL0006N0124.asc
ncols         63
nrows         48
xllcorner     598000.000000
yllcorner     5145000.000000
cellsize      1000.000000
NODATA_value  -9999.0
[rows 0 to 25 of 48, columns 0 to 57 of 63]
-9999.0 -9999.0 -9999.0 -9999.0 -9999.0 -9999.0 -9999.0 -9999.0 -9999.0 -9999.0 -9999.0 -9999.0 -9999.0 -9999.0 -9999.0 -9999.0 -9999.0 -9999.0 -9999.0 -9999.0 -9999.0 -9999.0 -9999.0 -9999.0 -9999.0 -9999.0 -9999.0 -9999.0 -9999.0 -9999.0 -9999.0 -9999.0 -9999.0 -9999.0 -9999.0 -9999.0 -9999.0 -9999.0 -9999.0 -9999.0 -9999.0 -9999.0 -9999.0 -9999.0 -9999.0 -9999.0 -9999.0 -9999.0 -9999.0 -9999.0 -9999.0 -9999.0 -9999.0 -9999.0 -9999.0 -9999.0 -9999.0 -9999.0
-9999.0 -9999.0 -9999.0 -9999.0 -9999.0 -9999.0 -9999.0 -9999.0 -9999.0 -9999.0 -9999.0 -9999.0 -9999.0 -9999.0 -9999.0 -9999.0 -9999.0 -9999.0 -9999.0 -9999.0 -9999.0 -9999.0 -9999.0 -9999.0 -9999.0 -9999.0 -9999.0 -798.453972 -799.706450 -799.701191 -799.210891 -798.880293 -798.884921 -9999.0 -9999.0 -9999.0 -9999.0 -9999.0 -9999.0 -9999.0 -9999.0 -9999.0 -9999.0 -9999.0 -9999.0 -9999.0 -9999.0 -9999.0 -9999.0 -9999.0 -9999.0 -9999.0 -9999.0 -9999.0 -9999.0 -9999.0 -9999.0 -9999.0
-9999.0 -9999.0 -9999.0 -9999.0 -9999.0 -9999.0 -9999.0 -9999.0 -9999.0 -9999.0 -9999.0 -9999.0 -9999.0 -9999.0 -9999.0 -9999.0 -9999.0 -9999.0 -9999.0 -9999.0 -9999.0 -9999.0 -9999.0 -9999.0 -1549.259931 -1516.528096 -1511.856486 -1521.154863 -1499.615794 -799.627947 -799.349134 -9999.0 -9999.0 -9999.0 -9999.0 -9999.0 -9999.0 -9999.0 -9999.0 -9999.0 -9999.0 -9999.0 -9999.0 -9999.0 -9999.0 -9999.0 -9999.0 -9999.0 -9999.0 -9999.0 -9999.0 -9999.0 -9999.0 -9999.0 -9999.0 -9999.0 -9999.0 -9999.0
-9999.0 -9999.0 -9999.0 -9999.0 -9999.0 -9999.0 -9999.0 -9999.0 -9999.0 -9999.0 -9999.0 -9999.0 -9999.0 -9999.0 -9999.0 -9999.0 -9999.0 -9999.0 -9999.0 -9999.0 -9999.0 -9999.0 -9999.0 -1548.217443 -1444.757023 -635.553007 -483.066019 -225.655778 -634.824506 -799.335667 -799.768439 -798.742297 -9999.0 -9999.0 -9999.0 -9999.0 -9999.0 -9999.0 -9999.0 -9999.0 -9999.0 -9999.0 -9999.0 -9999.0 -9999.0 -9999.0 -9999.0 -9999.0 -9999.0 -9999.0 -9999.0 -9999.0 -9999.0 -9999.0 -9999.0 -9999.0 -9999.0 -9999.0
-9999.0 -9999.0 -9999.0 -9999.0 -9999.0 -9999.0 -9999.0 -9999.0 -9999.0 -9999.0 -9999.0 -9999.0 -9999.0 -9999.0 -9999.0 -9999.0 -9999.0 -9999.0 -434.731995 -798.758318 -9999.0 -1555.084352 -1540.027163 -189.878395 -246.569908 -283.763057 -356.371149 -394.329837 -226.015895 -1075.566269 -799.453696 -799.758421 -799.068997 -798.653193 -9999.0 -9999.0 -9999.0 -9999.0 -9999.0 -9999.0 -9999.0 -9999.0 -9999.0 -9999.0 -9999.0 -9999.0 -9999.0 -9999.0 -9999.0 -9999.0 -9999.0 -9999.0 -9999.0 -9999.0 -9999.0 -9999.0 -9999.0 -9999.0
-9999.0 -9999.0 -9999.0 -9999.0 -9999.0 -9999.0 -9999.0 -9999.0 -9999.0 -9999.0 -9999.0 -9999.0 -9999.0 -9999.0 -9999.0 -9999.0 -9999.0 -232.163101 -435.248928 -24064.352828 -800.173680 -542.233114 -1158.531167 -614.009226 -381.112067 -1533.872903 -1690.477805 -1574.811041 -1720.939212 -361.436969 -1386.023638 -799.400180 -800.073100 -799.909167 -798.730893 -798.570121 -9999.0 -9999.0 -9999.0 -9999.0 -9999.0 -9999.0 -9999.0 -9999.0 -9999.0 -9999.0 -9999.0 -9999.0 -9999.0 -9999.0 -9999.0 -9999.0 -9999.0 -9999.0 -9999.0 -9999.0 -9999.0 -9999.0
-9999.0 -9999.0 -9999.0 -9999.0 -9999.0 -9999.0 -9999.0 -9999.0 -9999.0 -9999.0 -9999.0 -9999.0 -9999.0 -799.435155 -1075.275704 -365.411387 -470.440763 -799.322320 -234.967664 -267.391945 -381.351324 -303.882177 -344.429090 -236.766540 -1574.297847 -1367.822712 -910.808706 -1045.584578 -1022.477302 -1590.513057 -1561.147780 -1508.662228 -799.227644 -798.888398 -798.592403 -798.640579 -9999.0 -9999.0 -9999.0 -9999.0 -9999.0 -9999.0 -9999.0 -9999.0 -9999.0 -9999.0 -9999.0 -9999.0 -9999.0 -9999.0 -9999.0 -9999.0 -9999.0 -9999.0 -9999.0 -9999.0 -9999.0 -9999.0
-9999.0 -9999.0 -9999.0 -9999.0 -9999.0 -9999.0 -9999.0 -9999.0 -9999.0 -9999.0 -9999.0 -9999.0 -9999.0 -1291.514882 -239.636099 -600.608340 -597.978727 -473.123782 -799.380406 -512.635606 -368.612113 -491.351138 -346.466598 -1476.844247 -1504.541905 -1005.829123 -799.482649 -798.717725 -798.730671 -846.498221 -1672.627999 -799.226029 -798.607783 -798.648827 -798.639691 -9999.0 -9999.0 -9999.0 -9999.0 -9999.0 -9999.0 -9999.0 -9999.0 -9999.0 -9999.0 -9999.0 -9999.0 -9999.0 -9999.0 -9999.0 -9999.0 -9999.0 -9999.0 -9999.0 -9999.0 -9999.0 -9999.0 -9999.0
-9999.0 -9999.0 -9999.0 -9999.0 -9999.0 -9999.0 -9999.0 -9999.0 -9999.0 -9999.0 -9999.0 -9999.0 -9999.0 -975.539429 -253.929357 -587.550242 -515.326789 -443.830714 -799.453527 -270.190683 -925.984885 -1137.891494 -1519.942488 -1655.513097 -1577.150434 -1518.449027 -799.730049 -798.706596 -799.550270 -798.680958 -799.298528 -798.644264 -798.632755 -798.662907 -798.663713 -9999.0 -9999.0 -9999.0 -9999.0 -9999.0 -9999.0 -9999.0 -9999.0 -9999.0 -9999.0 -9999.0 -9999.0 -9999.0 -9999.0 -9999.0 -9999.0 -9999.0 -9999.0 -9999.0 -9999.0 -9999.0 -9999.0 -9999.0
-9999.0 -9999.0 -9999.0 -9999.0 -9999.0 -9999.0 -9999.0 -9999.0 -9999.0 -9999.0 -9999.0 -9999.0 -584.383530 -253.354921 -265.391615 -1569.835317 -1009.990961 -428.098232 -336.791401 -95300.848915 -1499.555119 -1598.001390 -1004.085322 -1663.093909 -521.732766 -799.259892 -1634.066051 -799.036182 -799.390441 -798.700379 -799.287702 -798.753984 -799.879060 -798.546910 -9999.0 -9999.0 -9999.0 -9999.0 -9999.0 -9999.0 -9999.0 -9999.0 -9999.0 -9999.0 -9999.0 -9999.0 -9999.0 -9999.0 -9999.0 -9999.0 -9999.0 -9999.0 -9999.0 -9999.0 -9999.0 -9999.0 -9999.0 -9999.0
-9999.0 -9999.0 -9999.0 -9999.0 -9999.0 -9999.0 -9999.0 -9999.0 -9999.0 -9999.0 -9999.0 -1671.503517 -1559.643108 -701.521556 -1647.603428 -1811.365399 -937.348168 -395.825276 -603.447049 -90757.199991 -466.522030 -929.314122 -799.541468 -799.234857 -1008.787820 -798.862188 -799.267972 -799.593564 -1619.573121 -798.638354 -798.659269 -791.178195 -798.274591 -798.554647 -798.073990 -798.947436 -799.526471 -517.840788 -799.046049 -9999.0 -9999.0 -9999.0 -798.640407 -9999.0 -9999.0 -9999.0 -9999.0 -9999.0 -9999.0 -9999.0 -9999.0 -9999.0 -9999.0 -9999.0 -9999.0 -9999.0 -9999.0 -9999.0
-9999.0 -9999.0 -9999.0 -9999.0 -9999.0 -9999.0 -9999.0 -9999.0 -9999.0 -9999.0 -9999.0 -1603.894136 -1633.592279 -421.985775 -1362.798867 -799.149297 -1427.920017 -778.852171 -629.280269 -670.711675 -246.814170 -238.211310 -1534.774499 -1654.057780 -1782.575900 -799.242238 -799.483822 -799.641587 -798.654039 -798.697487 -799.437301 -799.497845 -799.519953 -798.843201 -798.561139 -799.528619 -585.227547 -619.518532 -613.751305 -799.296700 -800.136538 -797.984160 -799.343702 -798.599230 -9999.0 -9999.0 -9999.0 -1082.180861 -800.000502 -798.210112 -800.082135 -798.147457 -798.478766 -622.000973 -607.396151 -798.834236 -9999.0 -9999.0
-9999.0 -9999.0 -9999.0 -9999.0 -9999.0 -9999.0 -9999.0 -9999.0 -9999.0 -9999.0 -9999.0 -1576.108953 -1702.791758 -936.308901 -465.299244 -799.593048 -978.250914 -315.804905 -344.117783 -651.937384 -452.986817 -593.030470 -1173.156617 -1568.979408 -799.126374 -800.110602 -1322.346752 -879.656602 -798.876445 -799.308224 -798.643570 -1008.508510 -596.588376 -798.378840 -798.485432 -518.987908 -1386.118652 -2983.405796 -755.104824 -799.554296 -567.312291 -799.882031 -496.721763 -799.535495 -798.725228 -9999.0 -798.890252 -800.014280 -800.052932 -486.742333 -794.650203 -799.055931 -592.974103 -126.594533 -424.591077 -265.440097 -9999.0 -9999.0
-9999.0 -9999.0 -9999.0 -9999.0 -9999.0 -9999.0 -9999.0 -9999.0 -9999.0 -9999.0 -9999.0 -9999.0 -1812.515481 -459.837602 -615.774435 -1006.075685 -983.943724 -537.529194 -507.528082 -546.567115 -437.619588 -633.490912 -464.185259 -1448.057342 -1659.051808 -1262.091647 -409.651229 -799.121395 -799.280797 -798.483174 -799.481891 -1581.950553 -799.709981 -798.992316 -798.979068 -799.536263 -1691.263519 -1503.198297 -1499.562508 -799.352872 -1373.618187 -799.174813 -649.965491 -1002.251584 -799.593811 -799.945626 -798.463764 -800.034040 -920.231915 -1543.632375 -614.096911 -1535.237477 -1141.921870 -1048.649322 -1834.337340 -1901.947783 -1031.984226 -9999.0
-9999.0 -9999.0 -9999.0 -9999.0 -9999.0 -9999.0 -9999.0 -9999.0 -9999.0 -9999.0 -9999.0 -432.746377 -1520.012872 -799.253207 -1147.734455 -1144.682911 -1356.425815 -474.682841 -248.836310 -229.731678 -719.557371 -442.250145 -1209.642384 -590.186935 -1144.607320 -882.496481 -491.167827 -799.079308 -799.607523 -800.206151 -1470.878646 -1481.646648 -500.173359 -798.348653 -799.043728 -798.469609 -798.973226 -1148.707768 -285.666322 -679.517581 -768.290518 -1335.015243 -1140.287002 -3931.775747 -284.017370 -799.760826 -799.694434 -800.036526 -800.162304 -1288.462744 -801.972583 -799.011068 -1574.892076 -799.652895 -799.733160 -798.815862 -798.445991 -9999.0
-9999.0 -9999.0 -9999.0 -9999.0 -9999.0 -9999.0 -9999.0 -9999.0 -9999.0 -9999.0 -920.130029 -1180.856327 -783.860345 -1415.015435 -586.667243 -1105.833041 -1525.039567 -1315.077055 -506.669809 -337.393036 -496.350838 -945.492178 -578.091074 -518.197402 -895.470096 -713.604567 -840.647192 -804.555827 -796.443007 -365.580585 -1029.391710 -1693.780928 -799.479006 -799.109751 -798.680089 -798.884616 -689.936086 -1701.935421 -1266.374453 -1378.858065 -688.742884 -897.989178 -799.030441 -250.420182 -970.894040 -800.136016 -799.687519 -985.496041 -801.694933 -1205.700293 -831.723249 -798.889685 -799.561762 -798.892879 -799.149296 -354.354078 -344.418681 -9999.0
-9999.0 -9999.0 -9999.0 -9999.0 -9999.0 -9999.0 -9999.0 -9999.0 -9999.0 -799.172048 -796.832231 -719.622535 -996.733890 -1234.672843 -998.691367 -1559.029667 -1676.388133 -612.447001 -530.302070 -230.774327 -604.288566 -1392.966845 -431.608951 -581.984734 -771.322758 -817.275665 -1512.276637 -303.046924 -469.496997 -937.687484 -1415.575076 -818.115597 -798.557500 -798.593892 -798.671600 -798.456028 -799.567723 -1725.454713 -1718.773969 -1586.941775 -1396.224956 -1719.429677 -821.406020 -659.444858 -424.443573 -633.720722 -149.366981 -2153.449227 -1274.993731 -373.522158 -1095.975399 -798.518540 -798.911470 -799.033206 -798.717819 -851.742149 -723.528079 -800.408031
-9999.0 -9999.0 -9999.0 -9999.0 -9999.0 -9999.0 -9999.0 -9999.0 -9999.0 -798.957613 -799.008047 -799.540704 -244.058042 -1278.515854 -1277.373917 -1158.194419 -371.379910 -1475.708162 -391.143767 -600.519980 -572.231944 -211.243041 -691.762827 -817.074543 -818.567786 -1069.557821 -1350.639395 -951.636326 -229.321226 -412.013356 -857.699909 -827.015212 -799.257982 -798.181771 -799.491730 -800.358972 -799.861587 -800.151196 -799.223555 -799.587584 -427.973063 -804.214820 -1188.678701 -1388.103529 -225.745816 -218.872633 -181.709369 -279.131213 -318.056558 -964.791998 -823.923692 -903.958890 -798.957388 -799.113334 -799.106700 -1103.361026 -617.687885 -912.758403
-9999.0 -9999.0 -9999.0 -9999.0 -9999.0 -9999.0 -9999.0 -9999.0 -9999.0 -9999.0 -799.245659 -799.515595 -1420.304744 -283.830863 -686.033927 -1065.924140 -951.744891 -254.752077 -750.659336 -290.263177 -627.632581 -344.153246 -882.072088 -388.709584 -1019.936508 -1237.015936 -235.476356 -200.898205 -854.144628 -1632.334252 -805.437353 -447.626301 -804.493289 -799.232344 -799.710953 -484.856744 -1362.505420 -1537.615946 -798.670413 -799.218661 -799.115488 -1506.464908 -1512.571009 -866.814292 -848.817283 -1558.755878 -357.463853 -270.539891 -255.716537 -319.737175 -850.228730 -941.090814 -798.389515 -798.970557 -1818.607218 -799.116568 -1733.553287 -365.667961
-9999.0 -9999.0 -9999.0 -9999.0 -9999.0 -9999.0 -9999.0 -9999.0 -9999.0 -9999.0 -799.497985 -799.506135 -1644.449331 -1093.665516 -440.195314 -313.946320 -1449.485575 -504.916529 -263.970165 -258.036916 -302.205765 -587.883358 -605.302078 -1449.691271 -1305.210522 -211.280234 -243.232128 -768.611258 -1847.827265 -802.521437 -798.942147 -1759.858416 -812.326338 -799.122691 -799.209153 -1423.624895 -1543.843141 -1460.962237 -972.947846 -798.949432 -800.024079 -799.282493 -1762.521638 -798.922853 -522.710860 -825.286944 -1573.619767 -863.704173 -241.611814 -218.329118 -325.844621 -994.011158 -1562.937323 -798.308204 -798.909103 -798.831890 -798.968956 -525.523613
-9999.0 -9999.0 -9999.0 -9999.0 -9999.0 -9999.0 -9999.0 -9999.0 -1042.278361 -393.144388 -799.632668 -1693.642130 -1514.750631 -1456.278384 -1296.511782 -309.992660 -305.540684 -189.946071 -286.065616 -293.891491 -261.493559 -841.210929 -663.903582 -646.336701 -466.671233 -246.770546 -305.965931 -1777.951787 -1774.657123 -815.284341 -798.710484 -798.937955 -798.988963 -799.335811 -799.975985 -799.186216 -799.715090 -1481.805046 -813.374481 -798.315525 -798.853768 -1444.400127 -800.943923 -798.735110 -800.265564 -1217.592508 -806.276150 -1354.499696 -354.420404 953.933279 -242.950381 -933.611856 -1212.384928 -817.238506 -799.811208 -421.438635 -800.257150 -368.049126
-9999.0 -9999.0 -9999.0 -9999.0 -9999.0 -9999.0 -9999.0 -9999.0 -831.409122 -1461.964419 -1083.094612 -799.004513 -799.497952 -1273.123695 -971.404032 -472.938624 -351.755894 -511.003953 -348.441992 -327.419207 -347.060537 -297.459701 -247.469960 -343.976110 -930.026485 -256.493170 -257.393770 -1523.674737 -804.110717 -799.735400 -799.950772 -800.009098 -799.753950 -798.219591 -1539.258077 -1530.489403 -739.330651 -1507.945518 -1031.778466 -799.702595 -799.042169 -798.859277 -798.807195 -799.726417 -1524.912249 -1765.215059 -801.127623 -799.019276 -893.903377 -206.800939 -181.151963 -1467.908242 -1656.283299 -205.479079 -795.701299 -1132.726832 -1075.337296 -250.438462
-9999.0 -9999.0 -9999.0 -9999.0 -9999.0 -9999.0 -9999.0 -9999.0 -798.786492 -799.619782 -650.642979 -950.288759 -1609.137769 -822.579981 -789.616732 -653.570194 -378.180724 -351.306861 -690.586345 -305.325542 -544.457812 -316.478975 -292.454330 -252.492797 -274.979043 -577.926294 -208.360372 -1778.547234 -837.464740 -799.628559 -800.007147 -1525.185045 -1624.159173 -952.677728 -1160.987256 -402.574265 -947.177744 -379.887340 -848.553808 -912.347232 -797.994146 -798.293224 -1223.715031 -1692.163468 -1742.861414 -1447.031306 -800.169998 -756.808416 -1835.290791 -290.080541 790.204114 -227.209034 -886.252824 -854.624352 -235.162574 -225.651248 -186.922992 -186.994848
-9999.0 -9999.0 -9999.0 -9999.0 -9999.0 -9999.0 -9999.0 -9999.0 -798.712099 -799.645643 -713.500836 -947.819521 -703.732923 -741.118022 -1054.705335 -200.836666 -370.099466 -392.863427 -248.509642 -280.283729 -351.096721 475.062257 631.421374 -319.284895 -527.594924 -250.154682 -837.454406 -533.833870 -667.913801 -428.309926 -1265.807053 -1280.270284 -6871.172334 -1078.046298 -998.087447 -687.362029 -693.319324 -245.929352 -871.818520 -966.539334 -799.701060 -774.069776 -618.027190 -799.276308 -978.828364 -800.198058 -707.224264 -799.767517 -439.650681 -1299.621936 -226.292553 -155.236256 -203.515721 -130.363386 -186.378396 -164.057141 -201.560877 646.233743
-9999.0 -9999.0 -9999.0 -9999.0 -9999.0 -9999.0 -9999.0 -9999.0 -1596.540505 -1604.800965 -740.948683 -386.269909 -236.472950 -215.511567 -243.363467 -285.759780 -316.189464 -469.455079 -375.030073 -526.797264 -249.744046 669.626498 627.949177 -295.012366 -226.761925 -254.264343 -1079.325229 -883.242221 -607.037518 -528.586991 -446.102520 -513.506710 -244.818384 -706.998083 -1273.879166 -1135.320610 -647.383833 -250.437659 -350.715886 -1502.290774 -1158.049413 -1268.357748 -686.639077 -1663.971463 -1061.071214 -549.680283 -1391.841869 -402.877669 -647.461409 -251.704226 -216.138596 -185.917777 -156.819539 -175.482459 -167.679600 606.241282 -103.409523 -103.233723
-9999.0 -9999.0 -799.378738 -1607.539541 -1649.843982 -1472.573569 -1385.143519 -1447.354488 -1431.170666 -1578.786708 -1699.330965 -284.411844 -226.499379 -249.082384 -212.624476 -332.165789 -386.640218 -1638.372123 -1596.978779 -247.008579 -500.449401 -293.502454 711.774332 790.915292 -282.955603 -341.927472 -302.025202 -381.566828 -219.073344 -242.203111 -1029.915421 -499.775208 -136.085492 -218.161655 -235.109628 -216.186196 -228.831992 -245.447245 -257.523942 -346.187045 -485.018202 -301.998437 -328.471768 -249.565051 -436.814054 -573.945081 -214.618531 705.343992 -289.186409 -202.280329 -194.327105 592.713947 -100.097054 188.444832 227.450445 559.032467 674.097637 605.597552
