user2019/resources/simulation/Vinschgau/output-maps/psiL0002N0784.asc
ncols         63
nrows         48
xllcorner     598000.000000
yllcorner     5145000.000000
cellsize      1000.000000
NODATA_value  -9999.0
[rows 0 to 25 of 48, columns 0 to 56 of 63]
-9999.0 -9999.0 -9999.0 -9999.0 -9999.0 -9999.0 -9999.0 -9999.0 -9999.0 -9999.0 -9999.0 -9999.0 -9999.0 -9999.0 -9999.0 -9999.0 -9999.0 -9999.0 -9999.0 -9999.0 -9999.0 -9999.0 -9999.0 -9999.0 -9999.0 -9999.0 -9999.0 -9999.0 -9999.0 -9999.0 -9999.0 -9999.0 -9999.0 -9999.0 -9999.0 -9999.0 -9999.0 -9999.0 -9999.0 -9999.0 -9999.0 -9999.0 -9999.0 -9999.0 -9999.0 -9999.0 -9999.0 -9999.0 -9999.0 -9999.0 -9999.0 -9999.0 -9999.0 -9999.0 -9999.0 -9999.0 -9999.0
-9999.0 -9999.0 -9999.0 -9999.0 -9999.0 -9999.0 -9999.0 -9999.0 -9999.0 -9999.0 -9999.0 -9999.0 -9999.0 -9999.0 -9999.0 -9999.0 -9999.0 -9999.0 -9999.0 -9999.0 -9999.0 -9999.0 -9999.0 -9999.0 -9999.0 -9999.0 -9999.0 51214.345131 213939.818638 217447.326783 206513.987871 240443.674522 222194.410021 -9999.0 -9999.0 -9999.0 -9999.0 -9999.0 -9999.0 -9999.0 -9999.0 -9999.0 -9999.0 -9999.0 -9999.0 -9999.0 -9999.0 -9999.0 -9999.0 -9999.0 -9999.0 -9999.0 -9999.0 -9999.0 -9999.0 -9999.0 -9999.0
-9999.0 -9999.0 -9999.0 -9999.0 -9999.0 -9999.0 -9999.0 -9999.0 -9999.0 -9999.0 -9999.0 -9999.0 -9999.0 -9999.0 -9999.0 -9999.0 -9999.0 -9999.0 -9999.0 -9999.0 -9999.0 -9999.0 -9999.0 -9999.0 158401.247584 134310.665922 106519.841970 144065.228019 148642.014313 169341.623656 238428.720602 -9999.0 -9999.0 -9999.0 -9999.0 -9999.0 -9999.0 -9999.0 -9999.0 -9999.0 -9999.0 -9999.0 -9999.0 -9999.0 -9999.0 -9999.0 -9999.0 -9999.0 -9999.0 -9999.0 -9999.0 -9999.0 -9999.0 -9999.0 -9999.0 -9999.0 -9999.0
-9999.0 -9999.0 -9999.0 -9999.0 -9999.0 -9999.0 -9999.0 -9999.0 -9999.0 -9999.0 -9999.0 -9999.0 -9999.0 -9999.0 -9999.0 -9999.0 -9999.0 -9999.0 -9999.0 -9999.0 -9999.0 -9999.0 -9999.0 132133.462278 54796.189114 -722.380530 -541.338306 -908.228658 -235.479392 119606.423700 228897.366335 236732.879266 -9999.0 -9999.0 -9999.0 -9999.0 -9999.0 -9999.0 -9999.0 -9999.0 -9999.0 -9999.0 -9999.0 -9999.0 -9999.0 -9999.0 -9999.0 -9999.0 -9999.0 -9999.0 -9999.0 -9999.0 -9999.0 -9999.0 -9999.0 -9999.0 -9999.0
-9999.0 -9999.0 -9999.0 -9999.0 -9999.0 -9999.0 -9999.0 -9999.0 -9999.0 -9999.0 -9999.0 -9999.0 -9999.0 -9999.0 -9999.0 -9999.0 -9999.0 -9999.0 -262.077481 77185.776036 -9999.0 113803.476579 63241.064257 -715.415556 -467.346104 -1353.207577 -381.028701 -176.760226 13.635066 5900.560667 159589.486312 229776.566256 46490.339929 43268.508856 -9999.0 -9999.0 -9999.0 -9999.0 -9999.0 -9999.0 -9999.0 -9999.0 -9999.0 -9999.0 -9999.0 -9999.0 -9999.0 -9999.0 -9999.0 -9999.0 -9999.0 -9999.0 -9999.0 -9999.0 -9999.0 -9999.0 -9999.0
-9999.0 -9999.0 -9999.0 -9999.0 -9999.0 -9999.0 -9999.0 -9999.0 -9999.0 -9999.0 -9999.0 -9999.0 -9999.0 -9999.0 -9999.0 -9999.0 -9999.0 -2006.795320 -728.103242 -95.446230 17122.753448 54732.488015 10977.368081 890.129462 -462.603547 1776.144953 269316.040383 80381.476168 212510.581881 404.226998 -197.306050 -230.713702 -115.545551 -96.383125 -60.671648 -39.701856 -9999.0 -9999.0 -9999.0 -9999.0 -9999.0 -9999.0 -9999.0 -9999.0 -9999.0 -9999.0 -9999.0 -9999.0 -9999.0 -9999.0 -9999.0 -9999.0 -9999.0 -9999.0 -9999.0 -9999.0 -9999.0
-9999.0 -9999.0 -9999.0 -9999.0 -9999.0 -9999.0 -9999.0 -9999.0 -9999.0 -9999.0 -9999.0 -9999.0 -9999.0 30939.154140 -252.171836 -884.114306 -2351.592449 -4350.158798 -1860.761717 -787.390835 -477.648062 -562.666583 -564.527491 -407.472912 9254.946360 82467.270190 52524.973291 110202.360252 183792.473591 60721.806087 98678.081426 126592.431766 144224.941322 149795.239953 159315.135413 48905.036140 -9999.0 -9999.0 -9999.0 -9999.0 -9999.0 -9999.0 -9999.0 -9999.0 -9999.0 -9999.0 -9999.0 -9999.0 -9999.0 -9999.0 -9999.0 -9999.0 -9999.0 -9999.0 -9999.0 -9999.0 -9999.0
-9999.0 -9999.0 -9999.0 -9999.0 -9999.0 -9999.0 -9999.0 -9999.0 -9999.0 -9999.0 -9999.0 -9999.0 -9999.0 7015.382056 -461.659275 -1063.193606 -2021.190665 -349.767601 -4928.369956 -781.004987 -1358.306341 -385.596325 -438.581496 -334.097278 1435.722666 58707.908760 201402.731126 183200.106806 81849.113443 242717.617367 240738.679139 189227.433118 105052.006343 -46.700416 -39.904515 -9999.0 -9999.0 -9999.0 -9999.0 -9999.0 -9999.0 -9999.0 -9999.0 -9999.0 -9999.0 -9999.0 -9999.0 -9999.0 -9999.0 -9999.0 -9999.0 -9999.0 -9999.0 -9999.0 -9999.0 -9999.0 -9999.0
-9999.0 -9999.0 -9999.0 -9999.0 -9999.0 -9999.0 -9999.0 -9999.0 -9999.0 -9999.0 -9999.0 -9999.0 -9999.0 -548.101333 671.518134 -694.535780 -1224.402073 -1808.610163 -5403.714634 -1869.217030 -270.693609 -72.412829 1559.849206 127250.815360 967.062813 8024.368700 8288.330305 69646.347609 241194.124628 -42.720157 65485.327862 -21.841084 -38.171961 -24.857700 -3.126308 -9999.0 -9999.0 -9999.0 -9999.0 -9999.0 -9999.0 -9999.0 -9999.0 -9999.0 -9999.0 -9999.0 -9999.0 -9999.0 -9999.0 -9999.0 -9999.0 -9999.0 -9999.0 -9999.0 -9999.0 -9999.0 -9999.0
-9999.0 -9999.0 -9999.0 -9999.0 -9999.0 -9999.0 -9999.0 -9999.0 -9999.0 -9999.0 -9999.0 -9999.0 -318.854940 6540.324990 -397.444843 -287.073476 -439.807563 -843.396359 -469.717571 -106.594737 -496.519508 62215.049946 80729.589595 141978.197141 189160.265532 233745.999501 183463.111639 249840.811673 215172.704891 214432.676603 1684.616019 28697.621542 43146.617096 47909.488036 -9999.0 -9999.0 -9999.0 -9999.0 -9999.0 -9999.0 -9999.0 -9999.0 -9999.0 -9999.0 -9999.0 -9999.0 -9999.0 -9999.0 -9999.0 -9999.0 -9999.0 -9999.0 -9999.0 -9999.0 -9999.0 -9999.0 -9999.0
-9999.0 -9999.0 -9999.0 -9999.0 -9999.0 -9999.0 -9999.0 -9999.0 -9999.0 -9999.0 -9999.0 45476.346034 17.714415 330.004662 -339.048268 3915.807863 -38.102974 -681.203070 15.122719 18.940407 -618.546292 -238.005479 105660.235807 208438.060553 -71.001774 215682.616453 18495.932376 195406.330770 151439.347312 74522.360674 56765.808807 50180.884075 64325.807624 48011.178323 45595.277534 52463.562998 232545.353515 227488.177963 237129.615977 -9999.0 -9999.0 -9999.0 40548.696333 -9999.0 -9999.0 -9999.0 -9999.0 -9999.0 -9999.0 -9999.0 -9999.0 -9999.0 -9999.0 -9999.0 -9999.0 -9999.0 -9999.0
-9999.0 -9999.0 -9999.0 -9999.0 -9999.0 -9999.0 -9999.0 -9999.0 -9999.0 -9999.0 -9999.0 72152.753568 -167.122653 23.113664 -388.847379 15875.087874 -539.942156 -937.105863 -405.698906 -192.680468 -128.897240 10212.122597 121051.893006 269177.283093 266016.969530 216069.484164 230847.909843 212259.956125 252070.627975 71339.671398 106416.537233 103834.675004 242647.880253 217574.675873 229724.486621 216776.955578 152599.396631 -1436.745784 -393.119620 69011.066639 70685.979706 65171.992734 112322.149655 63798.177266 -9999.0 -9999.0 -9999.0 206952.694922 205700.371891 134849.634829 227380.057112 61961.736146 65199.700454 210316.305168 212485.219277 102460.643164 -9999.0
-9999.0 -9999.0 -9999.0 -9999.0 -9999.0 -9999.0 -9999.0 -9999.0 -9999.0 -9999.0 -9999.0 18806.959855 44493.298681 119069.347190 4251.417335 5249.551565 61.389711 -408.987362 -295.171479 -411.327230 -329.913758 11021.257233 274473.578868 171983.761849 229496.821179 65483.195968 288497.422786 288699.657667 71734.413027 232318.279635 96441.127234 286629.620574 95082.889059 236747.104658 81171.901623 65353.617480 287515.534502 219656.152802 -1433.520159 23903.328039 207808.377686 248977.508228 214473.009741 242537.465077 241178.219623 -9999.0 67151.062569 169556.263505 157542.183641 146734.002105 156112.953938 168904.835817 169353.098189 184316.459633 193561.864263 174597.896276 -9999.0
-9999.0 -9999.0 -9999.0 -9999.0 -9999.0 -9999.0 -9999.0 -9999.0 -9999.0 -9999.0 -9999.0 -9999.0 86493.558210 249375.815732 7130.104008 6968.731399 73.186953 -560.283342 17.388913 -309.575989 -394.217320 4521.103857 21688.642265 137323.079076 290042.188835 289600.644206 -165.354694 180477.002499 163076.263854 54188.604308 227559.499320 288393.668304 228926.276909 214693.634680 215369.046189 221187.210888 274442.851926 -485.781753 -1507.529129 -1104.117649 -1305.919328 49603.464210 211020.676980 131583.070761 51481.784657 212362.226029 52356.526393 199028.374557 209613.948986 206228.258844 145423.233461 173937.213564 173658.525568 174538.543847 176086.698012 196590.060038 198163.844617
-9999.0 -9999.0 -9999.0 -9999.0 -9999.0 -9999.0 -9999.0 -9999.0 -9999.0 -9999.0 -9999.0 192583.023569 148036.780099 63823.268157 194355.333348 35110.325542 1139.661061 -295.610790 14.470940 -586.268682 -405.653507 907.105142 9153.108668 276155.214630 282549.701530 278893.351452 285098.669515 248688.340954 234898.279908 93464.870439 286618.500435 286646.581689 55403.596929 216040.075949 229693.367465 219450.242263 240349.751617 -407.871878 -1373.589304 -1259.307475 -301.682998 -172.819091 151939.942228 -28.869265 55931.588430 242039.963839 223779.843841 136729.267122 127832.689919 97714.332765 48226.615312 248242.732618 67988.984135 -25.739155 -25.909839 -24.894688 -26.662093
-9999.0 -9999.0 -9999.0 -9999.0 -9999.0 -9999.0 -9999.0 -9999.0 -9999.0 -9999.0 6847.176909 131344.877072 96537.235606 88237.035825 24648.603709 117241.917710 128809.992240 787.521128 -1035.815467 -539.571460 18.512116 19.964883 387487.752187 38135.941765 56125.934595 177458.076362 278518.171831 47968.532997 208130.683893 130298.282395 99785.551472 96446.533124 183151.920569 195392.279441 73548.053970 75574.998475 191279.171475 98790.275336 245904.298411 2161.976019 2202.413469 -83.246280 -22.804222 19.113809 172713.234051 65841.140885 198596.318448 245910.206918 246511.156569 64889.386655 42923.826933 74990.345565 -14.607067 -19.942101 -13.009338 46546.189682 42540.237862
-9999.0 -9999.0 -9999.0 -9999.0 -9999.0 -9999.0 -9999.0 -9999.0 -9999.0 209293.137714 178810.819965 44307.211507 44412.657362 236377.005213 261695.952944 249935.207744 160664.785220 2293.366396 -680.134480 -1117.512681 13.706178 -442.793667 522.356365 969.062993 3459.762559 412652.423587 305509.356184 105983.597515 236612.049984 136100.867224 4468.166467 303468.884147 84460.024089 -24.966033 48862.901983 63438.747374 58346.861238 299555.362351 241277.488601 236720.726960 241660.964335 376623.191537 394669.810340 -391.743195 -189.235956 103038.767820 14545.202667 232464.845856 233735.623235 2337.755968 -163.636827 13218.371707 -12.166183 55361.444979 51662.015203 -148.950830 -162.906157
-9999.0 -9999.0 -9999.0 -9999.0 -9999.0 -9999.0 -9999.0 -9999.0 -9999.0 53570.750431 49937.201111 160523.108387 17246.917336 30575.377323 154102.888364 234161.221683 26662.854125 650.887374 -743.053639 -512.070523 -412.919226 -578.526493 -229.099685 5369.554347 415425.931236 295211.231282 216338.144699 57555.561600 1291.922456 5111.044815 48708.759508 200216.171802 71326.960428 229720.466250 209887.081989 74244.029008 73656.221455 54851.372787 233861.832255 208131.625930 150432.651767 303561.163656 197580.325095 386.756271 -338.501597 -308.629466 -237.154100 2100.894211 34328.895322 2655.531391 381261.906032 246189.455129 80287.443620 185809.329437 182525.044125 242572.756049 241287.421488
-9999.0 -9999.0 -9999.0 -9999.0 -9999.0 -9999.0 -9999.0 -9999.0 -9999.0 -9999.0 242223.434324 204965.282860 235102.457370 234192.330959 9933.925604 127846.802527 36171.930858 -308.928059 -760.256350 -554.456059 -237.768698 -560.937851 9912.709891 374203.616183 273124.117039 100214.219587 3387.795605 79.740976 56218.334449 354825.414833 348504.741207 348739.883457 248311.871263 183444.759190 161379.079244 152993.594610 94621.658882 95788.255651 79507.852256 169228.461898 261829.266538 121570.905175 56818.476374 150551.780262 2748.017666 1125.910486 -189.796035 -191.281834 -254.402350 3272.725615 259081.284510 234930.619870 33477.360530 34786.851401 137945.765046 155924.140392 136626.583851
-9999.0 -9999.0 -9999.0 -9999.0 -9999.0 -9999.0 -9999.0 -9999.0 -9999.0 -9999.0 152914.654627 182025.839419 135375.395191 142015.872668 12.555314 584.741241 1251.489650 -714.514739 -826.109029 -1309.402060 -1754.864714 -670.541325 41774.247111 142187.221023 99775.688451 462.669008 13.725778 2945.228830 247831.064032 274024.502553 204045.558001 182744.743541 243007.587898 240828.123698 251140.557190 188915.626917 271178.309800 270621.862438 275564.529166 250926.545642 237234.880976 222460.665183 274266.616768 191014.685258 101787.017621 379404.179380 104159.434638 2588.576655 16.267844 13.671353 23200.639892 111990.219873 120905.031994 116347.031138 49567.828656 47389.427546 241609.925697
-9999.0 -9999.0 -9999.0 -9999.0 -9999.0 -9999.0 -9999.0 -9999.0 196336.118875 228514.865001 242798.502854 208931.360124 269546.982756 270002.458574 266056.088679 -251.379439 -833.364443 -590.626652 -688.695277 -1986.480577 -2323.377990 -1015.158522 -831.558241 -527.548621 2019.441688 -226.952238 13.281127 292290.820972 264475.522817 248767.094859 -23.723893 75030.323744 178309.719546 242602.078214 215809.151448 251587.393733 35900.950776 248449.403619 406539.561144 66181.675088 77681.329738 53888.793183 188330.885203 89815.213537 50389.230884 33347.456549 403740.450565 298428.274390 1227.040312 13.176427 7134.351173 19226.860809 87569.590655 156559.139366 55584.717924 209991.762662 57797.345584
-9999.0 -9999.0 -9999.0 -9999.0 -9999.0 -9999.0 -9999.0 -9999.0 -43.656404 -154.195229 235364.874556 244964.226750 231834.506631 232483.194488 410021.457354 1138.161069 -519.625740 -621.874139 -1310.813551 -1961.445960 -430.786884 -535.470158 -550.313782 -513.582002 -853.083729 -342.794151 18.826865 65218.733197 56993.580472 226065.544293 228321.136941 43305.644250 54482.162437 48180.577705 58032.827148 154629.782067 44295.256816 61194.082694 210354.328337 205376.726170 237703.188597 1855.174756 67374.313121 191004.115505 135977.684720 215314.346873 77319.212544 219953.964423 211109.468350 14.829133 12.729758 143864.066322 207641.334016 229004.300020 215379.804652 56246.725024 274876.131422
-9999.0 -9999.0 -9999.0 -9999.0 -9999.0 -9999.0 -9999.0 -9999.0 243673.498284 190635.298608 196293.061104 262714.660235 210796.273095 70684.647841 258870.777806 406125.074586 467.412936 -494.727170 -1771.481345 -535.235575 -2025.662381 -771.835850 -605.546421 -1396.753770 -521.236447 -475.662648 265.825561 395908.395306 59788.541234 186171.187541 37766.179341 42983.723413 202599.813548 253331.615251 102738.894797 57306.180580 230368.541312 13.337457 95768.902696 190616.687569 165479.617467 44380.813084 166754.776189 151196.902701 185219.034556 173613.614180 60605.349508 225552.235343 291294.825857 3944.217793 -156.794171 10544.490737 343940.505622 408649.357442 307502.288886 282307.074885 128.554660
-9999.0 -9999.0 -9999.0 -9999.0 -9999.0 -9999.0 -9999.0 -9999.0 85838.663509 206583.804259 -60.598772 61484.507518 197706.920346 148782.510679 304523.550212 376.667323 -735.787149 -1377.291632 -414.504831 -2197.939846 -1598.414448 -1597.980874 -747.048093 -1499.591828 -1024.731182 -416.743654 239653.972180 424776.948093 108128.536430 383789.078639 300110.180757 304684.925001 217532.427339 204918.370985 311084.593182 40907.259518 381.018031 -451.576498 62.941078 137633.884231 136517.224101 126110.219637 165251.597436 47158.050628 190935.947538 62890.500798 208301.776791 69999.892351 197775.907137 261934.959076 2759.351645 -127.511997 5878.777810 168722.389086 11092.130221 24.204093 25.159732
-9999.0 -9999.0 -9999.0 -9999.0 -9999.0 -9999.0 -9999.0 -9999.0 241785.792602 225886.067799 -34.123135 399322.555442 392637.688066 393154.607100 4828.182327 20.635906 13.019251 -465.089585 -425.742927 -604.028209 -1634.349848 -1072.063362 -1450.211992 -1470.585975 -450.613555 569.947664 413661.932987 104795.274191 5865.296098 -138.288082 361211.461613 36194.830016 27.585899 1307.309552 2415.088954 -245.779750 -282.175830 -509.380644 -326.449900 16.012354 2438.717132 2825.022828 1733.256760 20859.194019 255097.926854 55246.737489 195335.238130 249245.106462 169774.149582 4804.343243 -230.549611 -486.591265 -280.179782 -277.081270 135.574799 123.542872 15.102871
-9999.0 -9999.0 219417.972722 179110.137642 -77.433154 295688.078187 282601.539757 280800.983211 225613.081956 230429.795488 289440.883509 289473.556778 287579.395021 91764.818446 14.575910 12.451431 11788.229537 428612.548615 232280.667709 828.719530 -632.157358 -680.510638 14.295312 -2581.370396 -1096.960603 -662.422486 822.774765 465.640309 -281.172691 17.586209 5263.286226 -141.138302 44.746146 -246.091169 -205.117391 -484.971454 -370.877240 -620.491616 -454.448854 -413.996793 -306.645168 -208.939028 -116.844801 -98.437375 1159.414496 2659.992727 15.739936 12.468969 -159.368898 -326.242993 -427.692927 -561.345854 14.867689 15.176659 15.406441 15.550825 29.441619
