user2019/resources/simulation/Vinschgau/output-maps/psiL0007N1195.asc
ncols         63
nrows         48
xllcorner     598000.000000
yllcorner     5145000.000000
cellsize      1000.000000
NODATA_value  -9999.0
[rows 0 to 25 of 48, columns 0 to 57 of 63]
-9999.0 -9999.0 -9999.0 -9999.0 -9999.0 -9999.0 -9999.0 -9999.0 -9999.0 -9999.0 -9999.0 -9999.0 -9999.0 -9999.0 -9999.0 -9999.0 -9999.0 -9999.0 -9999.0 -9999.0 -9999.0 -9999.0 -9999.0 -9999.0 -9999.0 -9999.0 -9999.0 -9999.0 -9999.0 -9999.0 -9999.0 -9999.0 -9999.0 -9999.0 -9999.0 -9999.0 -9999.0 -9999.0 -9999.0 -9999.0 -9999.0 -9999.0 -9999.0 -9999.0 -9999.0 -9999.0 -9999.0 -9999.0 -9999.0 -9999.0 -9999.0 -9999.0 -9999.0 -9999.0 -9999.0 -9999.0 -9999.0 -9999.0
-9999.0 -9999.0 -9999.0 -9999.0 -9999.0 -9999.0 -9999.0 -9999.0 -9999.0 -9999.0 -9999.0 -9999.0 -9999.0 -9999.0 -9999.0 -9999.0 -9999.0 -9999.0 -9999.0 -9999.0 -9999.0 -9999.0 -9999.0 -9999.0 -9999.0 -9999.0 -9999.0 -568.248669 -135.265103 -566.512959 -127.851464 -373.971845 -60.742530 -9999.0 -9999.0 -9999.0 -9999.0 -9999.0 -9999.0 -9999.0 -9999.0 -9999.0 -9999.0 -9999.0 -9999.0 -9999.0 -9999.0 -9999.0 -9999.0 -9999.0 -9999.0 -9999.0 -9999.0 -9999.0 -9999.0 -9999.0 -9999.0 -9999.0
-9999.0 -9999.0 -9999.0 -9999.0 -9999.0 -9999.0 -9999.0 -9999.0 -9999.0 -9999.0 -9999.0 -9999.0 -9999.0 -9999.0 -9999.0 -9999.0 -9999.0 -9999.0 -9999.0 -9999.0 -9999.0 -9999.0 -9999.0 -9999.0 -37.335368 -41.953090 -36.185640 -33.100505 -26.631778 -86.067194 -155.653578 -9999.0 -9999.0 -9999.0 -9999.0 -9999.0 -9999.0 -9999.0 -9999.0 -9999.0 -9999.0 -9999.0 -9999.0 -9999.0 -9999.0 -9999.0 -9999.0 -9999.0 -9999.0 -9999.0 -9999.0 -9999.0 -9999.0 -9999.0 -9999.0 -9999.0 -9999.0 -9999.0
-9999.0 -9999.0 -9999.0 -9999.0 -9999.0 -9999.0 -9999.0 -9999.0 -9999.0 -9999.0 -9999.0 -9999.0 -9999.0 -9999.0 -9999.0 -9999.0 -9999.0 -9999.0 -9999.0 -9999.0 -9999.0 -9999.0 -9999.0 -44.322470 -36.400212 -732.702973 -1213.079122 -37117.174675 -36458.603640 -154.475022 -146.713363 -157.845082 -9999.0 -9999.0 -9999.0 -9999.0 -9999.0 -9999.0 -9999.0 -9999.0 -9999.0 -9999.0 -9999.0 -9999.0 -9999.0 -9999.0 -9999.0 -9999.0 -9999.0 -9999.0 -9999.0 -9999.0 -9999.0 -9999.0 -9999.0 -9999.0 -9999.0 -9999.0
-9999.0 -9999.0 -9999.0 -9999.0 -9999.0 -9999.0 -9999.0 -9999.0 -9999.0 -9999.0 -9999.0 -9999.0 -9999.0 -9999.0 -9999.0 -9999.0 -9999.0 -9999.0 -321.469880 -51.064388 -9999.0 -39.107628 -36.953363 -33724.767423 -590.667913 -34264.200461 -322.878634 -346.032602 -279.535355 -423.115747 -126.357649 -127.496054 -565.179278 -563.703756 -9999.0 -9999.0 -9999.0 -9999.0 -9999.0 -9999.0 -9999.0 -9999.0 -9999.0 -9999.0 -9999.0 -9999.0 -9999.0 -9999.0 -9999.0 -9999.0 -9999.0 -9999.0 -9999.0 -9999.0 -9999.0 -9999.0 -9999.0 -9999.0
-9999.0 -9999.0 -9999.0 -9999.0 -9999.0 -9999.0 -9999.0 -9999.0 -9999.0 -9999.0 -9999.0 -9999.0 -9999.0 -9999.0 -9999.0 -9999.0 -9999.0 -1031.301715 -9833.202191 -35863.115249 -569.260408 -372.701266 -392.145715 -27136.782469 -379.771169 -419.400508 -323.869424 -261.576468 -382.437042 -217.741958 -26.701370 -96.571197 -565.241413 -564.775974 -555.178883 -555.447108 -9999.0 -9999.0 -9999.0 -9999.0 -9999.0 -9999.0 -9999.0 -9999.0 -9999.0 -9999.0 -9999.0 -9999.0 -9999.0 -9999.0 -9999.0 -9999.0 -9999.0 -9999.0 -9999.0 -9999.0 -9999.0 -9999.0
-9999.0 -9999.0 -9999.0 -9999.0 -9999.0 -9999.0 -9999.0 -9999.0 -9999.0 -9999.0 -9999.0 -9999.0 -9999.0 -118.137536 -299.234644 -877.950056 -1260.768328 -591.620524 -1007.938355 -33421.790859 -632.349032 -559.207474 -32400.533469 -115.901542 -280.688943 -44.020631 -22475.071959 -8019.517595 -13309.610627 -292.924888 8154.302639 -28.412054 -112.342497 -136.304217 -556.445046 -555.630006 -9999.0 -9999.0 -9999.0 -9999.0 -9999.0 -9999.0 -9999.0 -9999.0 -9999.0 -9999.0 -9999.0 -9999.0 -9999.0 -9999.0 -9999.0 -9999.0 -9999.0 -9999.0 -9999.0 -9999.0 -9999.0 -9999.0
-9999.0 -9999.0 -9999.0 -9999.0 -9999.0 -9999.0 -9999.0 -9999.0 -9999.0 -9999.0 -9999.0 -9999.0 -9999.0 -53.995326 -759.663204 -1008.943022 -1142.379448 -485.310124 -591.232251 -3382.073044 -145367.628890 -568.834461 -1101.545766 -415.521684 -284.147459 -41237.868329 -171.795429 -557.482828 -556.588707 -6299.999485 -168.392767 -165.117857 -556.977229 -557.666718 -556.645808 -9999.0 -9999.0 -9999.0 -9999.0 -9999.0 -9999.0 -9999.0 -9999.0 -9999.0 -9999.0 -9999.0 -9999.0 -9999.0 -9999.0 -9999.0 -9999.0 -9999.0 -9999.0 -9999.0 -9999.0 -9999.0 -9999.0 -9999.0
-9999.0 -9999.0 -9999.0 -9999.0 -9999.0 -9999.0 -9999.0 -9999.0 -9999.0 -9999.0 -9999.0 -9999.0 -9999.0 -1991.893794 801.862452 -862.203755 -1026.062571 -1079.706922 -590.978477 -1086.549601 -77.740745 -29494.450672 -418.689424 -395.478163 -259.481162 -238.770402 -567.617742 -556.646299 -133.467996 -556.489750 -162.353208 -560.474207 -559.016988 -560.467257 -557.302654 -9999.0 -9999.0 -9999.0 -9999.0 -9999.0 -9999.0 -9999.0 -9999.0 -9999.0 -9999.0 -9999.0 -9999.0 -9999.0 -9999.0 -9999.0 -9999.0 -9999.0 -9999.0 -9999.0 -9999.0 -9999.0 -9999.0 -9999.0
-9999.0 -9999.0 -9999.0 -9999.0 -9999.0 -9999.0 -9999.0 -9999.0 -9999.0 -9999.0 -9999.0 -9999.0 -34450.984959 6685.624977 -722.232226 -267.589659 -662.532026 -913.749160 -536.379584 -38447.226664 -612.472388 -347.314537 -49375.618234 -221.202444 3259.484706 -164.852885 -27.119324 -146.296139 -94.820990 -557.039855 -256.078444 -563.529604 -122.011873 -555.849096 -9999.0 -9999.0 -9999.0 -9999.0 -9999.0 -9999.0 -9999.0 -9999.0 -9999.0 -9999.0 -9999.0 -9999.0 -9999.0 -9999.0 -9999.0 -9999.0 -9999.0 -9999.0 -9999.0 -9999.0 -9999.0 -9999.0 -9999.0 -9999.0
-9999.0 -9999.0 -9999.0 -9999.0 -9999.0 -9999.0 -9999.0 -9999.0 -9999.0 -9999.0 -9999.0 -46.176668 -207.403641 481.456001 -509.066427 -59.979560 -39227.402348 -956.923720 -408.985768 -42452.373536 -150184.710492 -411.616331 -103.484858 -139.975741 -12883.278086 -118.383580 -188.650585 -115.411840 2718.213083 -556.831037 -562.903252 -99.275449 -561.966175 -555.269108 -561.726564 -564.853925 -546.037595 -558.677910 -569.522083 -9999.0 -9999.0 -9999.0 -554.748986 -9999.0 -9999.0 -9999.0 -9999.0 -9999.0 -9999.0 -9999.0 -9999.0 -9999.0 -9999.0 -9999.0 -9999.0 -9999.0 -9999.0 -9999.0
-9999.0 -9999.0 -9999.0 -9999.0 -9999.0 -9999.0 -9999.0 -9999.0 -9999.0 -9999.0 -9999.0 -48.296603 -282.146334 -40472.175398 -1571.617831 -152.691984 -12999.164177 -20669.095699 -478.078309 -504.451228 -69.283905 -85.526923 -33.415100 -130.665970 -105.535302 -132.705805 -127.145408 -98.912165 -566.580956 -556.363307 -111.234523 -71.312762 -153.626595 -138.160760 -305.927777 -293.269791 -410.933808 -535.623272 -550.509457 -564.293960 -563.506419 -561.886069 -149.707911 -557.790170 -9999.0 -9999.0 -9999.0 618.365872 -156.319521 -563.938147 -133.892813 -562.036053 -561.612774 606.966233 677.625068 -555.863468 -9999.0 -9999.0
-9999.0 -9999.0 -9999.0 -9999.0 -9999.0 -9999.0 -9999.0 -9999.0 -9999.0 -9999.0 -9999.0 -34.799693 -54.535527 -18839.237578 -287.644594 -99.265958 -148.039533 -4800.119054 -88.164158 -528.284374 -509.537315 -12737.204582 -149.332273 -31.083126 -140.198277 -567.023932 -139.287022 -14.450198 -557.677142 -153.310555 -556.414149 -2814.859439 -120.191078 -168.293346 -559.832928 -378.075009 -352.563923 -10520.639396 -548.419405 -565.647296 -558.933981 -566.026203 -238.405486 -150.696349 -176.190203 -9999.0 -557.026188 -134.432692 -113.832883 -98.318316 -207.568042 -567.500317 -214.331340 -93.441394 -192.113930 -119.425586 -9999.0 -9999.0
-9999.0 -9999.0 -9999.0 -9999.0 -9999.0 -9999.0 -9999.0 -9999.0 -9999.0 -9999.0 -9999.0 -9999.0 -39.659324 -194.136209 -52.894010 -53.885135 -412.362207 -2842.525861 -460.792984 -512.467228 -736.410741 -15557.174716 -7790.749319 -130.268714 -131.195252 -144.584162 2397.726090 -273.987389 -129.450865 -564.888107 -119.056494 -117.328351 -311.641890 -147.358412 -217.000856 -398.379629 -693.641994 -6615.512118 -298.734988 -569.673448 -404.119150 -569.060932 -7171.810408 -36.068043 -565.320035 -137.023949 -562.556541 -139.644168 -5161.900641 -125.657437 -182.008653 -61.964425 1349.108118 -114.878748 -85.533496 -31.749183 -26.439798 -9999.0
-9999.0 -9999.0 -9999.0 -9999.0 -9999.0 -9999.0 -9999.0 -9999.0 -9999.0 -9999.0 -9999.0 -159.185453 -47.434171 -228.697818 -132.301412 -167.523878 -137.757950 -580.250709 -77.892395 -655.660134 -964.912576 -335.608004 -139.048384 -5942.441382 -148.719272 -111.756828 -151.490131 -153.663645 -164.879902 -565.705216 -144.183649 -98.316990 -86.935247 -134.653477 -192.159106 -253.188951 -559.924404 -10463.944386 -952.883597 -546.853097 -15678.039246 -2803.504293 -280.462265 -17077.545644 -101.382279 -153.212422 -100.655689 -566.560962 -568.074327 -22042.049881 -7905.577376 -155.132337 -100.150291 -6896.342918 -7003.074123 -561.232064 -564.780628 -9999.0
-9999.0 -9999.0 -9999.0 -9999.0 -9999.0 -9999.0 -9999.0 -9999.0 -9999.0 -9999.0 3087.874839 -129.073776 -35.773188 -39.843662 -46.566623 -53.909093 -52.644975 -340.852444 -876.911029 -637.190152 -428.825700 -263.341904 -4101.981089 -40.391042 -161.144964 2843.406400 -3740.585830 -8917.962341 -239.550614 -104.242335 -103.417930 -30.393076 -111.566057 -142.350499 -556.374293 -563.559109 -381.041818 -368.600169 -1895.906494 -198.501163 -9324.548120 -20061.941794 -583.606928 -192.345238 -177.156578 -568.034040 -112.677145 -6711.302207 -127.005081 -140.199541 -8791.276185 -558.834825 -7140.426584 -561.130626 -559.843934 -108.812945 -110.201317 -9999.0
-9999.0 -9999.0 -9999.0 -9999.0 -9999.0 -9999.0 -9999.0 -9999.0 -9999.0 -135.049124 646.443943 -144.674950 -124.499827 -147.980359 -160.228267 -117.599659 -137.021844 -53.868152 -3865.718935 -696.609418 -460.750891 -673.618794 -13006.702167 -251.828552 -132.823593 -3050.474615 -170.979858 -101.331650 -6320.226481 -147.189776 -109.974186 -123781.064563 -557.607997 -556.657856 -556.891343 -556.868113 -121.930394 -278.234726 -311.300344 -237.655614 -368.855936 -268.681608 -3155.345394 -605.476541 -9839.416185 -12809.963274 -81.023836 -7285.932857 -6282.562141 42.543726 -8669.930111 -564.479059 -562.382850 -559.185228 -560.989239 -3955.343104 -86.172601 -565.673793
-9999.0 -9999.0 -9999.0 -9999.0 -9999.0 -9999.0 -9999.0 -9999.0 -9999.0 -208.050833 -131.861402 -121.458057 5104.354129 -165.310336 -177.019870 -157.622219 -42.496602 -148.931665 -6195.760095 -544.350443 -511.189765 -166.273867 -308.017290 -44.777417 -2672.984603 -176.478394 -153.119910 -157.979906 -97.542932 -138.151196 -291.009864 -5109.281904 -120.529566 -145.726780 -109.744552 -565.097280 -566.996507 -568.205120 -237.581812 -111.041965 -141.793492 -2404.110758 -274.480202 -121.193798 -480.623720 -350.835436 -198.143235 -14442.409173 -13034.882394 -136.808764 -140489.706582 -6732.621693 -557.025953 -150.486750 -559.591032 -102.830926 -3387.468864 -105.376981
-9999.0 -9999.0 -9999.0 -9999.0 -9999.0 -9999.0 -9999.0 -9999.0 -9999.0 -9999.0 -135.915069 -107.242129 -113.722282 1990.194758 -12259.160782 -180.633708 -151.803925 -179.865068 -9436.535679 -657.440438 -488.940470 -84375.402439 -246.545849 -2128.828018 -172.670684 -167.696537 -113.243785 -59.449406 -283.592793 -235.406457 -2937.188674 5331.456027 -3378.873037 -145.225274 -98.953095 -78.206366 -55.019563 -37.725911 -567.535967 -144.794704 -195.957848 -34.167326 5159.766929 -3833.997942 -2657.774456 -261.304065 -8273.322768 -322.339552 -23422.879609 -11170.436963 -150364.135657 -8552.574117 -562.712528 -556.696426 -51.529132 -137.670521 -25.322810 10966.088350
-9999.0 -9999.0 -9999.0 -9999.0 -9999.0 -9999.0 -9999.0 -9999.0 -9999.0 -9999.0 -126.604171 -120.546725 -36.625978 -122.281159 -73.260595 -464.328908 -380.934218 -738.424295 -954.970403 -943.202389 -1015.421968 -1286.777261 -316.438444 -220.156531 -187.149618 -77.384818 -195.348209 -270.301521 -286.045349 -2331.703793 -141.018760 -26.954829 -9070.542239 -162.654905 -144.898976 -29.598797 2850.650836 -123.596297 -5893.018178 -157.564921 -118.962719 -569.698236 -103.726824 -135.107387 264.911250 -84903.964823 -119.559816 -2699.219967 -18500.653625 -963.986754 -35565.219692 -5810.734782 -118.347781 -563.673390 -555.095561 -563.399504 -165.057194 -2971.807900
-9999.0 -9999.0 -9999.0 -9999.0 -9999.0 -9999.0 -9999.0 -9999.0 -29.048166 -119.701615 -346.043083 -26.509264 -59.570224 -107.497300 -341.281821 -394.555559 -3498.105935 -163.663180 -663.374882 -1032.016908 -1213.834686 -11212.770072 -7038.734593 -1837.338700 -236.510537 -255.126911 -200.961367 -267.510978 -100.269513 -3993.903647 -557.642039 -129.687906 -124.726037 -143.962434 -115.352874 -187.231540 -102.139504 -118.341035 -3940.073820 -567.171416 -560.610339 -28.704197 -8016.945338 -559.067430 -570.561626 2445.625074 -2806.955241 -104.452826 -3030.257592 -238.731442 -340.236279 -144624.605000 -112.009915 -5422.029000 -563.765654 -202.496447 -566.857093 -35.540577
-9999.0 -9999.0 -9999.0 -9999.0 -9999.0 -9999.0 -9999.0 -9999.0 -314.082262 -119.794723 -6789.496008 -149.175631 -137.271370 -25.638286 -293.066966 -264.046421 -699.903995 -1509.961263 -152679.423161 -1040.572812 -496.463535 -605.532608 -712.579095 -157.542359 -5985.407072 -617.640623 -227.114136 -98.482655 -8372.029359 -123.858612 -128.867787 -567.292820 -104.011271 -567.908230 -25.780545 -32.826975 -62.118865 -116.270373 -5106.115499 -111.280689 -142.821236 -550.392370 -559.062931 -108.397951 2708.038546 -103.090062 -8159.673711 -126.543175 -2423.548702 -268.179721 -145.381619 -113.569213 -337.433286 -104.110391 -221.367359 -9903.096209 -5458.517281 -8091.156399
-9999.0 -9999.0 -9999.0 -9999.0 -9999.0 -9999.0 -9999.0 -9999.0 -140.947881 -13.554521 -380.163202 -5569.130326 -25.712217 -7758.874560 -136.132198 -4384.197002 -522.486983 -514.371045 -16885.660327 -507.782875 -1046.956160 -642.811652 -740.074897 -961.211026 -612.123672 -1331.280172 -229.176900 -296.912512 -9167.388453 -113.248333 -568.025458 -27.741834 -127.594561 -8797.548743 -28.004521 -54.343825 -13626.767018 -452.421042 -3831.429839 -4836.011807 -119.544512 -568.042151 -29.900133 -21.869985 -113.539437 -33.028476 -567.159078 -30.886027 -115.472768 -1502.167312 -354.849160 -258.374734 -6676.745124 -5602.168385 -5169.036751 -96.527980 -7.541894 -73.728593
-9999.0 -9999.0 -9999.0 -9999.0 -9999.0 -9999.0 -9999.0 -9999.0 -555.963565 -110.539775 732.772615 -9532.220765 -25.451953 -119.783801 -142920.449096 -270.449215 -150804.394171 -13180.355595 -512.039537 -1086.606547 -996.560618 -944.573249 -626.782118 -685.856991 -867.186114 -440.620014 -250.925551 -4750.726513 -34.031883 -6851.960466 -6155.482525 -6308.937126 -32454.587255 -105.686763 -20763.038740 -147.724183 -119.038847 -1958.695231 -1710.661107 -10061.825027 -123.802635 -102.322611 -98.768855 -570.249973 -37.176671 -569.037335 -226.102367 -567.922008 -172.762395 -5798.393643 -230.737666 -276.914761 -236.748549 -163.955245 -35.100831 -7.640337 -336.119652 -517.135083
-9999.0 -9999.0 -9999.0 -9999.0 -9999.0 -9999.0 -9999.0 -9999.0 -44.725789 -27.717426 5436.237233 -5280.270146 -5457.339784 -402.582407 -26.456580 -319.735934 -318.113063 -791.762107 -412.580234 -1672.126953 -1022.943579 -833.484006 -940.188620 -976.715649 -161.152588 -456.566560 -386.131556 -164.776316 -154.724809 -125.632607 -2538.612363 -118.146724 -414.642956 -82.183992 -9238.127209 -14506.417487 -24197.315510 -9037.036583 -137404.003358 -75.314892 -7986.414369 -16950.034619 -10093.694924 -18038.907452 -5440.345758 -106.561457 -6453.289289 -5911.259560 -7528.273005 -5967.974387 -8192.815665 -504.193921 -302.654432 -169.481608 -23.568881 -100.134733 -311.134611 -452.212966
-9999.0 -9999.0 -280.687361 -31.411155 -23.815911 -150.279808 -94.695087 -120.483807 -26.708946 -26.155033 -104.660596 1013.707193 -369.381060 -96.293144 -36.592829 308.197206 -2064.145552 -253.956949 -124.275063 -289.930140 -1721.620518 -922.688034 -573.175330 -1144.749764 -875.373660 -1134.867855 -450.710206 -398.424035 -581.449381 -37.279008 -275.508653 -310.645847 -365.252624 -971.303755 -166.141344 -4257.666394 -293.556133 -23542.764084 -152887.395138 -110124.643626 -29519.875466 -29148.662457 -73147.666287 -535.033787 -4578.690069 -10159.386484 -85.971034 -347.903118 -20024.513118 -275.801587 -398.057908 -518.065011 -347.509371 -284.788736 -204.531444 -243.499827 -321.187987 -441.204782
