user2019/resources/simulation/Vinschgau/output-maps/psiL0005N0124.asc
ncols         63
nrows         48
xllcorner     598000.000000
yllcorner     5145000.000000
cellsize      1000.000000
NODATA_value  -9999.0
[rows 0 to 25 of 48, columns 0 to 57 of 63]
-9999.0 -9999.0 -9999.0 -9999.0 -9999.0 -9999.0 -9999.0 -9999.0 -9999.0 -9999.0 -9999.0 -9999.0 -9999.0 -9999.0 -9999.0 -9999.0 -9999.0 -9999.0 -9999.0 -9999.0 -9999.0 -9999.0 -9999.0 -9999.0 -9999.0 -9999.0 -9999.0 -9999.0 -9999.0 -9999.0 -9999.0 -9999.0 -9999.0 -9999.0 -9999.0 -9999.0 -9999.0 -9999.0 -9999.0 -9999.0 -9999.0 -9999.0 -9999.0 -9999.0 -9999.0 -9999.0 -9999.0 -9999.0 -9999.0 -9999.0 -9999.0 -9999.0 -9999.0 -9999.0 -9999.0 -9999.0 -9999.0 -9999.0
-9999.0 -9999.0 -9999.0 -9999.0 -9999.0 -9999.0 -9999.0 -9999.0 -9999.0 -9999.0 -9999.0 -9999.0 -9999.0 -9999.0 -9999.0 -9999.0 -9999.0 -9999.0 -9999.0 -9999.0 -9999.0 -9999.0 -9999.0 -9999.0 -9999.0 -9999.0 -9999.0 -894.946184 -1206.938464 -897.092048 -1355.849534 -896.308888 -896.328388 -9999.0 -9999.0 -9999.0 -9999.0 -9999.0 -9999.0 -9999.0 -9999.0 -9999.0 -9999.0 -9999.0 -9999.0 -9999.0 -9999.0 -9999.0 -9999.0 -9999.0 -9999.0 -9999.0 -9999.0 -9999.0 -9999.0 -9999.0 -9999.0 -9999.0
-9999.0 -9999.0 -9999.0 -9999.0 -9999.0 -9999.0 -9999.0 -9999.0 -9999.0 -9999.0 -9999.0 -9999.0 -9999.0 -9999.0 -9999.0 -9999.0 -9999.0 -9999.0 -9999.0 -9999.0 -9999.0 -9999.0 -9999.0 -9999.0 -761.338233 -730.880946 -628.976222 -698.532119 -663.046610 -1511.827211 -1342.900154 -9999.0 -9999.0 -9999.0 -9999.0 -9999.0 -9999.0 -9999.0 -9999.0 -9999.0 -9999.0 -9999.0 -9999.0 -9999.0 -9999.0 -9999.0 -9999.0 -9999.0 -9999.0 -9999.0 -9999.0 -9999.0 -9999.0 -9999.0 -9999.0 -9999.0 -9999.0 -9999.0
-9999.0 -9999.0 -9999.0 -9999.0 -9999.0 -9999.0 -9999.0 -9999.0 -9999.0 -9999.0 -9999.0 -9999.0 -9999.0 -9999.0 -9999.0 -9999.0 -9999.0 -9999.0 -9999.0 -9999.0 -9999.0 -9999.0 -9999.0 -709.398925 -632.214912 -553.027607 -227.272337 -233.496848 -210.089498 -1524.243534 -971.123294 -1305.343552 -9999.0 -9999.0 -9999.0 -9999.0 -9999.0 -9999.0 -9999.0 -9999.0 -9999.0 -9999.0 -9999.0 -9999.0 -9999.0 -9999.0 -9999.0 -9999.0 -9999.0 -9999.0 -9999.0 -9999.0 -9999.0 -9999.0 -9999.0 -9999.0 -9999.0 -9999.0
-9999.0 -9999.0 -9999.0 -9999.0 -9999.0 -9999.0 -9999.0 -9999.0 -9999.0 -9999.0 -9999.0 -9999.0 -9999.0 -9999.0 -9999.0 -9999.0 -9999.0 -9999.0 -426.620319 -504.617511 -9999.0 -690.296901 -539.927992 -220.733161 280.748564 -215.434176 -472.537360 -493.131828 868.579061 -244.436318 -1490.261668 -1041.161621 -896.764186 -894.902787 -9999.0 -9999.0 -9999.0 -9999.0 -9999.0 -9999.0 -9999.0 -9999.0 -9999.0 -9999.0 -9999.0 -9999.0 -9999.0 -9999.0 -9999.0 -9999.0 -9999.0 -9999.0 -9999.0 -9999.0 -9999.0 -9999.0 -9999.0 -9999.0
-9999.0 -9999.0 -9999.0 -9999.0 -9999.0 -9999.0 -9999.0 -9999.0 -9999.0 -9999.0 -9999.0 -9999.0 -9999.0 -9999.0 -9999.0 -9999.0 -9999.0 -299.996008 -197.000789 -119955.868168 -900.164691 -432.553692 -275.428724 -611.017763 -149.069099 -506.676625 -573.519272 -799.086160 -557.998025 -510.540194 -349.364148 -1508.134559 -903.939771 -899.015583 -894.081298 -897.424686 -9999.0 -9999.0 -9999.0 -9999.0 -9999.0 -9999.0 -9999.0 -9999.0 -9999.0 -9999.0 -9999.0 -9999.0 -9999.0 -9999.0 -9999.0 -9999.0 -9999.0 -9999.0 -9999.0 -9999.0 -9999.0 -9999.0
-9999.0 -9999.0 -9999.0 -9999.0 -9999.0 -9999.0 -9999.0 -9999.0 -9999.0 -9999.0 -9999.0 -9999.0 -9999.0 -1563.204452 -390.749457 -220.694801 -230.367660 -911.547220 -281.885258 -262.740961 -222.906859 -155.746599 -211.760242 1082.010059 -681.158115 -666.753809 -978.198073 -1951.575835 -1854.432780 -756.012669 -809.573592 -585.513072 -1384.896883 -1329.330030 -897.589736 -897.575061 -9999.0 -9999.0 -9999.0 -9999.0 -9999.0 -9999.0 -9999.0 -9999.0 -9999.0 -9999.0 -9999.0 -9999.0 -9999.0 -9999.0 -9999.0 -9999.0 -9999.0 -9999.0 -9999.0 -9999.0 -9999.0 -9999.0
-9999.0 -9999.0 -9999.0 -9999.0 -9999.0 -9999.0 -9999.0 -9999.0 -9999.0 -9999.0 -9999.0 -9999.0 -9999.0 -364.723173 -142.356243 -229.020027 -229.212824 -236.144984 -915.422318 -222.486217 -194.097507 -512.593083 952.550932 -409.756637 -390.134020 -1809.955917 -1194.937409 -897.490025 -897.573755 -1516.522444 -685.178982 -1416.702097 -897.479322 -897.596319 -897.624209 -9999.0 -9999.0 -9999.0 -9999.0 -9999.0 -9999.0 -9999.0 -9999.0 -9999.0 -9999.0 -9999.0 -9999.0 -9999.0 -9999.0 -9999.0 -9999.0 -9999.0 -9999.0 -9999.0 -9999.0 -9999.0 -9999.0 -9999.0
-9999.0 -9999.0 -9999.0 -9999.0 -9999.0 -9999.0 -9999.0 -9999.0 -9999.0 -9999.0 -9999.0 -9999.0 -9999.0 -572.488595 535.336985 -599.785040 -223.542325 -223.941667 -913.821013 -223.208293 -286.564705 -1311.957069 -508.776994 -577.337606 -801.988392 -870.639835 -896.521049 -897.382713 -962.594072 -897.454155 -1437.082746 -897.529359 -897.485826 -897.406940 -897.536725 -9999.0 -9999.0 -9999.0 -9999.0 -9999.0 -9999.0 -9999.0 -9999.0 -9999.0 -9999.0 -9999.0 -9999.0 -9999.0 -9999.0 -9999.0 -9999.0 -9999.0 -9999.0 -9999.0 -9999.0 -9999.0 -9999.0 -9999.0
-9999.0 -9999.0 -9999.0 -9999.0 -9999.0 -9999.0 -9999.0 -9999.0 -9999.0 -9999.0 -9999.0 -9999.0 -873.109712 223.482396 172.599170 -678.814687 -385.162264 -220.569642 791.640011 -334393.467746 -622.544014 -720.670878 -1139.626319 -698.473863 -447.540849 -1419.910052 -693.781030 -1266.987641 -1552.480434 -897.331211 -1450.573245 -895.202582 -1038.525603 -897.573130 -9999.0 -9999.0 -9999.0 -9999.0 -9999.0 -9999.0 -9999.0 -9999.0 -9999.0 -9999.0 -9999.0 -9999.0 -9999.0 -9999.0 -9999.0 -9999.0 -9999.0 -9999.0 -9999.0 -9999.0 -9999.0 -9999.0 -9999.0 -9999.0
-9999.0 -9999.0 -9999.0 -9999.0 -9999.0 -9999.0 -9999.0 -9999.0 -9999.0 -9999.0 -9999.0 -644.437313 -449.516483 -440.230799 -725.095140 -529.908165 -1098.792445 -219.281824 -317.183702 -201232.865942 -181.753961 -735.776691 -1382.017785 -1419.950047 -1670.042202 -1495.318698 -1427.342284 -1454.284083 -628.942331 -897.422176 -894.523489 -1061.027166 -897.152476 -897.768252 -899.224300 -900.699931 -1701.082837 -961.904365 -291.756318 -9999.0 -9999.0 -9999.0 -896.530341 -9999.0 -9999.0 -9999.0 -9999.0 -9999.0 -9999.0 -9999.0 -9999.0 -9999.0 -9999.0 -9999.0 -9999.0 -9999.0 -9999.0 -9999.0
-9999.0 -9999.0 -9999.0 -9999.0 -9999.0 -9999.0 -9999.0 -9999.0 -9999.0 -9999.0 -9999.0 -572.745148 -686.455413 -444.929809 -325.710524 -1346.792725 -622.203089 -236.574750 -295.621626 -311.766264 931.195121 -274.042111 -705.031442 -591.009227 -561.688530 -1477.006502 -1563.133536 -1455.462488 -893.895767 -897.508779 -1507.383988 -1558.901615 -1602.438340 -1271.235132 -1218.670375 -1679.091814 -743.827058 -946.304062 -788.405846 -902.011179 -903.782003 -900.044998 -1320.723658 -896.519442 -9999.0 -9999.0 -9999.0 -379.960779 -1057.700779 -894.978727 -1508.545532 -894.347671 -893.776303 -717.938078 -684.789228 -893.184498 -9999.0 -9999.0
-9999.0 -9999.0 -9999.0 -9999.0 -9999.0 -9999.0 -9999.0 -9999.0 -9999.0 -9999.0 -9999.0 -583.234043 -590.944604 -1488.848169 -362.795197 -1403.424576 -351.370736 -190.917237 810.671585 -263.429753 -219.290307 -820.391411 -426.520037 -667.469692 -1524.673005 -897.139893 -462.910995 -1496.179723 -897.380088 -1408.692448 -897.581341 -1552.979665 -834.152242 -1258.217769 -898.644825 -1085.923599 -536.476737 -1211.268418 -1354.419412 -916.976387 -623.400659 -344.680262 -665.680813 -1584.188100 -1313.082612 -9999.0 -897.521702 -1108.594321 -1594.547030 -836.746933 -301.772918 -901.716672 -103.776079 -130.676448 -62.453986 -286.566160 -9999.0 -9999.0
-9999.0 -9999.0 -9999.0 -9999.0 -9999.0 -9999.0 -9999.0 -9999.0 -9999.0 -9999.0 -9999.0 -9999.0 -567.461338 -385.915546 -685.600631 -470.092635 -578.268159 -223.901320 -249.917972 -233.693312 -185.003124 -854.222624 -567.394009 -424.611182 -597.507591 -447.587925 -252.347629 -897.500709 -1473.478855 -894.494562 -1562.230968 -626.896421 -697.664262 -1266.271155 -1653.192911 -1482.937966 -572.479998 -536.367281 -736.555791 -296.502375 -465.345108 -910.838815 -352.805266 -247.313489 -895.101060 -1020.656873 -894.724996 -1185.595813 -1501.843502 -754.669867 -260.973299 -586.001362 -569.748601 -361.045242 -532.986865 -519.005269 -792.209687 -9999.0
-9999.0 -9999.0 -9999.0 -9999.0 -9999.0 -9999.0 -9999.0 -9999.0 -9999.0 -9999.0 -9999.0 -341.851332 -642.457588 -894.997883 -365.298010 -336.409633 -280.517098 -228.293366 822.021341 -274.209368 -234.422034 -147.369017 -267.955343 -830.351887 -440.200326 -296.109146 -364.458086 -1542.785922 -1536.194000 -897.381240 -509.993539 -624.735868 -543.252644 -1354.336771 -1403.399576 -1332.828455 -1387.565839 -1233.668887 -490.593997 -1372.878866 -1123.809280 -529.330894 -279.135549 -12187.717287 -243.872871 -1282.351260 -1681.884875 -899.599969 -900.148894 -721.354929 -890.647707 -1568.202527 -579.556420 -889.961251 -898.015017 -897.344146 -893.573498 -9999.0
-9999.0 -9999.0 -9999.0 -9999.0 -9999.0 -9999.0 -9999.0 -9999.0 -9999.0 -9999.0 -336.020507 -420.941280 -485.223733 -790.210587 -540.202005 -308.751771 -592.107223 -652.868471 -224.349958 -220.110651 -250.843581 -281.945092 -995.187080 -492.537947 -535.846520 -333.677032 -1591.193520 -892.257937 -270.935907 -374.178439 -248.387564 -637.988739 -1521.315602 -1321.964146 -897.729087 -896.664119 -908.996822 -572.354739 -777.940847 -738.375137 -1012.825838 -1020.251202 -892.708215 -267.884173 -249.246272 -897.669506 -1674.059860 -895.623136 -222.399877 -265.583442 -905.122068 -897.483903 -897.776093 -897.281525 -897.167773 -472.938002 -404.541449 -9999.0
-9999.0 -9999.0 -9999.0 -9999.0 -9999.0 -9999.0 -9999.0 -9999.0 -9999.0 -1700.452373 -281.966259 -313.161507 -290.485841 -414.959917 -288.636636 -638.679469 -582.838398 -556.307248 -220.287158 -278.555746 -252.888913 -368.583474 -466.005471 -233.498793 -328.651601 -1608.377606 -405.071161 -313.053169 -504.740861 -256.634218 -311.855968 -902.923205 -897.634372 -897.537294 -897.570597 -897.948302 -1762.313997 -572.145960 -565.847461 -626.065157 -431.086032 -571.870826 -1530.287433 -263.185777 -140.441531 -528.708748 -191.469315 -1438.550800 -1893.808730 -218.323117 -1034.910714 -893.729298 -897.324020 -897.154331 -895.073881 -1382.222774 -532.294757 -521.738338
-9999.0 -9999.0 -9999.0 -9999.0 -9999.0 -9999.0 -9999.0 -9999.0 -9999.0 -705.579930 -1689.786460 -1373.512780 487.611095 -443.207153 -332.386753 -420.103349 -500.515224 -532.379537 -210.130148 -247.104608 -239.479288 761.460360 -237.489143 -377.577284 -1523.534809 -451.662762 -290.279938 -311.506677 877.939921 -447.353871 -1641.719286 -1557.864331 -1483.954554 -1172.897745 -1542.697592 -897.903611 -896.766157 -898.577016 -1357.434574 -1815.901623 -356.201558 -1532.822658 -450.135985 -312.315242 -241.783113 -225.060380 791.684608 -191.526155 -289.995746 -253.122429 -895.989891 -1405.735844 -897.281429 -1424.347854 -897.286650 -265.398189 -625.259424 -952.159839
-9999.0 -9999.0 -9999.0 -9999.0 -9999.0 -9999.0 -9999.0 -9999.0 -9999.0 -9999.0 -1395.925199 -1828.455289 -552.520906 -215.372036 -918.525586 -481.368603 -752.004247 1155.132512 -284.622518 -217.880481 -255.085080 -196.047102 -596.796120 -635.669677 -495.441092 -320.741003 857.798202 927.471149 -1695.602667 -602.182046 -1585.469790 -382.502972 -1475.801578 -1488.257809 -1481.239063 -489.397255 -276.458966 -398.282969 -894.377314 -1391.524427 -1365.612706 -713.786800 -738.047811 -1478.064553 -1701.706893 -656.497955 -137.706360 -200.600511 -159.445309 -160.117817 -950.309714 -1000.862499 -893.882485 -897.214609 -518.348572 -1435.256751 -520.936453 -228.589165
-9999.0 -9999.0 -9999.0 -9999.0 -9999.0 -9999.0 -9999.0 -9999.0 -9999.0 -9999.0 -1241.561721 -1434.943585 -582.129693 -318.038802 -256.878680 1024.134384 -347.353950 -224.814635 -236.076153 -221.611559 -228.967138 -216.853923 -442.158161 -562.234269 -388.337715 980.544199 -220.970656 -236.208608 -547.163188 -1549.302049 -1496.787460 -567.836897 -899.794946 -1519.245427 -1494.206721 -630.061141 -425.607339 -789.045745 -1532.250055 -1442.532655 -1214.870700 -894.920287 -563.514677 -1444.780115 -430.307933 -860.181822 -808.864491 -1646.301688 -128.526937 -155.645942 -149.917744 -1723.845425 -606.294894 -893.869070 -892.606080 -893.609580 -1417.762756 -609.676509
-9999.0 -9999.0 -9999.0 -9999.0 -9999.0 -9999.0 -9999.0 -9999.0 -497.201550 -884.233276 -814.023547 -583.925663 -655.578542 -746.093709 -449.817793 -217.902942 -71.632095 1194.475916 -217.264091 -217.471001 -249.389196 -300.433501 -242.794347 -246.929377 -154.061954 -276.430668 -155.851598 -534.729650 -546.770969 -1569.322375 -897.424450 -1422.733369 -1383.746923 -1403.622977 -1231.185837 -1529.577098 -1824.670930 -657.603120 -1450.333121 -894.176903 -897.647005 -612.714718 -890.145171 -897.600433 -898.728886 -960.027009 -1513.464609 -736.029337 -126.788239 1093.633865 1095.119511 -293.710598 -843.826147 -1407.310920 -894.235579 -64.459813 -498.431676 -450.404555
-9999.0 -9999.0 -9999.0 -9999.0 -9999.0 -9999.0 -9999.0 -9999.0 -910.373391 -467.937232 -1391.246961 -1601.631378 -1308.420914 -493.977259 -540.821162 -212.153196 1111.516559 -183.174525 -145.488252 -219.492594 -240.143515 -226.787355 -224.676532 -142.430160 -293.703073 -286.015571 -207.165456 -728.446662 -890.289611 -1472.996182 -1134.794790 -899.137074 -1466.232890 -894.630101 -824.046373 -791.681631 -1151.250592 -288.154913 -1440.953017 -1673.796991 -1526.534558 -897.416373 -897.629941 -1601.569028 -600.567237 -556.319481 -892.204901 -1353.565510 -1860.783713 989.312534 885.951638 -403.239382 -549.652510 -220.165865 -263.019836 -1297.043398 -635.577438 -168.053444
-9999.0 -9999.0 -9999.0 -9999.0 -9999.0 -9999.0 -9999.0 -9999.0 -1711.344994 -1532.960243 -560.893314 -1521.406773 -618.997740 -901.593947 -582.900009 -1442.288934 -166.608164 823.613068 -231.036823 -224.068812 -225.011018 -229.146004 -226.567693 -232.344875 -220.312151 -225.962612 1043.238534 -423.934372 -920.978884 -1641.393051 -899.215582 -619.343367 -592.685927 -1027.240866 -1027.503432 -423.989850 -1791.382397 -310.101143 -1494.119354 -1468.155762 -1262.133591 -893.866549 -987.262488 -524.332297 -551.958009 -622.173326 -895.027411 -1013.100305 -533.734587 -122.348102 3154.336104 1136.725857 -1182.720146 -1402.071180 -177.353029 907.220979 917.853026 807.721079
-9999.0 -9999.0 -9999.0 -9999.0 -9999.0 -9999.0 -9999.0 -9999.0 -897.495852 -1587.551866 -531.544068 -1016.922706 -531.514218 -480.086950 -246.382966 905.344126 -264.233046 -209.583442 -221.145729 -218.838204 -220.368665 1519.727248 1890.171974 -216.815361 -232.060651 983.618717 -439.241928 -833.799989 -331.094513 -279.871322 -1432.236923 -1775.842484 -280.088023 -249.402464 -1003.215630 -1421.428033 -1449.807270 1127.319692 -1510.924613 -1531.525241 -1645.979709 -1541.694534 -1413.812081 -900.369262 -1275.442180 -898.148439 -142.927896 -899.809922 -724.623371 -1403.835313 1200.376031 2933.087337 973.811430 857.627034 863.858203 799.812984 974.862569 689.553580
-9999.0 -9999.0 -9999.0 -9999.0 -9999.0 -9999.0 -9999.0 -9999.0 -535.320129 -729.295943 -362.450022 -542.306477 -246.807096 1219.298777 817.444858 -216.693824 -209.416149 -221.227189 924.253058 -173.592788 -230.389889 2016.509524 2413.730848 -215.507952 994.172575 472.178612 -459.992511 -509.068627 -354.589795 -175.679846 -529.679866 -105.752316 -169.759619 -248.367391 -1426.069008 -1455.808193 -499.005095 864.357532 -161.326284 -646.846365 -1523.310449 -1447.336909 -402.202972 -624.128666 -1437.307454 -1019.033935 -1478.010497 -255.807038 -470.014108 -170.346860 -164.698746 574.317579 1707.964844 1547.880793 1803.182547 1964.274961 732.416063 664.867897
-9999.0 -9999.0 -906.135151 -667.141521 -592.706493 -708.201484 -569.862520 -655.812687 -697.352981 -780.146090 -660.960584 -199.636944 1278.854003 898.535614 789.599333 -194.276527 -130.899414 -563.284158 -718.987427 1078.338911 -134.328315 -216.080925 2379.837106 1627.134920 -217.802545 898.647753 763.730206 846.174239 889.462116 881.961101 -352.395455 -313.971032 885.997817 1059.612012 1095.786778 1156.571895 1005.645001 805.945347 -130.129551 -229.326304 -382.270308 -135.849522 -103.310597 1134.339135 -443.603973 -226.584509 954.510083 1024.141941 -181.941333 785.960044 1050.546723 1053.150451 799.479416 1930.087083 1956.312297 983.739095 1552.543424 1095.777790
