user2019/resources/simulation/Vinschgau/output-maps/psiL0004N1020.asc
ncols         63
nrows         48
xllcorner     598000.000000
yllcorner     5145000.000000
cellsize      1000.000000
NODATA_value  -9999.0
[rows 0 to 24 of 48, columns 0 to 56 of 63]
-9999.0 -9999.0 -9999.0 -9999.0 -9999.0 -9999.0 -9999.0 -9999.0 -9999.0 -9999.0 -9999.0 -9999.0 -9999.0 -9999.0 -9999.0 -9999.0 -9999.0 -9999.0 -9999.0 -9999.0 -9999.0 -9999.0 -9999.0 -9999.0 -9999.0 -9999.0 -9999.0 -9999.0 -9999.0 -9999.0 -9999.0 -9999.0 -9999.0 -9999.0 -9999.0 -9999.0 -9999.0 -9999.0 -9999.0 -9999.0 -9999.0 -9999.0 -9999.0 -9999.0 -9999.0 -9999.0 -9999.0 -9999.0 -9999.0 -9999.0 -9999.0 -9999.0 -9999.0 -9999.0 -9999.0 -9999.0 -9999.0
-9999.0 -9999.0 -9999.0 -9999.0 -9999.0 -9999.0 -9999.0 -9999.0 -9999.0 -9999.0 -9999.0 -9999.0 -9999.0 -9999.0 -9999.0 -9999.0 -9999.0 -9999.0 -9999.0 -9999.0 -9999.0 -9999.0 -9999.0 -9999.0 -9999.0 -9999.0 -9999.0 -41.362144 139288.686065 4410.069522 136901.226585 139812.821541 139666.761871 -9999.0 -9999.0 -9999.0 -9999.0 -9999.0 -9999.0 -9999.0 -9999.0 -9999.0 -9999.0 -9999.0 -9999.0 -9999.0 -9999.0 -9999.0 -9999.0 -9999.0 -9999.0 -9999.0 -9999.0 -9999.0 -9999.0 -9999.0 -9999.0
-9999.0 -9999.0 -9999.0 -9999.0 -9999.0 -9999.0 -9999.0 -9999.0 -9999.0 -9999.0 -9999.0 -9999.0 -9999.0 -9999.0 -9999.0 -9999.0 -9999.0 -9999.0 -9999.0 -9999.0 -9999.0 -9999.0 -9999.0 -9999.0 154795.720935 152617.425731 152289.533289 153130.621042 151875.414417 151694.869740 152339.364651 -9999.0 -9999.0 -9999.0 -9999.0 -9999.0 -9999.0 -9999.0 -9999.0 -9999.0 -9999.0 -9999.0 -9999.0 -9999.0 -9999.0 -9999.0 -9999.0 -9999.0 -9999.0 -9999.0 -9999.0 -9999.0 -9999.0 -9999.0 -9999.0 -9999.0 -9999.0
-9999.0 -9999.0 -9999.0 -9999.0 -9999.0 -9999.0 -9999.0 -9999.0 -9999.0 -9999.0 -9999.0 -9999.0 -9999.0 -9999.0 -9999.0 -9999.0 -9999.0 -9999.0 -9999.0 -9999.0 -9999.0 -9999.0 -9999.0 154784.348550 156983.427540 -866.635947 -967.834659 -2670.314012 -461.926750 154331.618207 150652.995539 140718.874534 -9999.0 -9999.0 -9999.0 -9999.0 -9999.0 -9999.0 -9999.0 -9999.0 -9999.0 -9999.0 -9999.0 -9999.0 -9999.0 -9999.0 -9999.0 -9999.0 -9999.0 -9999.0 -9999.0 -9999.0 -9999.0 -9999.0 -9999.0 -9999.0 -9999.0
-9999.0 -9999.0 -9999.0 -9999.0 -9999.0 -9999.0 -9999.0 -9999.0 -9999.0 -9999.0 -9999.0 -9999.0 -9999.0 -9999.0 -9999.0 -9999.0 -9999.0 -9999.0 -356.927282 156721.277080 -9999.0 160371.424051 159427.009153 -956.102390 -709.126198 -2566.207080 -417.369530 -326.296601 -113.276010 8855.185764 143492.446500 148184.023220 -61.383673 -49.119645 -9999.0 -9999.0 -9999.0 -9999.0 -9999.0 -9999.0 -9999.0 -9999.0 -9999.0 -9999.0 -9999.0 -9999.0 -9999.0 -9999.0 -9999.0 -9999.0 -9999.0 -9999.0 -9999.0 -9999.0 -9999.0 -9999.0 -9999.0
-9999.0 -9999.0 -9999.0 -9999.0 -9999.0 -9999.0 -9999.0 -9999.0 -9999.0 -9999.0 -9999.0 -9999.0 -9999.0 -9999.0 -9999.0 -9999.0 -9999.0 -2196.363638 -1618.472089 -7402.087665 -52.801399 124460.385178 27403.122457 930.196819 -429.055404 50.216705 188672.408285 125349.180909 181301.929053 882.756769 76560.487884 93624.626102 -7.853556 -198.283347 -219.415630 -171.433204 -9999.0 -9999.0 -9999.0 -9999.0 -9999.0 -9999.0 -9999.0 -9999.0 -9999.0 -9999.0 -9999.0 -9999.0 -9999.0 -9999.0 -9999.0 -9999.0 -9999.0 -9999.0 -9999.0 -9999.0 -9999.0
-9999.0 -9999.0 -9999.0 -9999.0 -9999.0 -9999.0 -9999.0 -9999.0 -9999.0 -9999.0 -9999.0 -9999.0 -9999.0 155070.882603 836.055990 -1293.620466 -2393.778134 -6396.776266 -2069.011185 -1868.455100 -768.637815 -539.737919 -687.662010 -394.639342 2152.654149 158740.648601 -249.752929 136721.282898 147796.293639 153279.760783 131430.477163 155408.462089 153357.002447 151001.854110 84838.308519 -75.621493 -9999.0 -9999.0 -9999.0 -9999.0 -9999.0 -9999.0 -9999.0 -9999.0 -9999.0 -9999.0 -9999.0 -9999.0 -9999.0 -9999.0 -9999.0 -9999.0 -9999.0 -9999.0 -9999.0 -9999.0 -9999.0
-9999.0 -9999.0 -9999.0 -9999.0 -9999.0 -9999.0 -9999.0 -9999.0 -9999.0 -9999.0 -9999.0 -9999.0 -9999.0 133.355759 -818.265921 -1489.473209 -2126.334184 -677.048400 -6406.738593 -1305.340803 -2547.823781 -800.087752 -731.111220 -475.356142 2977.313397 140714.561041 144281.460674 16756.957573 5853.692855 165425.177095 165278.240753 138508.002044 324.894756 -101.666470 -41.954030 -9999.0 -9999.0 -9999.0 -9999.0 -9999.0 -9999.0 -9999.0 -9999.0 -9999.0 -9999.0 -9999.0 -9999.0 -9999.0 -9999.0 -9999.0 -9999.0 -9999.0 -9999.0 -9999.0 -9999.0 -9999.0 -9999.0
-9999.0 -9999.0 -9999.0 -9999.0 -9999.0 -9999.0 -9999.0 -9999.0 -9999.0 -9999.0 -9999.0 -9999.0 -9999.0 -978.893411 625.059775 -1177.147012 -1540.997474 -1867.825671 -6440.072445 -2198.211655 -585.490024 -191.040981 1283.290496 171820.064685 880.201281 -65.975761 -115.799116 -51.161915 138842.080179 -104.858592 110274.640424 -59.874584 -113.171394 -62.161834 -38.859042 -9999.0 -9999.0 -9999.0 -9999.0 -9999.0 -9999.0 -9999.0 -9999.0 -9999.0 -9999.0 -9999.0 -9999.0 -9999.0 -9999.0 -9999.0 -9999.0 -9999.0 -9999.0 -9999.0 -9999.0 -9999.0 -9999.0
-9999.0 -9999.0 -9999.0 -9999.0 -9999.0 -9999.0 -9999.0 -9999.0 -9999.0 -9999.0 -9999.0 -9999.0 315.442206 6505.278138 -890.886204 -453.856309 -893.195214 -1300.718880 -763.731389 -8746.214784 -616.220386 157895.433080 151257.699605 152313.404155 148668.612322 150994.094884 145564.227560 152277.178591 152903.774862 22330.523114 1053.738107 -61.313680 101726.293067 -61.356737 -9999.0 -9999.0 -9999.0 -9999.0 -9999.0 -9999.0 -9999.0 -9999.0 -9999.0 -9999.0 -9999.0 -9999.0 -9999.0 -9999.0 -9999.0 -9999.0 -9999.0 -9999.0 -9999.0 -9999.0 -9999.0 -9999.0 -9999.0
-9999.0 -9999.0 -9999.0 -9999.0 -9999.0 -9999.0 -9999.0 -9999.0 -9999.0 -9999.0 -9999.0 161137.347553 -499.491092 292.993140 -786.871941 56.598111 -8280.624646 -1256.908110 -457.737267 -108.581631 -1996.470205 -333.884142 157236.124666 160702.560894 57828.772903 158863.089461 123178.266715 149278.506442 152074.273033 10297.381115 -46.235303 87228.289657 3138.338706 -59.954523 -69.964569 -57.449801 139706.836180 97340.288480 -618.535947 -9999.0 -9999.0 -9999.0 -170.925786 -9999.0 -9999.0 -9999.0 -9999.0 -9999.0 -9999.0 -9999.0 -9999.0 -9999.0 -9999.0 -9999.0 -9999.0 -9999.0 -9999.0
-9999.0 -9999.0 -9999.0 -9999.0 -9999.0 -9999.0 -9999.0 -9999.0 -9999.0 -9999.0 -9999.0 166538.435311 -619.156242 -955.725537 -1186.889181 414.099003 -2410.032779 -1954.578040 -686.133132 -611.160033 -414.551656 278.840327 156073.344973 161551.607107 162616.302177 147722.231001 153402.508377 154933.084460 93105.868206 -13.566117 123278.827581 122647.507432 139699.794585 128933.612725 125710.157813 145837.021928 145966.216839 -504.145339 -413.121813 -101.384303 -72.395097 -49.353094 125655.528569 -38.894023 -9999.0 -9999.0 -9999.0 113748.823520 127232.538005 -14.115333 134379.889290 -38.327483 -32.123593 118701.843236 122039.381711 16313.764578 -9999.0
-9999.0 -9999.0 -9999.0 -9999.0 -9999.0 -9999.0 -9999.0 -9999.0 -9999.0 -9999.0 -9999.0 123447.426637 170545.276034 152488.469664 100.304115 93.246946 -393.221965 -1332.538380 -757.695783 -695.323412 -718.603814 -8.053880 156232.086522 142525.009300 150758.525599 -7.297731 155933.056617 156300.855936 778.715701 131473.902089 1443.164441 155867.670878 118494.613727 137853.050626 -33.624654 102430.060700 155947.886616 -590.177830 -743.813005 -168.093741 95195.300523 139388.207432 145303.629718 149149.756652 141186.325724 -9999.0 -54.876939 126421.828472 134305.825584 143382.534371 146015.778959 23590.082530 139183.227145 138945.626733 138690.662115 128721.129942 -9999.0
-9999.0 -9999.0 -9999.0 -9999.0 -9999.0 -9999.0 -9999.0 -9999.0 -9999.0 -9999.0 -9999.0 -9999.0 168325.518422 161345.439076 220.487541 128.702379 -527.131384 -1354.591330 -613.910613 -646.084174 -924.768204 232.703607 90148.671851 143165.044910 159420.091325 163665.213169 -157.773008 134253.863366 139091.632265 -32.328993 144962.996765 163512.195619 157067.133271 149407.839671 144883.472796 153959.894333 113949.820617 -870.864267 -639.480578 -799.227171 -445.265596 -94.105576 147546.799800 160075.244386 -64.157104 127641.415012 -61.649272 132718.251809 137434.120920 141960.552621 142783.509273 137546.256030 138356.923961 137549.687435 132294.802518 134329.759951 132257.039737
-9999.0 -9999.0 -9999.0 -9999.0 -9999.0 -9999.0 -9999.0 -9999.0 -9999.0 -9999.0 -9999.0 162031.370436 169470.102881 181750.550087 164323.650373 9431.482068 790.142453 -963.648557 -610.223301 -1159.929797 -1199.147952 -456.835157 128870.504606 154595.545871 157362.162655 158249.093313 156095.951259 134442.845929 137955.113304 -36.709004 153390.819329 154153.407312 82004.168946 135918.518992 127724.515021 147242.495188 153900.794291 -837.221033 -991.727742 -514.896755 -759.957793 -539.831904 135730.463763 -267.019241 155887.042879 154557.261209 155358.573440 -128.600300 -103.232800 131878.058145 -105.295267 140843.912627 13286.228978 -104.313416 -135.359028 -79.182310 -20.314085
-9999.0 -9999.0 -9999.0 -9999.0 -9999.0 -9999.0 -9999.0 -9999.0 -9999.0 -9999.0 44003.571229 128337.322544 156516.144140 161370.582170 35196.835837 123571.435830 126816.658676 -48.013487 -1411.294323 -1122.277898 -502.813318 -292.474624 208793.641471 158242.727715 142730.972850 127709.425096 160998.594378 -279.353211 164698.284921 166433.039041 57004.782940 58115.162196 165553.038053 150664.387944 -31.370117 -42.807883 145923.641894 142118.561118 -216.220287 667.508716 707.192154 -125.476393 -37.699698 -422.745730 157388.175733 -24.227736 147818.781271 141691.751950 144103.018849 154986.464353 -726.592358 -15.371661 -102.334511 -46.008442 -73.882539 110312.251401 111902.012135
-9999.0 -9999.0 -9999.0 -9999.0 -9999.0 -9999.0 -9999.0 -9999.0 -9999.0 141635.686405 159322.615026 21033.664518 80872.256038 154133.274122 151285.776463 158686.612883 155492.794770 85.731438 -1481.965934 -1349.391644 -558.324343 -620.428005 -128.889565 756.811796 107.742676 227730.405057 160037.543922 153522.016851 167633.226290 173597.683824 252.195135 216560.502251 15060.605411 -78.812846 -47.746271 -43.554684 77008.291701 174588.721493 162134.894742 168204.082653 210841.866536 207383.269478 212619.696470 -958.073707 -555.783344 149181.383028 146128.005458 152236.864817 152539.150629 431.252805 122735.561243 793.817641 -63.883646 10461.413166 -22.134168 1569.155459 1710.686484
-9999.0 -9999.0 -9999.0 -9999.0 -9999.0 -9999.0 -9999.0 -9999.0 -9999.0 49464.657528 106737.560203 153194.658771 5167.771261 116545.711324 152817.214762 154570.388938 156784.252063 902.640207 -1616.517246 -786.536984 -688.963889 -971.196313 -268.859155 2380.335192 223125.193567 160616.508365 156418.296377 152102.755084 939.235604 1886.361146 171057.716799 206703.142758 144903.606730 144231.064667 152603.887708 -40.957690 -26.490456 -10.608651 151975.923190 162391.101027 157919.920030 159452.819570 153764.559722 799.508626 -663.425734 -447.143508 -343.791673 717.183180 109815.650148 628.719646 218352.754036 139142.158252 -24.636131 113442.300714 76167.463908 33215.047124 31255.459488
-9999.0 -9999.0 -9999.0 -9999.0 -9999.0 -9999.0 -9999.0 -9999.0 -9999.0 -9999.0 138668.587586 142652.920842 155087.442518 150681.171839 8569.832023 150434.867417 140108.504054 -415.032619 -1772.323764 -937.737258 -613.490212 -1911.332983 2774.187772 193613.575532 156452.594709 156240.280429 580.897968 40.858915 186652.668120 227993.924261 224466.614119 229188.700282 153406.128355 143027.121839 148286.759044 149444.582364 156751.243096 169858.212296 8081.211596 133558.936925 152956.149959 168610.664574 151315.978168 156798.570143 20.454154 413.439296 -825.288443 -376.511971 -449.519581 171.300075 210866.757881 65955.769513 -37.379939 2805.348562 112947.151755 127961.202854 137742.895325
-9999.0 -9999.0 -9999.0 -9999.0 -9999.0 -9999.0 -9999.0 -9999.0 -9999.0 -9999.0 134904.248193 145701.412412 161352.598681 146349.418186 43.536963 147.745077 32.619332 -1167.718445 -1450.190029 -2092.228697 -1825.975380 -1270.352865 37805.287987 144100.963536 150591.445480 953.500954 42.163640 425.790980 222433.459253 158372.823892 134663.202630 136002.887885 -252.413202 133876.378207 156028.291880 159862.500413 43203.714699 128636.699903 163930.319102 151031.943027 157095.926480 148420.896472 164194.792330 167406.078359 178601.568929 229411.218210 180290.928727 68.313456 -975.951624 -251.098348 13530.823096 148068.775406 135172.999819 12341.789470 4066.975537 -11.671343 136124.958926
-9999.0 -9999.0 -9999.0 -9999.0 -9999.0 -9999.0 -9999.0 -9999.0 155715.005865 152143.910128 141370.955984 149622.058888 121129.089072 158922.605773 220930.939458 -571.566117 -1542.671803 -1055.915339 -1163.393693 -2536.982461 -2438.289395 -1956.874247 -1632.096623 -1213.960490 569.528627 -335.352007 -204.827646 236657.433075 169445.132288 156188.704119 -70.207142 114095.241982 128526.021289 134725.829313 141839.583957 163678.051870 169569.490683 166661.038052 229372.064829 -28.611844 -55.054697 123119.156561 -82.170058 4684.701442 -53.870502 58404.666957 226089.025162 169663.316065 224.271877 -224.803931 1018.890325 191937.096682 73888.947399 124442.842144 -52.537928 132913.429779 -12.232986
-9999.0 -9999.0 -9999.0 -9999.0 -9999.0 -9999.0 -9999.0 -9999.0 -32.841895 114373.268224 156198.414134 143749.112889 155358.884124 156424.582607 217901.103833 383.722076 -1187.495889 -1362.853850 -2807.161875 -2570.263360 -778.468206 -968.223542 -981.302995 -1103.720469 -1658.101046 -884.988324 -440.060408 139864.693847 -248.812830 131901.943009 134624.531905 -96.923127 99593.165732 -91.051186 120175.037596 163544.471432 62169.405458 42000.177843 158963.172510 165870.423699 160324.740184 -26.131406 -63.779726 154528.331177 155117.678228 159627.218840 -130.802180 159517.810428 160512.152497 -508.102842 -89.091353 162054.954803 82623.516574 131654.788436 153134.596591 -716.650365 163289.025866
-9999.0 -9999.0 -9999.0 -9999.0 -9999.0 -9999.0 -9999.0 -9999.0 138636.975691 139754.045266 124122.776849 153934.030160 149559.120293 -117.495299 157663.227072 216111.438917 88.943346 -886.227365 -2399.963164 -837.436075 -2622.072051 -1263.715525 -1129.715033 -1967.922219 -815.167038 -1252.380863 -316.990306 236199.823152 -408.066897 123716.771807 -109.311939 128527.335271 156073.617348 153611.588540 158858.398728 153442.185351 149595.391597 43.738367 111195.784457 160628.842700 159332.508230 -96.696928 150167.300595 150138.759014 155905.206047 151445.650546 -69.363640 151889.622702 164495.002207 1090.937518 -489.238580 887.815278 55622.843726 95677.704975 28286.594792 24078.502198 -151.562314
-9999.0 -9999.0 -9999.0 -9999.0 -9999.0 -9999.0 -9999.0 -9999.0 -55.479614 150890.078601 54588.968429 -527.677771 142251.447575 154684.367108 220568.445824 6.112544 -2359.136310 -2163.783042 -678.333868 -2378.093066 -2363.182027 -2206.115499 -1171.421649 -1567.633416 -1390.850750 -737.366497 175025.644370 226011.341436 151670.204195 182884.329033 166926.650703 168289.354910 190258.739768 163422.826827 174805.722366 164564.084550 48.187709 -1239.602911 -386.015544 182744.000373 165345.673771 169956.914185 168765.976181 -68.720906 153475.677679 -54.303277 155728.646438 -46.991781 154265.640434 158810.934326 713.386062 -430.631249 978.723007 10704.529303 1233.405856 -51.388099 -424.455455
-9999.0 -9999.0 -9999.0 -9999.0 -9999.0 -9999.0 -9999.0 -9999.0 131509.186250 159663.066553 -150.089722 233110.276533 236999.409497 236468.691988 1272.962598 -328.323630 -336.106566 -1156.148414 -831.654603 -1372.090007 -1765.603782 -1628.268854 -2123.408603 -2174.765927 -724.013073 27.145380 220331.962526 151429.609763 9052.138806 67593.091424 203506.534981 208.396846 46.900050 -153.153666 398.746453 -166.749448 -646.793135 -1567.048467 -2082.538710 -225.345434 780.235547 260.836319 32527.164103 113841.090248 156500.555412 149844.464197 154901.109361 154379.019230 153083.906413 302.412603 -277.663149 -856.944894 -550.173870 -418.557853 81.411007 72.523926 -303.186467
