user2019/resources/simulation/Vinschgau/output-maps/psiL0003N1396.asc
ncols         63
nrows         48
xllcorner     598000.000000
yllcorner     5145000.000000
cellsize      1000.000000
NODATA_value  -9999.0
[rows 0 to 24 of 48, columns 0 to 56 of 63]
-9999.0 -9999.0 -9999.0 -9999.0 -9999.0 -9999.0 -9999.0 -9999.0 -9999.0 -9999.0 -9999.0 -9999.0 -9999.0 -9999.0 -9999.0 -9999.0 -9999.0 -9999.0 -9999.0 -9999.0 -9999.0 -9999.0 -9999.0 -9999.0 -9999.0 -9999.0 -9999.0 -9999.0 -9999.0 -9999.0 -9999.0 -9999.0 -9999.0 -9999.0 -9999.0 -9999.0 -9999.0 -9999.0 -9999.0 -9999.0 -9999.0 -9999.0 -9999.0 -9999.0 -9999.0 -9999.0 -9999.0 -9999.0 -9999.0 -9999.0 -9999.0 -9999.0 -9999.0 -9999.0 -9999.0 -9999.0 -9999.0
-9999.0 -9999.0 -9999.0 -9999.0 -9999.0 -9999.0 -9999.0 -9999.0 -9999.0 -9999.0 -9999.0 -9999.0 -9999.0 -9999.0 -9999.0 -9999.0 -9999.0 -9999.0 -9999.0 -9999.0 -9999.0 -9999.0 -9999.0 -9999.0 -9999.0 -9999.0 -9999.0 -222.739224 -567.284441 -200.850208 -83.241440 -1242.105127 6410.970556 -9999.0 -9999.0 -9999.0 -9999.0 -9999.0 -9999.0 -9999.0 -9999.0 -9999.0 -9999.0 -9999.0 -9999.0 -9999.0 -9999.0 -9999.0 -9999.0 -9999.0 -9999.0 -9999.0 -9999.0 -9999.0 -9999.0 -9999.0 -9999.0
-9999.0 -9999.0 -9999.0 -9999.0 -9999.0 -9999.0 -9999.0 -9999.0 -9999.0 -9999.0 -9999.0 -9999.0 -9999.0 -9999.0 -9999.0 -9999.0 -9999.0 -9999.0 -9999.0 -9999.0 -9999.0 -9999.0 -9999.0 -9999.0 -974.292406 -1041.325202 -1178.603652 -976.873087 -1152.627805 -1082.419499 1218.958358 -9999.0 -9999.0 -9999.0 -9999.0 -9999.0 -9999.0 -9999.0 -9999.0 -9999.0 -9999.0 -9999.0 -9999.0 -9999.0 -9999.0 -9999.0 -9999.0 -9999.0 -9999.0 -9999.0 -9999.0 -9999.0 -9999.0 -9999.0 -9999.0 -9999.0 -9999.0
-9999.0 -9999.0 -9999.0 -9999.0 -9999.0 -9999.0 -9999.0 -9999.0 -9999.0 -9999.0 -9999.0 -9999.0 -9999.0 -9999.0 -9999.0 -9999.0 -9999.0 -9999.0 -9999.0 -9999.0 -9999.0 -9999.0 -9999.0 -1059.398282 -1257.684469 -3033.682224 -3065.418516 -3115.504449 -3116.400900 -1083.018528 -87.132039 20055.515314 -9999.0 -9999.0 -9999.0 -9999.0 -9999.0 -9999.0 -9999.0 -9999.0 -9999.0 -9999.0 -9999.0 -9999.0 -9999.0 -9999.0 -9999.0 -9999.0 -9999.0 -9999.0 -9999.0 -9999.0 -9999.0 -9999.0 -9999.0 -9999.0 -9999.0
-9999.0 -9999.0 -9999.0 -9999.0 -9999.0 -9999.0 -9999.0 -9999.0 -9999.0 -9999.0 -9999.0 -9999.0 -9999.0 -9999.0 -9999.0 -9999.0 -9999.0 -9999.0 -1667.288929 -1169.655371 -9999.0 -1111.152067 -1259.645314 -3021.453146 -2960.010100 -3011.560274 -2248.322358 -2708.422098 -2462.375010 -2797.497965 -956.048326 -110.238451 -170.055237 -201.695308 -9999.0 -9999.0 -9999.0 -9999.0 -9999.0 -9999.0 -9999.0 -9999.0 -9999.0 -9999.0 -9999.0 -9999.0 -9999.0 -9999.0 -9999.0 -9999.0 -9999.0 -9999.0 -9999.0 -9999.0 -9999.0 -9999.0 -9999.0
-9999.0 -9999.0 -9999.0 -9999.0 -9999.0 -9999.0 -9999.0 -9999.0 -9999.0 -9999.0 -9999.0 -9999.0 -9999.0 -9999.0 -9999.0 -9999.0 -9999.0 -2925.889456 -2875.564630 -8067.223103 -4316.086572 -1694.817342 -2783.262289 -2890.090068 -2735.087576 -1555.650787 145088.250732 -2576.866475 24707.621529 -2037.861565 -1379.422337 -988.517160 -293.122387 -284.523823 -190.736382 -201.339573 -9999.0 -9999.0 -9999.0 -9999.0 -9999.0 -9999.0 -9999.0 -9999.0 -9999.0 -9999.0 -9999.0 -9999.0 -9999.0 -9999.0 -9999.0 -9999.0 -9999.0 -9999.0 -9999.0 -9999.0 -9999.0
-9999.0 -9999.0 -9999.0 -9999.0 -9999.0 -9999.0 -9999.0 -9999.0 -9999.0 -9999.0 -9999.0 -9999.0 -9999.0 -2699.628718 -2830.654334 -2794.535572 -2893.832248 -6967.869412 -2891.795425 -2941.795181 -2916.847807 -2893.993229 -2949.254344 -2958.152999 -1225.300715 -1292.022343 -443.906473 -689.511524 -870.962539 -1175.477607 497698.712345 -1065.069705 -696.342820 2278.450313 -116.176400 -186.246957 -9999.0 -9999.0 -9999.0 -9999.0 -9999.0 -9999.0 -9999.0 -9999.0 -9999.0 -9999.0 -9999.0 -9999.0 -9999.0 -9999.0 -9999.0 -9999.0 -9999.0 -9999.0 -9999.0 -9999.0 -9999.0
-9999.0 -9999.0 -9999.0 -9999.0 -9999.0 -9999.0 -9999.0 -9999.0 -9999.0 -9999.0 -9999.0 -9999.0 -9999.0 -2426.828333 -2981.595342 -2881.090152 -2870.128230 -2564.616867 -6978.054409 -2937.308768 -2873.184970 -3089.944642 -2794.186142 -2538.590093 -2850.272865 -2869.461436 -728.131238 -189.824032 -145.104079 213255.947036 48353.634841 1989.939102 -148.942812 -164.608520 -155.506330 -9999.0 -9999.0 -9999.0 -9999.0 -9999.0 -9999.0 -9999.0 -9999.0 -9999.0 -9999.0 -9999.0 -9999.0 -9999.0 -9999.0 -9999.0 -9999.0 -9999.0 -9999.0 -9999.0 -9999.0 -9999.0 -9999.0
-9999.0 -9999.0 -9999.0 -9999.0 -9999.0 -9999.0 -9999.0 -9999.0 -9999.0 -9999.0 -9999.0 -9999.0 -9999.0 -2997.578727 308.442597 -3034.730870 -2855.094420 -2859.924588 -7026.147036 -2891.798735 -2973.155952 -7139.538791 -1763.003619 -970.822203 -2897.579047 -2882.200676 -437.143161 -168.257798 6794.097824 -164.413036 18480.580810 -136.024381 -163.188636 -36.266387 -170.510835 -9999.0 -9999.0 -9999.0 -9999.0 -9999.0 -9999.0 -9999.0 -9999.0 -9999.0 -9999.0 -9999.0 -9999.0 -9999.0 -9999.0 -9999.0 -9999.0 -9999.0 -9999.0 -9999.0 -9999.0 -9999.0 -9999.0
-9999.0 -9999.0 -9999.0 -9999.0 -9999.0 -9999.0 -9999.0 -9999.0 -9999.0 -9999.0 -9999.0 -9999.0 -2929.504787 6203.308819 -2999.063487 -2875.282366 -2690.643640 -2823.246002 -3082.223713 -8206.409600 -2890.324980 -2474.933935 -2883.616146 -914.157710 518190.920384 -629.342296 559187.160828 2562.078443 -648.061402 -135.090728 16840.851691 -156.285032 31451.592396 -215.374617 -9999.0 -9999.0 -9999.0 -9999.0 -9999.0 -9999.0 -9999.0 -9999.0 -9999.0 -9999.0 -9999.0 -9999.0 -9999.0 -9999.0 -9999.0 -9999.0 -9999.0 -9999.0 -9999.0 -9999.0 -9999.0 -9999.0 -9999.0
-9999.0 -9999.0 -9999.0 -9999.0 -9999.0 -9999.0 -9999.0 -9999.0 -9999.0 -9999.0 -9999.0 -2170.867665 -2991.631214 -546.844796 -3010.478983 -2641.925074 -8411.383024 -2866.915847 -2172.931038 -9003.789411 -2817.831385 -2868.103692 -1788.922863 -866.886151 -2685.081875 -929.472376 17634.027498 -242.262597 -112.109018 -153.422079 -165.673800 -829.758169 -116.050508 -176.808904 -160.757191 -160.422536 -172.163700 -1104.426705 -1224.852427 -9999.0 -9999.0 -9999.0 -217.813858 -9999.0 -9999.0 -9999.0 -9999.0 -9999.0 -9999.0 -9999.0 -9999.0 -9999.0 -9999.0 -9999.0 -9999.0 -9999.0 -9999.0
-9999.0 -9999.0 -9999.0 -9999.0 -9999.0 -9999.0 -9999.0 -9999.0 -9999.0 -9999.0 -9999.0 -1834.421080 -3035.623482 -3151.308197 -3145.292205 -3180.170810 -3214.671719 -2910.399809 -2322.697558 -3063.996538 -2849.197786 -2877.764855 -1077.680231 1336558.608297 1416069.586537 -389.136823 -264.868094 -937.205023 -162.189299 -160.774557 -176.591828 -1269.035754 12908.751037 16259.687876 -248.740698 -223.198582 -1023.648690 -1924.162245 -1122.897710 -200.527356 -184.880138 -180.981335 3336.419046 -166.602806 -9999.0 -9999.0 -9999.0 -797.336734 25071.510000 -146.627467 68406.307234 -191.154014 -184.555240 -564.791977 9621.333956 -175.849294 -9999.0
-9999.0 -9999.0 -9999.0 -9999.0 -9999.0 -9999.0 -9999.0 -9999.0 -9999.0 -9999.0 -9999.0 -1653.607152 -1874.230247 -2757.271039 -1771.419626 -3156.747080 -2772.736993 -2830.662880 -3199.088446 -3062.297212 -2122.063348 -1344.954869 1268574.343260 -830.225025 -464.854963 -215.213300 1475163.080436 1514412.669778 -167.023349 -161.901997 -159.392480 1485967.700774 -1016.309958 25420.343713 -141.165995 -1011.566073 1480213.634862 1188761.415408 -2364.933622 -233.914157 -1050.528828 -1321.810438 -999.492170 -191.801255 42923.054742 -9999.0 -195.686928 57051.152461 5490.652053 -743.615709 -1426.008342 -235.031790 -1122.983890 696.147323 -1234.202310 20861.044923 -9999.0
-9999.0 -9999.0 -9999.0 -9999.0 -9999.0 -9999.0 -9999.0 -9999.0 -9999.0 -9999.0 -9999.0 -9999.0 -1990.407626 -867.068788 -2550.803441 -2611.981036 -2402.623057 -2777.789039 -2442.689299 -3050.409921 -2735.016046 -2683.086391 154.087010 957891.071088 1488620.352262 1521126.262993 2178.241901 -1478.161788 1934.190465 -159.484161 -167.644633 1535077.891033 -1679.169227 10234.622159 26476.744292 -315.154783 1457556.571089 1074264.894921 -1644.614296 -2099.590655 -1698.282287 -528.143460 1162697.266501 -1162.330589 -148.983354 41501.671743 -167.566420 31157.052400 1430341.944398 1248043.362553 159685.212384 1339032.846837 1342927.071812 1344298.163190 1350474.766237 14918.122792 10513.293461
-9999.0 -9999.0 -9999.0 -9999.0 -9999.0 -9999.0 -9999.0 -9999.0 -9999.0 -9999.0 -9999.0 866511.755742 -947.291702 -3138.128678 -818.649711 -2136.476671 -2737.086404 -2719.512299 -3128.126618 -2756.268693 -2773.695544 -1921.818136 -452.677420 1471512.411450 1506987.744087 1588024.397825 1430627.694738 9411.431927 2346.825120 -214.724461 1532510.660830 1547279.225788 -1394.045302 10225.935324 -110.863571 -117.037460 -1098.672567 361150.711882 -1059.319263 -2676.647956 381122.597878 -1746.913464 -329.765479 -241.718574 -1615.313370 4306.300114 -344.756797 -241.152797 -280.110386 39262.102494 459726.948327 7760.844845 439700.695199 91108.373429 76630.555128 14379.337670 -136.859815
-9999.0 -9999.0 -9999.0 -9999.0 -9999.0 -9999.0 -9999.0 -9999.0 -9999.0 -9999.0 2075.310963 131283.886713 -1107.085290 -1173.580252 -2102.640197 1996.196588 2117.897891 -1630.931171 -2801.749154 -2702.759916 -2815.771334 -1578.632616 1979217.429790 -1369.743055 1966.081761 955693.136926 1510408.871878 395604.188441 -1709.289893 -1174.500993 71427.435796 706097.466602 -1186.716298 17211.743439 -170.996740 -172.777713 -970.118971 1134799.283650 1719196.411072 -428.234758 -927.470269 -54.560388 -163.108071 -1199.534641 38936.980382 -229.013001 -651.444516 610331.297746 913638.199581 -508.173264 113330.954340 -163.845895 76679.934111 25098.799883 -123.694535 12476.648866 9357.136615
-9999.0 -9999.0 -9999.0 -9999.0 -9999.0 -9999.0 -9999.0 -9999.0 -9999.0 -497.653691 -937.658052 72774.482082 -435.985754 568148.493475 52576.990534 5220.843436 86735.936530 -2043.876245 -2835.658969 -2778.898812 -2911.769576 -2597.681716 -2533.884895 -2597.059971 -605.287573 2055934.165113 1517432.058147 -1090.631007 117850.263640 -916.664561 -435.352055 2006185.357351 -152.969701 -170.969332 -179.240553 -169.988425 -1058.137254 1661610.814826 1500847.241048 73899.363289 1646129.067709 2052331.001371 2058545.789678 -2347.034254 -2468.844771 10778.691424 -2548.708420 966960.212330 893351.298561 -480.117638 1271694.460704 -137.826511 19727.513583 -166.035217 -147.170962 319933.029707 348434.585751
-9999.0 -9999.0 -9999.0 -9999.0 -9999.0 -9999.0 -9999.0 -9999.0 -9999.0 -1080.599404 -449.218188 -1387.771287 4689.642618 -896.282159 118428.290759 640896.909316 -1603.206401 -2395.813156 -2880.930719 -3059.836309 -3015.363386 -3110.071443 -2164.238791 -826.016914 2051611.350533 1575399.401873 625320.221076 -372.665446 -726.250136 -880.632164 -1901.120094 1948432.305356 -254.033720 16808.176737 3375.944548 -176.952347 -200.522081 -325.809008 -507.789141 -1467.106942 1562464.769492 1554424.990971 289175.956572 -1030.499347 -1918.987399 -2158.477880 -2648.215432 -2553.566944 -1116.487443 -905.405508 1983727.923777 1275445.162952 -118.818843 233786.780709 2627.832984 446726.706249 473131.836294
-9999.0 -9999.0 -9999.0 -9999.0 -9999.0 -9999.0 -9999.0 -9999.0 -9999.0 -9999.0 -146.961720 -1188.105460 -265.635443 589771.121360 -1340.857542 76145.971922 -1127.782859 -2767.946625 -2936.613558 -2930.038878 -3006.013123 -2809.970718 2618.870415 1875344.712322 1468737.678824 46302.754786 -526.046735 -1060.958197 -1226.957769 2064024.868059 2033103.305747 2008704.895610 1423328.446774 14612.063167 -1005.123392 -1341.834929 -1161.885867 -1199.493062 -178.092667 -169.790000 4054.528584 -1101.513031 4759.724922 6660.265672 -1513.099132 -1016.651300 -2674.834243 -2169.059728 -2824.495333 -1757.173318 1982048.618591 728493.606133 -149.112845 19430.780842 269987.282229 70278.821516 159.021260
-9999.0 -9999.0 -9999.0 -9999.0 -9999.0 -9999.0 -9999.0 -9999.0 -9999.0 -9999.0 5703.060148 -752.350638 -1189.817620 -1076.942596 -849.511921 -1773.697761 -1362.916910 -2694.406416 -2950.476473 -3020.404721 -2874.677452 -2785.318294 22494.738500 64163.607332 36427.686999 -641.826585 -987.547751 616.812246 2075519.931110 1457240.894049 -120.614728 -854.979464 257850.548486 11762.875147 -220.883159 -1036.816975 334016.156795 74297.258493 1417977.722172 6307.151013 -243.227769 -354.130055 874379.924465 -1053.204506 -999.709166 2068668.459607 -488.764769 -841.894925 -2742.948723 -2764.765902 -321.627183 1382060.844165 1314986.044908 -111.506136 29929.700846 -84.553686 90293.442950
-9999.0 -9999.0 -9999.0 -9999.0 -9999.0 -9999.0 -9999.0 -9999.0 -777.653682 -117.735875 -1248.909326 -820.959771 791996.882005 287670.537178 282598.815481 -1323.046229 -2881.847011 -3116.655896 -3084.200929 -3044.092436 -2996.853176 -2977.167485 -2955.877057 -2898.489613 -2225.456557 -909.734338 -790.705149 2177754.131086 1657686.078894 1448782.788271 -153.000033 -144.640694 -185.607759 2763.964635 -315.566216 -435.354685 -2643.042000 4835.152358 2047020.248510 -181.523837 -250.160093 -1086.759643 529456.142064 -176.564200 -1468.411952 2051.070013 2015130.006438 357321.887230 -281.402214 -1177.433544 -613.646056 1563152.275312 685812.581790 1182549.839046 -169.196938 -662.485305 -117.223222
-9999.0 -9999.0 -9999.0 -9999.0 -9999.0 -9999.0 -9999.0 -9999.0 -565446276.574880 696321.352144 1449119.747554 14718.771632 -333.032361 1431782.542969 2037359.472393 -1097.788993 -2687.224011 -2769.380937 -2986.293048 -3078.658110 -2427.825910 -3307.951157 -3390.054649 -3389.818252 -2891.463772 -2410.081739 -696.042310 138631.547766 176117.365351 6086.346073 21433.824693 -217.231340 -521.886346 -233.980676 -830.493737 -1157.794641 -2639.207860 -453.449702 225205.201731 -942.228772 -196.614664 -1139.739673 -240.381799 -961.242525 2613.085785 1212880.657584 468484.370260 -900.751114 112293.632239 -1018.611959 -700.320551 132519.446486 694151.286371 74486.305251 -1150.038304 47758.442074 1284332.144589
-9999.0 -9999.0 -9999.0 -9999.0 -9999.0 -9999.0 -9999.0 -9999.0 -185.315697 6205.863445 4291.422077 1411318.564808 -583.072529 482865.028016 966063.291480 2033885.108157 -1867.163346 -2828.129661 -2962.229794 -2395.007231 -3108.219331 -3275.448540 -3347.791990 -3063.776045 -3098.924794 -2748.780964 -770.962935 2120003.424955 224465.304817 -193.045157 -261.088239 -929.409202 1460263.808236 1515548.252021 -984.449928 -2477.089348 -1095.114776 -1147.049159 35024.398756 669526.996417 -918.459672 -336.514976 -1021.314462 1353.069372 1521897.791052 -918.682838 -199.904122 -58.469810 1540721.744187 359.219503 -1348.198544 -522.825760 404796.691859 731183.967690 220931.718162 439.650323 -469.457744
-9999.0 -9999.0 -9999.0 -9999.0 -9999.0 -9999.0 -9999.0 -9999.0 -163.994027 -998.783597 346876.960264 156480.701013 -434.927080 1445206.562668 2010530.817867 -661.736886 -2820.630241 -2913.354815 -2946.362937 -2959.288449 -3038.815937 -3063.608194 -3157.636172 -3063.044940 -2747.405424 -1862.347407 364690.825441 2060666.892144 -1169.050791 1375650.686422 971489.348856 177413.725933 -602.374330 -325.999869 78023.648194 -2251.976325 -2904.569535 -2751.363915 -1473.458213 -142.224499 -1173.021248 -1335.395593 -1251.602301 -876.679021 -209.181601 -284.769569 -1788.581780 -294.282672 -288.631500 1338093.862181 -12.981339 -1813.656768 -605.041011 149124.584663 -348.435155 -606.792164 -2389.890882
-9999.0 -9999.0 -9999.0 -9999.0 -9999.0 -9999.0 -9999.0 -9999.0 68023.267814 -349.737462 -7814079.301305 2087326.050723 2106220.646507 2108152.080986 -473.126654 -1830.364888 -1566.663863 -2651.207475 -2288.636569 -2778.352942 -2885.567318 -2979.780929 -2960.633720 -2892.871394 -2990.396935 -1805.328702 2057629.150249 40600.911849 -997.840602 55.063215 1945884.561840 -597.637748 -2663.292510 -1007.226091 -2332.395975 -2689.433703 -2747.151300 -2831.086185 -2799.654790 -2206.854868 -2557.710917 -2674.694057 -2068.305116 -1303.602213 1123505.585065 -1603.410282 146530.630168 5343.055721 209766.960342 -661.641074 -2575.920459 -2225.662109 -1783.023929 -1206.593614 -818.201215 -862.703662 -1572.679509
