user2019/resources/simulation/Vinschgau/output-maps/psiL0004N0649.asc
ncols         63
nrows         48
xllcorner     598000.000000
yllcorner     5145000.000000
cellsize      1000.000000
NODATA_value  -9999.0
[rows 0 to 26 of 48, columns 0 to 60 of 63]
-9999.0 -9999.0 -9999.0 -9999.0 -9999.0 -9999.0 -9999.0 -9999.0 -9999.0 -9999.0 -9999.0 -9999.0 -9999.0 -9999.0 -9999.0 -9999.0 -9999.0 -9999.0 -9999.0 -9999.0 -9999.0 -9999.0 -9999.0 -9999.0 -9999.0 -9999.0 -9999.0 -9999.0 -9999.0 -9999.0 -9999.0 -9999.0 -9999.0 -9999.0 -9999.0 -9999.0 -9999.0 -9999.0 -9999.0 -9999.0 -9999.0 -9999.0 -9999.0 -9999.0 -9999.0 -9999.0 -9999.0 -9999.0 -9999.0 -9999.0 -9999.0 -9999.0 -9999.0 -9999.0 -9999.0 -9999.0 -9999.0 -9999.0 -9999.0 -9999.0 -9999.0
-9999.0 -9999.0 -9999.0 -9999.0 -9999.0 -9999.0 -9999.0 -9999.0 -9999.0 -9999.0 -9999.0 -9999.0 -9999.0 -9999.0 -9999.0 -9999.0 -9999.0 -9999.0 -9999.0 -9999.0 -9999.0 -9999.0 -9999.0 -9999.0 -9999.0 -9999.0 -9999.0 -239.216331 73.871274 -328.198657 88.872908 78.847606 659.601029 -9999.0 -9999.0 -9999.0 -9999.0 -9999.0 -9999.0 -9999.0 -9999.0 -9999.0 -9999.0 -9999.0 -9999.0 -9999.0 -9999.0 -9999.0 -9999.0 -9999.0 -9999.0 -9999.0 -9999.0 -9999.0 -9999.0 -9999.0 -9999.0 -9999.0 -9999.0 -9999.0 -9999.0
-9999.0 -9999.0 -9999.0 -9999.0 -9999.0 -9999.0 -9999.0 -9999.0 -9999.0 -9999.0 -9999.0 -9999.0 -9999.0 -9999.0 -9999.0 -9999.0 -9999.0 -9999.0 -9999.0 -9999.0 -9999.0 -9999.0 -9999.0 -9999.0 77.473481 70.761268 66.014880 64.744521 77.182337 93.001436 73.135258 -9999.0 -9999.0 -9999.0 -9999.0 -9999.0 -9999.0 -9999.0 -9999.0 -9999.0 -9999.0 -9999.0 -9999.0 -9999.0 -9999.0 -9999.0 -9999.0 -9999.0 -9999.0 -9999.0 -9999.0 -9999.0 -9999.0 -9999.0 -9999.0 -9999.0 -9999.0 -9999.0 -9999.0 -9999.0 -9999.0
-9999.0 -9999.0 -9999.0 -9999.0 -9999.0 -9999.0 -9999.0 -9999.0 -9999.0 -9999.0 -9999.0 -9999.0 -9999.0 -9999.0 -9999.0 -9999.0 -9999.0 -9999.0 -9999.0 -9999.0 -9999.0 -9999.0 -9999.0 74.525374 77.042192 -527.280702 -712.652585 -781.107731 -365.979436 58.648500 66.848819 75.920757 -9999.0 -9999.0 -9999.0 -9999.0 -9999.0 -9999.0 -9999.0 -9999.0 -9999.0 -9999.0 -9999.0 -9999.0 -9999.0 -9999.0 -9999.0 -9999.0 -9999.0 -9999.0 -9999.0 -9999.0 -9999.0 -9999.0 -9999.0 -9999.0 -9999.0 -9999.0 -9999.0 -9999.0 -9999.0
-9999.0 -9999.0 -9999.0 -9999.0 -9999.0 -9999.0 -9999.0 -9999.0 -9999.0 -9999.0 -9999.0 -9999.0 -9999.0 -9999.0 -9999.0 -9999.0 -9999.0 -9999.0 83.442476 67.603957 -9999.0 82.862591 84.267558 -307.778957 -526.991869 -799.187910 -520.344581 -502.214348 -860.642618 -706.621975 65.827967 77.947994 -290.320188 -186.175330 -9999.0 -9999.0 -9999.0 -9999.0 -9999.0 -9999.0 -9999.0 -9999.0 -9999.0 -9999.0 -9999.0 -9999.0 -9999.0 -9999.0 -9999.0 -9999.0 -9999.0 -9999.0 -9999.0 -9999.0 -9999.0 -9999.0 -9999.0 -9999.0 -9999.0 -9999.0 -9999.0
-9999.0 -9999.0 -9999.0 -9999.0 -9999.0 -9999.0 -9999.0 -9999.0 -9999.0 -9999.0 -9999.0 -9999.0 -9999.0 -9999.0 -9999.0 -9999.0 -9999.0 -513.295966 -77.926890 -55638.255745 -277.529675 -12.342796 -289.216730 -552.267679 -484.217238 -468.958290 -425.371680 46.830397 -604.458107 -302.834918 76.230615 85.338000 -34597.436536 -11151.699569 -10414.819472 -9374.549688 -9999.0 -9999.0 -9999.0 -9999.0 -9999.0 -9999.0 -9999.0 -9999.0 -9999.0 -9999.0 -9999.0 -9999.0 -9999.0 -9999.0 -9999.0 -9999.0 -9999.0 -9999.0 -9999.0 -9999.0 -9999.0 -9999.0 -9999.0 -9999.0 -9999.0
-9999.0 -9999.0 -9999.0 -9999.0 -9999.0 -9999.0 -9999.0 -9999.0 -9999.0 -9999.0 -9999.0 -9999.0 -9999.0 83.576508 60.399760 -380.271042 -452.049169 -4685.723996 -484.707126 -346.617546 -295.357911 -462.933195 -542.526769 -422.757156 -365.355173 67.251675 -9765.731199 80.348294 -335.363709 -451.564343 6857.930485 122.550897 110.769406 126.374870 -189.454226 -302.164164 -9999.0 -9999.0 -9999.0 -9999.0 -9999.0 -9999.0 -9999.0 -9999.0 -9999.0 -9999.0 -9999.0 -9999.0 -9999.0 -9999.0 -9999.0 -9999.0 -9999.0 -9999.0 -9999.0 -9999.0 -9999.0 -9999.0 -9999.0 -9999.0 -9999.0
-9999.0 -9999.0 -9999.0 -9999.0 -9999.0 -9999.0 -9999.0 -9999.0 -9999.0 -9999.0 -9999.0 -9999.0 -9999.0 87.749200 52.733603 -390.589633 -384.508732 78.508469 -4846.130452 -476.503154 -361.008069 41.028216 -215.399898 -432.687235 -435.033748 53.533240 66.426879 -272.519876 -169.519471 71.072233 104.998310 82.834644 -257.981089 -241.813298 -210.090035 -9999.0 -9999.0 -9999.0 -9999.0 -9999.0 -9999.0 -9999.0 -9999.0 -9999.0 -9999.0 -9999.0 -9999.0 -9999.0 -9999.0 -9999.0 -9999.0 -9999.0 -9999.0 -9999.0 -9999.0 -9999.0 -9999.0 -9999.0 -9999.0 -9999.0 -9999.0
-9999.0 -9999.0 -9999.0 -9999.0 -9999.0 -9999.0 -9999.0 -9999.0 -9999.0 -9999.0 -9999.0 -9999.0 -9999.0 -150.632084 461.230700 -275.740446 -340.401756 -400.343449 -4804.578112 -271.442074 79.038709 -32627.060412 84.518702 -226.449060 -236.142738 85.318678 -585.761051 -258.770713 78.190606 -224.788378 95.808283 -72.699515 -264.640349 -90.198739 -234.633257 -9999.0 -9999.0 -9999.0 -9999.0 -9999.0 -9999.0 -9999.0 -9999.0 -9999.0 -9999.0 -9999.0 -9999.0 -9999.0 -9999.0 -9999.0 -9999.0 -9999.0 -9999.0 -9999.0 -9999.0 -9999.0 -9999.0 -9999.0 -9999.0 -9999.0 -9999.0
-9999.0 -9999.0 -9999.0 -9999.0 -9999.0 -9999.0 -9999.0 -9999.0 -9999.0 -9999.0 -9999.0 -9999.0 40.569067 4373.646228 -178.161048 78.048989 -8.650248 -333.053744 46.970820 -64118.261884 -362.884844 43.220813 96.465815 73.509954 2478.473404 65.674912 814.919208 75.307110 137.153913 -195.688883 70.311557 -246.922666 111.046258 -232.007673 -9999.0 -9999.0 -9999.0 -9999.0 -9999.0 -9999.0 -9999.0 -9999.0 -9999.0 -9999.0 -9999.0 -9999.0 -9999.0 -9999.0 -9999.0 -9999.0 -9999.0 -9999.0 -9999.0 -9999.0 -9999.0 -9999.0 -9999.0 -9999.0 -9999.0 -9999.0 -9999.0
-9999.0 -9999.0 -9999.0 -9999.0 -9999.0 -9999.0 -9999.0 -9999.0 -9999.0 -9999.0 -9999.0 107.151217 119.569130 222.105815 76.111247 89.802387 -75012.240340 -43.287249 49.424846 -18197.760252 65.277273 93.979867 94.817129 75.543148 161.679010 113.172067 69.571701 91.881317 2432.233311 -103.579435 -217.428413 127.869678 -245.172084 -226.905750 -278.392046 -288.405092 -524.931296 -779.440903 -645.876107 -9999.0 -9999.0 -9999.0 -2949.484739 -9999.0 -9999.0 -9999.0 -9999.0 -9999.0 -9999.0 -9999.0 -9999.0 -9999.0 -9999.0 -9999.0 -9999.0 -9999.0 -9999.0 -9999.0 -9999.0 -9999.0 -9999.0
-9999.0 -9999.0 -9999.0 -9999.0 -9999.0 -9999.0 -9999.0 -9999.0 -9999.0 -9999.0 -9999.0 92.206064 96.599523 144.010661 90.403066 70.824057 67.329825 -353.801029 47.242840 105.550056 97.832716 90.033504 104.397619 83.716468 143.588894 92.835147 79.582488 114.707795 -152.132960 -162.224492 105.492889 179.293918 70.729004 90.305367 62.954619 46.763538 -1025.448241 -1437.976833 -1468.527969 -1111.412543 -237.720677 -181.036222 72.529158 -233.191798 -9999.0 -9999.0 -9999.0 77.401637 84.845550 -245.093828 91.957763 -220.086276 -207.971825 77.283478 107.879326 -84.833048 -9999.0 -9999.0 -9999.0 -9999.0 -9999.0
-9999.0 -9999.0 -9999.0 -9999.0 -9999.0 -9999.0 -9999.0 -9999.0 -9999.0 -9999.0 -9999.0 124.644513 73.605166 174.183081 105.886740 88.314981 104.366534 97.992734 99.114165 49.700245 106.578130 97.532713 79.151547 94.902039 85.578043 -205.348600 96.037963 2465.501740 -296.149856 79.833764 -242.970899 168.324065 88.308665 71.402961 -182.276568 -556.313283 -1740.398661 -2697.816710 -3230.645481 -4991.290830 -1061.721913 -349.501003 48.724241 74.202672 73.013304 -9999.0 -239.913257 99.563372 100.970830 105.515433 98.019174 -214.249546 99.172942 92.864527 132.601536 105.734517 -9999.0 -9999.0 -9999.0 -9999.0 -9999.0
-9999.0 -9999.0 -9999.0 -9999.0 -9999.0 -9999.0 -9999.0 -9999.0 -9999.0 -9999.0 -9999.0 -9999.0 122.064448 144.458159 76.544540 86.784299 79.876562 73.446747 108.518712 48.655870 84.811705 102.729678 133.819768 118.673387 78.055840 86.373734 1734.183606 93.107374 104.427798 -262.221330 85.133321 125.532900 81.484039 81.389236 72.494964 -571.891285 -1989.096831 -2683.442826 -3519.444976 -3028.151111 -1332.664837 -1984.254141 -626.750680 67.956920 -318.950014 80.784852 -295.819702 85.473033 95.423617 100.471394 49.561895 192.336836 721.959560 222.734081 189.114859 137.316881 96.934056 -9999.0 -9999.0 -9999.0 -9999.0
-9999.0 -9999.0 -9999.0 -9999.0 -9999.0 -9999.0 -9999.0 -9999.0 -9999.0 -9999.0 -9999.0 100.056565 74.924966 99.351465 156.079016 99.083130 103.885420 91.238674 102.106980 -30.868850 90.898735 106.563517 125.110974 67.756872 83.935916 143.513084 104.295941 78.349426 75.879871 -287.515587 92.998429 161.258385 99.378102 80.002501 68.684330 50.723527 -1341.351829 -2655.201538 -2600.790748 -2893.514914 -1463.554828 -1051.289078 -498.864791 -4375.016906 70.859979 69.706982 106.696116 -318.606001 -317.326679 43.018103 -1328.261667 80.449019 130.382755 -203.817377 -250.462176 -172.637053 -173.761931 -9999.0 -9999.0 -9999.0 -9999.0
-9999.0 -9999.0 -9999.0 -9999.0 -9999.0 -9999.0 -9999.0 -9999.0 -9999.0 -9999.0 1653.514195 112.211703 82.574287 78.664292 80.502543 1486.452932 1483.677078 61.440163 -263.838952 -42.131387 111.304351 115.878743 69.766196 79.780939 102.089840 1860.765394 82.610661 -3109.640520 88.317068 87.804638 141.315532 355.084367 90.679799 85.402157 -141.355771 -184.829159 -609.342726 -1516.067308 -2047.327041 -1928.486980 -1425.642215 -7590.002350 -266.705743 -395.787242 60.929148 -216.400133 76.659445 84.774456 95.628371 39.390053 -2876.060420 -240.905132 -182.199998 -48.830485 -166.174698 114.155801 119.992729 -9999.0 -9999.0 -9999.0 -9999.0
-9999.0 -9999.0 -9999.0 -9999.0 -9999.0 -9999.0 -9999.0 -9999.0 -9999.0 92.100571 109.591529 155.061690 126.227753 72.330901 126.413875 111.635271 69.720003 78.637302 60.337130 -254.043622 89.837702 51.049873 79.975250 44.703394 47.083740 78.010211 66.565714 83.095017 91.220557 97.670804 45.825749 77.925348 -178.641384 -169.469879 -226.620393 -222.664731 80.479100 -398.138532 -558.885070 -384.496966 -495.887934 -314.443545 39.759468 -712.572295 -307.639319 57.133161 67.170866 56.345154 61.110777 43.112630 98.069588 -198.750171 -57.309641 -80.121982 -168.983875 152.003942 200.099904 -123.936726 -148.737220 -9999.0 -9999.0
-9999.0 -9999.0 -9999.0 -9999.0 -9999.0 -9999.0 -9999.0 -9999.0 -9999.0 156.637549 91.318704 80.588244 3385.813224 76.550890 70.997265 70.405927 83.385348 83.320420 52.971066 -296.876811 -152.354544 -217.023577 45.735579 97.375002 79.182525 68.974938 79.406871 84.280270 44.516350 44.371951 95.230628 86.668806 110.368970 79.428878 98.600446 -199.409113 -195.257275 -190.476485 63.393557 79.482430 69.372956 60.436295 -372.333647 -230.888278 -311.386828 -421.979669 -327.823880 -428.358051 45.906585 38.654610 68.283982 71.444206 -132.259674 100.265941 -47.267404 110.097347 166.727397 131.046541 -132.730139 -9999.0 -9999.0
-9999.0 -9999.0 -9999.0 -9999.0 -9999.0 -9999.0 -9999.0 -9999.0 -9999.0 -9999.0 84.769356 115.610552 100.255883 1745.610353 65.030084 68.285719 82.233841 88.208779 -92.528887 -305.568649 71.286109 81.404193 80.789175 86.954261 68.655266 78.376866 83.384248 43.816312 90.037684 78.584494 83.699602 3518.907919 77.922106 90.727511 122.195831 116.871110 67.989276 74.166873 -157.277026 85.021188 62.333217 70.084536 3487.122022 67.058098 72.562054 66.435474 69.001261 44.668473 36.604143 62.675769 77.462338 95.807673 -211.750198 -79.201020 87.430728 99.723322 112.866113 11390.405194 140.956295 64.201029 -9999.0
-9999.0 -9999.0 -9999.0 -9999.0 -9999.0 -9999.0 -9999.0 -9999.0 -9999.0 -9999.0 106.084325 90.797145 76.517574 80.975943 46.618463 -219.944237 65.447917 -47.661846 -383.203714 -336.137513 -311.118709 57.328714 69.140350 69.095626 79.959045 77.235795 45.941217 88.707907 87.485991 67.597120 87.967396 166.177945 -910.738477 75.489236 79.222473 105.190789 2655.990728 88.591904 83.471919 75.351765 88.363930 -90.062315 107.516009 73.126995 79.483464 73.030937 75.860900 69.636523 75.327783 44.013597 85.675854 84.919877 93.928741 -163.371332 -132.458129 -147.908477 69.803820 67.220809 213.976930 135.178246 -9999.0
-9999.0 -9999.0 -9999.0 -9999.0 -9999.0 -9999.0 -9999.0 -9999.0 99.663389 80.472699 71.960134 114.713256 240.708441 80.004542 71.365335 40.873213 -387.151756 -342.300116 -377.993916 -337.800695 -369.166351 -286.504703 48.957604 -111.278311 -67.114197 43.004004 88.737447 79.629705 113.397397 109.590628 -107.904803 111.434257 97.824977 80.035194 119.229158 63.912996 76.727493 90.733844 71.417656 -259.549293 -772.386952 118.853688 -1649.352204 -223.875997 -401.710899 1710.255737 68.612498 76.212796 69.015105 44.355059 82.807624 94.217919 93.086418 86.706911 -233.385108 78.996323 -192.546307 67.489515 55.443708 131.386376 -9999.0
-9999.0 -9999.0 -9999.0 -9999.0 -9999.0 -9999.0 -9999.0 -9999.0 1296.810540 131.182531 86.889711 74.073570 73.698109 1503.183530 69.181927 71.816213 54.245767 -308.992413 -451.052366 -356.598324 -262.638390 -236.463358 68.352710 48.119781 -396.742161 44.296349 99.410439 106.787540 -1605.899811 89.243334 85.678738 -4744.309196 141.136278 -4234.500302 111.037359 82.157651 116.481537 118.813155 84.112358 85.819818 83.147673 26.804117 -961.521149 85.661198 2063.149136 94.883027 -1682.873399 77.901204 71.769341 68.350040 40.628281 75.005618 79.825578 72.458222 66.279657 -3909.418579 60.665641 60.241800 52.591813 52.499232 -476.410781
-9999.0 -9999.0 -9999.0 -9999.0 -9999.0 -9999.0 -9999.0 -9999.0 85.546388 2550.067210 92.909122 76.209625 191.689433 -1063.362408 78.008630 66.324681 45.434655 -348.707070 -472.177025 -275.667397 -359.084877 -323.145191 -243.024095 -318.223947 -268.119735 79.941658 86.632454 81.208120 -2665.800685 98.115552 -27870.427761 127.228584 85.837140 83.938608 101.437162 139.916983 90.866793 46.741043 88.680961 96.874166 98.294211 -4874.156473 93.439397 2086.654207 89.968068 90.927655 -1157.922980 77.095196 69.465713 58.969389 40.062954 65.572321 64.747799 58.721072 60.222898 71.528244 58.491020 53.395263 48.098289 -290.411391 -409.842094
-9999.0 -9999.0 -9999.0 -9999.0 -9999.0 -9999.0 -9999.0 -9999.0 -994.825157 98.362625 162.491983 -3913.956580 88.066700 84.282802 85.072654 70.883351 44.027754 -483.322643 -211.378664 -431.145913 -361.453214 -373.755577 -408.977894 -476.523198 -296.658347 75.261351 79.750811 76.057877 76.092034 111.282292 85.449941 102.687936 92.278358 122.933466 84.594867 66.105970 68.307667 40.853435 83.814230 81.810402 71.637598 85.351779 91.570050 -470.097476 71.742209 -566.209227 82.986053 -562.464431 58.082254 54.021409 46.515999 38.672435 54.170167 45.097652 52.549542 58.761787 56.428468 63.870774 -534.731213 -427.538353 -295.218926
-9999.0 -9999.0 -9999.0 -9999.0 -9999.0 -9999.0 -9999.0 -9999.0 70.595657 104.222317 3590.717429 75.601569 101.583950 97.173463 91.228691 91.317721 43.678630 65.913950 62.010227 -210.271845 -423.606732 -401.194700 -446.121409 -528.949460 -463.463008 45.987803 61.938228 83.420993 84.404014 124.290607 76.673596 95.482802 126.059632 93.903760 76.723450 81.645847 74.781965 42.742692 98.909213 82.048001 68.629028 78.439463 96.315081 77.242765 67.757342 77.569849 73.776513 83.898807 51.769969 50.770283 42.912368 -567.081153 -326.625839 -368.796171 113.865643 115.880024 49.963239 -300.742885 -300.590154 -275.505264 -86.350898
-9999.0 -9999.0 85.674135 96.714330 901.233619 80.919794 184.833042 130.161274 98.393931 111.790494 116.250791 200.484225 107.859099 110.704480 49.135912 41.898903 79.613165 74.954972 74.646695 72.711841 -303.120363 -504.740986 -396.737584 -606.254604 -398.832901 -392.008030 -177.316783 66.116971 78.851597 92.640994 67.219198 74.714272 155.267332 71.860364 89.029009 68.800148 76.216776 44.852082 79.468088 64.717544 68.458495 75.437400 93.022834 78.791622 64.052812 67.535225 69.943368 63.507839 47.560812 -413.026524 -682.160667 -639.261601 49.138619 49.976585 50.526462 50.261280 69.415004 55.698055 54.734916 50.585730 58.825199
-9999.0 85.749021 110.036041 98.993663 73.955526 140.417616 180.617694 106.464794 99.539187 101.246708 104.302786 96.170672 136.119097 160.029830 47.096897 90.702897 92.039531 79.784617 74.962502 74.547973 -323.741448 -293.086819 -264.267550 -527.669587 -490.511726 -470.112913 -427.328384 -387.883083 -263.033609 69.351150 -341.049937 -228.472664 85.594579 92.512282 81.922611 68.834522 65.740097 43.198323 72.518687 56.097796 55.870934 73.298067 80.822315 54.668766 41.948140 -254.753281 -192.325917 -411.572372 -551.220451 -749.707602 -410.709022 49.315342 72.852624 79.015489 74.505012 58.358747 58.207628 54.179580 63.481022 61.609404 58.811962
