user2019/resources/simulation/Vinschgau/output-maps/psiL0005N0262.asc
ncols         63
nrows         48
xllcorner     598000.000000
yllcorner     5145000.000000
cellsize      1000.000000
NODATA_value  -9999.0
[rows 0 to 25 of 48, columns 0 to 58 of 63]
-9999.0 -9999.0 -9999.0 -9999.0 -9999.0 -9999.0 -9999.0 -9999.0 -9999.0 -9999.0 -9999.0 -9999.0 -9999.0 -9999.0 -9999.0 -9999.0 -9999.0 -9999.0 -9999.0 -9999.0 -9999.0 -9999.0 -9999.0 -9999.0 -9999.0 -9999.0 -9999.0 -9999.0 -9999.0 -9999.0 -9999.0 -9999.0 -9999.0 -9999.0 -9999.0 -9999.0 -9999.0 -9999.0 -9999.0 -9999.0 -9999.0 -9999.0 -9999.0 -9999.0 -9999.0 -9999.0 -9999.0 -9999.0 -9999.0 -9999.0 -9999.0 -9999.0 -9999.0 -9999.0 -9999.0 -9999.0 -9999.0 -9999.0 -9999.0
-9999.0 -9999.0 -9999.0 -9999.0 -9999.0 -9999.0 -9999.0 -9999.0 -9999.0 -9999.0 -9999.0 -9999.0 -9999.0 -9999.0 -9999.0 -9999.0 -9999.0 -9999.0 -9999.0 -9999.0 -9999.0 -9999.0 -9999.0 -9999.0 -9999.0 -9999.0 -9999.0 -894.946438 -1207.054285 -897.092309 -1355.960943 -896.310896 -896.329318 -9999.0 -9999.0 -9999.0 -9999.0 -9999.0 -9999.0 -9999.0 -9999.0 -9999.0 -9999.0 -9999.0 -9999.0 -9999.0 -9999.0 -9999.0 -9999.0 -9999.0 -9999.0 -9999.0 -9999.0 -9999.0 -9999.0 -9999.0 -9999.0 -9999.0 -9999.0
-9999.0 -9999.0 -9999.0 -9999.0 -9999.0 -9999.0 -9999.0 -9999.0 -9999.0 -9999.0 -9999.0 -9999.0 -9999.0 -9999.0 -9999.0 -9999.0 -9999.0 -9999.0 -9999.0 -9999.0 -9999.0 -9999.0 -9999.0 -9999.0 -761.319466 -730.876190 -628.978515 -698.532900 -663.048358 -1512.008130 -1343.024254 -9999.0 -9999.0 -9999.0 -9999.0 -9999.0 -9999.0 -9999.0 -9999.0 -9999.0 -9999.0 -9999.0 -9999.0 -9999.0 -9999.0 -9999.0 -9999.0 -9999.0 -9999.0 -9999.0 -9999.0 -9999.0 -9999.0 -9999.0 -9999.0 -9999.0 -9999.0 -9999.0 -9999.0
-9999.0 -9999.0 -9999.0 -9999.0 -9999.0 -9999.0 -9999.0 -9999.0 -9999.0 -9999.0 -9999.0 -9999.0 -9999.0 -9999.0 -9999.0 -9999.0 -9999.0 -9999.0 -9999.0 -9999.0 -9999.0 -9999.0 -9999.0 -709.396501 -632.205327 -215.526457 -199.571249 -229.158147 -210.141796 -1524.433109 -971.195830 -1305.457707 -9999.0 -9999.0 -9999.0 -9999.0 -9999.0 -9999.0 -9999.0 -9999.0 -9999.0 -9999.0 -9999.0 -9999.0 -9999.0 -9999.0 -9999.0 -9999.0 -9999.0 -9999.0 -9999.0 -9999.0 -9999.0 -9999.0 -9999.0 -9999.0 -9999.0 -9999.0 -9999.0
-9999.0 -9999.0 -9999.0 -9999.0 -9999.0 -9999.0 -9999.0 -9999.0 -9999.0 -9999.0 -9999.0 -9999.0 -9999.0 -9999.0 -9999.0 -9999.0 -9999.0 -9999.0 -198.353841 -263.302940 -9999.0 -690.292519 -539.922030 -214.494867 996.929886 -212.686895 -472.535566 -493.130474 2116.663989 -244.430556 -1490.458850 -1041.242677 -896.764445 -894.903050 -9999.0 -9999.0 -9999.0 -9999.0 -9999.0 -9999.0 -9999.0 -9999.0 -9999.0 -9999.0 -9999.0 -9999.0 -9999.0 -9999.0 -9999.0 -9999.0 -9999.0 -9999.0 -9999.0 -9999.0 -9999.0 -9999.0 -9999.0 -9999.0 -9999.0
-9999.0 -9999.0 -9999.0 -9999.0 -9999.0 -9999.0 -9999.0 -9999.0 -9999.0 -9999.0 -9999.0 -9999.0 -9999.0 -9999.0 -9999.0 -9999.0 -9999.0 -94.816092 -196.936341 -119957.419484 -900.164900 -432.554919 -266.004268 -611.068621 -141.921565 -506.669987 -573.518265 -799.071272 -557.998923 -510.540291 -349.357773 -1508.334534 -903.940055 -899.015823 -894.081594 -897.424932 -9999.0 -9999.0 -9999.0 -9999.0 -9999.0 -9999.0 -9999.0 -9999.0 -9999.0 -9999.0 -9999.0 -9999.0 -9999.0 -9999.0 -9999.0 -9999.0 -9999.0 -9999.0 -9999.0 -9999.0 -9999.0 -9999.0 -9999.0
-9999.0 -9999.0 -9999.0 -9999.0 -9999.0 -9999.0 -9999.0 -9999.0 -9999.0 -9999.0 -9999.0 -9999.0 -9999.0 -1563.397711 -282.020977 -220.693382 -230.364267 -911.519516 -104.544452 -261.036597 -193.939183 -66.340711 -211.824806 1134.201737 -681.149138 -666.751725 -978.198395 -1951.917093 -1854.743662 -756.001358 -809.564152 -585.512594 -1385.023507 -1329.437281 -897.589961 -897.575304 -9999.0 -9999.0 -9999.0 -9999.0 -9999.0 -9999.0 -9999.0 -9999.0 -9999.0 -9999.0 -9999.0 -9999.0 -9999.0 -9999.0 -9999.0 -9999.0 -9999.0 -9999.0 -9999.0 -9999.0 -9999.0 -9999.0 -9999.0
-9999.0 -9999.0 -9999.0 -9999.0 -9999.0 -9999.0 -9999.0 -9999.0 -9999.0 -9999.0 -9999.0 -9999.0 -9999.0 -364.674159 1159.620401 -228.584865 -228.929601 -201.279746 -915.420424 -222.299819 -177.761286 -512.617835 951.197407 -409.748750 -390.127329 -1810.244934 -1195.036430 -897.490263 -897.574003 -1516.705977 -685.174603 -1416.821140 -897.479547 -897.596557 -897.624447 -9999.0 -9999.0 -9999.0 -9999.0 -9999.0 -9999.0 -9999.0 -9999.0 -9999.0 -9999.0 -9999.0 -9999.0 -9999.0 -9999.0 -9999.0 -9999.0 -9999.0 -9999.0 -9999.0 -9999.0 -9999.0 -9999.0 -9999.0 -9999.0
-9999.0 -9999.0 -9999.0 -9999.0 -9999.0 -9999.0 -9999.0 -9999.0 -9999.0 -9999.0 -9999.0 -9999.0 -9999.0 -358.672312 928.988256 -214.464489 -223.513408 -223.938598 -913.820949 -199.887302 -250.684388 -1311.957592 -508.767422 -577.337977 -801.978422 -862.134611 -896.521285 -897.382960 -962.669100 -897.454404 -1437.213084 -897.529624 -897.486078 -897.407212 -897.536953 -9999.0 -9999.0 -9999.0 -9999.0 -9999.0 -9999.0 -9999.0 -9999.0 -9999.0 -9999.0 -9999.0 -9999.0 -9999.0 -9999.0 -9999.0 -9999.0 -9999.0 -9999.0 -9999.0 -9999.0 -9999.0 -9999.0 -9999.0 -9999.0
-9999.0 -9999.0 -9999.0 -9999.0 -9999.0 -9999.0 -9999.0 -9999.0 -9999.0 -9999.0 -9999.0 -9999.0 -873.165864 1241.165304 1040.980287 -678.816834 -245.206266 -220.566561 2407.381514 -333057.246665 -622.530631 -720.664896 -1139.630282 -698.466786 -447.552308 -1420.027025 -693.774867 -1267.090880 -1552.675467 -897.331448 -1450.711574 -895.202868 -1038.600062 -897.573386 -9999.0 -9999.0 -9999.0 -9999.0 -9999.0 -9999.0 -9999.0 -9999.0 -9999.0 -9999.0 -9999.0 -9999.0 -9999.0 -9999.0 -9999.0 -9999.0 -9999.0 -9999.0 -9999.0 -9999.0 -9999.0 -9999.0 -9999.0 -9999.0 -9999.0
-9999.0 -9999.0 -9999.0 -9999.0 -9999.0 -9999.0 -9999.0 -9999.0 -9999.0 -9999.0 -9999.0 -644.428821 -449.509854 -215.758303 -725.087593 -529.905093 -1098.792809 -219.281983 -181.557325 -201150.236882 -181.806213 -315.818308 -1382.142792 -1420.074471 -1670.264638 -1495.479349 -1427.470600 -1454.439657 -628.935506 -897.422420 -894.523785 -1061.113583 -897.152745 -897.768485 -899.224559 -900.700153 -1701.394083 -962.045536 -292.214975 -9999.0 -9999.0 -9999.0 -896.530591 -9999.0 -9999.0 -9999.0 -9999.0 -9999.0 -9999.0 -9999.0 -9999.0 -9999.0 -9999.0 -9999.0 -9999.0 -9999.0 -9999.0 -9999.0 -9999.0
-9999.0 -9999.0 -9999.0 -9999.0 -9999.0 -9999.0 -9999.0 -9999.0 -9999.0 -9999.0 -9999.0 -572.741546 -686.450923 -444.954217 -325.666028 -1346.925973 -602.870883 -236.570892 -186.004519 -218.129080 936.593408 -271.072233 -705.019708 -591.007646 -561.687785 -1477.151190 -1563.317686 -1455.648888 -893.896012 -897.509036 -1507.599683 -1559.094874 -1602.625201 -1271.333153 -1218.770330 -1679.363413 -665.723133 -582.810988 -308.479021 -902.011365 -903.782085 -900.045231 -1320.881073 -896.519682 -9999.0 -9999.0 -9999.0 -217.146681 -1057.783288 -894.978877 -1510.176345 -894.347761 -893.763222 -232.655656 -246.388231 -893.179350 -9999.0 -9999.0 -9999.0
-9999.0 -9999.0 -9999.0 -9999.0 -9999.0 -9999.0 -9999.0 -9999.0 -9999.0 -9999.0 -9999.0 -583.233712 -590.942153 -1488.993431 -362.799250 -1403.564729 -351.365877 -190.918285 779.659936 -201.131825 -219.282546 -820.453522 -426.518676 -667.466133 -1524.817501 -897.140123 -462.908266 -1496.349070 -897.380341 -1408.831152 -897.581579 -1553.145413 -834.214982 -1258.309512 -898.645024 -1086.095500 -527.865193 -1182.158948 -1059.506935 -878.877563 -619.457739 -344.525302 -665.731802 -1584.395861 -1313.200857 -9999.0 -897.521976 -1108.691478 -1594.846795 -838.673480 -301.758351 -901.711779 -110.695520 -153.774920 -81.209827 -300.365708 -9999.0 -9999.0 -9999.0
-9999.0 -9999.0 -9999.0 -9999.0 -9999.0 -9999.0 -9999.0 -9999.0 -9999.0 -9999.0 -9999.0 -9999.0 -567.458899 -385.921963 -376.862192 -470.074888 -578.261575 -223.900034 -208.486301 -195.145115 -185.002626 -854.294282 -567.329516 -424.605763 -597.506281 -447.585118 -184.536581 -897.497076 -1473.624806 -894.494819 -1562.428004 -626.896413 -697.575263 -1266.371653 -1653.372954 -1483.087115 -565.367018 -529.132194 -1042.781060 -123.819703 -464.530268 -910.838808 -352.850631 -247.306979 -895.101296 -1020.748467 -894.725225 -1185.698804 -1502.034981 -754.662898 -260.969585 -544.182065 -288.565110 -246.334120 -532.984114 -519.003154 -548.902250 -9999.0 -9999.0
-9999.0 -9999.0 -9999.0 -9999.0 -9999.0 -9999.0 -9999.0 -9999.0 -9999.0 -9999.0 -9999.0 -341.849200 -642.454945 -894.997030 -365.293319 -336.398274 -280.491800 -228.292739 926.854238 -158.223306 -234.418781 -143.213515 -265.118699 -830.400916 -440.198514 -247.776882 -364.466255 -1542.944490 -1536.390199 -897.381488 -509.990534 -624.730423 -543.292263 -1354.443536 -1403.514117 -1332.929115 -1387.697778 -1202.454981 -479.607355 -728.134447 -1112.224283 -285.628667 -272.944378 -12188.878486 -243.933001 -1282.485138 -1682.231937 -899.600154 -900.149048 -721.077094 -890.647924 -1568.378425 -579.555788 -889.961496 -898.015237 -897.341918 -893.573381 -9999.0 -9999.0
-9999.0 -9999.0 -9999.0 -9999.0 -9999.0 -9999.0 -9999.0 -9999.0 -9999.0 -9999.0 -335.956941 -420.936998 -357.094226 -790.206061 -258.659874 -270.753770 -592.099173 -652.855367 -224.348004 -92.900859 -210.175441 -221.152143 -995.284427 -228.709040 -296.100822 -333.673481 -1591.381020 -892.258130 -270.913264 -374.205112 -248.382312 -637.986409 -1521.462861 -1322.074824 -897.729332 -896.664296 -909.086572 -561.480574 -751.394280 -482.770594 -951.738745 -1020.187601 -892.708334 -218.429546 -249.241609 -897.669730 -1674.405469 -895.698838 -222.394763 -265.578284 -905.122219 -897.484150 -897.776339 -897.281774 -897.167730 -671.785117 -487.597951 -9999.0 -9999.0
-9999.0 -9999.0 -9999.0 -9999.0 -9999.0 -9999.0 -9999.0 -9999.0 -9999.0 -1700.664986 -281.960577 -313.169109 -256.461258 -414.957027 -234.189736 -638.678257 -582.837371 -242.121179 -220.241674 -188.480188 -206.651710 -368.576332 -466.054251 -215.491733 -328.647592 -1608.556472 -405.069806 -312.310392 -504.789782 -252.137138 -311.850221 -902.879175 -897.634601 -897.537550 -897.570804 -897.948477 -1762.532205 -572.145153 -565.846730 -626.064257 -403.022797 -571.870622 -1530.432397 -414.927832 -138.908870 -528.762756 -187.266367 -1438.758125 -1894.139485 -218.314365 -1034.518064 -893.729435 -897.324281 -897.154534 -895.073998 -1382.343716 -251.445310 -521.895399 -893.882494
-9999.0 -9999.0 -9999.0 -9999.0 -9999.0 -9999.0 -9999.0 -9999.0 -9999.0 -705.579343 -1690.003266 -1373.643753 883.201254 -394.094370 -296.237639 -420.083414 -184.476658 -532.354231 -204.895188 -178.361302 -139.370478 -58.708286 -237.223925 -250.598262 -1523.704066 -451.662379 -289.266084 -262.292441 2052.719221 -447.350917 -1641.927052 -1558.020362 -1484.100623 -1172.985568 -1542.881685 -897.903833 -896.766370 -898.577232 -1357.542238 -1816.150897 -356.209930 -1532.979517 -450.132190 -312.311967 -114.248539 -143.967363 -116.732398 -196.222771 -290.046361 -253.117393 -895.903545 -1405.891725 -897.281632 -1424.487318 -897.286886 -243.477723 -645.190812 -548.606449 -645.745788
-9999.0 -9999.0 -9999.0 -9999.0 -9999.0 -9999.0 -9999.0 -9999.0 -9999.0 -9999.0 -1396.053336 -1828.693111 -552.513316 -218.986254 -918.619055 -327.815748 -473.402057 1155.476929 -181.410926 -134.151596 -216.282784 -196.097140 -312.871512 -635.698348 -495.440815 -291.557727 856.649397 -99.733679 -1695.868258 -602.179622 -1585.641999 -382.511420 -1475.941044 -1488.401677 -1481.444528 -489.434028 -276.454524 -398.281125 -894.377563 -1391.650684 -1365.731018 -713.783798 -738.043430 -1478.252513 -1701.844583 -656.491275 -137.755033 -196.942896 -135.325421 -160.204955 -949.901523 -1000.594847 -893.882599 -897.214795 -518.348464 -1435.395038 -520.934172 -228.434356 -207.867352
-9999.0 -9999.0 -9999.0 -9999.0 -9999.0 -9999.0 -9999.0 -9999.0 -9999.0 -9999.0 -1241.667902 -1435.088904 -582.124804 -267.570013 -211.798245 1023.661879 -347.343360 -224.488821 -350.394377 -429.923367 -137.672029 -209.922324 -242.600474 -558.047978 -352.935674 1242.795337 -168.094323 -236.203565 -547.162459 -1549.459139 -1496.925583 -567.828353 -899.795157 -1519.398876 -1494.345119 -630.061392 -425.604136 -789.039878 -1532.410877 -1442.678803 -1214.975512 -894.920496 -563.513681 -1444.911819 -430.315052 -860.183701 -808.847806 -1646.492671 -146.002661 -139.289056 -150.003251 -1724.113961 -582.585480 -893.869172 -892.606240 -893.609670 -1417.905513 -610.264939 2023.821939
-9999.0 -9999.0 -9999.0 -9999.0 -9999.0 -9999.0 -9999.0 -9999.0 -324.483217 -884.292433 -813.982231 -583.919732 -655.576856 -746.087983 -431.469120 -97.329724 -91.445133 -57.707172 -549.816942 -531.263550 -1126.137049 -569.896083 -299.250587 -240.264849 -153.291941 -474.340068 -154.292590 -534.729716 -546.770435 -1569.500013 -897.424700 -1422.862932 -1383.877354 -1403.755256 -1231.294889 -1529.723319 -1824.949905 -657.597176 -1450.465216 -894.177153 -897.647267 -612.714599 -890.145420 -897.600692 -898.729066 -772.252590 -1513.623361 -650.662462 -126.834304 3888.922010 1095.198463 -293.682477 -667.759977 -1407.467702 -894.235669 -78.820036 -498.415220 -50.122896 -180.830192
-9999.0 -9999.0 -9999.0 -9999.0 -9999.0 -9999.0 -9999.0 -9999.0 -910.373584 -449.872621 -1391.379184 -1601.800814 -1308.543363 -493.970375 -537.097880 -212.151326 1111.635294 -180.212186 -649.053567 -495.345697 -359.614078 -316.429819 -402.027541 -85.784090 -474.560304 -642.139915 -203.598851 -728.432049 -890.289854 -1473.152921 -1134.885757 -899.137286 -1466.386343 -894.630320 -823.954516 -791.649022 -1151.363482 -288.150454 -1441.118044 -1674.090264 -1526.697986 -897.416652 -897.630201 -1601.873504 -600.556785 -556.317822 -892.205142 -1353.690296 -1861.088585 988.168191 3572.900001 -403.229561 -547.211584 -280.520195 -262.994549 -1296.945602 -635.606390 -168.133225 -100.005838
-9999.0 -9999.0 -9999.0 -9999.0 -9999.0 -9999.0 -9999.0 -9999.0 -1711.567046 -1533.177642 -560.878754 -1521.557057 -618.999366 -901.594169 -271.465711 -1442.557426 -160.310754 1732.106529 -449.141532 -323.870724 -559.842167 -269.084041 -474.118822 -595.960548 -148.225808 -225.987674 1042.181174 -423.931779 -920.979053 -1641.627864 -899.215796 -619.332064 -592.685220 -1026.883957 -773.680292 -423.865116 -1791.676309 -310.134049 -1494.292109 -1468.339545 -1262.235245 -893.866739 -787.904071 -524.328854 -551.957468 -622.172740 -895.027552 -484.323741 -533.733049 -122.406248 63.585103 446.992334 -1182.864275 -1401.999153 -178.526149 689.458619 3112.291403 189.184161 -48.162468
-9999.0 -9999.0 -9999.0 -9999.0 -9999.0 -9999.0 -9999.0 -9999.0 -897.496093 -1587.785122 -214.363042 -1016.922335 -251.718153 -220.193926 -246.327021 904.623274 -151.065463 -209.370478 -179.128932 -576.498899 -311.082309 -435.684546 -320.592462 -121.999331 -226.488943 983.820843 -258.732657 -833.853712 -232.500481 -279.882623 -1432.407006 -1776.148687 -280.028547 -249.387765 -1003.075084 -1421.596847 -1449.976986 1127.324817 -1511.114353 -1531.717359 -1646.250530 -1541.935547 -1456.571947 -900.369403 -739.923457 -898.148563 -145.946280 -899.805087 -724.750262 -1404.047722 1200.109799 345.293381 2338.336040 2431.709805 3092.750316 3002.052102 212.965545 -55.500118 -12.441603
-9999.0 -9999.0 -9999.0 -9999.0 -9999.0 -9999.0 -9999.0 -9999.0 -535.323337 -729.289891 -216.924852 -542.187809 -243.494530 1031.837771 819.298247 -103.631825 -209.404478 -221.225659 924.710219 -172.188824 -1004.268690 -443.308014 -283.195701 -126.023252 942.022634 876.668748 -459.988291 -282.977680 -241.586327 -171.258311 -529.711941 -105.309546 -169.843595 -222.338397 -1426.282478 -1456.022828 -499.042134 865.207712 -161.401148 -646.844788 -1523.525328 -1446.001084 -402.241685 -623.905476 -1437.473172 -1019.098040 -1478.255187 -255.855078 -470.051333 -170.431695 -164.788908 6217.408418 383.784081 7788.931793 545.679329 280.708651 -33.111042 -51.490156 9.847991
-9999.0 -9999.0 -906.027606 -667.141308 -592.706659 -708.198743 -569.853568 -655.813108 -697.355634 -780.127103 -660.953164 -199.814652 1277.454649 899.238956 -84.623785 -192.286838 -130.948951 -563.285275 -718.978432 1078.115042 -134.106628 -635.094894 -293.752719 -104.838943 -129.394335 971.912897 1146.378537 1013.588934 1379.061798 1085.210371 -273.518677 -220.854741 1089.899837 1126.594877 1278.866802 1155.179051 1005.073108 4762.710048 -130.235450 -229.373847 -382.311883 -135.968753 -103.871477 1133.688621 -443.638855 -226.620216 966.427633 1035.840450 -172.085778 -49.915081 194.601580 -36.098880 -45.763725 -6.212681 317.365747 76.302420 6987.843640 9279.806106 1220.336118
