user2019/resources/simulation/Vinschgau/output-maps/psiL0002N0071.asc
ncols         63
nrows         48
xllcorner     598000.000000
yllcorner     5145000.000000
cellsize      1000.000000
NODATA_value  -9999.0
[rows 0 to 25 of 48, columns 0 to 58 of 63]
-9999.0 -9999.0 -9999.0 -9999.0 -9999.0 -9999.0 -9999.0 -9999.0 -9999.0 -9999.0 -9999.0 -9999.0 -9999.0 -9999.0 -9999.0 -9999.0 -9999.0 -9999.0 -9999.0 -9999.0 -9999.0 -9999.0 -9999.0 -9999.0 -9999.0 -9999.0 -9999.0 -9999.0 -9999.0 -9999.0 -9999.0 -9999.0 -9999.0 -9999.0 -9999.0 -9999.0 -9999.0 -9999.0 -9999.0 -9999.0 -9999.0 -9999.0 -9999.0 -9999.0 -9999.0 -9999.0 -9999.0 -9999.0 -9999.0 -9999.0 -9999.0 -9999.0 -9999.0 -9999.0 -9999.0 -9999.0 -9999.0 -9999.0 -9999.0
-9999.0 -9999.0 -9999.0 -9999.0 -9999.0 -9999.0 -9999.0 -9999.0 -9999.0 -9999.0 -9999.0 -9999.0 -9999.0 -9999.0 -9999.0 -9999.0 -9999.0 -9999.0 -9999.0 -9999.0 -9999.0 -9999.0 -9999.0 -9999.0 -9999.0 -9999.0 -9999.0 -152.428557 -632.829880 -163.736176 -786.506065 -821.517191 -846.977750 -9999.0 -9999.0 -9999.0 -9999.0 -9999.0 -9999.0 -9999.0 -9999.0 -9999.0 -9999.0 -9999.0 -9999.0 -9999.0 -9999.0 -9999.0 -9999.0 -9999.0 -9999.0 -9999.0 -9999.0 -9999.0 -9999.0 -9999.0 -9999.0 -9999.0 -9999.0
-9999.0 -9999.0 -9999.0 -9999.0 -9999.0 -9999.0 -9999.0 -9999.0 -9999.0 -9999.0 -9999.0 -9999.0 -9999.0 -9999.0 -9999.0 -9999.0 -9999.0 -9999.0 -9999.0 -9999.0 -9999.0 -9999.0 -9999.0 -9999.0 -679.474368 -290.452671 -263.576592 -197.254155 -86.459353 -673.775355 -1012.626486 -9999.0 -9999.0 -9999.0 -9999.0 -9999.0 -9999.0 -9999.0 -9999.0 -9999.0 -9999.0 -9999.0 -9999.0 -9999.0 -9999.0 -9999.0 -9999.0 -9999.0 -9999.0 -9999.0 -9999.0 -9999.0 -9999.0 -9999.0 -9999.0 -9999.0 -9999.0 -9999.0 -9999.0
-9999.0 -9999.0 -9999.0 -9999.0 -9999.0 -9999.0 -9999.0 -9999.0 -9999.0 -9999.0 -9999.0 -9999.0 -9999.0 -9999.0 -9999.0 -9999.0 -9999.0 -9999.0 -9999.0 -9999.0 -9999.0 -9999.0 -9999.0 -206.400511 1381.081656 405.501700 539.647273 276.295951 1112.626187 -609.728824 -469.350295 -641.060938 -9999.0 -9999.0 -9999.0 -9999.0 -9999.0 -9999.0 -9999.0 -9999.0 -9999.0 -9999.0 -9999.0 -9999.0 -9999.0 -9999.0 -9999.0 -9999.0 -9999.0 -9999.0 -9999.0 -9999.0 -9999.0 -9999.0 -9999.0 -9999.0 -9999.0 -9999.0 -9999.0
-9999.0 -9999.0 -9999.0 -9999.0 -9999.0 -9999.0 -9999.0 -9999.0 -9999.0 -9999.0 -9999.0 -9999.0 -9999.0 -9999.0 -9999.0 -9999.0 -9999.0 -9999.0 -348.323694 1538.301370 -9999.0 -576.634680 1387.521713 23.933228 18.755524 1907.576073 1334.534269 1222.809286 899.670682 176.699023 -469.019803 -513.955078 -178.178761 -195.577420 -9999.0 -9999.0 -9999.0 -9999.0 -9999.0 -9999.0 -9999.0 -9999.0 -9999.0 -9999.0 -9999.0 -9999.0 -9999.0 -9999.0 -9999.0 -9999.0 -9999.0 -9999.0 -9999.0 -9999.0 -9999.0 -9999.0 -9999.0 -9999.0 -9999.0
-9999.0 -9999.0 -9999.0 -9999.0 -9999.0 -9999.0 -9999.0 -9999.0 -9999.0 -9999.0 -9999.0 -9999.0 -9999.0 -9999.0 -9999.0 -9999.0 -9999.0 -208.154440 3299.008462 -76.887155 -209.233087 -233.296932 1265.043347 1284.478908 1216.420409 514.576587 -69.810851 -409.252760 -67.482186 -97.115339 44.976291 -537.474269 -198.617041 -190.746176 -262.083040 -983.304212 -9999.0 -9999.0 -9999.0 -9999.0 -9999.0 -9999.0 -9999.0 -9999.0 -9999.0 -9999.0 -9999.0 -9999.0 -9999.0 -9999.0 -9999.0 -9999.0 -9999.0 -9999.0 -9999.0 -9999.0 -9999.0 -9999.0 -9999.0
-9999.0 -9999.0 -9999.0 -9999.0 -9999.0 -9999.0 -9999.0 -9999.0 -9999.0 -9999.0 -9999.0 -9999.0 -9999.0 -661.579173 1716.044677 6127.389978 2763.982004 -39.912903 -130.184231 364.670250 -226.846134 -247.971206 -19.848785 1436.197681 474.356808 -1252.482997 -818.820226 -487.525166 -414.626414 -372.063724 -676.870938 -1210.244408 -1100.620744 -983.451117 -959.251970 -993.279964 -9999.0 -9999.0 -9999.0 -9999.0 -9999.0 -9999.0 -9999.0 -9999.0 -9999.0 -9999.0 -9999.0 -9999.0 -9999.0 -9999.0 -9999.0 -9999.0 -9999.0 -9999.0 -9999.0 -9999.0 -9999.0 -9999.0 -9999.0
-9999.0 -9999.0 -9999.0 -9999.0 -9999.0 -9999.0 -9999.0 -9999.0 -9999.0 -9999.0 -9999.0 -9999.0 -9999.0 806.540239 -88.063806 2507.906773 1163.155592 1182.984216 -41.172669 2130.147091 3713.038733 1524.754562 7093.969343 1292.528378 604.277755 -240.642510 -689.570900 -769.852311 -509.997576 -713.043697 -646.543968 -888.825787 -915.482792 -986.465097 -988.286972 -9999.0 -9999.0 -9999.0 -9999.0 -9999.0 -9999.0 -9999.0 -9999.0 -9999.0 -9999.0 -9999.0 -9999.0 -9999.0 -9999.0 -9999.0 -9999.0 -9999.0 -9999.0 -9999.0 -9999.0 -9999.0 -9999.0 -9999.0 -9999.0
-9999.0 -9999.0 -9999.0 -9999.0 -9999.0 -9999.0 -9999.0 -9999.0 -9999.0 -9999.0 -9999.0 -9999.0 -9999.0 1315.750071 1830.698789 87.416765 6109.028618 629.495954 -41.105003 3357.401283 1044.766461 -2019.286232 135.769111 -339.568572 -612.978442 -235.741618 -161.938355 -878.880781 -563.982416 -839.823368 -896.465710 -974.244301 -986.291436 -993.466889 -992.447460 -9999.0 -9999.0 -9999.0 -9999.0 -9999.0 -9999.0 -9999.0 -9999.0 -9999.0 -9999.0 -9999.0 -9999.0 -9999.0 -9999.0 -9999.0 -9999.0 -9999.0 -9999.0 -9999.0 -9999.0 -9999.0 -9999.0 -9999.0 -9999.0
-9999.0 -9999.0 -9999.0 -9999.0 -9999.0 -9999.0 -9999.0 -9999.0 -9999.0 -9999.0 -9999.0 -9999.0 1215.400346 305.196142 906.328312 -969.055966 1731.059105 5642.363549 1169.775207 -62.166837 -136.394634 -421.298413 -271.397382 -256.835572 -614.725188 -963.049158 -288.409950 -750.549999 -602.876938 -931.642816 -934.689224 -186.918209 -584.656408 -995.120994 -9999.0 -9999.0 -9999.0 -9999.0 -9999.0 -9999.0 -9999.0 -9999.0 -9999.0 -9999.0 -9999.0 -9999.0 -9999.0 -9999.0 -9999.0 -9999.0 -9999.0 -9999.0 -9999.0 -9999.0 -9999.0 -9999.0 -9999.0 -9999.0 -9999.0
-9999.0 -9999.0 -9999.0 -9999.0 -9999.0 -9999.0 -9999.0 -9999.0 -9999.0 -9999.0 -9999.0 -310.642316 -64.198974 1523.369159 -1022.596999 -899.394139 -1034.136214 5425.610634 1493.653972 -52.494382 6711.057127 762.561035 -819.065296 -1007.919973 -414.225043 -730.750760 -1013.130883 -708.243501 -775.598456 -976.579743 -199.081871 -219.405434 -288.054854 -1001.566456 -434.723209 -930.888932 -293.392376 828.201377 -162.192717 -9999.0 -9999.0 -9999.0 -595.389773 -9999.0 -9999.0 -9999.0 -9999.0 -9999.0 -9999.0 -9999.0 -9999.0 -9999.0 -9999.0 -9999.0 -9999.0 -9999.0 -9999.0 -9999.0 -9999.0
-9999.0 -9999.0 -9999.0 -9999.0 -9999.0 -9999.0 -9999.0 -9999.0 -9999.0 -9999.0 -9999.0 -784.866757 -438.546336 1649.132568 1063.148006 -863.313220 1510.041132 5100.307261 1263.230375 1191.302857 1324.858710 1003.446699 -787.329115 -256.815702 -261.928629 -957.318482 -652.187243 -185.314398 -206.221624 -990.160499 -480.940655 -752.346578 -713.737104 -912.807986 -742.246542 -678.327923 895.999348 -234.964044 -225.441193 -474.550957 -428.252047 -768.688738 -214.866999 -516.858619 -9999.0 -9999.0 -9999.0 -304.096574 760.180224 -168.576617 522.799791 -151.789278 -156.917146 16.236636 6.908715 -186.632976 -9999.0 -9999.0 -9999.0
-9999.0 -9999.0 -9999.0 -9999.0 -9999.0 -9999.0 -9999.0 -9999.0 -9999.0 -9999.0 -9999.0 -676.098668 -697.298208 -99.785520 -755.347958 -677.807729 1203.410377 -79.141867 1266.599240 944.084756 6612.274984 1232.182924 1775.837588 -285.744184 -987.931474 -173.494364 1565.509185 -394.840691 -993.472727 -724.686412 -997.865421 -284.776055 -133.946866 -808.832735 -626.509493 -106.559079 -928.890115 -797.102643 -457.118640 -148.271215 1226.079549 -176.460705 -51.485723 -685.716103 -791.041541 -9999.0 -705.481063 -331.513065 702.052507 923.284498 1653.029054 -69.310690 519.495920 22.421829 24.054967 198.816020 -9999.0 -9999.0 -9999.0
-9999.0 -9999.0 -9999.0 -9999.0 -9999.0 -9999.0 -9999.0 -9999.0 -9999.0 -9999.0 -9999.0 -9999.0 -708.915207 -317.409408 568.961211 695.339764 -86.962083 6104.894267 1217.972859 561.863338 7049.780768 1337.124103 779.118490 871.851234 -548.697975 1727.357263 1029.639229 -935.673225 -941.957450 -194.326111 -652.964501 -155.559881 -668.059718 -684.786393 -734.928273 -893.006584 -194.484235 -1260.086163 -1175.693279 -256.724152 1351.245884 -216.616660 -131.265672 218.541182 -174.511901 -529.816176 -183.549176 -412.983918 -421.630241 -255.610622 1132.709573 722.700378 1616.867840 569.365023 -818.860077 -928.261936 -197.393205 -9999.0 -9999.0
-9999.0 -9999.0 -9999.0 -9999.0 -9999.0 -9999.0 -9999.0 -9999.0 -9999.0 -9999.0 -9999.0 -143.082074 -649.890424 -969.306750 1172.149408 1397.500257 1419.306130 -18.876059 1505.538668 -149.785971 6126.247695 1921.841418 1105.394410 1703.295000 1774.734964 1309.231994 -236.458111 -982.260939 -599.118665 -164.678294 980.818991 989.395990 1752.159212 -1010.749081 -697.945910 -930.427476 -1270.400846 -667.135854 -486.516431 -267.621843 -101.911834 -171.365694 -146.580171 -204.273212 473.664678 -690.606736 -155.664576 -92.656158 -82.921630 7158.625167 -609.467958 -852.027090 -769.105322 -629.864363 -1001.822688 -273.109573 -139.942067 -9999.0 -9999.0
-9999.0 -9999.0 -9999.0 -9999.0 -9999.0 -9999.0 -9999.0 -9999.0 -9999.0 -9999.0 -549.461636 754.824286 781.122972 -619.777061 660.319499 1363.960537 -93.610681 -80.142521 4249.981202 -174.211250 1778.733444 1035.360869 1141.556796 1247.503315 878.441082 799.866621 -465.235281 -621.114896 2284.998951 2539.617158 1050.070155 -282.204317 -753.069839 -781.820314 -1006.173450 -591.036122 -80.975678 24145.392454 -601.623788 -181.021022 -182.990461 -43.100986 -48.857122 3507.713308 1069.916084 -160.917968 -75.320388 -182.957085 1033.048917 310.741026 -423.684152 -326.735486 -999.864772 -294.983102 -293.856050 -226.428090 69.906777 -9999.0 -9999.0
-9999.0 -9999.0 -9999.0 -9999.0 -9999.0 -9999.0 -9999.0 -9999.0 -9999.0 -610.667646 -732.719425 -116.381010 1476.155930 567.985330 1220.725861 -133.722794 -228.399336 797.948963 4186.941441 -181.213920 538.605080 1298.882737 1610.555417 1447.918927 876.307841 -315.346393 1528.798664 2158.710637 1207.555929 733.959404 -105.986435 -328.497445 -1001.616994 -989.285148 -994.320557 -1008.851058 -980.076794 -461.652575 -340.997781 -174.013579 7662.255684 -122.779708 -182.910299 1428.499312 -68.243301 565.254104 30.475284 -57.267246 -354.708605 4455.347445 -142.207466 -144.147957 -395.971739 -409.098867 -158.906323 648.944707 697.632478 -12.473901 -128.985230
-9999.0 -9999.0 -9999.0 -9999.0 -9999.0 -9999.0 -9999.0 -9999.0 -9999.0 -848.797005 -687.141220 -820.654445 490.075378 1128.146993 1143.924186 681.648462 -412.848528 -122.609180 1765.837926 -367.328119 -364.421591 131.989123 -101.742637 1613.837331 -290.733632 1877.226685 1280.593941 708.509279 1481.475894 899.828343 -1093.575623 -235.536256 -922.777805 -877.060085 -682.066290 -209.723784 -231.953480 -285.000174 -820.081171 -683.885094 -547.454643 -570.559248 1730.581817 -100.200776 2351.837414 1077.809291 1574.362813 -51.569504 1784.347286 -160.663710 -63.906323 1309.049595 -340.211747 -781.060391 -251.948580 -291.614416 625.981340 955.859716 -16.238567
-9999.0 -9999.0 -9999.0 -9999.0 -9999.0 -9999.0 -9999.0 -9999.0 -9999.0 -9999.0 -698.432527 -709.711956 428.910867 99.825832 1509.676564 1158.506780 1147.533355 1522.960488 -382.588187 -402.736706 -356.350923 5731.874582 887.595667 1292.863083 1677.996021 840.189037 1358.723854 3697.416140 -824.486428 -351.292654 -473.641635 -267.685180 -592.784414 -989.958673 -241.427471 1867.308482 1237.723207 1220.022509 -183.691296 -1001.422399 -1029.277937 -301.688100 -128.162931 1307.349553 -316.524686 -53.986655 -66.266829 1658.139386 342.141996 1431.786760 -55.282759 881.489569 -135.674533 -300.603852 -741.302102 -778.480196 -803.713279 1293.409615 227.999427
-9999.0 -9999.0 -9999.0 -9999.0 -9999.0 -9999.0 -9999.0 -9999.0 -9999.0 -9999.0 -745.992184 -718.608194 -768.154385 1052.276063 1185.595020 5260.448629 -147.429090 4594.228887 -543.427753 -426.172625 -183.578778 1194.042696 245.894160 1169.149626 911.828719 1374.495702 2262.524644 1260.682069 -205.316956 -556.024628 -931.348444 -647.802409 -660.529115 -967.128768 -928.276577 -921.397942 3635.438877 -295.346912 -444.093292 -862.461578 -679.584776 -166.704605 -533.639756 -832.523894 -817.218307 1131.589287 930.166072 -853.310733 -61.021750 366.602478 47.422742 1008.612677 1071.933065 -131.065266 -184.894670 -135.928714 -801.106048 662.309678 -88.852659
-9999.0 -9999.0 -9999.0 -9999.0 -9999.0 -9999.0 -9999.0 -9999.0 680.754904 861.277880 -543.137167 -768.665387 1094.778809 -96.103022 947.923794 2888.981106 3920.020214 8.517111 -400.838624 -397.569123 -511.640499 330.506398 -88.058337 -404.908643 298.190552 -155.820848 1101.949043 1306.215330 24.036298 -291.523210 -991.018779 -889.039284 -819.757590 -904.485009 -798.287947 -910.447631 -511.010544 973.446283 -283.282699 -170.582080 -749.078408 -813.869519 -562.569301 -355.844841 -119.264269 1190.259182 -533.285653 726.551691 -55.786289 112.881646 647.321006 389.474821 684.092258 1001.096843 -133.125376 24.326998 -11.381532 893.694307 968.574804
-9999.0 -9999.0 -9999.0 -9999.0 -9999.0 -9999.0 -9999.0 -9999.0 -574.394598 712.216828 -202.620441 -722.006427 -638.031835 720.954878 751.631408 -42.757065 5273.611653 4971.772442 -311.436651 -384.512117 -366.887456 -400.129496 -426.924440 863.614029 -179.593562 -176.198889 6519.788218 986.394052 -524.571769 -809.226047 -858.038122 -158.001328 -767.896188 -172.019767 -584.544100 -66.263018 1304.941442 865.225171 -349.406464 -219.827270 -785.975741 -795.031532 -306.720504 821.868916 1375.358928 -106.010085 -601.196265 -917.263443 934.542150 -31.829145 -99.117528 128.804543 1309.171427 -217.677893 2656.460673 -48.240847 541.630137 996.537506 566.634799
-9999.0 -9999.0 -9999.0 -9999.0 -9999.0 -9999.0 -9999.0 -9999.0 -995.890817 -60.757904 600.225935 -443.498955 -73.509613 -556.313541 959.464791 889.172448 7515.570729 1176.181363 -497.909181 -332.409924 -392.498263 -400.035107 -404.523862 -415.369331 -402.436035 775.404366 -153.559437 -236.881141 -625.044230 -145.022532 -155.257735 1731.810039 -217.699791 -260.899384 958.336078 1407.717993 -318.945384 997.991657 -168.907310 -517.217734 -652.827525 -144.598366 1172.179361 -957.362205 -651.186620 -847.276043 -132.200784 482.346800 -409.083807 -51.713705 0.000000 60.580571 830.395237 1370.553432 644.411880 400.951568 -48.801994 171.332879 70.842232
-9999.0 -9999.0 -9999.0 -9999.0 -9999.0 -9999.0 -9999.0 -9999.0 -1005.395143 -742.097590 1250.264209 -300.803225 623.663456 766.346528 188.000712 -39.907261 69.685944 -418.836710 -328.472460 -452.725476 -396.763556 14.947715 15.194119 -362.574527 -263.070178 2074.207435 1189.105119 -51.987559 1253.728724 1352.280304 -248.580541 -208.135442 1015.787046 1147.460832 -325.678601 1184.884703 1416.464349 4289.434012 -38.208830 -34.935303 1136.421105 956.509539 919.606247 -79.062888 805.276336 -151.302962 587.400834 -63.190595 745.721403 1815.153021 -37.690755 3.316391 699.930614 1884.117824 -45.899470 5.619895 64.390878 155.919075 14.737150
-9999.0 -9999.0 -9999.0 -9999.0 -9999.0 -9999.0 -9999.0 -9999.0 -626.947377 -807.995461 588.156531 1086.978121 229.257779 -37.707782 1328.095412 230.969234 553.714234 3134.280857 6197.510881 3635.531269 -481.177629 14.939555 15.056980 -305.080535 181.181752 96.535796 1332.155387 1072.091035 10.025398 453.137848 377.209539 1149.998646 836.412918 572.129093 -181.418729 -196.595235 1223.787554 1330.557789 -88.697106 886.563787 -117.385667 -152.804184 1245.701895 1030.780809 -73.149892 1640.846632 -167.116832 1650.872718 854.156365 288.792727 -26.716854 -69.036551 7.741193 -51.739140 266.630572 259.493210 15.652369 15.893449 96.252425
-9999.0 -9999.0 -660.732842 -492.132006 -524.084236 -99.580095 705.109377 -191.167033 -565.890733 -526.872301 1007.408895 -51.965128 -50.997570 922.793415 -56.652629 787.005685 -92.480982 1096.768103 -192.125762 6992.174155 3176.523470 -449.953679 15.674279 90.375417 -332.498024 5003.698026 1198.030543 1238.356690 -77.282379 1372.214848 475.436709 -221.471853 1320.832319 -50.059528 1103.186776 -49.362044 425.932923 200.673274 -48.137710 1571.613035 1342.782491 1038.000652 -56.059128 1321.821738 981.453600 1125.304622 1198.498695 -53.720253 -63.319849 94.016569 45.908453 -145.697574 -382.900905 15.131337 15.682554 15.456319 60.959455 59.971697 293.517369
