user2019/resources/simulation/Vinschgau/output-maps/psiL0005N0373.asc
ncols         63
nrows         48
xllcorner     598000.000000
yllcorner     5145000.000000
cellsize      1000.000000
NODATA_value  -9999.0
[rows 0 to 25 of 48, columns 0 to 58 of 63]
-9999.0 -9999.0 -9999.0 -9999.0 -9999.0 -9999.0 -9999.0 -9999.0 -9999.0 -9999.0 -9999.0 -9999.0 -9999.0 -9999.0 -9999.0 -9999.0 -9999.0 -9999.0 -9999.0 -9999.0 -9999.0 -9999.0 -9999.0 -9999.0 -9999.0 -9999.0 -9999.0 -9999.0 -9999.0 -9999.0 -9999.0 -9999.0 -9999.0 -9999.0 -9999.0 -9999.0 -9999.0 -9999.0 -9999.0 -9999.0 -9999.0 -9999.0 -9999.0 -9999.0 -9999.0 -9999.0 -9999.0 -9999.0 -9999.0 -9999.0 -9999.0 -9999.0 -9999.0 -9999.0 -9999.0 -9999.0 -9999.0 -9999.0 -9999.0
-9999.0 -9999.0 -9999.0 -9999.0 -9999.0 -9999.0 -9999.0 -9999.0 -9999.0 -9999.0 -9999.0 -9999.0 -9999.0 -9999.0 -9999.0 -9999.0 -9999.0 -9999.0 -9999.0 -9999.0 -9999.0 -9999.0 -9999.0 -9999.0 -9999.0 -9999.0 -9999.0 -894.940307 -633.984843 -897.123784 -1355.961443 -895.622939 -895.633181 -9999.0 -9999.0 -9999.0 -9999.0 -9999.0 -9999.0 -9999.0 -9999.0 -9999.0 -9999.0 -9999.0 -9999.0 -9999.0 -9999.0 -9999.0 -9999.0 -9999.0 -9999.0 -9999.0 -9999.0 -9999.0 -9999.0 -9999.0 -9999.0 -9999.0 -9999.0
-9999.0 -9999.0 -9999.0 -9999.0 -9999.0 -9999.0 -9999.0 -9999.0 -9999.0 -9999.0 -9999.0 -9999.0 -9999.0 -9999.0 -9999.0 -9999.0 -9999.0 -9999.0 -9999.0 -9999.0 -9999.0 -9999.0 -9999.0 -9999.0 -761.321000 -357.349196 97.488068 94.646334 175.175502 237.873859 -1343.037012 -9999.0 -9999.0 -9999.0 -9999.0 -9999.0 -9999.0 -9999.0 -9999.0 -9999.0 -9999.0 -9999.0 -9999.0 -9999.0 -9999.0 -9999.0 -9999.0 -9999.0 -9999.0 -9999.0 -9999.0 -9999.0 -9999.0 -9999.0 -9999.0 -9999.0 -9999.0 -9999.0 -9999.0
-9999.0 -9999.0 -9999.0 -9999.0 -9999.0 -9999.0 -9999.0 -9999.0 -9999.0 -9999.0 -9999.0 -9999.0 -9999.0 -9999.0 -9999.0 -9999.0 -9999.0 -9999.0 -9999.0 -9999.0 -9999.0 -9999.0 -9999.0 -488.566795 124.065734 -232.482084 97.687605 -178.922319 154.358622 111.318127 -667.262687 -1305.499365 -9999.0 -9999.0 -9999.0 -9999.0 -9999.0 -9999.0 -9999.0 -9999.0 -9999.0 -9999.0 -9999.0 -9999.0 -9999.0 -9999.0 -9999.0 -9999.0 -9999.0 -9999.0 -9999.0 -9999.0 -9999.0 -9999.0 -9999.0 -9999.0 -9999.0 -9999.0 -9999.0
-9999.0 -9999.0 -9999.0 -9999.0 -9999.0 -9999.0 -9999.0 -9999.0 -9999.0 -9999.0 -9999.0 -9999.0 -9999.0 -9999.0 -9999.0 -9999.0 -9999.0 -9999.0 -267.654860 -509.586122 -9999.0 -500.504281 97.765392 92.206704 106.333151 79.792936 -52.760920 -104.149398 97.602016 108.128977 125.686214 -1041.272173 -896.802878 -894.902716 -9999.0 -9999.0 -9999.0 -9999.0 -9999.0 -9999.0 -9999.0 -9999.0 -9999.0 -9999.0 -9999.0 -9999.0 -9999.0 -9999.0 -9999.0 -9999.0 -9999.0 -9999.0 -9999.0 -9999.0 -9999.0 -9999.0 -9999.0 -9999.0 -9999.0
-9999.0 -9999.0 -9999.0 -9999.0 -9999.0 -9999.0 -9999.0 -9999.0 -9999.0 -9999.0 -9999.0 -9999.0 -9999.0 -9999.0 -9999.0 -9999.0 -9999.0 -251.348322 -187.208947 -70025.664063 -907.686951 -298.187992 96.670924 95.176892 92.803991 -307.345650 -573.517841 -799.074120 -557.997300 -136.051402 140.366721 139.688712 -903.460059 -899.220793 -894.081243 -897.424508 -9999.0 -9999.0 -9999.0 -9999.0 -9999.0 -9999.0 -9999.0 -9999.0 -9999.0 -9999.0 -9999.0 -9999.0 -9999.0 -9999.0 -9999.0 -9999.0 -9999.0 -9999.0 -9999.0 -9999.0 -9999.0 -9999.0 -9999.0
-9999.0 -9999.0 -9999.0 -9999.0 -9999.0 -9999.0 -9999.0 -9999.0 -9999.0 -9999.0 -9999.0 -9999.0 -9999.0 -1563.473895 -235.585905 -222.120825 76.423605 -629.535127 -300.868707 -416.123048 -240.573498 97.408894 -118.452852 92.881229 -327.776253 -666.752085 -978.197986 -1951.974959 -1854.755025 -756.004842 -809.561007 -585.511148 -1385.052149 -1329.428118 -897.589532 -897.574872 -9999.0 -9999.0 -9999.0 -9999.0 -9999.0 -9999.0 -9999.0 -9999.0 -9999.0 -9999.0 -9999.0 -9999.0 -9999.0 -9999.0 -9999.0 -9999.0 -9999.0 -9999.0 -9999.0 -9999.0 -9999.0 -9999.0 -9999.0
-9999.0 -9999.0 -9999.0 -9999.0 -9999.0 -9999.0 -9999.0 -9999.0 -9999.0 -9999.0 -9999.0 -9999.0 -9999.0 -162.343619 107.646726 -218.939566 346.890803 102.182259 -633.497847 -674.989435 -437.886758 85.200111 92.565558 767.783755 171.417697 -306.525340 -669.493524 -897.489873 -897.573593 -1516.703958 -685.175415 -1416.806396 -897.479114 -897.596253 -897.624002 -9999.0 -9999.0 -9999.0 -9999.0 -9999.0 -9999.0 -9999.0 -9999.0 -9999.0 -9999.0 -9999.0 -9999.0 -9999.0 -9999.0 -9999.0 -9999.0 -9999.0 -9999.0 -9999.0 -9999.0 -9999.0 -9999.0 -9999.0 -9999.0
-9999.0 -9999.0 -9999.0 -9999.0 -9999.0 -9999.0 -9999.0 -9999.0 -9999.0 -9999.0 -9999.0 -9999.0 -9999.0 -191.071260 618.364073 -91.526621 -119.541323 117.886503 -631.114319 -533.669515 108.092779 -1311.956060 -447.799399 -577.336543 -802.042851 -862.116586 -896.691424 -897.382558 -962.695594 -897.453993 -1437.204552 -897.529405 -897.485797 -897.407073 -897.536638 -9999.0 -9999.0 -9999.0 -9999.0 -9999.0 -9999.0 -9999.0 -9999.0 -9999.0 -9999.0 -9999.0 -9999.0 -9999.0 -9999.0 -9999.0 -9999.0 -9999.0 -9999.0 -9999.0 -9999.0 -9999.0 -9999.0 -9999.0 -9999.0
-9999.0 -9999.0 -9999.0 -9999.0 -9999.0 -9999.0 -9999.0 -9999.0 -9999.0 -9999.0 -9999.0 -9999.0 -351.225975 1919.602938 -42.726527 -678.814499 -249.847639 -215.108987 -189.310166 -67682.614875 -469.260455 -720.667116 -1138.604437 -698.468738 1510.265739 -1420.017573 -693.776338 -1267.132667 149.381889 -897.331038 -1450.703879 -895.200356 -1038.646623 -897.572959 -9999.0 -9999.0 -9999.0 -9999.0 -9999.0 -9999.0 -9999.0 -9999.0 -9999.0 -9999.0 -9999.0 -9999.0 -9999.0 -9999.0 -9999.0 -9999.0 -9999.0 -9999.0 -9999.0 -9999.0 -9999.0 -9999.0 -9999.0 -9999.0 -9999.0
-9999.0 -9999.0 -9999.0 -9999.0 -9999.0 -9999.0 -9999.0 -9999.0 -9999.0 -9999.0 -9999.0 -644.427503 -449.497261 893.795729 -725.090075 -529.905829 -1098.791965 -191.164102 100.952220 -214470.653792 -138.671240 2.975897 -1382.208542 -1420.071558 -1601.989509 -1495.523137 -1427.459173 -1454.504431 -102.097469 -897.421994 -894.523267 173.800049 -897.124041 -897.768114 -899.224259 -900.641328 -845.081097 -852.932937 -204.210318 -9999.0 -9999.0 -9999.0 -896.521583 -9999.0 -9999.0 -9999.0 -9999.0 -9999.0 -9999.0 -9999.0 -9999.0 -9999.0 -9999.0 -9999.0 -9999.0 -9999.0 -9999.0 -9999.0 -9999.0
-9999.0 -9999.0 -9999.0 -9999.0 -9999.0 -9999.0 -9999.0 -9999.0 -9999.0 -9999.0 -9999.0 -572.742284 -686.451079 -314.652418 -325.666068 -1346.930035 -342.429503 386.382382 -86.897523 -240.048758 116.241287 118.746675 -468.765557 -591.006429 -561.687401 -1477.165060 -721.357137 146.242664 -893.879181 -897.508639 106.741135 260.777287 89.361745 -1271.371031 -1218.817924 61.646283 94.239222 -2189.907887 -2171.859316 -1105.806923 -978.429713 -900.888591 100.825960 -896.479913 -9999.0 -9999.0 -9999.0 -188.601968 -1057.561742 -894.978660 -1509.136147 -894.346688 -893.762167 -189.425176 -152.419922 -893.178341 -9999.0 -9999.0 -9999.0
-9999.0 -9999.0 -9999.0 -9999.0 -9999.0 -9999.0 -9999.0 -9999.0 -9999.0 -9999.0 -9999.0 -583.232420 -590.942259 -1489.162752 -362.798630 -1403.623316 -313.685431 -219.630297 122.808829 97.595147 684.749493 103.385825 246.584560 -249.905005 -1524.804161 -897.248457 302.310468 -1496.321023 -897.380000 -1408.842836 -897.581114 -1507.991674 121.185121 -1258.367554 -898.871801 92.527508 -728.127705 -2853.469036 -3144.522850 -1412.597945 -755.313259 -95.062369 116.121489 120.970567 -1313.258126 -9999.0 -897.521644 -1108.701331 -1594.935107 149.519687 -110.354649 -901.729153 -88.497083 560.423852 -80.192899 -290.218931 -9999.0 -9999.0 -9999.0
-9999.0 -9999.0 -9999.0 -9999.0 -9999.0 -9999.0 -9999.0 -9999.0 -9999.0 -9999.0 -9999.0 -9999.0 -567.458954 -385.919789 -253.632314 -470.074372 -555.718455 -232.963447 144.658979 98.419952 516.478524 110.988272 122.354484 117.236634 -594.612641 -219.794138 858.023382 -896.818268 -1473.642659 -894.493588 88.690104 -384.426704 -179.286974 -512.119885 -1653.376811 82.197918 -720.913544 -1261.537556 -2256.604300 -267.758222 -935.182488 -1045.849386 -182.119295 109.158175 -950.765054 -1020.779399 -894.724995 -1185.706651 -1502.057541 153.620762 100.646358 -543.915562 1129.120573 -241.997109 -532.856692 -518.972354 -537.893741 -9999.0 -9999.0
-9999.0 -9999.0 -9999.0 -9999.0 -9999.0 -9999.0 -9999.0 -9999.0 -9999.0 -9999.0 -9999.0 -341.841109 -642.455372 -894.430144 -293.507215 -318.642664 -169.898521 -235.559311 121.594860 -113.942879 107.025364 649.905909 43.890278 -315.121239 -245.494655 131.391016 -318.192695 -1542.937827 -799.119093 -897.471340 444.646196 385.345925 159.808677 -1354.527138 -1403.510526 20.518518 -469.600021 -754.897016 -616.698321 -2200.685243 -2082.629413 -1089.765571 119.980360 -26924874.368154 116.438512 -1282.549135 148.469091 -899.607257 -900.294170 -271.273015 -890.647619 -1568.363677 -579.546624 -889.961197 -898.014968 -897.341625 -893.571800 -9999.0 -9999.0
-9999.0 -9999.0 -9999.0 -9999.0 -9999.0 -9999.0 -9999.0 -9999.0 -9999.0 -9999.0 -335.786657 -361.867864 -196.059095 -790.203415 -102.366632 998.647239 -473.232234 -477.467307 -436.716934 -299.853400 114.115600 40.597188 -568.666751 -224.738586 94.794650 1114.674675 -1591.435080 -977.843163 -112.623916 109.384371 254.513342 -487.638608 -589.253962 -1322.101913 -897.728863 -896.711244 101.345852 -364.914507 285.811504 -98.095003 81.901536 -41990.422499 -850.161718 455.154426 97.766093 -911.653126 94.961294 112.910454 152.471881 78.769832 -1079.106977 -897.483848 -897.776044 -897.281467 -897.167444 -658.604052 -477.667860 -9999.0 -9999.0
-9999.0 -9999.0 -9999.0 -9999.0 -9999.0 -9999.0 -9999.0 -9999.0 -9999.0 -1700.644576 -281.937014 -313.095689 162.756216 -359.199940 46.756573 -636.832639 -582.835009 99.675539 -339.956767 -568.896651 -205.276599 -1009.975900 -450.422695 -252.095654 -227.474544 -1363.597336 -463.060046 104.671945 99.713751 107.771119 90.081329 -903.534468 -897.634181 -897.537098 -897.568711 -897.947565 33.442324 -385.780377 -370.488768 725.363569 774.062495 -374.248611 -427.376742 83.607275 605.726049 81.163847 100.912025 -1345.135452 -634.775308 89.966693 -502.790172 -893.728658 -897.323961 -897.154241 -895.073190 -1377.218023 -245.117369 -521.880471 -893.878269
-9999.0 -9999.0 -9999.0 -9999.0 -9999.0 -9999.0 -9999.0 -9999.0 -9999.0 -705.293663 -1689.981868 -1373.661495 1489.451163 93.896109 -422.482126 -353.547821 103.086647 -97.902654 -271.166980 -981.185650 -734.946032 -621.929360 -225.594239 108.590270 -724.876842 -721.145789 -269.760543 89.912681 88.081077 -36.440875 123.728134 -162.449003 -1484.127847 -1173.020631 110.145454 -911.870849 -907.513842 -907.590859 -1357.578498 118.121905 -356.206430 -1532.991834 -596.340625 105.439464 89.287054 87.582552 83.012256 -552.166407 -343.609670 77.972637 -412.313163 -1405.518453 -897.281297 -1424.278241 -897.286593 -206.021566 -638.040893 240.475675 -590.309229
-9999.0 -9999.0 -9999.0 -9999.0 -9999.0 -9999.0 -9999.0 -9999.0 -9999.0 -9999.0 -1396.062638 -1828.745700 -406.298119 1356.241137 -271.685603 -356.518409 -315.113917 -235.357632 -303.354795 -710.882107 -480.764748 -145.706159 -366.226773 397.218661 -657.545440 -308.477704 -381.719055 86.598498 119.083546 -602.180210 -1585.666181 -326.402550 -1475.941990 -1488.396828 132.431099 144.553338 -348.310620 101.329538 -897.462666 -1391.646808 -1365.724380 -442.647334 1111.115527 -1478.282419 -341.001217 580.882484 357.457240 93.429210 71.689281 90.883244 -223.829353 -431.516237 -893.881745 -897.214318 -518.338134 -1434.999386 -517.374063 3866.528122 97.543420
-9999.0 -9999.0 -9999.0 -9999.0 -9999.0 -9999.0 -9999.0 -9999.0 -9999.0 -9999.0 -1241.672751 -1435.101094 -582.123807 -246.831242 94.597461 -343.540247 -478.483667 -580.479493 -661.259487 -1064.528593 -982.087269 -718.649496 -681.656894 -1228.809212 -534.829295 -389.816812 92.393553 118.428067 -422.485622 -1549.461795 -1496.915562 -567.829594 -1278.577552 -1519.394870 -1494.339339 -630.059391 1403.121443 102.113821 -1254.051175 -1442.678276 -1215.021171 -894.986145 -563.513189 -1444.908383 -430.258372 -862.000906 -597.585270 -52.145399 151.826665 84.369797 121.191098 121.579906 -386.187167 -893.867945 -892.605663 -893.607926 -1417.812437 95.620316 143.495065
-9999.0 -9999.0 -9999.0 -9999.0 -9999.0 -9999.0 -9999.0 -9999.0 97.348954 95.551289 -813.400106 -583.918569 -655.559340 -503.813755 -313.369039 80.970172 -492.520965 -641.307104 -1866.002366 -1346.551240 -1544.494299 -816.747969 -667.869410 -688.641508 -624.425628 92.098112 121.794926 -377.648271 -397.056024 -1569.534866 -897.424294 -1422.858103 -1383.876627 -1403.761855 -1231.323161 -1529.717306 -1353.215911 124.695605 -1450.582320 -894.176915 -897.646935 -612.713624 -890.145067 -897.600316 -898.826089 883.315298 -1513.572432 -650.556648 118.573728 90.161240 125.171889 -148.195754 -244.727052 -1405.909374 -894.234997 -47.611520 -455.515647 95.659862 84.779661
-9999.0 -9999.0 -9999.0 -9999.0 -9999.0 -9999.0 -9999.0 -9999.0 -910.342653 117.351341 -249.730702 -1601.785137 -1308.527811 -352.591448 -325.085587 94.696192 -148.675924 -450.525727 -716.133241 -1507.763546 -782.906401 -1325.415674 -862.972988 -793.239379 -715.294243 94.187018 128.299418 130.155109 -890.289635 -1473.205042 -1134.902798 -899.057785 -1466.440052 -894.630121 -823.940853 -188.447684 154.772857 178.013535 -439.777230 -1674.133279 -1526.686511 -897.416259 -897.629847 -1601.744840 1009.429753 -556.288058 -892.204824 -1353.414341 108.735629 121.056471 77.679661 116.452049 -273.446541 116.574305 -61.360864 -152521.056656 88.601375 90.828538 86.746875
-9999.0 -9999.0 -9999.0 -9999.0 -9999.0 -9999.0 -9999.0 -9999.0 -1711.434486 1270.065510 112.890252 -1521.470449 288.169808 -901.593513 -231.549593 -485.112205 -545.666480 -657.782383 -1169.050374 -718.670234 -1699.801957 -1303.148262 -1156.085535 -1926.589417 -352.822462 93.789380 95.203508 -333.489771 -4203.205995 112.904821 -906.208298 135.554252 -421.968164 -407.317928 -298.392648 222.645273 -304.173056 91.910366 -188.831175 -1380.695066 -1262.197156 -893.866469 -787.802263 -524.318377 -551.918672 -622.133937 -895.027411 -483.700366 -533.666187 104.536628 82.333315 106.512130 103.912650 95.539441 104.023126 123.924076 107.540628 102.463314 103.627705
-9999.0 -9999.0 -9999.0 -9999.0 -9999.0 -9999.0 -9999.0 -9999.0 -897.495731 99.093647 141.903767 -151285.976480 120.925351 102.701518 -142.561178 -286.938714 -526.432827 83.359164 -330.997299 -755.256081 -1077.803698 -1089.436537 -847.413922 -777.087252 -528.105849 -188.773665 -443.664505 -333.683241 89.940241 101.889795 100.869366 123.003521 -276.713312 144.245748 -397.341062 -372.518696 -138.609727 84.659878 -85.776577 -213.477222 -1646.063396 92.899048 121.456066 -900.393525 -739.723988 -898.122354 -113.967653 -899.685337 -229.475802 -138.012364 -203.296111 78.705047 96.200474 91.827845 108.645160 120.592169 121.966591 290.276474 102.631898
-9999.0 -9999.0 -9999.0 -9999.0 -9999.0 -9999.0 -9999.0 -9999.0 -535.317361 -297.583171 1708.177535 325.250481 115.753787 104.100049 -169.435409 -327.461649 73.302697 109.265628 91.512077 94.409092 -556.221811 -955.901238 -898.082545 -841.958350 -640.709624 -484.472273 -789.945393 -447.971575 -360.876269 116.251664 -147.984592 120.054680 148.785202 127.214396 96.761611 90.847372 84.655321 88.285945 127.780076 115.781769 104.255638 -270.647370 118.753337 -286.170380 252.369382 114.382778 101.960900 114.291222 -152.947090 -211.813732 -510.794624 -499.053410 -44.983601 -374.012245 263.056009 276.251319 103.173067 103.063873 144.454433
-9999.0 -9999.0 -316.105353 -382.941069 -592.686393 -475.493764 28.035774 -321.532748 -257.572319 -780.097536 0.000000 220.990251 139.072500 128.248129 94.000915 83.014765 108.030311 -555.752606 -390.102243 99.600842 -155.591757 117.629480 102.810331 -915.250395 -757.060229 -622.230515 -485.628099 -457.751515 101.224507 111.008208 -415.182741 103.027530 301.928016 108.614992 104.741914 85.557093 -240.600592 93.242802 116.571579 100.044230 92.616109 104.065661 136.737099 98.007345 89.873185 90.574863 101.660994 114.041561 87.361193 95.634872 -261.457186 -158.446299 101.554319 103.699259 104.558227 103.026964 200.534014 133.200642 115.370945
