user2019/resources/simulation/Vinschgau/output-maps/psiL0005N0755.asc
ncols         63
nrows         48
xllcorner     598000.000000
yllcorner     5145000.000000
cellsize      1000.000000
NODATA_value  -9999.0
[rows 0 to 25 of 48, columns 0 to 58 of 63]
-9999.0 -9999.0 -9999.0 -9999.0 -9999.0 -9999.0 -9999.0 -9999.0 -9999.0 -9999.0 -9999.0 -9999.0 -9999.0 -9999.0 -9999.0 -9999.0 -9999.0 -9999.0 -9999.0 -9999.0 -9999.0 -9999.0 -9999.0 -9999.0 -9999.0 -9999.0 -9999.0 -9999.0 -9999.0 -9999.0 -9999.0 -9999.0 -9999.0 -9999.0 -9999.0 -9999.0 -9999.0 -9999.0 -9999.0 -9999.0 -9999.0 -9999.0 -9999.0 -9999.0 -9999.0 -9999.0 -9999.0 -9999.0 -9999.0 -9999.0 -9999.0 -9999.0 -9999.0 -9999.0 -9999.0 -9999.0 -9999.0 -9999.0 -9999.0
-9999.0 -9999.0 -9999.0 -9999.0 -9999.0 -9999.0 -9999.0 -9999.0 -9999.0 -9999.0 -9999.0 -9999.0 -9999.0 -9999.0 -9999.0 -9999.0 -9999.0 -9999.0 -9999.0 -9999.0 -9999.0 -9999.0 -9999.0 -9999.0 -9999.0 -9999.0 -9999.0 -656.003627 1173.648373 -718.729200 498.723102 -16.629499 -11.091201 -9999.0 -9999.0 -9999.0 -9999.0 -9999.0 -9999.0 -9999.0 -9999.0 -9999.0 -9999.0 -9999.0 -9999.0 -9999.0 -9999.0 -9999.0 -9999.0 -9999.0 -9999.0 -9999.0 -9999.0 -9999.0 -9999.0 -9999.0 -9999.0 -9999.0 -9999.0
-9999.0 -9999.0 -9999.0 -9999.0 -9999.0 -9999.0 -9999.0 -9999.0 -9999.0 -9999.0 -9999.0 -9999.0 -9999.0 -9999.0 -9999.0 -9999.0 -9999.0 -9999.0 -9999.0 -9999.0 -9999.0 -9999.0 -9999.0 -9999.0 589.621303 214.583819 -128.227464 279.009184 804.120843 867.333368 2089.808954 -9999.0 -9999.0 -9999.0 -9999.0 -9999.0 -9999.0 -9999.0 -9999.0 -9999.0 -9999.0 -9999.0 -9999.0 -9999.0 -9999.0 -9999.0 -9999.0 -9999.0 -9999.0 -9999.0 -9999.0 -9999.0 -9999.0 -9999.0 -9999.0 -9999.0 -9999.0 -9999.0 -9999.0
-9999.0 -9999.0 -9999.0 -9999.0 -9999.0 -9999.0 -9999.0 -9999.0 -9999.0 -9999.0 -9999.0 -9999.0 -9999.0 -9999.0 -9999.0 -9999.0 -9999.0 -9999.0 -9999.0 -9999.0 -9999.0 -9999.0 -9999.0 191.732590 -119.263974 -531.629065 -364.625398 -584.053450 -134.290154 -97.767256 1396.030626 2287.732261 -9999.0 -9999.0 -9999.0 -9999.0 -9999.0 -9999.0 -9999.0 -9999.0 -9999.0 -9999.0 -9999.0 -9999.0 -9999.0 -9999.0 -9999.0 -9999.0 -9999.0 -9999.0 -9999.0 -9999.0 -9999.0 -9999.0 -9999.0 -9999.0 -9999.0 -9999.0 -9999.0
-9999.0 -9999.0 -9999.0 -9999.0 -9999.0 -9999.0 -9999.0 -9999.0 -9999.0 -9999.0 -9999.0 -9999.0 -9999.0 -9999.0 -9999.0 -9999.0 -9999.0 -9999.0 91.619337 -124.844555 -9999.0 93.358446 -124.541547 -453.287609 -313.437600 -778.795142 -248.836474 92.781212 94.477692 -303.000747 580.907475 2091.747024 -798.658412 -524.292769 -9999.0 -9999.0 -9999.0 -9999.0 -9999.0 -9999.0 -9999.0 -9999.0 -9999.0 -9999.0 -9999.0 -9999.0 -9999.0 -9999.0 -9999.0 -9999.0 -9999.0 -9999.0 -9999.0 -9999.0 -9999.0 -9999.0 -9999.0 -9999.0 -9999.0
-9999.0 -9999.0 -9999.0 -9999.0 -9999.0 -9999.0 -9999.0 -9999.0 -9999.0 -9999.0 -9999.0 -9999.0 -9999.0 -9999.0 -9999.0 -9999.0 -9999.0 -832.514647 -428.922655 -14745.039149 -825.793093 -118.038059 -307.714552 -239.248077 -331.729303 -231.696339 -197.348391 779.676586 -214.143231 90.804580 203.626018 932.557809 -1689.621602 -24078.437590 -4127.316560 -1487.496401 -9999.0 -9999.0 -9999.0 -9999.0 -9999.0 -9999.0 -9999.0 -9999.0 -9999.0 -9999.0 -9999.0 -9999.0 -9999.0 -9999.0 -9999.0 -9999.0 -9999.0 -9999.0 -9999.0 -9999.0 -9999.0 -9999.0 -9999.0
-9999.0 -9999.0 -9999.0 -9999.0 -9999.0 -9999.0 -9999.0 -9999.0 -9999.0 -9999.0 -9999.0 -9999.0 -9999.0 -13.473293 -189.401453 -559.332452 -964.342050 -4989.997831 -807.575140 -553.809504 -329.446276 -394.889010 -384.543251 -275.720565 -158.180235 -143.398360 -11792.923300 -157.362162 -219.434416 -187.076682 8903.504182 962.252019 975.006432 952.863435 -294.373132 -761.075624 -9999.0 -9999.0 -9999.0 -9999.0 -9999.0 -9999.0 -9999.0 -9999.0 -9999.0 -9999.0 -9999.0 -9999.0 -9999.0 -9999.0 -9999.0 -9999.0 -9999.0 -9999.0 -9999.0 -9999.0 -9999.0 -9999.0 -9999.0
-9999.0 -9999.0 -9999.0 -9999.0 -9999.0 -9999.0 -9999.0 -9999.0 -9999.0 -9999.0 -9999.0 -9999.0 -9999.0 64.669310 -275.820035 -604.053574 -871.159505 -124.403475 -5082.306941 -567.455910 -690.789308 -233.943688 -257.280206 -87.794250 -200.907097 -188.657183 961.999110 -530.803184 -418.167647 -119.335627 1966.583242 1968.668406 -462.348464 -523.732859 -419.518834 -9999.0 -9999.0 -9999.0 -9999.0 -9999.0 -9999.0 -9999.0 -9999.0 -9999.0 -9999.0 -9999.0 -9999.0 -9999.0 -9999.0 -9999.0 -9999.0 -9999.0 -9999.0 -9999.0 -9999.0 -9999.0 -9999.0 -9999.0 -9999.0
-9999.0 -9999.0 -9999.0 -9999.0 -9999.0 -9999.0 -9999.0 -9999.0 -9999.0 -9999.0 -9999.0 -9999.0 -9999.0 -366.594416 762.485003 -489.649618 -663.033095 -823.186473 -5412.301887 -814.324345 94.717757 -9233.828366 -232.019030 -177.042454 9.023311 102.535792 -1220.434029 -711.342455 1938.297728 -584.098861 882.023329 -298.342808 -610.224080 -294.191016 -488.914613 -9999.0 -9999.0 -9999.0 -9999.0 -9999.0 -9999.0 -9999.0 -9999.0 -9999.0 -9999.0 -9999.0 -9999.0 -9999.0 -9999.0 -9999.0 -9999.0 -9999.0 -9999.0 -9999.0 -9999.0 -9999.0 -9999.0 -9999.0 -9999.0
-9999.0 -9999.0 -9999.0 -9999.0 -9999.0 -9999.0 -9999.0 -9999.0 -9999.0 -9999.0 -9999.0 -9999.0 -290.310064 6590.150466 -192.297954 96.251753 -210.215215 -534.214814 -303.127318 -14528.898170 -348.135014 -238.773433 -151.456838 -171.537043 3036.276862 1576.712247 889.633255 1885.881173 1866.421701 -380.976269 891.527242 -651.303125 1276.338344 -581.663947 -9999.0 -9999.0 -9999.0 -9999.0 -9999.0 -9999.0 -9999.0 -9999.0 -9999.0 -9999.0 -9999.0 -9999.0 -9999.0 -9999.0 -9999.0 -9999.0 -9999.0 -9999.0 -9999.0 -9999.0 -9999.0 -9999.0 -9999.0 -9999.0 -9999.0
-9999.0 -9999.0 -9999.0 -9999.0 -9999.0 -9999.0 -9999.0 -9999.0 -9999.0 -9999.0 -9999.0 328.772121 109.223105 448.471058 -22.824330 91.123391 -15406.322245 -422.234843 101.068294 -542.170103 -352.051300 95.367322 413.642667 1168.550680 -191.323955 564.378870 929.747313 2000.295250 4704.435651 -275.793519 -583.124792 1422.334767 -493.791801 -608.520502 -723.983053 -713.352000 -280.762020 -1134.783745 -213.381789 -9999.0 -9999.0 -9999.0 -3963.047162 -9999.0 -9999.0 -9999.0 -9999.0 -9999.0 -9999.0 -9999.0 -9999.0 -9999.0 -9999.0 -9999.0 -9999.0 -9999.0 -9999.0 -9999.0 -9999.0
-9999.0 -9999.0 -9999.0 -9999.0 -9999.0 -9999.0 -9999.0 -9999.0 -9999.0 -9999.0 -9999.0 855.860851 102.983550 118.469712 -16.103920 -129.951573 -281.353977 -530.276183 -236.292718 106.096381 99.308702 60.731219 852.735630 1364.255532 859.285185 2334.794260 1395.859083 1096.004659 -252.888038 -417.777097 1518.232548 1295.296781 1829.348533 1275.594119 1748.879627 1694.889066 -94.004202 -1921.378339 -1739.992559 -2332.520215 -1026.865133 -608.577663 1535.135965 -676.737438 -9999.0 -9999.0 -9999.0 2203.780672 2185.984671 -560.089728 2425.192340 -569.154705 -513.916150 2239.841700 2086.144116 -240.998426 -9999.0 -9999.0 -9999.0
-9999.0 -9999.0 -9999.0 -9999.0 -9999.0 -9999.0 -9999.0 -9999.0 -9999.0 -9999.0 -9999.0 989.864488 -152.900169 -118.626040 90.967635 60.398711 99.130409 84.883983 101.038759 -241.363638 97.853289 -177.065991 111.014787 1120.937414 2298.478002 -552.265135 1601.872220 1693.593009 -588.356346 2249.022465 -589.973130 -110.589517 1448.075550 2376.363734 -584.659021 75.466504 1578.177141 -1638.444531 -2796.584006 -3630.207367 -684.269880 -68.302673 1471.553675 2058.381619 2140.646512 -9999.0 -598.874172 1377.444445 1407.908632 1415.620136 -12.313258 -519.244838 -16.865035 1705.455896 -14.139905 1793.974115 -9999.0 -9999.0 -9999.0
-9999.0 -9999.0 -9999.0 -9999.0 -9999.0 -9999.0 -9999.0 -9999.0 -9999.0 -9999.0 -9999.0 -9999.0 693.280146 712.989090 42.627876 52.948468 -40.133590 -327.022097 110.702682 -70.417519 -161.488201 -214.325724 -202.271646 913.488366 1231.328486 794.140960 -22.904572 -19.115858 1258.310950 -647.179822 2024.716331 49.476544 -21.263151 1647.289199 1816.318209 -54.605463 -883.807636 -2509.660826 -2805.693679 -3013.782446 -1693.791632 -3192.970803 -164.361171 848.633732 -1002.350274 2259.200699 -742.013315 1928.924344 -127.141128 752.103479 -127.392833 912.364728 1679.367657 884.153273 870.513108 1970.616579 1956.919276 -9999.0 -9999.0
-9999.0 -9999.0 -9999.0 -9999.0 -9999.0 -9999.0 -9999.0 -9999.0 -9999.0 -9999.0 -9999.0 1428.915643 906.674011 -18.061728 269.284682 135.143257 -34.519757 95.668685 106.213985 -327.231250 -129.724421 -188.755967 90.634273 -207.721141 249.602900 821.436337 697.749394 2289.089148 1496.469737 -732.943437 1499.080219 1509.822916 1143.015239 1556.396592 2340.397704 2320.533292 -302.049819 -3226.706143 -1983.560826 -2312.315103 -2567.199707 -1246.907453 128.554374 -107954.531721 -106.155295 1675.337001 1326.446225 -1260.464932 -1263.908988 -126.634898 -6990.095796 2002.463957 1050.485833 -896.081526 -1186.223026 -443.236452 -415.400066 -9999.0 -9999.0
-9999.0 -9999.0 -9999.0 -9999.0 -9999.0 -9999.0 -9999.0 -9999.0 -9999.0 -9999.0 2306.158583 919.971865 -105.658071 -135.362707 20.586590 -44.888016 -122.021047 -253.488135 -604.607733 -288.261337 110.732690 106.682463 -195.919883 -54.127108 -147.194166 2804.771740 -117.750444 -18894.969733 -23.535376 436.572193 874.110883 1221.356309 762.355819 817.543985 -426.676323 -628.153257 559.548127 1389.672722 -1269.422825 -53.765554 -24.118614 -5290.697544 -370.130153 -120.716057 -182.815489 -687.175699 2066.442859 -158.420012 773.128675 -132.881205 -21835.943535 -483.707514 -1022.989008 -188.310647 -384.986443 949.430317 984.050568 -9999.0 -9999.0
-9999.0 -9999.0 -9999.0 -9999.0 -9999.0 -9999.0 -9999.0 -9999.0 -9999.0 2194.983012 1531.601865 1186.687544 600.903579 -180.743654 738.643733 869.121163 -177.906815 89.731054 -403.534657 -600.252929 104.689453 -417.399527 -235.043765 -226.254451 -52.921440 -110.335217 904.951018 -104.257640 -187.170999 14.287887 -77.270995 -70.133424 -366.603475 -424.322926 -598.138006 -608.449694 1508.719304 1519.254297 1559.065363 1255.495576 1347.439077 -204.302390 -185.776536 -159.316186 95.626888 -157.704032 31.330514 -226.463495 -218.521630 77.190466 -137.309813 -460.439673 -213.006431 -223.021048 -406.029237 -106.651364 892.537854 -217.970289 -339.653513
-9999.0 -9999.0 -9999.0 -9999.0 -9999.0 -9999.0 -9999.0 -9999.0 -9999.0 -16.283345 1554.351968 1397.973544 4822.997248 -132.278840 -181.864082 -185.584897 0.000000 88.346873 -430.316326 -350.534699 -241.805733 -421.950579 -95.835122 73.834217 -134.346294 310.953849 -172.684961 -121.191721 73.138049 56.179736 -117.296168 -96.789206 933.577706 2381.653676 2359.399235 -625.613290 -616.659575 -618.528585 1547.353696 1653.677653 935.995934 -150.897493 -201.354963 92.993867 -110.818339 -205.086019 -32.078437 -179.616045 -162.517953 -64.096683 -74.159783 -100.475133 -328.897071 1493.013986 -68.414719 2236.174863 -102.247997 1921.226289 -263.502043
-9999.0 -9999.0 -9999.0 -9999.0 -9999.0 -9999.0 -9999.0 -9999.0 -9999.0 -9999.0 2124.011086 1775.171809 1212.955111 2244.924602 -128.152419 -145.990481 -109.993996 -121.110264 -420.974797 -374.426649 102.207507 -293.915990 -157.418601 -168.894838 83.539640 -127.763719 -65.496120 87.675857 -115.109886 2945.167095 -57.543086 7099.894556 -80.942987 1613.207386 1769.838982 1341.360586 -137.505637 274.524899 -426.270325 1804.847792 2121.446427 388.352244 5384.495938 -169.834794 -153.571963 -185.208906 98.542243 90.949287 -67.379901 -104.261599 -83.866718 -134.663243 -477.385739 -228.648695 1408.864180 1555.413160 1573.902471 11219.613685 -180.052958
-9999.0 -9999.0 -9999.0 -9999.0 -9999.0 -9999.0 -9999.0 -9999.0 -9999.0 -9999.0 1513.156441 1806.764785 626.790144 705.169675 94.277179 -334.088908 -288.820080 -459.793639 -466.317816 -741.138556 -786.769125 -422.653200 -246.492784 -192.131398 -139.984649 94.450254 92.476540 218.327731 1205.078008 -88.552756 2040.591179 1915.650026 -12133.303394 2315.243432 2180.711932 1607.791537 4127.678757 1124.998420 -124.419046 2273.116246 2289.557048 -91.309444 1956.770261 1065.152330 365.867601 -65.609169 -165.013612 -152.086158 104.594830 91.014073 -181.749562 -142.397195 846.035166 -384.199235 -285.648707 -339.850815 2457.867050 -153.490427 204.473220
-9999.0 -9999.0 -9999.0 -9999.0 -9999.0 -9999.0 -9999.0 -9999.0 1861.340864 1380.765187 -23.107364 1426.093262 674.208474 667.417757 647.566484 95.450108 -514.386523 -427.246804 -483.291751 -886.547429 -897.586567 -546.085594 -477.726872 -386.848211 -166.426831 90.625066 106.590819 1757.310611 1771.644706 -99.168996 -375.849492 942.682818 1672.281685 2206.093171 2297.083327 2006.464667 -103.497062 284.184538 -65.159878 -669.241111 -912.780542 1358.877498 -5586.673593 -501.334492 -920.991048 102.393834 -63.492356 448.533734 -114.245227 89.995406 -205.382667 -80.437570 898.817896 -93.105751 -618.289305 -15.118017 -303.992735 -72.401543 61.264609
-9999.0 -9999.0 -9999.0 -9999.0 -9999.0 -9999.0 -9999.0 -9999.0 -8.090608 925.966207 -117.570821 2222.050627 1651.292192 1611.929357 221.011560 -126.673357 -298.555874 -380.468021 -591.574046 -863.385031 -239.411867 -353.980162 -373.707558 -358.516250 -496.962395 49.498646 101.135711 961.884844 -16047.600182 2208.349659 2166.211227 -1518.784691 1528.513993 -1409.437849 1398.061293 1419.313059 158.637826 -170.379486 -159.926213 1472.576976 2389.541244 -31.777147 -900.723860 1456.239795 3175.518181 173.991345 -9756.651614 1826.224496 -144.257507 98.351423 84.502740 803.439491 849.731047 1961.729994 -25.655696 -103471.852670 -208.087100 -212.198623 88.432783
-9999.0 -9999.0 -9999.0 -9999.0 -9999.0 -9999.0 -9999.0 -9999.0 2332.041446 1612.136181 -87.263141 -114.285275 1352.163303 -8518.310392 -92.112763 -180.440244 -355.589592 -338.454643 -748.818421 -362.930538 -864.299037 -532.808259 -411.751309 -762.365415 -362.757124 -230.527029 87.328823 1462.642886 -16119.249130 1801.174994 -2552.815463 1121.012370 1532.042030 -158.183821 1217.165104 8.428843 -163.251353 89.750145 -118.803640 -140.623602 1577.503409 -1542.611248 1720.424533 1615.216487 1322.940156 1885.028650 -1091.043229 1494.274424 1160.513063 -124.737429 82.590495 -198.933444 -78.316642 -94.792933 -135.258139 225.121479 99.235927 99.134673 103.737400
-9999.0 -9999.0 -9999.0 -9999.0 -9999.0 -9999.0 -9999.0 -9999.0 -912.312712 1836.155273 1066.785291 -17629.739310 1749.312457 1454.236836 -99.780163 51.198398 -412.261352 -661.469342 -266.013850 -861.099713 -798.074955 -784.118006 -527.733276 -817.419804 -611.089025 -228.858743 -158.418494 -131.469131 -131.522588 -154.694187 -179.279837 -157.742053 -145.387670 -119.407023 -130.789260 -41.768516 87.580786 -213.326281 93.683125 -172.892058 -60.379751 421.152296 1253.335974 -1172.828247 744.988141 -1050.848017 -22.036688 -1140.460438 890.285209 -211.656494 -148.965031 82.581392 -154.444593 -100.250340 99.604303 106.967505 112.112606 215.178057 102.672935
-9999.0 -9999.0 -9999.0 -9999.0 -9999.0 -9999.0 -9999.0 -9999.0 2078.814262 2116.465754 5766.693060 -91.307836 -109.689151 2209.232805 108.174992 108.405374 88.249773 -266.117530 -239.550316 -363.648138 -739.011742 -660.585012 -781.969007 -811.921242 -309.447822 -350.113269 302.779233 -135.551124 -65.390915 -164.382052 -182.402110 -158.015969 111.204108 108.601466 -30.641159 91.689978 87.941131 -234.635854 97.758780 98.730403 70.676426 -107.360838 -116.991209 -137.314479 -211.085323 -93.404856 -211.475322 -187.975839 -204.457797 -88.147821 10.456406 -321.396386 -105.474570 -170.380907 256.687115 246.996896 103.040590 103.179199 121.454519
-9999.0 -9999.0 -26.956004 1027.853212 949.950528 537.628709 455.780871 407.230949 2197.161494 2178.456497 470.816717 806.163751 501.822241 13.178311 95.444885 83.837826 -164.286097 706.874861 -172.819411 -133.774842 -391.548081 -377.966920 103.101481 -1022.402402 -726.520401 -435.263566 -355.812687 -291.783826 91.856349 106.993343 -186.118406 86.332450 150.716345 93.889019 93.782162 -242.183260 -155.769743 -294.145762 93.212928 -112.180000 87.869102 90.259921 100.005587 96.189485 -80.730383 -48.860991 94.810636 95.781122 84.575987 -148.066597 -261.673047 -421.614279 101.376310 102.092790 103.183514 102.641520 127.193746 109.443177 100.961069
