user2019/resources/simulation/Vinschgau/output-maps/psiL0003N1217.asc
ncols         63
nrows         48
xllcorner     598000.000000
yllcorner     5145000.000000
cellsize      1000.000000
NODATA_value  -9999.0
[rows 0 to 24 of 48, columns 0 to 56 of 63]
-9999.0 -9999.0 -9999.0 -9999.0 -9999.0 -9999.0 -9999.0 -9999.0 -9999.0 -9999.0 -9999.0 -9999.0 -9999.0 -9999.0 -9999.0 -9999.0 -9999.0 -9999.0 -9999.0 -9999.0 -9999.0 -9999.0 -9999.0 -9999.0 -9999.0 -9999.0 -9999.0 -9999.0 -9999.0 -9999.0 -9999.0 -9999.0 -9999.0 -9999.0 -9999.0 -9999.0 -9999.0 -9999.0 -9999.0 -9999.0 -9999.0 -9999.0 -9999.0 -9999.0 -9999.0 -9999.0 -9999.0 -9999.0 -9999.0 -9999.0 -9999.0 -9999.0 -9999.0 -9999.0 -9999.0 -9999.0 -9999.0
-9999.0 -9999.0 -9999.0 -9999.0 -9999.0 -9999.0 -9999.0 -9999.0 -9999.0 -9999.0 -9999.0 -9999.0 -9999.0 -9999.0 -9999.0 -9999.0 -9999.0 -9999.0 -9999.0 -9999.0 -9999.0 -9999.0 -9999.0 -9999.0 -9999.0 -9999.0 -9999.0 -144.125310 -395.015867 -48.382044 -9.250528 -108.864841 3040.988941 -9999.0 -9999.0 -9999.0 -9999.0 -9999.0 -9999.0 -9999.0 -9999.0 -9999.0 -9999.0 -9999.0 -9999.0 -9999.0 -9999.0 -9999.0 -9999.0 -9999.0 -9999.0 -9999.0 -9999.0 -9999.0 -9999.0 -9999.0 -9999.0
-9999.0 -9999.0 -9999.0 -9999.0 -9999.0 -9999.0 -9999.0 -9999.0 -9999.0 -9999.0 -9999.0 -9999.0 -9999.0 -9999.0 -9999.0 -9999.0 -9999.0 -9999.0 -9999.0 -9999.0 -9999.0 -9999.0 -9999.0 -9999.0 -423.871740 -434.692783 -428.570737 -435.688898 -363.404756 -302.408766 -201.323090 -9999.0 -9999.0 -9999.0 -9999.0 -9999.0 -9999.0 -9999.0 -9999.0 -9999.0 -9999.0 -9999.0 -9999.0 -9999.0 -9999.0 -9999.0 -9999.0 -9999.0 -9999.0 -9999.0 -9999.0 -9999.0 -9999.0 -9999.0 -9999.0 -9999.0 -9999.0
-9999.0 -9999.0 -9999.0 -9999.0 -9999.0 -9999.0 -9999.0 -9999.0 -9999.0 -9999.0 -9999.0 -9999.0 -9999.0 -9999.0 -9999.0 -9999.0 -9999.0 -9999.0 -9999.0 -9999.0 -9999.0 -9999.0 -9999.0 -457.809860 -480.376086 -3081.031491 -3109.075313 -3178.546498 -3169.273768 -469.087660 -216.717990 -11.129160 -9999.0 -9999.0 -9999.0 -9999.0 -9999.0 -9999.0 -9999.0 -9999.0 -9999.0 -9999.0 -9999.0 -9999.0 -9999.0 -9999.0 -9999.0 -9999.0 -9999.0 -9999.0 -9999.0 -9999.0 -9999.0 -9999.0 -9999.0 -9999.0 -9999.0
-9999.0 -9999.0 -9999.0 -9999.0 -9999.0 -9999.0 -9999.0 -9999.0 -9999.0 -9999.0 -9999.0 -9999.0 -9999.0 -9999.0 -9999.0 -9999.0 -9999.0 -9999.0 -1060.264276 -544.712324 -9999.0 -488.647798 -517.119988 -3129.109704 -2993.682180 -3109.171616 -860.425419 -1236.238917 -769.673638 -956.389675 -403.976772 -226.101341 -68.644349 -126.805071 -9999.0 -9999.0 -9999.0 -9999.0 -9999.0 -9999.0 -9999.0 -9999.0 -9999.0 -9999.0 -9999.0 -9999.0 -9999.0 -9999.0 -9999.0 -9999.0 -9999.0 -9999.0 -9999.0 -9999.0 -9999.0 -9999.0 -9999.0
-9999.0 -9999.0 -9999.0 -9999.0 -9999.0 -9999.0 -9999.0 -9999.0 -9999.0 -9999.0 -9999.0 -9999.0 -9999.0 -9999.0 -9999.0 -9999.0 -9999.0 -2963.499127 -2907.594039 -9646.990521 -937.392010 -682.610438 -1063.363582 -2914.348981 -1405.733832 -636.540624 699452.725512 -642.306836 170302.861675 -673.403708 -469.384176 -421.340710 -64.155560 -121.654078 -82.172487 -93.304936 -9999.0 -9999.0 -9999.0 -9999.0 -9999.0 -9999.0 -9999.0 -9999.0 -9999.0 -9999.0 -9999.0 -9999.0 -9999.0 -9999.0 -9999.0 -9999.0 -9999.0 -9999.0 -9999.0 -9999.0 -9999.0
-9999.0 -9999.0 -9999.0 -9999.0 -9999.0 -9999.0 -9999.0 -9999.0 -9999.0 -9999.0 -9999.0 -9999.0 -9999.0 -1151.308819 -2305.683362 -2763.017064 -2949.216636 -8644.878790 -2941.177734 -3078.749340 -2999.398608 -2785.745158 -3062.589753 -1749.417013 -849.115432 -510.052407 -67.025409 10646.642347 1686.272955 -453.195010 669403.928517 -342.136482 -315.236941 0.000000 -37.730485 -108.013726 -9999.0 -9999.0 -9999.0 -9999.0 -9999.0 -9999.0 -9999.0 -9999.0 -9999.0 -9999.0 -9999.0 -9999.0 -9999.0 -9999.0 -9999.0 -9999.0 -9999.0 -9999.0 -9999.0 -9999.0 -9999.0
-9999.0 -9999.0 -9999.0 -9999.0 -9999.0 -9999.0 -9999.0 -9999.0 -9999.0 -9999.0 -9999.0 -9999.0 -9999.0 -944.136298 -3079.720084 -2899.823718 -2902.144280 -1960.257501 -8674.839319 -3092.044576 -2935.457038 -3357.382331 -2420.956226 -1268.320824 -1148.316926 -701.474825 -427.698872 -114.883274 -54.036438 307045.668596 1026003.404505 -273.180584 -41.651436 -51.872176 -41.613680 -9999.0 -9999.0 -9999.0 -9999.0 -9999.0 -9999.0 -9999.0 -9999.0 -9999.0 -9999.0 -9999.0 -9999.0 -9999.0 -9999.0 -9999.0 -9999.0 -9999.0 -9999.0 -9999.0 -9999.0 -9999.0 -9999.0
-9999.0 -9999.0 -9999.0 -9999.0 -9999.0 -9999.0 -9999.0 -9999.0 -9999.0 -9999.0 -9999.0 -9999.0 -9999.0 -3134.401091 456.858612 -3182.227670 -2895.159452 -2902.713247 -8764.785343 -2941.284472 -2272.596931 -8871.198261 -698.416896 -14.729221 -2176.988410 -1174.221942 -200.862783 -66.407323 -13.380845 -51.363820 -15.580822 -33.046642 -54.152918 -36.266355 -91.279324 -9999.0 -9999.0 -9999.0 -9999.0 -9999.0 -9999.0 -9999.0 -9999.0 -9999.0 -9999.0 -9999.0 -9999.0 -9999.0 -9999.0 -9999.0 -9999.0 -9999.0 -9999.0 -9999.0 -9999.0 -9999.0 -9999.0
-9999.0 -9999.0 -9999.0 -9999.0 -9999.0 -9999.0 -9999.0 -9999.0 -9999.0 -9999.0 -9999.0 -9999.0 -3086.009830 6344.355920 -3148.655596 -2978.532887 -2255.069477 -2816.841744 -2832.754798 -10124.534104 -2988.343196 -821.694823 -536.750123 -613.940855 721025.966070 -419.499012 718453.417091 -234.736381 15.504261 -37.939849 -43.900724 -59.810669 -21.913107 -127.811715 -9999.0 -9999.0 -9999.0 -9999.0 -9999.0 -9999.0 -9999.0 -9999.0 -9999.0 -9999.0 -9999.0 -9999.0 -9999.0 -9999.0 -9999.0 -9999.0 -9999.0 -9999.0 -9999.0 -9999.0 -9999.0 -9999.0 -9999.0
-9999.0 -9999.0 -9999.0 -9999.0 -9999.0 -9999.0 -9999.0 -9999.0 -9999.0 -9999.0 -9999.0 -741.967363 -3135.653100 134.489362 -3173.999770 -1299.359303 -10621.035194 -2892.823042 -1599.793215 -11152.160686 -2873.345077 -1612.329428 -601.681335 -466.752642 -376.192172 -361.170796 -185.710371 -294.534914 3171.919474 -86.832471 -79.402999 -294.346894 -40.997160 -109.047362 -47.544907 -45.746208 -294.769705 -615.309479 -481.490029 -9999.0 -9999.0 -9999.0 -110.773337 -9999.0 -9999.0 -9999.0 -9999.0 -9999.0 -9999.0 -9999.0 -9999.0 -9999.0 -9999.0 -9999.0 -9999.0 -9999.0 -9999.0
-9999.0 -9999.0 -9999.0 -9999.0 -9999.0 -9999.0 -9999.0 -9999.0 -9999.0 -9999.0 -9999.0 -687.402556 -3139.127705 -3281.930123 -3263.870681 -1791.348428 -3362.109925 -2970.310505 -1939.282268 -2906.281716 -1749.878665 -1039.314726 -390.591685 890030.995395 967585.592224 -367.407179 -326.705674 -341.391126 -57.535610 -103.073790 -286.783545 -180.737379 -15.633869 -26.916965 -111.733165 -284.231611 -401.895353 -923.273744 -810.411878 -106.231007 -97.160480 -114.499558 -206.416621 -75.026340 -9999.0 -9999.0 -9999.0 -288.787188 332.256625 -37.442659 149.029581 -41.818371 -40.566959 3407.196306 3974.526928 -34.538613 -9999.0
-9999.0 -9999.0 -9999.0 -9999.0 -9999.0 -9999.0 -9999.0 -9999.0 -9999.0 -9999.0 -9999.0 -637.191063 -772.279001 -522.385596 -1081.349651 -2137.661169 -2142.948240 -2831.437361 -3510.963100 -3045.529833 -1598.504225 -422.480133 1017199.098327 -370.821860 -385.927744 -157.703949 1053081.878036 1042303.168681 -57.727161 -74.837525 -61.770825 1039599.073759 -277.647911 -26.420523 -41.012185 -342.699954 1041817.023014 787090.379692 -1502.094570 -113.590588 -517.247316 -341.962064 -283.367563 -247.874834 -27.617499 -9999.0 -119.165087 162.952369 -10.178009 -261.596080 -342.429149 -57.425386 -367.077501 -151.540996 -19.325915 -26.142707 -9999.0
-9999.0 -9999.0 -9999.0 -9999.0 -9999.0 -9999.0 -9999.0 -9999.0 -9999.0 -9999.0 -9999.0 -9999.0 -638.601468 43.933723 -1007.114616 -1044.174070 -1637.931262 -2756.298420 -1802.811867 -2885.000514 -2401.501629 -707.773860 177276.130672 696703.857559 1057560.114559 1103922.171793 2307.059466 -469.102399 -204.613373 -56.557206 -311.356070 1092271.101103 -423.198472 -11.301111 -16.639986 -264.670431 1063798.849048 618137.321459 -730.512608 -1411.500825 -1397.514984 -216.381184 1064853.543398 -383.305277 -45.070486 -29.246217 -69.021145 -26.656950 1009979.732297 1037243.029170 51722.659919 957335.598962 958155.591746 969957.140071 964240.559944 2.820883 -24.901493
-9999.0 -9999.0 -9999.0 -9999.0 -9999.0 -9999.0 -9999.0 -9999.0 -9999.0 -9999.0 -9999.0 1078218.320364 -532.780081 -2186.553387 65.370582 -644.584066 -1258.656194 -2445.613279 -2555.415219 -2452.198250 -2640.889501 -950.474855 49.854972 1102175.330064 1122686.317164 1116511.080672 1120576.544625 -242.824685 -217.521027 -105.535817 1109127.988523 1091467.527393 -360.120481 -21.960808 -30.382229 -166.888831 -437.173796 199290.925242 -710.052729 -1810.577901 140593.997363 -740.645132 150209.033150 -64.919804 -490.209041 -216.486540 -203.167127 -53.545855 -66.485125 1119.791895 320970.002182 -263.118951 68849.915718 -32.889619 -38.475768 -32.870629 -38.682382
-9999.0 -9999.0 -9999.0 -9999.0 -9999.0 -9999.0 -9999.0 -9999.0 -9999.0 -9999.0 2173.418061 367902.182820 -522.788961 -562.644948 -723.733549 2026.501454 2038.735843 -950.386679 -2717.269289 -2350.614389 -1854.335167 -718.808163 1420082.714627 -522.147441 10428.068462 1014019.628583 1062968.587534 256874.276568 -537.415014 -505.666298 379558.692230 381477.030525 -397.088166 -15.120280 -116.082930 -86.310507 -449.821421 828249.557151 1163675.075283 -339.286805 -428.351113 -57.826185 -32.780186 -653.007305 2625.901529 -118.345983 -401.136577 979504.215114 1005221.671736 447.068532 -55.289807 -42.039749 -30.749981 -23.323998 -40.216496 -65.072415 -19.536489
-9999.0 -9999.0 -9999.0 -9999.0 -9999.0 -9999.0 -9999.0 -9999.0 -9999.0 -387.979162 -440.947623 5714.139912 1202.748326 661857.220363 953720.410764 222778.014493 8647.646111 -863.985298 -2823.017952 -2584.067811 -2201.066421 -2229.519997 -1252.125525 -1062.960518 -389.215583 1482201.512606 1081279.585572 -411.064421 56817.959024 611.215487 -133.159309 1434702.804343 -91.294686 -54.859821 -112.931954 -78.418724 -400.264660 1222862.279177 1133466.832629 990552.171257 1265640.696765 1465006.151967 1478310.695444 -1050.581612 -912.803298 1710.328522 -607.223440 919515.276499 883464.800261 -245.484772 830319.065676 -39.249592 -30.295892 -30.213444 -35.671253 1121.392089 757.137869
-9999.0 -9999.0 -9999.0 -9999.0 -9999.0 -9999.0 -9999.0 -9999.0 -9999.0 -425.306840 -395.842720 -542.863327 4792.049515 -240.083659 25753.137997 737112.188986 -544.855012 -808.349339 -2885.752301 -3057.975410 -2734.310741 -3364.767538 -976.233458 -488.195222 1479679.922479 1137225.815261 995608.910425 991.275722 -305.009842 -512.369004 -470.075259 1382317.721461 -256.707512 -23.677230 -11.690394 -107.318952 -136.255992 -228.710216 -398.116574 -414.253263 1165317.199152 1109327.557233 175124.080286 -469.684034 -1446.991011 -926.521564 -928.707451 -657.107953 -483.099275 -529.037348 1428146.457882 910430.575407 -30.915213 1061.360685 -18.073280 125768.953567 118653.181456
-9999.0 -9999.0 -9999.0 -9999.0 -9999.0 -9999.0 -9999.0 -9999.0 -9999.0 -9999.0 -303.852064 -420.596290 1535.859658 713968.897164 -492.717249 6948.621841 -633.030089 -1264.885762 -2949.631600 -2830.590452 -2530.731648 -2856.487121 -121.280197 1337145.837574 1113031.766355 2694.527561 -181.280408 -480.510908 -500.981040 1481113.494580 1458721.274509 1451300.246152 1012734.575116 -14.448642 -98.248614 -348.916745 -485.655308 -432.205082 -137.797481 -273.830429 -286.989197 -392.579851 4839.551912 1834.376400 160.295054 65.518381 -2263.111235 -1003.182542 -2756.986576 -637.715807 1413497.623337 319373.893183 -38.342920 -11.950012 21150.060053 1924.652078 21.948386
-9999.0 -9999.0 -9999.0 -9999.0 -9999.0 -9999.0 -9999.0 -9999.0 -9999.0 -9999.0 -15.361319 -368.364551 -448.031319 96.427020 -469.508532 -865.611413 -1015.608546 -2357.547162 -2923.815488 -3104.544202 -2872.093401 -2648.857176 2541.121587 21629.898136 1950.910640 -278.752974 -608.272948 904.683568 1476697.597987 1039384.253822 -315.022250 -172.467369 116047.218786 -20.699369 -325.625385 -360.658263 190755.290084 574330.412615 972630.338968 -217.905206 -277.932156 -53.323956 1007504.325413 -510.279758 -511.495618 1475602.576134 658.340711 908.244480 -2531.828786 -1063.539202 27.501680 931093.726634 922980.430618 -31.787093 41.279152 -22.545902 99.881668
-9999.0 -9999.0 -9999.0 -9999.0 -9999.0 -9999.0 -9999.0 -9999.0 -326.889565 -274.407996 -229.671416 -283.297602 483126.957971 543505.889532 453922.556490 -850.284456 -2868.396076 -3370.184706 -3150.882030 -3143.794320 -3014.335282 -2997.039435 -2968.745187 -2808.042137 -719.141311 -662.776645 -584.708034 1557803.482012 1170176.008805 1030771.369538 -44.062823 -285.967036 -295.370027 -137.558111 -201.199888 -403.981181 -747.624344 422793.571250 1475070.043133 -112.833261 -129.867728 -371.980134 384961.332677 -124.655667 -378.101296 2123.042317 1452606.562918 415394.900628 882.490739 -642.698534 -401.158101 1030909.736090 292102.408638 835634.960380 -34.815198 -23.180187 -38.127629
-9999.0 -9999.0 -9999.0 -9999.0 -9999.0 -9999.0 -9999.0 -9999.0 -781814900.752156 370836.615669 1031912.065397 -203.751392 -385.164600 1023942.464315 1465387.283670 -527.416964 -2480.292224 -2687.659307 -3010.403017 -3176.995697 -2078.172684 -3540.348476 -3701.708399 -3743.362859 -2897.609651 -1831.178927 -565.132199 428687.141229 29894.032481 -185.550527 -25.375282 -78.079251 -329.068131 -97.772730 -344.457988 -425.614464 -739.320440 29.749398 110272.768790 -439.828023 -305.946399 -23.582210 -131.582297 -479.222363 2610.773434 963091.502532 327229.492753 -420.354571 47543.109894 -507.131643 -410.778797 26924.699597 321977.808840 1786.328167 -323.362263 -85.802973 1054144.684490
-9999.0 -9999.0 -9999.0 -9999.0 -9999.0 -9999.0 -9999.0 -9999.0 -331.900251 3364.196677 23.019999 1006969.933426 25.316765 336288.019647 926996.397004 1463889.608928 -1036.271648 -2888.033223 -2980.998454 -2095.986317 -3206.638124 -3520.055865 -3622.482092 -3163.136934 -3158.482751 -2647.972646 -583.386852 1525165.993808 84116.618448 -297.784390 -89.813783 -320.929891 1007146.398527 1064023.834648 -387.900887 -618.490932 -442.335315 -413.315724 131036.426102 1085773.650174 -409.807310 -216.431441 -411.714006 2606.693537 1065496.586597 -395.936064 -111.858934 -330.414118 1094572.150685 940.652014 -748.870409 -284.137044 216253.599279 383066.476239 44823.242563 299.211554 26.452144
-9999.0 -9999.0 -9999.0 -9999.0 -9999.0 -9999.0 -9999.0 -9999.0 -42.965799 -403.304595 158253.238734 16947.520515 -349.931729 1003425.785177 1418934.593599 -525.728367 -2835.441581 -2929.525408 -2548.081014 -2976.369292 -3131.140393 -3146.225123 -3358.688577 -3301.243651 -2640.906045 -1076.022081 404014.337872 1484476.372692 -469.945595 1292826.336349 1046170.775505 815630.858350 41.849424 1709.752305 1632.629958 -849.421260 -1539.846828 -2695.917999 -637.344183 1209.341698 -537.322816 -543.786936 -506.722340 -321.927455 -392.666233 -201.688016 -598.746432 -142.634448 -388.935985 1096938.948351 980.791861 -961.121494 -393.542867 11942.309047 27.315896 -229.468571 -884.115820
-9999.0 -9999.0 -9999.0 -9999.0 -9999.0 -9999.0 -9999.0 -9999.0 3355.645282 -207.920617 -702.860947 1502714.342585 1519609.858221 1539745.760341 -362.327305 -885.984192 -844.341836 -2368.070266 -1461.588878 -2707.920223 -2881.751888 -3031.530501 -3043.214570 -2981.872933 -3203.192369 -1041.231453 1479436.462860 2237.547695 -524.116190 48.412614 1409359.139186 -324.952572 -546.819572 -399.228365 -534.176125 -1372.028877 -2824.498791 -2845.528953 -2812.261724 -670.251106 -671.831130 -649.878774 -481.709047 -290.412944 990496.567855 -548.019814 45010.111945 915069.651039 73772.681648 -225.944495 -767.201932 -1726.971318 -1090.723694 -693.120084 -409.922500 -513.550007 -833.180771
