user2019/resources/simulation/Vinschgau/output-maps/psiL0002N0456.asc
ncols         63
nrows         48
xllcorner     598000.000000
yllcorner     5145000.000000
cellsize      1000.000000
NODATA_value  -9999.0
[rows 0 to 26 of 48, columns 0 to 60 of 63]
-9999.0 -9999.0 -9999.0 -9999.0 -9999.0 -9999.0 -9999.0 -9999.0 -9999.0 -9999.0 -9999.0 -9999.0 -9999.0 -9999.0 -9999.0 -9999.0 -9999.0 -9999.0 -9999.0 -9999.0 -9999.0 -9999.0 -9999.0 -9999.0 -9999.0 -9999.0 -9999.0 -9999.0 -9999.0 -9999.0 -9999.0 -9999.0 -9999.0 -9999.0 -9999.0 -9999.0 -9999.0 -9999.0 -9999.0 -9999.0 -9999.0 -9999.0 -9999.0 -9999.0 -9999.0 -9999.0 -9999.0 -9999.0 -9999.0 -9999.0 -9999.0 -9999.0 -9999.0 -9999.0 -9999.0 -9999.0 -9999.0 -9999.0 -9999.0 -9999.0 -9999.0
-9999.0 -9999.0 -9999.0 -9999.0 -9999.0 -9999.0 -9999.0 -9999.0 -9999.0 -9999.0 -9999.0 -9999.0 -9999.0 -9999.0 -9999.0 -9999.0 -9999.0 -9999.0 -9999.0 -9999.0 -9999.0 -9999.0 -9999.0 -9999.0 -9999.0 -9999.0 -9999.0 -214.512676 20.541261 -206.679395 35.373892 26.562044 471.690242 -9999.0 -9999.0 -9999.0 -9999.0 -9999.0 -9999.0 -9999.0 -9999.0 -9999.0 -9999.0 -9999.0 -9999.0 -9999.0 -9999.0 -9999.0 -9999.0 -9999.0 -9999.0 -9999.0 -9999.0 -9999.0 -9999.0 -9999.0 -9999.0 -9999.0 -9999.0 -9999.0 -9999.0
-9999.0 -9999.0 -9999.0 -9999.0 -9999.0 -9999.0 -9999.0 -9999.0 -9999.0 -9999.0 -9999.0 -9999.0 -9999.0 -9999.0 -9999.0 -9999.0 -9999.0 -9999.0 -9999.0 -9999.0 -9999.0 -9999.0 -9999.0 -9999.0 -405.218326 -493.092553 -413.258480 16.331615 34.536182 52.215239 20.159314 -9999.0 -9999.0 -9999.0 -9999.0 -9999.0 -9999.0 -9999.0 -9999.0 -9999.0 -9999.0 -9999.0 -9999.0 -9999.0 -9999.0 -9999.0 -9999.0 -9999.0 -9999.0 -9999.0 -9999.0 -9999.0 -9999.0 -9999.0 -9999.0 -9999.0 -9999.0 -9999.0 -9999.0 -9999.0 -9999.0
-9999.0 -9999.0 -9999.0 -9999.0 -9999.0 -9999.0 -9999.0 -9999.0 -9999.0 -9999.0 -9999.0 -9999.0 -9999.0 -9999.0 -9999.0 -9999.0 -9999.0 -9999.0 -9999.0 -9999.0 -9999.0 -9999.0 -9999.0 -481.266408 -254.648341 -1232.132656 -1422.180986 -1684.337362 15.105750 -266.091249 18.074803 20.561679 -9999.0 -9999.0 -9999.0 -9999.0 -9999.0 -9999.0 -9999.0 -9999.0 -9999.0 -9999.0 -9999.0 -9999.0 -9999.0 -9999.0 -9999.0 -9999.0 -9999.0 -9999.0 -9999.0 -9999.0 -9999.0 -9999.0 -9999.0 -9999.0 -9999.0 -9999.0 -9999.0 -9999.0 -9999.0
-9999.0 -9999.0 -9999.0 -9999.0 -9999.0 -9999.0 -9999.0 -9999.0 -9999.0 -9999.0 -9999.0 -9999.0 -9999.0 -9999.0 -9999.0 -9999.0 -9999.0 -9999.0 -384.365089 -326.571903 -9999.0 -252.156403 15.473910 -1107.098340 -951.661825 -1609.850946 -579.348123 -340.081184 -611.691737 -1224.679664 17.860112 24.105330 -128.781037 -108.797969 -9999.0 -9999.0 -9999.0 -9999.0 -9999.0 -9999.0 -9999.0 -9999.0 -9999.0 -9999.0 -9999.0 -9999.0 -9999.0 -9999.0 -9999.0 -9999.0 -9999.0 -9999.0 -9999.0 -9999.0 -9999.0 -9999.0 -9999.0 -9999.0 -9999.0 -9999.0 -9999.0
-9999.0 -9999.0 -9999.0 -9999.0 -9999.0 -9999.0 -9999.0 -9999.0 -9999.0 -9999.0 -9999.0 -9999.0 -9999.0 -9999.0 -9999.0 -9999.0 -9999.0 -823.812170 -608.478291 -1141.029248 -128.008187 -537.963598 -713.839904 -978.830024 -623.753699 -587.134916 -558.880416 23.267909 -458.264115 10.668139 50.925205 59.281954 -170.493763 -419.934226 -249.345579 -176.764198 -9999.0 -9999.0 -9999.0 -9999.0 -9999.0 -9999.0 -9999.0 -9999.0 -9999.0 -9999.0 -9999.0 -9999.0 -9999.0 -9999.0 -9999.0 -9999.0 -9999.0 -9999.0 -9999.0 -9999.0 -9999.0 -9999.0 -9999.0 -9999.0 -9999.0
-9999.0 -9999.0 -9999.0 -9999.0 -9999.0 -9999.0 -9999.0 -9999.0 -9999.0 -9999.0 -9999.0 -9999.0 -9999.0 27.015399 -401.387774 -584.088308 -684.820699 -224.079663 -785.298088 -749.801010 -611.734486 -770.116359 -1076.483042 -576.812964 -579.440986 12.579136 -226.721227 38.669316 14.114846 21.603128 4249.910445 134.660644 100.388993 129.951443 -82.196325 -137.178913 -9999.0 -9999.0 -9999.0 -9999.0 -9999.0 -9999.0 -9999.0 -9999.0 -9999.0 -9999.0 -9999.0 -9999.0 -9999.0 -9999.0 -9999.0 -9999.0 -9999.0 -9999.0 -9999.0 -9999.0 -9999.0 -9999.0 -9999.0 -9999.0 -9999.0
-9999.0 -9999.0 -9999.0 -9999.0 -9999.0 -9999.0 -9999.0 -9999.0 -9999.0 -9999.0 -9999.0 -9999.0 -9999.0 28.417676 -471.090939 -636.913266 -637.635030 -338.217518 -252.342823 -878.724594 -886.092704 -282.483517 -539.723397 -476.268842 -542.750416 -400.079611 12.610340 -184.925137 -128.367942 26.758484 62.631108 40.999360 -167.068723 -979.160097 -100.999944 -9999.0 -9999.0 -9999.0 -9999.0 -9999.0 -9999.0 -9999.0 -9999.0 -9999.0 -9999.0 -9999.0 -9999.0 -9999.0 -9999.0 -9999.0 -9999.0 -9999.0 -9999.0 -9999.0 -9999.0 -9999.0 -9999.0 -9999.0 -9999.0 -9999.0 -9999.0
-9999.0 -9999.0 -9999.0 -9999.0 -9999.0 -9999.0 -9999.0 -9999.0 -9999.0 -9999.0 -9999.0 -9999.0 -9999.0 -531.107010 491.622235 -598.260023 -559.834395 -647.008281 -243.382497 -664.886013 22.805319 -215.795256 16.982107 -546.707787 -527.011311 28.183469 -193.215769 -144.100913 26.065929 -192.755109 50.348496 -970.335241 -979.869538 -989.692257 -992.160777 -9999.0 -9999.0 -9999.0 -9999.0 -9999.0 -9999.0 -9999.0 -9999.0 -9999.0 -9999.0 -9999.0 -9999.0 -9999.0 -9999.0 -9999.0 -9999.0 -9999.0 -9999.0 -9999.0 -9999.0 -9999.0 -9999.0 -9999.0 -9999.0 -9999.0 -9999.0
-9999.0 -9999.0 -9999.0 -9999.0 -9999.0 -9999.0 -9999.0 -9999.0 -9999.0 -9999.0 -9999.0 -9999.0 -608.227383 3325.030694 -435.950355 11.138247 -393.560973 -508.947941 -379.599998 -536.929547 -549.703538 -507.530843 30.166229 -435.123677 1718.258854 21.338210 567.298612 23.434905 88.294542 -131.659468 -912.130643 -119.553156 66.669266 -130.788468 -9999.0 -9999.0 -9999.0 -9999.0 -9999.0 -9999.0 -9999.0 -9999.0 -9999.0 -9999.0 -9999.0 -9999.0 -9999.0 -9999.0 -9999.0 -9999.0 -9999.0 -9999.0 -9999.0 -9999.0 -9999.0 -9999.0 -9999.0 -9999.0 -9999.0 -9999.0 -9999.0
-9999.0 -9999.0 -9999.0 -9999.0 -9999.0 -9999.0 -9999.0 -9999.0 -9999.0 -9999.0 -9999.0 36.595010 22.751256 127.714497 -395.011263 32.206431 -452.601471 -390.844983 -229.428867 -239.215412 -350.769627 14.008842 31.542314 24.309587 66.837735 40.077395 22.286481 31.095440 1530.474878 -135.617488 -128.297202 84.866548 -127.761239 -137.980437 -147.580418 -166.971635 -1783.136928 -2870.622222 -2993.188706 -9999.0 -9999.0 -9999.0 -583.182177 -9999.0 -9999.0 -9999.0 -9999.0 -9999.0 -9999.0 -9999.0 -9999.0 -9999.0 -9999.0 -9999.0 -9999.0 -9999.0 -9999.0 -9999.0 -9999.0 -9999.0 -9999.0
-9999.0 -9999.0 -9999.0 -9999.0 -9999.0 -9999.0 -9999.0 -9999.0 -9999.0 -9999.0 -9999.0 34.720717 24.220559 47.954128 19.801868 25.147403 15.346563 -635.583132 -305.146772 -449.817798 22.786668 27.259155 31.382380 22.469488 48.999152 31.030336 24.663198 45.388622 -119.034120 -124.468361 41.837504 186.648095 20.744612 30.975502 -440.548402 -403.367998 -1435.709819 -5135.084690 -5450.036019 -179.291509 -181.285663 -114.857001 19.001972 -126.263151 -9999.0 -9999.0 -9999.0 14.726394 31.016481 -122.723909 34.870835 -115.828008 -112.606795 -133.297477 36.045179 -100.526511 -9999.0 -9999.0 -9999.0 -9999.0 -9999.0
-9999.0 -9999.0 -9999.0 -9999.0 -9999.0 -9999.0 -9999.0 -9999.0 -9999.0 -9999.0 -9999.0 53.079288 26.365621 60.419281 25.058147 32.117748 34.932956 27.538811 -220.872603 -446.512517 -388.989921 22.411032 24.575624 30.432906 28.947156 -167.977552 30.386765 1540.815378 -187.238177 26.404702 -181.966237 166.832098 19.900136 19.531228 -110.789578 -622.950262 -2710.562097 -5315.944667 -7650.764081 -8357.589563 -3812.480246 -1060.644923 -371.238025 13.422270 16.476407 -9999.0 -124.573316 40.405055 41.834452 44.882354 41.158707 -129.435163 35.849500 32.407679 48.944308 43.104928 -9999.0 -9999.0 -9999.0 -9999.0 -9999.0
-9999.0 -9999.0 -9999.0 -9999.0 -9999.0 -9999.0 -9999.0 -9999.0 -9999.0 -9999.0 -9999.0 -9999.0 47.116651 53.946131 24.908957 29.655611 -193.212615 -171.972525 17.533428 -440.108321 -404.008355 19.342555 37.224992 36.992176 29.406611 26.813130 986.134826 31.937229 35.328940 -160.586961 27.467806 83.678443 18.400513 19.419958 17.711721 -486.576053 -3532.778057 -4896.242062 -6611.989896 -5533.721844 -3561.656304 -138.595322 -511.049230 -221.565354 -153.996599 27.754571 -125.745602 33.388339 41.937516 46.333260 17.768737 227.644707 1021.051662 191.890523 120.282063 67.549610 37.571603 -9999.0 -9999.0 -9999.0 -9999.0
-9999.0 -9999.0 -9999.0 -9999.0 -9999.0 -9999.0 -9999.0 -9999.0 -9999.0 -9999.0 -9999.0 27.879887 27.895580 36.900428 68.477069 40.684700 36.484437 24.777167 18.602623 -544.425140 -436.277896 -297.331612 17.404791 16.774784 20.498775 33.465864 32.407652 25.181080 22.523297 -131.101525 30.309589 104.812112 38.958580 24.139027 20.910738 17.409026 -2497.991688 -4152.520187 -3863.384112 -4447.807112 -2626.047898 -1672.199623 -467.273954 -137.387663 17.398661 22.119218 52.239564 -145.646220 -144.280209 12.086823 -149.794951 31.458175 71.804567 -85.564703 -63.684847 -272.687534 -93.847452 -9999.0 -9999.0 -9999.0 -9999.0
-9999.0 -9999.0 -9999.0 -9999.0 -9999.0 -9999.0 -9999.0 -9999.0 -9999.0 -9999.0 1011.394551 38.512750 31.686789 28.413237 29.168297 947.893193 947.702390 -441.927991 -522.557159 -570.206904 -434.066472 -503.003399 -308.970437 15.599356 -387.590687 1039.733202 28.204288 -55.682540 28.125266 28.037006 84.813010 339.365742 35.673506 32.461445 -122.636524 -152.276290 -539.269735 -1259.741480 -903.482349 -838.363180 -673.692843 -472.212485 -225.976308 -589.944031 -410.081808 -102.354793 29.044210 36.822633 44.072418 10.008125 -169.452538 -132.240736 -60.897883 -294.469446 -293.397235 64.905373 67.858460 -9999.0 -9999.0 -9999.0 -9999.0
-9999.0 -9999.0 -9999.0 -9999.0 -9999.0 -9999.0 -9999.0 -9999.0 -9999.0 38.882616 47.853771 71.297146 56.785994 20.602836 -276.947727 34.180092 13.080677 22.873113 -476.534000 -619.512603 -514.749906 -618.732798 -459.862011 -594.191100 -455.378966 19.077386 -348.838390 24.545502 24.828418 -147.431818 12.731001 28.520798 -191.158940 -177.913407 -161.383353 -177.250225 22.800640 -584.661975 -835.365551 -306.297610 -301.874641 -538.207195 -675.223684 -750.750954 -734.794942 -609.840070 17.828251 -741.289435 -675.221257 10.980905 50.086410 -122.708571 -394.986475 -150.850897 -97.997167 112.549414 197.040499 -103.415664 -107.954563 -9999.0 -9999.0
-9999.0 -9999.0 -9999.0 -9999.0 -9999.0 -9999.0 -9999.0 -9999.0 -9999.0 113.466732 44.675238 36.348560 2161.800188 -214.751614 -286.082335 -274.574579 28.032174 12.767569 -590.251262 -695.743610 -721.325499 -888.940727 -454.179243 16.610099 20.111684 -489.088084 -406.467002 -315.607901 11.637774 12.240696 35.808962 34.828834 42.384866 26.096912 36.553068 -104.861881 -109.375588 -106.164042 -358.475224 26.215024 -408.611123 -538.743823 -695.175560 -399.994401 -640.581482 -686.909424 -719.376772 -936.657861 -833.457716 9.873387 25.531765 29.082729 -124.667199 42.766586 -11.395460 72.224141 179.978207 119.266941 -121.850073 -9999.0 -9999.0
-9999.0 -9999.0 -9999.0 -9999.0 -9999.0 -9999.0 -9999.0 -9999.0 -9999.0 -9999.0 36.202685 51.933113 48.206047 1238.691518 -374.116023 -239.614830 -238.085693 -466.139486 -638.164772 -606.684237 -586.812120 -413.317037 -363.590808 22.805090 -499.757989 -481.245529 -593.848057 11.319343 33.483109 27.329807 29.501150 2082.029037 29.140170 31.790199 47.994460 55.246201 -534.956375 -306.331672 -97.813781 29.416678 18.147331 20.621207 2250.014412 20.896300 17.169907 -400.256980 -308.294264 -419.760511 -579.072975 22.672497 32.626539 41.685354 -140.873171 -140.362898 17.094856 40.279322 81.139813 8526.308810 28.943822 -552.980326 -9999.0
-9999.0 -9999.0 -9999.0 -9999.0 -9999.0 -9999.0 -9999.0 -9999.0 -9999.0 -9999.0 47.419781 41.918217 34.583953 41.427770 13.313895 -387.196653 -447.550604 -529.581774 -676.142135 -668.179979 -695.461424 -626.942025 -575.036367 -601.705826 -570.762651 -634.041996 11.478706 37.250525 35.605165 26.278807 30.086435 76.511867 -55.515042 24.130082 25.711446 47.455607 1896.411378 21.442712 27.882420 23.342906 32.421741 -49.171595 73.264907 23.075587 22.505653 19.415420 17.972919 18.652120 -197.726281 11.762038 43.050672 38.593656 39.699638 -115.438742 -106.037052 -111.195568 24.443978 25.131747 47.388886 30.783733 -9999.0
-9999.0 -9999.0 -9999.0 -9999.0 -9999.0 -9999.0 -9999.0 -9999.0 40.553879 32.927851 29.360207 51.931214 217.516012 46.548447 36.179523 12.129290 -567.007747 -723.231951 -725.962407 -703.877245 -860.630022 -810.025381 -719.659857 -759.879719 -743.899586 -379.735111 32.429255 32.263776 45.180374 44.334584 -210.144763 39.480927 32.532732 24.566862 46.649972 20.075666 22.899916 19.598202 17.141792 -109.367711 -184.833482 73.521046 -147.249112 -176.416225 -174.611780 1111.188375 21.494745 24.380351 20.781311 11.163096 43.547260 48.084251 42.289292 38.676232 -153.515594 30.053470 -151.370721 22.801791 14.527542 15.396282 -9999.0
-9999.0 -9999.0 -9999.0 -9999.0 -9999.0 -9999.0 -9999.0 -9999.0 936.772436 57.226557 40.678365 31.347977 31.292994 926.465277 -63.997947 -178.939287 -412.459824 -537.241434 -833.072293 -763.913934 -819.599318 -974.934833 -708.726373 -940.561121 -959.142420 -348.633582 34.861853 39.072091 -91.120083 27.853329 26.641669 -241.925153 56.121543 -253.033766 43.366569 28.339328 44.235355 45.377555 29.342662 29.906418 33.052686 284.985056 -119.618511 32.325934 1331.617433 34.421470 -129.786395 25.942062 23.008512 -238.659073 10.528619 36.084013 35.214010 26.702946 24.287706 -110.873256 21.627709 22.177213 -516.070949 -542.449563 -922.453482
-9999.0 -9999.0 -9999.0 -9999.0 -9999.0 -9999.0 -9999.0 -9999.0 35.039608 1589.884809 39.641245 35.187870 146.027693 -35.641897 32.799542 23.538926 -493.162333 -626.685436 -853.799084 -728.615590 -842.051608 -1061.819126 -1028.752781 -890.763596 -828.512553 -642.102345 -379.429453 19.963482 -37.029731 32.221777 -221.151816 48.298084 39.040016 34.437153 39.772953 71.943726 38.453856 12.969217 39.366763 42.788842 39.299844 -220.755437 37.504480 1339.405474 15.820397 29.440906 -115.242863 22.659020 -223.106128 10.403737 -304.942626 32.505922 27.295525 21.367229 27.313452 39.132602 29.938890 -127.363238 -671.998013 -589.361461 -710.111893
-9999.0 -9999.0 -9999.0 -9999.0 -9999.0 -9999.0 -9999.0 -9999.0 -162.587269 39.328044 79.525576 -51.914354 42.415065 41.240657 37.616770 -167.028148 -739.471388 -712.658858 -551.066799 -853.379633 -814.268943 -868.714554 -1175.887044 -1165.724808 -757.361756 -525.473840 -449.967779 20.293861 22.095354 37.549314 28.406159 42.220458 39.532540 52.579616 32.026935 14.816414 13.439187 10.610102 33.217412 33.541267 22.886003 31.767829 37.581733 -114.559371 17.160517 -112.898453 27.945412 -119.252633 14.663655 -363.803455 -447.607923 9.682460 21.910741 11.885656 18.923011 33.000532 20.492601 19.507843 -708.200953 -651.383437 -555.020355
-9999.0 -9999.0 -9999.0 -9999.0 -9999.0 -9999.0 -9999.0 -9999.0 27.445093 39.905997 2141.464164 31.138088 43.773548 42.551028 38.335699 -296.373359 11.965939 -408.703043 -316.130179 -513.477193 -761.353906 -882.532378 -967.905231 -990.310902 -1169.461563 -638.436107 -575.732453 -521.448493 -532.015181 30.912216 22.758309 33.792963 45.597306 38.042238 22.774529 11.824819 -381.816164 11.330282 42.029422 31.832062 20.850346 30.276317 42.948283 25.051014 18.364466 21.930571 23.446293 31.867295 -509.339704 -823.604322 -1024.134209 -944.677657 -549.985713 -748.877295 73.286085 74.648089 -339.064950 -475.687074 -497.597740 -556.825842 -562.285891
-9999.0 -9999.0 30.770441 30.811936 586.880080 -289.089844 91.959975 53.154339 37.048970 42.049559 44.477303 87.739591 48.051257 47.516003 13.047591 10.332285 26.276371 -190.677653 -357.180826 -275.245321 -597.525695 -671.724360 -465.025799 -1224.735497 -853.525166 -820.800508 -650.091180 -639.484681 -611.537454 -432.535855 -523.571397 -262.113261 31.819837 -73.324668 -386.003167 -460.430000 -634.852936 -357.165444 30.793489 23.454093 14.650873 22.178335 44.873919 -416.846439 11.649090 -304.428681 -420.681370 -317.030059 -805.768584 -798.970862 -1012.134296 -757.739266 -375.391511 -311.783394 -266.551591 -279.024066 21.338348 -374.520313 -382.527197 -451.108769 -125.442612
-9999.0 -385.196006 35.312488 30.129456 -325.977215 54.983964 79.448496 41.729563 40.777194 39.983632 41.071862 38.017899 53.511007 64.982227 12.480669 35.583253 34.198596 24.063419 -357.927154 -448.299542 -699.469066 -593.122755 60.075613 -571.697203 -1117.669534 -950.894096 -957.374391 -899.883224 -708.995363 -553.793213 -864.274523 -744.278382 -166.235767 -388.228727 -704.576591 -746.171461 -820.354614 -755.691103 -372.170935 -450.732165 -780.595658 -536.197083 12.260090 -670.303442 -726.450276 -767.285933 -613.300495 -898.194522 -838.604420 -749.318335 -567.996521 -376.233539 17.925437 30.800375 27.524842 21.924629 26.078507 14.864671 14.068247 15.639136 14.201726
