user2019/resources/simulation/Vinschgau/output-maps/psiL0005N1217.asc
ncols         63
nrows         48
xllcorner     598000.000000
yllcorner     5145000.000000
cellsize      1000.000000
NODATA_value  -9999.0
[rows 0 to 25 of 48, columns 0 to 57 of 63]
-9999.0 -9999.0 -9999.0 -9999.0 -9999.0 -9999.0 -9999.0 -9999.0 -9999.0 -9999.0 -9999.0 -9999.0 -9999.0 -9999.0 -9999.0 -9999.0 -9999.0 -9999.0 -9999.0 -9999.0 -9999.0 -9999.0 -9999.0 -9999.0 -9999.0 -9999.0 -9999.0 -9999.0 -9999.0 -9999.0 -9999.0 -9999.0 -9999.0 -9999.0 -9999.0 -9999.0 -9999.0 -9999.0 -9999.0 -9999.0 -9999.0 -9999.0 -9999.0 -9999.0 -9999.0 -9999.0 -9999.0 -9999.0 -9999.0 -9999.0 -9999.0 -9999.0 -9999.0 -9999.0 -9999.0 -9999.0 -9999.0 -9999.0
-9999.0 -9999.0 -9999.0 -9999.0 -9999.0 -9999.0 -9999.0 -9999.0 -9999.0 -9999.0 -9999.0 -9999.0 -9999.0 -9999.0 -9999.0 -9999.0 -9999.0 -9999.0 -9999.0 -9999.0 -9999.0 -9999.0 -9999.0 -9999.0 -9999.0 -9999.0 -9999.0 -222.045788 -279.257830 -174.658193 64.204795 -9.169774 13768.947663 -9999.0 -9999.0 -9999.0 -9999.0 -9999.0 -9999.0 -9999.0 -9999.0 -9999.0 -9999.0 -9999.0 -9999.0 -9999.0 -9999.0 -9999.0 -9999.0 -9999.0 -9999.0 -9999.0 -9999.0 -9999.0 -9999.0 -9999.0 -9999.0 -9999.0
-9999.0 -9999.0 -9999.0 -9999.0 -9999.0 -9999.0 -9999.0 -9999.0 -9999.0 -9999.0 -9999.0 -9999.0 -9999.0 -9999.0 -9999.0 -9999.0 -9999.0 -9999.0 -9999.0 -9999.0 -9999.0 -9999.0 -9999.0 -9999.0 -309.443458 -326.335530 -326.432885 -325.224903 -256.923866 -193.339808 -121.145045 -9999.0 -9999.0 -9999.0 -9999.0 -9999.0 -9999.0 -9999.0 -9999.0 -9999.0 -9999.0 -9999.0 -9999.0 -9999.0 -9999.0 -9999.0 -9999.0 -9999.0 -9999.0 -9999.0 -9999.0 -9999.0 -9999.0 -9999.0 -9999.0 -9999.0 -9999.0 -9999.0
-9999.0 -9999.0 -9999.0 -9999.0 -9999.0 -9999.0 -9999.0 -9999.0 -9999.0 -9999.0 -9999.0 -9999.0 -9999.0 -9999.0 -9999.0 -9999.0 -9999.0 -9999.0 -9999.0 -9999.0 -9999.0 -9999.0 -9999.0 -351.144416 -382.246932 -1913.476693 -2158.088617 -3681.359487 -2854.143473 -371.634387 -136.292566 61.754435 -9999.0 -9999.0 -9999.0 -9999.0 -9999.0 -9999.0 -9999.0 -9999.0 -9999.0 -9999.0 -9999.0 -9999.0 -9999.0 -9999.0 -9999.0 -9999.0 -9999.0 -9999.0 -9999.0 -9999.0 -9999.0 -9999.0 -9999.0 -9999.0 -9999.0 -9999.0
-9999.0 -9999.0 -9999.0 -9999.0 -9999.0 -9999.0 -9999.0 -9999.0 -9999.0 -9999.0 -9999.0 -9999.0 -9999.0 -9999.0 -9999.0 -9999.0 -9999.0 -9999.0 -700.375553 -443.018850 -9999.0 -383.709118 -413.537739 -3361.325969 -1965.909772 -3593.853608 -690.206987 -785.591400 -635.288731 -726.373105 -298.123970 -142.215752 -254.614439 -227.922223 -9999.0 -9999.0 -9999.0 -9999.0 -9999.0 -9999.0 -9999.0 -9999.0 -9999.0 -9999.0 -9999.0 -9999.0 -9999.0 -9999.0 -9999.0 -9999.0 -9999.0 -9999.0 -9999.0 -9999.0 -9999.0 -9999.0 -9999.0 -9999.0
-9999.0 -9999.0 -9999.0 -9999.0 -9999.0 -9999.0 -9999.0 -9999.0 -9999.0 -9999.0 -9999.0 -9999.0 -9999.0 -9999.0 -9999.0 -9999.0 -9999.0 -2051.629855 -2249.192857 -57301.959288 -261.614652 -570.712322 -779.180521 -2305.224029 -843.538303 -417.516239 44001.478931 -508.167243 51959.506436 -555.836235 -375.062044 -316.775742 -213.820574 -407.897590 -433.752848 -355.432066 -9999.0 -9999.0 -9999.0 -9999.0 -9999.0 -9999.0 -9999.0 -9999.0 -9999.0 -9999.0 -9999.0 -9999.0 -9999.0 -9999.0 -9999.0 -9999.0 -9999.0 -9999.0 -9999.0 -9999.0 -9999.0 -9999.0
-9999.0 -9999.0 -9999.0 -9999.0 -9999.0 -9999.0 -9999.0 -9999.0 -9999.0 -9999.0 -9999.0 -9999.0 -9999.0 -781.296918 -1256.910430 -1604.765042 -2155.633926 -8276.600652 -2009.452142 -3510.346442 -2051.653182 -1578.552700 -3125.940337 -1005.080241 285.218068 -412.300109 -4723.147917 24400.346321 16187.328724 67.791215 25308.156239 -253.650420 -206.281172 68.334427 -123.952930 -265.099769 -9999.0 -9999.0 -9999.0 -9999.0 -9999.0 -9999.0 -9999.0 -9999.0 -9999.0 -9999.0 -9999.0 -9999.0 -9999.0 -9999.0 -9999.0 -9999.0 -9999.0 -9999.0 -9999.0 -9999.0 -9999.0 -9999.0
-9999.0 -9999.0 -9999.0 -9999.0 -9999.0 -9999.0 -9999.0 -9999.0 -9999.0 -9999.0 -9999.0 -9999.0 -9999.0 -659.657522 -2164.013216 -1910.646550 -2076.283858 -970.881764 -8298.140075 -2239.406795 -3054.147300 -2840.613849 -1332.974608 -844.273581 -812.572403 -585.003918 -319.413603 -163.195698 -171.666216 37269.271813 45304.097544 -185.099975 -190.213084 -402.852601 -196.372983 -9999.0 -9999.0 -9999.0 -9999.0 -9999.0 -9999.0 -9999.0 -9999.0 -9999.0 -9999.0 -9999.0 -9999.0 -9999.0 -9999.0 -9999.0 -9999.0 -9999.0 -9999.0 -9999.0 -9999.0 -9999.0 -9999.0 -9999.0
-9999.0 -9999.0 -9999.0 -9999.0 -9999.0 -9999.0 -9999.0 -9999.0 -9999.0 -9999.0 -9999.0 -9999.0 -9999.0 -2220.236133 526.650749 -2106.909613 -1939.851125 -2010.142573 -8394.459577 -2083.398484 -1090.652686 -49023.026754 -433.595540 1537.653753 -1193.401294 -814.703669 -277.070871 -233.808756 58.224754 -402.106345 51.196291 -298.341363 -509.367773 -294.190482 -201.378017 -9999.0 -9999.0 -9999.0 -9999.0 -9999.0 -9999.0 -9999.0 -9999.0 -9999.0 -9999.0 -9999.0 -9999.0 -9999.0 -9999.0 -9999.0 -9999.0 -9999.0 -9999.0 -9999.0 -9999.0 -9999.0 -9999.0 -9999.0
-9999.0 -9999.0 -9999.0 -9999.0 -9999.0 -9999.0 -9999.0 -9999.0 -9999.0 -9999.0 -9999.0 -9999.0 -3215.057902 6413.540493 -2205.263177 -1928.497342 -1227.196893 -1705.533931 -1160.795634 -62816.885936 -1970.871195 -674.691454 -285.862898 3296.791701 36718.329341 -313.946913 33969.171057 -151.734495 84.900148 -158.843778 2693.790109 -237.116647 264.218443 -251.512265 -9999.0 -9999.0 -9999.0 -9999.0 -9999.0 -9999.0 -9999.0 -9999.0 -9999.0 -9999.0 -9999.0 -9999.0 -9999.0 -9999.0 -9999.0 -9999.0 -9999.0 -9999.0 -9999.0 -9999.0 -9999.0 -9999.0 -9999.0 -9999.0
-9999.0 -9999.0 -9999.0 -9999.0 -9999.0 -9999.0 -9999.0 -9999.0 -9999.0 -9999.0 -9999.0 -557.413808 -2106.440271 204.197694 -2204.917610 -787.013738 -67935.561209 -1821.130392 -863.228377 -71252.942205 -2614.749087 -936.618173 -492.481985 -360.247833 -297.948728 -249.039038 -113.343186 -194.879576 3475.127077 -150.158021 -219.129355 -196.193312 -182.499188 -232.356069 -246.923897 -223.012398 -202.214599 -520.831934 -108.510569 -9999.0 -9999.0 -9999.0 -411.391003 -9999.0 -9999.0 -9999.0 -9999.0 -9999.0 -9999.0 -9999.0 -9999.0 -9999.0 -9999.0 -9999.0 -9999.0 -9999.0 -9999.0 -9999.0
-9999.0 -9999.0 -9999.0 -9999.0 -9999.0 -9999.0 -9999.0 -9999.0 -9999.0 -9999.0 -9999.0 -530.896861 -2142.666038 -3731.052695 -2252.830862 -990.334336 -2512.938502 -2400.803127 -956.501568 -1266.960369 -952.043211 -743.517404 -297.434104 34961.226697 37925.563626 -251.638013 -225.364991 -228.332973 -112.396274 -184.188290 -194.261912 -105.349973 52.581693 482.287567 88.373991 -188.723916 -302.515636 -730.376637 -720.701291 -361.875562 -279.432024 -225.981306 -130.539040 -229.000797 -9999.0 -9999.0 -9999.0 1556.641443 30722.361037 -202.022839 30765.266246 -205.547404 -193.964698 34675.885280 35101.018210 -134.096022 -9999.0 -9999.0
-9999.0 -9999.0 -9999.0 -9999.0 -9999.0 -9999.0 -9999.0 -9999.0 -9999.0 -9999.0 -9999.0 -496.695524 -579.918079 -436.039308 -690.027724 -1072.060313 -1214.527241 -2009.296132 -2178.927238 -1344.599805 -969.052341 -353.955323 39734.975131 -257.641134 -270.626730 -202.170862 41617.600605 41734.337113 -194.712280 -2.666837 -199.271342 34618.180597 -177.089334 413.968397 -203.078088 -235.326881 41431.527060 -1156.994336 -950.664046 -402.081661 -415.664801 -67.059364 -183.684152 -159.555619 841.379753 -9999.0 -238.092355 1538.704153 59.166876 -169.970314 -42.188792 -158.141208 -46.086855 -81.359679 33.396568 549.827161 -9999.0 -9999.0
-9999.0 -9999.0 -9999.0 -9999.0 -9999.0 -9999.0 -9999.0 -9999.0 -9999.0 -9999.0 -9999.0 -9999.0 -493.901250 811.618336 -682.570394 -695.534117 -1034.506232 -1841.701425 -931.973177 -1266.808984 -1350.496821 -611.551289 -92.780848 28337.846086 40632.446900 41622.460642 2374.839263 -61.667772 -123.008589 -218.137797 -212.937180 40505.549200 -54.756663 62.354737 55.795669 -170.112893 -413.858892 -1512.558387 -581.515650 -306.468263 -883.996160 -302.722387 25838.831147 -285.953407 -264.619746 990.184085 -247.848687 604.663793 30033.111596 39278.959242 63019.698569 36909.432390 37678.975053 36903.527247 36139.398651 73.534898 317.873503 -9999.0
-9999.0 -9999.0 -9999.0 -9999.0 -9999.0 -9999.0 -9999.0 -9999.0 -9999.0 -9999.0 -9999.0 46480.114691 -424.459183 -129.473013 39734.448692 -538.550843 -884.696750 -1381.379176 -1153.536044 -1279.910511 -1533.949160 -751.177874 482.795943 17099.716767 42116.540120 41674.459393 43028.015757 -158.665108 -138.363539 -201.590354 43067.293702 43013.479865 -269.639927 47.369610 308.136412 -90.403986 -328.583992 -1593.141940 -772.257034 -1053.299847 -1458.034979 -761.806761 28466.604561 -1604.805988 -403.391852 -139.488201 -121.703961 -265.848544 -255.997150 -112.756380 -899.328542 -174.966499 3842.601112 -896.081576 -1186.223119 -443.230672 -189.702963 -9999.0
-9999.0 -9999.0 -9999.0 -9999.0 -9999.0 -9999.0 -9999.0 -9999.0 -9999.0 -9999.0 2244.438459 32604.385551 -417.713354 -450.610729 -552.784148 2098.189836 2309.106863 -411.578333 -1560.025026 -1236.736079 -974.765874 -594.992558 29600.683631 -425.311683 51343.431719 32866.912515 35013.344007 -977.821949 -71.922030 -410.744476 18538.341044 18808.471828 -303.122622 53.346915 -189.786219 -217.141563 -346.214158 34583.784863 -711.084849 -278.909275 -360.525352 -2583.458943 -72.712413 -516.750055 27750.001202 -204.210654 -288.863468 24736.199982 38542.493617 323.114565 -4485.137870 -202.138472 -1022.986445 -188.310654 -261.806922 6.271250 48.329113 -9999.0
-9999.0 -9999.0 -9999.0 -9999.0 -9999.0 -9999.0 -9999.0 -9999.0 -9999.0 -272.361508 -341.885700 16802.268155 26627.867798 42664.132879 41606.546675 44603.519192 48269.854721 -633.883256 -1958.325400 -1360.514516 -1056.635000 -1295.072776 -1056.588869 -776.535027 -331.764102 49683.182290 41197.180839 -325.676339 24611.112515 40178.990296 -64.014758 -28.877475 -161.327666 -270.582451 -223.626535 -216.077945 -299.177104 36516.345435 41282.025374 43335.230042 50961.574432 50104.719036 33027.485168 -1031.623626 -715.007825 19842.811319 -497.039008 10466.935147 13398.736922 -184.258787 -110.120986 -196.308325 -213.006364 -126.098516 -181.669909 -106.514616 938.545207 -127.196006
-9999.0 -9999.0 -9999.0 -9999.0 -9999.0 -9999.0 -9999.0 -9999.0 -9999.0 -54.809422 -279.980077 -447.283711 4855.806522 762.906474 58623.108823 43486.308732 -434.569711 -653.816543 -2140.796587 -1376.280366 -1229.699965 -2181.963689 -696.508568 -405.247266 46184.225278 42877.960452 43055.302664 43.512218 -238.508573 -426.938568 -388.217388 50334.829560 -165.012568 47.505069 59.105142 -222.810494 -209.891999 -188.935319 -286.907189 -326.334173 46752.427960 30375.638450 46627.846396 -392.280322 -908.939352 -710.120490 -734.102977 -572.444484 -51.323001 -455.424958 -35.661267 29659.276193 -168.353071 30736.077059 -53.276792 5312.755716 -67.553855 5761.118630
-9999.0 -9999.0 -9999.0 -9999.0 -9999.0 -9999.0 -9999.0 -9999.0 -9999.0 -9999.0 -204.168640 -326.528590 35389.100202 38476.873444 -95.158334 43430.103047 474.117217 -890.141761 -2267.923444 -1458.802385 -1151.484281 -2305.140959 333.166448 22957.377579 42140.623191 34823.050213 -111.265413 -398.433434 -421.006488 58794.064887 53975.547386 62106.492654 35639.075101 56.922746 -26.034991 -256.351777 -384.864916 -341.469717 -176.837143 -179.756456 -200.205352 -297.917451 4904.610433 23704.345400 -365.749786 -270.446895 -1378.148441 -712.235858 -2190.049143 -559.020309 -46.055988 -124.455904 -194.371553 -145.841315 30973.907591 22062.343717 87.762894 17020.281575
-9999.0 -9999.0 -9999.0 -9999.0 -9999.0 -9999.0 -9999.0 -9999.0 -9999.0 -9999.0 56.912311 -252.898570 -349.163517 3918.046596 -384.815050 -627.829932 -375.426781 -1297.480735 -1790.715342 -2054.869604 -1853.542884 -1547.384186 279.612055 52511.431089 12333.271596 -208.622858 -505.468786 828.170727 58683.501014 35714.810895 -214.838221 -95.617645 -2419.324560 50.060794 -223.764149 -278.964593 10196.895405 26094.855103 29444.905920 -137.088871 -182.439638 -68.226139 40479.587172 -412.613525 -408.915891 -20.297488 786.664849 -282.768345 -1578.819257 -867.749053 91.216932 26638.404148 36983.338833 -174.856967 -200.224734 -177.969403 32405.137893 30660.773451
-9999.0 -9999.0 -9999.0 -9999.0 -9999.0 -9999.0 -9999.0 -9999.0 -218.620176 -184.406254 -28.473685 -183.889856 15431.639976 36279.452384 65731.956358 -712.265728 -2298.122574 -2203.366968 -2001.640818 -2167.802371 -2129.635628 -2317.245120 -2184.735849 -1663.524776 -591.323998 -551.838287 -499.784135 61941.195440 46899.429497 35481.172541 -275.023154 -190.877007 -194.947757 -63.960508 -120.362495 -299.009519 -590.268587 43084.832116 53294.486939 -222.039897 -226.154376 -279.815569 -844.186702 -190.056903 -254.385701 2190.002003 52492.643155 45889.790230 635.519642 -537.031290 -335.372583 -53.970494 12052.537761 28762.788201 -234.402148 60.789345 -152.710198 -359.556502
-9999.0 -9999.0 -9999.0 -9999.0 -9999.0 -9999.0 -9999.0 -9999.0 -28.451413 16561.443746 33012.349893 -125.935338 -273.555170 40747.711341 54077.635614 -315.717289 -1435.470280 -1644.122405 -3220.668190 -2174.835870 -995.136423 -1821.212275 -2026.741555 -2252.587414 -2132.367647 -1102.538776 -492.994520 36656.521116 -3899.017431 -107.391207 319.488745 -298.638738 -217.353556 -283.680728 -229.040381 -324.214521 -579.158703 98.495469 26696.667568 -335.577802 -204.203342 -29.385864 -252.947354 -377.799467 2679.918905 37258.862059 -915.281176 -314.479424 34231.589704 -448.408269 -343.325131 63452.835251 13054.276512 17124.987518 -42.982376 -11202.553875 14743.930197 379.610821
-9999.0 -9999.0 -9999.0 -9999.0 -9999.0 -9999.0 -9999.0 -9999.0 -231.321074 3432.218479 93.265383 31848.654863 97.327021 -880.109753 41619.690723 35951.595524 -885.700160 -1976.624735 -2423.324878 -1009.781469 -2185.724167 -1894.305379 -2045.435635 -2143.839777 -1544.746235 -1596.451163 -503.581939 58459.297262 -1878.119395 -199.863082 -313.047357 -225.619833 40268.937212 -119.230058 -294.647897 -495.307576 83.103125 -337.593664 51192.663561 32986.112056 -300.257223 -304.475114 -301.558027 2679.047726 43833.537470 -282.727014 -284.670307 -226.342948 42103.463453 -242.964261 -632.683951 -221.303402 3967.268613 7940.613997 -96.219144 6004.307747 89.881535 -502.634792
-9999.0 -9999.0 -9999.0 -9999.0 -9999.0 -9999.0 -9999.0 -9999.0 -269.764565 -299.082982 10335.068707 -3195.434414 -238.804811 40206.827540 -59.765124 -476.502903 -2580.330872 -2349.204238 -1168.896884 -2077.685898 -2128.459408 -2082.942582 -1813.824596 -1898.222282 -1521.569908 -895.658172 52612.599151 47044.462351 -371.183752 36301.883658 25816.850840 30455.127201 -147.251953 12612.292628 -89.422599 -657.694145 -943.300329 -1715.108232 -543.350652 6658.537576 -442.344818 -446.505463 -411.701807 -264.852894 -278.825226 -248.780361 -80.343697 -218.987050 -283.904719 17149.338269 254.058259 -739.393570 -325.511690 10431.705186 93.222575 -160.603426 -709.969005 -990.164038
-9999.0 -9999.0 -9999.0 -9999.0 -9999.0 -9999.0 -9999.0 -9999.0 36450.893636 -129.907858 -62.370058 52717.770111 51897.862425 60001.138084 -292.004180 -688.832809 -664.926248 -1428.669455 -1033.049562 -1682.036881 -1886.213074 -1897.910107 -2057.936286 -2081.651176 -2056.503533 -799.329899 54927.752198 13886.652187 -304.382218 1081.317769 25337.428830 -258.225585 -462.657623 -336.951752 -454.616569 -1053.608505 -2685.047943 -2234.240058 -2374.079689 -554.695411 -574.789609 -387.395633 -403.613156 -197.513908 15889.391962 -454.050046 22604.793280 22646.199207 21190.794142 -159.260800 -654.284847 -1132.047382 -824.520204 -598.808815 -328.449931 -422.392746 -666.277147 -894.999034
-9999.0 -9999.0 -71.652702 -282.272236 -111.018306 37094.441693 36209.106374 36276.396243 67.251446 -19.660582 37989.840544 45515.511276 54284.266624 104.783587 -474.412150 82.963614 -216.751536 55042.451240 43676.230507 -420.968714 -1677.914828 -1711.195206 -1222.647098 -2138.037018 -1879.170880 -1507.089588 -487.951108 -624.374528 -1104.915285 -487.681809 305.758075 -913.362412 -803.874142 -1489.825677 -1733.578359 -1962.451598 -2186.313171 -2446.332997 -2961.929212 -2304.373294 -3150.468024 -2860.854212 -1988.316279 -780.920620 -502.656666 -571.105783 -454.949021 -643.985586 -1193.754996 -1139.756739 -1933.981678 -1103.270582 -732.646553 -617.548742 -527.078227 -604.520230 -665.848034 -839.183299
