user2019/resources/simulation/Vinschgau/output-maps/psiL0004N1104.asc
ncols         63
nrows         48
xllcorner     598000.000000
yllcorner     5145000.000000
cellsize      1000.000000
NODATA_value  -9999.0
[rows 0 to 25 of 48, columns 0 to 56 of 63]
-9999.0 -9999.0 -9999.0 -9999.0 -9999.0 -9999.0 -9999.0 -9999.0 -9999.0 -9999.0 -9999.0 -9999.0 -9999.0 -9999.0 -9999.0 -9999.0 -9999.0 -9999.0 -9999.0 -9999.0 -9999.0 -9999.0 -9999.0 -9999.0 -9999.0 -9999.0 -9999.0 -9999.0 -9999.0 -9999.0 -9999.0 -9999.0 -9999.0 -9999.0 -9999.0 -9999.0 -9999.0 -9999.0 -9999.0 -9999.0 -9999.0 -9999.0 -9999.0 -9999.0 -9999.0 -9999.0 -9999.0 -9999.0 -9999.0 -9999.0 -9999.0 -9999.0 -9999.0 -9999.0 -9999.0 -9999.0 -9999.0
-9999.0 -9999.0 -9999.0 -9999.0 -9999.0 -9999.0 -9999.0 -9999.0 -9999.0 -9999.0 -9999.0 -9999.0 -9999.0 -9999.0 -9999.0 -9999.0 -9999.0 -9999.0 -9999.0 -9999.0 -9999.0 -9999.0 -9999.0 -9999.0 -9999.0 -9999.0 -9999.0 -80.568115 174479.770748 -51.423469 170681.676139 186542.589269 186386.862635 -9999.0 -9999.0 -9999.0 -9999.0 -9999.0 -9999.0 -9999.0 -9999.0 -9999.0 -9999.0 -9999.0 -9999.0 -9999.0 -9999.0 -9999.0 -9999.0 -9999.0 -9999.0 -9999.0 -9999.0 -9999.0 -9999.0 -9999.0 -9999.0
-9999.0 -9999.0 -9999.0 -9999.0 -9999.0 -9999.0 -9999.0 -9999.0 -9999.0 -9999.0 -9999.0 -9999.0 -9999.0 -9999.0 -9999.0 -9999.0 -9999.0 -9999.0 -9999.0 -9999.0 -9999.0 -9999.0 -9999.0 -9999.0 1066.741819 614.522895 4734.179081 466.945667 189725.674669 190319.772148 203972.063244 -9999.0 -9999.0 -9999.0 -9999.0 -9999.0 -9999.0 -9999.0 -9999.0 -9999.0 -9999.0 -9999.0 -9999.0 -9999.0 -9999.0 -9999.0 -9999.0 -9999.0 -9999.0 -9999.0 -9999.0 -9999.0 -9999.0 -9999.0 -9999.0 -9999.0 -9999.0
-9999.0 -9999.0 -9999.0 -9999.0 -9999.0 -9999.0 -9999.0 -9999.0 -9999.0 -9999.0 -9999.0 -9999.0 -9999.0 -9999.0 -9999.0 -9999.0 -9999.0 -9999.0 -9999.0 -9999.0 -9999.0 -9999.0 -9999.0 201.137113 102.153164 -1190.217014 -1596.335999 -2806.939974 -637.508340 151.206424 202660.099535 191720.629685 -9999.0 -9999.0 -9999.0 -9999.0 -9999.0 -9999.0 -9999.0 -9999.0 -9999.0 -9999.0 -9999.0 -9999.0 -9999.0 -9999.0 -9999.0 -9999.0 -9999.0 -9999.0 -9999.0 -9999.0 -9999.0 -9999.0 -9999.0 -9999.0 -9999.0
-9999.0 -9999.0 -9999.0 -9999.0 -9999.0 -9999.0 -9999.0 -9999.0 -9999.0 -9999.0 -9999.0 -9999.0 -9999.0 -9999.0 -9999.0 -9999.0 -9999.0 -9999.0 -517.117993 52.119226 -9999.0 103.602980 54.670719 -1773.702448 -1015.434073 -2863.006611 -531.622348 -515.112617 -390.363846 810.857843 428.965105 193212.172039 -37.109011 -122.896603 -9999.0 -9999.0 -9999.0 -9999.0 -9999.0 -9999.0 -9999.0 -9999.0 -9999.0 -9999.0 -9999.0 -9999.0 -9999.0 -9999.0 -9999.0 -9999.0 -9999.0 -9999.0 -9999.0 -9999.0 -9999.0 -9999.0 -9999.0
-9999.0 -9999.0 -9999.0 -9999.0 -9999.0 -9999.0 -9999.0 -9999.0 -9999.0 -9999.0 -9999.0 -9999.0 -9999.0 -9999.0 -9999.0 -9999.0 -9999.0 -2567.577920 -2254.571674 -13558.659138 -83.663730 7649.761439 978.490071 -589.245592 -577.209953 749.888371 242373.965653 860.475654 238547.177973 -282.486867 54.490073 2556.991337 18147.122326 -115.229408 -103.670409 -103.383277 -9999.0 -9999.0 -9999.0 -9999.0 -9999.0 -9999.0 -9999.0 -9999.0 -9999.0 -9999.0 -9999.0 -9999.0 -9999.0 -9999.0 -9999.0 -9999.0 -9999.0 -9999.0 -9999.0 -9999.0 -9999.0
-9999.0 -9999.0 -9999.0 -9999.0 -9999.0 -9999.0 -9999.0 -9999.0 -9999.0 -9999.0 -9999.0 -9999.0 -9999.0 -234.894183 -618.487537 -1616.568104 -2651.977200 -7402.067203 -2479.699665 -2832.999948 -1340.079636 -763.677086 -1369.336972 -567.370980 75.702334 47.924312 -187.010058 162523.808313 201038.037638 97849.747117 177118.275387 108919.732699 172331.402195 174991.287290 107263.964549 -64.063911 -9999.0 -9999.0 -9999.0 -9999.0 -9999.0 -9999.0 -9999.0 -9999.0 -9999.0 -9999.0 -9999.0 -9999.0 -9999.0 -9999.0 -9999.0 -9999.0 -9999.0 -9999.0 -9999.0 -9999.0 -9999.0
-9999.0 -9999.0 -9999.0 -9999.0 -9999.0 -9999.0 -9999.0 -9999.0 -9999.0 -9999.0 -9999.0 -9999.0 -9999.0 -309.111744 -1714.070804 -1979.863052 -2514.166925 -948.172340 -7421.480225 -2432.088729 -2789.262084 -1752.204934 -1059.378567 -632.918053 -446.566574 47991.125247 35552.775721 -45.678181 -14.395771 213669.846627 213791.214553 183546.476901 13991.834807 -101.666474 -18.409322 -9999.0 -9999.0 -9999.0 -9999.0 -9999.0 -9999.0 -9999.0 -9999.0 -9999.0 -9999.0 -9999.0 -9999.0 -9999.0 -9999.0 -9999.0 -9999.0 -9999.0 -9999.0 -9999.0 -9999.0 -9999.0 -9999.0
-9999.0 -9999.0 -9999.0 -9999.0 -9999.0 -9999.0 -9999.0 -9999.0 -9999.0 -9999.0 -9999.0 -9999.0 -9999.0 -2252.414080 566.211163 -2249.310081 -2021.258083 -2337.736042 -7481.206966 -2565.368354 -878.508629 -381.875052 1035.377765 288380.314182 -600.733145 -93.803270 -96.784853 -36.038340 182155.516237 -104.858596 145173.999453 -59.874586 -113.171400 -62.161838 -20.195071 -9999.0 -9999.0 -9999.0 -9999.0 -9999.0 -9999.0 -9999.0 -9999.0 -9999.0 -9999.0 -9999.0 -9999.0 -9999.0 -9999.0 -9999.0 -9999.0 -9999.0 -9999.0 -9999.0 -9999.0 -9999.0 -9999.0
-9999.0 -9999.0 -9999.0 -9999.0 -9999.0 -9999.0 -9999.0 -9999.0 -9999.0 -9999.0 -9999.0 -9999.0 -1311.070769 6452.736995 -2029.324464 -777.470209 -1154.585660 -1658.576879 -1067.665867 -14156.868589 -967.785342 1954.011426 191853.285053 206029.568630 204025.203684 66519.020064 200919.990121 204909.638999 205477.318334 50950.812424 1054.896987 -41.835353 121904.761632 -118.000285 -9999.0 -9999.0 -9999.0 -9999.0 -9999.0 -9999.0 -9999.0 -9999.0 -9999.0 -9999.0 -9999.0 -9999.0 -9999.0 -9999.0 -9999.0 -9999.0 -9999.0 -9999.0 -9999.0 -9999.0 -9999.0 -9999.0 -9999.0
-9999.0 -9999.0 -9999.0 -9999.0 -9999.0 -9999.0 -9999.0 -9999.0 -9999.0 -9999.0 -9999.0 -78.124242 -897.405720 237.757379 -1766.932651 -420.074632 -16025.866208 -1673.622598 -718.934180 -529.167166 -2602.937609 -551.122274 71.468135 645.507462 51688.888881 193654.090288 175060.054356 200381.431040 203328.775965 19563.303247 -23.404537 102940.785676 18374.143117 -55.492432 -50.425366 -54.969584 186609.954713 144922.368640 -508.089950 -9999.0 -9999.0 -9999.0 -100.833887 -9999.0 -9999.0 -9999.0 -9999.0 -9999.0 -9999.0 -9999.0 -9999.0 -9999.0 -9999.0 -9999.0 -9999.0 -9999.0 -9999.0
-9999.0 -9999.0 -9999.0 -9999.0 -9999.0 -9999.0 -9999.0 -9999.0 -9999.0 -9999.0 -9999.0 45.883148 -1152.667428 -2549.648423 -2766.012669 -373.912345 -3027.256996 -2649.773872 -965.797924 -938.761990 -658.033068 -223.447635 93.210058 210514.044589 211581.747144 190514.487316 201432.084763 202777.892012 138855.161138 325.271662 147407.126614 146955.453344 186051.846991 176531.878775 172201.703569 194598.592194 193983.972749 -529.474903 11877.808782 -77.997455 -68.925919 -43.805806 147075.082830 -8.169668 -9999.0 -9999.0 -9999.0 154199.229880 171076.946008 29550.888808 173434.989033 4897.873843 7712.155279 158371.971626 162846.937092 32145.602207 -9999.0
-9999.0 -9999.0 -9999.0 -9999.0 -9999.0 -9999.0 -9999.0 -9999.0 -9999.0 -9999.0 -9999.0 51.866768 -224.099025 628.936699 -442.679805 -437.054425 -636.863603 -1835.079769 -1590.592456 -1063.445089 -912.044497 741.370277 191953.359429 747.864847 195315.751814 -65.444324 195042.646955 195400.540170 -53.625569 172933.899209 -3.464281 194951.703041 136382.510196 177214.442359 11372.651130 126785.839105 195048.315379 -503.522538 -558.517686 -106.338949 113000.713918 187048.601144 193031.753473 197509.213978 191221.562280 -9999.0 -52.052695 144994.245196 162089.530752 179467.693293 185539.796634 -43.050921 181548.566116 185771.742350 186152.967564 176575.859624 -9999.0
-9999.0 -9999.0 -9999.0 -9999.0 -9999.0 -9999.0 -9999.0 -9999.0 -9999.0 -9999.0 -9999.0 -9999.0 53.516892 209781.558743 -336.068137 -339.981344 -871.761873 -1767.989515 -872.618023 -981.148812 -1283.417717 -161.495759 83633.355598 137052.688500 208973.769128 214338.308390 2377.001806 114747.440111 171711.945677 945.103834 187152.371047 214172.509654 199189.923175 195252.512733 192369.295999 204108.991499 164646.161341 -703.946034 -490.854777 -315.415646 -152.679110 -98.371329 198074.324225 1275.357466 -54.773261 159909.002546 -37.033967 167489.242702 187898.554190 192471.178181 207213.561047 196722.435148 197532.993871 196724.410250 191426.960573 169309.251733 168147.508649
-9999.0 -9999.0 -9999.0 -9999.0 -9999.0 -9999.0 -9999.0 -9999.0 -9999.0 -9999.0 -9999.0 220216.328456 71.242645 48.021150 223846.342801 626.100378 -511.191561 -1315.672488 -954.384123 -1393.121022 -1555.475207 -624.060735 159225.419600 207151.569651 210078.927325 210954.083409 208784.813931 177630.175197 183685.686193 -67.158635 205426.251324 206159.222604 36577.384866 156590.328206 169127.916680 189937.463175 204106.100529 -674.675587 -766.550047 -625.802354 -626.018427 -285.135148 167545.467362 -157.084805 88.082285 200852.199163 201473.439077 -92.213778 -93.663431 162374.661499 -78.900030 183487.625570 13399.232331 -104.313422 -135.359037 -79.182314 7660.132804
-9999.0 -9999.0 -9999.0 -9999.0 -9999.0 -9999.0 -9999.0 -9999.0 -9999.0 -9999.0 2260.041963 147958.557170 67.307924 51.478732 -187.424737 104794.244143 158557.922268 136.491499 -1703.751119 -1344.133573 -727.344772 -472.478290 276715.460279 49.599022 212402.251289 192171.313462 212526.962995 -207.958959 1189.081230 139.926885 74972.144497 76084.889764 2286.168402 197983.313255 -22.454814 -34.104710 101536.816048 160874.188578 13734.841327 -230.213321 -211.382876 -106.769388 -37.526016 -417.127778 216844.609936 -66.202488 62866.744256 190957.986130 193380.145709 17089.078845 -726.592522 13624.883017 -102.334518 -46.008443 -73.882543 140709.270261 145122.142535
-9999.0 -9999.0 -9999.0 -9999.0 -9999.0 -9999.0 -9999.0 -9999.0 -9999.0 191177.569930 476.304835 21222.154420 88298.019667 206835.663042 205168.933225 215685.365487 231109.349305 -363.684726 -1932.065434 -1569.491502 -806.487316 -1301.037258 -639.455086 -499.535721 926.837652 296372.379164 210660.938205 88.668405 222303.436637 231097.356128 892.854401 284924.063426 -30.356015 -78.812848 -53.583690 -36.178910 90813.926912 242561.643603 219876.886754 226030.242410 271382.970192 277393.722998 282540.804650 -1090.786854 -492.591465 206756.312814 45.696406 209924.543228 210089.091432 840.774249 168648.147435 13712.840527 -63.883649 25092.609936 11806.590515 1564.563303 1710.255881
-9999.0 -9999.0 -9999.0 -9999.0 -9999.0 -9999.0 -9999.0 -9999.0 -9999.0 83370.308554 118242.966860 89.581231 4851.286885 3917.656622 222624.822174 213656.441009 48.759244 -402.878678 -2159.944144 -1173.582430 -1006.734358 -1829.460155 -463.938527 41.991516 291619.980634 214250.960240 214847.002923 204240.458694 39.306373 -246.902159 79.513517 274504.972791 162290.107513 185973.774536 195448.491309 -40.979581 -72.581901 -67.782827 174822.898716 57802.989553 221374.014101 211061.015908 215239.486622 -205.258529 -799.843064 -519.255361 -436.158356 -367.367625 -83.825749 384.580109 284778.453823 181938.746546 9371.947144 141308.901075 102759.276120 33521.862353 31537.343666
-9999.0 -9999.0 -9999.0 -9999.0 -9999.0 -9999.0 -9999.0 -9999.0 -9999.0 -9999.0 181223.676020 156951.286657 176693.637006 172083.997516 606.434769 226636.037354 2605.229998 -538.290938 -2406.596293 -1325.821575 -899.603090 -2504.555018 -35.166334 248756.072412 208065.382625 225487.174278 597.561383 -95.931334 46.970953 297751.265170 293195.098118 297907.015698 201660.659491 169925.957582 175206.432074 66711.682705 96.416222 543.851170 -57.571758 158216.754283 203712.122663 107.223047 4888.510930 226780.847545 131.044350 664.668507 -1013.937838 -501.631320 -691.097426 319.571516 278936.665004 66686.886058 4188.159094 17578.720123 144421.106408 165183.254880 176064.089516
-9999.0 -9999.0 -9999.0 -9999.0 -9999.0 -9999.0 -9999.0 -9999.0 -9999.0 -9999.0 176584.500916 183873.265302 98.649400 218107.590240 40.881030 122.464756 306.551683 -1389.807332 -1885.446999 -2576.398659 -2193.364210 -1593.944911 10443.157409 208336.582133 227390.739781 44.979347 -294.189136 827.307335 294167.564919 207473.108608 177536.012173 178912.779756 -252.397146 176795.444753 208029.817297 1019.276441 43622.927066 129892.527576 196064.451145 202766.416814 208718.396421 452.786853 196351.805008 190.746901 54.688133 295896.742104 10694.306863 211.726098 -1145.563590 -487.599082 1309.661745 198342.143580 181126.026599 31468.016796 17973.695918 13578.734308 176870.290248
-9999.0 -9999.0 -9999.0 -9999.0 -9999.0 -9999.0 -9999.0 -9999.0 198905.907419 202543.019852 192296.323644 199940.276973 122335.550605 190729.254226 309373.081241 -664.488408 -1995.140653 -2115.200547 -1916.433608 -2902.500044 -2693.016781 -2561.446035 -2197.822197 -1608.890777 -353.619763 -464.152974 -394.413013 311849.082525 225582.046184 205383.743980 -70.207146 135476.329279 160224.566229 178831.198843 186052.937121 103671.372906 46.653858 218506.041171 297763.441866 -40.335053 -76.505585 1226.368007 -56.006994 -50.674926 -83.142315 2184.342841 293356.406766 228833.518401 495.434671 -372.620052 -106.839426 262896.013535 74586.247068 165230.486702 -25.039689 170369.542673 3438.327940
-9999.0 -9999.0 -9999.0 -9999.0 -9999.0 -9999.0 -9999.0 -9999.0 -53.683111 102958.312578 205932.495901 188188.392280 153712.714012 206161.123198 286422.225011 169.204128 -1482.439222 -1709.863229 -2959.164431 -2846.868492 -1057.359434 -1611.210131 -1752.010006 -2666.432217 -2183.987631 -1113.914425 -482.833179 176145.436417 -248.807810 170356.672230 179356.761048 -105.689488 111145.742274 -99.903273 139802.304147 121.622746 52.187931 36365.709370 178992.757490 1157.969629 209716.213549 -26.126774 -84.971657 563.269300 2696.135783 181752.911350 -100.405522 968.936296 215036.028390 -486.976961 -246.574543 232123.727878 83409.160331 172955.627657 205265.884226 -716.671400 205862.228429
-9999.0 -9999.0 -9999.0 -9999.0 -9999.0 -9999.0 -9999.0 -9999.0 176711.376548 83483.819070 160746.465254 201510.779160 203781.511035 -88.502343 202970.564939 284775.472483 -372.645528 -1425.491057 -2770.639787 -1100.206837 -2887.463438 -2081.925533 -2068.419181 -2661.938601 -1217.674604 -1614.554817 -469.986115 307390.584564 -408.049382 155271.952054 -97.925903 737.753320 206036.635350 204692.806482 108.978775 55.743846 162454.123028 43.543476 169052.485294 216319.920035 65049.954975 -91.435297 1284.690221 118848.947770 210411.259719 617.683770 -67.675222 195006.786971 215626.035205 286.575460 -545.741802 379.363922 56142.091565 96613.795545 28614.074233 24386.577805 45.373357
-9999.0 -9999.0 -9999.0 -9999.0 -9999.0 -9999.0 -9999.0 -9999.0 -30.329157 3740.197359 41015.454754 -527.672116 3638.208615 200780.920913 283101.230271 68.248706 -2681.785013 -2640.454025 -979.695760 -2640.630904 -2728.413893 -2633.753498 -1805.688616 -2312.046295 -1660.474011 -837.320073 265517.629815 294876.107101 89.376688 251315.504125 225651.149526 226708.681743 67577.601303 217617.719781 239687.338920 -185.918591 -428.721505 -1655.766137 -426.965576 250429.881791 90.542741 100.769384 147.300165 -88.541994 42244.230062 -78.879031 844.973989 -77.874887 73251.264245 215567.811360 670.047373 -546.921764 -244.425152 10995.051622 48.883995 47.061272 -546.745172
-9999.0 -9999.0 -9999.0 -9999.0 -9999.0 -9999.0 -9999.0 -9999.0 168286.323640 201595.461523 -196.511001 303067.473490 307930.386647 308538.755637 43.214881 -509.970036 -478.564538 -1459.893526 -975.736369 -1732.681272 -2186.409313 -2197.799515 -2568.333896 -2587.039054 -1204.853278 100.277951 289491.829676 219188.687696 996.689706 61005.847173 266601.498177 795.473808 40.435381 -345.731242 168.488711 -495.053934 -1077.363961 -2208.995052 -2642.399257 -345.358793 -279.581618 956.619552 581.381774 559.966772 207165.805797 50.608315 212029.095191 211502.956017 216607.465446 864.340287 -343.255486 -1070.102170 -699.016388 -507.165692 57.030557 48.203078 -497.666236
-9999.0 -9999.0 135788.589465 16590.455465 -203.523246 203126.265108 200479.037293 198634.850069 195905.590517 203847.092576 207287.326613 243384.459610 280820.920866 168575.355345 -258.424254 -66.294329 7.421024 289774.429783 212699.856484 157.069472 -1723.590419 -1748.494888 -929.090165 -2704.299315 -2183.101490 -1592.187703 122.783295 148.915010 -889.205214 -219.480985 74.577857 -751.869084 -540.632299 -1429.439313 -879.923946 -1824.621704 -2210.076200 -2745.087208 -2780.193992 -2527.682606 -1599.701596 -936.826848 -1302.378699 -496.846186 554.149997 557.627059 -286.471881 -582.124461 -579.981994 -664.808412 -1241.842993 -932.646526 -578.785435 -493.758176 -375.740526 -435.495168 -519.977854
