user2019/resources/simulation/Vinschgau/output-maps/psiL0003N0005.asc
ncols         63
nrows         48
xllcorner     598000.000000
yllcorner     5145000.000000
cellsize      1000.000000
NODATA_value  -9999.0
[rows 0 to 25 of 48, columns 0 to 57 of 63]
-9999.0 -9999.0 -9999.0 -9999.0 -9999.0 -9999.0 -9999.0 -9999.0 -9999.0 -9999.0 -9999.0 -9999.0 -9999.0 -9999.0 -9999.0 -9999.0 -9999.0 -9999.0 -9999.0 -9999.0 -9999.0 -9999.0 -9999.0 -9999.0 -9999.0 -9999.0 -9999.0 -9999.0 -9999.0 -9999.0 -9999.0 -9999.0 -9999.0 -9999.0 -9999.0 -9999.0 -9999.0 -9999.0 -9999.0 -9999.0 -9999.0 -9999.0 -9999.0 -9999.0 -9999.0 -9999.0 -9999.0 -9999.0 -9999.0 -9999.0 -9999.0 -9999.0 -9999.0 -9999.0 -9999.0 -9999.0 -9999.0 -9999.0
-9999.0 -9999.0 -9999.0 -9999.0 -9999.0 -9999.0 -9999.0 -9999.0 -9999.0 -9999.0 -9999.0 -9999.0 -9999.0 -9999.0 -9999.0 -9999.0 -9999.0 -9999.0 -9999.0 -9999.0 -9999.0 -9999.0 -9999.0 -9999.0 -9999.0 -9999.0 -9999.0 -975.718136 -952.534885 -980.257300 -776.504605 -764.121174 -730.828002 -9999.0 -9999.0 -9999.0 -9999.0 -9999.0 -9999.0 -9999.0 -9999.0 -9999.0 -9999.0 -9999.0 -9999.0 -9999.0 -9999.0 -9999.0 -9999.0 -9999.0 -9999.0 -9999.0 -9999.0 -9999.0 -9999.0 -9999.0 -9999.0 -9999.0
-9999.0 -9999.0 -9999.0 -9999.0 -9999.0 -9999.0 -9999.0 -9999.0 -9999.0 -9999.0 -9999.0 -9999.0 -9999.0 -9999.0 -9999.0 -9999.0 -9999.0 -9999.0 -9999.0 -9999.0 -9999.0 -9999.0 -9999.0 -9999.0 -739.902152 -1142.225849 -1196.199018 -1157.960258 -1200.969790 -901.732993 -791.857058 -9999.0 -9999.0 -9999.0 -9999.0 -9999.0 -9999.0 -9999.0 -9999.0 -9999.0 -9999.0 -9999.0 -9999.0 -9999.0 -9999.0 -9999.0 -9999.0 -9999.0 -9999.0 -9999.0 -9999.0 -9999.0 -9999.0 -9999.0 -9999.0 -9999.0 -9999.0 -9999.0
-9999.0 -9999.0 -9999.0 -9999.0 -9999.0 -9999.0 -9999.0 -9999.0 -9999.0 -9999.0 -9999.0 -9999.0 -9999.0 -9999.0 -9999.0 -9999.0 -9999.0 -9999.0 -9999.0 -9999.0 -9999.0 -9999.0 -9999.0 -1060.223310 -1172.674023 -1110.867778 -1071.977247 -1081.819771 -1085.447477 -1186.976523 -903.408690 -793.760377 -9999.0 -9999.0 -9999.0 -9999.0 -9999.0 -9999.0 -9999.0 -9999.0 -9999.0 -9999.0 -9999.0 -9999.0 -9999.0 -9999.0 -9999.0 -9999.0 -9999.0 -9999.0 -9999.0 -9999.0 -9999.0 -9999.0 -9999.0 -9999.0 -9999.0 -9999.0
-9999.0 -9999.0 -9999.0 -9999.0 -9999.0 -9999.0 -9999.0 -9999.0 -9999.0 -9999.0 -9999.0 -9999.0 -9999.0 -9999.0 -9999.0 -9999.0 -9999.0 -9999.0 -919.810747 -1230.189470 -9999.0 -510.241256 -1230.529810 -1112.119850 -1053.631228 -637.901875 -604.561436 -640.781597 -627.149594 -1113.604184 -1193.456987 -804.180683 -980.699634 -977.936532 -9999.0 -9999.0 -9999.0 -9999.0 -9999.0 -9999.0 -9999.0 -9999.0 -9999.0 -9999.0 -9999.0 -9999.0 -9999.0 -9999.0 -9999.0 -9999.0 -9999.0 -9999.0 -9999.0 -9999.0 -9999.0 -9999.0 -9999.0 -9999.0
-9999.0 -9999.0 -9999.0 -9999.0 -9999.0 -9999.0 -9999.0 -9999.0 -9999.0 -9999.0 -9999.0 -9999.0 -9999.0 -9999.0 -9999.0 -9999.0 -9999.0 -1052.304406 -1084.891415 -1504.100783 -1003.627253 -1124.330211 -1081.070926 -1034.371131 -615.550654 -1009.076973 -748.017541 -1242.237555 -708.041984 -696.747134 -990.127107 -1189.229488 -1006.336019 -987.714532 -981.190247 -978.512082 -9999.0 -9999.0 -9999.0 -9999.0 -9999.0 -9999.0 -9999.0 -9999.0 -9999.0 -9999.0 -9999.0 -9999.0 -9999.0 -9999.0 -9999.0 -9999.0 -9999.0 -9999.0 -9999.0 -9999.0 -9999.0 -9999.0
-9999.0 -9999.0 -9999.0 -9999.0 -9999.0 -9999.0 -9999.0 -9999.0 -9999.0 -9999.0 -9999.0 -9999.0 -9999.0 -802.515640 -1117.315650 -1138.323953 -1080.894963 -982.760954 -1062.118886 -1106.885792 -1088.845341 -1085.189332 -1031.421132 -543.764743 -1171.157091 -650.239718 -1045.190014 -1398.824258 -1380.858794 -1372.156091 -1114.044979 -691.089200 -707.278079 -748.803348 -981.557302 -979.810965 -9999.0 -9999.0 -9999.0 -9999.0 -9999.0 -9999.0 -9999.0 -9999.0 -9999.0 -9999.0 -9999.0 -9999.0 -9999.0 -9999.0 -9999.0 -9999.0 -9999.0 -9999.0 -9999.0 -9999.0 -9999.0 -9999.0
-9999.0 -9999.0 -9999.0 -9999.0 -9999.0 -9999.0 -9999.0 -9999.0 -9999.0 -9999.0 -9999.0 -9999.0 -9999.0 -1214.348286 -1115.522604 -1160.429212 -1161.175336 -1036.738804 -982.880971 -1019.967125 -660.136461 -617.004690 -675.493382 -1275.394693 -1066.040969 -1151.313145 -709.656932 -981.355283 -978.916919 -709.635996 -929.009715 -651.396727 -981.308993 -981.447446 -981.786018 -9999.0 -9999.0 -9999.0 -9999.0 -9999.0 -9999.0 -9999.0 -9999.0 -9999.0 -9999.0 -9999.0 -9999.0 -9999.0 -9999.0 -9999.0 -9999.0 -9999.0 -9999.0 -9999.0 -9999.0 -9999.0 -9999.0 -9999.0
-9999.0 -9999.0 -9999.0 -9999.0 -9999.0 -9999.0 -9999.0 -9999.0 -9999.0 -9999.0 -9999.0 -9999.0 -9999.0 -1139.162768 -1075.006596 -1126.443536 -1270.371661 -1132.467186 -986.210327 -717.274523 -1036.604768 -1219.678351 -1090.334196 -708.667388 -1109.243917 -1124.522713 -977.152233 -979.838016 -871.673408 -980.019901 -641.303824 -980.301161 -979.468829 -977.382914 -978.944461 -9999.0 -9999.0 -9999.0 -9999.0 -9999.0 -9999.0 -9999.0 -9999.0 -9999.0 -9999.0 -9999.0 -9999.0 -9999.0 -9999.0 -9999.0 -9999.0 -9999.0 -9999.0 -9999.0 -9999.0 -9999.0 -9999.0 -9999.0
-9999.0 -9999.0 -9999.0 -9999.0 -9999.0 -9999.0 -9999.0 -9999.0 -9999.0 -9999.0 -9999.0 -9999.0 -1045.426739 -1050.378948 -1149.431964 -1187.684501 -739.134172 -1186.260517 -545.006609 -1596.758496 -1106.888772 -1208.808317 -1305.284044 -1364.307176 -1118.226995 -695.803064 -1360.457822 -662.037440 -925.976113 -980.716734 -658.976850 -980.739391 -729.289796 -978.903368 -9999.0 -9999.0 -9999.0 -9999.0 -9999.0 -9999.0 -9999.0 -9999.0 -9999.0 -9999.0 -9999.0 -9999.0 -9999.0 -9999.0 -9999.0 -9999.0 -9999.0 -9999.0 -9999.0 -9999.0 -9999.0 -9999.0 -9999.0 -9999.0
-9999.0 -9999.0 -9999.0 -9999.0 -9999.0 -9999.0 -9999.0 -9999.0 -9999.0 -9999.0 -9999.0 -648.500683 -1293.640744 -1149.240867 -998.699303 -1012.968321 -1137.602759 -1341.132114 -641.024293 -1585.743739 -1166.231209 -1132.477240 -613.151033 -672.685631 -1158.743339 -648.601308 -702.584006 -673.711656 -477.549776 -979.510234 -980.417237 -1146.008690 -984.866997 -981.927299 -982.351372 -1000.903677 -1213.715430 -1239.821161 -1160.869601 -9999.0 -9999.0 -9999.0 -982.737357 -9999.0 -9999.0 -9999.0 -9999.0 -9999.0 -9999.0 -9999.0 -9999.0 -9999.0 -9999.0 -9999.0 -9999.0 -9999.0 -9999.0 -9999.0
-9999.0 -9999.0 -9999.0 -9999.0 -9999.0 -9999.0 -9999.0 -9999.0 -9999.0 -9999.0 -9999.0 -697.286938 -1519.387161 -1165.581991 -1247.635077 -545.697799 -1191.054305 -1206.505337 -671.521153 -1104.389613 -1050.097642 -1061.445967 -605.170935 -801.449637 -677.662294 -650.303230 -590.578793 -1186.376119 -982.193776 -981.111138 -872.671625 -1179.725692 -1038.185518 -777.027789 -846.138413 -1255.830510 -1167.209126 -1239.459792 -1019.783111 -1043.033845 -1026.571619 -983.267157 -887.823430 -982.143192 -9999.0 -9999.0 -9999.0 -900.517133 -961.540383 -978.581196 -866.520089 -968.483832 -969.587271 -1282.521062 -1205.427666 -966.878796 -9999.0 -9999.0
-9999.0 -9999.0 -9999.0 -9999.0 -9999.0 -9999.0 -9999.0 -9999.0 -9999.0 -9999.0 -9999.0 -537.795951 -717.617842 -655.875816 -666.038256 -1010.462532 -664.504728 -1456.038215 -1107.211506 -687.120935 -1132.128645 -1103.521909 -636.732591 -737.215792 -636.424258 -983.056866 -731.189796 -713.563389 -981.799202 -662.861470 -983.224393 -751.308736 -1113.603466 -804.430315 -984.370728 -1165.882930 -676.489383 -707.272150 -1309.691052 -1103.420622 -918.670630 -1262.506396 -1265.799834 -1065.571257 -716.942832 -9999.0 -976.779648 -879.838205 -1097.077074 -842.062399 -790.383188 -992.958692 -755.059277 -753.861249 -750.125424 -1236.085018 -9999.0 -9999.0
-9999.0 -9999.0 -9999.0 -9999.0 -9999.0 -9999.0 -9999.0 -9999.0 -9999.0 -9999.0 -9999.0 -9999.0 -688.461638 -785.885597 -1054.666809 -1016.113146 -604.686933 -1345.280665 -1074.606576 -528.053226 -1108.244194 -1096.223524 -1078.806190 -869.138222 -782.879819 -745.401477 -939.283029 -705.033679 -669.428992 -982.557458 -542.925026 -704.046104 -879.016503 -817.772353 -803.246685 -1023.449965 -752.205161 -715.220213 -1059.993034 -1201.319113 -1179.472541 -1024.279410 -703.671408 -1242.414717 -983.220228 -709.597926 -978.567034 -902.885145 -664.664331 -794.048940 -615.331156 -803.691001 -969.357396 -713.822260 -756.219279 -1474.319428 -1194.659139 -9999.0
-9999.0 -9999.0 -9999.0 -9999.0 -9999.0 -9999.0 -9999.0 -9999.0 -9999.0 -9999.0 -9999.0 -701.120527 -764.504459 -663.817583 -635.250098 -649.137392 -1039.972546 -1525.427415 -1037.172488 -670.788039 -1054.199631 -1097.153568 -1161.027408 -799.961225 -825.380915 -1078.148709 -1044.978635 -642.546655 -694.528495 -980.252415 -648.010091 -806.409662 -986.056984 -802.139158 -851.575712 -681.824532 -900.869272 -727.293853 -840.270442 -1102.088056 -906.551937 -1046.361827 -1038.320876 -1148.335371 -877.491974 -707.527660 -1189.320890 -994.027460 -993.960960 -530.923886 -954.331940 -1277.249460 -843.259167 -972.616305 -979.294116 -961.124940 -959.191641 -9999.0
-9999.0 -9999.0 -9999.0 -9999.0 -9999.0 -9999.0 -9999.0 -9999.0 -9999.0 -9999.0 -1234.197740 -672.773370 -1199.264127 -1013.252066 -1291.375453 -1052.250024 -1594.353181 -697.653743 -1047.372334 -883.806527 -988.588459 -979.370299 -712.365517 -973.664674 -1054.744922 -1265.362875 -660.471465 -929.151970 -1219.364481 -1176.726764 -1030.741143 -1294.922408 -659.412058 -779.257858 -981.364936 -985.455223 -1249.110414 -746.085224 -728.828947 -621.508841 -612.969396 -981.416005 -953.290619 -1042.686917 -941.354992 -990.852356 -1185.161428 -948.002053 -954.309837 -601.479455 -958.745688 -969.806293 -978.427114 -963.271731 -963.836500 -941.829973 -1104.277895 -9999.0
-9999.0 -9999.0 -9999.0 -9999.0 -9999.0 -9999.0 -9999.0 -9999.0 -9999.0 -683.614179 -640.430250 -825.410929 -1006.100909 -614.908920 -895.551237 -1044.101782 -717.439537 -1090.323953 -1030.787842 -855.287399 -974.923836 -1068.592103 -1057.257962 -616.630037 -669.217972 -748.412506 -681.966314 -1105.999506 -1051.074777 -1031.515129 -596.916354 -719.443837 -982.794135 -980.710706 -981.192214 -984.608156 -661.628320 -742.486621 -774.074298 -1023.758886 -1197.519400 -724.239670 -741.099814 -638.343061 -1031.531885 -940.996362 -825.275912 -973.239554 -889.639289 -585.045312 -961.385101 -962.567115 -971.891098 -971.901246 -958.030823 -1253.538324 -890.253002 -952.420528
-9999.0 -9999.0 -9999.0 -9999.0 -9999.0 -9999.0 -9999.0 -9999.0 -9999.0 -704.320611 -744.708595 -1118.055440 -1049.693307 -1090.833541 -1030.717574 -748.357622 -1319.676374 -1073.350381 -1036.980496 -884.628995 -801.025040 -619.395794 -603.669453 -887.549228 -668.593256 -850.711445 -1084.607747 -1027.700395 -607.447341 -657.252891 -995.925487 -656.547901 -643.126112 -697.430093 -703.595338 -997.219540 -993.167825 -995.902632 -778.096848 -744.435916 -680.064856 -770.942547 -725.423570 -982.581812 -522.383400 -536.842729 -607.464480 -951.308598 -966.728821 -587.012513 -807.449775 -968.831110 -968.508992 -1018.786709 -958.102271 -701.425144 -811.298893 -795.882306
-9999.0 -9999.0 -9999.0 -9999.0 -9999.0 -9999.0 -9999.0 -9999.0 -9999.0 -9999.0 -737.879493 -1272.080932 -1366.403741 -1125.443351 -1117.793657 -1069.546062 -1105.068562 -1037.855899 -1059.122853 -617.594742 -946.631724 -954.724963 -1285.585843 -1193.303056 -1047.357890 -1022.331672 -963.809153 -607.753344 -959.764136 -807.242529 -746.631689 -852.705901 -770.465769 -648.130146 -1230.632270 -975.272815 -1062.360889 -1200.325933 -983.509085 -718.183576 -732.363653 -1230.382834 -1063.017966 -1067.948343 -1231.669460 -1115.296900 -969.059048 -602.875396 -575.825166 -921.973013 -653.723769 -936.307133 -955.985192 -963.521453 -1091.090596 -1085.205145 -1275.111818 -813.559053
-9999.0 -9999.0 -9999.0 -9999.0 -9999.0 -9999.0 -9999.0 -9999.0 -9999.0 -9999.0 -728.559065 -1157.170114 -1111.596482 -1123.065179 -630.089852 -1121.723539 -1112.453665 -1045.430039 -1073.744864 -608.862646 -985.488497 -1005.165626 -1243.786900 -931.126227 -963.315295 -945.559839 -596.486114 -1041.004672 -652.457804 -821.032437 -704.267952 -707.779638 -932.576484 -654.481469 -665.187646 -657.555159 -983.824018 -784.421039 -737.708678 -719.823132 -714.883009 -983.925832 -654.954897 -716.779661 -711.648516 -746.949606 -1391.473040 -982.319351 -907.452821 -596.669683 -876.263611 -900.424852 -1020.923521 -951.905932 -964.795317 -956.941466 -1214.953388 -818.881345
-9999.0 -9999.0 -9999.0 -9999.0 -9999.0 -9999.0 -9999.0 -9999.0 -1165.184154 -1243.828790 -1087.419537 -1189.761002 -1585.647322 -1292.111091 -1274.309247 -658.041923 -649.492615 -654.460923 -605.440114 -892.578659 -987.391583 -956.779392 -938.895788 -973.135941 -854.593076 -633.544448 -912.990529 -752.671862 -813.375992 -807.156545 -980.759481 -739.392095 -777.985765 -762.368179 -816.363759 -652.892843 -700.364262 -1047.290685 -628.674456 -978.545695 -980.842361 -731.556775 -914.921592 -974.598164 -988.413321 -1054.216713 -659.059557 -1511.693568 -946.934561 -443.595461 -846.873445 -930.634760 -865.908113 -733.457334 -949.424411 -618.893588 -935.139532 -696.829849
-9999.0 -9999.0 -9999.0 -9999.0 -9999.0 -9999.0 -9999.0 -9999.0 -970.763467 -1025.250786 -649.361366 -762.789745 -1047.325587 -1167.116946 -965.170494 -1063.664200 -1020.482097 -1012.382863 -1031.085556 -600.314966 -960.034162 -964.017641 -1012.942456 -840.859583 -879.409678 -635.640432 -973.020232 -1199.581508 -915.341563 -817.051408 -778.554453 -982.663232 -900.238859 -981.143400 -925.575365 -1107.939146 -845.789281 -1006.249726 -871.539193 -1138.967630 -1042.910686 -1735.845187 -970.334617 -1203.725593 -820.597449 -835.044642 -966.030455 -1056.595058 -1126.458216 -871.014023 -581.193211 -776.937644 -597.734349 -671.043118 -657.472717 -942.423317 -728.314331 -761.616572
-9999.0 -9999.0 -9999.0 -9999.0 -9999.0 -9999.0 -9999.0 -9999.0 -632.915212 -1296.870974 -961.357599 -700.093708 -1302.542543 -944.131649 -1078.881443 -1049.988698 -1037.649607 -989.698035 -1019.746710 -781.975045 -523.013830 -964.474969 -972.366905 -936.505941 -628.522138 -929.756012 -983.905706 -680.370206 -928.647931 -1177.129499 -982.398602 -1060.720734 -638.638631 -772.420204 -1106.401562 -801.017219 -1469.846041 -620.349382 -714.197142 -755.867430 -1322.989396 -966.327023 -948.366009 -899.548454 -644.021010 -1186.825793 -963.856076 -911.476720 -1135.647643 -908.422794 -599.468610 -782.726098 -908.593336 -800.686032 -695.124093 -708.166570 -759.179748 -798.460292
-9999.0 -9999.0 -9999.0 -9999.0 -9999.0 -9999.0 -9999.0 -9999.0 -980.892968 -1306.332608 -1062.702922 -960.523649 -1113.587427 -1050.920825 -1065.744783 -1009.614698 -1017.300140 -502.808726 -568.143666 -1003.632759 -957.706972 -235.212856 -239.698714 -643.928319 -972.353325 -958.779721 -1184.484826 -732.097124 -983.049588 -1050.671062 -1136.388595 -1076.865669 -1012.793002 -1000.223417 -1357.588043 -832.007048 -788.544166 -603.400147 -1277.752641 -1214.018413 -896.348748 -867.278554 -834.459708 -981.974447 -1175.623404 -975.231947 -768.598865 -955.320979 -751.057664 -818.903040 -859.193803 -600.080859 -731.199082 -699.664572 -729.149629 -744.928830 -770.758607 98.914507
-9999.0 -9999.0 -9999.0 -9999.0 -9999.0 -9999.0 -9999.0 -9999.0 -863.658514 -1294.068701 -1042.279196 -1021.138789 -1036.947757 -1007.426182 -982.308211 -972.989580 -596.909129 -986.546523 -984.847647 -974.342437 -990.369309 -231.404926 -237.787482 -1000.921668 -978.454813 -1003.619989 -1001.145699 -1023.394357 -980.361563 -966.243037 -1140.232249 -983.206227 -921.166264 -960.406430 -972.141113 -920.555823 -876.731482 -602.504360 -885.375421 -865.882670 -905.004472 -926.724076 -941.050232 -966.080706 -826.175131 -751.698577 -935.302408 -893.149966 -873.951083 -832.476222 -785.894734 -802.736801 -607.236695 -737.438494 419.096768 397.782233 361.724923 247.272182
-9999.0 -9999.0 -1029.391105 -1243.576411 -1051.420041 -904.476066 -1086.753687 -747.909500 -1228.627444 -1221.318633 -1096.494886 -995.664145 -988.001967 -956.780372 -657.452925 -596.385841 -993.609078 -1523.088488 -1178.610717 -988.407627 -975.522200 -1012.640509 -160.854508 97.707260 -969.592348 -971.673079 -997.930015 -990.124570 -958.617657 -922.481993 -1040.887289 -1010.689672 -896.465008 -945.063381 -898.758996 -914.810864 -853.321837 -626.718701 -854.872186 -922.031019 -847.508051 -883.866603 -909.975951 -889.719300 -967.045577 -931.371440 -885.011302 -900.644893 -861.651684 -843.012390 -824.748229 -499.915303 -561.042566 -552.727700 500.337583 471.121148 -752.282553 -775.282066
