user2019/resources/simulation/Vinschgau/output-maps/psiL0008N0616.asc
ncols         63
nrows         48
xllcorner     598000.000000
yllcorner     5145000.000000
cellsize      1000.000000
NODATA_value  -9999.0
[rows 0 to 24 of 48, columns 0 to 57 of 63]
-9999.0 -9999.0 -9999.0 -9999.0 -9999.0 -9999.0 -9999.0 -9999.0 -9999.0 -9999.0 -9999.0 -9999.0 -9999.0 -9999.0 -9999.0 -9999.0 -9999.0 -9999.0 -9999.0 -9999.0 -9999.0 -9999.0 -9999.0 -9999.0 -9999.0 -9999.0 -9999.0 -9999.0 -9999.0 -9999.0 -9999.0 -9999.0 -9999.0 -9999.0 -9999.0 -9999.0 -9999.0 -9999.0 -9999.0 -9999.0 -9999.0 -9999.0 -9999.0 -9999.0 -9999.0 -9999.0 -9999.0 -9999.0 -9999.0 -9999.0 -9999.0 -9999.0 -9999.0 -9999.0 -9999.0 -9999.0 -9999.0 -9999.0
-9999.0 -9999.0 -9999.0 -9999.0 -9999.0 -9999.0 -9999.0 -9999.0 -9999.0 -9999.0 -9999.0 -9999.0 -9999.0 -9999.0 -9999.0 -9999.0 -9999.0 -9999.0 -9999.0 -9999.0 -9999.0 -9999.0 -9999.0 -9999.0 -9999.0 -9999.0 -9999.0 -252.601846 -252.587326 -252.639448 -253.581423 -253.796202 -253.623215 -9999.0 -9999.0 -9999.0 -9999.0 -9999.0 -9999.0 -9999.0 -9999.0 -9999.0 -9999.0 -9999.0 -9999.0 -9999.0 -9999.0 -9999.0 -9999.0 -9999.0 -9999.0 -9999.0 -9999.0 -9999.0 -9999.0 -9999.0 -9999.0 -9999.0
-9999.0 -9999.0 -9999.0 -9999.0 -9999.0 -9999.0 -9999.0 -9999.0 -9999.0 -9999.0 -9999.0 -9999.0 -9999.0 -9999.0 -9999.0 -9999.0 -9999.0 -9999.0 -9999.0 -9999.0 -9999.0 -9999.0 -9999.0 -9999.0 -250.509106 -250.907537 -249.492996 -248.400614 -241.638724 -252.325659 -253.267362 -9999.0 -9999.0 -9999.0 -9999.0 -9999.0 -9999.0 -9999.0 -9999.0 -9999.0 -9999.0 -9999.0 -9999.0 -9999.0 -9999.0 -9999.0 -9999.0 -9999.0 -9999.0 -9999.0 -9999.0 -9999.0 -9999.0 -9999.0 -9999.0 -9999.0 -9999.0 -9999.0
-9999.0 -9999.0 -9999.0 -9999.0 -9999.0 -9999.0 -9999.0 -9999.0 -9999.0 -9999.0 -9999.0 -9999.0 -9999.0 -9999.0 -9999.0 -9999.0 -9999.0 -9999.0 -9999.0 -9999.0 -9999.0 -9999.0 -9999.0 -251.115184 -247.623177 -235.097989 -254.297138 -277.271279 -274.670196 -252.615610 -252.599157 -252.583947 -9999.0 -9999.0 -9999.0 -9999.0 -9999.0 -9999.0 -9999.0 -9999.0 -9999.0 -9999.0 -9999.0 -9999.0 -9999.0 -9999.0 -9999.0 -9999.0 -9999.0 -9999.0 -9999.0 -9999.0 -9999.0 -9999.0 -9999.0 -9999.0 -9999.0 -9999.0
-9999.0 -9999.0 -9999.0 -9999.0 -9999.0 -9999.0 -9999.0 -9999.0 -9999.0 -9999.0 -9999.0 -9999.0 -9999.0 -9999.0 -9999.0 -9999.0 -9999.0 -9999.0 -124.244374 -251.039418 -9999.0 -250.212606 -248.239490 -275.370983 -253.554606 -280.063117 -182.595974 -159.230412 -153.220938 -253.110403 -252.593484 -252.573137 -252.688624 -252.691999 -9999.0 -9999.0 -9999.0 -9999.0 -9999.0 -9999.0 -9999.0 -9999.0 -9999.0 -9999.0 -9999.0 -9999.0 -9999.0 -9999.0 -9999.0 -9999.0 -9999.0 -9999.0 -9999.0 -9999.0 -9999.0 -9999.0 -9999.0 -9999.0
-9999.0 -9999.0 -9999.0 -9999.0 -9999.0 -9999.0 -9999.0 -9999.0 -9999.0 -9999.0 -9999.0 -9999.0 -9999.0 -9999.0 -9999.0 -9999.0 -9999.0 -969.972680 -152804.046548 -278.134831 -252.848593 -211.951006 -252.905494 -274.302804 -166.254812 -152894.014134 -152766.669136 -252.565439 -152787.555185 -170.739084 -239.352491 -252.467501 -252.872060 -252.722422 -253.708050 -253.842387 -9999.0 -9999.0 -9999.0 -9999.0 -9999.0 -9999.0 -9999.0 -9999.0 -9999.0 -9999.0 -9999.0 -9999.0 -9999.0 -9999.0 -9999.0 -9999.0 -9999.0 -9999.0 -9999.0 -9999.0 -9999.0 -9999.0
-9999.0 -9999.0 -9999.0 -9999.0 -9999.0 -9999.0 -9999.0 -9999.0 -9999.0 -9999.0 -9999.0 -9999.0 -9999.0 -252.576950 -252.583418 -7087.659215 -12854.159288 -252.728937 -950.133742 -275.892053 -253.033659 -253.961174 -278.261202 -250.380576 -152823.452872 -250.482278 -267.743519 -264.734830 -265.698536 -252.615574 6554.216743 -247.133560 -252.974849 -253.876449 -253.861049 -253.836236 -9999.0 -9999.0 -9999.0 -9999.0 -9999.0 -9999.0 -9999.0 -9999.0 -9999.0 -9999.0 -9999.0 -9999.0 -9999.0 -9999.0 -9999.0 -9999.0 -9999.0 -9999.0 -9999.0 -9999.0 -9999.0 -9999.0
-9999.0 -9999.0 -9999.0 -9999.0 -9999.0 -9999.0 -9999.0 -9999.0 -9999.0 -9999.0 -9999.0 -9999.0 -9999.0 -247.296123 -252.487367 -10589.501888 -10442.002687 -120.164431 -252.799810 -255.405795 -147893.359338 -252.611474 -147471.435166 -152895.485519 -252.630322 -270.061329 -252.612887 -253.784124 -253.837855 -263.479574 -252.557434 -253.865063 -253.863455 -253.864404 -253.861676 -9999.0 -9999.0 -9999.0 -9999.0 -9999.0 -9999.0 -9999.0 -9999.0 -9999.0 -9999.0 -9999.0 -9999.0 -9999.0 -9999.0 -9999.0 -9999.0 -9999.0 -9999.0 -9999.0 -9999.0 -9999.0 -9999.0 -9999.0
-9999.0 -9999.0 -9999.0 -9999.0 -9999.0 -9999.0 -9999.0 -9999.0 -9999.0 -9999.0 -9999.0 -9999.0 -9999.0 -252.820115 -156.177359 -229.726635 -8090.031622 -10574.180677 -252.830036 -872.425946 -241.201716 -271.718741 -152088.903852 -152800.842561 -252.686511 -252.553447 -252.639732 -253.807110 -252.583686 -253.865368 -253.829720 -253.864265 -253.854961 -253.867608 -253.875089 -9999.0 -9999.0 -9999.0 -9999.0 -9999.0 -9999.0 -9999.0 -9999.0 -9999.0 -9999.0 -9999.0 -9999.0 -9999.0 -9999.0 -9999.0 -9999.0 -9999.0 -9999.0 -9999.0 -9999.0 -9999.0 -9999.0 -9999.0
-9999.0 -9999.0 -9999.0 -9999.0 -9999.0 -9999.0 -9999.0 -9999.0 -9999.0 -9999.0 -9999.0 -9999.0 -271.339702 4896.066046 -252.460780 -252.605429 -2945.684382 -5444.440101 -125.624816 -280.190968 -253.074143 -252.736263 -267.515387 -252.612575 1447.079071 -253.737451 -250.380376 -252.588984 -252.426130 -253.830440 -253.839236 -252.640861 -252.609834 -253.624069 -9999.0 -9999.0 -9999.0 -9999.0 -9999.0 -9999.0 -9999.0 -9999.0 -9999.0 -9999.0 -9999.0 -9999.0 -9999.0 -9999.0 -9999.0 -9999.0 -9999.0 -9999.0 -9999.0 -9999.0 -9999.0 -9999.0 -9999.0 -9999.0
-9999.0 -9999.0 -9999.0 -9999.0 -9999.0 -9999.0 -9999.0 -9999.0 -9999.0 -9999.0 -9999.0 -249.279048 -252.543690 -134.409013 -252.639508 -249.183261 -268.368669 -3458.424356 481.736813 -279.008010 -152874.724655 -147.832359 -252.524188 -253.559414 -267.409888 -252.590499 -253.773125 -252.526398 -97.295875 -253.831950 -252.687230 -252.480547 -253.016469 -253.602899 -252.831494 -252.668614 -252.804577 -252.757590 -252.655889 -9999.0 -9999.0 -9999.0 -253.596679 -9999.0 -9999.0 -9999.0 -9999.0 -9999.0 -9999.0 -9999.0 -9999.0 -9999.0 -9999.0 -9999.0 -9999.0 -9999.0 -9999.0 -9999.0
-9999.0 -9999.0 -9999.0 -9999.0 -9999.0 -9999.0 -9999.0 -9999.0 -9999.0 -9999.0 -9999.0 -250.167156 -252.569049 -269.698740 -252.555494 -253.221895 -252.630224 -152897.424511 417.298043 711.295829 -236.264747 -252.473527 -245.279690 -252.517289 -252.328844 -253.532579 -252.582077 -252.469704 -252.697628 -253.639063 -252.533573 -252.145253 -252.712124 -252.664831 -252.668939 -252.746966 -252.648146 -252.671280 -252.592545 -252.716365 -252.793871 -253.010257 -252.705203 -253.620411 -9999.0 -9999.0 -9999.0 680.270760 -252.423958 -252.558658 -252.522113 -252.551524 -252.520952 667.100308 702.549810 -253.522556 -9999.0 -9999.0
-9999.0 -9999.0 -9999.0 -9999.0 -9999.0 -9999.0 -9999.0 -9999.0 -9999.0 -9999.0 -9999.0 -246.491943 -250.824438 -260.208947 -141.717213 -252.699768 -252.438876 -131502.087619 -237.883714 487.410141 426.309174 -267.471240 -252.482868 -244.418965 -253.591313 -252.734912 -252.464014 -247.710114 -253.639897 -253.448245 -253.732486 -261.168535 -252.601909 -252.673710 -253.138348 -252.693448 -256.727759 -276.413393 -252.670566 -252.810923 -252.587167 -252.777303 -252.738516 -252.628674 -252.608853 -9999.0 -253.415959 -252.346265 -252.486088 -252.389456 -252.591741 -252.591979 -252.591154 -250.892558 -251.646470 -252.003030 -9999.0 -9999.0
-9999.0 -9999.0 -9999.0 -9999.0 -9999.0 -9999.0 -9999.0 -9999.0 -9999.0 -9999.0 -9999.0 -9999.0 -248.729401 -162.644549 -249.502994 -249.104846 -6976.254654 -125336.268004 -98.526797 467.165996 -147377.840909 -269.232309 -268.867311 -252.358880 -252.487186 -252.497478 -102.482541 -253.672443 -253.426628 -252.642420 -252.562811 -252.494481 -252.659558 -252.639359 -253.313467 -252.734874 -257.634323 -263.626293 -252.672930 -252.730085 -252.577166 -252.766636 -269.035714 -247.463144 -252.690269 -252.565015 -252.601792 -252.537140 -260.384160 -252.410423 -132.905281 -251.930956 1353.979581 -149.787888 -252.315311 -250.443254 -249.514430 -9999.0
-9999.0 -9999.0 -9999.0 -9999.0 -9999.0 -9999.0 -9999.0 -9999.0 -9999.0 -9999.0 -9999.0 -167.227592 -251.038155 -252.704241 -252.327153 -252.372509 -252.315195 -108729.931924 -224.527882 -37.396052 -149391.114114 -145541.552543 -252.372984 -262.035484 -252.513343 -252.165873 -150.473077 -253.632809 -252.641614 -252.686504 -252.492396 -252.308184 -252.309122 -252.606233 -253.739850 -252.694930 -252.993574 -272.727753 -547.578847 -252.696695 -273.763051 -259.791214 -252.638195 -274.034174 -252.513264 -252.584284 -252.414345 -252.615417 -252.585107 -270.769428 -261.696105 -252.828943 -252.415103 -256.255942 -254.794239 -253.633828 -252.563334 -9999.0
-9999.0 -9999.0 -9999.0 -9999.0 -9999.0 -9999.0 -9999.0 -9999.0 -9999.0 -9999.0 -44.489116 -252.347754 -245.548866 -249.636627 -245.530787 -171.638594 -179.688733 -32942.903155 -2689.711797 -236.830587 730.189965 696.823857 -150659.789771 -246.492267 -252.503747 -60.494217 -258.595280 -263.187143 -252.677767 -252.500235 -252.245515 -250.478018 -252.562564 -253.410665 -253.850873 -252.820476 -252.848588 -255.743493 -145563.152629 -255.292963 -276.037462 -271.621717 -253.590683 -207.106492 -252.577289 -252.715031 -252.487308 -268.427418 -252.390559 -252.461686 -263.662325 -253.590646 -254.587289 -253.621327 -253.545264 -252.310807 -252.330051 -9999.0
-9999.0 -9999.0 -9999.0 -9999.0 -9999.0 -9999.0 -9999.0 -9999.0 -9999.0 -252.707518 -135.107605 -154.196287 -252.213663 -252.500559 -157.823986 -252.345274 -252.535827 -240.931544 -152242.842432 -692.996739 696.298350 -152362.297994 -152897.498528 -252.608286 -168.017055 -6530.338515 -252.711869 -252.463175 -269.270354 -252.503190 -252.357943 -6135.153722 -253.814225 -253.824107 -253.456549 -253.667480 -252.580999 -252.737405 -253.944357 -252.564161 -150495.814265 -9810.263918 -29042.794048 -144678.799111 -152893.510873 -271.459515 -252.363997 -270.881632 -268.774480 -133.751061 -266.288920 -252.582897 -253.625982 -253.354688 -252.876875 -257.450027 -251.085846 -252.601446
-9999.0 -9999.0 -9999.0 -9999.0 -9999.0 -9999.0 -9999.0 -9999.0 -9999.0 -252.702161 -252.627098 -252.600493 2426.479520 -252.509321 -252.538239 -252.527509 -240.063599 -252.552431 -152203.478779 -126.673778 -10.420284 -251.469928 -151.294824 -246.230089 -13678.444103 -252.681709 -252.553163 -252.527440 -252.417839 -134.121815 -252.605559 -5669.390877 -253.533616 -252.596816 -252.521244 -252.812006 -252.716234 -252.726054 -253.670120 -252.543765 -176.084269 -258.890208 -252.935029 -252.600937 -230.701395 -202.200542 -252.680776 -274.280614 -272.784961 -252.506332 -10906.485753 -256.516507 -253.457799 -253.443655 -253.525491 -170.050597 -258.276355 -252.016084
-9999.0 -9999.0 -9999.0 -9999.0 -9999.0 -9999.0 -9999.0 -9999.0 -9999.0 -9999.0 -252.598162 -252.543280 -252.237506 1992.658210 -270.628123 -252.553152 -252.495008 -252.508911 -152081.980060 -441.434921 185.469003 -152901.124345 -117498.731746 -99459.359631 -252.645367 -252.571817 -252.482086 -252.404733 -252.596293 -1254.059490 -1664.524140 3562.890640 -255.778585 -253.617243 -252.487422 -252.167294 -251.500359 -248.826326 -252.654576 -253.675384 -253.774066 -247.206778 -34.037170 -262.633975 -124904.188392 -137559.672645 -152888.709604 -139.033378 -278.323199 -271.827340 -149011.711534 -265.755729 -252.556284 -253.448445 -251.469091 -253.135885 -248.295221 10811.657899
-9999.0 -9999.0 -9999.0 -9999.0 -9999.0 -9999.0 -9999.0 -9999.0 -9999.0 -9999.0 -252.572770 -252.571971 -249.196128 -252.281007 404.314582 -151914.250891 -147926.301713 -2524.201196 -8242.385818 -510.995885 -7683.219790 -152534.123366 -149950.140526 -253.159127 -252.662964 -252.495630 -130.694342 -123647.299646 -2997.634930 -254.547439 -253.587157 -245.165778 -263.535167 -253.617399 -253.594671 -248.622775 -101.641700 -252.453770 -260.976516 -253.515245 -252.518717 -252.588406 -252.385534 -253.454875 -138.255953 -90652.308690 -252.367290 -149403.567966 -152900.053678 -275.842090 -280.740974 -262.742991 -252.231610 -252.550864 -253.593814 -252.558338 -252.759995 -260.796490
-9999.0 -9999.0 -9999.0 -9999.0 -9999.0 -9999.0 -9999.0 -9999.0 -245.235572 -252.523691 -252.776026 -247.875578 -251.759560 -252.270987 -92496.100451 149.023701 -147507.326806 -251.070738 -414.288467 -528.521977 -13076.431386 -152899.824666 -152848.562682 -152853.020029 -252.920330 -1470.316290 -106.664620 -5703.776422 -252.176421 -256.163639 -253.753244 -253.547266 -253.276323 -253.110133 -252.514895 -253.688218 -252.515783 -252.414810 -1400.372555 -252.623668 -253.398180 -248.110834 -260.687558 -253.733265 -252.592385 -113.049248 -1657.455164 -252.337917 -152555.149912 500.207571 -252.957700 -152798.708942 -252.198150 -256.640607 -252.601750 -252.484779 -252.598859 -234.850878
-9999.0 -9999.0 -9999.0 -9999.0 -9999.0 -9999.0 -9999.0 -9999.0 -258.104232 -252.220050 -259.204154 -253.274117 -252.680146 -186.127283 -42809.333339 -138434.352507 -151724.364623 -152463.091978 -152379.998571 -544.112767 -16.780601 -273.961807 -194.260955 -251.894043 -152894.179787 -1893.625983 -825.951984 -252.037196 -262.064626 -252.525337 -252.543262 -252.657820 -252.453638 -252.588637 -245.366010 -244.938986 -252.209427 -252.247348 -261.574454 -252.490860 -253.085203 -253.707231 -253.596335 -252.473285 -88.977194 -252.298227 -260.246228 -253.360757 -262.317129 -143112.537402 -253.033262 -252.036726 -12915.506165 -252.151771 -252.600246 -272.114883 -268.312617 -269.380302
-9999.0 -9999.0 -9999.0 -9999.0 -9999.0 -9999.0 -9999.0 -9999.0 -252.657795 -123.282302 -252.558281 -257.907542 -234.267804 -260.752687 -252.335439 -152494.622596 -152158.497292 -253.417751 -152517.580785 29.204436 -546.382934 -276.559855 -227.828201 -239.895151 -166.175582 -151442.893677 -138055.728746 -7736.901847 -264.131145 -252.566898 -252.642614 -240.623506 -252.404559 -263.073005 -243.723514 -251.844544 -261.606712 -149326.844708 -9144.787623 -259.291737 -252.516391 -252.584244 -246.848222 -110.801866 -252.447195 -249.626765 -252.572908 -249.041857 -252.471916 -151958.764002 315.024177 -252.827378 -151556.046694 -137703.353648 -268.860529 -251.297177 -251.553370 -252.018561
-9999.0 -9999.0 -9999.0 -9999.0 -9999.0 -9999.0 -9999.0 -9999.0 -253.724335 -252.501631 627.978971 -264.333481 -239.589294 -142.710372 -152786.325695 -148333.824894 -152646.170409 -147036.793067 -47.453395 -843.752957 -533.889388 -508.046914 -244.543412 -229.251976 -7346.905384 -148429.756580 -110494.474992 -97811.522654 -246.547251 -267.697564 -265.402664 -266.071932 -272.382788 -252.177124 -263.219558 -252.592655 -252.590102 -129290.956183 -125324.358991 -260.085420 -252.537247 -252.453477 -252.428734 -252.645617 -250.203366 -252.576429 -252.588466 -252.587600 -252.605425 -267.836747 -127707.604064 -140596.031675 -252.831305 -122.233878 -251.344973 -250.855413 -253.011185 487.161648
-9999.0 -9999.0 -9999.0 -9999.0 -9999.0 -9999.0 -9999.0 -9999.0 -250.895398 -245.689171 3895.478669 -149447.931191 -152674.971173 -137243.662459 -232.414546 -145.177793 614.961454 -150830.351094 -146748.144557 -152601.695187 -11670.057239 -502.501802 -491.677453 -475.853831 -251.969463 -152174.233820 -136109.890072 -252.574369 -252.570494 -252.264430 -149137.306620 -252.187833 -271.937576 -252.128059 -266.251765 -266.840964 -268.282501 -133987.229031 -152870.936187 -252.042636 -265.517866 -268.486234 -268.426732 -270.619071 -261.645922 -252.535138 -268.087010 -269.470143 -269.461633 -272.588401 -276.513113 -152592.671700 -142176.653036 -252.364687 -240.046449 721.549998 637.185569 384.404834
