user2019/resources/simulation/Vinschgau/output-maps/psiL0001N1304.asc
ncols         63
nrows         48
xllcorner     598000.000000
yllcorner     5145000.000000
cellsize      1000.000000
NODATA_value  -9999.0
[rows 0 to 24 of 48, columns 0 to 56 of 63]
-9999.0 -9999.0 -9999.0 -9999.0 -9999.0 -9999.0 -9999.0 -9999.0 -9999.0 -9999.0 -9999.0 -9999.0 -9999.0 -9999.0 -9999.0 -9999.0 -9999.0 -9999.0 -9999.0 -9999.0 -9999.0 -9999.0 -9999.0 -9999.0 -9999.0 -9999.0 -9999.0 -9999.0 -9999.0 -9999.0 -9999.0 -9999.0 -9999.0 -9999.0 -9999.0 -9999.0 -9999.0 -9999.0 -9999.0 -9999.0 -9999.0 -9999.0 -9999.0 -9999.0 -9999.0 -9999.0 -9999.0 -9999.0 -9999.0 -9999.0 -9999.0 -9999.0 -9999.0 -9999.0 -9999.0 -9999.0 -9999.0
-9999.0 -9999.0 -9999.0 -9999.0 -9999.0 -9999.0 -9999.0 -9999.0 -9999.0 -9999.0 -9999.0 -9999.0 -9999.0 -9999.0 -9999.0 -9999.0 -9999.0 -9999.0 -9999.0 -9999.0 -9999.0 -9999.0 -9999.0 -9999.0 -9999.0 -9999.0 -9999.0 -2630.131170 -485.693729 -1896.563526 -304.559915 -306.542069 872.303055 -9999.0 -9999.0 -9999.0 -9999.0 -9999.0 -9999.0 -9999.0 -9999.0 -9999.0 -9999.0 -9999.0 -9999.0 -9999.0 -9999.0 -9999.0 -9999.0 -9999.0 -9999.0 -9999.0 -9999.0 -9999.0 -9999.0 -9999.0 -9999.0
-9999.0 -9999.0 -9999.0 -9999.0 -9999.0 -9999.0 -9999.0 -9999.0 -9999.0 -9999.0 -9999.0 -9999.0 -9999.0 -9999.0 -9999.0 -9999.0 -9999.0 -9999.0 -9999.0 -9999.0 -9999.0 -9999.0 -9999.0 -9999.0 -489.086919 -519.811710 -570.216474 -493.399431 -528.032257 -563.980523 -277.546282 -9999.0 -9999.0 -9999.0 -9999.0 -9999.0 -9999.0 -9999.0 -9999.0 -9999.0 -9999.0 -9999.0 -9999.0 -9999.0 -9999.0 -9999.0 -9999.0 -9999.0 -9999.0 -9999.0 -9999.0 -9999.0 -9999.0 -9999.0 -9999.0 -9999.0 -9999.0
-9999.0 -9999.0 -9999.0 -9999.0 -9999.0 -9999.0 -9999.0 -9999.0 -9999.0 -9999.0 -9999.0 -9999.0 -9999.0 -9999.0 -9999.0 -9999.0 -9999.0 -9999.0 -9999.0 -9999.0 -9999.0 -9999.0 -9999.0 -547.761847 -728.190612 -3398.569307 -3382.171398 -3449.822362 -3496.543785 -733.819762 -284.132421 -135.957933 -9999.0 -9999.0 -9999.0 -9999.0 -9999.0 -9999.0 -9999.0 -9999.0 -9999.0 -9999.0 -9999.0 -9999.0 -9999.0 -9999.0 -9999.0 -9999.0 -9999.0 -9999.0 -9999.0 -9999.0 -9999.0 -9999.0 -9999.0 -9999.0 -9999.0
-9999.0 -9999.0 -9999.0 -9999.0 -9999.0 -9999.0 -9999.0 -9999.0 -9999.0 -9999.0 -9999.0 -9999.0 -9999.0 -9999.0 -9999.0 -9999.0 -9999.0 -9999.0 -2879.673299 -769.981133 -9999.0 -633.138499 -762.670059 -3360.219482 -3250.410033 -3311.570125 -2463.359475 -3114.549633 -2742.002082 -2984.873350 -574.904901 -310.499087 -295.137136 -1515.640665 -9999.0 -9999.0 -9999.0 -9999.0 -9999.0 -9999.0 -9999.0 -9999.0 -9999.0 -9999.0 -9999.0 -9999.0 -9999.0 -9999.0 -9999.0 -9999.0 -9999.0 -9999.0 -9999.0 -9999.0 -9999.0 -9999.0 -9999.0
-9999.0 -9999.0 -9999.0 -9999.0 -9999.0 -9999.0 -9999.0 -9999.0 -9999.0 -9999.0 -9999.0 -9999.0 -9999.0 -9999.0 -9999.0 -9999.0 -9999.0 -3361.101218 -3272.458401 -8069.820518 -6095.466661 -1398.428962 -2992.996907 -3181.728164 -3126.842862 -1107.772322 2207.240161 -2333.266481 1140.673759 -2240.034011 -820.851436 -622.181057 -3792.666033 -1824.852450 -447.691765 -895.468051 -9999.0 -9999.0 -9999.0 -9999.0 -9999.0 -9999.0 -9999.0 -9999.0 -9999.0 -9999.0 -9999.0 -9999.0 -9999.0 -9999.0 -9999.0 -9999.0 -9999.0 -9999.0 -9999.0 -9999.0 -9999.0
-9999.0 -9999.0 -9999.0 -9999.0 -9999.0 -9999.0 -9999.0 -9999.0 -9999.0 -9999.0 -9999.0 -9999.0 -9999.0 -3022.343725 -3106.394200 -3170.720899 -3315.359163 -8838.476798 -3316.272942 -3244.836903 -3211.964141 -3179.166988 -3248.336812 -3272.554417 -823.143715 -756.267385 -369.229791 -605.189006 -770.820582 -612.903266 -183.643723 -572.016043 -475.957658 -302.587349 -238.140283 -810.944143 -9999.0 -9999.0 -9999.0 -9999.0 -9999.0 -9999.0 -9999.0 -9999.0 -9999.0 -9999.0 -9999.0 -9999.0 -9999.0 -9999.0 -9999.0 -9999.0 -9999.0 -9999.0 -9999.0 -9999.0 -9999.0
-9999.0 -9999.0 -9999.0 -9999.0 -9999.0 -9999.0 -9999.0 -9999.0 -9999.0 -9999.0 -9999.0 -9999.0 -9999.0 -3057.437652 -3276.752334 -3306.681270 -3271.805429 -3583.056836 -8839.229159 -3244.697675 -3276.947307 -3490.132318 -3146.899959 -2980.422818 -3089.429724 -3013.843806 -514.893807 -2440.633645 -334.442899 1038.058641 1003.877208 -330.344508 -248.921623 -227.572082 -300.734700 -9999.0 -9999.0 -9999.0 -9999.0 -9999.0 -9999.0 -9999.0 -9999.0 -9999.0 -9999.0 -9999.0 -9999.0 -9999.0 -9999.0 -9999.0 -9999.0 -9999.0 -9999.0 -9999.0 -9999.0 -9999.0 -9999.0
-9999.0 -9999.0 -9999.0 -9999.0 -9999.0 -9999.0 -9999.0 -9999.0 -9999.0 -9999.0 -9999.0 -9999.0 -9999.0 -3335.997736 356.751158 -3397.415884 -3277.520549 -3265.315066 -9024.153209 -3318.448082 -3521.028445 -7401.126736 -1776.410780 -1153.199090 -3196.546583 -3149.330567 -1715.707829 -353.015113 -201.487868 -226.586934 -192.150439 -98.703725 -272.035003 4312.315690 -648.510964 -9999.0 -9999.0 -9999.0 -9999.0 -9999.0 -9999.0 -9999.0 -9999.0 -9999.0 -9999.0 -9999.0 -9999.0 -9999.0 -9999.0 -9999.0 -9999.0 -9999.0 -9999.0 -9999.0 -9999.0 -9999.0 -9999.0
-9999.0 -9999.0 -9999.0 -9999.0 -9999.0 -9999.0 -9999.0 -9999.0 -9999.0 -9999.0 -9999.0 -9999.0 -3248.342295 6247.453388 -3331.882830 -3185.884837 -3058.233459 -3202.976956 -3851.591554 -8196.594481 -3186.146233 -1167.118571 -2927.552482 -749.997746 -193.791800 -506.953192 -181.032638 -269.537208 -381.469290 -239.430438 -117.846628 -271.814741 4.195581 -2698.463780 -9999.0 -9999.0 -9999.0 -9999.0 -9999.0 -9999.0 -9999.0 -9999.0 -9999.0 -9999.0 -9999.0 -9999.0 -9999.0 -9999.0 -9999.0 -9999.0 -9999.0 -9999.0 -9999.0 -9999.0 -9999.0 -9999.0 -9999.0
-9999.0 -9999.0 -9999.0 -9999.0 -9999.0 -9999.0 -9999.0 -9999.0 -9999.0 -9999.0 -9999.0 -2252.030561 -3351.630388 37.132507 -3367.365801 -3433.384172 -8638.068074 -3292.223605 -3513.127506 -8956.701610 -3201.054314 -3155.225581 -1171.970034 -599.042065 -1363.938653 -523.735022 -231.645627 -402.017482 3227.426579 -422.633393 -362.869764 -469.283591 -212.608078 -616.189205 -327.742321 -300.753711 -294.208424 -716.615917 -880.747485 -9999.0 -9999.0 -9999.0 -1177.987330 -9999.0 -9999.0 -9999.0 -9999.0 -9999.0 -9999.0 -9999.0 -9999.0 -9999.0 -9999.0 -9999.0 -9999.0 -9999.0 -9999.0
-9999.0 -9999.0 -9999.0 -9999.0 -9999.0 -9999.0 -9999.0 -9999.0 -9999.0 -9999.0 -9999.0 -1656.244642 -3403.360925 -3547.857167 -3541.084506 -3516.575577 -3652.814734 -3349.478537 -3594.182866 -3481.974455 -3467.454518 -3198.021175 -570.761297 20070.586733 13911.396110 -458.485997 -364.334799 -515.596344 -210.974816 -479.247447 -371.842211 -533.706926 -141.597763 -50.877456 -268.701110 -399.706237 -664.683183 -2015.507270 -953.223537 -728.000390 -609.111277 -750.988073 -313.506492 -320.912056 -9999.0 -9999.0 -9999.0 -357.904656 -150.642696 -187.459212 -70.630014 -279.632273 -294.332897 -544.341454 -355.036427 -375.782456 -9999.0
-9999.0 -9999.0 -9999.0 -9999.0 -9999.0 -9999.0 -9999.0 -9999.0 -9999.0 -9999.0 -9999.0 -1256.668376 -2320.779886 -2497.318958 -3068.539207 -3707.956934 -3016.488500 -3179.227720 -3673.038887 -3476.855698 -2955.310595 -661.143140 4909.754116 -446.486897 -470.079949 -2767.845577 9668.537832 -163.344698 -444.411960 -213.510957 -352.667974 15908.764993 -494.134249 3.143496 -249.477755 -561.863824 2035.877306 -151.767171 -2655.367062 -817.879446 -614.160355 -526.879425 -499.498294 -391.437657 4.464209 -9999.0 -1312.321819 4.549668 -271.728153 -453.225238 -752.856352 -3555.595485 -653.580686 -258.870683 -293.306103 3.368305 -9999.0
-9999.0 -9999.0 -9999.0 -9999.0 -9999.0 -9999.0 -9999.0 -9999.0 -9999.0 -9999.0 -9999.0 -9999.0 -1489.007151 -351.346832 -2974.361772 -3159.032800 -2832.540218 -3098.887592 -3539.262079 -3458.653147 -3043.298526 -1708.961225 480.714060 1050.047884 73453.801369 11446.704909 2257.717938 -971.821160 -291.751494 -304.316294 -352.366165 11848.899957 -970.922548 -203.131315 -112.621692 -449.038016 9130.438151 -133.178500 -1501.345531 -2641.512546 -2264.855234 -3945.187865 1233.828898 -548.559089 -238.948891 3.293892 -331.387520 4.415924 91629.221956 1474.629900 1045.346756 12510.406470 -162.946870 1030.190218 184175.575396 -99.006872 -52.541295
-9999.0 -9999.0 -9999.0 -9999.0 -9999.0 -9999.0 -9999.0 -9999.0 -9999.0 -9999.0 -9999.0 1131.423070 -724.318717 -3408.240961 -312.017270 -1134.674309 -2919.362468 -3025.778603 -3673.614462 -3208.731984 -3090.316228 -2553.631569 301.886708 10813.163187 7571.553605 966.638792 2376.555403 -274.024812 -268.531163 -1800.991974 11575.117503 -167.999560 -727.384836 -230.782099 -213.886360 -365.031253 -529.953993 1197.663028 -724.731187 -2895.289642 1211.128239 -964.182883 348.415093 -122.694128 -948.256730 -269.317070 -401.277258 -903.947375 -785.452085 945.060185 2079156.902615 -292.370899 1134069.316638 164573.895249 128559.511050 -6.076122 -151.463594
-9999.0 -9999.0 -9999.0 -9999.0 -9999.0 -9999.0 -9999.0 -9999.0 -9999.0 -9999.0 2109.781748 983.080895 -723.834638 -825.833040 -1798.590440 2194.170784 2233.024065 -1203.978566 -3158.531775 -3187.893230 -3254.316371 -1435.906681 242298.410144 -818.928975 768.151041 -193.564684 18758.581646 2232103.457269 -1173.365581 -804.272867 -189.539289 -189.338787 -674.582607 -218.918936 -720.206369 -459.302881 -658.182042 2370.015375 17120.296832 -378.314765 -675.164098 -18.735685 -118.389532 -1096.261200 -565.098761 -2398.412156 -510.054588 1110.760091 -172.889921 -374.339760 729051.953082 -220.762067 118363.902641 -6.534165 -93.580768 -211.345594 -218.138141
-9999.0 -9999.0 -9999.0 -9999.0 -9999.0 -9999.0 -9999.0 -9999.0 -9999.0 -494.272393 -550.736472 945.771842 121.309865 1298.974619 841.145456 714.246769 -235.546555 -2915.534095 -3183.277211 -3219.563292 -3331.912555 -2932.989690 -2483.243582 -2740.315911 -429.054477 7095480.551596 192325.637600 -642.889897 986.025381 109.861084 -318.323118 6955531.159960 -491.568049 -420.532216 -739.354266 -420.113373 -616.486966 14441.288840 5526.417854 966.393562 -203.813758 157393.043962 176673.146917 -1970.018327 -2775.668530 -757.434754 -1741.390736 2155.062837 1625.241983 -354.793092 19069.815103 -170.446020 -6.108443 -319.852450 -190.537641 774636.552569 391868.557552
-9999.0 -9999.0 -9999.0 -9999.0 -9999.0 -9999.0 -9999.0 -9999.0 -9999.0 -750.620645 -485.238301 -919.559723 4717.855457 -386.457053 990.640242 1222.658381 -970.890985 -2375.652308 -3253.998426 -3469.191330 -3422.974845 -3507.447642 -2760.773390 -701.636097 7049016.711630 15271.957694 1183.657782 -249.652346 -534.657224 -778.984763 -963.697355 6784264.836684 -413.987366 -109.677955 -275.171047 -555.757245 -1625.670682 -3735.907174 -476.861330 -809.009479 5862.799628 18194.500608 1053.080981 -763.660096 -2881.308575 -2534.212954 -2737.936144 -1552.260896 -434.145142 -689.591267 6907246.219446 4538159.160886 -177.795263 -486.505260 -11.818151 884151.347558 240266.029019
-9999.0 -9999.0 -9999.0 -9999.0 -9999.0 -9999.0 -9999.0 -9999.0 -9999.0 -9999.0 -346.298104 -739.065883 -560.716623 -228.612865 -583.901704 974.701824 -541.138080 -2934.090716 -3342.282505 -3206.628430 -3424.028921 -3054.179609 1320.928060 44175.397177 7719.503680 947.898974 -363.972786 -784.312786 -819.197240 7141490.172973 7034280.623147 -164.772824 4998803.187102 -221.685437 -451.159423 -708.515914 -628.566424 -642.352809 -1385.667091 -388.887790 -319.585344 -559.460702 4779.191227 -741.094149 -1103.622522 -559.417944 -2946.607359 -2835.696035 -3036.968387 -963.978886 6888685.726798 282720.443723 -173.070186 -82.700580 -505.752428 4.615101 -227.773525
-9999.0 -9999.0 -9999.0 -9999.0 -9999.0 -9999.0 -9999.0 -9999.0 -9999.0 -9999.0 -269.203071 -500.764886 -593.092221 -152.310973 -719.523730 -2260.564389 -1083.454946 -3080.770750 -3378.474164 -3311.089992 -3262.091827 -3114.348087 1672.943301 -565.124920 -157.839162 -513.821507 -866.465291 785.060511 7186746.823314 4999496.532647 -384.752436 -434.400341 616266.809315 -181.420588 -407.828856 -629.896656 -174.603438 1004.474415 19167.000758 -263.406015 -409.558311 -5883.730567 1355.615058 -754.623745 -635.008111 80563.071246 -138.159598 -910.029809 -3049.308446 -2889.900088 -210.108802 21214.438009 4657151.173730 -156.893036 -92.288885 -146.666575 -99.375497
-9999.0 -9999.0 -9999.0 -9999.0 -9999.0 -9999.0 -9999.0 -9999.0 -412.164979 -322.030354 -316.541808 -421.814133 4966.928564 1065.961214 9253.709897 -1198.524950 -3160.234917 -3517.489426 -3331.570534 -3342.901792 -3447.045401 -3405.507995 -3369.549246 -3281.738298 -1620.671350 -852.756183 -720.867797 4614101.292114 20264.662316 4343290.559082 -199.485053 -384.912353 -391.589453 -239.177613 -402.702511 -491.037389 -2555.434314 1038.751831 7106856.637522 -699.557757 -2644.659728 -568.096805 2092216.010168 -918.726297 -4345.197053 2063.161712 6989267.721711 1130.113716 -354.670477 -1010.388190 -503.370541 2337017.113943 1915166.795038 4252970.722664 -162.971601 -221.269976 -213.667808
-9999.0 -9999.0 -9999.0 -9999.0 -9999.0 -9999.0 -9999.0 -9999.0 -69.209073 4389.277727 1688144.367182 -256.773354 -474.588655 -183.770885 6302768.330226 -599.361661 -2995.300348 -3090.836190 -3423.523464 -3391.414794 -3651.410507 -3810.605210 -3924.352827 -3922.109497 -3271.136128 -2859.871053 -635.396276 1052.293753 730624.392681 -257.461708 -71.584679 -643.680587 -466.199454 -1033.934925 -441.745761 -547.231799 -3083.184556 -285.623221 1065.846401 -594.877958 -390.092941 -601.490399 -1922.645706 -674.872269 2553.167447 2675.917522 2263328.613650 -538.311532 1002.650046 -767.849564 -591.111920 1084.991325 1738515.148797 3.177113 -537.623677 30167.379555 7516.238832
-9999.0 -9999.0 -9999.0 -9999.0 -9999.0 -9999.0 -9999.0 -9999.0 -397.764855 3321.455084 -68.982773 4959187.666865 -341.595503 1761219.418234 1965.551048 2883928.272851 -1538.048592 -3066.746638 -3389.360304 -3572.439349 -3427.732094 -3753.079750 -3845.809177 -3374.059766 -3484.522118 -3056.399494 -710.210280 7311238.748598 1316055.438220 -385.170395 -1225.524619 -507.524070 19756.212849 17090.121512 -561.871001 -2731.382797 -502.973492 -718.169862 2570.587551 1178.975938 -555.889305 -3085.116573 -487.431150 2550.240651 15603.559893 -468.742678 -640.335541 -343.892003 51470.965109 1258.160230 -1389.756142 -420.459057 803821.617570 1813955.653143 1251.141480 420.893848 -357.424261
-9999.0 -9999.0 -9999.0 -9999.0 -9999.0 -9999.0 -9999.0 -9999.0 -227.208481 -550.344466 1345.086094 905275.606971 -372.386023 15939.724439 914108.312797 -537.744316 -3163.438128 -3313.065443 -3366.414509 -3397.131024 -3337.707254 -3367.703445 -3587.546509 -3467.366283 -3087.189540 -1772.395398 16232.088997 7181202.527796 -582.033579 1206.559372 1850.122492 994.884428 28.979051 258.103144 -531.820623 -2525.149028 -3306.331697 -3050.680311 -1010.618645 -478.376413 -827.313395 -900.010811 -843.258697 -4184.360249 -386.071607 -2953.257836 -1350.767102 -3439.775519 -450.381576 5384.532440 -311.071424 -2315.894707 -519.017578 1135.426093 -321.849504 -477.764001 -2338.154671
-9999.0 -9999.0 -9999.0 -9999.0 -9999.0 -9999.0 -9999.0 -9999.0 -329.633044 -337.285097 -182.879627 7214169.563863 490289.421141 17487.400986 -481.519640 -2154.612291 -1618.127088 -2648.523682 -2640.834100 -3103.763534 -3282.427295 -3258.248740 -3238.166731 -3152.172586 -3354.563881 -2093.748906 7156413.599348 -322.183420 -550.452825 10.466901 59590.876036 -424.078012 -1593.728509 -689.734472 -1057.069013 -2855.514698 -2953.227207 -3172.178376 -3115.241023 -1514.447996 -1726.033393 -2201.830035 -988.881599 -492.716037 3281.611129 -1017.920455 998.071111 701.452195 1042.516108 -430.660427 -2455.067264 -2631.366762 -2296.507479 -1034.877061 -654.479584 -747.172974 -1542.540472
