user2019/resources/simulation/Vinschgau/output-maps/psiL0005N0218.asc
ncols         63
nrows         48
xllcorner     598000.000000
yllcorner     5145000.000000
cellsize      1000.000000
NODATA_value  -9999.0
[rows 0 to 25 of 48, columns 0 to 57 of 63]
-9999.0 -9999.0 -9999.0 -9999.0 -9999.0 -9999.0 -9999.0 -9999.0 -9999.0 -9999.0 -9999.0 -9999.0 -9999.0 -9999.0 -9999.0 -9999.0 -9999.0 -9999.0 -9999.0 -9999.0 -9999.0 -9999.0 -9999.0 -9999.0 -9999.0 -9999.0 -9999.0 -9999.0 -9999.0 -9999.0 -9999.0 -9999.0 -9999.0 -9999.0 -9999.0 -9999.0 -9999.0 -9999.0 -9999.0 -9999.0 -9999.0 -9999.0 -9999.0 -9999.0 -9999.0 -9999.0 -9999.0 -9999.0 -9999.0 -9999.0 -9999.0 -9999.0 -9999.0 -9999.0 -9999.0 -9999.0 -9999.0 -9999.0
-9999.0 -9999.0 -9999.0 -9999.0 -9999.0 -9999.0 -9999.0 -9999.0 -9999.0 -9999.0 -9999.0 -9999.0 -9999.0 -9999.0 -9999.0 -9999.0 -9999.0 -9999.0 -9999.0 -9999.0 -9999.0 -9999.0 -9999.0 -9999.0 -9999.0 -9999.0 -9999.0 -894.946409 -1207.039871 -897.092310 -1355.946884 -896.310616 -896.330090 -9999.0 -9999.0 -9999.0 -9999.0 -9999.0 -9999.0 -9999.0 -9999.0 -9999.0 -9999.0 -9999.0 -9999.0 -9999.0 -9999.0 -9999.0 -9999.0 -9999.0 -9999.0 -9999.0 -9999.0 -9999.0 -9999.0 -9999.0 -9999.0 -9999.0
-9999.0 -9999.0 -9999.0 -9999.0 -9999.0 -9999.0 -9999.0 -9999.0 -9999.0 -9999.0 -9999.0 -9999.0 -9999.0 -9999.0 -9999.0 -9999.0 -9999.0 -9999.0 -9999.0 -9999.0 -9999.0 -9999.0 -9999.0 -9999.0 -761.321884 -730.875989 -628.978500 -698.532823 -663.048152 -1511.985501 -1343.007640 -9999.0 -9999.0 -9999.0 -9999.0 -9999.0 -9999.0 -9999.0 -9999.0 -9999.0 -9999.0 -9999.0 -9999.0 -9999.0 -9999.0 -9999.0 -9999.0 -9999.0 -9999.0 -9999.0 -9999.0 -9999.0 -9999.0 -9999.0 -9999.0 -9999.0 -9999.0 -9999.0
-9999.0 -9999.0 -9999.0 -9999.0 -9999.0 -9999.0 -9999.0 -9999.0 -9999.0 -9999.0 -9999.0 -9999.0 -9999.0 -9999.0 -9999.0 -9999.0 -9999.0 -9999.0 -9999.0 -9999.0 -9999.0 -9999.0 -9999.0 -709.396312 -632.204610 -215.525815 -199.573462 -229.136652 -210.125147 -1524.408122 -971.187228 -1305.442807 -9999.0 -9999.0 -9999.0 -9999.0 -9999.0 -9999.0 -9999.0 -9999.0 -9999.0 -9999.0 -9999.0 -9999.0 -9999.0 -9999.0 -9999.0 -9999.0 -9999.0 -9999.0 -9999.0 -9999.0 -9999.0 -9999.0 -9999.0 -9999.0 -9999.0 -9999.0
-9999.0 -9999.0 -9999.0 -9999.0 -9999.0 -9999.0 -9999.0 -9999.0 -9999.0 -9999.0 -9999.0 -9999.0 -9999.0 -9999.0 -9999.0 -9999.0 -9999.0 -9999.0 -198.355740 -263.304598 -9999.0 -690.292787 -539.921823 -214.475241 997.178276 -215.480967 -472.535501 -493.130340 869.277203 -244.429951 -1490.430555 -1041.232496 -896.764452 -894.903051 -9999.0 -9999.0 -9999.0 -9999.0 -9999.0 -9999.0 -9999.0 -9999.0 -9999.0 -9999.0 -9999.0 -9999.0 -9999.0 -9999.0 -9999.0 -9999.0 -9999.0 -9999.0 -9999.0 -9999.0 -9999.0 -9999.0 -9999.0 -9999.0
-9999.0 -9999.0 -9999.0 -9999.0 -9999.0 -9999.0 -9999.0 -9999.0 -9999.0 -9999.0 -9999.0 -9999.0 -9999.0 -9999.0 -9999.0 -9999.0 -9999.0 -251.337593 -196.995183 -119956.079899 -900.164909 -432.554198 -266.004335 -611.050995 -148.413382 -506.669963 -573.518289 -799.073232 -557.998728 -510.540046 -349.357033 -1508.312822 -903.940041 -899.015840 -894.081567 -897.424910 -9999.0 -9999.0 -9999.0 -9999.0 -9999.0 -9999.0 -9999.0 -9999.0 -9999.0 -9999.0 -9999.0 -9999.0 -9999.0 -9999.0 -9999.0 -9999.0 -9999.0 -9999.0 -9999.0 -9999.0 -9999.0 -9999.0
-9999.0 -9999.0 -9999.0 -9999.0 -9999.0 -9999.0 -9999.0 -9999.0 -9999.0 -9999.0 -9999.0 -9999.0 -9999.0 -1563.374508 -282.021994 -220.692665 -230.363637 -911.547023 -254.128967 -261.020782 -193.940632 -66.346067 -211.806710 1082.227353 -681.148236 -666.752007 -978.198360 -1951.874091 -1854.702205 -756.002722 -809.565018 -585.512634 -1385.009147 -1329.427601 -897.589949 -897.575286 -9999.0 -9999.0 -9999.0 -9999.0 -9999.0 -9999.0 -9999.0 -9999.0 -9999.0 -9999.0 -9999.0 -9999.0 -9999.0 -9999.0 -9999.0 -9999.0 -9999.0 -9999.0 -9999.0 -9999.0 -9999.0 -9999.0
-9999.0 -9999.0 -9999.0 -9999.0 -9999.0 -9999.0 -9999.0 -9999.0 -9999.0 -9999.0 -9999.0 -9999.0 -9999.0 -364.673980 1159.987389 -228.583514 -228.928553 -201.281019 -915.422173 -222.483217 -194.147818 -512.615867 951.778080 -409.748733 -390.127459 -1810.212271 -1195.026704 -897.490249 -897.573984 -1516.681040 -685.175157 -1416.811225 -897.479531 -897.596535 -897.624431 -9999.0 -9999.0 -9999.0 -9999.0 -9999.0 -9999.0 -9999.0 -9999.0 -9999.0 -9999.0 -9999.0 -9999.0 -9999.0 -9999.0 -9999.0 -9999.0 -9999.0 -9999.0 -9999.0 -9999.0 -9999.0 -9999.0 -9999.0
-9999.0 -9999.0 -9999.0 -9999.0 -9999.0 -9999.0 -9999.0 -9999.0 -9999.0 -9999.0 -9999.0 -9999.0 -9999.0 -358.673803 929.215199 -214.465550 -223.513063 -223.937734 -913.820873 -223.202367 -250.684667 -1311.957577 -508.768063 -577.337815 -801.979600 -862.137315 -896.521283 -897.382939 -962.661377 -897.454381 -1437.196928 -897.529597 -897.486052 -897.407176 -897.536933 -9999.0 -9999.0 -9999.0 -9999.0 -9999.0 -9999.0 -9999.0 -9999.0 -9999.0 -9999.0 -9999.0 -9999.0 -9999.0 -9999.0 -9999.0 -9999.0 -9999.0 -9999.0 -9999.0 -9999.0 -9999.0 -9999.0 -9999.0
-9999.0 -9999.0 -9999.0 -9999.0 -9999.0 -9999.0 -9999.0 -9999.0 -9999.0 -9999.0 -9999.0 -9999.0 -873.150740 1241.495980 1041.066337 -678.816518 -245.206648 -220.565406 796.670386 -333569.934623 -622.531598 -720.665656 -1139.629933 -698.467687 -447.549313 -1420.014855 -693.775641 -1267.078278 -1552.654891 -897.331427 -1450.689122 -895.202857 -1038.593039 -897.573369 -9999.0 -9999.0 -9999.0 -9999.0 -9999.0 -9999.0 -9999.0 -9999.0 -9999.0 -9999.0 -9999.0 -9999.0 -9999.0 -9999.0 -9999.0 -9999.0 -9999.0 -9999.0 -9999.0 -9999.0 -9999.0 -9999.0 -9999.0 -9999.0
-9999.0 -9999.0 -9999.0 -9999.0 -9999.0 -9999.0 -9999.0 -9999.0 -9999.0 -9999.0 -9999.0 -644.429929 -449.510312 -215.785787 -725.088176 -529.905384 -1098.792785 -219.280469 -217.405514 -201155.143213 -181.790616 -315.818363 -1382.127922 -1420.060131 -1670.243432 -1495.459655 -1427.452754 -1454.419548 -628.935809 -897.422392 -894.523760 -1061.102438 -897.152735 -897.768484 -899.224564 -900.700153 -1701.276345 -961.984844 -291.654587 -9999.0 -9999.0 -9999.0 -896.530583 -9999.0 -9999.0 -9999.0 -9999.0 -9999.0 -9999.0 -9999.0 -9999.0 -9999.0 -9999.0 -9999.0 -9999.0 -9999.0 -9999.0 -9999.0
-9999.0 -9999.0 -9999.0 -9999.0 -9999.0 -9999.0 -9999.0 -9999.0 -9999.0 -9999.0 -9999.0 -572.741836 -686.451274 -444.949825 -325.666797 -1346.907899 -602.872365 -236.569945 -217.014489 -217.976803 936.876481 -271.084481 -705.020700 -591.007777 -561.687833 -1477.134011 -1563.296205 -1455.633144 -893.895991 -897.509021 -1507.583125 -1559.075409 -1602.597120 -1271.323250 -1218.762043 -1679.269199 -743.897671 -939.068472 -784.250516 -902.011153 -903.782061 -900.045231 -1320.828111 -896.519684 -9999.0 -9999.0 -9999.0 -217.147021 -1057.766541 -894.978844 -1510.141531 -894.347745 -893.763191 -277.391598 -319.069984 -893.179313 -9999.0 -9999.0
-9999.0 -9999.0 -9999.0 -9999.0 -9999.0 -9999.0 -9999.0 -9999.0 -9999.0 -9999.0 -9999.0 -583.233584 -590.942405 -1488.980571 -362.798076 -1403.547140 -351.365660 -190.917587 815.480095 -218.042070 -219.281734 -820.435359 -426.518115 -667.466114 -1524.798683 -897.140143 -462.907359 -1496.335828 -897.380330 -1408.813936 -897.581571 -1553.130411 -834.206051 -1258.301200 -898.645068 -1086.025435 -531.096468 -1198.784718 -529.754406 -889.926111 -623.453068 -344.629392 -665.711920 -1584.353589 -1313.186204 -9999.0 -897.521939 -1108.675501 -1594.796745 -838.702125 -301.772617 -901.711824 -110.934691 -173.963639 -81.562374 -301.545122 -9999.0 -9999.0
-9999.0 -9999.0 -9999.0 -9999.0 -9999.0 -9999.0 -9999.0 -9999.0 -9999.0 -9999.0 -9999.0 -9999.0 -567.459110 -385.920299 -376.873232 -470.073915 -578.260882 -223.899220 -208.551040 -217.470276 -185.001897 -854.272242 -567.314999 -424.605159 -597.506316 -447.584471 -184.539437 -897.502630 -1473.609605 -894.494803 -1562.406256 -626.896243 -697.660585 -1266.361217 -1653.364907 -1483.054542 -568.119186 -532.166645 -482.204094 -281.805303 -465.342711 -910.838745 -352.833798 -247.305754 -895.101329 -1020.737085 -894.725201 -1185.681842 -1502.010718 -754.660924 -260.971080 -544.183994 -289.012654 -246.334752 -532.984141 -519.002969 -548.904945 -9999.0
-9999.0 -9999.0 -9999.0 -9999.0 -9999.0 -9999.0 -9999.0 -9999.0 -9999.0 -9999.0 -9999.0 -341.852350 -642.455302 -895.000029 -365.293171 -336.398254 -280.491758 -228.292363 926.935470 -239.517589 -234.417665 -143.216186 -265.119417 -830.393474 -440.198116 -247.778198 -364.464325 -1542.924406 -1536.371850 -897.381499 -509.989148 -624.728416 -543.280856 -1354.434339 -1403.507913 -1332.916813 -1387.672534 -1214.821336 -483.829544 -510.182437 -1123.933463 -527.661207 -279.133516 -12187.981828 -243.915901 -1282.466379 -1682.187778 -899.600172 -900.149040 -721.328739 -890.647887 -1568.341924 -579.555730 -889.961449 -898.015181 -897.341860 -893.573337 -9999.0
-9999.0 -9999.0 -9999.0 -9999.0 -9999.0 -9999.0 -9999.0 -9999.0 -9999.0 -9999.0 -335.956989 -420.936921 -357.115007 -790.206210 -258.671853 -270.754059 -592.099594 -652.856099 -224.347327 -220.103111 -209.088577 -221.153872 -995.253663 -228.712348 -296.100909 -333.673960 -1591.364964 -892.258161 -270.933916 -374.196168 -248.381322 -637.986447 -1521.451132 -1322.065709 -897.729320 -896.664322 -909.055644 -566.176275 -761.594482 -722.146402 -984.636854 -1020.251158 -892.708336 -234.470688 -249.240477 -897.669763 -1674.360853 -895.671804 -222.394246 -265.577179 -905.122258 -897.484100 -897.776284 -897.281714 -897.167678 -671.781910 -487.595983 -9999.0
-9999.0 -9999.0 -9999.0 -9999.0 -9999.0 -9999.0 -9999.0 -9999.0 -9999.0 -1700.634618 -281.960443 -313.167367 -256.461693 -414.956725 -234.212807 -638.678335 -582.837409 -242.129015 -220.283062 -132.946544 -231.314703 -368.575172 -466.039367 -218.456691 -328.648069 -1608.545106 -405.069114 -312.299801 -504.773942 -252.137421 -311.848481 -902.925120 -897.634590 -897.537534 -897.570817 -897.948490 -1762.521140 -572.145211 -565.846982 -626.064138 -418.667648 -571.870709 -1530.430635 -226.388375 -140.512144 -528.743872 -187.235168 -1438.684176 -1894.069544 -218.313767 -1034.905451 -893.729384 -897.324220 -897.154482 -895.073954 -1382.318536 -251.449454 -521.895812
-9999.0 -9999.0 -9999.0 -9999.0 -9999.0 -9999.0 -9999.0 -9999.0 -9999.0 -705.580680 -1689.972294 -1373.628525 883.337736 -394.094704 -296.237912 -420.083363 -186.002389 -532.353675 -210.128397 -230.297702 -229.831413 2404.753214 -237.224630 -250.598880 -1523.693044 -451.661997 -289.265437 -262.292754 877.871197 -447.350992 -1641.916376 -1558.003051 -1484.087623 -1172.975739 -1542.861655 -897.903876 -896.766398 -898.577242 -1357.538433 -1816.139298 -356.208792 -1532.971554 -450.130704 -312.310291 -208.524039 -217.596856 2669.814149 -191.576710 -290.029975 -253.116232 -895.991903 -1405.878015 -897.281580 -1424.457356 -897.286837 -243.475376 -645.184884 -548.920703
-9999.0 -9999.0 -9999.0 -9999.0 -9999.0 -9999.0 -9999.0 -9999.0 -9999.0 -9999.0 -1396.035612 -1828.667600 -552.513764 -215.364678 -918.588267 -327.822031 -473.413628 1155.683314 -312.297711 -209.917070 -216.251562 -196.085502 -312.873048 -635.695580 -495.440305 -291.557584 857.831544 2088.841083 -1695.855233 -602.179913 -1585.624935 -382.509722 -1475.924112 -1488.383187 -1481.425563 -489.423166 -276.453585 -398.280239 -894.377573 -1391.640151 -1365.717379 -713.783594 -738.043301 -1478.236252 -1701.883872 -656.491944 -137.748057 -196.942326 -140.364587 -160.177490 -950.280652 -1000.865180 -893.882559 -897.214749 -518.348159 -1435.365944 -520.934608 -228.419572
-9999.0 -9999.0 -9999.0 -9999.0 -9999.0 -9999.0 -9999.0 -9999.0 -9999.0 -9999.0 -1241.653404 -1435.070939 -582.125429 -267.571054 -216.116637 1023.972120 -347.342471 -224.797161 -80.976768 -104.674426 -228.932904 -211.000412 -242.600001 -558.047621 -352.935205 980.290103 -206.834286 -236.202556 -547.162489 -1549.440176 -1496.910356 -567.829357 -899.795181 -1519.375806 -1494.329854 -630.061464 -425.602742 -789.036872 -1532.395245 -1442.657931 -1214.963038 -894.920489 -563.513718 -1444.895870 -430.313208 -860.183682 -808.849992 -1646.484594 -90.630420 -155.720101 -149.977203 -1724.084342 -582.595350 -893.869132 -892.606188 -893.609642 -1417.873989 -610.259721
-9999.0 -9999.0 -9999.0 -9999.0 -9999.0 -9999.0 -9999.0 -9999.0 -324.511479 -884.284798 -814.025024 -583.920496 -655.577014 -746.088378 -431.470028 -217.883277 -71.614690 3498.446306 -269.991688 -280.567119 -116.370164 -284.646261 -239.252199 -240.017096 -153.532886 -49.306964 -155.059514 -534.729754 -546.770460 -1569.482676 -897.424676 -1422.846954 -1383.861174 -1403.736818 -1231.279524 -1529.706307 -1824.916864 -657.595025 -1450.452683 -894.177117 -897.647249 -612.714693 -890.145398 -897.600660 -898.729057 -772.255573 -1513.600977 -650.665761 -126.832713 1093.730499 1095.258939 -293.709326 -667.762051 -1407.439850 -894.235647 -78.920530 -498.415355 -53.844895
-9999.0 -9999.0 -9999.0 -9999.0 -9999.0 -9999.0 -9999.0 -9999.0 -910.373573 -449.878000 -1391.373999 -1601.774230 -1308.527035 -493.971017 -537.097323 -212.151117 1112.054112 -180.212937 -104.711364 -352.236793 -131.514705 -120.687728 -200.468161 -136.377435 -271.253524 -214.401715 -207.159269 -728.430510 -890.289853 -1473.135517 -1134.874938 -899.137303 -1466.365569 -894.630290 -823.958676 -791.649507 -1151.335336 -288.149437 -1441.102269 -1674.048203 -1526.668773 -897.416611 -897.630169 -1601.816932 -600.556672 -556.317888 -892.205111 -1353.670611 -1861.061555 988.524259 885.698324 -403.229637 -547.212231 -280.560238 -263.016404 -1296.945572 -635.588548 -168.109361
-9999.0 -9999.0 -9999.0 -9999.0 -9999.0 -9999.0 -9999.0 -9999.0 -1711.535668 -1533.160984 -560.897330 -1521.546678 -618.999391 -901.594159 -271.495166 -1442.478183 -166.606032 823.846098 -278.311571 -243.391676 -324.387767 -120.531134 -125.973425 -89.168132 -181.854153 -225.959807 1042.513757 -423.931702 -920.979123 -1641.605708 -899.215812 -619.331667 -592.685118 -1027.202696 -773.681388 -423.856240 -1791.642914 -310.124053 -1494.275185 -1468.319861 -1262.218918 -893.866696 -787.909931 -524.329317 -551.957432 -622.172729 -895.027520 -484.326396 -533.733105 -122.403745 9779.901646 1136.450872 -1182.831843 -1401.983693 -177.415946 907.333022 2712.284434 3491.125358
-9999.0 -9999.0 -9999.0 -9999.0 -9999.0 -9999.0 -9999.0 -9999.0 -897.496075 -1587.765349 -214.365625 -1016.922454 -251.770823 -220.286360 -246.358708 905.141360 -83.168082 -307.158408 -214.817372 -246.017755 -128.501571 -159.266784 -182.681899 -166.206535 -226.669571 984.157703 -258.734207 -833.840800 -232.503335 -279.869122 -1432.367534 -1776.093144 -280.075789 -249.387431 -1003.218382 -1421.567513 -1449.942770 1127.381162 -1511.081044 -1531.697542 -1646.205668 -1541.891684 -1456.538745 -900.369454 -739.927124 -898.148538 -145.961302 -899.805143 -724.757589 -1404.009373 1200.507378 10350.812182 1327.874528 857.947196 1177.956546 1114.411799 1356.019177 180.369773
-9999.0 -9999.0 -9999.0 -9999.0 -9999.0 -9999.0 -9999.0 -9999.0 -535.322981 -729.290492 -217.029371 -542.175836 -243.474906 1218.453335 818.703427 -216.678481 -209.402865 -221.225388 924.812595 -172.188144 -80.692407 -241.431180 -197.829925 -82.731524 994.103883 876.726508 -459.987488 -282.978520 -241.585233 -171.260065 -529.704773 -105.314650 -169.820464 -222.338668 -1426.249201 -1455.986260 -499.031474 865.192659 -161.379745 -646.844378 -1523.487846 -1447.147959 -402.228894 -624.094929 -1437.453218 -1019.082747 -1478.201443 -255.838360 -470.038008 -170.404873 -164.771225 3014.324148 9407.159564 6230.060555 6466.789610 6633.258066 6728.176549 5060.461721
-9999.0 -9999.0 -906.134255 -667.141147 -592.706485 -708.198441 -569.853466 -655.813461 -697.355616 -780.130446 -660.953476 -199.624945 1277.983241 900.438652 789.799890 -192.285201 -130.947298 -563.285124 -718.979343 1078.470162 -134.106039 -239.254826 -123.049322 -78.150532 -217.821676 898.854163 764.492725 846.707000 889.377057 882.651266 -273.519917 -220.857322 886.551714 1059.007696 1095.467914 1155.725459 1005.395911 806.376049 -130.208606 -229.360428 -382.298502 -135.936414 -103.406540 1134.036950 -443.627691 -226.604056 954.544602 1024.007617 -179.767163 3568.800363 3814.039630 3818.469189 6845.027408 8609.839270 9073.219483 6157.921015 7866.422135 6669.505373
