user2019/resources/simulation/Vinschgau/output-maps/psiL0006N1434.asc
ncols         63
nrows         48
xllcorner     598000.000000
yllcorner     5145000.000000
cellsize      1000.000000
NODATA_value  -9999.0
[rows 0 to 25 of 48, columns 0 to 57 of 63]
-9999.0 -9999.0 -9999.0 -9999.0 -9999.0 -9999.0 -9999.0 -9999.0 -9999.0 -9999.0 -9999.0 -9999.0 -9999.0 -9999.0 -9999.0 -9999.0 -9999.0 -9999.0 -9999.0 -9999.0 -9999.0 -9999.0 -9999.0 -9999.0 -9999.0 -9999.0 -9999.0 -9999.0 -9999.0 -9999.0 -9999.0 -9999.0 -9999.0 -9999.0 -9999.0 -9999.0 -9999.0 -9999.0 -9999.0 -9999.0 -9999.0 -9999.0 -9999.0 -9999.0 -9999.0 -9999.0 -9999.0 -9999.0 -9999.0 -9999.0 -9999.0 -9999.0 -9999.0 -9999.0 -9999.0 -9999.0 -9999.0 -9999.0
-9999.0 -9999.0 -9999.0 -9999.0 -9999.0 -9999.0 -9999.0 -9999.0 -9999.0 -9999.0 -9999.0 -9999.0 -9999.0 -9999.0 -9999.0 -9999.0 -9999.0 -9999.0 -9999.0 -9999.0 -9999.0 -9999.0 -9999.0 -9999.0 -9999.0 -9999.0 -9999.0 -741.600689 -127.733138 -641.477904 -109.610234 -78.371972 -12.827903 -9999.0 -9999.0 -9999.0 -9999.0 -9999.0 -9999.0 -9999.0 -9999.0 -9999.0 -9999.0 -9999.0 -9999.0 -9999.0 -9999.0 -9999.0 -9999.0 -9999.0 -9999.0 -9999.0 -9999.0 -9999.0 -9999.0 -9999.0 -9999.0 -9999.0
-9999.0 -9999.0 -9999.0 -9999.0 -9999.0 -9999.0 -9999.0 -9999.0 -9999.0 -9999.0 -9999.0 -9999.0 -9999.0 -9999.0 -9999.0 -9999.0 -9999.0 -9999.0 -9999.0 -9999.0 -9999.0 -9999.0 -9999.0 -9999.0 -796.438851 -733.179363 -663.059994 -797.135165 -612.292014 -106.455567 -110.446638 -9999.0 -9999.0 -9999.0 -9999.0 -9999.0 -9999.0 -9999.0 -9999.0 -9999.0 -9999.0 -9999.0 -9999.0 -9999.0 -9999.0 -9999.0 -9999.0 -9999.0 -9999.0 -9999.0 -9999.0 -9999.0 -9999.0 -9999.0 -9999.0 -9999.0 -9999.0 -9999.0
-9999.0 -9999.0 -9999.0 -9999.0 -9999.0 -9999.0 -9999.0 -9999.0 -9999.0 -9999.0 -9999.0 -9999.0 -9999.0 -9999.0 -9999.0 -9999.0 -9999.0 -9999.0 -9999.0 -9999.0 -9999.0 -9999.0 -9999.0 -725.253204 -728.569380 -1388.049398 -2336.344370 -50482.309567 -47893.556596 -121.332156 -110.920351 -105.295614 -9999.0 -9999.0 -9999.0 -9999.0 -9999.0 -9999.0 -9999.0 -9999.0 -9999.0 -9999.0 -9999.0 -9999.0 -9999.0 -9999.0 -9999.0 -9999.0 -9999.0 -9999.0 -9999.0 -9999.0 -9999.0 -9999.0 -9999.0 -9999.0 -9999.0 -9999.0
-9999.0 -9999.0 -9999.0 -9999.0 -9999.0 -9999.0 -9999.0 -9999.0 -9999.0 -9999.0 -9999.0 -9999.0 -9999.0 -9999.0 -9999.0 -9999.0 -9999.0 -9999.0 -775.734913 -796.398397 -9999.0 -707.588020 -751.680335 -39902.536883 -1953.349282 -40755.222239 -888.762410 -970.859011 -960.544156 -1320.295486 -116.289362 -111.206402 -768.581703 -751.043799 -9999.0 -9999.0 -9999.0 -9999.0 -9999.0 -9999.0 -9999.0 -9999.0 -9999.0 -9999.0 -9999.0 -9999.0 -9999.0 -9999.0 -9999.0 -9999.0 -9999.0 -9999.0 -9999.0 -9999.0 -9999.0 -9999.0 -9999.0 -9999.0
-9999.0 -9999.0 -9999.0 -9999.0 -9999.0 -9999.0 -9999.0 -9999.0 -9999.0 -9999.0 -9999.0 -9999.0 -9999.0 -9999.0 -9999.0 -9999.0 -9999.0 -1489.336757 -3008.818172 -154432.562692 -756.008243 -805.349000 -1354.151643 -28469.210781 -991.532541 -898.533975 -296.479201 -1147.667394 -280.392377 -882.296069 -739.976190 -114.627278 -717.622522 -800.037086 -794.718362 -788.459296 -9999.0 -9999.0 -9999.0 -9999.0 -9999.0 -9999.0 -9999.0 -9999.0 -9999.0 -9999.0 -9999.0 -9999.0 -9999.0 -9999.0 -9999.0 -9999.0 -9999.0 -9999.0 -9999.0 -9999.0 -9999.0 -9999.0
-9999.0 -9999.0 -9999.0 -9999.0 -9999.0 -9999.0 -9999.0 -9999.0 -9999.0 -9999.0 -9999.0 -9999.0 -9999.0 -147.033019 -1518.445957 -1452.216533 -1746.792862 -809.427573 -1465.188413 -34176.010668 -1985.756727 -1803.290360 -34255.185447 -1400.249813 -739.134417 -751.649224 -152708.111625 -4240.638982 -36041.403210 -782.798178 9324.875604 -622.002253 -126.010829 -113.114635 -506.496197 -772.989436 -9999.0 -9999.0 -9999.0 -9999.0 -9999.0 -9999.0 -9999.0 -9999.0 -9999.0 -9999.0 -9999.0 -9999.0 -9999.0 -9999.0 -9999.0 -9999.0 -9999.0 -9999.0 -9999.0 -9999.0 -9999.0 -9999.0
-9999.0 -9999.0 -9999.0 -9999.0 -9999.0 -9999.0 -9999.0 -9999.0 -9999.0 -9999.0 -9999.0 -9999.0 -9999.0 -958.746076 -2263.149327 -1606.329831 -1686.422156 -931.662264 -810.775624 -2513.095506 -18029.168814 -26295.042128 -2053.666147 -1291.355394 -1408.063737 -20432.204465 -130.948835 -633.938767 -668.953889 -566.782619 -92.625853 -116.200491 -703.263274 -790.236958 -720.485050 -9999.0 -9999.0 -9999.0 -9999.0 -9999.0 -9999.0 -9999.0 -9999.0 -9999.0 -9999.0 -9999.0 -9999.0 -9999.0 -9999.0 -9999.0 -9999.0 -9999.0 -9999.0 -9999.0 -9999.0 -9999.0 -9999.0 -9999.0
-9999.0 -9999.0 -9999.0 -9999.0 -9999.0 -9999.0 -9999.0 -9999.0 -9999.0 -9999.0 -9999.0 -9999.0 -9999.0 -2492.995049 441.811439 -1466.055585 -1615.596892 -1647.745773 -811.696935 -1532.564861 -1177.135759 -152743.536859 -967.824274 -407.932693 -1509.260839 -1419.078796 -768.728675 -754.310858 -105.854279 -791.408903 -107.056775 -757.025663 -793.994671 -795.132033 -739.761335 -9999.0 -9999.0 -9999.0 -9999.0 -9999.0 -9999.0 -9999.0 -9999.0 -9999.0 -9999.0 -9999.0 -9999.0 -9999.0 -9999.0 -9999.0 -9999.0 -9999.0 -9999.0 -9999.0 -9999.0 -9999.0 -9999.0 -9999.0
-9999.0 -9999.0 -9999.0 -9999.0 -9999.0 -9999.0 -9999.0 -9999.0 -9999.0 -9999.0 -9999.0 -9999.0 -36406.381575 6337.816907 -2381.725504 -1607.584401 -1277.703462 -1522.502918 -1057.523314 -152841.838953 -1975.679119 -1112.822944 -152710.262748 -133.074648 3487.953697 -129.245064 81.195904 -110.439216 -120.449794 -636.177503 -34.585049 -755.000858 -99.827812 -759.568134 -9999.0 -9999.0 -9999.0 -9999.0 -9999.0 -9999.0 -9999.0 -9999.0 -9999.0 -9999.0 -9999.0 -9999.0 -9999.0 -9999.0 -9999.0 -9999.0 -9999.0 -9999.0 -9999.0 -9999.0 -9999.0 -9999.0 -9999.0 -9999.0
-9999.0 -9999.0 -9999.0 -9999.0 -9999.0 -9999.0 -9999.0 -9999.0 -9999.0 -9999.0 -9999.0 -916.923424 -1651.545483 -439.300353 -2320.097361 -1039.533003 -152838.736231 -1583.293666 -817.672888 -152805.981553 -15826.593796 -1151.645988 -130.080118 -135.112743 -16074.096105 -122.609871 -109.568103 -120.449732 1239.938608 -653.683150 -748.053361 -123.876393 -658.214570 -759.701573 -762.245443 -731.935417 -169.835760 -256.961735 -462.166388 -9999.0 -9999.0 -9999.0 -795.349111 -9999.0 -9999.0 -9999.0 -9999.0 -9999.0 -9999.0 -9999.0 -9999.0 -9999.0 -9999.0 -9999.0 -9999.0 -9999.0 -9999.0 -9999.0
-9999.0 -9999.0 -9999.0 -9999.0 -9999.0 -9999.0 -9999.0 -9999.0 -9999.0 -9999.0 -9999.0 -917.354141 -1908.989841 -56053.397325 -2725.210458 -160.056090 -3136.279657 -3500.694882 -846.039233 -1039.101103 -1112.498377 -143.752481 -610.206168 -139.912755 -125.307438 -124.928251 -117.505242 -116.003470 -438.275307 -715.645111 -117.860943 -101.985240 -105.899363 -100.024382 -111.807941 -124.763146 -127.297098 -255.265718 -255.780395 -794.030583 -780.016954 -755.490616 -111.646226 -753.071312 -9999.0 -9999.0 -9999.0 -88.405634 -23.619184 -717.036379 -24.327789 -758.922909 -748.131574 1153.939936 1083.227393 -654.490262 -9999.0 -9999.0
-9999.0 -9999.0 -9999.0 -9999.0 -9999.0 -9999.0 -9999.0 -9999.0 -9999.0 -9999.0 -9999.0 -885.763293 -947.829147 -18863.503872 -778.284459 -162.392393 -1500.224845 -2633.182921 -1491.978498 -1044.614005 -915.336033 -1370.224832 -184.933937 -711.195796 -125.355951 -719.424763 -141.556444 -16.247288 -704.450136 -106.700128 -717.867609 -135.196436 -107.636422 -102.638235 -715.528294 -120.019043 -181.374041 -1844.518000 -273.191887 -799.352566 -224.702754 -256.705947 -111.825078 -120.363120 -53.303326 -9999.0 -759.422626 -27.742528 -108.221651 -123.870241 -79.585088 -600.087732 -79.496236 -107.528425 -63.114995 -97.279385 -9999.0 -9999.0
-9999.0 -9999.0 -9999.0 -9999.0 -9999.0 -9999.0 -9999.0 -9999.0 -9999.0 -9999.0 -9999.0 -9999.0 -882.325677 -500.173654 -980.830052 -985.388422 -1180.811015 -2360.551394 -899.057715 -1032.850980 -1701.320656 -10878.532086 -971.406168 -135.070394 -141.336561 -161.286706 1920.103014 -95.545584 -109.874139 -740.738405 -116.079911 -130.144550 -90.632813 -106.221617 -106.380043 -132.869622 -1505.961045 -3317.210461 -895.563983 -599.820531 -1173.597673 -782.485673 -292.313113 -622.583541 -761.406983 -34.030058 -770.484690 -94.659418 -206.651991 -135.336149 12573.592558 -98.275469 1601.325700 817.481442 -98.460754 -486.038288 -411.800880 -9999.0
-9999.0 -9999.0 -9999.0 -9999.0 -9999.0 -9999.0 -9999.0 -9999.0 -9999.0 -9999.0 -9999.0 1006.101422 -781.016904 -88.706653 -409.145544 -1061.981393 -1379.525548 -1674.057910 -1220.634848 -1113.314604 -1923.041670 -991.700080 221.411655 -266.285146 -179.572670 -149.643016 1029.620827 -110.759814 -110.254604 -711.266571 -132.524212 -137.729917 -112.929347 -107.611365 -107.197227 -119.367251 -198.361384 -138731.100914 -993.480023 -269.735229 -139268.216712 -1262.719795 -132.956464 -148878.673760 -122.735663 -110.910827 -122.306282 -760.816035 -749.118596 -133013.943298 -142491.790121 -111.884466 -100.153301 -104210.155712 -136208.874990 -797.768865 -694.717446 -9999.0
-9999.0 -9999.0 -9999.0 -9999.0 -9999.0 -9999.0 -9999.0 -9999.0 -9999.0 -9999.0 2403.459804 -124.696133 -753.978877 -803.841410 -903.762144 2352.276964 1768.189489 -914.209167 -1396.549215 -1082.787982 -940.540011 -746.757268 -181.985384 -751.527081 -193.268759 3074.668396 -175.465749 -141222.162423 -94.040681 -121.986726 -139.646179 -34.813657 -113.749387 -107.608641 -726.928308 -742.140812 -133.124926 -176.896494 -1665.198360 -277.527587 -905.060223 -139948.410658 -194.035946 -671.366358 -145.475041 -714.716106 -128.945262 -303.340493 -158.844617 -387.014832 -150187.230138 -736.779253 -110827.575849 -779.731938 -791.011393 -105.476592 -106.347749 -9999.0
-9999.0 -9999.0 -9999.0 -9999.0 -9999.0 -9999.0 -9999.0 -9999.0 -9999.0 -128.200626 -532.155760 2295.136150 -119.221818 -192.631454 2556.852813 -53.628221 34.506349 -928.693377 -2430.832851 -1143.040086 -967.187343 -1366.223295 -476.937676 -1224.878418 -435.451121 -130.258332 -160.190436 -114.855167 -535.533489 -37.157332 -299.117105 -798.628528 -647.604127 -773.048848 -752.318669 -739.724774 -113.033228 -152.210274 -160.446837 -147.622912 -199.170703 -267.596855 -167.132551 -1253.672666 -464.462426 -6902.224032 -129.191744 -326.443556 -300.089548 -333.630825 -3472.931933 -713.202071 -791.267555 -726.775501 -745.048512 -168.528071 -103.868303 -537.039935
-9999.0 -9999.0 -9999.0 -9999.0 -9999.0 -9999.0 -9999.0 -9999.0 -9999.0 -82.845547 -127.223113 -125.881260 4825.142930 -499.519873 -121.580770 -198.565268 -789.037371 -1127.053006 -2683.630569 -1045.098669 -1015.660556 -1634.564144 -881.900981 -629.638851 -130.649040 -180.458326 -196.427370 -199.196229 -553.145054 -593.413357 -221.363374 -136.050857 -122.694628 -105.326834 -107.820728 -749.362160 -732.220149 -684.597930 -128.157631 -117.032771 1040.484611 -142.478676 -248.292334 -759.021504 -872.618263 -939.332145 -1255.112748 -8263.282356 -1154.836608 -695.972683 -981.671840 -273.797467 -795.778356 -21.187646 -244.553323 722.823601 -152.933943 -115.131221
-9999.0 -9999.0 -9999.0 -9999.0 -9999.0 -9999.0 -9999.0 -9999.0 -9999.0 -9999.0 -115.650346 -116.230880 -52.393047 2955.025932 -1273.111664 -125.175525 -511.123987 -1366.754438 -2963.633223 -1205.405510 -997.458754 -10663.129177 -519.036551 -155.661413 -187.839200 -145.476006 -368.582294 -769.811596 -230.520580 -129.259901 -107.441431 5594.573686 -154.297163 -106.222755 -110.128465 -111.825303 -705.981266 -680.334683 -678.917409 -118.037888 -117.438243 -617.411926 4898.004411 -549.787873 -216.367138 -698.187586 -461.583577 -882.286620 -27308.952551 -3004.393853 -1356.653913 -3487.525925 -772.621539 -786.469692 -83.617164 -22.514104 -452.613237 10408.493617
-9999.0 -9999.0 -9999.0 -9999.0 -9999.0 -9999.0 -9999.0 -9999.0 -9999.0 -9999.0 -107.829791 -127.456863 -669.898604 246.501700 -581.833753 -956.845143 -823.052583 -1235.798156 -1539.006016 -1395.172808 -1519.032091 -1869.765633 -432.561009 -188.491994 -145.771538 -485.319848 -661.232807 -244.924216 -139.005804 -128.784276 -117.545930 -511.256234 -138117.337375 -106.293319 -119.709780 -646.487047 3830.153977 -127.649138 -230.976906 -110.112869 -122.067475 -214.671751 -124.432657 -123.331879 -573.964406 -674.551088 -380.895614 -216.078001 -1170.227610 -20293.433059 -198.722183 -233.058383 -103.770165 -715.364761 -792.299551 -795.009900 -23.588901 -180.354994
-9999.0 -9999.0 -9999.0 -9999.0 -9999.0 -9999.0 -9999.0 -9999.0 -683.463109 -114.312394 -79.779402 -616.057843 -105.907068 -132.024066 -135.450487 -758.503706 -3524.520781 -1643.985507 -1357.601394 -1454.389185 -1726.862528 -3043.492185 -2743.141082 -2124.668188 -1078.206634 -630.575504 -551.241860 -144.576290 -116.723226 -174.926852 -767.156311 -117.572783 -118.475412 -107.030227 -122.402352 -128.834328 -135.370257 485.999790 -130.264332 -746.864836 -738.334581 -618.256697 -149133.448714 -706.674644 -757.632948 2176.991076 -114.122010 -140.011766 -178.982434 -710.901624 -457.339833 -1095.101724 -112.927538 -214.108564 -797.673320 -58.551813 -592.127533 -642.160284
-9999.0 -9999.0 -9999.0 -9999.0 -9999.0 -9999.0 -9999.0 -9999.0 -20.120278 -128.438046 -262.884944 -108.694153 -127.279722 929.267256 -220.678697 -742.221363 -1582.421884 -2027.072691 -20970.187286 -1462.663818 -864.806996 -1097.629369 -1312.708335 -1675.829378 -2635.639327 -1112.928187 -512.586626 -105.236794 -140669.825477 -108.049652 -102.585238 -780.618241 -125.957991 -774.724080 -686.084441 -654.119582 -135.230703 -319.583864 -355.067486 -119.911393 -118.213693 -119.553389 -762.004893 -119.779567 2439.115502 -125.233168 -150179.816039 -128.792372 -234.574920 -699.358449 -554.738665 8790.513095 -126.339858 -25.858434 -77.131216 -127010.506852 -251.981386 -364.639329
-9999.0 -9999.0 -9999.0 -9999.0 -9999.0 -9999.0 -9999.0 -9999.0 -119.010834 2194.940139 -135.445964 -225.550291 -528.490699 -135477.867812 -182.370392 -177.899672 -1020.376711 -1697.884735 -3330.976066 -869.073940 -1468.446789 -1114.673552 -1331.818004 -1486.210559 -1227.636838 -2048.860354 -586.953539 -179.912761 -140144.738036 -118.415332 -782.591849 -552.887493 -117.225506 -5947.411987 -588.718644 -129.487373 -979.289290 -168.982874 -75.331867 -241.815317 -121.984875 -780.213437 -725.921228 1561.298576 -115.456960 -740.927191 -780.090831 -762.748653 -135.018717 -190.551631 -727.350196 -372.234145 -157.511927 -152.734439 -282.353880 1022.206896 -345.105833 -980.166480
-9999.0 -9999.0 -9999.0 -9999.0 -9999.0 -9999.0 -9999.0 -9999.0 -773.736741 -114.831284 974.043510 -171521.940788 -738.393815 833.330657 -1886.321896 -496.828987 -13499.313981 -3155.792647 -987.336150 -1526.191078 -1434.084487 -1409.650161 -1100.472771 -1125.635905 -1376.045216 -1045.204249 -242.243535 -156.219754 -674.959679 -282.695922 -306.285211 -364.053088 -20195.340587 920.027852 -150266.560084 -140.952493 -156.442876 -2268.142193 -272.819399 -5465.240256 -125.094047 -125.335764 -122.357380 -764.198776 -997.385936 -759.894882 -93.575861 -725.724173 -127.365310 -263.160049 -580.298760 -1005.953120 -443.854101 1589.063953 -73.844648 -459.957189 -1434.862175 -964.130077
-9999.0 -9999.0 -9999.0 -9999.0 -9999.0 -9999.0 -9999.0 -9999.0 -64.886902 -650.308484 5618.172627 -159.255797 -153.857487 -190.958229 -320.248900 -877.234581 -760.533535 -1697.803286 -1149.337139 -2093.649696 -1562.477218 -1338.676169 -1399.536969 -1413.906710 -1597.480210 -996.195972 -241.061507 -109.700927 -701.769925 178.681388 -162.712602 -430.455001 -11364.912372 -734.747137 -4960.464026 -18892.151027 -26172.637695 -2996.933315 -15158.066252 -1079.342349 -8545.427906 -152541.425431 -3412.243768 -118413.055497 -268.316851 -126.413932 -506.558139 -356.486870 -456.932089 -503.900289 -10886.688452 -1190.831808 -1011.190827 -908.736715 -625.223433 -610.594382 -821.363480 -967.913135
-9999.0 -9999.0 -100.158839 -761.061271 662.196456 -172.647416 -121.244286 -115.384044 -491.759072 -593.792906 -123.306048 1010.883448 -191.274391 165.196548 -945.225588 -90.401035 -187.237703 -189.622096 -180.475430 -766.568056 -2080.944526 -1510.596680 -1150.571684 -1586.769053 -1322.422696 -1755.974032 -925.915089 -903.750927 -1433.877459 -994.951704 -555.424197 -1082.956260 -977.082008 -1993.362827 -1578.861800 -2548.327736 -1805.296282 -3654.249809 -20056.901692 -12674.035906 -32838.156530 -33735.546368 -12615.684175 -1825.420946 -264.136960 -8052.791663 -938.358190 -747.540045 -23081.777487 -1479.400017 -1620.622099 -985.415603 -836.360315 -739.151589 -661.369010 -697.172388 -797.940274 -1041.019188
