user2019/resources/simulation/Vinschgau/output-maps/psiL0005N0703.asc
ncols         63
nrows         48
xllcorner     598000.000000
yllcorner     5145000.000000
cellsize      1000.000000
NODATA_value  -9999.0
[rows 0 to 26 of 48, columns 0 to 59 of 63]
-9999.0 -9999.0 -9999.0 -9999.0 -9999.0 -9999.0 -9999.0 -9999.0 -9999.0 -9999.0 -9999.0 -9999.0 -9999.0 -9999.0 -9999.0 -9999.0 -9999.0 -9999.0 -9999.0 -9999.0 -9999.0 -9999.0 -9999.0 -9999.0 -9999.0 -9999.0 -9999.0 -9999.0 -9999.0 -9999.0 -9999.0 -9999.0 -9999.0 -9999.0 -9999.0 -9999.0 -9999.0 -9999.0 -9999.0 -9999.0 -9999.0 -9999.0 -9999.0 -9999.0 -9999.0 -9999.0 -9999.0 -9999.0 -9999.0 -9999.0 -9999.0 -9999.0 -9999.0 -9999.0 -9999.0 -9999.0 -9999.0 -9999.0 -9999.0 -9999.0
-9999.0 -9999.0 -9999.0 -9999.0 -9999.0 -9999.0 -9999.0 -9999.0 -9999.0 -9999.0 -9999.0 -9999.0 -9999.0 -9999.0 -9999.0 -9999.0 -9999.0 -9999.0 -9999.0 -9999.0 -9999.0 -9999.0 -9999.0 -9999.0 -9999.0 -9999.0 -9999.0 -817.383272 102.169047 -828.939511 117.984323 20.873311 671.609366 -9999.0 -9999.0 -9999.0 -9999.0 -9999.0 -9999.0 -9999.0 -9999.0 -9999.0 -9999.0 -9999.0 -9999.0 -9999.0 -9999.0 -9999.0 -9999.0 -9999.0 -9999.0 -9999.0 -9999.0 -9999.0 -9999.0 -9999.0 -9999.0 -9999.0 -9999.0 -9999.0
-9999.0 -9999.0 -9999.0 -9999.0 -9999.0 -9999.0 -9999.0 -9999.0 -9999.0 -9999.0 -9999.0 -9999.0 -9999.0 -9999.0 -9999.0 -9999.0 -9999.0 -9999.0 -9999.0 -9999.0 -9999.0 -9999.0 -9999.0 -9999.0 101.096524 97.415147 100.787973 95.668421 139.229746 171.971688 103.411763 -9999.0 -9999.0 -9999.0 -9999.0 -9999.0 -9999.0 -9999.0 -9999.0 -9999.0 -9999.0 -9999.0 -9999.0 -9999.0 -9999.0 -9999.0 -9999.0 -9999.0 -9999.0 -9999.0 -9999.0 -9999.0 -9999.0 -9999.0 -9999.0 -9999.0 -9999.0 -9999.0 -9999.0 -9999.0
-9999.0 -9999.0 -9999.0 -9999.0 -9999.0 -9999.0 -9999.0 -9999.0 -9999.0 -9999.0 -9999.0 -9999.0 -9999.0 -9999.0 -9999.0 -9999.0 -9999.0 -9999.0 -9999.0 -9999.0 -9999.0 -9999.0 -9999.0 -92.987541 98.511792 -444.308397 91.627564 -263.990635 126.442342 96.271126 97.073583 103.531610 -9999.0 -9999.0 -9999.0 -9999.0 -9999.0 -9999.0 -9999.0 -9999.0 -9999.0 -9999.0 -9999.0 -9999.0 -9999.0 -9999.0 -9999.0 -9999.0 -9999.0 -9999.0 -9999.0 -9999.0 -9999.0 -9999.0 -9999.0 -9999.0 -9999.0 -9999.0 -9999.0 -9999.0
-9999.0 -9999.0 -9999.0 -9999.0 -9999.0 -9999.0 -9999.0 -9999.0 -9999.0 -9999.0 -9999.0 -9999.0 -9999.0 -9999.0 -9999.0 -9999.0 -9999.0 -9999.0 94.486695 -180.262821 -9999.0 99.652080 99.268217 -250.280695 -160.471787 -387.403007 -141.711977 93.271558 94.397530 -148.282709 99.052455 103.678723 -950.758880 -619.122444 -9999.0 -9999.0 -9999.0 -9999.0 -9999.0 -9999.0 -9999.0 -9999.0 -9999.0 -9999.0 -9999.0 -9999.0 -9999.0 -9999.0 -9999.0 -9999.0 -9999.0 -9999.0 -9999.0 -9999.0 -9999.0 -9999.0 -9999.0 -9999.0 -9999.0 -9999.0
-9999.0 -9999.0 -9999.0 -9999.0 -9999.0 -9999.0 -9999.0 -9999.0 -9999.0 -9999.0 -9999.0 -9999.0 -9999.0 -9999.0 -9999.0 -9999.0 -9999.0 -501.574160 -121.269672 -52054.569169 -1108.448674 -88.860447 -218.208510 89.456665 -238.391922 91.277922 95.647753 109.792948 100.944624 91.763326 129.987996 135.401603 -4281.653060 -28520.055719 -3908.258663 -1472.010501 -9999.0 -9999.0 -9999.0 -9999.0 -9999.0 -9999.0 -9999.0 -9999.0 -9999.0 -9999.0 -9999.0 -9999.0 -9999.0 -9999.0 -9999.0 -9999.0 -9999.0 -9999.0 -9999.0 -9999.0 -9999.0 -9999.0 -9999.0 -9999.0
-9999.0 -9999.0 -9999.0 -9999.0 -9999.0 -9999.0 -9999.0 -9999.0 -9999.0 -9999.0 -9999.0 -9999.0 -9999.0 98.863431 -151.157885 -379.750617 -684.534299 -4777.425749 -496.281045 -293.297433 -276.161070 -280.909132 -156.255939 -97.867684 94.598099 96.468906 -46068.455756 117.525731 92.241326 99.912844 8923.669500 182.555157 154.362222 166.698790 -389.134821 -892.409539 -9999.0 -9999.0 -9999.0 -9999.0 -9999.0 -9999.0 -9999.0 -9999.0 -9999.0 -9999.0 -9999.0 -9999.0 -9999.0 -9999.0 -9999.0 -9999.0 -9999.0 -9999.0 -9999.0 -9999.0 -9999.0 -9999.0 -9999.0 -9999.0
-9999.0 -9999.0 -9999.0 -9999.0 -9999.0 -9999.0 -9999.0 -9999.0 -9999.0 -9999.0 -9999.0 -9999.0 -9999.0 99.768787 -163.690605 -385.378286 -647.429661 100.729474 -5051.131113 -377.158128 -427.852935 -228.726438 1.114133 107.394313 113.956660 103.470303 -91.926986 -658.449196 -523.735018 102.474572 125.220837 112.616066 -596.723439 -649.754094 -514.029466 -9999.0 -9999.0 -9999.0 -9999.0 -9999.0 -9999.0 -9999.0 -9999.0 -9999.0 -9999.0 -9999.0 -9999.0 -9999.0 -9999.0 -9999.0 -9999.0 -9999.0 -9999.0 -9999.0 -9999.0 -9999.0 -9999.0 -9999.0 -9999.0 -9999.0
-9999.0 -9999.0 -9999.0 -9999.0 -9999.0 -9999.0 -9999.0 -9999.0 -9999.0 -9999.0 -9999.0 -9999.0 -9999.0 -251.766724 779.520324 -380.170026 -475.200974 -624.890421 -6203.049998 -627.781781 97.298378 -47730.136791 100.618350 90.750304 102.256285 106.444920 -1283.871922 -889.339266 100.008825 -742.409572 118.369540 -298.194651 -760.141752 -318.951688 -602.766346 -9999.0 -9999.0 -9999.0 -9999.0 -9999.0 -9999.0 -9999.0 -9999.0 -9999.0 -9999.0 -9999.0 -9999.0 -9999.0 -9999.0 -9999.0 -9999.0 -9999.0 -9999.0 -9999.0 -9999.0 -9999.0 -9999.0 -9999.0 -9999.0 -9999.0
-9999.0 -9999.0 -9999.0 -9999.0 -9999.0 -9999.0 -9999.0 -9999.0 -9999.0 -9999.0 -9999.0 -9999.0 89.466136 6137.590747 100.257322 -42.988602 91.755264 -317.446526 -256.316473 -12434566.208389 -241.224239 -234.400778 -178.351144 -100.054225 3462.166239 91.641376 1064.500422 98.061877 143.361687 -470.134942 105.174630 -750.641919 123.486261 -693.885932 -9999.0 -9999.0 -9999.0 -9999.0 -9999.0 -9999.0 -9999.0 -9999.0 -9999.0 -9999.0 -9999.0 -9999.0 -9999.0 -9999.0 -9999.0 -9999.0 -9999.0 -9999.0 -9999.0 -9999.0 -9999.0 -9999.0 -9999.0 -9999.0 -9999.0 -9999.0
-9999.0 -9999.0 -9999.0 -9999.0 -9999.0 -9999.0 -9999.0 -9999.0 -9999.0 -9999.0 -9999.0 115.173313 121.283919 665.790979 99.975865 105.320292 -50044.903841 -203.695062 100.987860 -4242.253962 94.346008 95.680645 103.962689 98.366533 131.298396 112.152685 97.241511 105.630840 3158.290720 -332.790118 -692.299412 136.118531 -636.168712 -722.540866 -846.237271 -873.577378 -264.415915 -526.892363 -191.549030 -9999.0 -9999.0 -9999.0 -4666.822950 -9999.0 -9999.0 -9999.0 -9999.0 -9999.0 -9999.0 -9999.0 -9999.0 -9999.0 -9999.0 -9999.0 -9999.0 -9999.0 -9999.0 -9999.0 -9999.0 -9999.0
-9999.0 -9999.0 -9999.0 -9999.0 -9999.0 -9999.0 -9999.0 -9999.0 -9999.0 -9999.0 -9999.0 108.679732 111.208386 147.915225 100.680113 96.806028 -76.232812 -160.022181 75.200774 115.732995 103.411536 99.089012 106.067853 100.481345 117.793269 105.248446 97.420574 120.837624 -329.981733 -506.814580 107.920581 246.903188 95.453683 113.084799 91.355792 109.660896 104.583765 -1072.303272 -869.876813 -3832.637346 -1353.833171 -748.129210 101.986435 -855.991007 -9999.0 -9999.0 -9999.0 98.513744 102.212051 -690.458572 102.939440 -678.188501 -611.777575 94.683637 107.671558 -273.017836 -9999.0 -9999.0 -9999.0 -9999.0
-9999.0 -9999.0 -9999.0 -9999.0 -9999.0 -9999.0 -9999.0 -9999.0 -9999.0 -9999.0 -9999.0 128.410498 96.632480 145.759186 107.123471 100.715713 104.005005 103.339932 124.120241 -4.964015 107.041879 96.204499 88.748813 102.799680 103.881144 -714.122326 97.788333 3257.911607 -769.813527 101.773661 -741.702687 292.964579 110.173875 98.511221 -693.601182 111.821552 120.042450 -2764.892037 -2701.915665 -4250.663866 -353.749823 -88.557755 109.160594 100.928127 97.593015 -9999.0 -728.037598 110.802514 111.445260 113.033080 32.207721 -615.138305 29.552481 101.755888 40.025296 109.271632 -9999.0 -9999.0 -9999.0 -9999.0
-9999.0 -9999.0 -9999.0 -9999.0 -9999.0 -9999.0 -9999.0 -9999.0 -9999.0 -9999.0 -9999.0 -9999.0 117.043223 124.326406 -120.980808 99.846797 90.628686 -44.849610 171.364976 98.529200 99.000204 106.870686 108.880632 101.118678 94.606306 93.437575 2323.644606 24.393450 109.446187 -800.477056 100.500421 203.985434 21.433597 108.042977 105.381536 107.949428 -632.016521 -2478.287704 -2891.444703 -2019.158974 -1026.967762 -4334.751434 111.459179 99.509697 -1184.557844 101.944158 -838.699789 106.552892 110.912290 116.415504 95.769234 279.738690 991.631598 214.425858 155.037655 123.573830 106.035299 -9999.0 -9999.0 -9999.0
-9999.0 -9999.0 -9999.0 -9999.0 -9999.0 -9999.0 -9999.0 -9999.0 -9999.0 -9999.0 -9999.0 103.999934 100.357765 25.061527 147.919178 119.158996 115.371112 106.576604 125.477911 -29.036648 108.621665 113.547287 116.957967 -116.971079 -32.889907 115.386818 103.912373 98.874798 -107.220590 -875.947880 99.049681 254.409027 120.383802 104.311045 98.674344 112.436259 -317.728733 -3090.328078 -2153.784982 -2058.972136 -1840.344252 -1026.445105 120.103984 -33386952.530872 94.310802 93.514977 125.388188 -1171.897605 -1182.022261 -157.187052 -15392.230734 107.258872 132.716964 -1334.513851 -2074.915687 -599.403951 -496.053366 -9999.0 -9999.0 -9999.0
-9999.0 -9999.0 -9999.0 -9999.0 -9999.0 -9999.0 -9999.0 -9999.0 -9999.0 -9999.0 2197.140866 107.524625 96.371491 -49.300752 -29.394735 2063.158578 2064.780731 -172.394734 -463.732262 99.877940 132.748868 125.743338 -109.154582 -164.001427 98.522601 2589.274274 96.311759 -44113.820955 20.292027 96.246718 247.498752 756.890822 109.930122 106.290190 -505.805706 -749.707064 102.798963 64.188534 -1053.409695 -148.446902 83.928125 -26121.785482 -640.284578 109.816981 91.454218 -925.599930 106.084289 106.121980 123.929947 79.977025 -149180.878055 -617.038926 -1309.749689 -226.888940 -494.875448 125.222836 120.665068 -9999.0 -9999.0 -9999.0
-9999.0 -9999.0 -9999.0 -9999.0 -9999.0 -9999.0 -9999.0 -9999.0 -9999.0 106.150920 115.453527 131.591727 118.373571 -158.189537 131.436815 125.270248 29.409725 -62.596427 -176.786537 -334.382911 122.830666 -260.490694 -79.378595 -307.959056 -140.376142 94.086801 -206.255113 91.658183 91.592469 100.371021 91.111949 -66.598039 -472.908086 -531.839058 -739.228309 -750.350096 126.727969 123.724070 107.129245 113.204259 124.312733 90.945917 83.082236 -166.225940 97.140379 81.959318 94.819748 -229.453421 -183.350763 85.993271 -157.468161 -573.451978 -229.730367 -255.019165 -482.277111 157.563604 208.893291 -238.795261 -403.807854 -9999.0
-9999.0 -9999.0 -9999.0 -9999.0 -9999.0 -9999.0 -9999.0 -9999.0 -9999.0 88.912496 121.970093 105.571066 4624.630082 -138.452912 -215.311406 -209.602802 -35.491483 -94.312265 -70.261748 -298.451824 101.170697 -368.447621 -126.428033 100.546029 95.473634 -217.008989 -136.732682 90.260367 -171.265206 88.902920 107.486119 107.254606 114.244576 101.242782 108.235568 -795.361665 -795.716914 -784.256787 95.866997 116.384975 106.736379 92.714434 -218.947322 93.831197 -194.838925 -301.684877 -235.323257 -196.586466 -215.131800 -120.070187 -74.644046 91.081353 -378.318756 118.096284 -76.577920 142.805356 208.431256 163.121472 -287.080674 -9999.0
-9999.0 -9999.0 -9999.0 -9999.0 -9999.0 -9999.0 -9999.0 -9999.0 -9999.0 -9999.0 103.344266 111.375255 108.847083 2437.629162 -100.935233 -218.603620 -71.538891 92.084948 98.876445 -312.486557 116.734981 92.973514 92.997521 98.716745 -205.515097 -129.970384 91.145977 -92.264019 102.906415 95.748568 101.874442 4620.978925 100.763315 106.586187 118.664864 136.239244 -146.990317 100.126355 -541.202750 112.448119 92.160907 96.599829 4548.218504 95.812110 99.214582 98.347078 100.848747 -35.968274 -186.733679 88.327077 -89.261079 -161.644059 -573.233057 -255.617214 116.408528 118.912556 137.854084 11440.763822 193.201123 -210.452355
-9999.0 -9999.0 -9999.0 -9999.0 -9999.0 -9999.0 -9999.0 -9999.0 -9999.0 -9999.0 109.678282 107.633059 100.717100 115.748160 94.215771 -189.629176 -162.277937 -209.086609 100.156794 -525.822561 -598.726504 -255.523270 -204.488735 -248.928827 -146.055153 91.146524 -80.827035 101.788813 100.382049 89.754575 104.783622 131.300204 -68907.015015 101.061812 101.577967 131.335127 3808.104848 112.565155 100.828931 102.127729 108.251895 -117.033318 142.229212 100.923246 102.445081 -65.296884 100.688488 95.898418 112.499225 88.717522 107.430088 105.475798 110.962279 -437.110179 -331.274373 -392.857890 94.909204 89.767283 371.937224 254.282932
-9999.0 -9999.0 -9999.0 -9999.0 -9999.0 -9999.0 -9999.0 -9999.0 100.057958 -61.452966 -11.080649 109.896568 328.899376 131.617916 112.285815 -45.307335 -332.646354 -332.766133 -341.747108 -738.963592 -646.900134 -263.487476 -231.135356 -276.084838 -210.338857 -203.406184 108.226205 98.761011 111.198716 108.281773 -480.067854 110.652271 108.423024 100.909074 120.763069 89.468087 99.566504 111.688714 94.174655 -881.583193 -1100.688799 127.219516 -14164.300796 -677.381816 -1153.961351 2161.496589 95.239898 98.153340 94.220126 90.045933 111.739880 -80.469253 111.677439 108.011412 -743.889977 26.011333 -325.425386 90.229789 80.344747 260.532286
-9999.0 -9999.0 -9999.0 -9999.0 -9999.0 -9999.0 -9999.0 -9999.0 1357.341171 111.042768 96.010223 99.682100 96.784463 1904.923372 92.748621 93.050418 97.062780 -152.848039 -234.816335 -681.188352 101.150583 -166.541472 -223.222761 -304.346262 -293.729568 -176.247828 106.288847 105.129095 -31470.762033 102.369247 102.089822 -1737.858700 125.915055 -1619.338073 119.679736 102.961154 129.087148 135.675375 98.421816 102.274858 109.910928 -25.445254 -1085.503765 104.107782 2592.805775 110.270536 -23146.468321 99.710438 92.218601 102.405535 82.564150 104.956462 106.953000 98.533985 20.603306 -150150.470106 82.371355 85.021315 84.509369 108.107555
-9999.0 -9999.0 -9999.0 -9999.0 -9999.0 -9999.0 -9999.0 -9999.0 100.680469 3301.720335 95.386164 95.176908 246.167166 -22895.671142 -144.945180 -94.050285 -238.508329 -263.827874 -471.615622 -347.455352 -673.070232 -459.568946 -242.639122 -664.104789 -271.767428 96.723615 95.149630 94.142955 -44703.886431 100.944098 -3154.141489 113.082707 107.155561 -178.564949 114.644696 161.187843 126.152563 90.758015 106.097055 106.796015 111.093536 -1717.796440 108.086786 2601.576302 108.106761 107.367399 -1376.496109 97.825293 92.374026 90.139200 -12.824790 97.623908 95.440190 86.834637 89.317809 106.964463 97.671318 95.757840 106.339397 223.430770
-9999.0 -9999.0 -9999.0 -9999.0 -9999.0 -9999.0 -9999.0 -9999.0 -1142.490908 103.176730 128.319541 -45930.303156 119.223086 102.781024 -100.304515 83.201202 89.135968 -353.024940 -187.045763 -592.875909 -647.680711 -601.576053 -453.080272 -701.483495 -452.004075 91.101038 93.863546 95.012102 -143.466013 97.458496 95.494653 110.395249 -176.997260 118.233743 -156.399224 -219.658192 -156.448283 -149.267868 98.805884 98.764187 93.473680 99.798082 103.172640 -1377.942289 -131.361614 -1332.494481 22.387285 -1277.428209 -201.376262 -162.694117 -72.178805 -71.917913 89.969330 -117.349459 97.279317 108.906300 115.224198 348.397797 102.808217 101.691200
-9999.0 -9999.0 -9999.0 -9999.0 -9999.0 -9999.0 -9999.0 -9999.0 87.464795 101.025871 4764.522491 92.000065 111.020550 102.706886 98.774734 105.503363 87.875298 84.081521 -114.199908 -133.107102 -538.290019 -393.780700 -602.383270 -627.799259 -207.247995 -205.219925 -176.427131 -93.552547 89.279270 113.311980 95.253365 108.841022 121.815892 115.824955 91.813061 89.906754 87.264739 -96.714172 108.185546 99.090586 85.015609 -179.935707 98.672774 -181.770342 -34.419420 93.157808 87.984677 97.653823 -171.787534 -104.925750 -22.266504 -216.627291 -242.536791 -176.815517 445.978475 418.714258 103.259757 103.198466 136.188923 104.744087
-9999.0 -9999.0 18.369336 103.034311 1148.922243 -114.259282 182.838542 110.661491 101.049463 106.859346 105.522281 180.771200 129.128508 122.347331 95.168081 83.424165 89.117054 91.044644 92.314819 88.448921 -200.471312 111.453260 103.117577 -748.732237 -573.130270 -248.151909 -217.021258 -140.459784 101.406622 111.723313 -124.779733 98.287066 261.328445 100.245645 98.569109 -12.862725 89.476182 -168.875999 104.771019 92.273769 88.111059 90.183386 109.942278 95.170168 87.487916 85.405337 91.881716 95.328116 84.000668 90.990324 100.639663 -340.262263 101.354936 102.195388 104.077941 102.886836 153.942773 114.836181 101.664860 97.305645
-9999.0 96.379800 103.192203 100.112465 -189.268258 157.322220 185.550841 107.019561 106.873615 106.452405 102.740771 99.787748 134.753735 163.322776 92.805173 94.567611 98.823737 96.833623 -186.655989 88.409883 -107.150996 122.793929 424.108575 102.798265 -684.479844 -673.248203 -520.386717 -311.051035 117.720857 102.852906 -226.735545 -78.416884 151.745948 154.570586 101.393943 93.302620 98.947062 -221.667875 102.133061 47.793320 -112.450871 102.875777 109.378130 88.779605 -225.695838 -197.248994 92.847254 87.142665 106.761614 220.312967 101.056604 101.139258 149.790148 157.793627 153.176344 109.627891 106.236773 98.733238 102.528528 98.459102
