user2019/resources/simulation/Vinschgau/output-maps/psiL0006N1191.asc
ncols         63
nrows         48
xllcorner     598000.000000
yllcorner     5145000.000000
cellsize      1000.000000
NODATA_value  -9999.0
[rows 0 to 25 of 48, columns 0 to 57 of 63]
-9999.0 -9999.0 -9999.0 -9999.0 -9999.0 -9999.0 -9999.0 -9999.0 -9999.0 -9999.0 -9999.0 -9999.0 -9999.0 -9999.0 -9999.0 -9999.0 -9999.0 -9999.0 -9999.0 -9999.0 -9999.0 -9999.0 -9999.0 -9999.0 -9999.0 -9999.0 -9999.0 -9999.0 -9999.0 -9999.0 -9999.0 -9999.0 -9999.0 -9999.0 -9999.0 -9999.0 -9999.0 -9999.0 -9999.0 -9999.0 -9999.0 -9999.0 -9999.0 -9999.0 -9999.0 -9999.0 -9999.0 -9999.0 -9999.0 -9999.0 -9999.0 -9999.0 -9999.0 -9999.0 -9999.0 -9999.0 -9999.0 -9999.0
-9999.0 -9999.0 -9999.0 -9999.0 -9999.0 -9999.0 -9999.0 -9999.0 -9999.0 -9999.0 -9999.0 -9999.0 -9999.0 -9999.0 -9999.0 -9999.0 -9999.0 -9999.0 -9999.0 -9999.0 -9999.0 -9999.0 -9999.0 -9999.0 -9999.0 -9999.0 -9999.0 -780.404769 -30.457256 -764.551590 -24.945797 -43.213067 -12.834103 -9999.0 -9999.0 -9999.0 -9999.0 -9999.0 -9999.0 -9999.0 -9999.0 -9999.0 -9999.0 -9999.0 -9999.0 -9999.0 -9999.0 -9999.0 -9999.0 -9999.0 -9999.0 -9999.0 -9999.0 -9999.0 -9999.0 -9999.0 -9999.0 -9999.0
-9999.0 -9999.0 -9999.0 -9999.0 -9999.0 -9999.0 -9999.0 -9999.0 -9999.0 -9999.0 -9999.0 -9999.0 -9999.0 -9999.0 -9999.0 -9999.0 -9999.0 -9999.0 -9999.0 -9999.0 -9999.0 -9999.0 -9999.0 -9999.0 -130.928336 -151.984004 -141.556427 -157.123756 -21.214677 -10.996083 -28.685214 -9999.0 -9999.0 -9999.0 -9999.0 -9999.0 -9999.0 -9999.0 -9999.0 -9999.0 -9999.0 -9999.0 -9999.0 -9999.0 -9999.0 -9999.0 -9999.0 -9999.0 -9999.0 -9999.0 -9999.0 -9999.0 -9999.0 -9999.0 -9999.0 -9999.0 -9999.0 -9999.0
-9999.0 -9999.0 -9999.0 -9999.0 -9999.0 -9999.0 -9999.0 -9999.0 -9999.0 -9999.0 -9999.0 -9999.0 -9999.0 -9999.0 -9999.0 -9999.0 -9999.0 -9999.0 -9999.0 -9999.0 -9999.0 -9999.0 -9999.0 -180.999625 -201.891112 -1056.813777 -1303.395097 -55697.894057 -21381.868321 -38.299787 -32.042918 -26.514149 -9999.0 -9999.0 -9999.0 -9999.0 -9999.0 -9999.0 -9999.0 -9999.0 -9999.0 -9999.0 -9999.0 -9999.0 -9999.0 -9999.0 -9999.0 -9999.0 -9999.0 -9999.0 -9999.0 -9999.0 -9999.0 -9999.0 -9999.0 -9999.0 -9999.0 -9999.0
-9999.0 -9999.0 -9999.0 -9999.0 -9999.0 -9999.0 -9999.0 -9999.0 -9999.0 -9999.0 -9999.0 -9999.0 -9999.0 -9999.0 -9999.0 -9999.0 -9999.0 -9999.0 -499.608834 -276.965891 -9999.0 -208.183021 -236.381887 -38888.969357 -1125.190030 -49247.781601 -505.419302 -537.366118 -455.920346 -505.326006 -20.025828 -27.389483 -790.578645 -773.723738 -9999.0 -9999.0 -9999.0 -9999.0 -9999.0 -9999.0 -9999.0 -9999.0 -9999.0 -9999.0 -9999.0 -9999.0 -9999.0 -9999.0 -9999.0 -9999.0 -9999.0 -9999.0 -9999.0 -9999.0 -9999.0 -9999.0 -9999.0 -9999.0
-9999.0 -9999.0 -9999.0 -9999.0 -9999.0 -9999.0 -9999.0 -9999.0 -9999.0 -9999.0 -9999.0 -9999.0 -9999.0 -9999.0 -9999.0 -9999.0 -9999.0 -1347.216346 -1803.046146 -206846.035980 -780.904050 431.528368 -536.746332 -5650.442107 -576.323902 -503.510121 -312.282795 -52.624584 -333.509948 -381.752678 -191.435819 -21.659418 -793.234053 -803.986244 -797.811917 -794.951952 -9999.0 -9999.0 -9999.0 -9999.0 -9999.0 -9999.0 -9999.0 -9999.0 -9999.0 -9999.0 -9999.0 -9999.0 -9999.0 -9999.0 -9999.0 -9999.0 -9999.0 -9999.0 -9999.0 -9999.0 -9999.0 -9999.0
-9999.0 -9999.0 -9999.0 -9999.0 -9999.0 -9999.0 -9999.0 -9999.0 -9999.0 -9999.0 -9999.0 -9999.0 -9999.0 -72.415544 -820.531224 -1089.513778 -1475.587807 -804.886974 -1315.867229 -46038.264181 -1200.594088 -969.837582 -29033.354871 -676.514378 -438.525962 -241.846322 -155147.021206 -259.254315 -343.999725 -288.529654 9315.694376 3.279312 165.258723 -24.913434 -701.053901 -788.492730 -9999.0 -9999.0 -9999.0 -9999.0 -9999.0 -9999.0 -9999.0 -9999.0 -9999.0 -9999.0 -9999.0 -9999.0 -9999.0 -9999.0 -9999.0 -9999.0 -9999.0 -9999.0 -9999.0 -9999.0 -9999.0 -9999.0
-9999.0 -9999.0 -9999.0 -9999.0 -9999.0 -9999.0 -9999.0 -9999.0 -9999.0 -9999.0 -9999.0 -9999.0 -9999.0 -443.895525 -1305.497424 -1222.588209 -1389.364801 -699.287667 -806.231385 -1447.001924 -19680.592118 -14349.572501 -969.480738 -621.330498 -548.444113 -526.900026 -40.035330 -746.823260 -762.545941 -218.735850 -147.405992 -27.231118 -777.134249 -797.844788 -776.875952 -9999.0 -9999.0 -9999.0 -9999.0 -9999.0 -9999.0 -9999.0 -9999.0 -9999.0 -9999.0 -9999.0 -9999.0 -9999.0 -9999.0 -9999.0 -9999.0 -9999.0 -9999.0 -9999.0 -9999.0 -9999.0 -9999.0 -9999.0
-9999.0 -9999.0 -9999.0 -9999.0 -9999.0 -9999.0 -9999.0 -9999.0 -9999.0 -9999.0 -9999.0 -9999.0 -9999.0 -1376.931127 640.492901 -1178.864028 -1239.193887 -1324.241812 -807.048074 -1391.658467 -791.589110 -152744.358636 -453.734889 -294.765061 -781.321804 -541.184642 -793.117753 -787.845046 -28.324517 -796.189821 -26.003522 -796.303077 -797.949975 -795.132336 -776.596336 -9999.0 -9999.0 -9999.0 -9999.0 -9999.0 -9999.0 -9999.0 -9999.0 -9999.0 -9999.0 -9999.0 -9999.0 -9999.0 -9999.0 -9999.0 -9999.0 -9999.0 -9999.0 -9999.0 -9999.0 -9999.0 -9999.0 -9999.0
-9999.0 -9999.0 -9999.0 -9999.0 -9999.0 -9999.0 -9999.0 -9999.0 -9999.0 -9999.0 -9999.0 -9999.0 -34285.050322 6525.532108 -1354.020604 -1045.353858 -883.387392 -1117.629151 -764.608728 -152828.631788 -1106.987296 -297.889434 -13147.698109 -211.049429 3468.583252 -37.543040 61.825015 -30.584502 -25.386290 -755.705571 -30.506009 -786.558442 -23.727001 -777.180193 -9999.0 -9999.0 -9999.0 -9999.0 -9999.0 -9999.0 -9999.0 -9999.0 -9999.0 -9999.0 -9999.0 -9999.0 -9999.0 -9999.0 -9999.0 -9999.0 -9999.0 -9999.0 -9999.0 -9999.0 -9999.0 -9999.0 -9999.0 -9999.0
-9999.0 -9999.0 -9999.0 -9999.0 -9999.0 -9999.0 -9999.0 -9999.0 -9999.0 -9999.0 -9999.0 -356.316802 -1160.786838 317.109987 -1333.426836 -536.899514 -152686.432409 -1146.430419 -614.144676 -152781.327178 -10536.881145 -621.409913 -48.643205 -41.134111 -272.348457 10.049298 -24.785248 -23.186613 3698.163461 -739.906222 -782.056899 169.229245 -770.390827 -783.338437 -788.539475 -787.951001 -157.207657 -247.793372 -581.000380 -9999.0 -9999.0 -9999.0 -798.905645 -9999.0 -9999.0 -9999.0 -9999.0 -9999.0 -9999.0 -9999.0 -9999.0 -9999.0 -9999.0 -9999.0 -9999.0 -9999.0 -9999.0 -9999.0
-9999.0 -9999.0 -9999.0 -9999.0 -9999.0 -9999.0 -9999.0 -9999.0 -9999.0 -9999.0 -9999.0 -340.861623 -1229.342883 -62594.240144 -1461.910796 -87.713165 -1987.347827 -2241.941440 -692.091361 -775.798674 -683.297381 -69.751423 -122.023859 -140.058443 -125.502696 -20.195895 -30.962711 178.149886 -637.495109 -764.640121 -24.327693 -17.725042 -30.461065 -23.613681 -37.236101 -39.385799 -65.626464 -240.845403 -243.175105 -799.726160 -794.365893 -780.961294 -25.497604 -785.693147 -9999.0 -9999.0 -9999.0 854.823853 -23.625359 -781.228788 -24.335570 -796.042697 -795.155527 858.121459 851.155349 -788.201221 -9999.0 -9999.0
-9999.0 -9999.0 -9999.0 -9999.0 -9999.0 -9999.0 -9999.0 -9999.0 -9999.0 -9999.0 -9999.0 -306.082238 -382.602420 -334.912048 -475.163785 -87.783285 -815.509307 -1422.031130 -1241.636540 -811.846429 -722.613682 -441.595544 -185.066432 -68.615884 -25.126192 -772.574728 -141.741481 -16.248457 -776.020039 -26.022412 -778.697082 -134.372517 162.286012 -26.943285 -779.725396 -59.000660 -181.507017 -1602.695944 -261.656760 -803.072817 -211.655711 -315.555849 -30.826972 -26.077122 -28.164125 -9999.0 -780.234991 -23.616906 -24.262539 -10.824350 -20.638791 -746.193373 -23.448217 -23.313956 -21.251303 -24.381359 -9999.0 -9999.0
-9999.0 -9999.0 -9999.0 -9999.0 -9999.0 -9999.0 -9999.0 -9999.0 -9999.0 -9999.0 -9999.0 -9999.0 -300.334303 1672.221238 -460.421002 -467.997551 -788.677311 -1300.185151 -671.081835 -782.915957 -1005.439461 -520.399051 -265.740757 -135.218795 -141.496876 -161.440548 2467.026675 -36.525440 -25.039785 -783.315194 -27.170268 -130.343115 -39.989229 -25.469214 -26.925069 -69.901356 -1505.962358 -3316.970364 -423.846846 -603.986283 -659.665833 -798.820004 -264.401606 -80.893150 -792.960335 -25.445242 -789.085166 -24.209343 -206.599239 -135.530438 2508.835831 -98.536156 1573.564626 789.503406 -98.698024 -56.363504 -56.996856 -9999.0
-9999.0 -9999.0 -9999.0 -9999.0 -9999.0 -9999.0 -9999.0 -9999.0 -9999.0 -9999.0 -9999.0 966.871688 -249.049097 -56.028150 -182.981137 -329.435308 -624.114516 -1023.935018 -827.688591 -914.363219 -1108.605412 -580.486549 -109.813678 -256.512655 -179.711281 -149.811078 996.537592 -27.357678 -32.187098 -778.282434 -132.731377 -137.924658 -5.863869 -25.215304 -27.710579 -32.688085 -183.255170 -39784.939696 -842.398162 -256.839236 -66171.880740 -1621.799989 -232.579809 -170036.886768 -37.285719 -31.401653 -24.938822 -793.446949 -793.485245 -86878.203775 -148569.833082 -24.705297 -100.178431 -104221.102495 -136232.099582 -797.851021 -774.624264 -9999.0
-9999.0 -9999.0 -9999.0 -9999.0 -9999.0 -9999.0 -9999.0 -9999.0 -9999.0 -9999.0 2348.370152 -143.554960 -243.037595 -272.052563 -361.224665 1250.004836 167.784821 -654.588261 -1097.079961 -892.347179 -654.548896 -438.423966 -181.635289 -263.238897 -248.886729 3056.204278 -174.432770 -149673.686610 -39.767972 -40.470872 -145.082355 -35.589963 -20.493474 -24.311926 -767.471664 -785.127198 -70.086846 -177.019946 -1665.204607 -183.233327 -301.458286 -141970.180365 -311.996939 -361.493263 -200.584437 -779.074242 -16.578616 -249.012843 -159.022703 -261.563983 -150208.101436 -784.361849 -110845.882883 -779.732213 -797.803485 -24.791404 -24.616272 -9999.0
-9999.0 -9999.0 -9999.0 -9999.0 -9999.0 -9999.0 -9999.0 -9999.0 -9999.0 -18.835569 -161.558856 799.357356 -158.349270 -193.156854 810.938108 -157.932068 -189.339420 -438.943878 -1410.953026 -964.933975 -698.430288 -995.884973 -292.077575 -557.468999 -254.752988 -130.331825 -160.327660 -44.254845 -285.675080 -203.857027 168.971247 -798.628808 -749.142076 -789.458894 -779.797843 -783.631523 -17.120857 -152.355804 -160.605654 -173.735838 -199.324238 -267.711940 -166.808152 -913.709673 -248.045994 -377.775155 -51.215488 -280.231824 -256.659311 -109.584114 -3316.342642 -778.458449 -791.267925 -786.655263 -796.451281 -168.558743 -103.872967 -675.368978
-9999.0 -9999.0 -9999.0 -9999.0 -9999.0 -9999.0 -9999.0 -9999.0 -9999.0 -15.034695 -20.694330 -44.359347 4951.601535 -386.164819 -215.386827 -198.936637 -259.628732 -472.415095 -1620.574240 -836.434757 -779.619580 -1297.906273 -486.768286 -254.084270 -130.705926 -180.594012 -196.848519 -198.863390 -101.904790 -292.793216 -85.751312 -136.128312 -12.700735 -25.526196 -25.142315 -784.338663 -778.561820 -765.233735 -42.335578 -22.985813 1005.092778 -141.379451 -253.016966 -248.824258 -680.699932 -521.551458 -536.468918 -490.675253 -824.997711 -328.128064 -981.672588 -273.923284 -795.889851 -21.188423 -471.062569 716.189633 -152.958495 -115.179842
-9999.0 -9999.0 -9999.0 -9999.0 -9999.0 -9999.0 -9999.0 -9999.0 -9999.0 -9999.0 -28.007055 -22.804801 -107.571035 2931.047169 -448.949022 -212.428274 -365.782344 -639.864534 -1840.217746 -946.595862 -742.209661 -717.163509 -408.470225 -154.290785 -187.972012 -208.195121 178.650195 -244.775124 -100.061702 -129.553309 -107.509580 5551.665997 -154.361697 -23.977308 -25.890063 36.638414 -214.780704 -161.513863 -754.920997 -25.048054 -30.071248 -103.961981 4998.826248 -215.354736 -181.814588 -473.804410 -232.448154 -502.406317 -4551.363433 -471.346513 -1356.654399 -3482.604624 -796.705365 -786.470496 -83.811741 -22.364413 481.538224 10761.155909
-9999.0 -9999.0 -9999.0 -9999.0 -9999.0 -9999.0 -9999.0 -9999.0 -9999.0 -9999.0 -24.642949 -4.253544 -173.902844 -117.294359 -229.435422 -676.640500 -652.567938 -959.392933 -1173.894360 -1275.675752 -1257.826465 -1138.513248 -383.958978 -234.116268 -184.042499 -25.033427 -359.259096 -353.784727 -139.272764 -128.837841 -21.735690 331.782515 -159779.925592 -25.367583 -23.270193 -59.070997 3823.764008 -145.813919 -230.590382 -28.511927 -23.596246 -309.286177 -124.759227 -45.691730 -256.341612 -664.131715 -257.810507 -182.780824 -291.901161 -345.287435 -205.893530 -232.487227 -103.986245 -795.773178 -792.300007 -795.017019 -23.595752 -169.786703
-9999.0 -9999.0 -9999.0 -9999.0 -9999.0 -9999.0 -9999.0 -9999.0 180.005968 -31.256249 -45.835963 460.131370 -106.009429 -136.902965 -170.669595 -568.780235 -1438.729822 -1339.317231 -1039.038525 -1408.458738 -1454.040283 -1950.888292 -1674.684695 -1193.663736 -421.208750 -419.924954 -372.673758 -144.845541 -116.980491 -175.000934 -797.267200 -23.151061 -23.240341 -27.144869 -26.356977 -35.289497 -59.069548 -154.086002 -130.342130 -782.232370 -785.701565 -114.484781 -153040.610513 -769.624393 -786.379971 2287.668122 -114.190960 -143.880254 -185.003673 -392.889802 -226.790214 -1094.540165 -112.996864 -214.192346 -797.887458 -24.278712 -726.034674 -201.155900
-9999.0 -9999.0 -9999.0 -9999.0 -9999.0 -9999.0 -9999.0 -9999.0 -20.120208 -128.519633 -263.015250 -26.880483 -23.923526 898.931665 -220.819800 -538.177049 -1073.591483 -1188.529153 -23144.314922 -1405.220348 -720.540320 -955.249893 -1066.056605 -1412.811892 -1613.211712 -830.196115 -389.861192 -130.431757 -148671.050170 -27.500207 -26.533772 -795.198605 184.855158 -792.869770 38.963368 -146.456913 -52.977458 -140.492471 -229.682647 -27.662334 -22.941299 -140.364031 -789.427188 -36.940797 2778.225732 -125.442712 -151431.730028 -27.454437 -170.271878 -364.986403 -226.558818 -118.377361 -126.418101 -25.848638 -30.027635 -146931.907103 -241.501225 -324.403412
-9999.0 -9999.0 -9999.0 -9999.0 -9999.0 -9999.0 -9999.0 -9999.0 -23.450049 3541.651987 -82.700067 -225.651771 -28.230728 -148679.821238 -182.536298 -177.878018 -736.529792 -1189.055926 -2252.354265 -734.429003 -1415.416958 -1010.912053 -1094.415148 -1287.996905 -900.077722 -1147.758536 -392.259914 -180.103640 -149060.222559 -21.062961 -796.252083 23.861939 -117.441229 -4690.706240 -99.969412 -43.965733 -249.137098 -69.446858 -90.721996 -202.296620 -18.265009 -793.459472 -123.170404 3103.503392 -115.706770 -95.098360 -794.216311 485.145039 -135.199604 -172.241752 -505.117923 -102.992174 -157.525131 -152.755659 -241.586801 -114.952501 172.753113 -342.709534
-9999.0 -9999.0 -9999.0 -9999.0 -9999.0 -9999.0 -9999.0 -9999.0 -792.330368 -18.399973 942.207030 -198472.822897 -35.866007 802.200469 -1856.335265 -402.923835 -8362.990209 -2086.127677 -761.586628 -1402.280731 -1348.608541 -1285.563924 -979.488127 -1048.619828 -1085.419592 -735.787431 -316.002911 -156.304655 -208.822999 -259.386849 -263.216807 -236.366996 -147312.290958 -148.798876 -76156.260404 -70.335813 -91.049105 -1212.152991 -170.341073 -337.437121 -49.265746 -45.803088 -38.178482 -789.637306 -92.805936 -789.835280 -41.461644 -784.261124 -39.304696 -250.422579 -384.404066 -565.253762 -209.982692 867.976365 179.797126 40.433193 -528.169346 -733.471211
-9999.0 -9999.0 -9999.0 -9999.0 -9999.0 -9999.0 -9999.0 -9999.0 -84.631104 599.335128 5622.789831 -159.350851 -153.793695 -191.152727 -161.963447 -503.876410 -487.854138 -1080.011601 -831.766683 -1209.928270 -1262.893230 -1145.459042 -1278.384872 -1318.896198 -1146.242416 -697.348077 -241.192168 -163.151641 -366.036901 -175.620513 -161.303834 -134.303086 -130.982181 -255.276228 -365.929846 -891.508144 -16016.137058 -1777.102092 -1418.401797 -380.598622 -413.422209 -15082.333238 -299.131147 -132557.889925 -241.917217 -49.884939 -275.144775 -232.098919 -283.016854 -190.577434 -487.466416 -891.715288 -641.383020 -463.239061 -159.900882 -266.139657 -492.351690 -654.782333
-9999.0 -9999.0 -46.609476 -92.097133 665.093181 -172.769775 -121.424027 -115.570419 716.027295 1238.545272 -123.509052 975.686847 -191.537799 220.487551 -302.378907 162.280278 -167.703708 -189.791233 -182.125090 -560.326781 -1216.423218 -1135.849424 -831.132796 -1476.576988 -1181.282766 -1127.536039 -728.145348 -579.717112 -836.027408 -312.150955 -447.312079 -696.857514 -553.418154 -1079.102648 -1033.177366 -1405.492188 -1374.572385 -2403.906278 -18555.529254 -884.557380 -30806.262106 -20798.988283 -588.704145 -569.755134 -198.935257 -451.915430 -307.465791 -513.202933 -1094.355972 -802.518542 -1152.877430 -773.064501 -540.535082 -462.770645 -380.171968 -427.258754 -498.602830 -627.750967
