user2019/resources/simulation/Vinschgau/output-maps/psiL0008N0759.asc
ncols         63
nrows         48
xllcorner     598000.000000
yllcorner     5145000.000000
cellsize      1000.000000
NODATA_value  -9999.0
[rows 0 to 25 of 48, columns 0 to 57 of 63]
-9999.0 -9999.0 -9999.0 -9999.0 -9999.0 -9999.0 -9999.0 -9999.0 -9999.0 -9999.0 -9999.0 -9999.0 -9999.0 -9999.0 -9999.0 -9999.0 -9999.0 -9999.0 -9999.0 -9999.0 -9999.0 -9999.0 -9999.0 -9999.0 -9999.0 -9999.0 -9999.0 -9999.0 -9999.0 -9999.0 -9999.0 -9999.0 -9999.0 -9999.0 -9999.0 -9999.0 -9999.0 -9999.0 -9999.0 -9999.0 -9999.0 -9999.0 -9999.0 -9999.0 -9999.0 -9999.0 -9999.0 -9999.0 -9999.0 -9999.0 -9999.0 -9999.0 -9999.0 -9999.0 -9999.0 -9999.0 -9999.0 -9999.0
-9999.0 -9999.0 -9999.0 -9999.0 -9999.0 -9999.0 -9999.0 -9999.0 -9999.0 -9999.0 -9999.0 -9999.0 -9999.0 -9999.0 -9999.0 -9999.0 -9999.0 -9999.0 -9999.0 -9999.0 -9999.0 -9999.0 -9999.0 -9999.0 -9999.0 -9999.0 -9999.0 -255.324202 -251.789425 -255.569324 -253.485320 -256.256868 -247.992399 -9999.0 -9999.0 -9999.0 -9999.0 -9999.0 -9999.0 -9999.0 -9999.0 -9999.0 -9999.0 -9999.0 -9999.0 -9999.0 -9999.0 -9999.0 -9999.0 -9999.0 -9999.0 -9999.0 -9999.0 -9999.0 -9999.0 -9999.0 -9999.0 -9999.0
-9999.0 -9999.0 -9999.0 -9999.0 -9999.0 -9999.0 -9999.0 -9999.0 -9999.0 -9999.0 -9999.0 -9999.0 -9999.0 -9999.0 -9999.0 -9999.0 -9999.0 -9999.0 -9999.0 -9999.0 -9999.0 -9999.0 -9999.0 -9999.0 -228.526089 -233.103603 -223.721085 -220.711180 -187.973149 -248.454366 -252.822226 -9999.0 -9999.0 -9999.0 -9999.0 -9999.0 -9999.0 -9999.0 -9999.0 -9999.0 -9999.0 -9999.0 -9999.0 -9999.0 -9999.0 -9999.0 -9999.0 -9999.0 -9999.0 -9999.0 -9999.0 -9999.0 -9999.0 -9999.0 -9999.0 -9999.0 -9999.0 -9999.0
-9999.0 -9999.0 -9999.0 -9999.0 -9999.0 -9999.0 -9999.0 -9999.0 -9999.0 -9999.0 -9999.0 -9999.0 -9999.0 -9999.0 -9999.0 -9999.0 -9999.0 -9999.0 -9999.0 -9999.0 -9999.0 -9999.0 -9999.0 -234.465075 -210.233181 -213.212938 -256.039807 -289.433461 -285.784198 -252.311573 -252.003205 -252.180755 -9999.0 -9999.0 -9999.0 -9999.0 -9999.0 -9999.0 -9999.0 -9999.0 -9999.0 -9999.0 -9999.0 -9999.0 -9999.0 -9999.0 -9999.0 -9999.0 -9999.0 -9999.0 -9999.0 -9999.0 -9999.0 -9999.0 -9999.0 -9999.0 -9999.0 -9999.0
-9999.0 -9999.0 -9999.0 -9999.0 -9999.0 -9999.0 -9999.0 -9999.0 -9999.0 -9999.0 -9999.0 -9999.0 -9999.0 -9999.0 -9999.0 -9999.0 -9999.0 -9999.0 -80.889050 -237.052716 -9999.0 -226.554119 -211.538251 -287.119455 -254.567474 -292.400179 -149.642476 -124.969203 -126.015833 -253.631950 -251.700039 -251.528871 -255.819581 -256.003004 -9999.0 -9999.0 -9999.0 -9999.0 -9999.0 -9999.0 -9999.0 -9999.0 -9999.0 -9999.0 -9999.0 -9999.0 -9999.0 -9999.0 -9999.0 -9999.0 -9999.0 -9999.0 -9999.0 -9999.0 -9999.0 -9999.0 -9999.0 -9999.0
-9999.0 -9999.0 -9999.0 -9999.0 -9999.0 -9999.0 -9999.0 -9999.0 -9999.0 -9999.0 -9999.0 -9999.0 -9999.0 -9999.0 -9999.0 -9999.0 -9999.0 -538.519080 -124155.421804 -290.262568 -252.852560 -153.228365 -253.059740 -285.017036 -142.519217 -86565.855242 -69454.764075 -252.492342 -61315.583902 -129.156939 -182.168917 -249.853735 -255.445789 -255.850196 -257.013239 -256.985417 -9999.0 -9999.0 -9999.0 -9999.0 -9999.0 -9999.0 -9999.0 -9999.0 -9999.0 -9999.0 -9999.0 -9999.0 -9999.0 -9999.0 -9999.0 -9999.0 -9999.0 -9999.0 -9999.0 -9999.0 -9999.0 -9999.0
-9999.0 -9999.0 -9999.0 -9999.0 -9999.0 -9999.0 -9999.0 -9999.0 -9999.0 -9999.0 -9999.0 -9999.0 -9999.0 -251.808017 -252.584701 -942.770833 -1260.763869 -252.724097 -533.088722 -287.303245 -253.282381 -254.909227 -289.735790 -248.346874 -63958.709204 -230.654883 -279.026265 -274.142490 -275.096468 -252.716060 9092.404320 -204.840765 -251.439539 -254.338635 -256.846353 -256.958605 -9999.0 -9999.0 -9999.0 -9999.0 -9999.0 -9999.0 -9999.0 -9999.0 -9999.0 -9999.0 -9999.0 -9999.0 -9999.0 -9999.0 -9999.0 -9999.0 -9999.0 -9999.0 -9999.0 -9999.0 -9999.0 -9999.0
-9999.0 -9999.0 -9999.0 -9999.0 -9999.0 -9999.0 -9999.0 -9999.0 -9999.0 -9999.0 -9999.0 -9999.0 -9999.0 -206.620227 -252.513281 -1022.464388 -1167.226117 -76.322843 -252.794818 -256.584319 -130980.953964 -252.617339 -64476.975338 -57320.768585 -252.796932 -279.190400 -252.354687 -256.720452 -256.830286 -270.759243 -252.232001 -254.689433 -256.774890 -256.684405 -256.812054 -9999.0 -9999.0 -9999.0 -9999.0 -9999.0 -9999.0 -9999.0 -9999.0 -9999.0 -9999.0 -9999.0 -9999.0 -9999.0 -9999.0 -9999.0 -9999.0 -9999.0 -9999.0 -9999.0 -9999.0 -9999.0 -9999.0 -9999.0
-9999.0 -9999.0 -9999.0 -9999.0 -9999.0 -9999.0 -9999.0 -9999.0 -9999.0 -9999.0 -9999.0 -9999.0 -9999.0 -252.896477 -99.632372 -203.230103 -1044.799575 -1071.846282 -252.828749 -756.509244 -187.840445 -282.544610 -61728.801620 -66822.845610 -252.702255 -252.408628 -255.208203 -256.823722 -251.731708 -256.827085 -255.496946 -256.344520 -256.520515 -256.339445 -256.732630 -9999.0 -9999.0 -9999.0 -9999.0 -9999.0 -9999.0 -9999.0 -9999.0 -9999.0 -9999.0 -9999.0 -9999.0 -9999.0 -9999.0 -9999.0 -9999.0 -9999.0 -9999.0 -9999.0 -9999.0 -9999.0 -9999.0 -9999.0
-9999.0 -9999.0 -9999.0 -9999.0 -9999.0 -9999.0 -9999.0 -9999.0 -9999.0 -9999.0 -9999.0 -9999.0 -281.954824 7162.182289 -252.520762 -252.554442 -690.599477 -961.883902 -90.253630 -292.326786 -253.357058 -252.761782 -277.650967 -252.525221 3172.961853 -253.424757 -192.987332 -252.009211 -249.612956 -256.770531 -256.151160 -256.025855 -253.235020 -256.917860 -9999.0 -9999.0 -9999.0 -9999.0 -9999.0 -9999.0 -9999.0 -9999.0 -9999.0 -9999.0 -9999.0 -9999.0 -9999.0 -9999.0 -9999.0 -9999.0 -9999.0 -9999.0 -9999.0 -9999.0 -9999.0 -9999.0 -9999.0 -9999.0
-9999.0 -9999.0 -9999.0 -9999.0 -9999.0 -9999.0 -9999.0 -9999.0 -9999.0 -9999.0 -9999.0 -218.132548 -252.306716 -76.404827 -252.595887 -218.427724 -278.940467 -900.978222 734.904399 -290.829502 -152468.361258 -103.531272 -250.744361 -252.924292 -275.284457 -251.303579 -255.974693 -251.007443 3052.290852 -256.795733 -256.093384 -250.102344 -256.217041 -257.003840 -256.251786 -255.853535 -252.926244 -252.763719 -252.727147 -9999.0 -9999.0 -9999.0 -257.070134 -9999.0 -9999.0 -9999.0 -9999.0 -9999.0 -9999.0 -9999.0 -9999.0 -9999.0 -9999.0 -9999.0 -9999.0 -9999.0 -9999.0 -9999.0
-9999.0 -9999.0 -9999.0 -9999.0 -9999.0 -9999.0 -9999.0 -9999.0 -9999.0 -9999.0 -9999.0 -228.528120 -252.407016 -279.067720 -252.498936 -252.951362 -252.634853 -130208.026842 359.683086 745.440912 -175.919164 -250.386768 -199.031381 -251.537231 -250.254057 -252.641123 -251.522341 -249.932724 -255.557680 -256.866021 -250.933768 -246.406243 -252.253599 -254.258499 -254.197663 -254.162715 -252.645617 -252.670451 -252.592980 -255.924695 -256.000098 -256.229697 -252.726892 -256.703635 -9999.0 -9999.0 -9999.0 148.673374 -254.028544 -255.986310 -253.099668 -256.217276 -256.149316 148.759547 150.555338 -256.911553 -9999.0 -9999.0
-9999.0 -9999.0 -9999.0 -9999.0 -9999.0 -9999.0 -9999.0 -9999.0 -9999.0 -9999.0 -9999.0 -201.934213 -234.472608 -265.993795 -94.539642 -251.592517 -251.745932 -58343.491851 -181.220676 374.596072 552.220010 -275.176914 -251.926353 -196.855169 -252.898563 -255.120677 -251.659684 -131.409311 -256.698613 -253.949067 -256.858598 -267.188831 -251.360838 -252.668639 -256.460147 -252.689943 -260.324402 -287.596200 -252.670266 -255.261649 -252.586628 -254.803735 -252.677111 -252.115378 -252.401143 -9999.0 -256.769869 -253.725269 -251.019266 -249.844805 -252.503064 -255.367071 -253.513455 -247.879518 -253.499915 -252.268849 -9999.0 -9999.0
-9999.0 -9999.0 -9999.0 -9999.0 -9999.0 -9999.0 -9999.0 -9999.0 -9999.0 -9999.0 -9999.0 -9999.0 -215.175284 -116.131507 -224.642530 -218.389742 -51227.103722 -72082.394720 -53.177049 511.636814 -67399.316370 -277.299462 -276.654734 -251.248642 -251.472036 -251.842234 539.183724 -254.309127 -252.817337 -255.869886 -251.205749 -251.137444 -252.653806 -252.249529 -255.032226 -253.611781 -261.150529 -271.759426 -252.644546 -252.742800 -252.573349 -252.775625 -278.845684 -218.584678 -255.764841 -251.915743 -256.146141 -252.922771 -268.344117 -251.224185 -92.393904 -244.723697 1030.481330 -103.742118 -249.054720 -230.882426 -224.540829 -9999.0
-9999.0 -9999.0 -9999.0 -9999.0 -9999.0 -9999.0 -9999.0 -9999.0 -9999.0 -9999.0 -9999.0 -120.216202 -234.985765 -252.683357 -251.182670 -251.493801 -251.271661 -45377.738733 -159.330853 294.613745 -68765.109750 -69257.460441 -250.756873 -269.273139 -251.956182 -250.397444 -106.917471 -253.176581 -252.269804 -255.519781 -251.782649 -249.862980 -248.980099 -251.865734 -255.587752 -254.299644 -253.028583 -282.445522 -588.416530 -252.696676 -284.001890 -264.087953 -252.679367 -285.618753 -250.936160 -252.116736 -250.084315 -255.582193 -255.210432 -279.728774 -271.480086 -252.443377 -250.383509 -264.453597 -263.018195 -256.248640 -255.874719 -9999.0
-9999.0 -9999.0 -9999.0 -9999.0 -9999.0 -9999.0 -9999.0 -9999.0 -9999.0 -9999.0 2747.291317 -251.169404 -203.300997 -224.392557 -202.499526 -89.782127 -95.225625 -49308.817604 -935.503404 339.332440 749.926476 709.583221 -152866.593780 -207.654387 -251.917848 2649.877693 -263.029683 -274.569420 -252.642891 -250.646832 -250.197144 -214.365437 -251.139218 -254.077135 -256.851488 -255.994218 -252.844192 -258.682076 -152613.664667 -258.561231 -286.581036 -280.343494 -253.580410 478.269562 -252.339749 -254.793084 -250.855917 -276.610653 -251.317570 -251.647650 -275.051753 -256.536854 -262.323183 -256.259730 -256.411891 -250.894809 -250.867157 -9999.0
-9999.0 -9999.0 -9999.0 -9999.0 -9999.0 -9999.0 -9999.0 -9999.0 -9999.0 -251.910752 -92.706684 -107.738595 -250.925575 -251.951522 -109.632184 -250.803346 -251.682440 -189.971079 -103854.512658 14.412358 730.745175 -109228.053706 -152883.980838 -252.568939 -118.892507 -131471.910682 -252.375710 -250.408243 -276.925237 -251.863683 -251.431682 -130336.173389 -256.708141 -256.813536 -256.824907 -256.813207 -251.503433 -252.775229 -254.290330 -252.526641 -51009.650259 -34124.282799 -144139.346778 -71508.467898 -152842.666788 -280.058143 -249.803132 -279.568779 -276.572059 -92.598549 -277.605734 -255.903968 -256.108666 -256.494341 -256.310758 -264.463441 -247.453180 -255.700591
-9999.0 -9999.0 -9999.0 -9999.0 -9999.0 -9999.0 -9999.0 -9999.0 -9999.0 -254.421849 -251.847221 -251.621338 5362.630922 -252.182311 -252.258460 -252.123849 -187.002207 -252.171259 -110749.889033 291.986775 390.095274 -250.688555 -104.075565 -202.085155 -144192.166328 -252.433899 -252.137221 -252.079133 -252.156768 -92.243765 -252.596513 -138238.868725 -252.342025 -252.055356 -250.831482 -255.545038 -255.322758 -254.871462 -253.625310 -251.110514 -126.370062 -262.407347 -253.006309 -252.538997 454.236086 -178.046844 -252.728213 -284.215405 -282.057960 -251.947583 -142725.615834 -264.831285 -256.761811 -255.463787 -256.429054 -122.752055 -264.972143 -249.782000
-9999.0 -9999.0 -9999.0 -9999.0 -9999.0 -9999.0 -9999.0 -9999.0 -9999.0 -9999.0 -251.800148 -250.816795 -250.241569 2793.598376 -279.790237 -252.293587 -252.008355 -252.286749 -106440.377042 265.976405 727.468140 -152885.588316 -42896.740681 -152698.208253 -252.390608 -252.233516 -252.236729 -251.970440 -252.585495 -10507.440723 -31306.025406 4984.771164 -261.454827 -254.243112 -249.959231 -247.541848 -240.472288 -218.669020 -255.206606 -253.563380 -253.634693 -212.288896 5703.245724 -266.525486 -151751.264541 -32031.014385 -152855.369047 -93.485219 -288.781218 -280.048087 -152890.762221 -277.193713 -256.123600 -256.808080 -242.464287 -254.779894 -214.941646 11284.070349
-9999.0 -9999.0 -9999.0 -9999.0 -9999.0 -9999.0 -9999.0 -9999.0 -9999.0 -9999.0 -252.534428 -251.321670 -221.852917 -250.641621 685.128323 -99432.950183 -84071.236809 -879.641455 -936.488927 -397.188554 -1117.884280 -113823.200964 -90536.473003 -253.081213 -252.450489 -252.350910 -89.184202 -36057.389993 -24721.695605 -258.994801 -252.950679 -196.919149 -274.603634 -253.946975 -252.999332 -217.104415 3439.033974 -251.267833 -269.221417 -253.093434 -251.253916 -254.073630 -250.447119 -252.775892 -95.256909 -150688.106535 -250.505452 -152782.478211 -152879.944283 -284.544352 -287.410054 -271.377396 -251.395387 -256.005834 -257.021790 -256.041760 -253.823079 -265.078104
-9999.0 -9999.0 -9999.0 -9999.0 -9999.0 -9999.0 -9999.0 -9999.0 -200.149383 -251.143734 -253.184536 -213.088222 -243.850593 -250.291068 -35702.961129 697.162065 -115260.742164 -250.166655 162.798093 -504.104443 -1230.190895 -129758.478812 -123012.010813 -114482.484619 -252.955880 -629.814833 -63.951710 -21277.340119 -249.692053 -262.817057 -256.694647 -253.073178 -252.204896 -252.506071 -251.104004 -253.527261 -251.114489 -251.035414 -43141.142462 -255.525898 -256.333027 -212.729033 -270.141202 -256.520450 -252.850655 -33.909933 -31953.078814 -250.386356 -152805.342511 654.243008 -253.019735 -152842.266152 -250.439495 -263.860568 -255.977579 -253.129205 -255.499077 -178.321650
-9999.0 -9999.0 -9999.0 -9999.0 -9999.0 -9999.0 -9999.0 -9999.0 -260.535814 -250.731780 -267.949084 -252.754388 -251.943143 -104.443348 -33486.007799 -42528.911163 -70685.840603 -87759.683441 -150622.888667 -517.497189 387.141380 264.366515 -138.330097 -251.131926 -124840.869661 -764.356923 -560.075752 -249.273234 -272.390111 -251.377216 -251.583244 -255.388473 -250.387264 -255.400470 -199.211838 -200.929853 -247.631480 -250.239336 -267.580077 -250.888467 -252.442939 -256.170589 -256.509626 -250.704317 3088.161760 -250.090162 -270.181617 -252.351177 -266.038323 -42703.054920 -253.099716 -249.893993 -41248.841504 -250.030968 -252.522405 -284.240740 -276.318123 -277.083424
-9999.0 -9999.0 -9999.0 -9999.0 -9999.0 -9999.0 -9999.0 -9999.0 -252.012505 -35.030272 -252.550925 -265.583173 -170.283522 -270.779233 -251.504410 -152872.998734 -112092.144171 -253.614681 -137389.679197 281.158727 -521.181057 140.679391 -179.262734 -225.195618 -135.078997 -69233.332837 -44576.107852 -29516.312637 -275.619501 -250.943846 -255.138834 -186.527524 -251.226394 -274.310875 -194.000323 -244.516758 -266.472294 -141312.053246 -140891.883191 -265.815274 -251.310839 -255.317368 -207.049951 -24.037085 -250.867292 -222.963428 -255.446884 -220.460065 -251.141420 -152772.729472 602.214955 -252.895675 -152892.397254 -152828.419674 -276.683536 -248.232991 -249.310401 -250.494173
-9999.0 -9999.0 -9999.0 -9999.0 -9999.0 -9999.0 -9999.0 -9999.0 -256.903568 -250.795539 335.106237 -275.547982 -185.457512 -101.628772 -152316.510267 -75779.054233 -151652.775277 -120005.977002 279.112038 -680.822864 -453.170780 -323.193490 144.503309 -127.171995 -976.368005 -60526.337519 -36405.809851 -152744.317239 -208.812791 -275.705532 -272.900850 -273.157552 -282.492262 -250.243859 -272.579081 -252.274201 -251.997171 -46438.112918 -152754.923425 -266.070348 -251.640981 -250.511137 -250.155425 -252.787880 -228.907811 -254.878975 -252.539156 -254.709748 -252.334741 -275.767810 -30340.609003 -73374.994424 -252.917779 -88.661236 -248.428589 -246.787371 -253.076427 846.490675
-9999.0 -9999.0 -9999.0 -9999.0 -9999.0 -9999.0 -9999.0 -9999.0 -237.172954 -205.507078 5134.193637 -151917.975953 -152778.087972 -58698.256039 -171.560053 -97.455703 641.392170 -57524.995560 -46626.057017 -82035.778615 -1040.798447 -191.220894 -353.304682 -442.076878 -251.486584 -98898.363772 -68376.177511 -252.143295 -252.310672 -250.900495 -152868.202095 -250.770033 -279.744453 -250.170025 -273.496372 -274.216738 -275.599609 -52678.978040 -152858.932792 -249.638672 -272.888007 -277.802444 -275.906960 -280.449339 -268.800271 -251.148327 -275.590803 -276.892391 -277.782098 -281.291386 -286.290186 -99484.919523 -77511.561051 -252.277555 -202.481286 882.732638 748.808993 750.086388
-9999.0 -9999.0 -252.625098 -215.656861 -157.210485 -252.037253 -248.951245 -250.889490 -201.187439 -203.963098 -250.035867 306.279290 -48537.559029 -247.816898 -170.062638 609.325076 -152839.497134 -21133.281972 -251.604932 -43964.433543 -98129.816296 -886.776522 750.197312 -912.179447 -382.536281 -119928.477646 -106927.381686 -89820.815109 -81759.580792 -181.042564 -68095.008702 -50800.290904 -45.614144 -68614.016419 -251.418268 -56564.377710 -251.660432 -71376.234358 -152891.306704 -152862.513576 -277.953771 -280.011183 -152852.578378 -253.225321 -152858.541590 -278.650930 -251.773972 -722.649458 -286.988500 -252.559774 -252.839737 218.610949 736.627255 741.604810 749.446679 745.432769 753.620788 -58.621830
