user2019/resources/simulation/Vinschgau/output-maps/psiL0002N1442.asc
ncols         63
nrows         48
xllcorner     598000.000000
yllcorner     5145000.000000
cellsize      1000.000000
NODATA_value  -9999.0
[rows 0 to 24 of 48, columns 0 to 56 of 63]
-9999.0 -9999.0 -9999.0 -9999.0 -9999.0 -9999.0 -9999.0 -9999.0 -9999.0 -9999.0 -9999.0 -9999.0 -9999.0 -9999.0 -9999.0 -9999.0 -9999.0 -9999.0 -9999.0 -9999.0 -9999.0 -9999.0 -9999.0 -9999.0 -9999.0 -9999.0 -9999.0 -9999.0 -9999.0 -9999.0 -9999.0 -9999.0 -9999.0 -9999.0 -9999.0 -9999.0 -9999.0 -9999.0 -9999.0 -9999.0 -9999.0 -9999.0 -9999.0 -9999.0 -9999.0 -9999.0 -9999.0 -9999.0 -9999.0 -9999.0 -9999.0 -9999.0 -9999.0 -9999.0 -9999.0 -9999.0 -9999.0
-9999.0 -9999.0 -9999.0 -9999.0 -9999.0 -9999.0 -9999.0 -9999.0 -9999.0 -9999.0 -9999.0 -9999.0 -9999.0 -9999.0 -9999.0 -9999.0 -9999.0 -9999.0 -9999.0 -9999.0 -9999.0 -9999.0 -9999.0 -9999.0 -9999.0 -9999.0 -9999.0 -171.397317 -989.421569 -156.160963 -266.406599 -1501.783841 50845.577476 -9999.0 -9999.0 -9999.0 -9999.0 -9999.0 -9999.0 -9999.0 -9999.0 -9999.0 -9999.0 -9999.0 -9999.0 -9999.0 -9999.0 -9999.0 -9999.0 -9999.0 -9999.0 -9999.0 -9999.0 -9999.0 -9999.0 -9999.0 -9999.0
-9999.0 -9999.0 -9999.0 -9999.0 -9999.0 -9999.0 -9999.0 -9999.0 -9999.0 -9999.0 -9999.0 -9999.0 -9999.0 -9999.0 -9999.0 -9999.0 -9999.0 -9999.0 -9999.0 -9999.0 -9999.0 -9999.0 -9999.0 -9999.0 -580.956019 -620.315995 -647.218275 -609.167247 -513.222456 -905.995267 -148.718321 -9999.0 -9999.0 -9999.0 -9999.0 -9999.0 -9999.0 -9999.0 -9999.0 -9999.0 -9999.0 -9999.0 -9999.0 -9999.0 -9999.0 -9999.0 -9999.0 -9999.0 -9999.0 -9999.0 -9999.0 -9999.0 -9999.0 -9999.0 -9999.0 -9999.0 -9999.0
-9999.0 -9999.0 -9999.0 -9999.0 -9999.0 -9999.0 -9999.0 -9999.0 -9999.0 -9999.0 -9999.0 -9999.0 -9999.0 -9999.0 -9999.0 -9999.0 -9999.0 -9999.0 -9999.0 -9999.0 -9999.0 -9999.0 -9999.0 -698.692576 -444.512535 -2974.246309 -3014.873859 -3059.651077 -3047.608177 -977.702888 -231.806636 18490.116830 -9999.0 -9999.0 -9999.0 -9999.0 -9999.0 -9999.0 -9999.0 -9999.0 -9999.0 -9999.0 -9999.0 -9999.0 -9999.0 -9999.0 -9999.0 -9999.0 -9999.0 -9999.0 -9999.0 -9999.0 -9999.0 -9999.0 -9999.0 -9999.0 -9999.0
-9999.0 -9999.0 -9999.0 -9999.0 -9999.0 -9999.0 -9999.0 -9999.0 -9999.0 -9999.0 -9999.0 -9999.0 -9999.0 -9999.0 -9999.0 -9999.0 -9999.0 -9999.0 -2374.274074 -541.946671 -9999.0 -609.608731 -474.221569 -2954.118558 -2911.918697 -2950.534919 -2554.156987 -2791.170233 -2740.554948 -2738.721047 -1058.001520 -299.394653 -172.096839 -210.946791 -9999.0 -9999.0 -9999.0 -9999.0 -9999.0 -9999.0 -9999.0 -9999.0 -9999.0 -9999.0 -9999.0 -9999.0 -9999.0 -9999.0 -9999.0 -9999.0 -9999.0 -9999.0 -9999.0 -9999.0 -9999.0 -9999.0 -9999.0
-9999.0 -9999.0 -9999.0 -9999.0 -9999.0 -9999.0 -9999.0 -9999.0 -9999.0 -9999.0 -9999.0 -9999.0 -9999.0 -9999.0 -9999.0 -9999.0 -9999.0 -2924.166189 -2868.840948 -6720.180634 -1178.616803 -1035.027795 -2584.247620 -2798.299075 -2770.041959 -2081.581199 224478.812719 -2454.590459 68729.860116 -2582.298006 -606.997589 -1008.013195 -209.327156 -185.672704 -196.243325 -219.757825 -9999.0 -9999.0 -9999.0 -9999.0 -9999.0 -9999.0 -9999.0 -9999.0 -9999.0 -9999.0 -9999.0 -9999.0 -9999.0 -9999.0 -9999.0 -9999.0 -9999.0 -9999.0 -9999.0 -9999.0 -9999.0
-9999.0 -9999.0 -9999.0 -9999.0 -9999.0 -9999.0 -9999.0 -9999.0 -9999.0 -9999.0 -9999.0 -9999.0 -9999.0 -1826.922184 -2751.925820 -2791.087887 -2882.545131 -6470.202743 -2885.724297 -2852.209981 -2834.306220 -2815.541712 -2861.953256 -2836.323046 -546.390511 -522.220952 -79.955943 -1005.040857 -718.568080 -243.903600 -455.794531 -578.906716 -854.599371 -199.721187 -120.110403 -221.471083 -9999.0 -9999.0 -9999.0 -9999.0 -9999.0 -9999.0 -9999.0 -9999.0 -9999.0 -9999.0 -9999.0 -9999.0 -9999.0 -9999.0 -9999.0 -9999.0 -9999.0 -9999.0 -9999.0 -9999.0 -9999.0
-9999.0 -9999.0 -9999.0 -9999.0 -9999.0 -9999.0 -9999.0 -9999.0 -9999.0 -9999.0 -9999.0 -9999.0 -9999.0 -1715.018255 -2919.657936 -2871.241067 -2867.294247 -2934.945532 -6471.777351 -2840.989382 -2852.374967 -2940.776471 -2788.613348 -2702.752994 -2789.739158 -2853.284246 -979.832495 -153.762653 -149.228251 392202.673631 145287.450131 -207.623509 -145.397935 -120.698125 -138.036391 -9999.0 -9999.0 -9999.0 -9999.0 -9999.0 -9999.0 -9999.0 -9999.0 -9999.0 -9999.0 -9999.0 -9999.0 -9999.0 -9999.0 -9999.0 -9999.0 -9999.0 -9999.0 -9999.0 -9999.0 -9999.0 -9999.0
-9999.0 -9999.0 -9999.0 -9999.0 -9999.0 -9999.0 -9999.0 -9999.0 -9999.0 -9999.0 -9999.0 -9999.0 -9999.0 -2917.983325 276.347432 -2957.535679 -2843.784981 -2843.910261 -6520.546452 -2878.706355 -2948.530793 -6060.508375 -2447.755470 -391.841458 -2834.404089 -2833.322061 -117.535804 -164.531353 5882.260897 -141.612222 11544.136519 -84.563642 -153.795494 -24.842064 -195.243047 -9999.0 -9999.0 -9999.0 -9999.0 -9999.0 -9999.0 -9999.0 -9999.0 -9999.0 -9999.0 -9999.0 -9999.0 -9999.0 -9999.0 -9999.0 -9999.0 -9999.0 -9999.0 -9999.0 -9999.0 -9999.0 -9999.0
-9999.0 -9999.0 -9999.0 -9999.0 -9999.0 -9999.0 -9999.0 -9999.0 -9999.0 -9999.0 -9999.0 -9999.0 -2838.176507 6173.444001 -2913.718141 -2780.577119 -2706.193704 -2814.649507 -3069.990749 -6627.519128 -2808.241083 -1588.742133 -2383.244678 -1598.187832 -136.916533 -1046.394298 989143.078918 -119.755272 -302.648214 -122.748747 15235.994898 -169.236494 56342.068528 -232.134038 -9999.0 -9999.0 -9999.0 -9999.0 -9999.0 -9999.0 -9999.0 -9999.0 -9999.0 -9999.0 -9999.0 -9999.0 -9999.0 -9999.0 -9999.0 -9999.0 -9999.0 -9999.0 -9999.0 -9999.0 -9999.0 -9999.0 -9999.0
-9999.0 -9999.0 -9999.0 -9999.0 -9999.0 -9999.0 -9999.0 -9999.0 -9999.0 -9999.0 -9999.0 -1204.954400 -2905.829107 -771.063811 -2919.772940 -2427.709881 -6749.348666 -2852.175562 -2775.594394 -7191.964327 -2798.459550 -2822.821389 -1045.158228 -1162.456115 -2593.272325 -756.737708 14592.900230 -657.742110 15758.190296 -163.656837 -182.682251 -823.978891 -124.478009 -195.230685 -182.495152 -146.320967 -272.211152 -1339.763377 -1330.117275 -9999.0 -9999.0 -9999.0 -211.383753 -9999.0 -9999.0 -9999.0 -9999.0 -9999.0 -9999.0 -9999.0 -9999.0 -9999.0 -9999.0 -9999.0 -9999.0 -9999.0 -9999.0
-9999.0 -9999.0 -9999.0 -9999.0 -9999.0 -9999.0 -9999.0 -9999.0 -9999.0 -9999.0 -9999.0 -1035.825583 -2965.977960 -3070.625435 -3068.685819 -2117.785031 -3140.681476 -2894.002091 -2848.201344 -2960.785654 -2933.774212 -2137.563656 -492.950132 3172877.555261 2500950.168714 -1014.737691 -533.249574 -728.784628 -68.351382 -194.723038 -391.757463 -718.695904 18073.584068 44340.894266 -299.008402 -580.899306 -975.842426 -1204.930151 -1290.052985 -197.186140 -187.388552 -201.084977 -214.411721 -169.326254 -9999.0 -9999.0 -9999.0 -1960.339669 4166.303572 -101.727522 85828.028908 -119.667457 -124.127734 -1247.903708 -292.265506 -147.421268 -9999.0
-9999.0 -9999.0 -9999.0 -9999.0 -9999.0 -9999.0 -9999.0 -9999.0 -9999.0 -9999.0 -9999.0 -900.710877 -1120.293675 -2714.736573 -1705.571137 -2421.452215 -2713.400419 -2835.130739 -3056.176643 -2959.917678 -2615.752288 -888.686235 863469.569968 -417.070116 -1065.597010 -166.058161 1377279.519689 3325291.180640 -149.730294 -178.430492 -155.730084 2901281.013463 -735.389849 65205.218415 -150.113570 -1005.349872 1726260.196530 887618.078012 -1382.808875 -171.422656 -1219.235131 -1547.205240 -743.126532 -397.551603 82157.672639 -9999.0 -236.121654 87406.295659 -220.038982 -807.421992 -1143.843693 -169.634558 -1274.244293 -302.953630 -1370.982442 47292.454774 -9999.0
-9999.0 -9999.0 -9999.0 -9999.0 -9999.0 -9999.0 -9999.0 -9999.0 -9999.0 -9999.0 -9999.0 -9999.0 -1040.275642 -20.619842 -1596.105193 -1708.561156 -2601.647493 -2783.746658 -2904.045163 -2961.733620 -2763.127593 -2586.127457 13289.819127 541469.737075 3576233.580199 1527817.293525 3164.702321 -1145.925866 -174.791860 -163.169496 -354.950466 1993792.280720 -1126.599388 3975.899661 44450.771919 -883.878880 1137841.823035 1324603.722635 -1167.459679 -1320.364181 -1025.106785 -382.400617 570670.179698 -539.316969 -149.031773 58768.776725 -170.006771 79446.701996 3409164.117120 625834.176943 218145.903423 2455011.220026 2720501.744884 2727202.263675 2872569.879147 -165.713906 50199.644727
-9999.0 -9999.0 -9999.0 -9999.0 -9999.0 -9999.0 -9999.0 -9999.0 -9999.0 -9999.0 -9999.0 552065.358627 -817.178687 -1968.827352 -78.775100 -1845.930994 -2696.572586 -2745.729533 -3062.863959 -2858.549243 -2791.058241 -2525.270262 2262.810147 1147519.124674 1136135.637964 2824584.344844 645698.729507 4949.483600 -147.751972 -160.751986 1536971.831163 3253823.017456 -616.061793 -33.157941 -42.695406 -270.746736 -1166.360247 511332.515649 3171.198451 -1663.428349 515314.367754 -886.230354 3015.812551 -89.188440 -918.756910 -127.511672 -645.158910 -171.543988 -189.774128 94152.424086 1344199.649050 -104.448327 1355186.626092 332311.711528 305312.241218 69676.300137 -124.187940
-9999.0 -9999.0 -9999.0 -9999.0 -9999.0 -9999.0 -9999.0 -9999.0 -9999.0 -9999.0 4972.527409 197448.647044 -539.700938 -546.571222 -1134.001132 45350.552439 68668.001311 -2254.136698 -2828.747073 -2841.662170 -2839.136500 -2148.811677 4182008.960688 -555.570090 25524.210298 1637508.121302 2949792.897164 1354991.711479 -1157.633321 -963.928865 87253.815746 1337161.251207 -880.066531 8657.838277 -209.384781 -160.154406 -1088.779330 758215.327479 2175992.663934 -151.851823 -1108.672683 -68.702614 -838.252155 -1634.395199 99882.593737 -165.721500 -819.789289 438990.290990 251979.180483 13242.747186 586991.787135 -85.936000 296203.213646 87596.435365 -47.078266 -75.139257 -112.781696
-9999.0 -9999.0 -9999.0 -9999.0 -9999.0 -9999.0 -9999.0 -9999.0 -9999.0 -986.649395 -424.746415 127598.652751 10443.315911 554873.424548 49541.994477 24723.057374 142881.922816 -2189.431670 -2846.351239 -2864.098692 -2889.521736 -2678.629044 -2657.276394 -2674.708153 1529.606027 5497105.483017 3711509.415581 -855.999799 196782.157030 5962.586408 1479.091799 5381100.363150 -145.856416 -174.219290 -190.532128 -160.114207 -981.287851 2041038.670694 982880.795790 109479.112992 1969773.372830 4032409.742909 3805610.674282 -2655.364404 -2661.435014 117302.689319 -1434.075228 685440.736659 664695.117032 1137.542769 2752069.932604 -93.677080 78461.386628 -117.712115 -61.676579 1081492.657149 1120109.333371
-9999.0 -9999.0 -9999.0 -9999.0 -9999.0 -9999.0 -9999.0 -9999.0 -9999.0 -1230.285069 -1029.099907 -998.626216 4665.548282 4356.999677 187793.484459 578238.873203 -808.190982 -2642.295109 -2891.172772 -2977.867233 -2950.388941 -2986.378485 -2484.522629 -909.375162 5482210.968793 2016507.006857 525765.605116 19111.581679 -851.983622 -954.232552 -1031.683404 5241428.664359 -335.908454 39436.869704 -193.074075 -159.929082 -158.934547 -256.145143 -1088.864237 -687.187741 978194.879707 2798951.269267 385171.331945 -1307.261934 -2503.217087 -2581.436537 -2681.885175 -2528.166352 6165.643674 -783.901466 5313688.463826 3428494.097814 -69.926213 161150.674292 36075.887779 1305114.475106 1351934.645329
-9999.0 -9999.0 -9999.0 -9999.0 -9999.0 -9999.0 -9999.0 -9999.0 -9999.0 -9999.0 -304.779709 -887.320850 -664.846500 1127612.319313 -825.380270 129637.601677 -123.033570 -2748.124776 -2946.749469 -2919.723766 -2954.421169 -2784.056544 12397.049985 2608036.088160 1087807.743907 92243.480637 501.274654 -1376.340547 -819.000353 5528422.912386 5444732.968697 4580076.138683 3822718.985116 8222.756858 -746.537765 -610.703088 -640.317396 -492.862290 -149.929346 -324.098447 -54.844683 -494.679826 5397.665093 69813.545228 -1996.784798 -360.094580 -2692.389002 -2583.878120 -2777.509950 -1723.974258 5320037.869901 1944511.958056 -64.944567 37149.683677 175534.412740 114063.202597 8813.081791
-9999.0 -9999.0 -9999.0 -9999.0 -9999.0 -9999.0 -9999.0 -9999.0 -9999.0 -9999.0 -128.555424 -818.803976 -650.237876 9955.176231 -894.251321 -2380.429017 -1788.363294 -2777.185819 -2970.239712 -2986.049395 -2893.428923 -2803.192486 41353.661272 201505.369003 82876.817107 -714.394411 -1113.553332 1279.871914 5574026.692608 3902874.414033 -190.573807 -305.754976 900057.268978 21021.411536 -536.219592 -404.286931 633507.950044 113328.464659 3238856.935669 4736.003689 -625.003594 -419.622484 557680.753482 -1036.462167 -419.388126 2669824.306407 11520.063204 -1551.666145 -2756.367411 -2725.211532 1808.360404 3159068.037579 3550132.689470 -36.601468 49883.485469 -5.880793 125248.820097
-9999.0 -9999.0 -9999.0 -9999.0 -9999.0 -9999.0 -9999.0 -9999.0 -395.570417 -272.020907 -1536.346626 -358.774329 1075092.387509 381364.605407 231053.025702 -1605.762910 -2843.253726 -2997.712006 -3018.746511 -3007.579211 -3010.180235 -2984.702893 -2962.686939 -2907.021230 -2650.929392 -1019.539798 -543.506083 5659934.789468 3306242.127932 3819282.185929 -101.315441 -275.897658 -361.646221 -114.281882 -468.755414 -1079.115496 -1560.687561 18187.427801 5478604.130877 -161.142657 -174.025527 -575.620844 1527944.911161 -155.614101 -466.694961 4345.267794 5391793.494441 458062.905593 -239.561257 -1479.457441 -742.365398 4064158.468373 1973408.536955 3194373.297146 -82.269494 -757.696058 -121.636265
-9999.0 -9999.0 -9999.0 -9999.0 -9999.0 -9999.0 -9999.0 -9999.0 -199846565.842782 1668782.748663 3686032.267093 8556.828069 -966.484248 3280817.071969 5436145.773252 -561.998475 -2721.742640 -2784.657165 -2994.149792 -3042.798045 -2970.119338 -3185.100623 -3235.869247 -3222.142968 -2900.805501 -2617.821260 -734.129570 212386.853132 640495.720186 -97.969524 53781.356213 -163.019002 -860.938623 -165.083249 -391.293065 -520.901415 -2546.990062 -515.942739 320670.869723 -1040.878900 -388.157785 -1117.370153 -168.090701 -1022.990150 8934.753277 733169.314646 1408923.937888 -816.849109 193862.504335 -1300.444382 -754.852983 221430.058285 2073796.701242 126595.195924 -1245.295812 313079.577253 922341.579611
-9999.0 -9999.0 -9999.0 -9999.0 -9999.0 -9999.0 -9999.0 -9999.0 -348.380687 17880.475010 91412.184916 3788036.798119 -230.043118 1414644.085602 704293.389646 5198859.073994 -2410.831797 -2789.420526 -2972.431367 -2916.648392 -3072.713697 -3165.069805 -3217.454763 -3021.971642 -2993.995198 -2763.603206 -810.270786 5671115.482222 903417.091896 -399.665787 -172.123000 -425.560036 3239659.040751 2150071.463392 -437.312479 -2110.682618 -363.410247 -1650.347536 41249.728292 501715.719059 -847.371125 -205.206446 -444.985597 7748.184912 2232207.010239 -431.886661 -164.878127 -235.209010 3629562.878770 5930.513272 -1740.694636 -242.710983 1281823.566573 2144940.677685 343256.451724 25280.357985 -517.888424
-9999.0 -9999.0 -9999.0 -9999.0 -9999.0 -9999.0 -9999.0 -9999.0 -109.658008 -771.727916 457352.930538 690167.640152 -309.619869 1988674.821483 4384342.344382 -769.526066 -2828.704977 -2924.136895 -2910.320898 -2976.220793 -3004.077380 -3030.511016 -3059.958117 -2960.835592 -2778.565740 -2258.952245 343387.687221 5532995.059062 -629.067882 482713.074997 668850.469335 234386.276461 5804.632256 1527.197905 170787.136646 -1407.271411 -2722.840273 -2761.278792 -2119.838789 33959.588368 -934.796953 -939.496955 -924.848904 -429.931663 -380.328201 -189.990992 -1156.550360 -197.340817 -835.997699 904167.412659 -95.551815 -2358.220682 2197.384169 272024.239233 238.179237 -661.914941 -2544.725731
-9999.0 -9999.0 -9999.0 -9999.0 -9999.0 -9999.0 -9999.0 -9999.0 72689.321371 -254.616054 -4379123.716394 5584722.249720 4737107.213338 2163543.455353 -440.754263 -2365.526582 -1869.470799 -2672.300481 -2554.978084 -2793.221897 -2904.459667 -2951.077031 -2927.229065 -2857.686574 -2868.993560 -2322.438809 5538316.645104 93506.039886 -30.370046 812.953497 1954526.771153 -83.419741 -2730.806954 -1365.166297 -2422.529925 -2637.086395 -2692.617659 -2838.041150 -2803.991892 -2540.028151 -2586.476481 -2586.398740 -2560.169460 -509.396076 766240.221470 -913.442113 233112.651532 23202.785734 308167.619674 1027.403519 -2553.638001 -2440.832977 -2245.787283 -1249.820861 -927.708137 -958.348352 -2022.154178
