user2019/resources/simulation/Vinschgau/output-maps/psiL0003N0644.asc
ncols         63
nrows         48
xllcorner     598000.000000
yllcorner     5145000.000000
cellsize      1000.000000
NODATA_value  -9999.0
[rows 0 to 26 of 48, columns 0 to 60 of 63]
-9999.0 -9999.0 -9999.0 -9999.0 -9999.0 -9999.0 -9999.0 -9999.0 -9999.0 -9999.0 -9999.0 -9999.0 -9999.0 -9999.0 -9999.0 -9999.0 -9999.0 -9999.0 -9999.0 -9999.0 -9999.0 -9999.0 -9999.0 -9999.0 -9999.0 -9999.0 -9999.0 -9999.0 -9999.0 -9999.0 -9999.0 -9999.0 -9999.0 -9999.0 -9999.0 -9999.0 -9999.0 -9999.0 -9999.0 -9999.0 -9999.0 -9999.0 -9999.0 -9999.0 -9999.0 -9999.0 -9999.0 -9999.0 -9999.0 -9999.0 -9999.0 -9999.0 -9999.0 -9999.0 -9999.0 -9999.0 -9999.0 -9999.0 -9999.0 -9999.0 -9999.0
-9999.0 -9999.0 -9999.0 -9999.0 -9999.0 -9999.0 -9999.0 -9999.0 -9999.0 -9999.0 -9999.0 -9999.0 -9999.0 -9999.0 -9999.0 -9999.0 -9999.0 -9999.0 -9999.0 -9999.0 -9999.0 -9999.0 -9999.0 -9999.0 -9999.0 -9999.0 -9999.0 -96.432276 -119.678561 -125.819273 33.682429 32.115242 596.465235 -9999.0 -9999.0 -9999.0 -9999.0 -9999.0 -9999.0 -9999.0 -9999.0 -9999.0 -9999.0 -9999.0 -9999.0 -9999.0 -9999.0 -9999.0 -9999.0 -9999.0 -9999.0 -9999.0 -9999.0 -9999.0 -9999.0 -9999.0 -9999.0 -9999.0 -9999.0 -9999.0 -9999.0
-9999.0 -9999.0 -9999.0 -9999.0 -9999.0 -9999.0 -9999.0 -9999.0 -9999.0 -9999.0 -9999.0 -9999.0 -9999.0 -9999.0 -9999.0 -9999.0 -9999.0 -9999.0 -9999.0 -9999.0 -9999.0 -9999.0 -9999.0 -9999.0 27.167870 -221.682509 -271.150925 -292.891253 29.008068 36.896031 27.576843 -9999.0 -9999.0 -9999.0 -9999.0 -9999.0 -9999.0 -9999.0 -9999.0 -9999.0 -9999.0 -9999.0 -9999.0 -9999.0 -9999.0 -9999.0 -9999.0 -9999.0 -9999.0 -9999.0 -9999.0 -9999.0 -9999.0 -9999.0 -9999.0 -9999.0 -9999.0 -9999.0 -9999.0 -9999.0 -9999.0
-9999.0 -9999.0 -9999.0 -9999.0 -9999.0 -9999.0 -9999.0 -9999.0 -9999.0 -9999.0 -9999.0 -9999.0 -9999.0 -9999.0 -9999.0 -9999.0 -9999.0 -9999.0 -9999.0 -9999.0 -9999.0 -9999.0 -9999.0 25.991789 -173.298854 -2127.864863 -2667.859400 -2804.612582 -680.610769 -325.767302 -211.911212 28.692489 -9999.0 -9999.0 -9999.0 -9999.0 -9999.0 -9999.0 -9999.0 -9999.0 -9999.0 -9999.0 -9999.0 -9999.0 -9999.0 -9999.0 -9999.0 -9999.0 -9999.0 -9999.0 -9999.0 -9999.0 -9999.0 -9999.0 -9999.0 -9999.0 -9999.0 -9999.0 -9999.0 -9999.0 -9999.0
-9999.0 -9999.0 -9999.0 -9999.0 -9999.0 -9999.0 -9999.0 -9999.0 -9999.0 -9999.0 -9999.0 -9999.0 -9999.0 -9999.0 -9999.0 -9999.0 -9999.0 -9999.0 27.794973 26.490846 -9999.0 31.972370 29.280847 -1512.221457 -2067.325444 -2774.913026 -1169.432916 -984.548921 -2736.760599 -2440.227200 -257.548512 27.511417 -116.866318 -92.987515 -9999.0 -9999.0 -9999.0 -9999.0 -9999.0 -9999.0 -9999.0 -9999.0 -9999.0 -9999.0 -9999.0 -9999.0 -9999.0 -9999.0 -9999.0 -9999.0 -9999.0 -9999.0 -9999.0 -9999.0 -9999.0 -9999.0 -9999.0 -9999.0 -9999.0 -9999.0 -9999.0
-9999.0 -9999.0 -9999.0 -9999.0 -9999.0 -9999.0 -9999.0 -9999.0 -9999.0 -9999.0 -9999.0 -9999.0 -9999.0 -9999.0 -9999.0 -9999.0 -9999.0 -1576.912889 -801.750403 -1960.159440 -112.696140 -499.392776 -953.610762 -1735.140536 -1444.909409 -1182.050718 -884.180035 -392.695797 -1240.808722 -584.716728 29.012280 36.187657 -843.595322 -774.048556 -713.405647 -720.446725 -9999.0 -9999.0 -9999.0 -9999.0 -9999.0 -9999.0 -9999.0 -9999.0 -9999.0 -9999.0 -9999.0 -9999.0 -9999.0 -9999.0 -9999.0 -9999.0 -9999.0 -9999.0 -9999.0 -9999.0 -9999.0 -9999.0 -9999.0 -9999.0 -9999.0
-9999.0 -9999.0 -9999.0 -9999.0 -9999.0 -9999.0 -9999.0 -9999.0 -9999.0 -9999.0 -9999.0 -9999.0 -9999.0 33.305702 -492.449970 -949.008959 -1308.252280 -1889.527591 -1447.026475 -1306.157964 -922.124215 -1490.731540 -2001.299274 -1207.366890 -838.993929 28.540257 -428.981339 20.100595 -826.796263 -1084.111573 6745.505501 57.159161 53.421737 58.604511 -91.299754 -120.503929 -9999.0 -9999.0 -9999.0 -9999.0 -9999.0 -9999.0 -9999.0 -9999.0 -9999.0 -9999.0 -9999.0 -9999.0 -9999.0 -9999.0 -9999.0 -9999.0 -9999.0 -9999.0 -9999.0 -9999.0 -9999.0 -9999.0 -9999.0 -9999.0 -9999.0
-9999.0 -9999.0 -9999.0 -9999.0 -9999.0 -9999.0 -9999.0 -9999.0 -9999.0 -9999.0 -9999.0 -9999.0 -9999.0 33.472940 -580.377639 -1012.468329 -950.667515 -209.403309 -3937.035826 -1571.082744 -1629.734554 -356.313065 -809.622649 -959.754002 -1067.640626 -533.344677 25.151053 -126.183477 -77.499180 -109.956923 31.761966 38.153692 -115.138445 -103.861853 -102.183347 -9999.0 -9999.0 -9999.0 -9999.0 -9999.0 -9999.0 -9999.0 -9999.0 -9999.0 -9999.0 -9999.0 -9999.0 -9999.0 -9999.0 -9999.0 -9999.0 -9999.0 -9999.0 -9999.0 -9999.0 -9999.0 -9999.0 -9999.0 -9999.0 -9999.0 -9999.0
-9999.0 -9999.0 -9999.0 -9999.0 -9999.0 -9999.0 -9999.0 -9999.0 -9999.0 -9999.0 -9999.0 -9999.0 -9999.0 -676.384297 390.690268 -906.708504 -872.431317 -1061.847657 -2376.195932 -1160.991300 30.246536 -890.964112 -119.877810 -619.663570 -650.644825 -87.758361 -179.726613 -106.546017 29.969837 -94.559685 43.359212 -20.107649 -106.192498 -43.772383 -107.536060 -9999.0 -9999.0 -9999.0 -9999.0 -9999.0 -9999.0 -9999.0 -9999.0 -9999.0 -9999.0 -9999.0 -9999.0 -9999.0 -9999.0 -9999.0 -9999.0 -9999.0 -9999.0 -9999.0 -9999.0 -9999.0 -9999.0 -9999.0 -9999.0 -9999.0 -9999.0
-9999.0 -9999.0 -9999.0 -9999.0 -9999.0 -9999.0 -9999.0 -9999.0 -9999.0 -9999.0 -9999.0 -9999.0 -859.051029 4286.914174 -770.199668 -291.921110 -422.336126 -863.707660 -300.694295 -1009.257599 -875.638529 -501.078996 31.974916 -165.129786 2355.838815 31.342659 731.274227 32.492145 53.796253 -109.384640 33.756802 -132.957400 45.727919 -115.137285 -9999.0 -9999.0 -9999.0 -9999.0 -9999.0 -9999.0 -9999.0 -9999.0 -9999.0 -9999.0 -9999.0 -9999.0 -9999.0 -9999.0 -9999.0 -9999.0 -9999.0 -9999.0 -9999.0 -9999.0 -9999.0 -9999.0 -9999.0 -9999.0 -9999.0 -9999.0 -9999.0
-9999.0 -9999.0 -9999.0 -9999.0 -9999.0 -9999.0 -9999.0 -9999.0 -9999.0 -9999.0 -9999.0 42.978539 17.788950 86.908700 -356.229212 37.502580 -1601.114992 -564.733596 -205.583873 -947.537496 -553.848245 -234.664745 38.278323 33.186199 52.552698 44.790125 32.968430 34.967027 2331.457796 -57.422605 -118.503767 48.872052 -126.954632 -117.012825 -128.090400 -112.909667 -1324.904410 -2695.535972 -2419.715309 -9999.0 -9999.0 -9999.0 -332.798999 -9999.0 -9999.0 -9999.0 -9999.0 -9999.0 -9999.0 -9999.0 -9999.0 -9999.0 -9999.0 -9999.0 -9999.0 -9999.0 -9999.0 -9999.0 -9999.0 -9999.0 -9999.0
-9999.0 -9999.0 -9999.0 -9999.0 -9999.0 -9999.0 -9999.0 -9999.0 -9999.0 -9999.0 -9999.0 39.829660 15.858484 41.058882 -240.573776 32.622349 -475.663372 -1181.786962 -256.596015 21.379265 32.816945 35.200116 40.778805 26.782454 51.099129 39.251093 33.487178 43.984388 -90.060339 -93.139436 39.772593 86.339372 28.303512 34.664015 -69.786429 -564.563271 -3118.836090 -3216.784454 -3147.879941 -231.171482 -89.051901 -72.994146 23.497296 -95.509132 -9999.0 -9999.0 -9999.0 31.541474 33.305296 -128.091454 33.648022 -122.306888 -121.608955 31.007543 38.649389 -60.287340 -9999.0 -9999.0 -9999.0 -9999.0 -9999.0
-9999.0 -9999.0 -9999.0 -9999.0 -9999.0 -9999.0 -9999.0 -9999.0 -9999.0 -9999.0 -9999.0 50.401699 34.038910 55.979370 40.906864 35.395599 23.323602 -110.962031 -209.498201 -269.399520 13.674515 29.877046 21.866229 38.125710 38.322631 -107.160819 27.074113 2330.193156 -127.571092 34.361828 -115.475487 93.727712 31.427696 29.953606 -84.052058 -1591.924770 -2568.151805 -2692.900250 -3344.892410 -5391.450310 -3054.080117 -1344.741402 -525.117614 24.858482 28.859521 -9999.0 -114.596616 36.030385 35.161755 36.094680 33.154187 -133.980172 34.332534 33.719915 46.194666 39.154599 -9999.0 -9999.0 -9999.0 -9999.0 -9999.0
-9999.0 -9999.0 -9999.0 -9999.0 -9999.0 -9999.0 -9999.0 -9999.0 -9999.0 -9999.0 -9999.0 -9999.0 49.319031 47.581028 32.565687 35.361945 25.787896 -227.966145 27.419147 -273.610302 24.871181 33.584637 42.676996 33.474973 26.704592 24.537194 1595.604192 40.319600 42.846570 -130.787955 33.105993 55.420190 30.263566 31.135997 28.560087 -1438.391694 -2503.589655 -2646.086765 -3293.809968 -3178.072807 -3138.463457 -284.316891 -1252.405844 -221.250027 -111.055796 30.979055 -123.466053 33.672861 31.415213 26.499723 12.449159 122.735509 570.549131 104.971598 71.205130 50.312906 36.125070 -9999.0 -9999.0 -9999.0 -9999.0
-9999.0 -9999.0 -9999.0 -9999.0 -9999.0 -9999.0 -9999.0 -9999.0 -9999.0 -9999.0 -9999.0 30.406216 36.525353 41.738416 43.714219 27.847817 25.025706 24.439054 31.528507 -509.632150 28.228144 38.624571 43.863562 26.408991 23.318819 42.833123 40.556141 35.385388 32.263526 -127.946002 26.508024 69.559990 34.367274 32.424860 29.592928 -519.227248 -2795.213155 -2648.345536 -2612.443708 -3312.444600 -2556.214941 -2441.338884 -859.194821 -262.130405 22.526683 27.922514 38.541942 -131.443815 -126.579416 20.526340 -173.590230 34.756676 51.918798 -62.936309 -84.781398 -80.123977 -110.231529 -9999.0 -9999.0 -9999.0 -9999.0
-9999.0 -9999.0 -9999.0 -9999.0 -9999.0 -9999.0 -9999.0 -9999.0 -9999.0 -9999.0 1531.595896 32.152252 35.512935 35.108386 33.274702 1360.351151 1363.626051 19.469654 -639.426994 -480.834496 35.321176 40.573077 30.270643 32.002077 26.462137 1739.530310 37.131106 -255.798730 33.684426 32.648058 65.647641 256.502332 38.865904 37.034278 -70.137791 -81.086476 -1662.614956 -2470.579331 -2402.891336 -2642.422336 -2615.187265 -556.388959 -151.832777 -742.182654 -211.288520 -91.948187 29.399827 25.208265 25.644781 18.266610 -237.752380 -113.261393 -65.217642 -10.237460 -94.654457 40.848661 45.384655 -9999.0 -9999.0 -9999.0 -9999.0
-9999.0 -9999.0 -9999.0 -9999.0 -9999.0 -9999.0 -9999.0 -9999.0 -9999.0 42.136889 46.951458 49.010532 37.332397 23.104960 33.059577 38.625319 25.392722 31.051814 -463.281116 -722.884718 25.109785 -461.065100 30.712176 -108.420940 20.488021 35.738567 18.554830 31.399278 28.779069 24.444971 13.641953 37.855588 -90.731342 -88.533728 -105.208740 -104.654212 32.583414 -763.600863 -960.279641 -664.741809 -841.349470 -520.110600 -377.206280 -1449.664035 -646.323038 -215.582128 -181.756279 -233.140560 -139.510612 16.593515 40.594533 -112.726931 -34.193899 -55.876269 -104.451005 55.813599 77.681429 -88.845600 -92.018028 -9999.0 -9999.0
-9999.0 -9999.0 -9999.0 -9999.0 -9999.0 -9999.0 -9999.0 -9999.0 -9999.0 78.730174 46.639719 38.496131 3251.592040 -94.219502 14.839784 20.612049 32.377309 15.870023 -573.753752 -705.647289 -609.172868 -684.716846 19.233463 34.777317 35.166278 17.905052 20.034337 17.991179 12.957153 20.182920 38.513210 39.876819 45.242187 33.357145 35.678462 -90.293480 -85.253039 -82.495987 24.555173 31.837360 27.680570 23.219303 -754.374669 -513.705882 -627.018830 -943.416160 -768.110519 -982.852958 -482.490334 -156.887638 31.418813 30.056885 -90.036422 38.512210 -32.655950 44.683324 80.056376 52.433837 -87.509521 -9999.0 -9999.0
-9999.0 -9999.0 -9999.0 -9999.0 -9999.0 -9999.0 -9999.0 -9999.0 -9999.0 -9999.0 40.165242 46.715682 35.294803 1651.097574 -222.019421 -94.872427 18.055680 -189.901922 -752.611477 -664.119737 -416.591517 31.180038 32.064599 36.698185 18.141604 18.381768 16.111397 12.485643 36.876919 37.572918 39.444334 3381.521528 35.826409 37.098040 42.281104 42.975314 -221.892248 25.637474 -75.094415 34.241191 28.576117 25.058290 3408.959983 24.742579 30.108961 24.578075 27.068695 -226.154116 -378.986554 20.672987 35.042162 37.809936 -120.307172 -50.856891 37.077178 39.437340 51.704364 11316.401350 68.614218 -185.605252 -9999.0
-9999.0 -9999.0 -9999.0 -9999.0 -9999.0 -9999.0 -9999.0 -9999.0 -9999.0 -9999.0 46.191979 42.671350 37.302105 30.907477 -219.731275 -398.153654 -242.604884 -587.535489 -1046.097604 -722.637697 -689.021756 -437.523975 23.897928 15.755044 16.899048 -262.956215 12.291474 38.599298 41.742513 33.049984 39.178859 63.685260 -142.251898 33.497730 32.976521 43.921754 2559.515356 23.230859 27.679147 32.548490 33.842852 -67.547413 50.889477 31.621458 32.194508 32.594527 24.338392 29.258994 31.367795 18.686717 36.932252 33.765796 28.495858 -114.374013 -82.526105 -90.374896 29.292689 23.836992 149.312604 84.751162 -9999.0
-9999.0 -9999.0 -9999.0 -9999.0 -9999.0 -9999.0 -9999.0 -9999.0 35.960883 34.390030 33.228134 46.775753 130.724677 41.868314 34.022438 -374.013675 -870.082031 -852.973292 -969.256814 -718.686629 -786.926698 -675.686127 -540.801106 -791.791034 -688.944257 -398.019825 28.183605 39.442694 44.090745 45.074850 -28.834149 45.749263 39.876688 34.198590 45.639937 29.465277 31.324062 30.856617 32.836079 -107.404908 -187.648201 46.542892 -192.118248 -86.688267 -126.107454 1630.856487 32.971879 24.097916 28.550626 12.309548 33.531681 43.783276 30.111958 37.728347 -109.331014 27.779609 -106.258624 22.374539 -199.084310 93.287962 -9999.0
-9999.0 -9999.0 -9999.0 -9999.0 -9999.0 -9999.0 -9999.0 -9999.0 1287.887199 35.085890 34.462936 37.822652 36.270394 1412.117724 28.246355 19.829704 -402.059685 -587.648693 -1162.985123 -752.905967 -608.207892 -605.981171 -143.969074 -566.435557 -962.845191 -313.372242 35.099572 41.827757 -194.097823 35.645736 34.754234 -377.337546 52.559422 -362.184741 42.325075 32.772127 45.079755 39.344164 28.626586 33.217698 34.554206 32.484392 -199.487056 32.759986 1967.353248 33.694226 -188.731231 31.781855 26.174636 23.486472 16.427810 23.165764 32.239924 27.344336 22.124687 -285.402136 16.911302 16.695503 -230.930668 18.401585 -956.460201
-9999.0 -9999.0 -9999.0 -9999.0 -9999.0 -9999.0 -9999.0 -9999.0 38.399994 2384.914351 31.222733 31.006622 94.761272 -165.211170 22.527566 28.929463 -416.811631 -734.187889 -1074.073670 -606.696300 -729.324989 -715.194999 -618.414113 -704.199968 -778.196494 20.493092 32.312136 35.969858 -225.201685 35.658175 -564.271932 43.224217 28.201958 32.912506 36.924477 48.989747 45.855066 23.234444 37.824270 32.319689 35.151308 -367.216368 33.054987 1984.316283 29.746055 34.126040 -190.885135 29.099344 20.808999 24.496331 -336.227952 22.808661 27.877764 23.314882 17.666030 16.592574 12.817713 -223.576301 -318.168670 -481.665778 -716.981658
-9999.0 -9999.0 -9999.0 -9999.0 -9999.0 -9999.0 -9999.0 -9999.0 -198.875499 38.961498 49.585827 -262.834208 40.302285 22.517687 33.937710 -160.362879 -658.923493 -1338.988771 -555.603138 -938.629767 -741.384252 -763.195988 -953.848854 -1286.850953 -836.508536 24.182431 30.937519 32.811292 30.166312 34.452880 29.835124 36.340355 34.964051 35.216084 33.201164 24.683032 23.031277 19.498298 52.429447 26.652842 28.813346 31.391255 32.737667 -142.824715 28.200008 -149.797092 30.001030 -168.518154 -123.205894 -182.467700 -252.133700 -327.836065 15.221088 -318.805155 -205.316667 15.129796 20.093618 21.268692 -906.689705 -707.740235 -486.334614
-9999.0 -9999.0 -9999.0 -9999.0 -9999.0 -9999.0 -9999.0 -9999.0 30.941134 37.851412 3396.647113 32.633046 39.110561 30.575655 22.083909 -309.683968 21.420368 -304.469793 -213.620338 -657.564624 -911.280198 -870.352184 -1037.483821 -1528.331840 -1295.531622 -507.558637 22.156773 21.730354 17.934657 33.579938 31.937597 25.449541 38.781168 31.222011 35.902888 38.957959 26.886417 20.692160 47.566986 19.800720 19.978278 30.813872 30.580190 27.945982 21.337097 26.678382 20.165016 25.522141 -219.428704 -272.547909 -428.007995 -969.969495 -469.698274 -530.540087 75.959875 75.679990 -296.841400 -455.948177 -470.193895 -438.033606 -345.416164
-9999.0 -9999.0 34.696728 36.475096 787.563710 22.498993 58.025623 35.432421 37.145795 40.861295 34.843663 66.065192 46.292845 30.897762 -173.805926 22.528999 32.936939 34.030135 24.325670 22.045674 -789.667511 -1197.074356 -868.270831 -1715.453565 -914.455171 -885.860856 -576.954610 -326.609108 -247.637216 26.664877 18.792146 20.995482 69.196219 25.723116 26.597324 29.127195 17.235552 -202.372545 37.390039 25.987647 17.734260 25.561962 38.139517 19.621119 24.359843 17.047112 9.609682 -128.954180 -262.877215 -715.300194 -1433.185607 -1212.583579 -290.850001 -172.095939 15.726896 -243.597704 29.479414 -25.497352 18.784576 -220.573257 -36.574072
-9999.0 19.081575 24.181028 23.766841 17.359751 45.864884 62.897677 39.215910 39.576530 40.363524 30.962533 32.934587 39.782638 45.010106 21.713485 36.765452 37.846046 32.145278 17.508073 -193.108252 -907.048365 -684.059407 -622.286391 -1364.494538 -1676.784807 -1267.244097 -1291.048089 -1338.082183 -826.366099 -347.455275 -1114.565904 -738.234238 34.438147 29.329827 18.671904 -214.107495 -259.242854 -385.022348 18.709327 -274.197338 -283.773410 20.188694 29.806686 -289.526042 -399.344583 -548.375784 -458.718806 -700.352408 -1041.129638 -1767.572307 -646.115723 -256.860397 32.259340 36.329798 34.739118 20.644264 22.277491 17.853751 22.296347 20.939536 19.414482
