user2019/resources/simulation/Vinschgau/output-maps/psiL0002N0789.asc
ncols         63
nrows         48
xllcorner     598000.000000
yllcorner     5145000.000000
cellsize      1000.000000
NODATA_value  -9999.0
[rows 0 to 25 of 48, columns 0 to 56 of 63]
-9999.0 -9999.0 -9999.0 -9999.0 -9999.0 -9999.0 -9999.0 -9999.0 -9999.0 -9999.0 -9999.0 -9999.0 -9999.0 -9999.0 -9999.0 -9999.0 -9999.0 -9999.0 -9999.0 -9999.0 -9999.0 -9999.0 -9999.0 -9999.0 -9999.0 -9999.0 -9999.0 -9999.0 -9999.0 -9999.0 -9999.0 -9999.0 -9999.0 -9999.0 -9999.0 -9999.0 -9999.0 -9999.0 -9999.0 -9999.0 -9999.0 -9999.0 -9999.0 -9999.0 -9999.0 -9999.0 -9999.0 -9999.0 -9999.0 -9999.0 -9999.0 -9999.0 -9999.0 -9999.0 -9999.0 -9999.0 -9999.0
-9999.0 -9999.0 -9999.0 -9999.0 -9999.0 -9999.0 -9999.0 -9999.0 -9999.0 -9999.0 -9999.0 -9999.0 -9999.0 -9999.0 -9999.0 -9999.0 -9999.0 -9999.0 -9999.0 -9999.0 -9999.0 -9999.0 -9999.0 -9999.0 -9999.0 -9999.0 -9999.0 60118.160372 239075.373129 242999.375261 230275.903547 264153.501164 244326.296859 -9999.0 -9999.0 -9999.0 -9999.0 -9999.0 -9999.0 -9999.0 -9999.0 -9999.0 -9999.0 -9999.0 -9999.0 -9999.0 -9999.0 -9999.0 -9999.0 -9999.0 -9999.0 -9999.0 -9999.0 -9999.0 -9999.0 -9999.0 -9999.0
-9999.0 -9999.0 -9999.0 -9999.0 -9999.0 -9999.0 -9999.0 -9999.0 -9999.0 -9999.0 -9999.0 -9999.0 -9999.0 -9999.0 -9999.0 -9999.0 -9999.0 -9999.0 -9999.0 -9999.0 -9999.0 -9999.0 -9999.0 -9999.0 185723.628426 154954.248610 126313.021720 167267.559652 175543.526809 196130.255133 262226.984017 -9999.0 -9999.0 -9999.0 -9999.0 -9999.0 -9999.0 -9999.0 -9999.0 -9999.0 -9999.0 -9999.0 -9999.0 -9999.0 -9999.0 -9999.0 -9999.0 -9999.0 -9999.0 -9999.0 -9999.0 -9999.0 -9999.0 -9999.0 -9999.0 -9999.0 -9999.0
-9999.0 -9999.0 -9999.0 -9999.0 -9999.0 -9999.0 -9999.0 -9999.0 -9999.0 -9999.0 -9999.0 -9999.0 -9999.0 -9999.0 -9999.0 -9999.0 -9999.0 -9999.0 -9999.0 -9999.0 -9999.0 -9999.0 -9999.0 152519.526777 74406.334269 -722.851824 -553.793998 -944.731742 -259.202459 147382.896639 252709.585537 259622.382452 -9999.0 -9999.0 -9999.0 -9999.0 -9999.0 -9999.0 -9999.0 -9999.0 -9999.0 -9999.0 -9999.0 -9999.0 -9999.0 -9999.0 -9999.0 -9999.0 -9999.0 -9999.0 -9999.0 -9999.0 -9999.0 -9999.0 -9999.0 -9999.0 -9999.0
-9999.0 -9999.0 -9999.0 -9999.0 -9999.0 -9999.0 -9999.0 -9999.0 -9999.0 -9999.0 -9999.0 -9999.0 -9999.0 -9999.0 -9999.0 -9999.0 -9999.0 -9999.0 -281.297844 96664.251446 -9999.0 133315.794557 82927.685916 -708.084403 -480.181270 -1422.486981 -381.528534 -134.840750 14.031893 8534.691503 187258.404169 253757.412263 54981.656574 50295.229574 -9999.0 -9999.0 -9999.0 -9999.0 -9999.0 -9999.0 -9999.0 -9999.0 -9999.0 -9999.0 -9999.0 -9999.0 -9999.0 -9999.0 -9999.0 -9999.0 -9999.0 -9999.0 -9999.0 -9999.0 -9999.0 -9999.0 -9999.0
-9999.0 -9999.0 -9999.0 -9999.0 -9999.0 -9999.0 -9999.0 -9999.0 -9999.0 -9999.0 -9999.0 -9999.0 -9999.0 -9999.0 -9999.0 -9999.0 -9999.0 -2076.845411 -757.831041 -115.413697 25038.480654 66441.956146 19534.493890 822.016590 -497.433494 1529.906924 305536.790189 87984.808460 240125.836272 571.636326 -201.468694 -235.929096 -119.330823 -83.011383 -48.947062 -25.186209 -9999.0 -9999.0 -9999.0 -9999.0 -9999.0 -9999.0 -9999.0 -9999.0 -9999.0 -9999.0 -9999.0 -9999.0 -9999.0 -9999.0 -9999.0 -9999.0 -9999.0 -9999.0 -9999.0 -9999.0 -9999.0
-9999.0 -9999.0 -9999.0 -9999.0 -9999.0 -9999.0 -9999.0 -9999.0 -9999.0 -9999.0 -9999.0 -9999.0 -9999.0 33466.065639 73.335895 -905.624959 -2397.992940 -4827.206427 -1922.265427 -790.130276 -499.456005 -560.531364 -577.919294 -444.828757 12344.454539 101495.866337 62792.923353 132575.595854 211398.625054 71144.403815 122991.096235 152325.845579 169617.146387 173826.710876 184965.939190 56049.578022 -9999.0 -9999.0 -9999.0 -9999.0 -9999.0 -9999.0 -9999.0 -9999.0 -9999.0 -9999.0 -9999.0 -9999.0 -9999.0 -9999.0 -9999.0 -9999.0 -9999.0 -9999.0 -9999.0 -9999.0 -9999.0
-9999.0 -9999.0 -9999.0 -9999.0 -9999.0 -9999.0 -9999.0 -9999.0 -9999.0 -9999.0 -9999.0 -9999.0 -9999.0 4657.095436 -474.979594 -1097.456402 -2081.447546 -363.949189 -5131.460498 -793.470604 -1447.190694 -395.912422 -450.621011 -341.408634 1030.089296 61638.366195 226844.644231 192241.481611 90698.255933 270450.120739 267725.376533 213523.354627 113293.331063 -46.700403 -45.428060 -9999.0 -9999.0 -9999.0 -9999.0 -9999.0 -9999.0 -9999.0 -9999.0 -9999.0 -9999.0 -9999.0 -9999.0 -9999.0 -9999.0 -9999.0 -9999.0 -9999.0 -9999.0 -9999.0 -9999.0 -9999.0 -9999.0
-9999.0 -9999.0 -9999.0 -9999.0 -9999.0 -9999.0 -9999.0 -9999.0 -9999.0 -9999.0 -9999.0 -9999.0 -9999.0 -560.903666 670.907560 -705.880841 -1266.306472 -1857.336852 -5470.581779 -1942.062376 -291.009623 -69.224056 457.583058 144869.890823 960.575639 6324.526189 17983.421520 78351.543739 264529.668174 -42.720146 88910.543721 -21.841067 -38.171946 -24.857678 6917.652868 -9999.0 -9999.0 -9999.0 -9999.0 -9999.0 -9999.0 -9999.0 -9999.0 -9999.0 -9999.0 -9999.0 -9999.0 -9999.0 -9999.0 -9999.0 -9999.0 -9999.0 -9999.0 -9999.0 -9999.0 -9999.0 -9999.0
-9999.0 -9999.0 -9999.0 -9999.0 -9999.0 -9999.0 -9999.0 -9999.0 -9999.0 -9999.0 -9999.0 -9999.0 21.986252 6539.281434 -411.501953 -300.837025 -456.740346 -864.327903 -479.656803 -122.562893 -507.875125 75107.528836 100246.783565 167654.140489 216469.273998 258654.131096 210773.474973 273752.346819 238833.914909 222945.023286 1719.039158 37050.493520 44507.170697 54628.678072 -9999.0 -9999.0 -9999.0 -9999.0 -9999.0 -9999.0 -9999.0 -9999.0 -9999.0 -9999.0 -9999.0 -9999.0 -9999.0 -9999.0 -9999.0 -9999.0 -9999.0 -9999.0 -9999.0 -9999.0 -9999.0 -9999.0 -9999.0
-9999.0 -9999.0 -9999.0 -9999.0 -9999.0 -9999.0 -9999.0 -9999.0 -9999.0 -9999.0 -9999.0 57901.191585 17.658736 330.056853 -355.937471 942.210965 -63.702157 -702.233241 15.452758 32.309766 -647.017494 -255.783277 132995.279723 235225.960023 -82.661476 242823.611977 42077.714159 220378.678011 176496.671452 81897.296672 65007.708840 58281.695003 72348.662266 55484.914234 53764.268776 60443.913355 256228.074069 252379.767201 263595.273443 -9999.0 -9999.0 -9999.0 47940.881335 -9999.0 -9999.0 -9999.0 -9999.0 -9999.0 -9999.0 -9999.0 -9999.0 -9999.0 -9999.0 -9999.0 -9999.0 -9999.0 -9999.0
-9999.0 -9999.0 -9999.0 -9999.0 -9999.0 -9999.0 -9999.0 -9999.0 -9999.0 -9999.0 -9999.0 84096.753758 -218.284478 22.628844 -411.610157 21350.913386 -565.594213 -980.744129 -415.865467 -225.633714 -175.988454 6832.801262 137650.785490 295808.009504 291784.296619 241077.641758 255278.498170 236646.803132 276875.457913 79185.633069 131455.640699 128917.750374 265874.478421 239077.595856 250321.872535 241369.224596 178612.548239 -1137.170635 -287.224534 76655.302104 78641.302694 72904.694198 137130.338076 71968.694002 -9999.0 -9999.0 -9999.0 225332.084679 226347.255521 142655.035668 249377.961196 69224.381830 72651.538944 229530.065478 232291.966498 109364.189391 -9999.0
-9999.0 -9999.0 -9999.0 -9999.0 -9999.0 -9999.0 -9999.0 -9999.0 -9999.0 -9999.0 -9999.0 36506.167806 61785.620955 140299.774935 914.085233 1228.138797 99.820120 -435.120753 -313.139290 -421.432755 -349.202994 8465.485858 301012.736073 199946.868034 254292.206097 74573.676773 314986.845004 314542.902477 80752.222573 253985.588767 105285.963272 312464.919205 115290.263106 259448.467572 89696.133414 73834.804945 313365.260846 245664.157474 -1687.744387 32796.295844 234029.400641 272692.900316 237910.284967 267844.054085 263629.150673 -9999.0 73908.978077 191955.946901 181702.615542 171799.817344 183102.745593 196244.160073 193691.891550 207371.097742 215913.830895 196035.743737 -9999.0
-9999.0 -9999.0 -9999.0 -9999.0 -9999.0 -9999.0 -9999.0 -9999.0 -9999.0 -9999.0 -9999.0 -9999.0 93538.253594 247288.091446 4517.766168 2343.419645 113.608080 -580.919643 16.309440 -324.511684 -411.670944 2358.382339 35013.998060 163986.017167 316466.337863 316271.287840 -176.316250 207280.808180 187671.057982 62759.258037 252095.685542 314355.156053 256647.847172 238771.776499 238722.489265 246529.380074 301013.757754 -404.328669 -1681.877038 -855.917622 -1043.195942 59502.661746 236799.829312 149145.059140 60231.673421 233949.143318 60288.719956 221722.987406 234467.772388 225233.486872 169589.788053 199591.648656 199318.949819 200189.043757 201698.276742 218815.531740 220399.043540
-9999.0 -9999.0 -9999.0 -9999.0 -9999.0 -9999.0 -9999.0 -9999.0 -9999.0 -9999.0 -9999.0 219799.265321 176715.411800 78863.301203 221313.035958 29928.488038 1010.920981 -322.327410 -136.941805 -608.034536 -428.220938 871.405960 18683.378485 302583.414604 309177.447093 304950.255667 311480.880529 272833.721557 258534.568923 102703.564111 313257.240915 312693.387039 64751.737003 240327.131472 250381.053728 243993.713224 265135.344671 -351.537567 -1013.612070 -1577.865727 -234.312925 7083.977079 175512.181247 2894.629567 73663.338296 266168.163728 247531.825098 145891.379513 137516.600725 118706.867520 57585.225908 272160.786774 77125.315038 -25.738830 -25.909823 -24.894672 1888.752188
-9999.0 -9999.0 -9999.0 -9999.0 -9999.0 -9999.0 -9999.0 -9999.0 -9999.0 -9999.0 11054.477697 157266.514910 115397.295977 106984.269662 27836.188779 142628.094516 154944.092300 702.323248 -1067.720203 -561.838693 18.546252 19.860053 424413.095978 42029.486618 62784.270864 201016.359990 305209.056093 57405.476407 236222.384488 158521.728671 108995.670416 105663.734732 211746.120885 219754.830534 80966.526033 84434.854303 219220.639379 114985.472881 279026.503563 959.063299 1074.465725 -87.650180 -20.312483 18.927975 192534.566710 75370.478974 225109.648648 272354.444845 272995.778573 72703.676705 52192.002687 83062.966644 -14.607039 -19.942081 -13.009307 70510.256474 63708.594269
-9999.0 -9999.0 -9999.0 -9999.0 -9999.0 -9999.0 -9999.0 -9999.0 -9999.0 234963.496623 204645.465214 44216.798921 44342.474087 263039.589308 288223.892399 270968.799135 183171.865119 1320.012489 -706.354747 -1165.852472 -141.196376 -366.766067 650.261337 936.030998 1118.081276 449844.392039 332610.907339 131740.719199 257550.495246 141839.927152 2798.825425 340534.833988 93514.739569 -24.966021 56422.017651 71870.203802 66750.773672 335634.428078 268221.278254 262265.838167 274760.684455 414704.511338 432931.845232 -411.135827 -216.004036 125209.700328 21335.042833 258971.754690 260212.476757 869.736138 8782.704830 21516.947831 -12.166146 62114.790395 59271.550592 -112.366570 -131.319927
-9999.0 -9999.0 -9999.0 -9999.0 -9999.0 -9999.0 -9999.0 -9999.0 -9999.0 59043.640406 57103.883180 187607.816206 16824.671686 33014.617980 177318.018001 260607.281126 30734.809780 833.185964 -774.542978 -520.417920 -423.024729 -587.053819 -286.092568 5649.979447 452540.728151 322763.640721 242932.932549 66057.937689 1097.164500 4415.377432 53421.435834 236934.505054 97316.040159 252572.114233 234436.809850 83030.349417 82789.590439 64836.651080 258927.470180 234630.648511 177559.053489 330463.268007 222727.225996 503.688434 -355.709884 -314.017148 -247.212435 991.717007 36474.932574 963.479189 417293.955394 268754.714483 87250.967216 205119.012049 197723.409729 264257.214540 262724.076222
-9999.0 -9999.0 -9999.0 -9999.0 -9999.0 -9999.0 -9999.0 -9999.0 -9999.0 -9999.0 266021.289779 229608.755747 254048.109226 260729.700279 11635.599958 150340.989822 40789.050432 -319.151475 -796.630483 -565.078583 -260.229487 -588.793186 11969.313962 409775.516721 300082.044532 123869.363523 1385.022108 139.435475 60418.607011 392723.664115 385704.098831 384895.365899 273706.635030 207311.092408 184948.613693 176751.472533 115177.163037 113274.272724 88683.444931 194303.696875 286396.766130 139743.265074 63914.360594 171117.369276 1586.886425 980.522362 -224.931683 -203.968946 -264.696157 1419.414617 296015.406218 260860.715975 40988.505553 41835.779461 157312.801663 177920.147238 157941.529618
-9999.0 -9999.0 -9999.0 -9999.0 -9999.0 -9999.0 -9999.0 -9999.0 -9999.0 -9999.0 176717.293687 207738.424514 153792.793875 169144.904973 13.482504 665.741097 824.633024 -732.879307 -859.077879 -1372.750260 -1806.581140 -692.356915 45330.997957 163299.664850 122264.559141 689.998105 14.248466 1691.903834 286712.038272 299951.980002 229176.936470 207911.409494 268736.328354 263481.298729 276079.233749 213985.879867 296296.838052 296574.984933 302172.884554 274890.909427 262940.974157 248613.432954 300338.298985 219191.460914 118400.794040 417098.716516 114500.204041 1445.126439 15.081616 14.045478 29494.071329 139036.546338 145378.060040 124083.677799 56263.238827 54463.552257 263560.632027
-9999.0 -9999.0 -9999.0 -9999.0 -9999.0 -9999.0 -9999.0 -9999.0 224259.748444 253084.225193 265757.541216 236226.783961 297061.836305 297516.990190 277141.819760 -270.268224 -862.844743 -599.967965 -699.922598 -2083.586633 -2386.641446 -1067.684500 -868.441864 -487.722790 915.686116 -240.162023 -14.806514 333108.255027 291910.973423 274019.582686 -23.723879 100492.307431 203592.393605 265649.408946 238219.480146 277076.876417 37874.671660 265451.251026 443592.032337 75008.153741 87035.845862 63329.046145 198010.296811 98892.479502 60222.543973 38599.658229 440192.615684 324924.460439 431.693189 13.774977 4277.547228 44475.370643 113621.341921 177997.342950 62845.812006 233001.550668 66398.639677
-9999.0 -9999.0 -9999.0 -9999.0 -9999.0 -9999.0 -9999.0 -9999.0 -53.337201 -176.611616 261600.197755 268035.608537 256563.534533 258003.701220 447319.038645 1014.273947 -537.420612 -642.857302 -1432.594952 -2065.507621 -443.217319 -546.743121 -561.394701 -539.989717 -888.949959 -366.962287 18.222362 94295.576286 66957.558075 249934.941926 251145.283089 52348.874636 63164.874457 57394.067095 83530.231690 183251.247812 51341.593756 70636.680423 238054.987275 234366.896882 262903.371942 1880.903065 76649.302384 219410.022794 158390.011943 242280.169459 86941.957533 247174.660144 233698.481272 14.027797 13.090398 171846.288247 242798.516238 250904.780543 240604.709394 56245.267331 303836.949286
-9999.0 -9999.0 -9999.0 -9999.0 -9999.0 -9999.0 -9999.0 -9999.0 268473.921765 215558.244905 220346.774933 287848.576163 236259.890166 80502.578947 285822.702335 443494.458604 598.232091 -504.657245 -1840.331873 -544.794823 -2133.487934 -784.098473 -617.869397 -1446.457224 -529.876861 -496.535673 186.933258 434625.591169 69360.363119 211709.892011 47136.661952 52471.985931 229414.036264 280767.608620 131087.685525 78803.185296 257173.852486 13.523228 100253.491942 218955.249754 194360.092560 53980.386189 195544.631383 180445.224388 212418.369146 201841.333057 69351.252302 252804.400982 318478.690796 3623.520556 -180.931566 7708.617442 381257.678321 443798.644567 307190.851010 281651.625379 150.138025
-9999.0 -9999.0 -9999.0 -9999.0 -9999.0 -9999.0 -9999.0 -9999.0 94044.540778 234662.804800 -75.075989 71021.783433 225737.408677 175985.322306 342697.150898 382.978704 -775.525222 -1461.903933 -423.205261 -2268.863376 -1695.921492 -1692.717434 -757.408526 -1538.390623 -1054.114854 -430.470142 269666.894730 462153.354822 128731.857802 410257.902825 327030.590886 331668.717873 222179.282340 230767.449698 338901.609395 44363.729686 735.275279 -472.922715 62.302515 153641.039745 166471.942878 155367.440598 193733.261843 57102.988806 218970.333607 72446.316689 236515.629077 80043.196615 223853.366103 289765.319681 1662.256715 -149.011827 4068.742570 198293.633122 15644.883191 24.595186 25.145942
-9999.0 -9999.0 -9999.0 -9999.0 -9999.0 -9999.0 -9999.0 -9999.0 263088.544637 253995.333849 -69.839075 437251.029354 429354.024197 430179.242718 3490.343135 20.702359 13.502624 -482.184459 -439.154621 -625.370513 -1684.758824 -1111.861283 -1527.178470 -1543.386956 -458.187925 667.712839 451325.295674 127604.162072 6229.379518 -34.963597 398940.192542 23136.154741 26.614463 1063.345931 879.719234 -239.443762 -296.573471 -536.029686 -365.158122 16.169543 1129.425042 847.114838 1859.493981 22307.291184 282195.034740 74069.154851 218101.754015 276232.890370 194803.405141 3122.254924 -242.013235 -497.568743 -290.624801 -280.389526 131.788864 119.829723 15.819411
-9999.0 -9999.0 245145.821856 206761.630866 -91.234856 322564.891012 308614.260200 306463.912130 249014.485064 255829.308023 316927.836019 316525.653520 314632.332127 118514.757778 14.343292 12.862604 10835.785575 465799.549362 258046.849094 832.049704 -653.264499 -708.450993 15.692418 -2622.942700 -1127.413698 -680.728421 670.689569 630.758644 -307.361246 18.099420 6239.050959 15.090939 42.941252 -280.765019 -232.447680 -506.904274 -386.084305 -657.392706 -494.303297 -441.716045 -323.345500 -231.480594 -199.650555 -156.555608 1055.791101 766.550298 15.890385 -160.363436 -190.234092 -336.474176 -438.170524 -566.371657 15.530561 15.714797 15.891416 15.824723 28.605294
