user2019/resources/simulation/Vinschgau/output-maps/psiL0005N1430.asc
ncols         63
nrows         48
xllcorner     598000.000000
yllcorner     5145000.000000
cellsize      1000.000000
NODATA_value  -9999.0
[rows 0 to 25 of 48, columns 0 to 56 of 63]
-9999.0 -9999.0 -9999.0 -9999.0 -9999.0 -9999.0 -9999.0 -9999.0 -9999.0 -9999.0 -9999.0 -9999.0 -9999.0 -9999.0 -9999.0 -9999.0 -9999.0 -9999.0 -9999.0 -9999.0 -9999.0 -9999.0 -9999.0 -9999.0 -9999.0 -9999.0 -9999.0 -9999.0 -9999.0 -9999.0 -9999.0 -9999.0 -9999.0 -9999.0 -9999.0 -9999.0 -9999.0 -9999.0 -9999.0 -9999.0 -9999.0 -9999.0 -9999.0 -9999.0 -9999.0 -9999.0 -9999.0 -9999.0 -9999.0 -9999.0 -9999.0 -9999.0 -9999.0 -9999.0 -9999.0 -9999.0 -9999.0
-9999.0 -9999.0 -9999.0 -9999.0 -9999.0 -9999.0 -9999.0 -9999.0 -9999.0 -9999.0 -9999.0 -9999.0 -9999.0 -9999.0 -9999.0 -9999.0 -9999.0 -9999.0 -9999.0 -9999.0 -9999.0 -9999.0 -9999.0 -9999.0 -9999.0 -9999.0 -9999.0 -312.241108 -1048.973684 -247.790257 -834.637818 -117.615506 13736.679087 -9999.0 -9999.0 -9999.0 -9999.0 -9999.0 -9999.0 -9999.0 -9999.0 -9999.0 -9999.0 -9999.0 -9999.0 -9999.0 -9999.0 -9999.0 -9999.0 -9999.0 -9999.0 -9999.0 -9999.0 -9999.0 -9999.0 -9999.0 -9999.0
-9999.0 -9999.0 -9999.0 -9999.0 -9999.0 -9999.0 -9999.0 -9999.0 -9999.0 -9999.0 -9999.0 -9999.0 -9999.0 -9999.0 -9999.0 -9999.0 -9999.0 -9999.0 -9999.0 -9999.0 -9999.0 -9999.0 -9999.0 -9999.0 -904.174034 -1138.501136 -850.017511 -944.436172 -778.310182 -1129.568972 -803.657300 -9999.0 -9999.0 -9999.0 -9999.0 -9999.0 -9999.0 -9999.0 -9999.0 -9999.0 -9999.0 -9999.0 -9999.0 -9999.0 -9999.0 -9999.0 -9999.0 -9999.0 -9999.0 -9999.0 -9999.0 -9999.0 -9999.0 -9999.0 -9999.0 -9999.0 -9999.0
-9999.0 -9999.0 -9999.0 -9999.0 -9999.0 -9999.0 -9999.0 -9999.0 -9999.0 -9999.0 -9999.0 -9999.0 -9999.0 -9999.0 -9999.0 -9999.0 -9999.0 -9999.0 -9999.0 -9999.0 -9999.0 -9999.0 -9999.0 -1117.205502 -897.367538 -2129.283876 -2529.421312 -3739.019756 -3714.754202 -1490.699245 -833.352639 -527.302740 -9999.0 -9999.0 -9999.0 -9999.0 -9999.0 -9999.0 -9999.0 -9999.0 -9999.0 -9999.0 -9999.0 -9999.0 -9999.0 -9999.0 -9999.0 -9999.0 -9999.0 -9999.0 -9999.0 -9999.0 -9999.0 -9999.0 -9999.0 -9999.0 -9999.0
-9999.0 -9999.0 -9999.0 -9999.0 -9999.0 -9999.0 -9999.0 -9999.0 -9999.0 -9999.0 -9999.0 -9999.0 -9999.0 -9999.0 -9999.0 -9999.0 -9999.0 -9999.0 -994.803706 -989.885300 -9999.0 -895.190932 -932.004396 -3601.550485 -2330.026517 -3603.762643 -1226.701020 -1412.761259 -1352.905171 -1920.340343 -1454.075098 -911.963778 -287.479565 -317.350118 -9999.0 -9999.0 -9999.0 -9999.0 -9999.0 -9999.0 -9999.0 -9999.0 -9999.0 -9999.0 -9999.0 -9999.0 -9999.0 -9999.0 -9999.0 -9999.0 -9999.0 -9999.0 -9999.0 -9999.0 -9999.0 -9999.0 -9999.0
-9999.0 -9999.0 -9999.0 -9999.0 -9999.0 -9999.0 -9999.0 -9999.0 -9999.0 -9999.0 -9999.0 -9999.0 -9999.0 -9999.0 -9999.0 -9999.0 -9999.0 -2129.296323 -2528.297457 -32037.711780 -358.230596 -1048.166945 -1958.970871 -3389.657404 -1440.618642 -1088.439527 88089.784588 -1588.098970 24042.271725 -1182.229659 -914.310336 -1443.564844 -275.165381 -460.355075 -422.519810 -373.822579 -9999.0 -9999.0 -9999.0 -9999.0 -9999.0 -9999.0 -9999.0 -9999.0 -9999.0 -9999.0 -9999.0 -9999.0 -9999.0 -9999.0 -9999.0 -9999.0 -9999.0 -9999.0 -9999.0 -9999.0 -9999.0
-9999.0 -9999.0 -9999.0 -9999.0 -9999.0 -9999.0 -9999.0 -9999.0 -9999.0 -9999.0 -9999.0 -9999.0 -9999.0 -1752.420699 -2147.078896 -2013.826208 -2263.199100 -6897.438718 -2091.326846 -3510.637524 -2334.750961 -2260.364859 -3505.879630 -2058.682221 -692.189759 -923.047044 -5062.387838 5064.345382 -75.709873 -968.424551 21133.037239 -749.917780 -1172.751887 -832.318784 -177.493605 -317.530953 -9999.0 -9999.0 -9999.0 -9999.0 -9999.0 -9999.0 -9999.0 -9999.0 -9999.0 -9999.0 -9999.0 -9999.0 -9999.0 -9999.0 -9999.0 -9999.0 -9999.0 -9999.0 -9999.0 -9999.0 -9999.0
-9999.0 -9999.0 -9999.0 -9999.0 -9999.0 -9999.0 -9999.0 -9999.0 -9999.0 -9999.0 -9999.0 -9999.0 -9999.0 -1235.277719 -2466.929148 -2185.502315 -2231.243389 -1238.136049 -6911.120241 -2539.185046 -3181.728746 -3466.277487 -2264.817099 -1613.919748 -2053.168260 -3038.590087 -1136.240258 -256.369972 -242.703846 68154.494078 50429.210496 -969.406523 -229.217629 -293.108399 -214.537983 -9999.0 -9999.0 -9999.0 -9999.0 -9999.0 -9999.0 -9999.0 -9999.0 -9999.0 -9999.0 -9999.0 -9999.0 -9999.0 -9999.0 -9999.0 -9999.0 -9999.0 -9999.0 -9999.0 -9999.0 -9999.0 -9999.0
-9999.0 -9999.0 -9999.0 -9999.0 -9999.0 -9999.0 -9999.0 -9999.0 -9999.0 -9999.0 -9999.0 -9999.0 -9999.0 -2560.104616 355.611131 -2193.249812 -2186.081572 -2202.807298 -6949.236064 -2150.268668 -1571.743708 -22664.747690 -1177.543977 -178.488034 -2154.738059 -2076.015545 -334.961867 -281.713193 -583.889398 -333.041722 -618.536081 -159.430636 -326.807487 -294.190068 -261.721661 -9999.0 -9999.0 -9999.0 -9999.0 -9999.0 -9999.0 -9999.0 -9999.0 -9999.0 -9999.0 -9999.0 -9999.0 -9999.0 -9999.0 -9999.0 -9999.0 -9999.0 -9999.0 -9999.0 -9999.0 -9999.0 -9999.0
-9999.0 -9999.0 -9999.0 -9999.0 -9999.0 -9999.0 -9999.0 -9999.0 -9999.0 -9999.0 -9999.0 -9999.0 -3511.441243 6252.100996 -2522.223031 -2216.049803 -1774.124206 -2100.491392 -1453.537997 -34488.434450 -2322.045680 -1497.697986 -11056.913123 -1057.234237 28744.289950 -1085.317756 25993.801407 -779.850926 -1129.869866 -189.021426 -556.337231 -257.833539 -372.839510 -327.109890 -9999.0 -9999.0 -9999.0 -9999.0 -9999.0 -9999.0 -9999.0 -9999.0 -9999.0 -9999.0 -9999.0 -9999.0 -9999.0 -9999.0 -9999.0 -9999.0 -9999.0 -9999.0 -9999.0 -9999.0 -9999.0 -9999.0 -9999.0
-9999.0 -9999.0 -9999.0 -9999.0 -9999.0 -9999.0 -9999.0 -9999.0 -9999.0 -9999.0 -9999.0 -1209.329997 -2249.730783 -551.350280 -2501.294123 -1352.718813 -35225.586474 -2165.871354 -1084.877302 -40762.555350 -3085.954432 -1806.767654 -1666.977345 -1247.301666 -2714.014364 -1354.670333 -661.021418 -1095.578432 3284.675684 -207.348717 -272.889430 -1221.279598 -203.288758 -303.000703 -269.267981 -262.591891 -1046.532921 -1445.399642 -227.305890 -9999.0 -9999.0 -9999.0 -426.434006 -9999.0 -9999.0 -9999.0 -9999.0 -9999.0 -9999.0 -9999.0 -9999.0 -9999.0 -9999.0 -9999.0 -9999.0 -9999.0 -9999.0
-9999.0 -9999.0 -9999.0 -9999.0 -9999.0 -9999.0 -9999.0 -9999.0 -9999.0 -9999.0 -9999.0 -1217.417454 -2329.896994 -3779.311729 -2700.102365 -1927.806901 -2834.666623 -2613.173101 -1125.193757 -1726.695255 -1467.598029 -1633.851691 -743.540766 55177.563543 59125.552937 -1051.535975 -1072.534859 -1336.711996 -180.356165 -264.382093 -1078.536583 -957.626653 -538.734671 -405.387480 -598.664791 -1120.794658 -1365.044345 -2521.911634 -1721.888409 -388.598816 -329.071428 -302.236747 -859.230697 -276.883649 -9999.0 -9999.0 -9999.0 -654.888943 -419.909241 -159.094849 -349.004021 -173.507654 -158.925361 33052.990613 41837.668276 -122.066990 -9999.0
-9999.0 -9999.0 -9999.0 -9999.0 -9999.0 -9999.0 -9999.0 -9999.0 -9999.0 -9999.0 -9999.0 -1171.875881 -1268.873659 -2836.928718 -1013.054825 -1978.587548 -2141.208048 -2441.351749 -2223.220023 -1732.526745 -1202.367533 -1234.542167 62684.205269 -768.811481 -1047.536092 -299.319924 63803.625065 63967.391575 -264.235880 -560.941288 -261.952705 55538.128556 -1355.640568 -431.537151 -225.758462 -1378.578362 63102.032700 -1000.193586 -2393.229496 -443.462476 -1435.054997 -140.965616 -1350.241953 -1094.212843 -447.797153 -9999.0 -299.933442 -431.988511 -729.821340 -1188.980879 -190.274876 -237.415250 -141.883445 -755.277302 -117.134026 -408.277049 -9999.0
-9999.0 -9999.0 -9999.0 -9999.0 -9999.0 -9999.0 -9999.0 -9999.0 -9999.0 -9999.0 -9999.0 -9999.0 -1156.183549 -780.707235 -1290.792563 -1284.758955 -1494.176881 -2361.096900 -1191.728505 -1703.935260 -2060.903001 -2517.316075 238.378155 50626.028622 59975.827385 63462.430215 1937.948049 -177.837236 -817.743096 -263.808699 -1048.368318 62372.868268 -219.406535 -613.165898 -500.708829 -1175.012587 -358.613065 -1248.021961 -1089.989685 -419.618880 -1762.517449 -374.342608 49770.538630 -770.120875 -264.885563 -484.826122 -269.704563 -376.230088 49000.705151 61983.879232 59814.624475 55602.533853 56372.353335 54703.045283 54104.711898 -213.987293 -207.228227
-9999.0 -9999.0 -9999.0 -9999.0 -9999.0 -9999.0 -9999.0 -9999.0 -9999.0 -9999.0 -9999.0 71246.598062 -1001.262907 -254.577667 -736.972986 -1377.356481 -2009.787920 -2042.643860 -1661.147664 -1570.472993 -2211.443737 -1227.029743 -478.482911 39232.552099 64469.755988 63984.405032 66312.824917 -800.512072 -733.496107 -283.621160 65074.451557 64055.161086 -1179.704120 -675.110094 -517.215340 -1015.790794 -1357.062859 -1293.448769 -1078.726634 -2168.756554 -1200.458637 -1597.545968 229.779284 -4683.053066 -1399.800184 -804.181960 -1094.860866 -310.378110 -289.366913 -204.872551 -632.674962 -866.986319 21320.364820 -681.067918 -865.020201 -379.881680 -186.712739
-9999.0 -9999.0 -9999.0 -9999.0 -9999.0 -9999.0 -9999.0 -9999.0 -9999.0 -9999.0 2287.305035 62641.832708 -934.884985 -1015.106637 -1180.437050 2383.211540 2131.959422 -1109.835762 -1941.813608 -1508.350317 -1403.263736 -988.108237 55186.002976 -924.340998 -180.775808 29910.740202 55893.213757 -671.997660 -209.399004 -1401.320764 44598.680205 38556.284588 -1167.280824 -658.142692 -276.575655 -282.357868 -1523.620647 57538.472352 -623.915622 -363.598399 -918.826386 -1726.837321 -87.996356 -852.213391 4957.396082 -285.464971 -1105.898189 49108.569138 62615.277613 -214.029093 -1494.204916 -194.421133 -782.160388 -162.240157 -135.798699 -625.574943 -656.448926
-9999.0 -9999.0 -9999.0 -9999.0 -9999.0 -9999.0 -9999.0 -9999.0 -9999.0 -1057.704226 -660.285910 27807.299398 -135.062909 68053.214128 79785.898800 6041.310221 16171.049815 -1172.963781 -2409.043297 -1617.491854 -1478.296886 -1728.702919 -1818.508034 -1704.476783 -534.702550 75113.149519 60689.571851 -1131.053895 47146.155955 -225.529078 -382.171318 4345.532639 -247.958971 -295.234348 -302.008652 -279.802252 -1356.333593 58116.126486 64029.240836 73330.156214 75815.123914 76489.357331 59414.574929 -1533.062493 -1704.320787 6159.578592 -1424.554308 34053.830771 37064.827120 -420.800726 -95.908095 -194.920538 -181.093667 -99.441166 -134.082850 10671.057259 17674.157448
-9999.0 -9999.0 -9999.0 -9999.0 -9999.0 -9999.0 -9999.0 -9999.0 -9999.0 -147.498661 -1057.865554 -1501.226640 4742.986779 -842.932188 35143.453059 68176.791033 -982.867280 -1503.950662 -2486.046594 -1716.570433 -1621.570596 -2254.210148 -1196.831687 -733.313435 71554.349339 64844.900669 68663.226376 -213.060091 -652.262212 -721.577304 -1466.615968 75499.745294 -1094.992570 -490.760261 -729.514627 -295.203412 -300.724607 -287.245496 -1070.190236 -1247.191393 69798.511380 51441.285643 80333.904893 -893.920149 -1132.461130 -1263.595377 -1794.809707 -2308.212053 -910.646704 -800.739974 698.950480 45797.967384 -102.533666 49901.790301 -68.570135 20675.521608 15481.342380
-9999.0 -9999.0 -9999.0 -9999.0 -9999.0 -9999.0 -9999.0 -9999.0 -9999.0 -9999.0 -1025.528679 -1235.633111 -59.906468 42350.203304 -1195.672611 13960.320305 -780.840325 -1977.086007 -2565.425637 -1844.427317 -1569.546238 -2831.562250 -34.582450 46790.660958 64619.683891 7257.760962 -459.144663 -910.117280 -1119.040080 84634.670887 79449.850505 87572.209458 53806.382467 -608.906483 -1372.731088 -1158.147965 -876.088915 -823.131501 -276.369957 -1081.737848 -941.992133 -755.800687 4814.515599 4115.489854 -474.072550 -440.044227 -2194.251668 -1195.069771 -3305.881590 -1709.809852 -23.357724 -109.219864 -130.244765 -109.147042 49747.864571 -323.346989 -206.400802
-9999.0 -9999.0 -9999.0 -9999.0 -9999.0 -9999.0 -9999.0 -9999.0 -9999.0 -9999.0 -713.440095 -1138.796131 -849.303581 -213.670245 -715.324515 -1171.109956 -839.954512 -1677.914140 -2133.655684 -2097.630826 -2085.609063 -2184.511982 3129.481370 39576.722109 752.819727 -579.208197 -811.346597 325.451377 85281.791088 54203.553607 -1066.278297 -649.959378 -1132.372898 -551.035586 -1101.423260 -777.224427 18677.933331 54747.316568 50274.732890 -752.396563 -1102.823952 -131.099810 64649.987060 -1551.541913 -709.953544 6121.688077 -248.942343 -437.924329 -2318.804209 -3012.445497 -293.171530 47252.227426 54363.530625 -130.827827 -141.017290 -106.300506 -328.095566
-9999.0 -9999.0 -9999.0 -9999.0 -9999.0 -9999.0 -9999.0 -9999.0 -716.284585 -951.672920 -118.281313 -760.473975 30855.014969 68086.167252 124888.316009 -950.362622 -3154.636654 -2258.080229 -2255.315307 -2153.973480 -2272.946081 -2603.338887 -2537.849063 -2332.699414 -1400.763289 -761.712340 -648.873265 89692.745101 69236.033147 54051.730494 -216.515162 -1064.637067 -1086.047450 -612.864042 -1091.239439 -1086.669793 -1524.818077 13328.722537 78634.308228 -298.363065 -300.723523 -751.018464 -597.342275 -278.729350 -348.798929 2099.287720 77414.044036 76024.589540 -399.298647 -887.614339 -547.186086 -35.077328 30330.935133 44125.992395 -117.965470 -110.216168 -183.809083
-9999.0 -9999.0 -9999.0 -9999.0 -9999.0 -9999.0 -9999.0 -9999.0 -54.712735 32496.275518 51662.523157 -690.971898 -1121.196502 59380.186942 79451.355862 -463.821575 -1969.743058 -2256.192573 -3288.498735 -2168.954427 -1156.530826 -1893.117909 -2141.026574 -2369.664053 -2483.631503 -1458.239074 -614.983621 68833.325517 -1352.790392 -716.662154 -445.820412 -345.383106 -1126.745243 -341.783530 -768.321414 -870.514834 -1503.619516 -407.781039 61570.546454 -1451.621678 -1085.781562 -97.149953 -324.970021 -1509.822847 2546.794524 60745.571115 -637.675299 -1253.138521 47782.041733 -838.019582 -645.023865 44266.407863 31391.828230 -368.948833 -136.063396 -2622.015978 38498.855379
-9999.0 -9999.0 -9999.0 -9999.0 -9999.0 -9999.0 -9999.0 -9999.0 -1094.048936 4474.864050 -528.296358 49746.175116 -554.883997 -612.184574 65260.538768 61487.004818 -1237.406755 -2223.053482 -2634.262371 -1159.250199 -2178.750757 -1907.883165 -2150.959152 -2199.102695 -1982.265507 -2256.525698 -686.852880 84825.987493 -1003.108947 -1079.065826 -362.274789 -673.175964 60989.323719 -104.466001 -712.669916 -1418.252429 -1017.890705 -1008.677674 40359.665936 59325.430118 -1404.635739 -384.474613 -940.010396 1845.487165 65816.792096 -826.306579 -341.648632 -268.607466 62197.405448 -320.440099 -916.313719 -456.713932 15282.317240 25256.697222 25319.040622 155.499440 -429.709736
-9999.0 -9999.0 -9999.0 -9999.0 -9999.0 -9999.0 -9999.0 -9999.0 -245.728312 -1400.345233 34658.265166 -1294.103351 -477.056417 62026.739500 -38.545588 -590.155243 -3008.546195 -2580.131689 -1523.296932 -2151.356726 -2139.243222 -2126.721189 -1857.750066 -1865.633501 -1901.070672 -1269.638846 84966.699702 72560.893041 -863.631832 60652.315135 49955.971114 69164.217808 -377.581884 -310.765836 -173.795354 -1644.309997 -1789.071896 -2325.150444 -1176.213355 -151.492940 -1469.590858 -1462.666659 -1393.842358 -353.326001 -351.795305 -333.063652 -221.489827 -290.942650 -1142.751593 40530.040711 74.725911 -1223.864155 -536.047176 34049.658722 -214.795878 -555.643351 -1718.909591
-9999.0 -9999.0 -9999.0 -9999.0 -9999.0 -9999.0 -9999.0 -9999.0 16102.287881 -426.358917 -138.914513 78635.028712 78603.625611 87265.501803 -408.970173 -1150.856722 -995.013366 -2035.311815 -1431.325371 -2282.971026 -2133.444033 -2038.374109 -2099.459990 -2097.532263 -2229.582890 -1209.471008 80517.184451 2644.539695 -852.563466 7.099700 52010.466720 -527.984123 -2399.290912 -875.222161 -1958.928945 -3000.224440 -3240.562506 -2501.210586 -3000.166876 -1429.933836 -2343.851105 -7656.768671 -1721.806827 -1623.006586 39671.207637 -1441.892434 46221.587225 8115.727315 55622.899348 -620.044936 -2529.730620 -1472.471177 -1228.182681 -1053.812354 -740.089698 -741.377193 -1053.560141
-9999.0 -9999.0 -165.369978 -805.379132 -157.920166 57987.573167 56162.526774 55391.973584 -196.383801 -249.892362 60153.978189 69362.957305 82080.275158 94.937505 -1220.773149 -164.865926 -300.274278 80346.836181 70938.490120 -921.814156 -2270.440659 -2098.482048 -1759.812050 -2188.387763 -1962.669981 -2081.553664 -1117.558002 -1098.440187 -1805.278038 -1336.169057 277.851741 -1345.185675 -1435.501537 -2235.303988 -2193.537003 -2388.152612 -2267.446650 -2624.198025 -3146.175956 -2874.172831 -3369.761913 -3402.632953 -2872.456758 -2136.553598 -1100.835980 -2323.013669 -1152.209964 -937.700509 -3135.852930 -2098.873257 -2192.695297 -1419.354612 -1103.192888 -916.532007 -804.363518 -889.377601 -1014.408439
