user2019/resources/simulation/Vinschgau/output-maps/psiL0007N0368.asc
ncols         63
nrows         48
xllcorner     598000.000000
yllcorner     5145000.000000
cellsize      1000.000000
NODATA_value  -9999.0
[rows 0 to 25 of 48, columns 0 to 58 of 63]
-9999.0 -9999.0 -9999.0 -9999.0 -9999.0 -9999.0 -9999.0 -9999.0 -9999.0 -9999.0 -9999.0 -9999.0 -9999.0 -9999.0 -9999.0 -9999.0 -9999.0 -9999.0 -9999.0 -9999.0 -9999.0 -9999.0 -9999.0 -9999.0 -9999.0 -9999.0 -9999.0 -9999.0 -9999.0 -9999.0 -9999.0 -9999.0 -9999.0 -9999.0 -9999.0 -9999.0 -9999.0 -9999.0 -9999.0 -9999.0 -9999.0 -9999.0 -9999.0 -9999.0 -9999.0 -9999.0 -9999.0 -9999.0 -9999.0 -9999.0 -9999.0 -9999.0 -9999.0 -9999.0 -9999.0 -9999.0 -9999.0 -9999.0 -9999.0
-9999.0 -9999.0 -9999.0 -9999.0 -9999.0 -9999.0 -9999.0 -9999.0 -9999.0 -9999.0 -9999.0 -9999.0 -9999.0 -9999.0 -9999.0 -9999.0 -9999.0 -9999.0 -9999.0 -9999.0 -9999.0 -9999.0 -9999.0 -9999.0 -9999.0 -9999.0 -9999.0 -594.008843 -593.584820 -593.382241 -584.122549 -582.659198 -582.676277 -9999.0 -9999.0 -9999.0 -9999.0 -9999.0 -9999.0 -9999.0 -9999.0 -9999.0 -9999.0 -9999.0 -9999.0 -9999.0 -9999.0 -9999.0 -9999.0 -9999.0 -9999.0 -9999.0 -9999.0 -9999.0 -9999.0 -9999.0 -9999.0 -9999.0 -9999.0
-9999.0 -9999.0 -9999.0 -9999.0 -9999.0 -9999.0 -9999.0 -9999.0 -9999.0 -9999.0 -9999.0 -9999.0 -9999.0 -9999.0 -9999.0 -9999.0 -9999.0 -9999.0 -9999.0 -9999.0 -9999.0 -9999.0 -9999.0 -9999.0 -594.021100 -526.600289 -407.310883 -472.642065 -412.163359 -593.043277 -587.295637 -9999.0 -9999.0 -9999.0 -9999.0 -9999.0 -9999.0 -9999.0 -9999.0 -9999.0 -9999.0 -9999.0 -9999.0 -9999.0 -9999.0 -9999.0 -9999.0 -9999.0 -9999.0 -9999.0 -9999.0 -9999.0 -9999.0 -9999.0 -9999.0 -9999.0 -9999.0 -9999.0 -9999.0
-9999.0 -9999.0 -9999.0 -9999.0 -9999.0 -9999.0 -9999.0 -9999.0 -9999.0 -9999.0 -9999.0 -9999.0 -9999.0 -9999.0 -9999.0 -9999.0 -9999.0 -9999.0 -9999.0 -9999.0 -9999.0 -9999.0 -9999.0 -593.783868 -390.419530 -438.480874 -395.896034 -1997.500787 -1481.496887 -592.990310 -593.532354 -593.974418 -9999.0 -9999.0 -9999.0 -9999.0 -9999.0 -9999.0 -9999.0 -9999.0 -9999.0 -9999.0 -9999.0 -9999.0 -9999.0 -9999.0 -9999.0 -9999.0 -9999.0 -9999.0 -9999.0 -9999.0 -9999.0 -9999.0 -9999.0 -9999.0 -9999.0 -9999.0 -9999.0
-9999.0 -9999.0 -9999.0 -9999.0 -9999.0 -9999.0 -9999.0 -9999.0 -9999.0 -9999.0 -9999.0 -9999.0 -9999.0 -9999.0 -9999.0 -9999.0 -9999.0 -9999.0 52.732913 -376.443097 -9999.0 -593.915077 -453.101143 -1221.347259 -310.784622 -23811.686484 -809.515073 -1253.059153 175.967706 -556.941528 -592.945524 -593.595673 -593.131002 -593.216993 -9999.0 -9999.0 -9999.0 -9999.0 -9999.0 -9999.0 -9999.0 -9999.0 -9999.0 -9999.0 -9999.0 -9999.0 -9999.0 -9999.0 -9999.0 -9999.0 -9999.0 -9999.0 -9999.0 -9999.0 -9999.0 -9999.0 -9999.0 -9999.0 -9999.0
-9999.0 -9999.0 -9999.0 -9999.0 -9999.0 -9999.0 -9999.0 -9999.0 -9999.0 -9999.0 -9999.0 -9999.0 -9999.0 -9999.0 -9999.0 -9999.0 -9999.0 -248.348482 -801.448010 -4512.123599 -591.487443 -1426.666618 -456.017079 -858.871376 297.457054 -603.603034 -635.195368 -614.083725 -616.599618 -1407.574758 -356.389894 -593.366809 -591.194210 -592.497466 -583.401023 -582.291722 -9999.0 -9999.0 -9999.0 -9999.0 -9999.0 -9999.0 -9999.0 -9999.0 -9999.0 -9999.0 -9999.0 -9999.0 -9999.0 -9999.0 -9999.0 -9999.0 -9999.0 -9999.0 -9999.0 -9999.0 -9999.0 -9999.0 -9999.0
-9999.0 -9999.0 -9999.0 -9999.0 -9999.0 -9999.0 -9999.0 -9999.0 -9999.0 -9999.0 -9999.0 -9999.0 -9999.0 -593.748948 -447.174013 -513.941943 -295.932157 -592.253889 -234.601235 -2223.985196 -366.258290 -358.935516 -6406.185500 -211.886421 -541.274357 -593.562266 -609.768989 -613.263337 -611.145149 -607.977767 -613.113571 -593.710854 -589.524995 -581.700269 -582.060224 -582.136741 -9999.0 -9999.0 -9999.0 -9999.0 -9999.0 -9999.0 -9999.0 -9999.0 -9999.0 -9999.0 -9999.0 -9999.0 -9999.0 -9999.0 -9999.0 -9999.0 -9999.0 -9999.0 -9999.0 -9999.0 -9999.0 -9999.0 -9999.0
-9999.0 -9999.0 -9999.0 -9999.0 -9999.0 -9999.0 -9999.0 -9999.0 -9999.0 -9999.0 -9999.0 -9999.0 -9999.0 -594.169374 -278.721462 -729.049491 -813.855182 376.446708 -591.665918 -575.814006 -111117.003457 -593.522127 -485.620595 -515.600242 -466.037251 -611.220727 -593.558967 -582.708247 -582.257799 -597.247679 -615.558497 -581.849364 -582.056480 -582.012075 -582.048159 -9999.0 -9999.0 -9999.0 -9999.0 -9999.0 -9999.0 -9999.0 -9999.0 -9999.0 -9999.0 -9999.0 -9999.0 -9999.0 -9999.0 -9999.0 -9999.0 -9999.0 -9999.0 -9999.0 -9999.0 -9999.0 -9999.0 -9999.0 -9999.0
-9999.0 -9999.0 -9999.0 -9999.0 -9999.0 -9999.0 -9999.0 -9999.0 -9999.0 -9999.0 -9999.0 -9999.0 -9999.0 -418.913828 -202.879286 -692.727855 -996.595110 -484.356287 -591.349521 -203.598731 -299.546023 -612.646249 -699.515414 -638.584473 -626.647961 -625.365617 -593.307630 -582.633174 -593.569711 -582.074012 -582.139942 -582.124511 -582.187843 -582.087922 -581.954392 -9999.0 -9999.0 -9999.0 -9999.0 -9999.0 -9999.0 -9999.0 -9999.0 -9999.0 -9999.0 -9999.0 -9999.0 -9999.0 -9999.0 -9999.0 -9999.0 -9999.0 -9999.0 -9999.0 -9999.0 -9999.0 -9999.0 -9999.0 -9999.0
-9999.0 -9999.0 -9999.0 -9999.0 -9999.0 -9999.0 -9999.0 -9999.0 -9999.0 -9999.0 -9999.0 -9999.0 -679.732860 -182.750523 -302.792310 -623.703059 -1402.540814 -587.327977 170.454240 -25717.329998 -546.370036 -611.829396 -608.574453 -606.689737 -1420.501425 -583.021060 -607.304041 -593.812024 -593.280316 -582.429093 -582.145378 -593.536215 -593.008043 -584.247434 -9999.0 -9999.0 -9999.0 -9999.0 -9999.0 -9999.0 -9999.0 -9999.0 -9999.0 -9999.0 -9999.0 -9999.0 -9999.0 -9999.0 -9999.0 -9999.0 -9999.0 -9999.0 -9999.0 -9999.0 -9999.0 -9999.0 -9999.0 -9999.0 -9999.0
-9999.0 -9999.0 -9999.0 -9999.0 -9999.0 -9999.0 -9999.0 -9999.0 -9999.0 -9999.0 -9999.0 -594.079084 -626.632780 -796.797191 -618.724368 -593.814437 -607.137666 -799.715766 370.790184 -15285.872950 -38107.546249 -299.243166 -593.544037 -584.506560 -612.792921 -593.458011 -582.726249 -593.616699 -593.617699 -582.290428 -593.181835 -592.219130 -590.053570 -584.469230 -591.870507 -593.174206 -585.865981 -589.213525 -593.226788 -9999.0 -9999.0 -9999.0 -584.555497 -9999.0 -9999.0 -9999.0 -9999.0 -9999.0 -9999.0 -9999.0 -9999.0 -9999.0 -9999.0 -9999.0 -9999.0 -9999.0 -9999.0 -9999.0 -9999.0
-9999.0 -9999.0 -9999.0 -9999.0 -9999.0 -9999.0 -9999.0 -9999.0 -9999.0 -9999.0 -9999.0 -593.836016 -608.264172 -658.631963 -640.622028 -587.882706 -652.856728 -781.033747 354.278299 24.376300 -220.988503 -588.628879 -593.873890 -603.636123 -600.432660 -584.703745 -593.428492 -592.998278 -593.021781 -584.173261 -593.330666 -593.202181 -591.690552 -593.078154 -593.389961 -589.731625 -592.019401 -575.171682 -589.394575 -592.830572 -591.982716 -590.211825 -588.977139 -584.265725 -9999.0 -9999.0 -9999.0 -414.577396 -593.962155 -594.483936 -594.146199 -594.614508 -594.255185 -690.555681 -703.820991 -585.141453 -9999.0 -9999.0 -9999.0
-9999.0 -9999.0 -9999.0 -9999.0 -9999.0 -9999.0 -9999.0 -9999.0 -9999.0 -9999.0 -9999.0 -593.906804 -593.912609 -603.631308 -1430.744064 -592.331057 -654.509918 -513.783392 -227.370015 330.331886 -215.941365 -943.678116 -440.574884 -593.889201 -584.298774 -592.446113 -438.322042 -599.670106 -584.101875 -585.564307 -583.251885 -610.773886 -592.115265 -593.285971 -588.889344 -589.910495 -1042.744819 -2976.088008 -581.783675 -592.038561 -592.645669 -592.030008 -588.191141 -592.461503 -593.853936 -9999.0 -586.054243 -593.789774 -593.928379 -593.506685 -593.822438 -594.109970 -593.795582 -560.629077 -609.180910 -608.542604 -9999.0 -9999.0 -9999.0
-9999.0 -9999.0 -9999.0 -9999.0 -9999.0 -9999.0 -9999.0 -9999.0 -9999.0 -9999.0 -9999.0 -9999.0 -594.092523 -1433.808324 -585.790230 -594.271234 -660.726787 -525.174809 420.289468 325.578603 -613.747409 -1110.060860 -1299.608100 -525.481819 -607.988819 -461.859735 -209.817596 -583.715409 -585.614378 -593.619590 -593.371824 -637.307563 -593.186622 -593.285155 -587.044596 -590.038895 -519.058041 -882.900254 -350.908021 -592.685970 -489.778750 -592.445448 -930.035036 -312.879857 -592.929415 -593.793440 -594.012358 -593.965811 -609.952407 -526.535724 196.791639 -596.606914 -373.410344 -1442.740647 -594.328056 -594.032570 -594.689159 -9999.0 -9999.0
-9999.0 -9999.0 -9999.0 -9999.0 -9999.0 -9999.0 -9999.0 -9999.0 -9999.0 -9999.0 -9999.0 -1454.417694 -593.372204 -592.829608 -665.151621 -663.878726 -461.537460 -560.191893 -199.884588 325.455465 -751.889325 -533.221034 -507.006229 -638.016625 -486.221497 -428.156655 -1428.837500 -583.992095 -593.212298 -592.799219 -449.246291 -508.688425 -591.808416 -593.599727 -583.032555 -591.987836 -588.581839 -795.631576 -238.995559 -583.997000 -1349.010541 -770.450794 -472.924143 -1744.257454 -582.020764 -593.745852 -593.865616 -593.569263 -593.787676 -1069.520367 -588.338889 -591.666509 -594.177523 -584.261417 -587.085458 -584.226050 -594.438215 -9999.0 -9999.0
-9999.0 -9999.0 -9999.0 -9999.0 -9999.0 -9999.0 -9999.0 -9999.0 -9999.0 -9999.0 -1436.884867 -636.365022 -594.441393 -593.717234 -535.674950 -416.489768 -608.514752 -690.615163 -242.661831 43.620022 356.011079 215.713065 -3571.528594 -264.045544 -438.789009 -1419.223028 -597.268671 -595.693109 -593.065641 -592.164225 -493.775907 -608.027651 -593.411976 -585.894746 -582.164140 -591.841490 -585.585396 -526.872779 -738.423660 -1028.715035 -8849.863089 -943.770155 -584.382924 -222.774152 -512.512196 -592.943479 -593.862744 -1020.863042 -478.184205 -462.939375 -600.267384 -584.565681 -586.500275 -584.292995 -584.964759 -595.461663 -595.637828 -9999.0 -9999.0
-9999.0 -9999.0 -9999.0 -9999.0 -9999.0 -9999.0 -9999.0 -9999.0 -9999.0 -592.569980 -1441.241939 -1436.552334 -467.319957 -638.929757 -1412.733288 -607.529276 -599.546845 -308.760453 -825.591226 -316.681490 207.992902 -1531.060950 -61481.269957 -440.688693 -1012.851770 -605.218858 -597.256863 -589.557572 -1417.562413 -431.413473 -442.345264 -609.813893 -582.541777 -582.443379 -585.858669 -583.868294 -593.357667 -432.831201 -599.437448 -470.070760 -690.652108 -607.328975 -621.162849 -696.470027 -60264.244157 -1943.549949 -545.128744 -1184.952379 -802.015419 459.590201 -798.713153 -594.167392 -584.276399 -586.774160 -591.336543 -600.582538 -587.336703 -593.758336 -593.973291
-9999.0 -9999.0 -9999.0 -9999.0 -9999.0 -9999.0 -9999.0 -9999.0 -9999.0 -592.863949 -593.374072 -593.397077 -157.957893 -450.784076 -457.491598 -638.902564 -316.535632 -439.641537 -883.443109 -430.204959 -303.466310 -206.188995 -8.150364 -324.101751 -605.063259 -529.314202 -466.050266 -426.925226 -381.457665 -705.088856 -593.680070 -632.153160 -584.425308 -593.959851 -593.346432 -591.806620 -592.804886 -592.646943 -583.726474 -593.502564 -1436.454515 -593.038158 -601.900133 -458.735555 385.253535 163.939010 -451.624978 -2862.396229 -1765.776436 -435.387577 -616.252160 -606.380188 -585.771249 -585.766971 -585.129208 -1440.800369 -601.369571 -571.454593 -593.650694
-9999.0 -9999.0 -9999.0 -9999.0 -9999.0 -9999.0 -9999.0 -9999.0 -9999.0 -9999.0 -593.579761 -593.443001 -609.666699 -216.933189 -1650.579542 -553.208077 -487.423473 -348.321619 -950.534772 -466.977390 -244.222502 -33527.743661 -500.619380 -712.914046 -478.736675 -447.952545 -376.398860 -406.595221 -593.760647 -599.853283 -597.487539 -1430.055515 -589.835857 -583.998745 -592.963777 -591.403912 -384.560989 -349.929307 -593.518473 -583.420386 -582.786966 -430.988341 -386.032461 -599.537451 -633.698331 -612.336983 -14134.007025 559.849799 -34363.929126 -2540.004341 -1405.901472 -720.004708 -594.542563 -585.896406 -594.019397 -588.558936 -594.109376 -815.160782 -1754.941658
-9999.0 -9999.0 -9999.0 -9999.0 -9999.0 -9999.0 -9999.0 -9999.0 -9999.0 -9999.0 -593.572916 -593.508302 -593.958524 -630.959984 302.452638 -563.339940 -1001.851865 -373.677925 -304.958000 -592.873353 -679.035291 -1159.970484 -806.171154 -735.135598 -552.893301 -387.922054 213.280970 -551.339320 -620.779708 -588.804709 -584.335676 -593.932787 -599.479544 -584.146147 -584.261190 -593.179822 -430.212623 -517.467123 -610.962434 -585.035429 -593.796315 -593.918769 -598.020042 -585.573998 -1425.908817 -617.719344 -601.707970 -925.378704 -25458.616365 -21097.855889 -52141.059560 -707.012121 -609.305917 -594.583477 -584.514321 -594.472228 -592.360589 -632.373499 -736.070676
-9999.0 -9999.0 -9999.0 -9999.0 -9999.0 -9999.0 -9999.0 -9999.0 -427.303509 -592.279358 -592.064854 -593.957568 -601.248019 -612.172026 -629.346414 308.323361 -1277.205746 -186.911357 -595.590606 -683.661697 -828.664957 -1745.080355 -1415.323861 -972.581413 -486.175373 206.343296 360.723320 -619.060759 -598.574791 -593.753213 -583.111830 -584.502812 -586.982842 -588.670332 -593.834292 -583.592000 -593.862529 -494.211024 -603.379465 -593.892226 -586.295703 -593.753474 -585.868578 -583.277977 -593.706041 -594.039026 -599.059967 -600.008444 -2296.971821 135.915441 -880.917582 -42771.580979 -627.792714 -600.327262 -593.900301 -594.532457 -593.696185 -265.071463 -2211.121574
-9999.0 -9999.0 -9999.0 -9999.0 -9999.0 -9999.0 -9999.0 -9999.0 -595.389771 -531.291864 -621.757161 -587.352029 -592.760654 -606.562591 -697.978789 -550.928266 -536.313054 -740.297366 -122535.297348 -724.765688 -351.830897 -516.010900 -349.898363 -226.885967 -1626.055237 224.770834 -21.449523 -484.308936 -588.493575 -593.846895 -593.873745 -593.083493 -593.893488 -594.227202 -594.094859 -593.933566 -593.336482 -457.339207 -624.127872 -593.902767 -589.049983 -583.537482 -584.523281 -593.955324 -340.763080 -599.463241 -586.483639 -586.244972 -616.385834 -546.530343 -1449.899499 -426.537142 -670.207268 -589.652288 -593.876775 -2259.561464 -1514.727085 -1611.434813 -27472.168243
-9999.0 -9999.0 -9999.0 -9999.0 -9999.0 -9999.0 -9999.0 -9999.0 -593.138015 -593.610156 -593.997685 -606.944420 -511.378094 -592.172717 -535.096506 -42593.715351 -1131.294400 -560.725246 -2591.333117 -311.837023 -731.782390 -497.592749 -457.356746 -599.444625 -10.448572 -850.078344 -497.230422 -562.573290 -599.065847 -593.140826 -593.248000 -389.237784 -616.705218 -622.349092 -594.155883 -589.517351 -605.865584 -27342.516758 -649.950564 -604.465794 -594.451592 -594.231524 -594.243240 -593.982323 -595.436228 -594.012398 -593.985734 -554.280077 -594.840175 -4145.089485 155.945688 -988.629621 -20712.668332 -3112.888674 -1727.495577 -287.531171 -309.315337 -317.544741 -1600.102707
-9999.0 -9999.0 -9999.0 -9999.0 -9999.0 -9999.0 -9999.0 -9999.0 -583.389733 -593.671161 -219.059825 -634.385305 -380.868204 -149.812522 -65503.013273 -792.848265 -83706.242627 -1279.859081 -124.617615 -499.820995 -608.223012 -506.269817 -329.108942 -300.285466 -216.756401 -463.088680 -442.463342 -1171.722758 -291.828736 -1193.592002 -850.850285 -875.278284 -2686.269063 -465.139790 -610.228067 -593.756134 -593.623388 -486.660140 -2547.945512 -612.329573 -593.970495 -593.968962 -593.898974 -593.593183 -594.228272 -593.874268 -593.802945 -593.883190 -593.402189 -1192.506737 -421.668415 -1070.217013 -1181.971427 178.021496 -289.242821 -280.376431 -1406.424266 360.113475 172.111984
-9999.0 -9999.0 -9999.0 -9999.0 -9999.0 -9999.0 -9999.0 -9999.0 -593.771020 -593.961313 -508.748930 -14724.099568 -23128.219904 -635.031617 -188.944394 -26.168363 255.626831 -655.871853 -466.074032 -627.776059 -228.636166 -475.391484 -424.242899 -410.559314 -234.502270 -579.009412 -1006.155686 -488.951334 -429.340921 -371.863460 -1444.334597 -362.979293 -2609.192319 -398.061309 -1051.325461 -1106.922679 -1236.270345 -518.944013 -28073.855319 -429.170935 -962.940313 -1218.797196 -1440.627776 -1623.756754 -631.992161 -593.554276 -1202.471262 -1508.687857 -1466.494724 -2807.555907 -16483.942286 -1399.662018 -913.240602 -310.421219 -170.438651 410.241206 213.626626 221.977741 277.758309
-9999.0 -9999.0 -593.332510 -594.042815 -606.704703 -631.710285 -523.254744 -627.293941 -593.941688 -594.072222 -522.312826 515.483071 -550.584351 -307.251514 -140.240875 137.357544 -4025.766229 -609.510326 -602.117729 -436.429006 -675.351903 233.775144 190.055272 -490.484656 -474.507658 -1448.249707 -728.604093 -776.231104 -881.360385 -205.013370 -867.573593 -540.419663 531.803035 -616.227298 -335.579850 -555.964676 -320.438976 -613.549413 -21128.125608 -16434.176433 -1737.446674 -2709.350910 -34489.115919 -923.584952 -11725.029468 -1570.603362 -330.423804 282.058949 -27128.819498 -397.203069 -319.071977 247.735448 269.559333 233.305801 251.974891 377.303324 369.905061 231.428332 -684.893459
