user2019/resources/simulation/Vinschgau/output-maps/psiL0001N0862.asc
ncols         63
nrows         48
xllcorner     598000.000000
yllcorner     5145000.000000
cellsize      1000.000000
NODATA_value  -9999.0
[rows 0 to 24 of 48, columns 0 to 56 of 63]
-9999.0 -9999.0 -9999.0 -9999.0 -9999.0 -9999.0 -9999.0 -9999.0 -9999.0 -9999.0 -9999.0 -9999.0 -9999.0 -9999.0 -9999.0 -9999.0 -9999.0 -9999.0 -9999.0 -9999.0 -9999.0 -9999.0 -9999.0 -9999.0 -9999.0 -9999.0 -9999.0 -9999.0 -9999.0 -9999.0 -9999.0 -9999.0 -9999.0 -9999.0 -9999.0 -9999.0 -9999.0 -9999.0 -9999.0 -9999.0 -9999.0 -9999.0 -9999.0 -9999.0 -9999.0 -9999.0 -9999.0 -9999.0 -9999.0 -9999.0 -9999.0 -9999.0 -9999.0 -9999.0 -9999.0 -9999.0 -9999.0
-9999.0 -9999.0 -9999.0 -9999.0 -9999.0 -9999.0 -9999.0 -9999.0 -9999.0 -9999.0 -9999.0 -9999.0 -9999.0 -9999.0 -9999.0 -9999.0 -9999.0 -9999.0 -9999.0 -9999.0 -9999.0 -9999.0 -9999.0 -9999.0 -9999.0 -9999.0 -9999.0 357679.197677 764338.671396 215684.538943 857869.366706 1026669.391079 82608.757685 -9999.0 -9999.0 -9999.0 -9999.0 -9999.0 -9999.0 -9999.0 -9999.0 -9999.0 -9999.0 -9999.0 -9999.0 -9999.0 -9999.0 -9999.0 -9999.0 -9999.0 -9999.0 -9999.0 -9999.0 -9999.0 -9999.0 -9999.0 -9999.0
-9999.0 -9999.0 -9999.0 -9999.0 -9999.0 -9999.0 -9999.0 -9999.0 -9999.0 -9999.0 -9999.0 -9999.0 -9999.0 -9999.0 -9999.0 -9999.0 -9999.0 -9999.0 -9999.0 -9999.0 -9999.0 -9999.0 -9999.0 -9999.0 537099.489395 465998.852994 311966.583530 502949.154593 142277.431789 505.602306 912324.643199 -9999.0 -9999.0 -9999.0 -9999.0 -9999.0 -9999.0 -9999.0 -9999.0 -9999.0 -9999.0 -9999.0 -9999.0 -9999.0 -9999.0 -9999.0 -9999.0 -9999.0 -9999.0 -9999.0 -9999.0 -9999.0 -9999.0 -9999.0 -9999.0 -9999.0 -9999.0
-9999.0 -9999.0 -9999.0 -9999.0 -9999.0 -9999.0 -9999.0 -9999.0 -9999.0 -9999.0 -9999.0 -9999.0 -9999.0 -9999.0 -9999.0 -9999.0 -9999.0 -9999.0 -9999.0 -9999.0 -9999.0 -9999.0 -9999.0 447433.119558 39456.416609 268.096281 -710.286509 -2527.033382 419.531135 472243.487816 865465.259405 908595.733244 -9999.0 -9999.0 -9999.0 -9999.0 -9999.0 -9999.0 -9999.0 -9999.0 -9999.0 -9999.0 -9999.0 -9999.0 -9999.0 -9999.0 -9999.0 -9999.0 -9999.0 -9999.0 -9999.0 -9999.0 -9999.0 -9999.0 -9999.0 -9999.0 -9999.0
-9999.0 -9999.0 -9999.0 -9999.0 -9999.0 -9999.0 -9999.0 -9999.0 -9999.0 -9999.0 -9999.0 -9999.0 -9999.0 -9999.0 -9999.0 -9999.0 -9999.0 -9999.0 975.580891 108198.678030 -9999.0 326545.986352 57994.647298 1772.511186 -190.970916 -2248.726371 3149.571619 3633.002569 1404.797474 39869.672660 569025.073879 865159.114253 384499.938179 299213.557016 -9999.0 -9999.0 -9999.0 -9999.0 -9999.0 -9999.0 -9999.0 -9999.0 -9999.0 -9999.0 -9999.0 -9999.0 -9999.0 -9999.0 -9999.0 -9999.0 -9999.0 -9999.0 -9999.0 -9999.0 -9999.0 -9999.0 -9999.0
-9999.0 -9999.0 -9999.0 -9999.0 -9999.0 -9999.0 -9999.0 -9999.0 -9999.0 -9999.0 -9999.0 -9999.0 -9999.0 -9999.0 -9999.0 -9999.0 -9999.0 -3040.807666 -1663.910947 -999.600224 166035.697792 210823.954074 76742.155832 11874.679165 3082.692383 28405.862903 1439360.015310 120934.773700 850707.442901 10785.462341 13334.456190 101159.483256 168.097411 307346.890598 307414.928444 254858.044362 -9999.0 -9999.0 -9999.0 -9999.0 -9999.0 -9999.0 -9999.0 -9999.0 -9999.0 -9999.0 -9999.0 -9999.0 -9999.0 -9999.0 -9999.0 -9999.0 -9999.0 -9999.0 -9999.0 -9999.0 -9999.0
-9999.0 -9999.0 -9999.0 -9999.0 -9999.0 -9999.0 -9999.0 -9999.0 -9999.0 -9999.0 -9999.0 -9999.0 -9999.0 17928.230991 8927.777457 -1484.683015 -2999.221661 -5246.631681 -2962.945373 -296.707929 357.511176 3600.984967 -374.381480 2512.164394 56973.670388 102604.272049 518997.770557 815349.763406 996364.670757 221684.019968 -165.611199 -121.164302 15922.425035 100397.830212 136920.757848 323573.452455 -9999.0 -9999.0 -9999.0 -9999.0 -9999.0 -9999.0 -9999.0 -9999.0 -9999.0 -9999.0 -9999.0 -9999.0 -9999.0 -9999.0 -9999.0 -9999.0 -9999.0 -9999.0 -9999.0 -9999.0 -9999.0
-9999.0 -9999.0 -9999.0 -9999.0 -9999.0 -9999.0 -9999.0 -9999.0 -9999.0 -9999.0 -9999.0 -9999.0 -9999.0 3352.874114 -622.031622 -2341.010544 -2933.771150 -502.750738 -5378.936462 -968.245387 -2883.663717 -404.017961 -580.191548 311.020762 -185.732570 37191.625900 772527.688278 305994.409675 397680.153915 1282161.445640 665295.468600 920351.897330 335634.274789 1164.570464 181583.355739 -9999.0 -9999.0 -9999.0 -9999.0 -9999.0 -9999.0 -9999.0 -9999.0 -9999.0 -9999.0 -9999.0 -9999.0 -9999.0 -9999.0 -9999.0 -9999.0 -9999.0 -9999.0 -9999.0 -9999.0 -9999.0 -9999.0
-9999.0 -9999.0 -9999.0 -9999.0 -9999.0 -9999.0 -9999.0 -9999.0 -9999.0 -9999.0 -9999.0 -9999.0 -9999.0 -702.622835 1004.823944 -866.431585 -2492.075567 -2860.465878 -5409.689531 -2949.058948 -253.439477 25124.990351 9874.579205 448525.344918 13630.747214 18517.221222 277027.003098 392676.800570 912484.461754 1006.478828 873516.534992 1084.720670 1264.496748 1228.409151 251257.661794 -9999.0 -9999.0 -9999.0 -9999.0 -9999.0 -9999.0 -9999.0 -9999.0 -9999.0 -9999.0 -9999.0 -9999.0 -9999.0 -9999.0 -9999.0 -9999.0 -9999.0 -9999.0 -9999.0 -9999.0 -9999.0 -9999.0
-9999.0 -9999.0 -9999.0 -9999.0 -9999.0 -9999.0 -9999.0 -9999.0 -9999.0 -9999.0 -9999.0 -9999.0 11830.791728 -58.305222 -566.940957 2755.339979 -670.822157 -1453.090117 -588.729188 -4787.734794 1860.268501 437449.693553 335718.530659 809185.459749 -171.064419 822071.796762 -148.273203 912397.230723 17760.897653 305885.608811 80327.459364 362415.801467 461166.431534 298133.851727 -9999.0 -9999.0 -9999.0 -9999.0 -9999.0 -9999.0 -9999.0 -9999.0 -9999.0 -9999.0 -9999.0 -9999.0 -9999.0 -9999.0 -9999.0 -9999.0 -9999.0 -9999.0 -9999.0 -9999.0 -9999.0 -9999.0 -9999.0
-9999.0 -9999.0 -9999.0 -9999.0 -9999.0 -9999.0 -9999.0 -9999.0 -9999.0 -9999.0 -9999.0 15207.274834 -308.751477 303.013069 -475.309879 1428.424281 -3730.287945 -1129.375742 5.488983 9.249427 -1407.602416 4197.140170 155705.892680 724350.785077 1108.469739 674015.120188 803547.162291 815754.203586 2597.067639 352737.245812 370163.328780 10799.448072 145506.499293 331571.591211 321085.452986 143267.629777 952301.488099 807670.583523 716387.347360 -9999.0 -9999.0 -9999.0 324954.034978 -9999.0 -9999.0 -9999.0 -9999.0 -9999.0 -9999.0 -9999.0 -9999.0 -9999.0 -9999.0 -9999.0 -9999.0 -9999.0 -9999.0
-9999.0 -9999.0 -9999.0 -9999.0 -9999.0 -9999.0 -9999.0 -9999.0 -9999.0 -9999.0 -9999.0 18695.186962 -438.025943 -377.427123 -662.035501 16749.640535 -1003.729137 -2560.582645 -523.879147 -414.193334 -216.815950 10556.762576 180308.395043 1310843.002321 680893.397946 818277.493956 840200.476863 643456.620620 5292.177573 363831.632665 836361.521028 -18.694236 910456.600857 917099.763920 890874.118069 857038.096186 480462.036186 26191.337470 311541.507752 347493.815707 357931.502979 362462.258758 892418.882598 370672.889862 -9999.0 -9999.0 -9999.0 702393.346826 932103.770436 307633.779240 961998.770684 342662.052429 340912.741574 809237.574124 859145.593404 307471.816603 -9999.0
-9999.0 -9999.0 -9999.0 -9999.0 -9999.0 -9999.0 -9999.0 -9999.0 -9999.0 -9999.0 -9999.0 20105.052150 18870.688663 -189.792148 1879.248858 2741.644382 1323.732285 -832.455120 -471.020947 -527.751166 -553.725753 19280.368141 1092229.504113 562769.396052 839223.784035 356956.253507 1185797.760986 -127.332591 377485.760814 930517.135548 392195.896107 -115.128254 630119.951476 955765.478504 382472.714085 473840.241363 -133.571290 -140.914481 -563.939330 336596.167413 762445.637988 989136.990050 640043.404083 814554.935568 946888.370298 -9999.0 310047.753327 953139.066667 875892.180197 680306.928819 638175.230069 240056.125340 780880.906992 853592.278131 746691.645107 905519.724023 -9999.0
-9999.0 -9999.0 -9999.0 -9999.0 -9999.0 -9999.0 -9999.0 -9999.0 -9999.0 -9999.0 -9999.0 -9999.0 18268.166993 -121.311788 10771.362619 3419.314702 415.392808 -990.695137 -397.058529 -464.814829 -631.548295 11818.040462 61959.506566 969912.864720 1332074.586655 1220074.435946 -154.752258 744935.124531 932067.281634 385287.837419 862385.687393 -123.150488 644698.230601 949338.027487 1010954.227396 810787.335149 1226989.149676 -151.546237 -858.757604 111772.844423 47214.305662 276291.098144 168842.914000 280151.560090 386047.078698 896954.810801 364140.165687 970438.579621 891471.324138 650509.759668 699829.931400 -129.798493 -147.792161 -127.774001 -107.980783 693005.166292 861593.247297
-9999.0 -9999.0 -9999.0 -9999.0 -9999.0 -9999.0 -9999.0 -9999.0 -9999.0 -9999.0 -9999.0 994837.645028 455988.301693 18690.817091 -147.731008 16519.664633 4091.198817 -590.489900 -393.264601 -1029.289949 -769.185208 44.963954 16880.367802 1187872.896042 1163982.403150 472638.451491 1026038.204743 946603.358437 896847.813624 344488.568065 1170235.782270 -137.852940 59874.508383 945130.303665 930033.786904 883804.242486 872647.337502 1037522.666162 21607.352595 -1180.588767 983945.056109 58653.261229 -156.542666 397474.282604 48408.285298 892725.264167 398600.533130 324836.592721 281799.057610 510685.419968 421373.639313 945397.190350 25542.879440 -23.376554 1022.696543 985.652549 266562.942829
-9999.0 -9999.0 -9999.0 -9999.0 -9999.0 -9999.0 -9999.0 -9999.0 -9999.0 -9999.0 -152.847880 681936.705722 161940.491174 122509.293209 14896.764510 -181.467767 -181.629384 4448.689044 -2292.077538 -938.779804 -275.252695 1490.017882 1902812.114158 17113.443617 71168.912885 -162.094166 1285765.766542 474511.842138 648456.227320 377262.505012 -148.667791 -149.012587 456174.954677 974008.848432 357230.628390 383869.842758 614923.043161 769727.070943 516135.914294 12893.283325 11796.353953 -137.350000 7.527443 -285.057282 331257.835223 333987.241953 724551.084821 705606.330139 -17.385276 88035.138044 361266.458554 362282.323611 1067.001198 1076.833316 1117.063547 867567.301466 599117.714361
-9999.0 -9999.0 -9999.0 -9999.0 -9999.0 -9999.0 -9999.0 -9999.0 -9999.0 795007.551541 182947.263783 -156.347519 102391.310574 947095.469615 7702.041875 88704.452929 489467.481589 1522.357569 -1441.781485 -2490.395986 -376.553974 -233.586799 -326.984201 10027.197550 20572.539591 1892817.318257 1419657.400046 349323.098890 693449.146848 43686.269076 17489.800991 1704539.341834 398209.519393 1006.898296 338270.494497 349756.083144 4154.786353 573394.601835 1122545.147166 497822.444995 -173.443058 1903755.670311 1944977.097598 -681.795964 -454.463530 318652.053668 14449.576843 1004440.785590 1005919.820245 16899.977112 806381.565594 306123.212695 1189.778428 330440.890960 336155.010393 35218.774531 15214.222134
-9999.0 -9999.0 -9999.0 -9999.0 -9999.0 -9999.0 -9999.0 -9999.0 -9999.0 110461.850261 423866.174234 392011.595374 -143.713087 33316.956884 535029.577525 954566.892619 15559.619420 7551.686920 -1949.756206 -618.852075 -532.118722 -641.980571 1088.570461 12669.488946 1890557.697418 1306644.635659 921544.503749 86342.087075 9091.637610 12625.548620 20180.894990 1509763.033787 808426.895837 948076.614513 898434.736483 378451.374437 370112.566043 306694.421922 859530.369485 264914.722472 1087007.411111 1378241.600087 806195.593730 4336.468661 -555.368367 -394.028553 -342.614388 10726.410288 35199.517324 15659.317163 1820769.511911 1167359.633679 334612.247441 886259.574533 178350.138995 29961.067616 30868.658449
-9999.0 -9999.0 -9999.0 -9999.0 -9999.0 -9999.0 -9999.0 -9999.0 -9999.0 -9999.0 858185.315966 431773.435964 157748.830858 -207.602739 22263.671458 404993.889079 43099.718541 -365.259126 -2345.654318 -715.065782 -430.946787 -1217.786581 37043.732248 1592983.630247 1181415.191985 294291.773849 16361.029990 1733.043883 20326.442042 1814022.786558 1767206.446038 -146.167053 1250493.794581 984019.958146 415731.996431 -90.801592 267434.920942 80675.986286 374960.352118 888654.156731 955993.034023 258619.132088 -166.776625 307031.810049 5822.660442 2247.627113 -497.821494 -37.995786 -352.647534 15838.587833 1634639.106754 927654.680798 348971.243607 320453.900645 904350.673577 899321.752286 217338.046393
-9999.0 -9999.0 -9999.0 -9999.0 -9999.0 -9999.0 -9999.0 -9999.0 -9999.0 -9999.0 899763.432387 711697.781213 377564.319608 65409.407510 2084.642636 -143.656154 4651.097721 -1144.268470 -2135.196825 -2695.840048 -2983.601942 -1072.724627 86335.128773 464133.343797 276572.655252 9618.570970 5.185153 5121.633772 1652545.463521 1306962.235208 917813.926500 4178.834085 156768.050720 963627.171624 879946.014187 117526.803628 -158.530167 470195.039650 1143494.776717 947847.119653 815509.841709 -46.858029 62984.557398 591013.609184 23879.595207 1794942.315878 72790.562247 5503.890320 -491.805365 5.012834 19033.026164 1044261.458709 991068.319623 302616.338186 339395.331106 353526.202625 984956.501830
-9999.0 -9999.0 -9999.0 -9999.0 -9999.0 -9999.0 -9999.0 -9999.0 570565.280100 840172.978148 930633.679065 609350.468542 -131.108631 7990.321452 484687.379486 -449.468329 -1916.339100 -722.929911 -888.518020 -2865.094547 -3247.323445 -2826.243962 -1877.771209 -354.041111 11108.753787 -337.183496 4180.794069 1787955.484675 970434.483669 945737.398491 972.102347 895044.027642 869468.915672 934603.162423 637757.195801 857436.586546 16648.789849 55376.852474 1891165.498969 385885.181431 342629.411236 373005.917549 430389.282332 399922.080534 271273.374572 -157.146835 1864379.650647 980772.095083 3025.189170 4.923366 11865.116698 1121418.650949 972293.225174 986089.447859 361504.512659 956809.332119 382706.696941
-9999.0 -9999.0 -9999.0 -9999.0 -9999.0 -9999.0 -9999.0 -9999.0 -48.771128 754034.398435 1245190.909738 910309.519610 787656.649772 -153.499411 1940392.822978 2583.962498 -844.368478 -1103.008864 -3193.384481 -2906.484419 -582.230673 -681.151239 -687.055495 -281.319430 -2219.616855 -631.165844 -304.504673 806996.679943 377595.634300 914182.784513 936055.671195 366549.865053 291019.054803 365571.963359 632423.147568 439291.697516 4108.626943 -183.055172 953503.014236 620357.822598 897774.454455 60483.630463 373395.143358 575113.290468 -148.749746 1058488.436935 478148.100256 730194.458741 695174.266510 -417.239780 4.778449 743530.375391 1488248.287950 905187.249058 819762.783036 -27.055338 1291714.711084
-9999.0 -9999.0 -9999.0 -9999.0 -9999.0 -9999.0 -9999.0 -9999.0 894790.709776 -130.776528 863503.953841 1280893.691733 55872.972517 499649.725148 1050242.031421 1939312.171722 -300.371023 -639.105298 -3144.911332 -662.868267 -2949.280062 -971.546704 -777.452827 -2533.142556 -633.212340 -845.654353 567.692678 1907737.501711 493811.131804 837171.985283 350054.323790 202197.216699 1103624.984029 1260664.932878 123535.493282 -160.674054 26400.843504 3.995850 69518.885848 1109952.876764 670885.449921 346873.529054 605525.735756 -134.741827 1166324.989650 634678.420472 379774.884274 730164.026501 1357683.663546 18879.269455 -361.824581 16041.825048 981364.158990 1791796.053651 256216.334586 4606.477763 1619.954186
-9999.0 -9999.0 -9999.0 -9999.0 -9999.0 -9999.0 -9999.0 -9999.0 387834.965241 658670.972346 73005.378388 485820.623864 211466.791400 973044.344860 1632858.967550 791.552565 -2539.618960 -2999.513290 -522.799015 -3210.634564 -2811.867466 -2829.191151 -907.261941 -2215.420823 -2177.965431 -621.927510 901885.495444 1966166.952173 318577.083273 870718.011473 1066784.762030 888814.124592 33773.465071 -159.266284 750189.490862 19561.972163 1236.899888 -823.342883 45.005016 110353.223987 445731.173960 297611.551956 315185.343230 266199.528121 659494.298103 337601.658283 635401.700130 301681.589837 790574.098941 1156359.158262 10555.975242 -300.096830 17968.952084 234673.181880 12521.091701 10.782800 6.420071
-9999.0 -9999.0 -9999.0 -9999.0 -9999.0 -9999.0 -9999.0 -9999.0 920984.670623 698757.811681 -146.078401 1896924.205019 388975.645939 510990.706484 10347.766869 5.749545 -163.513042 -781.210618 -11.307820 -1088.960466 -2947.874128 -2384.790481 -2697.766105 -2632.556135 -543.900956 -64.559836 1958606.302641 310521.719879 21344.498913 4048.798588 1799534.747874 13688.236174 13.193597 1574.826275 14880.748613 2292.092584 -440.402782 -1105.412727 -994.018488 -193.304855 12396.774791 16179.093119 7059.013666 27851.180017 1069537.904965 51547.250546 688180.543470 124538.306910 757225.764149 17846.158714 -128.551796 -658.360770 -415.742927 -352.150582 81.490161 71.529713 5.685451
