user2019/resources/simulation/Vinschgau/output-maps/psiL0002N1283.asc
ncols         63
nrows         48
xllcorner     598000.000000
yllcorner     5145000.000000
cellsize      1000.000000
NODATA_value  -9999.0
[rows 0 to 24 of 48, columns 0 to 56 of 63]
-9999.0 -9999.0 -9999.0 -9999.0 -9999.0 -9999.0 -9999.0 -9999.0 -9999.0 -9999.0 -9999.0 -9999.0 -9999.0 -9999.0 -9999.0 -9999.0 -9999.0 -9999.0 -9999.0 -9999.0 -9999.0 -9999.0 -9999.0 -9999.0 -9999.0 -9999.0 -9999.0 -9999.0 -9999.0 -9999.0 -9999.0 -9999.0 -9999.0 -9999.0 -9999.0 -9999.0 -9999.0 -9999.0 -9999.0 -9999.0 -9999.0 -9999.0 -9999.0 -9999.0 -9999.0 -9999.0 -9999.0 -9999.0 -9999.0 -9999.0 -9999.0 -9999.0 -9999.0 -9999.0 -9999.0 -9999.0 -9999.0
-9999.0 -9999.0 -9999.0 -9999.0 -9999.0 -9999.0 -9999.0 -9999.0 -9999.0 -9999.0 -9999.0 -9999.0 -9999.0 -9999.0 -9999.0 -9999.0 -9999.0 -9999.0 -9999.0 -9999.0 -9999.0 -9999.0 -9999.0 -9999.0 -9999.0 -9999.0 -9999.0 -290.049331 -737.248373 -296.301734 -506.362110 -592.009540 781.900174 -9999.0 -9999.0 -9999.0 -9999.0 -9999.0 -9999.0 -9999.0 -9999.0 -9999.0 -9999.0 -9999.0 -9999.0 -9999.0 -9999.0 -9999.0 -9999.0 -9999.0 -9999.0 -9999.0 -9999.0 -9999.0 -9999.0 -9999.0 -9999.0
-9999.0 -9999.0 -9999.0 -9999.0 -9999.0 -9999.0 -9999.0 -9999.0 -9999.0 -9999.0 -9999.0 -9999.0 -9999.0 -9999.0 -9999.0 -9999.0 -9999.0 -9999.0 -9999.0 -9999.0 -9999.0 -9999.0 -9999.0 -9999.0 -677.243326 -689.976239 -688.495650 -687.698694 -626.570842 -666.422854 -513.519558 -9999.0 -9999.0 -9999.0 -9999.0 -9999.0 -9999.0 -9999.0 -9999.0 -9999.0 -9999.0 -9999.0 -9999.0 -9999.0 -9999.0 -9999.0 -9999.0 -9999.0 -9999.0 -9999.0 -9999.0 -9999.0 -9999.0 -9999.0 -9999.0 -9999.0 -9999.0
-9999.0 -9999.0 -9999.0 -9999.0 -9999.0 -9999.0 -9999.0 -9999.0 -9999.0 -9999.0 -9999.0 -9999.0 -9999.0 -9999.0 -9999.0 -9999.0 -9999.0 -9999.0 -9999.0 -9999.0 -9999.0 -9999.0 -9999.0 -716.423344 -770.513246 -3159.231899 -3148.548143 -3202.977111 -3241.078812 -884.958489 -520.740006 -395.270979 -9999.0 -9999.0 -9999.0 -9999.0 -9999.0 -9999.0 -9999.0 -9999.0 -9999.0 -9999.0 -9999.0 -9999.0 -9999.0 -9999.0 -9999.0 -9999.0 -9999.0 -9999.0 -9999.0 -9999.0 -9999.0 -9999.0 -9999.0 -9999.0 -9999.0
-9999.0 -9999.0 -9999.0 -9999.0 -9999.0 -9999.0 -9999.0 -9999.0 -9999.0 -9999.0 -9999.0 -9999.0 -9999.0 -9999.0 -9999.0 -9999.0 -9999.0 -9999.0 -1870.436892 -868.683674 -9999.0 -764.735412 -821.559235 -3148.588543 -3058.611320 -3120.008268 -1493.562131 -2655.460116 -1565.986543 -2504.633070 -761.250741 -540.349828 -149.859376 -201.347279 -9999.0 -9999.0 -9999.0 -9999.0 -9999.0 -9999.0 -9999.0 -9999.0 -9999.0 -9999.0 -9999.0 -9999.0 -9999.0 -9999.0 -9999.0 -9999.0 -9999.0 -9999.0 -9999.0 -9999.0 -9999.0 -9999.0 -9999.0
-9999.0 -9999.0 -9999.0 -9999.0 -9999.0 -9999.0 -9999.0 -9999.0 -9999.0 -9999.0 -9999.0 -9999.0 -9999.0 -9999.0 -9999.0 -9999.0 -9999.0 -2992.276175 -2934.368417 -7747.580936 -6641.113755 -1109.518370 -2691.517174 -3030.969424 -2809.523290 -922.522622 21529.760891 -1249.335440 2047.805526 -1226.632222 -770.099569 -789.301814 -628.143650 -262.462600 -160.884904 -180.653387 -9999.0 -9999.0 -9999.0 -9999.0 -9999.0 -9999.0 -9999.0 -9999.0 -9999.0 -9999.0 -9999.0 -9999.0 -9999.0 -9999.0 -9999.0 -9999.0 -9999.0 -9999.0 -9999.0 -9999.0 -9999.0
-9999.0 -9999.0 -9999.0 -9999.0 -9999.0 -9999.0 -9999.0 -9999.0 -9999.0 -9999.0 -9999.0 -9999.0 -9999.0 -3067.581136 -2958.650526 -2873.209545 -2970.329478 -8042.397149 -2970.051632 -3079.626394 -3038.300881 -3008.842113 -3081.463692 -3120.203939 -1045.067050 -808.308037 -202.571815 -222.135302 -1062.327568 -758.756757 11920.041080 -600.464388 -658.924975 -496.648874 -157.124102 -176.437964 -9999.0 -9999.0 -9999.0 -9999.0 -9999.0 -9999.0 -9999.0 -9999.0 -9999.0 -9999.0 -9999.0 -9999.0 -9999.0 -9999.0 -9999.0 -9999.0 -9999.0 -9999.0 -9999.0 -9999.0 -9999.0
-9999.0 -9999.0 -9999.0 -9999.0 -9999.0 -9999.0 -9999.0 -9999.0 -9999.0 -9999.0 -9999.0 -9999.0 -9999.0 -2183.483410 -3091.531259 -2945.683854 -2932.818069 -3218.897524 -8068.996726 -3095.504268 -2950.492218 -3359.748222 -2842.864690 -2342.376507 -2833.729565 -2456.875553 -774.519424 -304.607713 -162.985319 7502.497154 4776.219484 -550.170848 -147.282005 -113.846859 -141.954704 -9999.0 -9999.0 -9999.0 -9999.0 -9999.0 -9999.0 -9999.0 -9999.0 -9999.0 -9999.0 -9999.0 -9999.0 -9999.0 -9999.0 -9999.0 -9999.0 -9999.0 -9999.0 -9999.0 -9999.0 -9999.0 -9999.0
-9999.0 -9999.0 -9999.0 -9999.0 -9999.0 -9999.0 -9999.0 -9999.0 -9999.0 -9999.0 -9999.0 -9999.0 -9999.0 -3140.796993 386.177401 -3192.343134 -2934.726311 -2942.118249 -8114.637302 -2974.000840 -3304.557914 -7371.188116 -1141.963820 -873.893787 -3009.617009 -2896.722365 -5354.645554 -159.358950 -427.903517 -132.395960 -431.220928 -29.658414 -111.158072 -24.847657 -165.853445 -9999.0 -9999.0 -9999.0 -9999.0 -9999.0 -9999.0 -9999.0 -9999.0 -9999.0 -9999.0 -9999.0 -9999.0 -9999.0 -9999.0 -9999.0 -9999.0 -9999.0 -9999.0 -9999.0 -9999.0 -9999.0 -9999.0
-9999.0 -9999.0 -9999.0 -9999.0 -9999.0 -9999.0 -9999.0 -9999.0 -9999.0 -9999.0 -9999.0 -9999.0 -3085.466839 6276.089109 -3149.810629 -3042.715135 -2778.564420 -2897.612749 -3566.968814 -7928.386347 -3034.795012 -1105.146990 -2368.812318 -1132.364904 102840.621761 -757.109243 1236032.089445 -514.589457 -540.647842 -142.315570 -240.127369 -142.372121 -307.883310 -231.479424 -9999.0 -9999.0 -9999.0 -9999.0 -9999.0 -9999.0 -9999.0 -9999.0 -9999.0 -9999.0 -9999.0 -9999.0 -9999.0 -9999.0 -9999.0 -9999.0 -9999.0 -9999.0 -9999.0 -9999.0 -9999.0 -9999.0 -9999.0
-9999.0 -9999.0 -9999.0 -9999.0 -9999.0 -9999.0 -9999.0 -9999.0 -9999.0 -9999.0 -9999.0 -1627.802147 -3155.206496 66.107434 -3173.331329 -2931.943832 -8048.145176 -2948.952735 -2907.132590 -8385.124570 -2893.176323 -2933.263891 -1242.192254 -841.655585 -927.275224 -700.812191 -471.704673 -615.417307 3198.168402 -153.897149 -154.323430 -642.994644 -141.315031 -170.404836 -147.500094 -167.520959 -560.513726 -1162.460582 -1306.015774 -9999.0 -9999.0 -9999.0 -198.816724 -9999.0 -9999.0 -9999.0 -9999.0 -9999.0 -9999.0 -9999.0 -9999.0 -9999.0 -9999.0 -9999.0 -9999.0 -9999.0 -9999.0
-9999.0 -9999.0 -9999.0 -9999.0 -9999.0 -9999.0 -9999.0 -9999.0 -9999.0 -9999.0 -9999.0 -1378.833988 -3180.992590 -3306.104991 -3291.231265 -3376.553648 -3362.979918 -2987.209259 -3170.443767 -3320.242925 -3177.249349 -2790.346611 -629.396924 2473741.829140 1972335.868883 -693.440508 -615.464714 -681.633782 -265.287600 -161.860163 -590.045603 -593.132365 -402.942789 -300.119725 -361.945258 -609.033166 -796.773336 -2027.977237 -1481.691409 -181.191474 -170.654648 -177.796053 -520.664817 -153.385023 -9999.0 -9999.0 -9999.0 -318.466931 -155.795255 -112.437226 -101.082035 -132.650725 -132.758168 -435.015980 -470.238404 -138.688513 -9999.0
-9999.0 -9999.0 -9999.0 -9999.0 -9999.0 -9999.0 -9999.0 -9999.0 -9999.0 -9999.0 -9999.0 -1178.289877 -1789.755782 -1238.802579 -2046.966915 -3456.255309 -2881.895303 -2877.016065 -3496.255650 -3318.765069 -2397.171109 -679.221524 178811.072189 -618.911691 -714.163728 -321.147356 907086.062820 2598120.371417 -182.979737 -390.371315 -163.564398 2236598.641892 -635.814570 -328.142150 -142.605170 -705.968152 1653665.465889 980355.047138 -2858.159530 -216.279795 -917.101954 -809.679153 -641.123078 -582.660187 -240.853311 -9999.0 -191.976381 -191.432152 -467.437171 -629.270035 -925.847404 -472.815430 -934.261099 -485.229518 -522.768022 -317.851270 -9999.0
-9999.0 -9999.0 -9999.0 -9999.0 -9999.0 -9999.0 -9999.0 -9999.0 -9999.0 -9999.0 -9999.0 -9999.0 -1238.540454 -478.222475 -2394.225628 -2471.362858 -2469.320312 -2821.697102 -3109.627095 -3298.304288 -2765.883425 -1247.406342 324.870405 403611.519504 2896644.094336 916674.236854 2272.631875 -1174.964773 -518.880729 -151.059548 -595.272103 1606241.206702 -1111.287396 -431.168758 -372.953243 -644.281417 601622.937610 1638783.093102 -1165.288899 -2818.456526 -2392.890355 -5135.366695 178318.550774 -635.717828 -149.892023 -225.876213 -145.394092 -291.126318 2731750.516167 252832.044253 7510.075191 1959052.296873 2015886.487365 2048957.756392 2182943.553789 -375.845471 -340.975012
-9999.0 -9999.0 -9999.0 -9999.0 -9999.0 -9999.0 -9999.0 -9999.0 -9999.0 -9999.0 -9999.0 83800.246850 -860.842010 -3383.979493 -399.174503 -1047.192136 -2716.136914 -2758.223112 -3421.910222 -2866.186036 -2807.229587 -1625.365504 17.226801 420606.004843 500996.648760 2725574.016731 669554.652219 -521.389192 -496.232222 -268.496689 957459.244553 2680127.306025 -742.300352 -460.234407 -341.049101 -546.667756 -808.209916 32281.677169 -855.867043 -3154.078094 35182.054284 -1175.374195 81.490940 -81.756428 -958.828142 -510.937955 -582.128348 -230.439659 -313.263181 1078.330684 1026815.354716 -541.424390 502605.592929 36508.944729 17643.163808 -24.887104 -133.903395
-9999.0 -9999.0 -9999.0 -9999.0 -9999.0 -9999.0 -9999.0 -9999.0 -9999.0 -9999.0 2128.901827 8436.832157 -826.705919 -913.587008 -1433.146983 1989.816684 1989.879946 -1202.010637 -2852.758830 -2839.761888 -3050.149586 -1119.927181 3415302.282280 -802.669007 587.912876 1711926.306075 2264243.731880 1034919.591967 -1424.777681 -939.582197 92585.638610 1045093.332413 -765.357741 -456.702522 -174.347715 -175.736181 -842.317740 174084.027110 2398399.928981 -380.215356 -619.295625 -34.192127 -50.016349 -911.085453 270.590252 -305.608017 -735.163912 69714.174877 353613.841558 -682.022848 284174.947014 -133.198938 17541.741163 -4.012493 -24.137071 -456.513988 -450.723752
-9999.0 -9999.0 -9999.0 -9999.0 -9999.0 -9999.0 -9999.0 -9999.0 -9999.0 -727.518156 -660.228822 1648.207018 91.500324 54722.275540 26867.005526 1185.505852 2311.032396 -1830.050946 -2875.269712 -2879.527058 -3152.956703 -2672.709656 -2267.613425 -2202.494364 -473.199661 4274454.181310 3016251.904467 -748.744554 3930.367643 -68.683565 -332.823781 4158829.763040 -188.621909 -153.576902 -179.441999 -168.517834 -756.426992 1576446.262961 429122.264015 21103.408863 2195528.298687 3969630.957685 3163021.948543 -1567.215323 -1935.906751 -181.234594 -1317.441663 110378.882302 99755.987755 -353.677918 2083119.765920 -120.400668 -4.416739 -131.678075 -107.024526 211852.126704 255008.435478
-9999.0 -9999.0 -9999.0 -9999.0 -9999.0 -9999.0 -9999.0 -9999.0 -9999.0 -1041.513790 -729.284522 -1035.865732 4740.667355 -705.463662 4034.359910 63617.351820 -877.565140 -1446.002473 -2921.638786 -3300.343627 -3255.928845 -3359.984322 -2012.919869 -649.451241 4264389.881029 1300396.462836 62405.001508 -264.621529 -467.829422 -706.051059 -842.648162 4026391.013146 -599.416173 -376.568405 -472.063615 -186.323877 -256.314125 -3227.450837 -730.792788 -817.892199 851614.851369 2097840.131695 17382.866405 -666.516173 -2189.371058 -1688.091630 -2033.954463 -1123.928541 -774.606744 -676.614224 4126770.965104 2650812.198166 -95.998950 -484.460345 -20.597470 502387.800440 491236.770690
-9999.0 -9999.0 -9999.0 -9999.0 -9999.0 -9999.0 -9999.0 -9999.0 -9999.0 -9999.0 -589.765040 -815.148385 -449.459028 1272102.482534 -658.978788 2079.240458 -883.044358 -2696.578586 -2977.687248 -3027.880715 -3249.034668 -2869.778588 -30.997701 3228015.335059 337600.793851 1255.338139 -338.604233 -690.050345 -773.434377 4283668.362352 4217927.514303 3667199.326688 2950047.316052 -440.072094 -581.351667 -728.418565 -754.469709 -691.332412 -248.766270 -591.797366 -562.553636 -634.867983 4799.128833 -369.595686 -1333.152256 -748.546506 -2698.932990 -2013.205237 -2907.688096 -928.838633 4101491.685105 1117150.937610 -95.393140 -5.722065 -456.607183 143.826175 -290.572851
-9999.0 -9999.0 -9999.0 -9999.0 -9999.0 -9999.0 -9999.0 -9999.0 -9999.0 -9999.0 -474.772022 -700.185824 -705.771543 -450.274280 -644.821400 -1498.270794 -1162.697186 -2776.521752 -2994.313896 -3123.712626 -2925.344363 -2825.110719 2988.391428 2249.650644 1189.290027 -455.970069 -783.926180 772.549614 4291345.907241 3020616.800291 -599.824510 -515.398254 573733.397781 -410.289862 -627.484344 -616.571817 358654.982371 16196.188857 2558416.445887 -505.250875 -610.093818 -1551.755858 91352.890554 -926.653098 -722.097808 2943916.385407 -536.724210 -436.412061 -2775.867742 -2643.553098 -186.371902 2452413.993830 2711618.896468 -78.689327 -11.358113 -68.146889 -111.473292
-9999.0 -9999.0 -9999.0 -9999.0 -9999.0 -9999.0 -9999.0 -9999.0 -592.290150 -560.030100 -627.627946 -568.190157 813199.899998 18015.560315 87265.922287 -1031.254261 -2884.569803 -3360.970211 -3154.817419 -3150.261409 -3044.346699 -3023.417477 -3003.593726 -2944.388003 -1199.095770 -788.175023 -677.106018 4449214.936938 2890505.319897 2958114.745052 -112.151661 -589.057715 -602.998539 -444.815272 -580.742836 -734.198402 -2112.490061 10105.868741 4258121.443424 -200.658091 -336.642013 -622.225958 1199400.383847 -223.186007 -5932.584592 2081.522743 4191785.248460 26035.118662 788.244535 -877.225575 -486.081131 2925208.348186 1092747.713557 2451110.699262 -86.508132 -433.751730 -144.985173
-9999.0 -9999.0 -9999.0 -9999.0 -9999.0 -9999.0 -9999.0 -9999.0 -185288069.124097 1010275.554086 2934703.362300 -485.261041 -705.446393 2607467.876755 4251670.274322 -769.964226 -2733.265917 -2806.454201 -3028.955765 -3184.403973 -3249.069928 -3597.512182 -3711.311920 -3720.087554 -2934.607092 -2536.379028 -608.933115 10525.760097 318926.939024 -490.038675 -348.873145 -196.882994 -665.668103 -227.617156 -610.840745 -673.529558 -2073.061334 -232.927806 11450.821382 -791.807536 -609.225613 -744.799160 -269.927676 -861.734041 2567.445498 163315.019572 1082777.221014 -746.450540 3362.354094 -660.388074 -540.870260 4817.599026 921774.189408 -90.377266 -799.405139 55881.657224 191811.172591
-9999.0 -9999.0 -9999.0 -9999.0 -9999.0 -9999.0 -9999.0 -9999.0 -622.547924 3323.592088 -297.831619 2928290.149634 -473.923852 1083502.325257 109843.304457 4167667.270661 -1297.186337 -2926.511683 -3004.405945 -3193.447447 -3213.566901 -3543.592947 -3627.114251 -3175.105686 -3320.318971 -2782.936046 -676.253391 4402671.894923 579498.417084 -596.913849 -243.494734 -561.837615 2529538.188887 1469999.239220 -608.500920 -1554.087844 -593.290880 -615.480199 13417.837564 70437.846042 -750.336419 -449.394252 -657.907177 2553.397597 1799361.195405 -639.025283 -197.574264 -545.339781 2932391.763676 788.657122 -1044.227887 -401.272985 538391.178992 1016781.697337 10231.067727 71.345625 -293.650111
-9999.0 -9999.0 -9999.0 -9999.0 -9999.0 -9999.0 -9999.0 -9999.0 -134.080701 -725.806405 26970.018620 378925.251035 -581.186219 1272412.242404 3869444.583999 -559.384133 -2859.819999 -2954.447774 -3196.657164 -3007.293112 -3142.696921 -3164.178174 -3404.177049 -3313.953588 -2799.694308 -1473.375567 116138.769355 4304830.049490 -716.639622 560246.019143 103511.342580 15045.722919 -252.380001 65.526460 597.659398 -2404.416856 -3091.402236 -2785.996622 -865.334843 -217.620831 -988.228294 -1025.498562 -955.548468 -5836.958808 -617.230029 -387.275446 -1635.188484 -790.523440 -689.739614 194398.483580 -23.874374 -1539.202426 -498.636679 4763.048310 -277.939404 -417.657828 -1488.286575
-9999.0 -9999.0 -9999.0 -9999.0 -9999.0 -9999.0 -9999.0 -9999.0 -242.110254 -506.951884 -3164102.493241 4337729.623906 3984616.825182 2579507.599981 -454.963306 -1402.573329 -1273.001786 -2645.577545 -2272.770601 -2814.968878 -2931.926229 -3074.334365 -3061.224377 -2995.191453 -3232.135300 -1641.345491 4307297.751222 377.925022 -634.452931 20.204994 1883232.961241 -417.233697 -1044.579315 -591.796777 -907.079729 -2720.994178 -2847.834888 -2870.614046 -2836.524270 -1094.498859 -1208.744170 -1490.715343 -806.883196 -594.796750 137114.099032 -1040.090703 4890.972748 5992.685019 10133.294088 -413.006446 -1507.293698 -2330.772441 -1647.979952 -929.184357 -587.650690 -679.869141 -1200.789370
