user2019/resources/simulation/Vinschgau/output-maps/psiL0004N0954.asc
ncols         63
nrows         48
xllcorner     598000.000000
yllcorner     5145000.000000
cellsize      1000.000000
NODATA_value  -9999.0
[rows 0 to 24 of 48, columns 0 to 56 of 63]
-9999.0 -9999.0 -9999.0 -9999.0 -9999.0 -9999.0 -9999.0 -9999.0 -9999.0 -9999.0 -9999.0 -9999.0 -9999.0 -9999.0 -9999.0 -9999.0 -9999.0 -9999.0 -9999.0 -9999.0 -9999.0 -9999.0 -9999.0 -9999.0 -9999.0 -9999.0 -9999.0 -9999.0 -9999.0 -9999.0 -9999.0 -9999.0 -9999.0 -9999.0 -9999.0 -9999.0 -9999.0 -9999.0 -9999.0 -9999.0 -9999.0 -9999.0 -9999.0 -9999.0 -9999.0 -9999.0 -9999.0 -9999.0 -9999.0 -9999.0 -9999.0 -9999.0 -9999.0 -9999.0 -9999.0 -9999.0 -9999.0
-9999.0 -9999.0 -9999.0 -9999.0 -9999.0 -9999.0 -9999.0 -9999.0 -9999.0 -9999.0 -9999.0 -9999.0 -9999.0 -9999.0 -9999.0 -9999.0 -9999.0 -9999.0 -9999.0 -9999.0 -9999.0 -9999.0 -9999.0 -9999.0 -9999.0 -9999.0 -9999.0 -59.957886 116179.062716 -41.592687 111581.050245 108875.346514 108732.631671 -9999.0 -9999.0 -9999.0 -9999.0 -9999.0 -9999.0 -9999.0 -9999.0 -9999.0 -9999.0 -9999.0 -9999.0 -9999.0 -9999.0 -9999.0 -9999.0 -9999.0 -9999.0 -9999.0 -9999.0 -9999.0 -9999.0 -9999.0 -9999.0
-9999.0 -9999.0 -9999.0 -9999.0 -9999.0 -9999.0 -9999.0 -9999.0 -9999.0 -9999.0 -9999.0 -9999.0 -9999.0 -9999.0 -9999.0 -9999.0 -9999.0 -9999.0 -9999.0 -9999.0 -9999.0 -9999.0 -9999.0 -9999.0 117217.097974 114292.724044 114176.450539 114234.463242 112736.653310 112670.072855 115036.811828 -9999.0 -9999.0 -9999.0 -9999.0 -9999.0 -9999.0 -9999.0 -9999.0 -9999.0 -9999.0 -9999.0 -9999.0 -9999.0 -9999.0 -9999.0 -9999.0 -9999.0 -9999.0 -9999.0 -9999.0 -9999.0 -9999.0 -9999.0 -9999.0 -9999.0 -9999.0
-9999.0 -9999.0 -9999.0 -9999.0 -9999.0 -9999.0 -9999.0 -9999.0 -9999.0 -9999.0 -9999.0 -9999.0 -9999.0 -9999.0 -9999.0 -9999.0 -9999.0 -9999.0 -9999.0 -9999.0 -9999.0 -9999.0 -9999.0 115272.598877 116654.138297 -717.702809 -793.534050 -2126.604015 -457.825149 114136.914684 113220.755313 105593.423335 -9999.0 -9999.0 -9999.0 -9999.0 -9999.0 -9999.0 -9999.0 -9999.0 -9999.0 -9999.0 -9999.0 -9999.0 -9999.0 -9999.0 -9999.0 -9999.0 -9999.0 -9999.0 -9999.0 -9999.0 -9999.0 -9999.0 -9999.0 -9999.0 -9999.0
-9999.0 -9999.0 -9999.0 -9999.0 -9999.0 -9999.0 -9999.0 -9999.0 -9999.0 -9999.0 -9999.0 -9999.0 -9999.0 -9999.0 -9999.0 -9999.0 -9999.0 -9999.0 1084.663383 117266.660054 -9999.0 118718.856864 117806.806771 -1147.552168 -647.853725 -2110.780072 759.299407 569.251742 171.792547 77550.128430 112465.782339 112417.713925 -82.971009 -65.014755 -9999.0 -9999.0 -9999.0 -9999.0 -9999.0 -9999.0 -9999.0 -9999.0 -9999.0 -9999.0 -9999.0 -9999.0 -9999.0 -9999.0 -9999.0 -9999.0 -9999.0 -9999.0 -9999.0 -9999.0 -9999.0 -9999.0 -9999.0
-9999.0 -9999.0 -9999.0 -9999.0 -9999.0 -9999.0 -9999.0 -9999.0 -9999.0 -9999.0 -9999.0 -9999.0 -9999.0 -9999.0 -9999.0 -9999.0 -9999.0 -1882.405864 -1312.298841 -1150.015022 -70.707293 83382.564649 73454.691408 -26.376055 677.587387 3771.023778 139689.034165 121534.503823 130317.758658 339.961789 62436.157549 58762.270468 -59.379772 -254.393720 -270.395234 -202.206286 -9999.0 -9999.0 -9999.0 -9999.0 -9999.0 -9999.0 -9999.0 -9999.0 -9999.0 -9999.0 -9999.0 -9999.0 -9999.0 -9999.0 -9999.0 -9999.0 -9999.0 -9999.0 -9999.0 -9999.0 -9999.0
-9999.0 -9999.0 -9999.0 -9999.0 -9999.0 -9999.0 -9999.0 -9999.0 -9999.0 -9999.0 -9999.0 -9999.0 -9999.0 119886.034541 358.001869 -1119.896859 -2107.609212 -5668.462937 -1782.213277 -1154.420285 -638.891012 -226.431769 -628.704440 824.970873 17122.803326 120007.175478 -328.074396 111396.752317 109906.746563 94992.230412 91567.555705 116650.056675 112914.900077 112870.916007 66395.842463 -92.418366 -9999.0 -9999.0 -9999.0 -9999.0 -9999.0 -9999.0 -9999.0 -9999.0 -9999.0 -9999.0 -9999.0 -9999.0 -9999.0 -9999.0 -9999.0 -9999.0 -9999.0 -9999.0 -9999.0 -9999.0 -9999.0
-9999.0 -9999.0 -9999.0 -9999.0 -9999.0 -9999.0 -9999.0 -9999.0 -9999.0 -9999.0 -9999.0 -9999.0 -9999.0 111122.590250 -682.027558 -1273.797026 -1834.182660 -556.747444 -5673.995363 -1010.295732 -2159.240756 -598.630120 -631.667991 -480.957666 45264.140958 106263.919428 115088.746284 -23.951263 -31.422628 125520.567779 125241.171866 109738.493084 -40.575165 -101.666467 -59.051007 -9999.0 -9999.0 -9999.0 -9999.0 -9999.0 -9999.0 -9999.0 -9999.0 -9999.0 -9999.0 -9999.0 -9999.0 -9999.0 -9999.0 -9999.0 -9999.0 -9999.0 -9999.0 -9999.0 -9999.0 -9999.0 -9999.0
-9999.0 -9999.0 -9999.0 -9999.0 -9999.0 -9999.0 -9999.0 -9999.0 -9999.0 -9999.0 -9999.0 -9999.0 -9999.0 -787.724595 655.750806 -902.385086 -1329.251104 -1640.883765 -5693.776468 -1881.110324 -472.121815 -222.682973 32556.893459 117274.948385 -45.608813 8004.061037 -130.778206 -68.074567 113323.948697 -104.858589 91107.336198 -59.874582 -113.171390 -62.161832 -55.387432 -9999.0 -9999.0 -9999.0 -9999.0 -9999.0 -9999.0 -9999.0 -9999.0 -9999.0 -9999.0 -9999.0 -9999.0 -9999.0 -9999.0 -9999.0 -9999.0 -9999.0 -9999.0 -9999.0 -9999.0 -9999.0 -9999.0
-9999.0 -9999.0 -9999.0 -9999.0 -9999.0 -9999.0 -9999.0 -9999.0 -9999.0 -9999.0 -9999.0 -9999.0 -84.537504 718.617558 -660.848073 194.239810 -744.588821 -1134.739296 -630.797390 -773.424468 -391.679396 94383.689981 108112.313628 107980.907303 104456.727578 118860.409203 101352.876565 115798.510832 116279.564901 7697.080868 1053.178389 -77.716062 77888.847740 -75.927730 -9999.0 -9999.0 -9999.0 -9999.0 -9999.0 -9999.0 -9999.0 -9999.0 -9999.0 -9999.0 -9999.0 -9999.0 -9999.0 -9999.0 -9999.0 -9999.0 -9999.0 -9999.0 -9999.0 -9999.0 -9999.0 -9999.0 -9999.0
-9999.0 -9999.0 -9999.0 -9999.0 -9999.0 -9999.0 -9999.0 -9999.0 -9999.0 -9999.0 -9999.0 132798.868978 -404.039272 318.080672 -598.977674 105471.370919 -563.675462 -1062.356177 -282.836579 -70.029328 -1504.898811 299.404141 126484.627361 119996.214571 60950.249926 118241.348642 86999.462143 112461.672129 115265.349026 -8.068881 -64.513300 63848.512336 -38.459785 -76.225500 -87.419379 -76.201768 111023.876553 64915.624861 -705.370552 -9999.0 -9999.0 -9999.0 -207.397680 -9999.0 -9999.0 -9999.0 -9999.0 -9999.0 -9999.0 -9999.0 -9999.0 -9999.0 -9999.0 -9999.0 -9999.0 -9999.0 -9999.0
-9999.0 -9999.0 -9999.0 -9999.0 -9999.0 -9999.0 -9999.0 -9999.0 -9999.0 -9999.0 -9999.0 131674.568726 -525.125600 -601.516113 -857.415821 127680.595826 -1369.775828 -1524.245061 -565.609451 -485.171128 -364.946866 108752.141432 124564.925728 123650.994642 124546.124643 115564.864105 116319.710799 117788.714858 68975.233272 -40.780337 103421.994039 102804.559192 111640.378408 101302.180039 97688.082857 115623.559451 115711.727912 -592.584703 -494.738685 -122.067517 -89.790004 -66.328285 104165.229824 -58.052951 -9999.0 -9999.0 -9999.0 90167.881011 99547.785196 -41.722603 105348.160258 -55.297709 -50.579561 93186.572845 95353.299217 6224.613072 -9999.0
-9999.0 -9999.0 -9999.0 -9999.0 -9999.0 -9999.0 -9999.0 -9999.0 -9999.0 -9999.0 -9999.0 98097.982650 130282.149026 113766.856120 105954.789740 109789.889064 21.414677 -1038.410696 -558.924094 -568.975867 -623.015551 27516.982729 117440.618656 117870.831927 116869.198533 -42.310415 117606.803225 117977.873392 -39.513097 104812.032849 -38.362655 117556.834639 102745.590561 109352.927706 -56.081808 87719.342805 117624.320327 -687.392070 -901.118607 -205.274905 77768.136673 109984.148042 115724.350291 116884.685189 108806.734763 -9999.0 -70.124271 99881.955690 106567.746255 107410.777921 108742.164280 -13.563196 107117.118811 105559.228264 105015.918407 96542.808669 -9999.0
-9999.0 -9999.0 -9999.0 -9999.0 -9999.0 -9999.0 -9999.0 -9999.0 -9999.0 -9999.0 -9999.0 -9999.0 131982.153441 122342.949499 115610.778839 114228.642206 -564.610833 -1100.224411 -489.784479 -522.072814 -740.441799 563.696739 69478.357690 110060.276833 121870.806174 125264.610950 -119.800279 113313.947236 108036.601263 -59.048255 116714.581048 125117.007074 121975.840895 113076.958018 108990.356763 117353.864863 75411.218140 -1046.534572 -929.299081 -964.129988 -532.356721 -133.173643 109137.411511 122906.911353 -84.841756 99970.312339 -78.476491 104284.366971 100492.131465 104086.718658 101390.778776 96193.581049 97004.425818 96198.106221 93701.897821 105552.108616 103316.650793
-9999.0 -9999.0 -9999.0 -9999.0 -9999.0 -9999.0 -9999.0 -9999.0 -9999.0 -9999.0 -9999.0 120893.974155 129534.326444 138551.329249 123072.197901 94775.932869 564.664406 -734.106660 -472.580844 -999.834232 -943.756176 157.871468 90505.249770 116291.919910 118777.768778 119424.042481 116972.357423 115721.574126 112196.044243 -60.981526 114814.438085 115596.306281 66161.151174 109980.308887 99233.701209 116668.328122 117305.216010 -1004.932226 -1288.871928 -824.115034 -893.513085 -703.214107 92463.056212 -402.602858 118121.067002 116161.394924 116795.692792 -167.923741 -150.052129 86820.489947 -128.157005 112253.426692 13198.513457 -104.313412 -135.359022 -79.182308 -41.816554
-9999.0 -9999.0 -9999.0 -9999.0 -9999.0 -9999.0 -9999.0 -9999.0 -9999.0 -9999.0 33411.826403 113593.846023 121182.502080 121277.011635 117271.260594 108810.211140 112068.884064 237.473285 -1244.694230 -953.919333 -389.300602 489.980335 156136.298035 115552.741433 95602.587936 84161.344084 122617.020413 -366.204658 123752.034946 125338.325962 43380.162208 44488.456466 123967.590056 112806.870338 -50.196790 -62.673981 121280.302679 108341.032936 -340.809720 674.371873 327.070254 -255.164504 -51.861614 -395.585931 117627.167612 -50.224037 116034.785695 103988.049582 106363.053671 96137.973026 -726.592266 -41.487996 -102.334507 -46.008441 -73.882537 92595.384339 92654.584369
-9999.0 -9999.0 -9999.0 -9999.0 -9999.0 -9999.0 -9999.0 -9999.0 -9999.0 115403.728839 121066.716777 20886.759251 63877.267120 115940.277687 113072.438249 116647.694716 111008.812841 92900.145817 -1235.635913 -1224.589271 -448.094606 -602.082410 -166.524809 124.904318 14327.300929 174536.318956 121663.125884 116675.220541 128280.409667 130543.128940 6929.546441 163568.416754 1423.252496 -78.812843 -64.239487 -62.040814 64430.880439 133074.968996 123119.142650 127791.340219 160282.422280 153119.887926 158539.315183 -816.019154 -560.903068 104001.380614 111784.920277 112847.966140 113185.845951 3411.454576 84861.519616 -37.255238 -63.883645 893.096429 -43.707678 1573.126162 1711.106454
-9999.0 -9999.0 -9999.0 -9999.0 -9999.0 -9999.0 -9999.0 -9999.0 -9999.0 37908.335346 82112.273125 112965.301878 94236.783687 90650.743052 109162.502121 114624.676239 114636.139076 390.436903 -1331.078748 -650.384875 -571.243339 -753.525664 57.176519 92497.900548 170039.676185 121197.385681 115484.851024 98751.057458 535.147886 92696.494489 121299.747937 154162.770019 104113.782545 108601.460839 115893.645200 -61.474064 -51.100109 -44.116074 119862.571660 127367.914810 114385.658853 120855.779633 112612.828008 545.877461 -620.671295 -416.948255 -359.724469 159.335077 92728.432922 2057.797992 166856.079998 106778.091875 -43.725493 85367.775851 64198.055356 32976.834344 31036.520535
-9999.0 -9999.0 -9999.0 -9999.0 -9999.0 -9999.0 -9999.0 -9999.0 -9999.0 -9999.0 112722.666959 116697.482188 122836.453457 118470.302463 53198.212916 106167.297127 88997.377494 -399.588577 -1422.127567 -765.592042 -496.814998 -1450.654137 7540.500937 142962.091778 117503.777459 108460.461306 3467.160783 285.832727 128722.268967 173931.993297 171210.179673 175933.514133 116984.677901 105271.015379 110393.649381 110658.807588 116037.409949 128381.281404 -26.033022 111869.297214 120065.401358 127051.921832 117141.028202 111213.975457 365.822922 407.604253 -677.007665 -320.654162 -368.230765 4135.683617 158086.389026 65389.575393 -54.646920 -29.078194 85172.162331 96635.711586 104624.936426
-9999.0 -9999.0 -9999.0 -9999.0 -9999.0 -9999.0 -9999.0 -9999.0 -9999.0 -9999.0 101992.924193 109050.053941 121370.154245 98321.397834 908.541147 255.378205 179.573328 -1019.135458 -1225.728092 -1716.080114 -1617.191847 -1075.868439 48479.537085 102989.048393 104581.558969 727.948984 44.088673 742.695975 166836.498613 121292.647945 114829.476722 116113.772568 -252.425813 109316.410142 121925.669400 124502.128637 42878.064673 116408.753446 125335.360941 116328.250448 121847.744342 114178.726991 125437.666472 126576.719581 136453.892880 175336.625645 119774.011968 391.796582 -801.892215 -119.331075 61065.483332 109229.901096 100320.142631 1270.656946 -25.051795 -37.036933 106021.476929
-9999.0 -9999.0 -9999.0 -9999.0 -9999.0 -9999.0 -9999.0 -9999.0 121996.783446 116942.757310 107077.352073 115327.164759 120193.102139 123706.193954 161148.694461 -508.783339 -1311.313988 -799.503308 -921.804047 -2160.369528 -2148.007063 -1576.514201 -1353.174900 -915.775783 81.301099 -292.386971 1130.077580 178359.670079 128927.291979 119082.610344 -70.207140 100861.058902 112327.220203 111867.160739 118525.425287 124526.718161 123551.899886 127712.592723 176385.811646 -52.201228 -75.867320 92396.907765 -102.946754 -33.098254 -76.179666 43418.114047 173963.683504 128760.416311 243.085830 -146.483447 1181.262033 136876.113165 73350.916313 93611.434357 -67.644096 106826.132385 -42.150655
-9999.0 -9999.0 -9999.0 -9999.0 -9999.0 -9999.0 -9999.0 -9999.0 -22.760267 93272.260256 118527.021644 110511.436431 118059.021249 118746.502907 164784.582853 413.754184 -961.499014 -1134.870823 -2520.784482 -2213.692343 -637.010828 -742.917029 -748.281427 -767.695086 -1375.135486 -735.334785 -414.629038 113759.309237 -248.816775 112977.130008 108610.081076 -119.327068 83789.515606 -112.917774 104000.601713 123821.338512 116220.886826 39888.127280 126226.776548 124463.453512 120218.127718 -26.133945 -83.095993 119563.307445 120154.689688 121392.856432 -159.049892 121938.016234 126910.580960 -534.454715 -135.363277 121097.096002 82017.289322 105405.865839 115392.826798 -716.650241 121683.749830
-9999.0 -9999.0 -9999.0 -9999.0 -9999.0 -9999.0 -9999.0 -9999.0 114657.518401 115782.252570 110280.942977 117899.639985 118545.970330 -143.593962 118299.387279 162873.619100 130.352578 -712.321093 -1983.437740 -697.189832 -2287.477746 -978.825295 -846.276825 -1492.830086 -672.417134 -1001.022940 -338.775150 181022.910415 -408.078880 112883.778988 -132.298938 94936.108276 117419.836280 114074.800484 120631.256779 114949.810541 149090.781074 -131.360874 92530.617130 124122.596207 119016.056896 -124.783776 118698.163266 118670.247166 116999.147546 118137.990623 -88.667881 121257.528565 125791.928976 2742.065201 -439.835625 3400.634744 55222.180543 94955.615933 28032.531795 23839.554795 389.099163
-9999.0 -9999.0 -9999.0 -9999.0 -9999.0 -9999.0 -9999.0 -9999.0 -72.684819 118733.210895 56211.204537 -527.682201 117169.534567 115191.807749 165689.214817 -95.628397 -1833.076975 -1758.136008 -565.230824 -2090.129821 -1953.516640 -1841.216108 -920.648109 -1311.328375 -1233.234938 -682.530796 122962.981016 172650.733888 116377.316511 134398.251606 126783.158963 127682.425001 136121.831328 124141.773698 129423.072275 123713.316813 68105.457535 -967.885409 -365.683390 136572.763101 126343.285897 130331.942186 128142.307975 -94.835777 118593.361151 -75.914913 122141.263103 -90.199695 116736.598245 118359.347510 1446.646784 -371.129318 3180.418098 10478.473357 1697.838161 47.204298 -318.126244
-9999.0 -9999.0 -9999.0 -9999.0 -9999.0 -9999.0 -9999.0 -9999.0 102388.410736 124657.252046 -108.207939 178877.893445 181410.287212 180309.130050 91081.001368 -223.895714 -237.717387 -928.194052 -748.817506 -1136.603670 -1535.108866 -1395.020872 -1768.172464 -1797.500617 -586.313467 222.261541 166728.094905 105533.895999 50589.875944 56913.889312 149349.251158 3164.206148 49.332362 465.583204 1883.192320 244.370016 -510.967898 -1217.480386 -1460.641876 -209.603273 542.633089 9720.755411 16535.341803 68116.180200 116871.815612 117483.756394 114663.524498 114103.600258 111053.796951 7903.968292 -282.319524 -731.661942 -469.734663 -368.273402 97.397154 88.933243 -83.437661
