user2019/resources/simulation/Vinschgau/output-maps/psiL0006N0234.asc
ncols         63
nrows         48
xllcorner     598000.000000
yllcorner     5145000.000000
cellsize      1000.000000
NODATA_value  -9999.0
[rows 0 to 25 of 48, columns 0 to 57 of 63]
-9999.0 -9999.0 -9999.0 -9999.0 -9999.0 -9999.0 -9999.0 -9999.0 -9999.0 -9999.0 -9999.0 -9999.0 -9999.0 -9999.0 -9999.0 -9999.0 -9999.0 -9999.0 -9999.0 -9999.0 -9999.0 -9999.0 -9999.0 -9999.0 -9999.0 -9999.0 -9999.0 -9999.0 -9999.0 -9999.0 -9999.0 -9999.0 -9999.0 -9999.0 -9999.0 -9999.0 -9999.0 -9999.0 -9999.0 -9999.0 -9999.0 -9999.0 -9999.0 -9999.0 -9999.0 -9999.0 -9999.0 -9999.0 -9999.0 -9999.0 -9999.0 -9999.0 -9999.0 -9999.0 -9999.0 -9999.0 -9999.0 -9999.0
-9999.0 -9999.0 -9999.0 -9999.0 -9999.0 -9999.0 -9999.0 -9999.0 -9999.0 -9999.0 -9999.0 -9999.0 -9999.0 -9999.0 -9999.0 -9999.0 -9999.0 -9999.0 -9999.0 -9999.0 -9999.0 -9999.0 -9999.0 -9999.0 -9999.0 -9999.0 -9999.0 -798.454147 -799.691498 -799.701355 -799.211350 -798.880499 -798.885116 -9999.0 -9999.0 -9999.0 -9999.0 -9999.0 -9999.0 -9999.0 -9999.0 -9999.0 -9999.0 -9999.0 -9999.0 -9999.0 -9999.0 -9999.0 -9999.0 -9999.0 -9999.0 -9999.0 -9999.0 -9999.0 -9999.0 -9999.0 -9999.0 -9999.0
-9999.0 -9999.0 -9999.0 -9999.0 -9999.0 -9999.0 -9999.0 -9999.0 -9999.0 -9999.0 -9999.0 -9999.0 -9999.0 -9999.0 -9999.0 -9999.0 -9999.0 -9999.0 -9999.0 -9999.0 -9999.0 -9999.0 -9999.0 -9999.0 -1549.402985 -1516.643766 -1511.955780 -1521.257318 -1499.718868 -799.596575 -799.349807 -9999.0 -9999.0 -9999.0 -9999.0 -9999.0 -9999.0 -9999.0 -9999.0 -9999.0 -9999.0 -9999.0 -9999.0 -9999.0 -9999.0 -9999.0 -9999.0 -9999.0 -9999.0 -9999.0 -9999.0 -9999.0 -9999.0 -9999.0 -9999.0 -9999.0 -9999.0 -9999.0
-9999.0 -9999.0 -9999.0 -9999.0 -9999.0 -9999.0 -9999.0 -9999.0 -9999.0 -9999.0 -9999.0 -9999.0 -9999.0 -9999.0 -9999.0 -9999.0 -9999.0 -9999.0 -9999.0 -9999.0 -9999.0 -9999.0 -9999.0 -1548.338800 -1444.867463 -238.794048 -496.836180 -228.970520 -634.783651 -799.285103 -799.747218 -798.742657 -9999.0 -9999.0 -9999.0 -9999.0 -9999.0 -9999.0 -9999.0 -9999.0 -9999.0 -9999.0 -9999.0 -9999.0 -9999.0 -9999.0 -9999.0 -9999.0 -9999.0 -9999.0 -9999.0 -9999.0 -9999.0 -9999.0 -9999.0 -9999.0 -9999.0 -9999.0
-9999.0 -9999.0 -9999.0 -9999.0 -9999.0 -9999.0 -9999.0 -9999.0 -9999.0 -9999.0 -9999.0 -9999.0 -9999.0 -9999.0 -9999.0 -9999.0 -9999.0 -9999.0 -217.465479 -1139.456206 -9999.0 -1555.210454 -1540.151987 -194.088494 -270.414958 -283.718870 -346.470268 -377.537658 -191.855207 -1075.624151 -799.392968 -799.744659 -799.069154 -798.653370 -9999.0 -9999.0 -9999.0 -9999.0 -9999.0 -9999.0 -9999.0 -9999.0 -9999.0 -9999.0 -9999.0 -9999.0 -9999.0 -9999.0 -9999.0 -9999.0 -9999.0 -9999.0 -9999.0 -9999.0 -9999.0 -9999.0 -9999.0 -9999.0
-9999.0 -9999.0 -9999.0 -9999.0 -9999.0 -9999.0 -9999.0 -9999.0 -9999.0 -9999.0 -9999.0 -9999.0 -9999.0 -9999.0 -9999.0 -9999.0 -9999.0 -229.373446 -435.269162 -24058.878208 -800.173746 -440.462907 -1175.607685 -613.929882 -214.888589 -1533.978354 -1690.626184 -1574.970195 -1721.080404 -358.308494 -1386.124823 -799.354246 -800.073173 -799.909304 -798.731107 -798.570313 -9999.0 -9999.0 -9999.0 -9999.0 -9999.0 -9999.0 -9999.0 -9999.0 -9999.0 -9999.0 -9999.0 -9999.0 -9999.0 -9999.0 -9999.0 -9999.0 -9999.0 -9999.0 -9999.0 -9999.0 -9999.0 -9999.0
-9999.0 -9999.0 -9999.0 -9999.0 -9999.0 -9999.0 -9999.0 -9999.0 -9999.0 -9999.0 -9999.0 -9999.0 -9999.0 -799.427394 -1306.375702 -238.403173 -261.930290 -799.298585 -232.990446 -269.190729 -396.784548 -334.494657 -344.392246 -235.713371 -1574.406660 -1367.899966 -910.808982 -1045.586009 -1022.478693 -1590.664093 -1561.297404 -1508.765857 -799.228279 -798.888929 -798.592582 -798.640770 -9999.0 -9999.0 -9999.0 -9999.0 -9999.0 -9999.0 -9999.0 -9999.0 -9999.0 -9999.0 -9999.0 -9999.0 -9999.0 -9999.0 -9999.0 -9999.0 -9999.0 -9999.0 -9999.0 -9999.0 -9999.0 -9999.0
-9999.0 -9999.0 -9999.0 -9999.0 -9999.0 -9999.0 -9999.0 -9999.0 -9999.0 -9999.0 -9999.0 -9999.0 -9999.0 -1291.593420 -293.009551 -253.089599 -254.503006 -212.191627 -799.354449 -512.660102 -369.296592 -491.327631 -346.345571 -1476.955451 -1504.653118 -1005.815919 -799.466660 -798.717915 -798.730870 -846.499053 -1672.779782 -799.226649 -798.607960 -798.649013 -798.639881 -9999.0 -9999.0 -9999.0 -9999.0 -9999.0 -9999.0 -9999.0 -9999.0 -9999.0 -9999.0 -9999.0 -9999.0 -9999.0 -9999.0 -9999.0 -9999.0 -9999.0 -9999.0 -9999.0 -9999.0 -9999.0 -9999.0 -9999.0
-9999.0 -9999.0 -9999.0 -9999.0 -9999.0 -9999.0 -9999.0 -9999.0 -9999.0 -9999.0 -9999.0 -9999.0 -9999.0 -1435.443627 -269.283147 -274.492956 -249.113450 -250.955773 -799.434158 -222.308277 -968.842555 -1137.891892 -1520.061779 -1655.651930 -1577.301685 -1535.213980 -799.730208 -798.706792 -799.535158 -798.681155 -799.299151 -798.644475 -798.632953 -798.663117 -798.663892 -9999.0 -9999.0 -9999.0 -9999.0 -9999.0 -9999.0 -9999.0 -9999.0 -9999.0 -9999.0 -9999.0 -9999.0 -9999.0 -9999.0 -9999.0 -9999.0 -9999.0 -9999.0 -9999.0 -9999.0 -9999.0 -9999.0 -9999.0
-9999.0 -9999.0 -9999.0 -9999.0 -9999.0 -9999.0 -9999.0 -9999.0 -9999.0 -9999.0 -9999.0 -9999.0 -584.283784 -279.161525 -295.470617 -1569.920291 -356.551453 -242.385991 -122.525442 -94297.997644 -1499.614277 -1598.125028 -1004.085583 -1663.245433 -419.429384 -799.260476 -1634.217156 -799.034938 -799.361801 -798.700566 -799.288343 -798.754184 -799.863779 -798.547105 -9999.0 -9999.0 -9999.0 -9999.0 -9999.0 -9999.0 -9999.0 -9999.0 -9999.0 -9999.0 -9999.0 -9999.0 -9999.0 -9999.0 -9999.0 -9999.0 -9999.0 -9999.0 -9999.0 -9999.0 -9999.0 -9999.0 -9999.0 -9999.0
-9999.0 -9999.0 -9999.0 -9999.0 -9999.0 -9999.0 -9999.0 -9999.0 -9999.0 -9999.0 -9999.0 -1671.647683 -1559.757358 -248.395319 -1647.731145 -1811.509604 -937.348351 -241.135807 -220.962626 -90479.559426 -466.488013 -400.805027 -799.537978 -799.235460 -1008.783162 -798.862889 -799.268607 -799.586932 -1619.694924 -798.638543 -798.659483 -791.137230 -798.274783 -798.554818 -798.074166 -798.947548 -799.353119 -517.674907 -799.045910 -9999.0 -9999.0 -9999.0 -798.640585 -9999.0 -9999.0 -9999.0 -9999.0 -9999.0 -9999.0 -9999.0 -9999.0 -9999.0 -9999.0 -9999.0 -9999.0 -9999.0 -9999.0 -9999.0
-9999.0 -9999.0 -9999.0 -9999.0 -9999.0 -9999.0 -9999.0 -9999.0 -9999.0 -9999.0 -9999.0 -1604.013171 -1633.733438 -421.915781 -1362.896473 -799.149891 -1482.929111 -778.887504 -222.245283 -222.915486 -252.694079 -241.106754 -1534.887859 -1654.174704 -1782.719122 -799.242879 -799.467831 -799.612624 -798.654224 -798.697692 -799.399545 -799.453605 -799.473060 -798.837418 -798.538476 -799.408020 -584.875465 -343.787154 -535.331422 -799.296545 -800.136457 -797.984290 -799.238866 -798.599402 -9999.0 -9999.0 -9999.0 -270.021033 -799.989807 -798.210218 -799.705592 -798.147533 -798.445298 -724.379710 -809.963368 -798.823712 -9999.0 -9999.0
-9999.0 -9999.0 -9999.0 -9999.0 -9999.0 -9999.0 -9999.0 -9999.0 -9999.0 -9999.0 -9999.0 -1576.220200 -1702.927984 -936.287274 -404.650323 -799.579841 -978.295183 -315.822047 -344.183810 -222.678540 -218.249166 -593.001666 -1173.219141 -1569.102139 -799.126994 -800.110765 -1322.423056 -879.654497 -798.876648 -799.308410 -798.643764 -1008.473448 -596.553211 -798.368085 -798.485590 -518.819324 -1386.081740 -2990.300462 -298.059959 -799.066650 -567.004939 -799.881963 -496.661697 -799.451003 -798.716832 -9999.0 -798.890463 -800.013132 -799.665378 -486.880248 -794.613367 -799.055917 -561.523508 -132.083402 -359.316386 -254.374398 -9999.0 -9999.0
-9999.0 -9999.0 -9999.0 -9999.0 -9999.0 -9999.0 -9999.0 -9999.0 -9999.0 -9999.0 -9999.0 -9999.0 -1812.675576 -409.719169 -897.361586 -1006.128714 -983.988131 -537.547350 -220.392580 -218.422918 -437.614700 -633.458324 -464.328518 -1448.168863 -1659.165534 -1262.163612 -443.381087 -799.119912 -799.281407 -798.483356 -799.461358 -1582.043849 -799.710126 -798.976848 -798.974112 -799.445276 -1691.259314 -1503.250785 -957.992798 -799.351245 -1373.717054 -799.174649 -649.765834 -1002.310738 -799.593947 -799.935089 -798.463919 -800.034662 -920.225698 -1543.746617 -442.769507 -1697.082092 -299.827876 -503.595159 -1834.487072 -1902.098918 -1512.432857 -9999.0
-9999.0 -9999.0 -9999.0 -9999.0 -9999.0 -9999.0 -9999.0 -9999.0 -9999.0 -9999.0 -9999.0 -369.820169 -1520.110707 -799.253360 -1147.742381 -1144.700886 -1356.458248 -474.697285 -258.770676 -225.220449 -719.583716 -446.787801 -1215.113875 -590.165989 -1144.666448 -936.741544 -434.047118 -799.079982 -799.589378 -800.206312 -1470.975550 -1481.747442 -500.144103 -798.338546 -799.041628 -798.413833 -798.827449 -1147.156158 -285.650892 -284.654827 -767.814989 -1334.652021 -1140.349936 -3931.772550 -283.958218 -799.749482 -799.675196 -800.036607 -800.162378 -1288.462853 -801.972756 -799.011702 -1574.994093 -799.653085 -799.733319 -798.816008 -798.444728 -9999.0
-9999.0 -9999.0 -9999.0 -9999.0 -9999.0 -9999.0 -9999.0 -9999.0 -9999.0 -9999.0 -489.581026 -1180.906157 -937.459551 -1415.105038 -870.563004 -1174.814993 -1525.143126 -1315.166126 -243.641021 -225.390840 -214.447457 -226.659741 -578.044154 -707.477906 -1339.735927 -477.916390 -840.647722 -804.555978 -796.442940 -365.492436 -1029.450468 -1693.920586 -799.475951 -799.107096 -798.680283 -798.884760 -689.721044 -1701.881189 -1266.369677 -1315.321445 -382.439342 -897.989030 -799.030468 -249.855364 -970.947922 -800.136123 -799.669128 -985.321523 -801.731942 -1205.767447 -831.723370 -798.889866 -799.561941 -798.893057 -799.149458 -355.367023 -343.177683 -9999.0
-9999.0 -9999.0 -9999.0 -9999.0 -9999.0 -9999.0 -9999.0 -9999.0 -9999.0 -799.172751 -491.416628 -458.403351 -1044.272784 -1234.738272 -382.273657 -1559.140828 -1676.493407 -904.314902 -530.324037 -225.095546 -219.055263 -1393.034018 -431.565002 -589.725524 -421.223750 -817.273079 -1512.372021 -304.090169 -469.454463 -942.663245 -1415.709589 -818.115790 -798.557682 -798.594099 -798.671767 -798.456169 -799.552474 -1725.556926 -1718.874589 -1587.019518 -1396.216225 -1719.546196 -821.374984 -596.282810 -424.764817 -633.581551 -151.029512 -2152.559467 -1274.803162 -230.737233 -1095.975433 -798.518636 -798.911657 -799.033355 -798.717909 -851.742591 -1109.564702 -800.032679
-9999.0 -9999.0 -9999.0 -9999.0 -9999.0 -9999.0 -9999.0 -9999.0 -9999.0 -798.957764 -799.008770 -799.541335 -254.178710 -1422.852127 -1372.285424 -1158.277771 -607.061109 -1475.638686 -391.163308 -222.286518 -220.663802 -209.558881 -260.626473 -966.530902 -818.567119 -1069.614809 -1353.223528 -1018.092076 -229.352097 -394.724847 -857.683863 -826.957276 -799.258466 -798.179437 -799.455809 -800.359068 -799.861692 -800.151281 -799.217881 -799.579048 -427.970408 -804.212659 -1188.749060 -1388.188755 -222.933477 -217.078371 -181.419538 -279.095125 -318.022641 -964.834128 -823.923795 -903.945157 -798.957537 -799.113896 -799.106864 -487.378384 -617.555294 -1487.310773
-9999.0 -9999.0 -9999.0 -9999.0 -9999.0 -9999.0 -9999.0 -9999.0 -9999.0 -9999.0 -799.246298 -799.516326 -1420.391679 -222.598620 -685.956423 -1437.460154 -1452.382678 -254.565653 -372.120360 -225.256324 -220.404968 -344.136078 -1427.246203 -388.710917 -1019.989273 -1306.051109 -235.443838 -200.583672 -854.127424 -1632.456041 -805.438081 -419.190515 -804.493956 -799.232992 -799.672401 -484.829612 -1362.603938 -1537.726576 -798.670570 -799.219295 -799.116098 -1506.588470 -1512.691614 -866.814955 -848.803461 -1558.825052 -357.453306 -206.532112 -256.713987 -319.704857 -850.228735 -941.090832 -798.389599 -798.970696 -1818.750544 -799.117123 -1733.682678 -365.839906
-9999.0 -9999.0 -9999.0 -9999.0 -9999.0 -9999.0 -9999.0 -9999.0 -9999.0 -9999.0 -799.498572 -799.506790 -1644.581549 -1185.807580 -212.120489 -313.798062 -1449.604002 -237.332143 -246.821601 -227.793647 -269.554091 -590.715466 -768.390715 -1462.534521 -1409.539193 -211.309893 -227.355162 -768.644150 -1847.993834 -802.522129 -798.942784 -1760.023215 -812.326495 -799.123353 -799.209788 -1423.709631 -1543.962232 -1461.043007 -972.878713 -798.950119 -800.021849 -799.282654 -1762.682216 -798.923474 -369.058346 -825.287030 -1573.768502 -863.696281 -238.935359 -218.594850 -325.815680 -993.962373 -1649.676957 -798.308280 -798.909221 -798.831746 -798.969538 -525.604297
-9999.0 -9999.0 -9999.0 -9999.0 -9999.0 -9999.0 -9999.0 -9999.0 -1454.759966 -393.137722 -799.632815 -1693.791253 -1514.857263 -1456.376789 -1347.855254 -224.856115 -305.562141 -188.953251 -216.613721 -215.479989 -243.898143 -416.964935 -537.860263 -650.558468 -466.654236 -243.903419 -209.917627 -1778.121599 -1774.823572 -815.284567 -798.710683 -798.938592 -798.989595 -799.336493 -799.976027 -799.186866 -799.715832 -1481.894349 -813.339052 -798.315698 -798.853977 -1444.488903 -800.944129 -798.735313 -800.265669 -1502.462405 -806.276828 -1565.985125 -354.417295 954.572394 -242.352209 -933.610608 -1559.335693 -817.239138 -799.808326 -372.553923 -799.889929 -553.278290
-9999.0 -9999.0 -9999.0 -9999.0 -9999.0 -9999.0 -9999.0 -9999.0 -831.408460 -1527.690651 -1083.042620 -799.005186 -799.498606 -1273.201626 -976.562541 -472.922242 -351.578241 -512.017152 -275.432959 -169.501488 193.625416 -151.673901 -234.855021 -315.403227 -484.672018 -248.223922 -211.174346 -1523.805147 -804.110925 -799.730636 -799.950694 -800.009221 -799.752808 -798.219746 -1539.361117 -1530.501702 -739.270792 -1508.054741 -1031.707557 -799.696629 -799.042831 -798.859497 -798.807331 -799.670929 -1524.986949 -1765.350980 -801.127821 -799.009676 -893.904291 -206.515798 -181.186277 -1467.903184 -1666.569409 -207.308266 -795.698595 -1132.726444 -1074.916027 -250.420820
-9999.0 -9999.0 -9999.0 -9999.0 -9999.0 -9999.0 -9999.0 -9999.0 -798.787210 -799.617584 -650.459493 -950.283632 -1609.261835 -822.579267 -1280.077782 -653.474882 -378.202069 -351.221283 -335.070661 -221.249229 -115.497849 -213.279618 -244.198352 -232.592310 -208.726540 -577.948618 -208.043619 -1778.692641 -837.461182 -799.588402 -800.007276 -1525.314546 -1624.267170 -952.677680 -1505.489879 -402.842344 -947.173713 -379.867282 -848.516554 -912.336156 -797.994754 -798.293362 -1519.168484 -1692.296811 -1743.004774 -1447.122020 -800.170094 -1460.232457 -1835.453303 -290.078751 800.338118 -227.015170 -886.146683 -854.556843 -235.140163 -224.225451 -186.954996 -186.733278
-9999.0 -9999.0 -9999.0 -9999.0 -9999.0 -9999.0 -9999.0 -9999.0 -798.712296 -799.644257 -259.826043 -947.810026 -1056.926721 -280.184696 -1054.643840 -200.865269 -237.401513 -282.631012 -227.965663 -191.488913 -217.105000 76.138048 264.694612 -203.301780 -226.493916 -250.457763 -1089.656247 -533.792945 -744.050409 -428.277001 -1265.590413 -1280.064464 -6871.165486 -1078.080631 -998.087295 -687.334340 -693.274809 -245.465945 -871.706207 -966.484143 -799.697029 -773.711894 -617.895111 -799.275175 -1501.658324 -800.197140 -699.087729 -799.755532 -439.966772 -1299.388444 -225.776574 -155.102857 -203.547610 -87.641991 -186.413914 -164.098398 -201.112115 659.213834
-9999.0 -9999.0 -9999.0 -9999.0 -9999.0 -9999.0 -9999.0 -9999.0 -1596.657069 -1604.942844 -277.958011 -386.542147 -239.485242 -215.450507 -243.211637 -220.478612 -213.021283 -469.472544 -374.884194 -527.203131 -236.549094 1045.679802 747.796429 -212.380484 -225.852953 -265.423425 -1079.387108 -1277.071714 -688.576592 -529.967217 -446.083936 -514.034201 -244.790696 -724.632879 -1273.623421 -1135.132687 -647.327907 -250.448267 -350.680221 -1502.402443 -1157.834808 -1268.357813 -686.570001 -1663.971486 -1060.974983 -549.492522 -1391.535311 -402.849496 -647.406811 -251.677221 -216.322363 -185.942336 -156.832709 -175.512330 -166.821749 642.461883 1052.919039 1072.160337
-9999.0 -9999.0 -799.378843 -1607.671205 -1649.979372 -1472.673482 -1385.205179 -1447.445689 -1431.269955 -1578.869007 -1699.486899 -208.688997 -226.256214 -249.524420 -210.686051 -210.398784 -386.635983 -1638.502152 -1597.114008 -246.679053 -500.406569 -270.972482 1041.860801 490.029153 -232.568530 -341.945762 -302.093450 -381.445010 -219.095124 -242.224047 -1168.598922 -554.103410 153.766912 -218.188840 -234.483492 -215.950496 -227.917010 -244.727892 -257.505647 -346.170571 -484.972482 -301.967067 -328.432451 -249.165531 -436.788540 -573.907637 -214.649350 705.826397 -296.579006 -201.985303 -194.021405 638.167637 1076.255879 822.618294 754.185189 810.895212 681.617806 608.103485
