user2019/resources/simulation/Vinschgau/output-maps/psiL0004N0841.asc
ncols         63
nrows         48
xllcorner     598000.000000
yllcorner     5145000.000000
cellsize      1000.000000
NODATA_value  -9999.0
[rows 0 to 25 of 48, columns 0 to 57 of 63]
-9999.0 -9999.0 -9999.0 -9999.0 -9999.0 -9999.0 -9999.0 -9999.0 -9999.0 -9999.0 -9999.0 -9999.0 -9999.0 -9999.0 -9999.0 -9999.0 -9999.0 -9999.0 -9999.0 -9999.0 -9999.0 -9999.0 -9999.0 -9999.0 -9999.0 -9999.0 -9999.0 -9999.0 -9999.0 -9999.0 -9999.0 -9999.0 -9999.0 -9999.0 -9999.0 -9999.0 -9999.0 -9999.0 -9999.0 -9999.0 -9999.0 -9999.0 -9999.0 -9999.0 -9999.0 -9999.0 -9999.0 -9999.0 -9999.0 -9999.0 -9999.0 -9999.0 -9999.0 -9999.0 -9999.0 -9999.0 -9999.0 -9999.0
-9999.0 -9999.0 -9999.0 -9999.0 -9999.0 -9999.0 -9999.0 -9999.0 -9999.0 -9999.0 -9999.0 -9999.0 -9999.0 -9999.0 -9999.0 -9999.0 -9999.0 -9999.0 -9999.0 -9999.0 -9999.0 -9999.0 -9999.0 -9999.0 -9999.0 -9999.0 -9999.0 -90.553566 58071.647580 -73.686991 54300.559378 51963.723710 51825.157422 -9999.0 -9999.0 -9999.0 -9999.0 -9999.0 -9999.0 -9999.0 -9999.0 -9999.0 -9999.0 -9999.0 -9999.0 -9999.0 -9999.0 -9999.0 -9999.0 -9999.0 -9999.0 -9999.0 -9999.0 -9999.0 -9999.0 -9999.0 -9999.0 -9999.0
-9999.0 -9999.0 -9999.0 -9999.0 -9999.0 -9999.0 -9999.0 -9999.0 -9999.0 -9999.0 -9999.0 -9999.0 -9999.0 -9999.0 -9999.0 -9999.0 -9999.0 -9999.0 -9999.0 -9999.0 -9999.0 -9999.0 -9999.0 -9999.0 57699.059352 54437.511245 53552.431061 54811.838674 52682.159045 52617.862637 58084.033893 -9999.0 -9999.0 -9999.0 -9999.0 -9999.0 -9999.0 -9999.0 -9999.0 -9999.0 -9999.0 -9999.0 -9999.0 -9999.0 -9999.0 -9999.0 -9999.0 -9999.0 -9999.0 -9999.0 -9999.0 -9999.0 -9999.0 -9999.0 -9999.0 -9999.0 -9999.0 -9999.0
-9999.0 -9999.0 -9999.0 -9999.0 -9999.0 -9999.0 -9999.0 -9999.0 -9999.0 -9999.0 -9999.0 -9999.0 -9999.0 -9999.0 -9999.0 -9999.0 -9999.0 -9999.0 -9999.0 -9999.0 -9999.0 -9999.0 -9999.0 55123.780572 49248.608164 -752.852337 -596.802397 -1104.387377 875.743246 53124.768166 56100.005009 52571.466553 -9999.0 -9999.0 -9999.0 -9999.0 -9999.0 -9999.0 -9999.0 -9999.0 -9999.0 -9999.0 -9999.0 -9999.0 -9999.0 -9999.0 -9999.0 -9999.0 -9999.0 -9999.0 -9999.0 -9999.0 -9999.0 -9999.0 -9999.0 -9999.0 -9999.0 -9999.0
-9999.0 -9999.0 -9999.0 -9999.0 -9999.0 -9999.0 -9999.0 -9999.0 -9999.0 -9999.0 -9999.0 -9999.0 -9999.0 -9999.0 -9999.0 -9999.0 -9999.0 -9999.0 -303.400130 51886.236015 -9999.0 56155.729002 50665.924460 -909.118951 -519.538678 -1395.306690 -373.311427 17.161545 -50.258724 3652.572202 56919.787403 54938.251733 -114.257537 -88.714799 -9999.0 -9999.0 -9999.0 -9999.0 -9999.0 -9999.0 -9999.0 -9999.0 -9999.0 -9999.0 -9999.0 -9999.0 -9999.0 -9999.0 -9999.0 -9999.0 -9999.0 -9999.0 -9999.0 -9999.0 -9999.0 -9999.0 -9999.0 -9999.0
-9999.0 -9999.0 -9999.0 -9999.0 -9999.0 -9999.0 -9999.0 -9999.0 -9999.0 -9999.0 -9999.0 -9999.0 -9999.0 -9999.0 -9999.0 -9999.0 -9999.0 -1464.813890 -863.822445 -449.739797 -106.023004 17304.285925 3714.037246 -268.444911 -480.742253 329.790958 50005.884135 49587.950955 42534.856920 50.823311 3198.495518 2161.702376 -152.998538 -388.699981 -394.018514 -268.380904 -9999.0 -9999.0 -9999.0 -9999.0 -9999.0 -9999.0 -9999.0 -9999.0 -9999.0 -9999.0 -9999.0 -9999.0 -9999.0 -9999.0 -9999.0 -9999.0 -9999.0 -9999.0 -9999.0 -9999.0 -9999.0 -9999.0
-9999.0 -9999.0 -9999.0 -9999.0 -9999.0 -9999.0 -9999.0 -9999.0 -9999.0 -9999.0 -9999.0 -9999.0 -9999.0 47449.913303 -313.606420 -877.354348 -1650.359756 -1525.469057 -1402.344540 -952.759832 -566.810929 -600.894788 -612.795096 -430.669880 978.086807 54181.118731 -628.393708 44803.061349 43109.737992 25476.107549 23127.090298 50788.226982 50663.503680 50623.746609 17428.137922 -119.430669 -9999.0 -9999.0 -9999.0 -9999.0 -9999.0 -9999.0 -9999.0 -9999.0 -9999.0 -9999.0 -9999.0 -9999.0 -9999.0 -9999.0 -9999.0 -9999.0 -9999.0 -9999.0 -9999.0 -9999.0 -9999.0 -9999.0
-9999.0 -9999.0 -9999.0 -9999.0 -9999.0 -9999.0 -9999.0 -9999.0 -9999.0 -9999.0 -9999.0 -9999.0 -9999.0 34131.843806 -529.128157 -997.377209 -1462.155577 -420.806787 -4892.678299 -803.207522 -1385.832829 -440.138717 -495.361586 -395.898923 3680.486384 37068.419249 56330.052255 -61.012047 -65.110198 59266.239282 59073.834826 51824.737911 -69.889177 -101.666467 -85.054733 -9999.0 -9999.0 -9999.0 -9999.0 -9999.0 -9999.0 -9999.0 -9999.0 -9999.0 -9999.0 -9999.0 -9999.0 -9999.0 -9999.0 -9999.0 -9999.0 -9999.0 -9999.0 -9999.0 -9999.0 -9999.0 -9999.0 -9999.0
-9999.0 -9999.0 -9999.0 -9999.0 -9999.0 -9999.0 -9999.0 -9999.0 -9999.0 -9999.0 -9999.0 -9999.0 -9999.0 -605.033456 686.872775 -707.726604 -1073.232783 -1348.332394 -5444.634734 -1448.381997 -342.861025 -258.464012 1671.125014 28582.192501 126.077685 5111.206462 -180.475110 -98.482326 57621.848489 -104.858589 36819.908245 -59.874582 -113.171391 -62.161833 -79.202729 -9999.0 -9999.0 -9999.0 -9999.0 -9999.0 -9999.0 -9999.0 -9999.0 -9999.0 -9999.0 -9999.0 -9999.0 -9999.0 -9999.0 -9999.0 -9999.0 -9999.0 -9999.0 -9999.0 -9999.0 -9999.0 -9999.0 -9999.0
-9999.0 -9999.0 -9999.0 -9999.0 -9999.0 -9999.0 -9999.0 -9999.0 -9999.0 -9999.0 -9999.0 -9999.0 -499.022108 6372.535768 -474.469211 -372.084937 -534.619690 -857.774065 -503.782812 -387.242862 -568.651807 25218.272768 38274.433622 39722.334366 36231.248391 59855.911106 33128.241658 58506.518064 57732.988420 -39.237013 1052.706667 -107.760725 25749.797176 -99.237865 -9999.0 -9999.0 -9999.0 -9999.0 -9999.0 -9999.0 -9999.0 -9999.0 -9999.0 -9999.0 -9999.0 -9999.0 -9999.0 -9999.0 -9999.0 -9999.0 -9999.0 -9999.0 -9999.0 -9999.0 -9999.0 -9999.0 -9999.0 -9999.0
-9999.0 -9999.0 -9999.0 -9999.0 -9999.0 -9999.0 -9999.0 -9999.0 -9999.0 -9999.0 -9999.0 58453.901797 -247.420707 348.734992 -430.350509 22183.951758 -295.761998 -752.609869 49.745060 -35.710316 -830.753051 -326.398520 63091.619427 60181.670075 8107.921622 58195.617528 30734.402004 53853.767280 56661.802564 -48.084136 -92.966145 19775.453069 -68.815104 -102.372001 -118.210711 -108.265698 54484.008898 6037.276002 -913.312492 -9999.0 -9999.0 -9999.0 -277.678737 -9999.0 -9999.0 -9999.0 -9999.0 -9999.0 -9999.0 -9999.0 -9999.0 -9999.0 -9999.0 -9999.0 -9999.0 -9999.0 -9999.0 -9999.0
-9999.0 -9999.0 -9999.0 -9999.0 -9999.0 -9999.0 -9999.0 -9999.0 -9999.0 -9999.0 -9999.0 59130.688392 -352.857834 -254.453173 -528.766503 51357.585740 -708.728557 -1041.176124 -446.128972 -330.703255 -273.678787 32879.327146 59805.172893 60801.180578 61056.789964 56696.686868 57872.714598 57795.272038 32577.953228 -68.958512 44927.312477 44325.846357 56183.742444 50888.523496 49654.703046 56923.237230 55167.109096 -761.909222 -628.083811 -157.810559 -120.006626 -93.007198 45519.320078 -85.704531 -9999.0 -9999.0 -9999.0 47433.653987 50410.576845 -69.340687 52973.135015 -79.886860 -76.356454 48595.801518 49378.442440 -34.509819 -9999.0 -9999.0
-9999.0 -9999.0 -9999.0 -9999.0 -9999.0 -9999.0 -9999.0 -9999.0 -9999.0 -9999.0 -9999.0 42546.773571 57166.597504 46368.430742 24585.615476 30705.075567 -295.875281 -591.185581 -386.964508 -450.812358 -444.225145 2526.501919 53019.486843 59983.607347 57974.639212 -74.395882 53923.106539 54295.312682 -71.909622 53113.743098 -70.382016 53894.884105 44735.917595 55318.921760 -85.367362 30314.784137 53940.684905 -900.636606 -1298.703033 -293.975653 17538.290371 53300.258743 55040.650612 57410.595105 55391.792541 -9999.0 -93.211673 46699.651548 49228.868740 49015.967252 49728.320106 -55.724629 50198.128354 50591.210857 50347.905491 46962.243298 -9999.0 -9999.0
-9999.0 -9999.0 -9999.0 -9999.0 -9999.0 -9999.0 -9999.0 -9999.0 -9999.0 -9999.0 -9999.0 -9999.0 59518.587411 55375.356743 39625.619676 37153.190729 -460.223789 -690.057042 -301.891080 -386.361920 -506.663825 1765.217748 8270.403146 45665.001791 59638.608708 61420.365558 -58.294087 52666.667109 49704.697199 -88.483016 58044.217738 61277.124110 61038.309775 55777.809765 53457.318541 57955.439144 11355.584144 -1586.867479 -1575.189913 -1379.949968 -688.403225 -184.985446 44092.283915 60501.466826 -117.501447 50135.524965 -106.981186 50481.522661 39410.976196 41043.343935 37905.247168 32744.729675 33555.676742 32751.243940 32659.173337 50773.854286 50453.276509 -9999.0
-9999.0 -9999.0 -9999.0 -9999.0 -9999.0 -9999.0 -9999.0 -9999.0 -9999.0 -9999.0 -9999.0 54586.533557 67111.091132 65583.710540 55583.785156 46081.734985 116.057564 -459.804510 -308.993732 -686.880033 -565.676026 360.423011 34024.454787 52760.287731 54599.241783 53345.799730 51745.271698 57975.054525 55641.882013 -92.736516 50732.052486 51543.133074 21808.770581 52097.029800 50789.257507 57654.729300 57890.999974 -1500.961738 -2193.809381 -1184.699220 -1267.926575 -968.092693 22990.691678 -923.353616 50644.968107 58259.263187 57409.042432 -234.478514 -208.494617 20417.068364 -176.844470 54946.629920 13050.911488 -104.313413 -135.359022 -79.182308 -70.027066 -9999.0
-9999.0 -9999.0 -9999.0 -9999.0 -9999.0 -9999.0 -9999.0 -9999.0 -9999.0 -9999.0 14530.966754 48671.278616 55692.730511 55108.115565 43121.986328 43854.032420 47136.684849 48.033482 -982.419089 -650.586692 -193.925263 -36.981304 67205.624610 45188.058324 25405.809712 16630.270667 59020.569620 -709.249887 61681.915270 62484.902585 20679.965121 21784.206892 61747.804034 54939.463643 -75.888666 -93.282753 62365.429136 43843.194971 -530.511122 346.945879 283.867908 -225.563208 -62.802336 -147.994149 49674.488957 -82.068530 56433.381654 39394.810295 41139.171328 27619.809949 -726.592563 -70.396094 -102.334507 -46.008442 -73.882537 36143.060956 36050.049366 -9999.0
-9999.0 -9999.0 -9999.0 -9999.0 -9999.0 -9999.0 -9999.0 -9999.0 -9999.0 55843.972664 58064.427003 10757.665897 17464.606540 50098.095097 46452.075980 48195.418823 43735.100019 13098.368611 -816.177133 -1025.732553 -294.207267 -736.040672 -432.507262 -78.804708 778.910836 84735.582732 58063.641615 54719.276943 61406.208755 58067.958795 1017.107382 74081.699919 -51.456003 -78.812846 -89.880578 -90.735344 20408.710043 68975.436697 58401.307141 60710.045582 69486.584388 61532.624579 67172.638000 -528.490481 -344.681336 36748.201257 38625.092367 48287.702278 48650.931047 331.992272 22220.006621 -67.662286 -63.883645 -43.640633 -70.706755 1580.852552 1712.238496 -46.762526
-9999.0 -9999.0 -9999.0 -9999.0 -9999.0 -9999.0 -9999.0 -9999.0 -9999.0 19139.779293 26178.620596 53882.578493 35420.249325 15324.648184 42434.353651 49515.262693 42139.252727 63.370758 -885.974538 -531.673387 -452.564124 -601.984876 -271.764892 17233.468153 80417.938221 55669.787456 47966.322141 26244.181079 157.677111 13909.880518 51175.827285 65471.149858 44278.403661 54268.623524 57263.036549 -91.638577 -82.542722 -77.083946 60080.962671 64003.856020 49183.698017 56865.448877 46581.042273 -68.228786 -445.605463 -334.318758 -284.798829 104.980249 18351.839973 564.410513 79889.090719 52944.612394 -68.506550 39129.757010 30799.025153 32575.896348 30667.863993 29465.800087
-9999.0 -9999.0 -9999.0 -9999.0 -9999.0 -9999.0 -9999.0 -9999.0 -9999.0 -9999.0 57022.324965 58681.427015 59192.176039 54935.490460 2495.259865 39326.805304 17631.983062 -348.990314 -921.570162 -592.680916 -348.378950 -782.230460 809.906091 55427.342960 52703.414136 37029.901566 706.552416 -97.750978 57453.858056 82653.590004 81306.307304 86024.778284 56504.004356 48700.078591 49773.644615 49608.220794 52487.692593 60945.497834 -62.507812 52314.962597 61144.078967 62848.585762 53105.883543 43376.740417 875.180427 91.960184 -382.717984 -252.027339 -300.464885 720.429261 68941.465916 48899.298535 -80.466731 -57.252439 39392.271818 44079.611658 44150.755671 68722.972015
-9999.0 -9999.0 -9999.0 -9999.0 -9999.0 -9999.0 -9999.0 -9999.0 -9999.0 -9999.0 47002.363482 52230.223143 62402.185295 26771.246861 -100.281327 -437.711278 -163.531878 -763.455724 -889.363098 -1284.428343 -1312.926502 -763.783033 4811.874008 41352.962201 36108.785741 82.426433 45.591085 1131.495856 72970.653179 59686.271914 54825.415449 54953.639281 -252.447452 55311.366577 62174.461560 60444.895087 42329.579725 55409.634162 61419.236117 59069.269822 61741.045688 55195.707106 60537.844754 65068.387249 66905.497371 83982.693969 48695.361752 882.891287 -353.690000 45.378233 32745.719239 44661.957236 42238.031029 -46.857556 -53.347570 -63.261595 53647.584328 59618.508230
-9999.0 -9999.0 -9999.0 -9999.0 -9999.0 -9999.0 -9999.0 -9999.0 61614.775007 58133.824361 53570.224864 57630.681357 57978.626897 58009.679068 68716.187524 -358.446703 -927.155888 -620.133582 -708.188856 -1600.311068 -1618.457300 -1087.310680 -935.814424 -759.286660 151.581162 -286.583099 -121.895655 79916.920680 61849.844102 57374.731403 -70.207141 41005.065857 52484.940005 56970.560851 58014.958949 63936.110316 49655.261386 61029.222009 86959.568050 -82.571570 -109.609336 36558.099167 -144.326393 -67.105257 -110.714447 20504.633919 85970.154998 62828.786247 614.918449 44.294241 2289.129328 43835.849453 40973.485800 42373.719776 -92.756320 51970.249909 -72.654513 50978.346140
-9999.0 -9999.0 -9999.0 -9999.0 -9999.0 -9999.0 -9999.0 -9999.0 -14.357968 29335.625300 56112.626732 56856.724870 61039.557503 56315.599521 75095.266017 85.172565 -629.892986 -738.926685 -1451.352936 -1601.967896 -485.295069 -572.430932 -583.368942 -578.329999 -963.363028 -494.725314 -187.590968 43412.752740 -252.886786 55988.049191 54373.836149 -162.457524 23594.184524 -154.834906 44356.470800 61769.631165 46085.480065 17907.527023 58669.794086 62614.638609 59955.005267 -26.136695 -117.675179 59954.073550 60542.257469 56305.536457 -225.146682 60732.962075 59825.403748 -310.841092 42.191347 51446.415422 64275.393231 53285.720929 55666.225041 -716.650274 52151.141556 33962.226361
-9999.0 -9999.0 -9999.0 -9999.0 -9999.0 -9999.0 -9999.0 -9999.0 55102.198045 56230.411484 52242.275537 58185.831484 57243.614169 -202.544423 52441.566031 72976.477375 -473.215339 -544.910948 -1399.696494 -558.122260 -1641.255656 -762.517339 -641.531391 -1179.124602 -545.860822 -616.584539 -307.537701 87866.299722 -664.774827 52951.828318 -182.264711 39966.122827 53385.580637 48561.329913 53953.816690 48320.177632 58285.433819 44.185658 60281.621918 55886.364069 55671.951033 -172.762463 58297.164420 58264.250207 52405.925751 57736.445457 -122.004861 61315.898723 61435.680335 527.347574 -284.328158 4938.139587 54551.567136 81448.516805 27605.036771 23435.531033 23.070602 45.627222
-9999.0 -9999.0 -9999.0 -9999.0 -9999.0 -9999.0 -9999.0 -9999.0 -101.661176 58150.030641 -40.348835 -636.610553 58149.015279 49211.404334 72956.122450 -261.038529 -1011.188900 -1246.916381 -450.487057 -1570.199474 -1432.084946 -1404.713714 -736.508212 -1170.952935 -976.268688 -504.526895 34444.809543 82585.137225 54118.595541 68348.336411 61180.675861 61045.226043 57116.713217 53643.958974 58592.574064 49397.799262 5479.223306 -602.948064 -233.473417 61192.260574 60443.925473 64572.525735 63363.142833 -133.908067 58145.557796 -109.408752 61770.497359 -127.350517 56403.630814 51219.384682 381.582272 -231.378195 806.295344 10096.773217 5153.967989 53.072562 50.918628 79.378222
-9999.0 -9999.0 -9999.0 -9999.0 -9999.0 -9999.0 -9999.0 -9999.0 51944.159809 63028.200512 2951.294532 87306.765797 87478.527274 86756.054133 11501.953086 49.232176 -70.820024 -591.675041 -530.156696 -729.272880 -1229.913050 -1112.209491 -1351.442015 -1370.396444 -475.195952 -402.394887 76235.499424 36863.158477 1380.902861 2249.884672 57970.521326 4374.526331 52.692823 103.817001 448.445619 -316.681723 -363.490971 -699.092342 -634.134727 -115.758478 249.314031 -183.944834 16587.480702 -133.462424 51214.435613 49854.912824 48088.541625 43668.462916 43781.283304 1033.402538 -257.433514 -549.162620 -341.031545 -293.420961 134.001889 124.529503 50.745183 -150.815736
-9999.0 -9999.0 56842.209303 59012.267954 -58.737912 55421.861305 52942.422129 52152.077731 53334.264388 56503.965966 54719.307343 55224.042093 61746.672867 44722.924798 -5.777073 41.285613 4093.046885 78782.682850 49247.510578 -220.577146 -749.539649 -792.283371 -183.190632 -1833.654582 -1117.178839 -753.388530 -320.121317 -405.607419 -429.897863 -134.944786 538.896106 -385.078666 57.573398 -453.023581 -322.444007 -639.443432 -465.843190 -861.984495 -818.355714 -652.588895 -401.819087 -309.665562 -407.254842 -268.970322 91.044838 579.715627 -111.777270 -342.795374 -304.988647 -375.549422 -483.762470 -558.960182 -165.840771 49.961964 50.846407 50.603568 54.207217 -237.168977
