user2019/resources/simulation/Vinschgau/output-maps/psiL0004N0066.asc
ncols         63
nrows         48
xllcorner     598000.000000
yllcorner     5145000.000000
cellsize      1000.000000
NODATA_value  -9999.0
[rows 0 to 25 of 48, columns 0 to 58 of 63]
-9999.0 -9999.0 -9999.0 -9999.0 -9999.0 -9999.0 -9999.0 -9999.0 -9999.0 -9999.0 -9999.0 -9999.0 -9999.0 -9999.0 -9999.0 -9999.0 -9999.0 -9999.0 -9999.0 -9999.0 -9999.0 -9999.0 -9999.0 -9999.0 -9999.0 -9999.0 -9999.0 -9999.0 -9999.0 -9999.0 -9999.0 -9999.0 -9999.0 -9999.0 -9999.0 -9999.0 -9999.0 -9999.0 -9999.0 -9999.0 -9999.0 -9999.0 -9999.0 -9999.0 -9999.0 -9999.0 -9999.0 -9999.0 -9999.0 -9999.0 -9999.0 -9999.0 -9999.0 -9999.0 -9999.0 -9999.0 -9999.0 -9999.0 -9999.0
-9999.0 -9999.0 -9999.0 -9999.0 -9999.0 -9999.0 -9999.0 -9999.0 -9999.0 -9999.0 -9999.0 -9999.0 -9999.0 -9999.0 -9999.0 -9999.0 -9999.0 -9999.0 -9999.0 -9999.0 -9999.0 -9999.0 -9999.0 -9999.0 -9999.0 -9999.0 -9999.0 -945.093409 -628.336450 -951.844639 -673.959025 -1443.868466 -1468.883076 -9999.0 -9999.0 -9999.0 -9999.0 -9999.0 -9999.0 -9999.0 -9999.0 -9999.0 -9999.0 -9999.0 -9999.0 -9999.0 -9999.0 -9999.0 -9999.0 -9999.0 -9999.0 -9999.0 -9999.0 -9999.0 -9999.0 -9999.0 -9999.0 -9999.0 -9999.0
-9999.0 -9999.0 -9999.0 -9999.0 -9999.0 -9999.0 -9999.0 -9999.0 -9999.0 -9999.0 -9999.0 -9999.0 -9999.0 -9999.0 -9999.0 -9999.0 -9999.0 -9999.0 -9999.0 -9999.0 -9999.0 -9999.0 -9999.0 -9999.0 -239.204749 -539.596768 -761.281886 -705.782821 -735.873756 -600.940706 -582.734536 -9999.0 -9999.0 -9999.0 -9999.0 -9999.0 -9999.0 -9999.0 -9999.0 -9999.0 -9999.0 -9999.0 -9999.0 -9999.0 -9999.0 -9999.0 -9999.0 -9999.0 -9999.0 -9999.0 -9999.0 -9999.0 -9999.0 -9999.0 -9999.0 -9999.0 -9999.0 -9999.0 -9999.0
-9999.0 -9999.0 -9999.0 -9999.0 -9999.0 -9999.0 -9999.0 -9999.0 -9999.0 -9999.0 -9999.0 -9999.0 -9999.0 -9999.0 -9999.0 -9999.0 -9999.0 -9999.0 -9999.0 -9999.0 -9999.0 -9999.0 -9999.0 -622.769833 -298.607796 -365.941227 217.889442 33.297623 1644.997657 -755.443900 -724.168184 -377.136830 -9999.0 -9999.0 -9999.0 -9999.0 -9999.0 -9999.0 -9999.0 -9999.0 -9999.0 -9999.0 -9999.0 -9999.0 -9999.0 -9999.0 -9999.0 -9999.0 -9999.0 -9999.0 -9999.0 -9999.0 -9999.0 -9999.0 -9999.0 -9999.0 -9999.0 -9999.0 -9999.0
-9999.0 -9999.0 -9999.0 -9999.0 -9999.0 -9999.0 -9999.0 -9999.0 -9999.0 -9999.0 -9999.0 -9999.0 -9999.0 -9999.0 -9999.0 -9999.0 -9999.0 -9999.0 -215.219511 -504.538358 -9999.0 -561.170170 -385.934392 54.897988 52.750533 42.801300 -264.619919 -326.161862 -39.308139 -234.113629 -1007.872511 -632.055819 -955.213383 -951.654511 -9999.0 -9999.0 -9999.0 -9999.0 -9999.0 -9999.0 -9999.0 -9999.0 -9999.0 -9999.0 -9999.0 -9999.0 -9999.0 -9999.0 -9999.0 -9999.0 -9999.0 -9999.0 -9999.0 -9999.0 -9999.0 -9999.0 -9999.0 -9999.0 -9999.0
-9999.0 -9999.0 -9999.0 -9999.0 -9999.0 -9999.0 -9999.0 -9999.0 -9999.0 -9999.0 -9999.0 -9999.0 -9999.0 -9999.0 -9999.0 -9999.0 -9999.0 -400.538907 -259.518403 -7133.909187 -966.808340 -407.549221 -250.388232 100.873420 -226.386553 287.846347 -633.347173 -433.337409 -697.073501 -354.685062 -142.858516 -965.214533 -984.724416 -964.538382 -948.201354 -951.451662 -9999.0 -9999.0 -9999.0 -9999.0 -9999.0 -9999.0 -9999.0 -9999.0 -9999.0 -9999.0 -9999.0 -9999.0 -9999.0 -9999.0 -9999.0 -9999.0 -9999.0 -9999.0 -9999.0 -9999.0 -9999.0 -9999.0 -9999.0
-9999.0 -9999.0 -9999.0 -9999.0 -9999.0 -9999.0 -9999.0 -9999.0 -9999.0 -9999.0 -9999.0 -9999.0 -9999.0 -584.529047 -228.863927 -305.574180 -377.428674 -302.711775 -387.748644 38.556150 -305.376013 -253.215883 51.403681 -66.880938 -239.667876 -569.642693 -1036.506362 -598.662604 -626.087571 -447.139241 -537.802510 -612.910023 -556.727985 -692.832811 -952.229133 -951.558129 -9999.0 -9999.0 -9999.0 -9999.0 -9999.0 -9999.0 -9999.0 -9999.0 -9999.0 -9999.0 -9999.0 -9999.0 -9999.0 -9999.0 -9999.0 -9999.0 -9999.0 -9999.0 -9999.0 -9999.0 -9999.0 -9999.0 -9999.0
-9999.0 -9999.0 -9999.0 -9999.0 -9999.0 -9999.0 -9999.0 -9999.0 -9999.0 -9999.0 -9999.0 -9999.0 -9999.0 -740.121115 49.764238 -386.489400 -391.067518 -218.205188 -301.231485 -309.966290 39.147978 914.957808 -207.757039 502.171504 -228.744869 -607.253435 -558.315897 -952.061439 -951.607723 -680.958767 -565.645286 -686.369386 -951.916649 -952.140429 -952.164276 -9999.0 -9999.0 -9999.0 -9999.0 -9999.0 -9999.0 -9999.0 -9999.0 -9999.0 -9999.0 -9999.0 -9999.0 -9999.0 -9999.0 -9999.0 -9999.0 -9999.0 -9999.0 -9999.0 -9999.0 -9999.0 -9999.0 -9999.0 -9999.0
-9999.0 -9999.0 -9999.0 -9999.0 -9999.0 -9999.0 -9999.0 -9999.0 -9999.0 -9999.0 -9999.0 -9999.0 -9999.0 -558.226315 53.250896 -307.581057 -380.769260 -363.691358 -293.613189 -222.449806 -512.607877 -1548.540548 -125.685206 -686.415187 -533.396265 -730.587147 -945.293258 -951.646999 -815.732975 -951.709201 -684.333307 -952.274016 -951.746630 -951.089837 -951.325274 -9999.0 -9999.0 -9999.0 -9999.0 -9999.0 -9999.0 -9999.0 -9999.0 -9999.0 -9999.0 -9999.0 -9999.0 -9999.0 -9999.0 -9999.0 -9999.0 -9999.0 -9999.0 -9999.0 -9999.0 -9999.0 -9999.0 -9999.0 -9999.0
-9999.0 -9999.0 -9999.0 -9999.0 -9999.0 -9999.0 -9999.0 -9999.0 -9999.0 -9999.0 -9999.0 -9999.0 -510.985699 62.228122 23.211551 -788.544156 437.051291 -311.780300 -154.293993 -1082.269757 -512.983360 -508.332890 -1657.942032 -498.425358 -792.085786 -672.581069 -531.647532 -389.285932 -693.437154 -951.767091 -680.344703 -951.701277 -676.323744 -951.197277 -9999.0 -9999.0 -9999.0 -9999.0 -9999.0 -9999.0 -9999.0 -9999.0 -9999.0 -9999.0 -9999.0 -9999.0 -9999.0 -9999.0 -9999.0 -9999.0 -9999.0 -9999.0 -9999.0 -9999.0 -9999.0 -9999.0 -9999.0 -9999.0 -9999.0
-9999.0 -9999.0 -9999.0 -9999.0 -9999.0 -9999.0 -9999.0 -9999.0 -9999.0 -9999.0 -9999.0 -406.156211 -265.351040 -70.776746 -452.659297 -490.496528 -1185.265308 -344.526865 -238.759526 -994.339715 -85.738101 -559.489481 -454.815447 -689.218680 -654.160294 -545.924440 -673.524765 -502.515778 -373.497158 -952.112570 -948.247516 -633.774687 -950.990524 -951.810869 -962.007129 -982.128671 -559.202033 -246.598053 -393.799787 -9999.0 -9999.0 -9999.0 -950.573107 -9999.0 -9999.0 -9999.0 -9999.0 -9999.0 -9999.0 -9999.0 -9999.0 -9999.0 -9999.0 -9999.0 -9999.0 -9999.0 -9999.0 -9999.0 -9999.0
-9999.0 -9999.0 -9999.0 -9999.0 -9999.0 -9999.0 -9999.0 -9999.0 -9999.0 -9999.0 -9999.0 -495.441829 -572.804039 404.252520 -450.025968 -746.572139 -548.533551 -351.512845 -253.410457 -252.440554 37.160068 -189.598454 -277.059249 -577.514154 -616.331286 -671.874364 -539.441687 -924.067718 -939.425183 -951.905377 -1018.071445 -671.969769 -572.690218 -437.318222 -555.704317 -611.611759 -249.711775 -703.265794 -584.509902 -1049.419841 -1033.456339 -967.074987 -443.490325 -949.749244 -9999.0 -9999.0 -9999.0 -301.380742 -356.361974 -948.747706 -475.515140 -946.957352 -944.968236 -262.124750 -280.138485 -936.107792 -9999.0 -9999.0 -9999.0
-9999.0 -9999.0 -9999.0 -9999.0 -9999.0 -9999.0 -9999.0 -9999.0 -9999.0 -9999.0 -9999.0 -647.821644 -565.858864 -620.642209 -502.052700 -638.337114 -272.899571 -243.837550 -229.615056 -264.955678 -262.105876 -349.949630 -499.205712 -558.545794 -662.335584 -953.691907 -383.460804 -683.971377 -952.465561 -687.205189 -952.477547 -636.956389 -705.694819 -459.748274 -960.501494 -258.804421 -803.128067 -1568.031084 -813.999162 -1099.977815 -240.018441 -543.819396 -288.693418 -588.268500 -388.528942 -9999.0 -950.799276 -494.654056 -1225.104919 -620.672827 -299.808768 -909.005782 33.973338 53.980712 56.696790 76.928590 -9999.0 -9999.0 -9999.0
-9999.0 -9999.0 -9999.0 -9999.0 -9999.0 -9999.0 -9999.0 -9999.0 -9999.0 -9999.0 -9999.0 -9999.0 -570.685760 -611.318274 -810.037988 -997.406143 -252.347501 -370.637265 -242.928820 -246.687782 -246.586675 -400.904720 -285.447347 -368.538980 -574.935158 -382.555262 -372.779207 -1597.934986 -669.322777 -946.891286 -624.822571 -620.701424 -1095.533869 -496.037356 -563.091622 -497.847336 -599.493663 -980.829541 -1272.436179 -1088.310765 -210.947589 -1017.406111 -220.481125 -157.986377 -952.750705 -647.737761 -947.774388 -405.933363 -644.453290 -431.938695 -219.095071 -596.776001 -238.226853 -546.855972 -611.913619 -650.845600 99.357166 -9999.0 -9999.0
-9999.0 -9999.0 -9999.0 -9999.0 -9999.0 -9999.0 -9999.0 -9999.0 -9999.0 -9999.0 -9999.0 -396.659850 -557.161765 -1642.020043 -483.141042 -477.570325 -273.848300 -367.714525 55.620987 -350.280293 -376.699548 -259.658015 -262.383164 -342.281663 -442.746707 -210.831571 -659.413780 -655.946809 -677.838886 -950.770444 -367.344778 -309.406237 -238.163911 -407.206164 -655.119511 -462.455619 -504.883237 -548.458319 -411.895225 -1003.329699 -493.059204 -74.713640 -97.594171 -561332.209922 1206.795188 -481.353463 -974.485748 -956.521387 -947.391340 -966.617800 -894.792066 -629.816248 -628.058507 -900.878799 -952.022321 -950.560325 -938.223408 -9999.0 -9999.0
-9999.0 -9999.0 -9999.0 -9999.0 -9999.0 -9999.0 -9999.0 -9999.0 -9999.0 -9999.0 -404.344417 -439.449514 -823.468516 -570.642811 -721.836392 -199.976530 -266.636617 -212.548609 -323.324821 -357.380767 -33.783409 -517.314273 -463.570908 -524.813896 -582.621676 -202.273729 -638.510019 -907.169319 -230.490275 1156.481994 -231.712567 -583.179337 -364.077791 -706.036498 -951.735981 -948.145781 -510.443033 -554.919063 -573.458651 -527.681522 -530.582785 -449.704705 -562.739063 -221.883771 -246.707446 -952.263204 -1017.548927 -307.388187 -203.272764 -207.739059 -943.978942 -950.732802 -951.436293 -950.243592 -950.618712 -438.162939 -344.707060 -9999.0 -9999.0
-9999.0 -9999.0 -9999.0 -9999.0 -9999.0 -9999.0 -9999.0 -9999.0 -9999.0 -587.547238 -411.214799 -670.435788 -251.082120 -433.176525 -483.005334 -636.124636 -633.348042 -597.086260 -290.163897 -356.269950 -237.771140 94.683831 153.877901 -316.515775 -146.809391 -596.735104 -419.612039 293.328033 1038.815071 -180.659752 -459.430104 -1458.479924 -952.361814 -951.844850 -951.773833 -952.330947 -590.704638 -605.734528 -616.153351 -642.372971 98.857134 -622.063310 -654.819778 -345.121150 -38.677911 -120.289637 63.640336 -275.011090 -513.566651 -114.527099 -1085.266929 -937.397984 -950.397336 -950.511677 -940.841496 -683.349596 -332.769194 -169.370568 -942.250618
-9999.0 -9999.0 -9999.0 -9999.0 -9999.0 -9999.0 -9999.0 -9999.0 -9999.0 -916.941927 -573.207513 -589.264588 91.483918 -404.412556 -368.827857 -428.767159 -323.330745 -501.263956 -245.202779 -263.799775 -259.057307 -138.637386 402.365709 -471.271630 -668.937947 -503.765806 -265.431734 -133.492641 -69.857922 -222.295285 -585.860841 -603.094224 -668.180958 -444.493242 -599.843983 -967.549487 -961.918594 -966.834471 -675.426269 -572.263696 -627.339861 -622.047726 -273.398993 -165.753270 -183.131700 -149.265700 39.630087 -77.891317 475.430035 33.573002 -1385.762466 -653.546417 -950.543946 -631.381101 -950.945337 -691.721425 -448.623329 -373.418934 -262.253173
-9999.0 -9999.0 -9999.0 -9999.0 -9999.0 -9999.0 -9999.0 -9999.0 -9999.0 -9999.0 -498.507614 -495.772137 -274.402228 -317.470839 -384.188391 -656.390605 -670.859370 53.769147 -376.393140 -288.207176 -255.568340 46.883970 -637.789459 -272.940563 -520.935006 -206.587650 -45.366551 38.494618 -688.962442 -546.195777 -579.462498 -667.695228 -625.389877 -671.506931 -891.077395 -232.232840 -276.971639 -409.978235 -945.682329 -675.525433 -685.573508 -598.181641 -572.547133 -712.527232 -620.124632 -198.053925 -83.883646 -64.790828 37.914615 434.222183 -1341.247473 -1433.580002 -941.478022 -950.503478 -655.581392 -637.435788 -569.888098 1516.346755 521.317917
-9999.0 -9999.0 -9999.0 -9999.0 -9999.0 -9999.0 -9999.0 -9999.0 -9999.0 -9999.0 -597.865311 -575.834402 -473.839551 -430.899175 -134.220038 -208.835015 -28.131645 -273.307005 -396.978910 -304.775092 -364.456516 -323.854833 -414.978457 -559.944945 -434.050934 35.817910 -182.176394 413.844650 -616.703217 -597.960183 -636.271039 -316.531230 -941.145857 -655.541537 -653.632788 -646.904453 -297.339609 -357.903375 -614.188306 -647.187011 -438.429134 -944.214957 -623.649792 -639.833641 -634.403115 -1301.940613 -379.211163 -647.064336 80.990484 44.193887 632.491012 -575.469243 -642.843478 -939.121700 -937.161022 -943.290410 -660.830917 -418.562323 133.239546
-9999.0 -9999.0 -9999.0 -9999.0 -9999.0 -9999.0 -9999.0 -9999.0 -566.399914 -826.273943 -1293.097802 -445.897377 -627.940681 -523.607463 -372.720567 -191.634806 -206.867652 -147.512632 -316.022524 -327.142198 -390.984505 -383.715940 -317.942397 -371.996117 -298.514341 -321.640699 -158.602809 -656.348280 -640.626677 -594.252859 -951.814444 -657.070279 -664.806975 -500.268822 -426.854816 -641.458676 -425.575501 -284.152824 -644.663470 -942.054037 -951.936464 -636.030490 -892.708450 -951.325346 -952.538272 -1068.273216 -608.399464 -515.313213 122.476471 43.396660 70.450299 -170.162184 -597.976824 -669.376367 -939.429008 55.059944 -146.327908 -452.069944 62.264002
-9999.0 -9999.0 -9999.0 -9999.0 -9999.0 -9999.0 -9999.0 -9999.0 -917.442797 -325.895790 -735.271895 -591.576951 -555.677123 -336.484026 -1121.575589 27.560571 -227.396504 -306.591504 -278.407235 -318.161086 -307.281736 -339.153224 -300.701994 -280.068984 -398.971537 -357.571428 -55.386036 -167.211533 -879.229765 -399.540326 -483.444931 -955.369891 -367.881819 -945.063712 -333.716810 -745.273287 -271.534511 -265.895550 -711.652437 -713.723644 -626.109385 -886.149103 -951.130269 -1293.875054 -297.625173 -619.328017 -893.186208 -681.455811 -588.228127 66.425356 40.915122 -124.353516 -587.189630 -184.172801 -240.870009 -1254.594637 -141.488651 284.752899 75.039878
-9999.0 -9999.0 -9999.0 -9999.0 -9999.0 -9999.0 -9999.0 -9999.0 -597.345364 -887.590317 -143.775631 -652.915820 -786.033775 -909.840556 -608.505864 -569.093974 -251.924782 -229.931461 -400.805475 -280.282047 -321.689700 -337.849676 -340.880978 -351.648079 -298.060804 -331.911349 50.928944 -444.717233 -953.201135 -756.388987 -954.756341 -270.092894 -607.521802 -1176.971517 -1290.734581 -100.435919 -609.008837 1126.995137 -663.710184 -683.586099 -343.641944 -940.781877 -429.379274 -490.231513 -636.172467 -634.949010 -946.050853 -612.369547 -612.106418 -25.074763 -12.024270 73.883465 -687.322704 -596.569449 213.050974 84.559488 80.554433 82.789850 127.666316
-9999.0 -9999.0 -9999.0 -9999.0 -9999.0 -9999.0 -9999.0 -9999.0 -951.745585 -860.955554 -454.952007 -1138.762884 -556.127412 -458.716039 -150.948338 47.288374 -175.963456 -329.741182 -250.004030 -386.149709 -330.804586 50.348518 50.627275 -309.305018 -278.024573 49.050642 -457.644920 -287.401219 -190.592059 1127.885891 -398.079792 -555.479806 -164.668155 -236.534384 -1517.589493 -360.947924 -301.804243 -45.927492 -640.128232 -649.357916 -711.950185 -1023.592811 -818.201303 -942.657051 -971.868674 -951.400817 -8.602528 -879.909001 -566.556875 -767.032153 53.666811 38.821401 72.170940 -4.757054 82.146392 96.791719 127.161936 242.743466 47.914330
-9999.0 -9999.0 -9999.0 -9999.0 -9999.0 -9999.0 -9999.0 -9999.0 -815.428011 -562.872433 -579.840052 -430.165313 236.841539 -11.508564 70.564312 -139.631852 -126.142781 -294.119272 -239.855544 -307.306137 -355.767243 50.010068 50.736069 -252.229049 56.627010 -87.174216 -366.269579 -395.935084 -332.269652 311.723202 -243.700626 694.337595 89.251996 -226.112024 -877.639564 -746.033733 -237.083848 39.979904 671.449783 -611.762879 -692.104052 -1276.079239 -211.962894 -584.476024 -671.430106 -370.715845 -662.568843 1768.105134 -152.830084 59.434210 77.716087 61.938361 44.923411 70.963764 312.719526 302.693988 49.632535 49.382322 37.158702
-9999.0 -9999.0 -1802.299919 -713.054446 -696.673973 -592.852310 -240.829156 -716.151331 -829.396607 -244.765193 -453.042572 -89.053372 51.668293 71.967233 46.335005 -32.431740 19.543858 -718.920034 -443.886206 110.896699 -293.845350 -368.244265 50.479674 127.023534 -238.114643 -218.892555 98.804642 -156.541353 44.886948 65.582100 -133.155009 85.415692 27.972843 -51.375545 68.712074 216.366853 72.814378 45.402298 66.274310 2050.498861 1802.225515 520.628958 423.163375 -52.914129 -172.041800 1726.188191 59.318171 65.164730 65.106849 71.863827 81.655801 -93.903247 -221.750760 -18.871798 50.075798 50.484800 -4.175458 100.629390 95.442560
