user2019/resources/simulation/Vinschgau/output-maps/psiL0006N0745.asc
ncols         63
nrows         48
xllcorner     598000.000000
yllcorner     5145000.000000
cellsize      1000.000000
NODATA_value  -9999.0
[rows 0 to 25 of 48, columns 0 to 58 of 63]
-9999.0 -9999.0 -9999.0 -9999.0 -9999.0 -9999.0 -9999.0 -9999.0 -9999.0 -9999.0 -9999.0 -9999.0 -9999.0 -9999.0 -9999.0 -9999.0 -9999.0 -9999.0 -9999.0 -9999.0 -9999.0 -9999.0 -9999.0 -9999.0 -9999.0 -9999.0 -9999.0 -9999.0 -9999.0 -9999.0 -9999.0 -9999.0 -9999.0 -9999.0 -9999.0 -9999.0 -9999.0 -9999.0 -9999.0 -9999.0 -9999.0 -9999.0 -9999.0 -9999.0 -9999.0 -9999.0 -9999.0 -9999.0 -9999.0 -9999.0 -9999.0 -9999.0 -9999.0 -9999.0 -9999.0 -9999.0 -9999.0 -9999.0 -9999.0
-9999.0 -9999.0 -9999.0 -9999.0 -9999.0 -9999.0 -9999.0 -9999.0 -9999.0 -9999.0 -9999.0 -9999.0 -9999.0 -9999.0 -9999.0 -9999.0 -9999.0 -9999.0 -9999.0 -9999.0 -9999.0 -9999.0 -9999.0 -9999.0 -9999.0 -9999.0 -9999.0 -796.212623 -28.491826 -797.534654 -24.950184 -43.225332 -12.834512 -9999.0 -9999.0 -9999.0 -9999.0 -9999.0 -9999.0 -9999.0 -9999.0 -9999.0 -9999.0 -9999.0 -9999.0 -9999.0 -9999.0 -9999.0 -9999.0 -9999.0 -9999.0 -9999.0 -9999.0 -9999.0 -9999.0 -9999.0 -9999.0 -9999.0 -9999.0
-9999.0 -9999.0 -9999.0 -9999.0 -9999.0 -9999.0 -9999.0 -9999.0 -9999.0 -9999.0 -9999.0 -9999.0 -9999.0 -9999.0 -9999.0 -9999.0 -9999.0 -9999.0 -9999.0 -9999.0 -9999.0 -9999.0 -9999.0 -9999.0 -53.591474 -31.512701 -17.637622 -31.227894 -101.762430 -25.643645 -28.640477 -9999.0 -9999.0 -9999.0 -9999.0 -9999.0 -9999.0 -9999.0 -9999.0 -9999.0 -9999.0 -9999.0 -9999.0 -9999.0 -9999.0 -9999.0 -9999.0 -9999.0 -9999.0 -9999.0 -9999.0 -9999.0 -9999.0 -9999.0 -9999.0 -9999.0 -9999.0 -9999.0 -9999.0
-9999.0 -9999.0 -9999.0 -9999.0 -9999.0 -9999.0 -9999.0 -9999.0 -9999.0 -9999.0 -9999.0 -9999.0 -9999.0 -9999.0 -9999.0 -9999.0 -9999.0 -9999.0 -9999.0 -9999.0 -9999.0 -9999.0 -9999.0 -31.660601 78.144733 -410.697054 -238.670908 -625.900958 -280.073995 -17.235623 -28.922316 -26.521296 -9999.0 -9999.0 -9999.0 -9999.0 -9999.0 -9999.0 -9999.0 -9999.0 -9999.0 -9999.0 -9999.0 -9999.0 -9999.0 -9999.0 -9999.0 -9999.0 -9999.0 -9999.0 -9999.0 -9999.0 -9999.0 -9999.0 -9999.0 -9999.0 -9999.0 -9999.0 -9999.0
-9999.0 -9999.0 -9999.0 -9999.0 -9999.0 -9999.0 -9999.0 -9999.0 -9999.0 -9999.0 -9999.0 -9999.0 -9999.0 -9999.0 -9999.0 -9999.0 -9999.0 -9999.0 181.013172 33.301371 -9999.0 -39.669240 48.223368 -535.586543 -192.584736 -750.773790 -135.415428 181.958577 183.568206 -204.337566 -21.761818 -27.263546 -797.603178 -797.001318 -9999.0 -9999.0 -9999.0 -9999.0 -9999.0 -9999.0 -9999.0 -9999.0 -9999.0 -9999.0 -9999.0 -9999.0 -9999.0 -9999.0 -9999.0 -9999.0 -9999.0 -9999.0 -9999.0 -9999.0 -9999.0 -9999.0 -9999.0 -9999.0 -9999.0
-9999.0 -9999.0 -9999.0 -9999.0 -9999.0 -9999.0 -9999.0 -9999.0 -9999.0 -9999.0 -9999.0 -9999.0 -9999.0 -9999.0 -9999.0 -9999.0 -9999.0 -657.707821 -286.759618 -324099.904134 -800.666387 13.894603 -201.293819 -297.294533 -218.633463 -119.093897 -68.684545 -114.655466 -69.677185 177.946697 -20.867483 -27.023450 -804.926297 -804.343244 -798.316445 -797.417951 -9999.0 -9999.0 -9999.0 -9999.0 -9999.0 -9999.0 -9999.0 -9999.0 -9999.0 -9999.0 -9999.0 -9999.0 -9999.0 -9999.0 -9999.0 -9999.0 -9999.0 -9999.0 -9999.0 -9999.0 -9999.0 -9999.0 -9999.0
-9999.0 -9999.0 -9999.0 -9999.0 -9999.0 -9999.0 -9999.0 -9999.0 -9999.0 -9999.0 -9999.0 -9999.0 -9999.0 -5.723777 -47.911471 -419.072726 -792.688081 -799.462309 -642.325141 -589.861401 -212.764112 -282.793948 -444.491078 -160.095389 -28.825960 -33.625653 -157812.075119 -240.012832 -247.015921 -58.200962 8648.458713 -103.698622 -26.776257 -24.917813 -795.685038 -797.190335 -9999.0 -9999.0 -9999.0 -9999.0 -9999.0 -9999.0 -9999.0 -9999.0 -9999.0 -9999.0 -9999.0 -9999.0 -9999.0 -9999.0 -9999.0 -9999.0 -9999.0 -9999.0 -9999.0 -9999.0 -9999.0 -9999.0 -9999.0
-9999.0 -9999.0 -9999.0 -9999.0 -9999.0 -9999.0 -9999.0 -9999.0 -9999.0 -9999.0 -9999.0 -9999.0 -9999.0 183.711646 -141.556560 -449.148425 -706.528330 192.156571 -800.884350 -437.614377 -588.752663 -183.331231 -122.027425 184.000351 -42.295392 -232.219893 -24.870731 -797.239487 -796.933587 -207.059905 -144.845920 -26.625819 -797.718861 -797.844888 -797.461301 -9999.0 -9999.0 -9999.0 -9999.0 -9999.0 -9999.0 -9999.0 -9999.0 -9999.0 -9999.0 -9999.0 -9999.0 -9999.0 -9999.0 -9999.0 -9999.0 -9999.0 -9999.0 -9999.0 -9999.0 -9999.0 -9999.0 -9999.0 -9999.0
-9999.0 -9999.0 -9999.0 -9999.0 -9999.0 -9999.0 -9999.0 -9999.0 -9999.0 -9999.0 -9999.0 -9999.0 -9999.0 -241.596679 855.149252 -358.851093 -505.819366 -662.315472 -801.196246 -693.349441 186.913096 -176992.831238 -112.256978 -60.560722 189.264999 -92.585685 -797.990125 -797.591655 -28.243566 -797.867912 -26.010552 -796.303287 -797.949710 -795.132392 -797.644949 -9999.0 -9999.0 -9999.0 -9999.0 -9999.0 -9999.0 -9999.0 -9999.0 -9999.0 -9999.0 -9999.0 -9999.0 -9999.0 -9999.0 -9999.0 -9999.0 -9999.0 -9999.0 -9999.0 -9999.0 -9999.0 -9999.0 -9999.0 -9999.0
-9999.0 -9999.0 -9999.0 -9999.0 -9999.0 -9999.0 -9999.0 -9999.0 -9999.0 -9999.0 -9999.0 -9999.0 -367.435482 6643.664302 -3.656351 189.334150 -28.324819 -394.538901 -173.513964 -297457.224525 -234.710223 -130.930647 -3268.317143 -43.191300 2826.725650 -30.743942 -104.513924 -30.186881 -25.139868 -797.037510 -30.516191 -797.069983 -23.730433 -797.794917 -9999.0 -9999.0 -9999.0 -9999.0 -9999.0 -9999.0 -9999.0 -9999.0 -9999.0 -9999.0 -9999.0 -9999.0 -9999.0 -9999.0 -9999.0 -9999.0 -9999.0 -9999.0 -9999.0 -9999.0 -9999.0 -9999.0 -9999.0 -9999.0 -9999.0
-9999.0 -9999.0 -9999.0 -9999.0 -9999.0 -9999.0 -9999.0 -9999.0 -9999.0 -9999.0 -9999.0 0.785146 205.295326 564.413892 188.901985 191.307183 -151241.128762 -288.979241 196.497905 -145095.659095 -252.839636 185.990079 -22.546782 -29.267127 -218.687235 -26.968082 -24.791215 -25.979855 2640.877864 -794.794153 -797.241688 -25.004596 -796.358917 -797.431033 -797.188175 -799.120285 -152.991242 -289.926929 -670.954241 -9999.0 -9999.0 -9999.0 -800.160285 -9999.0 -9999.0 -9999.0 -9999.0 -9999.0 -9999.0 -9999.0 -9999.0 -9999.0 -9999.0 -9999.0 -9999.0 -9999.0 -9999.0 -9999.0 -9999.0
-9999.0 -9999.0 -9999.0 -9999.0 -9999.0 -9999.0 -9999.0 -9999.0 -9999.0 -9999.0 -9999.0 -79.372434 197.329507 -242.839480 191.440642 -26.850559 -119.533669 -382.470727 -103.569985 205.288502 191.713391 24.581673 -105.346740 -134.482676 -129.555296 -27.028324 -28.898117 -26.907607 -792.838362 -797.125043 -24.692115 -20.044365 -30.065919 -23.616882 -37.339515 -37.746414 -74.412728 -263.040168 -266.238225 -801.428071 -800.217575 -796.959428 -25.494117 -796.752429 -9999.0 -9999.0 -9999.0 745.412535 -23.628060 -796.034544 -24.339128 -796.250236 -795.999334 550.073195 832.274342 -788.442320 -9999.0 -9999.0 -9999.0
-9999.0 -9999.0 -9999.0 -9999.0 -9999.0 -9999.0 -9999.0 -9999.0 -9999.0 -9999.0 -9999.0 -70.804749 -44.526773 -178.623537 190.804833 15.723380 189.930142 182.391889 198.957778 -106.290471 194.385810 -237.744033 -78.069330 -106.698075 -26.820400 -798.612178 -136.000958 -15.982948 -796.713778 -26.031121 -796.568101 -134.401860 -25.871238 -26.952808 -796.833208 -66.026205 -169.296051 -1630.783983 -298.833325 -803.749791 -246.050337 -356.233160 -32.527346 -27.922066 -28.173438 -9999.0 -797.695467 -23.619686 -24.264609 -24.760227 -26.891987 -797.221042 -25.575063 -23.315558 -21.252042 -24.385790 -9999.0 -9999.0 -9999.0
-9999.0 -9999.0 -9999.0 -9999.0 -9999.0 -9999.0 -9999.0 -9999.0 -9999.0 -9999.0 -9999.0 -9999.0 -31.969811 -161.687663 157.366408 169.875141 172.221670 -186.731691 209.291360 191.295437 182.485511 -239.203756 -246.738867 -133.284359 -133.205287 -136.904473 788.943347 -35.293087 -25.044445 -796.397855 -27.158217 -132.905181 -42.225118 -25.474882 -26.934614 -70.781233 -729.618696 -3283.863383 -2169.490181 -607.537275 -1084.310632 -802.959859 -261.680447 -105.768284 -797.858173 -25.450412 -796.916435 -24.213685 -206.662264 -133.110396 2.742833 -114.545283 631.449468 140.114990 -104.026779 -67.991998 -71.104869 -9999.0 -9999.0
-9999.0 -9999.0 -9999.0 -9999.0 -9999.0 -9999.0 -9999.0 -9999.0 -9999.0 -9999.0 -9999.0 -142.913672 -112.020733 -32.548865 -76.817294 -78.697839 185.353799 186.181824 203.642045 -179.339642 186.931057 -111.091164 -69.568777 -255.066901 -74.009873 -132.101445 -137.825824 -27.362559 -30.273318 -797.953007 -135.213421 -130.443709 -15.952888 -25.220600 -27.723374 -32.722184 -254.694973 -14643.033420 -1363.737943 -284.747112 -7154.222937 -1223.704860 -101.716817 -186518.363705 -14.259832 -29.982907 -25.078599 -797.956474 -798.885569 -2093.979713 -150119.900290 -24.686586 -101.740497 -104238.097325 -136240.095564 -797.851062 -796.151207 -9999.0 -9999.0
-9999.0 -9999.0 -9999.0 -9999.0 -9999.0 -9999.0 -9999.0 -9999.0 -9999.0 -9999.0 2279.039133 -141.062662 -29.582950 17.613574 148.663852 1444.673212 216.081266 -137.179664 -458.064187 -137.772259 210.208974 201.184324 -174.708497 133.636440 -23.014171 2266.182799 -173.803242 -151104.933230 -34.965463 -20.209137 -96.501089 -105.147317 -26.645015 -24.316743 -797.298400 -798.477941 -70.688755 -170.398880 -1165.229149 149.110617 -255.683494 -137922.785481 -795.685991 134.416784 -75.925155 -798.910505 -25.738783 -244.794176 -88.941851 -32.164118 -152890.679032 -798.034927 -110847.835100 -779.732362 -797.803557 -24.796088 -24.619675 -9999.0 -9999.0
-9999.0 -9999.0 -9999.0 -9999.0 -9999.0 -9999.0 -9999.0 -9999.0 -9999.0 -26.310622 -126.932829 -142.150372 -64.402668 -67.616004 -112.394233 -144.066738 -32.919514 182.209343 -261.602294 -462.438509 201.472948 -280.028801 -189.442845 -103.151051 158.463054 -127.069720 -143.327726 -16.911635 -255.662044 -41.314870 42.919805 -798.629299 -796.814666 -797.501622 -796.795065 -797.384594 -27.045052 -152.151564 -158.733562 -152.840257 -171.331396 -69.763409 -157.614509 15.524143 -179.452105 -258.126013 21.648509 -285.220792 -254.886217 166.269504 -3315.698546 -796.908220 -791.268043 -786.659698 -796.454878 -168.605035 -109.292910 -755.213710 -795.827279
-9999.0 -9999.0 -9999.0 -9999.0 -9999.0 -9999.0 -9999.0 -9999.0 -9999.0 -21.179812 -25.709980 -25.980837 4892.275822 12.810392 -31.314891 -68.795256 152.980194 177.637401 -284.114789 -223.046730 -108.880547 -302.072688 97.208999 187.646652 -123.888677 -75.225808 -27.473782 20.721057 171.491531 168.173923 -39.921451 -136.181170 -25.836806 -25.533292 -25.146141 -799.112167 -798.798137 -798.956778 -34.887125 -25.440042 -134.538231 -136.355584 -58.824189 180.803579 182.595676 -113.448160 162.601749 -286.727461 -280.230651 77.526382 -981.674721 -274.025644 -795.894127 -21.188929 -471.131943 711.095035 -152.995127 -119.011361 -779.772128
-9999.0 -9999.0 -9999.0 -9999.0 -9999.0 -9999.0 -9999.0 -9999.0 -9999.0 -9999.0 -27.898580 -23.274019 -124.863700 2334.212100 -260.945144 -27.831689 22.787403 177.576352 -267.423277 -246.163078 199.309174 -183.358475 -35.934843 -137.847022 -72.020830 7.186671 50.146966 170.756027 -39.729924 -130.388765 -107.558205 4589.959727 -154.410507 -23.981696 -24.735801 -17.988885 25.179673 -58.076753 -797.011868 -25.382465 -29.825976 -92.546820 4886.747566 -138.341550 -120.142614 -67.611096 -133.190023 177.601443 -288.236725 -254.576835 -1356.656163 -3482.616945 -796.708780 -786.474557 -83.745495 -22.365707 -94.529647 10834.766030 -203.833762
-9999.0 -9999.0 -9999.0 -9999.0 -9999.0 -9999.0 -9999.0 -9999.0 -9999.0 -9999.0 -24.647387 -27.308679 -106.024893 -107.824042 183.228015 -215.592933 -179.000892 -326.862596 -313.825110 -615.641177 -627.244937 -291.594007 -141.091788 -44.165670 -3.381011 182.640883 179.635905 -89.965745 -139.808782 -128.877730 -24.895070 -102.520946 -161733.090209 -25.374650 -28.030795 -93.385884 3003.085705 -127.973036 -230.665202 -28.520579 -26.321516 -610.536206 -127.185659 -27.813893 -117.730031 -660.263734 -53.704817 -122.049596 -135.013189 -233.439628 -176.301504 -232.532393 -104.912268 -795.788528 -792.304569 -795.020970 -23.598471 -160.676758 323.679080
-9999.0 -9999.0 -9999.0 -9999.0 -9999.0 -9999.0 -9999.0 -9999.0 -87.953592 -27.331193 -45.849641 -109.285536 -120.582137 -135.357374 -165.252858 186.289525 -379.060669 -306.288302 -351.456560 -774.816902 -723.140200 -395.227916 -333.979615 -248.470778 -18.015153 176.498949 199.795988 -145.287885 -121.911543 -175.057535 -797.268848 -24.949408 -26.096533 -27.151627 -26.323784 -30.048874 -12.611326 -65.974602 -130.397181 -796.978455 -797.034021 -97.605148 -154170.917311 -797.548623 -800.816422 257.790330 -114.237307 -110.940496 -126.145252 174.941949 -49.773087 -1094.572826 -115.718695 -214.263435 -797.891058 -24.279461 -774.143133 111.594407 -228.390009
-9999.0 -9999.0 -9999.0 -9999.0 -9999.0 -9999.0 -9999.0 -9999.0 -20.120199 -130.901810 -263.111305 -26.887794 -28.774035 -81.717431 -93.943646 23.843369 -152.991644 -243.920472 -437.250952 -742.549406 -90.844336 -221.579518 -245.584819 -233.591209 -352.882031 180.444947 195.436323 -126.695616 -148975.841209 -27.493190 -26.541711 -797.737658 -25.748826 -796.211090 -104.230301 -102.541739 39.490572 -26.390824 -209.349107 -26.870897 -26.591323 -140.364057 -797.623939 -26.650469 2690.214240 -130.620544 -152261.231857 -28.258970 -143.820301 187.732966 163.504318 -76.661148 -126.510346 -25.848644 -29.467985 -148824.011208 -248.606409 -244.875740 -233.040852
-9999.0 -9999.0 -9999.0 -9999.0 -9999.0 -9999.0 -9999.0 -9999.0 -24.995065 -11.433097 -72.400784 -225.728849 -102.159361 -152044.829730 -64.342329 -171.084880 -252.958283 -221.223058 -576.943228 -234.049959 -740.967544 -390.105602 -278.725890 -602.748783 -239.680694 -56.082588 179.628116 -156.337160 -153356.193590 -26.747544 -798.009519 -100.366972 -119.676693 -4669.915307 -104.191105 44.619383 -162.740985 -129.123039 -121.542862 -199.365967 -27.467079 -797.141908 -105.006181 -67.043955 -122.837312 -110.378279 -798.773510 -112.480837 -126.593074 -123.171645 160.852686 -51.929208 -157.563038 -152.790934 -235.400007 13.933621 183.802511 185.137297 195.663543
-9999.0 -9999.0 -9999.0 -9999.0 -9999.0 -9999.0 -9999.0 -9999.0 -797.074969 -26.656140 -25.248403 -204483.515068 -104.355079 -123.945463 -1849.180564 154.830987 -295.885224 -503.173475 -147.616914 -689.032143 -672.870801 -642.579919 -388.423699 -647.098936 -465.962540 -85.725528 -50.543669 -154.356764 18.277608 -255.694418 -251.308047 -227.606905 -2865.887666 34.349897 -2537.725511 -10.597043 6.136734 -56.424368 -123.928741 -202.526125 -18.450524 -20.219519 -24.229468 -799.597877 -110.368278 -798.689592 -31.876105 -797.425114 -25.409615 -255.325485 -32.145806 159.965507 -11.613161 20.769611 185.933116 197.668037 204.106352 326.487148 200.025781
-9999.0 -9999.0 -9999.0 -9999.0 -9999.0 -9999.0 -9999.0 -9999.0 -105.287462 -98.879105 4705.179803 -159.023599 -153.792144 -173.184613 195.448563 200.694174 171.523826 -134.366110 -108.421262 -226.596097 -572.434298 -529.932289 -648.490776 -689.415778 -193.081594 -240.524959 -113.046130 2.613569 139.131865 12.977247 -147.918016 -6.278956 -217.537718 200.508627 -214.448312 -218.673159 -211.555729 -57.178692 -124.760432 188.387918 -216.091370 -2425.752856 -210.050975 -2804.001097 -238.384713 -6.104490 -242.903108 -227.611865 -261.650132 -252.813546 -241.445955 -201.097573 85.529688 -60.647537 368.844181 362.164238 200.253045 200.566174 224.308810
-9999.0 -9999.0 -39.880620 -108.267762 -86.982116 -111.701125 -126.770116 -117.875313 -93.949878 -96.067099 -128.224094 -47.195563 -169.598872 209.477112 185.365313 162.942673 -134.042035 -156.508769 -62.223691 37.036375 -258.076860 -223.058792 200.517446 -855.383803 -618.033486 -308.652323 -250.233476 -175.905755 177.744388 201.205199 -68.684252 181.857298 252.787474 180.554207 181.406301 -74.691951 173.385487 -113.765967 -127.378663 -124.311892 -230.906340 -235.231422 -142.642946 185.047469 -141.702815 -229.135571 180.329271 182.088328 -258.569527 23.333959 -129.921820 -304.126994 197.008340 198.365414 200.474652 199.412333 228.689416 205.115567 191.737862
