user2019/resources/simulation/Vinschgau/output-maps/psiL0003N1084.asc
ncols         63
nrows         48
xllcorner     598000.000000
yllcorner     5145000.000000
cellsize      1000.000000
NODATA_value  -9999.0
[rows 0 to 24 of 48, columns 0 to 56 of 63]
-9999.0 -9999.0 -9999.0 -9999.0 -9999.0 -9999.0 -9999.0 -9999.0 -9999.0 -9999.0 -9999.0 -9999.0 -9999.0 -9999.0 -9999.0 -9999.0 -9999.0 -9999.0 -9999.0 -9999.0 -9999.0 -9999.0 -9999.0 -9999.0 -9999.0 -9999.0 -9999.0 -9999.0 -9999.0 -9999.0 -9999.0 -9999.0 -9999.0 -9999.0 -9999.0 -9999.0 -9999.0 -9999.0 -9999.0 -9999.0 -9999.0 -9999.0 -9999.0 -9999.0 -9999.0 -9999.0 -9999.0 -9999.0 -9999.0 -9999.0 -9999.0 -9999.0 -9999.0 -9999.0 -9999.0 -9999.0 -9999.0
-9999.0 -9999.0 -9999.0 -9999.0 -9999.0 -9999.0 -9999.0 -9999.0 -9999.0 -9999.0 -9999.0 -9999.0 -9999.0 -9999.0 -9999.0 -9999.0 -9999.0 -9999.0 -9999.0 -9999.0 -9999.0 -9999.0 -9999.0 -9999.0 -9999.0 -9999.0 -9999.0 273.586688 387255.279831 617.349328 620997.901715 662313.747193 661563.384727 -9999.0 -9999.0 -9999.0 -9999.0 -9999.0 -9999.0 -9999.0 -9999.0 -9999.0 -9999.0 -9999.0 -9999.0 -9999.0 -9999.0 -9999.0 -9999.0 -9999.0 -9999.0 -9999.0 -9999.0 -9999.0 -9999.0 -9999.0 -9999.0
-9999.0 -9999.0 -9999.0 -9999.0 -9999.0 -9999.0 -9999.0 -9999.0 -9999.0 -9999.0 -9999.0 -9999.0 -9999.0 -9999.0 -9999.0 -9999.0 -9999.0 -9999.0 -9999.0 -9999.0 -9999.0 -9999.0 -9999.0 -9999.0 7158.030628 1879.282545 69.820022 1358.844679 667113.800782 672017.063781 686678.400427 -9999.0 -9999.0 -9999.0 -9999.0 -9999.0 -9999.0 -9999.0 -9999.0 -9999.0 -9999.0 -9999.0 -9999.0 -9999.0 -9999.0 -9999.0 -9999.0 -9999.0 -9999.0 -9999.0 -9999.0 -9999.0 -9999.0 -9999.0 -9999.0 -9999.0 -9999.0
-9999.0 -9999.0 -9999.0 -9999.0 -9999.0 -9999.0 -9999.0 -9999.0 -9999.0 -9999.0 -9999.0 -9999.0 -9999.0 -9999.0 -9999.0 -9999.0 -9999.0 -9999.0 -9999.0 -9999.0 -9999.0 -9999.0 -9999.0 16984.371815 4337.912516 -1122.219888 -1406.099535 -2761.846046 -586.424642 1628.280099 685402.136924 662575.232334 -9999.0 -9999.0 -9999.0 -9999.0 -9999.0 -9999.0 -9999.0 -9999.0 -9999.0 -9999.0 -9999.0 -9999.0 -9999.0 -9999.0 -9999.0 -9999.0 -9999.0 -9999.0 -9999.0 -9999.0 -9999.0 -9999.0 -9999.0 -9999.0 -9999.0
-9999.0 -9999.0 -9999.0 -9999.0 -9999.0 -9999.0 -9999.0 -9999.0 -9999.0 -9999.0 -9999.0 -9999.0 -9999.0 -9999.0 -9999.0 -9999.0 -9999.0 -9999.0 -489.440327 127.977127 -9999.0 329.674517 130.723357 -1396.773279 -944.551512 -2831.849698 -521.648725 -478.186864 -346.039295 1018.144358 60578.566222 673144.184250 581.227498 495.810738 -9999.0 -9999.0 -9999.0 -9999.0 -9999.0 -9999.0 -9999.0 -9999.0 -9999.0 -9999.0 -9999.0 -9999.0 -9999.0 -9999.0 -9999.0 -9999.0 -9999.0 -9999.0 -9999.0 -9999.0 -9999.0 -9999.0 -9999.0
-9999.0 -9999.0 -9999.0 -9999.0 -9999.0 -9999.0 -9999.0 -9999.0 -9999.0 -9999.0 -9999.0 -9999.0 -9999.0 -9999.0 -9999.0 -9999.0 -9999.0 -2863.675555 -2633.277060 -6848.664970 -48.324645 51679.443040 1039.740398 -513.658911 -542.786137 579.865583 935783.907428 1061.420620 942638.009757 -278.367927 167.153708 110677.458441 -19.131126 -2.966310 -38.022938 -19.115392 -9999.0 -9999.0 -9999.0 -9999.0 -9999.0 -9999.0 -9999.0 -9999.0 -9999.0 -9999.0 -9999.0 -9999.0 -9999.0 -9999.0 -9999.0 -9999.0 -9999.0 -9999.0 -9999.0 -9999.0 -9999.0
-9999.0 -9999.0 -9999.0 -9999.0 -9999.0 -9999.0 -9999.0 -9999.0 -9999.0 -9999.0 -9999.0 -9999.0 -9999.0 25.948222 -574.530416 -2038.239753 -2859.529295 -7085.733566 -2812.781449 -2864.635373 -1378.634779 -732.182972 -1195.525343 -535.466653 -83.975587 119.320301 166090.036507 570727.399342 738916.169839 133210.255964 669059.635755 547182.246336 601414.249416 641577.488762 511408.824571 538.868002 -9999.0 -9999.0 -9999.0 -9999.0 -9999.0 -9999.0 -9999.0 -9999.0 -9999.0 -9999.0 -9999.0 -9999.0 -9999.0 -9999.0 -9999.0 -9999.0 -9999.0 -9999.0 -9999.0 -9999.0 -9999.0
-9999.0 -9999.0 -9999.0 -9999.0 -9999.0 -9999.0 -9999.0 -9999.0 -9999.0 -9999.0 -9999.0 -9999.0 -9999.0 -218.243206 -1757.027762 -2462.313784 -2790.955051 -1028.412059 -7096.927816 -2614.175038 -2837.777477 -1724.459001 -1093.939241 -627.055055 -443.308173 111327.516338 91957.015378 6001.864753 473.511492 757559.094604 755030.655469 619783.342431 575.686500 -56.001411 1315.634060 -9999.0 -9999.0 -9999.0 -9999.0 -9999.0 -9999.0 -9999.0 -9999.0 -9999.0 -9999.0 -9999.0 -9999.0 -9999.0 -9999.0 -9999.0 -9999.0 -9999.0 -9999.0 -9999.0 -9999.0 -9999.0 -9999.0
-9999.0 -9999.0 -9999.0 -9999.0 -9999.0 -9999.0 -9999.0 -9999.0 -9999.0 -9999.0 -9999.0 -9999.0 -9999.0 -2348.195460 562.923661 -2508.781981 -2486.748019 -2715.146115 -7152.206394 -2830.579367 -886.527778 -137.205073 1047.512703 678794.970299 -557.308663 417.627549 -43.019086 511.204594 619943.601010 -54.668930 489415.250369 -33.046590 -62.706486 -36.266339 613.053673 -9999.0 -9999.0 -9999.0 -9999.0 -9999.0 -9999.0 -9999.0 -9999.0 -9999.0 -9999.0 -9999.0 -9999.0 -9999.0 -9999.0 -9999.0 -9999.0 -9999.0 -9999.0 -9999.0 -9999.0 -9999.0 -9999.0
-9999.0 -9999.0 -9999.0 -9999.0 -9999.0 -9999.0 -9999.0 -9999.0 -9999.0 -9999.0 -9999.0 -9999.0 -1141.273074 6449.429690 -2065.240182 -719.605985 -1343.579188 -2091.628125 -1239.132362 -8116.285104 -906.236765 6664.443410 712812.560759 370510.179702 751630.262837 469267.111119 748152.294025 714928.167630 715974.046227 77307.908732 1406.397501 578.449597 435655.034912 497.259611 -9999.0 -9999.0 -9999.0 -9999.0 -9999.0 -9999.0 -9999.0 -9999.0 -9999.0 -9999.0 -9999.0 -9999.0 -9999.0 -9999.0 -9999.0 -9999.0 -9999.0 -9999.0 -9999.0 -9999.0 -9999.0 -9999.0 -9999.0
-9999.0 -9999.0 -9999.0 -9999.0 -9999.0 -9999.0 -9999.0 -9999.0 -9999.0 -9999.0 -9999.0 31.015851 -802.385216 236.989065 -1761.298020 -357.068124 -8646.698639 -2102.588105 -714.574181 -185.535943 -2750.525739 -511.745940 137.014707 1766.381302 184268.119579 707985.754422 596320.621466 685118.619648 687738.409319 597.025341 576.334540 355764.089832 212412.721510 523.396966 653.648042 4880.108524 648687.966303 638412.556589 646439.275066 -9999.0 -9999.0 -9999.0 -6.342761 -9999.0 -9999.0 -9999.0 -9999.0 -9999.0 -9999.0 -9999.0 -9999.0 -9999.0 -9999.0 -9999.0 -9999.0 -9999.0 -9999.0
-9999.0 -9999.0 -9999.0 -9999.0 -9999.0 -9999.0 -9999.0 -9999.0 -9999.0 -9999.0 -9999.0 29.402393 -1036.737815 -1680.193425 -2973.695459 -265.063133 -3159.765077 -2844.319862 -1059.349788 -948.005740 -628.811827 24.812001 162.279194 748430.374101 750639.159404 614911.224385 690976.967833 707527.581766 3070.179140 542.079714 507239.701625 492602.689357 644661.170711 620114.268327 602197.289295 677114.341129 666474.717744 11821.299622 427805.217400 487.529950 513.515985 538.283047 510047.309304 539.042627 -9999.0 -9999.0 -9999.0 525004.039247 594587.030056 207594.122833 615400.926546 125463.591988 86417.120399 543801.236370 567454.858627 14233.895612 -9999.0
-9999.0 -9999.0 -9999.0 -9999.0 -9999.0 -9999.0 -9999.0 -9999.0 -9999.0 -9999.0 -9999.0 34.566188 24.912868 771.859038 -379.219515 -333.304878 -597.809042 -2288.750229 -1651.698176 -1113.177196 -953.069197 902.665712 722442.317705 131.438815 627662.366007 218.144541 718130.341613 715561.808623 674.313426 594638.376312 468.772338 713917.691576 483937.619948 616907.766224 18967.319667 455235.279585 715300.332851 454660.591739 -623.556791 329.873140 529062.366113 656515.255480 673860.617211 685790.588702 664501.706064 -9999.0 546.493342 520183.001474 574675.665644 626741.155881 285151.841358 698.735144 623567.318050 639843.502998 644692.554732 611964.112910 -9999.0
-9999.0 -9999.0 -9999.0 -9999.0 -9999.0 -9999.0 -9999.0 -9999.0 -9999.0 -9999.0 -9999.0 -9999.0 195.957460 754609.741709 -252.410812 -255.597914 -890.368735 -2211.452999 -918.720599 -1004.259725 -1493.128976 527.684580 389600.831546 529615.808218 749328.161319 766425.555048 1996.558171 161586.159574 583511.888330 533.363305 639548.104893 762822.765343 325957.340964 671858.362004 669065.325044 701752.300622 724432.118150 284112.192071 -498.573630 -183.264383 493608.664941 -41.588056 728152.588723 23605.540282 467.298860 560962.201403 653.624103 587644.838916 695637.818708 710014.048503 710263.052721 715776.641472 716580.857521 715413.787139 697445.313291 591965.342518 589898.452531
-9999.0 -9999.0 -9999.0 -9999.0 -9999.0 -9999.0 -9999.0 -9999.0 -9999.0 -9999.0 -9999.0 761165.987487 406.700292 32.345085 775855.635199 1009.969459 -476.828236 -1541.073097 -979.267823 -1752.764184 -1908.895154 -622.185277 156366.835306 750300.015519 767688.200962 765786.280014 773164.234363 609189.958907 639548.114374 -5.223335 764594.460319 757633.355830 286151.119209 583916.953064 584862.964731 662801.705972 661429.132855 326394.981082 368.789475 -597.619614 362730.401996 910.407660 675408.807355 195226.558803 164.033847 684651.826243 690720.499272 -24.135586 -41.302393 282725.366734 217534.609626 647106.533397 46630.167203 -32.889597 -38.475746 -32.870591 643.586951
-9999.0 -9999.0 -9999.0 -9999.0 -9999.0 -9999.0 -9999.0 -9999.0 -9999.0 -9999.0 2336.038901 512719.600034 202.658807 134.973362 27.584340 437171.391108 494702.315562 -67.057068 -2196.655704 -1677.096512 -717.295517 -470.913889 1026050.648442 31.123162 642168.613725 730271.113454 749240.193281 153227.094653 38491.555593 4381.730310 266992.995767 269046.797317 72985.087595 658901.743065 555.811034 464.811969 95833.229741 586120.341699 793196.212609 183.160692 -323.549849 -44.221418 -25.768443 -429.847614 729517.913186 -11.650631 210893.503964 728883.220643 728890.049585 33304.169470 -62.473361 74496.706479 -30.749956 -23.323952 -32.843535 473697.631486 487923.988439
-9999.0 -9999.0 -9999.0 -9999.0 -9999.0 -9999.0 -9999.0 -9999.0 -9999.0 198461.184171 642.199263 76628.525120 307178.166242 752869.932957 753240.982866 788010.442123 672668.132581 -314.517045 -2413.197635 -2050.496588 -803.932150 -1498.316358 -1137.690118 -538.738067 1053.006341 1065054.838231 761991.463415 166.548172 792673.449835 756685.737307 1001.215393 1019289.041103 496.481775 -32.311798 517.099936 462.739282 311803.620302 848663.864712 772042.270447 790487.792036 919912.239268 1041872.289071 1050969.654926 -1257.974004 -511.415333 398844.850782 30.290810 762133.799439 761933.304626 946.684331 630627.138307 690.999033 -30.295850 179001.311517 192558.762175 1073.015568 1917.784000
-9999.0 -9999.0 -9999.0 -9999.0 -9999.0 -9999.0 -9999.0 -9999.0 -9999.0 251434.844200 220999.345733 156.984229 4834.410248 10777.469509 728410.796214 775553.755107 30.172889 -414.171496 -2600.847095 -1304.070661 -1050.449769 -2046.675363 -436.467823 26.298423 1063802.161244 777685.677265 785657.405643 277887.829635 -130.672196 -230.609278 86.476619 970877.239185 547583.107666 636156.475871 672392.062097 465.098054 410.110431 -27.154543 619972.424029 595859.514044 769150.273559 764758.504241 784603.599094 -201.956954 -807.448928 -507.669917 -404.136340 -392.844792 -34.889689 437.708702 1024262.625622 644943.210908 187166.823688 507441.727580 383953.835674 123758.885220 116828.293675
-9999.0 -9999.0 -9999.0 -9999.0 -9999.0 -9999.0 -9999.0 -9999.0 -9999.0 -9999.0 623012.576544 358740.234387 640323.177133 622970.686326 191.228234 616666.543135 10260.825247 -514.658824 -2775.232311 -1546.546525 -911.532484 -2690.886448 1126.634564 993243.991127 759043.712231 679791.807814 785.131374 21.604622 75.055792 1057345.169641 1041152.708148 1041027.918841 714045.665823 557469.660022 568711.032681 423811.142600 163.327725 7659.990139 2105.612526 543159.177575 698471.314862 2021.663728 4865.843273 393670.801116 -41.674860 768.288562 -998.708926 -485.097292 -621.055726 350.457859 1000263.087648 281731.370037 182116.716853 168218.061439 499896.715504 579678.588868 612863.322026
-9999.0 -9999.0 -9999.0 -9999.0 -9999.0 -9999.0 -9999.0 -9999.0 -9999.0 -9999.0 612444.930085 281632.075537 168.588776 467886.897015 22.993754 19.638506 172.292367 -1717.782894 -2428.109892 -2910.897016 -2675.495206 -1955.935975 24084.282020 692482.754408 533272.818306 26.931248 -258.254387 778.490801 1041437.163968 735412.247553 603640.517392 608345.765265 92841.707379 609016.682386 696186.999583 13439.592484 165233.672367 497583.350315 698933.391112 701768.844401 723586.708460 3158.945147 700866.008210 13347.797852 129.315349 1058240.200655 25107.599780 38.312755 -1125.730093 -449.927630 1286.306851 702012.167526 638002.564731 243552.269558 173277.669348 181946.052131 629322.593231
-9999.0 -9999.0 -9999.0 -9999.0 -9999.0 -9999.0 -9999.0 -9999.0 525123.661718 705928.250421 671506.593843 697644.836519 475643.017581 691372.724449 918148.304248 -677.037876 -2402.155295 -2349.553419 -2312.633130 -3037.570772 -2956.850643 -2872.867328 -2615.056844 -1977.069144 57.219581 -460.729749 -377.994934 1104922.814124 793044.382068 726448.930806 -29.965207 465539.737726 544889.608831 615182.873363 644970.036558 574703.682810 29.452607 767907.301940 1059245.717695 474.594435 -11.424622 54543.091785 277248.422763 653.203640 -38.912248 2254.841717 1043632.613503 814744.360378 569.551907 -355.100681 116.728669 939853.178757 279505.934635 583385.832585 185735.292069 604448.066755 478.994491
-9999.0 -9999.0 -9999.0 -9999.0 -9999.0 -9999.0 -9999.0 -9999.0 -254.667546 392807.392947 728922.281614 651916.520343 253944.889374 726015.711811 1049065.790085 21.205126 -1801.342846 -2147.156038 -2975.747368 -3041.752945 -1243.364649 -1985.263741 -2133.793863 -2946.233325 -2627.095967 -1281.903457 -493.353506 620693.184273 29821.430648 581216.312578 618059.607619 271.520769 390359.518307 82.067745 450285.505158 1680.321471 33.900542 146219.058076 635637.621820 23019.950546 716804.936666 1454.715554 96.337284 1636.280484 2240.458213 641597.371712 221678.627878 121844.040423 762980.340609 -501.191560 -238.981162 744916.727809 314123.246845 608121.345274 669762.960592 -85.690692 779924.342470
-9999.0 -9999.0 -9999.0 -9999.0 -9999.0 -9999.0 -9999.0 -9999.0 622852.808009 551893.919912 606714.225943 712836.599727 713136.743908 226813.042059 740923.812809 1046626.389959 -1047.957097 -1522.859380 -2926.559286 -1315.784165 -3075.890715 -2570.506333 -2477.668551 -2962.875713 -1364.076481 -1989.905938 -484.776388 1092689.397307 38459.222732 529918.710993 -11.703916 121785.758533 733687.033522 766842.492774 493.811744 42.717144 217372.988553 24.040225 341581.468553 765369.841553 230320.141779 -25.839995 29083.823361 557071.713012 735201.626211 202819.852226 455.796789 642206.501065 770506.038237 271.523640 -536.499758 366.957475 211052.921980 373612.067185 124333.517308 113185.792505 27.108406
-9999.0 -9999.0 -9999.0 -9999.0 -9999.0 -9999.0 -9999.0 -9999.0 5792.265689 237151.765337 160016.747937 8978.895241 159884.866202 720015.900964 1028817.045855 69.375307 -2788.037320 -2856.310309 -1014.019518 -2920.270076 -2976.653456 -2966.170202 -2292.069764 -2778.388042 -2119.019242 -856.635323 976903.983746 1065549.225680 160.594471 896635.098966 809213.443440 809235.360406 53730.302012 755631.958277 859370.484606 26.192457 -358.693555 -2041.347172 -435.085699 547553.496338 172.934424 526.586804 697.382106 -40.751997 79954.435384 -18.680710 18406.752484 -29.973932 417966.053265 783993.655496 691.733558 -537.147377 120.968898 89277.743243 30.049930 28.298559 -552.056009
-9999.0 -9999.0 -9999.0 -9999.0 -9999.0 -9999.0 -9999.0 -9999.0 604851.057108 693178.748116 -393.650977 1077687.280384 1091051.568152 1099371.433689 26.628848 -490.671974 -466.805629 -1745.172363 -1024.206645 -2177.022490 -2666.086635 -2661.575162 -2864.778927 -2823.695903 -1208.598976 -418.904868 1059012.492236 409936.076227 709.723120 361433.977763 1014816.302931 885.449983 24.342096 -338.308401 621.523212 -456.236660 -1014.971972 -2591.928603 -2758.029984 -333.783890 -219.500213 1015.332458 1186.115877 -27.224714 753057.931292 120.770316 784789.138172 787644.860124 786764.701266 934.877852 -330.013840 -1149.369000 -704.453161 -507.719840 43.360803 33.096321 -480.948591
