user2019/resources/simulation/Vinschgau/output-maps/psiL0007N0582.asc
ncols         63
nrows         48
xllcorner     598000.000000
yllcorner     5145000.000000
cellsize      1000.000000
NODATA_value  -9999.0
[rows 0 to 25 of 48, columns 0 to 57 of 63]
-9999.0 -9999.0 -9999.0 -9999.0 -9999.0 -9999.0 -9999.0 -9999.0 -9999.0 -9999.0 -9999.0 -9999.0 -9999.0 -9999.0 -9999.0 -9999.0 -9999.0 -9999.0 -9999.0 -9999.0 -9999.0 -9999.0 -9999.0 -9999.0 -9999.0 -9999.0 -9999.0 -9999.0 -9999.0 -9999.0 -9999.0 -9999.0 -9999.0 -9999.0 -9999.0 -9999.0 -9999.0 -9999.0 -9999.0 -9999.0 -9999.0 -9999.0 -9999.0 -9999.0 -9999.0 -9999.0 -9999.0 -9999.0 -9999.0 -9999.0 -9999.0 -9999.0 -9999.0 -9999.0 -9999.0 -9999.0 -9999.0 -9999.0
-9999.0 -9999.0 -9999.0 -9999.0 -9999.0 -9999.0 -9999.0 -9999.0 -9999.0 -9999.0 -9999.0 -9999.0 -9999.0 -9999.0 -9999.0 -9999.0 -9999.0 -9999.0 -9999.0 -9999.0 -9999.0 -9999.0 -9999.0 -9999.0 -9999.0 -9999.0 -9999.0 -594.133675 -345.962704 -593.477841 -306.723691 -576.003747 -227.583624 -9999.0 -9999.0 -9999.0 -9999.0 -9999.0 -9999.0 -9999.0 -9999.0 -9999.0 -9999.0 -9999.0 -9999.0 -9999.0 -9999.0 -9999.0 -9999.0 -9999.0 -9999.0 -9999.0 -9999.0 -9999.0 -9999.0 -9999.0 -9999.0 -9999.0
-9999.0 -9999.0 -9999.0 -9999.0 -9999.0 -9999.0 -9999.0 -9999.0 -9999.0 -9999.0 -9999.0 -9999.0 -9999.0 -9999.0 -9999.0 -9999.0 -9999.0 -9999.0 -9999.0 -9999.0 -9999.0 -9999.0 -9999.0 -9999.0 -119.387982 -127.226151 -106.165023 -95.846217 -62.549564 -196.918736 -403.170320 -9999.0 -9999.0 -9999.0 -9999.0 -9999.0 -9999.0 -9999.0 -9999.0 -9999.0 -9999.0 -9999.0 -9999.0 -9999.0 -9999.0 -9999.0 -9999.0 -9999.0 -9999.0 -9999.0 -9999.0 -9999.0 -9999.0 -9999.0 -9999.0 -9999.0 -9999.0 -9999.0
-9999.0 -9999.0 -9999.0 -9999.0 -9999.0 -9999.0 -9999.0 -9999.0 -9999.0 -9999.0 -9999.0 -9999.0 -9999.0 -9999.0 -9999.0 -9999.0 -9999.0 -9999.0 -9999.0 -9999.0 -9999.0 -9999.0 -9999.0 -132.171008 -91.190762 -836.478477 -6401.468080 -42018.614612 -38557.549363 -392.724967 -346.022435 -409.847569 -9999.0 -9999.0 -9999.0 -9999.0 -9999.0 -9999.0 -9999.0 -9999.0 -9999.0 -9999.0 -9999.0 -9999.0 -9999.0 -9999.0 -9999.0 -9999.0 -9999.0 -9999.0 -9999.0 -9999.0 -9999.0 -9999.0 -9999.0 -9999.0 -9999.0 -9999.0
-9999.0 -9999.0 -9999.0 -9999.0 -9999.0 -9999.0 -9999.0 -9999.0 -9999.0 -9999.0 -9999.0 -9999.0 -9999.0 -9999.0 -9999.0 -9999.0 -9999.0 -9999.0 338.363975 -128.763510 -9999.0 -114.168266 -94.013497 -40157.992940 -5165.484178 -41866.153716 -352.441801 -281.206063 -395.621332 -1904.274001 -311.089704 -304.507436 -593.173525 -593.169889 -9999.0 -9999.0 -9999.0 -9999.0 -9999.0 -9999.0 -9999.0 -9999.0 -9999.0 -9999.0 -9999.0 -9999.0 -9999.0 -9999.0 -9999.0 -9999.0 -9999.0 -9999.0 -9999.0 -9999.0 -9999.0 -9999.0 -9999.0 -9999.0
-9999.0 -9999.0 -9999.0 -9999.0 -9999.0 -9999.0 -9999.0 -9999.0 -9999.0 -9999.0 -9999.0 -9999.0 -9999.0 -9999.0 -9999.0 -9999.0 -9999.0 -1090.797616 -2517.008568 -41026.861068 -591.459640 -299.603343 -1320.676866 -42299.909432 -390.399003 -5241.738370 -2166.899745 -653.214690 -2207.104388 -320.742183 -56.842048 -224.364428 -591.209428 -592.631526 -583.514193 -582.529271 -9999.0 -9999.0 -9999.0 -9999.0 -9999.0 -9999.0 -9999.0 -9999.0 -9999.0 -9999.0 -9999.0 -9999.0 -9999.0 -9999.0 -9999.0 -9999.0 -9999.0 -9999.0 -9999.0 -9999.0 -9999.0 -9999.0
-9999.0 -9999.0 -9999.0 -9999.0 -9999.0 -9999.0 -9999.0 -9999.0 -9999.0 -9999.0 -9999.0 -9999.0 -9999.0 -342.729503 -694.413230 -993.027153 -1296.660406 -591.977506 -1086.173994 -38009.677256 -2211.383138 -5680.538388 -38775.345496 -155.554665 -2321.495617 -115.724312 -43164.107407 -33200.436890 -40190.741545 -779.419775 3940.267849 -82.720167 -266.579951 -335.058245 -582.184050 -582.573486 -9999.0 -9999.0 -9999.0 -9999.0 -9999.0 -9999.0 -9999.0 -9999.0 -9999.0 -9999.0 -9999.0 -9999.0 -9999.0 -9999.0 -9999.0 -9999.0 -9999.0 -9999.0 -9999.0 -9999.0 -9999.0 -9999.0
-9999.0 -9999.0 -9999.0 -9999.0 -9999.0 -9999.0 -9999.0 -9999.0 -9999.0 -9999.0 -9999.0 -9999.0 -9999.0 -86.952362 -819.290018 -1211.259424 -1233.611451 -27.564868 -591.530977 -6403.118326 -150909.465883 -592.456200 -3697.152844 -4015.954588 -818.033906 -40313.628185 -446.488211 -582.843566 -582.353609 -38743.718018 -309.025932 -398.496730 -582.136986 -582.154162 -582.169421 -9999.0 -9999.0 -9999.0 -9999.0 -9999.0 -9999.0 -9999.0 -9999.0 -9999.0 -9999.0 -9999.0 -9999.0 -9999.0 -9999.0 -9999.0 -9999.0 -9999.0 -9999.0 -9999.0 -9999.0 -9999.0 -9999.0 -9999.0
-9999.0 -9999.0 -9999.0 -9999.0 -9999.0 -9999.0 -9999.0 -9999.0 -9999.0 -9999.0 -9999.0 -9999.0 -9999.0 -1015.619935 344.593853 -641.803228 -1107.296223 -1225.244901 -591.210417 -1038.318845 -65.315976 -40448.546724 -2057.648762 -2304.674155 -853.214415 -411.099809 -593.451762 -582.683886 -315.277027 -582.141569 -381.365974 -582.150292 -582.242273 -582.098875 -582.046516 -9999.0 -9999.0 -9999.0 -9999.0 -9999.0 -9999.0 -9999.0 -9999.0 -9999.0 -9999.0 -9999.0 -9999.0 -9999.0 -9999.0 -9999.0 -9999.0 -9999.0 -9999.0 -9999.0 -9999.0 -9999.0 -9999.0 -9999.0
-9999.0 -9999.0 -9999.0 -9999.0 -9999.0 -9999.0 -9999.0 -9999.0 -9999.0 -9999.0 -9999.0 -9999.0 -41678.990091 4211.567787 -752.588643 -528.513168 -204.919212 -804.721726 -80.798556 -41406.159336 -2161.744307 -835.560278 -36877.864627 -570.141996 2372.905635 -403.684568 -106.074707 -357.578066 -211.404741 -582.474416 -551.684689 -593.669137 -268.752584 -584.376250 -9999.0 -9999.0 -9999.0 -9999.0 -9999.0 -9999.0 -9999.0 -9999.0 -9999.0 -9999.0 -9999.0 -9999.0 -9999.0 -9999.0 -9999.0 -9999.0 -9999.0 -9999.0 -9999.0 -9999.0 -9999.0 -9999.0 -9999.0 -9999.0
-9999.0 -9999.0 -9999.0 -9999.0 -9999.0 -9999.0 -9999.0 -9999.0 -9999.0 -9999.0 -9999.0 -100.962747 -354.820495 297.315369 -603.837262 -99.702125 -43551.040397 -361.529930 112.562619 -43673.106198 -143187.940704 -126.283919 -258.074818 -354.530937 -39054.527577 -279.439913 -453.429280 -266.013662 1505.903578 -582.486935 -593.217547 -219.110166 -590.165143 -584.513210 -591.986026 -593.264535 -579.848107 -585.694771 -593.217842 -9999.0 -9999.0 -9999.0 -584.534175 -9999.0 -9999.0 -9999.0 -9999.0 -9999.0 -9999.0 -9999.0 -9999.0 -9999.0 -9999.0 -9999.0 -9999.0 -9999.0 -9999.0 -9999.0
-9999.0 -9999.0 -9999.0 -9999.0 -9999.0 -9999.0 -9999.0 -9999.0 -9999.0 -9999.0 -9999.0 -109.407280 -436.753529 -41427.952470 -524.400261 -430.672844 -711.380322 -7323.940994 -55.476854 317.587059 -52.559463 -247.142487 -75.827097 -242.208238 -201.447190 -328.687525 -295.404570 -221.310750 -593.130749 -584.241218 -243.929905 -171.521024 -364.108698 -332.238866 -561.239600 -435.251334 -523.174540 -563.034077 -578.729473 -592.845834 -591.998230 -590.255607 -323.642396 -584.389487 -9999.0 -9999.0 -9999.0 348.059763 -384.313486 -594.579226 -314.473301 -594.693035 -594.226311 342.430385 359.371448 -585.196596 -9999.0 -9999.0
-9999.0 -9999.0 -9999.0 -9999.0 -9999.0 -9999.0 -9999.0 -9999.0 -9999.0 -9999.0 -9999.0 -80.302955 -120.688518 -28591.089059 375.887165 -291.856875 -238.739607 -826.335826 -58.612577 -76.764541 49.100848 -30859.104326 -252.016459 -72.458771 -344.548011 -592.530566 -236.499542 -87.180791 -584.192143 -367.970516 -583.377625 -28151.539260 -287.776545 -406.599863 -588.861077 -484.948648 -14417.870569 -38089.365324 -575.154858 -591.981075 -587.885526 -591.761343 -362.341686 -363.523450 -447.919928 -9999.0 -586.252709 -312.353662 -257.851648 -216.635084 -477.593313 -594.087454 -457.696390 -192.577036 -408.100573 -275.241801 -9999.0 -9999.0
-9999.0 -9999.0 -9999.0 -9999.0 -9999.0 -9999.0 -9999.0 -9999.0 -9999.0 -9999.0 -9999.0 -9999.0 -95.245028 308.011646 -104.472873 -100.030110 -626.861378 -842.183436 361.792569 -82.419799 -951.768865 -33019.817442 -32181.986983 -215.808794 -222.239113 -252.607724 1011.269266 -560.938784 -312.781651 -593.745804 -272.477395 -228.265300 -579.900619 -352.287624 -446.243584 -494.394326 -15808.609430 -24962.483603 -352.983660 -592.459790 -490.060701 -592.411574 -34293.207638 -95.197418 -593.037053 -324.174073 -594.130369 -332.108819 -27576.249556 -227.893905 252.274454 -164.622755 869.010194 409.876138 -199.479143 -114.448885 -104.052660 -9999.0
-9999.0 -9999.0 -9999.0 -9999.0 -9999.0 -9999.0 -9999.0 -9999.0 -9999.0 -9999.0 -9999.0 296.971322 -124.502749 -568.734413 -210.700321 -220.918720 -215.711595 -730.690617 -34.276656 -313.064043 -1071.556102 -825.947102 -221.019431 -27981.159268 -268.111955 -198.919189 311.007628 -373.967935 -408.066026 -592.941862 -247.682654 -203.631834 -204.007148 -308.415909 -444.916939 -349.606123 -586.795121 -39032.176729 -960.584442 -575.587163 -39030.858548 -18663.642445 -528.284669 -36947.489290 -263.851210 -376.755426 -227.000819 -593.635182 -593.896800 -34137.941541 -30378.818297 -382.879358 -217.150868 -16955.638507 -7119.640471 -584.244587 -594.475788 -9999.0
-9999.0 -9999.0 -9999.0 -9999.0 -9999.0 -9999.0 -9999.0 -9999.0 -9999.0 -9999.0 1721.422548 -214.536830 -76.865444 -105.277604 -77.698083 569.690229 664.079694 -715.993249 -606.811000 -480.695633 43.818504 336.136589 -25261.163201 -85.867864 -295.234011 1740.554909 -21956.359298 -34224.588115 -543.385515 -253.830823 -199.560727 -118.443056 -268.172902 -325.158873 -582.282828 -591.816812 -499.434422 -11958.624559 -17824.990629 -9746.508211 -38248.797235 -35328.116966 -584.322484 -454.267150 -400.747226 -592.800524 -258.660265 -31834.117446 -229.606835 -238.341864 -32176.801454 -584.612377 -6473.376886 -584.334574 -584.996662 -246.459187 -247.934092 -9999.0
-9999.0 -9999.0 -9999.0 -9999.0 -9999.0 -9999.0 -9999.0 -9999.0 -9999.0 -329.404947 370.255302 300.981393 -196.758374 -254.570136 289.968880 -207.078118 -263.497736 -63.309292 -1545.169100 -845.172033 -55.715903 -1568.328658 -42082.913942 -590.616872 93.707516 -14375.779926 -301.054430 -237.842489 -32664.316863 -287.548218 -221.106100 -151461.054973 -582.647276 -582.542167 -586.002810 -583.969514 -277.493739 -873.171672 -6400.083038 -452.576468 -1340.785866 -1062.876054 -103222.579114 -11307.054548 -130260.734968 -33913.627722 -212.832956 -33802.104329 -33038.207125 277.412318 -32286.190700 -594.276610 -584.291133 -586.792935 -591.381689 -21499.406863 -174.250930 -593.770112
-9999.0 -9999.0 -9999.0 -9999.0 -9999.0 -9999.0 -9999.0 -9999.0 -9999.0 -509.961657 -324.088519 -303.671574 2138.327884 -282.905174 -308.369958 -293.154819 -60.261044 -297.377751 -1683.183752 -488.407878 -374.921709 -207.548163 -113.390237 -84.274751 -15347.539063 -341.708070 -310.903850 -308.577482 -334.218316 302.437314 -533.894183 -15725.436295 -279.500834 -345.931078 -241.656820 -591.771611 -592.821003 -592.662950 -531.073543 -264.729461 -82.600190 -24668.937842 -1486.277168 -496.177361 -495.673250 -500.058731 -793.755763 -34900.797415 -35175.573659 -275.147500 -152257.331739 -18431.449451 -585.837672 -373.089701 -585.152839 365.137993 -20403.189448 -171.703577
-9999.0 -9999.0 -9999.0 -9999.0 -9999.0 -9999.0 -9999.0 -9999.0 -9999.0 -9999.0 -332.819918 -257.263945 -197.443170 1815.848413 -33178.259729 -309.453515 -288.379169 -372.558414 -1875.759575 -874.629285 -243.472584 -96010.756935 -704.720167 -18833.188746 -353.056946 -352.798103 -417.426387 -282.951192 -520.991578 -450.432288 -12133.068738 3208.645111 -15275.433944 -346.046432 -222.144148 -182.434318 -151.120319 -99.722982 -593.558122 -340.183622 -464.178268 -88.469654 2153.484585 -26941.884095 -21023.285713 -964.505723 -43861.221787 -119.139597 -34308.127915 -30728.405316 -152886.774662 -31587.935956 -594.607187 -585.937207 -136.645887 -331.564344 -90.747697 10547.089440
-9999.0 -9999.0 -9999.0 -9999.0 -9999.0 -9999.0 -9999.0 -9999.0 -9999.0 -9999.0 -299.128332 -287.037790 -99.961248 -206.908422 309.248857 -1246.779336 -1015.305652 -483.099106 -1216.306487 -939.426816 -1183.963447 -1744.147360 -1248.300523 -538.030637 -439.589363 -507.288648 39.694948 -628.953219 -494.572895 -8266.615996 -340.895468 -74.079249 -33617.990607 -388.770607 -348.601534 -92.382158 1396.611096 -239.152105 -26131.893405 -374.363387 -272.347078 -594.045295 -207.591940 -345.798048 356.071190 -151622.139461 -224.832337 -20989.164457 -32805.656422 -32348.610886 -31662.815543 -26460.700623 -193.820677 -594.665797 -584.584333 -594.500169 -385.707163 -23680.734379
-9999.0 -9999.0 -9999.0 -9999.0 -9999.0 -9999.0 -9999.0 -9999.0 -75.129462 -260.034882 -573.285275 -88.430035 -149.378771 -194.038015 -629.775060 -199.096973 -2095.653988 -190.735436 -802.425563 -981.025278 -1392.266444 -9098.971554 -5325.357176 -3546.705328 -1004.644466 -173.368143 330.999367 -448.334946 -182.233458 -17929.865595 -583.190710 -303.828532 -296.111737 -347.322949 -267.822942 -454.643018 -280.808906 -220.127397 -13213.917337 -593.903346 -586.407552 -89.374514 -30561.352378 -583.341785 -593.812710 1068.501342 -12489.272763 -214.747485 -20940.452169 221.434251 -1044.535126 -152874.021443 -192.420235 -18475.606698 -593.891552 -398.218328 -593.757130 -48.235672
-9999.0 -9999.0 -9999.0 -9999.0 -9999.0 -9999.0 -9999.0 -9999.0 -16306.968563 -194.654901 -25301.860499 -360.319351 -328.491707 602.202171 -593.481553 -763.288227 -1316.428607 -1682.497700 -152864.573961 -1005.363268 -389.307541 -625.999760 -431.710255 -229.189073 -11204.288962 -185.007918 278.309363 -176.479873 -31997.447883 -284.980065 -301.598601 -593.221980 -239.978054 -594.333125 -75.494089 -73.633310 -187.285678 -197.487482 -25784.174607 -258.851795 -347.913576 -583.533208 -584.588177 -252.763410 1310.477001 -204.751987 -31191.609439 -300.811002 -24342.988196 -833.854854 -1005.968568 -178.256765 -526.545070 -221.860166 -466.678472 -35281.766175 -29827.949443 -29765.951374
-9999.0 -9999.0 -9999.0 -9999.0 -9999.0 -9999.0 -9999.0 -9999.0 -329.044877 1239.676607 -516.976369 -23591.131973 -43.761482 -32709.632252 -220.112925 -24126.657374 -1399.292356 -2058.979629 -15677.921444 -350.598787 -1009.377704 -641.454005 -670.379713 -993.304769 -421.960299 -1515.569664 -748.374965 -528.338801 -33557.163363 -261.536654 -593.394902 -59.051516 -210.881983 -33957.454372 -69.282564 -157.873925 -27717.251338 -20476.205582 -12951.702588 -23508.079760 -289.360068 -594.328076 -82.786004 1309.084982 -234.039377 -104.747944 -594.043316 -100.113048 -241.228657 -19004.041016 194.524442 -952.213834 -18394.472447 -16750.104597 -28904.116963 -155.321490 -167.658762 -200.442385
-9999.0 -9999.0 -9999.0 -9999.0 -9999.0 -9999.0 -9999.0 -9999.0 -583.452337 -251.079800 307.783395 -32723.970723 -57.019649 262.030849 -151920.100722 -947.962121 -141109.640493 -12889.515349 -354.103904 -1070.990379 -997.066590 -973.185181 -601.837306 -572.279205 -1116.139908 -1232.726448 -664.624961 -20227.698768 -83.582544 -31465.867461 -31635.255041 -31438.092004 -35806.139802 -186.895293 -33271.478161 -428.064833 -372.700502 -734.284427 -14575.744887 -24878.889844 -309.722654 -243.190242 -230.773122 -593.530704 -112.975880 -593.988191 -527.392947 -593.893747 -404.969235 -30138.063120 -689.394511 -926.752412 -965.805069 225.282887 -159.814095 -147.314537 -1033.298905 318.375967
-9999.0 -9999.0 -9999.0 -9999.0 -9999.0 -9999.0 -9999.0 -9999.0 -120.684521 -76.374699 3225.690475 -17048.435252 -17765.155449 -698.030875 -48.107408 -145.019783 -51.277694 -1301.872470 -1088.690071 -1674.515170 -1295.574746 -965.095656 -952.215980 -920.035216 -236.801556 -1527.023484 -823.092346 -330.653534 -386.201042 -211.772175 -21021.167423 -209.960769 -32801.640510 -192.696434 -29693.937104 -30886.588688 -29672.729615 -754.065425 -16951.628965 -176.917085 -27290.702105 -35833.178629 -29801.137295 -34241.704007 -28628.643785 -287.201361 -31003.598905 -30561.043151 -31565.208938 -32658.116094 -33903.661346 -1665.910416 -1015.959480 -291.800003 -72.526624 373.142743 279.746930 -39.923590
-9999.0 -9999.0 -569.549505 -98.597708 -56.522660 -284.214585 -173.979908 -202.268623 -73.499391 -77.706166 -179.361375 257.659802 -677.962355 -158.395741 -47.751605 261.050798 -17925.512512 -507.891264 -284.426572 -1092.607237 -2239.075258 -1161.699232 -505.376799 -1073.562773 -922.770640 -5210.491931 -1669.185099 -1431.485592 -1553.090237 -62.443436 -868.965892 -802.466272 355.319198 -824.967214 -243.810121 -699.950130 -281.280680 -797.441882 -16162.502963 -14046.402865 -30547.579881 -31833.041322 -25444.152942 -1123.897538 -22561.005919 -32120.456854 -274.241960 244.151407 -34478.077431 -497.839041 -772.850143 -423.602826 307.655055 274.083672 282.371001 376.334233 299.647768 252.021924
