user2019/resources/simulation/Vinschgau/output-maps/psiL0004N0131.asc
ncols         63
nrows         48
xllcorner     598000.000000
yllcorner     5145000.000000
cellsize      1000.000000
NODATA_value  -9999.0
[rows 0 to 25 of 48, columns 0 to 58 of 63]
-9999.0 -9999.0 -9999.0 -9999.0 -9999.0 -9999.0 -9999.0 -9999.0 -9999.0 -9999.0 -9999.0 -9999.0 -9999.0 -9999.0 -9999.0 -9999.0 -9999.0 -9999.0 -9999.0 -9999.0 -9999.0 -9999.0 -9999.0 -9999.0 -9999.0 -9999.0 -9999.0 -9999.0 -9999.0 -9999.0 -9999.0 -9999.0 -9999.0 -9999.0 -9999.0 -9999.0 -9999.0 -9999.0 -9999.0 -9999.0 -9999.0 -9999.0 -9999.0 -9999.0 -9999.0 -9999.0 -9999.0 -9999.0 -9999.0 -9999.0 -9999.0 -9999.0 -9999.0 -9999.0 -9999.0 -9999.0 -9999.0 -9999.0 -9999.0
-9999.0 -9999.0 -9999.0 -9999.0 -9999.0 -9999.0 -9999.0 -9999.0 -9999.0 -9999.0 -9999.0 -9999.0 -9999.0 -9999.0 -9999.0 -9999.0 -9999.0 -9999.0 -9999.0 -9999.0 -9999.0 -9999.0 -9999.0 -9999.0 -9999.0 -9999.0 -9999.0 -945.093454 -628.342002 -951.844726 -673.959733 -1444.073868 -1469.098199 -9999.0 -9999.0 -9999.0 -9999.0 -9999.0 -9999.0 -9999.0 -9999.0 -9999.0 -9999.0 -9999.0 -9999.0 -9999.0 -9999.0 -9999.0 -9999.0 -9999.0 -9999.0 -9999.0 -9999.0 -9999.0 -9999.0 -9999.0 -9999.0 -9999.0 -9999.0
-9999.0 -9999.0 -9999.0 -9999.0 -9999.0 -9999.0 -9999.0 -9999.0 -9999.0 -9999.0 -9999.0 -9999.0 -9999.0 -9999.0 -9999.0 -9999.0 -9999.0 -9999.0 -9999.0 -9999.0 -9999.0 -9999.0 -9999.0 -9999.0 -238.636758 -539.603075 -761.288800 -705.777162 -735.876930 -600.938453 -582.732235 -9999.0 -9999.0 -9999.0 -9999.0 -9999.0 -9999.0 -9999.0 -9999.0 -9999.0 -9999.0 -9999.0 -9999.0 -9999.0 -9999.0 -9999.0 -9999.0 -9999.0 -9999.0 -9999.0 -9999.0 -9999.0 -9999.0 -9999.0 -9999.0 -9999.0 -9999.0 -9999.0 -9999.0
-9999.0 -9999.0 -9999.0 -9999.0 -9999.0 -9999.0 -9999.0 -9999.0 -9999.0 -9999.0 -9999.0 -9999.0 -9999.0 -9999.0 -9999.0 -9999.0 -9999.0 -9999.0 -9999.0 -9999.0 -9999.0 -9999.0 -9999.0 -622.772661 -298.496233 -114.894520 1173.527989 1282.673927 821.248110 -755.428575 -724.174901 -377.147094 -9999.0 -9999.0 -9999.0 -9999.0 -9999.0 -9999.0 -9999.0 -9999.0 -9999.0 -9999.0 -9999.0 -9999.0 -9999.0 -9999.0 -9999.0 -9999.0 -9999.0 -9999.0 -9999.0 -9999.0 -9999.0 -9999.0 -9999.0 -9999.0 -9999.0 -9999.0 -9999.0
-9999.0 -9999.0 -9999.0 -9999.0 -9999.0 -9999.0 -9999.0 -9999.0 -9999.0 -9999.0 -9999.0 -9999.0 -9999.0 -9999.0 -9999.0 -9999.0 -9999.0 -9999.0 1008.108090 -181.682844 -9999.0 -561.170087 -385.896715 1191.506277 1369.573830 1209.031353 -264.562620 -326.108777 1226.876266 -196.383135 -1007.832648 -632.064141 -955.213534 -951.654695 -9999.0 -9999.0 -9999.0 -9999.0 -9999.0 -9999.0 -9999.0 -9999.0 -9999.0 -9999.0 -9999.0 -9999.0 -9999.0 -9999.0 -9999.0 -9999.0 -9999.0 -9999.0 -9999.0 -9999.0 -9999.0 -9999.0 -9999.0 -9999.0 -9999.0
-9999.0 -9999.0 -9999.0 -9999.0 -9999.0 -9999.0 -9999.0 -9999.0 -9999.0 -9999.0 -9999.0 -9999.0 -9999.0 -9999.0 -9999.0 -9999.0 -9999.0 -195.307003 790.098331 -2387.597149 -966.808442 -407.484485 -188.557409 684.847539 1056.250324 -242.583888 -620.006429 -426.618928 -696.789558 -354.668794 -167.329425 -965.177744 -984.724585 -964.538570 -948.201508 -951.451879 -9999.0 -9999.0 -9999.0 -9999.0 -9999.0 -9999.0 -9999.0 -9999.0 -9999.0 -9999.0 -9999.0 -9999.0 -9999.0 -9999.0 -9999.0 -9999.0 -9999.0 -9999.0 -9999.0 -9999.0 -9999.0 -9999.0 -9999.0
-9999.0 -9999.0 -9999.0 -9999.0 -9999.0 -9999.0 -9999.0 -9999.0 -9999.0 -9999.0 -9999.0 -9999.0 -9999.0 -584.520634 -97.191679 -210.068300 -213.856126 -282.778768 -200.328820 1496.008226 1133.185144 1138.981378 1346.613931 1374.077881 -235.556444 -569.640840 -1036.506473 -598.659913 -626.085081 -447.071527 -537.483268 -612.908217 -556.726443 -692.833574 -952.229386 -951.558354 -9999.0 -9999.0 -9999.0 -9999.0 -9999.0 -9999.0 -9999.0 -9999.0 -9999.0 -9999.0 -9999.0 -9999.0 -9999.0 -9999.0 -9999.0 -9999.0 -9999.0 -9999.0 -9999.0 -9999.0 -9999.0 -9999.0 -9999.0
-9999.0 -9999.0 -9999.0 -9999.0 -9999.0 -9999.0 -9999.0 -9999.0 -9999.0 -9999.0 -9999.0 -9999.0 -9999.0 -475.512486 1250.356967 -208.783857 -209.169281 895.656567 -279.783756 -205.197280 1205.305299 610.279019 -76.845962 -92.555018 -215.113029 -607.247197 -558.326907 -952.061636 -951.607921 -680.953848 -565.643410 -686.367001 -951.916891 -952.140661 -952.164512 -9999.0 -9999.0 -9999.0 -9999.0 -9999.0 -9999.0 -9999.0 -9999.0 -9999.0 -9999.0 -9999.0 -9999.0 -9999.0 -9999.0 -9999.0 -9999.0 -9999.0 -9999.0 -9999.0 -9999.0 -9999.0 -9999.0 -9999.0 -9999.0
-9999.0 -9999.0 -9999.0 -9999.0 -9999.0 -9999.0 -9999.0 -9999.0 -9999.0 -9999.0 -9999.0 -9999.0 -9999.0 -210.927187 1426.052471 -142.659610 -213.364302 -213.329025 -272.808398 -183.548228 -187.965348 -1548.539518 -125.900743 -685.472501 -528.104152 -507.741922 -945.293332 -951.647188 -815.741527 -951.709423 -684.330828 -952.274235 -951.746854 -951.090058 -951.325510 -9999.0 -9999.0 -9999.0 -9999.0 -9999.0 -9999.0 -9999.0 -9999.0 -9999.0 -9999.0 -9999.0 -9999.0 -9999.0 -9999.0 -9999.0 -9999.0 -9999.0 -9999.0 -9999.0 -9999.0 -9999.0 -9999.0 -9999.0 -9999.0
-9999.0 -9999.0 -9999.0 -9999.0 -9999.0 -9999.0 -9999.0 -9999.0 -9999.0 -9999.0 -9999.0 -9999.0 -205.733013 1397.855699 1333.387743 -788.530440 -148.875870 -212.118580 1141.522718 -1086.195488 -241.426042 -508.334392 -1658.229368 -498.428317 -791.925245 -672.580147 -531.645956 -389.296724 -693.429785 -951.767301 -680.342780 -951.701419 -676.333401 -951.197524 -9999.0 -9999.0 -9999.0 -9999.0 -9999.0 -9999.0 -9999.0 -9999.0 -9999.0 -9999.0 -9999.0 -9999.0 -9999.0 -9999.0 -9999.0 -9999.0 -9999.0 -9999.0 -9999.0 -9999.0 -9999.0 -9999.0 -9999.0 -9999.0 -9999.0
-9999.0 -9999.0 -9999.0 -9999.0 -9999.0 -9999.0 -9999.0 -9999.0 -9999.0 -9999.0 -9999.0 -404.464171 -262.010145 -105.548501 -452.647909 -490.458373 -1185.264683 -213.996930 -162.686626 -935.139026 843.247466 -218.772944 -454.825207 -689.216487 -654.157522 -545.917800 -673.524050 -502.523314 -373.509258 -952.112780 -948.247611 -633.765924 -950.990716 -951.811159 -962.007448 -982.129120 -559.194150 -246.584546 -393.890101 -9999.0 -9999.0 -9999.0 -950.573411 -9999.0 -9999.0 -9999.0 -9999.0 -9999.0 -9999.0 -9999.0 -9999.0 -9999.0 -9999.0 -9999.0 -9999.0 -9999.0 -9999.0 -9999.0 -9999.0
-9999.0 -9999.0 -9999.0 -9999.0 -9999.0 -9999.0 -9999.0 -9999.0 -9999.0 -9999.0 -9999.0 -495.444269 -572.182888 1210.903105 -253.339658 -746.535108 -227.288224 -206.777209 -175.463962 -187.195797 1366.023440 1507.889008 -277.072721 -577.516609 -616.333602 -671.871669 -539.445985 -924.062581 -939.425268 -951.905569 -1018.035660 -671.966838 -572.698022 -437.332787 -555.719882 -611.621359 -235.517354 -701.994745 -584.459483 -1049.420685 -1033.457189 -967.075415 -443.486522 -949.749507 -9999.0 -9999.0 -9999.0 -204.868532 -361.877799 -948.746887 -378.249844 -946.952119 -944.932031 -280.087374 -395.383023 -935.954371 -9999.0 -9999.0 -9999.0
-9999.0 -9999.0 -9999.0 -9999.0 -9999.0 -9999.0 -9999.0 -9999.0 -9999.0 -9999.0 -9999.0 -647.812276 -565.862795 -620.624743 -501.898206 -638.338799 -219.824534 -188.101523 1198.187885 -191.881623 -205.764587 -184.591443 -463.676903 -558.539999 -662.332867 -953.691999 -383.460080 -683.966079 -952.465723 -687.194105 -952.477750 -636.947197 -705.681533 -459.763977 -960.501862 -258.785306 -788.886130 -1515.053284 -261.075524 -1094.920091 -240.012497 -543.882483 -288.687095 -588.276534 -388.542152 -9999.0 -950.799350 -471.716911 -847.020630 -178.033285 -290.869311 -908.953266 -18.364276 -99.385479 -63.526518 171.605245 -9999.0 -9999.0 -9999.0
-9999.0 -9999.0 -9999.0 -9999.0 -9999.0 -9999.0 -9999.0 -9999.0 -9999.0 -9999.0 -9999.0 -9999.0 -570.611803 -610.999145 -251.562325 -751.147726 -251.660248 -214.581088 -171.856652 -187.795481 -198.628933 -214.016160 1175.739475 -303.069766 -574.934010 -382.551614 1328.630355 -1598.201556 -669.320617 -946.891379 -624.822536 -620.691073 -1095.732331 -496.052342 -563.094127 -497.865953 -586.123414 -954.852830 -548.577043 -1068.795809 -210.936955 -1017.406987 -220.478715 -109.087218 -952.750894 -647.746535 -947.774475 -400.294002 -644.441132 -431.923707 -218.734376 -445.825788 -175.752914 -284.134478 -611.906343 -650.842724 -234.127321 -9999.0 -9999.0
-9999.0 -9999.0 -9999.0 -9999.0 -9999.0 -9999.0 -9999.0 -9999.0 -9999.0 -9999.0 -9999.0 -379.909341 -557.166112 -1641.956632 -281.192340 -260.186798 -201.355780 -239.248317 1449.356522 -180.638237 -207.990285 1385.823186 -170.782018 -336.362793 -441.541999 949.354991 -659.289164 -655.944248 -677.832439 -950.770518 -367.342321 -309.403914 -223.198479 -407.222310 -655.118104 -462.475270 -504.892150 -532.328786 -366.828076 -577.161947 -493.033278 -82.464957 -129.516779 -464571.256423 1248.612104 -481.364217 -916.681252 -956.521092 -947.391018 -966.706997 -894.792113 -629.813876 -628.062511 -900.878832 -952.022359 -950.560370 -938.099814 -9999.0 -9999.0
-9999.0 -9999.0 -9999.0 -9999.0 -9999.0 -9999.0 -9999.0 -9999.0 -9999.0 -9999.0 -399.013430 -331.532735 -629.620174 -570.642028 -245.714840 -104.288518 -266.622166 -177.579107 -206.877328 -223.519220 1245.248292 -193.572729 -226.900834 1156.740402 -207.768161 -200.156125 -638.506494 -907.169448 -229.134140 1534.135451 -202.670949 -583.118960 -364.087865 -706.037409 -951.736244 -948.146131 -510.422468 -539.596786 -542.901631 -344.617303 -222.709695 -431.491462 -538.146427 -200.967897 -211.175262 -952.263340 -876.375091 -307.383317 -181.235980 -193.208456 -943.979056 -950.732854 -951.436336 -950.243644 -950.618745 -499.792653 -270.597162 -9999.0 -9999.0
-9999.0 -9999.0 -9999.0 -9999.0 -9999.0 -9999.0 -9999.0 -9999.0 -9999.0 -587.546516 -410.868726 -663.309230 -116.821242 -394.447797 -232.391044 -635.968073 -633.326812 -142.743152 -101.848512 -192.647776 -185.676055 -207.623426 1116.706215 -130.543273 -145.022536 -596.734107 -419.610419 1321.549096 1071.214728 925.653074 -214.558860 -1458.731327 -952.362058 -951.845087 -951.774112 -952.331256 -590.701443 -605.737092 -616.162719 -642.366644 -183.635659 -622.062184 -654.814239 -171.786613 76.974119 903.191719 1174.105005 -275.006615 -513.557661 -132.828705 -1085.348821 -937.401827 -950.397397 -950.511735 -940.830609 -676.105784 -169.194116 -108.936520 -933.744849
-9999.0 -9999.0 -9999.0 -9999.0 -9999.0 -9999.0 -9999.0 -9999.0 -9999.0 -917.025676 -573.208360 -589.270373 1342.581071 -206.055835 -213.036716 -355.755805 -59.768627 -224.421149 -182.240397 -187.707804 -187.495117 1210.054768 604.934489 -187.107508 -668.932937 -503.731234 -143.211164 818.424275 1237.100089 -222.206054 -585.842675 -603.089577 -668.178006 -444.504631 -599.847916 -967.549743 -961.918904 -966.834808 -675.428273 -572.260903 -627.341139 -622.048165 -273.393756 -159.114492 10909.982926 -170.868500 829.249411 1206.291709 1242.866182 -144.475202 -1385.910890 -653.512808 -950.544231 -631.381291 -950.945376 -657.880727 -141.859174 -187.268642 -130.483317
-9999.0 -9999.0 -9999.0 -9999.0 -9999.0 -9999.0 -9999.0 -9999.0 -9999.0 -9999.0 -498.514021 -495.776609 -273.109791 -214.031339 -205.690110 -243.449139 -220.287639 1387.796873 -224.163385 -229.833632 -190.414426 1047.304096 -208.598070 1001.127450 -520.536384 763.224638 1257.513942 1160.499253 -688.827611 -546.200668 -579.462155 -667.642930 -625.390256 -671.504437 -891.075308 -220.445950 -276.767616 -409.973899 -945.682527 -675.525165 -685.573342 -598.186640 -572.455633 -712.480149 -620.078005 -203.609949 908.733568 -134.607469 4471.915442 1093.180386 -1341.339049 -1433.659025 -941.467272 -950.499969 -655.584426 -637.434724 -569.774568 1450.548384 1099.890487
-9999.0 -9999.0 -9999.0 -9999.0 -9999.0 -9999.0 -9999.0 -9999.0 -9999.0 -9999.0 -597.871727 -575.840376 -473.843115 -213.810362 1278.808863 983.110770 -199.406740 -172.044161 2771.790264 -211.918368 -217.699505 -136.234007 -165.044720 -232.392845 -207.608650 1096.930109 -177.144437 -110.112118 -616.697738 -597.961927 -636.270550 -316.543870 -941.145996 -655.539430 -653.631087 -646.906938 -297.335826 -357.898641 -614.176383 -647.186666 -438.439434 -944.215059 -623.650548 -639.833406 -634.148971 -1300.074376 -373.817163 -647.032552 5403.259916 912.627092 1014.922888 -572.500520 -533.692393 -939.077539 -937.147523 -942.669845 -660.829256 968.746961 941.096779
-9999.0 -9999.0 -9999.0 -9999.0 -9999.0 -9999.0 -9999.0 -9999.0 -287.723586 -422.944449 -1293.241174 -445.895620 -626.681355 -522.712392 -210.161872 800.374600 893.535267 1070.243266 -197.397140 -193.198701 -185.516361 -213.829014 -218.054607 -131.786993 1243.772885 -111.179691 992.707118 -656.116187 -640.617208 -594.253692 -951.814634 -657.070290 -664.807634 -500.268976 -426.864152 -641.456966 -425.543399 -284.150460 -644.659202 -942.054107 -951.936568 -636.034619 -892.708532 -951.325495 -952.538153 -468.406779 -608.397267 -323.348657 954.848582 1025.543226 1566.099952 -70.455020 -352.655740 -670.429427 -929.940538 -52.398638 -101.796782 1020.955971 1211.074948
-9999.0 -9999.0 -9999.0 -9999.0 -9999.0 -9999.0 -9999.0 -9999.0 -917.430520 -219.186032 -735.257062 -591.577921 -555.684275 -281.106446 -680.618011 -183.690978 1051.432632 842.240336 4244.272246 -175.300166 -217.193546 -195.409083 -224.005311 -47.521744 -198.368573 -159.964294 -166.366529 -166.826482 -879.229821 -399.549219 -483.453706 -955.369938 -367.890690 -945.063781 -244.076299 -579.746115 -271.357731 -265.356427 -711.634540 -681.979011 -626.108381 -886.151900 -951.130375 -836.057345 -261.948495 -615.643872 -893.186240 -681.453296 -587.925219 683.828138 913.678747 480.712494 -509.891430 -155.916458 -233.213641 -1019.813106 -48.067851 1261.822713 1240.403659
-9999.0 -9999.0 -9999.0 -9999.0 -9999.0 -9999.0 -9999.0 -9999.0 -597.343496 -886.028732 1037.152452 -652.906389 -785.966634 -909.840616 -213.032729 -291.471444 -178.353181 1058.500074 -56.215278 -187.794852 -124.153693 -204.069828 -207.861235 -197.321369 -172.648671 -210.652115 925.316521 -444.712883 -953.201289 -756.385683 -954.756386 -245.215214 -607.513145 -1177.070432 -649.159045 1271.372712 -608.960214 945.092538 -663.703424 -683.575606 -343.648536 -940.781901 -247.481107 -490.233239 -636.173427 -634.950811 -946.049672 -265.823608 -612.082583 884.200434 11669.208738 1264.621526 -548.280278 -596.271947 1338.295217 1258.704703 889.663441 1550.386557 1345.908658
-9999.0 -9999.0 -9999.0 -9999.0 -9999.0 -9999.0 -9999.0 -9999.0 -951.745725 -860.930138 -153.218561 -1138.762031 -231.246717 -172.174591 -133.348825 910.181201 2579.306208 79.069523 -222.228060 -46.054524 -170.964660 3688.716855 8169.398294 -176.591746 -197.459982 1256.982077 -193.788171 -287.392495 1089.326218 1178.316128 -398.075409 -555.468938 532.960559 -163.231936 -1517.764078 -360.820531 -301.795826 1510.293950 -639.824499 -649.347276 -596.666731 -641.497087 -308.475086 -942.651530 -387.404882 -951.389394 -128.754143 -879.848494 -113.681558 -763.185782 861.929908 4212.803995 3205.111025 1440.875205 2913.227776 3071.377224 3548.174018 -46.944030 4394.002220
-9999.0 -9999.0 -9999.0 -9999.0 -9999.0 -9999.0 -9999.0 -9999.0 -815.432045 -561.953801 -214.150065 1035.063318 1288.690778 902.596113 1352.589403 -205.772033 -200.998754 -202.516664 1240.356633 -185.531944 -181.654465 5332.362937 6104.640965 -152.185973 1488.672840 1524.074248 -327.851175 -184.572652 732.932710 1123.824883 -181.678627 1239.682207 1547.305179 -44.017919 -877.608700 -744.983438 -215.189564 1421.077580 590.340824 -609.090307 -692.088492 -1275.113108 -168.414417 -583.533687 -671.415063 -193.508633 -662.274533 1471.254757 756.121942 1460.620754 980.253982 -41.607955 2978.425005 2918.382055 3208.703493 3275.830270 3480.363033 3764.770922 3340.707503
-9999.0 -9999.0 -1802.573378 -712.354853 -696.575861 -592.844873 -215.403525 -716.141695 -829.361326 -240.094520 -451.824692 -110.996392 889.342886 1491.247167 1358.152538 -178.184094 822.369427 -718.716158 -443.536839 1062.286628 -173.483563 2199.750620 6688.943393 4641.310098 -199.967456 980.160257 1245.844964 1424.059149 957.292089 1313.009567 906.647145 1246.031826 1479.532408 883.204055 1271.117934 912.187647 1140.327295 1157.098510 1129.476257 1508.906773 1435.734701 1161.824906 764.813717 1023.056794 767.694319 1091.288019 1373.979254 950.146725 891.826067 1519.397950 1915.019393 1516.968336 2304.271094 3617.741551 4184.882797 7009.433926 3394.579777 657.873721 1068.534622
