user2019/resources/simulation/Vinschgau/output-maps/psiL0004N0532.asc
ncols         63
nrows         48
xllcorner     598000.000000
yllcorner     5145000.000000
cellsize      1000.000000
NODATA_value  -9999.0
[rows 0 to 26 of 48, columns 0 to 60 of 63]
-9999.0 -9999.0 -9999.0 -9999.0 -9999.0 -9999.0 -9999.0 -9999.0 -9999.0 -9999.0 -9999.0 -9999.0 -9999.0 -9999.0 -9999.0 -9999.0 -9999.0 -9999.0 -9999.0 -9999.0 -9999.0 -9999.0 -9999.0 -9999.0 -9999.0 -9999.0 -9999.0 -9999.0 -9999.0 -9999.0 -9999.0 -9999.0 -9999.0 -9999.0 -9999.0 -9999.0 -9999.0 -9999.0 -9999.0 -9999.0 -9999.0 -9999.0 -9999.0 -9999.0 -9999.0 -9999.0 -9999.0 -9999.0 -9999.0 -9999.0 -9999.0 -9999.0 -9999.0 -9999.0 -9999.0 -9999.0 -9999.0 -9999.0 -9999.0 -9999.0 -9999.0
-9999.0 -9999.0 -9999.0 -9999.0 -9999.0 -9999.0 -9999.0 -9999.0 -9999.0 -9999.0 -9999.0 -9999.0 -9999.0 -9999.0 -9999.0 -9999.0 -9999.0 -9999.0 -9999.0 -9999.0 -9999.0 -9999.0 -9999.0 -9999.0 -9999.0 -9999.0 -9999.0 -721.385129 48.519087 -1285.873074 55.296683 52.510439 571.376472 -9999.0 -9999.0 -9999.0 -9999.0 -9999.0 -9999.0 -9999.0 -9999.0 -9999.0 -9999.0 -9999.0 -9999.0 -9999.0 -9999.0 -9999.0 -9999.0 -9999.0 -9999.0 -9999.0 -9999.0 -9999.0 -9999.0 -9999.0 -9999.0 -9999.0 -9999.0 -9999.0 -9999.0
-9999.0 -9999.0 -9999.0 -9999.0 -9999.0 -9999.0 -9999.0 -9999.0 -9999.0 -9999.0 -9999.0 -9999.0 -9999.0 -9999.0 -9999.0 -9999.0 -9999.0 -9999.0 -9999.0 -9999.0 -9999.0 -9999.0 -9999.0 -9999.0 47.190997 -124.749179 29.090404 -144.519156 57.815757 68.661599 49.177198 -9999.0 -9999.0 -9999.0 -9999.0 -9999.0 -9999.0 -9999.0 -9999.0 -9999.0 -9999.0 -9999.0 -9999.0 -9999.0 -9999.0 -9999.0 -9999.0 -9999.0 -9999.0 -9999.0 -9999.0 -9999.0 -9999.0 -9999.0 -9999.0 -9999.0 -9999.0 -9999.0 -9999.0 -9999.0 -9999.0
-9999.0 -9999.0 -9999.0 -9999.0 -9999.0 -9999.0 -9999.0 -9999.0 -9999.0 -9999.0 -9999.0 -9999.0 -9999.0 -9999.0 -9999.0 -9999.0 -9999.0 -9999.0 -9999.0 -9999.0 -9999.0 -9999.0 -9999.0 -72.118819 -108.977588 -850.994361 -938.526627 -1116.754158 36.755417 -208.745519 44.844029 50.133391 -9999.0 -9999.0 -9999.0 -9999.0 -9999.0 -9999.0 -9999.0 -9999.0 -9999.0 -9999.0 -9999.0 -9999.0 -9999.0 -9999.0 -9999.0 -9999.0 -9999.0 -9999.0 -9999.0 -9999.0 -9999.0 -9999.0 -9999.0 -9999.0 -9999.0 -9999.0 -9999.0 -9999.0 -9999.0
-9999.0 -9999.0 -9999.0 -9999.0 -9999.0 -9999.0 -9999.0 -9999.0 -9999.0 -9999.0 -9999.0 -9999.0 -9999.0 -9999.0 -9999.0 -9999.0 -9999.0 -9999.0 -85.296882 40.308256 -9999.0 49.018970 46.587527 -557.622919 -825.232563 -1821.102482 -572.976053 -441.416508 -440.076703 -623.266315 -85.857773 49.664129 -396.414968 -246.428966 -9999.0 -9999.0 -9999.0 -9999.0 -9999.0 -9999.0 -9999.0 -9999.0 -9999.0 -9999.0 -9999.0 -9999.0 -9999.0 -9999.0 -9999.0 -9999.0 -9999.0 -9999.0 -9999.0 -9999.0 -9999.0 -9999.0 -9999.0 -9999.0 -9999.0 -9999.0 -9999.0
-9999.0 -9999.0 -9999.0 -9999.0 -9999.0 -9999.0 -9999.0 -9999.0 -9999.0 -9999.0 -9999.0 -9999.0 -9999.0 -9999.0 -9999.0 -9999.0 -9999.0 -1021.605921 -449.057086 -25534.301596 -658.313230 -492.094418 -552.177531 -1269.319558 -636.400607 -603.110466 -441.385997 -363.826363 -445.457374 -402.143287 52.460388 59.279121 -3665.022598 -16948.760692 -10295.219477 -8797.457589 -9999.0 -9999.0 -9999.0 -9999.0 -9999.0 -9999.0 -9999.0 -9999.0 -9999.0 -9999.0 -9999.0 -9999.0 -9999.0 -9999.0 -9999.0 -9999.0 -9999.0 -9999.0 -9999.0 -9999.0 -9999.0 -9999.0 -9999.0 -9999.0 -9999.0
-9999.0 -9999.0 -9999.0 -9999.0 -9999.0 -9999.0 -9999.0 -9999.0 -9999.0 -9999.0 -9999.0 -9999.0 -9999.0 51.333122 -372.625059 -642.162813 -876.543957 -668.003103 -966.472674 -704.027176 -669.233848 -994.864094 -1337.021769 -558.839030 -522.783181 43.054315 -30300.168655 -146.516375 -482.808465 -442.877860 6059.994807 70.858898 70.292222 73.769229 -266.247867 -1058.572726 -9999.0 -9999.0 -9999.0 -9999.0 -9999.0 -9999.0 -9999.0 -9999.0 -9999.0 -9999.0 -9999.0 -9999.0 -9999.0 -9999.0 -9999.0 -9999.0 -9999.0 -9999.0 -9999.0 -9999.0 -9999.0 -9999.0 -9999.0 -9999.0 -9999.0
-9999.0 -9999.0 -9999.0 -9999.0 -9999.0 -9999.0 -9999.0 -9999.0 -9999.0 -9999.0 -9999.0 -9999.0 -9999.0 50.892625 -395.249699 -732.367456 -762.364835 -296.999869 -4760.487325 -1106.509459 -783.910065 -500.260113 -517.126174 -558.207584 -365.277609 -363.534571 42.528931 -736.510562 -432.468122 -365.274660 -161.665562 53.427746 -532.235542 -1104.970121 -433.266559 -9999.0 -9999.0 -9999.0 -9999.0 -9999.0 -9999.0 -9999.0 -9999.0 -9999.0 -9999.0 -9999.0 -9999.0 -9999.0 -9999.0 -9999.0 -9999.0 -9999.0 -9999.0 -9999.0 -9999.0 -9999.0 -9999.0 -9999.0 -9999.0 -9999.0 -9999.0
-9999.0 -9999.0 -9999.0 -9999.0 -9999.0 -9999.0 -9999.0 -9999.0 -9999.0 -9999.0 -9999.0 -9999.0 -9999.0 -462.287668 493.057612 -697.299900 -670.754367 -778.767419 -4784.056425 -788.496007 -196.284205 -18270.744304 -331.684447 -486.421696 -395.353664 -325.881108 -2990.588962 -902.122146 50.345695 -1056.028409 55.043239 -1325.663667 -1376.000889 -951.074557 -886.865898 -9999.0 -9999.0 -9999.0 -9999.0 -9999.0 -9999.0 -9999.0 -9999.0 -9999.0 -9999.0 -9999.0 -9999.0 -9999.0 -9999.0 -9999.0 -9999.0 -9999.0 -9999.0 -9999.0 -9999.0 -9999.0 -9999.0 -9999.0 -9999.0 -9999.0 -9999.0
-9999.0 -9999.0 -9999.0 -9999.0 -9999.0 -9999.0 -9999.0 -9999.0 -9999.0 -9999.0 -9999.0 -9999.0 -513.442922 4122.773102 -372.875014 -351.645823 -335.430543 -589.566628 -390.557482 -24510.355509 -686.578671 -442.944163 39.733160 -384.490323 2143.800124 46.351764 647.461260 50.221703 61.965933 -351.973878 51.100658 -395.685896 64.022296 -685.142085 -9999.0 -9999.0 -9999.0 -9999.0 -9999.0 -9999.0 -9999.0 -9999.0 -9999.0 -9999.0 -9999.0 -9999.0 -9999.0 -9999.0 -9999.0 -9999.0 -9999.0 -9999.0 -9999.0 -9999.0 -9999.0 -9999.0 -9999.0 -9999.0 -9999.0 -9999.0 -9999.0
-9999.0 -9999.0 -9999.0 -9999.0 -9999.0 -9999.0 -9999.0 -9999.0 -9999.0 -9999.0 -9999.0 56.373902 13.712291 158.345345 -336.317433 53.823699 -978740.798399 -399.184457 46.252581 -19742.662875 -283.478975 -326.587095 54.207244 51.437743 37.675611 54.863149 50.527366 52.849579 2053.749194 -355.794112 -409.662173 57.906647 -374.159208 -503.417811 -682.101041 -1206.407821 -1131.514642 -2621.955337 -3492.871066 -9999.0 -9999.0 -9999.0 -4751.170092 -9999.0 -9999.0 -9999.0 -9999.0 -9999.0 -9999.0 -9999.0 -9999.0 -9999.0 -9999.0 -9999.0 -9999.0 -9999.0 -9999.0 -9999.0 -9999.0 -9999.0 -9999.0
-9999.0 -9999.0 -9999.0 -9999.0 -9999.0 -9999.0 -9999.0 -9999.0 -9999.0 -9999.0 -9999.0 53.253128 -287.525278 43.349748 -330.151448 51.733922 -377.480787 -636.993397 -295.518967 32.754961 46.159201 49.571969 54.511892 28.016008 37.824315 55.712651 49.697917 55.633206 -232.081439 -319.959522 50.942519 94.552446 -147.559934 49.550951 -339.557407 -377.971338 -2116.816756 -4991.211714 -5082.789502 -1684.807227 -4543.593228 -1132.395416 -263.071713 -696.357497 -9999.0 -9999.0 -9999.0 51.093407 51.339217 -381.101093 53.763024 -309.268003 -264.762900 51.333569 59.555079 -235.448199 -9999.0 -9999.0 -9999.0 -9999.0 -9999.0
-9999.0 -9999.0 -9999.0 -9999.0 -9999.0 -9999.0 -9999.0 -9999.0 -9999.0 -9999.0 -9999.0 63.004702 50.793399 56.618626 55.285038 52.331439 22.395012 34.232349 34.876127 -328.134550 -214.193283 32.225419 18.363522 53.796454 54.064157 -371.504037 19.608159 2013.872151 -850.443535 53.392393 -751.041673 110.365083 -78.643754 -196.526946 -580.155071 -727.814792 -3719.999118 -5156.431108 -7091.193175 -8767.533010 -3981.411631 -1074.622539 -290.724934 -275.586738 -131.195117 -9999.0 -578.205430 54.535635 52.547165 52.375547 50.882964 -262.600389 52.255207 50.423758 60.359012 57.668584 -9999.0 -9999.0 -9999.0 -9999.0 -9999.0
-9999.0 -9999.0 -9999.0 -9999.0 -9999.0 -9999.0 -9999.0 -9999.0 -9999.0 -9999.0 -9999.0 -9999.0 59.089055 36.784747 50.015211 53.686410 37.244856 -155.531712 61.442405 -204.803622 -183.753710 37.091940 40.356779 26.441116 24.670583 21.284542 1353.059961 52.654987 56.131546 -537.138281 49.627071 59.501520 -185.755915 -205.979887 -300.632110 -683.074841 -3640.162368 -4770.094452 -6455.322069 -5215.148827 -3084.447787 -4001.307103 -338.908019 -268.783239 -1531.443159 49.907874 -664.003813 53.818856 34.542218 18.991361 9.488220 122.363265 576.411707 77.707420 60.049415 64.661371 55.748977 -9999.0 -9999.0 -9999.0 -9999.0
-9999.0 -9999.0 -9999.0 -9999.0 -9999.0 -9999.0 -9999.0 -9999.0 -9999.0 -9999.0 -9999.0 28.694004 53.528238 54.147267 47.024035 33.682860 27.217397 37.197728 52.281339 -382.100913 -40.084660 38.598013 32.848811 27.895524 -91.155511 29.596613 24.354865 52.369130 48.250352 -822.550992 -104.104992 82.236337 46.677069 -132.251232 -236.097238 -435.388324 -2979.926406 -4114.463047 -3585.188548 -4256.850056 -2688.669967 -2258.951612 -359.421579 -19309.933710 -212.825682 43.387511 58.506987 -760.479179 -814.386310 33.451086 -36121.140878 56.861661 62.414639 -333.226466 -377.198531 -831.314793 -217.609761 -9999.0 -9999.0 -9999.0 -9999.0
-9999.0 -9999.0 -9999.0 -9999.0 -9999.0 -9999.0 -9999.0 -9999.0 -9999.0 -9999.0 1361.727538 32.550386 51.019565 51.540347 48.566800 1214.769917 1217.247384 -235.698430 -577.515067 -474.007218 41.817277 42.473525 39.932493 -174.122281 -170.589406 1423.864850 41.200690 -8875.289265 49.360561 46.447306 88.917785 352.634358 47.319411 48.126247 -401.416582 -778.507677 -767.968620 -3092.390914 -2495.177887 -2620.957250 -2558.862806 -14068.778541 -201.927008 -525.137021 -298.156843 -431.378300 50.637489 31.202221 22.024810 11.754036 -15864.714029 -415.823500 -375.795347 -672.591133 -253.001409 67.482223 64.879517 -9999.0 -9999.0 -9999.0 -9999.0
-9999.0 -9999.0 -9999.0 -9999.0 -9999.0 -9999.0 -9999.0 -9999.0 -9999.0 54.721397 59.438320 41.706473 34.760908 21.843825 35.855545 39.844986 23.036692 -90.129532 -364.727274 -623.737954 -50.776812 -501.920747 -193.419048 -421.510262 -315.855620 47.685175 -83.122367 47.003745 29.134350 -198.403712 14.892841 46.936063 -905.449297 -591.917653 -706.326036 -805.563953 44.281425 -573.278658 -1883.075469 -364.997104 -469.300560 -478.165442 -475.126354 -1005.450079 -335.110472 -327.784248 -106.523645 -375.565171 -309.448011 8.150155 60.117823 -366.172594 -976.075316 -205.884945 -226.141398 78.693493 86.280322 -127.764055 -165.852913 -9999.0 -9999.0
-9999.0 -9999.0 -9999.0 -9999.0 -9999.0 -9999.0 -9999.0 -9999.0 -9999.0 103.280834 64.302791 52.612513 2946.347639 -221.033010 -231.529903 -192.141561 46.774000 -246.641031 -368.692536 -726.906432 -649.685425 -653.770116 -376.879417 -201.971315 47.560273 -248.904320 -171.037164 -218.599575 -351.446195 -286.913860 39.167493 47.191794 54.392506 50.197797 51.026472 -598.975582 -709.940180 -627.528587 -296.199035 -71.843450 -270.105438 -284.705471 -694.026526 -387.197380 -565.571086 -613.362847 -461.641974 -675.238639 -453.585019 -280.488629 52.264615 45.332749 -181.104336 70.749439 -83.394268 52.745261 101.187809 65.364653 -147.422206 -9999.0 -9999.0
-9999.0 -9999.0 -9999.0 -9999.0 -9999.0 -9999.0 -9999.0 -9999.0 -9999.0 -9999.0 55.481620 54.655090 32.713958 1592.456997 -225.469828 -254.226694 -204.079781 -253.404449 -403.896252 -678.664209 -482.642965 -302.636323 -232.389066 45.485046 -269.771822 -248.563902 -262.069345 -316.449866 40.987948 42.062853 50.389883 2770.635441 45.645249 53.964114 52.419859 55.177837 -310.610371 -180.752845 -366.331277 50.713649 42.939814 -200.018118 2979.604120 -227.708342 37.677149 -259.273265 -168.475601 -373.138687 -452.042751 26.256980 57.393743 66.936909 -239.709985 -198.052874 66.638879 71.165778 77.845862 11333.961992 92.127937 -67.995323 -9999.0
-9999.0 -9999.0 -9999.0 -9999.0 -9999.0 -9999.0 -9999.0 -9999.0 -9999.0 -9999.0 56.726128 54.993488 49.575500 39.232359 -262.905984 -306.683611 -274.271865 -498.556974 -783.662923 -733.727075 -764.598832 -522.848098 -351.161665 -363.982270 -309.676679 -327.896321 -323.419903 42.127648 47.224894 41.322802 54.779713 66.674587 -21641.085875 52.896758 50.996722 56.595131 2398.044799 -92.155113 32.354965 52.121976 53.128291 -101.178485 45.105799 51.250188 51.511321 48.633976 19.625436 38.813878 43.503617 27.692869 54.475100 55.720203 50.216889 -202.303080 -138.684216 -156.391096 54.953043 40.647161 169.421518 94.435008 -9999.0
-9999.0 -9999.0 -9999.0 -9999.0 -9999.0 -9999.0 -9999.0 -9999.0 50.405416 49.377937 48.924234 54.157422 158.415024 49.977015 49.395771 -360.943259 -573.872404 -695.164700 -887.600934 -778.254363 -932.548209 -844.676432 -691.581636 -647.275819 -565.472917 -329.599399 35.602654 46.488679 44.984255 60.948021 -823.414200 59.152250 55.903253 54.226897 60.973571 46.058373 45.471544 20.843842 46.100940 -467.849052 -2490.588932 64.127250 -13996.621256 -1027.796364 -1265.923047 1421.000205 50.912469 28.811639 40.464112 -139.418337 48.092295 77.651192 45.546298 59.510491 -253.410026 62.992030 -181.254359 50.078445 29.336388 104.911205 -9999.0
-9999.0 -9999.0 -9999.0 -9999.0 -9999.0 -9999.0 -9999.0 -9999.0 532.466096 34.806822 45.078157 52.313842 49.472559 1199.396890 35.805629 -207.994532 -308.005542 -500.096452 -872.081435 -878.097675 -723.327929 -931.645483 -660.587783 -712.240334 -883.522128 -382.349237 31.765571 35.319922 -5146.931253 55.052354 54.722570 -3073.624796 67.448572 -3076.933772 61.536598 51.997372 60.917026 33.012310 38.374386 55.006575 58.332690 -4.401726 -876.310616 55.688596 1736.487028 41.728818 -591.672538 58.105626 38.344451 31.112433 22.563456 46.798748 72.841748 59.005937 55.218157 -10275.138728 39.132754 36.693743 30.733191 46.750241 -649.604155
-9999.0 -9999.0 -9999.0 -9999.0 -9999.0 -9999.0 -9999.0 -9999.0 51.498914 2100.373648 44.330600 40.970062 141.261678 -611.618498 18.952679 37.821612 -387.653193 -770.780535 -1080.430874 -683.639201 -934.660765 -992.575085 -953.191212 -970.168678 -651.350454 -337.569661 -95.044119 44.053502 -5650.806828 53.769004 -3156.675612 59.594800 36.039306 57.531692 58.875456 76.019334 53.122256 36.597375 54.372526 48.340716 64.302374 -2670.142556 61.931587 1751.291231 44.532715 62.599875 -637.692410 55.789392 31.410342 39.805976 -134.635465 57.271719 70.108624 48.970208 49.862858 48.951651 37.033300 30.038216 51.685920 81.342599 -408.970337
-9999.0 -9999.0 -9999.0 -9999.0 -9999.0 -9999.0 -9999.0 -9999.0 -1219.052522 50.915494 44.276495 -7749.278350 61.526400 28.240704 48.768056 -242.091392 -334.582748 -957.437466 -587.447368 -1000.139083 -899.823969 -897.146943 -943.072279 -856.684776 -693.952592 -330.474728 -89.813999 47.673606 44.747885 34.489439 36.588950 43.247797 48.474614 43.023501 60.356018 46.408725 45.010908 -187.452008 52.251628 46.721382 53.079472 58.393289 59.091365 -379.632924 53.743391 -507.546881 57.753419 -395.093223 45.711500 32.026191 30.541312 23.689414 55.881651 25.795494 43.403332 46.840035 55.686276 172.438608 -61.439037 -336.159571 -212.819627
-9999.0 -9999.0 -9999.0 -9999.0 -9999.0 -9999.0 -9999.0 -9999.0 45.021665 48.126970 2848.498788 44.693421 53.804262 40.694937 -206.992705 -213.081377 -332.648960 -340.676177 -325.516669 -448.670114 -916.017032 -885.041193 -835.787987 -772.895733 -739.205372 -454.176985 -269.630798 -256.490734 -262.500216 29.110962 44.079162 23.787618 42.635693 33.156415 38.478246 37.550173 35.092089 -145.984876 55.967419 33.842600 38.097948 49.631167 43.267780 50.736616 43.101527 52.252162 35.961493 44.891740 28.054264 30.686037 34.640742 -416.150948 33.494073 33.935268 220.996034 203.371632 26.352473 42.989964 37.135706 27.732404 -230.467638
-9999.0 -9999.0 49.962180 50.562284 719.582875 31.505644 86.191116 51.139959 51.682966 51.784381 28.093557 59.010848 56.161756 34.529184 -317.780797 -312.431957 38.232362 36.543609 -212.518961 -294.117367 -580.909814 -776.502878 -566.644034 -1011.905227 -735.192617 -738.845922 -510.986779 -405.169436 -157.582998 35.653807 -276.288531 -166.599899 95.199185 32.597723 20.686100 32.559162 20.119038 -139.533329 54.038539 48.702889 37.842198 35.622728 50.142928 32.485835 42.989067 30.281288 14.798906 19.333587 27.072015 -140.125513 -427.559034 -493.490659 26.574938 27.193630 27.308147 48.074743 62.692106 34.096286 35.814003 -79.639100 32.106705
-9999.0 -187.009129 24.906514 22.427928 -233.204157 63.463500 85.052805 49.071862 41.048791 54.466955 28.141145 40.445795 35.279261 55.631750 -81.541478 43.749009 26.622368 -135.727059 -274.840077 -300.404504 -768.811480 -181.625259 59.374865 -803.227391 -998.213939 -979.944550 -873.471087 -864.867249 -137.914689 -265.633913 -831.427001 -444.547467 44.700838 55.645213 -221.706031 -437.399360 -296.839367 -276.482964 29.283157 16.215253 -151.917547 21.620656 35.070348 -234.476462 -353.634369 -346.597869 -261.679839 -282.339575 44.934761 -524.712821 -335.144269 23.486606 59.182450 62.522371 63.602912 43.321433 40.982441 35.705214 30.147658 36.310063 34.175325
