user2019/resources/simulation/Vinschgau/output-maps/psiL0003N0107.asc
ncols         63
nrows         48
xllcorner     598000.000000
yllcorner     5145000.000000
cellsize      1000.000000
NODATA_value  -9999.0
[rows 0 to 25 of 48, columns 0 to 58 of 63]
-9999.0 -9999.0 -9999.0 -9999.0 -9999.0 -9999.0 -9999.0 -9999.0 -9999.0 -9999.0 -9999.0 -9999.0 -9999.0 -9999.0 -9999.0 -9999.0 -9999.0 -9999.0 -9999.0 -9999.0 -9999.0 -9999.0 -9999.0 -9999.0 -9999.0 -9999.0 -9999.0 -9999.0 -9999.0 -9999.0 -9999.0 -9999.0 -9999.0 -9999.0 -9999.0 -9999.0 -9999.0 -9999.0 -9999.0 -9999.0 -9999.0 -9999.0 -9999.0 -9999.0 -9999.0 -9999.0 -9999.0 -9999.0 -9999.0 -9999.0 -9999.0 -9999.0 -9999.0 -9999.0 -9999.0 -9999.0 -9999.0 -9999.0 -9999.0
-9999.0 -9999.0 -9999.0 -9999.0 -9999.0 -9999.0 -9999.0 -9999.0 -9999.0 -9999.0 -9999.0 -9999.0 -9999.0 -9999.0 -9999.0 -9999.0 -9999.0 -9999.0 -9999.0 -9999.0 -9999.0 -9999.0 -9999.0 -9999.0 -9999.0 -9999.0 -9999.0 -761.637997 -910.471218 -836.385851 -766.335446 -763.677813 -730.809468 -9999.0 -9999.0 -9999.0 -9999.0 -9999.0 -9999.0 -9999.0 -9999.0 -9999.0 -9999.0 -9999.0 -9999.0 -9999.0 -9999.0 -9999.0 -9999.0 -9999.0 -9999.0 -9999.0 -9999.0 -9999.0 -9999.0 -9999.0 -9999.0 -9999.0 -9999.0
-9999.0 -9999.0 -9999.0 -9999.0 -9999.0 -9999.0 -9999.0 -9999.0 -9999.0 -9999.0 -9999.0 -9999.0 -9999.0 -9999.0 -9999.0 -9999.0 -9999.0 -9999.0 -9999.0 -9999.0 -9999.0 -9999.0 -9999.0 -9999.0 -911.977821 -789.397698 -807.221418 -497.238122 -711.398934 -634.589249 -590.006902 -9999.0 -9999.0 -9999.0 -9999.0 -9999.0 -9999.0 -9999.0 -9999.0 -9999.0 -9999.0 -9999.0 -9999.0 -9999.0 -9999.0 -9999.0 -9999.0 -9999.0 -9999.0 -9999.0 -9999.0 -9999.0 -9999.0 -9999.0 -9999.0 -9999.0 -9999.0 -9999.0 -9999.0
-9999.0 -9999.0 -9999.0 -9999.0 -9999.0 -9999.0 -9999.0 -9999.0 -9999.0 -9999.0 -9999.0 -9999.0 -9999.0 -9999.0 -9999.0 -9999.0 -9999.0 -9999.0 -9999.0 -9999.0 -9999.0 -9999.0 -9999.0 -684.025742 -324.776718 1669.137069 1565.290187 1845.349572 1065.644192 -465.017329 -918.831361 -1219.334721 -9999.0 -9999.0 -9999.0 -9999.0 -9999.0 -9999.0 -9999.0 -9999.0 -9999.0 -9999.0 -9999.0 -9999.0 -9999.0 -9999.0 -9999.0 -9999.0 -9999.0 -9999.0 -9999.0 -9999.0 -9999.0 -9999.0 -9999.0 -9999.0 -9999.0 -9999.0 -9999.0
-9999.0 -9999.0 -9999.0 -9999.0 -9999.0 -9999.0 -9999.0 -9999.0 -9999.0 -9999.0 -9999.0 -9999.0 -9999.0 -9999.0 -9999.0 -9999.0 -9999.0 -9999.0 1764.445498 -117.446092 -9999.0 -540.660145 -602.569091 1342.856560 1986.919947 2140.492901 -158.445587 -180.480064 1586.129109 -35.205024 -406.865066 -991.921197 -894.946594 -925.035813 -9999.0 -9999.0 -9999.0 -9999.0 -9999.0 -9999.0 -9999.0 -9999.0 -9999.0 -9999.0 -9999.0 -9999.0 -9999.0 -9999.0 -9999.0 -9999.0 -9999.0 -9999.0 -9999.0 -9999.0 -9999.0 -9999.0 -9999.0 -9999.0 -9999.0
-9999.0 -9999.0 -9999.0 -9999.0 -9999.0 -9999.0 -9999.0 -9999.0 -9999.0 -9999.0 -9999.0 -9999.0 -9999.0 -9999.0 -9999.0 -9999.0 -9999.0 807.563709 -74.095446 -214.952974 -868.386937 -221.833299 -169.528567 950.969667 1272.638068 -241.095104 -377.988774 -467.383595 -551.743495 -199.622696 -240.321360 -403.467202 -881.373106 -903.997931 -961.554744 -978.512000 -9999.0 -9999.0 -9999.0 -9999.0 -9999.0 -9999.0 -9999.0 -9999.0 -9999.0 -9999.0 -9999.0 -9999.0 -9999.0 -9999.0 -9999.0 -9999.0 -9999.0 -9999.0 -9999.0 -9999.0 -9999.0 -9999.0 -9999.0
-9999.0 -9999.0 -9999.0 -9999.0 -9999.0 -9999.0 -9999.0 -9999.0 -9999.0 -9999.0 -9999.0 -9999.0 -9999.0 -837.702252 1326.973892 -150.164040 -198.697292 -80.178669 1114.415261 1816.236539 1626.144052 1841.876881 1170.903551 1502.570761 -31.589610 -471.390141 -1024.626006 -624.531669 -656.073413 -758.230497 -367.959096 -488.734796 -599.804631 -748.793680 -981.557193 -979.810909 -9999.0 -9999.0 -9999.0 -9999.0 -9999.0 -9999.0 -9999.0 -9999.0 -9999.0 -9999.0 -9999.0 -9999.0 -9999.0 -9999.0 -9999.0 -9999.0 -9999.0 -9999.0 -9999.0 -9999.0 -9999.0 -9999.0 -9999.0
-9999.0 -9999.0 -9999.0 -9999.0 -9999.0 -9999.0 -9999.0 -9999.0 -9999.0 -9999.0 -9999.0 -9999.0 -9999.0 969.657952 2123.407255 -181.464782 -183.254588 1137.071571 -79.957311 1264.575687 1287.996491 -43.266561 1788.474718 -216.885028 -197.966731 -648.544459 -1220.316324 -981.347877 -978.908288 -601.181145 -475.814436 -651.381815 -981.308735 -981.447402 -981.785968 -9999.0 -9999.0 -9999.0 -9999.0 -9999.0 -9999.0 -9999.0 -9999.0 -9999.0 -9999.0 -9999.0 -9999.0 -9999.0 -9999.0 -9999.0 -9999.0 -9999.0 -9999.0 -9999.0 -9999.0 -9999.0 -9999.0 -9999.0 -9999.0
-9999.0 -9999.0 -9999.0 -9999.0 -9999.0 -9999.0 -9999.0 -9999.0 -9999.0 -9999.0 -9999.0 -9999.0 -9999.0 1507.437342 1742.265936 1528.160522 -195.676625 -183.253838 -78.507279 838.756436 995.121229 -1806.721777 -209.155403 -425.606355 -939.402102 -155.905818 -818.036204 -979.827774 -1011.818330 -980.012442 -641.288459 -980.301112 -979.465072 -977.382915 -978.944425 -9999.0 -9999.0 -9999.0 -9999.0 -9999.0 -9999.0 -9999.0 -9999.0 -9999.0 -9999.0 -9999.0 -9999.0 -9999.0 -9999.0 -9999.0 -9999.0 -9999.0 -9999.0 -9999.0 -9999.0 -9999.0 -9999.0 -9999.0 -9999.0
-9999.0 -9999.0 -9999.0 -9999.0 -9999.0 -9999.0 -9999.0 -9999.0 -9999.0 -9999.0 -9999.0 -9999.0 1486.738262 2008.472018 1995.462272 -422.374195 -190.724327 -182.904494 1203.820211 -141.310171 508.634818 -589.158227 -786.501569 -650.299925 -496.397542 -695.792395 -643.134204 -1321.652856 -569.958980 -980.712088 -658.966027 -906.969191 -1001.416152 -978.902248 -9999.0 -9999.0 -9999.0 -9999.0 -9999.0 -9999.0 -9999.0 -9999.0 -9999.0 -9999.0 -9999.0 -9999.0 -9999.0 -9999.0 -9999.0 -9999.0 -9999.0 -9999.0 -9999.0 -9999.0 -9999.0 -9999.0 -9999.0 -9999.0 -9999.0
-9999.0 -9999.0 -9999.0 -9999.0 -9999.0 -9999.0 -9999.0 -9999.0 -9999.0 -9999.0 -9999.0 -667.376959 -238.844276 1336.811477 -441.995742 -919.079274 -1219.942709 -204.684470 1010.281045 -128.150850 2351.521276 1263.214027 -1335.231280 -672.573727 -643.797672 -374.510764 -702.578851 -1075.478327 -1024.228312 -979.509413 -926.116125 -453.937566 -974.901284 -981.927030 -1034.531712 -1159.143163 -558.401741 -133.733954 -283.088549 -9999.0 -9999.0 -9999.0 -982.391247 -9999.0 -9999.0 -9999.0 -9999.0 -9999.0 -9999.0 -9999.0 -9999.0 -9999.0 -9999.0 -9999.0 -9999.0 -9999.0 -9999.0 -9999.0 -9999.0
-9999.0 -9999.0 -9999.0 -9999.0 -9999.0 -9999.0 -9999.0 -9999.0 -9999.0 -9999.0 -9999.0 -1121.024228 -511.108919 1553.556962 994.411160 -542.571335 1174.142282 -129.292398 997.539956 927.903811 1501.244326 2055.587543 -1231.284498 -637.472772 -624.013947 -650.185316 -887.414373 -801.925719 -900.297729 -981.108046 -469.826234 -675.738482 -966.611753 -1415.925806 -1270.039719 -1043.549040 -239.227183 -428.657057 -360.834311 -1394.734485 -1415.554803 -1056.800009 -468.551793 -982.407063 -9999.0 -9999.0 -9999.0 -651.891866 -511.898356 -845.311425 -207.935056 -759.507214 -779.901758 154.381305 -281.665498 -861.292835 -9999.0 -9999.0 -9999.0
-9999.0 -9999.0 -9999.0 -9999.0 -9999.0 -9999.0 -9999.0 -9999.0 -9999.0 -9999.0 -9999.0 -793.732650 -716.988088 -183.997638 -837.327008 -931.885625 611.709796 -89.057694 1265.928361 920.065651 2001.737657 246.873186 -256.728993 -279.982216 -636.415026 -866.809857 -337.690710 -598.441766 -981.795512 -395.715799 -983.207983 -464.696024 -417.379873 -1394.027229 -1029.991518 -113.473423 -423.436655 -1028.967892 -500.879950 -843.828654 -255.724583 -248.810761 -205.503015 -940.813507 -1312.743358 -9999.0 -976.750097 -830.834960 -280.829128 1770.089770 1426.748004 -190.618915 396.139916 62.889622 74.128481 200.507707 -9999.0 -9999.0 -9999.0
-9999.0 -9999.0 -9999.0 -9999.0 -9999.0 -9999.0 -9999.0 -9999.0 -9999.0 -9999.0 -9999.0 -9999.0 -687.397924 -647.735823 1210.185293 -165.936033 -214.633274 -191.023895 1031.074387 907.964584 2134.123827 1414.738371 1504.715537 -207.755261 -483.129558 -329.827409 1742.601948 -705.012795 -669.194393 -917.471981 -732.615190 -244.541593 -1150.139546 -1321.876444 -803.205029 -1321.393722 -595.993164 -628.186872 -1771.872572 -544.440898 -196.052016 -1281.910480 -178.221438 -141.300451 -875.365880 -1042.843944 -890.116019 -899.727934 -255.306826 -236.887731 -238.730505 -184.575020 600.142252 -82.540959 -666.400542 -587.922657 -440.757436 -9999.0 -9999.0
-9999.0 -9999.0 -9999.0 -9999.0 -9999.0 -9999.0 -9999.0 -9999.0 -9999.0 -9999.0 -9999.0 -282.746671 -763.509399 -463.837679 973.342564 1014.992578 -143.865581 -183.199418 1736.132560 616.145855 -207.706793 2002.051053 1039.742857 -303.447242 -250.044864 1343.137912 -516.311547 -642.537573 -555.751248 -831.932649 -269.242396 -285.223559 940.791314 -1449.486729 -851.517650 -1385.309454 -787.619083 -772.904357 -240.514682 -321.323868 -196.463852 -63.855965 -86.075584 -1413.286408 1440.865728 -1248.397991 -432.383368 -316.068125 -256.338061 484.366072 -782.958796 -615.227545 -774.682539 -803.659706 -979.294342 -961.119888 -685.854609 -9999.0 -9999.0
-9999.0 -9999.0 -9999.0 -9999.0 -9999.0 -9999.0 -9999.0 -9999.0 -9999.0 -9999.0 -772.717572 697.633750 -195.451563 -571.684205 1601.773444 902.388027 -252.177457 -91.695158 -193.686794 -189.757340 1334.281036 897.748626 1090.886059 1722.794763 1259.296555 -243.043532 -607.590672 -799.723160 1487.495000 2162.499925 -135.068898 -556.928203 -1048.215002 -779.224678 -981.364876 -973.064536 -237.974003 14889.662659 -779.852632 -170.813254 -158.612332 -92.266363 -110.586990 -148.918110 1023.399765 -815.827026 -474.279883 -258.231014 438.961544 -24.284388 -837.223694 -969.804884 -978.427268 -963.270058 -963.833369 -428.261071 38.982546 -9999.0 -9999.0
-9999.0 -9999.0 -9999.0 -9999.0 -9999.0 -9999.0 -9999.0 -9999.0 -9999.0 -674.040919 -1177.769280 -466.727821 1143.916217 -220.542992 1047.352202 -390.621732 -597.821735 1466.862027 841.615756 881.574335 1142.359248 1232.112859 1304.365388 1631.471375 -203.686248 -664.140366 -302.865867 2083.797448 1385.016232 1621.541922 818.002639 -644.237558 -982.793461 -980.708491 -981.190122 -984.608244 -630.985894 -593.585660 -729.989088 -531.411262 -158.412024 -592.349369 -611.918866 9485.170976 -49.840949 -37.603878 1825.417115 -331.489076 -259.019814 1923.788762 -199.824614 -709.482017 -971.889934 -971.900607 -798.025908 -450.214729 272.307650 -62.810272 -423.591266
-9999.0 -9999.0 -9999.0 -9999.0 -9999.0 -9999.0 -9999.0 -9999.0 -9999.0 -1221.476741 -743.298957 -1031.674223 2145.508616 1168.472267 879.320796 -190.177377 364.167893 479.475391 1246.449117 -72.923882 1129.841577 1297.288087 -56.641026 1487.899833 -570.592961 -221.749806 707.731732 1051.388164 1700.427331 -192.124021 -440.320694 -540.030498 -642.472662 -1292.366761 -841.462622 -930.822283 -965.429406 -1026.095599 -778.072759 -626.839113 -636.886390 -731.626531 -179.090402 502.135414 31080.510656 1351.864734 1695.010355 1206.887232 1926.443175 1288.423488 -607.477063 -282.354751 -968.395305 -737.264940 -958.100382 -593.131436 502.973484 640.880319 -73.640012
-9999.0 -9999.0 -9999.0 -9999.0 -9999.0 -9999.0 -9999.0 -9999.0 -9999.0 -9999.0 -1106.805524 -957.299608 -239.993956 -90.447641 1186.321133 1090.838109 1143.275334 1518.770587 620.195758 -211.819130 -184.850350 1319.348231 1282.683153 1340.910197 -230.423129 984.167119 1827.569684 1237.322191 -233.959883 -725.096520 -681.238082 -473.161735 -735.127485 -648.118741 -855.319982 976.631939 -168.465823 -200.922128 -883.118074 -718.175551 -732.365719 -779.543385 -538.571475 -509.071127 -625.266817 -197.678207 1013.333682 1616.929009 6838.942810 1151.628630 -156.412271 -393.315503 -658.056693 -963.340975 -710.854466 -671.391205 -298.215987 2131.612865 1511.892569
-9999.0 -9999.0 -9999.0 -9999.0 -9999.0 -9999.0 -9999.0 -9999.0 -9999.0 -9999.0 -1081.785651 -1078.850059 -1203.951598 1114.056114 1703.202134 1444.481251 -220.260792 885.058537 28.352195 5434.645739 -126.047293 1417.861759 1242.521044 959.257242 961.503215 1502.679163 1228.597371 -223.404170 -537.781585 -780.335367 -704.243435 -1346.120159 -849.322595 -654.464005 -665.166488 -657.543220 -236.486984 -266.738494 -341.162065 -719.115867 -1255.442175 -826.432284 -589.240624 -716.178763 -710.633197 -320.282510 -548.536034 -365.317499 639.620685 1230.098981 993.355291 -276.490171 841.577014 -631.626528 -849.940640 -664.623845 -656.030321 1300.388602 816.528675
-9999.0 -9999.0 -9999.0 -9999.0 -9999.0 -9999.0 -9999.0 -9999.0 -130.916063 1172.284315 -877.693383 -1199.138898 -597.930876 -627.776406 1092.030279 1008.068221 1266.093381 1234.069642 -134.995678 -153.604699 685.033908 -121.967717 1301.693692 1359.774426 1270.004293 24449.224454 1034.862744 -441.747306 -556.274461 -748.706464 -980.755284 -738.058485 -772.622722 -642.802262 -1278.324162 -652.884406 -624.495262 -282.462441 -574.924442 -835.295386 -980.836859 -729.506466 -759.332562 -974.590365 -411.567101 851.582940 -605.502411 967.428030 1050.569950 1307.537957 1830.577217 1186.338463 1158.669736 -468.287377 -395.992283 83.603440 -58.166340 1698.752803 1784.069554
-9999.0 -9999.0 -9999.0 -9999.0 -9999.0 -9999.0 -9999.0 -9999.0 -790.697199 -157.504882 -261.492509 -762.753548 -1121.099114 -78.203305 743.848690 -150.668795 1699.463384 -137.764907 33.978707 -80.940971 -109.224366 -163.300888 -147.217429 1369.155428 28334.819655 35283.298254 2520.230711 -237.468744 -731.839045 -1189.964014 -1223.095540 -812.754708 -1245.961480 -858.777324 -594.878913 -378.474836 -271.170957 -143.909336 -215.212245 -403.514757 -687.473286 -1737.573864 -970.323994 -207.154750 -185.615478 -563.142559 -785.343477 -679.365304 -621.167938 1565.066620 1146.968083 629.916678 575.409207 -156.333571 995.654255 -114.292092 779.116709 1172.162521 2349.882052
-9999.0 -9999.0 -9999.0 -9999.0 -9999.0 -9999.0 -9999.0 -9999.0 -631.413553 -482.466969 1570.406387 -299.522100 -202.883745 -771.899706 1439.834207 1106.354159 2150.500620 1824.556226 25.621917 1195.420208 674.280017 -180.684841 -173.196244 10980.399463 4985.599796 1039.136035 -78.409665 -282.150099 -832.190321 -726.546252 -799.773392 -271.783971 -153.251391 -196.004463 -251.613666 1548.508226 -435.263877 758.942725 -485.436734 -347.798545 -1005.886187 -720.903005 -300.021652 -551.856778 -598.349127 -655.021114 -642.796559 1522.765012 -705.699079 1100.533494 4531.731107 1697.858947 -101.168703 -135.747205 1851.107374 1634.008428 1226.426522 2435.190389 1820.846666
-9999.0 -9999.0 -9999.0 -9999.0 -9999.0 -9999.0 -9999.0 -9999.0 -980.885006 -215.971385 1544.051682 -1003.277091 1482.786736 1542.993158 2018.365482 1456.980132 1036.859605 17.704931 -200.452816 11.444935 1441.063125 6150.972557 4703.675264 -147.921128 -167.628333 1565.689736 1257.457865 -251.007516 1756.218489 1453.208779 -339.906867 -160.331478 1263.089746 740.286631 -371.985455 -187.046681 -172.081005 2111.319139 -506.272081 -306.307276 -345.263571 -180.880169 1476.377991 -224.687503 1498.188564 -465.740567 1604.738905 -176.390907 1829.448929 790.318001 645.296553 2705.160948 1275.175375 2075.030720 1107.543410 1104.182463 1235.171798 203.421273 27.730069
-9999.0 -9999.0 -9999.0 -9999.0 -9999.0 -9999.0 -9999.0 -9999.0 -743.474562 -213.104823 1556.105186 1843.556218 2177.819876 1014.002793 2148.509244 953.257089 923.299182 1218.709664 2118.483088 1618.561302 805.287088 6442.961518 11921.604189 3421.765777 1616.257792 1624.502401 -209.597550 1138.533022 1422.557316 1453.643589 -70.652821 1572.044393 1292.070708 872.383335 -131.597741 -206.045637 -27.702849 1787.237395 -131.100850 -342.166549 -107.304798 -147.012914 766.249665 -189.145469 -144.278294 1223.603540 -167.304971 1607.112046 939.449610 1916.317933 1251.837034 2960.447087 13099.091795 7908.641842 4552.924611 4702.442560 3441.147035 3119.580415 2278.715417
-9999.0 -9999.0 -483.660936 -309.946615 -321.121189 -153.811781 -184.495317 -248.733534 -256.930823 -870.732599 -569.679902 873.098008 996.197422 1511.216010 1688.775916 1359.503247 207.389643 -467.927248 -795.119963 2389.824662 1621.836472 24.023093 12371.232502 737.252199 -147.541597 2057.905079 1681.491537 1277.646963 1039.016765 1776.536355 1060.360660 1646.446228 1642.437034 1079.679136 1879.503030 1047.432421 1634.476409 1846.590192 1170.468795 1404.768656 1251.316127 1148.124384 743.117874 1164.782497 999.551206 1568.137999 1807.266984 1089.908825 1464.178536 1244.769031 1473.052944 1293.608349 5016.915463 5691.997590 5577.180070 1362.891287 3611.294152 2924.319026 1467.073795
