user2019/resources/simulation/Vinschgau/output-maps/psiL0006N0328.asc
ncols         63
nrows         48
xllcorner     598000.000000
yllcorner     5145000.000000
cellsize      1000.000000
NODATA_value  -9999.0
[rows 0 to 25 of 48, columns 0 to 57 of 63]
-9999.0 -9999.0 -9999.0 -9999.0 -9999.0 -9999.0 -9999.0 -9999.0 -9999.0 -9999.0 -9999.0 -9999.0 -9999.0 -9999.0 -9999.0 -9999.0 -9999.0 -9999.0 -9999.0 -9999.0 -9999.0 -9999.0 -9999.0 -9999.0 -9999.0 -9999.0 -9999.0 -9999.0 -9999.0 -9999.0 -9999.0 -9999.0 -9999.0 -9999.0 -9999.0 -9999.0 -9999.0 -9999.0 -9999.0 -9999.0 -9999.0 -9999.0 -9999.0 -9999.0 -9999.0 -9999.0 -9999.0 -9999.0 -9999.0 -9999.0 -9999.0 -9999.0 -9999.0 -9999.0 -9999.0 -9999.0 -9999.0 -9999.0
-9999.0 -9999.0 -9999.0 -9999.0 -9999.0 -9999.0 -9999.0 -9999.0 -9999.0 -9999.0 -9999.0 -9999.0 -9999.0 -9999.0 -9999.0 -9999.0 -9999.0 -9999.0 -9999.0 -9999.0 -9999.0 -9999.0 -9999.0 -9999.0 -9999.0 -9999.0 -9999.0 -798.453964 -799.507776 -799.701176 -799.142671 -798.880464 -798.885065 -9999.0 -9999.0 -9999.0 -9999.0 -9999.0 -9999.0 -9999.0 -9999.0 -9999.0 -9999.0 -9999.0 -9999.0 -9999.0 -9999.0 -9999.0 -9999.0 -9999.0 -9999.0 -9999.0 -9999.0 -9999.0 -9999.0 -9999.0 -9999.0 -9999.0
-9999.0 -9999.0 -9999.0 -9999.0 -9999.0 -9999.0 -9999.0 -9999.0 -9999.0 -9999.0 -9999.0 -9999.0 -9999.0 -9999.0 -9999.0 -9999.0 -9999.0 -9999.0 -9999.0 -9999.0 -9999.0 -9999.0 -9999.0 -9999.0 -1549.422721 -1516.660244 -1511.984040 -1521.274984 -1499.742185 -799.388192 -799.271778 -9999.0 -9999.0 -9999.0 -9999.0 -9999.0 -9999.0 -9999.0 -9999.0 -9999.0 -9999.0 -9999.0 -9999.0 -9999.0 -9999.0 -9999.0 -9999.0 -9999.0 -9999.0 -9999.0 -9999.0 -9999.0 -9999.0 -9999.0 -9999.0 -9999.0 -9999.0 -9999.0
-9999.0 -9999.0 -9999.0 -9999.0 -9999.0 -9999.0 -9999.0 -9999.0 -9999.0 -9999.0 -9999.0 -9999.0 -9999.0 -9999.0 -9999.0 -9999.0 -9999.0 -9999.0 -9999.0 -9999.0 -9999.0 -9999.0 -9999.0 -1548.358128 -1444.904407 -238.325220 -496.848679 -229.882148 -634.603915 -799.040001 -799.553350 -798.631256 -9999.0 -9999.0 -9999.0 -9999.0 -9999.0 -9999.0 -9999.0 -9999.0 -9999.0 -9999.0 -9999.0 -9999.0 -9999.0 -9999.0 -9999.0 -9999.0 -9999.0 -9999.0 -9999.0 -9999.0 -9999.0 -9999.0 -9999.0 -9999.0 -9999.0 -9999.0
-9999.0 -9999.0 -9999.0 -9999.0 -9999.0 -9999.0 -9999.0 -9999.0 -9999.0 -9999.0 -9999.0 -9999.0 -9999.0 -9999.0 -9999.0 -9999.0 -9999.0 -9999.0 -210.326239 -1139.493035 -9999.0 -1555.227631 -1540.182271 -194.071259 -270.428125 -432.884667 -346.470003 -377.537306 -143.968347 -1075.654376 -799.123372 -799.561297 -799.068946 -798.653198 -9999.0 -9999.0 -9999.0 -9999.0 -9999.0 -9999.0 -9999.0 -9999.0 -9999.0 -9999.0 -9999.0 -9999.0 -9999.0 -9999.0 -9999.0 -9999.0 -9999.0 -9999.0 -9999.0 -9999.0 -9999.0 -9999.0 -9999.0 -9999.0
-9999.0 -9999.0 -9999.0 -9999.0 -9999.0 -9999.0 -9999.0 -9999.0 -9999.0 -9999.0 -9999.0 -9999.0 -9999.0 -9999.0 -9999.0 -9999.0 -9999.0 -222.798138 -435.275163 -28627.516305 -800.173698 -440.463154 -1175.642512 -616.856012 133.540961 -1533.989556 -1690.639808 -1574.986898 -1721.093326 -358.308049 -1386.172786 -799.118218 -800.073129 -799.909128 -798.730992 -798.570283 -9999.0 -9999.0 -9999.0 -9999.0 -9999.0 -9999.0 -9999.0 -9999.0 -9999.0 -9999.0 -9999.0 -9999.0 -9999.0 -9999.0 -9999.0 -9999.0 -9999.0 -9999.0 -9999.0 -9999.0 -9999.0 -9999.0
-9999.0 -9999.0 -9999.0 -9999.0 -9999.0 -9999.0 -9999.0 -9999.0 -9999.0 -9999.0 -9999.0 -9999.0 -9999.0 -799.300804 -1306.415799 -238.404053 -261.930930 -799.481980 -229.754543 -273.227750 -396.782674 -325.266473 -323.326533 151.481900 -1574.417238 -1367.906611 -910.808909 -1045.437491 -1022.405872 -1590.678985 -1561.306295 -1508.774847 -799.146720 -798.851728 -798.592524 -798.640730 -9999.0 -9999.0 -9999.0 -9999.0 -9999.0 -9999.0 -9999.0 -9999.0 -9999.0 -9999.0 -9999.0 -9999.0 -9999.0 -9999.0 -9999.0 -9999.0 -9999.0 -9999.0 -9999.0 -9999.0 -9999.0 -9999.0
-9999.0 -9999.0 -9999.0 -9999.0 -9999.0 -9999.0 -9999.0 -9999.0 -9999.0 -9999.0 -9999.0 -9999.0 -9999.0 -1291.620081 -293.026661 -253.089839 -254.503234 554.527649 -799.535830 -485.016827 -378.003993 -491.256926 -346.349163 -1476.971705 -1504.679904 -1005.556886 -799.295133 -798.717846 -798.730829 -846.455404 -1672.799283 -799.190309 -798.607929 -798.649002 -798.639841 -9999.0 -9999.0 -9999.0 -9999.0 -9999.0 -9999.0 -9999.0 -9999.0 -9999.0 -9999.0 -9999.0 -9999.0 -9999.0 -9999.0 -9999.0 -9999.0 -9999.0 -9999.0 -9999.0 -9999.0 -9999.0 -9999.0 -9999.0
-9999.0 -9999.0 -9999.0 -9999.0 -9999.0 -9999.0 -9999.0 -9999.0 -9999.0 -9999.0 -9999.0 -9999.0 -9999.0 -1435.500130 -256.922992 -228.864960 -249.113672 -250.956170 -799.616651 -199.696753 -968.863568 -1137.891638 -1520.073306 -1655.665709 -1577.321187 -1535.246916 -799.730033 -798.706757 -799.368406 -798.681136 -799.263884 -798.644471 -798.632948 -798.663126 -798.663868 -9999.0 -9999.0 -9999.0 -9999.0 -9999.0 -9999.0 -9999.0 -9999.0 -9999.0 -9999.0 -9999.0 -9999.0 -9999.0 -9999.0 -9999.0 -9999.0 -9999.0 -9999.0 -9999.0 -9999.0 -9999.0 -9999.0 -9999.0
-9999.0 -9999.0 -9999.0 -9999.0 -9999.0 -9999.0 -9999.0 -9999.0 -9999.0 -9999.0 -9999.0 -9999.0 -584.212488 -275.591234 -295.482043 -1569.930477 -356.549781 -242.386728 118.974003 -147472.791914 -1499.642920 -1598.142169 -1004.085379 -1663.269080 -419.429334 -799.222200 -1634.239438 -798.919487 -799.160417 -798.700536 -799.270257 -798.753994 -799.700294 -798.547044 -9999.0 -9999.0 -9999.0 -9999.0 -9999.0 -9999.0 -9999.0 -9999.0 -9999.0 -9999.0 -9999.0 -9999.0 -9999.0 -9999.0 -9999.0 -9999.0 -9999.0 -9999.0 -9999.0 -9999.0 -9999.0 -9999.0 -9999.0 -9999.0
-9999.0 -9999.0 -9999.0 -9999.0 -9999.0 -9999.0 -9999.0 -9999.0 -9999.0 -9999.0 -9999.0 -1671.677254 -1559.777150 -234.685758 -1647.748507 -1811.528409 -937.348208 -241.136112 99.663888 -145682.487875 -467.746818 -400.803842 -799.408339 -799.174336 -1008.555224 -798.759623 -799.245598 -799.426151 -1619.708930 -798.638528 -798.659338 -790.890974 -798.274623 -798.554698 -798.074009 -798.947386 -798.762588 -286.175560 -756.862476 -9999.0 -9999.0 -9999.0 -798.640466 -9999.0 -9999.0 -9999.0 -9999.0 -9999.0 -9999.0 -9999.0 -9999.0 -9999.0 -9999.0 -9999.0 -9999.0 -9999.0 -9999.0 -9999.0
-9999.0 -9999.0 -9999.0 -9999.0 -9999.0 -9999.0 -9999.0 -9999.0 -9999.0 -9999.0 -9999.0 -1604.032780 -1633.756912 -421.887356 -1362.924482 -799.118037 -1482.978741 -778.904358 108.949535 543.475342 403.176122 -241.091004 -1534.900432 -1654.185855 -1782.733194 -799.149987 -799.292634 -799.431943 -798.654056 -798.697629 -799.183776 -799.201775 -799.222287 -798.729835 -798.369552 -798.880472 -277.587545 -193.325981 -205.045736 -799.453348 -799.771165 -797.984149 -798.785928 -798.599273 -9999.0 -9999.0 -9999.0 -217.620784 -799.891584 -798.210123 -799.634694 -798.147467 -798.441579 -342.826991 -387.754777 -798.817800 -9999.0 -9999.0
-9999.0 -9999.0 -9999.0 -9999.0 -9999.0 -9999.0 -9999.0 -9999.0 -9999.0 -9999.0 -9999.0 -1576.239226 -1702.950074 -936.082548 -404.650050 -799.460191 -978.313127 -315.830815 194.870922 136.479567 -218.229238 -592.859216 -1173.248742 -1569.118288 -799.086412 -800.110588 -1322.455586 -879.488301 -798.876543 -799.222039 -798.643675 -1008.140133 -596.391948 -798.231310 -798.485389 -310.484600 -1379.475069 -811.892679 -229.869914 -799.261033 -280.558554 -799.881834 -496.480884 -799.119513 -798.590078 -9999.0 -798.890448 -799.906481 -799.543625 -486.834670 -794.613397 -799.055920 -561.523284 -135.042539 -359.314056 -254.321721 -9999.0 -9999.0
-9999.0 -9999.0 -9999.0 -9999.0 -9999.0 -9999.0 -9999.0 -9999.0 -9999.0 -9999.0 -9999.0 -9999.0 -1812.700949 -409.718870 -897.377734 -1006.143233 -984.003465 -537.556481 180.076626 129.097588 -437.626042 -633.285506 -471.078580 -1448.215754 -1659.175283 -1262.189927 -443.394902 -799.119824 -799.181542 -798.483181 -799.270644 -1582.056302 -799.709975 -798.801789 -798.868628 -799.039647 -1691.308441 -1503.163935 -1301.569345 -615.665384 -586.464839 -799.418779 -650.698336 -1002.341413 -799.593795 -799.798244 -798.463789 -799.938976 -920.043486 -1543.787694 -442.727738 -1697.126245 -228.739559 -492.797830 -1834.521381 -1902.138019 -1512.469807 -9999.0
-9999.0 -9999.0 -9999.0 -9999.0 -9999.0 -9999.0 -9999.0 -9999.0 -9999.0 -9999.0 -9999.0 -369.820051 -1520.124829 -799.253283 -1147.768753 -1144.729328 -1356.500478 -474.701640 235.487326 -148.687259 -710.088390 -446.799087 -1215.129990 -590.067485 -1144.685628 -936.766366 -434.046981 -799.037436 -799.415915 -800.206141 -1471.021223 -1481.782360 -500.017815 -798.189766 -798.962175 -798.083609 -798.420880 -1171.560644 -285.364503 -222.512457 -387.112286 -731.416592 -1139.300519 -6311.917602 -221.180896 -799.610095 -799.510576 -800.036511 -800.162282 -1288.462763 -801.972715 -798.994426 -1575.013718 -799.653097 -799.733346 -798.816042 -798.444685 -9999.0
-9999.0 -9999.0 -9999.0 -9999.0 -9999.0 -9999.0 -9999.0 -9999.0 -9999.0 -9999.0 -489.579629 -1180.924418 -937.471236 -1415.115170 -870.578674 -1174.857939 -1525.146236 -1315.176919 -238.491329 -129.599060 197.255966 -215.949494 -577.880689 -707.498602 -1339.785894 -477.916338 -840.508619 -804.555772 -796.442939 -365.442293 -1029.479457 -1693.926853 -799.336469 -799.019123 -798.680222 -798.884582 -240.509127 -1701.938698 -1266.394367 -710.278479 -483.285150 -999.665550 -799.030371 -249.837616 -970.980132 -800.136008 -799.503592 -984.790821 -801.754263 -1205.802936 -831.723226 -798.889879 -799.561964 -798.893087 -799.149479 -355.355802 -343.167300 -9999.0
-9999.0 -9999.0 -9999.0 -9999.0 -9999.0 -9999.0 -9999.0 -9999.0 -9999.0 -799.125596 -491.415062 -458.402322 -1044.305637 -1234.758565 -382.270637 -1559.144673 -1676.505111 -904.340270 -454.346606 506.212560 165.254409 -941.784620 -436.163486 -369.701267 -421.223693 -817.114923 -1512.407966 -304.054156 -478.452709 -932.999516 -784.451268 -818.115589 -798.557632 -798.594066 -798.671625 -798.456023 -799.384547 -1725.588117 -1718.886444 -1587.057425 -1396.219896 -1719.551728 -821.159089 -364.651722 -428.357218 -679.599318 -128.557281 -2149.944162 -1274.210186 -229.096383 -1095.975397 -798.518556 -798.911690 -799.033332 -798.717837 -851.672277 -1109.537023 -800.032344
-9999.0 -9999.0 -9999.0 -9999.0 -9999.0 -9999.0 -9999.0 -9999.0 -9999.0 -798.957686 -798.958540 -799.466485 1053.924106 -1422.914533 -1372.325772 -1158.294499 -606.713248 -1119.932936 -347.431168 -323.319611 -214.823465 -184.017931 -260.626517 -966.551591 -818.417188 -1069.635701 -1353.280829 -949.488711 -224.376664 -394.724645 -857.469678 -826.702669 -799.165147 -798.069660 -799.233552 -800.358942 -799.861528 -800.151152 -799.107060 -799.408285 -427.970207 -804.137129 -1188.787653 -1388.232528 -213.572740 14.311114 284.754848 -274.242564 -329.828945 -960.584433 -823.923665 -903.784626 -798.957475 -799.065634 -799.106865 -487.376041 -617.518709 -1487.193648
-9999.0 -9999.0 -9999.0 -9999.0 -9999.0 -9999.0 -9999.0 -9999.0 -9999.0 -9999.0 -799.175771 -799.405378 -1420.399737 -222.606664 -379.453115 -1437.510812 -1452.437793 -250.865123 -135.987743 -96.573011 171.483459 -303.525230 -1427.276969 -388.681463 -1020.006262 -1182.940343 -232.467743 -128.228409 -853.920106 -1632.460955 -805.352755 -419.190426 -804.438609 -799.186753 -799.457313 -484.718165 -1362.652922 -1537.782780 -798.670396 -799.160020 -799.082920 -1506.603991 -1512.695074 -866.688675 -848.584280 -1558.831587 -357.480763 -206.128890 -521.795810 -310.747181 -850.228746 -941.090793 -798.389525 -798.970592 -1818.788903 -799.071562 -1733.714152 -329.347036
-9999.0 -9999.0 -9999.0 -9999.0 -9999.0 -9999.0 -9999.0 -9999.0 -9999.0 -9999.0 -799.422579 -799.421650 -1644.597595 -1185.823964 97.122379 -313.807216 -1449.664502 -234.726592 -399.593717 -456.604237 -286.960394 -466.176057 -768.406909 -1462.595349 -1409.558407 -208.302344 81.840825 -768.655400 -1848.009647 -802.476418 -798.898548 -1760.041575 -812.326287 -799.086578 -799.157885 -1423.712462 -1544.033456 -1461.079278 -972.548742 -798.901150 -799.889203 -799.282479 -1762.699862 -798.883218 -369.057739 -825.286873 -1573.782845 -863.471357 -215.611370 -371.186793 -302.272819 -993.774670 -1649.665197 -798.308210 -798.909128 -798.831695 -798.953850 -525.512893
-9999.0 -9999.0 -9999.0 -9999.0 -9999.0 -9999.0 -9999.0 -9999.0 -1454.790299 -393.108426 -799.632665 -1693.807093 -1514.861604 -1456.381665 -1347.873526 -197.181537 -174.529814 133.827110 -629.262486 -552.460771 -738.586510 -167.009124 -335.108288 -650.573499 -408.275384 95.402447 271.802149 -1778.133603 -1774.837491 -815.149648 -798.710663 -798.879135 -798.887668 -799.255432 -799.856905 -799.160830 -799.592077 -1481.935173 -813.124088 -798.315545 -798.853884 -1444.494744 -800.944083 -798.735298 -800.265543 -1502.494725 -806.227765 -1566.022585 -354.380833 402.257544 -239.436413 -936.176941 -1559.270069 -817.146983 -799.808267 -372.553908 -799.889822 -552.935849
-9999.0 -9999.0 -9999.0 -9999.0 -9999.0 -9999.0 -9999.0 -9999.0 -831.408303 -1527.734097 -1082.735106 -798.968527 -799.439984 -1273.209813 -976.570089 -472.925803 -337.089371 -512.024015 -346.179960 -606.165548 -440.852727 -532.632634 -351.963325 -92.709384 91.352567 -18.458772 -209.374951 -1523.826410 -804.110732 -799.597478 -799.828879 -800.009075 -799.627515 -798.219595 -1539.391158 -1530.530046 -739.058557 -1508.112963 -1031.388883 -799.565243 -799.014701 -798.859512 -798.807308 -799.556304 -1525.026369 -1765.386507 -801.127772 -798.937213 -893.717635 -205.515831 178.485214 -1267.232501 -1666.548250 -207.295016 -795.698640 -7074.649148 -563.710612 -258.733076
-9999.0 -9999.0 -9999.0 -9999.0 -9999.0 -9999.0 -9999.0 -9999.0 -798.738456 -799.486745 -650.377095 -950.078818 -1609.278570 -822.579119 -1280.114892 -656.354394 -345.615934 305.480776 -411.125698 -399.401158 -659.892789 -515.457061 -524.423641 -656.528017 137.360533 -395.814760 -207.597377 -1778.714989 -837.460992 -799.399785 -800.007125 -1525.354738 -1624.286451 -952.677544 -1505.527752 -402.784774 -947.003664 -382.520590 -848.320363 -912.162255 -797.901127 -798.293246 -1519.211235 -1692.321073 -1743.026112 -1447.134152 -800.170001 -1460.283461 -1835.483781 -290.063046 135.717938 -223.704519 -584.277604 -854.290734 -256.352700 -203.449939 104.572178 96.389509
-9999.0 -9999.0 -9999.0 -9999.0 -9999.0 -9999.0 -9999.0 -9999.0 -798.712236 -799.519423 -218.851992 -947.809883 -1056.935869 -262.578341 -1037.467694 -199.841618 -262.676422 -27.669298 147.967960 -320.109885 -432.052741 -452.444960 -328.118636 -284.939745 -220.058792 -249.118432 -1089.673968 -533.685822 -744.067876 -435.556666 -1264.994736 -1279.466684 -18874.923491 -1078.116323 -998.087088 -687.213622 -693.132195 -242.650833 -871.420389 -966.230918 -799.589974 -773.621392 -617.837919 -799.275106 -1501.701450 -800.197049 -699.087708 -799.755477 -439.943318 -1305.238390 -225.780800 123.153123 357.550083 -81.333941 121.321443 128.000631 177.704160 173.546572
-9999.0 -9999.0 -9999.0 -9999.0 -9999.0 -9999.0 -9999.0 -9999.0 -1596.675495 -1604.961888 -249.515106 -386.371962 -223.685319 -213.735400 160.520032 99.848890 389.607379 -408.830178 -374.886988 -444.020295 -267.365880 -423.015353 -330.078882 -251.937142 137.094619 -263.502898 -1079.415108 -1277.121802 -537.289686 -470.915948 -446.017026 -514.046410 -248.929765 -724.647777 -1272.978862 -1134.633525 -599.587204 -245.225616 -303.845064 -1502.445567 -1157.321339 -1268.372990 -733.721608 -1726.871959 -1060.660906 -549.424947 -1390.684727 -397.005342 -597.762882 -271.133000 -349.069054 142.075826 156.281401 96.052817 284.158793 271.980276 115.027014 103.691163
-9999.0 -9999.0 -799.378719 -1607.693076 -1649.997186 -1472.688276 -1385.226605 -1447.459713 -1431.282320 -1578.892318 -1699.503009 -207.059591 -223.612280 -133.523164 137.725340 661.479518 -386.596106 -1638.511288 -1597.122547 -246.685498 -405.907485 108.607657 80.105331 -283.363361 102.133526 -316.465729 -296.809614 -365.600966 -217.136534 181.233049 -1168.640453 -554.116492 297.849867 -217.113254 -231.777868 -214.927635 -182.118336 159.873858 -244.264080 -329.388843 -410.265105 -299.885682 -291.399402 -245.916594 -437.735141 -572.982809 -213.148499 705.884015 -495.243977 89.918127 108.833572 166.356058 115.946164 111.395705 137.556513 201.743842 242.332335 199.872581
