user2019/resources/simulation/Vinschgau/output-maps/psiL0008N0642.asc
ncols         63
nrows         48
xllcorner     598000.000000
yllcorner     5145000.000000
cellsize      1000.000000
NODATA_value  -9999.0
[rows 0 to 25 of 48, columns 0 to 56 of 63]
-9999.0 -9999.0 -9999.0 -9999.0 -9999.0 -9999.0 -9999.0 -9999.0 -9999.0 -9999.0 -9999.0 -9999.0 -9999.0 -9999.0 -9999.0 -9999.0 -9999.0 -9999.0 -9999.0 -9999.0 -9999.0 -9999.0 -9999.0 -9999.0 -9999.0 -9999.0 -9999.0 -9999.0 -9999.0 -9999.0 -9999.0 -9999.0 -9999.0 -9999.0 -9999.0 -9999.0 -9999.0 -9999.0 -9999.0 -9999.0 -9999.0 -9999.0 -9999.0 -9999.0 -9999.0 -9999.0 -9999.0 -9999.0 -9999.0 -9999.0 -9999.0 -9999.0 -9999.0 -9999.0 -9999.0 -9999.0 -9999.0
-9999.0 -9999.0 -9999.0 -9999.0 -9999.0 -9999.0 -9999.0 -9999.0 -9999.0 -9999.0 -9999.0 -9999.0 -9999.0 -9999.0 -9999.0 -9999.0 -9999.0 -9999.0 -9999.0 -9999.0 -9999.0 -9999.0 -9999.0 -9999.0 -9999.0 -9999.0 -9999.0 -252.601844 -252.548190 -252.639399 -253.520288 -253.796015 -253.333679 -9999.0 -9999.0 -9999.0 -9999.0 -9999.0 -9999.0 -9999.0 -9999.0 -9999.0 -9999.0 -9999.0 -9999.0 -9999.0 -9999.0 -9999.0 -9999.0 -9999.0 -9999.0 -9999.0 -9999.0 -9999.0 -9999.0 -9999.0 -9999.0
-9999.0 -9999.0 -9999.0 -9999.0 -9999.0 -9999.0 -9999.0 -9999.0 -9999.0 -9999.0 -9999.0 -9999.0 -9999.0 -9999.0 -9999.0 -9999.0 -9999.0 -9999.0 -9999.0 -9999.0 -9999.0 -9999.0 -9999.0 -9999.0 -248.708638 -249.419835 -247.171924 -245.559032 -234.861262 -252.038001 -253.248862 -9999.0 -9999.0 -9999.0 -9999.0 -9999.0 -9999.0 -9999.0 -9999.0 -9999.0 -9999.0 -9999.0 -9999.0 -9999.0 -9999.0 -9999.0 -9999.0 -9999.0 -9999.0 -9999.0 -9999.0 -9999.0 -9999.0 -9999.0 -9999.0 -9999.0 -9999.0
-9999.0 -9999.0 -9999.0 -9999.0 -9999.0 -9999.0 -9999.0 -9999.0 -9999.0 -9999.0 -9999.0 -9999.0 -9999.0 -9999.0 -9999.0 -9999.0 -9999.0 -9999.0 -9999.0 -9999.0 -9999.0 -9999.0 -9999.0 -249.794554 -244.229999 -235.135960 -254.940036 -279.933757 -277.172999 -252.601228 -252.566099 -252.567002 -9999.0 -9999.0 -9999.0 -9999.0 -9999.0 -9999.0 -9999.0 -9999.0 -9999.0 -9999.0 -9999.0 -9999.0 -9999.0 -9999.0 -9999.0 -9999.0 -9999.0 -9999.0 -9999.0 -9999.0 -9999.0 -9999.0 -9999.0 -9999.0 -9999.0
-9999.0 -9999.0 -9999.0 -9999.0 -9999.0 -9999.0 -9999.0 -9999.0 -9999.0 -9999.0 -9999.0 -9999.0 -9999.0 -9999.0 -9999.0 -9999.0 -9999.0 -9999.0 -114.887188 -249.839930 -9999.0 -248.236420 -245.051123 -277.864556 -254.043232 -282.781151 -180.133557 -156.320339 -153.243742 -253.249204 -252.539799 -252.512343 -252.688948 -252.694452 -9999.0 -9999.0 -9999.0 -9999.0 -9999.0 -9999.0 -9999.0 -9999.0 -9999.0 -9999.0 -9999.0 -9999.0 -9999.0 -9999.0 -9999.0 -9999.0 -9999.0 -9999.0 -9999.0 -9999.0 -9999.0 -9999.0 -9999.0
-9999.0 -9999.0 -9999.0 -9999.0 -9999.0 -9999.0 -9999.0 -9999.0 -9999.0 -9999.0 -9999.0 -9999.0 -9999.0 -9999.0 -9999.0 -9999.0 -9999.0 -1007.987792 -152763.783614 -280.755970 -252.849416 -205.343043 -252.976209 -277.146467 -165.476552 -152892.725096 -152694.193923 -252.564837 -152871.866500 -165.823606 -231.354501 -252.282867 -252.871964 -252.722335 -253.708037 -253.842319 -9999.0 -9999.0 -9999.0 -9999.0 -9999.0 -9999.0 -9999.0 -9999.0 -9999.0 -9999.0 -9999.0 -9999.0 -9999.0 -9999.0 -9999.0 -9999.0 -9999.0 -9999.0 -9999.0 -9999.0 -9999.0
-9999.0 -9999.0 -9999.0 -9999.0 -9999.0 -9999.0 -9999.0 -9999.0 -9999.0 -9999.0 -9999.0 -9999.0 -9999.0 -252.540218 -252.596465 -7037.264566 -12551.397558 -252.728574 -993.641435 -278.383049 -253.167798 -254.499846 -280.773372 -250.123336 -152852.081163 -248.756342 -270.470080 -267.121271 -268.320683 -252.658213 7032.970859 -243.293986 -252.871821 -253.833842 -253.860898 -253.836261 -9999.0 -9999.0 -9999.0 -9999.0 -9999.0 -9999.0 -9999.0 -9999.0 -9999.0 -9999.0 -9999.0 -9999.0 -9999.0 -9999.0 -9999.0 -9999.0 -9999.0 -9999.0 -9999.0 -9999.0 -9999.0
-9999.0 -9999.0 -9999.0 -9999.0 -9999.0 -9999.0 -9999.0 -9999.0 -9999.0 -9999.0 -9999.0 -9999.0 -9999.0 -243.707807 -252.510150 -10124.687086 -9658.600969 -112.137634 -252.799424 -256.096919 -146662.253451 -252.612782 -145281.469052 -152895.642846 -252.694653 -272.725427 -252.603865 -253.784025 -253.837883 -265.865323 -252.539592 -253.849296 -253.863401 -253.864426 -253.861608 -9999.0 -9999.0 -9999.0 -9999.0 -9999.0 -9999.0 -9999.0 -9999.0 -9999.0 -9999.0 -9999.0 -9999.0 -9999.0 -9999.0 -9999.0 -9999.0 -9999.0 -9999.0 -9999.0 -9999.0 -9999.0 -9999.0
-9999.0 -9999.0 -9999.0 -9999.0 -9999.0 -9999.0 -9999.0 -9999.0 -9999.0 -9999.0 -9999.0 -9999.0 -9999.0 -252.859280 -144.150404 -229.747379 -7800.161999 -9995.363255 -252.829822 -933.755977 -235.037037 -274.354031 -151688.588788 -152691.259413 -252.703887 -252.547798 -252.639643 -253.807132 -252.534584 -253.865402 -253.810361 -253.864340 -253.854976 -253.867680 -253.875027 -9999.0 -9999.0 -9999.0 -9999.0 -9999.0 -9999.0 -9999.0 -9999.0 -9999.0 -9999.0 -9999.0 -9999.0 -9999.0 -9999.0 -9999.0 -9999.0 -9999.0 -9999.0 -9999.0 -9999.0 -9999.0 -9999.0
-9999.0 -9999.0 -9999.0 -9999.0 -9999.0 -9999.0 -9999.0 -9999.0 -9999.0 -9999.0 -9999.0 -9999.0 -273.843212 4945.036404 -252.494637 -252.604725 -2262.051935 -5746.985117 -119.321514 -282.826011 -253.243823 -252.757368 -270.097062 -252.611288 2992.419014 -253.724353 -248.155089 -252.561047 -252.211382 -253.830377 -253.838603 -252.640858 -252.529864 -253.624143 -9999.0 -9999.0 -9999.0 -9999.0 -9999.0 -9999.0 -9999.0 -9999.0 -9999.0 -9999.0 -9999.0 -9999.0 -9999.0 -9999.0 -9999.0 -9999.0 -9999.0 -9999.0 -9999.0 -9999.0 -9999.0 -9999.0 -9999.0
-9999.0 -9999.0 -9999.0 -9999.0 -9999.0 -9999.0 -9999.0 -9999.0 -9999.0 -9999.0 -9999.0 -246.680185 -252.533969 -124.231848 -252.639539 -246.614792 -271.061560 -2578.453420 422.896283 -281.704082 -152854.452155 -139.663237 -252.407925 -253.529093 -269.845585 -252.506992 -253.766362 -252.423073 -78.060627 -253.832909 -252.687282 -252.301453 -253.016391 -253.602893 -252.831453 -252.668543 -252.804593 -252.757553 -252.655853 -9999.0 -9999.0 -9999.0 -253.596674 -9999.0 -9999.0 -9999.0 -9999.0 -9999.0 -9999.0 -9999.0 -9999.0 -9999.0 -9999.0 -9999.0 -9999.0 -9999.0 -9999.0
-9999.0 -9999.0 -9999.0 -9999.0 -9999.0 -9999.0 -9999.0 -9999.0 -9999.0 -9999.0 -9999.0 -248.291705 -252.565285 -272.283585 -252.554445 -253.211869 -252.641859 -152894.621083 354.630520 582.682262 -227.362814 -252.338375 -240.397739 -252.450944 -252.176563 -253.484831 -252.518820 -252.280551 -252.697494 -253.639588 -252.409751 -251.717648 -252.690272 -252.622857 -252.668760 -252.744784 -252.647691 -252.671106 -252.592548 -252.716425 -252.793917 -253.010360 -252.679729 -253.620393 -9999.0 -9999.0 -9999.0 679.810858 -252.391273 -252.558671 -252.472222 -252.551617 -252.516458 666.065290 698.047236 -253.522569 -9999.0
-9999.0 -9999.0 -9999.0 -9999.0 -9999.0 -9999.0 -9999.0 -9999.0 -9999.0 -9999.0 -9999.0 -242.318128 -249.391266 -262.243543 -130.607342 -252.635451 -252.383701 -147416.901114 -230.696890 356.055859 386.471638 -269.624312 -252.433986 -239.101174 -253.554716 -252.735777 -252.401676 -224.866861 -253.639921 -253.423735 -253.732499 -262.710895 -252.531342 -252.661057 -253.138321 -252.692551 -258.113458 -278.960263 -252.670501 -252.812133 -252.587050 -252.777612 -252.731737 -252.607634 -252.600339 -9999.0 -253.415992 -252.277123 -252.376906 -252.186351 -252.588031 -252.592465 -252.586386 -250.595589 -251.615681 -251.915463 -9999.0
-9999.0 -9999.0 -9999.0 -9999.0 -9999.0 -9999.0 -9999.0 -9999.0 -9999.0 -9999.0 -9999.0 -9999.0 -245.873458 -151.281330 -247.304311 -246.541121 -45734.837668 -147038.745324 -89.946040 356.054983 -148069.189389 -271.492319 -271.003905 -252.257361 -252.403892 -252.448303 -86.242743 -253.672003 -253.369452 -252.642437 -252.474383 -252.411832 -252.659353 -252.612724 -253.310247 -252.734141 -259.014922 -265.600760 -252.666771 -252.732749 -252.576338 -252.767465 -271.342297 -244.675105 -252.690468 -252.521145 -252.601833 -252.496942 -262.146396 -252.313850 -123.541716 -251.497107 1199.502452 -138.999981 -252.107573 -248.633573 -247.109367
-9999.0 -9999.0 -9999.0 -9999.0 -9999.0 -9999.0 -9999.0 -9999.0 -9999.0 -9999.0 -9999.0 -155.890986 -249.662052 -252.703691 -252.226614 -252.291616 -252.226387 -140921.374146 -208.591682 -62.295119 -148750.599830 -146801.123663 -252.262706 -263.971620 -252.473587 -252.012775 -139.866723 -253.610174 -252.625919 -252.686495 -252.439794 -252.149081 -252.059982 -252.557246 -253.733083 -252.686951 -252.993664 -275.248573 -557.699721 -252.696694 -276.286183 -261.431726 -252.650720 -276.476400 -252.417524 -252.563745 -252.235548 -252.615451 -252.585453 -273.004240 -263.726317 -252.806855 -252.273748 -258.015577 -256.530466 -253.633926 -252.563292
-9999.0 -9999.0 -9999.0 -9999.0 -9999.0 -9999.0 -9999.0 -9999.0 -9999.0 -9999.0 -11.473841 -252.247275 -241.171652 -247.391550 -241.242153 -154.320228 -160.873965 -102811.112917 -2311.206702 -264.502539 728.274501 699.548634 -152700.718114 -242.705396 -252.465799 -37.624769 -260.032135 -265.361687 -252.676755 -252.379359 -252.093204 -249.159521 -252.471321 -253.371754 -253.850998 -252.820468 -252.847842 -256.909850 -152027.047018 -256.477534 -278.650288 -274.042142 -253.588459 -245.801207 -252.566615 -252.717855 -252.375043 -270.460599 -252.300600 -252.389961 -265.815842 -253.590661 -256.190591 -253.621336 -253.545287 -252.174815 -252.205919
-9999.0 -9999.0 -9999.0 -9999.0 -9999.0 -9999.0 -9999.0 -9999.0 -9999.0 -252.663438 -124.704324 -143.497559 -252.088457 -252.454726 -146.802051 -252.236218 -252.486958 -234.822176 -152120.926254 -747.552758 703.221023 -152174.625975 -152899.303011 -252.607125 -157.562578 -29053.049961 -252.686389 -252.315533 -271.341650 -252.461127 -252.267077 -26420.583533 -253.814393 -253.824162 -253.456570 -253.667435 -252.514567 -252.766177 -254.127955 -252.564376 -151987.033633 -34273.351371 -81795.669111 -141016.819556 -152888.822622 -273.616869 -252.164936 -273.043554 -270.884214 -124.589844 -268.418175 -252.583178 -253.626014 -253.354727 -252.876910 -258.879348 -250.785923
-9999.0 -9999.0 -9999.0 -9999.0 -9999.0 -9999.0 -9999.0 -9999.0 -9999.0 -252.699591 -252.578553 -252.544923 3837.955631 -252.481768 -252.517406 -252.500258 -233.262455 -252.527485 -151987.112908 -127.760260 -20.636360 -251.384488 -141.309065 -242.240111 -57265.463408 -252.667931 -252.525598 -252.499344 -252.400470 -124.493073 -252.605116 -25785.822213 -253.452037 -252.565113 -252.387298 -252.812881 -252.716332 -252.726021 -253.669363 -252.455175 -163.624258 -260.291036 -252.972869 -252.600627 -247.125026 -202.215923 -252.705930 -276.649069 -275.103858 -252.462972 -41446.693824 -258.105558 -253.457830 -253.416399 -253.525337 -157.867521 -259.735180
-9999.0 -9999.0 -9999.0 -9999.0 -9999.0 -9999.0 -9999.0 -9999.0 -9999.0 -9999.0 -252.555202 -252.431280 -252.087889 2134.118918 -273.024318 -252.533027 -252.464089 -252.498144 -151884.363321 -457.924079 209.258291 -152899.957478 -131900.899283 -144208.385681 -252.632750 -252.554009 -252.471966 -252.367281 -252.595733 -2191.805754 -4061.118327 3976.604864 -256.906238 -253.584122 -252.302377 -251.802607 -250.666602 -246.180112 -252.655179 -253.638353 -253.768961 -243.828072 3479.969933 -264.150631 -147692.689937 -132165.261144 -152891.230842 -129.432564 -280.700090 -273.827018 -152344.415975 -267.934023 -252.556917 -253.448435 -250.680017 -253.092149 -245.189150
-9999.0 -9999.0 -9999.0 -9999.0 -9999.0 -9999.0 -9999.0 -9999.0 -9999.0 -9999.0 -252.507517 -252.494581 -246.663699 -252.158059 299.186334 -152086.307525 -150519.043210 -2211.455918 -8419.227831 -523.680665 -6339.026150 -152133.524413 -149474.045971 -253.157600 -252.655509 -252.492911 -121.919169 -126151.764992 -12437.950333 -255.319128 -253.550626 -240.091739 -265.654474 -253.599560 -253.563575 -245.809939 -82.788202 -252.366628 -262.705142 -253.492608 -252.429580 -252.588273 -252.287332 -253.420533 -127.486773 -137675.041167 -252.247622 -152334.493059 -152897.947081 -277.989982 -282.474200 -264.310523 -252.074563 -252.550808 -253.593897 -252.559645 -252.742569
-9999.0 -9999.0 -9999.0 -9999.0 -9999.0 -9999.0 -9999.0 -9999.0 -240.463395 -252.426797 -252.775855 -244.603989 -251.311012 -252.126397 -129383.751140 24.523929 -145405.394291 -250.946152 -426.890682 -539.781932 -10723.977853 -152816.623446 -152673.999064 -152868.896779 -252.951175 -1393.652653 -97.482885 -22314.899901 -251.980416 -257.500684 -253.753317 -253.489456 -253.206520 -253.077234 -252.418132 -253.682459 -252.431404 -252.307182 -2988.457783 -252.623830 -253.398116 -244.893164 -262.689329 -253.733389 -252.592920 -95.779537 -3969.208049 -252.203721 -152835.346320 543.206166 -252.983315 -152874.582447 -252.025150 -258.125597 -252.603483 -252.475046 -252.599417
-9999.0 -9999.0 -9999.0 -9999.0 -9999.0 -9999.0 -9999.0 -9999.0 -258.604783 -252.087794 -261.064776 -253.246232 -252.640598 -166.184527 -102275.892601 -143090.568318 -151752.505521 -152409.452720 -152203.341955 -555.860569 27.428839 -270.313111 -186.355687 -251.840478 -152888.848304 -1737.908536 -899.161234 -251.792511 -264.124722 -252.446115 -252.481561 -252.657890 -252.304864 -252.588661 -240.527503 -240.081627 -251.854996 -252.079499 -263.343890 -252.384184 -253.050277 -253.707367 -253.596325 -252.353184 -70.919440 -252.140163 -262.323204 -253.300546 -263.695920 -139784.660786 -253.060117 -251.806311 -47755.373439 -251.969123 -252.596802 -274.457596 -270.356510
-9999.0 -9999.0 -9999.0 -9999.0 -9999.0 -9999.0 -9999.0 -9999.0 -252.619714 -103.140110 -252.557594 -259.632623 -219.556391 -262.886146 -252.261077 -152856.913784 -152092.596856 -253.536573 -152344.597372 38.442905 -557.776668 -278.349959 -227.720543 -239.941450 -165.222812 -149444.187988 -139473.913132 -32602.272294 -266.287066 -252.457937 -252.642676 -233.406233 -252.294332 -265.275736 -237.984851 -251.252189 -263.051654 -148649.547134 -39852.991003 -260.894975 -252.441418 -252.584249 -242.901427 -91.816826 -252.346261 -247.246097 -252.573041 -246.344527 -252.388336 -152709.145973 167.086875 -252.851251 -152723.299655 -150578.111296 -270.844561 -250.921855 -251.272475
-9999.0 -9999.0 -9999.0 -9999.0 -9999.0 -9999.0 -9999.0 -9999.0 -253.724419 -252.383042 657.078310 -266.498972 -231.682000 -132.726412 -152807.831872 -149648.137151 -152522.882230 -144775.084496 -55.886147 -901.642865 -547.130530 -523.610630 -255.421569 -243.841772 -6291.930123 -146141.590780 -123881.643871 -141352.899789 -242.681606 -269.727335 -267.434123 -268.074666 -274.696267 -251.994507 -265.402508 -252.580092 -252.564136 -126247.432179 -146675.273649 -261.801858 -252.486610 -252.319312 -252.266490 -252.646932 -248.282778 -252.576498 -252.586844 -252.587628 -252.592002 -269.879546 -121212.484169 -138440.512103 -252.857100 -115.021109 -250.974176 -250.357718 -253.032572
-9999.0 -9999.0 -9999.0 -9999.0 -9999.0 -9999.0 -9999.0 -9999.0 -249.600178 -241.349600 4028.989671 -152276.124191 -152859.664842 -137533.328772 -222.319476 -137.392712 496.811275 -150227.992228 -148084.524880 -152457.826643 -10210.025885 -519.686846 -509.731578 -495.954994 -251.923408 -151891.339176 -139169.829790 -252.548863 -252.557880 -252.145932 -152485.226904 -252.064976 -274.091082 -251.951482 -267.908914 -268.541693 -270.284402 -130318.481594 -152886.667724 -251.806745 -267.418075 -270.383982 -270.418305 -272.883036 -263.561011 -252.454924 -270.120664 -271.466153 -271.566553 -274.728022 -278.803064 -152496.101405 -141909.260020 -252.350251 -236.595245 705.861079 369.252649
-9999.0 -9999.0 -252.641071 -245.928653 -221.185135 -252.532383 -251.742988 -252.169709 -239.983453 -241.372080 -251.978387 594.853742 -133705.720018 -250.991987 -216.345657 592.562544 -152669.835279 -27066.793684 -252.487200 -146692.334047 -152895.181777 -9536.667461 -238.487226 -873.353273 -505.815328 -152900.038590 -152361.279294 -151407.806371 -150830.654594 -232.845427 -145526.267465 -143897.874038 -83.505181 -145775.146264 -252.250015 -133485.963563 -252.340262 -132406.504618 -152897.318419 -152585.324703 -271.963286 -273.751899 -152887.389834 -253.173709 -152878.377621 -272.626659 -252.308498 -1372.946042 -279.513988 -252.568614 -252.689562 -149.034282 414.062604 494.072496 654.453586 512.767177 646.825498
