user2019/resources/simulation/Vinschgau/output-maps/psiL0008N0846.asc
ncols         63
nrows         48
xllcorner     598000.000000
yllcorner     5145000.000000
cellsize      1000.000000
NODATA_value  -9999.0
[rows 0 to 25 of 48, columns 0 to 57 of 63]
-9999.0 -9999.0 -9999.0 -9999.0 -9999.0 -9999.0 -9999.0 -9999.0 -9999.0 -9999.0 -9999.0 -9999.0 -9999.0 -9999.0 -9999.0 -9999.0 -9999.0 -9999.0 -9999.0 -9999.0 -9999.0 -9999.0 -9999.0 -9999.0 -9999.0 -9999.0 -9999.0 -9999.0 -9999.0 -9999.0 -9999.0 -9999.0 -9999.0 -9999.0 -9999.0 -9999.0 -9999.0 -9999.0 -9999.0 -9999.0 -9999.0 -9999.0 -9999.0 -9999.0 -9999.0 -9999.0 -9999.0 -9999.0 -9999.0 -9999.0 -9999.0 -9999.0 -9999.0 -9999.0 -9999.0 -9999.0 -9999.0 -9999.0
-9999.0 -9999.0 -9999.0 -9999.0 -9999.0 -9999.0 -9999.0 -9999.0 -9999.0 -9999.0 -9999.0 -9999.0 -9999.0 -9999.0 -9999.0 -9999.0 -9999.0 -9999.0 -9999.0 -9999.0 -9999.0 -9999.0 -9999.0 -9999.0 -9999.0 -9999.0 -9999.0 -255.508965 -253.879091 -255.664538 -254.854081 -256.400281 -248.096551 -9999.0 -9999.0 -9999.0 -9999.0 -9999.0 -9999.0 -9999.0 -9999.0 -9999.0 -9999.0 -9999.0 -9999.0 -9999.0 -9999.0 -9999.0 -9999.0 -9999.0 -9999.0 -9999.0 -9999.0 -9999.0 -9999.0 -9999.0 -9999.0 -9999.0
-9999.0 -9999.0 -9999.0 -9999.0 -9999.0 -9999.0 -9999.0 -9999.0 -9999.0 -9999.0 -9999.0 -9999.0 -9999.0 -9999.0 -9999.0 -9999.0 -9999.0 -9999.0 -9999.0 -9999.0 -9999.0 -9999.0 -9999.0 -9999.0 -223.997653 -228.194733 -216.120713 -215.206883 -186.189676 -249.204309 -255.004449 -9999.0 -9999.0 -9999.0 -9999.0 -9999.0 -9999.0 -9999.0 -9999.0 -9999.0 -9999.0 -9999.0 -9999.0 -9999.0 -9999.0 -9999.0 -9999.0 -9999.0 -9999.0 -9999.0 -9999.0 -9999.0 -9999.0 -9999.0 -9999.0 -9999.0 -9999.0 -9999.0
-9999.0 -9999.0 -9999.0 -9999.0 -9999.0 -9999.0 -9999.0 -9999.0 -9999.0 -9999.0 -9999.0 -9999.0 -9999.0 -9999.0 -9999.0 -9999.0 -9999.0 -9999.0 -9999.0 -9999.0 -9999.0 -9999.0 -9999.0 -229.616683 -199.122478 -200.732092 -256.029260 -291.753507 -286.951087 -254.459366 -254.168526 -254.412561 -9999.0 -9999.0 -9999.0 -9999.0 -9999.0 -9999.0 -9999.0 -9999.0 -9999.0 -9999.0 -9999.0 -9999.0 -9999.0 -9999.0 -9999.0 -9999.0 -9999.0 -9999.0 -9999.0 -9999.0 -9999.0 -9999.0 -9999.0 -9999.0 -9999.0 -9999.0
-9999.0 -9999.0 -9999.0 -9999.0 -9999.0 -9999.0 -9999.0 -9999.0 -9999.0 -9999.0 -9999.0 -9999.0 -9999.0 -9999.0 -9999.0 -9999.0 -9999.0 -9999.0 -70.898565 -230.970122 -9999.0 -219.687855 -200.857222 -289.135623 -254.552697 -294.601713 -136.315725 -110.004313 -105.721023 -253.618244 -253.725803 -253.687120 -255.845705 -256.003157 -9999.0 -9999.0 -9999.0 -9999.0 -9999.0 -9999.0 -9999.0 -9999.0 -9999.0 -9999.0 -9999.0 -9999.0 -9999.0 -9999.0 -9999.0 -9999.0 -9999.0 -9999.0 -9999.0 -9999.0 -9999.0 -9999.0 -9999.0 -9999.0
-9999.0 -9999.0 -9999.0 -9999.0 -9999.0 -9999.0 -9999.0 -9999.0 -9999.0 -9999.0 -9999.0 -9999.0 -9999.0 -9999.0 -9999.0 -9999.0 -9999.0 -515.857728 -61481.306970 -292.600834 -255.307749 -137.591913 -253.041050 -286.117354 -132.105755 -26383.272524 -23052.977445 -252.312145 -20858.419887 -113.732772 -177.791691 -251.240245 -255.810737 -255.868142 -257.013270 -256.985442 -9999.0 -9999.0 -9999.0 -9999.0 -9999.0 -9999.0 -9999.0 -9999.0 -9999.0 -9999.0 -9999.0 -9999.0 -9999.0 -9999.0 -9999.0 -9999.0 -9999.0 -9999.0 -9999.0 -9999.0 -9999.0 -9999.0
-9999.0 -9999.0 -9999.0 -9999.0 -9999.0 -9999.0 -9999.0 -9999.0 -9999.0 -9999.0 -9999.0 -9999.0 -9999.0 -251.741764 -252.503210 -609.419634 -885.550322 -252.718282 -506.212974 -289.329987 -253.268095 -254.900134 -291.483639 -246.610512 -19702.935517 -222.396608 -279.769787 -274.942338 -277.444686 -252.644241 8689.638911 -202.527640 -253.472252 -255.375526 -256.846436 -256.958635 -9999.0 -9999.0 -9999.0 -9999.0 -9999.0 -9999.0 -9999.0 -9999.0 -9999.0 -9999.0 -9999.0 -9999.0 -9999.0 -9999.0 -9999.0 -9999.0 -9999.0 -9999.0 -9999.0 -9999.0 -9999.0 -9999.0
-9999.0 -9999.0 -9999.0 -9999.0 -9999.0 -9999.0 -9999.0 -9999.0 -9999.0 -9999.0 -9999.0 -9999.0 -9999.0 -188.182995 -252.474806 -655.784071 -798.977329 -66.431488 -252.788885 -256.581945 -111593.780429 -252.618468 -25834.062156 -18806.021998 -252.721368 -280.062234 -254.520113 -256.727758 -256.834147 -272.427444 -254.384548 -255.812974 -256.774917 -256.684429 -256.812078 -9999.0 -9999.0 -9999.0 -9999.0 -9999.0 -9999.0 -9999.0 -9999.0 -9999.0 -9999.0 -9999.0 -9999.0 -9999.0 -9999.0 -9999.0 -9999.0 -9999.0 -9999.0 -9999.0 -9999.0 -9999.0 -9999.0 -9999.0
-9999.0 -9999.0 -9999.0 -9999.0 -9999.0 -9999.0 -9999.0 -9999.0 -9999.0 -9999.0 -9999.0 -9999.0 -9999.0 -252.883711 -77.703047 -189.635269 -676.288288 -727.693063 -252.827686 -718.779640 -173.467016 -284.422010 -21859.140232 -21332.683889 -252.572261 -252.150684 -255.529443 -256.824113 -253.916284 -256.827071 -255.790938 -256.344546 -256.520543 -256.339499 -256.732651 -9999.0 -9999.0 -9999.0 -9999.0 -9999.0 -9999.0 -9999.0 -9999.0 -9999.0 -9999.0 -9999.0 -9999.0 -9999.0 -9999.0 -9999.0 -9999.0 -9999.0 -9999.0 -9999.0 -9999.0 -9999.0 -9999.0 -9999.0
-9999.0 -9999.0 -9999.0 -9999.0 -9999.0 -9999.0 -9999.0 -9999.0 -9999.0 -9999.0 -9999.0 -9999.0 -283.521392 6614.981054 -252.448406 -252.316805 -475.835928 -612.141052 -82.237569 -294.623745 -253.342268 -252.721818 -279.364849 -252.298748 2502.178650 -255.569384 -191.782922 -254.191672 -250.836177 -256.770553 -256.172168 -256.026128 -253.862768 -256.917893 -9999.0 -9999.0 -9999.0 -9999.0 -9999.0 -9999.0 -9999.0 -9999.0 -9999.0 -9999.0 -9999.0 -9999.0 -9999.0 -9999.0 -9999.0 -9999.0 -9999.0 -9999.0 -9999.0 -9999.0 -9999.0 -9999.0 -9999.0 -9999.0
-9999.0 -9999.0 -9999.0 -9999.0 -9999.0 -9999.0 -9999.0 -9999.0 -9999.0 -9999.0 -9999.0 -206.523452 -251.372064 -52.792551 -252.410683 -195.954789 -281.256157 -598.184521 734.856296 -293.165080 -151559.620559 -91.591048 -252.147902 -255.001397 -277.331421 -253.477647 -255.992883 -253.098055 3012.097330 -256.795340 -256.093770 -251.560478 -256.219141 -257.003878 -256.251816 -255.857640 -255.421510 -255.366779 -255.276984 -9999.0 -9999.0 -9999.0 -257.070174 -9999.0 -9999.0 -9999.0 -9999.0 -9999.0 -9999.0 -9999.0 -9999.0 -9999.0 -9999.0 -9999.0 -9999.0 -9999.0 -9999.0 -9999.0
-9999.0 -9999.0 -9999.0 -9999.0 -9999.0 -9999.0 -9999.0 -9999.0 -9999.0 -9999.0 -9999.0 -220.767966 -251.799233 -279.752001 -252.321930 -253.313684 -252.602562 -80830.667220 220.758750 358.812048 -159.443043 -247.806938 -193.048777 -253.528012 -251.935283 -254.772910 -253.635400 -251.368868 -255.661947 -256.866056 -252.948288 -246.535997 -254.460264 -254.396916 -255.175415 -255.255663 -255.038082 -255.114659 -255.142037 -255.946501 -256.024460 -256.230483 -254.495264 -256.716761 -9999.0 -9999.0 -9999.0 -7.260945 -254.382077 -255.986341 -254.089264 -256.217316 -256.145268 -7.901408 25.786259 -256.907788 -9999.0 -9999.0
-9999.0 -9999.0 -9999.0 -9999.0 -9999.0 -9999.0 -9999.0 -9999.0 -9999.0 -9999.0 -9999.0 -198.078092 -226.196288 -267.606890 -81.836000 -249.936278 -250.205448 -24512.093527 -166.283835 236.863908 236.933499 -275.981049 -252.389340 -193.384459 -255.035124 -255.591106 -253.601170 -131.376635 -256.713027 -255.260874 -256.865225 -267.561571 -253.522804 -254.656196 -256.464186 -255.179372 -262.428230 -288.819824 -255.155521 -255.784295 -255.113767 -255.567180 -255.010386 -254.287857 -254.645952 -9999.0 -256.769902 -253.929818 -253.120180 -251.255048 -254.864249 -255.557592 -254.940486 -249.034584 -253.911337 -253.154227 -9999.0 -9999.0
-9999.0 -9999.0 -9999.0 -9999.0 -9999.0 -9999.0 -9999.0 -9999.0 -9999.0 -9999.0 -9999.0 -9999.0 -206.964935 -109.388319 -206.989044 -198.769520 -17844.022478 -34044.397478 -36.506815 285.313251 -23935.441702 -278.146172 -278.721522 -252.547193 -253.494950 -253.775893 319.703751 -256.047742 -254.732612 -255.883639 -253.343949 -253.173360 -255.038476 -254.362712 -255.613754 -255.286479 -263.355512 -274.467808 -252.634286 -255.242189 -255.037153 -255.370938 -279.782770 -212.481082 -255.806108 -254.067787 -256.146318 -254.177587 -268.369888 -253.284177 -84.596927 -244.508383 661.303046 -103.658654 -249.839429 -230.883106 -224.533335 -9999.0
-9999.0 -9999.0 -9999.0 -9999.0 -9999.0 -9999.0 -9999.0 -9999.0 -9999.0 -9999.0 -9999.0 -115.178595 -231.450027 -255.052183 -250.840302 -250.541351 -249.626470 -15964.790013 -143.496006 86.296823 -24276.220330 -23772.997174 -249.116428 -271.569906 -253.451357 -251.967885 -102.755874 -255.353002 -254.479243 -255.752219 -253.875572 -250.865024 -249.678995 -254.067804 -255.915297 -255.081013 -255.461684 -284.450469 -598.603864 -255.026161 -285.875046 -264.231830 -254.912063 -286.241250 -251.674011 -254.301301 -251.614439 -255.647022 -255.462060 -281.796460 -271.479946 -254.626282 -251.882358 -264.452977 -263.018223 -256.252728 -255.874726 -9999.0
-9999.0 -9999.0 -9999.0 -9999.0 -9999.0 -9999.0 -9999.0 -9999.0 -9999.0 -9999.0 2170.933115 -250.507558 -195.790260 -216.071024 -187.539528 -84.160572 -90.047688 -20155.675043 -623.633152 119.592537 480.927527 578.840108 -152799.069448 -194.027681 -251.069744 2055.233725 -265.062082 -274.569410 -254.923435 -252.080727 -251.336342 -210.970279 -253.255680 -255.091348 -256.851520 -255.999053 -255.194521 -260.851819 -151995.035934 -258.510912 -287.280153 -282.107311 -253.575968 490.598002 -251.949301 -255.474302 -252.878507 -277.793542 -253.257831 -250.659631 -275.051789 -256.536879 -262.323207 -256.259772 -256.411916 -252.526325 -252.708250 -9999.0
-9999.0 -9999.0 -9999.0 -9999.0 -9999.0 -9999.0 -9999.0 -9999.0 -9999.0 -254.070240 -91.561242 -105.894211 -252.675851 -251.390967 -106.198121 -249.778202 -250.531309 -172.361413 -48118.463808 -60.440943 379.181312 -43435.543579 -152844.965983 -252.476036 -106.508144 -131435.736462 -254.552700 -251.569098 -278.955582 -251.025176 -250.217942 -130336.279160 -256.712681 -256.813539 -256.825112 -256.815109 -253.657518 -255.069680 -256.602657 -252.469613 -38570.506911 -14958.277479 -144062.652164 -25623.568681 -152555.838312 -280.919524 -247.184428 -281.868646 -278.881461 -82.120203 -277.640630 -255.903999 -256.108706 -256.494369 -256.310787 -264.465751 -248.265036 -255.758525
-9999.0 -9999.0 -9999.0 -9999.0 -9999.0 -9999.0 -9999.0 -9999.0 -9999.0 -255.055879 -254.014732 -253.751393 6296.034638 -251.643994 -251.852220 -251.681661 -173.791853 -251.377446 -54966.649085 186.643336 251.515072 -250.183244 -92.588376 -184.461622 -144104.709408 -254.606823 -251.622426 -251.361752 -251.565570 -81.711361 -252.582377 -135174.962257 -254.504473 -254.261796 -252.782484 -255.824451 -255.607416 -255.460882 -255.865294 -253.184202 -123.285736 -264.650807 -252.967440 -252.166272 208.303687 -160.526712 -252.658622 -285.215439 -282.997990 -251.079199 -142726.256980 -264.831513 -256.761840 -255.463830 -256.428687 -122.833331 -265.072875 -251.433854
-9999.0 -9999.0 -9999.0 -9999.0 -9999.0 -9999.0 -9999.0 -9999.0 -9999.0 -9999.0 -253.967604 -252.708328 -248.488871 1989.259019 -280.635591 -251.892045 -251.203801 -251.834651 -56427.920339 141.443732 327.894341 -152858.146252 -15611.131870 -152165.261601 -254.123438 -251.680519 -251.722450 -250.882684 -252.565897 -9976.386907 -31186.853488 4589.510803 -261.498836 -255.331860 -251.384002 -247.741029 -235.527306 -210.115022 -255.556888 -255.327614 -255.844351 -205.378671 5877.879296 -266.815464 -149217.510383 -13278.494074 -151620.325723 -81.376843 -289.716237 -280.850819 -152890.630631 -277.199635 -256.123632 -256.808107 -242.480709 -254.837306 -214.673100 11222.760517
-9999.0 -9999.0 -9999.0 -9999.0 -9999.0 -9999.0 -9999.0 -9999.0 -9999.0 -9999.0 -253.855610 -253.462301 -215.919708 -250.096209 496.879581 -34712.237850 -28990.796952 -576.818649 -612.905339 -375.235163 -742.290125 -48949.318431 -28361.159103 -252.920601 -252.047816 -251.798937 -72.477348 -15586.212007 -24164.560732 -259.261235 -255.112275 -195.470112 -274.603571 -255.508165 -255.140776 -213.996637 3191.647527 -251.664989 -269.352342 -255.280968 -253.425828 -255.203726 -251.913581 -254.867956 -90.388675 -148340.489197 -248.255629 -151721.036044 -151557.394533 -285.048198 -288.021704 -271.661392 -252.996492 -256.005861 -257.021822 -256.041796 -254.736481 -267.407413
-9999.0 -9999.0 -9999.0 -9999.0 -9999.0 -9999.0 -9999.0 -9999.0 -196.905634 -253.229283 -255.235720 -212.191940 -243.190381 -251.897815 -32019.038208 290.471341 -60122.042969 -249.599444 53.836624 -498.895463 -858.145671 -79299.791614 -65644.011497 -48043.921275 -252.870862 -418.366200 -49.240220 -16759.917404 -251.129088 -262.819378 -256.694660 -254.864930 -254.352200 -254.704889 -253.228048 -255.710258 -249.847861 -250.011790 -43140.975497 -255.605297 -256.356805 -210.815189 -270.141213 -256.533150 -255.160335 -30.558702 -31953.090653 -248.615249 -152043.655098 650.823122 -253.003070 -152821.992671 -252.458269 -263.860582 -255.977614 -254.719899 -255.634864 -169.661993
-9999.0 -9999.0 -9999.0 -9999.0 -9999.0 -9999.0 -9999.0 -9999.0 -261.153175 -252.806896 -268.074903 -254.942475 -254.070242 -103.273611 -19346.618850 -15174.476787 -28243.914027 -38875.512181 -148187.738802 -509.544133 224.257484 134.895907 -129.246109 -250.485026 -65133.282754 -489.864246 -366.510683 -247.882949 -272.390128 -253.548106 -253.786362 -255.589282 -252.087397 -255.543947 -198.332502 -196.921677 -244.458027 -248.239277 -269.896502 -252.822644 -254.602444 -256.196097 -256.532313 -252.512411 2911.125853 -251.235614 -270.181677 -254.431992 -267.369980 -12063.448888 -253.025943 -248.226514 -41247.612398 -251.730914 -254.783209 -284.389051 -278.595496 -277.891791
-9999.0 -9999.0 -9999.0 -9999.0 -9999.0 -9999.0 -9999.0 -9999.0 -254.185089 -34.487427 -254.897417 -265.710318 -169.264356 -270.790987 -250.852697 -152832.064229 -41128.480482 -253.598082 -105464.074958 169.469908 -513.615929 38.083421 -165.540326 -219.440552 -125.360799 -27605.041737 -12766.814349 -21892.134486 -275.620219 -252.978966 -255.499750 -184.166368 -253.375462 -274.491463 -190.780661 -241.218684 -268.299645 -128031.717874 -140680.029339 -267.119451 -253.458416 -255.510938 -204.612302 -22.694957 -252.744756 -220.691762 -255.575929 -218.119881 -252.956658 -151576.045850 269.602369 -252.879842 -152895.683857 -152822.613840 -278.951655 -246.420181 -245.805531 -247.566488
-9999.0 -9999.0 -9999.0 -9999.0 -9999.0 -9999.0 -9999.0 -9999.0 -256.903570 -252.748060 -10.518519 -275.547786 -184.802908 -101.369884 -151314.087996 -18032.321863 -149938.775923 -83186.285865 159.793102 -654.685266 -437.149028 -310.011573 48.922363 -154.419628 -633.954791 -22653.805504 -14300.034717 -152686.322573 -201.307459 -277.386732 -275.167684 -275.163819 -284.312182 -248.825492 -274.251803 -253.055345 -251.127277 -22963.949619 -149574.427281 -266.784274 -253.618348 -251.818419 -251.418064 -255.218865 -225.659234 -255.344215 -254.805605 -255.484387 -254.501813 -278.051666 -12680.095659 -17739.432233 -252.896028 -81.604033 -244.623754 -240.570058 -252.980661 751.486535
-9999.0 -9999.0 -9999.0 -9999.0 -9999.0 -9999.0 -9999.0 -9999.0 -237.162812 -203.930881 4674.994701 -149499.658771 -152712.267914 -49045.193285 -156.877891 -79.127488 511.544055 -25306.154947 -19990.664340 -37067.978167 -699.522328 -158.246514 -337.830461 -428.459186 -250.947530 -35939.073981 -39243.737700 -251.480893 -251.764229 -249.482260 -152621.883007 -249.130204 -280.215013 -247.134487 -274.094304 -274.808634 -276.252686 -29837.630057 -152659.448453 -245.160618 -273.456016 -279.660153 -276.556968 -282.284609 -271.223939 -252.245843 -277.541485 -278.958266 -279.902706 -282.059948 -286.924143 -34245.508328 -21173.848760 -252.070102 -172.529311 813.626742 744.466291 523.300394
-9999.0 -9999.0 -254.955340 -211.522654 -157.019283 -254.104055 -250.012421 -253.068951 -200.724661 -203.495720 -251.479504 -30.454305 -38698.652872 -243.766923 -150.053849 607.539193 -152245.775633 -14884.739180 -250.491787 -15910.649973 -43105.281468 -583.681993 492.829386 -897.113837 -360.099631 -50205.345556 -38103.961841 -30305.544238 -22384.795586 -160.655929 -21634.359682 -15693.732976 -23.791598 -20243.110450 -249.813989 -28058.806441 -250.744542 -48741.611677 -152876.145540 -152757.589282 -278.784861 -280.715183 -152551.024223 -253.181617 -152432.355277 -279.299822 -250.298376 -451.710120 -287.646236 -252.461609 -252.785813 148.207934 508.527101 738.529063 747.242667 745.434287 729.834175 -41.854936
