user2019/resources/simulation/Vinschgau/output-maps/psiL0003N1335.asc
ncols         63
nrows         48
xllcorner     598000.000000
yllcorner     5145000.000000
cellsize      1000.000000
NODATA_value  -9999.0
[rows 0 to 24 of 48, columns 0 to 56 of 63]
-9999.0 -9999.0 -9999.0 -9999.0 -9999.0 -9999.0 -9999.0 -9999.0 -9999.0 -9999.0 -9999.0 -9999.0 -9999.0 -9999.0 -9999.0 -9999.0 -9999.0 -9999.0 -9999.0 -9999.0 -9999.0 -9999.0 -9999.0 -9999.0 -9999.0 -9999.0 -9999.0 -9999.0 -9999.0 -9999.0 -9999.0 -9999.0 -9999.0 -9999.0 -9999.0 -9999.0 -9999.0 -9999.0 -9999.0 -9999.0 -9999.0 -9999.0 -9999.0 -9999.0 -9999.0 -9999.0 -9999.0 -9999.0 -9999.0 -9999.0 -9999.0 -9999.0 -9999.0 -9999.0 -9999.0 -9999.0 -9999.0
-9999.0 -9999.0 -9999.0 -9999.0 -9999.0 -9999.0 -9999.0 -9999.0 -9999.0 -9999.0 -9999.0 -9999.0 -9999.0 -9999.0 -9999.0 -9999.0 -9999.0 -9999.0 -9999.0 -9999.0 -9999.0 -9999.0 -9999.0 -9999.0 -9999.0 -9999.0 -9999.0 -295.478346 -737.114021 -250.019390 -552.819737 -731.596053 -189.331473 -9999.0 -9999.0 -9999.0 -9999.0 -9999.0 -9999.0 -9999.0 -9999.0 -9999.0 -9999.0 -9999.0 -9999.0 -9999.0 -9999.0 -9999.0 -9999.0 -9999.0 -9999.0 -9999.0 -9999.0 -9999.0 -9999.0 -9999.0 -9999.0
-9999.0 -9999.0 -9999.0 -9999.0 -9999.0 -9999.0 -9999.0 -9999.0 -9999.0 -9999.0 -9999.0 -9999.0 -9999.0 -9999.0 -9999.0 -9999.0 -9999.0 -9999.0 -9999.0 -9999.0 -9999.0 -9999.0 -9999.0 -9999.0 -671.370243 -703.304040 -742.570208 -679.260396 -675.210619 -807.091973 -555.838613 -9999.0 -9999.0 -9999.0 -9999.0 -9999.0 -9999.0 -9999.0 -9999.0 -9999.0 -9999.0 -9999.0 -9999.0 -9999.0 -9999.0 -9999.0 -9999.0 -9999.0 -9999.0 -9999.0 -9999.0 -9999.0 -9999.0 -9999.0 -9999.0 -9999.0 -9999.0
-9999.0 -9999.0 -9999.0 -9999.0 -9999.0 -9999.0 -9999.0 -9999.0 -9999.0 -9999.0 -9999.0 -9999.0 -9999.0 -9999.0 -9999.0 -9999.0 -9999.0 -9999.0 -9999.0 -9999.0 -9999.0 -9999.0 -9999.0 -738.642233 -916.297168 -3108.316062 -3115.476103 -3173.283957 -3194.721568 -1136.111175 -562.263924 -375.429116 -9999.0 -9999.0 -9999.0 -9999.0 -9999.0 -9999.0 -9999.0 -9999.0 -9999.0 -9999.0 -9999.0 -9999.0 -9999.0 -9999.0 -9999.0 -9999.0 -9999.0 -9999.0 -9999.0 -9999.0 -9999.0 -9999.0 -9999.0 -9999.0 -9999.0
-9999.0 -9999.0 -9999.0 -9999.0 -9999.0 -9999.0 -9999.0 -9999.0 -9999.0 -9999.0 -9999.0 -9999.0 -9999.0 -9999.0 -9999.0 -9999.0 -9999.0 -9999.0 -1558.167252 -1036.905706 -9999.0 -838.700992 -977.377120 -3098.221573 -3017.776647 -3078.651480 -1861.997432 -2503.638902 -1960.144710 -2716.162874 -872.590742 -574.849691 -168.572701 -194.425012 -9999.0 -9999.0 -9999.0 -9999.0 -9999.0 -9999.0 -9999.0 -9999.0 -9999.0 -9999.0 -9999.0 -9999.0 -9999.0 -9999.0 -9999.0 -9999.0 -9999.0 -9999.0 -9999.0 -9999.0 -9999.0 -9999.0 -9999.0
-9999.0 -9999.0 -9999.0 -9999.0 -9999.0 -9999.0 -9999.0 -9999.0 -9999.0 -9999.0 -9999.0 -9999.0 -9999.0 -9999.0 -9999.0 -9999.0 -9999.0 -2953.135929 -2901.401444 -9131.879638 -6193.209725 -1370.043127 -2781.197272 -2979.761095 -2604.603269 -1188.267027 81182.563752 -1855.430456 7966.452034 -1585.232177 -961.636339 -937.019630 -280.666732 -313.769878 -200.066894 -204.225949 -9999.0 -9999.0 -9999.0 -9999.0 -9999.0 -9999.0 -9999.0 -9999.0 -9999.0 -9999.0 -9999.0 -9999.0 -9999.0 -9999.0 -9999.0 -9999.0 -9999.0 -9999.0 -9999.0 -9999.0 -9999.0
-9999.0 -9999.0 -9999.0 -9999.0 -9999.0 -9999.0 -9999.0 -9999.0 -9999.0 -9999.0 -9999.0 -9999.0 -9999.0 -2873.240276 -2910.002508 -2822.010575 -2927.652546 -7993.043602 -2924.315809 -3030.065738 -2992.004879 -2965.086633 -3033.280708 -3079.823956 -1068.268985 -962.305685 -553.169300 -591.224528 -1603.174283 -811.496008 549618.480955 -707.333585 -703.957962 -547.470567 -145.401811 -184.368737 -9999.0 -9999.0 -9999.0 -9999.0 -9999.0 -9999.0 -9999.0 -9999.0 -9999.0 -9999.0 -9999.0 -9999.0 -9999.0 -9999.0 -9999.0 -9999.0 -9999.0 -9999.0 -9999.0 -9999.0 -9999.0
-9999.0 -9999.0 -9999.0 -9999.0 -9999.0 -9999.0 -9999.0 -9999.0 -9999.0 -9999.0 -9999.0 -9999.0 -9999.0 -1949.622338 -3048.752386 -2912.279287 -2896.219762 -2549.847101 -8022.100433 -3034.405366 -2911.166681 -3258.615313 -2805.550861 -2238.149067 -2888.458087 -2884.847554 -771.860238 -297.827201 -176.830890 79671.039075 5298.731943 -585.959466 -141.020695 -114.517366 -115.989824 -9999.0 -9999.0 -9999.0 -9999.0 -9999.0 -9999.0 -9999.0 -9999.0 -9999.0 -9999.0 -9999.0 -9999.0 -9999.0 -9999.0 -9999.0 -9999.0 -9999.0 -9999.0 -9999.0 -9999.0 -9999.0 -9999.0
-9999.0 -9999.0 -9999.0 -9999.0 -9999.0 -9999.0 -9999.0 -9999.0 -9999.0 -9999.0 -9999.0 -9999.0 -9999.0 -3084.446707 354.139061 -3127.751041 -2889.829142 -2897.497197 -8093.401328 -2928.936250 -3021.138426 -8220.703126 -1387.404032 -714.782238 -2966.630517 -2924.310977 -434.746779 -186.515323 -424.257952 -131.512467 -488.420459 -76.179776 -120.396069 -36.266393 -145.668914 -9999.0 -9999.0 -9999.0 -9999.0 -9999.0 -9999.0 -9999.0 -9999.0 -9999.0 -9999.0 -9999.0 -9999.0 -9999.0 -9999.0 -9999.0 -9999.0 -9999.0 -9999.0 -9999.0 -9999.0 -9999.0 -9999.0
-9999.0 -9999.0 -9999.0 -9999.0 -9999.0 -9999.0 -9999.0 -9999.0 -9999.0 -9999.0 -9999.0 -9999.0 -3024.964185 6245.580842 -3089.918001 -2976.436018 -2687.054530 -2853.285064 -3422.198999 -9430.956032 -2976.264342 -1632.824798 -2919.695993 -1089.004861 599033.812102 -755.045170 630163.110997 -556.876936 -597.959823 -123.493352 -239.847035 -134.901400 326.174527 -207.490701 -9999.0 -9999.0 -9999.0 -9999.0 -9999.0 -9999.0 -9999.0 -9999.0 -9999.0 -9999.0 -9999.0 -9999.0 -9999.0 -9999.0 -9999.0 -9999.0 -9999.0 -9999.0 -9999.0 -9999.0 -9999.0 -9999.0 -9999.0
-9999.0 -9999.0 -9999.0 -9999.0 -9999.0 -9999.0 -9999.0 -9999.0 -9999.0 -9999.0 -9999.0 -1700.962559 -3089.280478 35.654478 -3108.127966 -2511.127884 -9656.786032 -2903.317482 -2147.920162 -10231.094055 -2854.443695 -2905.562407 -1936.648523 -892.999148 -1991.464520 -775.173170 -505.406131 -643.159594 3877.780177 -118.284967 -157.367001 -688.745440 -135.843304 -178.695717 -141.774095 -195.486771 -616.208455 -984.803871 -1517.882564 -9999.0 -9999.0 -9999.0 -224.081862 -9999.0 -9999.0 -9999.0 -9999.0 -9999.0 -9999.0 -9999.0 -9999.0 -9999.0 -9999.0 -9999.0 -9999.0 -9999.0 -9999.0
-9999.0 -9999.0 -9999.0 -9999.0 -9999.0 -9999.0 -9999.0 -9999.0 -9999.0 -9999.0 -9999.0 -1649.686733 -3123.642126 -3244.850874 -3234.014536 -3245.325884 -3304.663272 -2946.998729 -2363.081815 -3211.746750 -2779.417713 -2665.858793 -704.166408 1191612.865950 1270570.764464 -698.516611 -633.352088 -752.718939 -203.460878 -147.191811 -617.746191 -736.509793 -250.651660 159.613110 -381.871603 -638.345184 -1004.760023 -2286.783139 -1503.824328 -212.276886 -192.482303 -182.079816 -558.299256 -169.954725 -9999.0 -9999.0 -9999.0 -970.520573 -315.782231 -102.515496 36.905210 -113.108732 -110.442424 -1162.323955 -522.528273 -108.856875 -9999.0
-9999.0 -9999.0 -9999.0 -9999.0 -9999.0 -9999.0 -9999.0 -9999.0 -9999.0 -9999.0 -9999.0 -1522.670190 -1827.773339 -2495.035789 -1639.442125 -3332.441145 -2841.054719 -2847.393446 -3380.734647 -3213.145650 -1991.537071 -929.276290 1131729.590659 -612.777924 -712.437493 -306.460441 1337480.105545 1356321.974346 -223.937293 -232.710739 -188.878363 1339316.447520 -716.633786 329.546688 -129.192563 -826.264403 1336244.370708 1057100.713897 -2830.673583 -268.994687 -909.674828 -921.780578 -718.395609 -617.861875 330.957325 -9999.0 -181.579636 292.499989 -521.044778 -671.779680 -1312.811692 -251.915536 -1017.626193 -537.415921 -665.549630 390.839136 -9999.0
-9999.0 -9999.0 -9999.0 -9999.0 -9999.0 -9999.0 -9999.0 -9999.0 -9999.0 -9999.0 -9999.0 -9999.0 -1521.702278 -651.238648 -2105.585855 -2159.068704 -2252.420915 -2792.521424 -2405.535344 -3183.223616 -2710.486498 -2183.354457 843.429292 851015.744842 1345578.751152 1383733.873914 2262.167562 -1551.843205 -554.564525 -160.884561 -614.010668 1390972.273927 -1629.060276 -492.175493 -145.067760 -676.245977 1323069.956255 932829.350372 -1341.797908 -2775.465478 -1974.996904 -506.279526 1062115.737098 -697.194851 -154.185182 -7.874997 -133.959907 364.828737 1290478.646234 1136695.637468 61572.418843 1195206.222761 1196695.877310 1210711.313565 1220772.230232 -429.090469 371.912592
-9999.0 -9999.0 -9999.0 -9999.0 -9999.0 -9999.0 -9999.0 -9999.0 -9999.0 -9999.0 -9999.0 747392.779810 -975.803396 -3252.037031 -594.472255 -1449.530927 -2758.710195 -2700.913860 -3217.531215 -2726.501135 -2771.690197 -1629.850417 -259.692293 1337276.640921 1371595.963593 1433102.578026 1331711.889466 -557.264113 -553.281050 -295.345687 1394646.088213 1396659.450382 -1037.179546 -510.649195 -270.630331 -590.998359 -799.460911 215097.261646 -942.716757 -3116.989954 234668.460046 -1709.372414 44.686328 -258.729532 -1473.644078 -549.513091 -624.434689 -267.165114 -241.044362 2428.650578 412587.032741 -569.664500 311177.762754 46120.400068 33952.201968 -5.047388 -112.195340
-9999.0 -9999.0 -9999.0 -9999.0 -9999.0 -9999.0 -9999.0 -9999.0 -9999.0 -9999.0 2115.723183 50184.778196 -957.598801 -1104.129832 -1620.286915 1982.819048 1982.961244 -1355.115485 -2805.145231 -2657.759449 -2860.230185 -1306.603550 1791591.113752 -986.916663 -109.034039 972959.160104 1366462.098639 348098.645033 -1951.373497 -1254.430722 73196.244646 588728.565177 -987.650709 -505.850623 -161.454262 -206.678550 -990.534977 998956.587338 1526709.128806 -386.702226 -764.740156 -62.282530 -99.345480 -1003.779865 515.907188 -304.593996 -754.709563 506050.191719 1077387.439180 -563.897933 66824.268691 -108.696634 35337.651658 -2.011242 -108.921780 -501.993752 -502.000383
-9999.0 -9999.0 -9999.0 -9999.0 -9999.0 -9999.0 -9999.0 -9999.0 -9999.0 -735.202734 -672.088419 13616.132587 -497.419123 427081.870535 79412.976033 1644.221573 18578.003795 -1735.313033 -2846.555620 -2763.147430 -2998.425067 -2540.866070 -2291.233032 -2341.261553 -511.079618 1855633.410428 1371007.829862 -932.167428 32790.156646 -512.359483 -375.726281 1806653.771675 -209.616484 -155.648253 -183.156300 -198.796986 -904.088890 1520766.281488 1365960.280734 46565.789562 1498012.913923 1847716.185802 1870101.576888 -1950.555394 -2056.195215 -144.460627 -1850.851088 831757.184078 757509.196915 -404.393657 1127540.135066 -109.321464 -4.048818 -112.128071 -101.394955 190501.390936 216577.130787
-9999.0 -9999.0 -9999.0 -9999.0 -9999.0 -9999.0 -9999.0 -9999.0 -9999.0 -1141.195681 -726.524034 -1490.818195 4719.189851 -727.012259 35000.086592 501701.463261 -1107.423687 -1838.201579 -2892.802931 -3193.331581 -3131.758413 -3261.408124 -1894.911038 -736.844936 1851869.003603 1433644.811047 493583.052035 -465.515782 -581.390850 -786.654309 -1248.802644 1750764.495864 -626.497042 252.687835 -522.904775 -206.408824 -266.067224 -456.625993 -721.830573 -1167.653311 1431036.543006 1411862.097530 157010.976191 -816.859274 -1793.512126 -1764.686549 -2368.389038 -1825.703811 -774.916336 -761.633865 1789737.871988 1149063.260422 -129.793118 98497.420630 -6.750106 324458.012195 337315.006120
-9999.0 -9999.0 -9999.0 -9999.0 -9999.0 -9999.0 -9999.0 -9999.0 -9999.0 -9999.0 -608.712081 -1091.358109 -333.061897 647270.775665 -891.037264 15138.898035 -932.127311 -2748.250225 -2949.064180 -2969.173460 -3115.100767 -2835.078564 -88.292870 1686295.139839 1332382.571670 4555.091239 -420.286376 -835.600369 -994.670020 1860515.226549 1832581.013368 1815096.391852 1281227.188788 -508.410491 -648.571533 -1003.522588 -829.279721 -805.567246 -252.296607 -620.737199 -587.160585 -696.651203 4784.637295 -151.795622 -1237.835077 -784.067945 -2666.725928 -1885.842359 -2877.464238 -1266.654378 1783499.235394 589680.903540 -108.833816 -26.650224 136816.562675 -101.782917 -381.396392
-9999.0 -9999.0 -9999.0 -9999.0 -9999.0 -9999.0 -9999.0 -9999.0 -9999.0 -9999.0 -523.670684 -735.126193 -761.750236 -719.522302 -749.186619 -1522.712001 -1238.065788 -2651.441032 -2957.745231 -3076.512731 -2885.313400 -2784.817956 7587.799394 9729.615184 3372.858749 -548.630137 -869.276852 801.070494 1866416.704730 1312691.995337 -617.616559 -552.811253 209350.067161 -38.035663 -645.916213 -747.501662 284914.707606 39456.136808 1269288.100318 -550.036819 -639.399124 -496.547861 757743.247181 -1148.984790 -765.475984 1885472.668713 -739.898628 -405.996676 -2748.564004 -2778.671325 -272.075783 1234027.867597 1179217.873445 -88.797128 9.880637 -113.973970 126.841046
-9999.0 -9999.0 -9999.0 -9999.0 -9999.0 -9999.0 -9999.0 -9999.0 -588.136924 -584.184757 -772.461945 -576.281530 672552.036223 158105.759672 233068.840088 -1152.833015 -2906.020888 -3264.286562 -3142.585387 -3102.257034 -3010.511107 -2992.816545 -2971.987117 -2909.802916 -1597.695853 -829.711620 -740.331987 1960110.759216 1499905.890422 1304361.446719 -106.259617 -614.922645 -626.351075 -376.414642 -622.644716 -730.460876 -2221.347151 1851.829445 1847353.447276 -216.877043 -314.914387 -705.069348 480596.862888 -235.459557 -1468.697778 2069.850096 1818752.707925 218171.762673 -174.685883 -995.638571 -524.107767 1363136.254100 549440.814485 1062406.280962 -152.850467 -113.840086 -130.521750
-9999.0 -9999.0 -9999.0 -9999.0 -9999.0 -9999.0 -9999.0 -9999.0 -141355468.846713 550719.353656 1304423.583551 -537.466815 -705.289496 1290523.675493 1837679.665905 -859.212870 -2668.038092 -2773.074940 -3000.787412 -3136.609828 -2452.497454 -3480.651424 -3585.589987 -3592.141670 -2904.580002 -2292.606503 -642.134583 56293.321278 126077.161265 -538.004477 302.641285 -252.841253 -690.187790 -279.260927 -605.937470 -708.186030 -2257.731598 -351.599968 100673.903557 -890.173052 -630.511920 -968.476874 -302.764291 -1006.803808 2544.041891 1081421.242008 420075.666789 -792.319658 29501.058377 -798.828496 -616.227542 40017.688333 518426.168858 -91.102818 -858.496986 -25.628512 1141198.055461
-9999.0 -9999.0 -9999.0 -9999.0 -9999.0 -9999.0 -9999.0 -9999.0 -637.454177 3255.897263 -367.849087 1271288.494144 -498.495292 433604.358276 827961.688705 1835552.100400 -1547.174745 -2882.706317 -2975.353926 -2424.865045 -3165.928193 -3434.248045 -3517.266837 -3125.821929 -3233.215461 -2751.703330 -714.730860 1912301.086292 176387.342124 -621.718822 -294.203582 -624.671440 1313073.091730 1371378.188699 -685.564766 -1924.315315 -743.191366 -804.552215 25373.023135 547358.820244 -826.291389 -388.505598 -656.934069 2501.767521 1376499.236632 -637.232460 -233.620109 -539.278753 1393636.075949 401.389459 -1172.685100 -449.676666 222764.556791 555875.705719 88086.257080 112.643536 -394.440587
-9999.0 -9999.0 -9999.0 -9999.0 -9999.0 -9999.0 -9999.0 -9999.0 -115.449876 -799.529910 206993.709328 108664.106475 -563.009371 1302380.526917 1800796.403786 -583.539419 -2833.379178 -2925.632646 -3053.525103 -2971.910005 -3095.501874 -3118.448748 -3302.225588 -3210.064767 -2747.428857 -1594.596042 287646.950294 1859508.056984 -758.275932 1378246.065053 836432.440829 88892.126402 -404.203138 23.737419 6708.770755 -2554.975831 -2944.736394 -2759.950055 -1069.598505 -145.261147 -1306.229403 -1453.819224 -1330.520212 -826.793838 -593.367525 -356.389415 -2196.102935 -316.888112 -685.751883 1198902.497936 118.442086 -1554.949749 -537.020434 44397.159837 -334.007063 -512.732857 -1852.258529
-9999.0 -9999.0 -9999.0 -9999.0 -9999.0 -9999.0 -9999.0 -9999.0 -228.833826 -515.517136 -2345.953744 1883180.482271 1901459.273173 1919431.675910 -481.030401 -1542.020856 -1395.079436 -2625.430885 -2112.486333 -2783.083596 -2894.800283 -3030.010320 -3015.409694 -2948.825991 -3137.593320 -1595.624100 1855690.635037 3842.224101 -728.436710 30.397010 1778605.532188 -475.233162 -1748.277794 -758.421128 -1401.631046 -2735.081596 -2809.261393 -2844.414705 -2813.336838 -1516.339134 -1931.163753 -2578.733541 -1188.314271 -848.167659 985163.286147 -1623.647204 46577.708896 1689.488919 88778.619672 -508.179971 -2278.073914 -2118.137057 -1586.783464 -1053.821485 -690.025495 -760.525105 -1348.330577
