user2019/resources/simulation/Vinschgau/output-maps/psiL0004N0686.asc
ncols         63
nrows         48
xllcorner     598000.000000
yllcorner     5145000.000000
cellsize      1000.000000
NODATA_value  -9999.0
[rows 0 to 26 of 48, columns 0 to 60 of 63]
-9999.0 -9999.0 -9999.0 -9999.0 -9999.0 -9999.0 -9999.0 -9999.0 -9999.0 -9999.0 -9999.0 -9999.0 -9999.0 -9999.0 -9999.0 -9999.0 -9999.0 -9999.0 -9999.0 -9999.0 -9999.0 -9999.0 -9999.0 -9999.0 -9999.0 -9999.0 -9999.0 -9999.0 -9999.0 -9999.0 -9999.0 -9999.0 -9999.0 -9999.0 -9999.0 -9999.0 -9999.0 -9999.0 -9999.0 -9999.0 -9999.0 -9999.0 -9999.0 -9999.0 -9999.0 -9999.0 -9999.0 -9999.0 -9999.0 -9999.0 -9999.0 -9999.0 -9999.0 -9999.0 -9999.0 -9999.0 -9999.0 -9999.0 -9999.0 -9999.0 -9999.0
-9999.0 -9999.0 -9999.0 -9999.0 -9999.0 -9999.0 -9999.0 -9999.0 -9999.0 -9999.0 -9999.0 -9999.0 -9999.0 -9999.0 -9999.0 -9999.0 -9999.0 -9999.0 -9999.0 -9999.0 -9999.0 -9999.0 -9999.0 -9999.0 -9999.0 -9999.0 -9999.0 -149.639706 71.175335 -174.307526 105.731519 81.586930 810.352979 -9999.0 -9999.0 -9999.0 -9999.0 -9999.0 -9999.0 -9999.0 -9999.0 -9999.0 -9999.0 -9999.0 -9999.0 -9999.0 -9999.0 -9999.0 -9999.0 -9999.0 -9999.0 -9999.0 -9999.0 -9999.0 -9999.0 -9999.0 -9999.0 -9999.0 -9999.0 -9999.0 -9999.0
-9999.0 -9999.0 -9999.0 -9999.0 -9999.0 -9999.0 -9999.0 -9999.0 -9999.0 -9999.0 -9999.0 -9999.0 -9999.0 -9999.0 -9999.0 -9999.0 -9999.0 -9999.0 -9999.0 -9999.0 -9999.0 -9999.0 -9999.0 -9999.0 66.827060 64.850061 74.856995 62.649970 141.943144 228.084996 71.927638 -9999.0 -9999.0 -9999.0 -9999.0 -9999.0 -9999.0 -9999.0 -9999.0 -9999.0 -9999.0 -9999.0 -9999.0 -9999.0 -9999.0 -9999.0 -9999.0 -9999.0 -9999.0 -9999.0 -9999.0 -9999.0 -9999.0 -9999.0 -9999.0 -9999.0 -9999.0 -9999.0 -9999.0 -9999.0 -9999.0
-9999.0 -9999.0 -9999.0 -9999.0 -9999.0 -9999.0 -9999.0 -9999.0 -9999.0 -9999.0 -9999.0 -9999.0 -9999.0 -9999.0 -9999.0 -9999.0 -9999.0 -9999.0 -9999.0 -9999.0 -9999.0 -9999.0 -9999.0 59.983165 69.644277 -100.567311 47.018806 42.747598 119.188280 65.241739 65.909348 74.735292 -9999.0 -9999.0 -9999.0 -9999.0 -9999.0 -9999.0 -9999.0 -9999.0 -9999.0 -9999.0 -9999.0 -9999.0 -9999.0 -9999.0 -9999.0 -9999.0 -9999.0 -9999.0 -9999.0 -9999.0 -9999.0 -9999.0 -9999.0 -9999.0 -9999.0 -9999.0 -9999.0 -9999.0 -9999.0
-9999.0 -9999.0 -9999.0 -9999.0 -9999.0 -9999.0 -9999.0 -9999.0 -9999.0 -9999.0 -9999.0 -9999.0 -9999.0 -9999.0 -9999.0 -9999.0 -9999.0 -9999.0 68.405558 51.404797 -9999.0 65.452657 67.432063 45.437812 39.221503 24.635756 34.463906 34.160711 -25.508465 36.820623 73.373763 77.501548 -202.071829 -140.623532 -9999.0 -9999.0 -9999.0 -9999.0 -9999.0 -9999.0 -9999.0 -9999.0 -9999.0 -9999.0 -9999.0 -9999.0 -9999.0 -9999.0 -9999.0 -9999.0 -9999.0 -9999.0 -9999.0 -9999.0 -9999.0 -9999.0 -9999.0 -9999.0 -9999.0 -9999.0 -9999.0
-9999.0 -9999.0 -9999.0 -9999.0 -9999.0 -9999.0 -9999.0 -9999.0 -9999.0 -9999.0 -9999.0 -9999.0 -9999.0 -9999.0 -9999.0 -9999.0 -9999.0 -16.271903 57.134029 -70380.624281 -195.278788 41.535611 34.481666 56.096846 30.417862 54.321206 59.979058 67.541846 67.199199 31.250071 115.521848 118.259155 -518.670156 -1559.003036 -1544.815752 -934.862573 -9999.0 -9999.0 -9999.0 -9999.0 -9999.0 -9999.0 -9999.0 -9999.0 -9999.0 -9999.0 -9999.0 -9999.0 -9999.0 -9999.0 -9999.0 -9999.0 -9999.0 -9999.0 -9999.0 -9999.0 -9999.0 -9999.0 -9999.0 -9999.0 -9999.0
-9999.0 -9999.0 -9999.0 -9999.0 -9999.0 -9999.0 -9999.0 -9999.0 -9999.0 -9999.0 -9999.0 -9999.0 -9999.0 66.376600 39.511937 -20.511376 -409.957713 -1683.346262 -18.820438 34.586365 26.409119 27.426670 53.206368 32.145271 57.493508 59.583554 -2176.132649 104.419536 55.805614 56.679774 8200.169973 193.655827 146.693817 185.232286 -72.542647 -198.914977 -9999.0 -9999.0 -9999.0 -9999.0 -9999.0 -9999.0 -9999.0 -9999.0 -9999.0 -9999.0 -9999.0 -9999.0 -9999.0 -9999.0 -9999.0 -9999.0 -9999.0 -9999.0 -9999.0 -9999.0 -9999.0 -9999.0 -9999.0 -9999.0 -9999.0
-9999.0 -9999.0 -9999.0 -9999.0 -9999.0 -9999.0 -9999.0 -9999.0 -9999.0 -9999.0 -9999.0 -9999.0 -9999.0 67.975390 39.860055 -21.127601 -418.594492 67.929579 -2174.265796 18.650562 32.419136 34.585641 36.296711 91.345897 97.822172 78.099625 55.390491 -126.771989 -103.110386 67.642307 94.933552 75.036243 -107.770105 -124.683155 -93.182124 -9999.0 -9999.0 -9999.0 -9999.0 -9999.0 -9999.0 -9999.0 -9999.0 -9999.0 -9999.0 -9999.0 -9999.0 -9999.0 -9999.0 -9999.0 -9999.0 -9999.0 -9999.0 -9999.0 -9999.0 -9999.0 -9999.0 -9999.0 -9999.0 -9999.0 -9999.0
-9999.0 -9999.0 -9999.0 -9999.0 -9999.0 -9999.0 -9999.0 -9999.0 -9999.0 -9999.0 -9999.0 -9999.0 -9999.0 31.955607 720.620782 -108.028488 -198.227604 -381.193903 -4539.622688 -358.769493 62.733132 -15732.250374 83.002785 56.077024 57.614037 64.927982 -383.144601 -172.943438 69.256547 -141.963883 61.846823 -63.410186 -152.209706 -67.427949 -114.192447 -9999.0 -9999.0 -9999.0 -9999.0 -9999.0 -9999.0 -9999.0 -9999.0 -9999.0 -9999.0 -9999.0 -9999.0 -9999.0 -9999.0 -9999.0 -9999.0 -9999.0 -9999.0 -9999.0 -9999.0 -9999.0 -9999.0 -9999.0 -9999.0 -9999.0 -9999.0
-9999.0 -9999.0 -9999.0 -9999.0 -9999.0 -9999.0 -9999.0 -9999.0 -9999.0 -9999.0 -9999.0 -9999.0 47.811207 5377.620043 58.786602 44.118161 50.770312 -18.044664 45.635396 -70957.183191 31.581656 30.195363 77.246643 41.801000 3239.271900 56.791541 1003.523896 65.444285 164.688417 -85.646641 66.661562 -164.879603 115.944657 -139.897105 -9999.0 -9999.0 -9999.0 -9999.0 -9999.0 -9999.0 -9999.0 -9999.0 -9999.0 -9999.0 -9999.0 -9999.0 -9999.0 -9999.0 -9999.0 -9999.0 -9999.0 -9999.0 -9999.0 -9999.0 -9999.0 -9999.0 -9999.0 -9999.0 -9999.0 -9999.0 -9999.0
-9999.0 -9999.0 -9999.0 -9999.0 -9999.0 -9999.0 -9999.0 -9999.0 -9999.0 -9999.0 -9999.0 94.503009 116.577901 837.525382 55.050291 77.901948 -2261.968253 37.956667 48.241752 -174.075376 70.787822 49.354033 72.141134 61.958989 177.758720 90.889575 67.020136 74.959971 2962.491180 -72.947563 -147.376453 159.186515 -127.766254 -150.185703 -178.325818 -177.333701 49.307251 -415.224043 43.326685 -9999.0 -9999.0 -9999.0 -848.725510 -9999.0 -9999.0 -9999.0 -9999.0 -9999.0 -9999.0 -9999.0 -9999.0 -9999.0 -9999.0 -9999.0 -9999.0 -9999.0 -9999.0 -9999.0 -9999.0 -9999.0 -9999.0
-9999.0 -9999.0 -9999.0 -9999.0 -9999.0 -9999.0 -9999.0 -9999.0 -9999.0 -9999.0 -9999.0 85.753552 70.479757 208.346157 57.915909 73.798462 37.940089 52.190939 45.981278 97.430370 85.610473 69.683540 77.141673 45.984959 113.021959 72.011318 61.773790 103.630761 -68.053797 -106.277291 93.414580 355.015650 65.488826 90.726376 56.444111 80.899141 61.746964 -975.194071 -762.672673 -360.961358 -178.123086 -136.100268 87.051564 -156.143998 -9999.0 -9999.0 -9999.0 81.650409 92.033315 -146.408003 89.627677 -155.970742 -145.788736 79.737950 108.853097 -75.363290 -9999.0 -9999.0 -9999.0 -9999.0 -9999.0
-9999.0 -9999.0 -9999.0 -9999.0 -9999.0 -9999.0 -9999.0 -9999.0 -9999.0 -9999.0 -9999.0 129.691023 65.796630 212.621490 85.066292 73.876397 67.861591 99.596789 132.552214 36.361576 80.905902 63.934552 38.073707 70.766157 69.178958 -144.132219 50.220901 3137.346333 -135.547539 79.511123 -145.392605 368.832527 96.045266 68.167587 -135.146574 92.415130 -100.629529 -1951.802284 -1970.567520 -4027.095370 -196.827915 51.861953 103.889095 74.698026 68.603261 -9999.0 -161.324671 101.328789 102.198112 114.758201 102.847201 -150.146270 87.023663 80.799998 124.819175 90.677667 -9999.0 -9999.0 -9999.0 -9999.0 -9999.0
-9999.0 -9999.0 -9999.0 -9999.0 -9999.0 -9999.0 -9999.0 -9999.0 -9999.0 -9999.0 -9999.0 -9999.0 107.971857 119.752592 61.334455 69.714796 55.311158 54.345797 229.280873 36.660852 70.247666 80.440613 103.002405 64.501945 47.643044 42.307370 2266.954297 75.978706 82.954920 -163.822055 68.901686 196.561523 79.933994 79.503525 73.720989 76.677685 -456.259623 -2562.444369 -3383.862138 -1489.704908 -816.482561 -548.154932 103.974781 77.012409 -224.855057 76.107543 -200.211720 83.179131 91.727081 95.748917 26.298495 316.589868 1197.163727 307.900463 221.454073 141.818162 95.915738 -9999.0 -9999.0 -9999.0 -9999.0
-9999.0 -9999.0 -9999.0 -9999.0 -9999.0 -9999.0 -9999.0 -9999.0 -9999.0 -9999.0 -9999.0 60.004504 71.076519 78.107779 163.584637 72.916802 72.674649 84.991186 132.498704 21.815890 92.219821 104.247550 116.907078 42.433200 40.791126 108.122509 72.048226 63.970506 57.277709 -197.685161 52.472717 283.912193 127.612265 76.994754 65.082462 82.787191 -400.996587 -2073.198789 -2426.229418 -1465.422078 -896.187848 -653.572772 105.028069 -4759.248290 69.375482 61.652110 130.146231 -330.436145 -320.199292 39.615755 -322.160922 77.555194 120.681056 -120.428660 -133.386295 -132.318127 -125.970029 -9999.0 -9999.0 -9999.0 -9999.0
-9999.0 -9999.0 -9999.0 -9999.0 -9999.0 -9999.0 -9999.0 -9999.0 -9999.0 -9999.0 2116.967589 70.370482 64.659804 60.858405 60.476156 1932.941609 1943.069375 42.055335 -319.179253 20.645732 135.026865 130.703641 49.439751 55.619238 50.511824 2486.543291 61.899066 -1162.817408 64.185678 66.862422 221.694301 880.108455 82.457052 77.893169 -115.169035 -169.420530 65.402909 -247.197926 -1100.549530 -267.529701 28.679083 -1814.873490 -200.158493 53.964751 49.978809 -156.573988 74.269022 92.409812 131.265222 33.520315 -1024.266654 -110.716444 -114.877995 -53.366555 -106.201544 96.066754 128.604598 -9999.0 -9999.0 -9999.0 -9999.0
-9999.0 -9999.0 -9999.0 -9999.0 -9999.0 -9999.0 -9999.0 -9999.0 -9999.0 76.282650 87.269214 137.216884 115.260670 35.930399 119.838868 101.303335 39.626581 56.259353 51.806906 -22.108951 94.625348 40.081004 55.771876 21.186192 41.209568 58.601449 27.102705 59.468382 56.402102 57.818470 28.934169 70.283668 -86.531003 -104.526899 -143.302753 -147.767761 122.690726 83.290423 53.349447 70.405847 107.382060 55.491945 47.769337 31.167196 72.506072 44.949124 67.535163 37.289966 40.032294 30.133702 94.850412 -116.210622 -56.590204 -71.519179 -114.989373 167.606821 286.971557 -89.352685 -105.588230 -9999.0 -9999.0
-9999.0 -9999.0 -9999.0 -9999.0 -9999.0 -9999.0 -9999.0 -9999.0 -9999.0 208.342211 82.723115 68.325488 4428.008558 39.633780 32.991111 32.397521 59.595459 38.599560 62.479753 36.615391 36.827125 -87.550524 37.661889 61.901603 58.556467 29.004998 35.272128 40.784400 20.149846 40.708242 76.261023 78.892798 97.509645 68.609269 92.602467 -146.496997 -145.159517 -147.191382 57.415381 97.172843 77.443453 50.081514 29.942720 49.273534 30.069970 -148.528264 16.873844 42.397030 38.410368 36.322102 63.785182 60.701075 -99.760878 100.725510 41.249328 118.138021 266.141730 172.041560 -100.992559 -9999.0 -9999.0
-9999.0 -9999.0 -9999.0 -9999.0 -9999.0 -9999.0 -9999.0 -9999.0 -9999.0 -9999.0 68.052778 91.166367 73.080159 2324.275960 48.846000 32.532793 40.567802 46.687587 96.471607 -20.399330 95.472733 61.855344 55.107576 62.302328 29.652212 36.248085 42.059489 19.529561 69.412757 62.814649 65.928897 4418.119549 67.873028 79.405134 131.394008 181.731912 57.145046 79.537967 -114.269695 88.436744 61.306617 63.584672 4226.746800 54.536884 68.893799 64.153629 71.492254 36.809455 25.336154 48.899336 74.309317 92.010585 -116.955348 -67.020558 86.841006 110.222507 149.530337 11478.968978 232.306690 30.570352 -9999.0
-9999.0 -9999.0 -9999.0 -9999.0 -9999.0 -9999.0 -9999.0 -9999.0 -9999.0 -9999.0 84.871910 77.282163 64.744106 64.709108 32.593246 47.737617 46.120266 40.197404 82.680598 -296.583570 -392.217854 39.714284 42.199447 28.871729 36.823304 41.488904 20.986688 74.326615 72.690709 56.249053 69.252998 165.996452 -440.508805 72.680098 66.946155 156.850259 3486.099542 85.652631 73.766029 72.542378 84.847713 -8.044307 162.670546 63.706704 66.592177 65.731589 57.755084 64.391417 113.127557 33.835683 84.781689 76.838110 82.779968 -102.441676 -90.377646 -102.578020 75.247990 56.654573 499.588573 268.006789 -9999.0
-9999.0 -9999.0 -9999.0 -9999.0 -9999.0 -9999.0 -9999.0 -9999.0 76.504277 60.462064 55.228217 90.957555 429.265735 80.556073 70.087015 16.105836 28.629920 32.242895 -27.157981 -540.777008 -396.926686 43.732182 45.449115 38.859839 35.600718 27.319500 77.134963 69.895135 81.038527 82.331271 -98.321589 87.675773 79.942428 70.993525 118.151078 55.188529 62.256905 108.389910 62.449532 -167.895144 -264.459306 134.211690 -325.353466 -124.851663 -239.376184 2098.091124 61.571055 55.420659 65.288891 25.457404 83.695489 108.796975 85.787227 74.691057 -157.016951 76.774585 -137.004603 59.620726 42.511343 286.201385 -9999.0
-9999.0 -9999.0 -9999.0 -9999.0 -9999.0 -9999.0 -9999.0 -9999.0 1472.294554 86.751979 56.131173 61.344260 58.276819 1802.390360 51.216930 56.941344 64.273130 50.066887 52.797029 -451.050866 68.330413 55.663201 47.673100 37.414693 38.907218 23.422392 85.652520 79.342414 -486.272897 69.778654 67.411417 -550.364691 138.766130 -493.060976 104.292115 71.848071 135.315290 167.251216 65.521238 74.351129 83.326520 24.915943 -269.116039 73.943378 2529.526361 84.487503 -444.073070 67.415645 59.530871 73.939962 30.202088 63.432239 77.343274 69.355618 64.405740 -1021.044114 46.880778 49.003454 50.781169 35.071642 -525.296879
-9999.0 -9999.0 -9999.0 -9999.0 -9999.0 -9999.0 -9999.0 -9999.0 70.465839 3214.303554 58.679911 50.722285 275.931316 -667.987911 36.378358 47.791452 37.713898 26.855719 -276.229920 -248.554853 -440.241640 -299.139317 49.715977 -422.349825 32.684643 70.419581 64.896974 60.081979 -2353.019119 73.541443 -817.970031 112.524584 62.084603 64.713091 91.427431 226.216706 102.022181 47.267767 84.047687 83.455114 87.739387 -609.612035 81.794042 2538.196052 77.764376 80.518544 -306.451112 65.020781 47.913154 64.404200 22.386548 64.522804 63.942959 54.464047 58.263187 75.448456 57.284998 53.539262 97.900048 176.172231 29.498554
-9999.0 -9999.0 -9999.0 -9999.0 -9999.0 -9999.0 -9999.0 -9999.0 -279.931977 77.049301 148.257624 -1844.210206 78.132395 42.280102 64.884984 49.037259 63.041271 25.964710 37.292474 -331.755587 -455.390781 -385.112604 -324.816962 -491.740183 -251.952174 55.730087 56.763079 55.358547 54.054905 77.685307 55.446246 85.748360 87.759885 126.908870 72.696963 50.254609 51.325969 34.695930 72.389681 68.573458 59.051475 70.344164 79.061527 -295.232550 58.555142 -274.563225 69.211230 -316.099682 47.377165 36.269413 44.625422 26.767052 53.576471 26.336982 54.957293 75.150373 119.097435 427.574490 19.997227 27.454677 68.679893
-9999.0 -9999.0 -9999.0 -9999.0 -9999.0 -9999.0 -9999.0 -9999.0 59.477791 78.984058 4563.229802 55.429629 75.842456 68.811793 59.519948 72.949143 40.787794 52.864905 46.329601 51.061362 -294.711957 -263.347055 -393.176020 -409.016737 42.556567 42.236874 40.374200 38.913754 41.997478 118.610404 58.674128 70.107163 164.372921 85.725241 52.858594 49.314750 47.411505 35.942449 97.466900 55.512106 46.112723 62.508412 88.470669 60.830008 46.349868 62.504015 54.096152 86.934670 34.056387 42.113066 51.044326 43.976563 35.233163 38.612537 656.463981 644.861423 285.351882 167.881142 168.949607 79.952351 69.639974
-9999.0 -9999.0 64.213264 71.690417 1092.720305 40.326278 243.267381 84.233233 75.013245 83.161727 71.140762 251.979995 113.397478 86.928398 34.607215 40.310299 60.462640 57.121160 42.860339 51.234363 44.876109 0.000000 18.589379 -522.008491 -346.684412 40.747065 41.309567 49.109679 103.448672 96.379637 47.330776 64.057276 449.928199 70.030259 58.341748 48.246747 44.549156 39.100924 82.310061 60.333672 51.456541 59.138303 128.808406 63.690731 52.592051 48.187652 51.218321 68.943641 58.734480 52.883594 66.834179 -157.807846 28.018872 30.509882 472.779668 443.835370 224.006576 112.191962 76.468734 70.064784 66.218526
-9999.0 45.011112 63.793979 53.118268 32.910412 154.718712 231.013195 76.756915 75.297899 80.425999 63.216511 69.166034 127.734931 198.846483 39.488240 69.139475 67.302112 52.612333 30.248301 53.251198 55.183673 119.039425 403.147638 -29.130252 -498.959899 -412.488257 -371.273068 36.110757 140.945771 61.170138 33.073272 37.575533 154.846653 169.669293 60.565464 47.539953 62.761819 34.860989 63.625841 35.733862 39.134051 82.900130 138.330623 59.586054 40.304603 43.537285 45.933348 76.467713 105.154266 132.314527 28.835681 32.475262 165.040338 199.291090 195.915474 93.371728 86.165190 71.214971 73.701245 63.615082 61.824473
