user2019/resources/simulation/Vinschgau/output-maps/psiL0003N0257.asc
ncols         63
nrows         48
xllcorner     598000.000000
yllcorner     5145000.000000
cellsize      1000.000000
NODATA_value  -9999.0
[rows 0 to 25 of 48, columns 0 to 58 of 63]
-9999.0 -9999.0 -9999.0 -9999.0 -9999.0 -9999.0 -9999.0 -9999.0 -9999.0 -9999.0 -9999.0 -9999.0 -9999.0 -9999.0 -9999.0 -9999.0 -9999.0 -9999.0 -9999.0 -9999.0 -9999.0 -9999.0 -9999.0 -9999.0 -9999.0 -9999.0 -9999.0 -9999.0 -9999.0 -9999.0 -9999.0 -9999.0 -9999.0 -9999.0 -9999.0 -9999.0 -9999.0 -9999.0 -9999.0 -9999.0 -9999.0 -9999.0 -9999.0 -9999.0 -9999.0 -9999.0 -9999.0 -9999.0 -9999.0 -9999.0 -9999.0 -9999.0 -9999.0 -9999.0 -9999.0 -9999.0 -9999.0 -9999.0 -9999.0
-9999.0 -9999.0 -9999.0 -9999.0 -9999.0 -9999.0 -9999.0 -9999.0 -9999.0 -9999.0 -9999.0 -9999.0 -9999.0 -9999.0 -9999.0 -9999.0 -9999.0 -9999.0 -9999.0 -9999.0 -9999.0 -9999.0 -9999.0 -9999.0 -9999.0 -9999.0 -9999.0 -761.636308 -910.186337 -836.384212 -765.072594 -763.665577 -730.801346 -9999.0 -9999.0 -9999.0 -9999.0 -9999.0 -9999.0 -9999.0 -9999.0 -9999.0 -9999.0 -9999.0 -9999.0 -9999.0 -9999.0 -9999.0 -9999.0 -9999.0 -9999.0 -9999.0 -9999.0 -9999.0 -9999.0 -9999.0 -9999.0 -9999.0 -9999.0
-9999.0 -9999.0 -9999.0 -9999.0 -9999.0 -9999.0 -9999.0 -9999.0 -9999.0 -9999.0 -9999.0 -9999.0 -9999.0 -9999.0 -9999.0 -9999.0 -9999.0 -9999.0 -9999.0 -9999.0 -9999.0 -9999.0 -9999.0 -9999.0 -911.969320 -789.226767 -806.982659 -497.084936 -711.195779 -634.416935 -589.909552 -9999.0 -9999.0 -9999.0 -9999.0 -9999.0 -9999.0 -9999.0 -9999.0 -9999.0 -9999.0 -9999.0 -9999.0 -9999.0 -9999.0 -9999.0 -9999.0 -9999.0 -9999.0 -9999.0 -9999.0 -9999.0 -9999.0 -9999.0 -9999.0 -9999.0 -9999.0 -9999.0 -9999.0
-9999.0 -9999.0 -9999.0 -9999.0 -9999.0 -9999.0 -9999.0 -9999.0 -9999.0 -9999.0 -9999.0 -9999.0 -9999.0 -9999.0 -9999.0 -9999.0 -9999.0 -9999.0 -9999.0 -9999.0 -9999.0 -9999.0 -9999.0 -683.911524 -324.684669 1727.494624 1993.657337 1988.383669 1082.352236 -464.830897 -918.386102 -1218.993837 -9999.0 -9999.0 -9999.0 -9999.0 -9999.0 -9999.0 -9999.0 -9999.0 -9999.0 -9999.0 -9999.0 -9999.0 -9999.0 -9999.0 -9999.0 -9999.0 -9999.0 -9999.0 -9999.0 -9999.0 -9999.0 -9999.0 -9999.0 -9999.0 -9999.0 -9999.0 -9999.0
-9999.0 -9999.0 -9999.0 -9999.0 -9999.0 -9999.0 -9999.0 -9999.0 -9999.0 -9999.0 -9999.0 -9999.0 -9999.0 -9999.0 -9999.0 -9999.0 -9999.0 -9999.0 2268.563281 -116.897304 -9999.0 -540.632595 -602.446576 2199.258149 2274.638952 15974.699583 -158.274922 -180.338671 26842.633187 -34.255191 -406.673553 -991.471769 -894.944982 -925.034222 -9999.0 -9999.0 -9999.0 -9999.0 -9999.0 -9999.0 -9999.0 -9999.0 -9999.0 -9999.0 -9999.0 -9999.0 -9999.0 -9999.0 -9999.0 -9999.0 -9999.0 -9999.0 -9999.0 -9999.0 -9999.0 -9999.0 -9999.0 -9999.0 -9999.0
-9999.0 -9999.0 -9999.0 -9999.0 -9999.0 -9999.0 -9999.0 -9999.0 -9999.0 -9999.0 -9999.0 -9999.0 -9999.0 -9999.0 -9999.0 -9999.0 -9999.0 19231.482251 -111.528238 -214.952772 -868.385624 -221.771780 -169.392350 962.664793 3203.890169 -240.979335 -377.964949 -467.380985 -551.609912 -199.546179 -240.199810 -403.276102 -881.371923 -903.996450 -961.553420 -978.512333 -9999.0 -9999.0 -9999.0 -9999.0 -9999.0 -9999.0 -9999.0 -9999.0 -9999.0 -9999.0 -9999.0 -9999.0 -9999.0 -9999.0 -9999.0 -9999.0 -9999.0 -9999.0 -9999.0 -9999.0 -9999.0 -9999.0 -9999.0
-9999.0 -9999.0 -9999.0 -9999.0 -9999.0 -9999.0 -9999.0 -9999.0 -9999.0 -9999.0 -9999.0 -9999.0 -9999.0 -837.637979 1324.389905 -149.181562 -197.402945 -80.178614 5908.175017 1876.806222 1753.516051 2222.032215 1155.385052 1506.956972 -30.633956 -470.949095 -1024.626117 -624.520757 -656.046832 -757.407644 -367.918144 -488.665463 -599.688673 -748.349877 -981.557361 -979.811247 -9999.0 -9999.0 -9999.0 -9999.0 -9999.0 -9999.0 -9999.0 -9999.0 -9999.0 -9999.0 -9999.0 -9999.0 -9999.0 -9999.0 -9999.0 -9999.0 -9999.0 -9999.0 -9999.0 -9999.0 -9999.0 -9999.0 -9999.0
-9999.0 -9999.0 -9999.0 -9999.0 -9999.0 -9999.0 -9999.0 -9999.0 -9999.0 -9999.0 -9999.0 -9999.0 -9999.0 975.170489 2400.854253 -181.117534 -183.065603 1354.336595 -79.957267 316.189159 16254.572367 -41.841132 1909.702301 -216.775670 -197.895270 -648.419591 -1219.805947 -981.347977 -978.908019 -601.184196 -475.189662 -649.048421 -981.305662 -981.442546 -981.786307 -9999.0 -9999.0 -9999.0 -9999.0 -9999.0 -9999.0 -9999.0 -9999.0 -9999.0 -9999.0 -9999.0 -9999.0 -9999.0 -9999.0 -9999.0 -9999.0 -9999.0 -9999.0 -9999.0 -9999.0 -9999.0 -9999.0 -9999.0 -9999.0
-9999.0 -9999.0 -9999.0 -9999.0 -9999.0 -9999.0 -9999.0 -9999.0 -9999.0 -9999.0 -9999.0 -9999.0 -9999.0 1497.964135 2231.110545 1628.886754 -194.697417 -182.329430 -78.507236 15636.490680 986.298128 -1806.722902 -209.041935 -425.549937 -939.338303 -155.871006 -818.034611 -979.827959 -1011.411516 -980.012620 -641.300409 -980.301328 -979.460273 -977.383292 -978.944761 -9999.0 -9999.0 -9999.0 -9999.0 -9999.0 -9999.0 -9999.0 -9999.0 -9999.0 -9999.0 -9999.0 -9999.0 -9999.0 -9999.0 -9999.0 -9999.0 -9999.0 -9999.0 -9999.0 -9999.0 -9999.0 -9999.0 -9999.0 -9999.0
-9999.0 -9999.0 -9999.0 -9999.0 -9999.0 -9999.0 -9999.0 -9999.0 -9999.0 -9999.0 -9999.0 -9999.0 1484.534414 2562.128778 2119.063415 -422.317573 -190.456674 -180.464961 553.957540 -141.347434 500.216779 -589.093530 -786.337106 -650.231361 -496.389130 -693.598409 -643.067819 -1321.381700 -569.802854 -980.709775 -658.942264 -906.967424 -1000.663089 -978.902441 -9999.0 -9999.0 -9999.0 -9999.0 -9999.0 -9999.0 -9999.0 -9999.0 -9999.0 -9999.0 -9999.0 -9999.0 -9999.0 -9999.0 -9999.0 -9999.0 -9999.0 -9999.0 -9999.0 -9999.0 -9999.0 -9999.0 -9999.0 -9999.0 -9999.0
-9999.0 -9999.0 -9999.0 -9999.0 -9999.0 -9999.0 -9999.0 -9999.0 -9999.0 -9999.0 -9999.0 -667.335634 -238.804719 1540.359314 -441.973546 -919.019972 -1219.942999 -204.103456 647.283942 -128.160314 2458.650401 1393.862880 -1335.075616 -671.887606 -643.714407 -374.451983 -700.967216 -1075.262245 -1024.059786 -979.506178 -926.114266 -453.722565 -974.900194 -981.927201 -1034.530977 -1159.143037 -557.565896 -133.545132 -258.417326 -9999.0 -9999.0 -9999.0 -982.390980 -9999.0 -9999.0 -9999.0 -9999.0 -9999.0 -9999.0 -9999.0 -9999.0 -9999.0 -9999.0 -9999.0 -9999.0 -9999.0 -9999.0 -9999.0 -9999.0
-9999.0 -9999.0 -9999.0 -9999.0 -9999.0 -9999.0 -9999.0 -9999.0 -9999.0 -9999.0 -9999.0 -1120.940729 -511.077741 1556.073220 992.732066 -542.499834 1172.525401 -128.351660 652.940789 610.181408 1736.201346 2378.539347 -1231.263102 -637.391540 -623.927974 -650.082952 -887.250309 -801.702522 -900.296165 -981.108298 -469.619290 -675.458678 -965.723933 -1414.678845 -1267.993514 -1041.498046 -57.554374 -1518.823289 -1620.981970 -1394.681299 -1415.507092 -1056.799620 -468.075572 -982.406740 -9999.0 -9999.0 -9999.0 -651.877241 -511.801355 -845.309451 -206.963536 -759.505560 -779.899832 1787.365629 1675.943293 -861.291192 -9999.0 -9999.0 -9999.0
-9999.0 -9999.0 -9999.0 -9999.0 -9999.0 -9999.0 -9999.0 -9999.0 -9999.0 -9999.0 -9999.0 -793.692744 -716.948523 -183.809813 -837.346806 -931.740703 622.784878 -88.854011 -110.532732 -21.673167 2254.438950 273.274624 -256.595606 -279.937827 -636.300447 -866.808294 -337.588594 -598.325349 -981.795797 -395.613445 -983.208226 -464.485780 -417.115259 -1392.253421 -1029.991150 -111.125546 -176.669818 -317.009163 -1580.504525 -184.321077 158.689575 -247.770582 -205.053722 -939.943999 -1312.065490 -9999.0 -976.750122 -830.758338 -280.711635 1937.165625 1424.672132 -190.618752 2415.946797 1784.104741 2229.207672 2179.163336 -9999.0 -9999.0 -9999.0
-9999.0 -9999.0 -9999.0 -9999.0 -9999.0 -9999.0 -9999.0 -9999.0 -9999.0 -9999.0 -9999.0 -9999.0 -687.377416 -647.689130 1399.897479 -165.754522 -214.599052 -190.398300 -44.685673 784.071914 2251.994869 1403.697584 1929.496159 -207.662686 -483.059584 -329.717224 2174.950723 -704.832641 -669.058717 -917.470206 -732.408500 -244.315368 -1149.206725 -1320.535810 -802.827670 -1318.165659 -468.981936 -195.719527 -1563.988618 -1200.120510 1524.803046 -1281.867878 -177.557249 -141.173427 -875.364258 -1042.586130 -890.114003 -899.656616 -255.271745 -236.848099 -238.148720 -181.699647 985.489811 -67.255669 -666.412668 -587.941661 -310.187148 -9999.0 -9999.0
-9999.0 -9999.0 -9999.0 -9999.0 -9999.0 -9999.0 -9999.0 -9999.0 -9999.0 -9999.0 -9999.0 -282.567053 -763.228767 -463.796222 978.684044 1017.729087 -143.667776 -183.177866 1921.697079 13034.772661 -207.057949 2354.760331 1036.336860 -303.335818 -249.909390 1374.025795 -516.267453 -642.397693 -555.634550 -831.931171 -269.156250 -285.149942 957.914845 -1448.145465 -850.679367 -1382.030013 -787.610490 -548.144953 67773.516441 -1092.128961 5118.950729 13038.837805 4863.788030 -1417.026930 1453.183659 -1248.114716 -432.323994 -316.067806 -256.337793 649.947444 -782.958770 -615.106962 -774.615502 -803.659624 -979.294536 -961.118957 -685.853263 -9999.0 -9999.0
-9999.0 -9999.0 -9999.0 -9999.0 -9999.0 -9999.0 -9999.0 -9999.0 -9999.0 -9999.0 -772.701949 705.794235 -188.361780 -571.658082 1792.614663 1007.850087 -252.102293 -91.558327 -192.884887 11627.607032 2456.211525 898.337598 1113.189251 2317.368032 1313.101793 -242.975671 -607.486810 -799.723168 1493.467698 2169.831450 -134.901691 -556.794859 -1047.918063 -779.057558 -981.365236 -973.064167 -237.023951 116910.911711 35693.425793 -245.697759 -134.934834 -92.266908 -110.586925 12433.114802 1019.953104 -815.825681 -474.216283 -258.144101 453.994641 -23.260641 -837.223331 -969.804149 -978.427563 -963.269239 -963.832503 1974.542780 1879.295244 -9999.0 -9999.0
-9999.0 -9999.0 -9999.0 -9999.0 -9999.0 -9999.0 -9999.0 -9999.0 -9999.0 -673.991624 -1177.800743 -466.653261 1280.081582 -220.447990 1249.127478 -390.565868 -597.749001 1514.196577 954.246293 7976.777948 569.237256 1239.557020 1330.512120 16207.703820 -203.602256 -664.001134 -302.757863 2108.950805 1395.500183 1629.473732 865.233740 -644.015671 -982.793799 -980.708853 -981.190291 -984.608325 -630.518019 -592.965808 -729.227179 -530.862422 16248.094630 -591.984759 -611.559813 8021.935202 8452.862023 -36.169321 1932.837337 -331.414355 -258.964119 1970.566578 -199.758803 -709.480481 -971.889477 -971.900041 -798.024255 -450.131476 1619.255173 -61.525383 -423.590033
-9999.0 -9999.0 -9999.0 -9999.0 -9999.0 -9999.0 -9999.0 -9999.0 -9999.0 -1221.291968 -743.248153 -1031.598003 2517.935884 1321.241707 883.126778 -190.044544 2094.782429 350.776634 -112.029126 -29.419194 -39.490335 -23.539877 -56.429150 1474.897876 -570.492144 -221.587782 892.085390 1071.050751 24645.693562 -192.025052 -440.243799 -539.857330 -642.289211 -1291.938530 -841.007186 -930.820965 -965.428066 -1026.094513 -777.482802 -626.628561 -636.572206 -730.660669 -178.908245 566.027236 15437.726212 2396.848693 2677.267053 -107.844724 1934.107265 1280.146052 -607.398845 -282.251984 -968.394467 -737.252392 -958.099213 -593.097992 1798.698261 928.008317 -71.407036
-9999.0 -9999.0 -9999.0 -9999.0 -9999.0 -9999.0 -9999.0 -9999.0 -9999.0 -9999.0 -1106.719220 -957.234097 -239.928733 -91.242731 1187.829294 1153.239152 1293.131837 1514.710086 1377.863785 29.316350 -179.889017 1523.546710 1284.698379 1351.403823 -230.278749 1006.762448 -75.425098 4106.106078 -233.890098 -725.059179 -680.840906 -473.120885 -733.763582 -647.944958 -854.948194 993.732301 -168.318528 -200.793364 -883.116510 -717.835337 -732.307205 -779.342971 -538.415993 -508.954781 -625.018826 -197.300710 1045.572416 1615.929660 735.673452 1169.346770 -156.364230 -393.208501 -658.055261 -963.339961 -710.861545 -671.370759 -298.238940 2433.588568 2345.564042
-9999.0 -9999.0 -9999.0 -9999.0 -9999.0 -9999.0 -9999.0 -9999.0 -9999.0 -9999.0 -1081.690142 -1078.754257 -1203.923308 1119.411518 1474.722477 1671.570640 -219.848986 2604.121585 -187.339113 -438.770377 6528.101159 5338.478450 1334.363500 1164.654436 1029.964702 2419.076908 3059.674654 -223.297934 -537.684407 -780.188979 -703.141357 -1345.977424 -849.322614 -654.280809 -663.625398 -657.428013 -236.242936 -266.606856 -340.972385 -718.937774 -1255.195951 -826.430375 -589.191759 -715.408285 -710.652054 -320.183413 -548.464574 -365.220663 7869.540313 6743.024902 984.515314 -276.426015 923.982460 -631.625241 -849.939018 -664.622408 -656.014781 2023.989276 -72.507907
-9999.0 -9999.0 -9999.0 -9999.0 -9999.0 -9999.0 -9999.0 -9999.0 -112.249254 1177.920715 -877.520935 -1199.112383 -597.816540 -627.658963 1094.175860 20294.778437 10666.336833 11.360802 -515.652358 -510.839614 -669.814292 955.025489 -110.396132 1372.086342 -65.812208 7182.389137 11.978019 -441.644329 -556.219840 -748.509535 -980.755366 -737.903006 -772.489418 -642.732064 -1278.191444 -651.527788 -624.453202 -282.387646 -574.723538 -835.293523 -980.836942 -728.820533 -759.331954 -974.589749 -411.566534 857.806790 -604.960739 974.045930 1061.585047 -29.786673 1838.747092 1187.618070 1185.193955 -468.195993 -395.991803 2589.201209 -57.776141 2198.807714 1791.819974
-9999.0 -9999.0 -9999.0 -9999.0 -9999.0 -9999.0 -9999.0 -9999.0 -790.697096 -154.690143 -261.424020 -762.398012 -1120.901498 -77.850429 755.761339 -150.639818 1793.284247 -135.985642 -528.320785 -498.941127 -346.453139 -343.423135 -432.741073 101.896850 5065.186309 356.119393 9655.422582 -237.383606 -731.838962 -1189.869528 -1222.985419 -812.753307 -1245.907590 -858.775340 -594.893465 -378.443173 -271.083431 -143.768306 -215.107515 -403.472622 -687.484912 -1738.686448 -970.323152 -207.012461 -185.495302 -563.044869 -785.343456 -679.317909 -621.057020 1500.274198 36839.896973 641.229241 587.767346 1906.909928 1004.611938 -114.291995 1341.742390 1187.499969 328.255777
-9999.0 -9999.0 -9999.0 -9999.0 -9999.0 -9999.0 -9999.0 -9999.0 -631.183653 -482.366247 1984.455083 -299.465085 -202.838756 -771.899616 1646.554895 1115.115832 24639.622715 17213.452752 -439.225048 -351.714043 -548.992514 -288.644918 -458.821873 -508.472776 6.260920 -11.351251 -78.130764 -282.072718 -832.190294 -726.404864 -799.771937 -271.666320 -153.098812 -195.841600 -251.495332 1575.759511 -435.229434 775.658574 -485.364848 -347.770258 -1005.850493 -720.901434 -299.932386 -551.876285 -598.331383 -655.009994 -642.795171 1662.433285 -705.651555 1097.736882 173.326535 -73.910699 -100.902600 -135.534839 1418.398653 -69.635494 1681.201807 86.249296 51.553224
-9999.0 -9999.0 -9999.0 -9999.0 -9999.0 -9999.0 -9999.0 -9999.0 -980.885290 -215.953534 1581.668382 -1003.276395 1656.652211 1484.401743 2051.770275 1365.499607 1484.811703 -174.050069 710.447164 -536.262766 -298.789907 -437.497549 -347.524035 25.143110 -164.686680 1605.478874 1257.813693 -250.936021 1877.050603 1897.465233 -339.854695 -160.236957 1269.923414 907.807389 -371.922380 -186.916862 -171.916907 2185.922154 -506.196278 -306.281647 -345.170595 -180.039884 1515.478960 -224.687351 1500.294800 -465.739954 2260.908412 -176.390777 2069.298072 809.799827 633.622343 186.404855 20954.972464 27662.552135 21518.664471 2127.920810 71.682876 126.239683 27.703207
-9999.0 -9999.0 -9999.0 -9999.0 -9999.0 -9999.0 -9999.0 -9999.0 -743.420226 -213.131415 1514.121798 2391.912602 2527.953492 -105.609590 235.806264 1234.617530 1002.766881 1299.273060 2229.317609 1871.215284 -574.817865 -452.662760 -284.807209 48.246908 873.786566 2131.236771 -209.473105 1326.563513 1431.664312 1479.650221 -70.316247 1782.894058 -66.474289 877.342162 -131.455406 -205.988019 -25.787378 1804.509168 -130.894098 -342.103145 -107.151441 -146.905892 779.087578 -189.002310 -144.174032 1221.904124 -167.216763 1635.336085 1030.456168 -96.867251 928.729638 445.043642 189.516111 237.716681 153.022648 141.628682 28.111907 27.317720 56.592498
-9999.0 -9999.0 -483.620375 -309.938978 -321.109220 -153.759678 -184.355979 -248.694331 -256.919342 -870.731953 -569.591627 862.072710 962.293743 650.298259 16.991686 1369.915571 249.300834 -467.817053 -795.028056 2494.865775 1754.163042 -487.529525 -273.035772 38.035424 76.081183 1072.419342 655.108771 2273.521537 -82.916617 2039.979932 1376.065465 1852.100009 1413.625402 1098.939828 -56.726586 1052.059304 -67.325845 1208.735592 1187.440347 1416.497661 1262.131846 -83.445307 -109.696290 1166.456045 1014.806363 1785.712622 -92.528525 990.346672 1189.774716 179.732740 65.261727 103.649606 27.426433 28.047143 28.384572 28.419548 85.755468 160.223798 1490.809939
