user2019/resources/simulation/Vinschgau/output-maps/psiL0003N0829.asc
ncols         63
nrows         48
xllcorner     598000.000000
yllcorner     5145000.000000
cellsize      1000.000000
NODATA_value  -9999.0
[rows 0 to 24 of 48, columns 0 to 56 of 63]
-9999.0 -9999.0 -9999.0 -9999.0 -9999.0 -9999.0 -9999.0 -9999.0 -9999.0 -9999.0 -9999.0 -9999.0 -9999.0 -9999.0 -9999.0 -9999.0 -9999.0 -9999.0 -9999.0 -9999.0 -9999.0 -9999.0 -9999.0 -9999.0 -9999.0 -9999.0 -9999.0 -9999.0 -9999.0 -9999.0 -9999.0 -9999.0 -9999.0 -9999.0 -9999.0 -9999.0 -9999.0 -9999.0 -9999.0 -9999.0 -9999.0 -9999.0 -9999.0 -9999.0 -9999.0 -9999.0 -9999.0 -9999.0 -9999.0 -9999.0 -9999.0 -9999.0 -9999.0 -9999.0 -9999.0 -9999.0 -9999.0
-9999.0 -9999.0 -9999.0 -9999.0 -9999.0 -9999.0 -9999.0 -9999.0 -9999.0 -9999.0 -9999.0 -9999.0 -9999.0 -9999.0 -9999.0 -9999.0 -9999.0 -9999.0 -9999.0 -9999.0 -9999.0 -9999.0 -9999.0 -9999.0 -9999.0 -9999.0 -9999.0 38784.577430 198099.685429 125085.048162 191989.696153 185318.203550 185083.111168 -9999.0 -9999.0 -9999.0 -9999.0 -9999.0 -9999.0 -9999.0 -9999.0 -9999.0 -9999.0 -9999.0 -9999.0 -9999.0 -9999.0 -9999.0 -9999.0 -9999.0 -9999.0 -9999.0 -9999.0 -9999.0 -9999.0 -9999.0 -9999.0
-9999.0 -9999.0 -9999.0 -9999.0 -9999.0 -9999.0 -9999.0 -9999.0 -9999.0 -9999.0 -9999.0 -9999.0 -9999.0 -9999.0 -9999.0 -9999.0 -9999.0 -9999.0 -9999.0 -9999.0 -9999.0 -9999.0 -9999.0 -9999.0 197848.055034 186948.201489 180640.772298 187769.697107 185930.159212 185567.328615 188377.646258 -9999.0 -9999.0 -9999.0 -9999.0 -9999.0 -9999.0 -9999.0 -9999.0 -9999.0 -9999.0 -9999.0 -9999.0 -9999.0 -9999.0 -9999.0 -9999.0 -9999.0 -9999.0 -9999.0 -9999.0 -9999.0 -9999.0 -9999.0 -9999.0 -9999.0 -9999.0
-9999.0 -9999.0 -9999.0 -9999.0 -9999.0 -9999.0 -9999.0 -9999.0 -9999.0 -9999.0 -9999.0 -9999.0 -9999.0 -9999.0 -9999.0 -9999.0 -9999.0 -9999.0 -9999.0 -9999.0 -9999.0 -9999.0 -9999.0 187940.749953 161491.889205 -764.958369 -609.587495 -1160.415573 1031.774796 179993.604923 192026.977764 177210.773678 -9999.0 -9999.0 -9999.0 -9999.0 -9999.0 -9999.0 -9999.0 -9999.0 -9999.0 -9999.0 -9999.0 -9999.0 -9999.0 -9999.0 -9999.0 -9999.0 -9999.0 -9999.0 -9999.0 -9999.0 -9999.0 -9999.0 -9999.0 -9999.0 -9999.0
-9999.0 -9999.0 -9999.0 -9999.0 -9999.0 -9999.0 -9999.0 -9999.0 -9999.0 -9999.0 -9999.0 -9999.0 -9999.0 -9999.0 -9999.0 -9999.0 -9999.0 -9999.0 206.321253 170948.712728 -9999.0 188704.484092 166612.344863 -946.653692 -525.150632 -1590.244027 287.326321 792.289581 56.536587 39178.441842 195074.638189 188319.017722 26455.485089 26293.775231 -9999.0 -9999.0 -9999.0 -9999.0 -9999.0 -9999.0 -9999.0 -9999.0 -9999.0 -9999.0 -9999.0 -9999.0 -9999.0 -9999.0 -9999.0 -9999.0 -9999.0 -9999.0 -9999.0 -9999.0 -9999.0 -9999.0 -9999.0
-9999.0 -9999.0 -9999.0 -9999.0 -9999.0 -9999.0 -9999.0 -9999.0 -9999.0 -9999.0 -9999.0 -9999.0 -9999.0 -9999.0 -9999.0 -9999.0 -9999.0 -1856.563508 -921.560419 -204.078174 21169.150986 100472.283551 45832.585616 845.909762 -363.798979 3222.935281 216843.411445 156702.807864 214450.712940 870.516158 -114.534147 -144.548534 -86.835054 -86.542638 -87.077515 -69.686939 -9999.0 -9999.0 -9999.0 -9999.0 -9999.0 -9999.0 -9999.0 -9999.0 -9999.0 -9999.0 -9999.0 -9999.0 -9999.0 -9999.0 -9999.0 -9999.0 -9999.0 -9999.0 -9999.0 -9999.0 -9999.0
-9999.0 -9999.0 -9999.0 -9999.0 -9999.0 -9999.0 -9999.0 -9999.0 -9999.0 -9999.0 -9999.0 -9999.0 -9999.0 140989.034607 652.141081 -966.566636 -2131.838828 -1068.339948 -1751.189734 -952.685683 -575.998643 -528.354754 -620.075588 -295.474202 11094.119540 178796.539397 -76.072470 139694.961079 169978.440205 119875.139623 108629.059400 180285.159479 175734.740990 174759.603646 166346.453497 12779.558450 -9999.0 -9999.0 -9999.0 -9999.0 -9999.0 -9999.0 -9999.0 -9999.0 -9999.0 -9999.0 -9999.0 -9999.0 -9999.0 -9999.0 -9999.0 -9999.0 -9999.0 -9999.0 -9999.0 -9999.0 -9999.0
-9999.0 -9999.0 -9999.0 -9999.0 -9999.0 -9999.0 -9999.0 -9999.0 -9999.0 -9999.0 -9999.0 -9999.0 -9999.0 90762.325313 -539.732302 -1152.180603 -1839.542733 -429.719612 -1796.656235 -836.157630 -1629.602393 -445.820384 -505.376174 -406.494341 3613.400559 120362.479359 193008.831301 87835.926078 44254.019199 191856.866862 191294.509628 163335.885461 54169.585550 -56.001413 -7.509190 -9999.0 -9999.0 -9999.0 -9999.0 -9999.0 -9999.0 -9999.0 -9999.0 -9999.0 -9999.0 -9999.0 -9999.0 -9999.0 -9999.0 -9999.0 -9999.0 -9999.0 -9999.0 -9999.0 -9999.0 -9999.0 -9999.0
-9999.0 -9999.0 -9999.0 -9999.0 -9999.0 -9999.0 -9999.0 -9999.0 -9999.0 -9999.0 -9999.0 -9999.0 -9999.0 -620.019649 669.917464 -742.451976 -1274.264457 -1672.182865 -5504.239425 -1806.394728 -356.568946 -119.083710 6273.283664 159821.666369 815.897030 20142.940130 8414.310286 34968.653886 188913.228768 -54.668931 111601.877207 -33.046596 -62.706485 -36.266345 8993.797116 -9999.0 -9999.0 -9999.0 -9999.0 -9999.0 -9999.0 -9999.0 -9999.0 -9999.0 -9999.0 -9999.0 -9999.0 -9999.0 -9999.0 -9999.0 -9999.0 -9999.0 -9999.0 -9999.0 -9999.0 -9999.0 -9999.0
-9999.0 -9999.0 -9999.0 -9999.0 -9999.0 -9999.0 -9999.0 -9999.0 -9999.0 -9999.0 -9999.0 -9999.0 632.501529 6864.094135 -481.588881 -236.529861 -545.402196 -938.808273 -519.747218 -193.420817 -595.782246 122295.545740 165678.058829 164075.542845 151992.756788 205924.966502 148613.258233 200380.903962 195818.586586 101804.057381 1184.351573 20958.873447 70814.434511 23276.653955 -9999.0 -9999.0 -9999.0 -9999.0 -9999.0 -9999.0 -9999.0 -9999.0 -9999.0 -9999.0 -9999.0 -9999.0 -9999.0 -9999.0 -9999.0 -9999.0 -9999.0 -9999.0 -9999.0 -9999.0 -9999.0 -9999.0 -9999.0
-9999.0 -9999.0 -9999.0 -9999.0 -9999.0 -9999.0 -9999.0 -9999.0 -9999.0 -9999.0 -9999.0 164288.475216 -237.771465 331.208761 -434.953172 52719.962767 -152.409351 -799.861549 27.714807 -5.871937 -842.486568 -105.183931 196126.399446 206207.806049 11320.411512 206033.310432 89704.528579 172873.564774 175709.690940 47383.980385 35068.888736 64218.206819 44417.766397 22049.263326 16945.625042 25184.674409 187230.181558 165207.941031 155439.930839 -9999.0 -9999.0 -9999.0 -38.279369 -9999.0 -9999.0 -9999.0 -9999.0 -9999.0 -9999.0 -9999.0 -9999.0 -9999.0 -9999.0 -9999.0 -9999.0 -9999.0 -9999.0
-9999.0 -9999.0 -9999.0 -9999.0 -9999.0 -9999.0 -9999.0 -9999.0 -9999.0 -9999.0 -9999.0 177922.498572 -352.436573 -213.977414 -530.813262 140024.743065 -718.576395 -1172.468086 -459.441711 -332.942986 -286.608770 90311.550040 187687.400878 197811.224443 198566.115710 182576.231957 201213.209793 200783.815840 190475.939669 42904.673132 144763.373476 141452.123847 191497.874190 177058.648498 170451.535182 192753.282083 186796.455778 21482.098162 97792.922823 24267.679416 27129.827265 32368.994770 144079.830209 42033.170933 -9999.0 -9999.0 -9999.0 151164.829480 162681.525970 70892.503963 173794.102746 41559.493090 42543.885576 156924.375194 160426.890081 63198.370959 -9999.0
-9999.0 -9999.0 -9999.0 -9999.0 -9999.0 -9999.0 -9999.0 -9999.0 -9999.0 -9999.0 -9999.0 133653.301190 167044.288679 166986.460141 59770.042852 74552.102383 -219.788915 -591.818314 -392.509149 -464.326223 -448.851756 19909.667582 201517.539865 192313.427401 187603.438526 42362.433090 190047.896723 190612.780367 48835.819859 173572.760094 57179.590473 189137.428284 145732.505174 181748.626536 42272.361166 93658.233190 190360.132874 -333.681078 -361.143523 -17.576202 183629.476887 189111.126832 191991.554728 201862.926338 180659.416019 -9999.0 29036.460523 148994.420383 160976.517575 163991.820507 165666.201481 95282.511754 165535.909156 167177.596370 165422.312158 151275.930316 -9999.0
-9999.0 -9999.0 -9999.0 -9999.0 -9999.0 -9999.0 -9999.0 -9999.0 -9999.0 -9999.0 -9999.0 -9999.0 184479.269463 195592.885070 106510.730299 98500.628937 -283.724081 -708.289059 -293.040026 -393.587128 -510.636456 7591.069267 48287.618300 148903.389306 204095.032852 208455.305700 -111.417566 168657.743879 157363.603517 38521.582262 188669.880077 208145.401673 198805.799380 180435.644921 172080.520134 189109.329443 165168.614405 -796.670580 -479.474030 -390.255056 60302.384562 21874.665457 168290.477376 192572.791076 35439.932375 162633.320581 33949.184815 163080.861639 155628.141580 159465.641909 154185.135202 140111.466733 140905.499577 139757.548505 139699.642102 164038.495482 162970.055225
-9999.0 -9999.0 -9999.0 -9999.0 -9999.0 -9999.0 -9999.0 -9999.0 -9999.0 -9999.0 -9999.0 172607.253714 212901.244516 185728.450516 175388.240798 79003.377556 921.773371 -456.251451 -308.825991 -723.217225 -567.957144 819.682886 81851.395316 193744.053769 207832.169933 199544.082562 207683.596160 193404.797113 191611.446806 57820.538080 205477.664131 201274.429634 77807.177895 181786.421289 164179.208610 186731.956205 200695.562612 -703.796430 -1414.138319 -316.594098 -543.322903 -526.719230 126565.447042 -150.578336 165325.547044 200654.201705 198451.900570 53462.656496 63469.462219 147387.333361 28511.662633 196645.733340 44876.792590 -32.889599 -38.475743 -32.870594 17865.520303
-9999.0 -9999.0 -9999.0 -9999.0 -9999.0 -9999.0 -9999.0 -9999.0 -9999.0 -9999.0 37613.582212 151682.981745 183556.971050 178663.490846 128910.851375 152547.388058 152298.700167 693.678185 -1128.226813 -678.938314 -167.278095 128.254058 257364.501412 142667.437602 118304.627269 108345.558392 190583.484782 -75.676135 200840.408749 201974.765106 69922.676621 72224.813773 202293.310816 179455.417643 41291.659354 43321.683543 203540.014128 135376.359346 83755.015863 1595.457867 1243.034057 -135.697568 -38.227488 26.023908 196782.240339 43987.648687 181113.495053 190760.300264 191176.760192 125871.247937 -71.095281 45291.730471 -30.749955 -23.323962 -32.843539 107559.945123 107277.551074
-9999.0 -9999.0 -9999.0 -9999.0 -9999.0 -9999.0 -9999.0 -9999.0 -9999.0 180206.075206 186412.359825 31761.666846 46695.129410 192597.758597 183782.882859 189286.031745 178497.595618 29519.706115 -861.398791 -1220.010895 -294.262734 -474.474104 419.080995 912.601855 8938.193799 289692.304776 204116.528125 185668.560713 214758.594951 198908.428931 6607.062675 247299.502464 47709.865437 -32.311804 30705.340083 36078.797065 65054.548496 229793.689596 189480.687296 196528.990624 222557.378537 250712.855837 261466.845110 -528.839127 -335.594586 154020.893573 114413.696810 184402.196167 184819.431211 3216.941993 89816.140624 25751.770078 -30.295856 39467.700881 36198.075017 723.273530 1820.350706
-9999.0 -9999.0 -9999.0 -9999.0 -9999.0 -9999.0 -9999.0 -9999.0 -9999.0 59904.612729 72358.000173 174733.818296 97860.655157 75606.548408 171221.706793 189617.642959 128119.094143 892.499226 -953.510098 -551.237935 -466.513341 -617.887887 -287.231882 53766.118056 290311.586494 201308.319349 186728.995343 122275.493943 1079.844228 43392.775522 150536.217918 206569.319211 135914.880342 176325.386181 186571.211767 34702.668222 42945.914138 50388.444090 206819.697306 217055.149564 154304.737116 203045.341421 181773.130274 611.862547 -449.508051 -343.062707 -291.757069 1052.425658 83573.930676 2818.932339 273410.050843 173862.883212 42553.975155 140618.422033 135355.650558 118932.682127 112380.784940
-9999.0 -9999.0 -9999.0 -9999.0 -9999.0 -9999.0 -9999.0 -9999.0 -9999.0 -9999.0 192416.517818 195303.223913 201994.158106 185818.405949 27586.282746 161397.791157 88272.352265 -360.597021 -1003.398848 -613.672886 -351.600185 -784.866940 6467.281145 264132.216728 194070.694753 156210.362927 4409.940060 156.223649 166241.172669 269714.146925 265269.684853 269903.846539 184296.508106 161413.730599 160323.615882 158467.830202 177301.013835 185252.023596 45634.213004 167342.278540 204094.365119 206212.899224 159423.931939 187604.865348 1664.047411 719.956182 -371.726637 -263.974132 -308.239319 4368.761786 231956.301935 187044.859510 28384.628001 22280.254095 122875.485782 140655.426953 140857.800053
-9999.0 -9999.0 -9999.0 -9999.0 -9999.0 -9999.0 -9999.0 -9999.0 -9999.0 -9999.0 149282.549593 168660.135330 199040.388324 129926.095478 254.454991 483.574184 668.218497 -816.059693 -994.066424 -1517.440728 -1633.905415 -800.133583 39435.603127 161588.944517 152074.608673 1017.332290 25.448958 1864.131053 232458.630716 195829.196153 176645.591423 177625.469510 86389.441978 180258.695898 203497.621843 203784.829873 152394.165281 189506.419150 201194.489890 193592.345003 203859.816256 196715.899445 201199.798085 211833.197560 209838.586261 280337.426566 178657.638719 1565.777389 -330.870192 25.276089 58217.487796 138050.014367 131994.925992 81776.323974 35981.767678 35368.596208 176186.119035
-9999.0 -9999.0 -9999.0 -9999.0 -9999.0 -9999.0 -9999.0 -9999.0 208179.635193 201127.352169 184456.555473 198061.702291 205755.315855 205758.669562 237310.618594 -359.169178 -1007.886536 -638.555146 -743.696944 -2017.601312 -2127.170829 -1265.489421 -1026.454740 -705.720080 983.831627 -295.000573 510.346602 256406.684736 201663.003130 187104.577597 -29.965212 125481.081742 167182.193052 186626.632818 191513.003455 210194.934026 149232.092584 198846.620966 286780.639662 46090.406675 46796.834161 108786.531169 81721.757870 51518.618982 28044.384286 64367.696757 283643.367043 218734.003729 536.936583 24.683742 6890.848403 141045.121257 125307.987885 135314.045491 35366.529788 170188.994010 40296.870076
-9999.0 -9999.0 -9999.0 -9999.0 -9999.0 -9999.0 -9999.0 -9999.0 -56.575781 79066.640270 182183.444093 186070.036177 200586.513186 182614.119553 273990.501549 738.629323 -643.995689 -767.748158 -1733.942288 -2026.536250 -499.304933 -592.403273 -603.396779 -581.815848 -1064.230106 -496.326912 -130.264150 130256.938105 17020.726008 180230.823623 175689.523219 26549.916137 69341.830133 29694.768577 136604.702230 199207.443566 147501.238578 64219.499373 188959.789475 202152.836107 193865.228386 1270.584572 34565.439735 192804.441847 194227.384664 181536.783459 28151.166968 196882.441604 200313.976745 -297.229504 23.512701 160539.161759 203759.261569 174481.091006 195118.917430 -85.725536 197111.319799
-9999.0 -9999.0 -9999.0 -9999.0 -9999.0 -9999.0 -9999.0 -9999.0 194890.168929 197039.147762 170429.902694 189451.612007 200776.521037 29172.935310 197478.732540 269439.116589 396.276358 -556.210210 -1747.078862 -580.119325 -2095.187882 -811.713039 -666.529366 -1415.086085 -563.756818 -624.706289 24.408634 288549.702262 -66.641157 167329.394426 23161.117587 121162.801929 173331.465631 193592.881305 168334.080367 152610.154962 200350.139043 24.520776 107665.032989 177080.797574 175531.127326 28437.292770 184675.392277 185985.290986 167108.714560 183485.445589 28931.373650 207910.443678 207513.262615 2892.288559 -280.084270 15510.067567 200737.759315 276500.257316 119027.330192 108824.586288 190.431149
-9999.0 -9999.0 -9999.0 -9999.0 -9999.0 -9999.0 -9999.0 -9999.0 48160.236951 195158.414548 -95.399428 -52.635965 194817.139265 155823.739973 256791.664949 191.805393 -1061.064061 -1502.189051 -462.324267 -2037.567022 -1750.068441 -1726.012272 -779.505647 -1399.189901 -1112.043861 -510.249521 197908.276935 287044.124447 183394.101863 241287.350088 217305.787559 212327.236918 207285.007485 186916.068676 223414.198337 154431.472689 14111.864168 -606.521688 -229.971573 199511.179603 202559.570915 204606.494657 204623.620026 19896.107379 200299.975110 44897.353345 203514.593569 48581.757169 193947.058190 193425.075771 1745.816414 -231.085957 4870.092068 85266.514610 16194.834732 33.302708 31.427330
-9999.0 -9999.0 -9999.0 -9999.0 -9999.0 -9999.0 -9999.0 -9999.0 176786.547249 210410.883168 -88.558192 287112.429363 287332.933937 290468.739762 32507.108538 29.044459 23.438409 -597.519170 -533.694146 -755.108725 -1517.859687 -1256.435451 -1619.001361 -1629.863402 -489.004268 446.207151 276928.585674 154422.475950 21127.166262 23172.074426 242482.460699 15102.324008 33.505069 616.321156 2683.430497 56.923393 -366.111640 -710.518065 -606.668952 -99.016943 1403.731035 3926.653679 21875.467529 51572.727698 193798.085406 163210.977638 198945.586780 190438.994927 173602.144383 7233.830701 -274.722721 -559.391756 -346.601744 -303.918014 118.327038 107.638407 28.302686
