user2019/resources/simulation/Vinschgau/output-maps/psiL0006N0517.asc
ncols         63
nrows         48
xllcorner     598000.000000
yllcorner     5145000.000000
cellsize      1000.000000
NODATA_value  -9999.0
[rows 0 to 26 of 48, columns 0 to 58 of 63]
-9999.0 -9999.0 -9999.0 -9999.0 -9999.0 -9999.0 -9999.0 -9999.0 -9999.0 -9999.0 -9999.0 -9999.0 -9999.0 -9999.0 -9999.0 -9999.0 -9999.0 -9999.0 -9999.0 -9999.0 -9999.0 -9999.0 -9999.0 -9999.0 -9999.0 -9999.0 -9999.0 -9999.0 -9999.0 -9999.0 -9999.0 -9999.0 -9999.0 -9999.0 -9999.0 -9999.0 -9999.0 -9999.0 -9999.0 -9999.0 -9999.0 -9999.0 -9999.0 -9999.0 -9999.0 -9999.0 -9999.0 -9999.0 -9999.0 -9999.0 -9999.0 -9999.0 -9999.0 -9999.0 -9999.0 -9999.0 -9999.0 -9999.0 -9999.0
-9999.0 -9999.0 -9999.0 -9999.0 -9999.0 -9999.0 -9999.0 -9999.0 -9999.0 -9999.0 -9999.0 -9999.0 -9999.0 -9999.0 -9999.0 -9999.0 -9999.0 -9999.0 -9999.0 -9999.0 -9999.0 -9999.0 -9999.0 -9999.0 -9999.0 -9999.0 -9999.0 -798.500398 -54.814234 -800.095518 -47.287571 -280.355851 -37.771320 -9999.0 -9999.0 -9999.0 -9999.0 -9999.0 -9999.0 -9999.0 -9999.0 -9999.0 -9999.0 -9999.0 -9999.0 -9999.0 -9999.0 -9999.0 -9999.0 -9999.0 -9999.0 -9999.0 -9999.0 -9999.0 -9999.0 -9999.0 -9999.0 -9999.0 -9999.0
-9999.0 -9999.0 -9999.0 -9999.0 -9999.0 -9999.0 -9999.0 -9999.0 -9999.0 -9999.0 -9999.0 -9999.0 -9999.0 -9999.0 -9999.0 -9999.0 -9999.0 -9999.0 -9999.0 -9999.0 -9999.0 -9999.0 -9999.0 -9999.0 -16.355797 -45.925196 184.792994 -75.633029 210.308663 -4.088418 -75.201364 -9999.0 -9999.0 -9999.0 -9999.0 -9999.0 -9999.0 -9999.0 -9999.0 -9999.0 -9999.0 -9999.0 -9999.0 -9999.0 -9999.0 -9999.0 -9999.0 -9999.0 -9999.0 -9999.0 -9999.0 -9999.0 -9999.0 -9999.0 -9999.0 -9999.0 -9999.0 -9999.0 -9999.0
-9999.0 -9999.0 -9999.0 -9999.0 -9999.0 -9999.0 -9999.0 -9999.0 -9999.0 -9999.0 -9999.0 -9999.0 -9999.0 -9999.0 -9999.0 -9999.0 -9999.0 -9999.0 -9999.0 -9999.0 -9999.0 -9999.0 -9999.0 -59.669673 56.028986 -641.703388 -711.168785 -1688.824136 -1002.550174 -62.612437 -52.296608 -76.893721 -9999.0 -9999.0 -9999.0 -9999.0 -9999.0 -9999.0 -9999.0 -9999.0 -9999.0 -9999.0 -9999.0 -9999.0 -9999.0 -9999.0 -9999.0 -9999.0 -9999.0 -9999.0 -9999.0 -9999.0 -9999.0 -9999.0 -9999.0 -9999.0 -9999.0 -9999.0 -9999.0
-9999.0 -9999.0 -9999.0 -9999.0 -9999.0 -9999.0 -9999.0 -9999.0 -9999.0 -9999.0 -9999.0 -9999.0 -9999.0 -9999.0 -9999.0 -9999.0 -9999.0 -9999.0 178.414950 -50.979780 -9999.0 68.976818 187.556962 -965.789432 -574.359999 -21217.119834 -352.908397 -197.959296 -101.570599 -336.077061 -38.827950 -39.395550 -799.845712 -799.012360 -9999.0 -9999.0 -9999.0 -9999.0 -9999.0 -9999.0 -9999.0 -9999.0 -9999.0 -9999.0 -9999.0 -9999.0 -9999.0 -9999.0 -9999.0 -9999.0 -9999.0 -9999.0 -9999.0 -9999.0 -9999.0 -9999.0 -9999.0 -9999.0 -9999.0
-9999.0 -9999.0 -9999.0 -9999.0 -9999.0 -9999.0 -9999.0 -9999.0 -9999.0 -9999.0 -9999.0 -9999.0 -9999.0 -9999.0 -9999.0 -9999.0 -9999.0 -863.897442 -162.502863 -845613.125043 -800.514436 -346.031265 -352.980339 -5328.875664 -396.793503 -376.003648 -201.087267 181.987299 -164.386176 -130.159154 200.672886 -14.421478 -800.909091 -800.643724 -799.141842 -798.208534 -9999.0 -9999.0 -9999.0 -9999.0 -9999.0 -9999.0 -9999.0 -9999.0 -9999.0 -9999.0 -9999.0 -9999.0 -9999.0 -9999.0 -9999.0 -9999.0 -9999.0 -9999.0 -9999.0 -9999.0 -9999.0 -9999.0 -9999.0
-9999.0 -9999.0 -9999.0 -9999.0 -9999.0 -9999.0 -9999.0 -9999.0 -9999.0 -9999.0 -9999.0 -9999.0 -9999.0 -54.227934 -112.768273 -499.273830 -733.104623 -798.562950 -830.382667 -1288.727501 -489.173341 -920.227511 -7316.245992 -332.250254 -312.649172 -34.841199 -156980.053326 -1035.486911 -1266.912168 -163.579217 6197.788482 222.372215 -30.215008 -56.705247 -798.675641 -798.166511 -9999.0 -9999.0 -9999.0 -9999.0 -9999.0 -9999.0 -9999.0 -9999.0 -9999.0 -9999.0 -9999.0 -9999.0 -9999.0 -9999.0 -9999.0 -9999.0 -9999.0 -9999.0 -9999.0 -9999.0 -9999.0 -9999.0 -9999.0
-9999.0 -9999.0 -9999.0 -9999.0 -9999.0 -9999.0 -9999.0 -9999.0 -9999.0 -9999.0 -9999.0 -9999.0 -9999.0 191.059172 -118.358675 -646.670418 -715.439149 -77.541726 -799.020886 -1031.666658 -929.542329 -358.945094 -264.447853 -344.908714 102.232756 -1116.461679 -87.415619 -798.855488 -798.845043 -1131.947519 186.189517 -79.500944 -798.854362 -798.741598 -798.712071 -9999.0 -9999.0 -9999.0 -9999.0 -9999.0 -9999.0 -9999.0 -9999.0 -9999.0 -9999.0 -9999.0 -9999.0 -9999.0 -9999.0 -9999.0 -9999.0 -9999.0 -9999.0 -9999.0 -9999.0 -9999.0 -9999.0 -9999.0 -9999.0
-9999.0 -9999.0 -9999.0 -9999.0 -9999.0 -9999.0 -9999.0 -9999.0 -9999.0 -9999.0 -9999.0 -9999.0 -9999.0 -239.148892 663.407147 -558.126493 -595.224353 -698.099557 -799.064563 -634.487489 -28.444276 -190421.701815 161.037981 -310.172174 -104.451663 74.231708 -799.873783 -798.745718 -41.616986 -798.788466 -71.671099 -798.741222 -798.654614 -798.662706 -798.675634 -9999.0 -9999.0 -9999.0 -9999.0 -9999.0 -9999.0 -9999.0 -9999.0 -9999.0 -9999.0 -9999.0 -9999.0 -9999.0 -9999.0 -9999.0 -9999.0 -9999.0 -9999.0 -9999.0 -9999.0 -9999.0 -9999.0 -9999.0 -9999.0
-9999.0 -9999.0 -9999.0 -9999.0 -9999.0 -9999.0 -9999.0 -9999.0 -9999.0 -9999.0 -9999.0 -9999.0 -1177.373576 4182.545729 -76.392627 -115.975493 -145.032788 -462.978171 -226.955801 -251135.233439 -529.108962 -292.285149 -50019.542407 -184.547081 2324.113323 -72.027883 815.492540 -55.362909 -8.964404 -798.801816 -215.075147 -799.137638 -27.633198 -798.967530 -9999.0 -9999.0 -9999.0 -9999.0 -9999.0 -9999.0 -9999.0 -9999.0 -9999.0 -9999.0 -9999.0 -9999.0 -9999.0 -9999.0 -9999.0 -9999.0 -9999.0 -9999.0 -9999.0 -9999.0 -9999.0 -9999.0 -9999.0 -9999.0 -9999.0
-9999.0 -9999.0 -9999.0 -9999.0 -9999.0 -9999.0 -9999.0 -9999.0 -9999.0 -9999.0 -9999.0 199.740331 194.265058 437.034567 -92.140802 193.507357 -154813.511918 -228.186975 0.000000 -203583.974165 -404.581048 180.319083 -25.836937 -57.495605 -925.986856 -36.090538 -96.072819 -27.450240 2176.561150 -798.705895 -799.133273 -10.280699 -798.654135 -799.267644 -799.027158 -800.855204 -258.074873 -293.632841 -698.767349 -9999.0 -9999.0 -9999.0 -799.630336 -9999.0 -9999.0 -9999.0 -9999.0 -9999.0 -9999.0 -9999.0 -9999.0 -9999.0 -9999.0 -9999.0 -9999.0 -9999.0 -9999.0 -9999.0 -9999.0
-9999.0 -9999.0 -9999.0 -9999.0 -9999.0 -9999.0 -9999.0 -9999.0 -9999.0 -9999.0 -9999.0 186.036167 185.518140 -1000.408357 -30.919201 -87.920383 -135.172653 -478.673423 -105.704129 204.174899 187.246826 -22.410989 193.847250 189.016161 199.711083 -51.679304 -35.330023 -15.146844 -798.673234 -798.925289 -21.890827 40.770733 -49.601140 -47.137054 -135.626488 -64.980548 -140.740958 -231.372744 -237.844893 -801.460154 -801.116814 -798.491396 -31.287839 -798.861755 -9999.0 -9999.0 -9999.0 182.470928 -68.911491 -798.434820 -46.741229 -798.289766 -798.296418 178.352109 190.690580 -798.798682 -9999.0 -9999.0 -9999.0
-9999.0 -9999.0 -9999.0 -9999.0 -9999.0 -9999.0 -9999.0 -9999.0 -9999.0 -9999.0 -9999.0 209.751766 180.609026 -389.585723 198.051381 -37.396738 185.524976 181.298278 202.835752 -89.027859 196.645926 -613.313283 171.709465 193.227525 -56.693428 -800.237046 181.999195 1147.573491 -799.073373 -60.228055 -798.651821 -425.194097 -28.879137 -61.347345 -799.159214 -116.018817 -1543.017164 -119321.390333 -266.709317 -801.795066 -277.915784 -456.049284 -43.336130 -45.663078 -81.296167 -9999.0 -798.912916 -46.604377 -27.535270 -14.520540 -105.325650 -799.307733 -93.988658 -9.967831 -74.542501 -34.871952 -9999.0 -9999.0 -9999.0
-9999.0 -9999.0 -9999.0 -9999.0 -9999.0 -9999.0 -9999.0 -9999.0 -9999.0 -9999.0 -9999.0 -9999.0 201.177571 207.383274 184.953145 192.779480 178.156057 171.974596 225.545247 52.213502 179.098333 -626.897032 -584.664056 184.942041 106.196864 178.383668 1494.895111 -197.397192 -47.071403 -798.775750 -28.019195 257.259788 -198.315103 -43.263630 -64.136670 -114.649494 -1705.130664 -2383.117561 -1850.070550 -605.394998 -1169.603696 -800.140999 -854.859847 25.857452 -800.148003 -44.184358 -798.807218 -51.763758 -558.095322 188.622995 179.533729 333.577029 980.833411 267.240196 218.754226 195.088563 191.511532 -9999.0 -9999.0
-9999.0 -9999.0 -9999.0 -9999.0 -9999.0 -9999.0 -9999.0 -9999.0 -9999.0 -9999.0 -9999.0 193.791004 187.685135 -201.506790 221.641328 200.511832 197.450218 182.060752 203.704409 -135.378462 183.916428 192.472933 196.525862 -537.386016 35.560301 197.192873 186.839875 -63.735654 -74.354831 -800.411661 180.089461 293.462599 -9.193280 -31.837835 -75.287599 -37.302773 -331.277578 -92227.746956 -1243.330809 -253.464717 -50245.459656 -1965.873148 -5.769315 -223818.581786 -22.093733 -59.385988 -16.162536 -800.362788 -800.350972 -33351.182193 -157535.797252 -75.042813 213.054947 -152276.369178 -149897.534635 -798.812285 -798.442173 -9999.0 -9999.0
-9999.0 -9999.0 -9999.0 -9999.0 -9999.0 -9999.0 -9999.0 -9999.0 -9999.0 -9999.0 1500.536883 196.760748 187.688932 189.738987 186.263490 1375.233480 1376.938864 -75.336257 -467.877092 -315.362838 214.679974 204.327958 -259.009499 -54.106357 184.479197 1573.694494 -396.715276 -152871.914228 -143.748522 -22.199652 279.999464 647.387946 -27.710026 -45.867747 -798.724936 -799.999206 -124.959374 -1345.956094 -1205.157879 -1144.782577 -22801.155102 -151642.469634 -797.468831 -331.876393 -14.250347 -800.472015 -26.954377 -718.312370 193.839088 -8.588474 -152897.795035 -799.006949 -149426.223058 -798.904136 -799.138897 -25.332324 -23.881822 -9999.0 -9999.0
-9999.0 -9999.0 -9999.0 -9999.0 -9999.0 -9999.0 -9999.0 -9999.0 -9999.0 -53.549597 198.579461 216.778957 197.432923 177.749351 215.376821 207.092309 -4.221976 53.895686 -105.899664 -546.240639 201.497407 -386.317190 -296.567029 -257.036507 -180.710991 -215.151319 -70.027375 -18.707715 -611.903495 184.427407 169.515960 -5737.317817 -798.589253 -798.671671 -798.712458 -799.109357 -28.475844 -311.642186 -1079.703084 20.804733 -227.749420 -319.338960 -587.485158 -898.140301 -419.464174 -868.837207 -12.885730 -1066.413569 -922.904821 166.120625 -21975.768715 -798.535866 -798.911648 -799.093086 -798.714574 -284.057978 278.399861 -794.243270 -799.773495
-9999.0 -9999.0 -9999.0 -9999.0 -9999.0 -9999.0 -9999.0 -9999.0 -9999.0 -130.434081 -54.093342 -45.022796 3071.900229 178.586566 -28.066745 -51.130241 185.761948 172.921518 -75.011451 -544.766518 -441.355953 -428.519990 -195.573502 182.153553 -209.416749 -129.499767 8.996471 172.495111 -149.535113 -105.732872 -123.239967 -203.410959 -36.406555 -50.756472 -20.126778 -800.921265 -800.302830 -800.677707 -115.272993 -23.426889 175.533457 -680.145115 -614.339033 -155.532667 -372.491180 -428.291665 -234.309488 -1439.640698 -1137.280864 -190.251484 -5099.100219 -308.006050 -799.019527 -74.898066 -797.589512 222.693316 -254.887123 231.770558 -797.726855
-9999.0 -9999.0 -9999.0 -9999.0 -9999.0 -9999.0 -9999.0 -9999.0 -9999.0 -9999.0 -54.122755 -28.339088 191.018684 1774.418440 -630.299227 -39.216155 181.267209 176.118886 -126.721237 -637.989350 -303.555144 -314.604764 -45.534976 -205.007683 -140.613323 -73.824623 -3.391675 -113.075396 -114.736307 173.180080 -185.386879 2913.279283 -315.998893 -58.383021 -14.688706 -4.060027 -118.732036 176.944043 -798.921647 -57.182183 -99.319989 -40.351255 3086.892703 -650.953022 -235.888276 16.541158 -292.087343 -176.347623 -933.774022 -709.812843 -5812.102376 -17405.654786 -798.594155 -798.980901 191.906245 -58.694458 205.007348 9297.405738 -434.779342
-9999.0 -9999.0 -9999.0 -9999.0 -9999.0 -9999.0 -9999.0 -9999.0 -9999.0 -9999.0 -44.434566 -39.554710 184.451793 192.805705 -49.833800 -3.143334 -13.428162 -392.173642 -753.494009 -695.029480 -723.667814 -396.476443 -193.362873 -219.306665 -138.685482 -145.515503 -123.312874 178.464103 178.510472 -271.275651 -56.203097 210.105354 -152781.616191 -68.022268 -55.250645 196.697552 2562.120582 191.615956 -561.518454 -63.444993 -33.027575 -798.079685 213.959744 -54.911544 184.731486 -6180.061866 179.222428 -236.491051 -270.619987 -714.734570 -294.568670 -437.241050 194.892067 -798.355995 -798.879501 -799.080765 -73.933496 -354.626199 322.774235
-9999.0 -9999.0 -9999.0 -9999.0 -9999.0 -9999.0 -9999.0 -9999.0 187.402032 -26.179592 -203.800469 192.145074 366.644498 214.401733 186.530591 -168.869044 -372.522308 -484.714970 -800.447926 -723.305688 -854.223333 -845.122991 -566.079039 -571.021203 -456.330335 -183.377033 190.979761 176.819266 195.418646 -287.085541 -798.779519 -45.796043 -40.460751 -54.286972 -31.532997 -97.021076 -31.791170 182.483526 -228.975095 -798.524494 -798.877877 197.325405 -152900.702781 -798.740824 -800.494578 1548.115780 -216.343487 176.249670 -228.944530 -65.476341 178.566941 -5135.646356 189.635235 -288.236872 -799.853348 -71.694066 -792.323811 27.931418 -508.340619
-9999.0 -9999.0 -9999.0 -9999.0 -9999.0 -9999.0 -9999.0 -9999.0 -383.668182 205.574154 -359.283613 -63.432489 -51.381358 1330.079252 178.142334 176.002092 82.151338 -336.124485 -1005.848443 -778.459559 -496.366997 -652.305010 -452.876892 -489.036835 -1010.606735 -169.200044 189.308571 185.708209 -152775.452127 -32.813694 -38.326985 -800.331810 -21.055925 -798.254836 202.543859 185.345994 -6.122011 206.467330 -497.057152 -27.417756 -60.896743 -767.917340 -798.773473 -26.391522 1865.282559 194.955759 -152897.722704 -45.762005 -478.213385 171.767274 -30.994001 180.452890 185.839224 -16.497396 -94.581784 -152792.864813 -466.277198 -473.870108 -571.490151
-9999.0 -9999.0 -9999.0 -9999.0 -9999.0 -9999.0 -9999.0 -9999.0 -53.118099 1796.010955 -112.988942 -302.805602 310.398735 -152818.849267 186.440125 -231.455832 -188.044486 -654.085998 -1131.312385 -460.945369 -802.800640 -692.083226 -678.330222 -872.654097 -432.808661 48.466614 170.936140 173.516427 -152844.947700 -26.838101 -800.223175 194.852015 190.041754 -20188.880471 198.345057 13.946121 -474.873250 -235.985791 -194.022779 -369.218983 -41.028994 -798.458932 193.929871 1879.231478 194.200235 193.093017 -800.268220 27.247432 169.192146 -227.167225 -177.229706 165.773230 -190.193785 -180.627329 -421.974551 188.494840 176.302064 177.304926 190.854168
-9999.0 -9999.0 -9999.0 -9999.0 -9999.0 -9999.0 -9999.0 -9999.0 -798.578682 -26.344705 211.512812 -184785.754180 202.886939 190.565634 -5106.666267 161.373442 -365.260301 -844.910923 -391.963794 -833.140768 -782.826648 -778.000500 -671.381227 -630.291296 -612.058908 -108.982761 84.465931 -221.293268 3.654841 -525.388552 -537.586084 -568.732572 -24123.617800 197.059929 -21404.819592 -86.873633 -65.930151 -95.393747 -188.893014 -377.403438 -44.139080 -23.605030 -19.405985 -799.441539 -44.657456 -800.102431 -136.445536 -799.698761 -76.901459 -554.492789 -69.372753 -123.072552 165.659620 -73.282534 180.137645 193.216760 197.275877 421.278104 199.417983
-9999.0 -9999.0 -9999.0 -9999.0 -9999.0 -9999.0 -9999.0 -9999.0 167.663895 181.594319 2996.372182 -181.377795 -178.599925 185.363576 186.339996 196.430259 -76.943018 -28.303355 -103.563501 -226.781153 -773.802091 -772.801290 -749.757964 -700.193048 -554.165370 -334.367565 -142.020309 -60.595391 54.315022 196.378006 -232.063303 191.451573 -606.261537 199.879324 -494.645967 -491.901560 -489.444645 -78.350229 -193.441885 185.988023 -435.029531 -18918.595759 -487.101726 -23837.494669 -471.227024 -37.922563 -578.803371 -531.641014 -608.792965 -602.580038 -647.467276 -374.684575 -180.035642 -10.203971 406.528924 405.864630 199.822823 200.149370 220.438108
-9999.0 -9999.0 -187.669850 194.380498 887.978702 198.169201 278.474278 212.629430 189.288305 192.477883 187.677751 257.172117 212.034288 207.332496 18.290385 -87.301896 -196.211033 168.910253 1.728258 -53.824150 -400.959641 -610.002611 -387.690941 -897.271221 -682.921332 -731.382185 -405.167110 -235.752300 169.154940 195.770620 -78.700191 174.813789 319.091492 173.133703 179.692483 162.805828 174.202683 -80.013560 -185.876783 -179.031704 -480.758602 -550.996666 -239.584931 171.509487 -257.238707 -655.884454 173.418667 179.662147 -695.936435 171.643114 -293.612245 -464.072925 196.614387 197.977284 200.369240 199.015982 243.330891 198.644322 171.469539
-9999.0 185.405053 191.611703 190.264820 -32.400113 241.449030 274.551388 209.061969 208.873521 -45.851793 188.052586 183.012794 220.459680 247.592796 179.885359 -169.815159 180.871867 183.678934 -61.742493 -49.475078 -700.156822 184.724763 239.185849 -567.934220 -685.159469 -874.018407 -612.732751 -590.134305 189.553458 185.731417 -694.107627 -217.254321 231.307977 225.920120 185.188017 -283.179978 -70.414406 -105.461894 193.074716 173.322095 167.937498 187.579550 189.141920 165.870140 -171.615652 -117.937513 180.761989 161.355614 193.241327 -371.134657 -180.541400 196.075921 240.377682 251.445160 244.512218 191.455021 189.009358 179.228738 184.384842
