user2019/resources/simulation/Vinschgau/output-maps/psiL0001N0778.asc
ncols         63
nrows         48
xllcorner     598000.000000
yllcorner     5145000.000000
cellsize      1000.000000
NODATA_value  -9999.0
[rows 0 to 25 of 48, columns 0 to 57 of 63]
-9999.0 -9999.0 -9999.0 -9999.0 -9999.0 -9999.0 -9999.0 -9999.0 -9999.0 -9999.0 -9999.0 -9999.0 -9999.0 -9999.0 -9999.0 -9999.0 -9999.0 -9999.0 -9999.0 -9999.0 -9999.0 -9999.0 -9999.0 -9999.0 -9999.0 -9999.0 -9999.0 -9999.0 -9999.0 -9999.0 -9999.0 -9999.0 -9999.0 -9999.0 -9999.0 -9999.0 -9999.0 -9999.0 -9999.0 -9999.0 -9999.0 -9999.0 -9999.0 -9999.0 -9999.0 -9999.0 -9999.0 -9999.0 -9999.0 -9999.0 -9999.0 -9999.0 -9999.0 -9999.0 -9999.0 -9999.0 -9999.0 -9999.0
-9999.0 -9999.0 -9999.0 -9999.0 -9999.0 -9999.0 -9999.0 -9999.0 -9999.0 -9999.0 -9999.0 -9999.0 -9999.0 -9999.0 -9999.0 -9999.0 -9999.0 -9999.0 -9999.0 -9999.0 -9999.0 -9999.0 -9999.0 -9999.0 -9999.0 -9999.0 -9999.0 55709.803029 15934.142844 -57.569228 46214.017062 227599.448024 -137.430364 -9999.0 -9999.0 -9999.0 -9999.0 -9999.0 -9999.0 -9999.0 -9999.0 -9999.0 -9999.0 -9999.0 -9999.0 -9999.0 -9999.0 -9999.0 -9999.0 -9999.0 -9999.0 -9999.0 -9999.0 -9999.0 -9999.0 -9999.0 -9999.0 -9999.0
-9999.0 -9999.0 -9999.0 -9999.0 -9999.0 -9999.0 -9999.0 -9999.0 -9999.0 -9999.0 -9999.0 -9999.0 -9999.0 -9999.0 -9999.0 -9999.0 -9999.0 -9999.0 -9999.0 -9999.0 -9999.0 -9999.0 -9999.0 -9999.0 4120.720444 2809.975004 1730.162500 3728.840878 -172.911168 -159.321976 102784.589471 -9999.0 -9999.0 -9999.0 -9999.0 -9999.0 -9999.0 -9999.0 -9999.0 -9999.0 -9999.0 -9999.0 -9999.0 -9999.0 -9999.0 -9999.0 -9999.0 -9999.0 -9999.0 -9999.0 -9999.0 -9999.0 -9999.0 -9999.0 -9999.0 -9999.0 -9999.0 -9999.0
-9999.0 -9999.0 -9999.0 -9999.0 -9999.0 -9999.0 -9999.0 -9999.0 -9999.0 -9999.0 -9999.0 -9999.0 -9999.0 -9999.0 -9999.0 -9999.0 -9999.0 -9999.0 -9999.0 -9999.0 -9999.0 -9999.0 -9999.0 2405.602312 900.126871 -719.947934 -541.729554 -909.055047 -228.640158 2264.517070 52079.713269 148082.705919 -9999.0 -9999.0 -9999.0 -9999.0 -9999.0 -9999.0 -9999.0 -9999.0 -9999.0 -9999.0 -9999.0 -9999.0 -9999.0 -9999.0 -9999.0 -9999.0 -9999.0 -9999.0 -9999.0 -9999.0 -9999.0 -9999.0 -9999.0 -9999.0 -9999.0 -9999.0
-9999.0 -9999.0 -9999.0 -9999.0 -9999.0 -9999.0 -9999.0 -9999.0 -9999.0 -9999.0 -9999.0 -9999.0 -9999.0 -9999.0 -9999.0 -9999.0 -9999.0 -9999.0 65.679474 1075.703405 -9999.0 1499.134149 907.975139 -504.181098 -468.548468 -1444.514005 17.759522 308.245520 4.910254 11065.849605 12242.234565 53825.161096 96196.995085 63661.582689 -9999.0 -9999.0 -9999.0 -9999.0 -9999.0 -9999.0 -9999.0 -9999.0 -9999.0 -9999.0 -9999.0 -9999.0 -9999.0 -9999.0 -9999.0 -9999.0 -9999.0 -9999.0 -9999.0 -9999.0 -9999.0 -9999.0 -9999.0 -9999.0
-9999.0 -9999.0 -9999.0 -9999.0 -9999.0 -9999.0 -9999.0 -9999.0 -9999.0 -9999.0 -9999.0 -9999.0 -9999.0 -9999.0 -9999.0 -9999.0 -9999.0 -2750.158745 -732.740880 -95.365756 3762.142557 24264.397748 15048.164202 1034.976315 -323.559164 9384.307188 299846.557634 14553.059016 136903.613779 1230.123640 -156.786132 -155.054624 -61.395514 4591.817763 44929.046888 9840.739292 -9999.0 -9999.0 -9999.0 -9999.0 -9999.0 -9999.0 -9999.0 -9999.0 -9999.0 -9999.0 -9999.0 -9999.0 -9999.0 -9999.0 -9999.0 -9999.0 -9999.0 -9999.0 -9999.0 -9999.0 -9999.0 -9999.0
-9999.0 -9999.0 -9999.0 -9999.0 -9999.0 -9999.0 -9999.0 -9999.0 -9999.0 -9999.0 -9999.0 -9999.0 -9999.0 688.242443 575.172954 -923.757528 -2918.539310 -5268.541057 -2580.155568 -761.799977 -467.632391 -404.484204 -562.926739 -280.365163 18624.987850 1322.966644 169542.166093 -161.143603 115398.582108 19134.507883 -185.016389 -174.615370 -144.957577 -135.332018 -43.259427 82909.514820 -9999.0 -9999.0 -9999.0 -9999.0 -9999.0 -9999.0 -9999.0 -9999.0 -9999.0 -9999.0 -9999.0 -9999.0 -9999.0 -9999.0 -9999.0 -9999.0 -9999.0 -9999.0 -9999.0 -9999.0 -9999.0 -9999.0
-9999.0 -9999.0 -9999.0 -9999.0 -9999.0 -9999.0 -9999.0 -9999.0 -9999.0 -9999.0 -9999.0 -9999.0 -9999.0 560.950208 -458.987192 -1160.923273 -2704.455977 -343.779571 -5373.014766 -791.915342 -1520.782553 -384.935822 -436.665924 137.147690 1999.946531 10119.580581 16254.533288 -15.618229 96628.243320 385762.773357 -163.335571 103848.764518 57447.077560 535.801175 -28.528198 -9999.0 -9999.0 -9999.0 -9999.0 -9999.0 -9999.0 -9999.0 -9999.0 -9999.0 -9999.0 -9999.0 -9999.0 -9999.0 -9999.0 -9999.0 -9999.0 -9999.0 -9999.0 -9999.0 -9999.0 -9999.0 -9999.0 -9999.0
-9999.0 -9999.0 -9999.0 -9999.0 -9999.0 -9999.0 -9999.0 -9999.0 -9999.0 -9999.0 -9999.0 -9999.0 -9999.0 -548.947744 664.939458 -706.923001 -1397.226007 -2480.619865 -5708.472602 -2542.748478 -264.834040 -21.502443 3324.244398 78842.692095 1348.945007 5819.105314 5057.394227 96411.102923 117604.124706 448.450436 99011.967105 426.630912 576.910558 500.163680 14679.083384 -9999.0 -9999.0 -9999.0 -9999.0 -9999.0 -9999.0 -9999.0 -9999.0 -9999.0 -9999.0 -9999.0 -9999.0 -9999.0 -9999.0 -9999.0 -9999.0 -9999.0 -9999.0 -9999.0 -9999.0 -9999.0 -9999.0 -9999.0
-9999.0 -9999.0 -9999.0 -9999.0 -9999.0 -9999.0 -9999.0 -9999.0 -9999.0 -9999.0 -9999.0 -9999.0 566.546060 6532.406587 -391.948429 38.360455 -432.558037 -875.218392 -473.000000 -124.189648 -459.592501 19642.390544 15241.793563 46945.282899 -184.159556 22335.603726 -168.690761 96926.715893 -145.715816 15606.707208 19567.771524 78422.771759 -124.723136 72301.522096 -9999.0 -9999.0 -9999.0 -9999.0 -9999.0 -9999.0 -9999.0 -9999.0 -9999.0 -9999.0 -9999.0 -9999.0 -9999.0 -9999.0 -9999.0 -9999.0 -9999.0 -9999.0 -9999.0 -9999.0 -9999.0 -9999.0 -9999.0 -9999.0
-9999.0 -9999.0 -9999.0 -9999.0 -9999.0 -9999.0 -9999.0 -9999.0 -9999.0 -9999.0 -9999.0 741.313439 10.443508 323.885902 -328.270805 457.621308 -17.852384 -689.650401 5.303460 47.761857 -609.366245 158.106388 1179.322631 15100.031540 -172.237003 16645.106371 17399.321441 25965.822297 -162.317453 104082.983650 89924.852042 -147.042380 -44.059768 80195.452117 43147.256666 -45.217450 151460.103793 26747.271221 17136.500209 -9999.0 -9999.0 -9999.0 76237.760020 -9999.0 -9999.0 -9999.0 -9999.0 -9999.0 -9999.0 -9999.0 -9999.0 -9999.0 -9999.0 -9999.0 -9999.0 -9999.0 -9999.0 -9999.0
-9999.0 -9999.0 -9999.0 -9999.0 -9999.0 -9999.0 -9999.0 -9999.0 -9999.0 -9999.0 -9999.0 850.194326 4.368635 16.602306 -372.488737 578.988915 -527.902561 -970.951208 -406.359277 -135.008887 4.654693 705.510163 1289.144326 458060.792868 -151.662465 25883.264163 22755.477156 -149.553780 -57.940681 97002.557412 40175.500424 -169.477713 119128.072775 194850.342193 195803.561195 46840.029410 8735.218392 -1304.219287 -1567.371637 90902.790166 87890.307589 99735.262033 70367.426366 95914.298711 -9999.0 -9999.0 -9999.0 49471.547006 225873.526548 44464.556945 216317.073434 98311.644050 87443.113460 142043.340189 177430.960811 74932.045849 -9999.0 -9999.0
-9999.0 -9999.0 -9999.0 -9999.0 -9999.0 -9999.0 -9999.0 -9999.0 -9999.0 -9999.0 -9999.0 -139.496674 708.488469 -205.630689 494.690107 436.833238 298.868118 -389.621276 -281.099288 -411.394993 -316.303287 7328.873685 219903.247982 4219.357373 33897.871507 50034.026838 321396.527940 -156.298989 70841.222569 189390.374177 91367.020537 -145.332481 -92.862967 186484.633045 92598.431463 -151.317715 -154.724577 -156.103186 -1174.108775 35357.107259 18482.761051 188028.744259 -148.368015 22772.570461 185053.656902 -9999.0 82653.200485 196643.175776 70886.674708 8520.722613 15924.588843 -61.091010 26308.439579 74808.660318 -135.721881 196626.542127 -9999.0 -9999.0
-9999.0 -9999.0 -9999.0 -9999.0 -9999.0 -9999.0 -9999.0 -9999.0 -9999.0 -9999.0 -9999.0 -9999.0 801.103440 -189.102984 551.741499 517.014502 387.913566 -556.287700 9.441308 -300.630187 -385.118247 3111.936468 -167.431453 120320.588050 487201.620596 354338.391616 -134.271254 17686.046016 107183.216118 94016.346485 38986.123823 -153.455965 16476.513904 137510.793766 226779.027931 26145.868223 360906.241853 19082.281131 -1323.893853 -1444.674190 -1206.274736 5435.522755 -150.980570 1652.902949 88910.424498 178201.234691 94481.197104 206483.947423 34381.181618 -162.664703 52209.618691 -160.382156 -159.868443 -156.790754 -144.749449 -139.625892 103430.486701 -9999.0
-9999.0 -9999.0 -9999.0 -9999.0 -9999.0 -9999.0 -9999.0 -9999.0 -9999.0 -9999.0 -9999.0 148720.711617 1278.177879 787.493012 -191.999802 3912.462593 1092.705017 -267.784108 6.279438 -585.552300 -391.373587 595.576666 -120.248270 322510.891379 293251.419773 -180.043276 165027.029465 127570.329647 90161.598877 36253.246604 297087.139938 -164.195255 -172.364945 125924.147929 232368.341425 60814.584174 50919.360378 166881.988636 -287.917633 -1091.478476 96061.231662 7480.078094 -188.298830 56993.675535 948.044966 69445.630620 -141.847095 21395.400671 5694.212171 23614.377025 102561.059920 135965.003884 -137.539559 -27.658149 474.268105 416.402335 -16.856254 -9999.0
-9999.0 -9999.0 -9999.0 -9999.0 -9999.0 -9999.0 -9999.0 -9999.0 -9999.0 -9999.0 -115.447731 34074.663157 1118.604083 1001.052150 701.119013 -206.919388 -208.489198 -25.044193 -1118.709460 -533.253310 9.819346 12.305441 731628.803672 818.931079 15075.817708 -180.628657 422115.422494 153142.129384 15771.970595 1377.661045 -180.449905 -169.304662 9722.133685 157289.003696 104836.144144 82517.664384 15109.658640 -41.285216 26159.268067 2464.840281 1820.106774 -65.526320 -11.541030 10.371272 25179.397517 29354.746595 16730.930461 -153.708243 -180.926151 17319.518706 138990.000384 87245.891996 484.203573 446.152276 473.208428 64002.746481 -131.081123 -9999.0
-9999.0 -9999.0 -9999.0 -9999.0 -9999.0 -9999.0 -9999.0 -9999.0 -9999.0 21314.898327 -170.558850 -168.165605 -184.089142 112923.510275 -183.807148 -185.188366 33895.250777 562.170446 -681.787719 -1219.179521 5.480256 361.866857 -62.919090 1228.982203 6669.310331 699880.775978 559657.070069 1326.470376 36246.283148 13283.076888 6019.727925 499918.824917 90124.044943 452.766940 84037.692966 65731.373218 -151.686552 -146.763738 236739.963850 21441.137624 -199.970303 703574.325371 742766.337530 -379.588529 -150.574992 23591.168630 753.695974 143932.240221 146188.867182 2337.800292 -137.965259 23547.102264 501.339910 100544.155304 76993.476623 -108.616229 -138.670704 92903.625407
-9999.0 -9999.0 -9999.0 -9999.0 -9999.0 -9999.0 -9999.0 -9999.0 -9999.0 -135.367398 -137.322210 5806.907960 5445.002593 11079.460032 35326.032570 120204.088635 773.582270 1194.146996 -748.726508 -517.678280 -413.212300 -585.145749 -235.300489 1044.712358 703298.844215 419356.193048 100980.944380 16087.515719 1330.509437 1060.310164 1580.495345 299267.109790 -138.015048 174021.993062 73263.265868 80563.503981 60572.732264 11387.435645 36725.708432 3510.898060 198812.709304 516746.879226 71754.621475 966.458500 -328.049088 -311.302491 -232.400947 1602.369121 11362.324089 4816.531721 654003.557905 416936.898310 97443.660697 214974.468840 -35.339681 -139.215410 -129.463145 -143.850609
-9999.0 -9999.0 -9999.0 -9999.0 -9999.0 -9999.0 -9999.0 -9999.0 -9999.0 -9999.0 63521.034180 -92.390377 19074.337960 -225.296976 9021.137459 27004.245094 11929.738995 -305.642865 -765.607868 -558.984713 -212.763636 -547.972979 17188.961125 505055.251582 300898.393750 25214.688756 4177.471427 326.371468 1717.148149 591960.080416 559363.859251 -158.552397 419050.380725 184370.826559 -149.017926 -171.947021 1445.098337 1223.569380 64006.901965 59263.128006 122335.203248 1286.541469 5669.260261 24930.840052 3401.274238 1269.217953 -120.675058 -185.774307 -248.672882 4459.446355 428549.727887 34661.179428 93303.821634 80374.599711 240099.490690 148258.155735 -148.234639 -168.276212
-9999.0 -9999.0 -9999.0 -9999.0 -9999.0 -9999.0 -9999.0 -9999.0 -9999.0 -9999.0 116306.898128 16513.446712 1925.769678 -185.769231 177.030742 283.811455 1860.172440 -728.923960 -852.723686 -1408.568156 -2466.114179 -672.294625 33295.994064 23919.717817 23819.953243 1269.541087 5.035613 2990.945238 381926.296600 465108.328071 74719.607925 -168.691174 -46.197703 194696.847142 46909.636053 -168.622586 -182.154475 -163.089115 263968.478868 134906.076413 25050.542096 -69.439507 -161.417024 12093.345804 1138.287849 584075.003525 14930.673127 3226.229383 8.725109 4.958848 4694.806524 149078.889751 172828.763531 38966.390470 111369.943326 112754.122094 242109.764960 270196.690872
-9999.0 -9999.0 -9999.0 -9999.0 -9999.0 -9999.0 -9999.0 -9999.0 10692.568606 18127.815217 168610.185266 12864.866208 -161.367180 -164.198832 -146.772325 -233.965394 -851.832455 -596.912469 -700.643798 -2489.293384 -3059.167909 -1073.760209 -849.434563 249.347735 1348.844523 -216.843687 415.829869 463696.581937 33633.369589 74281.887217 397.580571 61939.974763 44058.385842 151785.536268 -138.114338 33503.670163 817.205714 -183.533316 695888.726926 86226.014141 26421.206137 -171.547814 100400.577351 91129.523623 4977.379850 -118.999782 689537.173970 134762.128835 1788.895296 4.770841 2372.708714 -158.213578 102752.195331 257367.681250 114356.096902 182409.789868 90625.923704 929.405925
-9999.0 -9999.0 -9999.0 -9999.0 -9999.0 -9999.0 -9999.0 -9999.0 -60.299035 -153.229224 390693.836929 142411.608498 16988.898623 -165.982136 757442.696092 1288.972545 -516.277515 -622.229170 -1444.928011 -2479.396935 -430.082289 -539.313334 -554.796712 -512.993926 -874.432147 -322.988314 10.925854 38438.315392 104994.136316 102922.432384 162390.108481 59969.904080 -139.579539 53371.847245 -163.409993 1628.780987 837.379595 -206.085712 78988.569499 13327.329403 55171.604086 15488.111399 58007.356991 11156.410651 -126.778905 166113.913129 150317.897854 15342.961751 45847.976571 7.173061 4.635458 82191.201289 321992.001740 160470.604958 21273.063502 -37.820867 350104.350808 17436.728104
-9999.0 -9999.0 -9999.0 -9999.0 -9999.0 -9999.0 -9999.0 -9999.0 61132.683085 -165.127419 50360.296143 463680.536380 -162.465838 165533.320710 167326.773954 753663.610916 -36.266377 -495.860290 -2518.723045 -542.498396 -2547.447067 -793.336441 -611.762472 -1591.415116 -526.052603 -466.341782 685.155149 667556.415198 167962.668261 26381.092355 37916.347184 -171.053079 217850.071037 370313.825752 2105.982121 749.100550 -185.998280 4.645623 25194.710189 176765.195440 16942.146949 30522.010249 12813.779317 -167.994737 282704.984914 14426.551627 82869.349146 17023.658946 486162.395810 9989.099568 -127.961137 4806.410471 578059.696910 717237.399598 202059.316054 -166.351577 398.759208 11.223676
-9999.0 -9999.0 -9999.0 -9999.0 -9999.0 -9999.0 -9999.0 -9999.0 108417.345300 13647.219831 -157.864175 160916.362810 -157.410988 58845.632057 388632.119500 859.957673 -726.460984 -1629.904267 -415.272593 -2959.962261 -1851.261280 -1873.545484 -766.333305 -1759.075246 -1100.268149 -412.520268 270862.500620 771140.556046 1605.016108 114.425547 170901.727724 18905.530790 12403.431391 -201.575358 56754.528565 799.470598 327.952765 -439.790061 194.480549 17303.792688 1813.073528 1197.070372 4642.358755 4766.347331 15015.889370 29320.120376 15095.758149 8822.031517 16507.336392 241620.601023 5591.810068 -97.671051 7830.611823 114160.003552 -71.048232 14.749248 16.362065 88.568714
-9999.0 -9999.0 -9999.0 -9999.0 -9999.0 -9999.0 -9999.0 -9999.0 195962.733601 15706.248990 -159.281050 677096.074151 -163.254162 -165.929469 980.663940 12.487351 4.682138 -458.690405 90.441807 -602.472033 -2274.135344 -1107.599872 -1609.834237 -1627.476850 -453.695408 -36.694276 763418.303064 25311.554836 7780.195079 -204.859504 618845.605625 4246.430283 19.967560 -177.920847 3166.986082 173.516466 -272.331690 -495.444166 -284.197943 7.916204 1502.493206 3765.061595 1039.060308 10151.180711 175870.559406 898.571587 40449.708353 -163.840378 54147.323169 5446.733003 -228.636183 -486.693526 -276.691846 -282.484945 132.008642 119.719851 5.506060 5.400896
-9999.0 -9999.0 18630.577423 4264.060326 -157.803352 474887.424129 -157.063450 11333.685040 28387.951342 17516.910753 195271.454962 -192.043528 -182.912134 -203.109859 5.312639 4.528948 12373.016466 727418.005443 121179.232620 851.993920 -632.671865 -683.523843 5.110943 -3090.771885 -1132.364913 -666.581023 675.465562 751.818487 -252.626149 301.479253 13585.332435 400.745124 40.040048 -194.105191 -161.209708 -474.336138 -362.241721 -605.895257 -421.444953 -392.740073 -294.265038 -180.498483 5.302007 4.760327 1311.775948 3697.066231 7.971634 5.498293 -69.548031 -322.605209 -426.536207 -570.229234 5.417445 5.561083 5.656026 5.598448 21.891161 11.315993
