user2019/resources/simulation/Vinschgau/output-maps/psiL0003N0206.asc
ncols         63
nrows         48
xllcorner     598000.000000
yllcorner     5145000.000000
cellsize      1000.000000
NODATA_value  -9999.0
[rows 0 to 25 of 48, columns 0 to 57 of 63]
-9999.0 -9999.0 -9999.0 -9999.0 -9999.0 -9999.0 -9999.0 -9999.0 -9999.0 -9999.0 -9999.0 -9999.0 -9999.0 -9999.0 -9999.0 -9999.0 -9999.0 -9999.0 -9999.0 -9999.0 -9999.0 -9999.0 -9999.0 -9999.0 -9999.0 -9999.0 -9999.0 -9999.0 -9999.0 -9999.0 -9999.0 -9999.0 -9999.0 -9999.0 -9999.0 -9999.0 -9999.0 -9999.0 -9999.0 -9999.0 -9999.0 -9999.0 -9999.0 -9999.0 -9999.0 -9999.0 -9999.0 -9999.0 -9999.0 -9999.0 -9999.0 -9999.0 -9999.0 -9999.0 -9999.0 -9999.0 -9999.0 -9999.0
-9999.0 -9999.0 -9999.0 -9999.0 -9999.0 -9999.0 -9999.0 -9999.0 -9999.0 -9999.0 -9999.0 -9999.0 -9999.0 -9999.0 -9999.0 -9999.0 -9999.0 -9999.0 -9999.0 -9999.0 -9999.0 -9999.0 -9999.0 -9999.0 -9999.0 -9999.0 -9999.0 -761.636588 -910.396770 -836.384346 -766.018644 -763.668466 -730.803211 -9999.0 -9999.0 -9999.0 -9999.0 -9999.0 -9999.0 -9999.0 -9999.0 -9999.0 -9999.0 -9999.0 -9999.0 -9999.0 -9999.0 -9999.0 -9999.0 -9999.0 -9999.0 -9999.0 -9999.0 -9999.0 -9999.0 -9999.0 -9999.0 -9999.0
-9999.0 -9999.0 -9999.0 -9999.0 -9999.0 -9999.0 -9999.0 -9999.0 -9999.0 -9999.0 -9999.0 -9999.0 -9999.0 -9999.0 -9999.0 -9999.0 -9999.0 -9999.0 -9999.0 -9999.0 -9999.0 -9999.0 -9999.0 -9999.0 -912.007798 -789.326536 -807.103466 -497.177780 -711.304241 -634.543578 -590.009325 -9999.0 -9999.0 -9999.0 -9999.0 -9999.0 -9999.0 -9999.0 -9999.0 -9999.0 -9999.0 -9999.0 -9999.0 -9999.0 -9999.0 -9999.0 -9999.0 -9999.0 -9999.0 -9999.0 -9999.0 -9999.0 -9999.0 -9999.0 -9999.0 -9999.0 -9999.0 -9999.0
-9999.0 -9999.0 -9999.0 -9999.0 -9999.0 -9999.0 -9999.0 -9999.0 -9999.0 -9999.0 -9999.0 -9999.0 -9999.0 -9999.0 -9999.0 -9999.0 -9999.0 -9999.0 -9999.0 -9999.0 -9999.0 -9999.0 -9999.0 -683.971564 -324.716570 1726.121161 1992.815693 1979.420352 1074.465387 -464.952733 -918.671663 -1219.284349 -9999.0 -9999.0 -9999.0 -9999.0 -9999.0 -9999.0 -9999.0 -9999.0 -9999.0 -9999.0 -9999.0 -9999.0 -9999.0 -9999.0 -9999.0 -9999.0 -9999.0 -9999.0 -9999.0 -9999.0 -9999.0 -9999.0 -9999.0 -9999.0 -9999.0 -9999.0
-9999.0 -9999.0 -9999.0 -9999.0 -9999.0 -9999.0 -9999.0 -9999.0 -9999.0 -9999.0 -9999.0 -9999.0 -9999.0 -9999.0 -9999.0 -9999.0 -9999.0 -9999.0 2272.790402 -117.236125 -9999.0 -540.658781 -602.484380 2197.811796 2272.485507 2148.868398 -158.335961 -180.388499 1597.066461 -34.637269 -406.785164 -991.776448 -894.945118 -925.034429 -9999.0 -9999.0 -9999.0 -9999.0 -9999.0 -9999.0 -9999.0 -9999.0 -9999.0 -9999.0 -9999.0 -9999.0 -9999.0 -9999.0 -9999.0 -9999.0 -9999.0 -9999.0 -9999.0 -9999.0 -9999.0 -9999.0 -9999.0 -9999.0
-9999.0 -9999.0 -9999.0 -9999.0 -9999.0 -9999.0 -9999.0 -9999.0 -9999.0 -9999.0 -9999.0 -9999.0 -9999.0 -9999.0 -9999.0 -9999.0 -9999.0 19821.234689 -73.223966 -214.952735 -868.385558 -221.824893 -169.440676 955.654104 1275.034057 -241.021951 -377.969142 -467.381451 -551.693618 -199.604104 -240.243638 -403.396306 -881.371608 -903.996464 -961.553723 -978.512289 -9999.0 -9999.0 -9999.0 -9999.0 -9999.0 -9999.0 -9999.0 -9999.0 -9999.0 -9999.0 -9999.0 -9999.0 -9999.0 -9999.0 -9999.0 -9999.0 -9999.0 -9999.0 -9999.0 -9999.0 -9999.0 -9999.0
-9999.0 -9999.0 -9999.0 -9999.0 -9999.0 -9999.0 -9999.0 -9999.0 -9999.0 -9999.0 -9999.0 -9999.0 -9999.0 -837.691787 1323.963218 -149.439185 -197.489851 -80.178600 11570.918360 1870.271775 1746.618030 2220.017577 1157.577214 1503.947577 -31.082983 -471.354215 -1024.626126 -624.522834 -656.052004 -758.149721 -367.967132 -488.748690 -599.804127 -748.666255 -981.557404 -979.811208 -9999.0 -9999.0 -9999.0 -9999.0 -9999.0 -9999.0 -9999.0 -9999.0 -9999.0 -9999.0 -9999.0 -9999.0 -9999.0 -9999.0 -9999.0 -9999.0 -9999.0 -9999.0 -9999.0 -9999.0 -9999.0 -9999.0
-9999.0 -9999.0 -9999.0 -9999.0 -9999.0 -9999.0 -9999.0 -9999.0 -9999.0 -9999.0 -9999.0 -9999.0 -9999.0 972.797251 2399.012032 -181.276263 -183.144212 1346.873942 -79.957250 1286.864901 1339.222669 -42.387857 1866.963687 -216.816744 -197.923935 -648.497288 -1220.171414 -981.348012 -978.908134 -601.184295 -475.781576 -650.626769 -981.307674 -981.445800 -981.786265 -9999.0 -9999.0 -9999.0 -9999.0 -9999.0 -9999.0 -9999.0 -9999.0 -9999.0 -9999.0 -9999.0 -9999.0 -9999.0 -9999.0 -9999.0 -9999.0 -9999.0 -9999.0 -9999.0 -9999.0 -9999.0 -9999.0 -9999.0
-9999.0 -9999.0 -9999.0 -9999.0 -9999.0 -9999.0 -9999.0 -9999.0 -9999.0 -9999.0 -9999.0 -9999.0 -9999.0 1499.686875 2231.522184 1631.057585 -195.321042 -182.409853 -78.507220 941.071869 987.441485 -1806.722911 -209.083993 -425.587691 -939.379211 -155.887974 -818.034747 -979.827971 -1011.671607 -980.012586 -641.299435 -980.301264 -979.463341 -977.383218 -978.944713 -9999.0 -9999.0 -9999.0 -9999.0 -9999.0 -9999.0 -9999.0 -9999.0 -9999.0 -9999.0 -9999.0 -9999.0 -9999.0 -9999.0 -9999.0 -9999.0 -9999.0 -9999.0 -9999.0 -9999.0 -9999.0 -9999.0 -9999.0
-9999.0 -9999.0 -9999.0 -9999.0 -9999.0 -9999.0 -9999.0 -9999.0 -9999.0 -9999.0 -9999.0 -9999.0 1484.303689 2566.381685 2118.071945 -422.376205 -190.516124 -180.652517 1416.944996 -141.310073 497.517437 -589.144029 -786.417991 -650.271695 -496.394331 -695.180556 -643.105811 -1321.639443 -569.911367 -980.711478 -658.941072 -906.967713 -1001.143039 -978.902485 -9999.0 -9999.0 -9999.0 -9999.0 -9999.0 -9999.0 -9999.0 -9999.0 -9999.0 -9999.0 -9999.0 -9999.0 -9999.0 -9999.0 -9999.0 -9999.0 -9999.0 -9999.0 -9999.0 -9999.0 -9999.0 -9999.0 -9999.0 -9999.0
-9999.0 -9999.0 -9999.0 -9999.0 -9999.0 -9999.0 -9999.0 -9999.0 -9999.0 -9999.0 -9999.0 -667.355186 -238.835283 1338.138617 -442.015977 -919.099509 -1219.943036 -204.265222 1127.970803 -128.150761 2418.632582 1394.586839 -1335.240527 -672.461154 -643.770380 -374.512115 -702.187203 -1075.443666 -1024.228450 -979.508273 -926.114623 -453.855517 -974.900408 -981.927269 -1034.531181 -1159.143352 -557.987552 -133.648651 -282.659656 -9999.0 -9999.0 -9999.0 -982.391134 -9999.0 -9999.0 -9999.0 -9999.0 -9999.0 -9999.0 -9999.0 -9999.0 -9999.0 -9999.0 -9999.0 -9999.0 -9999.0 -9999.0 -9999.0
-9999.0 -9999.0 -9999.0 -9999.0 -9999.0 -9999.0 -9999.0 -9999.0 -9999.0 -9999.0 -9999.0 -1121.032373 -511.099117 1554.259760 992.258684 -542.567984 1171.939531 -128.612427 1106.909438 1049.818636 1731.166793 2160.052324 -1231.338021 -637.441733 -623.981922 -650.178879 -887.380879 -801.815182 -900.296435 -981.108315 -469.754131 -675.654086 -966.253335 -1415.620579 -1269.265768 -1042.541053 -239.179181 -252.073403 -218.458600 -1394.718905 -1415.551277 -1056.799936 -468.342054 -982.406864 -9999.0 -9999.0 -9999.0 -651.882522 -511.835354 -845.309862 -207.013767 -759.505916 -779.900211 1792.097422 1678.104573 -861.291552 -9999.0 -9999.0
-9999.0 -9999.0 -9999.0 -9999.0 -9999.0 -9999.0 -9999.0 -9999.0 -9999.0 -9999.0 -9999.0 -793.724880 -716.989835 -183.939637 -837.344017 -931.851103 617.779505 -88.977118 1471.012657 1015.117491 2213.198119 262.937912 -256.639717 -279.967793 -636.404510 -866.808402 -337.622932 -598.407183 -981.795799 -395.702342 -983.208248 -464.625560 -417.269395 -1393.445410 -1029.991375 -112.257506 -336.926617 -872.092680 -1941.010866 -212.911939 -255.673590 -248.278201 -205.221397 -940.430502 -1312.621475 -9999.0 -976.750140 -830.796046 -280.750479 1884.076331 1424.586080 -190.618736 1815.223925 2426.719232 2504.482084 2118.370446 -9999.0 -9999.0
-9999.0 -9999.0 -9999.0 -9999.0 -9999.0 -9999.0 -9999.0 -9999.0 -9999.0 -9999.0 -9999.0 -9999.0 -687.402353 -647.704937 1266.924751 -165.815457 -214.623262 -190.594915 1134.994898 965.454492 2212.086670 1406.066290 1926.332229 -207.696160 -483.116898 -329.754114 2175.421622 -704.971701 -669.178107 -917.470473 -732.565668 -244.465610 -1149.757848 -1321.440274 -802.963420 -1319.925963 -524.956704 -523.451360 -2280.387988 -424.410687 -195.976911 -1281.905758 -177.870348 -141.227310 -875.364159 -1042.758200 -890.114345 -899.699306 -255.301062 -236.872128 -238.672852 -181.756834 608.000244 -67.456352 -666.410218 -587.936871 -310.188803 -9999.0
-9999.0 -9999.0 -9999.0 -9999.0 -9999.0 -9999.0 -9999.0 -9999.0 -9999.0 -9999.0 -9999.0 -282.737571 -763.502919 -463.836327 975.953241 1015.835280 -143.737178 -183.187656 1916.149042 -169.570769 -207.238392 2355.635784 1036.313265 -303.374636 -249.954724 1367.753569 -516.282654 -642.522463 -555.722950 -831.931252 -269.188646 -285.177711 948.961083 -1449.151150 -850.682430 -1383.890158 -787.622668 -634.288360 22024.795548 -1278.868843 -195.985427 -62.438831 -85.149982 -1413.349420 1446.512200 -1248.351186 -432.351321 -316.067794 -256.337816 596.028668 -782.958775 -615.239895 -774.689736 -803.659730 -979.294511 -961.119218 -685.853636 -9999.0
-9999.0 -9999.0 -9999.0 -9999.0 -9999.0 -9999.0 -9999.0 -9999.0 -9999.0 -9999.0 -772.708384 702.323414 -194.797667 -571.683547 1740.048374 998.707120 -252.161260 -91.674466 -193.031447 -189.607043 1495.526590 893.741619 1104.950765 2322.247947 1306.489071 -243.001115 -607.565199 -799.723204 1489.756520 2166.341741 -134.966006 -556.884535 -1048.180525 -779.058820 -981.365205 -973.064341 -237.474836 69185.134246 -225.085361 26339.756515 14489.456528 -92.266306 -110.586904 20296.615456 1017.927375 -815.825505 -474.244063 -258.197808 446.870422 -23.769191 -837.223361 -969.804343 -978.427469 -963.269471 -963.832728 1974.827896 1876.711586 -9999.0
-9999.0 -9999.0 -9999.0 -9999.0 -9999.0 -9999.0 -9999.0 -9999.0 -9999.0 -674.035656 -1177.794474 -466.679233 1273.204181 -220.480509 1047.258449 -390.599930 -597.791249 1458.978397 918.364755 21494.270843 1174.273083 1235.350282 1321.895731 1626.626850 -203.633930 -664.095371 -302.795833 2103.998534 1389.735029 1625.154516 832.403443 -644.153287 -982.793761 -980.708804 -981.190379 -984.608439 -630.832519 -593.313143 -729.661772 -531.131279 84946.342967 -592.200957 -611.769990 -173.246759 -48.518122 -36.804261 1933.727443 -331.458427 -258.999368 1952.932527 -199.781502 -709.480849 -971.889610 -971.900168 -798.024656 -450.160204 1621.720790 -61.525885
-9999.0 -9999.0 -9999.0 -9999.0 -9999.0 -9999.0 -9999.0 -9999.0 -9999.0 -1221.430270 -743.297131 -1031.677876 2519.864677 1314.473358 879.101690 -190.091065 1697.157827 349.907135 1273.705462 -66.794864 1175.137992 22183.646978 -56.522292 1477.721878 -570.559767 -221.640835 880.063711 1063.122653 1699.667172 -192.062248 -440.322027 -539.956929 -642.438932 -1292.321866 -841.311529 -930.820761 -965.427929 -1026.094353 -777.874991 -626.772524 -636.868143 -731.598514 -178.976188 522.386925 -122.064052 15397.489588 29555.462224 1237.646725 1929.463202 1270.273369 -607.426644 -282.285441 -968.394663 -737.271012 -958.099531 -593.109733 1801.263365 1576.756140
-9999.0 -9999.0 -9999.0 -9999.0 -9999.0 -9999.0 -9999.0 -9999.0 -9999.0 -9999.0 -1106.799883 -957.300039 -239.953925 -89.836200 1185.333205 1089.013851 1140.858831 1514.852577 -136.543192 7190.152618 -181.864159 1472.424586 1283.306632 1346.895210 -230.325597 998.205275 1827.783048 12148.591231 -233.965247 -725.065083 -680.975802 -473.136723 -734.848783 -648.093131 -855.153305 985.241772 -168.373123 -200.840846 -883.116586 -718.093995 -732.306045 -779.461264 -538.512869 -508.991582 -625.175819 -197.485671 1014.650405 1613.632370 10848.848672 1159.318274 -156.363251 -393.235563 -658.055614 -963.340194 -710.859127 -671.396383 -298.232237 2432.381436
-9999.0 -9999.0 -9999.0 -9999.0 -9999.0 -9999.0 -9999.0 -9999.0 -9999.0 -9999.0 -1081.774587 -1078.837499 -1203.967473 1116.824825 1852.255355 1628.108754 -219.869366 972.100258 19524.031607 17054.835898 -125.880643 1420.939752 1331.563178 1155.836640 1019.654151 1502.990477 10854.151725 -223.338319 -537.744447 -780.192657 -703.982128 -1346.121583 -849.322653 -654.307058 -664.778327 -657.538206 -236.327252 -266.687814 -341.098095 -719.091250 -1255.408425 -826.430674 -589.231067 -716.040966 -710.647690 -320.214681 -548.489093 -365.305631 19214.220026 1245.661078 984.008300 -276.445831 848.273927 -631.625558 -849.939412 -664.622799 -656.037089 2023.106792
-9999.0 -9999.0 -9999.0 -9999.0 -9999.0 -9999.0 -9999.0 -9999.0 -129.324694 1176.715920 -877.618011 -1199.160818 -597.852985 -627.696130 1092.493518 1055.299417 1320.765080 14792.526740 5418.141517 12468.343816 21867.624707 21211.975205 19721.615155 1367.735845 1346.287426 29507.772603 1040.147192 -441.676313 -556.236293 -748.641185 -980.755301 -738.038458 -772.604646 -642.809636 -1278.344454 -652.523522 -624.491010 -282.416824 -574.848337 -835.293860 -980.836962 -729.434201 -759.332473 -974.589932 -411.566600 854.936565 -605.450140 971.245999 1041.218745 1379.542088 1834.964451 1185.475747 1183.770956 -468.226961 -395.991916 2075.502971 -57.776315 2230.953380
-9999.0 -9999.0 -9999.0 -9999.0 -9999.0 -9999.0 -9999.0 -9999.0 -790.697123 -157.362291 -261.461653 -762.699913 -1121.055096 -77.981755 751.714015 -150.662775 1762.669856 -136.251756 22140.635118 14821.933529 -30.637767 1385.712621 -82.857860 7290.744062 20944.346879 25935.476894 2583.640431 -237.416949 -731.838998 -1189.989773 -1223.116039 -812.753287 -1245.993494 -858.775709 -594.893531 -378.454164 -271.115067 -143.823851 -215.178668 -403.494841 -687.482766 -1738.412833 -970.323381 -207.061507 -185.538871 -563.078840 -785.343470 -679.371330 -621.091776 1513.263103 1167.741290 635.906626 583.241324 1901.874705 1000.457905 -114.291997 1338.532226 1182.517420
-9999.0 -9999.0 -9999.0 -9999.0 -9999.0 -9999.0 -9999.0 -9999.0 -631.403109 -482.397002 1595.590538 -299.511263 -202.855374 -771.899652 1518.708583 1110.485059 2228.473546 1835.178484 11423.000345 9449.960684 11411.774808 6996.715367 3268.592269 16889.910551 2264.712079 1100.869055 -78.307338 -282.128185 -832.190352 -726.467386 -799.771964 -271.707598 -153.190021 -195.926279 -251.536501 1569.048612 -435.249746 766.742379 -485.403337 -347.794536 -1005.896952 -720.901779 -299.964440 -551.880835 -598.350476 -655.033200 -642.795445 1664.368901 -705.675187 1086.409480 24498.169034 1700.116225 -100.992456 -135.604664 1852.100737 1638.345362 24356.374819 23715.867479
-9999.0 -9999.0 -9999.0 -9999.0 -9999.0 -9999.0 -9999.0 -9999.0 -980.885267 -215.982244 1582.094605 -1003.276153 1697.367117 1606.633561 2051.713276 1462.639986 24166.431282 22900.700650 1545.810597 20776.419367 15258.678531 10970.043836 4397.596902 3651.701036 -164.752745 1595.179096 1256.967933 -250.978835 1864.700267 1893.703842 -339.884232 -160.290171 1265.250029 895.278667 -371.955691 -186.963036 -171.976209 2164.205650 -506.215659 -306.285986 -345.201878 -180.100643 1514.998066 -224.687330 1500.277524 -465.740046 2281.180159 -176.390773 2029.187371 803.923737 636.160742 26576.245274 9290.762866 2075.032671 8768.792769 4260.948265 -92.657865 920.898458
-9999.0 -9999.0 -9999.0 -9999.0 -9999.0 -9999.0 -9999.0 -9999.0 -743.456927 -213.132481 1680.726530 2395.881547 2528.285560 1005.418958 2155.621947 1051.730472 992.079405 1272.260033 2192.270588 1849.550667 22064.489638 13697.492402 12394.826427 10775.489609 1726.885427 2127.782822 -209.516930 1322.459173 1427.990747 1472.235849 -70.452683 1776.782352 1292.327657 874.587373 -131.518045 -206.010508 -26.544516 1798.917173 -130.999428 -342.121759 -107.219667 -146.944264 772.803169 -189.049018 -144.227335 1221.409390 -167.261539 1627.041291 1016.128367 1917.011940 1263.085886 33171.110703 30187.318925 68049.504841 40502.272544 30536.900962 9720.046102 10320.331489
-9999.0 -9999.0 -483.645494 -309.944117 -321.120341 -153.782332 -184.407907 -248.710641 -256.930690 -870.737732 -569.619533 800.163438 968.434077 1543.563604 1741.663037 1364.385578 218.814541 -467.852722 -795.073371 2458.853254 1732.907116 19140.012009 13101.384208 11016.846202 8001.976580 2117.822238 1691.402775 1288.729717 1157.918072 1775.043151 1367.548710 1846.466787 1660.479731 1093.078320 1883.181797 1045.113896 1639.268988 1849.612519 1179.149079 1410.696616 1256.188287 1144.012347 763.259178 1165.309877 1007.846973 1776.079716 1809.792279 1096.590587 -71.067382 -40.001660 -67.825830 -68.742471 7133.801712 17413.188418 35006.538973 36829.561478 37502.320463 30675.824020
