user2019/resources/simulation/Vinschgau/output-maps/psiL0005N0309.asc
ncols         63
nrows         48
xllcorner     598000.000000
yllcorner     5145000.000000
cellsize      1000.000000
NODATA_value  -9999.0
[rows 0 to 25 of 48, columns 0 to 58 of 63]
-9999.0 -9999.0 -9999.0 -9999.0 -9999.0 -9999.0 -9999.0 -9999.0 -9999.0 -9999.0 -9999.0 -9999.0 -9999.0 -9999.0 -9999.0 -9999.0 -9999.0 -9999.0 -9999.0 -9999.0 -9999.0 -9999.0 -9999.0 -9999.0 -9999.0 -9999.0 -9999.0 -9999.0 -9999.0 -9999.0 -9999.0 -9999.0 -9999.0 -9999.0 -9999.0 -9999.0 -9999.0 -9999.0 -9999.0 -9999.0 -9999.0 -9999.0 -9999.0 -9999.0 -9999.0 -9999.0 -9999.0 -9999.0 -9999.0 -9999.0 -9999.0 -9999.0 -9999.0 -9999.0 -9999.0 -9999.0 -9999.0 -9999.0 -9999.0
-9999.0 -9999.0 -9999.0 -9999.0 -9999.0 -9999.0 -9999.0 -9999.0 -9999.0 -9999.0 -9999.0 -9999.0 -9999.0 -9999.0 -9999.0 -9999.0 -9999.0 -9999.0 -9999.0 -9999.0 -9999.0 -9999.0 -9999.0 -9999.0 -9999.0 -9999.0 -9999.0 -894.946372 -1207.058602 -897.092164 -1355.967594 -896.284020 -896.293502 -9999.0 -9999.0 -9999.0 -9999.0 -9999.0 -9999.0 -9999.0 -9999.0 -9999.0 -9999.0 -9999.0 -9999.0 -9999.0 -9999.0 -9999.0 -9999.0 -9999.0 -9999.0 -9999.0 -9999.0 -9999.0 -9999.0 -9999.0 -9999.0 -9999.0 -9999.0
-9999.0 -9999.0 -9999.0 -9999.0 -9999.0 -9999.0 -9999.0 -9999.0 -9999.0 -9999.0 -9999.0 -9999.0 -9999.0 -9999.0 -9999.0 -9999.0 -9999.0 -9999.0 -9999.0 -9999.0 -9999.0 -9999.0 -9999.0 -9999.0 -761.318810 -730.875855 -628.976337 -698.531357 -663.046270 -1512.021757 -1343.030970 -9999.0 -9999.0 -9999.0 -9999.0 -9999.0 -9999.0 -9999.0 -9999.0 -9999.0 -9999.0 -9999.0 -9999.0 -9999.0 -9999.0 -9999.0 -9999.0 -9999.0 -9999.0 -9999.0 -9999.0 -9999.0 -9999.0 -9999.0 -9999.0 -9999.0 -9999.0 -9999.0 -9999.0
-9999.0 -9999.0 -9999.0 -9999.0 -9999.0 -9999.0 -9999.0 -9999.0 -9999.0 -9999.0 -9999.0 -9999.0 -9999.0 -9999.0 -9999.0 -9999.0 -9999.0 -9999.0 -9999.0 -9999.0 -9999.0 -9999.0 -9999.0 -709.395695 -632.206022 -215.525127 -199.569311 -229.175191 -210.157798 -1524.450293 -971.197894 -1305.466325 -9999.0 -9999.0 -9999.0 -9999.0 -9999.0 -9999.0 -9999.0 -9999.0 -9999.0 -9999.0 -9999.0 -9999.0 -9999.0 -9999.0 -9999.0 -9999.0 -9999.0 -9999.0 -9999.0 -9999.0 -9999.0 -9999.0 -9999.0 -9999.0 -9999.0 -9999.0 -9999.0
-9999.0 -9999.0 -9999.0 -9999.0 -9999.0 -9999.0 -9999.0 -9999.0 -9999.0 -9999.0 -9999.0 -9999.0 -9999.0 -9999.0 -9999.0 -9999.0 -9999.0 -9999.0 -198.025373 -263.302027 -9999.0 -690.291988 -539.921716 -214.509467 996.739183 -189.554571 -472.534851 -493.129644 3608.185076 -244.430545 -1490.478576 -1041.245482 -896.764295 -894.902969 -9999.0 -9999.0 -9999.0 -9999.0 -9999.0 -9999.0 -9999.0 -9999.0 -9999.0 -9999.0 -9999.0 -9999.0 -9999.0 -9999.0 -9999.0 -9999.0 -9999.0 -9999.0 -9999.0 -9999.0 -9999.0 -9999.0 -9999.0 -9999.0 -9999.0
-9999.0 -9999.0 -9999.0 -9999.0 -9999.0 -9999.0 -9999.0 -9999.0 -9999.0 -9999.0 -9999.0 -9999.0 -9999.0 -9999.0 -9999.0 -9999.0 -9999.0 -50.779653 -186.126090 -119953.650366 -900.164697 -432.553749 -266.004201 -611.089714 87.738347 -506.671019 -573.517961 -799.070716 -557.998314 -510.539428 -349.358260 -1508.342242 -903.939754 -899.015602 -894.081537 -897.424930 -9999.0 -9999.0 -9999.0 -9999.0 -9999.0 -9999.0 -9999.0 -9999.0 -9999.0 -9999.0 -9999.0 -9999.0 -9999.0 -9999.0 -9999.0 -9999.0 -9999.0 -9999.0 -9999.0 -9999.0 -9999.0 -9999.0 -9999.0
-9999.0 -9999.0 -9999.0 -9999.0 -9999.0 -9999.0 -9999.0 -9999.0 -9999.0 -9999.0 -9999.0 -9999.0 -9999.0 -1563.415721 -282.020475 -220.693218 -230.363636 -884.958000 -99.303213 -261.049537 -193.684242 -61.911976 -211.025484 311.612802 -681.150756 -666.751448 -978.198363 -1951.932714 -1854.758068 -756.000792 -809.563810 -585.512241 -1385.029285 -1329.439062 -897.589925 -897.575295 -9999.0 -9999.0 -9999.0 -9999.0 -9999.0 -9999.0 -9999.0 -9999.0 -9999.0 -9999.0 -9999.0 -9999.0 -9999.0 -9999.0 -9999.0 -9999.0 -9999.0 -9999.0 -9999.0 -9999.0 -9999.0 -9999.0 -9999.0
-9999.0 -9999.0 -9999.0 -9999.0 -9999.0 -9999.0 -9999.0 -9999.0 -9999.0 -9999.0 -9999.0 -9999.0 -9999.0 -364.673535 1159.754854 -228.583677 -228.928544 -150.501322 -867.063948 -218.579086 -154.342205 -512.620209 950.865984 -409.750107 -390.127906 -1810.261526 -1195.044134 -897.490229 -897.573983 -1516.714156 -685.174033 -1416.820012 -897.479523 -897.596542 -897.624426 -9999.0 -9999.0 -9999.0 -9999.0 -9999.0 -9999.0 -9999.0 -9999.0 -9999.0 -9999.0 -9999.0 -9999.0 -9999.0 -9999.0 -9999.0 -9999.0 -9999.0 -9999.0 -9999.0 -9999.0 -9999.0 -9999.0 -9999.0 -9999.0
-9999.0 -9999.0 -9999.0 -9999.0 -9999.0 -9999.0 -9999.0 -9999.0 -9999.0 -9999.0 -9999.0 -9999.0 -9999.0 -358.671822 980.038705 -214.463044 -223.512231 -223.937906 -871.286232 -172.602266 -250.684396 -1311.957427 -508.767844 -577.337753 -801.977786 -862.133163 -896.521157 -897.382947 -962.672660 -897.454389 -1437.217316 -897.529620 -897.486068 -897.407215 -897.536940 -9999.0 -9999.0 -9999.0 -9999.0 -9999.0 -9999.0 -9999.0 -9999.0 -9999.0 -9999.0 -9999.0 -9999.0 -9999.0 -9999.0 -9999.0 -9999.0 -9999.0 -9999.0 -9999.0 -9999.0 -9999.0 -9999.0 -9999.0 -9999.0
-9999.0 -9999.0 -9999.0 -9999.0 -9999.0 -9999.0 -9999.0 -9999.0 -9999.0 -9999.0 -9999.0 -9999.0 -873.177141 1241.117393 1041.224152 -678.816081 -245.205244 -220.565976 58.999908 -24504.372201 -622.531699 -720.664440 -1139.550790 -698.466186 -447.552062 -1420.029136 -693.774475 -1267.099969 -1552.687473 -897.331437 -1450.719758 -895.202780 -1038.602865 -897.573358 -9999.0 -9999.0 -9999.0 -9999.0 -9999.0 -9999.0 -9999.0 -9999.0 -9999.0 -9999.0 -9999.0 -9999.0 -9999.0 -9999.0 -9999.0 -9999.0 -9999.0 -9999.0 -9999.0 -9999.0 -9999.0 -9999.0 -9999.0 -9999.0 -9999.0
-9999.0 -9999.0 -9999.0 -9999.0 -9999.0 -9999.0 -9999.0 -9999.0 -9999.0 -9999.0 -9999.0 -644.427903 -449.509544 -215.756689 -725.087092 -529.904876 -1098.792719 -219.280879 68.963186 -25479.095890 -181.827826 -315.817537 -1382.153443 -1420.080764 -1670.278765 -1495.491162 -1427.473310 -1454.451356 -628.935597 -897.422418 -894.523749 -1061.125491 -897.152639 -897.768393 -899.224358 -900.699829 -1701.540086 -935.434481 -193.748239 -9999.0 -9999.0 -9999.0 -896.530457 -9999.0 -9999.0 -9999.0 -9999.0 -9999.0 -9999.0 -9999.0 -9999.0 -9999.0 -9999.0 -9999.0 -9999.0 -9999.0 -9999.0 -9999.0 -9999.0
-9999.0 -9999.0 -9999.0 -9999.0 -9999.0 -9999.0 -9999.0 -9999.0 -9999.0 -9999.0 -9999.0 -572.741145 -686.450459 -444.956485 -325.665249 -1346.936489 -602.870228 -236.571835 61.341972 -48.841286 915.769021 -271.082379 -705.019107 -591.007409 -561.687543 -1477.161648 -1563.331408 -1455.654781 -893.895965 -897.509026 -1507.603868 -1559.116789 -1602.650847 -1271.339023 -1218.775174 -1679.477502 -867.489478 -1069.660222 -959.752508 -898.029569 -903.769863 -900.044947 -1320.947878 -896.519558 -9999.0 -9999.0 -9999.0 -217.146253 -1057.799173 -894.978912 -1510.212666 -894.347824 -893.763274 -210.942480 -219.679775 -893.179398 -9999.0 -9999.0 -9999.0
-9999.0 -9999.0 -9999.0 -9999.0 -9999.0 -9999.0 -9999.0 -9999.0 -9999.0 -9999.0 -9999.0 -583.233468 -590.941948 -1489.000454 -362.799845 -1403.578263 -351.365404 -190.917661 4.775800 4.365976 -219.298921 -820.474203 -426.517642 -667.465565 -1524.824716 -897.140033 -462.907989 -1496.355306 -897.380311 -1408.844023 -897.581548 -1553.153207 -834.224308 -1258.315553 -898.644813 -1045.430914 -524.663058 -1163.131208 -2116.204801 -893.356532 -675.606981 -344.385078 -665.754513 -1584.453781 -1313.210884 -9999.0 -897.522004 -1108.706418 -1594.890090 -838.686714 -301.729954 -901.711661 -110.683482 -150.832829 -81.054095 -300.312400 -9999.0 -9999.0 -9999.0
-9999.0 -9999.0 -9999.0 -9999.0 -9999.0 -9999.0 -9999.0 -9999.0 -9999.0 -9999.0 -9999.0 -9999.0 -567.458710 -385.922813 -376.860946 -470.075132 -578.261706 -223.899640 -35.261820 88.005750 -185.003504 -854.318716 -567.345541 -424.605492 -597.505910 -447.584667 -184.533178 -897.447235 -1473.633297 -894.494779 -1562.440041 -626.895320 -697.369707 -1266.378967 -1653.376885 -1483.142206 -562.569643 -525.811205 -1883.304129 -152.866678 -392.288220 -910.301163 -352.618984 -247.307661 -895.101070 -1020.756006 -894.725215 -1185.714329 -1502.051182 -754.663028 -260.969244 -544.181517 -288.562892 -246.333824 -532.984074 -519.003243 -548.899937 -9999.0 -9999.0
-9999.0 -9999.0 -9999.0 -9999.0 -9999.0 -9999.0 -9999.0 -9999.0 -9999.0 -9999.0 -9999.0 -341.849264 -642.454713 -894.954558 -365.292708 -336.397643 -280.491426 -228.291863 443.424572 -125.987759 -230.982151 -143.211960 -265.118501 -830.409137 -440.197682 -247.775905 -364.466086 -1542.948859 -1536.403584 -897.381358 -509.990771 -624.731967 -543.305131 -1354.452347 -1403.515451 -1332.957114 -1387.729547 -1190.336051 -475.011411 -1515.989014 -1091.535950 -276.361740 -263.957323 -6035.973977 -244.684698 -1282.495869 -1682.258652 -899.600001 -900.148930 -720.691760 -890.647917 -1568.389656 -579.555753 -889.961503 -898.015254 -897.341939 -893.573412 -9999.0 -9999.0
-9999.0 -9999.0 -9999.0 -9999.0 -9999.0 -9999.0 -9999.0 -9999.0 -9999.0 -9999.0 -335.957122 -420.936363 -357.094213 -790.205343 -258.657643 -270.754157 -592.099717 -652.855783 -224.348599 299.687994 156.411011 -221.151441 -995.319797 -228.706027 -296.101963 -333.672921 -1591.391283 -892.258040 -270.878803 -374.213167 -248.382939 -637.985947 -1521.472392 -1322.078801 -897.729291 -896.664095 -909.137385 -557.086464 -742.065784 -337.741290 -647.364853 -1020.316330 -892.708206 -214.144839 -249.246504 -897.669496 -1674.432526 -895.730887 -222.485141 -265.578998 -905.122152 -897.484159 -897.776351 -897.281792 -897.167744 -671.789893 -487.601598 -9999.0 -9999.0
-9999.0 -9999.0 -9999.0 -9999.0 -9999.0 -9999.0 -9999.0 -9999.0 -9999.0 -1700.686520 -281.961167 -313.170412 -256.461276 -414.956289 -234.188356 -638.677888 -582.837218 -242.119350 -212.704033 699.728034 61.163468 -365.274287 -463.463632 -194.701696 -328.647060 -1608.564170 -405.069210 -312.320134 -501.681353 -248.373283 -307.636907 -902.728363 -897.634567 -897.537527 -897.570727 -897.948359 -1762.536996 -572.144087 -565.845371 -626.063630 -395.173186 -571.869952 -1530.437581 -405.347621 -113.771265 -524.793030 702.859197 -1438.848672 -1894.223296 -212.335985 -1034.027765 -893.729463 -897.324299 -897.154566 -895.074039 -1382.364489 -251.432461 -521.895133 -893.882553
-9999.0 -9999.0 -9999.0 -9999.0 -9999.0 -9999.0 -9999.0 -9999.0 -9999.0 -705.565844 -1690.025641 -1373.655583 884.415331 -394.094562 -296.236713 -420.082654 -184.473398 -532.356601 -202.777663 -58.300460 87.169475 92.201713 -237.222640 -250.597753 -1523.711715 -451.661431 -289.266701 -262.317339 5667.974755 -447.350422 -1641.936560 -1558.044040 -1484.106035 -1172.992594 -1542.894952 -897.903540 -896.766079 -898.576903 -1357.541200 -1816.156232 -356.209219 -1532.980156 -450.132988 -312.313574 -66.977515 518.206270 695.059754 -189.654257 -287.355973 -253.119154 -895.720333 -1405.907855 -897.281657 -1424.501887 -897.286891 -243.479422 -645.196525 -548.595605 -645.744892
-9999.0 -9999.0 -9999.0 -9999.0 -9999.0 -9999.0 -9999.0 -9999.0 -9999.0 -9999.0 -1396.067708 -1828.714232 -552.513202 -218.049043 -918.654776 -327.814943 -473.401412 1158.700406 -170.254266 101.195164 122.686913 -196.111456 -312.871104 -635.700804 -495.439583 -291.561576 855.560660 -18.756863 -1695.874902 -602.179492 -1585.647321 -382.510925 -1475.946786 -1488.409069 -1481.450307 -489.445333 -276.454626 -398.280834 -894.377396 -1391.651473 -1365.735005 -713.782869 -738.043010 -1478.258098 -1701.846997 -656.494949 -137.770812 -196.942304 73.937172 -155.373873 -949.404567 -1000.302337 -893.882628 -897.214817 -518.348578 -1435.403781 -520.934067 -228.667819 -206.923388
-9999.0 -9999.0 -9999.0 -9999.0 -9999.0 -9999.0 -9999.0 -9999.0 -9999.0 -9999.0 -1241.680573 -1435.103917 -582.124518 -267.569444 83.172636 1022.797045 -347.344908 -223.901933 -344.645182 -332.732418 941.934551 -195.688848 -239.723704 -558.049037 -352.936625 1248.587713 487.866207 -236.203849 -547.161933 -1549.465636 -1496.929727 -567.827953 -899.795055 -1519.407533 -1494.349152 -630.061088 -425.605619 -789.041968 -1532.426893 -1442.686572 -1214.983691 -894.920422 -563.513451 -1444.917695 -430.316184 -860.103012 -808.847701 -1646.492354 -120.612725 531.347010 -141.672319 -1724.157471 -582.582567 -893.869199 -892.606274 -893.609724 -1417.916516 -610.254002 3472.153992
-9999.0 -9999.0 -9999.0 -9999.0 -9999.0 -9999.0 -9999.0 -9999.0 -324.481851 -884.305348 -813.945255 -583.919431 -655.576599 -746.087599 -431.468773 474.279011 212.543227 93.181771 -482.844561 -433.372097 -590.439168 4.928624 -250.234845 -229.617959 -136.562232 491.842072 551.980737 -534.728913 -546.770126 -1569.508084 -897.424692 -1422.867854 -1383.882560 -1403.765674 -1231.303713 -1529.727486 -1824.967187 -657.598735 -1450.472044 -894.177133 -897.647257 -612.714423 -890.145406 -897.600682 -898.728980 -772.251526 -1513.630353 -650.661187 -126.840650 987.116927 2966.048290 -293.636980 -667.721173 -1407.479231 -894.235697 -78.727749 -498.415208 -50.088587 -172.350709
-9999.0 -9999.0 -9999.0 -9999.0 -9999.0 -9999.0 -9999.0 -9999.0 -910.373545 -449.871805 -1391.388725 -1601.808460 -1308.548890 -493.970243 -537.096996 -212.150684 1111.422610 -180.210635 -126.699607 -502.475864 -387.311236 -383.238326 -276.746254 96.462537 347.395065 -264.544631 -195.778687 -728.434411 -890.289817 -1473.165379 -1134.895439 -899.137178 -1466.399735 -894.630298 -823.952099 -791.648020 -1151.398684 -288.150745 -1441.129638 -1674.112986 -1526.709988 -897.416656 -897.630200 -1601.902987 -600.556694 -556.317697 -892.205140 -1353.696971 -1861.095875 987.811302 397.686846 -403.230043 -547.205535 -280.482785 -262.960926 -1274.883606 -634.725528 -164.339055 106.343552
-9999.0 -9999.0 -9999.0 -9999.0 -9999.0 -9999.0 -9999.0 -9999.0 -1711.577185 -1533.185006 -560.886846 -1521.568934 -618.998583 -901.594135 -271.463826 -1442.663797 -150.565648 715.415488 -358.462981 -345.884043 -515.343567 -366.425698 -432.758807 -498.989749 96.233746 -218.912688 1042.194429 -423.931515 -920.978895 -1641.649767 -899.215693 -619.332086 -592.684563 -1026.473638 -773.679674 -423.875262 -1791.692377 -310.147100 -1494.301757 -1468.351244 -1262.244963 -893.866755 -787.900880 -524.328574 -551.957433 -622.172672 -895.027563 -484.320862 -533.732971 -122.415124 82.267765 -24.196303 -1182.921649 -1402.047196 -180.906788 177.362229 311.630691 117.242766 142.057115
-9999.0 -9999.0 -9999.0 -9999.0 -9999.0 -9999.0 -9999.0 -9999.0 -897.496078 -1587.799968 -214.362808 -1016.922091 -251.716037 -220.192981 -246.327682 904.564250 587.946576 87.682308 86.316443 -320.009707 -273.112609 -363.869068 -263.239418 -248.570645 253.993851 983.984609 -258.732060 -833.870227 -232.498494 -279.897957 -1432.457770 -1776.220682 -278.594161 -249.389800 -1002.874610 -1421.620084 -1450.017417 1997.931592 -1511.173924 -1531.738730 -1646.276314 -1541.968387 -1456.598955 -900.369254 -739.920947 -898.148544 -145.943495 -899.804963 -724.759943 -1404.117314 1199.923776 84.465259 743.943896 4766.669288 121.255707 130.665167 147.464780 271.801930 102.640962
-9999.0 -9999.0 -9999.0 -9999.0 -9999.0 -9999.0 -9999.0 -9999.0 -535.323622 -729.289313 -216.921580 -542.204578 -243.513189 1031.119380 95.674453 527.571031 537.799593 -221.225465 924.856788 -172.188629 -225.746818 -368.002471 -236.883866 108.575803 111.060441 984.192123 -459.988233 -282.977772 -241.562123 -171.232954 -529.721395 -105.304367 -169.886078 -222.338483 -1426.335241 -1456.085902 -499.057987 4005.928029 -146.213880 -646.844138 -1523.595346 -1444.449782 -400.361480 -623.612586 -1437.494653 -1019.119517 -1478.333148 -255.800385 -470.049346 -170.229974 546.439003 99.616007 96.356717 116.182291 272.927085 268.054741 101.376396 104.013349 183.503362
-9999.0 -9999.0 -905.920142 -667.140842 -592.706497 -708.197894 -569.853255 -655.811913 -697.355265 -780.125497 -660.953100 -198.249602 1276.727689 909.073480 93.947959 -155.383406 -130.952597 -563.284890 -718.978244 1078.143627 -134.106966 -35.849269 101.828139 100.714841 114.274904 4682.065500 4653.158550 4194.623146 4590.407057 404.609288 -273.519129 -220.853739 206.670897 1836.816892 2149.709340 2741.239687 2418.814226 567.431577 -116.337274 -229.892343 -382.688439 -136.922608 -105.409695 995.277771 -443.652685 -226.642319 966.387992 1035.852292 -161.027634 114.669843 133.794387 177.740096 100.374137 95.261876 103.578369 103.354649 204.081448 161.678091 471.044647
