user2019/resources/simulation/Vinschgau/output-maps/psiL0005N1344.asc
ncols         63
nrows         48
xllcorner     598000.000000
yllcorner     5145000.000000
cellsize      1000.000000
NODATA_value  -9999.0
[rows 0 to 25 of 48, columns 0 to 56 of 63]
-9999.0 -9999.0 -9999.0 -9999.0 -9999.0 -9999.0 -9999.0 -9999.0 -9999.0 -9999.0 -9999.0 -9999.0 -9999.0 -9999.0 -9999.0 -9999.0 -9999.0 -9999.0 -9999.0 -9999.0 -9999.0 -9999.0 -9999.0 -9999.0 -9999.0 -9999.0 -9999.0 -9999.0 -9999.0 -9999.0 -9999.0 -9999.0 -9999.0 -9999.0 -9999.0 -9999.0 -9999.0 -9999.0 -9999.0 -9999.0 -9999.0 -9999.0 -9999.0 -9999.0 -9999.0 -9999.0 -9999.0 -9999.0 -9999.0 -9999.0 -9999.0 -9999.0 -9999.0 -9999.0 -9999.0 -9999.0 -9999.0
-9999.0 -9999.0 -9999.0 -9999.0 -9999.0 -9999.0 -9999.0 -9999.0 -9999.0 -9999.0 -9999.0 -9999.0 -9999.0 -9999.0 -9999.0 -9999.0 -9999.0 -9999.0 -9999.0 -9999.0 -9999.0 -9999.0 -9999.0 -9999.0 -9999.0 -9999.0 -9999.0 -285.649129 -718.739959 -175.784133 -510.192291 -115.438490 12782.673240 -9999.0 -9999.0 -9999.0 -9999.0 -9999.0 -9999.0 -9999.0 -9999.0 -9999.0 -9999.0 -9999.0 -9999.0 -9999.0 -9999.0 -9999.0 -9999.0 -9999.0 -9999.0 -9999.0 -9999.0 -9999.0 -9999.0 -9999.0 -9999.0
-9999.0 -9999.0 -9999.0 -9999.0 -9999.0 -9999.0 -9999.0 -9999.0 -9999.0 -9999.0 -9999.0 -9999.0 -9999.0 -9999.0 -9999.0 -9999.0 -9999.0 -9999.0 -9999.0 -9999.0 -9999.0 -9999.0 -9999.0 -9999.0 -596.787385 -624.148805 -644.080521 -606.516792 -586.965823 -728.746510 -519.134806 -9999.0 -9999.0 -9999.0 -9999.0 -9999.0 -9999.0 -9999.0 -9999.0 -9999.0 -9999.0 -9999.0 -9999.0 -9999.0 -9999.0 -9999.0 -9999.0 -9999.0 -9999.0 -9999.0 -9999.0 -9999.0 -9999.0 -9999.0 -9999.0 -9999.0 -9999.0
-9999.0 -9999.0 -9999.0 -9999.0 -9999.0 -9999.0 -9999.0 -9999.0 -9999.0 -9999.0 -9999.0 -9999.0 -9999.0 -9999.0 -9999.0 -9999.0 -9999.0 -9999.0 -9999.0 -9999.0 -9999.0 -9999.0 -9999.0 -652.219026 -726.140813 -2119.222422 -2386.948782 -3821.057609 -3754.331546 -933.878786 -528.289593 -459.811268 -9999.0 -9999.0 -9999.0 -9999.0 -9999.0 -9999.0 -9999.0 -9999.0 -9999.0 -9999.0 -9999.0 -9999.0 -9999.0 -9999.0 -9999.0 -9999.0 -9999.0 -9999.0 -9999.0 -9999.0 -9999.0 -9999.0 -9999.0 -9999.0 -9999.0
-9999.0 -9999.0 -9999.0 -9999.0 -9999.0 -9999.0 -9999.0 -9999.0 -9999.0 -9999.0 -9999.0 -9999.0 -9999.0 -9999.0 -9999.0 -9999.0 -9999.0 -9999.0 -911.058420 -797.934952 -9999.0 -705.556515 -756.646943 -3703.456939 -2235.496378 -3708.278496 -1049.453931 -1234.050942 -1105.706969 -1624.733196 -804.283825 -540.322865 -311.386655 -349.236001 -9999.0 -9999.0 -9999.0 -9999.0 -9999.0 -9999.0 -9999.0 -9999.0 -9999.0 -9999.0 -9999.0 -9999.0 -9999.0 -9999.0 -9999.0 -9999.0 -9999.0 -9999.0 -9999.0 -9999.0 -9999.0 -9999.0 -9999.0
-9999.0 -9999.0 -9999.0 -9999.0 -9999.0 -9999.0 -9999.0 -9999.0 -9999.0 -9999.0 -9999.0 -9999.0 -9999.0 -9999.0 -9999.0 -9999.0 -9999.0 -2125.136365 -2460.255114 -48471.036603 -296.734062 -901.134928 -1755.450530 -3401.142037 -1285.420773 -863.846840 78070.097089 -1160.041874 25498.200040 -976.307332 -731.816462 -836.120535 -210.611039 -450.267695 -470.205294 -415.470123 -9999.0 -9999.0 -9999.0 -9999.0 -9999.0 -9999.0 -9999.0 -9999.0 -9999.0 -9999.0 -9999.0 -9999.0 -9999.0 -9999.0 -9999.0 -9999.0 -9999.0 -9999.0 -9999.0 -9999.0 -9999.0
-9999.0 -9999.0 -9999.0 -9999.0 -9999.0 -9999.0 -9999.0 -9999.0 -9999.0 -9999.0 -9999.0 -9999.0 -9999.0 -1442.485886 -2100.985221 -1943.831612 -2238.009481 -7724.160810 -2090.983909 -3650.225091 -2248.657543 -2176.453621 -3602.309157 -1986.916505 -547.112027 -753.056275 -19666.744717 5950.266956 2323.427766 -675.872480 23570.544314 -605.018634 -662.923413 -498.808694 -154.335512 -356.140465 -9999.0 -9999.0 -9999.0 -9999.0 -9999.0 -9999.0 -9999.0 -9999.0 -9999.0 -9999.0 -9999.0 -9999.0 -9999.0 -9999.0 -9999.0 -9999.0 -9999.0 -9999.0 -9999.0 -9999.0 -9999.0
-9999.0 -9999.0 -9999.0 -9999.0 -9999.0 -9999.0 -9999.0 -9999.0 -9999.0 -9999.0 -9999.0 -9999.0 -9999.0 -1057.072159 -2336.097683 -2133.263601 -2197.117832 -1161.381560 -7744.836921 -2471.290518 -3240.861959 -3575.527510 -2074.179033 -1310.680714 -1904.931481 -2500.790961 -762.421567 -194.692214 -233.698484 58698.421202 51849.291526 -549.989587 -241.075549 -363.887014 -255.215135 -9999.0 -9999.0 -9999.0 -9999.0 -9999.0 -9999.0 -9999.0 -9999.0 -9999.0 -9999.0 -9999.0 -9999.0 -9999.0 -9999.0 -9999.0 -9999.0 -9999.0 -9999.0 -9999.0 -9999.0 -9999.0 -9999.0
-9999.0 -9999.0 -9999.0 -9999.0 -9999.0 -9999.0 -9999.0 -9999.0 -9999.0 -9999.0 -9999.0 -9999.0 -9999.0 -2466.967387 403.687525 -2198.495049 -2140.923399 -2164.895403 -7810.829261 -2151.320904 -1432.722945 -38629.945102 -937.985690 -133.288057 -2099.556624 -1944.539406 -287.105501 -290.215934 -492.415218 -380.333545 -447.102575 -211.082396 -417.951322 -294.190109 -307.080393 -9999.0 -9999.0 -9999.0 -9999.0 -9999.0 -9999.0 -9999.0 -9999.0 -9999.0 -9999.0 -9999.0 -9999.0 -9999.0 -9999.0 -9999.0 -9999.0 -9999.0 -9999.0 -9999.0 -9999.0 -9999.0 -9999.0
-9999.0 -9999.0 -9999.0 -9999.0 -9999.0 -9999.0 -9999.0 -9999.0 -9999.0 -9999.0 -9999.0 -9999.0 -3634.928174 6295.749666 -2400.905758 -2202.971069 -1626.133449 -2030.081115 -1518.057751 -52509.377108 -2243.328759 -1085.918298 -15976.054189 -661.453785 33269.260358 -746.054022 30519.169122 -523.746472 -543.794621 -210.291562 -578.480172 -286.610794 -445.534446 -361.658082 -9999.0 -9999.0 -9999.0 -9999.0 -9999.0 -9999.0 -9999.0 -9999.0 -9999.0 -9999.0 -9999.0 -9999.0 -9999.0 -9999.0 -9999.0 -9999.0 -9999.0 -9999.0 -9999.0 -9999.0 -9999.0 -9999.0 -9999.0
-9999.0 -9999.0 -9999.0 -9999.0 -9999.0 -9999.0 -9999.0 -9999.0 -9999.0 -9999.0 -9999.0 -973.147285 -2238.571551 69.665333 -2364.145633 -1194.423936 -55465.150716 -2107.283256 -1032.554340 -59438.694810 -3086.211284 -1721.129216 -1135.506940 -850.804742 -1713.788573 -729.348569 -518.611961 -611.819029 2445.588912 -252.603668 -300.520652 -647.318465 -188.662912 -334.579000 -301.986559 -242.516536 -605.490593 -1093.244193 -178.355632 -9999.0 -9999.0 -9999.0 -471.462907 -9999.0 -9999.0 -9999.0 -9999.0 -9999.0 -9999.0 -9999.0 -9999.0 -9999.0 -9999.0 -9999.0 -9999.0 -9999.0 -9999.0
-9999.0 -9999.0 -9999.0 -9999.0 -9999.0 -9999.0 -9999.0 -9999.0 -9999.0 -9999.0 -9999.0 -952.098260 -2248.309282 -3905.368677 -2599.682423 -1698.866392 -2810.802020 -2573.831161 -1086.714451 -1757.115547 -1312.341552 -1372.485200 -607.201373 47566.799697 51053.277612 -677.015541 -611.490094 -705.599291 -127.972715 -298.223200 -584.862400 -668.647451 -491.843524 -535.650524 -710.912313 -610.591799 -869.828303 -1608.301048 -1502.879320 -425.430458 -358.719204 -333.919122 -520.315249 -295.024795 -9999.0 -9999.0 -9999.0 -718.028978 -441.384928 -190.504742 -368.026489 -208.674612 -194.689526 24767.093774 33639.091630 -145.059943 -9999.0
-9999.0 -9999.0 -9999.0 -9999.0 -9999.0 -9999.0 -9999.0 -9999.0 -9999.0 -9999.0 -9999.0 -910.658154 -1002.484784 -2035.122535 -920.161729 -1771.257185 -2085.520249 -2348.326812 -2231.006957 -1772.045030 -1135.240143 -834.697980 54043.612725 -537.574132 -694.775634 -264.157134 55464.004507 55606.360817 -237.873176 -661.566949 -256.450638 47605.331350 -667.577816 -552.268908 -245.285607 -762.156437 54536.058718 -1056.391396 -1732.918219 -457.463853 -930.769648 -141.567676 -671.394234 -579.845587 -492.544618 -9999.0 -341.977270 -449.872953 -474.432329 -628.257663 -140.028116 -164.620845 -136.366876 -499.912174 -106.283120 -537.683242 -9999.0
-9999.0 -9999.0 -9999.0 -9999.0 -9999.0 -9999.0 -9999.0 -9999.0 -9999.0 -9999.0 -9999.0 -9999.0 -912.119500 -560.033631 -1087.030724 -1100.912830 -1338.352947 -2261.625581 -1118.152363 -1727.714222 -1803.986498 -1648.091777 3143.335148 41523.664345 52496.704944 55215.674191 2331.603685 -156.389379 -515.028151 -277.748575 -586.396928 54017.609036 -153.072738 -445.829027 -477.792535 -643.257763 -379.566702 -1335.412635 -912.151607 -363.235958 -1302.955716 -317.204699 40516.229342 -607.037165 -267.537254 -508.648408 -314.027792 -500.953473 41646.968573 53175.101382 51318.550605 47634.887505 48404.442974 47444.383639 47077.612871 -373.395224 -501.181787
-9999.0 -9999.0 -9999.0 -9999.0 -9999.0 -9999.0 -9999.0 -9999.0 -9999.0 -9999.0 -9999.0 61814.865071 -782.926831 -222.200017 -556.306633 -1028.593877 -1843.166320 -1792.607876 -1517.156487 -1495.436693 -2013.527871 -1049.384924 -215.833199 30921.053524 56041.518667 55547.970763 57224.612882 -524.439781 -521.746485 -230.277083 56796.671840 56025.364504 -834.898394 -468.659500 -635.982662 -545.229167 -808.860333 -1396.936234 -977.182919 -1821.086696 -1288.942237 -1319.298682 783.298018 -8562.180808 -993.677094 -517.121349 -578.263002 -262.142335 -240.519440 -174.990179 -717.206772 -538.501815 14315.996443 -774.321957 -1009.950315 -409.665642 -219.633503
-9999.0 -9999.0 -9999.0 -9999.0 -9999.0 -9999.0 -9999.0 -9999.0 -9999.0 -9999.0 2184.006064 53330.860162 -760.274750 -816.119515 -951.361036 2035.633531 2048.765974 -943.392387 -1856.295138 -1435.924402 -1354.823661 -873.852797 44920.738319 -752.197918 -95.220726 32623.362339 48068.659058 -768.399266 -166.768574 -972.341956 31510.046973 30364.438787 -834.442353 -465.530327 -314.815777 -278.523637 -889.174778 48746.382201 -657.931515 -332.671325 -718.015807 -4228.003744 -75.096064 -739.177610 237.406036 -227.224417 -727.182296 39821.438256 52865.428081 -13.890321 -2037.795344 -228.496855 -895.146455 -169.412716 -143.410185 -457.574711 -459.888021
-9999.0 -9999.0 -9999.0 -9999.0 -9999.0 -9999.0 -9999.0 -9999.0 -9999.0 -710.264321 -572.794171 19794.006955 -75.342262 58803.056007 66375.986808 15762.602671 8824.882376 -1009.684109 -2305.115713 -1551.584966 -1448.855578 -1556.590071 -1489.731700 -1389.040043 -454.577704 64801.942754 53060.432036 -812.111586 37988.295587 311.925419 -323.064976 -5.468531 -225.887695 -333.545617 -329.641442 -277.251229 -805.752709 49851.960861 55405.392164 67101.511002 66040.955168 65820.789567 48847.489610 -1290.854491 -1320.518716 2121.104921 -1105.939381 25146.418439 28153.420739 -353.488468 -101.562299 -231.694174 -189.173359 -109.103621 -146.894607 3571.570140 10429.337277
-9999.0 -9999.0 -9999.0 -9999.0 -9999.0 -9999.0 -9999.0 -9999.0 -9999.0 -144.898762 -704.248766 -1041.537459 4777.346294 -589.806045 27111.386285 59067.231708 -791.457407 -1176.361957 -2397.416646 -1755.237129 -1629.217024 -2253.029911 -1052.213106 -648.775803 61267.559111 56593.132375 59178.707952 -74.572483 -508.919544 -646.742447 -1000.948313 65296.052614 -583.513291 -565.159802 -476.573150 -297.093168 -277.198384 -208.035700 -709.706050 -891.530943 61011.196706 43563.439504 70904.746585 -696.097840 -1066.274089 -1073.728671 -1410.965990 -1395.990627 -590.447390 -678.798613 -20.834068 39329.587714 -108.211693 42623.523403 -72.370861 13999.123119 8036.943871
-9999.0 -9999.0 -9999.0 -9999.0 -9999.0 -9999.0 -9999.0 -9999.0 -9999.0 -9999.0 -578.687443 -881.157750 88.477106 42428.530045 -801.533334 6741.653821 -595.889251 -1762.070396 -2489.677816 -1806.360413 -1561.597789 -2630.561470 25.242181 36578.784299 56162.589283 578.444751 -364.817232 -710.513097 -881.883743 74157.125359 69121.471039 77247.165466 46528.703947 -475.018356 -595.179293 -820.338328 -702.560740 -672.414830 -245.924501 -585.018476 -562.446049 -606.376988 4844.775119 662.973330 -379.195363 -342.334103 -1996.869477 -1052.333766 -3249.236939 -1129.998621 -33.582919 -115.152358 -139.207215 -114.520253 42649.048699 -339.795460 -317.379507
-9999.0 -9999.0 -9999.0 -9999.0 -9999.0 -9999.0 -9999.0 -9999.0 -9999.0 -9999.0 -477.438557 -698.411929 -658.701860 86.476459 -620.314458 -1010.333060 -578.690574 -1551.288137 -2052.451440 -2116.431269 -2026.595879 -1997.609127 759.706971 32375.222397 -97.711839 -478.814562 -712.131561 571.064759 74496.130665 46799.793674 -585.032188 -474.891011 -1436.946772 -586.051165 -620.336782 -627.378900 15300.850899 46091.428288 42438.667409 -516.028132 -602.950374 -92.354007 55465.529979 -953.562641 -628.569410 2048.013218 77.217894 -369.419902 -2204.636717 -2561.654690 -209.721539 39403.825311 47396.994084 -144.834687 -147.101370 -111.772128 -349.064223
-9999.0 -9999.0 -9999.0 -9999.0 -9999.0 -9999.0 -9999.0 -9999.0 -514.363783 -553.327880 -120.069354 -499.337190 24173.567830 58719.770165 108873.010627 -863.288768 -3088.651140 -2257.589133 -2233.101373 -2176.771178 -2232.430676 -2531.971141 -2444.153280 -2184.205389 -1073.412405 -686.435146 -629.271377 78389.084058 60792.036677 46619.900849 -263.986853 -578.750933 -591.267262 -534.336694 -576.589921 -716.581509 -1218.800052 41368.946647 68360.530383 -297.361158 -246.683392 -607.762577 -675.510659 -259.171663 -278.398254 2133.871672 67309.688990 66769.535658 -254.272566 -776.691665 -466.832757 -43.844470 23009.303420 37965.931614 -124.546434 -104.110713 -182.159160
-9999.0 -9999.0 -9999.0 -9999.0 -9999.0 -9999.0 -9999.0 -9999.0 -42.160855 24523.644551 44157.915095 -506.488644 -681.144400 51883.242905 69169.338815 -373.484042 -1768.799870 -2104.698376 -3327.062688 -2188.989182 -1116.890154 -1942.133833 -2140.683586 -2347.048719 -2392.178927 -1335.218800 -560.994398 59221.559948 -1828.957090 -498.047824 -563.624053 -335.286063 -652.831001 -320.655582 -528.313524 -622.485889 -1226.366129 -302.448392 51768.997597 -822.686669 -600.562062 -78.200551 -294.434223 -891.128999 2626.892376 51892.194731 -726.051552 -754.347121 38978.405800 -657.747987 -543.842890 35539.678845 21802.016994 -384.815105 -127.069898 -4504.316194 29575.346754
-9999.0 -9999.0 -9999.0 -9999.0 -9999.0 -9999.0 -9999.0 -9999.0 -612.351255 3236.988076 -311.333729 42568.152879 -420.660823 -695.236641 56328.718116 51157.866923 -1076.389411 -2180.155861 -2583.607198 -1122.558790 -2197.343823 -1960.211097 -2150.385436 -2201.161924 -1969.272792 -2099.541400 -622.066208 74133.876811 -1233.149366 -587.764277 -332.685778 -543.603872 53182.415138 -110.711216 -591.046666 -1130.986807 -684.767585 -698.209451 45895.766204 49530.996239 -774.371810 -343.167126 -581.663207 2357.954414 57560.352251 -563.060948 -347.842048 -474.086215 54484.411534 -292.643679 -827.224268 -395.140389 5173.715879 15699.610275 15740.532426 872.488427 -338.311767
-9999.0 -9999.0 -9999.0 -9999.0 -9999.0 -9999.0 -9999.0 -9999.0 -286.462653 -747.555718 25505.557869 -1698.760905 -492.939848 53806.703685 -46.652539 -518.829967 -2970.033069 -2522.874093 -1524.667871 -2140.585872 -2159.870424 -2141.628818 -1912.788985 -1929.306059 -1812.507213 -1120.359140 76643.596015 62214.510107 -662.670804 51084.785815 40873.093463 59019.711900 -238.532629 -67.618231 -154.978736 -1293.047166 -1558.596062 -2213.655167 -884.371110 -118.781317 -1008.288230 -1034.135509 -987.733949 -287.037707 -530.883288 -285.093055 -174.064443 -225.925635 -670.989534 31667.542690 28.832265 -1051.011083 -475.450109 24480.088358 -272.606215 -444.317435 -1241.015514
-9999.0 -9999.0 -9999.0 -9999.0 -9999.0 -9999.0 -9999.0 -9999.0 7728.592829 -444.401115 -115.370486 68123.419115 67739.703265 76161.130495 -418.040542 -995.608534 -914.828620 -1813.492019 -1290.807714 -2144.966085 -2069.096553 -2042.951208 -2118.441281 -2122.674164 -2227.400132 -1069.883775 70139.905004 -84.180137 -645.348808 101.047923 41263.378240 -417.993322 -1235.061689 -646.850081 -1135.855266 -2742.445432 -3292.394934 -2435.997822 -2935.555566 -1059.150721 -1454.911439 -7884.031169 -1010.346990 -650.569046 30697.026141 -1042.113194 36826.191460 21066.466190 46098.311692 -461.906361 -1791.374401 -1356.444371 -1085.966896 -893.078617 -598.789271 -641.057611 -937.777185
-9999.0 -9999.0 -162.843975 -563.606991 -140.527434 50146.878778 48483.075745 47850.270967 -379.071980 -407.608044 51557.841690 59598.913368 70777.395755 95.126336 -927.073926 -125.185424 -273.638499 70084.761482 61854.412528 -757.608511 -2134.169502 -2013.434823 -1683.596687 -2179.850340 -1984.517604 -1895.430486 -970.071388 -933.740040 -1509.540198 -970.991230 261.724726 -1195.128457 -1248.048867 -2040.475313 -2157.822594 -2304.050994 -2248.585290 -2587.228765 -3179.661309 -2763.586807 -3463.024736 -3461.251246 -2622.016160 -1591.102666 -780.184627 -1441.801935 -844.573155 -796.246866 -2925.253788 -2000.426278 -2168.575981 -1396.935310 -1009.432306 -824.235597 -716.529501 -814.662404 -909.352012
