user2019/resources/simulation/Vinschgau/output-maps/psiL0007N0415.asc
ncols         63
nrows         48
xllcorner     598000.000000
yllcorner     5145000.000000
cellsize      1000.000000
NODATA_value  -9999.0
[rows 0 to 25 of 48, columns 0 to 57 of 63]
-9999.0 -9999.0 -9999.0 -9999.0 -9999.0 -9999.0 -9999.0 -9999.0 -9999.0 -9999.0 -9999.0 -9999.0 -9999.0 -9999.0 -9999.0 -9999.0 -9999.0 -9999.0 -9999.0 -9999.0 -9999.0 -9999.0 -9999.0 -9999.0 -9999.0 -9999.0 -9999.0 -9999.0 -9999.0 -9999.0 -9999.0 -9999.0 -9999.0 -9999.0 -9999.0 -9999.0 -9999.0 -9999.0 -9999.0 -9999.0 -9999.0 -9999.0 -9999.0 -9999.0 -9999.0 -9999.0 -9999.0 -9999.0 -9999.0 -9999.0 -9999.0 -9999.0 -9999.0 -9999.0 -9999.0 -9999.0 -9999.0 -9999.0
-9999.0 -9999.0 -9999.0 -9999.0 -9999.0 -9999.0 -9999.0 -9999.0 -9999.0 -9999.0 -9999.0 -9999.0 -9999.0 -9999.0 -9999.0 -9999.0 -9999.0 -9999.0 -9999.0 -9999.0 -9999.0 -9999.0 -9999.0 -9999.0 -9999.0 -9999.0 -9999.0 -594.123291 -590.491230 -593.467103 -583.861259 -582.659205 -582.672908 -9999.0 -9999.0 -9999.0 -9999.0 -9999.0 -9999.0 -9999.0 -9999.0 -9999.0 -9999.0 -9999.0 -9999.0 -9999.0 -9999.0 -9999.0 -9999.0 -9999.0 -9999.0 -9999.0 -9999.0 -9999.0 -9999.0 -9999.0 -9999.0 -9999.0
-9999.0 -9999.0 -9999.0 -9999.0 -9999.0 -9999.0 -9999.0 -9999.0 -9999.0 -9999.0 -9999.0 -9999.0 -9999.0 -9999.0 -9999.0 -9999.0 -9999.0 -9999.0 -9999.0 -9999.0 -9999.0 -9999.0 -9999.0 -9999.0 -389.595276 -388.142902 -285.771526 -282.096340 -236.808215 -582.988386 -587.079901 -9999.0 -9999.0 -9999.0 -9999.0 -9999.0 -9999.0 -9999.0 -9999.0 -9999.0 -9999.0 -9999.0 -9999.0 -9999.0 -9999.0 -9999.0 -9999.0 -9999.0 -9999.0 -9999.0 -9999.0 -9999.0 -9999.0 -9999.0 -9999.0 -9999.0 -9999.0 -9999.0
-9999.0 -9999.0 -9999.0 -9999.0 -9999.0 -9999.0 -9999.0 -9999.0 -9999.0 -9999.0 -9999.0 -9999.0 -9999.0 -9999.0 -9999.0 -9999.0 -9999.0 -9999.0 -9999.0 -9999.0 -9999.0 -9999.0 -9999.0 -415.611833 -253.111730 -405.560381 -642.315166 -40579.824273 -38893.292579 -587.490780 -590.961035 -593.847498 -9999.0 -9999.0 -9999.0 -9999.0 -9999.0 -9999.0 -9999.0 -9999.0 -9999.0 -9999.0 -9999.0 -9999.0 -9999.0 -9999.0 -9999.0 -9999.0 -9999.0 -9999.0 -9999.0 -9999.0 -9999.0 -9999.0 -9999.0 -9999.0 -9999.0 -9999.0
-9999.0 -9999.0 -9999.0 -9999.0 -9999.0 -9999.0 -9999.0 -9999.0 -9999.0 -9999.0 -9999.0 -9999.0 -9999.0 -9999.0 -9999.0 -9999.0 -9999.0 -9999.0 -201.503312 -358.955648 -9999.0 -402.173206 -311.347535 -39460.632935 -420.530275 -39933.035017 -14.650665 345.355505 348.287463 -682.582854 -585.032851 -590.963984 -593.178355 -593.280128 -9999.0 -9999.0 -9999.0 -9999.0 -9999.0 -9999.0 -9999.0 -9999.0 -9999.0 -9999.0 -9999.0 -9999.0 -9999.0 -9999.0 -9999.0 -9999.0 -9999.0 -9999.0 -9999.0 -9999.0 -9999.0 -9999.0 -9999.0 -9999.0
-9999.0 -9999.0 -9999.0 -9999.0 -9999.0 -9999.0 -9999.0 -9999.0 -9999.0 -9999.0 -9999.0 -9999.0 -9999.0 -9999.0 -9999.0 -9999.0 -9999.0 -546.157313 -2426.796432 -38884.737489 -591.483390 -718.128174 -677.242158 -17109.520815 -109.847090 -736.688352 -619.748039 -473.920106 -656.281793 344.557723 -217.973968 -588.181159 -591.197635 -592.620528 -583.497421 -582.291703 -9999.0 -9999.0 -9999.0 -9999.0 -9999.0 -9999.0 -9999.0 -9999.0 -9999.0 -9999.0 -9999.0 -9999.0 -9999.0 -9999.0 -9999.0 -9999.0 -9999.0 -9999.0 -9999.0 -9999.0 -9999.0 -9999.0
-9999.0 -9999.0 -9999.0 -9999.0 -9999.0 -9999.0 -9999.0 -9999.0 -9999.0 -9999.0 -9999.0 -9999.0 -9999.0 -593.360055 -490.247064 -336.300911 -313.253028 -592.156227 -522.230051 -38094.909167 -649.598834 -569.351586 -38573.370959 -163.142935 -665.996361 -434.028185 -702.606977 -731.235292 -640.733040 -535.659637 -262.875332 -367.708873 -589.006139 -581.700239 -582.045676 -582.136695 -9999.0 -9999.0 -9999.0 -9999.0 -9999.0 -9999.0 -9999.0 -9999.0 -9999.0 -9999.0 -9999.0 -9999.0 -9999.0 -9999.0 -9999.0 -9999.0 -9999.0 -9999.0 -9999.0 -9999.0 -9999.0 -9999.0
-9999.0 -9999.0 -9999.0 -9999.0 -9999.0 -9999.0 -9999.0 -9999.0 -9999.0 -9999.0 -9999.0 -9999.0 -9999.0 -312.524858 -393.697108 -477.879119 -579.854269 -139.359987 -591.629971 -2099.330807 -150763.752700 -593.026010 -1236.314275 -908.415601 -436.424608 -1432.320685 -592.822690 -582.825097 -582.257804 -597.582246 -500.214584 -581.849342 -582.056463 -582.011967 -582.048107 -9999.0 -9999.0 -9999.0 -9999.0 -9999.0 -9999.0 -9999.0 -9999.0 -9999.0 -9999.0 -9999.0 -9999.0 -9999.0 -9999.0 -9999.0 -9999.0 -9999.0 -9999.0 -9999.0 -9999.0 -9999.0 -9999.0 -9999.0
-9999.0 -9999.0 -9999.0 -9999.0 -9999.0 -9999.0 -9999.0 -9999.0 -9999.0 -9999.0 -9999.0 -9999.0 -9999.0 -697.307762 -110.648841 -431.119477 -572.492167 -444.257424 -591.279516 -593.526439 -202.803037 -1608.723114 -960.015849 -792.595888 -656.690662 -502.835858 -593.440865 -582.633182 -592.711980 -582.073958 -582.139940 -582.124374 -582.187731 -582.087786 -581.954286 -9999.0 -9999.0 -9999.0 -9999.0 -9999.0 -9999.0 -9999.0 -9999.0 -9999.0 -9999.0 -9999.0 -9999.0 -9999.0 -9999.0 -9999.0 -9999.0 -9999.0 -9999.0 -9999.0 -9999.0 -9999.0 -9999.0 -9999.0
-9999.0 -9999.0 -9999.0 -9999.0 -9999.0 -9999.0 -9999.0 -9999.0 -9999.0 -9999.0 -9999.0 -9999.0 -4252.108411 2141.086763 -340.320514 -528.959431 -1260.868159 -258.646330 -182.899496 -39599.060973 -746.085708 -558.706862 -1107.614885 -563.517279 1960.459744 -582.999861 -491.813712 -593.698328 -587.795038 -582.429101 -582.145300 -593.659085 -589.775822 -584.247429 -9999.0 -9999.0 -9999.0 -9999.0 -9999.0 -9999.0 -9999.0 -9999.0 -9999.0 -9999.0 -9999.0 -9999.0 -9999.0 -9999.0 -9999.0 -9999.0 -9999.0 -9999.0 -9999.0 -9999.0 -9999.0 -9999.0 -9999.0 -9999.0
-9999.0 -9999.0 -9999.0 -9999.0 -9999.0 -9999.0 -9999.0 -9999.0 -9999.0 -9999.0 -9999.0 -448.850852 -468.155747 582.947195 -601.930879 -464.052505 -833.370758 -473.582318 -8.615036 -40915.526190 -96532.595081 -4.640866 -590.925839 -584.410704 -1189.830934 -593.089681 -582.726224 -591.424220 -190.250546 -582.290398 -593.206851 -584.486511 -590.153966 -584.497007 -591.975278 -593.253500 -584.546420 -588.452084 -593.225432 -9999.0 -9999.0 -9999.0 -584.519667 -9999.0 -9999.0 -9999.0 -9999.0 -9999.0 -9999.0 -9999.0 -9999.0 -9999.0 -9999.0 -9999.0 -9999.0 -9999.0 -9999.0 -9999.0
-9999.0 -9999.0 -9999.0 -9999.0 -9999.0 -9999.0 -9999.0 -9999.0 -9999.0 -9999.0 -9999.0 -431.505625 -587.031141 -1740.418032 -606.565746 -587.882688 -765.505969 -2472.411557 -148.508352 -232.168103 -167.172677 -562.700183 -294.081950 -562.948929 -504.425254 -584.206043 -592.164233 -586.438830 -593.120428 -584.173285 -586.980392 -578.552472 -587.655250 -592.821320 -591.882006 -576.593790 -578.070487 -571.632112 -586.405689 -592.833729 -591.985957 -590.243638 -578.302891 -584.374742 -9999.0 -9999.0 -9999.0 -336.573937 -593.938972 -594.568961 -594.007859 -594.677127 -594.248302 -677.051612 -701.148681 -585.141441 -9999.0 -9999.0
-9999.0 -9999.0 -9999.0 -9999.0 -9999.0 -9999.0 -9999.0 -9999.0 -9999.0 -9999.0 -9999.0 -333.545572 -593.902897 -723.035675 -625.907008 -591.042095 -513.702910 -634.318725 -164.246920 -179.738576 -183.690971 -9951.497574 -480.487361 -273.489943 -584.119470 -592.558970 -417.756255 -804.859614 -584.177172 -585.608345 -583.350746 -751.193661 -579.770397 -590.388371 -588.848185 -570.184328 -1008.303988 -41711.200883 -579.977931 -592.026830 -591.584561 -592.012205 -568.969561 -583.775246 -593.050844 -9999.0 -586.054239 -593.170051 -592.070737 -584.465041 -593.792340 -594.106512 -593.685501 -528.627069 -598.497176 -595.875253 -9999.0 -9999.0
-9999.0 -9999.0 -9999.0 -9999.0 -9999.0 -9999.0 -9999.0 -9999.0 -9999.0 -9999.0 -9999.0 -9999.0 -463.330816 -1416.461352 -366.102153 -389.409194 -621.343837 -684.317570 0.000000 -154.318122 -1399.420930 -21389.302491 -26000.351772 -449.062676 -477.141334 -476.839347 -89.780173 -583.786220 -585.240902 -593.735443 -589.939312 -498.454756 -593.195868 -589.360804 -586.760937 -580.642799 -575.160555 -7120.523740 -351.235291 -592.641275 -489.799372 -592.438514 -9479.941111 -208.796178 -593.031191 -592.954621 -594.120447 -593.361384 -739.966251 -428.365178 341.130215 -539.264133 1512.895983 -1438.258550 -600.148255 -591.625361 -594.657117 -9999.0
-9999.0 -9999.0 -9999.0 -9999.0 -9999.0 -9999.0 -9999.0 -9999.0 -9999.0 -9999.0 -9999.0 -1182.816326 -593.365527 -592.903212 -486.179812 -494.877885 -405.187213 -693.924792 -148.975988 -422.007950 -1518.535823 -1199.072656 -473.607397 -1293.334662 -536.071766 -358.354440 -254.047167 -584.004541 -592.997307 -592.930312 -403.880669 -415.517305 -565.299554 -590.256659 -583.032497 -587.197106 -588.255069 -5956.595826 -336.964165 -581.748558 -38234.068034 -3504.466923 -389.524795 -40158.248708 -525.987050 -592.124937 -588.761180 -593.624106 -593.898376 -21580.658127 -623.373189 -591.666488 -593.930783 -584.261403 -587.085445 -584.226029 -594.439344 -9999.0
-9999.0 -9999.0 -9999.0 -9999.0 -9999.0 -9999.0 -9999.0 -9999.0 -9999.0 -9999.0 1238.524775 -515.285169 -283.416611 -407.180675 -279.545187 -219.811828 -314.994794 -933.168137 -371.801186 -514.246577 -152.599094 -364.697171 -101212.914144 -234.171383 -508.638061 1328.464437 -789.250776 -1047.255549 -593.050662 -573.961811 -379.933320 -383.821968 -590.397771 -585.278319 -582.164108 -591.805348 -567.814512 -583.039723 -4888.299908 -560.187708 -35394.317692 -9467.332235 -584.380250 -44.490467 -461.492482 -592.933469 -589.269418 -14221.836561 -402.180568 -390.504376 -1064.481649 -584.565669 -586.500261 -584.292979 -584.964747 -594.203453 -593.907349 -9999.0
-9999.0 -9999.0 -9999.0 -9999.0 -9999.0 -9999.0 -9999.0 -9999.0 -9999.0 -592.490851 -214.718498 -603.128016 -377.751587 -548.428142 -474.934142 -453.908199 -556.204752 -206.390948 -1790.444440 -652.785092 -229.639392 -7610.209363 -132522.438256 -619.558195 -479.342309 -2164.050889 -749.836646 -561.704981 -27086.502939 -429.576162 -380.681577 -690.962904 -582.527872 -582.443339 -585.989335 -583.954598 -586.513777 -475.710057 -590.684186 -410.116220 -816.383605 -606.204209 -2517.090072 -1239.711763 -99546.434226 -35598.601775 -443.730750 -36858.535327 -8739.546100 316.199819 -5362.471554 -594.279906 -584.276379 -586.774151 -591.336561 -722.181250 -493.709307 -593.788405
-9999.0 -9999.0 -9999.0 -9999.0 -9999.0 -9999.0 -9999.0 -9999.0 -9999.0 -592.958346 -593.386769 -593.334469 1360.181168 -481.680469 -637.452428 -623.622825 -211.572569 -491.685473 -2014.694906 -546.384578 -451.502925 -206.710027 -198.161764 -231.736052 -2829.202975 -1034.824278 -557.594521 -482.911433 -384.343084 100.031519 -592.572936 -712.309240 -584.067717 -593.619493 -586.137061 -591.801036 -592.809149 -592.650739 -583.155628 -588.538134 -1271.395388 -624.332426 -846.450861 -382.498839 -177.434139 -201.940183 -540.712104 -39039.965963 -36901.173757 -414.995944 -2014.925334 -727.327878 -585.771248 -585.765983 -585.129199 -1440.674685 -852.919517 -387.239058
-9999.0 -9999.0 -9999.0 -9999.0 -9999.0 -9999.0 -9999.0 -9999.0 -9999.0 -9999.0 -593.626283 -592.596321 -414.096961 1747.362065 -32438.580618 -681.624433 -591.950665 -484.077495 -2195.913293 -726.074471 -341.744578 -117544.429350 -1215.595080 -26365.972324 -844.641577 -565.808770 -558.810237 -387.397783 -592.418736 -555.874927 -696.468114 2314.801993 -591.396839 -583.919771 -586.635955 -563.006650 -329.349452 -245.941026 -593.573412 -583.444102 -582.786917 -288.711357 -106.192628 -858.298438 -5836.308997 -994.845586 -42264.944448 -37.940403 -37291.959084 -36007.474643 -130549.876945 -2578.134783 -594.625854 -585.896416 -593.391376 -588.558014 -473.463906 -90.951482
-9999.0 -9999.0 -9999.0 -9999.0 -9999.0 -9999.0 -9999.0 -9999.0 -9999.0 -9999.0 -593.434849 -593.385081 -456.041644 -442.222165 347.057321 -1653.791187 -1890.933263 -519.294557 -576.384405 -842.101294 -930.772644 -4430.518022 -2821.753591 -3860.135620 -830.082606 -571.431939 -115.814290 -700.206425 -618.249286 -589.563427 -584.371854 -319.006167 -1109.218948 -584.146172 -583.927248 -387.384687 -163.958454 -435.015003 -884.614914 -584.556362 -592.759895 -594.044960 -532.154022 -585.618136 -386.978197 -4758.345975 -411.216678 -48491.446662 -32908.375551 -36661.642734 -53067.210479 -1952.873873 -420.651018 -594.656102 -584.514351 -594.548653 -592.360157 -1009.082279
-9999.0 -9999.0 -9999.0 -9999.0 -9999.0 -9999.0 -9999.0 -9999.0 -265.623865 -584.695196 -592.125343 -393.297551 -425.966388 -405.753915 -673.439577 -183.300612 -2247.345222 -187.641089 -723.542305 -899.244621 -1090.797716 -7412.837256 -4618.806235 -3877.976677 -1011.510027 -146.203931 9.320268 -590.447300 -413.187760 -669.928252 -583.111813 -584.107419 -586.912842 -588.477992 -593.190430 -583.591974 -592.653917 -413.969497 -630.205097 -593.894776 -586.393110 -399.139040 -602.812269 -583.277966 -593.824876 -176.480640 -632.367936 -471.763251 -31562.559898 30.102118 -1677.446102 -119918.495660 -412.598241 -684.997999 -593.965768 -593.214391 -593.771407 -178.982354
-9999.0 -9999.0 -9999.0 -9999.0 -9999.0 -9999.0 -9999.0 -9999.0 -812.888684 -400.596959 -985.795250 -587.352030 -592.753743 -321.854302 -979.260616 -1042.485285 -1447.381316 -1853.399446 -152856.540434 -892.590189 -443.144604 -597.734503 -519.193420 -227.386506 -5854.430918 -146.680089 80.273006 -363.385112 -867.296568 -592.145266 -593.457947 -593.210641 -592.605773 -594.323042 -312.389712 -272.538904 -574.419235 -374.853150 -1133.359336 -590.929609 -589.050000 -583.537425 -584.523295 -591.494437 -116.537807 -487.174234 -624.796052 -586.210838 -1066.674036 -856.262392 -1849.115271 -345.020300 -693.716858 -574.295073 -593.660916 -34820.081983 -23139.241544 -25837.564370
-9999.0 -9999.0 -9999.0 -9999.0 -9999.0 -9999.0 -9999.0 -9999.0 -593.129146 -330.614901 -592.558892 -822.088403 -247.935512 -781.363432 -439.605501 -111155.294668 -2109.996226 -1443.633149 -14017.899988 -410.998484 -885.303425 -583.995302 -608.654557 -804.362878 -311.523807 -1681.025373 -1008.981804 -791.070672 -1492.201103 -588.581900 -593.383591 -229.910640 -450.068763 -1232.287475 -279.620697 -535.402379 -1021.529758 -35523.053702 -1279.946486 -901.999264 -594.342119 -594.318027 -350.708853 -306.539077 -516.590445 -475.748252 -594.032329 -391.737128 -565.795883 -26908.294210 -117.273271 -1453.794937 -32107.404676 -30066.007128 -26728.427774 -260.846059 -275.553428 -291.626284
-9999.0 -9999.0 -9999.0 -9999.0 -9999.0 -9999.0 -9999.0 -9999.0 -583.389745 -591.749579 90.076570 -1925.750278 -224.956648 346.159244 -125074.486169 -1642.395440 -152648.712250 -2165.509251 -318.112946 -756.482522 -839.880497 -714.111615 -482.353139 -459.731655 -439.450467 -1317.580096 -1133.114967 -108308.249085 -237.759405 -16194.992596 -5110.304482 -5855.047822 -36871.652084 -373.995700 -1258.642789 -593.599358 -591.729795 -790.797410 -40387.485180 -1039.869699 -592.918280 -590.150250 -588.662930 -593.587951 -431.987850 -593.978500 -593.822932 -593.886589 -592.171629 -12558.329295 -753.507252 -1494.683100 -1437.457754 -14.727815 -254.907466 -247.289505 -1475.671996 460.438177
-9999.0 -9999.0 -9999.0 -9999.0 -9999.0 -9999.0 -9999.0 -9999.0 -450.516311 -289.348784 2297.209981 -31946.448132 -25178.918695 -846.877166 -151.486903 -292.329491 -60.604743 -1049.732993 -845.210902 -1364.055238 -472.041966 -676.978052 -655.281627 -633.556609 -234.856961 -1898.412213 -3973.064632 -711.856714 -646.190892 -358.969814 -64138.842939 -331.600621 -35112.176546 -341.952508 -11635.132650 -13826.021429 -15876.544627 -804.269012 -27551.405837 -343.351919 -6873.955839 -20997.685901 -25319.250145 -33599.992991 -1268.488483 -583.555793 -17883.679746 -28162.054992 -23425.725893 -33740.384248 -36214.579777 -2159.941628 -1512.841408 -436.524342 -147.585596 482.604526 222.171314 -17.624125
-9999.0 -9999.0 -593.417498 -377.419656 -386.102181 -790.197198 -399.626460 -415.133794 -277.558781 -320.934600 -374.204523 290.434735 -729.133372 -264.538272 -106.086506 -41.857319 -28812.239453 -802.704478 -587.986549 -779.628170 -1606.420969 -176.594911 -52.028318 -722.571290 -701.944012 -4220.622981 -2019.099280 -1978.512665 -1707.546064 -161.720034 -1816.627171 -998.021100 366.597194 -1111.998617 -348.840642 -1098.968296 -419.951739 -940.917001 -22548.065292 -24390.453978 -29432.527149 -34062.495037 -38498.667188 -2201.288195 -78041.426380 -31620.638113 -349.512226 -56.485172 -37172.852254 -483.989188 -500.523272 -255.225014 373.251844 375.690567 379.683405 377.408483 391.893628 354.134530
