user2019/resources/simulation/Vinschgau/output-maps/psiL0008N0165.asc
ncols         63
nrows         48
xllcorner     598000.000000
yllcorner     5145000.000000
cellsize      1000.000000
NODATA_value  -9999.0
[rows 0 to 25 of 48, columns 0 to 58 of 63]
-9999.0 -9999.0 -9999.0 -9999.0 -9999.0 -9999.0 -9999.0 -9999.0 -9999.0 -9999.0 -9999.0 -9999.0 -9999.0 -9999.0 -9999.0 -9999.0 -9999.0 -9999.0 -9999.0 -9999.0 -9999.0 -9999.0 -9999.0 -9999.0 -9999.0 -9999.0 -9999.0 -9999.0 -9999.0 -9999.0 -9999.0 -9999.0 -9999.0 -9999.0 -9999.0 -9999.0 -9999.0 -9999.0 -9999.0 -9999.0 -9999.0 -9999.0 -9999.0 -9999.0 -9999.0 -9999.0 -9999.0 -9999.0 -9999.0 -9999.0 -9999.0 -9999.0 -9999.0 -9999.0 -9999.0 -9999.0 -9999.0 -9999.0 -9999.0
-9999.0 -9999.0 -9999.0 -9999.0 -9999.0 -9999.0 -9999.0 -9999.0 -9999.0 -9999.0 -9999.0 -9999.0 -9999.0 -9999.0 -9999.0 -9999.0 -9999.0 -9999.0 -9999.0 -9999.0 -9999.0 -9999.0 -9999.0 -9999.0 -9999.0 -9999.0 -9999.0 -252.615967 -252.619159 -252.656563 -253.635247 -253.801454 -253.801743 -9999.0 -9999.0 -9999.0 -9999.0 -9999.0 -9999.0 -9999.0 -9999.0 -9999.0 -9999.0 -9999.0 -9999.0 -9999.0 -9999.0 -9999.0 -9999.0 -9999.0 -9999.0 -9999.0 -9999.0 -9999.0 -9999.0 -9999.0 -9999.0 -9999.0 -9999.0
-9999.0 -9999.0 -9999.0 -9999.0 -9999.0 -9999.0 -9999.0 -9999.0 -9999.0 -9999.0 -9999.0 -9999.0 -9999.0 -9999.0 -9999.0 -9999.0 -9999.0 -9999.0 -9999.0 -9999.0 -9999.0 -9999.0 -9999.0 -9999.0 -252.563285 -252.606973 -252.631756 -252.629804 -252.626490 -252.629537 -253.292607 -9999.0 -9999.0 -9999.0 -9999.0 -9999.0 -9999.0 -9999.0 -9999.0 -9999.0 -9999.0 -9999.0 -9999.0 -9999.0 -9999.0 -9999.0 -9999.0 -9999.0 -9999.0 -9999.0 -9999.0 -9999.0 -9999.0 -9999.0 -9999.0 -9999.0 -9999.0 -9999.0 -9999.0
-9999.0 -9999.0 -9999.0 -9999.0 -9999.0 -9999.0 -9999.0 -9999.0 -9999.0 -9999.0 -9999.0 -9999.0 -9999.0 -9999.0 -9999.0 -9999.0 -9999.0 -9999.0 -9999.0 -9999.0 -9999.0 -9999.0 -9999.0 -252.597471 -252.586413 -243.037888 -250.007830 -250.457771 -252.649896 -252.629317 -252.628296 -252.602703 -9999.0 -9999.0 -9999.0 -9999.0 -9999.0 -9999.0 -9999.0 -9999.0 -9999.0 -9999.0 -9999.0 -9999.0 -9999.0 -9999.0 -9999.0 -9999.0 -9999.0 -9999.0 -9999.0 -9999.0 -9999.0 -9999.0 -9999.0 -9999.0 -9999.0 -9999.0 -9999.0
-9999.0 -9999.0 -9999.0 -9999.0 -9999.0 -9999.0 -9999.0 -9999.0 -9999.0 -9999.0 -9999.0 -9999.0 -9999.0 -9999.0 -9999.0 -9999.0 -9999.0 -9999.0 -227.793212 -250.008513 -9999.0 -252.584861 -252.583487 -250.065746 -249.995401 -252.638584 -253.198104 -253.118186 -223.327434 -252.603879 -252.646120 -252.622342 -252.699208 -252.691947 -9999.0 -9999.0 -9999.0 -9999.0 -9999.0 -9999.0 -9999.0 -9999.0 -9999.0 -9999.0 -9999.0 -9999.0 -9999.0 -9999.0 -9999.0 -9999.0 -9999.0 -9999.0 -9999.0 -9999.0 -9999.0 -9999.0 -9999.0 -9999.0 -9999.0
-9999.0 -9999.0 -9999.0 -9999.0 -9999.0 -9999.0 -9999.0 -9999.0 -9999.0 -9999.0 -9999.0 -9999.0 -9999.0 -9999.0 -9999.0 -9999.0 -9999.0 -617.315765 -290.309446 -252.675989 -252.857399 -250.459547 -252.247274 -252.609941 -232.609848 -260.787570 -255.719820 -252.575335 -254.367918 -253.276328 -252.573401 -252.640217 -252.896289 -252.736658 -253.727197 -253.851822 -9999.0 -9999.0 -9999.0 -9999.0 -9999.0 -9999.0 -9999.0 -9999.0 -9999.0 -9999.0 -9999.0 -9999.0 -9999.0 -9999.0 -9999.0 -9999.0 -9999.0 -9999.0 -9999.0 -9999.0 -9999.0 -9999.0 -9999.0
-9999.0 -9999.0 -9999.0 -9999.0 -9999.0 -9999.0 -9999.0 -9999.0 -9999.0 -9999.0 -9999.0 -9999.0 -9999.0 -252.608530 -250.576772 -267.117947 -285.188823 -252.755584 -594.781351 -252.423423 -250.012943 -250.015930 -252.666340 -250.877318 -259.199934 -252.641435 -252.726614 -252.610706 -252.630743 -252.590321 -252.595563 -252.619397 -253.057587 -253.905528 -253.875590 -253.865919 -9999.0 -9999.0 -9999.0 -9999.0 -9999.0 -9999.0 -9999.0 -9999.0 -9999.0 -9999.0 -9999.0 -9999.0 -9999.0 -9999.0 -9999.0 -9999.0 -9999.0 -9999.0 -9999.0 -9999.0 -9999.0 -9999.0 -9999.0
-9999.0 -9999.0 -9999.0 -9999.0 -9999.0 -9999.0 -9999.0 -9999.0 -9999.0 -9999.0 -9999.0 -9999.0 -9999.0 -252.170217 -249.997108 -273.528179 -272.641075 -228.300572 -252.823466 -252.551356 -298.692669 -252.605020 -262.515265 -260.959839 -252.589526 -252.620406 -252.627482 -253.802985 -253.849170 -252.704152 -252.605392 -253.879400 -253.876757 -253.879325 -253.875566 -9999.0 -9999.0 -9999.0 -9999.0 -9999.0 -9999.0 -9999.0 -9999.0 -9999.0 -9999.0 -9999.0 -9999.0 -9999.0 -9999.0 -9999.0 -9999.0 -9999.0 -9999.0 -9999.0 -9999.0 -9999.0 -9999.0 -9999.0 -9999.0
-9999.0 -9999.0 -9999.0 -9999.0 -9999.0 -9999.0 -9999.0 -9999.0 -9999.0 -9999.0 -9999.0 -9999.0 -9999.0 -250.171429 -249.986848 -236.892870 -271.652846 -270.150780 -252.857051 -405.308956 -251.509846 -253.031625 -259.668473 -255.956491 -252.551264 -251.875783 -252.658166 -253.812146 -252.625288 -253.872644 -253.845727 -253.867858 -253.861121 -253.870959 -253.885062 -9999.0 -9999.0 -9999.0 -9999.0 -9999.0 -9999.0 -9999.0 -9999.0 -9999.0 -9999.0 -9999.0 -9999.0 -9999.0 -9999.0 -9999.0 -9999.0 -9999.0 -9999.0 -9999.0 -9999.0 -9999.0 -9999.0 -9999.0 -9999.0
-9999.0 -9999.0 -9999.0 -9999.0 -9999.0 -9999.0 -9999.0 -9999.0 -9999.0 -9999.0 -9999.0 -9999.0 -252.322078 -249.986641 -249.996459 -252.621223 -258.271954 -269.492284 -219.727119 -252.997224 -252.575567 -252.617026 -252.694586 -252.592805 -250.777544 -253.751802 -252.596040 -252.613493 -252.643486 -253.835419 -253.845728 -252.656777 -252.681139 -253.640729 -9999.0 -9999.0 -9999.0 -9999.0 -9999.0 -9999.0 -9999.0 -9999.0 -9999.0 -9999.0 -9999.0 -9999.0 -9999.0 -9999.0 -9999.0 -9999.0 -9999.0 -9999.0 -9999.0 -9999.0 -9999.0 -9999.0 -9999.0 -9999.0 -9999.0
-9999.0 -9999.0 -9999.0 -9999.0 -9999.0 -9999.0 -9999.0 -9999.0 -9999.0 -9999.0 -9999.0 -252.543725 -252.582689 -243.168627 -252.609506 -252.604177 -252.936049 -267.823256 -150.989493 -253.019272 -280.214118 -250.028816 -252.627381 -253.592439 -252.633043 -252.656544 -253.783532 -252.617864 -252.615821 -253.851050 -252.693747 -252.657465 -253.029651 -253.616449 -252.845644 -252.676845 -252.820854 -252.763212 -252.664865 -9999.0 -9999.0 -9999.0 -253.604357 -9999.0 -9999.0 -9999.0 -9999.0 -9999.0 -9999.0 -9999.0 -9999.0 -9999.0 -9999.0 -9999.0 -9999.0 -9999.0 -9999.0 -9999.0 -9999.0
-9999.0 -9999.0 -9999.0 -9999.0 -9999.0 -9999.0 -9999.0 -9999.0 -9999.0 -9999.0 -9999.0 -252.597870 -252.581073 -252.477121 -252.156737 -253.234476 -251.857498 -284.030800 -182.741703 -187.753275 -249.987980 -250.009038 -252.591054 -252.623637 -252.609842 -253.572230 -252.640409 -252.652690 -252.710235 -253.645862 -252.651249 -252.657689 -252.737507 -252.697485 -252.673392 -252.770070 -252.652406 -252.674808 -252.598136 -252.728466 -252.805030 -253.021828 -252.761659 -253.636914 -9999.0 -9999.0 -9999.0 -341.665599 -252.378562 -252.571756 -251.443897 -252.536555 -252.536334 -256.940774 -243.749891 -253.515269 -9999.0 -9999.0 -9999.0
-9999.0 -9999.0 -9999.0 -9999.0 -9999.0 -9999.0 -9999.0 -9999.0 -9999.0 -9999.0 -9999.0 -252.588791 -252.597709 -252.748407 -250.777874 -252.752275 -252.545475 -268.888348 -251.326588 -217.135961 -344.768838 -252.568980 -252.593108 -252.588652 -253.620820 -252.743373 -252.616818 -252.727453 -253.650028 -253.475547 -253.746717 -252.747386 -252.673335 -252.687872 -253.145947 -252.704607 -252.640990 -252.726560 -252.682030 -252.810344 -252.591845 -252.795013 -252.765345 -252.668150 -252.618371 -9999.0 -253.435516 -252.496859 -252.288337 -250.270474 -252.521949 -252.598813 -250.013918 -249.913334 -249.921469 -250.006946 -9999.0 -9999.0 -9999.0
-9999.0 -9999.0 -9999.0 -9999.0 -9999.0 -9999.0 -9999.0 -9999.0 -9999.0 -9999.0 -9999.0 -9999.0 -252.578022 -251.165257 -250.006134 -252.200930 -261.824779 -266.647482 -231.927081 -197.686768 -275.076603 -252.607552 -252.429991 -252.580298 -252.653566 -252.605261 -249.994279 -253.683229 -253.473386 -252.655470 -252.646153 -252.649480 -252.666396 -252.666848 -253.328393 -252.754940 -252.929169 -252.614149 -252.793981 -252.710943 -252.588814 -252.772003 -252.709357 -252.565916 -252.699239 -252.597222 -252.613374 -252.574501 -252.596457 -252.618307 -250.228311 -250.489913 -330.151910 -250.062273 -252.513222 -252.527070 -250.004781 -9999.0 -9999.0
-9999.0 -9999.0 -9999.0 -9999.0 -9999.0 -9999.0 -9999.0 -9999.0 -9999.0 -9999.0 -9999.0 -250.908431 -252.658795 -252.714010 -252.403342 -252.347780 -252.356193 -263.591533 -249.981352 -522.458314 -277.843393 -270.580493 -252.191173 -252.715091 -252.591735 -251.254243 -251.652966 -253.654001 -252.659680 -252.700837 -252.634301 -252.626477 -252.588000 -252.652952 -253.760108 -252.719529 -253.011180 -253.073394 -655.557675 -252.706706 -252.621910 -252.635945 -252.657427 -252.900895 -252.606183 -252.602198 -252.588215 -252.622407 -252.593839 -252.644894 -253.345986 -252.841534 -252.593246 -253.640375 -253.333058 -253.634940 -252.499827 -9999.0 -9999.0
-9999.0 -9999.0 -9999.0 -9999.0 -9999.0 -9999.0 -9999.0 -9999.0 -9999.0 -9999.0 -250.104934 -252.452820 -250.182486 -252.611673 -250.002906 -251.889519 -252.592258 -258.998681 -269.771823 -420.084955 -92.296053 -311.506096 -264.563651 -249.998232 -251.634560 -250.253357 -252.751930 -253.293903 -252.689561 -252.517680 -252.595240 -252.610700 -252.644707 -253.446852 -253.861805 -252.830526 -252.858415 -252.752318 -266.433863 -252.728219 -252.824486 -252.750424 -253.613041 -445.763963 -252.600714 -252.700223 -252.588320 -252.678068 -252.583179 -252.614126 -253.228066 -253.596132 -253.396236 -253.625655 -253.547861 -250.005911 -250.012246 -9999.0 -9999.0
-9999.0 -9999.0 -9999.0 -9999.0 -9999.0 -9999.0 -9999.0 -9999.0 -9999.0 -252.742248 -250.136317 -250.147134 -251.998369 -252.584718 -250.053062 -252.592223 -252.614005 -250.001875 -279.956109 -543.117677 -225.417392 -274.691790 -273.110256 -252.558378 -250.149633 -253.735048 -252.718740 -251.939257 -252.635776 -252.551946 -252.584602 -254.414603 -253.825065 -253.834798 -253.465638 -253.683939 -252.648721 -252.684708 -252.762109 -252.611189 -264.635425 -253.361541 -253.975152 -275.775614 -286.809968 -252.646478 -250.935026 -252.674826 -252.628800 -244.350958 -252.634413 -252.589770 -253.627008 -253.357538 -252.877181 -252.389151 -250.007092 -250.931396 -251.709625
-9999.0 -9999.0 -9999.0 -9999.0 -9999.0 -9999.0 -9999.0 -9999.0 -9999.0 -252.714671 -252.663582 -252.644634 -249.989619 -252.128119 -251.695520 -252.335762 -249.995347 -252.610640 -286.960463 -235.625225 -236.096887 -252.448215 -249.942999 -250.186247 -253.668470 -252.597596 -252.540297 -252.335162 -252.490813 -253.122304 -252.614057 -256.894907 -253.600984 -252.623603 -252.648436 -252.825458 -252.732582 -252.746791 -253.676881 -252.633859 -253.359679 -252.832178 -252.618634 -252.627061 -357.774427 -243.416071 -252.579677 -252.666099 -252.655016 -252.589897 -255.015396 -252.672131 -253.465044 -253.459056 -253.529460 -250.070866 -250.005925 -250.025620 -251.450112
-9999.0 -9999.0 -9999.0 -9999.0 -9999.0 -9999.0 -9999.0 -9999.0 -9999.0 -9999.0 -252.635692 -252.639306 -252.583533 -365.556959 -252.628503 -250.930398 -250.054589 -250.026068 -294.654379 -384.956973 -206.726257 -271.713222 -256.402294 -257.292729 -252.590780 -252.522455 -252.475477 -252.510743 -252.602335 -253.140417 -253.339792 -252.492308 -253.261593 -253.649131 -252.667711 -252.591947 -252.589602 -252.607590 -252.662962 -253.709707 -253.781333 -252.604680 -252.608457 -252.618916 -255.167264 -258.393050 -270.143907 -232.408483 -252.959651 -252.633430 -257.312860 -252.592599 -252.527351 -253.451895 -252.553953 -253.163588 -252.232770 -252.389057 -250.087773
-9999.0 -9999.0 -9999.0 -9999.0 -9999.0 -9999.0 -9999.0 -9999.0 -9999.0 -9999.0 -252.629880 -252.632808 -252.581847 -251.175261 -102.156847 -274.473304 -271.219279 -272.966935 -298.363155 -374.168170 -286.236626 -277.013760 -271.125656 -252.518594 -252.463007 -252.467762 -244.336587 -259.023058 -254.230008 -253.194000 -253.619173 -252.584784 -253.248812 -253.636532 -253.622683 -252.698841 -252.634997 -252.630637 -252.719453 -253.544051 -252.596653 -252.603740 -252.592089 -253.486828 -250.208275 -254.540462 -252.542499 -255.624604 -278.340017 -252.728894 -252.835138 -252.554456 -250.965308 -252.526150 -253.599671 -252.402299 -252.767717 -250.026801 -289.867075
-9999.0 -9999.0 -9999.0 -9999.0 -9999.0 -9999.0 -9999.0 -9999.0 -250.027678 -252.508896 -252.783404 -252.579238 -252.604704 -252.607964 -258.551266 -312.375850 -288.936997 -252.501976 -309.464869 -350.271362 -299.706611 -291.490043 -283.197577 -278.715890 -252.564523 -276.422254 -230.903295 -253.766674 -252.587523 -252.899886 -253.761006 -253.600792 -253.333812 -253.146971 -252.592357 -253.693809 -252.589470 -252.635754 -254.604722 -252.628658 -253.410829 -252.642742 -253.506074 -253.738748 -252.601578 -250.642180 -253.474538 -250.619055 -260.420353 -9.218959 -252.245538 -261.235726 -250.026587 -252.787855 -252.452131 -250.019715 -251.466895 -249.997231 -252.619826
-9999.0 -9999.0 -9999.0 -9999.0 -9999.0 -9999.0 -9999.0 -9999.0 -252.834002 -251.683289 -252.714680 -253.294845 -252.712708 -252.563979 -258.001513 -261.914324 -268.470709 -267.811016 -293.370792 -298.501074 -271.993647 -380.700353 -248.426479 -252.509010 -291.197715 -288.854544 -254.036446 -252.595127 -253.300294 -252.592072 -252.589873 -252.671448 -252.585964 -252.599542 -252.159699 -252.337210 -252.598678 -252.604732 -252.655223 -252.581734 -253.113562 -253.708893 -253.602368 -252.399345 -252.485787 -252.377197 -253.428031 -253.408748 -252.602522 -273.373113 -252.481354 -252.532596 -253.308704 -250.013311 -252.593911 -252.627744 -252.568426 -252.618243 -252.810999
-9999.0 -9999.0 -9999.0 -9999.0 -9999.0 -9999.0 -9999.0 -9999.0 -252.693234 -252.612776 -251.264352 -252.734405 -252.577015 -253.031396 -250.015425 -266.229998 -278.560861 -252.565103 -298.270172 -235.003083 -253.605401 -355.253458 -246.265016 -250.234740 -243.207324 -275.773734 -263.487717 -255.797542 -253.223762 -252.656290 -252.656266 -252.553035 -252.638231 -252.697862 -250.224676 -252.173558 -252.585414 -266.995354 -255.006364 -252.591027 -252.576257 -252.594114 -250.153872 -252.578374 -252.585289 -252.594098 -252.574496 -250.002773 -252.544668 -259.917400 -53.754861 -252.470716 -258.686416 -255.497822 -252.580937 -252.485812 -252.432194 -252.444376 -252.566247
-9999.0 -9999.0 -9999.0 -9999.0 -9999.0 -9999.0 -9999.0 -9999.0 -253.729990 -252.611368 -245.346687 -252.829058 -250.002647 -250.020670 -267.296008 -279.061246 -299.917049 -305.129787 -310.984426 -477.516347 -364.236414 -38.819361 -4.119493 -200.651871 -263.189667 -263.106476 -255.674980 -259.759614 -250.002616 -252.552382 -252.671070 -252.633641 -252.644910 -252.587963 -252.625880 -252.599782 -252.606480 -266.004749 -257.131964 -252.617132 -252.517412 -251.879637 -251.530472 -252.642051 -250.009197 -252.585090 -250.016920 -252.591331 -250.025776 -252.625142 -257.288955 -304.940828 -252.464880 -220.663133 -252.419208 -252.417690 -252.534845 -91.580139 14.610595
-9999.0 -9999.0 -9999.0 -9999.0 -9999.0 -9999.0 -9999.0 -9999.0 -252.602738 -252.501479 -250.006745 -261.305195 -266.222290 -272.097663 -251.175135 -240.518952 -177.920704 -265.948894 -259.511553 -268.422394 -280.664694 -58.455004 -57.170230 -208.084207 -252.489412 -269.869118 -263.998737 -250.709400 -251.688754 -250.424385 -261.288596 -250.002771 -252.629856 -250.683809 -252.639297 -252.626645 -252.585709 -268.751218 -269.313652 -252.603084 -252.648860 -252.740098 -252.595799 -252.661634 -252.634250 -252.208410 -252.633516 -252.629473 -252.583719 -252.620113 -252.715078 -296.734173 -298.564109 -252.475198 -252.239550 -69.115282 -52.711739 -39.342594 -56.539721
-9999.0 -9999.0 -252.652464 -252.531887 -252.563901 -252.593881 -252.420413 -252.607356 -252.582722 -252.299166 -252.542416 -203.864957 -269.730288 -249.996459 -252.482850 -166.751321 -260.891233 -253.812992 -252.588697 -259.657902 -271.053967 -296.689950 -72.191092 -68.089877 -326.240363 -281.328379 -276.247388 -275.173947 -287.318709 -249.984351 -268.303394 -265.019556 -216.767967 -276.748959 -252.490727 -268.178314 -252.477230 -274.378318 -268.490327 -259.997077 -252.608593 -252.622198 -280.880639 -252.067893 -266.525874 -252.616238 -252.468628 -252.874356 -252.972915 -252.520516 -252.496124 -72.017848 -55.452492 -64.165564 -56.575766 136.720997 -39.339427 -217.401936 -252.453139
