user2019/resources/simulation/Vinschgau/output-maps/psiL0006N1105.asc
ncols         63
nrows         48
xllcorner     598000.000000
yllcorner     5145000.000000
cellsize      1000.000000
NODATA_value  -9999.0
[rows 0 to 25 of 48, columns 0 to 58 of 63]
-9999.0 -9999.0 -9999.0 -9999.0 -9999.0 -9999.0 -9999.0 -9999.0 -9999.0 -9999.0 -9999.0 -9999.0 -9999.0 -9999.0 -9999.0 -9999.0 -9999.0 -9999.0 -9999.0 -9999.0 -9999.0 -9999.0 -9999.0 -9999.0 -9999.0 -9999.0 -9999.0 -9999.0 -9999.0 -9999.0 -9999.0 -9999.0 -9999.0 -9999.0 -9999.0 -9999.0 -9999.0 -9999.0 -9999.0 -9999.0 -9999.0 -9999.0 -9999.0 -9999.0 -9999.0 -9999.0 -9999.0 -9999.0 -9999.0 -9999.0 -9999.0 -9999.0 -9999.0 -9999.0 -9999.0 -9999.0 -9999.0 -9999.0 -9999.0
-9999.0 -9999.0 -9999.0 -9999.0 -9999.0 -9999.0 -9999.0 -9999.0 -9999.0 -9999.0 -9999.0 -9999.0 -9999.0 -9999.0 -9999.0 -9999.0 -9999.0 -9999.0 -9999.0 -9999.0 -9999.0 -9999.0 -9999.0 -9999.0 -9999.0 -9999.0 -9999.0 -795.876901 -33.271025 -796.199093 -24.947536 -43.225240 -12.834253 -9999.0 -9999.0 -9999.0 -9999.0 -9999.0 -9999.0 -9999.0 -9999.0 -9999.0 -9999.0 -9999.0 -9999.0 -9999.0 -9999.0 -9999.0 -9999.0 -9999.0 -9999.0 -9999.0 -9999.0 -9999.0 -9999.0 -9999.0 -9999.0 -9999.0 -9999.0
-9999.0 -9999.0 -9999.0 -9999.0 -9999.0 -9999.0 -9999.0 -9999.0 -9999.0 -9999.0 -9999.0 -9999.0 -9999.0 -9999.0 -9999.0 -9999.0 -9999.0 -9999.0 -9999.0 -9999.0 -9999.0 -9999.0 -9999.0 -9999.0 -103.303431 -106.921577 -91.938543 -88.042720 -55.849226 -28.220269 -28.691550 -9999.0 -9999.0 -9999.0 -9999.0 -9999.0 -9999.0 -9999.0 -9999.0 -9999.0 -9999.0 -9999.0 -9999.0 -9999.0 -9999.0 -9999.0 -9999.0 -9999.0 -9999.0 -9999.0 -9999.0 -9999.0 -9999.0 -9999.0 -9999.0 -9999.0 -9999.0 -9999.0 -9999.0
-9999.0 -9999.0 -9999.0 -9999.0 -9999.0 -9999.0 -9999.0 -9999.0 -9999.0 -9999.0 -9999.0 -9999.0 -9999.0 -9999.0 -9999.0 -9999.0 -9999.0 -9999.0 -9999.0 -9999.0 -9999.0 -9999.0 -9999.0 -108.616241 -68.525824 -813.020333 -1019.479770 -35253.537284 -817.497563 -38.848936 -32.053504 -26.518853 -9999.0 -9999.0 -9999.0 -9999.0 -9999.0 -9999.0 -9999.0 -9999.0 -9999.0 -9999.0 -9999.0 -9999.0 -9999.0 -9999.0 -9999.0 -9999.0 -9999.0 -9999.0 -9999.0 -9999.0 -9999.0 -9999.0 -9999.0 -9999.0 -9999.0 -9999.0 -9999.0
-9999.0 -9999.0 -9999.0 -9999.0 -9999.0 -9999.0 -9999.0 -9999.0 -9999.0 -9999.0 -9999.0 -9999.0 -9999.0 -9999.0 -9999.0 -9999.0 -9999.0 -9999.0 -341.431119 720.318017 -9999.0 -104.860276 -69.702886 -10151.738984 -769.644489 -30380.227497 -373.211892 -342.212966 -248.795721 -634.840109 -36.613771 -27.351306 -797.600445 -796.997737 -9999.0 -9999.0 -9999.0 -9999.0 -9999.0 -9999.0 -9999.0 -9999.0 -9999.0 -9999.0 -9999.0 -9999.0 -9999.0 -9999.0 -9999.0 -9999.0 -9999.0 -9999.0 -9999.0 -9999.0 -9999.0 -9999.0 -9999.0 -9999.0 -9999.0
-9999.0 -9999.0 -9999.0 -9999.0 -9999.0 -9999.0 -9999.0 -9999.0 -9999.0 -9999.0 -9999.0 -9999.0 -9999.0 -9999.0 -9999.0 -9999.0 -9999.0 -1245.431010 -1248.768746 -259171.559702 -795.689776 383.821735 -575.016642 -529.672013 -392.704831 -503.129792 -312.308155 -269.700579 -334.472797 -159.289623 846.159415 -29.047823 -804.921054 -804.312538 -798.313755 -797.414475 -9999.0 -9999.0 -9999.0 -9999.0 -9999.0 -9999.0 -9999.0 -9999.0 -9999.0 -9999.0 -9999.0 -9999.0 -9999.0 -9999.0 -9999.0 -9999.0 -9999.0 -9999.0 -9999.0 -9999.0 -9999.0 -9999.0 -9999.0
-9999.0 -9999.0 -9999.0 -9999.0 -9999.0 -9999.0 -9999.0 -9999.0 -9999.0 -9999.0 -9999.0 -9999.0 -9999.0 -32.023591 -439.167368 -929.013502 -1361.516056 -803.271474 -1208.718702 -22992.368429 -863.516310 -581.010309 -1817.664036 -395.242727 -364.291154 195.421688 -156920.411661 -241.170307 -239.292928 -323.748704 9311.400429 -41.106696 -26.786893 -24.915381 -795.680799 -797.186679 -9999.0 -9999.0 -9999.0 -9999.0 -9999.0 -9999.0 -9999.0 -9999.0 -9999.0 -9999.0 -9999.0 -9999.0 -9999.0 -9999.0 -9999.0 -9999.0 -9999.0 -9999.0 -9999.0 -9999.0 -9999.0 -9999.0 -9999.0
-9999.0 -9999.0 -9999.0 -9999.0 -9999.0 -9999.0 -9999.0 -9999.0 -9999.0 -9999.0 -9999.0 -9999.0 -9999.0 -161.681755 -975.831561 -1035.576350 -1258.189348 -577.337528 -804.613770 -1140.813923 -10165.356290 -345.387877 -703.834805 -451.371891 27.797960 -346.083744 -35.424843 -792.162390 -796.930465 -207.426918 -147.450228 -26.621249 -797.716460 -797.844845 -797.458730 -9999.0 -9999.0 -9999.0 -9999.0 -9999.0 -9999.0 -9999.0 -9999.0 -9999.0 -9999.0 -9999.0 -9999.0 -9999.0 -9999.0 -9999.0 -9999.0 -9999.0 -9999.0 -9999.0 -9999.0 -9999.0 -9999.0 -9999.0 -9999.0
-9999.0 -9999.0 -9999.0 -9999.0 -9999.0 -9999.0 -9999.0 -9999.0 -9999.0 -9999.0 -9999.0 -9999.0 -9999.0 -1074.935228 712.646539 -968.586467 -1054.719553 -1172.214762 -805.374415 -1283.434008 -582.195422 -152590.983193 -423.350195 -370.579732 -418.404250 -452.870134 -797.431972 -797.587177 -28.330674 -797.867087 -26.006984 -796.303240 -797.949692 -795.132414 -797.641169 -9999.0 -9999.0 -9999.0 -9999.0 -9999.0 -9999.0 -9999.0 -9999.0 -9999.0 -9999.0 -9999.0 -9999.0 -9999.0 -9999.0 -9999.0 -9999.0 -9999.0 -9999.0 -9999.0 -9999.0 -9999.0 -9999.0 -9999.0 -9999.0
-9999.0 -9999.0 -9999.0 -9999.0 -9999.0 -9999.0 -9999.0 -9999.0 -9999.0 -9999.0 -9999.0 -9999.0 -1729.555376 6597.524780 -1030.470069 -552.624152 -717.547353 -941.367934 -628.285882 -152447.671414 -687.750729 -329.963526 -31941.887183 -245.424533 3461.650974 -32.962708 54.591530 -30.593804 -25.388829 -797.033992 -30.509505 -797.067003 -23.728951 -797.790858 -9999.0 -9999.0 -9999.0 -9999.0 -9999.0 -9999.0 -9999.0 -9999.0 -9999.0 -9999.0 -9999.0 -9999.0 -9999.0 -9999.0 -9999.0 -9999.0 -9999.0 -9999.0 -9999.0 -9999.0 -9999.0 -9999.0 -9999.0 -9999.0 -9999.0
-9999.0 -9999.0 -9999.0 -9999.0 -9999.0 -9999.0 -9999.0 -9999.0 -9999.0 -9999.0 -9999.0 24.582307 -622.009235 389.442198 -978.467706 -255.657872 -152527.051093 -938.955913 -456.463819 -152502.241870 -681.365485 -378.969057 -36.814129 -34.335183 -228.443654 -27.042829 -24.788949 -25.986074 3571.902743 -794.790765 -797.238876 -25.422389 -796.353324 -797.427926 -797.185216 -799.117836 -163.480094 -293.207051 -670.191031 -9999.0 -9999.0 -9999.0 -800.157047 -9999.0 -9999.0 -9999.0 -9999.0 -9999.0 -9999.0 -9999.0 -9999.0 -9999.0 -9999.0 -9999.0 -9999.0 -9999.0 -9999.0 -9999.0 -9999.0
-9999.0 -9999.0 -9999.0 -9999.0 -9999.0 -9999.0 -9999.0 -9999.0 -9999.0 -9999.0 -9999.0 181.993514 -763.262442 -23356.761244 -1217.705884 -56.165570 -1400.898973 -1599.320249 -584.315845 -573.388493 -445.986089 -25.562070 36.697124 -140.093884 -125.549972 -27.081592 -31.976923 -27.683918 -792.824131 -797.121762 -24.694174 -23.790687 -30.471531 -23.615338 -37.266252 -37.686733 -80.429575 -244.374193 -273.019497 -801.425174 -800.214561 -796.956126 -25.492301 -796.749531 -9999.0 -9999.0 -9999.0 847.313374 -23.626398 -796.031367 -24.336971 -796.247026 -795.994649 851.808713 844.576863 -788.438644 -9999.0 -9999.0 -9999.0
-9999.0 -9999.0 -9999.0 -9999.0 -9999.0 -9999.0 -9999.0 -9999.0 -9999.0 -9999.0 -9999.0 568.731274 -93.533409 -249.953801 -271.467553 -48.987277 -458.950174 -1041.005486 -862.700718 -625.732220 -605.534432 -389.521195 -185.096926 -38.734806 -26.842232 -796.987553 -141.780313 -16.248743 -796.711797 -26.026730 -796.564965 -134.386686 -27.195949 -26.948166 -796.830520 -66.875092 -181.535823 -1602.961411 -260.079782 -803.656961 -250.405281 -356.059981 -33.020126 -28.260717 -28.169053 -9999.0 -797.691486 -23.618197 -24.264450 -24.910505 -26.976969 -795.081963 -25.574762 -23.316092 -21.251854 -24.383626 -9999.0 -9999.0 -9999.0
-9999.0 -9999.0 -9999.0 -9999.0 -9999.0 -9999.0 -9999.0 -9999.0 -9999.0 -9999.0 -9999.0 -9999.0 764.013886 1109.396982 -186.468718 -186.544674 -605.719020 -1033.533711 -541.866985 -595.368309 -822.478032 -452.533272 -252.982153 -135.248150 -141.534110 -161.475561 980.556500 -35.291311 -25.041766 -796.394736 -27.415119 -130.387829 -42.230470 -25.471580 -26.929357 -70.652581 -1505.957903 -3317.261967 -425.166898 -607.126611 -1672.698210 -801.454099 -262.869810 -38.395647 -797.854546 -25.447722 -796.913417 -24.211674 -206.624112 -135.574628 982.354367 -98.593195 1566.565746 782.577897 -98.753519 -57.253108 -59.150986 -9999.0 -9999.0
-9999.0 -9999.0 -9999.0 -9999.0 -9999.0 -9999.0 -9999.0 -9999.0 -9999.0 -9999.0 -9999.0 958.068021 -88.147479 -37.716163 -185.677318 -302.126760 -348.148356 -841.962311 -612.220872 -807.453864 -950.319507 -440.245511 -157.977934 -253.860170 -179.743820 -149.847455 988.514158 -27.362386 -32.199311 -795.918734 -132.776484 -137.967499 -25.625260 -25.217635 -27.715977 -32.698221 -257.151133 -13162.227271 -1253.106473 -254.860724 -7737.348989 -1653.628044 -232.599591 -195773.784498 -41.087178 -31.401283 -25.098053 -797.479577 -798.481110 -3592.821173 -148574.319490 -24.684220 -100.167263 -104221.160281 -136233.015298 -797.851083 -796.148704 -9999.0 -9999.0
-9999.0 -9999.0 -9999.0 -9999.0 -9999.0 -9999.0 -9999.0 -9999.0 -9999.0 -9999.0 3174.637114 -143.591113 -79.901862 1051.603000 -55.788877 -41.125364 -70.516398 -546.734024 -966.755051 -787.501791 -476.759007 -320.826305 -181.531440 489.913301 -257.553732 3050.953585 -174.447400 -150833.077618 -37.676964 -34.964304 -145.095342 -35.755040 -29.152463 -24.314690 -797.294450 -798.475108 -75.358928 -177.046358 -1665.202573 -282.500765 -298.962531 -96236.456708 -424.057744 -280.577381 -218.617577 -796.720953 -25.770488 -246.364926 -159.054953 -207.463024 -150207.299012 -798.032026 -110846.584207 -779.732243 -797.803513 -24.794063 -24.618353 -9999.0 -9999.0
-9999.0 -9999.0 -9999.0 -9999.0 -9999.0 -9999.0 -9999.0 -9999.0 -9999.0 -26.312399 799.138826 794.093970 -158.940642 -193.192750 803.468407 -157.999515 -204.092675 -217.292177 -1098.604017 -876.567723 -520.384541 -856.000545 -248.581853 -365.531802 -358.166037 -130.350258 -160.359807 -37.840183 -266.398632 -206.925854 -326.059504 -798.628875 -796.812645 -797.501543 -796.792076 -797.382358 -27.191433 -152.388733 -160.640124 -173.771990 -199.362432 -267.739795 -166.724341 -833.333148 -200.923748 -269.843824 -18.533565 -269.625940 -246.845951 -331.131277 -3315.853302 -796.905708 -791.267972 -786.655348 -796.451542 -168.572506 -103.859337 -755.211382 -795.824242
-9999.0 -9999.0 -9999.0 -9999.0 -9999.0 -9999.0 -9999.0 -9999.0 -9999.0 -21.179678 -25.707909 -28.774084 4979.490014 -311.069670 -222.177453 -198.969835 190.596372 -257.545058 -1192.978789 -668.856686 -607.789472 -964.514250 -308.871616 183.172283 -130.719083 -180.626202 -196.879688 -257.602094 173.410836 -124.220837 -75.596208 -136.147854 -25.836308 -25.530738 -25.144638 -799.108419 -798.742288 -794.667396 -37.610527 -29.332655 996.205888 -141.196319 -253.225602 -78.385265 -568.045857 -383.669017 -299.882344 -401.460499 -373.002664 -321.576171 -981.672916 -273.961185 -795.889970 -21.188592 -471.130375 715.222872 -152.968293 -115.176058 -779.705589
-9999.0 -9999.0 -9999.0 -9999.0 -9999.0 -9999.0 -9999.0 -9999.0 -9999.0 -9999.0 -27.952682 -26.806291 -112.212891 2924.728197 -366.529294 -227.339197 -278.191580 -385.742962 -1316.672435 -776.237294 -563.096099 -399.186449 -363.252284 -154.008113 -188.003015 -218.198115 -283.136772 23.108164 -77.794524 -129.628916 -107.527168 5540.418392 -154.380328 -23.979855 -25.964262 -27.458266 -118.072895 -26.939802 -796.967615 -25.379372 -29.844914 247.072743 5066.671071 -171.559274 -168.211931 -442.311687 -184.468801 -344.360283 -644.619550 -357.752487 -1356.654624 -3482.604687 -796.705437 -786.470608 -83.839865 -22.364980 414.330127 10836.450091 -205.110271
-9999.0 -9999.0 -9999.0 -9999.0 -9999.0 -9999.0 -9999.0 -9999.0 -9999.0 -9999.0 -24.644981 -27.345527 -61.649085 -164.072274 182.443278 -650.806337 -574.863760 -842.683272 -1002.964424 -1165.319165 -1134.228185 -985.163518 -359.636383 -237.657840 -231.117453 182.981475 -161.813077 -371.918183 -139.340805 -128.853256 -24.892962 -15.883309 -161047.520537 -25.371437 -28.095026 689.980765 3822.249211 -145.839398 -230.615992 -28.518279 -26.320865 -534.824812 -124.810985 -33.647447 1070.473529 -662.179563 -181.352920 -169.593207 -203.685344 -150.793480 -188.630548 -232.507825 -104.037933 -795.785441 -792.300190 -795.017141 -23.596972 -168.119596 188.356924
-9999.0 -9999.0 -9999.0 -9999.0 -9999.0 -9999.0 -9999.0 -9999.0 921.134067 -31.235333 -45.851994 -46.139894 -106.028024 -136.942819 -172.852955 -483.955531 -1119.429070 -1021.652004 -867.663830 -1333.033884 -1342.382620 -1437.820566 -1223.499991 -977.351010 -394.825333 -316.061637 -248.577817 -144.914923 -117.037847 -175.022427 -797.268779 -24.947471 -26.094041 -27.149993 -26.329846 -30.492488 -22.675796 -154.139781 -130.362159 -796.974660 -795.837833 428.200967 -153615.761344 -797.544048 -797.872446 1667.832031 -114.208729 -143.987007 -175.071188 -242.145330 -371.098769 -1094.534126 -113.005706 -214.217936 -797.887568 -24.279228 -774.132758 1188.269665 -173.617616
-9999.0 -9999.0 -9999.0 -9999.0 -9999.0 -9999.0 -9999.0 -9999.0 -20.120200 -128.535777 -263.050673 -26.885467 -30.578955 890.855386 -220.855355 -462.213614 -929.655945 -1021.771332 -15206.357349 -1336.727507 -625.161797 -772.563898 -817.076497 -1116.804863 -1207.152759 -705.466687 -343.531824 -130.480182 -148666.053002 -27.504927 -26.538556 -797.729203 -25.792098 -795.877488 -42.314935 882.462505 47.297114 -184.925282 -216.964525 -30.358613 -26.596780 -140.364041 -796.746278 -30.340881 3551.226276 -125.484401 -152079.951977 -29.720682 -159.386728 -357.947330 -122.566467 -133.050242 -126.429372 -25.851179 -32.772384 -148220.206723 -239.676820 -269.640944 -193.576849
-9999.0 -9999.0 -9999.0 -9999.0 -9999.0 -9999.0 -9999.0 -9999.0 -24.994614 -17.546854 -74.165655 -225.680914 -43.413423 -148668.706104 -182.569852 -177.854176 -714.524891 -909.085440 -1742.539915 -649.228324 -1351.016496 -866.155552 -877.778379 -1137.425084 -696.806759 -981.248423 -325.139037 -180.152405 -152171.719854 -26.764749 -797.879475 -50.802399 -117.489563 -4670.233512 -45.667330 -5.347198 -194.206403 -31.183436 -89.029547 -200.528572 -27.675671 -796.805628 897.084359 870.194350 -115.761236 674.177774 -798.763815 -65.174171 -135.241604 -162.577896 -410.060090 -321.622336 -157.534250 -152.763591 -241.197441 -114.980821 176.044573 -169.115766 -669.247617
-9999.0 -9999.0 -9999.0 -9999.0 -9999.0 -9999.0 -9999.0 -9999.0 -797.066687 -27.185130 940.834621 -203446.939796 -36.073460 794.569959 -1849.936711 -443.034787 -966.863111 -1583.410771 -608.491355 -1310.291555 -1260.200693 -1172.093906 -832.844197 -951.747239 -960.457628 -638.679528 -321.480022 -156.325506 -65.694689 -257.748317 -257.669287 -230.907723 -92602.823513 -148.918868 -3226.777964 -36.788666 -64.003266 -997.566761 -145.139470 -247.514189 -36.902289 -35.806890 -30.671356 -797.354173 -94.071225 -797.822031 -34.849515 -796.119070 -37.142797 -247.123665 -376.138044 -397.372273 -226.613343 867.753528 182.558039 188.537495 -397.731932 -587.092378 -747.249261
-9999.0 -9999.0 -9999.0 -9999.0 -9999.0 -9999.0 -9999.0 -9999.0 -84.699341 898.105913 5623.946530 -159.375031 -153.771046 -191.201382 182.186932 -346.761796 -331.951967 -934.704428 -725.543995 -1030.173139 -1119.467094 -1016.661225 -1168.497514 -1223.912576 -769.209620 -666.174667 -241.225115 -218.843476 -314.431618 -177.022951 -161.084494 -327.355196 -45.758096 -208.372213 -299.870257 -336.347831 -852.144434 -1211.218059 -413.821881 -210.393418 -250.142503 -25856.734789 -271.199962 -31800.070904 -235.568490 -38.099668 -238.768743 -228.383867 -245.458161 -301.961962 -229.943284 -749.089208 -502.623847 -363.154807 205.646088 202.139374 -334.725296 -484.182270 -538.297139
-9999.0 -9999.0 -41.801194 -53.763152 665.515583 -172.796504 -121.466143 -115.617614 630.276152 252.058798 -123.553776 966.830844 -191.582142 -102.200736 -124.760072 53.624672 -157.991845 -189.834157 -182.191885 -509.615575 -1031.627374 -963.829191 -611.960663 -1410.557522 -1075.778779 -992.761053 -652.807876 -557.575496 -635.221921 -84.579135 -402.922402 -538.568258 -364.469384 -898.653672 -635.319379 -1056.555060 -1078.942289 -1747.513696 -1317.409862 -380.433546 -3004.543722 -947.439061 -303.835724 -347.099555 -179.523116 -318.893219 -159.299270 -431.692331 -518.197304 -505.617660 -841.791611 -629.031927 -401.843720 -334.620228 -225.513061 -269.361137 -358.030041 -479.196145 -498.232763
