user2019/resources/simulation/Vinschgau/output-maps/psiL0003N0327.asc
ncols         63
nrows         48
xllcorner     598000.000000
yllcorner     5145000.000000
cellsize      1000.000000
NODATA_value  -9999.0
[rows 0 to 26 of 48, columns 0 to 58 of 63]
-9999.0 -9999.0 -9999.0 -9999.0 -9999.0 -9999.0 -9999.0 -9999.0 -9999.0 -9999.0 -9999.0 -9999.0 -9999.0 -9999.0 -9999.0 -9999.0 -9999.0 -9999.0 -9999.0 -9999.0 -9999.0 -9999.0 -9999.0 -9999.0 -9999.0 -9999.0 -9999.0 -9999.0 -9999.0 -9999.0 -9999.0 -9999.0 -9999.0 -9999.0 -9999.0 -9999.0 -9999.0 -9999.0 -9999.0 -9999.0 -9999.0 -9999.0 -9999.0 -9999.0 -9999.0 -9999.0 -9999.0 -9999.0 -9999.0 -9999.0 -9999.0 -9999.0 -9999.0 -9999.0 -9999.0 -9999.0 -9999.0 -9999.0 -9999.0
-9999.0 -9999.0 -9999.0 -9999.0 -9999.0 -9999.0 -9999.0 -9999.0 -9999.0 -9999.0 -9999.0 -9999.0 -9999.0 -9999.0 -9999.0 -9999.0 -9999.0 -9999.0 -9999.0 -9999.0 -9999.0 -9999.0 -9999.0 -9999.0 -9999.0 -9999.0 -9999.0 -761.636988 -909.861183 -836.385147 -764.539453 -763.667627 -730.803351 -9999.0 -9999.0 -9999.0 -9999.0 -9999.0 -9999.0 -9999.0 -9999.0 -9999.0 -9999.0 -9999.0 -9999.0 -9999.0 -9999.0 -9999.0 -9999.0 -9999.0 -9999.0 -9999.0 -9999.0 -9999.0 -9999.0 -9999.0 -9999.0 -9999.0 -9999.0
-9999.0 -9999.0 -9999.0 -9999.0 -9999.0 -9999.0 -9999.0 -9999.0 -9999.0 -9999.0 -9999.0 -9999.0 -9999.0 -9999.0 -9999.0 -9999.0 -9999.0 -9999.0 -9999.0 -9999.0 -9999.0 -9999.0 -9999.0 -9999.0 -911.808573 -789.110935 -806.873721 -496.989393 -711.103998 -634.262038 -589.665587 -9999.0 -9999.0 -9999.0 -9999.0 -9999.0 -9999.0 -9999.0 -9999.0 -9999.0 -9999.0 -9999.0 -9999.0 -9999.0 -9999.0 -9999.0 -9999.0 -9999.0 -9999.0 -9999.0 -9999.0 -9999.0 -9999.0 -9999.0 -9999.0 -9999.0 -9999.0 -9999.0 -9999.0
-9999.0 -9999.0 -9999.0 -9999.0 -9999.0 -9999.0 -9999.0 -9999.0 -9999.0 -9999.0 -9999.0 -9999.0 -9999.0 -9999.0 -9999.0 -9999.0 -9999.0 -9999.0 -9999.0 -9999.0 -9999.0 -9999.0 -9999.0 -683.821222 -324.626654 1731.902527 449.634488 1812.154943 1101.412729 -464.704474 -917.995860 -1218.313058 -9999.0 -9999.0 -9999.0 -9999.0 -9999.0 -9999.0 -9999.0 -9999.0 -9999.0 -9999.0 -9999.0 -9999.0 -9999.0 -9999.0 -9999.0 -9999.0 -9999.0 -9999.0 -9999.0 -9999.0 -9999.0 -9999.0 -9999.0 -9999.0 -9999.0 -9999.0 -9999.0
-9999.0 -9999.0 -9999.0 -9999.0 -9999.0 -9999.0 -9999.0 -9999.0 -9999.0 -9999.0 -9999.0 -9999.0 -9999.0 -9999.0 -9999.0 -9999.0 -9999.0 -9999.0 43.650787 -116.733406 -9999.0 -540.561572 -602.388072 2204.317943 72.070127 23.627804 -158.163671 -180.250385 21.116263 -33.419010 -406.564946 -991.017235 -894.946079 -925.035010 -9999.0 -9999.0 -9999.0 -9999.0 -9999.0 -9999.0 -9999.0 -9999.0 -9999.0 -9999.0 -9999.0 -9999.0 -9999.0 -9999.0 -9999.0 -9999.0 -9999.0 -9999.0 -9999.0 -9999.0 -9999.0 -9999.0 -9999.0 -9999.0 -9999.0
-9999.0 -9999.0 -9999.0 -9999.0 -9999.0 -9999.0 -9999.0 -9999.0 -9999.0 -9999.0 -9999.0 -9999.0 -9999.0 -9999.0 -9999.0 -9999.0 -9999.0 66.214115 73.504186 -222.952203 -868.386043 -221.749380 -169.308737 1034.799534 23.862270 -240.892274 -377.932417 -467.380525 -551.458762 -199.433125 -240.118405 -403.149236 -881.372586 -903.997482 -961.553717 -978.512267 -9999.0 -9999.0 -9999.0 -9999.0 -9999.0 -9999.0 -9999.0 -9999.0 -9999.0 -9999.0 -9999.0 -9999.0 -9999.0 -9999.0 -9999.0 -9999.0 -9999.0 -9999.0 -9999.0 -9999.0 -9999.0 -9999.0 -9999.0
-9999.0 -9999.0 -9999.0 -9999.0 -9999.0 -9999.0 -9999.0 -9999.0 -9999.0 -9999.0 -9999.0 -9999.0 -9999.0 -837.497549 1329.369730 -77.672133 98.402856 -73.408451 63.927055 104.139113 49.841704 42.087938 51.263804 25.937103 -29.416974 -470.594337 -1024.625987 -624.495317 -655.895194 -756.247573 -367.797213 -488.443930 -599.401135 -747.655831 -981.557208 -979.811171 -9999.0 -9999.0 -9999.0 -9999.0 -9999.0 -9999.0 -9999.0 -9999.0 -9999.0 -9999.0 -9999.0 -9999.0 -9999.0 -9999.0 -9999.0 -9999.0 -9999.0 -9999.0 -9999.0 -9999.0 -9999.0 -9999.0 -9999.0
-9999.0 -9999.0 -9999.0 -9999.0 -9999.0 -9999.0 -9999.0 -9999.0 -9999.0 -9999.0 -9999.0 -9999.0 -9999.0 981.114196 2402.094333 -180.956377 -182.954693 52.215764 -73.326450 37.613409 24.286034 -40.700747 1974.763411 -216.693204 -197.832749 -648.308303 -1219.253774 -981.347856 -978.907963 -601.029060 -474.052719 -646.994364 -981.305100 -981.440920 -981.786232 -9999.0 -9999.0 -9999.0 -9999.0 -9999.0 -9999.0 -9999.0 -9999.0 -9999.0 -9999.0 -9999.0 -9999.0 -9999.0 -9999.0 -9999.0 -9999.0 -9999.0 -9999.0 -9999.0 -9999.0 -9999.0 -9999.0 -9999.0 -9999.0
-9999.0 -9999.0 -9999.0 -9999.0 -9999.0 -9999.0 -9999.0 -9999.0 -9999.0 -9999.0 -9999.0 -9999.0 -9999.0 1501.081933 235.001370 1627.692753 -194.431437 -170.075651 -72.888301 25.179663 989.224274 -1806.722063 -208.959038 -425.461930 -939.220057 -155.804060 -818.035429 -979.827856 -1010.996250 -980.011943 -641.299479 -980.300617 -979.459681 -977.383281 -978.944704 -9999.0 -9999.0 -9999.0 -9999.0 -9999.0 -9999.0 -9999.0 -9999.0 -9999.0 -9999.0 -9999.0 -9999.0 -9999.0 -9999.0 -9999.0 -9999.0 -9999.0 -9999.0 -9999.0 -9999.0 -9999.0 -9999.0 -9999.0 -9999.0
-9999.0 -9999.0 -9999.0 -9999.0 -9999.0 -9999.0 -9999.0 -9999.0 -9999.0 -9999.0 -9999.0 -9999.0 1489.141504 498.952038 2122.272147 -422.184982 -190.368520 -180.200465 16.921067 -520.721057 511.532240 -588.942266 -786.214587 -650.113081 -496.362555 -692.584435 -642.948338 -1320.714722 -569.664134 -980.709309 -658.668195 -906.968258 -999.931900 -978.902257 -9999.0 -9999.0 -9999.0 -9999.0 -9999.0 -9999.0 -9999.0 -9999.0 -9999.0 -9999.0 -9999.0 -9999.0 -9999.0 -9999.0 -9999.0 -9999.0 -9999.0 -9999.0 -9999.0 -9999.0 -9999.0 -9999.0 -9999.0 -9999.0 -9999.0
-9999.0 -9999.0 -9999.0 -9999.0 -9999.0 -9999.0 -9999.0 -9999.0 -9999.0 -9999.0 -9999.0 -667.271808 -238.722772 1543.159623 -441.843997 -918.784059 -1219.942715 -203.874339 14.145229 -91.263414 2339.019926 358.240118 -1334.649549 -671.130624 -643.611951 -374.298940 -698.982276 -1074.904428 -1023.726765 -979.505805 -926.114810 -453.577561 -974.900609 -981.926916 -1034.531128 -1159.142846 -556.974946 -505.978884 -391.561185 -9999.0 -9999.0 -9999.0 -982.390866 -9999.0 -9999.0 -9999.0 -9999.0 -9999.0 -9999.0 -9999.0 -9999.0 -9999.0 -9999.0 -9999.0 -9999.0 -9999.0 -9999.0 -9999.0 -9999.0
-9999.0 -9999.0 -9999.0 -9999.0 -9999.0 -9999.0 -9999.0 -9999.0 -9999.0 -9999.0 -9999.0 -1120.639206 -511.006516 1563.974826 997.870596 -542.303437 1178.033608 -127.082143 15.462400 46.283256 16.229946 2383.689356 -1231.004471 -637.288892 -623.815323 -649.851529 -887.010990 -801.590697 -900.296717 -981.108146 -469.453277 -675.239699 -965.062416 -1412.792204 -1265.728136 -1040.076186 -471.483702 -1476.261915 -1303.721608 -425.846808 -1838.171255 -1056.799457 -467.730145 -982.406711 -9999.0 -9999.0 -9999.0 -644.114292 -511.756305 -845.309765 -206.872980 -759.505719 -779.899982 1421.305787 1327.012121 -861.291289 -9999.0 -9999.0 -9999.0
-9999.0 -9999.0 -9999.0 -9999.0 -9999.0 -9999.0 -9999.0 -9999.0 -9999.0 -9999.0 -9999.0 -793.591203 -716.802051 -183.609287 -837.298684 -931.483429 635.230315 -88.604447 68.988206 25.270560 81.717185 292.951127 -256.523592 -279.882566 -636.031624 -866.809108 -337.524757 -598.185210 -981.795587 -395.392107 -983.208038 -464.313565 -416.954401 -1390.128756 -1029.959575 -443.247604 -576.507485 -1456.893302 -3604.247020 -473.720358 -376.497718 -247.089950 -204.996332 -939.389862 -1310.940331 -9999.0 -976.750042 -830.643933 -280.654428 1936.395074 1428.006002 -190.618760 2256.649708 1863.926794 2134.619999 2726.556939 -9999.0 -9999.0 -9999.0
-9999.0 -9999.0 -9999.0 -9999.0 -9999.0 -9999.0 -9999.0 -9999.0 -9999.0 -9999.0 -9999.0 -9999.0 -687.282556 -647.659120 1409.495467 -165.670193 -214.543247 -190.100180 59.637923 24.232907 91.276745 1405.755978 95.080477 -207.600445 -482.961465 -329.652557 550.860788 -704.536005 -668.796256 -917.470891 -732.167047 -244.156460 -1148.607455 -1319.084561 -802.657860 -1315.588637 -186.750456 -1423.458565 -4134.205166 -2133.317921 -657.817121 -222.758147 -207.892871 -45.373080 -875.365204 -1042.225942 -890.114472 -899.511107 -255.200382 -236.817291 32.130021 -181.619094 1017.504155 -66.204276 -666.390072 -587.924347 -306.733982 -9999.0 -9999.0
-9999.0 -9999.0 -9999.0 -9999.0 -9999.0 -9999.0 -9999.0 -9999.0 -9999.0 -9999.0 -9999.0 -282.560372 -762.547542 -463.687796 986.573652 1024.463357 -143.553302 -183.139538 68.629440 23.009843 67.257078 102.915359 1041.334842 -303.264921 -249.832936 1386.558970 -516.243503 -642.091619 -555.486961 -831.932002 -269.084724 -285.085952 981.546143 -1446.361123 -850.391224 -1379.382710 -785.388870 -153.666124 -585.459381 -2150.941222 -700.990945 -346.177440 52.675222 -1460.380023 29.878757 -1247.583657 -432.278779 -316.067927 -256.337870 732.490554 -782.956634 -614.627092 -774.205248 -803.658991 -979.294158 -961.118787 -685.853374 -9999.0 -9999.0
-9999.0 -9999.0 -9999.0 -9999.0 -9999.0 -9999.0 -9999.0 -9999.0 -9999.0 -9999.0 -772.583409 714.306031 -188.296614 -571.583074 1797.450850 972.627328 -252.011234 -91.302238 26.877591 20.800130 73.938148 86.643843 1129.070445 2312.202106 59.559069 -242.933120 -607.329545 -799.723047 1505.497286 2180.045690 733.453708 -556.679716 -1047.427615 -779.057409 -981.365128 -973.050208 -489.844747 169623.419761 -122.273379 -690.305564 -717.490435 -99.743372 -110.586943 43.168965 659.963277 -815.826458 -474.170711 -258.063790 21.497663 68.395567 -837.223381 -969.803899 -978.427558 -963.269171 -963.832297 2509.775979 2538.532720 -9999.0 -9999.0
-9999.0 -9999.0 -9999.0 -9999.0 -9999.0 -9999.0 -9999.0 -9999.0 -9999.0 -673.851311 -1177.787812 -466.568792 -12.787067 -220.390836 1257.578132 -390.514876 -597.656474 1522.813626 12.364054 -18.695283 50.720737 -266.081451 11.334837 9.867326 -203.547759 -663.858113 -302.681246 2119.852662 -8.740655 46.042925 -84.120788 -643.834403 -982.793466 -980.708788 -981.190019 -984.608030 -629.997502 -592.555368 -728.666572 -530.585571 34.704021 -591.722899 -611.329397 26.351385 11.020057 -64.019375 40.732764 -331.374547 -258.928916 -15.653127 -199.737442 -709.480703 -971.889230 -971.899948 -798.024443 -449.970903 1242.124528 -61.518317 -423.589921
-9999.0 -9999.0 -9999.0 -9999.0 -9999.0 -9999.0 -9999.0 -9999.0 -9999.0 -1220.925159 -743.094586 -1031.356822 447.362838 722.820690 891.681351 -189.972080 2084.894023 -51.759239 37.587289 -472.762011 -296.854909 -335.493392 -56.218572 1474.417936 -570.385265 -221.494259 81.588959 28.728676 24.415929 -191.953270 -440.148739 -539.778079 -641.974508 -1291.060105 -840.612940 -930.821909 -965.429046 -1026.095313 -776.778846 -626.478329 -636.027606 -728.735496 -178.771007 603.503394 25.072887 -253.661129 22.893230 9.700120 15.927177 32.697417 -607.373081 -282.168414 -968.394404 -737.161966 -958.099193 -588.943783 1544.802607 928.000971 -71.385844
-9999.0 -9999.0 -9999.0 -9999.0 -9999.0 -9999.0 -9999.0 -9999.0 -9999.0 -9999.0 -1106.458490 -957.057948 -239.877877 374.422528 -94.417839 1166.746452 1303.153586 65.413858 53.563369 -197.647300 44.770781 40.765565 1289.600062 1363.501674 -230.195354 27.408952 55.130914 16.480567 -233.797762 -724.997323 -680.737372 -473.094421 -732.166478 -647.600143 -854.745272 1015.435282 -168.203600 -200.686366 -883.117413 -717.278616 -731.787746 -779.206486 -538.314992 -508.899053 -624.853599 -197.252415 1063.304333 32.218377 20.663690 17.921367 -156.326705 -393.090486 -658.055476 -963.340036 -710.833763 -671.272516 -298.226637 647.057820 52.152815
-9999.0 -9999.0 -9999.0 -9999.0 -9999.0 -9999.0 -9999.0 -9999.0 -9999.0 -9999.0 -1081.430486 -1078.517936 -1203.749889 1126.446459 21.008068 75.402122 52.320121 38.883507 -433.634660 -587.208240 -286.347475 11.101440 38.454730 825.397638 52.176296 47.450469 23.339771 -223.215363 -537.608106 -780.051570 -702.141565 -1345.579734 -849.322467 -654.120835 -662.361544 -657.172323 469.390780 -266.513595 -340.837089 -718.540711 -1254.713281 -826.431067 -589.079029 -714.552511 -710.636512 -320.143640 -548.429654 -365.116537 45.933849 24.639885 70.812068 -276.298557 1442.654061 -631.625438 -849.939259 -664.622539 -655.911584 2194.030061 90.918117
-9999.0 -9999.0 -9999.0 -9999.0 -9999.0 -9999.0 -9999.0 -9999.0 -112.144228 1182.799388 -877.370082 -1198.932109 -597.769716 -627.607478 1100.738690 23.364869 13.567589 25.432045 -855.881443 -762.880472 -1089.330077 -320.991239 29.051929 38.249591 31.336053 17.925828 37.339335 -441.593484 -556.197760 -748.286976 -980.754885 -737.580191 -772.239432 -642.518211 -1277.752195 -649.830313 -624.363398 -282.323168 -574.595572 -835.294061 -980.836790 -728.548644 -759.331321 -974.589268 -411.566719 863.001646 -604.202144 980.190902 1070.632301 25.184505 65.752757 118.700740 1242.938324 -468.157220 -395.991853 2195.322429 -57.768038 2237.981222 45.318779
-9999.0 -9999.0 -9999.0 -9999.0 -9999.0 -9999.0 -9999.0 -9999.0 -790.696998 -154.559506 -261.393022 -762.156504 -1120.547714 -77.605184 763.164074 -150.596625 56.210892 46.264908 36.805770 -812.426040 -784.505458 -869.302246 -555.866465 -234.053102 -248.173534 1.359360 63.731807 -237.315023 -731.838883 -1189.560361 -1222.614068 -812.754034 -1245.645843 -858.775959 -594.851809 -378.418335 -271.022954 -143.652704 -215.043929 -403.429418 -687.328424 -1737.782569 -970.322874 -206.950281 -185.421295 -563.007971 -785.343398 -679.164149 -620.949731 59.020891 23.810200 39.026278 1349.111125 2160.043292 1014.592589 -203.406590 36.063344 48.921485 42.782016
-9999.0 -9999.0 -9999.0 -9999.0 -9999.0 -9999.0 -9999.0 -9999.0 -631.137031 -482.322133 1992.038323 -299.383307 -202.785456 -771.899511 1647.435868 20.589618 27.071587 28.664320 -621.768919 -665.363974 -929.095916 -820.341165 -937.431818 -922.685136 25.847021 44.368266 63.582428 -282.006706 -832.190205 -726.349106 -799.772638 -271.599211 -153.007228 -195.776706 -251.426132 1588.485407 -435.196365 36.252796 -485.340054 -347.721414 -1005.673938 -720.901740 -299.883128 -551.808937 -598.250257 -654.905867 -642.795430 1798.270207 -705.594395 1098.694467 22.824805 54.477685 -132.440541 -135.401225 63.048660 65.956460 53.168747 46.245893 50.550721
-9999.0 -9999.0 -9999.0 -9999.0 -9999.0 -9999.0 -9999.0 -9999.0 -980.885158 -215.878146 81.785938 -1003.276704 1659.751568 1481.570662 57.567945 44.353476 33.024701 -134.040662 24.049113 -339.936594 -577.748426 -678.974377 -572.302059 -444.144213 26.986427 50.871778 1261.877641 -250.920502 1888.976100 103.718539 -339.829942 -160.198742 62.522448 105.663031 -371.890902 -186.832634 -171.811311 24.634221 -506.147195 -306.248334 -345.127535 -179.822165 1527.377645 -224.687405 1504.415924 -465.740070 2283.836434 -176.390794 2076.482960 826.330280 630.391635 22.406675 46.524955 43.135828 60.010213 64.682058 64.811326 166.246976 27.946664
-9999.0 -9999.0 -9999.0 -9999.0 -9999.0 -9999.0 -9999.0 -9999.0 -743.319040 -213.080232 1517.741697 -43.475640 34.012571 61.380402 51.247083 46.762145 24.327509 33.348542 2285.551754 39.838332 -308.346540 -628.338177 -515.149729 -325.333237 28.488925 40.156459 -209.393882 42.896482 -44.832674 56.842828 -70.039731 272.092872 93.701994 124.025740 -131.381637 -205.960387 47.427767 25.416943 78.443844 -342.064989 -107.075279 -146.848697 77.865420 -116.020170 -144.132898 1225.763756 -167.154519 90.300865 17.707816 43.018698 48.817653 29.740946 26.014792 35.124583 193.226102 183.639027 28.540471 28.672702 102.074441
-9999.0 -9999.0 -483.579116 -309.906439 -321.072274 -153.728603 -184.273782 -248.679978 -256.878383 -870.690687 -568.922080 104.845362 60.038830 43.140987 25.953179 11.150568 272.008621 -467.768964 -794.968326 2547.891852 33.247184 34.660213 28.046760 -437.539956 23.487829 30.212667 42.901860 46.038836 67.714809 65.665215 87.699037 91.892111 188.514688 47.630990 59.821838 49.326626 45.074375 26.655190 60.781312 47.786448 45.304144 57.239052 78.708091 60.683442 473.144120 55.906266 62.995840 65.917646 44.483018 41.594052 45.536077 90.228234 27.815950 28.964811 28.346516 29.104435 117.668871 75.472706 65.900220
-9999.0 1089.308282 1012.345787 -161.887523 -418.155288 1548.348310 -531.122590 -434.797892 -520.061517 -1062.626719 -570.439260 1741.198363 70.151451 73.149631 23.913223 2158.354369 -816.718106 -504.806699 -316.967231 48.209260 35.551766 58.305635 197.520169 -186.787709 -336.531288 -562.847924 -345.920918 32.416019 70.715274 38.667270 33.796005 40.449921 70.523376 70.088317 49.857871 37.669352 49.955656 25.852600 49.941777 39.824618 35.943258 58.317133 77.560992 48.832536 33.084350 39.391319 52.953229 56.564801 53.541223 70.816985 27.851881 27.107367 69.355572 78.391345 95.646814 73.644121 71.059039 64.007511 70.383643
