user2019/resources/simulation/Vinschgau/output-maps/psiL0004N1095.asc
ncols         63
nrows         48
xllcorner     598000.000000
yllcorner     5145000.000000
cellsize      1000.000000
NODATA_value  -9999.0
[rows 0 to 25 of 48, columns 0 to 56 of 63]
-9999.0 -9999.0 -9999.0 -9999.0 -9999.0 -9999.0 -9999.0 -9999.0 -9999.0 -9999.0 -9999.0 -9999.0 -9999.0 -9999.0 -9999.0 -9999.0 -9999.0 -9999.0 -9999.0 -9999.0 -9999.0 -9999.0 -9999.0 -9999.0 -9999.0 -9999.0 -9999.0 -9999.0 -9999.0 -9999.0 -9999.0 -9999.0 -9999.0 -9999.0 -9999.0 -9999.0 -9999.0 -9999.0 -9999.0 -9999.0 -9999.0 -9999.0 -9999.0 -9999.0 -9999.0 -9999.0 -9999.0 -9999.0 -9999.0 -9999.0 -9999.0 -9999.0 -9999.0 -9999.0 -9999.0 -9999.0 -9999.0
-9999.0 -9999.0 -9999.0 -9999.0 -9999.0 -9999.0 -9999.0 -9999.0 -9999.0 -9999.0 -9999.0 -9999.0 -9999.0 -9999.0 -9999.0 -9999.0 -9999.0 -9999.0 -9999.0 -9999.0 -9999.0 -9999.0 -9999.0 -9999.0 -9999.0 -9999.0 -9999.0 -70.217225 172321.207336 4355.244644 169076.667440 180664.609182 180509.035897 -9999.0 -9999.0 -9999.0 -9999.0 -9999.0 -9999.0 -9999.0 -9999.0 -9999.0 -9999.0 -9999.0 -9999.0 -9999.0 -9999.0 -9999.0 -9999.0 -9999.0 -9999.0 -9999.0 -9999.0 -9999.0 -9999.0 -9999.0 -9999.0
-9999.0 -9999.0 -9999.0 -9999.0 -9999.0 -9999.0 -9999.0 -9999.0 -9999.0 -9999.0 -9999.0 -9999.0 -9999.0 -9999.0 -9999.0 -9999.0 -9999.0 -9999.0 -9999.0 -9999.0 -9999.0 -9999.0 -9999.0 -9999.0 148838.364465 3994.670797 64818.062886 1337.430721 193092.881572 193005.313785 198300.112474 -9999.0 -9999.0 -9999.0 -9999.0 -9999.0 -9999.0 -9999.0 -9999.0 -9999.0 -9999.0 -9999.0 -9999.0 -9999.0 -9999.0 -9999.0 -9999.0 -9999.0 -9999.0 -9999.0 -9999.0 -9999.0 -9999.0 -9999.0 -9999.0 -9999.0 -9999.0
-9999.0 -9999.0 -9999.0 -9999.0 -9999.0 -9999.0 -9999.0 -9999.0 -9999.0 -9999.0 -9999.0 -9999.0 -9999.0 -9999.0 -9999.0 -9999.0 -9999.0 -9999.0 -9999.0 -9999.0 -9999.0 -9999.0 -9999.0 714.193006 521.172501 -1124.788439 -1445.461102 -2792.384942 -601.653846 1143.481918 197392.833874 185991.772003 -9999.0 -9999.0 -9999.0 -9999.0 -9999.0 -9999.0 -9999.0 -9999.0 -9999.0 -9999.0 -9999.0 -9999.0 -9999.0 -9999.0 -9999.0 -9999.0 -9999.0 -9999.0 -9999.0 -9999.0 -9999.0 -9999.0 -9999.0 -9999.0 -9999.0
-9999.0 -9999.0 -9999.0 -9999.0 -9999.0 -9999.0 -9999.0 -9999.0 -9999.0 -9999.0 -9999.0 -9999.0 -9999.0 -9999.0 -9999.0 -9999.0 -9999.0 -9999.0 -493.241244 28.361471 -9999.0 645.140866 40.367472 -1573.102819 -956.821650 -2820.935317 -517.193916 -487.390902 -361.480265 952.413189 159372.788890 188517.396609 -36.549983 -71.540989 -9999.0 -9999.0 -9999.0 -9999.0 -9999.0 -9999.0 -9999.0 -9999.0 -9999.0 -9999.0 -9999.0 -9999.0 -9999.0 -9999.0 -9999.0 -9999.0 -9999.0 -9999.0 -9999.0 -9999.0 -9999.0 -9999.0 -9999.0
-9999.0 -9999.0 -9999.0 -9999.0 -9999.0 -9999.0 -9999.0 -9999.0 -9999.0 -9999.0 -9999.0 -9999.0 -9999.0 -9999.0 -9999.0 -9999.0 -9999.0 -2540.578932 -2177.508525 -13038.027372 -83.280084 53796.339121 1035.212290 -541.114503 -546.634443 891.499332 236697.963096 1023.544728 231038.526370 -270.014528 53.338911 120485.396550 25353.317337 -115.309682 -104.354573 -96.917028 -9999.0 -9999.0 -9999.0 -9999.0 -9999.0 -9999.0 -9999.0 -9999.0 -9999.0 -9999.0 -9999.0 -9999.0 -9999.0 -9999.0 -9999.0 -9999.0 -9999.0 -9999.0 -9999.0 -9999.0 -9999.0
-9999.0 -9999.0 -9999.0 -9999.0 -9999.0 -9999.0 -9999.0 -9999.0 -9999.0 -9999.0 -9999.0 -9999.0 -9999.0 -187.886834 -582.561765 -1574.159791 -2632.493564 -7471.625135 -2442.649143 -2792.792718 -1244.648845 -731.441069 -1214.762462 -538.152546 77.567995 36.317902 -192.500406 157650.657918 194145.187329 151882.377392 174413.589428 169011.836423 172349.640516 174821.242540 107263.857829 -56.401592 -9999.0 -9999.0 -9999.0 -9999.0 -9999.0 -9999.0 -9999.0 -9999.0 -9999.0 -9999.0 -9999.0 -9999.0 -9999.0 -9999.0 -9999.0 -9999.0 -9999.0 -9999.0 -9999.0 -9999.0 -9999.0
-9999.0 -9999.0 -9999.0 -9999.0 -9999.0 -9999.0 -9999.0 -9999.0 -9999.0 -9999.0 -9999.0 -9999.0 -9999.0 -272.179154 -1541.127469 -1909.572426 -2482.546937 -912.970202 -7494.769513 -2312.834037 -2770.274291 -1558.593013 -1005.824984 -613.571474 -408.713605 132098.494493 156758.337116 -32.407502 13224.313224 209739.314242 209597.992346 179085.196044 15380.227053 -101.666478 -18.956315 -9999.0 -9999.0 -9999.0 -9999.0 -9999.0 -9999.0 -9999.0 -9999.0 -9999.0 -9999.0 -9999.0 -9999.0 -9999.0 -9999.0 -9999.0 -9999.0 -9999.0 -9999.0 -9999.0 -9999.0 -9999.0 -9999.0
-9999.0 -9999.0 -9999.0 -9999.0 -9999.0 -9999.0 -9999.0 -9999.0 -9999.0 -9999.0 -9999.0 -9999.0 -9999.0 -2030.212148 580.435625 -2087.230644 -1951.443234 -2290.394391 -7558.002531 -2538.803398 -836.586875 -316.289826 1102.195754 276168.569543 -560.825731 433.755240 -96.568165 -30.075450 176543.068983 -104.858600 139481.159540 -59.874588 -113.171403 -62.161837 -12.198214 -9999.0 -9999.0 -9999.0 -9999.0 -9999.0 -9999.0 -9999.0 -9999.0 -9999.0 -9999.0 -9999.0 -9999.0 -9999.0 -9999.0 -9999.0 -9999.0 -9999.0 -9999.0 -9999.0 -9999.0 -9999.0 -9999.0
-9999.0 -9999.0 -9999.0 -9999.0 -9999.0 -9999.0 -9999.0 -9999.0 -9999.0 -9999.0 -9999.0 -9999.0 -1160.135806 6466.769357 -1778.374880 -725.774838 -1125.695735 -1610.158900 -1034.972433 -14028.723625 -902.186186 5651.275297 186224.121687 225875.533067 200172.961128 181515.608236 197067.843038 199245.073087 199867.035129 51738.051461 1054.595876 -40.530525 120625.052705 -63.720225 -9999.0 -9999.0 -9999.0 -9999.0 -9999.0 -9999.0 -9999.0 -9999.0 -9999.0 -9999.0 -9999.0 -9999.0 -9999.0 -9999.0 -9999.0 -9999.0 -9999.0 -9999.0 -9999.0 -9999.0 -9999.0 -9999.0 -9999.0
-9999.0 -9999.0 -9999.0 -9999.0 -9999.0 -9999.0 -9999.0 -9999.0 -9999.0 -9999.0 -9999.0 48.939020 -819.592478 257.029386 -1557.008820 -384.698163 -15597.199883 -1615.268875 -686.629375 -332.272130 -2567.279803 -519.926776 39.592427 76687.598781 52748.549364 196645.637432 169336.453818 194790.228409 197582.490532 23202.077521 -19.881072 101242.137884 16722.718318 -43.443757 -49.095362 -37.554734 181047.154880 139405.971116 -520.985863 -9999.0 -9999.0 -9999.0 -93.613519 -9999.0 -9999.0 -9999.0 -9999.0 -9999.0 -9999.0 -9999.0 -9999.0 -9999.0 -9999.0 -9999.0 -9999.0 -9999.0 -9999.0
-9999.0 -9999.0 -9999.0 -9999.0 -9999.0 -9999.0 -9999.0 -9999.0 -9999.0 -9999.0 -9999.0 45.088928 -1036.104512 -2341.177735 -2689.905187 -321.869760 -3003.726852 -2603.000967 -930.730256 -889.239950 -623.675135 -182.543884 35.636341 206012.695741 207080.298614 187358.096872 196939.828588 198210.956179 135007.354622 9197.559434 145208.670073 144554.970319 180369.943391 170912.371483 167067.017620 189430.796475 189034.135739 -73.304563 16967.669095 -72.458850 -55.536016 -30.381920 141379.032528 728.711216 -9999.0 -9999.0 -9999.0 149747.957971 165735.367122 27448.308171 170467.741824 3274.262348 6224.966869 153322.937768 157923.045973 30987.759436 -9999.0
-9999.0 -9999.0 -9999.0 -9999.0 -9999.0 -9999.0 -9999.0 -9999.0 -9999.0 -9999.0 -9999.0 50.294365 -186.199649 1196.423489 -407.386345 -383.174962 -602.979985 -1772.501552 -1428.075238 -1006.828863 -883.356223 911.384119 187190.688828 1660.582407 194869.953296 -58.699703 190231.794804 190591.127689 -17.046155 167682.132458 12522.127503 190143.974469 136605.654804 171531.994014 12773.787289 125574.588782 190238.816003 -513.721294 -509.119544 -95.043949 110862.073086 181313.998814 187290.470428 191857.421222 185598.490650 -9999.0 -38.440043 144206.432598 157267.794393 174462.335088 180057.181163 -15.854546 178350.125171 180309.400563 180700.947202 171221.402462 -9999.0
-9999.0 -9999.0 -9999.0 -9999.0 -9999.0 -9999.0 -9999.0 -9999.0 -9999.0 -9999.0 -9999.0 -9999.0 52.254573 203855.051108 -300.141431 -301.679469 -840.750078 -1718.402149 -839.190938 -930.361383 -1244.710355 277.963231 84159.958596 137548.041571 203573.458411 208852.901770 2272.007717 152396.754421 166820.340589 3710.855524 184088.186545 208688.891271 196347.356851 190569.680605 187674.236884 198370.996879 159152.455294 -719.711292 -494.687560 -221.177396 -166.281272 -96.390483 192598.291182 46766.721602 -47.656979 154338.118004 -37.415002 161795.863678 182429.075986 186996.847512 199173.539522 190386.053067 191196.617132 190388.190708 185095.270604 163614.379422 162605.209948
-9999.0 -9999.0 -9999.0 -9999.0 -9999.0 -9999.0 -9999.0 -9999.0 -9999.0 -9999.0 -9999.0 213883.757920 20.402497 48.052416 217427.265465 868.099827 -483.129987 -1276.603745 -905.052898 -1365.434969 -1512.722889 -606.180061 157288.300794 201087.063691 204075.226762 204951.961176 202878.736992 171952.580812 178163.922996 -66.276038 199668.362874 200404.952220 89520.795167 153319.115646 163790.823088 184579.496480 200008.868199 -690.518424 -869.515791 -582.370592 -644.944720 -287.386959 166918.746466 -160.591711 50.751952 194907.780463 195735.884582 -94.759760 -92.523128 188093.422003 -81.645274 177748.551514 13386.932188 -104.313424 -135.359039 -79.182315 7756.284435
-9999.0 -9999.0 -9999.0 -9999.0 -9999.0 -9999.0 -9999.0 -9999.0 -9999.0 -9999.0 2207.943934 143265.759185 24.907597 32.572078 -90.165994 151231.753621 147116.584303 171.520889 -1668.349886 -1318.584654 -696.931368 -463.908020 269504.561272 46.864310 203551.494146 185041.049680 206701.371495 -214.303490 52376.969397 536.795051 73005.524154 74118.035262 204279.434526 192171.490559 2809.851423 -19.691241 166602.163044 158822.308108 7795.171445 191.819442 -206.717372 -106.116737 -37.341754 -415.051689 204071.657743 -63.679459 181970.529607 185270.848667 187692.107185 29911.756900 -726.592566 12200.926598 -102.334520 -46.008445 -73.882545 135196.110245 139572.631843
-9999.0 -9999.0 -9999.0 -9999.0 -9999.0 -9999.0 -9999.0 -9999.0 -9999.0 186835.097279 1519.841525 21201.797683 84428.225261 200133.295157 198581.083076 209031.993812 220696.532678 -336.108783 -1877.357197 -1542.877396 -771.285699 -1266.054014 -534.785706 -483.299245 1079.220997 288969.724728 205154.109195 25.420830 216035.472720 224247.611033 1006.877538 277552.433266 10045.932147 -78.812852 -32.972687 -21.704060 90371.174767 235232.075673 213748.910844 220024.637780 265168.558410 269854.905564 274998.271576 -1114.198790 -492.103616 214392.717190 45.083270 203458.953200 203618.801254 931.264039 164434.523818 13444.965922 -63.883650 23395.046394 10006.936362 1564.918540 1710.219014
-9999.0 -9999.0 -9999.0 -9999.0 -9999.0 -9999.0 -9999.0 -9999.0 -9999.0 79159.196284 149389.775896 28.987657 4852.847685 8552.832554 213380.928460 207039.628942 48.170555 -367.461995 -2094.690582 -1120.629724 -959.183904 -1673.524105 -441.826964 47.298052 284233.669771 208245.064374 208194.941718 214467.089621 43.099791 -234.203459 71.165343 267192.914700 159672.187863 180337.234395 189801.819412 -21.596899 -52.474607 -64.066833 192039.789999 184175.842943 214115.816641 205300.922694 208280.105055 -200.352230 -777.231578 -506.020199 -410.640162 -339.517749 -71.195085 577.717624 277616.363612 177269.316289 7618.399962 136858.342102 98454.627598 33488.684378 31506.862583
-9999.0 -9999.0 -9999.0 -9999.0 -9999.0 -9999.0 -9999.0 -9999.0 -9999.0 -9999.0 177761.016361 180454.557017 173468.716422 168921.356043 773.293200 216511.825078 7230.885516 -515.889200 -2339.691153 -1277.050042 -857.646426 -2460.255247 14.986985 242682.349978 201824.789803 217093.179297 877.159579 42.885193 59.951646 290228.209402 285782.455163 290496.021599 196405.815624 164237.267352 169517.624588 161191.345975 653.832417 32208.923009 -43.445318 155997.597305 197545.253235 221.196677 4885.613453 229105.256786 334.742265 790.477880 -977.547056 -483.716120 -642.347752 469.127278 271597.818039 66607.891316 2388.572834 15928.350054 139951.576114 160594.695851 171469.868547
-9999.0 -9999.0 -9999.0 -9999.0 -9999.0 -9999.0 -9999.0 -9999.0 -9999.0 -9999.0 170954.434360 185922.393593 1142.976208 211206.319058 46.047671 242.264917 607.070136 -1364.107761 -1828.603046 -2541.542466 -2154.319681 -1555.779587 12322.580675 200149.642296 219620.824229 48.990825 -269.863534 1015.327678 286431.912335 202126.913931 174046.984023 175065.363646 -252.398875 171240.096315 202589.247875 1420.593569 43577.694683 129756.981300 190952.434945 197122.873974 203205.068359 361.997144 191237.642715 461.876396 46.600629 288532.345984 20700.115627 440.557946 -1108.561679 -460.499017 1460.631823 193395.979776 176103.124315 30413.037888 16384.358719 11867.631237 172226.614083
-9999.0 -9999.0 -9999.0 -9999.0 -9999.0 -9999.0 -9999.0 -9999.0 194569.396947 197865.302404 186592.764836 194596.945474 122205.461988 185836.654462 298500.884266 -653.803422 -1913.801415 -1916.652771 -1809.669252 -2881.010334 -2672.744486 -2508.954745 -2128.747075 -1562.850718 107.290635 -451.316602 -378.888422 303741.722720 219116.624611 200019.814385 -70.207148 133294.411233 156250.210274 173288.530435 180501.415729 207233.754518 45.612406 212824.985745 290387.246010 -5.926970 -76.657015 45610.663058 -58.899837 -9.756998 -81.232812 2159.616318 286101.648934 222238.930147 738.684221 -356.476811 284.889700 255246.717360 74510.791990 160789.071878 -29.096523 165314.638637 11344.639376
-9999.0 -9999.0 -9999.0 -9999.0 -9999.0 -9999.0 -9999.0 -9999.0 -51.083238 104559.970334 200522.892953 182619.050577 201918.938815 200751.685457 279033.715892 335.622000 -1448.656001 -1669.538409 -2950.605745 -2826.923992 -1030.426621 -1517.602945 -1625.092113 -2520.131079 -2122.109028 -1089.916584 -478.277350 171149.067246 -248.808356 164803.741176 173687.074764 -89.700708 109867.889624 -101.050613 140519.031995 298.441876 54.313873 46905.651184 172605.751640 12526.565714 207441.286706 -26.127339 -85.969208 4951.475656 2598.916689 175717.174937 -103.468241 164696.796499 209247.739419 -485.740602 -235.172062 222928.672344 83324.132189 167532.286721 200030.145535 -716.662758 202679.192581
-9999.0 -9999.0 -9999.0 -9999.0 -9999.0 -9999.0 -9999.0 -9999.0 174006.553474 169276.983130 155305.252225 196334.601490 198048.994698 -91.457613 196522.842667 277370.927915 -268.804186 -1339.256621 -2744.238135 -1075.434489 -2869.454716 -1951.828978 -1894.908857 -2624.706993 -1162.118449 -1571.413135 -449.880827 299713.651276 -408.051688 152599.544692 -100.632246 137400.787120 201150.445350 199714.337978 301.173277 51.315927 197507.335276 44.425238 161525.816239 210553.956195 186580.114702 -93.241658 8314.761243 175434.412802 204651.347155 185126.573589 -54.103207 191589.634020 210044.425462 412.687325 -531.425292 628.670057 56085.862704 96512.486103 28578.692687 24353.325389 48.962246
-9999.0 -9999.0 -9999.0 -9999.0 -9999.0 -9999.0 -9999.0 -9999.0 -32.048825 178253.435845 42812.326553 -527.672779 165563.176083 196601.165582 276276.084254 86.173602 -2664.372509 -2605.686725 -935.712277 -2620.916196 -2700.701626 -2603.742521 -1710.958405 -2238.736193 -1627.949029 -825.226322 254466.641626 287449.232147 24.011064 243935.725203 218998.105789 220175.381737 103125.954037 212942.624707 232391.398683 -116.101838 -389.521021 -1606.397460 -421.430110 242644.313026 25.359725 956.311934 1037.230869 -86.961702 178510.196532 -78.972423 7293.569665 -75.148385 188103.581125 209080.840088 830.054222 -529.886309 121.019911 10963.773818 62.649653 51.232202 -538.453112
-9999.0 -9999.0 -9999.0 -9999.0 -9999.0 -9999.0 -9999.0 -9999.0 164089.719693 197244.911042 -191.694849 295524.131467 300270.398905 300788.071263 48.059133 -489.669693 -463.883203 -1425.525218 -961.286019 -1690.804167 -2140.344835 -2133.522016 -2537.275464 -2563.482370 -1121.788527 157.792945 282034.329705 221147.147901 995.007976 61866.200451 259784.530750 1043.704368 44.554384 -335.223809 525.078964 -466.560240 -1006.398022 -2131.083683 -2616.911215 -331.816294 -223.632401 1220.692375 1201.498095 167.302905 200647.571695 35.284628 205389.427589 204882.314346 209164.943880 868.115519 -326.835525 -1043.939341 -681.098906 -497.848728 64.328835 55.849174 -478.485073
-9999.0 -9999.0 192186.715225 194818.441013 -199.238229 199235.930501 196591.862761 194748.012981 190413.434218 198056.608880 203391.451867 238024.747440 273627.149572 266842.514356 -269.053565 -107.889744 127.238596 282398.245341 206093.900752 279.155156 -1683.240736 -1697.953567 -885.934211 -2692.747913 -2131.558166 -1558.782266 204.992540 253.882842 -854.920253 -206.446708 197.838820 -729.463883 -514.474858 -1385.688403 -828.791904 -1768.992236 -2001.660706 -2710.560165 -2772.130714 -2491.322424 -1412.452389 -850.552537 -1242.352062 -476.993905 759.328856 855.734965 -273.566490 -570.607537 -569.470166 -637.803545 -1165.365373 -903.137006 -561.896120 -479.212992 -356.078000 -414.854181 -503.616277
