user2019/resources/simulation/Vinschgau/output-maps/psiL0001N0004.asc
ncols         63
nrows         48
xllcorner     598000.000000
yllcorner     5145000.000000
cellsize      1000.000000
NODATA_value  -9999.0
[rows 0 to 25 of 48, columns 0 to 57 of 63]
-9999.0 -9999.0 -9999.0 -9999.0 -9999.0 -9999.0 -9999.0 -9999.0 -9999.0 -9999.0 -9999.0 -9999.0 -9999.0 -9999.0 -9999.0 -9999.0 -9999.0 -9999.0 -9999.0 -9999.0 -9999.0 -9999.0 -9999.0 -9999.0 -9999.0 -9999.0 -9999.0 -9999.0 -9999.0 -9999.0 -9999.0 -9999.0 -9999.0 -9999.0 -9999.0 -9999.0 -9999.0 -9999.0 -9999.0 -9999.0 -9999.0 -9999.0 -9999.0 -9999.0 -9999.0 -9999.0 -9999.0 -9999.0 -9999.0 -9999.0 -9999.0 -9999.0 -9999.0 -9999.0 -9999.0 -9999.0 -9999.0 -9999.0
-9999.0 -9999.0 -9999.0 -9999.0 -9999.0 -9999.0 -9999.0 -9999.0 -9999.0 -9999.0 -9999.0 -9999.0 -9999.0 -9999.0 -9999.0 -9999.0 -9999.0 -9999.0 -9999.0 -9999.0 -9999.0 -9999.0 -9999.0 -9999.0 -9999.0 -9999.0 -9999.0 -90.155960 -402.200525 -136.412034 -500.126452 -504.590239 -508.129790 -9999.0 -9999.0 -9999.0 -9999.0 -9999.0 -9999.0 -9999.0 -9999.0 -9999.0 -9999.0 -9999.0 -9999.0 -9999.0 -9999.0 -9999.0 -9999.0 -9999.0 -9999.0 -9999.0 -9999.0 -9999.0 -9999.0 -9999.0 -9999.0 -9999.0
-9999.0 -9999.0 -9999.0 -9999.0 -9999.0 -9999.0 -9999.0 -9999.0 -9999.0 -9999.0 -9999.0 -9999.0 -9999.0 -9999.0 -9999.0 -9999.0 -9999.0 -9999.0 -9999.0 -9999.0 -9999.0 -9999.0 -9999.0 -9999.0 -413.054462 -307.393464 -321.495299 -279.998355 -262.121306 -426.346551 -499.684038 -9999.0 -9999.0 -9999.0 -9999.0 -9999.0 -9999.0 -9999.0 -9999.0 -9999.0 -9999.0 -9999.0 -9999.0 -9999.0 -9999.0 -9999.0 -9999.0 -9999.0 -9999.0 -9999.0 -9999.0 -9999.0 -9999.0 -9999.0 -9999.0 -9999.0 -9999.0 -9999.0
-9999.0 -9999.0 -9999.0 -9999.0 -9999.0 -9999.0 -9999.0 -9999.0 -9999.0 -9999.0 -9999.0 -9999.0 -9999.0 -9999.0 -9999.0 -9999.0 -9999.0 -9999.0 -9999.0 -9999.0 -9999.0 -9999.0 -9999.0 -296.277359 -206.801400 -787.478992 -793.270269 -796.674731 -765.788808 -448.418384 -501.278216 -494.913436 -9999.0 -9999.0 -9999.0 -9999.0 -9999.0 -9999.0 -9999.0 -9999.0 -9999.0 -9999.0 -9999.0 -9999.0 -9999.0 -9999.0 -9999.0 -9999.0 -9999.0 -9999.0 -9999.0 -9999.0 -9999.0 -9999.0 -9999.0 -9999.0 -9999.0 -9999.0
-9999.0 -9999.0 -9999.0 -9999.0 -9999.0 -9999.0 -9999.0 -9999.0 -9999.0 -9999.0 -9999.0 -9999.0 -9999.0 -9999.0 -9999.0 -9999.0 -9999.0 -9999.0 -702.567135 -330.622348 -9999.0 -338.874450 -239.002778 -795.293268 -817.346643 -575.444408 -239.676989 -230.275625 -535.060338 -752.994447 -378.004729 -499.915390 -169.686634 -231.812347 -9999.0 -9999.0 -9999.0 -9999.0 -9999.0 -9999.0 -9999.0 -9999.0 -9999.0 -9999.0 -9999.0 -9999.0 -9999.0 -9999.0 -9999.0 -9999.0 -9999.0 -9999.0 -9999.0 -9999.0 -9999.0 -9999.0 -9999.0 -9999.0
-9999.0 -9999.0 -9999.0 -9999.0 -9999.0 -9999.0 -9999.0 -9999.0 -9999.0 -9999.0 -9999.0 -9999.0 -9999.0 -9999.0 -9999.0 -9999.0 -9999.0 -1195.587924 -874.255652 -598.673238 -228.201435 -598.755530 -728.143769 -719.338604 -473.802353 -425.674161 -548.647977 -580.299412 -488.788415 -231.339834 -328.110209 -371.069747 -154.388692 -182.677761 -204.652366 -255.086074 -9999.0 -9999.0 -9999.0 -9999.0 -9999.0 -9999.0 -9999.0 -9999.0 -9999.0 -9999.0 -9999.0 -9999.0 -9999.0 -9999.0 -9999.0 -9999.0 -9999.0 -9999.0 -9999.0 -9999.0 -9999.0 -9999.0
-9999.0 -9999.0 -9999.0 -9999.0 -9999.0 -9999.0 -9999.0 -9999.0 -9999.0 -9999.0 -9999.0 -9999.0 -9999.0 -370.694657 -702.195578 -697.136394 -965.654222 -56.451194 -1097.575954 -713.767511 -825.712224 -842.301437 -935.317041 -435.926168 -454.731798 -502.344919 -843.919739 -659.565695 -629.530261 -632.872283 -628.598712 -482.788460 -462.703446 -452.953145 -207.905081 -276.926439 -9999.0 -9999.0 -9999.0 -9999.0 -9999.0 -9999.0 -9999.0 -9999.0 -9999.0 -9999.0 -9999.0 -9999.0 -9999.0 -9999.0 -9999.0 -9999.0 -9999.0 -9999.0 -9999.0 -9999.0 -9999.0 -9999.0
-9999.0 -9999.0 -9999.0 -9999.0 -9999.0 -9999.0 -9999.0 -9999.0 -9999.0 -9999.0 -9999.0 -9999.0 -9999.0 -619.827332 -830.391805 -751.225527 -750.868531 -785.659874 -50.048867 -977.506525 -532.902615 -261.785633 -264.330521 -536.034353 -604.794810 -627.735219 -488.082350 -148.515978 -119.831864 -544.247019 -533.440582 -499.223948 -189.785690 -242.997036 -245.786348 -9999.0 -9999.0 -9999.0 -9999.0 -9999.0 -9999.0 -9999.0 -9999.0 -9999.0 -9999.0 -9999.0 -9999.0 -9999.0 -9999.0 -9999.0 -9999.0 -9999.0 -9999.0 -9999.0 -9999.0 -9999.0 -9999.0 -9999.0
-9999.0 -9999.0 -9999.0 -9999.0 -9999.0 -9999.0 -9999.0 -9999.0 -9999.0 -9999.0 -9999.0 -9999.0 -9999.0 -808.541671 -801.312583 -717.026552 -605.305252 -765.135714 -52.284496 -635.185122 -767.172657 -646.344436 -493.790243 -567.266035 -661.119009 -668.951965 -168.777266 -175.974198 -485.711181 -170.214243 -487.242071 -225.986383 -257.362808 -339.991911 -289.945231 -9999.0 -9999.0 -9999.0 -9999.0 -9999.0 -9999.0 -9999.0 -9999.0 -9999.0 -9999.0 -9999.0 -9999.0 -9999.0 -9999.0 -9999.0 -9999.0 -9999.0 -9999.0 -9999.0 -9999.0 -9999.0 -9999.0 -9999.0
-9999.0 -9999.0 -9999.0 -9999.0 -9999.0 -9999.0 -9999.0 -9999.0 -9999.0 -9999.0 -9999.0 -9999.0 -722.812063 -811.810538 -714.436127 -591.312111 -647.900446 -770.016076 -465.339442 -662.167538 -685.238470 -550.133559 -622.697559 -562.048870 -654.388338 -479.074310 -552.392317 -463.994726 -481.262227 -197.809225 -472.285129 -212.865331 -451.799738 -305.405210 -9999.0 -9999.0 -9999.0 -9999.0 -9999.0 -9999.0 -9999.0 -9999.0 -9999.0 -9999.0 -9999.0 -9999.0 -9999.0 -9999.0 -9999.0 -9999.0 -9999.0 -9999.0 -9999.0 -9999.0 -9999.0 -9999.0 -9999.0 -9999.0
-9999.0 -9999.0 -9999.0 -9999.0 -9999.0 -9999.0 -9999.0 -9999.0 -9999.0 -9999.0 -9999.0 -598.895332 -631.791882 -668.670723 -526.428710 -772.065661 -1021.264141 -690.798932 -546.135526 -1440.944608 -738.318745 -774.199701 -466.230487 -476.209294 -686.946257 -503.392994 -439.211412 -377.066866 -494.821176 -240.271088 -215.155999 -508.989060 -236.928368 -293.622126 -330.263403 -250.286259 -694.385335 -785.251991 -786.621712 -9999.0 -9999.0 -9999.0 -297.016529 -9999.0 -9999.0 -9999.0 -9999.0 -9999.0 -9999.0 -9999.0 -9999.0 -9999.0 -9999.0 -9999.0 -9999.0 -9999.0 -9999.0 -9999.0
-9999.0 -9999.0 -9999.0 -9999.0 -9999.0 -9999.0 -9999.0 -9999.0 -9999.0 -9999.0 -9999.0 -617.007441 -630.570056 -716.012472 -600.142372 -822.294794 -841.557554 -880.726869 -573.679224 -886.192495 -818.619993 -768.290052 -469.207927 -643.798785 -565.200547 -474.402684 -303.924994 -250.288052 -231.789103 -248.201632 -269.528503 -431.977937 -531.688040 -554.894662 -556.510314 -734.471171 -818.082353 -846.117674 -838.897177 -520.867252 -438.216605 -373.772714 -676.518091 -218.547583 -9999.0 -9999.0 -9999.0 -512.897617 -457.993942 -121.171189 -396.184362 -81.973325 -87.696049 -484.847675 -429.988036 -86.277627 -9999.0 -9999.0
-9999.0 -9999.0 -9999.0 -9999.0 -9999.0 -9999.0 -9999.0 -9999.0 -9999.0 -9999.0 -9999.0 -604.237448 -629.218623 -592.395649 -618.711671 -772.356602 -687.314805 -669.475064 -914.875015 -575.109131 -721.122582 -619.734349 -601.019460 -442.532748 -472.151134 -228.186167 -590.861333 -461.562204 -267.991710 -431.596971 -263.051282 -662.960371 -426.010381 -568.378961 -318.191109 -784.387572 -875.029976 -718.288972 -846.057797 -586.736836 -794.807822 -678.184151 -668.448663 -443.468505 -451.883990 -9999.0 -152.008974 -319.875446 -251.986046 -251.465399 -175.109523 -83.277867 -231.541339 -239.494747 -212.720871 -373.126739 -9999.0 -9999.0
-9999.0 -9999.0 -9999.0 -9999.0 -9999.0 -9999.0 -9999.0 -9999.0 -9999.0 -9999.0 -9999.0 -9999.0 -618.943441 -626.901276 -585.776814 -740.309949 -653.095610 -592.358407 -887.637344 -466.026175 -699.492447 -655.669914 -638.215295 -518.073978 -629.555203 -583.014259 -341.079247 -492.899285 -456.996249 -270.559047 -288.001111 -663.829627 -414.166659 -564.273671 -571.629930 -778.724603 -695.555109 -641.359423 -836.607771 -833.617514 -787.981068 -169.581983 -751.369469 -320.054517 -203.154817 -476.362203 -162.044538 -384.126724 -602.626505 -585.617007 -191.959845 -494.993745 -555.810420 -499.367012 -484.312669 -425.696720 -478.813343 -9999.0
-9999.0 -9999.0 -9999.0 -9999.0 -9999.0 -9999.0 -9999.0 -9999.0 -9999.0 -9999.0 -9999.0 -642.335774 -638.439937 -580.135333 -674.729158 -671.964693 -637.518652 -569.855347 -850.764376 -667.450081 -877.421037 -633.864065 -577.125740 -489.368621 -535.865573 -650.686675 -502.243695 -457.197453 -318.821107 -212.580480 -656.458677 -542.163613 -332.179952 -567.597888 -578.708798 -585.314454 -830.728307 -711.958503 -168.360938 -845.816427 -683.111512 -727.917554 -680.404690 -276.850205 -544.969461 -491.277448 -284.696729 -125.040325 -109.163670 -33.694458 -455.943708 -465.294826 -506.603827 -957.379501 -965.864522 -64.462928 -42.429743 -9999.0
-9999.0 -9999.0 -9999.0 -9999.0 -9999.0 -9999.0 -9999.0 -9999.0 -9999.0 -9999.0 -666.462094 -577.798904 -653.002033 -712.088968 -712.204070 -759.300724 -582.800734 -591.957542 -1027.889227 -919.963051 -826.767037 -634.282337 -561.531868 -540.705056 -641.739165 -545.018688 -509.459413 -784.130115 -205.635786 -454.032157 -690.290864 -489.164293 -487.165979 -561.474970 -357.695880 -338.164024 -746.629876 -713.089156 -652.799277 -402.651635 -471.755770 -46.347581 -46.144398 -704.001971 -483.494889 -167.927718 -262.086593 -631.729770 -668.673688 -177.936306 -523.028413 -84.525151 -1007.620624 -75.891137 -75.835066 -92.300210 -398.014111 -9999.0
-9999.0 -9999.0 -9999.0 -9999.0 -9999.0 -9999.0 -9999.0 -9999.0 -9999.0 -614.649251 -514.787040 -511.555801 -619.697062 -608.863005 -620.878332 -531.431486 -497.182006 -790.870772 -1118.918421 -881.915754 -862.069840 -606.961065 -592.476966 -475.238496 -186.629396 -563.114965 -628.218719 -452.583983 -695.354574 -675.577600 -195.013909 -597.606555 -287.809775 -259.697054 -268.471637 -290.973970 -460.399840 -660.348764 -632.780512 -499.102862 -469.498972 -562.456423 -575.973721 -462.850693 -676.604821 -594.489162 -581.387025 -574.403527 -642.461818 -203.948014 -532.001731 -51.599528 -105.949397 -109.611420 -58.406599 -182.884872 -240.326680 -42.605201
-9999.0 -9999.0 -9999.0 -9999.0 -9999.0 -9999.0 -9999.0 -9999.0 -9999.0 -593.551692 -628.199854 -734.377364 -850.288230 -764.650980 -617.120483 -643.930230 -856.036349 -814.910471 -1170.740053 -859.010755 -757.461568 -564.168593 -458.671549 -446.868503 -527.543290 -514.514927 -641.196091 -667.308222 -494.059339 -205.804612 -493.597653 -601.907139 -482.956989 -484.281222 -315.387389 -222.814218 -227.953421 -187.796971 -551.941902 -469.083604 -567.876761 -634.568400 -638.624674 -602.587771 -456.320995 -489.867649 -538.136753 -652.975085 -661.209351 -197.787715 -584.363878 -364.080337 -92.126122 -606.455418 -42.117036 -290.459498 83.005022 -223.692420
-9999.0 -9999.0 -9999.0 -9999.0 -9999.0 -9999.0 -9999.0 -9999.0 -9999.0 -9999.0 -605.690158 -746.014981 -657.854614 -802.568253 -767.294858 -697.181985 -783.827268 -998.889633 -1238.915645 -605.889835 -922.640645 -970.251059 -510.706738 -431.914463 -483.829647 -599.415119 -751.918759 -531.760515 -439.134519 -561.265731 -584.204793 -474.696184 -635.820014 -437.665998 -246.123929 -547.333575 -517.015737 -341.656586 -226.686437 -441.215632 -427.387343 -475.050334 -552.879427 -447.674276 -414.844352 -477.552950 -700.790049 -503.702996 -554.093049 -631.283388 -429.426575 -325.052128 -52.218962 -82.252521 -602.869357 -501.442312 -272.090576 -644.127636
-9999.0 -9999.0 -9999.0 -9999.0 -9999.0 -9999.0 -9999.0 -9999.0 -9999.0 -9999.0 -568.480752 -725.627038 -816.466584 -731.672114 -556.640278 -769.531484 -771.512052 -1195.253700 -1289.677550 -594.499305 -1029.400935 -796.178524 -475.077583 -360.381149 -451.585761 -805.751304 -564.298058 -522.892869 -460.299932 -624.234115 -476.400640 -505.456080 -703.839528 -429.099929 -468.766195 -488.221906 -648.229283 -463.888602 -640.015383 -486.473638 -344.566785 -121.639302 -457.716487 -475.527334 -453.167762 -465.641253 -473.010119 -527.856986 -947.505187 -574.794146 -634.996568 -257.480706 -275.364969 -40.591983 -87.220326 -66.605530 -517.281046 -256.193584
-9999.0 -9999.0 -9999.0 -9999.0 -9999.0 -9999.0 -9999.0 -9999.0 -563.262120 -614.104724 -680.551738 -733.978083 -576.770603 -639.795875 -657.635385 -646.162633 -649.307639 -642.479793 -596.738447 -890.292402 -1040.043179 -979.653708 -943.617386 -491.600130 -656.751133 -619.295566 -865.235104 -448.951446 -475.564412 -627.132365 -262.836405 -483.761443 -480.072321 -442.512554 -399.981614 -474.187549 -320.716992 -463.961142 -642.213065 -114.504059 -138.734404 -478.409698 -786.116255 -87.104268 -103.791066 -297.883520 -576.843724 -526.356379 -553.908286 -433.839776 -689.241896 -514.636894 -222.557456 -371.123581 -40.373917 453.324352 -42.555416 -558.944093
-9999.0 -9999.0 -9999.0 -9999.0 -9999.0 -9999.0 -9999.0 -9999.0 -519.350109 -593.789034 -571.897367 -622.824638 -732.236292 -653.585567 -467.614612 -803.527878 -1074.583840 -1099.576895 -1150.314777 -589.427415 -978.890213 -952.770226 -1034.863821 -717.189497 -865.968164 -624.589863 -769.439806 -534.342356 -482.469671 -466.039140 -433.581481 -185.759832 -490.711130 -164.050124 -383.423660 -247.579987 -529.089715 -507.753932 -530.582398 -467.219120 -484.105593 -497.476720 -73.416575 -244.548054 -346.078628 -523.520497 -757.282757 -420.731996 -473.310854 -863.691245 -560.291898 -374.120218 -363.655652 344.541260 -385.918834 -43.113151 -476.697223 -651.777802
-9999.0 -9999.0 -9999.0 -9999.0 -9999.0 -9999.0 -9999.0 -9999.0 -469.745864 -727.673310 -759.662831 -650.784925 -736.319819 -655.320301 -761.679532 -614.585097 -898.785542 -1015.146684 -1119.893973 -777.801102 -512.280558 -960.016687 -966.904355 -917.895508 -598.479823 -934.683295 -681.674161 -416.949566 -631.845205 -300.110278 -188.216931 -427.747275 -517.016827 -555.356102 -276.593355 -485.777154 -545.340244 -233.551989 -456.359287 -508.601470 -455.857055 -62.904423 -335.915733 -471.463840 -519.284290 -456.945838 -52.951651 -246.077818 -396.008522 -629.041223 -589.649036 -708.460326 -369.731576 -377.779019 -526.689270 -599.784075 -707.043055 -772.746491
-9999.0 -9999.0 -9999.0 -9999.0 -9999.0 -9999.0 -9999.0 -9999.0 -385.966909 -622.160834 -595.085901 -654.781549 -636.519366 -770.385642 -711.909030 -987.627797 -1112.975047 -496.073691 -555.248331 -1080.660136 -965.541301 -141.903031 -137.520829 -618.967105 -1004.127522 -917.011050 -548.523853 -552.438201 -496.325829 -676.034121 -549.478744 -609.811010 -661.691106 -522.902287 -557.272302 -189.118238 -461.003269 -516.981940 -442.867001 -405.379220 -446.518386 -260.502195 -247.167085 -81.944486 -354.458565 -89.689762 -214.639296 -45.418541 -181.565647 -432.452958 -704.076823 -587.724445 -662.206530 -573.434198 -696.858978 -715.546918 -747.404051 131.759645
-9999.0 -9999.0 -9999.0 -9999.0 -9999.0 -9999.0 -9999.0 -9999.0 -587.037069 -616.284218 -638.901972 -605.478100 -712.805865 -849.454391 -901.874630 -984.565637 -580.724247 -1036.468074 -948.589697 -1014.991863 -1051.502023 -128.771233 -143.222768 -1033.793509 -969.543295 -842.948572 -441.133893 -640.500332 -757.891301 -719.519236 -449.152445 -668.836879 -852.179595 -574.505185 -480.582935 -476.322249 -668.770024 -594.602602 -850.951432 -442.432931 -389.035196 -491.263566 -577.790835 -524.496700 -442.395070 -52.876546 -587.178785 -612.044395 -549.993648 -726.155295 -730.721649 -792.508881 -588.353322 -707.589802 368.226511 443.613565 654.453929 521.587571
-9999.0 -9999.0 -411.616691 -517.836936 -529.206968 -583.601454 -559.847392 -513.949344 -553.638054 -414.827813 -629.033240 -904.945068 -895.255495 -964.144069 -638.303643 -579.290689 -890.473811 -532.100512 -601.490178 -888.563662 -1017.614721 -1100.010387 -77.231814 139.155608 -973.030128 -1000.478764 -813.959228 -817.893732 -996.213634 -765.371654 -587.956313 -610.971801 -841.817280 -842.477344 -831.602273 -813.720223 -832.099329 -614.265856 -846.818328 -622.960872 -735.297576 -799.091135 -853.931626 -725.144192 -469.155351 -607.136230 -773.065217 -817.588171 -843.378677 -825.862252 -804.182538 -462.434131 -539.759594 -532.679315 877.606695 817.903093 -727.006669 -749.899238
