user2019/resources/simulation/Vinschgau/output-maps/psiL0002N0317.asc
ncols         63
nrows         48
xllcorner     598000.000000
yllcorner     5145000.000000
cellsize      1000.000000
NODATA_value  -9999.0
[rows 0 to 25 of 48, columns 0 to 58 of 63]
-9999.0 -9999.0 -9999.0 -9999.0 -9999.0 -9999.0 -9999.0 -9999.0 -9999.0 -9999.0 -9999.0 -9999.0 -9999.0 -9999.0 -9999.0 -9999.0 -9999.0 -9999.0 -9999.0 -9999.0 -9999.0 -9999.0 -9999.0 -9999.0 -9999.0 -9999.0 -9999.0 -9999.0 -9999.0 -9999.0 -9999.0 -9999.0 -9999.0 -9999.0 -9999.0 -9999.0 -9999.0 -9999.0 -9999.0 -9999.0 -9999.0 -9999.0 -9999.0 -9999.0 -9999.0 -9999.0 -9999.0 -9999.0 -9999.0 -9999.0 -9999.0 -9999.0 -9999.0 -9999.0 -9999.0 -9999.0 -9999.0 -9999.0 -9999.0
-9999.0 -9999.0 -9999.0 -9999.0 -9999.0 -9999.0 -9999.0 -9999.0 -9999.0 -9999.0 -9999.0 -9999.0 -9999.0 -9999.0 -9999.0 -9999.0 -9999.0 -9999.0 -9999.0 -9999.0 -9999.0 -9999.0 -9999.0 -9999.0 -9999.0 -9999.0 -9999.0 -152.423697 -627.360020 -163.730541 -765.254710 -821.448549 -846.912354 -9999.0 -9999.0 -9999.0 -9999.0 -9999.0 -9999.0 -9999.0 -9999.0 -9999.0 -9999.0 -9999.0 -9999.0 -9999.0 -9999.0 -9999.0 -9999.0 -9999.0 -9999.0 -9999.0 -9999.0 -9999.0 -9999.0 -9999.0 -9999.0 -9999.0 -9999.0
-9999.0 -9999.0 -9999.0 -9999.0 -9999.0 -9999.0 -9999.0 -9999.0 -9999.0 -9999.0 -9999.0 -9999.0 -9999.0 -9999.0 -9999.0 -9999.0 -9999.0 -9999.0 -9999.0 -9999.0 -9999.0 -9999.0 -9999.0 -9999.0 -675.762986 -285.992290 -257.879845 -189.414870 -57.935471 -667.334997 -1004.960885 -9999.0 -9999.0 -9999.0 -9999.0 -9999.0 -9999.0 -9999.0 -9999.0 -9999.0 -9999.0 -9999.0 -9999.0 -9999.0 -9999.0 -9999.0 -9999.0 -9999.0 -9999.0 -9999.0 -9999.0 -9999.0 -9999.0 -9999.0 -9999.0 -9999.0 -9999.0 -9999.0 -9999.0
-9999.0 -9999.0 -9999.0 -9999.0 -9999.0 -9999.0 -9999.0 -9999.0 -9999.0 -9999.0 -9999.0 -9999.0 -9999.0 -9999.0 -9999.0 -9999.0 -9999.0 -9999.0 -9999.0 -9999.0 -9999.0 -9999.0 -9999.0 -200.879775 2858.018244 3228.494123 3145.267918 4108.875244 3257.039781 -603.249476 -464.344375 -636.404318 -9999.0 -9999.0 -9999.0 -9999.0 -9999.0 -9999.0 -9999.0 -9999.0 -9999.0 -9999.0 -9999.0 -9999.0 -9999.0 -9999.0 -9999.0 -9999.0 -9999.0 -9999.0 -9999.0 -9999.0 -9999.0 -9999.0 -9999.0 -9999.0 -9999.0 -9999.0 -9999.0
-9999.0 -9999.0 -9999.0 -9999.0 -9999.0 -9999.0 -9999.0 -9999.0 -9999.0 -9999.0 -9999.0 -9999.0 -9999.0 -9999.0 -9999.0 -9999.0 -9999.0 -9999.0 31.275897 2455.029178 -9999.0 -573.370269 2748.762580 3390.276931 839.761110 11.984058 2721.885135 2612.563921 14.051952 2298.254845 -463.433268 -509.031600 -178.170545 -195.565763 -9999.0 -9999.0 -9999.0 -9999.0 -9999.0 -9999.0 -9999.0 -9999.0 -9999.0 -9999.0 -9999.0 -9999.0 -9999.0 -9999.0 -9999.0 -9999.0 -9999.0 -9999.0 -9999.0 -9999.0 -9999.0 -9999.0 -9999.0 -9999.0 -9999.0
-9999.0 -9999.0 -9999.0 -9999.0 -9999.0 -9999.0 -9999.0 -9999.0 -9999.0 -9999.0 -9999.0 -9999.0 -9999.0 -9999.0 -9999.0 -9999.0 -9999.0 47.137081 38.492771 -76.318343 -209.227040 -226.629796 2178.575795 3116.031911 8.342276 3523.965979 -121.604763 -407.985076 -20.484381 -83.706374 3190.318453 -531.628661 -198.607509 -190.736392 -262.066338 -983.251585 -9999.0 -9999.0 -9999.0 -9999.0 -9999.0 -9999.0 -9999.0 -9999.0 -9999.0 -9999.0 -9999.0 -9999.0 -9999.0 -9999.0 -9999.0 -9999.0 -9999.0 -9999.0 -9999.0 -9999.0 -9999.0 -9999.0 -9999.0
-9999.0 -9999.0 -9999.0 -9999.0 -9999.0 -9999.0 -9999.0 -9999.0 -9999.0 -9999.0 -9999.0 -9999.0 -9999.0 -657.913105 2674.390855 7915.712563 4148.217789 -53.269801 43.527108 3751.678545 205.097368 129.830781 109.030089 12.272554 2819.935015 -1208.820018 -818.709775 -487.485526 -413.997957 -349.088121 -672.459541 -1198.269562 -1090.622720 -972.792654 -958.971287 -993.278207 -9999.0 -9999.0 -9999.0 -9999.0 -9999.0 -9999.0 -9999.0 -9999.0 -9999.0 -9999.0 -9999.0 -9999.0 -9999.0 -9999.0 -9999.0 -9999.0 -9999.0 -9999.0 -9999.0 -9999.0 -9999.0 -9999.0 -9999.0
-9999.0 -9999.0 -9999.0 -9999.0 -9999.0 -9999.0 -9999.0 -9999.0 -9999.0 -9999.0 -9999.0 -9999.0 -9999.0 2275.763602 3264.306678 4278.361277 3086.346095 82.253348 -54.251770 130.773770 13.637234 3629.601955 8861.865213 2897.702318 2079.721710 -235.785422 -683.254781 -769.719363 -509.933889 -712.223771 -618.521874 -843.042793 -911.467795 -979.978820 -988.284962 -9999.0 -9999.0 -9999.0 -9999.0 -9999.0 -9999.0 -9999.0 -9999.0 -9999.0 -9999.0 -9999.0 -9999.0 -9999.0 -9999.0 -9999.0 -9999.0 -9999.0 -9999.0 -9999.0 -9999.0 -9999.0 -9999.0 -9999.0 -9999.0
-9999.0 -9999.0 -9999.0 -9999.0 -9999.0 -9999.0 -9999.0 -9999.0 -9999.0 -9999.0 -9999.0 -9999.0 -9999.0 2784.318203 257.305607 2560.939734 7321.364538 3614.623710 -52.704302 14.498142 2014.067974 -2018.641831 2864.995824 -314.745225 -570.849948 -184.870638 -161.933807 -878.701627 -558.874583 -839.542650 -896.394707 -973.757291 -979.970304 -993.465281 -992.445866 -9999.0 -9999.0 -9999.0 -9999.0 -9999.0 -9999.0 -9999.0 -9999.0 -9999.0 -9999.0 -9999.0 -9999.0 -9999.0 -9999.0 -9999.0 -9999.0 -9999.0 -9999.0 -9999.0 -9999.0 -9999.0 -9999.0 -9999.0 -9999.0
-9999.0 -9999.0 -9999.0 -9999.0 -9999.0 -9999.0 -9999.0 -9999.0 -9999.0 -9999.0 -9999.0 -9999.0 2909.589489 3125.674159 2896.199558 -960.342593 2336.054352 6831.261465 14.583140 -204.463863 -128.195065 -418.807150 -268.384566 -253.883110 -612.157858 -909.633150 -286.055941 -745.664396 -597.166779 -927.684148 -932.729830 -186.908980 -578.389153 -994.810448 -9999.0 -9999.0 -9999.0 -9999.0 -9999.0 -9999.0 -9999.0 -9999.0 -9999.0 -9999.0 -9999.0 -9999.0 -9999.0 -9999.0 -9999.0 -9999.0 -9999.0 -9999.0 -9999.0 -9999.0 -9999.0 -9999.0 -9999.0 -9999.0 -9999.0
-9999.0 -9999.0 -9999.0 -9999.0 -9999.0 -9999.0 -9999.0 -9999.0 -9999.0 -9999.0 -9999.0 -266.414783 -34.550136 2700.394685 -1013.813458 -892.242898 -1033.966305 6979.668909 14.602353 -88.818556 9402.300358 2460.992348 -814.014037 -975.464308 -411.461528 -725.466560 -966.158196 -702.745841 -770.201201 -971.543176 -199.072819 -211.984352 -288.034361 -1001.251191 -434.658128 -930.553997 -285.335334 583.149279 -57.601524 -9999.0 -9999.0 -9999.0 -595.262392 -9999.0 -9999.0 -9999.0 -9999.0 -9999.0 -9999.0 -9999.0 -9999.0 -9999.0 -9999.0 -9999.0 -9999.0 -9999.0 -9999.0 -9999.0 -9999.0
-9999.0 -9999.0 -9999.0 -9999.0 -9999.0 -9999.0 -9999.0 -9999.0 -9999.0 -9999.0 -9999.0 -780.116596 -428.539482 2659.334157 2216.927590 -855.549675 2537.615218 7017.657287 14.152532 68.282661 50.785561 3382.897583 -783.057329 -253.645370 -258.780817 -949.679326 -647.770271 -177.594909 -206.214709 -989.911254 -475.667281 -744.994840 -704.694826 -903.696372 -734.236012 -667.924432 -640.905328 -1333.161562 -999.266551 -132.419364 -428.057613 -768.398498 -205.521710 -516.780799 -9999.0 -9999.0 -9999.0 -301.177501 2222.131966 -168.573951 2137.696732 -151.788240 -156.915946 2337.063641 2719.635596 -186.599490 -9999.0 -9999.0 -9999.0
-9999.0 -9999.0 -9999.0 -9999.0 -9999.0 -9999.0 -9999.0 -9999.0 -9999.0 -9999.0 -9999.0 -672.334195 -693.315638 -81.519465 -752.318168 -673.413652 2313.941057 -67.162127 31.272432 15.183127 204.941461 2394.187979 2878.052091 -282.227329 -979.937521 -173.489217 3167.801239 -391.675283 -993.267398 -719.783839 -997.600497 -279.701396 -118.485767 -800.346354 -626.349294 167.663563 98.813071 -1640.691498 -4266.244123 -256.769879 -388.692683 -161.060931 2782.440565 -676.762356 -783.625607 -9999.0 -705.395787 -328.923734 2196.203411 2985.922368 2667.051606 -69.310280 2504.294882 2055.657937 2270.771586 3388.990052 -9999.0 -9999.0 -9999.0
-9999.0 -9999.0 -9999.0 -9999.0 -9999.0 -9999.0 -9999.0 -9999.0 -9999.0 -9999.0 -9999.0 -9999.0 -700.309456 -315.183340 3041.330410 2119.094684 -75.945642 8352.875552 35.957389 14.920316 432.734133 2629.053546 3251.883958 2088.504048 -545.183256 3112.712244 2999.373420 -928.048600 -933.587460 -194.319163 -647.123457 -145.877542 -660.684870 -678.261717 -729.649631 -879.399735 254941.584900 -1194.975262 -4227.370851 -2189.332759 -394.573217 -109.025449 301.161392 2924.064081 -174.503209 -526.018888 -183.543723 -410.461160 -418.852146 -251.779763 2510.510764 2050.983784 2186.772077 1697.498336 -816.728253 -925.888035 -105.335706 -9999.0 -9999.0
-9999.0 -9999.0 -9999.0 -9999.0 -9999.0 -9999.0 -9999.0 -9999.0 -9999.0 -9999.0 -9999.0 -109.712971 -637.152181 -953.208422 2418.445233 2381.180390 2318.297264 1342.601656 33.394745 12.524455 119.167208 745.732849 2262.552401 3328.315371 2999.790857 2923.642555 -233.519276 -974.124636 -594.097706 -164.673397 3241.310165 3077.223234 4032.261732 -999.098158 -691.141847 -916.391095 -1238.907580 672.217207 407.603648 -1316.242929 16.470174 77.997134 148.836265 -182.129118 364.105837 -685.720439 -149.312178 -92.655575 -82.921116 8729.734441 -609.426003 -838.349827 -757.870491 -629.052587 -1000.765257 -273.091223 -139.943497 -9999.0 -9999.0
-9999.0 -9999.0 -9999.0 -9999.0 -9999.0 -9999.0 -9999.0 -9999.0 -9999.0 -9999.0 -472.447751 2021.285069 1642.323005 -616.421362 3210.390479 3116.984405 -76.428427 -51.419333 21.775865 14.590542 54.050810 547.834897 3358.534076 2632.564595 3295.313105 1614.766774 -462.193892 -621.054340 3724.259323 3676.223129 2674.016518 -277.638544 -747.529889 -777.658219 -1005.946503 -590.890716 20.255072 405369.512309 943.018779 -947.944133 -628.590864 -43.628619 -48.855515 325.580682 290.517096 -160.911529 -54.277006 -176.681954 120.800313 2079.060199 -423.669811 -326.710639 -999.864983 -294.982601 -293.847160 2758.849770 3094.002711 -9999.0 -9999.0
-9999.0 -9999.0 -9999.0 -9999.0 -9999.0 -9999.0 -9999.0 -9999.0 -9999.0 -607.825477 -728.010975 1243.859519 3247.967937 1947.119722 2656.786147 -119.293083 -224.639543 3176.128694 23.968677 14.543817 39.054797 82.639204 387.978332 64.883222 1708.860492 -311.891566 3693.621109 3717.752346 180.845075 161.019563 70.794286 -324.476588 -1001.590678 -989.127660 -994.063430 -1008.510139 -967.709499 -455.265983 -334.859799 -159.785477 162.536866 -104.641543 -172.747010 12.660965 421.603772 54.862419 187.321219 566.288214 -350.988203 76.498969 -134.063903 -144.146540 -395.958585 -409.085905 -158.904942 1708.079278 2376.844173 -26.524548 -131.558412
-9999.0 -9999.0 -9999.0 -9999.0 -9999.0 -9999.0 -9999.0 -9999.0 -9999.0 -844.111981 -683.433366 -816.370024 283.612676 3265.930726 2238.390367 1991.754891 2343.419053 159.783907 29.827478 -335.846222 -185.554018 -220.002246 -93.542135 2433.513093 -287.388654 3332.396133 3404.359987 156.659453 63.090051 2227.533244 -1081.028518 -229.645381 -914.263124 -870.050900 -674.805582 -209.707999 -231.934572 -284.974827 -811.437858 -680.077906 -538.609598 -553.236322 3991.406090 -78.992197 13.793052 -131.512206 13.145764 112.480958 121.204413 294.992627 112.983812 2384.861110 -340.203002 -777.774143 -251.942360 -290.266154 3281.688573 2303.787466 -30.506242
-9999.0 -9999.0 -9999.0 -9999.0 -9999.0 -9999.0 -9999.0 -9999.0 -9999.0 -9999.0 -695.284696 -706.175265 2073.807954 665.062849 184.490807 3019.628426 2954.107534 113.979064 36.280845 14.771682 41.143751 30.883667 2579.934796 2818.504999 3154.157875 159.428691 124.233002 13.715879 -817.870067 -350.689645 -465.280126 -265.303407 -570.261841 -981.619416 -234.927024 3879.992832 3195.363479 3818.502574 -183.681047 -991.152184 -1023.782167 -297.306020 -115.628642 3298.127760 -311.406999 2080.792608 106.714579 3359.759093 -81.125504 112.112457 1160.916811 2621.437624 -135.674001 -300.598210 -741.197495 -774.885497 -801.706136 629.026258 108.119578
-9999.0 -9999.0 -9999.0 -9999.0 -9999.0 -9999.0 -9999.0 -9999.0 -9999.0 -9999.0 -742.284253 -715.120316 -764.715861 2494.427908 14.208878 338.886883 503.608273 24.361100 -430.229255 -515.588445 17.445175 21.579813 487.868590 3451.085959 3444.059256 106.886141 14.009093 2880.173790 -200.083861 -553.560744 -897.681951 -643.883705 -660.462706 -960.747378 -881.500295 -914.350539 5628.674904 -290.872106 -439.511862 -856.091823 -674.885539 -166.700165 -531.110964 -808.992495 -814.433998 2551.340599 1833.822643 -845.220594 18.903263 14.119170 127.330400 1867.362299 3248.641716 -131.063177 -184.892173 -136.052900 -797.738388 2338.414659 65.354214
-9999.0 -9999.0 -9999.0 -9999.0 -9999.0 -9999.0 -9999.0 -9999.0 1347.551320 2395.210434 -538.987246 -765.039152 2434.956092 2506.778892 2433.799912 14.028749 13.767620 14.104165 -730.038884 -658.655460 -887.864975 12.454902 25.413477 160.984497 117.817960 12.831528 49.306225 3191.529566 1686.253644 -287.152874 -990.205280 -882.317985 -813.308349 -897.233283 -792.948492 -870.464719 -507.516178 3000.836158 -278.227056 -170.576723 -748.986412 -796.453408 -561.461144 -355.821691 -119.263609 1991.034448 -516.762435 2204.418528 428.489264 13.757498 117.409926 2815.431795 2316.656673 2101.941635 -137.803973 2288.960036 -26.510876 3063.882606 83.699231
-9999.0 -9999.0 -9999.0 -9999.0 -9999.0 -9999.0 -9999.0 -9999.0 -574.315688 2600.013390 -197.055459 -715.222826 -633.812490 2191.472386 1983.201296 209.033325 6276.519506 6216.443658 14.631322 -733.549760 -698.564394 -699.537739 -452.559306 17.482688 17.163464 -320.107329 29.706653 2633.428719 -524.525299 -803.882781 -852.018408 -157.997862 -763.246159 -172.015650 -581.964329 -44.028418 2583.736623 2522.431208 -345.902677 -216.061435 -785.724664 -794.910824 -306.710282 2181.779168 2052.720696 1816.321591 -601.147624 -911.420716 2327.067672 99.984953 13.171021 561.690741 2611.658724 2305.981877 2683.316928 -120.101020 114.993631 99.546285 28.230329
-9999.0 -9999.0 -9999.0 -9999.0 -9999.0 -9999.0 -9999.0 -9999.0 -982.793385 2456.198881 3194.730452 -440.650174 -37.540036 -556.270585 2687.841986 3265.462439 66.644114 23.069022 -561.984862 -590.300089 -778.862819 -664.066313 -764.250117 -702.671120 14.308506 41.704094 -151.532333 -231.970184 -624.984025 -134.888879 -155.254444 2710.768546 -211.683485 -255.185355 1981.526135 3052.540677 -313.997698 2969.798569 -161.369033 -514.082608 -649.271879 -144.595798 1996.848413 -953.247164 -648.716917 -843.391643 -132.199481 2889.776969 -406.725483 417.641937 12.421458 99.478965 2333.520225 2519.864994 104.246636 90.139117 35.399303 32.624267 44.156610
-9999.0 -9999.0 -9999.0 -9999.0 -9999.0 -9999.0 -9999.0 -9999.0 -1005.207620 -738.169251 171.786855 -300.792665 2814.113777 2115.101150 163.154571 78.372977 24.496758 12.675119 11.732446 -261.661213 -486.632834 -595.776895 -497.750507 -428.444557 26.552812 3571.418396 2454.345158 851.840402 3507.015767 3277.205371 -243.877968 -202.824484 139.001600 266.470343 -322.064239 2390.771305 2651.694877 103.749804 2540.568756 1362.775076 2209.325737 2192.301480 2837.846936 -79.062369 2553.901793 -151.302070 3474.346226 -63.190139 3618.120798 2992.349552 384.752059 12.470975 38.137210 87.988789 33.162169 41.454882 48.693571 185.580807 15.338829
-9999.0 -9999.0 -9999.0 -9999.0 -9999.0 -9999.0 -9999.0 -9999.0 -624.139483 -800.099903 2606.990108 2983.341663 127.951664 96.159420 30.692979 38.527191 13.422023 6443.912000 7867.268855 6209.883208 -198.689453 -565.806583 -426.610882 20.168518 23.452282 137.089187 2695.350946 2929.476240 124.617305 156.565079 2090.122565 3190.561027 127.061458 2280.079835 -174.924557 -41.272288 2401.550190 27.802426 183.981823 1950.745385 -106.572534 -36.602469 244.498403 2775.540681 -42.744710 2366.808620 -129.474405 149.307097 93.845870 94.754801 31.509854 19.078478 14.579074 23.968342 181.000775 172.221168 15.923924 16.111014 79.855729
-9999.0 -9999.0 -656.417489 -489.833894 -517.622972 -87.332158 2086.435833 -186.257812 -563.009830 -524.269956 1957.071414 92.585775 65.148514 36.610529 14.117041 12.922189 -77.477429 2805.488146 -170.281494 8050.489905 26.055460 22.890711 15.223078 -176.781401 23.306488 44.884498 131.151783 156.126237 49.324833 44.378393 3185.679992 3307.602047 141.240790 192.182786 102.338121 337.713797 71.320807 14.970440 97.308813 1230.177650 132.246459 106.076055 181.837220 137.103197 2808.193915 145.850239 104.170730 130.752158 38.688292 30.113755 38.337753 88.732184 15.523960 13.849676 14.945342 16.114672 102.952857 63.646621 46.741408
