user2019/resources/simulation/Vinschgau/output-maps/psiL0005N1343.asc
ncols         63
nrows         48
xllcorner     598000.000000
yllcorner     5145000.000000
cellsize      1000.000000
NODATA_value  -9999.0
[rows 0 to 25 of 48, columns 0 to 56 of 63]
-9999.0 -9999.0 -9999.0 -9999.0 -9999.0 -9999.0 -9999.0 -9999.0 -9999.0 -9999.0 -9999.0 -9999.0 -9999.0 -9999.0 -9999.0 -9999.0 -9999.0 -9999.0 -9999.0 -9999.0 -9999.0 -9999.0 -9999.0 -9999.0 -9999.0 -9999.0 -9999.0 -9999.0 -9999.0 -9999.0 -9999.0 -9999.0 -9999.0 -9999.0 -9999.0 -9999.0 -9999.0 -9999.0 -9999.0 -9999.0 -9999.0 -9999.0 -9999.0 -9999.0 -9999.0 -9999.0 -9999.0 -9999.0 -9999.0 -9999.0 -9999.0 -9999.0 -9999.0 -9999.0 -9999.0 -9999.0 -9999.0
-9999.0 -9999.0 -9999.0 -9999.0 -9999.0 -9999.0 -9999.0 -9999.0 -9999.0 -9999.0 -9999.0 -9999.0 -9999.0 -9999.0 -9999.0 -9999.0 -9999.0 -9999.0 -9999.0 -9999.0 -9999.0 -9999.0 -9999.0 -9999.0 -9999.0 -9999.0 -9999.0 -283.433582 -715.828997 -175.019818 -506.688766 -114.875817 12801.918140 -9999.0 -9999.0 -9999.0 -9999.0 -9999.0 -9999.0 -9999.0 -9999.0 -9999.0 -9999.0 -9999.0 -9999.0 -9999.0 -9999.0 -9999.0 -9999.0 -9999.0 -9999.0 -9999.0 -9999.0 -9999.0 -9999.0 -9999.0 -9999.0
-9999.0 -9999.0 -9999.0 -9999.0 -9999.0 -9999.0 -9999.0 -9999.0 -9999.0 -9999.0 -9999.0 -9999.0 -9999.0 -9999.0 -9999.0 -9999.0 -9999.0 -9999.0 -9999.0 -9999.0 -9999.0 -9999.0 -9999.0 -9999.0 -595.091522 -622.472552 -642.333608 -604.862723 -585.200588 -725.276006 -515.504507 -9999.0 -9999.0 -9999.0 -9999.0 -9999.0 -9999.0 -9999.0 -9999.0 -9999.0 -9999.0 -9999.0 -9999.0 -9999.0 -9999.0 -9999.0 -9999.0 -9999.0 -9999.0 -9999.0 -9999.0 -9999.0 -9999.0 -9999.0 -9999.0 -9999.0 -9999.0
-9999.0 -9999.0 -9999.0 -9999.0 -9999.0 -9999.0 -9999.0 -9999.0 -9999.0 -9999.0 -9999.0 -9999.0 -9999.0 -9999.0 -9999.0 -9999.0 -9999.0 -9999.0 -9999.0 -9999.0 -9999.0 -9999.0 -9999.0 -650.527579 -724.043436 -2120.650228 -2384.995122 -3822.232364 -3754.109717 -929.659634 -524.756037 -455.405526 -9999.0 -9999.0 -9999.0 -9999.0 -9999.0 -9999.0 -9999.0 -9999.0 -9999.0 -9999.0 -9999.0 -9999.0 -9999.0 -9999.0 -9999.0 -9999.0 -9999.0 -9999.0 -9999.0 -9999.0 -9999.0 -9999.0 -9999.0 -9999.0 -9999.0
-9999.0 -9999.0 -9999.0 -9999.0 -9999.0 -9999.0 -9999.0 -9999.0 -9999.0 -9999.0 -9999.0 -9999.0 -9999.0 -9999.0 -9999.0 -9999.0 -9999.0 -9999.0 -910.197834 -795.644958 -9999.0 -703.686290 -754.496010 -3704.420168 -2234.805408 -3709.555422 -1047.871970 -1232.773241 -1103.202852 -1620.551413 -800.769631 -537.361557 -309.940940 -348.885197 -9999.0 -9999.0 -9999.0 -9999.0 -9999.0 -9999.0 -9999.0 -9999.0 -9999.0 -9999.0 -9999.0 -9999.0 -9999.0 -9999.0 -9999.0 -9999.0 -9999.0 -9999.0 -9999.0 -9999.0 -9999.0 -9999.0 -9999.0
-9999.0 -9999.0 -9999.0 -9999.0 -9999.0 -9999.0 -9999.0 -9999.0 -9999.0 -9999.0 -9999.0 -9999.0 -9999.0 -9999.0 -9999.0 -9999.0 -9999.0 -2125.526915 -2459.218235 -50197.078088 -296.474452 -899.529384 -1752.693853 -3399.618835 -1284.636855 -861.035179 77953.832163 -1155.106868 25691.422612 -974.276571 -729.594157 -832.404952 -210.430676 -449.101773 -470.103454 -415.452337 -9999.0 -9999.0 -9999.0 -9999.0 -9999.0 -9999.0 -9999.0 -9999.0 -9999.0 -9999.0 -9999.0 -9999.0 -9999.0 -9999.0 -9999.0 -9999.0 -9999.0 -9999.0 -9999.0 -9999.0 -9999.0
-9999.0 -9999.0 -9999.0 -9999.0 -9999.0 -9999.0 -9999.0 -9999.0 -9999.0 -9999.0 -9999.0 -9999.0 -9999.0 -1438.875935 -2101.352254 -1943.359684 -2237.820810 -7763.647602 -2091.461433 -3651.601625 -2248.051989 -2176.020554 -3602.849611 -1987.927246 -544.385998 -750.930375 -20096.712540 6114.881871 2530.960266 -673.127070 23589.620317 -603.228931 -660.148363 -495.797783 -151.536354 -355.782631 -9999.0 -9999.0 -9999.0 -9999.0 -9999.0 -9999.0 -9999.0 -9999.0 -9999.0 -9999.0 -9999.0 -9999.0 -9999.0 -9999.0 -9999.0 -9999.0 -9999.0 -9999.0 -9999.0 -9999.0 -9999.0
-9999.0 -9999.0 -9999.0 -9999.0 -9999.0 -9999.0 -9999.0 -9999.0 -9999.0 -9999.0 -9999.0 -9999.0 -9999.0 -1055.055481 -2334.388481 -2132.895530 -2196.895373 -1160.762452 -7784.879777 -2469.991772 -3241.168483 -3575.871007 -2070.993814 -1307.338941 -1904.077285 -2490.280844 -759.410620 -192.087814 -231.022994 58600.399774 52136.720942 -547.430267 -238.672389 -363.881031 -255.132262 -9999.0 -9999.0 -9999.0 -9999.0 -9999.0 -9999.0 -9999.0 -9999.0 -9999.0 -9999.0 -9999.0 -9999.0 -9999.0 -9999.0 -9999.0 -9999.0 -9999.0 -9999.0 -9999.0 -9999.0 -9999.0 -9999.0
-9999.0 -9999.0 -9999.0 -9999.0 -9999.0 -9999.0 -9999.0 -9999.0 -9999.0 -9999.0 -9999.0 -9999.0 -9999.0 -2465.381139 417.833754 -2199.673280 -2140.650976 -2164.679840 -7853.161235 -2151.721964 -1431.132961 -40083.027086 -934.999276 -133.109761 -2099.999779 -1944.165071 -286.888898 -288.376571 -487.008773 -380.072995 -442.140934 -211.093704 -417.711741 -294.190112 -306.342562 -9999.0 -9999.0 -9999.0 -9999.0 -9999.0 -9999.0 -9999.0 -9999.0 -9999.0 -9999.0 -9999.0 -9999.0 -9999.0 -9999.0 -9999.0 -9999.0 -9999.0 -9999.0 -9999.0 -9999.0 -9999.0 -9999.0
-9999.0 -9999.0 -9999.0 -9999.0 -9999.0 -9999.0 -9999.0 -9999.0 -9999.0 -9999.0 -9999.0 -9999.0 -3636.052059 6309.071892 -2398.987559 -2203.687832 -1624.539233 -2029.624581 -1524.067583 -54493.973349 -2242.745612 -1081.294242 -16349.258517 -656.083336 33312.331074 -743.212560 30562.230962 -519.936499 -540.914966 -207.531569 -578.158737 -284.970361 -432.625212 -361.616434 -9999.0 -9999.0 -9999.0 -9999.0 -9999.0 -9999.0 -9999.0 -9999.0 -9999.0 -9999.0 -9999.0 -9999.0 -9999.0 -9999.0 -9999.0 -9999.0 -9999.0 -9999.0 -9999.0 -9999.0 -9999.0 -9999.0 -9999.0
-9999.0 -9999.0 -9999.0 -9999.0 -9999.0 -9999.0 -9999.0 -9999.0 -9999.0 -9999.0 -9999.0 -970.942272 -2238.882429 99.960384 -2362.130752 -1192.596320 -57039.631933 -2106.847060 -1032.201091 -61393.770919 -3085.359298 -1721.436816 -1130.639496 -847.202307 -1690.794486 -726.245653 -513.859654 -609.288408 2589.289495 -252.403939 -298.992733 -644.565043 -185.777407 -333.788791 -300.530747 -240.047395 -599.936212 -1087.493121 -177.438494 -9999.0 -9999.0 -9999.0 -471.735966 -9999.0 -9999.0 -9999.0 -9999.0 -9999.0 -9999.0 -9999.0 -9999.0 -9999.0 -9999.0 -9999.0 -9999.0 -9999.0 -9999.0
-9999.0 -9999.0 -9999.0 -9999.0 -9999.0 -9999.0 -9999.0 -9999.0 -9999.0 -9999.0 -9999.0 -949.416005 -2248.468491 -3907.462140 -2597.843241 -1695.663466 -2810.175680 -2573.185299 -1086.596373 -1760.813497 -1310.589289 -1368.985833 -605.634683 47477.685886 50961.492404 -674.375893 -608.856440 -702.545975 -127.769592 -296.988933 -582.370448 -665.435300 -482.564887 -532.646452 -708.947012 -608.053835 -865.705692 -1599.876200 -1489.103819 -425.249011 -358.010135 -333.296668 -517.281665 -293.366871 -9999.0 -9999.0 -9999.0 -718.734404 -441.589262 -190.512861 -367.796689 -208.750728 -194.747080 24687.322980 33558.998762 -145.103192 -9999.0
-9999.0 -9999.0 -9999.0 -9999.0 -9999.0 -9999.0 -9999.0 -9999.0 -9999.0 -9999.0 -9999.0 -907.803892 -999.912644 -2015.618549 -919.376366 -1768.362228 -2084.753529 -2346.939319 -2232.091646 -1776.140482 -1134.386232 -830.212520 53948.519340 -535.639396 -692.090799 -261.747785 55370.777476 55512.946540 -235.292928 -651.948936 -254.102961 47515.293060 -664.640026 -548.305456 -242.996018 -758.659006 54440.725280 -1057.040232 -1727.331033 -456.369474 -926.500898 -140.987886 -668.440102 -577.452507 -492.556377 -9999.0 -342.004345 -449.730332 -470.487415 -625.498426 -139.300291 -164.411079 -135.723151 -496.145749 -105.743455 -536.158463 -9999.0
-9999.0 -9999.0 -9999.0 -9999.0 -9999.0 -9999.0 -9999.0 -9999.0 -9999.0 -9999.0 -9999.0 -9999.0 -909.669837 -559.769663 -1085.010761 -1098.917673 -1336.349259 -2260.274328 -1117.545772 -1731.193817 -1800.572325 -1632.876028 3228.090251 41426.425013 52408.330097 55122.917075 2327.357051 -155.566184 -511.653372 -275.847891 -583.846729 53923.946513 -152.254135 -440.180796 -466.287082 -640.490949 -379.799653 -1336.521939 -909.907393 -362.678999 -1299.047635 -316.841026 40416.469663 -605.366400 -265.478163 -508.500957 -313.848753 -501.397385 41559.890736 53079.378507 51269.320439 47545.385188 48314.910473 47359.851877 46994.379249 -365.118862 -496.414236
-9999.0 -9999.0 -9999.0 -9999.0 -9999.0 -9999.0 -9999.0 -9999.0 -9999.0 -9999.0 -9999.0 61713.781976 -780.724466 -221.739009 -555.168866 -1024.408280 -1840.202876 -1789.350245 -1515.581349 -1494.594332 -2010.539975 -1047.116413 -206.543980 30828.510013 55947.439772 55447.277068 57126.670015 -520.986162 -515.936888 -227.877318 56703.616591 55931.912502 -830.800830 -464.239802 -636.072472 -542.538986 -805.354521 -1398.152342 -976.169713 -1816.164753 -1289.970775 -1315.219388 870.927757 -8399.727021 -988.969000 -513.690561 -575.551491 -260.400412 -240.359672 -174.440765 -718.341737 -535.619856 14232.911462 -775.580908 -1011.961298 -410.020281 -218.068431
-9999.0 -9999.0 -9999.0 -9999.0 -9999.0 -9999.0 -9999.0 -9999.0 -9999.0 -9999.0 2182.699050 53247.040591 -758.173456 -813.754422 -949.093611 2052.430957 2053.056894 -941.236941 -1855.172816 -1435.011746 -1355.191209 -872.677417 44799.641951 -750.049304 -93.021227 32665.203363 47978.029018 -769.707229 -165.915312 -968.128844 31322.535610 30257.058067 -830.657049 -461.206981 -314.046245 -276.437772 -885.169312 48649.375643 -658.345497 -330.414977 -715.275204 -4280.233774 -74.945884 -737.676651 257.276595 -225.003590 -724.350202 39722.600116 52768.791308 28.834633 -2046.628048 -228.545911 -896.682464 -169.493244 -143.486091 -451.956734 -455.342943
-9999.0 -9999.0 -9999.0 -9999.0 -9999.0 -9999.0 -9999.0 -9999.0 -9999.0 -707.463156 -571.738409 19754.294217 -74.194087 58703.468926 66104.605031 16249.673111 8807.154461 -1007.700390 -2303.634817 -1550.846149 -1449.974818 -1554.657851 -1485.828000 -1384.996215 -453.553053 64679.883548 52970.149660 -808.404925 37921.097148 448.963962 -318.491461 -6.001203 -223.151950 -332.732621 -328.726801 -275.168976 -802.215569 49758.639858 55309.237048 67052.329712 65940.251109 65695.834729 48722.884065 -1287.923270 -1315.958155 2151.980608 -1101.890580 25049.161740 28055.705655 -350.583037 -101.628664 -231.322921 -189.264152 -109.162916 -146.976292 3487.239530 10343.495571
-9999.0 -9999.0 -9999.0 -9999.0 -9999.0 -9999.0 -9999.0 -9999.0 -9999.0 -144.183914 -701.552519 -1036.959282 4778.347756 -588.021076 27098.168631 58968.367531 -789.107507 -1172.163394 -2396.095494 -1758.217007 -1631.428785 -2253.565802 -1050.881821 -647.541915 61145.776245 56499.180627 59076.422807 -70.978491 -507.065774 -645.795616 -995.882721 65175.270526 -581.099849 -551.584197 -472.368352 -295.237489 -274.935824 -206.782832 -707.010113 -887.247121 60914.280810 43472.012132 70805.759241 -693.769706 -1065.390822 -1071.507180 -1406.039293 -1385.895202 -587.335674 -677.421946 -20.984624 39252.882048 -108.267702 42548.754914 -72.328467 13919.806080 7948.662422
-9999.0 -9999.0 -9999.0 -9999.0 -9999.0 -9999.0 -9999.0 -9999.0 -9999.0 -9999.0 -576.063432 -877.026173 139.636359 42456.904893 -797.181638 6724.125027 -592.968698 -1757.802377 -2488.539822 -1806.700617 -1563.436878 -2626.792046 34.267133 36458.709834 56067.740643 553.046380 -361.863001 -708.290829 -878.670177 74033.074741 68999.167325 77124.885556 46442.377022 -469.327214 -592.310062 -816.311424 -700.719974 -670.578754 -243.348177 -582.561014 -559.712171 -604.759205 4845.828823 679.135543 -378.600053 -341.388760 -1993.503179 -1050.915422 -3247.058427 -1124.600333 -33.691839 -115.223732 -139.281619 -114.576777 42575.123296 -339.649744 -305.289171
-9999.0 -9999.0 -9999.0 -9999.0 -9999.0 -9999.0 -9999.0 -9999.0 -9999.0 -9999.0 -473.093886 -695.614814 -657.015928 226.106422 -619.060824 -1008.277668 -574.985535 -1549.723725 -2051.543649 -2117.278116 -2026.052728 -1994.958282 752.972277 32400.493918 -97.550140 -477.253852 -710.961792 699.142825 74368.456425 46711.981681 -582.692694 -472.403385 -1441.556004 -570.288582 -617.930046 -625.484091 15260.745654 45987.462713 42347.791807 -511.710679 -600.448790 -92.175405 55366.461592 -949.471255 -627.585478 1999.881851 181.531437 -368.742620 -2202.531559 -2552.963565 -200.407822 39311.948141 47314.323666 -144.903911 -147.166059 -111.829249 -348.822553
-9999.0 -9999.0 -9999.0 -9999.0 -9999.0 -9999.0 -9999.0 -9999.0 -512.159415 -550.672843 -119.496461 -496.955593 24083.675088 58620.975503 108631.646913 -862.041197 -3087.844681 -2258.095414 -2235.518784 -2177.484882 -2232.010595 -2530.909236 -2442.764240 -2181.968716 -1069.346166 -685.486141 -628.683748 78255.269946 60695.622833 46531.755327 -263.983180 -576.296824 -588.900303 -524.469375 -573.874537 -713.944183 -1215.071159 42048.028625 68238.928010 -295.456211 -244.619513 -606.087135 -676.557864 -256.756083 -277.949170 2133.693091 67190.073667 66670.067913 -252.232830 -775.211376 -465.849255 -43.942434 22922.407350 37892.897418 -124.610866 -103.018962 -179.296746
-9999.0 -9999.0 -9999.0 -9999.0 -9999.0 -9999.0 -9999.0 -9999.0 -42.056543 24431.483409 44068.994458 -500.252224 -678.656597 51794.413523 69047.567148 -372.478038 -1766.274585 -2102.285536 -3327.350049 -2189.617726 -1116.726545 -1946.551563 -2143.639067 -2347.243182 -2390.824351 -1333.769858 -560.269168 59128.921116 -1836.639573 -493.675991 -556.193906 -333.665602 -650.184966 -318.854895 -526.225067 -620.857644 -1222.591265 -298.391118 51668.783809 -819.328945 -598.079305 -77.485696 -292.392002 -887.343171 2606.105486 51794.932026 -727.244850 -751.514915 38923.610207 -655.646671 -542.519927 35495.507125 21688.421260 -384.661976 -126.551141 -4553.839070 29473.579603
-9999.0 -9999.0 -9999.0 -9999.0 -9999.0 -9999.0 -9999.0 -9999.0 -610.020196 3298.584320 -302.255001 42482.994714 -415.789874 -696.355297 56230.410589 51035.577515 -1074.360611 -2180.094401 -2582.857470 -1122.396182 -2197.970920 -1963.846221 -2152.410358 -2201.747184 -1971.612033 -2096.987162 -621.188394 74007.312665 -1236.512017 -585.280783 -331.065270 -541.938108 53091.383228 -110.783453 -589.467588 -1127.071346 -681.427185 -694.751403 46096.286775 49426.497014 -771.234492 -341.531068 -579.995245 2558.784002 57466.958476 -561.343397 -346.431309 -470.874337 54393.017465 -292.184095 -825.934744 -393.562101 5054.124392 15586.365076 15638.336051 919.845997 -337.022171
-9999.0 -9999.0 -9999.0 -9999.0 -9999.0 -9999.0 -9999.0 -9999.0 -286.475101 -744.632427 25407.981251 -1705.084116 -490.459043 53712.794554 -46.746748 -518.103562 -2968.906846 -2522.027874 -1526.225575 -2140.595666 -2160.558025 -2142.314878 -1916.310961 -1933.098984 -1811.440319 -1118.529582 76563.969463 62092.033654 -661.052286 50983.121788 40774.052438 58886.437843 -237.023630 -58.582099 -154.575436 -1289.191102 -1555.371517 -2211.811073 -881.119712 -118.097432 -1003.979439 -1029.658747 -983.417452 -286.712710 -528.908350 -283.069681 -173.236980 -225.654595 -668.636092 31568.282665 52.665739 -1048.767565 -474.682019 24386.370484 -272.011772 -442.795570 -1236.040666
-9999.0 -9999.0 -9999.0 -9999.0 -9999.0 -9999.0 -9999.0 -9999.0 7644.524763 -440.557730 -115.065145 67998.959014 67611.832684 76028.896708 -417.708062 -993.742459 -913.979504 -1810.607981 -1288.997544 -2142.715983 -2068.411848 -2043.550705 -2119.205645 -2123.539969 -2228.130330 -1068.098049 70017.070609 -84.020676 -643.568774 99.257884 41138.494022 -416.192884 -1226.146758 -644.326187 -1128.795058 -2736.584029 -3292.319266 -2435.015556 -2933.799051 -1054.793405 -1444.180394 -7840.619425 -1004.244227 -644.668442 30598.749171 -1037.490073 36740.957313 21581.389862 46001.360751 -459.989362 -1776.366736 -1354.985654 -1084.132724 -891.012074 -597.051162 -639.761180 -936.155688
-9999.0 -9999.0 -161.885226 -561.812650 -140.315583 50056.592415 48393.374721 47760.992631 -369.499229 -402.450871 51460.896475 59492.442704 70643.468010 101.997645 -923.698275 -127.274158 -273.237278 69963.264659 61756.197039 -755.598381 -2131.944246 -2012.445622 -1682.768966 -2179.888590 -1985.452263 -1892.959419 -968.168466 -931.601967 -1506.167779 -967.207424 272.049540 -1193.217683 -1246.132979 -2037.313153 -2157.818707 -2302.817160 -2248.723870 -2586.681027 -3179.860232 -2761.032974 -3464.082736 -3461.546514 -2617.229142 -1583.097685 -774.786043 -1431.339365 -841.257201 -794.375184 -2919.945521 -1999.270740 -2168.587067 -1396.904316 -1008.215793 -823.010138 -715.360558 -813.696777 -907.946197
