user2019/resources/simulation/Vinschgau/output-maps/snowdepthN0152.asc
ncols         63
nrows         48
xllcorner     598000.000000
yllcorner     5145000.000000
cellsize      1000.000000
NODATA_value  -9999.0
[rows 0 to 26 of 48, columns 0 to 59 of 63]
-9999.0 -9999.0 -9999.0 -9999.0 -9999.0 -9999.0 -9999.0 -9999.0 -9999.0 -9999.0 -9999.0 -9999.0 -9999.0 -9999.0 -9999.0 -9999.0 -9999.0 -9999.0 -9999.0 -9999.0 -9999.0 -9999.0 -9999.0 -9999.0 -9999.0 -9999.0 -9999.0 -9999.0 -9999.0 -9999.0 -9999.0 -9999.0 -9999.0 -9999.0 -9999.0 -9999.0 -9999.0 -9999.0 -9999.0 -9999.0 -9999.0 -9999.0 -9999.0 -9999.0 -9999.0 -9999.0 -9999.0 -9999.0 -9999.0 -9999.0 -9999.0 -9999.0 -9999.0 -9999.0 -9999.0 -9999.0 -9999.0 -9999.0 -9999.0 -9999.0
-9999.0 -9999.0 -9999.0 -9999.0 -9999.0 -9999.0 -9999.0 -9999.0 -9999.0 -9999.0 -9999.0 -9999.0 -9999.0 -9999.0 -9999.0 -9999.0 -9999.0 -9999.0 -9999.0 -9999.0 -9999.0 -9999.0 -9999.0 -9999.0 -9999.0 -9999.0 -9999.0 903.847049 814.889153 790.138019 1010.376480 1056.949917 977.494481 -9999.0 -9999.0 -9999.0 -9999.0 -9999.0 -9999.0 -9999.0 -9999.0 -9999.0 -9999.0 -9999.0 -9999.0 -9999.0 -9999.0 -9999.0 -9999.0 -9999.0 -9999.0 -9999.0 -9999.0 -9999.0 -9999.0 -9999.0 -9999.0 -9999.0 -9999.0 -9999.0
-9999.0 -9999.0 -9999.0 -9999.0 -9999.0 -9999.0 -9999.0 -9999.0 -9999.0 -9999.0 -9999.0 -9999.0 -9999.0 -9999.0 -9999.0 -9999.0 -9999.0 -9999.0 -9999.0 -9999.0 -9999.0 -9999.0 -9999.0 -9999.0 847.349630 734.297117 668.679440 717.400436 670.367069 719.131943 1006.033767 -9999.0 -9999.0 -9999.0 -9999.0 -9999.0 -9999.0 -9999.0 -9999.0 -9999.0 -9999.0 -9999.0 -9999.0 -9999.0 -9999.0 -9999.0 -9999.0 -9999.0 -9999.0 -9999.0 -9999.0 -9999.0 -9999.0 -9999.0 -9999.0 -9999.0 -9999.0 -9999.0 -9999.0 -9999.0
-9999.0 -9999.0 -9999.0 -9999.0 -9999.0 -9999.0 -9999.0 -9999.0 -9999.0 -9999.0 -9999.0 -9999.0 -9999.0 -9999.0 -9999.0 -9999.0 -9999.0 -9999.0 -9999.0 -9999.0 -9999.0 -9999.0 -9999.0 751.649556 611.480379 539.796003 474.989435 486.507306 490.675695 660.076125 813.986745 979.762377 -9999.0 -9999.0 -9999.0 -9999.0 -9999.0 -9999.0 -9999.0 -9999.0 -9999.0 -9999.0 -9999.0 -9999.0 -9999.0 -9999.0 -9999.0 -9999.0 -9999.0 -9999.0 -9999.0 -9999.0 -9999.0 -9999.0 -9999.0 -9999.0 -9999.0 -9999.0 -9999.0 -9999.0
-9999.0 -9999.0 -9999.0 -9999.0 -9999.0 -9999.0 -9999.0 -9999.0 -9999.0 -9999.0 -9999.0 -9999.0 -9999.0 -9999.0 -9999.0 -9999.0 -9999.0 -9999.0 408.680579 629.835109 -9999.0 814.474050 692.249361 539.227740 380.583263 203.006827 452.121656 474.832335 283.287035 523.544832 649.333194 819.224745 798.313208 867.008734 -9999.0 -9999.0 -9999.0 -9999.0 -9999.0 -9999.0 -9999.0 -9999.0 -9999.0 -9999.0 -9999.0 -9999.0 -9999.0 -9999.0 -9999.0 -9999.0 -9999.0 -9999.0 -9999.0 -9999.0 -9999.0 -9999.0 -9999.0 -9999.0 -9999.0 -9999.0
-9999.0 -9999.0 -9999.0 -9999.0 -9999.0 -9999.0 -9999.0 -9999.0 -9999.0 -9999.0 -9999.0 -9999.0 -9999.0 -9999.0 -9999.0 -9999.0 -9999.0 0.000000 155.374153 397.136812 645.325642 622.099674 539.709019 344.532401 283.257846 468.396616 741.069981 779.729844 693.171564 503.987081 528.048905 680.255595 586.320284 686.235605 919.581542 1069.331120 -9999.0 -9999.0 -9999.0 -9999.0 -9999.0 -9999.0 -9999.0 -9999.0 -9999.0 -9999.0 -9999.0 -9999.0 -9999.0 -9999.0 -9999.0 -9999.0 -9999.0 -9999.0 -9999.0 -9999.0 -9999.0 -9999.0 -9999.0 -9999.0
-9999.0 -9999.0 -9999.0 -9999.0 -9999.0 -9999.0 -9999.0 -9999.0 -9999.0 -9999.0 -9999.0 -9999.0 -9999.0 784.450585 513.600561 219.679894 195.051545 198.359951 0.000000 343.887968 318.419703 345.038712 250.270061 273.326387 477.673286 817.843193 918.212434 874.594682 866.287227 782.076828 660.206853 735.302947 850.386355 856.496602 870.642298 985.345280 -9999.0 -9999.0 -9999.0 -9999.0 -9999.0 -9999.0 -9999.0 -9999.0 -9999.0 -9999.0 -9999.0 -9999.0 -9999.0 -9999.0 -9999.0 -9999.0 -9999.0 -9999.0 -9999.0 -9999.0 -9999.0 -9999.0 -9999.0 -9999.0
-9999.0 -9999.0 -9999.0 -9999.0 -9999.0 -9999.0 -9999.0 -9999.0 -9999.0 -9999.0 -9999.0 -9999.0 -9999.0 675.201447 416.613235 294.225886 295.641799 206.401580 189.457577 91.076944 107.244785 266.773897 283.452867 389.372952 491.270992 703.699703 790.694830 976.064902 1038.221808 902.028861 817.214694 895.972033 952.058496 989.135033 948.054746 -9999.0 -9999.0 -9999.0 -9999.0 -9999.0 -9999.0 -9999.0 -9999.0 -9999.0 -9999.0 -9999.0 -9999.0 -9999.0 -9999.0 -9999.0 -9999.0 -9999.0 -9999.0 -9999.0 -9999.0 -9999.0 -9999.0 -9999.0 -9999.0 -9999.0
-9999.0 -9999.0 -9999.0 -9999.0 -9999.0 -9999.0 -9999.0 -9999.0 -9999.0 -9999.0 -9999.0 -9999.0 -9999.0 497.651572 319.649370 449.837227 333.719630 212.071807 184.495927 128.695498 355.796077 630.295988 492.233048 765.004300 748.605262 813.017398 747.704610 1063.051911 841.831328 1063.147119 931.145470 1069.073307 1072.147891 1120.267367 969.961304 -9999.0 -9999.0 -9999.0 -9999.0 -9999.0 -9999.0 -9999.0 -9999.0 -9999.0 -9999.0 -9999.0 -9999.0 -9999.0 -9999.0 -9999.0 -9999.0 -9999.0 -9999.0 -9999.0 -9999.0 -9999.0 -9999.0 -9999.0 -9999.0 -9999.0
-9999.0 -9999.0 -9999.0 -9999.0 -9999.0 -9999.0 -9999.0 -9999.0 -9999.0 -9999.0 -9999.0 -9999.0 621.944723 365.754477 451.625377 621.663415 471.496612 238.362878 145.920927 185.678609 409.016847 782.925165 817.663216 866.803728 616.929827 923.123146 833.395210 934.793665 703.124998 1021.065273 1088.630536 811.427052 688.325360 915.657487 -9999.0 -9999.0 -9999.0 -9999.0 -9999.0 -9999.0 -9999.0 -9999.0 -9999.0 -9999.0 -9999.0 -9999.0 -9999.0 -9999.0 -9999.0 -9999.0 -9999.0 -9999.0 -9999.0 -9999.0 -9999.0 -9999.0 -9999.0 -9999.0 -9999.0 -9999.0
-9999.0 -9999.0 -9999.0 -9999.0 -9999.0 -9999.0 -9999.0 -9999.0 -9999.0 -9999.0 -9999.0 860.636585 608.664478 424.982618 676.448400 781.303639 674.594911 258.833449 145.093813 187.451455 273.648396 454.555975 791.942158 945.084930 727.315675 895.151987 1016.758776 845.464996 689.993610 1036.111195 876.758926 567.175306 728.956615 751.280186 579.454064 382.306195 269.171642 163.744437 114.736816 -9999.0 -9999.0 -9999.0 674.279531 -9999.0 -9999.0 -9999.0 -9999.0 -9999.0 -9999.0 -9999.0 -9999.0 -9999.0 -9999.0 -9999.0 -9999.0 -9999.0 -9999.0 -9999.0 -9999.0 -9999.0
-9999.0 -9999.0 -9999.0 -9999.0 -9999.0 -9999.0 -9999.0 -9999.0 -9999.0 -9999.0 -9999.0 842.119098 758.999059 519.718311 665.076446 907.351315 512.752623 239.098874 138.165706 200.672190 297.628909 547.053905 781.193444 877.287445 817.966363 957.282512 797.997961 713.767723 834.584652 1009.529022 663.391492 527.450744 591.176046 703.271602 526.506364 292.474379 55.660767 17.905905 21.909505 124.979664 208.434970 414.935916 390.239245 707.255649 -9999.0 -9999.0 -9999.0 1286.806010 1283.318477 1259.632211 1341.219830 1504.822897 1662.646844 1707.078342 1842.381307 2039.626487 -9999.0 -9999.0 -9999.0 -9999.0
-9999.0 -9999.0 -9999.0 -9999.0 -9999.0 -9999.0 -9999.0 -9999.0 -9999.0 -9999.0 -9999.0 866.469240 933.807013 604.236080 741.478305 733.220417 481.820700 247.960944 149.837723 159.631277 240.566227 458.524785 609.628621 763.639423 984.862547 773.459878 562.477680 672.416488 925.320983 1004.491240 912.235658 577.841913 468.885031 618.685048 480.714762 122.873311 0.000000 0.000000 0.000000 0.000000 63.325668 240.603820 304.411665 471.797065 805.352921 -9999.0 1313.434352 1115.687861 1010.054921 889.230936 852.603404 945.630679 1099.258416 1278.643580 1461.211464 1670.491009 -9999.0 -9999.0 -9999.0 -9999.0
-9999.0 -9999.0 -9999.0 -9999.0 -9999.0 -9999.0 -9999.0 -9999.0 -9999.0 -9999.0 -9999.0 -9999.0 931.816979 742.314551 725.801750 750.342299 485.814387 284.002865 147.738855 145.988487 240.389831 443.788127 438.530764 554.538405 773.517946 597.074932 460.617008 871.057172 946.489633 849.030625 723.359214 543.244919 542.843415 599.229556 549.969712 255.577182 0.000000 0.000000 0.000000 0.000000 71.903588 151.944388 183.525475 371.373259 626.692722 929.368146 1036.044088 1145.527202 971.982720 648.631876 594.030105 1063.504524 907.352532 1257.458375 1407.066613 1640.148233 1791.567996 -9999.0 -9999.0 -9999.0
-9999.0 -9999.0 -9999.0 -9999.0 -9999.0 -9999.0 -9999.0 -9999.0 -9999.0 -9999.0 -9999.0 786.303263 1050.896279 897.640208 568.860710 556.210119 478.447574 311.137070 200.448856 0.000000 222.154134 328.517582 507.205833 620.026763 616.806982 455.562898 620.804004 964.751218 795.849550 726.297267 494.780057 452.802617 429.054842 618.995359 635.546878 318.596319 173.410389 0.000000 0.000000 0.000000 90.216909 75.610585 103.563336 235.311571 382.107329 828.937309 827.290967 839.987614 869.153657 481.443229 1173.563190 1389.311483 1410.508179 1534.421131 1715.116965 1872.754605 1772.321458 -9999.0 -9999.0 -9999.0
-9999.0 -9999.0 -9999.0 -9999.0 -9999.0 -9999.0 -9999.0 -9999.0 -9999.0 -9999.0 747.946275 706.476725 798.177887 851.330853 726.794061 409.306718 579.702360 458.860499 208.603684 148.337498 208.595607 329.606023 492.945478 528.663399 393.589937 480.637316 788.693880 804.705382 592.291976 550.437618 382.907260 536.909767 650.874816 725.409655 769.190774 452.938551 168.702112 0.000000 0.000000 0.000000 0.000000 55.859876 111.838653 0.000000 321.786500 618.967239 828.969409 489.310469 406.500542 407.973399 1058.650138 1566.548584 1640.404374 1855.991706 1858.918812 1520.335832 1506.550583 -9999.0 -9999.0 -9999.0
-9999.0 -9999.0 -9999.0 -9999.0 -9999.0 -9999.0 -9999.0 -9999.0 -9999.0 1061.197293 913.888937 765.945359 466.937173 739.187516 618.771859 719.218715 821.994755 492.246788 157.005451 0.000000 169.483453 273.918549 287.073265 212.040113 398.551119 689.091883 604.491880 512.147200 363.824990 323.981523 204.464126 653.063197 842.816324 950.430366 752.361693 609.386453 426.172721 300.449356 315.009642 193.201619 0.000000 417.378322 435.051422 0.000000 116.898682 319.536915 408.060170 557.795137 682.946132 304.022436 784.135212 1409.876750 1858.313233 1931.808660 1702.739811 1489.492574 1396.739793 1538.794803 1793.956415 -9999.0
-9999.0 -9999.0 -9999.0 -9999.0 -9999.0 -9999.0 -9999.0 -9999.0 -9999.0 1035.750445 1070.810813 881.081082 308.412594 443.995101 611.993775 755.424336 664.059824 330.952973 103.712686 104.654046 113.019646 67.489013 271.712337 401.233606 669.985392 538.825778 428.080792 311.327101 151.347993 373.609786 501.729852 594.918777 850.378763 862.434251 639.287457 512.664226 484.418777 432.224619 588.997248 511.746505 535.626832 681.067386 384.430704 214.880884 0.000000 40.180107 33.558020 215.415895 386.503278 310.557466 972.993818 1202.379700 1770.138405 1792.462469 1605.631776 1630.816013 1409.462331 1073.116959 1314.164466 -9999.0
-9999.0 -9999.0 -9999.0 -9999.0 -9999.0 -9999.0 -9999.0 -9999.0 -9999.0 -9999.0 1076.215255 863.099201 632.905837 217.555040 380.746893 573.415841 525.919459 239.682424 0.000000 59.121164 162.887748 234.544294 484.442358 546.540368 527.850368 315.260543 119.558277 70.287999 495.796184 737.667393 799.733222 625.395995 950.371275 972.511435 646.930843 463.301348 460.271240 431.818685 611.387362 812.879516 814.576726 586.987110 445.022788 687.654974 517.605627 374.685697 311.027774 194.757440 7.134423 279.822684 779.788467 982.680533 1518.813853 1794.196308 1861.951831 1628.789859 1367.357017 531.395123 534.497133 649.934059
-9999.0 -9999.0 -9999.0 -9999.0 -9999.0 -9999.0 -9999.0 -9999.0 -9999.0 -9999.0 1072.954779 981.511689 894.829496 570.696961 240.671241 271.505500 322.373714 156.145862 0.000000 13.481225 102.707017 187.224465 285.362981 410.180556 366.204758 71.197047 42.134553 262.235806 617.667296 867.356490 953.016099 829.468358 796.164957 1082.140639 957.038491 737.881409 377.930770 492.390852 657.822849 998.722388 869.173674 784.317391 815.290057 955.695774 910.291466 815.771970 740.027361 546.975058 0.000000 121.803078 324.601612 941.812909 1226.828755 1543.367983 1833.186984 1640.970038 1579.728919 1010.272800 176.437004 191.032695
-9999.0 -9999.0 -9999.0 -9999.0 -9999.0 -9999.0 -9999.0 -9999.0 768.966525 845.469032 960.730852 920.164199 798.829196 764.125179 556.044767 146.620485 112.260582 41.867250 0.000000 0.000000 0.000000 0.000000 62.341890 177.887937 165.947959 0.000000 188.749430 543.501655 730.501917 900.256083 1087.894699 989.941062 1017.670312 1102.537974 964.860344 958.836979 789.901170 496.412409 786.403469 999.496651 1065.221416 930.178703 1061.529646 1159.094777 881.287830 776.489716 1052.722387 924.563706 407.505654 74.952125 358.035310 620.853141 1114.655778 1547.444226 1465.374973 1178.109307 1321.282501 822.424542 360.908429 0.000000
-9999.0 -9999.0 -9999.0 -9999.0 -9999.0 -9999.0 -9999.0 -9999.0 870.945590 705.305583 833.664257 1089.871595 963.571333 606.818403 658.624454 343.882552 297.693790 276.823782 0.000000 0.000000 0.000000 0.000000 32.246918 63.946106 0.000000 0.000000 155.905093 478.021622 828.920049 919.367949 1037.444689 814.024748 980.591183 1016.110729 988.142751 854.950619 580.136106 476.374889 765.350366 1003.215275 1251.930994 1231.487866 1234.881486 1005.924721 712.020027 1024.504460 1214.494046 1159.870966 729.892348 272.470979 123.324166 553.369236 1094.022844 1294.029845 750.992039 574.671000 592.602172 419.465539 53.625205 0.000000
-9999.0 -9999.0 -9999.0 -9999.0 -9999.0 -9999.0 -9999.0 -9999.0 1020.284614 770.566880 747.421433 971.737323 802.436545 940.315558 615.049010 402.420322 122.361854 135.616453 0.000000 0.000000 0.000000 0.000000 0.000000 0.000000 0.000000 156.867370 229.519919 581.881095 709.603741 776.691498 803.008077 658.448183 808.053409 800.832489 950.654539 637.060288 888.873690 371.808502 821.753181 1013.730069 1238.233260 1262.832221 1153.165321 1097.622636 1143.990229 1205.942168 1232.597842 1202.496638 1116.707126 409.398240 0.000000 217.535105 628.434886 772.514873 324.266056 294.669410 86.038564 20.749294 0.000000 0.000000
-9999.0 -9999.0 -9999.0 -9999.0 -9999.0 -9999.0 -9999.0 -9999.0 1135.176453 853.710366 503.385381 783.944774 808.726666 660.339544 399.433424 138.290427 0.000000 0.000000 37.583596 0.000000 0.000000 0.000000 0.000000 0.000000 206.542749 291.857182 539.920301 595.675423 590.870200 480.905984 648.110494 647.510945 440.407026 463.673536 894.935950 864.214012 759.182780 333.192140 707.842904 923.794267 1171.312658 1082.388757 1047.230680 915.182793 1162.771029 1132.998275 1027.376488 979.582236 931.022740 592.045596 411.215234 0.000000 110.281432 324.421207 62.917067 41.084400 0.000000 0.000000 0.000000 0.000000
-9999.0 -9999.0 -9999.0 -9999.0 -9999.0 -9999.0 -9999.0 -9999.0 1028.944301 862.454679 600.719297 570.609100 405.143171 242.030099 232.406489 75.477542 105.460630 192.026195 298.861480 235.286992 0.000000 0.000000 0.000000 0.000000 174.192259 336.020930 489.979075 498.043001 298.471253 331.305684 577.403035 467.815649 191.156294 477.414018 661.376039 694.896122 560.091109 322.921113 346.812960 667.147281 730.360092 679.278984 540.407737 596.947093 903.820480 856.748317 620.161427 435.598321 514.530373 239.700137 132.506997 57.540699 0.000000 21.599876 0.000000 0.000000 0.000000 0.000000 0.000000 0.000000
-9999.0 -9999.0 910.551974 894.114617 923.218597 803.360902 762.750393 823.833878 965.459771 1003.148067 729.821657 281.338980 354.774846 301.547437 112.947830 154.524049 339.782999 762.903162 745.965705 341.108199 246.947069 0.000000 0.000000 0.000000 69.470575 135.219434 247.893591 235.433578 88.825633 292.712345 452.519202 429.440760 226.742149 264.218002 227.582564 279.081928 201.090108 256.248243 331.607471 480.873033 418.677383 278.401994 284.170675 345.528048 540.956269 503.683763 198.209726 198.651991 78.740366 0.000000 0.000000 0.000000 0.000000 0.000000 0.000000 0.000000 0.000000 0.000000 82.561104 166.651064
-9999.0 676.212217 639.815794 715.473057 747.300069 702.034396 843.789787 1041.980551 1119.798362 1121.886633 883.332339 629.973914 313.438104 300.926280 292.146444 534.032375 790.029024 923.693165 668.441618 311.525883 220.302221 0.000000 0.000000 0.000000 0.000000 39.170483 55.008904 44.516198 13.246266 80.517244 107.661009 188.026065 233.842695 79.787978 127.899386 73.133773 90.513541 100.056132 99.949528 133.207537 140.861275 60.865347 69.933598 236.183027 188.850731 66.552912 17.124541 0.000000 0.000000 0.000000 0.000000 0.000000 0.000000 0.000000 0.000000 104.163085 321.686387 343.634869 410.905311 643.516083
