user2019/resources/simulation/Vinschgau/output-maps/snowdepthN0164.asc
ncols         63
nrows         48
xllcorner     598000.000000
yllcorner     5145000.000000
cellsize      1000.000000
NODATA_value  -9999.0
[rows 0 to 26 of 48, columns 0 to 59 of 63]
-9999.0 -9999.0 -9999.0 -9999.0 -9999.0 -9999.0 -9999.0 -9999.0 -9999.0 -9999.0 -9999.0 -9999.0 -9999.0 -9999.0 -9999.0 -9999.0 -9999.0 -9999.0 -9999.0 -9999.0 -9999.0 -9999.0 -9999.0 -9999.0 -9999.0 -9999.0 -9999.0 -9999.0 -9999.0 -9999.0 -9999.0 -9999.0 -9999.0 -9999.0 -9999.0 -9999.0 -9999.0 -9999.0 -9999.0 -9999.0 -9999.0 -9999.0 -9999.0 -9999.0 -9999.0 -9999.0 -9999.0 -9999.0 -9999.0 -9999.0 -9999.0 -9999.0 -9999.0 -9999.0 -9999.0 -9999.0 -9999.0 -9999.0 -9999.0 -9999.0
-9999.0 -9999.0 -9999.0 -9999.0 -9999.0 -9999.0 -9999.0 -9999.0 -9999.0 -9999.0 -9999.0 -9999.0 -9999.0 -9999.0 -9999.0 -9999.0 -9999.0 -9999.0 -9999.0 -9999.0 -9999.0 -9999.0 -9999.0 -9999.0 -9999.0 -9999.0 -9999.0 855.416514 768.108679 743.069138 952.923116 999.032302 925.058087 -9999.0 -9999.0 -9999.0 -9999.0 -9999.0 -9999.0 -9999.0 -9999.0 -9999.0 -9999.0 -9999.0 -9999.0 -9999.0 -9999.0 -9999.0 -9999.0 -9999.0 -9999.0 -9999.0 -9999.0 -9999.0 -9999.0 -9999.0 -9999.0 -9999.0 -9999.0 -9999.0
-9999.0 -9999.0 -9999.0 -9999.0 -9999.0 -9999.0 -9999.0 -9999.0 -9999.0 -9999.0 -9999.0 -9999.0 -9999.0 -9999.0 -9999.0 -9999.0 -9999.0 -9999.0 -9999.0 -9999.0 -9999.0 -9999.0 -9999.0 -9999.0 800.152459 686.863772 610.417740 665.022563 612.939164 674.296524 947.792284 -9999.0 -9999.0 -9999.0 -9999.0 -9999.0 -9999.0 -9999.0 -9999.0 -9999.0 -9999.0 -9999.0 -9999.0 -9999.0 -9999.0 -9999.0 -9999.0 -9999.0 -9999.0 -9999.0 -9999.0 -9999.0 -9999.0 -9999.0 -9999.0 -9999.0 -9999.0 -9999.0 -9999.0 -9999.0
-9999.0 -9999.0 -9999.0 -9999.0 -9999.0 -9999.0 -9999.0 -9999.0 -9999.0 -9999.0 -9999.0 -9999.0 -9999.0 -9999.0 -9999.0 -9999.0 -9999.0 -9999.0 -9999.0 -9999.0 -9999.0 -9999.0 -9999.0 709.845288 575.187694 495.855733 437.310493 443.983320 450.930398 615.860678 766.500287 922.198613 -9999.0 -9999.0 -9999.0 -9999.0 -9999.0 -9999.0 -9999.0 -9999.0 -9999.0 -9999.0 -9999.0 -9999.0 -9999.0 -9999.0 -9999.0 -9999.0 -9999.0 -9999.0 -9999.0 -9999.0 -9999.0 -9999.0 -9999.0 -9999.0 -9999.0 -9999.0 -9999.0 -9999.0
-9999.0 -9999.0 -9999.0 -9999.0 -9999.0 -9999.0 -9999.0 -9999.0 -9999.0 -9999.0 -9999.0 -9999.0 -9999.0 -9999.0 -9999.0 -9999.0 -9999.0 -9999.0 366.939037 571.451969 -9999.0 766.671732 645.035259 500.192088 349.115887 167.595798 422.569447 445.127143 233.002867 485.166715 600.619909 771.225596 736.511236 811.493978 -9999.0 -9999.0 -9999.0 -9999.0 -9999.0 -9999.0 -9999.0 -9999.0 -9999.0 -9999.0 -9999.0 -9999.0 -9999.0 -9999.0 -9999.0 -9999.0 -9999.0 -9999.0 -9999.0 -9999.0 -9999.0 -9999.0 -9999.0 -9999.0 -9999.0 -9999.0
-9999.0 -9999.0 -9999.0 -9999.0 -9999.0 -9999.0 -9999.0 -9999.0 -9999.0 -9999.0 -9999.0 -9999.0 -9999.0 -9999.0 -9999.0 -9999.0 -9999.0 0.000000 123.591081 364.323603 607.687983 574.566195 498.179421 310.748102 235.845564 435.796797 700.542258 736.483684 654.649464 472.398646 488.171015 622.918085 531.112346 627.803066 865.425459 1006.758679 -9999.0 -9999.0 -9999.0 -9999.0 -9999.0 -9999.0 -9999.0 -9999.0 -9999.0 -9999.0 -9999.0 -9999.0 -9999.0 -9999.0 -9999.0 -9999.0 -9999.0 -9999.0 -9999.0 -9999.0 -9999.0 -9999.0 -9999.0 -9999.0
-9999.0 -9999.0 -9999.0 -9999.0 -9999.0 -9999.0 -9999.0 -9999.0 -9999.0 -9999.0 -9999.0 -9999.0 -9999.0 744.093896 484.549509 199.192750 181.651030 183.473525 0.000000 299.651976 268.558233 302.762366 210.919774 229.151741 443.842384 775.291461 868.515152 825.650034 819.057171 739.482059 622.666684 695.702727 803.164493 811.486880 823.040248 929.672595 -9999.0 -9999.0 -9999.0 -9999.0 -9999.0 -9999.0 -9999.0 -9999.0 -9999.0 -9999.0 -9999.0 -9999.0 -9999.0 -9999.0 -9999.0 -9999.0 -9999.0 -9999.0 -9999.0 -9999.0 -9999.0 -9999.0 -9999.0 -9999.0
-9999.0 -9999.0 -9999.0 -9999.0 -9999.0 -9999.0 -9999.0 -9999.0 -9999.0 -9999.0 -9999.0 -9999.0 -9999.0 637.919231 386.446778 275.352461 276.392048 188.578414 169.340737 65.715580 79.060955 250.913300 262.668641 360.874382 458.031546 663.537780 745.153640 924.313713 982.757689 853.672599 771.630082 849.145142 901.406636 936.469371 896.438798 -9999.0 -9999.0 -9999.0 -9999.0 -9999.0 -9999.0 -9999.0 -9999.0 -9999.0 -9999.0 -9999.0 -9999.0 -9999.0 -9999.0 -9999.0 -9999.0 -9999.0 -9999.0 -9999.0 -9999.0 -9999.0 -9999.0 -9999.0 -9999.0 -9999.0
-9999.0 -9999.0 -9999.0 -9999.0 -9999.0 -9999.0 -9999.0 -9999.0 -9999.0 -9999.0 -9999.0 -9999.0 -9999.0 468.045809 291.624219 419.144555 310.315993 197.203625 167.320634 105.802640 332.866897 597.490218 459.786125 725.423742 707.642990 770.304367 704.463692 1006.295165 795.687792 1007.481080 882.310266 1012.650731 1014.370044 1059.435883 916.514551 -9999.0 -9999.0 -9999.0 -9999.0 -9999.0 -9999.0 -9999.0 -9999.0 -9999.0 -9999.0 -9999.0 -9999.0 -9999.0 -9999.0 -9999.0 -9999.0 -9999.0 -9999.0 -9999.0 -9999.0 -9999.0 -9999.0 -9999.0 -9999.0 -9999.0
-9999.0 -9999.0 -9999.0 -9999.0 -9999.0 -9999.0 -9999.0 -9999.0 -9999.0 -9999.0 -9999.0 -9999.0 587.171285 335.511791 421.591079 583.707235 437.587237 222.403934 125.547952 167.193872 381.617634 741.745027 774.003503 821.362223 580.525994 877.981366 789.718588 883.400491 658.908252 967.018236 1032.129216 760.700030 647.536497 866.459227 -9999.0 -9999.0 -9999.0 -9999.0 -9999.0 -9999.0 -9999.0 -9999.0 -9999.0 -9999.0 -9999.0 -9999.0 -9999.0 -9999.0 -9999.0 -9999.0 -9999.0 -9999.0 -9999.0 -9999.0 -9999.0 -9999.0 -9999.0 -9999.0 -9999.0 -9999.0
-9999.0 -9999.0 -9999.0 -9999.0 -9999.0 -9999.0 -9999.0 -9999.0 -9999.0 -9999.0 -9999.0 815.418423 570.494734 391.392938 635.549335 738.506514 637.998093 239.758224 126.859967 170.149568 246.859472 409.849975 749.313633 898.107223 689.376610 848.182846 966.805534 793.716840 647.789465 981.531249 833.177232 519.683149 675.922687 710.331393 549.014607 358.538773 247.678932 140.923374 99.758102 -9999.0 -9999.0 -9999.0 637.834352 -9999.0 -9999.0 -9999.0 -9999.0 -9999.0 -9999.0 -9999.0 -9999.0 -9999.0 -9999.0 -9999.0 -9999.0 -9999.0 -9999.0 -9999.0 -9999.0 -9999.0
-9999.0 -9999.0 -9999.0 -9999.0 -9999.0 -9999.0 -9999.0 -9999.0 -9999.0 -9999.0 -9999.0 798.397785 717.599447 486.066958 620.298893 861.639033 483.552049 217.578698 119.155397 180.075571 268.548859 512.876829 739.095373 831.366403 775.058482 908.381982 758.380317 671.469832 790.400478 956.730062 626.805640 493.205675 535.500528 665.668642 500.608298 260.020639 43.863487 0.000941 0.000919 110.244731 175.079691 387.184664 342.687198 665.286094 -9999.0 -9999.0 -9999.0 1208.152187 1210.649965 1187.389227 1261.297385 1417.471346 1562.490926 1608.064626 1723.836043 1910.824189 -9999.0 -9999.0 -9999.0 -9999.0
-9999.0 -9999.0 -9999.0 -9999.0 -9999.0 -9999.0 -9999.0 -9999.0 -9999.0 -9999.0 -9999.0 821.039922 887.905832 570.921796 699.763426 694.053919 454.117198 232.005375 130.049700 135.230784 216.329745 423.212436 562.216911 721.657029 936.441685 734.776845 526.959212 638.981704 878.358761 949.465715 866.052867 545.926375 438.976629 572.046385 454.693985 103.699152 0.000000 0.000000 0.000000 0.002102 48.023150 226.090959 266.806946 441.983909 759.788391 -9999.0 1239.849087 1052.445834 942.618902 832.098829 790.546256 859.437638 1021.913640 1191.997304 1351.515491 1572.226091 -9999.0 -9999.0 -9999.0 -9999.0
-9999.0 -9999.0 -9999.0 -9999.0 -9999.0 -9999.0 -9999.0 -9999.0 -9999.0 -9999.0 -9999.0 -9999.0 886.794260 701.328211 686.181894 711.275359 455.494938 264.597411 127.472820 122.914764 216.739337 410.041458 395.444665 515.297822 731.416718 560.042345 429.019815 830.355971 898.542174 806.295879 671.969394 501.436175 509.743069 553.585875 520.875500 238.156317 0.000000 0.000000 0.000000 0.000612 59.003205 131.145468 164.247380 331.371781 590.996210 865.196830 958.935362 1067.576845 904.615024 604.479733 546.573345 1005.767279 851.227487 1189.169998 1328.090174 1546.672439 1680.246342 -9999.0 -9999.0 -9999.0
-9999.0 -9999.0 -9999.0 -9999.0 -9999.0 -9999.0 -9999.0 -9999.0 -9999.0 -9999.0 -9999.0 745.093438 999.819382 853.424333 538.405939 522.823472 449.787477 289.546449 184.852712 0.000000 191.913720 295.014937 478.097483 585.307009 582.125642 424.244505 587.399032 918.546142 756.956199 677.070077 464.084823 426.262651 398.523198 578.737896 603.162372 299.362207 161.398565 0.000000 0.000000 0.000838 74.564431 43.117457 74.383355 194.352142 331.432271 771.238930 778.226971 770.221026 815.113520 447.156707 1107.730820 1312.972624 1329.112649 1451.379370 1619.910172 1770.238687 1664.798413 -9999.0 -9999.0 -9999.0
-9999.0 -9999.0 -9999.0 -9999.0 -9999.0 -9999.0 -9999.0 -9999.0 -9999.0 -9999.0 712.010830 670.007688 754.938865 809.463127 688.997734 381.722422 547.221785 432.428668 195.208935 129.080401 183.478396 308.363115 445.913786 490.320678 358.349213 453.532785 751.534987 764.597230 555.880299 505.404182 342.632646 507.402096 617.520127 687.364428 729.615129 427.527601 141.943489 0.000000 0.000000 0.000000 0.000000 52.504757 105.856308 0.000000 274.166479 581.121754 781.448799 449.862106 359.829978 374.786497 991.057588 1475.394319 1549.965429 1752.690814 1756.269194 1434.628972 1417.896706 -9999.0 -9999.0 -9999.0
-9999.0 -9999.0 -9999.0 -9999.0 -9999.0 -9999.0 -9999.0 -9999.0 -9999.0 1010.500604 871.946601 728.608531 421.728539 697.773061 588.178030 681.841678 782.325031 466.055030 138.515812 0.000000 138.216960 230.855933 246.741119 166.628191 375.296892 657.108928 568.007158 480.249865 320.772710 285.826127 175.208086 619.621357 801.935441 904.519107 710.381807 579.449806 404.613388 281.492630 297.925001 178.952798 0.000000 398.146800 413.186597 0.000000 92.731525 259.206280 347.741623 504.230938 641.468926 273.228889 717.507692 1324.399945 1753.885500 1813.347640 1600.338268 1406.383237 1315.991720 1443.562518 1692.226279 -9999.0
-9999.0 -9999.0 -9999.0 -9999.0 -9999.0 -9999.0 -9999.0 -9999.0 -9999.0 985.277611 1021.132554 842.026847 275.139967 411.580681 580.732332 716.115512 630.805446 300.982831 81.220979 85.355541 88.247662 37.371606 256.589043 378.136152 639.841049 497.482200 386.343510 269.646491 118.325049 351.715761 474.807026 558.954898 808.455803 816.823246 603.811293 476.322486 460.706544 406.516340 560.044688 487.013888 508.774514 648.713777 353.811420 204.318755 0.000000 26.508301 22.824382 168.159918 344.408496 289.759593 915.729541 1136.777129 1668.268542 1690.028475 1517.097983 1539.637768 1332.615825 1000.281926 1213.272059 -9999.0
-9999.0 -9999.0 -9999.0 -9999.0 -9999.0 -9999.0 -9999.0 -9999.0 -9999.0 -9999.0 1025.441583 825.152280 603.229013 184.493899 343.442433 542.192051 497.675192 215.352900 0.000000 43.666849 150.987198 214.481090 459.593987 519.078817 493.524934 273.065479 80.163754 39.005330 470.105741 703.487145 762.771305 592.513711 902.855129 923.782940 599.120639 433.856999 426.592436 404.610681 575.021132 773.022923 775.325057 545.347109 419.707202 651.739684 490.027643 347.464331 293.018034 184.087045 1.470353 240.177769 718.112625 912.139570 1429.029222 1692.546334 1756.409989 1537.800312 1293.483845 480.049454 474.114752 582.182399
-9999.0 -9999.0 -9999.0 -9999.0 -9999.0 -9999.0 -9999.0 -9999.0 -9999.0 -9999.0 1022.207720 936.658015 857.730406 545.123582 212.042287 236.111554 292.414589 132.262189 0.000000 0.000000 64.039828 141.857539 238.749115 372.508780 330.784485 40.823591 17.890697 244.560314 587.579823 828.441627 908.876183 788.595484 755.252995 1026.766116 907.820537 701.025613 347.128650 456.365149 620.045318 944.387455 822.847406 741.587236 772.869999 906.392729 862.564272 770.661841 698.816837 513.713727 0.000000 100.919387 273.910761 881.469931 1144.211348 1449.737372 1712.771258 1546.334530 1493.280238 955.572230 137.326259 137.177063
-9999.0 -9999.0 -9999.0 -9999.0 -9999.0 -9999.0 -9999.0 -9999.0 725.080224 804.521654 913.303875 880.405859 765.248227 732.324787 533.058477 109.979066 75.728462 24.899737 0.000000 0.000000 0.000000 0.000000 30.251595 134.661491 125.760287 0.000000 168.344577 518.827147 696.156411 856.699388 1037.662974 942.161869 965.410116 1044.433881 914.090154 911.254767 748.341856 451.616078 739.468696 942.985251 1008.544533 881.936225 1005.579919 1097.643400 818.283456 734.500768 995.445458 876.239624 376.725377 65.630320 325.772094 575.558243 1051.176209 1454.517627 1382.468675 1097.362132 1244.052277 772.155819 327.997509 0.000000
-9999.0 -9999.0 -9999.0 -9999.0 -9999.0 -9999.0 -9999.0 -9999.0 831.170700 662.507960 794.203542 1042.062916 921.560953 579.449240 630.273343 323.140516 279.151762 260.359475 0.000000 0.000000 0.002450 0.000000 3.544177 32.760996 0.000000 0.000000 135.574023 452.807876 791.101891 871.990806 983.446483 774.411078 927.501194 962.950486 936.357771 811.465390 547.710702 444.784202 721.630646 932.917133 1181.539467 1166.395817 1165.852916 941.957512 670.708002 969.546639 1148.514718 1097.062095 688.849004 258.383576 97.026300 503.673467 1031.074102 1207.935464 702.221847 517.137267 538.851726 376.427004 45.555311 0.000000
-9999.0 -9999.0 -9999.0 -9999.0 -9999.0 -9999.0 -9999.0 -9999.0 972.430099 733.659280 707.496593 923.659668 765.141976 901.214029 588.712236 369.035397 86.300232 104.726280 0.000000 0.023943 0.000000 0.000381 0.000000 0.000000 0.000000 148.062825 211.007017 551.966819 673.592950 732.776224 763.044496 624.958605 762.872150 748.293274 901.304744 587.291534 841.801890 343.224348 764.543663 955.817135 1166.039605 1184.532040 1087.743804 1037.547292 1081.188373 1141.420118 1161.497880 1133.252379 1057.234287 378.581912 0.000000 174.241103 586.705186 732.577984 276.162487 258.475394 50.612798 5.166057 0.000000 0.000000
-9999.0 -9999.0 -9999.0 -9999.0 -9999.0 -9999.0 -9999.0 -9999.0 1082.161365 813.204473 463.003425 746.724345 764.639167 626.420656 371.836615 102.957132 0.000000 0.000000 29.579698 0.000000 0.000000 0.000000 0.000387 0.000000 195.395184 272.845558 511.942613 565.549830 544.182910 442.560931 613.381312 613.793679 390.590579 414.523162 845.018112 800.740832 718.099222 310.465798 659.605430 873.648029 1102.653620 1023.817202 985.288149 846.134851 1098.066570 1068.242059 960.387910 908.016076 880.909795 551.900492 384.591183 0.000000 70.700828 280.089673 54.529557 31.727418 0.000000 0.000000 0.000000 0.000000
-9999.0 -9999.0 -9999.0 -9999.0 -9999.0 -9999.0 -9999.0 -9999.0 978.714578 821.698218 570.903631 530.192403 372.920723 206.226784 197.710346 60.086770 98.210538 181.640613 279.305346 223.647685 0.000000 0.000000 0.000000 0.000000 152.424882 300.774969 456.895073 458.139242 244.811623 287.849691 543.345844 441.771834 150.741265 446.177358 605.931628 642.423190 511.771024 297.053142 297.267547 624.266112 679.677236 623.953954 486.844346 542.293787 843.642353 801.472745 569.975275 390.368573 461.148614 194.943410 99.860905 50.714893 0.000000 7.744565 0.000000 0.000000 0.000000 0.000000 0.000000 0.000000
-9999.0 -9999.0 860.167761 846.118450 876.951595 763.562778 723.133066 779.765232 914.549478 954.676935 692.491175 247.631247 324.057266 277.455324 84.402418 146.549420 318.343248 727.676731 709.556591 317.744529 233.638572 0.000000 0.000000 0.000000 39.805843 94.758440 202.861002 189.287333 53.334179 257.308997 407.321431 401.474860 201.335367 216.775520 173.747405 235.056363 157.896039 223.567984 296.301973 443.657743 378.785245 229.471192 236.375885 303.038200 495.037645 449.334095 143.992107 149.480397 51.590094 0.000000 0.000000 0.000000 0.000000 0.000000 0.000000 0.000000 0.000000 0.000000 76.285674 159.139924
-9999.0 637.953199 606.741835 678.450532 707.088839 660.739146 799.851374 988.812523 1062.403052 1067.104214 841.429305 597.987365 294.241474 283.812057 279.341069 505.624686 751.996476 878.680095 637.306810 291.788177 203.765397 0.000000 0.000505 0.000000 0.000000 23.632837 27.208446 21.678067 3.590485 45.517099 60.537624 146.055352 206.658997 50.922053 88.800802 40.797657 60.203079 66.280254 58.703730 74.952300 87.422215 42.210296 42.913683 191.805835 135.551400 51.629031 0.000000 0.000000 0.000000 0.000000 0.000000 0.000000 0.000000 0.000000 0.000000 97.401554 307.293128 327.901425 392.127262 608.734766
