user2019/resources/simulation/Vinschgau/output-maps/SWEDENSITYN0146.asc
ncols         63
nrows         48
xllcorner     598000.000000
yllcorner     5145000.000000
cellsize      1000.000000
NODATA_value  -9999.0
[rows 0 to 26 of 48, columns 0 to 60 of 63]
-9999.0 -9999.0 -9999.0 -9999.0 -9999.0 -9999.0 -9999.0 -9999.0 -9999.0 -9999.0 -9999.0 -9999.0 -9999.0 -9999.0 -9999.0 -9999.0 -9999.0 -9999.0 -9999.0 -9999.0 -9999.0 -9999.0 -9999.0 -9999.0 -9999.0 -9999.0 -9999.0 -9999.0 -9999.0 -9999.0 -9999.0 -9999.0 -9999.0 -9999.0 -9999.0 -9999.0 -9999.0 -9999.0 -9999.0 -9999.0 -9999.0 -9999.0 -9999.0 -9999.0 -9999.0 -9999.0 -9999.0 -9999.0 -9999.0 -9999.0 -9999.0 -9999.0 -9999.0 -9999.0 -9999.0 -9999.0 -9999.0 -9999.0 -9999.0 -9999.0 -9999.0
-9999.0 -9999.0 -9999.0 -9999.0 -9999.0 -9999.0 -9999.0 -9999.0 -9999.0 -9999.0 -9999.0 -9999.0 -9999.0 -9999.0 -9999.0 -9999.0 -9999.0 -9999.0 -9999.0 -9999.0 -9999.0 -9999.0 -9999.0 -9999.0 -9999.0 -9999.0 -9999.0 267.866392 263.190642 258.882544 265.473189 264.047220 260.736925 -9999.0 -9999.0 -9999.0 -9999.0 -9999.0 -9999.0 -9999.0 -9999.0 -9999.0 -9999.0 -9999.0 -9999.0 -9999.0 -9999.0 -9999.0 -9999.0 -9999.0 -9999.0 -9999.0 -9999.0 -9999.0 -9999.0 -9999.0 -9999.0 -9999.0 -9999.0 -9999.0 -9999.0
-9999.0 -9999.0 -9999.0 -9999.0 -9999.0 -9999.0 -9999.0 -9999.0 -9999.0 -9999.0 -9999.0 -9999.0 -9999.0 -9999.0 -9999.0 -9999.0 -9999.0 -9999.0 -9999.0 -9999.0 -9999.0 -9999.0 -9999.0 -9999.0 265.783981 251.659545 244.920689 245.624715 244.083386 251.632167 264.494586 -9999.0 -9999.0 -9999.0 -9999.0 -9999.0 -9999.0 -9999.0 -9999.0 -9999.0 -9999.0 -9999.0 -9999.0 -9999.0 -9999.0 -9999.0 -9999.0 -9999.0 -9999.0 -9999.0 -9999.0 -9999.0 -9999.0 -9999.0 -9999.0 -9999.0 -9999.0 -9999.0 -9999.0 -9999.0 -9999.0
-9999.0 -9999.0 -9999.0 -9999.0 -9999.0 -9999.0 -9999.0 -9999.0 -9999.0 -9999.0 -9999.0 -9999.0 -9999.0 -9999.0 -9999.0 -9999.0 -9999.0 -9999.0 -9999.0 -9999.0 -9999.0 -9999.0 -9999.0 256.317154 254.059151 256.515602 249.662099 252.537012 242.782520 245.993661 258.926214 263.461976 -9999.0 -9999.0 -9999.0 -9999.0 -9999.0 -9999.0 -9999.0 -9999.0 -9999.0 -9999.0 -9999.0 -9999.0 -9999.0 -9999.0 -9999.0 -9999.0 -9999.0 -9999.0 -9999.0 -9999.0 -9999.0 -9999.0 -9999.0 -9999.0 -9999.0 -9999.0 -9999.0 -9999.0 -9999.0
-9999.0 -9999.0 -9999.0 -9999.0 -9999.0 -9999.0 -9999.0 -9999.0 -9999.0 -9999.0 -9999.0 -9999.0 -9999.0 -9999.0 -9999.0 -9999.0 -9999.0 -9999.0 237.024623 257.111545 -9999.0 259.910499 249.035121 257.523203 252.613499 254.766735 237.684269 243.206743 227.485369 240.939064 241.539438 260.149770 254.615805 257.847482 -9999.0 -9999.0 -9999.0 -9999.0 -9999.0 -9999.0 -9999.0 -9999.0 -9999.0 -9999.0 -9999.0 -9999.0 -9999.0 -9999.0 -9999.0 -9999.0 -9999.0 -9999.0 -9999.0 -9999.0 -9999.0 -9999.0 -9999.0 -9999.0 -9999.0 -9999.0 -9999.0
-9999.0 -9999.0 -9999.0 -9999.0 -9999.0 -9999.0 -9999.0 -9999.0 -9999.0 -9999.0 -9999.0 -9999.0 -9999.0 -9999.0 -9999.0 -9999.0 -9999.0 107.236370 287.044689 252.633338 256.893621 251.918606 248.171830 253.940004 241.378460 220.428342 254.529616 257.448888 254.722664 245.174959 239.451197 244.596350 244.999042 254.287198 264.065642 261.374100 -9999.0 -9999.0 -9999.0 -9999.0 -9999.0 -9999.0 -9999.0 -9999.0 -9999.0 -9999.0 -9999.0 -9999.0 -9999.0 -9999.0 -9999.0 -9999.0 -9999.0 -9999.0 -9999.0 -9999.0 -9999.0 -9999.0 -9999.0 -9999.0 -9999.0
-9999.0 -9999.0 -9999.0 -9999.0 -9999.0 -9999.0 -9999.0 -9999.0 -9999.0 -9999.0 -9999.0 -9999.0 -9999.0 266.439542 242.780112 254.282356 245.328762 279.462119 105.031189 243.272338 268.565663 267.600083 247.581940 253.710535 224.541068 258.106303 260.176378 261.032727 256.867449 257.683790 253.107600 255.940414 259.673138 252.503425 252.964185 253.855273 -9999.0 -9999.0 -9999.0 -9999.0 -9999.0 -9999.0 -9999.0 -9999.0 -9999.0 -9999.0 -9999.0 -9999.0 -9999.0 -9999.0 -9999.0 -9999.0 -9999.0 -9999.0 -9999.0 -9999.0 -9999.0 -9999.0 -9999.0 -9999.0 -9999.0
-9999.0 -9999.0 -9999.0 -9999.0 -9999.0 -9999.0 -9999.0 -9999.0 -9999.0 -9999.0 -9999.0 -9999.0 -9999.0 253.097652 236.173177 228.897071 225.401401 268.353200 287.923063 355.479496 297.315836 228.355346 211.087193 214.608678 227.716839 257.306577 254.885830 261.167907 261.505543 258.505475 255.087614 252.517377 254.578013 251.930588 252.915024 -9999.0 -9999.0 -9999.0 -9999.0 -9999.0 -9999.0 -9999.0 -9999.0 -9999.0 -9999.0 -9999.0 -9999.0 -9999.0 -9999.0 -9999.0 -9999.0 -9999.0 -9999.0 -9999.0 -9999.0 -9999.0 -9999.0 -9999.0 -9999.0 -9999.0 -9999.0
-9999.0 -9999.0 -9999.0 -9999.0 -9999.0 -9999.0 -9999.0 -9999.0 -9999.0 -9999.0 -9999.0 -9999.0 -9999.0 246.270671 249.251876 227.676400 219.164287 247.594351 284.827421 262.621006 231.255161 249.933055 225.065602 261.654689 261.712338 265.984531 261.575054 263.029197 265.033577 258.625849 254.145894 253.490798 255.293030 251.505848 253.359918 -9999.0 -9999.0 -9999.0 -9999.0 -9999.0 -9999.0 -9999.0 -9999.0 -9999.0 -9999.0 -9999.0 -9999.0 -9999.0 -9999.0 -9999.0 -9999.0 -9999.0 -9999.0 -9999.0 -9999.0 -9999.0 -9999.0 -9999.0 -9999.0 -9999.0 -9999.0
-9999.0 -9999.0 -9999.0 -9999.0 -9999.0 -9999.0 -9999.0 -9999.0 -9999.0 -9999.0 -9999.0 -9999.0 250.703396 251.878059 230.656239 243.142438 231.544723 240.851314 284.626392 280.827759 219.796445 254.143232 263.242892 263.655601 245.280440 257.767586 256.927682 262.735589 252.305128 260.877812 258.804502 262.096280 251.585949 256.085508 -9999.0 -9999.0 -9999.0 -9999.0 -9999.0 -9999.0 -9999.0 -9999.0 -9999.0 -9999.0 -9999.0 -9999.0 -9999.0 -9999.0 -9999.0 -9999.0 -9999.0 -9999.0 -9999.0 -9999.0 -9999.0 -9999.0 -9999.0 -9999.0 -9999.0 -9999.0 -9999.0
-9999.0 -9999.0 -9999.0 -9999.0 -9999.0 -9999.0 -9999.0 -9999.0 -9999.0 -9999.0 -9999.0 272.619936 243.854017 235.129375 247.445330 263.687387 251.324710 226.078648 290.108189 275.054714 221.424946 250.568090 262.050147 266.942689 257.487750 265.916401 260.085128 261.577087 247.513424 253.734719 268.378126 239.703579 259.209250 258.016263 257.691965 249.590561 235.382622 226.357738 235.789373 -9999.0 -9999.0 -9999.0 258.357631 -9999.0 -9999.0 -9999.0 -9999.0 -9999.0 -9999.0 -9999.0 -9999.0 -9999.0 -9999.0 -9999.0 -9999.0 -9999.0 -9999.0 -9999.0 -9999.0 -9999.0 -9999.0
-9999.0 -9999.0 -9999.0 -9999.0 -9999.0 -9999.0 -9999.0 -9999.0 -9999.0 -9999.0 -9999.0 263.832901 260.317204 234.486535 249.742517 268.159592 243.733934 245.096835 289.463585 263.748122 239.809003 246.497357 258.912993 265.730280 261.916091 270.209529 264.300206 252.292421 264.900624 258.355317 250.113846 237.954181 242.955304 260.097930 251.177257 215.419833 270.779026 141.578044 136.499796 214.611450 224.822313 245.641373 220.920748 256.518027 -9999.0 -9999.0 -9999.0 272.646916 277.832254 278.669588 279.376903 284.565005 285.536778 287.498226 286.220139 295.417616 -9999.0 -9999.0 -9999.0 -9999.0 -9999.0
-9999.0 -9999.0 -9999.0 -9999.0 -9999.0 -9999.0 -9999.0 -9999.0 -9999.0 -9999.0 -9999.0 266.291480 270.370578 244.822319 263.311253 254.924607 248.232738 235.479965 288.761459 291.256342 234.113151 234.302058 257.321351 260.894486 267.571896 257.416277 258.855803 256.707986 262.219007 265.321872 260.426951 244.186984 247.398115 246.356185 248.550812 217.330579 -nan -nan 88.025849 120.638097 245.237228 247.225234 229.357516 246.571268 257.036771 -9999.0 275.947810 270.281857 268.429274 269.994841 266.313039 261.827244 275.009050 278.898789 279.927219 294.159511 -9999.0 -9999.0 -9999.0 -9999.0 -9999.0
-9999.0 -9999.0 -9999.0 -9999.0 -9999.0 -9999.0 -9999.0 -9999.0 -9999.0 -9999.0 -9999.0 -9999.0 274.298766 263.513482 265.296888 259.967391 237.999818 221.984775 296.951661 302.046446 235.629846 234.762493 249.777119 258.278667 258.510226 257.839435 255.195759 263.703364 268.704183 272.021531 255.195789 238.428480 249.291516 249.818710 237.759894 233.654310 -nan -nan -nan 26.122247 226.377553 282.801287 282.352642 241.618732 260.634486 261.349305 266.462024 269.856097 265.010599 250.667202 230.392063 272.615839 255.565915 280.174355 278.964012 284.592063 294.165408 -9999.0 -9999.0 -9999.0 -9999.0
-9999.0 -9999.0 -9999.0 -9999.0 -9999.0 -9999.0 -9999.0 -9999.0 -9999.0 -9999.0 -9999.0 261.234472 274.312163 275.372937 263.065655 259.342610 239.081898 211.775358 268.275780 105.145190 242.575523 242.828312 239.414526 247.295045 257.278065 249.498397 249.813542 265.457289 261.061809 254.842711 261.265114 246.670433 241.905395 249.479495 238.747726 236.500415 213.728698 -nan -nan 136.341697 239.898834 247.500458 275.598134 269.150941 259.308820 259.806963 265.761424 257.357685 262.301240 231.670072 270.042650 277.966920 278.227612 281.297949 288.820346 288.585376 293.075523 -9999.0 -9999.0 -9999.0 -9999.0
-9999.0 -9999.0 -9999.0 -9999.0 -9999.0 -9999.0 -9999.0 -9999.0 -9999.0 -9999.0 265.496670 262.744929 265.697505 270.507172 262.476225 256.461199 243.625785 224.627706 239.594243 260.163284 276.062323 223.951434 252.752207 262.085247 268.133131 235.629874 261.867933 261.478098 262.508780 254.810900 246.992734 251.983516 254.349407 250.016751 241.821563 243.350697 205.074883 -nan -nan -nan -nan 350.533129 325.791442 -nan 238.219310 254.815481 265.623175 259.066593 260.610969 229.683978 263.896977 282.868919 284.540146 287.392626 291.475301 291.926773 286.925532 -9999.0 -9999.0 -9999.0 -9999.0
-9999.0 -9999.0 -9999.0 -9999.0 -9999.0 -9999.0 -9999.0 -9999.0 -9999.0 276.290888 273.676852 267.363075 257.563236 259.809073 262.333398 260.480166 265.166320 248.467125 277.320859 -nan 287.487921 268.362122 263.553650 308.583975 228.113308 257.293911 254.693332 271.045323 270.365082 259.817159 285.120177 251.954896 251.466604 255.436665 254.593131 247.186892 236.402745 233.834366 227.506002 193.876233 -nan 243.131139 242.702724 -nan 315.692784 269.080270 262.748632 252.564255 261.708577 245.336286 254.758259 277.057652 284.663206 286.858685 289.196304 287.664039 285.187232 285.064006 293.634794 -9999.0 -9999.0
-9999.0 -9999.0 -9999.0 -9999.0 -9999.0 -9999.0 -9999.0 -9999.0 -9999.0 274.475101 277.204113 269.752082 258.383102 262.866522 271.371547 263.680395 262.273962 245.078535 290.127882 336.340327 319.168423 285.491449 225.344447 235.111002 258.100208 252.933822 262.764588 264.493512 284.922080 230.059619 247.497785 247.414185 261.645347 260.375578 251.922936 251.962701 249.146791 235.281426 242.154956 246.517018 246.116588 249.309718 244.483331 251.585996 -nan 331.755488 478.973896 262.136242 265.443381 228.567237 261.144068 275.032062 290.750210 292.843628 285.536855 293.100173 290.008653 278.068475 273.835938 -9999.0 -9999.0
-9999.0 -9999.0 -9999.0 -9999.0 -9999.0 -9999.0 -9999.0 -9999.0 -9999.0 -9999.0 277.038136 269.513886 251.228482 255.055909 255.245472 268.828986 254.370893 253.761856 -nan 319.880394 269.196341 222.543783 240.368329 245.308903 252.354384 278.111914 323.403239 208.624281 242.559995 258.584154 261.676666 250.174604 263.394930 264.638451 247.061508 257.671213 253.728584 237.703448 252.519162 255.010987 248.556951 246.836513 244.878896 255.980283 247.585501 202.236402 228.789002 260.188279 678.263017 259.179787 256.844566 264.778656 278.658917 294.731166 291.946181 287.814765 279.920770 241.384462 258.428814 252.925986 -9999.0
-9999.0 -9999.0 -9999.0 -9999.0 -9999.0 -9999.0 -9999.0 -9999.0 -9999.0 -9999.0 276.758807 274.252403 271.946257 248.495858 264.772940 251.422703 249.566565 290.160281 -nan 236.007609 287.396913 305.277140 300.319683 272.952863 257.594387 254.727770 249.653251 210.320786 253.045405 258.039449 266.433455 263.846289 261.995349 265.867574 262.134648 253.214255 248.921434 232.456250 252.512050 263.408347 266.441795 263.448452 261.324845 264.208149 268.640957 263.659570 256.749005 245.570936 -nan 341.843428 254.163051 266.146800 275.060894 284.231107 281.321746 285.553789 281.506445 267.431296 281.632232 268.835454 -9999.0
-9999.0 -9999.0 -9999.0 -9999.0 -9999.0 -9999.0 -9999.0 -9999.0 264.077019 270.262037 266.697682 270.579080 268.919748 266.666634 247.638224 259.416502 270.498038 320.344358 -nan 125.290020 -nan -nan 282.382795 312.675999 310.273734 -nan 233.340216 254.589223 263.904314 266.305768 265.795959 267.555631 270.529126 271.499065 270.271946 255.675423 262.806207 230.577300 253.060228 267.479889 268.281103 262.109532 266.683451 264.935307 259.631976 261.747791 266.210011 268.054339 205.113859 278.596812 255.351487 236.157166 274.802869 284.894980 281.782139 274.880692 279.465536 261.014027 256.846930 -nan -9999.0
-9999.0 -9999.0 -9999.0 -9999.0 -9999.0 -9999.0 -9999.0 -9999.0 270.753578 262.622789 264.931919 275.756366 270.986669 247.093592 256.397138 211.639544 216.801130 217.626034 119.597976 130.142860 -nan 113.223557 295.837237 284.550845 -nan -nan 220.741632 236.725777 265.806892 269.457216 270.781687 267.190445 269.214221 273.753030 272.765838 268.698474 248.720528 237.228351 258.170369 267.608040 274.204875 265.061246 272.253316 268.725005 254.053827 272.133620 273.192643 272.400595 256.751810 245.985521 292.178311 240.082082 275.315296 277.008053 263.860746 256.875800 256.219779 250.696004 349.761214 -nan -nan
-9999.0 -9999.0 -9999.0 -9999.0 -9999.0 -9999.0 -9999.0 -9999.0 270.790306 259.525038 264.955042 269.660328 263.677479 271.563267 274.302878 278.888559 264.931871 301.755811 -nan -nan -nan 124.536610 110.524419 -nan 110.325110 239.882713 209.841607 243.447454 255.244155 256.569439 263.101858 258.782136 256.790987 255.410529 272.492162 256.402605 269.245773 225.769771 261.210789 271.163588 276.392495 274.216190 277.114200 272.094425 272.019947 275.888732 274.072348 277.840436 269.175195 203.196686 -nan 267.878299 260.496053 269.120898 249.864379 269.989850 274.947081 275.871919 -nan -nan -nan
-9999.0 -9999.0 -9999.0 -9999.0 -9999.0 -9999.0 -9999.0 -9999.0 270.524289 264.626170 249.432205 257.949330 267.926977 272.037064 260.567436 265.041833 -nan -nan 243.965159 -nan -nan -nan -nan 296.280488 243.307672 207.053971 242.183744 258.690621 260.061725 273.379199 258.969919 260.438052 266.900624 252.462389 264.186345 257.936956 254.085630 226.090939 248.635685 269.082458 271.147001 275.226580 272.005309 259.956108 276.775996 271.573726 269.810494 265.213701 266.132062 255.026955 213.634745 -nan 247.791131 252.645996 274.261502 272.580892 -nan -nan -nan -nan 358.087728
-9999.0 -9999.0 -9999.0 -9999.0 -9999.0 -9999.0 -9999.0 -9999.0 265.737336 265.384469 251.749638 264.726185 269.338194 286.196527 289.909006 356.924498 315.161869 224.585968 206.213721 229.699778 -nan -nan -nan -nan 279.901426 246.176418 262.968766 254.906912 274.033901 255.534159 245.321388 250.200718 270.596235 246.792625 253.181110 252.780192 249.948052 239.816162 248.342627 247.305659 263.233553 265.183376 257.610315 264.229359 259.499833 263.308199 259.126751 256.406474 251.038211 247.551235 306.571898 328.573646 -nan 245.668217 -nan -nan -nan -nan -nan -nan 288.790441
-9999.0 -9999.0 263.858647 265.140147 271.997859 264.728226 258.909554 266.363107 266.521693 275.105320 255.354425 251.564544 241.182888 267.244389 391.911684 259.071937 204.849014 258.554201 257.889873 207.623936 224.457394 -nan -nan -nan 276.026711 233.364322 290.584363 259.341489 224.238719 253.713243 247.209603 242.580149 253.970012 253.782665 263.362283 268.904040 255.888531 268.180208 254.150011 247.450517 263.865225 275.493087 253.007628 253.963628 252.292494 250.904867 259.306922 272.102967 351.479023 -nan -nan -nan -nan -nan -nan 109.690746 -nan -nan 323.593839 264.746414 252.860333
-9999.0 261.846407 268.722275 264.674101 263.778030 259.514547 266.220416 274.056182 276.836227 278.694187 269.963583 253.664683 258.704049 279.734644 263.757970 237.561775 261.951444 270.059515 267.387839 223.472240 242.611277 -nan 113.752856 -nan 110.770056 297.850598 259.584263 271.689496 495.964154 238.999487 213.941505 278.842403 254.656402 252.150178 259.598381 236.268696 241.159681 232.913952 226.192668 227.766345 224.572084 285.472865 305.457311 265.622036 248.639585 240.102096 322.817354 -nan -nan -nan -nan -nan -nan -nan -nan 253.302350 250.210244 246.102271 246.931163 246.752860 262.684481
