user2019/resources/simulation/Vinschgau/output-maps/SWEDENSITYN0225.asc
ncols         63
nrows         48
xllcorner     598000.000000
yllcorner     5145000.000000
cellsize      1000.000000
NODATA_value  -9999.0
[rows 0 to 26 of 48, columns 0 to 61 of 63]
-9999.0 -9999.0 -9999.0 -9999.0 -9999.0 -9999.0 -9999.0 -9999.0 -9999.0 -9999.0 -9999.0 -9999.0 -9999.0 -9999.0 -9999.0 -9999.0 -9999.0 -9999.0 -9999.0 -9999.0 -9999.0 -9999.0 -9999.0 -9999.0 -9999.0 -9999.0 -9999.0 -9999.0 -9999.0 -9999.0 -9999.0 -9999.0 -9999.0 -9999.0 -9999.0 -9999.0 -9999.0 -9999.0 -9999.0 -9999.0 -9999.0 -9999.0 -9999.0 -9999.0 -9999.0 -9999.0 -9999.0 -9999.0 -9999.0 -9999.0 -9999.0 -9999.0 -9999.0 -9999.0 -9999.0 -9999.0 -9999.0 -9999.0 -9999.0 -9999.0 -9999.0 -9999.0
-9999.0 -9999.0 -9999.0 -9999.0 -9999.0 -9999.0 -9999.0 -9999.0 -9999.0 -9999.0 -9999.0 -9999.0 -9999.0 -9999.0 -9999.0 -9999.0 -9999.0 -9999.0 -9999.0 -9999.0 -9999.0 -9999.0 -9999.0 -9999.0 -9999.0 -9999.0 -9999.0 363.823245 374.854749 372.002996 344.574099 331.893188 325.732365 -9999.0 -9999.0 -9999.0 -9999.0 -9999.0 -9999.0 -9999.0 -9999.0 -9999.0 -9999.0 -9999.0 -9999.0 -9999.0 -9999.0 -9999.0 -9999.0 -9999.0 -9999.0 -9999.0 -9999.0 -9999.0 -9999.0 -9999.0 -9999.0 -9999.0 -9999.0 -9999.0 -9999.0 -9999.0
-9999.0 -9999.0 -9999.0 -9999.0 -9999.0 -9999.0 -9999.0 -9999.0 -9999.0 -9999.0 -9999.0 -9999.0 -9999.0 -9999.0 -9999.0 -9999.0 -9999.0 -9999.0 -9999.0 -9999.0 -9999.0 -9999.0 -9999.0 -9999.0 363.653877 386.260424 394.760300 376.548251 387.313575 372.453135 345.370698 -9999.0 -9999.0 -9999.0 -9999.0 -9999.0 -9999.0 -9999.0 -9999.0 -9999.0 -9999.0 -9999.0 -9999.0 -9999.0 -9999.0 -9999.0 -9999.0 -9999.0 -9999.0 -9999.0 -9999.0 -9999.0 -9999.0 -9999.0 -9999.0 -9999.0 -9999.0 -9999.0 -9999.0 -9999.0 -9999.0 -9999.0
-9999.0 -9999.0 -9999.0 -9999.0 -9999.0 -9999.0 -9999.0 -9999.0 -9999.0 -9999.0 -9999.0 -9999.0 -9999.0 -9999.0 -9999.0 -9999.0 -9999.0 -9999.0 -9999.0 -9999.0 -9999.0 -9999.0 -9999.0 372.271892 415.628228 481.828790 518.968069 535.856082 490.384656 373.468247 371.857854 355.631497 -9999.0 -9999.0 -9999.0 -9999.0 -9999.0 -9999.0 -9999.0 -9999.0 -9999.0 -9999.0 -9999.0 -9999.0 -9999.0 -9999.0 -9999.0 -9999.0 -9999.0 -9999.0 -9999.0 -9999.0 -9999.0 -9999.0 -9999.0 -9999.0 -9999.0 -9999.0 -9999.0 -9999.0 -9999.0 -9999.0
-9999.0 -9999.0 -9999.0 -9999.0 -9999.0 -9999.0 -9999.0 -9999.0 -9999.0 -9999.0 -9999.0 -9999.0 -9999.0 -9999.0 -9999.0 -9999.0 -9999.0 -9999.0 464.933484 442.773255 -9999.0 361.455821 387.004535 461.387987 589.207272 700.000000 311.409886 313.280999 700.000000 432.973747 390.267398 368.560495 382.319199 370.615841 -9999.0 -9999.0 -9999.0 -9999.0 -9999.0 -9999.0 -9999.0 -9999.0 -9999.0 -9999.0 -9999.0 -9999.0 -9999.0 -9999.0 -9999.0 -9999.0 -9999.0 -9999.0 -9999.0 -9999.0 -9999.0 -9999.0 -9999.0 -9999.0 -9999.0 -9999.0 -9999.0 -9999.0
-9999.0 -9999.0 -9999.0 -9999.0 -9999.0 -9999.0 -9999.0 -9999.0 -9999.0 -9999.0 -9999.0 -9999.0 -9999.0 -9999.0 -9999.0 -9999.0 -9999.0 -nan 700.000000 479.239939 388.394776 412.212809 449.820310 625.131807 700.000000 307.288663 318.838777 326.786895 322.952072 313.528703 420.415304 370.995690 422.709709 384.100442 353.679306 329.326729 -9999.0 -9999.0 -9999.0 -9999.0 -9999.0 -9999.0 -9999.0 -9999.0 -9999.0 -9999.0 -9999.0 -9999.0 -9999.0 -9999.0 -9999.0 -9999.0 -9999.0 -9999.0 -9999.0 -9999.0 -9999.0 -9999.0 -9999.0 -9999.0 -9999.0 -9999.0
-9999.0 -9999.0 -9999.0 -9999.0 -9999.0 -9999.0 -9999.0 -9999.0 -9999.0 -9999.0 -9999.0 -9999.0 -9999.0 344.414796 373.514503 651.451419 443.255886 645.467940 -nan 555.476732 699.983369 644.917936 700.000000 700.000000 312.386445 322.482687 327.126924 327.813360 320.538372 320.624980 317.860124 315.348756 328.695688 310.332197 314.849400 319.655936 -9999.0 -9999.0 -9999.0 -9999.0 -9999.0 -9999.0 -9999.0 -9999.0 -9999.0 -9999.0 -9999.0 -9999.0 -9999.0 -9999.0 -9999.0 -9999.0 -9999.0 -9999.0 -9999.0 -9999.0 -9999.0 -9999.0 -9999.0 -9999.0 -9999.0 -9999.0
-9999.0 -9999.0 -9999.0 -9999.0 -9999.0 -9999.0 -9999.0 -9999.0 -9999.0 -9999.0 -9999.0 -9999.0 -9999.0 362.725650 426.316443 338.967129 310.785985 532.416873 693.810130 699.999929 698.174450 274.799794 287.791389 292.628619 327.525244 347.467897 354.327864 327.098433 325.731304 321.125573 321.449568 310.661945 316.430963 310.845696 313.325791 -9999.0 -9999.0 -9999.0 -9999.0 -9999.0 -9999.0 -9999.0 -9999.0 -9999.0 -9999.0 -9999.0 -9999.0 -9999.0 -9999.0 -9999.0 -9999.0 -9999.0 -9999.0 -9999.0 -9999.0 -9999.0 -9999.0 -9999.0 -9999.0 -9999.0 -9999.0 -9999.0
-9999.0 -9999.0 -9999.0 -9999.0 -9999.0 -9999.0 -9999.0 -9999.0 -9999.0 -9999.0 -9999.0 -9999.0 -9999.0 400.125351 531.260410 300.395061 303.175383 413.484182 667.739471 699.850567 327.811846 301.952186 295.077876 321.830384 332.186234 332.045806 360.395080 328.565010 368.538338 320.399232 314.093594 313.185511 316.547050 312.191168 316.184733 -9999.0 -9999.0 -9999.0 -9999.0 -9999.0 -9999.0 -9999.0 -9999.0 -9999.0 -9999.0 -9999.0 -9999.0 -9999.0 -9999.0 -9999.0 -9999.0 -9999.0 -9999.0 -9999.0 -9999.0 -9999.0 -9999.0 -9999.0 -9999.0 -9999.0 -9999.0 -9999.0
-9999.0 -9999.0 -9999.0 -9999.0 -9999.0 -9999.0 -9999.0 -9999.0 -9999.0 -9999.0 -9999.0 -9999.0 369.614567 493.584354 298.328976 315.272788 306.619967 393.015388 697.379956 696.475524 302.262856 314.850579 325.108854 325.476729 329.960000 317.088473 320.515071 346.185077 364.494073 323.240628 319.469684 370.380439 353.810517 329.048875 -9999.0 -9999.0 -9999.0 -9999.0 -9999.0 -9999.0 -9999.0 -9999.0 -9999.0 -9999.0 -9999.0 -9999.0 -9999.0 -9999.0 -9999.0 -9999.0 -9999.0 -9999.0 -9999.0 -9999.0 -9999.0 -9999.0 -9999.0 -9999.0 -9999.0 -9999.0 -9999.0 -9999.0
-9999.0 -9999.0 -9999.0 -9999.0 -9999.0 -9999.0 -9999.0 -9999.0 -9999.0 -9999.0 -9999.0 338.716246 318.929235 335.806719 320.395223 327.390675 310.166862 354.374879 698.313207 614.095660 473.238425 487.378268 334.990495 329.612741 326.068009 337.589340 317.176379 358.557469 350.767978 314.794506 351.683880 365.998026 347.616790 341.657140 349.167351 362.128155 385.089771 402.746887 477.796708 -9999.0 -9999.0 -9999.0 351.575579 -9999.0 -9999.0 -9999.0 -9999.0 -9999.0 -9999.0 -9999.0 -9999.0 -9999.0 -9999.0 -9999.0 -9999.0 -9999.0 -9999.0 -9999.0 -9999.0 -9999.0 -9999.0 -9999.0
-9999.0 -9999.0 -9999.0 -9999.0 -9999.0 -9999.0 -9999.0 -9999.0 -9999.0 -9999.0 -9999.0 333.983904 326.005037 314.935679 334.086036 324.724390 355.255456 501.625622 696.545996 643.780473 535.516049 390.600526 338.666957 339.247649 326.650105 339.091146 366.400415 364.259776 332.560622 329.355132 366.991468 352.793178 367.819432 332.292511 334.961695 339.468770 -nan -nan -nan 349.005839 447.197460 350.159795 385.024400 343.982732 -9999.0 -9999.0 -9999.0 375.284378 376.125016 379.420130 390.466236 390.383372 383.969302 393.051391 392.612470 391.876022 -9999.0 -9999.0 -9999.0 -9999.0 -9999.0 -9999.0
-9999.0 -9999.0 -9999.0 -9999.0 -9999.0 -9999.0 -9999.0 -9999.0 -9999.0 -9999.0 -9999.0 348.746812 330.296307 315.083162 336.056671 331.063619 371.312693 380.147975 699.343772 700.000000 560.376387 402.550298 445.082098 359.588901 327.365846 359.551187 426.291281 325.630726 329.329625 340.057910 325.411275 337.015112 383.123117 327.147059 330.727657 375.490570 -nan -nan -nan -nan 363.963564 413.429414 461.394310 381.155079 353.789405 -9999.0 355.609406 366.468233 390.281051 418.683194 438.664470 437.103221 426.412578 411.309011 402.434512 395.197852 -9999.0 -9999.0 -9999.0 -9999.0 -9999.0 -9999.0
-9999.0 -9999.0 -9999.0 -9999.0 -9999.0 -9999.0 -9999.0 -9999.0 -9999.0 -9999.0 -9999.0 -9999.0 337.864341 334.587543 383.599304 353.857899 370.832201 344.554467 700.000000 700.000000 594.394047 420.301772 506.143153 436.587042 349.199867 416.043552 465.641380 324.898483 336.078003 365.283737 368.047209 346.311034 351.432252 334.091327 292.336162 300.647838 -nan -nan -nan -nan 406.507223 697.728518 675.684706 533.602556 391.284479 374.044697 378.601134 363.469311 370.247037 426.130887 416.989520 339.474326 401.318193 349.714125 351.059974 358.835695 384.484905 -9999.0 -9999.0 -9999.0 -9999.0 -9999.0
-9999.0 -9999.0 -9999.0 -9999.0 -9999.0 -9999.0 -9999.0 -9999.0 -9999.0 -9999.0 -9999.0 363.497425 335.160813 340.083977 415.832065 414.797734 378.049682 292.792350 599.265759 -nan 673.000825 552.064384 311.235234 369.216158 400.015462 458.382770 325.999077 325.166154 362.487003 360.930961 439.947304 396.794260 410.418989 336.051543 291.206678 299.782227 257.696459 -nan -nan -nan 699.999731 -nan 691.092565 700.000000 676.510491 362.480035 381.686638 396.611605 393.354705 398.079505 341.187460 347.469726 351.247136 350.366440 360.731688 360.166564 381.990936 -9999.0 -9999.0 -9999.0 -9999.0 -9999.0
-9999.0 -9999.0 -9999.0 -9999.0 -9999.0 -9999.0 -9999.0 -9999.0 -9999.0 -9999.0 335.371128 368.449639 379.654095 351.817717 363.406742 473.028498 302.656045 295.469551 502.981282 699.837157 699.154963 355.647367 479.703227 467.242768 563.510461 307.967957 325.941688 359.247405 427.018570 449.719922 539.059789 318.495031 314.290786 313.322637 299.518737 306.337230 390.944667 -nan -nan -nan -nan 427.445329 394.204629 -nan 698.624691 398.624124 383.209343 516.471610 696.820862 447.720388 387.281509 358.850597 356.261520 359.799050 365.877844 388.037391 387.136423 -9999.0 -9999.0 -9999.0 -9999.0 -9999.0
-9999.0 -9999.0 -9999.0 -9999.0 -9999.0 -9999.0 -9999.0 -9999.0 -9999.0 341.427012 339.579139 334.578630 494.579968 375.028127 386.848565 330.754188 323.208219 395.500045 698.519807 -nan 700.000000 700.000000 699.991854 700.000000 292.940950 322.138917 403.121117 472.478943 692.952174 698.730877 700.000000 319.496739 308.903788 311.441391 342.853461 310.828518 287.284883 315.210678 280.438348 286.659504 -nan 301.791795 310.207754 -nan 699.954639 700.000000 699.920731 525.247401 421.173835 687.520720 418.823615 365.776826 357.233354 371.150766 376.435754 379.340343 390.696323 402.725449 392.811190 -9999.0 -9999.0 -9999.0
-9999.0 -9999.0 -9999.0 -9999.0 -9999.0 -9999.0 -9999.0 -9999.0 -9999.0 339.226931 339.128871 331.574490 595.413500 487.984276 412.348019 370.668591 383.461288 548.119692 699.126376 -nan -nan -nan 310.832710 349.093329 317.221435 439.228915 566.418727 699.995251 700.000000 290.420902 326.443268 362.774214 325.701854 341.958248 369.721667 405.970008 369.586583 358.148146 297.500146 298.577034 303.958592 306.537512 518.778924 344.994457 -nan -nan -nan 700.000000 700.000000 421.945445 380.301928 393.351196 372.990472 373.653830 357.723823 374.442570 379.667298 439.476936 418.071576 -9999.0 -9999.0 -9999.0
-9999.0 -9999.0 -9999.0 -9999.0 -9999.0 -9999.0 -9999.0 -9999.0 -9999.0 -9999.0 344.387038 332.546217 312.649736 699.620272 525.438282 420.602312 413.313413 698.140711 -nan -nan 575.050665 422.037327 314.336864 324.285068 415.000728 696.286236 700.000000 -nan 312.532281 312.930270 316.605898 325.433210 325.485755 325.383425 368.322464 432.732839 444.339478 400.020750 355.591267 312.320931 305.953157 363.468021 314.388873 317.417530 307.473608 271.967670 317.274984 336.683554 -nan 699.899998 449.620964 417.661789 381.453147 379.657220 370.087671 365.442224 353.321245 575.132230 689.857418 550.398295 -9999.0 -9999.0
-9999.0 -9999.0 -9999.0 -9999.0 -9999.0 -9999.0 -9999.0 -9999.0 -9999.0 -9999.0 342.781837 336.980298 330.424864 319.278803 696.952701 699.286238 583.775715 700.000000 -nan -nan -nan 699.972288 700.000000 546.122714 566.383163 -nan -nan 322.299449 321.662713 313.230127 325.367910 330.609033 362.708798 335.476887 328.695265 309.286399 566.991726 401.929521 379.352782 332.154065 351.013390 342.355943 325.361083 328.192356 335.179281 331.695769 323.724176 315.345114 -nan 698.965628 700.000000 404.418961 400.729928 381.490175 380.068473 388.357823 354.417750 354.361420 2.404354 -nan -9999.0 -9999.0
-9999.0 -9999.0 -9999.0 -9999.0 -9999.0 -9999.0 -9999.0 -9999.0 405.124878 386.530053 352.736802 329.854434 327.834853 333.320462 313.273530 688.432040 676.993638 -nan -nan -nan -nan -nan -nan 700.000000 700.000000 -nan 666.980253 313.609323 333.277759 340.023291 323.276410 328.570018 338.584360 346.809301 352.730374 314.767686 331.538685 395.032732 370.759087 365.923219 336.946279 325.707352 331.357794 331.114567 378.322401 339.390667 334.758482 337.854162 291.220286 -nan 700.000000 455.186107 389.803107 379.584869 392.676019 428.466219 404.276477 447.860122 700.000000 -nan -9999.0 -9999.0
-9999.0 -9999.0 -9999.0 -9999.0 -9999.0 -9999.0 -9999.0 -9999.0 331.989092 412.768898 366.317758 332.223011 327.924520 310.836065 329.493164 293.270397 375.922406 315.427047 -nan -nan -nan -nan -nan -nan -nan -nan 686.912543 343.920312 329.483545 357.075724 355.576623 385.807673 353.993695 364.103863 361.769334 372.913151 401.239020 427.156583 384.107714 377.987937 350.295614 330.365543 342.411326 375.621368 404.746645 348.715852 345.942199 344.339313 330.411298 379.509506 699.999990 487.680556 390.816771 396.630842 498.171152 642.862925 612.201245 700.000000 -nan -nan -nan -9999.0
-9999.0 -9999.0 -9999.0 -9999.0 -9999.0 -9999.0 -9999.0 -9999.0 333.094270 331.340441 410.921222 348.746280 353.270331 328.495582 428.624492 578.141518 699.297548 699.371783 -nan -nan -nan -nan -nan -nan -nan 584.878633 408.094438 326.375396 368.052556 378.473463 374.376943 411.555098 380.845916 404.491276 369.843525 470.318157 348.119416 495.015363 376.550990 372.703500 362.132878 362.718631 366.651816 347.025731 343.337506 347.342858 376.867537 375.746094 339.970305 304.637748 -nan 699.999714 531.167262 460.805804 700.000000 700.000000 -nan -nan -nan -nan -nan -9999.0
-9999.0 -9999.0 -9999.0 -9999.0 -9999.0 -9999.0 -9999.0 -9999.0 331.369768 337.521277 452.082968 376.326064 403.032683 437.348545 563.065458 700.000000 -nan -nan -nan -nan -nan -nan -nan -nan 589.991630 371.173640 324.516763 416.211480 472.977246 562.365545 416.857733 404.630656 664.531498 579.731872 369.985276 388.791224 391.433572 585.755856 419.732153 389.603151 375.506950 393.144549 394.289006 410.894568 381.016476 382.346262 401.601913 405.351087 405.278133 492.796353 304.528468 -nan -nan 699.999957 -nan -nan -nan -nan -nan -nan -nan 382.507825
-9999.0 -9999.0 -9999.0 -9999.0 -9999.0 -9999.0 -9999.0 -9999.0 347.944145 340.325170 345.133952 497.718243 609.346775 700.000000 700.000000 -nan 541.008967 308.378924 276.132161 331.336990 -nan -nan -nan -nan 700.000000 684.433862 517.252394 506.324087 699.731445 697.399821 401.446140 463.973437 699.957464 458.754679 452.330908 449.940675 511.390405 700.000000 700.000000 442.561607 458.745055 502.608882 600.768208 539.112648 400.745404 415.873969 502.988618 695.614199 618.779322 700.000000 691.723209 -nan -nan -nan -nan -nan -nan -nan -nan -nan 687.875021 386.178138
-9999.0 -9999.0 376.838389 366.639570 352.322177 371.618002 373.979599 375.758020 377.282046 347.958719 337.641869 700.000000 627.506435 700.000000 19.738168 431.612426 283.978181 318.739210 322.923095 300.331553 368.349532 -nan -nan -nan -nan 680.013851 700.000000 700.000000 -nan 700.000000 559.579398 499.140874 700.000000 700.000000 699.999974 700.000000 699.999991 699.999611 700.000000 584.467463 700.000000 700.000000 700.000000 700.000000 551.486167 599.952780 699.626519 699.740175 -nan -nan -nan -nan -nan -nan -nan -nan -nan -nan 552.765887 465.830731 369.234748 381.912209
-9999.0 410.711944 430.059987 414.197541 408.337729 395.388678 344.166295 347.299161 352.743308 349.428047 344.908242 359.489160 655.812144 665.548925 459.785832 324.137758 332.534490 344.715578 427.223605 472.707047 697.442538 -nan -nan -nan -nan -nan -nan -nan -nan -nan -nan 700.000000 700.000000 -nan -nan -nan -nan -nan -nan -nan -nan -nan -nan 700.000000 699.022782 -nan -nan -nan -nan -nan -nan -nan -nan -nan -nan 470.877456 357.667673 334.667228 341.562348 330.457027 356.443069 403.414008
