user2019/resources/simulation/Vinschgau/output-maps/SWEDENSITYN0216.asc
ncols         63
nrows         48
xllcorner     598000.000000
yllcorner     5145000.000000
cellsize      1000.000000
NODATA_value  -9999.0
[rows 0 to 26 of 48, columns 0 to 61 of 63]
-9999.0 -9999.0 -9999.0 -9999.0 -9999.0 -9999.0 -9999.0 -9999.0 -9999.0 -9999.0 -9999.0 -9999.0 -9999.0 -9999.0 -9999.0 -9999.0 -9999.0 -9999.0 -9999.0 -9999.0 -9999.0 -9999.0 -9999.0 -9999.0 -9999.0 -9999.0 -9999.0 -9999.0 -9999.0 -9999.0 -9999.0 -9999.0 -9999.0 -9999.0 -9999.0 -9999.0 -9999.0 -9999.0 -9999.0 -9999.0 -9999.0 -9999.0 -9999.0 -9999.0 -9999.0 -9999.0 -9999.0 -9999.0 -9999.0 -9999.0 -9999.0 -9999.0 -9999.0 -9999.0 -9999.0 -9999.0 -9999.0 -9999.0 -9999.0 -9999.0 -9999.0 -9999.0
-9999.0 -9999.0 -9999.0 -9999.0 -9999.0 -9999.0 -9999.0 -9999.0 -9999.0 -9999.0 -9999.0 -9999.0 -9999.0 -9999.0 -9999.0 -9999.0 -9999.0 -9999.0 -9999.0 -9999.0 -9999.0 -9999.0 -9999.0 -9999.0 -9999.0 -9999.0 -9999.0 351.034818 358.134569 352.643328 330.042436 324.174651 318.276773 -9999.0 -9999.0 -9999.0 -9999.0 -9999.0 -9999.0 -9999.0 -9999.0 -9999.0 -9999.0 -9999.0 -9999.0 -9999.0 -9999.0 -9999.0 -9999.0 -9999.0 -9999.0 -9999.0 -9999.0 -9999.0 -9999.0 -9999.0 -9999.0 -9999.0 -9999.0 -9999.0 -9999.0 -9999.0
-9999.0 -9999.0 -9999.0 -9999.0 -9999.0 -9999.0 -9999.0 -9999.0 -9999.0 -9999.0 -9999.0 -9999.0 -9999.0 -9999.0 -9999.0 -9999.0 -9999.0 -9999.0 -9999.0 -9999.0 -9999.0 -9999.0 -9999.0 -9999.0 348.699150 361.808657 360.400210 349.869454 356.510475 347.074421 336.291578 -9999.0 -9999.0 -9999.0 -9999.0 -9999.0 -9999.0 -9999.0 -9999.0 -9999.0 -9999.0 -9999.0 -9999.0 -9999.0 -9999.0 -9999.0 -9999.0 -9999.0 -9999.0 -9999.0 -9999.0 -9999.0 -9999.0 -9999.0 -9999.0 -9999.0 -9999.0 -9999.0 -9999.0 -9999.0 -9999.0 -9999.0
-9999.0 -9999.0 -9999.0 -9999.0 -9999.0 -9999.0 -9999.0 -9999.0 -9999.0 -9999.0 -9999.0 -9999.0 -9999.0 -9999.0 -9999.0 -9999.0 -9999.0 -9999.0 -9999.0 -9999.0 -9999.0 -9999.0 -9999.0 348.602084 375.898841 422.382041 437.314730 446.372455 411.336722 347.174820 353.441685 341.522292 -9999.0 -9999.0 -9999.0 -9999.0 -9999.0 -9999.0 -9999.0 -9999.0 -9999.0 -9999.0 -9999.0 -9999.0 -9999.0 -9999.0 -9999.0 -9999.0 -9999.0 -9999.0 -9999.0 -9999.0 -9999.0 -9999.0 -9999.0 -9999.0 -9999.0 -9999.0 -9999.0 -9999.0 -9999.0 -9999.0
-9999.0 -9999.0 -9999.0 -9999.0 -9999.0 -9999.0 -9999.0 -9999.0 -9999.0 -9999.0 -9999.0 -9999.0 -9999.0 -9999.0 -9999.0 -9999.0 -9999.0 -9999.0 397.840877 396.351258 -9999.0 345.462295 358.662421 409.525575 482.565681 683.045136 303.745419 307.619810 676.424497 381.087724 357.802446 351.960707 359.001734 353.014145 -9999.0 -9999.0 -9999.0 -9999.0 -9999.0 -9999.0 -9999.0 -9999.0 -9999.0 -9999.0 -9999.0 -9999.0 -9999.0 -9999.0 -9999.0 -9999.0 -9999.0 -9999.0 -9999.0 -9999.0 -9999.0 -9999.0 -9999.0 -9999.0 -9999.0 -9999.0 -9999.0 -9999.0
-9999.0 -9999.0 -9999.0 -9999.0 -9999.0 -9999.0 -9999.0 -9999.0 -9999.0 -9999.0 -9999.0 -9999.0 -9999.0 -9999.0 -9999.0 -9999.0 -9999.0 -nan 673.862584 406.502385 359.211548 376.683301 402.228281 494.600738 684.466230 287.562170 313.517093 320.333911 313.387966 307.644473 371.290278 343.193258 379.478581 361.001349 341.183451 321.592498 -9999.0 -9999.0 -9999.0 -9999.0 -9999.0 -9999.0 -9999.0 -9999.0 -9999.0 -9999.0 -9999.0 -9999.0 -9999.0 -9999.0 -9999.0 -9999.0 -9999.0 -9999.0 -9999.0 -9999.0 -9999.0 -9999.0 -9999.0 -9999.0 -9999.0 -9999.0
-9999.0 -9999.0 -9999.0 -9999.0 -9999.0 -9999.0 -9999.0 -9999.0 -9999.0 -9999.0 -9999.0 -9999.0 -9999.0 329.728544 346.519274 489.129372 378.115959 518.383985 -nan 449.277346 610.727967 528.320352 608.507219 619.431759 295.103891 314.752851 319.593911 321.920946 315.838331 315.966051 311.373099 310.290732 318.960223 305.452550 307.516478 312.061242 -9999.0 -9999.0 -9999.0 -9999.0 -9999.0 -9999.0 -9999.0 -9999.0 -9999.0 -9999.0 -9999.0 -9999.0 -9999.0 -9999.0 -9999.0 -9999.0 -9999.0 -9999.0 -9999.0 -9999.0 -9999.0 -9999.0 -9999.0 -9999.0 -9999.0 -9999.0
-9999.0 -9999.0 -9999.0 -9999.0 -9999.0 -9999.0 -9999.0 -9999.0 -9999.0 -9999.0 -9999.0 -9999.0 -9999.0 341.191552 378.105302 305.822633 289.989972 440.566968 551.719959 673.555851 674.358936 270.183241 271.596054 277.715710 303.700101 329.915131 335.797670 319.442246 320.704092 315.708994 313.851310 305.903231 309.916793 305.847590 307.573045 -9999.0 -9999.0 -9999.0 -9999.0 -9999.0 -9999.0 -9999.0 -9999.0 -9999.0 -9999.0 -9999.0 -9999.0 -9999.0 -9999.0 -9999.0 -9999.0 -9999.0 -9999.0 -9999.0 -9999.0 -9999.0 -9999.0 -9999.0 -9999.0 -9999.0 -9999.0 -9999.0
-9999.0 -9999.0 -9999.0 -9999.0 -9999.0 -9999.0 -9999.0 -9999.0 -9999.0 -9999.0 -9999.0 -9999.0 -9999.0 369.178610 443.995899 284.553668 283.955718 367.820842 549.428090 625.199758 297.005572 295.413246 282.474308 313.902546 320.413989 322.299318 337.896328 321.341706 347.552408 315.146140 308.498746 308.324798 311.383611 307.135995 308.586071 -9999.0 -9999.0 -9999.0 -9999.0 -9999.0 -9999.0 -9999.0 -9999.0 -9999.0 -9999.0 -9999.0 -9999.0 -9999.0 -9999.0 -9999.0 -9999.0 -9999.0 -9999.0 -9999.0 -9999.0 -9999.0 -9999.0 -9999.0 -9999.0 -9999.0 -9999.0 -9999.0
-9999.0 -9999.0 -9999.0 -9999.0 -9999.0 -9999.0 -9999.0 -9999.0 -9999.0 -9999.0 -9999.0 -9999.0 351.889067 424.485633 284.223158 301.218861 293.464041 353.471325 642.983373 553.446819 284.247802 306.535776 315.555655 318.515116 309.524778 308.960013 312.392172 330.249598 339.937312 316.844621 314.103422 355.764941 329.928139 317.671040 -9999.0 -9999.0 -9999.0 -9999.0 -9999.0 -9999.0 -9999.0 -9999.0 -9999.0 -9999.0 -9999.0 -9999.0 -9999.0 -9999.0 -9999.0 -9999.0 -9999.0 -9999.0 -9999.0 -9999.0 -9999.0 -9999.0 -9999.0 -9999.0 -9999.0 -9999.0 -9999.0 -9999.0
-9999.0 -9999.0 -9999.0 -9999.0 -9999.0 -9999.0 -9999.0 -9999.0 -9999.0 -9999.0 -9999.0 328.091427 307.206332 308.142004 307.166436 317.666185 300.119385 325.300308 642.733354 481.104274 393.721969 415.107491 320.395352 320.104973 314.047630 325.788462 311.617303 343.099618 328.199039 308.227349 337.454797 343.115544 332.928020 328.481739 335.054580 335.221374 350.915001 396.053772 421.660843 -9999.0 -9999.0 -9999.0 334.628047 -9999.0 -9999.0 -9999.0 -9999.0 -9999.0 -9999.0 -9999.0 -9999.0 -9999.0 -9999.0 -9999.0 -9999.0 -9999.0 -9999.0 -9999.0 -9999.0 -9999.0 -9999.0 -9999.0
-9999.0 -9999.0 -9999.0 -9999.0 -9999.0 -9999.0 -9999.0 -9999.0 -9999.0 -9999.0 -9999.0 322.498940 315.778744 296.953734 319.622162 316.229114 335.889150 429.258741 643.495716 494.747960 433.249843 353.089536 321.540695 325.721192 316.073753 328.122740 351.378327 338.641371 319.376139 319.958556 349.370796 328.236685 344.191281 318.602926 323.021380 311.616841 344.108583 -nan -nan 313.844619 414.342679 335.309887 350.561915 327.926783 -9999.0 -9999.0 -9999.0 363.096453 361.819392 367.681354 371.547913 377.736706 370.899018 379.721009 377.690511 378.648161 -9999.0 -9999.0 -9999.0 -9999.0 -9999.0 -9999.0
-9999.0 -9999.0 -9999.0 -9999.0 -9999.0 -9999.0 -9999.0 -9999.0 -9999.0 -9999.0 -9999.0 333.038554 321.446500 304.478682 323.801054 317.668914 348.504751 341.597015 615.397132 645.292927 438.737064 356.015131 396.018265 338.774628 319.105719 343.601693 381.196355 312.102052 318.608066 327.701373 316.165650 320.907566 349.667990 312.727861 317.572743 360.965277 -nan -nan -nan -nan 351.162350 377.546516 397.490916 350.829903 338.762784 -9999.0 348.088136 353.878088 368.952074 384.977039 398.766945 398.913516 395.997663 387.340351 384.499089 381.267787 -9999.0 -9999.0 -9999.0 -9999.0 -9999.0 -9999.0
-9999.0 -9999.0 -9999.0 -9999.0 -9999.0 -9999.0 -9999.0 -9999.0 -9999.0 -9999.0 -9999.0 -9999.0 326.973042 321.877995 356.891404 340.374589 349.819745 307.946365 659.923262 644.142562 455.964024 371.562217 427.919408 387.034318 329.455358 381.156330 401.021153 314.305947 325.409512 345.956446 351.164074 325.979644 329.684238 316.969728 285.351842 291.633206 -nan -nan -nan -nan 396.180062 599.780371 577.751859 421.309696 363.300355 357.452536 361.150940 352.611564 356.284291 384.667771 359.648937 333.749011 359.571719 343.486521 344.228224 352.155352 372.469792 -9999.0 -9999.0 -9999.0 -9999.0 -9999.0
-9999.0 -9999.0 -9999.0 -9999.0 -9999.0 -9999.0 -9999.0 -9999.0 -9999.0 -9999.0 -9999.0 344.353426 326.294292 329.799725 379.193713 383.864570 351.624021 273.469187 474.482884 -nan 521.999703 449.026948 296.243635 344.068652 369.704454 392.308909 310.433449 316.413539 346.428574 340.232125 387.618060 362.036748 355.222436 316.705518 284.908878 291.177765 253.409534 -nan -nan -nan 667.049293 -nan 673.281039 658.253284 515.699865 345.059793 360.848341 368.507904 365.807404 357.240200 332.041408 341.668704 344.822609 344.724586 354.865323 354.439102 369.139467 -9999.0 -9999.0 -9999.0 -9999.0 -9999.0
-9999.0 -9999.0 -9999.0 -9999.0 -9999.0 -9999.0 -9999.0 -9999.0 -9999.0 -9999.0 323.391234 345.336192 351.593925 335.678288 343.763950 407.659720 293.529488 283.118672 410.953949 586.057974 609.775352 314.775124 414.713295 412.984809 470.328361 292.869673 314.331435 336.164138 382.747087 399.967985 444.792176 305.620425 303.570694 301.080695 291.648634 295.909041 342.802387 -nan -nan -nan -nan 399.420511 382.375963 -nan 555.833133 363.405420 361.230418 442.369826 576.164746 372.726143 364.972922 350.233707 349.984477 354.100327 358.086315 372.725955 369.932564 -9999.0 -9999.0 -9999.0 -9999.0 -9999.0
-9999.0 -9999.0 -9999.0 -9999.0 -9999.0 -9999.0 -9999.0 -9999.0 -9999.0 331.145981 328.186930 322.233792 424.385699 344.881192 351.949467 317.221887 313.863212 358.761970 635.311824 -nan 681.066739 615.918867 607.701985 698.066648 284.044546 309.585598 365.511748 420.713965 553.632733 548.565460 628.119181 304.714217 301.137070 305.897840 332.589799 299.524989 279.799476 297.311982 271.413224 259.952366 -nan 293.049574 300.141073 -nan 671.463447 696.083863 610.061663 448.734598 385.821350 545.699872 379.453836 351.489823 351.306609 362.213480 366.730096 365.335453 371.531933 382.248658 377.193122 -9999.0 -9999.0 -9999.0
-9999.0 -9999.0 -9999.0 -9999.0 -9999.0 -9999.0 -9999.0 -9999.0 -9999.0 327.937179 329.846173 321.539646 481.930089 418.891065 372.553006 348.219567 355.863762 447.024469 662.860059 679.645480 681.808617 -nan 298.564492 318.987890 307.507617 392.601577 474.477243 573.130607 678.631568 285.382946 308.837639 336.883811 314.881479 324.079245 349.496619 371.976481 345.960692 330.752197 289.999433 291.961758 298.558571 299.956019 429.978060 317.945390 -nan -nan -nan 692.578917 584.918763 338.085677 358.614277 372.263968 362.561024 364.991950 352.002538 365.029238 364.064729 405.749864 393.013638 -9999.0 -9999.0 -9999.0
-9999.0 -9999.0 -9999.0 -9999.0 -9999.0 -9999.0 -9999.0 -9999.0 -9999.0 -9999.0 333.667477 321.795044 302.304822 600.262925 435.938129 374.820108 370.191792 547.750024 -nan -nan 472.324666 360.726964 298.625528 309.862709 373.199984 560.477713 689.689652 -nan 299.800467 307.460273 310.938035 308.180594 316.399795 317.638747 344.297544 387.729161 388.289186 348.652280 333.145892 306.863432 300.568902 342.400741 301.063134 311.745335 299.498653 261.884749 294.693896 313.688467 -nan 696.115404 400.078565 385.674059 367.527932 367.985828 362.680415 357.398840 346.504386 497.536245 625.252794 487.846313 -9999.0 -9999.0
-9999.0 -9999.0 -9999.0 -9999.0 -9999.0 -9999.0 -9999.0 -9999.0 -9999.0 -9999.0 332.185555 326.742714 323.596695 305.295029 620.079039 534.698400 468.073938 677.866496 -nan -nan 681.404558 689.582120 664.981689 458.700073 470.935921 697.465551 -nan 297.268788 308.384326 306.352319 318.220382 320.270686 339.394793 324.912960 319.551023 304.083628 463.261555 350.248688 351.918413 322.812330 336.582475 330.706649 318.027481 321.181166 327.612765 323.523744 316.338013 306.785800 -nan 697.263002 671.562845 374.251002 377.272002 366.172556 366.499515 372.632903 348.647148 342.933211 705.208241 704.732101 -9999.0 -9999.0
-9999.0 -9999.0 -9999.0 -9999.0 -9999.0 -9999.0 -9999.0 -9999.0 368.837084 354.771859 335.081906 322.427903 317.774596 319.844246 300.141811 698.104331 672.200113 -nan -nan -nan -nan -nan -nan 690.047584 685.730361 -nan 462.610935 305.013675 320.393720 326.678877 317.662498 320.506485 327.965033 337.524497 342.359733 309.250396 321.406558 344.929695 348.805908 349.082995 328.602737 318.910902 325.979210 325.648358 356.353646 326.458195 327.553575 328.931365 275.337436 579.977552 592.007143 393.164673 366.494698 364.983679 374.276835 401.403793 381.873618 407.117705 690.137705 -nan -9999.0 -9999.0
-9999.0 -9999.0 -9999.0 -9999.0 -9999.0 -9999.0 -9999.0 -9999.0 322.069211 371.105365 340.683530 325.933489 320.464258 302.099905 312.301564 275.872807 323.949830 289.725189 -nan -nan -nan -nan -nan -nan -nan -nan 490.595154 317.029943 318.131020 339.253155 342.016135 357.481525 338.146220 349.748290 346.617918 352.507890 361.958754 363.372720 359.146507 360.500648 340.459453 324.910940 336.029820 360.053357 367.595613 337.050467 336.706701 336.224595 321.708394 335.818670 696.770407 418.141437 366.185998 376.005850 451.610130 552.776344 529.986900 682.565919 -nan -nan -nan -9999.0
-9999.0 -9999.0 -9999.0 -9999.0 -9999.0 -9999.0 -9999.0 -9999.0 323.904880 318.073543 369.164951 331.844053 330.909674 320.855455 380.702949 487.324953 697.013621 678.626711 -nan -nan -nan -nan -nan -nan -nan 456.923486 341.299879 306.525900 342.599719 349.571680 350.179684 377.213735 350.359449 371.007593 350.355387 418.578869 336.215776 407.146693 353.608873 353.880094 349.189884 349.992329 354.411878 339.296486 336.120734 339.697678 358.743878 360.539133 333.624625 287.946602 -nan 700.000000 464.545744 422.602094 700.000000 700.000000 -nan -nan -nan -nan -nan -9999.0
-9999.0 -9999.0 -9999.0 -9999.0 -9999.0 -9999.0 -9999.0 -9999.0 324.402023 323.872431 395.137468 345.281209 367.669126 392.382688 463.036959 690.272134 -nan -nan -nan -nan -nan -nan -nan -nan 456.266657 321.956350 306.078785 374.460990 415.809344 475.313670 375.156425 367.872484 552.151937 484.674461 347.984594 360.847580 360.025673 464.390216 377.938808 365.166816 357.357767 372.375175 370.610247 382.038336 363.196545 361.094279 376.351747 378.237041 377.686819 435.375712 291.972047 -nan 700.000000 705.071438 -nan -nan -nan -nan -nan -nan -nan 338.045367
-9999.0 -9999.0 -9999.0 -9999.0 -9999.0 -9999.0 -9999.0 -9999.0 331.878538 325.474472 320.481821 435.359578 514.109332 699.706202 700.612719 693.646497 469.366453 294.871060 268.589171 308.977722 -nan -nan -nan -nan 670.904149 562.056266 442.709033 434.387043 690.321829 566.039934 358.608209 401.517205 692.354392 393.817063 397.208379 399.946659 442.778282 584.443782 674.947071 391.402942 407.138458 443.766246 511.688932 466.532161 368.839323 383.301787 444.092153 586.910126 520.932555 704.212285 700.287604 -nan -nan -nan -nan -nan -nan -nan -nan -nan 495.710717 344.434819
-9999.0 -9999.0 354.115364 345.365314 338.357158 343.458392 343.799239 346.720897 353.722216 335.082963 320.218000 702.199890 500.472048 657.044076 701.506608 366.370570 268.589985 312.290741 313.900390 280.443790 324.830909 -nan -nan -nan -nan 654.771815 699.402779 693.965604 -nan 626.779618 469.030073 425.401211 677.281576 692.245758 702.838384 702.107601 700.883307 699.659134 686.976183 495.289805 620.467713 701.930072 702.141016 656.292400 468.786921 504.176281 704.366549 697.177509 -nan -nan -nan -nan -nan -nan -nan -nan -nan -nan 511.681283 378.122923 334.909528 345.962421
-9999.0 373.587535 386.734434 375.295309 372.984703 359.643344 327.582098 334.018537 338.765944 337.821904 330.729761 334.287967 555.768195 581.295648 394.917874 304.380008 322.505218 330.208022 385.459474 386.711247 535.041597 -nan -nan -nan -nan -nan -nan -nan -nan -nan -nan 700.259895 661.236561 -nan 696.964383 -nan -nan -nan -nan -nan -nan -nan -nan 698.145046 705.014085 -nan -nan -nan -nan -nan -nan -nan -nan -nan -nan 427.873796 331.282610 319.346167 318.669659 316.542700 338.479177 369.387741
