user2019/resources/simulation/Vinschgau/output-maps/SWEDENSITYN0251.asc
ncols         63
nrows         48
xllcorner     598000.000000
yllcorner     5145000.000000
cellsize      1000.000000
NODATA_value  -9999.0
[rows 0 to 27 of 48, columns 0 to 62 of 63]
-9999.0 -9999.0 -9999.0 -9999.0 -9999.0 -9999.0 -9999.0 -9999.0 -9999.0 -9999.0 -9999.0 -9999.0 -9999.0 -9999.0 -9999.0 -9999.0 -9999.0 -9999.0 -9999.0 -9999.0 -9999.0 -9999.0 -9999.0 -9999.0 -9999.0 -9999.0 -9999.0 -9999.0 -9999.0 -9999.0 -9999.0 -9999.0 -9999.0 -9999.0 -9999.0 -9999.0 -9999.0 -9999.0 -9999.0 -9999.0 -9999.0 -9999.0 -9999.0 -9999.0 -9999.0 -9999.0 -9999.0 -9999.0 -9999.0 -9999.0 -9999.0 -9999.0 -9999.0 -9999.0 -9999.0 -9999.0 -9999.0 -9999.0 -9999.0 -9999.0 -9999.0 -9999.0 -9999.0
-9999.0 -9999.0 -9999.0 -9999.0 -9999.0 -9999.0 -9999.0 -9999.0 -9999.0 -9999.0 -9999.0 -9999.0 -9999.0 -9999.0 -9999.0 -9999.0 -9999.0 -9999.0 -9999.0 -9999.0 -9999.0 -9999.0 -9999.0 -9999.0 -9999.0 -9999.0 -9999.0 420.991880 442.623475 458.639771 367.275971 345.776237 337.740884 -9999.0 -9999.0 -9999.0 -9999.0 -9999.0 -9999.0 -9999.0 -9999.0 -9999.0 -9999.0 -9999.0 -9999.0 -9999.0 -9999.0 -9999.0 -9999.0 -9999.0 -9999.0 -9999.0 -9999.0 -9999.0 -9999.0 -9999.0 -9999.0 -9999.0 -9999.0 -9999.0 -9999.0 -9999.0 -9999.0
-9999.0 -9999.0 -9999.0 -9999.0 -9999.0 -9999.0 -9999.0 -9999.0 -9999.0 -9999.0 -9999.0 -9999.0 -9999.0 -9999.0 -9999.0 -9999.0 -9999.0 -9999.0 -9999.0 -9999.0 -9999.0 -9999.0 -9999.0 -9999.0 428.189047 480.031962 531.692325 495.029768 514.966571 464.192744 370.952905 -9999.0 -9999.0 -9999.0 -9999.0 -9999.0 -9999.0 -9999.0 -9999.0 -9999.0 -9999.0 -9999.0 -9999.0 -9999.0 -9999.0 -9999.0 -9999.0 -9999.0 -9999.0 -9999.0 -9999.0 -9999.0 -9999.0 -9999.0 -9999.0 -9999.0 -9999.0 -9999.0 -9999.0 -9999.0 -9999.0 -9999.0 -9999.0
-9999.0 -9999.0 -9999.0 -9999.0 -9999.0 -9999.0 -9999.0 -9999.0 -9999.0 -9999.0 -9999.0 -9999.0 -9999.0 -9999.0 -9999.0 -9999.0 -9999.0 -9999.0 -9999.0 -9999.0 -9999.0 -9999.0 -9999.0 457.977790 572.586371 617.601127 678.083689 681.434902 666.461192 487.784498 456.817646 387.406682 -9999.0 -9999.0 -9999.0 -9999.0 -9999.0 -9999.0 -9999.0 -9999.0 -9999.0 -9999.0 -9999.0 -9999.0 -9999.0 -9999.0 -9999.0 -9999.0 -9999.0 -9999.0 -9999.0 -9999.0 -9999.0 -9999.0 -9999.0 -9999.0 -9999.0 -9999.0 -9999.0 -9999.0 -9999.0 -9999.0 -9999.0
-9999.0 -9999.0 -9999.0 -9999.0 -9999.0 -9999.0 -9999.0 -9999.0 -9999.0 -9999.0 -9999.0 -9999.0 -9999.0 -9999.0 -9999.0 -9999.0 -9999.0 -9999.0 549.529837 575.979072 -9999.0 431.552868 484.727100 603.331253 669.728966 -nan 329.300191 327.189818 -nan 634.810202 527.993302 435.146315 477.422354 449.058938 -9999.0 -9999.0 -9999.0 -9999.0 -9999.0 -9999.0 -9999.0 -9999.0 -9999.0 -9999.0 -9999.0 -9999.0 -9999.0 -9999.0 -9999.0 -9999.0 -9999.0 -9999.0 -9999.0 -9999.0 -9999.0 -9999.0 -9999.0 -9999.0 -9999.0 -9999.0 -9999.0 -9999.0 -9999.0
-9999.0 -9999.0 -9999.0 -9999.0 -9999.0 -9999.0 -9999.0 -9999.0 -9999.0 -9999.0 -9999.0 -9999.0 -9999.0 -9999.0 -9999.0 -9999.0 -9999.0 -nan -nan 626.152779 516.398512 545.599647 623.540699 675.315896 -nan 333.046446 327.072915 339.237452 337.603016 328.998560 624.846137 488.941758 627.418304 489.258032 402.885770 353.034296 -9999.0 -9999.0 -9999.0 -9999.0 -9999.0 -9999.0 -9999.0 -9999.0 -9999.0 -9999.0 -9999.0 -9999.0 -9999.0 -9999.0 -9999.0 -9999.0 -9999.0 -9999.0 -9999.0 -9999.0 -9999.0 -9999.0 -9999.0 -9999.0 -9999.0 -9999.0 -9999.0
-9999.0 -9999.0 -9999.0 -9999.0 -9999.0 -9999.0 -9999.0 -9999.0 -9999.0 -9999.0 -9999.0 -9999.0 -9999.0 407.019315 502.124064 638.876618 629.165748 628.148881 -nan 661.077146 637.566664 651.713984 649.488373 475.416051 374.751166 329.686801 339.149938 338.839104 328.017769 330.891473 329.265125 321.512582 347.177407 313.131463 326.586095 338.827617 -9999.0 -9999.0 -9999.0 -9999.0 -9999.0 -9999.0 -9999.0 -9999.0 -9999.0 -9999.0 -9999.0 -9999.0 -9999.0 -9999.0 -9999.0 -9999.0 -9999.0 -9999.0 -9999.0 -9999.0 -9999.0 -9999.0 -9999.0 -9999.0 -9999.0 -9999.0 -9999.0
-9999.0 -9999.0 -9999.0 -9999.0 -9999.0 -9999.0 -9999.0 -9999.0 -9999.0 -9999.0 -9999.0 -9999.0 -9999.0 458.261652 580.304553 490.626336 432.082998 624.864052 605.556866 -nan -nan 286.437461 323.530950 347.678756 414.444496 403.694305 413.842671 339.494952 338.521335 329.040230 327.515090 315.180271 316.275431 311.077226 323.432799 -9999.0 -9999.0 -9999.0 -9999.0 -9999.0 -9999.0 -9999.0 -9999.0 -9999.0 -9999.0 -9999.0 -9999.0 -9999.0 -9999.0 -9999.0 -9999.0 -9999.0 -9999.0 -9999.0 -9999.0 -9999.0 -9999.0 -9999.0 -9999.0 -9999.0 -9999.0 -9999.0 -9999.0
-9999.0 -9999.0 -9999.0 -9999.0 -9999.0 -9999.0 -9999.0 -9999.0 -9999.0 -9999.0 -9999.0 -9999.0 -9999.0 519.442528 650.725880 355.164119 409.576615 630.470732 634.858993 -nan 441.520946 308.935721 310.973236 332.356445 358.824259 360.185120 433.147628 336.724536 449.995310 322.500356 320.120827 314.212908 314.878684 310.784607 313.664886 -9999.0 -9999.0 -9999.0 -9999.0 -9999.0 -9999.0 -9999.0 -9999.0 -9999.0 -9999.0 -9999.0 -9999.0 -9999.0 -9999.0 -9999.0 -9999.0 -9999.0 -9999.0 -9999.0 -9999.0 -9999.0 -9999.0 -9999.0 -9999.0 -9999.0 -9999.0 -9999.0 -9999.0
-9999.0 -9999.0 -9999.0 -9999.0 -9999.0 -9999.0 -9999.0 -9999.0 -9999.0 -9999.0 -9999.0 -9999.0 469.522043 644.807310 348.201121 341.774719 366.409654 624.959835 -nan 624.039229 360.798578 321.191247 336.402847 346.983094 398.638660 315.578199 320.161519 392.920880 455.853055 333.247539 320.513144 436.234305 415.679269 364.044392 -9999.0 -9999.0 -9999.0 -9999.0 -9999.0 -9999.0 -9999.0 -9999.0 -9999.0 -9999.0 -9999.0 -9999.0 -9999.0 -9999.0 -9999.0 -9999.0 -9999.0 -9999.0 -9999.0 -9999.0 -9999.0 -9999.0 -9999.0 -9999.0 -9999.0 -9999.0 -9999.0 -9999.0 -9999.0
-9999.0 -9999.0 -9999.0 -9999.0 -9999.0 -9999.0 -9999.0 -9999.0 -9999.0 -9999.0 -9999.0 381.621592 366.573591 437.397656 346.150478 329.179801 335.599293 546.905638 -nan 603.585917 610.308253 613.163619 389.731100 349.942631 376.989736 366.961634 314.087997 423.098832 414.277674 324.610706 403.440071 490.955405 403.962306 392.651064 411.149670 459.212691 548.873813 576.804378 -nan -9999.0 -9999.0 -9999.0 398.879829 -9999.0 -9999.0 -9999.0 -9999.0 -9999.0 -9999.0 -9999.0 -9999.0 -9999.0 -9999.0 -9999.0 -9999.0 -9999.0 -9999.0 -9999.0 -9999.0 -9999.0 -9999.0 -9999.0 -9999.0
-9999.0 -9999.0 -9999.0 -9999.0 -9999.0 -9999.0 -9999.0 -9999.0 -9999.0 -9999.0 -9999.0 375.751948 355.002164 379.877025 392.194977 338.026365 456.566211 648.986083 -nan 330.626760 621.601323 495.878394 399.462049 388.955377 352.806303 368.952289 443.629678 462.656991 374.281401 355.504279 456.605965 448.321991 478.394932 380.708669 386.709196 510.652950 -nan -nan -nan 217.201099 605.422886 436.021791 585.634110 402.440506 -9999.0 -9999.0 -9999.0 429.307680 410.301016 423.906067 438.841946 429.993806 414.708988 430.234796 418.876145 414.712419 -9999.0 -9999.0 -9999.0 -9999.0 -9999.0 -9999.0 -9999.0
-9999.0 -9999.0 -9999.0 -9999.0 -9999.0 -9999.0 -9999.0 -9999.0 -9999.0 -9999.0 -9999.0 410.436801 342.925457 368.643418 385.265035 394.507635 498.933011 643.753414 -nan -nan 617.793484 589.566189 596.723132 432.166063 337.433814 442.587748 610.487752 347.822232 345.302403 383.642761 346.332321 406.796273 524.084446 375.030456 398.981540 470.053101 -nan -nan -nan -nan -nan 511.975061 665.066604 535.164637 402.470730 -9999.0 387.738243 401.722490 473.258066 508.452997 556.483041 545.891265 502.113390 474.738568 450.385762 433.444976 -9999.0 -9999.0 -9999.0 -9999.0 -9999.0 -9999.0 -9999.0
-9999.0 -9999.0 -9999.0 -9999.0 -9999.0 -9999.0 -9999.0 -9999.0 -9999.0 -9999.0 -9999.0 -9999.0 342.073308 372.498607 457.009282 434.479856 507.430017 578.105682 -nan -nan 647.422121 600.192411 646.480005 602.736326 421.274478 580.986310 602.668144 334.736734 367.217024 422.876501 444.707502 443.694827 443.275503 397.439202 306.017965 360.288463 -nan -nan -nan -nan -nan 531.732348 654.969911 675.293263 510.855805 439.471646 438.741491 411.208646 432.476426 589.657641 563.891367 334.769392 497.899396 347.443055 347.310312 355.302567 406.567318 -9999.0 -9999.0 -9999.0 -9999.0 -9999.0 -9999.0
-9999.0 -9999.0 -9999.0 -9999.0 -9999.0 -9999.0 -9999.0 -9999.0 -9999.0 -9999.0 -9999.0 452.715300 338.144398 373.406646 536.342508 540.691328 532.406265 387.118248 634.653023 -nan 531.380911 654.403221 372.508905 489.306547 553.090050 631.598054 384.933596 332.846032 442.763852 451.781908 642.760857 588.982620 648.452799 363.025776 306.249393 355.826762 252.828738 -nan -nan -nan -nan -nan -nan 581.850433 673.200040 431.260989 463.093782 507.791029 487.254887 600.631690 339.754780 343.637952 343.436303 343.163083 356.109918 350.561734 404.861717 -9999.0 -9999.0 -9999.0 -9999.0 -9999.0 -9999.0
-9999.0 -9999.0 -9999.0 -9999.0 -9999.0 -9999.0 -9999.0 -9999.0 -9999.0 -9999.0 358.870426 476.570204 474.130795 422.520285 460.329706 623.454916 317.398578 359.333949 650.181622 -nan -nan 516.015107 641.002376 599.228037 665.281657 358.310056 349.325962 433.672233 602.451737 630.202718 676.385288 349.124733 344.650239 337.999649 312.751469 346.401011 494.797329 -nan -nan -nan -nan 436.111564 372.098230 -nan 577.288562 533.937628 473.429898 666.899838 656.829844 620.627916 469.766090 351.904941 354.001703 350.754472 360.826387 425.847137 428.393083 -9999.0 -9999.0 -9999.0 -9999.0 -9999.0 -9999.0
-9999.0 -9999.0 -9999.0 -9999.0 -9999.0 -9999.0 -9999.0 -9999.0 -9999.0 361.310101 358.911139 354.870830 593.318023 480.747894 493.924987 350.393009 337.658572 528.884469 495.016571 -nan -nan 614.386890 641.074896 -nan 328.112788 350.675870 565.099705 639.737453 665.450998 655.177978 620.765853 362.832647 314.383900 308.918995 393.707061 347.565408 295.984990 379.242971 290.126452 324.038793 -nan 305.450438 336.705795 -nan -nan 619.322560 643.272237 664.397911 578.035627 567.278207 559.629438 396.040911 350.433872 389.217772 404.289116 415.135403 435.751349 452.025918 429.173663 -9999.0 -9999.0 -9999.0 -9999.0
-9999.0 -9999.0 -9999.0 -9999.0 -9999.0 -9999.0 -9999.0 -9999.0 -9999.0 371.625019 357.399814 357.014734 645.524558 630.091325 528.537055 471.218540 487.506343 651.422874 -nan -nan -nan -nan 387.368677 490.836888 340.687405 637.784340 678.966246 645.667214 -nan 305.213016 347.430380 478.061464 347.066842 389.637584 458.464422 576.506812 505.056877 510.895512 312.908211 311.574001 305.452547 304.238217 676.996061 518.371835 -nan -nan -nan -nan 658.647288 624.056170 457.423751 464.343012 392.648296 392.553150 351.137710 387.089311 417.920267 501.896547 469.525564 -9999.0 -9999.0 -9999.0 -9999.0
-9999.0 -9999.0 -9999.0 -9999.0 -9999.0 -9999.0 -9999.0 -9999.0 -9999.0 -9999.0 376.618427 366.886439 350.860552 402.889168 636.500626 537.717809 535.338542 622.669977 -nan -nan -nan 624.210510 370.299787 368.288356 605.436205 665.867181 -nan -nan 364.750042 313.096432 323.145730 377.507783 341.619781 344.826452 473.994918 659.872245 675.498724 638.643214 438.908098 319.116538 306.894211 462.617427 336.754839 325.547588 318.443282 308.378611 432.297636 465.631237 -nan 598.996508 589.626575 516.709679 419.746154 401.523429 365.108906 370.957543 355.964382 676.766600 607.682285 626.791411 -9999.0 -9999.0 -9999.0
-9999.0 -9999.0 -9999.0 -9999.0 -9999.0 -9999.0 -9999.0 -9999.0 -9999.0 -9999.0 377.378693 361.775379 334.842026 385.723874 -nan 596.372261 671.661190 -nan -nan -nan -nan -nan 623.660775 676.911428 661.105898 -nan -nan 497.018197 376.338506 316.032193 334.771159 352.187871 437.923340 346.541086 343.168357 315.403906 670.168114 604.104741 449.738486 350.066562 399.272298 383.526812 334.057102 336.645193 349.450987 352.008763 335.542313 336.632326 -nan -nan 607.195354 492.318983 469.738488 414.987239 405.791971 434.055714 354.717076 394.390123 -nan -nan -9999.0 -9999.0 -9999.0
-9999.0 -9999.0 -9999.0 -9999.0 -9999.0 -9999.0 -9999.0 -9999.0 508.984770 479.978176 410.322290 333.734564 332.271180 366.047626 372.096960 -nan -nan -nan -nan -nan -nan -nan -nan 469.285714 -nan -nan -nan 349.021129 375.208004 369.538446 321.033866 343.677177 367.815002 384.701590 397.135673 320.657326 368.622274 600.129985 462.393816 417.677546 363.656449 335.945905 338.409244 335.164776 458.918290 368.261556 340.263816 353.035709 339.840833 -nan 651.792974 614.621486 462.728443 410.826642 448.971028 508.158954 471.431777 547.738937 603.381413 -nan -9999.0 -9999.0 -9999.0
-9999.0 -9999.0 -9999.0 -9999.0 -9999.0 -9999.0 -9999.0 -9999.0 334.314466 513.508245 462.943591 333.248482 330.407863 336.813653 403.530123 389.110161 555.337016 490.591507 -nan -nan -nan -nan -nan -nan -nan -nan -nan 452.942806 360.425724 420.262764 406.142329 484.440738 407.841091 418.322706 419.076623 462.197568 582.229368 623.313974 489.653095 426.936224 361.060349 331.427408 355.599853 437.597108 540.053848 365.274846 358.047359 358.716865 350.976746 642.969337 -nan 638.279615 472.804577 460.532500 638.010649 687.572133 677.579775 658.305501 -nan -nan -nan -9999.0 -9999.0
-9999.0 -9999.0 -9999.0 -9999.0 -9999.0 -9999.0 -9999.0 -9999.0 337.335886 385.978535 514.135437 398.624895 447.114099 330.266922 534.410041 677.904301 -nan -nan -nan -nan -nan -nan -nan -nan -nan 643.390771 612.648547 397.919691 469.595028 491.137800 471.438425 565.236619 489.645275 530.635465 438.813830 621.894402 399.802623 658.370354 472.048703 437.679462 403.937936 406.987568 416.527399 367.092653 352.481063 362.577733 437.906206 431.032486 352.978467 375.508286 -nan -nan 670.805129 614.321237 574.718706 -nan -nan -nan -nan -nan -nan -9999.0 -9999.0
-9999.0 -9999.0 -9999.0 -9999.0 -9999.0 -9999.0 -9999.0 -9999.0 334.867835 391.096217 569.486650 477.005605 502.028026 534.821712 658.440229 -nan -nan -nan -nan -nan -nan -nan -nan -nan 554.182421 572.252354 388.630978 591.263626 604.485398 684.076003 580.870191 563.224147 679.741285 674.049300 458.332954 498.794521 529.820611 654.010827 583.877471 479.632283 442.583543 464.503776 478.860622 534.802934 449.525855 454.156007 487.143317 508.050706 502.019768 652.171905 340.589555 -nan -nan -nan -nan -nan -nan -nan -nan -nan -nan 489.332924 -9999.0
-9999.0 -9999.0 -9999.0 -9999.0 -9999.0 -9999.0 -9999.0 -9999.0 387.468675 398.762228 447.519340 629.866066 640.254574 -nan -nan -nan 651.919764 372.572559 300.519248 500.646531 -nan -nan -nan -nan -nan 592.128719 668.266969 656.012852 447.889897 610.557922 570.389658 615.766593 -nan 621.510947 616.649416 616.906032 685.764823 628.676819 566.112492 598.696394 611.163690 649.925218 680.976656 675.919849 520.050390 529.388752 657.079368 681.605686 678.866182 -nan -nan -nan -nan -nan -nan -nan -nan -nan -nan -nan -nan 443.608544 -9999.0
-9999.0 -9999.0 462.858774 448.464561 401.453958 479.557344 481.080003 485.769521 464.689811 384.683610 409.838699 -nan 598.792073 -nan -nan 647.996239 325.003446 323.080356 349.093738 395.992542 643.013008 -nan -nan -nan -nan -nan -nan 547.489774 -nan 133.128643 671.550628 664.953250 -nan 675.788929 -nan 657.498850 -nan -nan 638.483480 680.996134 667.918631 -nan -nan 579.325750 674.833735 672.422622 -nan -nan -nan -nan -nan -nan -nan -nan -nan -nan -nan -nan -nan 625.622354 430.080098 411.714454 -9999.0
-9999.0 521.970892 544.008258 523.720795 523.060353 503.131770 396.392914 382.292746 391.888679 377.713646 392.991006 444.784225 -nan -nan 623.054978 351.579391 350.000022 378.221728 550.253776 648.512497 677.902080 -nan -nan -nan -nan -nan -nan -nan -nan -nan -nan -nan -nan -nan -nan -nan -nan -nan -nan -nan -nan -nan -nan -nan -nan -nan -nan -nan -nan -nan -nan -nan -nan -nan -nan 698.290408 514.654743 419.005743 453.974108 368.511988 376.677608 428.396647 -9999.0
-9999.0 366.345903 568.584860 615.016395 615.981702 553.223868 552.190564 523.201057 482.385116 475.432688 500.520848 577.627832 602.715741 636.305909 473.672935 364.056999 367.544343 450.594408 663.889252 668.442389 462.979531 651.404048 -nan -nan -nan -nan -nan -nan -nan -nan -nan -nan -nan -nan -nan -nan -nan -nan -nan -nan -nan -nan -nan -nan -nan -nan -nan -nan -nan -nan -nan 492.016847 456.972372 -nan 511.502117 349.696672 385.275542 352.852042 348.946963 383.224163 393.109241 -9999.0 -9999.0
