user2019/resources/simulation/Vinschgau/output-maps/SWEDENSITYN0223.asc
ncols         63
nrows         48
xllcorner     598000.000000
yllcorner     5145000.000000
cellsize      1000.000000
NODATA_value  -9999.0
[rows 0 to 26 of 48, columns 0 to 61 of 63]
-9999.0 -9999.0 -9999.0 -9999.0 -9999.0 -9999.0 -9999.0 -9999.0 -9999.0 -9999.0 -9999.0 -9999.0 -9999.0 -9999.0 -9999.0 -9999.0 -9999.0 -9999.0 -9999.0 -9999.0 -9999.0 -9999.0 -9999.0 -9999.0 -9999.0 -9999.0 -9999.0 -9999.0 -9999.0 -9999.0 -9999.0 -9999.0 -9999.0 -9999.0 -9999.0 -9999.0 -9999.0 -9999.0 -9999.0 -9999.0 -9999.0 -9999.0 -9999.0 -9999.0 -9999.0 -9999.0 -9999.0 -9999.0 -9999.0 -9999.0 -9999.0 -9999.0 -9999.0 -9999.0 -9999.0 -9999.0 -9999.0 -9999.0 -9999.0 -9999.0 -9999.0 -9999.0
-9999.0 -9999.0 -9999.0 -9999.0 -9999.0 -9999.0 -9999.0 -9999.0 -9999.0 -9999.0 -9999.0 -9999.0 -9999.0 -9999.0 -9999.0 -9999.0 -9999.0 -9999.0 -9999.0 -9999.0 -9999.0 -9999.0 -9999.0 -9999.0 -9999.0 -9999.0 -9999.0 358.102387 368.749750 364.145009 338.609080 328.957734 322.922122 -9999.0 -9999.0 -9999.0 -9999.0 -9999.0 -9999.0 -9999.0 -9999.0 -9999.0 -9999.0 -9999.0 -9999.0 -9999.0 -9999.0 -9999.0 -9999.0 -9999.0 -9999.0 -9999.0 -9999.0 -9999.0 -9999.0 -9999.0 -9999.0 -9999.0 -9999.0 -9999.0 -9999.0 -9999.0
-9999.0 -9999.0 -9999.0 -9999.0 -9999.0 -9999.0 -9999.0 -9999.0 -9999.0 -9999.0 -9999.0 -9999.0 -9999.0 -9999.0 -9999.0 -9999.0 -9999.0 -9999.0 -9999.0 -9999.0 -9999.0 -9999.0 -9999.0 -9999.0 357.959200 376.973645 382.009798 367.562610 375.652278 363.088820 341.648440 -9999.0 -9999.0 -9999.0 -9999.0 -9999.0 -9999.0 -9999.0 -9999.0 -9999.0 -9999.0 -9999.0 -9999.0 -9999.0 -9999.0 -9999.0 -9999.0 -9999.0 -9999.0 -9999.0 -9999.0 -9999.0 -9999.0 -9999.0 -9999.0 -9999.0 -9999.0 -9999.0 -9999.0 -9999.0 -9999.0 -9999.0
-9999.0 -9999.0 -9999.0 -9999.0 -9999.0 -9999.0 -9999.0 -9999.0 -9999.0 -9999.0 -9999.0 -9999.0 -9999.0 -9999.0 -9999.0 -9999.0 -9999.0 -9999.0 -9999.0 -9999.0 -9999.0 -9999.0 -9999.0 364.163359 404.001753 465.920742 498.799378 511.373601 464.651503 363.379529 364.229818 350.917676 -9999.0 -9999.0 -9999.0 -9999.0 -9999.0 -9999.0 -9999.0 -9999.0 -9999.0 -9999.0 -9999.0 -9999.0 -9999.0 -9999.0 -9999.0 -9999.0 -9999.0 -9999.0 -9999.0 -9999.0 -9999.0 -9999.0 -9999.0 -9999.0 -9999.0 -9999.0 -9999.0 -9999.0 -9999.0 -9999.0
-9999.0 -9999.0 -9999.0 -9999.0 -9999.0 -9999.0 -9999.0 -9999.0 -9999.0 -9999.0 -9999.0 -9999.0 -9999.0 -9999.0 -9999.0 -9999.0 -9999.0 -9999.0 449.542989 426.548333 -9999.0 355.605573 376.492547 443.380328 563.565983 700.000000 307.176439 310.808343 699.771706 412.619897 379.398322 362.280325 374.041697 363.529175 -9999.0 -9999.0 -9999.0 -9999.0 -9999.0 -9999.0 -9999.0 -9999.0 -9999.0 -9999.0 -9999.0 -9999.0 -9999.0 -9999.0 -9999.0 -9999.0 -9999.0 -9999.0 -9999.0 -9999.0 -9999.0 -9999.0 -9999.0 -9999.0 -9999.0 -9999.0 -9999.0 -9999.0
-9999.0 -9999.0 -9999.0 -9999.0 -9999.0 -9999.0 -9999.0 -9999.0 -9999.0 -9999.0 -9999.0 -9999.0 -9999.0 -9999.0 -9999.0 -9999.0 -9999.0 -nan 699.844775 453.972501 378.614623 400.051896 432.373011 583.054998 700.000000 299.918193 316.942734 323.882729 318.765367 311.112230 402.788869 361.428312 407.712299 374.774746 348.141521 326.438253 -9999.0 -9999.0 -9999.0 -9999.0 -9999.0 -9999.0 -9999.0 -9999.0 -9999.0 -9999.0 -9999.0 -9999.0 -9999.0 -9999.0 -9999.0 -9999.0 -9999.0 -9999.0 -9999.0 -9999.0 -9999.0 -9999.0 -9999.0 -9999.0 -9999.0 -9999.0
-9999.0 -9999.0 -9999.0 -9999.0 -9999.0 -9999.0 -9999.0 -9999.0 -9999.0 -9999.0 -9999.0 -9999.0 -9999.0 338.528904 362.852157 600.160191 408.941055 597.124491 -nan 522.909754 699.565296 629.262694 698.987707 700.000000 303.905624 319.373141 324.105766 325.640342 319.421488 319.523227 315.048185 313.725395 325.092788 309.196284 312.207556 316.840077 -9999.0 -9999.0 -9999.0 -9999.0 -9999.0 -9999.0 -9999.0 -9999.0 -9999.0 -9999.0 -9999.0 -9999.0 -9999.0 -9999.0 -9999.0 -9999.0 -9999.0 -9999.0 -9999.0 -9999.0 -9999.0 -9999.0 -9999.0 -9999.0 -9999.0 -9999.0
-9999.0 -9999.0 -9999.0 -9999.0 -9999.0 -9999.0 -9999.0 -9999.0 -9999.0 -9999.0 -9999.0 -9999.0 -9999.0 354.606856 407.997438 325.266925 299.359451 500.035792 646.433816 698.632815 700.000000 273.548720 279.663863 285.471748 318.992457 341.437695 347.115953 324.119544 324.551552 319.441101 318.678270 309.549397 314.143657 309.687743 311.658263 -9999.0 -9999.0 -9999.0 -9999.0 -9999.0 -9999.0 -9999.0 -9999.0 -9999.0 -9999.0 -9999.0 -9999.0 -9999.0 -9999.0 -9999.0 -9999.0 -9999.0 -9999.0 -9999.0 -9999.0 -9999.0 -9999.0 -9999.0 -9999.0 -9999.0 -9999.0 -9999.0
-9999.0 -9999.0 -9999.0 -9999.0 -9999.0 -9999.0 -9999.0 -9999.0 -9999.0 -9999.0 -9999.0 -9999.0 -9999.0 387.489610 506.112511 293.233938 293.167558 390.580435 612.031270 695.753006 315.524122 299.935420 290.018273 318.667750 327.813721 327.818150 352.797444 326.016340 360.976137 319.107783 312.374613 312.057669 315.356389 311.028955 313.680087 -9999.0 -9999.0 -9999.0 -9999.0 -9999.0 -9999.0 -9999.0 -9999.0 -9999.0 -9999.0 -9999.0 -9999.0 -9999.0 -9999.0 -9999.0 -9999.0 -9999.0 -9999.0 -9999.0 -9999.0 -9999.0 -9999.0 -9999.0 -9999.0 -9999.0 -9999.0 -9999.0
-9999.0 -9999.0 -9999.0 -9999.0 -9999.0 -9999.0 -9999.0 -9999.0 -9999.0 -9999.0 -9999.0 -9999.0 361.870609 473.771139 291.819794 309.992223 300.595779 373.946978 687.809506 654.202623 294.120482 312.367919 321.597196 323.121071 322.683557 314.250480 317.533753 340.245330 355.724385 321.128473 318.139936 364.534438 345.960748 324.007797 -9999.0 -9999.0 -9999.0 -9999.0 -9999.0 -9999.0 -9999.0 -9999.0 -9999.0 -9999.0 -9999.0 -9999.0 -9999.0 -9999.0 -9999.0 -9999.0 -9999.0 -9999.0 -9999.0 -9999.0 -9999.0 -9999.0 -9999.0 -9999.0 -9999.0 -9999.0 -9999.0 -9999.0
-9999.0 -9999.0 -9999.0 -9999.0 -9999.0 -9999.0 -9999.0 -9999.0 -9999.0 -9999.0 -9999.0 334.026167 313.711965 325.074581 315.488042 324.924647 305.980454 339.429064 690.185171 568.258571 443.137949 467.538783 328.942484 326.185908 320.605476 333.568021 315.872269 353.108036 342.715402 312.635688 345.867002 357.061096 341.170858 336.045754 341.741220 350.329428 366.730686 390.056330 424.858118 -9999.0 -9999.0 -9999.0 345.265691 -9999.0 -9999.0 -9999.0 -9999.0 -9999.0 -9999.0 -9999.0 -9999.0 -9999.0 -9999.0 -9999.0 -9999.0 -9999.0 -9999.0 -9999.0 -9999.0 -9999.0 -9999.0 -9999.0
-9999.0 -9999.0 -9999.0 -9999.0 -9999.0 -9999.0 -9999.0 -9999.0 -9999.0 -9999.0 -9999.0 329.167328 321.925135 307.688876 328.264115 321.564753 346.473401 471.159050 685.349823 606.165705 513.535067 377.860576 332.125652 333.748588 322.771621 335.424089 360.411408 355.181266 327.004535 325.768259 359.605033 343.595759 358.446568 325.804718 328.952514 323.081442 344.172228 -nan -nan 322.963346 415.690061 340.651722 371.494010 337.032569 -9999.0 -9999.0 -9999.0 370.772877 371.926426 374.936240 384.929570 385.955502 379.603878 388.937672 388.139612 388.048610 -9999.0 -9999.0 -9999.0 -9999.0 -9999.0 -9999.0
-9999.0 -9999.0 -9999.0 -9999.0 -9999.0 -9999.0 -9999.0 -9999.0 -9999.0 -9999.0 -9999.0 342.721453 327.005703 309.990941 331.033938 325.559448 361.961411 362.881536 681.392986 699.159135 531.072702 387.418963 430.557215 351.733584 325.568061 352.964540 411.280517 320.991236 325.813648 334.763046 321.981408 330.701645 371.796844 320.246200 323.187479 356.947457 -nan -nan -nan -nan 351.242470 392.248020 433.875669 368.453304 347.576378 -9999.0 352.422670 361.505222 382.875743 408.983660 426.521549 425.615773 417.721023 403.871907 396.993143 390.649164 -9999.0 -9999.0 -9999.0 -9999.0 -9999.0 -9999.0
-9999.0 -9999.0 -9999.0 -9999.0 -9999.0 -9999.0 -9999.0 -9999.0 -9999.0 -9999.0 -9999.0 -9999.0 334.055533 329.796435 375.703823 347.821475 361.333703 328.477919 696.931053 698.799964 552.099439 403.078789 483.957282 420.179677 342.267747 403.719660 450.891615 321.287681 332.327148 358.889762 361.770746 338.430251 342.381620 326.242940 289.301656 295.470664 -nan -nan -nan -nan 396.535874 670.261897 613.538893 497.207715 380.289496 367.339176 372.409679 359.009163 365.368842 412.919973 400.088791 338.122275 388.666096 348.133551 348.976014 357.320093 380.658771 -9999.0 -9999.0 -9999.0 -9999.0 -9999.0
-9999.0 -9999.0 -9999.0 -9999.0 -9999.0 -9999.0 -9999.0 -9999.0 -9999.0 -9999.0 -9999.0 356.097109 332.048644 336.228591 403.502908 402.973960 367.067445 282.862562 558.664985 -nan 629.570851 528.810473 304.740400 360.087078 389.519371 438.418666 319.691975 322.133408 355.865611 353.438422 424.002739 384.039108 391.144636 329.276799 288.812144 294.708357 256.969682 -nan -nan -nan 688.721443 -nan 699.934114 699.562515 628.642979 355.880893 374.440376 387.462707 384.864013 383.098213 338.130323 346.134564 349.374849 349.059250 359.407780 358.863634 377.750135 -9999.0 -9999.0 -9999.0 -9999.0 -9999.0
-9999.0 -9999.0 -9999.0 -9999.0 -9999.0 -9999.0 -9999.0 -9999.0 -9999.0 -9999.0 330.651158 359.742376 370.266075 345.851096 355.736751 450.986602 298.903403 289.284036 464.633960 696.685814 691.528716 340.494037 457.898030 450.284900 538.331298 301.186142 322.083978 351.528290 412.015025 432.962801 506.270465 313.377136 309.808609 308.527890 296.722158 302.392126 357.952621 -nan -nan -nan -nan 421.175595 390.614218 -nan 690.168984 385.909686 375.819023 491.276543 690.741275 423.949316 379.919580 356.278895 354.836736 358.506920 363.621169 383.282471 381.956926 -9999.0 -9999.0 -9999.0 -9999.0 -9999.0
-9999.0 -9999.0 -9999.0 -9999.0 -9999.0 -9999.0 -9999.0 -9999.0 -9999.0 337.855727 335.509311 329.850565 476.487377 364.734741 374.747066 325.812451 319.611722 382.174554 692.448970 -nan 700.000000 699.755355 699.693478 700.000000 288.799560 317.803304 390.254495 456.246833 664.132595 678.145727 699.398364 313.333306 306.162179 310.040535 337.763945 306.081924 283.670348 306.245392 275.383605 270.280981 -nan 298.037246 304.690145 -nan 699.728128 700.000000 700.000000 501.309099 410.193661 677.794132 406.783363 360.960910 355.656079 368.037695 372.908110 374.830812 385.261810 396.941521 388.194245 -9999.0 -9999.0 -9999.0
-9999.0 -9999.0 -9999.0 -9999.0 -9999.0 -9999.0 -9999.0 -9999.0 -9999.0 334.717975 335.855020 327.799583 570.203387 469.096305 399.251508 362.316331 374.225064 516.583579 699.749381 700.000000 -nan -nan 303.533601 337.316504 313.473956 423.751910 539.526615 697.587299 700.000000 289.203929 319.798807 353.152286 322.105277 335.573632 361.933796 392.581885 358.735882 345.528054 293.986988 296.037452 302.602611 304.336639 487.587227 325.604374 -nan -nan -nan 700.000000 700.000000 391.600106 373.294482 386.584384 369.312344 370.611951 356.292025 371.712191 374.906903 429.520760 410.872647 -9999.0 -9999.0 -9999.0
-9999.0 -9999.0 -9999.0 -9999.0 -9999.0 -9999.0 -9999.0 -9999.0 -9999.0 -9999.0 340.599076 328.467121 307.843961 697.066818 500.350258 405.582109 398.225987 686.427116 -nan -nan 544.305009 397.303719 307.324068 318.721348 400.173962 684.481098 699.999973 -nan 306.998784 311.628838 315.260269 318.730010 322.477526 322.576256 358.923215 416.833306 425.009017 380.524041 346.532964 311.001376 304.666196 354.210850 307.804724 315.565307 303.436704 266.747631 305.134395 319.412138 -nan 700.000000 434.925245 408.154774 377.019064 375.978579 367.990775 362.982022 351.120286 559.395343 684.682794 541.297355 -9999.0 -9999.0
-9999.0 -9999.0 -9999.0 -9999.0 -9999.0 -9999.0 -9999.0 -9999.0 -9999.0 -9999.0 338.782264 333.375333 328.364857 313.237321 689.292319 681.483503 549.744824 697.115691 -nan -nan -nan 700.000000 699.959774 521.378505 537.938417 -nan -nan 309.797056 315.965140 310.961319 322.961270 326.763907 355.301812 332.077454 325.333360 307.971575 534.815688 386.481067 370.171322 328.935359 345.544898 337.182901 322.319718 325.565726 332.028531 328.160478 320.564229 311.290465 -nan 700.000000 700.000000 395.479524 394.205101 376.841481 376.114675 383.708059 352.799677 350.095434 699.656036 -nan -9999.0 -9999.0
-9999.0 -9999.0 -9999.0 -9999.0 -9999.0 -9999.0 -9999.0 -9999.0 393.351398 376.471008 346.228222 327.467048 323.657521 328.239780 307.310605 699.846500 700.000000 -nan -nan -nan -nan -nan -nan 700.000000 699.272797 -nan 625.665351 310.363109 328.647935 335.771152 321.961363 325.591216 334.357128 342.968593 348.231048 313.331940 326.617231 379.629723 362.596030 360.469643 333.427416 323.135061 329.972412 329.814575 370.595948 334.604948 332.090774 334.328797 283.136609 599.119260 700.000000 436.683869 383.314950 375.144558 387.713869 421.131159 398.328816 436.119704 700.000000 -nan -9999.0 -9999.0
-9999.0 -9999.0 -9999.0 -9999.0 -9999.0 -9999.0 -9999.0 -9999.0 327.928263 399.236001 357.417175 330.685006 325.421633 306.766418 322.178473 283.957816 354.157733 301.012618 -nan -nan -nan -nan -nan -nan -nan -nan 639.065867 334.798230 325.652039 350.540141 350.098629 376.927305 347.805985 358.409937 355.871199 365.313800 386.444812 406.600639 375.206763 371.926587 346.985850 329.056138 340.372824 370.399196 393.388005 344.778105 342.924373 341.383418 326.898174 359.943508 699.999973 468.971636 383.884628 391.033904 484.119013 621.195733 597.285459 700.000000 -nan -nan -nan -9999.0
-9999.0 -9999.0 -9999.0 -9999.0 -9999.0 -9999.0 -9999.0 -9999.0 329.617345 325.415032 397.604146 341.944143 344.674045 325.844516 411.982305 552.097797 700.000000 700.000000 -nan -nan -nan -nan -nan -nan -nan 535.778452 383.128772 318.490363 359.535077 368.716268 366.038977 399.489415 371.100363 394.537714 363.312401 454.501172 342.348988 467.725653 368.246198 366.292492 356.976464 357.785208 361.700479 344.155252 340.699875 344.635783 370.791869 370.891445 338.037506 297.401307 -nan 700.000000 510.646662 449.726398 700.000000 700.000000 -nan -nan -nan -nan -nan -9999.0
-9999.0 -9999.0 -9999.0 -9999.0 -9999.0 -9999.0 -9999.0 -9999.0 329.054423 331.460068 442.838558 365.778696 390.914959 425.415578 539.407254 700.000000 -nan -nan -nan -nan -nan -nan -nan -nan 552.500082 350.950463 316.863406 401.901037 456.212722 540.204021 402.988878 392.021887 641.069320 559.231043 361.834992 379.388502 379.704886 551.452251 405.172293 381.170880 369.129772 386.710381 386.114636 401.011415 374.888200 375.613325 394.303341 396.938681 397.275406 475.819958 298.429220 -nan -nan 699.999925 -nan -nan -nan -nan -nan -nan -nan 368.904768
-9999.0 -9999.0 -9999.0 -9999.0 -9999.0 -9999.0 -9999.0 -9999.0 341.832359 333.746533 334.493968 488.719195 603.040687 700.000000 700.000000 -nan 493.011832 297.898866 272.663387 315.677913 -nan -nan -nan -nan 699.967412 670.009651 494.915042 488.492735 700.000000 686.363596 386.713994 447.277166 700.000000 442.702337 434.681772 433.767536 490.637191 694.247782 700.000000 425.945552 441.910184 482.306096 580.401050 519.656535 391.030300 405.354598 484.295652 684.578505 593.369008 700.000000 699.999986 -nan -nan -nan -nan -nan -nan -nan -nan -nan 612.240970 373.091007
-9999.0 -9999.0 369.663718 358.825541 346.953036 361.365503 363.976213 365.267102 369.696122 342.950109 329.587750 700.000000 618.717580 700.000000 697.437827 408.735715 275.528199 316.764843 319.099990 289.163392 345.621815 -nan -nan -nan -nan 698.759905 699.936327 700.000000 -nan 700.000000 539.442224 481.283748 700.000000 700.000000 700.000000 700.000000 699.999663 700.000000 700.000000 566.004214 697.011687 700.000000 700.000000 700.000000 529.126589 576.244936 699.999980 700.000000 -nan -nan -nan -nan -nan -nan -nan -nan -nan -nan 528.517074 419.805863 354.872676 368.367543
-9999.0 397.470753 414.609482 402.267982 397.580653 383.435353 337.103181 341.963881 347.234435 344.895991 338.588247 348.655779 647.396277 655.573445 454.331123 314.447474 327.922657 339.481436 412.622302 442.752575 680.918143 -nan -nan -nan -nan -nan -nan -nan -nan -nan -nan 700.000000 699.309430 -nan -nan -nan -nan -nan -nan -nan -nan -nan -nan 700.000000 700.000000 -nan -nan -nan -nan -nan -nan -nan -nan -nan -nan 445.879880 347.802038 327.761325 331.296841 323.865789 348.069618 391.052878
