user2019/resources/simulation/Vinschgau/output-maps/SWEN0159.asc
ncols         63
nrows         48
xllcorner     598000.000000
yllcorner     5145000.000000
cellsize      1000.000000
NODATA_value  -9999.0
[rows 0 to 26 of 48, columns 0 to 60 of 63]
-9999.0 -9999.0 -9999.0 -9999.0 -9999.0 -9999.0 -9999.0 -9999.0 -9999.0 -9999.0 -9999.0 -9999.0 -9999.0 -9999.0 -9999.0 -9999.0 -9999.0 -9999.0 -9999.0 -9999.0 -9999.0 -9999.0 -9999.0 -9999.0 -9999.0 -9999.0 -9999.0 -9999.0 -9999.0 -9999.0 -9999.0 -9999.0 -9999.0 -9999.0 -9999.0 -9999.0 -9999.0 -9999.0 -9999.0 -9999.0 -9999.0 -9999.0 -9999.0 -9999.0 -9999.0 -9999.0 -9999.0 -9999.0 -9999.0 -9999.0 -9999.0 -9999.0 -9999.0 -9999.0 -9999.0 -9999.0 -9999.0 -9999.0 -9999.0 -9999.0 -9999.0
-9999.0 -9999.0 -9999.0 -9999.0 -9999.0 -9999.0 -9999.0 -9999.0 -9999.0 -9999.0 -9999.0 -9999.0 -9999.0 -9999.0 -9999.0 -9999.0 -9999.0 -9999.0 -9999.0 -9999.0 -9999.0 -9999.0 -9999.0 -9999.0 -9999.0 -9999.0 -9999.0 255.850096 227.677386 216.017883 281.338767 292.521026 266.554763 -9999.0 -9999.0 -9999.0 -9999.0 -9999.0 -9999.0 -9999.0 -9999.0 -9999.0 -9999.0 -9999.0 -9999.0 -9999.0 -9999.0 -9999.0 -9999.0 -9999.0 -9999.0 -9999.0 -9999.0 -9999.0 -9999.0 -9999.0 -9999.0 -9999.0 -9999.0 -9999.0 -9999.0
-9999.0 -9999.0 -9999.0 -9999.0 -9999.0 -9999.0 -9999.0 -9999.0 -9999.0 -9999.0 -9999.0 -9999.0 -9999.0 -9999.0 -9999.0 -9999.0 -9999.0 -9999.0 -9999.0 -9999.0 -9999.0 -9999.0 -9999.0 -9999.0 239.155726 195.805121 175.161085 186.504897 174.541031 191.236131 279.766803 -9999.0 -9999.0 -9999.0 -9999.0 -9999.0 -9999.0 -9999.0 -9999.0 -9999.0 -9999.0 -9999.0 -9999.0 -9999.0 -9999.0 -9999.0 -9999.0 -9999.0 -9999.0 -9999.0 -9999.0 -9999.0 -9999.0 -9999.0 -9999.0 -9999.0 -9999.0 -9999.0 -9999.0 -9999.0 -9999.0
-9999.0 -9999.0 -9999.0 -9999.0 -9999.0 -9999.0 -9999.0 -9999.0 -9999.0 -9999.0 -9999.0 -9999.0 -9999.0 -9999.0 -9999.0 -9999.0 -9999.0 -9999.0 -9999.0 -9999.0 -9999.0 -9999.0 -9999.0 204.363940 165.141088 146.932632 127.131458 130.803673 127.781244 174.653154 223.513749 272.543959 -9999.0 -9999.0 -9999.0 -9999.0 -9999.0 -9999.0 -9999.0 -9999.0 -9999.0 -9999.0 -9999.0 -9999.0 -9999.0 -9999.0 -9999.0 -9999.0 -9999.0 -9999.0 -9999.0 -9999.0 -9999.0 -9999.0 -9999.0 -9999.0 -9999.0 -9999.0 -9999.0 -9999.0 -9999.0
-9999.0 -9999.0 -9999.0 -9999.0 -9999.0 -9999.0 -9999.0 -9999.0 -9999.0 -9999.0 -9999.0 -9999.0 -9999.0 -9999.0 -9999.0 -9999.0 -9999.0 -9999.0 104.092459 173.205446 -9999.0 223.397206 182.877072 147.995473 107.586925 59.605421 112.106668 120.320103 70.033515 136.817477 171.196695 225.797275 214.758558 235.703992 -9999.0 -9999.0 -9999.0 -9999.0 -9999.0 -9999.0 -9999.0 -9999.0 -9999.0 -9999.0 -9999.0 -9999.0 -9999.0 -9999.0 -9999.0 -9999.0 -9999.0 -9999.0 -9999.0 -9999.0 -9999.0 -9999.0 -9999.0 -9999.0 -9999.0 -9999.0 -9999.0
-9999.0 -9999.0 -9999.0 -9999.0 -9999.0 -9999.0 -9999.0 -9999.0 -9999.0 -9999.0 -9999.0 -9999.0 -9999.0 -9999.0 -9999.0 -9999.0 -9999.0 0.000000 52.463169 110.730187 179.196780 167.198805 143.435725 95.170872 75.002956 108.639294 196.792418 209.618749 184.164920 128.678363 133.986938 175.415165 155.844095 186.761931 254.958460 293.491301 -9999.0 -9999.0 -9999.0 -9999.0 -9999.0 -9999.0 -9999.0 -9999.0 -9999.0 -9999.0 -9999.0 -9999.0 -9999.0 -9999.0 -9999.0 -9999.0 -9999.0 -9999.0 -9999.0 -9999.0 -9999.0 -9999.0 -9999.0 -9999.0 -9999.0
-9999.0 -9999.0 -9999.0 -9999.0 -9999.0 -9999.0 -9999.0 -9999.0 -9999.0 -9999.0 -9999.0 -9999.0 -9999.0 222.069275 134.207552 62.189810 49.635919 58.705283 0.000000 91.722736 96.771096 101.800828 69.587035 76.164467 112.587726 220.181487 250.212259 238.987842 232.879443 210.152789 173.869877 195.632700 230.260181 225.316658 229.739609 263.078239 -9999.0 -9999.0 -9999.0 -9999.0 -9999.0 -9999.0 -9999.0 -9999.0 -9999.0 -9999.0 -9999.0 -9999.0 -9999.0 -9999.0 -9999.0 -9999.0 -9999.0 -9999.0 -9999.0 -9999.0 -9999.0 -9999.0 -9999.0 -9999.0 -9999.0
-9999.0 -9999.0 -9999.0 -9999.0 -9999.0 -9999.0 -9999.0 -9999.0 -9999.0 -9999.0 -9999.0 -9999.0 -9999.0 182.245168 107.065383 70.509653 69.193254 57.804661 58.531232 40.500831 38.929480 61.408447 61.838893 87.827177 119.015275 190.155883 214.305932 266.774875 284.611750 243.959095 217.654789 236.086374 253.192045 260.614569 250.648530 -9999.0 -9999.0 -9999.0 -9999.0 -9999.0 -9999.0 -9999.0 -9999.0 -9999.0 -9999.0 -9999.0 -9999.0 -9999.0 -9999.0 -9999.0 -9999.0 -9999.0 -9999.0 -9999.0 -9999.0 -9999.0 -9999.0 -9999.0 -9999.0 -9999.0 -9999.0
-9999.0 -9999.0 -9999.0 -9999.0 -9999.0 -9999.0 -9999.0 -9999.0 -9999.0 -9999.0 -9999.0 -9999.0 -9999.0 133.116945 87.006680 107.599773 76.757329 55.759062 56.591786 38.308003 85.072974 163.592746 116.224641 208.187669 204.462720 226.302226 208.552425 293.358866 237.353892 288.214912 247.357781 284.240714 287.187957 296.149356 256.766027 -9999.0 -9999.0 -9999.0 -9999.0 -9999.0 -9999.0 -9999.0 -9999.0 -9999.0 -9999.0 -9999.0 -9999.0 -9999.0 -9999.0 -9999.0 -9999.0 -9999.0 -9999.0 -9999.0 -9999.0 -9999.0 -9999.0 -9999.0 -9999.0 -9999.0 -9999.0
-9999.0 -9999.0 -9999.0 -9999.0 -9999.0 -9999.0 -9999.0 -9999.0 -9999.0 -9999.0 -9999.0 -9999.0 166.545546 101.086346 108.738835 157.787537 113.830104 60.620435 47.444128 56.317943 94.908495 207.346055 224.546123 238.597668 158.517628 248.264479 223.575866 260.012750 190.113766 278.941495 295.543037 223.919775 184.142345 247.818776 -9999.0 -9999.0 -9999.0 -9999.0 -9999.0 -9999.0 -9999.0 -9999.0 -9999.0 -9999.0 -9999.0 -9999.0 -9999.0 -9999.0 -9999.0 -9999.0 -9999.0 -9999.0 -9999.0 -9999.0 -9999.0 -9999.0 -9999.0 -9999.0 -9999.0 -9999.0 -9999.0
-9999.0 -9999.0 -9999.0 -9999.0 -9999.0 -9999.0 -9999.0 -9999.0 -9999.0 -9999.0 -9999.0 244.457499 155.114633 103.493398 176.817319 215.586283 177.321200 62.927268 49.044544 55.567143 68.596143 124.237984 219.877681 264.284737 197.896842 248.878481 276.691872 233.045015 179.549991 275.836186 248.749840 143.718597 198.145862 205.034703 156.871947 101.506782 64.800245 37.370922 28.355603 -9999.0 -9999.0 -9999.0 182.348185 -9999.0 -9999.0 -9999.0 -9999.0 -9999.0 -9999.0 -9999.0 -9999.0 -9999.0 -9999.0 -9999.0 -9999.0 -9999.0 -9999.0 -9999.0 -9999.0 -9999.0 -9999.0
-9999.0 -9999.0 -9999.0 -9999.0 -9999.0 -9999.0 -9999.0 -9999.0 -9999.0 -9999.0 -9999.0 234.363116 206.687876 129.558033 174.494050 253.208654 135.531066 63.905004 45.874289 59.001949 79.102144 145.570652 214.807498 245.416194 224.462578 272.419814 223.832268 190.088916 230.390850 274.601725 174.508511 133.338306 152.119191 192.821968 138.708422 65.422266 15.424098 0.396208 1.339617 27.812637 47.827194 112.032671 92.039536 189.589931 -9999.0 -9999.0 -9999.0 372.414039 378.479487 372.724042 395.665373 455.345936 506.188602 519.101282 560.678020 636.922536 -9999.0 -9999.0 -9999.0 -9999.0 -9999.0
-9999.0 -9999.0 -9999.0 -9999.0 -9999.0 -9999.0 -9999.0 -9999.0 -9999.0 -9999.0 -9999.0 244.853355 263.023952 157.215258 205.963982 197.321914 129.979090 62.573163 50.566887 53.404403 63.089324 115.806201 168.387353 213.178575 275.424382 210.267829 155.243722 180.304893 253.378378 279.869864 248.051898 147.593442 124.216256 159.798121 124.655650 32.259718 0.000000 0.000000 0.000000 0.000000 17.319740 61.307421 73.871082 124.494276 219.081843 -9999.0 383.989415 318.197061 285.914955 255.290271 241.706617 263.462546 320.793583 378.986177 436.282199 523.246289 -9999.0 -9999.0 -9999.0 -9999.0 -9999.0
-9999.0 -9999.0 -9999.0 -9999.0 -9999.0 -9999.0 -9999.0 -9999.0 -9999.0 -9999.0 -9999.0 -9999.0 266.074017 205.121888 206.432448 208.068949 125.465088 66.731665 50.375307 49.682733 63.725435 112.261441 119.069065 153.636923 213.548778 163.884113 127.353281 239.091587 265.682518 245.265288 194.969276 136.559439 144.261729 157.119860 135.682219 61.730048 0.000000 0.000000 0.000000 0.000000 18.054544 46.417603 56.519454 95.977346 174.437119 257.102044 293.056894 326.345167 271.252644 175.257713 146.977640 303.349952 244.414748 369.343709 412.377050 491.320468 561.646046 -9999.0 -9999.0 -9999.0 -9999.0
-9999.0 -9999.0 -9999.0 -9999.0 -9999.0 -9999.0 -9999.0 -9999.0 -9999.0 -9999.0 -9999.0 218.583392 300.916703 257.518147 162.470960 156.239402 123.565890 70.419902 59.161571 0.000000 60.197133 87.346447 126.251043 164.712046 169.322268 121.764632 162.430463 267.681731 219.222995 195.583138 137.732442 119.196914 109.852764 161.195198 157.653651 78.042257 37.657635 0.000000 0.000000 0.000000 24.279726 24.190472 33.402060 69.818746 107.025576 226.231720 234.321339 229.803952 240.599762 119.799990 332.611020 405.682940 413.861238 454.304348 522.263884 569.153879 550.789322 -9999.0 -9999.0 -9999.0 -9999.0
-9999.0 -9999.0 -9999.0 -9999.0 -9999.0 -9999.0 -9999.0 -9999.0 -9999.0 -9999.0 208.133022 197.898513 224.668488 244.766250 201.882957 115.890330 147.131336 109.644544 53.847945 43.514740 65.121195 78.228523 134.527241 148.297939 114.561314 117.962175 215.895159 222.509959 164.622880 150.243004 101.816296 140.855821 172.122572 189.024740 194.256431 114.411669 36.079560 0.000000 0.000000 0.000000 0.000000 19.151788 35.795377 0.000000 83.404474 169.553783 234.356349 135.691723 116.801546 100.868648 295.822654 468.296596 491.695330 562.016396 571.268544 470.322465 459.500438 -9999.0 -9999.0 -9999.0 -9999.0
-9999.0 -9999.0 -9999.0 -9999.0 -9999.0 -9999.0 -9999.0 -9999.0 -9999.0 306.969595 260.280312 213.328266 129.768505 203.132515 173.771579 195.392852 226.631369 131.201849 50.382721 0.000000 55.390064 83.708525 85.601621 75.461496 94.744455 184.331452 163.501197 148.446341 108.954272 93.106641 65.901386 171.461932 221.222797 253.882415 200.581822 157.735129 103.880778 73.275001 73.765382 38.549750 0.000000 104.753843 109.154011 0.000000 41.566069 96.894731 118.530460 152.370563 189.841242 78.786021 212.251036 412.222018 558.201612 587.841198 520.747997 451.639137 421.601763 464.849688 558.520877 -9999.0 -9999.0
-9999.0 -9999.0 -9999.0 -9999.0 -9999.0 -9999.0 -9999.0 -9999.0 -9999.0 297.494713 309.612277 248.466545 87.521581 126.108413 176.836074 209.908384 184.480426 89.099501 36.933243 42.701107 42.218807 23.360637 63.239769 100.898019 180.633378 146.454012 123.061122 95.308205 49.717917 89.474206 129.393566 157.661895 232.006319 236.157265 169.302151 135.234012 126.231816 106.404306 147.996389 130.490882 136.731055 176.686539 101.064469 54.229201 0.000000 13.569805 16.900707 63.710445 111.182602 72.865410 268.666910 349.898351 545.320521 555.661393 483.119710 503.210356 431.215207 314.432850 381.504765 -9999.0 -9999.0
-9999.0 -9999.0 -9999.0 -9999.0 -9999.0 -9999.0 -9999.0 -9999.0 -9999.0 -9999.0 311.887667 243.212736 165.855299 62.928567 104.783981 163.617377 143.314687 68.723736 0.000000 21.447875 46.816606 54.930719 122.810207 140.783340 142.277398 96.480653 46.796502 19.208560 125.966690 198.678915 218.057190 163.647223 262.251347 269.473774 168.823744 126.432754 123.251536 109.061214 165.004428 216.244376 211.319279 152.871685 112.666504 182.975528 132.313117 79.216701 72.374367 50.186710 1.792777 82.552236 212.004011 275.498760 447.430179 558.927192 573.879613 494.607091 402.216437 137.899386 151.081683 176.403290 -9999.0
-9999.0 -9999.0 -9999.0 -9999.0 -9999.0 -9999.0 -9999.0 -9999.0 -9999.0 -9999.0 310.032930 280.659872 252.952363 147.476414 71.365107 75.827615 88.931260 55.054818 0.000000 0.000000 35.431572 67.012702 96.955184 121.120167 103.904891 24.456672 7.689236 59.394730 162.779538 233.623179 265.454237 228.349779 221.020047 301.771853 262.703077 194.501392 104.491895 121.177886 176.644919 276.075670 245.090188 215.561799 222.079830 263.989885 255.243022 224.666459 198.297016 140.173883 0.000000 46.694653 88.874591 264.362116 357.212648 465.865536 547.935323 494.124658 468.331044 284.749432 57.720575 59.123856 -9999.0
-9999.0 -9999.0 -9999.0 -9999.0 -9999.0 -9999.0 -9999.0 -9999.0 214.478841 240.754620 269.108148 258.998418 223.203963 212.274637 143.691849 44.978058 38.676353 17.410686 0.000000 0.000000 0.000000 0.000000 20.761694 65.116419 61.864469 0.000000 48.433714 144.017197 200.751927 251.068389 303.035848 276.897260 289.361711 315.257778 275.639609 256.743904 216.476797 121.120029 209.987651 284.777516 299.521127 254.834463 296.706554 322.632019 242.184882 211.946759 293.887494 258.762842 87.975530 22.005013 96.179272 155.834684 324.185001 467.485163 437.244139 341.619751 389.268591 226.973882 100.441202 0.000000 -9999.0
-9999.0 -9999.0 -9999.0 -9999.0 -9999.0 -9999.0 -9999.0 -9999.0 245.677460 195.422178 233.411163 313.548333 272.011735 156.057152 176.920000 76.542774 68.965402 63.247294 0.000000 0.000000 0.000000 0.000000 2.406815 21.444976 0.000000 0.000000 38.896023 118.868094 231.364925 260.595479 296.151271 229.068095 277.872093 295.028876 285.158686 242.970053 152.980602 120.539265 209.415773 283.791410 361.792996 343.476970 353.871372 284.809771 191.557552 291.660915 348.582663 331.500788 196.099229 68.310837 38.328200 141.243960 319.203005 379.118077 212.986433 157.015701 164.701440 115.138312 26.372539 0.000000 0.000000
-9999.0 -9999.0 -9999.0 -9999.0 -9999.0 -9999.0 -9999.0 -9999.0 288.368352 209.553896 208.439986 273.896334 222.445834 265.517781 178.797933 120.665430 43.709947 48.941378 0.000000 0.000000 0.000000 0.000000 0.000000 0.000000 0.000000 39.286861 53.123672 149.373457 193.275026 210.862804 222.696240 180.675443 219.428136 215.785264 273.330883 174.779307 251.687420 90.193237 226.387145 291.641318 361.241997 366.165488 338.896880 313.136626 326.709483 348.840081 356.517452 352.371312 314.982151 87.698924 0.000000 64.702945 173.930073 218.044054 89.576271 89.510496 29.681466 2.800220 0.000000 0.000000 0.000000
-9999.0 -9999.0 -9999.0 -9999.0 -9999.0 -9999.0 -9999.0 -9999.0 320.739432 236.961367 133.525185 213.058671 227.504312 188.625653 111.599878 46.963336 0.000000 0.000000 7.789429 0.000000 0.000000 0.000000 0.000000 0.000000 52.056061 64.419345 136.842260 164.381243 163.749595 140.596645 178.426757 180.130116 128.896969 126.141801 249.687094 236.869234 203.172017 80.484668 185.755348 262.665699 336.440629 314.603754 300.318615 251.917371 340.856731 324.674745 293.194433 275.881928 260.926873 159.838447 91.964002 0.000000 32.680444 88.967045 23.081207 9.586519 0.000000 0.000000 0.000000 0.000000 0.000000
-9999.0 -9999.0 -9999.0 -9999.0 -9999.0 -9999.0 -9999.0 -9999.0 287.331704 240.495045 159.631623 161.167071 117.014639 77.428250 75.933975 33.306906 32.731804 43.806092 64.527724 55.476637 0.000000 0.000000 0.000000 0.000000 52.954552 89.274529 138.182077 136.408617 94.288491 92.147442 151.727395 125.445208 60.601464 127.119800 178.008730 185.636541 150.028769 82.631725 93.310990 174.794952 202.475401 190.372909 150.022457 167.381464 248.270607 237.788846 170.400031 122.237211 138.698917 68.359883 46.617201 20.007179 0.000000 3.085682 0.000000 0.000000 0.000000 0.000000 0.000000 0.000000 36.577116
-9999.0 -9999.0 253.827770 249.740851 261.866126 225.313892 208.490044 233.826732 270.704923 288.946320 194.452418 78.475753 92.462319 85.929868 51.150277 39.832582 73.206680 205.337888 200.813628 74.730018 56.856531 0.000000 0.000000 0.000000 21.119312 37.414180 81.078044 70.565772 25.345396 81.326946 120.829159 111.228716 62.143563 74.115717 69.251083 84.349073 59.664512 75.191330 90.554679 126.955598 120.098467 86.564125 81.434523 95.002696 145.525653 135.879315 60.569550 62.192820 35.194928 0.000000 0.000000 0.000000 0.000000 0.000000 0.000000 0.000000 0.000000 0.000000 26.076182 44.476469 129.374716
-9999.0 187.400895 184.413671 200.573029 207.951238 192.495496 235.501955 298.728550 324.541247 326.646021 249.906675 168.301236 85.303867 89.771938 79.548115 132.530515 215.806348 261.619925 189.158768 75.589656 56.313637 0.000000 0.000000 0.000000 0.000000 10.244831 11.309020 9.805694 3.252678 20.963353 29.511628 60.851638 64.357929 22.539711 39.202132 18.732639 26.212587 27.515428 25.656365 34.721785 38.807868 21.117391 25.100258 69.980165 55.841689 22.104261 1.524506 0.000000 0.000000 0.000000 0.000000 0.000000 0.000000 0.000000 0.000000 26.231517 82.586637 86.850545 104.399086 165.377465 248.800703
