user2019/resources/simulation/Vinschgau/output-maps/SWEN0161.asc
ncols         63
nrows         48
xllcorner     598000.000000
yllcorner     5145000.000000
cellsize      1000.000000
NODATA_value  -9999.0
[rows 0 to 26 of 48, columns 0 to 60 of 63]
-9999.0 -9999.0 -9999.0 -9999.0 -9999.0 -9999.0 -9999.0 -9999.0 -9999.0 -9999.0 -9999.0 -9999.0 -9999.0 -9999.0 -9999.0 -9999.0 -9999.0 -9999.0 -9999.0 -9999.0 -9999.0 -9999.0 -9999.0 -9999.0 -9999.0 -9999.0 -9999.0 -9999.0 -9999.0 -9999.0 -9999.0 -9999.0 -9999.0 -9999.0 -9999.0 -9999.0 -9999.0 -9999.0 -9999.0 -9999.0 -9999.0 -9999.0 -9999.0 -9999.0 -9999.0 -9999.0 -9999.0 -9999.0 -9999.0 -9999.0 -9999.0 -9999.0 -9999.0 -9999.0 -9999.0 -9999.0 -9999.0 -9999.0 -9999.0 -9999.0 -9999.0
-9999.0 -9999.0 -9999.0 -9999.0 -9999.0 -9999.0 -9999.0 -9999.0 -9999.0 -9999.0 -9999.0 -9999.0 -9999.0 -9999.0 -9999.0 -9999.0 -9999.0 -9999.0 -9999.0 -9999.0 -9999.0 -9999.0 -9999.0 -9999.0 -9999.0 -9999.0 -9999.0 255.666739 227.475906 215.809347 281.179558 292.383499 266.402216 -9999.0 -9999.0 -9999.0 -9999.0 -9999.0 -9999.0 -9999.0 -9999.0 -9999.0 -9999.0 -9999.0 -9999.0 -9999.0 -9999.0 -9999.0 -9999.0 -9999.0 -9999.0 -9999.0 -9999.0 -9999.0 -9999.0 -9999.0 -9999.0 -9999.0 -9999.0 -9999.0 -9999.0
-9999.0 -9999.0 -9999.0 -9999.0 -9999.0 -9999.0 -9999.0 -9999.0 -9999.0 -9999.0 -9999.0 -9999.0 -9999.0 -9999.0 -9999.0 -9999.0 -9999.0 -9999.0 -9999.0 -9999.0 -9999.0 -9999.0 -9999.0 -9999.0 238.967214 195.601467 174.918683 186.297135 174.295348 191.012980 279.603701 -9999.0 -9999.0 -9999.0 -9999.0 -9999.0 -9999.0 -9999.0 -9999.0 -9999.0 -9999.0 -9999.0 -9999.0 -9999.0 -9999.0 -9999.0 -9999.0 -9999.0 -9999.0 -9999.0 -9999.0 -9999.0 -9999.0 -9999.0 -9999.0 -9999.0 -9999.0 -9999.0 -9999.0 -9999.0 -9999.0
-9999.0 -9999.0 -9999.0 -9999.0 -9999.0 -9999.0 -9999.0 -9999.0 -9999.0 -9999.0 -9999.0 -9999.0 -9999.0 -9999.0 -9999.0 -9999.0 -9999.0 -9999.0 -9999.0 -9999.0 -9999.0 -9999.0 -9999.0 204.165652 164.907226 146.653191 126.846782 130.493483 127.493304 174.410384 223.304453 272.361343 -9999.0 -9999.0 -9999.0 -9999.0 -9999.0 -9999.0 -9999.0 -9999.0 -9999.0 -9999.0 -9999.0 -9999.0 -9999.0 -9999.0 -9999.0 -9999.0 -9999.0 -9999.0 -9999.0 -9999.0 -9999.0 -9999.0 -9999.0 -9999.0 -9999.0 -9999.0 -9999.0 -9999.0 -9999.0
-9999.0 -9999.0 -9999.0 -9999.0 -9999.0 -9999.0 -9999.0 -9999.0 -9999.0 -9999.0 -9999.0 -9999.0 -9999.0 -9999.0 -9999.0 -9999.0 -9999.0 -9999.0 103.766772 172.940239 -9999.0 223.220775 182.672937 147.734724 107.282105 59.235017 111.877191 120.091392 69.650179 136.533175 170.945467 225.579881 214.539157 235.503041 -9999.0 -9999.0 -9999.0 -9999.0 -9999.0 -9999.0 -9999.0 -9999.0 -9999.0 -9999.0 -9999.0 -9999.0 -9999.0 -9999.0 -9999.0 -9999.0 -9999.0 -9999.0 -9999.0 -9999.0 -9999.0 -9999.0 -9999.0 -9999.0 -9999.0 -9999.0 -9999.0
-9999.0 -9999.0 -9999.0 -9999.0 -9999.0 -9999.0 -9999.0 -9999.0 -9999.0 -9999.0 -9999.0 -9999.0 -9999.0 -9999.0 -9999.0 -9999.0 -9999.0 0.000000 52.029214 110.428730 178.966593 166.948168 143.181287 94.855088 74.611290 108.420211 196.627838 209.452307 183.968922 128.441868 133.706665 175.174201 155.551232 186.494758 254.754748 293.319243 -9999.0 -9999.0 -9999.0 -9999.0 -9999.0 -9999.0 -9999.0 -9999.0 -9999.0 -9999.0 -9999.0 -9999.0 -9999.0 -9999.0 -9999.0 -9999.0 -9999.0 -9999.0 -9999.0 -9999.0 -9999.0 -9999.0 -9999.0 -9999.0 -9999.0
-9999.0 -9999.0 -9999.0 -9999.0 -9999.0 -9999.0 -9999.0 -9999.0 -9999.0 -9999.0 -9999.0 -9999.0 -9999.0 221.867106 133.952148 61.816050 49.265129 58.308274 0.000000 91.384362 96.400836 101.441634 69.213776 75.765684 112.356691 220.029363 250.076502 238.827475 232.737922 209.970261 173.657217 195.436887 230.076432 225.154362 229.552386 262.896487 -9999.0 -9999.0 -9999.0 -9999.0 -9999.0 -9999.0 -9999.0 -9999.0 -9999.0 -9999.0 -9999.0 -9999.0 -9999.0 -9999.0 -9999.0 -9999.0 -9999.0 -9999.0 -9999.0 -9999.0 -9999.0 -9999.0 -9999.0 -9999.0 -9999.0
-9999.0 -9999.0 -9999.0 -9999.0 -9999.0 -9999.0 -9999.0 -9999.0 -9999.0 -9999.0 -9999.0 -9999.0 -9999.0 182.017145 106.771709 70.190475 68.887478 57.382472 58.121539 40.034091 38.511143 61.124390 61.575687 87.593181 118.788888 189.965083 214.127839 266.647642 284.509462 243.819478 217.492475 235.948409 253.055651 260.482918 250.487884 -9999.0 -9999.0 -9999.0 -9999.0 -9999.0 -9999.0 -9999.0 -9999.0 -9999.0 -9999.0 -9999.0 -9999.0 -9999.0 -9999.0 -9999.0 -9999.0 -9999.0 -9999.0 -9999.0 -9999.0 -9999.0 -9999.0 -9999.0 -9999.0 -9999.0 -9999.0
-9999.0 -9999.0 -9999.0 -9999.0 -9999.0 -9999.0 -9999.0 -9999.0 -9999.0 -9999.0 -9999.0 -9999.0 -9999.0 132.846387 86.639646 107.334644 76.475350 55.382062 56.184057 37.834948 84.798082 163.417650 116.043113 208.041530 204.294529 226.134910 208.358625 293.272635 237.171706 288.124997 247.232528 284.151378 287.083209 296.054375 256.611569 -9999.0 -9999.0 -9999.0 -9999.0 -9999.0 -9999.0 -9999.0 -9999.0 -9999.0 -9999.0 -9999.0 -9999.0 -9999.0 -9999.0 -9999.0 -9999.0 -9999.0 -9999.0 -9999.0 -9999.0 -9999.0 -9999.0 -9999.0 -9999.0 -9999.0 -9999.0
-9999.0 -9999.0 -9999.0 -9999.0 -9999.0 -9999.0 -9999.0 -9999.0 -9999.0 -9999.0 -9999.0 -9999.0 166.305145 100.726322 108.464748 157.562303 113.560454 60.263841 46.935398 55.927086 94.672493 207.220842 224.397824 238.476618 158.343033 248.174026 223.450289 259.866817 189.900943 278.826138 295.464145 223.731030 183.912677 247.635309 -9999.0 -9999.0 -9999.0 -9999.0 -9999.0 -9999.0 -9999.0 -9999.0 -9999.0 -9999.0 -9999.0 -9999.0 -9999.0 -9999.0 -9999.0 -9999.0 -9999.0 -9999.0 -9999.0 -9999.0 -9999.0 -9999.0 -9999.0 -9999.0 -9999.0 -9999.0 -9999.0
-9999.0 -9999.0 -9999.0 -9999.0 -9999.0 -9999.0 -9999.0 -9999.0 -9999.0 -9999.0 -9999.0 244.282057 154.868813 103.170208 176.579008 215.366882 177.098363 62.579625 48.541284 55.175499 68.291178 123.945621 219.713201 264.174019 197.729696 248.748245 276.626552 232.898640 179.375129 275.743017 248.575249 143.461157 197.920713 204.820148 156.622309 101.202251 64.469600 36.974301 27.909326 -9999.0 -9999.0 -9999.0 182.099958 -9999.0 -9999.0 -9999.0 -9999.0 -9999.0 -9999.0 -9999.0 -9999.0 -9999.0 -9999.0 -9999.0 -9999.0 -9999.0 -9999.0 -9999.0 -9999.0 -9999.0 -9999.0
-9999.0 -9999.0 -9999.0 -9999.0 -9999.0 -9999.0 -9999.0 -9999.0 -9999.0 -9999.0 -9999.0 234.174671 206.485058 129.287781 174.257932 253.036963 135.246984 63.516530 45.377534 58.576787 78.758471 145.344174 214.646300 245.289213 224.326951 272.302622 223.676176 189.914633 230.250149 274.486328 174.309799 133.089186 151.868848 192.606123 138.477070 65.100312 15.019876 0.000000 0.620166 27.434675 47.464706 111.756828 91.723770 189.367889 -9999.0 -9999.0 -9999.0 372.243912 378.295843 372.527622 395.471424 455.163051 506.018328 518.936878 560.521839 636.789573 -9999.0 -9999.0 -9999.0 -9999.0 -9999.0
-9999.0 -9999.0 -9999.0 -9999.0 -9999.0 -9999.0 -9999.0 -9999.0 -9999.0 -9999.0 -9999.0 244.656510 262.876893 156.969159 205.732017 197.097333 129.681355 62.221625 50.088820 52.934444 62.752943 115.580109 168.173236 213.019171 275.347602 210.129414 155.036529 180.139490 253.268267 279.754082 247.921544 147.382382 123.942926 159.584691 124.421468 31.905447 0.000000 0.000000 0.000000 0.000000 16.915479 61.036179 73.552668 124.223692 218.870052 -9999.0 383.836660 318.003583 285.695355 255.037770 241.414533 263.168978 320.550691 378.764945 436.068740 523.063659 -9999.0 -9999.0 -9999.0 -9999.0 -9999.0
-9999.0 -9999.0 -9999.0 -9999.0 -9999.0 -9999.0 -9999.0 -9999.0 -9999.0 -9999.0 -9999.0 -9999.0 265.920006 204.915574 206.186022 207.839951 125.199711 66.431748 49.903291 49.230816 63.417316 112.042013 118.802076 153.422398 213.408830 163.703422 127.113689 238.997607 265.567046 245.112733 194.779638 136.327748 144.017877 156.898985 135.513805 61.465138 0.000000 0.000000 0.000000 0.000000 17.727226 46.109395 56.191115 95.668688 174.202101 256.903825 292.846811 326.155256 271.019189 174.981426 146.697767 303.168681 244.242638 369.183077 412.237608 491.207465 561.493434 -9999.0 -9999.0 -9999.0 -9999.0
-9999.0 -9999.0 -9999.0 -9999.0 -9999.0 -9999.0 -9999.0 -9999.0 -9999.0 -9999.0 -9999.0 218.381255 300.796177 257.358113 162.213614 155.982095 123.310372 70.155594 58.774111 0.000000 59.863489 87.062668 126.097900 164.553644 169.159451 121.554451 162.281489 267.610689 219.082149 195.419781 137.500755 118.940424 109.583826 161.004294 157.501767 77.807689 37.441180 0.000000 0.000000 0.000000 23.999052 23.839365 33.043991 69.467152 106.667343 226.014113 234.083091 229.544719 240.369911 119.506148 332.463262 405.569702 413.740286 454.208794 522.173556 569.084416 550.646724 -9999.0 -9999.0 -9999.0 -9999.0
-9999.0 -9999.0 -9999.0 -9999.0 -9999.0 -9999.0 -9999.0 -9999.0 -9999.0 -9999.0 207.954999 197.682916 224.470505 244.584040 201.682078 115.582197 146.951645 109.452072 53.534045 43.135054 64.756194 78.003014 134.311532 148.100964 114.320900 117.810887 215.789374 222.388306 164.438245 150.014061 101.524483 140.643910 171.933760 188.871709 194.131867 114.233549 35.791762 0.000000 0.000000 0.000000 0.000000 18.869424 35.505520 0.000000 83.043987 169.313454 234.127315 135.379444 116.428764 100.550632 295.609624 468.191794 491.606364 561.944063 571.195615 470.148125 459.318499 -9999.0 -9999.0 -9999.0 -9999.0
-9999.0 -9999.0 -9999.0 -9999.0 -9999.0 -9999.0 -9999.0 -9999.0 -9999.0 306.857372 260.155407 213.177854 129.477925 202.936616 173.549732 195.235359 226.517707 130.996324 50.022030 0.000000 55.001907 83.428691 85.333381 75.114608 94.595837 184.234140 163.350174 148.248213 108.678792 92.808411 65.543636 171.298671 221.117517 253.803484 200.430616 157.557109 103.684274 73.037015 73.563918 38.321249 0.000000 104.580298 108.958726 0.000000 41.142966 96.509224 118.158432 152.069038 189.592345 78.402243 211.979012 412.079526 558.149744 587.742295 520.637205 451.477623 421.411500 464.672390 558.362017 -9999.0 -9999.0
-9999.0 -9999.0 -9999.0 -9999.0 -9999.0 -9999.0 -9999.0 -9999.0 -9999.0 297.379589 309.524134 248.331049 87.191767 125.832644 176.620783 209.745659 184.305156 88.838946 36.551580 42.259778 41.815828 22.970835 63.048583 100.728010 180.540116 146.282277 122.832771 95.015337 49.356409 89.282101 129.233739 157.459438 231.877017 236.011848 169.112011 135.018784 126.017719 106.184200 147.833380 130.305511 136.556627 176.545316 100.789025 53.938673 0.000000 12.965200 16.261243 63.287941 110.819970 72.546382 268.453020 349.705472 545.206077 555.554497 483.029109 503.109959 431.040065 314.200793 381.290101 -9999.0 -9999.0
-9999.0 -9999.0 -9999.0 -9999.0 -9999.0 -9999.0 -9999.0 -9999.0 -9999.0 -9999.0 311.784474 243.075982 165.690705 62.572278 104.499090 163.406842 143.122953 68.416804 0.000000 20.973263 46.518673 54.721178 122.697803 140.685806 142.145770 96.212600 46.407393 18.761510 125.809240 198.578795 217.953303 163.489949 262.143827 269.362743 168.616910 126.176623 122.993019 108.802682 164.800717 216.123354 211.205443 152.644379 112.438648 182.784779 132.092391 78.989854 72.094009 49.826282 1.061347 82.172425 211.750231 275.272560 447.282663 558.816710 573.816048 494.523483 402.103595 137.609275 150.746741 176.082137 -9999.0
-9999.0 -9999.0 -9999.0 -9999.0 -9999.0 -9999.0 -9999.0 -9999.0 -9999.0 -9999.0 309.937585 280.558691 252.843809 147.321172 71.034886 75.513987 88.678216 54.693164 0.000000 0.000000 35.076286 66.703338 96.706731 120.959116 103.704900 24.037282 7.002594 59.184680 162.656370 233.562731 265.393560 228.232577 220.857678 301.688597 262.591768 194.345799 104.189737 120.930721 176.426873 275.946308 244.911150 215.377687 221.907695 263.843502 255.073107 224.467856 198.097801 139.951297 0.000000 46.279037 88.509883 264.150037 357.034566 465.730619 547.836280 493.995075 468.262598 284.561234 57.318213 58.641735 -9999.0
-9999.0 -9999.0 -9999.0 -9999.0 -9999.0 -9999.0 -9999.0 -9999.0 214.289620 240.588403 268.992219 258.901349 223.078604 212.139037 143.535009 44.582542 38.278406 16.938618 0.000000 0.000000 0.000000 0.000000 20.149731 64.843932 61.544152 0.000000 48.119746 143.890140 200.640266 250.980051 303.008918 276.810994 289.246889 315.149696 275.490656 256.654000 216.293478 120.842484 209.790496 284.605062 299.388595 254.692263 296.572933 322.527477 241.965156 211.749028 293.751237 258.582963 87.737061 21.541970 95.865607 155.583679 323.996830 467.362077 437.104634 341.435110 389.102209 226.751424 100.117312 0.000000 -9999.0
-9999.0 -9999.0 -9999.0 -9999.0 -9999.0 -9999.0 -9999.0 -9999.0 245.559365 195.230117 233.251995 313.483807 271.937014 155.916473 176.777083 76.368442 68.746028 63.043949 0.000000 0.000000 0.000000 0.000000 1.881685 21.131739 0.000000 0.000000 38.587709 118.715752 231.274680 260.496101 296.057083 228.921421 277.741149 294.886032 285.001112 242.784799 152.734834 120.264884 209.193403 283.616213 361.681512 343.403773 353.752254 284.640203 191.321596 291.487385 348.461846 331.364039 195.894343 68.010311 37.915154 140.994236 319.019624 378.982133 212.767706 156.733649 164.433193 114.832074 25.900624 0.000000 0.000000
-9999.0 -9999.0 -9999.0 -9999.0 -9999.0 -9999.0 -9999.0 -9999.0 288.289667 209.401991 208.257232 273.794366 222.303759 265.435319 178.609218 120.422036 43.348412 48.567703 0.000000 0.000000 0.000000 0.000000 0.000000 0.000000 0.000000 39.041399 52.907824 149.248859 193.147885 210.731512 222.561851 180.492804 219.258780 215.603267 273.163153 174.517093 251.500604 89.902335 226.168756 291.448583 361.116959 366.029554 338.730167 312.979703 326.584248 348.717479 356.352894 352.211374 314.857080 87.473614 0.000000 64.309673 173.693017 217.852250 89.259383 89.191135 29.241720 2.046445 0.000000 0.000000 0.000000
-9999.0 -9999.0 -9999.0 -9999.0 -9999.0 -9999.0 -9999.0 -9999.0 320.670723 236.823865 133.277782 212.901369 227.345495 188.437088 111.345927 46.607183 0.000000 0.000000 7.395504 0.000000 0.000000 0.000000 0.000000 0.000000 51.873822 64.269278 136.740317 164.231067 163.575353 140.362235 178.241146 179.931212 128.605335 125.836554 249.505640 236.691697 202.963036 80.191065 185.510979 262.454723 336.271566 314.414239 300.126976 251.707953 340.675121 324.494714 292.999078 275.660377 260.734122 159.600395 91.759830 0.000000 32.245169 88.665785 22.671175 9.059547 0.000000 0.000000 0.000000 0.000000 0.000000
-9999.0 -9999.0 -9999.0 -9999.0 -9999.0 -9999.0 -9999.0 -9999.0 287.228031 240.359514 159.446103 160.926237 116.737978 77.082337 75.562636 32.862109 32.373239 43.571351 64.369521 55.271981 0.000000 0.000000 0.000000 0.000000 52.704726 89.075223 138.014670 136.208071 93.955247 91.841670 151.532195 125.214491 60.202382 126.854323 177.769479 185.398512 149.742228 82.310050 92.942520 174.533091 202.221342 190.088414 149.693371 167.071887 248.053167 237.566306 170.119935 121.912912 138.400280 67.989679 46.203929 19.620422 0.000000 2.398224 0.000000 0.000000 0.000000 0.000000 0.000000 0.000000 36.241723
-9999.0 -9999.0 253.659895 249.579759 261.733410 225.133783 208.305633 233.647894 270.568391 288.830238 194.314797 78.171408 92.196149 85.621423 50.703036 39.524667 73.039271 205.240829 200.710986 74.584243 56.662585 0.000000 0.000000 0.000000 20.682106 37.098558 80.755960 70.265392 24.982659 81.019093 120.564474 110.987462 61.776430 73.738564 68.837087 83.970578 59.242167 74.808152 90.219359 126.663182 119.764854 86.150629 81.077487 94.639177 145.231280 135.555435 60.125867 61.733744 34.745861 0.000000 0.000000 0.000000 0.000000 0.000000 0.000000 0.000000 0.000000 0.000000 25.721822 44.177450 129.135593
-9999.0 187.177416 184.181123 200.359930 207.755505 192.295870 235.344094 298.615858 324.442371 326.557301 249.772298 168.126216 85.030948 89.468017 79.265735 132.369471 215.692928 261.513937 188.992953 75.376082 56.055662 0.000000 0.000000 0.000000 0.000000 9.630150 10.816897 9.267289 2.516413 20.496977 29.075215 60.435026 63.991022 22.006776 38.723394 18.096128 25.707741 27.015781 25.098138 34.200992 38.310316 20.560961 24.573759 69.545045 55.415349 21.650197 0.638902 0.000000 0.000000 0.000000 0.000000 0.000000 0.000000 0.000000 0.000000 25.905791 82.360193 86.616303 104.168877 165.183031 248.623004
