user2019/resources/simulation/Vinschgau/output-maps/SWEN0247.asc
ncols         63
nrows         48
xllcorner     598000.000000
yllcorner     5145000.000000
cellsize      1000.000000
NODATA_value  -9999.0
[rows 0 to 26 of 48, columns 0 to 60 of 63]
-9999.0 -9999.0 -9999.0 -9999.0 -9999.0 -9999.0 -9999.0 -9999.0 -9999.0 -9999.0 -9999.0 -9999.0 -9999.0 -9999.0 -9999.0 -9999.0 -9999.0 -9999.0 -9999.0 -9999.0 -9999.0 -9999.0 -9999.0 -9999.0 -9999.0 -9999.0 -9999.0 -9999.0 -9999.0 -9999.0 -9999.0 -9999.0 -9999.0 -9999.0 -9999.0 -9999.0 -9999.0 -9999.0 -9999.0 -9999.0 -9999.0 -9999.0 -9999.0 -9999.0 -9999.0 -9999.0 -9999.0 -9999.0 -9999.0 -9999.0 -9999.0 -9999.0 -9999.0 -9999.0 -9999.0 -9999.0 -9999.0 -9999.0 -9999.0 -9999.0 -9999.0
-9999.0 -9999.0 -9999.0 -9999.0 -9999.0 -9999.0 -9999.0 -9999.0 -9999.0 -9999.0 -9999.0 -9999.0 -9999.0 -9999.0 -9999.0 -9999.0 -9999.0 -9999.0 -9999.0 -9999.0 -9999.0 -9999.0 -9999.0 -9999.0 -9999.0 -9999.0 -9999.0 262.196521 231.894682 219.097590 290.561323 304.446372 277.509710 -9999.0 -9999.0 -9999.0 -9999.0 -9999.0 -9999.0 -9999.0 -9999.0 -9999.0 -9999.0 -9999.0 -9999.0 -9999.0 -9999.0 -9999.0 -9999.0 -9999.0 -9999.0 -9999.0 -9999.0 -9999.0 -9999.0 -9999.0 -9999.0 -9999.0 -9999.0 -9999.0 -9999.0
-9999.0 -9999.0 -9999.0 -9999.0 -9999.0 -9999.0 -9999.0 -9999.0 -9999.0 -9999.0 -9999.0 -9999.0 -9999.0 -9999.0 -9999.0 -9999.0 -9999.0 -9999.0 -9999.0 -9999.0 -9999.0 -9999.0 -9999.0 -9999.0 248.755949 200.856011 176.442146 187.301586 173.532124 191.645173 286.945047 -9999.0 -9999.0 -9999.0 -9999.0 -9999.0 -9999.0 -9999.0 -9999.0 -9999.0 -9999.0 -9999.0 -9999.0 -9999.0 -9999.0 -9999.0 -9999.0 -9999.0 -9999.0 -9999.0 -9999.0 -9999.0 -9999.0 -9999.0 -9999.0 -9999.0 -9999.0 -9999.0 -9999.0 -9999.0 -9999.0
-9999.0 -9999.0 -9999.0 -9999.0 -9999.0 -9999.0 -9999.0 -9999.0 -9999.0 -9999.0 -9999.0 -9999.0 -9999.0 -9999.0 -9999.0 -9999.0 -9999.0 -9999.0 -9999.0 -9999.0 -9999.0 -9999.0 -9999.0 214.872402 168.501726 110.007404 85.487621 93.245211 107.441849 172.972876 225.285005 278.790056 -9999.0 -9999.0 -9999.0 -9999.0 -9999.0 -9999.0 -9999.0 -9999.0 -9999.0 -9999.0 -9999.0 -9999.0 -9999.0 -9999.0 -9999.0 -9999.0 -9999.0 -9999.0 -9999.0 -9999.0 -9999.0 -9999.0 -9999.0 -9999.0 -9999.0 -9999.0 -9999.0 -9999.0 -9999.0
-9999.0 -9999.0 -9999.0 -9999.0 -9999.0 -9999.0 -9999.0 -9999.0 -9999.0 -9999.0 -9999.0 -9999.0 -9999.0 -9999.0 -9999.0 -9999.0 -9999.0 -9999.0 72.338378 167.489170 -9999.0 240.129580 194.237437 129.149615 54.123130 0.000000 112.572770 119.595066 0.000000 122.319111 169.066307 228.322251 217.219299 241.047525 -9999.0 -9999.0 -9999.0 -9999.0 -9999.0 -9999.0 -9999.0 -9999.0 -9999.0 -9999.0 -9999.0 -9999.0 -9999.0 -9999.0 -9999.0 -9999.0 -9999.0 -9999.0 -9999.0 -9999.0 -9999.0 -9999.0 -9999.0 -9999.0 -9999.0 -9999.0 -9999.0
-9999.0 -9999.0 -9999.0 -9999.0 -9999.0 -9999.0 -9999.0 -9999.0 -9999.0 -9999.0 -9999.0 -9999.0 -9999.0 -9999.0 -9999.0 -9999.0 -9999.0 0.000161 0.000000 102.496981 194.062052 170.234144 140.484153 67.103879 0.065928 113.013565 202.524528 213.286311 185.948218 127.371649 125.126101 174.594321 151.575275 187.444092 261.074073 304.730308 -9999.0 -9999.0 -9999.0 -9999.0 -9999.0 -9999.0 -9999.0 -9999.0 -9999.0 -9999.0 -9999.0 -9999.0 -9999.0 -9999.0 -9999.0 -9999.0 -9999.0 -9999.0 -9999.0 -9999.0 -9999.0 -9999.0 -9999.0 -9999.0 -9999.0
-9999.0 -9999.0 -9999.0 -9999.0 -9999.0 -9999.0 -9999.0 -9999.0 -9999.0 -9999.0 -9999.0 -9999.0 -9999.0 246.552081 145.202073 37.810018 48.831107 34.444284 0.000000 72.432409 29.884301 39.757162 28.851376 11.843806 120.037744 231.025796 260.784935 245.789804 240.115952 214.492724 175.946663 199.652165 235.674143 233.763535 236.736137 272.021628 -9999.0 -9999.0 -9999.0 -9999.0 -9999.0 -9999.0 -9999.0 -9999.0 -9999.0 -9999.0 -9999.0 -9999.0 -9999.0 -9999.0 -9999.0 -9999.0 -9999.0 -9999.0 -9999.0 -9999.0 -9999.0 -9999.0 -9999.0 -9999.0 -9999.0
-9999.0 -9999.0 -9999.0 -9999.0 -9999.0 -9999.0 -9999.0 -9999.0 -9999.0 -9999.0 -9999.0 -9999.0 -9999.0 204.696133 99.296831 79.038266 82.682010 30.029649 25.425969 0.001026 0.000199 70.810117 71.420219 97.913749 127.919607 199.234034 223.135733 278.787654 297.360099 253.873307 224.922998 246.237444 263.905579 273.099309 260.414220 -9999.0 -9999.0 -9999.0 -9999.0 -9999.0 -9999.0 -9999.0 -9999.0 -9999.0 -9999.0 -9999.0 -9999.0 -9999.0 -9999.0 -9999.0 -9999.0 -9999.0 -9999.0 -9999.0 -9999.0 -9999.0 -9999.0 -9999.0 -9999.0 -9999.0 -9999.0
-9999.0 -9999.0 -9999.0 -9999.0 -9999.0 -9999.0 -9999.0 -9999.0 -9999.0 -9999.0 -9999.0 -9999.0 -9999.0 139.807751 53.210361 127.744195 93.292808 58.621987 31.318289 0.000000 97.327265 182.326830 133.011670 226.352112 219.639013 240.433539 218.984078 311.205580 246.994578 304.898705 259.595815 301.001119 302.895942 312.872144 267.133488 -9999.0 -9999.0 -9999.0 -9999.0 -9999.0 -9999.0 -9999.0 -9999.0 -9999.0 -9999.0 -9999.0 -9999.0 -9999.0 -9999.0 -9999.0 -9999.0 -9999.0 -9999.0 -9999.0 -9999.0 -9999.0 -9999.0 -9999.0 -9999.0 -9999.0 -9999.0
-9999.0 -9999.0 -9999.0 -9999.0 -9999.0 -9999.0 -9999.0 -9999.0 -9999.0 -9999.0 -9999.0 -9999.0 187.477595 72.073998 129.529384 182.711523 135.050149 64.487482 0.674581 26.751021 111.030245 231.733353 247.627237 261.326995 172.283471 268.805125 239.529105 275.618131 198.748339 295.819654 314.863737 231.499153 188.329035 256.035286 -9999.0 -9999.0 -9999.0 -9999.0 -9999.0 -9999.0 -9999.0 -9999.0 -9999.0 -9999.0 -9999.0 -9999.0 -9999.0 -9999.0 -9999.0 -9999.0 -9999.0 -9999.0 -9999.0 -9999.0 -9999.0 -9999.0 -9999.0 -9999.0 -9999.0 -9999.0 -9999.0
-9999.0 -9999.0 -9999.0 -9999.0 -9999.0 -9999.0 -9999.0 -9999.0 -9999.0 -9999.0 -9999.0 273.956444 178.876988 112.445377 204.017498 244.873415 204.059892 72.641019 0.678164 31.303362 66.052948 96.541811 243.322460 290.038049 215.615073 268.873346 301.193039 248.224901 189.637002 295.189273 260.590110 145.804074 203.532800 209.668861 155.682513 93.661624 52.420457 20.714646 0.039755 -9999.0 -9999.0 -9999.0 181.808150 -9999.0 -9999.0 -9999.0 -9999.0 -9999.0 -9999.0 -9999.0 -9999.0 -9999.0 -9999.0 -9999.0 -9999.0 -9999.0 -9999.0 -9999.0 -9999.0 -9999.0 -9999.0
-9999.0 -9999.0 -9999.0 -9999.0 -9999.0 -9999.0 -9999.0 -9999.0 -9999.0 -9999.0 -9999.0 263.421976 234.815078 152.702954 201.143264 286.033285 155.582068 62.528983 0.587754 6.235743 41.107415 151.949603 238.638920 270.561334 245.880017 296.044629 241.668266 203.246929 245.252382 293.013545 182.013752 136.088147 155.251081 197.163524 137.207612 54.692555 0.012621 0.004013 0.004589 10.357525 32.071485 104.839984 84.561105 192.502421 -9999.0 -9999.0 -9999.0 393.262327 400.620073 395.021265 420.899381 486.430646 543.049942 558.236902 604.534993 688.983029 -9999.0 -9999.0 -9999.0 -9999.0 -9999.0
-9999.0 -9999.0 -9999.0 -9999.0 -9999.0 -9999.0 -9999.0 -9999.0 -9999.0 -9999.0 -9999.0 276.151040 296.160411 182.070561 235.379746 226.006755 149.370508 72.536738 0.002309 0.000000 28.998860 124.871372 174.944796 236.020885 303.605622 229.076024 162.727074 193.923559 272.353976 299.577515 263.842271 152.321057 125.022335 163.152910 122.158975 18.240086 0.000023 0.000000 0.000000 0.004613 0.011617 52.504375 67.310583 124.136948 226.768871 -9999.0 405.339238 334.151097 299.764332 257.659267 239.022939 264.903414 327.312665 391.561823 463.691862 564.842431 -9999.0 -9999.0 -9999.0 -9999.0 -9999.0
-9999.0 -9999.0 -9999.0 -9999.0 -9999.0 -9999.0 -9999.0 -9999.0 -9999.0 -9999.0 -9999.0 -9999.0 300.346089 235.266087 227.464334 237.375824 146.523940 82.631625 0.731317 0.010872 46.161871 116.537888 96.545897 157.143411 235.597413 176.371378 104.630392 259.671084 286.588660 262.733406 206.445594 141.490383 147.818309 160.432718 137.680342 54.164627 0.000000 0.000000 0.000169 0.000000 0.016141 14.661635 31.554047 80.055361 180.046544 268.374329 307.091345 343.494816 284.416955 177.818497 117.563702 325.154498 236.998309 398.063154 446.521690 532.874820 606.819591 -9999.0 -9999.0 -9999.0 -9999.0
-9999.0 -9999.0 -9999.0 -9999.0 -9999.0 -9999.0 -9999.0 -9999.0 -9999.0 -9999.0 -9999.0 247.556500 341.338245 292.204638 178.088997 169.788144 139.810484 89.132448 29.987869 0.000215 33.416557 49.572489 143.348980 183.081583 185.559399 112.461706 178.266112 292.593707 237.161687 209.473798 139.752621 122.777499 109.444170 166.405050 163.309034 73.565134 31.289957 0.000000 0.000000 0.003419 0.000000 0.000000 0.000646 16.771573 70.741230 236.176127 244.089221 240.057531 251.549145 126.520298 355.197215 435.709418 445.774519 491.127483 564.606001 616.808311 593.596391 -9999.0 -9999.0 -9999.0 -9999.0
-9999.0 -9999.0 -9999.0 -9999.0 -9999.0 -9999.0 -9999.0 -9999.0 -9999.0 -9999.0 237.714526 226.549211 251.081637 281.194971 227.675325 103.611992 173.985893 131.457193 42.342625 0.000358 0.185429 77.798100 127.456463 131.994230 81.469073 131.415158 236.607913 242.690396 175.254330 150.311920 85.999968 148.892327 180.331333 198.306560 204.384935 114.757880 28.045569 0.000049 0.000000 0.000039 0.000143 24.893636 40.828066 0.000287 42.000539 176.393154 244.330690 120.249674 53.849677 89.963625 312.681362 502.024679 528.802573 604.743632 614.658292 503.545248 493.358259 -9999.0 -9999.0 -9999.0 -9999.0
-9999.0 -9999.0 -9999.0 -9999.0 -9999.0 -9999.0 -9999.0 -9999.0 -9999.0 347.698440 296.310744 247.051704 112.204972 235.478111 194.880398 228.912733 259.947487 139.971551 9.441145 0.000359 0.150491 25.893019 34.403587 0.010192 108.581591 203.610374 179.348411 141.146552 60.938867 41.282884 24.223320 182.751145 237.599420 272.428880 209.181405 162.476278 104.846136 70.813719 74.126635 39.359850 0.000141 114.236532 116.864875 0.000000 0.000435 28.075321 39.509785 133.895134 197.557464 29.535695 220.591107 438.007927 598.571905 626.042454 555.499097 482.593897 451.811714 497.670371 599.267678 -9999.0 -9999.0
-9999.0 -9999.0 -9999.0 -9999.0 -9999.0 -9999.0 -9999.0 -9999.0 -9999.0 337.924339 353.672980 286.102352 41.855603 110.787843 190.084764 245.657909 205.213382 68.654191 0.000257 0.042647 0.074322 0.171729 73.696528 111.193974 200.602687 153.544686 87.306960 36.171152 0.000694 99.550559 140.545629 168.216479 247.454558 250.369119 176.564178 137.917063 128.160039 106.452387 154.312675 135.971290 144.579276 189.118191 88.861840 56.581025 0.000000 0.000000 0.000000 0.002684 54.891694 61.857952 283.156668 369.528119 578.446794 590.325746 517.614906 537.758422 460.781082 311.388088 392.678852 -9999.0 -9999.0
-9999.0 -9999.0 -9999.0 -9999.0 -9999.0 -9999.0 -9999.0 -9999.0 -9999.0 -9999.0 356.964100 282.068124 201.438698 5.634204 92.240127 169.694037 149.339476 24.597505 0.000041 0.000274 0.078202 57.801619 139.037215 158.544337 154.967310 40.174081 0.003183 0.000812 139.752919 217.368804 236.925429 175.588339 281.797128 287.782945 176.387134 126.182211 119.132933 109.153886 171.332929 229.304438 225.962782 158.854298 118.350098 192.829484 140.563540 87.842297 77.736041 50.675114 0.000000 18.731255 211.560054 286.673113 472.090825 591.063160 611.330775 527.419704 431.275095 93.077385 42.611977 98.741562 -9999.0
-9999.0 -9999.0 -9999.0 -9999.0 -9999.0 -9999.0 -9999.0 -9999.0 -9999.0 -9999.0 355.028971 325.486861 297.183128 185.283338 1.430023 34.376233 65.125798 0.000260 0.000000 0.000102 0.001343 0.024194 28.385708 97.124289 74.096520 0.000380 0.000264 70.560371 178.815444 256.228805 288.895128 245.226594 235.897825 323.242324 279.640621 205.581592 81.178104 123.864508 183.470718 291.497177 256.513862 225.001199 234.064898 279.734254 268.663522 236.736330 209.968511 150.269548 0.000000 0.000638 30.796309 276.328159 374.986603 490.452092 577.160509 520.419012 500.281659 306.243072 0.001097 0.038290 -9999.0
-9999.0 -9999.0 -9999.0 -9999.0 -9999.0 -9999.0 -9999.0 -9999.0 230.216489 271.417688 308.852583 299.639442 263.778090 256.435996 182.909887 0.000809 0.000507 0.014650 0.000000 0.000068 0.000434 0.001956 0.013255 5.004943 0.004043 0.000000 0.027732 160.264050 218.972946 272.721345 330.197570 298.562885 309.608576 335.558745 291.399545 274.950484 226.805039 122.394861 219.055190 298.761328 315.309448 269.236208 314.705051 343.474639 252.699619 222.548510 311.863022 273.279817 97.041431 0.000240 47.156356 146.162221 339.617973 489.671379 456.459859 350.181281 409.983584 218.676377 34.519730 0.000000 -9999.0
-9999.0 -9999.0 -9999.0 -9999.0 -9999.0 -9999.0 -9999.0 -9999.0 277.720133 203.087788 268.651292 360.085354 315.481423 189.756586 214.022472 105.418350 75.635110 80.633601 0.000036 0.000032 0.000000 0.090209 0.509011 0.334821 0.000596 0.000080 0.000292 132.551119 252.123888 281.500499 318.166191 245.269441 295.961715 312.773014 301.040519 254.943124 157.776289 111.205737 218.404231 296.880380 382.555525 366.882252 374.639459 297.784838 195.845197 307.533019 369.504754 350.568087 207.705489 73.375680 0.000000 122.196876 332.739390 392.844498 206.963926 114.142329 106.405421 43.592847 0.000282 0.000000 0.000000
-9999.0 -9999.0 -9999.0 -9999.0 -9999.0 -9999.0 -9999.0 -9999.0 324.253493 238.397277 218.504750 312.291717 257.032927 305.881830 179.882483 102.951128 0.000000 0.005641 0.000000 0.005241 0.000000 0.003861 0.065885 0.004596 0.095127 4.984933 55.488278 165.179922 210.367411 228.162518 238.955652 188.799789 233.681881 227.943046 287.753244 155.486902 264.505496 72.481849 236.739644 305.170161 379.374024 384.303447 355.326999 330.074095 346.117327 368.949603 374.133214 369.799624 333.089420 96.580829 0.000000 0.005503 155.207304 224.424255 4.273514 0.064549 0.000000 0.000039 0.000000 0.000000 0.000000
-9999.0 -9999.0 -9999.0 -9999.0 -9999.0 -9999.0 -9999.0 -9999.0 358.725817 266.675687 104.573008 241.862732 242.667465 177.596795 74.497355 0.001051 0.000058 0.000000 0.010059 0.000041 0.000034 0.000025 0.003227 0.045981 4.832463 65.198881 152.013465 176.631937 146.304136 102.331109 187.712876 190.046590 72.652535 79.716419 262.978039 248.823950 212.045427 48.764001 181.204798 274.689121 351.406858 328.261981 311.114840 263.312931 357.241257 340.330538 303.739389 288.585214 267.820173 151.754674 101.954345 0.000000 0.000000 0.036921 0.000033 0.000000 0.000000 0.000000 0.000000 0.000000 0.000000
-9999.0 -9999.0 -9999.0 -9999.0 -9999.0 -9999.0 -9999.0 -9999.0 320.027415 268.817613 178.838455 114.110253 40.424545 0.000000 0.487060 0.000205 14.638005 56.798871 80.032477 65.303728 0.000263 0.000034 0.000130 0.000357 0.646116 25.381622 122.956175 104.224759 8.141744 27.546902 159.403567 98.307959 0.000967 100.944962 167.905313 172.093043 119.107696 22.720784 20.758218 156.513608 187.641967 165.904763 94.658445 132.779767 259.930311 239.569885 154.915794 58.417584 94.595415 0.014546 0.000385 0.000000 0.000000 0.000000 0.000000 0.000000 0.000000 0.000000 0.000000 0.000000 0.000220
-9999.0 -9999.0 281.392078 277.270747 290.683690 251.468848 232.227138 261.416135 300.931866 320.353565 219.676663 0.001033 29.925387 0.000866 0.013731 16.212074 92.098347 230.046441 223.231272 89.584074 62.278455 0.000037 0.000056 0.000000 0.016019 0.028242 0.466862 4.384382 0.000000 4.279715 77.575307 72.627031 0.033294 6.118546 0.000646 7.055185 0.000710 0.000142 12.512053 79.608520 44.648523 0.001395 2.254476 20.238343 111.204373 86.595207 0.001720 0.000738 0.000385 0.000000 0.000000 0.000000 0.000000 0.000000 0.000000 0.000000 0.000000 0.000000 0.000000 44.762815 135.526159
-9999.0 190.524407 182.172581 207.906372 224.180141 199.342406 262.523617 330.973105 358.860813 360.318411 277.219907 186.607583 0.000266 0.041773 21.708575 154.035918 241.186272 288.761177 190.106440 65.394288 4.237845 0.000066 0.001851 0.000000 0.003983 0.000504 0.121217 0.080019 0.000145 0.000543 0.000573 0.000554 0.000278 0.005331 0.000139 0.000098 0.000033 0.000000 0.000053 0.000226 0.000254 0.000108 0.000129 0.000344 0.000520 0.000281 0.000108 0.000000 0.000000 0.000000 0.000000 0.000000 0.000000 0.000000 0.000000 24.542395 92.076499 100.671946 120.031619 190.794050 277.655257
