user2019/resources/simulation/Vinschgau/output-maps/TaN0668.asc
ncols         63
nrows         48
xllcorner     598000.000000
yllcorner     5145000.000000
cellsize      1000.000000
NODATA_value  -9999.0
[rows 0 to 27 of 48, columns 0 to 62 of 63]
-9999.0 -9999.0 -9999.0 -9999.0 -9999.0 -9999.0 -9999.0 -9999.0 -9999.0 -9999.0 -9999.0 -9999.0 -9999.0 -9999.0 -9999.0 -9999.0 -9999.0 -9999.0 -9999.0 -9999.0 -9999.0 -9999.0 -9999.0 -9999.0 -9999.0 -9999.0 -9999.0 -9999.0 -9999.0 -9999.0 -9999.0 -9999.0 -9999.0 -9999.0 -9999.0 -9999.0 -9999.0 -9999.0 -9999.0 -9999.0 -9999.0 -9999.0 -9999.0 -9999.0 -9999.0 -9999.0 -9999.0 -9999.0 -9999.0 -9999.0 -9999.0 -9999.0 -9999.0 -9999.0 -9999.0 -9999.0 -9999.0 -9999.0 -9999.0 -9999.0 -9999.0 -9999.0 -9999.0
-9999.0 -9999.0 -9999.0 -9999.0 -9999.0 -9999.0 -9999.0 -9999.0 -9999.0 -9999.0 -9999.0 -9999.0 -9999.0 -9999.0 -9999.0 -9999.0 -9999.0 -9999.0 -9999.0 -9999.0 -9999.0 -9999.0 -9999.0 -9999.0 -9999.0 -9999.0 -9999.0 4.783734 5.368500 5.772162 4.883647 4.167486 5.228781 -9999.0 -9999.0 -9999.0 -9999.0 -9999.0 -9999.0 -9999.0 -9999.0 -9999.0 -9999.0 -9999.0 -9999.0 -9999.0 -9999.0 -9999.0 -9999.0 -9999.0 -9999.0 -9999.0 -9999.0 -9999.0 -9999.0 -9999.0 -9999.0 -9999.0 -9999.0 -9999.0 -9999.0 -9999.0 -9999.0
-9999.0 -9999.0 -9999.0 -9999.0 -9999.0 -9999.0 -9999.0 -9999.0 -9999.0 -9999.0 -9999.0 -9999.0 -9999.0 -9999.0 -9999.0 -9999.0 -9999.0 -9999.0 -9999.0 -9999.0 -9999.0 -9999.0 -9999.0 -9999.0 5.890005 6.176323 6.731785 6.058877 6.908250 6.770277 4.528273 -9999.0 -9999.0 -9999.0 -9999.0 -9999.0 -9999.0 -9999.0 -9999.0 -9999.0 -9999.0 -9999.0 -9999.0 -9999.0 -9999.0 -9999.0 -9999.0 -9999.0 -9999.0 -9999.0 -9999.0 -9999.0 -9999.0 -9999.0 -9999.0 -9999.0 -9999.0 -9999.0 -9999.0 -9999.0 -9999.0 -9999.0 -9999.0
-9999.0 -9999.0 -9999.0 -9999.0 -9999.0 -9999.0 -9999.0 -9999.0 -9999.0 -9999.0 -9999.0 -9999.0 -9999.0 -9999.0 -9999.0 -9999.0 -9999.0 -9999.0 -9999.0 -9999.0 -9999.0 -9999.0 -9999.0 6.117985 7.371327 7.829594 8.706868 8.500871 8.538495 6.724840 4.514986 4.048336 -9999.0 -9999.0 -9999.0 -9999.0 -9999.0 -9999.0 -9999.0 -9999.0 -9999.0 -9999.0 -9999.0 -9999.0 -9999.0 -9999.0 -9999.0 -9999.0 -9999.0 -9999.0 -9999.0 -9999.0 -9999.0 -9999.0 -9999.0 -9999.0 -9999.0 -9999.0 -9999.0 -9999.0 -9999.0 -9999.0 -9999.0
-9999.0 -9999.0 -9999.0 -9999.0 -9999.0 -9999.0 -9999.0 -9999.0 -9999.0 -9999.0 -9999.0 -9999.0 -9999.0 -9999.0 -9999.0 -9999.0 -9999.0 -9999.0 10.133809 6.332406 -9999.0 6.309448 7.090808 7.939646 9.389158 10.740344 10.724002 10.582682 10.571405 8.084973 6.366863 4.842534 3.790172 1.562229 -9999.0 -9999.0 -9999.0 -9999.0 -9999.0 -9999.0 -9999.0 -9999.0 -9999.0 -9999.0 -9999.0 -9999.0 -9999.0 -9999.0 -9999.0 -9999.0 -9999.0 -9999.0 -9999.0 -9999.0 -9999.0 -9999.0 -9999.0 -9999.0 -9999.0 -9999.0 -9999.0 -9999.0 -9999.0
-9999.0 -9999.0 -9999.0 -9999.0 -9999.0 -9999.0 -9999.0 -9999.0 -9999.0 -9999.0 -9999.0 -9999.0 -9999.0 -9999.0 -9999.0 -9999.0 -9999.0 13.492132 11.957858 9.280895 6.778909 7.650265 8.175155 10.189418 11.487755 9.734781 8.332280 8.032076 8.737307 10.097125 8.466436 6.590080 6.362829 5.035023 3.308662 2.350409 -9999.0 -9999.0 -9999.0 -9999.0 -9999.0 -9999.0 -9999.0 -9999.0 -9999.0 -9999.0 -9999.0 -9999.0 -9999.0 -9999.0 -9999.0 -9999.0 -9999.0 -9999.0 -9999.0 -9999.0 -9999.0 -9999.0 -9999.0 -9999.0 -9999.0 -9999.0 -9999.0
-9999.0 -9999.0 -9999.0 -9999.0 -9999.0 -9999.0 -9999.0 -9999.0 -9999.0 -9999.0 -9999.0 -9999.0 -9999.0 6.868603 8.905074 11.590613 12.826469 13.560029 13.299080 9.713710 9.683245 9.660174 10.954019 11.708770 9.598809 7.476417 5.942654 6.770603 6.482900 7.630203 8.849591 7.809466 6.065701 5.330433 4.692463 2.091828 -9999.0 -9999.0 -9999.0 -9999.0 -9999.0 -9999.0 -9999.0 -9999.0 -9999.0 -9999.0 -9999.0 -9999.0 -9999.0 -9999.0 -9999.0 -9999.0 -9999.0 -9999.0 -9999.0 -9999.0 -9999.0 -9999.0 -9999.0 -9999.0 -9999.0 -9999.0 -9999.0
-9999.0 -9999.0 -9999.0 -9999.0 -9999.0 -9999.0 -9999.0 -9999.0 -9999.0 -9999.0 -9999.0 -9999.0 -9999.0 7.570137 9.687459 11.382240 11.396173 13.326057 13.580388 13.031845 12.712796 12.583798 11.759991 10.674221 9.592362 7.891825 5.292303 5.451185 4.325382 5.676110 6.672622 5.159514 4.163999 2.779751 3.143832 -9999.0 -9999.0 -9999.0 -9999.0 -9999.0 -9999.0 -9999.0 -9999.0 -9999.0 -9999.0 -9999.0 -9999.0 -9999.0 -9999.0 -9999.0 -9999.0 -9999.0 -9999.0 -9999.0 -9999.0 -9999.0 -9999.0 -9999.0 -9999.0 -9999.0 -9999.0 -9999.0 -9999.0
-9999.0 -9999.0 -9999.0 -9999.0 -9999.0 -9999.0 -9999.0 -9999.0 -9999.0 -9999.0 -9999.0 -9999.0 -9999.0 8.617000 10.920532 9.904704 10.455167 12.449644 13.645815 13.359105 11.563448 9.082568 9.481459 8.292832 8.192738 7.483286 6.440107 4.039592 3.884421 3.561648 4.610146 2.342545 2.052480 0.426423 1.846837 -9999.0 -9999.0 -9999.0 -9999.0 -9999.0 -9999.0 -9999.0 -9999.0 -9999.0 -9999.0 -9999.0 -9999.0 -9999.0 -9999.0 -9999.0 -9999.0 -9999.0 -9999.0 -9999.0 -9999.0 -9999.0 -9999.0 -9999.0 -9999.0 -9999.0 -9999.0 -9999.0 -9999.0
-9999.0 -9999.0 -9999.0 -9999.0 -9999.0 -9999.0 -9999.0 -9999.0 -9999.0 -9999.0 -9999.0 -9999.0 7.809743 10.187578 9.897439 8.610368 9.454992 11.868062 13.706437 13.459691 10.166702 6.916252 7.456457 6.535189 8.265482 5.353079 6.555964 4.276950 5.896948 3.858204 2.371942 3.563683 3.938169 1.025416 -9999.0 -9999.0 -9999.0 -9999.0 -9999.0 -9999.0 -9999.0 -9999.0 -9999.0 -9999.0 -9999.0 -9999.0 -9999.0 -9999.0 -9999.0 -9999.0 -9999.0 -9999.0 -9999.0 -9999.0 -9999.0 -9999.0 -9999.0 -9999.0 -9999.0 -9999.0 -9999.0 -9999.0 -9999.0
-9999.0 -9999.0 -9999.0 -9999.0 -9999.0 -9999.0 -9999.0 -9999.0 -9999.0 -9999.0 -9999.0 6.873517 8.782199 10.209234 7.850896 7.509403 8.103451 11.161039 13.748812 13.623337 10.613823 8.857346 6.967048 5.597862 7.672896 6.077525 4.111860 5.228245 6.205684 2.448972 3.354201 6.054291 4.505496 2.627473 3.328227 4.798330 4.375038 5.294280 5.617679 -9999.0 -9999.0 -9999.0 2.791563 -9999.0 -9999.0 -9999.0 -9999.0 -9999.0 -9999.0 -9999.0 -9999.0 -9999.0 -9999.0 -9999.0 -9999.0 -9999.0 -9999.0 -9999.0 -9999.0 -9999.0 -9999.0 -9999.0 -9999.0
-9999.0 -9999.0 -9999.0 -9999.0 -9999.0 -9999.0 -9999.0 -9999.0 -9999.0 -9999.0 -9999.0 6.439830 7.843270 9.127964 7.684825 6.044787 8.444587 11.453039 13.755302 13.464395 11.596473 8.717235 6.935105 5.701762 6.983335 5.323685 4.869949 6.227978 6.158600 2.644005 5.206005 7.168223 3.963407 3.387986 2.694571 5.337651 6.985462 6.893798 5.492351 3.181352 3.149549 2.783640 5.290186 4.339327 -9999.0 -9999.0 -9999.0 1.316044 2.960118 4.167237 4.120912 3.277765 3.111171 2.541414 3.091279 2.862136 -9999.0 -9999.0 -9999.0 -9999.0 -9999.0 -9999.0 -9999.0
-9999.0 -9999.0 -9999.0 -9999.0 -9999.0 -9999.0 -9999.0 -9999.0 -9999.0 -9999.0 -9999.0 6.264897 6.264449 8.675304 7.331486 6.794417 8.968429 11.637745 13.621207 13.584836 11.806610 9.575693 6.923264 5.989538 5.345302 5.038872 7.487972 8.049297 4.892169 2.952891 4.466862 7.269840 6.407267 3.617005 3.943262 6.669009 8.533422 9.049687 7.712850 4.777100 5.892658 4.555748 6.752387 5.770585 3.850899 -9999.0 1.664439 4.041151 5.619656 6.837217 7.208364 7.343150 6.594767 5.977091 5.952332 5.162748 -9999.0 -9999.0 -9999.0 -9999.0 -9999.0 -9999.0 -9999.0
-9999.0 -9999.0 -9999.0 -9999.0 -9999.0 -9999.0 -9999.0 -9999.0 -9999.0 -9999.0 -9999.0 -9999.0 6.792424 7.584235 6.473815 6.675514 8.646903 11.042092 13.731195 13.789596 11.701184 10.053723 9.655645 7.911008 5.699408 7.110743 8.876396 6.221798 4.812216 4.004103 5.002629 7.369715 6.413637 4.475372 4.048451 5.773460 7.622317 9.269965 10.005574 6.524772 7.392831 6.873787 8.530251 7.535273 4.679460 3.655087 3.370894 4.216412 6.907033 8.989653 10.096959 9.059863 9.059425 8.580922 7.795585 6.550936 5.444863 -9999.0 -9999.0 -9999.0 -9999.0 -9999.0 -9999.0
-9999.0 -9999.0 -9999.0 -9999.0 -9999.0 -9999.0 -9999.0 -9999.0 -9999.0 -9999.0 -9999.0 6.232242 5.256241 6.744964 7.964878 8.094643 9.367589 10.939683 13.461273 13.725163 12.199661 10.985821 10.081258 6.994086 7.141697 9.265398 8.305363 4.697005 4.350326 5.564807 7.361631 8.594947 7.655635 4.596391 2.824606 5.313341 5.588039 8.086908 10.773333 8.744236 8.288951 10.071381 10.672859 9.580288 8.165418 5.068237 6.237668 6.221910 7.315498 10.670274 7.265525 6.070998 6.491120 5.814523 5.019178 4.269204 5.497796 -9999.0 -9999.0 -9999.0 -9999.0 -9999.0 -9999.0
-9999.0 -9999.0 -9999.0 -9999.0 -9999.0 -9999.0 -9999.0 -9999.0 -9999.0 -9999.0 8.023282 7.396825 5.984207 5.990352 7.321385 9.583129 9.575204 9.475472 12.864476 13.672001 12.957894 12.099609 8.575223 8.425245 9.611109 9.891279 6.796587 4.951211 6.351616 7.115289 9.319222 9.291176 7.169859 4.571583 1.817460 4.454401 6.527943 7.771044 9.689829 11.404151 11.471544 12.534442 12.501974 12.179982 9.705415 6.084031 6.339941 8.942197 10.280876 11.051610 6.205293 4.601046 4.450023 3.347256 3.845371 6.273994 6.557318 -9999.0 -9999.0 -9999.0 -9999.0 -9999.0 -9999.0
-9999.0 -9999.0 -9999.0 -9999.0 -9999.0 -9999.0 -9999.0 -9999.0 -9999.0 5.067496 6.862607 8.006534 8.714482 6.736102 8.239867 8.394701 7.648271 9.646210 13.097085 13.935606 13.408245 10.910982 10.842132 11.182309 10.915359 7.957735 5.703235 7.277373 9.148319 10.012891 10.905210 7.541477 4.786691 2.639896 2.633821 4.333452 6.779854 7.130921 7.631940 9.370534 10.686688 9.261377 9.097215 12.679304 12.093565 9.553094 9.412035 8.278206 8.496619 12.281815 8.338060 5.139851 2.680456 2.436121 4.317002 6.931977 7.942093 6.154678 4.940680 -9999.0 -9999.0 -9999.0 -9999.0
-9999.0 -9999.0 -9999.0 -9999.0 -9999.0 -9999.0 -9999.0 -9999.0 -9999.0 5.037896 5.091637 6.734008 10.367055 9.086053 7.766996 7.039396 8.363695 10.836670 13.903203 14.450922 14.292288 13.355449 12.890750 10.873362 8.402102 6.929116 8.336331 9.738417 11.743688 11.195193 9.852642 7.151755 5.649987 3.523549 4.580180 4.044997 4.669596 6.119006 5.470440 7.918779 8.034124 6.737313 8.415594 11.922628 13.520220 13.429975 13.341808 11.668030 10.636434 12.644614 7.675803 4.797678 2.964236 3.520757 5.841703 6.122762 8.310922 9.050856 7.371700 -9999.0 -9999.0 -9999.0 -9999.0
-9999.0 -9999.0 -9999.0 -9999.0 -9999.0 -9999.0 -9999.0 -9999.0 -9999.0 -9999.0 4.656078 6.997787 8.990038 10.886572 9.754133 8.378303 9.414811 12.302164 14.855867 15.041886 14.710148 12.885983 10.342805 9.421121 7.369481 9.420989 11.001388 12.266013 9.776462 7.793614 7.305481 7.990772 4.514284 4.056926 5.989989 7.213296 6.701411 7.330450 4.696301 5.208451 4.860689 7.327481 10.353574 9.219320 10.687110 10.948847 12.292624 14.075421 14.538422 11.846778 8.881585 8.036917 4.335127 3.609388 3.836874 5.900276 8.326139 11.998906 11.991182 11.633829 -9999.0 -9999.0 -9999.0
-9999.0 -9999.0 -9999.0 -9999.0 -9999.0 -9999.0 -9999.0 -9999.0 -9999.0 -9999.0 4.612553 5.886652 7.022977 9.486674 11.634540 10.624295 10.468071 12.723241 15.456123 15.622588 13.509409 11.619168 10.071137 8.672848 9.360140 11.509545 12.923386 10.913206 8.193368 5.183726 5.301808 7.053212 5.502044 3.239043 4.809469 7.656092 9.049379 8.437977 5.955453 3.994533 5.182811 7.818613 8.034646 6.796509 8.045538 9.239357 10.174166 11.237627 14.356509 14.632535 12.455182 8.785173 6.850590 5.351888 3.342522 4.152900 6.123849 10.583473 15.041362 15.282295 -9999.0 -9999.0 -9999.0
-9999.0 -9999.0 -9999.0 -9999.0 -9999.0 -9999.0 -9999.0 -9999.0 6.254396 4.926328 4.179710 6.618628 8.058701 8.119605 9.524466 12.475285 12.973986 14.579660 16.136993 16.195342 15.298719 14.110783 13.224189 11.637764 11.325488 12.965164 11.978383 8.771125 7.310614 5.232430 3.336166 5.153651 4.983943 3.306798 4.998267 4.800865 7.908793 8.985612 5.687107 3.491122 4.992380 6.949772 5.651564 4.647085 6.693657 9.526793 7.292323 9.092544 11.801268 15.216730 12.871742 10.870892 8.299818 5.571772 4.963040 7.070948 7.302622 10.386451 13.563987 17.269563 -9999.0 -9999.0 -9999.0
-9999.0 -9999.0 -9999.0 -9999.0 -9999.0 -9999.0 -9999.0 -9999.0 7.615277 7.532945 5.658300 4.653720 5.942997 8.966806 8.459667 10.830157 12.157913 12.716278 15.704150 16.615149 16.789638 16.446124 14.748008 13.246583 13.756514 14.100729 11.879455 9.111857 6.084757 4.636887 3.713605 4.550828 5.375597 4.296366 5.320931 5.600157 8.868039 9.697093 7.044173 4.979760 3.977725 3.610544 4.539950 6.065103 8.232517 7.926737 5.965813 7.098820 10.504090 14.088846 14.993836 11.372457 8.784306 6.950255 8.901584 11.115818 10.907827 12.646522 16.200704 18.940757 19.215827 -9999.0 -9999.0
-9999.0 -9999.0 -9999.0 -9999.0 -9999.0 -9999.0 -9999.0 -9999.0 5.522788 7.881752 6.788701 4.908291 6.742123 6.602740 7.902120 8.744239 11.040526 12.943340 15.755222 16.897951 17.205933 17.221220 16.631416 15.542016 15.456791 13.741207 11.418553 8.316154 5.374244 5.353087 5.277591 7.063946 5.688998 5.766512 6.217104 7.982178 8.068799 10.700604 7.745782 6.009803 4.496284 4.120247 5.252064 6.788599 6.614060 6.404524 4.806961 6.212977 7.828974 12.254999 16.001925 13.833367 10.299126 9.716191 12.743370 13.557101 15.057943 16.336653 18.582237 19.122719 19.295163 -9999.0 -9999.0
-9999.0 -9999.0 -9999.0 -9999.0 -9999.0 -9999.0 -9999.0 -9999.0 3.830878 6.816965 9.053506 5.744237 6.408058 7.443838 9.511472 11.382641 14.538926 15.721043 15.958236 16.156074 16.873521 17.223284 17.179306 16.365309 14.119442 11.959746 9.724659 7.493320 7.176901 8.532800 7.621863 8.115402 9.251061 9.550015 6.846124 6.009377 7.700252 11.347741 8.387872 6.540417 4.434402 5.149923 5.625993 5.566713 4.952745 5.469965 6.689578 7.204409 6.993784 9.822819 13.046115 16.195124 14.627908 12.873395 15.552808 16.258697 17.732451 18.521302 18.861647 19.172923 17.871808 15.096842 -9999.0
-9999.0 -9999.0 -9999.0 -9999.0 -9999.0 -9999.0 -9999.0 -9999.0 3.133757 6.501200 9.138303 8.215271 9.502791 10.188845 11.271122 13.755604 14.743948 13.378387 11.756056 13.452391 15.314154 16.953460 16.927219 16.622772 14.167957 11.054257 8.479474 9.220009 10.505012 10.875449 8.716187 9.938971 12.350655 10.056699 8.201108 8.380365 9.413238 12.272226 11.677825 9.076504 7.702708 8.203759 9.386496 8.905390 6.792417 7.496691 9.079173 10.950679 10.098950 12.869269 14.774802 15.415740 16.473986 16.569685 17.724759 17.829454 18.091159 18.461677 18.754547 17.867489 16.355800 14.121185 -9999.0
-9999.0 -9999.0 5.801870 6.412285 6.902006 6.666565 7.596005 6.101424 4.803235 5.852553 8.190385 10.504490 10.316835 11.444937 12.991840 13.566615 10.865552 8.640123 8.686267 11.320317 13.443211 16.236500 16.703840 16.755201 14.954880 12.671098 11.019871 11.127632 13.038064 11.778772 9.793417 10.372499 13.595012 11.550083 11.742263 10.986385 12.540587 13.364861 12.256827 9.983303 10.493201 11.476357 12.029635 11.620261 9.590534 10.140657 12.698410 12.982761 14.567382 16.390636 17.737583 17.956092 17.748481 17.588647 17.714926 17.820809 18.007585 17.949805 16.707721 15.940239 14.471649 12.952195 -9999.0
-9999.0 7.935281 7.917985 7.568382 6.871836 8.003217 7.633445 5.601236 4.675315 4.914917 7.032749 9.081895 11.564535 12.161123 12.404972 9.819810 8.195256 6.863321 7.697742 11.116438 13.458793 15.357464 16.140407 16.182471 16.135400 14.791303 13.922269 14.134287 15.177438 13.659892 12.953257 12.404922 13.618501 14.541614 14.343838 14.572232 15.232015 15.265653 14.931353 13.831194 13.818173 14.769176 14.784544 13.006445 12.389963 13.459855 15.274138 16.735023 18.124661 18.368327 18.204144 18.019832 17.509959 16.953289 17.050383 16.378395 15.051619 14.926693 14.675155 13.336544 12.544274 12.512199 -9999.0
-9999.0 9.193387 9.684835 9.690561 9.029889 9.275934 6.907833 5.081214 4.519317 4.511418 6.410743 8.696895 11.612832 12.269044 10.249323 7.568961 6.263430 6.570258 9.605667 11.496688 13.266424 14.073082 15.181010 15.270594 15.646133 16.055285 16.340030 16.524262 16.641733 16.444185 16.258392 15.483132 15.683584 15.769767 16.154981 16.688721 17.128944 17.523098 17.402927 17.117034 17.398093 17.461529 17.016134 16.201762 16.809975 17.270025 18.216170 18.600034 18.527985 18.415939 17.127956 15.433780 14.888153 16.054225 15.200132 13.260788 13.486666 12.331034 12.009495 11.038379 11.091935 -9999.0 -9999.0
