user2019/resources/simulation/Vinschgau/output-maps/TaN0531.asc
ncols         63
nrows         48
xllcorner     598000.000000
yllcorner     5145000.000000
cellsize      1000.000000
NODATA_value  -9999.0
[rows 0 to 27 of 48, columns 0 to 62 of 63]
-9999.0 -9999.0 -9999.0 -9999.0 -9999.0 -9999.0 -9999.0 -9999.0 -9999.0 -9999.0 -9999.0 -9999.0 -9999.0 -9999.0 -9999.0 -9999.0 -9999.0 -9999.0 -9999.0 -9999.0 -9999.0 -9999.0 -9999.0 -9999.0 -9999.0 -9999.0 -9999.0 -9999.0 -9999.0 -9999.0 -9999.0 -9999.0 -9999.0 -9999.0 -9999.0 -9999.0 -9999.0 -9999.0 -9999.0 -9999.0 -9999.0 -9999.0 -9999.0 -9999.0 -9999.0 -9999.0 -9999.0 -9999.0 -9999.0 -9999.0 -9999.0 -9999.0 -9999.0 -9999.0 -9999.0 -9999.0 -9999.0 -9999.0 -9999.0 -9999.0 -9999.0 -9999.0 -9999.0
-9999.0 -9999.0 -9999.0 -9999.0 -9999.0 -9999.0 -9999.0 -9999.0 -9999.0 -9999.0 -9999.0 -9999.0 -9999.0 -9999.0 -9999.0 -9999.0 -9999.0 -9999.0 -9999.0 -9999.0 -9999.0 -9999.0 -9999.0 -9999.0 -9999.0 -9999.0 -9999.0 7.173159 7.783516 8.209289 7.339572 6.639124 7.713341 -9999.0 -9999.0 -9999.0 -9999.0 -9999.0 -9999.0 -9999.0 -9999.0 -9999.0 -9999.0 -9999.0 -9999.0 -9999.0 -9999.0 -9999.0 -9999.0 -9999.0 -9999.0 -9999.0 -9999.0 -9999.0 -9999.0 -9999.0 -9999.0 -9999.0 -9999.0 -9999.0 -9999.0 -9999.0 -9999.0
-9999.0 -9999.0 -9999.0 -9999.0 -9999.0 -9999.0 -9999.0 -9999.0 -9999.0 -9999.0 -9999.0 -9999.0 -9999.0 -9999.0 -9999.0 -9999.0 -9999.0 -9999.0 -9999.0 -9999.0 -9999.0 -9999.0 -9999.0 -9999.0 8.163992 8.491135 9.082930 8.441846 9.318650 9.203905 6.981161 -9999.0 -9999.0 -9999.0 -9999.0 -9999.0 -9999.0 -9999.0 -9999.0 -9999.0 -9999.0 -9999.0 -9999.0 -9999.0 -9999.0 -9999.0 -9999.0 -9999.0 -9999.0 -9999.0 -9999.0 -9999.0 -9999.0 -9999.0 -9999.0 -9999.0 -9999.0 -9999.0 -9999.0 -9999.0 -9999.0 -9999.0 -9999.0
-9999.0 -9999.0 -9999.0 -9999.0 -9999.0 -9999.0 -9999.0 -9999.0 -9999.0 -9999.0 -9999.0 -9999.0 -9999.0 -9999.0 -9999.0 -9999.0 -9999.0 -9999.0 -9999.0 -9999.0 -9999.0 -9999.0 -9999.0 8.323603 9.628568 10.132734 11.050135 10.878672 10.945514 9.156064 6.965712 6.514181 -9999.0 -9999.0 -9999.0 -9999.0 -9999.0 -9999.0 -9999.0 -9999.0 -9999.0 -9999.0 -9999.0 -9999.0 -9999.0 -9999.0 -9999.0 -9999.0 -9999.0 -9999.0 -9999.0 -9999.0 -9999.0 -9999.0 -9999.0 -9999.0 -9999.0 -9999.0 -9999.0 -9999.0 -9999.0 -9999.0 -9999.0
-9999.0 -9999.0 -9999.0 -9999.0 -9999.0 -9999.0 -9999.0 -9999.0 -9999.0 -9999.0 -9999.0 -9999.0 -9999.0 -9999.0 -9999.0 -9999.0 -9999.0 -9999.0 11.949044 8.221153 -9999.0 8.353241 9.207413 10.122581 11.630990 13.033486 13.061158 12.957026 12.976611 10.515160 8.816523 7.306494 6.263625 4.040860 -9999.0 -9999.0 -9999.0 -9999.0 -9999.0 -9999.0 -9999.0 -9999.0 -9999.0 -9999.0 -9999.0 -9999.0 -9999.0 -9999.0 -9999.0 -9999.0 -9999.0 -9999.0 -9999.0 -9999.0 -9999.0 -9999.0 -9999.0 -9999.0 -9999.0 -9999.0 -9999.0 -9999.0 -9999.0
-9999.0 -9999.0 -9999.0 -9999.0 -9999.0 -9999.0 -9999.0 -9999.0 -9999.0 -9999.0 -9999.0 -9999.0 -9999.0 -9999.0 -9999.0 -9999.0 -9999.0 15.123844 13.670687 11.087469 8.682996 9.648677 10.260286 12.351519 13.716553 12.020410 10.665695 10.405125 11.142620 12.527931 10.916381 9.053110 8.833172 7.507329 5.778321 4.814073 -9999.0 -9999.0 -9999.0 -9999.0 -9999.0 -9999.0 -9999.0 -9999.0 -9999.0 -9999.0 -9999.0 -9999.0 -9999.0 -9999.0 -9999.0 -9999.0 -9999.0 -9999.0 -9999.0 -9999.0 -9999.0 -9999.0 -9999.0 -9999.0 -9999.0 -9999.0 -9999.0
-9999.0 -9999.0 -9999.0 -9999.0 -9999.0 -9999.0 -9999.0 -9999.0 -9999.0 -9999.0 -9999.0 -9999.0 -9999.0 8.292520 10.285465 12.965640 14.238885 15.049309 14.894185 11.429582 11.521762 11.613882 13.010400 13.853606 11.818247 9.757944 8.275344 9.144970 8.890579 10.063578 11.301468 10.272834 8.533639 7.796229 7.150020 4.536425 -9999.0 -9999.0 -9999.0 -9999.0 -9999.0 -9999.0 -9999.0 -9999.0 -9999.0 -9999.0 -9999.0 -9999.0 -9999.0 -9999.0 -9999.0 -9999.0 -9999.0 -9999.0 -9999.0 -9999.0 -9999.0 -9999.0 -9999.0 -9999.0 -9999.0 -9999.0 -9999.0
-9999.0 -9999.0 -9999.0 -9999.0 -9999.0 -9999.0 -9999.0 -9999.0 -9999.0 -9999.0 -9999.0 -9999.0 -9999.0 8.830538 10.881306 12.560812 12.619609 14.650093 15.043916 14.651683 14.486599 14.497152 13.793338 12.807555 11.807613 10.173628 7.627889 7.829877 6.737978 8.114284 9.128408 7.624913 6.630758 5.239407 5.588156 -9999.0 -9999.0 -9999.0 -9999.0 -9999.0 -9999.0 -9999.0 -9999.0 -9999.0 -9999.0 -9999.0 -9999.0 -9999.0 -9999.0 -9999.0 -9999.0 -9999.0 -9999.0 -9999.0 -9999.0 -9999.0 -9999.0 -9999.0 -9999.0 -9999.0 -9999.0 -9999.0 -9999.0
-9999.0 -9999.0 -9999.0 -9999.0 -9999.0 -9999.0 -9999.0 -9999.0 -9999.0 -9999.0 -9999.0 -9999.0 -9999.0 9.702086 11.906530 10.859616 11.463557 13.590384 14.970636 14.885114 13.280326 10.965402 11.501363 10.422935 10.410477 9.770588 8.782663 6.425868 6.304677 6.007084 7.072178 4.812226 4.520101 2.881382 4.277993 -9999.0 -9999.0 -9999.0 -9999.0 -9999.0 -9999.0 -9999.0 -9999.0 -9999.0 -9999.0 -9999.0 -9999.0 -9999.0 -9999.0 -9999.0 -9999.0 -9999.0 -9999.0 -9999.0 -9999.0 -9999.0 -9999.0 -9999.0 -9999.0 -9999.0 -9999.0 -9999.0 -9999.0
-9999.0 -9999.0 -9999.0 -9999.0 -9999.0 -9999.0 -9999.0 -9999.0 -9999.0 -9999.0 -9999.0 -9999.0 8.911722 11.103599 10.672449 9.331663 10.239068 12.824497 14.901915 14.908244 11.845099 8.785529 9.476821 8.672704 10.493552 7.651591 8.909717 6.674096 8.327644 6.313511 4.842906 6.040567 6.409823 3.478871 -9999.0 -9999.0 -9999.0 -9999.0 -9999.0 -9999.0 -9999.0 -9999.0 -9999.0 -9999.0 -9999.0 -9999.0 -9999.0 -9999.0 -9999.0 -9999.0 -9999.0 -9999.0 -9999.0 -9999.0 -9999.0 -9999.0 -9999.0 -9999.0 -9999.0 -9999.0 -9999.0 -9999.0 -9999.0
-9999.0 -9999.0 -9999.0 -9999.0 -9999.0 -9999.0 -9999.0 -9999.0 -9999.0 -9999.0 -9999.0 8.124849 9.800481 10.996013 8.451709 8.030107 8.696219 11.970152 14.854849 15.032399 12.285648 10.737490 9.005407 7.754879 9.919473 8.392798 6.480726 7.639260 8.649427 4.916768 5.837062 8.541984 6.985683 5.084971 5.744535 7.151943 6.643874 7.463444 7.697192 -9999.0 -9999.0 -9999.0 5.096614 -9999.0 -9999.0 -9999.0 -9999.0 -9999.0 -9999.0 -9999.0 -9999.0 -9999.0 -9999.0 -9999.0 -9999.0 -9999.0 -9999.0 -9999.0 -9999.0 -9999.0 -9999.0 -9999.0 -9999.0
-9999.0 -9999.0 -9999.0 -9999.0 -9999.0 -9999.0 -9999.0 -9999.0 -9999.0 -9999.0 -9999.0 7.700006 8.848357 9.871605 8.210499 6.470900 8.951439 12.211757 14.853289 14.896207 13.305705 10.637535 9.010158 7.889888 9.255555 7.660205 7.256960 8.655218 8.617594 5.126747 7.703849 9.670863 6.457849 5.857534 5.117906 7.688322 9.232865 9.009544 7.473873 5.102828 5.156720 4.948549 7.586468 6.731682 -9999.0 -9999.0 -9999.0 3.973324 5.666154 6.914418 6.901216 6.082767 5.931974 5.368528 5.914488 5.670417 -9999.0 -9999.0 -9999.0 -9999.0 -9999.0 -9999.0 -9999.0
-9999.0 -9999.0 -9999.0 -9999.0 -9999.0 -9999.0 -9999.0 -9999.0 -9999.0 -9999.0 -9999.0 7.603097 7.350844 9.501864 7.940625 7.306408 9.568420 12.498756 14.824640 15.115325 13.600424 11.563907 9.050586 8.217137 7.647547 7.399039 9.894706 10.494161 7.368017 5.452693 6.982672 9.791760 8.922370 6.108238 6.388463 9.040307 10.797856 11.174159 9.686759 6.684215 7.931433 6.781735 9.091853 8.185328 6.333961 -9999.0 4.280364 6.717115 8.348787 9.611730 10.020007 10.183373 9.454758 8.847760 8.824314 8.026459 -9999.0 -9999.0 -9999.0 -9999.0 -9999.0 -9999.0 -9999.0
-9999.0 -9999.0 -9999.0 -9999.0 -9999.0 -9999.0 -9999.0 -9999.0 -9999.0 -9999.0 -9999.0 -9999.0 8.055834 8.624236 7.334285 7.466371 9.528600 12.158686 15.145721 15.482984 13.615021 12.127517 11.842726 10.180287 8.031653 9.494035 11.302629 8.684607 7.305851 6.522625 7.539050 9.915006 8.955664 6.997924 6.530626 8.190000 9.946281 11.481530 12.118233 8.643590 9.673575 9.269479 10.955061 9.990296 7.185965 6.225800 6.008578 6.917665 9.665390 11.797320 12.945607 11.940940 11.964289 11.500963 10.722399 9.476588 8.362263 -9999.0 -9999.0 -9999.0 -9999.0 -9999.0 -9999.0
-9999.0 -9999.0 -9999.0 -9999.0 -9999.0 -9999.0 -9999.0 -9999.0 -9999.0 -9999.0 -9999.0 7.917623 6.766816 8.088370 9.185081 9.281243 10.638622 12.394394 15.139605 15.609392 14.244655 13.146226 12.323839 9.298973 9.498454 11.668103 10.749249 7.177298 6.862216 8.103296 9.920845 11.167104 10.229975 7.158367 5.355748 7.792646 7.996749 10.420607 13.067237 11.097050 10.771342 12.589807 13.164150 12.074483 10.701661 7.667403 8.905621 8.956305 10.110244 13.517755 10.157534 8.999098 9.446846 8.789636 8.006065 7.261400 8.490612 -9999.0 -9999.0 -9999.0 -9999.0 -9999.0 -9999.0
-9999.0 -9999.0 -9999.0 -9999.0 -9999.0 -9999.0 -9999.0 -9999.0 -9999.0 -9999.0 10.061039 9.312438 7.773953 7.667616 8.924866 11.177695 11.236637 11.262131 14.796538 15.734372 15.119132 14.330030 10.856297 10.750546 11.981325 12.307313 9.255881 7.448767 8.882366 9.674840 11.902992 11.893004 9.780780 7.179079 4.405572 7.005481 9.027474 10.217635 12.110000 13.853784 13.980533 15.059799 15.015460 14.706660 12.278496 8.722157 9.048431 11.718872 13.120114 13.946326 9.147715 7.582989 7.463109 6.383313 6.897095 9.335823 9.626405 -9999.0 -9999.0 -9999.0 -9999.0 -9999.0 -9999.0
-9999.0 -9999.0 -9999.0 -9999.0 -9999.0 -9999.0 -9999.0 -9999.0 -9999.0 7.387154 9.103611 10.161597 10.784047 8.733122 10.192876 10.345118 9.639344 11.707669 15.235752 16.138372 15.653647 13.181587 13.133102 13.503462 13.283277 10.381436 8.178462 9.794335 11.699695 12.594877 13.515104 10.175301 7.437659 5.297648 5.284549 6.961388 9.370914 9.679076 10.146515 11.875429 13.200978 11.785282 11.634213 15.249223 14.717849 12.244007 12.172930 11.107116 11.388962 15.231669 11.338545 8.183203 5.758207 5.539643 7.438489 10.065802 11.086298 9.312298 8.120597 -9999.0 -9999.0 -9999.0 -9999.0
-9999.0 -9999.0 -9999.0 -9999.0 -9999.0 -9999.0 -9999.0 -9999.0 -9999.0 7.537537 7.540293 9.126037 12.702057 11.371461 10.018924 9.279819 10.613615 13.108197 16.195337 16.751654 16.585574 15.630402 15.152720 13.154026 10.748571 9.362613 10.837832 12.282615 14.319614 13.801581 12.490325 9.819856 8.344362 6.236155 7.299127 6.755617 7.356987 8.772187 8.087083 10.507221 10.609486 9.316203 11.016015 14.563323 16.216030 16.189160 16.167100 14.558804 13.590185 15.657456 10.742352 7.910811 6.115133 6.699568 9.038940 9.331326 11.528372 12.281422 10.627556 -9999.0 -9999.0 -9999.0 -9999.0
-9999.0 -9999.0 -9999.0 -9999.0 -9999.0 -9999.0 -9999.0 -9999.0 -9999.0 -9999.0 7.314082 9.622334 11.576083 13.432805 12.263700 10.857530 11.869797 14.734715 17.261020 17.408422 17.023692 15.134023 12.527656 11.600379 9.671209 11.895314 13.562938 14.853235 12.382412 10.426679 9.972963 10.695955 7.256177 6.830109 8.784593 10.015650 9.495894 10.102750 7.437656 7.919317 7.551530 10.015795 13.058958 11.959014 13.473568 13.789724 15.192165 17.035834 17.560485 14.929649 12.022119 11.228939 7.569172 6.873382 7.118029 9.188071 11.615776 15.294348 15.307057 14.995841 -9999.0 -9999.0 -9999.0
-9999.0 -9999.0 -9999.0 -9999.0 -9999.0 -9999.0 -9999.0 -9999.0 -9999.0 -9999.0 7.483756 8.744616 9.855451 12.281349 14.381008 13.315303 13.099093 15.290408 17.953691 18.041400 15.836718 13.836292 12.140290 10.617767 11.568457 14.144856 15.609503 13.557617 10.831810 7.845170 8.001799 9.799493 8.297171 6.080780 7.690451 10.563881 11.967725 11.349726 8.846845 6.859576 8.025425 10.650888 10.872233 9.654217 10.935304 12.170363 13.153811 14.272228 17.451263 17.790721 15.676812 12.065540 10.179380 8.713636 6.719041 7.527625 9.487089 13.936962 18.400879 18.678137 -9999.0 -9999.0 -9999.0
-9999.0 -9999.0 -9999.0 -9999.0 -9999.0 -9999.0 -9999.0 -9999.0 9.291990 7.996164 7.273044 9.720650 11.148232 11.170911 12.511485 15.376756 15.776620 17.277375 18.727034 18.674147 17.660936 16.353850 15.299281 13.070704 13.252414 15.873107 14.770963 11.452467 9.976015 7.923748 6.072938 7.946960 7.840316 6.228228 7.980938 7.834075 10.975285 12.064142 8.757188 6.538423 8.012208 9.946767 8.636329 7.632382 9.692178 12.550617 10.353147 12.201788 14.969565 18.452602 16.179522 14.248250 11.735736 9.046280 8.450037 10.544419 10.744641 13.793984 16.952184 20.671589 -9999.0 -9999.0 -9999.0
-9999.0 -9999.0 -9999.0 -9999.0 -9999.0 -9999.0 -9999.0 -9999.0 10.825419 10.806857 8.988350 8.021853 9.318256 12.306641 11.717317 13.966365 15.150247 15.559916 18.404823 19.180515 19.226378 18.778599 17.125752 15.120238 15.715429 16.701177 14.572425 11.786523 8.772876 7.363029 6.494190 7.399340 8.303688 7.312239 8.426300 8.787104 12.117491 12.980715 10.330297 8.241449 7.199074 6.788277 7.680739 9.181458 11.339647 11.041010 9.104243 10.278752 13.742441 17.400458 18.388718 14.852049 12.337702 10.552372 12.515866 14.702772 14.437143 16.107300 19.605365 22.322943 22.626185 -9999.0 -9999.0
-9999.0 -9999.0 -9999.0 -9999.0 -9999.0 -9999.0 -9999.0 -9999.0 8.905854 11.366863 10.373108 8.574243 10.449841 10.288483 11.488790 12.164853 14.260175 15.962808 18.596973 19.589330 19.771425 19.687223 19.035804 17.896913 17.850023 16.281993 14.058482 11.002471 8.099284 8.125579 8.111693 9.977233 8.700813 8.894585 9.472137 11.361210 11.549938 14.243267 11.299279 9.527532 7.947728 7.494754 8.555176 10.035775 9.825605 9.602819 8.015358 9.455346 11.129013 15.634575 19.477868 17.412479 13.972166 13.453458 16.496264 17.268991 18.681820 19.850387 21.993214 22.462405 22.610882 -9999.0 -9999.0
-9999.0 -9999.0 -9999.0 -9999.0 -9999.0 -9999.0 -9999.0 -9999.0 7.380738 10.513987 12.905695 9.741306 10.506325 11.554678 13.511915 15.159186 18.036481 18.952214 18.973716 19.012698 19.623212 19.927931 19.954341 19.314301 16.981594 14.706371 12.458755 10.248904 9.965158 11.366219 10.519125 11.101919 12.357549 12.808397 10.281539 9.628028 11.476740 15.221155 12.275648 10.365574 8.148050 8.736442 9.094761 8.940819 8.260889 8.742434 9.956904 10.497155 10.342245 13.255683 16.587174 19.857359 18.405311 16.733432 19.435723 20.089858 21.445843 22.080885 22.267192 22.450715 21.061531 18.244708 -9999.0
-9999.0 -9999.0 -9999.0 -9999.0 -9999.0 -9999.0 -9999.0 -9999.0 6.833120 10.396215 13.254159 12.559258 14.038091 14.803095 15.776337 17.962745 18.565596 16.848397 14.967764 16.499899 18.272615 19.891460 19.936719 19.750638 17.222618 13.983385 11.352769 12.080459 13.376615 13.780200 11.681881 13.002235 15.557186 13.457832 11.843698 12.286875 13.555496 16.557766 15.973150 13.260054 11.704888 12.009768 13.016969 12.396695 10.184971 10.830189 12.391612 14.278774 13.478468 16.334190 18.354242 19.127666 20.315712 20.508022 21.693081 21.740083 21.862374 22.043640 22.136744 21.067285 19.402190 17.047381 -9999.0
-9999.0 -9999.0 8.860018 9.544766 10.123538 9.995631 11.055901 9.721445 8.619665 9.908398 12.530969 15.162259 15.274473 16.575735 18.032257 18.226293 15.015185 12.345445 12.095189 14.570319 16.630868 19.412873 19.874768 19.908934 18.085086 15.751301 14.041451 14.106764 16.000717 14.756312 12.824659 13.507008 16.895400 15.090670 15.598342 15.205445 17.095115 18.119477 17.005666 14.547053 14.783673 15.488611 15.803415 15.209687 13.049536 13.518538 16.039887 16.329299 17.958191 19.862286 21.321228 21.671343 21.593912 21.531763 21.688732 21.735242 21.775430 21.512332 20.043134 19.053772 17.380804 15.681946 -9999.0
-9999.0 10.944582 10.992427 10.720493 10.117395 11.362289 11.131752 9.271877 8.560638 9.067602 11.513065 13.942952 16.809054 17.658878 17.836163 14.811108 12.585891 10.749497 11.274860 14.564552 16.911890 18.894328 19.753958 19.768488 19.601736 18.115995 17.119188 17.236715 18.226558 16.700646 16.036709 15.593162 16.989557 18.191174 18.375803 19.062835 20.159067 20.449041 20.086005 18.720038 18.341875 18.939183 18.662006 16.662639 15.890591 16.861802 18.626767 20.082340 21.506776 21.821329 21.757590 21.691220 21.296539 20.824022 20.944005 20.213513 18.747643 18.424357 17.944495 16.371363 15.353234 15.118797 -9999.0
-9999.0 12.206666 12.763605 12.847378 12.280594 12.640719 10.412671 8.759667 8.414526 8.677321 10.909377 13.583312 16.890745 17.806909 15.725345 12.611710 10.716997 10.536867 13.292677 15.108986 16.985367 18.057071 19.483701 19.619168 19.661108 19.699864 19.721220 19.736445 19.757540 19.526297 19.369647 18.695046 19.083766 19.466066 20.267687 21.311739 22.245242 22.927250 22.763312 22.164836 22.030542 21.700914 20.935576 19.881329 20.320935 20.672420 21.560720 21.930589 21.883060 21.828629 20.623712 19.025860 18.571511 19.800420 18.957425 16.962567 17.066328 15.736089 15.208112 14.018218 13.857562 -9999.0 -9999.0
