user2019/resources/simulation/Vinschgau/output-maps/TaN0196.asc
ncols         63
nrows         48
xllcorner     598000.000000
yllcorner     5145000.000000
cellsize      1000.000000
NODATA_value  -9999.0
[rows 0 to 26 of 48, columns 0 to 60 of 63]
-9999.0 -9999.0 -9999.0 -9999.0 -9999.0 -9999.0 -9999.0 -9999.0 -9999.0 -9999.0 -9999.0 -9999.0 -9999.0 -9999.0 -9999.0 -9999.0 -9999.0 -9999.0 -9999.0 -9999.0 -9999.0 -9999.0 -9999.0 -9999.0 -9999.0 -9999.0 -9999.0 -9999.0 -9999.0 -9999.0 -9999.0 -9999.0 -9999.0 -9999.0 -9999.0 -9999.0 -9999.0 -9999.0 -9999.0 -9999.0 -9999.0 -9999.0 -9999.0 -9999.0 -9999.0 -9999.0 -9999.0 -9999.0 -9999.0 -9999.0 -9999.0 -9999.0 -9999.0 -9999.0 -9999.0 -9999.0 -9999.0 -9999.0 -9999.0 -9999.0 -9999.0
-9999.0 -9999.0 -9999.0 -9999.0 -9999.0 -9999.0 -9999.0 -9999.0 -9999.0 -9999.0 -9999.0 -9999.0 -9999.0 -9999.0 -9999.0 -9999.0 -9999.0 -9999.0 -9999.0 -9999.0 -9999.0 -9999.0 -9999.0 -9999.0 -9999.0 -9999.0 -9999.0 -16.628094 -16.014843 -15.584315 -16.447764 -17.140764 -16.058202 -9999.0 -9999.0 -9999.0 -9999.0 -9999.0 -9999.0 -9999.0 -9999.0 -9999.0 -9999.0 -9999.0 -9999.0 -9999.0 -9999.0 -9999.0 -9999.0 -9999.0 -9999.0 -9999.0 -9999.0 -9999.0 -9999.0 -9999.0 -9999.0 -9999.0 -9999.0 -9999.0 -9999.0
-9999.0 -9999.0 -9999.0 -9999.0 -9999.0 -9999.0 -9999.0 -9999.0 -9999.0 -9999.0 -9999.0 -9999.0 -9999.0 -9999.0 -9999.0 -9999.0 -9999.0 -9999.0 -9999.0 -9999.0 -9999.0 -9999.0 -9999.0 -9999.0 -15.646933 -15.325829 -14.736851 -15.377795 -14.498277 -14.608184 -16.824445 -9999.0 -9999.0 -9999.0 -9999.0 -9999.0 -9999.0 -9999.0 -9999.0 -9999.0 -9999.0 -9999.0 -9999.0 -9999.0 -9999.0 -9999.0 -9999.0 -9999.0 -9999.0 -9999.0 -9999.0 -9999.0 -9999.0 -9999.0 -9999.0 -9999.0 -9999.0 -9999.0 -9999.0 -9999.0 -9999.0
-9999.0 -9999.0 -9999.0 -9999.0 -9999.0 -9999.0 -9999.0 -9999.0 -9999.0 -9999.0 -9999.0 -9999.0 -9999.0 -9999.0 -9999.0 -9999.0 -9999.0 -9999.0 -9999.0 -9999.0 -9999.0 -9999.0 -9999.0 -15.491433 -14.198653 -13.702447 -12.788999 -12.960820 -12.891289 -14.675620 -16.859069 -17.302527 -9999.0 -9999.0 -9999.0 -9999.0 -9999.0 -9999.0 -9999.0 -9999.0 -9999.0 -9999.0 -9999.0 -9999.0 -9999.0 -9999.0 -9999.0 -9999.0 -9999.0 -9999.0 -9999.0 -9999.0 -9999.0 -9999.0 -9999.0 -9999.0 -9999.0 -9999.0 -9999.0 -9999.0 -9999.0
-9999.0 -9999.0 -9999.0 -9999.0 -9999.0 -9999.0 -9999.0 -9999.0 -9999.0 -9999.0 -9999.0 -9999.0 -9999.0 -9999.0 -9999.0 -9999.0 -9999.0 -9999.0 -11.739909 -15.499585 -9999.0 -15.429624 -14.601446 -13.707221 -12.214284 -10.821858 -10.799262 -10.904098 -10.881603 -13.337362 -15.028377 -16.529675 -17.563429 -19.777242 -9999.0 -9999.0 -9999.0 -9999.0 -9999.0 -9999.0 -9999.0 -9999.0 -9999.0 -9999.0 -9999.0 -9999.0 -9999.0 -9999.0 -9999.0 -9999.0 -9999.0 -9999.0 -9999.0 -9999.0 -9999.0 -9999.0 -9999.0 -9999.0 -9999.0 -9999.0 -9999.0
-9999.0 -9999.0 -9999.0 -9999.0 -9999.0 -9999.0 -9999.0 -9999.0 -9999.0 -9999.0 -9999.0 -9999.0 -9999.0 -9999.0 -9999.0 -9999.0 -9999.0 -8.500779 -9.991927 -12.617635 -15.064697 -14.138154 -13.559901 -11.495074 -10.149222 -11.857649 -13.218444 -13.479797 -12.738815 -11.346832 -12.949629 -14.803142 -15.013286 -16.330067 -18.051175 -19.008644 -9999.0 -9999.0 -9999.0 -9999.0 -9999.0 -9999.0 -9999.0 -9999.0 -9999.0 -9999.0 -9999.0 -9999.0 -9999.0 -9999.0 -9999.0 -9999.0 -9999.0 -9999.0 -9999.0 -9999.0 -9999.0 -9999.0 -9999.0 -9999.0 -9999.0
-9999.0 -9999.0 -9999.0 -9999.0 -9999.0 -9999.0 -9999.0 -9999.0 -9999.0 -9999.0 -9999.0 -9999.0 -9999.0 -15.237938 -13.230017 -10.551463 -9.298881 -8.526848 -8.733150 -12.254844 -12.219041 -12.177658 -10.823396 -10.012867 -12.071406 -14.146151 -15.635563 -14.766390 -15.016221 -13.835030 -12.586712 -13.604054 -15.332375 -16.060394 -16.699369 -19.307939 -9999.0 -9999.0 -9999.0 -9999.0 -9999.0 -9999.0 -9999.0 -9999.0 -9999.0 -9999.0 -9999.0 -9999.0 -9999.0 -9999.0 -9999.0 -9999.0 -9999.0 -9999.0 -9999.0 -9999.0 -9999.0 -9999.0 -9999.0 -9999.0 -9999.0
-9999.0 -9999.0 -9999.0 -9999.0 -9999.0 -9999.0 -9999.0 -9999.0 -9999.0 -9999.0 -9999.0 -9999.0 -9999.0 -14.636662 -12.559583 -10.876846 -10.842753 -8.863327 -8.538945 -9.007989 -9.247282 -9.301699 -10.058077 -11.083352 -12.110476 -13.760754 -16.313557 -16.111109 -17.196731 -15.810031 -14.783109 -16.273114 -17.254740 -18.635985 -18.280591 -9999.0 -9999.0 -9999.0 -9999.0 -9999.0 -9999.0 -9999.0 -9999.0 -9999.0 -9999.0 -9999.0 -9999.0 -9999.0 -9999.0 -9999.0 -9999.0 -9999.0 -9999.0 -9999.0 -9999.0 -9999.0 -9999.0 -9999.0 -9999.0 -9999.0 -9999.0
-9999.0 -9999.0 -9999.0 -9999.0 -9999.0 -9999.0 -9999.0 -9999.0 -9999.0 -9999.0 -9999.0 -9999.0 -9999.0 -13.692590 -11.445055 -12.480366 -11.905568 -9.846926 -8.560893 -8.749004 -10.450041 -12.846417 -12.374140 -13.498835 -13.542009 -14.199384 -15.193886 -17.548539 -17.660941 -17.945122 -16.864026 -19.107458 -19.384620 -21.011883 -19.608879 -9999.0 -9999.0 -9999.0 -9999.0 -9999.0 -9999.0 -9999.0 -9999.0 -9999.0 -9999.0 -9999.0 -9999.0 -9999.0 -9999.0 -9999.0 -9999.0 -9999.0 -9999.0 -9999.0 -9999.0 -9999.0 -9999.0 -9999.0 -9999.0 -9999.0 -9999.0
-9999.0 -9999.0 -9999.0 -9999.0 -9999.0 -9999.0 -9999.0 -9999.0 -9999.0 -9999.0 -9999.0 -9999.0 -14.494176 -12.217412 -12.582947 -13.899493 -13.025841 -10.530695 -8.579160 -8.706738 -11.891092 -15.049341 -14.432359 -15.288515 -13.500790 -16.360345 -15.107302 -17.338151 -15.672383 -17.669162 -19.119613 -17.901425 -17.513783 -20.430986 -9999.0 -9999.0 -9999.0 -9999.0 -9999.0 -9999.0 -9999.0 -9999.0 -9999.0 -9999.0 -9999.0 -9999.0 -9999.0 -9999.0 -9999.0 -9999.0 -9999.0 -9999.0 -9999.0 -9999.0 -9999.0 -9999.0 -9999.0 -9999.0 -9999.0 -9999.0 -9999.0
-9999.0 -9999.0 -9999.0 -9999.0 -9999.0 -9999.0 -9999.0 -9999.0 -9999.0 -9999.0 -9999.0 -15.354870 -13.572380 -12.266959 -14.720449 -15.102404 -14.474688 -11.316491 -8.593100 -8.582244 -11.474158 -13.135920 -14.950396 -16.256465 -14.125540 -15.668411 -17.582831 -16.415813 -15.388995 -19.099378 -18.153775 -15.423257 -16.956601 -18.840023 -18.171702 -16.766221 -17.287289 -16.488479 -16.273545 -9999.0 -9999.0 -9999.0 -18.759722 -9999.0 -9999.0 -9999.0 -9999.0 -9999.0 -9999.0 -9999.0 -9999.0 -9999.0 -9999.0 -9999.0 -9999.0 -9999.0 -9999.0 -9999.0 -9999.0 -9999.0 -9999.0
-9999.0 -9999.0 -9999.0 -9999.0 -9999.0 -9999.0 -9999.0 -9999.0 -9999.0 -9999.0 -9999.0 -15.792898 -14.524747 -13.373927 -14.925076 -16.613030 -14.175985 -11.054336 -8.603909 -8.752805 -10.504675 -13.294894 -15.007883 -16.183723 -14.849810 -16.458173 -16.859657 -15.448071 -15.463602 -18.926283 -16.317732 -14.319000 -17.503298 -18.081353 -18.808547 -16.238270 -14.707540 -14.955809 -16.517268 -18.893408 -18.809621 -18.971057 -16.284783 -17.085996 -9999.0 -9999.0 -9999.0 -19.539449 -17.760714 -16.430906 -16.371399 -17.130521 -17.240026 -17.785009 -17.248318 -17.534237 -9999.0 -9999.0 -9999.0 -9999.0 -9999.0
-9999.0 -9999.0 -9999.0 -9999.0 -9999.0 -9999.0 -9999.0 -9999.0 -9999.0 -9999.0 -9999.0 -15.937769 -16.070419 -13.790838 -15.240748 -15.824240 -13.612099 -10.831560 -8.707576 -8.615127 -10.293131 -12.450278 -15.046081 -15.931079 -16.527866 -16.784391 -14.281524 -13.662828 -16.760496 -18.640875 -17.072423 -14.224562 -15.058410 -17.843944 -17.545659 -14.889127 -13.141253 -12.786354 -14.297109 -17.303233 -16.025708 -17.137402 -14.789227 -15.645548 -17.430309 -9999.0 -19.311431 -16.777628 -15.048024 -13.690981 -13.197050 -12.960971 -13.634133 -14.207012 -14.221404 -15.038442 -9999.0 -9999.0 -9999.0 -9999.0 -9999.0
-9999.0 -9999.0 -9999.0 -9999.0 -9999.0 -9999.0 -9999.0 -9999.0 -9999.0 -9999.0 -9999.0 -9999.0 -15.465245 -14.787176 -15.986652 -15.821320 -13.815984 -11.329663 -8.530096 -8.374909 -10.391857 -11.988702 -12.346953 -14.053364 -16.222388 -14.761520 -12.939190 -15.531173 -16.874282 -17.615040 -16.552397 -14.129890 -15.046058 -16.967821 -17.409887 -15.738534 -13.983751 -12.459686 -11.834234 -15.306309 -14.261145 -14.652064 -12.939938 -13.853762 -16.584646 -17.454021 -17.568573 -16.550193 -13.691596 -11.452111 -10.204315 -11.121978 -11.028142 -11.440840 -12.191075 -13.432118 -14.564915 -9999.0 -9999.0 -9999.0 -9999.0
-9999.0 -9999.0 -9999.0 -9999.0 -9999.0 -9999.0 -9999.0 -9999.0 -9999.0 -9999.0 -9999.0 -15.823263 -16.895071 -15.495564 -14.342230 -14.238334 -12.942558 -11.311888 -8.723041 -8.404797 -9.894616 -11.085218 -11.968617 -15.027774 -14.840480 -12.664870 -13.562752 -17.101291 -17.373000 -16.081377 -14.209349 -12.908302 -13.794173 -16.821865 -18.591257 -16.133957 -15.922091 -13.499506 -10.856665 -12.829562 -13.162815 -11.347198 -10.746359 -11.777270 -13.066251 -15.998396 -14.645516 -14.472812 -13.194516 -9.665313 -12.911426 -13.967944 -13.434389 -14.024707 -14.761580 -15.479136 -14.239621 -9999.0 -9999.0 -9999.0 -9999.0
-9999.0 -9999.0 -9999.0 -9999.0 -9999.0 -9999.0 -9999.0 -9999.0 -9999.0 -9999.0 -13.862028 -14.563381 -16.050870 -16.112026 -14.830450 -12.591216 -12.593695 -12.670983 -9.259520 -8.441227 -9.156871 -10.020688 -13.542781 -13.672725 -12.445359 -12.105489 -15.128501 -16.894687 -15.409755 -14.558350 -12.267185 -12.213986 -14.266817 -16.816627 -19.548813 -16.920021 -14.881594 -13.685386 -11.794734 -10.060627 -9.950530 -8.875823 -8.890087 -9.133253 -11.468863 -14.913247 -14.461334 -11.656580 -10.117354 -9.154723 -13.823860 -15.271192 -15.290031 -16.287847 -15.711614 -13.227704 -12.904018 -9999.0 -9999.0 -9999.0 -9999.0
-9999.0 -9999.0 -9999.0 -9999.0 -9999.0 -9999.0 -9999.0 -9999.0 -9999.0 -16.680093 -14.942471 -13.858249 -13.209001 -15.240254 -13.778182 -13.650716 -14.412545 -12.426426 -8.993846 -8.185353 -8.751305 -11.284624 -11.371094 -11.015364 -11.229663 -14.109346 -16.276788 -14.612987 -12.648560 -11.686056 -10.694295 -13.962704 -16.633198 -18.713849 -18.678069 -16.964404 -14.530343 -14.209063 -13.738901 -12.016849 -10.702148 -12.115532 -12.233264 -8.550373 -8.985270 -11.340865 -11.277494 -12.197633 -11.764063 -7.769342 -11.516432 -14.537975 -16.846755 -16.970008 -14.996968 -12.312958 -11.245636 -12.971532 -14.100260 -9999.0 -9999.0
-9999.0 -9999.0 -9999.0 -9999.0 -9999.0 -9999.0 -9999.0 -9999.0 -9999.0 -16.642465 -16.635092 -15.040786 -11.455731 -12.782370 -14.142835 -14.907747 -13.620150 -11.189600 -8.177423 -7.698039 -7.933883 -8.943089 -9.452043 -11.456006 -13.843859 -15.197879 -13.681214 -12.183258 -10.080383 -10.523114 -11.754730 -14.346231 -15.747703 -17.790143 -16.671882 -17.171674 -16.538221 -15.101912 -15.775819 -13.352179 -13.247615 -14.526966 -12.788335 -9.171800 -7.421246 -7.326046 -7.206401 -8.658037 -9.460402 -7.223780 -11.974064 -14.653475 -16.317149 -15.625836 -13.205489 -12.853371 -10.607534 -9.801651 -11.380798 -9999.0 -9999.0
-9999.0 -9999.0 -9999.0 -9999.0 -9999.0 -9999.0 -9999.0 -9999.0 -9999.0 -9999.0 -16.996076 -14.693720 -12.742700 -10.889034 -12.066351 -13.490847 -12.510501 -9.691916 -7.224230 -7.142926 -7.593583 -9.537771 -12.173734 -13.096209 -14.987710 -12.715650 -11.004558 -9.660325 -12.060358 -13.933794 -14.300770 -13.492464 -16.852796 -17.208343 -15.193947 -13.914006 -14.395350 -13.759387 -16.403022 -15.904705 -16.254959 -13.763153 -10.672737 -11.699617 -10.084710 -9.642324 -8.090522 -6.078124 -5.370572 -7.811514 -10.531510 -11.150468 -14.660246 -15.238525 -14.911414 -12.788627 -10.324347 -6.605370 -6.525027 -6.717843 -9999.0
-9999.0 -9999.0 -9999.0 -9999.0 -9999.0 -9999.0 -9999.0 -9999.0 -9999.0 -9999.0 -16.968897 -15.727002 -14.626892 -12.204789 -10.105736 -11.174612 -11.402885 -9.237602 -6.616809 -6.587262 -8.860577 -10.926487 -12.658068 -14.166517 -13.140148 -10.475663 -8.980866 -10.986960 -13.639621 -16.538720 -16.290109 -14.402702 -15.822214 -17.965574 -16.293827 -13.368908 -11.922662 -12.505242 -14.977285 -16.935283 -15.737226 -13.070210 -12.790804 -13.928401 -12.541149 -11.173038 -10.030222 -8.728342 -5.346171 -4.791374 -6.688919 -10.097450 -11.810706 -13.147223 -15.062569 -14.219297 -12.251846 -7.793780 -3.290974 -2.914736 -9999.0
-9999.0 -9999.0 -9999.0 -9999.0 -9999.0 -9999.0 -9999.0 -9999.0 -15.218384 -16.566064 -17.334299 -14.920557 -13.511421 -13.489935 -12.135954 -9.250509 -8.834828 -7.333380 -5.905581 -6.006237 -7.093068 -8.492551 -9.611879 -11.785834 -11.510474 -8.712900 -9.820662 -13.103085 -14.505311 -16.467424 -18.223773 -16.258247 -16.281309 -17.820670 -16.006913 -16.103220 -12.919246 -11.791997 -15.061530 -17.240656 -15.721544 -13.731591 -14.971371 -15.884226 -13.708641 -10.706738 -12.731513 -10.681178 -7.685625 -3.955741 -5.975549 -7.666106 -9.974103 -12.518061 -13.041068 -10.941310 -10.779733 -7.776227 -4.631484 -0.858280 -9999.0
-9999.0 -9999.0 -9999.0 -9999.0 -9999.0 -9999.0 -9999.0 -9999.0 -13.808204 -13.902829 -15.791146 -16.812892 -15.547480 -12.558316 -13.115068 -10.812489 -9.573070 -9.125099 -6.271988 -5.523864 -5.544657 -6.107070 -7.925206 -9.799265 -9.062373 -7.933840 -10.022351 -12.759219 -15.697422 -17.017633 -17.792625 -16.797022 -15.811231 -16.733604 -15.563560 -15.157866 -11.789431 -10.889633 -13.499939 -15.541448 -16.526691 -16.868074 -15.890630 -14.285244 -11.998253 -12.139736 -13.887506 -12.490104 -8.770288 -4.828395 -3.541626 -6.788367 -9.054335 -10.668908 -8.637423 -6.484213 -6.853271 -5.305087 -1.896113 0.804525 1.189330
-9999.0 -9999.0 -9999.0 -9999.0 -9999.0 -9999.0 -9999.0 -9999.0 -15.855343 -13.501390 -14.599598 -16.487650 -14.667959 -14.833596 -13.578484 -12.802474 -10.594455 -8.800017 -6.114576 -5.115212 -4.965676 -5.115825 -5.832675 -6.896106 -6.835854 -8.338743 -10.513044 -13.512210 -16.341217 -16.228122 -16.151043 -14.198562 -15.398656 -15.143332 -14.519953 -12.597954 -12.382751 -9.660850 -12.566317 -14.284913 -15.795639 -16.163672 -15.001638 -13.400134 -13.465915 -13.515754 -14.896488 -13.211535 -11.252517 -6.424083 -2.232447 -3.950190 -7.086331 -7.397393 -4.286547 -3.591638 -2.360904 -1.408234 0.551339 0.912392 1.047650
-9999.0 -9999.0 -9999.0 -9999.0 -9999.0 -9999.0 -9999.0 -9999.0 -17.506969 -14.518962 -12.278889 -15.585137 -14.923250 -13.901632 -11.868862 -10.058283 -6.986029 -5.903789 -5.774242 -5.683591 -5.056822 -4.736040 -4.631182 -5.134477 -7.502938 -9.827138 -12.060090 -14.220126 -14.432472 -12.947330 -13.706988 -13.042476 -11.718552 -11.218117 -13.715678 -14.356523 -12.502013 -8.744612 -11.657030 -13.507856 -15.641438 -14.948899 -14.469045 -14.483373 -15.001834 -14.331195 -12.893260 -12.088498 -11.932881 -8.662665 -4.937866 -1.264862 -2.355107 -3.776209 -0.998448 -0.462036 0.632796 0.954368 0.857322 0.832362 -0.679552
-9999.0 -9999.0 -9999.0 -9999.0 -9999.0 -9999.0 -9999.0 -9999.0 -18.170144 -14.794843 -12.146414 -13.056196 -11.757802 -11.071840 -10.012228 -7.580067 -6.668258 -8.120284 -9.825583 -8.197542 -6.371901 -4.695076 -4.532991 -4.589944 -7.176298 -10.490683 -13.117708 -12.340238 -10.970671 -10.482810 -12.496428 -11.100681 -8.488327 -10.554936 -12.163768 -11.738405 -10.496005 -7.504874 -8.063992 -10.707812 -12.157678 -11.723645 -10.571200 -11.031417 -13.064644 -12.215962 -10.418119 -8.253279 -8.727666 -5.495216 -3.055170 -1.844879 -0.257197 0.217119 1.486844 1.392049 1.197874 0.991179 0.717413 -0.651844 -2.545022
-9999.0 -9999.0 -15.471443 -14.868042 -14.383501 -14.621813 -13.692389 -15.183530 -16.474202 -15.412758 -13.058061 -10.723393 -10.890631 -9.751132 -8.215242 -7.682360 -10.447707 -12.740047 -12.747370 -10.143712 -8.020706 -5.191337 -4.657225 -4.552297 -6.380829 -8.726569 -10.402105 -10.268884 -8.290558 -9.446131 -11.294507 -10.544000 -7.111786 -8.905156 -8.423205 -8.874387 -7.054193 -6.072447 -7.167368 -9.539217 -9.167683 -8.303145 -7.817263 -8.230925 -10.197890 -9.515161 -6.750722 -6.179884 -4.223707 -1.943431 -0.066467 0.717768 1.037411 1.255940 1.497421 1.400157 1.114022 0.439053 -1.438466 -2.787534 -4.766247
-9999.0 -13.318694 -13.344024 -13.700115 -14.401145 -13.271705 -13.640267 -15.667456 -16.583901 -16.329861 -14.192609 -12.120258 -9.614457 -9.002825 -8.763253 -11.377681 -13.046137 -14.416734 -13.600664 -10.171255 -7.784378 -5.814013 -4.967212 -4.919962 -5.016053 -6.416778 -7.316213 -7.093994 -5.999592 -7.428251 -8.009621 -8.393366 -6.968789 -5.779670 -5.654667 -5.070017 -4.090241 -3.875199 -4.221926 -5.477970 -5.688657 -4.902024 -4.985474 -6.789243 -7.358714 -6.169781 -4.162932 -2.432740 -0.694413 -0.025069 0.298595 0.627016 0.586347 0.359261 0.551046 -0.306858 -2.064349 -2.767896 -3.644239 -5.589113 -6.942288
