user2019/resources/simulation/Vinschgau/output-maps/TaN0158.asc
ncols         63
nrows         48
xllcorner     598000.000000
yllcorner     5145000.000000
cellsize      1000.000000
NODATA_value  -9999.0
[rows 0 to 26 of 48, columns 0 to 60 of 63]
-9999.0 -9999.0 -9999.0 -9999.0 -9999.0 -9999.0 -9999.0 -9999.0 -9999.0 -9999.0 -9999.0 -9999.0 -9999.0 -9999.0 -9999.0 -9999.0 -9999.0 -9999.0 -9999.0 -9999.0 -9999.0 -9999.0 -9999.0 -9999.0 -9999.0 -9999.0 -9999.0 -9999.0 -9999.0 -9999.0 -9999.0 -9999.0 -9999.0 -9999.0 -9999.0 -9999.0 -9999.0 -9999.0 -9999.0 -9999.0 -9999.0 -9999.0 -9999.0 -9999.0 -9999.0 -9999.0 -9999.0 -9999.0 -9999.0 -9999.0 -9999.0 -9999.0 -9999.0 -9999.0 -9999.0 -9999.0 -9999.0 -9999.0 -9999.0 -9999.0 -9999.0
-9999.0 -9999.0 -9999.0 -9999.0 -9999.0 -9999.0 -9999.0 -9999.0 -9999.0 -9999.0 -9999.0 -9999.0 -9999.0 -9999.0 -9999.0 -9999.0 -9999.0 -9999.0 -9999.0 -9999.0 -9999.0 -9999.0 -9999.0 -9999.0 -9999.0 -9999.0 -9999.0 -16.474626 -15.875091 -15.459709 -16.339285 -17.049093 -15.983988 -9999.0 -9999.0 -9999.0 -9999.0 -9999.0 -9999.0 -9999.0 -9999.0 -9999.0 -9999.0 -9999.0 -9999.0 -9999.0 -9999.0 -9999.0 -9999.0 -9999.0 -9999.0 -9999.0 -9999.0 -9999.0 -9999.0 -9999.0 -9999.0 -9999.0 -9999.0 -9999.0 -9999.0
-9999.0 -9999.0 -9999.0 -9999.0 -9999.0 -9999.0 -9999.0 -9999.0 -9999.0 -9999.0 -9999.0 -9999.0 -9999.0 -9999.0 -9999.0 -9999.0 -9999.0 -9999.0 -9999.0 -9999.0 -9999.0 -9999.0 -9999.0 -9999.0 -15.419569 -15.103794 -14.523252 -15.175243 -14.308724 -14.432831 -16.663761 -9999.0 -9999.0 -9999.0 -9999.0 -9999.0 -9999.0 -9999.0 -9999.0 -9999.0 -9999.0 -9999.0 -9999.0 -9999.0 -9999.0 -9999.0 -9999.0 -9999.0 -9999.0 -9999.0 -9999.0 -9999.0 -9999.0 -9999.0 -9999.0 -9999.0 -9999.0 -9999.0 -9999.0 -9999.0 -9999.0
-9999.0 -9999.0 -9999.0 -9999.0 -9999.0 -9999.0 -9999.0 -9999.0 -9999.0 -9999.0 -9999.0 -9999.0 -9999.0 -9999.0 -9999.0 -9999.0 -9999.0 -9999.0 -9999.0 -9999.0 -9999.0 -9999.0 -9999.0 -15.216062 -13.923008 -13.430593 -12.524614 -12.706895 -12.649870 -14.447652 -16.644365 -17.099930 -9999.0 -9999.0 -9999.0 -9999.0 -9999.0 -9999.0 -9999.0 -9999.0 -9999.0 -9999.0 -9999.0 -9999.0 -9999.0 -9999.0 -9999.0 -9999.0 -9999.0 -9999.0 -9999.0 -9999.0 -9999.0 -9999.0 -9999.0 -9999.0 -9999.0 -9999.0 -9999.0 -9999.0 -9999.0
-9999.0 -9999.0 -9999.0 -9999.0 -9999.0 -9999.0 -9999.0 -9999.0 -9999.0 -9999.0 -9999.0 -9999.0 -9999.0 -9999.0 -9999.0 -9999.0 -9999.0 -9999.0 -11.492960 -15.232284 -9999.0 -15.126601 -14.285690 -13.383414 -11.887519 -10.497169 -10.481162 -10.596159 -10.586092 -13.054974 -14.758125 -16.268995 -17.308618 -19.524308 -9999.0 -9999.0 -9999.0 -9999.0 -9999.0 -9999.0 -9999.0 -9999.0 -9999.0 -9999.0 -9999.0 -9999.0 -9999.0 -9999.0 -9999.0 -9999.0 -9999.0 -9999.0 -9999.0 -9999.0 -9999.0 -9999.0 -9999.0 -9999.0 -9999.0 -9999.0 -9999.0
-9999.0 -9999.0 -9999.0 -9999.0 -9999.0 -9999.0 -9999.0 -9999.0 -9999.0 -9999.0 -9999.0 -9999.0 -9999.0 -9999.0 -9999.0 -9999.0 -9999.0 -8.259431 -9.724785 -12.323356 -14.744077 -13.794149 -13.197254 -11.119731 -9.767676 -11.476302 -12.842996 -13.114689 -12.386727 -11.008278 -12.622697 -14.483494 -14.694560 -16.004867 -17.712810 -18.653666 -9999.0 -9999.0 -9999.0 -9999.0 -9999.0 -9999.0 -9999.0 -9999.0 -9999.0 -9999.0 -9999.0 -9999.0 -9999.0 -9999.0 -9999.0 -9999.0 -9999.0 -9999.0 -9999.0 -9999.0 -9999.0 -9999.0 -9999.0 -9999.0 -9999.0
-9999.0 -9999.0 -9999.0 -9999.0 -9999.0 -9999.0 -9999.0 -9999.0 -9999.0 -9999.0 -9999.0 -9999.0 -9999.0 -15.065676 -13.046049 -10.352277 -9.078732 -8.279051 -8.451978 -11.937206 -11.865275 -11.791393 -10.410815 -9.581760 -11.630228 -13.703181 -15.198138 -14.340198 -14.604646 -13.438557 -12.202462 -13.225572 -14.949868 -15.661732 -16.272220 -18.843360 -9999.0 -9999.0 -9999.0 -9999.0 -9999.0 -9999.0 -9999.0 -9999.0 -9999.0 -9999.0 -9999.0 -9999.0 -9999.0 -9999.0 -9999.0 -9999.0 -9999.0 -9999.0 -9999.0 -9999.0 -9999.0 -9999.0 -9999.0 -9999.0 -9999.0
-9999.0 -9999.0 -9999.0 -9999.0 -9999.0 -9999.0 -9999.0 -9999.0 -9999.0 -9999.0 -9999.0 -9999.0 -9999.0 -14.468400 -12.384309 -10.689074 -10.632800 -8.619567 -8.251323 -8.670936 -8.860785 -8.870682 -9.590966 -10.590566 -11.603137 -13.249630 -15.808157 -15.618842 -16.722077 -15.353730 -14.341416 -15.837248 -16.810763 -18.165546 -17.763199 -9999.0 -9999.0 -9999.0 -9999.0 -9999.0 -9999.0 -9999.0 -9999.0 -9999.0 -9999.0 -9999.0 -9999.0 -9999.0 -9999.0 -9999.0 -9999.0 -9999.0 -9999.0 -9999.0 -9999.0 -9999.0 -9999.0 -9999.0 -9999.0 -9999.0 -9999.0
-9999.0 -9999.0 -9999.0 -9999.0 -9999.0 -9999.0 -9999.0 -9999.0 -9999.0 -9999.0 -9999.0 -9999.0 -9999.0 -13.535467 -11.288831 -12.317111 -11.719708 -9.619136 -8.274612 -8.395442 -10.029324 -12.365819 -11.845446 -12.936056 -12.959720 -13.611512 -14.612706 -16.983725 -17.118574 -17.426637 -16.365133 -18.617129 -18.884382 -20.475889 -19.005702 -9999.0 -9999.0 -9999.0 -9999.0 -9999.0 -9999.0 -9999.0 -9999.0 -9999.0 -9999.0 -9999.0 -9999.0 -9999.0 -9999.0 -9999.0 -9999.0 -9999.0 -9999.0 -9999.0 -9999.0 -9999.0 -9999.0 -9999.0 -9999.0 -9999.0 -9999.0
-9999.0 -9999.0 -9999.0 -9999.0 -9999.0 -9999.0 -9999.0 -9999.0 -9999.0 -9999.0 -9999.0 -9999.0 -14.341787 -12.076312 -12.454138 -13.772422 -12.876671 -10.328803 -8.298893 -8.335654 -11.430528 -14.510398 -13.831455 -14.644219 -12.831880 -15.684539 -14.440241 -16.692367 -15.056157 -17.085227 -18.563723 -17.360834 -16.965774 -19.841855 -9999.0 -9999.0 -9999.0 -9999.0 -9999.0 -9999.0 -9999.0 -9999.0 -9999.0 -9999.0 -9999.0 -9999.0 -9999.0 -9999.0 -9999.0 -9999.0 -9999.0 -9999.0 -9999.0 -9999.0 -9999.0 -9999.0 -9999.0 -9999.0 -9999.0 -9999.0 -9999.0
-9999.0 -9999.0 -9999.0 -9999.0 -9999.0 -9999.0 -9999.0 -9999.0 -9999.0 -9999.0 -9999.0 -15.196927 -13.424673 -12.140706 -14.619601 -15.014200 -14.365180 -11.140489 -8.313885 -8.184051 -10.961007 -12.524137 -14.261993 -15.515204 -13.354904 -14.890411 -16.817023 -15.678197 -14.690715 -18.445197 -17.540335 -14.837123 -16.372090 -18.216989 -17.453901 -15.882245 -16.159689 -15.065144 -14.601642 -9999.0 -9999.0 -9999.0 -18.350264 -9999.0 -9999.0 -9999.0 -9999.0 -9999.0 -9999.0 -9999.0 -9999.0 -9999.0 -9999.0 -9999.0 -9999.0 -9999.0 -9999.0 -9999.0 -9999.0 -9999.0 -9999.0
-9999.0 -9999.0 -9999.0 -9999.0 -9999.0 -9999.0 -9999.0 -9999.0 -9999.0 -9999.0 -9999.0 -15.629708 -14.374390 -13.251294 -14.837324 -16.546068 -14.086373 -10.882530 -8.302816 -8.304494 -9.916656 -12.588937 -14.211508 -15.325804 -13.958618 -15.560315 -15.979096 -14.604899 -14.672524 -18.194870 -15.644481 -13.691175 -16.894451 -17.448457 -18.088910 -15.347165 -13.540605 -13.412313 -14.594851 -16.895689 -17.308367 -18.192281 -16.040816 -17.178882 -9999.0 -9999.0 -9999.0 -20.538030 -18.994592 -17.901989 -18.074077 -19.051116 -19.356754 -20.068127 -19.660261 -20.029733 -9999.0 -9999.0 -9999.0 -9999.0 -9999.0
-9999.0 -9999.0 -9999.0 -9999.0 -9999.0 -9999.0 -9999.0 -9999.0 -9999.0 -9999.0 -9999.0 -15.763544 -15.905246 -13.650465 -15.133312 -15.734798 -13.492361 -10.614518 -8.340785 -8.079790 -9.599056 -11.622826 -14.116763 -14.932975 -15.493714 -15.745555 -13.266887 -12.697273 -15.863024 -17.822588 -16.334522 -13.556348 -14.435159 -17.224546 -16.870131 -14.076598 -12.090830 -11.392379 -12.533055 -15.503149 -14.940138 -16.877135 -14.945229 -15.996940 -17.930578 -9999.0 -20.172845 -17.861960 -16.373525 -15.265455 -15.017810 -15.015431 -15.900755 -16.656433 -16.817596 -17.739862 -9999.0 -9999.0 -9999.0 -9999.0 -9999.0
-9999.0 -9999.0 -9999.0 -9999.0 -9999.0 -9999.0 -9999.0 -9999.0 -9999.0 -9999.0 -9999.0 -9999.0 -15.272934 -14.605135 -15.819999 -15.653928 -13.601495 -11.004697 -8.044478 -7.710013 -9.557131 -11.009972 -11.257440 -12.889054 -15.020021 -13.557437 -11.767936 -14.423380 -15.854089 -16.697650 -15.742154 -13.418871 -14.413004 -16.377440 -16.813104 -15.075372 -13.192989 -11.507733 -10.804552 -14.604251 -14.412422 -15.313126 -13.635089 -14.509499 -17.268804 -18.247172 -18.535838 -17.737940 -15.128892 -13.152634 -12.168128 -13.337303 -13.473326 -14.086615 -15.002993 -16.373044 -17.597527 -9999.0 -9999.0 -9999.0 -9999.0
-9999.0 -9999.0 -9999.0 -9999.0 -9999.0 -9999.0 -9999.0 -9999.0 -9999.0 -9999.0 -9999.0 -15.616713 -16.669604 -15.257192 -14.090129 -13.954833 -12.587592 -10.833124 -8.078041 -7.576190 -8.889782 -9.928238 -10.692752 -13.670936 -13.443105 -11.268798 -12.209505 -15.828841 -16.211772 -15.051019 -13.317090 -12.148641 -13.149443 -16.263720 -18.084159 -15.643293 -15.432447 -13.054339 -10.635057 -13.196523 -14.268574 -12.637519 -11.818822 -12.663184 -13.906036 -16.914697 -15.727336 -15.780512 -14.765505 -11.517953 -15.047784 -16.376263 -16.091898 -16.901034 -17.822672 -18.691382 -17.573817 -9999.0 -9999.0 -9999.0 -9999.0
-9999.0 -9999.0 -9999.0 -9999.0 -9999.0 -9999.0 -9999.0 -9999.0 -9999.0 -9999.0 -13.682872 -14.346674 -15.796728 -15.819117 -14.491455 -12.186806 -12.090093 -12.027033 -8.441179 -7.433082 -7.964431 -8.666133 -12.059172 -12.099551 -10.826516 -10.489116 -13.565541 -15.433468 -14.088782 -13.401666 -11.283598 -11.398693 -13.604038 -16.283112 -19.119358 -16.577402 -14.634515 -13.597583 -12.015205 -10.780728 -11.150839 -10.187648 -10.033326 -10.116101 -12.413269 -15.940379 -15.664676 -13.101971 -11.846916 -11.189945 -16.167868 -17.911118 -18.200276 -19.434602 -19.058499 -16.741934 -16.562275 -9999.0 -9999.0 -9999.0 -9999.0
-9999.0 -9999.0 -9999.0 -9999.0 -9999.0 -9999.0 -9999.0 -9999.0 -9999.0 -16.558456 -14.777504 -13.644892 -12.941386 -14.910239 -13.372568 -13.148113 -13.782767 -11.635426 -8.013203 -7.001132 -7.367966 -9.723672 -9.666441 -9.208039 -9.365713 -12.243448 -14.474075 -12.938407 -11.151518 -10.393831 -9.614281 -13.087589 -15.946023 -18.192887 -18.302759 -16.723849 -14.435367 -14.305384 -14.107481 -12.726409 -11.702714 -13.218850 -13.286301 -9.544311 -9.999766 -12.473436 -12.613278 -13.801807 -13.680981 -10.022754 -14.109922 -17.456313 -20.059079 -20.435380 -18.672094 -16.161079 -15.245106 -17.122599 -18.429006 -9999.0 -9999.0
-9999.0 -9999.0 -9999.0 -9999.0 -9999.0 -9999.0 -9999.0 -9999.0 -9999.0 -16.554977 -16.500926 -14.850735 -11.198539 -12.443816 -13.704284 -14.344805 -12.903018 -10.286745 -7.062322 -6.356589 -6.369665 -7.178515 -7.524117 -9.407516 -11.717657 -13.051309 -11.604557 -10.272341 -8.398460 -9.095930 -10.582478 -13.414588 -15.035013 -17.272612 -16.328633 -16.990607 -16.522265 -15.272452 -16.165182 -13.975419 -14.065004 -15.449776 -13.746593 -10.164076 -8.501918 -8.571227 -8.691057 -10.445384 -11.596935 -9.736044 -14.866324 -17.907063 -19.892838 -19.470256 -17.261514 -17.072931 -14.964235 -14.300551 -16.063687 -9999.0 -9999.0
-9999.0 -9999.0 -9999.0 -9999.0 -9999.0 -9999.0 -9999.0 -9999.0 -9999.0 -9999.0 -16.913284 -14.552322 -12.526544 -10.578115 -11.636362 -12.913076 -11.752840 -8.721837 -6.013891 -5.675733 -5.871075 -7.584465 -10.033846 -10.817582 -12.596000 -10.247814 -8.610442 -7.499046 -10.202971 -12.390379 -13.055322 -12.519122 -16.122638 -16.693235 -14.869937 -13.764773 -14.414895 -13.951774 -16.775948 -16.455951 -16.960516 -14.584581 -11.585142 -12.713775 -11.245624 -11.014233 -9.742374 -8.073450 -7.760116 -10.626773 -13.778919 -14.807507 -18.675782 -19.539633 -19.417258 -17.429211 -15.059447 -11.438745 -11.511321 -11.962282 -9999.0
-9999.0 -9999.0 -9999.0 -9999.0 -9999.0 -9999.0 -9999.0 -9999.0 -9999.0 -9999.0 -16.961309 -15.664249 -14.488212 -11.964075 -9.732019 -10.633265 -10.657517 -8.252730 -5.361455 -5.039991 -7.017456 -8.813128 -10.332565 -11.692074 -10.517549 -7.612079 -6.226692 -8.601874 -11.655470 -14.925844 -15.009455 -13.415835 -15.093093 -17.461598 -15.987437 -13.239476 -11.957699 -12.699603 -15.329294 -17.440671 -16.385517 -13.849530 -13.700354 -14.988982 -13.796408 -12.683176 -11.863345 -10.952003 -8.018904 -7.953412 -10.352170 -14.236640 -16.359557 -18.004378 -20.109910 -19.349922 -17.399242 -12.952541 -8.524617 -8.352976 -9999.0
-9999.0 -9999.0 -9999.0 -9999.0 -9999.0 -9999.0 -9999.0 -9999.0 -15.353825 -16.686275 -17.428151 -14.970607 -13.492510 -13.368922 -11.873275 -8.803454 -8.161340 -6.394995 -4.669107 -4.445226 -5.192485 -6.267327 -7.150620 -9.147125 -8.809084 -5.490350 -6.845406 -10.641091 -12.504921 -14.863666 -16.963715 -15.297384 -15.580337 -17.344530 -15.725451 -15.992618 -12.963227 -11.981811 -15.394133 -17.715772 -16.340018 -14.497676 -15.898662 -17.001458 -15.061768 -12.356854 -14.750076 -13.143474 -10.662178 -7.500737 -10.112046 -12.370010 -15.162640 -18.051773 -18.746927 -16.654961 -16.391665 -13.262433 -10.060003 -6.378651 -9999.0
-9999.0 -9999.0 -9999.0 -9999.0 -9999.0 -9999.0 -9999.0 -9999.0 -14.031118 -14.130031 -16.013653 -17.013241 -15.696689 -12.614675 -13.026960 -10.525523 -9.038204 -8.303137 -5.132934 -4.043331 -3.700291 -3.881655 -5.379985 -7.241803 -6.509139 -5.154328 -7.356300 -10.490205 -13.833345 -15.518672 -16.617415 -15.906878 -15.169587 -16.306010 -15.318813 -15.070053 -11.840234 -11.069874 -13.809366 -15.986758 -17.119419 -17.624608 -16.835011 -15.453072 -13.439431 -13.918901 -16.082088 -15.185894 -12.053609 -8.773179 -8.189895 -12.125013 -14.983074 -17.004523 -15.131909 -12.889638 -12.995846 -11.131686 -7.475881 -4.692316 -4.453992
-9999.0 -9999.0 -9999.0 -9999.0 -9999.0 -9999.0 -9999.0 -9999.0 -16.174591 -13.851117 -14.976121 -16.876743 -15.038574 -15.133587 -13.738202 -12.749094 -10.269614 -8.168139 -5.158725 -3.828585 -3.347619 -3.178645 -3.664635 -4.793260 -4.797068 -6.222916 -8.421421 -11.625791 -14.737314 -14.917538 -15.119136 -13.420787 -14.845835 -14.784091 -14.323086 -12.535771 -12.435427 -9.820472 -12.838358 -14.685902 -16.348890 -16.896738 -15.947337 -14.600033 -14.974023 -15.400906 -17.242752 -16.116006 -14.819070 -10.750407 -7.386951 -9.937035 -13.804558 -14.615406 -11.665490 -10.773749 -9.085197 -7.581681 -5.138878 -4.467677 -4.248238
-9999.0 -9999.0 -9999.0 -9999.0 -9999.0 -9999.0 -9999.0 -9999.0 -17.925186 -14.999561 -12.827586 -16.196187 -15.567784 -14.515924 -12.355869 -10.314512 -6.939200 -5.528248 -5.077910 -4.690114 -3.805367 -3.316496 -3.268779 -4.044398 -6.266890 -8.342820 -10.509118 -12.756873 -13.147214 -11.878028 -12.860686 -12.409039 -11.277381 -10.941681 -13.572650 -14.316576 -12.543220 -8.861595 -11.864679 -13.836918 -16.129575 -15.634772 -15.392644 -15.690428 -16.549010 -16.290207 -15.353186 -15.155598 -15.726255 -13.302358 -10.520120 -7.819436 -9.787390 -11.818817 -9.223651 -8.393178 -6.643392 -5.524932 -4.884951 -4.346450 -5.502109
-9999.0 -9999.0 -9999.0 -9999.0 -9999.0 -9999.0 -9999.0 -9999.0 -18.680751 -15.402246 -12.869628 -13.904380 -12.711630 -12.057773 -10.894449 -8.206387 -6.946375 -8.043782 -9.439675 -7.560662 -5.543958 -3.755066 -3.613668 -3.785180 -6.287800 -9.450768 -12.021160 -11.281454 -10.019001 -9.679766 -11.860066 -10.631257 -8.172348 -10.367794 -12.072648 -11.708312 -10.501527 -7.545116 -8.169372 -10.929979 -12.551663 -12.338106 -11.450181 -12.221489 -14.622149 -14.212501 -12.944028 -11.418688 -12.659510 -10.326460 -8.899895 -8.751806 -8.141253 -8.359654 -7.298507 -7.039740 -6.438407 -5.657169 -4.979192 -5.551384 -6.821764
-9999.0 -9999.0 -15.740733 -15.157355 -14.701621 -14.980086 -14.105501 -15.670450 -17.059144 -16.125560 -13.932106 -11.786402 -12.139732 -11.108558 -9.500596 -8.681290 -11.046940 -12.964054 -12.689232 -9.901920 -7.671606 -4.769645 -4.139383 -3.933392 -5.750152 -8.088462 -9.736593 -9.604102 -7.673727 -8.917461 -10.878170 -10.247193 -6.925827 -8.806568 -8.375706 -8.835899 -6.994565 -5.998814 -7.134419 -9.626932 -9.449355 -8.833490 -8.639355 -9.387867 -11.742084 -11.514383 -9.291694 -9.369355 -8.185520 -6.807853 -5.945456 -6.223286 -6.880768 -7.356281 -7.324514 -7.061148 -6.522198 -6.143340 -6.959489 -7.356329 -8.513333
-9999.0 -13.580452 -13.620116 -13.998020 -14.730611 -13.645491 -14.075119 -16.185375 -17.213605 -17.107932 -15.162397 -13.323043 -11.060909 -10.614908 -10.329198 -12.639880 -13.886008 -14.893143 -13.851270 -10.339897 -7.998036 -6.157463 -5.412121 -5.291804 -5.187423 -6.390305 -7.138822 -6.830565 -5.714579 -7.172037 -7.813730 -8.270279 -6.912703 -5.766783 -5.644325 -5.012683 -3.952072 -3.675889 -4.046924 -5.437460 -5.869773 -5.359356 -5.756349 -7.910091 -8.875437 -8.143363 -6.672099 -5.573968 -4.577855 -4.763018 -5.384027 -6.026337 -6.942460 -7.778802 -7.764426 -8.298589 -9.312295 -9.036342 -8.877908 -9.838703 -10.295508
