user2019/resources/simulation/Vinschgau/output-maps/TaN0103.asc
ncols         63
nrows         48
xllcorner     598000.000000
yllcorner     5145000.000000
cellsize      1000.000000
NODATA_value  -9999.0
[rows 0 to 27 of 48, columns 0 to 61 of 63]
-9999.0 -9999.0 -9999.0 -9999.0 -9999.0 -9999.0 -9999.0 -9999.0 -9999.0 -9999.0 -9999.0 -9999.0 -9999.0 -9999.0 -9999.0 -9999.0 -9999.0 -9999.0 -9999.0 -9999.0 -9999.0 -9999.0 -9999.0 -9999.0 -9999.0 -9999.0 -9999.0 -9999.0 -9999.0 -9999.0 -9999.0 -9999.0 -9999.0 -9999.0 -9999.0 -9999.0 -9999.0 -9999.0 -9999.0 -9999.0 -9999.0 -9999.0 -9999.0 -9999.0 -9999.0 -9999.0 -9999.0 -9999.0 -9999.0 -9999.0 -9999.0 -9999.0 -9999.0 -9999.0 -9999.0 -9999.0 -9999.0 -9999.0 -9999.0 -9999.0 -9999.0 -9999.0
-9999.0 -9999.0 -9999.0 -9999.0 -9999.0 -9999.0 -9999.0 -9999.0 -9999.0 -9999.0 -9999.0 -9999.0 -9999.0 -9999.0 -9999.0 -9999.0 -9999.0 -9999.0 -9999.0 -9999.0 -9999.0 -9999.0 -9999.0 -9999.0 -9999.0 -9999.0 -9999.0 -9.061822 -8.425426 -7.950472 -8.750220 -9.363273 -8.188696 -9999.0 -9999.0 -9999.0 -9999.0 -9999.0 -9999.0 -9999.0 -9999.0 -9999.0 -9999.0 -9999.0 -9999.0 -9999.0 -9999.0 -9999.0 -9999.0 -9999.0 -9999.0 -9999.0 -9999.0 -9999.0 -9999.0 -9999.0 -9999.0 -9999.0 -9999.0 -9999.0 -9999.0 -9999.0
-9999.0 -9999.0 -9999.0 -9999.0 -9999.0 -9999.0 -9999.0 -9999.0 -9999.0 -9999.0 -9999.0 -9999.0 -9999.0 -9999.0 -9999.0 -9999.0 -9999.0 -9999.0 -9999.0 -9999.0 -9999.0 -9999.0 -9999.0 -9999.0 -7.987924 -7.720005 -7.156697 -7.795258 -6.885614 -6.938801 -9.073849 -9999.0 -9999.0 -9999.0 -9999.0 -9999.0 -9999.0 -9999.0 -9999.0 -9999.0 -9999.0 -9999.0 -9999.0 -9999.0 -9999.0 -9999.0 -9999.0 -9999.0 -9999.0 -9999.0 -9999.0 -9999.0 -9999.0 -9999.0 -9999.0 -9999.0 -9999.0 -9999.0 -9999.0 -9999.0 -9999.0 -9999.0
-9999.0 -9999.0 -9999.0 -9999.0 -9999.0 -9999.0 -9999.0 -9999.0 -9999.0 -9999.0 -9999.0 -9999.0 -9999.0 -9999.0 -9999.0 -9999.0 -9999.0 -9999.0 -9999.0 -9999.0 -9999.0 -9999.0 -9999.0 -7.716281 -6.520327 -6.088330 -5.205107 -5.372790 -5.265124 -6.978425 -9.059976 -9.373999 -9999.0 -9999.0 -9999.0 -9999.0 -9999.0 -9999.0 -9999.0 -9999.0 -9999.0 -9999.0 -9999.0 -9999.0 -9999.0 -9999.0 -9999.0 -9999.0 -9999.0 -9999.0 -9999.0 -9999.0 -9999.0 -9999.0 -9999.0 -9999.0 -9999.0 -9999.0 -9999.0 -9999.0 -9999.0 -9999.0
-9999.0 -9999.0 -9999.0 -9999.0 -9999.0 -9999.0 -9999.0 -9999.0 -9999.0 -9999.0 -9999.0 -9999.0 -9999.0 -9999.0 -9999.0 -9999.0 -9999.0 -9999.0 -2.928873 -6.909218 -9999.0 -7.280143 -6.641520 -5.903357 -4.528132 -3.212731 -3.225638 -3.324425 -3.254776 -5.623193 -7.188356 -8.528292 -9.370276 -11.370022 -9999.0 -9999.0 -9999.0 -9999.0 -9999.0 -9999.0 -9999.0 -9999.0 -9999.0 -9999.0 -9999.0 -9999.0 -9999.0 -9999.0 -9999.0 -9999.0 -9999.0 -9999.0 -9999.0 -9999.0 -9999.0 -9999.0 -9999.0 -9999.0 -9999.0 -9999.0 -9999.0 -9999.0
-9999.0 -9999.0 -9999.0 -9999.0 -9999.0 -9999.0 -9999.0 -9999.0 -9999.0 -9999.0 -9999.0 -9999.0 -9999.0 -9999.0 -9999.0 -9999.0 -9999.0 0.852065 -0.893823 -3.807544 -6.546427 -5.891713 -5.549247 -3.675120 -2.470838 -4.270582 -5.672656 -5.925844 -5.127801 -3.630397 -5.080340 -6.735654 -6.706651 -7.751521 -9.181546 -9.849031 -9999.0 -9999.0 -9999.0 -9999.0 -9999.0 -9999.0 -9999.0 -9999.0 -9999.0 -9999.0 -9999.0 -9999.0 -9999.0 -9999.0 -9999.0 -9999.0 -9999.0 -9999.0 -9999.0 -9999.0 -9999.0 -9999.0 -9999.0 -9999.0 -9999.0 -9999.0
-9999.0 -9999.0 -9999.0 -9999.0 -9999.0 -9999.0 -9999.0 -9999.0 -9999.0 -9999.0 -9999.0 -9999.0 -9999.0 -5.203732 -3.079846 -0.400289 0.722952 1.245123 0.702010 -3.197900 -3.538504 -3.839870 -2.776038 -2.195398 -4.421463 -6.602556 -8.139092 -7.259346 -7.441580 -6.135669 -4.705168 -5.483247 -6.917840 -7.304671 -7.569184 -9.794337 -9999.0 -9999.0 -9999.0 -9999.0 -9999.0 -9999.0 -9999.0 -9999.0 -9999.0 -9999.0 -9999.0 -9999.0 -9999.0 -9999.0 -9999.0 -9999.0 -9999.0 -9999.0 -9999.0 -9999.0 -9999.0 -9999.0 -9999.0 -9999.0 -9999.0 -9999.0
-9999.0 -9999.0 -9999.0 -9999.0 -9999.0 -9999.0 -9999.0 -9999.0 -9999.0 -9999.0 -9999.0 -9999.0 -9999.0 -4.105440 -1.840600 -0.125912 -0.246057 1.405236 1.281034 0.314545 -0.407766 -0.889472 -1.997775 -3.294669 -4.515601 -6.286744 -8.891904 -8.676078 -9.683359 -8.152350 -6.912983 -8.120158 -8.747986 -9.708325 -8.877384 -9999.0 -9999.0 -9999.0 -9999.0 -9999.0 -9999.0 -9999.0 -9999.0 -9999.0 -9999.0 -9999.0 -9999.0 -9999.0 -9999.0 -9999.0 -9999.0 -9999.0 -9999.0 -9999.0 -9999.0 -9999.0 -9999.0 -9999.0 -9999.0 -9999.0 -9999.0 -9999.0
-9999.0 -9999.0 -9999.0 -9999.0 -9999.0 -9999.0 -9999.0 -9999.0 -9999.0 -9999.0 -9999.0 -9999.0 -9999.0 -2.623172 -0.084172 -1.035741 -0.642471 0.983842 1.672812 0.835438 -1.476251 -4.394264 -4.337765 -5.774474 -6.035237 -6.825697 -7.876304 -10.214251 -10.237943 -10.359246 -9.036647 -10.954237 -10.815982 -11.936501 -9.942379 -9999.0 -9999.0 -9999.0 -9999.0 -9999.0 -9999.0 -9999.0 -9999.0 -9999.0 -9999.0 -9999.0 -9999.0 -9999.0 -9999.0 -9999.0 -9999.0 -9999.0 -9999.0 -9999.0 -9999.0 -9999.0 -9999.0 -9999.0 -9999.0 -9999.0 -9999.0 -9999.0
-9999.0 -9999.0 -9999.0 -9999.0 -9999.0 -9999.0 -9999.0 -9999.0 -9999.0 -9999.0 -9999.0 -9999.0 -3.455343 -0.624481 -0.563126 -1.719804 -1.055613 0.875877 2.045968 1.091108 -2.842284 -6.615807 -6.472328 -7.673641 -6.121085 -9.121576 -7.925960 -10.136173 -8.372384 -10.190299 -11.374121 -9.792003 -8.932363 -11.260119 -9999.0 -9999.0 -9999.0 -9999.0 -9999.0 -9999.0 -9999.0 -9999.0 -9999.0 -9999.0 -9999.0 -9999.0 -9999.0 -9999.0 -9999.0 -9999.0 -9999.0 -9999.0 -9999.0 -9999.0 -9999.0 -9999.0 -9999.0 -9999.0 -9999.0 -9999.0 -9999.0 -9999.0
-9999.0 -9999.0 -9999.0 -9999.0 -9999.0 -9999.0 -9999.0 -9999.0 -9999.0 -9999.0 -9999.0 -4.735851 -2.271780 -0.270817 -2.151953 -2.284223 -1.892748 0.556634 2.301687 1.309148 -2.455438 -4.806525 -7.133959 -8.804007 -6.915828 -8.601267 -10.571303 -9.379148 -8.246745 -11.766387 -10.535802 -7.413190 -8.431561 -9.660215 -8.182960 -5.811111 -5.237691 -3.330700 -2.284374 -9999.0 -9999.0 -9999.0 -7.912785 -9999.0 -9999.0 -9999.0 -9999.0 -9999.0 -9999.0 -9999.0 -9999.0 -9999.0 -9999.0 -9999.0 -9999.0 -9999.0 -9999.0 -9999.0 -9999.0 -9999.0 -9999.0 -9999.0
-9999.0 -9999.0 -9999.0 -9999.0 -9999.0 -9999.0 -9999.0 -9999.0 -9999.0 -9999.0 -9999.0 -5.184435 -3.174875 -1.240279 -2.118579 -3.491731 -1.317036 0.976486 2.299091 1.028395 -1.665507 -5.176050 -7.410828 -8.949247 -7.853163 -9.598676 -10.050740 -8.609190 -8.513856 -11.779106 -8.876157 -6.471334 -9.119418 -9.010230 -8.878084 -5.259912 -2.494616 -1.392222 -1.789488 -3.945778 -5.124434 -7.071899 -5.708176 -7.367096 -9999.0 -9999.0 -9999.0 -11.947573 -10.606113 -9.677169 -9.974206 -11.037291 -11.389587 -12.107034 -11.662509 -11.949683 -9999.0 -9999.0 -9999.0 -9999.0 -9999.0 -9999.0
-9999.0 -9999.0 -9999.0 -9999.0 -9999.0 -9999.0 -9999.0 -9999.0 -9999.0 -9999.0 -9999.0 -5.538340 -4.952594 -1.906758 -2.695441 -2.977935 -1.055935 0.858942 1.829423 0.799401 -1.801114 -4.650353 -7.739974 -8.964436 -9.782077 -10.164282 -7.704623 -7.051338 -10.035384 -11.717060 -9.854408 -6.602429 -6.904691 -9.012370 -7.873126 -4.202534 -1.273380 0.375651 0.017066 -2.848228 -3.280007 -6.331041 -5.005196 -6.413200 -8.640021 -9999.0 -11.418756 -9.342191 -8.055792 -7.113966 -6.995660 -7.085838 -8.027368 -8.803026 -8.947497 -9.815530 -9999.0 -9999.0 -9999.0 -9999.0 -9999.0 -9999.0
-9999.0 -9999.0 -9999.0 -9999.0 -9999.0 -9999.0 -9999.0 -9999.0 -9999.0 -9999.0 -9999.0 -9999.0 -4.854177 -3.542294 -4.220150 -3.860447 -2.170831 -0.482854 1.285077 0.446168 -2.384386 -4.590156 -5.382771 -7.388801 -9.753935 -8.404558 -6.617829 -9.171619 -10.400644 -10.945965 -9.597695 -6.787463 -7.200349 -8.491784 -8.173321 -5.626803 -2.933760 -0.534310 0.586422 -3.481201 -4.260457 -5.756400 -4.218166 -5.206702 -8.151497 -9.360290 -9.888777 -9.316220 -6.905118 -5.093764 -4.239646 -5.505300 -5.705297 -6.351534 -7.271119 -8.615875 -9.788411 -9999.0 -9999.0 -9999.0 -9999.0 -9999.0
-9999.0 -9999.0 -9999.0 -9999.0 -9999.0 -9999.0 -9999.0 -9999.0 -9999.0 -9999.0 -9999.0 -6.350951 -6.974213 -5.137812 -3.667066 -3.513677 -2.544596 -1.579261 0.184490 -0.290239 -2.434638 -4.120666 -5.362786 -8.675329 -8.659428 -6.584167 -7.513170 -11.011835 -11.170360 -9.689043 -7.545404 -5.883120 -6.310290 -8.778903 -9.899856 -6.744262 -5.874921 -3.014275 -0.470654 -3.435216 -5.130517 -3.654572 -2.734781 -3.583143 -4.962074 -8.176784 -7.214775 -7.483070 -6.658290 -3.570224 -7.227732 -8.653391 -8.438048 -9.290722 -10.233212 -11.103177 -9.971193 -9999.0 -9999.0 -9999.0 -9999.0 -9999.0
-9999.0 -9999.0 -9999.0 -9999.0 -9999.0 -9999.0 -9999.0 -9999.0 -9999.0 -9999.0 -5.245320 -5.671159 -6.875866 -6.692858 -5.280414 -3.109644 -3.428166 -4.030340 -1.237944 -1.011790 -2.221321 -3.465118 -7.270648 -7.612962 -6.542570 -6.303464 -9.360845 -11.087720 -9.489562 -8.453396 -5.906206 -5.523089 -7.169432 -9.239286 -11.436112 -8.262705 -5.760758 -4.329536 -2.617491 -1.538904 -2.144277 -1.238979 -1.057810 -1.195636 -3.644812 -7.375630 -7.315073 -4.954836 -3.877831 -3.370293 -8.468982 -10.306389 -10.666161 -11.951102 -11.609540 -9.315951 -9.153261 -9999.0 -9999.0 -9999.0 -9999.0 -9999.0
-9999.0 -9999.0 -9999.0 -9999.0 -9999.0 -9999.0 -9999.0 -9999.0 -9999.0 -8.662109 -6.769802 -5.525601 -4.731126 -6.665953 -5.202116 -5.210834 -6.261541 -4.683723 -1.707505 -1.329299 -2.253619 -5.064596 -5.367555 -5.196521 -5.576793 -8.582906 -10.801530 -9.098733 -7.014764 -5.866971 -4.632553 -7.602999 -9.920703 -11.598784 -11.127779 -8.984086 -6.190687 -5.670237 -5.241025 -3.784241 -2.768883 -4.310207 -4.434711 -0.813726 -1.444817 -4.119027 -4.458611 -5.830523 -5.869437 -2.345281 -6.541801 -9.975353 -12.646466 -13.076249 -11.356160 -8.883532 -8.007923 -9.936247 -11.314245 -9999.0 -9999.0 -9999.0
-9999.0 -9999.0 -9999.0 -9999.0 -9999.0 -9999.0 -9999.0 -9999.0 -9999.0 -8.953154 -8.867215 -7.202530 -3.570961 -4.897407 -6.329665 -7.257777 -6.225127 -4.115084 -1.442672 -1.274029 -1.759924 -2.954784 -3.614006 -5.787392 -8.395101 -9.955403 -8.525757 -6.976273 -4.729683 -4.975564 -5.973409 -8.297864 -9.399491 -11.112724 -9.647375 -9.806305 -8.876841 -7.236398 -7.832916 -5.449564 -5.440704 -6.812897 -5.176078 -1.722740 -0.226450 -0.472961 -0.763558 -2.672377 -3.958043 -2.210289 -7.434082 -10.551133 -12.599134 -12.228499 -10.066162 -9.924477 -7.870888 -7.280157 -9.145541 -9999.0 -9999.0 -9999.0
-9999.0 -9999.0 -9999.0 -9999.0 -9999.0 -9999.0 -9999.0 -9999.0 -9999.0 -9999.0 -9.575862 -7.266389 -5.332732 -3.534489 -4.818900 -6.410147 -5.651842 -3.090213 -0.881144 -1.023543 -1.635082 -3.670282 -6.361366 -7.420613 -9.677219 -7.827656 -6.246062 -4.781116 -6.976668 -8.628316 -8.767692 -7.723802 -10.837554 -10.935302 -8.656435 -7.116469 -7.360538 -6.532693 -9.048945 -8.493708 -8.849409 -6.417145 -3.445147 -4.661569 -3.313776 -3.212888 -2.067576 -0.514019 -0.302081 -3.255858 -6.481808 -7.572526 -11.493487 -12.403658 -12.325660 -10.386323 -8.078041 -4.542214 -4.735536 -5.356613 -9999.0 -9999.0
-9999.0 -9999.0 -9999.0 -9999.0 -9999.0 -9999.0 -9999.0 -9999.0 -9999.0 -9999.0 -9.833782 -8.626285 -7.581518 -5.243563 -3.264922 -4.493967 -4.917197 -2.965161 -0.548635 -0.681354 -3.043815 -5.103696 -6.725078 -8.170391 -7.830026 -6.215686 -4.754736 -6.424446 -8.775443 -11.427378 -10.962993 -8.876365 -10.105699 -12.064199 -10.211330 -7.109592 -5.494480 -5.923764 -8.269290 -10.140367 -8.907034 -6.266466 -6.082989 -7.390911 -6.250155 -5.203737 -4.454379 -3.611114 -0.741036 -0.732645 -3.182521 -7.112418 -9.275830 -10.958014 -13.101464 -12.386239 -10.496194 -6.137297 -1.837177 -1.847047 -9999.0 -9999.0
-9999.0 -9999.0 -9999.0 -9999.0 -9999.0 -9999.0 -9999.0 -9999.0 -8.223290 -9.608223 -10.423725 -8.069696 -6.736238 -6.811213 -5.579712 -2.845632 -2.606398 -1.292400 -0.038145 -0.265540 -1.397462 -2.736891 -3.643021 -4.931210 -5.712948 -5.257428 -5.974278 -8.705100 -9.764692 -11.487747 -13.057248 -10.938031 -10.833118 -12.265476 -10.359730 -10.370843 -7.099651 -5.877864 -9.048474 -11.137380 -9.556803 -7.554556 -8.846729 -9.886293 -7.917387 -5.205703 -7.605987 -6.014888 -3.554440 -0.417333 -3.055023 -5.340024 -8.159224 -11.074523 -11.798047 -9.742817 -9.534143 -6.488865 -3.411532 0.091884 -9999.0 -9999.0
-9999.0 -9999.0 -9999.0 -9999.0 -9999.0 -9999.0 -9999.0 -9999.0 -6.947075 -7.097407 -9.050054 -10.145194 -8.963819 -6.073126 -6.748674 -4.590167 -3.518595 -3.249839 -0.563624 0.062247 0.001087 -0.498048 -2.294004 -3.557626 -3.239386 -3.598071 -5.815623 -8.276089 -10.976179 -12.113218 -12.748920 -11.654376 -10.609664 -11.510765 -10.348602 -9.963300 -6.605031 -5.683924 -8.232502 -10.182306 -11.072776 -11.348703 -10.362658 -8.824545 -6.693008 -7.086712 -9.189761 -8.253776 -5.098109 -1.807601 -1.224630 -5.167324 -8.037101 -10.072505 -8.217392 -6.002129 -6.154711 -4.367094 -0.826917 1.795254 1.819651 -9999.0
-9999.0 -9999.0 -9999.0 -9999.0 -9999.0 -9999.0 -9999.0 -9999.0 -9.093716 -6.807517 -7.979670 -9.946376 -8.210158 -8.468299 -7.323950 -6.686921 -4.648087 -3.041555 -0.540419 0.304864 0.357390 0.191736 -0.482189 -1.639565 -1.824808 -3.653169 -5.964748 -8.899998 -11.603372 -11.371205 -11.207692 -9.215564 -10.432077 -10.251802 -9.752838 -7.978655 -7.892793 -5.236156 -8.115445 -9.724462 -11.082476 -11.306794 -10.054632 -8.446632 -8.607870 -8.867133 -10.580494 -9.358199 -7.993273 -3.879573 -0.489657 -3.027201 -6.891247 -7.703988 -4.761362 -3.887961 -2.238576 -0.804136 1.535525 2.070355 2.121894 -9999.0
-9999.0 -9999.0 -9999.0 -9999.0 -9999.0 -9999.0 -9999.0 -9999.0 -10.812944 -7.900415 -5.738959 -9.123112 -8.536636 -7.593232 -5.657187 -3.981177 -1.088255 -0.217193 -0.308075 -0.430932 -0.016994 0.028488 -0.415418 -1.693568 -3.734600 -5.531175 -7.551289 -9.592900 -9.702755 -8.135968 -8.854410 -8.209005 -6.981780 -6.665359 -9.426948 -10.375494 -8.802021 -5.212957 -8.123881 -9.813244 -11.694559 -10.744473 -10.068652 -9.988504 -10.534824 -10.026307 -8.894121 -8.547318 -9.007121 -6.504289 -3.669222 -0.935968 -2.885615 -4.908131 -2.312495 -1.495031 0.219496 1.274328 1.823939 2.254251 0.983397 -1.842917
-9999.0 -9999.0 -9999.0 -9999.0 -9999.0 -9999.0 -9999.0 -9999.0 -11.514349 -8.220015 -5.652625 -6.636423 -5.399741 -4.768735 -3.782870 -1.478802 -0.763265 -2.460110 -4.429797 -3.074266 -1.555005 -0.317454 -0.930173 -1.814404 -3.959715 -6.507197 -8.733966 -7.757660 -6.271703 -5.719550 -7.727933 -6.406726 -3.973634 -6.344589 -8.382782 -8.466217 -7.700826 -5.002080 -5.563676 -7.942710 -8.986064 -8.140764 -6.663905 -6.931134 -8.920066 -8.182830 -6.658077 -4.935299 -6.027029 -3.584713 -2.081498 -1.882670 -1.240790 -1.441973 -0.376077 -0.128792 0.438362 1.160333 1.760685 1.107559 -0.229574 -2.329257
-9999.0 -9999.0 -8.490376 -7.918408 -7.474243 -7.762917 -6.894529 -8.457316 -9.828784 -8.853502 -6.583115 -4.319954 -4.534976 -3.422388 -1.929053 -1.513434 -4.494274 -7.068335 -7.381205 -5.088801 -3.295072 -0.854935 -0.806147 -1.077364 -2.747675 -4.680803 -6.040940 -5.711673 -3.617956 -4.723806 -6.597021 -5.970582 -2.795946 -5.015404 -5.142521 -6.336656 -5.231205 -4.684063 -5.756909 -7.704667 -6.724149 -5.268639 -4.321597 -4.444188 -6.297079 -5.675170 -3.145779 -2.987166 -1.623915 -0.113161 0.844428 0.631191 0.014351 -0.439066 -0.401326 -0.149781 0.356266 0.682025 -0.197970 -0.651985 -1.839713 -3.093364
-9999.0 -6.292542 -6.339741 -6.725763 -7.466170 -6.386891 -6.817443 -8.918764 -9.920306 -9.758449 -7.712169 -5.715509 -3.253160 -2.649675 -2.425254 -5.142582 -7.037375 -8.716562 -8.236471 -5.141664 -3.078583 -1.409115 -0.805844 -0.890390 -0.953662 -2.191080 -2.901550 -2.526470 -1.333885 -2.728946 -3.359362 -3.905646 -2.800625 -2.138062 -2.779342 -3.155938 -3.122775 -3.476108 -3.755361 -4.411184 -3.813436 -2.274412 -1.782180 -3.215781 -3.614299 -2.441316 -0.629080 0.731091 1.926313 1.889358 1.374965 0.805382 -0.065143 -0.877379 -0.856907 -1.402299 -2.444909 -2.212764 -2.103610 -3.103168 -3.570624 -3.289426
-9999.0 -4.990933 -4.525331 -4.551914 -5.252504 -5.055134 -7.481607 -9.376636 -10.016033 -10.107103 -8.289059 -6.069188 -3.188598 -2.534589 -4.566915 -7.353427 -8.894194 -8.903689 -6.199403 -4.610399 -3.083746 -2.428800 -1.364754 -1.297812 -0.991511 -0.593603 -0.236667 0.060431 0.294696 0.191470 0.052015 -0.755800 -0.706118 -0.935034 -1.066919 -1.233758 -1.520515 -1.572147 -1.620605 -1.394225 -0.429185 0.278757 0.349395 -0.092883 0.754681 1.336984 2.301187 2.608385 2.373107 2.022047 0.438190 -1.575460 -2.413288 -1.450021 -2.365050 -4.207610 -3.757996 -4.619907 -4.627111 -5.286265 -4.927282 -9999.0
