user2019/resources/simulation/Vinschgau/output-maps/TaN0139.asc
ncols         63
nrows         48
xllcorner     598000.000000
yllcorner     5145000.000000
cellsize      1000.000000
NODATA_value  -9999.0
[rows 0 to 27 of 48, columns 0 to 61 of 63]
-9999.0 -9999.0 -9999.0 -9999.0 -9999.0 -9999.0 -9999.0 -9999.0 -9999.0 -9999.0 -9999.0 -9999.0 -9999.0 -9999.0 -9999.0 -9999.0 -9999.0 -9999.0 -9999.0 -9999.0 -9999.0 -9999.0 -9999.0 -9999.0 -9999.0 -9999.0 -9999.0 -9999.0 -9999.0 -9999.0 -9999.0 -9999.0 -9999.0 -9999.0 -9999.0 -9999.0 -9999.0 -9999.0 -9999.0 -9999.0 -9999.0 -9999.0 -9999.0 -9999.0 -9999.0 -9999.0 -9999.0 -9999.0 -9999.0 -9999.0 -9999.0 -9999.0 -9999.0 -9999.0 -9999.0 -9999.0 -9999.0 -9999.0 -9999.0 -9999.0 -9999.0 -9999.0
-9999.0 -9999.0 -9999.0 -9999.0 -9999.0 -9999.0 -9999.0 -9999.0 -9999.0 -9999.0 -9999.0 -9999.0 -9999.0 -9999.0 -9999.0 -9999.0 -9999.0 -9999.0 -9999.0 -9999.0 -9999.0 -9999.0 -9999.0 -9999.0 -9999.0 -9999.0 -9999.0 -7.404595 -6.770774 -6.311622 -7.138957 -7.789437 -6.659655 -9999.0 -9999.0 -9999.0 -9999.0 -9999.0 -9999.0 -9999.0 -9999.0 -9999.0 -9999.0 -9999.0 -9999.0 -9999.0 -9999.0 -9999.0 -9999.0 -9999.0 -9999.0 -9999.0 -9999.0 -9999.0 -9999.0 -9999.0 -9999.0 -9999.0 -9999.0 -9999.0 -9999.0 -9999.0
-9999.0 -9999.0 -9999.0 -9999.0 -9999.0 -9999.0 -9999.0 -9999.0 -9999.0 -9999.0 -9999.0 -9999.0 -9999.0 -9999.0 -9999.0 -9999.0 -9999.0 -9999.0 -9999.0 -9999.0 -9999.0 -9999.0 -9999.0 -9999.0 -6.405185 -6.089223 -5.496000 -6.122741 -5.218746 -5.293904 -7.465590 -9999.0 -9999.0 -9999.0 -9999.0 -9999.0 -9999.0 -9999.0 -9999.0 -9999.0 -9999.0 -9999.0 -9999.0 -9999.0 -9999.0 -9999.0 -9999.0 -9999.0 -9999.0 -9999.0 -9999.0 -9999.0 -9999.0 -9999.0 -9999.0 -9999.0 -9999.0 -9999.0 -9999.0 -9999.0 -9999.0 -9999.0
-9999.0 -9999.0 -9999.0 -9999.0 -9999.0 -9999.0 -9999.0 -9999.0 -9999.0 -9999.0 -9999.0 -9999.0 -9999.0 -9999.0 -9999.0 -9999.0 -9999.0 -9999.0 -9999.0 -9999.0 -9999.0 -9999.0 -9999.0 -6.201781 -4.927190 -4.438609 -3.521334 -3.677183 -3.579021 -5.321817 -7.451021 -7.828414 -9999.0 -9999.0 -9999.0 -9999.0 -9999.0 -9999.0 -9999.0 -9999.0 -9999.0 -9999.0 -9999.0 -9999.0 -9999.0 -9999.0 -9999.0 -9999.0 -9999.0 -9999.0 -9999.0 -9999.0 -9999.0 -9999.0 -9999.0 -9999.0 -9999.0 -9999.0 -9999.0 -9999.0 -9999.0 -9999.0
-9999.0 -9999.0 -9999.0 -9999.0 -9999.0 -9999.0 -9999.0 -9999.0 -9999.0 -9999.0 -9999.0 -9999.0 -9999.0 -9999.0 -9999.0 -9999.0 -9999.0 -9999.0 -2.172081 -5.987084 -9999.0 -6.026800 -5.244062 -4.385180 -2.915839 -1.534147 -1.508545 -1.595826 -1.540455 -3.947388 -5.573379 -6.993940 -7.932927 -10.041327 -9999.0 -9999.0 -9999.0 -9999.0 -9999.0 -9999.0 -9999.0 -9999.0 -9999.0 -9999.0 -9999.0 -9999.0 -9999.0 -9999.0 -9999.0 -9999.0 -9999.0 -9999.0 -9999.0 -9999.0 -9999.0 -9999.0 -9999.0 -9999.0 -9999.0 -9999.0 -9999.0 -9999.0
-9999.0 -9999.0 -9999.0 -9999.0 -9999.0 -9999.0 -9999.0 -9999.0 -9999.0 -9999.0 -9999.0 -9999.0 -9999.0 -9999.0 -9999.0 -9999.0 -9999.0 1.234102 -0.321786 -3.021314 -5.542759 -4.684453 -4.163824 -2.143424 -0.827419 -2.550277 -3.909342 -4.151899 -3.373946 -1.925640 -3.451807 -5.208130 -5.301628 -6.485569 -8.063904 -8.878538 -9999.0 -9999.0 -9999.0 -9999.0 -9999.0 -9999.0 -9999.0 -9999.0 -9999.0 -9999.0 -9999.0 -9999.0 -9999.0 -9999.0 -9999.0 -9999.0 -9999.0 -9999.0 -9999.0 -9999.0 -9999.0 -9999.0 -9999.0 -9999.0 -9999.0 -9999.0
-9999.0 -9999.0 -9999.0 -9999.0 -9999.0 -9999.0 -9999.0 -9999.0 -9999.0 -9999.0 -9999.0 -9999.0 -9999.0 -5.327581 -3.274994 -0.586740 0.637090 1.345798 1.052040 -2.567882 -2.628881 -2.674202 -1.391633 -0.635635 -2.730851 -4.824174 -6.313607 -5.424930 -5.634204 -4.389471 -3.052651 -3.955096 -5.542083 -6.104850 -6.561163 -8.981559 -9999.0 -9999.0 -9999.0 -9999.0 -9999.0 -9999.0 -9999.0 -9999.0 -9999.0 -9999.0 -9999.0 -9999.0 -9999.0 -9999.0 -9999.0 -9999.0 -9999.0 -9999.0 -9999.0 -9999.0 -9999.0 -9999.0 -9999.0 -9999.0 -9999.0 -9999.0
-9999.0 -9999.0 -9999.0 -9999.0 -9999.0 -9999.0 -9999.0 -9999.0 -9999.0 -9999.0 -9999.0 -9999.0 -9999.0 -4.567256 -2.425729 -0.725425 -0.727857 1.166131 1.372555 0.773649 0.410011 0.247561 -0.595800 -1.686050 -2.756760 -4.429944 -6.984980 -6.763087 -7.805542 -6.349064 -5.222417 -6.579614 -7.393432 -8.572698 -7.986858 -9999.0 -9999.0 -9999.0 -9999.0 -9999.0 -9999.0 -9999.0 -9999.0 -9999.0 -9999.0 -9999.0 -9999.0 -9999.0 -9999.0 -9999.0 -9999.0 -9999.0 -9999.0 -9999.0 -9999.0 -9999.0 -9999.0 -9999.0 -9999.0 -9999.0 -9999.0 -9999.0
-9999.0 -9999.0 -9999.0 -9999.0 -9999.0 -9999.0 -9999.0 -9999.0 -9999.0 -9999.0 -9999.0 -9999.0 -9999.0 -3.455347 -1.115251 -2.119932 -1.590448 0.353690 1.482037 1.124833 -0.732384 -3.259524 -2.889253 -4.088538 -4.181511 -4.865918 -5.865287 -8.201587 -8.269764 -8.479822 -7.289709 -9.383922 -9.467109 -10.853587 -9.166209 -9999.0 -9999.0 -9999.0 -9999.0 -9999.0 -9999.0 -9999.0 -9999.0 -9999.0 -9999.0 -9999.0 -9999.0 -9999.0 -9999.0 -9999.0 -9999.0 -9999.0 -9999.0 -9999.0 -9999.0 -9999.0 -9999.0 -9999.0 -9999.0 -9999.0 -9999.0 -9999.0
-9999.0 -9999.0 -9999.0 -9999.0 -9999.0 -9999.0 -9999.0 -9999.0 -9999.0 -9999.0 -9999.0 -9999.0 -4.266972 -1.820393 -2.057237 -3.324101 -2.504994 -0.160215 1.585684 1.244746 -2.128480 -5.438373 -4.935655 -5.873524 -4.140162 -7.030243 -5.785085 -8.000003 -6.291136 -8.212373 -9.548030 -8.168039 -7.563881 -10.203925 -9999.0 -9999.0 -9999.0 -9999.0 -9999.0 -9999.0 -9999.0 -9999.0 -9999.0 -9999.0 -9999.0 -9999.0 -9999.0 -9999.0 -9999.0 -9999.0 -9999.0 -9999.0 -9999.0 -9999.0 -9999.0 -9999.0 -9999.0 -9999.0 -9999.0 -9999.0 -9999.0 -9999.0
-9999.0 -9999.0 -9999.0 -9999.0 -9999.0 -9999.0 -9999.0 -9999.0 -9999.0 -9999.0 -9999.0 -5.254178 -3.261755 -1.748504 -4.035248 -4.345310 -3.780849 -0.811167 1.657791 1.414396 -1.692601 -3.519772 -5.454717 -6.845294 -4.770736 -6.346666 -8.272410 -7.093537 -6.027545 -9.664913 -8.603886 -5.705436 -7.007578 -8.586626 -7.534406 -5.667650 -5.670791 -4.358004 -3.765959 -9999.0 -9999.0 -9999.0 -7.581115 -9999.0 -9999.0 -9999.0 -9999.0 -9999.0 -9999.0 -9999.0 -9999.0 -9999.0 -9999.0 -9999.0 -9999.0 -9999.0 -9999.0 -9999.0 -9999.0 -9999.0 -9999.0 -9999.0
-9999.0 -9999.0 -9999.0 -9999.0 -9999.0 -9999.0 -9999.0 -9999.0 -9999.0 -9999.0 -9999.0 -5.687497 -4.193686 -2.812283 -4.171338 -5.771681 -3.405034 -0.500416 1.662839 1.237350 -0.738922 -3.695207 -5.525775 -6.783219 -5.504638 -7.147595 -7.564467 -6.147101 -6.130698 -9.527632 -6.809499 -4.645447 -7.595740 -7.858607 -8.179825 -5.110014 -2.997942 -2.630393 -3.684384 -5.966530 -6.383454 -7.251852 -5.122904 -6.345561 -9999.0 -9999.0 -9999.0 -10.207700 -8.745252 -7.703569 -7.896594 -8.865704 -9.135755 -9.784598 -9.287226 -9.539607 -9999.0 -9999.0 -9999.0 -9999.0 -9999.0 -9999.0
-9999.0 -9999.0 -9999.0 -9999.0 -9999.0 -9999.0 -9999.0 -9999.0 -9999.0 -9999.0 -9999.0 -5.885142 -5.799367 -3.295209 -4.557276 -5.056759 -2.919468 -0.359022 1.481129 1.308140 -0.578542 -2.885758 -5.585966 -6.543844 -7.192207 -7.484331 -5.001982 -4.385952 -7.462574 -9.289613 -7.624537 -4.623893 -5.235078 -7.715408 -7.020856 -3.877026 -1.565741 -0.615345 -1.625168 -4.562306 -3.910936 -5.732713 -3.815032 -4.994097 -7.104476 -9999.0 -9.691493 -7.512168 -6.119947 -5.072969 -4.853735 -4.850314 -5.708229 -6.412518 -6.499821 -7.326586 -9999.0 -9999.0 -9999.0 -9999.0 -9999.0 -9999.0
-9999.0 -9999.0 -9999.0 -9999.0 -9999.0 -9999.0 -9999.0 -9999.0 -9999.0 -9999.0 -9999.0 -9999.0 -5.329988 -4.463208 -5.511083 -5.286390 -3.355454 -1.061132 1.498642 1.434187 -0.751857 -2.467962 -2.908873 -4.675087 -6.890494 -5.466753 -3.671888 -6.277752 -7.614445 -8.319305 -7.179883 -4.626731 -5.345200 -6.991455 -7.076295 -4.975558 -2.751369 -0.786953 0.110156 -3.508812 -3.029935 -3.777982 -2.212677 -3.320640 -6.335600 -7.548805 -8.033556 -7.387118 -4.885434 -2.976313 -2.024043 -3.196130 -3.310793 -3.882520 -4.740105 -6.036246 -7.173653 -9999.0 -9999.0 -9999.0 -9999.0 -9999.0
-9999.0 -9999.0 -9999.0 -9999.0 -9999.0 -9999.0 -9999.0 -9999.0 -9999.0 -9999.0 -9999.0 -6.016874 -6.943367 -5.406260 -4.151620 -4.019198 -2.789941 -1.303928 1.111736 1.274952 -0.331201 -1.601780 -2.541238 -5.645300 -5.499850 -3.365138 -4.300337 -7.867119 -8.150593 -6.844938 -4.921858 -3.520288 -4.244194 -7.040161 -8.508643 -5.698435 -5.125240 -2.413122 0.326811 -1.842356 -2.480532 -0.738036 -0.157212 -1.345903 -2.918517 -6.206120 -5.238629 -5.454194 -4.549879 -1.368939 -4.929445 -6.260477 -5.957426 -6.732208 -7.607990 -8.422365 -7.244524 -9999.0 -9999.0 -9999.0 -9999.0 -9999.0
-9999.0 -9999.0 -9999.0 -9999.0 -9999.0 -9999.0 -9999.0 -9999.0 -9999.0 -9999.0 -4.310177 -4.908483 -6.293617 -6.265297 -4.925758 -2.679610 -2.733739 -2.906028 0.398695 1.126827 0.349208 -0.552917 -4.102725 -4.263264 -3.076664 -2.786375 -5.860965 -7.673065 -6.220962 -5.380730 -3.068630 -2.950812 -4.884589 -7.254206 -9.747248 -6.837824 -4.516074 -3.094366 -1.100777 0.601751 0.649909 1.710209 1.624444 1.176845 -1.471315 -5.289107 -5.235507 -2.830804 -1.678376 -1.078726 -6.078863 -7.818805 -8.087548 -9.291161 -8.879079 -6.524725 -6.307995 -9999.0 -9999.0 -9999.0 -9999.0 -9999.0
-9999.0 -9999.0 -9999.0 -9999.0 -9999.0 -9999.0 -9999.0 -9999.0 -9999.0 -7.314072 -5.502634 -4.345050 -3.628029 -5.605259 -4.113091 -3.987550 -4.782861 -2.849211 0.531796 1.306214 0.729003 -1.800163 -1.883962 -1.546123 -1.807868 -4.755696 -6.995378 -5.397640 -3.488317 -2.563921 -1.584082 -4.827475 -7.426089 -9.381727 -9.168853 -7.238450 -4.574203 -4.045417 -3.421586 -1.604767 -0.239061 -1.662531 -1.900655 1.541262 0.777439 -1.956667 -2.293345 -3.616780 -3.577126 0.043156 -4.049827 -7.380655 -9.956116 -10.301219 -8.508478 -5.973222 -5.040125 -6.908963 -8.217012 -9999.0 -9999.0 -9999.0
-9999.0 -9999.0 -9999.0 -9999.0 -9999.0 -9999.0 -9999.0 -9999.0 -9999.0 -7.354363 -7.291829 -5.646358 -2.017708 -3.312819 -4.658080 -5.425640 -4.154428 -1.743426 1.259804 1.751695 1.552258 0.594056 0.126867 -1.881060 -4.340162 -5.803014 -4.387327 -2.973494 -0.945416 -1.452790 -2.730390 -5.338583 -6.717805 -8.692447 -7.459520 -7.804032 -6.989465 -5.367080 -5.870903 -3.310866 -3.126244 -4.416714 -2.805970 0.573989 2.010014 1.743579 1.476585 -0.371895 -1.570021 0.282586 -4.828684 -7.834562 -9.780388 -9.321710 -7.086936 -6.885556 -4.777964 -4.128681 -5.919012 -9999.0 -9999.0 -9999.0
-9999.0 -9999.0 -9999.0 -9999.0 -9999.0 -9999.0 -9999.0 -9999.0 -9999.0 -9999.0 -7.727525 -5.388759 -3.409606 -1.537985 -2.708109 -4.134053 -3.157733 -0.335835 2.154049 2.285744 1.916886 0.079881 -2.448525 -3.340292 -5.369791 -3.307431 -1.726943 -0.466583 -2.952106 -4.914430 -5.361541 -4.612605 -8.001793 -8.348516 -6.283855 -4.913130 -5.269834 -4.487932 -6.982384 -6.355923 -6.630608 -4.148022 -1.168214 -2.399645 -1.061578 -0.946393 0.244206 1.873243 2.185780 -0.649890 -3.749619 -4.716381 -8.525626 -9.343805 -9.196269 -7.206320 -4.856627 -1.274305 -1.399648 -1.915068 -9999.0 -9999.0
-9999.0 -9999.0 -9999.0 -9999.0 -9999.0 -9999.0 -9999.0 -9999.0 -9999.0 -9999.0 -7.749493 -6.479385 -5.360332 -2.929176 -0.829511 -1.901782 -2.129618 0.050606 2.712546 2.819405 0.665075 -1.237450 -2.746134 -4.062466 -3.349543 -1.190596 0.211347 -1.827190 -4.565231 -7.575771 -7.440881 -5.655483 -7.155818 -9.351340 -7.697139 -4.751455 -3.246297 -3.738027 -6.101797 -7.957988 -6.695033 -4.028191 -3.829209 -5.126457 -3.967259 -2.883211 -2.070335 -1.135832 1.850877 1.995221 -0.309002 -4.096121 -6.133368 -7.717631 -9.796862 -9.047319 -7.139603 -2.759922 1.586052 1.667866 -9999.0 -9999.0
-9999.0 -9999.0 -9999.0 -9999.0 -9999.0 -9999.0 -9999.0 -9999.0 -6.096777 -7.402979 -8.135879 -5.695848 -4.272004 -4.248350 -2.902608 -0.029517 0.380008 1.894310 3.367011 3.354134 2.402838 1.177379 0.311936 -0.968657 -1.332134 0.296796 -0.718785 -3.981403 -5.479205 -7.576573 -9.478421 -7.656144 -7.812401 -9.467640 -7.744358 -7.897101 -4.728404 -3.573597 -6.780970 -8.883467 -7.301678 -5.290918 -6.570595 -7.591289 -5.590708 -2.827207 -5.149730 -3.451933 -0.856418 2.439205 -0.026632 -2.141965 -4.812960 -7.619970 -8.285787 -6.220189 -6.030380 -3.005670 0.078312 3.640457 -9999.0 -9999.0
-9999.0 -9999.0 -9999.0 -9999.0 -9999.0 -9999.0 -9999.0 -9999.0 -4.690729 -4.737217 -6.583200 -7.573043 -6.291319 -3.305100 -3.883084 -1.611980 -0.399865 0.041781 2.924341 3.748010 3.852138 3.438369 1.605556 0.407195 1.030346 1.368893 -0.869674 -3.684528 -6.750525 -8.227456 -9.174739 -8.360616 -7.560714 -8.666961 -7.668458 -7.406958 -4.137795 -3.278448 -5.868696 -7.845474 -8.751417 -9.032715 -8.041487 -6.484961 -4.317110 -4.650939 -6.665198 -5.607706 -2.296889 1.178770 1.966593 -1.770225 -4.459564 -6.368653 -4.461079 -2.266251 -2.487489 -0.778010 2.712458 5.341250 5.446566 -9999.0
-9999.0 -9999.0 -9999.0 -9999.0 -9999.0 -9999.0 -9999.0 -9999.0 -6.726340 -4.310449 -5.350023 -7.189846 -5.342470 -5.511348 -4.294344 -3.581951 -1.441138 0.307111 2.984427 4.019635 4.244718 4.194846 3.564489 2.524988 2.514629 0.854790 -1.444451 -4.557543 -7.523865 -7.575985 -7.690055 -5.953499 -7.393111 -7.396419 -7.038633 -5.365676 -5.349062 -2.741028 -5.658541 -7.300603 -8.686065 -8.928640 -7.681185 -6.059918 -6.185181 -6.380557 -7.996813 -6.639625 -5.099587 -0.772519 2.859356 0.571241 -3.070139 -3.728933 -0.734607 0.083905 1.604403 2.889853 5.109768 5.583964 5.646249 -9999.0
-9999.0 -9999.0 -9999.0 -9999.0 -9999.0 -9999.0 -9999.0 -9999.0 -8.354445 -5.283377 -2.957295 -6.183873 -5.466034 -4.435687 -2.458437 -0.759325 2.181709 3.153819 3.216255 3.280381 3.895426 4.155773 4.001824 3.058212 0.901317 -1.101221 -3.256870 -5.465878 -5.792251 -4.467851 -5.430664 -5.013349 -3.984202 -3.826186 -6.701955 -7.723052 -6.191550 -2.630874 -5.571888 -7.298718 -9.220103 -8.303183 -7.644808 -7.559820 -8.073811 -7.500479 -6.265757 -5.773591 -6.041489 -3.300394 -0.189012 2.836432 1.154193 -0.681157 1.971381 2.702560 4.227302 5.059318 5.414877 5.711080 4.370671 1.534130
-9999.0 -9999.0 -9999.0 -9999.0 -9999.0 -9999.0 -9999.0 -9999.0 -8.989158 -5.504221 -2.732125 -3.513439 -2.106691 -1.376940 -0.383410 1.872505 2.559810 0.907781 -0.940335 0.592452 2.331065 3.852353 3.662362 3.190292 0.831953 -2.103676 -4.583386 -3.810620 -2.532406 -2.198346 -4.423773 -3.303584 -1.041440 -3.541944 -5.661864 -5.781556 -5.022102 -2.324925 -2.907171 -5.331639 -6.432932 -5.640266 -4.196982 -4.470470 -6.433200 -5.632941 -4.003635 -2.129743 -3.019559 -0.323677 1.477543 1.996565 2.936764 2.947859 4.077639 4.219100 4.553001 4.995265 5.339772 4.486721 3.004696 0.803154
-9999.0 -9999.0 -6.717624 -6.064455 -5.523539 -5.696878 -4.691123 -6.090834 -7.270209 -6.072373 -3.552898 -1.030594 -1.016410 0.228710 1.702795 1.983632 -1.123794 -3.725030 -3.959054 -1.514351 0.478869 3.165736 3.519904 3.484706 1.718029 -0.479988 -2.076841 -1.953621 -0.059760 -1.365595 -3.432072 -2.979885 0.053010 -2.263231 -2.433751 -3.619726 -2.475268 -1.897786 -2.984376 -4.993360 -4.096383 -2.717976 -1.823298 -1.964857 -3.799290 -3.118498 -0.486282 -0.176793 1.388956 3.154236 4.410892 4.518888 4.201414 3.961354 4.063445 4.206744 4.470485 4.497570 3.331442 2.635733 1.250009 -0.168265
-9999.0 -4.630814 -4.611080 -4.916518 -5.559674 -4.362796 -4.650978 -6.580039 -7.374013 -6.964912 -4.632175 -2.324314 0.427990 1.207985 1.399661 -1.530810 -3.647582 -5.425799 -4.911807 -1.696554 0.525548 2.355834 3.095944 3.102224 3.034738 1.689182 0.818778 1.016264 2.025590 0.449089 -0.351362 -1.044397 -0.049747 0.551930 -0.090670 -0.410456 -0.289714 -0.580909 -0.872451 -1.612207 -1.127665 0.308926 0.730629 -0.734033 -1.122071 0.104072 2.013976 3.518788 4.907443 5.111266 4.875914 4.601063 4.000188 3.376739 3.453081 2.811986 1.552798 1.509698 1.342325 0.094640 -0.588235 -0.491374
-9999.0 -3.386706 -2.858395 -2.808590 -3.415836 -3.104067 -5.390034 -7.112416 -7.540343 -7.375176 -5.255021 -2.701241 0.495519 1.344779 -0.724353 -3.755211 -5.562693 -5.712643 -3.004491 -1.314560 0.353689 1.136328 2.268674 2.356181 2.663672 3.000723 3.232515 3.370957 3.436783 3.170271 2.884397 1.958441 1.930340 1.676540 1.582707 1.514344 1.353109 1.385460 1.322592 1.446604 2.277154 2.865593 2.853712 2.372057 3.223725 3.853091 4.907454 5.348459 5.290245 5.155708 3.817047 2.055441 1.441673 2.557865 1.687811 -0.229112 0.049084 -1.037606 -1.280733 -2.161383 -1.999733 -9999.0
