user2019/resources/simulation/Vinschgau/output-maps/TaN0724.asc
ncols         63
nrows         48
xllcorner     598000.000000
yllcorner     5145000.000000
cellsize      1000.000000
NODATA_value  -9999.0
[rows 0 to 27 of 48, columns 0 to 62 of 63]
-9999.0 -9999.0 -9999.0 -9999.0 -9999.0 -9999.0 -9999.0 -9999.0 -9999.0 -9999.0 -9999.0 -9999.0 -9999.0 -9999.0 -9999.0 -9999.0 -9999.0 -9999.0 -9999.0 -9999.0 -9999.0 -9999.0 -9999.0 -9999.0 -9999.0 -9999.0 -9999.0 -9999.0 -9999.0 -9999.0 -9999.0 -9999.0 -9999.0 -9999.0 -9999.0 -9999.0 -9999.0 -9999.0 -9999.0 -9999.0 -9999.0 -9999.0 -9999.0 -9999.0 -9999.0 -9999.0 -9999.0 -9999.0 -9999.0 -9999.0 -9999.0 -9999.0 -9999.0 -9999.0 -9999.0 -9999.0 -9999.0 -9999.0 -9999.0 -9999.0 -9999.0 -9999.0 -9999.0
-9999.0 -9999.0 -9999.0 -9999.0 -9999.0 -9999.0 -9999.0 -9999.0 -9999.0 -9999.0 -9999.0 -9999.0 -9999.0 -9999.0 -9999.0 -9999.0 -9999.0 -9999.0 -9999.0 -9999.0 -9999.0 -9999.0 -9999.0 -9999.0 -9999.0 -9999.0 -9999.0 1.616080 2.167115 2.529706 1.593117 0.822396 1.823345 -9999.0 -9999.0 -9999.0 -9999.0 -9999.0 -9999.0 -9999.0 -9999.0 -9999.0 -9999.0 -9999.0 -9999.0 -9999.0 -9999.0 -9999.0 -9999.0 -9999.0 -9999.0 -9999.0 -9999.0 -9999.0 -9999.0 -9999.0 -9999.0 -9999.0 -9999.0 -9999.0 -9999.0 -9999.0 -9999.0
-9999.0 -9999.0 -9999.0 -9999.0 -9999.0 -9999.0 -9999.0 -9999.0 -9999.0 -9999.0 -9999.0 -9999.0 -9999.0 -9999.0 -9999.0 -9999.0 -9999.0 -9999.0 -9999.0 -9999.0 -9999.0 -9999.0 -9999.0 -9999.0 2.809905 3.087589 3.625929 2.927165 3.741926 3.560777 1.267435 -9999.0 -9999.0 -9999.0 -9999.0 -9999.0 -9999.0 -9999.0 -9999.0 -9999.0 -9999.0 -9999.0 -9999.0 -9999.0 -9999.0 -9999.0 -9999.0 -9999.0 -9999.0 -9999.0 -9999.0 -9999.0 -9999.0 -9999.0 -9999.0 -9999.0 -9999.0 -9999.0 -9999.0 -9999.0 -9999.0 -9999.0 -9999.0
-9999.0 -9999.0 -9999.0 -9999.0 -9999.0 -9999.0 -9999.0 -9999.0 -9999.0 -9999.0 -9999.0 -9999.0 -9999.0 -9999.0 -9999.0 -9999.0 -9999.0 -9999.0 -9999.0 -9999.0 -9999.0 -9999.0 -9999.0 3.066833 4.324735 4.778019 5.640263 5.408965 5.411031 3.551800 1.286820 0.756207 -9999.0 -9999.0 -9999.0 -9999.0 -9999.0 -9999.0 -9999.0 -9999.0 -9999.0 -9999.0 -9999.0 -9999.0 -9999.0 -9999.0 -9999.0 -9999.0 -9999.0 -9999.0 -9999.0 -9999.0 -9999.0 -9999.0 -9999.0 -9999.0 -9999.0 -9999.0 -9999.0 -9999.0 -9999.0 -9999.0 -9999.0
-9999.0 -9999.0 -9999.0 -9999.0 -9999.0 -9999.0 -9999.0 -9999.0 -9999.0 -9999.0 -9999.0 -9999.0 -9999.0 -9999.0 -9999.0 -9999.0 -9999.0 -9999.0 6.940064 3.180190 -9999.0 3.236570 4.048646 4.919000 6.379405 7.730012 7.701169 7.535263 7.487384 4.952623 3.174983 1.580726 0.449149 -1.865839 -9999.0 -9999.0 -9999.0 -9999.0 -9999.0 -9999.0 -9999.0 -9999.0 -9999.0 -9999.0 -9999.0 -9999.0 -9999.0 -9999.0 -9999.0 -9999.0 -9999.0 -9999.0 -9999.0 -9999.0 -9999.0 -9999.0 -9999.0 -9999.0 -9999.0 -9999.0 -9999.0 -9999.0 -9999.0
-9999.0 -9999.0 -9999.0 -9999.0 -9999.0 -9999.0 -9999.0 -9999.0 -9999.0 -9999.0 -9999.0 -9999.0 -9999.0 -9999.0 -9999.0 -9999.0 -9999.0 10.210593 8.727718 6.108678 3.664638 4.588534 5.156681 7.202469 8.519212 6.770816 5.358763 5.034823 5.702270 7.010591 5.315257 3.361975 3.046746 1.621576 -0.209385 -1.276821 -9999.0 -9999.0 -9999.0 -9999.0 -9999.0 -9999.0 -9999.0 -9999.0 -9999.0 -9999.0 -9999.0 -9999.0 -9999.0 -9999.0 -9999.0 -9999.0 -9999.0 -9999.0 -9999.0 -9999.0 -9999.0 -9999.0 -9999.0 -9999.0 -9999.0 -9999.0 -9999.0
-9999.0 -9999.0 -9999.0 -9999.0 -9999.0 -9999.0 -9999.0 -9999.0 -9999.0 -9999.0 -9999.0 -9999.0 -9999.0 3.466517 5.476487 8.160272 9.422476 10.208375 10.018516 6.513076 6.561800 6.609854 7.962131 8.760156 6.677223 4.565245 3.025237 3.830384 3.503534 4.595698 5.744530 4.619315 2.777224 1.932229 1.175614 -1.549374 -9999.0 -9999.0 -9999.0 -9999.0 -9999.0 -9999.0 -9999.0 -9999.0 -9999.0 -9999.0 -9999.0 -9999.0 -9999.0 -9999.0 -9999.0 -9999.0 -9999.0 -9999.0 -9999.0 -9999.0 -9999.0 -9999.0 -9999.0 -9999.0 -9999.0 -9999.0 -9999.0
-9999.0 -9999.0 -9999.0 -9999.0 -9999.0 -9999.0 -9999.0 -9999.0 -9999.0 -9999.0 -9999.0 -9999.0 -9999.0 4.074870 6.149051 7.835241 7.881766 9.882739 10.235041 9.795673 9.582873 9.547583 8.799864 7.770580 6.725229 5.041438 2.439226 2.576262 1.409717 2.701147 3.620330 2.012697 0.906744 -0.601937 -0.373530 -9999.0 -9999.0 -9999.0 -9999.0 -9999.0 -9999.0 -9999.0 -9999.0 -9999.0 -9999.0 -9999.0 -9999.0 -9999.0 -9999.0 -9999.0 -9999.0 -9999.0 -9999.0 -9999.0 -9999.0 -9999.0 -9999.0 -9999.0 -9999.0 -9999.0 -9999.0 -9999.0 -9999.0
-9999.0 -9999.0 -9999.0 -9999.0 -9999.0 -9999.0 -9999.0 -9999.0 -9999.0 -9999.0 -9999.0 -9999.0 -9999.0 5.014339 7.250216 6.214054 6.804097 8.894780 10.224880 10.084957 8.428473 6.067238 6.561515 5.443332 5.389597 4.703451 3.661255 1.239810 1.042042 0.655262 1.618762 -0.754124 -1.168604 -2.936360 -1.672056 -9999.0 -9999.0 -9999.0 -9999.0 -9999.0 -9999.0 -9999.0 -9999.0 -9999.0 -9999.0 -9999.0 -9999.0 -9999.0 -9999.0 -9999.0 -9999.0 -9999.0 -9999.0 -9999.0 -9999.0 -9999.0 -9999.0 -9999.0 -9999.0 -9999.0 -9999.0 -9999.0 -9999.0
-9999.0 -9999.0 -9999.0 -9999.0 -9999.0 -9999.0 -9999.0 -9999.0 -9999.0 -9999.0 -9999.0 -9999.0 4.228827 6.475515 6.084926 4.759898 5.651571 8.192961 10.210546 10.155459 7.038292 3.934464 4.589137 3.751804 5.538025 2.655433 3.863006 1.563924 3.139195 1.031174 -0.548654 0.525743 0.760005 -2.314296 -9999.0 -9999.0 -9999.0 -9999.0 -9999.0 -9999.0 -9999.0 -9999.0 -9999.0 -9999.0 -9999.0 -9999.0 -9999.0 -9999.0 -9999.0 -9999.0 -9999.0 -9999.0 -9999.0 -9999.0 -9999.0 -9999.0 -9999.0 -9999.0 -9999.0 -9999.0 -9999.0 -9999.0 -9999.0
-9999.0 -9999.0 -9999.0 -9999.0 -9999.0 -9999.0 -9999.0 -9999.0 -9999.0 -9999.0 -9999.0 3.410699 5.152577 6.410877 3.915371 3.514501 4.163244 7.385667 10.202326 10.314332 7.515001 5.928607 4.168759 2.895023 5.034684 3.475487 1.518343 2.615551 3.545874 -0.285981 0.516218 3.085715 1.379290 -0.682397 -0.189247 1.053570 0.391092 1.071749 1.174353 -9999.0 -9999.0 -9999.0 -2.056963 -9999.0 -9999.0 -9999.0 -9999.0 -9999.0 -9999.0 -9999.0 -9999.0 -9999.0 -9999.0 -9999.0 -9999.0 -9999.0 -9999.0 -9999.0 -9999.0 -9999.0 -9999.0 -9999.0 -9999.0
-9999.0 -9999.0 -9999.0 -9999.0 -9999.0 -9999.0 -9999.0 -9999.0 -9999.0 -9999.0 -9999.0 2.999429 4.215191 5.303870 3.695251 1.978994 4.441287 7.646459 10.217684 10.197442 8.561726 5.866376 4.224468 3.094977 4.448993 2.832197 2.391412 3.731432 3.612282 0.015955 2.464492 4.281823 0.900859 0.118212 -0.812565 1.566198 2.930414 2.550631 0.879654 -1.653565 -1.834625 -2.265932 0.248835 -0.646820 -9999.0 -9999.0 -9999.0 -3.489758 -1.867056 -0.708083 -0.825097 -1.757352 -2.028096 -2.714653 -2.292694 -2.659671 -9999.0 -9999.0 -9999.0 -9999.0 -9999.0 -9999.0 -9999.0
-9999.0 -9999.0 -9999.0 -9999.0 -9999.0 -9999.0 -9999.0 -9999.0 -9999.0 -9999.0 -9999.0 2.900848 2.710871 4.922242 3.409424 2.796414 5.040629 7.919541 10.182670 10.421311 8.875063 6.827341 4.317082 3.492797 2.929218 2.674129 5.142308 5.687496 2.477520 0.448776 1.837566 4.480408 3.422744 0.401673 0.460657 2.883808 4.416596 4.588167 2.922996 -0.283621 0.658637 -0.735401 1.504891 0.626538 -1.175121 -9999.0 -3.198193 -0.797511 0.767857 1.941213 2.243829 2.291853 1.443286 0.715319 0.572162 -0.342719 -9999.0 -9999.0 -9999.0 -9999.0 -9999.0 -9999.0 -9999.0
-9999.0 -9999.0 -9999.0 -9999.0 -9999.0 -9999.0 -9999.0 -9999.0 -9999.0 -9999.0 -9999.0 -9999.0 3.392993 4.010006 2.757488 2.904404 4.950908 7.540459 10.480871 10.783783 8.902583 7.423163 7.162905 5.533175 3.414224 4.890366 6.684946 4.017295 2.550718 1.643184 2.502687 4.693264 3.523497 1.332740 0.611808 1.999627 3.471661 4.718278 5.063319 1.257224 1.923739 1.356275 3.095588 2.255409 -0.435612 -1.326379 -1.525815 -0.646011 2.034880 4.073084 5.110699 3.986775 3.888623 3.305682 2.411407 1.054135 -0.167909 -9999.0 -9999.0 -9999.0 -9999.0 -9999.0 -9999.0
-9999.0 -9999.0 -9999.0 -9999.0 -9999.0 -9999.0 -9999.0 -9999.0 -9999.0 -9999.0 -9999.0 3.187225 2.076018 3.432043 4.553008 4.656636 6.001269 7.729541 10.446039 10.899700 9.539698 8.469388 7.696386 4.734742 4.997155 7.209991 6.295769 2.678775 2.267929 3.368408 5.008495 6.047170 4.876543 1.547091 -0.538357 1.588702 1.453870 3.508593 5.753503 3.351468 2.667776 4.407002 5.122579 4.224451 3.007581 0.064950 1.328489 1.347916 2.427632 5.731769 2.251456 0.966517 1.289032 0.512553 -0.382741 -1.232820 -0.105957 -9999.0 -9999.0 -9999.0 -9999.0 -9999.0 -9999.0
-9999.0 -9999.0 -9999.0 -9999.0 -9999.0 -9999.0 -9999.0 -9999.0 -9999.0 -9999.0 5.287179 4.571984 3.061939 2.977498 4.247580 6.501516 6.549519 6.556744 10.074940 11.009139 10.411635 9.668158 6.271335 6.269769 7.613849 8.029302 5.009485 3.159487 4.480418 5.106056 7.128670 6.884961 4.516030 1.635486 -1.441561 0.825071 2.478304 3.261636 4.717676 6.036075 5.858656 6.874830 6.963299 6.844495 4.571979 1.102553 1.444292 4.069667 5.380594 6.086895 1.153156 -0.549681 -0.801367 -2.001114 -1.594209 0.747554 0.944226 -9999.0 -9999.0 -9999.0 -9999.0 -9999.0 -9999.0
-9999.0 -9999.0 -9999.0 -9999.0 -9999.0 -9999.0 -9999.0 -9999.0 -9999.0 2.588643 4.338768 5.423982 6.066509 4.027826 5.491291 5.638411 4.919898 6.971837 10.486727 11.388064 10.924109 8.507275 8.562734 9.093508 9.069996 6.338334 4.207351 5.772103 7.527817 8.212284 8.887838 5.283449 2.266413 -0.168064 -0.494421 0.844470 2.885674 2.795407 2.851688 4.206327 5.277582 3.790630 3.720619 7.473572 7.057272 4.638188 4.554694 3.417620 3.583657 7.282020 3.231841 -0.078893 -2.646062 -2.986395 -1.187508 1.356526 2.299135 0.436781 -0.871701 -9999.0 -9999.0 -9999.0 -9999.0
-9999.0 -9999.0 -9999.0 -9999.0 -9999.0 -9999.0 -9999.0 -9999.0 -9999.0 2.763927 2.799706 4.409726 8.000458 6.674746 5.317570 4.565251 5.879215 8.350795 11.416949 11.961471 11.803523 10.895100 10.535738 8.770076 6.712363 5.656319 7.261709 8.610229 10.417201 9.616475 8.008049 5.038149 3.262281 0.849935 1.600293 0.730134 0.986581 2.040964 0.996999 3.100869 2.984089 1.602055 3.321509 6.934509 8.639207 8.616504 8.540432 6.824101 5.705043 7.594809 2.492210 -0.519670 -2.473419 -2.014409 0.235052 0.466407 2.614877 3.307318 1.551543 -9999.0 -9999.0 -9999.0 -9999.0
-9999.0 -9999.0 -9999.0 -9999.0 -9999.0 -9999.0 -9999.0 -9999.0 -9999.0 -9999.0 2.617256 4.950571 6.916501 8.772016 7.588995 6.157999 7.137244 9.964283 12.451574 12.563236 12.153720 10.269425 7.749931 7.114856 5.827868 8.753758 10.603065 11.632193 8.769973 6.426440 5.614194 6.003679 2.246981 1.513399 3.163942 4.089664 3.260019 3.554588 0.587748 0.804766 0.241495 2.596232 5.601000 4.494497 5.992916 6.255402 7.554623 9.245686 9.576737 6.725493 3.589204 2.579932 -1.262515 -2.091321 -1.923254 0.119750 2.547872 6.219010 6.172520 5.703496 -9999.0 -9999.0 -9999.0
-9999.0 -9999.0 -9999.0 -9999.0 -9999.0 -9999.0 -9999.0 -9999.0 -9999.0 -9999.0 2.854524 4.146029 5.269808 7.689272 9.763690 8.656821 8.387856 10.519066 13.117478 13.135660 10.855987 8.781507 7.048567 5.702570 7.829590 12.139198 13.588375 10.820674 7.458045 3.971631 3.718483 5.159535 3.332556 0.812162 2.132149 4.726024 5.857669 4.975039 2.221346 0.010737 0.996940 3.494144 3.629112 2.342484 3.544913 4.669328 5.497755 6.413713 9.348002 9.413163 7.015403 3.136926 1.029500 -0.585232 -2.641607 -1.812198 0.222690 4.753821 9.242707 9.421317 -9999.0 -9999.0 -9999.0
-9999.0 -9999.0 -9999.0 -9999.0 -9999.0 -9999.0 -9999.0 -9999.0 4.624878 3.401847 2.740011 5.230920 6.677381 6.690065 7.991486 10.793175 11.113035 12.524841 13.879647 13.722159 12.583290 11.116221 9.878784 7.268450 8.924404 15.328353 13.435676 8.914473 6.657288 4.064187 1.792787 3.309686 2.883454 0.978016 2.458861 2.059030 4.963685 5.830162 2.314864 -0.094651 1.211645 3.004361 1.571639 0.450219 2.378598 5.074390 2.670726 4.263860 6.728606 9.871758 7.243078 4.972834 2.179220 -0.691038 -1.337749 0.838948 1.220596 4.484740 7.806850 11.549925 -9999.0 -9999.0 -9999.0
-9999.0 -9999.0 -9999.0 -9999.0 -9999.0 -9999.0 -9999.0 -9999.0 6.235470 6.315381 4.584895 3.685576 5.016141 7.995336 7.350375 9.505000 10.571350 10.855701 13.574461 14.218528 14.111613 13.467083 11.603925 9.510399 11.008113 14.361374 12.344542 8.853129 5.249229 3.384215 2.139025 2.712897 3.315732 2.047476 2.909069 3.042132 6.167997 6.845677 4.023126 1.771310 0.573452 0.013560 0.759137 2.105996 4.090299 3.583658 1.392419 2.257641 5.355208 8.597656 9.141736 5.170442 2.287013 0.263891 2.176210 4.516257 4.570206 6.639032 10.503635 13.444953 13.728516 -9999.0 -9999.0
-9999.0 -9999.0 -9999.0 -9999.0 -9999.0 -9999.0 -9999.0 -9999.0 4.403980 6.999830 6.135398 4.445065 6.386993 6.227521 7.354154 7.892308 9.816211 11.345534 13.820125 14.663701 14.695238 14.453403 13.683812 12.632527 13.075728 12.355828 10.552496 7.394928 4.215093 3.936757 3.623287 5.199965 3.648108 3.584332 3.927977 5.611492 5.623743 8.164476 5.081637 3.173796 1.452968 0.850161 1.748771 3.049817 2.632962 2.164399 0.279499 1.359498 2.604330 6.614883 9.915147 7.300418 3.375471 2.531759 5.501452 6.497716 8.392851 10.189282 12.962405 13.934639 14.355501 -9999.0 -9999.0
-9999.0 -9999.0 -9999.0 -9999.0 -9999.0 -9999.0 -9999.0 -9999.0 2.970286 6.286016 8.866089 5.876273 6.767725 7.850002 9.717274 11.164028 13.789416 14.464944 14.287561 14.164376 14.630646 14.796502 14.684615 13.920995 11.816882 10.067507 8.204817 6.101254 5.730574 6.947908 5.873052 6.209947 7.216777 7.428093 4.682441 3.840675 5.536312 9.158347 6.107069 4.089806 1.749772 2.193778 2.383413 2.033288 1.122991 1.329663 2.212088 2.350121 1.712504 4.060152 6.756308 9.363441 7.303094 5.201365 7.787406 8.721260 10.723239 12.233646 13.350001 14.373710 13.638266 11.215242 -9999.0
-9999.0 -9999.0 -9999.0 -9999.0 -9999.0 -9999.0 -9999.0 -9999.0 2.503783 6.305295 9.427001 9.000378 10.703525 11.569234 12.444865 14.342742 14.575839 12.527031 10.401922 11.762958 13.397843 14.861261 14.661403 14.199974 11.873073 9.083489 6.762721 7.612582 8.882458 9.162320 6.882291 7.989185 10.317160 7.992446 6.169480 6.435072 7.567868 10.474984 9.818677 7.030777 5.376093 5.547391 6.385644 5.560434 3.103581 3.454828 4.661241 6.118410 4.800367 7.044288 8.367973 8.400521 8.891068 8.571511 9.598064 9.957018 10.849283 12.114870 13.416198 13.528061 12.927889 11.452955 -9999.0
-9999.0 -9999.0 3.610595 4.394320 5.090208 5.101966 6.329973 5.198039 4.341126 5.923885 8.890786 11.899852 12.364524 13.869683 15.236411 15.033481 11.303909 8.196548 7.660453 9.974380 11.938571 14.617186 14.898374 14.758215 13.030214 10.926132 9.372866 9.488607 11.340603 9.983537 7.889868 8.378599 11.556221 9.536976 9.841487 9.274973 11.038391 11.989827 10.837937 8.339106 8.502125 9.088012 9.238851 8.438492 6.027372 6.194375 8.351888 8.202503 9.305154 10.589049 11.342805 10.942227 10.156366 9.571713 9.564894 9.935132 10.793109 11.719501 11.637415 12.089914 11.821220 11.395696 -9999.0
-9999.0 5.551223 5.681997 5.508872 5.024649 6.413936 6.360377 4.719086 4.279034 5.121576 7.974661 10.872990 14.204539 15.357143 15.460137 11.945785 9.077557 6.724760 6.949381 10.120963 12.473890 14.524290 15.428939 15.384038 15.115141 13.564827 12.519128 12.571917 13.465785 11.809894 10.986408 10.360803 11.560232 12.558646 12.546109 13.060939 14.034217 14.265858 13.892285 12.516745 12.089137 12.582888 12.150543 9.949220 8.929064 9.601521 11.008584 12.036590 12.954368 12.680154 11.957855 11.203835 10.175364 9.251483 9.252007 8.846587 8.168101 9.011531 9.946593 9.914386 10.458026 11.666541 -9999.0
-9999.0 6.739973 7.375262 7.553578 7.102096 7.604294 5.552960 4.121450 4.055055 4.667385 7.328973 10.501115 14.306717 15.548916 13.394155 9.774981 7.223265 6.530261 9.016606 10.788099 12.812817 14.206149 16.016675 16.209476 15.862000 15.494270 15.242142 15.065389 14.925037 14.536853 14.217243 13.370607 13.578561 13.774396 14.391755 15.270573 16.084514 16.714501 16.553053 15.961480 15.793201 15.373030 14.463514 13.217342 13.419466 13.485553 14.034906 14.005496 13.493611 12.912056 11.134161 8.958616 7.995249 8.887585 7.993469 6.316449 7.126727 6.844482 7.619313 7.887928 9.225758 -9999.0 -9999.0
