user2019/resources/simulation/Vinschgau/output-maps/TaN0512.asc
ncols         63
nrows         48
xllcorner     598000.000000
yllcorner     5145000.000000
cellsize      1000.000000
NODATA_value  -9999.0
[rows 0 to 27 of 48, columns 0 to 61 of 63]
-9999.0 -9999.0 -9999.0 -9999.0 -9999.0 -9999.0 -9999.0 -9999.0 -9999.0 -9999.0 -9999.0 -9999.0 -9999.0 -9999.0 -9999.0 -9999.0 -9999.0 -9999.0 -9999.0 -9999.0 -9999.0 -9999.0 -9999.0 -9999.0 -9999.0 -9999.0 -9999.0 -9999.0 -9999.0 -9999.0 -9999.0 -9999.0 -9999.0 -9999.0 -9999.0 -9999.0 -9999.0 -9999.0 -9999.0 -9999.0 -9999.0 -9999.0 -9999.0 -9999.0 -9999.0 -9999.0 -9999.0 -9999.0 -9999.0 -9999.0 -9999.0 -9999.0 -9999.0 -9999.0 -9999.0 -9999.0 -9999.0 -9999.0 -9999.0 -9999.0 -9999.0 -9999.0
-9999.0 -9999.0 -9999.0 -9999.0 -9999.0 -9999.0 -9999.0 -9999.0 -9999.0 -9999.0 -9999.0 -9999.0 -9999.0 -9999.0 -9999.0 -9999.0 -9999.0 -9999.0 -9999.0 -9999.0 -9999.0 -9999.0 -9999.0 -9999.0 -9999.0 -9999.0 -9999.0 9.707805 10.303239 10.720293 9.847657 9.149473 10.230302 -9999.0 -9999.0 -9999.0 -9999.0 -9999.0 -9999.0 -9999.0 -9999.0 -9999.0 -9999.0 -9999.0 -9999.0 -9999.0 -9999.0 -9999.0 -9999.0 -9999.0 -9999.0 -9999.0 -9999.0 -9999.0 -9999.0 -9999.0 -9999.0 -9999.0 -9999.0 -9999.0 -9999.0 -9999.0
-9999.0 -9999.0 -9999.0 -9999.0 -9999.0 -9999.0 -9999.0 -9999.0 -9999.0 -9999.0 -9999.0 -9999.0 -9999.0 -9999.0 -9999.0 -9999.0 -9999.0 -9999.0 -9999.0 -9999.0 -9999.0 -9999.0 -9999.0 -9999.0 10.796493 11.085050 11.645891 10.981687 11.843154 11.720591 9.497066 -9999.0 -9999.0 -9999.0 -9999.0 -9999.0 -9999.0 -9999.0 -9999.0 -9999.0 -9999.0 -9999.0 -9999.0 -9999.0 -9999.0 -9999.0 -9999.0 -9999.0 -9999.0 -9999.0 -9999.0 -9999.0 -9999.0 -9999.0 -9999.0 -9999.0 -9999.0 -9999.0 -9999.0 -9999.0 -9999.0 -9999.0
-9999.0 -9999.0 -9999.0 -9999.0 -9999.0 -9999.0 -9999.0 -9999.0 -9999.0 -9999.0 -9999.0 -9999.0 -9999.0 -9999.0 -9999.0 -9999.0 -9999.0 -9999.0 -9999.0 -9999.0 -9999.0 -9999.0 -9999.0 11.022503 12.274429 12.734608 13.617483 13.421033 13.472274 11.676266 9.487846 9.045929 -9999.0 -9999.0 -9999.0 -9999.0 -9999.0 -9999.0 -9999.0 -9999.0 -9999.0 -9999.0 -9999.0 -9999.0 -9999.0 -9999.0 -9999.0 -9999.0 -9999.0 -9999.0 -9999.0 -9999.0 -9999.0 -9999.0 -9999.0 -9999.0 -9999.0 -9999.0 -9999.0 -9999.0 -9999.0 -9999.0
-9999.0 -9999.0 -9999.0 -9999.0 -9999.0 -9999.0 -9999.0 -9999.0 -9999.0 -9999.0 -9999.0 -9999.0 -9999.0 -9999.0 -9999.0 -9999.0 -9999.0 -9999.0 15.083037 11.269701 -9999.0 11.224693 11.997553 12.840571 14.287581 15.640131 15.629468 15.498486 15.502409 13.036065 11.342706 9.847266 8.827039 6.633214 -9999.0 -9999.0 -9999.0 -9999.0 -9999.0 -9999.0 -9999.0 -9999.0 -9999.0 -9999.0 -9999.0 -9999.0 -9999.0 -9999.0 -9999.0 -9999.0 -9999.0 -9999.0 -9999.0 -9999.0 -9999.0 -9999.0 -9999.0 -9999.0 -9999.0 -9999.0 -9999.0 -9999.0
-9999.0 -9999.0 -9999.0 -9999.0 -9999.0 -9999.0 -9999.0 -9999.0 -9999.0 -9999.0 -9999.0 -9999.0 -9999.0 -9999.0 -9999.0 -9999.0 -9999.0 18.461519 16.913911 14.222719 11.706596 12.564975 13.079060 15.085577 16.379986 14.627549 13.230603 12.941419 13.663448 15.045958 13.443684 11.600918 11.411402 10.123919 8.438432 7.519291 -9999.0 -9999.0 -9999.0 -9999.0 -9999.0 -9999.0 -9999.0 -9999.0 -9999.0 -9999.0 -9999.0 -9999.0 -9999.0 -9999.0 -9999.0 -9999.0 -9999.0 -9999.0 -9999.0 -9999.0 -9999.0 -9999.0 -9999.0 -9999.0 -9999.0 -9999.0
-9999.0 -9999.0 -9999.0 -9999.0 -9999.0 -9999.0 -9999.0 -9999.0 -9999.0 -9999.0 -9999.0 -9999.0 -9999.0 11.885567 13.915434 16.593103 17.818863 18.539560 18.263199 14.660809 14.613081 14.573926 15.854138 16.598761 14.483052 12.360042 10.831448 11.670925 11.401559 12.574255 13.826021 12.824716 11.125037 10.437197 9.847338 7.292383 -9999.0 -9999.0 -9999.0 -9999.0 -9999.0 -9999.0 -9999.0 -9999.0 -9999.0 -9999.0 -9999.0 -9999.0 -9999.0 -9999.0 -9999.0 -9999.0 -9999.0 -9999.0 -9999.0 -9999.0 -9999.0 -9999.0 -9999.0 -9999.0 -9999.0 -9999.0
-9999.0 -9999.0 -9999.0 -9999.0 -9999.0 -9999.0 -9999.0 -9999.0 -9999.0 -9999.0 -9999.0 -9999.0 -9999.0 12.597465 14.709193 16.397142 16.401292 18.317311 18.553832 17.984878 17.644753 17.495920 16.655089 15.556325 14.466477 12.763792 10.168731 10.339396 9.233314 10.612133 11.645186 10.176585 9.232223 7.903389 8.323614 -9999.0 -9999.0 -9999.0 -9999.0 -9999.0 -9999.0 -9999.0 -9999.0 -9999.0 -9999.0 -9999.0 -9999.0 -9999.0 -9999.0 -9999.0 -9999.0 -9999.0 -9999.0 -9999.0 -9999.0 -9999.0 -9999.0 -9999.0 -9999.0 -9999.0 -9999.0 -9999.0
-9999.0 -9999.0 -9999.0 -9999.0 -9999.0 -9999.0 -9999.0 -9999.0 -9999.0 -9999.0 -9999.0 -9999.0 -9999.0 13.653751 15.953117 14.932278 15.473987 17.453825 18.629452 18.318275 16.497012 13.991909 14.369851 13.164902 13.054154 12.340625 11.300820 8.912003 8.777673 8.485544 9.574795 7.357694 7.126449 5.564590 7.049828 -9999.0 -9999.0 -9999.0 -9999.0 -9999.0 -9999.0 -9999.0 -9999.0 -9999.0 -9999.0 -9999.0 -9999.0 -9999.0 -9999.0 -9999.0 -9999.0 -9999.0 -9999.0 -9999.0 -9999.0 -9999.0 -9999.0 -9999.0 -9999.0 -9999.0 -9999.0 -9999.0
-9999.0 -9999.0 -9999.0 -9999.0 -9999.0 -9999.0 -9999.0 -9999.0 -9999.0 -9999.0 -9999.0 -9999.0 12.859679 15.231886 14.939023 13.649414 14.487118 16.885122 18.699967 18.424141 15.100447 11.820910 12.335838 11.394541 13.111128 10.192309 11.397060 9.129237 10.770802 8.764939 7.323467 8.571765 9.013114 6.173990 -9999.0 -9999.0 -9999.0 -9999.0 -9999.0 -9999.0 -9999.0 -9999.0 -9999.0 -9999.0 -9999.0 -9999.0 -9999.0 -9999.0 -9999.0 -9999.0 -9999.0 -9999.0 -9999.0 -9999.0 -9999.0 -9999.0 -9999.0 -9999.0 -9999.0 -9999.0 -9999.0 -9999.0
-9999.0 -9999.0 -9999.0 -9999.0 -9999.0 -9999.0 -9999.0 -9999.0 -9999.0 -9999.0 -9999.0 11.942187 13.838950 15.258727 12.898178 12.556507 13.145920 16.188402 18.749711 18.590431 15.544996 13.754458 11.834398 10.441233 12.499174 10.894642 8.928876 10.055452 11.054667 7.332557 8.286158 11.048572 9.574699 7.780162 8.564846 10.106033 9.723523 10.639191 10.924687 -9999.0 -9999.0 -9999.0 8.350250 -9999.0 -9999.0 -9999.0 -9999.0 -9999.0 -9999.0 -9999.0 -9999.0 -9999.0 -9999.0 -9999.0 -9999.0 -9999.0 -9999.0 -9999.0 -9999.0 -9999.0 -9999.0 -9999.0
-9999.0 -9999.0 -9999.0 -9999.0 -9999.0 -9999.0 -9999.0 -9999.0 -9999.0 -9999.0 -9999.0 11.520791 12.907708 14.181406 12.734325 11.094742 13.491439 16.484827 18.758218 18.429431 16.520948 13.603048 11.786790 10.525399 11.786186 10.114203 9.657905 11.024580 10.976578 7.497611 10.110792 12.140351 9.018008 8.536022 7.937564 10.660028 12.345933 12.223261 10.724598 8.356829 8.463995 8.338160 10.988566 10.052963 -9999.0 -9999.0 -9999.0 6.574546 8.091943 9.190971 9.062816 8.171224 7.996621 7.466518 8.111101 8.038869 -9999.0 -9999.0 -9999.0 -9999.0 -9999.0 -9999.0
-9999.0 -9999.0 -9999.0 -9999.0 -9999.0 -9999.0 -9999.0 -9999.0 -9999.0 -9999.0 -9999.0 11.364112 11.341381 13.735454 12.382935 11.843466 14.013183 16.666484 18.619184 18.542002 16.719640 14.446155 11.755496 10.789527 10.120410 9.797940 12.241456 12.809326 9.672548 7.769116 9.336021 12.210084 11.436306 8.748890 9.182621 12.002214 13.917619 14.406381 12.957210 9.972698 11.374742 10.404821 12.724450 11.685008 9.626278 -9999.0 7.091349 9.295818 10.716768 11.798460 12.061567 12.121911 11.338255 10.729806 10.763634 10.085823 -9999.0 -9999.0 -9999.0 -9999.0 -9999.0 -9999.0
-9999.0 -9999.0 -9999.0 -9999.0 -9999.0 -9999.0 -9999.0 -9999.0 -9999.0 -9999.0 -9999.0 -9999.0 11.892088 12.660241 11.533820 11.726234 13.687838 16.063309 18.719080 18.734290 16.599005 14.905654 14.465343 12.683857 10.442523 11.833275 13.589636 10.938972 9.548217 8.775418 9.827404 12.267550 11.404484 9.576772 9.270403 11.110944 13.047965 14.737018 15.494591 12.196400 13.559611 13.335060 14.907189 13.689966 10.587778 9.322530 8.810968 9.446568 11.948335 13.867090 14.839755 13.701599 13.637836 13.137234 12.373275 11.193765 10.193915 -9999.0 -9999.0 -9999.0 -9999.0 -9999.0
-9999.0 -9999.0 -9999.0 -9999.0 -9999.0 -9999.0 -9999.0 -9999.0 -9999.0 -9999.0 -9999.0 11.403659 10.394159 11.852176 13.047230 13.157515 14.410764 15.955481 18.438843 18.656394 17.081345 15.818422 14.867259 11.737556 11.849005 13.946071 12.972096 9.364745 9.035281 10.284137 12.133786 13.440009 12.594898 9.650500 8.009938 10.637566 11.049413 13.690495 16.590111 14.994967 15.112625 17.045632 17.373350 15.913040 14.156493 10.756324 11.655107 11.396110 12.272407 15.436953 11.871747 10.549984 10.879385 10.150775 9.342229 8.614920 9.895195 -9999.0 -9999.0 -9999.0 -9999.0 -9999.0
-9999.0 -9999.0 -9999.0 -9999.0 -9999.0 -9999.0 -9999.0 -9999.0 -9999.0 -9999.0 13.291806 12.630640 11.180001 11.148225 12.444155 14.673540 14.632345 14.493765 17.836731 18.593300 17.826637 16.915995 13.339791 13.139381 14.279438 14.524006 11.409358 9.562308 10.979180 11.776668 14.032007 14.074472 12.044766 9.560409 6.941739 9.733138 11.980529 13.434126 15.653951 17.817818 18.342954 19.516037 19.225205 18.521292 15.675999 11.723112 11.683307 14.019344 15.118094 15.675235 10.644064 8.887332 8.619719 7.438204 7.894275 10.312051 10.605025 -9999.0 -9999.0 -9999.0 -9999.0 -9999.0
-9999.0 -9999.0 -9999.0 -9999.0 -9999.0 -9999.0 -9999.0 -9999.0 -9999.0 10.448528 12.216918 13.325463 13.991341 11.966998 13.423361 13.530055 12.733474 14.677841 18.072400 18.854378 18.271926 15.719768 15.593005 15.870901 15.541944 12.533808 10.251417 11.823077 13.712627 14.612199 15.554351 12.256581 9.586634 7.546375 7.670536 9.525580 12.156540 12.734137 13.526782 15.620905 17.248684 15.909429 15.571948 18.845488 17.923595 15.061729 14.622346 13.212099 13.174759 16.726061 12.574010 9.198457 6.598027 6.252237 8.070191 10.653539 11.648981 9.842710 8.579513 -9999.0 -9999.0 -9999.0
-9999.0 -9999.0 -9999.0 -9999.0 -9999.0 -9999.0 -9999.0 -9999.0 -9999.0 10.525204 10.557279 12.165592 15.752935 14.416497 13.034708 12.239247 13.492413 15.893518 18.891302 19.377127 19.163633 18.172839 17.644537 15.546706 12.983598 11.432046 12.801558 14.207109 16.239966 15.731153 14.437199 11.795630 10.367646 8.333608 9.505057 9.110494 9.905350 11.559800 11.152948 13.858494 14.177282 12.940551 14.509746 17.791557 19.113592 18.736131 18.364058 16.414033 15.116004 16.871328 11.669780 8.587865 6.588848 7.024787 9.271004 9.515231 11.686355 12.401618 10.656257 -9999.0 -9999.0 -9999.0
-9999.0 -9999.0 -9999.0 -9999.0 -9999.0 -9999.0 -9999.0 -9999.0 -9999.0 -9999.0 10.264270 12.576551 14.520642 16.350768 15.136216 13.667032 14.605139 17.396856 19.866304 19.986219 19.606412 17.738900 15.130848 14.102338 11.900894 13.812518 15.349314 16.644058 14.203705 12.269359 11.828355 12.563799 9.145751 8.760324 10.783684 12.119905 11.746645 12.540432 10.090327 10.783057 10.569115 13.076290 16.032027 14.737080 15.988164 16.003528 17.085288 18.596947 18.784274 15.818860 12.592009 11.511820 7.616419 6.752310 6.902070 8.940973 11.373190 15.047487 14.992140 14.491074 -9999.0 -9999.0
-9999.0 -9999.0 -9999.0 -9999.0 -9999.0 -9999.0 -9999.0 -9999.0 -9999.0 -9999.0 10.401844 11.657192 12.746289 15.131997 17.173369 16.035770 15.743769 17.870131 20.496960 20.593010 18.449316 16.549835 14.948999 13.404492 13.845510 15.695849 17.105327 15.198550 12.561145 9.608499 9.769360 11.558176 10.045697 7.828443 9.457189 12.379759 13.870097 13.376491 11.024792 9.189213 10.469132 13.135127 13.306617 11.954429 13.034838 14.019569 14.713898 15.510823 18.342103 18.317590 15.840690 11.892807 9.727442 8.069284 5.985795 6.802436 8.832361 13.356714 17.827161 17.968216 -9999.0 -9999.0
-9999.0 -9999.0 -9999.0 -9999.0 -9999.0 -9999.0 -9999.0 -9999.0 12.187631 10.911224 10.197328 12.639106 14.040838 14.014241 15.282708 18.059883 18.369491 19.797341 21.213938 21.190468 20.288118 19.173828 18.330128 16.388321 15.857669 16.904318 16.042106 13.009140 11.645019 9.620571 7.756145 9.593691 9.438440 7.775523 9.486869 9.321419 12.479080 13.625728 10.412670 8.304345 9.875064 11.863006 10.543020 9.460961 11.377264 14.032060 11.574472 13.108963 15.512714 18.592064 15.896546 13.558858 10.703149 7.783858 7.106355 9.268893 9.644079 12.897334 16.194702 19.896334 -9999.0 -9999.0
-9999.0 -9999.0 -9999.0 -9999.0 -9999.0 -9999.0 -9999.0 -9999.0 13.744659 13.756850 11.959856 10.998432 12.274618 15.209589 14.531479 16.664741 17.725676 18.032251 20.822229 21.618151 21.787600 21.596556 20.274425 18.285182 18.382375 18.320549 16.065177 13.382266 10.415450 9.001014 8.091524 8.927144 9.737891 8.635976 9.635197 9.895192 13.160321 14.011535 11.407141 9.408588 8.471632 8.147800 9.081812 10.562731 12.632541 12.173752 10.002667 10.866643 13.944194 17.148524 17.637830 13.600353 10.650033 8.573238 10.455089 12.786061 12.838068 14.894211 18.724878 21.613177 21.838079 -9999.0
-9999.0 -9999.0 -9999.0 -9999.0 -9999.0 -9999.0 -9999.0 -9999.0 11.868603 14.381079 13.433720 11.666051 13.542202 13.333005 14.426266 14.943995 16.859250 18.399825 20.924796 21.884302 22.123955 22.192167 21.706082 20.386465 20.004108 18.122300 15.732889 12.633026 9.708403 9.696201 9.613970 11.374655 9.953578 9.965608 10.337140 12.021912 12.045444 14.650688 11.716348 10.041706 8.608649 8.304504 9.475797 11.003429 10.762225 10.422214 8.625075 9.757125 11.020977 15.018670 18.276420 15.596700 11.599539 10.697735 13.640066 14.637464 16.539244 18.320224 21.042322 21.934801 22.269487 -9999.0
-9999.0 -9999.0 -9999.0 -9999.0 -9999.0 -9999.0 -9999.0 -9999.0 10.401324 13.615830 16.092848 13.005645 13.815637 14.841470 16.677663 18.107092 20.715879 21.376095 21.200515 21.115298 21.656279 21.871029 21.587522 20.431475 18.265685 16.238087 14.035117 11.812120 11.499258 12.848588 11.913030 12.356714 13.411424 13.595732 10.748107 9.755475 11.309784 14.878042 11.920936 10.152010 8.166247 9.001603 9.563519 9.535415 8.886539 9.295469 10.326619 10.565193 9.983223 12.343273 15.011144 17.557405 15.422130 13.259583 15.822777 16.769376 18.786163 20.273532 21.311098 22.210574 21.334138 18.789887
-9999.0 -9999.0 -9999.0 -9999.0 -9999.0 -9999.0 -9999.0 -9999.0 9.916034 13.596196 16.589971 16.038580 17.636800 18.436530 19.289780 21.183448 21.393634 19.290941 17.096571 18.394854 19.980595 21.379374 21.036457 20.433367 18.114318 15.215244 12.732905 13.505880 14.797875 15.155416 12.958098 14.108547 16.403432 13.940334 11.864498 11.793865 12.597860 15.318031 14.721858 12.243806 11.058468 11.747634 13.073548 12.668012 10.553025 11.172092 12.580215 14.180257 12.951077 15.232601 16.545831 16.528446 16.949408 16.572047 17.580467 17.958262 18.865028 20.091131 21.276585 21.207387 20.392605 18.711083
-9999.0 -9999.0 11.553640 12.279868 12.908502 12.841465 13.977177 12.737471 11.755721 13.196332 16.006994 18.856561 19.182622 20.606172 21.966892 21.789472 18.038100 14.829333 14.131409 16.254089 18.027825 20.563184 20.820690 20.744761 18.977327 16.794999 15.219654 15.368265 17.291544 16.018135 13.985769 14.473717 17.546147 15.277365 15.166637 14.052492 15.267869 15.887611 14.788740 12.710985 13.501202 14.753580 15.511496 15.221846 13.221853 13.710262 16.111752 16.139206 17.358625 18.703771 19.467853 19.035928 18.196308 17.564881 17.543522 17.927155 18.784738 19.646145 19.409484 19.626590 19.073363 18.361568
-9999.0 13.591767 13.675410 13.446427 12.895698 14.205517 14.056804 12.301619 11.725855 12.408723 15.079438 17.783261 20.938553 21.988492 22.102342 18.650338 15.764790 13.257232 13.209713 16.020368 17.944724 19.551512 20.152365 20.133889 20.123510 18.857207 18.062510 18.324778 19.388771 17.859688 17.102083 16.450338 17.489195 18.144553 17.572588 17.342906 17.558305 17.327274 17.023581 16.199571 16.557230 17.850080 18.121342 16.498513 15.937974 16.967964 18.647197 19.875196 20.930064 20.736568 20.044917 19.281371 18.220397 17.264391 17.250860 16.843104 16.138874 16.890099 17.642497 17.342183 17.562627 18.446183
-9999.0 14.839469 15.431933 15.558628 15.044540 15.470411 13.325688 11.779790 11.573751 12.017607 14.481860 17.438403 21.044621 22.169554 20.029168 16.482880 13.902410 13.000654 15.106072 16.329960 17.609787 18.034014 18.869418 18.903195 19.425964 20.002719 20.406619 20.663505 20.814104 20.611493 20.376766 19.495476 19.512112 19.311342 19.288274 19.313351 19.254029 19.353174 19.278116 19.312102 20.009098 20.448658 20.283018 19.641719 20.321729 20.759173 21.592217 21.773459 21.409755 20.921821 19.190485 17.024282 16.047155 16.918979 16.007706 14.309906 15.070002 14.676641 15.260027 15.260024 16.280449 -9999.0
