user2019/resources/simulation/Vinschgau/output-maps/TaN0340.asc
ncols         63
nrows         48
xllcorner     598000.000000
yllcorner     5145000.000000
cellsize      1000.000000
NODATA_value  -9999.0
[rows 0 to 27 of 48, columns 0 to 62 of 63]
-9999.0 -9999.0 -9999.0 -9999.0 -9999.0 -9999.0 -9999.0 -9999.0 -9999.0 -9999.0 -9999.0 -9999.0 -9999.0 -9999.0 -9999.0 -9999.0 -9999.0 -9999.0 -9999.0 -9999.0 -9999.0 -9999.0 -9999.0 -9999.0 -9999.0 -9999.0 -9999.0 -9999.0 -9999.0 -9999.0 -9999.0 -9999.0 -9999.0 -9999.0 -9999.0 -9999.0 -9999.0 -9999.0 -9999.0 -9999.0 -9999.0 -9999.0 -9999.0 -9999.0 -9999.0 -9999.0 -9999.0 -9999.0 -9999.0 -9999.0 -9999.0 -9999.0 -9999.0 -9999.0 -9999.0 -9999.0 -9999.0 -9999.0 -9999.0 -9999.0 -9999.0 -9999.0 -9999.0
-9999.0 -9999.0 -9999.0 -9999.0 -9999.0 -9999.0 -9999.0 -9999.0 -9999.0 -9999.0 -9999.0 -9999.0 -9999.0 -9999.0 -9999.0 -9999.0 -9999.0 -9999.0 -9999.0 -9999.0 -9999.0 -9999.0 -9999.0 -9999.0 -9999.0 -9999.0 -9999.0 -2.659626 -2.095179 -1.726655 -2.663352 -3.438504 -2.444362 -9999.0 -9999.0 -9999.0 -9999.0 -9999.0 -9999.0 -9999.0 -9999.0 -9999.0 -9999.0 -9999.0 -9999.0 -9999.0 -9999.0 -9999.0 -9999.0 -9999.0 -9999.0 -9999.0 -9999.0 -9999.0 -9999.0 -9999.0 -9999.0 -9999.0 -9999.0 -9999.0 -9999.0 -9999.0 -9999.0
-9999.0 -9999.0 -9999.0 -9999.0 -9999.0 -9999.0 -9999.0 -9999.0 -9999.0 -9999.0 -9999.0 -9999.0 -9999.0 -9999.0 -9999.0 -9999.0 -9999.0 -9999.0 -9999.0 -9999.0 -9999.0 -9999.0 -9999.0 -9999.0 -1.564942 -1.241212 -0.669075 -1.345821 -0.519835 -0.699146 -2.998274 -9999.0 -9999.0 -9999.0 -9999.0 -9999.0 -9999.0 -9999.0 -9999.0 -9999.0 -9999.0 -9999.0 -9999.0 -9999.0 -9999.0 -9999.0 -9999.0 -9999.0 -9999.0 -9999.0 -9999.0 -9999.0 -9999.0 -9999.0 -9999.0 -9999.0 -9999.0 -9999.0 -9999.0 -9999.0 -9999.0 -9999.0 -9999.0
-9999.0 -9999.0 -9999.0 -9999.0 -9999.0 -9999.0 -9999.0 -9999.0 -9999.0 -9999.0 -9999.0 -9999.0 -9999.0 -9999.0 -9999.0 -9999.0 -9999.0 -9999.0 -9999.0 -9999.0 -9999.0 -9999.0 -9999.0 -1.375212 -0.049789 0.455409 1.354019 1.144334 1.154594 -0.708109 -2.986099 -3.536781 -9999.0 -9999.0 -9999.0 -9999.0 -9999.0 -9999.0 -9999.0 -9999.0 -9999.0 -9999.0 -9999.0 -9999.0 -9999.0 -9999.0 -9999.0 -9999.0 -9999.0 -9999.0 -9999.0 -9999.0 -9999.0 -9999.0 -9999.0 -9999.0 -9999.0 -9999.0 -9999.0 -9999.0 -9999.0 -9999.0 -9999.0
-9999.0 -9999.0 -9999.0 -9999.0 -9999.0 -9999.0 -9999.0 -9999.0 -9999.0 -9999.0 -9999.0 -9999.0 -9999.0 -9999.0 -9999.0 -9999.0 -9999.0 -9999.0 1.891018 -1.739188 -9999.0 -1.421756 -0.494629 0.473632 2.012508 3.421524 3.431551 3.286252 3.242497 0.697535 -1.102129 -2.727358 -3.895531 -6.248898 -9999.0 -9999.0 -9999.0 -9999.0 -9999.0 -9999.0 -9999.0 -9999.0 -9999.0 -9999.0 -9999.0 -9999.0 -9999.0 -9999.0 -9999.0 -9999.0 -9999.0 -9999.0 -9999.0 -9999.0 -9999.0 -9999.0 -9999.0 -9999.0 -9999.0 -9999.0 -9999.0 -9999.0 -9999.0
-9999.0 -9999.0 -9999.0 -9999.0 -9999.0 -9999.0 -9999.0 -9999.0 -9999.0 -9999.0 -9999.0 -9999.0 -9999.0 -9999.0 -9999.0 -9999.0 -9999.0 4.874661 3.538632 1.084946 -1.190650 -0.108066 0.600136 2.762353 4.169928 2.486828 1.115820 0.810635 1.476894 2.766685 1.038346 -0.959196 -1.326204 -2.806233 -4.689831 -5.801514 -9999.0 -9999.0 -9999.0 -9999.0 -9999.0 -9999.0 -9999.0 -9999.0 -9999.0 -9999.0 -9999.0 -9999.0 -9999.0 -9999.0 -9999.0 -9999.0 -9999.0 -9999.0 -9999.0 -9999.0 -9999.0 -9999.0 -9999.0 -9999.0 -9999.0 -9999.0 -9999.0
-9999.0 -9999.0 -9999.0 -9999.0 -9999.0 -9999.0 -9999.0 -9999.0 -9999.0 -9999.0 -9999.0 -9999.0 -9999.0 -2.272608 -0.304844 2.393467 3.735986 4.664652 4.664195 1.371853 1.634576 1.879973 3.402165 4.337722 2.358955 0.319088 -1.178428 -0.357521 -0.692318 0.371269 1.474082 0.288871 -1.623192 -2.543253 -3.373879 -6.164087 -9999.0 -9999.0 -9999.0 -9999.0 -9999.0 -9999.0 -9999.0 -9999.0 -9999.0 -9999.0 -9999.0 -9999.0 -9999.0 -9999.0 -9999.0 -9999.0 -9999.0 -9999.0 -9999.0 -9999.0 -9999.0 -9999.0 -9999.0 -9999.0 -9999.0 -9999.0 -9999.0
-9999.0 -9999.0 -9999.0 -9999.0 -9999.0 -9999.0 -9999.0 -9999.0 -9999.0 -9999.0 -9999.0 -9999.0 -9999.0 -1.909488 0.086847 1.771140 1.909180 4.091833 4.691143 4.528082 4.587162 4.795935 4.252314 3.383349 2.455566 0.849877 -1.709676 -1.561378 -2.744253 -1.493186 -0.634947 -2.320529 -3.517395 -5.124958 -4.996763 -9999.0 -9999.0 -9999.0 -9999.0 -9999.0 -9999.0 -9999.0 -9999.0 -9999.0 -9999.0 -9999.0 -9999.0 -9999.0 -9999.0 -9999.0 -9999.0 -9999.0 -9999.0 -9999.0 -9999.0 -9999.0 -9999.0 -9999.0 -9999.0 -9999.0 -9999.0 -9999.0 -9999.0
-9999.0 -9999.0 -9999.0 -9999.0 -9999.0 -9999.0 -9999.0 -9999.0 -9999.0 -9999.0 -9999.0 -9999.0 -9999.0 -1.233834 0.872693 -0.193048 0.499562 2.822940 4.476366 4.693706 3.379388 1.315525 2.050400 1.115137 1.190967 0.587034 -0.414308 -2.830890 -3.055144 -3.495710 -2.609625 -5.079982 -5.608140 -7.501106 -6.367144 -9999.0 -9999.0 -9999.0 -9999.0 -9999.0 -9999.0 -9999.0 -9999.0 -9999.0 -9999.0 -9999.0 -9999.0 -9999.0 -9999.0 -9999.0 -9999.0 -9999.0 -9999.0 -9999.0 -9999.0 -9999.0 -9999.0 -9999.0 -9999.0 -9999.0 -9999.0 -9999.0 -9999.0
-9999.0 -9999.0 -9999.0 -9999.0 -9999.0 -9999.0 -9999.0 -9999.0 -9999.0 -9999.0 -9999.0 -9999.0 -2.021991 -0.027542 -0.614324 -2.009483 -1.005376 1.832418 4.268428 4.666871 1.970062 -0.781379 0.148596 -0.486394 1.437982 -1.361432 -0.117548 -2.420474 -0.883722 -3.060388 -4.735066 -3.778134 -3.680361 -6.906124 -9999.0 -9999.0 -9999.0 -9999.0 -9999.0 -9999.0 -9999.0 -9999.0 -9999.0 -9999.0 -9999.0 -9999.0 -9999.0 -9999.0 -9999.0 -9999.0 -9999.0 -9999.0 -9999.0 -9999.0 -9999.0 -9999.0 -9999.0 -9999.0 -9999.0 -9999.0 -9999.0 -9999.0 -9999.0
-9999.0 -9999.0 -9999.0 -9999.0 -9999.0 -9999.0 -9999.0 -9999.0 -9999.0 -9999.0 -9999.0 -2.664889 -1.227984 -0.287594 -3.050103 -3.568457 -2.798685 0.790897 4.129317 4.793272 2.488080 1.301427 -0.156395 -1.215295 1.065529 -0.413917 -2.342740 -1.260759 -0.382955 -4.299518 -3.609889 -1.176958 -3.040277 -5.275475 -4.968341 -3.918519 -4.770382 -4.249001 -4.213564 -9999.0 -9999.0 -9999.0 -6.341397 -9999.0 -9999.0 -9999.0 -9999.0 -9999.0 -9999.0 -9999.0 -9999.0 -9999.0 -9999.0 -9999.0 -9999.0 -9999.0 -9999.0 -9999.0 -9999.0 -9999.0 -9999.0 -9999.0 -9999.0
-9999.0 -9999.0 -9999.0 -9999.0 -9999.0 -9999.0 -9999.0 -9999.0 -9999.0 -9999.0 -9999.0 -3.082996 -2.195373 -1.462735 -3.385344 -5.252435 -2.658727 0.974547 4.151075 4.756032 3.663839 1.395747 0.067997 -0.844448 0.646488 -0.899241 -1.323629 -0.013181 -0.200929 -3.899105 -1.580617 0.083135 -3.470376 -4.439938 -5.567466 -3.391163 -2.230516 -2.800576 -4.587114 -7.002339 -6.743143 -6.677572 -3.843588 -4.574296 -9999.0 -9999.0 -9999.0 -7.129234 -5.431618 -4.193338 -4.229235 -5.080882 -5.273175 -5.884272 -5.389963 -5.687380 -9999.0 -9999.0 -9999.0 -9999.0 -9999.0 -9999.0 -9999.0
-9999.0 -9999.0 -9999.0 -9999.0 -9999.0 -9999.0 -9999.0 -9999.0 -9999.0 -9999.0 -9999.0 -3.100766 -3.601071 -1.730845 -3.546963 -4.300439 -1.906613 1.428026 4.323798 5.205319 4.209288 2.587619 0.385423 -0.231134 -0.669634 -0.867707 1.600885 2.099012 -1.197917 -3.346839 -2.105246 0.369530 -0.870549 -4.081113 -4.210614 -1.966795 -0.597439 -0.565197 -2.303439 -5.342669 -3.843106 -4.718448 -2.260398 -3.081627 -4.870002 -9999.0 -6.841353 -4.387228 -2.754138 -1.504318 -1.121610 -0.993910 -1.765968 -2.422014 -2.498084 -3.350108 -9999.0 -9999.0 -9999.0 -9999.0 -9999.0 -9999.0 -9999.0
-9999.0 -9999.0 -9999.0 -9999.0 -9999.0 -9999.0 -9999.0 -9999.0 -9999.0 -9999.0 -9999.0 -9999.0 -2.699831 -2.351274 -3.829361 -3.758661 -1.534345 1.496411 5.028991 5.930359 4.562428 3.481034 3.507053 2.066335 0.054458 1.568973 3.344193 0.608749 -0.965730 -2.013390 -1.318401 0.691492 -0.665893 -3.040086 -3.926440 -2.669196 -1.273614 -0.025864 0.445541 -2.991503 -1.744001 -2.013629 -0.290528 -1.224185 -3.989983 -4.913737 -5.105027 -4.184494 -1.440548 0.673580 1.792203 0.748489 0.725797 0.211522 -0.621160 -1.922757 -3.093065 -9999.0 -9999.0 -9999.0 -9999.0 -9999.0 -9999.0
-9999.0 -9999.0 -9999.0 -9999.0 -9999.0 -9999.0 -9999.0 -9999.0 -9999.0 -9999.0 -9999.0 -2.450182 -3.726204 -2.532007 -1.521450 -1.401484 0.153070 2.284504 5.515915 6.490318 5.583969 4.870585 4.354969 1.559338 1.907491 4.136881 3.180268 -0.528546 -1.071292 -0.133218 1.323901 2.169619 0.807992 -2.695952 -4.920762 -2.874148 -3.001508 -0.817587 1.718475 -0.209595 -0.424833 1.421944 1.983323 0.901801 -0.445245 -3.452333 -2.196161 -2.141381 -0.998019 2.385559 -1.009607 -2.211358 -1.812849 -2.523281 -3.362750 -4.165253 -2.995450 -9999.0 -9999.0 -9999.0 -9999.0 -9999.0 -9999.0
-9999.0 -9999.0 -9999.0 -9999.0 -9999.0 -9999.0 -9999.0 -9999.0 -9999.0 -9999.0 -0.063291 -0.858758 -2.445442 -2.584557 -1.313021 1.044028 1.331268 1.707033 5.669467 7.052924 6.854804 6.431889 3.267207 3.410392 4.818516 5.226873 2.138931 0.169739 1.331185 1.768998 3.587994 3.137752 0.573236 -2.475760 -5.674132 -3.457142 -1.754207 -0.796950 0.964985 2.675014 2.815262 3.899895 3.857812 3.564777 1.160380 -2.375520 -2.039731 0.626101 2.008474 2.803254 -2.036720 -3.649865 -3.822657 -4.958051 -4.501743 -2.122577 -1.894666 -9999.0 -9999.0 -9999.0 -9999.0 -9999.0 -9999.0
-9999.0 -9999.0 -9999.0 -9999.0 -9999.0 -9999.0 -9999.0 -9999.0 -9999.0 -2.616410 -0.901328 0.160920 0.800783 -1.205784 0.346303 0.663020 0.209783 2.613458 6.531279 7.839429 7.744201 5.629520 5.904396 6.565024 6.584626 3.820483 1.593343 3.008253 4.572812 5.040266 5.488750 1.662043 -1.558066 -4.160757 -4.602537 -3.306031 -1.214388 -1.150081 -0.847639 0.788297 2.073753 0.649654 0.508858 4.143658 3.632067 1.170134 1.098418 0.017717 0.270966 4.073438 0.131408 -3.078280 -5.560227 -5.836532 -3.995866 -1.428430 -0.472184 -2.318457 -3.594563 -9999.0 -9999.0 -9999.0 -9999.0
-9999.0 -9999.0 -9999.0 -9999.0 -9999.0 -9999.0 -9999.0 -9999.0 -9999.0 -2.412008 -2.382074 -0.753880 2.887391 1.655541 0.448630 -0.085014 1.520492 4.346766 7.805727 8.747079 8.955862 8.355542 8.222380 6.581198 4.542390 3.423073 4.902872 6.068419 7.648219 6.597565 4.736315 1.526568 -0.462578 -3.048375 -2.417700 -3.339591 -3.055340 -1.891253 -2.760782 -0.462537 -0.428350 -1.748613 -0.050209 3.506121 5.166683 5.139163 5.104084 3.469125 2.460902 4.477873 -0.494891 -3.387662 -5.244714 -4.719659 -2.437588 -2.202752 -0.068063 0.611631 -1.133647 -9999.0 -9999.0 -9999.0 -9999.0
-9999.0 -9999.0 -9999.0 -9999.0 -9999.0 -9999.0 -9999.0 -9999.0 -9999.0 -9999.0 -2.574253 -0.200322 1.848391 3.838092 2.848883 1.676364 2.977427 6.179061 9.073529 9.598067 9.578126 8.033215 5.776832 5.281146 3.967170 6.777578 8.476611 9.290085 6.160764 3.532484 2.441857 2.574383 -1.406776 -2.322409 -0.801873 0.054703 -0.777460 -0.420447 -3.274794 -2.926230 -3.378110 -0.959484 2.063038 0.953832 2.459586 2.760105 4.135913 5.940269 6.413323 3.720855 0.745433 -0.117215 -3.843483 -4.599774 -4.409404 -2.390734 -0.018185 3.592314 3.513601 3.076913 -9999.0 -9999.0 -9999.0
-9999.0 -9999.0 -9999.0 -9999.0 -9999.0 -9999.0 -9999.0 -9999.0 -9999.0 -9999.0 -2.425906 -1.091480 0.127375 2.704410 5.005461 4.194881 4.285203 6.824896 9.861560 10.324875 8.472200 6.782975 5.392699 4.295023 6.268826 10.324377 11.636600 8.626098 4.956191 1.154575 0.603100 1.774209 -0.286860 -2.998961 -1.822098 0.682544 1.781668 0.920846 -1.767463 -3.889231 -2.815122 -0.248495 -0.064147 -1.308239 -0.051611 1.153653 2.097410 3.163931 6.278774 6.543915 4.349924 0.658828 -1.300467 -2.827798 -4.871347 -4.103192 -2.184761 2.210955 6.593607 6.748286 -9999.0 -9999.0 -9999.0
-9999.0 -9999.0 -9999.0 -9999.0 -9999.0 -9999.0 -9999.0 -9999.0 -0.753375 -2.030762 -2.716674 -0.203676 1.328740 1.506935 3.061750 6.201447 6.928964 8.795914 10.630010 10.954950 10.280330 9.225257 8.344894 6.505911 7.716656 13.506881 11.552412 6.766238 4.177336 1.255869 -1.320597 -0.078336 -0.744436 -2.850832 -1.527688 -2.037875 0.806428 1.661872 -1.821347 -4.168137 -2.784299 -0.911947 -2.266765 -3.306349 -1.281333 1.536804 -0.711164 1.074019 3.764827 7.159465 4.791595 2.766961 0.171817 -2.581486 -3.219632 -1.149681 -0.968430 2.050860 5.150483 8.766226 -9999.0 -9999.0 -9999.0
-9999.0 -9999.0 -9999.0 -9999.0 -9999.0 -9999.0 -9999.0 -9999.0 0.689722 0.666789 -1.140477 -2.067920 -0.688262 2.445364 2.076068 4.620368 6.160079 6.961178 10.205599 11.362536 11.741057 11.518635 9.829007 8.259162 9.686462 12.554627 10.361306 6.601129 2.682176 0.504846 -1.033617 -0.728312 -0.366231 -1.844195 -1.157019 -1.157806 1.880171 2.519392 -0.293350 -2.494458 -3.612678 -4.075748 -3.222643 -1.756864 0.363934 0.019855 -1.974768 -0.873413 2.500952 6.055407 6.931504 3.283916 0.673023 -1.181482 0.747316 2.930045 2.675318 4.349927 7.825217 10.475854 10.653272 -9999.0 -9999.0
-9999.0 -9999.0 -9999.0 -9999.0 -9999.0 -9999.0 -9999.0 -9999.0 -1.346102 1.075695 0.050406 -1.757254 0.156461 0.110581 1.528488 2.525962 5.018206 7.148501 10.200319 11.571992 12.073056 12.221896 11.699076 10.702234 11.084620 10.231139 8.273083 4.898340 1.459101 0.910872 0.333076 1.657371 -0.131884 -0.414866 -0.266817 1.253490 1.146519 3.623150 0.536606 -1.318979 -2.944326 -3.423249 -2.382778 -0.924968 -1.166628 -1.433963 -3.082514 -1.722699 -0.149270 4.237682 7.949916 5.752651 2.197022 1.599085 4.612147 5.402746 6.861969 8.077836 10.244699 10.699324 10.784957 -9999.0 -9999.0
-9999.0 -9999.0 -9999.0 -9999.0 -9999.0 -9999.0 -9999.0 -9999.0 -3.003462 0.045780 2.347128 -0.897709 -0.169765 0.936287 3.096169 5.100409 8.436974 9.833223 10.294370 10.702381 11.594997 12.059974 12.030358 11.135730 9.108566 7.440019 5.521017 3.274995 2.713708 3.717167 2.418263 2.526314 3.301746 3.281861 0.311977 -0.732907 0.802996 4.333202 1.272669 -0.675452 -2.887627 -2.280080 -1.907380 -2.060891 -2.758435 -2.314785 -1.160323 -0.703803 -0.966906 1.815383 4.998636 8.116235 6.528259 4.763374 7.436763 8.128262 9.566148 10.293949 10.556465 10.786965 9.413016 6.576477 -9999.0
-9999.0 -9999.0 -9999.0 -9999.0 -9999.0 -9999.0 -9999.0 -9999.0 -3.684667 -0.254730 2.444141 1.577882 2.913856 3.644129 4.786286 7.376239 8.527459 7.361917 5.944686 7.827366 9.842842 11.589755 11.592958 11.229078 8.874786 6.030934 3.649524 4.411651 5.560241 5.688838 3.231979 4.138498 6.242741 3.671915 1.587316 1.595926 2.514527 5.296932 4.634483 1.950769 0.474932 0.862403 1.931040 1.342952 -0.866568 -0.248057 1.258400 3.062296 2.150463 4.868093 6.729335 7.336434 8.373667 8.461419 9.615536 9.712008 9.942621 10.254496 10.471550 9.509204 7.937684 5.664905 -9999.0
-9999.0 -9999.0 -1.310759 -0.662410 -0.130587 -0.319399 0.661416 -0.777129 -2.015270 -0.903557 1.495689 3.864575 3.717813 4.870575 6.444329 7.090356 4.527795 2.481536 2.705528 5.490316 7.730105 10.616459 11.172499 11.295169 9.539343 7.334084 5.758536 5.868943 7.685178 6.248661 4.031037 4.351754 7.315882 5.035921 5.037233 4.149710 5.631986 6.421010 5.275157 2.932356 3.339349 4.200882 4.629729 4.103008 1.967143 2.422968 4.897340 5.107973 6.627647 8.394616 9.694837 9.878060 9.648703 9.480637 9.606121 9.704777 9.862616 9.749344 8.435492 7.598557 6.079675 4.537092 -9999.0
-9999.0 0.780718 0.796869 0.484288 -0.171261 1.005475 0.685725 -1.291661 -2.158193 -1.855606 0.326368 2.435544 4.964427 5.582479 5.830812 3.280056 1.757721 0.570551 1.543216 5.061566 7.451483 9.351521 10.132463 10.234997 10.299540 9.064963 8.270314 8.492072 9.468364 7.815527 6.924696 6.166445 7.167682 7.898801 7.551359 7.689687 8.319792 8.354933 8.004087 6.838035 6.714877 7.534312 7.416316 5.513688 4.785374 5.756429 7.483757 8.868240 10.191104 10.377444 10.166074 9.946118 9.413409 8.845776 8.937760 8.254695 6.898534 6.721986 6.405044 5.003554 4.166878 4.117049 -9999.0
-9999.0 2.024288 2.547482 2.588220 1.966219 2.255014 -0.065818 -1.840222 -2.344634 -2.289802 -0.323569 2.029749 5.002947 5.689578 3.669242 0.996925 -0.247259 0.159133 3.285877 5.221936 6.960773 7.638485 8.562665 8.633674 9.244655 9.896203 10.317580 10.538743 10.612470 10.309393 9.976295 9.032689 9.064615 9.003188 9.282608 9.768323 10.215557 10.635705 10.506409 10.149193 10.310895 10.235371 9.652177 8.711060 9.206545 9.567612 10.427142 10.735327 10.597552 10.429416 9.095339 7.365792 6.795764 7.946602 7.080942 5.124735 5.319863 4.117005 3.737875 2.711159 2.724001 -9999.0 -9999.0
