user2019/resources/simulation/Vinschgau/output-maps/TaN0385.asc
ncols         63
nrows         48
xllcorner     598000.000000
yllcorner     5145000.000000
cellsize      1000.000000
NODATA_value  -9999.0
[rows 0 to 27 of 48, columns 0 to 62 of 63]
-9999.0 -9999.0 -9999.0 -9999.0 -9999.0 -9999.0 -9999.0 -9999.0 -9999.0 -9999.0 -9999.0 -9999.0 -9999.0 -9999.0 -9999.0 -9999.0 -9999.0 -9999.0 -9999.0 -9999.0 -9999.0 -9999.0 -9999.0 -9999.0 -9999.0 -9999.0 -9999.0 -9999.0 -9999.0 -9999.0 -9999.0 -9999.0 -9999.0 -9999.0 -9999.0 -9999.0 -9999.0 -9999.0 -9999.0 -9999.0 -9999.0 -9999.0 -9999.0 -9999.0 -9999.0 -9999.0 -9999.0 -9999.0 -9999.0 -9999.0 -9999.0 -9999.0 -9999.0 -9999.0 -9999.0 -9999.0 -9999.0 -9999.0 -9999.0 -9999.0 -9999.0 -9999.0 -9999.0
-9999.0 -9999.0 -9999.0 -9999.0 -9999.0 -9999.0 -9999.0 -9999.0 -9999.0 -9999.0 -9999.0 -9999.0 -9999.0 -9999.0 -9999.0 -9999.0 -9999.0 -9999.0 -9999.0 -9999.0 -9999.0 -9999.0 -9999.0 -9999.0 -9999.0 -9999.0 -9999.0 0.380366 0.958498 1.342413 0.422416 -0.335114 0.677260 -9999.0 -9999.0 -9999.0 -9999.0 -9999.0 -9999.0 -9999.0 -9999.0 -9999.0 -9999.0 -9999.0 -9999.0 -9999.0 -9999.0 -9999.0 -9999.0 -9999.0 -9999.0 -9999.0 -9999.0 -9999.0 -9999.0 -9999.0 -9999.0 -9999.0 -9999.0 -9999.0 -9999.0 -9999.0 -9999.0
-9999.0 -9999.0 -9999.0 -9999.0 -9999.0 -9999.0 -9999.0 -9999.0 -9999.0 -9999.0 -9999.0 -9999.0 -9999.0 -9999.0 -9999.0 -9999.0 -9999.0 -9999.0 -9999.0 -9999.0 -9999.0 -9999.0 -9999.0 -9999.0 1.408815 1.739195 2.320789 1.656156 2.496585 2.333575 0.052042 -9999.0 -9999.0 -9999.0 -9999.0 -9999.0 -9999.0 -9999.0 -9999.0 -9999.0 -9999.0 -9999.0 -9999.0 -9999.0 -9999.0 -9999.0 -9999.0 -9999.0 -9999.0 -9999.0 -9999.0 -9999.0 -9999.0 -9999.0 -9999.0 -9999.0 -9999.0 -9999.0 -9999.0 -9999.0 -9999.0 -9999.0 -9999.0
-9999.0 -9999.0 -9999.0 -9999.0 -9999.0 -9999.0 -9999.0 -9999.0 -9999.0 -9999.0 -9999.0 -9999.0 -9999.0 -9999.0 -9999.0 -9999.0 -9999.0 -9999.0 -9999.0 -9999.0 -9999.0 -9999.0 -9999.0 1.554578 2.882973 3.394386 4.302542 4.105567 4.131275 2.286112 0.026957 -0.504436 -9999.0 -9999.0 -9999.0 -9999.0 -9999.0 -9999.0 -9999.0 -9999.0 -9999.0 -9999.0 -9999.0 -9999.0 -9999.0 -9999.0 -9999.0 -9999.0 -9999.0 -9999.0 -9999.0 -9999.0 -9999.0 -9999.0 -9999.0 -9999.0 -9999.0 -9999.0 -9999.0 -9999.0 -9999.0 -9999.0 -9999.0
-9999.0 -9999.0 -9999.0 -9999.0 -9999.0 -9999.0 -9999.0 -9999.0 -9999.0 -9999.0 -9999.0 -9999.0 -9999.0 -9999.0 -9999.0 -9999.0 -9999.0 -9999.0 4.806276 1.167710 -9999.0 1.471410 2.394133 3.360642 4.901146 6.315674 6.335280 6.203444 6.176486 3.650779 1.871711 0.267203 -0.881255 -3.216726 -9999.0 -9999.0 -9999.0 -9999.0 -9999.0 -9999.0 -9999.0 -9999.0 -9999.0 -9999.0 -9999.0 -9999.0 -9999.0 -9999.0 -9999.0 -9999.0 -9999.0 -9999.0 -9999.0 -9999.0 -9999.0 -9999.0 -9999.0 -9999.0 -9999.0 -9999.0 -9999.0 -9999.0 -9999.0
-9999.0 -9999.0 -9999.0 -9999.0 -9999.0 -9999.0 -9999.0 -9999.0 -9999.0 -9999.0 -9999.0 -9999.0 -9999.0 -9999.0 -9999.0 -9999.0 -9999.0 7.764153 6.418680 3.955741 1.670817 2.744568 3.445540 5.603397 7.010614 5.331939 3.970457 3.679702 4.364584 5.676014 3.970792 1.996111 1.650018 0.187627 -1.682192 -2.783395 -9999.0 -9999.0 -9999.0 -9999.0 -9999.0 -9999.0 -9999.0 -9999.0 -9999.0 -9999.0 -9999.0 -9999.0 -9999.0 -9999.0 -9999.0 -9999.0 -9999.0 -9999.0 -9999.0 -9999.0 -9999.0 -9999.0 -9999.0 -9999.0 -9999.0 -9999.0 -9999.0
-9999.0 -9999.0 -9999.0 -9999.0 -9999.0 -9999.0 -9999.0 -9999.0 -9999.0 -9999.0 -9999.0 -9999.0 -9999.0 0.647488 2.589876 5.269711 6.599552 7.518852 7.509529 4.206940 4.457724 4.690566 6.201428 7.128860 5.146864 3.109814 1.621654 2.458243 2.144542 3.233080 4.362615 3.203473 1.314351 0.411984 -0.407393 -3.192421 -9999.0 -9999.0 -9999.0 -9999.0 -9999.0 -9999.0 -9999.0 -9999.0 -9999.0 -9999.0 -9999.0 -9999.0 -9999.0 -9999.0 -9999.0 -9999.0 -9999.0 -9999.0 -9999.0 -9999.0 -9999.0 -9999.0 -9999.0 -9999.0 -9999.0 -9999.0 -9999.0
-9999.0 -9999.0 -9999.0 -9999.0 -9999.0 -9999.0 -9999.0 -9999.0 -9999.0 -9999.0 -9999.0 -9999.0 -9999.0 0.973695 2.941874 4.607710 4.735389 6.911538 7.503341 7.328723 7.372004 7.562760 7.001908 6.119488 5.184443 3.579294 1.028789 1.194406 0.035961 1.316542 2.206607 0.551853 -0.618708 -2.207748 -2.071066 -9999.0 -9999.0 -9999.0 -9999.0 -9999.0 -9999.0 -9999.0 -9999.0 -9999.0 -9999.0 -9999.0 -9999.0 -9999.0 -9999.0 -9999.0 -9999.0 -9999.0 -9999.0 -9999.0 -9999.0 -9999.0 -9999.0 -9999.0 -9999.0 -9999.0 -9999.0 -9999.0 -9999.0
-9999.0 -9999.0 -9999.0 -9999.0 -9999.0 -9999.0 -9999.0 -9999.0 -9999.0 -9999.0 -9999.0 -9999.0 -9999.0 1.611639 3.686316 2.602513 3.288759 5.610400 7.258445 7.462053 6.126019 4.036168 4.745506 3.789456 3.852547 3.246067 2.253318 -0.143791 -0.339153 -0.744005 0.181009 -2.251595 -2.748031 -4.620103 -3.479962 -9999.0 -9999.0 -9999.0 -9999.0 -9999.0 -9999.0 -9999.0 -9999.0 -9999.0 -9999.0 -9999.0 -9999.0 -9999.0 -9999.0 -9999.0 -9999.0 -9999.0 -9999.0 -9999.0 -9999.0 -9999.0 -9999.0 -9999.0 -9999.0 -9999.0 -9999.0 -9999.0 -9999.0
-9999.0 -9999.0 -9999.0 -9999.0 -9999.0 -9999.0 -9999.0 -9999.0 -9999.0 -9999.0 -9999.0 -9999.0 0.839039 2.782481 2.158921 0.746187 1.749592 4.592189 7.024993 7.405494 4.677860 1.889104 2.782264 2.116780 4.021249 1.215262 2.467157 0.186546 1.758102 -0.374560 -2.000631 -0.996151 -0.858293 -4.058101 -9999.0 -9999.0 -9999.0 -9999.0 -9999.0 -9999.0 -9999.0 -9999.0 -9999.0 -9999.0 -9999.0 -9999.0 -9999.0 -9999.0 -9999.0 -9999.0 -9999.0 -9999.0 -9999.0 -9999.0 -9999.0 -9999.0 -9999.0 -9999.0 -9999.0 -9999.0 -9999.0 -9999.0 -9999.0
-9999.0 -9999.0 -9999.0 -9999.0 -9999.0 -9999.0 -9999.0 -9999.0 -9999.0 -9999.0 -9999.0 0.244375 1.614537 2.495502 -0.309560 -0.845350 -0.070139 3.530693 6.865866 7.503692 5.154173 3.914932 2.405742 1.304029 3.555873 2.064754 0.143248 1.251294 2.171666 -1.689973 -0.938856 1.555018 -0.255964 -2.456044 -2.139522 -1.113105 -2.023606 -1.586517 -1.626392 -9999.0 -9999.0 -9999.0 -3.341326 -9999.0 -9999.0 -9999.0 -9999.0 -9999.0 -9999.0 -9999.0 -9999.0 -9999.0 -9999.0 -9999.0 -9999.0 -9999.0 -9999.0 -9999.0 -9999.0 -9999.0 -9999.0 -9999.0 -9999.0
-9999.0 -9999.0 -9999.0 -9999.0 -9999.0 -9999.0 -9999.0 -9999.0 -9999.0 -9999.0 -9999.0 -0.170170 0.644444 1.311099 -0.658925 -2.544023 0.058522 3.704564 6.871488 7.436051 6.281136 3.941367 2.544520 1.574197 3.024876 1.461038 1.043128 2.384570 2.249550 -1.379471 1.017278 2.759642 -0.724611 -1.644521 -2.752334 -0.595764 0.499299 -0.178404 -2.079221 -4.517412 -4.108532 -3.822762 -0.814791 -1.417442 -9999.0 -9999.0 -9999.0 -3.503694 -1.678261 -0.312799 -0.225961 -0.963077 -1.052674 -1.576463 -1.013792 -1.265411 -9999.0 -9999.0 -9999.0 -9999.0 -9999.0 -9999.0 -9999.0
-9999.0 -9999.0 -9999.0 -9999.0 -9999.0 -9999.0 -9999.0 -9999.0 -9999.0 -9999.0 -9999.0 -0.166960 -0.742681 1.059166 -0.806454 -1.580036 0.818454 4.156243 7.026109 7.846472 6.765451 5.050161 2.758271 2.065665 1.572697 1.348076 3.821942 4.357550 1.126727 -0.934523 0.406851 2.982765 1.833921 -1.306570 -1.397922 0.842753 2.161553 2.098199 0.250182 -2.800774 -1.096572 -1.733443 0.860222 0.128571 -1.569709 -9999.0 -3.317775 -0.734311 1.033540 2.418566 2.932306 3.182695 2.521290 1.960624 1.961835 1.166528 -9999.0 -9999.0 -9999.0 -9999.0 -9999.0 -9999.0 -9999.0
-9999.0 -9999.0 -9999.0 -9999.0 -9999.0 -9999.0 -9999.0 -9999.0 -9999.0 -9999.0 -9999.0 -9999.0 0.199272 0.480617 -1.047656 -1.003296 1.210672 4.222092 7.703515 8.518869 7.041918 5.843138 5.755820 4.216534 2.131232 3.607173 5.385487 2.696161 1.205811 0.270217 1.092465 3.231463 1.992280 -0.286155 -1.108858 0.173528 1.555539 2.763287 3.209242 -0.142810 1.331040 1.199911 2.953524 2.051258 -0.649690 -1.476946 -1.548470 -0.493259 2.393012 4.650871 5.909253 4.996744 5.092956 4.682431 3.936417 2.703393 1.583473 -9999.0 -9999.0 -9999.0 -9999.0 -9999.0 -9999.0
-9999.0 -9999.0 -9999.0 -9999.0 -9999.0 -9999.0 -9999.0 -9999.0 -9999.0 -9999.0 -9999.0 0.579612 -0.767930 0.360266 1.317138 1.397828 2.917888 4.999778 8.150934 9.013572 7.973852 7.117587 6.460629 3.536694 3.783793 5.955537 4.997535 1.346842 0.913606 1.996786 3.616486 4.625433 3.413560 0.034796 -2.097015 0.007906 -0.089785 2.115894 4.709229 2.926931 2.889457 4.779735 5.309079 4.228865 2.935804 0.024271 1.404379 1.600783 2.894944 6.431438 3.185293 2.123632 2.649388 2.050807 1.306776 0.583868 1.819522 -9999.0 -9999.0 -9999.0 -9999.0 -9999.0 -9999.0
-9999.0 -9999.0 -9999.0 -9999.0 -9999.0 -9999.0 -9999.0 -9999.0 -9999.0 -9999.0 3.105456 2.242519 0.586226 0.379548 1.588985 3.888212 4.112949 4.407777 8.261273 9.507930 9.152057 8.558575 5.218181 5.191163 6.454143 6.771433 3.672806 1.780131 3.089368 3.718805 5.746319 5.500400 3.121129 0.228571 -2.847209 -0.540885 1.226635 2.242765 4.085488 5.912163 6.156393 7.264457 7.206184 6.926837 4.584393 1.150984 1.618106 4.433928 5.976440 6.934108 2.253167 0.789510 0.752287 -0.263997 0.294679 2.761631 3.067202 -9999.0 -9999.0 -9999.0 -9999.0 -9999.0 -9999.0
-9999.0 -9999.0 -9999.0 -9999.0 -9999.0 -9999.0 -9999.0 -9999.0 -9999.0 0.691968 2.349833 3.348119 3.918969 1.840446 3.318573 3.556824 3.013698 5.307398 9.089827 10.237716 9.961349 7.647609 7.705748 8.135612 7.934227 5.015057 2.759017 4.283885 6.059082 6.786036 7.502868 3.928824 0.932166 -1.482997 -1.775032 -0.363705 1.816108 1.955361 2.333456 4.047542 5.393228 3.995194 3.869766 7.544306 7.110415 4.761249 4.829503 3.907783 4.331257 8.307658 4.535909 1.486084 -0.851831 -1.003022 0.943916 3.602424 4.641578 2.879748 1.700890 -9999.0 -9999.0 -9999.0 -9999.0
-9999.0 -9999.0 -9999.0 -9999.0 -9999.0 -9999.0 -9999.0 -9999.0 -9999.0 0.987798 0.967036 2.535428 6.107895 4.798506 3.504786 2.872591 4.363295 7.053812 10.353917 11.114691 11.123453 10.301024 9.910188 7.955058 5.556559 4.147370 5.567394 6.918035 8.819643 8.128026 6.610302 3.706841 1.979432 -0.390276 0.413066 -0.374571 0.013278 1.259862 0.459981 2.817469 2.897370 1.611501 3.348415 6.965437 8.717565 8.812171 8.925243 7.458435 6.631513 8.835230 4.046208 1.325646 -0.378091 0.276826 2.665079 2.987379 5.200776 5.964198 4.323476 -9999.0 -9999.0 -9999.0 -9999.0
-9999.0 -9999.0 -9999.0 -9999.0 -9999.0 -9999.0 -9999.0 -9999.0 -9999.0 -9999.0 0.890713 3.211006 5.192402 7.099667 6.011505 4.721809 5.885538 8.928502 11.643913 11.972489 11.743228 9.970601 7.437421 6.540034 4.603519 6.799408 8.415743 9.612303 7.001981 4.867769 4.204647 4.695419 1.009375 0.332793 2.043226 3.047758 2.329492 2.774474 -0.010682 0.393447 -0.012059 2.451108 5.527679 4.493030 6.100161 6.530203 8.061736 10.043994 10.711244 8.221337 5.446912 4.772537 1.211186 0.588968 0.880965 2.974837 5.409660 9.088461 9.105598 8.813607 -9999.0 -9999.0 -9999.0
-9999.0 -9999.0 -9999.0 -9999.0 -9999.0 -9999.0 -9999.0 -9999.0 -9999.0 -9999.0 1.175942 2.466841 3.623213 6.115331 8.306849 7.361628 7.293387 9.653347 12.493617 12.750753 10.691424 8.798460 7.165951 5.665395 6.584480 9.117342 10.545819 8.406658 5.540375 2.372652 2.318212 3.884331 2.139631 -0.319604 1.057332 3.718058 4.937449 4.168974 1.552531 -0.510903 0.615122 3.235455 3.484381 2.323936 3.688931 5.030033 6.137326 7.392984 10.717828 11.205839 9.235950 5.755446 3.977559 2.589814 0.639264 1.460443 3.409958 7.840634 12.290620 12.572237 -9999.0 -9999.0 -9999.0
-9999.0 -9999.0 -9999.0 -9999.0 -9999.0 -9999.0 -9999.0 -9999.0 3.017631 1.741668 1.046233 3.532340 5.013131 5.108311 6.545088 9.532832 10.080136 11.746819 13.369415 13.481455 12.608485 11.401025 10.396629 8.193382 8.325702 10.849266 9.739736 6.349343 4.737424 2.505385 0.443769 2.086702 1.739199 -0.112502 1.412993 1.061511 4.028613 4.978548 1.569220 -0.716450 0.723736 2.655806 1.372056 0.422042 2.560847 5.520973 3.445299 5.432934 8.353122 11.996498 9.883557 8.100992 5.712219 3.108570 2.552450 4.643011 4.807568 7.808169 10.924110 14.623618 -9999.0 -9999.0 -9999.0
-9999.0 -9999.0 -9999.0 -9999.0 -9999.0 -9999.0 -9999.0 -9999.0 4.595095 4.598998 2.809663 1.881823 3.230514 6.290318 5.797242 8.170718 9.505468 10.084660 13.105197 14.047163 14.231937 13.874282 12.246524 10.249080 10.823228 11.725753 9.559790 6.701948 3.556297 1.968735 0.889704 1.563016 2.224476 0.990543 1.874773 2.030327 5.189809 5.922208 3.181878 1.040852 -0.020892 -0.422706 0.504104 2.062845 4.301754 4.105838 2.293100 3.611885 7.237966 11.072104 12.241968 8.878839 6.511190 4.825227 6.826172 8.988348 8.652471 10.234012 13.651962 16.317063 16.605718 -9999.0 -9999.0
-9999.0 -9999.0 -9999.0 -9999.0 -9999.0 -9999.0 -9999.0 -9999.0 2.701309 5.182284 4.212683 2.444754 4.363159 4.264638 5.557249 6.360784 8.615752 10.498630 13.318244 14.486044 14.818181 14.838692 14.233596 13.150091 13.098855 11.429534 9.102169 5.935392 2.887169 2.731870 2.505729 4.135802 2.609483 2.549822 2.883810 4.554402 4.564380 7.128870 4.108145 2.305804 0.731367 0.310368 1.423585 2.975513 2.855152 2.741672 1.284377 2.876524 4.724413 9.423797 13.473192 11.611215 8.347483 7.948523 11.029500 11.754351 13.055518 14.087349 16.105027 16.483396 16.583742 -9999.0 -9999.0
-9999.0 -9999.0 -9999.0 -9999.0 -9999.0 -9999.0 -9999.0 -9999.0 1.186561 4.333225 6.738476 3.589679 4.378534 5.471731 7.511964 9.291465 12.344433 13.459504 13.683351 13.915025 14.706258 15.194845 15.472879 15.131348 12.638253 10.046942 7.581059 5.200888 4.745999 5.955052 4.890035 5.230164 6.223148 6.399983 3.601591 2.699029 4.345215 7.954218 4.947332 3.039337 0.866929 1.524903 1.966616 1.906590 1.332220 1.934044 3.287190 3.988031 4.018119 7.140852 10.700391 14.202298 12.957440 11.428878 14.174020 14.759605 15.962879 16.412363 16.427634 16.480996 15.008498 12.150273 -9999.0
-9999.0 -9999.0 -9999.0 -9999.0 -9999.0 -9999.0 -9999.0 -9999.0 0.637836 4.205480 7.062754 6.362142 7.836599 8.617264 9.656643 11.981699 12.784818 11.294317 9.637046 11.378984 13.358461 15.221845 15.634108 15.820874 13.080757 9.427135 6.511348 7.029474 8.133939 8.335495 6.012523 7.080783 9.355679 6.952551 5.023322 5.165544 6.186771 9.036120 8.410455 5.748828 4.298009 4.726319 5.859011 5.362727 3.276817 4.055483 5.764225 7.818382 7.209354 10.282536 12.542423 13.563745 14.977903 15.329698 16.562663 16.529089 16.471273 16.432004 16.318789 15.086387 13.306582 10.877850 -9999.0
-9999.0 -9999.0 2.613251 3.306126 3.893592 3.774574 4.843213 3.515347 2.416338 3.701000 6.308925 8.912457 8.988562 10.269123 11.768061 12.106946 9.125303 6.712333 6.704287 9.396183 11.658643 14.654826 15.370485 15.598821 13.679455 11.091684 9.148487 9.012657 10.713067 9.263603 7.103209 7.524936 10.615054 8.472453 8.610645 7.846126 9.422128 10.264790 9.137172 6.797731 7.215734 8.109787 8.598510 8.161647 6.148272 6.763094 9.438085 9.896593 11.715944 13.834718 15.529525 16.123133 16.267870 16.362703 16.566957 16.533028 16.391232 15.900982 14.213126 13.043479 11.234975 9.439928 -9999.0
-9999.0 4.692319 4.746843 4.482110 3.886517 5.138769 4.914600 3.058634 2.346407 2.843734 5.265830 7.653918 10.462309 11.264092 11.463068 8.583811 6.606022 5.044104 5.820035 9.322470 11.846879 13.973785 14.944768 15.028200 14.849095 13.261679 12.116799 12.067493 12.876294 11.149956 10.258206 9.550331 10.636001 11.472107 11.237859 11.482686 12.193684 12.269006 11.921738 10.746824 10.627235 11.475562 11.415529 9.600893 8.992161 10.117439 12.037916 13.659086 15.265409 15.780801 15.933555 16.086394 15.887767 15.551091 15.710876 14.910290 13.285040 12.757745 12.073719 10.323833 9.165850 8.828551 -9999.0
-9999.0 5.953004 6.515497 6.605164 6.044408 6.410282 4.186935 2.536239 2.188767 2.441083 4.649695 7.282645 10.533687 11.402084 9.338627 6.361771 4.702738 4.786580 7.784445 9.804101 11.840460 13.019587 14.491696 14.640952 14.690951 14.687177 14.607122 14.482277 14.336881 13.914270 13.536515 12.602182 12.680653 12.689855 13.052049 13.618658 14.127239 14.575068 14.443937 14.077907 14.245610 14.201023 13.675978 12.820597 13.430599 13.937459 14.977380 15.503707 15.623105 15.747860 14.730545 13.316865 13.022087 14.358330 13.545914 11.496656 11.475791 9.981618 9.282758 7.937919 7.649861 -9999.0 -9999.0
