user2019/resources/simulation/Vinschgau/output-maps/TaN0506.asc
ncols         63
nrows         48
xllcorner     598000.000000
yllcorner     5145000.000000
cellsize      1000.000000
NODATA_value  -9999.0
[rows 0 to 27 of 48, columns 0 to 62 of 63]
-9999.0 -9999.0 -9999.0 -9999.0 -9999.0 -9999.0 -9999.0 -9999.0 -9999.0 -9999.0 -9999.0 -9999.0 -9999.0 -9999.0 -9999.0 -9999.0 -9999.0 -9999.0 -9999.0 -9999.0 -9999.0 -9999.0 -9999.0 -9999.0 -9999.0 -9999.0 -9999.0 -9999.0 -9999.0 -9999.0 -9999.0 -9999.0 -9999.0 -9999.0 -9999.0 -9999.0 -9999.0 -9999.0 -9999.0 -9999.0 -9999.0 -9999.0 -9999.0 -9999.0 -9999.0 -9999.0 -9999.0 -9999.0 -9999.0 -9999.0 -9999.0 -9999.0 -9999.0 -9999.0 -9999.0 -9999.0 -9999.0 -9999.0 -9999.0 -9999.0 -9999.0 -9999.0 -9999.0
-9999.0 -9999.0 -9999.0 -9999.0 -9999.0 -9999.0 -9999.0 -9999.0 -9999.0 -9999.0 -9999.0 -9999.0 -9999.0 -9999.0 -9999.0 -9999.0 -9999.0 -9999.0 -9999.0 -9999.0 -9999.0 -9999.0 -9999.0 -9999.0 -9999.0 -9999.0 -9999.0 5.135741 5.714380 6.109458 5.210305 4.481874 5.529708 -9999.0 -9999.0 -9999.0 -9999.0 -9999.0 -9999.0 -9999.0 -9999.0 -9999.0 -9999.0 -9999.0 -9999.0 -9999.0 -9999.0 -9999.0 -9999.0 -9999.0 -9999.0 -9999.0 -9999.0 -9999.0 -9999.0 -9999.0 -9999.0 -9999.0 -9999.0 -9999.0 -9999.0 -9999.0 -9999.0
-9999.0 -9999.0 -9999.0 -9999.0 -9999.0 -9999.0 -9999.0 -9999.0 -9999.0 -9999.0 -9999.0 -9999.0 -9999.0 -9999.0 -9999.0 -9999.0 -9999.0 -9999.0 -9999.0 -9999.0 -9999.0 -9999.0 -9999.0 -9999.0 6.240097 6.531456 7.087797 6.411933 7.254937 7.107665 4.853931 -9999.0 -9999.0 -9999.0 -9999.0 -9999.0 -9999.0 -9999.0 -9999.0 -9999.0 -9999.0 -9999.0 -9999.0 -9999.0 -9999.0 -9999.0 -9999.0 -9999.0 -9999.0 -9999.0 -9999.0 -9999.0 -9999.0 -9999.0 -9999.0 -9999.0 -9999.0 -9999.0 -9999.0 -9999.0 -9999.0 -9999.0 -9999.0
-9999.0 -9999.0 -9999.0 -9999.0 -9999.0 -9999.0 -9999.0 -9999.0 -9999.0 -9999.0 -9999.0 -9999.0 -9999.0 -9999.0 -9999.0 -9999.0 -9999.0 -9999.0 -9999.0 -9999.0 -9999.0 -9999.0 -9999.0 6.453818 7.719900 8.185347 9.064590 8.855879 8.886705 7.062787 4.839820 4.357807 -9999.0 -9999.0 -9999.0 -9999.0 -9999.0 -9999.0 -9999.0 -9999.0 -9999.0 -9999.0 -9999.0 -9999.0 -9999.0 -9999.0 -9999.0 -9999.0 -9999.0 -9999.0 -9999.0 -9999.0 -9999.0 -9999.0 -9999.0 -9999.0 -9999.0 -9999.0 -9999.0 -9999.0 -9999.0 -9999.0 -9999.0
-9999.0 -9999.0 -9999.0 -9999.0 -9999.0 -9999.0 -9999.0 -9999.0 -9999.0 -9999.0 -9999.0 -9999.0 -9999.0 -9999.0 -9999.0 -9999.0 -9999.0 -9999.0 10.293113 6.531628 -9999.0 6.586080 7.398609 8.271472 9.737549 11.098168 11.084800 10.940808 10.922045 8.424096 6.691157 5.149367 4.077579 1.828946 -9999.0 -9999.0 -9999.0 -9999.0 -9999.0 -9999.0 -9999.0 -9999.0 -9999.0 -9999.0 -9999.0 -9999.0 -9999.0 -9999.0 -9999.0 -9999.0 -9999.0 -9999.0 -9999.0 -9999.0 -9999.0 -9999.0 -9999.0 -9999.0 -9999.0 -9999.0 -9999.0 -9999.0 -9999.0
-9999.0 -9999.0 -9999.0 -9999.0 -9999.0 -9999.0 -9999.0 -9999.0 -9999.0 -9999.0 -9999.0 -9999.0 -9999.0 -9999.0 -9999.0 -9999.0 -9999.0 13.541083 12.056061 9.434780 6.987954 7.908720 8.474199 10.519033 11.838034 10.096670 8.697896 8.394747 9.091473 10.438186 8.790608 6.894298 6.644713 5.292924 3.541784 2.559006 -9999.0 -9999.0 -9999.0 -9999.0 -9999.0 -9999.0 -9999.0 -9999.0 -9999.0 -9999.0 -9999.0 -9999.0 -9999.0 -9999.0 -9999.0 -9999.0 -9999.0 -9999.0 -9999.0 -9999.0 -9999.0 -9999.0 -9999.0 -9999.0 -9999.0 -9999.0 -9999.0
-9999.0 -9999.0 -9999.0 -9999.0 -9999.0 -9999.0 -9999.0 -9999.0 -9999.0 -9999.0 -9999.0 -9999.0 -9999.0 6.799590 8.797469 11.473347 12.731293 13.515184 13.323731 9.815533 9.859587 9.901323 11.246778 12.039211 9.953943 7.844958 6.315194 7.139457 6.841828 7.974096 9.174218 8.111293 6.341817 5.578599 4.911294 2.281141 -9999.0 -9999.0 -9999.0 -9999.0 -9999.0 -9999.0 -9999.0 -9999.0 -9999.0 -9999.0 -9999.0 -9999.0 -9999.0 -9999.0 -9999.0 -9999.0 -9999.0 -9999.0 -9999.0 -9999.0 -9999.0 -9999.0 -9999.0 -9999.0 -9999.0 -9999.0 -9999.0
-9999.0 -9999.0 -9999.0 -9999.0 -9999.0 -9999.0 -9999.0 -9999.0 -9999.0 -9999.0 -9999.0 -9999.0 -9999.0 7.383830 9.444738 11.123149 11.166764 13.167555 13.519446 13.076919 12.857060 12.811239 12.051172 11.010130 9.956342 8.270171 5.674125 5.827944 4.690334 6.023791 6.998439 5.459460 4.434512 3.017732 3.346866 -9999.0 -9999.0 -9999.0 -9999.0 -9999.0 -9999.0 -9999.0 -9999.0 -9999.0 -9999.0 -9999.0 -9999.0 -9999.0 -9999.0 -9999.0 -9999.0 -9999.0 -9999.0 -9999.0 -9999.0 -9999.0 -9999.0 -9999.0 -9999.0 -9999.0 -9999.0 -9999.0 -9999.0
-9999.0 -9999.0 -9999.0 -9999.0 -9999.0 -9999.0 -9999.0 -9999.0 -9999.0 -9999.0 -9999.0 -9999.0 -9999.0 8.300334 10.521374 9.477623 10.066766 12.160068 13.491659 13.348190 11.681499 9.304137 9.778770 8.640722 8.570542 7.874962 6.833573 4.425809 4.256480 3.913998 4.938003 2.641483 2.318197 0.654673 2.033603 -9999.0 -9999.0 -9999.0 -9999.0 -9999.0 -9999.0 -9999.0 -9999.0 -9999.0 -9999.0 -9999.0 -9999.0 -9999.0 -9999.0 -9999.0 -9999.0 -9999.0 -9999.0 -9999.0 -9999.0 -9999.0 -9999.0 -9999.0 -9999.0 -9999.0 -9999.0 -9999.0 -9999.0
-9999.0 -9999.0 -9999.0 -9999.0 -9999.0 -9999.0 -9999.0 -9999.0 -9999.0 -9999.0 -9999.0 -9999.0 7.518359 9.741401 9.333920 8.001329 8.894595 11.442275 13.463799 13.404516 10.272884 7.145580 7.771119 6.903394 8.662753 5.761551 6.962985 4.673593 6.276669 4.215775 2.702661 3.862849 4.200740 1.245803 -9999.0 -9999.0 -9999.0 -9999.0 -9999.0 -9999.0 -9999.0 -9999.0 -9999.0 -9999.0 -9999.0 -9999.0 -9999.0 -9999.0 -9999.0 -9999.0 -9999.0 -9999.0 -9999.0 -9999.0 -9999.0 -9999.0 -9999.0 -9999.0 -9999.0 -9999.0 -9999.0 -9999.0 -9999.0
-9999.0 -9999.0 -9999.0 -9999.0 -9999.0 -9999.0 -9999.0 -9999.0 -9999.0 -9999.0 -9999.0 6.718458 8.430499 9.662322 7.147607 6.738821 7.391575 10.624120 13.447028 13.553401 10.733903 9.114643 7.313583 5.995921 8.095190 6.505424 4.533164 5.635050 6.592565 2.811579 3.688292 6.355123 4.767429 2.843626 3.490102 4.895615 4.396520 5.232505 5.481527 -9999.0 -9999.0 -9999.0 2.788749 -9999.0 -9999.0 -9999.0 -9999.0 -9999.0 -9999.0 -9999.0 -9999.0 -9999.0 -9999.0 -9999.0 -9999.0 -9999.0 -9999.0 -9999.0 -9999.0 -9999.0 -9999.0 -9999.0 -9999.0
-9999.0 -9999.0 -9999.0 -9999.0 -9999.0 -9999.0 -9999.0 -9999.0 -9999.0 -9999.0 -9999.0 6.304527 7.489458 8.550077 6.920553 5.195763 7.663484 10.881257 13.459616 13.430906 11.767772 9.028057 7.329854 6.139022 7.434839 5.771618 5.303992 6.642511 6.550317 3.010134 5.543194 7.471963 4.227722 3.605086 2.854204 5.426136 6.985094 6.785886 5.274170 2.907789 2.934830 2.685551 5.283485 4.387683 -9999.0 -9999.0 -9999.0 1.418843 3.054026 4.246499 4.181171 3.316076 3.126055 2.532988 3.061491 2.815074 -9999.0 -9999.0 -9999.0 -9999.0 -9999.0 -9999.0 -9999.0
-9999.0 -9999.0 -9999.0 -9999.0 -9999.0 -9999.0 -9999.0 -9999.0 -9999.0 -9999.0 -9999.0 6.210350 5.990839 8.175032 6.641553 6.019780 8.269147 11.160216 13.428787 13.654559 12.072452 9.966885 7.381585 6.473089 5.827065 5.503765 7.929411 8.465642 5.283548 3.318925 4.805474 7.576920 6.676724 3.840704 4.110463 6.765173 8.538874 8.940940 7.478714 4.480048 5.697352 4.511532 6.789345 5.844108 3.944286 -9999.0 1.772891 4.146083 5.714342 6.915942 7.266618 7.377689 6.603635 5.959693 5.909587 5.097311 -9999.0 -9999.0 -9999.0 -9999.0 -9999.0 -9999.0 -9999.0
-9999.0 -9999.0 -9999.0 -9999.0 -9999.0 -9999.0 -9999.0 -9999.0 -9999.0 -9999.0 -9999.0 -9999.0 6.687071 7.280692 6.010474 6.149678 8.199979 10.798679 13.740842 14.025895 12.100159 10.547650 10.188719 8.443487 6.207296 7.583663 9.313936 6.628734 5.193909 4.363444 5.338953 7.679111 6.689775 4.710099 4.231758 5.892906 7.663005 9.218937 9.872405 6.396703 7.410897 6.994150 8.657499 7.652574 4.793720 3.769996 3.484507 4.323759 7.002348 9.067562 10.152969 9.090500 9.062241 8.554502 7.739605 6.466284 5.333743 -9999.0 -9999.0 -9999.0 -9999.0 -9999.0 -9999.0
-9999.0 -9999.0 -9999.0 -9999.0 -9999.0 -9999.0 -9999.0 -9999.0 -9999.0 -9999.0 -9999.0 6.520658 5.389110 6.727770 7.836453 7.935506 9.283797 11.018902 13.734639 14.167472 12.755978 11.596305 10.694389 7.572351 7.664309 9.728588 8.718594 5.075454 4.707219 5.907094 7.689558 8.903842 7.938120 4.843967 3.028329 5.464070 5.678103 8.117949 10.778882 8.818222 8.504384 10.326717 10.876327 9.736855 8.299423 5.192993 6.355928 6.330959 7.410672 10.746710 7.318874 6.097628 6.488101 5.779559 4.950567 4.165847 5.359211 -9999.0 -9999.0 -9999.0 -9999.0 -9999.0 -9999.0
-9999.0 -9999.0 -9999.0 -9999.0 -9999.0 -9999.0 -9999.0 -9999.0 -9999.0 -9999.0 8.651039 7.918256 6.394018 6.299426 7.564524 9.819878 9.875453 9.892305 13.413140 14.330041 13.680048 12.833031 9.269676 9.041065 10.127783 10.313599 7.150850 5.270571 6.661187 7.426166 9.630590 9.595327 7.456602 4.830960 2.040922 4.635347 6.663534 7.868910 9.782194 11.552628 11.707982 12.794403 12.719183 12.351248 9.849842 6.214600 6.460511 9.051217 10.374553 11.125617 6.255506 4.623746 4.441839 3.305009 3.765924 6.154148 6.393741 -9999.0 -9999.0 -9999.0 -9999.0 -9999.0 -9999.0
-9999.0 -9999.0 -9999.0 -9999.0 -9999.0 -9999.0 -9999.0 -9999.0 -9999.0 5.974545 7.706475 8.778207 9.412484 7.371303 8.838665 8.996655 8.295546 10.368262 13.899675 14.799876 14.296558 11.773339 11.622038 11.826720 11.394093 8.286082 5.940286 7.490385 9.379820 10.275303 11.191501 7.836608 5.074863 2.908018 2.872612 4.537517 6.948377 7.270984 7.764247 9.527070 10.883136 9.472599 9.289493 12.844064 12.237861 9.683823 9.531372 8.384703 8.587029 12.352301 8.384771 5.159065 2.668450 2.388901 4.230015 6.799888 7.758655 5.912609 4.631448 -9999.0 -9999.0 -9999.0 -9999.0
-9999.0 -9999.0 -9999.0 -9999.0 -9999.0 -9999.0 -9999.0 -9999.0 -9999.0 6.145142 6.163590 7.762888 11.350438 10.029860 8.686845 7.958333 9.305778 11.818738 14.928666 15.507167 15.349391 14.363269 13.776473 11.548607 8.797539 7.068839 8.355951 9.775786 11.861128 11.394133 10.108730 7.436008 5.937618 3.796666 4.827804 4.262077 4.856208 6.280736 5.619461 8.071207 8.199130 6.908336 8.579398 12.072669 13.656977 13.555297 13.455872 11.769120 10.721652 12.710559 7.718942 4.814403 2.950628 3.472157 5.752231 5.984960 8.115598 8.787040 7.026539 -9999.0 -9999.0 -9999.0 -9999.0
-9999.0 -9999.0 -9999.0 -9999.0 -9999.0 -9999.0 -9999.0 -9999.0 -9999.0 -9999.0 5.966249 8.289407 10.255639 12.123374 10.965704 9.574272 10.608211 13.505373 16.076580 16.279156 15.947595 14.077097 11.390701 10.170688 7.626382 9.183208 10.628415 12.041777 9.753449 7.926936 7.535567 8.267672 4.801806 4.331578 6.238783 7.431364 6.889854 7.494764 4.845176 5.351507 5.004175 7.471193 10.493302 9.351629 10.810786 11.063489 12.397274 14.168175 14.616636 11.907433 8.921523 8.052815 4.323124 3.564407 3.751854 5.765634 8.129669 11.726009 11.625049 11.155339 -9999.0 -9999.0 -9999.0
-9999.0 -9999.0 -9999.0 -9999.0 -9999.0 -9999.0 -9999.0 -9999.0 -9999.0 -9999.0 6.174011 7.452541 8.577444 11.014805 13.125920 12.076069 11.886044 14.120570 16.850368 17.031793 14.944461 13.057807 11.388579 9.631729 9.474597 10.475178 11.912580 10.388287 8.051840 5.278486 5.525336 7.333583 5.792792 3.512095 5.050440 7.860744 9.220561 8.582876 6.083094 4.113384 5.298584 7.933251 8.147367 6.905769 8.150066 9.337991 10.265391 11.319371 14.426252 14.687567 12.492788 8.802549 6.844299 5.316811 3.270614 4.032353 5.939194 10.316491 14.672014 14.788870 -9999.0 -9999.0 -9999.0
-9999.0 -9999.0 -9999.0 -9999.0 -9999.0 -9999.0 -9999.0 -9999.0 7.973527 6.707795 6.011689 8.481582 9.925550 9.959023 11.307727 14.184626 14.608545 16.156245 17.686727 17.760265 16.932179 15.872768 15.027269 12.831191 11.686910 10.916738 10.495250 8.135337 7.167730 5.353840 3.587926 5.454172 5.282753 3.574212 5.219862 4.973846 8.038833 9.083540 5.765442 3.560941 5.061264 7.021364 5.726521 4.724489 6.771968 9.604148 7.366537 9.161127 11.861585 15.266258 12.908272 10.892426 8.303826 5.553621 4.913954 6.976620 7.143701 10.140851 13.209419 16.784443 -9999.0 -9999.0 -9999.0
-9999.0 -9999.0 -9999.0 -9999.0 -9999.0 -9999.0 -9999.0 -9999.0 9.548793 9.569350 7.787021 6.850608 8.167686 11.165586 10.576919 12.825816 14.021644 14.470091 17.394880 18.306552 18.566699 18.454537 17.278655 14.962556 14.530910 13.345472 11.067969 8.795387 6.120561 4.867778 4.032836 4.888235 5.685497 4.550989 5.507083 5.717201 8.925793 9.712608 7.037165 4.967778 3.972860 3.618759 4.562442 6.100277 8.277497 7.978168 6.020223 7.152817 10.554584 14.133330 15.030628 11.400626 8.802764 6.955517 8.884494 11.059131 10.787225 12.435344 15.875321 18.482918 18.610868 -9999.0 -9999.0
-9999.0 -9999.0 -9999.0 -9999.0 -9999.0 -9999.0 -9999.0 -9999.0 7.675381 10.188004 9.244280 7.488764 9.394123 9.242643 10.432316 11.086971 13.168970 14.886916 17.580806 18.687621 19.046053 19.198532 18.749947 17.396143 16.735683 14.320296 11.639670 8.549548 5.705151 5.750571 5.690848 7.447482 6.007554 5.996000 6.345510 8.010888 8.013174 10.587710 7.608002 5.876235 4.386375 4.042544 5.206910 6.771837 6.619805 6.426681 4.839888 6.251778 7.869713 12.294963 16.039888 13.869578 10.334305 9.748610 12.763953 13.545315 14.983275 16.166848 18.292802 18.701259 18.738963 -9999.0 -9999.0
-9999.0 -9999.0 -9999.0 -9999.0 -9999.0 -9999.0 -9999.0 -9999.0 6.198024 9.398984 11.860358 8.760737 9.573784 10.638700 12.572515 14.166356 16.988960 17.879571 17.923419 18.035595 18.760791 19.190016 19.284711 18.644122 16.102052 13.327123 10.647893 8.204883 7.801589 9.104710 8.132779 8.542454 9.568870 9.736740 6.888568 5.909068 7.479157 11.048587 8.064275 6.240129 4.186907 4.965140 5.500535 5.491007 4.915738 5.461367 6.700653 7.228173 7.025075 9.858458 13.085126 16.238739 14.678540 12.931187 15.609124 16.289933 17.701636 18.390182 18.604899 18.784583 17.362236 14.483969 -9999.0
-9999.0 -9999.0 -9999.0 -9999.0 -9999.0 -9999.0 -9999.0 -9999.0 5.695012 9.344309 12.296632 11.696982 13.255086 14.055912 14.996471 17.087313 17.576416 15.776748 13.867862 15.424654 17.263483 18.979690 19.167676 19.150158 16.459964 12.796291 9.789068 10.250202 11.355359 11.591682 9.308221 10.396690 12.653785 10.181626 8.128694 8.107926 8.969255 11.722742 11.110207 8.566245 7.290661 7.897484 9.174231 8.768601 6.712664 7.458227 9.069468 10.960247 10.121119 12.900120 14.813249 15.463447 16.534253 16.643690 17.804126 17.888646 18.088888 18.355435 18.518239 17.499679 15.876673 13.562657 -9999.0
-9999.0 -9999.0 7.387882 8.113820 8.739682 8.666146 9.789814 8.529924 7.516293 8.908911 11.651327 14.412602 14.645109 16.015280 17.438899 17.491334 14.095429 11.274555 10.937020 13.382137 15.456113 18.294662 18.871790 19.011997 17.079421 14.480177 12.503539 12.340578 14.035069 12.594348 10.439889 10.843856 13.871156 11.601440 11.538395 10.514247 11.832892 12.518460 11.406682 9.240772 9.908718 11.049214 11.734772 11.427407 9.472612 10.076001 12.670554 12.979662 14.580755 16.415590 17.772468 18.002190 17.808680 17.663594 17.795780 17.881968 18.007998 17.847028 16.475692 15.578668 14.004315 12.417498 -9999.0
-9999.0 9.431207 9.516029 9.286274 8.731804 10.033410 9.869797 8.089798 7.474732 8.097742 10.681344 13.267673 16.288055 17.238410 17.389222 14.187955 11.717729 9.668576 10.049907 13.251075 15.540741 17.482165 18.326740 18.362969 18.192978 16.625112 15.490139 15.444098 16.255985 14.530635 13.626604 12.875321 13.864043 14.525675 14.022968 13.919424 14.280317 14.143153 13.824243 12.886071 13.090195 14.245554 14.425858 12.771252 12.243582 13.375655 15.232428 16.721641 18.129885 18.386205 18.232055 18.057886 17.559436 17.012993 17.110611 16.415488 15.029380 14.807536 14.434800 12.973323 12.079596 11.983173 -9999.0
-9999.0 10.684511 11.278180 11.403992 10.885858 11.302950 9.142415 7.570343 7.323081 7.704491 10.078327 12.913450 16.380536 17.401743 15.294501 11.997497 9.839275 9.417189 11.990935 13.669589 15.418146 16.339807 17.610188 17.715754 17.873193 17.980262 17.967257 17.878489 17.751215 17.331608 16.934744 15.944026 15.907003 15.715926 15.773336 15.943511 16.051676 16.258396 16.165364 16.071395 16.600336 16.891515 16.626800 15.946049 16.649459 17.175615 18.166526 18.579819 18.526543 18.426402 17.146582 15.459109 14.919360 16.088028 15.226435 13.259337 13.428462 12.186004 11.756986 10.675077 10.633946 -9999.0 -9999.0
