user2019/resources/simulation/Vinschgau/output-maps/TaN0320.asc
ncols         63
nrows         48
xllcorner     598000.000000
yllcorner     5145000.000000
cellsize      1000.000000
NODATA_value  -9999.0
[rows 0 to 27 of 48, columns 0 to 62 of 63]
-9999.0 -9999.0 -9999.0 -9999.0 -9999.0 -9999.0 -9999.0 -9999.0 -9999.0 -9999.0 -9999.0 -9999.0 -9999.0 -9999.0 -9999.0 -9999.0 -9999.0 -9999.0 -9999.0 -9999.0 -9999.0 -9999.0 -9999.0 -9999.0 -9999.0 -9999.0 -9999.0 -9999.0 -9999.0 -9999.0 -9999.0 -9999.0 -9999.0 -9999.0 -9999.0 -9999.0 -9999.0 -9999.0 -9999.0 -9999.0 -9999.0 -9999.0 -9999.0 -9999.0 -9999.0 -9999.0 -9999.0 -9999.0 -9999.0 -9999.0 -9999.0 -9999.0 -9999.0 -9999.0 -9999.0 -9999.0 -9999.0 -9999.0 -9999.0 -9999.0 -9999.0 -9999.0 -9999.0
-9999.0 -9999.0 -9999.0 -9999.0 -9999.0 -9999.0 -9999.0 -9999.0 -9999.0 -9999.0 -9999.0 -9999.0 -9999.0 -9999.0 -9999.0 -9999.0 -9999.0 -9999.0 -9999.0 -9999.0 -9999.0 -9999.0 -9999.0 -9999.0 -9999.0 -9999.0 -9999.0 -3.889878 -3.357679 -3.003218 -3.937592 -4.696338 -3.674476 -9999.0 -9999.0 -9999.0 -9999.0 -9999.0 -9999.0 -9999.0 -9999.0 -9999.0 -9999.0 -9999.0 -9999.0 -9999.0 -9999.0 -9999.0 -9999.0 -9999.0 -9999.0 -9999.0 -9999.0 -9999.0 -9999.0 -9999.0 -9999.0 -9999.0 -9999.0 -9999.0 -9999.0 -9999.0 -9999.0
-9999.0 -9999.0 -9999.0 -9999.0 -9999.0 -9999.0 -9999.0 -9999.0 -9999.0 -9999.0 -9999.0 -9999.0 -9999.0 -9999.0 -9999.0 -9999.0 -9999.0 -9999.0 -9999.0 -9999.0 -9999.0 -9999.0 -9999.0 -9999.0 -2.571915 -2.354051 -1.862992 -2.596163 -1.802944 -1.993034 -4.283204 -9999.0 -9999.0 -9999.0 -9999.0 -9999.0 -9999.0 -9999.0 -9999.0 -9999.0 -9999.0 -9999.0 -9999.0 -9999.0 -9999.0 -9999.0 -9999.0 -9999.0 -9999.0 -9999.0 -9999.0 -9999.0 -9999.0 -9999.0 -9999.0 -9999.0 -9999.0 -9999.0 -9999.0 -9999.0 -9999.0 -9999.0 -9999.0
-9999.0 -9999.0 -9999.0 -9999.0 -9999.0 -9999.0 -9999.0 -9999.0 -9999.0 -9999.0 -9999.0 -9999.0 -9999.0 -9999.0 -9999.0 -9999.0 -9999.0 -9999.0 -9999.0 -9999.0 -9999.0 -9999.0 -9999.0 -2.228844 -1.056019 -0.673007 0.134347 -0.136392 -0.158565 -2.027282 -4.287615 -4.800270 -9999.0 -9999.0 -9999.0 -9999.0 -9999.0 -9999.0 -9999.0 -9999.0 -9999.0 -9999.0 -9999.0 -9999.0 -9999.0 -9999.0 -9999.0 -9999.0 -9999.0 -9999.0 -9999.0 -9999.0 -9999.0 -9999.0 -9999.0 -9999.0 -9999.0 -9999.0 -9999.0 -9999.0 -9999.0 -9999.0 -9999.0
-9999.0 -9999.0 -9999.0 -9999.0 -9999.0 -9999.0 -9999.0 -9999.0 -9999.0 -9999.0 -9999.0 -9999.0 -9999.0 -9999.0 -9999.0 -9999.0 -9999.0 -9999.0 2.339646 -1.560517 -9999.0 -1.795116 -1.116420 -0.364244 0.995680 2.264498 2.172647 1.962136 1.887473 -0.656923 -2.427802 -3.999808 -5.094818 -7.360519 -9999.0 -9999.0 -9999.0 -9999.0 -9999.0 -9999.0 -9999.0 -9999.0 -9999.0 -9999.0 -9999.0 -9999.0 -9999.0 -9999.0 -9999.0 -9999.0 -9999.0 -9999.0 -9999.0 -9999.0 -9999.0 -9999.0 -9999.0 -9999.0 -9999.0 -9999.0 -9999.0 -9999.0 -9999.0
-9999.0 -9999.0 -9999.0 -9999.0 -9999.0 -9999.0 -9999.0 -9999.0 -9999.0 -9999.0 -9999.0 -9999.0 -9999.0 -9999.0 -9999.0 -9999.0 -9999.0 5.939760 4.299951 1.500994 -1.129109 -0.383853 0.022119 1.927108 3.126358 1.283913 -0.199475 -0.573063 0.065401 1.364478 -0.321221 -2.246912 -2.517771 -3.883460 -5.642240 -6.628153 -9999.0 -9999.0 -9999.0 -9999.0 -9999.0 -9999.0 -9999.0 -9999.0 -9999.0 -9999.0 -9999.0 -9999.0 -9999.0 -9999.0 -9999.0 -9999.0 -9999.0 -9999.0 -9999.0 -9999.0 -9999.0 -9999.0 -9999.0 -9999.0 -9999.0 -9999.0 -9999.0
-9999.0 -9999.0 -9999.0 -9999.0 -9999.0 -9999.0 -9999.0 -9999.0 -9999.0 -9999.0 -9999.0 -9999.0 -9999.0 -0.398171 1.682662 4.368010 5.553199 6.188806 5.794433 2.056322 1.869029 1.695966 2.852567 3.484740 1.266319 -0.952129 -2.571544 -1.820630 -2.178091 -1.094090 0.068118 -1.023021 -2.811382 -3.584597 -4.253943 -6.880068 -9999.0 -9999.0 -9999.0 -9999.0 -9999.0 -9999.0 -9999.0 -9999.0 -9999.0 -9999.0 -9999.0 -9999.0 -9999.0 -9999.0 -9999.0 -9999.0 -9999.0 -9999.0 -9999.0 -9999.0 -9999.0 -9999.0 -9999.0 -9999.0 -9999.0 -9999.0 -9999.0
-9999.0 -9999.0 -9999.0 -9999.0 -9999.0 -9999.0 -9999.0 -9999.0 -9999.0 -9999.0 -9999.0 -9999.0 -9999.0 0.503647 2.691892 4.398710 4.354624 6.160509 6.243722 5.502347 4.991067 4.684572 3.704011 2.482670 1.284002 -0.517961 -3.206785 -3.127716 -4.325684 -3.040511 -2.103275 -3.669159 -4.710401 -6.132739 -5.798873 -9999.0 -9999.0 -9999.0 -9999.0 -9999.0 -9999.0 -9999.0 -9999.0 -9999.0 -9999.0 -9999.0 -9999.0 -9999.0 -9999.0 -9999.0 -9999.0 -9999.0 -9999.0 -9999.0 -9999.0 -9999.0 -9999.0 -9999.0 -9999.0 -9999.0 -9999.0 -9999.0 -9999.0
-9999.0 -9999.0 -9999.0 -9999.0 -9999.0 -9999.0 -9999.0 -9999.0 -9999.0 -9999.0 -9999.0 -9999.0 -9999.0 1.760734 4.172182 3.187492 3.671840 5.507831 6.483409 5.953740 3.924642 1.236941 1.460325 0.125096 -0.097897 -0.912076 -2.046538 -4.528435 -4.757413 -5.147622 -4.160442 -6.482760 -6.819986 -8.484581 -7.093378 -9999.0 -9999.0 -9999.0 -9999.0 -9999.0 -9999.0 -9999.0 -9999.0 -9999.0 -9999.0 -9999.0 -9999.0 -9999.0 -9999.0 -9999.0 -9999.0 -9999.0 -9999.0 -9999.0 -9999.0 -9999.0 -9999.0 -9999.0 -9999.0 -9999.0 -9999.0 -9999.0 -9999.0
-9999.0 -9999.0 -9999.0 -9999.0 -9999.0 -9999.0 -9999.0 -9999.0 -9999.0 -9999.0 -9999.0 -9999.0 0.949670 3.530347 3.394837 2.165594 2.935815 5.147489 6.705016 6.158124 2.588885 -0.895407 -0.545442 -1.620108 -0.015092 -3.032574 -1.920779 -4.281268 -2.735837 -4.843506 -6.393132 -5.258351 -4.932971 -7.885335 -9999.0 -9999.0 -9999.0 -9999.0 -9999.0 -9999.0 -9999.0 -9999.0 -9999.0 -9999.0 -9999.0 -9999.0 -9999.0 -9999.0 -9999.0 -9999.0 -9999.0 -9999.0 -9999.0 -9999.0 -9999.0 -9999.0 -9999.0 -9999.0 -9999.0 -9999.0 -9999.0 -9999.0 -9999.0
-9999.0 -9999.0 -9999.0 -9999.0 -9999.0 -9999.0 -9999.0 -9999.0 -9999.0 -9999.0 -9999.0 -0.132994 2.025354 3.702561 1.547317 1.293809 1.805543 4.615474 6.860191 6.380733 3.059844 1.051572 -1.035390 -2.558064 -0.605637 -2.302813 -4.356887 -3.320478 -2.417481 -6.244279 -5.404567 -2.764130 -4.364716 -6.284433 -5.613456 -4.160664 -4.590666 -3.673318 -3.357952 -9999.0 -9999.0 -9999.0 -6.363917 -9999.0 -9999.0 -9999.0 -9999.0 -9999.0 -9999.0 -9999.0 -9999.0 -9999.0 -9999.0 -9999.0 -9999.0 -9999.0 -9999.0 -9999.0 -9999.0 -9999.0 -9999.0 -9999.0 -9999.0
-9999.0 -9999.0 -9999.0 -9999.0 -9999.0 -9999.0 -9999.0 -9999.0 -9999.0 -9999.0 -9999.0 -0.560349 1.111863 2.674719 1.466473 -0.064845 2.245054 4.969938 6.885652 6.209416 4.016064 0.883901 -1.089068 -2.467491 -1.300090 -3.054434 -3.591426 -2.310402 -2.453372 -6.039059 -3.545007 -1.645760 -4.905995 -5.526539 -6.252647 -3.629297 -1.990495 -2.086858 -3.501014 -5.848421 -5.938355 -6.358022 -3.893147 -4.884752 -9999.0 -9999.0 -9999.0 -8.171067 -6.612047 -5.489305 -5.614161 -6.524800 -6.742736 -7.342710 -6.797140 -7.000207 -9999.0 -9999.0 -9999.0 -9999.0 -9999.0 -9999.0 -9999.0
-9999.0 -9999.0 -9999.0 -9999.0 -9999.0 -9999.0 -9999.0 -9999.0 -9999.0 -9999.0 -9999.0 -0.799730 -0.540644 2.140493 1.025631 0.591728 2.668330 5.047001 6.644039 6.232705 4.146689 1.683085 -1.140714 -2.202531 -2.947106 -3.337730 -0.964691 -0.476316 -3.705818 -5.717351 -4.274290 -1.538418 -2.461137 -5.301461 -5.013079 -2.313190 -0.466322 0.032644 -1.333513 -4.321087 -3.262584 -4.632283 -2.458629 -3.471784 -5.437843 -9999.0 -7.764925 -5.476994 -3.993236 -2.870792 -2.589474 -2.533780 -3.345467 -4.006147 -4.049773 -4.831127 -9999.0 -9999.0 -9999.0 -9999.0 -9999.0 -9999.0 -9999.0
-9999.0 -9999.0 -9999.0 -9999.0 -9999.0 -9999.0 -9999.0 -9999.0 -9999.0 -9999.0 -9999.0 -9999.0 -0.180498 0.836226 -0.092297 0.177981 2.046799 4.180334 6.533155 6.270556 3.922131 2.080818 1.541826 -0.307442 -2.601675 -1.261722 0.436317 -2.286734 -3.767653 -4.649803 -3.726041 -1.431244 -2.453386 -4.448076 -4.919926 -3.229542 -1.410524 0.202540 0.889970 -2.645174 -1.801302 -2.322508 -0.683955 -1.714672 -4.622994 -5.717468 -6.088080 -5.341488 -2.756949 -0.781582 0.223335 -0.905595 -0.982299 -1.517459 -2.337061 -3.592326 -4.685944 -9999.0 -9999.0 -9999.0 -9999.0 -9999.0 -9999.0
-9999.0 -9999.0 -9999.0 -9999.0 -9999.0 -9999.0 -9999.0 -9999.0 -9999.0 -9999.0 -9999.0 -1.137352 -1.945516 -0.297125 1.038444 1.192122 2.364348 3.726622 5.990055 6.010218 4.288074 2.928445 1.918569 -1.246925 -1.162597 0.903458 -0.115445 -3.788113 -4.206007 -3.068598 -1.351751 -0.197236 -1.209785 -4.333002 -6.157788 -3.712836 -3.478666 -1.024885 1.611890 -0.447044 -0.886564 0.905030 1.474666 0.329149 -1.152349 -4.331750 -3.260467 -3.387353 -2.412779 0.821193 -2.699798 -3.999965 -3.669704 -4.416612 -5.260847 -6.038699 -4.819885 -9999.0 -9999.0 -9999.0 -9999.0 -9999.0 -9999.0
-9999.0 -9999.0 -9999.0 -9999.0 -9999.0 -9999.0 -9999.0 -9999.0 -9999.0 -9999.0 0.349091 -0.163601 -1.462937 -1.359465 0.028700 2.280586 2.182572 1.927965 5.136225 5.775833 4.927282 3.970249 0.375123 0.172258 1.313717 1.549773 -1.595536 -3.502294 -2.174825 -1.493322 0.623491 0.508497 -1.694549 -4.365312 -7.180844 -4.595709 -2.569153 -1.372666 0.505242 2.206424 2.295812 3.367210 3.299029 2.913833 0.360001 -3.356366 -3.211411 -0.733615 0.471869 1.106829 -3.871047 -5.595935 -5.850891 -7.036908 -6.600015 -4.212451 -3.955267 -9999.0 -9999.0 -9999.0 -9999.0 -9999.0 -9999.0
-9999.0 -9999.0 -9999.0 -9999.0 -9999.0 -9999.0 -9999.0 -9999.0 -9999.0 -2.827567 -0.955951 0.264133 1.041097 -0.886409 0.635890 0.764424 -0.055628 1.834357 5.166859 5.899107 5.289208 2.733149 2.622900 2.931933 2.637710 -0.350835 -2.648422 -1.134909 0.658261 1.432484 2.228036 -1.232656 -4.079010 -6.307691 -6.383784 -4.742947 -2.347153 -2.040763 -1.574061 0.152049 1.476373 0.050127 -0.148100 3.369968 2.698347 0.052915 -0.210920 -1.482645 -1.412569 2.220235 -1.872396 -5.208011 -7.786165 -8.125612 -6.314728 -3.747629 -2.770928 -4.588982 -5.845176 -9999.0 -9999.0 -9999.0 -9999.0
-9999.0 -9999.0 -9999.0 -9999.0 -9999.0 -9999.0 -9999.0 -9999.0 -9999.0 -2.962367 -2.856121 -1.165893 2.505316 1.246032 -0.074884 -0.832346 0.436210 2.837812 5.832414 6.320733 6.120584 5.156785 4.672550 2.639537 0.156355 -1.332442 0.039219 1.377509 3.294986 2.643758 1.191989 -1.617654 -3.222048 -5.440641 -4.463152 -5.064160 -4.493637 -3.088053 -3.768899 -1.338276 -1.230395 -2.541394 -0.900385 2.542136 4.050306 3.847966 3.626817 1.801917 0.605662 2.442435 -2.695719 -5.731069 -7.699868 -7.249521 -5.002954 -4.768187 -2.608611 -1.895481 -3.618924 -9999.0 -9999.0 -9999.0 -9999.0
-9999.0 -9999.0 -9999.0 -9999.0 -9999.0 -9999.0 -9999.0 -9999.0 -9999.0 -9999.0 -3.398942 -1.028360 0.982866 2.884900 1.741677 0.338490 1.335020 4.178238 6.694287 6.857452 6.518756 4.694500 2.144160 1.209965 -0.838531 1.223230 2.776360 3.964767 1.369046 -0.733570 -1.345525 -0.781839 -4.372769 -4.933374 -3.089548 -1.940304 -2.511556 -1.928546 -4.596665 -4.108357 -4.475636 -2.034959 0.947375 -0.254251 1.120971 1.264971 2.466555 4.084666 4.364647 1.478809 -1.681276 -2.708328 -6.565974 -7.409438 -7.256180 -5.227352 -2.810159 0.858147 0.824199 0.392551 -9999.0 -9999.0 -9999.0
-9999.0 -9999.0 -9999.0 -9999.0 -9999.0 -9999.0 -9999.0 -9999.0 -9999.0 -9999.0 -3.524945 -2.233086 -1.088473 1.372320 3.505648 2.471127 2.285964 4.515639 7.235858 7.409782 5.324320 3.466235 1.913666 0.467300 1.177195 3.404846 4.789260 2.668502 -0.184882 -3.333134 -3.353047 -1.735496 -3.412892 -5.790946 -4.321278 -1.559037 -0.233179 -0.896102 -3.416862 -5.407162 -4.246176 -1.644276 -1.477229 -2.785626 -1.631917 -0.560792 0.222733 1.106713 4.021027 4.074576 1.669145 -2.217093 -4.335516 -5.966763 -8.046620 -7.247696 -5.247463 -0.747746 3.726042 3.924494 -9999.0 -9999.0 -9999.0
-9999.0 -9999.0 -9999.0 -9999.0 -9999.0 -9999.0 -9999.0 -9999.0 -1.987128 -3.288859 -4.014644 -1.562500 -0.118810 -0.065118 1.322227 4.248498 4.722144 6.311510 7.871661 7.961271 7.130022 6.035485 5.191748 3.348396 3.107699 4.959543 3.903390 0.543809 -1.070758 -3.299412 -5.342998 -3.668888 -3.975744 -5.780487 -4.203310 -4.498281 -1.469014 -0.451884 -3.793817 -6.022558 -4.551200 -2.629568 -3.977545 -5.052531 -3.102531 -0.396341 -2.791444 -1.187206 1.291554 4.449512 1.833244 -0.430193 -3.225468 -6.108751 -6.783224 -4.651891 -4.332304 -1.138205 2.124717 5.848107 -9999.0 -9999.0 -9999.0
-9999.0 -9999.0 -9999.0 -9999.0 -9999.0 -9999.0 -9999.0 -9999.0 -0.660629 -0.715226 -2.567083 -3.556595 -2.263093 0.751663 0.222243 2.561547 3.858175 4.397453 7.390746 8.343114 8.606988 8.422555 6.985624 5.162942 5.535924 5.970792 3.716370 0.823035 -2.347862 -3.942972 -5.014864 -4.326485 -3.648597 -4.869139 -3.975424 -3.811002 -0.636813 0.122370 -2.578093 -4.674033 -5.701373 -6.098398 -5.213081 -3.754250 -1.682029 -2.117713 -4.248426 -3.328992 -0.182121 3.103993 3.684152 -0.260957 -3.130602 -5.156171 -3.269339 -0.986591 -1.026354 0.920098 4.657638 7.505419 7.776900 -9999.0 -9999.0
-9999.0 -9999.0 -9999.0 -9999.0 -9999.0 -9999.0 -9999.0 -9999.0 -2.774321 -0.380660 -1.442022 -3.297786 -1.452226 -1.599100 -0.329341 0.465953 2.711605 4.577116 7.380068 8.552415 8.934077 9.066901 8.586688 7.382852 7.171028 5.440111 3.089964 -0.094972 -3.152776 -3.306555 -3.525051 -1.889387 -3.420220 -3.499825 -3.201268 -1.574295 -1.601713 0.948135 -2.055145 -3.813588 -5.337646 -5.727734 -4.626433 -3.146558 -3.411425 -3.751623 -5.526654 -4.350853 -3.021645 1.062632 4.425397 1.860718 -2.028584 -2.855928 0.099184 1.031464 2.798210 4.405436 6.956566 7.720205 8.001632 -9999.0 -9999.0
-9999.0 -9999.0 -9999.0 -9999.0 -9999.0 -9999.0 -9999.0 -9999.0 -4.477022 -1.443669 0.841455 -2.423204 -1.729025 -0.691549 1.337990 3.135220 6.203553 7.310979 7.505872 7.700748 8.448433 8.832225 8.752994 7.828643 5.603644 3.478255 1.227709 -1.062549 -1.470893 -0.230464 -1.275400 -0.932193 0.038578 0.161569 -2.721990 -3.728976 -2.180471 1.370403 -1.633399 -3.482570 -5.570869 -4.841942 -4.374315 -4.474928 -5.170519 -4.781636 -3.743908 -3.471788 -3.992213 -1.541713 1.244003 3.927471 1.928984 -0.131261 2.458556 3.327506 5.166002 6.410092 7.187305 7.850461 6.791324 4.143385 -9999.0
-9999.0 -9999.0 -9999.0 -9999.0 -9999.0 -9999.0 -9999.0 -9999.0 -5.179506 -1.747653 0.962751 0.116646 1.469491 2.181204 3.220067 5.590385 6.431329 4.931670 3.214477 4.859601 6.705662 8.346429 8.312933 7.993838 5.540767 2.418199 -0.182922 0.509607 1.721375 1.993227 -0.289475 0.784840 3.022749 0.531267 -1.538553 -1.572565 -0.721230 2.022821 1.396576 -1.170632 -2.483082 -1.929726 -0.726121 -1.228743 -3.411291 -2.829486 -1.428373 0.195465 -0.977600 1.394077 2.831061 2.963822 3.540742 3.286493 4.334548 4.628615 5.324766 6.248286 7.088804 6.672832 5.535463 3.579441 -9999.0
-9999.0 -9999.0 -2.781915 -2.143006 -1.620953 -1.818928 -0.845066 -2.285771 -3.517383 -2.385099 0.054724 2.486919 2.415052 3.611115 5.117633 5.527808 2.600180 0.162791 0.045131 2.563063 4.609742 7.370987 7.869712 7.980169 6.164291 3.840544 2.166875 2.247303 4.107702 2.769171 0.673051 1.107781 4.149683 1.886257 1.826704 0.806683 2.130408 2.817971 1.698089 -0.491684 0.134590 1.215228 1.821419 1.411796 -0.673678 -0.236913 2.145774 2.187241 3.454650 4.883270 5.765808 5.480237 4.794591 4.286235 4.305304 4.602887 5.237148 5.764322 5.125112 4.907789 3.914308 2.788693 -9999.0
-9999.0 -0.705796 -0.698765 -1.020774 -1.685304 -0.515816 -0.838994 -2.812717 -3.663583 -3.326453 -1.082836 1.120705 3.767140 4.476379 4.688405 1.893057 -0.033075 -1.652793 -1.055223 2.166637 4.331680 6.070383 6.754868 6.823277 6.879272 5.630779 4.827037 5.065789 6.094276 4.521464 3.719678 3.034862 4.066635 4.757881 4.279181 4.198995 4.582297 4.459127 4.135379 3.168760 3.323078 4.410656 4.505666 2.745408 2.086372 3.054145 4.705058 5.937537 7.029791 6.906896 6.317283 5.679322 4.748137 3.891810 3.903119 3.406362 2.484623 2.903673 3.238379 2.464642 2.185884 2.592229 -9999.0
-9999.0 0.518702 1.032657 1.064249 0.434080 0.717112 -1.604845 -3.372336 -3.856828 -3.762283 -1.728681 0.724534 3.819658 4.600704 2.549037 -0.357883 -1.994356 -2.015448 0.729209 2.345809 3.815589 4.261410 5.010418 5.043535 5.744407 6.490926 6.982062 7.266822 7.410844 7.183767 6.920491 6.021277 6.047847 5.904344 6.002875 6.213399 6.359192 6.589167 6.491669 6.363020 6.834296 7.051614 6.698532 5.912328 6.488073 6.857766 7.656067 7.833383 7.495382 7.061482 5.409051 3.337873 2.454323 3.390366 2.479745 0.689073 1.248252 0.549973 0.741248 0.285642 0.820975 -9999.0 -9999.0
