user2019/resources/simulation/Vinschgau/output-maps/thetaliqL0008N0274.asc
ncols         63
nrows         48
xllcorner     598000.000000
yllcorner     5145000.000000
cellsize      1000.000000
NODATA_value  -9999.0
[rows 0 to 28 of 48, columns 0 to 62 of 63]
-9999.0 -9999.0 -9999.0 -9999.0 -9999.0 -9999.0 -9999.0 -9999.0 -9999.0 -9999.0 -9999.0 -9999.0 -9999.0 -9999.0 -9999.0 -9999.0 -9999.0 -9999.0 -9999.0 -9999.0 -9999.0 -9999.0 -9999.0 -9999.0 -9999.0 -9999.0 -9999.0 -9999.0 -9999.0 -9999.0 -9999.0 -9999.0 -9999.0 -9999.0 -9999.0 -9999.0 -9999.0 -9999.0 -9999.0 -9999.0 -9999.0 -9999.0 -9999.0 -9999.0 -9999.0 -9999.0 -9999.0 -9999.0 -9999.0 -9999.0 -9999.0 -9999.0 -9999.0 -9999.0 -9999.0 -9999.0 -9999.0 -9999.0 -9999.0 -9999.0 -9999.0 -9999.0 -9999.0
-9999.0 -9999.0 -9999.0 -9999.0 -9999.0 -9999.0 -9999.0 -9999.0 -9999.0 -9999.0 -9999.0 -9999.0 -9999.0 -9999.0 -9999.0 -9999.0 -9999.0 -9999.0 -9999.0 -9999.0 -9999.0 -9999.0 -9999.0 -9999.0 -9999.0 -9999.0 -9999.0 0.020021 0.020020 0.020021 0.020019 0.020017 0.020017 -9999.0 -9999.0 -9999.0 -9999.0 -9999.0 -9999.0 -9999.0 -9999.0 -9999.0 -9999.0 -9999.0 -9999.0 -9999.0 -9999.0 -9999.0 -9999.0 -9999.0 -9999.0 -9999.0 -9999.0 -9999.0 -9999.0 -9999.0 -9999.0 -9999.0 -9999.0 -9999.0 -9999.0 -9999.0 -9999.0
-9999.0 -9999.0 -9999.0 -9999.0 -9999.0 -9999.0 -9999.0 -9999.0 -9999.0 -9999.0 -9999.0 -9999.0 -9999.0 -9999.0 -9999.0 -9999.0 -9999.0 -9999.0 -9999.0 -9999.0 -9999.0 -9999.0 -9999.0 -9999.0 0.020027 0.020024 0.020025 0.020022 0.020023 0.020021 0.020019 -9999.0 -9999.0 -9999.0 -9999.0 -9999.0 -9999.0 -9999.0 -9999.0 -9999.0 -9999.0 -9999.0 -9999.0 -9999.0 -9999.0 -9999.0 -9999.0 -9999.0 -9999.0 -9999.0 -9999.0 -9999.0 -9999.0 -9999.0 -9999.0 -9999.0 -9999.0 -9999.0 -9999.0 -9999.0 -9999.0 -9999.0 -9999.0
-9999.0 -9999.0 -9999.0 -9999.0 -9999.0 -9999.0 -9999.0 -9999.0 -9999.0 -9999.0 -9999.0 -9999.0 -9999.0 -9999.0 -9999.0 -9999.0 -9999.0 -9999.0 -9999.0 -9999.0 -9999.0 -9999.0 -9999.0 0.020025 0.020029 0.020100 0.020027 0.020026 0.020025 0.020021 0.020019 0.020021 -9999.0 -9999.0 -9999.0 -9999.0 -9999.0 -9999.0 -9999.0 -9999.0 -9999.0 -9999.0 -9999.0 -9999.0 -9999.0 -9999.0 -9999.0 -9999.0 -9999.0 -9999.0 -9999.0 -9999.0 -9999.0 -9999.0 -9999.0 -9999.0 -9999.0 -9999.0 -9999.0 -9999.0 -9999.0 -9999.0 -9999.0
-9999.0 -9999.0 -9999.0 -9999.0 -9999.0 -9999.0 -9999.0 -9999.0 -9999.0 -9999.0 -9999.0 -9999.0 -9999.0 -9999.0 -9999.0 -9999.0 -9999.0 -9999.0 0.045377 0.020034 -9999.0 0.020028 0.020029 0.020032 0.020027 0.020094 0.020026 0.020026 0.020137 0.020025 0.020022 0.020019 0.020018 0.020016 -9999.0 -9999.0 -9999.0 -9999.0 -9999.0 -9999.0 -9999.0 -9999.0 -9999.0 -9999.0 -9999.0 -9999.0 -9999.0 -9999.0 -9999.0 -9999.0 -9999.0 -9999.0 -9999.0 -9999.0 -9999.0 -9999.0 -9999.0 -9999.0 -9999.0 -9999.0 -9999.0 -9999.0 -9999.0
-9999.0 -9999.0 -9999.0 -9999.0 -9999.0 -9999.0 -9999.0 -9999.0 -9999.0 -9999.0 -9999.0 -9999.0 -9999.0 -9999.0 -9999.0 -9999.0 -9999.0 0.040021 0.020028 0.020028 0.020028 0.020039 0.020032 0.020029 0.020199 0.020023 0.020022 0.020026 0.020022 0.020025 0.020026 0.020021 0.020023 0.020019 0.020017 0.020016 -9999.0 -9999.0 -9999.0 -9999.0 -9999.0 -9999.0 -9999.0 -9999.0 -9999.0 -9999.0 -9999.0 -9999.0 -9999.0 -9999.0 -9999.0 -9999.0 -9999.0 -9999.0 -9999.0 -9999.0 -9999.0 -9999.0 -9999.0 -9999.0 -9999.0 -9999.0 -9999.0
-9999.0 -9999.0 -9999.0 -9999.0 -9999.0 -9999.0 -9999.0 -9999.0 -9999.0 -9999.0 -9999.0 -9999.0 -9999.0 0.020027 0.020038 0.020028 0.020030 0.020033 0.040010 0.020026 0.020028 0.020028 0.020033 0.020077 0.020024 0.020022 0.020020 0.020022 0.020020 0.020025 0.020023 0.020020 0.020018 0.020015 0.020015 0.020014 -9999.0 -9999.0 -9999.0 -9999.0 -9999.0 -9999.0 -9999.0 -9999.0 -9999.0 -9999.0 -9999.0 -9999.0 -9999.0 -9999.0 -9999.0 -9999.0 -9999.0 -9999.0 -9999.0 -9999.0 -9999.0 -9999.0 -9999.0 -9999.0 -9999.0 -9999.0 -9999.0
-9999.0 -9999.0 -9999.0 -9999.0 -9999.0 -9999.0 -9999.0 -9999.0 -9999.0 -9999.0 -9999.0 -9999.0 -9999.0 0.020039 0.020063 0.020031 0.020033 0.020037 0.020031 0.020030 0.020078 0.020024 0.020029 0.020026 0.020028 0.020024 0.020022 0.020018 0.020017 0.020019 0.020022 0.020015 0.020015 0.020014 0.020014 -9999.0 -9999.0 -9999.0 -9999.0 -9999.0 -9999.0 -9999.0 -9999.0 -9999.0 -9999.0 -9999.0 -9999.0 -9999.0 -9999.0 -9999.0 -9999.0 -9999.0 -9999.0 -9999.0 -9999.0 -9999.0 -9999.0 -9999.0 -9999.0 -9999.0 -9999.0 -9999.0 -9999.0
-9999.0 -9999.0 -9999.0 -9999.0 -9999.0 -9999.0 -9999.0 -9999.0 -9999.0 -9999.0 -9999.0 -9999.0 -9999.0 0.020036 0.020027 0.089520 0.020035 0.020029 0.020032 0.106914 0.020035 0.020021 0.020025 0.020027 0.020031 0.020041 0.020022 0.020017 0.020021 0.020016 0.020016 0.020014 0.020014 0.020013 0.020014 -9999.0 -9999.0 -9999.0 -9999.0 -9999.0 -9999.0 -9999.0 -9999.0 -9999.0 -9999.0 -9999.0 -9999.0 -9999.0 -9999.0 -9999.0 -9999.0 -9999.0 -9999.0 -9999.0 -9999.0 -9999.0 -9999.0 -9999.0 -9999.0 -9999.0 -9999.0 -9999.0 -9999.0
-9999.0 -9999.0 -9999.0 -9999.0 -9999.0 -9999.0 -9999.0 -9999.0 -9999.0 -9999.0 -9999.0 -9999.0 0.020039 0.020032 0.039923 0.020023 0.021294 0.020030 0.020728 0.020035 0.020030 0.020023 0.020025 0.020027 0.020039 0.020018 0.020026 0.020022 0.020022 0.020017 0.020015 0.020018 0.020017 0.020014 -9999.0 -9999.0 -9999.0 -9999.0 -9999.0 -9999.0 -9999.0 -9999.0 -9999.0 -9999.0 -9999.0 -9999.0 -9999.0 -9999.0 -9999.0 -9999.0 -9999.0 -9999.0 -9999.0 -9999.0 -9999.0 -9999.0 -9999.0 -9999.0 -9999.0 -9999.0 -9999.0 -9999.0 -9999.0
-9999.0 -9999.0 -9999.0 -9999.0 -9999.0 -9999.0 -9999.0 -9999.0 -9999.0 -9999.0 -9999.0 0.020034 0.020029 0.060541 0.020024 0.020026 0.020021 0.020026 0.289563 0.020033 0.020029 0.020045 0.020025 0.020021 0.020025 0.020022 0.020017 0.020023 0.020022 0.020015 0.020019 0.020020 0.020017 0.020014 0.020014 0.020014 0.020014 0.020014 0.020041 -9999.0 -9999.0 -9999.0 0.020014 -9999.0 -9999.0 -9999.0 -9999.0 -9999.0 -9999.0 -9999.0 -9999.0 -9999.0 -9999.0 -9999.0 -9999.0 -9999.0 -9999.0 -9999.0 -9999.0 -9999.0 -9999.0 -9999.0 -9999.0
-9999.0 -9999.0 -9999.0 -9999.0 -9999.0 -9999.0 -9999.0 -9999.0 -9999.0 -9999.0 -9999.0 0.020026 0.020030 0.020032 0.020034 0.020022 0.020031 0.020027 0.275645 0.250851 0.020030 0.020054 0.020029 0.020026 0.020025 0.020021 0.020023 0.020026 0.020022 0.020017 0.020020 0.020020 0.020017 0.020016 0.020013 0.020014 0.020071 0.020057 0.020045 0.020012 0.020013 0.020012 0.020016 0.020015 -9999.0 -9999.0 -9999.0 0.294876 0.020038 0.020034 0.020084 0.020054 0.020055 0.372762 0.383174 0.020065 -9999.0 -9999.0 -9999.0 -9999.0 -9999.0 -9999.0 -9999.0
-9999.0 -9999.0 -9999.0 -9999.0 -9999.0 -9999.0 -9999.0 -9999.0 -9999.0 -9999.0 -9999.0 0.020030 0.020027 0.020023 0.020045 0.020024 0.020029 0.020026 0.020066 0.255723 0.147092 0.020033 0.020035 0.020030 0.020021 0.020023 0.020033 0.020022 0.020019 0.020019 0.020017 0.020020 0.020020 0.020015 0.020014 0.020017 0.020029 0.020030 0.020066 0.020037 0.020054 0.020014 0.020018 0.020018 0.020018 -9999.0 0.020021 0.020030 0.020044 0.020072 0.020057 0.020068 0.050220 0.086885 0.084601 0.086654 -9999.0 -9999.0 -9999.0 -9999.0 -9999.0 -9999.0 -9999.0
-9999.0 -9999.0 -9999.0 -9999.0 -9999.0 -9999.0 -9999.0 -9999.0 -9999.0 -9999.0 -9999.0 -9999.0 0.020031 0.020047 0.020076 0.020040 0.020029 0.020027 0.020189 0.258993 0.020030 0.020036 0.020033 0.020036 0.020024 0.020035 0.020039 0.020020 0.020021 0.020021 0.020021 0.020021 0.020019 0.020016 0.020014 0.020013 0.020021 0.020027 0.020096 0.020042 0.020057 0.020023 0.020022 0.020022 0.020019 0.020022 0.020024 0.020030 0.020029 0.020039 0.020045 0.020077 0.314099 0.084116 0.020048 0.020051 0.050601 -9999.0 -9999.0 -9999.0 -9999.0 -9999.0 -9999.0
-9999.0 -9999.0 -9999.0 -9999.0 -9999.0 -9999.0 -9999.0 -9999.0 -9999.0 -9999.0 -9999.0 0.020064 0.020026 0.020025 0.020038 0.020036 0.020036 0.020027 0.020036 0.107389 0.020033 0.020032 0.020037 0.020029 0.020036 0.020038 0.020039 0.020019 0.020023 0.020023 0.020029 0.020027 0.020024 0.020016 0.020013 0.020014 0.020013 0.020024 0.040012 0.020149 0.020031 0.020051 0.020029 0.020024 0.020025 0.020022 0.020029 0.020029 0.020033 0.020031 0.020025 0.020026 0.020033 0.020023 0.020027 0.020024 0.020068 -9999.0 -9999.0 -9999.0 -9999.0 -9999.0 -9999.0
-9999.0 -9999.0 -9999.0 -9999.0 -9999.0 -9999.0 -9999.0 -9999.0 -9999.0 -9999.0 0.020612 0.020049 0.020079 0.020030 0.027824 0.020032 0.020027 0.020028 0.020035 0.143868 0.316208 0.275048 0.020034 0.020067 0.020034 0.020047 0.020022 0.020022 0.020032 0.020032 0.020030 0.020023 0.020020 0.020016 0.020013 0.020014 0.020016 0.020024 0.020030 0.020075 0.020102 0.020027 0.020025 0.040008 0.020025 0.020021 0.020029 0.020030 0.020029 0.020030 0.020032 0.020024 0.020024 0.020023 0.020025 0.081021 0.082495 -9999.0 -9999.0 -9999.0 -9999.0 -9999.0 -9999.0
-9999.0 -9999.0 -9999.0 -9999.0 -9999.0 -9999.0 -9999.0 -9999.0 -9999.0 0.020026 0.020273 0.020154 0.020033 0.020047 0.052507 0.020030 0.020028 0.020104 0.020039 0.124456 0.250183 0.020032 0.020033 0.020069 0.020047 0.020023 0.020029 0.020037 0.020031 0.020032 0.020030 0.020020 0.020016 0.020014 0.020016 0.020015 0.020015 0.020016 0.020015 0.020019 0.020037 0.020019 0.020020 0.020078 0.020027 0.020026 0.020026 0.020031 0.020036 0.020033 0.020044 0.020038 0.020022 0.020029 0.020046 0.020083 0.085351 0.030930 0.020251 -9999.0 -9999.0 -9999.0 -9999.0
-9999.0 -9999.0 -9999.0 -9999.0 -9999.0 -9999.0 -9999.0 -9999.0 -9999.0 0.020026 0.020027 0.020027 0.020031 0.020035 0.020056 0.020063 0.081185 0.020035 0.020050 0.243484 0.246039 0.022712 0.020046 0.020049 0.020024 0.020036 0.020034 0.020031 0.020072 0.020031 0.020025 0.020025 0.020019 0.020020 0.020019 0.020019 0.020017 0.020018 0.020015 0.020018 0.020021 0.020018 0.020026 0.020026 0.116648 0.021631 0.020573 0.020042 0.020030 0.020033 0.020034 0.020044 0.020029 0.020033 0.020025 0.064548 0.045546 0.063590 0.027306 -9999.0 -9999.0 -9999.0 -9999.0
-9999.0 -9999.0 -9999.0 -9999.0 -9999.0 -9999.0 -9999.0 -9999.0 -9999.0 -9999.0 0.020027 0.020028 0.020032 0.053484 0.020033 0.020057 0.020059 0.020042 0.020189 0.256360 0.262971 0.020039 0.020054 0.020034 0.020033 0.020032 0.020042 0.020197 0.020027 0.020023 0.020021 0.020034 0.020019 0.020018 0.020022 0.020026 0.020024 0.020021 0.020017 0.020016 0.020015 0.020023 0.020023 0.020023 0.020021 0.020022 0.020028 0.020037 0.021669 0.020036 0.020052 0.020067 0.020046 0.020031 0.020041 0.020030 0.020061 0.020043 0.020044 0.033649 -9999.0 -9999.0 -9999.0
-9999.0 -9999.0 -9999.0 -9999.0 -9999.0 -9999.0 -9999.0 -9999.0 -9999.0 -9999.0 0.020027 0.020028 0.020034 0.020052 0.342445 0.020032 0.020035 0.020041 0.023064 0.291618 0.020701 0.020053 0.020031 0.020032 0.020034 0.020050 0.021656 0.020032 0.020025 0.020018 0.020020 0.020028 0.020022 0.020018 0.020019 0.020020 0.020027 0.020027 0.020021 0.020018 0.020024 0.020024 0.020025 0.020021 0.020072 0.020028 0.020034 0.020024 0.020228 0.020314 0.020039 0.020075 0.020299 0.020051 0.020035 0.020064 0.020029 0.036474 0.020073 0.020306 -9999.0 -9999.0 -9999.0
-9999.0 -9999.0 -9999.0 -9999.0 -9999.0 -9999.0 -9999.0 -9999.0 0.020132 0.020074 0.020028 0.020033 0.020032 0.020032 0.020048 0.168664 0.020165 0.022877 0.349033 0.333489 0.022984 0.022191 0.020097 0.020040 0.020047 0.023421 0.020114 0.020024 0.020028 0.020022 0.020017 0.020020 0.020022 0.020022 0.020025 0.020018 0.020028 0.020029 0.020022 0.020022 0.020021 0.020022 0.020019 0.020018 0.020029 0.020049 0.020023 0.020063 0.020029 0.231465 0.020040 0.020048 0.022465 0.020041 0.020060 0.064982 0.020462 0.086659 0.020060 0.021257 -9999.0 -9999.0 -9999.0
-9999.0 -9999.0 -9999.0 -9999.0 -9999.0 -9999.0 -9999.0 -9999.0 0.020026 0.020082 0.020036 0.020022 0.020026 0.020033 0.020049 0.020035 0.020048 0.020042 0.035086 0.354417 0.381466 0.302967 0.023504 0.022742 0.022207 0.023373 0.020061 0.020032 0.020021 0.020027 0.020027 0.020027 0.020029 0.020025 0.020039 0.020037 0.020036 0.020032 0.020028 0.020030 0.020022 0.020017 0.020020 0.020037 0.020045 0.020041 0.020023 0.020025 0.020031 0.020046 0.020438 0.020044 0.020149 0.082007 0.020060 0.020042 0.020041 0.020051 0.021619 0.429685 0.430000 -9999.0 -9999.0
-9999.0 -9999.0 -9999.0 -9999.0 -9999.0 -9999.0 -9999.0 -9999.0 0.020026 0.020032 0.020092 0.020028 0.020043 0.020023 0.020285 0.020037 0.020063 0.020232 0.022421 0.358067 0.380758 0.304938 0.027485 0.023528 0.055215 0.020052 0.020035 0.020028 0.020024 0.020030 0.020027 0.020042 0.020032 0.020031 0.020060 0.020043 0.020033 0.020033 0.020031 0.020031 0.020030 0.020028 0.020064 0.020031 0.020030 0.020028 0.020037 0.037102 0.020037 0.020031 0.332073 0.020074 0.020045 0.020066 0.020061 0.020083 0.020283 0.021700 0.022188 0.416143 0.429718 -9999.0 -9999.0
-9999.0 -9999.0 -9999.0 -9999.0 -9999.0 -9999.0 -9999.0 -9999.0 0.020020 0.020032 0.329428 0.020036 0.049363 0.077804 0.020039 0.020041 0.020359 0.022084 0.188531 0.268973 0.323556 0.429545 0.429330 0.392871 0.020137 0.020043 0.020057 0.020038 0.020047 0.020036 0.020042 0.020043 0.020032 0.020033 0.020031 0.020038 0.020045 0.020037 0.020044 0.020037 0.020038 0.020061 0.020070 0.020035 0.020126 0.020038 0.020139 0.020056 0.020181 0.020045 0.020046 0.021259 0.020168 0.020235 0.020400 0.021264 0.021425 0.322448 0.430000 0.429710 0.046643 0.094961 -9999.0
-9999.0 -9999.0 -9999.0 -9999.0 -9999.0 -9999.0 -9999.0 -9999.0 0.020030 0.020042 0.085761 0.020048 0.020042 0.020039 0.020759 0.020442 0.189249 0.020037 0.020036 0.020044 0.022398 0.420179 0.421559 0.342811 0.020414 0.020039 0.020036 0.020042 0.020038 0.020038 0.020041 0.020043 0.020047 0.020041 0.020042 0.020050 0.020045 0.020050 0.020043 0.020050 0.020047 0.020046 0.020036 0.020038 0.020038 0.020073 0.020041 0.020035 0.020037 0.020056 0.020240 0.020762 0.021213 0.021310 0.021477 0.324744 0.418740 0.419412 0.382125 0.021749 0.020189 0.099895 -9999.0
-9999.0 -9999.0 0.020034 0.020045 0.020037 0.020047 0.020068 0.020047 0.020042 0.020046 0.020044 0.211043 0.020050 0.020099 0.022119 0.274003 0.020029 0.020029 0.020032 0.020046 0.020051 0.023404 0.418602 0.260573 0.230650 0.020085 0.020053 0.020035 0.020047 0.020162 0.020034 0.020039 0.021620 0.020034 0.020053 0.020046 0.020095 0.020370 0.020055 0.020038 0.020040 0.020048 0.020036 0.020040 0.020035 0.020037 0.020051 0.020041 0.020145 0.021631 0.021646 0.351512 0.423283 0.424180 0.418125 0.359269 0.302008 0.021599 0.020177 0.020058 0.104627 0.106240 -9999.0
-9999.0 0.020067 0.020060 0.020084 0.020065 0.020163 0.020038 0.020034 0.020033 0.020030 0.020040 0.043426 0.332115 0.419781 0.419302 0.020079 0.020034 0.020035 0.036589 0.020042 0.020061 0.021728 0.304149 0.408372 0.022288 0.021668 0.023159 0.023070 0.021726 0.020114 0.020195 0.020094 0.020073 0.022031 0.020942 0.021711 0.021968 0.022062 0.022197 0.021757 0.021371 0.021576 0.020496 0.020043 0.020082 0.020057 0.241214 0.020725 0.022288 0.307243 0.420172 0.425973 0.303485 0.252226 0.237537 0.020150 0.066700 0.091084 0.099053 0.098872 0.106801 0.108296 -9999.0
-9999.0 0.020040 0.020052 0.020043 0.365921 0.020052 0.020051 0.020046 0.020045 0.020039 0.020074 0.020096 0.020075 0.429430 0.020053 0.020038 0.020032 0.020034 0.020045 0.020041 0.095871 0.020082 0.139452 0.273985 0.341095 0.425482 0.063750 0.426227 0.419925 0.023814 0.024125 0.022030 0.021529 0.223343 0.342019 0.327256 0.428353 0.430000 0.088217 0.077217 0.056483 0.389047 0.022440 0.022090 0.023818 0.035695 0.411297 0.430000 0.424703 0.419007 0.021616 0.020044 0.049704 0.020264 0.020055 0.092137 0.020118 0.070407 0.034424 0.087246 0.090396 -9999.0 -9999.0
-9999.0 0.020031 0.020030 0.020040 0.020054 0.414730 0.336388 0.020051 0.020075 0.020110 0.034517 0.020046 0.020524 0.380718 0.036439 0.020035 0.020038 0.020042 0.020033 0.020044 0.020096 0.020040 0.020140 0.349547 0.274410 0.413495 0.426615 0.427154 0.423472 0.420737 0.406661 0.354913 0.364970 0.241470 0.379023 0.403340 0.411749 0.408933 0.428757 0.429657 0.430000 0.430000 0.430000 0.425757 0.387770 0.383882 0.374061 0.335217 0.310081 0.021523 0.020040 0.020083 0.043870 0.093722 0.020365 0.076881 0.085192 0.085855 0.085980 -9999.0 -9999.0 -9999.0 -9999.0
