user2019/resources/simulation/Vinschgau/output-maps/thetaliqL0001N1232.asc
ncols         63
nrows         48
xllcorner     598000.000000
yllcorner     5145000.000000
cellsize      1000.000000
NODATA_value  -9999.0
[rows 0 to 28 of 48, columns 0 to 62 of 63]
-9999.0 -9999.0 -9999.0 -9999.0 -9999.0 -9999.0 -9999.0 -9999.0 -9999.0 -9999.0 -9999.0 -9999.0 -9999.0 -9999.0 -9999.0 -9999.0 -9999.0 -9999.0 -9999.0 -9999.0 -9999.0 -9999.0 -9999.0 -9999.0 -9999.0 -9999.0 -9999.0 -9999.0 -9999.0 -9999.0 -9999.0 -9999.0 -9999.0 -9999.0 -9999.0 -9999.0 -9999.0 -9999.0 -9999.0 -9999.0 -9999.0 -9999.0 -9999.0 -9999.0 -9999.0 -9999.0 -9999.0 -9999.0 -9999.0 -9999.0 -9999.0 -9999.0 -9999.0 -9999.0 -9999.0 -9999.0 -9999.0 -9999.0 -9999.0 -9999.0 -9999.0 -9999.0 -9999.0
-9999.0 -9999.0 -9999.0 -9999.0 -9999.0 -9999.0 -9999.0 -9999.0 -9999.0 -9999.0 -9999.0 -9999.0 -9999.0 -9999.0 -9999.0 -9999.0 -9999.0 -9999.0 -9999.0 -9999.0 -9999.0 -9999.0 -9999.0 -9999.0 -9999.0 -9999.0 -9999.0 0.061120 0.413760 0.119063 0.486588 0.489444 0.520000 -9999.0 -9999.0 -9999.0 -9999.0 -9999.0 -9999.0 -9999.0 -9999.0 -9999.0 -9999.0 -9999.0 -9999.0 -9999.0 -9999.0 -9999.0 -9999.0 -9999.0 -9999.0 -9999.0 -9999.0 -9999.0 -9999.0 -9999.0 -9999.0 -9999.0 -9999.0 -9999.0 -9999.0 -9999.0 -9999.0
-9999.0 -9999.0 -9999.0 -9999.0 -9999.0 -9999.0 -9999.0 -9999.0 -9999.0 -9999.0 -9999.0 -9999.0 -9999.0 -9999.0 -9999.0 -9999.0 -9999.0 -9999.0 -9999.0 -9999.0 -9999.0 -9999.0 -9999.0 -9999.0 0.394274 0.384857 0.380330 0.389495 0.409461 0.426512 0.485485 -9999.0 -9999.0 -9999.0 -9999.0 -9999.0 -9999.0 -9999.0 -9999.0 -9999.0 -9999.0 -9999.0 -9999.0 -9999.0 -9999.0 -9999.0 -9999.0 -9999.0 -9999.0 -9999.0 -9999.0 -9999.0 -9999.0 -9999.0 -9999.0 -9999.0 -9999.0 -9999.0 -9999.0 -9999.0 -9999.0 -9999.0 -9999.0
-9999.0 -9999.0 -9999.0 -9999.0 -9999.0 -9999.0 -9999.0 -9999.0 -9999.0 -9999.0 -9999.0 -9999.0 -9999.0 -9999.0 -9999.0 -9999.0 -9999.0 -9999.0 -9999.0 -9999.0 -9999.0 -9999.0 -9999.0 0.372936 0.348024 0.067146 0.067080 0.066243 0.066031 0.352653 0.484001 0.513771 -9999.0 -9999.0 -9999.0 -9999.0 -9999.0 -9999.0 -9999.0 -9999.0 -9999.0 -9999.0 -9999.0 -9999.0 -9999.0 -9999.0 -9999.0 -9999.0 -9999.0 -9999.0 -9999.0 -9999.0 -9999.0 -9999.0 -9999.0 -9999.0 -9999.0 -9999.0 -9999.0 -9999.0 -9999.0 -9999.0 -9999.0
-9999.0 -9999.0 -9999.0 -9999.0 -9999.0 -9999.0 -9999.0 -9999.0 -9999.0 -9999.0 -9999.0 -9999.0 -9999.0 -9999.0 -9999.0 -9999.0 -9999.0 -9999.0 0.092856 0.320230 -9999.0 0.352680 0.331180 0.066885 0.068676 0.067623 0.200536 0.079899 0.223640 0.131968 0.392907 0.477170 0.105417 0.047643 -9999.0 -9999.0 -9999.0 -9999.0 -9999.0 -9999.0 -9999.0 -9999.0 -9999.0 -9999.0 -9999.0 -9999.0 -9999.0 -9999.0 -9999.0 -9999.0 -9999.0 -9999.0 -9999.0 -9999.0 -9999.0 -9999.0 -9999.0 -9999.0 -9999.0 -9999.0 -9999.0 -9999.0 -9999.0
-9999.0 -9999.0 -9999.0 -9999.0 -9999.0 -9999.0 -9999.0 -9999.0 -9999.0 -9999.0 -9999.0 -9999.0 -9999.0 -9999.0 -9999.0 -9999.0 -9999.0 0.067231 0.068357 0.022211 0.022676 0.256256 0.099590 0.069352 0.074748 0.292137 0.164535 0.267258 0.186033 0.250389 0.337918 0.381429 0.068787 0.075542 0.094017 0.073468 -9999.0 -9999.0 -9999.0 -9999.0 -9999.0 -9999.0 -9999.0 -9999.0 -9999.0 -9999.0 -9999.0 -9999.0 -9999.0 -9999.0 -9999.0 -9999.0 -9999.0 -9999.0 -9999.0 -9999.0 -9999.0 -9999.0 -9999.0 -9999.0 -9999.0 -9999.0 -9999.0
-9999.0 -9999.0 -9999.0 -9999.0 -9999.0 -9999.0 -9999.0 -9999.0 -9999.0 -9999.0 -9999.0 -9999.0 -9999.0 0.091659 0.071441 0.069676 0.067628 0.021929 0.067622 0.068284 0.069041 0.069973 0.068432 0.071115 0.252995 0.332619 0.192780 0.366951 0.242438 0.409423 0.128234 0.411068 0.432173 0.490739 0.196090 0.063593 -9999.0 -9999.0 -9999.0 -9999.0 -9999.0 -9999.0 -9999.0 -9999.0 -9999.0 -9999.0 -9999.0 -9999.0 -9999.0 -9999.0 -9999.0 -9999.0 -9999.0 -9999.0 -9999.0 -9999.0 -9999.0 -9999.0 -9999.0 -9999.0 -9999.0 -9999.0 -9999.0
-9999.0 -9999.0 -9999.0 -9999.0 -9999.0 -9999.0 -9999.0 -9999.0 -9999.0 -9999.0 -9999.0 -9999.0 -9999.0 0.113751 0.067999 0.068082 0.068410 0.065334 0.021929 0.068013 0.068075 0.064953 0.070387 0.081295 0.084796 0.208569 0.401623 0.068136 0.109591 0.233870 0.143441 0.468203 0.128386 0.195540 0.126576 -9999.0 -9999.0 -9999.0 -9999.0 -9999.0 -9999.0 -9999.0 -9999.0 -9999.0 -9999.0 -9999.0 -9999.0 -9999.0 -9999.0 -9999.0 -9999.0 -9999.0 -9999.0 -9999.0 -9999.0 -9999.0 -9999.0 -9999.0 -9999.0 -9999.0 -9999.0 -9999.0 -9999.0
-9999.0 -9999.0 -9999.0 -9999.0 -9999.0 -9999.0 -9999.0 -9999.0 -9999.0 -9999.0 -9999.0 -9999.0 -9999.0 0.067052 0.520000 0.066308 0.068175 0.068354 0.021886 0.067646 0.065811 0.022361 0.243146 0.172756 0.070508 0.080550 0.026259 0.103933 0.501075 0.195862 0.505538 0.197291 0.194733 0.020036 0.068690 -9999.0 -9999.0 -9999.0 -9999.0 -9999.0 -9999.0 -9999.0 -9999.0 -9999.0 -9999.0 -9999.0 -9999.0 -9999.0 -9999.0 -9999.0 -9999.0 -9999.0 -9999.0 -9999.0 -9999.0 -9999.0 -9999.0 -9999.0 -9999.0 -9999.0 -9999.0 -9999.0 -9999.0
-9999.0 -9999.0 -9999.0 -9999.0 -9999.0 -9999.0 -9999.0 -9999.0 -9999.0 -9999.0 -9999.0 -9999.0 0.067980 0.520000 0.067010 0.068987 0.071519 0.069314 0.062621 0.022142 0.068995 0.217276 0.277440 0.302209 0.107526 0.404853 0.040125 0.486198 0.486304 0.151625 0.520000 0.149841 0.520000 0.042486 -9999.0 -9999.0 -9999.0 -9999.0 -9999.0 -9999.0 -9999.0 -9999.0 -9999.0 -9999.0 -9999.0 -9999.0 -9999.0 -9999.0 -9999.0 -9999.0 -9999.0 -9999.0 -9999.0 -9999.0 -9999.0 -9999.0 -9999.0 -9999.0 -9999.0 -9999.0 -9999.0 -9999.0 -9999.0
-9999.0 -9999.0 -9999.0 -9999.0 -9999.0 -9999.0 -9999.0 -9999.0 -9999.0 -9999.0 -9999.0 0.200059 0.066803 0.520000 0.066519 0.071348 0.022018 0.068014 0.066747 0.021954 0.069087 0.072446 0.280290 0.373547 0.357669 0.413418 0.489368 0.448176 0.520000 0.080497 0.096831 0.437811 0.196403 0.069698 0.116371 0.159117 0.472431 0.341359 0.365129 -9999.0 -9999.0 -9999.0 0.067580 -9999.0 -9999.0 -9999.0 -9999.0 -9999.0 -9999.0 -9999.0 -9999.0 -9999.0 -9999.0 -9999.0 -9999.0 -9999.0 -9999.0 -9999.0 -9999.0 -9999.0 -9999.0 -9999.0 -9999.0
-9999.0 -9999.0 -9999.0 -9999.0 -9999.0 -9999.0 -9999.0 -9999.0 -9999.0 -9999.0 -9999.0 0.232799 0.066811 0.064775 0.064900 0.066404 0.063689 0.067226 0.065006 0.066028 0.067460 0.090129 0.396565 0.092936 0.126016 0.425636 0.448087 0.421150 0.095118 0.073568 0.455820 0.454145 0.511234 0.520000 0.507525 0.451125 0.383546 0.214860 0.281889 0.076015 0.078414 0.064853 0.477691 0.100813 -9999.0 -9999.0 -9999.0 0.487722 0.520000 0.196699 0.520000 0.132781 0.147240 0.520000 0.520000 0.117614 -9999.0 -9999.0 -9999.0 -9999.0 -9999.0 -9999.0 -9999.0
-9999.0 -9999.0 -9999.0 -9999.0 -9999.0 -9999.0 -9999.0 -9999.0 -9999.0 -9999.0 -9999.0 0.257537 0.196877 0.291603 0.084807 0.064768 0.073547 0.069827 0.063062 0.065867 0.074774 0.379162 0.167830 0.418133 0.418745 0.055064 0.138030 0.040037 0.106190 0.504591 0.106087 0.121450 0.437779 0.520000 0.159457 0.415611 0.041917 0.203508 0.099752 0.084386 0.363764 0.449344 0.436385 0.459162 0.520000 -9999.0 0.048967 0.520000 0.494890 0.446061 0.408215 0.079578 0.414954 0.490767 0.520000 0.520000 -9999.0 -9999.0 -9999.0 -9999.0 -9999.0 -9999.0 -9999.0
-9999.0 -9999.0 -9999.0 -9999.0 -9999.0 -9999.0 -9999.0 -9999.0 -9999.0 -9999.0 -9999.0 -9999.0 0.246088 0.520000 0.098398 0.086712 0.077024 0.071029 0.065996 0.066296 0.072018 0.243058 0.204367 0.175217 0.065389 0.136872 0.520000 0.352659 0.481033 0.109421 0.454988 0.138159 0.363547 0.507784 0.520000 0.446621 0.149754 0.054259 0.218452 0.136642 0.152967 0.025367 0.180366 0.400195 0.196097 0.520000 0.100605 0.520000 0.067884 0.177692 0.226574 0.040031 0.040025 0.040000 0.059933 0.520000 0.520000 -9999.0 -9999.0 -9999.0 -9999.0 -9999.0 -9999.0
-9999.0 -9999.0 -9999.0 -9999.0 -9999.0 -9999.0 -9999.0 -9999.0 -9999.0 -9999.0 -9999.0 0.197953 0.327085 0.066447 0.520000 0.271497 0.083727 0.072248 0.064213 0.069551 0.071214 0.168885 0.520000 0.142433 0.154346 0.050470 0.158071 0.483134 0.488314 0.074512 0.136610 0.042771 0.395079 0.497431 0.509357 0.471696 0.396405 0.212220 0.286816 0.078403 0.210640 0.284491 0.321075 0.198103 0.327944 0.486301 0.462563 0.112595 0.122246 0.272778 0.020896 0.475643 0.040625 0.020041 0.020036 0.020127 0.193382 -9999.0 -9999.0 -9999.0 -9999.0 -9999.0 -9999.0
-9999.0 -9999.0 -9999.0 -9999.0 -9999.0 -9999.0 -9999.0 -9999.0 -9999.0 -9999.0 0.520000 0.250937 0.332457 0.308066 0.215049 0.520000 0.520000 0.199169 0.070175 0.069874 0.070131 0.235013 0.064896 0.322635 0.396364 0.062538 0.099542 0.020160 0.321931 0.334577 0.087463 0.047673 0.385345 0.497745 0.057223 0.094540 0.366773 0.177351 0.043420 0.428649 0.368263 0.196801 0.193426 0.250041 0.239673 0.069369 0.405991 0.215536 0.075893 0.350257 0.020121 0.124791 0.020033 0.020052 0.197535 0.494868 0.498907 -9999.0 -9999.0 -9999.0 -9999.0 -9999.0 -9999.0
-9999.0 -9999.0 -9999.0 -9999.0 -9999.0 -9999.0 -9999.0 -9999.0 -9999.0 0.412757 0.374202 0.256166 0.414302 0.202332 0.127793 0.196200 0.252023 0.150063 0.069786 0.069341 0.068592 0.073776 0.144244 0.124858 0.414268 0.040376 0.059171 0.384422 0.244479 0.466522 0.492086 0.040222 0.091431 0.105291 0.066821 0.097524 0.389358 0.131481 0.154343 0.274257 0.040123 0.040624 0.071411 0.182813 0.148464 0.245252 0.261839 0.186583 0.196948 0.472197 0.090105 0.144061 0.020050 0.134931 0.196966 0.040025 0.040005 0.113382 0.165723 -9999.0 -9999.0 -9999.0 -9999.0
-9999.0 -9999.0 -9999.0 -9999.0 -9999.0 -9999.0 -9999.0 -9999.0 -9999.0 0.388652 0.412286 0.313084 0.520000 0.455987 0.238282 0.209561 0.300116 0.196349 0.068771 0.065933 0.066838 0.064794 0.126540 0.337291 0.042406 0.130076 0.212941 0.407393 0.428112 0.321184 0.330428 0.040116 0.452210 0.513109 0.492989 0.085622 0.067555 0.025503 0.414052 0.367401 0.136435 0.110132 0.230859 0.343175 0.077887 0.159658 0.156729 0.258357 0.417483 0.325227 0.040045 0.040038 0.196717 0.520000 0.198705 0.040016 0.040000 0.091847 0.088750 -9999.0 -9999.0 -9999.0 -9999.0
-9999.0 -9999.0 -9999.0 -9999.0 -9999.0 -9999.0 -9999.0 -9999.0 -9999.0 -9999.0 0.455313 0.371675 0.368759 0.042245 0.431332 0.241621 0.370851 0.084039 0.067628 0.069540 0.067156 0.070043 0.143276 0.040257 0.159495 0.263303 0.484685 0.333552 0.325168 0.040254 0.040138 0.040059 0.040389 0.500756 0.466430 0.401046 0.354574 0.373138 0.067631 0.453968 0.461281 0.396720 0.520000 0.263718 0.188885 0.303974 0.073773 0.122522 0.072042 0.277399 0.040144 0.049640 0.197273 0.197903 0.520000 0.520000 0.520000 0.070908 0.242240 0.284128 -9999.0 -9999.0 -9999.0
-9999.0 -9999.0 -9999.0 -9999.0 -9999.0 -9999.0 -9999.0 -9999.0 -9999.0 -9999.0 0.490777 0.415872 0.371391 0.456242 0.343188 0.197871 0.201296 0.071413 0.067284 0.067718 0.068646 0.070833 0.141880 0.265801 0.262282 0.433980 0.280661 0.313453 0.040676 0.040936 0.447410 0.462512 0.020433 0.506659 0.441145 0.400056 0.080987 0.093823 0.067199 0.487835 0.448843 0.035761 0.178858 0.337725 0.339836 0.079952 0.427707 0.219644 0.072940 0.123280 0.520000 0.084920 0.040136 0.197555 0.198371 0.197397 0.520000 0.184200 0.520000 0.450146 -9999.0 -9999.0 -9999.0
-9999.0 -9999.0 -9999.0 -9999.0 -9999.0 -9999.0 -9999.0 -9999.0 0.435306 0.470394 0.479958 0.444626 0.040099 0.229041 0.116184 0.214931 0.070198 0.064709 0.067599 0.067240 0.066370 0.066835 0.067268 0.068523 0.231811 0.263218 0.304431 0.048906 0.040155 0.041776 0.196191 0.452510 0.450343 0.492421 0.462059 0.409530 0.200996 0.332728 0.040065 0.080981 0.062834 0.402165 0.021664 0.075140 0.023673 0.520000 0.040078 0.218885 0.300878 0.264282 0.389754 0.042212 0.041400 0.040029 0.197191 0.516275 0.196373 0.370733 0.287792 0.073977 -9999.0 -9999.0 -9999.0
-9999.0 -9999.0 -9999.0 -9999.0 -9999.0 -9999.0 -9999.0 -9999.0 0.020066 0.040155 0.045641 0.488838 0.416704 0.042793 0.046990 0.306893 0.072653 0.071186 0.066620 0.066689 0.064338 0.062147 0.060911 0.060726 0.068537 0.075575 0.316363 0.242968 0.020416 0.490416 0.515744 0.094472 0.431482 0.082166 0.425994 0.384397 0.186391 0.520000 0.223686 0.378509 0.448809 0.520000 0.076001 0.357072 0.520000 0.172102 0.020321 0.392488 0.244169 0.342149 0.379079 0.221892 0.040016 0.520000 0.433499 0.020249 0.168151 0.454189 0.214402 0.075374 0.071170 -9999.0 -9999.0
-9999.0 -9999.0 -9999.0 -9999.0 -9999.0 -9999.0 -9999.0 -9999.0 0.441299 0.520000 0.520000 0.040537 0.495795 0.025328 0.191986 0.051742 0.197872 0.071105 0.067041 0.065054 0.066270 0.062620 0.061696 0.066880 0.065844 0.071733 0.306828 0.040840 0.020194 0.451625 0.085081 0.426310 0.092435 0.122524 0.398433 0.240108 0.431076 0.368394 0.099938 0.201060 0.392548 0.044621 0.397151 0.520000 0.129546 0.405919 0.084244 0.451942 0.079607 0.159146 0.233012 0.444920 0.040026 0.040017 0.218862 0.493262 0.520000 0.277882 0.072921 0.076138 0.073368 -9999.0 -9999.0
-9999.0 -9999.0 -9999.0 -9999.0 -9999.0 -9999.0 -9999.0 -9999.0 0.146446 0.395714 0.198103 0.020186 0.435326 0.126984 0.040261 0.352958 0.069970 0.067973 0.067689 0.066942 0.067356 0.067064 0.064311 0.065369 0.071202 0.165134 0.102099 0.040130 0.364900 0.042905 0.191244 0.253815 0.520000 0.410721 0.245372 0.184798 0.070657 0.071839 0.269634 0.382098 0.320387 0.313624 0.330531 0.024097 0.428423 0.037298 0.298509 0.047854 0.421444 0.170994 0.228421 0.153352 0.388453 0.233752 0.520000 0.457134 0.178999 0.075527 0.071605 0.073752 0.075395 0.079427 -9999.0
-9999.0 -9999.0 -9999.0 -9999.0 -9999.0 -9999.0 -9999.0 -9999.0 0.520000 0.468833 0.044679 0.040268 0.062164 0.047504 0.405756 0.176701 0.194251 0.085440 0.105889 0.070996 0.068409 0.068571 0.068666 0.069766 0.066653 0.156355 0.042100 0.255006 0.373458 0.520000 0.082556 0.431408 0.289426 0.381200 0.307434 0.081618 0.072827 0.069864 0.070712 0.245213 0.247363 0.252276 0.326105 0.448727 0.177447 0.305085 0.239886 0.155938 0.232192 0.467729 0.210096 0.080556 0.132561 0.246282 0.369085 0.320539 0.196568 0.085165 0.076605 0.072435 0.072802 0.081910 -9999.0
-9999.0 -9999.0 0.345137 0.406763 0.040018 0.114821 0.040033 0.048826 0.505538 0.484437 0.142221 0.040150 0.093511 0.520000 0.280624 0.520000 0.147955 0.040808 0.216266 0.303039 0.071467 0.068176 0.071204 0.067964 0.071351 0.073497 0.200457 0.217914 0.073435 0.278639 0.146750 0.083726 0.078368 0.071804 0.071869 0.071583 0.070305 0.068193 0.069350 0.072497 0.071171 0.070693 0.070505 0.128759 0.254991 0.257099 0.307452 0.243220 0.088456 0.075611 0.072947 0.077018 0.164149 0.229024 0.272264 0.184753 0.201079 0.111906 0.081158 0.074106 0.082146 0.088651 -9999.0
-9999.0 0.205445 0.040486 0.159733 0.125090 0.040628 0.040740 0.043752 0.040186 0.501565 0.061591 0.046305 0.520000 0.373577 0.492092 0.050953 0.132347 0.085696 0.137602 0.179081 0.072072 0.069617 0.072114 0.069961 0.065401 0.070782 0.067087 0.067296 0.069745 0.075335 0.072367 0.070809 0.069376 0.066136 0.068407 0.068396 0.067711 0.066037 0.068220 0.069078 0.068911 0.068313 0.068042 0.069114 0.070511 0.069809 0.072645 0.067608 0.069075 0.069241 0.075150 0.106215 0.200139 0.271704 0.277047 0.422389 0.345704 0.318884 0.403584 0.306253 0.251931 0.091007 -9999.0
-9999.0 0.353986 0.433464 0.242315 0.371695 0.275237 0.040066 0.040627 0.505794 0.502246 0.049597 0.040813 0.331680 0.395145 0.097864 0.040024 0.045604 0.071153 0.048819 0.276846 0.342223 0.133133 0.074018 0.129226 0.075034 0.067132 0.067830 0.068436 0.069417 0.066323 0.066204 0.066543 0.068031 0.067890 0.064228 0.067147 0.063593 0.063212 0.066111 0.066383 0.066074 0.066308 0.066058 0.065346 0.065112 0.064967 0.067623 0.068434 0.069567 0.071619 0.077466 0.093547 0.276895 0.445580 0.520000 0.111063 0.170795 0.110298 0.124574 0.093840 0.127714 -9999.0 -9999.0
-9999.0 0.189737 0.116057 0.046192 0.370096 0.341942 0.372766 0.040218 0.079156 0.062498 0.137958 0.137182 0.344377 0.490918 0.040275 0.040018 0.041341 0.040090 0.040246 0.040058 0.093938 0.118977 0.113998 0.098905 0.083022 0.073444 0.071468 0.070538 0.067975 0.068551 0.066912 0.066543 0.067586 0.067279 0.066891 0.066406 0.066343 0.063057 0.066265 0.065835 0.065547 0.062513 0.065429 0.064915 0.065247 0.066647 0.067498 0.069188 0.072162 0.070966 0.155756 0.284037 0.132941 0.520000 0.082088 0.040592 0.040514 0.040205 0.040290 -9999.0 -9999.0 -9999.0 -9999.0
