user2019/resources/simulation/Vinschgau/output-maps/thetaliqL0008N0807.asc
ncols         63
nrows         48
xllcorner     598000.000000
yllcorner     5145000.000000
cellsize      1000.000000
NODATA_value  -9999.0
[rows 0 to 28 of 48, columns 0 to 62 of 63]
-9999.0 -9999.0 -9999.0 -9999.0 -9999.0 -9999.0 -9999.0 -9999.0 -9999.0 -9999.0 -9999.0 -9999.0 -9999.0 -9999.0 -9999.0 -9999.0 -9999.0 -9999.0 -9999.0 -9999.0 -9999.0 -9999.0 -9999.0 -9999.0 -9999.0 -9999.0 -9999.0 -9999.0 -9999.0 -9999.0 -9999.0 -9999.0 -9999.0 -9999.0 -9999.0 -9999.0 -9999.0 -9999.0 -9999.0 -9999.0 -9999.0 -9999.0 -9999.0 -9999.0 -9999.0 -9999.0 -9999.0 -9999.0 -9999.0 -9999.0 -9999.0 -9999.0 -9999.0 -9999.0 -9999.0 -9999.0 -9999.0 -9999.0 -9999.0 -9999.0 -9999.0 -9999.0 -9999.0
-9999.0 -9999.0 -9999.0 -9999.0 -9999.0 -9999.0 -9999.0 -9999.0 -9999.0 -9999.0 -9999.0 -9999.0 -9999.0 -9999.0 -9999.0 -9999.0 -9999.0 -9999.0 -9999.0 -9999.0 -9999.0 -9999.0 -9999.0 -9999.0 -9999.0 -9999.0 -9999.0 0.020033 0.027015 0.020034 0.020038 0.020032 0.020028 -9999.0 -9999.0 -9999.0 -9999.0 -9999.0 -9999.0 -9999.0 -9999.0 -9999.0 -9999.0 -9999.0 -9999.0 -9999.0 -9999.0 -9999.0 -9999.0 -9999.0 -9999.0 -9999.0 -9999.0 -9999.0 -9999.0 -9999.0 -9999.0 -9999.0 -9999.0 -9999.0 -9999.0 -9999.0 -9999.0
-9999.0 -9999.0 -9999.0 -9999.0 -9999.0 -9999.0 -9999.0 -9999.0 -9999.0 -9999.0 -9999.0 -9999.0 -9999.0 -9999.0 -9999.0 -9999.0 -9999.0 -9999.0 -9999.0 -9999.0 -9999.0 -9999.0 -9999.0 -9999.0 0.093356 0.092249 0.095571 0.095850 0.057830 0.020073 0.020046 -9999.0 -9999.0 -9999.0 -9999.0 -9999.0 -9999.0 -9999.0 -9999.0 -9999.0 -9999.0 -9999.0 -9999.0 -9999.0 -9999.0 -9999.0 -9999.0 -9999.0 -9999.0 -9999.0 -9999.0 -9999.0 -9999.0 -9999.0 -9999.0 -9999.0 -9999.0 -9999.0 -9999.0 -9999.0 -9999.0 -9999.0 -9999.0
-9999.0 -9999.0 -9999.0 -9999.0 -9999.0 -9999.0 -9999.0 -9999.0 -9999.0 -9999.0 -9999.0 -9999.0 -9999.0 -9999.0 -9999.0 -9999.0 -9999.0 -9999.0 -9999.0 -9999.0 -9999.0 -9999.0 -9999.0 0.091874 0.100204 0.098726 0.085485 0.078530 0.079321 0.075129 0.020063 0.020036 -9999.0 -9999.0 -9999.0 -9999.0 -9999.0 -9999.0 -9999.0 -9999.0 -9999.0 -9999.0 -9999.0 -9999.0 -9999.0 -9999.0 -9999.0 -9999.0 -9999.0 -9999.0 -9999.0 -9999.0 -9999.0 -9999.0 -9999.0 -9999.0 -9999.0 -9999.0 -9999.0 -9999.0 -9999.0 -9999.0 -9999.0
-9999.0 -9999.0 -9999.0 -9999.0 -9999.0 -9999.0 -9999.0 -9999.0 -9999.0 -9999.0 -9999.0 -9999.0 -9999.0 -9999.0 -9999.0 -9999.0 -9999.0 -9999.0 0.164214 0.091409 -9999.0 0.094564 0.099768 0.078979 0.085814 0.078010 0.123786 0.137600 0.138648 0.086024 0.063172 0.020065 0.020026 0.020019 -9999.0 -9999.0 -9999.0 -9999.0 -9999.0 -9999.0 -9999.0 -9999.0 -9999.0 -9999.0 -9999.0 -9999.0 -9999.0 -9999.0 -9999.0 -9999.0 -9999.0 -9999.0 -9999.0 -9999.0 -9999.0 -9999.0 -9999.0 -9999.0 -9999.0 -9999.0 -9999.0 -9999.0 -9999.0
-9999.0 -9999.0 -9999.0 -9999.0 -9999.0 -9999.0 -9999.0 -9999.0 -9999.0 -9999.0 -9999.0 -9999.0 -9999.0 -9999.0 -9999.0 -9999.0 -9999.0 0.288823 0.020228 0.078376 0.040806 0.122885 0.086153 0.079463 0.126477 0.020444 0.020540 0.086301 0.020597 0.135597 0.108234 0.020056 0.020037 0.020032 0.020023 0.020019 -9999.0 -9999.0 -9999.0 -9999.0 -9999.0 -9999.0 -9999.0 -9999.0 -9999.0 -9999.0 -9999.0 -9999.0 -9999.0 -9999.0 -9999.0 -9999.0 -9999.0 -9999.0 -9999.0 -9999.0 -9999.0 -9999.0 -9999.0 -9999.0 -9999.0 -9999.0 -9999.0
-9999.0 -9999.0 -9999.0 -9999.0 -9999.0 -9999.0 -9999.0 -9999.0 -9999.0 -9999.0 -9999.0 -9999.0 -9999.0 0.086563 0.086267 0.045181 0.038152 0.086228 0.291895 0.078943 0.086103 0.085737 0.078532 0.087456 0.020605 0.093558 0.022579 0.020250 0.081388 0.086237 0.199998 0.069611 0.020036 0.020029 0.020025 0.020018 -9999.0 -9999.0 -9999.0 -9999.0 -9999.0 -9999.0 -9999.0 -9999.0 -9999.0 -9999.0 -9999.0 -9999.0 -9999.0 -9999.0 -9999.0 -9999.0 -9999.0 -9999.0 -9999.0 -9999.0 -9999.0 -9999.0 -9999.0 -9999.0 -9999.0 -9999.0 -9999.0
-9999.0 -9999.0 -9999.0 -9999.0 -9999.0 -9999.0 -9999.0 -9999.0 -9999.0 -9999.0 -9999.0 -9999.0 -9999.0 0.102337 0.086280 0.043434 0.039768 0.167283 0.086212 0.085364 0.020151 0.086252 0.020503 0.020657 0.086218 0.080595 0.027686 0.020034 0.020028 0.039874 0.032784 0.020044 0.020025 0.020016 0.020020 -9999.0 -9999.0 -9999.0 -9999.0 -9999.0 -9999.0 -9999.0 -9999.0 -9999.0 -9999.0 -9999.0 -9999.0 -9999.0 -9999.0 -9999.0 -9999.0 -9999.0 -9999.0 -9999.0 -9999.0 -9999.0 -9999.0 -9999.0 -9999.0 -9999.0 -9999.0 -9999.0 -9999.0
-9999.0 -9999.0 -9999.0 -9999.0 -9999.0 -9999.0 -9999.0 -9999.0 -9999.0 -9999.0 -9999.0 -9999.0 -9999.0 0.086190 0.155670 0.102182 0.042808 0.041572 0.086204 0.221172 0.107974 0.079840 0.020566 0.020567 0.086245 0.086329 0.020056 0.020026 0.020038 0.020018 0.020034 0.020015 0.020014 0.020015 0.020017 -9999.0 -9999.0 -9999.0 -9999.0 -9999.0 -9999.0 -9999.0 -9999.0 -9999.0 -9999.0 -9999.0 -9999.0 -9999.0 -9999.0 -9999.0 -9999.0 -9999.0 -9999.0 -9999.0 -9999.0 -9999.0 -9999.0 -9999.0 -9999.0 -9999.0 -9999.0 -9999.0 -9999.0
-9999.0 -9999.0 -9999.0 -9999.0 -9999.0 -9999.0 -9999.0 -9999.0 -9999.0 -9999.0 -9999.0 -9999.0 0.079984 0.200000 0.086281 0.086290 0.052540 0.045014 0.156893 0.078009 0.086086 0.086223 0.079612 0.086298 0.200000 0.020283 0.061839 0.020046 0.020039 0.020024 0.020016 0.020024 0.020023 0.020017 -9999.0 -9999.0 -9999.0 -9999.0 -9999.0 -9999.0 -9999.0 -9999.0 -9999.0 -9999.0 -9999.0 -9999.0 -9999.0 -9999.0 -9999.0 -9999.0 -9999.0 -9999.0 -9999.0 -9999.0 -9999.0 -9999.0 -9999.0 -9999.0 -9999.0 -9999.0 -9999.0 -9999.0 -9999.0
-9999.0 -9999.0 -9999.0 -9999.0 -9999.0 -9999.0 -9999.0 -9999.0 -9999.0 -9999.0 -9999.0 0.097671 0.086409 0.172027 0.086277 0.099340 0.080476 0.045824 0.430000 0.078276 0.020118 0.149854 0.086791 0.037921 0.028320 0.020165 0.020029 0.020101 0.121669 0.020019 0.020023 0.020040 0.020025 0.020021 0.020023 0.020026 0.020039 0.020069 0.020077 -9999.0 -9999.0 -9999.0 0.020020 -9999.0 -9999.0 -9999.0 -9999.0 -9999.0 -9999.0 -9999.0 -9999.0 -9999.0 -9999.0 -9999.0 -9999.0 -9999.0 -9999.0 -9999.0 -9999.0 -9999.0 -9999.0 -9999.0 -9999.0
-9999.0 -9999.0 -9999.0 -9999.0 -9999.0 -9999.0 -9999.0 -9999.0 -9999.0 -9999.0 -9999.0 0.094080 0.086364 0.080624 0.086299 0.086223 0.086252 0.020188 0.430000 0.430000 0.113304 0.087070 0.102781 0.071455 0.020172 0.020111 0.020123 0.020058 0.020034 0.020021 0.020049 0.020231 0.020038 0.020026 0.020024 0.020045 0.050866 0.053776 0.020151 0.020022 0.020022 0.020020 0.020042 0.020026 -9999.0 -9999.0 -9999.0 0.289536 0.020023 0.020023 0.020027 0.020020 0.020019 0.313379 0.296867 0.020018 -9999.0 -9999.0 -9999.0 -9999.0 -9999.0 -9999.0 -9999.0
-9999.0 -9999.0 -9999.0 -9999.0 -9999.0 -9999.0 -9999.0 -9999.0 -9999.0 -9999.0 -9999.0 0.101110 0.092322 0.083258 0.156344 0.086676 0.086614 0.020572 0.110731 0.430000 0.430000 0.081378 0.086481 0.101339 0.020090 0.020036 0.086536 0.055883 0.020031 0.020026 0.020028 0.020039 0.020159 0.020030 0.020025 0.020043 0.020676 0.020125 0.073858 0.020031 0.020260 0.020035 0.020052 0.020156 0.020030 -9999.0 0.020017 0.020028 0.020046 0.020082 0.020116 0.020042 0.020054 0.020052 0.020033 0.020030 -9999.0 -9999.0 -9999.0 -9999.0 -9999.0 -9999.0 -9999.0
-9999.0 -9999.0 -9999.0 -9999.0 -9999.0 -9999.0 -9999.0 -9999.0 -9999.0 -9999.0 -9999.0 -9999.0 0.098167 0.139982 0.096469 0.098856 0.020715 0.020413 0.185675 0.430000 0.020537 0.080959 0.050962 0.086646 0.060885 0.086497 0.200000 0.020083 0.020041 0.020026 0.020084 0.020113 0.021109 0.020039 0.020031 0.020063 0.062467 0.080981 0.086247 0.033466 0.068531 0.020126 0.020056 0.096645 0.020028 0.020028 0.020022 0.020030 0.020045 0.051162 0.155599 0.022542 0.429881 0.115471 0.020035 0.020038 0.020041 -9999.0 -9999.0 -9999.0 -9999.0 -9999.0 -9999.0
-9999.0 -9999.0 -9999.0 -9999.0 -9999.0 -9999.0 -9999.0 -9999.0 -9999.0 -9999.0 -9999.0 0.137606 0.091381 0.085966 0.086699 0.086624 0.086744 0.020820 0.120445 0.430000 0.020536 0.020513 0.086888 0.052544 0.086477 0.076094 0.145247 0.020042 0.020045 0.020038 0.086252 0.056507 0.036407 0.020041 0.020024 0.020043 0.020066 0.059030 0.262872 0.086220 0.056612 0.083725 0.086231 0.040145 0.086827 0.020057 0.020035 0.020038 0.020054 0.080268 0.020037 0.020043 0.020028 0.020022 0.020018 0.020019 0.020024 -9999.0 -9999.0 -9999.0 -9999.0 -9999.0 -9999.0
-9999.0 -9999.0 -9999.0 -9999.0 -9999.0 -9999.0 -9999.0 -9999.0 -9999.0 -9999.0 0.200000 0.086710 0.101830 0.095538 0.103038 0.156535 0.152796 0.020649 0.044909 0.430000 0.430000 0.430000 0.020118 0.101215 0.086508 0.199995 0.021105 0.020030 0.033729 0.084063 0.083028 0.094063 0.055555 0.020038 0.020018 0.020028 0.037753 0.030140 0.020118 0.084933 0.079216 0.080273 0.086035 0.430000 0.086360 0.020043 0.024048 0.020119 0.081669 0.086589 0.020030 0.020022 0.020017 0.020016 0.020015 0.020036 0.020030 -9999.0 -9999.0 -9999.0 -9999.0 -9999.0 -9999.0
-9999.0 -9999.0 -9999.0 -9999.0 -9999.0 -9999.0 -9999.0 -9999.0 -9999.0 0.020131 0.152883 0.143668 0.086678 0.086482 0.143312 0.086847 0.086604 0.107968 0.020289 0.429860 0.430000 0.020297 0.020118 0.086272 0.140242 0.020092 0.055907 0.086877 0.081014 0.086522 0.086660 0.020080 0.020030 0.020018 0.020021 0.020028 0.020049 0.020052 0.068046 0.086283 0.020468 0.020916 0.020125 0.020500 0.020118 0.080425 0.087231 0.068610 0.070214 0.156383 0.020052 0.020024 0.020015 0.020016 0.020020 0.020024 0.020037 0.020027 0.020022 -9999.0 -9999.0 -9999.0 -9999.0
-9999.0 -9999.0 -9999.0 -9999.0 -9999.0 -9999.0 -9999.0 -9999.0 -9999.0 0.020030 0.020032 0.062883 0.200000 0.086410 0.086381 0.086427 0.108115 0.086439 0.020260 0.430000 0.430000 0.086757 0.148992 0.103588 0.020125 0.086323 0.086426 0.086455 0.086418 0.156717 0.086259 0.020066 0.020051 0.020031 0.020041 0.020029 0.020033 0.020050 0.020111 0.058568 0.133393 0.035390 0.086168 0.086305 0.430000 0.112188 0.086233 0.079622 0.080033 0.086502 0.020048 0.020025 0.020017 0.020019 0.020022 0.020058 0.020032 0.020086 0.020037 -9999.0 -9999.0 -9999.0 -9999.0
-9999.0 -9999.0 -9999.0 -9999.0 -9999.0 -9999.0 -9999.0 -9999.0 -9999.0 -9999.0 0.020060 0.037370 0.087031 0.430000 0.080475 0.086371 0.086480 0.086377 0.020262 0.430000 0.430000 0.020118 0.020806 0.020118 0.086344 0.086402 0.086393 0.086499 0.086262 0.020103 0.020069 0.199768 0.020035 0.020034 0.020047 0.036141 0.090318 0.097187 0.020033 0.020049 0.020047 0.098784 0.200000 0.083195 0.020119 0.020989 0.020118 0.156361 0.078787 0.080431 0.020072 0.020044 0.020020 0.020018 0.020019 0.020027 0.020087 0.199955 0.044326 0.086452 -9999.0 -9999.0 -9999.0
-9999.0 -9999.0 -9999.0 -9999.0 -9999.0 -9999.0 -9999.0 -9999.0 -9999.0 -9999.0 0.020039 0.023646 0.095644 0.086830 0.430000 0.020354 0.020423 0.046730 0.045242 0.344721 0.041096 0.020271 0.020415 0.086166 0.086335 0.086367 0.160632 0.020859 0.020109 0.020040 0.020056 0.050815 0.020031 0.020029 0.020080 0.081224 0.199975 0.086650 0.020071 0.020040 0.020073 0.020068 0.034388 0.058803 0.153047 0.020121 0.087009 0.020118 0.020118 0.079609 0.079087 0.020068 0.020035 0.020021 0.020016 0.020018 0.020028 0.067121 0.021160 0.186139 -9999.0 -9999.0 -9999.0
-9999.0 -9999.0 -9999.0 -9999.0 -9999.0 -9999.0 -9999.0 -9999.0 0.099120 0.020154 0.020035 0.061339 0.043077 0.043031 0.020337 0.430000 0.020236 0.086885 0.430000 0.297108 0.038660 0.020193 0.020221 0.020274 0.086183 0.056358 0.177804 0.021074 0.040324 0.020036 0.020017 0.020045 0.020065 0.020033 0.020038 0.020125 0.086793 0.086782 0.020054 0.020028 0.020037 0.060787 0.020037 0.020030 0.020108 0.192136 0.020058 0.087021 0.020118 0.430000 0.086162 0.020118 0.020060 0.020022 0.020019 0.020035 0.020029 0.110717 0.080626 0.020748 -9999.0 -9999.0 -9999.0
-9999.0 -9999.0 -9999.0 -9999.0 -9999.0 -9999.0 -9999.0 -9999.0 0.020044 0.029253 0.020047 0.020038 0.022301 0.136114 0.020875 0.020828 0.020468 0.020352 0.020121 0.292705 0.430000 0.430000 0.128332 0.086673 0.020221 0.051171 0.060929 0.087302 0.020036 0.020044 0.020032 0.020032 0.020036 0.020033 0.050866 0.101494 0.088028 0.087062 0.073201 0.050877 0.020062 0.020021 0.020033 0.056365 0.199968 0.086922 0.020034 0.038535 0.083291 0.020981 0.086147 0.087098 0.020040 0.020032 0.020856 0.020052 0.065805 0.081004 0.079516 0.430000 0.346840 -9999.0 -9999.0
-9999.0 -9999.0 -9999.0 -9999.0 -9999.0 -9999.0 -9999.0 -9999.0 0.020067 0.144529 0.036184 0.020037 0.046300 0.020042 0.086612 0.020118 0.020302 0.086028 0.020157 0.430000 0.291224 0.430000 0.110976 0.094128 0.130202 0.020487 0.020935 0.020822 0.020032 0.020099 0.020037 0.091836 0.037715 0.020104 0.103558 0.088935 0.069396 0.020134 0.020128 0.044154 0.027177 0.020038 0.087251 0.160606 0.075713 0.078378 0.020029 0.061928 0.073811 0.020118 0.430000 0.086190 0.020056 0.020041 0.064209 0.087581 0.087359 0.087015 0.086057 0.430000 0.430000 -9999.0 -9999.0
-9999.0 -9999.0 -9999.0 -9999.0 -9999.0 -9999.0 -9999.0 -9999.0 0.020023 0.046143 0.429936 0.020032 0.023531 0.146419 0.020119 0.020619 0.020119 0.020192 0.430000 0.241007 0.320228 0.371662 0.430000 0.420961 0.044377 0.020568 0.020913 0.020069 0.100058 0.028189 0.063320 0.042588 0.067330 0.087043 0.068474 0.086382 0.086493 0.020630 0.020118 0.083236 0.078778 0.086357 0.077838 0.020109 0.078571 0.020040 0.035765 0.020056 0.031480 0.064549 0.021040 0.020628 0.086186 0.157931 0.087652 0.088230 0.086153 0.430000 0.430000 0.430000 0.153950 0.057773 -9999.0
-9999.0 -9999.0 -9999.0 -9999.0 -9999.0 -9999.0 -9999.0 -9999.0 0.020029 0.075185 0.199909 0.020086 0.020066 0.020193 0.114560 0.155712 0.430000 0.020542 0.020675 0.020373 0.042404 0.416739 0.360482 0.323968 0.086576 0.020347 0.020456 0.086436 0.086380 0.086827 0.020118 0.086870 0.080521 0.087154 0.081733 0.081591 0.081313 0.020516 0.020118 0.087384 0.081857 0.080746 0.081254 0.080241 0.067155 0.086761 0.081295 0.056343 0.080858 0.080198 0.079277 0.020359 0.020539 0.086349 0.105621 0.430000 0.430000 0.430000 0.430000 0.086101 0.020632 0.058367 -9999.0
-9999.0 -9999.0 0.020190 0.095777 0.037189 0.086420 0.020271 0.020061 0.021802 0.044503 0.085259 0.429989 0.020114 0.087869 0.116090 0.430000 0.020118 0.021209 0.086629 0.020797 0.020316 0.046504 0.430000 0.182166 0.350461 0.020261 0.020323 0.020402 0.020543 0.111829 0.020554 0.020786 0.190181 0.020620 0.086707 0.020519 0.086584 0.020342 0.020118 0.020118 0.080835 0.080449 0.020118 0.086117 0.020118 0.080717 0.086577 0.053713 0.079143 0.086275 0.086207 0.430000 0.430000 0.430000 0.430000 0.430000 0.430000 0.182055 0.086202 0.020799 0.189581 0.065844 -9999.0
-9999.0 0.086410 0.086557 0.086582 0.086306 0.032037 0.020283 0.020102 0.020039 0.020036 0.052037 0.020768 0.430000 0.430000 0.430000 0.020118 0.087295 0.079705 0.140266 0.020588 0.020296 0.020517 0.430000 0.430000 0.103802 0.092454 0.104755 0.113475 0.086237 0.146422 0.085990 0.086239 0.086956 0.188566 0.086456 0.139675 0.086415 0.020198 0.175959 0.155391 0.086404 0.086645 0.086070 0.020377 0.020290 0.020249 0.430000 0.020334 0.086270 0.430000 0.430000 0.430000 0.430000 0.430000 0.430000 0.180231 0.066225 0.065886 0.179637 0.181673 0.078385 0.071719 -9999.0
-9999.0 0.106667 0.086794 0.086753 0.430000 0.078054 0.020057 0.020179 0.020256 0.020033 0.050282 0.020358 0.020819 0.430000 0.020118 0.020057 0.020049 0.066226 0.086934 0.020493 0.180070 0.056882 0.430000 0.430000 0.430000 0.430000 0.029234 0.342768 0.430000 0.020228 0.020145 0.020161 0.176674 0.430000 0.430000 0.430000 0.430000 0.430000 0.182956 0.134309 0.166027 0.430000 0.086758 0.040437 0.029943 0.020147 0.430000 0.430000 0.430000 0.430000 0.174039 0.057995 0.063978 0.064091 0.021232 0.066450 0.020933 0.067361 0.021164 0.069457 0.071896 -9999.0 -9999.0
-9999.0 0.061434 0.087064 0.020646 0.020679 0.430000 0.430000 0.020094 0.079034 0.068830 0.086722 0.020623 0.086972 0.430000 0.020095 0.020044 0.020115 0.020208 0.020083 0.020597 0.020714 0.020734 0.044969 0.430000 0.430000 0.430000 0.430000 0.430000 0.334632 0.430000 0.281605 0.265238 0.430000 0.430000 0.430000 0.430000 0.430000 0.430000 0.430000 0.430000 0.430000 0.430000 0.430000 0.275577 0.266094 0.430000 0.430000 0.430000 0.430000 0.055382 0.020941 0.168220 0.065255 0.173501 0.068418 0.069984 0.074798 0.076491 0.072963 -9999.0 -9999.0 -9999.0 -9999.0
