user2019/resources/simulation/Vinschgau/output-maps/thetaliqL0007N1381.asc
ncols         63
nrows         48
xllcorner     598000.000000
yllcorner     5145000.000000
cellsize      1000.000000
NODATA_value  -9999.0
[rows 0 to 28 of 48, columns 0 to 62 of 63]
-9999.0 -9999.0 -9999.0 -9999.0 -9999.0 -9999.0 -9999.0 -9999.0 -9999.0 -9999.0 -9999.0 -9999.0 -9999.0 -9999.0 -9999.0 -9999.0 -9999.0 -9999.0 -9999.0 -9999.0 -9999.0 -9999.0 -9999.0 -9999.0 -9999.0 -9999.0 -9999.0 -9999.0 -9999.0 -9999.0 -9999.0 -9999.0 -9999.0 -9999.0 -9999.0 -9999.0 -9999.0 -9999.0 -9999.0 -9999.0 -9999.0 -9999.0 -9999.0 -9999.0 -9999.0 -9999.0 -9999.0 -9999.0 -9999.0 -9999.0 -9999.0 -9999.0 -9999.0 -9999.0 -9999.0 -9999.0 -9999.0 -9999.0 -9999.0 -9999.0 -9999.0 -9999.0 -9999.0
-9999.0 -9999.0 -9999.0 -9999.0 -9999.0 -9999.0 -9999.0 -9999.0 -9999.0 -9999.0 -9999.0 -9999.0 -9999.0 -9999.0 -9999.0 -9999.0 -9999.0 -9999.0 -9999.0 -9999.0 -9999.0 -9999.0 -9999.0 -9999.0 -9999.0 -9999.0 -9999.0 0.051196 0.131896 0.051290 0.136672 0.080068 0.020094 -9999.0 -9999.0 -9999.0 -9999.0 -9999.0 -9999.0 -9999.0 -9999.0 -9999.0 -9999.0 -9999.0 -9999.0 -9999.0 -9999.0 -9999.0 -9999.0 -9999.0 -9999.0 -9999.0 -9999.0 -9999.0 -9999.0 -9999.0 -9999.0 -9999.0 -9999.0 -9999.0 -9999.0 -9999.0 -9999.0
-9999.0 -9999.0 -9999.0 -9999.0 -9999.0 -9999.0 -9999.0 -9999.0 -9999.0 -9999.0 -9999.0 -9999.0 -9999.0 -9999.0 -9999.0 -9999.0 -9999.0 -9999.0 -9999.0 -9999.0 -9999.0 -9999.0 -9999.0 -9999.0 0.173942 0.171606 0.173083 0.174855 0.177741 0.159158 0.123324 -9999.0 -9999.0 -9999.0 -9999.0 -9999.0 -9999.0 -9999.0 -9999.0 -9999.0 -9999.0 -9999.0 -9999.0 -9999.0 -9999.0 -9999.0 -9999.0 -9999.0 -9999.0 -9999.0 -9999.0 -9999.0 -9999.0 -9999.0 -9999.0 -9999.0 -9999.0 -9999.0 -9999.0 -9999.0 -9999.0 -9999.0 -9999.0
-9999.0 -9999.0 -9999.0 -9999.0 -9999.0 -9999.0 -9999.0 -9999.0 -9999.0 -9999.0 -9999.0 -9999.0 -9999.0 -9999.0 -9999.0 -9999.0 -9999.0 -9999.0 -9999.0 -9999.0 -9999.0 -9999.0 -9999.0 0.170152 0.171022 0.164061 0.021704 0.020487 0.020514 0.122586 0.126812 0.119519 -9999.0 -9999.0 -9999.0 -9999.0 -9999.0 -9999.0 -9999.0 -9999.0 -9999.0 -9999.0 -9999.0 -9999.0 -9999.0 -9999.0 -9999.0 -9999.0 -9999.0 -9999.0 -9999.0 -9999.0 -9999.0 -9999.0 -9999.0 -9999.0 -9999.0 -9999.0 -9999.0 -9999.0 -9999.0 -9999.0 -9999.0
-9999.0 -9999.0 -9999.0 -9999.0 -9999.0 -9999.0 -9999.0 -9999.0 -9999.0 -9999.0 -9999.0 -9999.0 -9999.0 -9999.0 -9999.0 -9999.0 -9999.0 -9999.0 0.286947 0.164848 -9999.0 0.170674 0.170122 0.020567 0.023116 0.020550 0.270912 0.250510 0.257250 0.039052 0.136878 0.136065 0.021497 0.020357 -9999.0 -9999.0 -9999.0 -9999.0 -9999.0 -9999.0 -9999.0 -9999.0 -9999.0 -9999.0 -9999.0 -9999.0 -9999.0 -9999.0 -9999.0 -9999.0 -9999.0 -9999.0 -9999.0 -9999.0 -9999.0 -9999.0 -9999.0 -9999.0 -9999.0 -9999.0 -9999.0 -9999.0 -9999.0
-9999.0 -9999.0 -9999.0 -9999.0 -9999.0 -9999.0 -9999.0 -9999.0 -9999.0 -9999.0 -9999.0 -9999.0 -9999.0 -9999.0 -9999.0 -9999.0 -9999.0 0.148415 0.020670 0.020541 0.051142 0.292031 0.040245 0.020685 0.243372 0.045705 0.023160 0.062481 0.023702 0.274808 0.172692 0.152170 0.051357 0.051382 0.020379 0.020303 -9999.0 -9999.0 -9999.0 -9999.0 -9999.0 -9999.0 -9999.0 -9999.0 -9999.0 -9999.0 -9999.0 -9999.0 -9999.0 -9999.0 -9999.0 -9999.0 -9999.0 -9999.0 -9999.0 -9999.0 -9999.0 -9999.0 -9999.0 -9999.0 -9999.0 -9999.0 -9999.0
-9999.0 -9999.0 -9999.0 -9999.0 -9999.0 -9999.0 -9999.0 -9999.0 -9999.0 -9999.0 -9999.0 -9999.0 -9999.0 0.136624 0.044924 0.144948 0.101176 0.050002 0.150857 0.020595 0.023034 0.024306 0.020605 0.131090 0.055191 0.167893 0.020156 0.020221 0.020181 0.065911 0.020168 0.176305 0.144876 0.133261 0.051840 0.020280 -9999.0 -9999.0 -9999.0 -9999.0 -9999.0 -9999.0 -9999.0 -9999.0 -9999.0 -9999.0 -9999.0 -9999.0 -9999.0 -9999.0 -9999.0 -9999.0 -9999.0 -9999.0 -9999.0 -9999.0 -9999.0 -9999.0 -9999.0 -9999.0 -9999.0 -9999.0 -9999.0
-9999.0 -9999.0 -9999.0 -9999.0 -9999.0 -9999.0 -9999.0 -9999.0 -9999.0 -9999.0 -9999.0 -9999.0 -9999.0 0.159652 0.021891 0.118127 0.108147 0.244537 0.050021 0.021505 0.020126 0.050663 0.022409 0.031733 0.051337 0.020765 0.115850 0.051781 0.050912 0.020265 0.023486 0.120060 0.031199 0.020261 0.020299 -9999.0 -9999.0 -9999.0 -9999.0 -9999.0 -9999.0 -9999.0 -9999.0 -9999.0 -9999.0 -9999.0 -9999.0 -9999.0 -9999.0 -9999.0 -9999.0 -9999.0 -9999.0 -9999.0 -9999.0 -9999.0 -9999.0 -9999.0 -9999.0 -9999.0 -9999.0 -9999.0 -9999.0
-9999.0 -9999.0 -9999.0 -9999.0 -9999.0 -9999.0 -9999.0 -9999.0 -9999.0 -9999.0 -9999.0 -9999.0 -9999.0 0.021444 0.200000 0.153156 0.116010 0.113692 0.050031 0.142703 0.146898 0.020667 0.042926 0.035520 0.051658 0.058987 0.051230 0.038785 0.129917 0.020352 0.122183 0.020238 0.020240 0.020019 0.020255 -9999.0 -9999.0 -9999.0 -9999.0 -9999.0 -9999.0 -9999.0 -9999.0 -9999.0 -9999.0 -9999.0 -9999.0 -9999.0 -9999.0 -9999.0 -9999.0 -9999.0 -9999.0 -9999.0 -9999.0 -9999.0 -9999.0 -9999.0 -9999.0 -9999.0 -9999.0 -9999.0 -9999.0
-9999.0 -9999.0 -9999.0 -9999.0 -9999.0 -9999.0 -9999.0 -9999.0 -9999.0 -9999.0 -9999.0 -9999.0 0.020589 0.200000 0.021606 0.036650 0.169122 0.132198 0.216655 0.020506 0.023081 0.050715 0.020775 0.027393 0.040106 0.118529 0.020069 0.126408 0.154221 0.025155 0.020170 0.020598 0.074948 0.020273 -9999.0 -9999.0 -9999.0 -9999.0 -9999.0 -9999.0 -9999.0 -9999.0 -9999.0 -9999.0 -9999.0 -9999.0 -9999.0 -9999.0 -9999.0 -9999.0 -9999.0 -9999.0 -9999.0 -9999.0 -9999.0 -9999.0 -9999.0 -9999.0 -9999.0 -9999.0 -9999.0 -9999.0 -9999.0
-9999.0 -9999.0 -9999.0 -9999.0 -9999.0 -9999.0 -9999.0 -9999.0 -9999.0 -9999.0 -9999.0 0.163399 0.038461 0.425518 0.021661 0.155609 0.020516 0.119796 0.276661 0.020467 0.020118 0.209271 0.146166 0.128696 0.020770 0.141654 0.110670 0.142640 0.030892 0.020275 0.020557 0.151525 0.051535 0.020369 0.020434 0.051378 0.053873 0.051920 0.051135 -9999.0 -9999.0 -9999.0 0.020337 -9999.0 -9999.0 -9999.0 -9999.0 -9999.0 -9999.0 -9999.0 -9999.0 -9999.0 -9999.0 -9999.0 -9999.0 -9999.0 -9999.0 -9999.0 -9999.0 -9999.0 -9999.0 -9999.0 -9999.0
-9999.0 -9999.0 -9999.0 -9999.0 -9999.0 -9999.0 -9999.0 -9999.0 -9999.0 -9999.0 -9999.0 0.163246 0.023425 0.020467 0.021029 0.119465 0.020753 0.020396 0.265715 0.239273 0.151062 0.154685 0.174628 0.020126 0.020190 0.133842 0.135569 0.151709 0.051292 0.020351 0.143972 0.167513 0.119549 0.059825 0.075839 0.087808 0.069072 0.053262 0.052384 0.020386 0.020511 0.020359 0.126276 0.027300 -9999.0 -9999.0 -9999.0 0.040063 0.020114 0.020296 0.020156 0.020116 0.020141 0.040044 0.040046 0.020113 -9999.0 -9999.0 -9999.0 -9999.0 -9999.0 -9999.0 -9999.0
-9999.0 -9999.0 -9999.0 -9999.0 -9999.0 -9999.0 -9999.0 -9999.0 -9999.0 -9999.0 -9999.0 0.167498 0.160476 0.020819 0.290960 0.146029 0.087424 0.021076 0.138661 0.236808 0.247847 0.021144 0.020298 0.177841 0.130020 0.051262 0.020241 0.020057 0.051770 0.103631 0.049735 0.020143 0.142372 0.059757 0.027176 0.073979 0.020372 0.020325 0.052451 0.048863 0.052102 0.051470 0.100096 0.127297 0.022763 -9999.0 0.020255 0.020322 0.143063 0.152239 0.112241 0.051237 0.109539 0.151816 0.116163 0.042127 -9999.0 -9999.0 -9999.0 -9999.0 -9999.0 -9999.0 -9999.0
-9999.0 -9999.0 -9999.0 -9999.0 -9999.0 -9999.0 -9999.0 -9999.0 -9999.0 -9999.0 -9999.0 -9999.0 0.166195 0.087894 0.159377 0.158890 0.039319 0.021620 0.253126 0.239548 0.024923 0.020952 0.020434 0.020619 0.020098 0.020212 0.200000 0.093913 0.135205 0.031293 0.139619 0.020238 0.087795 0.127116 0.101655 0.071993 0.020247 0.020257 0.077171 0.051123 0.063213 0.051153 0.020611 0.174111 0.044700 0.020317 0.020288 0.037515 0.020098 0.020491 0.134642 0.020233 0.040022 0.040092 0.020091 0.162540 0.030548 -9999.0 -9999.0 -9999.0 -9999.0 -9999.0 -9999.0
-9999.0 -9999.0 -9999.0 -9999.0 -9999.0 -9999.0 -9999.0 -9999.0 -9999.0 -9999.0 -9999.0 0.040759 0.166478 0.100248 0.027233 0.094734 0.100099 0.025230 0.145977 0.205216 0.023245 0.052207 0.041849 0.020226 0.020245 0.020266 0.040739 0.123823 0.118707 0.051333 0.020217 0.020199 0.158382 0.132279 0.062024 0.096950 0.052385 0.020551 0.184518 0.052559 0.020383 0.034371 0.025216 0.020304 0.148166 0.124092 0.150999 0.051286 0.051205 0.020309 0.020062 0.123535 0.020059 0.020035 0.020030 0.020074 0.020488 -9999.0 -9999.0 -9999.0 -9999.0 -9999.0 -9999.0
-9999.0 -9999.0 -9999.0 -9999.0 -9999.0 -9999.0 -9999.0 -9999.0 -9999.0 -9999.0 0.430000 0.023188 0.170397 0.168040 0.163881 0.036483 0.030546 0.057958 0.153418 0.211555 0.258047 0.305649 0.020419 0.168895 0.048819 0.040069 0.020147 0.020044 0.100127 0.146452 0.022976 0.020329 0.144284 0.128552 0.020273 0.049982 0.071347 0.020365 0.021478 0.106794 0.021063 0.020943 0.050726 0.326489 0.028046 0.051209 0.143585 0.020874 0.021165 0.103895 0.020042 0.020261 0.020027 0.020056 0.020065 0.143761 0.143441 -9999.0 -9999.0 -9999.0 -9999.0 -9999.0 -9999.0
-9999.0 -9999.0 -9999.0 -9999.0 -9999.0 -9999.0 -9999.0 -9999.0 -9999.0 0.132835 0.374523 0.054313 0.024875 0.020539 0.049945 0.024370 0.027465 0.160583 0.021520 0.199075 0.251949 0.032454 0.020715 0.071345 0.401221 0.020120 0.020087 0.148262 0.020811 0.029085 0.145013 0.020103 0.051774 0.020302 0.020552 0.049554 0.139147 0.020206 0.020291 0.023609 0.020382 0.020753 0.020533 0.033363 0.020705 0.020394 0.158449 0.020408 0.020423 0.419992 0.020149 0.020348 0.020053 0.020056 0.020079 0.020055 0.020086 0.037200 0.020159 -9999.0 -9999.0 -9999.0 -9999.0
-9999.0 -9999.0 -9999.0 -9999.0 -9999.0 -9999.0 -9999.0 -9999.0 -9999.0 0.111841 0.134148 0.136990 0.200000 0.096602 0.026538 0.020498 0.167936 0.104364 0.021078 0.236042 0.242196 0.109722 0.268408 0.169234 0.020177 0.020177 0.020639 0.086039 0.138769 0.346491 0.080093 0.020081 0.141153 0.091553 0.145121 0.048001 0.051263 0.051199 0.096685 0.144319 0.040375 0.020150 0.021146 0.120049 0.257364 0.252933 0.082820 0.020975 0.021036 0.116232 0.020055 0.020033 0.020054 0.020062 0.020339 0.040015 0.020097 0.020146 0.051226 -9999.0 -9999.0 -9999.0 -9999.0
-9999.0 -9999.0 -9999.0 -9999.0 -9999.0 -9999.0 -9999.0 -9999.0 -9999.0 -9999.0 0.131940 0.146290 0.024840 0.040659 0.021148 0.027508 0.100669 0.086266 0.020758 0.194042 0.245787 0.020118 0.073583 0.021156 0.020235 0.028209 0.141788 0.152922 0.080899 0.020108 0.020086 0.040027 0.020054 0.126903 0.152578 0.163357 0.165109 0.171796 0.051235 0.129203 0.108919 0.174309 0.200000 0.021103 0.021404 0.069353 0.020702 0.267341 0.020723 0.021115 0.020090 0.020088 0.020072 0.020052 0.020058 0.020227 0.190171 0.020117 0.021655 0.061787 -9999.0 -9999.0 -9999.0
-9999.0 -9999.0 -9999.0 -9999.0 -9999.0 -9999.0 -9999.0 -9999.0 -9999.0 -9999.0 0.136565 0.140630 0.172248 0.029059 0.356393 0.045799 0.050743 0.174854 0.132903 0.162808 0.136727 0.023726 0.059269 0.023734 0.028557 0.151660 0.327903 0.077508 0.020141 0.020060 0.130119 0.181288 0.020054 0.115693 0.128265 0.174884 0.020122 0.023493 0.020139 0.122074 0.141195 0.051387 0.020599 0.130416 0.358228 0.020189 0.113380 0.021501 0.020209 0.021730 0.022872 0.020138 0.020046 0.020104 0.020043 0.020054 0.020142 0.020370 0.162329 0.386787 -9999.0 -9999.0 -9999.0
-9999.0 -9999.0 -9999.0 -9999.0 -9999.0 -9999.0 -9999.0 -9999.0 0.179395 0.139277 0.081781 0.180119 0.020277 0.021162 0.023811 0.289468 0.020677 0.110506 0.201258 0.155577 0.105628 0.020689 0.020977 0.022308 0.075516 0.331283 0.355622 0.020260 0.020183 0.020062 0.020286 0.135671 0.138140 0.125558 0.143468 0.110819 0.146085 0.024231 0.020064 0.049929 0.051608 0.175729 0.020063 0.051693 0.051074 0.200000 0.020069 0.020809 0.021940 0.307722 0.063007 0.020124 0.020068 0.020030 0.020061 0.106595 0.047088 0.172668 0.021247 0.031463 -9999.0 -9999.0 -9999.0
-9999.0 -9999.0 -9999.0 -9999.0 -9999.0 -9999.0 -9999.0 -9999.0 0.020055 0.020230 0.020079 0.124957 0.131402 0.020084 0.020215 0.068680 0.027269 0.022833 0.020118 0.154653 0.262121 0.224149 0.180702 0.112463 0.021152 0.196800 0.371568 0.023363 0.020056 0.136601 0.070496 0.051247 0.149026 0.051214 0.179611 0.174491 0.167994 0.131635 0.021053 0.143842 0.129618 0.055371 0.051693 0.144588 0.200000 0.020389 0.020052 0.136107 0.023030 0.066737 0.071514 0.025125 0.020044 0.020213 0.106522 0.020108 0.020317 0.021308 0.020840 0.242770 0.162911 -9999.0 -9999.0
-9999.0 -9999.0 -9999.0 -9999.0 -9999.0 -9999.0 -9999.0 -9999.0 0.129613 0.199997 0.071067 0.020055 0.185882 0.020069 0.020391 0.020269 0.041726 0.028100 0.020520 0.260584 0.154085 0.219668 0.177681 0.150446 0.195129 0.022658 0.078689 0.020148 0.020046 0.143614 0.051208 0.178475 0.020130 0.020169 0.176155 0.172284 0.020680 0.037921 0.021579 0.020757 0.140434 0.051207 0.176424 0.199982 0.020201 0.175960 0.046707 0.180728 0.020112 0.027416 0.297215 0.080114 0.020064 0.020046 0.021782 0.025963 0.182809 0.141627 0.020836 0.225779 0.208638 -9999.0 -9999.0
-9999.0 -9999.0 -9999.0 -9999.0 -9999.0 -9999.0 -9999.0 -9999.0 0.020294 0.144772 0.041588 0.020047 0.181263 0.040137 0.020124 0.075037 0.020118 0.020627 0.243962 0.143586 0.158225 0.161832 0.222387 0.214374 0.155606 0.041856 0.068752 0.020084 0.172806 0.020919 0.020435 0.020858 0.020748 0.026285 0.020247 0.122610 0.135444 0.021860 0.022187 0.020563 0.135561 0.147105 0.149605 0.051091 0.176048 0.051155 0.102958 0.051216 0.115548 0.020304 0.081956 0.059255 0.078372 0.051949 0.185335 0.176019 0.027907 0.237739 0.210153 0.212674 0.166560 0.218191 -9999.0
-9999.0 -9999.0 -9999.0 -9999.0 -9999.0 -9999.0 -9999.0 -9999.0 0.020097 0.182257 0.040039 0.020110 0.020595 0.021160 0.179138 0.270562 0.295082 0.025189 0.046716 0.022538 0.129589 0.171793 0.162831 0.160242 0.111671 0.047508 0.020173 0.028643 0.107468 0.030929 0.020951 0.129422 0.044058 0.139746 0.021102 0.020888 0.020772 0.020710 0.020118 0.138442 0.021086 0.020978 0.021081 0.021129 0.020361 0.144524 0.020788 0.020994 0.020805 0.022135 0.020963 0.039464 0.059347 0.099434 0.167786 0.348228 0.280394 0.242587 0.227745 0.020803 0.022403 0.230314 -9999.0
-9999.0 -9999.0 0.090864 0.176775 0.020047 0.020156 0.020075 0.020091 0.115629 0.187244 0.020256 0.040964 0.021703 0.148051 0.167903 0.430000 0.023359 0.020148 0.020675 0.066825 0.022607 0.137337 0.206001 0.136333 0.171829 0.024776 0.048693 0.052017 0.029332 0.167102 0.069050 0.058425 0.248226 0.022804 0.078388 0.021249 0.029462 0.020358 0.020118 0.020118 0.020660 0.020658 0.020118 0.023101 0.021050 0.021063 0.136105 0.297088 0.020765 0.056369 0.034839 0.242807 0.280254 0.300436 0.326826 0.316429 0.284339 0.219768 0.022031 0.025544 0.255255 0.249330 -9999.0
-9999.0 0.020559 0.020449 0.020307 0.020172 0.020235 0.020093 0.020071 0.020048 0.134117 0.020120 0.020236 0.417261 0.376235 0.430000 0.020872 0.020235 0.020126 0.040155 0.066834 0.023145 0.021418 0.262522 0.212842 0.175474 0.157941 0.191623 0.199427 0.035369 0.177976 0.023887 0.035587 0.082016 0.206463 0.022115 0.152993 0.021004 0.020222 0.154672 0.148259 0.021578 0.022409 0.020469 0.020932 0.021590 0.021286 0.215809 0.020631 0.021990 0.197092 0.223157 0.252792 0.284256 0.326910 0.330940 0.414950 0.396567 0.373618 0.411210 0.352864 0.331286 0.254487 -9999.0
-9999.0 0.172587 0.025065 0.024602 0.370395 0.023648 0.020064 0.020057 0.056652 0.081700 0.020085 0.020145 0.082501 0.410298 0.022437 0.020065 0.020077 0.020102 0.020488 0.034835 0.359927 0.254050 0.240591 0.260575 0.287415 0.265152 0.092540 0.176046 0.187889 0.020460 0.020387 0.020419 0.169576 0.210382 0.225784 0.163762 0.249202 0.243640 0.149988 0.146449 0.150643 0.192205 0.021281 0.096141 0.083472 0.020303 0.204580 0.181277 0.189130 0.204007 0.183532 0.247489 0.344337 0.417774 0.181365 0.386520 0.020474 0.316248 0.091395 0.203525 0.369997 -9999.0 -9999.0
-9999.0 0.099501 0.023315 0.021665 0.121938 0.371534 0.377922 0.020102 0.020122 0.020131 0.020270 0.082279 0.157750 0.429948 0.020114 0.020050 0.020060 0.020151 0.020106 0.020507 0.021771 0.087412 0.221464 0.300303 0.294623 0.222230 0.210143 0.203054 0.161115 0.183742 0.152862 0.151182 0.177309 0.172888 0.166313 0.160832 0.159137 0.242596 0.157814 0.157610 0.158260 0.248885 0.161910 0.150941 0.150648 0.172014 0.177319 0.191138 0.214220 0.172951 0.058729 0.335533 0.355861 0.256192 0.079237 0.040095 0.040090 0.040059 0.040068 -9999.0 -9999.0 -9999.0 -9999.0
