user2019/resources/simulation/Vinschgau/output-maps/thetaliqL0007N1060.asc
ncols         63
nrows         48
xllcorner     598000.000000
yllcorner     5145000.000000
cellsize      1000.000000
NODATA_value  -9999.0
[rows 0 to 28 of 48, columns 0 to 62 of 63]
-9999.0 -9999.0 -9999.0 -9999.0 -9999.0 -9999.0 -9999.0 -9999.0 -9999.0 -9999.0 -9999.0 -9999.0 -9999.0 -9999.0 -9999.0 -9999.0 -9999.0 -9999.0 -9999.0 -9999.0 -9999.0 -9999.0 -9999.0 -9999.0 -9999.0 -9999.0 -9999.0 -9999.0 -9999.0 -9999.0 -9999.0 -9999.0 -9999.0 -9999.0 -9999.0 -9999.0 -9999.0 -9999.0 -9999.0 -9999.0 -9999.0 -9999.0 -9999.0 -9999.0 -9999.0 -9999.0 -9999.0 -9999.0 -9999.0 -9999.0 -9999.0 -9999.0 -9999.0 -9999.0 -9999.0 -9999.0 -9999.0 -9999.0 -9999.0 -9999.0 -9999.0 -9999.0 -9999.0
-9999.0 -9999.0 -9999.0 -9999.0 -9999.0 -9999.0 -9999.0 -9999.0 -9999.0 -9999.0 -9999.0 -9999.0 -9999.0 -9999.0 -9999.0 -9999.0 -9999.0 -9999.0 -9999.0 -9999.0 -9999.0 -9999.0 -9999.0 -9999.0 -9999.0 -9999.0 -9999.0 0.020103 0.020064 0.020063 0.020056 0.020067 0.020049 -9999.0 -9999.0 -9999.0 -9999.0 -9999.0 -9999.0 -9999.0 -9999.0 -9999.0 -9999.0 -9999.0 -9999.0 -9999.0 -9999.0 -9999.0 -9999.0 -9999.0 -9999.0 -9999.0 -9999.0 -9999.0 -9999.0 -9999.0 -9999.0 -9999.0 -9999.0 -9999.0 -9999.0 -9999.0 -9999.0
-9999.0 -9999.0 -9999.0 -9999.0 -9999.0 -9999.0 -9999.0 -9999.0 -9999.0 -9999.0 -9999.0 -9999.0 -9999.0 -9999.0 -9999.0 -9999.0 -9999.0 -9999.0 -9999.0 -9999.0 -9999.0 -9999.0 -9999.0 -9999.0 0.020252 0.020476 0.020278 0.020380 0.020112 0.020095 0.020072 -9999.0 -9999.0 -9999.0 -9999.0 -9999.0 -9999.0 -9999.0 -9999.0 -9999.0 -9999.0 -9999.0 -9999.0 -9999.0 -9999.0 -9999.0 -9999.0 -9999.0 -9999.0 -9999.0 -9999.0 -9999.0 -9999.0 -9999.0 -9999.0 -9999.0 -9999.0 -9999.0 -9999.0 -9999.0 -9999.0 -9999.0 -9999.0
-9999.0 -9999.0 -9999.0 -9999.0 -9999.0 -9999.0 -9999.0 -9999.0 -9999.0 -9999.0 -9999.0 -9999.0 -9999.0 -9999.0 -9999.0 -9999.0 -9999.0 -9999.0 -9999.0 -9999.0 -9999.0 -9999.0 -9999.0 0.020784 0.020890 0.295941 0.061306 0.020729 0.020963 0.020277 0.020063 0.020069 -9999.0 -9999.0 -9999.0 -9999.0 -9999.0 -9999.0 -9999.0 -9999.0 -9999.0 -9999.0 -9999.0 -9999.0 -9999.0 -9999.0 -9999.0 -9999.0 -9999.0 -9999.0 -9999.0 -9999.0 -9999.0 -9999.0 -9999.0 -9999.0 -9999.0 -9999.0 -9999.0 -9999.0 -9999.0 -9999.0 -9999.0
-9999.0 -9999.0 -9999.0 -9999.0 -9999.0 -9999.0 -9999.0 -9999.0 -9999.0 -9999.0 -9999.0 -9999.0 -9999.0 -9999.0 -9999.0 -9999.0 -9999.0 -9999.0 0.425890 0.021989 -9999.0 0.020781 0.021262 0.021011 0.070024 0.020863 0.419236 0.427927 0.430000 0.071074 0.020340 0.020067 0.020055 0.020045 -9999.0 -9999.0 -9999.0 -9999.0 -9999.0 -9999.0 -9999.0 -9999.0 -9999.0 -9999.0 -9999.0 -9999.0 -9999.0 -9999.0 -9999.0 -9999.0 -9999.0 -9999.0 -9999.0 -9999.0 -9999.0 -9999.0 -9999.0 -9999.0 -9999.0 -9999.0 -9999.0 -9999.0 -9999.0
-9999.0 -9999.0 -9999.0 -9999.0 -9999.0 -9999.0 -9999.0 -9999.0 -9999.0 -9999.0 -9999.0 -9999.0 -9999.0 -9999.0 -9999.0 -9999.0 -9999.0 0.177854 0.034377 0.020818 0.051146 0.376207 0.074440 0.022482 0.416572 0.078996 0.020305 0.092630 0.066226 0.430000 0.021350 0.020407 0.020076 0.020080 0.020050 0.020039 -9999.0 -9999.0 -9999.0 -9999.0 -9999.0 -9999.0 -9999.0 -9999.0 -9999.0 -9999.0 -9999.0 -9999.0 -9999.0 -9999.0 -9999.0 -9999.0 -9999.0 -9999.0 -9999.0 -9999.0 -9999.0 -9999.0 -9999.0 -9999.0 -9999.0 -9999.0 -9999.0
-9999.0 -9999.0 -9999.0 -9999.0 -9999.0 -9999.0 -9999.0 -9999.0 -9999.0 -9999.0 -9999.0 -9999.0 -9999.0 0.023435 0.093496 0.249619 0.157647 0.049996 0.182666 0.021026 0.068748 0.068713 0.021205 0.139939 0.092209 0.021948 0.020149 0.020059 0.020232 0.084561 0.020111 0.020160 0.020076 0.020085 0.020043 0.020041 -9999.0 -9999.0 -9999.0 -9999.0 -9999.0 -9999.0 -9999.0 -9999.0 -9999.0 -9999.0 -9999.0 -9999.0 -9999.0 -9999.0 -9999.0 -9999.0 -9999.0 -9999.0 -9999.0 -9999.0 -9999.0 -9999.0 -9999.0 -9999.0 -9999.0 -9999.0 -9999.0
-9999.0 -9999.0 -9999.0 -9999.0 -9999.0 -9999.0 -9999.0 -9999.0 -9999.0 -9999.0 -9999.0 -9999.0 -9999.0 0.031002 0.072766 0.225219 0.172368 0.369944 0.050016 0.051911 0.020139 0.051148 0.065686 0.087447 0.086699 0.022216 0.020162 0.020057 0.020070 0.020098 0.020054 0.020074 0.020059 0.020021 0.020035 -9999.0 -9999.0 -9999.0 -9999.0 -9999.0 -9999.0 -9999.0 -9999.0 -9999.0 -9999.0 -9999.0 -9999.0 -9999.0 -9999.0 -9999.0 -9999.0 -9999.0 -9999.0 -9999.0 -9999.0 -9999.0 -9999.0 -9999.0 -9999.0 -9999.0 -9999.0 -9999.0 -9999.0
-9999.0 -9999.0 -9999.0 -9999.0 -9999.0 -9999.0 -9999.0 -9999.0 -9999.0 -9999.0 -9999.0 -9999.0 -9999.0 0.062512 0.200000 0.276046 0.218006 0.187225 0.050031 0.169278 0.174763 0.021224 0.078665 0.078659 0.099842 0.103553 0.020566 0.020063 0.020073 0.020024 0.020072 0.020020 0.020019 0.020015 0.020036 -9999.0 -9999.0 -9999.0 -9999.0 -9999.0 -9999.0 -9999.0 -9999.0 -9999.0 -9999.0 -9999.0 -9999.0 -9999.0 -9999.0 -9999.0 -9999.0 -9999.0 -9999.0 -9999.0 -9999.0 -9999.0 -9999.0 -9999.0 -9999.0 -9999.0 -9999.0 -9999.0 -9999.0
-9999.0 -9999.0 -9999.0 -9999.0 -9999.0 -9999.0 -9999.0 -9999.0 -9999.0 -9999.0 -9999.0 -9999.0 0.021287 0.200000 0.080837 0.107230 0.317652 0.247758 0.349936 0.020814 0.069963 0.077718 0.020376 0.022711 0.040059 0.020153 0.020057 0.020058 0.020065 0.020041 0.020020 0.020054 0.020037 0.020039 -9999.0 -9999.0 -9999.0 -9999.0 -9999.0 -9999.0 -9999.0 -9999.0 -9999.0 -9999.0 -9999.0 -9999.0 -9999.0 -9999.0 -9999.0 -9999.0 -9999.0 -9999.0 -9999.0 -9999.0 -9999.0 -9999.0 -9999.0 -9999.0 -9999.0 -9999.0 -9999.0 -9999.0 -9999.0
-9999.0 -9999.0 -9999.0 -9999.0 -9999.0 -9999.0 -9999.0 -9999.0 -9999.0 -9999.0 -9999.0 0.022512 0.131502 0.430000 0.093142 0.183709 0.020775 0.251508 0.412076 0.020714 0.020489 0.424708 0.020713 0.020263 0.020100 0.020077 0.020077 0.020061 0.020071 0.020043 0.020053 0.020067 0.020043 0.020047 0.020040 0.020046 0.020058 0.020059 0.020056 -9999.0 -9999.0 -9999.0 0.020045 -9999.0 -9999.0 -9999.0 -9999.0 -9999.0 -9999.0 -9999.0 -9999.0 -9999.0 -9999.0 -9999.0 -9999.0 -9999.0 -9999.0 -9999.0 -9999.0 -9999.0 -9999.0 -9999.0 -9999.0
-9999.0 -9999.0 -9999.0 -9999.0 -9999.0 -9999.0 -9999.0 -9999.0 -9999.0 -9999.0 -9999.0 0.022312 0.113236 0.020965 0.079833 0.035899 0.048544 0.026179 0.365442 0.382293 0.180735 0.030211 0.020387 0.020084 0.020044 0.020067 0.020066 0.020077 0.020068 0.020047 0.020059 0.020109 0.020073 0.020034 0.020053 0.020073 0.020101 0.020143 0.020106 0.020049 0.020049 0.020046 0.020053 0.020058 -9999.0 -9999.0 -9999.0 0.040012 0.020042 0.020036 0.020045 0.020038 0.020033 0.040014 0.040009 0.020035 -9999.0 -9999.0 -9999.0 -9999.0 -9999.0 -9999.0 -9999.0
-9999.0 -9999.0 -9999.0 -9999.0 -9999.0 -9999.0 -9999.0 -9999.0 -9999.0 -9999.0 -9999.0 0.021412 0.023076 0.023029 0.412028 0.125776 0.139576 0.050880 0.171223 0.362343 0.352550 0.023932 0.020097 0.020334 0.020079 0.020118 0.020050 0.020049 0.020083 0.020055 0.020068 0.020042 0.020081 0.020060 0.020043 0.020084 0.020056 0.020066 0.022213 0.020077 0.020062 0.020066 0.020079 0.020063 0.020055 -9999.0 0.020038 0.020033 0.020068 0.020073 0.020078 0.020073 0.020074 0.020064 0.020048 0.020060 -9999.0 -9999.0 -9999.0 -9999.0 -9999.0 -9999.0 -9999.0
-9999.0 -9999.0 -9999.0 -9999.0 -9999.0 -9999.0 -9999.0 -9999.0 -9999.0 -9999.0 -9999.0 -9999.0 0.021651 0.040546 0.028919 0.029327 0.078422 0.049327 0.383068 0.371946 0.066496 0.023199 0.020107 0.020054 0.020068 0.020097 0.021185 0.020093 0.020053 0.020058 0.020064 0.020045 0.020091 0.020054 0.020049 0.020074 0.020048 0.020071 0.070869 0.020516 0.020113 0.020906 0.020055 0.020271 0.020066 0.020052 0.020045 0.020057 0.020035 0.020053 0.160684 0.020047 0.040018 0.040014 0.020033 0.020056 0.020059 -9999.0 -9999.0 -9999.0 -9999.0 -9999.0 -9999.0
-9999.0 -9999.0 -9999.0 -9999.0 -9999.0 -9999.0 -9999.0 -9999.0 -9999.0 -9999.0 -9999.0 0.040045 0.021076 0.022351 0.020287 0.120890 0.140561 0.074581 0.176010 0.287867 0.062672 0.083648 0.096307 0.020103 0.020099 0.020074 0.040036 0.020062 0.020058 0.020122 0.020050 0.020060 0.020174 0.020060 0.020051 0.020056 0.020071 0.020063 0.163058 0.027294 0.020101 0.023543 0.020137 0.020078 0.020558 0.020069 0.020062 0.020136 0.020931 0.021891 0.020048 0.020065 0.020030 0.020027 0.020023 0.020020 0.020049 -9999.0 -9999.0 -9999.0 -9999.0 -9999.0 -9999.0
-9999.0 -9999.0 -9999.0 -9999.0 -9999.0 -9999.0 -9999.0 -9999.0 -9999.0 -9999.0 0.042789 0.020064 0.021127 0.021754 0.026422 0.021588 0.021251 0.078557 0.235774 0.294160 0.406129 0.428251 0.020314 0.022859 0.119837 0.040046 0.020097 0.020034 0.020295 0.020575 0.020078 0.020075 0.020116 0.020069 0.020040 0.020066 0.020086 0.020050 0.020149 0.094944 0.025012 0.021714 0.050371 0.424902 0.021393 0.020189 0.020163 0.020057 0.020081 0.127784 0.020031 0.020044 0.020022 0.020018 0.020020 0.020061 0.020062 -9999.0 -9999.0 -9999.0 -9999.0 -9999.0 -9999.0
-9999.0 -9999.0 -9999.0 -9999.0 -9999.0 -9999.0 -9999.0 -9999.0 -9999.0 0.020076 0.040413 0.040033 0.020092 0.020175 0.040495 0.020352 0.022472 0.187269 0.042412 0.264976 0.393395 0.057874 0.023394 0.093554 0.411166 0.020106 0.020063 0.021349 0.020157 0.020902 0.135811 0.020093 0.020083 0.020021 0.020050 0.020063 0.020090 0.020044 0.020077 0.020084 0.020133 0.020368 0.020401 0.065834 0.027201 0.023345 0.025826 0.020166 0.020146 0.412185 0.020100 0.020048 0.020017 0.020030 0.020037 0.020031 0.020037 0.020063 0.020042 -9999.0 -9999.0 -9999.0 -9999.0
-9999.0 -9999.0 -9999.0 -9999.0 -9999.0 -9999.0 -9999.0 -9999.0 -9999.0 0.020063 0.020104 0.021018 0.028402 0.118902 0.021887 0.020184 0.025576 0.128064 0.036712 0.346540 0.366766 0.114471 0.429382 0.172665 0.020149 0.020117 0.020175 0.119850 0.126460 0.410827 0.024909 0.020075 0.020065 0.020063 0.020054 0.020072 0.020099 0.020399 0.020106 0.020179 0.040027 0.020099 0.020404 0.127110 0.357382 0.410177 0.109865 0.023132 0.023388 0.131374 0.020051 0.020028 0.020030 0.020026 0.020035 0.040007 0.020040 0.020047 0.020111 -9999.0 -9999.0 -9999.0 -9999.0
-9999.0 -9999.0 -9999.0 -9999.0 -9999.0 -9999.0 -9999.0 -9999.0 -9999.0 -9999.0 0.020064 0.020141 0.020271 0.040507 0.024014 0.022631 0.124552 0.120128 0.032588 0.308540 0.381069 0.021046 0.094093 0.020240 0.020108 0.055504 0.122552 0.171672 0.025801 0.020097 0.020078 0.040021 0.020043 0.020062 0.020078 0.020174 0.020877 0.020186 0.020101 0.020068 0.020073 0.020506 0.026033 0.023442 0.032312 0.091871 0.030829 0.424300 0.022516 0.024375 0.020082 0.020040 0.020037 0.020029 0.020026 0.020033 0.020077 0.020089 0.020104 0.101150 -9999.0 -9999.0 -9999.0
-9999.0 -9999.0 -9999.0 -9999.0 -9999.0 -9999.0 -9999.0 -9999.0 -9999.0 -9999.0 0.020062 0.020093 0.020910 0.021936 0.430000 0.065437 0.072753 0.269201 0.233604 0.198925 0.192406 0.051098 0.079672 0.021520 0.046859 0.129222 0.430000 0.087476 0.020122 0.020047 0.020066 0.020111 0.020035 0.020062 0.020070 0.020296 0.020090 0.020074 0.020084 0.020059 0.020066 0.020259 0.020054 0.020812 0.045122 0.020241 0.140339 0.031957 0.027260 0.048920 0.021447 0.020091 0.020036 0.020038 0.020027 0.020031 0.020054 0.020116 0.159874 0.430000 -9999.0 -9999.0 -9999.0
-9999.0 -9999.0 -9999.0 -9999.0 -9999.0 -9999.0 -9999.0 -9999.0 0.020086 0.020061 0.020076 0.020088 0.020054 0.020106 0.022598 0.387141 0.040406 0.115823 0.291427 0.171854 0.160919 0.029528 0.034867 0.049123 0.095456 0.426878 0.430000 0.020205 0.020107 0.020048 0.020022 0.020060 0.020064 0.020068 0.020066 0.020146 0.023237 0.020168 0.020059 0.020073 0.020101 0.020146 0.020048 0.020086 0.021221 0.021725 0.020064 0.020105 0.030872 0.429957 0.078073 0.020124 0.020037 0.020026 0.020034 0.020071 0.020068 0.021902 0.027773 0.110331 -9999.0 -9999.0 -9999.0
-9999.0 -9999.0 -9999.0 -9999.0 -9999.0 -9999.0 -9999.0 -9999.0 0.020048 0.020047 0.020058 0.020082 0.020130 0.020068 0.020175 0.091280 0.062654 0.051758 0.020119 0.169675 0.352434 0.318372 0.309519 0.119026 0.035938 0.317759 0.417471 0.020210 0.020036 0.020063 0.020062 0.020091 0.020065 0.020105 0.020081 0.020474 0.025602 0.021559 0.020086 0.020258 0.020072 0.020027 0.020118 0.020391 0.020675 0.020053 0.020039 0.020206 0.020543 0.093140 0.145664 0.021880 0.020035 0.020059 0.020074 0.020068 0.020131 0.024174 0.032787 0.399030 0.194250 -9999.0 -9999.0
-9999.0 -9999.0 -9999.0 -9999.0 -9999.0 -9999.0 -9999.0 -9999.0 0.020067 0.020168 0.020201 0.020044 0.020086 0.020052 0.020100 0.020211 0.061051 0.070638 0.024233 0.341234 0.168023 0.290789 0.293543 0.216413 0.333870 0.057532 0.098285 0.020127 0.020030 0.020069 0.020135 0.020151 0.020087 0.020099 0.020340 0.022929 0.020618 0.055636 0.021169 0.020057 0.020086 0.020174 0.020235 0.020153 0.020049 0.020084 0.020072 0.020078 0.020077 0.034345 0.397107 0.083530 0.020049 0.020037 0.020100 0.020196 0.185633 0.178267 0.068796 0.406699 0.356991 -9999.0 -9999.0
-9999.0 -9999.0 -9999.0 -9999.0 -9999.0 -9999.0 -9999.0 -9999.0 0.020047 0.020091 0.040099 0.020032 0.020198 0.040074 0.020128 0.089641 0.020301 0.026810 0.355649 0.167121 0.182488 0.201958 0.297061 0.258426 0.235902 0.072545 0.088234 0.020077 0.021337 0.020060 0.020094 0.020068 0.021346 0.020201 0.020578 0.023428 0.132811 0.055741 0.038469 0.021691 0.021143 0.020688 0.020202 0.021248 0.020172 0.020179 0.020264 0.020182 0.020162 0.020117 0.096073 0.097123 0.088731 0.040061 0.163573 0.200000 0.115596 0.371837 0.311581 0.362754 0.361849 0.332005 -9999.0
-9999.0 -9999.0 -9999.0 -9999.0 -9999.0 -9999.0 -9999.0 -9999.0 0.020046 0.020078 0.040030 0.020098 0.020160 0.020262 0.180821 0.426867 0.424792 0.061935 0.073257 0.051255 0.198310 0.238724 0.200464 0.186938 0.116451 0.064630 0.020146 0.043301 0.123604 0.020551 0.020368 0.139015 0.063369 0.170815 0.026349 0.025590 0.022973 0.037275 0.020903 0.180036 0.027355 0.021958 0.023059 0.021933 0.020100 0.021610 0.020380 0.020108 0.020601 0.025262 0.027647 0.065926 0.088967 0.119535 0.200000 0.430000 0.428402 0.401839 0.386967 0.065645 0.062658 0.342402 -9999.0
-9999.0 -9999.0 0.020116 0.020156 0.020042 0.020104 0.020050 0.020050 0.020066 0.020068 0.020063 0.040313 0.020995 0.022374 0.199465 0.430000 0.032025 0.020129 0.020266 0.086105 0.049437 0.244449 0.370224 0.153052 0.212905 0.051581 0.065005 0.071203 0.071674 0.196685 0.087183 0.086938 0.426188 0.066495 0.132861 0.047780 0.110020 0.024118 0.020279 0.021053 0.021535 0.021955 0.021555 0.091956 0.030087 0.025636 0.165277 0.395171 0.024045 0.095496 0.080938 0.350490 0.417963 0.426734 0.430000 0.430000 0.424682 0.397407 0.092896 0.073586 0.412989 0.357393 -9999.0
-9999.0 0.020104 0.020051 0.020077 0.020114 0.020073 0.020067 0.020054 0.020040 0.020073 0.020080 0.020191 0.425430 0.350892 0.430000 0.020458 0.020111 0.020085 0.040066 0.085307 0.050356 0.053616 0.428252 0.320107 0.252202 0.226890 0.303176 0.336191 0.093894 0.381090 0.063914 0.084341 0.153920 0.376563 0.100503 0.272786 0.078874 0.021221 0.272333 0.271036 0.089036 0.111057 0.037777 0.040276 0.044095 0.038526 0.349653 0.032504 0.071110 0.296158 0.366417 0.404081 0.425034 0.429781 0.430000 0.430000 0.427742 0.421193 0.430000 0.430000 0.417567 0.361613 -9999.0
-9999.0 0.021792 0.020112 0.020254 0.195638 0.020386 0.020060 0.020046 0.020073 0.020068 0.020062 0.020126 0.092875 0.430000 0.020753 0.020044 0.020058 0.020072 0.020243 0.054831 0.430000 0.383598 0.338229 0.425557 0.411382 0.344166 0.129461 0.199348 0.305523 0.025904 0.022550 0.023326 0.336421 0.331714 0.348689 0.274449 0.333839 0.313830 0.203418 0.220478 0.239926 0.283094 0.105913 0.170536 0.123030 0.021878 0.285613 0.303884 0.318168 0.343141 0.374942 0.367416 0.413805 0.430000 0.140721 0.383589 0.020498 0.368585 0.094860 0.341178 0.403301 -9999.0 -9999.0
-9999.0 0.020983 0.020097 0.020701 0.150855 0.130665 0.236472 0.020092 0.020083 0.020088 0.020101 0.093925 0.184253 0.406953 0.020102 0.020037 0.020047 0.020109 0.020095 0.020577 0.049025 0.095340 0.288947 0.422867 0.420311 0.366051 0.356887 0.348843 0.192046 0.297546 0.163313 0.157682 0.309081 0.305667 0.280081 0.252690 0.250246 0.310700 0.239601 0.235431 0.238369 0.327177 0.260361 0.157204 0.155888 0.288388 0.295344 0.328814 0.356231 0.297859 0.094397 0.401707 0.398907 0.142926 0.264024 0.040078 0.040075 0.040051 0.040057 -9999.0 -9999.0 -9999.0 -9999.0
