user2019/resources/simulation/Vinschgau/output-maps/thetaliqL0007N0363.asc
ncols         63
nrows         48
xllcorner     598000.000000
yllcorner     5145000.000000
cellsize      1000.000000
NODATA_value  -9999.0
[rows 0 to 28 of 48, columns 0 to 62 of 63]
-9999.0 -9999.0 -9999.0 -9999.0 -9999.0 -9999.0 -9999.0 -9999.0 -9999.0 -9999.0 -9999.0 -9999.0 -9999.0 -9999.0 -9999.0 -9999.0 -9999.0 -9999.0 -9999.0 -9999.0 -9999.0 -9999.0 -9999.0 -9999.0 -9999.0 -9999.0 -9999.0 -9999.0 -9999.0 -9999.0 -9999.0 -9999.0 -9999.0 -9999.0 -9999.0 -9999.0 -9999.0 -9999.0 -9999.0 -9999.0 -9999.0 -9999.0 -9999.0 -9999.0 -9999.0 -9999.0 -9999.0 -9999.0 -9999.0 -9999.0 -9999.0 -9999.0 -9999.0 -9999.0 -9999.0 -9999.0 -9999.0 -9999.0 -9999.0 -9999.0 -9999.0 -9999.0 -9999.0
-9999.0 -9999.0 -9999.0 -9999.0 -9999.0 -9999.0 -9999.0 -9999.0 -9999.0 -9999.0 -9999.0 -9999.0 -9999.0 -9999.0 -9999.0 -9999.0 -9999.0 -9999.0 -9999.0 -9999.0 -9999.0 -9999.0 -9999.0 -9999.0 -9999.0 -9999.0 -9999.0 0.020090 0.020056 0.020049 0.020275 0.020113 0.020135 -9999.0 -9999.0 -9999.0 -9999.0 -9999.0 -9999.0 -9999.0 -9999.0 -9999.0 -9999.0 -9999.0 -9999.0 -9999.0 -9999.0 -9999.0 -9999.0 -9999.0 -9999.0 -9999.0 -9999.0 -9999.0 -9999.0 -9999.0 -9999.0 -9999.0 -9999.0 -9999.0 -9999.0 -9999.0 -9999.0
-9999.0 -9999.0 -9999.0 -9999.0 -9999.0 -9999.0 -9999.0 -9999.0 -9999.0 -9999.0 -9999.0 -9999.0 -9999.0 -9999.0 -9999.0 -9999.0 -9999.0 -9999.0 -9999.0 -9999.0 -9999.0 -9999.0 -9999.0 -9999.0 0.020074 0.020198 0.060198 0.020976 0.034596 0.020342 0.020234 -9999.0 -9999.0 -9999.0 -9999.0 -9999.0 -9999.0 -9999.0 -9999.0 -9999.0 -9999.0 -9999.0 -9999.0 -9999.0 -9999.0 -9999.0 -9999.0 -9999.0 -9999.0 -9999.0 -9999.0 -9999.0 -9999.0 -9999.0 -9999.0 -9999.0 -9999.0 -9999.0 -9999.0 -9999.0 -9999.0 -9999.0 -9999.0
-9999.0 -9999.0 -9999.0 -9999.0 -9999.0 -9999.0 -9999.0 -9999.0 -9999.0 -9999.0 -9999.0 -9999.0 -9999.0 -9999.0 -9999.0 -9999.0 -9999.0 -9999.0 -9999.0 -9999.0 -9999.0 -9999.0 -9999.0 0.020047 0.061893 0.140761 0.064752 0.031772 0.034590 0.031238 0.020050 0.020148 -9999.0 -9999.0 -9999.0 -9999.0 -9999.0 -9999.0 -9999.0 -9999.0 -9999.0 -9999.0 -9999.0 -9999.0 -9999.0 -9999.0 -9999.0 -9999.0 -9999.0 -9999.0 -9999.0 -9999.0 -9999.0 -9999.0 -9999.0 -9999.0 -9999.0 -9999.0 -9999.0 -9999.0 -9999.0 -9999.0 -9999.0
-9999.0 -9999.0 -9999.0 -9999.0 -9999.0 -9999.0 -9999.0 -9999.0 -9999.0 -9999.0 -9999.0 -9999.0 -9999.0 -9999.0 -9999.0 -9999.0 -9999.0 -9999.0 0.430000 0.065559 -9999.0 0.020065 0.022387 0.037280 0.075903 0.021170 0.058656 0.042204 0.423402 0.051843 0.049932 0.020054 0.020046 0.020063 -9999.0 -9999.0 -9999.0 -9999.0 -9999.0 -9999.0 -9999.0 -9999.0 -9999.0 -9999.0 -9999.0 -9999.0 -9999.0 -9999.0 -9999.0 -9999.0 -9999.0 -9999.0 -9999.0 -9999.0 -9999.0 -9999.0 -9999.0 -9999.0 -9999.0 -9999.0 -9999.0 -9999.0 -9999.0
-9999.0 -9999.0 -9999.0 -9999.0 -9999.0 -9999.0 -9999.0 -9999.0 -9999.0 -9999.0 -9999.0 -9999.0 -9999.0 -9999.0 -9999.0 -9999.0 -9999.0 0.162763 0.045487 0.021606 0.050006 0.040226 0.024618 0.042500 0.430000 0.020727 0.020131 0.020152 0.020096 0.040824 0.065969 0.033023 0.050021 0.020050 0.020092 0.020063 -9999.0 -9999.0 -9999.0 -9999.0 -9999.0 -9999.0 -9999.0 -9999.0 -9999.0 -9999.0 -9999.0 -9999.0 -9999.0 -9999.0 -9999.0 -9999.0 -9999.0 -9999.0 -9999.0 -9999.0 -9999.0 -9999.0 -9999.0 -9999.0 -9999.0 -9999.0 -9999.0
-9999.0 -9999.0 -9999.0 -9999.0 -9999.0 -9999.0 -9999.0 -9999.0 -9999.0 -9999.0 -9999.0 -9999.0 -9999.0 0.020089 0.022585 0.122738 0.313989 0.049968 0.140009 0.030674 0.067486 0.069038 0.025022 0.094397 0.020662 0.020182 0.020277 0.020207 0.020160 0.020169 0.020077 0.020114 0.020115 0.020051 0.020063 0.020041 -9999.0 -9999.0 -9999.0 -9999.0 -9999.0 -9999.0 -9999.0 -9999.0 -9999.0 -9999.0 -9999.0 -9999.0 -9999.0 -9999.0 -9999.0 -9999.0 -9999.0 -9999.0 -9999.0 -9999.0 -9999.0 -9999.0 -9999.0 -9999.0 -9999.0 -9999.0 -9999.0
-9999.0 -9999.0 -9999.0 -9999.0 -9999.0 -9999.0 -9999.0 -9999.0 -9999.0 -9999.0 -9999.0 -9999.0 -9999.0 0.020047 0.023095 0.100308 0.080802 0.430000 0.049997 0.052553 0.020183 0.049905 0.041715 0.024758 0.023634 0.020058 0.020053 0.020249 0.020124 0.020116 0.020163 0.020059 0.020060 0.020027 0.020041 -9999.0 -9999.0 -9999.0 -9999.0 -9999.0 -9999.0 -9999.0 -9999.0 -9999.0 -9999.0 -9999.0 -9999.0 -9999.0 -9999.0 -9999.0 -9999.0 -9999.0 -9999.0 -9999.0 -9999.0 -9999.0 -9999.0 -9999.0 -9999.0 -9999.0 -9999.0 -9999.0 -9999.0
-9999.0 -9999.0 -9999.0 -9999.0 -9999.0 -9999.0 -9999.0 -9999.0 -9999.0 -9999.0 -9999.0 -9999.0 -9999.0 0.022973 0.095737 0.045816 0.040057 0.170983 0.050013 0.311118 0.074529 0.020082 0.020057 0.020151 0.020086 0.020138 0.020050 0.020143 0.020063 0.020056 0.020070 0.020022 0.020027 0.020017 0.020027 -9999.0 -9999.0 -9999.0 -9999.0 -9999.0 -9999.0 -9999.0 -9999.0 -9999.0 -9999.0 -9999.0 -9999.0 -9999.0 -9999.0 -9999.0 -9999.0 -9999.0 -9999.0 -9999.0 -9999.0 -9999.0 -9999.0 -9999.0 -9999.0 -9999.0 -9999.0 -9999.0 -9999.0
-9999.0 -9999.0 -9999.0 -9999.0 -9999.0 -9999.0 -9999.0 -9999.0 -9999.0 -9999.0 -9999.0 -9999.0 0.020070 0.099154 0.020099 0.020060 0.040012 0.117232 0.430000 0.021135 0.036334 0.020151 0.020135 0.020220 0.040069 0.020154 0.020232 0.020140 0.020166 0.020106 0.020039 0.020063 0.020041 0.020046 -9999.0 -9999.0 -9999.0 -9999.0 -9999.0 -9999.0 -9999.0 -9999.0 -9999.0 -9999.0 -9999.0 -9999.0 -9999.0 -9999.0 -9999.0 -9999.0 -9999.0 -9999.0 -9999.0 -9999.0 -9999.0 -9999.0 -9999.0 -9999.0 -9999.0 -9999.0 -9999.0 -9999.0 -9999.0
-9999.0 -9999.0 -9999.0 -9999.0 -9999.0 -9999.0 -9999.0 -9999.0 -9999.0 -9999.0 -9999.0 0.020178 0.020058 0.044003 0.020073 0.020095 0.020075 0.054794 0.430000 0.021917 0.021047 0.330343 0.020077 0.020210 0.020073 0.020166 0.020076 0.020073 0.020046 0.020063 0.020096 0.033024 0.020050 0.020050 0.020034 0.020161 0.050280 0.050115 0.049920 -9999.0 -9999.0 -9999.0 0.020037 -9999.0 -9999.0 -9999.0 -9999.0 -9999.0 -9999.0 -9999.0 -9999.0 -9999.0 -9999.0 -9999.0 -9999.0 -9999.0 -9999.0 -9999.0 -9999.0 -9999.0 -9999.0 -9999.0 -9999.0
-9999.0 -9999.0 -9999.0 -9999.0 -9999.0 -9999.0 -9999.0 -9999.0 -9999.0 -9999.0 -9999.0 0.020124 0.020118 0.020075 0.020059 0.020074 0.020075 0.039895 0.430000 0.430000 0.091774 0.050113 0.020067 0.020141 0.020126 0.020243 0.020062 0.020372 0.020090 0.020114 0.020050 0.049919 0.020092 0.020051 0.020029 0.050079 0.049969 0.050813 0.050094 0.049940 0.049982 0.020023 0.049586 0.020044 -9999.0 -9999.0 -9999.0 0.084779 0.020997 0.021169 0.021407 0.021421 0.021383 0.225115 0.226853 0.021381 -9999.0 -9999.0 -9999.0 -9999.0 -9999.0 -9999.0 -9999.0
-9999.0 -9999.0 -9999.0 -9999.0 -9999.0 -9999.0 -9999.0 -9999.0 -9999.0 -9999.0 -9999.0 0.020112 0.020106 0.020056 0.040044 0.020066 0.020057 0.024131 0.089868 0.430000 0.082927 0.040680 0.023358 0.020055 0.020275 0.020054 0.023608 0.020064 0.020193 0.020176 0.020140 0.020051 0.049968 0.020036 0.020029 0.050061 0.039783 0.021701 0.050482 0.049979 0.049944 0.049979 0.050150 0.049954 0.020056 -9999.0 0.020198 0.020430 0.020076 0.020892 0.049891 0.049877 0.021592 0.023815 0.027294 0.025974 -9999.0 -9999.0 -9999.0 -9999.0 -9999.0 -9999.0 -9999.0
-9999.0 -9999.0 -9999.0 -9999.0 -9999.0 -9999.0 -9999.0 -9999.0 -9999.0 -9999.0 -9999.0 -9999.0 0.020226 0.040048 0.020048 0.020064 0.020035 0.024578 0.430000 0.430000 0.050874 0.038015 0.035681 0.034720 0.020062 0.023142 0.093096 0.020214 0.020219 0.020092 0.020050 0.020104 0.041628 0.020038 0.020032 0.050071 0.024026 0.042474 0.069335 0.049947 0.055995 0.049959 0.041110 0.072460 0.020124 0.020077 0.020132 0.020735 0.020103 0.048771 0.430000 0.021021 0.141013 0.049133 0.020624 0.020504 0.024256 -9999.0 -9999.0 -9999.0 -9999.0 -9999.0 -9999.0
-9999.0 -9999.0 -9999.0 -9999.0 -9999.0 -9999.0 -9999.0 -9999.0 -9999.0 -9999.0 -9999.0 0.040021 0.020171 0.020201 0.020100 0.020141 0.023541 0.023620 0.097948 0.351068 0.045346 0.053311 0.023372 0.020806 0.023094 0.061087 0.040039 0.020240 0.020061 0.020046 0.023816 0.032243 0.049965 0.020039 0.020030 0.020635 0.050138 0.044050 0.047247 0.050368 0.035253 0.044509 0.056904 0.020277 0.050371 0.020059 0.020050 0.021387 0.020080 0.038831 0.020585 0.020312 0.020395 0.020265 0.020337 0.020121 0.021547 -9999.0 -9999.0 -9999.0 -9999.0 -9999.0 -9999.0
-9999.0 -9999.0 -9999.0 -9999.0 -9999.0 -9999.0 -9999.0 -9999.0 -9999.0 -9999.0 0.040061 0.020062 0.020048 0.020109 0.020061 0.062715 0.020067 0.020082 0.394332 0.376883 0.430000 0.353685 0.028191 0.081589 0.059756 0.042875 0.020112 0.020061 0.049928 0.049957 0.055791 0.020111 0.020054 0.020064 0.020034 0.020031 0.050281 0.022985 0.046417 0.036437 0.023044 0.040114 0.050360 0.109753 0.054491 0.047149 0.020054 0.039566 0.056775 0.056930 0.020071 0.020338 0.020271 0.020216 0.020315 0.025877 0.025925 -9999.0 -9999.0 -9999.0 -9999.0 -9999.0 -9999.0
-9999.0 -9999.0 -9999.0 -9999.0 -9999.0 -9999.0 -9999.0 -9999.0 -9999.0 0.020431 0.042081 0.040065 0.058031 0.020059 0.042098 0.020083 0.020263 0.072863 0.043380 0.385348 0.430000 0.032907 0.020423 0.060104 0.066726 0.020072 0.020898 0.050066 0.034549 0.060441 0.058862 0.020053 0.020090 0.020052 0.020057 0.020045 0.020036 0.021724 0.020056 0.046714 0.046100 0.020061 0.021102 0.045659 0.020364 0.031256 0.052103 0.037184 0.044225 0.365207 0.044060 0.021237 0.020133 0.020654 0.021247 0.021529 0.025879 0.025984 0.022019 -9999.0 -9999.0 -9999.0 -9999.0
-9999.0 -9999.0 -9999.0 -9999.0 -9999.0 -9999.0 -9999.0 -9999.0 -9999.0 0.020537 0.020443 0.020305 0.109335 0.059151 0.023657 0.020073 0.066234 0.059188 0.041880 0.330743 0.378321 0.098555 0.421006 0.070467 0.020077 0.034163 0.057540 0.060313 0.065318 0.084126 0.049898 0.020077 0.020133 0.020088 0.020050 0.049990 0.049941 0.049950 0.020049 0.020047 0.040023 0.020095 0.050770 0.057905 0.277874 0.430000 0.058489 0.028645 0.032437 0.059139 0.020058 0.020134 0.020734 0.020662 0.020514 0.049281 0.025164 0.026713 0.049900 -9999.0 -9999.0 -9999.0 -9999.0
-9999.0 -9999.0 -9999.0 -9999.0 -9999.0 -9999.0 -9999.0 -9999.0 -9999.0 -9999.0 0.020606 0.020225 0.020097 0.081519 0.032963 0.052033 0.056240 0.069615 0.040931 0.321152 0.409526 0.020564 0.028524 0.021336 0.024660 0.059301 0.067086 0.062323 0.049894 0.020208 0.020248 0.040034 0.020264 0.020166 0.039775 0.049988 0.063792 0.066997 0.020037 0.020089 0.020049 0.041893 0.060372 0.020100 0.020173 0.049164 0.022396 0.350713 0.020554 0.029233 0.020200 0.031127 0.021508 0.020976 0.020392 0.020722 0.021125 0.038241 0.032103 0.062078 -9999.0 -9999.0 -9999.0
-9999.0 -9999.0 -9999.0 -9999.0 -9999.0 -9999.0 -9999.0 -9999.0 -9999.0 -9999.0 0.020627 0.020565 0.020610 0.021117 0.430000 0.053958 0.039094 0.349174 0.382123 0.274314 0.240959 0.037460 0.044730 0.046413 0.052673 0.065636 0.430000 0.052727 0.020069 0.020211 0.020278 0.020184 0.020057 0.020214 0.020216 0.020161 0.061030 0.048757 0.020056 0.020188 0.020105 0.020072 0.020176 0.020301 0.041839 0.020109 0.020097 0.039682 0.020792 0.021237 0.020351 0.029592 0.020096 0.021632 0.021112 0.021648 0.020505 0.020668 0.044919 0.430000 -9999.0 -9999.0 -9999.0
-9999.0 -9999.0 -9999.0 -9999.0 -9999.0 -9999.0 -9999.0 -9999.0 0.058125 0.020154 0.020156 0.020580 0.020179 0.020089 0.022504 0.362559 0.035559 0.104925 0.271188 0.246637 0.204888 0.031057 0.034150 0.040979 0.057767 0.430000 0.430000 0.020386 0.020072 0.020193 0.020115 0.020381 0.020459 0.020561 0.020237 0.020087 0.020093 0.055516 0.020044 0.020150 0.020454 0.020343 0.020355 0.020137 0.020056 0.020083 0.020501 0.020473 0.030740 0.430000 0.043404 0.020703 0.020234 0.021284 0.021629 0.049855 0.020092 0.080922 0.029883 0.036677 -9999.0 -9999.0 -9999.0
-9999.0 -9999.0 -9999.0 -9999.0 -9999.0 -9999.0 -9999.0 -9999.0 0.020314 0.045476 0.020075 0.020349 0.020584 0.020121 0.020210 0.053491 0.054039 0.046050 0.020171 0.230477 0.361319 0.296868 0.365411 0.092604 0.031864 0.430000 0.306660 0.055648 0.020125 0.020111 0.020316 0.020051 0.020156 0.020220 0.020171 0.020062 0.049905 0.057599 0.020897 0.020099 0.020319 0.020054 0.020346 0.020112 0.065620 0.020704 0.020550 0.020693 0.020432 0.053212 0.033041 0.059789 0.021963 0.020108 0.049888 0.030210 0.033628 0.032891 0.020768 0.430000 0.332465 -9999.0 -9999.0
-9999.0 -9999.0 -9999.0 -9999.0 -9999.0 -9999.0 -9999.0 -9999.0 0.020526 0.020087 0.049881 0.020172 0.020593 0.020656 0.053207 0.020753 0.037609 0.053136 0.029238 0.376699 0.227123 0.303929 0.321221 0.269795 0.430000 0.041384 0.057040 0.022311 0.020065 0.021929 0.020052 0.061904 0.020082 0.020341 0.020097 0.050051 0.020091 0.020836 0.021308 0.020096 0.020887 0.021014 0.021090 0.020687 0.020554 0.020569 0.020382 0.021788 0.020879 0.027005 0.430000 0.039384 0.021397 0.028343 0.032203 0.078301 0.074597 0.073323 0.031566 0.430000 0.429996 -9999.0 -9999.0
-9999.0 -9999.0 -9999.0 -9999.0 -9999.0 -9999.0 -9999.0 -9999.0 0.020349 0.020100 0.163646 0.020185 0.062862 0.315263 0.020351 0.044505 0.020274 0.034244 0.426869 0.306443 0.268936 0.305001 0.373571 0.384453 0.408498 0.059222 0.023539 0.038203 0.075879 0.036782 0.042639 0.042091 0.028871 0.056568 0.020097 0.047649 0.049898 0.056469 0.029163 0.020190 0.020327 0.020090 0.020068 0.049903 0.020272 0.020130 0.020325 0.049888 0.049909 0.036768 0.062420 0.036563 0.035293 0.429614 0.077901 0.079513 0.032720 0.430000 0.430000 0.430000 0.430000 0.430000 -9999.0
-9999.0 -9999.0 -9999.0 -9999.0 -9999.0 -9999.0 -9999.0 -9999.0 0.020318 0.020098 0.142631 0.022202 0.020937 0.049170 0.101745 0.430000 0.430000 0.047453 0.058437 0.049000 0.407846 0.316901 0.339829 0.344425 0.090610 0.053904 0.039671 0.056755 0.061611 0.066083 0.035444 0.067172 0.029094 0.062825 0.038568 0.037759 0.036122 0.053925 0.020557 0.059404 0.039998 0.036423 0.034173 0.032941 0.021132 0.049900 0.036659 0.033836 0.034103 0.028528 0.021655 0.033297 0.039655 0.076253 0.109787 0.430000 0.430000 0.430000 0.430000 0.037780 0.047879 0.430000 -9999.0
-9999.0 -9999.0 0.020064 0.020073 0.020149 0.020106 0.023220 0.020112 0.020077 0.020440 0.024227 0.320639 0.052981 0.074925 0.122000 0.430000 0.027249 0.020151 0.020099 0.059190 0.047314 0.430000 0.430000 0.309640 0.321444 0.033813 0.047456 0.045604 0.041490 0.096331 0.041856 0.054550 0.430000 0.049915 0.070836 0.051614 0.073307 0.047907 0.020698 0.021378 0.032094 0.028571 0.020521 0.042206 0.022867 0.033402 0.072028 0.244889 0.020901 0.063464 0.074282 0.430000 0.430000 0.430000 0.430000 0.430000 0.430000 0.430000 0.047115 0.050939 0.430000 0.430000 -9999.0
-9999.0 0.040740 0.050107 0.023923 0.023368 0.027184 0.020099 0.020521 0.020837 0.020876 0.020107 0.054102 0.430000 0.430000 0.430000 0.033194 0.020143 0.020143 0.194103 0.056255 0.039531 0.035786 0.430000 0.430000 0.396771 0.323197 0.393143 0.415603 0.057084 0.430000 0.055561 0.064977 0.069007 0.430000 0.066181 0.428769 0.076599 0.041434 0.430000 0.430000 0.064375 0.064187 0.030204 0.045169 0.043759 0.042863 0.430000 0.033612 0.073736 0.430000 0.430000 0.430000 0.430000 0.430000 0.430000 0.430000 0.430000 0.430000 0.409444 0.430000 0.406481 0.430000 -9999.0
-9999.0 0.020106 0.064099 0.064594 0.397706 0.065658 0.023904 0.020095 0.020061 0.020066 0.024147 0.052559 0.054063 0.430000 0.022644 0.020224 0.020473 0.020119 0.068005 0.052145 0.411027 0.430000 0.430000 0.430000 0.429989 0.404562 0.292968 0.336623 0.430000 0.034263 0.028828 0.029812 0.430000 0.430000 0.430000 0.430000 0.430000 0.427936 0.430000 0.417614 0.430000 0.430000 0.076302 0.400061 0.239508 0.028713 0.430000 0.430000 0.430000 0.430000 0.430000 0.430000 0.430000 0.430000 0.060819 0.342097 0.068569 0.124457 0.024955 0.184989 0.254177 -9999.0 -9999.0
-9999.0 0.020336 0.021674 0.023365 0.047512 0.430000 0.413277 0.049024 0.049873 0.024812 0.064125 0.051175 0.077401 0.430000 0.024910 0.020120 0.020964 0.020237 0.020123 0.056060 0.053612 0.057136 0.421543 0.430000 0.430000 0.430000 0.430000 0.430000 0.384197 0.430000 0.313710 0.221822 0.430000 0.430000 0.430000 0.404655 0.430000 0.426068 0.428123 0.428631 0.422453 0.430000 0.430000 0.255556 0.216811 0.430000 0.430000 0.430000 0.430000 0.430000 0.058147 0.430000 0.378318 0.393733 0.413641 0.051934 0.040508 0.076500 0.116667 -9999.0 -9999.0 -9999.0 -9999.0
