user2019/resources/simulation/Vinschgau/output-maps/thetaliqL0001N1081.asc
ncols         63
nrows         48
xllcorner     598000.000000
yllcorner     5145000.000000
cellsize      1000.000000
NODATA_value  -9999.0
[rows 0 to 28 of 48, columns 0 to 62 of 63]
-9999.0 -9999.0 -9999.0 -9999.0 -9999.0 -9999.0 -9999.0 -9999.0 -9999.0 -9999.0 -9999.0 -9999.0 -9999.0 -9999.0 -9999.0 -9999.0 -9999.0 -9999.0 -9999.0 -9999.0 -9999.0 -9999.0 -9999.0 -9999.0 -9999.0 -9999.0 -9999.0 -9999.0 -9999.0 -9999.0 -9999.0 -9999.0 -9999.0 -9999.0 -9999.0 -9999.0 -9999.0 -9999.0 -9999.0 -9999.0 -9999.0 -9999.0 -9999.0 -9999.0 -9999.0 -9999.0 -9999.0 -9999.0 -9999.0 -9999.0 -9999.0 -9999.0 -9999.0 -9999.0 -9999.0 -9999.0 -9999.0 -9999.0 -9999.0 -9999.0 -9999.0 -9999.0 -9999.0
-9999.0 -9999.0 -9999.0 -9999.0 -9999.0 -9999.0 -9999.0 -9999.0 -9999.0 -9999.0 -9999.0 -9999.0 -9999.0 -9999.0 -9999.0 -9999.0 -9999.0 -9999.0 -9999.0 -9999.0 -9999.0 -9999.0 -9999.0 -9999.0 -9999.0 -9999.0 -9999.0 0.020211 0.040620 0.020128 0.040000 0.040019 0.040000 -9999.0 -9999.0 -9999.0 -9999.0 -9999.0 -9999.0 -9999.0 -9999.0 -9999.0 -9999.0 -9999.0 -9999.0 -9999.0 -9999.0 -9999.0 -9999.0 -9999.0 -9999.0 -9999.0 -9999.0 -9999.0 -9999.0 -9999.0 -9999.0 -9999.0 -9999.0 -9999.0 -9999.0 -9999.0 -9999.0
-9999.0 -9999.0 -9999.0 -9999.0 -9999.0 -9999.0 -9999.0 -9999.0 -9999.0 -9999.0 -9999.0 -9999.0 -9999.0 -9999.0 -9999.0 -9999.0 -9999.0 -9999.0 -9999.0 -9999.0 -9999.0 -9999.0 -9999.0 -9999.0 0.040089 0.041573 0.040176 0.040758 0.040196 0.040202 0.040211 -9999.0 -9999.0 -9999.0 -9999.0 -9999.0 -9999.0 -9999.0 -9999.0 -9999.0 -9999.0 -9999.0 -9999.0 -9999.0 -9999.0 -9999.0 -9999.0 -9999.0 -9999.0 -9999.0 -9999.0 -9999.0 -9999.0 -9999.0 -9999.0 -9999.0 -9999.0 -9999.0 -9999.0 -9999.0 -9999.0 -9999.0 -9999.0
-9999.0 -9999.0 -9999.0 -9999.0 -9999.0 -9999.0 -9999.0 -9999.0 -9999.0 -9999.0 -9999.0 -9999.0 -9999.0 -9999.0 -9999.0 -9999.0 -9999.0 -9999.0 -9999.0 -9999.0 -9999.0 -9999.0 -9999.0 0.043408 0.040223 0.171716 0.148058 0.085226 0.314548 0.059401 0.040633 0.040024 -9999.0 -9999.0 -9999.0 -9999.0 -9999.0 -9999.0 -9999.0 -9999.0 -9999.0 -9999.0 -9999.0 -9999.0 -9999.0 -9999.0 -9999.0 -9999.0 -9999.0 -9999.0 -9999.0 -9999.0 -9999.0 -9999.0 -9999.0 -9999.0 -9999.0 -9999.0 -9999.0 -9999.0 -9999.0 -9999.0 -9999.0
-9999.0 -9999.0 -9999.0 -9999.0 -9999.0 -9999.0 -9999.0 -9999.0 -9999.0 -9999.0 -9999.0 -9999.0 -9999.0 -9999.0 -9999.0 -9999.0 -9999.0 -9999.0 0.349078 0.119081 -9999.0 0.058764 0.111558 0.145132 0.200759 0.075730 0.336770 0.356629 0.426177 0.364802 0.046507 0.040676 0.020096 0.020094 -9999.0 -9999.0 -9999.0 -9999.0 -9999.0 -9999.0 -9999.0 -9999.0 -9999.0 -9999.0 -9999.0 -9999.0 -9999.0 -9999.0 -9999.0 -9999.0 -9999.0 -9999.0 -9999.0 -9999.0 -9999.0 -9999.0 -9999.0 -9999.0 -9999.0 -9999.0 -9999.0 -9999.0 -9999.0
-9999.0 -9999.0 -9999.0 -9999.0 -9999.0 -9999.0 -9999.0 -9999.0 -9999.0 -9999.0 -9999.0 -9999.0 -9999.0 -9999.0 -9999.0 -9999.0 -9999.0 0.068331 0.069978 0.060160 0.076731 0.238583 0.402028 0.342190 0.326335 0.176006 0.040871 0.306903 0.046805 0.456122 0.134502 0.040118 0.020146 0.020219 0.020066 0.020046 -9999.0 -9999.0 -9999.0 -9999.0 -9999.0 -9999.0 -9999.0 -9999.0 -9999.0 -9999.0 -9999.0 -9999.0 -9999.0 -9999.0 -9999.0 -9999.0 -9999.0 -9999.0 -9999.0 -9999.0 -9999.0 -9999.0 -9999.0 -9999.0 -9999.0 -9999.0 -9999.0
-9999.0 -9999.0 -9999.0 -9999.0 -9999.0 -9999.0 -9999.0 -9999.0 -9999.0 -9999.0 -9999.0 -9999.0 -9999.0 0.344053 0.310468 0.072227 0.068878 0.022566 0.068956 0.071290 0.090785 0.253381 0.134239 0.328663 0.077644 0.156088 0.020140 0.040063 0.040109 0.041101 0.040158 0.040433 0.040000 0.040000 0.020137 0.020044 -9999.0 -9999.0 -9999.0 -9999.0 -9999.0 -9999.0 -9999.0 -9999.0 -9999.0 -9999.0 -9999.0 -9999.0 -9999.0 -9999.0 -9999.0 -9999.0 -9999.0 -9999.0 -9999.0 -9999.0 -9999.0 -9999.0 -9999.0 -9999.0 -9999.0 -9999.0 -9999.0
-9999.0 -9999.0 -9999.0 -9999.0 -9999.0 -9999.0 -9999.0 -9999.0 -9999.0 -9999.0 -9999.0 -9999.0 -9999.0 0.432650 0.076211 0.069994 0.069701 0.134728 0.022560 0.073114 0.069710 0.077511 0.137196 0.286737 0.376855 0.120481 0.040603 0.020229 0.020201 0.040027 0.040018 0.040715 0.020122 0.020020 0.020063 -9999.0 -9999.0 -9999.0 -9999.0 -9999.0 -9999.0 -9999.0 -9999.0 -9999.0 -9999.0 -9999.0 -9999.0 -9999.0 -9999.0 -9999.0 -9999.0 -9999.0 -9999.0 -9999.0 -9999.0 -9999.0 -9999.0 -9999.0 -9999.0 -9999.0 -9999.0 -9999.0 -9999.0
-9999.0 -9999.0 -9999.0 -9999.0 -9999.0 -9999.0 -9999.0 -9999.0 -9999.0 -9999.0 -9999.0 -9999.0 -9999.0 0.072414 0.520000 0.070942 0.070484 0.070184 0.022551 0.069170 0.184839 0.071449 0.284831 0.054016 0.300308 0.431730 0.020593 0.020195 0.040032 0.020022 0.040059 0.020019 0.020018 0.020016 0.020037 -9999.0 -9999.0 -9999.0 -9999.0 -9999.0 -9999.0 -9999.0 -9999.0 -9999.0 -9999.0 -9999.0 -9999.0 -9999.0 -9999.0 -9999.0 -9999.0 -9999.0 -9999.0 -9999.0 -9999.0 -9999.0 -9999.0 -9999.0 -9999.0 -9999.0 -9999.0 -9999.0 -9999.0
-9999.0 -9999.0 -9999.0 -9999.0 -9999.0 -9999.0 -9999.0 -9999.0 -9999.0 -9999.0 -9999.0 -9999.0 0.140686 0.520000 0.073861 0.250847 0.085226 0.072033 0.087518 0.022662 0.195256 0.180960 0.184015 0.112282 0.040155 0.040634 0.040059 0.040614 0.040000 0.020000 0.040006 0.020081 0.040000 0.020069 -9999.0 -9999.0 -9999.0 -9999.0 -9999.0 -9999.0 -9999.0 -9999.0 -9999.0 -9999.0 -9999.0 -9999.0 -9999.0 -9999.0 -9999.0 -9999.0 -9999.0 -9999.0 -9999.0 -9999.0 -9999.0 -9999.0 -9999.0 -9999.0 -9999.0 -9999.0 -9999.0 -9999.0 -9999.0
-9999.0 -9999.0 -9999.0 -9999.0 -9999.0 -9999.0 -9999.0 -9999.0 -9999.0 -9999.0 -9999.0 0.314413 0.223653 0.520000 0.075541 0.417694 0.022614 0.071090 0.240828 0.023436 0.070845 0.341937 0.105660 0.040690 0.040155 0.040000 0.040115 0.040708 0.040000 0.020046 0.020074 0.040000 0.020141 0.020062 0.020043 0.020125 0.040512 0.040643 0.040000 -9999.0 -9999.0 -9999.0 0.020052 -9999.0 -9999.0 -9999.0 -9999.0 -9999.0 -9999.0 -9999.0 -9999.0 -9999.0 -9999.0 -9999.0 -9999.0 -9999.0 -9999.0 -9999.0 -9999.0 -9999.0 -9999.0 -9999.0 -9999.0
-9999.0 -9999.0 -9999.0 -9999.0 -9999.0 -9999.0 -9999.0 -9999.0 -9999.0 -9999.0 -9999.0 0.284809 0.158508 0.150623 0.068312 0.414639 0.066100 0.068828 0.124135 0.170023 0.281125 0.432159 0.096216 0.040043 0.040018 0.040635 0.040623 0.040000 0.020071 0.020059 0.040000 0.040265 0.040023 0.040000 0.040022 0.040713 0.040219 0.040165 0.040615 0.020067 0.020074 0.020053 0.040000 0.020146 -9999.0 -9999.0 -9999.0 0.040013 0.040000 0.020001 0.040000 0.020034 0.020032 0.040076 0.040013 0.020031 -9999.0 -9999.0 -9999.0 -9999.0 -9999.0 -9999.0 -9999.0
-9999.0 -9999.0 -9999.0 -9999.0 -9999.0 -9999.0 -9999.0 -9999.0 -9999.0 -9999.0 -9999.0 0.160370 0.278711 0.385476 0.398597 0.404432 0.301071 0.071670 0.075504 0.127023 0.173404 0.235270 0.040048 0.040789 0.040632 0.020216 0.040030 0.040048 0.020213 0.040023 0.020204 0.040038 0.040054 0.040017 0.020001 0.040221 0.040060 0.040089 0.158353 0.020203 0.040000 0.040121 0.040056 0.040689 0.040017 -9999.0 0.020061 0.040020 0.040000 0.040000 0.040158 0.020107 0.040721 0.040032 0.040000 0.040000 -9999.0 -9999.0 -9999.0 -9999.0 -9999.0 -9999.0 -9999.0
-9999.0 -9999.0 -9999.0 -9999.0 -9999.0 -9999.0 -9999.0 -9999.0 -9999.0 -9999.0 -9999.0 -9999.0 0.107951 0.045694 0.402671 0.419030 0.190128 0.072815 0.167879 0.154734 0.079303 0.402526 0.040152 0.040023 0.040033 0.040044 0.120118 0.041404 0.040000 0.020166 0.040660 0.040042 0.040191 0.040000 0.040000 0.040769 0.040019 0.040101 0.336710 0.040685 0.040220 0.020583 0.040059 0.040188 0.020200 0.040000 0.020046 0.040000 0.040013 0.040022 0.044773 0.040043 0.040043 0.040032 0.040001 0.040000 0.040017 -9999.0 -9999.0 -9999.0 -9999.0 -9999.0 -9999.0
-9999.0 -9999.0 -9999.0 -9999.0 -9999.0 -9999.0 -9999.0 -9999.0 -9999.0 -9999.0 -9999.0 0.040027 0.052642 0.276037 0.040275 0.362783 0.357331 0.078354 0.154661 0.072083 0.073381 0.288030 0.116002 0.040042 0.040038 0.040094 0.040024 0.040637 0.040606 0.020227 0.040018 0.040069 0.040295 0.040000 0.040000 0.040000 0.040657 0.040025 0.210358 0.218361 0.040294 0.139274 0.040109 0.020228 0.128543 0.040640 0.040000 0.020230 0.020591 0.082281 0.020044 0.040676 0.040011 0.020026 0.020022 0.020021 0.020059 -9999.0 -9999.0 -9999.0 -9999.0 -9999.0 -9999.0
-9999.0 -9999.0 -9999.0 -9999.0 -9999.0 -9999.0 -9999.0 -9999.0 -9999.0 -9999.0 0.163628 0.040663 0.101040 0.108788 0.318656 0.151575 0.112716 0.093208 0.071593 0.072926 0.247639 0.359090 0.040266 0.273676 0.046737 0.040113 0.040052 0.020033 0.040179 0.040173 0.040101 0.040093 0.040484 0.040000 0.020042 0.020204 0.040130 0.040021 0.040342 0.410311 0.416094 0.198588 0.197346 0.381626 0.071665 0.020232 0.040052 0.040025 0.040105 0.114294 0.020028 0.020042 0.020021 0.020018 0.020019 0.040027 0.040000 -9999.0 -9999.0 -9999.0 -9999.0 -9999.0 -9999.0
-9999.0 -9999.0 -9999.0 -9999.0 -9999.0 -9999.0 -9999.0 -9999.0 -9999.0 0.040623 0.106718 0.040086 0.040131 0.040288 0.042893 0.070431 0.058636 0.436573 0.071114 0.070786 0.216310 0.081519 0.113185 0.326187 0.251941 0.040066 0.040029 0.076892 0.040360 0.040137 0.363963 0.040055 0.020211 0.020019 0.020069 0.020203 0.040251 0.040017 0.040047 0.040370 0.040086 0.040251 0.040375 0.149407 0.342584 0.080939 0.335901 0.040186 0.040188 0.394407 0.040036 0.020055 0.020017 0.020048 0.020031 0.040011 0.040014 0.020189 0.020036 -9999.0 -9999.0 -9999.0 -9999.0
-9999.0 -9999.0 -9999.0 -9999.0 -9999.0 -9999.0 -9999.0 -9999.0 -9999.0 0.040633 0.040624 0.090595 0.420108 0.156221 0.052100 0.040247 0.315687 0.373940 0.069964 0.089622 0.143386 0.072894 0.377954 0.433876 0.040102 0.040046 0.040384 0.133550 0.445821 0.447167 0.308922 0.040040 0.040000 0.040021 0.040000 0.020196 0.020208 0.020273 0.040637 0.040688 0.040021 0.040053 0.041296 0.483609 0.224222 0.346280 0.396214 0.417627 0.150068 0.376794 0.040024 0.040010 0.020025 0.040104 0.020123 0.040008 0.040015 0.040024 0.020219 -9999.0 -9999.0 -9999.0 -9999.0
-9999.0 -9999.0 -9999.0 -9999.0 -9999.0 -9999.0 -9999.0 -9999.0 -9999.0 -9999.0 0.040646 0.040237 0.045614 0.040242 0.193565 0.065383 0.135406 0.341046 0.068660 0.078941 0.181438 0.077794 0.057803 0.040446 0.040050 0.070500 0.400574 0.520000 0.316968 0.040058 0.040043 0.040053 0.040018 0.040000 0.040099 0.040250 0.073935 0.040275 0.020210 0.040000 0.040660 0.040193 0.355334 0.080387 0.091951 0.151460 0.184200 0.353589 0.295872 0.334604 0.040046 0.040018 0.020030 0.020025 0.040009 0.040021 0.040000 0.040107 0.040142 0.097881 -9999.0 -9999.0 -9999.0
-9999.0 -9999.0 -9999.0 -9999.0 -9999.0 -9999.0 -9999.0 -9999.0 -9999.0 -9999.0 0.040000 0.040171 0.075030 0.163038 0.520000 0.172325 0.104450 0.074287 0.068561 0.069907 0.069547 0.078332 0.051924 0.057949 0.045173 0.475750 0.466745 0.131914 0.040079 0.040020 0.040664 0.040266 0.020032 0.040028 0.040659 0.067401 0.040122 0.040095 0.040016 0.040557 0.040000 0.020016 0.040057 0.056873 0.133845 0.040405 0.121538 0.097262 0.169420 0.372539 0.330505 0.040050 0.040015 0.020032 0.020046 0.020025 0.040022 0.040035 0.520000 0.520000 -9999.0 -9999.0 -9999.0
-9999.0 -9999.0 -9999.0 -9999.0 -9999.0 -9999.0 -9999.0 -9999.0 0.040175 0.040636 0.040076 0.040251 0.040056 0.040072 0.047584 0.269187 0.071953 0.071505 0.072383 0.068769 0.066986 0.067787 0.074689 0.079034 0.404313 0.364003 0.407473 0.040156 0.040043 0.040021 0.020021 0.040727 0.040678 0.040033 0.040000 0.040655 0.324471 0.099085 0.040029 0.020196 0.020232 0.040279 0.020045 0.020208 0.020592 0.193373 0.040033 0.040242 0.134914 0.420580 0.421424 0.040184 0.040014 0.040009 0.020027 0.040000 0.020201 0.166835 0.448664 0.198698 -9999.0 -9999.0 -9999.0
-9999.0 -9999.0 -9999.0 -9999.0 -9999.0 -9999.0 -9999.0 -9999.0 0.020074 0.040019 0.040027 0.040326 0.040633 0.040081 0.040126 0.129376 0.075227 0.072732 0.067155 0.068395 0.085142 0.069826 0.068749 0.066426 0.069722 0.093833 0.350342 0.040463 0.020033 0.040213 0.040021 0.020207 0.040000 0.020212 0.041856 0.040161 0.476156 0.136054 0.040030 0.040194 0.040635 0.040010 0.020218 0.043904 0.083177 0.040022 0.020038 0.042148 0.040463 0.348892 0.473507 0.050505 0.040013 0.040000 0.040689 0.020054 0.040055 0.137365 0.460561 0.247584 0.073437 -9999.0 -9999.0
-9999.0 -9999.0 -9999.0 -9999.0 -9999.0 -9999.0 -9999.0 -9999.0 0.040676 0.040613 0.040000 0.040018 0.040244 0.020048 0.040045 0.040159 0.147901 0.084242 0.067698 0.080871 0.067894 0.068036 0.067988 0.069179 0.085194 0.073632 0.344362 0.040084 0.020029 0.040638 0.020222 0.040236 0.040045 0.040031 0.040229 0.306388 0.233287 0.520000 0.061954 0.040025 0.040195 0.020225 0.040185 0.040520 0.040023 0.040203 0.020196 0.040623 0.040039 0.067246 0.332523 0.415006 0.040020 0.040014 0.040050 0.040084 0.520000 0.447246 0.187153 0.262483 0.174019 -9999.0 -9999.0
-9999.0 -9999.0 -9999.0 -9999.0 -9999.0 -9999.0 -9999.0 -9999.0 0.020046 0.051717 0.040088 0.020030 0.040776 0.040038 0.040038 0.312014 0.070648 0.068717 0.154419 0.067529 0.069289 0.069169 0.070219 0.069873 0.072647 0.215328 0.045286 0.040042 0.066803 0.040027 0.040062 0.040030 0.150682 0.040033 0.045143 0.280757 0.419317 0.073764 0.378507 0.137568 0.067564 0.040206 0.078792 0.020583 0.040070 0.020227 0.040189 0.020310 0.040623 0.040106 0.091184 0.329076 0.427798 0.040051 0.467055 0.520000 0.321857 0.162544 0.078237 0.184490 0.206884 0.139751 -9999.0
-9999.0 -9999.0 -9999.0 -9999.0 -9999.0 -9999.0 -9999.0 -9999.0 0.040016 0.041624 0.040075 0.040059 0.040040 0.040463 0.511611 0.350445 0.362622 0.080281 0.169953 0.072493 0.069345 0.071341 0.070873 0.071905 0.118431 0.117960 0.040099 0.077241 0.206678 0.040842 0.040373 0.395149 0.520000 0.427909 0.400941 0.369161 0.171516 0.071176 0.071467 0.430341 0.418536 0.395454 0.424583 0.172117 0.040114 0.154114 0.040109 0.040149 0.043829 0.394201 0.431873 0.134626 0.255759 0.343057 0.520000 0.520000 0.354753 0.264716 0.233622 0.172796 0.075434 0.157110 -9999.0
-9999.0 -9999.0 0.040065 0.041055 0.040038 0.040039 0.040046 0.040013 0.040000 0.040000 0.040022 0.040089 0.042783 0.138277 0.456951 0.498453 0.064918 0.040085 0.040436 0.172394 0.072982 0.069654 0.178442 0.068491 0.074126 0.075330 0.097739 0.203870 0.199152 0.482807 0.060771 0.236740 0.339057 0.075265 0.213899 0.073209 0.075203 0.068993 0.070097 0.073397 0.096949 0.228342 0.138370 0.359284 0.145310 0.386293 0.459181 0.311384 0.315400 0.291090 0.121082 0.181108 0.311595 0.351877 0.420526 0.389065 0.340383 0.272679 0.272281 0.084578 0.297111 0.183857 -9999.0
-9999.0 0.040030 0.040022 0.040021 0.040041 0.040023 0.040036 0.040024 0.040016 0.040000 0.040042 0.040142 0.360824 0.498879 0.520000 0.040447 0.040042 0.040044 0.040039 0.073605 0.080203 0.071210 0.325065 0.077456 0.070414 0.073737 0.078509 0.111255 0.080332 0.231200 0.109894 0.100204 0.143218 0.163896 0.071249 0.072480 0.069603 0.066625 0.072136 0.075314 0.071345 0.071275 0.073885 0.070453 0.071957 0.071214 0.171810 0.068670 0.072451 0.072379 0.198052 0.276472 0.341484 0.391744 0.410331 0.520000 0.388383 0.360918 0.520000 0.445863 0.332003 0.189482 -9999.0
-9999.0 0.158597 0.040415 0.040140 0.281144 0.040120 0.040029 0.040019 0.040037 0.040000 0.040029 0.040083 0.326779 0.520000 0.042662 0.040018 0.040027 0.040035 0.040344 0.157591 0.520000 0.242469 0.099359 0.326308 0.257147 0.094531 0.068344 0.070226 0.077663 0.067085 0.066740 0.067154 0.082448 0.076869 0.077717 0.071168 0.072886 0.070100 0.068918 0.068558 0.068556 0.069505 0.067839 0.066049 0.065564 0.065472 0.071369 0.075592 0.083594 0.140105 0.227907 0.208611 0.332213 0.520000 0.520000 0.050097 0.057963 0.044216 0.050254 0.041297 0.053072 -9999.0 -9999.0
-9999.0 0.097003 0.040132 0.041268 0.432091 0.364221 0.292649 0.040054 0.040042 0.040046 0.040040 0.057376 0.498783 0.441359 0.040063 0.040014 0.040020 0.040038 0.040056 0.061375 0.041139 0.050967 0.181027 0.306969 0.290736 0.186319 0.159017 0.137314 0.070068 0.074666 0.068532 0.068038 0.074773 0.073631 0.071153 0.069608 0.069496 0.069664 0.069150 0.068577 0.068299 0.070561 0.068760 0.066344 0.066619 0.071286 0.072925 0.093207 0.175832 0.076889 0.278777 0.427535 0.056309 0.283386 0.040769 0.040081 0.040078 0.040054 0.040061 -9999.0 -9999.0 -9999.0 -9999.0
