user2019/resources/simulation/Vinschgau/output-maps/thetaiceL0001N0205.asc
ncols         63
nrows         48
xllcorner     598000.000000
yllcorner     5145000.000000
cellsize      1000.000000
NODATA_value  -9999.0
[rows 0 to 28 of 48, columns 0 to 62 of 63]
-9999.0 -9999.0 -9999.0 -9999.0 -9999.0 -9999.0 -9999.0 -9999.0 -9999.0 -9999.0 -9999.0 -9999.0 -9999.0 -9999.0 -9999.0 -9999.0 -9999.0 -9999.0 -9999.0 -9999.0 -9999.0 -9999.0 -9999.0 -9999.0 -9999.0 -9999.0 -9999.0 -9999.0 -9999.0 -9999.0 -9999.0 -9999.0 -9999.0 -9999.0 -9999.0 -9999.0 -9999.0 -9999.0 -9999.0 -9999.0 -9999.0 -9999.0 -9999.0 -9999.0 -9999.0 -9999.0 -9999.0 -9999.0 -9999.0 -9999.0 -9999.0 -9999.0 -9999.0 -9999.0 -9999.0 -9999.0 -9999.0 -9999.0 -9999.0 -9999.0 -9999.0 -9999.0 -9999.0
-9999.0 -9999.0 -9999.0 -9999.0 -9999.0 -9999.0 -9999.0 -9999.0 -9999.0 -9999.0 -9999.0 -9999.0 -9999.0 -9999.0 -9999.0 -9999.0 -9999.0 -9999.0 -9999.0 -9999.0 -9999.0 -9999.0 -9999.0 -9999.0 -9999.0 -9999.0 -9999.0 0.173972 0.479993 0.174407 0.409551 0.314690 0.313022 -9999.0 -9999.0 -9999.0 -9999.0 -9999.0 -9999.0 -9999.0 -9999.0 -9999.0 -9999.0 -9999.0 -9999.0 -9999.0 -9999.0 -9999.0 -9999.0 -9999.0 -9999.0 -9999.0 -9999.0 -9999.0 -9999.0 -9999.0 -9999.0 -9999.0 -9999.0 -9999.0 -9999.0 -9999.0 -9999.0
-9999.0 -9999.0 -9999.0 -9999.0 -9999.0 -9999.0 -9999.0 -9999.0 -9999.0 -9999.0 -9999.0 -9999.0 -9999.0 -9999.0 -9999.0 -9999.0 -9999.0 -9999.0 -9999.0 -9999.0 -9999.0 -9999.0 -9999.0 -9999.0 0.479980 0.479991 0.479993 0.479993 0.479993 0.479993 0.479992 -9999.0 -9999.0 -9999.0 -9999.0 -9999.0 -9999.0 -9999.0 -9999.0 -9999.0 -9999.0 -9999.0 -9999.0 -9999.0 -9999.0 -9999.0 -9999.0 -9999.0 -9999.0 -9999.0 -9999.0 -9999.0 -9999.0 -9999.0 -9999.0 -9999.0 -9999.0 -9999.0 -9999.0 -9999.0 -9999.0 -9999.0 -9999.0
-9999.0 -9999.0 -9999.0 -9999.0 -9999.0 -9999.0 -9999.0 -9999.0 -9999.0 -9999.0 -9999.0 -9999.0 -9999.0 -9999.0 -9999.0 -9999.0 -9999.0 -9999.0 -9999.0 -9999.0 -9999.0 -9999.0 -9999.0 0.479989 0.479990 0.479944 0.479984 0.479985 0.479991 0.479994 0.479994 0.479991 -9999.0 -9999.0 -9999.0 -9999.0 -9999.0 -9999.0 -9999.0 -9999.0 -9999.0 -9999.0 -9999.0 -9999.0 -9999.0 -9999.0 -9999.0 -9999.0 -9999.0 -9999.0 -9999.0 -9999.0 -9999.0 -9999.0 -9999.0 -9999.0 -9999.0 -9999.0 -9999.0 -9999.0 -9999.0 -9999.0 -9999.0
-9999.0 -9999.0 -9999.0 -9999.0 -9999.0 -9999.0 -9999.0 -9999.0 -9999.0 -9999.0 -9999.0 -9999.0 -9999.0 -9999.0 -9999.0 -9999.0 -9999.0 -9999.0 0.479941 0.479982 -9999.0 0.479983 0.479987 0.479980 0.479983 0.479996 0.479981 0.479980 0.479993 0.479990 0.479994 0.479993 0.174726 0.174904 -9999.0 -9999.0 -9999.0 -9999.0 -9999.0 -9999.0 -9999.0 -9999.0 -9999.0 -9999.0 -9999.0 -9999.0 -9999.0 -9999.0 -9999.0 -9999.0 -9999.0 -9999.0 -9999.0 -9999.0 -9999.0 -9999.0 -9999.0 -9999.0 -9999.0 -9999.0 -9999.0 -9999.0 -9999.0
-9999.0 -9999.0 -9999.0 -9999.0 -9999.0 -9999.0 -9999.0 -9999.0 -9999.0 -9999.0 -9999.0 -9999.0 -9999.0 -9999.0 -9999.0 -9999.0 -9999.0 0.479985 0.479996 0.179978 0.173566 0.479981 0.479981 0.479994 0.479991 0.479992 0.432586 0.290989 0.479990 0.479982 0.479991 0.479994 0.174594 0.174803 0.174497 0.072318 -9999.0 -9999.0 -9999.0 -9999.0 -9999.0 -9999.0 -9999.0 -9999.0 -9999.0 -9999.0 -9999.0 -9999.0 -9999.0 -9999.0 -9999.0 -9999.0 -9999.0 -9999.0 -9999.0 -9999.0 -9999.0 -9999.0 -9999.0 -9999.0 -9999.0 -9999.0 -9999.0
-9999.0 -9999.0 -9999.0 -9999.0 -9999.0 -9999.0 -9999.0 -9999.0 -9999.0 -9999.0 -9999.0 -9999.0 -9999.0 0.479986 0.479979 0.479991 0.479991 0.179981 0.479988 0.479989 0.479991 0.479988 0.479995 0.479992 0.479993 0.367702 0.174044 0.134129 0.295631 0.190103 0.479988 0.479992 0.479993 0.479995 0.175036 0.061121 -9999.0 -9999.0 -9999.0 -9999.0 -9999.0 -9999.0 -9999.0 -9999.0 -9999.0 -9999.0 -9999.0 -9999.0 -9999.0 -9999.0 -9999.0 -9999.0 -9999.0 -9999.0 -9999.0 -9999.0 -9999.0 -9999.0 -9999.0 -9999.0 -9999.0 -9999.0 -9999.0
-9999.0 -9999.0 -9999.0 -9999.0 -9999.0 -9999.0 -9999.0 -9999.0 -9999.0 -9999.0 -9999.0 -9999.0 -9999.0 0.479975 0.479828 0.479980 0.479981 0.479979 0.179737 0.479996 0.479996 0.479993 0.479982 0.479989 0.479986 0.479989 0.479993 0.174595 0.174708 0.452062 0.127058 0.351346 0.127553 0.121384 0.067821 -9999.0 -9999.0 -9999.0 -9999.0 -9999.0 -9999.0 -9999.0 -9999.0 -9999.0 -9999.0 -9999.0 -9999.0 -9999.0 -9999.0 -9999.0 -9999.0 -9999.0 -9999.0 -9999.0 -9999.0 -9999.0 -9999.0 -9999.0 -9999.0 -9999.0 -9999.0 -9999.0 -9999.0
-9999.0 -9999.0 -9999.0 -9999.0 -9999.0 -9999.0 -9999.0 -9999.0 -9999.0 -9999.0 -9999.0 -9999.0 -9999.0 0.479979 0.479984 0.479724 0.479978 0.479989 0.179033 0.479993 0.479974 0.174113 0.479987 0.479984 0.479972 0.479965 0.174240 0.174645 0.479993 0.130556 0.322985 0.097522 0.138307 0.054804 0.058675 -9999.0 -9999.0 -9999.0 -9999.0 -9999.0 -9999.0 -9999.0 -9999.0 -9999.0 -9999.0 -9999.0 -9999.0 -9999.0 -9999.0 -9999.0 -9999.0 -9999.0 -9999.0 -9999.0 -9999.0 -9999.0 -9999.0 -9999.0 -9999.0 -9999.0 -9999.0 -9999.0 -9999.0
-9999.0 -9999.0 -9999.0 -9999.0 -9999.0 -9999.0 -9999.0 -9999.0 -9999.0 -9999.0 -9999.0 -9999.0 0.479975 0.479954 0.479717 0.479991 0.479926 0.479987 0.479991 0.174487 0.479980 0.479988 0.479988 0.479981 0.479973 0.394747 0.479982 0.479990 0.479993 0.136691 0.343590 0.174607 0.479995 0.175040 -9999.0 -9999.0 -9999.0 -9999.0 -9999.0 -9999.0 -9999.0 -9999.0 -9999.0 -9999.0 -9999.0 -9999.0 -9999.0 -9999.0 -9999.0 -9999.0 -9999.0 -9999.0 -9999.0 -9999.0 -9999.0 -9999.0 -9999.0 -9999.0 -9999.0 -9999.0 -9999.0 -9999.0 -9999.0
-9999.0 -9999.0 -9999.0 -9999.0 -9999.0 -9999.0 -9999.0 -9999.0 -9999.0 -9999.0 -9999.0 0.479965 0.479983 0.479906 0.479989 0.479987 0.174057 0.479986 0.479990 0.174423 0.479993 0.479950 0.479988 0.417471 0.479989 0.479989 0.384381 0.479990 0.479992 0.134384 0.174275 0.479994 0.174722 0.175194 0.175258 0.175537 0.479998 0.479998 0.479998 -9999.0 -9999.0 -9999.0 0.175248 -9999.0 -9999.0 -9999.0 -9999.0 -9999.0 -9999.0 -9999.0 -9999.0 -9999.0 -9999.0 -9999.0 -9999.0 -9999.0 -9999.0 -9999.0 -9999.0 -9999.0 -9999.0 -9999.0 -9999.0
-9999.0 -9999.0 -9999.0 -9999.0 -9999.0 -9999.0 -9999.0 -9999.0 -9999.0 -9999.0 -9999.0 0.479985 0.479977 0.479969 0.479972 0.479990 0.479981 0.479994 0.479991 0.479977 0.479982 0.479971 0.479983 0.479987 0.479987 0.479991 0.479991 0.479992 0.174008 0.174606 0.479994 0.479995 0.479996 0.479995 0.479997 0.479997 0.479998 0.216613 0.212246 0.176031 0.175888 0.175696 0.479997 0.174982 -9999.0 -9999.0 -9999.0 0.479791 0.479950 0.172512 0.479943 0.172525 0.172541 0.478460 0.477945 0.173016 -9999.0 -9999.0 -9999.0 -9999.0 -9999.0 -9999.0 -9999.0
-9999.0 -9999.0 -9999.0 -9999.0 -9999.0 -9999.0 -9999.0 -9999.0 -9999.0 -9999.0 -9999.0 0.479981 0.479982 0.479992 0.479971 0.479990 0.479983 0.479991 0.479994 0.479990 0.479978 0.479984 0.479985 0.479986 0.479992 0.174248 0.479991 0.479991 0.174331 0.479992 0.174595 0.479994 0.479995 0.479996 0.175433 0.479998 0.479996 0.479996 0.049060 0.162428 0.479998 0.479998 0.479997 0.479996 0.479993 -9999.0 0.173733 0.479968 0.479968 0.479970 0.479968 0.179952 0.479925 0.479018 0.479388 0.478040 -9999.0 -9999.0 -9999.0 -9999.0 -9999.0 -9999.0 -9999.0
-9999.0 -9999.0 -9999.0 -9999.0 -9999.0 -9999.0 -9999.0 -9999.0 -9999.0 -9999.0 -9999.0 -9999.0 0.479977 0.479970 0.479969 0.479969 0.479989 0.479990 0.479992 0.479990 0.479992 0.479980 0.479979 0.479985 0.479991 0.479989 0.479962 0.479993 0.479992 0.174155 0.479993 0.479994 0.479995 0.479996 0.479997 0.479997 0.479997 0.100798 0.029865 0.058851 0.479998 0.175577 0.479997 0.479995 0.174813 0.479990 0.173401 0.479970 0.479982 0.479989 0.479975 0.479945 0.479731 0.479616 0.479927 0.479914 0.479776 -9999.0 -9999.0 -9999.0 -9999.0 -9999.0 -9999.0
-9999.0 -9999.0 -9999.0 -9999.0 -9999.0 -9999.0 -9999.0 -9999.0 -9999.0 -9999.0 -9999.0 0.479968 0.347833 0.479987 0.479978 0.479977 0.479978 0.479990 0.479988 0.479986 0.479994 0.479982 0.479969 0.479990 0.479986 0.479980 0.479972 0.479992 0.479992 0.174316 0.479993 0.479994 0.479994 0.479995 0.305426 0.479997 0.160793 0.479997 0.479995 0.135020 0.479997 0.479995 0.479996 0.175189 0.479994 0.479990 0.479985 0.179973 0.179962 0.479993 0.173333 0.352140 0.371791 0.044322 0.022163 0.165535 0.174309 -9999.0 -9999.0 -9999.0 -9999.0 -9999.0 -9999.0
-9999.0 -9999.0 -9999.0 -9999.0 -9999.0 -9999.0 -9999.0 -9999.0 -9999.0 -9999.0 0.479958 0.479968 0.479967 0.479984 0.479946 0.479981 0.479988 0.479984 0.479989 0.479991 0.479982 0.479915 0.479987 0.479948 0.479985 0.479971 0.479991 0.174527 0.479989 0.479982 0.479992 0.479991 0.479993 0.372222 0.068050 0.175454 0.479998 0.479997 0.479995 0.479993 0.479992 0.179986 0.179916 0.479992 0.479995 0.174684 0.479985 0.479993 0.479991 0.479991 0.173294 0.146342 0.019790 0.143354 0.149147 0.478586 0.478447 -9999.0 -9999.0 -9999.0 -9999.0 -9999.0 -9999.0
-9999.0 -9999.0 -9999.0 -9999.0 -9999.0 -9999.0 -9999.0 -9999.0 -9999.0 0.479985 0.479954 0.479962 0.479977 0.479974 0.479916 0.479985 0.479984 0.479961 0.479995 0.479983 0.479991 0.479994 0.479993 0.479993 0.479974 0.479991 0.479993 0.479978 0.479992 0.479992 0.479995 0.479993 0.059493 0.134217 0.175159 0.175323 0.479996 0.479997 0.479997 0.479997 0.479994 0.479995 0.479995 0.479991 0.479996 0.479996 0.479989 0.479993 0.479990 0.479988 0.479989 0.172925 0.123608 0.173304 0.172808 0.479914 0.479468 0.179882 0.179868 -9999.0 -9999.0 -9999.0 -9999.0
-9999.0 -9999.0 -9999.0 -9999.0 -9999.0 -9999.0 -9999.0 -9999.0 -9999.0 0.479986 0.479984 0.479986 0.479983 0.479978 0.479973 0.479966 0.479770 0.479988 0.479994 0.479992 0.479992 0.479824 0.479980 0.479973 0.479990 0.479990 0.479988 0.479991 0.479995 0.479977 0.479992 0.479994 0.479993 0.479992 0.479995 0.175012 0.175238 0.175213 0.479996 0.479995 0.361108 0.340284 0.479995 0.479995 0.479988 0.479988 0.479989 0.479996 0.479992 0.479992 0.479984 0.479975 0.173342 0.479971 0.173896 0.479740 0.479858 0.479914 0.179895 -9999.0 -9999.0 -9999.0 -9999.0
-9999.0 -9999.0 -9999.0 -9999.0 -9999.0 -9999.0 -9999.0 -9999.0 -9999.0 -9999.0 0.479984 0.479985 0.479982 0.479989 0.479988 0.479973 0.479973 0.479987 0.479977 0.479968 0.479984 0.479992 0.479969 0.479972 0.479990 0.479992 0.479995 0.479989 0.479990 0.390791 0.475500 0.479973 0.324862 0.479993 0.479994 0.479993 0.479994 0.479995 0.174927 0.479995 0.373881 0.479992 0.479992 0.479990 0.479994 0.479995 0.479994 0.479982 0.479986 0.479995 0.479988 0.479976 0.173362 0.173289 0.462757 0.479978 0.479927 0.479971 0.479966 0.479648 -9999.0 -9999.0 -9999.0
-9999.0 -9999.0 -9999.0 -9999.0 -9999.0 -9999.0 -9999.0 -9999.0 -9999.0 -9999.0 0.479984 0.479984 0.479969 0.479964 0.479976 0.479990 0.479989 0.479993 0.470730 0.479858 0.479992 0.479995 0.479992 0.479987 0.479988 0.479993 0.479983 0.479991 0.479990 0.364118 0.358373 0.479983 0.174468 0.366475 0.399020 0.479992 0.479995 0.479994 0.479995 0.479993 0.479989 0.173719 0.479986 0.356264 0.479962 0.479985 0.479968 0.479992 0.479988 0.479995 0.479994 0.479964 0.479955 0.174619 0.172923 0.176620 0.479978 0.479909 0.479994 0.479990 -9999.0 -9999.0 -9999.0
-9999.0 -9999.0 -9999.0 -9999.0 -9999.0 -9999.0 -9999.0 -9999.0 0.479969 0.479962 0.479988 0.479971 0.479980 0.479982 0.479964 0.479992 0.479994 0.479963 0.479810 0.479756 0.479959 0.479982 0.479989 0.479995 0.479995 0.479982 0.479990 0.479990 0.479985 0.479991 0.100430 0.479992 0.479990 0.479989 0.479985 0.380357 0.479983 0.479993 0.479994 0.173765 0.174037 0.436506 0.066585 0.136489 0.179966 0.479965 0.336303 0.479956 0.479991 0.479991 0.479987 0.479984 0.479952 0.479945 0.179902 0.479869 0.179909 0.479773 0.479991 0.457595 -9999.0 -9999.0 -9999.0
-9999.0 -9999.0 -9999.0 -9999.0 -9999.0 -9999.0 -9999.0 -9999.0 0.173437 0.479971 0.479990 0.289084 0.479986 0.479973 0.479962 0.479978 0.479971 0.479973 0.479950 0.465804 0.479401 0.350644 0.479872 0.479961 0.479991 0.479977 0.479993 0.479989 0.174106 0.479986 0.479985 0.174172 0.479981 0.173480 0.479964 0.479971 0.479989 0.479991 0.479991 0.479978 0.332617 0.321350 0.145671 0.479966 0.479976 0.479954 0.173677 0.479986 0.479983 0.479987 0.479994 0.479977 0.479950 0.479014 0.479980 0.179964 0.479974 0.479990 0.479986 0.478494 0.460753 -9999.0 -9999.0
-9999.0 -9999.0 -9999.0 -9999.0 -9999.0 -9999.0 -9999.0 -9999.0 0.446325 0.479982 0.479966 0.479989 0.479976 0.173672 0.479969 0.479990 0.479995 0.479994 0.479946 0.479420 0.470919 0.370393 0.341324 0.479726 0.422954 0.479994 0.479991 0.479990 0.174689 0.479991 0.174070 0.479979 0.479991 0.479992 0.479964 0.479975 0.479977 0.479992 0.479989 0.479983 0.479975 0.173261 0.479955 0.479969 0.479975 0.479979 0.173021 0.479896 0.479951 0.479990 0.479983 0.479994 0.479987 0.479987 0.479994 0.479993 0.461590 0.460618 0.475020 0.473451 0.478794 -9999.0 -9999.0
-9999.0 -9999.0 -9999.0 -9999.0 -9999.0 -9999.0 -9999.0 -9999.0 0.174263 0.479982 0.479862 0.174008 0.479931 0.479818 0.479986 0.479994 0.479977 0.479948 0.479982 0.479929 0.479757 0.477719 0.390855 0.436895 0.479986 0.479978 0.479968 0.479991 0.479978 0.479983 0.479991 0.479990 0.479991 0.479985 0.479988 0.479983 0.479985 0.479986 0.479991 0.479988 0.479956 0.479961 0.479963 0.179971 0.479956 0.179941 0.479960 0.179952 0.479965 0.479989 0.479967 0.479985 0.479993 0.479993 0.462865 0.461481 0.475622 0.470957 0.479672 0.478949 0.479951 0.479904 -9999.0
-9999.0 -9999.0 -9999.0 -9999.0 -9999.0 -9999.0 -9999.0 -9999.0 0.479982 0.479961 0.479764 0.479971 0.479978 0.479994 0.479990 0.479991 0.479990 0.479992 0.479973 0.479985 0.479969 0.478674 0.479428 0.460252 0.479993 0.479983 0.479989 0.479979 0.479992 0.479987 0.479987 0.479976 0.479995 0.479977 0.479990 0.479988 0.479986 0.479988 0.479992 0.479985 0.479990 0.479989 0.479987 0.479989 0.479988 0.479969 0.479989 0.479989 0.479987 0.479992 0.479994 0.479989 0.479986 0.463971 0.469432 0.475767 0.479910 0.479703 0.458453 0.479965 0.479993 0.479688 -9999.0
-9999.0 -9999.0 0.479986 0.479964 0.479967 0.479982 0.479965 0.479986 0.479975 0.479956 0.479968 0.479989 0.479979 0.479985 0.479993 0.479985 0.479992 0.479982 0.479978 0.479969 0.479986 0.468568 0.479689 0.458074 0.461842 0.479994 0.479993 0.479995 0.464515 0.479989 0.479982 0.479980 0.479985 0.479994 0.479993 0.479994 0.479993 0.479991 0.479991 0.479986 0.479990 0.479994 0.479993 0.479989 0.479987 0.479986 0.479995 0.479994 0.467691 0.458090 0.469238 0.475311 0.479904 0.479951 0.479964 0.479979 0.462343 0.474190 0.479994 0.479993 0.479706 0.479695 -9999.0
-9999.0 0.479972 0.479976 0.479968 0.479971 0.479969 0.479966 0.479971 0.479974 0.479979 0.479964 0.479921 0.479955 0.479945 0.479936 0.479960 0.479975 0.479971 0.479940 0.479982 0.479992 0.479974 0.479975 0.479941 0.478370 0.460871 0.479094 0.468106 0.460213 0.463795 0.472011 0.479995 0.479993 0.477760 0.479988 0.475428 0.475925 0.476595 0.475851 0.479950 0.479987 0.458510 0.458641 0.479994 0.479995 0.479989 0.479977 0.462406 0.474376 0.450106 0.479924 0.479958 0.477584 0.462606 0.464005 0.479993 0.479930 0.479922 0.479903 0.479652 0.478876 0.479028 -9999.0
-9999.0 0.479964 0.479976 0.479975 0.479782 0.479975 0.479984 0.479988 0.479980 0.479988 0.479978 0.479965 0.479977 0.479897 0.479988 0.479977 0.479977 0.479986 0.479973 0.479986 0.479923 0.479985 0.479979 0.458342 0.479470 0.479496 0.479928 0.479296 0.479596 0.479907 0.479914 0.479950 0.456873 0.456828 0.478232 0.474211 0.442096 0.307305 0.290477 0.376342 0.425736 0.473326 0.474171 0.479830 0.479729 0.479719 0.431740 0.427423 0.479716 0.479784 0.479977 0.479994 0.479933 0.479994 0.479986 0.479895 0.479953 0.479788 0.479914 0.478633 0.478463 -9999.0 -9999.0
-9999.0 0.479977 0.479986 0.479967 0.479995 0.479776 0.479763 0.479971 0.479972 0.479969 0.479929 0.479988 0.479985 0.479886 0.479925 0.479972 0.479957 0.479955 0.479984 0.479975 0.479962 0.479967 0.479966 0.479990 0.479992 0.479944 0.479898 0.479871 0.479848 0.479850 0.479817 0.418201 0.478220 0.457216 0.458680 0.458673 0.381058 0.476037 0.311020 0.298698 0.295363 0.479203 0.390247 0.373268 0.402604 0.469933 0.479707 0.468723 0.479974 0.479982 0.479972 0.479967 0.479901 0.479907 0.479926 0.479734 0.479644 0.479536 0.479402 -9999.0 -9999.0 -9999.0 -9999.0
