user2019/resources/simulation/Vinschgau/output-maps/thetaiceL0005N0180.asc
ncols         63
nrows         48
xllcorner     598000.000000
yllcorner     5145000.000000
cellsize      1000.000000
NODATA_value  -9999.0
[rows 0 to 28 of 48, columns 0 to 62 of 63]
-9999.0 -9999.0 -9999.0 -9999.0 -9999.0 -9999.0 -9999.0 -9999.0 -9999.0 -9999.0 -9999.0 -9999.0 -9999.0 -9999.0 -9999.0 -9999.0 -9999.0 -9999.0 -9999.0 -9999.0 -9999.0 -9999.0 -9999.0 -9999.0 -9999.0 -9999.0 -9999.0 -9999.0 -9999.0 -9999.0 -9999.0 -9999.0 -9999.0 -9999.0 -9999.0 -9999.0 -9999.0 -9999.0 -9999.0 -9999.0 -9999.0 -9999.0 -9999.0 -9999.0 -9999.0 -9999.0 -9999.0 -9999.0 -9999.0 -9999.0 -9999.0 -9999.0 -9999.0 -9999.0 -9999.0 -9999.0 -9999.0 -9999.0 -9999.0 -9999.0 -9999.0 -9999.0 -9999.0
-9999.0 -9999.0 -9999.0 -9999.0 -9999.0 -9999.0 -9999.0 -9999.0 -9999.0 -9999.0 -9999.0 -9999.0 -9999.0 -9999.0 -9999.0 -9999.0 -9999.0 -9999.0 -9999.0 -9999.0 -9999.0 -9999.0 -9999.0 -9999.0 -9999.0 -9999.0 -9999.0 0.019950 0.097634 0.019910 0.083262 0.019933 0.019933 -9999.0 -9999.0 -9999.0 -9999.0 -9999.0 -9999.0 -9999.0 -9999.0 -9999.0 -9999.0 -9999.0 -9999.0 -9999.0 -9999.0 -9999.0 -9999.0 -9999.0 -9999.0 -9999.0 -9999.0 -9999.0 -9999.0 -9999.0 -9999.0 -9999.0 -9999.0 -9999.0 -9999.0 -9999.0 -9999.0
-9999.0 -9999.0 -9999.0 -9999.0 -9999.0 -9999.0 -9999.0 -9999.0 -9999.0 -9999.0 -9999.0 -9999.0 -9999.0 -9999.0 -9999.0 -9999.0 -9999.0 -9999.0 -9999.0 -9999.0 -9999.0 -9999.0 -9999.0 -9999.0 0.173328 0.181316 0.211395 0.190274 0.200722 0.071493 0.084373 -9999.0 -9999.0 -9999.0 -9999.0 -9999.0 -9999.0 -9999.0 -9999.0 -9999.0 -9999.0 -9999.0 -9999.0 -9999.0 -9999.0 -9999.0 -9999.0 -9999.0 -9999.0 -9999.0 -9999.0 -9999.0 -9999.0 -9999.0 -9999.0 -9999.0 -9999.0 -9999.0 -9999.0 -9999.0 -9999.0 -9999.0 -9999.0
-9999.0 -9999.0 -9999.0 -9999.0 -9999.0 -9999.0 -9999.0 -9999.0 -9999.0 -9999.0 -9999.0 -9999.0 -9999.0 -9999.0 -9999.0 -9999.0 -9999.0 -9999.0 -9999.0 -9999.0 -9999.0 -9999.0 -9999.0 0.187190 0.210308 0.354701 0.366418 0.359972 0.365407 0.070674 0.129772 0.087735 -9999.0 -9999.0 -9999.0 -9999.0 -9999.0 -9999.0 -9999.0 -9999.0 -9999.0 -9999.0 -9999.0 -9999.0 -9999.0 -9999.0 -9999.0 -9999.0 -9999.0 -9999.0 -9999.0 -9999.0 -9999.0 -9999.0 -9999.0 -9999.0 -9999.0 -9999.0 -9999.0 -9999.0 -9999.0 -9999.0 -9999.0
-9999.0 -9999.0 -9999.0 -9999.0 -9999.0 -9999.0 -9999.0 -9999.0 -9999.0 -9999.0 -9999.0 -9999.0 -9999.0 -9999.0 -9999.0 -9999.0 -9999.0 -9999.0 0.358351 0.349139 -9999.0 0.192572 0.242107 0.362518 0.382299 0.363986 0.267965 0.259894 0.389139 0.355392 0.072958 0.118726 0.019923 0.019967 -9999.0 -9999.0 -9999.0 -9999.0 -9999.0 -9999.0 -9999.0 -9999.0 -9999.0 -9999.0 -9999.0 -9999.0 -9999.0 -9999.0 -9999.0 -9999.0 -9999.0 -9999.0 -9999.0 -9999.0 -9999.0 -9999.0 -9999.0 -9999.0 -9999.0 -9999.0 -9999.0 -9999.0 -9999.0
-9999.0 -9999.0 -9999.0 -9999.0 -9999.0 -9999.0 -9999.0 -9999.0 -9999.0 -9999.0 -9999.0 -9999.0 -9999.0 -9999.0 -9999.0 -9999.0 -9999.0 0.336471 0.368820 0.000104 0.019826 0.283894 0.348254 0.217253 0.376141 0.254722 0.230093 0.164113 0.235625 0.253192 0.317562 0.071742 0.019765 0.019875 0.019980 0.019913 -9999.0 -9999.0 -9999.0 -9999.0 -9999.0 -9999.0 -9999.0 -9999.0 -9999.0 -9999.0 -9999.0 -9999.0 -9999.0 -9999.0 -9999.0 -9999.0 -9999.0 -9999.0 -9999.0 -9999.0 -9999.0 -9999.0 -9999.0 -9999.0 -9999.0 -9999.0 -9999.0
-9999.0 -9999.0 -9999.0 -9999.0 -9999.0 -9999.0 -9999.0 -9999.0 -9999.0 -9999.0 -9999.0 -9999.0 -9999.0 0.068167 0.342791 0.360732 0.359511 0.019572 0.343494 0.349817 0.364394 0.380618 0.364972 0.388972 0.195307 0.199597 0.018272 0.049567 0.053379 0.174694 0.161699 0.225920 0.080847 0.085572 0.019911 0.019911 -9999.0 -9999.0 -9999.0 -9999.0 -9999.0 -9999.0 -9999.0 -9999.0 -9999.0 -9999.0 -9999.0 -9999.0 -9999.0 -9999.0 -9999.0 -9999.0 -9999.0 -9999.0 -9999.0 -9999.0 -9999.0 -9999.0 -9999.0 -9999.0 -9999.0 -9999.0 -9999.0
-9999.0 -9999.0 -9999.0 -9999.0 -9999.0 -9999.0 -9999.0 -9999.0 -9999.0 -9999.0 -9999.0 -9999.0 -9999.0 0.311386 0.383801 0.359136 0.359166 0.365494 0.019496 0.362001 0.369536 0.252453 0.389852 0.293247 0.301174 0.055277 0.098962 0.019908 0.019907 0.071180 0.194115 0.078332 0.019913 0.019912 0.019911 -9999.0 -9999.0 -9999.0 -9999.0 -9999.0 -9999.0 -9999.0 -9999.0 -9999.0 -9999.0 -9999.0 -9999.0 -9999.0 -9999.0 -9999.0 -9999.0 -9999.0 -9999.0 -9999.0 -9999.0 -9999.0 -9999.0 -9999.0 -9999.0 -9999.0 -9999.0 -9999.0 -9999.0
-9999.0 -9999.0 -9999.0 -9999.0 -9999.0 -9999.0 -9999.0 -9999.0 -9999.0 -9999.0 -9999.0 -9999.0 -9999.0 0.313721 0.382534 0.355582 0.360998 0.361420 0.019526 0.361520 0.353316 0.013647 0.253888 0.228725 0.163417 0.150136 0.019919 0.019911 0.131218 0.019912 0.076782 0.019913 0.019914 0.019917 0.019914 -9999.0 -9999.0 -9999.0 -9999.0 -9999.0 -9999.0 -9999.0 -9999.0 -9999.0 -9999.0 -9999.0 -9999.0 -9999.0 -9999.0 -9999.0 -9999.0 -9999.0 -9999.0 -9999.0 -9999.0 -9999.0 -9999.0 -9999.0 -9999.0 -9999.0 -9999.0 -9999.0 -9999.0
-9999.0 -9999.0 -9999.0 -9999.0 -9999.0 -9999.0 -9999.0 -9999.0 -9999.0 -9999.0 -9999.0 -9999.0 0.147808 0.384255 0.387350 0.195990 0.353606 0.361730 0.388367 0.000010 0.213377 0.184079 0.015679 0.190234 0.277916 0.078083 0.191582 0.091396 0.068860 0.019913 0.075783 0.019956 0.119120 0.019911 -9999.0 -9999.0 -9999.0 -9999.0 -9999.0 -9999.0 -9999.0 -9999.0 -9999.0 -9999.0 -9999.0 -9999.0 -9999.0 -9999.0 -9999.0 -9999.0 -9999.0 -9999.0 -9999.0 -9999.0 -9999.0 -9999.0 -9999.0 -9999.0 -9999.0 -9999.0 -9999.0 -9999.0 -9999.0
-9999.0 -9999.0 -9999.0 -9999.0 -9999.0 -9999.0 -9999.0 -9999.0 -9999.0 -9999.0 -9999.0 0.206396 0.277106 0.358301 0.182871 0.245911 0.016280 0.362432 0.361084 0.000051 0.372449 0.326375 0.081065 0.078076 0.062051 0.072602 0.077515 0.075498 0.211403 0.019913 0.019967 0.115852 0.019916 0.019908 0.019876 0.019846 0.060458 0.131347 0.058354 -9999.0 -9999.0 -9999.0 0.019936 -9999.0 -9999.0 -9999.0 -9999.0 -9999.0 -9999.0 -9999.0 -9999.0 -9999.0 -9999.0 -9999.0 -9999.0 -9999.0 -9999.0 -9999.0 -9999.0 -9999.0 -9999.0 -9999.0 -9999.0
-9999.0 -9999.0 -9999.0 -9999.0 -9999.0 -9999.0 -9999.0 -9999.0 -9999.0 -9999.0 -9999.0 0.230344 0.193667 0.278918 0.326728 0.084030 0.219866 0.357735 0.361768 0.361613 0.386541 0.345704 0.188392 0.224017 0.234294 0.073879 0.068192 0.075416 0.019974 0.019909 0.071791 0.068462 0.065838 0.090991 0.096375 0.061594 0.177895 0.134240 0.166833 0.019822 0.019783 0.019862 0.086344 0.019933 -9999.0 -9999.0 -9999.0 0.359696 0.116261 0.019861 0.071539 0.019870 0.019880 0.201975 0.154103 0.019873 -9999.0 -9999.0 -9999.0 -9999.0 -9999.0 -9999.0 -9999.0
-9999.0 -9999.0 -9999.0 -9999.0 -9999.0 -9999.0 -9999.0 -9999.0 -9999.0 -9999.0 -9999.0 0.226654 0.224012 0.073052 0.312166 0.079355 0.316643 0.370227 0.389445 0.360465 0.360737 0.159046 0.286362 0.199352 0.070646 0.019907 0.271834 0.072546 0.019908 0.078949 0.019907 0.068833 0.156192 0.092280 0.019891 0.112399 0.244762 0.097820 0.084437 0.019653 0.213205 0.050143 0.199928 0.066919 0.087030 -9999.0 0.019896 0.109310 0.066215 0.155092 0.056463 0.019712 0.120022 0.084083 0.050973 0.131905 -9999.0 -9999.0 -9999.0 -9999.0 -9999.0 -9999.0 -9999.0
-9999.0 -9999.0 -9999.0 -9999.0 -9999.0 -9999.0 -9999.0 -9999.0 -9999.0 -9999.0 -9999.0 -9999.0 0.232177 0.302863 0.306221 0.268900 0.228385 0.361553 0.364008 0.361182 0.371619 0.151631 0.232009 0.287116 0.221809 0.277950 0.365147 0.019903 0.074129 0.019965 0.068250 0.212072 0.025516 0.091479 0.062976 0.073474 0.231342 0.244341 0.210768 0.057841 0.270886 0.019626 0.316230 0.354546 0.019961 0.121795 0.019936 0.099942 0.072105 0.175063 0.350033 0.240561 0.334083 0.352625 0.244710 0.249955 0.237748 -9999.0 -9999.0 -9999.0 -9999.0 -9999.0 -9999.0
-9999.0 -9999.0 -9999.0 -9999.0 -9999.0 -9999.0 -9999.0 -9999.0 -9999.0 -9999.0 -9999.0 0.320466 0.207079 0.019928 0.311100 0.322522 0.343302 0.360319 0.388156 0.343306 0.358498 0.377241 0.348642 0.157018 0.280886 0.354233 0.311512 0.069476 0.069893 0.019902 0.253456 0.212770 0.240985 0.083395 0.079372 0.085266 0.080639 0.095872 0.262076 0.082813 0.107425 0.246121 0.343952 0.001453 0.355566 0.089894 0.061375 0.019835 0.019755 0.024683 0.020035 0.067871 0.227925 0.020060 0.019868 0.019894 0.019869 -9999.0 -9999.0 -9999.0 -9999.0 -9999.0 -9999.0
-9999.0 -9999.0 -9999.0 -9999.0 -9999.0 -9999.0 -9999.0 -9999.0 -9999.0 -9999.0 0.322411 0.288642 0.314404 0.166250 0.348943 0.346684 0.223640 0.203742 0.360834 0.359698 0.360960 0.360584 0.125657 0.355060 0.337299 0.323624 0.066490 0.020022 0.062250 0.307541 0.354173 0.208508 0.070865 0.086230 0.019911 0.019935 0.140896 0.231663 0.171266 0.181172 0.124618 0.017514 0.020005 0.348639 0.353937 0.019902 0.061775 0.143457 0.361943 0.348582 0.019715 0.019891 0.019883 0.019898 0.019895 0.077238 0.126086 -9999.0 -9999.0 -9999.0 -9999.0 -9999.0 -9999.0
-9999.0 -9999.0 -9999.0 -9999.0 -9999.0 -9999.0 -9999.0 -9999.0 -9999.0 0.060466 0.342611 0.331235 0.351429 0.291066 0.356341 0.208262 0.226820 0.352106 0.362590 0.340611 0.356052 0.309685 0.270498 0.362868 0.325530 0.065484 0.295180 0.331766 0.255311 0.351567 0.332078 0.019786 0.019909 0.019912 0.019911 0.019905 0.057461 0.230598 0.232830 0.212345 0.287020 0.230693 0.070283 0.351644 0.380514 0.246376 0.370906 0.076663 0.051775 0.362874 0.017256 0.019878 0.019900 0.019879 0.019842 0.080981 0.312671 0.033720 0.019866 -9999.0 -9999.0 -9999.0 -9999.0
-9999.0 -9999.0 -9999.0 -9999.0 -9999.0 -9999.0 -9999.0 -9999.0 -9999.0 0.025205 0.061009 0.081760 0.383936 0.299436 0.337729 0.288983 0.298706 0.244171 0.365378 0.358042 0.357971 0.389953 0.356349 0.353296 0.070713 0.276314 0.339957 0.349074 0.389985 0.277990 0.063595 0.068527 0.073396 0.101470 0.069483 0.019903 0.019930 0.019890 0.083132 0.055031 0.314834 0.070117 0.276954 0.331908 0.354816 0.361210 0.389943 0.370165 0.339901 0.352690 0.019887 0.079121 0.019872 0.077696 0.019891 0.354957 0.205751 0.237810 0.027397 -9999.0 -9999.0 -9999.0 -9999.0
-9999.0 -9999.0 -9999.0 -9999.0 -9999.0 -9999.0 -9999.0 -9999.0 -9999.0 -9999.0 0.079938 0.054463 0.237549 0.360895 0.139055 0.325859 0.267420 0.387664 0.342898 0.360684 0.359701 0.369031 0.331528 0.209122 0.259032 0.337772 0.389979 0.389981 0.060717 0.220227 0.066835 0.304264 0.073967 0.073098 0.073581 0.261396 0.344880 0.297938 0.019980 0.080314 0.082441 0.185978 0.179414 0.073796 0.060419 0.202734 0.380957 0.368353 0.377720 0.377003 0.018777 0.017740 0.019882 0.019865 0.250212 0.076890 0.249229 0.360025 0.365227 0.369553 -9999.0 -9999.0 -9999.0
-9999.0 -9999.0 -9999.0 -9999.0 -9999.0 -9999.0 -9999.0 -9999.0 -9999.0 -9999.0 0.093946 0.076917 0.227018 0.347811 0.359482 0.389249 0.317608 0.359587 0.357928 0.353060 0.360052 0.365112 0.353607 0.235238 0.315707 0.389968 0.362287 0.357956 0.239553 0.069063 0.072511 0.232070 0.019855 0.071004 0.072688 0.211046 0.286849 0.166561 0.070155 0.076372 0.096762 0.019939 0.233626 0.076204 0.284833 0.020709 0.161818 0.063344 0.383316 0.377847 0.378897 0.059206 0.226853 0.019878 0.019918 0.019885 0.078218 0.216095 0.389975 0.389560 -9999.0 -9999.0 -9999.0
-9999.0 -9999.0 -9999.0 -9999.0 -9999.0 -9999.0 -9999.0 -9999.0 0.327137 0.145618 0.021901 0.226402 0.202963 0.177266 0.284360 0.360454 0.388154 0.389841 0.353677 0.352824 0.341338 0.338577 0.355667 0.356772 0.378196 0.347455 0.376109 0.244130 0.239669 0.067812 0.019911 0.077863 0.080935 0.079341 0.095014 0.070328 0.054597 0.202389 0.075799 0.019963 0.019897 0.216706 0.020065 0.019903 0.019821 0.170570 0.071379 0.204448 0.382595 0.389857 0.389744 0.057888 0.199204 0.078984 0.019877 0.138019 0.035264 0.358238 0.372614 0.389450 -9999.0 -9999.0 -9999.0
-9999.0 -9999.0 -9999.0 -9999.0 -9999.0 -9999.0 -9999.0 -9999.0 0.019605 0.276932 0.080326 0.065877 0.087443 0.259520 0.243151 0.364720 0.389469 0.372565 0.353126 0.343572 0.294178 0.350110 0.360571 0.380123 0.340544 0.343153 0.365562 0.181966 0.020060 0.074144 0.106023 0.019861 0.074597 0.019940 0.158398 0.165875 0.104003 0.340753 0.076484 0.061792 0.070519 0.019908 0.019898 0.065800 0.220672 0.236165 0.020010 0.083445 0.053064 0.389890 0.389984 0.295820 0.239473 0.137852 0.063818 0.013775 0.209017 0.375269 0.374369 0.374320 0.365548 -9999.0 -9999.0
-9999.0 -9999.0 -9999.0 -9999.0 -9999.0 -9999.0 -9999.0 -9999.0 0.059917 0.070057 0.234461 0.070853 0.214562 0.019804 0.346078 0.076357 0.375711 0.389922 0.336771 0.337276 0.266370 0.348987 0.350975 0.351181 0.357621 0.360985 0.389837 0.287518 0.019406 0.063610 0.019856 0.214436 0.223452 0.017407 0.170232 0.287412 0.056043 0.332726 0.072683 0.074477 0.091829 0.019932 0.166762 0.247956 0.237759 0.213568 0.019859 0.261008 0.244443 0.383200 0.383229 0.389981 0.100322 0.079469 0.373430 0.389878 0.389968 0.389739 0.389153 0.383903 0.373823 -9999.0 -9999.0
-9999.0 -9999.0 -9999.0 -9999.0 -9999.0 -9999.0 -9999.0 -9999.0 0.019904 0.066667 0.356509 0.017582 0.350165 0.354705 0.067324 0.389977 0.351354 0.345754 0.359765 0.190337 0.352776 0.292283 0.351950 0.351536 0.354988 0.388745 0.350694 0.156264 0.358443 0.343341 0.077135 0.056816 0.060445 0.353696 0.017800 0.077893 0.075791 0.389723 0.071549 0.070186 0.063303 0.069478 0.075273 0.019820 0.178824 0.019790 0.101546 0.019738 0.182799 0.079313 0.389861 0.388828 0.389985 0.387161 0.389969 0.389933 0.389630 0.385543 0.274081 0.373592 0.387547 0.388953 -9999.0
-9999.0 -9999.0 -9999.0 -9999.0 -9999.0 -9999.0 -9999.0 -9999.0 0.243885 0.181678 0.357101 0.241127 0.355132 0.389952 0.387845 0.363305 0.364629 0.362358 0.389815 0.373874 0.355843 0.359943 0.331455 0.353974 0.389784 0.382393 0.272931 0.342300 0.354145 0.374159 0.245981 0.383335 0.375053 0.361830 0.077598 0.075379 0.257642 0.389543 0.376768 0.205681 0.070726 0.012358 0.296294 0.028426 0.076748 0.121950 0.073792 0.351557 0.268844 0.374938 0.376092 0.389955 0.388882 0.389797 0.389861 0.387923 0.375016 0.374527 0.386831 0.389546 0.389976 0.386513 -9999.0
-9999.0 -9999.0 0.019681 0.199399 0.223370 0.187495 0.231299 0.202914 0.190537 0.168643 0.201273 0.362576 0.389355 0.386730 0.389938 0.366676 0.381998 0.233693 0.184464 0.389723 0.380198 0.259560 0.372495 0.158261 0.360387 0.389968 0.388686 0.389932 0.389953 0.387506 0.345703 0.360380 0.386475 0.389982 0.389976 0.389975 0.389971 0.389866 0.382109 0.359988 0.304385 0.381242 0.385513 0.389803 0.279517 0.360589 0.389977 0.389901 0.372398 0.389379 0.389620 0.387549 0.375493 0.376731 0.377228 0.388876 0.388113 0.387994 0.389959 0.389986 0.386335 0.376936 -9999.0
-9999.0 0.320637 0.329141 0.267682 0.218509 0.348383 0.197421 0.240207 0.230594 0.078810 0.197151 0.352768 0.385595 0.384269 0.385486 0.276731 0.175517 0.224898 0.344477 0.389598 0.384086 0.363462 0.385511 0.252639 0.363843 0.360256 0.362965 0.364269 0.360932 0.363387 0.389966 0.389966 0.389708 0.389748 0.389967 0.389645 0.389955 0.389958 0.389857 0.389918 0.389979 0.389945 0.389957 0.389982 0.389983 0.389971 0.360184 0.387510 0.389366 0.385029 0.374632 0.375313 0.388746 0.389561 0.389603 0.389949 0.389641 0.389541 0.386942 0.387107 0.208739 0.203217 -9999.0
-9999.0 0.176100 0.358501 0.355550 0.349727 0.354438 0.303360 0.213484 0.198985 0.019859 0.172080 0.353489 0.389674 0.385732 0.384068 0.236370 0.078572 0.203227 0.359267 0.389520 0.385222 0.359055 0.354534 0.386795 0.389574 0.374422 0.281562 0.374007 0.374408 0.348958 0.358623 0.359734 0.363772 0.361537 0.367089 0.359069 0.389278 0.379088 0.385061 0.387272 0.386925 0.386840 0.389623 0.356419 0.354820 0.358811 0.353439 0.373268 0.374024 0.374328 0.386038 0.389985 0.389667 0.389973 0.389925 0.388314 0.389541 0.275945 0.245141 0.167487 0.105669 -9999.0 -9999.0
-9999.0 0.020995 0.197482 0.389829 0.389977 0.369351 0.351348 0.319921 0.209636 0.232030 0.356255 0.389337 0.389378 0.360386 0.355490 0.245203 0.241522 0.216762 0.231746 0.389752 0.361385 0.389836 0.365675 0.389104 0.389666 0.376513 0.375159 0.374962 0.374819 0.374831 0.353791 0.349852 0.350997 0.362703 0.352481 0.352238 0.363488 0.389171 0.380389 0.377295 0.376430 0.376345 0.374933 0.353529 0.349734 0.348219 0.358855 0.367604 0.385859 0.363245 0.389901 0.298317 0.369534 0.389247 0.275574 0.282497 0.311854 0.339109 0.304330 -9999.0 -9999.0 -9999.0 -9999.0
