user2019/resources/simulation/Vinschgau/output-maps/thetaliqL0001N1421.asc
ncols         63
nrows         48
xllcorner     598000.000000
yllcorner     5145000.000000
cellsize      1000.000000
NODATA_value  -9999.0
[rows 0 to 28 of 48, columns 0 to 62 of 63]
-9999.0 -9999.0 -9999.0 -9999.0 -9999.0 -9999.0 -9999.0 -9999.0 -9999.0 -9999.0 -9999.0 -9999.0 -9999.0 -9999.0 -9999.0 -9999.0 -9999.0 -9999.0 -9999.0 -9999.0 -9999.0 -9999.0 -9999.0 -9999.0 -9999.0 -9999.0 -9999.0 -9999.0 -9999.0 -9999.0 -9999.0 -9999.0 -9999.0 -9999.0 -9999.0 -9999.0 -9999.0 -9999.0 -9999.0 -9999.0 -9999.0 -9999.0 -9999.0 -9999.0 -9999.0 -9999.0 -9999.0 -9999.0 -9999.0 -9999.0 -9999.0 -9999.0 -9999.0 -9999.0 -9999.0 -9999.0 -9999.0 -9999.0 -9999.0 -9999.0 -9999.0 -9999.0 -9999.0
-9999.0 -9999.0 -9999.0 -9999.0 -9999.0 -9999.0 -9999.0 -9999.0 -9999.0 -9999.0 -9999.0 -9999.0 -9999.0 -9999.0 -9999.0 -9999.0 -9999.0 -9999.0 -9999.0 -9999.0 -9999.0 -9999.0 -9999.0 -9999.0 -9999.0 -9999.0 -9999.0 0.020070 0.040170 0.020132 0.040106 0.040071 0.040001 -9999.0 -9999.0 -9999.0 -9999.0 -9999.0 -9999.0 -9999.0 -9999.0 -9999.0 -9999.0 -9999.0 -9999.0 -9999.0 -9999.0 -9999.0 -9999.0 -9999.0 -9999.0 -9999.0 -9999.0 -9999.0 -9999.0 -9999.0 -9999.0 -9999.0 -9999.0 -9999.0 -9999.0 -9999.0 -9999.0
-9999.0 -9999.0 -9999.0 -9999.0 -9999.0 -9999.0 -9999.0 -9999.0 -9999.0 -9999.0 -9999.0 -9999.0 -9999.0 -9999.0 -9999.0 -9999.0 -9999.0 -9999.0 -9999.0 -9999.0 -9999.0 -9999.0 -9999.0 -9999.0 0.040835 0.040914 0.041380 0.040859 0.041310 0.040588 0.040084 -9999.0 -9999.0 -9999.0 -9999.0 -9999.0 -9999.0 -9999.0 -9999.0 -9999.0 -9999.0 -9999.0 -9999.0 -9999.0 -9999.0 -9999.0 -9999.0 -9999.0 -9999.0 -9999.0 -9999.0 -9999.0 -9999.0 -9999.0 -9999.0 -9999.0 -9999.0 -9999.0 -9999.0 -9999.0 -9999.0 -9999.0 -9999.0
-9999.0 -9999.0 -9999.0 -9999.0 -9999.0 -9999.0 -9999.0 -9999.0 -9999.0 -9999.0 -9999.0 -9999.0 -9999.0 -9999.0 -9999.0 -9999.0 -9999.0 -9999.0 -9999.0 -9999.0 -9999.0 -9999.0 -9999.0 0.040923 0.042113 0.068944 0.068401 0.067671 0.067777 0.040244 0.040088 0.040070 -9999.0 -9999.0 -9999.0 -9999.0 -9999.0 -9999.0 -9999.0 -9999.0 -9999.0 -9999.0 -9999.0 -9999.0 -9999.0 -9999.0 -9999.0 -9999.0 -9999.0 -9999.0 -9999.0 -9999.0 -9999.0 -9999.0 -9999.0 -9999.0 -9999.0 -9999.0 -9999.0 -9999.0 -9999.0 -9999.0 -9999.0
-9999.0 -9999.0 -9999.0 -9999.0 -9999.0 -9999.0 -9999.0 -9999.0 -9999.0 -9999.0 -9999.0 -9999.0 -9999.0 -9999.0 -9999.0 -9999.0 -9999.0 -9999.0 0.075702 0.040907 -9999.0 0.041135 0.041542 0.069522 0.070407 0.069837 0.080379 0.072617 0.073336 0.069762 0.040212 0.040110 0.020051 0.020039 -9999.0 -9999.0 -9999.0 -9999.0 -9999.0 -9999.0 -9999.0 -9999.0 -9999.0 -9999.0 -9999.0 -9999.0 -9999.0 -9999.0 -9999.0 -9999.0 -9999.0 -9999.0 -9999.0 -9999.0 -9999.0 -9999.0 -9999.0 -9999.0 -9999.0 -9999.0 -9999.0 -9999.0 -9999.0
-9999.0 -9999.0 -9999.0 -9999.0 -9999.0 -9999.0 -9999.0 -9999.0 -9999.0 -9999.0 -9999.0 -9999.0 -9999.0 -9999.0 -9999.0 -9999.0 -9999.0 0.068302 0.069410 0.022701 0.020142 0.054329 0.068798 0.072632 0.072879 0.071259 0.044978 0.065070 0.051242 0.075132 0.043858 0.040254 0.020136 0.020068 0.020046 0.020040 -9999.0 -9999.0 -9999.0 -9999.0 -9999.0 -9999.0 -9999.0 -9999.0 -9999.0 -9999.0 -9999.0 -9999.0 -9999.0 -9999.0 -9999.0 -9999.0 -9999.0 -9999.0 -9999.0 -9999.0 -9999.0 -9999.0 -9999.0 -9999.0 -9999.0 -9999.0 -9999.0
-9999.0 -9999.0 -9999.0 -9999.0 -9999.0 -9999.0 -9999.0 -9999.0 -9999.0 -9999.0 -9999.0 -9999.0 -9999.0 0.040196 0.073536 0.071123 0.069163 0.022701 0.069094 0.071602 0.071823 0.072054 0.071367 0.071946 0.059689 0.041823 0.020121 0.042254 0.041577 0.054164 0.040090 0.047506 0.040244 0.040230 0.020060 0.020038 -9999.0 -9999.0 -9999.0 -9999.0 -9999.0 -9999.0 -9999.0 -9999.0 -9999.0 -9999.0 -9999.0 -9999.0 -9999.0 -9999.0 -9999.0 -9999.0 -9999.0 -9999.0 -9999.0 -9999.0 -9999.0 -9999.0 -9999.0 -9999.0 -9999.0 -9999.0 -9999.0
-9999.0 -9999.0 -9999.0 -9999.0 -9999.0 -9999.0 -9999.0 -9999.0 -9999.0 -9999.0 -9999.0 -9999.0 -9999.0 0.040540 0.070357 0.069244 0.069413 0.069049 0.022696 0.071738 0.069814 0.070025 0.071122 0.072841 0.072694 0.073513 0.040164 0.020128 0.020056 0.040190 0.043466 0.040122 0.020053 0.020040 0.020044 -9999.0 -9999.0 -9999.0 -9999.0 -9999.0 -9999.0 -9999.0 -9999.0 -9999.0 -9999.0 -9999.0 -9999.0 -9999.0 -9999.0 -9999.0 -9999.0 -9999.0 -9999.0 -9999.0 -9999.0 -9999.0 -9999.0 -9999.0 -9999.0 -9999.0 -9999.0 -9999.0 -9999.0
-9999.0 -9999.0 -9999.0 -9999.0 -9999.0 -9999.0 -9999.0 -9999.0 -9999.0 -9999.0 -9999.0 -9999.0 -9999.0 0.070189 0.520000 0.069457 0.069780 0.069989 0.022688 0.069217 0.069394 0.022902 0.075468 0.049061 0.071714 0.071779 0.020187 0.020053 0.040069 0.020048 0.040083 0.020037 0.020036 0.020014 0.020036 -9999.0 -9999.0 -9999.0 -9999.0 -9999.0 -9999.0 -9999.0 -9999.0 -9999.0 -9999.0 -9999.0 -9999.0 -9999.0 -9999.0 -9999.0 -9999.0 -9999.0 -9999.0 -9999.0 -9999.0 -9999.0 -9999.0 -9999.0 -9999.0 -9999.0 -9999.0 -9999.0 -9999.0
-9999.0 -9999.0 -9999.0 -9999.0 -9999.0 -9999.0 -9999.0 -9999.0 -9999.0 -9999.0 -9999.0 -9999.0 0.071768 0.520000 0.070341 0.072813 0.072961 0.070673 0.067535 0.022740 0.072369 0.043485 0.058582 0.041901 0.040086 0.040173 0.040039 0.040080 0.040820 0.020051 0.040045 0.020049 0.040060 0.020035 -9999.0 -9999.0 -9999.0 -9999.0 -9999.0 -9999.0 -9999.0 -9999.0 -9999.0 -9999.0 -9999.0 -9999.0 -9999.0 -9999.0 -9999.0 -9999.0 -9999.0 -9999.0 -9999.0 -9999.0 -9999.0 -9999.0 -9999.0 -9999.0 -9999.0 -9999.0 -9999.0 -9999.0 -9999.0
-9999.0 -9999.0 -9999.0 -9999.0 -9999.0 -9999.0 -9999.0 -9999.0 -9999.0 -9999.0 -9999.0 0.040464 0.070307 0.267105 0.070007 0.054210 0.022719 0.069687 0.069792 0.022583 0.070844 0.071897 0.040204 0.040165 0.081332 0.040193 0.040071 0.040190 0.040000 0.020041 0.020047 0.040252 0.020059 0.020043 0.020046 0.020062 0.040065 0.040088 0.040089 -9999.0 -9999.0 -9999.0 0.020041 -9999.0 -9999.0 -9999.0 -9999.0 -9999.0 -9999.0 -9999.0 -9999.0 -9999.0 -9999.0 -9999.0 -9999.0 -9999.0 -9999.0 -9999.0 -9999.0 -9999.0 -9999.0 -9999.0 -9999.0
-9999.0 -9999.0 -9999.0 -9999.0 -9999.0 -9999.0 -9999.0 -9999.0 -9999.0 -9999.0 -9999.0 0.040467 0.069259 0.067543 0.067459 0.040262 0.066365 0.068897 0.069387 0.069596 0.069580 0.040667 0.042108 0.040034 0.040064 0.040184 0.040126 0.040214 0.020232 0.020043 0.040279 0.041279 0.040067 0.040052 0.040047 0.040190 0.040337 0.040120 0.040088 0.020044 0.020044 0.020042 0.040121 0.020051 -9999.0 -9999.0 -9999.0 0.040038 0.040045 0.020046 0.040050 0.020037 0.020036 0.040040 0.040042 0.020034 -9999.0 -9999.0 -9999.0 -9999.0 -9999.0 -9999.0 -9999.0
-9999.0 -9999.0 -9999.0 -9999.0 -9999.0 -9999.0 -9999.0 -9999.0 -9999.0 -9999.0 -9999.0 0.040496 0.040362 0.074928 0.044075 0.040531 0.074741 0.070575 0.068080 0.069617 0.073089 0.072189 0.040079 0.040667 0.040179 0.020078 0.040067 0.040031 0.020064 0.040051 0.020057 0.040053 0.040287 0.040054 0.020051 0.040347 0.040130 0.040181 0.040186 0.020058 0.040103 0.040058 0.040274 0.040553 0.040052 -9999.0 0.020034 0.040052 0.040113 0.040254 0.040173 0.020142 0.040094 0.040089 0.040073 0.040053 -9999.0 -9999.0 -9999.0 -9999.0 -9999.0 -9999.0 -9999.0
-9999.0 -9999.0 -9999.0 -9999.0 -9999.0 -9999.0 -9999.0 -9999.0 -9999.0 -9999.0 -9999.0 -9999.0 0.040526 0.099225 0.040403 0.040448 0.075668 0.071690 0.069241 0.069628 0.072081 0.070099 0.076267 0.040147 0.040027 0.040059 0.047640 0.040150 0.040095 0.020052 0.040133 0.040066 0.040140 0.040081 0.040061 0.040206 0.040070 0.040297 0.059550 0.040094 0.040194 0.020086 0.040147 0.041420 0.020056 0.040050 0.020044 0.040054 0.040028 0.040120 0.040723 0.040077 0.040029 0.040040 0.040026 0.040131 0.040056 -9999.0 -9999.0 -9999.0 -9999.0 -9999.0 -9999.0
-9999.0 -9999.0 -9999.0 -9999.0 -9999.0 -9999.0 -9999.0 -9999.0 -9999.0 -9999.0 -9999.0 0.040119 0.040564 0.040196 0.115678 0.050442 0.075146 0.072523 0.067812 0.069767 0.071451 0.075125 0.115471 0.040063 0.040067 0.040303 0.040134 0.040082 0.040074 0.020118 0.040061 0.040013 0.040702 0.040087 0.040047 0.040256 0.040140 0.040129 0.084599 0.040227 0.040128 0.043727 0.114261 0.020193 0.040492 0.040089 0.040291 0.020106 0.020141 0.046197 0.020040 0.040089 0.040017 0.020027 0.020023 0.020024 0.020050 -9999.0 -9999.0 -9999.0 -9999.0 -9999.0 -9999.0
-9999.0 -9999.0 -9999.0 -9999.0 -9999.0 -9999.0 -9999.0 -9999.0 -9999.0 -9999.0 0.061238 0.041231 0.041082 0.040706 0.040524 0.062971 0.046899 0.068910 0.070578 0.070039 0.071643 0.079095 0.040221 0.042837 0.057146 0.040066 0.040041 0.020031 0.040111 0.040263 0.046381 0.040043 0.040608 0.040085 0.020038 0.020057 0.040203 0.040094 0.044170 0.353408 0.176216 0.187508 0.028606 0.093228 0.045011 0.020124 0.040179 0.040203 0.042451 0.052494 0.020030 0.020043 0.020022 0.020021 0.020035 0.040081 0.040089 -9999.0 -9999.0 -9999.0 -9999.0 -9999.0 -9999.0
-9999.0 -9999.0 -9999.0 -9999.0 -9999.0 -9999.0 -9999.0 -9999.0 -9999.0 0.040185 0.042006 0.043139 0.045783 0.040126 0.057194 0.063894 0.042368 0.055605 0.070260 0.069659 0.070804 0.073955 0.074837 0.074852 0.143637 0.040061 0.040024 0.040590 0.041424 0.063537 0.186214 0.040051 0.020062 0.020042 0.020043 0.020056 0.040470 0.040058 0.040079 0.044486 0.075367 0.040487 0.040300 0.078415 0.074372 0.044627 0.040588 0.040103 0.040106 0.197012 0.040042 0.020050 0.020020 0.020031 0.020037 0.040016 0.040024 0.020054 0.020039 -9999.0 -9999.0 -9999.0 -9999.0
-9999.0 -9999.0 -9999.0 -9999.0 -9999.0 -9999.0 -9999.0 -9999.0 -9999.0 0.040094 0.040185 0.040230 0.446196 0.060605 0.041191 0.040118 0.042341 0.077410 0.069302 0.069421 0.069843 0.069280 0.081684 0.190208 0.040094 0.040050 0.040145 0.052846 0.227584 0.174794 0.047122 0.040039 0.040932 0.040057 0.040105 0.020056 0.020068 0.020102 0.040178 0.040618 0.040093 0.040041 0.040220 0.149179 0.073714 0.076733 0.075630 0.074667 0.065157 0.163107 0.040023 0.040009 0.020032 0.040041 0.020049 0.040012 0.040027 0.040041 0.020074 -9999.0 -9999.0 -9999.0 -9999.0
-9999.0 -9999.0 -9999.0 -9999.0 -9999.0 -9999.0 -9999.0 -9999.0 -9999.0 -9999.0 0.040113 0.040532 0.042824 0.040203 0.061531 0.042632 0.046190 0.074171 0.068169 0.070763 0.069757 0.074940 0.057781 0.041210 0.040065 0.044872 0.276702 0.140745 0.081330 0.040055 0.040041 0.040034 0.040015 0.040073 0.040758 0.040698 0.041524 0.044108 0.020069 0.040258 0.040090 0.041561 0.341972 0.043700 0.068254 0.108831 0.073730 0.075487 0.073622 0.073164 0.040044 0.040025 0.020036 0.020033 0.040040 0.040051 0.040946 0.040061 0.057149 0.048033 -9999.0 -9999.0 -9999.0
-9999.0 -9999.0 -9999.0 -9999.0 -9999.0 -9999.0 -9999.0 -9999.0 -9999.0 -9999.0 0.040090 0.040223 0.041463 0.047602 0.212827 0.076935 0.072216 0.071574 0.067656 0.069587 0.069196 0.071171 0.052263 0.040658 0.044886 0.262850 0.167556 0.092759 0.040074 0.040017 0.040226 0.041203 0.020036 0.040057 0.040188 0.056514 0.040071 0.044374 0.040038 0.040078 0.040205 0.020233 0.040141 0.040231 0.054849 0.040653 0.052831 0.072323 0.072157 0.074728 0.170432 0.040037 0.040013 0.020039 0.020031 0.020033 0.040050 0.040098 0.319659 0.250048 -9999.0 -9999.0 -9999.0
-9999.0 -9999.0 -9999.0 -9999.0 -9999.0 -9999.0 -9999.0 -9999.0 0.040675 0.040128 0.040059 0.040757 0.040065 0.040224 0.048150 0.109103 0.070659 0.069132 0.069296 0.069241 0.066937 0.067473 0.067921 0.069003 0.068215 0.185250 0.259522 0.040139 0.040051 0.040018 0.020044 0.040243 0.040404 0.040063 0.040561 0.040186 0.040429 0.073826 0.040028 0.020056 0.020108 0.042087 0.020039 0.020062 0.020087 0.128619 0.040031 0.040170 0.093741 0.116895 0.267806 0.040162 0.040020 0.040008 0.020035 0.040060 0.020056 0.051997 0.074998 0.072970 -9999.0 -9999.0 -9999.0
-9999.0 -9999.0 -9999.0 -9999.0 -9999.0 -9999.0 -9999.0 -9999.0 0.020056 0.040070 0.040022 0.040073 0.040199 0.040049 0.040114 0.097781 0.072954 0.071536 0.067243 0.068635 0.067754 0.066106 0.065256 0.065377 0.069117 0.075014 0.258903 0.041261 0.020037 0.040080 0.040055 0.020064 0.040237 0.020071 0.040667 0.041306 0.059606 0.337335 0.040397 0.040206 0.040205 0.040065 0.020076 0.040216 0.040689 0.040100 0.020035 0.040191 0.041537 0.143224 0.255370 0.040940 0.040018 0.040054 0.040099 0.020068 0.040083 0.056806 0.076759 0.074775 0.073317 -9999.0 -9999.0
-9999.0 -9999.0 -9999.0 -9999.0 -9999.0 -9999.0 -9999.0 -9999.0 0.040219 0.040533 0.041208 0.040016 0.040763 0.020042 0.040099 0.040141 0.078975 0.073271 0.067611 0.068612 0.068160 0.066511 0.065713 0.068942 0.069183 0.072006 0.231912 0.040078 0.020032 0.040288 0.020084 0.041515 0.040036 0.040048 0.042279 0.040800 0.068786 0.117267 0.056574 0.040171 0.040198 0.020081 0.040736 0.040494 0.040057 0.040718 0.020056 0.040615 0.040031 0.063574 0.089019 0.309836 0.040030 0.040019 0.040295 0.053282 0.348573 0.081925 0.074094 0.074380 0.073917 -9999.0 -9999.0
-9999.0 -9999.0 -9999.0 -9999.0 -9999.0 -9999.0 -9999.0 -9999.0 0.020046 0.040244 0.040175 0.020033 0.040762 0.040051 0.040631 0.255003 0.070556 0.068518 0.070518 0.067491 0.069292 0.068844 0.068115 0.069676 0.071565 0.093908 0.045493 0.040040 0.041382 0.040230 0.040108 0.040875 0.077207 0.178731 0.043269 0.040222 0.065104 0.072190 0.088452 0.057216 0.040250 0.040237 0.040260 0.020100 0.040701 0.020088 0.040107 0.020126 0.040197 0.040083 0.070708 0.078641 0.245309 0.040527 0.430552 0.284995 0.078884 0.073737 0.071625 0.074102 0.074777 0.077042 -9999.0
-9999.0 -9999.0 -9999.0 -9999.0 -9999.0 -9999.0 -9999.0 -9999.0 0.040047 0.040985 0.040046 0.040056 0.040360 0.045235 0.339712 0.079593 0.090632 0.077513 0.078798 0.071332 0.068898 0.070203 0.070599 0.071881 0.071268 0.075947 0.040091 0.044331 0.080484 0.276563 0.040696 0.251413 0.074839 0.143129 0.063304 0.076679 0.075448 0.070485 0.071277 0.078815 0.072691 0.066033 0.075390 0.056641 0.040093 0.040403 0.040857 0.067369 0.040419 0.195881 0.078757 0.079599 0.081649 0.148302 0.210193 0.199334 0.084557 0.077483 0.075446 0.073913 0.073033 0.077772 -9999.0
-9999.0 -9999.0 0.040097 0.040717 0.040026 0.040043 0.040001 0.040026 0.040094 0.040300 0.040072 0.040700 0.046509 0.407696 0.081454 0.480481 0.062388 0.040079 0.040151 0.099065 0.071827 0.068529 0.071640 0.068565 0.073475 0.073806 0.071213 0.079159 0.072492 0.077761 0.059505 0.077341 0.072294 0.071955 0.073624 0.072126 0.072582 0.068843 0.070058 0.073147 0.073760 0.072970 0.070875 0.074561 0.079252 0.061433 0.085123 0.083172 0.078853 0.075066 0.075102 0.077740 0.082696 0.130228 0.178105 0.089367 0.088708 0.078762 0.076246 0.074145 0.076036 0.079704 -9999.0
-9999.0 0.040132 0.040111 0.040081 0.040048 0.040071 0.040001 0.040020 0.040014 0.040077 0.040032 0.040128 0.321604 0.226003 0.520000 0.040619 0.040067 0.040035 0.040055 0.065321 0.072387 0.070011 0.071259 0.069936 0.069708 0.072951 0.071115 0.070736 0.071754 0.073368 0.076865 0.072921 0.071316 0.068933 0.070282 0.070305 0.069518 0.066693 0.070164 0.071107 0.070819 0.070221 0.069937 0.069645 0.070961 0.070295 0.072837 0.068118 0.070868 0.069361 0.075052 0.078773 0.088098 0.178155 0.190943 0.354861 0.317310 0.289774 0.351914 0.256089 0.190001 0.080133 -9999.0
-9999.0 0.079639 0.060261 0.064317 0.119070 0.042141 0.040028 0.040016 0.040067 0.040057 0.040024 0.040077 0.230040 0.348893 0.044709 0.040029 0.040022 0.040028 0.040391 0.091665 0.241441 0.085551 0.073019 0.076579 0.073463 0.070954 0.068409 0.070490 0.069718 0.066850 0.066745 0.067099 0.069527 0.069510 0.067723 0.068575 0.067587 0.067328 0.068098 0.068327 0.067947 0.067992 0.067577 0.065840 0.065611 0.065492 0.069253 0.069498 0.070620 0.072333 0.075257 0.079066 0.236717 0.351450 0.520000 0.049449 0.040364 0.045935 0.051154 0.042732 0.052754 -9999.0 -9999.0
-9999.0 0.040157 0.066706 0.157993 0.283451 0.202801 0.159179 0.040051 0.040034 0.040036 0.040075 0.056811 0.241456 0.418933 0.040059 0.040021 0.040017 0.040046 0.040053 0.040109 0.041843 0.050742 0.091342 0.078126 0.075349 0.073488 0.071995 0.071237 0.069897 0.069785 0.068896 0.068490 0.068665 0.068467 0.068279 0.068012 0.067972 0.067329 0.067933 0.067517 0.067200 0.066468 0.066914 0.066805 0.067077 0.067755 0.068652 0.070072 0.072391 0.070903 0.089223 0.147556 0.055626 0.144355 0.041241 0.040076 0.040073 0.040052 0.040057 -9999.0 -9999.0 -9999.0 -9999.0
