user2019/resources/simulation/Vinschgau/output-maps/thetaliqL0007N0911.asc
ncols         63
nrows         48
xllcorner     598000.000000
yllcorner     5145000.000000
cellsize      1000.000000
NODATA_value  -9999.0
[rows 0 to 28 of 48, columns 0 to 62 of 63]
-9999.0 -9999.0 -9999.0 -9999.0 -9999.0 -9999.0 -9999.0 -9999.0 -9999.0 -9999.0 -9999.0 -9999.0 -9999.0 -9999.0 -9999.0 -9999.0 -9999.0 -9999.0 -9999.0 -9999.0 -9999.0 -9999.0 -9999.0 -9999.0 -9999.0 -9999.0 -9999.0 -9999.0 -9999.0 -9999.0 -9999.0 -9999.0 -9999.0 -9999.0 -9999.0 -9999.0 -9999.0 -9999.0 -9999.0 -9999.0 -9999.0 -9999.0 -9999.0 -9999.0 -9999.0 -9999.0 -9999.0 -9999.0 -9999.0 -9999.0 -9999.0 -9999.0 -9999.0 -9999.0 -9999.0 -9999.0 -9999.0 -9999.0 -9999.0 -9999.0 -9999.0 -9999.0 -9999.0
-9999.0 -9999.0 -9999.0 -9999.0 -9999.0 -9999.0 -9999.0 -9999.0 -9999.0 -9999.0 -9999.0 -9999.0 -9999.0 -9999.0 -9999.0 -9999.0 -9999.0 -9999.0 -9999.0 -9999.0 -9999.0 -9999.0 -9999.0 -9999.0 -9999.0 -9999.0 -9999.0 0.020026 0.020035 0.020032 0.020031 0.020026 0.020025 -9999.0 -9999.0 -9999.0 -9999.0 -9999.0 -9999.0 -9999.0 -9999.0 -9999.0 -9999.0 -9999.0 -9999.0 -9999.0 -9999.0 -9999.0 -9999.0 -9999.0 -9999.0 -9999.0 -9999.0 -9999.0 -9999.0 -9999.0 -9999.0 -9999.0 -9999.0 -9999.0 -9999.0 -9999.0 -9999.0
-9999.0 -9999.0 -9999.0 -9999.0 -9999.0 -9999.0 -9999.0 -9999.0 -9999.0 -9999.0 -9999.0 -9999.0 -9999.0 -9999.0 -9999.0 -9999.0 -9999.0 -9999.0 -9999.0 -9999.0 -9999.0 -9999.0 -9999.0 -9999.0 0.020043 0.020047 0.020057 0.020044 0.020056 0.020033 0.020029 -9999.0 -9999.0 -9999.0 -9999.0 -9999.0 -9999.0 -9999.0 -9999.0 -9999.0 -9999.0 -9999.0 -9999.0 -9999.0 -9999.0 -9999.0 -9999.0 -9999.0 -9999.0 -9999.0 -9999.0 -9999.0 -9999.0 -9999.0 -9999.0 -9999.0 -9999.0 -9999.0 -9999.0 -9999.0 -9999.0 -9999.0 -9999.0
-9999.0 -9999.0 -9999.0 -9999.0 -9999.0 -9999.0 -9999.0 -9999.0 -9999.0 -9999.0 -9999.0 -9999.0 -9999.0 -9999.0 -9999.0 -9999.0 -9999.0 -9999.0 -9999.0 -9999.0 -9999.0 -9999.0 -9999.0 0.020048 0.020202 0.337934 0.070460 0.021403 0.022203 0.020052 0.020029 0.020026 -9999.0 -9999.0 -9999.0 -9999.0 -9999.0 -9999.0 -9999.0 -9999.0 -9999.0 -9999.0 -9999.0 -9999.0 -9999.0 -9999.0 -9999.0 -9999.0 -9999.0 -9999.0 -9999.0 -9999.0 -9999.0 -9999.0 -9999.0 -9999.0 -9999.0 -9999.0 -9999.0 -9999.0 -9999.0 -9999.0 -9999.0
-9999.0 -9999.0 -9999.0 -9999.0 -9999.0 -9999.0 -9999.0 -9999.0 -9999.0 -9999.0 -9999.0 -9999.0 -9999.0 -9999.0 -9999.0 -9999.0 -9999.0 -9999.0 0.424558 0.020068 -9999.0 0.020057 0.020133 0.021698 0.076377 0.021544 0.416625 0.428268 0.429912 0.075650 0.020046 0.020031 0.020022 0.020017 -9999.0 -9999.0 -9999.0 -9999.0 -9999.0 -9999.0 -9999.0 -9999.0 -9999.0 -9999.0 -9999.0 -9999.0 -9999.0 -9999.0 -9999.0 -9999.0 -9999.0 -9999.0 -9999.0 -9999.0 -9999.0 -9999.0 -9999.0 -9999.0 -9999.0 -9999.0 -9999.0 -9999.0 -9999.0
-9999.0 -9999.0 -9999.0 -9999.0 -9999.0 -9999.0 -9999.0 -9999.0 -9999.0 -9999.0 -9999.0 -9999.0 -9999.0 -9999.0 -9999.0 -9999.0 -9999.0 0.210089 0.053063 0.021488 0.020051 0.418303 0.078051 0.023476 0.402119 0.081958 0.074420 0.099968 0.082316 0.427500 0.020111 0.020048 0.020031 0.020027 0.020020 0.020017 -9999.0 -9999.0 -9999.0 -9999.0 -9999.0 -9999.0 -9999.0 -9999.0 -9999.0 -9999.0 -9999.0 -9999.0 -9999.0 -9999.0 -9999.0 -9999.0 -9999.0 -9999.0 -9999.0 -9999.0 -9999.0 -9999.0 -9999.0 -9999.0 -9999.0 -9999.0 -9999.0
-9999.0 -9999.0 -9999.0 -9999.0 -9999.0 -9999.0 -9999.0 -9999.0 -9999.0 -9999.0 -9999.0 -9999.0 -9999.0 0.020143 0.095739 0.309688 0.177357 0.049993 0.214980 0.021768 0.074508 0.070691 0.021996 0.140474 0.089173 0.020099 0.020061 0.020149 0.020229 0.091974 0.020159 0.020039 0.020032 0.020025 0.020023 0.020017 -9999.0 -9999.0 -9999.0 -9999.0 -9999.0 -9999.0 -9999.0 -9999.0 -9999.0 -9999.0 -9999.0 -9999.0 -9999.0 -9999.0 -9999.0 -9999.0 -9999.0 -9999.0 -9999.0 -9999.0 -9999.0 -9999.0 -9999.0 -9999.0 -9999.0 -9999.0 -9999.0
-9999.0 -9999.0 -9999.0 -9999.0 -9999.0 -9999.0 -9999.0 -9999.0 -9999.0 -9999.0 -9999.0 -9999.0 -9999.0 0.105868 0.082154 0.290839 0.206186 0.416902 0.050013 0.058696 0.020315 0.050776 0.077015 0.088650 0.094338 0.022170 0.020036 0.020029 0.020024 0.020078 0.020111 0.020032 0.020023 0.020015 0.020019 -9999.0 -9999.0 -9999.0 -9999.0 -9999.0 -9999.0 -9999.0 -9999.0 -9999.0 -9999.0 -9999.0 -9999.0 -9999.0 -9999.0 -9999.0 -9999.0 -9999.0 -9999.0 -9999.0 -9999.0 -9999.0 -9999.0 -9999.0 -9999.0 -9999.0 -9999.0 -9999.0 -9999.0
-9999.0 -9999.0 -9999.0 -9999.0 -9999.0 -9999.0 -9999.0 -9999.0 -9999.0 -9999.0 -9999.0 -9999.0 -9999.0 0.071727 0.200000 0.347455 0.276770 0.227424 0.050030 0.195529 0.187002 0.021823 0.083861 0.083687 0.104507 0.108330 0.020038 0.020023 0.020026 0.020017 0.020029 0.020014 0.020013 0.020011 0.020016 -9999.0 -9999.0 -9999.0 -9999.0 -9999.0 -9999.0 -9999.0 -9999.0 -9999.0 -9999.0 -9999.0 -9999.0 -9999.0 -9999.0 -9999.0 -9999.0 -9999.0 -9999.0 -9999.0 -9999.0 -9999.0 -9999.0 -9999.0 -9999.0 -9999.0 -9999.0 -9999.0 -9999.0
-9999.0 -9999.0 -9999.0 -9999.0 -9999.0 -9999.0 -9999.0 -9999.0 -9999.0 -9999.0 -9999.0 -9999.0 0.022396 0.199888 0.090594 0.111191 0.384723 0.311506 0.400823 0.021612 0.074678 0.084824 0.021485 0.071391 0.040106 0.020035 0.020042 0.020028 0.020038 0.020022 0.020014 0.020021 0.020026 0.020015 -9999.0 -9999.0 -9999.0 -9999.0 -9999.0 -9999.0 -9999.0 -9999.0 -9999.0 -9999.0 -9999.0 -9999.0 -9999.0 -9999.0 -9999.0 -9999.0 -9999.0 -9999.0 -9999.0 -9999.0 -9999.0 -9999.0 -9999.0 -9999.0 -9999.0 -9999.0 -9999.0 -9999.0 -9999.0
-9999.0 -9999.0 -9999.0 -9999.0 -9999.0 -9999.0 -9999.0 -9999.0 -9999.0 -9999.0 -9999.0 0.020297 0.139995 0.430000 0.103365 0.182387 0.021638 0.328098 0.430000 0.021492 0.021856 0.424010 0.020068 0.020040 0.020498 0.020043 0.020027 0.020034 0.020030 0.020017 0.020021 0.020040 0.020024 0.020018 0.020020 0.020025 0.020027 0.020033 0.020035 -9999.0 -9999.0 -9999.0 0.020018 -9999.0 -9999.0 -9999.0 -9999.0 -9999.0 -9999.0 -9999.0 -9999.0 -9999.0 -9999.0 -9999.0 -9999.0 -9999.0 -9999.0 -9999.0 -9999.0 -9999.0 -9999.0 -9999.0 -9999.0
-9999.0 -9999.0 -9999.0 -9999.0 -9999.0 -9999.0 -9999.0 -9999.0 -9999.0 -9999.0 -9999.0 0.020164 0.124473 0.027406 0.096290 0.020213 0.072528 0.046086 0.412790 0.426891 0.191435 0.050893 0.020070 0.020048 0.020066 0.020035 0.020032 0.020044 0.020033 0.020018 0.020034 0.020035 0.020026 0.020023 0.020020 0.020034 0.020054 0.020051 0.020034 0.020019 0.020019 0.020018 0.020032 0.020022 -9999.0 -9999.0 -9999.0 0.040004 0.020020 0.020021 0.020023 0.020018 0.020017 0.040004 0.040005 0.020016 -9999.0 -9999.0 -9999.0 -9999.0 -9999.0 -9999.0 -9999.0
-9999.0 -9999.0 -9999.0 -9999.0 -9999.0 -9999.0 -9999.0 -9999.0 -9999.0 -9999.0 -9999.0 0.020057 0.020223 0.021073 0.408950 0.020495 0.145574 0.071831 0.185590 0.413819 0.407604 0.024956 0.020113 0.020043 0.020034 0.020027 0.020072 0.020038 0.020026 0.020021 0.020024 0.020034 0.020046 0.020024 0.020022 0.020049 0.020042 0.020048 0.020067 0.020024 0.020037 0.020027 0.020046 0.020035 0.020024 -9999.0 0.020015 0.020024 0.020032 0.020041 0.020045 0.020036 0.020036 0.020030 0.020029 0.020025 -9999.0 -9999.0 -9999.0 -9999.0 -9999.0 -9999.0 -9999.0
-9999.0 -9999.0 -9999.0 -9999.0 -9999.0 -9999.0 -9999.0 -9999.0 -9999.0 -9999.0 -9999.0 -9999.0 0.020277 0.250866 0.020341 0.041348 0.085050 0.064346 0.426445 0.421317 0.077635 0.024415 0.021231 0.020229 0.020042 0.020067 0.020136 0.020041 0.020030 0.020022 0.020032 0.020035 0.020045 0.020028 0.020026 0.020037 0.020070 0.020057 0.022654 0.020043 0.020055 0.020037 0.020101 0.020063 0.020024 0.020023 0.020019 0.020024 0.020043 0.020095 0.340399 0.020037 0.040050 0.040010 0.020030 0.020031 0.020025 -9999.0 -9999.0 -9999.0 -9999.0 -9999.0 -9999.0
-9999.0 -9999.0 -9999.0 -9999.0 -9999.0 -9999.0 -9999.0 -9999.0 -9999.0 -9999.0 -9999.0 0.058801 0.020049 0.020094 0.020429 0.127541 0.145030 0.086518 0.189839 0.354137 0.074944 0.083922 0.134872 0.020066 0.020079 0.020713 0.079001 0.020029 0.020027 0.020029 0.020066 0.020045 0.020063 0.020029 0.020020 0.020034 0.020035 0.020107 0.167222 0.020136 0.020105 0.032331 0.020332 0.020097 0.020087 0.020029 0.020038 0.020030 0.020037 0.020841 0.020033 0.020030 0.020021 0.020019 0.020017 0.020015 0.020022 -9999.0 -9999.0 -9999.0 -9999.0 -9999.0 -9999.0
-9999.0 -9999.0 -9999.0 -9999.0 -9999.0 -9999.0 -9999.0 -9999.0 -9999.0 -9999.0 0.040093 0.020489 0.020065 0.020065 0.020321 0.020287 0.020278 0.082215 0.291961 0.363511 0.430000 0.429993 0.020198 0.020267 0.128676 0.040107 0.020052 0.020027 0.020044 0.020058 0.020055 0.020053 0.020060 0.020029 0.020016 0.020024 0.020047 0.020082 0.022942 0.095941 0.026043 0.022045 0.050367 0.429835 0.111104 0.020030 0.020039 0.020116 0.020287 0.133344 0.020022 0.020020 0.020016 0.020014 0.020015 0.020029 0.020030 -9999.0 -9999.0 -9999.0 -9999.0 -9999.0 -9999.0
-9999.0 -9999.0 -9999.0 -9999.0 -9999.0 -9999.0 -9999.0 -9999.0 -9999.0 0.020036 0.040129 0.040077 0.020418 0.020260 0.090081 0.020707 0.108937 0.189335 0.057374 0.304573 0.428599 0.062040 0.025145 0.097049 0.424021 0.020089 0.020040 0.020059 0.020502 0.126252 0.139112 0.020079 0.020025 0.020015 0.020019 0.020024 0.020049 0.020063 0.020075 0.020698 0.020948 0.074473 0.020237 0.074226 0.029448 0.020694 0.020406 0.020090 0.020093 0.426730 0.020052 0.020022 0.020013 0.020015 0.020018 0.020021 0.020025 0.020023 0.020019 -9999.0 -9999.0 -9999.0 -9999.0
-9999.0 -9999.0 -9999.0 -9999.0 -9999.0 -9999.0 -9999.0 -9999.0 -9999.0 0.020026 0.020035 0.020058 0.035802 0.122450 0.061076 0.020253 0.020354 0.132415 0.053919 0.399712 0.414895 0.115427 0.429886 0.188063 0.020116 0.020060 0.020279 0.126694 0.129264 0.423933 0.020511 0.020065 0.020037 0.020024 0.020031 0.020024 0.020026 0.020034 0.020035 0.020075 0.040201 0.020053 0.020320 0.124000 0.404415 0.424086 0.102365 0.023958 0.024304 0.134521 0.020047 0.020023 0.020016 0.020018 0.020021 0.040005 0.020025 0.020029 0.020028 -9999.0 -9999.0 -9999.0 -9999.0
-9999.0 -9999.0 -9999.0 -9999.0 -9999.0 -9999.0 -9999.0 -9999.0 -9999.0 -9999.0 0.020031 0.020059 0.106276 0.247569 0.024998 0.103241 0.128982 0.121212 0.052038 0.379499 0.425044 0.023115 0.093345 0.020553 0.020076 0.118833 0.124923 0.148309 0.020467 0.020082 0.020068 0.040018 0.020031 0.020027 0.020045 0.020061 0.020061 0.020097 0.020026 0.020033 0.020030 0.020065 0.020230 0.020756 0.032363 0.094835 0.033260 0.430000 0.024549 0.025197 0.020071 0.020027 0.020018 0.020016 0.020018 0.020024 0.020040 0.020156 0.020067 0.123284 -9999.0 -9999.0 -9999.0
-9999.0 -9999.0 -9999.0 -9999.0 -9999.0 -9999.0 -9999.0 -9999.0 -9999.0 -9999.0 0.020029 0.020039 0.020055 0.022450 0.429996 0.070289 0.075864 0.330340 0.308771 0.226912 0.232635 0.059394 0.078353 0.020381 0.112914 0.129929 0.430000 0.088547 0.020100 0.020033 0.020033 0.020052 0.020024 0.020023 0.020033 0.020066 0.020157 0.020480 0.020050 0.020028 0.020036 0.020042 0.020098 0.020050 0.040179 0.020244 0.147687 0.031975 0.033536 0.039763 0.023738 0.020051 0.020029 0.020019 0.020015 0.020016 0.020023 0.020087 0.131158 0.430000 -9999.0 -9999.0 -9999.0
-9999.0 -9999.0 -9999.0 -9999.0 -9999.0 -9999.0 -9999.0 -9999.0 0.020045 0.020032 0.020026 0.020046 0.020041 0.020116 0.022297 0.420722 0.052550 0.116960 0.350337 0.189706 0.188783 0.045917 0.050958 0.059452 0.098536 0.429975 0.429838 0.020149 0.020058 0.020033 0.020016 0.020033 0.020034 0.020025 0.020037 0.020036 0.020350 0.020399 0.020053 0.020024 0.020030 0.020066 0.020033 0.020025 0.020038 0.020159 0.020057 0.020304 0.030974 0.430000 0.081934 0.020124 0.020031 0.020021 0.020017 0.020027 0.020025 0.020219 0.027849 0.122416 -9999.0 -9999.0 -9999.0
-9999.0 -9999.0 -9999.0 -9999.0 -9999.0 -9999.0 -9999.0 -9999.0 0.020038 0.020070 0.020038 0.020027 0.020036 0.020051 0.020132 0.093466 0.070852 0.062409 0.020238 0.189735 0.406400 0.383850 0.377243 0.120366 0.051173 0.388722 0.428986 0.020504 0.020024 0.020028 0.020024 0.020026 0.020038 0.020027 0.020044 0.020053 0.020716 0.032906 0.020226 0.020045 0.020032 0.020019 0.020027 0.020047 0.020056 0.020095 0.020031 0.020043 0.020523 0.101181 0.123742 0.020623 0.020027 0.020024 0.020037 0.020036 0.020082 0.024685 0.031726 0.430000 0.213937 -9999.0 -9999.0
-9999.0 -9999.0 -9999.0 -9999.0 -9999.0 -9999.0 -9999.0 -9999.0 0.020033 0.020040 0.020044 0.020031 0.020031 0.020036 0.020231 0.020152 0.065816 0.076310 0.039353 0.392754 0.187162 0.343189 0.364084 0.268130 0.389249 0.070362 0.100492 0.020103 0.020029 0.020034 0.020028 0.020066 0.020048 0.020056 0.020070 0.020074 0.025226 0.045466 0.027313 0.020107 0.020043 0.020029 0.020045 0.020038 0.020063 0.020044 0.020024 0.020034 0.020046 0.032794 0.424588 0.083250 0.020030 0.020027 0.020050 0.020257 0.173111 0.177392 0.093009 0.430000 0.420814 -9999.0 -9999.0
-9999.0 -9999.0 -9999.0 -9999.0 -9999.0 -9999.0 -9999.0 -9999.0 0.020021 0.020047 0.040253 0.020024 0.020039 0.040125 0.020128 0.093460 0.021048 0.042050 0.405913 0.194216 0.208732 0.228923 0.348691 0.281122 0.290234 0.078719 0.091172 0.020067 0.020058 0.020121 0.020091 0.020176 0.021758 0.020852 0.020613 0.020139 0.131627 0.071742 0.038093 0.021215 0.020054 0.020060 0.020060 0.020038 0.020036 0.020030 0.020045 0.020035 0.020036 0.020080 0.096964 0.097012 0.087814 0.074513 0.165436 0.194729 0.122583 0.430000 0.400451 0.422761 0.418122 0.394351 -9999.0
-9999.0 -9999.0 -9999.0 -9999.0 -9999.0 -9999.0 -9999.0 -9999.0 0.020021 0.020042 0.040080 0.020083 0.020262 0.021778 0.190166 0.430000 0.430000 0.071661 0.077936 0.062819 0.248895 0.274382 0.225080 0.211872 0.117238 0.068692 0.020114 0.120662 0.125182 0.089947 0.020379 0.143130 0.040435 0.161765 0.027245 0.027128 0.025747 0.063325 0.025097 0.177515 0.027982 0.022091 0.025704 0.022074 0.020084 0.020081 0.020448 0.021579 0.020378 0.025573 0.027311 0.071127 0.089961 0.114761 0.200000 0.430000 0.430000 0.430000 0.429463 0.090778 0.077998 0.401138 -9999.0
-9999.0 -9999.0 0.020037 0.020043 0.020034 0.020055 0.020037 0.020041 0.020028 0.020034 0.020074 0.107017 0.021638 0.143341 0.198025 0.430000 0.030773 0.020105 0.020288 0.090010 0.060490 0.324359 0.429445 0.168350 0.238563 0.059306 0.068452 0.074903 0.082137 0.194899 0.086747 0.091859 0.430000 0.081445 0.142060 0.066970 0.122688 0.049886 0.022332 0.024604 0.024123 0.025517 0.027453 0.097304 0.030490 0.026551 0.156727 0.419810 0.026776 0.099620 0.087479 0.393218 0.430000 0.430000 0.430000 0.430000 0.430000 0.429035 0.106322 0.086339 0.429884 0.408987 -9999.0
-9999.0 0.020267 0.020119 0.020087 0.020058 0.020068 0.020037 0.020036 0.020029 0.020027 0.020048 0.020143 0.428893 0.427783 0.430000 0.020350 0.020076 0.020049 0.040130 0.086332 0.060421 0.072478 0.430000 0.411902 0.292185 0.265591 0.343899 0.384169 0.102400 0.426107 0.070248 0.091052 0.169012 0.428141 0.115580 0.365402 0.101940 0.036351 0.377331 0.371667 0.104949 0.127424 0.074158 0.062357 0.059330 0.054665 0.413524 0.057057 0.082159 0.387432 0.419791 0.429939 0.430000 0.430000 0.430000 0.430000 0.430000 0.429371 0.430000 0.428728 0.426567 0.411421 -9999.0
-9999.0 0.020399 0.020112 0.020461 0.330886 0.020079 0.020054 0.020032 0.020026 0.020026 0.020040 0.020103 0.091928 0.430000 0.021482 0.020041 0.020038 0.020044 0.020512 0.062628 0.428515 0.423390 0.409689 0.430000 0.430000 0.386150 0.141304 0.211238 0.381802 0.047182 0.036047 0.039581 0.420174 0.420268 0.422143 0.382038 0.405070 0.381176 0.345573 0.324741 0.352004 0.382685 0.129423 0.238372 0.144074 0.035327 0.350972 0.391297 0.399850 0.413703 0.422888 0.412032 0.428452 0.430000 0.125147 0.414612 0.052502 0.403466 0.095956 0.388913 0.423115 -9999.0 -9999.0
-9999.0 0.020064 0.020473 0.020714 0.117414 0.218065 0.356661 0.020079 0.020048 0.020050 0.020083 0.087561 0.164594 0.427054 0.020087 0.020029 0.020033 0.020056 0.020081 0.030311 0.082238 0.089949 0.323220 0.430000 0.430000 0.420871 0.421211 0.419610 0.223277 0.376590 0.175434 0.166985 0.406580 0.409432 0.384432 0.342765 0.347935 0.375495 0.328544 0.321445 0.324768 0.394537 0.361297 0.168161 0.164772 0.386305 0.385516 0.411522 0.419946 0.381026 0.099822 0.408838 0.416872 0.316875 0.381912 0.040201 0.040195 0.040069 0.040152 -9999.0 -9999.0 -9999.0 -9999.0
