user2019/resources/simulation/Vinschgau/output-maps/thetaliqL0007N0491.asc
ncols         63
nrows         48
xllcorner     598000.000000
yllcorner     5145000.000000
cellsize      1000.000000
NODATA_value  -9999.0
[rows 0 to 28 of 48, columns 0 to 62 of 63]
-9999.0 -9999.0 -9999.0 -9999.0 -9999.0 -9999.0 -9999.0 -9999.0 -9999.0 -9999.0 -9999.0 -9999.0 -9999.0 -9999.0 -9999.0 -9999.0 -9999.0 -9999.0 -9999.0 -9999.0 -9999.0 -9999.0 -9999.0 -9999.0 -9999.0 -9999.0 -9999.0 -9999.0 -9999.0 -9999.0 -9999.0 -9999.0 -9999.0 -9999.0 -9999.0 -9999.0 -9999.0 -9999.0 -9999.0 -9999.0 -9999.0 -9999.0 -9999.0 -9999.0 -9999.0 -9999.0 -9999.0 -9999.0 -9999.0 -9999.0 -9999.0 -9999.0 -9999.0 -9999.0 -9999.0 -9999.0 -9999.0 -9999.0 -9999.0 -9999.0 -9999.0 -9999.0 -9999.0
-9999.0 -9999.0 -9999.0 -9999.0 -9999.0 -9999.0 -9999.0 -9999.0 -9999.0 -9999.0 -9999.0 -9999.0 -9999.0 -9999.0 -9999.0 -9999.0 -9999.0 -9999.0 -9999.0 -9999.0 -9999.0 -9999.0 -9999.0 -9999.0 -9999.0 -9999.0 -9999.0 0.049876 0.051576 0.049908 0.052201 0.050447 0.050914 -9999.0 -9999.0 -9999.0 -9999.0 -9999.0 -9999.0 -9999.0 -9999.0 -9999.0 -9999.0 -9999.0 -9999.0 -9999.0 -9999.0 -9999.0 -9999.0 -9999.0 -9999.0 -9999.0 -9999.0 -9999.0 -9999.0 -9999.0 -9999.0 -9999.0 -9999.0 -9999.0 -9999.0 -9999.0 -9999.0
-9999.0 -9999.0 -9999.0 -9999.0 -9999.0 -9999.0 -9999.0 -9999.0 -9999.0 -9999.0 -9999.0 -9999.0 -9999.0 -9999.0 -9999.0 -9999.0 -9999.0 -9999.0 -9999.0 -9999.0 -9999.0 -9999.0 -9999.0 -9999.0 0.088088 0.085950 0.100410 0.111182 0.130746 0.063036 0.050749 -9999.0 -9999.0 -9999.0 -9999.0 -9999.0 -9999.0 -9999.0 -9999.0 -9999.0 -9999.0 -9999.0 -9999.0 -9999.0 -9999.0 -9999.0 -9999.0 -9999.0 -9999.0 -9999.0 -9999.0 -9999.0 -9999.0 -9999.0 -9999.0 -9999.0 -9999.0 -9999.0 -9999.0 -9999.0 -9999.0 -9999.0 -9999.0
-9999.0 -9999.0 -9999.0 -9999.0 -9999.0 -9999.0 -9999.0 -9999.0 -9999.0 -9999.0 -9999.0 -9999.0 -9999.0 -9999.0 -9999.0 -9999.0 -9999.0 -9999.0 -9999.0 -9999.0 -9999.0 -9999.0 -9999.0 0.081983 0.112514 0.222940 0.026327 0.020529 0.020547 0.051811 0.052170 0.050362 -9999.0 -9999.0 -9999.0 -9999.0 -9999.0 -9999.0 -9999.0 -9999.0 -9999.0 -9999.0 -9999.0 -9999.0 -9999.0 -9999.0 -9999.0 -9999.0 -9999.0 -9999.0 -9999.0 -9999.0 -9999.0 -9999.0 -9999.0 -9999.0 -9999.0 -9999.0 -9999.0 -9999.0 -9999.0 -9999.0 -9999.0
-9999.0 -9999.0 -9999.0 -9999.0 -9999.0 -9999.0 -9999.0 -9999.0 -9999.0 -9999.0 -9999.0 -9999.0 -9999.0 -9999.0 -9999.0 -9999.0 -9999.0 -9999.0 0.430000 0.088669 -9999.0 0.091522 0.107486 0.020538 0.033219 0.020521 0.417554 0.430000 0.430000 0.034769 0.054090 0.053350 0.049923 0.049920 -9999.0 -9999.0 -9999.0 -9999.0 -9999.0 -9999.0 -9999.0 -9999.0 -9999.0 -9999.0 -9999.0 -9999.0 -9999.0 -9999.0 -9999.0 -9999.0 -9999.0 -9999.0 -9999.0 -9999.0 -9999.0 -9999.0 -9999.0 -9999.0 -9999.0 -9999.0 -9999.0 -9999.0 -9999.0
-9999.0 -9999.0 -9999.0 -9999.0 -9999.0 -9999.0 -9999.0 -9999.0 -9999.0 -9999.0 -9999.0 -9999.0 -9999.0 -9999.0 -9999.0 -9999.0 -9999.0 0.167596 0.030650 0.020517 0.050007 0.329325 0.036624 0.020570 0.404784 0.032265 0.033520 0.070755 0.035484 0.430000 0.135666 0.059076 0.050020 0.049950 0.050405 0.050455 -9999.0 -9999.0 -9999.0 -9999.0 -9999.0 -9999.0 -9999.0 -9999.0 -9999.0 -9999.0 -9999.0 -9999.0 -9999.0 -9999.0 -9999.0 -9999.0 -9999.0 -9999.0 -9999.0 -9999.0 -9999.0 -9999.0 -9999.0 -9999.0 -9999.0 -9999.0 -9999.0
-9999.0 -9999.0 -9999.0 -9999.0 -9999.0 -9999.0 -9999.0 -9999.0 -9999.0 -9999.0 -9999.0 -9999.0 -9999.0 0.051353 0.052929 0.292982 0.226355 0.049979 0.171436 0.020551 0.036181 0.032916 0.020543 0.114758 0.032986 0.094044 0.020604 0.020777 0.020837 0.066919 0.200000 0.113695 0.053372 0.051281 0.050472 0.050452 -9999.0 -9999.0 -9999.0 -9999.0 -9999.0 -9999.0 -9999.0 -9999.0 -9999.0 -9999.0 -9999.0 -9999.0 -9999.0 -9999.0 -9999.0 -9999.0 -9999.0 -9999.0 -9999.0 -9999.0 -9999.0 -9999.0 -9999.0 -9999.0 -9999.0 -9999.0 -9999.0
-9999.0 -9999.0 -9999.0 -9999.0 -9999.0 -9999.0 -9999.0 -9999.0 -9999.0 -9999.0 -9999.0 -9999.0 -9999.0 0.112378 0.046975 0.208558 0.191040 0.430000 0.050001 0.025961 0.020126 0.049940 0.034829 0.032982 0.046774 0.020612 0.050293 0.050439 0.050464 0.023609 0.069518 0.050890 0.050475 0.050474 0.050473 -9999.0 -9999.0 -9999.0 -9999.0 -9999.0 -9999.0 -9999.0 -9999.0 -9999.0 -9999.0 -9999.0 -9999.0 -9999.0 -9999.0 -9999.0 -9999.0 -9999.0 -9999.0 -9999.0 -9999.0 -9999.0 -9999.0 -9999.0 -9999.0 -9999.0 -9999.0 -9999.0 -9999.0
-9999.0 -9999.0 -9999.0 -9999.0 -9999.0 -9999.0 -9999.0 -9999.0 -9999.0 -9999.0 -9999.0 -9999.0 -9999.0 0.038687 0.200000 0.272576 0.251560 0.218026 0.050019 0.201537 0.136139 0.020558 0.039178 0.032408 0.043136 0.069695 0.049910 0.050447 0.052972 0.050474 0.051068 0.020210 0.020150 0.022251 0.050480 -9999.0 -9999.0 -9999.0 -9999.0 -9999.0 -9999.0 -9999.0 -9999.0 -9999.0 -9999.0 -9999.0 -9999.0 -9999.0 -9999.0 -9999.0 -9999.0 -9999.0 -9999.0 -9999.0 -9999.0 -9999.0 -9999.0 -9999.0 -9999.0 -9999.0 -9999.0 -9999.0 -9999.0
-9999.0 -9999.0 -9999.0 -9999.0 -9999.0 -9999.0 -9999.0 -9999.0 -9999.0 -9999.0 -9999.0 -9999.0 0.020562 0.200000 0.054891 0.061140 0.430000 0.359522 0.430000 0.020535 0.039667 0.043257 0.020591 0.051728 0.430000 0.051122 0.098189 0.051434 0.060891 0.050457 0.050473 0.049899 0.055023 0.050361 -9999.0 -9999.0 -9999.0 -9999.0 -9999.0 -9999.0 -9999.0 -9999.0 -9999.0 -9999.0 -9999.0 -9999.0 -9999.0 -9999.0 -9999.0 -9999.0 -9999.0 -9999.0 -9999.0 -9999.0 -9999.0 -9999.0 -9999.0 -9999.0 -9999.0 -9999.0 -9999.0 -9999.0 -9999.0
-9999.0 -9999.0 -9999.0 -9999.0 -9999.0 -9999.0 -9999.0 -9999.0 -9999.0 -9999.0 -9999.0 0.098327 0.068966 0.430000 0.050723 0.101738 0.020582 0.430000 0.430000 0.020532 0.020259 0.430000 0.055976 0.051608 0.020653 0.053208 0.050626 0.055526 0.200000 0.050455 0.049921 0.060400 0.050072 0.050354 0.049982 0.049919 0.050461 0.050219 0.049921 -9999.0 -9999.0 -9999.0 0.050353 -9999.0 -9999.0 -9999.0 -9999.0 -9999.0 -9999.0 -9999.0 -9999.0 -9999.0 -9999.0 -9999.0 -9999.0 -9999.0 -9999.0 -9999.0 -9999.0 -9999.0 -9999.0 -9999.0 -9999.0
-9999.0 -9999.0 -9999.0 -9999.0 -9999.0 -9999.0 -9999.0 -9999.0 -9999.0 -9999.0 -9999.0 0.095697 0.065117 0.020585 0.062928 0.050460 0.059514 0.030023 0.430000 0.430000 0.141420 0.058901 0.120264 0.071217 0.082123 0.051871 0.054126 0.059611 0.049925 0.050367 0.057854 0.071812 0.052682 0.052013 0.050048 0.053110 0.052453 0.051261 0.050460 0.049939 0.049981 0.050067 0.056518 0.050361 -9999.0 -9999.0 -9999.0 0.430000 0.050616 0.049854 0.051998 0.049849 0.049868 0.430000 0.430000 0.050320 -9999.0 -9999.0 -9999.0 -9999.0 -9999.0 -9999.0 -9999.0
-9999.0 -9999.0 -9999.0 -9999.0 -9999.0 -9999.0 -9999.0 -9999.0 -9999.0 -9999.0 -9999.0 0.115303 0.089029 0.025997 0.430000 0.053502 0.077194 0.048736 0.137796 0.430000 0.430000 0.020836 0.074860 0.123931 0.051589 0.049954 0.079615 0.083691 0.050370 0.051423 0.050412 0.022271 0.056199 0.051410 0.050136 0.054034 0.026328 0.020536 0.050713 0.049980 0.050087 0.049984 0.056249 0.053397 0.050408 -9999.0 0.050267 0.052047 0.055345 0.060833 0.050201 0.049878 0.050443 0.069143 0.050860 0.053352 -9999.0 -9999.0 -9999.0 -9999.0 -9999.0 -9999.0 -9999.0
-9999.0 -9999.0 -9999.0 -9999.0 -9999.0 -9999.0 -9999.0 -9999.0 -9999.0 -9999.0 -9999.0 -9999.0 0.103367 0.430000 0.100656 0.101617 0.050744 0.047687 0.430000 0.430000 0.043889 0.020801 0.020870 0.082533 0.080007 0.074386 0.200000 0.050400 0.052179 0.049895 0.055919 0.078565 0.049935 0.053018 0.051434 0.053276 0.023816 0.021300 0.069199 0.049953 0.056001 0.049960 0.020641 0.122930 0.049930 0.052484 0.049876 0.051571 0.023589 0.080721 0.430000 0.087798 0.430000 0.430000 0.075770 0.088418 0.096606 -9999.0 -9999.0 -9999.0 -9999.0 -9999.0 -9999.0
-9999.0 -9999.0 -9999.0 -9999.0 -9999.0 -9999.0 -9999.0 -9999.0 -9999.0 -9999.0 -9999.0 0.430000 0.085150 0.049943 0.082237 0.080431 0.084306 0.049949 0.150224 0.411929 0.042924 0.047173 0.075957 0.021348 0.070750 0.088582 0.430000 0.051295 0.050503 0.049935 0.081240 0.084938 0.066498 0.055108 0.051130 0.056226 0.050198 0.020558 0.193475 0.050655 0.020591 0.022109 0.060790 0.020599 0.062041 0.051391 0.058044 0.049901 0.049888 0.020645 0.026637 0.050471 0.073717 0.040839 0.045266 0.021791 0.049860 -9999.0 -9999.0 -9999.0 -9999.0 -9999.0 -9999.0
-9999.0 -9999.0 -9999.0 -9999.0 -9999.0 -9999.0 -9999.0 -9999.0 -9999.0 -9999.0 0.430000 0.080264 0.121457 0.097816 0.121228 0.164726 0.147655 0.042580 0.334078 0.266841 0.430000 0.430000 0.020666 0.118917 0.064368 0.430000 0.027471 0.021731 0.050002 0.058801 0.087493 0.103353 0.055814 0.052694 0.050467 0.049990 0.053411 0.033023 0.032446 0.039946 0.020620 0.020634 0.050362 0.336077 0.061803 0.049938 0.056103 0.020732 0.081268 0.081083 0.021109 0.050349 0.045936 0.021124 0.050330 0.054949 0.055001 -9999.0 -9999.0 -9999.0 -9999.0 -9999.0 -9999.0
-9999.0 -9999.0 -9999.0 -9999.0 -9999.0 -9999.0 -9999.0 -9999.0 -9999.0 0.051348 0.430000 0.430000 0.088687 0.071234 0.430000 0.081942 0.067977 0.136612 0.040851 0.210389 0.430000 0.034756 0.020456 0.051273 0.430000 0.021057 0.058939 0.061308 0.020848 0.071317 0.083738 0.020267 0.050449 0.050454 0.050279 0.050382 0.055852 0.047839 0.034977 0.070193 0.041187 0.039419 0.020231 0.032650 0.020149 0.020657 0.071020 0.020661 0.020680 0.430000 0.020700 0.049869 0.024213 0.050240 0.050011 0.028613 0.091008 0.049893 0.049880 -9999.0 -9999.0 -9999.0 -9999.0
-9999.0 -9999.0 -9999.0 -9999.0 -9999.0 -9999.0 -9999.0 -9999.0 -9999.0 0.049983 0.051173 0.052255 0.200000 0.070025 0.061969 0.062986 0.136087 0.070984 0.036859 0.289214 0.314868 0.097953 0.430000 0.121336 0.021210 0.053182 0.061141 0.066156 0.075511 0.430000 0.050727 0.021284 0.053581 0.051800 0.058337 0.049991 0.049941 0.049948 0.050528 0.057185 0.430000 0.029300 0.038186 0.064435 0.338079 0.327896 0.044438 0.020626 0.020645 0.075048 0.020229 0.031089 0.050288 0.050732 0.050322 0.430000 0.023054 0.092535 0.049903 -9999.0 -9999.0 -9999.0 -9999.0
-9999.0 -9999.0 -9999.0 -9999.0 -9999.0 -9999.0 -9999.0 -9999.0 -9999.0 -9999.0 0.051268 0.054623 0.085986 0.430000 0.020811 0.062632 0.066410 0.056111 0.033199 0.222697 0.386353 0.020459 0.051030 0.021409 0.053511 0.058760 0.049035 0.078868 0.050891 0.061368 0.021529 0.430000 0.037518 0.051518 0.059487 0.069041 0.086735 0.108853 0.049904 0.051606 0.050609 0.120332 0.200000 0.021246 0.020883 0.043571 0.020514 0.430000 0.020618 0.020717 0.020127 0.020743 0.049852 0.050283 0.075705 0.051107 0.105436 0.200000 0.020896 0.053921 -9999.0 -9999.0 -9999.0
-9999.0 -9999.0 -9999.0 -9999.0 -9999.0 -9999.0 -9999.0 -9999.0 -9999.0 -9999.0 0.052005 0.052697 0.100999 0.083534 0.430000 0.044725 0.043107 0.288400 0.173587 0.197136 0.163984 0.036492 0.040593 0.044181 0.048185 0.045403 0.430000 0.055134 0.060356 0.040285 0.051611 0.118902 0.021118 0.051131 0.051805 0.108168 0.200000 0.078977 0.022168 0.051309 0.054073 0.049880 0.079376 0.051740 0.430000 0.020180 0.079985 0.020900 0.020680 0.020670 0.020777 0.021000 0.086335 0.049850 0.050351 0.049857 0.050522 0.021724 0.047003 0.430000 -9999.0 -9999.0 -9999.0
-9999.0 -9999.0 -9999.0 -9999.0 -9999.0 -9999.0 -9999.0 -9999.0 0.121091 0.056810 0.049984 0.109227 0.095194 0.086734 0.055107 0.430000 0.033193 0.103991 0.218681 0.186862 0.127642 0.031613 0.034763 0.034195 0.038927 0.430000 0.430000 0.061585 0.088465 0.034012 0.050421 0.052369 0.052860 0.051625 0.053665 0.050587 0.055049 0.080395 0.020898 0.049887 0.050259 0.108754 0.030091 0.050413 0.049891 0.200000 0.021001 0.079607 0.021017 0.430000 0.042302 0.020118 0.087335 0.032146 0.049886 0.051572 0.049894 0.146012 0.020817 0.043872 -9999.0 -9999.0 -9999.0
-9999.0 -9999.0 -9999.0 -9999.0 -9999.0 -9999.0 -9999.0 -9999.0 0.024861 0.087871 0.024286 0.051100 0.051695 0.144300 0.051104 0.049962 0.043865 0.035912 0.020128 0.179580 0.335802 0.259476 0.346867 0.092190 0.027589 0.430000 0.430000 0.092146 0.023474 0.054164 0.053146 0.049921 0.055392 0.049867 0.118621 0.122766 0.066126 0.086748 0.021213 0.055720 0.051102 0.050402 0.050350 0.055941 0.200000 0.080953 0.029403 0.052460 0.021077 0.044545 0.040376 0.091664 0.057264 0.062073 0.050501 0.020702 0.020942 0.020892 0.020701 0.430000 0.231513 -9999.0 -9999.0
-9999.0 -9999.0 -9999.0 -9999.0 -9999.0 -9999.0 -9999.0 -9999.0 0.051517 0.173307 0.050769 0.029219 0.136214 0.025261 0.083252 0.020857 0.036829 0.036430 0.024843 0.351321 0.177730 0.257200 0.244115 0.175889 0.338498 0.036580 0.048515 0.056029 0.020996 0.055760 0.049912 0.133033 0.083773 0.021112 0.123580 0.077344 0.021181 0.021035 0.021355 0.023815 0.052346 0.049867 0.113349 0.199963 0.070910 0.094780 0.049881 0.101240 0.065676 0.020944 0.430000 0.044245 0.021404 0.021601 0.020966 0.103733 0.099232 0.084884 0.038769 0.430000 0.317985 -9999.0 -9999.0
-9999.0 -9999.0 -9999.0 -9999.0 -9999.0 -9999.0 -9999.0 -9999.0 0.050408 0.056019 0.430000 0.020821 0.134304 0.430000 0.020119 0.047346 0.020203 0.028169 0.373456 0.172692 0.182612 0.193666 0.274142 0.280795 0.220806 0.041848 0.048597 0.021036 0.118126 0.020926 0.020938 0.020892 0.020684 0.089052 0.020883 0.050220 0.050888 0.048241 0.021374 0.022144 0.052618 0.056936 0.058269 0.049904 0.093432 0.049883 0.049986 0.049888 0.050628 0.020766 0.045025 0.043396 0.045028 0.430000 0.099579 0.106512 0.042961 0.430000 0.430000 0.378198 0.430000 0.430000 -9999.0
-9999.0 -9999.0 -9999.0 -9999.0 -9999.0 -9999.0 -9999.0 -9999.0 0.091289 0.120381 0.430000 0.021514 0.021561 0.053206 0.150586 0.430000 0.430000 0.043137 0.047222 0.037698 0.180328 0.197829 0.200793 0.207351 0.090232 0.036770 0.039699 0.053945 0.051870 0.081636 0.020937 0.085020 0.020787 0.087970 0.020865 0.020836 0.020799 0.048488 0.021378 0.091146 0.020916 0.020696 0.020851 0.020664 0.021166 0.053928 0.020782 0.020804 0.020752 0.020698 0.020656 0.032534 0.042492 0.053719 0.141078 0.430000 0.430000 0.430000 0.430000 0.039326 0.042934 0.430000 -9999.0
-9999.0 -9999.0 0.049925 0.100807 0.117532 0.059691 0.089418 0.086936 0.122602 0.117348 0.090881 0.430000 0.053249 0.102967 0.167704 0.430000 0.021364 0.053502 0.061151 0.048165 0.035239 0.284361 0.408034 0.179101 0.201663 0.030988 0.035074 0.035312 0.038957 0.128616 0.043080 0.047873 0.430000 0.047167 0.069647 0.045993 0.054609 0.046555 0.021346 0.021441 0.020821 0.020772 0.020892 0.040299 0.020714 0.020738 0.066456 0.430000 0.020643 0.040284 0.036456 0.346620 0.430000 0.430000 0.430000 0.430000 0.430000 0.430000 0.041550 0.044330 0.430000 0.430000 -9999.0
-9999.0 0.054290 0.076108 0.077673 0.057416 0.088762 0.089463 0.076148 0.074428 0.051907 0.087684 0.058180 0.430000 0.430000 0.430000 0.021633 0.089831 0.070514 0.430000 0.040953 0.031723 0.034503 0.430000 0.341049 0.263265 0.184886 0.269759 0.289869 0.039521 0.430000 0.030871 0.038553 0.086595 0.430000 0.046774 0.301247 0.040786 0.035977 0.430000 0.430000 0.046729 0.061746 0.040183 0.038282 0.034429 0.034111 0.430000 0.037113 0.040700 0.319615 0.430000 0.430000 0.430000 0.430000 0.430000 0.430000 0.430000 0.430000 0.430000 0.430000 0.430000 0.430000 -9999.0
-9999.0 0.126863 0.091295 0.083594 0.430000 0.094240 0.056287 0.066312 0.097870 0.049936 0.076020 0.054815 0.051133 0.430000 0.021668 0.061751 0.027135 0.061514 0.093630 0.049974 0.430000 0.430000 0.364525 0.430000 0.427925 0.338479 0.118383 0.233581 0.278308 0.023799 0.021858 0.022536 0.430000 0.430000 0.430000 0.390284 0.418631 0.375662 0.430000 0.253234 0.343965 0.430000 0.066977 0.151587 0.113823 0.022115 0.333367 0.430000 0.430000 0.430000 0.430000 0.430000 0.430000 0.430000 0.052050 0.430000 0.056585 0.430000 0.055844 0.430000 0.430000 -9999.0 -9999.0
-9999.0 0.049917 0.086664 0.054245 0.047026 0.430000 0.430000 0.051512 0.080256 0.083179 0.085181 0.049700 0.096776 0.430000 0.060438 0.062829 0.073479 0.086708 0.058258 0.051584 0.039544 0.039028 0.246370 0.430000 0.430000 0.430000 0.430000 0.430000 0.218727 0.357316 0.193553 0.172070 0.379818 0.386305 0.430000 0.297845 0.430000 0.417707 0.334931 0.290551 0.250870 0.430000 0.430000 0.180899 0.173060 0.430000 0.408587 0.430000 0.430000 0.430000 0.047042 0.430000 0.430000 0.430000 0.430000 0.430000 0.430000 0.430000 0.430000 -9999.0 -9999.0 -9999.0 -9999.0
