user2019/resources/simulation/Vinschgau/output-maps/thetaliqL0002N0197.asc
ncols         63
nrows         48
xllcorner     598000.000000
yllcorner     5145000.000000
cellsize      1000.000000
NODATA_value  -9999.0
[rows 0 to 28 of 48, columns 0 to 62 of 63]
-9999.0 -9999.0 -9999.0 -9999.0 -9999.0 -9999.0 -9999.0 -9999.0 -9999.0 -9999.0 -9999.0 -9999.0 -9999.0 -9999.0 -9999.0 -9999.0 -9999.0 -9999.0 -9999.0 -9999.0 -9999.0 -9999.0 -9999.0 -9999.0 -9999.0 -9999.0 -9999.0 -9999.0 -9999.0 -9999.0 -9999.0 -9999.0 -9999.0 -9999.0 -9999.0 -9999.0 -9999.0 -9999.0 -9999.0 -9999.0 -9999.0 -9999.0 -9999.0 -9999.0 -9999.0 -9999.0 -9999.0 -9999.0 -9999.0 -9999.0 -9999.0 -9999.0 -9999.0 -9999.0 -9999.0 -9999.0 -9999.0 -9999.0 -9999.0 -9999.0 -9999.0 -9999.0 -9999.0
-9999.0 -9999.0 -9999.0 -9999.0 -9999.0 -9999.0 -9999.0 -9999.0 -9999.0 -9999.0 -9999.0 -9999.0 -9999.0 -9999.0 -9999.0 -9999.0 -9999.0 -9999.0 -9999.0 -9999.0 -9999.0 -9999.0 -9999.0 -9999.0 -9999.0 -9999.0 -9999.0 0.020029 0.040009 0.020023 0.040010 0.040007 0.040007 -9999.0 -9999.0 -9999.0 -9999.0 -9999.0 -9999.0 -9999.0 -9999.0 -9999.0 -9999.0 -9999.0 -9999.0 -9999.0 -9999.0 -9999.0 -9999.0 -9999.0 -9999.0 -9999.0 -9999.0 -9999.0 -9999.0 -9999.0 -9999.0 -9999.0 -9999.0 -9999.0 -9999.0 -9999.0 -9999.0
-9999.0 -9999.0 -9999.0 -9999.0 -9999.0 -9999.0 -9999.0 -9999.0 -9999.0 -9999.0 -9999.0 -9999.0 -9999.0 -9999.0 -9999.0 -9999.0 -9999.0 -9999.0 -9999.0 -9999.0 -9999.0 -9999.0 -9999.0 -9999.0 0.040036 0.040011 0.040008 0.040008 0.040009 0.040008 0.040010 -9999.0 -9999.0 -9999.0 -9999.0 -9999.0 -9999.0 -9999.0 -9999.0 -9999.0 -9999.0 -9999.0 -9999.0 -9999.0 -9999.0 -9999.0 -9999.0 -9999.0 -9999.0 -9999.0 -9999.0 -9999.0 -9999.0 -9999.0 -9999.0 -9999.0 -9999.0 -9999.0 -9999.0 -9999.0 -9999.0 -9999.0 -9999.0
-9999.0 -9999.0 -9999.0 -9999.0 -9999.0 -9999.0 -9999.0 -9999.0 -9999.0 -9999.0 -9999.0 -9999.0 -9999.0 -9999.0 -9999.0 -9999.0 -9999.0 -9999.0 -9999.0 -9999.0 -9999.0 -9999.0 -9999.0 0.040015 0.040014 0.040103 0.040028 0.040017 0.040011 0.040007 0.040007 0.040013 -9999.0 -9999.0 -9999.0 -9999.0 -9999.0 -9999.0 -9999.0 -9999.0 -9999.0 -9999.0 -9999.0 -9999.0 -9999.0 -9999.0 -9999.0 -9999.0 -9999.0 -9999.0 -9999.0 -9999.0 -9999.0 -9999.0 -9999.0 -9999.0 -9999.0 -9999.0 -9999.0 -9999.0 -9999.0 -9999.0 -9999.0
-9999.0 -9999.0 -9999.0 -9999.0 -9999.0 -9999.0 -9999.0 -9999.0 -9999.0 -9999.0 -9999.0 -9999.0 -9999.0 -9999.0 -9999.0 -9999.0 -9999.0 -9999.0 0.040113 0.040026 -9999.0 0.040028 0.040020 0.040030 0.040025 0.040004 0.040022 0.040022 0.040010 0.040013 0.040006 0.040008 0.020020 0.020018 -9999.0 -9999.0 -9999.0 -9999.0 -9999.0 -9999.0 -9999.0 -9999.0 -9999.0 -9999.0 -9999.0 -9999.0 -9999.0 -9999.0 -9999.0 -9999.0 -9999.0 -9999.0 -9999.0 -9999.0 -9999.0 -9999.0 -9999.0 -9999.0 -9999.0 -9999.0 -9999.0 -9999.0 -9999.0
-9999.0 -9999.0 -9999.0 -9999.0 -9999.0 -9999.0 -9999.0 -9999.0 -9999.0 -9999.0 -9999.0 -9999.0 -9999.0 -9999.0 -9999.0 -9999.0 -9999.0 0.040012 0.040004 0.020023 0.020030 0.040027 0.040020 0.040007 0.040012 0.040009 0.040015 0.040034 0.040012 0.040024 0.040011 0.040007 0.020019 0.020018 0.020022 0.020019 -9999.0 -9999.0 -9999.0 -9999.0 -9999.0 -9999.0 -9999.0 -9999.0 -9999.0 -9999.0 -9999.0 -9999.0 -9999.0 -9999.0 -9999.0 -9999.0 -9999.0 -9999.0 -9999.0 -9999.0 -9999.0 -9999.0 -9999.0 -9999.0 -9999.0 -9999.0 -9999.0
-9999.0 -9999.0 -9999.0 -9999.0 -9999.0 -9999.0 -9999.0 -9999.0 -9999.0 -9999.0 -9999.0 -9999.0 -9999.0 0.040020 0.040023 0.040007 0.040008 0.020017 0.040009 0.040011 0.040008 0.040015 0.040005 0.040007 0.040008 0.040013 0.020028 0.040014 0.040011 0.040024 0.040017 0.040010 0.040009 0.040006 0.020018 0.020017 -9999.0 -9999.0 -9999.0 -9999.0 -9999.0 -9999.0 -9999.0 -9999.0 -9999.0 -9999.0 -9999.0 -9999.0 -9999.0 -9999.0 -9999.0 -9999.0 -9999.0 -9999.0 -9999.0 -9999.0 -9999.0 -9999.0 -9999.0 -9999.0 -9999.0 -9999.0 -9999.0
-9999.0 -9999.0 -9999.0 -9999.0 -9999.0 -9999.0 -9999.0 -9999.0 -9999.0 -9999.0 -9999.0 -9999.0 -9999.0 0.040034 0.040118 0.040019 0.040018 0.040014 0.020017 0.040004 0.040004 0.040008 0.040020 0.040013 0.040018 0.040013 0.040009 0.020022 0.020021 0.040010 0.040016 0.040006 0.020018 0.020017 0.020017 -9999.0 -9999.0 -9999.0 -9999.0 -9999.0 -9999.0 -9999.0 -9999.0 -9999.0 -9999.0 -9999.0 -9999.0 -9999.0 -9999.0 -9999.0 -9999.0 -9999.0 -9999.0 -9999.0 -9999.0 -9999.0 -9999.0 -9999.0 -9999.0 -9999.0 -9999.0 -9999.0 -9999.0
-9999.0 -9999.0 -9999.0 -9999.0 -9999.0 -9999.0 -9999.0 -9999.0 -9999.0 -9999.0 -9999.0 -9999.0 -9999.0 0.040022 0.040024 0.040175 0.040024 0.040009 0.020016 0.040005 0.040022 0.020026 0.040016 0.040024 0.040042 0.040052 0.020027 0.020022 0.040009 0.020019 0.040006 0.020017 0.020017 0.020016 0.020016 -9999.0 -9999.0 -9999.0 -9999.0 -9999.0 -9999.0 -9999.0 -9999.0 -9999.0 -9999.0 -9999.0 -9999.0 -9999.0 -9999.0 -9999.0 -9999.0 -9999.0 -9999.0 -9999.0 -9999.0 -9999.0 -9999.0 -9999.0 -9999.0 -9999.0 -9999.0 -9999.0 -9999.0
-9999.0 -9999.0 -9999.0 -9999.0 -9999.0 -9999.0 -9999.0 -9999.0 -9999.0 -9999.0 -9999.0 -9999.0 0.040030 0.040084 0.040180 0.040011 0.040073 0.040011 0.040008 0.020016 0.040022 0.040017 0.040017 0.040032 0.040032 0.040008 0.040030 0.040013 0.040008 0.020021 0.040006 0.020021 0.040006 0.020018 -9999.0 -9999.0 -9999.0 -9999.0 -9999.0 -9999.0 -9999.0 -9999.0 -9999.0 -9999.0 -9999.0 -9999.0 -9999.0 -9999.0 -9999.0 -9999.0 -9999.0 -9999.0 -9999.0 -9999.0 -9999.0 -9999.0 -9999.0 -9999.0 -9999.0 -9999.0 -9999.0 -9999.0 -9999.0
-9999.0 -9999.0 -9999.0 -9999.0 -9999.0 -9999.0 -9999.0 -9999.0 -9999.0 -9999.0 -9999.0 0.040057 0.040026 0.040153 0.040015 0.040019 0.020026 0.040013 0.040008 0.020017 0.040007 0.040049 0.040017 0.040011 0.040015 0.040014 0.040008 0.040014 0.040010 0.020019 0.020025 0.040006 0.020020 0.020016 0.020014 0.020012 0.040002 0.040002 0.040002 -9999.0 -9999.0 -9999.0 0.020015 -9999.0 -9999.0 -9999.0 -9999.0 -9999.0 -9999.0 -9999.0 -9999.0 -9999.0 -9999.0 -9999.0 -9999.0 -9999.0 -9999.0 -9999.0 -9999.0 -9999.0 -9999.0 -9999.0 -9999.0
-9999.0 -9999.0 -9999.0 -9999.0 -9999.0 -9999.0 -9999.0 -9999.0 -9999.0 -9999.0 -9999.0 0.040023 0.040041 0.040033 0.040036 0.040014 0.040021 0.040007 0.040008 0.040014 0.040024 0.040032 0.040025 0.040018 0.040017 0.040011 0.040011 0.040010 0.020030 0.020021 0.040007 0.040006 0.040005 0.040006 0.040004 0.040003 0.040002 0.040006 0.040005 0.020008 0.020008 0.020011 0.040003 0.020017 -9999.0 -9999.0 -9999.0 0.040415 0.040090 0.020096 0.040109 0.020151 0.020151 0.043837 0.043977 0.020161 -9999.0 -9999.0 -9999.0 -9999.0 -9999.0 -9999.0 -9999.0
-9999.0 -9999.0 -9999.0 -9999.0 -9999.0 -9999.0 -9999.0 -9999.0 -9999.0 -9999.0 -9999.0 0.040031 0.040028 0.040010 0.040042 0.040013 0.040021 0.040011 0.040005 0.040009 0.040017 0.040021 0.040023 0.040021 0.040010 0.020026 0.040011 0.040011 0.020024 0.040010 0.020021 0.040006 0.040005 0.040005 0.020013 0.040002 0.040007 0.040006 0.040006 0.020011 0.040002 0.040002 0.040003 0.040004 0.040008 -9999.0 0.020031 0.040065 0.040056 0.040049 0.040069 0.020081 0.040271 0.043128 0.044360 0.044324 -9999.0 -9999.0 -9999.0 -9999.0 -9999.0 -9999.0 -9999.0
-9999.0 -9999.0 -9999.0 -9999.0 -9999.0 -9999.0 -9999.0 -9999.0 -9999.0 -9999.0 -9999.0 -9999.0 0.040042 0.040044 0.040042 0.040043 0.040014 0.040012 0.040008 0.040007 0.040008 0.040023 0.040021 0.040023 0.040012 0.040015 0.040044 0.040009 0.040010 0.020027 0.040009 0.040006 0.040006 0.040005 0.040004 0.040003 0.040003 0.040009 0.040008 0.040008 0.040002 0.020010 0.040003 0.040006 0.020018 0.040014 0.020038 0.040062 0.040029 0.040014 0.040031 0.040091 0.040344 0.040715 0.040106 0.040109 0.040366 -9999.0 -9999.0 -9999.0 -9999.0 -9999.0 -9999.0
-9999.0 -9999.0 -9999.0 -9999.0 -9999.0 -9999.0 -9999.0 -9999.0 -9999.0 -9999.0 -9999.0 0.040050 0.040024 0.040018 0.040027 0.040027 0.040023 0.040012 0.040009 0.040010 0.040005 0.040017 0.040033 0.040012 0.040021 0.040022 0.040035 0.040009 0.040011 0.020025 0.040007 0.040007 0.040007 0.040005 0.040004 0.040003 0.040002 0.040009 0.040005 0.040017 0.040003 0.040004 0.040004 0.020013 0.040008 0.040013 0.040025 0.020034 0.020052 0.040008 0.020039 0.040021 0.040051 0.020034 0.020044 0.020036 0.020154 -9999.0 -9999.0 -9999.0 -9999.0 -9999.0 -9999.0
-9999.0 -9999.0 -9999.0 -9999.0 -9999.0 -9999.0 -9999.0 -9999.0 -9999.0 -9999.0 0.040092 0.040046 0.040051 0.040024 0.040085 0.040022 0.040015 0.040022 0.040009 0.040006 0.040011 0.040044 0.040019 0.040063 0.040014 0.040032 0.040012 0.020023 0.040015 0.040025 0.040009 0.040010 0.040008 0.040006 0.020015 0.020013 0.040002 0.040003 0.040004 0.040021 0.040007 0.020013 0.020014 0.040008 0.040005 0.020020 0.040027 0.040008 0.040010 0.040010 0.020041 0.020036 0.020037 0.020034 0.020038 0.043118 0.043305 -9999.0 -9999.0 -9999.0 -9999.0 -9999.0 -9999.0
-9999.0 -9999.0 -9999.0 -9999.0 -9999.0 -9999.0 -9999.0 -9999.0 -9999.0 0.040020 0.040092 0.040063 0.040028 0.040045 0.040096 0.040022 0.040024 0.040046 0.040005 0.040012 0.040007 0.040006 0.040006 0.040005 0.040027 0.040011 0.040009 0.040025 0.040008 0.040008 0.040004 0.040008 0.020019 0.020017 0.020017 0.020015 0.040004 0.040003 0.040004 0.040003 0.040005 0.040005 0.040006 0.040008 0.040004 0.040005 0.040011 0.040009 0.040012 0.040012 0.040015 0.020124 0.020032 0.020049 0.020140 0.040129 0.041211 0.020177 0.020156 -9999.0 -9999.0 -9999.0 -9999.0
-9999.0 -9999.0 -9999.0 -9999.0 -9999.0 -9999.0 -9999.0 -9999.0 -9999.0 0.040019 0.040023 0.040021 0.040023 0.040026 0.040040 0.040054 0.040556 0.040013 0.040004 0.040006 0.040006 0.040009 0.040017 0.040024 0.040012 0.040013 0.040014 0.040008 0.040004 0.040024 0.040009 0.040007 0.040008 0.040010 0.040006 0.020016 0.020015 0.020015 0.040005 0.040006 0.040017 0.040007 0.040006 0.040005 0.040011 0.040028 0.040011 0.040004 0.040011 0.040009 0.040024 0.040049 0.020051 0.040038 0.020039 0.040440 0.040353 0.040324 0.020203 -9999.0 -9999.0 -9999.0 -9999.0
-9999.0 -9999.0 -9999.0 -9999.0 -9999.0 -9999.0 -9999.0 -9999.0 -9999.0 -9999.0 0.040023 0.040021 0.040028 0.040008 0.040016 0.040040 0.040038 0.040009 0.040019 0.040015 0.040010 0.040007 0.040032 0.040035 0.040013 0.040007 0.040004 0.040005 0.040011 0.040013 0.040011 0.040034 0.040009 0.040008 0.040007 0.040008 0.040008 0.040006 0.020018 0.040006 0.040006 0.040010 0.040009 0.040013 0.040007 0.040005 0.040007 0.040025 0.040015 0.040006 0.040017 0.040045 0.020137 0.020056 0.040090 0.040028 0.040100 0.040073 0.040123 0.041470 -9999.0 -9999.0 -9999.0
-9999.0 -9999.0 -9999.0 -9999.0 -9999.0 -9999.0 -9999.0 -9999.0 -9999.0 -9999.0 0.040023 0.040023 0.040058 0.040046 0.040016 0.040011 0.040011 0.040005 0.040038 0.040055 0.040005 0.040004 0.040006 0.040013 0.040011 0.040005 0.040009 0.040010 0.040013 0.040008 0.040009 0.040028 0.020023 0.040009 0.040009 0.040010 0.040006 0.040007 0.040006 0.040009 0.040016 0.020033 0.040021 0.040011 0.040061 0.040022 0.040048 0.040010 0.040013 0.040005 0.040008 0.040059 0.040084 0.020138 0.020079 0.020138 0.040028 0.040208 0.040007 0.040010 -9999.0 -9999.0 -9999.0
-9999.0 -9999.0 -9999.0 -9999.0 -9999.0 -9999.0 -9999.0 -9999.0 0.040055 0.040062 0.040016 0.040056 0.040031 0.040027 0.040047 0.040005 0.040004 0.040012 0.040058 0.040063 0.040038 0.040015 0.040005 0.040004 0.040004 0.040012 0.040009 0.040012 0.040022 0.040012 0.020021 0.040010 0.040013 0.040015 0.040023 0.040008 0.040026 0.040008 0.040007 0.020033 0.020028 0.040014 0.020026 0.020025 0.020045 0.040049 0.040015 0.040068 0.040010 0.040008 0.040018 0.040027 0.040086 0.040092 0.020131 0.040590 0.020145 0.040959 0.040016 0.040015 -9999.0 -9999.0 -9999.0
-9999.0 -9999.0 -9999.0 -9999.0 -9999.0 -9999.0 -9999.0 -9999.0 0.020038 0.040045 0.040014 0.040013 0.040019 0.040045 0.040053 0.040030 0.040022 0.040021 0.040040 0.040206 0.040003 0.040012 0.040000 0.040021 0.040009 0.040017 0.040005 0.040013 0.020027 0.040020 0.040023 0.020029 0.040031 0.020041 0.040059 0.040044 0.040015 0.040011 0.040011 0.040042 0.040014 0.040008 0.020028 0.040056 0.040033 0.040073 0.020033 0.040018 0.040026 0.040018 0.040006 0.040034 0.040081 0.041685 0.040053 0.020069 0.040097 0.040025 0.040013 0.218672 0.354355 -9999.0 -9999.0
-9999.0 -9999.0 -9999.0 -9999.0 -9999.0 -9999.0 -9999.0 -9999.0 0.040019 0.040026 0.040055 0.040015 0.040044 0.020033 0.040056 0.040011 0.040004 0.040004 0.040067 0.040046 0.040232 0.040000 0.040011 0.040055 0.051325 0.040005 0.040010 0.040013 0.020021 0.040012 0.020030 0.040034 0.040012 0.040010 0.040061 0.040044 0.040040 0.040009 0.040014 0.040026 0.040040 0.020056 0.040075 0.040059 0.040040 0.040031 0.020108 0.040276 0.040077 0.040013 0.040030 0.040007 0.040021 0.040020 0.040009 0.040010 0.040010 0.040014 0.040143 0.040589 0.215603 -9999.0 -9999.0
-9999.0 -9999.0 -9999.0 -9999.0 -9999.0 -9999.0 -9999.0 -9999.0 0.020026 0.040028 0.040138 0.020028 0.040140 0.040162 0.040019 0.040004 0.040014 0.040036 0.040008 0.040043 0.040210 0.040226 0.040139 0.040287 0.040011 0.040018 0.040036 0.040011 0.040035 0.040023 0.040012 0.040013 0.040011 0.040022 0.040017 0.040028 0.040023 0.040015 0.040012 0.040017 0.040076 0.040072 0.040067 0.020036 0.040078 0.020095 0.040072 0.020073 0.040061 0.040015 0.040040 0.040031 0.040010 0.040012 0.040011 0.040014 0.040000 0.040084 0.125735 0.093251 0.040636 0.040093 -9999.0
-9999.0 -9999.0 -9999.0 -9999.0 -9999.0 -9999.0 -9999.0 -9999.0 0.040029 0.040062 0.040210 0.040044 0.040019 0.040005 0.040006 0.040006 0.040006 0.040007 0.040024 0.040014 0.040035 0.040203 0.040199 0.040032 0.040005 0.040021 0.040015 0.040026 0.040007 0.040011 0.040018 0.040033 0.040005 0.040026 0.040013 0.040017 0.040023 0.040015 0.040009 0.040023 0.040014 0.040016 0.040027 0.040015 0.040016 0.040052 0.040016 0.040019 0.040024 0.040007 0.040007 0.040016 0.040035 0.040017 0.040021 0.040026 0.078434 0.053369 0.040175 0.040123 0.040007 0.040283 -9999.0
-9999.0 -9999.0 0.040021 0.040059 0.040063 0.040028 0.040050 0.040021 0.040052 0.040074 0.040048 0.040012 0.040016 0.040011 0.040005 0.040013 0.040009 0.040027 0.040038 0.040028 0.040014 0.040041 0.040186 0.040013 0.040008 0.040004 0.040005 0.040004 0.040006 0.040010 0.040021 0.040032 0.040011 0.040006 0.040006 0.040007 0.040006 0.040009 0.040012 0.040025 0.040016 0.040007 0.040006 0.040013 0.040023 0.040025 0.040005 0.040007 0.040008 0.040014 0.040000 0.040002 0.115682 0.042133 0.040155 0.040021 0.040019 0.040017 0.040006 0.040008 0.040246 0.040316 -9999.0
-9999.0 0.040042 0.040035 0.040046 0.040043 0.040042 0.040062 0.040054 0.040045 0.040033 0.040062 0.040093 0.040019 0.040042 0.040067 0.040042 0.040046 0.040056 0.040081 0.040016 0.040007 0.040032 0.040008 0.040037 0.040000 0.040008 0.040000 0.040000 0.040008 0.040007 0.040032 0.040005 0.040006 0.040000 0.040009 0.040015 0.040017 0.040524 0.040023 0.040014 0.040010 0.040012 0.040011 0.040006 0.040005 0.040010 0.040012 0.040025 0.040049 0.040037 0.041325 0.040324 0.040030 0.040016 0.040016 0.040010 0.040071 0.040075 0.040232 0.040357 0.041654 0.043292 -9999.0
-9999.0 0.040050 0.040030 0.040046 0.040121 0.040033 0.040028 0.040018 0.040037 0.040018 0.040041 0.040052 0.040016 0.040083 0.040013 0.040038 0.040036 0.040022 0.040036 0.040016 0.040050 0.040013 0.040026 0.040009 0.040012 0.040247 0.040042 0.040186 0.040201 0.040054 0.040054 0.040048 0.040011 0.040016 0.040029 0.040164 0.041894 0.469403 0.115773 0.040759 0.040756 0.040167 0.040040 0.040263 0.040302 0.040333 0.145061 0.119152 0.041616 0.041465 0.040038 0.040007 0.040066 0.040008 0.040021 0.040114 0.040114 0.040320 0.040165 0.042679 0.043374 -9999.0 -9999.0
-9999.0 0.040038 0.040018 0.040032 0.040004 0.040124 0.040118 0.040052 0.040047 0.040047 0.040152 0.040011 0.040010 0.040061 0.040103 0.040051 0.040077 0.040072 0.040024 0.040024 0.040061 0.040032 0.040025 0.040009 0.040006 0.040143 0.040167 0.040186 0.040206 0.040224 0.040233 0.040249 0.040283 0.040023 0.041549 0.042314 0.048367 0.040680 0.251447 0.234685 0.200548 0.193322 0.061922 0.068167 0.047141 0.049745 0.040360 0.040041 0.040031 0.040027 0.040031 0.040048 0.040104 0.040092 0.040117 0.040455 0.040584 0.040880 0.041190 -9999.0 -9999.0 -9999.0 -9999.0
