user2019/resources/simulation/Vinschgau/output-maps/thetaliqL0006N0530.asc
ncols         63
nrows         48
xllcorner     598000.000000
yllcorner     5145000.000000
cellsize      1000.000000
NODATA_value  -9999.0
[rows 0 to 28 of 48, columns 0 to 62 of 63]
-9999.0 -9999.0 -9999.0 -9999.0 -9999.0 -9999.0 -9999.0 -9999.0 -9999.0 -9999.0 -9999.0 -9999.0 -9999.0 -9999.0 -9999.0 -9999.0 -9999.0 -9999.0 -9999.0 -9999.0 -9999.0 -9999.0 -9999.0 -9999.0 -9999.0 -9999.0 -9999.0 -9999.0 -9999.0 -9999.0 -9999.0 -9999.0 -9999.0 -9999.0 -9999.0 -9999.0 -9999.0 -9999.0 -9999.0 -9999.0 -9999.0 -9999.0 -9999.0 -9999.0 -9999.0 -9999.0 -9999.0 -9999.0 -9999.0 -9999.0 -9999.0 -9999.0 -9999.0 -9999.0 -9999.0 -9999.0 -9999.0 -9999.0 -9999.0 -9999.0 -9999.0 -9999.0 -9999.0
-9999.0 -9999.0 -9999.0 -9999.0 -9999.0 -9999.0 -9999.0 -9999.0 -9999.0 -9999.0 -9999.0 -9999.0 -9999.0 -9999.0 -9999.0 -9999.0 -9999.0 -9999.0 -9999.0 -9999.0 -9999.0 -9999.0 -9999.0 -9999.0 -9999.0 -9999.0 -9999.0 0.042367 0.176507 0.042324 0.188788 0.087094 0.200000 -9999.0 -9999.0 -9999.0 -9999.0 -9999.0 -9999.0 -9999.0 -9999.0 -9999.0 -9999.0 -9999.0 -9999.0 -9999.0 -9999.0 -9999.0 -9999.0 -9999.0 -9999.0 -9999.0 -9999.0 -9999.0 -9999.0 -9999.0 -9999.0 -9999.0 -9999.0 -9999.0 -9999.0 -9999.0 -9999.0
-9999.0 -9999.0 -9999.0 -9999.0 -9999.0 -9999.0 -9999.0 -9999.0 -9999.0 -9999.0 -9999.0 -9999.0 -9999.0 -9999.0 -9999.0 -9999.0 -9999.0 -9999.0 -9999.0 -9999.0 -9999.0 -9999.0 -9999.0 -9999.0 0.430000 0.430000 0.430000 0.430000 0.430000 0.199779 0.164634 -9999.0 -9999.0 -9999.0 -9999.0 -9999.0 -9999.0 -9999.0 -9999.0 -9999.0 -9999.0 -9999.0 -9999.0 -9999.0 -9999.0 -9999.0 -9999.0 -9999.0 -9999.0 -9999.0 -9999.0 -9999.0 -9999.0 -9999.0 -9999.0 -9999.0 -9999.0 -9999.0 -9999.0 -9999.0 -9999.0 -9999.0 -9999.0
-9999.0 -9999.0 -9999.0 -9999.0 -9999.0 -9999.0 -9999.0 -9999.0 -9999.0 -9999.0 -9999.0 -9999.0 -9999.0 -9999.0 -9999.0 -9999.0 -9999.0 -9999.0 -9999.0 -9999.0 -9999.0 -9999.0 -9999.0 0.430000 0.430000 0.192437 0.170114 0.021538 0.042739 0.169216 0.176996 0.164383 -9999.0 -9999.0 -9999.0 -9999.0 -9999.0 -9999.0 -9999.0 -9999.0 -9999.0 -9999.0 -9999.0 -9999.0 -9999.0 -9999.0 -9999.0 -9999.0 -9999.0 -9999.0 -9999.0 -9999.0 -9999.0 -9999.0 -9999.0 -9999.0 -9999.0 -9999.0 -9999.0 -9999.0 -9999.0 -9999.0 -9999.0
-9999.0 -9999.0 -9999.0 -9999.0 -9999.0 -9999.0 -9999.0 -9999.0 -9999.0 -9999.0 -9999.0 -9999.0 -9999.0 -9999.0 -9999.0 -9999.0 -9999.0 -9999.0 0.430000 0.430000 -9999.0 0.430000 0.430000 0.033358 0.197543 0.020448 0.325554 0.378705 0.383197 0.290525 0.183888 0.185344 0.042331 0.042353 -9999.0 -9999.0 -9999.0 -9999.0 -9999.0 -9999.0 -9999.0 -9999.0 -9999.0 -9999.0 -9999.0 -9999.0 -9999.0 -9999.0 -9999.0 -9999.0 -9999.0 -9999.0 -9999.0 -9999.0 -9999.0 -9999.0 -9999.0 -9999.0 -9999.0 -9999.0 -9999.0 -9999.0 -9999.0
-9999.0 -9999.0 -9999.0 -9999.0 -9999.0 -9999.0 -9999.0 -9999.0 -9999.0 -9999.0 -9999.0 -9999.0 -9999.0 -9999.0 -9999.0 -9999.0 -9999.0 0.168312 0.344835 0.020030 0.042312 0.314570 0.284511 0.020657 0.307457 0.268939 0.351099 0.405466 0.362643 0.383181 0.430000 0.198832 0.042301 0.042308 0.042350 0.042376 -9999.0 -9999.0 -9999.0 -9999.0 -9999.0 -9999.0 -9999.0 -9999.0 -9999.0 -9999.0 -9999.0 -9999.0 -9999.0 -9999.0 -9999.0 -9999.0 -9999.0 -9999.0 -9999.0 -9999.0 -9999.0 -9999.0 -9999.0 -9999.0 -9999.0 -9999.0 -9999.0
-9999.0 -9999.0 -9999.0 -9999.0 -9999.0 -9999.0 -9999.0 -9999.0 -9999.0 -9999.0 -9999.0 -9999.0 -9999.0 0.178346 0.381293 0.254477 0.183190 0.042366 0.172052 0.031461 0.229526 0.154003 0.020586 0.315027 0.298545 0.430000 0.020115 0.038451 0.033421 0.363738 0.430000 0.430000 0.195596 0.184156 0.042363 0.042377 -9999.0 -9999.0 -9999.0 -9999.0 -9999.0 -9999.0 -9999.0 -9999.0 -9999.0 -9999.0 -9999.0 -9999.0 -9999.0 -9999.0 -9999.0 -9999.0 -9999.0 -9999.0 -9999.0 -9999.0 -9999.0 -9999.0 -9999.0 -9999.0 -9999.0 -9999.0 -9999.0
-9999.0 -9999.0 -9999.0 -9999.0 -9999.0 -9999.0 -9999.0 -9999.0 -9999.0 -9999.0 -9999.0 -9999.0 -9999.0 0.430000 0.372431 0.201589 0.188176 0.420384 0.042353 0.144448 0.034505 0.053963 0.309957 0.281608 0.398934 0.035481 0.155235 0.042358 0.042358 0.034181 0.430000 0.170648 0.042358 0.042361 0.042362 -9999.0 -9999.0 -9999.0 -9999.0 -9999.0 -9999.0 -9999.0 -9999.0 -9999.0 -9999.0 -9999.0 -9999.0 -9999.0 -9999.0 -9999.0 -9999.0 -9999.0 -9999.0 -9999.0 -9999.0 -9999.0 -9999.0 -9999.0 -9999.0 -9999.0 -9999.0 -9999.0 -9999.0
-9999.0 -9999.0 -9999.0 -9999.0 -9999.0 -9999.0 -9999.0 -9999.0 -9999.0 -9999.0 -9999.0 -9999.0 -9999.0 0.327991 0.430000 0.229060 0.221050 0.191714 0.042352 0.206396 0.429997 0.020098 0.402090 0.302376 0.380125 0.407880 0.042330 0.042361 0.183227 0.042360 0.175101 0.042361 0.042363 0.020172 0.042363 -9999.0 -9999.0 -9999.0 -9999.0 -9999.0 -9999.0 -9999.0 -9999.0 -9999.0 -9999.0 -9999.0 -9999.0 -9999.0 -9999.0 -9999.0 -9999.0 -9999.0 -9999.0 -9999.0 -9999.0 -9999.0 -9999.0 -9999.0 -9999.0 -9999.0 -9999.0 -9999.0 -9999.0
-9999.0 -9999.0 -9999.0 -9999.0 -9999.0 -9999.0 -9999.0 -9999.0 -9999.0 -9999.0 -9999.0 -9999.0 0.033453 0.430000 0.388199 0.388129 0.390140 0.271053 0.378916 0.020075 0.219261 0.317547 0.020224 0.364185 0.430000 0.166235 0.430000 0.175837 0.199222 0.042359 0.106234 0.042350 0.195652 0.042355 -9999.0 -9999.0 -9999.0 -9999.0 -9999.0 -9999.0 -9999.0 -9999.0 -9999.0 -9999.0 -9999.0 -9999.0 -9999.0 -9999.0 -9999.0 -9999.0 -9999.0 -9999.0 -9999.0 -9999.0 -9999.0 -9999.0 -9999.0 -9999.0 -9999.0 -9999.0 -9999.0 -9999.0 -9999.0
-9999.0 -9999.0 -9999.0 -9999.0 -9999.0 -9999.0 -9999.0 -9999.0 -9999.0 -9999.0 -9999.0 0.430000 0.430000 0.430000 0.396982 0.430000 0.020118 0.356660 0.430000 0.020083 0.051251 0.404356 0.191636 0.175657 0.041933 0.192979 0.153615 0.190538 0.430000 0.042362 0.042350 0.198948 0.042364 0.042346 0.042353 0.042303 0.084922 0.077903 0.045518 -9999.0 -9999.0 -9999.0 0.042333 -9999.0 -9999.0 -9999.0 -9999.0 -9999.0 -9999.0 -9999.0 -9999.0 -9999.0 -9999.0 -9999.0 -9999.0 -9999.0 -9999.0 -9999.0 -9999.0 -9999.0 -9999.0 -9999.0 -9999.0
-9999.0 -9999.0 -9999.0 -9999.0 -9999.0 -9999.0 -9999.0 -9999.0 -9999.0 -9999.0 -9999.0 0.430000 0.417788 0.040887 0.401161 0.160519 0.368285 0.226633 0.417291 0.430000 0.430000 0.191692 0.430000 0.430000 0.430000 0.181386 0.185172 0.198583 0.042363 0.042356 0.196642 0.200000 0.177358 0.182763 0.126238 0.167307 0.122423 0.090616 0.089087 0.042281 0.042294 0.042368 0.185410 0.042357 -9999.0 -9999.0 -9999.0 0.430000 0.172401 0.042370 0.187052 0.042373 0.042374 0.430000 0.430000 0.042359 -9999.0 -9999.0 -9999.0 -9999.0 -9999.0 -9999.0 -9999.0
-9999.0 -9999.0 -9999.0 -9999.0 -9999.0 -9999.0 -9999.0 -9999.0 -9999.0 -9999.0 -9999.0 0.430000 0.430000 0.060171 0.430000 0.189182 0.430000 0.430000 0.430000 0.408067 0.429346 0.046703 0.430000 0.430000 0.178623 0.042320 0.430000 0.200000 0.042352 0.174247 0.042364 0.056279 0.189359 0.170184 0.042349 0.135964 0.101206 0.020153 0.082598 0.042264 0.080674 0.058955 0.180792 0.177787 0.158944 -9999.0 0.042356 0.188289 0.195125 0.198572 0.151600 0.042345 0.157503 0.198664 0.170208 0.193142 -9999.0 -9999.0 -9999.0 -9999.0 -9999.0 -9999.0 -9999.0
-9999.0 -9999.0 -9999.0 -9999.0 -9999.0 -9999.0 -9999.0 -9999.0 -9999.0 -9999.0 -9999.0 -9999.0 0.430000 0.430000 0.430000 0.430000 0.430000 0.430000 0.430000 0.429960 0.430000 0.047737 0.050657 0.430000 0.430000 0.430000 0.430000 0.109482 0.185800 0.042360 0.188689 0.430000 0.105994 0.179829 0.167802 0.136776 0.094179 0.074777 0.092037 0.049335 0.136747 0.042317 0.039275 0.426105 0.042322 0.182429 0.042359 0.182942 0.050784 0.430000 0.430000 0.430000 0.430000 0.430000 0.430000 0.430000 0.430000 -9999.0 -9999.0 -9999.0 -9999.0 -9999.0 -9999.0
-9999.0 -9999.0 -9999.0 -9999.0 -9999.0 -9999.0 -9999.0 -9999.0 -9999.0 -9999.0 -9999.0 0.430000 0.430000 0.108517 0.430000 0.430000 0.430000 0.430000 0.430000 0.378273 0.430000 0.430000 0.430000 0.045540 0.430000 0.430000 0.430000 0.172484 0.163564 0.042315 0.430000 0.430000 0.197829 0.186414 0.161272 0.180587 0.071938 0.020186 0.130807 0.085499 0.020331 0.085587 0.402824 0.020085 0.187739 0.173227 0.198450 0.042317 0.042316 0.020306 0.020115 0.173032 0.430000 0.020118 0.020119 0.042359 0.042369 -9999.0 -9999.0 -9999.0 -9999.0 -9999.0 -9999.0
-9999.0 -9999.0 -9999.0 -9999.0 -9999.0 -9999.0 -9999.0 -9999.0 -9999.0 -9999.0 0.430000 0.430000 0.430000 0.430000 0.430000 0.430000 0.430000 0.424935 0.275017 0.317206 0.430000 0.430000 0.075581 0.430000 0.430000 0.430000 0.057238 0.020118 0.127697 0.189834 0.430000 0.430000 0.191633 0.184017 0.042361 0.042326 0.131157 0.111926 0.119552 0.127839 0.020524 0.020119 0.042401 0.327669 0.414425 0.042313 0.193145 0.047185 0.430000 0.430000 0.020118 0.042354 0.020120 0.042356 0.042350 0.196747 0.196885 -9999.0 -9999.0 -9999.0 -9999.0 -9999.0 -9999.0
-9999.0 -9999.0 -9999.0 -9999.0 -9999.0 -9999.0 -9999.0 -9999.0 -9999.0 0.183504 0.430000 0.430000 0.430000 0.430000 0.430000 0.430000 0.430000 0.430000 0.384510 0.239740 0.430000 0.283757 0.065440 0.338160 0.393833 0.093415 0.430000 0.190377 0.045839 0.429960 0.430000 0.023596 0.042365 0.042363 0.042362 0.042351 0.195024 0.316760 0.140686 0.403486 0.358143 0.334496 0.048127 0.152279 0.056179 0.039040 0.192043 0.038372 0.039572 0.430000 0.021103 0.042367 0.042356 0.042351 0.042362 0.074844 0.430000 0.042521 0.042333 -9999.0 -9999.0 -9999.0 -9999.0
-9999.0 -9999.0 -9999.0 -9999.0 -9999.0 -9999.0 -9999.0 -9999.0 -9999.0 0.140355 0.185728 0.189528 0.430000 0.428991 0.428080 0.429821 0.430000 0.424934 0.383414 0.243135 0.285535 0.273427 0.381100 0.429864 0.091707 0.421817 0.430000 0.428636 0.386556 0.414533 0.128182 0.097843 0.193122 0.178450 0.195135 0.042301 0.042318 0.042307 0.137001 0.194243 0.422914 0.043311 0.207984 0.385416 0.307963 0.289713 0.347291 0.032662 0.036949 0.403546 0.024289 0.071606 0.042353 0.174304 0.042448 0.430000 0.079726 0.430000 0.042401 -9999.0 -9999.0 -9999.0 -9999.0
-9999.0 -9999.0 -9999.0 -9999.0 -9999.0 -9999.0 -9999.0 -9999.0 -9999.0 -9999.0 0.182102 0.195799 0.430000 0.430000 0.043410 0.425217 0.429557 0.424697 0.362943 0.212285 0.342011 0.060262 0.424560 0.088759 0.414488 0.423829 0.422628 0.401228 0.132746 0.430000 0.103854 0.430000 0.068014 0.180356 0.198554 0.199745 0.416212 0.430000 0.042356 0.181463 0.150272 0.430000 0.430000 0.042784 0.086698 0.427207 0.072768 0.395786 0.037854 0.045782 0.023831 0.021412 0.042365 0.042354 0.430000 0.183287 0.430000 0.200000 0.062021 0.430000 -9999.0 -9999.0 -9999.0
-9999.0 -9999.0 -9999.0 -9999.0 -9999.0 -9999.0 -9999.0 -9999.0 -9999.0 -9999.0 0.190082 0.191138 0.430000 0.430000 0.422974 0.416149 0.418317 0.300061 0.181166 0.196620 0.188335 0.273362 0.368323 0.361969 0.400956 0.396954 0.400544 0.430000 0.430000 0.076497 0.180273 0.430000 0.020118 0.169854 0.177876 0.430000 0.430000 0.430000 0.051004 0.172618 0.193680 0.042398 0.430000 0.177689 0.430000 0.023248 0.430000 0.087333 0.081786 0.044317 0.076729 0.060021 0.430000 0.042372 0.042357 0.042352 0.172949 0.067433 0.430000 0.430000 -9999.0 -9999.0 -9999.0
-9999.0 -9999.0 -9999.0 -9999.0 -9999.0 -9999.0 -9999.0 -9999.0 0.430000 0.191734 0.105734 0.430000 0.430000 0.430000 0.430000 0.382735 0.277721 0.257070 0.171161 0.188883 0.167701 0.147827 0.198462 0.203277 0.251186 0.399452 0.430000 0.430000 0.430000 0.073300 0.042360 0.189312 0.188068 0.177861 0.194967 0.154001 0.186131 0.430000 0.093736 0.042367 0.042357 0.430000 0.020118 0.042361 0.042313 0.430000 0.097204 0.430000 0.090615 0.429058 0.430000 0.024346 0.430000 0.076400 0.042330 0.171399 0.042568 0.430000 0.051341 0.430000 -9999.0 -9999.0 -9999.0
-9999.0 -9999.0 -9999.0 -9999.0 -9999.0 -9999.0 -9999.0 -9999.0 0.064021 0.430000 0.061278 0.176242 0.183129 0.430000 0.430000 0.429457 0.413043 0.300648 0.031790 0.178133 0.278752 0.210462 0.286864 0.253813 0.134387 0.376140 0.430000 0.430000 0.020118 0.187234 0.185310 0.042317 0.197719 0.042374 0.430000 0.430000 0.199663 0.430000 0.055287 0.194488 0.180414 0.044677 0.042360 0.195196 0.430000 0.430000 0.020118 0.189409 0.058027 0.430000 0.430000 0.430000 0.430000 0.195294 0.153891 0.020118 0.056231 0.056437 0.051401 0.430000 0.231345 -9999.0 -9999.0
-9999.0 -9999.0 -9999.0 -9999.0 -9999.0 -9999.0 -9999.0 -9999.0 0.184663 0.200000 0.138595 0.067511 0.430000 0.020118 0.430000 0.085026 0.365972 0.187226 0.123815 0.292243 0.174800 0.201124 0.203236 0.161875 0.292317 0.398012 0.430000 0.430000 0.020118 0.191382 0.042320 0.430000 0.430000 0.021027 0.430000 0.200000 0.056363 0.089421 0.102221 0.062820 0.191668 0.042369 0.430000 0.430000 0.430000 0.430000 0.042319 0.430000 0.430000 0.092330 0.415008 0.430000 0.102332 0.107699 0.062627 0.430000 0.430000 0.430000 0.430000 0.430000 0.373883 -9999.0 -9999.0
-9999.0 -9999.0 -9999.0 -9999.0 -9999.0 -9999.0 -9999.0 -9999.0 0.042366 0.195389 0.430000 0.020098 0.430000 0.430000 0.024081 0.425782 0.057653 0.150741 0.312430 0.172555 0.177524 0.179068 0.208780 0.219887 0.215174 0.392239 0.430000 0.088129 0.430000 0.052689 0.048393 0.052132 0.020917 0.430000 0.020981 0.156705 0.169600 0.429252 0.103537 0.062425 0.187320 0.196799 0.197952 0.042342 0.430000 0.042324 0.132769 0.042335 0.163940 0.050741 0.430000 0.430000 0.430000 0.430000 0.430000 0.430000 0.430000 0.430000 0.430000 0.409283 0.429490 0.430000 -9999.0
-9999.0 -9999.0 -9999.0 -9999.0 -9999.0 -9999.0 -9999.0 -9999.0 0.430000 0.430000 0.430000 0.105431 0.105605 0.430000 0.429992 0.429745 0.407819 0.398667 0.398246 0.338827 0.178833 0.179896 0.184992 0.196420 0.237636 0.304325 0.411844 0.422735 0.422765 0.430000 0.086091 0.430000 0.050625 0.430000 0.054705 0.054430 0.055228 0.430000 0.100349 0.430000 0.058655 0.021162 0.055444 0.021028 0.055784 0.187643 0.052119 0.054636 0.048324 0.049587 0.049345 0.340037 0.430000 0.430000 0.430000 0.430000 0.430000 0.430000 0.430000 0.430000 0.429150 0.430000 -9999.0
-9999.0 -9999.0 0.110552 0.430000 0.430000 0.430000 0.430000 0.430000 0.430000 0.430000 0.430000 0.430000 0.430000 0.430000 0.417578 0.406937 0.098232 0.430000 0.428837 0.411787 0.269418 0.217812 0.300883 0.164592 0.200106 0.165537 0.275535 0.348278 0.430000 0.430000 0.417679 0.430000 0.430000 0.430000 0.430000 0.430000 0.430000 0.430000 0.103629 0.106744 0.056179 0.053206 0.088133 0.430000 0.084212 0.047714 0.430000 0.430000 0.048797 0.430000 0.352466 0.300349 0.430000 0.430000 0.430000 0.430000 0.430000 0.430000 0.430000 0.430000 0.430000 0.430000 -9999.0
-9999.0 0.429996 0.430000 0.430000 0.427716 0.430000 0.430000 0.430000 0.430000 0.189519 0.430000 0.430000 0.430000 0.430000 0.430000 0.110198 0.430000 0.430000 0.417311 0.410656 0.173296 0.430000 0.430000 0.232450 0.205182 0.163792 0.224656 0.234057 0.430000 0.424838 0.179884 0.350643 0.430000 0.430000 0.429841 0.356016 0.421260 0.424843 0.430000 0.430000 0.430000 0.430000 0.430000 0.429354 0.391852 0.400995 0.426051 0.425530 0.430000 0.307335 0.408029 0.430000 0.430000 0.430000 0.430000 0.430000 0.430000 0.430000 0.430000 0.430000 0.430000 0.430000 -9999.0
-9999.0 0.430000 0.430000 0.430000 0.417336 0.430000 0.430000 0.430000 0.430000 0.108522 0.430000 0.430000 0.430000 0.430000 0.112006 0.430000 0.064739 0.429715 0.430000 0.430000 0.430000 0.430000 0.430000 0.429129 0.356729 0.276188 0.151910 0.163446 0.306197 0.226700 0.103168 0.110996 0.430000 0.430000 0.430000 0.430000 0.377988 0.417395 0.430000 0.307288 0.430000 0.430000 0.430000 0.208327 0.156494 0.116373 0.308616 0.419751 0.413475 0.430000 0.430000 0.430000 0.430000 0.430000 0.430000 0.430000 0.430000 0.430000 0.430000 0.430000 0.430000 -9999.0 -9999.0
-9999.0 0.119531 0.430000 0.430000 0.430000 0.430000 0.430000 0.430000 0.430000 0.430000 0.430000 0.430000 0.413064 0.430000 0.430000 0.430000 0.430000 0.430000 0.430000 0.430000 0.411171 0.390414 0.222293 0.413359 0.430000 0.395471 0.430000 0.430000 0.182670 0.360261 0.170964 0.164360 0.430000 0.430000 0.430000 0.294831 0.428680 0.387875 0.429263 0.257686 0.245298 0.430000 0.427140 0.177667 0.174099 0.430000 0.429897 0.430000 0.430000 0.430000 0.430000 0.430000 0.430000 0.430000 0.430000 0.430000 0.430000 0.430000 0.430000 -9999.0 -9999.0 -9999.0 -9999.0
