user2019/resources/simulation/Vinschgau/output-maps/thetaliqL0005N0699.asc
ncols         63
nrows         48
xllcorner     598000.000000
yllcorner     5145000.000000
cellsize      1000.000000
NODATA_value  -9999.0
[rows 0 to 28 of 48, columns 0 to 62 of 63]
-9999.0 -9999.0 -9999.0 -9999.0 -9999.0 -9999.0 -9999.0 -9999.0 -9999.0 -9999.0 -9999.0 -9999.0 -9999.0 -9999.0 -9999.0 -9999.0 -9999.0 -9999.0 -9999.0 -9999.0 -9999.0 -9999.0 -9999.0 -9999.0 -9999.0 -9999.0 -9999.0 -9999.0 -9999.0 -9999.0 -9999.0 -9999.0 -9999.0 -9999.0 -9999.0 -9999.0 -9999.0 -9999.0 -9999.0 -9999.0 -9999.0 -9999.0 -9999.0 -9999.0 -9999.0 -9999.0 -9999.0 -9999.0 -9999.0 -9999.0 -9999.0 -9999.0 -9999.0 -9999.0 -9999.0 -9999.0 -9999.0 -9999.0 -9999.0 -9999.0 -9999.0 -9999.0 -9999.0
-9999.0 -9999.0 -9999.0 -9999.0 -9999.0 -9999.0 -9999.0 -9999.0 -9999.0 -9999.0 -9999.0 -9999.0 -9999.0 -9999.0 -9999.0 -9999.0 -9999.0 -9999.0 -9999.0 -9999.0 -9999.0 -9999.0 -9999.0 -9999.0 -9999.0 -9999.0 -9999.0 0.041200 0.430000 0.040938 0.430000 0.200000 0.200000 -9999.0 -9999.0 -9999.0 -9999.0 -9999.0 -9999.0 -9999.0 -9999.0 -9999.0 -9999.0 -9999.0 -9999.0 -9999.0 -9999.0 -9999.0 -9999.0 -9999.0 -9999.0 -9999.0 -9999.0 -9999.0 -9999.0 -9999.0 -9999.0 -9999.0 -9999.0 -9999.0 -9999.0 -9999.0 -9999.0
-9999.0 -9999.0 -9999.0 -9999.0 -9999.0 -9999.0 -9999.0 -9999.0 -9999.0 -9999.0 -9999.0 -9999.0 -9999.0 -9999.0 -9999.0 -9999.0 -9999.0 -9999.0 -9999.0 -9999.0 -9999.0 -9999.0 -9999.0 -9999.0 0.430000 0.430000 0.430000 0.430000 0.430000 0.430000 0.430000 -9999.0 -9999.0 -9999.0 -9999.0 -9999.0 -9999.0 -9999.0 -9999.0 -9999.0 -9999.0 -9999.0 -9999.0 -9999.0 -9999.0 -9999.0 -9999.0 -9999.0 -9999.0 -9999.0 -9999.0 -9999.0 -9999.0 -9999.0 -9999.0 -9999.0 -9999.0 -9999.0 -9999.0 -9999.0 -9999.0 -9999.0 -9999.0
-9999.0 -9999.0 -9999.0 -9999.0 -9999.0 -9999.0 -9999.0 -9999.0 -9999.0 -9999.0 -9999.0 -9999.0 -9999.0 -9999.0 -9999.0 -9999.0 -9999.0 -9999.0 -9999.0 -9999.0 -9999.0 -9999.0 -9999.0 0.430000 0.430000 0.337777 0.430000 0.419971 0.430000 0.430000 0.430000 0.430000 -9999.0 -9999.0 -9999.0 -9999.0 -9999.0 -9999.0 -9999.0 -9999.0 -9999.0 -9999.0 -9999.0 -9999.0 -9999.0 -9999.0 -9999.0 -9999.0 -9999.0 -9999.0 -9999.0 -9999.0 -9999.0 -9999.0 -9999.0 -9999.0 -9999.0 -9999.0 -9999.0 -9999.0 -9999.0 -9999.0 -9999.0
-9999.0 -9999.0 -9999.0 -9999.0 -9999.0 -9999.0 -9999.0 -9999.0 -9999.0 -9999.0 -9999.0 -9999.0 -9999.0 -9999.0 -9999.0 -9999.0 -9999.0 -9999.0 0.430000 0.427356 -9999.0 0.430000 0.430000 0.425741 0.430000 0.375891 0.429042 0.430000 0.430000 0.430000 0.430000 0.430000 0.038444 0.047912 -9999.0 -9999.0 -9999.0 -9999.0 -9999.0 -9999.0 -9999.0 -9999.0 -9999.0 -9999.0 -9999.0 -9999.0 -9999.0 -9999.0 -9999.0 -9999.0 -9999.0 -9999.0 -9999.0 -9999.0 -9999.0 -9999.0 -9999.0 -9999.0 -9999.0 -9999.0 -9999.0 -9999.0 -9999.0
-9999.0 -9999.0 -9999.0 -9999.0 -9999.0 -9999.0 -9999.0 -9999.0 -9999.0 -9999.0 -9999.0 -9999.0 -9999.0 -9999.0 -9999.0 -9999.0 -9999.0 0.323377 0.430000 0.020354 0.035655 0.430000 0.428798 0.430000 0.415183 0.430000 0.430000 0.430000 0.430000 0.430000 0.430000 0.430000 0.023102 0.020606 0.024623 0.032204 -9999.0 -9999.0 -9999.0 -9999.0 -9999.0 -9999.0 -9999.0 -9999.0 -9999.0 -9999.0 -9999.0 -9999.0 -9999.0 -9999.0 -9999.0 -9999.0 -9999.0 -9999.0 -9999.0 -9999.0 -9999.0 -9999.0 -9999.0 -9999.0 -9999.0 -9999.0 -9999.0
-9999.0 -9999.0 -9999.0 -9999.0 -9999.0 -9999.0 -9999.0 -9999.0 -9999.0 -9999.0 -9999.0 -9999.0 -9999.0 0.430000 0.430000 0.364370 0.253403 0.023936 0.324296 0.408887 0.408516 0.411110 0.430000 0.430000 0.430000 0.430000 0.020394 0.430000 0.430000 0.430000 0.430000 0.430000 0.430000 0.430000 0.061357 0.039459 -9999.0 -9999.0 -9999.0 -9999.0 -9999.0 -9999.0 -9999.0 -9999.0 -9999.0 -9999.0 -9999.0 -9999.0 -9999.0 -9999.0 -9999.0 -9999.0 -9999.0 -9999.0 -9999.0 -9999.0 -9999.0 -9999.0 -9999.0 -9999.0 -9999.0 -9999.0 -9999.0
-9999.0 -9999.0 -9999.0 -9999.0 -9999.0 -9999.0 -9999.0 -9999.0 -9999.0 -9999.0 -9999.0 -9999.0 -9999.0 0.430000 0.430000 0.363811 0.262949 0.430000 0.023717 0.370546 0.355207 0.411580 0.430000 0.430000 0.430000 0.430000 0.430000 0.045556 0.052260 0.430000 0.430000 0.430000 0.048091 0.046076 0.052503 -9999.0 -9999.0 -9999.0 -9999.0 -9999.0 -9999.0 -9999.0 -9999.0 -9999.0 -9999.0 -9999.0 -9999.0 -9999.0 -9999.0 -9999.0 -9999.0 -9999.0 -9999.0 -9999.0 -9999.0 -9999.0 -9999.0 -9999.0 -9999.0 -9999.0 -9999.0 -9999.0 -9999.0
-9999.0 -9999.0 -9999.0 -9999.0 -9999.0 -9999.0 -9999.0 -9999.0 -9999.0 -9999.0 -9999.0 -9999.0 -9999.0 0.418830 0.430000 0.364616 0.325059 0.270730 0.023097 0.272507 0.430000 0.020391 0.430000 0.430000 0.430000 0.430000 0.033936 0.039376 0.430000 0.042872 0.430000 0.075721 0.024253 0.071223 0.047853 -9999.0 -9999.0 -9999.0 -9999.0 -9999.0 -9999.0 -9999.0 -9999.0 -9999.0 -9999.0 -9999.0 -9999.0 -9999.0 -9999.0 -9999.0 -9999.0 -9999.0 -9999.0 -9999.0 -9999.0 -9999.0 -9999.0 -9999.0 -9999.0 -9999.0 -9999.0 -9999.0 -9999.0
-9999.0 -9999.0 -9999.0 -9999.0 -9999.0 -9999.0 -9999.0 -9999.0 -9999.0 -9999.0 -9999.0 -9999.0 0.430000 0.430000 0.430000 0.430000 0.430000 0.392560 0.403914 0.020017 0.413604 0.414808 0.108997 0.430000 0.430000 0.430000 0.430000 0.430000 0.430000 0.055447 0.429551 0.043142 0.430000 0.044621 -9999.0 -9999.0 -9999.0 -9999.0 -9999.0 -9999.0 -9999.0 -9999.0 -9999.0 -9999.0 -9999.0 -9999.0 -9999.0 -9999.0 -9999.0 -9999.0 -9999.0 -9999.0 -9999.0 -9999.0 -9999.0 -9999.0 -9999.0 -9999.0 -9999.0 -9999.0 -9999.0 -9999.0 -9999.0
-9999.0 -9999.0 -9999.0 -9999.0 -9999.0 -9999.0 -9999.0 -9999.0 -9999.0 -9999.0 -9999.0 0.430000 0.430000 0.430000 0.430000 0.430000 0.020311 0.430000 0.430000 0.024296 0.430000 0.430000 0.430000 0.430000 0.430000 0.430000 0.430000 0.430000 0.430000 0.070129 0.044971 0.430000 0.046598 0.043955 0.040634 0.039791 0.403506 0.301884 0.103600 -9999.0 -9999.0 -9999.0 0.023692 -9999.0 -9999.0 -9999.0 -9999.0 -9999.0 -9999.0 -9999.0 -9999.0 -9999.0 -9999.0 -9999.0 -9999.0 -9999.0 -9999.0 -9999.0 -9999.0 -9999.0 -9999.0 -9999.0 -9999.0
-9999.0 -9999.0 -9999.0 -9999.0 -9999.0 -9999.0 -9999.0 -9999.0 -9999.0 -9999.0 -9999.0 0.430000 0.430000 0.430000 0.430000 0.430000 0.430000 0.430000 0.430000 0.430000 0.430000 0.430000 0.430000 0.430000 0.430000 0.430000 0.430000 0.430000 0.069367 0.053531 0.430000 0.430000 0.430000 0.430000 0.430000 0.430000 0.430000 0.160648 0.197070 0.024540 0.032763 0.043126 0.430000 0.040260 -9999.0 -9999.0 -9999.0 0.430000 0.430000 0.044880 0.430000 0.045453 0.048047 0.430000 0.430000 0.080200 -9999.0 -9999.0 -9999.0 -9999.0 -9999.0 -9999.0 -9999.0
-9999.0 -9999.0 -9999.0 -9999.0 -9999.0 -9999.0 -9999.0 -9999.0 -9999.0 -9999.0 -9999.0 0.430000 0.430000 0.430000 0.430000 0.430000 0.430000 0.430000 0.430000 0.430000 0.430000 0.430000 0.430000 0.430000 0.430000 0.044109 0.430000 0.430000 0.042127 0.430000 0.043100 0.430000 0.430000 0.430000 0.044862 0.430000 0.430000 0.065783 0.070934 0.024190 0.371767 0.154664 0.430000 0.430000 0.430000 -9999.0 0.043476 0.430000 0.430000 0.430000 0.200000 0.048103 0.200000 0.430000 0.200000 0.430000 -9999.0 -9999.0 -9999.0 -9999.0 -9999.0 -9999.0 -9999.0
-9999.0 -9999.0 -9999.0 -9999.0 -9999.0 -9999.0 -9999.0 -9999.0 -9999.0 -9999.0 -9999.0 -9999.0 0.430000 0.430000 0.430000 0.430000 0.430000 0.430000 0.430000 0.430000 0.430000 0.430000 0.430000 0.430000 0.430000 0.430000 0.430000 0.200000 0.430000 0.041629 0.430000 0.430000 0.200000 0.430000 0.430000 0.430000 0.257565 0.074809 0.067718 0.029422 0.167925 0.024066 0.430000 0.430000 0.034896 0.430000 0.040966 0.430000 0.430000 0.430000 0.430000 0.430000 0.430000 0.430000 0.430000 0.430000 0.430000 -9999.0 -9999.0 -9999.0 -9999.0 -9999.0 -9999.0
-9999.0 -9999.0 -9999.0 -9999.0 -9999.0 -9999.0 -9999.0 -9999.0 -9999.0 -9999.0 -9999.0 0.430000 0.430000 0.200000 0.430000 0.430000 0.430000 0.430000 0.430000 0.430000 0.430000 0.430000 0.430000 0.430000 0.430000 0.430000 0.430000 0.430000 0.430000 0.040030 0.430000 0.430000 0.430000 0.430000 0.430000 0.430000 0.371403 0.065283 0.083025 0.087247 0.106526 0.174111 0.430000 0.020001 0.430000 0.430000 0.430000 0.035313 0.035182 0.117695 0.021166 0.430000 0.430000 0.032517 0.028785 0.048201 0.054320 -9999.0 -9999.0 -9999.0 -9999.0 -9999.0 -9999.0
-9999.0 -9999.0 -9999.0 -9999.0 -9999.0 -9999.0 -9999.0 -9999.0 -9999.0 -9999.0 0.430000 0.430000 0.430000 0.430000 0.430000 0.430000 0.430000 0.427516 0.325115 0.430000 0.430000 0.430000 0.430000 0.429672 0.430000 0.430000 0.430000 0.020398 0.200000 0.430000 0.430000 0.430000 0.430000 0.430000 0.053832 0.043267 0.430000 0.424035 0.152001 0.420516 0.430000 0.020651 0.047062 0.430000 0.430000 0.038559 0.430000 0.430000 0.430000 0.430000 0.020124 0.047147 0.033795 0.092367 0.028997 0.430000 0.430000 -9999.0 -9999.0 -9999.0 -9999.0 -9999.0 -9999.0
-9999.0 -9999.0 -9999.0 -9999.0 -9999.0 -9999.0 -9999.0 -9999.0 -9999.0 0.430000 0.430000 0.430000 0.430000 0.430000 0.430000 0.430000 0.430000 0.430000 0.430000 0.385467 0.430000 0.407520 0.430000 0.393186 0.427486 0.430000 0.419364 0.430000 0.430000 0.430000 0.430000 0.169546 0.055326 0.051724 0.043300 0.042989 0.430000 0.430000 0.430000 0.430000 0.430000 0.430000 0.430000 0.427723 0.430000 0.430000 0.430000 0.417180 0.425852 0.430000 0.118482 0.049540 0.089358 0.083590 0.055134 0.430000 0.430000 0.088682 0.061951 -9999.0 -9999.0 -9999.0 -9999.0
-9999.0 -9999.0 -9999.0 -9999.0 -9999.0 -9999.0 -9999.0 -9999.0 -9999.0 0.200000 0.430000 0.430000 0.430000 0.430000 0.419933 0.419189 0.430000 0.430000 0.430000 0.394206 0.430000 0.370281 0.429056 0.430000 0.430000 0.417041 0.430000 0.430000 0.424977 0.430000 0.430000 0.430000 0.430000 0.430000 0.430000 0.041670 0.041614 0.042034 0.430000 0.430000 0.430000 0.430000 0.417122 0.430000 0.422874 0.394729 0.414582 0.427678 0.422021 0.428835 0.164641 0.430000 0.064382 0.430000 0.160332 0.430000 0.430000 0.430000 0.078494 -9999.0 -9999.0 -9999.0 -9999.0
-9999.0 -9999.0 -9999.0 -9999.0 -9999.0 -9999.0 -9999.0 -9999.0 -9999.0 -9999.0 0.430000 0.430000 0.430000 0.430000 0.430000 0.418493 0.430000 0.430000 0.430000 0.384554 0.430000 0.430000 0.430000 0.430000 0.419053 0.430000 0.430000 0.430000 0.430000 0.430000 0.430000 0.430000 0.430000 0.430000 0.430000 0.430000 0.430000 0.430000 0.051540 0.430000 0.430000 0.430000 0.430000 0.430000 0.430000 0.430000 0.430000 0.430000 0.425647 0.430000 0.154975 0.116171 0.049635 0.083671 0.430000 0.430000 0.430000 0.430000 0.430000 0.421942 -9999.0 -9999.0 -9999.0
-9999.0 -9999.0 -9999.0 -9999.0 -9999.0 -9999.0 -9999.0 -9999.0 -9999.0 -9999.0 0.430000 0.430000 0.430000 0.430000 0.430000 0.428867 0.430000 0.429649 0.430000 0.307004 0.277888 0.410522 0.422985 0.409862 0.430000 0.430000 0.430000 0.430000 0.430000 0.430000 0.430000 0.430000 0.020311 0.430000 0.430000 0.430000 0.430000 0.430000 0.430000 0.430000 0.430000 0.133573 0.430000 0.430000 0.430000 0.170505 0.430000 0.430000 0.430000 0.430000 0.430000 0.430000 0.430000 0.058814 0.070461 0.063197 0.430000 0.430000 0.430000 0.430000 -9999.0 -9999.0 -9999.0
-9999.0 -9999.0 -9999.0 -9999.0 -9999.0 -9999.0 -9999.0 -9999.0 0.430000 0.430000 0.200000 0.430000 0.430000 0.430000 0.430000 0.430000 0.384479 0.382768 0.378450 0.234369 0.264232 0.412927 0.421774 0.405366 0.424696 0.418553 0.430000 0.430000 0.430000 0.430000 0.055186 0.430000 0.430000 0.430000 0.430000 0.430000 0.430000 0.430000 0.430000 0.039555 0.036009 0.430000 0.021278 0.044746 0.035289 0.430000 0.430000 0.430000 0.430000 0.430000 0.430000 0.160782 0.430000 0.430000 0.043229 0.200000 0.072498 0.430000 0.430000 0.430000 -9999.0 -9999.0 -9999.0
-9999.0 -9999.0 -9999.0 -9999.0 -9999.0 -9999.0 -9999.0 -9999.0 0.200000 0.430000 0.430000 0.430000 0.430000 0.430000 0.430000 0.430000 0.430000 0.430000 0.422502 0.252205 0.430000 0.430000 0.423393 0.394787 0.401633 0.427826 0.430000 0.430000 0.020467 0.430000 0.430000 0.030362 0.430000 0.031079 0.430000 0.430000 0.430000 0.430000 0.430000 0.430000 0.430000 0.195999 0.036114 0.430000 0.430000 0.430000 0.020735 0.430000 0.430000 0.430000 0.430000 0.430000 0.430000 0.430000 0.200000 0.020121 0.430000 0.430000 0.430000 0.430000 0.241409 -9999.0 -9999.0
-9999.0 -9999.0 -9999.0 -9999.0 -9999.0 -9999.0 -9999.0 -9999.0 0.430000 0.430000 0.430000 0.430000 0.430000 0.020660 0.430000 0.430000 0.414416 0.409153 0.328474 0.368526 0.255137 0.327024 0.419140 0.258563 0.406252 0.430000 0.430000 0.430000 0.020389 0.430000 0.025726 0.430000 0.430000 0.109884 0.430000 0.430000 0.430000 0.430000 0.430000 0.430000 0.430000 0.030462 0.430000 0.430000 0.430000 0.430000 0.032868 0.430000 0.430000 0.430000 0.430000 0.430000 0.430000 0.430000 0.430000 0.430000 0.430000 0.430000 0.430000 0.430000 0.430000 -9999.0 -9999.0
-9999.0 -9999.0 -9999.0 -9999.0 -9999.0 -9999.0 -9999.0 -9999.0 0.035333 0.430000 0.430000 0.020379 0.430000 0.430000 0.148367 0.430000 0.430000 0.380874 0.417416 0.282940 0.260560 0.277616 0.329273 0.245040 0.330919 0.430000 0.430000 0.430000 0.430000 0.430000 0.430000 0.430000 0.109138 0.430000 0.117517 0.417210 0.429519 0.424920 0.430000 0.430000 0.430000 0.430000 0.430000 0.032953 0.430000 0.033281 0.200000 0.033970 0.422531 0.429193 0.430000 0.430000 0.430000 0.430000 0.430000 0.430000 0.430000 0.430000 0.430000 0.430000 0.430000 0.430000 -9999.0
-9999.0 -9999.0 -9999.0 -9999.0 -9999.0 -9999.0 -9999.0 -9999.0 0.430000 0.430000 0.430000 0.430000 0.430000 0.430000 0.430000 0.430000 0.430000 0.430000 0.430000 0.430000 0.300126 0.357712 0.276587 0.267742 0.422392 0.421376 0.424805 0.430000 0.430000 0.430000 0.430000 0.430000 0.430000 0.430000 0.430000 0.430000 0.430000 0.429640 0.430000 0.430000 0.430000 0.107960 0.430000 0.108260 0.430000 0.430000 0.430000 0.430000 0.428876 0.430000 0.430000 0.420683 0.409958 0.430000 0.430000 0.430000 0.430000 0.430000 0.430000 0.430000 0.430000 0.430000 -9999.0
-9999.0 -9999.0 0.200000 0.430000 0.430000 0.430000 0.430000 0.430000 0.430000 0.430000 0.430000 0.430000 0.430000 0.430000 0.430000 0.430000 0.430000 0.430000 0.430000 0.430000 0.425414 0.430000 0.430000 0.232921 0.286815 0.413331 0.419730 0.430000 0.430000 0.430000 0.430000 0.430000 0.430000 0.430000 0.430000 0.430000 0.430000 0.423033 0.430000 0.430000 0.430000 0.430000 0.430000 0.430000 0.430000 0.430000 0.430000 0.430000 0.430000 0.430000 0.430000 0.376321 0.430000 0.430000 0.430000 0.430000 0.430000 0.430000 0.430000 0.430000 0.430000 0.430000 -9999.0
-9999.0 0.430000 0.430000 0.430000 0.424786 0.430000 0.430000 0.430000 0.430000 0.430000 0.430000 0.430000 0.430000 0.430000 0.430000 0.430000 0.430000 0.430000 0.426265 0.430000 0.430000 0.430000 0.430000 0.429871 0.247977 0.256799 0.301750 0.392022 0.430000 0.430000 0.424095 0.430000 0.430000 0.430000 0.430000 0.430000 0.430000 0.413237 0.430000 0.430000 0.430000 0.430000 0.430000 0.430000 0.419162 0.429984 0.430000 0.430000 0.430000 0.430000 0.430000 0.430000 0.430000 0.430000 0.430000 0.430000 0.430000 0.430000 0.430000 0.430000 0.430000 0.430000 -9999.0
-9999.0 0.430000 0.430000 0.430000 0.423769 0.430000 0.430000 0.430000 0.430000 0.200000 0.430000 0.430000 0.430000 0.430000 0.430000 0.430000 0.430000 0.430000 0.430000 0.430000 0.430000 0.430000 0.430000 0.430000 0.430000 0.341543 0.222785 0.224080 0.430000 0.430000 0.338175 0.387921 0.430000 0.430000 0.430000 0.430000 0.430000 0.430000 0.430000 0.430000 0.430000 0.430000 0.430000 0.330729 0.244533 0.383908 0.427080 0.430000 0.430000 0.430000 0.430000 0.430000 0.430000 0.430000 0.430000 0.430000 0.430000 0.430000 0.430000 0.430000 0.430000 -9999.0 -9999.0
-9999.0 0.200000 0.430000 0.430000 0.430000 0.430000 0.430000 0.430000 0.430000 0.430000 0.430000 0.430000 0.430000 0.430000 0.430000 0.430000 0.430000 0.430000 0.430000 0.430000 0.430000 0.430000 0.297351 0.430000 0.430000 0.430000 0.430000 0.430000 0.305986 0.430000 0.225464 0.217489 0.430000 0.430000 0.430000 0.430000 0.430000 0.384550 0.430000 0.416211 0.430000 0.430000 0.430000 0.230231 0.210364 0.430000 0.430000 0.430000 0.430000 0.430000 0.430000 0.430000 0.430000 0.430000 0.430000 0.430000 0.430000 0.430000 0.430000 -9999.0 -9999.0 -9999.0 -9999.0
