user2019/resources/simulation/Vinschgau/output-maps/thetaliqL0002N1245.asc
ncols         63
nrows         48
xllcorner     598000.000000
yllcorner     5145000.000000
cellsize      1000.000000
NODATA_value  -9999.0
[rows 0 to 28 of 48, columns 0 to 62 of 63]
-9999.0 -9999.0 -9999.0 -9999.0 -9999.0 -9999.0 -9999.0 -9999.0 -9999.0 -9999.0 -9999.0 -9999.0 -9999.0 -9999.0 -9999.0 -9999.0 -9999.0 -9999.0 -9999.0 -9999.0 -9999.0 -9999.0 -9999.0 -9999.0 -9999.0 -9999.0 -9999.0 -9999.0 -9999.0 -9999.0 -9999.0 -9999.0 -9999.0 -9999.0 -9999.0 -9999.0 -9999.0 -9999.0 -9999.0 -9999.0 -9999.0 -9999.0 -9999.0 -9999.0 -9999.0 -9999.0 -9999.0 -9999.0 -9999.0 -9999.0 -9999.0 -9999.0 -9999.0 -9999.0 -9999.0 -9999.0 -9999.0 -9999.0 -9999.0 -9999.0 -9999.0 -9999.0 -9999.0
-9999.0 -9999.0 -9999.0 -9999.0 -9999.0 -9999.0 -9999.0 -9999.0 -9999.0 -9999.0 -9999.0 -9999.0 -9999.0 -9999.0 -9999.0 -9999.0 -9999.0 -9999.0 -9999.0 -9999.0 -9999.0 -9999.0 -9999.0 -9999.0 -9999.0 -9999.0 -9999.0 0.069502 0.315283 0.114912 0.426035 0.401614 0.426148 -9999.0 -9999.0 -9999.0 -9999.0 -9999.0 -9999.0 -9999.0 -9999.0 -9999.0 -9999.0 -9999.0 -9999.0 -9999.0 -9999.0 -9999.0 -9999.0 -9999.0 -9999.0 -9999.0 -9999.0 -9999.0 -9999.0 -9999.0 -9999.0 -9999.0 -9999.0 -9999.0 -9999.0 -9999.0 -9999.0
-9999.0 -9999.0 -9999.0 -9999.0 -9999.0 -9999.0 -9999.0 -9999.0 -9999.0 -9999.0 -9999.0 -9999.0 -9999.0 -9999.0 -9999.0 -9999.0 -9999.0 -9999.0 -9999.0 -9999.0 -9999.0 -9999.0 -9999.0 -9999.0 0.319577 0.314821 0.319759 0.314184 0.349298 0.355749 0.410703 -9999.0 -9999.0 -9999.0 -9999.0 -9999.0 -9999.0 -9999.0 -9999.0 -9999.0 -9999.0 -9999.0 -9999.0 -9999.0 -9999.0 -9999.0 -9999.0 -9999.0 -9999.0 -9999.0 -9999.0 -9999.0 -9999.0 -9999.0 -9999.0 -9999.0 -9999.0 -9999.0 -9999.0 -9999.0 -9999.0 -9999.0 -9999.0
-9999.0 -9999.0 -9999.0 -9999.0 -9999.0 -9999.0 -9999.0 -9999.0 -9999.0 -9999.0 -9999.0 -9999.0 -9999.0 -9999.0 -9999.0 -9999.0 -9999.0 -9999.0 -9999.0 -9999.0 -9999.0 -9999.0 -9999.0 0.305020 0.305257 0.070058 0.070058 0.069262 0.068921 0.286517 0.405101 0.470796 -9999.0 -9999.0 -9999.0 -9999.0 -9999.0 -9999.0 -9999.0 -9999.0 -9999.0 -9999.0 -9999.0 -9999.0 -9999.0 -9999.0 -9999.0 -9999.0 -9999.0 -9999.0 -9999.0 -9999.0 -9999.0 -9999.0 -9999.0 -9999.0 -9999.0 -9999.0 -9999.0 -9999.0 -9999.0 -9999.0 -9999.0
-9999.0 -9999.0 -9999.0 -9999.0 -9999.0 -9999.0 -9999.0 -9999.0 -9999.0 -9999.0 -9999.0 -9999.0 -9999.0 -9999.0 -9999.0 -9999.0 -9999.0 -9999.0 0.121026 0.272103 -9999.0 0.296605 0.287914 0.069827 0.071366 0.070301 0.192431 0.095563 0.210675 0.126216 0.318497 0.395345 0.020699 0.020237 -9999.0 -9999.0 -9999.0 -9999.0 -9999.0 -9999.0 -9999.0 -9999.0 -9999.0 -9999.0 -9999.0 -9999.0 -9999.0 -9999.0 -9999.0 -9999.0 -9999.0 -9999.0 -9999.0 -9999.0 -9999.0 -9999.0 -9999.0 -9999.0 -9999.0 -9999.0 -9999.0 -9999.0 -9999.0
-9999.0 -9999.0 -9999.0 -9999.0 -9999.0 -9999.0 -9999.0 -9999.0 -9999.0 -9999.0 -9999.0 -9999.0 -9999.0 -9999.0 -9999.0 -9999.0 -9999.0 0.072425 0.073397 0.022300 0.022756 0.238090 0.105690 0.071675 0.085604 0.267246 0.091770 0.244810 0.109849 0.236998 0.310862 0.310905 0.090530 0.076064 0.020494 0.020281 -9999.0 -9999.0 -9999.0 -9999.0 -9999.0 -9999.0 -9999.0 -9999.0 -9999.0 -9999.0 -9999.0 -9999.0 -9999.0 -9999.0 -9999.0 -9999.0 -9999.0 -9999.0 -9999.0 -9999.0 -9999.0 -9999.0 -9999.0 -9999.0 -9999.0 -9999.0 -9999.0
-9999.0 -9999.0 -9999.0 -9999.0 -9999.0 -9999.0 -9999.0 -9999.0 -9999.0 -9999.0 -9999.0 -9999.0 -9999.0 0.086005 0.073542 0.074481 0.072709 0.022177 0.072720 0.070787 0.071611 0.072373 0.070890 0.073223 0.223365 0.292271 0.173935 0.460638 0.252225 0.341552 0.068691 0.365617 0.349379 0.437119 0.158798 0.020254 -9999.0 -9999.0 -9999.0 -9999.0 -9999.0 -9999.0 -9999.0 -9999.0 -9999.0 -9999.0 -9999.0 -9999.0 -9999.0 -9999.0 -9999.0 -9999.0 -9999.0 -9999.0 -9999.0 -9999.0 -9999.0 -9999.0 -9999.0 -9999.0 -9999.0 -9999.0 -9999.0
-9999.0 -9999.0 -9999.0 -9999.0 -9999.0 -9999.0 -9999.0 -9999.0 -9999.0 -9999.0 -9999.0 -9999.0 -9999.0 0.124330 0.070653 0.073216 0.073445 0.070544 0.022171 0.070391 0.073019 0.066761 0.075479 0.102725 0.094291 0.177328 0.299558 0.086175 0.071117 0.104417 0.081363 0.390830 0.028408 0.042780 0.020547 -9999.0 -9999.0 -9999.0 -9999.0 -9999.0 -9999.0 -9999.0 -9999.0 -9999.0 -9999.0 -9999.0 -9999.0 -9999.0 -9999.0 -9999.0 -9999.0 -9999.0 -9999.0 -9999.0 -9999.0 -9999.0 -9999.0 -9999.0 -9999.0 -9999.0 -9999.0 -9999.0 -9999.0
-9999.0 -9999.0 -9999.0 -9999.0 -9999.0 -9999.0 -9999.0 -9999.0 -9999.0 -9999.0 -9999.0 -9999.0 -9999.0 0.069850 0.520000 0.069134 0.073342 0.073217 0.022157 0.072658 0.068654 0.022400 0.232040 0.110638 0.073054 0.089301 0.042977 0.037031 0.446841 0.057747 0.463928 0.020306 0.020439 0.020025 0.020252 -9999.0 -9999.0 -9999.0 -9999.0 -9999.0 -9999.0 -9999.0 -9999.0 -9999.0 -9999.0 -9999.0 -9999.0 -9999.0 -9999.0 -9999.0 -9999.0 -9999.0 -9999.0 -9999.0 -9999.0 -9999.0 -9999.0 -9999.0 -9999.0 -9999.0 -9999.0 -9999.0 -9999.0
-9999.0 -9999.0 -9999.0 -9999.0 -9999.0 -9999.0 -9999.0 -9999.0 -9999.0 -9999.0 -9999.0 -9999.0 0.070556 0.520000 0.069676 0.071305 0.076794 0.074055 0.065254 0.022241 0.071440 0.173583 0.219720 0.283128 0.062950 0.304986 0.040040 0.404647 0.423233 0.031452 0.387807 0.020494 0.519691 0.020173 -9999.0 -9999.0 -9999.0 -9999.0 -9999.0 -9999.0 -9999.0 -9999.0 -9999.0 -9999.0 -9999.0 -9999.0 -9999.0 -9999.0 -9999.0 -9999.0 -9999.0 -9999.0 -9999.0 -9999.0 -9999.0 -9999.0 -9999.0 -9999.0 -9999.0 -9999.0 -9999.0 -9999.0 -9999.0
-9999.0 -9999.0 -9999.0 -9999.0 -9999.0 -9999.0 -9999.0 -9999.0 -9999.0 -9999.0 -9999.0 0.183534 0.069619 0.520000 0.069303 0.085124 0.022201 0.073120 0.077924 0.022117 0.074008 0.077849 0.227669 0.286298 0.324056 0.332680 0.426106 0.360358 0.520000 0.020373 0.020687 0.357610 0.189643 0.020347 0.020621 0.125349 0.373777 0.210122 0.239099 -9999.0 -9999.0 -9999.0 0.020272 -9999.0 -9999.0 -9999.0 -9999.0 -9999.0 -9999.0 -9999.0 -9999.0 -9999.0 -9999.0 -9999.0 -9999.0 -9999.0 -9999.0 -9999.0 -9999.0 -9999.0 -9999.0 -9999.0 -9999.0
-9999.0 -9999.0 -9999.0 -9999.0 -9999.0 -9999.0 -9999.0 -9999.0 -9999.0 -9999.0 -9999.0 0.205054 0.069619 0.067707 0.067958 0.068983 0.067008 0.072437 0.070941 0.067866 0.073045 0.102426 0.352578 0.040089 0.040059 0.330377 0.353492 0.340605 0.097149 0.020454 0.368324 0.392001 0.460469 0.497033 0.413744 0.363576 0.317697 0.145862 0.147329 0.020354 0.020487 0.020361 0.407157 0.020720 -9999.0 -9999.0 -9999.0 0.262316 0.372807 0.054640 0.439573 0.020327 0.020378 0.263518 0.307161 0.020254 -9999.0 -9999.0 -9999.0 -9999.0 -9999.0 -9999.0 -9999.0
-9999.0 -9999.0 -9999.0 -9999.0 -9999.0 -9999.0 -9999.0 -9999.0 -9999.0 -9999.0 -9999.0 0.226464 0.173218 0.265725 0.114666 0.067130 0.075487 0.074532 0.065171 0.067727 0.089663 0.342153 0.063647 0.345973 0.321926 0.068401 0.040870 0.040027 0.096341 0.438898 0.064394 0.040213 0.362690 0.487658 0.031602 0.344249 0.041830 0.040048 0.081929 0.046445 0.259795 0.318546 0.360778 0.376285 0.510421 -9999.0 0.020136 0.500887 0.446524 0.366495 0.312077 0.097525 0.294279 0.427261 0.463938 0.495368 -9999.0 -9999.0 -9999.0 -9999.0 -9999.0 -9999.0 -9999.0
-9999.0 -9999.0 -9999.0 -9999.0 -9999.0 -9999.0 -9999.0 -9999.0 -9999.0 -9999.0 -9999.0 -9999.0 0.224324 0.474188 0.113493 0.108903 0.088332 0.075577 0.073147 0.068157 0.076991 0.221429 0.113847 0.040280 0.040058 0.040827 0.520000 0.256080 0.407637 0.020768 0.361689 0.040120 0.273946 0.462762 0.482144 0.363017 0.041738 0.040053 0.212564 0.048752 0.101383 0.046880 0.062011 0.343693 0.129679 0.489520 0.020414 0.499783 0.040059 0.061257 0.099220 0.040068 0.040024 0.040043 0.040056 0.485684 0.489354 -9999.0 -9999.0 -9999.0 -9999.0 -9999.0 -9999.0
-9999.0 -9999.0 -9999.0 -9999.0 -9999.0 -9999.0 -9999.0 -9999.0 -9999.0 -9999.0 -9999.0 0.077404 0.273832 0.067713 0.519225 0.242326 0.092522 0.077044 0.066910 0.075055 0.075945 0.167935 0.519212 0.042601 0.044852 0.040058 0.055039 0.399367 0.412472 0.087165 0.040824 0.040140 0.344770 0.443819 0.420842 0.400905 0.293985 0.085058 0.252766 0.071754 0.083709 0.207724 0.241309 0.184470 0.281100 0.408954 0.384837 0.118457 0.092342 0.158357 0.020061 0.385327 0.040032 0.020028 0.020024 0.020025 0.029071 -9999.0 -9999.0 -9999.0 -9999.0 -9999.0 -9999.0
-9999.0 -9999.0 -9999.0 -9999.0 -9999.0 -9999.0 -9999.0 -9999.0 -9999.0 -9999.0 0.520000 0.096048 0.282498 0.262439 0.196024 0.520000 0.520000 0.170791 0.075044 0.075668 0.074008 0.223192 0.040461 0.296272 0.512725 0.040094 0.040143 0.020044 0.226375 0.272236 0.040101 0.040060 0.327209 0.443895 0.020279 0.057982 0.295834 0.040296 0.040358 0.426836 0.353209 0.190557 0.191852 0.249750 0.128859 0.085583 0.313662 0.070290 0.040082 0.352832 0.020041 0.020525 0.020023 0.020021 0.020296 0.438619 0.447778 -9999.0 -9999.0 -9999.0 -9999.0 -9999.0 -9999.0
-9999.0 -9999.0 -9999.0 -9999.0 -9999.0 -9999.0 -9999.0 -9999.0 -9999.0 0.319117 0.328274 0.120808 0.518121 0.082047 0.070953 0.118998 0.112523 0.152313 0.074585 0.074651 0.071229 0.079090 0.122632 0.126277 0.395344 0.040079 0.040050 0.328788 0.107895 0.518392 0.476016 0.040064 0.081138 0.020632 0.020457 0.050549 0.322579 0.040139 0.046420 0.088295 0.040156 0.040424 0.040750 0.169856 0.148743 0.123038 0.233103 0.074693 0.076215 0.461070 0.040133 0.020475 0.020020 0.020106 0.020301 0.040014 0.040034 0.020720 0.020336 -9999.0 -9999.0 -9999.0 -9999.0
-9999.0 -9999.0 -9999.0 -9999.0 -9999.0 -9999.0 -9999.0 -9999.0 -9999.0 0.267233 0.316491 0.254388 0.520000 0.388206 0.105265 0.080876 0.280084 0.189466 0.073731 0.067962 0.068823 0.066765 0.132260 0.329134 0.040135 0.040341 0.082648 0.516398 0.419082 0.312322 0.305642 0.040046 0.372698 0.466621 0.442413 0.036598 0.070061 0.048654 0.316326 0.319979 0.040084 0.040154 0.092183 0.334106 0.098554 0.160419 0.151972 0.240467 0.320615 0.312321 0.040026 0.040014 0.020132 0.282573 0.104023 0.040016 0.040017 0.040119 0.085948 -9999.0 -9999.0 -9999.0 -9999.0
-9999.0 -9999.0 -9999.0 -9999.0 -9999.0 -9999.0 -9999.0 -9999.0 -9999.0 -9999.0 0.364111 0.314414 0.298867 0.040227 0.354417 0.112761 0.292865 0.094119 0.072780 0.072078 0.069279 0.074350 0.097107 0.041034 0.044384 0.140210 0.474972 0.323974 0.304622 0.040069 0.040050 0.040030 0.040029 0.450127 0.395534 0.349400 0.300239 0.328510 0.073669 0.369325 0.374336 0.347209 0.520000 0.136043 0.181185 0.286946 0.078614 0.130335 0.074044 0.255317 0.040053 0.040050 0.020299 0.020212 0.273808 0.451943 0.520000 0.040094 0.088856 0.171758 -9999.0 -9999.0 -9999.0
-9999.0 -9999.0 -9999.0 -9999.0 -9999.0 -9999.0 -9999.0 -9999.0 -9999.0 -9999.0 0.437097 0.329161 0.316572 0.518394 0.335362 0.174444 0.185094 0.076830 0.072574 0.070322 0.073662 0.075601 0.083396 0.108712 0.137705 0.423311 0.276812 0.258901 0.040098 0.040034 0.359077 0.409443 0.020053 0.447318 0.350778 0.365094 0.040120 0.073857 0.040025 0.410788 0.365413 0.073561 0.071403 0.271290 0.299973 0.041363 0.448940 0.183432 0.076722 0.113193 0.520000 0.040106 0.040023 0.020309 0.020127 0.020194 0.446901 0.073157 0.520000 0.430942 -9999.0 -9999.0 -9999.0
-9999.0 -9999.0 -9999.0 -9999.0 -9999.0 -9999.0 -9999.0 -9999.0 0.363035 0.377986 0.376023 0.378720 0.050951 0.092141 0.058409 0.215585 0.074531 0.066766 0.069955 0.069891 0.071707 0.072026 0.072346 0.073449 0.217142 0.264420 0.301422 0.040185 0.040114 0.040035 0.063477 0.367625 0.362718 0.433207 0.385098 0.314326 0.172728 0.083778 0.040033 0.045345 0.081079 0.353969 0.020062 0.071451 0.022962 0.520000 0.040037 0.088606 0.253387 0.258031 0.384274 0.040185 0.040039 0.040012 0.020292 0.470987 0.114278 0.332019 0.276261 0.082194 -9999.0 -9999.0 -9999.0
-9999.0 -9999.0 -9999.0 -9999.0 -9999.0 -9999.0 -9999.0 -9999.0 0.020000 0.040087 0.040033 0.418482 0.324501 0.040047 0.040174 0.282529 0.077449 0.075923 0.071935 0.069430 0.069506 0.064330 0.063057 0.062847 0.073504 0.084131 0.317382 0.094283 0.020055 0.420160 0.475481 0.076205 0.345322 0.080705 0.355146 0.322805 0.170323 0.520000 0.096738 0.303860 0.358572 0.451890 0.078053 0.285468 0.520000 0.041119 0.020053 0.312073 0.110334 0.334314 0.372611 0.105625 0.040013 0.447032 0.323817 0.020058 0.067429 0.518443 0.196336 0.079933 0.073619 -9999.0 -9999.0
-9999.0 -9999.0 -9999.0 -9999.0 -9999.0 -9999.0 -9999.0 -9999.0 0.350280 0.520000 0.501419 0.040029 0.448732 0.020067 0.074966 0.040212 0.183344 0.073430 0.072335 0.070124 0.069036 0.064869 0.063945 0.069546 0.067790 0.076400 0.302560 0.040104 0.020046 0.363705 0.087779 0.377257 0.040097 0.040309 0.358708 0.218181 0.368253 0.358547 0.080710 0.078851 0.316602 0.062677 0.326734 0.520000 0.040110 0.335517 0.034770 0.368668 0.040074 0.120831 0.227597 0.436090 0.040019 0.040013 0.100323 0.518917 0.520000 0.268458 0.074993 0.083438 0.076240 -9999.0 -9999.0
-9999.0 -9999.0 -9999.0 -9999.0 -9999.0 -9999.0 -9999.0 -9999.0 0.020447 0.322912 0.085290 0.020047 0.356998 0.040347 0.040406 0.342280 0.074803 0.073153 0.069887 0.072288 0.070030 0.069767 0.066471 0.067425 0.076046 0.161361 0.054336 0.040048 0.306248 0.040046 0.076695 0.083479 0.520000 0.518672 0.119425 0.143857 0.076072 0.076321 0.264097 0.514077 0.257690 0.254469 0.271374 0.023063 0.336235 0.062244 0.203698 0.073278 0.326387 0.063893 0.194412 0.160103 0.381618 0.110006 0.511481 0.445653 0.176114 0.089405 0.077805 0.076908 0.078943 0.094346 -9999.0
-9999.0 -9999.0 -9999.0 -9999.0 -9999.0 -9999.0 -9999.0 -9999.0 0.370615 0.405673 0.040001 0.040069 0.040301 0.043873 0.401731 0.177028 0.189358 0.080474 0.107681 0.075758 0.073566 0.071156 0.071253 0.072242 0.068449 0.143721 0.040128 0.131378 0.332865 0.519919 0.042078 0.421834 0.269785 0.368966 0.283051 0.084664 0.074755 0.074606 0.075256 0.234952 0.229242 0.219322 0.309190 0.391499 0.071465 0.258932 0.103817 0.099541 0.098170 0.450068 0.196823 0.090344 0.142493 0.239861 0.360258 0.314940 0.195587 0.100862 0.083691 0.074547 0.077458 0.100656 -9999.0
-9999.0 -9999.0 0.227926 0.332424 0.040001 0.040169 0.040035 0.040028 0.467067 0.436729 0.040060 0.040113 0.044418 0.520000 0.266996 0.518036 0.112060 0.040106 0.086458 0.259423 0.076189 0.073450 0.074031 0.073226 0.073675 0.078040 0.167213 0.197474 0.081650 0.264424 0.104925 0.103962 0.092860 0.076467 0.073936 0.076052 0.072561 0.073188 0.074113 0.076769 0.073270 0.072831 0.075164 0.129273 0.233507 0.228866 0.296823 0.241656 0.083915 0.078268 0.075208 0.081052 0.165427 0.227786 0.269885 0.188993 0.200322 0.121053 0.089151 0.079187 0.098861 0.112147 -9999.0
-9999.0 0.080120 0.059648 0.040110 0.040271 0.040121 0.040045 0.040032 0.040024 0.453187 0.040036 0.040162 0.519249 0.361146 0.488563 0.040889 0.040073 0.040089 0.040620 0.137218 0.076787 0.074642 0.080499 0.076345 0.067472 0.073166 0.068960 0.069181 0.072149 0.081819 0.073656 0.073110 0.071798 0.068022 0.070891 0.070858 0.070203 0.071395 0.070668 0.071422 0.071312 0.070782 0.070499 0.074001 0.075219 0.074643 0.076060 0.072895 0.071635 0.074923 0.079954 0.117794 0.199449 0.269410 0.274950 0.417147 0.347498 0.319979 0.400831 0.301479 0.252566 0.115009 -9999.0
-9999.0 0.339005 0.518209 0.139714 0.349092 0.093062 0.040033 0.040030 0.451492 0.427809 0.040035 0.040101 0.325184 0.389775 0.044123 0.040019 0.040036 0.040060 0.040058 0.211138 0.335033 0.142854 0.086652 0.136174 0.097664 0.074393 0.073104 0.071057 0.071969 0.071743 0.071605 0.071876 0.070594 0.070479 0.066298 0.069714 0.066856 0.066335 0.068830 0.069049 0.068777 0.069016 0.068774 0.070868 0.070679 0.070572 0.070294 0.071051 0.072160 0.074347 0.085230 0.117287 0.277701 0.437456 0.520000 0.067024 0.041027 0.049529 0.060631 0.043143 0.078549 -9999.0 -9999.0
-9999.0 0.115358 0.072029 0.059845 0.363860 0.333695 0.354153 0.040063 0.040079 0.040035 0.040492 0.091201 0.338592 0.482317 0.040074 0.040014 0.040033 0.040021 0.040021 0.040180 0.045153 0.069442 0.119058 0.124429 0.111863 0.077665 0.074444 0.073220 0.070613 0.071149 0.069623 0.069277 0.070197 0.069907 0.069500 0.069066 0.069010 0.066099 0.068936 0.068562 0.068302 0.065824 0.068194 0.067791 0.068104 0.069351 0.070177 0.071762 0.075467 0.076775 0.159425 0.277945 0.088330 0.520000 0.041463 0.040098 0.040094 0.040063 0.040072 -9999.0 -9999.0 -9999.0 -9999.0
