user2019/resources/simulation/Vinschgau/output-maps/thetaliqL0005N0564.asc
ncols         63
nrows         48
xllcorner     598000.000000
yllcorner     5145000.000000
cellsize      1000.000000
NODATA_value  -9999.0
[rows 0 to 28 of 48, columns 0 to 62 of 63]
-9999.0 -9999.0 -9999.0 -9999.0 -9999.0 -9999.0 -9999.0 -9999.0 -9999.0 -9999.0 -9999.0 -9999.0 -9999.0 -9999.0 -9999.0 -9999.0 -9999.0 -9999.0 -9999.0 -9999.0 -9999.0 -9999.0 -9999.0 -9999.0 -9999.0 -9999.0 -9999.0 -9999.0 -9999.0 -9999.0 -9999.0 -9999.0 -9999.0 -9999.0 -9999.0 -9999.0 -9999.0 -9999.0 -9999.0 -9999.0 -9999.0 -9999.0 -9999.0 -9999.0 -9999.0 -9999.0 -9999.0 -9999.0 -9999.0 -9999.0 -9999.0 -9999.0 -9999.0 -9999.0 -9999.0 -9999.0 -9999.0 -9999.0 -9999.0 -9999.0 -9999.0 -9999.0 -9999.0
-9999.0 -9999.0 -9999.0 -9999.0 -9999.0 -9999.0 -9999.0 -9999.0 -9999.0 -9999.0 -9999.0 -9999.0 -9999.0 -9999.0 -9999.0 -9999.0 -9999.0 -9999.0 -9999.0 -9999.0 -9999.0 -9999.0 -9999.0 -9999.0 -9999.0 -9999.0 -9999.0 0.037218 0.430000 0.038770 0.430000 0.199177 0.200000 -9999.0 -9999.0 -9999.0 -9999.0 -9999.0 -9999.0 -9999.0 -9999.0 -9999.0 -9999.0 -9999.0 -9999.0 -9999.0 -9999.0 -9999.0 -9999.0 -9999.0 -9999.0 -9999.0 -9999.0 -9999.0 -9999.0 -9999.0 -9999.0 -9999.0 -9999.0 -9999.0 -9999.0 -9999.0 -9999.0
-9999.0 -9999.0 -9999.0 -9999.0 -9999.0 -9999.0 -9999.0 -9999.0 -9999.0 -9999.0 -9999.0 -9999.0 -9999.0 -9999.0 -9999.0 -9999.0 -9999.0 -9999.0 -9999.0 -9999.0 -9999.0 -9999.0 -9999.0 -9999.0 0.430000 0.430000 0.430000 0.430000 0.430000 0.430000 0.430000 -9999.0 -9999.0 -9999.0 -9999.0 -9999.0 -9999.0 -9999.0 -9999.0 -9999.0 -9999.0 -9999.0 -9999.0 -9999.0 -9999.0 -9999.0 -9999.0 -9999.0 -9999.0 -9999.0 -9999.0 -9999.0 -9999.0 -9999.0 -9999.0 -9999.0 -9999.0 -9999.0 -9999.0 -9999.0 -9999.0 -9999.0 -9999.0
-9999.0 -9999.0 -9999.0 -9999.0 -9999.0 -9999.0 -9999.0 -9999.0 -9999.0 -9999.0 -9999.0 -9999.0 -9999.0 -9999.0 -9999.0 -9999.0 -9999.0 -9999.0 -9999.0 -9999.0 -9999.0 -9999.0 -9999.0 0.430000 0.430000 0.140638 0.098260 0.078590 0.338115 0.430000 0.430000 0.430000 -9999.0 -9999.0 -9999.0 -9999.0 -9999.0 -9999.0 -9999.0 -9999.0 -9999.0 -9999.0 -9999.0 -9999.0 -9999.0 -9999.0 -9999.0 -9999.0 -9999.0 -9999.0 -9999.0 -9999.0 -9999.0 -9999.0 -9999.0 -9999.0 -9999.0 -9999.0 -9999.0 -9999.0 -9999.0 -9999.0 -9999.0
-9999.0 -9999.0 -9999.0 -9999.0 -9999.0 -9999.0 -9999.0 -9999.0 -9999.0 -9999.0 -9999.0 -9999.0 -9999.0 -9999.0 -9999.0 -9999.0 -9999.0 -9999.0 0.430000 0.430000 -9999.0 0.430000 0.430000 0.193393 0.139243 0.072690 0.253433 0.289742 0.244162 0.176951 0.430000 0.430000 0.038194 0.040065 -9999.0 -9999.0 -9999.0 -9999.0 -9999.0 -9999.0 -9999.0 -9999.0 -9999.0 -9999.0 -9999.0 -9999.0 -9999.0 -9999.0 -9999.0 -9999.0 -9999.0 -9999.0 -9999.0 -9999.0 -9999.0 -9999.0 -9999.0 -9999.0 -9999.0 -9999.0 -9999.0 -9999.0 -9999.0
-9999.0 -9999.0 -9999.0 -9999.0 -9999.0 -9999.0 -9999.0 -9999.0 -9999.0 -9999.0 -9999.0 -9999.0 -9999.0 -9999.0 -9999.0 -9999.0 -9999.0 0.154883 0.298220 0.020166 0.034617 0.324471 0.242039 0.083780 0.241079 0.213905 0.284141 0.293585 0.260580 0.298679 0.430000 0.430000 0.030712 0.027793 0.034944 0.036854 -9999.0 -9999.0 -9999.0 -9999.0 -9999.0 -9999.0 -9999.0 -9999.0 -9999.0 -9999.0 -9999.0 -9999.0 -9999.0 -9999.0 -9999.0 -9999.0 -9999.0 -9999.0 -9999.0 -9999.0 -9999.0 -9999.0 -9999.0 -9999.0 -9999.0 -9999.0 -9999.0
-9999.0 -9999.0 -9999.0 -9999.0 -9999.0 -9999.0 -9999.0 -9999.0 -9999.0 -9999.0 -9999.0 -9999.0 -9999.0 0.430000 0.355354 0.236636 0.182603 0.036045 0.165744 0.155323 0.212718 0.136017 0.081698 0.252685 0.252573 0.430000 0.020261 0.430000 0.278930 0.273933 0.430000 0.430000 0.430000 0.430000 0.040083 0.038880 -9999.0 -9999.0 -9999.0 -9999.0 -9999.0 -9999.0 -9999.0 -9999.0 -9999.0 -9999.0 -9999.0 -9999.0 -9999.0 -9999.0 -9999.0 -9999.0 -9999.0 -9999.0 -9999.0 -9999.0 -9999.0 -9999.0 -9999.0 -9999.0 -9999.0 -9999.0 -9999.0
-9999.0 -9999.0 -9999.0 -9999.0 -9999.0 -9999.0 -9999.0 -9999.0 -9999.0 -9999.0 -9999.0 -9999.0 -9999.0 0.430000 0.333672 0.209471 0.210790 0.411886 0.029536 0.125736 0.150443 0.339668 0.236954 0.230759 0.293770 0.298275 0.430000 0.038472 0.038710 0.403961 0.430000 0.430000 0.039219 0.039347 0.039475 -9999.0 -9999.0 -9999.0 -9999.0 -9999.0 -9999.0 -9999.0 -9999.0 -9999.0 -9999.0 -9999.0 -9999.0 -9999.0 -9999.0 -9999.0 -9999.0 -9999.0 -9999.0 -9999.0 -9999.0 -9999.0 -9999.0 -9999.0 -9999.0 -9999.0 -9999.0 -9999.0 -9999.0
-9999.0 -9999.0 -9999.0 -9999.0 -9999.0 -9999.0 -9999.0 -9999.0 -9999.0 -9999.0 -9999.0 -9999.0 -9999.0 0.294684 0.430000 0.212375 0.230886 0.206981 0.029987 0.207652 0.430000 0.020266 0.364620 0.274750 0.291415 0.406194 0.035311 0.036763 0.430000 0.037155 0.430000 0.039207 0.039337 0.039834 0.039826 -9999.0 -9999.0 -9999.0 -9999.0 -9999.0 -9999.0 -9999.0 -9999.0 -9999.0 -9999.0 -9999.0 -9999.0 -9999.0 -9999.0 -9999.0 -9999.0 -9999.0 -9999.0 -9999.0 -9999.0 -9999.0 -9999.0 -9999.0 -9999.0 -9999.0 -9999.0 -9999.0 -9999.0
-9999.0 -9999.0 -9999.0 -9999.0 -9999.0 -9999.0 -9999.0 -9999.0 -9999.0 -9999.0 -9999.0 -9999.0 0.263738 0.430000 0.310259 0.400941 0.370415 0.257677 0.385475 0.020185 0.204839 0.305568 0.080578 0.373824 0.430000 0.430000 0.430000 0.430000 0.430000 0.039638 0.430000 0.039169 0.430000 0.039353 -9999.0 -9999.0 -9999.0 -9999.0 -9999.0 -9999.0 -9999.0 -9999.0 -9999.0 -9999.0 -9999.0 -9999.0 -9999.0 -9999.0 -9999.0 -9999.0 -9999.0 -9999.0 -9999.0 -9999.0 -9999.0 -9999.0 -9999.0 -9999.0 -9999.0 -9999.0 -9999.0 -9999.0 -9999.0
-9999.0 -9999.0 -9999.0 -9999.0 -9999.0 -9999.0 -9999.0 -9999.0 -9999.0 -9999.0 -9999.0 0.430000 0.430000 0.430000 0.388297 0.430000 0.020184 0.327883 0.414562 0.020001 0.375994 0.408309 0.430000 0.430000 0.430000 0.430000 0.430000 0.430000 0.430000 0.039549 0.039113 0.430000 0.039235 0.038759 0.038059 0.037050 0.159437 0.088391 0.061760 -9999.0 -9999.0 -9999.0 0.023170 -9999.0 -9999.0 -9999.0 -9999.0 -9999.0 -9999.0 -9999.0 -9999.0 -9999.0 -9999.0 -9999.0 -9999.0 -9999.0 -9999.0 -9999.0 -9999.0 -9999.0 -9999.0 -9999.0 -9999.0
-9999.0 -9999.0 -9999.0 -9999.0 -9999.0 -9999.0 -9999.0 -9999.0 -9999.0 -9999.0 -9999.0 0.430000 0.430000 0.430000 0.419244 0.430000 0.362440 0.207934 0.396181 0.430000 0.430000 0.430000 0.430000 0.430000 0.430000 0.430000 0.430000 0.430000 0.041735 0.039470 0.430000 0.430000 0.430000 0.430000 0.406403 0.318988 0.098299 0.063994 0.063677 0.023486 0.024366 0.033627 0.430000 0.035984 -9999.0 -9999.0 -9999.0 0.430000 0.430000 0.039317 0.430000 0.039628 0.040449 0.430000 0.430000 0.041089 -9999.0 -9999.0 -9999.0 -9999.0 -9999.0 -9999.0 -9999.0
-9999.0 -9999.0 -9999.0 -9999.0 -9999.0 -9999.0 -9999.0 -9999.0 -9999.0 -9999.0 -9999.0 0.430000 0.430000 0.430000 0.430000 0.430000 0.430000 0.430000 0.430000 0.392799 0.430000 0.430000 0.430000 0.430000 0.430000 0.037038 0.430000 0.430000 0.037407 0.430000 0.038171 0.430000 0.430000 0.430000 0.035639 0.193758 0.074779 0.053827 0.057538 0.022560 0.069856 0.109292 0.353538 0.430000 0.430000 -9999.0 0.039053 0.430000 0.430000 0.430000 0.200000 0.041209 0.200000 0.430000 0.200000 0.430000 -9999.0 -9999.0 -9999.0 -9999.0 -9999.0 -9999.0 -9999.0
-9999.0 -9999.0 -9999.0 -9999.0 -9999.0 -9999.0 -9999.0 -9999.0 -9999.0 -9999.0 -9999.0 -9999.0 0.430000 0.430000 0.430000 0.430000 0.430000 0.430000 0.430000 0.392721 0.430000 0.430000 0.430000 0.430000 0.430000 0.430000 0.430000 0.199930 0.430000 0.038328 0.430000 0.430000 0.195722 0.430000 0.403622 0.204533 0.073710 0.063386 0.062100 0.039448 0.090589 0.023847 0.265598 0.424940 0.033925 0.430000 0.038781 0.430000 0.430000 0.430000 0.430000 0.430000 0.430000 0.430000 0.430000 0.430000 0.430000 -9999.0 -9999.0 -9999.0 -9999.0 -9999.0 -9999.0
-9999.0 -9999.0 -9999.0 -9999.0 -9999.0 -9999.0 -9999.0 -9999.0 -9999.0 -9999.0 -9999.0 0.430000 0.430000 0.199962 0.430000 0.430000 0.430000 0.430000 0.430000 0.323130 0.430000 0.430000 0.430000 0.430000 0.430000 0.430000 0.430000 0.430000 0.430000 0.037882 0.430000 0.430000 0.430000 0.430000 0.430000 0.306825 0.082149 0.056200 0.081661 0.064135 0.062754 0.080098 0.306124 0.020284 0.430000 0.430000 0.430000 0.036383 0.036222 0.093121 0.020004 0.430000 0.430000 0.023725 0.023229 0.039420 0.042665 -9999.0 -9999.0 -9999.0 -9999.0 -9999.0 -9999.0
-9999.0 -9999.0 -9999.0 -9999.0 -9999.0 -9999.0 -9999.0 -9999.0 -9999.0 -9999.0 0.430000 0.430000 0.430000 0.430000 0.430000 0.430000 0.430000 0.430000 0.273746 0.287220 0.430000 0.430000 0.430000 0.430000 0.430000 0.430000 0.430000 0.020075 0.200000 0.430000 0.430000 0.430000 0.430000 0.430000 0.039048 0.037564 0.188635 0.079571 0.081137 0.080022 0.064850 0.020299 0.049869 0.274636 0.400026 0.033304 0.430000 0.430000 0.430000 0.430000 0.020111 0.037611 0.021352 0.039109 0.040227 0.430000 0.430000 -9999.0 -9999.0 -9999.0 -9999.0 -9999.0 -9999.0
-9999.0 -9999.0 -9999.0 -9999.0 -9999.0 -9999.0 -9999.0 -9999.0 -9999.0 0.430000 0.430000 0.430000 0.430000 0.430000 0.430000 0.430000 0.430000 0.430000 0.358384 0.244632 0.414879 0.298064 0.430000 0.345676 0.429143 0.430000 0.430000 0.430000 0.430000 0.430000 0.430000 0.142959 0.038075 0.038637 0.037951 0.037554 0.430000 0.236835 0.082401 0.295314 0.268836 0.293970 0.325420 0.139223 0.333897 0.404418 0.430000 0.394449 0.425482 0.430000 0.111098 0.039175 0.039865 0.042328 0.041821 0.430000 0.430000 0.077039 0.045893 -9999.0 -9999.0 -9999.0 -9999.0
-9999.0 -9999.0 -9999.0 -9999.0 -9999.0 -9999.0 -9999.0 -9999.0 -9999.0 0.200000 0.430000 0.430000 0.430000 0.430000 0.430000 0.430000 0.430000 0.430000 0.340199 0.227784 0.251897 0.231741 0.375160 0.430000 0.430000 0.430000 0.430000 0.430000 0.429082 0.430000 0.430000 0.430000 0.430000 0.430000 0.430000 0.033377 0.032954 0.034150 0.414445 0.430000 0.388082 0.425087 0.208738 0.317459 0.264682 0.231070 0.274799 0.191229 0.321435 0.430000 0.145998 0.430000 0.044485 0.430000 0.090228 0.430000 0.430000 0.430000 0.066570 -9999.0 -9999.0 -9999.0 -9999.0
-9999.0 -9999.0 -9999.0 -9999.0 -9999.0 -9999.0 -9999.0 -9999.0 -9999.0 -9999.0 0.430000 0.430000 0.430000 0.430000 0.430000 0.430000 0.430000 0.429444 0.311538 0.236777 0.301391 0.396796 0.430000 0.430000 0.430000 0.427262 0.406513 0.430000 0.430000 0.430000 0.430000 0.430000 0.430000 0.430000 0.430000 0.430000 0.415537 0.430000 0.036341 0.430000 0.430000 0.430000 0.430000 0.430000 0.430000 0.407326 0.430000 0.368683 0.315135 0.430000 0.142047 0.114807 0.039716 0.041756 0.430000 0.430000 0.430000 0.430000 0.430000 0.430000 -9999.0 -9999.0 -9999.0
-9999.0 -9999.0 -9999.0 -9999.0 -9999.0 -9999.0 -9999.0 -9999.0 -9999.0 -9999.0 0.430000 0.430000 0.430000 0.430000 0.418874 0.382390 0.420561 0.294635 0.213677 0.223297 0.216718 0.277579 0.374688 0.381375 0.402639 0.365732 0.430000 0.430000 0.430000 0.430000 0.430000 0.430000 0.020041 0.430000 0.430000 0.430000 0.430000 0.430000 0.430000 0.430000 0.430000 0.075040 0.430000 0.430000 0.430000 0.140137 0.430000 0.430000 0.430000 0.430000 0.430000 0.430000 0.430000 0.043021 0.050677 0.047162 0.430000 0.430000 0.430000 0.430000 -9999.0 -9999.0 -9999.0
-9999.0 -9999.0 -9999.0 -9999.0 -9999.0 -9999.0 -9999.0 -9999.0 0.430000 0.430000 0.199669 0.430000 0.430000 0.430000 0.430000 0.360886 0.246065 0.231180 0.181947 0.208575 0.178000 0.174842 0.205769 0.230055 0.249540 0.376262 0.430000 0.430000 0.430000 0.430000 0.037097 0.430000 0.430000 0.430000 0.430000 0.430000 0.430000 0.430000 0.430000 0.037150 0.037459 0.430000 0.020061 0.037754 0.036857 0.430000 0.430000 0.430000 0.430000 0.430000 0.430000 0.146406 0.430000 0.430000 0.039143 0.200000 0.071495 0.430000 0.430000 0.430000 -9999.0 -9999.0 -9999.0
-9999.0 -9999.0 -9999.0 -9999.0 -9999.0 -9999.0 -9999.0 -9999.0 0.199660 0.430000 0.430000 0.430000 0.430000 0.430000 0.430000 0.430000 0.375582 0.286584 0.161688 0.182627 0.239012 0.152336 0.226280 0.204410 0.168449 0.380025 0.430000 0.430000 0.020043 0.430000 0.430000 0.035179 0.430000 0.035601 0.430000 0.430000 0.430000 0.430000 0.430000 0.430000 0.430000 0.171209 0.037629 0.430000 0.430000 0.430000 0.021219 0.430000 0.430000 0.430000 0.430000 0.430000 0.430000 0.430000 0.200000 0.020119 0.430000 0.430000 0.430000 0.430000 0.261040 -9999.0 -9999.0
-9999.0 -9999.0 -9999.0 -9999.0 -9999.0 -9999.0 -9999.0 -9999.0 0.430000 0.430000 0.430000 0.430000 0.430000 0.020133 0.430000 0.430000 0.351447 0.195856 0.147464 0.252830 0.161557 0.138092 0.141475 0.124173 0.227210 0.353900 0.430000 0.430000 0.020167 0.430000 0.034193 0.430000 0.430000 0.104342 0.430000 0.430000 0.430000 0.430000 0.430000 0.430000 0.430000 0.036379 0.430000 0.430000 0.430000 0.430000 0.035821 0.430000 0.430000 0.430000 0.430000 0.430000 0.430000 0.430000 0.430000 0.430000 0.430000 0.430000 0.430000 0.430000 0.339199 -9999.0 -9999.0
-9999.0 -9999.0 -9999.0 -9999.0 -9999.0 -9999.0 -9999.0 -9999.0 0.037060 0.430000 0.430000 0.020002 0.430000 0.430000 0.140160 0.430000 0.334140 0.151349 0.265150 0.165994 0.171360 0.163422 0.149766 0.168939 0.213615 0.380347 0.430000 0.430000 0.430000 0.430000 0.430000 0.430000 0.102127 0.430000 0.102792 0.430000 0.430000 0.430000 0.430000 0.430000 0.430000 0.430000 0.430000 0.035909 0.430000 0.035965 0.200000 0.036576 0.430000 0.430000 0.430000 0.430000 0.430000 0.430000 0.430000 0.430000 0.430000 0.430000 0.410055 0.357365 0.405391 0.430000 -9999.0
-9999.0 -9999.0 -9999.0 -9999.0 -9999.0 -9999.0 -9999.0 -9999.0 0.430000 0.430000 0.430000 0.430000 0.430000 0.430000 0.430000 0.383249 0.400997 0.360303 0.376369 0.289506 0.173246 0.168598 0.174758 0.187251 0.198776 0.309738 0.429793 0.430000 0.426060 0.430000 0.430000 0.430000 0.430000 0.430000 0.430000 0.430000 0.430000 0.429610 0.430000 0.430000 0.430000 0.104820 0.430000 0.105717 0.430000 0.430000 0.430000 0.430000 0.430000 0.430000 0.424535 0.294651 0.430000 0.422797 0.430000 0.430000 0.430000 0.424128 0.430000 0.418119 0.430000 0.430000 -9999.0
-9999.0 -9999.0 0.199841 0.430000 0.430000 0.430000 0.430000 0.430000 0.430000 0.430000 0.430000 0.430000 0.430000 0.430000 0.419521 0.430000 0.430000 0.430000 0.430000 0.395303 0.237394 0.182948 0.247123 0.141022 0.205794 0.202208 0.283816 0.337741 0.372607 0.430000 0.428015 0.430000 0.430000 0.430000 0.430000 0.430000 0.430000 0.424016 0.430000 0.430000 0.430000 0.430000 0.430000 0.430000 0.430000 0.430000 0.430000 0.430000 0.430000 0.361571 0.270388 0.248617 0.430000 0.430000 0.430000 0.430000 0.430000 0.430000 0.430000 0.430000 0.430000 0.430000 -9999.0
-9999.0 0.430000 0.430000 0.430000 0.430000 0.430000 0.430000 0.430000 0.430000 0.430000 0.430000 0.430000 0.430000 0.430000 0.430000 0.430000 0.430000 0.430000 0.430000 0.396721 0.193946 0.328555 0.407349 0.188980 0.152214 0.143546 0.185622 0.188126 0.348418 0.356203 0.176740 0.292988 0.430000 0.430000 0.411129 0.312595 0.373086 0.390325 0.430000 0.430000 0.430000 0.430000 0.430000 0.430000 0.389362 0.363278 0.374804 0.357217 0.344890 0.234532 0.335370 0.430000 0.430000 0.430000 0.430000 0.430000 0.430000 0.430000 0.430000 0.430000 0.430000 0.430000 -9999.0
-9999.0 0.430000 0.430000 0.430000 0.430000 0.430000 0.430000 0.430000 0.430000 0.199513 0.430000 0.430000 0.430000 0.430000 0.430000 0.430000 0.430000 0.430000 0.430000 0.430000 0.430000 0.380219 0.340099 0.341042 0.298013 0.233461 0.120699 0.105824 0.247031 0.170681 0.094105 0.105765 0.430000 0.430000 0.409708 0.393717 0.330040 0.355077 0.430000 0.278844 0.384966 0.430000 0.430000 0.192539 0.137693 0.114872 0.227920 0.317736 0.366905 0.430000 0.430000 0.430000 0.430000 0.430000 0.430000 0.430000 0.430000 0.430000 0.430000 0.430000 0.430000 -9999.0 -9999.0
-9999.0 0.199991 0.430000 0.430000 0.430000 0.430000 0.430000 0.430000 0.430000 0.430000 0.430000 0.430000 0.429504 0.430000 0.430000 0.430000 0.430000 0.430000 0.430000 0.430000 0.400209 0.359495 0.219037 0.355475 0.415360 0.314781 0.430000 0.430000 0.173153 0.280789 0.152013 0.129281 0.361881 0.398797 0.357634 0.259023 0.367946 0.353203 0.368305 0.246094 0.228544 0.379544 0.367373 0.172270 0.168789 0.344492 0.340635 0.430000 0.430000 0.430000 0.430000 0.430000 0.430000 0.430000 0.430000 0.430000 0.430000 0.430000 0.430000 -9999.0 -9999.0 -9999.0 -9999.0
