user2019/resources/simulation/Vinschgau/output-maps/thetaliqL0007N1407.asc
ncols         63
nrows         48
xllcorner     598000.000000
yllcorner     5145000.000000
cellsize      1000.000000
NODATA_value  -9999.0
[rows 0 to 28 of 48, columns 0 to 62 of 63]
-9999.0 -9999.0 -9999.0 -9999.0 -9999.0 -9999.0 -9999.0 -9999.0 -9999.0 -9999.0 -9999.0 -9999.0 -9999.0 -9999.0 -9999.0 -9999.0 -9999.0 -9999.0 -9999.0 -9999.0 -9999.0 -9999.0 -9999.0 -9999.0 -9999.0 -9999.0 -9999.0 -9999.0 -9999.0 -9999.0 -9999.0 -9999.0 -9999.0 -9999.0 -9999.0 -9999.0 -9999.0 -9999.0 -9999.0 -9999.0 -9999.0 -9999.0 -9999.0 -9999.0 -9999.0 -9999.0 -9999.0 -9999.0 -9999.0 -9999.0 -9999.0 -9999.0 -9999.0 -9999.0 -9999.0 -9999.0 -9999.0 -9999.0 -9999.0 -9999.0 -9999.0 -9999.0 -9999.0
-9999.0 -9999.0 -9999.0 -9999.0 -9999.0 -9999.0 -9999.0 -9999.0 -9999.0 -9999.0 -9999.0 -9999.0 -9999.0 -9999.0 -9999.0 -9999.0 -9999.0 -9999.0 -9999.0 -9999.0 -9999.0 -9999.0 -9999.0 -9999.0 -9999.0 -9999.0 -9999.0 0.031663 0.132007 0.051290 0.136688 0.055127 0.020064 -9999.0 -9999.0 -9999.0 -9999.0 -9999.0 -9999.0 -9999.0 -9999.0 -9999.0 -9999.0 -9999.0 -9999.0 -9999.0 -9999.0 -9999.0 -9999.0 -9999.0 -9999.0 -9999.0 -9999.0 -9999.0 -9999.0 -9999.0 -9999.0 -9999.0 -9999.0 -9999.0 -9999.0 -9999.0 -9999.0
-9999.0 -9999.0 -9999.0 -9999.0 -9999.0 -9999.0 -9999.0 -9999.0 -9999.0 -9999.0 -9999.0 -9999.0 -9999.0 -9999.0 -9999.0 -9999.0 -9999.0 -9999.0 -9999.0 -9999.0 -9999.0 -9999.0 -9999.0 -9999.0 0.171776 0.169533 0.170794 0.172574 0.175226 0.158839 0.123083 -9999.0 -9999.0 -9999.0 -9999.0 -9999.0 -9999.0 -9999.0 -9999.0 -9999.0 -9999.0 -9999.0 -9999.0 -9999.0 -9999.0 -9999.0 -9999.0 -9999.0 -9999.0 -9999.0 -9999.0 -9999.0 -9999.0 -9999.0 -9999.0 -9999.0 -9999.0 -9999.0 -9999.0 -9999.0 -9999.0 -9999.0 -9999.0
-9999.0 -9999.0 -9999.0 -9999.0 -9999.0 -9999.0 -9999.0 -9999.0 -9999.0 -9999.0 -9999.0 -9999.0 -9999.0 -9999.0 -9999.0 -9999.0 -9999.0 -9999.0 -9999.0 -9999.0 -9999.0 -9999.0 -9999.0 0.168112 0.168655 0.161252 0.021647 0.020511 0.020545 0.122693 0.126669 0.089767 -9999.0 -9999.0 -9999.0 -9999.0 -9999.0 -9999.0 -9999.0 -9999.0 -9999.0 -9999.0 -9999.0 -9999.0 -9999.0 -9999.0 -9999.0 -9999.0 -9999.0 -9999.0 -9999.0 -9999.0 -9999.0 -9999.0 -9999.0 -9999.0 -9999.0 -9999.0 -9999.0 -9999.0 -9999.0 -9999.0 -9999.0
-9999.0 -9999.0 -9999.0 -9999.0 -9999.0 -9999.0 -9999.0 -9999.0 -9999.0 -9999.0 -9999.0 -9999.0 -9999.0 -9999.0 -9999.0 -9999.0 -9999.0 -9999.0 0.279925 0.162814 -9999.0 0.168427 0.167767 0.020603 0.022902 0.020580 0.260816 0.241706 0.245720 0.036988 0.136905 0.136043 0.020219 0.020182 -9999.0 -9999.0 -9999.0 -9999.0 -9999.0 -9999.0 -9999.0 -9999.0 -9999.0 -9999.0 -9999.0 -9999.0 -9999.0 -9999.0 -9999.0 -9999.0 -9999.0 -9999.0 -9999.0 -9999.0 -9999.0 -9999.0 -9999.0 -9999.0 -9999.0 -9999.0 -9999.0 -9999.0 -9999.0
-9999.0 -9999.0 -9999.0 -9999.0 -9999.0 -9999.0 -9999.0 -9999.0 -9999.0 -9999.0 -9999.0 -9999.0 -9999.0 -9999.0 -9999.0 -9999.0 -9999.0 0.147273 0.020649 0.020575 0.051142 0.281246 0.038222 0.020738 0.235292 0.044325 0.023068 0.060551 0.023853 0.262539 0.170124 0.151957 0.051357 0.028950 0.020195 0.020163 -9999.0 -9999.0 -9999.0 -9999.0 -9999.0 -9999.0 -9999.0 -9999.0 -9999.0 -9999.0 -9999.0 -9999.0 -9999.0 -9999.0 -9999.0 -9999.0 -9999.0 -9999.0 -9999.0 -9999.0 -9999.0 -9999.0 -9999.0 -9999.0 -9999.0 -9999.0 -9999.0
-9999.0 -9999.0 -9999.0 -9999.0 -9999.0 -9999.0 -9999.0 -9999.0 -9999.0 -9999.0 -9999.0 -9999.0 -9999.0 0.136487 0.042265 0.141065 0.098870 0.050002 0.149807 0.020643 0.022903 0.023917 0.020647 0.130131 0.053581 0.165719 0.020150 0.020201 0.020169 0.064705 0.020131 0.173791 0.144870 0.133490 0.020307 0.020154 -9999.0 -9999.0 -9999.0 -9999.0 -9999.0 -9999.0 -9999.0 -9999.0 -9999.0 -9999.0 -9999.0 -9999.0 -9999.0 -9999.0 -9999.0 -9999.0 -9999.0 -9999.0 -9999.0 -9999.0 -9999.0 -9999.0 -9999.0 -9999.0 -9999.0 -9999.0 -9999.0
-9999.0 -9999.0 -9999.0 -9999.0 -9999.0 -9999.0 -9999.0 -9999.0 -9999.0 -9999.0 -9999.0 -9999.0 -9999.0 0.157525 0.021813 0.114307 0.105231 0.239427 0.050021 0.021520 0.020127 0.050602 0.022238 0.030512 0.048721 0.020824 0.116047 0.051781 0.020279 0.020237 0.023416 0.120281 0.020230 0.020155 0.020172 -9999.0 -9999.0 -9999.0 -9999.0 -9999.0 -9999.0 -9999.0 -9999.0 -9999.0 -9999.0 -9999.0 -9999.0 -9999.0 -9999.0 -9999.0 -9999.0 -9999.0 -9999.0 -9999.0 -9999.0 -9999.0 -9999.0 -9999.0 -9999.0 -9999.0 -9999.0 -9999.0 -9999.0
-9999.0 -9999.0 -9999.0 -9999.0 -9999.0 -9999.0 -9999.0 -9999.0 -9999.0 -9999.0 -9999.0 -9999.0 -9999.0 0.021442 0.200000 0.151594 0.112473 0.110487 0.050030 0.141540 0.145226 0.020719 0.041458 0.034629 0.048802 0.056238 0.051230 0.020245 0.097479 0.020192 0.122044 0.020069 0.020135 0.020017 0.020142 -9999.0 -9999.0 -9999.0 -9999.0 -9999.0 -9999.0 -9999.0 -9999.0 -9999.0 -9999.0 -9999.0 -9999.0 -9999.0 -9999.0 -9999.0 -9999.0 -9999.0 -9999.0 -9999.0 -9999.0 -9999.0 -9999.0 -9999.0 -9999.0 -9999.0 -9999.0 -9999.0 -9999.0
-9999.0 -9999.0 -9999.0 -9999.0 -9999.0 -9999.0 -9999.0 -9999.0 -9999.0 -9999.0 -9999.0 -9999.0 0.020632 0.200000 0.021580 0.032923 0.165028 0.127443 0.212211 0.020538 0.022968 0.048894 0.020840 0.028021 0.040076 0.118711 0.020062 0.121664 0.154135 0.020211 0.020069 0.020207 0.031620 0.020152 -9999.0 -9999.0 -9999.0 -9999.0 -9999.0 -9999.0 -9999.0 -9999.0 -9999.0 -9999.0 -9999.0 -9999.0 -9999.0 -9999.0 -9999.0 -9999.0 -9999.0 -9999.0 -9999.0 -9999.0 -9999.0 -9999.0 -9999.0 -9999.0 -9999.0 -9999.0 -9999.0 -9999.0 -9999.0
-9999.0 -9999.0 -9999.0 -9999.0 -9999.0 -9999.0 -9999.0 -9999.0 -9999.0 -9999.0 -9999.0 0.161095 0.033390 0.410079 0.021618 0.153568 0.020553 0.115791 0.272453 0.020496 0.020118 0.201930 0.145969 0.128774 0.020824 0.141659 0.081379 0.142690 0.031036 0.020158 0.020203 0.151413 0.020301 0.020182 0.020196 0.020425 0.025969 0.051942 0.051136 -9999.0 -9999.0 -9999.0 0.020178 -9999.0 -9999.0 -9999.0 -9999.0 -9999.0 -9999.0 -9999.0 -9999.0 -9999.0 -9999.0 -9999.0 -9999.0 -9999.0 -9999.0 -9999.0 -9999.0 -9999.0 -9999.0 -9999.0 -9999.0
-9999.0 -9999.0 -9999.0 -9999.0 -9999.0 -9999.0 -9999.0 -9999.0 -9999.0 -9999.0 -9999.0 0.160986 0.022775 0.020493 0.021025 0.119441 0.020770 0.020392 0.262341 0.235628 0.149205 0.154272 0.172349 0.020102 0.020176 0.133960 0.135640 0.151564 0.051293 0.020176 0.143999 0.166994 0.079058 0.020183 0.020168 0.088225 0.069417 0.053289 0.052406 0.020190 0.020195 0.020178 0.126415 0.020228 -9999.0 -9999.0 -9999.0 0.040026 0.020067 0.020179 0.020082 0.020056 0.020055 0.040024 0.040025 0.020052 -9999.0 -9999.0 -9999.0 -9999.0 -9999.0 -9999.0 -9999.0
-9999.0 -9999.0 -9999.0 -9999.0 -9999.0 -9999.0 -9999.0 -9999.0 -9999.0 -9999.0 -9999.0 0.164963 0.158368 0.020866 0.283561 0.145721 0.084305 0.021018 0.137059 0.233430 0.244108 0.021202 0.020224 0.175591 0.130160 0.039313 0.020190 0.020052 0.021272 0.020305 0.020281 0.020146 0.142400 0.020202 0.020221 0.074368 0.020263 0.020338 0.052471 0.020308 0.052151 0.020363 0.100455 0.127540 0.020102 -9999.0 0.020142 0.020094 0.142945 0.152127 0.113148 0.051237 0.110457 0.151080 0.116292 0.020168 -9999.0 -9999.0 -9999.0 -9999.0 -9999.0 -9999.0 -9999.0
-9999.0 -9999.0 -9999.0 -9999.0 -9999.0 -9999.0 -9999.0 -9999.0 -9999.0 -9999.0 -9999.0 -9999.0 0.163747 0.091721 0.157207 0.156738 0.037318 0.021536 0.248033 0.235936 0.024361 0.020991 0.020387 0.020407 0.020080 0.020171 0.200000 0.094790 0.135119 0.020233 0.139652 0.020189 0.088717 0.126724 0.055510 0.072444 0.020195 0.020242 0.077155 0.051123 0.063208 0.051153 0.020402 0.171838 0.020269 0.020091 0.020171 0.020131 0.020081 0.020338 0.129079 0.020204 0.040020 0.040071 0.020076 0.159773 0.020441 -9999.0 -9999.0 -9999.0 -9999.0 -9999.0 -9999.0
-9999.0 -9999.0 -9999.0 -9999.0 -9999.0 -9999.0 -9999.0 -9999.0 -9999.0 -9999.0 -9999.0 0.040382 0.164372 0.100876 0.027802 0.093077 0.097567 0.024511 0.144243 0.202009 0.022996 0.050375 0.041867 0.020180 0.020192 0.020400 0.040407 0.122207 0.104102 0.051297 0.020175 0.020132 0.158036 0.132032 0.020115 0.097403 0.052471 0.020362 0.184234 0.052580 0.020358 0.034344 0.025763 0.020283 0.147975 0.123982 0.150946 0.051286 0.051205 0.020295 0.020053 0.123442 0.020052 0.020032 0.020027 0.020050 0.020206 -9999.0 -9999.0 -9999.0 -9999.0 -9999.0 -9999.0
-9999.0 -9999.0 -9999.0 -9999.0 -9999.0 -9999.0 -9999.0 -9999.0 -9999.0 -9999.0 0.430000 0.022132 0.168025 0.165714 0.161610 0.036815 0.031303 0.056834 0.150601 0.208388 0.253525 0.298319 0.020363 0.166635 0.047006 0.040056 0.020120 0.020039 0.100933 0.146293 0.023132 0.020190 0.144204 0.128237 0.020149 0.020289 0.071664 0.020264 0.021493 0.107294 0.021110 0.021002 0.050813 0.318187 0.028154 0.051208 0.143555 0.020528 0.021603 0.102294 0.020037 0.020161 0.020025 0.020041 0.020045 0.142721 0.143002 -9999.0 -9999.0 -9999.0 -9999.0 -9999.0 -9999.0
-9999.0 -9999.0 -9999.0 -9999.0 -9999.0 -9999.0 -9999.0 -9999.0 -9999.0 0.132946 0.366413 0.053961 0.025111 0.020358 0.050920 0.024571 0.027109 0.158484 0.021444 0.196460 0.247794 0.031744 0.020692 0.069881 0.395492 0.020113 0.020072 0.148109 0.020740 0.029721 0.143959 0.020098 0.020384 0.020164 0.020193 0.020287 0.139147 0.020166 0.020221 0.023553 0.020441 0.020655 0.020461 0.032513 0.020664 0.020363 0.158019 0.020290 0.020299 0.417278 0.020123 0.020193 0.020038 0.020039 0.020051 0.020048 0.020071 0.020238 0.020061 -9999.0 -9999.0 -9999.0 -9999.0
-9999.0 -9999.0 -9999.0 -9999.0 -9999.0 -9999.0 -9999.0 -9999.0 -9999.0 0.112735 0.134247 0.136937 0.200000 0.095295 0.025084 0.020339 0.165668 0.102755 0.021029 0.232853 0.238618 0.109315 0.259239 0.167302 0.020162 0.020145 0.020406 0.084154 0.137384 0.338157 0.080120 0.020078 0.141242 0.024026 0.144962 0.020282 0.027037 0.051199 0.096996 0.144218 0.040234 0.020122 0.020604 0.118685 0.253419 0.243260 0.080907 0.021011 0.021078 0.115395 0.020053 0.020030 0.020039 0.020046 0.020178 0.040013 0.020078 0.020119 0.035241 -9999.0 -9999.0 -9999.0 -9999.0
-9999.0 -9999.0 -9999.0 -9999.0 -9999.0 -9999.0 -9999.0 -9999.0 -9999.0 -9999.0 0.132045 0.146164 0.025041 0.040596 0.021202 0.027217 0.099213 0.084107 0.020726 0.191386 0.241942 0.020118 0.072407 0.021119 0.020186 0.028291 0.140696 0.150642 0.080918 0.020102 0.020082 0.040024 0.020047 0.109249 0.152485 0.162883 0.163303 0.169499 0.028798 0.129411 0.109044 0.172033 0.200000 0.020996 0.021242 0.068091 0.020658 0.258466 0.020763 0.021171 0.020086 0.020071 0.020049 0.020039 0.020044 0.020087 0.187580 0.020099 0.021498 0.059890 -9999.0 -9999.0 -9999.0
-9999.0 -9999.0 -9999.0 -9999.0 -9999.0 -9999.0 -9999.0 -9999.0 -9999.0 -9999.0 0.136417 0.140660 0.169997 0.029635 0.346964 0.044584 0.049585 0.171464 0.128197 0.162318 0.133349 0.023506 0.058023 0.021841 0.028629 0.150108 0.319015 0.077857 0.020131 0.020051 0.130279 0.178901 0.020046 0.045363 0.128445 0.172386 0.020104 0.023401 0.020114 0.113280 0.141273 0.051443 0.020388 0.130447 0.349802 0.020190 0.111709 0.021333 0.020183 0.021343 0.022876 0.020107 0.020041 0.020057 0.020034 0.020040 0.020080 0.020266 0.158506 0.377000 -9999.0 -9999.0 -9999.0
-9999.0 -9999.0 -9999.0 -9999.0 -9999.0 -9999.0 -9999.0 -9999.0 0.177058 0.139319 0.054435 0.177735 0.020184 0.020608 0.023759 0.284423 0.020626 0.110067 0.198073 0.155386 0.103061 0.020664 0.020936 0.022186 0.074099 0.324086 0.349569 0.020229 0.020147 0.020053 0.020170 0.135805 0.138253 0.078925 0.143541 0.111052 0.145862 0.024510 0.020061 0.020286 0.051608 0.173288 0.020053 0.020475 0.051073 0.200000 0.020066 0.020467 0.021809 0.300337 0.062852 0.020124 0.020057 0.020028 0.020044 0.057197 0.020267 0.170451 0.021272 0.028711 -9999.0 -9999.0 -9999.0
-9999.0 -9999.0 -9999.0 -9999.0 -9999.0 -9999.0 -9999.0 -9999.0 0.020051 0.020195 0.020066 0.108315 0.131527 0.020075 0.020193 0.067415 0.026467 0.022670 0.020118 0.154473 0.258931 0.221557 0.177319 0.111959 0.021103 0.191809 0.366213 0.022325 0.020048 0.132345 0.020248 0.020769 0.148955 0.031250 0.177206 0.172183 0.167223 0.130586 0.020883 0.143769 0.129795 0.033297 0.039092 0.144479 0.200000 0.020278 0.020045 0.136151 0.022100 0.064670 0.066743 0.023169 0.020043 0.020088 0.107417 0.020085 0.020226 0.021321 0.020877 0.238453 0.162444 -9999.0 -9999.0
-9999.0 -9999.0 -9999.0 -9999.0 -9999.0 -9999.0 -9999.0 -9999.0 0.129766 0.199918 0.071377 0.020048 0.183438 0.020058 0.020280 0.020237 0.040798 0.026482 0.020506 0.257561 0.153914 0.217434 0.174435 0.149188 0.190780 0.022477 0.077495 0.020137 0.020041 0.143652 0.044245 0.176072 0.020106 0.020140 0.173786 0.171387 0.020685 0.035650 0.021455 0.020464 0.140430 0.051109 0.174109 0.199840 0.020163 0.173739 0.020282 0.177678 0.020088 0.027062 0.291291 0.079595 0.020062 0.020044 0.020794 0.026476 0.180081 0.139134 0.020822 0.220882 0.204648 -9999.0 -9999.0
-9999.0 -9999.0 -9999.0 -9999.0 -9999.0 -9999.0 -9999.0 -9999.0 0.020176 0.144714 0.040705 0.020041 0.178905 0.040102 0.020123 0.073969 0.020118 0.020607 0.240335 0.142485 0.157924 0.161300 0.220028 0.212538 0.152820 0.040374 0.067048 0.020080 0.170513 0.020572 0.020304 0.020775 0.020801 0.026942 0.020231 0.122618 0.135300 0.021738 0.022066 0.020542 0.135526 0.146916 0.149389 0.051091 0.173900 0.051155 0.103728 0.051217 0.115765 0.020230 0.081080 0.057069 0.078019 0.047697 0.183769 0.173298 0.025994 0.233553 0.206547 0.208641 0.162920 0.213186 -9999.0
-9999.0 -9999.0 -9999.0 -9999.0 -9999.0 -9999.0 -9999.0 -9999.0 0.020065 0.179948 0.040033 0.020104 0.020524 0.021380 0.177533 0.261002 0.289149 0.024620 0.045278 0.022392 0.125592 0.170680 0.162305 0.159889 0.111227 0.046535 0.020159 0.028690 0.106592 0.031864 0.020820 0.128261 0.041990 0.137760 0.021152 0.020942 0.020816 0.020678 0.020118 0.135723 0.021122 0.021035 0.021125 0.021196 0.020261 0.144369 0.020721 0.020893 0.020746 0.022057 0.020996 0.037977 0.057689 0.098378 0.164988 0.338486 0.273735 0.237787 0.223305 0.020797 0.022220 0.225271 -9999.0
-9999.0 -9999.0 0.091678 0.174489 0.020044 0.020129 0.020062 0.020075 0.113660 0.184477 0.020201 0.040985 0.021876 0.155355 0.165195 0.430000 0.023086 0.020138 0.020417 0.065763 0.022462 0.132468 0.201804 0.135347 0.171109 0.024419 0.047779 0.050874 0.028224 0.164331 0.068016 0.056870 0.240148 0.022567 0.075069 0.021177 0.025367 0.020349 0.020118 0.020118 0.020696 0.020692 0.020118 0.022595 0.021196 0.021102 0.133939 0.288131 0.020807 0.053824 0.032090 0.239345 0.274346 0.293916 0.319115 0.309817 0.278083 0.211721 0.021823 0.024689 0.247887 0.244160 -9999.0
-9999.0 0.020371 0.020315 0.020229 0.020142 0.020184 0.020068 0.020060 0.020043 0.113675 0.020092 0.020211 0.416679 0.367402 0.430000 0.020751 0.020187 0.020102 0.040114 0.065801 0.022956 0.021330 0.257143 0.209165 0.172642 0.156059 0.187659 0.194753 0.031879 0.172434 0.023596 0.032704 0.077914 0.202161 0.021953 0.151550 0.020992 0.020221 0.153700 0.147649 0.021504 0.022153 0.020480 0.020884 0.021504 0.021221 0.211810 0.020603 0.021905 0.193764 0.219151 0.247849 0.277992 0.319388 0.323794 0.413424 0.394443 0.370598 0.409798 0.347508 0.324723 0.249254 -9999.0
-9999.0 0.170286 0.025368 0.024788 0.361935 0.023575 0.020062 0.020050 0.055074 0.027067 0.020069 0.020135 0.081613 0.409730 0.022452 0.020062 0.020065 0.020083 0.020527 0.034261 0.351590 0.247131 0.237161 0.254760 0.282975 0.262116 0.090957 0.175286 0.184593 0.020446 0.020379 0.020408 0.167030 0.207469 0.222874 0.162653 0.246145 0.240785 0.149879 0.145384 0.150041 0.189938 0.021223 0.093670 0.082046 0.020298 0.202041 0.179041 0.186463 0.200177 0.178122 0.241733 0.339803 0.415334 0.184385 0.384837 0.020610 0.311329 0.093182 0.197681 0.368218 -9999.0 -9999.0
-9999.0 0.100223 0.023664 0.022121 0.119861 0.364583 0.371201 0.020097 0.020099 0.020105 0.020209 0.081484 0.155684 0.429999 0.020108 0.020048 0.020052 0.020133 0.020100 0.020401 0.021521 0.087246 0.217601 0.295169 0.289748 0.218304 0.206273 0.199202 0.160696 0.181564 0.152723 0.151063 0.175251 0.171106 0.165051 0.160016 0.158416 0.239825 0.157196 0.157015 0.157622 0.245956 0.160996 0.150824 0.150533 0.170385 0.175408 0.188249 0.210241 0.168893 0.056753 0.327533 0.354152 0.258190 0.071200 0.040086 0.040082 0.040054 0.040062 -9999.0 -9999.0 -9999.0 -9999.0
