user2019/resources/simulation/Vinschgau/output-maps/thetaiceL0003N0224.asc
ncols         63
nrows         48
xllcorner     598000.000000
yllcorner     5145000.000000
cellsize      1000.000000
NODATA_value  -9999.0
[rows 0 to 28 of 48, columns 0 to 62 of 63]
-9999.0 -9999.0 -9999.0 -9999.0 -9999.0 -9999.0 -9999.0 -9999.0 -9999.0 -9999.0 -9999.0 -9999.0 -9999.0 -9999.0 -9999.0 -9999.0 -9999.0 -9999.0 -9999.0 -9999.0 -9999.0 -9999.0 -9999.0 -9999.0 -9999.0 -9999.0 -9999.0 -9999.0 -9999.0 -9999.0 -9999.0 -9999.0 -9999.0 -9999.0 -9999.0 -9999.0 -9999.0 -9999.0 -9999.0 -9999.0 -9999.0 -9999.0 -9999.0 -9999.0 -9999.0 -9999.0 -9999.0 -9999.0 -9999.0 -9999.0 -9999.0 -9999.0 -9999.0 -9999.0 -9999.0 -9999.0 -9999.0 -9999.0 -9999.0 -9999.0 -9999.0 -9999.0 -9999.0
-9999.0 -9999.0 -9999.0 -9999.0 -9999.0 -9999.0 -9999.0 -9999.0 -9999.0 -9999.0 -9999.0 -9999.0 -9999.0 -9999.0 -9999.0 -9999.0 -9999.0 -9999.0 -9999.0 -9999.0 -9999.0 -9999.0 -9999.0 -9999.0 -9999.0 -9999.0 -9999.0 0.023411 0.173104 0.021350 0.212055 0.212684 0.223205 -9999.0 -9999.0 -9999.0 -9999.0 -9999.0 -9999.0 -9999.0 -9999.0 -9999.0 -9999.0 -9999.0 -9999.0 -9999.0 -9999.0 -9999.0 -9999.0 -9999.0 -9999.0 -9999.0 -9999.0 -9999.0 -9999.0 -9999.0 -9999.0 -9999.0 -9999.0 -9999.0 -9999.0 -9999.0 -9999.0
-9999.0 -9999.0 -9999.0 -9999.0 -9999.0 -9999.0 -9999.0 -9999.0 -9999.0 -9999.0 -9999.0 -9999.0 -9999.0 -9999.0 -9999.0 -9999.0 -9999.0 -9999.0 -9999.0 -9999.0 -9999.0 -9999.0 -9999.0 -9999.0 0.172707 0.204930 0.199780 0.318038 0.229782 0.258007 0.276168 -9999.0 -9999.0 -9999.0 -9999.0 -9999.0 -9999.0 -9999.0 -9999.0 -9999.0 -9999.0 -9999.0 -9999.0 -9999.0 -9999.0 -9999.0 -9999.0 -9999.0 -9999.0 -9999.0 -9999.0 -9999.0 -9999.0 -9999.0 -9999.0 -9999.0 -9999.0 -9999.0 -9999.0 -9999.0 -9999.0 -9999.0 -9999.0
-9999.0 -9999.0 -9999.0 -9999.0 -9999.0 -9999.0 -9999.0 -9999.0 -9999.0 -9999.0 -9999.0 -9999.0 -9999.0 -9999.0 -9999.0 -9999.0 -9999.0 -9999.0 -9999.0 -9999.0 -9999.0 -9999.0 -9999.0 0.239375 0.402713 0.479887 0.479969 0.479984 0.479992 0.333615 0.171198 0.118549 -9999.0 -9999.0 -9999.0 -9999.0 -9999.0 -9999.0 -9999.0 -9999.0 -9999.0 -9999.0 -9999.0 -9999.0 -9999.0 -9999.0 -9999.0 -9999.0 -9999.0 -9999.0 -9999.0 -9999.0 -9999.0 -9999.0 -9999.0 -9999.0 -9999.0 -9999.0 -9999.0 -9999.0 -9999.0 -9999.0 -9999.0
-9999.0 -9999.0 -9999.0 -9999.0 -9999.0 -9999.0 -9999.0 -9999.0 -9999.0 -9999.0 -9999.0 -9999.0 -9999.0 -9999.0 -9999.0 -9999.0 -9999.0 -9999.0 0.479884 0.472461 -9999.0 0.297786 0.270938 0.479965 0.479958 0.479974 0.464441 0.458796 0.479962 0.479631 0.362476 0.155556 0.019972 0.019330 -9999.0 -9999.0 -9999.0 -9999.0 -9999.0 -9999.0 -9999.0 -9999.0 -9999.0 -9999.0 -9999.0 -9999.0 -9999.0 -9999.0 -9999.0 -9999.0 -9999.0 -9999.0 -9999.0 -9999.0 -9999.0 -9999.0 -9999.0 -9999.0 -9999.0 -9999.0 -9999.0 -9999.0 -9999.0
-9999.0 -9999.0 -9999.0 -9999.0 -9999.0 -9999.0 -9999.0 -9999.0 -9999.0 -9999.0 -9999.0 -9999.0 -9999.0 -9999.0 -9999.0 -9999.0 -9999.0 0.450569 0.477643 0.075902 0.020568 0.445773 0.461709 0.479990 0.479960 0.438799 0.376815 0.332396 0.292831 0.453144 0.439093 0.364169 0.020275 0.019774 0.018602 0.018284 -9999.0 -9999.0 -9999.0 -9999.0 -9999.0 -9999.0 -9999.0 -9999.0 -9999.0 -9999.0 -9999.0 -9999.0 -9999.0 -9999.0 -9999.0 -9999.0 -9999.0 -9999.0 -9999.0 -9999.0 -9999.0 -9999.0 -9999.0 -9999.0 -9999.0 -9999.0 -9999.0
-9999.0 -9999.0 -9999.0 -9999.0 -9999.0 -9999.0 -9999.0 -9999.0 -9999.0 -9999.0 -9999.0 -9999.0 -9999.0 0.191293 0.479966 0.466454 0.453801 0.140392 0.470107 0.479989 0.479975 0.479959 0.479982 0.479980 0.479719 0.330528 0.017464 0.261961 0.249688 0.214468 0.381771 0.322059 0.272062 0.217434 0.018229 0.018261 -9999.0 -9999.0 -9999.0 -9999.0 -9999.0 -9999.0 -9999.0 -9999.0 -9999.0 -9999.0 -9999.0 -9999.0 -9999.0 -9999.0 -9999.0 -9999.0 -9999.0 -9999.0 -9999.0 -9999.0 -9999.0 -9999.0 -9999.0 -9999.0 -9999.0 -9999.0 -9999.0
-9999.0 -9999.0 -9999.0 -9999.0 -9999.0 -9999.0 -9999.0 -9999.0 -9999.0 -9999.0 -9999.0 -9999.0 -9999.0 0.479975 0.479948 0.458526 0.458005 0.479910 0.140544 0.479944 0.479837 0.479397 0.479988 0.447526 0.453662 0.252576 0.118440 0.018230 0.018276 0.271476 0.328391 0.251963 0.018233 0.018231 0.018225 -9999.0 -9999.0 -9999.0 -9999.0 -9999.0 -9999.0 -9999.0 -9999.0 -9999.0 -9999.0 -9999.0 -9999.0 -9999.0 -9999.0 -9999.0 -9999.0 -9999.0 -9999.0 -9999.0 -9999.0 -9999.0 -9999.0 -9999.0 -9999.0 -9999.0 -9999.0 -9999.0 -9999.0
-9999.0 -9999.0 -9999.0 -9999.0 -9999.0 -9999.0 -9999.0 -9999.0 -9999.0 -9999.0 -9999.0 -9999.0 -9999.0 0.479968 0.479960 0.479807 0.454449 0.458235 0.141534 0.479761 0.479974 0.009927 0.450112 0.353062 0.166509 0.464981 0.021820 0.018258 0.151662 0.018256 0.255349 0.018253 0.018268 0.018307 0.018278 -9999.0 -9999.0 -9999.0 -9999.0 -9999.0 -9999.0 -9999.0 -9999.0 -9999.0 -9999.0 -9999.0 -9999.0 -9999.0 -9999.0 -9999.0 -9999.0 -9999.0 -9999.0 -9999.0 -9999.0 -9999.0 -9999.0 -9999.0 -9999.0 -9999.0 -9999.0 -9999.0 -9999.0
-9999.0 -9999.0 -9999.0 -9999.0 -9999.0 -9999.0 -9999.0 -9999.0 -9999.0 -9999.0 -9999.0 -9999.0 0.479978 0.479965 0.479819 0.354670 0.455867 0.458730 0.479753 0.103939 0.479986 0.276526 0.205783 0.251886 0.318360 0.235558 0.254645 0.106179 0.284801 0.018242 0.248597 0.019710 0.153717 0.018278 -9999.0 -9999.0 -9999.0 -9999.0 -9999.0 -9999.0 -9999.0 -9999.0 -9999.0 -9999.0 -9999.0 -9999.0 -9999.0 -9999.0 -9999.0 -9999.0 -9999.0 -9999.0 -9999.0 -9999.0 -9999.0 -9999.0 -9999.0 -9999.0 -9999.0 -9999.0 -9999.0 -9999.0 -9999.0
-9999.0 -9999.0 -9999.0 -9999.0 -9999.0 -9999.0 -9999.0 -9999.0 -9999.0 -9999.0 -9999.0 0.245436 0.439618 0.479853 0.344894 0.171075 0.014684 0.451679 0.479756 0.110700 0.479992 0.479960 0.104685 0.243629 0.254393 0.378535 0.233049 0.140118 0.149270 0.018265 0.019305 0.339067 0.018351 0.018223 0.017305 0.015459 0.290091 0.469666 0.421878 -9999.0 -9999.0 -9999.0 0.018215 -9999.0 -9999.0 -9999.0 -9999.0 -9999.0 -9999.0 -9999.0 -9999.0 -9999.0 -9999.0 -9999.0 -9999.0 -9999.0 -9999.0 -9999.0 -9999.0 -9999.0 -9999.0 -9999.0 -9999.0
-9999.0 -9999.0 -9999.0 -9999.0 -9999.0 -9999.0 -9999.0 -9999.0 -9999.0 -9999.0 -9999.0 0.132660 0.311427 0.479979 0.479972 0.296929 0.479980 0.470593 0.479725 0.479870 0.479961 0.479941 0.116965 0.256855 0.262182 0.251931 0.178583 0.201290 0.019849 0.018235 0.331270 0.242416 0.160788 0.096547 0.112285 0.145959 0.439471 0.161794 0.280022 0.012859 0.012671 0.016946 0.331984 0.018213 -9999.0 -9999.0 -9999.0 0.251112 0.311070 0.021107 0.450736 0.023439 0.022826 0.479372 0.479048 0.020677 -9999.0 -9999.0 -9999.0 -9999.0 -9999.0 -9999.0 -9999.0
-9999.0 -9999.0 -9999.0 -9999.0 -9999.0 -9999.0 -9999.0 -9999.0 -9999.0 -9999.0 -9999.0 0.203621 0.227823 0.457815 0.191350 0.168195 0.479987 0.476191 0.479952 0.479840 0.479959 0.479987 0.432693 0.422978 0.257268 0.020608 0.396568 0.272641 0.018221 0.367997 0.018196 0.333775 0.357245 0.098706 0.017382 0.473310 0.402640 0.188247 0.000000 0.079496 0.433087 0.436079 0.451413 0.166331 0.107199 -9999.0 0.018310 0.193151 0.422625 0.479941 0.479971 0.083579 0.479924 0.477653 0.479758 0.479186 -9999.0 -9999.0 -9999.0 -9999.0 -9999.0 -9999.0 -9999.0
-9999.0 -9999.0 -9999.0 -9999.0 -9999.0 -9999.0 -9999.0 -9999.0 -9999.0 -9999.0 -9999.0 -9999.0 0.238129 0.252839 0.479948 0.462613 0.448269 0.455894 0.479851 0.479845 0.479988 0.479986 0.479982 0.450562 0.324768 0.400328 0.479951 0.231959 0.244783 0.019482 0.222641 0.437502 0.128307 0.106229 0.200963 0.106431 0.312226 0.312692 0.000000 0.111551 0.454262 0.013969 0.459523 0.468185 0.020414 0.145859 0.020071 0.175600 0.433228 0.440359 0.439615 0.458381 0.479232 0.477813 0.245761 0.276990 0.409402 -9999.0 -9999.0 -9999.0 -9999.0 -9999.0 -9999.0
-9999.0 -9999.0 -9999.0 -9999.0 -9999.0 -9999.0 -9999.0 -9999.0 -9999.0 -9999.0 -9999.0 0.421747 0.212741 0.334137 0.479979 0.479980 0.467661 0.458013 0.479934 0.363163 0.450724 0.479968 0.479975 0.412610 0.435350 0.479976 0.308983 0.254885 0.291039 0.021461 0.427555 0.420722 0.479994 0.093437 0.187852 0.099680 0.205426 0.267250 0.479562 0.000000 0.454191 0.478349 0.476428 0.012667 0.479992 0.114815 0.349696 0.054273 0.065387 0.479993 0.022777 0.265704 0.209288 0.022200 0.018254 0.018600 0.025870 -9999.0 -9999.0 -9999.0 -9999.0 -9999.0 -9999.0
-9999.0 -9999.0 -9999.0 -9999.0 -9999.0 -9999.0 -9999.0 -9999.0 -9999.0 -9999.0 0.209866 0.479977 0.454578 0.284010 0.479946 0.479978 0.434483 0.475894 0.455145 0.455842 0.479884 0.479815 0.479988 0.479953 0.479983 0.438010 0.268847 0.022314 0.479991 0.479988 0.469412 0.290522 0.144886 0.207981 0.018234 0.018389 0.440199 0.479870 0.465483 0.477379 0.473131 0.132257 0.120703 0.474779 0.479990 0.021882 0.329060 0.432078 0.479982 0.479851 0.021321 0.018436 0.018274 0.018560 0.018547 0.479767 0.479725 -9999.0 -9999.0 -9999.0 -9999.0 -9999.0 -9999.0
-9999.0 -9999.0 -9999.0 -9999.0 -9999.0 -9999.0 -9999.0 -9999.0 -9999.0 0.242981 0.124164 0.332712 0.479971 0.446256 0.479924 0.370531 0.272889 0.479948 0.479957 0.173323 0.479826 0.479983 0.479982 0.479970 0.451845 0.246672 0.412874 0.479982 0.479987 0.479983 0.479988 0.254260 0.018205 0.018245 0.018236 0.018174 0.259493 0.274819 0.223632 0.302185 0.478087 0.275267 0.267149 0.472833 0.478962 0.479569 0.479982 0.399525 0.431749 0.479980 0.453092 0.025073 0.018398 0.018389 0.022324 0.340809 0.479758 0.153198 0.041246 -9999.0 -9999.0 -9999.0 -9999.0
-9999.0 -9999.0 -9999.0 -9999.0 -9999.0 -9999.0 -9999.0 -9999.0 -9999.0 0.118259 0.219124 0.147875 0.479873 0.479971 0.479956 0.456006 0.479392 0.479985 0.479677 0.476090 0.476059 0.000000 0.478734 0.479955 0.284509 0.445863 0.479988 0.479977 0.479977 0.455439 0.345743 0.298128 0.254922 0.109512 0.190354 0.019213 0.018531 0.017445 0.208374 0.261087 0.257109 0.222943 0.459191 0.479993 0.453053 0.468370 0.469511 0.479967 0.479982 0.479990 0.268898 0.421974 0.018455 0.221070 0.018657 0.274682 0.479920 0.479905 0.146373 -9999.0 -9999.0 -9999.0 -9999.0
-9999.0 -9999.0 -9999.0 -9999.0 -9999.0 -9999.0 -9999.0 -9999.0 -9999.0 -9999.0 0.134918 0.162635 0.439196 0.476015 0.479986 0.479931 0.479944 0.479935 0.000000 0.096091 0.458257 0.479991 0.479951 0.479984 0.442770 0.479979 0.479957 0.474619 0.441442 0.225110 0.240493 0.329583 0.221986 0.252738 0.186706 0.479994 0.461990 0.452762 0.020237 0.227479 0.222710 0.207872 0.298777 0.312429 0.261723 0.453832 0.479994 0.479959 0.466117 0.479985 0.464895 0.369212 0.026985 0.018549 0.229887 0.243946 0.414879 0.479958 0.479944 0.479789 -9999.0 -9999.0 -9999.0
-9999.0 -9999.0 -9999.0 -9999.0 -9999.0 -9999.0 -9999.0 -9999.0 -9999.0 -9999.0 0.139036 0.139532 0.120574 0.479952 0.479884 0.479976 0.446468 0.479948 0.000000 0.000000 0.355340 0.479973 0.479984 0.479988 0.479988 0.479451 0.465702 0.445266 0.299120 0.207639 0.232388 0.103514 0.021028 0.250359 0.246551 0.249135 0.440568 0.428610 0.394917 0.227129 0.113934 0.021599 0.276488 0.228219 0.229953 0.404829 0.294249 0.383093 0.472851 0.479863 0.479986 0.424473 0.479951 0.028083 0.020989 0.026701 0.249685 0.479938 0.479604 0.477692 -9999.0 -9999.0 -9999.0
-9999.0 -9999.0 -9999.0 -9999.0 -9999.0 -9999.0 -9999.0 -9999.0 0.470409 0.479972 0.180983 0.121228 0.272862 0.260696 0.479965 0.478809 0.479535 0.000000 0.000000 0.000000 0.000000 0.000000 0.338719 0.479979 0.479963 0.000000 0.479936 0.345065 0.290797 0.217423 0.018241 0.220842 0.209942 0.254766 0.111145 0.251154 0.261973 0.421922 0.282663 0.021373 0.018236 0.223721 0.023482 0.018354 0.042470 0.479955 0.269764 0.479953 0.479993 0.478608 0.479985 0.479984 0.479949 0.331976 0.044000 0.479926 0.155762 0.478423 0.479964 0.312806 -9999.0 -9999.0 -9999.0
-9999.0 -9999.0 -9999.0 -9999.0 -9999.0 -9999.0 -9999.0 -9999.0 0.022558 0.464619 0.430749 0.213019 0.132660 0.477243 0.479966 0.466183 0.479958 0.469169 0.000000 0.000000 0.000000 0.000000 0.000000 0.000000 0.197857 0.000000 0.479978 0.440154 0.024348 0.122498 0.118037 0.021957 0.115099 0.020793 0.274076 0.376563 0.426745 0.467650 0.448090 0.364091 0.238105 0.072122 0.018432 0.450760 0.457339 0.287752 0.022712 0.241034 0.263338 0.479989 0.479898 0.479981 0.479947 0.479525 0.479986 0.118494 0.479981 0.479973 0.465306 0.000000 0.000000 -9999.0 -9999.0
-9999.0 -9999.0 -9999.0 -9999.0 -9999.0 -9999.0 -9999.0 -9999.0 0.259268 0.325108 0.479923 0.414359 0.452115 0.023102 0.479912 0.479988 0.479936 0.479924 0.000000 0.000000 0.000000 0.000000 0.000000 0.000000 0.000000 0.479983 0.477224 0.422051 0.021456 0.224653 0.022309 0.426492 0.465634 0.454292 0.434695 0.479973 0.348247 0.479991 0.323666 0.391651 0.152751 0.024700 0.414119 0.292726 0.272649 0.250067 0.027628 0.479947 0.231689 0.479992 0.452165 0.479968 0.474788 0.469290 0.479973 0.479967 0.479374 0.465864 0.154728 0.000000 0.000000 -9999.0 -9999.0
-9999.0 -9999.0 -9999.0 -9999.0 -9999.0 -9999.0 -9999.0 -9999.0 0.018236 0.447804 0.478353 0.017829 0.479936 0.478751 0.479970 0.479929 0.000000 0.000000 0.464355 0.000000 0.000000 0.000000 0.000000 0.000000 0.462863 0.479963 0.479950 0.434955 0.479949 0.479984 0.395485 0.463985 0.479986 0.479983 0.379801 0.456937 0.461058 0.479952 0.313734 0.411277 0.392900 0.458850 0.479957 0.073164 0.479956 0.037747 0.479948 0.088736 0.479949 0.479990 0.479970 0.468097 0.479712 0.479942 0.479676 0.479400 0.470901 0.000000 0.000000 0.000000 0.295973 0.479327 -9999.0
-9999.0 -9999.0 -9999.0 -9999.0 -9999.0 -9999.0 -9999.0 -9999.0 0.219073 0.448750 0.479689 0.479715 0.479861 0.479944 0.479842 0.474440 0.479346 0.479992 0.479982 0.479988 0.000000 0.000000 0.000000 0.000000 0.479962 0.479967 0.449968 0.479956 0.479966 0.479977 0.477859 0.479948 0.479932 0.479963 0.470061 0.451113 0.479802 0.479905 0.470128 0.394393 0.473967 0.466996 0.479983 0.456329 0.467571 0.479967 0.462271 0.479977 0.479987 0.479960 0.479775 0.478334 0.476451 0.479337 0.479140 0.472814 0.395842 0.294831 0.357694 0.440564 0.479926 0.478410 -9999.0
-9999.0 -9999.0 0.324506 0.409584 0.404392 0.465488 0.457651 0.435835 0.432570 0.182669 0.284903 0.479593 0.479855 0.479718 0.479305 0.479150 0.479992 0.332173 0.203228 0.479957 0.479986 0.000000 0.000000 0.000000 0.000000 0.479685 0.479971 0.479969 0.476832 0.479962 0.479980 0.479948 0.479720 0.479973 0.479939 0.479963 0.479700 0.479832 0.479947 0.479983 0.479957 0.479943 0.479947 0.479967 0.479986 0.479984 0.479888 0.479788 0.471553 0.468740 0.469680 0.450337 0.340065 0.433323 0.469080 0.462693 0.477108 0.474072 0.479971 0.479984 0.477894 0.476862 -9999.0
-9999.0 0.479957 0.479959 0.463074 0.356729 0.479938 0.302095 0.348442 0.307210 0.142272 0.284502 0.479933 0.478411 0.477571 0.470671 0.479934 0.197013 0.314369 0.404943 0.479978 0.479943 0.000000 0.300298 0.000000 0.135866 0.133634 0.000000 0.000000 0.472389 0.472474 0.471178 0.479943 0.479920 0.207723 0.474967 0.246136 0.170361 0.000000 0.000000 0.252376 0.399459 0.473658 0.474839 0.479941 0.479822 0.474056 0.436788 0.000000 0.299828 0.000000 0.429371 0.440972 0.474987 0.477206 0.479124 0.479989 0.479906 0.479878 0.479796 0.479539 0.478936 0.476570 -9999.0
-9999.0 0.438213 0.479936 0.479897 0.479645 0.479918 0.465238 0.463479 0.425356 0.217414 0.450563 0.479485 0.479605 0.469080 0.479988 0.310338 0.358397 0.330346 0.479914 0.479969 0.479774 0.479762 0.000000 0.218366 0.000000 0.000000 0.000000 0.000000 0.000000 0.000000 0.000000 0.000000 0.461622 0.272302 0.000000 0.000000 0.000000 0.000000 0.000000 0.000000 0.000000 0.000000 0.088902 0.000000 0.000000 0.000000 0.000000 0.000000 0.260116 0.371742 0.473802 0.479992 0.479910 0.479987 0.479991 0.479869 0.479952 0.479828 0.479944 0.479256 0.478999 -9999.0 -9999.0
-9999.0 0.126760 0.307627 0.469975 0.479969 0.479529 0.479824 0.479891 0.419929 0.455040 0.479766 0.479894 0.479704 0.477005 0.479937 0.431352 0.390559 0.290755 0.271438 0.479985 0.479948 0.479983 0.479102 0.479053 0.396384 0.000000 0.000000 0.000000 0.000000 0.024393 0.023551 0.000000 0.000000 0.193553 0.000000 0.000000 0.000000 0.000000 0.000000 0.000000 0.000000 0.000000 0.000000 0.000000 0.000000 0.000000 0.056633 0.440727 0.460887 0.466067 0.479985 0.432506 0.479887 0.479870 0.479964 0.479824 0.479683 0.479521 0.479379 -9999.0 -9999.0 -9999.0 -9999.0
