user2019/resources/simulation/Vinschgau/output-maps/thetaliqL0004N1228.asc
ncols         63
nrows         48
xllcorner     598000.000000
yllcorner     5145000.000000
cellsize      1000.000000
NODATA_value  -9999.0
[rows 0 to 28 of 48, columns 0 to 62 of 63]
-9999.0 -9999.0 -9999.0 -9999.0 -9999.0 -9999.0 -9999.0 -9999.0 -9999.0 -9999.0 -9999.0 -9999.0 -9999.0 -9999.0 -9999.0 -9999.0 -9999.0 -9999.0 -9999.0 -9999.0 -9999.0 -9999.0 -9999.0 -9999.0 -9999.0 -9999.0 -9999.0 -9999.0 -9999.0 -9999.0 -9999.0 -9999.0 -9999.0 -9999.0 -9999.0 -9999.0 -9999.0 -9999.0 -9999.0 -9999.0 -9999.0 -9999.0 -9999.0 -9999.0 -9999.0 -9999.0 -9999.0 -9999.0 -9999.0 -9999.0 -9999.0 -9999.0 -9999.0 -9999.0 -9999.0 -9999.0 -9999.0 -9999.0 -9999.0 -9999.0 -9999.0 -9999.0 -9999.0
-9999.0 -9999.0 -9999.0 -9999.0 -9999.0 -9999.0 -9999.0 -9999.0 -9999.0 -9999.0 -9999.0 -9999.0 -9999.0 -9999.0 -9999.0 -9999.0 -9999.0 -9999.0 -9999.0 -9999.0 -9999.0 -9999.0 -9999.0 -9999.0 -9999.0 -9999.0 -9999.0 0.122944 0.409960 0.168345 0.497691 0.481863 0.263051 -9999.0 -9999.0 -9999.0 -9999.0 -9999.0 -9999.0 -9999.0 -9999.0 -9999.0 -9999.0 -9999.0 -9999.0 -9999.0 -9999.0 -9999.0 -9999.0 -9999.0 -9999.0 -9999.0 -9999.0 -9999.0 -9999.0 -9999.0 -9999.0 -9999.0 -9999.0 -9999.0 -9999.0 -9999.0 -9999.0
-9999.0 -9999.0 -9999.0 -9999.0 -9999.0 -9999.0 -9999.0 -9999.0 -9999.0 -9999.0 -9999.0 -9999.0 -9999.0 -9999.0 -9999.0 -9999.0 -9999.0 -9999.0 -9999.0 -9999.0 -9999.0 -9999.0 -9999.0 -9999.0 0.399722 0.390579 0.389288 0.392451 0.424135 0.447600 0.478677 -9999.0 -9999.0 -9999.0 -9999.0 -9999.0 -9999.0 -9999.0 -9999.0 -9999.0 -9999.0 -9999.0 -9999.0 -9999.0 -9999.0 -9999.0 -9999.0 -9999.0 -9999.0 -9999.0 -9999.0 -9999.0 -9999.0 -9999.0 -9999.0 -9999.0 -9999.0 -9999.0 -9999.0 -9999.0 -9999.0 -9999.0 -9999.0
-9999.0 -9999.0 -9999.0 -9999.0 -9999.0 -9999.0 -9999.0 -9999.0 -9999.0 -9999.0 -9999.0 -9999.0 -9999.0 -9999.0 -9999.0 -9999.0 -9999.0 -9999.0 -9999.0 -9999.0 -9999.0 -9999.0 -9999.0 0.377515 0.359737 0.076629 0.073398 0.069724 0.071230 0.360814 0.474491 0.519922 -9999.0 -9999.0 -9999.0 -9999.0 -9999.0 -9999.0 -9999.0 -9999.0 -9999.0 -9999.0 -9999.0 -9999.0 -9999.0 -9999.0 -9999.0 -9999.0 -9999.0 -9999.0 -9999.0 -9999.0 -9999.0 -9999.0 -9999.0 -9999.0 -9999.0 -9999.0 -9999.0 -9999.0 -9999.0 -9999.0 -9999.0
-9999.0 -9999.0 -9999.0 -9999.0 -9999.0 -9999.0 -9999.0 -9999.0 -9999.0 -9999.0 -9999.0 -9999.0 -9999.0 -9999.0 -9999.0 -9999.0 -9999.0 -9999.0 0.212451 0.330364 -9999.0 0.359115 0.343673 0.070640 0.077283 0.070701 0.234664 0.183007 0.256022 0.210294 0.400609 0.473597 0.153227 0.129005 -9999.0 -9999.0 -9999.0 -9999.0 -9999.0 -9999.0 -9999.0 -9999.0 -9999.0 -9999.0 -9999.0 -9999.0 -9999.0 -9999.0 -9999.0 -9999.0 -9999.0 -9999.0 -9999.0 -9999.0 -9999.0 -9999.0 -9999.0 -9999.0 -9999.0 -9999.0 -9999.0 -9999.0 -9999.0
-9999.0 -9999.0 -9999.0 -9999.0 -9999.0 -9999.0 -9999.0 -9999.0 -9999.0 -9999.0 -9999.0 -9999.0 -9999.0 -9999.0 -9999.0 -9999.0 -9999.0 0.076206 0.075713 0.021031 0.097249 0.283758 0.192187 0.077231 0.167289 0.313663 0.059078 0.303265 0.074315 0.286550 0.365338 0.389859 0.158881 0.126057 0.136382 0.135629 -9999.0 -9999.0 -9999.0 -9999.0 -9999.0 -9999.0 -9999.0 -9999.0 -9999.0 -9999.0 -9999.0 -9999.0 -9999.0 -9999.0 -9999.0 -9999.0 -9999.0 -9999.0 -9999.0 -9999.0 -9999.0 -9999.0 -9999.0 -9999.0 -9999.0 -9999.0 -9999.0
-9999.0 -9999.0 -9999.0 -9999.0 -9999.0 -9999.0 -9999.0 -9999.0 -9999.0 -9999.0 -9999.0 -9999.0 -9999.0 0.184381 0.102421 0.086572 0.075491 0.022135 0.077013 0.071207 0.076030 0.084069 0.071791 0.134355 0.270872 0.346249 0.102873 0.084139 0.087573 0.381093 0.043193 0.426853 0.446735 0.506251 0.176892 0.135561 -9999.0 -9999.0 -9999.0 -9999.0 -9999.0 -9999.0 -9999.0 -9999.0 -9999.0 -9999.0 -9999.0 -9999.0 -9999.0 -9999.0 -9999.0 -9999.0 -9999.0 -9999.0 -9999.0 -9999.0 -9999.0 -9999.0 -9999.0 -9999.0 -9999.0 -9999.0 -9999.0
-9999.0 -9999.0 -9999.0 -9999.0 -9999.0 -9999.0 -9999.0 -9999.0 -9999.0 -9999.0 -9999.0 -9999.0 -9999.0 0.224741 0.073639 0.078978 0.076888 0.140329 0.022131 0.072997 0.073573 0.068142 0.103752 0.176720 0.180389 0.260497 0.390587 0.154533 0.164853 0.065080 0.043823 0.471563 0.167393 0.130461 0.167191 -9999.0 -9999.0 -9999.0 -9999.0 -9999.0 -9999.0 -9999.0 -9999.0 -9999.0 -9999.0 -9999.0 -9999.0 -9999.0 -9999.0 -9999.0 -9999.0 -9999.0 -9999.0 -9999.0 -9999.0 -9999.0 -9999.0 -9999.0 -9999.0 -9999.0 -9999.0 -9999.0 -9999.0
-9999.0 -9999.0 -9999.0 -9999.0 -9999.0 -9999.0 -9999.0 -9999.0 -9999.0 -9999.0 -9999.0 -9999.0 -9999.0 0.072468 0.520000 0.072685 0.078629 0.077584 0.022107 0.076219 0.122793 0.021186 0.294694 0.096419 0.108735 0.176963 0.134071 0.155380 0.497337 0.144738 0.514614 0.084282 0.117305 0.020031 0.147341 -9999.0 -9999.0 -9999.0 -9999.0 -9999.0 -9999.0 -9999.0 -9999.0 -9999.0 -9999.0 -9999.0 -9999.0 -9999.0 -9999.0 -9999.0 -9999.0 -9999.0 -9999.0 -9999.0 -9999.0 -9999.0 -9999.0 -9999.0 -9999.0 -9999.0 -9999.0 -9999.0 -9999.0
-9999.0 -9999.0 -9999.0 -9999.0 -9999.0 -9999.0 -9999.0 -9999.0 -9999.0 -9999.0 -9999.0 -9999.0 0.071391 0.520000 0.072354 0.077832 0.113273 0.083189 0.105206 0.020928 0.077270 0.228767 0.307394 0.281841 0.042272 0.395142 0.040147 0.467462 0.506111 0.173690 0.516689 0.157677 0.519897 0.129259 -9999.0 -9999.0 -9999.0 -9999.0 -9999.0 -9999.0 -9999.0 -9999.0 -9999.0 -9999.0 -9999.0 -9999.0 -9999.0 -9999.0 -9999.0 -9999.0 -9999.0 -9999.0 -9999.0 -9999.0 -9999.0 -9999.0 -9999.0 -9999.0 -9999.0 -9999.0 -9999.0 -9999.0 -9999.0
-9999.0 -9999.0 -9999.0 -9999.0 -9999.0 -9999.0 -9999.0 -9999.0 -9999.0 -9999.0 -9999.0 0.268715 0.073561 0.520000 0.072030 0.180532 0.020839 0.080261 0.162257 0.020792 0.075134 0.146085 0.299870 0.368696 0.397039 0.425313 0.481264 0.454279 0.519762 0.157642 0.150758 0.453684 0.169375 0.133477 0.160455 0.163930 0.444961 0.290079 0.341123 -9999.0 -9999.0 -9999.0 0.124407 -9999.0 -9999.0 -9999.0 -9999.0 -9999.0 -9999.0 -9999.0 -9999.0 -9999.0 -9999.0 -9999.0 -9999.0 -9999.0 -9999.0 -9999.0 -9999.0 -9999.0 -9999.0 -9999.0 -9999.0
-9999.0 -9999.0 -9999.0 -9999.0 -9999.0 -9999.0 -9999.0 -9999.0 -9999.0 -9999.0 -9999.0 0.282754 0.073061 0.068377 0.070535 0.136742 0.068361 0.073899 0.142816 0.092894 0.145890 0.199218 0.407660 0.041055 0.041926 0.424390 0.439578 0.435761 0.172202 0.142506 0.455711 0.479002 0.508655 0.519637 0.487984 0.456319 0.395544 0.207358 0.214678 0.128344 0.137770 0.129879 0.481030 0.153503 -9999.0 -9999.0 -9999.0 0.396624 0.517635 0.161897 0.517999 0.074346 0.080107 0.196939 0.112176 0.103621 -9999.0 -9999.0 -9999.0 -9999.0 -9999.0 -9999.0 -9999.0
-9999.0 -9999.0 -9999.0 -9999.0 -9999.0 -9999.0 -9999.0 -9999.0 -9999.0 -9999.0 -9999.0 0.298526 0.259163 0.333707 0.211189 0.122845 0.109408 0.078992 0.068529 0.088429 0.152052 0.387211 0.044776 0.428779 0.415284 0.120054 0.041914 0.040086 0.160606 0.488343 0.159765 0.041680 0.458473 0.519755 0.168194 0.430905 0.040461 0.041883 0.148967 0.120335 0.341247 0.400328 0.456478 0.469074 0.518956 -9999.0 0.134698 0.518741 0.508345 0.463866 0.418536 0.165979 0.402618 0.489215 0.520000 0.519429 -9999.0 -9999.0 -9999.0 -9999.0 -9999.0 -9999.0 -9999.0
-9999.0 -9999.0 -9999.0 -9999.0 -9999.0 -9999.0 -9999.0 -9999.0 -9999.0 -9999.0 -9999.0 -9999.0 0.300039 0.520000 0.214389 0.209059 0.144226 0.082206 0.148398 0.093559 0.104891 0.266444 0.059333 0.043250 0.040583 0.042308 0.520000 0.350167 0.479898 0.160769 0.444665 0.041845 0.371849 0.520000 0.519904 0.462214 0.042980 0.041066 0.271859 0.127733 0.160777 0.132306 0.043892 0.411341 0.160423 0.518721 0.151376 0.519300 0.040603 0.043216 0.072276 0.040146 0.040071 0.040138 0.040584 0.520000 0.519821 -9999.0 -9999.0 -9999.0 -9999.0 -9999.0 -9999.0
-9999.0 -9999.0 -9999.0 -9999.0 -9999.0 -9999.0 -9999.0 -9999.0 -9999.0 -9999.0 -9999.0 0.044947 0.337098 0.111554 0.520000 0.292619 0.167598 0.102246 0.113299 0.107115 0.091793 0.217720 0.518811 0.043211 0.042943 0.040589 0.040350 0.466475 0.473219 0.151610 0.042536 0.040475 0.411761 0.503519 0.504156 0.488405 0.385349 0.057392 0.259026 0.133536 0.053281 0.244555 0.068274 0.123933 0.346225 0.474555 0.481104 0.157447 0.154439 0.105446 0.020231 0.461338 0.040148 0.020039 0.020034 0.020065 0.170838 -9999.0 -9999.0 -9999.0 -9999.0 -9999.0 -9999.0
-9999.0 -9999.0 -9999.0 -9999.0 -9999.0 -9999.0 -9999.0 -9999.0 -9999.0 -9999.0 0.520000 0.057165 0.341475 0.323370 0.273658 0.520000 0.520000 0.220914 0.089324 0.111998 0.137715 0.273184 0.042658 0.344332 0.097753 0.040929 0.041485 0.020105 0.315483 0.342118 0.041510 0.040554 0.396831 0.501970 0.134112 0.149673 0.374600 0.043578 0.040720 0.441663 0.390254 0.115680 0.186741 0.301304 0.093553 0.149701 0.407100 0.040704 0.040938 0.156349 0.020085 0.154392 0.020031 0.020040 0.039846 0.497292 0.505523 -9999.0 -9999.0 -9999.0 -9999.0 -9999.0 -9999.0
-9999.0 -9999.0 -9999.0 -9999.0 -9999.0 -9999.0 -9999.0 -9999.0 -9999.0 0.414509 0.382591 0.079271 0.112619 0.050405 0.050141 0.063903 0.084087 0.239779 0.079819 0.099988 0.122594 0.112325 0.160807 0.197365 0.416046 0.040229 0.040535 0.393623 0.072456 0.168090 0.505517 0.040154 0.154998 0.153007 0.131023 0.152580 0.399369 0.041949 0.042615 0.051208 0.040220 0.042775 0.043488 0.182566 0.220167 0.090473 0.303395 0.047093 0.047690 0.484092 0.041099 0.169612 0.020043 0.088688 0.052264 0.040021 0.040032 0.173154 0.087350 -9999.0 -9999.0 -9999.0 -9999.0
-9999.0 -9999.0 -9999.0 -9999.0 -9999.0 -9999.0 -9999.0 -9999.0 -9999.0 0.374908 0.410612 0.323348 0.520000 0.478108 0.077116 0.049614 0.336469 0.245450 0.076924 0.087740 0.098506 0.070216 0.217020 0.365046 0.040701 0.042267 0.050055 0.150963 0.451805 0.353574 0.362085 0.040090 0.466793 0.516149 0.505755 0.137441 0.125400 0.138405 0.408622 0.383955 0.042186 0.041722 0.060618 0.372567 0.164464 0.222380 0.216162 0.284988 0.396896 0.343466 0.040039 0.040028 0.022731 0.042246 0.193341 0.040015 0.040038 0.041041 0.158326 -9999.0 -9999.0 -9999.0 -9999.0
-9999.0 -9999.0 -9999.0 -9999.0 -9999.0 -9999.0 -9999.0 -9999.0 -9999.0 -9999.0 0.448479 0.383711 0.102711 0.041146 0.390254 0.084847 0.336232 0.167768 0.074933 0.089182 0.108268 0.076259 0.101971 0.040763 0.043595 0.095742 0.498666 0.366112 0.350419 0.040172 0.040105 0.040105 0.040129 0.508106 0.491606 0.418217 0.360119 0.382772 0.130822 0.461781 0.455121 0.406841 0.520000 0.095434 0.159627 0.237914 0.107062 0.212746 0.079911 0.291941 0.040109 0.040384 0.030203 0.022225 0.041912 0.518447 0.520000 0.041045 0.043216 0.117927 -9999.0 -9999.0 -9999.0
-9999.0 -9999.0 -9999.0 -9999.0 -9999.0 -9999.0 -9999.0 -9999.0 -9999.0 -9999.0 0.501275 0.424504 0.378827 0.305622 0.373923 0.237284 0.224919 0.108881 0.080696 0.074345 0.080417 0.091703 0.081593 0.076929 0.100369 0.459827 0.314772 0.190083 0.040343 0.040192 0.446987 0.486596 0.020174 0.494983 0.441902 0.415576 0.041200 0.045307 0.040484 0.472844 0.460548 0.180283 0.044775 0.342439 0.349976 0.044011 0.181027 0.170074 0.092907 0.184599 0.520000 0.040975 0.040071 0.069987 0.020886 0.022241 0.517906 0.046807 0.520000 0.476967 -9999.0 -9999.0 -9999.0
-9999.0 -9999.0 -9999.0 -9999.0 -9999.0 -9999.0 -9999.0 -9999.0 0.447915 0.458054 0.449800 0.462833 0.040129 0.058284 0.057269 0.239151 0.074726 0.069947 0.072782 0.072756 0.074864 0.073984 0.075425 0.085602 0.269830 0.297139 0.325699 0.041344 0.040094 0.040233 0.153374 0.458210 0.454255 0.485589 0.481512 0.405333 0.257364 0.053684 0.040055 0.133771 0.146887 0.414750 0.020263 0.135631 0.116224 0.520000 0.040064 0.056661 0.214662 0.300844 0.409270 0.040051 0.040182 0.040022 0.025369 0.519873 0.173478 0.378004 0.318880 0.133417 -9999.0 -9999.0 -9999.0
-9999.0 -9999.0 -9999.0 -9999.0 -9999.0 -9999.0 -9999.0 -9999.0 0.020108 0.040247 0.040284 0.478661 0.416905 0.040390 0.041190 0.241833 0.099498 0.087779 0.072221 0.072292 0.136262 0.073037 0.068603 0.066187 0.076866 0.133215 0.334996 0.045657 0.020161 0.481783 0.519783 0.145779 0.442046 0.144129 0.441405 0.392418 0.260510 0.520000 0.064786 0.381764 0.449209 0.198957 0.136412 0.359943 0.520000 0.043537 0.020156 0.395151 0.074635 0.360857 0.403564 0.077840 0.040015 0.518398 0.423850 0.020152 0.045326 0.291925 0.255876 0.134344 0.077396 -9999.0 -9999.0
-9999.0 -9999.0 -9999.0 -9999.0 -9999.0 -9999.0 -9999.0 -9999.0 0.439408 0.520000 0.520000 0.040148 0.516848 0.020358 0.047128 0.041500 0.195938 0.078571 0.073700 0.134750 0.071846 0.071887 0.068935 0.072780 0.081731 0.089542 0.326078 0.040393 0.020118 0.453262 0.144049 0.443614 0.041180 0.042150 0.409150 0.299688 0.399096 0.398500 0.066228 0.047047 0.399253 0.121784 0.404586 0.520000 0.042092 0.414917 0.128234 0.444532 0.040905 0.130872 0.266603 0.461925 0.040024 0.040016 0.067314 0.244468 0.520000 0.313407 0.086064 0.144935 0.112680 -9999.0 -9999.0
-9999.0 -9999.0 -9999.0 -9999.0 -9999.0 -9999.0 -9999.0 -9999.0 0.161428 0.403000 0.052407 0.020113 0.439707 0.042279 0.040679 0.351471 0.075765 0.074791 0.107286 0.075838 0.073254 0.073486 0.074822 0.073919 0.092021 0.189631 0.059979 0.040099 0.369259 0.042013 0.047633 0.047321 0.520000 0.106139 0.084891 0.230570 0.150630 0.085339 0.300276 0.123773 0.326553 0.323333 0.340419 0.122136 0.416469 0.129121 0.286723 0.146837 0.414137 0.044906 0.183555 0.216942 0.410676 0.073293 0.520000 0.479918 0.227920 0.148845 0.116323 0.117757 0.125526 0.150499 -9999.0
-9999.0 -9999.0 -9999.0 -9999.0 -9999.0 -9999.0 -9999.0 -9999.0 0.225725 0.486272 0.040237 0.040179 0.042464 0.046511 0.428924 0.231568 0.241150 0.102008 0.151929 0.086441 0.079758 0.077354 0.075045 0.075640 0.073341 0.200225 0.040639 0.097991 0.358584 0.520000 0.044915 0.445181 0.328795 0.407701 0.332679 0.146232 0.076281 0.076643 0.076496 0.286295 0.280110 0.276906 0.359323 0.447947 0.046074 0.322855 0.071929 0.051169 0.067285 0.482968 0.249359 0.134991 0.194658 0.278167 0.400908 0.353855 0.243110 0.167340 0.142170 0.082862 0.091841 0.158660 -9999.0
-9999.0 -9999.0 0.321938 0.414886 0.040052 0.041762 0.040099 0.040313 0.517410 0.499590 0.042177 0.040243 0.046871 0.520000 0.321442 0.520000 0.116039 0.040393 0.054410 0.292454 0.086979 0.083027 0.108505 0.076029 0.079767 0.095741 0.212895 0.252757 0.132343 0.316036 0.113361 0.166673 0.178501 0.094092 0.081772 0.080574 0.074881 0.074225 0.074474 0.078155 0.073779 0.074063 0.080142 0.199885 0.253864 0.280280 0.339074 0.264967 0.136706 0.122905 0.080156 0.127085 0.218005 0.266157 0.305610 0.256562 0.244978 0.185312 0.151780 0.108684 0.179366 0.172490 -9999.0
-9999.0 0.048182 0.041571 0.042881 0.042128 0.040547 0.040157 0.040249 0.040086 0.506781 0.040466 0.041142 0.518517 0.408537 0.505428 0.043585 0.042141 0.041026 0.042652 0.151400 0.090540 0.081294 0.158416 0.116929 0.072370 0.077696 0.081001 0.088223 0.075948 0.141397 0.078393 0.078140 0.076402 0.087526 0.073081 0.074053 0.072049 0.072018 0.073400 0.074735 0.073337 0.072965 0.072040 0.077064 0.081084 0.078938 0.120032 0.074892 0.074229 0.103387 0.130725 0.184388 0.244686 0.305205 0.309258 0.445902 0.366467 0.338156 0.425764 0.334491 0.287295 0.176259 -9999.0
-9999.0 0.384487 0.128359 0.071387 0.384510 0.054641 0.040055 0.040157 0.496160 0.489460 0.040367 0.040390 0.347951 0.421008 0.047422 0.040023 0.040267 0.040623 0.040604 0.142686 0.370993 0.196496 0.143427 0.203725 0.182109 0.143057 0.075319 0.074582 0.086250 0.073148 0.072650 0.073041 0.077033 0.077907 0.076180 0.073976 0.119260 0.113663 0.070901 0.071255 0.071222 0.073454 0.070914 0.073566 0.072546 0.071441 0.077117 0.082067 0.087967 0.104096 0.144671 0.180053 0.302746 0.469797 0.520000 0.070583 0.040601 0.053488 0.061233 0.047532 0.079422 -9999.0 -9999.0
-9999.0 0.206086 0.043190 0.040426 0.389902 0.374351 0.389453 0.040151 0.040747 0.040432 0.042364 0.089947 0.371731 0.506485 0.040186 0.040017 0.040214 0.040059 0.040168 0.040178 0.047975 0.073721 0.160846 0.210626 0.196979 0.126309 0.110504 0.101380 0.074232 0.082477 0.072286 0.071798 0.079496 0.077335 0.074578 0.072546 0.072081 0.111058 0.071709 0.071347 0.071293 0.117659 0.072168 0.070223 0.070564 0.076503 0.079229 0.089867 0.118042 0.112145 0.209845 0.320281 0.086931 0.520000 0.045710 0.040326 0.040297 0.040147 0.040191 -9999.0 -9999.0 -9999.0 -9999.0
