user2019/resources/simulation/Vinschgau/output-maps/thetaliqL0006N0548.asc
ncols         63
nrows         48
xllcorner     598000.000000
yllcorner     5145000.000000
cellsize      1000.000000
NODATA_value  -9999.0
[rows 0 to 28 of 48, columns 0 to 62 of 63]
-9999.0 -9999.0 -9999.0 -9999.0 -9999.0 -9999.0 -9999.0 -9999.0 -9999.0 -9999.0 -9999.0 -9999.0 -9999.0 -9999.0 -9999.0 -9999.0 -9999.0 -9999.0 -9999.0 -9999.0 -9999.0 -9999.0 -9999.0 -9999.0 -9999.0 -9999.0 -9999.0 -9999.0 -9999.0 -9999.0 -9999.0 -9999.0 -9999.0 -9999.0 -9999.0 -9999.0 -9999.0 -9999.0 -9999.0 -9999.0 -9999.0 -9999.0 -9999.0 -9999.0 -9999.0 -9999.0 -9999.0 -9999.0 -9999.0 -9999.0 -9999.0 -9999.0 -9999.0 -9999.0 -9999.0 -9999.0 -9999.0 -9999.0 -9999.0 -9999.0 -9999.0 -9999.0 -9999.0
-9999.0 -9999.0 -9999.0 -9999.0 -9999.0 -9999.0 -9999.0 -9999.0 -9999.0 -9999.0 -9999.0 -9999.0 -9999.0 -9999.0 -9999.0 -9999.0 -9999.0 -9999.0 -9999.0 -9999.0 -9999.0 -9999.0 -9999.0 -9999.0 -9999.0 -9999.0 -9999.0 0.042367 0.187451 0.042325 0.194841 0.098158 0.200000 -9999.0 -9999.0 -9999.0 -9999.0 -9999.0 -9999.0 -9999.0 -9999.0 -9999.0 -9999.0 -9999.0 -9999.0 -9999.0 -9999.0 -9999.0 -9999.0 -9999.0 -9999.0 -9999.0 -9999.0 -9999.0 -9999.0 -9999.0 -9999.0 -9999.0 -9999.0 -9999.0 -9999.0 -9999.0 -9999.0
-9999.0 -9999.0 -9999.0 -9999.0 -9999.0 -9999.0 -9999.0 -9999.0 -9999.0 -9999.0 -9999.0 -9999.0 -9999.0 -9999.0 -9999.0 -9999.0 -9999.0 -9999.0 -9999.0 -9999.0 -9999.0 -9999.0 -9999.0 -9999.0 0.430000 0.430000 0.430000 0.430000 0.430000 0.199969 0.178493 -9999.0 -9999.0 -9999.0 -9999.0 -9999.0 -9999.0 -9999.0 -9999.0 -9999.0 -9999.0 -9999.0 -9999.0 -9999.0 -9999.0 -9999.0 -9999.0 -9999.0 -9999.0 -9999.0 -9999.0 -9999.0 -9999.0 -9999.0 -9999.0 -9999.0 -9999.0 -9999.0 -9999.0 -9999.0 -9999.0 -9999.0 -9999.0
-9999.0 -9999.0 -9999.0 -9999.0 -9999.0 -9999.0 -9999.0 -9999.0 -9999.0 -9999.0 -9999.0 -9999.0 -9999.0 -9999.0 -9999.0 -9999.0 -9999.0 -9999.0 -9999.0 -9999.0 -9999.0 -9999.0 -9999.0 0.430000 0.430000 0.166648 0.147115 0.021335 0.041419 0.174495 0.186593 0.178157 -9999.0 -9999.0 -9999.0 -9999.0 -9999.0 -9999.0 -9999.0 -9999.0 -9999.0 -9999.0 -9999.0 -9999.0 -9999.0 -9999.0 -9999.0 -9999.0 -9999.0 -9999.0 -9999.0 -9999.0 -9999.0 -9999.0 -9999.0 -9999.0 -9999.0 -9999.0 -9999.0 -9999.0 -9999.0 -9999.0 -9999.0
-9999.0 -9999.0 -9999.0 -9999.0 -9999.0 -9999.0 -9999.0 -9999.0 -9999.0 -9999.0 -9999.0 -9999.0 -9999.0 -9999.0 -9999.0 -9999.0 -9999.0 -9999.0 0.430000 0.430000 -9999.0 0.430000 0.430000 0.032228 0.155172 0.020603 0.318344 0.366671 0.342425 0.232173 0.189050 0.193038 0.042331 0.042354 -9999.0 -9999.0 -9999.0 -9999.0 -9999.0 -9999.0 -9999.0 -9999.0 -9999.0 -9999.0 -9999.0 -9999.0 -9999.0 -9999.0 -9999.0 -9999.0 -9999.0 -9999.0 -9999.0 -9999.0 -9999.0 -9999.0 -9999.0 -9999.0 -9999.0 -9999.0 -9999.0 -9999.0 -9999.0
-9999.0 -9999.0 -9999.0 -9999.0 -9999.0 -9999.0 -9999.0 -9999.0 -9999.0 -9999.0 -9999.0 -9999.0 -9999.0 -9999.0 -9999.0 -9999.0 -9999.0 0.153322 0.281232 0.020028 0.042312 0.311404 0.242542 0.021367 0.296260 0.199349 0.317018 0.367257 0.309227 0.348746 0.430000 0.199485 0.042301 0.042307 0.042350 0.042376 -9999.0 -9999.0 -9999.0 -9999.0 -9999.0 -9999.0 -9999.0 -9999.0 -9999.0 -9999.0 -9999.0 -9999.0 -9999.0 -9999.0 -9999.0 -9999.0 -9999.0 -9999.0 -9999.0 -9999.0 -9999.0 -9999.0 -9999.0 -9999.0 -9999.0 -9999.0 -9999.0
-9999.0 -9999.0 -9999.0 -9999.0 -9999.0 -9999.0 -9999.0 -9999.0 -9999.0 -9999.0 -9999.0 -9999.0 -9999.0 0.188529 0.359135 0.221443 0.160243 0.042367 0.155657 0.026079 0.179453 0.137936 0.021015 0.298431 0.248500 0.430000 0.020112 0.040705 0.033629 0.321144 0.430000 0.430000 0.198535 0.192350 0.042363 0.042377 -9999.0 -9999.0 -9999.0 -9999.0 -9999.0 -9999.0 -9999.0 -9999.0 -9999.0 -9999.0 -9999.0 -9999.0 -9999.0 -9999.0 -9999.0 -9999.0 -9999.0 -9999.0 -9999.0 -9999.0 -9999.0 -9999.0 -9999.0 -9999.0 -9999.0 -9999.0 -9999.0
-9999.0 -9999.0 -9999.0 -9999.0 -9999.0 -9999.0 -9999.0 -9999.0 -9999.0 -9999.0 -9999.0 -9999.0 -9999.0 0.430000 0.339818 0.173094 0.167319 0.422466 0.042353 0.127251 0.025849 0.048152 0.242130 0.218103 0.361966 0.034910 0.167804 0.042358 0.042358 0.036093 0.430000 0.182037 0.042358 0.042361 0.042362 -9999.0 -9999.0 -9999.0 -9999.0 -9999.0 -9999.0 -9999.0 -9999.0 -9999.0 -9999.0 -9999.0 -9999.0 -9999.0 -9999.0 -9999.0 -9999.0 -9999.0 -9999.0 -9999.0 -9999.0 -9999.0 -9999.0 -9999.0 -9999.0 -9999.0 -9999.0 -9999.0 -9999.0
-9999.0 -9999.0 -9999.0 -9999.0 -9999.0 -9999.0 -9999.0 -9999.0 -9999.0 -9999.0 -9999.0 -9999.0 -9999.0 0.293086 0.430000 0.200856 0.190569 0.167479 0.042351 0.173408 0.430000 0.020098 0.364828 0.266299 0.349413 0.404071 0.042330 0.042361 0.191621 0.042360 0.185232 0.042361 0.042363 0.042361 0.042363 -9999.0 -9999.0 -9999.0 -9999.0 -9999.0 -9999.0 -9999.0 -9999.0 -9999.0 -9999.0 -9999.0 -9999.0 -9999.0 -9999.0 -9999.0 -9999.0 -9999.0 -9999.0 -9999.0 -9999.0 -9999.0 -9999.0 -9999.0 -9999.0 -9999.0 -9999.0 -9999.0 -9999.0
-9999.0 -9999.0 -9999.0 -9999.0 -9999.0 -9999.0 -9999.0 -9999.0 -9999.0 -9999.0 -9999.0 -9999.0 0.033661 0.430000 0.356078 0.381975 0.376712 0.246378 0.387905 0.020071 0.170331 0.305380 0.020411 0.363671 0.430000 0.178704 0.430000 0.186394 0.199828 0.042359 0.128298 0.042350 0.198232 0.042355 -9999.0 -9999.0 -9999.0 -9999.0 -9999.0 -9999.0 -9999.0 -9999.0 -9999.0 -9999.0 -9999.0 -9999.0 -9999.0 -9999.0 -9999.0 -9999.0 -9999.0 -9999.0 -9999.0 -9999.0 -9999.0 -9999.0 -9999.0 -9999.0 -9999.0 -9999.0 -9999.0 -9999.0 -9999.0
-9999.0 -9999.0 -9999.0 -9999.0 -9999.0 -9999.0 -9999.0 -9999.0 -9999.0 -9999.0 -9999.0 0.430000 0.430000 0.430000 0.386013 0.430000 0.020118 0.337461 0.430000 0.020074 0.045383 0.387733 0.197039 0.186562 0.045928 0.197039 0.168801 0.196440 0.430000 0.042362 0.042350 0.199533 0.042364 0.042347 0.042353 0.042303 0.084729 0.077695 0.045534 -9999.0 -9999.0 -9999.0 0.042327 -9999.0 -9999.0 -9999.0 -9999.0 -9999.0 -9999.0 -9999.0 -9999.0 -9999.0 -9999.0 -9999.0 -9999.0 -9999.0 -9999.0 -9999.0 -9999.0 -9999.0 -9999.0 -9999.0 -9999.0
-9999.0 -9999.0 -9999.0 -9999.0 -9999.0 -9999.0 -9999.0 -9999.0 -9999.0 -9999.0 -9999.0 0.430000 0.413356 0.044146 0.393544 0.174576 0.355551 0.160530 0.430000 0.430000 0.430000 0.195706 0.430000 0.430000 0.430000 0.190844 0.193057 0.199481 0.042363 0.042356 0.198636 0.200000 0.179629 0.189468 0.125472 0.161767 0.119613 0.089515 0.088130 0.042273 0.042290 0.042367 0.177787 0.042357 -9999.0 -9999.0 -9999.0 0.430000 0.183694 0.042370 0.193706 0.042373 0.042375 0.430000 0.430000 0.042360 -9999.0 -9999.0 -9999.0 -9999.0 -9999.0 -9999.0 -9999.0
-9999.0 -9999.0 -9999.0 -9999.0 -9999.0 -9999.0 -9999.0 -9999.0 -9999.0 -9999.0 -9999.0 0.430000 0.430000 0.059817 0.430000 0.195104 0.430000 0.430000 0.430000 0.404975 0.406522 0.053086 0.430000 0.430000 0.188824 0.042320 0.430000 0.200000 0.042353 0.185191 0.042364 0.056182 0.188859 0.172401 0.042349 0.133377 0.093323 0.020156 0.081764 0.042249 0.080262 0.059402 0.173090 0.172321 0.166025 -9999.0 0.042356 0.194267 0.198084 0.199567 0.162236 0.042346 0.167079 0.199911 0.177696 0.197410 -9999.0 -9999.0 -9999.0 -9999.0 -9999.0 -9999.0 -9999.0
-9999.0 -9999.0 -9999.0 -9999.0 -9999.0 -9999.0 -9999.0 -9999.0 -9999.0 -9999.0 -9999.0 -9999.0 0.430000 0.430000 0.430000 0.430000 0.430000 0.430000 0.430000 0.428771 0.421214 0.054217 0.057303 0.430000 0.430000 0.430000 0.430000 0.121688 0.193429 0.042360 0.195208 0.430000 0.109578 0.178707 0.163318 0.134289 0.087930 0.072259 0.090012 0.049335 0.130092 0.042310 0.037412 0.425204 0.042322 0.190880 0.042359 0.191191 0.054775 0.430000 0.430000 0.430000 0.430000 0.430000 0.430000 0.430000 0.430000 -9999.0 -9999.0 -9999.0 -9999.0 -9999.0 -9999.0
-9999.0 -9999.0 -9999.0 -9999.0 -9999.0 -9999.0 -9999.0 -9999.0 -9999.0 -9999.0 -9999.0 0.430000 0.430000 0.121544 0.430000 0.430000 0.430000 0.430000 0.430000 0.352482 0.425007 0.430000 0.430000 0.054501 0.430000 0.430000 0.430000 0.184059 0.176792 0.042315 0.430000 0.430000 0.197508 0.186717 0.162737 0.171327 0.071807 0.020198 0.127816 0.084712 0.020386 0.081727 0.362321 0.020090 0.186157 0.181942 0.199463 0.042317 0.042316 0.020748 0.020113 0.184582 0.430000 0.020118 0.020118 0.042359 0.042370 -9999.0 -9999.0 -9999.0 -9999.0 -9999.0 -9999.0
-9999.0 -9999.0 -9999.0 -9999.0 -9999.0 -9999.0 -9999.0 -9999.0 -9999.0 -9999.0 0.430000 0.430000 0.430000 0.430000 0.430000 0.430000 0.430000 0.430000 0.263228 0.297613 0.430000 0.430000 0.082522 0.430000 0.430000 0.430000 0.064145 0.020118 0.136004 0.194261 0.430000 0.430000 0.195911 0.191406 0.042362 0.042326 0.128979 0.100923 0.102033 0.111086 0.020498 0.020119 0.042407 0.300326 0.407330 0.042313 0.197295 0.052122 0.430000 0.430000 0.020118 0.042354 0.020118 0.042357 0.042350 0.199173 0.199085 -9999.0 -9999.0 -9999.0 -9999.0 -9999.0 -9999.0
-9999.0 -9999.0 -9999.0 -9999.0 -9999.0 -9999.0 -9999.0 -9999.0 -9999.0 0.191835 0.430000 0.430000 0.430000 0.430000 0.430000 0.430000 0.430000 0.430000 0.362494 0.220686 0.429965 0.273398 0.065534 0.338185 0.411146 0.100268 0.430000 0.195869 0.052824 0.426698 0.430000 0.024104 0.042365 0.042363 0.042362 0.042351 0.192861 0.256354 0.121594 0.357219 0.311994 0.316440 0.048087 0.125294 0.049838 0.041047 0.192110 0.040981 0.043634 0.430000 0.021451 0.042367 0.042356 0.042351 0.042362 0.074456 0.430000 0.042575 0.042333 -9999.0 -9999.0 -9999.0 -9999.0
-9999.0 -9999.0 -9999.0 -9999.0 -9999.0 -9999.0 -9999.0 -9999.0 -9999.0 0.154161 0.193299 0.194924 0.430000 0.430000 0.430000 0.430000 0.430000 0.430000 0.355858 0.233621 0.277682 0.246720 0.378152 0.430000 0.099189 0.430000 0.430000 0.428906 0.382418 0.429538 0.131553 0.099540 0.197071 0.188107 0.198331 0.042300 0.042317 0.042307 0.136657 0.192001 0.410161 0.045569 0.176932 0.361324 0.282356 0.264290 0.302008 0.032822 0.038322 0.430000 0.024746 0.071184 0.042354 0.186091 0.042566 0.430000 0.078777 0.430000 0.042420 -9999.0 -9999.0 -9999.0 -9999.0
-9999.0 -9999.0 -9999.0 -9999.0 -9999.0 -9999.0 -9999.0 -9999.0 -9999.0 -9999.0 0.191061 0.198249 0.430000 0.430000 0.045066 0.430000 0.430000 0.418007 0.329058 0.194594 0.338483 0.055495 0.428092 0.096222 0.428366 0.423875 0.412454 0.404491 0.137813 0.430000 0.107415 0.430000 0.067939 0.189478 0.199416 0.199935 0.425669 0.430000 0.042356 0.190191 0.165541 0.430000 0.430000 0.048783 0.086903 0.415484 0.066790 0.387423 0.037114 0.052792 0.024121 0.021785 0.042365 0.042355 0.430000 0.192196 0.430000 0.200000 0.067075 0.430000 -9999.0 -9999.0 -9999.0
-9999.0 -9999.0 -9999.0 -9999.0 -9999.0 -9999.0 -9999.0 -9999.0 -9999.0 -9999.0 0.195589 0.196207 0.430000 0.430000 0.430000 0.397501 0.414139 0.296511 0.165110 0.179460 0.171317 0.253277 0.378987 0.380283 0.408176 0.391461 0.391750 0.430000 0.430000 0.079068 0.189737 0.430000 0.020118 0.181886 0.187881 0.430000 0.430000 0.430000 0.056520 0.184157 0.197349 0.042439 0.430000 0.187985 0.430000 0.023780 0.430000 0.089432 0.083638 0.053143 0.080230 0.065098 0.430000 0.042372 0.042358 0.042352 0.183999 0.070595 0.430000 0.430000 -9999.0 -9999.0 -9999.0
-9999.0 -9999.0 -9999.0 -9999.0 -9999.0 -9999.0 -9999.0 -9999.0 0.430000 0.196708 0.116095 0.430000 0.430000 0.430000 0.430000 0.365874 0.227440 0.234375 0.158124 0.170644 0.153698 0.123375 0.158851 0.170930 0.224313 0.378814 0.430000 0.430000 0.430000 0.072343 0.042360 0.195170 0.194942 0.188071 0.198103 0.168669 0.193357 0.430000 0.097655 0.042367 0.042358 0.430000 0.020118 0.042361 0.042313 0.430000 0.100476 0.430000 0.091669 0.430000 0.430000 0.024816 0.430000 0.077017 0.042330 0.178275 0.042607 0.430000 0.059232 0.430000 -9999.0 -9999.0 -9999.0
-9999.0 -9999.0 -9999.0 -9999.0 -9999.0 -9999.0 -9999.0 -9999.0 0.075953 0.430000 0.064771 0.186878 0.191199 0.430000 0.430000 0.428486 0.396267 0.277655 0.026121 0.160907 0.274475 0.192711 0.273271 0.225055 0.114073 0.346512 0.430000 0.430000 0.020118 0.194657 0.193339 0.042318 0.199427 0.042375 0.430000 0.430000 0.199981 0.430000 0.060789 0.198019 0.189834 0.048649 0.042360 0.198321 0.430000 0.430000 0.020118 0.195137 0.063314 0.430000 0.430000 0.430000 0.430000 0.198885 0.162307 0.020118 0.062805 0.062501 0.057587 0.430000 0.233867 -9999.0 -9999.0
-9999.0 -9999.0 -9999.0 -9999.0 -9999.0 -9999.0 -9999.0 -9999.0 0.192000 0.200000 0.143188 0.068943 0.430000 0.020118 0.430000 0.089365 0.353193 0.159192 0.104686 0.288364 0.158115 0.184424 0.186596 0.149506 0.277921 0.369061 0.430000 0.430000 0.020118 0.196838 0.042321 0.430000 0.430000 0.021109 0.430000 0.200000 0.061686 0.090409 0.105045 0.065065 0.196836 0.042369 0.430000 0.430000 0.430000 0.430000 0.042319 0.430000 0.430000 0.093834 0.430000 0.430000 0.100424 0.108286 0.066114 0.430000 0.430000 0.430000 0.430000 0.430000 0.370520 -9999.0 -9999.0
-9999.0 -9999.0 -9999.0 -9999.0 -9999.0 -9999.0 -9999.0 -9999.0 0.042367 0.198107 0.430000 0.020098 0.430000 0.430000 0.024442 0.413475 0.050640 0.122284 0.302451 0.157465 0.160367 0.161460 0.195002 0.207620 0.190209 0.390618 0.430000 0.096107 0.430000 0.059658 0.059256 0.059954 0.021350 0.430000 0.021096 0.172722 0.182519 0.430000 0.105587 0.065905 0.193850 0.198995 0.199449 0.042343 0.430000 0.042324 0.145296 0.042337 0.177399 0.059380 0.430000 0.430000 0.430000 0.430000 0.430000 0.430000 0.430000 0.430000 0.430000 0.398099 0.427008 0.430000 -9999.0
-9999.0 -9999.0 -9999.0 -9999.0 -9999.0 -9999.0 -9999.0 -9999.0 0.430000 0.430000 0.430000 0.106087 0.105558 0.430000 0.430000 0.408139 0.400041 0.372881 0.389760 0.311835 0.160267 0.162582 0.166518 0.177142 0.214727 0.311307 0.427777 0.430000 0.423237 0.430000 0.092175 0.430000 0.056606 0.430000 0.060829 0.060825 0.061060 0.430000 0.101266 0.430000 0.063132 0.021554 0.060316 0.021440 0.056788 0.194713 0.058785 0.059954 0.057530 0.057108 0.055977 0.325293 0.430000 0.430000 0.430000 0.430000 0.430000 0.430000 0.430000 0.430000 0.426187 0.430000 -9999.0
-9999.0 -9999.0 0.119345 0.430000 0.430000 0.430000 0.430000 0.430000 0.430000 0.430000 0.430000 0.430000 0.430000 0.430000 0.406568 0.401247 0.097538 0.430000 0.430000 0.407433 0.225462 0.182637 0.281363 0.152692 0.182270 0.146090 0.270291 0.353944 0.412675 0.430000 0.427326 0.430000 0.430000 0.430000 0.430000 0.430000 0.430000 0.430000 0.103940 0.107114 0.061172 0.058460 0.088648 0.430000 0.087770 0.056371 0.430000 0.430000 0.051189 0.415225 0.327974 0.291615 0.430000 0.430000 0.430000 0.430000 0.430000 0.430000 0.430000 0.430000 0.430000 0.430000 -9999.0
-9999.0 0.430000 0.430000 0.430000 0.430000 0.430000 0.430000 0.430000 0.430000 0.195458 0.430000 0.430000 0.430000 0.430000 0.430000 0.110568 0.430000 0.430000 0.430000 0.405114 0.145128 0.396469 0.430000 0.199577 0.190634 0.151772 0.212430 0.222755 0.413087 0.402500 0.159689 0.343271 0.430000 0.430000 0.428846 0.364207 0.424866 0.426870 0.430000 0.430000 0.430000 0.430000 0.430000 0.430000 0.405635 0.383950 0.404743 0.377311 0.417954 0.275814 0.382984 0.430000 0.430000 0.430000 0.430000 0.430000 0.430000 0.430000 0.430000 0.430000 0.430000 0.430000 -9999.0
-9999.0 0.430000 0.430000 0.430000 0.428240 0.430000 0.430000 0.430000 0.430000 0.115073 0.430000 0.430000 0.430000 0.430000 0.110416 0.430000 0.068178 0.430000 0.430000 0.430000 0.430000 0.428058 0.409084 0.402924 0.351402 0.273047 0.141001 0.154741 0.285186 0.165382 0.090394 0.095743 0.430000 0.430000 0.430000 0.430000 0.394600 0.416563 0.430000 0.332637 0.430000 0.430000 0.430000 0.188126 0.146842 0.100194 0.288517 0.387971 0.384355 0.430000 0.430000 0.430000 0.430000 0.430000 0.430000 0.430000 0.430000 0.430000 0.430000 0.430000 0.430000 -9999.0 -9999.0
-9999.0 0.131282 0.430000 0.430000 0.430000 0.430000 0.430000 0.430000 0.430000 0.430000 0.430000 0.430000 0.402993 0.430000 0.430000 0.430000 0.430000 0.430000 0.430000 0.430000 0.414768 0.388075 0.201345 0.401855 0.430000 0.372874 0.427533 0.430000 0.165356 0.342130 0.157532 0.153132 0.427497 0.430000 0.426073 0.304049 0.427418 0.411207 0.426286 0.286323 0.259965 0.429285 0.407124 0.168055 0.163748 0.416167 0.407256 0.430000 0.430000 0.430000 0.430000 0.430000 0.430000 0.430000 0.430000 0.430000 0.430000 0.430000 0.430000 -9999.0 -9999.0 -9999.0 -9999.0
