user2019/resources/simulation/Vinschgau/output-maps/thetaiceL0001N0254.asc
ncols         63
nrows         48
xllcorner     598000.000000
yllcorner     5145000.000000
cellsize      1000.000000
NODATA_value  -9999.0
[rows 0 to 28 of 48, columns 0 to 62 of 63]
-9999.0 -9999.0 -9999.0 -9999.0 -9999.0 -9999.0 -9999.0 -9999.0 -9999.0 -9999.0 -9999.0 -9999.0 -9999.0 -9999.0 -9999.0 -9999.0 -9999.0 -9999.0 -9999.0 -9999.0 -9999.0 -9999.0 -9999.0 -9999.0 -9999.0 -9999.0 -9999.0 -9999.0 -9999.0 -9999.0 -9999.0 -9999.0 -9999.0 -9999.0 -9999.0 -9999.0 -9999.0 -9999.0 -9999.0 -9999.0 -9999.0 -9999.0 -9999.0 -9999.0 -9999.0 -9999.0 -9999.0 -9999.0 -9999.0 -9999.0 -9999.0 -9999.0 -9999.0 -9999.0 -9999.0 -9999.0 -9999.0 -9999.0 -9999.0 -9999.0 -9999.0 -9999.0 -9999.0
-9999.0 -9999.0 -9999.0 -9999.0 -9999.0 -9999.0 -9999.0 -9999.0 -9999.0 -9999.0 -9999.0 -9999.0 -9999.0 -9999.0 -9999.0 -9999.0 -9999.0 -9999.0 -9999.0 -9999.0 -9999.0 -9999.0 -9999.0 -9999.0 -9999.0 -9999.0 -9999.0 0.174903 0.479993 0.175162 0.436434 0.314707 0.313037 -9999.0 -9999.0 -9999.0 -9999.0 -9999.0 -9999.0 -9999.0 -9999.0 -9999.0 -9999.0 -9999.0 -9999.0 -9999.0 -9999.0 -9999.0 -9999.0 -9999.0 -9999.0 -9999.0 -9999.0 -9999.0 -9999.0 -9999.0 -9999.0 -9999.0 -9999.0 -9999.0 -9999.0 -9999.0 -9999.0
-9999.0 -9999.0 -9999.0 -9999.0 -9999.0 -9999.0 -9999.0 -9999.0 -9999.0 -9999.0 -9999.0 -9999.0 -9999.0 -9999.0 -9999.0 -9999.0 -9999.0 -9999.0 -9999.0 -9999.0 -9999.0 -9999.0 -9999.0 -9999.0 0.479989 0.479991 0.479991 0.479992 0.479992 0.479993 0.479994 -9999.0 -9999.0 -9999.0 -9999.0 -9999.0 -9999.0 -9999.0 -9999.0 -9999.0 -9999.0 -9999.0 -9999.0 -9999.0 -9999.0 -9999.0 -9999.0 -9999.0 -9999.0 -9999.0 -9999.0 -9999.0 -9999.0 -9999.0 -9999.0 -9999.0 -9999.0 -9999.0 -9999.0 -9999.0 -9999.0 -9999.0 -9999.0
-9999.0 -9999.0 -9999.0 -9999.0 -9999.0 -9999.0 -9999.0 -9999.0 -9999.0 -9999.0 -9999.0 -9999.0 -9999.0 -9999.0 -9999.0 -9999.0 -9999.0 -9999.0 -9999.0 -9999.0 -9999.0 -9999.0 -9999.0 0.479990 0.479989 0.479986 0.479989 0.479991 0.479991 0.479993 0.479994 0.479992 -9999.0 -9999.0 -9999.0 -9999.0 -9999.0 -9999.0 -9999.0 -9999.0 -9999.0 -9999.0 -9999.0 -9999.0 -9999.0 -9999.0 -9999.0 -9999.0 -9999.0 -9999.0 -9999.0 -9999.0 -9999.0 -9999.0 -9999.0 -9999.0 -9999.0 -9999.0 -9999.0 -9999.0 -9999.0 -9999.0 -9999.0
-9999.0 -9999.0 -9999.0 -9999.0 -9999.0 -9999.0 -9999.0 -9999.0 -9999.0 -9999.0 -9999.0 -9999.0 -9999.0 -9999.0 -9999.0 -9999.0 -9999.0 -9999.0 0.479963 0.479983 -9999.0 0.479988 0.479984 0.479986 0.479988 0.479568 0.479990 0.479990 0.465506 0.479991 0.479993 0.479994 0.175401 0.175553 -9999.0 -9999.0 -9999.0 -9999.0 -9999.0 -9999.0 -9999.0 -9999.0 -9999.0 -9999.0 -9999.0 -9999.0 -9999.0 -9999.0 -9999.0 -9999.0 -9999.0 -9999.0 -9999.0 -9999.0 -9999.0 -9999.0 -9999.0 -9999.0 -9999.0 -9999.0 -9999.0 -9999.0 -9999.0
-9999.0 -9999.0 -9999.0 -9999.0 -9999.0 -9999.0 -9999.0 -9999.0 -9999.0 -9999.0 -9999.0 -9999.0 -9999.0 -9999.0 -9999.0 -9999.0 -9999.0 0.461983 0.471905 0.179973 0.174498 0.479981 0.479988 0.479985 0.339327 0.479992 0.432603 0.291024 0.479992 0.479991 0.479990 0.479993 0.175219 0.175447 0.175302 0.072320 -9999.0 -9999.0 -9999.0 -9999.0 -9999.0 -9999.0 -9999.0 -9999.0 -9999.0 -9999.0 -9999.0 -9999.0 -9999.0 -9999.0 -9999.0 -9999.0 -9999.0 -9999.0 -9999.0 -9999.0 -9999.0 -9999.0 -9999.0 -9999.0 -9999.0 -9999.0 -9999.0
-9999.0 -9999.0 -9999.0 -9999.0 -9999.0 -9999.0 -9999.0 -9999.0 -9999.0 -9999.0 -9999.0 -9999.0 -9999.0 0.479987 0.479979 0.479982 0.479978 0.179950 0.464494 0.479990 0.479985 0.479983 0.479981 0.479979 0.479991 0.399469 0.174998 0.134153 0.295650 0.330989 0.479992 0.479994 0.479994 0.479996 0.175661 0.061122 -9999.0 -9999.0 -9999.0 -9999.0 -9999.0 -9999.0 -9999.0 -9999.0 -9999.0 -9999.0 -9999.0 -9999.0 -9999.0 -9999.0 -9999.0 -9999.0 -9999.0 -9999.0 -9999.0 -9999.0 -9999.0 -9999.0 -9999.0 -9999.0 -9999.0 -9999.0 -9999.0
-9999.0 -9999.0 -9999.0 -9999.0 -9999.0 -9999.0 -9999.0 -9999.0 -9999.0 -9999.0 -9999.0 -9999.0 -9999.0 0.479975 0.479982 0.479982 0.479980 0.479960 0.179872 0.465040 0.479929 0.479992 0.479989 0.479990 0.479989 0.479991 0.479991 0.175349 0.175434 0.452080 0.203356 0.376193 0.152420 0.151111 0.067822 -9999.0 -9999.0 -9999.0 -9999.0 -9999.0 -9999.0 -9999.0 -9999.0 -9999.0 -9999.0 -9999.0 -9999.0 -9999.0 -9999.0 -9999.0 -9999.0 -9999.0 -9999.0 -9999.0 -9999.0 -9999.0 -9999.0 -9999.0 -9999.0 -9999.0 -9999.0 -9999.0 -9999.0
-9999.0 -9999.0 -9999.0 -9999.0 -9999.0 -9999.0 -9999.0 -9999.0 -9999.0 -9999.0 -9999.0 -9999.0 -9999.0 0.479983 0.479986 0.479913 0.479978 0.479980 0.179174 0.479834 0.479981 0.175012 0.479990 0.479989 0.479986 0.479977 0.175025 0.175389 0.479992 0.130558 0.323000 0.097524 0.169267 0.054806 0.058676 -9999.0 -9999.0 -9999.0 -9999.0 -9999.0 -9999.0 -9999.0 -9999.0 -9999.0 -9999.0 -9999.0 -9999.0 -9999.0 -9999.0 -9999.0 -9999.0 -9999.0 -9999.0 -9999.0 -9999.0 -9999.0 -9999.0 -9999.0 -9999.0 -9999.0 -9999.0 -9999.0 -9999.0
-9999.0 -9999.0 -9999.0 -9999.0 -9999.0 -9999.0 -9999.0 -9999.0 -9999.0 -9999.0 -9999.0 -9999.0 0.479976 0.479983 0.479950 0.479991 0.479961 0.479985 0.303778 0.174919 0.479987 0.479992 0.479991 0.479989 0.479976 0.450887 0.479990 0.479992 0.479992 0.168229 0.343607 0.175352 0.479995 0.175680 -9999.0 -9999.0 -9999.0 -9999.0 -9999.0 -9999.0 -9999.0 -9999.0 -9999.0 -9999.0 -9999.0 -9999.0 -9999.0 -9999.0 -9999.0 -9999.0 -9999.0 -9999.0 -9999.0 -9999.0 -9999.0 -9999.0 -9999.0 -9999.0 -9999.0 -9999.0 -9999.0 -9999.0 -9999.0
-9999.0 -9999.0 -9999.0 -9999.0 -9999.0 -9999.0 -9999.0 -9999.0 -9999.0 -9999.0 -9999.0 0.479982 0.479987 0.479937 0.479991 0.479990 0.174963 0.479986 0.416957 0.174921 0.479988 0.479984 0.479990 0.440353 0.479990 0.479992 0.406013 0.479991 0.479992 0.170771 0.175138 0.479994 0.175439 0.175775 0.175836 0.176020 0.479995 0.479995 0.479496 -9999.0 -9999.0 -9999.0 0.175831 -9999.0 -9999.0 -9999.0 -9999.0 -9999.0 -9999.0 -9999.0 -9999.0 -9999.0 -9999.0 -9999.0 -9999.0 -9999.0 -9999.0 -9999.0 -9999.0 -9999.0 -9999.0 -9999.0 -9999.0
-9999.0 -9999.0 -9999.0 -9999.0 -9999.0 -9999.0 -9999.0 -9999.0 -9999.0 -9999.0 -9999.0 0.479989 0.479986 0.479981 0.479980 0.479992 0.479985 0.479985 0.398876 0.479874 0.479982 0.479950 0.479986 0.479989 0.479990 0.479992 0.479991 0.479990 0.174911 0.175381 0.479994 0.479994 0.479995 0.479995 0.479997 0.479996 0.237306 0.000000 0.000000 0.176489 0.176335 0.176190 0.479996 0.175627 -9999.0 -9999.0 -9999.0 0.479574 0.479979 0.173795 0.479862 0.173481 0.173467 0.477179 0.477077 0.173689 -9999.0 -9999.0 -9999.0 -9999.0 -9999.0 -9999.0 -9999.0
-9999.0 -9999.0 -9999.0 -9999.0 -9999.0 -9999.0 -9999.0 -9999.0 -9999.0 -9999.0 -9999.0 0.479984 0.479989 0.479991 0.479963 0.479990 0.479984 0.479987 0.462729 0.288523 0.479969 0.479986 0.479984 0.479983 0.479993 0.175026 0.479988 0.479992 0.175186 0.479993 0.175368 0.479994 0.479995 0.479996 0.175956 0.479993 0.479975 0.064232 0.000000 0.059867 0.379143 0.479996 0.479995 0.479995 0.479994 -9999.0 0.174812 0.479985 0.479956 0.461272 0.479907 0.179774 0.431505 0.386688 0.403738 0.463548 -9999.0 -9999.0 -9999.0 -9999.0 -9999.0 -9999.0 -9999.0
-9999.0 -9999.0 -9999.0 -9999.0 -9999.0 -9999.0 -9999.0 -9999.0 -9999.0 -9999.0 -9999.0 -9999.0 0.479987 0.479963 0.479921 0.479964 0.479988 0.479986 0.325822 0.264535 0.479983 0.479985 0.479987 0.479985 0.479990 0.479985 0.479982 0.479993 0.479993 0.175005 0.479993 0.479994 0.479995 0.479995 0.479996 0.479996 0.479987 0.069586 0.000000 0.017675 0.357644 0.175931 0.479991 0.479992 0.175444 0.479990 0.174536 0.479985 0.479985 0.479982 0.479981 0.479942 0.407381 0.479642 0.479975 0.479974 0.479848 -9999.0 -9999.0 -9999.0 -9999.0 -9999.0 -9999.0
-9999.0 -9999.0 -9999.0 -9999.0 -9999.0 -9999.0 -9999.0 -9999.0 -9999.0 -9999.0 -9999.0 0.479768 0.377006 0.479990 0.479976 0.479977 0.479982 0.479989 0.479968 0.477986 0.479970 0.479981 0.479980 0.479986 0.479983 0.479985 0.479976 0.479994 0.479991 0.175074 0.479991 0.479992 0.479992 0.479995 0.305433 0.479997 0.160762 0.479982 0.443597 0.000000 0.479978 0.479930 0.462801 0.175382 0.479989 0.479992 0.479984 0.179963 0.179959 0.479989 0.174496 0.365321 0.388926 0.052844 0.029897 0.165544 0.174607 -9999.0 -9999.0 -9999.0 -9999.0 -9999.0 -9999.0
-9999.0 -9999.0 -9999.0 -9999.0 -9999.0 -9999.0 -9999.0 -9999.0 -9999.0 -9999.0 0.479882 0.479939 0.476777 0.479984 0.479749 0.479984 0.479990 0.479988 0.479977 0.475151 0.321570 0.479955 0.479988 0.479979 0.479987 0.479971 0.479992 0.175224 0.479988 0.479988 0.479989 0.479992 0.479993 0.372231 0.068051 0.175965 0.479993 0.479985 0.479979 0.353614 0.449749 0.179962 0.179972 0.463251 0.479989 0.175307 0.479985 0.479990 0.479986 0.479988 0.174315 0.146350 0.019800 0.143362 0.149156 0.478675 0.477923 -9999.0 -9999.0 -9999.0 -9999.0 -9999.0 -9999.0
-9999.0 -9999.0 -9999.0 -9999.0 -9999.0 -9999.0 -9999.0 -9999.0 -9999.0 0.479990 0.479877 0.479885 0.479987 0.479908 0.478945 0.479987 0.479988 0.479965 0.479978 0.468123 0.286938 0.479983 0.479979 0.479930 0.479972 0.479992 0.479988 0.479987 0.479987 0.479985 0.479985 0.479993 0.059494 0.134219 0.175730 0.175848 0.479996 0.479996 0.479996 0.479994 0.479971 0.479994 0.479994 0.477025 0.465046 0.479988 0.479986 0.479991 0.479983 0.479981 0.479962 0.173893 0.123616 0.174350 0.173752 0.479933 0.470026 0.165389 0.179711 -9999.0 -9999.0 -9999.0 -9999.0
-9999.0 -9999.0 -9999.0 -9999.0 -9999.0 -9999.0 -9999.0 -9999.0 -9999.0 0.479990 0.479989 0.479989 0.479977 0.479984 0.479901 0.479287 0.477693 0.479983 0.460494 0.185621 0.201209 0.208643 0.479973 0.479971 0.479991 0.479988 0.479987 0.479982 0.479875 0.479988 0.479991 0.479991 0.479994 0.479993 0.479995 0.175593 0.175763 0.175727 0.479996 0.479995 0.375810 0.359044 0.479991 0.479988 0.457853 0.413414 0.421694 0.474392 0.479985 0.479985 0.479980 0.479957 0.174362 0.479987 0.174752 0.479878 0.479605 0.404793 0.149860 -9999.0 -9999.0 -9999.0 -9999.0
-9999.0 -9999.0 -9999.0 -9999.0 -9999.0 -9999.0 -9999.0 -9999.0 -9999.0 -9999.0 0.479988 0.479988 0.479984 0.479985 0.479985 0.479944 0.479956 0.479968 0.459423 0.330029 0.371331 0.479979 0.479948 0.479981 0.479988 0.479984 0.474345 0.432973 0.479990 0.390806 0.479993 0.479981 0.356004 0.479994 0.479993 0.479992 0.479993 0.479994 0.175549 0.479995 0.373896 0.479992 0.479992 0.479992 0.479993 0.479993 0.479989 0.479977 0.403770 0.479980 0.479970 0.478854 0.174038 0.174286 0.462840 0.479989 0.479964 0.479979 0.479973 0.479975 -9999.0 -9999.0 -9999.0
-9999.0 -9999.0 -9999.0 -9999.0 -9999.0 -9999.0 -9999.0 -9999.0 -9999.0 -9999.0 0.479988 0.479988 0.479985 0.479946 0.211731 0.479980 0.479978 0.462689 0.342961 0.222256 0.472215 0.464836 0.479985 0.479990 0.479987 0.473771 0.395127 0.479985 0.479990 0.364132 0.382633 0.479989 0.175183 0.367776 0.437105 0.479993 0.479990 0.479992 0.479992 0.479994 0.479991 0.174728 0.479991 0.380243 0.479937 0.479989 0.479984 0.479991 0.442939 0.423697 0.479979 0.478255 0.458758 0.174927 0.173998 0.176723 0.479989 0.479500 0.470284 0.406077 -9999.0 -9999.0 -9999.0
-9999.0 -9999.0 -9999.0 -9999.0 -9999.0 -9999.0 -9999.0 -9999.0 0.466861 0.476213 0.479986 0.479985 0.479986 0.479984 0.479959 0.461374 0.472391 0.109375 0.136105 0.121398 0.234370 0.435532 0.461141 0.479985 0.473300 0.397568 0.419581 0.479991 0.479988 0.479992 0.100433 0.479993 0.479992 0.479992 0.479990 0.402500 0.479988 0.479990 0.479992 0.174764 0.174978 0.469471 0.091318 0.136493 0.179966 0.479967 0.377679 0.479952 0.479990 0.417809 0.479976 0.479982 0.477987 0.479980 0.179916 0.432288 0.167325 0.479078 0.479957 0.385278 -9999.0 -9999.0 -9999.0
-9999.0 -9999.0 -9999.0 -9999.0 -9999.0 -9999.0 -9999.0 -9999.0 0.174539 0.479746 0.479974 0.302387 0.479990 0.479984 0.479955 0.479983 0.479969 0.479975 0.092921 0.000000 0.000000 0.000000 0.234102 0.221365 0.427576 0.367975 0.479862 0.479988 0.175013 0.479988 0.479988 0.174896 0.479987 0.174544 0.479978 0.479978 0.479985 0.479988 0.479989 0.479985 0.332640 0.321371 0.145676 0.479979 0.479972 0.479978 0.174733 0.479991 0.479987 0.479974 0.410235 0.479985 0.477688 0.474108 0.479977 0.179964 0.479986 0.479970 0.382753 0.000000 0.000000 -9999.0 -9999.0
-9999.0 -9999.0 -9999.0 -9999.0 -9999.0 -9999.0 -9999.0 -9999.0 0.477679 0.479984 0.478815 0.479988 0.479967 0.174736 0.479919 0.479987 0.479951 0.458195 0.106287 0.000000 0.000000 0.000000 0.000000 0.184819 0.000000 0.479950 0.479983 0.479988 0.175294 0.479985 0.174841 0.479979 0.479981 0.479986 0.479943 0.479983 0.479983 0.479985 0.479986 0.479984 0.479987 0.174325 0.479934 0.479986 0.479988 0.479989 0.173968 0.479829 0.479983 0.479989 0.371482 0.474304 0.479988 0.479973 0.475935 0.474244 0.426712 0.377849 0.141904 0.046471 0.000000 -9999.0 -9999.0
-9999.0 -9999.0 -9999.0 -9999.0 -9999.0 -9999.0 -9999.0 -9999.0 0.175126 0.479984 0.479962 0.174695 0.439524 0.479925 0.479982 0.462057 0.451233 0.087679 0.224370 0.000000 0.017170 0.000000 0.000000 0.000000 0.464234 0.479972 0.479943 0.479983 0.479982 0.479987 0.479981 0.479978 0.479987 0.479987 0.479985 0.479978 0.479969 0.479972 0.479979 0.479969 0.479978 0.479885 0.479751 0.179952 0.479858 0.179951 0.477954 0.179897 0.472283 0.479986 0.479979 0.359837 0.465417 0.477538 0.413076 0.380153 0.342524 0.274368 0.000000 0.000000 0.310895 0.479835 -9999.0
-9999.0 -9999.0 -9999.0 -9999.0 -9999.0 -9999.0 -9999.0 -9999.0 0.479986 0.479975 0.479475 0.479981 0.479974 0.466398 0.251004 0.405807 0.479781 0.479985 0.479984 0.479974 0.208493 0.000000 0.000000 0.244266 0.273854 0.479980 0.479989 0.479985 0.479978 0.479979 0.479982 0.479980 0.473141 0.479983 0.479984 0.479981 0.479983 0.479903 0.479945 0.479979 0.479980 0.479985 0.479984 0.479987 0.479974 0.479724 0.479987 0.479981 0.479987 0.474695 0.465900 0.400404 0.356508 0.356433 0.353550 0.342850 0.144253 0.080991 0.132116 0.305299 0.465232 0.477530 -9999.0
-9999.0 -9999.0 0.479980 0.479962 0.479979 0.479946 0.479863 0.479947 0.479966 0.479971 0.479969 0.460881 0.479964 0.471260 0.134839 0.479790 0.479989 0.479988 0.479985 0.479975 0.479970 0.000000 0.000000 0.386867 0.391751 0.457919 0.470405 0.479982 0.456303 0.399988 0.479987 0.479981 0.207099 0.479972 0.473617 0.479961 0.457188 0.257377 0.479500 0.479979 0.479963 0.474203 0.472440 0.479969 0.479988 0.479985 0.474059 0.461232 0.430185 0.368216 0.344405 0.321186 0.181140 0.288726 0.299196 0.000000 0.358623 0.364289 0.465932 0.479945 0.444041 0.391837 -9999.0
-9999.0 0.479903 0.479959 0.479833 0.479851 0.479168 0.479979 0.479984 0.479985 0.479987 0.479977 0.473373 0.460347 0.204929 0.479210 0.479935 0.479984 0.479983 0.479930 0.479978 0.468784 0.423243 0.147949 0.004095 0.083056 0.317883 0.159063 0.123179 0.373399 0.430507 0.451978 0.472255 0.468530 0.123019 0.325198 0.283455 0.001961 0.000000 0.000000 0.294776 0.312395 0.309961 0.342728 0.459702 0.478463 0.458279 0.372507 0.391760 0.215745 0.307245 0.113149 0.224835 0.365725 0.378881 0.382856 0.479802 0.479933 0.479883 0.479708 0.479276 0.443965 0.365292 -9999.0
-9999.0 0.479977 0.479976 0.479981 0.479972 0.479975 0.479963 0.479949 0.479951 0.479964 0.479705 0.479972 0.479917 0.479385 0.479972 0.479983 0.479986 0.479983 0.479979 0.479976 0.479911 0.479894 0.378343 0.340266 0.000000 0.000000 0.000000 0.026371 0.035928 0.000000 0.000000 0.159337 0.320388 0.302307 0.000000 0.000000 0.000000 0.000000 0.000000 0.000000 0.000000 0.000000 0.049559 0.031653 0.000000 0.000000 0.000000 0.000000 0.001571 0.057393 0.321808 0.479974 0.479929 0.468506 0.479980 0.479798 0.479873 0.479736 0.479825 0.477514 0.468215 -9999.0 -9999.0
-9999.0 0.479986 0.479988 0.479979 0.479963 0.479962 0.479963 0.479979 0.479908 0.479413 0.479953 0.479969 0.379538 0.479913 0.479733 0.479983 0.479982 0.479978 0.479985 0.479981 0.479922 0.479985 0.479215 0.000000 0.000000 0.114694 0.081816 0.074643 0.061174 0.055206 0.030683 0.000000 0.000000 0.180662 0.000000 0.000000 0.000000 0.000000 0.000000 0.000000 0.000000 0.000000 0.000000 0.000000 0.000000 0.000000 0.019250 0.092012 0.326385 0.357534 0.479984 0.479930 0.479907 0.479882 0.479890 0.479516 0.479527 0.479021 0.478508 -9999.0 -9999.0 -9999.0 -9999.0
