user2019/resources/simulation/Vinschgau/output-maps/thetaliqL0008N0317.asc
ncols         63
nrows         48
xllcorner     598000.000000
yllcorner     5145000.000000
cellsize      1000.000000
NODATA_value  -9999.0
[rows 0 to 28 of 48, columns 0 to 62 of 63]
-9999.0 -9999.0 -9999.0 -9999.0 -9999.0 -9999.0 -9999.0 -9999.0 -9999.0 -9999.0 -9999.0 -9999.0 -9999.0 -9999.0 -9999.0 -9999.0 -9999.0 -9999.0 -9999.0 -9999.0 -9999.0 -9999.0 -9999.0 -9999.0 -9999.0 -9999.0 -9999.0 -9999.0 -9999.0 -9999.0 -9999.0 -9999.0 -9999.0 -9999.0 -9999.0 -9999.0 -9999.0 -9999.0 -9999.0 -9999.0 -9999.0 -9999.0 -9999.0 -9999.0 -9999.0 -9999.0 -9999.0 -9999.0 -9999.0 -9999.0 -9999.0 -9999.0 -9999.0 -9999.0 -9999.0 -9999.0 -9999.0 -9999.0 -9999.0 -9999.0 -9999.0 -9999.0 -9999.0
-9999.0 -9999.0 -9999.0 -9999.0 -9999.0 -9999.0 -9999.0 -9999.0 -9999.0 -9999.0 -9999.0 -9999.0 -9999.0 -9999.0 -9999.0 -9999.0 -9999.0 -9999.0 -9999.0 -9999.0 -9999.0 -9999.0 -9999.0 -9999.0 -9999.0 -9999.0 -9999.0 0.020026 0.020029 0.020034 0.020021 0.020018 0.020018 -9999.0 -9999.0 -9999.0 -9999.0 -9999.0 -9999.0 -9999.0 -9999.0 -9999.0 -9999.0 -9999.0 -9999.0 -9999.0 -9999.0 -9999.0 -9999.0 -9999.0 -9999.0 -9999.0 -9999.0 -9999.0 -9999.0 -9999.0 -9999.0 -9999.0 -9999.0 -9999.0 -9999.0 -9999.0 -9999.0
-9999.0 -9999.0 -9999.0 -9999.0 -9999.0 -9999.0 -9999.0 -9999.0 -9999.0 -9999.0 -9999.0 -9999.0 -9999.0 -9999.0 -9999.0 -9999.0 -9999.0 -9999.0 -9999.0 -9999.0 -9999.0 -9999.0 -9999.0 -9999.0 0.020033 0.020048 0.020060 0.020048 0.020058 0.020042 0.020021 -9999.0 -9999.0 -9999.0 -9999.0 -9999.0 -9999.0 -9999.0 -9999.0 -9999.0 -9999.0 -9999.0 -9999.0 -9999.0 -9999.0 -9999.0 -9999.0 -9999.0 -9999.0 -9999.0 -9999.0 -9999.0 -9999.0 -9999.0 -9999.0 -9999.0 -9999.0 -9999.0 -9999.0 -9999.0 -9999.0 -9999.0 -9999.0
-9999.0 -9999.0 -9999.0 -9999.0 -9999.0 -9999.0 -9999.0 -9999.0 -9999.0 -9999.0 -9999.0 -9999.0 -9999.0 -9999.0 -9999.0 -9999.0 -9999.0 -9999.0 -9999.0 -9999.0 -9999.0 -9999.0 -9999.0 0.020041 0.020071 0.020061 0.020061 0.020058 0.020061 0.020048 0.020028 0.020022 -9999.0 -9999.0 -9999.0 -9999.0 -9999.0 -9999.0 -9999.0 -9999.0 -9999.0 -9999.0 -9999.0 -9999.0 -9999.0 -9999.0 -9999.0 -9999.0 -9999.0 -9999.0 -9999.0 -9999.0 -9999.0 -9999.0 -9999.0 -9999.0 -9999.0 -9999.0 -9999.0 -9999.0 -9999.0 -9999.0 -9999.0
-9999.0 -9999.0 -9999.0 -9999.0 -9999.0 -9999.0 -9999.0 -9999.0 -9999.0 -9999.0 -9999.0 -9999.0 -9999.0 -9999.0 -9999.0 -9999.0 -9999.0 -9999.0 0.020110 0.020064 -9999.0 0.020036 0.020061 0.020068 0.020070 0.021082 0.020066 0.020055 0.021403 0.020059 0.020052 0.020026 0.020028 0.020020 -9999.0 -9999.0 -9999.0 -9999.0 -9999.0 -9999.0 -9999.0 -9999.0 -9999.0 -9999.0 -9999.0 -9999.0 -9999.0 -9999.0 -9999.0 -9999.0 -9999.0 -9999.0 -9999.0 -9999.0 -9999.0 -9999.0 -9999.0 -9999.0 -9999.0 -9999.0 -9999.0 -9999.0 -9999.0
-9999.0 -9999.0 -9999.0 -9999.0 -9999.0 -9999.0 -9999.0 -9999.0 -9999.0 -9999.0 -9999.0 -9999.0 -9999.0 -9999.0 -9999.0 -9999.0 -9999.0 0.040039 0.020050 0.020045 0.020064 0.020079 0.020071 0.020051 0.021727 0.020053 0.020025 0.020029 0.020027 0.020044 0.020062 0.020045 0.020054 0.020036 0.020019 0.020016 -9999.0 -9999.0 -9999.0 -9999.0 -9999.0 -9999.0 -9999.0 -9999.0 -9999.0 -9999.0 -9999.0 -9999.0 -9999.0 -9999.0 -9999.0 -9999.0 -9999.0 -9999.0 -9999.0 -9999.0 -9999.0 -9999.0 -9999.0 -9999.0 -9999.0 -9999.0 -9999.0
-9999.0 -9999.0 -9999.0 -9999.0 -9999.0 -9999.0 -9999.0 -9999.0 -9999.0 -9999.0 -9999.0 -9999.0 -9999.0 0.020032 0.020073 0.020048 0.020063 0.064395 0.040026 0.020047 0.020068 0.020092 0.020113 0.021562 0.020066 0.020024 0.020021 0.020024 0.020021 0.020027 0.020029 0.020022 0.020020 0.020016 0.020016 0.020015 -9999.0 -9999.0 -9999.0 -9999.0 -9999.0 -9999.0 -9999.0 -9999.0 -9999.0 -9999.0 -9999.0 -9999.0 -9999.0 -9999.0 -9999.0 -9999.0 -9999.0 -9999.0 -9999.0 -9999.0 -9999.0 -9999.0 -9999.0 -9999.0 -9999.0 -9999.0 -9999.0
-9999.0 -9999.0 -9999.0 -9999.0 -9999.0 -9999.0 -9999.0 -9999.0 -9999.0 -9999.0 -9999.0 -9999.0 -9999.0 0.020055 0.020062 0.020057 0.020052 0.020711 0.077552 0.020075 0.020719 0.020050 0.020056 0.020068 0.020075 0.020035 0.020030 0.020019 0.020017 0.020020 0.020023 0.020017 0.020016 0.020014 0.020015 -9999.0 -9999.0 -9999.0 -9999.0 -9999.0 -9999.0 -9999.0 -9999.0 -9999.0 -9999.0 -9999.0 -9999.0 -9999.0 -9999.0 -9999.0 -9999.0 -9999.0 -9999.0 -9999.0 -9999.0 -9999.0 -9999.0 -9999.0 -9999.0 -9999.0 -9999.0 -9999.0 -9999.0
-9999.0 -9999.0 -9999.0 -9999.0 -9999.0 -9999.0 -9999.0 -9999.0 -9999.0 -9999.0 -9999.0 -9999.0 -9999.0 0.020068 0.020078 0.065669 0.020057 0.020049 0.065246 0.098415 0.020059 0.020026 0.020036 0.020029 0.020034 0.020037 0.020036 0.020018 0.020027 0.020016 0.020017 0.020014 0.020014 0.020013 0.020014 -9999.0 -9999.0 -9999.0 -9999.0 -9999.0 -9999.0 -9999.0 -9999.0 -9999.0 -9999.0 -9999.0 -9999.0 -9999.0 -9999.0 -9999.0 -9999.0 -9999.0 -9999.0 -9999.0 -9999.0 -9999.0 -9999.0 -9999.0 -9999.0 -9999.0 -9999.0 -9999.0 -9999.0
-9999.0 -9999.0 -9999.0 -9999.0 -9999.0 -9999.0 -9999.0 -9999.0 -9999.0 -9999.0 -9999.0 -9999.0 0.020062 0.020045 0.020165 0.020028 0.020071 0.020046 0.022408 0.020121 0.020058 0.020024 0.020029 0.020027 0.020055 0.020019 0.020026 0.020024 0.020042 0.020017 0.020015 0.020022 0.020022 0.020015 -9999.0 -9999.0 -9999.0 -9999.0 -9999.0 -9999.0 -9999.0 -9999.0 -9999.0 -9999.0 -9999.0 -9999.0 -9999.0 -9999.0 -9999.0 -9999.0 -9999.0 -9999.0 -9999.0 -9999.0 -9999.0 -9999.0 -9999.0 -9999.0 -9999.0 -9999.0 -9999.0 -9999.0 -9999.0
-9999.0 -9999.0 -9999.0 -9999.0 -9999.0 -9999.0 -9999.0 -9999.0 -9999.0 -9999.0 -9999.0 0.020032 0.020034 0.020119 0.020026 0.020027 0.020024 0.020043 0.286946 0.020117 0.020048 0.020044 0.020030 0.020022 0.020032 0.020024 0.020017 0.020029 0.020031 0.020016 0.020021 0.020042 0.020021 0.020017 0.020019 0.020023 0.020021 0.020041 0.020161 -9999.0 -9999.0 -9999.0 0.020017 -9999.0 -9999.0 -9999.0 -9999.0 -9999.0 -9999.0 -9999.0 -9999.0 -9999.0 -9999.0 -9999.0 -9999.0 -9999.0 -9999.0 -9999.0 -9999.0 -9999.0 -9999.0 -9999.0 -9999.0
-9999.0 -9999.0 -9999.0 -9999.0 -9999.0 -9999.0 -9999.0 -9999.0 -9999.0 -9999.0 -9999.0 0.020027 0.020030 0.020048 0.020037 0.020022 0.020048 0.020044 0.272844 0.242754 0.020666 0.020068 0.020036 0.020029 0.020028 0.020023 0.020032 0.020047 0.020026 0.020017 0.020035 0.020039 0.020028 0.020019 0.020017 0.020021 0.021386 0.021658 0.020276 0.020038 0.020018 0.020017 0.020027 0.020019 -9999.0 -9999.0 -9999.0 0.270947 0.020030 0.020032 0.020057 0.020042 0.020042 0.360004 0.371693 0.020047 -9999.0 -9999.0 -9999.0 -9999.0 -9999.0 -9999.0 -9999.0
-9999.0 -9999.0 -9999.0 -9999.0 -9999.0 -9999.0 -9999.0 -9999.0 -9999.0 -9999.0 -9999.0 0.020033 0.020027 0.020031 0.020038 0.020027 0.020056 0.020047 0.021510 0.252577 0.055422 0.020056 0.020064 0.020048 0.020021 0.020033 0.020073 0.020028 0.020021 0.020020 0.020019 0.020032 0.020041 0.020018 0.020019 0.020059 0.020067 0.020095 0.037307 0.020231 0.020474 0.020021 0.020029 0.020034 0.020021 -9999.0 0.020020 0.020029 0.020063 0.020153 0.020144 0.020174 0.041893 0.086795 0.082394 0.083972 -9999.0 -9999.0 -9999.0 -9999.0 -9999.0 -9999.0 -9999.0
-9999.0 -9999.0 -9999.0 -9999.0 -9999.0 -9999.0 -9999.0 -9999.0 -9999.0 -9999.0 -9999.0 -9999.0 0.020030 0.020040 0.020082 0.020042 0.020059 0.020048 0.021994 0.255966 0.020047 0.020065 0.020050 0.020068 0.020034 0.020078 0.020053 0.020022 0.020022 0.020024 0.020030 0.020043 0.020035 0.020021 0.020016 0.020020 0.020040 0.020074 0.037889 0.020266 0.021189 0.020956 0.020039 0.020035 0.020035 0.020026 0.020025 0.020028 0.020039 0.020095 0.020058 0.020059 0.290547 0.067641 0.020042 0.020041 0.030563 -9999.0 -9999.0 -9999.0 -9999.0 -9999.0 -9999.0
-9999.0 -9999.0 -9999.0 -9999.0 -9999.0 -9999.0 -9999.0 -9999.0 -9999.0 -9999.0 -9999.0 0.020069 0.020026 0.020028 0.020076 0.020074 0.020069 0.020053 0.020875 0.099790 0.020056 0.020056 0.020088 0.020067 0.020081 0.020062 0.020051 0.020020 0.020030 0.020036 0.020058 0.020058 0.020043 0.020021 0.020014 0.020021 0.020018 0.020052 0.040098 0.032720 0.020070 0.020142 0.020056 0.020046 0.020061 0.020027 0.020047 0.020064 0.020069 0.020068 0.020026 0.020025 0.020031 0.020023 0.020025 0.020023 0.020055 -9999.0 -9999.0 -9999.0 -9999.0 -9999.0 -9999.0
-9999.0 -9999.0 -9999.0 -9999.0 -9999.0 -9999.0 -9999.0 -9999.0 -9999.0 -9999.0 0.020085 0.020095 0.020102 0.020034 0.020182 0.020050 0.020038 0.020045 0.020065 0.136362 0.312704 0.199781 0.020058 0.020068 0.020059 0.020093 0.020026 0.020032 0.020073 0.020067 0.020047 0.020035 0.020025 0.020019 0.020014 0.020018 0.020025 0.020046 0.020067 0.020907 0.021089 0.020055 0.020044 0.040019 0.020046 0.020045 0.020046 0.020054 0.020058 0.020049 0.020058 0.020023 0.020023 0.020022 0.020024 0.063168 0.064437 -9999.0 -9999.0 -9999.0 -9999.0 -9999.0 -9999.0
-9999.0 -9999.0 -9999.0 -9999.0 -9999.0 -9999.0 -9999.0 -9999.0 -9999.0 0.020026 0.020065 0.020080 0.020045 0.020093 0.021659 0.020038 0.020030 0.020075 0.020092 0.122699 0.246986 0.020069 0.020057 0.020980 0.020103 0.020030 0.020059 0.020064 0.020056 0.020064 0.020133 0.020028 0.020017 0.020015 0.020018 0.020018 0.020020 0.020026 0.020023 0.020030 0.020071 0.020026 0.020030 0.020335 0.020046 0.020067 0.021088 0.020053 0.020104 0.020222 0.020119 0.020035 0.020020 0.020026 0.020038 0.020074 0.081221 0.027089 0.020112 -9999.0 -9999.0 -9999.0 -9999.0
-9999.0 -9999.0 -9999.0 -9999.0 -9999.0 -9999.0 -9999.0 -9999.0 -9999.0 0.020026 0.020026 0.020028 0.020662 0.020045 0.020080 0.020113 0.051782 0.020065 0.020149 0.244583 0.246866 0.073425 0.020076 0.020085 0.020030 0.020070 0.020051 0.020066 0.021080 0.020063 0.020056 0.020060 0.020021 0.020022 0.020030 0.020037 0.020032 0.020034 0.020018 0.020024 0.020024 0.020020 0.020044 0.020049 0.104959 0.022182 0.021651 0.020088 0.020080 0.020066 0.020086 0.020073 0.020027 0.020029 0.020025 0.043550 0.029473 0.056944 0.024627 -9999.0 -9999.0 -9999.0 -9999.0
-9999.0 -9999.0 -9999.0 -9999.0 -9999.0 -9999.0 -9999.0 -9999.0 -9999.0 -9999.0 0.020027 0.020031 0.020045 0.040018 0.020052 0.020067 0.020070 0.020142 0.020760 0.254728 0.259146 0.020091 0.020123 0.020074 0.020072 0.020066 0.020112 0.021385 0.020067 0.020025 0.020024 0.020051 0.020020 0.020019 0.020043 0.020051 0.020044 0.020041 0.020026 0.020018 0.020016 0.020046 0.020047 0.020028 0.020037 0.020054 0.020058 0.020066 0.024711 0.020107 0.020118 0.020222 0.020046 0.020029 0.020034 0.020029 0.020050 0.020094 0.020146 0.020136 -9999.0 -9999.0 -9999.0
-9999.0 -9999.0 -9999.0 -9999.0 -9999.0 -9999.0 -9999.0 -9999.0 -9999.0 -9999.0 0.020027 0.020029 0.020035 0.020100 0.339395 0.020048 0.020051 0.020093 0.022543 0.289833 0.020971 0.020104 0.020060 0.020053 0.020058 0.020142 0.022517 0.020066 0.020040 0.020019 0.020021 0.020030 0.020032 0.020019 0.020020 0.020023 0.020045 0.020055 0.020043 0.020019 0.020027 0.020032 0.020027 0.020022 0.020050 0.020037 0.020054 0.020060 0.020440 0.021594 0.020119 0.020263 0.020642 0.020050 0.020031 0.020053 0.020028 0.023373 0.020635 0.021725 -9999.0 -9999.0 -9999.0
-9999.0 -9999.0 -9999.0 -9999.0 -9999.0 -9999.0 -9999.0 -9999.0 0.020134 0.020126 0.020033 0.020035 0.020038 0.020043 0.020089 0.156543 0.020898 0.086301 0.346828 0.333161 0.022336 0.021549 0.020394 0.020085 0.020121 0.022872 0.021407 0.020037 0.020036 0.020025 0.020017 0.020021 0.020025 0.020023 0.020027 0.020018 0.020033 0.020062 0.020041 0.020024 0.020022 0.020024 0.020020 0.020019 0.020048 0.020067 0.020025 0.020057 0.020070 0.227596 0.020178 0.020067 0.021220 0.020043 0.020071 0.061212 0.021080 0.064792 0.020732 0.021305 -9999.0 -9999.0 -9999.0
-9999.0 -9999.0 -9999.0 -9999.0 -9999.0 -9999.0 -9999.0 -9999.0 0.020031 0.020110 0.020089 0.020023 0.020027 0.020049 0.020099 0.020076 0.020080 0.020072 0.064503 0.375721 0.430000 0.395856 0.044668 0.067735 0.021532 0.022664 0.020075 0.020078 0.020024 0.020031 0.020027 0.020047 0.020034 0.020029 0.020038 0.020051 0.020100 0.020066 0.020075 0.020037 0.020022 0.020017 0.020020 0.020045 0.020112 0.020039 0.020023 0.020026 0.020086 0.020106 0.021435 0.020064 0.020714 0.074549 0.020101 0.020094 0.020093 0.020259 0.027750 0.430000 0.430000 -9999.0 -9999.0
-9999.0 -9999.0 -9999.0 -9999.0 -9999.0 -9999.0 -9999.0 -9999.0 0.020027 0.020053 0.020124 0.020035 0.020079 0.020026 0.020091 0.020050 0.020100 0.021589 0.055026 0.430000 0.401536 0.398505 0.089195 0.025848 0.090294 0.020269 0.020068 0.020060 0.020047 0.020062 0.020045 0.020097 0.020065 0.020078 0.020061 0.020080 0.020047 0.020060 0.020089 0.020043 0.020029 0.020028 0.020047 0.020030 0.020029 0.020028 0.020040 0.020234 0.020035 0.020073 0.324291 0.020908 0.020061 0.020126 0.020447 0.021069 0.021694 0.022926 0.066194 0.417732 0.430000 -9999.0 -9999.0
-9999.0 -9999.0 -9999.0 -9999.0 -9999.0 -9999.0 -9999.0 -9999.0 0.020021 0.020041 0.238523 0.020101 0.028972 0.032972 0.020054 0.020087 0.021048 0.056210 0.185828 0.265833 0.324629 0.430000 0.430000 0.430000 0.021001 0.020077 0.020130 0.020095 0.020070 0.020056 0.020100 0.020117 0.020064 0.020060 0.020061 0.020085 0.020133 0.020175 0.020099 0.020107 0.020040 0.020078 0.020111 0.020089 0.020083 0.020051 0.020250 0.020215 0.020258 0.020068 0.020095 0.021579 0.021240 0.021415 0.021896 0.022535 0.045470 0.312272 0.430000 0.430000 0.045101 0.086882 -9999.0
-9999.0 -9999.0 -9999.0 -9999.0 -9999.0 -9999.0 -9999.0 -9999.0 0.020029 0.020054 0.075748 0.020061 0.020061 0.020076 0.022710 0.021597 0.175635 0.020095 0.020085 0.020099 0.022601 0.430000 0.430000 0.341040 0.022533 0.020091 0.020058 0.020061 0.020098 0.020100 0.020097 0.020070 0.020182 0.020071 0.020087 0.020098 0.020077 0.020782 0.020081 0.020100 0.020095 0.020080 0.020068 0.020064 0.020117 0.020155 0.020074 0.020081 0.020067 0.020335 0.021522 0.021221 0.025813 0.027993 0.028044 0.323643 0.428986 0.430000 0.381150 0.022914 0.021072 0.099601 -9999.0
-9999.0 -9999.0 0.020056 0.020067 0.020041 0.020102 0.020170 0.020112 0.020063 0.020046 0.020123 0.154190 0.020092 0.021191 0.086311 0.264084 0.020079 0.020037 0.020045 0.020087 0.020129 0.029363 0.429543 0.252805 0.228837 0.020435 0.020083 0.020069 0.020141 0.021783 0.020060 0.020073 0.022294 0.020066 0.020264 0.020079 0.021301 0.021133 0.020156 0.020076 0.020141 0.020196 0.020072 0.020129 0.020063 0.020069 0.020229 0.020088 0.021282 0.022760 0.044354 0.351178 0.428874 0.425845 0.416684 0.378653 0.300179 0.022569 0.021349 0.020791 0.105131 0.108158 -9999.0
-9999.0 0.020110 0.020094 0.020132 0.020128 0.020147 0.020059 0.020037 0.020034 0.020030 0.020067 0.025789 0.306966 0.426857 0.418028 0.020206 0.020053 0.020041 0.020147 0.020077 0.020388 0.021039 0.303395 0.405013 0.037547 0.024064 0.044913 0.042916 0.022575 0.021230 0.021263 0.020561 0.021053 0.024504 0.022088 0.022849 0.032351 0.052442 0.023796 0.022733 0.022086 0.022491 0.021380 0.020104 0.020081 0.020116 0.239031 0.021015 0.052721 0.292771 0.428984 0.425122 0.301606 0.249967 0.235037 0.021465 0.025995 0.056997 0.098605 0.099099 0.108752 0.110438 -9999.0
-9999.0 0.020061 0.020067 0.020060 0.316882 0.020061 0.020095 0.020108 0.020072 0.020076 0.020182 0.020065 0.020282 0.428925 0.020088 0.020100 0.020035 0.020066 0.020079 0.020082 0.064346 0.020739 0.137860 0.272262 0.378335 0.430000 0.051691 0.430000 0.430000 0.053486 0.055928 0.040199 0.022841 0.221691 0.357609 0.337730 0.430000 0.430000 0.091972 0.079576 0.056821 0.390375 0.045746 0.022605 0.043462 0.050470 0.430000 0.430000 0.430000 0.429348 0.022563 0.020770 0.020277 0.021225 0.020387 0.089726 0.020122 0.058961 0.024941 0.087060 0.090374 -9999.0 -9999.0
-9999.0 0.020033 0.020059 0.020086 0.020262 0.386920 0.311601 0.020072 0.020122 0.020162 0.020089 0.020088 0.021819 0.357185 0.027944 0.020049 0.020036 0.020045 0.020066 0.020076 0.020134 0.020090 0.021026 0.350072 0.292613 0.412256 0.425675 0.427933 0.427443 0.427069 0.407133 0.377648 0.430000 0.239984 0.417569 0.420383 0.419965 0.430000 0.430000 0.430000 0.430000 0.430000 0.430000 0.426952 0.395918 0.399591 0.377408 0.333441 0.308227 0.021574 0.020080 0.020186 0.024913 0.070414 0.020476 0.062258 0.077819 0.085266 0.085652 -9999.0 -9999.0 -9999.0 -9999.0
