user2019/resources/simulation/Vinschgau/output-maps/thetaliqL0006N1213.asc
ncols         63
nrows         48
xllcorner     598000.000000
yllcorner     5145000.000000
cellsize      1000.000000
NODATA_value  -9999.0
[rows 0 to 28 of 48, columns 0 to 62 of 63]
-9999.0 -9999.0 -9999.0 -9999.0 -9999.0 -9999.0 -9999.0 -9999.0 -9999.0 -9999.0 -9999.0 -9999.0 -9999.0 -9999.0 -9999.0 -9999.0 -9999.0 -9999.0 -9999.0 -9999.0 -9999.0 -9999.0 -9999.0 -9999.0 -9999.0 -9999.0 -9999.0 -9999.0 -9999.0 -9999.0 -9999.0 -9999.0 -9999.0 -9999.0 -9999.0 -9999.0 -9999.0 -9999.0 -9999.0 -9999.0 -9999.0 -9999.0 -9999.0 -9999.0 -9999.0 -9999.0 -9999.0 -9999.0 -9999.0 -9999.0 -9999.0 -9999.0 -9999.0 -9999.0 -9999.0 -9999.0 -9999.0 -9999.0 -9999.0 -9999.0 -9999.0 -9999.0 -9999.0
-9999.0 -9999.0 -9999.0 -9999.0 -9999.0 -9999.0 -9999.0 -9999.0 -9999.0 -9999.0 -9999.0 -9999.0 -9999.0 -9999.0 -9999.0 -9999.0 -9999.0 -9999.0 -9999.0 -9999.0 -9999.0 -9999.0 -9999.0 -9999.0 -9999.0 -9999.0 -9999.0 0.043060 0.187651 0.043774 0.196431 0.182843 0.023138 -9999.0 -9999.0 -9999.0 -9999.0 -9999.0 -9999.0 -9999.0 -9999.0 -9999.0 -9999.0 -9999.0 -9999.0 -9999.0 -9999.0 -9999.0 -9999.0 -9999.0 -9999.0 -9999.0 -9999.0 -9999.0 -9999.0 -9999.0 -9999.0 -9999.0 -9999.0 -9999.0 -9999.0 -9999.0 -9999.0
-9999.0 -9999.0 -9999.0 -9999.0 -9999.0 -9999.0 -9999.0 -9999.0 -9999.0 -9999.0 -9999.0 -9999.0 -9999.0 -9999.0 -9999.0 -9999.0 -9999.0 -9999.0 -9999.0 -9999.0 -9999.0 -9999.0 -9999.0 -9999.0 0.408495 0.403821 0.404095 0.403435 0.419806 0.197807 0.193260 -9999.0 -9999.0 -9999.0 -9999.0 -9999.0 -9999.0 -9999.0 -9999.0 -9999.0 -9999.0 -9999.0 -9999.0 -9999.0 -9999.0 -9999.0 -9999.0 -9999.0 -9999.0 -9999.0 -9999.0 -9999.0 -9999.0 -9999.0 -9999.0 -9999.0 -9999.0 -9999.0 -9999.0 -9999.0 -9999.0 -9999.0 -9999.0
-9999.0 -9999.0 -9999.0 -9999.0 -9999.0 -9999.0 -9999.0 -9999.0 -9999.0 -9999.0 -9999.0 -9999.0 -9999.0 -9999.0 -9999.0 -9999.0 -9999.0 -9999.0 -9999.0 -9999.0 -9999.0 -9999.0 -9999.0 0.396944 0.387887 0.150794 0.122429 0.020309 0.020579 0.181708 0.192438 0.043255 -9999.0 -9999.0 -9999.0 -9999.0 -9999.0 -9999.0 -9999.0 -9999.0 -9999.0 -9999.0 -9999.0 -9999.0 -9999.0 -9999.0 -9999.0 -9999.0 -9999.0 -9999.0 -9999.0 -9999.0 -9999.0 -9999.0 -9999.0 -9999.0 -9999.0 -9999.0 -9999.0 -9999.0 -9999.0 -9999.0 -9999.0
-9999.0 -9999.0 -9999.0 -9999.0 -9999.0 -9999.0 -9999.0 -9999.0 -9999.0 -9999.0 -9999.0 -9999.0 -9999.0 -9999.0 -9999.0 -9999.0 -9999.0 -9999.0 0.284406 0.364195 -9999.0 0.387830 0.377952 0.020394 0.138657 0.020347 0.282404 0.266599 0.296822 0.267263 0.189199 0.196027 0.042675 0.043241 -9999.0 -9999.0 -9999.0 -9999.0 -9999.0 -9999.0 -9999.0 -9999.0 -9999.0 -9999.0 -9999.0 -9999.0 -9999.0 -9999.0 -9999.0 -9999.0 -9999.0 -9999.0 -9999.0 -9999.0 -9999.0 -9999.0 -9999.0 -9999.0 -9999.0 -9999.0 -9999.0 -9999.0 -9999.0
-9999.0 -9999.0 -9999.0 -9999.0 -9999.0 -9999.0 -9999.0 -9999.0 -9999.0 -9999.0 -9999.0 -9999.0 -9999.0 -9999.0 -9999.0 -9999.0 -9999.0 0.122376 0.090260 0.020091 0.042972 0.307447 0.254214 0.021202 0.253599 0.308127 0.047640 0.354014 0.055090 0.323727 0.390107 0.188724 0.042708 0.042227 0.042393 0.042485 -9999.0 -9999.0 -9999.0 -9999.0 -9999.0 -9999.0 -9999.0 -9999.0 -9999.0 -9999.0 -9999.0 -9999.0 -9999.0 -9999.0 -9999.0 -9999.0 -9999.0 -9999.0 -9999.0 -9999.0 -9999.0 -9999.0 -9999.0 -9999.0 -9999.0 -9999.0 -9999.0
-9999.0 -9999.0 -9999.0 -9999.0 -9999.0 -9999.0 -9999.0 -9999.0 -9999.0 -9999.0 -9999.0 -9999.0 -9999.0 0.160141 0.175311 0.147011 0.112034 0.042181 0.124946 0.020361 0.131464 0.156097 0.020504 0.212760 0.298187 0.376323 0.020117 0.022348 0.023291 0.154759 0.041372 0.419740 0.196961 0.197012 0.046748 0.042729 -9999.0 -9999.0 -9999.0 -9999.0 -9999.0 -9999.0 -9999.0 -9999.0 -9999.0 -9999.0 -9999.0 -9999.0 -9999.0 -9999.0 -9999.0 -9999.0 -9999.0 -9999.0 -9999.0 -9999.0 -9999.0 -9999.0 -9999.0 -9999.0 -9999.0 -9999.0 -9999.0
-9999.0 -9999.0 -9999.0 -9999.0 -9999.0 -9999.0 -9999.0 -9999.0 -9999.0 -9999.0 -9999.0 -9999.0 -9999.0 0.294885 0.122756 0.131462 0.118198 0.222677 0.042145 0.108179 0.020830 0.020790 0.158213 0.237575 0.247471 0.047437 0.181646 0.044463 0.043847 0.022144 0.041274 0.192988 0.043262 0.042492 0.043248 -9999.0 -9999.0 -9999.0 -9999.0 -9999.0 -9999.0 -9999.0 -9999.0 -9999.0 -9999.0 -9999.0 -9999.0 -9999.0 -9999.0 -9999.0 -9999.0 -9999.0 -9999.0 -9999.0 -9999.0 -9999.0 -9999.0 -9999.0 -9999.0 -9999.0 -9999.0 -9999.0 -9999.0
-9999.0 -9999.0 -9999.0 -9999.0 -9999.0 -9999.0 -9999.0 -9999.0 -9999.0 -9999.0 -9999.0 -9999.0 -9999.0 0.114595 0.430000 0.135949 0.129918 0.123199 0.042122 0.118742 0.195550 0.020118 0.298794 0.211989 0.182074 0.248165 0.042588 0.042791 0.092557 0.042441 0.194647 0.020044 0.042411 0.020030 0.043248 -9999.0 -9999.0 -9999.0 -9999.0 -9999.0 -9999.0 -9999.0 -9999.0 -9999.0 -9999.0 -9999.0 -9999.0 -9999.0 -9999.0 -9999.0 -9999.0 -9999.0 -9999.0 -9999.0 -9999.0 -9999.0 -9999.0 -9999.0 -9999.0 -9999.0 -9999.0 -9999.0 -9999.0
-9999.0 -9999.0 -9999.0 -9999.0 -9999.0 -9999.0 -9999.0 -9999.0 -9999.0 -9999.0 -9999.0 -9999.0 0.020429 0.430000 0.119133 0.145981 0.177943 0.142878 0.203557 0.020118 0.140087 0.203745 0.021001 0.071762 0.040977 0.183001 0.040056 0.191940 0.198131 0.044189 0.020643 0.042823 0.027811 0.043078 -9999.0 -9999.0 -9999.0 -9999.0 -9999.0 -9999.0 -9999.0 -9999.0 -9999.0 -9999.0 -9999.0 -9999.0 -9999.0 -9999.0 -9999.0 -9999.0 -9999.0 -9999.0 -9999.0 -9999.0 -9999.0 -9999.0 -9999.0 -9999.0 -9999.0 -9999.0 -9999.0 -9999.0 -9999.0
-9999.0 -9999.0 -9999.0 -9999.0 -9999.0 -9999.0 -9999.0 -9999.0 -9999.0 -9999.0 -9999.0 0.329137 0.133802 0.430000 0.120538 0.260041 0.020118 0.138624 0.246428 0.020118 0.021325 0.233557 0.175655 0.180764 0.072046 0.193831 0.126458 0.197674 0.063046 0.044861 0.043005 0.197573 0.043513 0.042940 0.042745 0.042815 0.118460 0.087291 0.052690 -9999.0 -9999.0 -9999.0 0.042366 -9999.0 -9999.0 -9999.0 -9999.0 -9999.0 -9999.0 -9999.0 -9999.0 -9999.0 -9999.0 -9999.0 -9999.0 -9999.0 -9999.0 -9999.0 -9999.0 -9999.0 -9999.0 -9999.0 -9999.0
-9999.0 -9999.0 -9999.0 -9999.0 -9999.0 -9999.0 -9999.0 -9999.0 -9999.0 -9999.0 -9999.0 0.335919 0.128327 0.020266 0.110420 0.150163 0.083612 0.076956 0.226217 0.198788 0.219874 0.161966 0.410817 0.040102 0.040197 0.192296 0.190917 0.195854 0.049664 0.043709 0.196148 0.200000 0.053438 0.026842 0.027998 0.186354 0.167116 0.088900 0.088342 0.042352 0.042544 0.043029 0.196166 0.042866 -9999.0 -9999.0 -9999.0 0.051242 0.024390 0.043085 0.024489 0.042760 0.042813 0.045304 0.044849 0.043760 -9999.0 -9999.0 -9999.0 -9999.0 -9999.0 -9999.0 -9999.0
-9999.0 -9999.0 -9999.0 -9999.0 -9999.0 -9999.0 -9999.0 -9999.0 -9999.0 -9999.0 -9999.0 0.350240 0.319179 0.060977 0.291186 0.149694 0.177940 0.108744 0.129236 0.191971 0.217254 0.060144 0.042077 0.419137 0.189776 0.043378 0.040624 0.020074 0.043279 0.028471 0.043173 0.020247 0.197465 0.027587 0.043119 0.174819 0.040429 0.020212 0.084139 0.042252 0.096778 0.078895 0.193046 0.198673 0.026097 -9999.0 0.043014 0.025266 0.196140 0.199119 0.193843 0.044533 0.193930 0.188424 0.153694 0.026991 -9999.0 -9999.0 -9999.0 -9999.0 -9999.0 -9999.0 -9999.0
-9999.0 -9999.0 -9999.0 -9999.0 -9999.0 -9999.0 -9999.0 -9999.0 -9999.0 -9999.0 -9999.0 -9999.0 0.351254 0.064249 0.288030 0.284928 0.196599 0.119529 0.230359 0.197990 0.158423 0.049148 0.022195 0.040218 0.040047 0.040591 0.430000 0.185824 0.196290 0.042961 0.193027 0.040369 0.184592 0.119873 0.027895 0.173574 0.040715 0.040120 0.311154 0.049434 0.230063 0.042405 0.020469 0.413311 0.042590 0.025754 0.042734 0.026857 0.020091 0.040696 0.067477 0.040032 0.040031 0.040045 0.040071 0.162888 0.061565 -9999.0 -9999.0 -9999.0 -9999.0 -9999.0 -9999.0
-9999.0 -9999.0 -9999.0 -9999.0 -9999.0 -9999.0 -9999.0 -9999.0 -9999.0 -9999.0 -9999.0 0.040844 0.373733 0.174322 0.055577 0.329067 0.227888 0.155807 0.187763 0.175728 0.144449 0.256268 0.087623 0.020856 0.040780 0.040118 0.040627 0.193282 0.166796 0.043191 0.040711 0.040114 0.192760 0.164770 0.027658 0.193071 0.106744 0.020259 0.194458 0.085155 0.020256 0.073047 0.046824 0.020113 0.181963 0.192746 0.200000 0.042579 0.042594 0.020151 0.020101 0.194150 0.040029 0.020036 0.020032 0.020039 0.043340 -9999.0 -9999.0 -9999.0 -9999.0 -9999.0 -9999.0
-9999.0 -9999.0 -9999.0 -9999.0 -9999.0 -9999.0 -9999.0 -9999.0 -9999.0 -9999.0 0.430000 0.044472 0.375942 0.365380 0.328874 0.088295 0.077233 0.238526 0.147007 0.179917 0.230897 0.309870 0.020699 0.371473 0.073510 0.040267 0.020332 0.020063 0.184184 0.180548 0.040149 0.040119 0.189235 0.152173 0.043602 0.042920 0.164100 0.040759 0.040460 0.409845 0.071266 0.020123 0.078184 0.339224 0.068601 0.043156 0.190613 0.020193 0.040489 0.202017 0.020045 0.043002 0.020029 0.020031 0.020503 0.175261 0.163374 -9999.0 -9999.0 -9999.0 -9999.0 -9999.0 -9999.0
-9999.0 -9999.0 -9999.0 -9999.0 -9999.0 -9999.0 -9999.0 -9999.0 -9999.0 0.190984 0.399715 0.050767 0.053226 0.046063 0.042370 0.045434 0.065871 0.299720 0.111162 0.167568 0.219237 0.160920 0.075914 0.253393 0.393294 0.020147 0.040072 0.179884 0.022946 0.061631 0.430000 0.020122 0.044395 0.042690 0.043068 0.042965 0.189800 0.040454 0.040812 0.042988 0.040192 0.040506 0.020851 0.177547 0.084066 0.025177 0.174218 0.021629 0.021738 0.425267 0.020094 0.043191 0.020034 0.022986 0.031715 0.020039 0.040017 0.047528 0.043180 -9999.0 -9999.0 -9999.0 -9999.0
-9999.0 -9999.0 -9999.0 -9999.0 -9999.0 -9999.0 -9999.0 -9999.0 -9999.0 0.193200 0.190295 0.178152 0.430000 0.251036 0.062035 0.045536 0.369874 0.286401 0.098860 0.188045 0.199576 0.123271 0.286184 0.376359 0.020246 0.040827 0.043230 0.127995 0.419710 0.366956 0.149105 0.020092 0.198861 0.028382 0.195659 0.042931 0.043159 0.043686 0.180608 0.188071 0.040642 0.020440 0.049861 0.378910 0.228560 0.274527 0.260602 0.051295 0.025838 0.351569 0.020059 0.020042 0.021031 0.020516 0.067078 0.040010 0.020049 0.040067 0.046819 -9999.0 -9999.0 -9999.0 -9999.0
-9999.0 -9999.0 -9999.0 -9999.0 -9999.0 -9999.0 -9999.0 -9999.0 -9999.0 -9999.0 0.193147 0.188156 0.055830 0.040560 0.039632 0.066698 0.236909 0.225020 0.089317 0.168061 0.208067 0.040246 0.312763 0.020698 0.041418 0.066326 0.429989 0.377323 0.140335 0.040083 0.020099 0.040041 0.020084 0.122792 0.200000 0.193733 0.385977 0.398696 0.044079 0.197694 0.190378 0.410112 0.430000 0.025382 0.071372 0.301597 0.087359 0.281150 0.021674 0.052906 0.020102 0.020111 0.024228 0.020693 0.040552 0.024179 0.292004 0.020267 0.020560 0.102230 -9999.0 -9999.0 -9999.0
-9999.0 -9999.0 -9999.0 -9999.0 -9999.0 -9999.0 -9999.0 -9999.0 -9999.0 -9999.0 0.190584 0.193098 0.396835 0.072043 0.383958 0.242706 0.238021 0.167215 0.136756 0.128629 0.129581 0.139878 0.299766 0.055920 0.083508 0.425166 0.339693 0.324060 0.040135 0.020099 0.194279 0.430000 0.020079 0.042075 0.193259 0.414180 0.040373 0.042693 0.020087 0.192891 0.198668 0.078923 0.040635 0.177938 0.379585 0.020737 0.212573 0.072125 0.073518 0.057170 0.081880 0.020096 0.040030 0.042905 0.020334 0.020718 0.024510 0.021487 0.430000 0.429827 -9999.0 -9999.0 -9999.0
-9999.0 -9999.0 -9999.0 -9999.0 -9999.0 -9999.0 -9999.0 -9999.0 0.424973 0.192997 0.182029 0.428384 0.040044 0.045629 0.051942 0.265240 0.109477 0.120351 0.155349 0.118442 0.113622 0.085652 0.096286 0.131666 0.308138 0.320284 0.339841 0.040281 0.040052 0.020105 0.042774 0.197266 0.197138 0.091524 0.200000 0.183908 0.169074 0.043989 0.020070 0.042996 0.042885 0.414324 0.020105 0.043521 0.042821 0.430000 0.020077 0.048001 0.078161 0.325590 0.395191 0.020070 0.040016 0.020037 0.021353 0.070647 0.045200 0.391065 0.073849 0.187605 -9999.0 -9999.0 -9999.0
-9999.0 -9999.0 -9999.0 -9999.0 -9999.0 -9999.0 -9999.0 -9999.0 0.020071 0.040136 0.020083 0.161256 0.189286 0.040081 0.040330 0.278783 0.149996 0.133523 0.020758 0.118375 0.219033 0.166915 0.150744 0.115516 0.099453 0.190894 0.337190 0.044487 0.020048 0.194012 0.027858 0.042500 0.196657 0.042578 0.424254 0.403842 0.172363 0.280395 0.022863 0.186440 0.194484 0.023127 0.042723 0.182464 0.430000 0.040961 0.020082 0.186759 0.023180 0.351010 0.392453 0.061891 0.040011 0.024939 0.191374 0.020090 0.021283 0.027076 0.049125 0.215402 0.127887 -9999.0 -9999.0
-9999.0 -9999.0 -9999.0 -9999.0 -9999.0 -9999.0 -9999.0 -9999.0 0.192897 0.200000 0.087000 0.020084 0.415291 0.020118 0.043633 0.020333 0.213855 0.133086 0.077401 0.215823 0.117652 0.160260 0.147689 0.126670 0.173302 0.137925 0.334397 0.040148 0.020068 0.197101 0.042463 0.424003 0.040224 0.020533 0.411927 0.177801 0.030746 0.161018 0.023748 0.020665 0.189435 0.042554 0.410034 0.430000 0.040098 0.414369 0.042543 0.423739 0.040068 0.086351 0.287727 0.421612 0.020047 0.020036 0.022389 0.050830 0.430000 0.338782 0.128304 0.216682 0.187859 -9999.0 -9999.0
-9999.0 -9999.0 -9999.0 -9999.0 -9999.0 -9999.0 -9999.0 -9999.0 0.042604 0.189512 0.043733 0.020057 0.421980 0.040798 0.020582 0.336957 0.021757 0.081677 0.204683 0.118158 0.122593 0.127653 0.164141 0.155718 0.148680 0.213640 0.154279 0.020096 0.389036 0.020342 0.021542 0.021365 0.020289 0.051718 0.020148 0.162187 0.148758 0.128761 0.108372 0.025840 0.175887 0.177649 0.181517 0.042708 0.414307 0.042723 0.183207 0.042953 0.182789 0.021203 0.341629 0.258733 0.398407 0.049097 0.430000 0.428907 0.268779 0.213163 0.182753 0.191830 0.191334 0.206610 -9999.0
-9999.0 -9999.0 -9999.0 -9999.0 -9999.0 -9999.0 -9999.0 -9999.0 0.047482 0.429965 0.040068 0.020128 0.020351 0.041937 0.409172 0.282095 0.289058 0.149211 0.190542 0.130792 0.128739 0.141216 0.128370 0.125017 0.135392 0.232667 0.040203 0.083740 0.334437 0.063033 0.021259 0.416197 0.115466 0.393702 0.061812 0.035196 0.020860 0.091204 0.025547 0.321602 0.054243 0.020739 0.070312 0.021663 0.021437 0.175403 0.023487 0.020994 0.023464 0.104091 0.048970 0.178185 0.236923 0.299767 0.402563 0.371758 0.286225 0.231144 0.211933 0.121394 0.140935 0.215335 -9999.0
-9999.0 -9999.0 0.180473 0.414720 0.040025 0.040498 0.040048 0.040039 0.163787 0.369594 0.040079 0.040218 0.042865 0.146128 0.353737 0.430000 0.074276 0.040148 0.047603 0.273621 0.130190 0.141007 0.187187 0.113045 0.137922 0.142118 0.219964 0.274142 0.185887 0.348936 0.302938 0.219691 0.261353 0.147493 0.149539 0.110464 0.117752 0.073578 0.020892 0.034089 0.020507 0.020664 0.044015 0.248682 0.078471 0.053250 0.355782 0.285145 0.031092 0.183060 0.136295 0.202239 0.269529 0.299983 0.332375 0.312804 0.284966 0.239598 0.201933 0.159350 0.257292 0.229383 -9999.0
-9999.0 0.041592 0.040618 0.040688 0.040756 0.040219 0.040081 0.040053 0.040033 0.120258 0.040056 0.040236 0.213011 0.410094 0.430000 0.020754 0.040449 0.040127 0.040979 0.279248 0.135549 0.118507 0.250209 0.185352 0.143646 0.135391 0.166661 0.181474 0.126956 0.208469 0.131707 0.134009 0.135184 0.188780 0.112794 0.134462 0.101727 0.063284 0.131910 0.127698 0.110529 0.112796 0.078728 0.098763 0.114352 0.105233 0.194372 0.086723 0.115887 0.172847 0.201302 0.242094 0.285149 0.331711 0.333144 0.417274 0.362972 0.339885 0.405538 0.352538 0.313606 0.233121 -9999.0
-9999.0 0.395990 0.055074 0.049567 0.392730 0.044869 0.040034 0.040047 0.093602 0.104034 0.040047 0.040139 0.355038 0.407745 0.021803 0.040017 0.020096 0.040049 0.040198 0.117571 0.379684 0.246530 0.206889 0.261821 0.258726 0.220298 0.102871 0.132128 0.164198 0.078007 0.071647 0.074104 0.152694 0.161258 0.172822 0.138892 0.205769 0.199877 0.115291 0.120472 0.124122 0.150439 0.107569 0.112653 0.099362 0.068022 0.156218 0.158925 0.167328 0.181618 0.208828 0.235473 0.317246 0.427654 0.430000 0.282345 0.040342 0.083560 0.223212 0.047273 0.323120 -9999.0 -9999.0
-9999.0 0.179326 0.041039 0.040497 0.387719 0.387469 0.395446 0.040074 0.040051 0.040044 0.040532 0.323838 0.378518 0.430000 0.040090 0.040013 0.040053 0.040027 0.040079 0.040261 0.045183 0.344797 0.200349 0.281343 0.272220 0.199020 0.187373 0.180837 0.125981 0.158959 0.116315 0.114466 0.155461 0.151131 0.142125 0.132827 0.130573 0.197243 0.127880 0.127025 0.128058 0.203931 0.134668 0.113807 0.113543 0.148604 0.153612 0.170848 0.193344 0.173233 0.248018 0.347292 0.309872 0.180351 0.044318 0.040130 0.040122 0.040074 0.040087 -9999.0 -9999.0 -9999.0 -9999.0
