user2019/resources/simulation/Vinschgau/output-maps/thetaliqL0003N1290.asc
ncols         63
nrows         48
xllcorner     598000.000000
yllcorner     5145000.000000
cellsize      1000.000000
NODATA_value  -9999.0
[rows 0 to 28 of 48, columns 0 to 62 of 63]
-9999.0 -9999.0 -9999.0 -9999.0 -9999.0 -9999.0 -9999.0 -9999.0 -9999.0 -9999.0 -9999.0 -9999.0 -9999.0 -9999.0 -9999.0 -9999.0 -9999.0 -9999.0 -9999.0 -9999.0 -9999.0 -9999.0 -9999.0 -9999.0 -9999.0 -9999.0 -9999.0 -9999.0 -9999.0 -9999.0 -9999.0 -9999.0 -9999.0 -9999.0 -9999.0 -9999.0 -9999.0 -9999.0 -9999.0 -9999.0 -9999.0 -9999.0 -9999.0 -9999.0 -9999.0 -9999.0 -9999.0 -9999.0 -9999.0 -9999.0 -9999.0 -9999.0 -9999.0 -9999.0 -9999.0 -9999.0 -9999.0 -9999.0 -9999.0 -9999.0 -9999.0 -9999.0 -9999.0
-9999.0 -9999.0 -9999.0 -9999.0 -9999.0 -9999.0 -9999.0 -9999.0 -9999.0 -9999.0 -9999.0 -9999.0 -9999.0 -9999.0 -9999.0 -9999.0 -9999.0 -9999.0 -9999.0 -9999.0 -9999.0 -9999.0 -9999.0 -9999.0 -9999.0 -9999.0 -9999.0 0.085407 0.292909 0.104506 0.345598 0.253946 0.060637 -9999.0 -9999.0 -9999.0 -9999.0 -9999.0 -9999.0 -9999.0 -9999.0 -9999.0 -9999.0 -9999.0 -9999.0 -9999.0 -9999.0 -9999.0 -9999.0 -9999.0 -9999.0 -9999.0 -9999.0 -9999.0 -9999.0 -9999.0 -9999.0 -9999.0 -9999.0 -9999.0 -9999.0 -9999.0 -9999.0
-9999.0 -9999.0 -9999.0 -9999.0 -9999.0 -9999.0 -9999.0 -9999.0 -9999.0 -9999.0 -9999.0 -9999.0 -9999.0 -9999.0 -9999.0 -9999.0 -9999.0 -9999.0 -9999.0 -9999.0 -9999.0 -9999.0 -9999.0 -9999.0 0.314317 0.297719 0.287137 0.309109 0.322207 0.294577 0.335342 -9999.0 -9999.0 -9999.0 -9999.0 -9999.0 -9999.0 -9999.0 -9999.0 -9999.0 -9999.0 -9999.0 -9999.0 -9999.0 -9999.0 -9999.0 -9999.0 -9999.0 -9999.0 -9999.0 -9999.0 -9999.0 -9999.0 -9999.0 -9999.0 -9999.0 -9999.0 -9999.0 -9999.0 -9999.0 -9999.0 -9999.0 -9999.0
-9999.0 -9999.0 -9999.0 -9999.0 -9999.0 -9999.0 -9999.0 -9999.0 -9999.0 -9999.0 -9999.0 -9999.0 -9999.0 -9999.0 -9999.0 -9999.0 -9999.0 -9999.0 -9999.0 -9999.0 -9999.0 -9999.0 -9999.0 0.281384 0.245661 0.070598 0.070658 0.069809 0.069307 0.205077 0.330982 0.384800 -9999.0 -9999.0 -9999.0 -9999.0 -9999.0 -9999.0 -9999.0 -9999.0 -9999.0 -9999.0 -9999.0 -9999.0 -9999.0 -9999.0 -9999.0 -9999.0 -9999.0 -9999.0 -9999.0 -9999.0 -9999.0 -9999.0 -9999.0 -9999.0 -9999.0 -9999.0 -9999.0 -9999.0 -9999.0 -9999.0 -9999.0
-9999.0 -9999.0 -9999.0 -9999.0 -9999.0 -9999.0 -9999.0 -9999.0 -9999.0 -9999.0 -9999.0 -9999.0 -9999.0 -9999.0 -9999.0 -9999.0 -9999.0 -9999.0 0.138796 0.214553 -9999.0 0.251934 0.230221 0.070580 0.072041 0.070983 0.144330 0.097191 0.141397 0.095527 0.253830 0.321704 0.123066 0.113163 -9999.0 -9999.0 -9999.0 -9999.0 -9999.0 -9999.0 -9999.0 -9999.0 -9999.0 -9999.0 -9999.0 -9999.0 -9999.0 -9999.0 -9999.0 -9999.0 -9999.0 -9999.0 -9999.0 -9999.0 -9999.0 -9999.0 -9999.0 -9999.0 -9999.0 -9999.0 -9999.0 -9999.0 -9999.0
-9999.0 -9999.0 -9999.0 -9999.0 -9999.0 -9999.0 -9999.0 -9999.0 -9999.0 -9999.0 -9999.0 -9999.0 -9999.0 -9999.0 -9999.0 -9999.0 -9999.0 0.073152 0.074042 0.021904 0.023041 0.183023 0.086474 0.072374 0.090477 0.212811 0.063855 0.164865 0.081337 0.170365 0.248748 0.239989 0.079422 0.087790 0.113707 0.111161 -9999.0 -9999.0 -9999.0 -9999.0 -9999.0 -9999.0 -9999.0 -9999.0 -9999.0 -9999.0 -9999.0 -9999.0 -9999.0 -9999.0 -9999.0 -9999.0 -9999.0 -9999.0 -9999.0 -9999.0 -9999.0 -9999.0 -9999.0 -9999.0 -9999.0 -9999.0 -9999.0
-9999.0 -9999.0 -9999.0 -9999.0 -9999.0 -9999.0 -9999.0 -9999.0 -9999.0 -9999.0 -9999.0 -9999.0 -9999.0 0.084846 0.073877 0.075538 0.073476 0.022302 0.073548 0.071601 0.072339 0.072908 0.071564 0.072338 0.192248 0.233315 0.029704 0.145339 0.154927 0.243933 0.042604 0.316330 0.319764 0.362961 0.134019 0.116496 -9999.0 -9999.0 -9999.0 -9999.0 -9999.0 -9999.0 -9999.0 -9999.0 -9999.0 -9999.0 -9999.0 -9999.0 -9999.0 -9999.0 -9999.0 -9999.0 -9999.0 -9999.0 -9999.0 -9999.0 -9999.0 -9999.0 -9999.0 -9999.0 -9999.0 -9999.0 -9999.0
-9999.0 -9999.0 -9999.0 -9999.0 -9999.0 -9999.0 -9999.0 -9999.0 -9999.0 -9999.0 -9999.0 -9999.0 -9999.0 0.122792 0.071511 0.073955 0.074135 0.085616 0.022299 0.071477 0.073723 0.068031 0.076575 0.106808 0.080169 0.092182 0.270069 0.096897 0.118699 0.059976 0.092612 0.323143 0.131906 0.152843 0.137005 -9999.0 -9999.0 -9999.0 -9999.0 -9999.0 -9999.0 -9999.0 -9999.0 -9999.0 -9999.0 -9999.0 -9999.0 -9999.0 -9999.0 -9999.0 -9999.0 -9999.0 -9999.0 -9999.0 -9999.0 -9999.0 -9999.0 -9999.0 -9999.0 -9999.0 -9999.0 -9999.0 -9999.0
-9999.0 -9999.0 -9999.0 -9999.0 -9999.0 -9999.0 -9999.0 -9999.0 -9999.0 -9999.0 -9999.0 -9999.0 -9999.0 0.070799 0.520000 0.070118 0.074168 0.074008 0.022275 0.073456 0.075225 0.022112 0.184400 0.111967 0.073084 0.077813 0.060261 0.114541 0.364285 0.140439 0.381396 0.187587 0.154774 0.020030 0.127810 -9999.0 -9999.0 -9999.0 -9999.0 -9999.0 -9999.0 -9999.0 -9999.0 -9999.0 -9999.0 -9999.0 -9999.0 -9999.0 -9999.0 -9999.0 -9999.0 -9999.0 -9999.0 -9999.0 -9999.0 -9999.0 -9999.0 -9999.0 -9999.0 -9999.0 -9999.0 -9999.0 -9999.0
-9999.0 -9999.0 -9999.0 -9999.0 -9999.0 -9999.0 -9999.0 -9999.0 -9999.0 -9999.0 -9999.0 -9999.0 0.071556 0.520000 0.070697 0.072359 0.079867 0.074966 0.067703 0.021817 0.072446 0.174730 0.088118 0.156080 0.042077 0.276652 0.040122 0.333807 0.386199 0.137491 0.274057 0.133292 0.429891 0.109670 -9999.0 -9999.0 -9999.0 -9999.0 -9999.0 -9999.0 -9999.0 -9999.0 -9999.0 -9999.0 -9999.0 -9999.0 -9999.0 -9999.0 -9999.0 -9999.0 -9999.0 -9999.0 -9999.0 -9999.0 -9999.0 -9999.0 -9999.0 -9999.0 -9999.0 -9999.0 -9999.0 -9999.0 -9999.0
-9999.0 -9999.0 -9999.0 -9999.0 -9999.0 -9999.0 -9999.0 -9999.0 -9999.0 -9999.0 -9999.0 0.144000 0.070635 0.520000 0.070393 0.095007 0.021701 0.073970 0.100481 0.021620 0.074735 0.077198 0.146801 0.233606 0.201378 0.287865 0.351540 0.327612 0.443205 0.132518 0.123411 0.331495 0.139770 0.117272 0.130384 0.126584 0.287313 0.197670 0.165302 -9999.0 -9999.0 -9999.0 0.104070 -9999.0 -9999.0 -9999.0 -9999.0 -9999.0 -9999.0 -9999.0 -9999.0 -9999.0 -9999.0 -9999.0 -9999.0 -9999.0 -9999.0 -9999.0 -9999.0 -9999.0 -9999.0 -9999.0 -9999.0
-9999.0 -9999.0 -9999.0 -9999.0 -9999.0 -9999.0 -9999.0 -9999.0 -9999.0 -9999.0 -9999.0 0.154772 0.070242 0.068514 0.068755 0.071191 0.067807 0.073139 0.089414 0.069445 0.082559 0.093774 0.306127 0.041497 0.042482 0.309207 0.289248 0.301505 0.083606 0.125253 0.320328 0.325849 0.373045 0.390603 0.273763 0.331523 0.234624 0.103297 0.166958 0.107265 0.113529 0.114870 0.338404 0.119861 -9999.0 -9999.0 -9999.0 0.076271 0.194178 0.155209 0.354747 0.144722 0.145501 0.058357 0.048520 0.144492 -9999.0 -9999.0 -9999.0 -9999.0 -9999.0 -9999.0 -9999.0
-9999.0 -9999.0 -9999.0 -9999.0 -9999.0 -9999.0 -9999.0 -9999.0 -9999.0 -9999.0 -9999.0 0.170803 0.135260 0.155978 0.132765 0.069063 0.075221 0.075018 0.066609 0.069349 0.106193 0.268784 0.045143 0.348797 0.300750 0.083697 0.044032 0.040075 0.108946 0.305645 0.114119 0.041987 0.319064 0.390334 0.136169 0.279556 0.043506 0.041253 0.074403 0.092766 0.212999 0.152224 0.319771 0.345507 0.401978 -9999.0 0.117611 0.400967 0.367723 0.342219 0.191097 0.084490 0.207416 0.348901 0.319690 0.397620 -9999.0 -9999.0 -9999.0 -9999.0 -9999.0 -9999.0 -9999.0
-9999.0 -9999.0 -9999.0 -9999.0 -9999.0 -9999.0 -9999.0 -9999.0 -9999.0 -9999.0 -9999.0 -9999.0 0.170537 0.357473 0.115575 0.112756 0.097025 0.076117 0.090467 0.069802 0.079137 0.153178 0.185735 0.046774 0.040857 0.043459 0.520000 0.142611 0.332923 0.123883 0.299204 0.043382 0.146777 0.380321 0.395616 0.337976 0.044327 0.044602 0.181302 0.075497 0.094188 0.066778 0.048885 0.308540 0.135785 0.372512 0.132727 0.403353 0.040920 0.047659 0.058720 0.040444 0.040065 0.040253 0.040719 0.414767 0.383018 -9999.0 -9999.0 -9999.0 -9999.0 -9999.0 -9999.0
-9999.0 -9999.0 -9999.0 -9999.0 -9999.0 -9999.0 -9999.0 -9999.0 -9999.0 -9999.0 -9999.0 0.049355 0.219537 0.068617 0.409031 0.183955 0.082375 0.078982 0.071190 0.078762 0.076957 0.141052 0.519766 0.043616 0.044167 0.040669 0.045960 0.331059 0.334468 0.096558 0.043553 0.040342 0.248246 0.363888 0.297378 0.348178 0.259854 0.049377 0.212682 0.074281 0.049211 0.147398 0.518719 0.126650 0.191580 0.336167 0.366541 0.106151 0.077215 0.092509 0.020169 0.318157 0.040135 0.020054 0.020043 0.020141 0.142088 -9999.0 -9999.0 -9999.0 -9999.0 -9999.0 -9999.0
-9999.0 -9999.0 -9999.0 -9999.0 -9999.0 -9999.0 -9999.0 -9999.0 -9999.0 -9999.0 0.520000 0.065430 0.227499 0.205480 0.153614 0.519842 0.519818 0.170796 0.076122 0.080773 0.079798 0.185133 0.043457 0.237501 0.236921 0.040933 0.041837 0.020084 0.124399 0.192017 0.060560 0.040464 0.241753 0.365422 0.122537 0.104784 0.222062 0.046359 0.042047 0.422496 0.299831 0.171375 0.181062 0.225331 0.079841 0.095398 0.288698 0.051651 0.047676 0.243336 0.020074 0.141527 0.020037 0.021264 0.057165 0.366898 0.369985 -9999.0 -9999.0 -9999.0 -9999.0 -9999.0 -9999.0
-9999.0 -9999.0 -9999.0 -9999.0 -9999.0 -9999.0 -9999.0 -9999.0 -9999.0 0.298464 0.302858 0.076084 0.465821 0.049123 0.065823 0.127951 0.070562 0.136783 0.075092 0.077453 0.074417 0.083646 0.101974 0.108878 0.375424 0.040213 0.040632 0.252475 0.066868 0.492282 0.451320 0.040145 0.103501 0.128066 0.113617 0.107808 0.253061 0.043278 0.045114 0.074103 0.040574 0.044149 0.044469 0.129544 0.121442 0.093291 0.155983 0.046766 0.047131 0.437348 0.041831 0.144110 0.020942 0.150243 0.160346 0.040099 0.040430 0.131557 0.150117 -9999.0 -9999.0 -9999.0 -9999.0
-9999.0 -9999.0 -9999.0 -9999.0 -9999.0 -9999.0 -9999.0 -9999.0 -9999.0 0.185427 0.298125 0.172607 0.520000 0.257969 0.064185 0.048691 0.222618 0.147125 0.074221 0.069570 0.070713 0.068108 0.125095 0.294498 0.040663 0.042650 0.050003 0.301894 0.371589 0.277306 0.223842 0.040087 0.357387 0.368445 0.364327 0.101498 0.088167 0.075477 0.296890 0.225692 0.045087 0.042015 0.054077 0.286392 0.116215 0.136710 0.114680 0.171017 0.239697 0.279329 0.040039 0.040025 0.079673 0.041888 0.148566 0.040044 0.040611 0.041785 0.103433 -9999.0 -9999.0 -9999.0 -9999.0
-9999.0 -9999.0 -9999.0 -9999.0 -9999.0 -9999.0 -9999.0 -9999.0 -9999.0 -9999.0 0.300311 0.226870 0.147605 0.041137 0.274119 0.072300 0.206728 0.084459 0.073245 0.073103 0.071353 0.075037 0.083970 0.046669 0.043990 0.084422 0.441636 0.278897 0.243062 0.040162 0.040100 0.040091 0.040094 0.374011 0.360623 0.254520 0.254628 0.273570 0.089952 0.333365 0.308346 0.308839 0.520000 0.107661 0.161587 0.254323 0.079811 0.124954 0.074374 0.201346 0.040105 0.040558 0.149844 0.021115 0.041717 0.390199 0.481067 0.041032 0.112960 0.135947 -9999.0 -9999.0 -9999.0
-9999.0 -9999.0 -9999.0 -9999.0 -9999.0 -9999.0 -9999.0 -9999.0 -9999.0 -9999.0 0.359434 0.301450 0.278007 0.375575 0.297612 0.148730 0.176794 0.080692 0.073220 0.071041 0.074401 0.076685 0.070283 0.063296 0.082790 0.377814 0.252126 0.230549 0.040319 0.040131 0.314944 0.387965 0.020131 0.344212 0.323432 0.305063 0.041287 0.067702 0.041607 0.339277 0.350742 0.086072 0.049577 0.195521 0.268782 0.046351 0.331696 0.165399 0.077225 0.082773 0.501047 0.041540 0.040057 0.173517 0.020757 0.051663 0.342477 0.046379 0.520000 0.366092 -9999.0 -9999.0 -9999.0
-9999.0 -9999.0 -9999.0 -9999.0 -9999.0 -9999.0 -9999.0 -9999.0 0.365363 0.311144 0.220755 0.375016 0.044156 0.054366 0.058146 0.195018 0.074111 0.068079 0.070133 0.070620 0.072237 0.072514 0.072868 0.074175 0.168981 0.252348 0.286290 0.041726 0.042644 0.040159 0.154456 0.327276 0.320546 0.342159 0.369429 0.295433 0.119035 0.079617 0.040053 0.097847 0.092952 0.310115 0.020187 0.093392 0.043884 0.520000 0.040062 0.051844 0.232135 0.228051 0.365926 0.041884 0.040200 0.040020 0.085694 0.336919 0.139557 0.286027 0.223954 0.086406 -9999.0 -9999.0 -9999.0
-9999.0 -9999.0 -9999.0 -9999.0 -9999.0 -9999.0 -9999.0 -9999.0 0.020000 0.040394 0.040407 0.347057 0.310074 0.040311 0.041279 0.243766 0.079532 0.076709 0.072362 0.070131 0.086489 0.065631 0.064468 0.064361 0.074013 0.093133 0.312254 0.066337 0.020139 0.349383 0.378557 0.099489 0.325187 0.094690 0.357183 0.298471 0.120858 0.482525 0.057127 0.241047 0.313774 0.146828 0.090460 0.216292 0.520000 0.046718 0.020116 0.270757 0.068386 0.289292 0.339283 0.064309 0.040026 0.378818 0.247003 0.020120 0.045227 0.485881 0.118950 0.081610 0.074431 -9999.0 -9999.0
-9999.0 -9999.0 -9999.0 -9999.0 -9999.0 -9999.0 -9999.0 -9999.0 0.310169 0.520000 0.455161 0.040106 0.424164 0.020249 0.046880 0.041962 0.154415 0.074186 0.072793 0.086876 0.069724 0.066119 0.065202 0.070287 0.068796 0.077190 0.285696 0.040366 0.020093 0.317672 0.095070 0.346030 0.041508 0.042498 0.316651 0.145485 0.304593 0.304554 0.072783 0.050833 0.262638 0.079619 0.321161 0.520000 0.043201 0.331583 0.097866 0.357265 0.041218 0.107562 0.196085 0.409183 0.040023 0.040027 0.057197 0.519414 0.453558 0.220680 0.075254 0.086332 0.078100 -9999.0 -9999.0
-9999.0 -9999.0 -9999.0 -9999.0 -9999.0 -9999.0 -9999.0 -9999.0 0.140550 0.273994 0.050682 0.020095 0.374749 0.042679 0.044321 0.332148 0.075258 0.073632 0.072229 0.072854 0.070734 0.070436 0.067727 0.068830 0.077368 0.141629 0.056117 0.040095 0.274870 0.046844 0.047272 0.062420 0.470430 0.519514 0.073565 0.105998 0.078766 0.076850 0.226805 0.203690 0.178865 0.173502 0.188692 0.051336 0.344384 0.083790 0.114363 0.084508 0.312866 0.045129 0.173839 0.145431 0.359571 0.063938 0.463520 0.396184 0.143120 0.102547 0.083168 0.079263 0.080112 0.108350 -9999.0
-9999.0 -9999.0 -9999.0 -9999.0 -9999.0 -9999.0 -9999.0 -9999.0 0.060745 0.410654 0.040223 0.040169 0.043487 0.048516 0.382199 0.154471 0.166658 0.080832 0.104957 0.076469 0.074228 0.071843 0.071979 0.073026 0.069790 0.137208 0.040618 0.079757 0.290425 0.520000 0.046766 0.404143 0.186711 0.314767 0.207709 0.078292 0.075437 0.075069 0.075655 0.183279 0.161417 0.129736 0.236765 0.295078 0.046085 0.176628 0.062458 0.097745 0.057494 0.403625 0.135035 0.099616 0.137134 0.212751 0.318632 0.284929 0.173232 0.104982 0.088018 0.074946 0.078253 0.115357 -9999.0
-9999.0 -9999.0 0.151141 0.334602 0.040036 0.042139 0.040186 0.040369 0.407151 0.401340 0.043658 0.040309 0.050990 0.520000 0.206681 0.503271 0.097484 0.040363 0.050613 0.236951 0.076922 0.074185 0.075389 0.073794 0.074584 0.079493 0.166604 0.172031 0.087497 0.201267 0.091051 0.113568 0.095237 0.077413 0.074547 0.076538 0.073343 0.073620 0.074538 0.077224 0.074012 0.073465 0.075615 0.103320 0.210782 0.157127 0.239972 0.228130 0.076580 0.077341 0.075992 0.085003 0.146987 0.209493 0.249607 0.179679 0.180350 0.117104 0.084557 0.081783 0.104852 0.127751 -9999.0
-9999.0 0.049213 0.045662 0.045196 0.042509 0.043320 0.040276 0.040287 0.040068 0.385253 0.040748 0.041470 0.519568 0.315192 0.474584 0.044594 0.043812 0.041412 0.043066 0.126618 0.077702 0.075174 0.084502 0.082037 0.068802 0.073993 0.070248 0.070474 0.072874 0.084088 0.074669 0.073840 0.072464 0.068849 0.071618 0.071526 0.070793 0.071783 0.071344 0.072112 0.072023 0.071509 0.071127 0.074484 0.075748 0.075150 0.079297 0.073363 0.072319 0.077600 0.084342 0.118287 0.179374 0.249441 0.256260 0.392630 0.341275 0.312977 0.382796 0.282055 0.240055 0.130581 -9999.0
-9999.0 0.290565 0.510916 0.157350 0.307200 0.071860 0.040054 0.040116 0.391479 0.271912 0.040604 0.040362 0.313607 0.368858 0.050408 0.040052 0.040384 0.041022 0.041275 0.181787 0.302441 0.140578 0.101387 0.126454 0.121211 0.094501 0.073646 0.071831 0.072160 0.072184 0.072040 0.072317 0.071197 0.071181 0.067372 0.070214 0.076389 0.074116 0.069505 0.069717 0.069426 0.069670 0.069346 0.071323 0.071112 0.070980 0.071057 0.071798 0.073008 0.075825 0.087693 0.131171 0.270217 0.402492 0.517080 0.062037 0.040733 0.054643 0.062048 0.049810 0.069062 -9999.0 -9999.0
-9999.0 0.073874 0.047052 0.042514 0.346115 0.302016 0.318821 0.040145 0.041315 0.041109 0.043744 0.078640 0.311585 0.457225 0.040177 0.040031 0.040147 0.040410 0.040130 0.041002 0.049815 0.064404 0.120428 0.142293 0.132478 0.081849 0.076368 0.074541 0.071330 0.071965 0.070332 0.069980 0.070788 0.070411 0.070004 0.069608 0.069548 0.073152 0.069487 0.069125 0.068866 0.075531 0.068722 0.068461 0.068763 0.069853 0.070797 0.072622 0.078177 0.080492 0.145319 0.251830 0.075854 0.520000 0.047436 0.040304 0.040277 0.040140 0.040180 -9999.0 -9999.0 -9999.0 -9999.0
