user2019/resources/simulation/Vinschgau/output-maps/thetaliqL0001N0890.asc
ncols         63
nrows         48
xllcorner     598000.000000
yllcorner     5145000.000000
cellsize      1000.000000
NODATA_value  -9999.0
[rows 0 to 28 of 48, columns 0 to 62 of 63]
-9999.0 -9999.0 -9999.0 -9999.0 -9999.0 -9999.0 -9999.0 -9999.0 -9999.0 -9999.0 -9999.0 -9999.0 -9999.0 -9999.0 -9999.0 -9999.0 -9999.0 -9999.0 -9999.0 -9999.0 -9999.0 -9999.0 -9999.0 -9999.0 -9999.0 -9999.0 -9999.0 -9999.0 -9999.0 -9999.0 -9999.0 -9999.0 -9999.0 -9999.0 -9999.0 -9999.0 -9999.0 -9999.0 -9999.0 -9999.0 -9999.0 -9999.0 -9999.0 -9999.0 -9999.0 -9999.0 -9999.0 -9999.0 -9999.0 -9999.0 -9999.0 -9999.0 -9999.0 -9999.0 -9999.0 -9999.0 -9999.0 -9999.0 -9999.0 -9999.0 -9999.0 -9999.0 -9999.0
-9999.0 -9999.0 -9999.0 -9999.0 -9999.0 -9999.0 -9999.0 -9999.0 -9999.0 -9999.0 -9999.0 -9999.0 -9999.0 -9999.0 -9999.0 -9999.0 -9999.0 -9999.0 -9999.0 -9999.0 -9999.0 -9999.0 -9999.0 -9999.0 -9999.0 -9999.0 -9999.0 0.020039 0.040032 0.020049 0.040022 0.040016 0.040014 -9999.0 -9999.0 -9999.0 -9999.0 -9999.0 -9999.0 -9999.0 -9999.0 -9999.0 -9999.0 -9999.0 -9999.0 -9999.0 -9999.0 -9999.0 -9999.0 -9999.0 -9999.0 -9999.0 -9999.0 -9999.0 -9999.0 -9999.0 -9999.0 -9999.0 -9999.0 -9999.0 -9999.0 -9999.0 -9999.0
-9999.0 -9999.0 -9999.0 -9999.0 -9999.0 -9999.0 -9999.0 -9999.0 -9999.0 -9999.0 -9999.0 -9999.0 -9999.0 -9999.0 -9999.0 -9999.0 -9999.0 -9999.0 -9999.0 -9999.0 -9999.0 -9999.0 -9999.0 -9999.0 0.040055 0.040073 0.040176 0.040060 0.040132 0.040025 0.040019 -9999.0 -9999.0 -9999.0 -9999.0 -9999.0 -9999.0 -9999.0 -9999.0 -9999.0 -9999.0 -9999.0 -9999.0 -9999.0 -9999.0 -9999.0 -9999.0 -9999.0 -9999.0 -9999.0 -9999.0 -9999.0 -9999.0 -9999.0 -9999.0 -9999.0 -9999.0 -9999.0 -9999.0 -9999.0 -9999.0 -9999.0 -9999.0
-9999.0 -9999.0 -9999.0 -9999.0 -9999.0 -9999.0 -9999.0 -9999.0 -9999.0 -9999.0 -9999.0 -9999.0 -9999.0 -9999.0 -9999.0 -9999.0 -9999.0 -9999.0 -9999.0 -9999.0 -9999.0 -9999.0 -9999.0 0.040083 0.050062 0.142438 0.245843 0.076651 0.332477 0.040095 0.040020 0.040015 -9999.0 -9999.0 -9999.0 -9999.0 -9999.0 -9999.0 -9999.0 -9999.0 -9999.0 -9999.0 -9999.0 -9999.0 -9999.0 -9999.0 -9999.0 -9999.0 -9999.0 -9999.0 -9999.0 -9999.0 -9999.0 -9999.0 -9999.0 -9999.0 -9999.0 -9999.0 -9999.0 -9999.0 -9999.0 -9999.0 -9999.0
-9999.0 -9999.0 -9999.0 -9999.0 -9999.0 -9999.0 -9999.0 -9999.0 -9999.0 -9999.0 -9999.0 -9999.0 -9999.0 -9999.0 -9999.0 -9999.0 -9999.0 -9999.0 0.199140 0.041142 -9999.0 0.040174 0.048121 0.104315 0.269097 0.089854 0.134322 0.131847 0.118628 0.067229 0.040065 0.040023 0.020030 0.020023 -9999.0 -9999.0 -9999.0 -9999.0 -9999.0 -9999.0 -9999.0 -9999.0 -9999.0 -9999.0 -9999.0 -9999.0 -9999.0 -9999.0 -9999.0 -9999.0 -9999.0 -9999.0 -9999.0 -9999.0 -9999.0 -9999.0 -9999.0 -9999.0 -9999.0 -9999.0 -9999.0 -9999.0 -9999.0
-9999.0 -9999.0 -9999.0 -9999.0 -9999.0 -9999.0 -9999.0 -9999.0 -9999.0 -9999.0 -9999.0 -9999.0 -9999.0 -9999.0 -9999.0 -9999.0 -9999.0 0.071440 0.086606 0.045947 0.020130 0.056223 0.065592 0.086593 0.134999 0.072972 0.041554 0.054479 0.046733 0.088420 0.054674 0.040072 0.020046 0.020040 0.020027 0.020023 -9999.0 -9999.0 -9999.0 -9999.0 -9999.0 -9999.0 -9999.0 -9999.0 -9999.0 -9999.0 -9999.0 -9999.0 -9999.0 -9999.0 -9999.0 -9999.0 -9999.0 -9999.0 -9999.0 -9999.0 -9999.0 -9999.0 -9999.0 -9999.0 -9999.0 -9999.0 -9999.0
-9999.0 -9999.0 -9999.0 -9999.0 -9999.0 -9999.0 -9999.0 -9999.0 -9999.0 -9999.0 -9999.0 -9999.0 -9999.0 0.076989 0.092665 0.107325 0.072237 0.023397 0.072595 0.111715 0.126506 0.103193 0.242254 0.139197 0.070542 0.044795 0.020069 0.040200 0.040217 0.050683 0.040038 0.040001 0.040018 0.040014 0.020030 0.020021 -9999.0 -9999.0 -9999.0 -9999.0 -9999.0 -9999.0 -9999.0 -9999.0 -9999.0 -9999.0 -9999.0 -9999.0 -9999.0 -9999.0 -9999.0 -9999.0 -9999.0 -9999.0 -9999.0 -9999.0 -9999.0 -9999.0 -9999.0 -9999.0 -9999.0 -9999.0 -9999.0
-9999.0 -9999.0 -9999.0 -9999.0 -9999.0 -9999.0 -9999.0 -9999.0 -9999.0 -9999.0 -9999.0 -9999.0 -9999.0 0.132046 0.287194 0.081631 0.073173 0.339244 0.023336 0.186997 0.073661 0.372816 0.305377 0.246319 0.042321 0.062843 0.040032 0.020043 0.020033 0.040060 0.040110 0.040024 0.020030 0.020016 0.020025 -9999.0 -9999.0 -9999.0 -9999.0 -9999.0 -9999.0 -9999.0 -9999.0 -9999.0 -9999.0 -9999.0 -9999.0 -9999.0 -9999.0 -9999.0 -9999.0 -9999.0 -9999.0 -9999.0 -9999.0 -9999.0 -9999.0 -9999.0 -9999.0 -9999.0 -9999.0 -9999.0 -9999.0
-9999.0 -9999.0 -9999.0 -9999.0 -9999.0 -9999.0 -9999.0 -9999.0 -9999.0 -9999.0 -9999.0 -9999.0 -9999.0 0.257556 0.429172 0.208849 0.079546 0.074309 0.023322 0.072861 0.440419 0.033682 0.082621 0.053859 0.085152 0.079673 0.020066 0.020031 0.040016 0.020018 0.040018 0.020015 0.020014 0.020011 0.020020 -9999.0 -9999.0 -9999.0 -9999.0 -9999.0 -9999.0 -9999.0 -9999.0 -9999.0 -9999.0 -9999.0 -9999.0 -9999.0 -9999.0 -9999.0 -9999.0 -9999.0 -9999.0 -9999.0 -9999.0 -9999.0 -9999.0 -9999.0 -9999.0 -9999.0 -9999.0 -9999.0 -9999.0
-9999.0 -9999.0 -9999.0 -9999.0 -9999.0 -9999.0 -9999.0 -9999.0 -9999.0 -9999.0 -9999.0 -9999.0 0.091300 0.126502 0.306452 0.105106 0.259742 0.107487 0.303357 0.023750 0.101045 0.049318 0.050012 0.042392 0.040035 0.040030 0.040012 0.040018 0.040028 0.020029 0.040004 0.020029 0.040015 0.020020 -9999.0 -9999.0 -9999.0 -9999.0 -9999.0 -9999.0 -9999.0 -9999.0 -9999.0 -9999.0 -9999.0 -9999.0 -9999.0 -9999.0 -9999.0 -9999.0 -9999.0 -9999.0 -9999.0 -9999.0 -9999.0 -9999.0 -9999.0 -9999.0 -9999.0 -9999.0 -9999.0 -9999.0 -9999.0
-9999.0 -9999.0 -9999.0 -9999.0 -9999.0 -9999.0 -9999.0 -9999.0 -9999.0 -9999.0 -9999.0 0.084058 0.431501 0.520000 0.348361 0.173132 0.024785 0.141596 0.520000 0.199994 0.090315 0.101526 0.040359 0.040042 0.058720 0.040049 0.040016 0.040029 0.040020 0.020022 0.020028 0.040039 0.020033 0.020024 0.020027 0.020036 0.040018 0.040027 0.040036 -9999.0 -9999.0 -9999.0 0.020025 -9999.0 -9999.0 -9999.0 -9999.0 -9999.0 -9999.0 -9999.0 -9999.0 -9999.0 -9999.0 -9999.0 -9999.0 -9999.0 -9999.0 -9999.0 -9999.0 -9999.0 -9999.0 -9999.0 -9999.0
-9999.0 -9999.0 -9999.0 -9999.0 -9999.0 -9999.0 -9999.0 -9999.0 -9999.0 -9999.0 -9999.0 0.064135 0.367275 0.375445 0.257657 0.094381 0.147623 0.076299 0.331970 0.379259 0.470042 0.114278 0.041006 0.040029 0.040052 0.040029 0.040025 0.040058 0.020049 0.020024 0.040028 0.040000 0.040016 0.040012 0.040011 0.040028 0.040110 0.040139 0.040033 0.020026 0.020026 0.020025 0.040025 0.020030 -9999.0 -9999.0 -9999.0 0.040008 0.040010 0.020027 0.040012 0.020023 0.020022 0.040009 0.040009 0.020021 -9999.0 -9999.0 -9999.0 -9999.0 -9999.0 -9999.0 -9999.0
-9999.0 -9999.0 -9999.0 -9999.0 -9999.0 -9999.0 -9999.0 -9999.0 -9999.0 -9999.0 -9999.0 0.041999 0.067527 0.042882 0.164957 0.158113 0.135894 0.186422 0.351008 0.330652 0.308458 0.082292 0.040131 0.040056 0.040028 0.020041 0.040068 0.040006 0.020036 0.040011 0.020033 0.040003 0.040060 0.040013 0.020030 0.040077 0.040008 0.040010 0.042141 0.020034 0.040035 0.040017 0.040064 0.040030 0.040013 -9999.0 0.020021 0.040013 0.040024 0.040047 0.040058 0.020058 0.040031 0.040022 0.040020 0.040014 -9999.0 -9999.0 -9999.0 -9999.0 -9999.0 -9999.0 -9999.0
-9999.0 -9999.0 -9999.0 -9999.0 -9999.0 -9999.0 -9999.0 -9999.0 -9999.0 -9999.0 -9999.0 -9999.0 0.074273 0.040168 0.120016 0.132517 0.166419 0.157163 0.382364 0.357272 0.273380 0.093299 0.060298 0.040268 0.040023 0.040060 0.040052 0.040043 0.040021 0.020031 0.040025 0.040004 0.040058 0.040019 0.040015 0.040034 0.040058 0.040015 0.120314 0.040072 0.040202 0.020066 0.040116 0.040251 0.020033 0.040012 0.020026 0.040014 0.040024 0.040107 0.041076 0.040006 0.040013 0.040004 0.040002 0.040021 0.040014 -9999.0 -9999.0 -9999.0 -9999.0 -9999.0 -9999.0
-9999.0 -9999.0 -9999.0 -9999.0 -9999.0 -9999.0 -9999.0 -9999.0 -9999.0 -9999.0 -9999.0 0.040473 0.040093 0.057599 0.040121 0.090169 0.113395 0.283772 0.388860 0.154419 0.210397 0.294779 0.079156 0.040053 0.040099 0.045094 0.040472 0.040018 0.040018 0.020045 0.040055 0.040009 0.040375 0.040019 0.040010 0.040027 0.040028 0.040178 0.079283 0.078398 0.040166 0.063515 0.040090 0.020141 0.045490 0.040020 0.040038 0.020048 0.020067 0.045926 0.020036 0.040020 0.040008 0.020020 0.020018 0.020015 0.020029 -9999.0 -9999.0 -9999.0 -9999.0 -9999.0 -9999.0
-9999.0 -9999.0 -9999.0 -9999.0 -9999.0 -9999.0 -9999.0 -9999.0 -9999.0 -9999.0 0.040071 0.041448 0.040779 0.041018 0.099118 0.040358 0.040169 0.086662 0.082343 0.172850 0.443765 0.151059 0.040295 0.065458 0.064343 0.040034 0.040033 0.020029 0.040057 0.040153 0.040015 0.040015 0.040122 0.040019 0.020021 0.020033 0.040067 0.040079 0.056804 0.092419 0.093909 0.075426 0.186897 0.426121 0.050729 0.020046 0.040041 0.040165 0.041325 0.061860 0.020022 0.020026 0.020017 0.020014 0.020015 0.040020 0.040021 -9999.0 -9999.0 -9999.0 -9999.0 -9999.0 -9999.0
-9999.0 -9999.0 -9999.0 -9999.0 -9999.0 -9999.0 -9999.0 -9999.0 -9999.0 0.040034 0.043029 0.040193 0.051309 0.040228 0.044354 0.056577 0.048234 0.157711 0.096741 0.079384 0.397715 0.107489 0.094903 0.095906 0.082113 0.040069 0.040021 0.040175 0.041560 0.069241 0.084840 0.040057 0.020035 0.020016 0.020025 0.020033 0.040065 0.040047 0.040067 0.044304 0.058063 0.041949 0.040407 0.248857 0.339400 0.044629 0.089540 0.040101 0.040108 0.084560 0.040032 0.020028 0.020013 0.020019 0.020023 0.040008 0.040010 0.020032 0.020025 -9999.0 -9999.0 -9999.0 -9999.0
-9999.0 -9999.0 -9999.0 -9999.0 -9999.0 -9999.0 -9999.0 -9999.0 -9999.0 0.040016 0.040030 0.040141 0.075368 0.072594 0.043032 0.040220 0.091937 0.099859 0.081744 0.292486 0.328354 0.282711 0.166338 0.099062 0.040109 0.040046 0.040275 0.061932 0.095787 0.103989 0.061443 0.040042 0.040033 0.040014 0.040023 0.020033 0.020038 0.020056 0.040029 0.040413 0.040232 0.040034 0.040407 0.104792 0.308543 0.393725 0.426040 0.095150 0.072404 0.085761 0.040025 0.040008 0.020019 0.040007 0.020026 0.040006 0.040010 0.040012 0.020041 -9999.0 -9999.0 -9999.0 -9999.0
-9999.0 -9999.0 -9999.0 -9999.0 -9999.0 -9999.0 -9999.0 -9999.0 -9999.0 -9999.0 0.040022 0.040148 0.054507 0.040238 0.079087 0.048984 0.069647 0.411642 0.077197 0.251679 0.371543 0.114810 0.073231 0.042466 0.040090 0.052005 0.089482 0.117268 0.058576 0.040061 0.040045 0.040015 0.040013 0.040017 0.040060 0.040120 0.040260 0.045836 0.020037 0.040026 0.040021 0.040470 0.042437 0.045155 0.084389 0.090416 0.321767 0.447442 0.421162 0.088064 0.040048 0.040011 0.020023 0.020020 0.040007 0.040013 0.040040 0.040036 0.040023 0.054117 -9999.0 -9999.0 -9999.0
-9999.0 -9999.0 -9999.0 -9999.0 -9999.0 -9999.0 -9999.0 -9999.0 -9999.0 -9999.0 0.040020 0.040039 0.040129 0.063972 0.145471 0.094264 0.085664 0.142199 0.081767 0.076533 0.072085 0.155677 0.068265 0.042233 0.052201 0.098890 0.520000 0.087859 0.040084 0.040015 0.040025 0.040066 0.020025 0.040013 0.040027 0.041603 0.040034 0.044181 0.040032 0.040017 0.040032 0.020009 0.040103 0.040077 0.059261 0.040958 0.064138 0.085057 0.305070 0.520000 0.083405 0.040030 0.040012 0.020024 0.020018 0.020021 0.040012 0.040086 0.520000 0.520000 -9999.0 -9999.0 -9999.0
-9999.0 -9999.0 -9999.0 -9999.0 -9999.0 -9999.0 -9999.0 -9999.0 0.040058 0.040024 0.040016 0.040059 0.040007 0.040147 0.056819 0.358258 0.084263 0.251258 0.200691 0.074170 0.068600 0.072198 0.087642 0.126924 0.094395 0.434933 0.131092 0.040168 0.040038 0.040015 0.020017 0.040026 0.040027 0.040015 0.040036 0.040031 0.076874 0.055204 0.040030 0.020033 0.020046 0.040204 0.020036 0.020035 0.020070 0.040142 0.040034 0.040309 0.089175 0.520000 0.093304 0.040203 0.040018 0.040007 0.020022 0.040017 0.020034 0.050508 0.098624 0.520000 -9999.0 -9999.0 -9999.0
-9999.0 -9999.0 -9999.0 -9999.0 -9999.0 -9999.0 -9999.0 -9999.0 0.020021 0.040058 0.040019 0.040017 0.040032 0.040014 0.040139 0.089353 0.196594 0.139202 0.069005 0.073421 0.302422 0.264605 0.263611 0.299708 0.083702 0.269980 0.419289 0.041274 0.020025 0.040018 0.040014 0.020037 0.040037 0.020039 0.040056 0.040120 0.133671 0.041217 0.040525 0.040059 0.040025 0.040006 0.020040 0.040073 0.040024 0.040131 0.020033 0.040048 0.041506 0.361802 0.520000 0.042285 0.040011 0.040014 0.040034 0.020042 0.040070 0.064895 0.484423 0.486592 0.079835 -9999.0 -9999.0
-9999.0 -9999.0 -9999.0 -9999.0 -9999.0 -9999.0 -9999.0 -9999.0 0.040027 0.040000 0.040036 0.040014 0.040023 0.020039 0.040177 0.040179 0.096153 0.279537 0.069732 0.273101 0.072732 0.183935 0.231270 0.079245 0.286118 0.190441 0.185094 0.040089 0.020031 0.040028 0.020044 0.040312 0.040030 0.040039 0.040702 0.040361 0.080745 0.511955 0.070883 0.040137 0.040053 0.020045 0.040061 0.040000 0.040048 0.040053 0.020033 0.040029 0.040027 0.077674 0.403785 0.088426 0.040014 0.040011 0.040034 0.040106 0.122545 0.508977 0.373077 0.520000 0.354231 -9999.0 -9999.0
-9999.0 -9999.0 -9999.0 -9999.0 -9999.0 -9999.0 -9999.0 -9999.0 0.020027 0.040063 0.040171 0.020027 0.040041 0.040083 0.040962 0.129802 0.074931 0.071388 0.332941 0.069062 0.074876 0.074596 0.200385 0.088897 0.084509 0.278565 0.052316 0.040044 0.040217 0.040178 0.040100 0.040484 0.072049 0.040372 0.042978 0.066384 0.174298 0.198407 0.429297 0.054306 0.040113 0.040201 0.040191 0.020070 0.040034 0.020047 0.040061 0.020060 0.040035 0.040074 0.082180 0.437000 0.086259 0.040159 0.085852 0.520000 0.493680 0.520000 0.271743 0.360738 0.359193 0.291436 -9999.0
-9999.0 -9999.0 -9999.0 -9999.0 -9999.0 -9999.0 -9999.0 -9999.0 0.040010 0.040047 0.040022 0.040063 0.040499 0.055943 0.112949 0.511265 0.491723 0.212766 0.274064 0.140041 0.072315 0.081301 0.076952 0.078335 0.325029 0.090318 0.040107 0.051339 0.080533 0.087035 0.041102 0.091539 0.520000 0.122142 0.091372 0.114705 0.366548 0.124307 0.122854 0.483905 0.095315 0.089700 0.102192 0.073095 0.040085 0.043877 0.041078 0.059319 0.040634 0.086449 0.457967 0.269186 0.380886 0.420343 0.520000 0.520000 0.520000 0.434836 0.414362 0.358276 0.240604 0.302588 -9999.0
-9999.0 -9999.0 0.040036 0.040056 0.040003 0.040039 0.040004 0.040021 0.040019 0.040028 0.040066 0.041258 0.060171 0.092031 0.160714 0.520000 0.076992 0.040091 0.040278 0.093010 0.136457 0.098431 0.414916 0.069843 0.087192 0.152496 0.086757 0.096936 0.322834 0.150398 0.075555 0.209456 0.520000 0.275999 0.393144 0.173358 0.302837 0.077250 0.076130 0.142455 0.347260 0.404747 0.304798 0.419925 0.089959 0.089242 0.484300 0.369433 0.389515 0.374011 0.308220 0.289716 0.451439 0.494707 0.520000 0.520000 0.520000 0.413317 0.411293 0.296014 0.460731 0.316413 -9999.0
-9999.0 0.040243 0.040199 0.040117 0.040043 0.040007 0.040004 0.040018 0.040012 0.040017 0.040028 0.040157 0.147430 0.066368 0.119600 0.040850 0.040080 0.040030 0.040137 0.080305 0.140026 0.185643 0.520000 0.308180 0.131177 0.088560 0.245209 0.288037 0.321172 0.392875 0.267125 0.318902 0.432071 0.408346 0.271760 0.242901 0.184376 0.068957 0.261745 0.268617 0.246504 0.287822 0.310884 0.132284 0.137980 0.133034 0.345349 0.092727 0.257661 0.231879 0.347984 0.424873 0.520000 0.520000 0.520000 0.520000 0.464997 0.425000 0.514633 0.132473 0.270595 0.320929 -9999.0
-9999.0 0.080251 0.040000 0.051857 0.060818 0.040005 0.040031 0.040015 0.040016 0.040016 0.040021 0.040090 0.109459 0.125665 0.048496 0.040030 0.040019 0.040025 0.041637 0.074700 0.097714 0.374102 0.300410 0.520000 0.444386 0.268931 0.069616 0.075010 0.256146 0.072329 0.068461 0.069431 0.357899 0.351943 0.358702 0.258367 0.298155 0.252638 0.188720 0.138065 0.196425 0.253323 0.245501 0.068369 0.066641 0.067211 0.207584 0.278760 0.297989 0.329817 0.373638 0.341047 0.411835 0.520000 0.487020 0.058676 0.050207 0.056038 0.062662 0.046485 0.065580 -9999.0 -9999.0
-9999.0 0.040203 0.054669 0.041248 0.239468 0.090825 0.062581 0.040057 0.040029 0.040031 0.040102 0.071359 0.114392 0.089532 0.040066 0.040013 0.040015 0.040036 0.040059 0.049427 0.045579 0.061663 0.198873 0.444076 0.476865 0.348088 0.350426 0.344541 0.076714 0.244140 0.073049 0.072160 0.308437 0.315618 0.258178 0.179618 0.191487 0.232397 0.147494 0.122935 0.130381 0.268922 0.208736 0.070090 0.070223 0.259278 0.259305 0.329436 0.361109 0.242457 0.388969 0.092973 0.069491 0.040680 0.043174 0.040115 0.040110 0.040076 0.040085 -9999.0 -9999.0 -9999.0 -9999.0
