user2019/resources/simulation/Vinschgau/output-maps/thetaliqL0004N0567.asc
ncols         63
nrows         48
xllcorner     598000.000000
yllcorner     5145000.000000
cellsize      1000.000000
NODATA_value  -9999.0
[rows 0 to 28 of 48, columns 0 to 62 of 63]
-9999.0 -9999.0 -9999.0 -9999.0 -9999.0 -9999.0 -9999.0 -9999.0 -9999.0 -9999.0 -9999.0 -9999.0 -9999.0 -9999.0 -9999.0 -9999.0 -9999.0 -9999.0 -9999.0 -9999.0 -9999.0 -9999.0 -9999.0 -9999.0 -9999.0 -9999.0 -9999.0 -9999.0 -9999.0 -9999.0 -9999.0 -9999.0 -9999.0 -9999.0 -9999.0 -9999.0 -9999.0 -9999.0 -9999.0 -9999.0 -9999.0 -9999.0 -9999.0 -9999.0 -9999.0 -9999.0 -9999.0 -9999.0 -9999.0 -9999.0 -9999.0 -9999.0 -9999.0 -9999.0 -9999.0 -9999.0 -9999.0 -9999.0 -9999.0 -9999.0 -9999.0 -9999.0 -9999.0
-9999.0 -9999.0 -9999.0 -9999.0 -9999.0 -9999.0 -9999.0 -9999.0 -9999.0 -9999.0 -9999.0 -9999.0 -9999.0 -9999.0 -9999.0 -9999.0 -9999.0 -9999.0 -9999.0 -9999.0 -9999.0 -9999.0 -9999.0 -9999.0 -9999.0 -9999.0 -9999.0 0.050762 0.520000 0.040344 0.520000 0.520000 0.520000 -9999.0 -9999.0 -9999.0 -9999.0 -9999.0 -9999.0 -9999.0 -9999.0 -9999.0 -9999.0 -9999.0 -9999.0 -9999.0 -9999.0 -9999.0 -9999.0 -9999.0 -9999.0 -9999.0 -9999.0 -9999.0 -9999.0 -9999.0 -9999.0 -9999.0 -9999.0 -9999.0 -9999.0 -9999.0 -9999.0
-9999.0 -9999.0 -9999.0 -9999.0 -9999.0 -9999.0 -9999.0 -9999.0 -9999.0 -9999.0 -9999.0 -9999.0 -9999.0 -9999.0 -9999.0 -9999.0 -9999.0 -9999.0 -9999.0 -9999.0 -9999.0 -9999.0 -9999.0 -9999.0 0.520000 0.518892 0.513515 0.516708 0.520000 0.520000 0.520000 -9999.0 -9999.0 -9999.0 -9999.0 -9999.0 -9999.0 -9999.0 -9999.0 -9999.0 -9999.0 -9999.0 -9999.0 -9999.0 -9999.0 -9999.0 -9999.0 -9999.0 -9999.0 -9999.0 -9999.0 -9999.0 -9999.0 -9999.0 -9999.0 -9999.0 -9999.0 -9999.0 -9999.0 -9999.0 -9999.0 -9999.0 -9999.0
-9999.0 -9999.0 -9999.0 -9999.0 -9999.0 -9999.0 -9999.0 -9999.0 -9999.0 -9999.0 -9999.0 -9999.0 -9999.0 -9999.0 -9999.0 -9999.0 -9999.0 -9999.0 -9999.0 -9999.0 -9999.0 -9999.0 -9999.0 0.520000 0.520000 0.154512 0.118872 0.089268 0.341386 0.504129 0.520000 0.520000 -9999.0 -9999.0 -9999.0 -9999.0 -9999.0 -9999.0 -9999.0 -9999.0 -9999.0 -9999.0 -9999.0 -9999.0 -9999.0 -9999.0 -9999.0 -9999.0 -9999.0 -9999.0 -9999.0 -9999.0 -9999.0 -9999.0 -9999.0 -9999.0 -9999.0 -9999.0 -9999.0 -9999.0 -9999.0 -9999.0 -9999.0
-9999.0 -9999.0 -9999.0 -9999.0 -9999.0 -9999.0 -9999.0 -9999.0 -9999.0 -9999.0 -9999.0 -9999.0 -9999.0 -9999.0 -9999.0 -9999.0 -9999.0 -9999.0 0.520000 0.520000 -9999.0 0.520000 0.520000 0.206628 0.154833 0.078981 0.246397 0.286976 0.229257 0.180257 0.520000 0.520000 0.068829 0.092970 -9999.0 -9999.0 -9999.0 -9999.0 -9999.0 -9999.0 -9999.0 -9999.0 -9999.0 -9999.0 -9999.0 -9999.0 -9999.0 -9999.0 -9999.0 -9999.0 -9999.0 -9999.0 -9999.0 -9999.0 -9999.0 -9999.0 -9999.0 -9999.0 -9999.0 -9999.0 -9999.0 -9999.0 -9999.0
-9999.0 -9999.0 -9999.0 -9999.0 -9999.0 -9999.0 -9999.0 -9999.0 -9999.0 -9999.0 -9999.0 -9999.0 -9999.0 -9999.0 -9999.0 -9999.0 -9999.0 0.159336 0.305343 0.020953 0.056317 0.339044 0.245869 0.112826 0.227640 0.230587 0.296511 0.303442 0.268816 0.317641 0.520000 0.520000 0.020024 0.020078 0.020478 0.020279 -9999.0 -9999.0 -9999.0 -9999.0 -9999.0 -9999.0 -9999.0 -9999.0 -9999.0 -9999.0 -9999.0 -9999.0 -9999.0 -9999.0 -9999.0 -9999.0 -9999.0 -9999.0 -9999.0 -9999.0 -9999.0 -9999.0 -9999.0 -9999.0 -9999.0 -9999.0 -9999.0
-9999.0 -9999.0 -9999.0 -9999.0 -9999.0 -9999.0 -9999.0 -9999.0 -9999.0 -9999.0 -9999.0 -9999.0 -9999.0 0.520000 0.372144 0.237085 0.183182 0.023527 0.167999 0.181278 0.217897 0.142774 0.097265 0.241100 0.264223 0.520000 0.020956 0.520000 0.293354 0.289481 0.520000 0.520000 0.520000 0.520000 0.083688 0.045253 -9999.0 -9999.0 -9999.0 -9999.0 -9999.0 -9999.0 -9999.0 -9999.0 -9999.0 -9999.0 -9999.0 -9999.0 -9999.0 -9999.0 -9999.0 -9999.0 -9999.0 -9999.0 -9999.0 -9999.0 -9999.0 -9999.0 -9999.0 -9999.0 -9999.0 -9999.0 -9999.0
-9999.0 -9999.0 -9999.0 -9999.0 -9999.0 -9999.0 -9999.0 -9999.0 -9999.0 -9999.0 -9999.0 -9999.0 -9999.0 0.520000 0.341762 0.209412 0.213524 0.450339 0.022760 0.132206 0.168113 0.353521 0.239389 0.238752 0.293651 0.304134 0.520000 0.052256 0.069087 0.440297 0.520000 0.520000 0.057397 0.037558 0.063253 -9999.0 -9999.0 -9999.0 -9999.0 -9999.0 -9999.0 -9999.0 -9999.0 -9999.0 -9999.0 -9999.0 -9999.0 -9999.0 -9999.0 -9999.0 -9999.0 -9999.0 -9999.0 -9999.0 -9999.0 -9999.0 -9999.0 -9999.0 -9999.0 -9999.0 -9999.0 -9999.0 -9999.0
-9999.0 -9999.0 -9999.0 -9999.0 -9999.0 -9999.0 -9999.0 -9999.0 -9999.0 -9999.0 -9999.0 -9999.0 -9999.0 0.295046 0.520000 0.207916 0.230680 0.207553 0.022668 0.205056 0.520000 0.021009 0.387374 0.282279 0.289590 0.439325 0.030899 0.047841 0.520000 0.048068 0.520000 0.040267 0.032554 0.038331 0.045539 -9999.0 -9999.0 -9999.0 -9999.0 -9999.0 -9999.0 -9999.0 -9999.0 -9999.0 -9999.0 -9999.0 -9999.0 -9999.0 -9999.0 -9999.0 -9999.0 -9999.0 -9999.0 -9999.0 -9999.0 -9999.0 -9999.0 -9999.0 -9999.0 -9999.0 -9999.0 -9999.0 -9999.0
-9999.0 -9999.0 -9999.0 -9999.0 -9999.0 -9999.0 -9999.0 -9999.0 -9999.0 -9999.0 -9999.0 -9999.0 0.263204 0.520000 0.310351 0.432889 0.394059 0.256585 0.409022 0.020973 0.210361 0.316170 0.520000 0.400721 0.520000 0.520000 0.520000 0.520000 0.520000 0.076979 0.520000 0.068732 0.520000 0.050304 -9999.0 -9999.0 -9999.0 -9999.0 -9999.0 -9999.0 -9999.0 -9999.0 -9999.0 -9999.0 -9999.0 -9999.0 -9999.0 -9999.0 -9999.0 -9999.0 -9999.0 -9999.0 -9999.0 -9999.0 -9999.0 -9999.0 -9999.0 -9999.0 -9999.0 -9999.0 -9999.0 -9999.0 -9999.0
-9999.0 -9999.0 -9999.0 -9999.0 -9999.0 -9999.0 -9999.0 -9999.0 -9999.0 -9999.0 -9999.0 0.520000 0.520000 0.520000 0.417627 0.520000 0.020818 0.337933 0.462454 0.020121 0.393140 0.439158 0.520000 0.520000 0.520000 0.520000 0.520000 0.520000 0.520000 0.084268 0.070989 0.520000 0.067247 0.062625 0.049940 0.035970 0.154309 0.076826 0.070411 -9999.0 -9999.0 -9999.0 0.023831 -9999.0 -9999.0 -9999.0 -9999.0 -9999.0 -9999.0 -9999.0 -9999.0 -9999.0 -9999.0 -9999.0 -9999.0 -9999.0 -9999.0 -9999.0 -9999.0 -9999.0 -9999.0 -9999.0 -9999.0
-9999.0 -9999.0 -9999.0 -9999.0 -9999.0 -9999.0 -9999.0 -9999.0 -9999.0 -9999.0 -9999.0 0.520000 0.520000 0.520000 0.459036 0.520000 0.374058 0.206484 0.424362 0.520000 0.520000 0.520000 0.520000 0.520000 0.520000 0.520000 0.520000 0.520000 0.095938 0.086254 0.520000 0.520000 0.520000 0.520000 0.450582 0.326805 0.072055 0.061916 0.061683 0.023772 0.028747 0.044991 0.498652 0.049302 -9999.0 -9999.0 -9999.0 0.520000 0.520000 0.071325 0.520000 0.081964 0.089342 0.520000 0.520000 0.097860 -9999.0 -9999.0 -9999.0 -9999.0 -9999.0 -9999.0 -9999.0
-9999.0 -9999.0 -9999.0 -9999.0 -9999.0 -9999.0 -9999.0 -9999.0 -9999.0 -9999.0 -9999.0 0.520000 0.520000 0.520000 0.520000 0.520000 0.520000 0.520000 0.520000 0.420492 0.520000 0.520000 0.520000 0.520000 0.520000 0.074364 0.520000 0.520000 0.048783 0.520000 0.052059 0.520000 0.520000 0.520000 0.057569 0.176415 0.070981 0.065809 0.059622 0.022071 0.064524 0.171045 0.369132 0.518390 0.520000 -9999.0 0.061994 0.520000 0.520000 0.520000 0.520000 0.088051 0.520000 0.520000 0.520000 0.520000 -9999.0 -9999.0 -9999.0 -9999.0 -9999.0 -9999.0 -9999.0
-9999.0 -9999.0 -9999.0 -9999.0 -9999.0 -9999.0 -9999.0 -9999.0 -9999.0 -9999.0 -9999.0 -9999.0 0.520000 0.520000 0.520000 0.520000 0.520000 0.520000 0.520000 0.423130 0.520000 0.520000 0.520000 0.520000 0.520000 0.520000 0.520000 0.520000 0.520000 0.062234 0.520000 0.520000 0.507353 0.512436 0.446414 0.189393 0.071581 0.066033 0.058627 0.062095 0.067944 0.025283 0.280302 0.480407 0.038341 0.520000 0.053577 0.520000 0.520000 0.520000 0.520000 0.520000 0.520000 0.520000 0.520000 0.520000 0.520000 -9999.0 -9999.0 -9999.0 -9999.0 -9999.0 -9999.0
-9999.0 -9999.0 -9999.0 -9999.0 -9999.0 -9999.0 -9999.0 -9999.0 -9999.0 -9999.0 -9999.0 0.520000 0.520000 0.520000 0.520000 0.520000 0.520000 0.520000 0.520000 0.334850 0.498936 0.520000 0.520000 0.520000 0.520000 0.520000 0.520000 0.520000 0.520000 0.051246 0.520000 0.520000 0.520000 0.520000 0.520000 0.313614 0.068394 0.067780 0.070836 0.061682 0.076572 0.081279 0.322203 0.021197 0.520000 0.520000 0.520000 0.049106 0.047613 0.520000 0.023860 0.520000 0.520000 0.107516 0.101083 0.056628 0.098570 -9999.0 -9999.0 -9999.0 -9999.0 -9999.0 -9999.0
-9999.0 -9999.0 -9999.0 -9999.0 -9999.0 -9999.0 -9999.0 -9999.0 -9999.0 -9999.0 0.520000 0.520000 0.520000 0.520000 0.520000 0.520000 0.520000 0.502226 0.281688 0.292821 0.514178 0.520000 0.520000 0.520000 0.520000 0.520000 0.520000 0.023144 0.520000 0.520000 0.520000 0.520000 0.520000 0.520000 0.080932 0.054415 0.172040 0.075036 0.077448 0.074212 0.075815 0.021215 0.086335 0.290160 0.447086 0.063225 0.520000 0.520000 0.520000 0.520000 0.022856 0.067450 0.078779 0.058780 0.092515 0.520000 0.520000 -9999.0 -9999.0 -9999.0 -9999.0 -9999.0 -9999.0
-9999.0 -9999.0 -9999.0 -9999.0 -9999.0 -9999.0 -9999.0 -9999.0 -9999.0 0.520000 0.520000 0.520000 0.520000 0.520000 0.520000 0.520000 0.520000 0.520000 0.381655 0.248153 0.455353 0.311731 0.520000 0.365554 0.498601 0.520000 0.520000 0.520000 0.520000 0.520000 0.520000 0.520000 0.055177 0.064408 0.054949 0.052075 0.520000 0.260228 0.091075 0.310462 0.280684 0.315161 0.351035 0.168493 0.351274 0.448659 0.520000 0.432329 0.480488 0.520000 0.520000 0.074092 0.053368 0.105989 0.099548 0.520000 0.520000 0.129354 0.113633 -9999.0 -9999.0 -9999.0 -9999.0
-9999.0 -9999.0 -9999.0 -9999.0 -9999.0 -9999.0 -9999.0 -9999.0 -9999.0 0.520000 0.520000 0.520000 0.520000 0.520000 0.520000 0.520000 0.520000 0.520000 0.355106 0.211563 0.238681 0.212816 0.407132 0.520000 0.520000 0.508434 0.520000 0.520000 0.497636 0.519375 0.520000 0.520000 0.520000 0.520000 0.520000 0.061882 0.055749 0.056925 0.462458 0.520000 0.432289 0.487158 0.235882 0.337942 0.282220 0.242673 0.292414 0.226208 0.339833 0.511841 0.520000 0.520000 0.110257 0.520000 0.163073 0.520000 0.520000 0.520000 0.121970 -9999.0 -9999.0 -9999.0 -9999.0
-9999.0 -9999.0 -9999.0 -9999.0 -9999.0 -9999.0 -9999.0 -9999.0 -9999.0 -9999.0 0.520000 0.520000 0.520000 0.520000 0.520000 0.520000 0.520000 0.486363 0.314815 0.243574 0.302364 0.431818 0.520000 0.520000 0.499633 0.480564 0.447443 0.517952 0.520000 0.520000 0.520000 0.520000 0.520000 0.520000 0.520000 0.520000 0.461034 0.520000 0.079235 0.520000 0.520000 0.511219 0.520000 0.520000 0.520000 0.455755 0.496333 0.400802 0.344296 0.520000 0.520000 0.520000 0.086777 0.097394 0.520000 0.520000 0.520000 0.520000 0.520000 0.520000 -9999.0 -9999.0 -9999.0
-9999.0 -9999.0 -9999.0 -9999.0 -9999.0 -9999.0 -9999.0 -9999.0 -9999.0 -9999.0 0.520000 0.520000 0.520000 0.520000 0.502313 0.447384 0.486090 0.303055 0.212069 0.230517 0.223867 0.287115 0.407029 0.414194 0.441280 0.390605 0.506906 0.520000 0.520000 0.520000 0.520000 0.520000 0.024399 0.520000 0.520000 0.520000 0.520000 0.520000 0.520000 0.520000 0.520000 0.137693 0.520000 0.520000 0.520000 0.520000 0.520000 0.520000 0.520000 0.520000 0.520000 0.520000 0.520000 0.105606 0.123084 0.116530 0.520000 0.520000 0.520000 0.520000 -9999.0 -9999.0 -9999.0
-9999.0 -9999.0 -9999.0 -9999.0 -9999.0 -9999.0 -9999.0 -9999.0 0.520000 0.520000 0.520000 0.520000 0.520000 0.520000 0.520000 0.415416 0.249941 0.214506 0.183920 0.214271 0.181802 0.186941 0.215937 0.247078 0.258794 0.410515 0.520000 0.520000 0.520000 0.520000 0.053407 0.520000 0.520000 0.520000 0.520000 0.520000 0.520000 0.520000 0.520000 0.065431 0.033808 0.520000 0.023217 0.048580 0.039392 0.520000 0.520000 0.520000 0.520000 0.520000 0.520000 0.520000 0.520000 0.520000 0.089716 0.520000 0.105704 0.520000 0.520000 0.520000 -9999.0 -9999.0 -9999.0
-9999.0 -9999.0 -9999.0 -9999.0 -9999.0 -9999.0 -9999.0 -9999.0 0.200000 0.520000 0.520000 0.520000 0.520000 0.520000 0.520000 0.520000 0.416063 0.297422 0.171949 0.185834 0.214949 0.130838 0.207495 0.190338 0.185702 0.428118 0.520000 0.520000 0.029563 0.520000 0.520000 0.023963 0.520000 0.023783 0.520000 0.520000 0.520000 0.520000 0.520000 0.520000 0.520000 0.200000 0.038660 0.520000 0.520000 0.520000 0.079887 0.520000 0.520000 0.520000 0.520000 0.520000 0.520000 0.520000 0.520000 0.021525 0.520000 0.520000 0.520000 0.520000 0.281569 -9999.0 -9999.0
-9999.0 -9999.0 -9999.0 -9999.0 -9999.0 -9999.0 -9999.0 -9999.0 0.520000 0.520000 0.520000 0.520000 0.520000 0.041021 0.520000 0.520000 0.384981 0.207334 0.160581 0.234465 0.164963 0.116884 0.119986 0.134054 0.207503 0.380560 0.520000 0.520000 0.023500 0.520000 0.023384 0.520000 0.520000 0.520000 0.520000 0.520000 0.520000 0.520000 0.520000 0.520000 0.520000 0.023373 0.520000 0.520000 0.520000 0.520000 0.041851 0.520000 0.520000 0.520000 0.519195 0.520000 0.520000 0.520000 0.520000 0.520000 0.520000 0.520000 0.520000 0.520000 0.360103 -9999.0 -9999.0
-9999.0 -9999.0 -9999.0 -9999.0 -9999.0 -9999.0 -9999.0 -9999.0 0.034091 0.520000 0.520000 0.024867 0.520000 0.520000 0.520000 0.520000 0.348654 0.160302 0.265418 0.170214 0.176504 0.165695 0.124245 0.143670 0.216167 0.412858 0.520000 0.520000 0.520000 0.520000 0.520000 0.520000 0.520000 0.520000 0.520000 0.520000 0.520000 0.507575 0.520000 0.520000 0.520000 0.520000 0.520000 0.062255 0.520000 0.052375 0.520000 0.060888 0.520000 0.520000 0.516534 0.520000 0.520000 0.520000 0.520000 0.520000 0.520000 0.520000 0.449558 0.381070 0.448353 0.520000 -9999.0
-9999.0 -9999.0 -9999.0 -9999.0 -9999.0 -9999.0 -9999.0 -9999.0 0.520000 0.520000 0.520000 0.520000 0.520000 0.520000 0.520000 0.418717 0.451114 0.391814 0.414152 0.296682 0.177005 0.170863 0.174073 0.185648 0.182879 0.324253 0.493955 0.510767 0.477965 0.520000 0.520000 0.520000 0.520000 0.520000 0.520000 0.520000 0.520000 0.502845 0.520000 0.520000 0.520000 0.520000 0.520000 0.520000 0.520000 0.520000 0.520000 0.520000 0.520000 0.520000 0.471295 0.309215 0.507448 0.468993 0.520000 0.520000 0.520000 0.481646 0.501959 0.468731 0.517318 0.520000 -9999.0
-9999.0 -9999.0 0.520000 0.520000 0.520000 0.520000 0.520000 0.520000 0.520000 0.520000 0.520000 0.520000 0.520000 0.520000 0.469945 0.512568 0.520000 0.520000 0.517317 0.436984 0.243093 0.179383 0.244875 0.142423 0.212134 0.215712 0.296221 0.357065 0.400039 0.520000 0.487383 0.520000 0.520000 0.520000 0.520000 0.520000 0.515596 0.481321 0.520000 0.520000 0.520000 0.520000 0.520000 0.520000 0.520000 0.520000 0.520000 0.520000 0.520000 0.383998 0.277827 0.258014 0.515970 0.520000 0.520000 0.520000 0.520000 0.520000 0.520000 0.520000 0.520000 0.520000 -9999.0
-9999.0 0.520000 0.520000 0.520000 0.520000 0.520000 0.520000 0.520000 0.520000 0.520000 0.520000 0.520000 0.520000 0.520000 0.520000 0.520000 0.520000 0.520000 0.520000 0.437757 0.206202 0.336269 0.438898 0.184794 0.131655 0.153668 0.167569 0.167238 0.366380 0.382496 0.188942 0.301299 0.520000 0.520000 0.451198 0.324479 0.396834 0.421336 0.520000 0.506126 0.493675 0.520000 0.520000 0.520000 0.426745 0.389806 0.406989 0.383818 0.358940 0.234751 0.357087 0.519789 0.520000 0.520000 0.520000 0.520000 0.520000 0.520000 0.520000 0.520000 0.520000 0.520000 -9999.0
-9999.0 0.520000 0.520000 0.520000 0.501628 0.520000 0.520000 0.520000 0.520000 0.520000 0.520000 0.520000 0.520000 0.520000 0.520000 0.520000 0.520000 0.520000 0.520000 0.520000 0.520000 0.407930 0.352414 0.357899 0.290155 0.209183 0.134807 0.120736 0.247179 0.169690 0.115896 0.126269 0.520000 0.501734 0.439532 0.422329 0.330159 0.363296 0.501928 0.281561 0.408455 0.520000 0.520000 0.202979 0.149876 0.135533 0.225517 0.328185 0.410100 0.520000 0.520000 0.520000 0.520000 0.520000 0.520000 0.520000 0.520000 0.520000 0.520000 0.520000 0.520000 -9999.0 -9999.0
-9999.0 0.520000 0.520000 0.520000 0.520000 0.520000 0.520000 0.520000 0.520000 0.520000 0.520000 0.520000 0.500653 0.520000 0.520000 0.520000 0.520000 0.520000 0.520000 0.520000 0.442574 0.388510 0.228774 0.366409 0.461799 0.326557 0.519985 0.520000 0.180878 0.284268 0.157855 0.134389 0.381611 0.428118 0.376969 0.265512 0.392743 0.363810 0.392963 0.252265 0.233136 0.396597 0.408633 0.181039 0.179344 0.361479 0.357640 0.506521 0.520000 0.520000 0.520000 0.520000 0.520000 0.520000 0.520000 0.520000 0.520000 0.520000 0.520000 -9999.0 -9999.0 -9999.0 -9999.0
