user2019/resources/simulation/Vinschgau/output-maps/thetaliqL0001N0125.asc
ncols         63
nrows         48
xllcorner     598000.000000
yllcorner     5145000.000000
cellsize      1000.000000
NODATA_value  -9999.0
[rows 0 to 28 of 48, columns 0 to 62 of 63]
-9999.0 -9999.0 -9999.0 -9999.0 -9999.0 -9999.0 -9999.0 -9999.0 -9999.0 -9999.0 -9999.0 -9999.0 -9999.0 -9999.0 -9999.0 -9999.0 -9999.0 -9999.0 -9999.0 -9999.0 -9999.0 -9999.0 -9999.0 -9999.0 -9999.0 -9999.0 -9999.0 -9999.0 -9999.0 -9999.0 -9999.0 -9999.0 -9999.0 -9999.0 -9999.0 -9999.0 -9999.0 -9999.0 -9999.0 -9999.0 -9999.0 -9999.0 -9999.0 -9999.0 -9999.0 -9999.0 -9999.0 -9999.0 -9999.0 -9999.0 -9999.0 -9999.0 -9999.0 -9999.0 -9999.0 -9999.0 -9999.0 -9999.0 -9999.0 -9999.0 -9999.0 -9999.0 -9999.0
-9999.0 -9999.0 -9999.0 -9999.0 -9999.0 -9999.0 -9999.0 -9999.0 -9999.0 -9999.0 -9999.0 -9999.0 -9999.0 -9999.0 -9999.0 -9999.0 -9999.0 -9999.0 -9999.0 -9999.0 -9999.0 -9999.0 -9999.0 -9999.0 -9999.0 -9999.0 -9999.0 0.020065 0.040029 0.020056 0.040036 0.040020 0.040017 -9999.0 -9999.0 -9999.0 -9999.0 -9999.0 -9999.0 -9999.0 -9999.0 -9999.0 -9999.0 -9999.0 -9999.0 -9999.0 -9999.0 -9999.0 -9999.0 -9999.0 -9999.0 -9999.0 -9999.0 -9999.0 -9999.0 -9999.0 -9999.0 -9999.0 -9999.0 -9999.0 -9999.0 -9999.0 -9999.0
-9999.0 -9999.0 -9999.0 -9999.0 -9999.0 -9999.0 -9999.0 -9999.0 -9999.0 -9999.0 -9999.0 -9999.0 -9999.0 -9999.0 -9999.0 -9999.0 -9999.0 -9999.0 -9999.0 -9999.0 -9999.0 -9999.0 -9999.0 -9999.0 0.040046 0.040025 0.040022 0.040023 0.040022 0.040023 0.040042 -9999.0 -9999.0 -9999.0 -9999.0 -9999.0 -9999.0 -9999.0 -9999.0 -9999.0 -9999.0 -9999.0 -9999.0 -9999.0 -9999.0 -9999.0 -9999.0 -9999.0 -9999.0 -9999.0 -9999.0 -9999.0 -9999.0 -9999.0 -9999.0 -9999.0 -9999.0 -9999.0 -9999.0 -9999.0 -9999.0 -9999.0 -9999.0
-9999.0 -9999.0 -9999.0 -9999.0 -9999.0 -9999.0 -9999.0 -9999.0 -9999.0 -9999.0 -9999.0 -9999.0 -9999.0 -9999.0 -9999.0 -9999.0 -9999.0 -9999.0 -9999.0 -9999.0 -9999.0 -9999.0 -9999.0 0.040029 0.040023 0.040398 0.040399 0.040281 0.040022 0.040021 0.040026 0.040038 -9999.0 -9999.0 -9999.0 -9999.0 -9999.0 -9999.0 -9999.0 -9999.0 -9999.0 -9999.0 -9999.0 -9999.0 -9999.0 -9999.0 -9999.0 -9999.0 -9999.0 -9999.0 -9999.0 -9999.0 -9999.0 -9999.0 -9999.0 -9999.0 -9999.0 -9999.0 -9999.0 -9999.0 -9999.0 -9999.0 -9999.0
-9999.0 -9999.0 -9999.0 -9999.0 -9999.0 -9999.0 -9999.0 -9999.0 -9999.0 -9999.0 -9999.0 -9999.0 -9999.0 -9999.0 -9999.0 -9999.0 -9999.0 -9999.0 0.040381 0.040392 -9999.0 0.040038 0.040031 0.040389 0.040291 0.040004 0.040042 0.040043 0.040029 0.040031 0.040019 0.040028 0.020041 0.020035 -9999.0 -9999.0 -9999.0 -9999.0 -9999.0 -9999.0 -9999.0 -9999.0 -9999.0 -9999.0 -9999.0 -9999.0 -9999.0 -9999.0 -9999.0 -9999.0 -9999.0 -9999.0 -9999.0 -9999.0 -9999.0 -9999.0 -9999.0 -9999.0 -9999.0 -9999.0 -9999.0 -9999.0 -9999.0
-9999.0 -9999.0 -9999.0 -9999.0 -9999.0 -9999.0 -9999.0 -9999.0 -9999.0 -9999.0 -9999.0 -9999.0 -9999.0 -9999.0 -9999.0 -9999.0 -9999.0 0.040000 0.040009 0.020037 0.020066 0.040125 0.040135 0.040015 0.040034 0.040018 0.040026 0.040039 0.040021 0.040040 0.040020 0.040019 0.020040 0.020035 0.020051 0.020033 -9999.0 -9999.0 -9999.0 -9999.0 -9999.0 -9999.0 -9999.0 -9999.0 -9999.0 -9999.0 -9999.0 -9999.0 -9999.0 -9999.0 -9999.0 -9999.0 -9999.0 -9999.0 -9999.0 -9999.0 -9999.0 -9999.0 -9999.0 -9999.0 -9999.0 -9999.0 -9999.0
-9999.0 -9999.0 -9999.0 -9999.0 -9999.0 -9999.0 -9999.0 -9999.0 -9999.0 -9999.0 -9999.0 -9999.0 -9999.0 0.040043 0.040374 0.040044 0.040064 0.020033 0.040004 0.040210 0.040176 0.040194 0.040012 0.040057 0.040019 0.040037 0.020070 0.040034 0.040038 0.040042 0.040022 0.040025 0.040034 0.040012 0.020028 0.020027 -9999.0 -9999.0 -9999.0 -9999.0 -9999.0 -9999.0 -9999.0 -9999.0 -9999.0 -9999.0 -9999.0 -9999.0 -9999.0 -9999.0 -9999.0 -9999.0 -9999.0 -9999.0 -9999.0 -9999.0 -9999.0 -9999.0 -9999.0 -9999.0 -9999.0 -9999.0 -9999.0
-9999.0 -9999.0 -9999.0 -9999.0 -9999.0 -9999.0 -9999.0 -9999.0 -9999.0 -9999.0 -9999.0 -9999.0 -9999.0 0.040173 0.040554 0.040120 0.040125 0.040108 0.020031 0.040006 0.040006 0.040016 0.040100 0.040019 0.040026 0.040032 0.040029 0.020041 0.020038 0.040041 0.040030 0.040015 0.020031 0.020029 0.020026 -9999.0 -9999.0 -9999.0 -9999.0 -9999.0 -9999.0 -9999.0 -9999.0 -9999.0 -9999.0 -9999.0 -9999.0 -9999.0 -9999.0 -9999.0 -9999.0 -9999.0 -9999.0 -9999.0 -9999.0 -9999.0 -9999.0 -9999.0 -9999.0 -9999.0 -9999.0 -9999.0 -9999.0
-9999.0 -9999.0 -9999.0 -9999.0 -9999.0 -9999.0 -9999.0 -9999.0 -9999.0 -9999.0 -9999.0 -9999.0 -9999.0 0.040475 0.040316 0.040527 0.040139 0.040081 0.020033 0.040019 0.040161 0.020060 0.040025 0.040035 0.040052 0.040165 0.020061 0.020041 0.040031 0.020037 0.040016 0.020031 0.020032 0.020025 0.020024 -9999.0 -9999.0 -9999.0 -9999.0 -9999.0 -9999.0 -9999.0 -9999.0 -9999.0 -9999.0 -9999.0 -9999.0 -9999.0 -9999.0 -9999.0 -9999.0 -9999.0 -9999.0 -9999.0 -9999.0 -9999.0 -9999.0 -9999.0 -9999.0 -9999.0 -9999.0 -9999.0 -9999.0
-9999.0 -9999.0 -9999.0 -9999.0 -9999.0 -9999.0 -9999.0 -9999.0 -9999.0 -9999.0 -9999.0 -9999.0 0.040168 0.040368 0.040569 0.040029 0.040364 0.040095 0.040092 0.020030 0.040060 0.040043 0.040047 0.040044 0.040091 0.040027 0.040039 0.040041 0.040027 0.020039 0.040018 0.020048 0.040017 0.020029 -9999.0 -9999.0 -9999.0 -9999.0 -9999.0 -9999.0 -9999.0 -9999.0 -9999.0 -9999.0 -9999.0 -9999.0 -9999.0 -9999.0 -9999.0 -9999.0 -9999.0 -9999.0 -9999.0 -9999.0 -9999.0 -9999.0 -9999.0 -9999.0 -9999.0 -9999.0 -9999.0 -9999.0 -9999.0
-9999.0 -9999.0 -9999.0 -9999.0 -9999.0 -9999.0 -9999.0 -9999.0 -9999.0 -9999.0 -9999.0 0.040058 0.040031 0.040531 0.040031 0.040037 0.020062 0.040097 0.040082 0.020033 0.040017 0.040357 0.040048 0.040048 0.040037 0.040047 0.040024 0.040038 0.040028 0.020032 0.020069 0.040020 0.020039 0.020025 0.020024 0.020018 0.040003 0.040002 0.040002 -9999.0 -9999.0 -9999.0 0.020023 -9999.0 -9999.0 -9999.0 -9999.0 -9999.0 -9999.0 -9999.0 -9999.0 -9999.0 -9999.0 -9999.0 -9999.0 -9999.0 -9999.0 -9999.0 -9999.0 -9999.0 -9999.0 -9999.0 -9999.0
-9999.0 -9999.0 -9999.0 -9999.0 -9999.0 -9999.0 -9999.0 -9999.0 -9999.0 -9999.0 -9999.0 0.040040 0.040038 0.040138 0.040184 0.040049 0.040212 0.040043 0.040095 0.040131 0.040337 0.040577 0.040046 0.040049 0.040042 0.040051 0.040038 0.040033 0.020075 0.020042 0.040024 0.040016 0.040010 0.040018 0.040007 0.040004 0.040002 0.040001 0.040001 0.020009 0.020010 0.020016 0.040007 0.020028 -9999.0 -9999.0 -9999.0 0.040794 0.040153 0.020113 0.041074 0.020153 0.020164 0.048314 0.052891 0.020206 -9999.0 -9999.0 -9999.0 -9999.0 -9999.0 -9999.0 -9999.0
-9999.0 -9999.0 -9999.0 -9999.0 -9999.0 -9999.0 -9999.0 -9999.0 -9999.0 -9999.0 -9999.0 0.040045 0.040046 0.040030 0.040116 0.040039 0.040061 0.040055 0.040080 0.040073 0.040064 0.040043 0.040038 0.040041 0.040045 0.020068 0.040029 0.040031 0.020053 0.040046 0.020039 0.040018 0.040015 0.040010 0.020020 0.040003 0.040002 0.040002 0.040012 0.020007 0.040002 0.040003 0.040006 0.040008 0.040027 -9999.0 0.020101 0.040074 0.040135 0.040532 0.040068 0.020071 0.043197 0.053008 0.063942 0.058150 -9999.0 -9999.0 -9999.0 -9999.0 -9999.0 -9999.0 -9999.0
-9999.0 -9999.0 -9999.0 -9999.0 -9999.0 -9999.0 -9999.0 -9999.0 -9999.0 -9999.0 -9999.0 -9999.0 0.040047 0.040107 0.040593 0.040180 0.040030 0.040033 0.040079 0.040040 0.040036 0.040054 0.040168 0.040043 0.040039 0.040035 0.040344 0.040035 0.040048 0.020072 0.040035 0.040020 0.040015 0.040013 0.040011 0.040004 0.040002 0.040007 0.040007 0.040002 0.040002 0.020011 0.040004 0.040017 0.020035 0.040034 0.020085 0.040062 0.040048 0.040024 0.040110 0.040555 0.040443 0.042544 0.040115 0.040132 0.045701 -9999.0 -9999.0 -9999.0 -9999.0 -9999.0 -9999.0
-9999.0 -9999.0 -9999.0 -9999.0 -9999.0 -9999.0 -9999.0 -9999.0 -9999.0 -9999.0 -9999.0 0.040136 0.040058 0.040047 0.040109 0.040147 0.040168 0.040023 0.040278 0.040004 0.040011 0.040300 0.040179 0.040035 0.040037 0.040150 0.040092 0.040043 0.040035 0.020067 0.040019 0.040019 0.040016 0.040015 0.040010 0.040004 0.040002 0.040002 0.040033 0.040014 0.040003 0.040003 0.040003 0.020014 0.040031 0.040035 0.040034 0.020061 0.020069 0.040020 0.020105 0.040084 0.040086 0.020123 0.020144 0.020128 0.020189 -9999.0 -9999.0 -9999.0 -9999.0 -9999.0 -9999.0
-9999.0 -9999.0 -9999.0 -9999.0 -9999.0 -9999.0 -9999.0 -9999.0 -9999.0 -9999.0 0.040183 0.040089 0.040448 0.040047 0.040751 0.040145 0.040029 0.040030 0.040072 0.040023 0.040049 0.040129 0.040045 0.040447 0.040218 0.040121 0.040041 0.020048 0.040033 0.040127 0.040022 0.040023 0.040027 0.040019 0.020022 0.020019 0.040003 0.040002 0.040002 0.040003 0.040003 0.020011 0.020018 0.040003 0.040009 0.020039 0.040036 0.040018 0.040020 0.040013 0.020084 0.020129 0.020134 0.020116 0.020145 0.057799 0.054978 -9999.0 -9999.0 -9999.0 -9999.0 -9999.0 -9999.0
-9999.0 -9999.0 -9999.0 -9999.0 -9999.0 -9999.0 -9999.0 -9999.0 -9999.0 0.040063 0.040209 0.040166 0.040132 0.040051 0.040235 0.040036 0.040043 0.040572 0.040016 0.040005 0.040033 0.040024 0.040022 0.040037 0.040117 0.040038 0.040026 0.040385 0.040029 0.040071 0.040007 0.040025 0.020031 0.020029 0.020027 0.020022 0.040008 0.040005 0.040005 0.040004 0.040002 0.040012 0.040012 0.040003 0.040003 0.040006 0.040149 0.040017 0.040026 0.040023 0.040031 0.020131 0.020101 0.020149 0.020160 0.040231 0.045876 0.021436 0.020508 -9999.0 -9999.0 -9999.0 -9999.0
-9999.0 -9999.0 -9999.0 -9999.0 -9999.0 -9999.0 -9999.0 -9999.0 -9999.0 0.040063 0.040062 0.040052 0.040185 0.040150 0.040243 0.040200 0.042037 0.040036 0.040008 0.040033 0.040029 0.040005 0.040097 0.040275 0.040036 0.040028 0.040094 0.040090 0.040008 0.040052 0.040023 0.040017 0.040033 0.040036 0.040018 0.020027 0.020023 0.020023 0.040009 0.040017 0.040037 0.040021 0.040015 0.040009 0.040004 0.040007 0.040004 0.040004 0.040027 0.040010 0.040053 0.040069 0.020150 0.040118 0.020140 0.040728 0.046517 0.041891 0.020707 -9999.0 -9999.0 -9999.0 -9999.0
-9999.0 -9999.0 -9999.0 -9999.0 -9999.0 -9999.0 -9999.0 -9999.0 -9999.0 -9999.0 0.040066 0.040049 0.040031 0.040017 0.040018 0.040400 0.040499 0.040099 0.040000 0.040013 0.040059 0.040013 0.040487 0.040167 0.040025 0.040097 0.040008 0.040003 0.040024 0.040035 0.040050 0.040076 0.040040 0.040030 0.040024 0.040019 0.040018 0.040014 0.020034 0.040015 0.040017 0.040020 0.040016 0.040026 0.040018 0.040008 0.040013 0.040062 0.040004 0.040005 0.040031 0.040045 0.020159 0.020157 0.040119 0.040115 0.040205 0.040114 0.040141 0.040298 -9999.0 -9999.0 -9999.0
-9999.0 -9999.0 -9999.0 -9999.0 -9999.0 -9999.0 -9999.0 -9999.0 -9999.0 -9999.0 0.040062 0.040058 0.040048 0.040217 0.040038 0.040050 0.040036 0.040034 0.040005 0.040008 0.040010 0.040030 0.040152 0.040102 0.040110 0.040004 0.040006 0.040026 0.040029 0.040035 0.040036 0.040039 0.020051 0.040036 0.040035 0.040031 0.040015 0.040016 0.040017 0.040040 0.040040 0.020065 0.040035 0.040044 0.040150 0.040037 0.040051 0.040022 0.040004 0.040005 0.040006 0.040062 0.040424 0.020159 0.020154 0.020249 0.040113 0.042960 0.040005 0.040007 -9999.0 -9999.0 -9999.0
-9999.0 -9999.0 -9999.0 -9999.0 -9999.0 -9999.0 -9999.0 -9999.0 0.040634 0.040270 0.040053 0.040050 0.040042 0.040039 0.040185 0.040010 0.040006 0.040011 0.040009 0.040009 0.040005 0.040004 0.040003 0.040027 0.040027 0.040004 0.040043 0.040024 0.040037 0.040047 0.020042 0.040046 0.040056 0.040061 0.040051 0.040028 0.040037 0.040019 0.040019 0.020080 0.020080 0.040043 0.020060 0.020053 0.020072 0.040291 0.040055 0.040348 0.040020 0.040009 0.040026 0.040025 0.040868 0.040118 0.020219 0.047176 0.020737 0.041555 0.040009 0.040007 -9999.0 -9999.0 -9999.0
-9999.0 -9999.0 -9999.0 -9999.0 -9999.0 -9999.0 -9999.0 -9999.0 0.020080 0.040232 0.040047 0.040062 0.040052 0.040042 0.040167 0.040061 0.040109 0.040109 0.040006 0.040011 0.040010 0.040048 0.040007 0.040004 0.040004 0.040004 0.040013 0.040022 0.020073 0.040046 0.040056 0.020077 0.040052 0.020087 0.040200 0.040138 0.040028 0.040017 0.040031 0.040052 0.040069 0.040026 0.020072 0.040096 0.040059 0.040098 0.020106 0.040073 0.040033 0.040060 0.040005 0.040057 0.040243 0.049899 0.040033 0.020037 0.040042 0.040015 0.040008 0.040015 0.040016 -9999.0 -9999.0
-9999.0 -9999.0 -9999.0 -9999.0 -9999.0 -9999.0 -9999.0 -9999.0 0.040058 0.040042 0.040631 0.040056 0.040044 0.020086 0.040593 0.040017 0.040005 0.040016 0.040006 0.040006 0.040016 0.040043 0.040047 0.040009 0.040008 0.040008 0.040062 0.040029 0.020042 0.040039 0.020077 0.040051 0.040033 0.040034 0.040447 0.040357 0.040048 0.040012 0.040037 0.040052 0.040072 0.020106 0.040697 0.040065 0.040065 0.040068 0.020116 0.043209 0.040082 0.040019 0.040006 0.040006 0.040020 0.040027 0.040005 0.040013 0.040005 0.040013 0.040021 0.040017 0.040017 -9999.0 -9999.0
-9999.0 -9999.0 -9999.0 -9999.0 -9999.0 -9999.0 -9999.0 -9999.0 0.020057 0.040047 0.040391 0.020071 0.040762 0.040503 0.040046 0.040009 0.040004 0.040006 0.040009 0.040008 0.040011 0.040018 0.040016 0.040009 0.040036 0.040088 0.040502 0.040030 0.040391 0.040123 0.040028 0.040029 0.040018 0.040043 0.040050 0.040042 0.040038 0.040053 0.040030 0.040042 0.040120 0.040537 0.040755 0.020069 0.040884 0.020099 0.042292 0.020080 0.041741 0.040020 0.040092 0.040005 0.040004 0.040014 0.040014 0.040015 0.040021 0.040015 0.040014 0.040017 0.040014 0.040081 -9999.0
-9999.0 -9999.0 -9999.0 -9999.0 -9999.0 -9999.0 -9999.0 -9999.0 0.040053 0.040078 0.040647 0.040476 0.040379 0.040025 0.040040 0.040008 0.040022 0.040011 0.040102 0.040062 0.040006 0.040017 0.040018 0.040010 0.040016 0.040188 0.040026 0.040309 0.040062 0.040071 0.040028 0.040352 0.040005 0.040104 0.040024 0.040028 0.040024 0.040040 0.040008 0.040029 0.040030 0.040026 0.040022 0.040024 0.040039 0.040170 0.040021 0.040027 0.040031 0.040004 0.040004 0.040004 0.040006 0.040047 0.040021 0.040019 0.040014 0.040015 0.040016 0.040009 0.040009 0.040129 -9999.0
-9999.0 -9999.0 0.040050 0.040073 0.040054 0.040044 0.040090 0.040042 0.040054 0.040116 0.040057 0.040031 0.040098 0.040084 0.040016 0.040044 0.040020 0.040038 0.040040 0.040120 0.040059 0.040008 0.040017 0.040013 0.040007 0.040004 0.040028 0.040025 0.040003 0.040057 0.040137 0.040287 0.040029 0.040013 0.040015 0.040017 0.040012 0.040016 0.040008 0.040035 0.040019 0.040007 0.040006 0.040036 0.040028 0.040041 0.040007 0.040010 0.040004 0.040011 0.040016 0.040018 0.040013 0.040013 0.040013 0.040009 0.040015 0.040008 0.040009 0.040009 0.040392 0.040475 -9999.0
-9999.0 0.040246 0.040221 0.040199 0.040060 0.040562 0.040050 0.040060 0.040067 0.040071 0.040058 0.040627 0.040097 0.040217 0.040283 0.040583 0.040041 0.040054 0.040197 0.040093 0.040032 0.040000 0.040007 0.040008 0.040044 0.040007 0.040005 0.040006 0.040003 0.040006 0.040004 0.040011 0.040020 0.040006 0.040007 0.040006 0.040001 0.040010 0.040021 0.040006 0.040006 0.040006 0.040005 0.040011 0.040006 0.040003 0.040001 0.040040 0.040016 0.040012 0.040015 0.040014 0.040004 0.040010 0.040007 0.040010 0.040045 0.040067 0.040117 0.040517 0.041840 0.041852 -9999.0
-9999.0 0.040065 0.040452 0.040415 0.040410 0.040421 0.040042 0.040038 0.040050 0.040055 0.040045 0.040484 0.040094 0.040310 0.040023 0.040042 0.040065 0.040044 0.040341 0.040062 0.040234 0.040029 0.040008 0.040007 0.040008 0.040009 0.040008 0.040016 0.040016 0.040045 0.040011 0.040006 0.040010 0.040000 0.040012 0.040022 0.040013 0.040052 0.040032 0.040026 0.040025 0.040022 0.040016 0.040008 0.040009 0.040008 0.040017 0.040020 0.040017 0.040016 0.040007 0.040007 0.040047 0.040010 0.040039 0.040096 0.040105 0.040385 0.040671 0.043648 0.047716 -9999.0 -9999.0
-9999.0 0.040053 0.040026 0.040139 0.040014 0.040402 0.040392 0.040299 0.040071 0.040165 0.040525 0.040094 0.040064 0.040394 0.040682 0.040055 0.040075 0.040082 0.040039 0.040133 0.040504 0.040103 0.040037 0.040020 0.040013 0.040009 0.040010 0.040011 0.040016 0.040016 0.040014 0.040016 0.040016 0.040013 0.040016 0.040018 0.040019 0.040011 0.040038 0.040039 0.040038 0.040014 0.040034 0.040018 0.040018 0.040017 0.040016 0.040012 0.040007 0.040006 0.040064 0.040108 0.040113 0.040074 0.040126 0.040677 0.040862 0.043903 0.051122 -9999.0 -9999.0 -9999.0 -9999.0
