user2019/resources/simulation/Vinschgau/output-maps/thetaliqL0004N0847.asc
ncols         63
nrows         48
xllcorner     598000.000000
yllcorner     5145000.000000
cellsize      1000.000000
NODATA_value  -9999.0
[rows 0 to 28 of 48, columns 0 to 62 of 63]
-9999.0 -9999.0 -9999.0 -9999.0 -9999.0 -9999.0 -9999.0 -9999.0 -9999.0 -9999.0 -9999.0 -9999.0 -9999.0 -9999.0 -9999.0 -9999.0 -9999.0 -9999.0 -9999.0 -9999.0 -9999.0 -9999.0 -9999.0 -9999.0 -9999.0 -9999.0 -9999.0 -9999.0 -9999.0 -9999.0 -9999.0 -9999.0 -9999.0 -9999.0 -9999.0 -9999.0 -9999.0 -9999.0 -9999.0 -9999.0 -9999.0 -9999.0 -9999.0 -9999.0 -9999.0 -9999.0 -9999.0 -9999.0 -9999.0 -9999.0 -9999.0 -9999.0 -9999.0 -9999.0 -9999.0 -9999.0 -9999.0 -9999.0 -9999.0 -9999.0 -9999.0 -9999.0 -9999.0
-9999.0 -9999.0 -9999.0 -9999.0 -9999.0 -9999.0 -9999.0 -9999.0 -9999.0 -9999.0 -9999.0 -9999.0 -9999.0 -9999.0 -9999.0 -9999.0 -9999.0 -9999.0 -9999.0 -9999.0 -9999.0 -9999.0 -9999.0 -9999.0 -9999.0 -9999.0 -9999.0 0.020024 0.040012 0.020028 0.040009 0.040008 0.040007 -9999.0 -9999.0 -9999.0 -9999.0 -9999.0 -9999.0 -9999.0 -9999.0 -9999.0 -9999.0 -9999.0 -9999.0 -9999.0 -9999.0 -9999.0 -9999.0 -9999.0 -9999.0 -9999.0 -9999.0 -9999.0 -9999.0 -9999.0 -9999.0 -9999.0 -9999.0 -9999.0 -9999.0 -9999.0 -9999.0
-9999.0 -9999.0 -9999.0 -9999.0 -9999.0 -9999.0 -9999.0 -9999.0 -9999.0 -9999.0 -9999.0 -9999.0 -9999.0 -9999.0 -9999.0 -9999.0 -9999.0 -9999.0 -9999.0 -9999.0 -9999.0 -9999.0 -9999.0 -9999.0 0.040021 0.040024 0.040029 0.040022 0.040012 0.040011 0.040009 -9999.0 -9999.0 -9999.0 -9999.0 -9999.0 -9999.0 -9999.0 -9999.0 -9999.0 -9999.0 -9999.0 -9999.0 -9999.0 -9999.0 -9999.0 -9999.0 -9999.0 -9999.0 -9999.0 -9999.0 -9999.0 -9999.0 -9999.0 -9999.0 -9999.0 -9999.0 -9999.0 -9999.0 -9999.0 -9999.0 -9999.0 -9999.0
-9999.0 -9999.0 -9999.0 -9999.0 -9999.0 -9999.0 -9999.0 -9999.0 -9999.0 -9999.0 -9999.0 -9999.0 -9999.0 -9999.0 -9999.0 -9999.0 -9999.0 -9999.0 -9999.0 -9999.0 -9999.0 -9999.0 -9999.0 0.040025 0.040057 0.250773 0.309157 0.168766 0.159376 0.040023 0.040009 0.040008 -9999.0 -9999.0 -9999.0 -9999.0 -9999.0 -9999.0 -9999.0 -9999.0 -9999.0 -9999.0 -9999.0 -9999.0 -9999.0 -9999.0 -9999.0 -9999.0 -9999.0 -9999.0 -9999.0 -9999.0 -9999.0 -9999.0 -9999.0 -9999.0 -9999.0 -9999.0 -9999.0 -9999.0 -9999.0 -9999.0 -9999.0
-9999.0 -9999.0 -9999.0 -9999.0 -9999.0 -9999.0 -9999.0 -9999.0 -9999.0 -9999.0 -9999.0 -9999.0 -9999.0 -9999.0 -9999.0 -9999.0 -9999.0 -9999.0 0.423328 0.040032 -9999.0 0.040029 0.040054 0.203142 0.342296 0.135404 0.388434 0.410088 0.516087 0.058730 0.040018 0.040010 0.020021 0.020016 -9999.0 -9999.0 -9999.0 -9999.0 -9999.0 -9999.0 -9999.0 -9999.0 -9999.0 -9999.0 -9999.0 -9999.0 -9999.0 -9999.0 -9999.0 -9999.0 -9999.0 -9999.0 -9999.0 -9999.0 -9999.0 -9999.0 -9999.0 -9999.0 -9999.0 -9999.0 -9999.0 -9999.0 -9999.0
-9999.0 -9999.0 -9999.0 -9999.0 -9999.0 -9999.0 -9999.0 -9999.0 -9999.0 -9999.0 -9999.0 -9999.0 -9999.0 -9999.0 -9999.0 -9999.0 -9999.0 0.129879 0.218214 0.058084 0.020042 0.052434 0.059993 0.325124 0.365203 0.229704 0.040995 0.047332 0.049109 0.401241 0.040038 0.040010 0.020031 0.020025 0.020019 0.020016 -9999.0 -9999.0 -9999.0 -9999.0 -9999.0 -9999.0 -9999.0 -9999.0 -9999.0 -9999.0 -9999.0 -9999.0 -9999.0 -9999.0 -9999.0 -9999.0 -9999.0 -9999.0 -9999.0 -9999.0 -9999.0 -9999.0 -9999.0 -9999.0 -9999.0 -9999.0 -9999.0
-9999.0 -9999.0 -9999.0 -9999.0 -9999.0 -9999.0 -9999.0 -9999.0 -9999.0 -9999.0 -9999.0 -9999.0 -9999.0 0.040050 0.384944 0.217562 0.116069 0.030910 0.135659 0.194350 0.319452 0.304304 0.304583 0.386059 0.136511 0.040048 0.020061 0.040107 0.040117 0.048277 0.040048 0.040014 0.040009 0.040007 0.020021 0.020016 -9999.0 -9999.0 -9999.0 -9999.0 -9999.0 -9999.0 -9999.0 -9999.0 -9999.0 -9999.0 -9999.0 -9999.0 -9999.0 -9999.0 -9999.0 -9999.0 -9999.0 -9999.0 -9999.0 -9999.0 -9999.0 -9999.0 -9999.0 -9999.0 -9999.0 -9999.0 -9999.0
-9999.0 -9999.0 -9999.0 -9999.0 -9999.0 -9999.0 -9999.0 -9999.0 -9999.0 -9999.0 -9999.0 -9999.0 -9999.0 0.040352 0.339023 0.191054 0.130384 0.391477 0.023489 0.238295 0.135586 0.381865 0.355077 0.404549 0.068131 0.050750 0.040012 0.020027 0.020023 0.040050 0.040078 0.040010 0.020021 0.020014 0.020018 -9999.0 -9999.0 -9999.0 -9999.0 -9999.0 -9999.0 -9999.0 -9999.0 -9999.0 -9999.0 -9999.0 -9999.0 -9999.0 -9999.0 -9999.0 -9999.0 -9999.0 -9999.0 -9999.0 -9999.0 -9999.0 -9999.0 -9999.0 -9999.0 -9999.0 -9999.0 -9999.0 -9999.0
-9999.0 -9999.0 -9999.0 -9999.0 -9999.0 -9999.0 -9999.0 -9999.0 -9999.0 -9999.0 -9999.0 -9999.0 -9999.0 0.306225 0.520000 0.268218 0.178080 0.141496 0.023319 0.131315 0.430686 0.021624 0.091880 0.055142 0.324391 0.077226 0.020032 0.020022 0.040008 0.020016 0.040009 0.020014 0.020013 0.020012 0.020015 -9999.0 -9999.0 -9999.0 -9999.0 -9999.0 -9999.0 -9999.0 -9999.0 -9999.0 -9999.0 -9999.0 -9999.0 -9999.0 -9999.0 -9999.0 -9999.0 -9999.0 -9999.0 -9999.0 -9999.0 -9999.0 -9999.0 -9999.0 -9999.0 -9999.0 -9999.0 -9999.0 -9999.0
-9999.0 -9999.0 -9999.0 -9999.0 -9999.0 -9999.0 -9999.0 -9999.0 -9999.0 -9999.0 -9999.0 -9999.0 0.281560 0.234614 0.364320 0.415740 0.335084 0.222103 0.351856 0.064095 0.319529 0.046706 0.042432 0.040536 0.040065 0.040012 0.040020 0.040008 0.040009 0.020021 0.040004 0.020020 0.040007 0.020014 -9999.0 -9999.0 -9999.0 -9999.0 -9999.0 -9999.0 -9999.0 -9999.0 -9999.0 -9999.0 -9999.0 -9999.0 -9999.0 -9999.0 -9999.0 -9999.0 -9999.0 -9999.0 -9999.0 -9999.0 -9999.0 -9999.0 -9999.0 -9999.0 -9999.0 -9999.0 -9999.0 -9999.0 -9999.0
-9999.0 -9999.0 -9999.0 -9999.0 -9999.0 -9999.0 -9999.0 -9999.0 -9999.0 -9999.0 -9999.0 0.040081 0.471353 0.520000 0.385892 0.055964 0.076446 0.251214 0.520000 0.189281 0.224682 0.436560 0.040035 0.040013 0.040153 0.040015 0.040008 0.040011 0.040011 0.020017 0.020020 0.040009 0.020022 0.020017 0.020019 0.020023 0.040008 0.040010 0.040015 -9999.0 -9999.0 -9999.0 0.020017 -9999.0 -9999.0 -9999.0 -9999.0 -9999.0 -9999.0 -9999.0 -9999.0 -9999.0 -9999.0 -9999.0 -9999.0 -9999.0 -9999.0 -9999.0 -9999.0 -9999.0 -9999.0 -9999.0 -9999.0
-9999.0 -9999.0 -9999.0 -9999.0 -9999.0 -9999.0 -9999.0 -9999.0 -9999.0 -9999.0 -9999.0 0.040062 0.423852 0.463775 0.336571 0.040055 0.262960 0.181134 0.379743 0.435098 0.462830 0.040556 0.040034 0.040027 0.040033 0.040011 0.040010 0.040015 0.020026 0.020018 0.040011 0.040012 0.040008 0.040006 0.040005 0.040011 0.040020 0.040023 0.040015 0.020018 0.020018 0.020017 0.040010 0.020021 -9999.0 -9999.0 -9999.0 0.040006 0.040005 0.020020 0.040006 0.020017 0.020017 0.040007 0.040008 0.020016 -9999.0 -9999.0 -9999.0 -9999.0 -9999.0 -9999.0 -9999.0
-9999.0 -9999.0 -9999.0 -9999.0 -9999.0 -9999.0 -9999.0 -9999.0 -9999.0 -9999.0 -9999.0 0.040023 0.040060 0.045068 0.043011 0.040530 0.452979 0.306650 0.407769 0.377485 0.378045 0.071515 0.040065 0.040022 0.040011 0.020025 0.040057 0.040016 0.020024 0.040006 0.020023 0.040013 0.040016 0.040007 0.020021 0.040017 0.040018 0.040026 0.040035 0.020023 0.040012 0.040008 0.040016 0.040011 0.040007 -9999.0 0.020015 0.040007 0.040010 0.040014 0.040015 0.020031 0.040011 0.040009 0.040009 0.040007 -9999.0 -9999.0 -9999.0 -9999.0 -9999.0 -9999.0 -9999.0
-9999.0 -9999.0 -9999.0 -9999.0 -9999.0 -9999.0 -9999.0 -9999.0 -9999.0 -9999.0 -9999.0 -9999.0 0.040076 0.040371 0.040193 0.040247 0.368620 0.270236 0.446819 0.408648 0.347261 0.087277 0.040608 0.040095 0.040020 0.040052 0.040026 0.040014 0.040009 0.020021 0.040010 0.040014 0.040016 0.040009 0.040007 0.040012 0.040052 0.040035 0.046542 0.040019 0.040029 0.020032 0.040022 0.040032 0.020022 0.040006 0.020018 0.040007 0.040018 0.040078 0.040400 0.040015 0.040022 0.040015 0.040010 0.040010 0.040007 -9999.0 -9999.0 -9999.0 -9999.0 -9999.0 -9999.0
-9999.0 -9999.0 -9999.0 -9999.0 -9999.0 -9999.0 -9999.0 -9999.0 -9999.0 -9999.0 -9999.0 0.040123 0.040024 0.040047 0.040316 0.060403 0.368191 0.368376 0.445119 0.272392 0.318322 0.222846 0.043177 0.040042 0.040057 0.040328 0.040141 0.040009 0.040008 0.020027 0.040053 0.040021 0.040014 0.040009 0.040005 0.040011 0.040011 0.040081 0.064178 0.040053 0.040080 0.048232 0.040126 0.020097 0.040043 0.040009 0.040012 0.020027 0.020032 0.040413 0.020034 0.040009 0.040007 0.020018 0.020016 0.020015 0.020021 -9999.0 -9999.0 -9999.0 -9999.0 -9999.0 -9999.0
-9999.0 -9999.0 -9999.0 -9999.0 -9999.0 -9999.0 -9999.0 -9999.0 -9999.0 -9999.0 0.040036 0.040281 0.040030 0.040031 0.040114 0.040137 0.040134 0.329406 0.194003 0.285565 0.489372 0.517333 0.040169 0.040075 0.051206 0.040062 0.040024 0.020028 0.040015 0.040029 0.040037 0.040037 0.040024 0.040009 0.020016 0.020023 0.040017 0.040047 0.049257 0.246051 0.276181 0.092259 0.172121 0.498543 0.040937 0.020027 0.040013 0.040069 0.040066 0.051657 0.020025 0.020019 0.020015 0.020014 0.020014 0.040009 0.040009 -9999.0 -9999.0 -9999.0 -9999.0 -9999.0 -9999.0
-9999.0 -9999.0 -9999.0 -9999.0 -9999.0 -9999.0 -9999.0 -9999.0 -9999.0 0.040012 0.040035 0.040034 0.040278 0.040133 0.040184 0.040673 0.040636 0.057344 0.230640 0.186558 0.452045 0.252650 0.318592 0.355011 0.149231 0.040055 0.040018 0.040030 0.040194 0.049875 0.126154 0.040046 0.020024 0.020015 0.020018 0.020022 0.040011 0.040028 0.040062 0.040489 0.046540 0.040899 0.040222 0.335947 0.425280 0.040923 0.040135 0.040073 0.040075 0.269403 0.040023 0.020021 0.020013 0.020015 0.020018 0.040006 0.040009 0.020022 0.020019 -9999.0 -9999.0 -9999.0 -9999.0
-9999.0 -9999.0 -9999.0 -9999.0 -9999.0 -9999.0 -9999.0 -9999.0 -9999.0 0.040008 0.040011 0.040025 0.040163 0.057814 0.040503 0.040129 0.040184 0.387738 0.212508 0.339276 0.376540 0.308384 0.466019 0.055194 0.040080 0.040045 0.040145 0.050156 0.354277 0.056405 0.040242 0.040035 0.040012 0.040007 0.040009 0.020022 0.020024 0.020030 0.040011 0.040035 0.040113 0.040026 0.040295 0.448170 0.377318 0.435559 0.458396 0.301104 0.057090 0.198533 0.040022 0.040007 0.020015 0.040005 0.020019 0.040006 0.040008 0.040013 0.020026 -9999.0 -9999.0 -9999.0 -9999.0
-9999.0 -9999.0 -9999.0 -9999.0 -9999.0 -9999.0 -9999.0 -9999.0 -9999.0 -9999.0 0.040009 0.040022 0.042044 0.040224 0.066007 0.040668 0.055215 0.428699 0.203861 0.311498 0.426689 0.237985 0.151805 0.041792 0.040055 0.040920 0.164733 0.501997 0.040211 0.040049 0.040038 0.040026 0.040011 0.040008 0.040015 0.040013 0.040030 0.040041 0.020024 0.040010 0.040009 0.040032 0.040062 0.041111 0.106952 0.342755 0.405959 0.471952 0.451786 0.155878 0.040040 0.040018 0.020018 0.020016 0.040004 0.040007 0.040010 0.040045 0.040037 0.044071 -9999.0 -9999.0 -9999.0
-9999.0 -9999.0 -9999.0 -9999.0 -9999.0 -9999.0 -9999.0 -9999.0 -9999.0 -9999.0 0.040009 0.040013 0.040029 0.044787 0.506508 0.321149 0.341579 0.248277 0.213061 0.147513 0.145210 0.247570 0.072261 0.040349 0.040915 0.398666 0.520000 0.106778 0.040065 0.040013 0.040010 0.040012 0.020028 0.040007 0.040011 0.040042 0.040044 0.040302 0.040023 0.040008 0.040011 0.020035 0.040018 0.040019 0.040059 0.040378 0.052909 0.108009 0.417731 0.520000 0.064356 0.040023 0.040010 0.020019 0.020015 0.020016 0.040007 0.040073 0.520000 0.520000 -9999.0 -9999.0 -9999.0
-9999.0 -9999.0 -9999.0 -9999.0 -9999.0 -9999.0 -9999.0 -9999.0 0.040023 0.040010 0.040008 0.040017 0.040018 0.040019 0.047744 0.421043 0.204081 0.300691 0.267667 0.119051 0.117882 0.173756 0.202187 0.245140 0.304196 0.457910 0.466792 0.040117 0.040030 0.040013 0.020015 0.040010 0.040011 0.040007 0.040012 0.040012 0.040111 0.040488 0.040026 0.020022 0.020027 0.040028 0.020034 0.020024 0.020033 0.040031 0.040029 0.040163 0.115535 0.520000 0.089371 0.040132 0.040015 0.040007 0.020017 0.040008 0.020023 0.040061 0.341985 0.520000 -9999.0 -9999.0 -9999.0
-9999.0 -9999.0 -9999.0 -9999.0 -9999.0 -9999.0 -9999.0 -9999.0 0.020035 0.040037 0.040015 0.040008 0.040012 0.040034 0.040111 0.352646 0.293321 0.254195 0.128463 0.118764 0.359826 0.320379 0.315917 0.317404 0.195806 0.352301 0.489143 0.040295 0.020030 0.040008 0.040007 0.020024 0.040011 0.020024 0.040015 0.040027 0.040119 0.040158 0.040131 0.040016 0.040010 0.020018 0.020025 0.040018 0.040024 0.040076 0.020031 0.040015 0.040214 0.441446 0.520000 0.040275 0.040017 0.040007 0.040012 0.020034 0.040068 0.052526 0.501664 0.520000 0.138656 -9999.0 -9999.0
-9999.0 -9999.0 -9999.0 -9999.0 -9999.0 -9999.0 -9999.0 -9999.0 0.040011 0.040019 0.040018 0.040012 0.040010 0.020036 0.040116 0.040116 0.310343 0.332082 0.135208 0.326978 0.116000 0.250448 0.291875 0.162160 0.332693 0.297567 0.443872 0.040068 0.020029 0.040011 0.020026 0.040035 0.040023 0.040026 0.040036 0.040037 0.053056 0.520000 0.067586 0.040087 0.040015 0.020026 0.040020 0.040018 0.040050 0.040018 0.020022 0.040012 0.040027 0.221818 0.456288 0.084885 0.040013 0.040018 0.040035 0.040117 0.511316 0.520000 0.439268 0.520000 0.418734 -9999.0 -9999.0
-9999.0 -9999.0 -9999.0 -9999.0 -9999.0 -9999.0 -9999.0 -9999.0 0.020020 0.040017 0.040029 0.020030 0.040009 0.040048 0.040371 0.450300 0.183579 0.151658 0.377737 0.121223 0.132380 0.135115 0.258978 0.164431 0.195369 0.348870 0.053326 0.040036 0.040029 0.040078 0.040075 0.040166 0.048886 0.040647 0.040245 0.040051 0.057583 0.302759 0.477418 0.042777 0.040026 0.040031 0.040029 0.020033 0.040013 0.020027 0.040015 0.020031 0.040012 0.040064 0.248352 0.479101 0.151955 0.040072 0.096880 0.520000 0.520000 0.520000 0.384271 0.425790 0.417048 0.363454 -9999.0
-9999.0 -9999.0 -9999.0 -9999.0 -9999.0 -9999.0 -9999.0 -9999.0 0.040006 0.040016 0.040033 0.040050 0.040189 0.045183 0.057002 0.520000 0.515927 0.308323 0.335950 0.257080 0.155069 0.170743 0.140420 0.138543 0.366072 0.316134 0.040080 0.040852 0.074594 0.047054 0.041139 0.082727 0.520000 0.426497 0.221374 0.439627 0.419433 0.265173 0.284351 0.510649 0.302760 0.185444 0.057484 0.063246 0.040067 0.040040 0.040167 0.040875 0.040137 0.126721 0.471297 0.329490 0.431012 0.454893 0.520000 0.520000 0.520000 0.499505 0.485745 0.420914 0.341496 0.374006 -9999.0
-9999.0 -9999.0 0.040012 0.040021 0.040013 0.040041 0.040015 0.040017 0.040008 0.040011 0.040061 0.040105 0.045701 0.043443 0.519937 0.520000 0.094512 0.040072 0.040152 0.395593 0.250862 0.238119 0.491156 0.105238 0.170371 0.250565 0.314489 0.353389 0.384967 0.493814 0.191566 0.407456 0.520000 0.370444 0.439836 0.288100 0.367655 0.216137 0.223454 0.279581 0.400388 0.446600 0.392726 0.463929 0.364673 0.184681 0.509277 0.428149 0.446594 0.414937 0.360461 0.327833 0.498658 0.520000 0.520000 0.520000 0.520000 0.473946 0.464581 0.374400 0.476763 0.385097 -9999.0
-9999.0 0.040138 0.040081 0.040066 0.040044 0.040017 0.040015 0.040015 0.040011 0.040008 0.040024 0.040109 0.044379 0.041333 0.400267 0.040372 0.040058 0.040032 0.040077 0.270759 0.249684 0.310968 0.520000 0.425915 0.193359 0.168269 0.271108 0.327042 0.386023 0.443307 0.309057 0.375674 0.520000 0.490340 0.349984 0.313639 0.285181 0.156548 0.339710 0.333532 0.322782 0.366867 0.390506 0.271354 0.261508 0.237796 0.403303 0.250861 0.328894 0.357108 0.404012 0.481343 0.520000 0.520000 0.520000 0.520000 0.506487 0.477933 0.520000 0.328120 0.437685 0.389815 -9999.0
-9999.0 0.040117 0.040094 0.040436 0.040254 0.040035 0.040026 0.040012 0.040008 0.040007 0.040018 0.040068 0.149129 0.423437 0.046653 0.040028 0.040016 0.040023 0.040300 0.057582 0.337643 0.443883 0.397830 0.520000 0.498505 0.311987 0.099258 0.108773 0.318887 0.191116 0.122984 0.144079 0.454244 0.447688 0.438273 0.346528 0.372788 0.327195 0.292632 0.250420 0.294141 0.344761 0.347673 0.149277 0.092089 0.128162 0.282565 0.350075 0.365105 0.393878 0.432834 0.402743 0.459748 0.520000 0.520000 0.061255 0.052143 0.053793 0.066515 0.042854 0.070966 -9999.0 -9999.0
-9999.0 0.040028 0.040127 0.042386 0.505866 0.040197 0.040298 0.040046 0.040031 0.040029 0.040062 0.079391 0.501349 0.043448 0.040054 0.040020 0.040013 0.040025 0.040048 0.051075 0.044773 0.066761 0.248213 0.518713 0.514322 0.408251 0.419230 0.416620 0.148422 0.311149 0.105436 0.093650 0.391852 0.406014 0.343107 0.276899 0.292040 0.307250 0.261162 0.245119 0.248278 0.340143 0.304252 0.088396 0.087297 0.342053 0.334672 0.403725 0.427220 0.348183 0.443860 0.052663 0.072851 0.040351 0.041503 0.040125 0.040121 0.040089 0.040096 -9999.0 -9999.0 -9999.0 -9999.0
