user2019/resources/simulation/Vinschgau/output-maps/thetaliqL0002N1030.asc
ncols         63
nrows         48
xllcorner     598000.000000
yllcorner     5145000.000000
cellsize      1000.000000
NODATA_value  -9999.0
[rows 0 to 28 of 48, columns 0 to 62 of 63]
-9999.0 -9999.0 -9999.0 -9999.0 -9999.0 -9999.0 -9999.0 -9999.0 -9999.0 -9999.0 -9999.0 -9999.0 -9999.0 -9999.0 -9999.0 -9999.0 -9999.0 -9999.0 -9999.0 -9999.0 -9999.0 -9999.0 -9999.0 -9999.0 -9999.0 -9999.0 -9999.0 -9999.0 -9999.0 -9999.0 -9999.0 -9999.0 -9999.0 -9999.0 -9999.0 -9999.0 -9999.0 -9999.0 -9999.0 -9999.0 -9999.0 -9999.0 -9999.0 -9999.0 -9999.0 -9999.0 -9999.0 -9999.0 -9999.0 -9999.0 -9999.0 -9999.0 -9999.0 -9999.0 -9999.0 -9999.0 -9999.0 -9999.0 -9999.0 -9999.0 -9999.0 -9999.0 -9999.0
-9999.0 -9999.0 -9999.0 -9999.0 -9999.0 -9999.0 -9999.0 -9999.0 -9999.0 -9999.0 -9999.0 -9999.0 -9999.0 -9999.0 -9999.0 -9999.0 -9999.0 -9999.0 -9999.0 -9999.0 -9999.0 -9999.0 -9999.0 -9999.0 -9999.0 -9999.0 -9999.0 0.020748 0.042223 0.020608 0.040373 0.040137 0.040439 -9999.0 -9999.0 -9999.0 -9999.0 -9999.0 -9999.0 -9999.0 -9999.0 -9999.0 -9999.0 -9999.0 -9999.0 -9999.0 -9999.0 -9999.0 -9999.0 -9999.0 -9999.0 -9999.0 -9999.0 -9999.0 -9999.0 -9999.0 -9999.0 -9999.0 -9999.0 -9999.0 -9999.0 -9999.0 -9999.0
-9999.0 -9999.0 -9999.0 -9999.0 -9999.0 -9999.0 -9999.0 -9999.0 -9999.0 -9999.0 -9999.0 -9999.0 -9999.0 -9999.0 -9999.0 -9999.0 -9999.0 -9999.0 -9999.0 -9999.0 -9999.0 -9999.0 -9999.0 -9999.0 0.041803 0.041846 0.041735 0.042527 0.041830 0.041405 0.040993 -9999.0 -9999.0 -9999.0 -9999.0 -9999.0 -9999.0 -9999.0 -9999.0 -9999.0 -9999.0 -9999.0 -9999.0 -9999.0 -9999.0 -9999.0 -9999.0 -9999.0 -9999.0 -9999.0 -9999.0 -9999.0 -9999.0 -9999.0 -9999.0 -9999.0 -9999.0 -9999.0 -9999.0 -9999.0 -9999.0 -9999.0 -9999.0
-9999.0 -9999.0 -9999.0 -9999.0 -9999.0 -9999.0 -9999.0 -9999.0 -9999.0 -9999.0 -9999.0 -9999.0 -9999.0 -9999.0 -9999.0 -9999.0 -9999.0 -9999.0 -9999.0 -9999.0 -9999.0 -9999.0 -9999.0 0.042022 0.042882 0.218073 0.180100 0.082697 0.353953 0.042461 0.041350 0.040124 -9999.0 -9999.0 -9999.0 -9999.0 -9999.0 -9999.0 -9999.0 -9999.0 -9999.0 -9999.0 -9999.0 -9999.0 -9999.0 -9999.0 -9999.0 -9999.0 -9999.0 -9999.0 -9999.0 -9999.0 -9999.0 -9999.0 -9999.0 -9999.0 -9999.0 -9999.0 -9999.0 -9999.0 -9999.0 -9999.0 -9999.0
-9999.0 -9999.0 -9999.0 -9999.0 -9999.0 -9999.0 -9999.0 -9999.0 -9999.0 -9999.0 -9999.0 -9999.0 -9999.0 -9999.0 -9999.0 -9999.0 -9999.0 -9999.0 0.411716 0.056188 -9999.0 0.043324 0.055079 0.205803 0.249293 0.079668 0.385792 0.433675 0.499023 0.077994 0.041493 0.041270 0.020520 0.020403 -9999.0 -9999.0 -9999.0 -9999.0 -9999.0 -9999.0 -9999.0 -9999.0 -9999.0 -9999.0 -9999.0 -9999.0 -9999.0 -9999.0 -9999.0 -9999.0 -9999.0 -9999.0 -9999.0 -9999.0 -9999.0 -9999.0 -9999.0 -9999.0 -9999.0 -9999.0 -9999.0 -9999.0 -9999.0
-9999.0 -9999.0 -9999.0 -9999.0 -9999.0 -9999.0 -9999.0 -9999.0 -9999.0 -9999.0 -9999.0 -9999.0 -9999.0 -9999.0 -9999.0 -9999.0 -9999.0 0.074500 0.077988 0.079539 0.200000 0.058076 0.075087 0.400763 0.377678 0.083891 0.045461 0.073204 0.040308 0.511381 0.045141 0.041699 0.020734 0.020530 0.020505 0.020401 -9999.0 -9999.0 -9999.0 -9999.0 -9999.0 -9999.0 -9999.0 -9999.0 -9999.0 -9999.0 -9999.0 -9999.0 -9999.0 -9999.0 -9999.0 -9999.0 -9999.0 -9999.0 -9999.0 -9999.0 -9999.0 -9999.0 -9999.0 -9999.0 -9999.0 -9999.0 -9999.0
-9999.0 -9999.0 -9999.0 -9999.0 -9999.0 -9999.0 -9999.0 -9999.0 -9999.0 -9999.0 -9999.0 -9999.0 -9999.0 0.080423 0.434171 0.089686 0.074920 0.022787 0.075239 0.078313 0.210605 0.311428 0.257099 0.388415 0.073323 0.058663 0.020257 0.040042 0.042011 0.059376 0.040158 0.042132 0.042495 0.040742 0.020181 0.020342 -9999.0 -9999.0 -9999.0 -9999.0 -9999.0 -9999.0 -9999.0 -9999.0 -9999.0 -9999.0 -9999.0 -9999.0 -9999.0 -9999.0 -9999.0 -9999.0 -9999.0 -9999.0 -9999.0 -9999.0 -9999.0 -9999.0 -9999.0 -9999.0 -9999.0 -9999.0 -9999.0
-9999.0 -9999.0 -9999.0 -9999.0 -9999.0 -9999.0 -9999.0 -9999.0 -9999.0 -9999.0 -9999.0 -9999.0 -9999.0 0.441632 0.198670 0.079878 0.075840 0.236246 0.022786 0.091803 0.075640 0.198651 0.230615 0.342420 0.499570 0.056460 0.042423 0.020542 0.020622 0.040793 0.040035 0.041686 0.020534 0.020024 0.020386 -9999.0 -9999.0 -9999.0 -9999.0 -9999.0 -9999.0 -9999.0 -9999.0 -9999.0 -9999.0 -9999.0 -9999.0 -9999.0 -9999.0 -9999.0 -9999.0 -9999.0 -9999.0 -9999.0 -9999.0 -9999.0 -9999.0 -9999.0 -9999.0 -9999.0 -9999.0 -9999.0 -9999.0
-9999.0 -9999.0 -9999.0 -9999.0 -9999.0 -9999.0 -9999.0 -9999.0 -9999.0 -9999.0 -9999.0 -9999.0 -9999.0 0.150156 0.520000 0.096161 0.079470 0.076730 0.022765 0.075329 0.279849 0.190772 0.108589 0.058315 0.224614 0.119835 0.036683 0.020567 0.040883 0.020030 0.040177 0.020021 0.020021 0.020013 0.020337 -9999.0 -9999.0 -9999.0 -9999.0 -9999.0 -9999.0 -9999.0 -9999.0 -9999.0 -9999.0 -9999.0 -9999.0 -9999.0 -9999.0 -9999.0 -9999.0 -9999.0 -9999.0 -9999.0 -9999.0 -9999.0 -9999.0 -9999.0 -9999.0 -9999.0 -9999.0 -9999.0 -9999.0
-9999.0 -9999.0 -9999.0 -9999.0 -9999.0 -9999.0 -9999.0 -9999.0 -9999.0 -9999.0 -9999.0 -9999.0 0.280788 0.520000 0.161508 0.344907 0.157326 0.088773 0.199236 0.022823 0.278247 0.063184 0.055311 0.052622 0.040134 0.042386 0.040041 0.041234 0.040882 0.020454 0.040007 0.020513 0.040086 0.020319 -9999.0 -9999.0 -9999.0 -9999.0 -9999.0 -9999.0 -9999.0 -9999.0 -9999.0 -9999.0 -9999.0 -9999.0 -9999.0 -9999.0 -9999.0 -9999.0 -9999.0 -9999.0 -9999.0 -9999.0 -9999.0 -9999.0 -9999.0 -9999.0 -9999.0 -9999.0 -9999.0 -9999.0 -9999.0
-9999.0 -9999.0 -9999.0 -9999.0 -9999.0 -9999.0 -9999.0 -9999.0 -9999.0 -9999.0 -9999.0 0.167000 0.326570 0.520000 0.194101 0.520000 0.022739 0.090099 0.337081 0.193413 0.077498 0.413188 0.048101 0.043189 0.040143 0.041030 0.041094 0.041314 0.040976 0.020319 0.020503 0.041034 0.020215 0.020427 0.020127 0.020363 0.041210 0.042258 0.040987 -9999.0 -9999.0 -9999.0 0.020467 -9999.0 -9999.0 -9999.0 -9999.0 -9999.0 -9999.0 -9999.0 -9999.0 -9999.0 -9999.0 -9999.0 -9999.0 -9999.0 -9999.0 -9999.0 -9999.0 -9999.0 -9999.0 -9999.0 -9999.0
-9999.0 -9999.0 -9999.0 -9999.0 -9999.0 -9999.0 -9999.0 -9999.0 -9999.0 -9999.0 -9999.0 0.048867 0.289046 0.153662 0.100659 0.388658 0.073511 0.075549 0.231126 0.267646 0.370919 0.406662 0.044462 0.040121 0.040029 0.041909 0.041780 0.041126 0.020632 0.020390 0.040616 0.041573 0.040994 0.040079 0.040702 0.041547 0.041491 0.042434 0.042936 0.020469 0.020476 0.020450 0.040469 0.020538 -9999.0 -9999.0 -9999.0 0.040486 0.040056 0.020105 0.040061 0.020225 0.020077 0.040326 0.040182 0.020259 -9999.0 -9999.0 -9999.0 -9999.0 -9999.0 -9999.0 -9999.0
-9999.0 -9999.0 -9999.0 -9999.0 -9999.0 -9999.0 -9999.0 -9999.0 -9999.0 -9999.0 -9999.0 0.045397 0.113462 0.050947 0.520000 0.520000 0.384588 0.085966 0.202670 0.232530 0.229795 0.076924 0.041235 0.042446 0.042118 0.020848 0.040100 0.040035 0.020414 0.040591 0.020627 0.040027 0.041119 0.040514 0.020443 0.041289 0.040048 0.040078 0.058905 0.020689 0.040853 0.041164 0.041194 0.041899 0.040066 -9999.0 0.020367 0.040065 0.040407 0.041787 0.041749 0.020686 0.042218 0.041325 0.040186 0.040084 -9999.0 -9999.0 -9999.0 -9999.0 -9999.0 -9999.0 -9999.0
-9999.0 -9999.0 -9999.0 -9999.0 -9999.0 -9999.0 -9999.0 -9999.0 -9999.0 -9999.0 -9999.0 -9999.0 0.064369 0.055248 0.357493 0.427713 0.274609 0.086613 0.263581 0.253046 0.153449 0.126863 0.040313 0.040051 0.040071 0.040790 0.045580 0.042634 0.040317 0.020549 0.041767 0.040031 0.041978 0.040208 0.040109 0.040792 0.040032 0.040097 0.364320 0.044391 0.042247 0.066947 0.040046 0.043441 0.020618 0.040069 0.020428 0.040082 0.040020 0.040045 0.049912 0.040032 0.040032 0.040022 0.040017 0.040208 0.040089 -9999.0 -9999.0 -9999.0 -9999.0 -9999.0 -9999.0
-9999.0 -9999.0 -9999.0 -9999.0 -9999.0 -9999.0 -9999.0 -9999.0 -9999.0 -9999.0 -9999.0 0.042121 0.046191 0.053385 0.040961 0.085840 0.443339 0.134489 0.265131 0.098365 0.097739 0.334958 0.054102 0.040812 0.041324 0.040089 0.040071 0.041216 0.041209 0.020698 0.040038 0.040056 0.042230 0.040221 0.040450 0.040576 0.042245 0.042715 0.075006 0.239279 0.042310 0.051653 0.040446 0.020140 0.045899 0.041433 0.040859 0.020832 0.066203 0.055104 0.020061 0.041419 0.040015 0.020031 0.020026 0.020020 0.020475 -9999.0 -9999.0 -9999.0 -9999.0 -9999.0 -9999.0
-9999.0 -9999.0 -9999.0 -9999.0 -9999.0 -9999.0 -9999.0 -9999.0 -9999.0 -9999.0 0.047131 0.040067 0.050267 0.057130 0.289244 0.046500 0.045484 0.089499 0.083222 0.103497 0.321249 0.430485 0.041485 0.214766 0.053633 0.040117 0.040156 0.020038 0.042441 0.042075 0.040101 0.040085 0.042656 0.040174 0.020296 0.020648 0.041522 0.040040 0.040065 0.140442 0.165149 0.195289 0.197698 0.384485 0.051240 0.021023 0.042954 0.040052 0.040109 0.062107 0.020038 0.020270 0.020024 0.020019 0.020022 0.040259 0.040240 -9999.0 -9999.0 -9999.0 -9999.0 -9999.0 -9999.0
-9999.0 -9999.0 -9999.0 -9999.0 -9999.0 -9999.0 -9999.0 -9999.0 -9999.0 0.042315 0.042483 0.040076 0.040155 0.042046 0.040242 0.041170 0.051380 0.520000 0.080873 0.084638 0.294444 0.157527 0.124382 0.181083 0.079245 0.040113 0.040060 0.046869 0.040083 0.041130 0.088451 0.040087 0.020679 0.020026 0.020476 0.020628 0.041362 0.040030 0.041217 0.040453 0.040505 0.044177 0.042426 0.158719 0.329877 0.053888 0.083307 0.041845 0.041880 0.095725 0.040168 0.020453 0.020017 0.020117 0.020197 0.040016 0.040022 0.020557 0.020244 -9999.0 -9999.0 -9999.0 -9999.0
-9999.0 -9999.0 -9999.0 -9999.0 -9999.0 -9999.0 -9999.0 -9999.0 -9999.0 0.040674 0.042302 0.045308 0.442736 0.063229 0.050084 0.042157 0.076703 0.225111 0.077970 0.197387 0.236188 0.142024 0.446660 0.496225 0.040225 0.040384 0.042062 0.057879 0.251101 0.502122 0.057911 0.040059 0.040746 0.040699 0.040447 0.020641 0.020769 0.020993 0.042237 0.042345 0.040659 0.040176 0.045721 0.506950 0.262957 0.371784 0.421785 0.173070 0.068024 0.107422 0.040031 0.040012 0.020083 0.040135 0.020100 0.040012 0.040025 0.040037 0.020809 -9999.0 -9999.0 -9999.0 -9999.0
-9999.0 -9999.0 -9999.0 -9999.0 -9999.0 -9999.0 -9999.0 -9999.0 -9999.0 -9999.0 0.041599 0.042134 0.040679 0.040523 0.073033 0.051613 0.064004 0.378692 0.075290 0.149017 0.268055 0.079012 0.071389 0.045225 0.041196 0.054659 0.107370 0.520000 0.091748 0.040094 0.040065 0.040039 0.040026 0.040169 0.041175 0.042291 0.045131 0.042550 0.020755 0.040591 0.041570 0.042223 0.297614 0.054451 0.085498 0.104562 0.214640 0.397459 0.358692 0.099947 0.040070 0.040026 0.020145 0.020082 0.040099 0.040072 0.041033 0.040124 0.040201 0.056905 -9999.0 -9999.0 -9999.0
-9999.0 -9999.0 -9999.0 -9999.0 -9999.0 -9999.0 -9999.0 -9999.0 -9999.0 -9999.0 0.040366 0.041772 0.044987 0.051143 0.520000 0.116563 0.089026 0.103817 0.078917 0.074521 0.075815 0.096863 0.065261 0.049342 0.054656 0.360927 0.520000 0.092718 0.040148 0.040030 0.041785 0.041659 0.020044 0.040730 0.041984 0.043051 0.040145 0.040088 0.040029 0.041122 0.040777 0.023131 0.040044 0.042175 0.060850 0.044965 0.062689 0.086798 0.188910 0.449532 0.083032 0.040118 0.040019 0.020140 0.020060 0.020095 0.040069 0.041436 0.520000 0.520000 -9999.0 -9999.0 -9999.0
-9999.0 -9999.0 -9999.0 -9999.0 -9999.0 -9999.0 -9999.0 -9999.0 0.041757 0.041657 0.041128 0.041284 0.040043 0.041977 0.056138 0.298705 0.081685 0.118595 0.099573 0.073028 0.072766 0.074044 0.078515 0.096798 0.142131 0.413977 0.470865 0.040453 0.040305 0.040029 0.020026 0.040620 0.040606 0.040866 0.040859 0.042488 0.301474 0.040965 0.040040 0.020626 0.020625 0.042405 0.020059 0.020716 0.088028 0.049152 0.040045 0.041913 0.097524 0.466925 0.155952 0.040608 0.040022 0.040011 0.020123 0.040898 0.020629 0.069866 0.296272 0.301723 -9999.0 -9999.0 -9999.0
-9999.0 -9999.0 -9999.0 -9999.0 -9999.0 -9999.0 -9999.0 -9999.0 0.020051 0.040034 0.040050 0.041178 0.042564 0.040072 0.040342 0.100397 0.101952 0.086841 0.072832 0.072591 0.190221 0.125859 0.122375 0.100469 0.077050 0.163090 0.367824 0.040138 0.020044 0.040993 0.040569 0.020722 0.040892 0.020778 0.041180 0.042280 0.297495 0.046058 0.040077 0.041623 0.041794 0.040012 0.020850 0.041935 0.044074 0.040053 0.020045 0.043613 0.048375 0.336951 0.501724 0.049493 0.040020 0.040746 0.042401 0.020123 0.040618 0.063802 0.469776 0.317199 0.077947 -9999.0 -9999.0
-9999.0 -9999.0 -9999.0 -9999.0 -9999.0 -9999.0 -9999.0 -9999.0 0.041967 0.042303 0.041701 0.040029 0.041305 0.020064 0.041590 0.040546 0.132683 0.174414 0.073508 0.170835 0.072059 0.085171 0.096634 0.074486 0.188662 0.093792 0.310602 0.040162 0.020033 0.041625 0.020920 0.042497 0.040129 0.040314 0.042618 0.166214 0.041640 0.520000 0.050963 0.040049 0.041410 0.021010 0.041774 0.042116 0.040497 0.041591 0.020644 0.042127 0.040087 0.077680 0.340856 0.120873 0.040038 0.040023 0.040308 0.041144 0.502071 0.457663 0.259129 0.337750 0.246817 -9999.0 -9999.0
-9999.0 -9999.0 -9999.0 -9999.0 -9999.0 -9999.0 -9999.0 -9999.0 0.020434 0.041722 0.040088 0.020040 0.041877 0.040376 0.044542 0.250309 0.076066 0.074583 0.242826 0.073292 0.073591 0.073573 0.095293 0.078266 0.085273 0.239164 0.054247 0.040063 0.046573 0.040055 0.041344 0.040105 0.061755 0.042030 0.049246 0.222416 0.520000 0.094008 0.395255 0.054984 0.045883 0.042160 0.042083 0.086058 0.042522 0.021020 0.041829 0.020899 0.042501 0.042061 0.084322 0.367189 0.129366 0.040412 0.290302 0.520000 0.365462 0.244958 0.127307 0.254196 0.266622 0.197313 -9999.0
-9999.0 -9999.0 -9999.0 -9999.0 -9999.0 -9999.0 -9999.0 -9999.0 0.040056 0.041499 0.040051 0.040100 0.043050 0.050621 0.503520 0.414196 0.412141 0.108569 0.215848 0.086176 0.075911 0.077665 0.075364 0.076376 0.226912 0.108317 0.040223 0.054210 0.074156 0.043007 0.044971 0.108282 0.520000 0.490708 0.116104 0.452235 0.260490 0.078771 0.076961 0.468906 0.172394 0.097320 0.046785 0.064617 0.041441 0.067964 0.045541 0.040228 0.047031 0.093378 0.447100 0.187318 0.305525 0.375632 0.520000 0.520000 0.422661 0.320711 0.295723 0.247513 0.106283 0.210724 -9999.0
-9999.0 -9999.0 0.042571 0.041485 0.040014 0.040228 0.040034 0.040065 0.040236 0.040671 0.040047 0.040336 0.053488 0.049587 0.520000 0.475461 0.075705 0.040162 0.042745 0.123092 0.086644 0.083464 0.261440 0.074093 0.080085 0.092980 0.089971 0.136191 0.251808 0.497131 0.073673 0.290453 0.426661 0.114993 0.301906 0.086190 0.138155 0.074830 0.075335 0.078978 0.225515 0.318210 0.191718 0.386024 0.104199 0.096605 0.482905 0.339081 0.348969 0.327222 0.207821 0.233821 0.360206 0.399970 0.487349 0.465356 0.393681 0.320728 0.328262 0.159508 0.353148 0.231033 -9999.0
-9999.0 0.041719 0.040042 0.040574 0.040331 0.041494 0.040062 0.040042 0.040024 0.040170 0.040081 0.040400 0.050695 0.510251 0.520000 0.044585 0.040768 0.040114 0.040601 0.080421 0.089556 0.087045 0.434442 0.133262 0.081449 0.080782 0.155731 0.206180 0.181167 0.293516 0.181759 0.202284 0.255561 0.265347 0.087479 0.096037 0.074239 0.072121 0.093340 0.128381 0.080441 0.090890 0.137490 0.079679 0.083525 0.083484 0.244440 0.076003 0.096661 0.107386 0.259344 0.327558 0.395949 0.439140 0.467181 0.520000 0.411365 0.383624 0.520000 0.502492 0.375862 0.235798 -9999.0
-9999.0 0.055157 0.040348 0.041106 0.074957 0.040434 0.040040 0.040031 0.040959 0.040881 0.040053 0.040165 0.234690 0.520000 0.048667 0.040031 0.040047 0.040082 0.040130 0.080007 0.520000 0.286816 0.174305 0.404008 0.327533 0.188426 0.073933 0.074378 0.144821 0.073316 0.072545 0.073010 0.192785 0.176735 0.196595 0.092110 0.142511 0.109549 0.075266 0.073639 0.075107 0.083490 0.073724 0.072098 0.071357 0.071400 0.091008 0.142407 0.175672 0.221678 0.282755 0.268726 0.358891 0.474331 0.494879 0.059788 0.042255 0.054740 0.058704 0.049083 0.063546 -9999.0 -9999.0
-9999.0 0.044984 0.040171 0.040394 0.358336 0.183228 0.076460 0.040088 0.040111 0.040133 0.041612 0.069177 0.520000 0.498194 0.040103 0.040022 0.040033 0.040235 0.040093 0.040592 0.048534 0.061798 0.199956 0.371282 0.359628 0.252401 0.237249 0.223940 0.074592 0.123891 0.072608 0.072043 0.149332 0.142591 0.097281 0.077788 0.077038 0.103691 0.074899 0.073988 0.074017 0.124102 0.079739 0.070343 0.070576 0.105763 0.117474 0.196482 0.250088 0.119819 0.322416 0.490052 0.067585 0.049866 0.046611 0.040149 0.040140 0.040086 0.040101 -9999.0 -9999.0 -9999.0 -9999.0
