user2019/resources/simulation/Vinschgau/output-maps/thetaliqL0003N1144.asc
ncols         63
nrows         48
xllcorner     598000.000000
yllcorner     5145000.000000
cellsize      1000.000000
NODATA_value  -9999.0
[rows 0 to 28 of 48, columns 0 to 62 of 63]
-9999.0 -9999.0 -9999.0 -9999.0 -9999.0 -9999.0 -9999.0 -9999.0 -9999.0 -9999.0 -9999.0 -9999.0 -9999.0 -9999.0 -9999.0 -9999.0 -9999.0 -9999.0 -9999.0 -9999.0 -9999.0 -9999.0 -9999.0 -9999.0 -9999.0 -9999.0 -9999.0 -9999.0 -9999.0 -9999.0 -9999.0 -9999.0 -9999.0 -9999.0 -9999.0 -9999.0 -9999.0 -9999.0 -9999.0 -9999.0 -9999.0 -9999.0 -9999.0 -9999.0 -9999.0 -9999.0 -9999.0 -9999.0 -9999.0 -9999.0 -9999.0 -9999.0 -9999.0 -9999.0 -9999.0 -9999.0 -9999.0 -9999.0 -9999.0 -9999.0 -9999.0 -9999.0 -9999.0
-9999.0 -9999.0 -9999.0 -9999.0 -9999.0 -9999.0 -9999.0 -9999.0 -9999.0 -9999.0 -9999.0 -9999.0 -9999.0 -9999.0 -9999.0 -9999.0 -9999.0 -9999.0 -9999.0 -9999.0 -9999.0 -9999.0 -9999.0 -9999.0 -9999.0 -9999.0 -9999.0 0.187321 0.507802 0.187693 0.453477 0.148004 0.041845 -9999.0 -9999.0 -9999.0 -9999.0 -9999.0 -9999.0 -9999.0 -9999.0 -9999.0 -9999.0 -9999.0 -9999.0 -9999.0 -9999.0 -9999.0 -9999.0 -9999.0 -9999.0 -9999.0 -9999.0 -9999.0 -9999.0 -9999.0 -9999.0 -9999.0 -9999.0 -9999.0 -9999.0 -9999.0 -9999.0
-9999.0 -9999.0 -9999.0 -9999.0 -9999.0 -9999.0 -9999.0 -9999.0 -9999.0 -9999.0 -9999.0 -9999.0 -9999.0 -9999.0 -9999.0 -9999.0 -9999.0 -9999.0 -9999.0 -9999.0 -9999.0 -9999.0 -9999.0 -9999.0 0.516936 0.520000 0.520000 0.517171 0.520000 0.417446 0.123122 -9999.0 -9999.0 -9999.0 -9999.0 -9999.0 -9999.0 -9999.0 -9999.0 -9999.0 -9999.0 -9999.0 -9999.0 -9999.0 -9999.0 -9999.0 -9999.0 -9999.0 -9999.0 -9999.0 -9999.0 -9999.0 -9999.0 -9999.0 -9999.0 -9999.0 -9999.0 -9999.0 -9999.0 -9999.0 -9999.0 -9999.0 -9999.0
-9999.0 -9999.0 -9999.0 -9999.0 -9999.0 -9999.0 -9999.0 -9999.0 -9999.0 -9999.0 -9999.0 -9999.0 -9999.0 -9999.0 -9999.0 -9999.0 -9999.0 -9999.0 -9999.0 -9999.0 -9999.0 -9999.0 -9999.0 0.520000 0.520000 0.082417 0.074276 0.071014 0.162903 0.520000 0.439626 0.078130 -9999.0 -9999.0 -9999.0 -9999.0 -9999.0 -9999.0 -9999.0 -9999.0 -9999.0 -9999.0 -9999.0 -9999.0 -9999.0 -9999.0 -9999.0 -9999.0 -9999.0 -9999.0 -9999.0 -9999.0 -9999.0 -9999.0 -9999.0 -9999.0 -9999.0 -9999.0 -9999.0 -9999.0 -9999.0 -9999.0 -9999.0
-9999.0 -9999.0 -9999.0 -9999.0 -9999.0 -9999.0 -9999.0 -9999.0 -9999.0 -9999.0 -9999.0 -9999.0 -9999.0 -9999.0 -9999.0 -9999.0 -9999.0 -9999.0 0.275358 0.469884 -9999.0 0.503628 0.491082 0.072856 0.098254 0.071909 0.294305 0.269971 0.339793 0.447051 0.517706 0.461918 0.147990 0.183509 -9999.0 -9999.0 -9999.0 -9999.0 -9999.0 -9999.0 -9999.0 -9999.0 -9999.0 -9999.0 -9999.0 -9999.0 -9999.0 -9999.0 -9999.0 -9999.0 -9999.0 -9999.0 -9999.0 -9999.0 -9999.0 -9999.0 -9999.0 -9999.0 -9999.0 -9999.0 -9999.0 -9999.0 -9999.0
-9999.0 -9999.0 -9999.0 -9999.0 -9999.0 -9999.0 -9999.0 -9999.0 -9999.0 -9999.0 -9999.0 -9999.0 -9999.0 -9999.0 -9999.0 -9999.0 -9999.0 0.073744 0.075192 0.021982 0.103022 0.483234 0.327607 0.194827 0.241796 0.216583 0.048647 0.421474 0.055106 0.399149 0.520000 0.520000 0.185885 0.182731 0.164801 0.184008 -9999.0 -9999.0 -9999.0 -9999.0 -9999.0 -9999.0 -9999.0 -9999.0 -9999.0 -9999.0 -9999.0 -9999.0 -9999.0 -9999.0 -9999.0 -9999.0 -9999.0 -9999.0 -9999.0 -9999.0 -9999.0 -9999.0 -9999.0 -9999.0 -9999.0 -9999.0 -9999.0
-9999.0 -9999.0 -9999.0 -9999.0 -9999.0 -9999.0 -9999.0 -9999.0 -9999.0 -9999.0 -9999.0 -9999.0 -9999.0 0.372735 0.210508 0.083679 0.073975 0.022353 0.074269 0.072632 0.080536 0.154720 0.075554 0.240262 0.119129 0.483521 0.023214 0.044792 0.070233 0.173620 0.041843 0.520000 0.513172 0.285073 0.165140 0.184968 -9999.0 -9999.0 -9999.0 -9999.0 -9999.0 -9999.0 -9999.0 -9999.0 -9999.0 -9999.0 -9999.0 -9999.0 -9999.0 -9999.0 -9999.0 -9999.0 -9999.0 -9999.0 -9999.0 -9999.0 -9999.0 -9999.0 -9999.0 -9999.0 -9999.0 -9999.0 -9999.0
-9999.0 -9999.0 -9999.0 -9999.0 -9999.0 -9999.0 -9999.0 -9999.0 -9999.0 -9999.0 -9999.0 -9999.0 -9999.0 0.352636 0.073791 0.076363 0.074883 0.135578 0.022349 0.073283 0.074374 0.071292 0.117856 0.246941 0.321780 0.519447 0.508967 0.188295 0.192350 0.045780 0.040507 0.499868 0.156378 0.020058 0.162663 -9999.0 -9999.0 -9999.0 -9999.0 -9999.0 -9999.0 -9999.0 -9999.0 -9999.0 -9999.0 -9999.0 -9999.0 -9999.0 -9999.0 -9999.0 -9999.0 -9999.0 -9999.0 -9999.0 -9999.0 -9999.0 -9999.0 -9999.0 -9999.0 -9999.0 -9999.0 -9999.0 -9999.0
-9999.0 -9999.0 -9999.0 -9999.0 -9999.0 -9999.0 -9999.0 -9999.0 -9999.0 -9999.0 -9999.0 -9999.0 -9999.0 0.072352 0.520000 0.071791 0.076291 0.075241 0.022325 0.074266 0.138024 0.025066 0.242656 0.072839 0.215328 0.316388 0.180060 0.178063 0.162624 0.020065 0.432239 0.020041 0.020045 0.020020 0.187773 -9999.0 -9999.0 -9999.0 -9999.0 -9999.0 -9999.0 -9999.0 -9999.0 -9999.0 -9999.0 -9999.0 -9999.0 -9999.0 -9999.0 -9999.0 -9999.0 -9999.0 -9999.0 -9999.0 -9999.0 -9999.0 -9999.0 -9999.0 -9999.0 -9999.0 -9999.0 -9999.0 -9999.0
-9999.0 -9999.0 -9999.0 -9999.0 -9999.0 -9999.0 -9999.0 -9999.0 -9999.0 -9999.0 -9999.0 -9999.0 0.075334 0.520000 0.072411 0.138876 0.115702 0.081664 0.105551 0.021923 0.105543 0.258171 0.123873 0.092700 0.041514 0.509752 0.040105 0.428429 0.046764 0.161386 0.040022 0.170069 0.044817 0.181793 -9999.0 -9999.0 -9999.0 -9999.0 -9999.0 -9999.0 -9999.0 -9999.0 -9999.0 -9999.0 -9999.0 -9999.0 -9999.0 -9999.0 -9999.0 -9999.0 -9999.0 -9999.0 -9999.0 -9999.0 -9999.0 -9999.0 -9999.0 -9999.0 -9999.0 -9999.0 -9999.0 -9999.0 -9999.0
-9999.0 -9999.0 -9999.0 -9999.0 -9999.0 -9999.0 -9999.0 -9999.0 -9999.0 -9999.0 -9999.0 0.417238 0.096690 0.520000 0.072353 0.293356 0.021763 0.079461 0.178455 0.021674 0.075486 0.239387 0.492565 0.516493 0.058690 0.513440 0.265828 0.497360 0.052046 0.162517 0.185774 0.513543 0.175517 0.186795 0.185038 0.189307 0.393447 0.295354 0.475183 -9999.0 -9999.0 -9999.0 0.183930 -9999.0 -9999.0 -9999.0 -9999.0 -9999.0 -9999.0 -9999.0 -9999.0 -9999.0 -9999.0 -9999.0 -9999.0 -9999.0 -9999.0 -9999.0 -9999.0 -9999.0 -9999.0 -9999.0 -9999.0
-9999.0 -9999.0 -9999.0 -9999.0 -9999.0 -9999.0 -9999.0 -9999.0 -9999.0 -9999.0 -9999.0 0.434306 0.078327 0.070275 0.070197 0.291895 0.068667 0.073675 0.132793 0.118996 0.195784 0.374453 0.520000 0.040675 0.040054 0.507046 0.493242 0.513825 0.192860 0.176908 0.498415 0.468513 0.104978 0.040961 0.051808 0.496721 0.515980 0.354409 0.263830 0.186165 0.186871 0.186913 0.324917 0.168932 -9999.0 -9999.0 -9999.0 0.044484 0.042621 0.129639 0.044275 0.057684 0.072472 0.041864 0.041394 0.086735 -9999.0 -9999.0 -9999.0 -9999.0 -9999.0 -9999.0 -9999.0
-9999.0 -9999.0 -9999.0 -9999.0 -9999.0 -9999.0 -9999.0 -9999.0 -9999.0 -9999.0 -9999.0 0.454279 0.403680 0.520000 0.294889 0.251120 0.211644 0.078568 0.069818 0.103909 0.148157 0.432642 0.044127 0.517097 0.507473 0.187859 0.040328 0.040070 0.183304 0.055646 0.191445 0.040049 0.514307 0.049290 0.181202 0.512250 0.040117 0.040320 0.255076 0.172946 0.448828 0.249132 0.385195 0.502595 0.042488 -9999.0 0.183058 0.045901 0.060397 0.509701 0.514442 0.187949 0.500827 0.219723 0.044167 0.045824 -9999.0 -9999.0 -9999.0 -9999.0 -9999.0 -9999.0 -9999.0
-9999.0 -9999.0 -9999.0 -9999.0 -9999.0 -9999.0 -9999.0 -9999.0 -9999.0 -9999.0 -9999.0 -9999.0 0.461601 0.049556 0.346040 0.338576 0.159691 0.081009 0.147266 0.114728 0.102904 0.400137 0.043558 0.042729 0.040537 0.041108 0.520000 0.516286 0.109298 0.184578 0.487814 0.040060 0.516895 0.243568 0.043869 0.502681 0.040961 0.040572 0.351559 0.356841 0.239835 0.179672 0.040111 0.520000 0.170879 0.043829 0.156021 0.046187 0.040031 0.042227 0.055506 0.040062 0.040061 0.040037 0.040027 0.048867 0.045599 -9999.0 -9999.0 -9999.0 -9999.0 -9999.0 -9999.0
-9999.0 -9999.0 -9999.0 -9999.0 -9999.0 -9999.0 -9999.0 -9999.0 -9999.0 -9999.0 -9999.0 0.043474 0.483440 0.357246 0.051185 0.328758 0.274011 0.100211 0.122969 0.094996 0.086970 0.253707 0.073577 0.043023 0.042956 0.040421 0.040614 0.446267 0.405335 0.186227 0.040087 0.040161 0.520000 0.442572 0.049423 0.274078 0.508476 0.045634 0.273863 0.227007 0.047846 0.120660 0.043186 0.024960 0.520000 0.454915 0.200400 0.183261 0.180930 0.080974 0.020151 0.471388 0.040022 0.020057 0.020047 0.020032 0.153144 -9999.0 -9999.0 -9999.0 -9999.0 -9999.0 -9999.0
-9999.0 -9999.0 -9999.0 -9999.0 -9999.0 -9999.0 -9999.0 -9999.0 -9999.0 -9999.0 0.520000 0.041256 0.485883 0.467277 0.411464 0.515544 0.510765 0.174376 0.082743 0.099553 0.184235 0.327960 0.042718 0.470630 0.049646 0.040755 0.040711 0.020078 0.516613 0.520000 0.040550 0.040380 0.520000 0.450740 0.188685 0.190154 0.520000 0.040670 0.040651 0.458572 0.476901 0.181803 0.192778 0.374362 0.072013 0.185161 0.511739 0.044185 0.041402 0.105002 0.020048 0.097543 0.020042 0.020034 0.020037 0.389393 0.217429 -9999.0 -9999.0 -9999.0 -9999.0 -9999.0 -9999.0
-9999.0 -9999.0 -9999.0 -9999.0 -9999.0 -9999.0 -9999.0 -9999.0 -9999.0 0.509921 0.520000 0.042736 0.044636 0.047014 0.042626 0.052121 0.063254 0.348695 0.078109 0.087184 0.155503 0.105864 0.184848 0.292832 0.516752 0.040204 0.040523 0.503609 0.049657 0.061967 0.519493 0.040141 0.176305 0.103261 0.187641 0.190129 0.516115 0.040981 0.040104 0.041946 0.040253 0.042950 0.043595 0.183633 0.329179 0.072388 0.479907 0.045569 0.045829 0.471234 0.040735 0.136747 0.020029 0.028623 0.027625 0.040044 0.040030 0.164554 0.052817 -9999.0 -9999.0 -9999.0 -9999.0
-9999.0 -9999.0 -9999.0 -9999.0 -9999.0 -9999.0 -9999.0 -9999.0 -9999.0 0.507562 0.509656 0.510531 0.520000 0.147705 0.058729 0.046743 0.466083 0.339589 0.075726 0.095133 0.115547 0.071058 0.305065 0.458266 0.040612 0.042193 0.045940 0.103503 0.520000 0.425038 0.520000 0.040085 0.511075 0.057375 0.449637 0.189675 0.188648 0.184916 0.507772 0.520000 0.040077 0.041208 0.050253 0.457569 0.175604 0.298307 0.316598 0.391381 0.143186 0.385306 0.040038 0.040023 0.020815 0.040479 0.020652 0.040026 0.040080 0.040038 0.188199 -9999.0 -9999.0 -9999.0 -9999.0
-9999.0 -9999.0 -9999.0 -9999.0 -9999.0 -9999.0 -9999.0 -9999.0 -9999.0 -9999.0 0.481183 0.520000 0.056923 0.041112 0.282325 0.064760 0.130610 0.265653 0.074033 0.091236 0.131856 0.076175 0.083276 0.040633 0.043336 0.067687 0.519570 0.467344 0.483296 0.040156 0.040097 0.040084 0.040079 0.241982 0.130744 0.520000 0.499206 0.520000 0.189941 0.496490 0.473702 0.520000 0.520000 0.074485 0.127092 0.190131 0.130884 0.295106 0.175288 0.350362 0.040103 0.040031 0.021224 0.020779 0.040535 0.044720 0.048937 0.040878 0.041535 0.083623 -9999.0 -9999.0 -9999.0
-9999.0 -9999.0 -9999.0 -9999.0 -9999.0 -9999.0 -9999.0 -9999.0 -9999.0 -9999.0 0.444546 0.513004 0.520000 0.108898 0.479037 0.231236 0.133878 0.098308 0.076555 0.072115 0.075865 0.086692 0.069489 0.058351 0.073736 0.520000 0.387778 0.162809 0.040302 0.040107 0.503605 0.479526 0.020053 0.065116 0.505149 0.520000 0.041072 0.043572 0.040618 0.426315 0.499626 0.172227 0.043783 0.520000 0.494961 0.044261 0.117586 0.132031 0.118468 0.292615 0.518038 0.040616 0.040051 0.033049 0.020489 0.020819 0.044099 0.044571 0.520000 0.520000 -9999.0 -9999.0 -9999.0
-9999.0 -9999.0 -9999.0 -9999.0 -9999.0 -9999.0 -9999.0 -9999.0 0.514154 0.475266 0.177377 0.513636 0.040100 0.044971 0.055568 0.254535 0.076839 0.070264 0.072461 0.070921 0.072596 0.073095 0.074704 0.084114 0.363522 0.331557 0.359132 0.041613 0.040082 0.040127 0.020058 0.499740 0.499770 0.134129 0.201052 0.510476 0.446298 0.050243 0.040052 0.187075 0.184910 0.520000 0.020163 0.190507 0.173396 0.520000 0.040061 0.047106 0.170446 0.369489 0.434855 0.040051 0.040027 0.040019 0.020976 0.048273 0.181310 0.513480 0.429300 0.166109 -9999.0 -9999.0 -9999.0
-9999.0 -9999.0 -9999.0 -9999.0 -9999.0 -9999.0 -9999.0 -9999.0 0.020000 0.040065 0.040332 0.403553 0.510661 0.040263 0.041179 0.186696 0.092544 0.083310 0.072515 0.070690 0.121284 0.071384 0.068363 0.065621 0.075498 0.127417 0.343612 0.042634 0.020078 0.426335 0.051618 0.185928 0.511033 0.185407 0.514106 0.520000 0.468850 0.520000 0.046352 0.517656 0.500576 0.040054 0.185765 0.520000 0.520000 0.040800 0.020106 0.516938 0.052239 0.352982 0.447984 0.058588 0.040021 0.045447 0.508915 0.020224 0.043696 0.120239 0.399529 0.187320 0.075450 -9999.0 -9999.0
-9999.0 -9999.0 -9999.0 -9999.0 -9999.0 -9999.0 -9999.0 -9999.0 0.504805 0.510021 0.350058 0.040090 0.389031 0.020216 0.045193 0.041869 0.204611 0.082216 0.073078 0.117823 0.070242 0.068981 0.067959 0.071223 0.091022 0.085601 0.344665 0.040345 0.020044 0.501745 0.183579 0.520000 0.040574 0.040568 0.520000 0.520000 0.378327 0.496235 0.057623 0.043191 0.515034 0.182364 0.519531 0.506235 0.040687 0.517121 0.186049 0.503924 0.040698 0.101125 0.292653 0.494301 0.040080 0.040023 0.040460 0.044232 0.520000 0.413488 0.131288 0.200787 0.133553 -9999.0 -9999.0
-9999.0 -9999.0 -9999.0 -9999.0 -9999.0 -9999.0 -9999.0 -9999.0 0.142777 0.518872 0.040143 0.020052 0.512450 0.040776 0.040079 0.341563 0.075656 0.074017 0.121841 0.073203 0.071474 0.071410 0.071755 0.070863 0.084973 0.203502 0.054631 0.040093 0.501524 0.041833 0.045077 0.040882 0.154411 0.046177 0.056737 0.409389 0.281768 0.083656 0.367542 0.093517 0.501103 0.506219 0.520000 0.180289 0.508611 0.184144 0.520000 0.184428 0.508542 0.044268 0.133114 0.273757 0.451886 0.041191 0.520000 0.520000 0.303345 0.150398 0.109011 0.141088 0.163636 0.146321 -9999.0
-9999.0 -9999.0 -9999.0 -9999.0 -9999.0 -9999.0 -9999.0 -9999.0 0.041964 0.513299 0.040186 0.040164 0.043399 0.040876 0.489953 0.294008 0.303060 0.096254 0.178904 0.082575 0.075668 0.073860 0.073033 0.073946 0.084276 0.200541 0.040579 0.072283 0.405502 0.056586 0.044120 0.499024 0.467540 0.414234 0.456432 0.279463 0.096164 0.076109 0.076053 0.388824 0.409201 0.487360 0.520000 0.192020 0.044985 0.487131 0.056479 0.043130 0.053911 0.519527 0.367490 0.135182 0.227459 0.319853 0.520000 0.462974 0.302458 0.219132 0.184494 0.121070 0.089443 0.158299 -9999.0
-9999.0 -9999.0 0.513921 0.516460 0.040042 0.040815 0.040064 0.040029 0.305321 0.324513 0.040079 0.040370 0.049974 0.514520 0.431965 0.520000 0.094711 0.040341 0.048086 0.216279 0.083264 0.079315 0.132243 0.074014 0.076504 0.089012 0.177953 0.254643 0.145893 0.428635 0.089691 0.198688 0.260597 0.091586 0.130702 0.080138 0.074622 0.073883 0.074876 0.077655 0.076295 0.096310 0.088007 0.290233 0.174670 0.350539 0.420244 0.285003 0.262482 0.213095 0.090116 0.148961 0.271003 0.313906 0.362987 0.322149 0.297888 0.234009 0.219881 0.108720 0.243279 0.179199 -9999.0
-9999.0 0.044911 0.042820 0.041045 0.041455 0.040192 0.040317 0.040219 0.040060 0.226865 0.040663 0.041366 0.252448 0.520000 0.520000 0.044425 0.040109 0.040677 0.042430 0.112749 0.087458 0.080069 0.236577 0.109800 0.070940 0.075461 0.085267 0.103581 0.077153 0.184642 0.083090 0.084279 0.086930 0.115672 0.072374 0.073003 0.071503 0.071902 0.072568 0.075520 0.072720 0.072266 0.072957 0.076291 0.079687 0.077756 0.136883 0.074109 0.073430 0.095121 0.157603 0.234910 0.298173 0.362605 0.361563 0.519619 0.377764 0.350237 0.482939 0.393968 0.316213 0.183927 -9999.0
-9999.0 0.520000 0.062575 0.043312 0.516117 0.042281 0.040053 0.040098 0.106443 0.061500 0.040483 0.040343 0.333799 0.500880 0.049044 0.040029 0.040298 0.040612 0.040952 0.114313 0.451931 0.219681 0.133551 0.267739 0.210569 0.127419 0.073844 0.072493 0.087815 0.072517 0.072247 0.072562 0.081583 0.077830 0.079421 0.072343 0.100220 0.090738 0.070100 0.070348 0.070191 0.070797 0.069891 0.071689 0.071267 0.071150 0.073302 0.083008 0.093519 0.118142 0.186861 0.194089 0.321415 0.520000 0.520000 0.061287 0.043836 0.051792 0.057368 0.047171 0.067821 -9999.0 -9999.0
-9999.0 0.490836 0.043008 0.040519 0.443021 0.479095 0.492594 0.040140 0.040649 0.040653 0.040986 0.076751 0.445016 0.520000 0.040170 0.040023 0.040119 0.040051 0.040152 0.041316 0.048623 0.063593 0.169757 0.257719 0.239814 0.148040 0.127507 0.116155 0.072253 0.082270 0.070829 0.070402 0.080119 0.076731 0.072591 0.071130 0.070949 0.088187 0.070700 0.070250 0.070046 0.096742 0.070388 0.068825 0.069121 0.074068 0.077877 0.098935 0.137162 0.106819 0.251164 0.398339 0.074029 0.519447 0.046326 0.040288 0.040263 0.040135 0.040172 -9999.0 -9999.0 -9999.0 -9999.0
