user2019/resources/simulation/Vinschgau/output-maps/thetaliqL0005N0546.asc
ncols         63
nrows         48
xllcorner     598000.000000
yllcorner     5145000.000000
cellsize      1000.000000
NODATA_value  -9999.0
[rows 0 to 28 of 48, columns 0 to 62 of 63]
-9999.0 -9999.0 -9999.0 -9999.0 -9999.0 -9999.0 -9999.0 -9999.0 -9999.0 -9999.0 -9999.0 -9999.0 -9999.0 -9999.0 -9999.0 -9999.0 -9999.0 -9999.0 -9999.0 -9999.0 -9999.0 -9999.0 -9999.0 -9999.0 -9999.0 -9999.0 -9999.0 -9999.0 -9999.0 -9999.0 -9999.0 -9999.0 -9999.0 -9999.0 -9999.0 -9999.0 -9999.0 -9999.0 -9999.0 -9999.0 -9999.0 -9999.0 -9999.0 -9999.0 -9999.0 -9999.0 -9999.0 -9999.0 -9999.0 -9999.0 -9999.0 -9999.0 -9999.0 -9999.0 -9999.0 -9999.0 -9999.0 -9999.0 -9999.0 -9999.0 -9999.0 -9999.0 -9999.0
-9999.0 -9999.0 -9999.0 -9999.0 -9999.0 -9999.0 -9999.0 -9999.0 -9999.0 -9999.0 -9999.0 -9999.0 -9999.0 -9999.0 -9999.0 -9999.0 -9999.0 -9999.0 -9999.0 -9999.0 -9999.0 -9999.0 -9999.0 -9999.0 -9999.0 -9999.0 -9999.0 0.037367 0.430000 0.038800 0.430000 0.197052 0.200000 -9999.0 -9999.0 -9999.0 -9999.0 -9999.0 -9999.0 -9999.0 -9999.0 -9999.0 -9999.0 -9999.0 -9999.0 -9999.0 -9999.0 -9999.0 -9999.0 -9999.0 -9999.0 -9999.0 -9999.0 -9999.0 -9999.0 -9999.0 -9999.0 -9999.0 -9999.0 -9999.0 -9999.0 -9999.0 -9999.0
-9999.0 -9999.0 -9999.0 -9999.0 -9999.0 -9999.0 -9999.0 -9999.0 -9999.0 -9999.0 -9999.0 -9999.0 -9999.0 -9999.0 -9999.0 -9999.0 -9999.0 -9999.0 -9999.0 -9999.0 -9999.0 -9999.0 -9999.0 -9999.0 0.430000 0.430000 0.430000 0.430000 0.430000 0.430000 0.430000 -9999.0 -9999.0 -9999.0 -9999.0 -9999.0 -9999.0 -9999.0 -9999.0 -9999.0 -9999.0 -9999.0 -9999.0 -9999.0 -9999.0 -9999.0 -9999.0 -9999.0 -9999.0 -9999.0 -9999.0 -9999.0 -9999.0 -9999.0 -9999.0 -9999.0 -9999.0 -9999.0 -9999.0 -9999.0 -9999.0 -9999.0 -9999.0
-9999.0 -9999.0 -9999.0 -9999.0 -9999.0 -9999.0 -9999.0 -9999.0 -9999.0 -9999.0 -9999.0 -9999.0 -9999.0 -9999.0 -9999.0 -9999.0 -9999.0 -9999.0 -9999.0 -9999.0 -9999.0 -9999.0 -9999.0 0.430000 0.430000 0.169002 0.139891 0.095066 0.426228 0.430000 0.430000 0.430000 -9999.0 -9999.0 -9999.0 -9999.0 -9999.0 -9999.0 -9999.0 -9999.0 -9999.0 -9999.0 -9999.0 -9999.0 -9999.0 -9999.0 -9999.0 -9999.0 -9999.0 -9999.0 -9999.0 -9999.0 -9999.0 -9999.0 -9999.0 -9999.0 -9999.0 -9999.0 -9999.0 -9999.0 -9999.0 -9999.0 -9999.0
-9999.0 -9999.0 -9999.0 -9999.0 -9999.0 -9999.0 -9999.0 -9999.0 -9999.0 -9999.0 -9999.0 -9999.0 -9999.0 -9999.0 -9999.0 -9999.0 -9999.0 -9999.0 0.430000 0.430000 -9999.0 0.430000 0.430000 0.243754 0.161617 0.073833 0.295397 0.338653 0.315960 0.244736 0.430000 0.430000 0.038262 0.039610 -9999.0 -9999.0 -9999.0 -9999.0 -9999.0 -9999.0 -9999.0 -9999.0 -9999.0 -9999.0 -9999.0 -9999.0 -9999.0 -9999.0 -9999.0 -9999.0 -9999.0 -9999.0 -9999.0 -9999.0 -9999.0 -9999.0 -9999.0 -9999.0 -9999.0 -9999.0 -9999.0 -9999.0 -9999.0
-9999.0 -9999.0 -9999.0 -9999.0 -9999.0 -9999.0 -9999.0 -9999.0 -9999.0 -9999.0 -9999.0 -9999.0 -9999.0 -9999.0 -9999.0 -9999.0 -9999.0 0.128672 0.293135 0.020000 0.034888 0.314172 0.268004 0.091166 0.269744 0.242727 0.319812 0.346693 0.308981 0.331824 0.430000 0.430000 0.034295 0.030782 0.036167 0.037485 -9999.0 -9999.0 -9999.0 -9999.0 -9999.0 -9999.0 -9999.0 -9999.0 -9999.0 -9999.0 -9999.0 -9999.0 -9999.0 -9999.0 -9999.0 -9999.0 -9999.0 -9999.0 -9999.0 -9999.0 -9999.0 -9999.0 -9999.0 -9999.0 -9999.0 -9999.0 -9999.0
-9999.0 -9999.0 -9999.0 -9999.0 -9999.0 -9999.0 -9999.0 -9999.0 -9999.0 -9999.0 -9999.0 -9999.0 -9999.0 0.430000 0.342628 0.234808 0.154959 0.037685 0.137153 0.158707 0.223936 0.123057 0.086717 0.281459 0.276179 0.430000 0.020001 0.430000 0.305249 0.313224 0.430000 0.430000 0.430000 0.430000 0.039954 0.038961 -9999.0 -9999.0 -9999.0 -9999.0 -9999.0 -9999.0 -9999.0 -9999.0 -9999.0 -9999.0 -9999.0 -9999.0 -9999.0 -9999.0 -9999.0 -9999.0 -9999.0 -9999.0 -9999.0 -9999.0 -9999.0 -9999.0 -9999.0 -9999.0 -9999.0 -9999.0 -9999.0
-9999.0 -9999.0 -9999.0 -9999.0 -9999.0 -9999.0 -9999.0 -9999.0 -9999.0 -9999.0 -9999.0 -9999.0 -9999.0 0.430000 0.327417 0.194978 0.188823 0.397676 0.031396 0.104276 0.143673 0.317931 0.264267 0.254042 0.341914 0.339238 0.430000 0.038543 0.038776 0.388936 0.430000 0.430000 0.039325 0.039446 0.039531 -9999.0 -9999.0 -9999.0 -9999.0 -9999.0 -9999.0 -9999.0 -9999.0 -9999.0 -9999.0 -9999.0 -9999.0 -9999.0 -9999.0 -9999.0 -9999.0 -9999.0 -9999.0 -9999.0 -9999.0 -9999.0 -9999.0 -9999.0 -9999.0 -9999.0 -9999.0 -9999.0 -9999.0
-9999.0 -9999.0 -9999.0 -9999.0 -9999.0 -9999.0 -9999.0 -9999.0 -9999.0 -9999.0 -9999.0 -9999.0 -9999.0 0.298620 0.430000 0.213614 0.221620 0.182080 0.031894 0.177511 0.430000 0.020159 0.350059 0.290324 0.333411 0.384544 0.035744 0.037093 0.430000 0.037425 0.430000 0.039415 0.039497 0.039934 0.039917 -9999.0 -9999.0 -9999.0 -9999.0 -9999.0 -9999.0 -9999.0 -9999.0 -9999.0 -9999.0 -9999.0 -9999.0 -9999.0 -9999.0 -9999.0 -9999.0 -9999.0 -9999.0 -9999.0 -9999.0 -9999.0 -9999.0 -9999.0 -9999.0 -9999.0 -9999.0 -9999.0 -9999.0
-9999.0 -9999.0 -9999.0 -9999.0 -9999.0 -9999.0 -9999.0 -9999.0 -9999.0 -9999.0 -9999.0 -9999.0 0.271757 0.430000 0.336980 0.360319 0.361744 0.256374 0.357571 0.020000 0.205911 0.311535 0.068799 0.348225 0.430000 0.430000 0.430000 0.430000 0.430000 0.039528 0.430000 0.039116 0.430000 0.039363 -9999.0 -9999.0 -9999.0 -9999.0 -9999.0 -9999.0 -9999.0 -9999.0 -9999.0 -9999.0 -9999.0 -9999.0 -9999.0 -9999.0 -9999.0 -9999.0 -9999.0 -9999.0 -9999.0 -9999.0 -9999.0 -9999.0 -9999.0 -9999.0 -9999.0 -9999.0 -9999.0 -9999.0 -9999.0
-9999.0 -9999.0 -9999.0 -9999.0 -9999.0 -9999.0 -9999.0 -9999.0 -9999.0 -9999.0 -9999.0 0.430000 0.418529 0.430000 0.363628 0.430000 0.020062 0.330952 0.427100 0.020001 0.370441 0.367412 0.430000 0.430000 0.430000 0.430000 0.430000 0.430000 0.430000 0.039377 0.039073 0.430000 0.039212 0.038778 0.038102 0.037246 0.153365 0.091687 0.063540 -9999.0 -9999.0 -9999.0 0.023318 -9999.0 -9999.0 -9999.0 -9999.0 -9999.0 -9999.0 -9999.0 -9999.0 -9999.0 -9999.0 -9999.0 -9999.0 -9999.0 -9999.0 -9999.0 -9999.0 -9999.0 -9999.0 -9999.0 -9999.0
-9999.0 -9999.0 -9999.0 -9999.0 -9999.0 -9999.0 -9999.0 -9999.0 -9999.0 -9999.0 -9999.0 0.430000 0.388568 0.430000 0.370591 0.430000 0.340403 0.211019 0.397865 0.421991 0.430000 0.430000 0.430000 0.430000 0.430000 0.430000 0.430000 0.430000 0.041100 0.039256 0.430000 0.430000 0.430000 0.430000 0.391918 0.336015 0.107095 0.062119 0.062032 0.023027 0.024563 0.033953 0.413809 0.036208 -9999.0 -9999.0 -9999.0 0.430000 0.430000 0.039287 0.430000 0.039457 0.040114 0.430000 0.430000 0.040484 -9999.0 -9999.0 -9999.0 -9999.0 -9999.0 -9999.0 -9999.0
-9999.0 -9999.0 -9999.0 -9999.0 -9999.0 -9999.0 -9999.0 -9999.0 -9999.0 -9999.0 -9999.0 0.430000 0.430000 0.430000 0.430000 0.430000 0.430000 0.430000 0.421758 0.374177 0.385074 0.430000 0.430000 0.430000 0.430000 0.037095 0.430000 0.430000 0.037563 0.430000 0.038268 0.430000 0.430000 0.430000 0.035888 0.207499 0.075100 0.051987 0.055262 0.022014 0.069811 0.112371 0.373615 0.420614 0.430000 -9999.0 0.039031 0.430000 0.430000 0.430000 0.200000 0.040812 0.200000 0.430000 0.200000 0.430000 -9999.0 -9999.0 -9999.0 -9999.0 -9999.0 -9999.0 -9999.0
-9999.0 -9999.0 -9999.0 -9999.0 -9999.0 -9999.0 -9999.0 -9999.0 -9999.0 -9999.0 -9999.0 -9999.0 0.430000 0.430000 0.430000 0.430000 0.430000 0.415473 0.430000 0.404468 0.401286 0.430000 0.430000 0.430000 0.430000 0.430000 0.430000 0.199551 0.430000 0.038401 0.430000 0.430000 0.179199 0.428746 0.395182 0.221209 0.073935 0.062600 0.060678 0.042454 0.092215 0.023550 0.315346 0.410872 0.034002 0.430000 0.038831 0.430000 0.430000 0.430000 0.430000 0.430000 0.430000 0.430000 0.430000 0.430000 0.430000 -9999.0 -9999.0 -9999.0 -9999.0 -9999.0 -9999.0
-9999.0 -9999.0 -9999.0 -9999.0 -9999.0 -9999.0 -9999.0 -9999.0 -9999.0 -9999.0 -9999.0 0.430000 0.430000 0.199722 0.430000 0.430000 0.430000 0.430000 0.430000 0.334553 0.407877 0.430000 0.430000 0.430000 0.430000 0.430000 0.430000 0.430000 0.430000 0.037882 0.430000 0.430000 0.430000 0.430000 0.428743 0.317084 0.086666 0.055161 0.081337 0.063196 0.063254 0.080186 0.338196 0.020277 0.430000 0.430000 0.430000 0.036196 0.036038 0.080568 0.020002 0.430000 0.430000 0.022007 0.021716 0.039251 0.041789 -9999.0 -9999.0 -9999.0 -9999.0 -9999.0 -9999.0
-9999.0 -9999.0 -9999.0 -9999.0 -9999.0 -9999.0 -9999.0 -9999.0 -9999.0 -9999.0 0.430000 0.430000 0.430000 0.430000 0.430000 0.430000 0.430000 0.412798 0.268664 0.295543 0.430000 0.430000 0.430000 0.430000 0.422722 0.430000 0.430000 0.020146 0.199375 0.430000 0.430000 0.430000 0.430000 0.430000 0.038916 0.037778 0.201415 0.079748 0.083781 0.080938 0.067495 0.020375 0.050639 0.285964 0.388517 0.033808 0.430000 0.430000 0.430000 0.430000 0.020110 0.037910 0.020432 0.039351 0.039910 0.430000 0.430000 -9999.0 -9999.0 -9999.0 -9999.0 -9999.0 -9999.0
-9999.0 -9999.0 -9999.0 -9999.0 -9999.0 -9999.0 -9999.0 -9999.0 -9999.0 0.430000 0.430000 0.430000 0.430000 0.430000 0.430000 0.430000 0.430000 0.430000 0.342396 0.240323 0.413926 0.290969 0.424989 0.326237 0.391218 0.430000 0.430000 0.430000 0.430000 0.412684 0.430000 0.134052 0.038103 0.038644 0.038008 0.037609 0.430000 0.245391 0.083700 0.330299 0.296120 0.306975 0.321790 0.139271 0.354373 0.385977 0.430000 0.375289 0.408953 0.430000 0.102399 0.039068 0.039863 0.041231 0.041031 0.430000 0.430000 0.075672 0.044161 -9999.0 -9999.0 -9999.0 -9999.0
-9999.0 -9999.0 -9999.0 -9999.0 -9999.0 -9999.0 -9999.0 -9999.0 -9999.0 0.200000 0.430000 0.430000 0.430000 0.411223 0.420229 0.430000 0.430000 0.403957 0.336418 0.217309 0.247768 0.229328 0.352837 0.426287 0.430000 0.425689 0.430000 0.415056 0.360359 0.415190 0.430000 0.430000 0.430000 0.430000 0.430000 0.033562 0.033217 0.034510 0.413496 0.430000 0.390804 0.406142 0.216960 0.340304 0.269422 0.248875 0.294839 0.190599 0.318503 0.430000 0.137722 0.430000 0.043137 0.430000 0.085842 0.430000 0.430000 0.430000 0.065315 -9999.0 -9999.0 -9999.0 -9999.0
-9999.0 -9999.0 -9999.0 -9999.0 -9999.0 -9999.0 -9999.0 -9999.0 -9999.0 -9999.0 0.430000 0.430000 0.430000 0.430000 0.400705 0.410657 0.421421 0.390057 0.317280 0.225908 0.312032 0.384255 0.416106 0.430000 0.415807 0.408782 0.393109 0.383542 0.430000 0.430000 0.430000 0.430000 0.430000 0.430000 0.430000 0.430000 0.411323 0.430000 0.036343 0.430000 0.430000 0.430000 0.430000 0.430000 0.430000 0.398088 0.420533 0.361751 0.294528 0.430000 0.134288 0.108999 0.039479 0.041072 0.430000 0.430000 0.430000 0.430000 0.430000 0.430000 -9999.0 -9999.0 -9999.0
-9999.0 -9999.0 -9999.0 -9999.0 -9999.0 -9999.0 -9999.0 -9999.0 -9999.0 -9999.0 0.430000 0.430000 0.430000 0.430000 0.406013 0.370352 0.389206 0.298207 0.185688 0.206637 0.193409 0.276866 0.361188 0.362141 0.387520 0.368390 0.371217 0.430000 0.430000 0.430000 0.430000 0.430000 0.020053 0.430000 0.430000 0.430000 0.430000 0.430000 0.430000 0.430000 0.430000 0.072481 0.430000 0.430000 0.430000 0.131135 0.430000 0.430000 0.430000 0.430000 0.430000 0.430000 0.430000 0.041897 0.048266 0.045167 0.430000 0.430000 0.430000 0.430000 -9999.0 -9999.0 -9999.0
-9999.0 -9999.0 -9999.0 -9999.0 -9999.0 -9999.0 -9999.0 -9999.0 0.430000 0.430000 0.198486 0.430000 0.430000 0.430000 0.430000 0.347514 0.248719 0.223979 0.144079 0.189313 0.144526 0.153843 0.199365 0.218405 0.254832 0.358920 0.430000 0.430000 0.430000 0.430000 0.037464 0.430000 0.430000 0.430000 0.430000 0.430000 0.430000 0.430000 0.430000 0.037357 0.037704 0.430000 0.020118 0.038026 0.037214 0.430000 0.430000 0.430000 0.430000 0.430000 0.430000 0.140360 0.430000 0.430000 0.038870 0.200000 0.071403 0.430000 0.430000 0.430000 -9999.0 -9999.0 -9999.0
-9999.0 -9999.0 -9999.0 -9999.0 -9999.0 -9999.0 -9999.0 -9999.0 0.199631 0.430000 0.430000 0.430000 0.430000 0.430000 0.430000 0.406547 0.370458 0.287548 0.133548 0.157978 0.237550 0.151477 0.236470 0.203124 0.142361 0.330736 0.430000 0.430000 0.020118 0.430000 0.430000 0.035687 0.430000 0.036114 0.430000 0.430000 0.430000 0.430000 0.430000 0.430000 0.430000 0.158976 0.038045 0.430000 0.430000 0.430000 0.020844 0.430000 0.430000 0.430000 0.430000 0.430000 0.430000 0.430000 0.200000 0.020119 0.430000 0.430000 0.430000 0.430000 0.261066 -9999.0 -9999.0
-9999.0 -9999.0 -9999.0 -9999.0 -9999.0 -9999.0 -9999.0 -9999.0 0.430000 0.430000 0.430000 0.430000 0.430000 0.020018 0.430000 0.430000 0.338599 0.181479 0.117348 0.253075 0.142604 0.140137 0.145427 0.114922 0.241425 0.349160 0.430000 0.430000 0.020156 0.430000 0.035083 0.430000 0.430000 0.094388 0.430000 0.430000 0.430000 0.430000 0.430000 0.430000 0.430000 0.037025 0.430000 0.430000 0.430000 0.430000 0.036417 0.430000 0.430000 0.430000 0.430000 0.430000 0.430000 0.430000 0.430000 0.430000 0.430000 0.430000 0.430000 0.430000 0.355497 -9999.0 -9999.0
-9999.0 -9999.0 -9999.0 -9999.0 -9999.0 -9999.0 -9999.0 -9999.0 0.037603 0.430000 0.430000 0.020093 0.430000 0.430000 0.135590 0.393677 0.349698 0.140198 0.273704 0.139585 0.152851 0.150897 0.154501 0.175261 0.215145 0.369804 0.430000 0.430000 0.430000 0.430000 0.430000 0.430000 0.098918 0.430000 0.096500 0.430000 0.430000 0.430000 0.430000 0.430000 0.430000 0.430000 0.430000 0.036292 0.430000 0.036413 0.200000 0.036983 0.430000 0.430000 0.430000 0.430000 0.430000 0.430000 0.430000 0.430000 0.430000 0.430000 0.430000 0.378609 0.418195 0.430000 -9999.0
-9999.0 -9999.0 -9999.0 -9999.0 -9999.0 -9999.0 -9999.0 -9999.0 0.430000 0.430000 0.430000 0.430000 0.430000 0.430000 0.416598 0.385288 0.373950 0.353407 0.369199 0.307162 0.153171 0.157756 0.169939 0.194547 0.208750 0.316181 0.418064 0.426273 0.408605 0.430000 0.430000 0.430000 0.430000 0.430000 0.430000 0.430000 0.430000 0.430000 0.430000 0.430000 0.430000 0.103570 0.430000 0.102213 0.430000 0.430000 0.430000 0.430000 0.430000 0.430000 0.430000 0.314389 0.430000 0.430000 0.430000 0.430000 0.430000 0.430000 0.430000 0.428664 0.414911 0.430000 -9999.0
-9999.0 -9999.0 0.197071 0.430000 0.430000 0.430000 0.430000 0.430000 0.430000 0.430000 0.430000 0.430000 0.430000 0.430000 0.380318 0.383396 0.430000 0.430000 0.430000 0.386843 0.251850 0.184459 0.272102 0.130556 0.209301 0.200578 0.291230 0.340113 0.396456 0.430000 0.416048 0.430000 0.430000 0.430000 0.430000 0.430000 0.430000 0.429831 0.430000 0.430000 0.430000 0.430000 0.430000 0.430000 0.430000 0.430000 0.430000 0.430000 0.430000 0.398955 0.311155 0.279984 0.430000 0.430000 0.430000 0.430000 0.430000 0.430000 0.430000 0.430000 0.430000 0.430000 -9999.0
-9999.0 0.430000 0.430000 0.430000 0.430000 0.430000 0.430000 0.430000 0.430000 0.430000 0.430000 0.430000 0.430000 0.430000 0.429727 0.430000 0.430000 0.430000 0.418332 0.384237 0.190590 0.374731 0.430000 0.188155 0.153940 0.133894 0.184323 0.192146 0.396697 0.384463 0.193705 0.328535 0.430000 0.430000 0.419778 0.348391 0.413580 0.417231 0.430000 0.430000 0.430000 0.430000 0.430000 0.428867 0.387880 0.366549 0.386416 0.356611 0.404167 0.265189 0.360407 0.430000 0.430000 0.430000 0.430000 0.430000 0.430000 0.430000 0.430000 0.430000 0.430000 0.430000 -9999.0
-9999.0 0.430000 0.430000 0.430000 0.405607 0.430000 0.430000 0.430000 0.430000 0.191863 0.430000 0.430000 0.430000 0.428679 0.430000 0.430000 0.430000 0.430000 0.430000 0.430000 0.430000 0.422357 0.394801 0.383157 0.317358 0.239277 0.113109 0.107705 0.283352 0.198868 0.095935 0.107738 0.430000 0.430000 0.430000 0.430000 0.363766 0.399222 0.430000 0.327014 0.430000 0.430000 0.430000 0.219468 0.142108 0.120290 0.272300 0.365653 0.362511 0.430000 0.430000 0.430000 0.430000 0.430000 0.430000 0.430000 0.430000 0.430000 0.430000 0.430000 0.430000 -9999.0 -9999.0
-9999.0 0.199789 0.430000 0.430000 0.430000 0.430000 0.430000 0.430000 0.430000 0.430000 0.430000 0.421568 0.378031 0.430000 0.430000 0.430000 0.430000 0.430000 0.430000 0.430000 0.394831 0.365609 0.226769 0.371967 0.423049 0.349915 0.417355 0.430000 0.172383 0.323809 0.158689 0.141538 0.420809 0.430000 0.417636 0.305606 0.418239 0.388629 0.416021 0.298572 0.281839 0.421723 0.390007 0.196212 0.186652 0.402057 0.388535 0.430000 0.430000 0.430000 0.430000 0.430000 0.430000 0.430000 0.430000 0.430000 0.430000 0.430000 0.430000 -9999.0 -9999.0 -9999.0 -9999.0
