user2019/resources/simulation/Vinschgau/output-maps/thetaliqL0003N0798.asc
ncols         63
nrows         48
xllcorner     598000.000000
yllcorner     5145000.000000
cellsize      1000.000000
NODATA_value  -9999.0
[rows 0 to 28 of 48, columns 0 to 62 of 63]
-9999.0 -9999.0 -9999.0 -9999.0 -9999.0 -9999.0 -9999.0 -9999.0 -9999.0 -9999.0 -9999.0 -9999.0 -9999.0 -9999.0 -9999.0 -9999.0 -9999.0 -9999.0 -9999.0 -9999.0 -9999.0 -9999.0 -9999.0 -9999.0 -9999.0 -9999.0 -9999.0 -9999.0 -9999.0 -9999.0 -9999.0 -9999.0 -9999.0 -9999.0 -9999.0 -9999.0 -9999.0 -9999.0 -9999.0 -9999.0 -9999.0 -9999.0 -9999.0 -9999.0 -9999.0 -9999.0 -9999.0 -9999.0 -9999.0 -9999.0 -9999.0 -9999.0 -9999.0 -9999.0 -9999.0 -9999.0 -9999.0 -9999.0 -9999.0 -9999.0 -9999.0 -9999.0 -9999.0
-9999.0 -9999.0 -9999.0 -9999.0 -9999.0 -9999.0 -9999.0 -9999.0 -9999.0 -9999.0 -9999.0 -9999.0 -9999.0 -9999.0 -9999.0 -9999.0 -9999.0 -9999.0 -9999.0 -9999.0 -9999.0 -9999.0 -9999.0 -9999.0 -9999.0 -9999.0 -9999.0 0.020054 0.040158 0.020050 0.040040 0.040025 0.040018 -9999.0 -9999.0 -9999.0 -9999.0 -9999.0 -9999.0 -9999.0 -9999.0 -9999.0 -9999.0 -9999.0 -9999.0 -9999.0 -9999.0 -9999.0 -9999.0 -9999.0 -9999.0 -9999.0 -9999.0 -9999.0 -9999.0 -9999.0 -9999.0 -9999.0 -9999.0 -9999.0 -9999.0 -9999.0 -9999.0
-9999.0 -9999.0 -9999.0 -9999.0 -9999.0 -9999.0 -9999.0 -9999.0 -9999.0 -9999.0 -9999.0 -9999.0 -9999.0 -9999.0 -9999.0 -9999.0 -9999.0 -9999.0 -9999.0 -9999.0 -9999.0 -9999.0 -9999.0 -9999.0 0.040761 0.040856 0.043138 0.040781 0.040073 0.040060 0.040049 -9999.0 -9999.0 -9999.0 -9999.0 -9999.0 -9999.0 -9999.0 -9999.0 -9999.0 -9999.0 -9999.0 -9999.0 -9999.0 -9999.0 -9999.0 -9999.0 -9999.0 -9999.0 -9999.0 -9999.0 -9999.0 -9999.0 -9999.0 -9999.0 -9999.0 -9999.0 -9999.0 -9999.0 -9999.0 -9999.0 -9999.0 -9999.0
-9999.0 -9999.0 -9999.0 -9999.0 -9999.0 -9999.0 -9999.0 -9999.0 -9999.0 -9999.0 -9999.0 -9999.0 -9999.0 -9999.0 -9999.0 -9999.0 -9999.0 -9999.0 -9999.0 -9999.0 -9999.0 -9999.0 -9999.0 0.040905 0.043780 0.264902 0.331542 0.205260 0.098793 0.040959 0.040069 0.040030 -9999.0 -9999.0 -9999.0 -9999.0 -9999.0 -9999.0 -9999.0 -9999.0 -9999.0 -9999.0 -9999.0 -9999.0 -9999.0 -9999.0 -9999.0 -9999.0 -9999.0 -9999.0 -9999.0 -9999.0 -9999.0 -9999.0 -9999.0 -9999.0 -9999.0 -9999.0 -9999.0 -9999.0 -9999.0 -9999.0 -9999.0
-9999.0 -9999.0 -9999.0 -9999.0 -9999.0 -9999.0 -9999.0 -9999.0 -9999.0 -9999.0 -9999.0 -9999.0 -9999.0 -9999.0 -9999.0 -9999.0 -9999.0 -9999.0 0.459352 0.043517 -9999.0 0.041207 0.043745 0.252820 0.362348 0.145443 0.409498 0.496479 0.520000 0.061131 0.040425 0.040083 0.020038 0.020029 -9999.0 -9999.0 -9999.0 -9999.0 -9999.0 -9999.0 -9999.0 -9999.0 -9999.0 -9999.0 -9999.0 -9999.0 -9999.0 -9999.0 -9999.0 -9999.0 -9999.0 -9999.0 -9999.0 -9999.0 -9999.0 -9999.0 -9999.0 -9999.0 -9999.0 -9999.0 -9999.0 -9999.0 -9999.0
-9999.0 -9999.0 -9999.0 -9999.0 -9999.0 -9999.0 -9999.0 -9999.0 -9999.0 -9999.0 -9999.0 -9999.0 -9999.0 -9999.0 -9999.0 -9999.0 -9999.0 0.118985 0.255350 0.121833 0.020448 0.055649 0.062234 0.328143 0.370100 0.099535 0.044261 0.049386 0.048021 0.452278 0.040541 0.040051 0.020060 0.020062 0.020040 0.020033 -9999.0 -9999.0 -9999.0 -9999.0 -9999.0 -9999.0 -9999.0 -9999.0 -9999.0 -9999.0 -9999.0 -9999.0 -9999.0 -9999.0 -9999.0 -9999.0 -9999.0 -9999.0 -9999.0 -9999.0 -9999.0 -9999.0 -9999.0 -9999.0 -9999.0 -9999.0 -9999.0
-9999.0 -9999.0 -9999.0 -9999.0 -9999.0 -9999.0 -9999.0 -9999.0 -9999.0 -9999.0 -9999.0 -9999.0 -9999.0 0.044376 0.417636 0.224359 0.103603 0.055361 0.125531 0.238097 0.348163 0.330171 0.316951 0.395827 0.082478 0.043734 0.020113 0.040423 0.042486 0.051279 0.040102 0.040097 0.040027 0.040018 0.020035 0.020031 -9999.0 -9999.0 -9999.0 -9999.0 -9999.0 -9999.0 -9999.0 -9999.0 -9999.0 -9999.0 -9999.0 -9999.0 -9999.0 -9999.0 -9999.0 -9999.0 -9999.0 -9999.0 -9999.0 -9999.0 -9999.0 -9999.0 -9999.0 -9999.0 -9999.0 -9999.0 -9999.0
-9999.0 -9999.0 -9999.0 -9999.0 -9999.0 -9999.0 -9999.0 -9999.0 -9999.0 -9999.0 -9999.0 -9999.0 -9999.0 0.048557 0.366537 0.192365 0.117992 0.420276 0.048440 0.247397 0.147407 0.406690 0.379200 0.428240 0.116163 0.053734 0.040147 0.020058 0.020042 0.040121 0.040079 0.040050 0.020036 0.020017 0.020026 -9999.0 -9999.0 -9999.0 -9999.0 -9999.0 -9999.0 -9999.0 -9999.0 -9999.0 -9999.0 -9999.0 -9999.0 -9999.0 -9999.0 -9999.0 -9999.0 -9999.0 -9999.0 -9999.0 -9999.0 -9999.0 -9999.0 -9999.0 -9999.0 -9999.0 -9999.0 -9999.0 -9999.0
-9999.0 -9999.0 -9999.0 -9999.0 -9999.0 -9999.0 -9999.0 -9999.0 -9999.0 -9999.0 -9999.0 -9999.0 -9999.0 0.328549 0.520000 0.276660 0.171910 0.128774 0.023293 0.123005 0.458378 0.048605 0.102014 0.054154 0.330246 0.067149 0.020150 0.020038 0.040035 0.020019 0.040029 0.020016 0.020015 0.020014 0.020029 -9999.0 -9999.0 -9999.0 -9999.0 -9999.0 -9999.0 -9999.0 -9999.0 -9999.0 -9999.0 -9999.0 -9999.0 -9999.0 -9999.0 -9999.0 -9999.0 -9999.0 -9999.0 -9999.0 -9999.0 -9999.0 -9999.0 -9999.0 -9999.0 -9999.0 -9999.0 -9999.0 -9999.0
-9999.0 -9999.0 -9999.0 -9999.0 -9999.0 -9999.0 -9999.0 -9999.0 -9999.0 -9999.0 -9999.0 -9999.0 0.343670 0.520000 0.396677 0.448771 0.373246 0.233080 0.367959 0.121786 0.341643 0.051059 0.045880 0.045013 0.040090 0.040126 0.040033 0.040047 0.040031 0.020035 0.040005 0.020036 0.040012 0.020024 -9999.0 -9999.0 -9999.0 -9999.0 -9999.0 -9999.0 -9999.0 -9999.0 -9999.0 -9999.0 -9999.0 -9999.0 -9999.0 -9999.0 -9999.0 -9999.0 -9999.0 -9999.0 -9999.0 -9999.0 -9999.0 -9999.0 -9999.0 -9999.0 -9999.0 -9999.0 -9999.0 -9999.0 -9999.0
-9999.0 -9999.0 -9999.0 -9999.0 -9999.0 -9999.0 -9999.0 -9999.0 -9999.0 -9999.0 -9999.0 0.044406 0.520000 0.520000 0.422194 0.057328 0.145512 0.275944 0.520000 0.199866 0.286693 0.466638 0.041369 0.040255 0.040064 0.040311 0.040022 0.040132 0.040044 0.020026 0.020035 0.040034 0.020036 0.020030 0.020039 0.020039 0.040036 0.040111 0.040254 -9999.0 -9999.0 -9999.0 0.020036 -9999.0 -9999.0 -9999.0 -9999.0 -9999.0 -9999.0 -9999.0 -9999.0 -9999.0 -9999.0 -9999.0 -9999.0 -9999.0 -9999.0 -9999.0 -9999.0 -9999.0 -9999.0 -9999.0 -9999.0
-9999.0 -9999.0 -9999.0 -9999.0 -9999.0 -9999.0 -9999.0 -9999.0 -9999.0 -9999.0 -9999.0 0.044087 0.472602 0.520000 0.390775 0.044595 0.319289 0.205118 0.398084 0.474711 0.492817 0.048464 0.041344 0.040087 0.040049 0.040128 0.040099 0.040062 0.020051 0.020029 0.040077 0.040067 0.040034 0.040018 0.040016 0.040062 0.040508 0.040590 0.040247 0.020033 0.020033 0.020031 0.040052 0.020038 -9999.0 -9999.0 -9999.0 0.040024 0.040014 0.020033 0.040018 0.020028 0.020027 0.040022 0.040023 0.020025 -9999.0 -9999.0 -9999.0 -9999.0 -9999.0 -9999.0 -9999.0
-9999.0 -9999.0 -9999.0 -9999.0 -9999.0 -9999.0 -9999.0 -9999.0 -9999.0 -9999.0 -9999.0 0.041672 0.044082 0.042660 0.057096 0.049230 0.497089 0.376642 0.442273 0.395202 0.423105 0.069541 0.041415 0.040767 0.040120 0.020060 0.040282 0.040032 0.020047 0.040017 0.020042 0.040018 0.040342 0.040021 0.020038 0.040040 0.040038 0.040071 0.040984 0.020054 0.040165 0.040030 0.040063 0.040136 0.040021 -9999.0 0.020025 0.040019 0.040060 0.040292 0.040363 0.020086 0.040094 0.040067 0.040030 0.040022 -9999.0 -9999.0 -9999.0 -9999.0 -9999.0 -9999.0 -9999.0
-9999.0 -9999.0 -9999.0 -9999.0 -9999.0 -9999.0 -9999.0 -9999.0 -9999.0 -9999.0 -9999.0 -9999.0 0.044401 0.047046 0.048330 0.048513 0.419092 0.316519 0.519403 0.438551 0.393701 0.074728 0.040283 0.040908 0.040050 0.040250 0.040683 0.040227 0.040044 0.020039 0.040099 0.040028 0.040354 0.040037 0.040024 0.040126 0.040121 0.043931 0.049622 0.040496 0.040601 0.020218 0.040030 0.041192 0.020043 0.040019 0.020032 0.040022 0.040025 0.040077 0.045492 0.040030 0.040044 0.040026 0.040014 0.040038 0.040036 -9999.0 -9999.0 -9999.0 -9999.0 -9999.0 -9999.0
-9999.0 -9999.0 -9999.0 -9999.0 -9999.0 -9999.0 -9999.0 -9999.0 -9999.0 -9999.0 -9999.0 0.040816 0.040965 0.041965 0.040248 0.056836 0.216646 0.431349 0.491229 0.307889 0.381597 0.189986 0.056378 0.040114 0.041170 0.040091 0.040702 0.040042 0.040048 0.020068 0.040248 0.040044 0.040101 0.040041 0.040015 0.040053 0.040099 0.040825 0.061324 0.042272 0.040712 0.048740 0.040545 0.020313 0.043976 0.040065 0.040027 0.020073 0.020143 0.047078 0.020040 0.040044 0.040011 0.020024 0.020019 0.020018 0.020041 -9999.0 -9999.0 -9999.0 -9999.0 -9999.0 -9999.0
-9999.0 -9999.0 -9999.0 -9999.0 -9999.0 -9999.0 -9999.0 -9999.0 -9999.0 -9999.0 0.040760 0.043759 0.043525 0.043628 0.048250 0.041715 0.041429 0.174517 0.196116 0.325455 0.520000 0.520000 0.041228 0.044073 0.053131 0.040107 0.040067 0.020038 0.040354 0.041154 0.040099 0.040091 0.040640 0.040035 0.020025 0.020043 0.040400 0.040200 0.049176 0.131847 0.172034 0.141373 0.190453 0.520000 0.046752 0.020075 0.040245 0.040156 0.040103 0.049410 0.020037 0.020031 0.020018 0.020017 0.020016 0.040034 0.040017 -9999.0 -9999.0 -9999.0 -9999.0 -9999.0 -9999.0
-9999.0 -9999.0 -9999.0 -9999.0 -9999.0 -9999.0 -9999.0 -9999.0 -9999.0 0.040168 0.041271 0.040080 0.040123 0.042131 0.040360 0.046577 0.046508 0.059256 0.270950 0.182379 0.494042 0.286667 0.354647 0.348492 0.076802 0.040074 0.040043 0.041178 0.043909 0.050752 0.079275 0.040059 0.020044 0.020023 0.020032 0.020042 0.040048 0.040024 0.040161 0.044502 0.041339 0.043936 0.041598 0.391802 0.478659 0.046843 0.048276 0.040242 0.040261 0.253199 0.040032 0.020034 0.020015 0.020022 0.020027 0.040008 0.040016 0.020040 0.020030 -9999.0 -9999.0 -9999.0 -9999.0
-9999.0 -9999.0 -9999.0 -9999.0 -9999.0 -9999.0 -9999.0 -9999.0 -9999.0 0.040021 0.040023 0.040674 0.047739 0.058190 0.046243 0.042124 0.048218 0.394588 0.250417 0.349989 0.394480 0.320311 0.467237 0.056766 0.040123 0.040221 0.042345 0.053311 0.301397 0.057286 0.045190 0.040043 0.040084 0.040023 0.040048 0.020045 0.020054 0.020109 0.040121 0.040930 0.040410 0.040070 0.042785 0.453899 0.420977 0.448450 0.474551 0.205906 0.057598 0.094896 0.040025 0.040009 0.020022 0.040009 0.020029 0.040013 0.040014 0.040025 0.020060 -9999.0 -9999.0 -9999.0 -9999.0
-9999.0 -9999.0 -9999.0 -9999.0 -9999.0 -9999.0 -9999.0 -9999.0 -9999.0 -9999.0 0.040083 0.040574 0.045706 0.040511 0.065246 0.046537 0.056923 0.444304 0.243835 0.328764 0.463806 0.307570 0.085196 0.045488 0.041102 0.046920 0.085604 0.519051 0.047907 0.040073 0.040047 0.040051 0.040016 0.040029 0.040045 0.040109 0.043450 0.043746 0.020052 0.040067 0.040052 0.041645 0.043447 0.046969 0.086647 0.176827 0.471770 0.491805 0.467170 0.083815 0.040050 0.040024 0.020027 0.020023 0.040009 0.040018 0.040044 0.040111 0.040083 0.047168 -9999.0 -9999.0 -9999.0
-9999.0 -9999.0 -9999.0 -9999.0 -9999.0 -9999.0 -9999.0 -9999.0 -9999.0 -9999.0 0.040040 0.040235 0.041090 0.040277 0.520000 0.339109 0.196587 0.267361 0.233367 0.152652 0.132696 0.276841 0.069387 0.046100 0.046948 0.438204 0.520000 0.088766 0.040093 0.040019 0.040080 0.040071 0.020034 0.040020 0.040109 0.040371 0.040124 0.040260 0.040049 0.040037 0.040156 0.020132 0.040036 0.040476 0.043928 0.041122 0.049977 0.087643 0.510211 0.520000 0.057868 0.040042 0.040015 0.020029 0.020021 0.020024 0.040018 0.040182 0.520000 0.520000 -9999.0 -9999.0 -9999.0
-9999.0 -9999.0 -9999.0 -9999.0 -9999.0 -9999.0 -9999.0 -9999.0 0.040787 0.040093 0.040031 0.040417 0.040036 0.040041 0.040861 0.460594 0.229367 0.314587 0.278369 0.113495 0.106512 0.192065 0.227826 0.289773 0.257961 0.475575 0.518964 0.040363 0.040073 0.040017 0.020019 0.040059 0.040106 0.040027 0.040026 0.040136 0.047855 0.047328 0.040031 0.020043 0.020066 0.040081 0.020039 0.020046 0.020233 0.041054 0.040035 0.042457 0.093141 0.520000 0.075723 0.040173 0.040030 0.040008 0.020026 0.040029 0.020045 0.043834 0.278951 0.520000 -9999.0 -9999.0 -9999.0
-9999.0 -9999.0 -9999.0 -9999.0 -9999.0 -9999.0 -9999.0 -9999.0 0.020045 0.040097 0.040024 0.040035 0.040152 0.040081 0.040535 0.216267 0.336116 0.293574 0.148304 0.114411 0.383691 0.336952 0.330787 0.331744 0.223456 0.409740 0.520000 0.043521 0.020045 0.040046 0.040024 0.020053 0.040028 0.020056 0.040376 0.041052 0.043840 0.041664 0.040866 0.040382 0.040092 0.040008 0.020055 0.040456 0.040622 0.040494 0.020036 0.040299 0.044077 0.509743 0.520000 0.043415 0.040018 0.040024 0.040153 0.020052 0.040139 0.049777 0.520000 0.520000 0.140451 -9999.0 -9999.0
-9999.0 -9999.0 -9999.0 -9999.0 -9999.0 -9999.0 -9999.0 -9999.0 0.040102 0.040109 0.040132 0.040017 0.040056 0.020044 0.041796 0.040233 0.330296 0.354324 0.130245 0.339396 0.111808 0.254091 0.307454 0.151836 0.345105 0.351818 0.490330 0.040179 0.020040 0.040124 0.020068 0.041043 0.040065 0.040076 0.041435 0.042773 0.044228 0.520000 0.061663 0.040422 0.040341 0.020071 0.040832 0.040098 0.040170 0.040657 0.020044 0.040143 0.040091 0.100252 0.492183 0.070396 0.040032 0.040020 0.040071 0.041741 0.518693 0.520000 0.506629 0.520000 0.463619 -9999.0 -9999.0
-9999.0 -9999.0 -9999.0 -9999.0 -9999.0 -9999.0 -9999.0 -9999.0 0.020033 0.040411 0.040060 0.020041 0.040048 0.040152 0.041087 0.469466 0.243602 0.152322 0.394515 0.111127 0.131567 0.132807 0.261785 0.145579 0.197619 0.386955 0.050416 0.040046 0.043373 0.040607 0.040244 0.041414 0.049150 0.040787 0.042174 0.044335 0.296033 0.361631 0.519329 0.047999 0.041037 0.041216 0.041213 0.020245 0.040529 0.020075 0.040372 0.020129 0.040173 0.040164 0.111561 0.502195 0.086626 0.041681 0.052242 0.520000 0.520000 0.520000 0.478373 0.471832 0.464014 0.410964 -9999.0
-9999.0 -9999.0 -9999.0 -9999.0 -9999.0 -9999.0 -9999.0 -9999.0 0.040019 0.040336 0.040070 0.040066 0.040042 0.040217 0.057760 0.520000 0.520000 0.359923 0.382266 0.299517 0.141269 0.181461 0.140879 0.138921 0.378456 0.329764 0.040406 0.046848 0.067395 0.040961 0.044645 0.068767 0.520000 0.217668 0.118561 0.462694 0.451007 0.330911 0.400528 0.520000 0.238494 0.093571 0.065644 0.061064 0.040199 0.044003 0.046099 0.040249 0.045834 0.079822 0.479738 0.356854 0.456088 0.465063 0.520000 0.520000 0.520000 0.520000 0.520000 0.471628 0.411584 0.424837 -9999.0
-9999.0 -9999.0 0.040181 0.040769 0.040025 0.040150 0.040029 0.040033 0.040063 0.040122 0.040300 0.040128 0.040083 0.044456 0.520000 0.520000 0.078848 0.040189 0.042280 0.337293 0.289660 0.271789 0.520000 0.093065 0.178440 0.281164 0.240395 0.372529 0.438792 0.519840 0.089867 0.449858 0.520000 0.446552 0.473450 0.346030 0.407363 0.281386 0.337940 0.370262 0.436825 0.475101 0.472899 0.495473 0.252283 0.091785 0.520000 0.484911 0.487612 0.435183 0.385504 0.330711 0.520000 0.520000 0.520000 0.520000 0.520000 0.520000 0.520000 0.438733 0.520000 0.434841 -9999.0
-9999.0 0.042195 0.040643 0.040384 0.040175 0.040036 0.040029 0.040034 0.040018 0.040032 0.040054 0.040330 0.041720 0.224961 0.520000 0.041226 0.040252 0.040111 0.040809 0.118352 0.285236 0.389508 0.520000 0.519722 0.180498 0.159652 0.266967 0.332672 0.429522 0.498348 0.324219 0.407510 0.520000 0.520000 0.400468 0.347730 0.339253 0.194462 0.393927 0.369023 0.366413 0.423525 0.459351 0.338876 0.312862 0.275579 0.443486 0.324082 0.369553 0.493237 0.438450 0.520000 0.520000 0.520000 0.520000 0.520000 0.520000 0.520000 0.520000 0.474616 0.330430 0.440890 -9999.0
-9999.0 0.043361 0.040124 0.040747 0.047680 0.040098 0.040032 0.040028 0.040050 0.040027 0.040041 0.040178 0.110355 0.520000 0.047403 0.040032 0.040025 0.040058 0.043735 0.042877 0.154287 0.520000 0.507274 0.520000 0.520000 0.313698 0.088958 0.094601 0.341559 0.235660 0.117975 0.145967 0.520000 0.520000 0.520000 0.416266 0.427285 0.361755 0.352431 0.289188 0.346304 0.416709 0.425602 0.139152 0.083683 0.129516 0.304962 0.393241 0.407358 0.439823 0.484945 0.452981 0.497417 0.520000 0.520000 0.054588 0.041997 0.051817 0.057769 0.046594 0.060224 -9999.0 -9999.0
-9999.0 0.040733 0.040130 0.040175 0.498435 0.042613 0.047716 0.040067 0.040111 0.040075 0.040336 0.066760 0.520000 0.042997 0.040073 0.040022 0.040030 0.040062 0.040063 0.041516 0.046263 0.063071 0.256840 0.520000 0.520000 0.448842 0.476131 0.481389 0.158381 0.335510 0.098830 0.085805 0.473676 0.519795 0.404719 0.316778 0.344050 0.333814 0.305398 0.284438 0.286387 0.374959 0.356517 0.083124 0.081251 0.397510 0.376393 0.472741 0.487826 0.436457 0.490684 0.056509 0.064052 0.044553 0.043269 0.040168 0.040161 0.040109 0.040123 -9999.0 -9999.0 -9999.0 -9999.0
