user2019/resources/simulation/Vinschgau/output-maps/thetaiceL0004N0276.asc
ncols         63
nrows         48
xllcorner     598000.000000
yllcorner     5145000.000000
cellsize      1000.000000
NODATA_value  -9999.0
[rows 0 to 28 of 48, columns 0 to 62 of 63]
-9999.0 -9999.0 -9999.0 -9999.0 -9999.0 -9999.0 -9999.0 -9999.0 -9999.0 -9999.0 -9999.0 -9999.0 -9999.0 -9999.0 -9999.0 -9999.0 -9999.0 -9999.0 -9999.0 -9999.0 -9999.0 -9999.0 -9999.0 -9999.0 -9999.0 -9999.0 -9999.0 -9999.0 -9999.0 -9999.0 -9999.0 -9999.0 -9999.0 -9999.0 -9999.0 -9999.0 -9999.0 -9999.0 -9999.0 -9999.0 -9999.0 -9999.0 -9999.0 -9999.0 -9999.0 -9999.0 -9999.0 -9999.0 -9999.0 -9999.0 -9999.0 -9999.0 -9999.0 -9999.0 -9999.0 -9999.0 -9999.0 -9999.0 -9999.0 -9999.0 -9999.0 -9999.0 -9999.0
-9999.0 -9999.0 -9999.0 -9999.0 -9999.0 -9999.0 -9999.0 -9999.0 -9999.0 -9999.0 -9999.0 -9999.0 -9999.0 -9999.0 -9999.0 -9999.0 -9999.0 -9999.0 -9999.0 -9999.0 -9999.0 -9999.0 -9999.0 -9999.0 -9999.0 -9999.0 -9999.0 0.018919 0.260440 0.018787 0.243025 0.093846 0.091612 -9999.0 -9999.0 -9999.0 -9999.0 -9999.0 -9999.0 -9999.0 -9999.0 -9999.0 -9999.0 -9999.0 -9999.0 -9999.0 -9999.0 -9999.0 -9999.0 -9999.0 -9999.0 -9999.0 -9999.0 -9999.0 -9999.0 -9999.0 -9999.0 -9999.0 -9999.0 -9999.0 -9999.0 -9999.0 -9999.0
-9999.0 -9999.0 -9999.0 -9999.0 -9999.0 -9999.0 -9999.0 -9999.0 -9999.0 -9999.0 -9999.0 -9999.0 -9999.0 -9999.0 -9999.0 -9999.0 -9999.0 -9999.0 -9999.0 -9999.0 -9999.0 -9999.0 -9999.0 -9999.0 0.439683 0.298263 0.213421 0.231671 0.221536 0.271581 0.279255 -9999.0 -9999.0 -9999.0 -9999.0 -9999.0 -9999.0 -9999.0 -9999.0 -9999.0 -9999.0 -9999.0 -9999.0 -9999.0 -9999.0 -9999.0 -9999.0 -9999.0 -9999.0 -9999.0 -9999.0 -9999.0 -9999.0 -9999.0 -9999.0 -9999.0 -9999.0 -9999.0 -9999.0 -9999.0 -9999.0 -9999.0 -9999.0
-9999.0 -9999.0 -9999.0 -9999.0 -9999.0 -9999.0 -9999.0 -9999.0 -9999.0 -9999.0 -9999.0 -9999.0 -9999.0 -9999.0 -9999.0 -9999.0 -9999.0 -9999.0 -9999.0 -9999.0 -9999.0 -9999.0 -9999.0 0.262660 0.414812 0.473006 0.479991 0.479992 0.479993 0.215265 0.225409 0.377217 -9999.0 -9999.0 -9999.0 -9999.0 -9999.0 -9999.0 -9999.0 -9999.0 -9999.0 -9999.0 -9999.0 -9999.0 -9999.0 -9999.0 -9999.0 -9999.0 -9999.0 -9999.0 -9999.0 -9999.0 -9999.0 -9999.0 -9999.0 -9999.0 -9999.0 -9999.0 -9999.0 -9999.0 -9999.0 -9999.0 -9999.0
-9999.0 -9999.0 -9999.0 -9999.0 -9999.0 -9999.0 -9999.0 -9999.0 -9999.0 -9999.0 -9999.0 -9999.0 -9999.0 -9999.0 -9999.0 -9999.0 -9999.0 -9999.0 0.479984 0.458437 -9999.0 0.288611 0.372868 0.479991 0.479990 0.479922 0.429471 0.402055 0.479853 0.454137 0.152391 0.258966 0.018724 0.018795 -9999.0 -9999.0 -9999.0 -9999.0 -9999.0 -9999.0 -9999.0 -9999.0 -9999.0 -9999.0 -9999.0 -9999.0 -9999.0 -9999.0 -9999.0 -9999.0 -9999.0 -9999.0 -9999.0 -9999.0 -9999.0 -9999.0 -9999.0 -9999.0 -9999.0 -9999.0 -9999.0 -9999.0 -9999.0
-9999.0 -9999.0 -9999.0 -9999.0 -9999.0 -9999.0 -9999.0 -9999.0 -9999.0 -9999.0 -9999.0 -9999.0 -9999.0 -9999.0 -9999.0 -9999.0 -9999.0 0.479966 0.479989 0.007509 0.018493 0.362100 0.456473 0.479991 0.455570 0.438201 0.263778 0.352546 0.234806 0.388305 0.462249 0.160981 0.018165 0.018544 0.018862 0.018799 -9999.0 -9999.0 -9999.0 -9999.0 -9999.0 -9999.0 -9999.0 -9999.0 -9999.0 -9999.0 -9999.0 -9999.0 -9999.0 -9999.0 -9999.0 -9999.0 -9999.0 -9999.0 -9999.0 -9999.0 -9999.0 -9999.0 -9999.0 -9999.0 -9999.0 -9999.0 -9999.0
-9999.0 -9999.0 -9999.0 -9999.0 -9999.0 -9999.0 -9999.0 -9999.0 -9999.0 -9999.0 -9999.0 -9999.0 -9999.0 0.278483 0.475265 0.449785 0.448530 0.059976 0.449691 0.479992 0.479989 0.479989 0.479985 0.473530 0.440847 0.284909 0.017266 0.272527 0.261340 0.342389 0.299234 0.266655 0.290585 0.236215 0.018784 0.018798 -9999.0 -9999.0 -9999.0 -9999.0 -9999.0 -9999.0 -9999.0 -9999.0 -9999.0 -9999.0 -9999.0 -9999.0 -9999.0 -9999.0 -9999.0 -9999.0 -9999.0 -9999.0 -9999.0 -9999.0 -9999.0 -9999.0 -9999.0 -9999.0 -9999.0 -9999.0 -9999.0
-9999.0 -9999.0 -9999.0 -9999.0 -9999.0 -9999.0 -9999.0 -9999.0 -9999.0 -9999.0 -9999.0 -9999.0 -9999.0 0.328445 0.479988 0.450207 0.450081 0.479983 0.060545 0.455587 0.479953 0.479992 0.477358 0.475796 0.448101 0.268971 0.289867 0.018785 0.018795 0.240462 0.286660 0.238570 0.018790 0.018788 0.018787 -9999.0 -9999.0 -9999.0 -9999.0 -9999.0 -9999.0 -9999.0 -9999.0 -9999.0 -9999.0 -9999.0 -9999.0 -9999.0 -9999.0 -9999.0 -9999.0 -9999.0 -9999.0 -9999.0 -9999.0 -9999.0 -9999.0 -9999.0 -9999.0 -9999.0 -9999.0 -9999.0 -9999.0
-9999.0 -9999.0 -9999.0 -9999.0 -9999.0 -9999.0 -9999.0 -9999.0 -9999.0 -9999.0 -9999.0 -9999.0 -9999.0 0.449517 0.479991 0.468232 0.448692 0.448708 0.061912 0.478823 0.456651 0.011579 0.471056 0.238830 0.303513 0.313012 0.018913 0.018794 0.197317 0.018794 0.239243 0.018785 0.018795 0.018809 0.018803 -9999.0 -9999.0 -9999.0 -9999.0 -9999.0 -9999.0 -9999.0 -9999.0 -9999.0 -9999.0 -9999.0 -9999.0 -9999.0 -9999.0 -9999.0 -9999.0 -9999.0 -9999.0 -9999.0 -9999.0 -9999.0 -9999.0 -9999.0 -9999.0 -9999.0 -9999.0 -9999.0 -9999.0
-9999.0 -9999.0 -9999.0 -9999.0 -9999.0 -9999.0 -9999.0 -9999.0 -9999.0 -9999.0 -9999.0 -9999.0 0.451210 0.479991 0.479960 0.205157 0.466555 0.449113 0.075996 0.016450 0.438644 0.312732 0.077145 0.317418 0.204149 0.243553 0.301893 0.371172 0.235994 0.018792 0.240684 0.018792 0.242147 0.018806 -9999.0 -9999.0 -9999.0 -9999.0 -9999.0 -9999.0 -9999.0 -9999.0 -9999.0 -9999.0 -9999.0 -9999.0 -9999.0 -9999.0 -9999.0 -9999.0 -9999.0 -9999.0 -9999.0 -9999.0 -9999.0 -9999.0 -9999.0 -9999.0 -9999.0 -9999.0 -9999.0 -9999.0 -9999.0
-9999.0 -9999.0 -9999.0 -9999.0 -9999.0 -9999.0 -9999.0 -9999.0 -9999.0 -9999.0 -9999.0 0.363599 0.430515 0.474348 0.339635 0.321221 0.015112 0.448478 0.004250 0.019100 0.479991 0.447370 0.338552 0.237498 0.250405 0.295416 0.243204 0.315472 0.379020 0.018787 0.018859 0.258302 0.018807 0.018793 0.018596 0.018221 0.289535 0.436665 0.442812 -9999.0 -9999.0 -9999.0 0.018819 -9999.0 -9999.0 -9999.0 -9999.0 -9999.0 -9999.0 -9999.0 -9999.0 -9999.0 -9999.0 -9999.0 -9999.0 -9999.0 -9999.0 -9999.0 -9999.0 -9999.0 -9999.0 -9999.0 -9999.0
-9999.0 -9999.0 -9999.0 -9999.0 -9999.0 -9999.0 -9999.0 -9999.0 -9999.0 -9999.0 -9999.0 0.318833 0.283793 0.479989 0.434014 0.218089 0.443870 0.450863 0.046749 0.454802 0.479989 0.479986 0.424206 0.281484 0.265256 0.243779 0.298335 0.169943 0.019030 0.018789 0.150440 0.243749 0.283583 0.347220 0.291052 0.267216 0.451425 0.061095 0.071848 0.017063 0.017324 0.018503 0.344186 0.018833 -9999.0 -9999.0 -9999.0 0.451292 0.384761 0.018837 0.376656 0.018858 0.018896 0.458851 0.457692 0.019063 -9999.0 -9999.0 -9999.0 -9999.0 -9999.0 -9999.0 -9999.0
-9999.0 -9999.0 -9999.0 -9999.0 -9999.0 -9999.0 -9999.0 -9999.0 -9999.0 -9999.0 -9999.0 0.252822 0.286545 0.263532 0.315755 0.256498 0.446493 0.456607 0.478080 0.402431 0.451222 0.457619 0.334212 0.289773 0.247324 0.018748 0.374084 0.239374 0.018776 0.238219 0.018777 0.257054 0.231710 0.336144 0.018626 0.431866 0.222757 0.316659 0.071245 0.039407 0.459328 0.296326 0.419192 0.276904 0.371553 -9999.0 0.018808 0.330279 0.188812 0.459798 0.418182 0.019622 0.479641 0.477451 0.477524 0.474646 -9999.0 -9999.0 -9999.0 -9999.0 -9999.0 -9999.0 -9999.0
-9999.0 -9999.0 -9999.0 -9999.0 -9999.0 -9999.0 -9999.0 -9999.0 -9999.0 -9999.0 -9999.0 -9999.0 0.284470 0.267416 0.434827 0.216616 0.434677 0.448282 0.359240 0.323003 0.453455 0.448481 0.479991 0.412741 0.282602 0.374535 0.479990 0.081323 0.244721 0.018883 0.261845 0.263505 0.136694 0.318561 0.287775 0.317733 0.295757 0.182261 0.080576 0.128228 0.457236 0.017572 0.446276 0.473703 0.018771 0.252851 0.018864 0.365683 0.254134 0.349902 0.446869 0.342982 0.463094 0.422456 0.267045 0.251654 0.447543 -9999.0 -9999.0 -9999.0 -9999.0 -9999.0 -9999.0
-9999.0 -9999.0 -9999.0 -9999.0 -9999.0 -9999.0 -9999.0 -9999.0 -9999.0 -9999.0 -9999.0 0.375854 0.290381 0.078246 0.422454 0.431266 0.452592 0.439464 0.479982 0.479888 0.450464 0.479989 0.461368 0.397168 0.345124 0.479990 0.248457 0.249732 0.241596 0.018805 0.382075 0.409848 0.445320 0.362235 0.250048 0.334840 0.314361 0.325494 0.412255 0.099307 0.334688 0.452592 0.478989 0.000018 0.479993 0.325599 0.171638 0.018689 0.018864 0.160614 0.019967 0.259857 0.260542 0.019836 0.018778 0.018809 0.019021 -9999.0 -9999.0 -9999.0 -9999.0 -9999.0 -9999.0
-9999.0 -9999.0 -9999.0 -9999.0 -9999.0 -9999.0 -9999.0 -9999.0 -9999.0 -9999.0 0.366245 0.399476 0.259994 0.284462 0.447698 0.474416 0.428618 0.459567 0.450825 0.479874 0.444559 0.454989 0.444022 0.479988 0.450607 0.452958 0.256438 0.019698 0.443171 0.479991 0.452178 0.279086 0.383677 0.231579 0.018796 0.018866 0.311787 0.324779 0.353913 0.196066 0.438953 0.040608 0.032860 0.479990 0.449427 0.018779 0.181292 0.410775 0.458562 0.455096 0.018930 0.018806 0.018792 0.018816 0.018807 0.479788 0.479837 -9999.0 -9999.0 -9999.0 -9999.0 -9999.0 -9999.0
-9999.0 -9999.0 -9999.0 -9999.0 -9999.0 -9999.0 -9999.0 -9999.0 -9999.0 0.277199 0.360335 0.246895 0.472646 0.368603 0.442150 0.257428 0.258464 0.468267 0.475659 0.479249 0.313214 0.450594 0.479989 0.479946 0.467390 0.273331 0.356042 0.479990 0.479990 0.479989 0.448291 0.092527 0.018781 0.018793 0.018793 0.018783 0.275885 0.269615 0.265352 0.254952 0.479989 0.262956 0.250165 0.440171 0.479990 0.479991 0.479965 0.425099 0.310279 0.469820 0.138394 0.019059 0.018815 0.018805 0.018984 0.242200 0.464100 0.121218 0.019039 -9999.0 -9999.0 -9999.0 -9999.0
-9999.0 -9999.0 -9999.0 -9999.0 -9999.0 -9999.0 -9999.0 -9999.0 -9999.0 0.171517 0.283347 0.276464 0.479988 0.451203 0.448801 0.387754 0.479819 0.444964 0.479975 0.000000 0.000007 0.000000 0.479985 0.456901 0.244864 0.314906 0.467842 0.479989 0.479946 0.445658 0.277926 0.270687 0.245147 0.343654 0.272037 0.018487 0.018596 0.018503 0.242488 0.283768 0.260839 0.262977 0.425784 0.464258 0.479950 0.437616 0.445737 0.479982 0.479989 0.467516 0.099377 0.250645 0.018805 0.259229 0.018800 0.248865 0.469082 0.454029 0.108853 -9999.0 -9999.0 -9999.0 -9999.0
-9999.0 -9999.0 -9999.0 -9999.0 -9999.0 -9999.0 -9999.0 -9999.0 -9999.0 -9999.0 0.317373 0.318679 0.425899 0.444003 0.451220 0.437916 0.446428 0.479981 0.479957 0.110437 0.446190 0.479987 0.450267 0.479986 0.307026 0.479989 0.479980 0.472886 0.237632 0.295280 0.280654 0.245335 0.261636 0.243918 0.177679 0.446281 0.424350 0.360859 0.018911 0.242447 0.238795 0.272722 0.283679 0.229365 0.263750 0.451886 0.479990 0.469510 0.377571 0.479969 0.103978 0.094744 0.018971 0.018803 0.249851 0.256851 0.284826 0.479984 0.479974 0.479975 -9999.0 -9999.0 -9999.0
-9999.0 -9999.0 -9999.0 -9999.0 -9999.0 -9999.0 -9999.0 -9999.0 -9999.0 -9999.0 0.272847 0.282204 0.329236 0.448538 0.038291 0.479989 0.453220 0.461830 0.385825 0.000017 0.479901 0.477508 0.462831 0.442117 0.450632 0.473850 0.439847 0.473552 0.265109 0.272818 0.257327 0.406528 0.018996 0.249884 0.250632 0.253180 0.415335 0.386722 0.266141 0.253076 0.346657 0.018933 0.262309 0.255928 0.258116 0.108578 0.378867 0.253135 0.431522 0.461369 0.479980 0.283595 0.300823 0.019015 0.019067 0.018937 0.247882 0.479842 0.479907 0.457937 -9999.0 -9999.0 -9999.0
-9999.0 -9999.0 -9999.0 -9999.0 -9999.0 -9999.0 -9999.0 -9999.0 0.419677 0.354369 0.109361 0.342954 0.261094 0.306009 0.449756 0.454992 0.466626 0.000000 0.000016 0.000003 0.125754 0.450333 0.479964 0.475836 0.479983 0.477222 0.478886 0.249663 0.255608 0.274370 0.018791 0.249303 0.246395 0.316548 0.352414 0.255315 0.353080 0.421165 0.254049 0.018979 0.018785 0.257406 0.020019 0.018799 0.018765 0.331902 0.268504 0.403346 0.479990 0.475412 0.479977 0.477827 0.389014 0.244305 0.019195 0.472757 0.125889 0.479936 0.479895 0.094123 -9999.0 -9999.0 -9999.0
-9999.0 -9999.0 -9999.0 -9999.0 -9999.0 -9999.0 -9999.0 -9999.0 0.019478 0.446714 0.221732 0.275496 0.291035 0.422483 0.240580 0.457868 0.479982 0.479987 0.055914 0.000000 0.000000 0.000000 0.000000 0.000000 0.449362 0.440372 0.475991 0.462374 0.020319 0.366053 0.324586 0.018711 0.381791 0.018913 0.437616 0.280527 0.426639 0.429140 0.229652 0.240090 0.261329 0.020168 0.018801 0.191741 0.430537 0.265529 0.020005 0.240278 0.277036 0.479979 0.456027 0.479986 0.311771 0.479741 0.441675 0.017530 0.479211 0.479954 0.253085 0.000000 0.000000 -9999.0 -9999.0
-9999.0 -9999.0 -9999.0 -9999.0 -9999.0 -9999.0 -9999.0 -9999.0 0.273076 0.178902 0.479964 0.250883 0.205910 0.019642 0.449737 0.417958 0.474202 0.469418 0.000000 0.000000 0.000000 0.000000 0.000000 0.000043 0.000000 0.449758 0.479987 0.343554 0.018755 0.214952 0.018723 0.437185 0.268857 0.124277 0.252306 0.479987 0.268265 0.479988 0.246804 0.239514 0.393649 0.018998 0.436295 0.321331 0.257344 0.257824 0.018886 0.448572 0.266977 0.479988 0.370496 0.477829 0.294347 0.273512 0.478605 0.474647 0.447640 0.000747 0.000000 0.000000 0.000000 -9999.0 -9999.0
-9999.0 -9999.0 -9999.0 -9999.0 -9999.0 -9999.0 -9999.0 -9999.0 0.018789 0.185196 0.465919 0.015706 0.451156 0.462026 0.469826 0.479982 0.478386 0.000000 0.476015 0.000000 0.000000 0.000000 0.000000 0.000000 0.461364 0.479986 0.454921 0.419744 0.479989 0.479990 0.366794 0.291133 0.479989 0.463322 0.087488 0.385284 0.413314 0.479979 0.255916 0.252236 0.273358 0.255263 0.410270 0.018952 0.372102 0.018780 0.470808 0.020261 0.473141 0.212837 0.479982 0.000287 0.466925 0.464735 0.407113 0.003680 0.000000 0.000000 0.000000 0.000000 0.000207 0.479933 -9999.0
-9999.0 -9999.0 -9999.0 -9999.0 -9999.0 -9999.0 -9999.0 -9999.0 0.197398 0.288265 0.449146 0.479988 0.479985 0.476184 0.002045 0.451998 0.452646 0.452229 0.479987 0.457354 0.116676 0.000000 0.000000 0.000005 0.182758 0.479988 0.401227 0.457799 0.479984 0.479985 0.458432 0.479988 0.479971 0.479330 0.180979 0.218581 0.448069 0.479938 0.479959 0.268207 0.236463 0.111475 0.461975 0.278857 0.243939 0.454990 0.247343 0.479985 0.479988 0.479945 0.399741 0.303432 0.000011 0.000208 0.000000 0.000000 0.000000 0.000000 0.000000 0.000334 0.413058 0.479931 -9999.0
-9999.0 -9999.0 0.068429 0.229394 0.234877 0.274954 0.447981 0.228102 0.193543 0.439123 0.340028 0.475368 0.479978 0.479861 0.000000 0.459337 0.479989 0.227239 0.344128 0.479987 0.460663 0.000000 0.000000 0.000000 0.343436 0.479954 0.479979 0.479986 0.479976 0.395551 0.479989 0.479987 0.304669 0.479470 0.479944 0.479958 0.478155 0.468801 0.479835 0.479982 0.479971 0.479956 0.477983 0.479975 0.479986 0.479987 0.479963 0.479976 0.467841 0.062681 0.000005 0.000000 0.000000 0.000000 0.000000 0.000000 0.000000 0.001498 0.465873 0.479949 0.479908 0.465001 -9999.0
-9999.0 0.435353 0.439765 0.432774 0.424340 0.442635 0.294149 0.250000 0.279271 0.306761 0.286823 0.458252 0.462088 0.000907 0.411666 0.479957 0.363605 0.231073 0.448921 0.479985 0.475373 0.478594 0.000005 0.000000 0.000000 0.000005 0.000000 0.000000 0.398941 0.453528 0.460103 0.479905 0.479889 0.000006 0.437359 0.021739 0.000000 0.000000 0.000000 0.321850 0.434766 0.392690 0.442661 0.479966 0.479967 0.479966 0.452333 0.461206 0.000001 0.000000 0.000000 0.000000 0.000559 0.161921 0.316983 0.472755 0.479936 0.479916 0.479911 0.478021 0.469790 0.456968 -9999.0
-9999.0 0.283781 0.479987 0.479988 0.458020 0.469177 0.358991 0.287556 0.182427 0.080418 0.344205 0.468777 0.479953 0.457647 0.479981 0.221021 0.217947 0.269905 0.479986 0.479982 0.479941 0.452531 0.352234 0.000541 0.000000 0.000000 0.000000 0.000000 0.000000 0.090568 0.000000 0.068720 0.403837 0.371254 0.000000 0.000000 0.000000 0.000000 0.000000 0.000000 0.000000 0.000000 0.000004 0.000000 0.000000 0.000000 0.000000 0.000000 0.000000 0.000000 0.001706 0.479962 0.479936 0.331577 0.479964 0.476070 0.479911 0.440658 0.443749 0.455327 0.468687 -9999.0 -9999.0
-9999.0 0.171419 0.278765 0.479847 0.479975 0.479969 0.463849 0.412459 0.441256 0.448252 0.460715 0.479978 0.460887 0.479949 0.447290 0.252514 0.250845 0.266352 0.215084 0.479985 0.479971 0.479985 0.460351 0.000000 0.000000 0.000001 0.000000 0.000000 0.000000 0.000000 0.000005 0.000000 0.000000 0.069831 0.000000 0.000000 0.000000 0.000000 0.000000 0.000000 0.000000 0.000000 0.000000 0.000000 0.000000 0.000000 0.000000 0.000012 0.126960 0.314711 0.479982 0.312155 0.452626 0.479916 0.394831 0.453904 0.464798 0.455708 0.452043 -9999.0 -9999.0 -9999.0 -9999.0
