user2019/resources/simulation/Vinschgau/output-maps/thetaliqL0002N0379.asc
ncols         63
nrows         48
xllcorner     598000.000000
yllcorner     5145000.000000
cellsize      1000.000000
NODATA_value  -9999.0
[rows 0 to 28 of 48, columns 0 to 62 of 63]
-9999.0 -9999.0 -9999.0 -9999.0 -9999.0 -9999.0 -9999.0 -9999.0 -9999.0 -9999.0 -9999.0 -9999.0 -9999.0 -9999.0 -9999.0 -9999.0 -9999.0 -9999.0 -9999.0 -9999.0 -9999.0 -9999.0 -9999.0 -9999.0 -9999.0 -9999.0 -9999.0 -9999.0 -9999.0 -9999.0 -9999.0 -9999.0 -9999.0 -9999.0 -9999.0 -9999.0 -9999.0 -9999.0 -9999.0 -9999.0 -9999.0 -9999.0 -9999.0 -9999.0 -9999.0 -9999.0 -9999.0 -9999.0 -9999.0 -9999.0 -9999.0 -9999.0 -9999.0 -9999.0 -9999.0 -9999.0 -9999.0 -9999.0 -9999.0 -9999.0 -9999.0 -9999.0 -9999.0
-9999.0 -9999.0 -9999.0 -9999.0 -9999.0 -9999.0 -9999.0 -9999.0 -9999.0 -9999.0 -9999.0 -9999.0 -9999.0 -9999.0 -9999.0 -9999.0 -9999.0 -9999.0 -9999.0 -9999.0 -9999.0 -9999.0 -9999.0 -9999.0 -9999.0 -9999.0 -9999.0 0.020034 0.520000 0.103214 0.040184 0.052692 0.047884 -9999.0 -9999.0 -9999.0 -9999.0 -9999.0 -9999.0 -9999.0 -9999.0 -9999.0 -9999.0 -9999.0 -9999.0 -9999.0 -9999.0 -9999.0 -9999.0 -9999.0 -9999.0 -9999.0 -9999.0 -9999.0 -9999.0 -9999.0 -9999.0 -9999.0 -9999.0 -9999.0 -9999.0 -9999.0 -9999.0
-9999.0 -9999.0 -9999.0 -9999.0 -9999.0 -9999.0 -9999.0 -9999.0 -9999.0 -9999.0 -9999.0 -9999.0 -9999.0 -9999.0 -9999.0 -9999.0 -9999.0 -9999.0 -9999.0 -9999.0 -9999.0 -9999.0 -9999.0 -9999.0 0.460744 0.365612 0.495677 0.520000 0.520000 0.520000 0.040122 -9999.0 -9999.0 -9999.0 -9999.0 -9999.0 -9999.0 -9999.0 -9999.0 -9999.0 -9999.0 -9999.0 -9999.0 -9999.0 -9999.0 -9999.0 -9999.0 -9999.0 -9999.0 -9999.0 -9999.0 -9999.0 -9999.0 -9999.0 -9999.0 -9999.0 -9999.0 -9999.0 -9999.0 -9999.0 -9999.0 -9999.0 -9999.0
-9999.0 -9999.0 -9999.0 -9999.0 -9999.0 -9999.0 -9999.0 -9999.0 -9999.0 -9999.0 -9999.0 -9999.0 -9999.0 -9999.0 -9999.0 -9999.0 -9999.0 -9999.0 -9999.0 -9999.0 -9999.0 -9999.0 -9999.0 0.277574 0.520000 0.395825 0.458463 0.398011 0.520000 0.520000 0.519955 0.040054 -9999.0 -9999.0 -9999.0 -9999.0 -9999.0 -9999.0 -9999.0 -9999.0 -9999.0 -9999.0 -9999.0 -9999.0 -9999.0 -9999.0 -9999.0 -9999.0 -9999.0 -9999.0 -9999.0 -9999.0 -9999.0 -9999.0 -9999.0 -9999.0 -9999.0 -9999.0 -9999.0 -9999.0 -9999.0 -9999.0 -9999.0
-9999.0 -9999.0 -9999.0 -9999.0 -9999.0 -9999.0 -9999.0 -9999.0 -9999.0 -9999.0 -9999.0 -9999.0 -9999.0 -9999.0 -9999.0 -9999.0 -9999.0 -9999.0 0.388287 0.233190 -9999.0 0.376805 0.486176 0.465409 0.520000 0.520000 0.519996 0.519986 0.520000 0.520000 0.520000 0.519946 0.020350 0.020044 -9999.0 -9999.0 -9999.0 -9999.0 -9999.0 -9999.0 -9999.0 -9999.0 -9999.0 -9999.0 -9999.0 -9999.0 -9999.0 -9999.0 -9999.0 -9999.0 -9999.0 -9999.0 -9999.0 -9999.0 -9999.0 -9999.0 -9999.0 -9999.0 -9999.0 -9999.0 -9999.0 -9999.0 -9999.0
-9999.0 -9999.0 -9999.0 -9999.0 -9999.0 -9999.0 -9999.0 -9999.0 -9999.0 -9999.0 -9999.0 -9999.0 -9999.0 -9999.0 -9999.0 -9999.0 -9999.0 0.356746 0.398414 0.101239 0.148306 0.520000 0.468229 0.520000 0.520000 0.520000 0.040072 0.040074 0.058405 0.520000 0.520000 0.520000 0.098308 0.056996 0.020072 0.021582 -9999.0 -9999.0 -9999.0 -9999.0 -9999.0 -9999.0 -9999.0 -9999.0 -9999.0 -9999.0 -9999.0 -9999.0 -9999.0 -9999.0 -9999.0 -9999.0 -9999.0 -9999.0 -9999.0 -9999.0 -9999.0 -9999.0 -9999.0 -9999.0 -9999.0 -9999.0 -9999.0
-9999.0 -9999.0 -9999.0 -9999.0 -9999.0 -9999.0 -9999.0 -9999.0 -9999.0 -9999.0 -9999.0 -9999.0 -9999.0 0.040021 0.520000 0.520000 0.430392 0.137213 0.339826 0.278940 0.380414 0.498552 0.390874 0.520000 0.519910 0.040096 0.020287 0.040044 0.045694 0.040059 0.519768 0.040059 0.040047 0.042224 0.020242 0.020163 -9999.0 -9999.0 -9999.0 -9999.0 -9999.0 -9999.0 -9999.0 -9999.0 -9999.0 -9999.0 -9999.0 -9999.0 -9999.0 -9999.0 -9999.0 -9999.0 -9999.0 -9999.0 -9999.0 -9999.0 -9999.0 -9999.0 -9999.0 -9999.0 -9999.0 -9999.0 -9999.0
-9999.0 -9999.0 -9999.0 -9999.0 -9999.0 -9999.0 -9999.0 -9999.0 -9999.0 -9999.0 -9999.0 -9999.0 -9999.0 0.512383 0.520000 0.520000 0.443127 0.491782 0.033152 0.145271 0.313729 0.520000 0.520000 0.520000 0.520000 0.520000 0.429078 0.021300 0.024333 0.047300 0.040095 0.044819 0.021410 0.020094 0.020523 -9999.0 -9999.0 -9999.0 -9999.0 -9999.0 -9999.0 -9999.0 -9999.0 -9999.0 -9999.0 -9999.0 -9999.0 -9999.0 -9999.0 -9999.0 -9999.0 -9999.0 -9999.0 -9999.0 -9999.0 -9999.0 -9999.0 -9999.0 -9999.0 -9999.0 -9999.0 -9999.0 -9999.0
-9999.0 -9999.0 -9999.0 -9999.0 -9999.0 -9999.0 -9999.0 -9999.0 -9999.0 -9999.0 -9999.0 -9999.0 -9999.0 0.398545 0.520000 0.520000 0.520000 0.393753 0.043217 0.300828 0.520000 0.021521 0.520000 0.040189 0.519996 0.093922 0.097258 0.024776 0.477991 0.021817 0.043361 0.020039 0.020087 0.020021 0.020111 -9999.0 -9999.0 -9999.0 -9999.0 -9999.0 -9999.0 -9999.0 -9999.0 -9999.0 -9999.0 -9999.0 -9999.0 -9999.0 -9999.0 -9999.0 -9999.0 -9999.0 -9999.0 -9999.0 -9999.0 -9999.0 -9999.0 -9999.0 -9999.0 -9999.0 -9999.0 -9999.0 -9999.0
-9999.0 -9999.0 -9999.0 -9999.0 -9999.0 -9999.0 -9999.0 -9999.0 -9999.0 -9999.0 -9999.0 -9999.0 0.340245 0.520000 0.520000 0.519933 0.519760 0.520000 0.426874 0.111901 0.419468 0.040148 0.040091 0.040171 0.520000 0.046439 0.040316 0.040034 0.520000 0.023073 0.040279 0.020033 0.496195 0.020112 -9999.0 -9999.0 -9999.0 -9999.0 -9999.0 -9999.0 -9999.0 -9999.0 -9999.0 -9999.0 -9999.0 -9999.0 -9999.0 -9999.0 -9999.0 -9999.0 -9999.0 -9999.0 -9999.0 -9999.0 -9999.0 -9999.0 -9999.0 -9999.0 -9999.0 -9999.0 -9999.0 -9999.0 -9999.0
-9999.0 -9999.0 -9999.0 -9999.0 -9999.0 -9999.0 -9999.0 -9999.0 -9999.0 -9999.0 -9999.0 0.040057 0.520000 0.520000 0.040036 0.040114 0.020070 0.520000 0.520000 0.180192 0.520000 0.520000 0.520000 0.045676 0.520000 0.040042 0.048961 0.520000 0.520000 0.021304 0.020062 0.520000 0.020029 0.020044 0.020053 0.020097 0.056472 0.073179 0.050344 -9999.0 -9999.0 -9999.0 0.020033 -9999.0 -9999.0 -9999.0 -9999.0 -9999.0 -9999.0 -9999.0 -9999.0 -9999.0 -9999.0 -9999.0 -9999.0 -9999.0 -9999.0 -9999.0 -9999.0 -9999.0 -9999.0 -9999.0 -9999.0
-9999.0 -9999.0 -9999.0 -9999.0 -9999.0 -9999.0 -9999.0 -9999.0 -9999.0 -9999.0 -9999.0 0.040053 0.040052 0.520000 0.520000 0.047219 0.438723 0.477937 0.460293 0.410525 0.520000 0.520000 0.514696 0.040029 0.040062 0.040107 0.466914 0.520000 0.120006 0.020727 0.520000 0.520000 0.520000 0.040016 0.040007 0.519982 0.520000 0.049399 0.048815 0.021218 0.125097 0.020036 0.520000 0.020029 -9999.0 -9999.0 -9999.0 0.122766 0.050250 0.020203 0.040102 0.025430 0.036504 0.176602 0.188687 0.036533 -9999.0 -9999.0 -9999.0 -9999.0 -9999.0 -9999.0 -9999.0
-9999.0 -9999.0 -9999.0 -9999.0 -9999.0 -9999.0 -9999.0 -9999.0 -9999.0 -9999.0 -9999.0 0.040023 0.052351 0.518467 0.040025 0.040023 0.519140 0.520000 0.520000 0.483053 0.520000 0.520000 0.456703 0.508069 0.051427 0.114015 0.520000 0.518941 0.020128 0.040244 0.020351 0.512932 0.520000 0.040008 0.020062 0.520000 0.404222 0.095228 0.046795 0.021109 0.088262 0.520000 0.520000 0.520000 0.040014 -9999.0 0.026795 0.040080 0.520000 0.520000 0.520000 0.129247 0.520000 0.520000 0.517360 0.159531 -9999.0 -9999.0 -9999.0 -9999.0 -9999.0 -9999.0 -9999.0
-9999.0 -9999.0 -9999.0 -9999.0 -9999.0 -9999.0 -9999.0 -9999.0 -9999.0 -9999.0 -9999.0 -9999.0 0.046468 0.040049 0.398598 0.518568 0.113324 0.520000 0.520000 0.520000 0.520000 0.520000 0.520000 0.520000 0.519296 0.519999 0.520000 0.040121 0.040062 0.020041 0.520000 0.518553 0.520000 0.520000 0.040016 0.520000 0.218427 0.061641 0.050145 0.051180 0.064822 0.022841 0.519189 0.520000 0.048372 0.040012 0.020056 0.040184 0.475454 0.520000 0.520000 0.060380 0.520000 0.158171 0.213344 0.212222 0.173779 -9999.0 -9999.0 -9999.0 -9999.0 -9999.0 -9999.0
-9999.0 -9999.0 -9999.0 -9999.0 -9999.0 -9999.0 -9999.0 -9999.0 -9999.0 -9999.0 -9999.0 0.518235 0.065846 0.040168 0.519312 0.519341 0.520000 0.520000 0.520000 0.444773 0.520000 0.520000 0.520000 0.361871 0.438950 0.520000 0.519998 0.047899 0.427727 0.095289 0.520000 0.520000 0.520000 0.520000 0.040038 0.519992 0.285206 0.276187 0.336307 0.055428 0.078628 0.088000 0.520000 0.039620 0.520000 0.479519 0.520000 0.102985 0.116981 0.520000 0.025848 0.084499 0.113171 0.027622 0.028659 0.024943 0.038247 -9999.0 -9999.0 -9999.0 -9999.0 -9999.0 -9999.0
-9999.0 -9999.0 -9999.0 -9999.0 -9999.0 -9999.0 -9999.0 -9999.0 -9999.0 -9999.0 0.520000 0.519535 0.467205 0.040020 0.520000 0.520000 0.520000 0.353655 0.293041 0.357613 0.520000 0.459891 0.277039 0.403451 0.460924 0.520000 0.040115 0.075435 0.520000 0.520000 0.520000 0.519863 0.520000 0.040022 0.020093 0.020091 0.520000 0.513769 0.259108 0.520000 0.520000 0.176130 0.182686 0.520000 0.520000 0.090184 0.520000 0.520000 0.520000 0.520000 0.020895 0.028588 0.027584 0.026699 0.028355 0.043037 0.040643 -9999.0 -9999.0 -9999.0 -9999.0 -9999.0 -9999.0
-9999.0 -9999.0 -9999.0 -9999.0 -9999.0 -9999.0 -9999.0 -9999.0 -9999.0 0.053807 0.040120 0.519212 0.520000 0.519432 0.520000 0.519895 0.040150 0.520000 0.361342 0.209941 0.406659 0.102153 0.289784 0.387490 0.388814 0.385503 0.296656 0.520000 0.520000 0.520000 0.520000 0.460155 0.020836 0.021658 0.020041 0.020030 0.520000 0.474238 0.514811 0.519611 0.520000 0.520000 0.336877 0.520000 0.520000 0.520000 0.520000 0.092419 0.222774 0.520000 0.520000 0.023840 0.025055 0.031595 0.035723 0.040735 0.518707 0.020045 0.039975 -9999.0 -9999.0 -9999.0 -9999.0
-9999.0 -9999.0 -9999.0 -9999.0 -9999.0 -9999.0 -9999.0 -9999.0 -9999.0 0.040611 0.056408 0.040114 0.520000 0.515264 0.333000 0.373063 0.520000 0.460780 0.374117 0.070058 0.098205 0.135355 0.430714 0.520000 0.392613 0.225719 0.391491 0.477015 0.520000 0.519998 0.520000 0.488377 0.040036 0.040025 0.520000 0.135364 0.139975 0.106068 0.040017 0.520000 0.518341 0.040054 0.383827 0.520000 0.520000 0.520000 0.508460 0.230621 0.337085 0.520000 0.517911 0.504902 0.032508 0.200501 0.030552 0.254223 0.389385 0.520000 0.140675 -9999.0 -9999.0 -9999.0 -9999.0
-9999.0 -9999.0 -9999.0 -9999.0 -9999.0 -9999.0 -9999.0 -9999.0 -9999.0 -9999.0 0.046463 0.040040 0.520000 0.520000 0.401503 0.364952 0.391962 0.402677 0.349283 0.156279 0.260843 0.431846 0.348967 0.502758 0.237472 0.372447 0.330438 0.520000 0.520000 0.040081 0.040066 0.519806 0.041228 0.047410 0.520000 0.520000 0.329523 0.520000 0.129889 0.040187 0.043780 0.404632 0.520000 0.518240 0.520000 0.520000 0.520000 0.520000 0.520000 0.520000 0.520000 0.520000 0.020220 0.033686 0.125991 0.199874 0.167056 0.520000 0.520000 0.214176 -9999.0 -9999.0 -9999.0
-9999.0 -9999.0 -9999.0 -9999.0 -9999.0 -9999.0 -9999.0 -9999.0 -9999.0 -9999.0 0.044732 0.040152 0.040209 0.520000 0.520000 0.372688 0.293494 0.212902 0.141165 0.076190 0.084369 0.161080 0.213700 0.084188 0.255836 0.326341 0.520000 0.520000 0.520000 0.046589 0.050507 0.040038 0.081551 0.052038 0.046871 0.040071 0.520000 0.520000 0.512050 0.043773 0.040017 0.171813 0.040044 0.048693 0.040042 0.519882 0.519956 0.520000 0.520000 0.520000 0.520000 0.520000 0.516376 0.020236 0.034131 0.024307 0.137157 0.520000 0.520000 0.520000 -9999.0 -9999.0 -9999.0
-9999.0 -9999.0 -9999.0 -9999.0 -9999.0 -9999.0 -9999.0 -9999.0 0.520000 0.520000 0.040017 0.040120 0.519843 0.520000 0.520000 0.520000 0.264670 0.126775 0.069930 0.071876 0.072923 0.108107 0.167478 0.176275 0.199693 0.520000 0.520000 0.520000 0.519741 0.040029 0.024361 0.047143 0.040079 0.043968 0.040030 0.050103 0.512908 0.520000 0.040018 0.020051 0.020328 0.040178 0.023289 0.025374 0.125487 0.520000 0.047091 0.242354 0.520000 0.520000 0.520000 0.520000 0.520000 0.040196 0.020036 0.520000 0.148013 0.520000 0.520000 0.520000 -9999.0 -9999.0 -9999.0
-9999.0 -9999.0 -9999.0 -9999.0 -9999.0 -9999.0 -9999.0 -9999.0 0.020140 0.520000 0.520000 0.086853 0.047249 0.520000 0.394640 0.508152 0.440613 0.293417 0.133078 0.071119 0.082974 0.064921 0.075214 0.083032 0.138176 0.520000 0.520000 0.520000 0.029402 0.515692 0.040035 0.100102 0.484390 0.020048 0.510156 0.520000 0.520000 0.520000 0.519459 0.520000 0.083909 0.044589 0.028716 0.520000 0.520000 0.040065 0.024606 0.053592 0.520000 0.520000 0.520000 0.520000 0.519239 0.520000 0.520000 0.149312 0.520000 0.520000 0.520000 0.520000 0.089489 -9999.0 -9999.0
-9999.0 -9999.0 -9999.0 -9999.0 -9999.0 -9999.0 -9999.0 -9999.0 0.056737 0.520000 0.520000 0.471187 0.520000 0.020182 0.517981 0.308801 0.251590 0.181117 0.075509 0.104764 0.070228 0.065436 0.065649 0.069481 0.313276 0.479317 0.520000 0.476893 0.118548 0.520000 0.064361 0.520000 0.518941 0.520000 0.520000 0.520000 0.520000 0.520000 0.519586 0.519354 0.040191 0.020287 0.040039 0.040184 0.051638 0.051799 0.020040 0.517371 0.040222 0.520000 0.520000 0.520000 0.520000 0.520000 0.520000 0.520000 0.520000 0.520000 0.520000 0.520000 0.333532 -9999.0 -9999.0
-9999.0 -9999.0 -9999.0 -9999.0 -9999.0 -9999.0 -9999.0 -9999.0 0.028734 0.520000 0.520000 0.076954 0.520000 0.520000 0.520000 0.389004 0.232928 0.479480 0.369695 0.124824 0.076531 0.073977 0.075322 0.084808 0.234035 0.427058 0.320078 0.391664 0.466429 0.520000 0.520000 0.520000 0.520000 0.520000 0.520000 0.322703 0.436519 0.520000 0.520000 0.520000 0.040016 0.520000 0.520000 0.113006 0.510401 0.117260 0.520000 0.127520 0.404396 0.439543 0.435426 0.520000 0.520000 0.520000 0.520000 0.520000 0.520000 0.520000 0.520000 0.433815 0.455397 0.389881 -9999.0
-9999.0 -9999.0 -9999.0 -9999.0 -9999.0 -9999.0 -9999.0 -9999.0 0.040044 0.520000 0.520000 0.520000 0.520000 0.520000 0.428423 0.358804 0.520000 0.520000 0.520000 0.520000 0.214937 0.191079 0.084213 0.094326 0.136507 0.276369 0.217123 0.299038 0.342121 0.520000 0.520000 0.520000 0.520000 0.520000 0.520000 0.520000 0.482665 0.520000 0.520000 0.520000 0.520000 0.520000 0.520000 0.520000 0.520000 0.520000 0.520000 0.520000 0.432885 0.404935 0.253797 0.261356 0.462549 0.336807 0.520000 0.520000 0.520000 0.520000 0.520000 0.520000 0.520000 0.399428 -9999.0
-9999.0 -9999.0 0.520000 0.339580 0.519787 0.309028 0.520000 0.519989 0.520000 0.517027 0.520000 0.520000 0.520000 0.520000 0.520000 0.520000 0.520000 0.520000 0.366884 0.520000 0.436521 0.520000 0.520000 0.085011 0.136279 0.190158 0.276203 0.289975 0.520000 0.520000 0.323683 0.520000 0.520000 0.520000 0.520000 0.475946 0.405128 0.520000 0.520000 0.520000 0.520000 0.520000 0.520000 0.520000 0.520000 0.520000 0.520000 0.520000 0.520000 0.520000 0.375819 0.415427 0.520000 0.520000 0.520000 0.520000 0.520000 0.520000 0.520000 0.520000 0.520000 0.408716 -9999.0
-9999.0 0.259885 0.520000 0.520000 0.248227 0.520000 0.520000 0.040048 0.040050 0.040106 0.519998 0.520000 0.520000 0.520000 0.520000 0.520000 0.520000 0.519660 0.367497 0.419215 0.318419 0.520000 0.520000 0.520000 0.104754 0.074155 0.103757 0.161741 0.520000 0.520000 0.220091 0.348802 0.520000 0.520000 0.520000 0.324847 0.345527 0.380843 0.520000 0.434996 0.337263 0.520000 0.520000 0.510302 0.383908 0.445600 0.508478 0.520000 0.520000 0.520000 0.520000 0.520000 0.520000 0.520000 0.520000 0.520000 0.520000 0.520000 0.520000 0.520000 0.520000 0.445968 -9999.0
-9999.0 0.520000 0.520000 0.520000 0.246803 0.520000 0.520000 0.342309 0.293192 0.480596 0.391912 0.520000 0.520000 0.520000 0.520000 0.520000 0.236610 0.306662 0.520000 0.520000 0.520000 0.520000 0.520000 0.520000 0.443667 0.136873 0.076460 0.073815 0.433157 0.403934 0.075109 0.096244 0.520000 0.520000 0.520000 0.520000 0.351979 0.254485 0.520000 0.239150 0.520000 0.520000 0.520000 0.238506 0.072965 0.083413 0.520000 0.520000 0.520000 0.520000 0.520000 0.520000 0.520000 0.520000 0.520000 0.520000 0.520000 0.520000 0.520000 0.520000 0.520000 -9999.0 -9999.0
-9999.0 0.040036 0.520000 0.520000 0.520000 0.520000 0.327563 0.520000 0.520000 0.520000 0.506857 0.518289 0.520000 0.520000 0.520000 0.519955 0.040053 0.519806 0.520000 0.520000 0.362382 0.405534 0.298942 0.520000 0.520000 0.520000 0.520000 0.520000 0.197720 0.520000 0.080042 0.069077 0.520000 0.520000 0.520000 0.365742 0.520000 0.255498 0.341131 0.318610 0.278596 0.520000 0.520000 0.070376 0.069647 0.520000 0.520000 0.520000 0.520000 0.520000 0.520000 0.520000 0.520000 0.520000 0.520000 0.520000 0.520000 0.520000 0.518879 -9999.0 -9999.0 -9999.0 -9999.0
