user2019/resources/simulation/Vinschgau/output-maps/thetaliqL0007N0512.asc
ncols         63
nrows         48
xllcorner     598000.000000
yllcorner     5145000.000000
cellsize      1000.000000
NODATA_value  -9999.0
[rows 0 to 28 of 48, columns 0 to 62 of 63]
-9999.0 -9999.0 -9999.0 -9999.0 -9999.0 -9999.0 -9999.0 -9999.0 -9999.0 -9999.0 -9999.0 -9999.0 -9999.0 -9999.0 -9999.0 -9999.0 -9999.0 -9999.0 -9999.0 -9999.0 -9999.0 -9999.0 -9999.0 -9999.0 -9999.0 -9999.0 -9999.0 -9999.0 -9999.0 -9999.0 -9999.0 -9999.0 -9999.0 -9999.0 -9999.0 -9999.0 -9999.0 -9999.0 -9999.0 -9999.0 -9999.0 -9999.0 -9999.0 -9999.0 -9999.0 -9999.0 -9999.0 -9999.0 -9999.0 -9999.0 -9999.0 -9999.0 -9999.0 -9999.0 -9999.0 -9999.0 -9999.0 -9999.0 -9999.0 -9999.0 -9999.0 -9999.0 -9999.0
-9999.0 -9999.0 -9999.0 -9999.0 -9999.0 -9999.0 -9999.0 -9999.0 -9999.0 -9999.0 -9999.0 -9999.0 -9999.0 -9999.0 -9999.0 -9999.0 -9999.0 -9999.0 -9999.0 -9999.0 -9999.0 -9999.0 -9999.0 -9999.0 -9999.0 -9999.0 -9999.0 0.049876 0.053769 0.049908 0.054847 0.050453 0.053036 -9999.0 -9999.0 -9999.0 -9999.0 -9999.0 -9999.0 -9999.0 -9999.0 -9999.0 -9999.0 -9999.0 -9999.0 -9999.0 -9999.0 -9999.0 -9999.0 -9999.0 -9999.0 -9999.0 -9999.0 -9999.0 -9999.0 -9999.0 -9999.0 -9999.0 -9999.0 -9999.0 -9999.0 -9999.0 -9999.0
-9999.0 -9999.0 -9999.0 -9999.0 -9999.0 -9999.0 -9999.0 -9999.0 -9999.0 -9999.0 -9999.0 -9999.0 -9999.0 -9999.0 -9999.0 -9999.0 -9999.0 -9999.0 -9999.0 -9999.0 -9999.0 -9999.0 -9999.0 -9999.0 0.100514 0.098450 0.112092 0.121984 0.141467 0.072686 0.051849 -9999.0 -9999.0 -9999.0 -9999.0 -9999.0 -9999.0 -9999.0 -9999.0 -9999.0 -9999.0 -9999.0 -9999.0 -9999.0 -9999.0 -9999.0 -9999.0 -9999.0 -9999.0 -9999.0 -9999.0 -9999.0 -9999.0 -9999.0 -9999.0 -9999.0 -9999.0 -9999.0 -9999.0 -9999.0 -9999.0 -9999.0 -9999.0
-9999.0 -9999.0 -9999.0 -9999.0 -9999.0 -9999.0 -9999.0 -9999.0 -9999.0 -9999.0 -9999.0 -9999.0 -9999.0 -9999.0 -9999.0 -9999.0 -9999.0 -9999.0 -9999.0 -9999.0 -9999.0 -9999.0 -9999.0 0.094757 0.123694 0.245393 0.034441 0.020485 0.020444 0.053670 0.054701 0.051381 -9999.0 -9999.0 -9999.0 -9999.0 -9999.0 -9999.0 -9999.0 -9999.0 -9999.0 -9999.0 -9999.0 -9999.0 -9999.0 -9999.0 -9999.0 -9999.0 -9999.0 -9999.0 -9999.0 -9999.0 -9999.0 -9999.0 -9999.0 -9999.0 -9999.0 -9999.0 -9999.0 -9999.0 -9999.0 -9999.0 -9999.0
-9999.0 -9999.0 -9999.0 -9999.0 -9999.0 -9999.0 -9999.0 -9999.0 -9999.0 -9999.0 -9999.0 -9999.0 -9999.0 -9999.0 -9999.0 -9999.0 -9999.0 -9999.0 0.430000 0.100084 -9999.0 0.103768 0.118928 0.020510 0.036684 0.020491 0.421596 0.430000 0.430000 0.041341 0.057693 0.056800 0.049923 0.049921 -9999.0 -9999.0 -9999.0 -9999.0 -9999.0 -9999.0 -9999.0 -9999.0 -9999.0 -9999.0 -9999.0 -9999.0 -9999.0 -9999.0 -9999.0 -9999.0 -9999.0 -9999.0 -9999.0 -9999.0 -9999.0 -9999.0 -9999.0 -9999.0 -9999.0 -9999.0 -9999.0 -9999.0 -9999.0
-9999.0 -9999.0 -9999.0 -9999.0 -9999.0 -9999.0 -9999.0 -9999.0 -9999.0 -9999.0 -9999.0 -9999.0 -9999.0 -9999.0 -9999.0 -9999.0 -9999.0 0.165049 0.028580 0.020444 0.050007 0.423968 0.041265 0.020468 0.413227 0.027043 0.029225 0.071060 0.029667 0.430000 0.146063 0.065985 0.050020 0.049950 0.050405 0.050455 -9999.0 -9999.0 -9999.0 -9999.0 -9999.0 -9999.0 -9999.0 -9999.0 -9999.0 -9999.0 -9999.0 -9999.0 -9999.0 -9999.0 -9999.0 -9999.0 -9999.0 -9999.0 -9999.0 -9999.0 -9999.0 -9999.0 -9999.0 -9999.0 -9999.0 -9999.0 -9999.0
-9999.0 -9999.0 -9999.0 -9999.0 -9999.0 -9999.0 -9999.0 -9999.0 -9999.0 -9999.0 -9999.0 -9999.0 -9999.0 0.053596 0.057780 0.328981 0.190638 0.049980 0.169353 0.020514 0.039515 0.035002 0.020535 0.117800 0.027779 0.105557 0.020423 0.020431 0.020441 0.067268 0.200000 0.125572 0.057649 0.053036 0.050472 0.050452 -9999.0 -9999.0 -9999.0 -9999.0 -9999.0 -9999.0 -9999.0 -9999.0 -9999.0 -9999.0 -9999.0 -9999.0 -9999.0 -9999.0 -9999.0 -9999.0 -9999.0 -9999.0 -9999.0 -9999.0 -9999.0 -9999.0 -9999.0 -9999.0 -9999.0 -9999.0 -9999.0
-9999.0 -9999.0 -9999.0 -9999.0 -9999.0 -9999.0 -9999.0 -9999.0 -9999.0 -9999.0 -9999.0 -9999.0 -9999.0 0.123516 0.052589 0.207516 0.184524 0.430000 0.050002 0.030425 0.020127 0.049952 0.028024 0.027038 0.052214 0.020432 0.051120 0.050439 0.050464 0.020553 0.069561 0.051793 0.050475 0.050474 0.050473 -9999.0 -9999.0 -9999.0 -9999.0 -9999.0 -9999.0 -9999.0 -9999.0 -9999.0 -9999.0 -9999.0 -9999.0 -9999.0 -9999.0 -9999.0 -9999.0 -9999.0 -9999.0 -9999.0 -9999.0 -9999.0 -9999.0 -9999.0 -9999.0 -9999.0 -9999.0 -9999.0 -9999.0
-9999.0 -9999.0 -9999.0 -9999.0 -9999.0 -9999.0 -9999.0 -9999.0 -9999.0 -9999.0 -9999.0 -9999.0 -9999.0 0.045483 0.200000 0.326183 0.261061 0.201011 0.050020 0.229918 0.146520 0.020465 0.031322 0.027488 0.050451 0.069598 0.049910 0.050447 0.056294 0.050474 0.052237 0.050474 0.050469 0.021884 0.050479 -9999.0 -9999.0 -9999.0 -9999.0 -9999.0 -9999.0 -9999.0 -9999.0 -9999.0 -9999.0 -9999.0 -9999.0 -9999.0 -9999.0 -9999.0 -9999.0 -9999.0 -9999.0 -9999.0 -9999.0 -9999.0 -9999.0 -9999.0 -9999.0 -9999.0 -9999.0 -9999.0 -9999.0
-9999.0 -9999.0 -9999.0 -9999.0 -9999.0 -9999.0 -9999.0 -9999.0 -9999.0 -9999.0 -9999.0 -9999.0 0.020496 0.200000 0.058974 0.064296 0.430000 0.364980 0.429905 0.020433 0.040460 0.046175 0.020417 0.054879 0.430000 0.052355 0.107695 0.053599 0.069146 0.050457 0.050483 0.049899 0.059640 0.050361 -9999.0 -9999.0 -9999.0 -9999.0 -9999.0 -9999.0 -9999.0 -9999.0 -9999.0 -9999.0 -9999.0 -9999.0 -9999.0 -9999.0 -9999.0 -9999.0 -9999.0 -9999.0 -9999.0 -9999.0 -9999.0 -9999.0 -9999.0 -9999.0 -9999.0 -9999.0 -9999.0 -9999.0 -9999.0
-9999.0 -9999.0 -9999.0 -9999.0 -9999.0 -9999.0 -9999.0 -9999.0 -9999.0 -9999.0 -9999.0 0.110333 0.069994 0.430000 0.055515 0.113139 0.020413 0.429180 0.430000 0.020423 0.020206 0.430000 0.061323 0.053590 0.020433 0.057086 0.051147 0.060528 0.200000 0.050455 0.049921 0.068142 0.050072 0.050354 0.049982 0.049919 0.050490 0.050236 0.049921 -9999.0 -9999.0 -9999.0 0.050353 -9999.0 -9999.0 -9999.0 -9999.0 -9999.0 -9999.0 -9999.0 -9999.0 -9999.0 -9999.0 -9999.0 -9999.0 -9999.0 -9999.0 -9999.0 -9999.0 -9999.0 -9999.0 -9999.0 -9999.0
-9999.0 -9999.0 -9999.0 -9999.0 -9999.0 -9999.0 -9999.0 -9999.0 -9999.0 -9999.0 -9999.0 0.107040 0.065868 0.020435 0.064125 0.051164 0.061807 0.026904 0.430000 0.430000 0.151952 0.064684 0.131173 0.074781 0.085773 0.054218 0.058216 0.066616 0.049925 0.050367 0.063589 0.082713 0.055258 0.054653 0.050261 0.054611 0.052825 0.051316 0.050508 0.049939 0.049981 0.050067 0.060750 0.050360 -9999.0 -9999.0 -9999.0 0.430000 0.051922 0.049854 0.054741 0.049849 0.049869 0.430000 0.430000 0.050320 -9999.0 -9999.0 -9999.0 -9999.0 -9999.0 -9999.0 -9999.0
-9999.0 -9999.0 -9999.0 -9999.0 -9999.0 -9999.0 -9999.0 -9999.0 -9999.0 -9999.0 -9999.0 0.126593 0.100601 0.021298 0.430000 0.057278 0.080191 0.041970 0.148981 0.430000 0.430000 0.020538 0.077813 0.134518 0.053587 0.049954 0.081832 0.097654 0.050370 0.053167 0.050412 0.020665 0.060839 0.053151 0.050136 0.054658 0.022726 0.020439 0.050744 0.049981 0.050110 0.049986 0.059067 0.056425 0.051363 -9999.0 0.050267 0.054780 0.060326 0.068053 0.050721 0.049878 0.051191 0.076910 0.052245 0.057418 -9999.0 -9999.0 -9999.0 -9999.0 -9999.0 -9999.0 -9999.0
-9999.0 -9999.0 -9999.0 -9999.0 -9999.0 -9999.0 -9999.0 -9999.0 -9999.0 -9999.0 -9999.0 -9999.0 0.115021 0.430000 0.111895 0.113117 0.046790 0.042282 0.430000 0.430000 0.037433 0.020513 0.020536 0.085159 0.082885 0.077396 0.200000 0.050438 0.054878 0.049895 0.060831 0.081394 0.049973 0.056126 0.053143 0.053920 0.021908 0.020910 0.069171 0.049954 0.055999 0.049960 0.020453 0.133133 0.049930 0.055452 0.049876 0.053909 0.020776 0.082359 0.430000 0.094092 0.430000 0.430000 0.082565 0.101110 0.108413 -9999.0 -9999.0 -9999.0 -9999.0 -9999.0 -9999.0
-9999.0 -9999.0 -9999.0 -9999.0 -9999.0 -9999.0 -9999.0 -9999.0 -9999.0 -9999.0 -9999.0 0.430000 0.097127 0.049979 0.085764 0.083273 0.086437 0.043892 0.161317 0.430000 0.035735 0.039736 0.080059 0.020640 0.074030 0.091037 0.430000 0.052876 0.051687 0.049935 0.082441 0.088258 0.074638 0.059400 0.052306 0.060949 0.050207 0.020425 0.182158 0.050694 0.020439 0.021443 0.063619 0.020435 0.067486 0.053309 0.064777 0.049901 0.049888 0.020453 0.021098 0.051559 0.078752 0.034257 0.039337 0.050368 0.049859 -9999.0 -9999.0 -9999.0 -9999.0 -9999.0 -9999.0
-9999.0 -9999.0 -9999.0 -9999.0 -9999.0 -9999.0 -9999.0 -9999.0 -9999.0 -9999.0 0.430000 0.083713 0.131825 0.109513 0.131756 0.183956 0.168600 0.040598 0.357869 0.395751 0.430000 0.430000 0.020458 0.130026 0.069006 0.430000 0.021967 0.020530 0.050168 0.064675 0.090184 0.113440 0.060800 0.055474 0.050467 0.049990 0.053918 0.024210 0.023520 0.030318 0.020451 0.020456 0.050362 0.405166 0.065513 0.049938 0.061214 0.020482 0.083105 0.082803 0.020505 0.050349 0.040003 0.050363 0.050330 0.060397 0.060543 -9999.0 -9999.0 -9999.0 -9999.0 -9999.0 -9999.0
-9999.0 -9999.0 -9999.0 -9999.0 -9999.0 -9999.0 -9999.0 -9999.0 -9999.0 0.053597 0.430000 0.430000 0.091527 0.074656 0.430000 0.085148 0.072305 0.146736 0.035268 0.251975 0.430000 0.029427 0.020357 0.056208 0.430000 0.020668 0.064034 0.067769 0.020536 0.074320 0.085115 0.020150 0.050449 0.050454 0.050279 0.050382 0.060555 0.046518 0.029055 0.072228 0.034081 0.033959 0.020164 0.026891 0.020192 0.020471 0.077559 0.020460 0.020470 0.430000 0.020495 0.049869 0.050366 0.050240 0.050011 0.022971 0.096931 0.049893 0.049880 -9999.0 -9999.0 -9999.0 -9999.0
-9999.0 -9999.0 -9999.0 -9999.0 -9999.0 -9999.0 -9999.0 -9999.0 -9999.0 0.050185 0.053341 0.055287 0.200000 0.073723 0.066616 0.067628 0.146354 0.074184 0.033088 0.327109 0.370133 0.098354 0.430000 0.132414 0.020691 0.059561 0.065168 0.070334 0.076968 0.430000 0.051327 0.020741 0.057336 0.054244 0.064329 0.049991 0.049941 0.049948 0.050881 0.062821 0.430000 0.022373 0.038399 0.067536 0.389872 0.386957 0.051318 0.020471 0.020462 0.077183 0.020141 0.026023 0.050287 0.051763 0.050322 0.430000 0.021412 0.097992 0.049904 -9999.0 -9999.0 -9999.0 -9999.0
-9999.0 -9999.0 -9999.0 -9999.0 -9999.0 -9999.0 -9999.0 -9999.0 -9999.0 -9999.0 0.053473 0.059590 0.089090 0.430000 0.020528 0.066312 0.070675 0.062046 0.031613 0.243789 0.427616 0.020326 0.044055 0.020700 0.059181 0.064656 0.057087 0.081199 0.051626 0.056539 0.020867 0.430000 0.031051 0.053376 0.066533 0.078843 0.099251 0.119650 0.049904 0.053547 0.051100 0.130576 0.200000 0.020539 0.020534 0.037602 0.020357 0.430000 0.020506 0.020515 0.020118 0.020547 0.049852 0.050282 0.087562 0.052973 0.117745 0.200000 0.020692 0.062347 -9999.0 -9999.0 -9999.0
-9999.0 -9999.0 -9999.0 -9999.0 -9999.0 -9999.0 -9999.0 -9999.0 -9999.0 -9999.0 0.054984 0.056245 0.112546 0.086514 0.430000 0.039309 0.038878 0.388229 0.172806 0.208925 0.176872 0.029613 0.035166 0.050434 0.056155 0.053766 0.430000 0.049022 0.054983 0.035175 0.053650 0.130806 0.020484 0.052481 0.053906 0.119528 0.200000 0.081141 0.020680 0.052909 0.058324 0.049880 0.082945 0.053923 0.430000 0.020126 0.082271 0.020536 0.020403 0.020526 0.020452 0.020758 0.090048 0.049850 0.050351 0.049857 0.051681 0.020960 0.040067 0.430000 -9999.0 -9999.0 -9999.0
-9999.0 -9999.0 -9999.0 -9999.0 -9999.0 -9999.0 -9999.0 -9999.0 0.131748 0.062020 0.050019 0.120574 0.102255 0.089963 0.048886 0.430000 0.029445 0.103929 0.224940 0.197665 0.142870 0.027414 0.027772 0.027057 0.041257 0.430000 0.430000 0.058456 0.092543 0.027957 0.050421 0.055197 0.056230 0.053788 0.058011 0.051106 0.059831 0.082903 0.020616 0.049887 0.050259 0.120272 0.022649 0.050413 0.049891 0.200000 0.020674 0.082761 0.020573 0.430000 0.034666 0.020118 0.092337 0.026515 0.049886 0.053127 0.049894 0.155666 0.020649 0.036131 -9999.0 -9999.0 -9999.0
-9999.0 -9999.0 -9999.0 -9999.0 -9999.0 -9999.0 -9999.0 -9999.0 0.021318 0.091445 0.021422 0.052722 0.054172 0.166544 0.047250 0.044280 0.037764 0.030532 0.020122 0.185823 0.373346 0.277645 0.394658 0.092162 0.025848 0.430000 0.430000 0.096010 0.020835 0.058501 0.056784 0.049921 0.061215 0.049866 0.129792 0.133071 0.075532 0.090022 0.020671 0.060738 0.052825 0.050402 0.050350 0.061203 0.200000 0.084654 0.022747 0.055391 0.020660 0.037060 0.035815 0.096009 0.056053 0.069025 0.051272 0.020538 0.020698 0.020679 0.020562 0.430000 0.287032 -9999.0 -9999.0
-9999.0 -9999.0 -9999.0 -9999.0 -9999.0 -9999.0 -9999.0 -9999.0 0.053825 0.200000 0.051479 0.023769 0.149362 0.021280 0.086790 0.020595 0.033997 0.038594 0.024048 0.389580 0.182144 0.267611 0.261990 0.184892 0.384310 0.032815 0.042279 0.051801 0.020503 0.060924 0.049912 0.143745 0.086769 0.020528 0.134571 0.087730 0.020654 0.020596 0.020854 0.021290 0.055644 0.049867 0.124417 0.200000 0.075433 0.106996 0.049881 0.112915 0.071690 0.020605 0.429999 0.039941 0.020972 0.021006 0.020773 0.107754 0.103263 0.089392 0.037098 0.430000 0.429068 -9999.0 -9999.0
-9999.0 -9999.0 -9999.0 -9999.0 -9999.0 -9999.0 -9999.0 -9999.0 0.050408 0.061373 0.430000 0.020525 0.144802 0.430000 0.020118 0.040418 0.020242 0.027103 0.407500 0.171940 0.186543 0.194272 0.282641 0.294332 0.241751 0.035859 0.043513 0.020609 0.128810 0.020590 0.020590 0.020556 0.020466 0.092954 0.020513 0.051065 0.052521 0.042734 0.020937 0.020969 0.055656 0.062563 0.064580 0.049904 0.105187 0.049883 0.050189 0.049888 0.051859 0.020607 0.042643 0.036207 0.041819 0.430000 0.104158 0.111147 0.038500 0.430000 0.430000 0.430000 0.430000 0.430000 -9999.0
-9999.0 -9999.0 -9999.0 -9999.0 -9999.0 -9999.0 -9999.0 -9999.0 0.102187 0.130893 0.430000 0.020977 0.020967 0.050092 0.160691 0.430000 0.430000 0.037678 0.041488 0.031904 0.171525 0.196680 0.202901 0.214971 0.090194 0.030306 0.037505 0.060678 0.059000 0.085303 0.020594 0.087510 0.020518 0.091222 0.020662 0.020641 0.020647 0.043748 0.020901 0.096000 0.020726 0.020528 0.020639 0.020491 0.020718 0.057707 0.020568 0.020594 0.020575 0.020567 0.020540 0.030245 0.040470 0.064782 0.149161 0.430000 0.430000 0.430000 0.430000 0.034714 0.037521 0.430000 -9999.0
-9999.0 -9999.0 0.049976 0.112871 0.131518 0.064790 0.094586 0.090419 0.133029 0.128361 0.095277 0.430000 0.051746 0.106986 0.176777 0.430000 0.020864 0.051217 0.067433 0.041450 0.029117 0.256810 0.414985 0.171643 0.217176 0.027541 0.029373 0.031464 0.033103 0.140169 0.038977 0.040734 0.430000 0.040052 0.074812 0.044735 0.063719 0.045340 0.021033 0.021140 0.020653 0.020576 0.020548 0.033481 0.020486 0.020527 0.070607 0.430000 0.020500 0.051336 0.042788 0.394188 0.430000 0.430000 0.430000 0.430000 0.430000 0.430000 0.036605 0.038753 0.430000 0.430000 -9999.0
-9999.0 0.060806 0.079481 0.081407 0.063442 0.092677 0.094698 0.080754 0.079680 0.054809 0.091592 0.057024 0.430000 0.430000 0.430000 0.021171 0.094793 0.075995 0.430000 0.037592 0.027833 0.032195 0.430000 0.322225 0.271523 0.187263 0.292976 0.312745 0.049390 0.430000 0.036438 0.046573 0.089162 0.430000 0.056247 0.426921 0.050668 0.040415 0.430000 0.430000 0.057591 0.067628 0.032825 0.034632 0.032506 0.032515 0.430000 0.031933 0.052573 0.376420 0.430000 0.430000 0.430000 0.430000 0.430000 0.430000 0.430000 0.430000 0.430000 0.430000 0.430000 0.430000 -9999.0
-9999.0 0.138233 0.093948 0.086624 0.430000 0.097730 0.053531 0.071217 0.109411 0.049981 0.080270 0.053558 0.049182 0.430000 0.021282 0.062142 0.022238 0.067746 0.096689 0.041541 0.430000 0.430000 0.430000 0.430000 0.429723 0.368992 0.116440 0.231808 0.341830 0.027816 0.022110 0.022747 0.430000 0.430000 0.430000 0.430000 0.429571 0.430000 0.430000 0.380896 0.430000 0.430000 0.073155 0.186537 0.116344 0.022911 0.389151 0.430000 0.430000 0.430000 0.430000 0.430000 0.430000 0.430000 0.049474 0.430000 0.054293 0.430000 0.054089 0.430000 0.430000 -9999.0 -9999.0
-9999.0 0.050000 0.090466 0.048304 0.038904 0.430000 0.430000 0.048426 0.084441 0.087129 0.089402 0.047784 0.100171 0.430000 0.061091 0.063436 0.078861 0.091611 0.054126 0.045818 0.038718 0.038099 0.245315 0.430000 0.430000 0.430000 0.430000 0.430000 0.212753 0.430000 0.188362 0.171736 0.430000 0.430000 0.430000 0.358777 0.430000 0.429943 0.430000 0.321849 0.269402 0.430000 0.430000 0.184215 0.177611 0.430000 0.430000 0.430000 0.430000 0.430000 0.040023 0.430000 0.430000 0.430000 0.430000 0.430000 0.430000 0.430000 0.430000 -9999.0 -9999.0 -9999.0 -9999.0
