user2019/resources/simulation/Vinschgau/output-maps/thetaliqL0004N1283.asc
ncols         63
nrows         48
xllcorner     598000.000000
yllcorner     5145000.000000
cellsize      1000.000000
NODATA_value  -9999.0
[rows 0 to 28 of 48, columns 0 to 62 of 63]
-9999.0 -9999.0 -9999.0 -9999.0 -9999.0 -9999.0 -9999.0 -9999.0 -9999.0 -9999.0 -9999.0 -9999.0 -9999.0 -9999.0 -9999.0 -9999.0 -9999.0 -9999.0 -9999.0 -9999.0 -9999.0 -9999.0 -9999.0 -9999.0 -9999.0 -9999.0 -9999.0 -9999.0 -9999.0 -9999.0 -9999.0 -9999.0 -9999.0 -9999.0 -9999.0 -9999.0 -9999.0 -9999.0 -9999.0 -9999.0 -9999.0 -9999.0 -9999.0 -9999.0 -9999.0 -9999.0 -9999.0 -9999.0 -9999.0 -9999.0 -9999.0 -9999.0 -9999.0 -9999.0 -9999.0 -9999.0 -9999.0 -9999.0 -9999.0 -9999.0 -9999.0 -9999.0 -9999.0
-9999.0 -9999.0 -9999.0 -9999.0 -9999.0 -9999.0 -9999.0 -9999.0 -9999.0 -9999.0 -9999.0 -9999.0 -9999.0 -9999.0 -9999.0 -9999.0 -9999.0 -9999.0 -9999.0 -9999.0 -9999.0 -9999.0 -9999.0 -9999.0 -9999.0 -9999.0 -9999.0 0.077146 0.324146 0.125080 0.403863 0.358866 0.343484 -9999.0 -9999.0 -9999.0 -9999.0 -9999.0 -9999.0 -9999.0 -9999.0 -9999.0 -9999.0 -9999.0 -9999.0 -9999.0 -9999.0 -9999.0 -9999.0 -9999.0 -9999.0 -9999.0 -9999.0 -9999.0 -9999.0 -9999.0 -9999.0 -9999.0 -9999.0 -9999.0 -9999.0 -9999.0 -9999.0
-9999.0 -9999.0 -9999.0 -9999.0 -9999.0 -9999.0 -9999.0 -9999.0 -9999.0 -9999.0 -9999.0 -9999.0 -9999.0 -9999.0 -9999.0 -9999.0 -9999.0 -9999.0 -9999.0 -9999.0 -9999.0 -9999.0 -9999.0 -9999.0 0.339786 0.328464 0.321053 0.335139 0.349346 0.330993 0.397015 -9999.0 -9999.0 -9999.0 -9999.0 -9999.0 -9999.0 -9999.0 -9999.0 -9999.0 -9999.0 -9999.0 -9999.0 -9999.0 -9999.0 -9999.0 -9999.0 -9999.0 -9999.0 -9999.0 -9999.0 -9999.0 -9999.0 -9999.0 -9999.0 -9999.0 -9999.0 -9999.0 -9999.0 -9999.0 -9999.0 -9999.0 -9999.0
-9999.0 -9999.0 -9999.0 -9999.0 -9999.0 -9999.0 -9999.0 -9999.0 -9999.0 -9999.0 -9999.0 -9999.0 -9999.0 -9999.0 -9999.0 -9999.0 -9999.0 -9999.0 -9999.0 -9999.0 -9999.0 -9999.0 -9999.0 0.315511 0.285744 0.074151 0.072425 0.069527 0.069275 0.253132 0.393771 0.436677 -9999.0 -9999.0 -9999.0 -9999.0 -9999.0 -9999.0 -9999.0 -9999.0 -9999.0 -9999.0 -9999.0 -9999.0 -9999.0 -9999.0 -9999.0 -9999.0 -9999.0 -9999.0 -9999.0 -9999.0 -9999.0 -9999.0 -9999.0 -9999.0 -9999.0 -9999.0 -9999.0 -9999.0 -9999.0 -9999.0 -9999.0
-9999.0 -9999.0 -9999.0 -9999.0 -9999.0 -9999.0 -9999.0 -9999.0 -9999.0 -9999.0 -9999.0 -9999.0 -9999.0 -9999.0 -9999.0 -9999.0 -9999.0 -9999.0 0.181716 0.258431 -9999.0 0.291859 0.271646 0.070258 0.074597 0.070614 0.183006 0.138323 0.184969 0.132527 0.297087 0.389598 0.104467 0.092489 -9999.0 -9999.0 -9999.0 -9999.0 -9999.0 -9999.0 -9999.0 -9999.0 -9999.0 -9999.0 -9999.0 -9999.0 -9999.0 -9999.0 -9999.0 -9999.0 -9999.0 -9999.0 -9999.0 -9999.0 -9999.0 -9999.0 -9999.0 -9999.0 -9999.0 -9999.0 -9999.0 -9999.0 -9999.0
-9999.0 -9999.0 -9999.0 -9999.0 -9999.0 -9999.0 -9999.0 -9999.0 -9999.0 -9999.0 -9999.0 -9999.0 -9999.0 -9999.0 -9999.0 -9999.0 -9999.0 0.075758 0.075044 0.021032 0.062692 0.219608 0.117976 0.072584 0.128434 0.245394 0.065767 0.205307 0.080127 0.210853 0.285969 0.285185 0.125873 0.078439 0.095994 0.091214 -9999.0 -9999.0 -9999.0 -9999.0 -9999.0 -9999.0 -9999.0 -9999.0 -9999.0 -9999.0 -9999.0 -9999.0 -9999.0 -9999.0 -9999.0 -9999.0 -9999.0 -9999.0 -9999.0 -9999.0 -9999.0 -9999.0 -9999.0 -9999.0 -9999.0 -9999.0 -9999.0
-9999.0 -9999.0 -9999.0 -9999.0 -9999.0 -9999.0 -9999.0 -9999.0 -9999.0 -9999.0 -9999.0 -9999.0 -9999.0 0.122692 0.079187 0.081553 0.075189 0.022179 0.076413 0.071215 0.074526 0.076777 0.071293 0.085617 0.228374 0.273906 0.062624 0.111599 0.109419 0.279219 0.044846 0.345572 0.348223 0.409622 0.149655 0.096446 -9999.0 -9999.0 -9999.0 -9999.0 -9999.0 -9999.0 -9999.0 -9999.0 -9999.0 -9999.0 -9999.0 -9999.0 -9999.0 -9999.0 -9999.0 -9999.0 -9999.0 -9999.0 -9999.0 -9999.0 -9999.0 -9999.0 -9999.0 -9999.0 -9999.0 -9999.0 -9999.0
-9999.0 -9999.0 -9999.0 -9999.0 -9999.0 -9999.0 -9999.0 -9999.0 -9999.0 -9999.0 -9999.0 -9999.0 -9999.0 0.167515 0.073174 0.077168 0.076261 0.125532 0.022172 0.072578 0.073486 0.067735 0.086006 0.140759 0.105224 0.128461 0.307041 0.094423 0.102583 0.063203 0.069806 0.387334 0.121083 0.143713 0.133309 -9999.0 -9999.0 -9999.0 -9999.0 -9999.0 -9999.0 -9999.0 -9999.0 -9999.0 -9999.0 -9999.0 -9999.0 -9999.0 -9999.0 -9999.0 -9999.0 -9999.0 -9999.0 -9999.0 -9999.0 -9999.0 -9999.0 -9999.0 -9999.0 -9999.0 -9999.0 -9999.0 -9999.0
-9999.0 -9999.0 -9999.0 -9999.0 -9999.0 -9999.0 -9999.0 -9999.0 -9999.0 -9999.0 -9999.0 -9999.0 -9999.0 0.072042 0.520000 0.072211 0.077042 0.076484 0.022150 0.075700 0.104361 0.021202 0.222507 0.107729 0.079191 0.098878 0.103588 0.096909 0.423686 0.132427 0.428096 0.162999 0.142447 0.020025 0.114978 -9999.0 -9999.0 -9999.0 -9999.0 -9999.0 -9999.0 -9999.0 -9999.0 -9999.0 -9999.0 -9999.0 -9999.0 -9999.0 -9999.0 -9999.0 -9999.0 -9999.0 -9999.0 -9999.0 -9999.0 -9999.0 -9999.0 -9999.0 -9999.0 -9999.0 -9999.0 -9999.0 -9999.0
-9999.0 -9999.0 -9999.0 -9999.0 -9999.0 -9999.0 -9999.0 -9999.0 -9999.0 -9999.0 -9999.0 -9999.0 0.071136 0.520000 0.072165 0.074613 0.096947 0.079713 0.087298 0.020926 0.074772 0.212766 0.120048 0.190045 0.041088 0.312643 0.040041 0.394479 0.398821 0.136934 0.446244 0.121707 0.466892 0.080589 -9999.0 -9999.0 -9999.0 -9999.0 -9999.0 -9999.0 -9999.0 -9999.0 -9999.0 -9999.0 -9999.0 -9999.0 -9999.0 -9999.0 -9999.0 -9999.0 -9999.0 -9999.0 -9999.0 -9999.0 -9999.0 -9999.0 -9999.0 -9999.0 -9999.0 -9999.0 -9999.0 -9999.0 -9999.0
-9999.0 -9999.0 -9999.0 -9999.0 -9999.0 -9999.0 -9999.0 -9999.0 -9999.0 -9999.0 -9999.0 0.193700 0.072483 0.520000 0.071922 0.138521 0.020853 0.077619 0.144640 0.020795 0.074673 0.097510 0.196358 0.275485 0.235688 0.324096 0.408633 0.365353 0.520000 0.128742 0.107807 0.355294 0.157286 0.103912 0.118230 0.117251 0.372397 0.214706 0.184231 -9999.0 -9999.0 -9999.0 0.079135 -9999.0 -9999.0 -9999.0 -9999.0 -9999.0 -9999.0 -9999.0 -9999.0 -9999.0 -9999.0 -9999.0 -9999.0 -9999.0 -9999.0 -9999.0 -9999.0 -9999.0 -9999.0 -9999.0 -9999.0
-9999.0 -9999.0 -9999.0 -9999.0 -9999.0 -9999.0 -9999.0 -9999.0 -9999.0 -9999.0 -9999.0 0.204402 0.072081 0.068168 0.069797 0.095169 0.068090 0.073641 0.131271 0.081306 0.118958 0.133341 0.336178 0.040090 0.040116 0.339385 0.360652 0.333777 0.138720 0.115230 0.372793 0.357148 0.432072 0.456979 0.412127 0.367080 0.279710 0.127952 0.141163 0.092025 0.099256 0.101707 0.396618 0.101289 -9999.0 -9999.0 -9999.0 0.384876 0.448064 0.161800 0.477364 0.111393 0.115879 0.081945 0.053466 0.101782 -9999.0 -9999.0 -9999.0 -9999.0 -9999.0 -9999.0 -9999.0
-9999.0 -9999.0 -9999.0 -9999.0 -9999.0 -9999.0 -9999.0 -9999.0 -9999.0 -9999.0 -9999.0 0.219058 0.185457 0.193136 0.178269 0.088409 0.080445 0.076718 0.068609 0.080253 0.138929 0.300677 0.046414 0.366268 0.331735 0.076866 0.041890 0.040029 0.095862 0.418233 0.097762 0.040085 0.350243 0.451647 0.132470 0.317184 0.040585 0.040292 0.102926 0.079470 0.255098 0.276548 0.348869 0.378477 0.468498 -9999.0 0.076151 0.476555 0.417292 0.363696 0.241515 0.130717 0.255821 0.406999 0.392657 0.455126 -9999.0 -9999.0 -9999.0 -9999.0 -9999.0 -9999.0 -9999.0
-9999.0 -9999.0 -9999.0 -9999.0 -9999.0 -9999.0 -9999.0 -9999.0 -9999.0 -9999.0 -9999.0 -9999.0 0.217891 0.402756 0.160501 0.157320 0.125311 0.078815 0.132167 0.082205 0.092899 0.181039 0.101003 0.040592 0.040064 0.040555 0.520000 0.189050 0.397222 0.105991 0.368561 0.040321 0.198990 0.428364 0.443289 0.359106 0.043460 0.045756 0.215632 0.069050 0.127597 0.095044 0.049170 0.338641 0.133275 0.462988 0.115369 0.459971 0.040065 0.048456 0.065866 0.040134 0.040025 0.040059 0.040061 0.446147 0.448423 -9999.0 -9999.0 -9999.0 -9999.0 -9999.0 -9999.0
-9999.0 -9999.0 -9999.0 -9999.0 -9999.0 -9999.0 -9999.0 -9999.0 -9999.0 -9999.0 -9999.0 0.051034 0.263666 0.079661 0.441058 0.217705 0.106345 0.091637 0.095824 0.097762 0.084547 0.177362 0.520000 0.041269 0.042656 0.041187 0.040921 0.392804 0.399518 0.090737 0.040652 0.040325 0.291346 0.417747 0.424678 0.391486 0.296203 0.051708 0.222091 0.096561 0.051524 0.172234 0.420881 0.104154 0.235817 0.397168 0.381777 0.103565 0.129207 0.101040 0.020065 0.386863 0.040034 0.020036 0.020031 0.020024 0.146288 -9999.0 -9999.0 -9999.0 -9999.0 -9999.0 -9999.0
-9999.0 -9999.0 -9999.0 -9999.0 -9999.0 -9999.0 -9999.0 -9999.0 -9999.0 -9999.0 0.520000 0.067079 0.270480 0.250314 0.201454 0.520000 0.520000 0.205708 0.084135 0.102804 0.109173 0.217420 0.040558 0.275394 0.155429 0.040089 0.040130 0.020046 0.162622 0.238794 0.050211 0.040060 0.285619 0.418664 0.113622 0.089804 0.268391 0.047607 0.045533 0.430111 0.319670 0.103299 0.186498 0.255838 0.086641 0.092460 0.319461 0.053141 0.046315 0.203580 0.020043 0.138124 0.020028 0.067584 0.132699 0.417192 0.421193 -9999.0 -9999.0 -9999.0 -9999.0 -9999.0 -9999.0
-9999.0 -9999.0 -9999.0 -9999.0 -9999.0 -9999.0 -9999.0 -9999.0 -9999.0 0.326440 0.331009 0.076800 0.185221 0.051137 0.058425 0.090318 0.078293 0.179868 0.077328 0.093432 0.096743 0.102739 0.128284 0.142588 0.392086 0.040084 0.040055 0.292037 0.069887 0.519129 0.458322 0.040068 0.090142 0.116512 0.101371 0.092094 0.294555 0.040436 0.046051 0.056113 0.040321 0.040486 0.040938 0.151573 0.155367 0.088141 0.200356 0.048284 0.048570 0.447123 0.040132 0.138314 0.039960 0.080765 0.134724 0.040029 0.040044 0.120193 0.142365 -9999.0 -9999.0 -9999.0 -9999.0
-9999.0 -9999.0 -9999.0 -9999.0 -9999.0 -9999.0 -9999.0 -9999.0 -9999.0 0.224751 0.326737 0.220110 0.520000 0.296826 0.071828 0.050423 0.261785 0.181757 0.075674 0.080658 0.085097 0.070034 0.166673 0.312114 0.040146 0.040220 0.052104 0.209714 0.391157 0.299371 0.254913 0.040048 0.375445 0.437640 0.415272 0.087060 0.078305 0.094427 0.325666 0.268830 0.041121 0.040133 0.056862 0.309326 0.150156 0.173736 0.150190 0.199129 0.272934 0.298905 0.040027 0.040014 0.093287 0.042841 0.189894 0.040019 0.040047 0.040120 0.091159 -9999.0 -9999.0 -9999.0 -9999.0
-9999.0 -9999.0 -9999.0 -9999.0 -9999.0 -9999.0 -9999.0 -9999.0 -9999.0 -9999.0 0.370698 0.271186 0.121571 0.040263 0.311281 0.079680 0.241347 0.111181 0.074272 0.082248 0.088317 0.075845 0.097096 0.042718 0.041594 0.091038 0.454520 0.300911 0.267471 0.040072 0.040052 0.040031 0.040029 0.422154 0.380677 0.296884 0.293482 0.310072 0.080032 0.373853 0.377621 0.337272 0.520000 0.098427 0.195319 0.278765 0.090188 0.165837 0.074857 0.222188 0.040055 0.040058 0.135849 0.058878 0.042450 0.503800 0.476179 0.040087 0.085011 0.127541 -9999.0 -9999.0 -9999.0
-9999.0 -9999.0 -9999.0 -9999.0 -9999.0 -9999.0 -9999.0 -9999.0 -9999.0 -9999.0 0.413156 0.331188 0.312122 0.423395 0.318647 0.183328 0.211790 0.099202 0.078003 0.073889 0.078864 0.084445 0.079667 0.070231 0.088940 0.397325 0.273096 0.208399 0.040105 0.040035 0.368930 0.401560 0.020056 0.424814 0.359450 0.334835 0.040104 0.059522 0.040108 0.398116 0.369483 0.148587 0.051306 0.242527 0.302948 0.043163 0.373989 0.178217 0.081919 0.104641 0.506460 0.040108 0.040023 0.171173 0.020105 0.067085 0.475516 0.047873 0.520000 0.387743 -9999.0 -9999.0 -9999.0
-9999.0 -9999.0 -9999.0 -9999.0 -9999.0 -9999.0 -9999.0 -9999.0 0.378519 0.381347 0.339516 0.386869 0.040340 0.056954 0.060103 0.217247 0.072748 0.069939 0.071352 0.072803 0.074394 0.073434 0.074292 0.079403 0.202390 0.271387 0.300560 0.040255 0.040215 0.040037 0.152891 0.374000 0.369838 0.415312 0.382322 0.322627 0.164380 0.068540 0.040034 0.084430 0.091541 0.339628 0.020064 0.081982 0.083095 0.520000 0.040038 0.054373 0.235037 0.252564 0.378632 0.040263 0.040042 0.040012 0.088759 0.418918 0.148809 0.316453 0.246926 0.110547 -9999.0 -9999.0 -9999.0
-9999.0 -9999.0 -9999.0 -9999.0 -9999.0 -9999.0 -9999.0 -9999.0 0.020047 0.040134 0.040049 0.404587 0.334463 0.040050 0.040190 0.267258 0.091661 0.082113 0.072194 0.072294 0.126656 0.071260 0.068010 0.066418 0.075555 0.120097 0.323333 0.067233 0.020059 0.404505 0.444849 0.086342 0.349502 0.083824 0.371704 0.328553 0.164387 0.494550 0.060648 0.285356 0.366186 0.126837 0.082114 0.262076 0.520000 0.048070 0.020055 0.306667 0.071184 0.313814 0.356150 0.071548 0.040019 0.484666 0.296299 0.020060 0.046675 0.508839 0.152395 0.103732 0.076985 -9999.0 -9999.0
-9999.0 -9999.0 -9999.0 -9999.0 -9999.0 -9999.0 -9999.0 -9999.0 0.359836 0.520000 0.473513 0.040029 0.425349 0.020071 0.048420 0.040259 0.177274 0.076708 0.073411 0.126120 0.071870 0.071133 0.068459 0.072515 0.075036 0.082858 0.301546 0.040112 0.020048 0.370801 0.086031 0.367883 0.040096 0.040204 0.343598 0.190774 0.340791 0.327622 0.074367 0.052701 0.302737 0.077706 0.345198 0.520000 0.040403 0.353988 0.083822 0.392056 0.040077 0.127723 0.226700 0.422051 0.040019 0.040020 0.061219 0.519742 0.470430 0.246048 0.077597 0.114518 0.093466 -9999.0 -9999.0
-9999.0 -9999.0 -9999.0 -9999.0 -9999.0 -9999.0 -9999.0 -9999.0 0.135869 0.310542 0.052902 0.020049 0.382954 0.040223 0.040524 0.346334 0.075334 0.074402 0.089473 0.075446 0.073108 0.073105 0.073304 0.073573 0.086383 0.165094 0.060608 0.040050 0.308950 0.040632 0.048761 0.064033 0.487520 0.519877 0.074847 0.148866 0.108683 0.080327 0.248471 0.158500 0.226648 0.221107 0.235124 0.088093 0.367185 0.080366 0.145652 0.106506 0.338250 0.046444 0.198273 0.178330 0.374278 0.067691 0.476848 0.415797 0.174819 0.133522 0.105463 0.096914 0.097389 0.137276 -9999.0
-9999.0 -9999.0 -9999.0 -9999.0 -9999.0 -9999.0 -9999.0 -9999.0 0.243749 0.411280 0.040044 0.040072 0.040307 0.042395 0.394372 0.188083 0.198275 0.092606 0.132643 0.081235 0.078159 0.075818 0.074624 0.075389 0.071861 0.167737 0.040138 0.087128 0.321824 0.520000 0.044831 0.416177 0.219558 0.338019 0.236699 0.084208 0.075186 0.075998 0.075849 0.213826 0.190571 0.159415 0.263498 0.336432 0.047669 0.220604 0.066609 0.076063 0.061454 0.419843 0.164610 0.122974 0.166634 0.231806 0.338785 0.304943 0.201834 0.137156 0.116119 0.076894 0.083918 0.145289 -9999.0
-9999.0 -9999.0 0.176194 0.354073 0.040020 0.040144 0.040045 0.040042 0.444459 0.426039 0.040315 0.040177 0.047982 0.520000 0.240293 0.507858 0.111010 0.040113 0.053065 0.264073 0.081693 0.079613 0.089614 0.075843 0.078682 0.088520 0.198157 0.204602 0.113081 0.234434 0.107599 0.144261 0.135669 0.085042 0.077629 0.078336 0.074706 0.074038 0.074370 0.077716 0.073581 0.073191 0.077282 0.137504 0.240516 0.188543 0.266472 0.244150 0.080641 0.085603 0.078475 0.107503 0.179067 0.231617 0.269174 0.217433 0.207008 0.149437 0.106827 0.096566 0.143187 0.158415 -9999.0
-9999.0 0.051058 0.045977 0.046272 0.040195 0.040168 0.040072 0.040044 0.040024 0.429492 0.040045 0.040216 0.519843 0.337953 0.482404 0.040604 0.041339 0.040091 0.040322 0.152396 0.083895 0.077858 0.119591 0.105470 0.071894 0.076801 0.076232 0.079081 0.074900 0.110500 0.076882 0.076234 0.074695 0.076381 0.073062 0.073501 0.071508 0.071985 0.073071 0.073927 0.073362 0.072953 0.071594 0.075818 0.078238 0.076973 0.099974 0.074297 0.073950 0.093549 0.109080 0.151318 0.206407 0.269107 0.274960 0.406538 0.352679 0.324168 0.395244 0.298158 0.260814 0.161561 -9999.0
-9999.0 0.318114 0.305179 0.108394 0.332187 0.069222 0.040034 0.040031 0.442448 0.382615 0.040054 0.040108 0.329160 0.382331 0.047434 0.040034 0.040049 0.040066 0.040127 0.158631 0.321228 0.172192 0.132184 0.162124 0.162823 0.133826 0.075161 0.074484 0.079554 0.072806 0.072479 0.072818 0.074839 0.076120 0.072707 0.072800 0.111526 0.106830 0.071004 0.071280 0.071154 0.072939 0.070794 0.073159 0.072322 0.071321 0.076059 0.078274 0.081071 0.089083 0.114897 0.162482 0.284435 0.418912 0.519279 0.069690 0.040819 0.049382 0.065097 0.047284 0.078132 -9999.0 -9999.0
-9999.0 0.105678 0.053841 0.046244 0.361814 0.321844 0.340041 0.040066 0.040084 0.040046 0.040552 0.088346 0.327057 0.468921 0.040078 0.040023 0.040034 0.040022 0.040054 0.040560 0.050508 0.072672 0.145988 0.183085 0.174024 0.105458 0.092287 0.087285 0.073924 0.078728 0.072347 0.071908 0.076127 0.074703 0.073042 0.071889 0.071591 0.104437 0.071379 0.071059 0.070944 0.110416 0.071334 0.070365 0.070696 0.074147 0.076179 0.081600 0.097426 0.099407 0.175488 0.274902 0.085408 0.520000 0.043170 0.040104 0.040100 0.040066 0.040075 -9999.0 -9999.0 -9999.0 -9999.0
