user2019/resources/simulation/Vinschgau/output-maps/thetaiceL0003N0272.asc
ncols         63
nrows         48
xllcorner     598000.000000
yllcorner     5145000.000000
cellsize      1000.000000
NODATA_value  -9999.0
[rows 0 to 28 of 48, columns 0 to 62 of 63]
-9999.0 -9999.0 -9999.0 -9999.0 -9999.0 -9999.0 -9999.0 -9999.0 -9999.0 -9999.0 -9999.0 -9999.0 -9999.0 -9999.0 -9999.0 -9999.0 -9999.0 -9999.0 -9999.0 -9999.0 -9999.0 -9999.0 -9999.0 -9999.0 -9999.0 -9999.0 -9999.0 -9999.0 -9999.0 -9999.0 -9999.0 -9999.0 -9999.0 -9999.0 -9999.0 -9999.0 -9999.0 -9999.0 -9999.0 -9999.0 -9999.0 -9999.0 -9999.0 -9999.0 -9999.0 -9999.0 -9999.0 -9999.0 -9999.0 -9999.0 -9999.0 -9999.0 -9999.0 -9999.0 -9999.0 -9999.0 -9999.0 -9999.0 -9999.0 -9999.0 -9999.0 -9999.0 -9999.0
-9999.0 -9999.0 -9999.0 -9999.0 -9999.0 -9999.0 -9999.0 -9999.0 -9999.0 -9999.0 -9999.0 -9999.0 -9999.0 -9999.0 -9999.0 -9999.0 -9999.0 -9999.0 -9999.0 -9999.0 -9999.0 -9999.0 -9999.0 -9999.0 -9999.0 -9999.0 -9999.0 0.023412 0.173159 0.021348 0.212351 0.212685 0.223206 -9999.0 -9999.0 -9999.0 -9999.0 -9999.0 -9999.0 -9999.0 -9999.0 -9999.0 -9999.0 -9999.0 -9999.0 -9999.0 -9999.0 -9999.0 -9999.0 -9999.0 -9999.0 -9999.0 -9999.0 -9999.0 -9999.0 -9999.0 -9999.0 -9999.0 -9999.0 -9999.0 -9999.0 -9999.0 -9999.0
-9999.0 -9999.0 -9999.0 -9999.0 -9999.0 -9999.0 -9999.0 -9999.0 -9999.0 -9999.0 -9999.0 -9999.0 -9999.0 -9999.0 -9999.0 -9999.0 -9999.0 -9999.0 -9999.0 -9999.0 -9999.0 -9999.0 -9999.0 -9999.0 0.172726 0.204961 0.199813 0.318084 0.229820 0.258061 0.276222 -9999.0 -9999.0 -9999.0 -9999.0 -9999.0 -9999.0 -9999.0 -9999.0 -9999.0 -9999.0 -9999.0 -9999.0 -9999.0 -9999.0 -9999.0 -9999.0 -9999.0 -9999.0 -9999.0 -9999.0 -9999.0 -9999.0 -9999.0 -9999.0 -9999.0 -9999.0 -9999.0 -9999.0 -9999.0 -9999.0 -9999.0 -9999.0
-9999.0 -9999.0 -9999.0 -9999.0 -9999.0 -9999.0 -9999.0 -9999.0 -9999.0 -9999.0 -9999.0 -9999.0 -9999.0 -9999.0 -9999.0 -9999.0 -9999.0 -9999.0 -9999.0 -9999.0 -9999.0 -9999.0 -9999.0 0.239403 0.402729 0.479977 0.479982 0.479987 0.479992 0.333674 0.171269 0.118597 -9999.0 -9999.0 -9999.0 -9999.0 -9999.0 -9999.0 -9999.0 -9999.0 -9999.0 -9999.0 -9999.0 -9999.0 -9999.0 -9999.0 -9999.0 -9999.0 -9999.0 -9999.0 -9999.0 -9999.0 -9999.0 -9999.0 -9999.0 -9999.0 -9999.0 -9999.0 -9999.0 -9999.0 -9999.0 -9999.0 -9999.0
-9999.0 -9999.0 -9999.0 -9999.0 -9999.0 -9999.0 -9999.0 -9999.0 -9999.0 -9999.0 -9999.0 -9999.0 -9999.0 -9999.0 -9999.0 -9999.0 -9999.0 -9999.0 0.479972 0.472541 -9999.0 0.297804 0.270955 0.479988 0.479959 0.478837 0.464457 0.458812 0.478562 0.479642 0.362530 0.155622 0.019971 0.019330 -9999.0 -9999.0 -9999.0 -9999.0 -9999.0 -9999.0 -9999.0 -9999.0 -9999.0 -9999.0 -9999.0 -9999.0 -9999.0 -9999.0 -9999.0 -9999.0 -9999.0 -9999.0 -9999.0 -9999.0 -9999.0 -9999.0 -9999.0 -9999.0 -9999.0 -9999.0 -9999.0 -9999.0 -9999.0
-9999.0 -9999.0 -9999.0 -9999.0 -9999.0 -9999.0 -9999.0 -9999.0 -9999.0 -9999.0 -9999.0 -9999.0 -9999.0 -9999.0 -9999.0 -9999.0 -9999.0 0.479515 0.479964 0.075899 0.020566 0.445812 0.461725 0.479953 0.478636 0.438815 0.376817 0.332399 0.292875 0.453170 0.439110 0.364229 0.020272 0.019772 0.018602 0.018284 -9999.0 -9999.0 -9999.0 -9999.0 -9999.0 -9999.0 -9999.0 -9999.0 -9999.0 -9999.0 -9999.0 -9999.0 -9999.0 -9999.0 -9999.0 -9999.0 -9999.0 -9999.0 -9999.0 -9999.0 -9999.0 -9999.0 -9999.0 -9999.0 -9999.0 -9999.0 -9999.0
-9999.0 -9999.0 -9999.0 -9999.0 -9999.0 -9999.0 -9999.0 -9999.0 -9999.0 -9999.0 -9999.0 -9999.0 -9999.0 0.191313 0.479988 0.466478 0.453797 0.140320 0.479950 0.479988 0.479956 0.479950 0.479921 0.479366 0.479729 0.330736 0.017465 0.261962 0.249689 0.214748 0.381804 0.322110 0.272121 0.217547 0.018229 0.018262 -9999.0 -9999.0 -9999.0 -9999.0 -9999.0 -9999.0 -9999.0 -9999.0 -9999.0 -9999.0 -9999.0 -9999.0 -9999.0 -9999.0 -9999.0 -9999.0 -9999.0 -9999.0 -9999.0 -9999.0 -9999.0 -9999.0 -9999.0 -9999.0 -9999.0 -9999.0 -9999.0
-9999.0 -9999.0 -9999.0 -9999.0 -9999.0 -9999.0 -9999.0 -9999.0 -9999.0 -9999.0 -9999.0 -9999.0 -9999.0 0.479986 0.479973 0.458596 0.458050 0.479926 0.140467 0.479891 0.478907 0.479415 0.479990 0.447540 0.453673 0.252611 0.118492 0.018230 0.018276 0.271476 0.328732 0.252547 0.018233 0.018232 0.018226 -9999.0 -9999.0 -9999.0 -9999.0 -9999.0 -9999.0 -9999.0 -9999.0 -9999.0 -9999.0 -9999.0 -9999.0 -9999.0 -9999.0 -9999.0 -9999.0 -9999.0 -9999.0 -9999.0 -9999.0 -9999.0 -9999.0 -9999.0 -9999.0 -9999.0 -9999.0 -9999.0 -9999.0
-9999.0 -9999.0 -9999.0 -9999.0 -9999.0 -9999.0 -9999.0 -9999.0 -9999.0 -9999.0 -9999.0 -9999.0 -9999.0 0.479989 0.479962 0.479896 0.454662 0.458243 0.141469 0.477286 0.479989 0.009926 0.450127 0.353087 0.166528 0.465008 0.021819 0.018259 0.151716 0.018257 0.255349 0.018253 0.018269 0.018308 0.018278 -9999.0 -9999.0 -9999.0 -9999.0 -9999.0 -9999.0 -9999.0 -9999.0 -9999.0 -9999.0 -9999.0 -9999.0 -9999.0 -9999.0 -9999.0 -9999.0 -9999.0 -9999.0 -9999.0 -9999.0 -9999.0 -9999.0 -9999.0 -9999.0 -9999.0 -9999.0 -9999.0 -9999.0
-9999.0 -9999.0 -9999.0 -9999.0 -9999.0 -9999.0 -9999.0 -9999.0 -9999.0 -9999.0 -9999.0 -9999.0 0.479987 0.479971 0.479955 0.354706 0.455897 0.458767 0.000000 0.103882 0.479989 0.276556 0.205810 0.251909 0.318389 0.236107 0.254667 0.106216 0.284850 0.018243 0.248597 0.019709 0.153818 0.018278 -9999.0 -9999.0 -9999.0 -9999.0 -9999.0 -9999.0 -9999.0 -9999.0 -9999.0 -9999.0 -9999.0 -9999.0 -9999.0 -9999.0 -9999.0 -9999.0 -9999.0 -9999.0 -9999.0 -9999.0 -9999.0 -9999.0 -9999.0 -9999.0 -9999.0 -9999.0 -9999.0 -9999.0 -9999.0
-9999.0 -9999.0 -9999.0 -9999.0 -9999.0 -9999.0 -9999.0 -9999.0 -9999.0 -9999.0 -9999.0 0.245455 0.439636 0.479974 0.344924 0.171101 0.014685 0.451729 0.004819 0.110656 0.479987 0.479984 0.104710 0.243842 0.254420 0.378574 0.233484 0.140155 0.149309 0.018266 0.019305 0.339132 0.018350 0.018222 0.017304 0.015457 0.290277 0.469676 0.469709 -9999.0 -9999.0 -9999.0 0.018215 -9999.0 -9999.0 -9999.0 -9999.0 -9999.0 -9999.0 -9999.0 -9999.0 -9999.0 -9999.0 -9999.0 -9999.0 -9999.0 -9999.0 -9999.0 -9999.0 -9999.0 -9999.0 -9999.0 -9999.0
-9999.0 -9999.0 -9999.0 -9999.0 -9999.0 -9999.0 -9999.0 -9999.0 -9999.0 -9999.0 -9999.0 0.132682 0.311446 0.479989 0.479988 0.296969 0.479991 0.470605 0.000000 0.472565 0.479980 0.479986 0.116982 0.256880 0.262208 0.251977 0.178619 0.201321 0.019849 0.018235 0.331336 0.242488 0.160901 0.096647 0.112449 0.146143 0.474076 0.000000 0.000000 0.012853 0.012660 0.016944 0.332112 0.018213 -9999.0 -9999.0 -9999.0 0.251127 0.311101 0.021115 0.450783 0.023451 0.022845 0.479299 0.478433 0.020698 -9999.0 -9999.0 -9999.0 -9999.0 -9999.0 -9999.0 -9999.0
-9999.0 -9999.0 -9999.0 -9999.0 -9999.0 -9999.0 -9999.0 -9999.0 -9999.0 -9999.0 -9999.0 0.203637 0.227845 0.457855 0.191378 0.168226 0.479991 0.476201 0.465594 0.340976 0.479946 0.479990 0.432713 0.422994 0.257318 0.020605 0.396584 0.272680 0.018221 0.368051 0.018196 0.333845 0.357320 0.098833 0.017380 0.473438 0.464378 0.421550 0.000000 0.017142 0.479361 0.436267 0.451417 0.166435 0.107271 -9999.0 0.018313 0.193171 0.422654 0.479977 0.479982 0.083577 0.479911 0.478912 0.474953 0.469406 -9999.0 -9999.0 -9999.0 -9999.0 -9999.0 -9999.0 -9999.0
-9999.0 -9999.0 -9999.0 -9999.0 -9999.0 -9999.0 -9999.0 -9999.0 -9999.0 -9999.0 -9999.0 -9999.0 0.238147 0.252870 0.479976 0.462643 0.448280 0.455944 0.456234 0.230144 0.479976 0.479987 0.479980 0.450574 0.324799 0.400343 0.479986 0.232015 0.244835 0.019482 0.222695 0.437560 0.128389 0.106337 0.200998 0.106632 0.336779 0.459177 0.000000 0.029418 0.479311 0.000000 0.459577 0.468194 0.020412 0.145896 0.020073 0.175619 0.433245 0.440366 0.439858 0.458409 0.479890 0.477820 0.245785 0.277019 0.409329 -9999.0 -9999.0 -9999.0 -9999.0 -9999.0 -9999.0
-9999.0 -9999.0 -9999.0 -9999.0 -9999.0 -9999.0 -9999.0 -9999.0 -9999.0 -9999.0 -9999.0 0.421838 0.212864 0.334164 0.479988 0.479989 0.467681 0.458016 0.479916 0.477009 0.450745 0.479968 0.479985 0.412626 0.435365 0.479962 0.309008 0.254943 0.291080 0.021458 0.427565 0.420733 0.479992 0.093537 0.187852 0.099873 0.205429 0.300755 0.479707 0.000000 0.479741 0.479635 0.479914 0.012594 0.479989 0.114852 0.349712 0.054271 0.065388 0.479990 0.022780 0.265791 0.209338 0.022204 0.018259 0.018604 0.025910 -9999.0 -9999.0 -9999.0 -9999.0 -9999.0 -9999.0
-9999.0 -9999.0 -9999.0 -9999.0 -9999.0 -9999.0 -9999.0 -9999.0 -9999.0 -9999.0 0.209833 0.479981 0.456517 0.284026 0.479957 0.479982 0.434509 0.475913 0.455135 0.477173 0.464830 0.479958 0.479990 0.479967 0.479946 0.438039 0.268885 0.022310 0.479988 0.479990 0.469407 0.290565 0.144941 0.207981 0.018234 0.018387 0.440349 0.479950 0.479928 0.457052 0.479129 0.132249 0.120699 0.479950 0.479980 0.021879 0.329077 0.432086 0.479943 0.479857 0.021317 0.018440 0.018278 0.018564 0.018551 0.479778 0.479832 -9999.0 -9999.0 -9999.0 -9999.0 -9999.0 -9999.0
-9999.0 -9999.0 -9999.0 -9999.0 -9999.0 -9999.0 -9999.0 -9999.0 -9999.0 0.243004 0.124145 0.332699 0.479987 0.446267 0.479968 0.370550 0.272911 0.479973 0.479430 0.474179 0.300312 0.479933 0.479912 0.479545 0.451872 0.246710 0.412889 0.479984 0.479959 0.479921 0.479975 0.254316 0.018205 0.018245 0.018234 0.018173 0.259626 0.274964 0.223780 0.302299 0.479890 0.275358 0.267233 0.479010 0.479957 0.479545 0.479951 0.399541 0.431760 0.479970 0.453094 0.025088 0.018402 0.018395 0.022339 0.340851 0.479244 0.152707 0.041213 -9999.0 -9999.0 -9999.0 -9999.0
-9999.0 -9999.0 -9999.0 -9999.0 -9999.0 -9999.0 -9999.0 -9999.0 -9999.0 0.118283 0.219147 0.147896 0.479929 0.479988 0.479983 0.456028 0.479950 0.479933 0.475619 0.000000 0.000000 0.000000 0.478755 0.479981 0.284541 0.445873 0.479973 0.479942 0.479516 0.455450 0.345782 0.298166 0.254989 0.109566 0.190438 0.019209 0.018528 0.017441 0.208501 0.261139 0.257253 0.223399 0.459198 0.479979 0.477628 0.474751 0.477388 0.479705 0.479938 0.479987 0.268908 0.421986 0.018461 0.221085 0.018661 0.274737 0.479872 0.479786 0.146295 -9999.0 -9999.0 -9999.0 -9999.0
-9999.0 -9999.0 -9999.0 -9999.0 -9999.0 -9999.0 -9999.0 -9999.0 -9999.0 -9999.0 0.134937 0.162654 0.439206 0.472040 0.479984 0.479986 0.479983 0.479799 0.478976 0.303074 0.452792 0.479974 0.479975 0.479986 0.442782 0.479913 0.476532 0.479160 0.441469 0.225110 0.240506 0.329602 0.222357 0.252806 0.186758 0.479990 0.462002 0.452777 0.020236 0.227577 0.222710 0.207910 0.298823 0.312445 0.261785 0.453856 0.479988 0.479976 0.452438 0.479839 0.464894 0.369218 0.027002 0.018555 0.229905 0.243963 0.414907 0.479904 0.479764 0.479833 -9999.0 -9999.0 -9999.0
-9999.0 -9999.0 -9999.0 -9999.0 -9999.0 -9999.0 -9999.0 -9999.0 -9999.0 -9999.0 0.139057 0.139552 0.120587 0.479979 0.101159 0.479939 0.446432 0.479761 0.371578 0.129185 0.477523 0.479648 0.479938 0.479978 0.479947 0.479711 0.472790 0.445276 0.299147 0.207640 0.232672 0.103535 0.021025 0.250359 0.246972 0.249185 0.440573 0.428639 0.394976 0.227192 0.113967 0.021599 0.276511 0.228438 0.229963 0.404843 0.294263 0.383135 0.476429 0.475370 0.479880 0.424477 0.479921 0.028102 0.021001 0.026729 0.249703 0.479893 0.476863 0.477389 -9999.0 -9999.0 -9999.0
-9999.0 -9999.0 -9999.0 -9999.0 -9999.0 -9999.0 -9999.0 -9999.0 0.473216 0.479970 0.181007 0.121241 0.272877 0.260711 0.479980 0.478280 0.478334 0.000000 0.000000 0.000000 0.083234 0.471537 0.479637 0.479811 0.479499 0.475261 0.479126 0.345079 0.290803 0.217471 0.018242 0.220894 0.209984 0.254806 0.111171 0.251537 0.261995 0.421934 0.282716 0.021375 0.018237 0.223905 0.023483 0.018355 0.042471 0.479980 0.269987 0.479973 0.479989 0.473295 0.479866 0.479984 0.479920 0.331999 0.044022 0.479868 0.155715 0.479816 0.479479 0.049490 -9999.0 -9999.0 -9999.0
-9999.0 -9999.0 -9999.0 -9999.0 -9999.0 -9999.0 -9999.0 -9999.0 0.022558 0.465270 0.430755 0.213076 0.132690 0.477257 0.479979 0.466189 0.479959 0.469216 0.000000 0.000000 0.000000 0.000000 0.000000 0.000000 0.474580 0.471644 0.479768 0.440162 0.024348 0.122519 0.118060 0.021954 0.115117 0.020794 0.274094 0.376577 0.426757 0.467661 0.448112 0.364107 0.238106 0.072114 0.018433 0.450784 0.457357 0.287783 0.022714 0.241061 0.263350 0.479931 0.469406 0.479981 0.479939 0.479870 0.479977 0.118410 0.479926 0.479612 0.383829 0.000000 0.000000 -9999.0 -9999.0
-9999.0 -9999.0 -9999.0 -9999.0 -9999.0 -9999.0 -9999.0 -9999.0 0.259322 0.325121 0.479963 0.414381 0.452117 0.023103 0.479970 0.479968 0.479484 0.477753 0.000000 0.000000 0.000000 0.000000 0.000000 0.000000 0.000000 0.471575 0.477231 0.422074 0.021450 0.224667 0.022304 0.426510 0.465648 0.454309 0.434728 0.479985 0.348260 0.479974 0.323680 0.391665 0.152768 0.024705 0.414152 0.292739 0.272664 0.250084 0.027636 0.479933 0.231707 0.479988 0.357022 0.473767 0.474791 0.469292 0.477299 0.473826 0.476168 0.082960 0.000000 0.000000 0.000000 -9999.0 -9999.0
-9999.0 -9999.0 -9999.0 -9999.0 -9999.0 -9999.0 -9999.0 -9999.0 0.018237 0.447816 0.479930 0.017816 0.479892 0.479879 0.479934 0.479725 0.477660 0.000000 0.435859 0.000000 0.000000 0.000000 0.000000 0.000000 0.477400 0.479976 0.479972 0.434955 0.479975 0.479970 0.395487 0.463986 0.479955 0.479982 0.379815 0.456949 0.461070 0.479913 0.313741 0.411275 0.392921 0.458880 0.479971 0.073159 0.479955 0.037752 0.479950 0.088725 0.479959 0.479960 0.479980 0.000000 0.478703 0.477846 0.459374 0.010850 0.000000 0.000000 0.000000 0.000000 0.117141 0.479769 -9999.0
-9999.0 -9999.0 -9999.0 -9999.0 -9999.0 -9999.0 -9999.0 -9999.0 0.219088 0.448760 0.479687 0.479950 0.479846 0.473985 0.000000 0.477930 0.479892 0.479981 0.479984 0.479948 0.037973 0.000000 0.000000 0.002307 0.276259 0.479935 0.449982 0.479957 0.478464 0.479951 0.477865 0.479962 0.476316 0.479980 0.470067 0.451114 0.479790 0.479704 0.470056 0.394403 0.473970 0.466994 0.479943 0.456339 0.467576 0.479976 0.462268 0.479878 0.479937 0.470628 0.446057 0.280925 0.000000 0.000000 0.000000 0.000000 0.000000 0.000000 0.000000 0.076133 0.264426 0.479796 -9999.0
-9999.0 -9999.0 0.324517 0.409591 0.404404 0.465484 0.457661 0.435828 0.432572 0.182688 0.284912 0.479487 0.479759 0.476938 0.000000 0.479373 0.479988 0.332189 0.203243 0.479979 0.479914 0.000000 0.000000 0.000000 0.279590 0.479184 0.479729 0.479935 0.479666 0.429729 0.479979 0.479927 0.159779 0.476296 0.479659 0.479557 0.479197 0.470620 0.479584 0.479957 0.479789 0.475936 0.473444 0.479852 0.479982 0.479942 0.471927 0.479715 0.475749 0.255656 0.000000 0.000000 0.000000 0.000000 0.000000 0.000000 0.000000 0.020777 0.469062 0.479876 0.479727 0.475603 -9999.0
-9999.0 0.479976 0.479980 0.463542 0.356735 0.479946 0.302109 0.348456 0.307223 0.142288 0.284515 0.479759 0.478847 0.000000 0.357857 0.479936 0.197026 0.314381 0.406301 0.479901 0.479462 0.473373 0.000000 0.000000 0.000000 0.000681 0.000000 0.000000 0.466714 0.477551 0.479195 0.479186 0.479401 0.000000 0.475094 0.034926 0.000000 0.000000 0.000000 0.355447 0.473244 0.412798 0.477098 0.478901 0.479074 0.479584 0.474915 0.475039 0.000000 0.000000 0.000000 0.000000 0.000000 0.076637 0.242920 0.476551 0.479906 0.479859 0.479807 0.478821 0.475665 0.475961 -9999.0
-9999.0 0.438228 0.479969 0.479976 0.479912 0.479981 0.465245 0.463472 0.425354 0.217413 0.450553 0.479918 0.479314 0.476344 0.479974 0.310344 0.358408 0.330355 0.479908 0.479926 0.479688 0.479365 0.233184 0.003500 0.000000 0.000000 0.000000 0.000000 0.000000 0.127990 0.000000 0.153730 0.396789 0.385535 0.000000 0.000000 0.000000 0.000000 0.000000 0.000000 0.000000 0.000000 0.000000 0.000000 0.000000 0.000000 0.000000 0.000000 0.000000 0.000000 0.001501 0.479958 0.479793 0.263406 0.479967 0.478193 0.479932 0.479866 0.479840 0.478576 0.477999 -9999.0 -9999.0
-9999.0 0.126777 0.307638 0.469994 0.479594 0.479876 0.479867 0.479983 0.419935 0.455122 0.479919 0.479802 0.470097 0.479929 0.479846 0.431364 0.390576 0.290776 0.271450 0.479939 0.479951 0.479983 0.478798 0.000000 0.000000 0.000000 0.000000 0.000000 0.000000 0.000000 0.000000 0.000000 0.000000 0.242816 0.000000 0.000000 0.000000 0.000000 0.000000 0.000000 0.000000 0.000000 0.000000 0.000000 0.000000 0.000000 0.000000 0.000000 0.367641 0.291849 0.479982 0.432509 0.479893 0.479895 0.479899 0.479875 0.479641 0.479298 0.478725 -9999.0 -9999.0 -9999.0 -9999.0
