user2019/resources/simulation/Vinschgau/output-maps/thetaliqL0003N1247.asc
ncols         63
nrows         48
xllcorner     598000.000000
yllcorner     5145000.000000
cellsize      1000.000000
NODATA_value  -9999.0
[rows 0 to 28 of 48, columns 0 to 62 of 63]
-9999.0 -9999.0 -9999.0 -9999.0 -9999.0 -9999.0 -9999.0 -9999.0 -9999.0 -9999.0 -9999.0 -9999.0 -9999.0 -9999.0 -9999.0 -9999.0 -9999.0 -9999.0 -9999.0 -9999.0 -9999.0 -9999.0 -9999.0 -9999.0 -9999.0 -9999.0 -9999.0 -9999.0 -9999.0 -9999.0 -9999.0 -9999.0 -9999.0 -9999.0 -9999.0 -9999.0 -9999.0 -9999.0 -9999.0 -9999.0 -9999.0 -9999.0 -9999.0 -9999.0 -9999.0 -9999.0 -9999.0 -9999.0 -9999.0 -9999.0 -9999.0 -9999.0 -9999.0 -9999.0 -9999.0 -9999.0 -9999.0 -9999.0 -9999.0 -9999.0 -9999.0 -9999.0 -9999.0
-9999.0 -9999.0 -9999.0 -9999.0 -9999.0 -9999.0 -9999.0 -9999.0 -9999.0 -9999.0 -9999.0 -9999.0 -9999.0 -9999.0 -9999.0 -9999.0 -9999.0 -9999.0 -9999.0 -9999.0 -9999.0 -9999.0 -9999.0 -9999.0 -9999.0 -9999.0 -9999.0 0.107617 0.355017 0.128713 0.434238 0.410892 0.519716 -9999.0 -9999.0 -9999.0 -9999.0 -9999.0 -9999.0 -9999.0 -9999.0 -9999.0 -9999.0 -9999.0 -9999.0 -9999.0 -9999.0 -9999.0 -9999.0 -9999.0 -9999.0 -9999.0 -9999.0 -9999.0 -9999.0 -9999.0 -9999.0 -9999.0 -9999.0 -9999.0 -9999.0 -9999.0 -9999.0
-9999.0 -9999.0 -9999.0 -9999.0 -9999.0 -9999.0 -9999.0 -9999.0 -9999.0 -9999.0 -9999.0 -9999.0 -9999.0 -9999.0 -9999.0 -9999.0 -9999.0 -9999.0 -9999.0 -9999.0 -9999.0 -9999.0 -9999.0 -9999.0 0.354891 0.347965 0.347163 0.349981 0.374006 0.380289 0.421901 -9999.0 -9999.0 -9999.0 -9999.0 -9999.0 -9999.0 -9999.0 -9999.0 -9999.0 -9999.0 -9999.0 -9999.0 -9999.0 -9999.0 -9999.0 -9999.0 -9999.0 -9999.0 -9999.0 -9999.0 -9999.0 -9999.0 -9999.0 -9999.0 -9999.0 -9999.0 -9999.0 -9999.0 -9999.0 -9999.0 -9999.0 -9999.0
-9999.0 -9999.0 -9999.0 -9999.0 -9999.0 -9999.0 -9999.0 -9999.0 -9999.0 -9999.0 -9999.0 -9999.0 -9999.0 -9999.0 -9999.0 -9999.0 -9999.0 -9999.0 -9999.0 -9999.0 -9999.0 -9999.0 -9999.0 0.337460 0.319134 0.070612 0.070419 0.069510 0.069240 0.308474 0.417963 0.472582 -9999.0 -9999.0 -9999.0 -9999.0 -9999.0 -9999.0 -9999.0 -9999.0 -9999.0 -9999.0 -9999.0 -9999.0 -9999.0 -9999.0 -9999.0 -9999.0 -9999.0 -9999.0 -9999.0 -9999.0 -9999.0 -9999.0 -9999.0 -9999.0 -9999.0 -9999.0 -9999.0 -9999.0 -9999.0 -9999.0 -9999.0
-9999.0 -9999.0 -9999.0 -9999.0 -9999.0 -9999.0 -9999.0 -9999.0 -9999.0 -9999.0 -9999.0 -9999.0 -9999.0 -9999.0 -9999.0 -9999.0 -9999.0 -9999.0 0.157312 0.288558 -9999.0 0.320425 0.302414 0.070092 0.071866 0.070548 0.201362 0.126427 0.218541 0.149996 0.346364 0.412863 0.100588 0.021608 -9999.0 -9999.0 -9999.0 -9999.0 -9999.0 -9999.0 -9999.0 -9999.0 -9999.0 -9999.0 -9999.0 -9999.0 -9999.0 -9999.0 -9999.0 -9999.0 -9999.0 -9999.0 -9999.0 -9999.0 -9999.0 -9999.0 -9999.0 -9999.0 -9999.0 -9999.0 -9999.0 -9999.0 -9999.0
-9999.0 -9999.0 -9999.0 -9999.0 -9999.0 -9999.0 -9999.0 -9999.0 -9999.0 -9999.0 -9999.0 -9999.0 -9999.0 -9999.0 -9999.0 -9999.0 -9999.0 0.072951 0.073864 0.021860 0.024139 0.248371 0.130899 0.072125 0.113410 0.274508 0.073715 0.253056 0.090647 0.245085 0.319193 0.336836 0.107936 0.109257 0.064113 0.034826 -9999.0 -9999.0 -9999.0 -9999.0 -9999.0 -9999.0 -9999.0 -9999.0 -9999.0 -9999.0 -9999.0 -9999.0 -9999.0 -9999.0 -9999.0 -9999.0 -9999.0 -9999.0 -9999.0 -9999.0 -9999.0 -9999.0 -9999.0 -9999.0 -9999.0 -9999.0 -9999.0
-9999.0 -9999.0 -9999.0 -9999.0 -9999.0 -9999.0 -9999.0 -9999.0 -9999.0 -9999.0 -9999.0 -9999.0 -9999.0 0.117109 0.075812 0.075782 0.073187 0.022095 0.073290 0.071053 0.072043 0.073247 0.071163 0.083840 0.229280 0.305288 0.145629 0.172280 0.131878 0.350713 0.053497 0.381321 0.381204 0.443207 0.180589 0.023881 -9999.0 -9999.0 -9999.0 -9999.0 -9999.0 -9999.0 -9999.0 -9999.0 -9999.0 -9999.0 -9999.0 -9999.0 -9999.0 -9999.0 -9999.0 -9999.0 -9999.0 -9999.0 -9999.0 -9999.0 -9999.0 -9999.0 -9999.0 -9999.0 -9999.0 -9999.0 -9999.0
-9999.0 -9999.0 -9999.0 -9999.0 -9999.0 -9999.0 -9999.0 -9999.0 -9999.0 -9999.0 -9999.0 -9999.0 -9999.0 0.159139 0.070994 0.073877 0.073968 0.091407 0.022088 0.070753 0.073408 0.067044 0.079674 0.130102 0.118976 0.188878 0.342209 0.090572 0.129555 0.080408 0.068154 0.411364 0.145112 0.176370 0.098525 -9999.0 -9999.0 -9999.0 -9999.0 -9999.0 -9999.0 -9999.0 -9999.0 -9999.0 -9999.0 -9999.0 -9999.0 -9999.0 -9999.0 -9999.0 -9999.0 -9999.0 -9999.0 -9999.0 -9999.0 -9999.0 -9999.0 -9999.0 -9999.0 -9999.0 -9999.0 -9999.0 -9999.0
-9999.0 -9999.0 -9999.0 -9999.0 -9999.0 -9999.0 -9999.0 -9999.0 -9999.0 -9999.0 -9999.0 -9999.0 -9999.0 0.070180 0.520000 0.069496 0.073977 0.073792 0.022066 0.073187 0.080343 0.022000 0.246582 0.095951 0.076239 0.113379 0.070217 0.132626 0.451434 0.175533 0.466082 0.157330 0.156775 0.020025 0.021647 -9999.0 -9999.0 -9999.0 -9999.0 -9999.0 -9999.0 -9999.0 -9999.0 -9999.0 -9999.0 -9999.0 -9999.0 -9999.0 -9999.0 -9999.0 -9999.0 -9999.0 -9999.0 -9999.0 -9999.0 -9999.0 -9999.0 -9999.0 -9999.0 -9999.0 -9999.0 -9999.0 -9999.0
-9999.0 -9999.0 -9999.0 -9999.0 -9999.0 -9999.0 -9999.0 -9999.0 -9999.0 -9999.0 -9999.0 -9999.0 0.070830 0.520000 0.070013 0.071830 0.084065 0.074988 0.070144 0.021762 0.071946 0.191048 0.222096 0.300074 0.050760 0.346326 0.040041 0.416951 0.434202 0.157207 0.481901 0.127646 0.518598 0.020417 -9999.0 -9999.0 -9999.0 -9999.0 -9999.0 -9999.0 -9999.0 -9999.0 -9999.0 -9999.0 -9999.0 -9999.0 -9999.0 -9999.0 -9999.0 -9999.0 -9999.0 -9999.0 -9999.0 -9999.0 -9999.0 -9999.0 -9999.0 -9999.0 -9999.0 -9999.0 -9999.0 -9999.0 -9999.0
-9999.0 -9999.0 -9999.0 -9999.0 -9999.0 -9999.0 -9999.0 -9999.0 -9999.0 -9999.0 -9999.0 0.206358 0.069995 0.520000 0.069652 0.119395 0.021680 0.073867 0.109932 0.021600 0.074442 0.093633 0.240447 0.322020 0.326551 0.365201 0.433729 0.389814 0.520000 0.052710 0.084765 0.387131 0.184460 0.051876 0.095706 0.155632 0.394282 0.265328 0.281322 -9999.0 -9999.0 -9999.0 0.026887 -9999.0 -9999.0 -9999.0 -9999.0 -9999.0 -9999.0 -9999.0 -9999.0 -9999.0 -9999.0 -9999.0 -9999.0 -9999.0 -9999.0 -9999.0 -9999.0 -9999.0 -9999.0 -9999.0 -9999.0
-9999.0 -9999.0 -9999.0 -9999.0 -9999.0 -9999.0 -9999.0 -9999.0 -9999.0 -9999.0 -9999.0 0.223139 0.069975 0.067962 0.068267 0.081891 0.067244 0.072835 0.093663 0.070104 0.094676 0.133224 0.368186 0.040089 0.040283 0.367040 0.383108 0.372190 0.122866 0.066298 0.395361 0.409529 0.463257 0.496610 0.434901 0.391782 0.338578 0.145318 0.193027 0.049365 0.066970 0.050702 0.420337 0.106215 -9999.0 -9999.0 -9999.0 0.396421 0.519377 0.186882 0.519586 0.033427 0.044284 0.383959 0.480915 0.020234 -9999.0 -9999.0 -9999.0 -9999.0 -9999.0 -9999.0 -9999.0
-9999.0 -9999.0 -9999.0 -9999.0 -9999.0 -9999.0 -9999.0 -9999.0 -9999.0 -9999.0 -9999.0 0.241864 0.196248 0.270574 0.152957 0.075642 0.078651 0.075053 0.065496 0.069466 0.114685 0.350957 0.054123 0.378384 0.360308 0.101849 0.041086 0.040028 0.115936 0.443481 0.128012 0.040086 0.390242 0.486833 0.158888 0.368598 0.040173 0.048217 0.089999 0.120417 0.303284 0.345235 0.388369 0.402413 0.519824 -9999.0 0.020355 0.519815 0.451221 0.394504 0.339415 0.111963 0.333903 0.434778 0.463765 0.493469 -9999.0 -9999.0 -9999.0 -9999.0 -9999.0 -9999.0 -9999.0
-9999.0 -9999.0 -9999.0 -9999.0 -9999.0 -9999.0 -9999.0 -9999.0 -9999.0 -9999.0 -9999.0 -9999.0 0.241054 0.473496 0.149241 0.144771 0.108931 0.076296 0.098415 0.070561 0.081997 0.225240 0.085160 0.040274 0.040060 0.040704 0.520000 0.282981 0.420560 0.123360 0.389584 0.040439 0.297120 0.465441 0.482576 0.391832 0.042466 0.040174 0.227244 0.085252 0.105498 0.068198 0.053262 0.367197 0.175351 0.508908 0.052037 0.497210 0.040061 0.040872 0.077660 0.040087 0.040025 0.040048 0.040058 0.485389 0.489037 -9999.0 -9999.0 -9999.0 -9999.0 -9999.0 -9999.0
-9999.0 -9999.0 -9999.0 -9999.0 -9999.0 -9999.0 -9999.0 -9999.0 -9999.0 -9999.0 -9999.0 0.058369 0.294168 0.072090 0.519972 0.250248 0.114584 0.081178 0.074926 0.081400 0.077967 0.182780 0.519966 0.042216 0.043984 0.040059 0.040133 0.413979 0.422778 0.092331 0.040763 0.040184 0.355667 0.448926 0.447658 0.417906 0.336772 0.065044 0.251897 0.085629 0.064057 0.214248 0.130972 0.164563 0.291337 0.420764 0.409225 0.114066 0.130900 0.133702 0.020062 0.406691 0.040033 0.020028 0.020025 0.020025 0.164251 -9999.0 -9999.0 -9999.0 -9999.0 -9999.0 -9999.0
-9999.0 -9999.0 -9999.0 -9999.0 -9999.0 -9999.0 -9999.0 -9999.0 -9999.0 -9999.0 0.520000 0.073473 0.300808 0.278417 0.215674 0.520000 0.520000 0.191122 0.076762 0.083863 0.089808 0.233363 0.040493 0.304871 0.218260 0.040093 0.040136 0.020044 0.248753 0.291286 0.040082 0.040061 0.344109 0.448981 0.042145 0.124842 0.321883 0.050721 0.041187 0.430461 0.356395 0.173006 0.190766 0.262748 0.109609 0.089420 0.352804 0.057958 0.047242 0.370531 0.020048 0.084385 0.020023 0.020022 0.038169 0.444657 0.452301 -9999.0 -9999.0 -9999.0 -9999.0 -9999.0 -9999.0
-9999.0 -9999.0 -9999.0 -9999.0 -9999.0 -9999.0 -9999.0 -9999.0 -9999.0 0.357831 0.348577 0.097222 0.517083 0.062633 0.062862 0.089728 0.091952 0.180321 0.075207 0.078947 0.081571 0.086995 0.133186 0.148705 0.403222 0.040081 0.040052 0.345554 0.085056 0.519379 0.479401 0.040066 0.116873 0.074674 0.063062 0.127158 0.346017 0.040313 0.048288 0.059254 0.040218 0.040389 0.040805 0.170285 0.168764 0.102858 0.243779 0.058469 0.059251 0.465032 0.040127 0.134362 0.020020 0.020151 0.069963 0.040017 0.040041 0.123117 0.084204 -9999.0 -9999.0 -9999.0 -9999.0
-9999.0 -9999.0 -9999.0 -9999.0 -9999.0 -9999.0 -9999.0 -9999.0 -9999.0 0.311314 0.355998 0.270066 0.520000 0.399403 0.083566 0.061834 0.289942 0.202128 0.074208 0.069704 0.072188 0.067113 0.160816 0.333590 0.040139 0.040267 0.062030 0.419159 0.422407 0.318777 0.310063 0.040047 0.400001 0.468919 0.447787 0.127136 0.111291 0.070991 0.355386 0.329798 0.040789 0.040143 0.070274 0.338866 0.125931 0.178620 0.168574 0.244747 0.335833 0.317388 0.040026 0.040014 0.020176 0.063585 0.194628 0.040017 0.040017 0.040117 0.110604 -9999.0 -9999.0 -9999.0 -9999.0
-9999.0 -9999.0 -9999.0 -9999.0 -9999.0 -9999.0 -9999.0 -9999.0 -9999.0 -9999.0 0.391381 0.330514 0.171119 0.040239 0.367194 0.092663 0.311513 0.116655 0.073190 0.073791 0.074750 0.074759 0.092199 0.040601 0.043485 0.118101 0.477915 0.329450 0.308499 0.040070 0.040051 0.040031 0.040029 0.454354 0.416708 0.361139 0.322311 0.344242 0.111881 0.396763 0.398140 0.366875 0.520000 0.113688 0.188974 0.296305 0.083664 0.158710 0.074530 0.258657 0.040053 0.040052 0.066497 0.020319 0.056307 0.519674 0.520000 0.040091 0.070085 0.146208 -9999.0 -9999.0 -9999.0
-9999.0 -9999.0 -9999.0 -9999.0 -9999.0 -9999.0 -9999.0 -9999.0 -9999.0 -9999.0 0.443378 0.364986 0.340007 0.515314 0.340521 0.189514 0.203318 0.083678 0.073397 0.070679 0.074439 0.077701 0.079387 0.085883 0.118442 0.426828 0.284408 0.226291 0.040101 0.040035 0.388575 0.426405 0.020054 0.451825 0.382076 0.373855 0.040113 0.063452 0.040047 0.421629 0.393904 0.134064 0.057394 0.293671 0.317642 0.042648 0.446988 0.174139 0.078619 0.132143 0.520000 0.040105 0.040023 0.141416 0.020186 0.020243 0.519598 0.057909 0.520000 0.433186 -9999.0 -9999.0 -9999.0
-9999.0 -9999.0 -9999.0 -9999.0 -9999.0 -9999.0 -9999.0 -9999.0 0.392473 0.401840 0.390755 0.403989 0.046882 0.069954 0.064243 0.221615 0.074349 0.067092 0.069869 0.070185 0.072162 0.072425 0.072806 0.074732 0.226928 0.272806 0.305942 0.040221 0.040126 0.040036 0.182562 0.395222 0.391923 0.439628 0.409368 0.353305 0.191123 0.070420 0.040033 0.124806 0.086079 0.372368 0.020063 0.115090 0.045977 0.520000 0.040037 0.067522 0.234196 0.266577 0.388386 0.040208 0.040040 0.040012 0.026662 0.470996 0.179466 0.344706 0.281375 0.097526 -9999.0 -9999.0 -9999.0
-9999.0 -9999.0 -9999.0 -9999.0 -9999.0 -9999.0 -9999.0 -9999.0 0.020000 0.040111 0.040041 0.427789 0.361870 0.040049 0.040180 0.290631 0.081135 0.077323 0.072257 0.069713 0.089720 0.064871 0.063482 0.063223 0.073993 0.100869 0.321681 0.072779 0.020056 0.429304 0.476419 0.118584 0.378635 0.110222 0.385766 0.351048 0.191439 0.520000 0.074123 0.332611 0.388368 0.446643 0.101253 0.312194 0.520000 0.052112 0.020054 0.345538 0.087719 0.338105 0.376723 0.084504 0.040013 0.519636 0.356530 0.020059 0.054996 0.519672 0.203990 0.093006 0.074025 -9999.0 -9999.0
-9999.0 -9999.0 -9999.0 -9999.0 -9999.0 -9999.0 -9999.0 -9999.0 0.381406 0.520000 0.500931 0.040029 0.454396 0.020068 0.058634 0.040232 0.184841 0.073907 0.072709 0.089697 0.069312 0.065322 0.064310 0.069857 0.068775 0.077976 0.307703 0.040108 0.020046 0.392201 0.098515 0.395832 0.040096 0.040240 0.373222 0.232490 0.384078 0.362730 0.075489 0.061450 0.346808 0.084746 0.359760 0.520000 0.040265 0.367938 0.124774 0.396733 0.040074 0.118631 0.236853 0.439599 0.040019 0.040014 0.077950 0.519927 0.520000 0.275162 0.075817 0.102357 0.082679 -9999.0 -9999.0
-9999.0 -9999.0 -9999.0 -9999.0 -9999.0 -9999.0 -9999.0 -9999.0 0.112383 0.351805 0.064844 0.020047 0.388892 0.040272 0.040452 0.348914 0.075196 0.073557 0.075293 0.072780 0.070338 0.070092 0.067018 0.067916 0.078189 0.168725 0.062355 0.040049 0.333108 0.046476 0.059407 0.067001 0.520000 0.518673 0.098239 0.164272 0.096500 0.077262 0.270017 0.265532 0.276291 0.270489 0.288089 0.052990 0.372886 0.087668 0.220537 0.081417 0.362837 0.053957 0.187873 0.178331 0.386344 0.087272 0.509473 0.448567 0.189160 0.112495 0.087209 0.085074 0.089130 0.116922 -9999.0
-9999.0 -9999.0 -9999.0 -9999.0 -9999.0 -9999.0 -9999.0 -9999.0 0.512358 0.425132 0.040030 0.040070 0.040278 0.045189 0.405478 0.192394 0.202800 0.083581 0.123513 0.076988 0.074279 0.071649 0.071609 0.072598 0.068873 0.161461 0.040132 0.112982 0.347638 0.520000 0.041988 0.426612 0.275341 0.372945 0.287604 0.097213 0.075016 0.074997 0.075621 0.243674 0.235309 0.222415 0.313562 0.402126 0.056931 0.269735 0.081138 0.064417 0.075661 0.453735 0.204685 0.107020 0.160733 0.246800 0.365361 0.321412 0.208012 0.124940 0.101978 0.075195 0.079285 0.124507 -9999.0
-9999.0 -9999.0 0.264937 0.366785 0.040009 0.040156 0.040038 0.040037 0.471375 0.444824 0.040273 0.040152 0.046818 0.520000 0.275170 0.517517 0.107125 0.040109 0.065887 0.272025 0.077462 0.074445 0.079481 0.073696 0.074258 0.080718 0.184229 0.211052 0.097449 0.271688 0.100537 0.128573 0.123135 0.078748 0.074557 0.076614 0.072840 0.073507 0.074417 0.077163 0.073485 0.073064 0.075740 0.150312 0.248273 0.234373 0.302207 0.247608 0.092063 0.085159 0.075735 0.092396 0.180721 0.237138 0.277500 0.210874 0.211986 0.143525 0.108153 0.085145 0.128176 0.137204 -9999.0
-9999.0 0.061373 0.040181 0.042833 0.040226 0.040098 0.040050 0.040038 0.040024 0.457435 0.040042 0.040188 0.519942 0.366540 0.490647 0.040790 0.040337 0.040090 0.040464 0.137496 0.078561 0.075400 0.104691 0.086330 0.067883 0.073618 0.069876 0.070786 0.072519 0.099377 0.074060 0.073560 0.072181 0.069404 0.071150 0.071149 0.070428 0.071664 0.070931 0.071722 0.071566 0.071037 0.070731 0.074461 0.075905 0.075207 0.085630 0.073310 0.071937 0.079990 0.093438 0.141644 0.211327 0.277120 0.282332 0.421078 0.352210 0.324233 0.404762 0.307265 0.261605 0.140375 -9999.0
-9999.0 0.345410 0.518511 0.106409 0.355673 0.063548 0.040033 0.040031 0.455660 0.431433 0.040044 0.040104 0.331765 0.394087 0.045353 0.040019 0.040042 0.040062 0.040057 0.179761 0.339850 0.161969 0.108731 0.158677 0.132719 0.098470 0.073548 0.071406 0.073266 0.072108 0.071950 0.072226 0.071061 0.071012 0.066831 0.070014 0.077645 0.074828 0.069043 0.069274 0.069010 0.069338 0.069007 0.071254 0.071032 0.070891 0.070819 0.071922 0.073648 0.078736 0.104262 0.142864 0.283919 0.441025 0.520000 0.070886 0.040184 0.053531 0.060879 0.044199 0.077614 -9999.0 -9999.0
-9999.0 0.130695 0.055403 0.040609 0.369820 0.339618 0.359609 0.040064 0.040080 0.040026 0.040253 0.085943 0.343181 0.484536 0.040076 0.040014 0.040033 0.040022 0.040022 0.040187 0.049575 0.073015 0.134165 0.158824 0.146876 0.089703 0.080795 0.077025 0.070952 0.072062 0.069900 0.069542 0.070850 0.070403 0.069846 0.069330 0.069250 0.073701 0.069164 0.068792 0.068543 0.076647 0.068480 0.068028 0.068346 0.069838 0.070838 0.073536 0.084285 0.084587 0.175148 0.286304 0.083537 0.520000 0.042091 0.040101 0.040096 0.040065 0.040073 -9999.0 -9999.0 -9999.0 -9999.0
