user2019/resources/simulation/Vinschgau/output-maps/thetaliqL0005N0179.asc
ncols         63
nrows         48
xllcorner     598000.000000
yllcorner     5145000.000000
cellsize      1000.000000
NODATA_value  -9999.0
[rows 0 to 28 of 48, columns 0 to 62 of 63]
-9999.0 -9999.0 -9999.0 -9999.0 -9999.0 -9999.0 -9999.0 -9999.0 -9999.0 -9999.0 -9999.0 -9999.0 -9999.0 -9999.0 -9999.0 -9999.0 -9999.0 -9999.0 -9999.0 -9999.0 -9999.0 -9999.0 -9999.0 -9999.0 -9999.0 -9999.0 -9999.0 -9999.0 -9999.0 -9999.0 -9999.0 -9999.0 -9999.0 -9999.0 -9999.0 -9999.0 -9999.0 -9999.0 -9999.0 -9999.0 -9999.0 -9999.0 -9999.0 -9999.0 -9999.0 -9999.0 -9999.0 -9999.0 -9999.0 -9999.0 -9999.0 -9999.0 -9999.0 -9999.0 -9999.0 -9999.0 -9999.0 -9999.0 -9999.0 -9999.0 -9999.0 -9999.0 -9999.0
-9999.0 -9999.0 -9999.0 -9999.0 -9999.0 -9999.0 -9999.0 -9999.0 -9999.0 -9999.0 -9999.0 -9999.0 -9999.0 -9999.0 -9999.0 -9999.0 -9999.0 -9999.0 -9999.0 -9999.0 -9999.0 -9999.0 -9999.0 -9999.0 -9999.0 -9999.0 -9999.0 0.020039 0.040013 0.020031 0.040009 0.020026 0.020025 -9999.0 -9999.0 -9999.0 -9999.0 -9999.0 -9999.0 -9999.0 -9999.0 -9999.0 -9999.0 -9999.0 -9999.0 -9999.0 -9999.0 -9999.0 -9999.0 -9999.0 -9999.0 -9999.0 -9999.0 -9999.0 -9999.0 -9999.0 -9999.0 -9999.0 -9999.0 -9999.0 -9999.0 -9999.0 -9999.0
-9999.0 -9999.0 -9999.0 -9999.0 -9999.0 -9999.0 -9999.0 -9999.0 -9999.0 -9999.0 -9999.0 -9999.0 -9999.0 -9999.0 -9999.0 -9999.0 -9999.0 -9999.0 -9999.0 -9999.0 -9999.0 -9999.0 -9999.0 -9999.0 0.040066 0.040021 0.040013 0.040012 0.040014 0.040011 0.040012 -9999.0 -9999.0 -9999.0 -9999.0 -9999.0 -9999.0 -9999.0 -9999.0 -9999.0 -9999.0 -9999.0 -9999.0 -9999.0 -9999.0 -9999.0 -9999.0 -9999.0 -9999.0 -9999.0 -9999.0 -9999.0 -9999.0 -9999.0 -9999.0 -9999.0 -9999.0 -9999.0 -9999.0 -9999.0 -9999.0 -9999.0 -9999.0
-9999.0 -9999.0 -9999.0 -9999.0 -9999.0 -9999.0 -9999.0 -9999.0 -9999.0 -9999.0 -9999.0 -9999.0 -9999.0 -9999.0 -9999.0 -9999.0 -9999.0 -9999.0 -9999.0 -9999.0 -9999.0 -9999.0 -9999.0 0.040029 0.040055 0.044666 0.041253 0.040117 0.040039 0.040009 0.040009 0.040017 -9999.0 -9999.0 -9999.0 -9999.0 -9999.0 -9999.0 -9999.0 -9999.0 -9999.0 -9999.0 -9999.0 -9999.0 -9999.0 -9999.0 -9999.0 -9999.0 -9999.0 -9999.0 -9999.0 -9999.0 -9999.0 -9999.0 -9999.0 -9999.0 -9999.0 -9999.0 -9999.0 -9999.0 -9999.0 -9999.0 -9999.0
-9999.0 -9999.0 -9999.0 -9999.0 -9999.0 -9999.0 -9999.0 -9999.0 -9999.0 -9999.0 -9999.0 -9999.0 -9999.0 -9999.0 -9999.0 -9999.0 -9999.0 -9999.0 0.045404 0.040169 -9999.0 0.040075 0.040099 0.041168 0.046293 0.040009 0.040064 0.040061 0.041196 0.040072 0.040008 0.040010 0.020025 0.020022 -9999.0 -9999.0 -9999.0 -9999.0 -9999.0 -9999.0 -9999.0 -9999.0 -9999.0 -9999.0 -9999.0 -9999.0 -9999.0 -9999.0 -9999.0 -9999.0 -9999.0 -9999.0 -9999.0 -9999.0 -9999.0 -9999.0 -9999.0 -9999.0 -9999.0 -9999.0 -9999.0 -9999.0 -9999.0
-9999.0 -9999.0 -9999.0 -9999.0 -9999.0 -9999.0 -9999.0 -9999.0 -9999.0 -9999.0 -9999.0 -9999.0 -9999.0 -9999.0 -9999.0 -9999.0 -9999.0 0.041167 0.040023 0.020044 0.020047 0.040117 0.040149 0.040028 0.042190 0.040015 0.040025 0.040068 0.040019 0.040059 0.040041 0.040008 0.020027 0.020024 0.020027 0.020021 -9999.0 -9999.0 -9999.0 -9999.0 -9999.0 -9999.0 -9999.0 -9999.0 -9999.0 -9999.0 -9999.0 -9999.0 -9999.0 -9999.0 -9999.0 -9999.0 -9999.0 -9999.0 -9999.0 -9999.0 -9999.0 -9999.0 -9999.0 -9999.0 -9999.0 -9999.0 -9999.0
-9999.0 -9999.0 -9999.0 -9999.0 -9999.0 -9999.0 -9999.0 -9999.0 -9999.0 -9999.0 -9999.0 -9999.0 -9999.0 0.040035 0.040126 0.041036 0.040160 0.020061 0.040866 0.040217 0.044188 0.046781 0.040027 0.040586 0.040013 0.040017 0.020034 0.040020 0.040015 0.040062 0.040041 0.040014 0.040010 0.040006 0.020020 0.020019 -9999.0 -9999.0 -9999.0 -9999.0 -9999.0 -9999.0 -9999.0 -9999.0 -9999.0 -9999.0 -9999.0 -9999.0 -9999.0 -9999.0 -9999.0 -9999.0 -9999.0 -9999.0 -9999.0 -9999.0 -9999.0 -9999.0 -9999.0 -9999.0 -9999.0 -9999.0 -9999.0
-9999.0 -9999.0 -9999.0 -9999.0 -9999.0 -9999.0 -9999.0 -9999.0 -9999.0 -9999.0 -9999.0 -9999.0 -9999.0 0.040104 0.044910 0.040678 0.040582 0.041381 0.020055 0.040022 0.040015 0.040016 0.040109 0.040040 0.040070 0.040022 0.040011 0.020025 0.020023 0.040012 0.040026 0.040006 0.020020 0.020018 0.020018 -9999.0 -9999.0 -9999.0 -9999.0 -9999.0 -9999.0 -9999.0 -9999.0 -9999.0 -9999.0 -9999.0 -9999.0 -9999.0 -9999.0 -9999.0 -9999.0 -9999.0 -9999.0 -9999.0 -9999.0 -9999.0 -9999.0 -9999.0 -9999.0 -9999.0 -9999.0 -9999.0 -9999.0
-9999.0 -9999.0 -9999.0 -9999.0 -9999.0 -9999.0 -9999.0 -9999.0 -9999.0 -9999.0 -9999.0 -9999.0 -9999.0 0.040141 0.046008 0.042019 0.040447 0.040147 0.020060 0.040706 0.040145 0.020033 0.040044 0.040054 0.040081 0.040080 0.020034 0.020024 0.040011 0.020021 0.040006 0.020019 0.020019 0.020018 0.020018 -9999.0 -9999.0 -9999.0 -9999.0 -9999.0 -9999.0 -9999.0 -9999.0 -9999.0 -9999.0 -9999.0 -9999.0 -9999.0 -9999.0 -9999.0 -9999.0 -9999.0 -9999.0 -9999.0 -9999.0 -9999.0 -9999.0 -9999.0 -9999.0 -9999.0 -9999.0 -9999.0 -9999.0
-9999.0 -9999.0 -9999.0 -9999.0 -9999.0 -9999.0 -9999.0 -9999.0 -9999.0 -9999.0 -9999.0 -9999.0 0.040122 0.044472 0.042136 0.040019 0.041108 0.040837 0.041695 0.020047 0.040094 0.040026 0.020056 0.040069 0.040083 0.040008 0.040065 0.040017 0.040010 0.020023 0.040006 0.020027 0.040006 0.020019 -9999.0 -9999.0 -9999.0 -9999.0 -9999.0 -9999.0 -9999.0 -9999.0 -9999.0 -9999.0 -9999.0 -9999.0 -9999.0 -9999.0 -9999.0 -9999.0 -9999.0 -9999.0 -9999.0 -9999.0 -9999.0 -9999.0 -9999.0 -9999.0 -9999.0 -9999.0 -9999.0 -9999.0 -9999.0
-9999.0 -9999.0 -9999.0 -9999.0 -9999.0 -9999.0 -9999.0 -9999.0 -9999.0 -9999.0 -9999.0 0.040087 0.040100 0.041836 0.040029 0.040035 0.020034 0.040355 0.041942 0.020038 0.040015 0.043344 0.040025 0.040011 0.040022 0.040018 0.040007 0.040019 0.040017 0.020021 0.020031 0.040008 0.020024 0.020018 0.020018 0.020016 0.040003 0.040003 0.020015 -9999.0 -9999.0 -9999.0 0.020018 -9999.0 -9999.0 -9999.0 -9999.0 -9999.0 -9999.0 -9999.0 -9999.0 -9999.0 -9999.0 -9999.0 -9999.0 -9999.0 -9999.0 -9999.0 -9999.0 -9999.0 -9999.0 -9999.0 -9999.0
-9999.0 -9999.0 -9999.0 -9999.0 -9999.0 -9999.0 -9999.0 -9999.0 -9999.0 -9999.0 -9999.0 0.040049 0.040095 0.040120 0.040103 0.040017 0.040109 0.040139 0.041542 0.040848 0.042962 0.040768 0.040053 0.040024 0.040025 0.040012 0.040014 0.040014 0.020038 0.020024 0.040009 0.040007 0.040005 0.040006 0.040004 0.040003 0.040004 0.040013 0.040009 0.020012 0.020013 0.020014 0.040005 0.020021 -9999.0 -9999.0 -9999.0 0.041315 0.040071 0.020123 0.040084 0.020129 0.020134 0.104374 0.123144 0.020155 -9999.0 -9999.0 -9999.0 -9999.0 -9999.0 -9999.0 -9999.0
-9999.0 -9999.0 -9999.0 -9999.0 -9999.0 -9999.0 -9999.0 -9999.0 -9999.0 -9999.0 -9999.0 0.040068 0.040052 0.040014 0.040093 0.040018 0.040126 0.040090 0.040756 0.041858 0.041582 0.040163 0.040101 0.040043 0.040010 0.020033 0.040024 0.040014 0.020027 0.040011 0.020024 0.040008 0.040007 0.040005 0.020016 0.040004 0.040013 0.040041 0.040024 0.020025 0.040003 0.020014 0.040005 0.040005 0.040010 -9999.0 0.020036 0.040073 0.040084 0.040106 0.020139 0.020122 0.020434 0.332126 0.113205 0.248752 -9999.0 -9999.0 -9999.0 -9999.0 -9999.0 -9999.0 -9999.0
-9999.0 -9999.0 -9999.0 -9999.0 -9999.0 -9999.0 -9999.0 -9999.0 -9999.0 -9999.0 -9999.0 -9999.0 0.040082 0.040091 0.040326 0.040099 0.040062 0.040060 0.041727 0.041613 0.040088 0.040179 0.040200 0.040111 0.040014 0.040036 0.045036 0.020030 0.040011 0.020033 0.040012 0.040008 0.020023 0.040006 0.040004 0.040003 0.040012 0.040030 0.040049 0.020031 0.040004 0.020017 0.040006 0.040019 0.020024 0.040023 0.020057 0.040080 0.040069 0.040033 0.040104 0.040097 0.041886 0.041630 0.040086 0.040085 0.041135 -9999.0 -9999.0 -9999.0 -9999.0 -9999.0 -9999.0
-9999.0 -9999.0 -9999.0 -9999.0 -9999.0 -9999.0 -9999.0 -9999.0 -9999.0 -9999.0 -9999.0 0.040087 0.040032 0.020060 0.040123 0.040128 0.040142 0.040030 0.040929 0.044146 0.040039 0.041981 0.040102 0.040020 0.040068 0.040128 0.040076 0.040009 0.040013 0.020032 0.040012 0.040011 0.040012 0.040006 0.040004 0.040003 0.040002 0.040016 0.040200 0.040090 0.040006 0.040014 0.040009 0.020024 0.040069 0.040024 0.040067 0.020051 0.020114 0.020033 0.020049 0.040024 0.040077 0.020039 0.020054 0.020042 0.020149 -9999.0 -9999.0 -9999.0 -9999.0 -9999.0 -9999.0
-9999.0 -9999.0 -9999.0 -9999.0 -9999.0 -9999.0 -9999.0 -9999.0 -9999.0 -9999.0 0.040428 0.040097 0.040110 0.040040 0.041806 0.040123 0.040027 0.040101 0.040365 0.041848 0.043525 0.041181 0.040129 0.043995 0.040370 0.040108 0.040015 0.020026 0.020074 0.040110 0.040045 0.040016 0.040011 0.040006 0.020016 0.020016 0.040004 0.040012 0.040121 0.040183 0.040152 0.020034 0.020029 0.040626 0.040016 0.020026 0.040076 0.040013 0.040086 0.040027 0.020052 0.020042 0.020044 0.020040 0.020045 0.165710 0.180848 -9999.0 -9999.0 -9999.0 -9999.0 -9999.0 -9999.0
-9999.0 -9999.0 -9999.0 -9999.0 -9999.0 -9999.0 -9999.0 -9999.0 -9999.0 0.040025 0.040352 0.040362 0.040143 0.040098 0.041835 0.040043 0.040041 0.043251 0.040075 0.044951 0.042072 0.040211 0.040113 0.040553 0.040126 0.040013 0.040011 0.040112 0.040140 0.041068 0.040015 0.020028 0.020021 0.020019 0.020019 0.020017 0.040005 0.040004 0.040004 0.040004 0.040175 0.040006 0.040006 0.040468 0.040011 0.040012 0.040256 0.040015 0.040020 0.040298 0.020055 0.020135 0.020037 0.020062 0.020142 0.040092 0.054532 0.020151 0.020146 -9999.0 -9999.0 -9999.0 -9999.0
-9999.0 -9999.0 -9999.0 -9999.0 -9999.0 -9999.0 -9999.0 -9999.0 -9999.0 0.020053 0.040030 0.040030 0.044718 0.040148 0.040108 0.040099 0.106496 0.040448 0.040056 0.042127 0.042124 0.040035 0.040720 0.040152 0.040016 0.040035 0.040226 0.040301 0.040016 0.040073 0.040013 0.040007 0.040009 0.040011 0.040007 0.020020 0.020018 0.020019 0.040005 0.040007 0.040051 0.040007 0.040012 0.040009 0.043032 0.040032 0.040024 0.040012 0.040162 0.040021 0.020078 0.040068 0.020066 0.040056 0.020046 0.040807 0.040549 0.041054 0.020144 -9999.0 -9999.0 -9999.0 -9999.0
-9999.0 -9999.0 -9999.0 -9999.0 -9999.0 -9999.0 -9999.0 -9999.0 -9999.0 -9999.0 0.040030 0.040031 0.040075 0.042130 0.040044 0.040121 0.040200 0.041391 0.040754 0.041458 0.042742 0.040035 0.040144 0.040109 0.040033 0.040926 0.040018 0.040015 0.040018 0.040017 0.040012 0.040067 0.040009 0.040008 0.040010 0.040015 0.040017 0.040009 0.020021 0.040006 0.040006 0.040020 0.040014 0.040019 0.040008 0.040006 0.040010 0.040344 0.040188 0.040013 0.020058 0.020144 0.020128 0.020075 0.040077 0.040035 0.040081 0.040196 0.040545 0.045046 -9999.0 -9999.0 -9999.0
-9999.0 -9999.0 -9999.0 -9999.0 -9999.0 -9999.0 -9999.0 -9999.0 -9999.0 -9999.0 0.040029 0.040030 0.040085 0.040115 0.043047 0.040433 0.040631 0.041184 0.042349 0.050603 0.040098 0.040173 0.041456 0.040227 0.040273 0.040017 0.040081 0.040034 0.040019 0.040008 0.040009 0.040059 0.020027 0.040009 0.040009 0.040012 0.040012 0.040009 0.040007 0.040009 0.040024 0.020050 0.040041 0.040011 0.040126 0.020078 0.040083 0.040012 0.040341 0.040014 0.040015 0.040098 0.040084 0.020132 0.020125 0.020132 0.040038 0.041638 0.040020 0.041377 -9999.0 -9999.0 -9999.0
-9999.0 -9999.0 -9999.0 -9999.0 -9999.0 -9999.0 -9999.0 -9999.0 0.040122 0.040086 0.020046 0.040078 0.040060 0.040049 0.040115 0.042000 0.040037 0.040086 0.052795 0.053472 0.043332 0.041852 0.040210 0.040132 0.040096 0.040400 0.040920 0.040020 0.040046 0.040013 0.020023 0.040010 0.040014 0.040017 0.040039 0.040008 0.040060 0.040011 0.040008 0.020043 0.020032 0.040018 0.020030 0.020027 0.020083 0.040088 0.040017 0.040089 0.040015 0.040077 0.040214 0.020121 0.040100 0.040081 0.020125 0.024556 0.020140 0.072269 0.040064 0.040414 -9999.0 -9999.0 -9999.0
-9999.0 -9999.0 -9999.0 -9999.0 -9999.0 -9999.0 -9999.0 -9999.0 0.020050 0.040109 0.040015 0.040013 0.040024 0.040106 0.040110 0.040134 0.040380 0.040159 0.043126 0.057446 0.059801 0.051373 0.040681 0.040051 0.041269 0.041518 0.040452 0.040027 0.020031 0.040030 0.040032 0.020035 0.040058 0.020055 0.040064 0.040063 0.040035 0.040026 0.040013 0.040074 0.040015 0.020026 0.020032 0.040084 0.040095 0.040080 0.020040 0.040021 0.040066 0.040098 0.040014 0.040105 0.040076 0.248424 0.020139 0.020059 0.040190 0.040135 0.040028 0.054835 0.055705 -9999.0 -9999.0
-9999.0 -9999.0 -9999.0 -9999.0 -9999.0 -9999.0 -9999.0 -9999.0 0.040023 0.040057 0.040116 0.040017 0.040082 0.020039 0.040427 0.040035 0.040022 0.040086 0.043146 0.056022 0.080327 0.052504 0.051233 0.049628 0.046401 0.040053 0.040111 0.040020 0.020024 0.040015 0.020038 0.040087 0.040014 0.020033 0.040073 0.040119 0.040080 0.040015 0.040018 0.040040 0.040065 0.020082 0.040074 0.040076 0.040066 0.040048 0.020124 0.041349 0.040074 0.040023 0.045697 0.040025 0.040027 0.040027 0.040021 0.040292 0.040015 0.040187 0.040569 0.044446 0.055127 -9999.0 -9999.0
-9999.0 -9999.0 -9999.0 -9999.0 -9999.0 -9999.0 -9999.0 -9999.0 0.020029 0.040054 0.043721 0.020033 0.042300 0.043879 0.020273 0.040026 0.040675 0.043172 0.041528 0.134177 0.051888 0.077355 0.057697 0.053958 0.044837 0.040774 0.040158 0.040014 0.040481 0.040226 0.040016 0.040019 0.020076 0.040141 0.020054 0.040072 0.040050 0.040180 0.040014 0.040021 0.040067 0.040071 0.040081 0.020049 0.040105 0.020123 0.020174 0.020133 0.040169 0.040024 0.040119 0.040940 0.040013 0.042893 0.040015 0.040034 0.040245 0.042729 0.096067 0.055233 0.041266 0.040516 -9999.0
-9999.0 -9999.0 -9999.0 -9999.0 -9999.0 -9999.0 -9999.0 -9999.0 0.040045 0.040081 0.042770 0.040184 0.040369 0.040062 0.041267 0.040250 0.041134 0.040024 0.040132 0.040394 0.043256 0.056769 0.057526 0.051936 0.040256 0.046589 0.040078 0.040200 0.041261 0.040374 0.040040 0.041473 0.040023 0.040170 0.040017 0.040024 0.040037 0.040277 0.040012 0.040048 0.040017 0.020048 0.040049 0.020050 0.040021 0.040101 0.040024 0.040208 0.040150 0.040018 0.040016 0.040021 0.040891 0.040224 0.040152 0.041082 0.054301 0.054737 0.041928 0.040275 0.040023 0.042536 -9999.0
-9999.0 -9999.0 0.020063 0.040086 0.040084 0.040059 0.040097 0.040035 0.040076 0.040078 0.040092 0.044587 0.040439 0.042363 0.040047 0.041817 0.040015 0.040055 0.040096 0.040193 0.040887 0.072744 0.056074 0.184251 0.041834 0.040038 0.040998 0.040110 0.040023 0.041713 0.040136 0.041576 0.042083 0.040022 0.040032 0.040035 0.040037 0.040246 0.040016 0.040053 0.040040 0.040019 0.040012 0.040205 0.040062 0.040180 0.040026 0.040172 0.040015 0.040462 0.040252 0.041378 0.053861 0.052721 0.052371 0.042105 0.040925 0.040999 0.040026 0.040014 0.042362 0.054425 -9999.0
-9999.0 0.040109 0.040107 0.040102 0.040094 0.040150 0.040091 0.040076 0.040069 0.040051 0.040086 0.043133 0.043134 0.043832 0.042578 0.040153 0.040088 0.040081 0.040851 0.040246 0.040474 0.040889 0.043226 0.105264 0.044167 0.040292 0.040076 0.040095 0.040311 0.040050 0.040019 0.040040 0.040430 0.040088 0.040024 0.040134 0.040023 0.040022 0.040066 0.040047 0.040018 0.040026 0.040020 0.040023 0.040017 0.040013 0.042206 0.041620 0.040422 0.043168 0.054657 0.054103 0.040807 0.040644 0.040511 0.040047 0.040329 0.040339 0.041641 0.042695 0.224637 0.230050 -9999.0
-9999.0 0.040092 0.040484 0.041006 0.045568 0.040619 0.040087 0.040024 0.040070 0.020056 0.040083 0.041298 0.040201 0.042358 0.040027 0.040091 0.040064 0.040039 0.041846 0.040304 0.043028 0.041922 0.043596 0.041992 0.040230 0.054247 0.076287 0.054550 0.054478 0.042312 0.043001 0.042151 0.040260 0.041265 0.040265 0.041393 0.040370 0.049602 0.043351 0.041575 0.041847 0.041935 0.040249 0.049038 0.050476 0.044493 0.056194 0.055336 0.055145 0.054908 0.042903 0.040015 0.040317 0.040027 0.040082 0.041294 0.040377 0.041469 0.041402 0.122896 0.172313 -9999.0 -9999.0
-9999.0 0.020130 0.040041 0.040143 0.040031 0.044609 0.045346 0.040124 0.040090 0.040093 0.043542 0.040373 0.040323 0.042449 0.042061 0.040077 0.040070 0.040079 0.040050 0.040167 0.040538 0.040129 0.041550 0.041929 0.040310 0.052729 0.054058 0.054246 0.054355 0.054360 0.054900 0.054789 0.054345 0.041657 0.051789 0.051799 0.042643 0.041320 0.048715 0.051921 0.052762 0.052718 0.054211 0.055753 0.055815 0.055832 0.043837 0.041338 0.043020 0.040888 0.040091 0.040286 0.040361 0.040777 0.040423 0.041570 0.042170 0.042340 0.060622 -9999.0 -9999.0 -9999.0 -9999.0
