user2019/resources/simulation/Vinschgau/output-maps/thetaliqL0002N0077.asc
ncols         63
nrows         48
xllcorner     598000.000000
yllcorner     5145000.000000
cellsize      1000.000000
NODATA_value  -9999.0
[rows 0 to 28 of 48, columns 0 to 62 of 63]
-9999.0 -9999.0 -9999.0 -9999.0 -9999.0 -9999.0 -9999.0 -9999.0 -9999.0 -9999.0 -9999.0 -9999.0 -9999.0 -9999.0 -9999.0 -9999.0 -9999.0 -9999.0 -9999.0 -9999.0 -9999.0 -9999.0 -9999.0 -9999.0 -9999.0 -9999.0 -9999.0 -9999.0 -9999.0 -9999.0 -9999.0 -9999.0 -9999.0 -9999.0 -9999.0 -9999.0 -9999.0 -9999.0 -9999.0 -9999.0 -9999.0 -9999.0 -9999.0 -9999.0 -9999.0 -9999.0 -9999.0 -9999.0 -9999.0 -9999.0 -9999.0 -9999.0 -9999.0 -9999.0 -9999.0 -9999.0 -9999.0 -9999.0 -9999.0 -9999.0 -9999.0 -9999.0 -9999.0
-9999.0 -9999.0 -9999.0 -9999.0 -9999.0 -9999.0 -9999.0 -9999.0 -9999.0 -9999.0 -9999.0 -9999.0 -9999.0 -9999.0 -9999.0 -9999.0 -9999.0 -9999.0 -9999.0 -9999.0 -9999.0 -9999.0 -9999.0 -9999.0 -9999.0 -9999.0 -9999.0 0.020213 0.040143 0.020169 0.040177 0.040168 0.040154 -9999.0 -9999.0 -9999.0 -9999.0 -9999.0 -9999.0 -9999.0 -9999.0 -9999.0 -9999.0 -9999.0 -9999.0 -9999.0 -9999.0 -9999.0 -9999.0 -9999.0 -9999.0 -9999.0 -9999.0 -9999.0 -9999.0 -9999.0 -9999.0 -9999.0 -9999.0 -9999.0 -9999.0 -9999.0 -9999.0
-9999.0 -9999.0 -9999.0 -9999.0 -9999.0 -9999.0 -9999.0 -9999.0 -9999.0 -9999.0 -9999.0 -9999.0 -9999.0 -9999.0 -9999.0 -9999.0 -9999.0 -9999.0 -9999.0 -9999.0 -9999.0 -9999.0 -9999.0 -9999.0 0.042070 0.040292 0.040175 0.040143 0.040199 0.040167 0.040170 -9999.0 -9999.0 -9999.0 -9999.0 -9999.0 -9999.0 -9999.0 -9999.0 -9999.0 -9999.0 -9999.0 -9999.0 -9999.0 -9999.0 -9999.0 -9999.0 -9999.0 -9999.0 -9999.0 -9999.0 -9999.0 -9999.0 -9999.0 -9999.0 -9999.0 -9999.0 -9999.0 -9999.0 -9999.0 -9999.0 -9999.0 -9999.0
-9999.0 -9999.0 -9999.0 -9999.0 -9999.0 -9999.0 -9999.0 -9999.0 -9999.0 -9999.0 -9999.0 -9999.0 -9999.0 -9999.0 -9999.0 -9999.0 -9999.0 -9999.0 -9999.0 -9999.0 -9999.0 -9999.0 -9999.0 0.040355 0.043922 0.367568 0.241342 0.430047 0.088508 0.040141 0.040139 0.040187 -9999.0 -9999.0 -9999.0 -9999.0 -9999.0 -9999.0 -9999.0 -9999.0 -9999.0 -9999.0 -9999.0 -9999.0 -9999.0 -9999.0 -9999.0 -9999.0 -9999.0 -9999.0 -9999.0 -9999.0 -9999.0 -9999.0 -9999.0 -9999.0 -9999.0 -9999.0 -9999.0 -9999.0 -9999.0 -9999.0 -9999.0
-9999.0 -9999.0 -9999.0 -9999.0 -9999.0 -9999.0 -9999.0 -9999.0 -9999.0 -9999.0 -9999.0 -9999.0 -9999.0 -9999.0 -9999.0 -9999.0 -9999.0 -9999.0 0.398957 0.055651 -9999.0 0.040832 0.041710 0.518141 0.441277 0.072517 0.040911 0.040999 0.072872 0.056486 0.040164 0.040129 0.020163 0.020139 -9999.0 -9999.0 -9999.0 -9999.0 -9999.0 -9999.0 -9999.0 -9999.0 -9999.0 -9999.0 -9999.0 -9999.0 -9999.0 -9999.0 -9999.0 -9999.0 -9999.0 -9999.0 -9999.0 -9999.0 -9999.0 -9999.0 -9999.0 -9999.0 -9999.0 -9999.0 -9999.0 -9999.0 -9999.0
-9999.0 -9999.0 -9999.0 -9999.0 -9999.0 -9999.0 -9999.0 -9999.0 -9999.0 -9999.0 -9999.0 -9999.0 -9999.0 -9999.0 -9999.0 -9999.0 -9999.0 0.040100 0.040545 0.020631 0.020235 0.042316 0.052666 0.047045 0.060200 0.076636 0.085686 0.094293 0.041247 0.040972 0.202363 0.040144 0.020200 0.020147 0.020166 0.020103 -9999.0 -9999.0 -9999.0 -9999.0 -9999.0 -9999.0 -9999.0 -9999.0 -9999.0 -9999.0 -9999.0 -9999.0 -9999.0 -9999.0 -9999.0 -9999.0 -9999.0 -9999.0 -9999.0 -9999.0 -9999.0 -9999.0 -9999.0 -9999.0 -9999.0 -9999.0 -9999.0
-9999.0 -9999.0 -9999.0 -9999.0 -9999.0 -9999.0 -9999.0 -9999.0 -9999.0 -9999.0 -9999.0 -9999.0 -9999.0 0.042109 0.057361 0.040197 0.040084 0.020448 0.040056 0.149314 0.253807 0.470755 0.061423 0.059920 0.040484 0.040289 0.020183 0.040213 0.040210 0.045959 0.042549 0.040648 0.040202 0.040143 0.020085 0.020069 -9999.0 -9999.0 -9999.0 -9999.0 -9999.0 -9999.0 -9999.0 -9999.0 -9999.0 -9999.0 -9999.0 -9999.0 -9999.0 -9999.0 -9999.0 -9999.0 -9999.0 -9999.0 -9999.0 -9999.0 -9999.0 -9999.0 -9999.0 -9999.0 -9999.0 -9999.0 -9999.0
-9999.0 -9999.0 -9999.0 -9999.0 -9999.0 -9999.0 -9999.0 -9999.0 -9999.0 -9999.0 -9999.0 -9999.0 -9999.0 0.057643 0.394362 0.040201 0.040184 0.043244 0.020159 0.040281 0.040141 0.040336 0.040198 0.042051 0.043565 0.040584 0.040159 0.020193 0.020172 0.040198 0.040367 0.040138 0.020079 0.020060 0.020062 -9999.0 -9999.0 -9999.0 -9999.0 -9999.0 -9999.0 -9999.0 -9999.0 -9999.0 -9999.0 -9999.0 -9999.0 -9999.0 -9999.0 -9999.0 -9999.0 -9999.0 -9999.0 -9999.0 -9999.0 -9999.0 -9999.0 -9999.0 -9999.0 -9999.0 -9999.0 -9999.0 -9999.0
-9999.0 -9999.0 -9999.0 -9999.0 -9999.0 -9999.0 -9999.0 -9999.0 -9999.0 -9999.0 -9999.0 -9999.0 -9999.0 0.058141 0.084085 0.204659 0.040287 0.040102 0.020147 0.040049 0.046670 0.020268 0.249006 0.062233 0.066691 0.071244 0.020204 0.020175 0.040156 0.020112 0.040158 0.020066 0.020065 0.020055 0.020053 -9999.0 -9999.0 -9999.0 -9999.0 -9999.0 -9999.0 -9999.0 -9999.0 -9999.0 -9999.0 -9999.0 -9999.0 -9999.0 -9999.0 -9999.0 -9999.0 -9999.0 -9999.0 -9999.0 -9999.0 -9999.0 -9999.0 -9999.0 -9999.0 -9999.0 -9999.0 -9999.0 -9999.0
-9999.0 -9999.0 -9999.0 -9999.0 -9999.0 -9999.0 -9999.0 -9999.0 -9999.0 -9999.0 -9999.0 -9999.0 0.069852 0.195270 0.092241 0.040183 0.067392 0.040114 0.041518 0.020043 0.046693 0.040322 0.040898 0.040874 0.041640 0.040168 0.041075 0.040200 0.040148 0.020132 0.040142 0.020154 0.040117 0.020098 -9999.0 -9999.0 -9999.0 -9999.0 -9999.0 -9999.0 -9999.0 -9999.0 -9999.0 -9999.0 -9999.0 -9999.0 -9999.0 -9999.0 -9999.0 -9999.0 -9999.0 -9999.0 -9999.0 -9999.0 -9999.0 -9999.0 -9999.0 -9999.0 -9999.0 -9999.0 -9999.0 -9999.0 -9999.0
-9999.0 -9999.0 -9999.0 -9999.0 -9999.0 -9999.0 -9999.0 -9999.0 -9999.0 -9999.0 -9999.0 0.072327 0.043064 0.075286 0.040419 0.041230 0.020286 0.040128 0.041294 0.020040 0.040619 0.172786 0.040334 0.040184 0.040389 0.040188 0.040175 0.040193 0.040186 0.020089 0.020185 0.040138 0.020151 0.020091 0.020133 0.020107 0.040038 0.040032 0.040022 -9999.0 -9999.0 -9999.0 0.020113 -9999.0 -9999.0 -9999.0 -9999.0 -9999.0 -9999.0 -9999.0 -9999.0 -9999.0 -9999.0 -9999.0 -9999.0 -9999.0 -9999.0 -9999.0 -9999.0 -9999.0 -9999.0 -9999.0 -9999.0
-9999.0 -9999.0 -9999.0 -9999.0 -9999.0 -9999.0 -9999.0 -9999.0 -9999.0 -9999.0 -9999.0 0.041088 0.049322 0.050524 0.054699 0.043593 0.053469 0.040173 0.041257 0.041866 0.047358 0.091504 0.040692 0.040281 0.040251 0.040194 0.040206 0.040164 0.020204 0.020187 0.040159 0.040159 0.040136 0.040120 0.040094 0.040063 0.040020 0.040007 0.040007 0.020025 0.020038 0.020054 0.040090 0.020140 -9999.0 -9999.0 -9999.0 0.051305 0.075987 0.020732 0.134605 0.024879 0.022891 0.302745 0.312799 0.045999 -9999.0 -9999.0 -9999.0 -9999.0 -9999.0 -9999.0 -9999.0
-9999.0 -9999.0 -9999.0 -9999.0 -9999.0 -9999.0 -9999.0 -9999.0 -9999.0 -9999.0 -9999.0 0.041981 0.041567 0.040225 0.042268 0.040305 0.043990 0.040126 0.041391 0.041339 0.040189 0.056669 0.044461 0.040609 0.040204 0.020224 0.040789 0.040584 0.020197 0.040165 0.020176 0.040158 0.040152 0.040107 0.020102 0.040025 0.040010 0.040010 0.040008 0.020015 0.040017 0.040080 0.040104 0.040132 0.040130 -9999.0 0.020216 0.043562 0.102021 0.120234 0.101149 0.024698 0.361499 0.520000 0.520000 0.350678 -9999.0 -9999.0 -9999.0 -9999.0 -9999.0 -9999.0 -9999.0
-9999.0 -9999.0 -9999.0 -9999.0 -9999.0 -9999.0 -9999.0 -9999.0 -9999.0 -9999.0 -9999.0 -9999.0 0.060381 0.043075 0.131373 0.103011 0.043434 0.040153 0.041996 0.041419 0.040339 0.057761 0.097997 0.051966 0.040222 0.042418 0.121657 0.040190 0.040206 0.020224 0.040146 0.040156 0.040138 0.040111 0.040118 0.040035 0.040010 0.040012 0.040011 0.040004 0.040021 0.020089 0.040105 0.056574 0.020168 0.040319 0.020294 0.042605 0.040626 0.043123 0.043441 0.153910 0.091930 0.161884 0.045869 0.041357 0.223360 -9999.0 -9999.0 -9999.0 -9999.0 -9999.0 -9999.0
-9999.0 -9999.0 -9999.0 -9999.0 -9999.0 -9999.0 -9999.0 -9999.0 -9999.0 -9999.0 -9999.0 0.047889 0.040271 0.062735 0.061373 0.053480 0.049751 0.040108 0.042954 0.040181 0.040178 0.067976 0.057647 0.042920 0.042776 0.060794 0.042914 0.040184 0.040186 0.020182 0.040257 0.040253 0.044241 0.040114 0.040039 0.040060 0.040012 0.040015 0.040024 0.040005 0.040015 0.040020 0.040047 0.020119 0.190091 0.040340 0.042293 0.020222 0.021806 0.040128 0.020327 0.040269 0.040530 0.020259 0.020267 0.020236 0.032970 -9999.0 -9999.0 -9999.0 -9999.0 -9999.0 -9999.0
-9999.0 -9999.0 -9999.0 -9999.0 -9999.0 -9999.0 -9999.0 -9999.0 -9999.0 -9999.0 0.096583 0.151398 0.130218 0.040784 0.212449 0.052741 0.040605 0.049757 0.040098 0.040204 0.058147 0.045742 0.095790 0.156580 0.155793 0.044088 0.040229 0.020215 0.052241 0.054955 0.048849 0.040658 0.040170 0.040129 0.020050 0.020094 0.040026 0.040005 0.040025 0.040038 0.040060 0.020043 0.020051 0.040003 0.043573 0.020157 0.043080 0.040398 0.046954 0.044776 0.020422 0.020240 0.020236 0.020215 0.020229 0.371037 0.347554 -9999.0 -9999.0 -9999.0 -9999.0 -9999.0 -9999.0
-9999.0 -9999.0 -9999.0 -9999.0 -9999.0 -9999.0 -9999.0 -9999.0 -9999.0 0.040295 0.062545 0.101678 0.064381 0.088196 0.110250 0.044794 0.054845 0.128170 0.040300 0.040201 0.221158 0.086943 0.092602 0.088884 0.043768 0.040343 0.040167 0.067092 0.085108 0.065484 0.053649 0.040196 0.020112 0.020085 0.020112 0.020069 0.040081 0.040062 0.040059 0.040022 0.040011 0.040119 0.040102 0.040035 0.040032 0.053566 0.517783 0.040565 0.040414 0.051843 0.040567 0.021441 0.020208 0.020339 0.022171 0.088825 0.220636 0.198807 0.094457 -9999.0 -9999.0 -9999.0 -9999.0
-9999.0 -9999.0 -9999.0 -9999.0 -9999.0 -9999.0 -9999.0 -9999.0 -9999.0 0.040317 0.040310 0.040398 0.222337 0.075629 0.146985 0.141017 0.385184 0.056505 0.040235 0.416312 0.422127 0.419906 0.040570 0.056320 0.040738 0.041915 0.094387 0.203733 0.067232 0.041033 0.040285 0.040187 0.040179 0.040143 0.040158 0.020164 0.020169 0.020172 0.040106 0.040115 0.041018 0.040148 0.041278 0.040088 0.040129 0.040155 0.040174 0.063758 0.067993 0.040312 0.045580 0.043885 0.020839 0.040448 0.020273 0.048470 0.213251 0.179911 0.198014 -9999.0 -9999.0 -9999.0 -9999.0
-9999.0 -9999.0 -9999.0 -9999.0 -9999.0 -9999.0 -9999.0 -9999.0 -9999.0 -9999.0 0.040283 0.041137 0.049610 0.041619 0.057920 0.151067 0.106959 0.043364 0.040084 0.040899 0.285277 0.040454 0.078667 0.095942 0.042852 0.179078 0.067446 0.040452 0.041273 0.040298 0.040253 0.041740 0.040179 0.040184 0.040147 0.044709 0.042859 0.040348 0.020150 0.040144 0.040137 0.040515 0.040492 0.042234 0.040137 0.040025 0.040201 0.040341 0.040166 0.056136 0.055142 0.062491 0.033462 0.022408 0.041044 0.040299 0.053370 0.063167 0.195257 0.305902 -9999.0 -9999.0 -9999.0
-9999.0 -9999.0 -9999.0 -9999.0 -9999.0 -9999.0 -9999.0 -9999.0 -9999.0 -9999.0 0.040268 0.040379 0.052913 0.071966 0.088840 0.047025 0.046861 0.040429 0.421476 0.431484 0.040243 0.109009 0.362832 0.082166 0.149364 0.054677 0.040304 0.040770 0.041252 0.040186 0.040190 0.041070 0.020209 0.040181 0.040173 0.040218 0.040534 0.040151 0.040134 0.040173 0.040341 0.020365 0.042169 0.040233 0.057307 0.076418 0.054194 0.040136 0.040024 0.040162 0.060653 0.088758 0.139346 0.022471 0.021576 0.058002 0.040295 0.232186 0.040043 0.040198 -9999.0 -9999.0 -9999.0
-9999.0 -9999.0 -9999.0 -9999.0 -9999.0 -9999.0 -9999.0 -9999.0 0.092964 0.140555 0.042813 0.042740 0.076524 0.074007 0.061302 0.040339 0.040264 0.519296 0.411831 0.407630 0.384227 0.040360 0.040245 0.379023 0.112164 0.040228 0.050260 0.043695 0.041317 0.040186 0.020165 0.040187 0.040212 0.040190 0.040386 0.040182 0.043919 0.040226 0.040152 0.020215 0.020206 0.040228 0.020200 0.020196 0.020373 0.137083 0.040332 0.161486 0.040361 0.040210 0.088938 0.331939 0.162763 0.053585 0.106566 0.520000 0.198980 0.207030 0.101021 0.510305 -9999.0 -9999.0 -9999.0
-9999.0 -9999.0 -9999.0 -9999.0 -9999.0 -9999.0 -9999.0 -9999.0 0.033263 0.178563 0.040487 0.040228 0.040303 0.077815 0.150292 0.040443 0.040742 0.040559 0.519266 0.399120 0.414196 0.413863 0.369447 0.041398 0.040174 0.040872 0.040130 0.044134 0.020209 0.040425 0.040408 0.020214 0.040563 0.020281 0.045323 0.046531 0.043814 0.043974 0.040213 0.042520 0.040190 0.040182 0.020218 0.068186 0.050617 0.084140 0.020232 0.040303 0.042382 0.040106 0.040869 0.140981 0.132749 0.486140 0.087115 0.040337 0.294117 0.061803 0.040769 0.520000 0.467925 -9999.0 -9999.0
-9999.0 -9999.0 -9999.0 -9999.0 -9999.0 -9999.0 -9999.0 -9999.0 0.040233 0.075097 0.196343 0.041109 0.050046 0.020405 0.176954 0.079911 0.040154 0.041894 0.339798 0.431000 0.422892 0.399533 0.412302 0.424463 0.423584 0.040230 0.040399 0.041220 0.020177 0.040206 0.020220 0.047276 0.040189 0.040234 0.067569 0.131356 0.059628 0.047607 0.040513 0.040497 0.040489 0.020292 0.062199 0.040883 0.040521 0.040379 0.020910 0.132026 0.044886 0.041079 0.520000 0.101020 0.206185 0.070777 0.089028 0.099726 0.041130 0.245918 0.520000 0.520000 0.520000 -9999.0 -9999.0
-9999.0 -9999.0 -9999.0 -9999.0 -9999.0 -9999.0 -9999.0 -9999.0 0.020221 0.051117 0.095078 0.020248 0.208995 0.200295 0.259646 0.040222 0.285182 0.393672 0.040560 0.360557 0.410845 0.520000 0.520000 0.460773 0.136508 0.043916 0.085413 0.041015 0.074192 0.131554 0.040329 0.040648 0.147264 0.074563 0.040281 0.043172 0.042245 0.062226 0.049181 0.040275 0.055250 0.097621 0.089534 0.020261 0.082487 0.020990 0.287625 0.020745 0.171792 0.052006 0.042058 0.520000 0.099841 0.103800 0.041135 0.358505 0.520000 0.520000 0.520000 0.520000 0.520000 0.040123 -9999.0
-9999.0 -9999.0 -9999.0 -9999.0 -9999.0 -9999.0 -9999.0 -9999.0 0.040916 0.054469 0.151626 0.163639 0.236928 0.053545 0.080717 0.041152 0.040836 0.040323 0.040578 0.040438 0.404556 0.520000 0.520000 0.482704 0.490271 0.376584 0.049764 0.140709 0.282840 0.087711 0.057823 0.080076 0.062698 0.066511 0.040832 0.088074 0.066125 0.090794 0.056792 0.061650 0.042086 0.071995 0.080149 0.068081 0.040223 0.112837 0.053353 0.058483 0.180883 0.090100 0.041265 0.140235 0.520000 0.520000 0.520000 0.520000 0.520000 0.520000 0.520000 0.520000 0.070648 0.072789 -9999.0
-9999.0 -9999.0 0.040368 0.042763 0.062307 0.041040 0.163882 0.040602 0.042488 0.046267 0.061011 0.053191 0.054694 0.073089 0.519801 0.040303 0.040545 0.061888 0.069042 0.040665 0.040428 0.394532 0.520000 0.520000 0.445426 0.058333 0.106775 0.062937 0.040146 0.062553 0.331297 0.216155 0.124132 0.053778 0.080639 0.049872 0.098677 0.152954 0.075651 0.054499 0.049235 0.063026 0.062750 0.054926 0.152846 0.078069 0.080982 0.056229 0.040205 0.101924 0.520000 0.520000 0.508388 0.520000 0.520000 0.520000 0.520000 0.520000 0.100605 0.040150 0.104824 0.095319 -9999.0
-9999.0 0.089076 0.107256 0.169779 0.070456 0.167683 0.088068 0.041288 0.040862 0.040414 0.082598 0.150875 0.054559 0.346345 0.150439 0.100112 0.075546 0.045128 0.096729 0.041297 0.040410 0.446669 0.520000 0.520000 0.468013 0.153311 0.442124 0.443985 0.110326 0.045620 0.089276 0.083553 0.046202 0.519302 0.042703 0.491767 0.515009 0.519780 0.520000 0.129393 0.094702 0.049785 0.041068 0.057714 0.069100 0.041410 0.040850 0.417836 0.520000 0.520000 0.520000 0.520000 0.520000 0.520000 0.502248 0.123869 0.040391 0.040136 0.051242 0.073175 0.440541 0.340170 -9999.0
-9999.0 0.107388 0.062474 0.110628 0.296052 0.066465 0.095983 0.040288 0.040962 0.040646 0.059564 0.111779 0.054320 0.152841 0.044055 0.063695 0.041361 0.040624 0.097050 0.042936 0.102168 0.041185 0.495970 0.043106 0.520000 0.520000 0.513663 0.520000 0.520000 0.394218 0.363623 0.443802 0.460291 0.447751 0.493256 0.468796 0.520000 0.466160 0.520000 0.520000 0.520000 0.520000 0.520000 0.433234 0.378373 0.396664 0.463280 0.468172 0.520000 0.520000 0.520000 0.040168 0.040121 0.419452 0.040095 0.075346 0.075738 0.060137 0.163348 0.259598 0.300924 -9999.0 -9999.0
-9999.0 0.067354 0.040900 0.040480 0.041183 0.414392 0.281580 0.105913 0.126689 0.167244 0.209265 0.053584 0.064156 0.059551 0.208356 0.067891 0.041364 0.075799 0.048574 0.041422 0.100302 0.041434 0.042672 0.520000 0.520000 0.520000 0.520000 0.520000 0.520000 0.520000 0.415942 0.405462 0.416026 0.415469 0.439864 0.460894 0.473567 0.463821 0.520000 0.520000 0.520000 0.520000 0.520000 0.435991 0.426975 0.426557 0.428044 0.504972 0.247697 0.040055 0.040134 0.050338 0.053281 0.076373 0.047076 0.146901 0.174040 0.230498 0.254167 -9999.0 -9999.0 -9999.0 -9999.0
