user2019/resources/simulation/Vinschgau/output-maps/thetaliqL0005N1024.asc
ncols         63
nrows         48
xllcorner     598000.000000
yllcorner     5145000.000000
cellsize      1000.000000
NODATA_value  -9999.0
[rows 0 to 28 of 48, columns 0 to 62 of 63]
-9999.0 -9999.0 -9999.0 -9999.0 -9999.0 -9999.0 -9999.0 -9999.0 -9999.0 -9999.0 -9999.0 -9999.0 -9999.0 -9999.0 -9999.0 -9999.0 -9999.0 -9999.0 -9999.0 -9999.0 -9999.0 -9999.0 -9999.0 -9999.0 -9999.0 -9999.0 -9999.0 -9999.0 -9999.0 -9999.0 -9999.0 -9999.0 -9999.0 -9999.0 -9999.0 -9999.0 -9999.0 -9999.0 -9999.0 -9999.0 -9999.0 -9999.0 -9999.0 -9999.0 -9999.0 -9999.0 -9999.0 -9999.0 -9999.0 -9999.0 -9999.0 -9999.0 -9999.0 -9999.0 -9999.0 -9999.0 -9999.0 -9999.0 -9999.0 -9999.0 -9999.0 -9999.0 -9999.0
-9999.0 -9999.0 -9999.0 -9999.0 -9999.0 -9999.0 -9999.0 -9999.0 -9999.0 -9999.0 -9999.0 -9999.0 -9999.0 -9999.0 -9999.0 -9999.0 -9999.0 -9999.0 -9999.0 -9999.0 -9999.0 -9999.0 -9999.0 -9999.0 -9999.0 -9999.0 -9999.0 0.020069 0.040068 0.020067 0.040019 0.020041 0.020050 -9999.0 -9999.0 -9999.0 -9999.0 -9999.0 -9999.0 -9999.0 -9999.0 -9999.0 -9999.0 -9999.0 -9999.0 -9999.0 -9999.0 -9999.0 -9999.0 -9999.0 -9999.0 -9999.0 -9999.0 -9999.0 -9999.0 -9999.0 -9999.0 -9999.0 -9999.0 -9999.0 -9999.0 -9999.0 -9999.0
-9999.0 -9999.0 -9999.0 -9999.0 -9999.0 -9999.0 -9999.0 -9999.0 -9999.0 -9999.0 -9999.0 -9999.0 -9999.0 -9999.0 -9999.0 -9999.0 -9999.0 -9999.0 -9999.0 -9999.0 -9999.0 -9999.0 -9999.0 -9999.0 0.040067 0.040055 0.040061 0.040069 0.040075 0.040045 0.040017 -9999.0 -9999.0 -9999.0 -9999.0 -9999.0 -9999.0 -9999.0 -9999.0 -9999.0 -9999.0 -9999.0 -9999.0 -9999.0 -9999.0 -9999.0 -9999.0 -9999.0 -9999.0 -9999.0 -9999.0 -9999.0 -9999.0 -9999.0 -9999.0 -9999.0 -9999.0 -9999.0 -9999.0 -9999.0 -9999.0 -9999.0 -9999.0
-9999.0 -9999.0 -9999.0 -9999.0 -9999.0 -9999.0 -9999.0 -9999.0 -9999.0 -9999.0 -9999.0 -9999.0 -9999.0 -9999.0 -9999.0 -9999.0 -9999.0 -9999.0 -9999.0 -9999.0 -9999.0 -9999.0 -9999.0 0.040070 0.040090 0.206518 0.188178 0.075381 0.329078 0.040064 0.040039 0.040015 -9999.0 -9999.0 -9999.0 -9999.0 -9999.0 -9999.0 -9999.0 -9999.0 -9999.0 -9999.0 -9999.0 -9999.0 -9999.0 -9999.0 -9999.0 -9999.0 -9999.0 -9999.0 -9999.0 -9999.0 -9999.0 -9999.0 -9999.0 -9999.0 -9999.0 -9999.0 -9999.0 -9999.0 -9999.0 -9999.0 -9999.0
-9999.0 -9999.0 -9999.0 -9999.0 -9999.0 -9999.0 -9999.0 -9999.0 -9999.0 -9999.0 -9999.0 -9999.0 -9999.0 -9999.0 -9999.0 -9999.0 -9999.0 -9999.0 0.372667 0.040714 -9999.0 0.040072 0.040343 0.160977 0.240318 0.077458 0.347849 0.383137 0.427339 0.102353 0.040117 0.040033 0.020053 0.020042 -9999.0 -9999.0 -9999.0 -9999.0 -9999.0 -9999.0 -9999.0 -9999.0 -9999.0 -9999.0 -9999.0 -9999.0 -9999.0 -9999.0 -9999.0 -9999.0 -9999.0 -9999.0 -9999.0 -9999.0 -9999.0 -9999.0 -9999.0 -9999.0 -9999.0 -9999.0 -9999.0 -9999.0 -9999.0
-9999.0 -9999.0 -9999.0 -9999.0 -9999.0 -9999.0 -9999.0 -9999.0 -9999.0 -9999.0 -9999.0 -9999.0 -9999.0 -9999.0 -9999.0 -9999.0 -9999.0 0.109056 0.134460 0.020971 0.022592 0.047323 0.105580 0.193397 0.341742 0.277523 0.040693 0.073715 0.044834 0.328769 0.040463 0.040060 0.020079 0.020056 0.020048 0.020039 -9999.0 -9999.0 -9999.0 -9999.0 -9999.0 -9999.0 -9999.0 -9999.0 -9999.0 -9999.0 -9999.0 -9999.0 -9999.0 -9999.0 -9999.0 -9999.0 -9999.0 -9999.0 -9999.0 -9999.0 -9999.0 -9999.0 -9999.0 -9999.0 -9999.0 -9999.0 -9999.0
-9999.0 -9999.0 -9999.0 -9999.0 -9999.0 -9999.0 -9999.0 -9999.0 -9999.0 -9999.0 -9999.0 -9999.0 -9999.0 0.050730 0.302711 0.162352 0.099032 0.022910 0.113779 0.106777 0.231109 0.294494 0.244790 0.358946 0.233098 0.040896 0.020110 0.040024 0.040152 0.060016 0.040058 0.040069 0.040107 0.040024 0.020046 0.020038 -9999.0 -9999.0 -9999.0 -9999.0 -9999.0 -9999.0 -9999.0 -9999.0 -9999.0 -9999.0 -9999.0 -9999.0 -9999.0 -9999.0 -9999.0 -9999.0 -9999.0 -9999.0 -9999.0 -9999.0 -9999.0 -9999.0 -9999.0 -9999.0 -9999.0 -9999.0 -9999.0
-9999.0 -9999.0 -9999.0 -9999.0 -9999.0 -9999.0 -9999.0 -9999.0 -9999.0 -9999.0 -9999.0 -9999.0 -9999.0 0.195966 0.217460 0.145712 0.110518 0.265474 0.022905 0.153482 0.087400 0.220635 0.242917 0.327087 0.081705 0.040259 0.040079 0.020063 0.020064 0.040135 0.040021 0.040049 0.020056 0.020019 0.020035 -9999.0 -9999.0 -9999.0 -9999.0 -9999.0 -9999.0 -9999.0 -9999.0 -9999.0 -9999.0 -9999.0 -9999.0 -9999.0 -9999.0 -9999.0 -9999.0 -9999.0 -9999.0 -9999.0 -9999.0 -9999.0 -9999.0 -9999.0 -9999.0 -9999.0 -9999.0 -9999.0 -9999.0
-9999.0 -9999.0 -9999.0 -9999.0 -9999.0 -9999.0 -9999.0 -9999.0 -9999.0 -9999.0 -9999.0 -9999.0 -9999.0 0.188493 0.430000 0.174629 0.141464 0.121578 0.022888 0.107469 0.289855 0.024802 0.131261 0.054496 0.288785 0.091289 0.020119 0.020058 0.040015 0.020023 0.040025 0.020018 0.020017 0.020013 0.020034 -9999.0 -9999.0 -9999.0 -9999.0 -9999.0 -9999.0 -9999.0 -9999.0 -9999.0 -9999.0 -9999.0 -9999.0 -9999.0 -9999.0 -9999.0 -9999.0 -9999.0 -9999.0 -9999.0 -9999.0 -9999.0 -9999.0 -9999.0 -9999.0 -9999.0 -9999.0 -9999.0 -9999.0
-9999.0 -9999.0 -9999.0 -9999.0 -9999.0 -9999.0 -9999.0 -9999.0 -9999.0 -9999.0 -9999.0 -9999.0 0.166770 0.430000 0.208767 0.334786 0.216773 0.161830 0.243897 0.020813 0.271413 0.062388 0.021120 0.042125 0.040051 0.040077 0.040022 0.040036 0.040030 0.020040 0.040004 0.020052 0.040013 0.020035 -9999.0 -9999.0 -9999.0 -9999.0 -9999.0 -9999.0 -9999.0 -9999.0 -9999.0 -9999.0 -9999.0 -9999.0 -9999.0 -9999.0 -9999.0 -9999.0 -9999.0 -9999.0 -9999.0 -9999.0 -9999.0 -9999.0 -9999.0 -9999.0 -9999.0 -9999.0 -9999.0 -9999.0 -9999.0
-9999.0 -9999.0 -9999.0 -9999.0 -9999.0 -9999.0 -9999.0 -9999.0 -9999.0 -9999.0 -9999.0 0.043008 0.315671 0.430000 0.229675 0.430000 0.020782 0.166932 0.336805 0.078358 0.108653 0.375083 0.040080 0.040108 0.040052 0.040033 0.040032 0.040024 0.040032 0.020039 0.020052 0.040035 0.020046 0.020044 0.020037 0.020050 0.040036 0.040066 0.020057 -9999.0 -9999.0 -9999.0 0.020045 -9999.0 -9999.0 -9999.0 -9999.0 -9999.0 -9999.0 -9999.0 -9999.0 -9999.0 -9999.0 -9999.0 -9999.0 -9999.0 -9999.0 -9999.0 -9999.0 -9999.0 -9999.0 -9999.0 -9999.0
-9999.0 -9999.0 -9999.0 -9999.0 -9999.0 -9999.0 -9999.0 -9999.0 -9999.0 -9999.0 -9999.0 0.043495 0.270805 0.188607 0.159521 0.090800 0.096678 0.116446 0.263233 0.282981 0.351146 0.114918 0.040078 0.040039 0.040017 0.040054 0.040054 0.040036 0.020071 0.020043 0.040023 0.040051 0.040029 0.040012 0.040020 0.040026 0.040048 0.040074 0.040076 0.020047 0.020048 0.020046 0.040021 0.020056 -9999.0 -9999.0 -9999.0 0.040014 0.040011 0.020038 0.040012 0.020039 0.020036 0.040009 0.040009 0.020036 -9999.0 -9999.0 -9999.0 -9999.0 -9999.0 -9999.0 -9999.0
-9999.0 -9999.0 -9999.0 -9999.0 -9999.0 -9999.0 -9999.0 -9999.0 -9999.0 -9999.0 -9999.0 0.041938 0.050445 0.041065 0.374314 0.413708 0.358427 0.156666 0.239322 0.258298 0.251370 0.162982 0.040132 0.040067 0.040065 0.020088 0.040025 0.040019 0.020073 0.040011 0.020064 0.040015 0.040036 0.040013 0.020041 0.040041 0.040024 0.040033 0.040694 0.020066 0.040029 0.020072 0.040038 0.040054 0.040012 -9999.0 0.020038 0.040012 0.040020 0.040058 0.020110 0.020076 0.020114 0.040036 0.020044 0.040013 -9999.0 -9999.0 -9999.0 -9999.0 -9999.0 -9999.0 -9999.0
-9999.0 -9999.0 -9999.0 -9999.0 -9999.0 -9999.0 -9999.0 -9999.0 -9999.0 -9999.0 -9999.0 -9999.0 0.040232 0.040273 0.179252 0.211133 0.252936 0.153947 0.283832 0.272007 0.206268 0.169158 0.040176 0.040030 0.040029 0.040087 0.040201 0.020154 0.040019 0.020056 0.040053 0.040017 0.020150 0.040017 0.040014 0.040027 0.040019 0.040036 0.231827 0.020099 0.040057 0.020169 0.040023 0.040069 0.020062 0.040012 0.020044 0.040013 0.040014 0.040024 0.041294 0.040018 0.040018 0.040014 0.040011 0.040018 0.040015 -9999.0 -9999.0 -9999.0 -9999.0 -9999.0 -9999.0
-9999.0 -9999.0 -9999.0 -9999.0 -9999.0 -9999.0 -9999.0 -9999.0 -9999.0 -9999.0 -9999.0 0.040038 0.040176 0.020902 0.040098 0.087160 0.345891 0.202251 0.282836 0.180416 0.170698 0.315865 0.041881 0.040092 0.040106 0.040037 0.040040 0.040034 0.040035 0.020071 0.040033 0.040027 0.040073 0.040017 0.040011 0.040022 0.040072 0.040092 0.084275 0.055260 0.040111 0.042288 0.040088 0.020087 0.040097 0.040043 0.040028 0.020081 0.020172 0.021647 0.020046 0.040041 0.040009 0.020025 0.020021 0.020018 0.020046 -9999.0 -9999.0 -9999.0 -9999.0 -9999.0 -9999.0
-9999.0 -9999.0 -9999.0 -9999.0 -9999.0 -9999.0 -9999.0 -9999.0 -9999.0 -9999.0 0.040262 0.040031 0.040280 0.040652 0.060587 0.040530 0.040453 0.273175 0.151745 0.185267 0.319479 0.393008 0.040321 0.046829 0.042882 0.040046 0.040047 0.020033 0.020114 0.040068 0.040040 0.040036 0.040192 0.040017 0.020036 0.020066 0.040070 0.040022 0.040062 0.294328 0.249730 0.035059 0.142956 0.346995 0.041288 0.020106 0.040098 0.040025 0.040042 0.063133 0.020028 0.020043 0.020020 0.020017 0.020018 0.040018 0.040018 -9999.0 -9999.0 -9999.0 -9999.0 -9999.0 -9999.0
-9999.0 -9999.0 -9999.0 -9999.0 -9999.0 -9999.0 -9999.0 -9999.0 -9999.0 0.040069 0.040092 0.040033 0.040054 0.040123 0.040083 0.041623 0.041446 0.395576 0.142970 0.159591 0.299790 0.185224 0.150646 0.282341 0.226666 0.040064 0.040026 0.040148 0.040038 0.040509 0.236430 0.020094 0.020071 0.020020 0.020049 0.020063 0.040044 0.040018 0.040128 0.040173 0.040290 0.040720 0.040453 0.196777 0.292783 0.042655 0.049475 0.040133 0.040139 0.277643 0.020090 0.020049 0.020015 0.020030 0.020038 0.040009 0.040011 0.020059 0.020041 -9999.0 -9999.0 -9999.0 -9999.0
-9999.0 -9999.0 -9999.0 -9999.0 -9999.0 -9999.0 -9999.0 -9999.0 -9999.0 0.020056 0.040071 0.040083 0.093426 0.069673 0.041099 0.040126 0.052260 0.322101 0.134314 0.236491 0.260327 0.195706 0.400327 0.091268 0.040106 0.040066 0.040137 0.047794 0.331080 0.094422 0.046716 0.040037 0.040026 0.040013 0.040020 0.020066 0.020076 0.020124 0.040071 0.040077 0.040032 0.040049 0.040361 0.359484 0.261822 0.333932 0.374849 0.218015 0.079394 0.273440 0.020052 0.040008 0.020029 0.040012 0.020039 0.040007 0.040012 0.040016 0.020085 -9999.0 -9999.0 -9999.0 -9999.0
-9999.0 -9999.0 -9999.0 -9999.0 -9999.0 -9999.0 -9999.0 -9999.0 -9999.0 -9999.0 0.040046 0.040140 0.040147 0.040275 0.140481 0.041558 0.067412 0.348852 0.126417 0.206516 0.282086 0.112193 0.247041 0.040852 0.040101 0.043834 0.259299 0.430000 0.054578 0.040055 0.040041 0.040021 0.040014 0.040016 0.040038 0.040075 0.040089 0.040092 0.020078 0.040023 0.040048 0.040097 0.055073 0.043233 0.215088 0.297104 0.214868 0.364206 0.332675 0.213600 0.020084 0.020037 0.020036 0.020030 0.040011 0.040013 0.040034 0.040047 0.040061 0.048383 -9999.0 -9999.0 -9999.0
-9999.0 -9999.0 -9999.0 -9999.0 -9999.0 -9999.0 -9999.0 -9999.0 -9999.0 -9999.0 0.040019 0.040103 0.040094 0.040288 0.430000 0.232418 0.258072 0.176271 0.150119 0.114158 0.124396 0.159904 0.162510 0.040837 0.043738 0.340488 0.430000 0.154634 0.040079 0.040016 0.040052 0.040053 0.020032 0.040013 0.040060 0.040101 0.040050 0.040037 0.040044 0.040031 0.040026 0.020141 0.040023 0.040069 0.042988 0.020578 0.065421 0.215538 0.182618 0.404954 0.072611 0.040041 0.040012 0.020040 0.020026 0.020031 0.040016 0.040174 0.430000 0.430000 -9999.0 -9999.0 -9999.0
-9999.0 -9999.0 -9999.0 -9999.0 -9999.0 -9999.0 -9999.0 -9999.0 0.040111 0.040049 0.020070 0.040041 0.040022 0.040126 0.047578 0.292874 0.137992 0.183674 0.177586 0.094582 0.099613 0.117373 0.132985 0.165586 0.283742 0.379239 0.414348 0.040172 0.040065 0.040016 0.020021 0.040023 0.040023 0.040020 0.040028 0.040081 0.048459 0.040192 0.040026 0.020065 0.020078 0.040096 0.020045 0.020074 0.020195 0.040370 0.040030 0.040144 0.213453 0.411788 0.139093 0.020238 0.040011 0.040007 0.020034 0.020042 0.020066 0.041761 0.300932 0.312358 -9999.0 -9999.0 -9999.0
-9999.0 -9999.0 -9999.0 -9999.0 -9999.0 -9999.0 -9999.0 -9999.0 0.020048 0.040019 0.040023 0.040034 0.040083 0.040033 0.040139 0.299494 0.171347 0.153068 0.079805 0.093830 0.242288 0.205067 0.202331 0.178887 0.131848 0.217622 0.339890 0.040165 0.020032 0.040017 0.040014 0.020060 0.040029 0.020061 0.040038 0.040069 0.061149 0.040553 0.040048 0.040066 0.040053 0.020025 0.020083 0.040059 0.040140 0.040076 0.020038 0.040123 0.040546 0.311277 0.428435 0.041044 0.040011 0.040018 0.020123 0.020061 0.040106 0.055682 0.410589 0.314777 0.112165 -9999.0 -9999.0
-9999.0 -9999.0 -9999.0 -9999.0 -9999.0 -9999.0 -9999.0 -9999.0 0.040060 0.040075 0.040026 0.040016 0.040041 0.020048 0.040122 0.040184 0.214341 0.208406 0.098705 0.229319 0.092130 0.169622 0.183285 0.120440 0.229099 0.164057 0.320874 0.040084 0.020028 0.040040 0.020087 0.040088 0.040041 0.020105 0.040087 0.045749 0.046104 0.430000 0.063991 0.040025 0.040103 0.020099 0.040058 0.040068 0.040076 0.040078 0.020065 0.040067 0.040034 0.286029 0.319586 0.191950 0.040016 0.040012 0.040058 0.040166 0.424890 0.403730 0.267456 0.332076 0.262541 -9999.0 -9999.0
-9999.0 -9999.0 -9999.0 -9999.0 -9999.0 -9999.0 -9999.0 -9999.0 0.020046 0.040159 0.040048 0.020030 0.040105 0.040067 0.020585 0.284995 0.094759 0.107953 0.261085 0.101931 0.102432 0.110820 0.178253 0.142542 0.152755 0.238908 0.051943 0.040039 0.040197 0.040027 0.040103 0.040188 0.024246 0.040252 0.020524 0.052079 0.430000 0.164757 0.361322 0.041984 0.040109 0.040077 0.040072 0.020192 0.040083 0.020104 0.020101 0.020084 0.040082 0.040143 0.311844 0.342687 0.266621 0.040103 0.211617 0.430000 0.347093 0.275616 0.206441 0.267623 0.272375 0.233536 -9999.0
-9999.0 -9999.0 -9999.0 -9999.0 -9999.0 -9999.0 -9999.0 -9999.0 0.040015 0.040048 0.040030 0.040057 0.040541 0.041764 0.100975 0.381674 0.378169 0.173645 0.215847 0.152226 0.127990 0.137479 0.112614 0.108494 0.245065 0.229337 0.040104 0.043236 0.107983 0.040283 0.040697 0.148038 0.430000 0.423619 0.235628 0.381835 0.262150 0.138077 0.106158 0.412383 0.265715 0.026902 0.040649 0.023459 0.040118 0.040991 0.040202 0.040065 0.040491 0.217923 0.399133 0.215607 0.300255 0.348790 0.430000 0.430000 0.390684 0.315274 0.297105 0.258481 0.176649 0.241492 -9999.0
-9999.0 -9999.0 0.020128 0.040124 0.040015 0.040054 0.040019 0.040027 0.040017 0.040025 0.040037 0.040217 0.042859 0.041631 0.430000 0.414192 0.222712 0.040086 0.040161 0.283944 0.151578 0.158267 0.277328 0.093022 0.129404 0.157366 0.235148 0.263049 0.255568 0.425766 0.268956 0.273045 0.392585 0.189481 0.296170 0.152990 0.190920 0.111342 0.087476 0.113058 0.233852 0.303178 0.191319 0.353720 0.260297 0.221398 0.417839 0.309789 0.324930 0.307259 0.227856 0.246306 0.343370 0.372624 0.425005 0.415783 0.368582 0.311748 0.317195 0.212507 0.337381 0.253429 -9999.0
-9999.0 0.040122 0.040022 0.040108 0.040063 0.040113 0.040027 0.040021 0.040013 0.040022 0.040034 0.040158 0.080886 0.079280 0.423645 0.040842 0.040095 0.040039 0.040083 0.289836 0.155033 0.158054 0.403131 0.214362 0.148848 0.135740 0.203068 0.235308 0.217363 0.294770 0.203754 0.228022 0.271545 0.281674 0.158572 0.175796 0.101794 0.082486 0.175451 0.194182 0.141873 0.163302 0.195963 0.143437 0.148378 0.143853 0.260459 0.132159 0.165579 0.190762 0.269675 0.319077 0.370415 0.399690 0.414986 0.430000 0.375129 0.353681 0.430000 0.427904 0.338157 0.256777 -9999.0
-9999.0 0.040247 0.040087 0.040338 0.053163 0.040163 0.040027 0.040016 0.040025 0.020048 0.040025 0.040085 0.281491 0.430000 0.041335 0.040016 0.040023 0.040032 0.040170 0.061506 0.430000 0.288951 0.230894 0.380700 0.326175 0.233061 0.089188 0.098315 0.204597 0.112678 0.089509 0.096653 0.236193 0.229193 0.243759 0.175922 0.223435 0.201846 0.137376 0.119332 0.139231 0.167885 0.121315 0.109502 0.084847 0.085848 0.172253 0.206073 0.221977 0.247406 0.284389 0.273779 0.335781 0.410470 0.421352 0.065648 0.042604 0.048934 0.055190 0.043133 0.071469 -9999.0 -9999.0
-9999.0 0.020147 0.040059 0.040546 0.420758 0.055831 0.049747 0.040052 0.040038 0.040042 0.040122 0.096979 0.430000 0.072167 0.040061 0.040012 0.040017 0.040057 0.040054 0.041096 0.042601 0.106782 0.202495 0.356282 0.349030 0.267217 0.259087 0.251466 0.110180 0.195682 0.089775 0.086628 0.212765 0.210240 0.180719 0.151088 0.149512 0.196170 0.138190 0.133249 0.135830 0.213532 0.158866 0.084309 0.084382 0.187811 0.194811 0.235381 0.265743 0.199393 0.310059 0.087009 0.080540 0.041499 0.041493 0.040081 0.040077 0.040052 0.040059 -9999.0 -9999.0 -9999.0 -9999.0
