user2019/resources/simulation/Vinschgau/output-maps/thetaliqL0005N0453.asc
ncols         63
nrows         48
xllcorner     598000.000000
yllcorner     5145000.000000
cellsize      1000.000000
NODATA_value  -9999.0
[rows 0 to 28 of 48, columns 0 to 62 of 63]
-9999.0 -9999.0 -9999.0 -9999.0 -9999.0 -9999.0 -9999.0 -9999.0 -9999.0 -9999.0 -9999.0 -9999.0 -9999.0 -9999.0 -9999.0 -9999.0 -9999.0 -9999.0 -9999.0 -9999.0 -9999.0 -9999.0 -9999.0 -9999.0 -9999.0 -9999.0 -9999.0 -9999.0 -9999.0 -9999.0 -9999.0 -9999.0 -9999.0 -9999.0 -9999.0 -9999.0 -9999.0 -9999.0 -9999.0 -9999.0 -9999.0 -9999.0 -9999.0 -9999.0 -9999.0 -9999.0 -9999.0 -9999.0 -9999.0 -9999.0 -9999.0 -9999.0 -9999.0 -9999.0 -9999.0 -9999.0 -9999.0 -9999.0 -9999.0 -9999.0 -9999.0 -9999.0 -9999.0
-9999.0 -9999.0 -9999.0 -9999.0 -9999.0 -9999.0 -9999.0 -9999.0 -9999.0 -9999.0 -9999.0 -9999.0 -9999.0 -9999.0 -9999.0 -9999.0 -9999.0 -9999.0 -9999.0 -9999.0 -9999.0 -9999.0 -9999.0 -9999.0 -9999.0 -9999.0 -9999.0 0.038733 0.430000 0.039411 0.430000 0.147336 0.200000 -9999.0 -9999.0 -9999.0 -9999.0 -9999.0 -9999.0 -9999.0 -9999.0 -9999.0 -9999.0 -9999.0 -9999.0 -9999.0 -9999.0 -9999.0 -9999.0 -9999.0 -9999.0 -9999.0 -9999.0 -9999.0 -9999.0 -9999.0 -9999.0 -9999.0 -9999.0 -9999.0 -9999.0 -9999.0 -9999.0
-9999.0 -9999.0 -9999.0 -9999.0 -9999.0 -9999.0 -9999.0 -9999.0 -9999.0 -9999.0 -9999.0 -9999.0 -9999.0 -9999.0 -9999.0 -9999.0 -9999.0 -9999.0 -9999.0 -9999.0 -9999.0 -9999.0 -9999.0 -9999.0 0.372967 0.350225 0.381423 0.430000 0.430000 0.430000 0.430000 -9999.0 -9999.0 -9999.0 -9999.0 -9999.0 -9999.0 -9999.0 -9999.0 -9999.0 -9999.0 -9999.0 -9999.0 -9999.0 -9999.0 -9999.0 -9999.0 -9999.0 -9999.0 -9999.0 -9999.0 -9999.0 -9999.0 -9999.0 -9999.0 -9999.0 -9999.0 -9999.0 -9999.0 -9999.0 -9999.0 -9999.0 -9999.0
-9999.0 -9999.0 -9999.0 -9999.0 -9999.0 -9999.0 -9999.0 -9999.0 -9999.0 -9999.0 -9999.0 -9999.0 -9999.0 -9999.0 -9999.0 -9999.0 -9999.0 -9999.0 -9999.0 -9999.0 -9999.0 -9999.0 -9999.0 0.338953 0.420059 0.171156 0.153065 0.111885 0.430000 0.425394 0.430000 0.430000 -9999.0 -9999.0 -9999.0 -9999.0 -9999.0 -9999.0 -9999.0 -9999.0 -9999.0 -9999.0 -9999.0 -9999.0 -9999.0 -9999.0 -9999.0 -9999.0 -9999.0 -9999.0 -9999.0 -9999.0 -9999.0 -9999.0 -9999.0 -9999.0 -9999.0 -9999.0 -9999.0 -9999.0 -9999.0 -9999.0 -9999.0
-9999.0 -9999.0 -9999.0 -9999.0 -9999.0 -9999.0 -9999.0 -9999.0 -9999.0 -9999.0 -9999.0 -9999.0 -9999.0 -9999.0 -9999.0 -9999.0 -9999.0 -9999.0 0.367005 0.378888 -9999.0 0.407053 0.430000 0.134602 0.206206 0.111772 0.335466 0.404920 0.338206 0.197559 0.430000 0.430000 0.039148 0.039510 -9999.0 -9999.0 -9999.0 -9999.0 -9999.0 -9999.0 -9999.0 -9999.0 -9999.0 -9999.0 -9999.0 -9999.0 -9999.0 -9999.0 -9999.0 -9999.0 -9999.0 -9999.0 -9999.0 -9999.0 -9999.0 -9999.0 -9999.0 -9999.0 -9999.0 -9999.0 -9999.0 -9999.0 -9999.0
-9999.0 -9999.0 -9999.0 -9999.0 -9999.0 -9999.0 -9999.0 -9999.0 -9999.0 -9999.0 -9999.0 -9999.0 -9999.0 -9999.0 -9999.0 -9999.0 -9999.0 0.211094 0.239851 0.020000 0.036487 0.274542 0.228678 0.138161 0.313240 0.330909 0.324360 0.430000 0.374810 0.430000 0.430000 0.430000 0.038179 0.038486 0.038958 0.039428 -9999.0 -9999.0 -9999.0 -9999.0 -9999.0 -9999.0 -9999.0 -9999.0 -9999.0 -9999.0 -9999.0 -9999.0 -9999.0 -9999.0 -9999.0 -9999.0 -9999.0 -9999.0 -9999.0 -9999.0 -9999.0 -9999.0 -9999.0 -9999.0 -9999.0 -9999.0 -9999.0
-9999.0 -9999.0 -9999.0 -9999.0 -9999.0 -9999.0 -9999.0 -9999.0 -9999.0 -9999.0 -9999.0 -9999.0 -9999.0 0.430000 0.337990 0.285498 0.260848 0.046893 0.217547 0.153456 0.237998 0.215496 0.131270 0.317720 0.316345 0.430000 0.020004 0.430000 0.430000 0.430000 0.430000 0.430000 0.430000 0.430000 0.039649 0.039778 -9999.0 -9999.0 -9999.0 -9999.0 -9999.0 -9999.0 -9999.0 -9999.0 -9999.0 -9999.0 -9999.0 -9999.0 -9999.0 -9999.0 -9999.0 -9999.0 -9999.0 -9999.0 -9999.0 -9999.0 -9999.0 -9999.0 -9999.0 -9999.0 -9999.0 -9999.0 -9999.0
-9999.0 -9999.0 -9999.0 -9999.0 -9999.0 -9999.0 -9999.0 -9999.0 -9999.0 -9999.0 -9999.0 -9999.0 -9999.0 0.430000 0.289030 0.259416 0.251905 0.384411 0.041738 0.161166 0.145237 0.404805 0.320479 0.352239 0.322480 0.372531 0.430000 0.039047 0.039772 0.430000 0.430000 0.430000 0.039914 0.020089 0.039929 -9999.0 -9999.0 -9999.0 -9999.0 -9999.0 -9999.0 -9999.0 -9999.0 -9999.0 -9999.0 -9999.0 -9999.0 -9999.0 -9999.0 -9999.0 -9999.0 -9999.0 -9999.0 -9999.0 -9999.0 -9999.0 -9999.0 -9999.0 -9999.0 -9999.0 -9999.0 -9999.0 -9999.0
-9999.0 -9999.0 -9999.0 -9999.0 -9999.0 -9999.0 -9999.0 -9999.0 -9999.0 -9999.0 -9999.0 -9999.0 -9999.0 0.249234 0.430000 0.249389 0.285647 0.256503 0.042637 0.232750 0.430000 0.020100 0.430000 0.304438 0.282765 0.430000 0.038839 0.039515 0.430000 0.039569 0.430000 0.020502 0.020224 0.022699 0.020073 -9999.0 -9999.0 -9999.0 -9999.0 -9999.0 -9999.0 -9999.0 -9999.0 -9999.0 -9999.0 -9999.0 -9999.0 -9999.0 -9999.0 -9999.0 -9999.0 -9999.0 -9999.0 -9999.0 -9999.0 -9999.0 -9999.0 -9999.0 -9999.0 -9999.0 -9999.0 -9999.0 -9999.0
-9999.0 -9999.0 -9999.0 -9999.0 -9999.0 -9999.0 -9999.0 -9999.0 -9999.0 -9999.0 -9999.0 -9999.0 0.210625 0.430000 0.340416 0.428923 0.335682 0.313946 0.361750 0.020000 0.278658 0.279026 0.075946 0.326074 0.430000 0.430000 0.430000 0.430000 0.430000 0.039850 0.040117 0.039859 0.430000 0.039917 -9999.0 -9999.0 -9999.0 -9999.0 -9999.0 -9999.0 -9999.0 -9999.0 -9999.0 -9999.0 -9999.0 -9999.0 -9999.0 -9999.0 -9999.0 -9999.0 -9999.0 -9999.0 -9999.0 -9999.0 -9999.0 -9999.0 -9999.0 -9999.0 -9999.0 -9999.0 -9999.0 -9999.0 -9999.0
-9999.0 -9999.0 -9999.0 -9999.0 -9999.0 -9999.0 -9999.0 -9999.0 -9999.0 -9999.0 -9999.0 0.430000 0.430000 0.430000 0.326626 0.430000 0.020001 0.342508 0.405548 0.020001 0.385521 0.430000 0.430000 0.430000 0.430000 0.430000 0.430000 0.430000 0.430000 0.039918 0.039972 0.430000 0.039917 0.039776 0.039297 0.038825 0.141042 0.107911 0.077260 -9999.0 -9999.0 -9999.0 0.037553 -9999.0 -9999.0 -9999.0 -9999.0 -9999.0 -9999.0 -9999.0 -9999.0 -9999.0 -9999.0 -9999.0 -9999.0 -9999.0 -9999.0 -9999.0 -9999.0 -9999.0 -9999.0 -9999.0 -9999.0
-9999.0 -9999.0 -9999.0 -9999.0 -9999.0 -9999.0 -9999.0 -9999.0 -9999.0 -9999.0 -9999.0 0.430000 0.430000 0.430000 0.430000 0.430000 0.430000 0.246840 0.388435 0.324053 0.430000 0.430000 0.430000 0.430000 0.430000 0.430000 0.430000 0.430000 0.039911 0.039766 0.430000 0.430000 0.430000 0.430000 0.364022 0.379431 0.230268 0.066469 0.066364 0.023761 0.029256 0.036997 0.430000 0.038503 -9999.0 -9999.0 -9999.0 0.430000 0.430000 0.039889 0.430000 0.039892 0.039977 0.421436 0.430000 0.040019 -9999.0 -9999.0 -9999.0 -9999.0 -9999.0 -9999.0 -9999.0
-9999.0 -9999.0 -9999.0 -9999.0 -9999.0 -9999.0 -9999.0 -9999.0 -9999.0 -9999.0 -9999.0 0.430000 0.430000 0.430000 0.430000 0.430000 0.430000 0.430000 0.406527 0.335436 0.348306 0.430000 0.430000 0.430000 0.430000 0.038598 0.430000 0.430000 0.038933 0.430000 0.039594 0.430000 0.430000 0.430000 0.038162 0.324150 0.147746 0.054596 0.058092 0.022328 0.093097 0.121373 0.391555 0.430000 0.430000 -9999.0 0.039821 0.430000 0.430000 0.430000 0.198619 0.040078 0.199418 0.430000 0.200000 0.430000 -9999.0 -9999.0 -9999.0 -9999.0 -9999.0 -9999.0 -9999.0
-9999.0 -9999.0 -9999.0 -9999.0 -9999.0 -9999.0 -9999.0 -9999.0 -9999.0 -9999.0 -9999.0 -9999.0 0.430000 0.430000 0.430000 0.430000 0.406697 0.422492 0.430000 0.342574 0.354993 0.430000 0.430000 0.430000 0.430000 0.430000 0.430000 0.178958 0.430000 0.039610 0.430000 0.430000 0.164695 0.430000 0.430000 0.362642 0.086440 0.074266 0.067809 0.065011 0.124367 0.026154 0.336097 0.423828 0.035915 0.430000 0.039881 0.430000 0.430000 0.430000 0.430000 0.430000 0.430000 0.430000 0.430000 0.430000 0.430000 -9999.0 -9999.0 -9999.0 -9999.0 -9999.0 -9999.0
-9999.0 -9999.0 -9999.0 -9999.0 -9999.0 -9999.0 -9999.0 -9999.0 -9999.0 -9999.0 -9999.0 0.430000 0.430000 0.175432 0.430000 0.430000 0.430000 0.430000 0.430000 0.291736 0.345221 0.399757 0.430000 0.430000 0.430000 0.430000 0.430000 0.430000 0.430000 0.039137 0.430000 0.430000 0.430000 0.430000 0.430000 0.430000 0.165828 0.062890 0.086726 0.066044 0.062251 0.083366 0.351862 0.020288 0.430000 0.430000 0.430000 0.037786 0.037811 0.081188 0.020011 0.430000 0.430000 0.020159 0.024911 0.028103 0.040022 -9999.0 -9999.0 -9999.0 -9999.0 -9999.0 -9999.0
-9999.0 -9999.0 -9999.0 -9999.0 -9999.0 -9999.0 -9999.0 -9999.0 -9999.0 -9999.0 0.430000 0.430000 0.430000 0.430000 0.430000 0.430000 0.430000 0.306457 0.294755 0.277237 0.350049 0.315008 0.390863 0.430000 0.363479 0.430000 0.430000 0.020110 0.190240 0.430000 0.430000 0.430000 0.430000 0.430000 0.039916 0.039671 0.341849 0.187639 0.268693 0.260117 0.282036 0.020340 0.051634 0.310195 0.358909 0.037284 0.430000 0.430000 0.430000 0.430000 0.020113 0.039581 0.027966 0.027051 0.020386 0.430000 0.430000 -9999.0 -9999.0 -9999.0 -9999.0 -9999.0 -9999.0
-9999.0 -9999.0 -9999.0 -9999.0 -9999.0 -9999.0 -9999.0 -9999.0 -9999.0 0.430000 0.430000 0.430000 0.430000 0.430000 0.376958 0.430000 0.419080 0.430000 0.301524 0.249293 0.319253 0.232895 0.339398 0.275503 0.323308 0.430000 0.350199 0.430000 0.430000 0.421248 0.430000 0.123724 0.039698 0.039859 0.039461 0.039214 0.430000 0.289552 0.207240 0.404196 0.415777 0.323443 0.264374 0.265061 0.274459 0.243582 0.430000 0.182835 0.213557 0.430000 0.095386 0.039365 0.028094 0.039940 0.039983 0.430000 0.430000 0.066730 0.039780 -9999.0 -9999.0 -9999.0 -9999.0
-9999.0 -9999.0 -9999.0 -9999.0 -9999.0 -9999.0 -9999.0 -9999.0 -9999.0 0.193253 0.430000 0.430000 0.430000 0.403226 0.371043 0.374117 0.430000 0.425653 0.254316 0.231078 0.247526 0.212295 0.351246 0.430000 0.430000 0.310219 0.360118 0.390341 0.430000 0.430000 0.430000 0.430000 0.430000 0.430000 0.430000 0.035369 0.035324 0.036970 0.389731 0.430000 0.359116 0.298032 0.232924 0.367015 0.291320 0.270749 0.239864 0.137736 0.156645 0.430000 0.128907 0.430000 0.039916 0.430000 0.039967 0.430000 0.430000 0.430000 0.058809 -9999.0 -9999.0 -9999.0 -9999.0
-9999.0 -9999.0 -9999.0 -9999.0 -9999.0 -9999.0 -9999.0 -9999.0 -9999.0 -9999.0 0.430000 0.430000 0.430000 0.430000 0.304187 0.392631 0.391652 0.294548 0.234013 0.236799 0.288360 0.367563 0.377813 0.430000 0.311041 0.330423 0.278931 0.430000 0.430000 0.430000 0.430000 0.430000 0.430000 0.430000 0.430000 0.430000 0.327564 0.404613 0.037898 0.430000 0.430000 0.430000 0.430000 0.430000 0.430000 0.378211 0.411478 0.364900 0.245422 0.430000 0.127769 0.097103 0.039507 0.039584 0.411224 0.430000 0.430000 0.430000 0.430000 0.274638 -9999.0 -9999.0 -9999.0
-9999.0 -9999.0 -9999.0 -9999.0 -9999.0 -9999.0 -9999.0 -9999.0 -9999.0 -9999.0 0.430000 0.430000 0.430000 0.430000 0.430000 0.320019 0.283379 0.271555 0.224895 0.211218 0.225982 0.255206 0.282815 0.266876 0.287174 0.264678 0.430000 0.430000 0.430000 0.430000 0.430000 0.430000 0.020095 0.430000 0.430000 0.430000 0.430000 0.430000 0.430000 0.430000 0.430000 0.046474 0.430000 0.430000 0.430000 0.104828 0.430000 0.430000 0.429219 0.430000 0.430000 0.430000 0.430000 0.039617 0.040004 0.039868 0.430000 0.430000 0.430000 0.430000 -9999.0 -9999.0 -9999.0
-9999.0 -9999.0 -9999.0 -9999.0 -9999.0 -9999.0 -9999.0 -9999.0 0.430000 0.430000 0.178610 0.430000 0.430000 0.430000 0.430000 0.430000 0.227074 0.199490 0.181556 0.205106 0.193476 0.218412 0.252321 0.228851 0.228671 0.361534 0.430000 0.430000 0.430000 0.430000 0.039341 0.430000 0.430000 0.430000 0.430000 0.430000 0.430000 0.430000 0.430000 0.038937 0.039239 0.430000 0.020013 0.039510 0.039130 0.430000 0.430000 0.430000 0.430000 0.430000 0.430000 0.134171 0.430000 0.430000 0.039360 0.199970 0.069503 0.430000 0.430000 0.430000 -9999.0 -9999.0 -9999.0
-9999.0 -9999.0 -9999.0 -9999.0 -9999.0 -9999.0 -9999.0 -9999.0 0.157387 0.430000 0.430000 0.430000 0.430000 0.430000 0.411814 0.412465 0.331792 0.262070 0.150114 0.195247 0.267724 0.235373 0.295819 0.237258 0.189351 0.348411 0.430000 0.430000 0.020018 0.430000 0.430000 0.038476 0.430000 0.038888 0.430000 0.430000 0.430000 0.430000 0.430000 0.430000 0.430000 0.020207 0.039928 0.430000 0.430000 0.430000 0.020099 0.430000 0.430000 0.421427 0.430000 0.430000 0.430000 0.430000 0.198766 0.020118 0.430000 0.430000 0.288134 0.324305 0.196155 -9999.0 -9999.0
-9999.0 -9999.0 -9999.0 -9999.0 -9999.0 -9999.0 -9999.0 -9999.0 0.430000 0.430000 0.430000 0.430000 0.430000 0.020010 0.430000 0.430000 0.252104 0.201018 0.157593 0.270815 0.203106 0.223337 0.234989 0.215287 0.269863 0.288037 0.379241 0.430000 0.020121 0.430000 0.038519 0.430000 0.430000 0.094510 0.430000 0.430000 0.430000 0.430000 0.430000 0.430000 0.430000 0.039578 0.430000 0.430000 0.430000 0.430000 0.038824 0.430000 0.414960 0.430000 0.386889 0.430000 0.430000 0.430000 0.430000 0.430000 0.430000 0.422804 0.275477 0.310040 0.262262 -9999.0 -9999.0
-9999.0 -9999.0 -9999.0 -9999.0 -9999.0 -9999.0 -9999.0 -9999.0 0.039533 0.430000 0.430000 0.020008 0.430000 0.430000 0.133988 0.394333 0.152740 0.220410 0.294236 0.192579 0.201978 0.207037 0.217643 0.224243 0.255539 0.326997 0.342442 0.430000 0.430000 0.430000 0.430000 0.430000 0.087381 0.430000 0.094573 0.430000 0.430000 0.430000 0.430000 0.430000 0.430000 0.430000 0.430000 0.038171 0.430000 0.038725 0.188752 0.038649 0.430000 0.381504 0.360013 0.430000 0.430000 0.430000 0.430000 0.430000 0.430000 0.430000 0.294270 0.286088 0.313673 0.332453 -9999.0
-9999.0 -9999.0 -9999.0 -9999.0 -9999.0 -9999.0 -9999.0 -9999.0 0.430000 0.430000 0.430000 0.430000 0.430000 0.430000 0.430000 0.329199 0.430000 0.353500 0.391171 0.317112 0.235511 0.196168 0.193695 0.205412 0.203191 0.265534 0.270020 0.298385 0.286187 0.430000 0.430000 0.430000 0.430000 0.430000 0.430000 0.430000 0.379391 0.430000 0.430000 0.430000 0.430000 0.086851 0.430000 0.066394 0.430000 0.430000 0.430000 0.430000 0.317334 0.182011 0.140310 0.202617 0.318414 0.252854 0.430000 0.430000 0.399612 0.356103 0.345647 0.316264 0.325165 0.352179 -9999.0
-9999.0 -9999.0 0.179726 0.430000 0.430000 0.363984 0.430000 0.430000 0.430000 0.430000 0.430000 0.430000 0.430000 0.430000 0.430000 0.430000 0.430000 0.406396 0.352096 0.407024 0.282932 0.288748 0.353818 0.166551 0.207300 0.208067 0.253818 0.257908 0.293217 0.348456 0.293345 0.407104 0.430000 0.420417 0.365710 0.349967 0.275043 0.377052 0.430000 0.430000 0.430000 0.430000 0.430000 0.341392 0.430000 0.401466 0.342209 0.379161 0.210951 0.232002 0.189275 0.261372 0.394604 0.405113 0.415430 0.415371 0.430000 0.388945 0.384574 0.365826 0.430000 0.398764 -9999.0
-9999.0 0.318216 0.430000 0.430000 0.346053 0.430000 0.430000 0.430000 0.430000 0.430000 0.430000 0.430000 0.430000 0.430000 0.430000 0.430000 0.430000 0.430000 0.347450 0.333432 0.231103 0.310286 0.430000 0.320938 0.211636 0.174807 0.224212 0.236253 0.250623 0.308512 0.183279 0.222728 0.430000 0.387358 0.256156 0.245750 0.223020 0.245778 0.361955 0.336637 0.226508 0.306993 0.401349 0.278475 0.247848 0.243539 0.292148 0.236026 0.234025 0.287362 0.318765 0.391220 0.430000 0.430000 0.430000 0.430000 0.430000 0.430000 0.430000 0.430000 0.430000 0.430000 -9999.0
-9999.0 0.430000 0.430000 0.430000 0.312062 0.430000 0.430000 0.430000 0.430000 0.180449 0.430000 0.430000 0.430000 0.430000 0.430000 0.430000 0.430000 0.387508 0.430000 0.430000 0.430000 0.366169 0.318358 0.430000 0.337387 0.260639 0.142286 0.157797 0.260452 0.181970 0.142470 0.152527 0.353989 0.341640 0.341693 0.319126 0.298663 0.274165 0.303462 0.215449 0.274330 0.309338 0.306737 0.196238 0.141187 0.128862 0.271342 0.326570 0.330137 0.394328 0.383394 0.387786 0.402289 0.430000 0.430000 0.430000 0.430000 0.430000 0.430000 0.359335 0.381738 -9999.0 -9999.0
-9999.0 0.187168 0.430000 0.430000 0.430000 0.430000 0.359934 0.430000 0.430000 0.430000 0.430000 0.430000 0.430000 0.430000 0.430000 0.430000 0.430000 0.430000 0.430000 0.430000 0.317265 0.343520 0.256924 0.407417 0.430000 0.384154 0.430000 0.430000 0.197270 0.313261 0.179030 0.171183 0.309178 0.330486 0.408517 0.266876 0.415420 0.295812 0.282795 0.257940 0.230283 0.328480 0.284846 0.167662 0.161046 0.428243 0.336846 0.408374 0.425488 0.430000 0.430000 0.430000 0.430000 0.430000 0.430000 0.430000 0.430000 0.430000 0.354018 -9999.0 -9999.0 -9999.0 -9999.0
