user2019/resources/simulation/Vinschgau/output-maps/thetaliqL0004N0055.asc
ncols         63
nrows         48
xllcorner     598000.000000
yllcorner     5145000.000000
cellsize      1000.000000
NODATA_value  -9999.0
[rows 0 to 28 of 48, columns 0 to 62 of 63]
-9999.0 -9999.0 -9999.0 -9999.0 -9999.0 -9999.0 -9999.0 -9999.0 -9999.0 -9999.0 -9999.0 -9999.0 -9999.0 -9999.0 -9999.0 -9999.0 -9999.0 -9999.0 -9999.0 -9999.0 -9999.0 -9999.0 -9999.0 -9999.0 -9999.0 -9999.0 -9999.0 -9999.0 -9999.0 -9999.0 -9999.0 -9999.0 -9999.0 -9999.0 -9999.0 -9999.0 -9999.0 -9999.0 -9999.0 -9999.0 -9999.0 -9999.0 -9999.0 -9999.0 -9999.0 -9999.0 -9999.0 -9999.0 -9999.0 -9999.0 -9999.0 -9999.0 -9999.0 -9999.0 -9999.0 -9999.0 -9999.0 -9999.0 -9999.0 -9999.0 -9999.0 -9999.0 -9999.0
-9999.0 -9999.0 -9999.0 -9999.0 -9999.0 -9999.0 -9999.0 -9999.0 -9999.0 -9999.0 -9999.0 -9999.0 -9999.0 -9999.0 -9999.0 -9999.0 -9999.0 -9999.0 -9999.0 -9999.0 -9999.0 -9999.0 -9999.0 -9999.0 -9999.0 -9999.0 -9999.0 0.020109 0.040051 0.020073 0.040083 0.040096 0.040094 -9999.0 -9999.0 -9999.0 -9999.0 -9999.0 -9999.0 -9999.0 -9999.0 -9999.0 -9999.0 -9999.0 -9999.0 -9999.0 -9999.0 -9999.0 -9999.0 -9999.0 -9999.0 -9999.0 -9999.0 -9999.0 -9999.0 -9999.0 -9999.0 -9999.0 -9999.0 -9999.0 -9999.0 -9999.0 -9999.0
-9999.0 -9999.0 -9999.0 -9999.0 -9999.0 -9999.0 -9999.0 -9999.0 -9999.0 -9999.0 -9999.0 -9999.0 -9999.0 -9999.0 -9999.0 -9999.0 -9999.0 -9999.0 -9999.0 -9999.0 -9999.0 -9999.0 -9999.0 -9999.0 0.042239 0.040143 0.040034 0.040020 0.040033 0.040044 0.040087 -9999.0 -9999.0 -9999.0 -9999.0 -9999.0 -9999.0 -9999.0 -9999.0 -9999.0 -9999.0 -9999.0 -9999.0 -9999.0 -9999.0 -9999.0 -9999.0 -9999.0 -9999.0 -9999.0 -9999.0 -9999.0 -9999.0 -9999.0 -9999.0 -9999.0 -9999.0 -9999.0 -9999.0 -9999.0 -9999.0 -9999.0 -9999.0
-9999.0 -9999.0 -9999.0 -9999.0 -9999.0 -9999.0 -9999.0 -9999.0 -9999.0 -9999.0 -9999.0 -9999.0 -9999.0 -9999.0 -9999.0 -9999.0 -9999.0 -9999.0 -9999.0 -9999.0 -9999.0 -9999.0 -9999.0 0.040220 0.040156 0.285476 0.316133 0.339937 0.040477 0.040016 0.040035 0.040141 -9999.0 -9999.0 -9999.0 -9999.0 -9999.0 -9999.0 -9999.0 -9999.0 -9999.0 -9999.0 -9999.0 -9999.0 -9999.0 -9999.0 -9999.0 -9999.0 -9999.0 -9999.0 -9999.0 -9999.0 -9999.0 -9999.0 -9999.0 -9999.0 -9999.0 -9999.0 -9999.0 -9999.0 -9999.0 -9999.0 -9999.0
-9999.0 -9999.0 -9999.0 -9999.0 -9999.0 -9999.0 -9999.0 -9999.0 -9999.0 -9999.0 -9999.0 -9999.0 -9999.0 -9999.0 -9999.0 -9999.0 -9999.0 -9999.0 0.296252 0.320179 -9999.0 0.040946 0.040661 0.444659 0.310641 0.421322 0.040148 0.040209 0.436006 0.040216 0.040020 0.040038 0.020059 0.020057 -9999.0 -9999.0 -9999.0 -9999.0 -9999.0 -9999.0 -9999.0 -9999.0 -9999.0 -9999.0 -9999.0 -9999.0 -9999.0 -9999.0 -9999.0 -9999.0 -9999.0 -9999.0 -9999.0 -9999.0 -9999.0 -9999.0 -9999.0 -9999.0 -9999.0 -9999.0 -9999.0 -9999.0 -9999.0
-9999.0 -9999.0 -9999.0 -9999.0 -9999.0 -9999.0 -9999.0 -9999.0 -9999.0 -9999.0 -9999.0 -9999.0 -9999.0 -9999.0 -9999.0 -9999.0 -9999.0 0.262710 0.241050 0.020004 0.021234 0.040144 0.042916 0.180567 0.347388 0.040052 0.040185 0.042242 0.040116 0.040166 0.040073 0.040020 0.020047 0.020061 0.020123 0.020113 -9999.0 -9999.0 -9999.0 -9999.0 -9999.0 -9999.0 -9999.0 -9999.0 -9999.0 -9999.0 -9999.0 -9999.0 -9999.0 -9999.0 -9999.0 -9999.0 -9999.0 -9999.0 -9999.0 -9999.0 -9999.0 -9999.0 -9999.0 -9999.0 -9999.0 -9999.0 -9999.0
-9999.0 -9999.0 -9999.0 -9999.0 -9999.0 -9999.0 -9999.0 -9999.0 -9999.0 -9999.0 -9999.0 -9999.0 -9999.0 0.040538 0.160366 0.132048 0.275080 0.059319 0.269738 0.266726 0.300895 0.342246 0.303317 0.350873 0.044346 0.040090 0.020109 0.040175 0.040111 0.042015 0.040877 0.040092 0.040109 0.040066 0.020109 0.020106 -9999.0 -9999.0 -9999.0 -9999.0 -9999.0 -9999.0 -9999.0 -9999.0 -9999.0 -9999.0 -9999.0 -9999.0 -9999.0 -9999.0 -9999.0 -9999.0 -9999.0 -9999.0 -9999.0 -9999.0 -9999.0 -9999.0 -9999.0 -9999.0 -9999.0 -9999.0 -9999.0
-9999.0 -9999.0 -9999.0 -9999.0 -9999.0 -9999.0 -9999.0 -9999.0 -9999.0 -9999.0 -9999.0 -9999.0 -9999.0 0.221150 0.320433 0.148340 0.142528 0.382403 0.059683 0.283281 0.291270 0.099603 0.180149 0.058461 0.040630 0.040132 0.040052 0.020119 0.020120 0.040092 0.040610 0.040077 0.020108 0.020077 0.020083 -9999.0 -9999.0 -9999.0 -9999.0 -9999.0 -9999.0 -9999.0 -9999.0 -9999.0 -9999.0 -9999.0 -9999.0 -9999.0 -9999.0 -9999.0 -9999.0 -9999.0 -9999.0 -9999.0 -9999.0 -9999.0 -9999.0 -9999.0 -9999.0 -9999.0 -9999.0 -9999.0 -9999.0
-9999.0 -9999.0 -9999.0 -9999.0 -9999.0 -9999.0 -9999.0 -9999.0 -9999.0 -9999.0 -9999.0 -9999.0 -9999.0 0.221729 0.285804 0.327513 0.088074 0.179624 0.060910 0.306047 0.289211 0.020170 0.054082 0.040826 0.044271 0.136168 0.020098 0.020125 0.040044 0.020122 0.040090 0.020090 0.020091 0.020077 0.020071 -9999.0 -9999.0 -9999.0 -9999.0 -9999.0 -9999.0 -9999.0 -9999.0 -9999.0 -9999.0 -9999.0 -9999.0 -9999.0 -9999.0 -9999.0 -9999.0 -9999.0 -9999.0 -9999.0 -9999.0 -9999.0 -9999.0 -9999.0 -9999.0 -9999.0 -9999.0 -9999.0 -9999.0
-9999.0 -9999.0 -9999.0 -9999.0 -9999.0 -9999.0 -9999.0 -9999.0 -9999.0 -9999.0 -9999.0 -9999.0 0.287217 0.261323 0.290753 0.040107 0.059757 0.124163 0.397247 0.027731 0.104952 0.040196 0.040194 0.041376 0.040137 0.040095 0.042488 0.040355 0.040066 0.020121 0.040083 0.020071 0.040034 0.020129 -9999.0 -9999.0 -9999.0 -9999.0 -9999.0 -9999.0 -9999.0 -9999.0 -9999.0 -9999.0 -9999.0 -9999.0 -9999.0 -9999.0 -9999.0 -9999.0 -9999.0 -9999.0 -9999.0 -9999.0 -9999.0 -9999.0 -9999.0 -9999.0 -9999.0 -9999.0 -9999.0 -9999.0 -9999.0
-9999.0 -9999.0 -9999.0 -9999.0 -9999.0 -9999.0 -9999.0 -9999.0 -9999.0 -9999.0 -9999.0 0.042988 0.048595 0.208480 0.040150 0.040233 0.020142 0.091236 0.382700 0.028940 0.064241 0.190419 0.040759 0.040197 0.040103 0.040167 0.040106 0.040166 0.040136 0.020113 0.020115 0.040033 0.020094 0.020081 0.020054 0.020046 0.040009 0.040012 0.042972 -9999.0 -9999.0 -9999.0 0.020064 -9999.0 -9999.0 -9999.0 -9999.0 -9999.0 -9999.0 -9999.0 -9999.0 -9999.0 -9999.0 -9999.0 -9999.0 -9999.0 -9999.0 -9999.0 -9999.0 -9999.0 -9999.0 -9999.0 -9999.0
-9999.0 -9999.0 -9999.0 -9999.0 -9999.0 -9999.0 -9999.0 -9999.0 -9999.0 -9999.0 -9999.0 0.041066 0.041715 0.287364 0.227049 0.040254 0.158520 0.137669 0.378106 0.356069 0.267054 0.514975 0.040595 0.040631 0.040377 0.040174 0.040111 0.040079 0.020135 0.020139 0.040050 0.040027 0.040022 0.040048 0.040024 0.040012 0.079154 0.070969 0.075838 0.020022 0.020023 0.020033 0.040014 0.020092 -9999.0 -9999.0 -9999.0 0.128692 0.130368 0.023452 0.167615 0.032406 0.033176 0.357911 0.368767 0.031978 -9999.0 -9999.0 -9999.0 -9999.0 -9999.0 -9999.0 -9999.0
-9999.0 -9999.0 -9999.0 -9999.0 -9999.0 -9999.0 -9999.0 -9999.0 -9999.0 -9999.0 -9999.0 0.040377 0.040284 0.040054 0.044886 0.040183 0.086589 0.073031 0.347320 0.365330 0.113486 0.268150 0.193281 0.045356 0.040123 0.020164 0.040522 0.040180 0.020189 0.040135 0.020134 0.040038 0.040067 0.040030 0.020052 0.040669 0.045505 0.054008 0.146470 0.020099 0.054176 0.040010 0.040019 0.040022 0.040125 -9999.0 0.021033 0.091604 0.153659 0.301783 0.387105 0.022702 0.515605 0.520000 0.520000 0.408106 -9999.0 -9999.0 -9999.0 -9999.0 -9999.0 -9999.0 -9999.0
-9999.0 -9999.0 -9999.0 -9999.0 -9999.0 -9999.0 -9999.0 -9999.0 -9999.0 -9999.0 -9999.0 -9999.0 0.040276 0.045064 0.285181 0.205039 0.040790 0.057752 0.366538 0.380265 0.106578 0.237257 0.369692 0.157209 0.040118 0.049129 0.434336 0.040150 0.040134 0.020150 0.040079 0.040020 0.040035 0.040032 0.040048 0.040015 0.040114 0.046090 0.211217 0.082658 0.054152 0.020035 0.040125 0.040225 0.020113 0.040474 0.022355 0.082541 0.044045 0.040038 0.040164 0.089931 0.054242 0.096252 0.042802 0.041948 0.195115 -9999.0 -9999.0 -9999.0 -9999.0 -9999.0 -9999.0
-9999.0 -9999.0 -9999.0 -9999.0 -9999.0 -9999.0 -9999.0 -9999.0 -9999.0 -9999.0 -9999.0 0.141627 0.040340 0.040119 0.190669 0.195129 0.134117 0.057863 0.380442 0.315337 0.176914 0.186467 0.198162 0.136625 0.146825 0.210604 0.040418 0.040140 0.040138 0.020106 0.040038 0.040039 0.097648 0.040041 0.040041 0.040016 0.040016 0.040248 0.056129 0.151587 0.044777 0.065393 0.114175 0.020000 0.127756 0.040865 0.061780 0.020313 0.021629 0.040033 0.020221 0.040212 0.040409 0.020228 0.020257 0.020222 0.034690 -9999.0 -9999.0 -9999.0 -9999.0 -9999.0 -9999.0
-9999.0 -9999.0 -9999.0 -9999.0 -9999.0 -9999.0 -9999.0 -9999.0 -9999.0 -9999.0 0.043567 0.189594 0.277105 0.040394 0.304225 0.151502 0.041195 0.041126 0.274789 0.301150 0.372146 0.271530 0.239823 0.400755 0.240551 0.040696 0.040120 0.020188 0.482872 0.451457 0.040431 0.040101 0.040116 0.040066 0.020065 0.020042 0.040009 0.040106 0.052886 0.086573 0.134398 0.022951 0.024492 0.213249 0.058761 0.020074 0.074563 0.040047 0.040248 0.058407 0.023156 0.020221 0.020219 0.020213 0.020235 0.389505 0.381002 -9999.0 -9999.0 -9999.0 -9999.0 -9999.0 -9999.0
-9999.0 -9999.0 -9999.0 -9999.0 -9999.0 -9999.0 -9999.0 -9999.0 -9999.0 0.040285 0.041738 0.041435 0.175094 0.190160 0.281439 0.040300 0.040200 0.342295 0.291830 0.300575 0.361187 0.057494 0.099767 0.203723 0.042921 0.040119 0.040492 0.491750 0.228768 0.083508 0.203221 0.040086 0.020117 0.020117 0.020083 0.020063 0.040038 0.040017 0.040023 0.040024 0.054058 0.040044 0.040031 0.214961 0.246132 0.057266 0.391240 0.040034 0.040035 0.320237 0.040232 0.032551 0.020198 0.023139 0.031005 0.080952 0.216156 0.085766 0.038980 -9999.0 -9999.0 -9999.0 -9999.0
-9999.0 -9999.0 -9999.0 -9999.0 -9999.0 -9999.0 -9999.0 -9999.0 -9999.0 0.040173 0.040427 0.040138 0.332619 0.184051 0.204228 0.207344 0.358347 0.145414 0.290171 0.348390 0.355146 0.363486 0.190643 0.298176 0.040134 0.093792 0.115237 0.148459 0.301743 0.040358 0.040104 0.040035 0.040115 0.040086 0.040029 0.020051 0.020047 0.020049 0.040052 0.040048 0.040577 0.040076 0.040323 0.104580 0.374115 0.396940 0.431679 0.496243 0.295155 0.195931 0.041506 0.045262 0.029069 0.047368 0.020241 0.070910 0.133217 0.166729 0.059399 -9999.0 -9999.0 -9999.0 -9999.0
-9999.0 -9999.0 -9999.0 -9999.0 -9999.0 -9999.0 -9999.0 -9999.0 -9999.0 -9999.0 0.040278 0.040124 0.073980 0.161167 0.194921 0.214569 0.228272 0.293845 0.278787 0.345407 0.363189 0.274301 0.250923 0.353224 0.087388 0.118712 0.276031 0.336253 0.040174 0.040199 0.040109 0.040499 0.040090 0.040110 0.040052 0.089264 0.040659 0.040153 0.020073 0.040087 0.040082 0.040164 0.040400 0.040188 0.040044 0.042371 0.363038 0.359579 0.520000 0.405824 0.040052 0.048635 0.034146 0.030025 0.041899 0.040293 0.045150 0.251551 0.494598 0.360047 -9999.0 -9999.0 -9999.0
-9999.0 -9999.0 -9999.0 -9999.0 -9999.0 -9999.0 -9999.0 -9999.0 -9999.0 -9999.0 0.040285 0.040187 0.040908 0.226062 0.360665 0.179130 0.096274 0.289572 0.274630 0.340515 0.288207 0.116302 0.180918 0.186100 0.174082 0.283530 0.326239 0.073248 0.040118 0.040096 0.040113 0.041172 0.020123 0.040102 0.040099 0.040084 0.040056 0.040021 0.040036 0.040134 0.040544 0.020164 0.041267 0.040110 0.041570 0.057508 0.046457 0.040050 0.520000 0.520000 0.350624 0.054970 0.094233 0.035408 0.031712 0.038033 0.040251 0.206469 0.520000 0.520000 -9999.0 -9999.0 -9999.0
-9999.0 -9999.0 -9999.0 -9999.0 -9999.0 -9999.0 -9999.0 -9999.0 0.265180 0.217910 0.040184 0.041176 0.040237 0.040163 0.149911 0.334017 0.322708 0.352138 0.331847 0.320673 0.278437 0.277755 0.288436 0.126828 0.196857 0.310149 0.334146 0.040459 0.041178 0.040135 0.020151 0.040112 0.040238 0.040431 0.040582 0.040095 0.042911 0.040033 0.040083 0.020155 0.020257 0.040122 0.020140 0.020148 0.020397 0.169128 0.040130 0.152622 0.308343 0.455947 0.501100 0.040032 0.105526 0.076391 0.039021 0.520000 0.097421 0.399720 0.516487 0.501689 -9999.0 -9999.0 -9999.0
-9999.0 -9999.0 -9999.0 -9999.0 -9999.0 -9999.0 -9999.0 -9999.0 0.020168 0.219943 0.040198 0.040240 0.040477 0.185617 0.194623 0.143848 0.267090 0.306631 0.272957 0.335868 0.337539 0.321718 0.351360 0.367509 0.262747 0.290722 0.263149 0.040222 0.020146 0.045170 0.041720 0.020128 0.042300 0.020292 0.063926 0.077750 0.040381 0.040258 0.040052 0.070416 0.040117 0.020133 0.020151 0.155559 0.041742 0.081636 0.020191 0.040169 0.040421 0.405420 0.520000 0.040159 0.097154 0.494026 0.112009 0.020052 0.040246 0.507004 0.520000 0.452822 0.388338 -9999.0 -9999.0
-9999.0 -9999.0 -9999.0 -9999.0 -9999.0 -9999.0 -9999.0 -9999.0 0.040220 0.040233 0.248931 0.040221 0.046718 0.020192 0.276921 0.154494 0.171888 0.340090 0.277167 0.354985 0.341905 0.323294 0.322797 0.313382 0.343459 0.291674 0.298680 0.040157 0.020095 0.040106 0.020137 0.101611 0.040082 0.040059 0.150942 0.349661 0.040449 0.103341 0.040101 0.042534 0.043593 0.020482 0.184605 0.040758 0.040595 0.040274 0.024511 0.302980 0.043457 0.499012 0.454310 0.519990 0.040026 0.040027 0.510602 0.519908 0.520000 0.520000 0.520000 0.398524 0.393780 -9999.0 -9999.0
-9999.0 -9999.0 -9999.0 -9999.0 -9999.0 -9999.0 -9999.0 -9999.0 0.020200 0.040239 0.336516 0.020185 0.290687 0.295758 0.368565 0.262606 0.285475 0.324150 0.380854 0.285572 0.323070 0.404364 0.428361 0.359960 0.337977 0.256795 0.274832 0.050171 0.374157 0.293002 0.040063 0.040048 0.140123 0.040534 0.040150 0.072218 0.040495 0.364285 0.040021 0.040110 0.119739 0.204700 0.251103 0.020194 0.196151 0.029712 0.505627 0.023901 0.352006 0.040033 0.416762 0.520000 0.520000 0.429816 0.520000 0.520000 0.520000 0.520000 0.502839 0.506133 0.418140 0.411040 -9999.0
-9999.0 -9999.0 -9999.0 -9999.0 -9999.0 -9999.0 -9999.0 -9999.0 0.040850 0.042676 0.415822 0.399337 0.384673 0.281337 0.416352 0.344849 0.393992 0.319905 0.280427 0.307863 0.296013 0.411521 0.415780 0.348065 0.396156 0.229325 0.069848 0.229941 0.235959 0.295941 0.074173 0.211115 0.504043 0.040838 0.040029 0.040027 0.040309 0.432835 0.040612 0.040043 0.040023 0.040025 0.040205 0.040035 0.040239 0.263557 0.040032 0.192146 0.056324 0.508524 0.520000 0.369341 0.520000 0.490078 0.520000 0.520000 0.520000 0.520000 0.414169 0.520000 0.520000 0.425617 -9999.0
-9999.0 -9999.0 0.041405 0.051907 0.040912 0.042162 0.189165 0.040873 0.043282 0.046805 0.059344 0.324221 0.307537 0.411000 0.410885 0.386350 0.300617 0.040421 0.040786 0.200762 0.305766 0.288379 0.520000 0.520000 0.353130 0.328508 0.154884 0.179070 0.295739 0.424883 0.040914 0.210357 0.401489 0.270211 0.409705 0.336631 0.470602 0.347873 0.491414 0.106386 0.040459 0.414278 0.040663 0.462027 0.055705 0.040184 0.519816 0.496620 0.496210 0.395767 0.381683 0.356051 0.360443 0.387698 0.520000 0.520000 0.372949 0.415038 0.520000 0.520000 0.459021 0.517081 -9999.0
-9999.0 0.252651 0.251603 0.228888 0.180619 0.279395 0.040905 0.040826 0.040685 0.040670 0.040784 0.331286 0.369391 0.405126 0.420328 0.435503 0.040968 0.040864 0.195727 0.218525 0.304771 0.294669 0.520000 0.503835 0.335870 0.322606 0.342997 0.337690 0.305696 0.328807 0.327417 0.344051 0.327966 0.335309 0.320229 0.334347 0.341229 0.338218 0.347711 0.368892 0.397669 0.378178 0.376965 0.327937 0.285387 0.333216 0.337067 0.273123 0.306640 0.520000 0.507512 0.440904 0.367946 0.435960 0.425581 0.443059 0.420225 0.462593 0.440615 0.427978 0.464119 0.520000 -9999.0
-9999.0 0.046386 0.270677 0.288587 0.398473 0.301390 0.213994 0.045575 0.045494 0.042150 0.042801 0.339165 0.372117 0.424354 0.504517 0.040610 0.040849 0.040266 0.363633 0.277930 0.384747 0.314709 0.300742 0.520000 0.520000 0.420868 0.361207 0.367172 0.368463 0.260756 0.260422 0.268674 0.304064 0.310664 0.329930 0.319038 0.336897 0.337216 0.322724 0.312759 0.298824 0.295563 0.295338 0.270152 0.260871 0.255987 0.301102 0.345538 0.504403 0.507189 0.358680 0.403082 0.430369 0.520000 0.520000 0.410032 0.506826 0.237812 0.279336 0.291335 0.348035 -9999.0 -9999.0
-9999.0 0.040394 0.040279 0.261525 0.260412 0.350313 0.383469 0.261623 0.175680 0.191474 0.342895 0.284146 0.433374 0.382467 0.323596 0.040381 0.044041 0.042065 0.040093 0.307913 0.244574 0.286383 0.328833 0.520000 0.460487 0.391529 0.382374 0.376627 0.371154 0.367477 0.351936 0.313026 0.316982 0.313568 0.318780 0.333533 0.339852 0.360113 0.512851 0.416708 0.365741 0.369099 0.339218 0.331778 0.308331 0.312298 0.324835 0.333653 0.406141 0.340282 0.462156 0.040897 0.041298 0.358903 0.042978 0.167325 0.148012 0.211031 0.227655 -9999.0 -9999.0 -9999.0 -9999.0
