user2019/resources/simulation/Vinschgau/output-maps/thetaliqL0005N0737.asc
ncols         63
nrows         48
xllcorner     598000.000000
yllcorner     5145000.000000
cellsize      1000.000000
NODATA_value  -9999.0
[rows 0 to 28 of 48, columns 0 to 62 of 63]
-9999.0 -9999.0 -9999.0 -9999.0 -9999.0 -9999.0 -9999.0 -9999.0 -9999.0 -9999.0 -9999.0 -9999.0 -9999.0 -9999.0 -9999.0 -9999.0 -9999.0 -9999.0 -9999.0 -9999.0 -9999.0 -9999.0 -9999.0 -9999.0 -9999.0 -9999.0 -9999.0 -9999.0 -9999.0 -9999.0 -9999.0 -9999.0 -9999.0 -9999.0 -9999.0 -9999.0 -9999.0 -9999.0 -9999.0 -9999.0 -9999.0 -9999.0 -9999.0 -9999.0 -9999.0 -9999.0 -9999.0 -9999.0 -9999.0 -9999.0 -9999.0 -9999.0 -9999.0 -9999.0 -9999.0 -9999.0 -9999.0 -9999.0 -9999.0 -9999.0 -9999.0 -9999.0 -9999.0
-9999.0 -9999.0 -9999.0 -9999.0 -9999.0 -9999.0 -9999.0 -9999.0 -9999.0 -9999.0 -9999.0 -9999.0 -9999.0 -9999.0 -9999.0 -9999.0 -9999.0 -9999.0 -9999.0 -9999.0 -9999.0 -9999.0 -9999.0 -9999.0 -9999.0 -9999.0 -9999.0 0.020070 0.426639 0.020056 0.161460 0.020070 0.020079 -9999.0 -9999.0 -9999.0 -9999.0 -9999.0 -9999.0 -9999.0 -9999.0 -9999.0 -9999.0 -9999.0 -9999.0 -9999.0 -9999.0 -9999.0 -9999.0 -9999.0 -9999.0 -9999.0 -9999.0 -9999.0 -9999.0 -9999.0 -9999.0 -9999.0 -9999.0 -9999.0 -9999.0 -9999.0 -9999.0
-9999.0 -9999.0 -9999.0 -9999.0 -9999.0 -9999.0 -9999.0 -9999.0 -9999.0 -9999.0 -9999.0 -9999.0 -9999.0 -9999.0 -9999.0 -9999.0 -9999.0 -9999.0 -9999.0 -9999.0 -9999.0 -9999.0 -9999.0 -9999.0 0.424281 0.429281 0.429961 0.429222 0.426005 0.427076 0.236616 -9999.0 -9999.0 -9999.0 -9999.0 -9999.0 -9999.0 -9999.0 -9999.0 -9999.0 -9999.0 -9999.0 -9999.0 -9999.0 -9999.0 -9999.0 -9999.0 -9999.0 -9999.0 -9999.0 -9999.0 -9999.0 -9999.0 -9999.0 -9999.0 -9999.0 -9999.0 -9999.0 -9999.0 -9999.0 -9999.0 -9999.0 -9999.0
-9999.0 -9999.0 -9999.0 -9999.0 -9999.0 -9999.0 -9999.0 -9999.0 -9999.0 -9999.0 -9999.0 -9999.0 -9999.0 -9999.0 -9999.0 -9999.0 -9999.0 -9999.0 -9999.0 -9999.0 -9999.0 -9999.0 -9999.0 0.429282 0.430000 0.300452 0.376208 0.301095 0.430000 0.429989 0.426520 0.129678 -9999.0 -9999.0 -9999.0 -9999.0 -9999.0 -9999.0 -9999.0 -9999.0 -9999.0 -9999.0 -9999.0 -9999.0 -9999.0 -9999.0 -9999.0 -9999.0 -9999.0 -9999.0 -9999.0 -9999.0 -9999.0 -9999.0 -9999.0 -9999.0 -9999.0 -9999.0 -9999.0 -9999.0 -9999.0 -9999.0 -9999.0
-9999.0 -9999.0 -9999.0 -9999.0 -9999.0 -9999.0 -9999.0 -9999.0 -9999.0 -9999.0 -9999.0 -9999.0 -9999.0 -9999.0 -9999.0 -9999.0 -9999.0 -9999.0 0.430000 0.430000 -9999.0 0.428317 0.430000 0.346203 0.392607 0.236197 0.407994 0.430000 0.430000 0.388201 0.427158 0.239998 0.020053 0.020041 -9999.0 -9999.0 -9999.0 -9999.0 -9999.0 -9999.0 -9999.0 -9999.0 -9999.0 -9999.0 -9999.0 -9999.0 -9999.0 -9999.0 -9999.0 -9999.0 -9999.0 -9999.0 -9999.0 -9999.0 -9999.0 -9999.0 -9999.0 -9999.0 -9999.0 -9999.0 -9999.0 -9999.0 -9999.0
-9999.0 -9999.0 -9999.0 -9999.0 -9999.0 -9999.0 -9999.0 -9999.0 -9999.0 -9999.0 -9999.0 -9999.0 -9999.0 -9999.0 -9999.0 -9999.0 -9999.0 0.221140 0.360369 0.020741 0.041158 0.429998 0.389599 0.422526 0.380122 0.412105 0.425370 0.424674 0.425452 0.430000 0.430000 0.426610 0.020084 0.020048 0.020033 0.020026 -9999.0 -9999.0 -9999.0 -9999.0 -9999.0 -9999.0 -9999.0 -9999.0 -9999.0 -9999.0 -9999.0 -9999.0 -9999.0 -9999.0 -9999.0 -9999.0 -9999.0 -9999.0 -9999.0 -9999.0 -9999.0 -9999.0 -9999.0 -9999.0 -9999.0 -9999.0 -9999.0
-9999.0 -9999.0 -9999.0 -9999.0 -9999.0 -9999.0 -9999.0 -9999.0 -9999.0 -9999.0 -9999.0 -9999.0 -9999.0 0.430000 0.429660 0.296034 0.190256 0.023637 0.227030 0.305916 0.385164 0.355729 0.371440 0.400424 0.428768 0.429278 0.020257 0.390955 0.427507 0.424897 0.430000 0.425268 0.301763 0.085347 0.020041 0.020025 -9999.0 -9999.0 -9999.0 -9999.0 -9999.0 -9999.0 -9999.0 -9999.0 -9999.0 -9999.0 -9999.0 -9999.0 -9999.0 -9999.0 -9999.0 -9999.0 -9999.0 -9999.0 -9999.0 -9999.0 -9999.0 -9999.0 -9999.0 -9999.0 -9999.0 -9999.0 -9999.0
-9999.0 -9999.0 -9999.0 -9999.0 -9999.0 -9999.0 -9999.0 -9999.0 -9999.0 -9999.0 -9999.0 -9999.0 -9999.0 0.430000 0.410681 0.282747 0.209056 0.430000 0.023573 0.291913 0.263601 0.418710 0.416618 0.430000 0.430000 0.417002 0.427336 0.020052 0.020051 0.212269 0.393820 0.040088 0.020035 0.020028 0.020029 -9999.0 -9999.0 -9999.0 -9999.0 -9999.0 -9999.0 -9999.0 -9999.0 -9999.0 -9999.0 -9999.0 -9999.0 -9999.0 -9999.0 -9999.0 -9999.0 -9999.0 -9999.0 -9999.0 -9999.0 -9999.0 -9999.0 -9999.0 -9999.0 -9999.0 -9999.0 -9999.0 -9999.0
-9999.0 -9999.0 -9999.0 -9999.0 -9999.0 -9999.0 -9999.0 -9999.0 -9999.0 -9999.0 -9999.0 -9999.0 -9999.0 0.374899 0.430000 0.319734 0.262623 0.218380 0.023313 0.226757 0.430000 0.021149 0.415173 0.425509 0.430000 0.423437 0.020078 0.020038 0.289972 0.020028 0.040043 0.020032 0.020027 0.020062 0.020025 -9999.0 -9999.0 -9999.0 -9999.0 -9999.0 -9999.0 -9999.0 -9999.0 -9999.0 -9999.0 -9999.0 -9999.0 -9999.0 -9999.0 -9999.0 -9999.0 -9999.0 -9999.0 -9999.0 -9999.0 -9999.0 -9999.0 -9999.0 -9999.0 -9999.0 -9999.0 -9999.0 -9999.0
-9999.0 -9999.0 -9999.0 -9999.0 -9999.0 -9999.0 -9999.0 -9999.0 -9999.0 -9999.0 -9999.0 -9999.0 0.410684 0.430000 0.430000 0.430000 0.430000 0.306680 0.398406 0.020759 0.377928 0.411421 0.123725 0.427979 0.430000 0.394514 0.395193 0.343129 0.388326 0.020033 0.040266 0.020037 0.100232 0.020028 -9999.0 -9999.0 -9999.0 -9999.0 -9999.0 -9999.0 -9999.0 -9999.0 -9999.0 -9999.0 -9999.0 -9999.0 -9999.0 -9999.0 -9999.0 -9999.0 -9999.0 -9999.0 -9999.0 -9999.0 -9999.0 -9999.0 -9999.0 -9999.0 -9999.0 -9999.0 -9999.0 -9999.0 -9999.0
-9999.0 -9999.0 -9999.0 -9999.0 -9999.0 -9999.0 -9999.0 -9999.0 -9999.0 -9999.0 -9999.0 0.430000 0.430000 0.430000 0.430000 0.430000 0.020554 0.356920 0.430000 0.035538 0.394603 0.430000 0.427379 0.426548 0.417159 0.338288 0.040042 0.285043 0.408456 0.020032 0.020035 0.401964 0.020045 0.020030 0.020035 0.020046 0.375825 0.233909 0.100956 -9999.0 -9999.0 -9999.0 0.020029 -9999.0 -9999.0 -9999.0 -9999.0 -9999.0 -9999.0 -9999.0 -9999.0 -9999.0 -9999.0 -9999.0 -9999.0 -9999.0 -9999.0 -9999.0 -9999.0 -9999.0 -9999.0 -9999.0 -9999.0
-9999.0 -9999.0 -9999.0 -9999.0 -9999.0 -9999.0 -9999.0 -9999.0 -9999.0 -9999.0 -9999.0 0.426280 0.430000 0.430000 0.430000 0.425460 0.425447 0.319668 0.417835 0.430000 0.430000 0.430000 0.425419 0.306329 0.296033 0.243208 0.426562 0.418353 0.020059 0.020036 0.289414 0.429054 0.357719 0.040028 0.273822 0.271484 0.429875 0.130709 0.144681 0.020047 0.020049 0.020042 0.236095 0.020054 -9999.0 -9999.0 -9999.0 0.040027 0.040023 0.020037 0.040199 0.020031 0.020029 0.040066 0.040020 0.020026 -9999.0 -9999.0 -9999.0 -9999.0 -9999.0 -9999.0 -9999.0
-9999.0 -9999.0 -9999.0 -9999.0 -9999.0 -9999.0 -9999.0 -9999.0 -9999.0 -9999.0 -9999.0 0.429351 0.424475 0.430000 0.430000 0.430000 0.430000 0.430000 0.430000 0.416338 0.430000 0.426887 0.420198 0.417566 0.164182 0.020115 0.378739 0.359266 0.020046 0.078184 0.020041 0.298030 0.427576 0.110121 0.020038 0.426498 0.400680 0.134938 0.070355 0.020093 0.304129 0.168280 0.392510 0.304661 0.215323 -9999.0 0.020027 0.040043 0.259685 0.372976 0.198387 0.020067 0.081332 0.269185 0.020081 0.093460 -9999.0 -9999.0 -9999.0 -9999.0 -9999.0 -9999.0 -9999.0
-9999.0 -9999.0 -9999.0 -9999.0 -9999.0 -9999.0 -9999.0 -9999.0 -9999.0 -9999.0 -9999.0 -9999.0 0.428976 0.416559 0.430000 0.430000 0.430000 0.399355 0.430000 0.430000 0.430000 0.428699 0.424305 0.421994 0.377826 0.399685 0.430000 0.041989 0.169187 0.020052 0.268488 0.357805 0.187729 0.162093 0.040031 0.279124 0.213928 0.074911 0.068413 0.026142 0.138825 0.025244 0.417310 0.425527 0.020058 0.083268 0.020032 0.040074 0.148817 0.414020 0.429599 0.319602 0.430000 0.236865 0.121754 0.040035 0.049216 -9999.0 -9999.0 -9999.0 -9999.0 -9999.0 -9999.0
-9999.0 -9999.0 -9999.0 -9999.0 -9999.0 -9999.0 -9999.0 -9999.0 -9999.0 -9999.0 -9999.0 0.371093 0.401804 0.198719 0.425449 0.425429 0.430000 0.430000 0.430000 0.398710 0.430000 0.421186 0.427703 0.423854 0.420849 0.423376 0.412012 0.168602 0.426477 0.020053 0.372465 0.422502 0.429985 0.169031 0.040042 0.187619 0.374735 0.064557 0.085801 0.079922 0.077476 0.138391 0.423329 0.020000 0.429990 0.398662 0.322788 0.020054 0.020067 0.135237 0.020042 0.050628 0.040050 0.020034 0.020034 0.020074 0.020038 -9999.0 -9999.0 -9999.0 -9999.0 -9999.0 -9999.0
-9999.0 -9999.0 -9999.0 -9999.0 -9999.0 -9999.0 -9999.0 -9999.0 -9999.0 -9999.0 0.430000 0.420455 0.429202 0.430000 0.430000 0.430000 0.430000 0.409787 0.281494 0.409680 0.430000 0.430000 0.425103 0.430000 0.426057 0.430000 0.233547 0.020045 0.195872 0.427549 0.427175 0.425308 0.427110 0.100537 0.020031 0.020043 0.412495 0.355332 0.196809 0.430000 0.430000 0.021772 0.059137 0.430000 0.421653 0.020159 0.329452 0.418716 0.426699 0.428974 0.020040 0.020030 0.020031 0.020046 0.020029 0.192773 0.216891 -9999.0 -9999.0 -9999.0 -9999.0 -9999.0 -9999.0
-9999.0 -9999.0 -9999.0 -9999.0 -9999.0 -9999.0 -9999.0 -9999.0 -9999.0 0.218388 0.423624 0.420976 0.426558 0.426599 0.422308 0.420676 0.427806 0.430000 0.369530 0.296015 0.430000 0.361396 0.421132 0.416410 0.430000 0.368862 0.420975 0.429528 0.418839 0.429412 0.430000 0.020055 0.020042 0.020024 0.020042 0.020043 0.339480 0.277354 0.309834 0.419936 0.416977 0.423916 0.425677 0.430000 0.430000 0.428713 0.430000 0.425428 0.425122 0.430000 0.020265 0.020036 0.020036 0.020025 0.020028 0.042231 0.170168 0.020055 0.020044 -9999.0 -9999.0 -9999.0 -9999.0
-9999.0 -9999.0 -9999.0 -9999.0 -9999.0 -9999.0 -9999.0 -9999.0 -9999.0 0.020090 0.207030 0.427711 0.430000 0.429974 0.428570 0.426419 0.430000 0.430000 0.360637 0.376724 0.414365 0.345649 0.430000 0.430000 0.422174 0.425242 0.428639 0.430000 0.430000 0.430000 0.430000 0.040060 0.261272 0.103661 0.248476 0.020087 0.020097 0.020066 0.421228 0.427938 0.350689 0.421573 0.426335 0.430000 0.430000 0.411524 0.430000 0.430000 0.428647 0.430000 0.020065 0.040058 0.020023 0.040022 0.020034 0.040038 0.210273 0.364885 0.020120 -9999.0 -9999.0 -9999.0 -9999.0
-9999.0 -9999.0 -9999.0 -9999.0 -9999.0 -9999.0 -9999.0 -9999.0 -9999.0 -9999.0 0.205196 0.428744 0.423171 0.430000 0.430000 0.428948 0.430000 0.430000 0.369132 0.368217 0.430000 0.419198 0.427734 0.422349 0.426267 0.429937 0.429919 0.430000 0.430000 0.046815 0.040063 0.381897 0.040074 0.040083 0.427916 0.429179 0.430000 0.429105 0.020106 0.132567 0.233419 0.427915 0.430000 0.426326 0.420820 0.422584 0.430000 0.430000 0.430000 0.427500 0.020054 0.020066 0.020028 0.020024 0.040024 0.040029 0.279351 0.430000 0.428157 0.430000 -9999.0 -9999.0 -9999.0
-9999.0 -9999.0 -9999.0 -9999.0 -9999.0 -9999.0 -9999.0 -9999.0 -9999.0 -9999.0 0.146402 0.323573 0.424685 0.422211 0.430000 0.384678 0.396537 0.336951 0.345381 0.245092 0.228990 0.357237 0.408351 0.428146 0.429593 0.430000 0.430000 0.424284 0.140691 0.079815 0.143392 0.425375 0.020000 0.076241 0.200378 0.426796 0.430000 0.422684 0.208799 0.196507 0.276159 0.066883 0.378917 0.397652 0.425307 0.054905 0.427042 0.422268 0.430000 0.430000 0.427897 0.319796 0.040044 0.020031 0.020028 0.020035 0.040051 0.422144 0.430000 0.430000 -9999.0 -9999.0 -9999.0
-9999.0 -9999.0 -9999.0 -9999.0 -9999.0 -9999.0 -9999.0 -9999.0 0.427303 0.427040 0.183358 0.362713 0.388665 0.411771 0.358388 0.430000 0.319155 0.343976 0.320443 0.208500 0.206987 0.313836 0.340578 0.380182 0.430000 0.430000 0.430000 0.252040 0.295693 0.040116 0.020033 0.178369 0.231925 0.207456 0.299312 0.281644 0.430000 0.426876 0.113342 0.020060 0.020054 0.425910 0.020042 0.020061 0.038872 0.430000 0.178137 0.425743 0.425702 0.430000 0.429592 0.021265 0.186020 0.040010 0.020036 0.020071 0.020061 0.430000 0.430000 0.430000 -9999.0 -9999.0 -9999.0
-9999.0 -9999.0 -9999.0 -9999.0 -9999.0 -9999.0 -9999.0 -9999.0 0.020137 0.351642 0.076408 0.165772 0.351307 0.428659 0.417916 0.430000 0.408499 0.375979 0.312016 0.215454 0.423174 0.381269 0.372595 0.378160 0.331030 0.430000 0.430000 0.423293 0.020042 0.189442 0.150471 0.020069 0.337816 0.020069 0.406927 0.425096 0.430000 0.429734 0.419815 0.398122 0.156843 0.020129 0.020048 0.427111 0.430000 0.399196 0.020048 0.300232 0.422123 0.430000 0.430000 0.427363 0.040042 0.233247 0.196385 0.020090 0.427205 0.424949 0.430000 0.430000 0.221183 -9999.0 -9999.0
-9999.0 -9999.0 -9999.0 -9999.0 -9999.0 -9999.0 -9999.0 -9999.0 0.158095 0.430000 0.423612 0.130042 0.425246 0.020063 0.426772 0.425066 0.372158 0.381386 0.244211 0.371877 0.216463 0.300413 0.356650 0.231544 0.372925 0.430000 0.430000 0.295578 0.020050 0.331520 0.020071 0.425685 0.231591 0.020080 0.424999 0.430000 0.428642 0.430000 0.422252 0.420278 0.368124 0.020054 0.393015 0.429995 0.262580 0.338728 0.020065 0.400673 0.386481 0.426878 0.430000 0.429616 0.040064 0.152299 0.429223 0.430000 0.430000 0.430000 0.430000 0.430000 0.430000 -9999.0 -9999.0
-9999.0 -9999.0 -9999.0 -9999.0 -9999.0 -9999.0 -9999.0 -9999.0 0.020031 0.390859 0.429771 0.020049 0.399644 0.338328 0.020186 0.430000 0.373843 0.270877 0.408388 0.216811 0.230672 0.234572 0.300957 0.215874 0.278716 0.426444 0.426985 0.408919 0.430000 0.420459 0.418337 0.421029 0.125838 0.430000 0.131667 0.430000 0.430000 0.429994 0.430000 0.425888 0.429599 0.427446 0.427453 0.034761 0.425601 0.020118 0.196506 0.020090 0.429115 0.425460 0.428425 0.430000 0.430000 0.429986 0.430000 0.430000 0.430000 0.430000 0.430000 0.430000 0.430000 0.430000 -9999.0
-9999.0 -9999.0 -9999.0 -9999.0 -9999.0 -9999.0 -9999.0 -9999.0 0.214471 0.346873 0.430000 0.237588 0.271711 0.385482 0.430000 0.430000 0.430000 0.415477 0.421561 0.384140 0.242077 0.271236 0.233356 0.224162 0.391022 0.379023 0.416038 0.429703 0.430000 0.430000 0.426348 0.430000 0.430000 0.430000 0.430000 0.430000 0.430000 0.430000 0.430000 0.430000 0.430000 0.132472 0.430000 0.126224 0.425065 0.430000 0.417735 0.427848 0.428231 0.430000 0.430000 0.390580 0.430000 0.423616 0.430000 0.430000 0.430000 0.430000 0.430000 0.430000 0.430000 0.430000 -9999.0
-9999.0 -9999.0 0.195444 0.416351 0.278932 0.420382 0.346709 0.177237 0.194866 0.246397 0.391737 0.428894 0.405195 0.430000 0.430000 0.430000 0.422219 0.419413 0.427066 0.430000 0.371212 0.390095 0.430000 0.181900 0.244521 0.348985 0.371712 0.401375 0.430000 0.430000 0.422604 0.430000 0.430000 0.430000 0.430000 0.430000 0.430000 0.426955 0.430000 0.430000 0.430000 0.430000 0.430000 0.430000 0.430000 0.430000 0.430000 0.430000 0.430000 0.430000 0.413675 0.340117 0.430000 0.430000 0.430000 0.430000 0.430000 0.430000 0.430000 0.430000 0.430000 0.430000 -9999.0
-9999.0 0.426487 0.390227 0.356915 0.413641 0.393789 0.329804 0.084630 0.040041 0.074635 0.227268 0.210682 0.430000 0.430000 0.430000 0.283680 0.372413 0.421339 0.427152 0.420851 0.364690 0.430000 0.430000 0.430000 0.229782 0.219255 0.282172 0.347426 0.430000 0.430000 0.357313 0.430000 0.430000 0.430000 0.430000 0.415525 0.425324 0.386683 0.430000 0.429818 0.424276 0.430000 0.430000 0.430000 0.405211 0.371985 0.430000 0.430000 0.422132 0.430000 0.430000 0.430000 0.430000 0.430000 0.430000 0.430000 0.430000 0.430000 0.430000 0.430000 0.425308 0.430000 -9999.0
-9999.0 0.429675 0.420468 0.425829 0.430000 0.422065 0.315894 0.359796 0.415674 0.175139 0.365851 0.339464 0.430000 0.430000 0.422615 0.040070 0.089193 0.421239 0.422098 0.416388 0.430000 0.430000 0.430000 0.430000 0.430000 0.332554 0.173240 0.177472 0.389499 0.379172 0.235688 0.278381 0.430000 0.430000 0.430000 0.430000 0.430000 0.425308 0.430000 0.387298 0.430000 0.430000 0.430000 0.266324 0.184413 0.269182 0.358456 0.430000 0.430000 0.430000 0.430000 0.430000 0.430000 0.430000 0.430000 0.420447 0.419833 0.416770 0.419472 0.351359 0.398033 -9999.0 -9999.0
-9999.0 0.195811 0.425691 0.417668 0.430000 0.430000 0.430000 0.252922 0.421206 0.246010 0.343959 0.417791 0.430000 0.430000 0.234940 0.040047 0.111365 0.254697 0.040398 0.417989 0.423504 0.426602 0.308087 0.430000 0.430000 0.430000 0.430000 0.430000 0.255080 0.389570 0.194964 0.174541 0.430000 0.430000 0.430000 0.407299 0.430000 0.396028 0.409475 0.387756 0.387743 0.426400 0.430000 0.189122 0.177814 0.430000 0.430000 0.430000 0.430000 0.430000 0.430000 0.430000 0.419442 0.430000 0.371001 0.255754 0.246936 0.168119 0.418918 -9999.0 -9999.0 -9999.0 -9999.0
