user2019/resources/simulation/Vinschgau/output-maps/thetaliqL0002N0939.asc
ncols         63
nrows         48
xllcorner     598000.000000
yllcorner     5145000.000000
cellsize      1000.000000
NODATA_value  -9999.0
[rows 0 to 28 of 48, columns 0 to 62 of 63]
-9999.0 -9999.0 -9999.0 -9999.0 -9999.0 -9999.0 -9999.0 -9999.0 -9999.0 -9999.0 -9999.0 -9999.0 -9999.0 -9999.0 -9999.0 -9999.0 -9999.0 -9999.0 -9999.0 -9999.0 -9999.0 -9999.0 -9999.0 -9999.0 -9999.0 -9999.0 -9999.0 -9999.0 -9999.0 -9999.0 -9999.0 -9999.0 -9999.0 -9999.0 -9999.0 -9999.0 -9999.0 -9999.0 -9999.0 -9999.0 -9999.0 -9999.0 -9999.0 -9999.0 -9999.0 -9999.0 -9999.0 -9999.0 -9999.0 -9999.0 -9999.0 -9999.0 -9999.0 -9999.0 -9999.0 -9999.0 -9999.0 -9999.0 -9999.0 -9999.0 -9999.0 -9999.0 -9999.0
-9999.0 -9999.0 -9999.0 -9999.0 -9999.0 -9999.0 -9999.0 -9999.0 -9999.0 -9999.0 -9999.0 -9999.0 -9999.0 -9999.0 -9999.0 -9999.0 -9999.0 -9999.0 -9999.0 -9999.0 -9999.0 -9999.0 -9999.0 -9999.0 -9999.0 -9999.0 -9999.0 0.020024 0.040013 0.020028 0.040010 0.040008 0.040008 -9999.0 -9999.0 -9999.0 -9999.0 -9999.0 -9999.0 -9999.0 -9999.0 -9999.0 -9999.0 -9999.0 -9999.0 -9999.0 -9999.0 -9999.0 -9999.0 -9999.0 -9999.0 -9999.0 -9999.0 -9999.0 -9999.0 -9999.0 -9999.0 -9999.0 -9999.0 -9999.0 -9999.0 -9999.0 -9999.0
-9999.0 -9999.0 -9999.0 -9999.0 -9999.0 -9999.0 -9999.0 -9999.0 -9999.0 -9999.0 -9999.0 -9999.0 -9999.0 -9999.0 -9999.0 -9999.0 -9999.0 -9999.0 -9999.0 -9999.0 -9999.0 -9999.0 -9999.0 -9999.0 0.040016 0.040018 0.040014 0.040016 0.040014 0.040011 0.040010 -9999.0 -9999.0 -9999.0 -9999.0 -9999.0 -9999.0 -9999.0 -9999.0 -9999.0 -9999.0 -9999.0 -9999.0 -9999.0 -9999.0 -9999.0 -9999.0 -9999.0 -9999.0 -9999.0 -9999.0 -9999.0 -9999.0 -9999.0 -9999.0 -9999.0 -9999.0 -9999.0 -9999.0 -9999.0 -9999.0 -9999.0 -9999.0
-9999.0 -9999.0 -9999.0 -9999.0 -9999.0 -9999.0 -9999.0 -9999.0 -9999.0 -9999.0 -9999.0 -9999.0 -9999.0 -9999.0 -9999.0 -9999.0 -9999.0 -9999.0 -9999.0 -9999.0 -9999.0 -9999.0 -9999.0 0.040018 0.040034 0.235145 0.227476 0.077502 0.369829 0.040016 0.040010 0.040008 -9999.0 -9999.0 -9999.0 -9999.0 -9999.0 -9999.0 -9999.0 -9999.0 -9999.0 -9999.0 -9999.0 -9999.0 -9999.0 -9999.0 -9999.0 -9999.0 -9999.0 -9999.0 -9999.0 -9999.0 -9999.0 -9999.0 -9999.0 -9999.0 -9999.0 -9999.0 -9999.0 -9999.0 -9999.0 -9999.0 -9999.0
-9999.0 -9999.0 -9999.0 -9999.0 -9999.0 -9999.0 -9999.0 -9999.0 -9999.0 -9999.0 -9999.0 -9999.0 -9999.0 -9999.0 -9999.0 -9999.0 -9999.0 -9999.0 0.156603 0.040025 -9999.0 0.040014 0.040032 0.120609 0.284774 0.083872 0.105559 0.100544 0.225847 0.054882 0.040018 0.040011 0.020021 0.020015 -9999.0 -9999.0 -9999.0 -9999.0 -9999.0 -9999.0 -9999.0 -9999.0 -9999.0 -9999.0 -9999.0 -9999.0 -9999.0 -9999.0 -9999.0 -9999.0 -9999.0 -9999.0 -9999.0 -9999.0 -9999.0 -9999.0 -9999.0 -9999.0 -9999.0 -9999.0 -9999.0 -9999.0 -9999.0
-9999.0 -9999.0 -9999.0 -9999.0 -9999.0 -9999.0 -9999.0 -9999.0 -9999.0 -9999.0 -9999.0 -9999.0 -9999.0 -9999.0 -9999.0 -9999.0 -9999.0 0.076272 0.095304 0.032719 0.020043 0.041967 0.051436 0.082730 0.120233 0.068921 0.040656 0.047769 0.041673 0.094251 0.040061 0.040018 0.020027 0.020025 0.020018 0.020016 -9999.0 -9999.0 -9999.0 -9999.0 -9999.0 -9999.0 -9999.0 -9999.0 -9999.0 -9999.0 -9999.0 -9999.0 -9999.0 -9999.0 -9999.0 -9999.0 -9999.0 -9999.0 -9999.0 -9999.0 -9999.0 -9999.0 -9999.0 -9999.0 -9999.0 -9999.0 -9999.0
-9999.0 -9999.0 -9999.0 -9999.0 -9999.0 -9999.0 -9999.0 -9999.0 -9999.0 -9999.0 -9999.0 -9999.0 -9999.0 0.040050 0.091346 0.120348 0.076432 0.023173 0.077573 0.184569 0.245068 0.136936 0.293393 0.113092 0.064116 0.040032 0.020060 0.040119 0.040092 0.042913 0.040047 0.040014 0.040015 0.040008 0.020023 0.020015 -9999.0 -9999.0 -9999.0 -9999.0 -9999.0 -9999.0 -9999.0 -9999.0 -9999.0 -9999.0 -9999.0 -9999.0 -9999.0 -9999.0 -9999.0 -9999.0 -9999.0 -9999.0 -9999.0 -9999.0 -9999.0 -9999.0 -9999.0 -9999.0 -9999.0 -9999.0 -9999.0
-9999.0 -9999.0 -9999.0 -9999.0 -9999.0 -9999.0 -9999.0 -9999.0 -9999.0 -9999.0 -9999.0 -9999.0 -9999.0 0.061679 0.267876 0.095890 0.077888 0.316005 0.023170 0.168775 0.077545 0.308476 0.286011 0.319073 0.056615 0.041702 0.040013 0.020027 0.020022 0.040048 0.040080 0.040011 0.020021 0.020015 0.020018 -9999.0 -9999.0 -9999.0 -9999.0 -9999.0 -9999.0 -9999.0 -9999.0 -9999.0 -9999.0 -9999.0 -9999.0 -9999.0 -9999.0 -9999.0 -9999.0 -9999.0 -9999.0 -9999.0 -9999.0 -9999.0 -9999.0 -9999.0 -9999.0 -9999.0 -9999.0 -9999.0 -9999.0
-9999.0 -9999.0 -9999.0 -9999.0 -9999.0 -9999.0 -9999.0 -9999.0 -9999.0 -9999.0 -9999.0 -9999.0 -9999.0 0.230433 0.520000 0.186953 0.092051 0.080257 0.023159 0.077421 0.362631 0.034352 0.044482 0.044586 0.083649 0.071296 0.020033 0.020021 0.040008 0.020017 0.040010 0.020014 0.020013 0.020011 0.020015 -9999.0 -9999.0 -9999.0 -9999.0 -9999.0 -9999.0 -9999.0 -9999.0 -9999.0 -9999.0 -9999.0 -9999.0 -9999.0 -9999.0 -9999.0 -9999.0 -9999.0 -9999.0 -9999.0 -9999.0 -9999.0 -9999.0 -9999.0 -9999.0 -9999.0 -9999.0 -9999.0 -9999.0
-9999.0 -9999.0 -9999.0 -9999.0 -9999.0 -9999.0 -9999.0 -9999.0 -9999.0 -9999.0 -9999.0 -9999.0 0.095330 0.082944 0.276136 0.132001 0.232245 0.113377 0.282506 0.023575 0.160968 0.042383 0.040054 0.040346 0.040044 0.040013 0.040019 0.040009 0.040015 0.020020 0.040004 0.020020 0.040008 0.020014 -9999.0 -9999.0 -9999.0 -9999.0 -9999.0 -9999.0 -9999.0 -9999.0 -9999.0 -9999.0 -9999.0 -9999.0 -9999.0 -9999.0 -9999.0 -9999.0 -9999.0 -9999.0 -9999.0 -9999.0 -9999.0 -9999.0 -9999.0 -9999.0 -9999.0 -9999.0 -9999.0 -9999.0 -9999.0
-9999.0 -9999.0 -9999.0 -9999.0 -9999.0 -9999.0 -9999.0 -9999.0 -9999.0 -9999.0 -9999.0 0.040103 0.395892 0.520000 0.301855 0.092168 0.023870 0.125389 0.463926 0.192148 0.089531 0.131203 0.040028 0.040015 0.041282 0.040016 0.040009 0.040012 0.040010 0.020016 0.020019 0.040016 0.020022 0.020017 0.020019 0.020023 0.040009 0.040011 0.040012 -9999.0 -9999.0 -9999.0 0.020017 -9999.0 -9999.0 -9999.0 -9999.0 -9999.0 -9999.0 -9999.0 -9999.0 -9999.0 -9999.0 -9999.0 -9999.0 -9999.0 -9999.0 -9999.0 -9999.0 -9999.0 -9999.0 -9999.0 -9999.0
-9999.0 -9999.0 -9999.0 -9999.0 -9999.0 -9999.0 -9999.0 -9999.0 -9999.0 -9999.0 -9999.0 0.040042 0.337267 0.311076 0.208411 0.040069 0.096724 0.083070 0.311315 0.352207 0.413773 0.056466 0.040026 0.040022 0.040035 0.040012 0.040011 0.040017 0.020031 0.020017 0.040012 0.040012 0.040008 0.040007 0.040006 0.040012 0.040014 0.040018 0.040011 0.020018 0.020018 0.020017 0.040011 0.020021 -9999.0 -9999.0 -9999.0 0.040004 0.040006 0.020019 0.040007 0.020017 0.020016 0.040005 0.040005 0.020015 -9999.0 -9999.0 -9999.0 -9999.0 -9999.0 -9999.0 -9999.0
-9999.0 -9999.0 -9999.0 -9999.0 -9999.0 -9999.0 -9999.0 -9999.0 -9999.0 -9999.0 -9999.0 0.040029 0.040040 0.040758 0.080079 0.064997 0.195742 0.139566 0.319690 0.311060 0.283473 0.062052 0.040043 0.040016 0.040012 0.020025 0.040037 0.040016 0.020024 0.040006 0.020022 0.040013 0.040018 0.040007 0.020021 0.040019 0.040018 0.040022 0.040026 0.020022 0.040013 0.040009 0.040018 0.040012 0.040007 -9999.0 0.020014 0.040007 0.040011 0.040016 0.040017 0.020032 0.040013 0.040010 0.040010 0.040008 -9999.0 -9999.0 -9999.0 -9999.0 -9999.0 -9999.0 -9999.0
-9999.0 -9999.0 -9999.0 -9999.0 -9999.0 -9999.0 -9999.0 -9999.0 -9999.0 -9999.0 -9999.0 -9999.0 0.040058 0.040421 0.040371 0.042252 0.201554 0.125204 0.349955 0.333746 0.241494 0.078964 0.041016 0.040069 0.040018 0.040034 0.040017 0.040016 0.040010 0.020021 0.040011 0.040014 0.040018 0.040009 0.040008 0.040013 0.040038 0.040024 0.068788 0.040014 0.040021 0.020032 0.040065 0.040021 0.020022 0.040007 0.020018 0.040007 0.040019 0.040058 0.040219 0.040015 0.040021 0.040012 0.040016 0.040011 0.040008 -9999.0 -9999.0 -9999.0 -9999.0 -9999.0 -9999.0
-9999.0 -9999.0 -9999.0 -9999.0 -9999.0 -9999.0 -9999.0 -9999.0 -9999.0 -9999.0 -9999.0 0.040086 0.040016 0.040046 0.040344 0.066134 0.112374 0.243008 0.359190 0.135371 0.166443 0.290758 0.053334 0.040035 0.040037 0.040130 0.040098 0.040009 0.040009 0.020027 0.040034 0.040020 0.040015 0.040010 0.040006 0.040012 0.040012 0.040058 0.060008 0.040053 0.040056 0.044169 0.040126 0.020088 0.040036 0.040010 0.040014 0.020027 0.020033 0.040557 0.020033 0.040010 0.040007 0.020019 0.020017 0.020015 0.020020 -9999.0 -9999.0 -9999.0 -9999.0 -9999.0 -9999.0
-9999.0 -9999.0 -9999.0 -9999.0 -9999.0 -9999.0 -9999.0 -9999.0 -9999.0 -9999.0 0.040027 0.040208 0.040024 0.040024 0.040121 0.040098 0.040096 0.082468 0.098643 0.149550 0.402676 0.167643 0.040171 0.040071 0.043269 0.040042 0.040025 0.020027 0.040017 0.040018 0.040026 0.040025 0.040016 0.040010 0.020015 0.020022 0.040018 0.040048 0.045219 0.079775 0.083847 0.169575 0.195411 0.395838 0.040521 0.020028 0.040014 0.040078 0.040142 0.043598 0.020021 0.020019 0.020016 0.020014 0.020014 0.040010 0.040010 -9999.0 -9999.0 -9999.0 -9999.0 -9999.0 -9999.0
-9999.0 -9999.0 -9999.0 -9999.0 -9999.0 -9999.0 -9999.0 -9999.0 -9999.0 0.040013 0.040030 0.040024 0.040069 0.040090 0.040121 0.040117 0.040336 0.077983 0.105788 0.097635 0.370898 0.136644 0.100191 0.086826 0.063742 0.040055 0.040017 0.040019 0.040228 0.043733 0.068720 0.040047 0.020024 0.020014 0.020017 0.020022 0.040020 0.040033 0.040042 0.040149 0.057591 0.040492 0.040222 0.212337 0.314135 0.040384 0.040273 0.040052 0.040054 0.071195 0.040026 0.020020 0.020013 0.020014 0.020017 0.040007 0.040008 0.020022 0.020018 -9999.0 -9999.0 -9999.0 -9999.0
-9999.0 -9999.0 -9999.0 -9999.0 -9999.0 -9999.0 -9999.0 -9999.0 -9999.0 0.040008 0.040012 0.040018 0.040137 0.049161 0.040238 0.040086 0.040130 0.093352 0.094764 0.274795 0.309226 0.242590 0.285201 0.066946 0.040081 0.040029 0.040100 0.042690 0.092495 0.070620 0.040348 0.040036 0.040014 0.040007 0.040010 0.020022 0.020024 0.020030 0.040012 0.040017 0.040076 0.040025 0.040121 0.111454 0.283590 0.382879 0.415898 0.085316 0.049078 0.074069 0.040022 0.040008 0.020015 0.040005 0.020020 0.040005 0.040009 0.040011 0.020026 -9999.0 -9999.0 -9999.0 -9999.0
-9999.0 -9999.0 -9999.0 -9999.0 -9999.0 -9999.0 -9999.0 -9999.0 -9999.0 -9999.0 0.040010 0.040015 0.040089 0.040198 0.057003 0.040353 0.046796 0.392930 0.085666 0.229445 0.345924 0.093679 0.064404 0.040662 0.040036 0.040748 0.073416 0.164082 0.040256 0.040049 0.040038 0.040017 0.040012 0.040009 0.040017 0.040014 0.040022 0.040032 0.020024 0.040012 0.040010 0.040025 0.040053 0.040455 0.078990 0.090471 0.273502 0.435117 0.411999 0.072285 0.040040 0.040010 0.020017 0.020015 0.040005 0.040007 0.040015 0.040034 0.040035 0.041129 -9999.0 -9999.0 -9999.0
-9999.0 -9999.0 -9999.0 -9999.0 -9999.0 -9999.0 -9999.0 -9999.0 -9999.0 -9999.0 0.040010 0.040014 0.040015 0.044784 0.109846 0.099801 0.081452 0.140249 0.097513 0.079058 0.078990 0.139278 0.055706 0.040140 0.040723 0.094116 0.520000 0.083553 0.040065 0.040013 0.040011 0.040015 0.020023 0.040007 0.040012 0.040026 0.040037 0.040080 0.040024 0.040009 0.040013 0.020037 0.040064 0.040020 0.040050 0.040398 0.044652 0.079857 0.229201 0.510311 0.066316 0.040024 0.040011 0.020018 0.020014 0.020016 0.040007 0.040051 0.520000 0.520000 -9999.0 -9999.0 -9999.0
-9999.0 -9999.0 -9999.0 -9999.0 -9999.0 -9999.0 -9999.0 -9999.0 0.040017 0.040011 0.040008 0.040018 0.040018 0.040082 0.047804 0.337734 0.098600 0.226487 0.178510 0.075706 0.073646 0.079420 0.093747 0.156769 0.081435 0.442538 0.110358 0.040116 0.040029 0.040013 0.020016 0.040012 0.040012 0.040008 0.040013 0.040013 0.040139 0.040197 0.040026 0.020022 0.020027 0.040016 0.020033 0.020023 0.020034 0.040027 0.040029 0.040112 0.085982 0.507886 0.082415 0.040135 0.040008 0.040007 0.020016 0.040009 0.020023 0.040045 0.092560 0.463222 -9999.0 -9999.0 -9999.0
-9999.0 -9999.0 -9999.0 -9999.0 -9999.0 -9999.0 -9999.0 -9999.0 0.020034 0.040038 0.040016 0.040009 0.040013 0.040023 0.040097 0.088566 0.163113 0.117860 0.073628 0.074967 0.277815 0.238994 0.238453 0.246517 0.091692 0.236596 0.383222 0.040220 0.020023 0.040009 0.040008 0.020023 0.040014 0.020024 0.040016 0.040018 0.040060 0.040672 0.040105 0.040017 0.040011 0.040006 0.020025 0.040018 0.040018 0.040051 0.020030 0.040016 0.040252 0.324300 0.505548 0.040197 0.040009 0.040007 0.040013 0.020035 0.040048 0.044245 0.484560 0.419207 0.081991 -9999.0 -9999.0
-9999.0 -9999.0 -9999.0 -9999.0 -9999.0 -9999.0 -9999.0 -9999.0 0.040012 0.040014 0.040019 0.040012 0.040010 0.020035 0.040059 0.040118 0.104426 0.255692 0.074872 0.252714 0.074277 0.161842 0.203821 0.084682 0.267317 0.151382 0.230303 0.040069 0.020026 0.040012 0.020026 0.040016 0.040022 0.040028 0.040028 0.040030 0.058811 0.504684 0.060461 0.040070 0.040016 0.020026 0.040017 0.040013 0.040032 0.040017 0.020022 0.040012 0.040021 0.072013 0.376902 0.075898 0.040011 0.040009 0.040023 0.040061 0.191040 0.485440 0.338867 0.481870 0.323478 -9999.0 -9999.0
-9999.0 -9999.0 -9999.0 -9999.0 -9999.0 -9999.0 -9999.0 -9999.0 0.020019 0.040018 0.040112 0.020023 0.040014 0.040035 0.040390 0.166744 0.078970 0.077091 0.313724 0.074200 0.076604 0.076709 0.180427 0.099236 0.101438 0.260321 0.045305 0.040037 0.040019 0.040082 0.040054 0.040134 0.050327 0.040110 0.040174 0.040049 0.085764 0.166107 0.411925 0.041299 0.040014 0.040015 0.040014 0.020033 0.040013 0.020027 0.040017 0.020031 0.040013 0.040045 0.077881 0.412918 0.075709 0.040038 0.082296 0.520000 0.441452 0.381369 0.222025 0.329684 0.332557 0.262086 -9999.0
-9999.0 -9999.0 -9999.0 -9999.0 -9999.0 -9999.0 -9999.0 -9999.0 0.040006 0.040016 0.040017 0.040051 0.040257 0.042837 0.076631 0.481193 0.474979 0.175067 0.238815 0.117472 0.080650 0.089116 0.079187 0.080269 0.306501 0.090679 0.040079 0.040518 0.040267 0.040541 0.040420 0.074941 0.520000 0.176454 0.076193 0.139820 0.343569 0.105723 0.090606 0.476417 0.084698 0.073639 0.040336 0.051740 0.040048 0.040034 0.040194 0.042627 0.040144 0.069532 0.449842 0.245412 0.359758 0.409697 0.520000 0.520000 0.520000 0.396581 0.374598 0.326302 0.192197 0.273399 -9999.0
-9999.0 -9999.0 0.040013 0.040016 0.040007 0.040026 0.040015 0.040018 0.040009 0.040012 0.040040 0.041337 0.045810 0.040553 0.320570 0.516993 0.070067 0.040070 0.040104 0.097612 0.116574 0.108877 0.361854 0.074711 0.091980 0.130065 0.083909 0.105760 0.305312 0.141960 0.067169 0.249713 0.520000 0.226669 0.371824 0.132037 0.263389 0.082535 0.078064 0.099610 0.317098 0.382344 0.256335 0.402545 0.089661 0.071497 0.462025 0.345605 0.354147 0.358708 0.284522 0.279548 0.424726 0.465320 0.520000 0.520000 0.477425 0.383166 0.387360 0.259267 0.413574 0.288913 -9999.0
-9999.0 0.040094 0.040056 0.040044 0.040029 0.040056 0.040015 0.040015 0.040011 0.040009 0.040022 0.040110 0.076810 0.040584 0.094133 0.040388 0.040038 0.040023 0.040051 0.074326 0.129067 0.139126 0.520000 0.242905 0.123316 0.097749 0.225793 0.273561 0.285977 0.371357 0.249910 0.290545 0.375667 0.362504 0.221975 0.206844 0.118605 0.073410 0.217864 0.235539 0.196566 0.235578 0.263557 0.109682 0.114403 0.115640 0.318171 0.095541 0.216949 0.182717 0.324213 0.394117 0.483707 0.520000 0.520000 0.520000 0.446197 0.410943 0.520000 0.098733 0.313177 0.293320 -9999.0
-9999.0 0.040073 0.040077 0.040141 0.040193 0.040051 0.040027 0.040012 0.040008 0.040008 0.040017 0.040069 0.131418 0.097067 0.043047 0.040012 0.040016 0.040019 0.040224 0.081161 0.146929 0.348627 0.257867 0.520000 0.409603 0.255099 0.074477 0.076730 0.231020 0.079197 0.073457 0.074520 0.307041 0.300070 0.315279 0.209864 0.260374 0.216064 0.134866 0.103398 0.144386 0.201007 0.173743 0.074187 0.071798 0.072310 0.176253 0.244625 0.266600 0.300442 0.346447 0.316727 0.393758 0.509787 0.472330 0.050983 0.057317 0.044485 0.051933 0.042319 0.053377 -9999.0 -9999.0
-9999.0 0.040021 0.040040 0.063037 0.295772 0.040224 0.040236 0.040047 0.040022 0.040023 0.040041 0.062178 0.151659 0.061779 0.040054 0.040010 0.040013 0.040028 0.040048 0.049503 0.041866 0.052954 0.199457 0.447655 0.447977 0.321775 0.317787 0.309803 0.078919 0.216959 0.074559 0.073760 0.264980 0.267284 0.213537 0.136069 0.140743 0.198999 0.109381 0.100109 0.103700 0.235693 0.161287 0.071865 0.072044 0.217974 0.224138 0.292001 0.328683 0.200408 0.366242 0.059580 0.060429 0.040203 0.040830 0.040081 0.040080 0.040048 0.040055 -9999.0 -9999.0 -9999.0 -9999.0
