user2019/resources/simulation/Vinschgau/output-maps/thetaliqL0001N1367.asc
ncols         63
nrows         48
xllcorner     598000.000000
yllcorner     5145000.000000
cellsize      1000.000000
NODATA_value  -9999.0
[rows 0 to 28 of 48, columns 0 to 62 of 63]
-9999.0 -9999.0 -9999.0 -9999.0 -9999.0 -9999.0 -9999.0 -9999.0 -9999.0 -9999.0 -9999.0 -9999.0 -9999.0 -9999.0 -9999.0 -9999.0 -9999.0 -9999.0 -9999.0 -9999.0 -9999.0 -9999.0 -9999.0 -9999.0 -9999.0 -9999.0 -9999.0 -9999.0 -9999.0 -9999.0 -9999.0 -9999.0 -9999.0 -9999.0 -9999.0 -9999.0 -9999.0 -9999.0 -9999.0 -9999.0 -9999.0 -9999.0 -9999.0 -9999.0 -9999.0 -9999.0 -9999.0 -9999.0 -9999.0 -9999.0 -9999.0 -9999.0 -9999.0 -9999.0 -9999.0 -9999.0 -9999.0 -9999.0 -9999.0 -9999.0 -9999.0 -9999.0 -9999.0
-9999.0 -9999.0 -9999.0 -9999.0 -9999.0 -9999.0 -9999.0 -9999.0 -9999.0 -9999.0 -9999.0 -9999.0 -9999.0 -9999.0 -9999.0 -9999.0 -9999.0 -9999.0 -9999.0 -9999.0 -9999.0 -9999.0 -9999.0 -9999.0 -9999.0 -9999.0 -9999.0 0.020133 0.042484 0.020215 0.040923 0.040187 0.040000 -9999.0 -9999.0 -9999.0 -9999.0 -9999.0 -9999.0 -9999.0 -9999.0 -9999.0 -9999.0 -9999.0 -9999.0 -9999.0 -9999.0 -9999.0 -9999.0 -9999.0 -9999.0 -9999.0 -9999.0 -9999.0 -9999.0 -9999.0 -9999.0 -9999.0 -9999.0 -9999.0 -9999.0 -9999.0 -9999.0
-9999.0 -9999.0 -9999.0 -9999.0 -9999.0 -9999.0 -9999.0 -9999.0 -9999.0 -9999.0 -9999.0 -9999.0 -9999.0 -9999.0 -9999.0 -9999.0 -9999.0 -9999.0 -9999.0 -9999.0 -9999.0 -9999.0 -9999.0 -9999.0 0.058853 0.068517 0.076336 0.058612 0.098276 0.051535 0.040449 -9999.0 -9999.0 -9999.0 -9999.0 -9999.0 -9999.0 -9999.0 -9999.0 -9999.0 -9999.0 -9999.0 -9999.0 -9999.0 -9999.0 -9999.0 -9999.0 -9999.0 -9999.0 -9999.0 -9999.0 -9999.0 -9999.0 -9999.0 -9999.0 -9999.0 -9999.0 -9999.0 -9999.0 -9999.0 -9999.0 -9999.0 -9999.0
-9999.0 -9999.0 -9999.0 -9999.0 -9999.0 -9999.0 -9999.0 -9999.0 -9999.0 -9999.0 -9999.0 -9999.0 -9999.0 -9999.0 -9999.0 -9999.0 -9999.0 -9999.0 -9999.0 -9999.0 -9999.0 -9999.0 -9999.0 0.064719 0.069207 0.067579 0.067333 0.066588 0.066455 0.041391 0.040443 0.040423 -9999.0 -9999.0 -9999.0 -9999.0 -9999.0 -9999.0 -9999.0 -9999.0 -9999.0 -9999.0 -9999.0 -9999.0 -9999.0 -9999.0 -9999.0 -9999.0 -9999.0 -9999.0 -9999.0 -9999.0 -9999.0 -9999.0 -9999.0 -9999.0 -9999.0 -9999.0 -9999.0 -9999.0 -9999.0 -9999.0 -9999.0
-9999.0 -9999.0 -9999.0 -9999.0 -9999.0 -9999.0 -9999.0 -9999.0 -9999.0 -9999.0 -9999.0 -9999.0 -9999.0 -9999.0 -9999.0 -9999.0 -9999.0 -9999.0 0.072928 0.048123 -9999.0 0.059693 0.060077 0.068132 0.069228 0.068551 0.076400 0.070571 0.072542 0.071935 0.043560 0.040998 0.020127 0.020067 -9999.0 -9999.0 -9999.0 -9999.0 -9999.0 -9999.0 -9999.0 -9999.0 -9999.0 -9999.0 -9999.0 -9999.0 -9999.0 -9999.0 -9999.0 -9999.0 -9999.0 -9999.0 -9999.0 -9999.0 -9999.0 -9999.0 -9999.0 -9999.0 -9999.0 -9999.0 -9999.0 -9999.0 -9999.0
-9999.0 -9999.0 -9999.0 -9999.0 -9999.0 -9999.0 -9999.0 -9999.0 -9999.0 -9999.0 -9999.0 -9999.0 -9999.0 -9999.0 -9999.0 -9999.0 -9999.0 0.067682 0.068763 0.022556 0.020424 0.074614 0.072351 0.070663 0.070634 0.085939 0.050513 0.074140 0.061042 0.074690 0.086659 0.042897 0.020245 0.020135 0.020085 0.020071 -9999.0 -9999.0 -9999.0 -9999.0 -9999.0 -9999.0 -9999.0 -9999.0 -9999.0 -9999.0 -9999.0 -9999.0 -9999.0 -9999.0 -9999.0 -9999.0 -9999.0 -9999.0 -9999.0 -9999.0 -9999.0 -9999.0 -9999.0 -9999.0 -9999.0 -9999.0 -9999.0
-9999.0 -9999.0 -9999.0 -9999.0 -9999.0 -9999.0 -9999.0 -9999.0 -9999.0 -9999.0 -9999.0 -9999.0 -9999.0 0.040599 0.071618 0.070285 0.068386 0.022511 0.068347 0.069648 0.070029 0.070433 0.069651 0.069331 0.097619 0.064461 0.020410 0.049564 0.043126 0.144631 0.040148 0.123630 0.044746 0.040964 0.020141 0.020071 -9999.0 -9999.0 -9999.0 -9999.0 -9999.0 -9999.0 -9999.0 -9999.0 -9999.0 -9999.0 -9999.0 -9999.0 -9999.0 -9999.0 -9999.0 -9999.0 -9999.0 -9999.0 -9999.0 -9999.0 -9999.0 -9999.0 -9999.0 -9999.0 -9999.0 -9999.0 -9999.0
-9999.0 -9999.0 -9999.0 -9999.0 -9999.0 -9999.0 -9999.0 -9999.0 -9999.0 -9999.0 -9999.0 -9999.0 -9999.0 0.065607 0.069000 0.068434 0.068809 0.066704 0.022505 0.069769 0.068921 0.067410 0.070437 0.072189 0.071048 0.070993 0.042807 0.020147 0.020134 0.045784 0.117456 0.041197 0.020134 0.020113 0.020118 -9999.0 -9999.0 -9999.0 -9999.0 -9999.0 -9999.0 -9999.0 -9999.0 -9999.0 -9999.0 -9999.0 -9999.0 -9999.0 -9999.0 -9999.0 -9999.0 -9999.0 -9999.0 -9999.0 -9999.0 -9999.0 -9999.0 -9999.0 -9999.0 -9999.0 -9999.0 -9999.0 -9999.0
-9999.0 -9999.0 -9999.0 -9999.0 -9999.0 -9999.0 -9999.0 -9999.0 -9999.0 -9999.0 -9999.0 -9999.0 -9999.0 0.068528 0.520000 0.067805 0.068924 0.069076 0.022496 0.068363 0.066904 0.022718 0.077181 0.052797 0.070127 0.070312 0.020323 0.020129 0.040548 0.020124 0.040475 0.020109 0.020087 0.020016 0.020073 -9999.0 -9999.0 -9999.0 -9999.0 -9999.0 -9999.0 -9999.0 -9999.0 -9999.0 -9999.0 -9999.0 -9999.0 -9999.0 -9999.0 -9999.0 -9999.0 -9999.0 -9999.0 -9999.0 -9999.0 -9999.0 -9999.0 -9999.0 -9999.0 -9999.0 -9999.0 -9999.0 -9999.0
-9999.0 -9999.0 -9999.0 -9999.0 -9999.0 -9999.0 -9999.0 -9999.0 -9999.0 -9999.0 -9999.0 -9999.0 0.069838 0.520000 0.068581 0.070671 0.071959 0.069825 0.064862 0.022564 0.070488 0.058847 0.072024 0.068697 0.040172 0.042659 0.040066 0.040437 0.047819 0.020130 0.040188 0.020124 0.040568 0.020063 -9999.0 -9999.0 -9999.0 -9999.0 -9999.0 -9999.0 -9999.0 -9999.0 -9999.0 -9999.0 -9999.0 -9999.0 -9999.0 -9999.0 -9999.0 -9999.0 -9999.0 -9999.0 -9999.0 -9999.0 -9999.0 -9999.0 -9999.0 -9999.0 -9999.0 -9999.0 -9999.0 -9999.0 -9999.0
-9999.0 -9999.0 -9999.0 -9999.0 -9999.0 -9999.0 -9999.0 -9999.0 -9999.0 -9999.0 -9999.0 0.041418 0.068476 0.405671 0.068165 0.068164 0.022545 0.068765 0.067477 0.022426 0.069916 0.070304 0.040455 0.041733 0.082807 0.046739 0.040426 0.041640 0.040132 0.020110 0.020116 0.045851 0.020139 0.020079 0.020118 0.020136 0.040585 0.040349 0.040198 -9999.0 -9999.0 -9999.0 0.020072 -9999.0 -9999.0 -9999.0 -9999.0 -9999.0 -9999.0 -9999.0 -9999.0 -9999.0 -9999.0 -9999.0 -9999.0 -9999.0 -9999.0 -9999.0 -9999.0 -9999.0 -9999.0 -9999.0 -9999.0
-9999.0 -9999.0 -9999.0 -9999.0 -9999.0 -9999.0 -9999.0 -9999.0 -9999.0 -9999.0 -9999.0 0.040839 0.067744 0.066063 0.066024 0.053184 0.065048 0.068076 0.066978 0.067218 0.067248 0.065882 0.114343 0.040047 0.040086 0.042162 0.041228 0.048841 0.020612 0.020095 0.041371 0.074761 0.040552 0.040484 0.040269 0.041488 0.042497 0.040209 0.040212 0.020077 0.020079 0.020076 0.040984 0.020127 -9999.0 -9999.0 -9999.0 0.040093 0.040111 0.020123 0.040169 0.020081 0.020080 0.040082 0.040086 0.020075 -9999.0 -9999.0 -9999.0 -9999.0 -9999.0 -9999.0 -9999.0
-9999.0 -9999.0 -9999.0 -9999.0 -9999.0 -9999.0 -9999.0 -9999.0 -9999.0 -9999.0 -9999.0 0.041170 0.040649 0.073820 0.072207 0.066639 0.073091 0.070176 0.065696 0.067262 0.072930 0.117369 0.040144 0.073368 0.042181 0.020136 0.040103 0.040051 0.020138 0.040389 0.020134 0.040057 0.058599 0.040699 0.020129 0.046163 0.040178 0.048339 0.040255 0.020104 0.040896 0.040184 0.057134 0.041615 0.040464 -9999.0 0.020064 0.040346 0.040672 0.044230 0.040269 0.020249 0.040304 0.040472 0.040343 0.040754 -9999.0 -9999.0 -9999.0 -9999.0 -9999.0 -9999.0 -9999.0
-9999.0 -9999.0 -9999.0 -9999.0 -9999.0 -9999.0 -9999.0 -9999.0 -9999.0 -9999.0 -9999.0 -9999.0 0.041397 0.202760 0.053757 0.061815 0.075306 0.071285 0.067019 0.067389 0.071833 0.076476 0.171180 0.040896 0.040037 0.040087 0.310580 0.040217 0.040590 0.020127 0.041199 0.040102 0.040221 0.040456 0.040558 0.042478 0.040114 0.049646 0.089324 0.040181 0.040243 0.020158 0.040774 0.101394 0.020133 0.040244 0.020109 0.040687 0.040037 0.040433 0.046526 0.040111 0.040046 0.040052 0.040035 0.040512 0.040632 -9999.0 -9999.0 -9999.0 -9999.0 -9999.0 -9999.0
-9999.0 -9999.0 -9999.0 -9999.0 -9999.0 -9999.0 -9999.0 -9999.0 -9999.0 -9999.0 -9999.0 0.040728 0.044425 0.045049 0.209148 0.065156 0.073744 0.072225 0.065548 0.069518 0.071173 0.075789 0.374173 0.040097 0.040106 0.040387 0.040614 0.040450 0.040424 0.020143 0.040090 0.040022 0.048250 0.040467 0.040236 0.041247 0.041694 0.040613 0.159023 0.040610 0.040618 0.053900 0.373676 0.021205 0.041192 0.040455 0.042208 0.020147 0.020266 0.088074 0.020047 0.040466 0.040022 0.020030 0.020026 0.020038 0.020128 -9999.0 -9999.0 -9999.0 -9999.0 -9999.0 -9999.0
-9999.0 -9999.0 -9999.0 -9999.0 -9999.0 -9999.0 -9999.0 -9999.0 -9999.0 -9999.0 0.310483 0.060924 0.052552 0.044261 0.041301 0.392852 0.379300 0.072731 0.070288 0.069800 0.069456 0.085785 0.040279 0.076741 0.110184 0.040124 0.040057 0.020036 0.040200 0.041150 0.097761 0.040524 0.045205 0.040473 0.020073 0.020133 0.041800 0.040203 0.043646 0.380152 0.211573 0.198220 0.059792 0.124067 0.061014 0.020147 0.043635 0.041813 0.060482 0.108358 0.020034 0.020120 0.020024 0.020055 0.020058 0.040461 0.040476 -9999.0 -9999.0 -9999.0 -9999.0 -9999.0 -9999.0
-9999.0 -9999.0 -9999.0 -9999.0 -9999.0 -9999.0 -9999.0 -9999.0 -9999.0 0.042810 0.130430 0.073545 0.071786 0.040580 0.104617 0.133262 0.061996 0.072264 0.069963 0.069408 0.068645 0.073668 0.079050 0.075734 0.291898 0.040067 0.040032 0.045540 0.062306 0.147111 0.372386 0.040056 0.020139 0.020089 0.020079 0.020132 0.044666 0.040084 0.040136 0.081951 0.040674 0.040692 0.040397 0.084527 0.074431 0.047685 0.044221 0.040272 0.040289 0.360091 0.040058 0.020130 0.020052 0.020051 0.020064 0.040020 0.040033 0.020132 0.020087 -9999.0 -9999.0 -9999.0 -9999.0
-9999.0 -9999.0 -9999.0 -9999.0 -9999.0 -9999.0 -9999.0 -9999.0 -9999.0 0.040238 0.042531 0.040678 0.519767 0.134565 0.056281 0.040456 0.069124 0.076687 0.069016 0.067295 0.067749 0.067032 0.076826 0.236530 0.040105 0.040069 0.040875 0.106790 0.273309 0.215270 0.080183 0.040041 0.042106 0.040647 0.040643 0.020126 0.020134 0.020149 0.042134 0.043556 0.040194 0.040058 0.042525 0.191030 0.073758 0.076638 0.075012 0.080879 0.126598 0.204126 0.040024 0.040011 0.020052 0.040080 0.020191 0.040014 0.040037 0.040056 0.020146 -9999.0 -9999.0 -9999.0 -9999.0
-9999.0 -9999.0 -9999.0 -9999.0 -9999.0 -9999.0 -9999.0 -9999.0 -9999.0 -9999.0 0.041183 0.042724 0.050116 0.040246 0.113611 0.067766 0.097152 0.073162 0.067897 0.069869 0.067673 0.072913 0.058396 0.041347 0.040099 0.082954 0.342405 0.181967 0.130096 0.040059 0.040044 0.040058 0.040019 0.040431 0.063829 0.048623 0.064377 0.090687 0.020136 0.041405 0.040596 0.105509 0.480223 0.047568 0.080278 0.173255 0.073422 0.073813 0.072431 0.099394 0.040047 0.040034 0.020061 0.020053 0.040079 0.040269 0.065523 0.040115 0.123081 0.050337 -9999.0 -9999.0 -9999.0
-9999.0 -9999.0 -9999.0 -9999.0 -9999.0 -9999.0 -9999.0 -9999.0 -9999.0 -9999.0 0.040461 0.044336 0.076277 0.094511 0.220461 0.078247 0.080811 0.071326 0.067422 0.068614 0.068890 0.070844 0.052438 0.043362 0.078972 0.298853 0.185878 0.155606 0.040081 0.040022 0.041233 0.164589 0.020042 0.040666 0.041505 0.128538 0.040133 0.084548 0.040053 0.040437 0.041872 0.020840 0.040721 0.041297 0.118440 0.041039 0.119717 0.090038 0.071859 0.073659 0.424952 0.040054 0.040016 0.020079 0.020048 0.020053 0.040134 0.040206 0.375293 0.278766 -9999.0 -9999.0 -9999.0
-9999.0 -9999.0 -9999.0 -9999.0 -9999.0 -9999.0 -9999.0 -9999.0 0.082413 0.041086 0.040180 0.110690 0.040192 0.042647 0.049007 0.120432 0.070276 0.066967 0.068348 0.068268 0.066658 0.067148 0.067562 0.068585 0.076220 0.201883 0.233805 0.040162 0.040073 0.040023 0.020120 0.041318 0.041472 0.040609 0.042105 0.042482 0.041695 0.149963 0.040030 0.020123 0.020145 0.112452 0.020047 0.020135 0.020153 0.378849 0.040033 0.041276 0.142974 0.143156 0.307269 0.040191 0.040026 0.040009 0.020055 0.040329 0.020135 0.117511 0.097881 0.072809 -9999.0 -9999.0 -9999.0
-9999.0 -9999.0 -9999.0 -9999.0 -9999.0 -9999.0 -9999.0 -9999.0 0.020081 0.040097 0.040030 0.040435 0.042490 0.040088 0.040130 0.149173 0.072676 0.071234 0.066966 0.067697 0.065748 0.064011 0.062992 0.062997 0.068802 0.074794 0.270987 0.060387 0.020044 0.040442 0.040685 0.020132 0.043092 0.020134 0.077724 0.081709 0.070442 0.379198 0.045974 0.043277 0.041354 0.040275 0.020137 0.041831 0.222711 0.040238 0.020041 0.045520 0.059838 0.181790 0.275513 0.055360 0.040018 0.040443 0.040717 0.020073 0.040162 0.143148 0.075805 0.073780 0.072221 -9999.0 -9999.0
-9999.0 -9999.0 -9999.0 -9999.0 -9999.0 -9999.0 -9999.0 -9999.0 0.041383 0.077198 0.117351 0.040020 0.112279 0.020051 0.040239 0.040165 0.079700 0.072102 0.067344 0.066583 0.067251 0.064551 0.063703 0.067902 0.067112 0.071713 0.244940 0.040086 0.020037 0.041410 0.020139 0.144437 0.040049 0.040066 0.124866 0.069928 0.153652 0.173778 0.056743 0.041377 0.044610 0.020139 0.070959 0.051554 0.040081 0.072868 0.020104 0.040831 0.040043 0.067908 0.093293 0.341472 0.040031 0.040019 0.044506 0.191556 0.375387 0.095564 0.072989 0.073553 0.072983 -9999.0 -9999.0
-9999.0 -9999.0 -9999.0 -9999.0 -9999.0 -9999.0 -9999.0 -9999.0 0.020123 0.047885 0.041303 0.020038 0.048585 0.040070 0.040710 0.280679 0.070255 0.068252 0.068431 0.067236 0.068339 0.067933 0.066146 0.067510 0.071276 0.093616 0.046295 0.040042 0.073686 0.042419 0.040320 0.055841 0.244773 0.412343 0.071136 0.040558 0.069371 0.071880 0.119277 0.060684 0.041023 0.040758 0.041027 0.020157 0.041492 0.020140 0.040196 0.020224 0.042040 0.040149 0.094597 0.079834 0.306395 0.051836 0.420349 0.313786 0.078704 0.073609 0.071410 0.073177 0.073834 0.076920 -9999.0
-9999.0 -9999.0 -9999.0 -9999.0 -9999.0 -9999.0 -9999.0 -9999.0 0.040095 0.069599 0.040087 0.040060 0.040477 0.042878 0.357626 0.080138 0.088269 0.078380 0.077997 0.071041 0.068638 0.069269 0.069606 0.070811 0.068834 0.078283 0.040101 0.076505 0.175148 0.431962 0.041050 0.312520 0.075852 0.196652 0.072538 0.075261 0.074039 0.070184 0.070955 0.079513 0.079159 0.076559 0.085001 0.119604 0.040209 0.040807 0.054655 0.135156 0.045884 0.288748 0.078070 0.079305 0.082622 0.156594 0.239334 0.219458 0.087207 0.076619 0.074530 0.072783 0.072739 0.077755 -9999.0
-9999.0 -9999.0 0.040197 0.062793 0.040043 0.040059 0.040005 0.040034 0.040447 0.040665 0.040113 0.040541 0.045053 0.468434 0.080244 0.490802 0.065885 0.040087 0.040882 0.132274 0.071525 0.068290 0.070764 0.068290 0.072321 0.073508 0.077948 0.083196 0.072354 0.078733 0.061332 0.076642 0.070594 0.071675 0.072454 0.071795 0.071485 0.068558 0.069736 0.072770 0.072462 0.071759 0.070580 0.074058 0.115477 0.069240 0.105079 0.101428 0.075962 0.073954 0.073919 0.076501 0.082489 0.144856 0.192598 0.087835 0.094755 0.078140 0.075192 0.073917 0.073761 0.080064 -9999.0
-9999.0 0.040625 0.040346 0.040150 0.040067 0.040176 0.040138 0.040027 0.040017 0.040441 0.040047 0.040146 0.448233 0.237539 0.473780 0.040913 0.040102 0.040048 0.040078 0.073196 0.072090 0.069730 0.069339 0.069729 0.067535 0.071804 0.068775 0.068493 0.070697 0.072623 0.073932 0.071762 0.070264 0.066950 0.069372 0.069321 0.068590 0.066448 0.069196 0.070052 0.069841 0.069324 0.068960 0.069353 0.070656 0.070005 0.071957 0.067866 0.069944 0.069168 0.074101 0.078021 0.093193 0.192436 0.203503 0.356460 0.319834 0.292114 0.352694 0.249489 0.194171 0.080652 -9999.0
-9999.0 0.152712 0.136077 0.131436 0.187052 0.084450 0.040030 0.040020 0.040412 0.040183 0.040032 0.040084 0.257008 0.338213 0.044983 0.040031 0.040029 0.040038 0.040195 0.142362 0.240412 0.085767 0.072851 0.076142 0.071179 0.068648 0.068143 0.069480 0.068955 0.066601 0.066497 0.066840 0.068615 0.068600 0.065855 0.067740 0.065843 0.065654 0.067244 0.067451 0.067078 0.067156 0.066761 0.065619 0.065393 0.065265 0.068386 0.068715 0.069806 0.071444 0.074467 0.079728 0.245984 0.352570 0.519662 0.049972 0.040083 0.046569 0.051231 0.043230 0.052812 -9999.0 -9999.0
-9999.0 0.040249 0.144248 0.186589 0.299641 0.246240 0.220322 0.040055 0.040046 0.040050 0.040122 0.057120 0.256590 0.426180 0.040064 0.040022 0.040022 0.040057 0.040057 0.041289 0.042763 0.051051 0.089694 0.075751 0.073035 0.072564 0.071105 0.070359 0.068927 0.068942 0.067952 0.067570 0.067878 0.067646 0.067431 0.067162 0.067145 0.065579 0.067120 0.066698 0.066373 0.064658 0.066091 0.065940 0.066232 0.066987 0.067854 0.069289 0.071518 0.070704 0.086977 0.186542 0.055819 0.443482 0.041506 0.040083 0.040079 0.040055 0.040062 -9999.0 -9999.0 -9999.0 -9999.0
