user2019/resources/simulation/Vinschgau/output-maps/thetaliqL0005N0523.asc
ncols         63
nrows         48
xllcorner     598000.000000
yllcorner     5145000.000000
cellsize      1000.000000
NODATA_value  -9999.0
[rows 0 to 28 of 48, columns 0 to 62 of 63]
-9999.0 -9999.0 -9999.0 -9999.0 -9999.0 -9999.0 -9999.0 -9999.0 -9999.0 -9999.0 -9999.0 -9999.0 -9999.0 -9999.0 -9999.0 -9999.0 -9999.0 -9999.0 -9999.0 -9999.0 -9999.0 -9999.0 -9999.0 -9999.0 -9999.0 -9999.0 -9999.0 -9999.0 -9999.0 -9999.0 -9999.0 -9999.0 -9999.0 -9999.0 -9999.0 -9999.0 -9999.0 -9999.0 -9999.0 -9999.0 -9999.0 -9999.0 -9999.0 -9999.0 -9999.0 -9999.0 -9999.0 -9999.0 -9999.0 -9999.0 -9999.0 -9999.0 -9999.0 -9999.0 -9999.0 -9999.0 -9999.0 -9999.0 -9999.0 -9999.0 -9999.0 -9999.0 -9999.0
-9999.0 -9999.0 -9999.0 -9999.0 -9999.0 -9999.0 -9999.0 -9999.0 -9999.0 -9999.0 -9999.0 -9999.0 -9999.0 -9999.0 -9999.0 -9999.0 -9999.0 -9999.0 -9999.0 -9999.0 -9999.0 -9999.0 -9999.0 -9999.0 -9999.0 -9999.0 -9999.0 0.037834 0.413536 0.039065 0.430000 0.187612 0.200000 -9999.0 -9999.0 -9999.0 -9999.0 -9999.0 -9999.0 -9999.0 -9999.0 -9999.0 -9999.0 -9999.0 -9999.0 -9999.0 -9999.0 -9999.0 -9999.0 -9999.0 -9999.0 -9999.0 -9999.0 -9999.0 -9999.0 -9999.0 -9999.0 -9999.0 -9999.0 -9999.0 -9999.0 -9999.0 -9999.0
-9999.0 -9999.0 -9999.0 -9999.0 -9999.0 -9999.0 -9999.0 -9999.0 -9999.0 -9999.0 -9999.0 -9999.0 -9999.0 -9999.0 -9999.0 -9999.0 -9999.0 -9999.0 -9999.0 -9999.0 -9999.0 -9999.0 -9999.0 -9999.0 0.406045 0.401975 0.414791 0.398539 0.430000 0.430000 0.412945 -9999.0 -9999.0 -9999.0 -9999.0 -9999.0 -9999.0 -9999.0 -9999.0 -9999.0 -9999.0 -9999.0 -9999.0 -9999.0 -9999.0 -9999.0 -9999.0 -9999.0 -9999.0 -9999.0 -9999.0 -9999.0 -9999.0 -9999.0 -9999.0 -9999.0 -9999.0 -9999.0 -9999.0 -9999.0 -9999.0 -9999.0 -9999.0
-9999.0 -9999.0 -9999.0 -9999.0 -9999.0 -9999.0 -9999.0 -9999.0 -9999.0 -9999.0 -9999.0 -9999.0 -9999.0 -9999.0 -9999.0 -9999.0 -9999.0 -9999.0 -9999.0 -9999.0 -9999.0 -9999.0 -9999.0 0.396850 0.408276 0.193651 0.180890 0.140493 0.430000 0.392709 0.403100 0.418838 -9999.0 -9999.0 -9999.0 -9999.0 -9999.0 -9999.0 -9999.0 -9999.0 -9999.0 -9999.0 -9999.0 -9999.0 -9999.0 -9999.0 -9999.0 -9999.0 -9999.0 -9999.0 -9999.0 -9999.0 -9999.0 -9999.0 -9999.0 -9999.0 -9999.0 -9999.0 -9999.0 -9999.0 -9999.0 -9999.0 -9999.0
-9999.0 -9999.0 -9999.0 -9999.0 -9999.0 -9999.0 -9999.0 -9999.0 -9999.0 -9999.0 -9999.0 -9999.0 -9999.0 -9999.0 -9999.0 -9999.0 -9999.0 -9999.0 0.409765 0.396257 -9999.0 0.406129 0.407994 0.299253 0.204136 0.074956 0.279724 0.347432 0.370428 0.278525 0.412000 0.420905 0.038598 0.039426 -9999.0 -9999.0 -9999.0 -9999.0 -9999.0 -9999.0 -9999.0 -9999.0 -9999.0 -9999.0 -9999.0 -9999.0 -9999.0 -9999.0 -9999.0 -9999.0 -9999.0 -9999.0 -9999.0 -9999.0 -9999.0 -9999.0 -9999.0 -9999.0 -9999.0 -9999.0 -9999.0 -9999.0 -9999.0
-9999.0 -9999.0 -9999.0 -9999.0 -9999.0 -9999.0 -9999.0 -9999.0 -9999.0 -9999.0 -9999.0 -9999.0 -9999.0 -9999.0 -9999.0 -9999.0 -9999.0 0.167562 0.348243 0.020398 0.035559 0.281905 0.276139 0.087266 0.259731 0.274309 0.344570 0.393418 0.356683 0.371407 0.430000 0.430000 0.035433 0.032283 0.037336 0.038399 -9999.0 -9999.0 -9999.0 -9999.0 -9999.0 -9999.0 -9999.0 -9999.0 -9999.0 -9999.0 -9999.0 -9999.0 -9999.0 -9999.0 -9999.0 -9999.0 -9999.0 -9999.0 -9999.0 -9999.0 -9999.0 -9999.0 -9999.0 -9999.0 -9999.0 -9999.0 -9999.0
-9999.0 -9999.0 -9999.0 -9999.0 -9999.0 -9999.0 -9999.0 -9999.0 -9999.0 -9999.0 -9999.0 -9999.0 -9999.0 0.414089 0.363441 0.242356 0.185065 0.040689 0.173084 0.230553 0.227495 0.147338 0.082944 0.286542 0.299365 0.406605 0.020307 0.430000 0.318222 0.351583 0.430000 0.430000 0.430000 0.430000 0.039682 0.039256 -9999.0 -9999.0 -9999.0 -9999.0 -9999.0 -9999.0 -9999.0 -9999.0 -9999.0 -9999.0 -9999.0 -9999.0 -9999.0 -9999.0 -9999.0 -9999.0 -9999.0 -9999.0 -9999.0 -9999.0 -9999.0 -9999.0 -9999.0 -9999.0 -9999.0 -9999.0 -9999.0
-9999.0 -9999.0 -9999.0 -9999.0 -9999.0 -9999.0 -9999.0 -9999.0 -9999.0 -9999.0 -9999.0 -9999.0 -9999.0 0.412421 0.358606 0.210596 0.195814 0.380589 0.035021 0.132683 0.228169 0.299835 0.314150 0.286633 0.383103 0.384739 0.389087 0.038794 0.039157 0.355373 0.430000 0.430000 0.039581 0.039659 0.039704 -9999.0 -9999.0 -9999.0 -9999.0 -9999.0 -9999.0 -9999.0 -9999.0 -9999.0 -9999.0 -9999.0 -9999.0 -9999.0 -9999.0 -9999.0 -9999.0 -9999.0 -9999.0 -9999.0 -9999.0 -9999.0 -9999.0 -9999.0 -9999.0 -9999.0 -9999.0 -9999.0 -9999.0
-9999.0 -9999.0 -9999.0 -9999.0 -9999.0 -9999.0 -9999.0 -9999.0 -9999.0 -9999.0 -9999.0 -9999.0 -9999.0 0.318752 0.430000 0.213286 0.219368 0.196831 0.035760 0.206251 0.392781 0.020345 0.390894 0.301566 0.362044 0.384606 0.036139 0.037403 0.411825 0.037650 0.430000 0.039486 0.039548 0.020236 0.039916 -9999.0 -9999.0 -9999.0 -9999.0 -9999.0 -9999.0 -9999.0 -9999.0 -9999.0 -9999.0 -9999.0 -9999.0 -9999.0 -9999.0 -9999.0 -9999.0 -9999.0 -9999.0 -9999.0 -9999.0 -9999.0 -9999.0 -9999.0 -9999.0 -9999.0 -9999.0 -9999.0 -9999.0
-9999.0 -9999.0 -9999.0 -9999.0 -9999.0 -9999.0 -9999.0 -9999.0 -9999.0 -9999.0 -9999.0 -9999.0 0.292099 0.430000 0.367741 0.362644 0.363591 0.252641 0.336658 0.020401 0.219289 0.307256 0.064685 0.342874 0.430000 0.409278 0.430000 0.406814 0.430000 0.039625 0.422911 0.039487 0.430000 0.039603 -9999.0 -9999.0 -9999.0 -9999.0 -9999.0 -9999.0 -9999.0 -9999.0 -9999.0 -9999.0 -9999.0 -9999.0 -9999.0 -9999.0 -9999.0 -9999.0 -9999.0 -9999.0 -9999.0 -9999.0 -9999.0 -9999.0 -9999.0 -9999.0 -9999.0 -9999.0 -9999.0 -9999.0 -9999.0
-9999.0 -9999.0 -9999.0 -9999.0 -9999.0 -9999.0 -9999.0 -9999.0 -9999.0 -9999.0 -9999.0 0.430000 0.430000 0.430000 0.369638 0.424845 0.020312 0.337154 0.409496 0.020001 0.389572 0.380969 0.421041 0.410390 0.430000 0.430000 0.417517 0.420680 0.430000 0.039475 0.039404 0.430000 0.039465 0.039157 0.038713 0.038268 0.188554 0.110619 0.068786 -9999.0 -9999.0 -9999.0 0.023956 -9999.0 -9999.0 -9999.0 -9999.0 -9999.0 -9999.0 -9999.0 -9999.0 -9999.0 -9999.0 -9999.0 -9999.0 -9999.0 -9999.0 -9999.0 -9999.0 -9999.0 -9999.0 -9999.0 -9999.0
-9999.0 -9999.0 -9999.0 -9999.0 -9999.0 -9999.0 -9999.0 -9999.0 -9999.0 -9999.0 -9999.0 0.430000 0.390581 0.430000 0.373293 0.421020 0.350376 0.244380 0.375395 0.418198 0.416824 0.415558 0.423907 0.405336 0.430000 0.422369 0.402113 0.430000 0.040317 0.039309 0.430000 0.430000 0.394768 0.421341 0.365171 0.387018 0.138214 0.063353 0.063461 0.023161 0.026713 0.035279 0.405635 0.037192 -9999.0 -9999.0 -9999.0 0.430000 0.427211 0.039531 0.430000 0.039566 0.039979 0.430000 0.430000 0.040065 -9999.0 -9999.0 -9999.0 -9999.0 -9999.0 -9999.0 -9999.0
-9999.0 -9999.0 -9999.0 -9999.0 -9999.0 -9999.0 -9999.0 -9999.0 -9999.0 -9999.0 -9999.0 0.430000 0.419362 0.430000 0.429418 0.426878 0.429826 0.430000 0.430000 0.372010 0.414289 0.421562 0.400433 0.415527 0.421410 0.037645 0.411539 0.430000 0.038084 0.412084 0.038782 0.430000 0.418955 0.395758 0.037090 0.281895 0.078486 0.052267 0.056027 0.021504 0.076070 0.119302 0.408954 0.389504 0.392862 -9999.0 0.039203 0.430000 0.430000 0.430000 0.199973 0.040553 0.199995 0.430000 0.200000 0.430000 -9999.0 -9999.0 -9999.0 -9999.0 -9999.0 -9999.0 -9999.0
-9999.0 -9999.0 -9999.0 -9999.0 -9999.0 -9999.0 -9999.0 -9999.0 -9999.0 -9999.0 -9999.0 -9999.0 0.430000 0.430000 0.405193 0.415687 0.424168 0.409528 0.430000 0.402435 0.414873 0.430000 0.430000 0.430000 0.399158 0.401812 0.430000 0.197273 0.429065 0.038758 0.409819 0.430000 0.186761 0.397210 0.386829 0.288101 0.077043 0.064772 0.062155 0.049706 0.099636 0.023550 0.410101 0.401423 0.034738 0.411451 0.039112 0.429451 0.430000 0.430000 0.430000 0.430000 0.430000 0.430000 0.430000 0.430000 0.430000 -9999.0 -9999.0 -9999.0 -9999.0 -9999.0 -9999.0
-9999.0 -9999.0 -9999.0 -9999.0 -9999.0 -9999.0 -9999.0 -9999.0 -9999.0 -9999.0 -9999.0 0.430000 0.419116 0.197006 0.430000 0.430000 0.430000 0.430000 0.430000 0.361915 0.429956 0.430000 0.430000 0.389566 0.392798 0.430000 0.420806 0.412748 0.391685 0.038353 0.408421 0.430000 0.430000 0.406449 0.389503 0.365546 0.103076 0.055649 0.081669 0.063760 0.063567 0.082944 0.392102 0.020337 0.402019 0.403300 0.430000 0.036610 0.036542 0.063951 0.020326 0.430000 0.430000 0.020611 0.020652 0.039506 0.041132 -9999.0 -9999.0 -9999.0 -9999.0 -9999.0 -9999.0
-9999.0 -9999.0 -9999.0 -9999.0 -9999.0 -9999.0 -9999.0 -9999.0 -9999.0 -9999.0 0.430000 0.430000 0.412788 0.409526 0.408586 0.430000 0.430000 0.389460 0.254204 0.313278 0.430000 0.430000 0.398971 0.387019 0.399620 0.430000 0.428527 0.020311 0.191235 0.408120 0.430000 0.430000 0.426570 0.424870 0.039308 0.038798 0.270693 0.080649 0.109939 0.085838 0.074358 0.020340 0.051564 0.307427 0.394666 0.034912 0.429543 0.430000 0.430000 0.410249 0.020338 0.038155 0.020889 0.039565 0.039573 0.430000 0.430000 -9999.0 -9999.0 -9999.0 -9999.0 -9999.0 -9999.0
-9999.0 -9999.0 -9999.0 -9999.0 -9999.0 -9999.0 -9999.0 -9999.0 -9999.0 0.428869 0.430000 0.430000 0.430000 0.401029 0.430000 0.430000 0.393265 0.396897 0.367938 0.243975 0.424429 0.279143 0.389928 0.317192 0.356195 0.427869 0.385610 0.404233 0.415734 0.407299 0.430000 0.131994 0.038488 0.038979 0.038469 0.038244 0.430000 0.303024 0.130632 0.395529 0.343764 0.314875 0.311169 0.180904 0.391356 0.374240 0.408669 0.333740 0.350968 0.428057 0.091861 0.039095 0.039966 0.040173 0.040349 0.430000 0.430000 0.073710 0.041757 -9999.0 -9999.0 -9999.0 -9999.0
-9999.0 -9999.0 -9999.0 -9999.0 -9999.0 -9999.0 -9999.0 -9999.0 -9999.0 0.200000 0.430000 0.430000 0.430000 0.397666 0.385638 0.383535 0.405107 0.390190 0.370193 0.209580 0.243170 0.243350 0.345089 0.394989 0.419657 0.368130 0.390496 0.391997 0.360376 0.378429 0.428013 0.430000 0.430000 0.408075 0.430000 0.034358 0.034218 0.035775 0.380571 0.430000 0.406276 0.380569 0.210634 0.365773 0.289676 0.261006 0.333473 0.216852 0.306200 0.364309 0.135521 0.430000 0.041376 0.430000 0.079071 0.430000 0.430000 0.430000 0.063695 -9999.0 -9999.0 -9999.0 -9999.0
-9999.0 -9999.0 -9999.0 -9999.0 -9999.0 -9999.0 -9999.0 -9999.0 -9999.0 -9999.0 0.423172 0.430000 0.430000 0.430000 0.397187 0.382862 0.392587 0.394282 0.354458 0.211561 0.299325 0.374933 0.385902 0.411419 0.363900 0.378770 0.384966 0.371214 0.426191 0.429934 0.430000 0.430000 0.430000 0.430000 0.430000 0.430000 0.377779 0.413204 0.036955 0.430000 0.416077 0.400961 0.430000 0.396691 0.429019 0.402175 0.416692 0.358192 0.332441 0.416706 0.132335 0.098576 0.039394 0.040196 0.430000 0.430000 0.430000 0.430000 0.430000 0.396621 -9999.0 -9999.0 -9999.0
-9999.0 -9999.0 -9999.0 -9999.0 -9999.0 -9999.0 -9999.0 -9999.0 -9999.0 -9999.0 0.430000 0.430000 0.422796 0.430000 0.383691 0.387958 0.388437 0.279653 0.185103 0.199973 0.193716 0.272153 0.346945 0.334203 0.360280 0.359639 0.366386 0.430000 0.430000 0.430000 0.427407 0.430000 0.020118 0.416513 0.421378 0.430000 0.430000 0.430000 0.430000 0.419746 0.430000 0.067071 0.430000 0.419506 0.424114 0.128377 0.413404 0.429905 0.430000 0.392807 0.430000 0.430000 0.430000 0.040628 0.044188 0.042133 0.430000 0.430000 0.430000 0.430000 -9999.0 -9999.0 -9999.0
-9999.0 -9999.0 -9999.0 -9999.0 -9999.0 -9999.0 -9999.0 -9999.0 0.429846 0.415560 0.191451 0.430000 0.430000 0.430000 0.430000 0.359095 0.277080 0.225881 0.164230 0.191651 0.166450 0.175261 0.217823 0.223533 0.243770 0.361639 0.423061 0.430000 0.430000 0.430000 0.037656 0.430000 0.429056 0.417282 0.430000 0.425864 0.406355 0.430000 0.430000 0.037602 0.037957 0.430000 0.020331 0.038279 0.037614 0.430000 0.430000 0.424310 0.430000 0.393146 0.430000 0.137488 0.430000 0.430000 0.038553 0.199836 0.071236 0.413625 0.406943 0.430000 -9999.0 -9999.0 -9999.0
-9999.0 -9999.0 -9999.0 -9999.0 -9999.0 -9999.0 -9999.0 -9999.0 0.200000 0.430000 0.430000 0.420961 0.423255 0.430000 0.415040 0.407845 0.389317 0.293635 0.186054 0.176972 0.227874 0.175457 0.236762 0.222570 0.160942 0.355284 0.430000 0.430000 0.020346 0.408065 0.411135 0.036711 0.430000 0.037098 0.430000 0.430000 0.430000 0.430000 0.430000 0.430000 0.430000 0.133637 0.038782 0.430000 0.430000 0.430000 0.020241 0.430000 0.430000 0.427452 0.402495 0.430000 0.430000 0.429980 0.192150 0.020118 0.428013 0.429429 0.421110 0.430000 0.215641 -9999.0 -9999.0
-9999.0 -9999.0 -9999.0 -9999.0 -9999.0 -9999.0 -9999.0 -9999.0 0.430000 0.430000 0.430000 0.430000 0.430000 0.020612 0.415831 0.416188 0.351762 0.193198 0.146324 0.241372 0.170420 0.165785 0.169628 0.149162 0.248685 0.383102 0.410264 0.427435 0.020344 0.421558 0.036141 0.430000 0.430000 0.092961 0.430000 0.430000 0.430000 0.430000 0.430000 0.430000 0.430000 0.037922 0.430000 0.430000 0.430000 0.430000 0.037306 0.418645 0.426773 0.430000 0.368307 0.430000 0.430000 0.430000 0.430000 0.430000 0.430000 0.430000 0.430000 0.430000 0.335186 -9999.0 -9999.0
-9999.0 -9999.0 -9999.0 -9999.0 -9999.0 -9999.0 -9999.0 -9999.0 0.038433 0.430000 0.430000 0.020344 0.430000 0.430000 0.135369 0.411511 0.391418 0.188006 0.270042 0.167972 0.175663 0.174188 0.170812 0.182609 0.214130 0.367540 0.398473 0.417419 0.398462 0.430000 0.417073 0.430000 0.085857 0.430000 0.091894 0.402549 0.410607 0.395403 0.430000 0.430000 0.430000 0.430000 0.430000 0.036885 0.415397 0.037098 0.194476 0.037531 0.394541 0.404337 0.401075 0.380634 0.430000 0.393191 0.430000 0.430000 0.430000 0.430000 0.430000 0.371439 0.411903 0.411167 -9999.0
-9999.0 -9999.0 -9999.0 -9999.0 -9999.0 -9999.0 -9999.0 -9999.0 0.420515 0.430000 0.430000 0.430000 0.430000 0.430000 0.424889 0.430000 0.385110 0.386822 0.378175 0.330911 0.179460 0.176203 0.179645 0.189294 0.204953 0.295723 0.370473 0.379246 0.390078 0.430000 0.423583 0.430000 0.430000 0.430000 0.430000 0.430000 0.430000 0.401222 0.430000 0.430000 0.430000 0.093910 0.430000 0.088757 0.430000 0.427054 0.430000 0.430000 0.397364 0.407324 0.399879 0.282633 0.360566 0.396405 0.430000 0.430000 0.430000 0.430000 0.430000 0.425671 0.409679 0.408555 -9999.0
-9999.0 -9999.0 0.189901 0.418522 0.430000 0.430000 0.430000 0.430000 0.429467 0.430000 0.430000 0.430000 0.430000 0.430000 0.401278 0.391660 0.430000 0.421769 0.392853 0.386141 0.269488 0.220277 0.270184 0.152686 0.198237 0.194728 0.272286 0.332289 0.430000 0.430000 0.387054 0.416085 0.430000 0.430000 0.430000 0.424115 0.427650 0.401704 0.430000 0.430000 0.430000 0.430000 0.430000 0.430000 0.430000 0.419848 0.423943 0.430000 0.430000 0.409783 0.304887 0.238317 0.430000 0.430000 0.430000 0.430000 0.430000 0.430000 0.430000 0.419300 0.417987 0.418319 -9999.0
-9999.0 0.403131 0.430000 0.417432 0.390833 0.430000 0.430000 0.430000 0.430000 0.430000 0.430000 0.430000 0.430000 0.430000 0.430000 0.430000 0.428430 0.402336 0.381629 0.385837 0.204114 0.430000 0.430000 0.212089 0.170067 0.155648 0.188933 0.194436 0.430000 0.414989 0.188421 0.335711 0.430000 0.430000 0.422747 0.319859 0.390340 0.388842 0.430000 0.429952 0.417076 0.430000 0.430000 0.411261 0.364574 0.377480 0.406053 0.414627 0.430000 0.288279 0.358176 0.430000 0.430000 0.430000 0.430000 0.430000 0.430000 0.430000 0.430000 0.420619 0.430000 0.428695 -9999.0
-9999.0 0.430000 0.430000 0.430000 0.382262 0.430000 0.430000 0.430000 0.410062 0.189908 0.416961 0.430000 0.430000 0.430000 0.430000 0.430000 0.430000 0.399652 0.430000 0.430000 0.430000 0.430000 0.430000 0.422597 0.316976 0.225818 0.142938 0.140495 0.307150 0.243301 0.121259 0.130668 0.430000 0.430000 0.430000 0.430000 0.331216 0.381282 0.430000 0.273577 0.430000 0.430000 0.430000 0.221130 0.154596 0.142055 0.278256 0.396253 0.384536 0.403349 0.427890 0.402364 0.410846 0.430000 0.430000 0.430000 0.430000 0.430000 0.430000 0.429338 0.430000 -9999.0 -9999.0
-9999.0 0.197122 0.430000 0.430000 0.430000 0.430000 0.419087 0.430000 0.410782 0.420984 0.421994 0.430000 0.399086 0.430000 0.430000 0.430000 0.421374 0.430000 0.430000 0.430000 0.380283 0.365499 0.220991 0.385450 0.430000 0.375852 0.430000 0.430000 0.177938 0.339718 0.164320 0.153895 0.430000 0.430000 0.430000 0.276766 0.407004 0.339241 0.403379 0.238422 0.243899 0.430000 0.413206 0.176084 0.171729 0.430000 0.424770 0.430000 0.430000 0.430000 0.430000 0.430000 0.430000 0.430000 0.430000 0.430000 0.430000 0.430000 0.430000 -9999.0 -9999.0 -9999.0 -9999.0
