user2019/resources/simulation/Vinschgau/output-maps/thetaiceL0006N0188.asc
ncols         63
nrows         48
xllcorner     598000.000000
yllcorner     5145000.000000
cellsize      1000.000000
NODATA_value  -9999.0
[rows 0 to 28 of 48, columns 0 to 62 of 63]
-9999.0 -9999.0 -9999.0 -9999.0 -9999.0 -9999.0 -9999.0 -9999.0 -9999.0 -9999.0 -9999.0 -9999.0 -9999.0 -9999.0 -9999.0 -9999.0 -9999.0 -9999.0 -9999.0 -9999.0 -9999.0 -9999.0 -9999.0 -9999.0 -9999.0 -9999.0 -9999.0 -9999.0 -9999.0 -9999.0 -9999.0 -9999.0 -9999.0 -9999.0 -9999.0 -9999.0 -9999.0 -9999.0 -9999.0 -9999.0 -9999.0 -9999.0 -9999.0 -9999.0 -9999.0 -9999.0 -9999.0 -9999.0 -9999.0 -9999.0 -9999.0 -9999.0 -9999.0 -9999.0 -9999.0 -9999.0 -9999.0 -9999.0 -9999.0 -9999.0 -9999.0 -9999.0 -9999.0
-9999.0 -9999.0 -9999.0 -9999.0 -9999.0 -9999.0 -9999.0 -9999.0 -9999.0 -9999.0 -9999.0 -9999.0 -9999.0 -9999.0 -9999.0 -9999.0 -9999.0 -9999.0 -9999.0 -9999.0 -9999.0 -9999.0 -9999.0 -9999.0 -9999.0 -9999.0 -9999.0 0.022329 0.022296 0.022303 0.022318 0.022332 0.022333 -9999.0 -9999.0 -9999.0 -9999.0 -9999.0 -9999.0 -9999.0 -9999.0 -9999.0 -9999.0 -9999.0 -9999.0 -9999.0 -9999.0 -9999.0 -9999.0 -9999.0 -9999.0 -9999.0 -9999.0 -9999.0 -9999.0 -9999.0 -9999.0 -9999.0 -9999.0 -9999.0 -9999.0 -9999.0 -9999.0
-9999.0 -9999.0 -9999.0 -9999.0 -9999.0 -9999.0 -9999.0 -9999.0 -9999.0 -9999.0 -9999.0 -9999.0 -9999.0 -9999.0 -9999.0 -9999.0 -9999.0 -9999.0 -9999.0 -9999.0 -9999.0 -9999.0 -9999.0 -9999.0 0.068929 0.071169 0.071489 0.070875 0.072312 0.022303 0.022310 -9999.0 -9999.0 -9999.0 -9999.0 -9999.0 -9999.0 -9999.0 -9999.0 -9999.0 -9999.0 -9999.0 -9999.0 -9999.0 -9999.0 -9999.0 -9999.0 -9999.0 -9999.0 -9999.0 -9999.0 -9999.0 -9999.0 -9999.0 -9999.0 -9999.0 -9999.0 -9999.0 -9999.0 -9999.0 -9999.0 -9999.0 -9999.0
-9999.0 -9999.0 -9999.0 -9999.0 -9999.0 -9999.0 -9999.0 -9999.0 -9999.0 -9999.0 -9999.0 -9999.0 -9999.0 -9999.0 -9999.0 -9999.0 -9999.0 -9999.0 -9999.0 -9999.0 -9999.0 -9999.0 -9999.0 0.069109 0.076154 0.204044 0.250200 0.070313 0.027906 0.022315 0.022302 0.022317 -9999.0 -9999.0 -9999.0 -9999.0 -9999.0 -9999.0 -9999.0 -9999.0 -9999.0 -9999.0 -9999.0 -9999.0 -9999.0 -9999.0 -9999.0 -9999.0 -9999.0 -9999.0 -9999.0 -9999.0 -9999.0 -9999.0 -9999.0 -9999.0 -9999.0 -9999.0 -9999.0 -9999.0 -9999.0 -9999.0 -9999.0
-9999.0 -9999.0 -9999.0 -9999.0 -9999.0 -9999.0 -9999.0 -9999.0 -9999.0 -9999.0 -9999.0 -9999.0 -9999.0 -9999.0 -9999.0 -9999.0 -9999.0 -9999.0 0.172901 0.102862 -9999.0 0.068616 0.069420 0.078823 0.265776 0.059800 0.318667 0.306267 0.368493 0.113725 0.022313 0.022300 0.022326 0.022340 -9999.0 -9999.0 -9999.0 -9999.0 -9999.0 -9999.0 -9999.0 -9999.0 -9999.0 -9999.0 -9999.0 -9999.0 -9999.0 -9999.0 -9999.0 -9999.0 -9999.0 -9999.0 -9999.0 -9999.0 -9999.0 -9999.0 -9999.0 -9999.0 -9999.0 -9999.0 -9999.0 -9999.0 -9999.0
-9999.0 -9999.0 -9999.0 -9999.0 -9999.0 -9999.0 -9999.0 -9999.0 -9999.0 -9999.0 -9999.0 -9999.0 -9999.0 -9999.0 -9999.0 -9999.0 -9999.0 0.353314 0.282940 0.000694 0.022271 0.279697 0.098291 0.028855 0.360388 0.070044 0.060982 0.067387 0.059445 0.313978 0.080721 0.022314 0.022296 0.022304 0.022334 0.022345 -9999.0 -9999.0 -9999.0 -9999.0 -9999.0 -9999.0 -9999.0 -9999.0 -9999.0 -9999.0 -9999.0 -9999.0 -9999.0 -9999.0 -9999.0 -9999.0 -9999.0 -9999.0 -9999.0 -9999.0 -9999.0 -9999.0 -9999.0 -9999.0 -9999.0 -9999.0 -9999.0
-9999.0 -9999.0 -9999.0 -9999.0 -9999.0 -9999.0 -9999.0 -9999.0 -9999.0 -9999.0 -9999.0 -9999.0 -9999.0 0.022270 0.087164 0.357187 0.349709 0.022282 0.352973 0.060783 0.298378 0.309783 0.050137 0.358055 0.067511 0.082248 0.019612 0.017091 0.017482 0.066494 0.068295 0.071705 0.022317 0.022336 0.022345 0.022344 -9999.0 -9999.0 -9999.0 -9999.0 -9999.0 -9999.0 -9999.0 -9999.0 -9999.0 -9999.0 -9999.0 -9999.0 -9999.0 -9999.0 -9999.0 -9999.0 -9999.0 -9999.0 -9999.0 -9999.0 -9999.0 -9999.0 -9999.0 -9999.0 -9999.0 -9999.0 -9999.0
-9999.0 -9999.0 -9999.0 -9999.0 -9999.0 -9999.0 -9999.0 -9999.0 -9999.0 -9999.0 -9999.0 -9999.0 -9999.0 0.088663 0.121415 0.352323 0.351921 0.353396 0.022288 0.252439 0.047099 0.035859 0.318695 0.073871 0.071935 0.017758 0.022306 0.022337 0.022338 0.021083 0.061914 0.022326 0.022345 0.022345 0.022345 -9999.0 -9999.0 -9999.0 -9999.0 -9999.0 -9999.0 -9999.0 -9999.0 -9999.0 -9999.0 -9999.0 -9999.0 -9999.0 -9999.0 -9999.0 -9999.0 -9999.0 -9999.0 -9999.0 -9999.0 -9999.0 -9999.0 -9999.0 -9999.0 -9999.0 -9999.0 -9999.0 -9999.0
-9999.0 -9999.0 -9999.0 -9999.0 -9999.0 -9999.0 -9999.0 -9999.0 -9999.0 -9999.0 -9999.0 -9999.0 -9999.0 0.075505 0.294951 0.153293 0.353538 0.353276 0.022283 0.362021 0.130034 0.015725 0.070930 0.062809 0.067209 0.069847 0.022299 0.022338 0.022305 0.022342 0.022323 0.022345 0.022345 0.022346 0.022345 -9999.0 -9999.0 -9999.0 -9999.0 -9999.0 -9999.0 -9999.0 -9999.0 -9999.0 -9999.0 -9999.0 -9999.0 -9999.0 -9999.0 -9999.0 -9999.0 -9999.0 -9999.0 -9999.0 -9999.0 -9999.0 -9999.0 -9999.0 -9999.0 -9999.0 -9999.0 -9999.0 -9999.0
-9999.0 -9999.0 -9999.0 -9999.0 -9999.0 -9999.0 -9999.0 -9999.0 -9999.0 -9999.0 -9999.0 -9999.0 0.029908 0.219736 0.165264 0.067779 0.262809 0.355897 0.383031 0.000141 0.072202 0.066080 0.017786 0.062375 0.289245 0.022320 0.063972 0.022308 0.022310 0.022339 0.022324 0.022333 0.022306 0.022347 -9999.0 -9999.0 -9999.0 -9999.0 -9999.0 -9999.0 -9999.0 -9999.0 -9999.0 -9999.0 -9999.0 -9999.0 -9999.0 -9999.0 -9999.0 -9999.0 -9999.0 -9999.0 -9999.0 -9999.0 -9999.0 -9999.0 -9999.0 -9999.0 -9999.0 -9999.0 -9999.0 -9999.0 -9999.0
-9999.0 -9999.0 -9999.0 -9999.0 -9999.0 -9999.0 -9999.0 -9999.0 -9999.0 -9999.0 -9999.0 0.061838 0.068287 0.222455 0.063260 0.055208 0.019061 0.356303 0.355341 0.000151 0.037678 0.225635 0.022282 0.022314 0.017705 0.022312 0.022322 0.022289 0.064838 0.022343 0.022332 0.022543 0.022349 0.022348 0.022361 0.022339 0.022326 0.034118 0.022337 -9999.0 -9999.0 -9999.0 0.022346 -9999.0 -9999.0 -9999.0 -9999.0 -9999.0 -9999.0 -9999.0 -9999.0 -9999.0 -9999.0 -9999.0 -9999.0 -9999.0 -9999.0 -9999.0 -9999.0 -9999.0 -9999.0 -9999.0 -9999.0
-9999.0 -9999.0 -9999.0 -9999.0 -9999.0 -9999.0 -9999.0 -9999.0 -9999.0 -9999.0 -9999.0 0.065714 0.063909 0.041296 0.082495 0.022306 0.073032 0.168879 0.355172 0.344379 0.342958 0.067719 0.069947 0.062911 0.056506 0.022311 0.022299 0.022295 0.022326 0.022339 0.022311 0.022314 0.022319 0.022335 0.022349 0.022324 0.030307 0.028637 0.028911 0.022333 0.022309 0.022367 0.022326 0.022344 -9999.0 -9999.0 -9999.0 0.223416 0.022129 0.022189 0.022111 0.022168 0.022185 0.002440 0.001549 0.022164 -9999.0 -9999.0 -9999.0 -9999.0 -9999.0 -9999.0 -9999.0
-9999.0 -9999.0 -9999.0 -9999.0 -9999.0 -9999.0 -9999.0 -9999.0 -9999.0 -9999.0 -9999.0 0.067339 0.060326 0.019077 0.295209 0.022291 0.127910 0.330518 0.319586 0.356847 0.351891 0.029235 0.100595 0.067800 0.022319 0.022288 0.086167 0.020292 0.022330 0.022313 0.022340 0.017735 0.029731 0.022351 0.022352 0.034045 0.080735 0.005911 0.023506 0.022309 0.031238 0.022315 0.035506 0.022319 0.022329 -9999.0 0.022321 0.022125 0.022023 0.035606 0.021715 0.022123 0.029479 0.001213 0.000000 0.001650 -9999.0 -9999.0 -9999.0 -9999.0 -9999.0 -9999.0 -9999.0
-9999.0 -9999.0 -9999.0 -9999.0 -9999.0 -9999.0 -9999.0 -9999.0 -9999.0 -9999.0 -9999.0 -9999.0 0.055097 0.293163 0.142426 0.123835 0.127568 0.243057 0.357951 0.361256 0.281829 0.026829 0.035754 0.074636 0.062650 0.091820 0.236899 0.022321 0.022312 0.022333 0.022303 0.067053 0.022310 0.022332 0.022337 0.022326 0.060954 0.072043 0.073935 0.022301 0.081779 0.022330 0.027353 0.124671 0.022313 0.022271 0.022309 0.022134 0.019326 0.069387 0.279660 0.060513 0.195890 0.130323 0.054106 0.051348 0.068571 -9999.0 -9999.0 -9999.0 -9999.0 -9999.0 -9999.0
-9999.0 -9999.0 -9999.0 -9999.0 -9999.0 -9999.0 -9999.0 -9999.0 -9999.0 -9999.0 -9999.0 0.309238 0.070933 0.022289 0.102865 0.103170 0.082211 0.267163 0.349544 0.351163 0.184371 0.269588 0.096617 0.030016 0.104710 0.131973 0.283319 0.022322 0.022297 0.022287 0.074311 0.073555 0.035255 0.022349 0.022336 0.022354 0.022345 0.015569 0.341241 0.026003 0.023215 0.085048 0.105368 0.004550 0.059663 0.022278 0.022201 0.022271 0.022181 0.013893 0.022225 0.022300 0.067409 0.022298 0.022283 0.022319 0.022175 -9999.0 -9999.0 -9999.0 -9999.0 -9999.0 -9999.0
-9999.0 -9999.0 -9999.0 -9999.0 -9999.0 -9999.0 -9999.0 -9999.0 -9999.0 -9999.0 0.260505 0.100269 0.135244 0.078427 0.142113 0.097569 0.070609 0.086766 0.354940 0.361098 0.355055 0.333548 0.029844 0.165540 0.080210 0.265788 0.021223 0.022175 0.022309 0.045870 0.120387 0.060819 0.022309 0.022329 0.022347 0.022341 0.025807 0.060408 0.091322 0.081135 0.025470 0.019892 0.022326 0.351824 0.129799 0.022295 0.022128 0.018125 0.163363 0.097758 0.021431 0.022317 0.022297 0.022319 0.022307 0.003006 0.002377 -9999.0 -9999.0 -9999.0 -9999.0 -9999.0 -9999.0
-9999.0 -9999.0 -9999.0 -9999.0 -9999.0 -9999.0 -9999.0 -9999.0 -9999.0 0.022293 0.260089 0.273361 0.114561 0.094347 0.262217 0.068423 0.061703 0.129483 0.245766 0.350169 0.360881 0.080168 0.040544 0.224458 0.288515 0.021825 0.071462 0.054305 0.037355 0.134497 0.078411 0.021811 0.022345 0.022346 0.022343 0.022352 0.022320 0.059237 0.059568 0.066758 0.079754 0.059532 0.021729 0.201042 0.041251 0.028020 0.099089 0.008296 0.014019 0.359283 0.016294 0.022180 0.022321 0.022296 0.022173 0.020778 0.011733 0.022091 0.022141 -9999.0 -9999.0 -9999.0 -9999.0
-9999.0 -9999.0 -9999.0 -9999.0 -9999.0 -9999.0 -9999.0 -9999.0 -9999.0 0.022303 0.022292 0.022277 0.339444 0.074116 0.080912 0.102768 0.003342 0.069623 0.300816 0.361747 0.362168 0.365104 0.349893 0.130224 0.021786 0.114581 0.079132 0.122054 0.360029 0.299300 0.020808 0.021581 0.022318 0.022343 0.022314 0.022295 0.022311 0.022303 0.022329 0.022313 0.285853 0.022186 0.099662 0.080589 0.353578 0.363040 0.372300 0.060678 0.053755 0.130836 0.021605 0.019653 0.022295 0.022263 0.022307 0.234479 0.028069 0.069062 0.021971 -9999.0 -9999.0 -9999.0 -9999.0
-9999.0 -9999.0 -9999.0 -9999.0 -9999.0 -9999.0 -9999.0 -9999.0 -9999.0 -9999.0 0.022284 0.022276 0.077998 0.361562 0.025614 0.075515 0.072877 0.351800 0.189094 0.357839 0.354871 0.050165 0.077374 0.044591 0.121855 0.087468 0.358216 0.367809 0.020884 0.064118 0.022143 0.289364 0.022174 0.022320 0.022301 0.036319 0.082688 0.069808 0.022341 0.022325 0.022329 0.071845 0.071442 0.020583 0.021033 0.068476 0.048462 0.364778 0.064921 0.053691 0.020952 0.018785 0.022185 0.022287 0.054813 0.022284 0.058714 0.045283 0.073619 0.106932 -9999.0 -9999.0 -9999.0
-9999.0 -9999.0 -9999.0 -9999.0 -9999.0 -9999.0 -9999.0 -9999.0 -9999.0 -9999.0 0.022279 0.022277 0.063324 0.099820 0.346890 0.326874 0.073705 0.357615 0.347089 0.346758 0.343010 0.224126 0.171565 0.070704 0.074509 0.365077 0.359542 0.171535 0.053654 0.022230 0.022327 0.057527 0.021965 0.022323 0.022320 0.077795 0.069405 0.075026 0.018377 0.022326 0.022271 0.022297 0.057422 0.022322 0.309616 0.021582 0.067439 0.020667 0.068223 0.074926 0.052762 0.017671 0.062931 0.022187 0.022246 0.022174 0.022285 0.032819 0.375499 0.389971 -9999.0 -9999.0 -9999.0
-9999.0 -9999.0 -9999.0 -9999.0 -9999.0 -9999.0 -9999.0 -9999.0 0.074355 0.044059 0.022288 0.060711 0.071258 0.075327 0.083790 0.361298 0.334425 0.370223 0.347089 0.345936 0.332975 0.159890 0.200047 0.204562 0.270355 0.354395 0.363043 0.056722 0.056848 0.021876 0.022339 0.022324 0.022316 0.022300 0.022249 0.022323 0.022239 0.073544 0.021937 0.022330 0.022326 0.076229 0.022271 0.022334 0.022233 0.072000 0.022112 0.067901 0.048841 0.389931 0.355281 0.018975 0.068219 0.021683 0.022142 0.009797 0.022039 0.006859 0.074273 0.368127 -9999.0 -9999.0 -9999.0
-9999.0 -9999.0 -9999.0 -9999.0 -9999.0 -9999.0 -9999.0 -9999.0 0.021447 0.069283 0.016504 0.022316 0.022286 0.090643 0.128691 0.267745 0.316082 0.252568 0.036395 0.341510 0.326402 0.343093 0.354954 0.319689 0.138040 0.348191 0.365080 0.070693 0.022183 0.022267 0.022257 0.022288 0.022231 0.022318 0.069558 0.070121 0.024044 0.071737 0.017324 0.022127 0.022313 0.022332 0.022328 0.022093 0.070224 0.057196 0.022257 0.022304 0.019914 0.366331 0.372590 0.073336 0.062102 0.001913 0.022049 0.015609 0.014585 0.066515 0.076082 0.370654 0.370373 -9999.0 -9999.0
-9999.0 -9999.0 -9999.0 -9999.0 -9999.0 -9999.0 -9999.0 -9999.0 0.022308 0.022243 0.026613 0.018793 0.065293 0.021684 0.087749 0.027038 0.306066 0.316853 0.176300 0.344802 0.291505 0.344452 0.343638 0.346516 0.350081 0.228542 0.365925 0.056694 0.021316 0.022292 0.022285 0.069497 0.064578 0.018754 0.071772 0.041569 0.018750 0.045776 0.021019 0.019534 0.022274 0.022297 0.070877 0.060795 0.058325 0.076008 0.022128 0.056579 0.054078 0.058616 0.381914 0.360713 0.020088 0.020840 0.070400 0.361504 0.371248 0.371085 0.361479 0.378133 0.370322 -9999.0 -9999.0
-9999.0 -9999.0 -9999.0 -9999.0 -9999.0 -9999.0 -9999.0 -9999.0 0.022333 0.022244 0.215415 0.018850 0.101509 0.179499 0.015497 0.367854 0.052733 0.288984 0.358957 0.243908 0.347278 0.345473 0.368921 0.347965 0.359014 0.352162 0.111735 0.033091 0.173043 0.038746 0.014122 0.013955 0.002472 0.109682 0.017890 0.025777 0.025580 0.352418 0.020466 0.018468 0.022148 0.022805 0.028439 0.022291 0.072017 0.022118 0.025078 0.022122 0.039323 0.013732 0.360999 0.376420 0.367165 0.386967 0.371382 0.376216 0.367633 0.381080 0.327189 0.370240 0.384043 0.388526 -9999.0
-9999.0 -9999.0 -9999.0 -9999.0 -9999.0 -9999.0 -9999.0 -9999.0 0.066145 0.065543 0.183816 0.042941 0.067063 0.363976 0.355807 0.362338 0.364613 0.269238 0.307316 0.246846 0.351019 0.369023 0.368820 0.350984 0.361036 0.336082 0.112970 0.086021 0.193100 0.244787 0.039262 0.243881 0.068030 0.179835 0.014027 0.015715 0.027230 0.352737 0.049305 0.072046 0.015430 0.014071 0.025510 0.010708 0.016831 0.031727 0.012807 0.042262 0.026563 0.066427 0.075556 0.371487 0.376123 0.373821 0.375659 0.389877 0.372943 0.372552 0.383799 0.365972 0.372094 0.246012 -9999.0
-9999.0 -9999.0 0.022273 0.065253 0.062974 0.074134 0.080522 0.075989 0.076965 0.067105 0.060383 0.364003 0.356226 0.352920 0.365154 0.363753 0.045035 0.063748 0.066052 0.354633 0.257030 0.286829 0.369371 0.306234 0.353102 0.320513 0.335690 0.304749 0.362910 0.355962 0.097748 0.228644 0.389838 0.363221 0.358504 0.363841 0.360446 0.355324 0.065091 0.049546 0.036187 0.056541 0.052387 0.353715 0.039712 0.029518 0.364206 0.389977 0.058770 0.366601 0.368847 0.384180 0.373132 0.373997 0.374365 0.389953 0.389909 0.389139 0.367913 0.372577 0.108290 0.016535 -9999.0
-9999.0 0.088618 0.080574 0.089212 0.075403 0.104005 0.065125 0.054182 0.057800 0.022252 0.068899 0.109699 0.341869 0.200118 0.279388 0.050542 0.069235 0.063179 0.252948 0.353734 0.279388 0.315448 0.383332 0.329245 0.358027 0.354882 0.358494 0.359157 0.289266 0.360910 0.360759 0.355744 0.354476 0.388328 0.355472 0.369431 0.363704 0.368078 0.388814 0.371926 0.359810 0.359115 0.356413 0.357184 0.313472 0.362168 0.356544 0.372113 0.365525 0.380864 0.372734 0.373369 0.389940 0.389962 0.389966 0.389981 0.389821 0.389763 0.326017 0.181754 0.001490 0.001374 -9999.0
-9999.0 0.067571 0.170124 0.153571 0.097598 0.140330 0.095980 0.072251 0.073578 0.022281 0.070157 0.133629 0.354271 0.207167 0.058244 0.062054 0.020517 0.066318 0.217377 0.357822 0.342449 0.360749 0.349987 0.383831 0.387914 0.374570 0.324414 0.370290 0.370561 0.206530 0.193376 0.236423 0.359390 0.351990 0.359246 0.355402 0.379945 0.372672 0.370816 0.376968 0.383075 0.383112 0.367280 0.344926 0.336271 0.219371 0.321333 0.339851 0.371496 0.372461 0.384200 0.389991 0.389823 0.389988 0.368000 0.385070 0.358890 0.175306 0.073307 0.001638 0.000687 -9999.0 -9999.0
-9999.0 0.022219 0.068786 0.360608 0.361691 0.101324 0.133368 0.134337 0.071444 0.072966 0.150674 0.362587 0.356676 0.296217 0.143639 0.055042 0.056327 0.063088 0.068456 0.354723 0.216056 0.363680 0.358561 0.389932 0.389977 0.375363 0.372475 0.372036 0.371598 0.371591 0.345076 0.339847 0.340715 0.352294 0.348086 0.349587 0.358048 0.383565 0.376328 0.373629 0.372206 0.372054 0.370812 0.324516 0.325585 0.328918 0.351141 0.359584 0.383744 0.362769 0.362719 0.289703 0.353136 0.387314 0.278556 0.132320 0.074185 0.044911 0.009497 -9999.0 -9999.0 -9999.0 -9999.0
