user2019/resources/simulation/Vinschgau/output-maps/thetaliqL0002N1417.asc
ncols         63
nrows         48
xllcorner     598000.000000
yllcorner     5145000.000000
cellsize      1000.000000
NODATA_value  -9999.0
[rows 0 to 28 of 48, columns 0 to 62 of 63]
-9999.0 -9999.0 -9999.0 -9999.0 -9999.0 -9999.0 -9999.0 -9999.0 -9999.0 -9999.0 -9999.0 -9999.0 -9999.0 -9999.0 -9999.0 -9999.0 -9999.0 -9999.0 -9999.0 -9999.0 -9999.0 -9999.0 -9999.0 -9999.0 -9999.0 -9999.0 -9999.0 -9999.0 -9999.0 -9999.0 -9999.0 -9999.0 -9999.0 -9999.0 -9999.0 -9999.0 -9999.0 -9999.0 -9999.0 -9999.0 -9999.0 -9999.0 -9999.0 -9999.0 -9999.0 -9999.0 -9999.0 -9999.0 -9999.0 -9999.0 -9999.0 -9999.0 -9999.0 -9999.0 -9999.0 -9999.0 -9999.0 -9999.0 -9999.0 -9999.0 -9999.0 -9999.0 -9999.0
-9999.0 -9999.0 -9999.0 -9999.0 -9999.0 -9999.0 -9999.0 -9999.0 -9999.0 -9999.0 -9999.0 -9999.0 -9999.0 -9999.0 -9999.0 -9999.0 -9999.0 -9999.0 -9999.0 -9999.0 -9999.0 -9999.0 -9999.0 -9999.0 -9999.0 -9999.0 -9999.0 0.020084 0.040762 0.020165 0.040441 0.040072 0.040012 -9999.0 -9999.0 -9999.0 -9999.0 -9999.0 -9999.0 -9999.0 -9999.0 -9999.0 -9999.0 -9999.0 -9999.0 -9999.0 -9999.0 -9999.0 -9999.0 -9999.0 -9999.0 -9999.0 -9999.0 -9999.0 -9999.0 -9999.0 -9999.0 -9999.0 -9999.0 -9999.0 -9999.0 -9999.0 -9999.0
-9999.0 -9999.0 -9999.0 -9999.0 -9999.0 -9999.0 -9999.0 -9999.0 -9999.0 -9999.0 -9999.0 -9999.0 -9999.0 -9999.0 -9999.0 -9999.0 -9999.0 -9999.0 -9999.0 -9999.0 -9999.0 -9999.0 -9999.0 -9999.0 0.141478 0.111622 0.136322 0.135953 0.169798 0.075484 0.040108 -9999.0 -9999.0 -9999.0 -9999.0 -9999.0 -9999.0 -9999.0 -9999.0 -9999.0 -9999.0 -9999.0 -9999.0 -9999.0 -9999.0 -9999.0 -9999.0 -9999.0 -9999.0 -9999.0 -9999.0 -9999.0 -9999.0 -9999.0 -9999.0 -9999.0 -9999.0 -9999.0 -9999.0 -9999.0 -9999.0 -9999.0 -9999.0
-9999.0 -9999.0 -9999.0 -9999.0 -9999.0 -9999.0 -9999.0 -9999.0 -9999.0 -9999.0 -9999.0 -9999.0 -9999.0 -9999.0 -9999.0 -9999.0 -9999.0 -9999.0 -9999.0 -9999.0 -9999.0 -9999.0 -9999.0 0.089457 0.133296 0.072025 0.071487 0.070803 0.070890 0.044051 0.040122 0.040080 -9999.0 -9999.0 -9999.0 -9999.0 -9999.0 -9999.0 -9999.0 -9999.0 -9999.0 -9999.0 -9999.0 -9999.0 -9999.0 -9999.0 -9999.0 -9999.0 -9999.0 -9999.0 -9999.0 -9999.0 -9999.0 -9999.0 -9999.0 -9999.0 -9999.0 -9999.0 -9999.0 -9999.0 -9999.0 -9999.0 -9999.0
-9999.0 -9999.0 -9999.0 -9999.0 -9999.0 -9999.0 -9999.0 -9999.0 -9999.0 -9999.0 -9999.0 -9999.0 -9999.0 -9999.0 -9999.0 -9999.0 -9999.0 -9999.0 0.087934 0.100756 -9999.0 0.114537 0.120767 0.072366 0.073158 0.072472 0.079484 0.074722 0.076400 0.075811 0.044965 0.040371 0.020054 0.020042 -9999.0 -9999.0 -9999.0 -9999.0 -9999.0 -9999.0 -9999.0 -9999.0 -9999.0 -9999.0 -9999.0 -9999.0 -9999.0 -9999.0 -9999.0 -9999.0 -9999.0 -9999.0 -9999.0 -9999.0 -9999.0 -9999.0 -9999.0 -9999.0 -9999.0 -9999.0 -9999.0 -9999.0 -9999.0
-9999.0 -9999.0 -9999.0 -9999.0 -9999.0 -9999.0 -9999.0 -9999.0 -9999.0 -9999.0 -9999.0 -9999.0 -9999.0 -9999.0 -9999.0 -9999.0 -9999.0 0.073345 0.074304 0.022624 0.020182 0.114779 0.076293 0.074797 0.074880 0.095264 0.048190 0.076833 0.063478 0.080201 0.147697 0.047690 0.020172 0.020079 0.020049 0.020042 -9999.0 -9999.0 -9999.0 -9999.0 -9999.0 -9999.0 -9999.0 -9999.0 -9999.0 -9999.0 -9999.0 -9999.0 -9999.0 -9999.0 -9999.0 -9999.0 -9999.0 -9999.0 -9999.0 -9999.0 -9999.0 -9999.0 -9999.0 -9999.0 -9999.0 -9999.0 -9999.0
-9999.0 -9999.0 -9999.0 -9999.0 -9999.0 -9999.0 -9999.0 -9999.0 -9999.0 -9999.0 -9999.0 -9999.0 -9999.0 0.040550 0.075698 0.075657 0.074003 0.022611 0.073965 0.073905 0.074138 0.074467 0.073678 0.073653 0.094965 0.127135 0.020131 0.063951 0.048972 0.123220 0.040023 0.185873 0.043949 0.041215 0.020066 0.020041 -9999.0 -9999.0 -9999.0 -9999.0 -9999.0 -9999.0 -9999.0 -9999.0 -9999.0 -9999.0 -9999.0 -9999.0 -9999.0 -9999.0 -9999.0 -9999.0 -9999.0 -9999.0 -9999.0 -9999.0 -9999.0 -9999.0 -9999.0 -9999.0 -9999.0 -9999.0 -9999.0
-9999.0 -9999.0 -9999.0 -9999.0 -9999.0 -9999.0 -9999.0 -9999.0 -9999.0 -9999.0 -9999.0 -9999.0 -9999.0 0.071788 0.072902 0.074193 0.074320 0.071748 0.022605 0.073911 0.074487 0.071762 0.075720 0.077546 0.075104 0.074923 0.040436 0.020160 0.020062 0.040241 0.052092 0.040498 0.020057 0.020043 0.020047 -9999.0 -9999.0 -9999.0 -9999.0 -9999.0 -9999.0 -9999.0 -9999.0 -9999.0 -9999.0 -9999.0 -9999.0 -9999.0 -9999.0 -9999.0 -9999.0 -9999.0 -9999.0 -9999.0 -9999.0 -9999.0 -9999.0 -9999.0 -9999.0 -9999.0 -9999.0 -9999.0 -9999.0
-9999.0 -9999.0 -9999.0 -9999.0 -9999.0 -9999.0 -9999.0 -9999.0 -9999.0 -9999.0 -9999.0 -9999.0 -9999.0 0.072789 0.520000 0.072135 0.074670 0.074628 0.022594 0.074028 0.071498 0.022837 0.085784 0.071729 0.074351 0.074484 0.020175 0.020057 0.040080 0.020051 0.040103 0.020038 0.020038 0.020014 0.020039 -9999.0 -9999.0 -9999.0 -9999.0 -9999.0 -9999.0 -9999.0 -9999.0 -9999.0 -9999.0 -9999.0 -9999.0 -9999.0 -9999.0 -9999.0 -9999.0 -9999.0 -9999.0 -9999.0 -9999.0 -9999.0 -9999.0 -9999.0 -9999.0 -9999.0 -9999.0 -9999.0 -9999.0
-9999.0 -9999.0 -9999.0 -9999.0 -9999.0 -9999.0 -9999.0 -9999.0 -9999.0 -9999.0 -9999.0 -9999.0 0.074075 0.520000 0.072791 0.074992 0.077255 0.075196 0.069567 0.022629 0.074645 0.090737 0.075272 0.072716 0.040047 0.040775 0.040024 0.040099 0.162283 0.020054 0.040046 0.020052 0.040066 0.020039 -9999.0 -9999.0 -9999.0 -9999.0 -9999.0 -9999.0 -9999.0 -9999.0 -9999.0 -9999.0 -9999.0 -9999.0 -9999.0 -9999.0 -9999.0 -9999.0 -9999.0 -9999.0 -9999.0 -9999.0 -9999.0 -9999.0 -9999.0 -9999.0 -9999.0 -9999.0 -9999.0 -9999.0 -9999.0
-9999.0 -9999.0 -9999.0 -9999.0 -9999.0 -9999.0 -9999.0 -9999.0 -9999.0 -9999.0 -9999.0 0.053139 0.072905 0.282861 0.072623 0.073651 0.022618 0.074475 0.074391 0.022481 0.075485 0.074515 0.040809 0.040366 0.079605 0.043340 0.040081 0.040784 0.040024 0.020044 0.020050 0.042960 0.020066 0.020046 0.020049 0.020070 0.040072 0.040111 0.040112 -9999.0 -9999.0 -9999.0 0.020044 -9999.0 -9999.0 -9999.0 -9999.0 -9999.0 -9999.0 -9999.0 -9999.0 -9999.0 -9999.0 -9999.0 -9999.0 -9999.0 -9999.0 -9999.0 -9999.0 -9999.0 -9999.0 -9999.0 -9999.0
-9999.0 -9999.0 -9999.0 -9999.0 -9999.0 -9999.0 -9999.0 -9999.0 -9999.0 -9999.0 -9999.0 0.058718 0.072094 0.070430 0.070465 0.043963 0.069483 0.073787 0.073060 0.071497 0.071806 0.072684 0.188778 0.040036 0.040069 0.041692 0.040370 0.044735 0.020399 0.020046 0.050671 0.118653 0.040078 0.040055 0.040049 0.040463 0.048554 0.040187 0.040111 0.020047 0.020048 0.020044 0.040553 0.020055 -9999.0 -9999.0 -9999.0 0.040039 0.040046 0.020049 0.040052 0.020038 0.020037 0.040041 0.040043 0.020035 -9999.0 -9999.0 -9999.0 -9999.0 -9999.0 -9999.0 -9999.0
-9999.0 -9999.0 -9999.0 -9999.0 -9999.0 -9999.0 -9999.0 -9999.0 -9999.0 -9999.0 -9999.0 0.068141 0.045123 0.076824 0.087547 0.072767 0.076671 0.075081 0.069959 0.071530 0.079833 0.145206 0.040086 0.215232 0.041371 0.020105 0.040072 0.040019 0.020074 0.040054 0.020062 0.040057 0.053061 0.040057 0.020055 0.054096 0.040145 0.040109 0.040351 0.020064 0.040163 0.040063 0.050997 0.080247 0.040055 -9999.0 0.020037 0.040054 0.040496 0.042828 0.040318 0.020179 0.040120 0.040125 0.040091 0.040056 -9999.0 -9999.0 -9999.0 -9999.0 -9999.0 -9999.0 -9999.0
-9999.0 -9999.0 -9999.0 -9999.0 -9999.0 -9999.0 -9999.0 -9999.0 -9999.0 -9999.0 -9999.0 -9999.0 0.065845 0.178665 0.052339 0.062587 0.079951 0.076048 0.072337 0.071579 0.076510 0.078684 0.089597 0.040171 0.040028 0.040064 0.465724 0.040271 0.040141 0.020056 0.040720 0.040072 0.040195 0.040101 0.040069 0.042729 0.040076 0.040264 0.119891 0.040113 0.040565 0.020096 0.040170 0.178957 0.020061 0.040052 0.020046 0.040056 0.040029 0.040136 0.041098 0.040083 0.040018 0.040043 0.040028 0.040242 0.040061 -9999.0 -9999.0 -9999.0 -9999.0 -9999.0 -9999.0
-9999.0 -9999.0 -9999.0 -9999.0 -9999.0 -9999.0 -9999.0 -9999.0 -9999.0 -9999.0 -9999.0 0.040137 0.078453 0.040578 0.202931 0.091023 0.077138 0.076837 0.069835 0.074723 0.075958 0.083015 0.151033 0.040069 0.040073 0.040131 0.040153 0.040102 0.040089 0.020151 0.040066 0.040049 0.085728 0.040113 0.040049 0.052466 0.040259 0.040149 0.160451 0.040575 0.040148 0.098557 0.150289 0.020219 0.051096 0.040121 0.060218 0.020132 0.020176 0.059237 0.020041 0.040117 0.040018 0.020027 0.020024 0.020025 0.020053 -9999.0 -9999.0 -9999.0 -9999.0 -9999.0 -9999.0
-9999.0 -9999.0 -9999.0 -9999.0 -9999.0 -9999.0 -9999.0 -9999.0 -9999.0 -9999.0 0.504005 0.042417 0.108659 0.090705 0.060673 0.112042 0.082017 0.092336 0.075250 0.075041 0.073694 0.092817 0.040235 0.143176 0.080878 0.040040 0.040043 0.020031 0.040140 0.044291 0.061396 0.040069 0.074171 0.040107 0.020041 0.020062 0.043027 0.040103 0.044226 0.378401 0.212714 0.190337 0.058032 0.124901 0.058104 0.020157 0.040858 0.040246 0.044724 0.080252 0.020031 0.020045 0.020022 0.020022 0.020037 0.040099 0.040120 -9999.0 -9999.0 -9999.0 -9999.0 -9999.0 -9999.0
-9999.0 -9999.0 -9999.0 -9999.0 -9999.0 -9999.0 -9999.0 -9999.0 -9999.0 0.041642 0.226984 0.048159 0.095659 0.040144 0.077001 0.082992 0.045337 0.078290 0.074924 0.074625 0.072833 0.078243 0.078798 0.078520 0.272185 0.040063 0.040025 0.075795 0.042755 0.089949 0.375755 0.040052 0.020069 0.020045 0.020047 0.020062 0.058225 0.040062 0.040086 0.053430 0.040297 0.040536 0.040322 0.080050 0.078798 0.056843 0.055537 0.040115 0.040118 0.362615 0.040045 0.020052 0.020021 0.020032 0.020038 0.040016 0.040025 0.020058 0.020041 -9999.0 -9999.0 -9999.0 -9999.0
-9999.0 -9999.0 -9999.0 -9999.0 -9999.0 -9999.0 -9999.0 -9999.0 -9999.0 0.040121 0.042398 0.042313 0.520000 0.099875 0.042340 0.040134 0.132147 0.079287 0.074127 0.071436 0.071859 0.071205 0.080806 0.240560 0.040096 0.040053 0.040168 0.079514 0.254090 0.221233 0.129119 0.040039 0.132347 0.040062 0.040441 0.020062 0.020082 0.020120 0.041162 0.074673 0.040102 0.040044 0.040273 0.164801 0.082850 0.080432 0.077752 0.081102 0.092723 0.214211 0.040023 0.040009 0.020033 0.040008 0.020038 0.040012 0.040028 0.040043 0.020097 -9999.0 -9999.0 -9999.0 -9999.0
-9999.0 -9999.0 -9999.0 -9999.0 -9999.0 -9999.0 -9999.0 -9999.0 -9999.0 -9999.0 0.040518 0.060080 0.083926 0.040185 0.140288 0.046587 0.102604 0.076300 0.073180 0.073223 0.071801 0.075899 0.070703 0.041423 0.040070 0.056673 0.328304 0.155301 0.176964 0.040056 0.040042 0.040021 0.040016 0.040084 0.103957 0.086107 0.124629 0.159715 0.020084 0.056360 0.040121 0.182869 0.520000 0.056686 0.102291 0.152883 0.077926 0.079225 0.075676 0.117350 0.040045 0.040026 0.020038 0.020022 0.040008 0.040015 0.137772 0.040041 0.076998 0.067576 -9999.0 -9999.0 -9999.0
-9999.0 -9999.0 -9999.0 -9999.0 -9999.0 -9999.0 -9999.0 -9999.0 -9999.0 -9999.0 0.040123 0.044247 0.140589 0.097367 0.216388 0.087370 0.115380 0.076255 0.072806 0.072092 0.074078 0.075705 0.060564 0.041186 0.057810 0.285698 0.178130 0.118957 0.040075 0.040018 0.041375 0.234879 0.020036 0.040061 0.040428 0.183009 0.040041 0.053544 0.040041 0.040094 0.041090 0.020467 0.040161 0.043767 0.192090 0.040735 0.082500 0.108724 0.076637 0.076728 0.328362 0.040039 0.040014 0.020040 0.020020 0.020034 0.040014 0.040107 0.329125 0.258274 -9999.0 -9999.0 -9999.0
-9999.0 -9999.0 -9999.0 -9999.0 -9999.0 -9999.0 -9999.0 -9999.0 0.235782 0.041175 0.040069 0.252483 0.040067 0.040279 0.050915 0.123010 0.074882 0.071083 0.071565 0.071753 0.072140 0.072524 0.072867 0.073777 0.079790 0.195942 0.257582 0.040144 0.040054 0.040018 0.020047 0.050321 0.060624 0.040073 0.082141 0.041609 0.044309 0.087571 0.040028 0.020062 0.020133 0.190682 0.020040 0.020070 0.020100 0.520000 0.040032 0.040200 0.131558 0.137220 0.299415 0.040169 0.040021 0.040008 0.020036 0.040072 0.020062 0.186326 0.087304 0.077631 -9999.0 -9999.0 -9999.0
-9999.0 -9999.0 -9999.0 -9999.0 -9999.0 -9999.0 -9999.0 -9999.0 0.020000 0.040075 0.040023 0.040086 0.042299 0.040030 0.040118 0.139323 0.077340 0.076079 0.072402 0.071219 0.071362 0.068260 0.067413 0.067503 0.073944 0.079639 0.264193 0.042443 0.020038 0.040097 0.040059 0.020074 0.044938 0.020084 0.227195 0.136574 0.073980 0.360639 0.040568 0.044217 0.040573 0.040073 0.020099 0.044229 0.361363 0.040110 0.020036 0.041779 0.042915 0.161173 0.260227 0.041704 0.040018 0.040015 0.040129 0.020073 0.040091 0.085657 0.078659 0.077113 0.075631 -9999.0 -9999.0
-9999.0 -9999.0 -9999.0 -9999.0 -9999.0 -9999.0 -9999.0 -9999.0 0.043011 0.149306 0.059673 0.040016 0.269307 0.020043 0.040109 0.040147 0.086014 0.075472 0.072758 0.072278 0.070774 0.068667 0.067875 0.071475 0.071171 0.076486 0.242920 0.040080 0.020033 0.049115 0.020098 0.231038 0.040038 0.040051 0.207571 0.079453 0.150797 0.134066 0.065658 0.040204 0.043813 0.020090 0.181990 0.141207 0.040061 0.198383 0.020061 0.105266 0.040032 0.081418 0.114580 0.340191 0.040030 0.040019 0.040362 0.085408 0.356256 0.090483 0.076281 0.076825 0.076261 -9999.0 -9999.0
-9999.0 -9999.0 -9999.0 -9999.0 -9999.0 -9999.0 -9999.0 -9999.0 0.020049 0.045944 0.040208 0.020034 0.202201 0.040055 0.040707 0.277750 0.075250 0.073564 0.072571 0.072701 0.071822 0.071420 0.070211 0.071669 0.076201 0.090116 0.047514 0.040040 0.132935 0.040286 0.040121 0.041480 0.114254 0.326747 0.049545 0.040733 0.073485 0.076524 0.101433 0.077961 0.043896 0.042878 0.044017 0.020101 0.159830 0.020100 0.040132 0.020157 0.041609 0.040090 0.096337 0.087822 0.298949 0.040760 0.436045 0.291732 0.081109 0.079801 0.076700 0.076453 0.076973 0.082996 -9999.0
-9999.0 -9999.0 -9999.0 -9999.0 -9999.0 -9999.0 -9999.0 -9999.0 0.040048 0.186452 0.040001 0.040057 0.040389 0.043738 0.362138 0.086686 0.101324 0.078408 0.081122 0.075921 0.073909 0.072690 0.073062 0.074238 0.073093 0.088912 0.040093 0.054090 0.161009 0.458711 0.040785 0.301011 0.076954 0.160225 0.082630 0.078416 0.077256 0.075067 0.075690 0.081387 0.080455 0.079372 0.082217 0.131675 0.040103 0.046536 0.041427 0.084189 0.040599 0.267095 0.080501 0.083983 0.091007 0.150779 0.218025 0.207890 0.099148 0.080537 0.077905 0.076100 0.077477 0.085267 -9999.0
-9999.0 -9999.0 0.040130 0.182404 0.040001 0.040046 0.040021 0.040027 0.040149 0.082161 0.040078 0.040348 0.045933 0.519999 0.084075 0.484272 0.078997 0.040081 0.040174 0.135113 0.076366 0.073657 0.074103 0.073686 0.075706 0.078047 0.098943 0.094173 0.077044 0.078696 0.075274 0.081758 0.074331 0.076378 0.075707 0.076460 0.074705 0.073665 0.074657 0.077266 0.075716 0.075005 0.075401 0.076652 0.116076 0.079407 0.093726 0.109438 0.078113 0.077187 0.077232 0.080040 0.091891 0.143828 0.186713 0.115304 0.107051 0.081686 0.078279 0.078474 0.078475 0.091184 -9999.0
-9999.0 0.040151 0.040124 0.040089 0.040052 0.040083 0.040023 0.040021 0.040014 0.040083 0.040034 0.040133 0.428421 0.231547 0.520000 0.040688 0.040073 0.040037 0.040059 0.086364 0.076874 0.074899 0.073457 0.075157 0.071710 0.075226 0.073013 0.072661 0.074067 0.075679 0.076589 0.075122 0.073640 0.070877 0.072627 0.072631 0.071831 0.071829 0.072452 0.073338 0.073065 0.072544 0.072282 0.074408 0.075539 0.075002 0.075243 0.073264 0.073289 0.074599 0.077495 0.083200 0.106238 0.186904 0.198543 0.357946 0.320711 0.292579 0.354579 0.259380 0.197288 0.092746 -9999.0
-9999.0 0.188377 0.083406 0.083254 0.226181 0.044493 0.040029 0.040017 0.040077 0.040062 0.040025 0.040079 0.249178 0.351158 0.046077 0.040030 0.040023 0.040030 0.040471 0.113803 0.242414 0.091832 0.079613 0.081514 0.084295 0.075867 0.073544 0.072967 0.071995 0.072129 0.072007 0.072292 0.072004 0.071998 0.069700 0.071027 0.069725 0.069313 0.070528 0.070752 0.070429 0.070517 0.070126 0.071214 0.071025 0.070944 0.071802 0.072057 0.073139 0.074769 0.077532 0.091164 0.241843 0.354554 0.520000 0.053643 0.040517 0.047582 0.054277 0.043508 0.059408 -9999.0 -9999.0
-9999.0 0.040298 0.083667 0.091210 0.294962 0.254292 0.251523 0.040052 0.040035 0.040038 0.040081 0.067607 0.243937 0.434877 0.040061 0.040021 0.040018 0.040049 0.040054 0.040884 0.042241 0.055612 0.091008 0.096314 0.089611 0.076000 0.074478 0.073726 0.072404 0.072311 0.071448 0.071061 0.071219 0.071014 0.070797 0.070514 0.070447 0.069313 0.070390 0.070031 0.069763 0.068839 0.069552 0.069475 0.069748 0.070403 0.071256 0.072590 0.074844 0.075814 0.090734 0.207659 0.064988 0.361452 0.041489 0.040078 0.040075 0.040053 0.040058 -9999.0 -9999.0 -9999.0 -9999.0
