user2019/resources/simulation/Vinschgau/output-maps/thetaliqL0001N0652.asc
ncols         63
nrows         48
xllcorner     598000.000000
yllcorner     5145000.000000
cellsize      1000.000000
NODATA_value  -9999.0
[rows 0 to 28 of 48, columns 0 to 62 of 63]
-9999.0 -9999.0 -9999.0 -9999.0 -9999.0 -9999.0 -9999.0 -9999.0 -9999.0 -9999.0 -9999.0 -9999.0 -9999.0 -9999.0 -9999.0 -9999.0 -9999.0 -9999.0 -9999.0 -9999.0 -9999.0 -9999.0 -9999.0 -9999.0 -9999.0 -9999.0 -9999.0 -9999.0 -9999.0 -9999.0 -9999.0 -9999.0 -9999.0 -9999.0 -9999.0 -9999.0 -9999.0 -9999.0 -9999.0 -9999.0 -9999.0 -9999.0 -9999.0 -9999.0 -9999.0 -9999.0 -9999.0 -9999.0 -9999.0 -9999.0 -9999.0 -9999.0 -9999.0 -9999.0 -9999.0 -9999.0 -9999.0 -9999.0 -9999.0 -9999.0 -9999.0 -9999.0 -9999.0
-9999.0 -9999.0 -9999.0 -9999.0 -9999.0 -9999.0 -9999.0 -9999.0 -9999.0 -9999.0 -9999.0 -9999.0 -9999.0 -9999.0 -9999.0 -9999.0 -9999.0 -9999.0 -9999.0 -9999.0 -9999.0 -9999.0 -9999.0 -9999.0 -9999.0 -9999.0 -9999.0 0.122388 0.520000 0.134484 0.520000 0.520000 0.520000 -9999.0 -9999.0 -9999.0 -9999.0 -9999.0 -9999.0 -9999.0 -9999.0 -9999.0 -9999.0 -9999.0 -9999.0 -9999.0 -9999.0 -9999.0 -9999.0 -9999.0 -9999.0 -9999.0 -9999.0 -9999.0 -9999.0 -9999.0 -9999.0 -9999.0 -9999.0 -9999.0 -9999.0 -9999.0 -9999.0
-9999.0 -9999.0 -9999.0 -9999.0 -9999.0 -9999.0 -9999.0 -9999.0 -9999.0 -9999.0 -9999.0 -9999.0 -9999.0 -9999.0 -9999.0 -9999.0 -9999.0 -9999.0 -9999.0 -9999.0 -9999.0 -9999.0 -9999.0 -9999.0 0.520000 0.520000 0.520000 0.520000 0.520000 0.520000 0.520000 -9999.0 -9999.0 -9999.0 -9999.0 -9999.0 -9999.0 -9999.0 -9999.0 -9999.0 -9999.0 -9999.0 -9999.0 -9999.0 -9999.0 -9999.0 -9999.0 -9999.0 -9999.0 -9999.0 -9999.0 -9999.0 -9999.0 -9999.0 -9999.0 -9999.0 -9999.0 -9999.0 -9999.0 -9999.0 -9999.0 -9999.0 -9999.0
-9999.0 -9999.0 -9999.0 -9999.0 -9999.0 -9999.0 -9999.0 -9999.0 -9999.0 -9999.0 -9999.0 -9999.0 -9999.0 -9999.0 -9999.0 -9999.0 -9999.0 -9999.0 -9999.0 -9999.0 -9999.0 -9999.0 -9999.0 0.520000 0.520000 0.339562 0.243112 0.225202 0.425540 0.520000 0.520000 0.520000 -9999.0 -9999.0 -9999.0 -9999.0 -9999.0 -9999.0 -9999.0 -9999.0 -9999.0 -9999.0 -9999.0 -9999.0 -9999.0 -9999.0 -9999.0 -9999.0 -9999.0 -9999.0 -9999.0 -9999.0 -9999.0 -9999.0 -9999.0 -9999.0 -9999.0 -9999.0 -9999.0 -9999.0 -9999.0 -9999.0 -9999.0
-9999.0 -9999.0 -9999.0 -9999.0 -9999.0 -9999.0 -9999.0 -9999.0 -9999.0 -9999.0 -9999.0 -9999.0 -9999.0 -9999.0 -9999.0 -9999.0 -9999.0 -9999.0 0.520000 0.520000 -9999.0 0.520000 0.520000 0.436363 0.346133 0.167678 0.273725 0.282959 0.142487 0.275242 0.520000 0.520000 0.130917 0.136590 -9999.0 -9999.0 -9999.0 -9999.0 -9999.0 -9999.0 -9999.0 -9999.0 -9999.0 -9999.0 -9999.0 -9999.0 -9999.0 -9999.0 -9999.0 -9999.0 -9999.0 -9999.0 -9999.0 -9999.0 -9999.0 -9999.0 -9999.0 -9999.0 -9999.0 -9999.0 -9999.0 -9999.0 -9999.0
-9999.0 -9999.0 -9999.0 -9999.0 -9999.0 -9999.0 -9999.0 -9999.0 -9999.0 -9999.0 -9999.0 -9999.0 -9999.0 -9999.0 -9999.0 -9999.0 -9999.0 0.226936 0.520000 0.123761 0.123836 0.520000 0.405110 0.250459 0.266993 0.324754 0.340265 0.520000 0.232992 0.458311 0.520000 0.520000 0.147326 0.133052 0.139641 0.158061 -9999.0 -9999.0 -9999.0 -9999.0 -9999.0 -9999.0 -9999.0 -9999.0 -9999.0 -9999.0 -9999.0 -9999.0 -9999.0 -9999.0 -9999.0 -9999.0 -9999.0 -9999.0 -9999.0 -9999.0 -9999.0 -9999.0 -9999.0 -9999.0 -9999.0 -9999.0 -9999.0
-9999.0 -9999.0 -9999.0 -9999.0 -9999.0 -9999.0 -9999.0 -9999.0 -9999.0 -9999.0 -9999.0 -9999.0 -9999.0 0.520000 0.520000 0.330912 0.253423 0.172484 0.242317 0.399928 0.374262 0.272517 0.233583 0.293246 0.359962 0.520000 0.147621 0.520000 0.408291 0.375059 0.520000 0.520000 0.520000 0.520000 0.184979 0.162402 -9999.0 -9999.0 -9999.0 -9999.0 -9999.0 -9999.0 -9999.0 -9999.0 -9999.0 -9999.0 -9999.0 -9999.0 -9999.0 -9999.0 -9999.0 -9999.0 -9999.0 -9999.0 -9999.0 -9999.0 -9999.0 -9999.0 -9999.0 -9999.0 -9999.0 -9999.0 -9999.0
-9999.0 -9999.0 -9999.0 -9999.0 -9999.0 -9999.0 -9999.0 -9999.0 -9999.0 -9999.0 -9999.0 -9999.0 -9999.0 0.520000 0.520000 0.293660 0.291535 0.520000 0.173227 0.262327 0.382365 0.517839 0.505053 0.288680 0.316744 0.520000 0.520000 0.163865 0.146039 0.520000 0.520000 0.520000 0.170559 0.173764 0.173972 -9999.0 -9999.0 -9999.0 -9999.0 -9999.0 -9999.0 -9999.0 -9999.0 -9999.0 -9999.0 -9999.0 -9999.0 -9999.0 -9999.0 -9999.0 -9999.0 -9999.0 -9999.0 -9999.0 -9999.0 -9999.0 -9999.0 -9999.0 -9999.0 -9999.0 -9999.0 -9999.0 -9999.0
-9999.0 -9999.0 -9999.0 -9999.0 -9999.0 -9999.0 -9999.0 -9999.0 -9999.0 -9999.0 -9999.0 -9999.0 -9999.0 0.449357 0.520000 0.398518 0.329537 0.283809 0.108733 0.402365 0.520000 0.141261 0.520000 0.422800 0.456544 0.520000 0.144018 0.158416 0.520000 0.156660 0.520000 0.170668 0.172082 0.177008 0.163986 -9999.0 -9999.0 -9999.0 -9999.0 -9999.0 -9999.0 -9999.0 -9999.0 -9999.0 -9999.0 -9999.0 -9999.0 -9999.0 -9999.0 -9999.0 -9999.0 -9999.0 -9999.0 -9999.0 -9999.0 -9999.0 -9999.0 -9999.0 -9999.0 -9999.0 -9999.0 -9999.0 -9999.0
-9999.0 -9999.0 -9999.0 -9999.0 -9999.0 -9999.0 -9999.0 -9999.0 -9999.0 -9999.0 -9999.0 -9999.0 0.445225 0.520000 0.466044 0.520000 0.520000 0.345462 0.507009 0.133566 0.331966 0.520000 0.520000 0.520000 0.520000 0.520000 0.520000 0.520000 0.520000 0.173840 0.520000 0.129247 0.520000 0.156905 -9999.0 -9999.0 -9999.0 -9999.0 -9999.0 -9999.0 -9999.0 -9999.0 -9999.0 -9999.0 -9999.0 -9999.0 -9999.0 -9999.0 -9999.0 -9999.0 -9999.0 -9999.0 -9999.0 -9999.0 -9999.0 -9999.0 -9999.0 -9999.0 -9999.0 -9999.0 -9999.0 -9999.0 -9999.0
-9999.0 -9999.0 -9999.0 -9999.0 -9999.0 -9999.0 -9999.0 -9999.0 -9999.0 -9999.0 -9999.0 0.520000 0.520000 0.520000 0.520000 0.520000 0.122663 0.469697 0.511099 0.182134 0.520000 0.520000 0.520000 0.520000 0.520000 0.520000 0.520000 0.520000 0.520000 0.178443 0.128384 0.520000 0.166386 0.146782 0.130798 0.127966 0.254641 0.169844 0.218999 -9999.0 -9999.0 -9999.0 0.118493 -9999.0 -9999.0 -9999.0 -9999.0 -9999.0 -9999.0 -9999.0 -9999.0 -9999.0 -9999.0 -9999.0 -9999.0 -9999.0 -9999.0 -9999.0 -9999.0 -9999.0 -9999.0 -9999.0 -9999.0
-9999.0 -9999.0 -9999.0 -9999.0 -9999.0 -9999.0 -9999.0 -9999.0 -9999.0 -9999.0 -9999.0 0.520000 0.520000 0.520000 0.520000 0.520000 0.520000 0.352896 0.520000 0.520000 0.520000 0.520000 0.520000 0.520000 0.520000 0.520000 0.520000 0.520000 0.181061 0.163499 0.520000 0.520000 0.520000 0.520000 0.520000 0.520000 0.115837 0.079488 0.103096 0.184793 0.113773 0.114310 0.520000 0.134818 -9999.0 -9999.0 -9999.0 0.520000 0.520000 0.127920 0.520000 0.125620 0.129410 0.520000 0.520000 0.137850 -9999.0 -9999.0 -9999.0 -9999.0 -9999.0 -9999.0 -9999.0
-9999.0 -9999.0 -9999.0 -9999.0 -9999.0 -9999.0 -9999.0 -9999.0 -9999.0 -9999.0 -9999.0 0.520000 0.520000 0.520000 0.520000 0.520000 0.520000 0.520000 0.520000 0.520000 0.520000 0.520000 0.520000 0.520000 0.520000 0.116635 0.520000 0.520000 0.164749 0.520000 0.142896 0.520000 0.520000 0.520000 0.128125 0.330773 0.118835 0.071276 0.056463 0.178984 0.173064 0.382609 0.520000 0.520000 0.520000 -9999.0 0.131759 0.520000 0.520000 0.520000 0.520000 0.134389 0.520000 0.520000 0.520000 0.520000 -9999.0 -9999.0 -9999.0 -9999.0 -9999.0 -9999.0 -9999.0
-9999.0 -9999.0 -9999.0 -9999.0 -9999.0 -9999.0 -9999.0 -9999.0 -9999.0 -9999.0 -9999.0 -9999.0 0.520000 0.520000 0.520000 0.520000 0.520000 0.520000 0.520000 0.520000 0.520000 0.520000 0.520000 0.520000 0.520000 0.520000 0.520000 0.520000 0.520000 0.131783 0.520000 0.520000 0.520000 0.520000 0.520000 0.324489 0.126463 0.066676 0.056027 0.062533 0.099679 0.174857 0.316067 0.520000 0.125644 0.520000 0.118555 0.520000 0.520000 0.520000 0.520000 0.520000 0.520000 0.520000 0.520000 0.520000 0.520000 -9999.0 -9999.0 -9999.0 -9999.0 -9999.0 -9999.0
-9999.0 -9999.0 -9999.0 -9999.0 -9999.0 -9999.0 -9999.0 -9999.0 -9999.0 -9999.0 -9999.0 0.520000 0.520000 0.520000 0.520000 0.520000 0.520000 0.520000 0.520000 0.520000 0.520000 0.520000 0.520000 0.520000 0.520000 0.520000 0.520000 0.520000 0.520000 0.125836 0.520000 0.520000 0.520000 0.520000 0.520000 0.520000 0.141654 0.073724 0.066902 0.059196 0.132235 0.172908 0.337303 0.133735 0.520000 0.520000 0.520000 0.110680 0.107038 0.520000 0.172786 0.520000 0.520000 0.184180 0.186624 0.149639 0.149027 -9999.0 -9999.0 -9999.0 -9999.0 -9999.0 -9999.0
-9999.0 -9999.0 -9999.0 -9999.0 -9999.0 -9999.0 -9999.0 -9999.0 -9999.0 -9999.0 0.520000 0.520000 0.520000 0.520000 0.520000 0.520000 0.520000 0.520000 0.390452 0.519997 0.520000 0.520000 0.520000 0.520000 0.520000 0.520000 0.520000 0.171386 0.520000 0.520000 0.520000 0.520000 0.520000 0.520000 0.161108 0.129559 0.315564 0.142048 0.096772 0.093674 0.115862 0.177786 0.170604 0.409673 0.520000 0.129225 0.520000 0.520000 0.520000 0.520000 0.155946 0.156014 0.189129 0.173911 0.144985 0.520000 0.520000 -9999.0 -9999.0 -9999.0 -9999.0 -9999.0 -9999.0
-9999.0 -9999.0 -9999.0 -9999.0 -9999.0 -9999.0 -9999.0 -9999.0 -9999.0 0.520000 0.520000 0.520000 0.520000 0.520000 0.520000 0.520000 0.520000 0.520000 0.520000 0.454636 0.520000 0.520000 0.520000 0.520000 0.520000 0.520000 0.520000 0.520000 0.520000 0.520000 0.520000 0.520000 0.172066 0.166810 0.127073 0.136871 0.520000 0.430040 0.310404 0.441232 0.370610 0.384717 0.489593 0.190696 0.435729 0.520000 0.520000 0.520000 0.520000 0.520000 0.520000 0.157419 0.165851 0.135799 0.126416 0.520000 0.520000 0.125533 0.125980 -9999.0 -9999.0 -9999.0 -9999.0
-9999.0 -9999.0 -9999.0 -9999.0 -9999.0 -9999.0 -9999.0 -9999.0 -9999.0 0.520000 0.520000 0.520000 0.520000 0.520000 0.520000 0.520000 0.520000 0.520000 0.520000 0.361616 0.479106 0.451064 0.520000 0.520000 0.520000 0.520000 0.520000 0.520000 0.520000 0.520000 0.520000 0.520000 0.520000 0.520000 0.520000 0.114070 0.113562 0.112443 0.520000 0.520000 0.520000 0.520000 0.346766 0.443407 0.436078 0.379898 0.434487 0.331784 0.520000 0.520000 0.520000 0.520000 0.144977 0.520000 0.182849 0.520000 0.520000 0.520000 0.119241 -9999.0 -9999.0 -9999.0 -9999.0
-9999.0 -9999.0 -9999.0 -9999.0 -9999.0 -9999.0 -9999.0 -9999.0 -9999.0 -9999.0 0.520000 0.520000 0.520000 0.520000 0.520000 0.520000 0.520000 0.520000 0.520000 0.395352 0.520000 0.520000 0.520000 0.520000 0.520000 0.520000 0.520000 0.520000 0.520000 0.520000 0.520000 0.520000 0.520000 0.520000 0.520000 0.520000 0.520000 0.520000 0.135274 0.520000 0.520000 0.520000 0.520000 0.520000 0.520000 0.520000 0.520000 0.520000 0.520000 0.520000 0.520000 0.520000 0.137090 0.144849 0.520000 0.520000 0.520000 0.520000 0.520000 0.520000 -9999.0 -9999.0 -9999.0
-9999.0 -9999.0 -9999.0 -9999.0 -9999.0 -9999.0 -9999.0 -9999.0 -9999.0 -9999.0 0.520000 0.520000 0.520000 0.520000 0.520000 0.456430 0.520000 0.483785 0.303104 0.348742 0.367469 0.520000 0.520000 0.520000 0.520000 0.520000 0.520000 0.520000 0.520000 0.520000 0.520000 0.520000 0.184540 0.520000 0.520000 0.520000 0.520000 0.520000 0.520000 0.520000 0.520000 0.167369 0.520000 0.520000 0.520000 0.520000 0.520000 0.520000 0.520000 0.520000 0.520000 0.520000 0.520000 0.145550 0.135479 0.112957 0.520000 0.520000 0.520000 0.520000 -9999.0 -9999.0 -9999.0
-9999.0 -9999.0 -9999.0 -9999.0 -9999.0 -9999.0 -9999.0 -9999.0 0.520000 0.520000 0.520000 0.520000 0.520000 0.520000 0.520000 0.520000 0.368331 0.327266 0.320602 0.342926 0.313332 0.384008 0.520000 0.416472 0.470099 0.520000 0.520000 0.520000 0.520000 0.520000 0.158113 0.520000 0.520000 0.520000 0.520000 0.520000 0.520000 0.520000 0.520000 0.134520 0.137605 0.520000 0.171614 0.143229 0.104805 0.520000 0.520000 0.520000 0.520000 0.520000 0.520000 0.520000 0.520000 0.520000 0.107636 0.520000 0.106628 0.520000 0.520000 0.520000 -9999.0 -9999.0 -9999.0
-9999.0 -9999.0 -9999.0 -9999.0 -9999.0 -9999.0 -9999.0 -9999.0 0.200000 0.520000 0.520000 0.520000 0.520000 0.520000 0.520000 0.520000 0.520000 0.365613 0.283039 0.330411 0.362076 0.390152 0.520000 0.520000 0.302866 0.520000 0.520000 0.520000 0.185605 0.520000 0.520000 0.122696 0.520000 0.127378 0.520000 0.520000 0.520000 0.520000 0.520000 0.520000 0.520000 0.520000 0.139903 0.520000 0.520000 0.520000 0.165980 0.520000 0.520000 0.520000 0.520000 0.520000 0.520000 0.520000 0.520000 0.139706 0.520000 0.520000 0.520000 0.520000 0.279117 -9999.0 -9999.0
-9999.0 -9999.0 -9999.0 -9999.0 -9999.0 -9999.0 -9999.0 -9999.0 0.520000 0.520000 0.520000 0.520000 0.520000 0.169577 0.520000 0.520000 0.520000 0.340527 0.260529 0.364330 0.329157 0.333062 0.387951 0.345068 0.471576 0.520000 0.520000 0.520000 0.172363 0.520000 0.119353 0.520000 0.520000 0.520000 0.520000 0.520000 0.520000 0.520000 0.520000 0.520000 0.520000 0.123799 0.520000 0.520000 0.520000 0.520000 0.123480 0.520000 0.520000 0.520000 0.520000 0.520000 0.520000 0.520000 0.520000 0.520000 0.520000 0.520000 0.520000 0.376754 0.317473 -9999.0 -9999.0
-9999.0 -9999.0 -9999.0 -9999.0 -9999.0 -9999.0 -9999.0 -9999.0 0.143969 0.520000 0.520000 0.163079 0.520000 0.520000 0.520000 0.520000 0.520000 0.362680 0.444453 0.284506 0.331968 0.323875 0.292298 0.268724 0.422739 0.520000 0.520000 0.520000 0.520000 0.520000 0.520000 0.520000 0.520000 0.520000 0.520000 0.520000 0.520000 0.520000 0.520000 0.520000 0.520000 0.520000 0.520000 0.110197 0.520000 0.109376 0.520000 0.111936 0.520000 0.520000 0.520000 0.520000 0.520000 0.520000 0.520000 0.520000 0.520000 0.520000 0.223341 0.310550 0.384729 0.462914 -9999.0
-9999.0 -9999.0 -9999.0 -9999.0 -9999.0 -9999.0 -9999.0 -9999.0 0.520000 0.520000 0.520000 0.520000 0.520000 0.520000 0.520000 0.520000 0.520000 0.520000 0.520000 0.455718 0.290627 0.312298 0.295398 0.268945 0.288855 0.520000 0.520000 0.520000 0.520000 0.520000 0.520000 0.520000 0.520000 0.520000 0.520000 0.520000 0.520000 0.520000 0.520000 0.520000 0.520000 0.520000 0.520000 0.520000 0.520000 0.520000 0.520000 0.520000 0.520000 0.520000 0.482205 0.220655 0.360656 0.340161 0.520000 0.520000 0.473119 0.379106 0.384798 0.403221 0.452918 0.512641 -9999.0
-9999.0 -9999.0 0.520000 0.520000 0.520000 0.520000 0.520000 0.520000 0.520000 0.520000 0.520000 0.520000 0.520000 0.520000 0.520000 0.520000 0.520000 0.520000 0.520000 0.520000 0.403464 0.248774 0.317503 0.217278 0.319556 0.314724 0.449825 0.520000 0.520000 0.520000 0.520000 0.520000 0.520000 0.520000 0.520000 0.520000 0.520000 0.520000 0.520000 0.520000 0.520000 0.520000 0.520000 0.520000 0.520000 0.520000 0.520000 0.520000 0.520000 0.331671 0.199388 0.215624 0.471230 0.504745 0.498424 0.500062 0.520000 0.520000 0.520000 0.520000 0.520000 0.520000 -9999.0
-9999.0 0.520000 0.520000 0.520000 0.520000 0.520000 0.520000 0.520000 0.520000 0.520000 0.520000 0.520000 0.520000 0.520000 0.520000 0.520000 0.520000 0.520000 0.520000 0.520000 0.405254 0.475002 0.377203 0.238429 0.256023 0.279433 0.281539 0.356025 0.519441 0.520000 0.374456 0.447234 0.520000 0.520000 0.520000 0.520000 0.520000 0.483222 0.520000 0.520000 0.520000 0.520000 0.520000 0.520000 0.520000 0.427202 0.482851 0.394031 0.260506 0.146511 0.324325 0.484402 0.520000 0.520000 0.520000 0.520000 0.520000 0.520000 0.520000 0.520000 0.520000 0.520000 -9999.0
-9999.0 0.520000 0.520000 0.520000 0.520000 0.520000 0.520000 0.520000 0.520000 0.520000 0.520000 0.520000 0.520000 0.520000 0.520000 0.520000 0.520000 0.520000 0.520000 0.520000 0.520000 0.520000 0.509673 0.355296 0.350520 0.299762 0.203482 0.247443 0.297394 0.358210 0.186719 0.195514 0.520000 0.520000 0.520000 0.468545 0.389437 0.368045 0.520000 0.337933 0.520000 0.520000 0.520000 0.220727 0.145681 0.129611 0.188500 0.272576 0.429668 0.520000 0.520000 0.520000 0.520000 0.520000 0.520000 0.520000 0.520000 0.520000 0.520000 0.520000 0.520000 -9999.0 -9999.0
-9999.0 0.520000 0.520000 0.520000 0.520000 0.520000 0.520000 0.520000 0.520000 0.520000 0.520000 0.520000 0.520000 0.520000 0.520000 0.520000 0.520000 0.520000 0.520000 0.520000 0.520000 0.520000 0.283041 0.520000 0.520000 0.444179 0.520000 0.520000 0.280134 0.311809 0.267834 0.250708 0.520000 0.473308 0.448039 0.299562 0.520000 0.422479 0.467468 0.287943 0.263505 0.520000 0.516282 0.213568 0.213016 0.464105 0.295760 0.520000 0.520000 0.520000 0.520000 0.520000 0.520000 0.520000 0.520000 0.520000 0.520000 0.520000 0.520000 -9999.0 -9999.0 -9999.0 -9999.0
