user2019/resources/simulation/Vinschgau/output-maps/thetaliqL0006N0876.asc
ncols         63
nrows         48
xllcorner     598000.000000
yllcorner     5145000.000000
cellsize      1000.000000
NODATA_value  -9999.0
[rows 0 to 28 of 48, columns 0 to 62 of 63]
-9999.0 -9999.0 -9999.0 -9999.0 -9999.0 -9999.0 -9999.0 -9999.0 -9999.0 -9999.0 -9999.0 -9999.0 -9999.0 -9999.0 -9999.0 -9999.0 -9999.0 -9999.0 -9999.0 -9999.0 -9999.0 -9999.0 -9999.0 -9999.0 -9999.0 -9999.0 -9999.0 -9999.0 -9999.0 -9999.0 -9999.0 -9999.0 -9999.0 -9999.0 -9999.0 -9999.0 -9999.0 -9999.0 -9999.0 -9999.0 -9999.0 -9999.0 -9999.0 -9999.0 -9999.0 -9999.0 -9999.0 -9999.0 -9999.0 -9999.0 -9999.0 -9999.0 -9999.0 -9999.0 -9999.0 -9999.0 -9999.0 -9999.0 -9999.0 -9999.0 -9999.0 -9999.0 -9999.0
-9999.0 -9999.0 -9999.0 -9999.0 -9999.0 -9999.0 -9999.0 -9999.0 -9999.0 -9999.0 -9999.0 -9999.0 -9999.0 -9999.0 -9999.0 -9999.0 -9999.0 -9999.0 -9999.0 -9999.0 -9999.0 -9999.0 -9999.0 -9999.0 -9999.0 -9999.0 -9999.0 0.020023 0.020031 0.020027 0.020027 0.020024 0.020023 -9999.0 -9999.0 -9999.0 -9999.0 -9999.0 -9999.0 -9999.0 -9999.0 -9999.0 -9999.0 -9999.0 -9999.0 -9999.0 -9999.0 -9999.0 -9999.0 -9999.0 -9999.0 -9999.0 -9999.0 -9999.0 -9999.0 -9999.0 -9999.0 -9999.0 -9999.0 -9999.0 -9999.0 -9999.0 -9999.0
-9999.0 -9999.0 -9999.0 -9999.0 -9999.0 -9999.0 -9999.0 -9999.0 -9999.0 -9999.0 -9999.0 -9999.0 -9999.0 -9999.0 -9999.0 -9999.0 -9999.0 -9999.0 -9999.0 -9999.0 -9999.0 -9999.0 -9999.0 -9999.0 0.040013 0.040015 0.040030 0.040014 0.040016 0.020029 0.020025 -9999.0 -9999.0 -9999.0 -9999.0 -9999.0 -9999.0 -9999.0 -9999.0 -9999.0 -9999.0 -9999.0 -9999.0 -9999.0 -9999.0 -9999.0 -9999.0 -9999.0 -9999.0 -9999.0 -9999.0 -9999.0 -9999.0 -9999.0 -9999.0 -9999.0 -9999.0 -9999.0 -9999.0 -9999.0 -9999.0 -9999.0 -9999.0
-9999.0 -9999.0 -9999.0 -9999.0 -9999.0 -9999.0 -9999.0 -9999.0 -9999.0 -9999.0 -9999.0 -9999.0 -9999.0 -9999.0 -9999.0 -9999.0 -9999.0 -9999.0 -9999.0 -9999.0 -9999.0 -9999.0 -9999.0 0.040016 0.040051 0.277634 0.305256 0.036945 0.061558 0.020043 0.020026 0.020023 -9999.0 -9999.0 -9999.0 -9999.0 -9999.0 -9999.0 -9999.0 -9999.0 -9999.0 -9999.0 -9999.0 -9999.0 -9999.0 -9999.0 -9999.0 -9999.0 -9999.0 -9999.0 -9999.0 -9999.0 -9999.0 -9999.0 -9999.0 -9999.0 -9999.0 -9999.0 -9999.0 -9999.0 -9999.0 -9999.0 -9999.0
-9999.0 -9999.0 -9999.0 -9999.0 -9999.0 -9999.0 -9999.0 -9999.0 -9999.0 -9999.0 -9999.0 -9999.0 -9999.0 -9999.0 -9999.0 -9999.0 -9999.0 -9999.0 0.396243 0.040040 -9999.0 0.040027 0.040049 0.047771 0.329814 0.033997 0.372201 0.411227 0.428447 0.315496 0.020039 0.020027 0.020020 0.020015 -9999.0 -9999.0 -9999.0 -9999.0 -9999.0 -9999.0 -9999.0 -9999.0 -9999.0 -9999.0 -9999.0 -9999.0 -9999.0 -9999.0 -9999.0 -9999.0 -9999.0 -9999.0 -9999.0 -9999.0 -9999.0 -9999.0 -9999.0 -9999.0 -9999.0 -9999.0 -9999.0 -9999.0 -9999.0
-9999.0 -9999.0 -9999.0 -9999.0 -9999.0 -9999.0 -9999.0 -9999.0 -9999.0 -9999.0 -9999.0 -9999.0 -9999.0 -9999.0 -9999.0 -9999.0 -9999.0 0.173196 0.239310 0.020067 0.020041 0.381382 0.320250 0.078881 0.350703 0.373742 0.210475 0.304573 0.358342 0.406636 0.040060 0.020038 0.020027 0.020024 0.020018 0.020015 -9999.0 -9999.0 -9999.0 -9999.0 -9999.0 -9999.0 -9999.0 -9999.0 -9999.0 -9999.0 -9999.0 -9999.0 -9999.0 -9999.0 -9999.0 -9999.0 -9999.0 -9999.0 -9999.0 -9999.0 -9999.0 -9999.0 -9999.0 -9999.0 -9999.0 -9999.0 -9999.0
-9999.0 -9999.0 -9999.0 -9999.0 -9999.0 -9999.0 -9999.0 -9999.0 -9999.0 -9999.0 -9999.0 -9999.0 -9999.0 0.020105 0.367580 0.253284 0.155654 0.042310 0.177357 0.045014 0.313775 0.308243 0.058462 0.362145 0.388029 0.040050 0.020057 0.020131 0.020170 0.350895 0.040056 0.040012 0.020026 0.020023 0.020021 0.020015 -9999.0 -9999.0 -9999.0 -9999.0 -9999.0 -9999.0 -9999.0 -9999.0 -9999.0 -9999.0 -9999.0 -9999.0 -9999.0 -9999.0 -9999.0 -9999.0 -9999.0 -9999.0 -9999.0 -9999.0 -9999.0 -9999.0 -9999.0 -9999.0 -9999.0 -9999.0 -9999.0
-9999.0 -9999.0 -9999.0 -9999.0 -9999.0 -9999.0 -9999.0 -9999.0 -9999.0 -9999.0 -9999.0 -9999.0 -9999.0 0.048985 0.331303 0.236133 0.171768 0.374878 0.042272 0.248754 0.043308 0.103242 0.343662 0.381944 0.354256 0.051206 0.020031 0.020026 0.020021 0.020073 0.040057 0.020028 0.020020 0.020014 0.020017 -9999.0 -9999.0 -9999.0 -9999.0 -9999.0 -9999.0 -9999.0 -9999.0 -9999.0 -9999.0 -9999.0 -9999.0 -9999.0 -9999.0 -9999.0 -9999.0 -9999.0 -9999.0 -9999.0 -9999.0 -9999.0 -9999.0 -9999.0 -9999.0 -9999.0 -9999.0 -9999.0 -9999.0
-9999.0 -9999.0 -9999.0 -9999.0 -9999.0 -9999.0 -9999.0 -9999.0 -9999.0 -9999.0 -9999.0 -9999.0 -9999.0 0.304309 0.430000 0.285843 0.224291 0.185449 0.042258 0.169067 0.396342 0.020124 0.368717 0.362365 0.392312 0.376365 0.020032 0.020021 0.020023 0.020016 0.020025 0.020013 0.020013 0.020011 0.020014 -9999.0 -9999.0 -9999.0 -9999.0 -9999.0 -9999.0 -9999.0 -9999.0 -9999.0 -9999.0 -9999.0 -9999.0 -9999.0 -9999.0 -9999.0 -9999.0 -9999.0 -9999.0 -9999.0 -9999.0 -9999.0 -9999.0 -9999.0 -9999.0 -9999.0 -9999.0 -9999.0 -9999.0
-9999.0 -9999.0 -9999.0 -9999.0 -9999.0 -9999.0 -9999.0 -9999.0 -9999.0 -9999.0 -9999.0 -9999.0 0.065498 0.429233 0.350707 0.388928 0.333204 0.256342 0.347965 0.020101 0.311643 0.340165 0.020957 0.118227 0.040052 0.020031 0.040015 0.020025 0.020026 0.020020 0.020014 0.020019 0.020023 0.020014 -9999.0 -9999.0 -9999.0 -9999.0 -9999.0 -9999.0 -9999.0 -9999.0 -9999.0 -9999.0 -9999.0 -9999.0 -9999.0 -9999.0 -9999.0 -9999.0 -9999.0 -9999.0 -9999.0 -9999.0 -9999.0 -9999.0 -9999.0 -9999.0 -9999.0 -9999.0 -9999.0 -9999.0 -9999.0
-9999.0 -9999.0 -9999.0 -9999.0 -9999.0 -9999.0 -9999.0 -9999.0 -9999.0 -9999.0 -9999.0 0.040072 0.416497 0.430000 0.366642 0.296013 0.020123 0.275642 0.430000 0.025974 0.076588 0.396295 0.020060 0.020034 0.020303 0.020036 0.020024 0.020029 0.040008 0.020016 0.020019 0.020027 0.020022 0.020016 0.020018 0.020023 0.020024 0.020028 0.020030 -9999.0 -9999.0 -9999.0 0.020016 -9999.0 -9999.0 -9999.0 -9999.0 -9999.0 -9999.0 -9999.0 -9999.0 -9999.0 -9999.0 -9999.0 -9999.0 -9999.0 -9999.0 -9999.0 -9999.0 -9999.0 -9999.0 -9999.0 -9999.0
-9999.0 -9999.0 -9999.0 -9999.0 -9999.0 -9999.0 -9999.0 -9999.0 -9999.0 -9999.0 -9999.0 0.040055 0.391329 0.120023 0.325564 0.020110 0.263304 0.211247 0.367756 0.400612 0.415756 0.020324 0.040044 0.040018 0.040027 0.020030 0.020028 0.020037 0.020027 0.020017 0.020029 0.020032 0.020023 0.020020 0.020018 0.020029 0.020044 0.020042 0.020029 0.020017 0.020017 0.020016 0.020028 0.020020 -9999.0 -9999.0 -9999.0 0.040004 0.020018 0.020019 0.020021 0.020016 0.020016 0.040005 0.040005 0.020015 -9999.0 -9999.0 -9999.0 -9999.0 -9999.0 -9999.0 -9999.0
-9999.0 -9999.0 -9999.0 -9999.0 -9999.0 -9999.0 -9999.0 -9999.0 -9999.0 -9999.0 -9999.0 0.040026 0.040054 0.020615 0.244038 0.020263 0.409759 0.301186 0.383899 0.367364 0.363430 0.091366 0.040073 0.040013 0.020030 0.020024 0.040058 0.020037 0.020023 0.020019 0.020022 0.020033 0.020038 0.020021 0.020020 0.020040 0.040015 0.020046 0.020062 0.020022 0.020031 0.020024 0.020038 0.020030 0.020021 -9999.0 0.020014 0.020021 0.020028 0.020035 0.020037 0.020031 0.020031 0.020027 0.020026 0.020022 -9999.0 -9999.0 -9999.0 -9999.0 -9999.0 -9999.0 -9999.0
-9999.0 -9999.0 -9999.0 -9999.0 -9999.0 -9999.0 -9999.0 -9999.0 -9999.0 -9999.0 -9999.0 -9999.0 0.040067 0.040513 0.040167 0.040194 0.352857 0.276732 0.402771 0.385443 0.335528 0.087098 0.020687 0.040109 0.040015 0.040051 0.040034 0.020035 0.020026 0.020020 0.020028 0.040011 0.020038 0.020025 0.020023 0.020032 0.040033 0.040040 0.040630 0.020036 0.040018 0.020031 0.020081 0.040035 0.020021 0.020020 0.020017 0.020022 0.020040 0.040047 0.054518 0.040012 0.040026 0.040010 0.040008 0.040008 0.040006 -9999.0 -9999.0 -9999.0 -9999.0 -9999.0 -9999.0
-9999.0 -9999.0 -9999.0 -9999.0 -9999.0 -9999.0 -9999.0 -9999.0 -9999.0 -9999.0 -9999.0 0.040237 0.040015 0.020089 0.040230 0.360886 0.406585 0.347683 0.405229 0.296650 0.312830 0.375853 0.213296 0.020062 0.040065 0.040367 0.040270 0.020025 0.020024 0.020026 0.040035 0.040016 0.020052 0.020026 0.020018 0.020029 0.020030 0.020126 0.123025 0.020120 0.020113 0.081218 0.040141 0.020088 0.020096 0.020026 0.020032 0.020026 0.020032 0.020381 0.020032 0.020027 0.040005 0.020018 0.020016 0.020015 0.020020 -9999.0 -9999.0 -9999.0 -9999.0 -9999.0 -9999.0
-9999.0 -9999.0 -9999.0 -9999.0 -9999.0 -9999.0 -9999.0 -9999.0 -9999.0 -9999.0 0.040034 0.040224 0.040039 0.040039 0.040179 0.040283 0.040278 0.358934 0.237970 0.305788 0.423093 0.429522 0.020184 0.040117 0.385484 0.040051 0.020049 0.020027 0.020037 0.020048 0.040022 0.040022 0.020048 0.020026 0.020015 0.020022 0.020039 0.040037 0.049432 0.396163 0.101660 0.020169 0.043483 0.422210 0.200501 0.020027 0.020033 0.020100 0.040043 0.393923 0.020021 0.020018 0.020015 0.020014 0.020014 0.020026 0.020027 -9999.0 -9999.0 -9999.0 -9999.0 -9999.0 -9999.0
-9999.0 -9999.0 -9999.0 -9999.0 -9999.0 -9999.0 -9999.0 -9999.0 -9999.0 0.020031 0.040044 0.040057 0.040428 0.040100 0.040466 0.041123 0.129189 0.411817 0.249611 0.239586 0.408707 0.266764 0.095733 0.372390 0.399426 0.020086 0.040014 0.020050 0.020240 0.342478 0.400912 0.020077 0.020023 0.020015 0.020017 0.020021 0.020031 0.040025 0.040037 0.040405 0.042106 0.146295 0.020220 0.321377 0.122133 0.020323 0.020259 0.020097 0.020103 0.409226 0.020048 0.020020 0.020012 0.020014 0.020017 0.020020 0.040007 0.020021 0.020018 -9999.0 -9999.0 -9999.0 -9999.0
-9999.0 -9999.0 -9999.0 -9999.0 -9999.0 -9999.0 -9999.0 -9999.0 -9999.0 0.020024 0.020030 0.020047 0.040197 0.387622 0.069959 0.040097 0.040204 0.404866 0.236981 0.342118 0.367881 0.308268 0.418556 0.408002 0.020111 0.040032 0.040173 0.388464 0.409768 0.396650 0.020209 0.020064 0.020032 0.020022 0.020027 0.020021 0.020023 0.020029 0.020030 0.020060 0.040223 0.020050 0.040200 0.412605 0.361113 0.397958 0.411005 0.085183 0.086231 0.406834 0.020046 0.020022 0.020014 0.020016 0.020019 0.040004 0.020024 0.040010 0.020025 -9999.0 -9999.0 -9999.0 -9999.0
-9999.0 -9999.0 -9999.0 -9999.0 -9999.0 -9999.0 -9999.0 -9999.0 -9999.0 -9999.0 0.020027 0.020047 0.044877 0.040436 0.093125 0.160342 0.389345 0.397384 0.231287 0.319810 0.395494 0.092213 0.391344 0.020979 0.040063 0.257765 0.402256 0.425605 0.020194 0.040041 0.020067 0.040030 0.020030 0.020024 0.020037 0.020035 0.040035 0.040050 0.020023 0.020029 0.020027 0.040041 0.040062 0.020369 0.121430 0.384590 0.132562 0.419019 0.096137 0.094801 0.020069 0.020033 0.020017 0.020015 0.040004 0.020021 0.040011 0.020097 0.020063 0.319785 -9999.0 -9999.0 -9999.0
-9999.0 -9999.0 -9999.0 -9999.0 -9999.0 -9999.0 -9999.0 -9999.0 -9999.0 -9999.0 0.020026 0.020033 0.040024 0.044899 0.429456 0.315665 0.343407 0.275143 0.254338 0.185241 0.190615 0.260432 0.356571 0.040348 0.248925 0.413971 0.430000 0.371003 0.040054 0.020032 0.020029 0.040010 0.020025 0.020021 0.020029 0.040034 0.040053 0.040339 0.020047 0.020024 0.020031 0.020037 0.040037 0.020042 0.040126 0.020319 0.393082 0.120346 0.137843 0.165974 0.047265 0.020048 0.040009 0.020018 0.020014 0.020015 0.020021 0.020092 0.430000 0.430000 -9999.0 -9999.0 -9999.0
-9999.0 -9999.0 -9999.0 -9999.0 -9999.0 -9999.0 -9999.0 -9999.0 0.040014 0.020028 0.020023 0.040014 0.040014 0.040040 0.045883 0.388870 0.229336 0.301474 0.287694 0.158862 0.161505 0.207474 0.228083 0.260255 0.384846 0.414894 0.421480 0.040097 0.040023 0.020032 0.020015 0.020029 0.020029 0.020022 0.020032 0.020031 0.020140 0.041148 0.020052 0.020021 0.020026 0.040022 0.020032 0.020023 0.020033 0.040041 0.020056 0.040266 0.116895 0.430000 0.362916 0.020157 0.040012 0.020021 0.020016 0.020024 0.020022 0.040056 0.111403 0.430000 -9999.0 -9999.0 -9999.0
-9999.0 -9999.0 -9999.0 -9999.0 -9999.0 -9999.0 -9999.0 -9999.0 0.020036 0.040029 0.020036 0.020024 0.020031 0.040028 0.040082 0.388389 0.297147 0.266608 0.044368 0.159365 0.355593 0.326015 0.320193 0.311710 0.225051 0.341847 0.418154 0.040432 0.020025 0.020025 0.020022 0.020023 0.020032 0.020023 0.040013 0.040020 0.020240 0.040732 0.020185 0.020037 0.020028 0.020018 0.020024 0.020039 0.040031 0.040088 0.020030 0.020036 0.020257 0.394016 0.430000 0.040494 0.040010 0.020022 0.020032 0.020034 0.020084 0.084587 0.135321 0.430000 0.172705 -9999.0 -9999.0
-9999.0 -9999.0 -9999.0 -9999.0 -9999.0 -9999.0 -9999.0 -9999.0 0.020029 0.020039 0.020039 0.020030 0.040009 0.020035 0.040087 0.020144 0.302390 0.324499 0.172933 0.333640 0.157508 0.277633 0.303880 0.211270 0.332885 0.297089 0.400332 0.040057 0.020028 0.020029 0.020025 0.040024 0.040018 0.020052 0.040039 0.020088 0.023760 0.177467 0.066909 0.020097 0.020036 0.020026 0.040013 0.040013 0.040028 0.040013 0.020021 0.040009 0.040018 0.124229 0.404373 0.370694 0.020029 0.020031 0.020050 0.040075 0.428780 0.430000 0.396890 0.430000 0.387846 -9999.0 -9999.0
-9999.0 -9999.0 -9999.0 -9999.0 -9999.0 -9999.0 -9999.0 -9999.0 0.020019 0.020039 0.040103 0.020027 0.040011 0.040057 0.020316 0.400921 0.066816 0.186802 0.362042 0.164157 0.171673 0.179471 0.282802 0.215839 0.237117 0.336543 0.372888 0.020065 0.040035 0.020104 0.020092 0.020159 0.022451 0.041110 0.020279 0.020108 0.168935 0.296321 0.146198 0.020717 0.020045 0.020050 0.020049 0.020032 0.040010 0.020026 0.020037 0.020030 0.020031 0.020080 0.398397 0.418193 0.388883 0.040141 0.417558 0.430000 0.430000 0.430000 0.359769 0.392108 0.384743 0.349291 -9999.0
-9999.0 -9999.0 -9999.0 -9999.0 -9999.0 -9999.0 -9999.0 -9999.0 0.040005 0.040012 0.040039 0.020081 0.020233 0.044587 0.412414 0.430000 0.429938 0.301878 0.323039 0.267794 0.202721 0.212641 0.180423 0.174150 0.354560 0.309360 0.040066 0.235171 0.392022 0.041272 0.020362 0.401883 0.167437 0.420847 0.107129 0.107144 0.099935 0.269652 0.117434 0.429713 0.111348 0.039194 0.094474 0.025296 0.020086 0.020092 0.020219 0.020717 0.020193 0.097505 0.112745 0.321777 0.397412 0.412839 0.430000 0.430000 0.430000 0.424663 0.418448 0.386184 0.325072 0.357144 -9999.0
-9999.0 -9999.0 0.020032 0.040013 0.040011 0.040025 0.040012 0.040014 0.040007 0.040009 0.040043 0.041150 0.044309 0.164105 0.429853 0.430000 0.116706 0.040058 0.040285 0.373437 0.262738 0.270231 0.420399 0.147298 0.195919 0.261755 0.310598 0.339065 0.360615 0.424825 0.387055 0.378293 0.430000 0.344862 0.400417 0.285816 0.346612 0.235765 0.101962 0.111229 0.089714 0.102420 0.124353 0.414257 0.119880 0.103670 0.428635 0.389829 0.108382 0.386418 0.348188 0.332139 0.426836 0.430000 0.430000 0.430000 0.430000 0.414890 0.411916 0.351163 0.418782 0.366237 -9999.0
-9999.0 0.040104 0.040094 0.040075 0.040027 0.040014 0.040012 0.040012 0.040009 0.020024 0.040018 0.040091 0.302814 0.262832 0.430000 0.020315 0.040067 0.040019 0.040154 0.381319 0.262922 0.305089 0.430000 0.381226 0.230749 0.209825 0.282938 0.327121 0.362891 0.401359 0.304207 0.356550 0.425282 0.415680 0.332893 0.313475 0.277373 0.184407 0.329702 0.324800 0.308014 0.342291 0.359312 0.275510 0.267282 0.249624 0.376801 0.259503 0.318978 0.343128 0.382069 0.420390 0.430000 0.430000 0.430000 0.430000 0.427762 0.416340 0.430000 0.417075 0.400397 0.369688 -9999.0
-9999.0 0.040079 0.040120 0.040474 0.040242 0.040027 0.040022 0.040010 0.040006 0.020023 0.040014 0.040057 0.382841 0.430000 0.022105 0.040023 0.020037 0.040016 0.040252 0.177958 0.417854 0.397347 0.371087 0.430000 0.426373 0.322488 0.137962 0.161229 0.324126 0.220631 0.161469 0.179645 0.395752 0.394343 0.394494 0.335349 0.359457 0.328489 0.296450 0.270385 0.299675 0.334791 0.325850 0.198317 0.136697 0.164993 0.294927 0.342179 0.353010 0.373145 0.394438 0.374835 0.410203 0.430000 0.429985 0.375921 0.063266 0.358828 0.385656 0.327015 0.384203 -9999.0 -9999.0
-9999.0 0.020052 0.040202 0.040969 0.429780 0.040292 0.066551 0.040038 0.040018 0.040019 0.040072 0.388277 0.425795 0.185189 0.040045 0.040013 0.040010 0.040021 0.040040 0.056076 0.315504 0.378888 0.264725 0.429950 0.429840 0.384548 0.388234 0.385681 0.183260 0.318481 0.147390 0.138828 0.366701 0.373086 0.335390 0.289423 0.297871 0.317385 0.276705 0.267257 0.270119 0.340638 0.308883 0.137340 0.135057 0.336244 0.332900 0.374807 0.389855 0.336822 0.399985 0.384975 0.374655 0.040396 0.101854 0.040246 0.040236 0.040076 0.040156 -9999.0 -9999.0 -9999.0 -9999.0
