user2019/resources/simulation/Vinschgau/output-maps/thetaliqL0006N0637.asc
ncols         63
nrows         48
xllcorner     598000.000000
yllcorner     5145000.000000
cellsize      1000.000000
NODATA_value  -9999.0
[rows 0 to 28 of 48, columns 0 to 62 of 63]
-9999.0 -9999.0 -9999.0 -9999.0 -9999.0 -9999.0 -9999.0 -9999.0 -9999.0 -9999.0 -9999.0 -9999.0 -9999.0 -9999.0 -9999.0 -9999.0 -9999.0 -9999.0 -9999.0 -9999.0 -9999.0 -9999.0 -9999.0 -9999.0 -9999.0 -9999.0 -9999.0 -9999.0 -9999.0 -9999.0 -9999.0 -9999.0 -9999.0 -9999.0 -9999.0 -9999.0 -9999.0 -9999.0 -9999.0 -9999.0 -9999.0 -9999.0 -9999.0 -9999.0 -9999.0 -9999.0 -9999.0 -9999.0 -9999.0 -9999.0 -9999.0 -9999.0 -9999.0 -9999.0 -9999.0 -9999.0 -9999.0 -9999.0 -9999.0 -9999.0 -9999.0 -9999.0 -9999.0
-9999.0 -9999.0 -9999.0 -9999.0 -9999.0 -9999.0 -9999.0 -9999.0 -9999.0 -9999.0 -9999.0 -9999.0 -9999.0 -9999.0 -9999.0 -9999.0 -9999.0 -9999.0 -9999.0 -9999.0 -9999.0 -9999.0 -9999.0 -9999.0 -9999.0 -9999.0 -9999.0 0.042367 0.199771 0.042331 0.200000 0.159851 0.200000 -9999.0 -9999.0 -9999.0 -9999.0 -9999.0 -9999.0 -9999.0 -9999.0 -9999.0 -9999.0 -9999.0 -9999.0 -9999.0 -9999.0 -9999.0 -9999.0 -9999.0 -9999.0 -9999.0 -9999.0 -9999.0 -9999.0 -9999.0 -9999.0 -9999.0 -9999.0 -9999.0 -9999.0 -9999.0 -9999.0
-9999.0 -9999.0 -9999.0 -9999.0 -9999.0 -9999.0 -9999.0 -9999.0 -9999.0 -9999.0 -9999.0 -9999.0 -9999.0 -9999.0 -9999.0 -9999.0 -9999.0 -9999.0 -9999.0 -9999.0 -9999.0 -9999.0 -9999.0 -9999.0 0.430000 0.430000 0.429782 0.428734 0.430000 0.200000 0.199454 -9999.0 -9999.0 -9999.0 -9999.0 -9999.0 -9999.0 -9999.0 -9999.0 -9999.0 -9999.0 -9999.0 -9999.0 -9999.0 -9999.0 -9999.0 -9999.0 -9999.0 -9999.0 -9999.0 -9999.0 -9999.0 -9999.0 -9999.0 -9999.0 -9999.0 -9999.0 -9999.0 -9999.0 -9999.0 -9999.0 -9999.0 -9999.0
-9999.0 -9999.0 -9999.0 -9999.0 -9999.0 -9999.0 -9999.0 -9999.0 -9999.0 -9999.0 -9999.0 -9999.0 -9999.0 -9999.0 -9999.0 -9999.0 -9999.0 -9999.0 -9999.0 -9999.0 -9999.0 -9999.0 -9999.0 0.430000 0.430000 0.154678 0.099285 0.020726 0.034813 0.193010 0.199171 0.199414 -9999.0 -9999.0 -9999.0 -9999.0 -9999.0 -9999.0 -9999.0 -9999.0 -9999.0 -9999.0 -9999.0 -9999.0 -9999.0 -9999.0 -9999.0 -9999.0 -9999.0 -9999.0 -9999.0 -9999.0 -9999.0 -9999.0 -9999.0 -9999.0 -9999.0 -9999.0 -9999.0 -9999.0 -9999.0 -9999.0 -9999.0
-9999.0 -9999.0 -9999.0 -9999.0 -9999.0 -9999.0 -9999.0 -9999.0 -9999.0 -9999.0 -9999.0 -9999.0 -9999.0 -9999.0 -9999.0 -9999.0 -9999.0 -9999.0 0.430000 0.430000 -9999.0 0.430000 0.430000 0.022632 0.109085 0.020582 0.253462 0.286523 0.179113 0.149106 0.199261 0.199964 0.042330 0.042355 -9999.0 -9999.0 -9999.0 -9999.0 -9999.0 -9999.0 -9999.0 -9999.0 -9999.0 -9999.0 -9999.0 -9999.0 -9999.0 -9999.0 -9999.0 -9999.0 -9999.0 -9999.0 -9999.0 -9999.0 -9999.0 -9999.0 -9999.0 -9999.0 -9999.0 -9999.0 -9999.0 -9999.0 -9999.0
-9999.0 -9999.0 -9999.0 -9999.0 -9999.0 -9999.0 -9999.0 -9999.0 -9999.0 -9999.0 -9999.0 -9999.0 -9999.0 -9999.0 -9999.0 -9999.0 -9999.0 0.140901 0.177102 0.020003 0.042309 0.325028 0.159546 0.020916 0.225549 0.137649 0.210661 0.417913 0.152214 0.346486 0.430000 0.200000 0.042289 0.042286 0.042345 0.042374 -9999.0 -9999.0 -9999.0 -9999.0 -9999.0 -9999.0 -9999.0 -9999.0 -9999.0 -9999.0 -9999.0 -9999.0 -9999.0 -9999.0 -9999.0 -9999.0 -9999.0 -9999.0 -9999.0 -9999.0 -9999.0 -9999.0 -9999.0 -9999.0 -9999.0 -9999.0 -9999.0
-9999.0 -9999.0 -9999.0 -9999.0 -9999.0 -9999.0 -9999.0 -9999.0 -9999.0 -9999.0 -9999.0 -9999.0 -9999.0 0.199165 0.313760 0.164834 0.146922 0.042365 0.146766 0.021858 0.149356 0.102212 0.021060 0.202637 0.165758 0.430000 0.020107 0.049050 0.032345 0.177090 0.430000 0.430000 0.200000 0.200000 0.042364 0.042377 -9999.0 -9999.0 -9999.0 -9999.0 -9999.0 -9999.0 -9999.0 -9999.0 -9999.0 -9999.0 -9999.0 -9999.0 -9999.0 -9999.0 -9999.0 -9999.0 -9999.0 -9999.0 -9999.0 -9999.0 -9999.0 -9999.0 -9999.0 -9999.0 -9999.0 -9999.0 -9999.0
-9999.0 -9999.0 -9999.0 -9999.0 -9999.0 -9999.0 -9999.0 -9999.0 -9999.0 -9999.0 -9999.0 -9999.0 -9999.0 0.430000 0.257970 0.157048 0.160113 0.430000 0.042334 0.093761 0.021697 0.056528 0.183392 0.132699 0.157385 0.034768 0.196419 0.042358 0.042361 0.049265 0.430000 0.199482 0.042358 0.042362 0.042362 -9999.0 -9999.0 -9999.0 -9999.0 -9999.0 -9999.0 -9999.0 -9999.0 -9999.0 -9999.0 -9999.0 -9999.0 -9999.0 -9999.0 -9999.0 -9999.0 -9999.0 -9999.0 -9999.0 -9999.0 -9999.0 -9999.0 -9999.0 -9999.0 -9999.0 -9999.0 -9999.0 -9999.0
-9999.0 -9999.0 -9999.0 -9999.0 -9999.0 -9999.0 -9999.0 -9999.0 -9999.0 -9999.0 -9999.0 -9999.0 -9999.0 0.190019 0.430000 0.161421 0.167701 0.156033 0.042331 0.160803 0.430000 0.020077 0.430000 0.240434 0.279792 0.430000 0.042331 0.042361 0.199878 0.042359 0.199756 0.042362 0.042364 0.042360 0.042363 -9999.0 -9999.0 -9999.0 -9999.0 -9999.0 -9999.0 -9999.0 -9999.0 -9999.0 -9999.0 -9999.0 -9999.0 -9999.0 -9999.0 -9999.0 -9999.0 -9999.0 -9999.0 -9999.0 -9999.0 -9999.0 -9999.0 -9999.0 -9999.0 -9999.0 -9999.0 -9999.0 -9999.0
-9999.0 -9999.0 -9999.0 -9999.0 -9999.0 -9999.0 -9999.0 -9999.0 -9999.0 -9999.0 -9999.0 -9999.0 0.025745 0.430000 0.182595 0.416879 0.352756 0.176778 0.420384 0.020009 0.143880 0.289876 0.020626 0.430000 0.430000 0.198919 0.430000 0.199703 0.200000 0.042361 0.189372 0.042351 0.200000 0.042355 -9999.0 -9999.0 -9999.0 -9999.0 -9999.0 -9999.0 -9999.0 -9999.0 -9999.0 -9999.0 -9999.0 -9999.0 -9999.0 -9999.0 -9999.0 -9999.0 -9999.0 -9999.0 -9999.0 -9999.0 -9999.0 -9999.0 -9999.0 -9999.0 -9999.0 -9999.0 -9999.0 -9999.0 -9999.0
-9999.0 -9999.0 -9999.0 -9999.0 -9999.0 -9999.0 -9999.0 -9999.0 -9999.0 -9999.0 -9999.0 0.430000 0.430000 0.430000 0.391622 0.430000 0.020118 0.275192 0.428431 0.020027 0.040033 0.429362 0.200000 0.199732 0.050753 0.200000 0.198210 0.200000 0.430000 0.042363 0.042351 0.200000 0.042370 0.042347 0.042353 0.042302 0.083873 0.076673 0.045569 -9999.0 -9999.0 -9999.0 0.042296 -9999.0 -9999.0 -9999.0 -9999.0 -9999.0 -9999.0 -9999.0 -9999.0 -9999.0 -9999.0 -9999.0 -9999.0 -9999.0 -9999.0 -9999.0 -9999.0 -9999.0 -9999.0 -9999.0 -9999.0
-9999.0 -9999.0 -9999.0 -9999.0 -9999.0 -9999.0 -9999.0 -9999.0 -9999.0 -9999.0 -9999.0 0.430000 0.430000 0.043936 0.427273 0.197689 0.328929 0.112736 0.425109 0.430000 0.430000 0.200000 0.430000 0.430000 0.430000 0.200000 0.199696 0.200000 0.042365 0.042357 0.200000 0.200000 0.198390 0.199976 0.166789 0.144649 0.107943 0.085773 0.084827 0.042245 0.042267 0.042365 0.198719 0.042356 -9999.0 -9999.0 -9999.0 0.430000 0.199643 0.042375 0.199989 0.042374 0.042379 0.430000 0.430000 0.042362 -9999.0 -9999.0 -9999.0 -9999.0 -9999.0 -9999.0 -9999.0
-9999.0 -9999.0 -9999.0 -9999.0 -9999.0 -9999.0 -9999.0 -9999.0 -9999.0 -9999.0 -9999.0 0.430000 0.430000 0.061609 0.430000 0.199813 0.430000 0.430000 0.430000 0.424194 0.430000 0.058105 0.430000 0.430000 0.199978 0.042319 0.430000 0.200000 0.042360 0.199770 0.042370 0.077407 0.199992 0.198890 0.042349 0.122112 0.075111 0.020306 0.079079 0.042208 0.078540 0.060589 0.152242 0.198142 0.197736 -9999.0 0.042357 0.200000 0.200000 0.200000 0.189879 0.042349 0.190923 0.200000 0.194608 0.200000 -9999.0 -9999.0 -9999.0 -9999.0 -9999.0 -9999.0 -9999.0
-9999.0 -9999.0 -9999.0 -9999.0 -9999.0 -9999.0 -9999.0 -9999.0 -9999.0 -9999.0 -9999.0 -9999.0 0.430000 0.430000 0.430000 0.430000 0.430000 0.428922 0.430000 0.424892 0.430000 0.056684 0.059183 0.430000 0.430000 0.430000 0.430000 0.174020 0.200000 0.042364 0.200000 0.430000 0.155464 0.199457 0.189219 0.123127 0.073652 0.065481 0.084941 0.049314 0.112072 0.042280 0.021874 0.430000 0.042326 0.199918 0.042359 0.199941 0.067884 0.430000 0.430000 0.430000 0.430000 0.430000 0.430000 0.430000 0.430000 -9999.0 -9999.0 -9999.0 -9999.0 -9999.0 -9999.0
-9999.0 -9999.0 -9999.0 -9999.0 -9999.0 -9999.0 -9999.0 -9999.0 -9999.0 -9999.0 -9999.0 0.430000 0.430000 0.175252 0.430000 0.430000 0.430000 0.430000 0.430000 0.327581 0.430000 0.430000 0.430000 0.062024 0.430000 0.430000 0.430000 0.199717 0.197792 0.042319 0.430000 0.430000 0.200000 0.199932 0.197688 0.149504 0.071112 0.020329 0.122971 0.081739 0.020368 0.070935 0.205537 0.020116 0.199932 0.199247 0.200000 0.042325 0.042315 0.021348 0.020118 0.199724 0.430000 0.020118 0.020118 0.042360 0.042373 -9999.0 -9999.0 -9999.0 -9999.0 -9999.0 -9999.0
-9999.0 -9999.0 -9999.0 -9999.0 -9999.0 -9999.0 -9999.0 -9999.0 -9999.0 -9999.0 0.430000 0.430000 0.430000 0.430000 0.430000 0.430000 0.430000 0.430000 0.227073 0.297785 0.430000 0.430000 0.094151 0.430000 0.430000 0.430000 0.077466 0.020115 0.181130 0.200000 0.430000 0.430000 0.200000 0.199923 0.042362 0.042326 0.119242 0.078615 0.073476 0.080313 0.020365 0.020119 0.042424 0.249034 0.430000 0.042314 0.200000 0.061232 0.430000 0.430000 0.020118 0.042353 0.020118 0.042358 0.042351 0.200000 0.200000 -9999.0 -9999.0 -9999.0 -9999.0 -9999.0 -9999.0
-9999.0 -9999.0 -9999.0 -9999.0 -9999.0 -9999.0 -9999.0 -9999.0 -9999.0 0.200000 0.430000 0.430000 0.430000 0.430000 0.430000 0.430000 0.430000 0.430000 0.345422 0.189419 0.430000 0.337047 0.082580 0.430000 0.430000 0.114530 0.430000 0.200000 0.061422 0.430000 0.430000 0.026364 0.042365 0.042363 0.042362 0.042350 0.199986 0.182773 0.135624 0.259133 0.180420 0.337604 0.059172 0.092552 0.043828 0.055130 0.199857 0.053232 0.057119 0.430000 0.021430 0.042367 0.042358 0.042356 0.042364 0.078966 0.430000 0.042943 0.042340 -9999.0 -9999.0 -9999.0 -9999.0
-9999.0 -9999.0 -9999.0 -9999.0 -9999.0 -9999.0 -9999.0 -9999.0 -9999.0 0.190942 0.200000 0.199989 0.430000 0.429704 0.430000 0.430000 0.430000 0.430000 0.289015 0.234916 0.281637 0.234934 0.430000 0.430000 0.112589 0.430000 0.430000 0.430000 0.430000 0.430000 0.157635 0.112816 0.200000 0.199848 0.200000 0.042298 0.042314 0.042305 0.181558 0.200000 0.430000 0.076903 0.190069 0.342060 0.287323 0.189834 0.247012 0.027560 0.039574 0.430000 0.027175 0.070199 0.042359 0.199958 0.044281 0.430000 0.078983 0.430000 0.042558 -9999.0 -9999.0 -9999.0 -9999.0
-9999.0 -9999.0 -9999.0 -9999.0 -9999.0 -9999.0 -9999.0 -9999.0 -9999.0 -9999.0 0.199979 0.200000 0.430000 0.430000 0.042586 0.427927 0.430000 0.429999 0.206275 0.197185 0.379633 0.074624 0.430000 0.105445 0.430000 0.430000 0.430000 0.430000 0.160086 0.430000 0.121912 0.430000 0.085175 0.199938 0.200000 0.200000 0.430000 0.430000 0.042355 0.199924 0.197262 0.430000 0.430000 0.075170 0.107529 0.430000 0.092179 0.430000 0.043523 0.062156 0.024762 0.021419 0.042366 0.042358 0.430000 0.200000 0.430000 0.200000 0.072674 0.430000 -9999.0 -9999.0 -9999.0
-9999.0 -9999.0 -9999.0 -9999.0 -9999.0 -9999.0 -9999.0 -9999.0 -9999.0 -9999.0 0.200000 0.200000 0.430000 0.430000 0.414742 0.338169 0.419844 0.259310 0.162455 0.183874 0.190449 0.364612 0.430000 0.430000 0.430000 0.429566 0.430000 0.430000 0.430000 0.096425 0.199987 0.430000 0.020118 0.199528 0.199829 0.430000 0.430000 0.430000 0.067628 0.199636 0.200000 0.042845 0.430000 0.199807 0.430000 0.025508 0.430000 0.107319 0.092939 0.060259 0.092928 0.058332 0.430000 0.042375 0.042379 0.042362 0.199278 0.077709 0.430000 0.430000 -9999.0 -9999.0 -9999.0
-9999.0 -9999.0 -9999.0 -9999.0 -9999.0 -9999.0 -9999.0 -9999.0 0.430000 0.199346 0.164756 0.430000 0.430000 0.430000 0.430000 0.364829 0.132510 0.205905 0.156271 0.180939 0.172630 0.217023 0.309794 0.158477 0.218822 0.401511 0.430000 0.430000 0.430000 0.080509 0.042359 0.200000 0.200000 0.199897 0.200000 0.197547 0.200000 0.430000 0.118317 0.042366 0.042361 0.430000 0.020117 0.042361 0.042311 0.430000 0.120753 0.430000 0.105290 0.430000 0.430000 0.024870 0.430000 0.074493 0.042331 0.192782 0.042797 0.430000 0.064048 0.430000 -9999.0 -9999.0 -9999.0
-9999.0 -9999.0 -9999.0 -9999.0 -9999.0 -9999.0 -9999.0 -9999.0 0.130619 0.430000 0.064553 0.199707 0.199826 0.430000 0.430000 0.430000 0.368788 0.229647 0.023798 0.175236 0.333954 0.335729 0.429452 0.355298 0.118564 0.415011 0.430000 0.430000 0.020118 0.200000 0.200000 0.042319 0.200000 0.042377 0.430000 0.430000 0.200000 0.430000 0.066220 0.200000 0.199934 0.088075 0.042359 0.200000 0.430000 0.430000 0.020118 0.199976 0.079721 0.430000 0.430000 0.430000 0.430000 0.200000 0.187832 0.020118 0.062417 0.064936 0.064033 0.430000 0.212648 -9999.0 -9999.0
-9999.0 -9999.0 -9999.0 -9999.0 -9999.0 -9999.0 -9999.0 -9999.0 0.199924 0.200000 0.153861 0.069796 0.430000 0.020118 0.430000 0.095017 0.352039 0.153669 0.091520 0.316462 0.194202 0.269806 0.336205 0.226659 0.255394 0.430000 0.430000 0.430000 0.020118 0.200000 0.042323 0.430000 0.430000 0.021297 0.430000 0.200000 0.064565 0.101975 0.116072 0.071502 0.200000 0.042366 0.430000 0.430000 0.430000 0.430000 0.042317 0.430000 0.430000 0.109401 0.417895 0.430000 0.105285 0.105771 0.064553 0.430000 0.430000 0.430000 0.429750 0.393175 0.302685 -9999.0 -9999.0
-9999.0 -9999.0 -9999.0 -9999.0 -9999.0 -9999.0 -9999.0 -9999.0 0.042369 0.200000 0.430000 0.020099 0.430000 0.430000 0.023576 0.430000 0.040140 0.082034 0.298387 0.155568 0.182714 0.185123 0.190421 0.186475 0.175401 0.430000 0.430000 0.104787 0.430000 0.061581 0.060700 0.062516 0.021151 0.430000 0.021279 0.196654 0.198661 0.430000 0.108331 0.068162 0.199907 0.200000 0.200000 0.042344 0.430000 0.042326 0.184532 0.042343 0.195724 0.060254 0.429639 0.424797 0.430000 0.425372 0.430000 0.430000 0.430000 0.430000 0.280011 0.308953 0.378880 0.419757 -9999.0
-9999.0 -9999.0 -9999.0 -9999.0 -9999.0 -9999.0 -9999.0 -9999.0 0.430000 0.430000 0.430000 0.105033 0.104594 0.430000 0.430000 0.420048 0.430000 0.412817 0.429161 0.209412 0.153270 0.162345 0.156952 0.157011 0.169238 0.330365 0.430000 0.430000 0.430000 0.430000 0.101921 0.430000 0.060586 0.430000 0.052572 0.051854 0.062805 0.430000 0.107901 0.430000 0.063623 0.020845 0.062132 0.021232 0.062808 0.199984 0.061116 0.063157 0.058639 0.059266 0.046173 0.196623 0.398059 0.378331 0.430000 0.430000 0.428787 0.399525 0.392971 0.400014 0.424141 0.428106 -9999.0
-9999.0 -9999.0 0.170128 0.430000 0.430000 0.430000 0.430000 0.430000 0.430000 0.430000 0.430000 0.430000 0.430000 0.430000 0.429823 0.430000 0.105081 0.430000 0.430000 0.430000 0.144785 0.144219 0.195818 0.132060 0.172456 0.133926 0.268671 0.419782 0.430000 0.430000 0.430000 0.430000 0.430000 0.430000 0.430000 0.430000 0.430000 0.430000 0.107354 0.109184 0.062249 0.062174 0.097086 0.430000 0.099269 0.060155 0.430000 0.430000 0.056550 0.303939 0.163137 0.209658 0.429466 0.430000 0.430000 0.430000 0.430000 0.430000 0.430000 0.430000 0.430000 0.430000 -9999.0
-9999.0 0.430000 0.430000 0.430000 0.430000 0.430000 0.430000 0.430000 0.430000 0.200000 0.430000 0.430000 0.430000 0.430000 0.430000 0.115058 0.430000 0.430000 0.430000 0.430000 0.121503 0.220142 0.345850 0.152255 0.162992 0.139014 0.181393 0.184543 0.227212 0.416665 0.150210 0.254467 0.430000 0.430000 0.430000 0.430000 0.430000 0.414117 0.430000 0.429931 0.429605 0.430000 0.430000 0.429758 0.406624 0.356330 0.390313 0.324736 0.228404 0.168602 0.322423 0.430000 0.430000 0.430000 0.430000 0.430000 0.430000 0.430000 0.430000 0.430000 0.430000 0.430000 -9999.0
-9999.0 0.430000 0.430000 0.430000 0.430000 0.430000 0.430000 0.430000 0.430000 0.164543 0.430000 0.430000 0.430000 0.430000 0.113857 0.430000 0.074132 0.430000 0.430000 0.430000 0.430000 0.430000 0.315993 0.279816 0.310176 0.249917 0.115537 0.145890 0.187926 0.085580 0.068557 0.071774 0.430000 0.430000 0.430000 0.349165 0.366299 0.391036 0.430000 0.318101 0.430000 0.430000 0.430000 0.169938 0.130099 0.075537 0.187332 0.259356 0.410039 0.427981 0.430000 0.427554 0.430000 0.430000 0.430000 0.430000 0.430000 0.430000 0.430000 0.430000 0.430000 -9999.0 -9999.0
-9999.0 0.178781 0.430000 0.430000 0.430000 0.430000 0.430000 0.430000 0.430000 0.430000 0.430000 0.430000 0.430000 0.430000 0.430000 0.430000 0.430000 0.430000 0.430000 0.430000 0.428728 0.353069 0.165224 0.355212 0.430000 0.266261 0.429979 0.430000 0.154975 0.215977 0.149168 0.139831 0.378259 0.341847 0.324025 0.238584 0.430000 0.396588 0.425659 0.243822 0.208855 0.430000 0.427271 0.162199 0.159432 0.424735 0.269560 0.430000 0.430000 0.430000 0.430000 0.430000 0.430000 0.430000 0.430000 0.430000 0.430000 0.430000 0.430000 -9999.0 -9999.0 -9999.0 -9999.0
