user2019/resources/simulation/Vinschgau/output-maps/thetaliqL0003N0791.asc
ncols         63
nrows         48
xllcorner     598000.000000
yllcorner     5145000.000000
cellsize      1000.000000
NODATA_value  -9999.0
[rows 0 to 28 of 48, columns 0 to 62 of 63]
-9999.0 -9999.0 -9999.0 -9999.0 -9999.0 -9999.0 -9999.0 -9999.0 -9999.0 -9999.0 -9999.0 -9999.0 -9999.0 -9999.0 -9999.0 -9999.0 -9999.0 -9999.0 -9999.0 -9999.0 -9999.0 -9999.0 -9999.0 -9999.0 -9999.0 -9999.0 -9999.0 -9999.0 -9999.0 -9999.0 -9999.0 -9999.0 -9999.0 -9999.0 -9999.0 -9999.0 -9999.0 -9999.0 -9999.0 -9999.0 -9999.0 -9999.0 -9999.0 -9999.0 -9999.0 -9999.0 -9999.0 -9999.0 -9999.0 -9999.0 -9999.0 -9999.0 -9999.0 -9999.0 -9999.0 -9999.0 -9999.0 -9999.0 -9999.0 -9999.0 -9999.0 -9999.0 -9999.0
-9999.0 -9999.0 -9999.0 -9999.0 -9999.0 -9999.0 -9999.0 -9999.0 -9999.0 -9999.0 -9999.0 -9999.0 -9999.0 -9999.0 -9999.0 -9999.0 -9999.0 -9999.0 -9999.0 -9999.0 -9999.0 -9999.0 -9999.0 -9999.0 -9999.0 -9999.0 -9999.0 0.020027 0.040018 0.020027 0.040013 0.040010 0.040009 -9999.0 -9999.0 -9999.0 -9999.0 -9999.0 -9999.0 -9999.0 -9999.0 -9999.0 -9999.0 -9999.0 -9999.0 -9999.0 -9999.0 -9999.0 -9999.0 -9999.0 -9999.0 -9999.0 -9999.0 -9999.0 -9999.0 -9999.0 -9999.0 -9999.0 -9999.0 -9999.0 -9999.0 -9999.0 -9999.0
-9999.0 -9999.0 -9999.0 -9999.0 -9999.0 -9999.0 -9999.0 -9999.0 -9999.0 -9999.0 -9999.0 -9999.0 -9999.0 -9999.0 -9999.0 -9999.0 -9999.0 -9999.0 -9999.0 -9999.0 -9999.0 -9999.0 -9999.0 -9999.0 0.040031 0.040036 0.040060 0.040032 0.040017 0.040015 0.040014 -9999.0 -9999.0 -9999.0 -9999.0 -9999.0 -9999.0 -9999.0 -9999.0 -9999.0 -9999.0 -9999.0 -9999.0 -9999.0 -9999.0 -9999.0 -9999.0 -9999.0 -9999.0 -9999.0 -9999.0 -9999.0 -9999.0 -9999.0 -9999.0 -9999.0 -9999.0 -9999.0 -9999.0 -9999.0 -9999.0 -9999.0 -9999.0
-9999.0 -9999.0 -9999.0 -9999.0 -9999.0 -9999.0 -9999.0 -9999.0 -9999.0 -9999.0 -9999.0 -9999.0 -9999.0 -9999.0 -9999.0 -9999.0 -9999.0 -9999.0 -9999.0 -9999.0 -9999.0 -9999.0 -9999.0 0.040046 0.040104 0.273417 0.337821 0.214921 0.040478 0.040040 0.040014 0.040012 -9999.0 -9999.0 -9999.0 -9999.0 -9999.0 -9999.0 -9999.0 -9999.0 -9999.0 -9999.0 -9999.0 -9999.0 -9999.0 -9999.0 -9999.0 -9999.0 -9999.0 -9999.0 -9999.0 -9999.0 -9999.0 -9999.0 -9999.0 -9999.0 -9999.0 -9999.0 -9999.0 -9999.0 -9999.0 -9999.0 -9999.0
-9999.0 -9999.0 -9999.0 -9999.0 -9999.0 -9999.0 -9999.0 -9999.0 -9999.0 -9999.0 -9999.0 -9999.0 -9999.0 -9999.0 -9999.0 -9999.0 -9999.0 -9999.0 0.465836 0.040076 -9999.0 0.040060 0.040096 0.279101 0.371525 0.153038 0.420885 0.497195 0.520000 0.075924 0.040034 0.040016 0.020022 0.020016 -9999.0 -9999.0 -9999.0 -9999.0 -9999.0 -9999.0 -9999.0 -9999.0 -9999.0 -9999.0 -9999.0 -9999.0 -9999.0 -9999.0 -9999.0 -9999.0 -9999.0 -9999.0 -9999.0 -9999.0 -9999.0 -9999.0 -9999.0 -9999.0 -9999.0 -9999.0 -9999.0 -9999.0 -9999.0
-9999.0 -9999.0 -9999.0 -9999.0 -9999.0 -9999.0 -9999.0 -9999.0 -9999.0 -9999.0 -9999.0 -9999.0 -9999.0 -9999.0 -9999.0 -9999.0 -9999.0 0.122939 0.266669 0.128702 0.020059 0.061343 0.071665 0.387216 0.375601 0.143635 0.042218 0.053881 0.047339 0.501953 0.040029 0.040013 0.020028 0.020032 0.020024 0.020021 -9999.0 -9999.0 -9999.0 -9999.0 -9999.0 -9999.0 -9999.0 -9999.0 -9999.0 -9999.0 -9999.0 -9999.0 -9999.0 -9999.0 -9999.0 -9999.0 -9999.0 -9999.0 -9999.0 -9999.0 -9999.0 -9999.0 -9999.0 -9999.0 -9999.0 -9999.0 -9999.0
-9999.0 -9999.0 -9999.0 -9999.0 -9999.0 -9999.0 -9999.0 -9999.0 -9999.0 -9999.0 -9999.0 -9999.0 -9999.0 0.040581 0.423186 0.230264 0.106430 0.060495 0.129697 0.249707 0.364484 0.338439 0.326594 0.399671 0.089421 0.040097 0.020084 0.040132 0.040567 0.057292 0.040095 0.040025 0.040012 0.040009 0.020022 0.020021 -9999.0 -9999.0 -9999.0 -9999.0 -9999.0 -9999.0 -9999.0 -9999.0 -9999.0 -9999.0 -9999.0 -9999.0 -9999.0 -9999.0 -9999.0 -9999.0 -9999.0 -9999.0 -9999.0 -9999.0 -9999.0 -9999.0 -9999.0 -9999.0 -9999.0 -9999.0 -9999.0
-9999.0 -9999.0 -9999.0 -9999.0 -9999.0 -9999.0 -9999.0 -9999.0 -9999.0 -9999.0 -9999.0 -9999.0 -9999.0 0.077635 0.374104 0.198683 0.121382 0.428070 0.053022 0.251486 0.156919 0.412249 0.386007 0.435492 0.127580 0.056291 0.040019 0.020028 0.020024 0.040071 0.040032 0.040016 0.020022 0.020015 0.020018 -9999.0 -9999.0 -9999.0 -9999.0 -9999.0 -9999.0 -9999.0 -9999.0 -9999.0 -9999.0 -9999.0 -9999.0 -9999.0 -9999.0 -9999.0 -9999.0 -9999.0 -9999.0 -9999.0 -9999.0 -9999.0 -9999.0 -9999.0 -9999.0 -9999.0 -9999.0 -9999.0 -9999.0
-9999.0 -9999.0 -9999.0 -9999.0 -9999.0 -9999.0 -9999.0 -9999.0 -9999.0 -9999.0 -9999.0 -9999.0 -9999.0 0.334962 0.520000 0.280758 0.177493 0.132327 0.025680 0.127648 0.461639 0.136405 0.107440 0.060407 0.435909 0.076443 0.020046 0.020022 0.040012 0.020017 0.040011 0.020015 0.020014 0.020016 0.020020 -9999.0 -9999.0 -9999.0 -9999.0 -9999.0 -9999.0 -9999.0 -9999.0 -9999.0 -9999.0 -9999.0 -9999.0 -9999.0 -9999.0 -9999.0 -9999.0 -9999.0 -9999.0 -9999.0 -9999.0 -9999.0 -9999.0 -9999.0 -9999.0 -9999.0 -9999.0 -9999.0 -9999.0
-9999.0 -9999.0 -9999.0 -9999.0 -9999.0 -9999.0 -9999.0 -9999.0 -9999.0 -9999.0 -9999.0 -9999.0 0.351770 0.520000 0.404787 0.457294 0.383289 0.239550 0.372659 0.127401 0.361808 0.054094 0.046484 0.041529 0.040092 0.040019 0.040028 0.040014 0.040013 0.020021 0.040004 0.020026 0.040007 0.020015 -9999.0 -9999.0 -9999.0 -9999.0 -9999.0 -9999.0 -9999.0 -9999.0 -9999.0 -9999.0 -9999.0 -9999.0 -9999.0 -9999.0 -9999.0 -9999.0 -9999.0 -9999.0 -9999.0 -9999.0 -9999.0 -9999.0 -9999.0 -9999.0 -9999.0 -9999.0 -9999.0 -9999.0 -9999.0
-9999.0 -9999.0 -9999.0 -9999.0 -9999.0 -9999.0 -9999.0 -9999.0 -9999.0 -9999.0 -9999.0 0.040412 0.520000 0.520000 0.431466 0.150740 0.154392 0.284497 0.520000 0.200000 0.300580 0.475557 0.040056 0.040021 0.040042 0.040023 0.040009 0.040018 0.040014 0.020017 0.020020 0.040013 0.020022 0.020018 0.020025 0.020023 0.040012 0.040015 0.040016 -9999.0 -9999.0 -9999.0 0.020022 -9999.0 -9999.0 -9999.0 -9999.0 -9999.0 -9999.0 -9999.0 -9999.0 -9999.0 -9999.0 -9999.0 -9999.0 -9999.0 -9999.0 -9999.0 -9999.0 -9999.0 -9999.0 -9999.0 -9999.0
-9999.0 -9999.0 -9999.0 -9999.0 -9999.0 -9999.0 -9999.0 -9999.0 -9999.0 -9999.0 -9999.0 0.040163 0.486547 0.520000 0.403952 0.046502 0.332770 0.215623 0.403374 0.485431 0.499858 0.078414 0.040079 0.040053 0.040020 0.040018 0.040016 0.040013 0.020029 0.020018 0.040017 0.040017 0.040012 0.040008 0.040007 0.040016 0.040025 0.040041 0.040015 0.020019 0.020019 0.020018 0.040015 0.020022 -9999.0 -9999.0 -9999.0 0.040006 0.040006 0.020020 0.040008 0.020018 0.020017 0.040007 0.040008 0.020016 -9999.0 -9999.0 -9999.0 -9999.0 -9999.0 -9999.0 -9999.0
-9999.0 -9999.0 -9999.0 -9999.0 -9999.0 -9999.0 -9999.0 -9999.0 -9999.0 -9999.0 -9999.0 0.040075 0.040143 0.040435 0.089251 0.088509 0.514232 0.392679 0.451379 0.400638 0.434593 0.082656 0.040146 0.040031 0.040018 0.020029 0.040111 0.040023 0.020026 0.040008 0.020024 0.040015 0.040022 0.040009 0.020022 0.040014 0.040026 0.040045 0.040060 0.020031 0.040018 0.040011 0.040014 0.040018 0.040009 -9999.0 0.020015 0.040008 0.040016 0.040022 0.040024 0.020032 0.040019 0.040015 0.040011 0.040010 -9999.0 -9999.0 -9999.0 -9999.0 -9999.0 -9999.0 -9999.0
-9999.0 -9999.0 -9999.0 -9999.0 -9999.0 -9999.0 -9999.0 -9999.0 -9999.0 -9999.0 -9999.0 -9999.0 0.040257 0.049411 0.061677 0.063357 0.429562 0.327784 0.520000 0.446497 0.404628 0.083686 0.040155 0.040149 0.040044 0.040120 0.040045 0.040022 0.040014 0.020022 0.040016 0.040021 0.040025 0.040013 0.040010 0.040019 0.040056 0.040452 0.097646 0.040036 0.040048 0.020046 0.040024 0.040069 0.020024 0.040009 0.020019 0.040009 0.040019 0.040038 0.040731 0.040022 0.040029 0.040025 0.040014 0.040013 0.040012 -9999.0 -9999.0 -9999.0 -9999.0 -9999.0 -9999.0
-9999.0 -9999.0 -9999.0 -9999.0 -9999.0 -9999.0 -9999.0 -9999.0 -9999.0 -9999.0 -9999.0 0.040193 0.040036 0.040107 0.040105 0.067343 0.240143 0.445967 0.506048 0.318841 0.396436 0.179497 0.063127 0.040054 0.040130 0.040048 0.040216 0.040014 0.040013 0.020030 0.040080 0.040037 0.040019 0.040014 0.040007 0.040015 0.040018 0.040097 0.077379 0.040209 0.040098 0.049537 0.040118 0.020119 0.040124 0.040015 0.040011 0.020030 0.020039 0.043002 0.020035 0.040015 0.040010 0.020021 0.020018 0.020019 0.020026 -9999.0 -9999.0 -9999.0 -9999.0 -9999.0 -9999.0
-9999.0 -9999.0 -9999.0 -9999.0 -9999.0 -9999.0 -9999.0 -9999.0 -9999.0 -9999.0 0.040049 0.040481 0.040069 0.040071 0.041597 0.040374 0.040179 0.242496 0.202471 0.337197 0.520000 0.520000 0.040404 0.040487 0.056576 0.040056 0.040039 0.020034 0.040023 0.040045 0.040051 0.040050 0.040036 0.040013 0.020016 0.020024 0.040025 0.040042 0.044335 0.208262 0.254629 0.144567 0.190916 0.520000 0.042148 0.020033 0.040021 0.040026 0.040053 0.053673 0.020034 0.020020 0.020016 0.020016 0.020015 0.040012 0.040008 -9999.0 -9999.0 -9999.0 -9999.0 -9999.0 -9999.0
-9999.0 -9999.0 -9999.0 -9999.0 -9999.0 -9999.0 -9999.0 -9999.0 -9999.0 0.040019 0.040052 0.040045 0.040059 0.040205 0.040053 0.040771 0.041366 0.309105 0.282405 0.189670 0.506434 0.300220 0.380996 0.418517 0.142220 0.040057 0.040037 0.040046 0.041113 0.053079 0.091764 0.040047 0.020025 0.020016 0.020018 0.020024 0.040015 0.040019 0.040073 0.040628 0.040947 0.041326 0.040893 0.404422 0.488754 0.042165 0.050063 0.040105 0.040124 0.384562 0.040024 0.020021 0.020015 0.020015 0.020018 0.040008 0.040015 0.020023 0.020019 -9999.0 -9999.0 -9999.0 -9999.0
-9999.0 -9999.0 -9999.0 -9999.0 -9999.0 -9999.0 -9999.0 -9999.0 -9999.0 0.040009 0.040010 0.040039 0.079388 0.069286 0.040981 0.040196 0.041163 0.471553 0.262360 0.353990 0.400039 0.324000 0.467420 0.080900 0.040090 0.040105 0.040278 0.055257 0.380228 0.081779 0.043678 0.040036 0.040019 0.040010 0.040014 0.020024 0.020027 0.020037 0.040018 0.040041 0.040109 0.040040 0.040503 0.490692 0.431513 0.451590 0.479027 0.298781 0.068258 0.132361 0.040022 0.040008 0.020015 0.040005 0.020020 0.040010 0.040012 0.040019 0.020030 -9999.0 -9999.0 -9999.0 -9999.0
-9999.0 -9999.0 -9999.0 -9999.0 -9999.0 -9999.0 -9999.0 -9999.0 -9999.0 -9999.0 0.040016 0.040020 0.041538 0.040270 0.078962 0.041498 0.065090 0.449248 0.256958 0.334280 0.473374 0.322943 0.088992 0.042787 0.040125 0.042155 0.106572 0.520000 0.042289 0.040064 0.040038 0.040034 0.040014 0.040011 0.040014 0.040019 0.040065 0.040100 0.020027 0.040017 0.040015 0.040071 0.040113 0.042433 0.088729 0.221099 0.485021 0.493980 0.472012 0.101683 0.040040 0.040019 0.020018 0.020016 0.040005 0.040008 0.040014 0.040060 0.040048 0.042845 -9999.0 -9999.0 -9999.0
-9999.0 -9999.0 -9999.0 -9999.0 -9999.0 -9999.0 -9999.0 -9999.0 -9999.0 -9999.0 0.040013 0.040021 0.040059 0.040063 0.520000 0.350082 0.277828 0.274807 0.243478 0.159906 0.136676 0.286505 0.074672 0.040581 0.042139 0.500447 0.520000 0.090186 0.040072 0.040016 0.040017 0.040017 0.020028 0.040009 0.040017 0.040029 0.040059 0.040128 0.040035 0.040013 0.040019 0.020044 0.040026 0.040031 0.040112 0.040422 0.049095 0.089767 0.520000 0.520000 0.061559 0.040034 0.040014 0.020019 0.020015 0.020016 0.040009 0.040081 0.520000 0.520000 -9999.0 -9999.0 -9999.0
-9999.0 -9999.0 -9999.0 -9999.0 -9999.0 -9999.0 -9999.0 -9999.0 0.040033 0.040016 0.040011 0.040027 0.040026 0.040028 0.040116 0.469556 0.238680 0.318668 0.282968 0.118398 0.110096 0.202810 0.239162 0.302856 0.372430 0.481533 0.519840 0.040195 0.040046 0.040014 0.020017 0.040016 0.040017 0.040010 0.040011 0.040019 0.041222 0.044167 0.040027 0.020024 0.020030 0.040021 0.020035 0.020025 0.020048 0.040057 0.040030 0.040261 0.094661 0.520000 0.081720 0.040092 0.040025 0.040007 0.020017 0.040011 0.020025 0.040112 0.355978 0.520000 -9999.0 -9999.0 -9999.0
-9999.0 -9999.0 -9999.0 -9999.0 -9999.0 -9999.0 -9999.0 -9999.0 0.020040 0.040034 0.040020 0.040013 0.040019 0.040045 0.040230 0.278596 0.346488 0.303944 0.161043 0.119736 0.390308 0.342152 0.335496 0.345983 0.234112 0.425078 0.520000 0.040512 0.020040 0.040014 0.040010 0.020026 0.040012 0.020027 0.040022 0.040040 0.040431 0.040372 0.040159 0.040025 0.040016 0.040007 0.020027 0.040028 0.040031 0.040117 0.020038 0.040023 0.041288 0.520000 0.520000 0.040474 0.040017 0.040010 0.040019 0.020047 0.040079 0.051764 0.520000 0.520000 0.146624 -9999.0 -9999.0
-9999.0 -9999.0 -9999.0 -9999.0 -9999.0 -9999.0 -9999.0 -9999.0 0.040017 0.040020 0.040030 0.040014 0.040015 0.020039 0.040172 0.040160 0.341714 0.360038 0.135565 0.343599 0.117149 0.257658 0.312541 0.156502 0.349234 0.364457 0.502368 0.040117 0.020036 0.040017 0.020035 0.040040 0.040037 0.040042 0.040056 0.040082 0.040060 0.520000 0.061133 0.040107 0.040023 0.020030 0.040033 0.040023 0.040076 0.040032 0.020024 0.040023 0.040051 0.110443 0.499270 0.078543 0.040029 0.040018 0.040101 0.040257 0.520000 0.520000 0.520000 0.520000 0.472750 -9999.0 -9999.0
-9999.0 -9999.0 -9999.0 -9999.0 -9999.0 -9999.0 -9999.0 -9999.0 0.020020 0.040026 0.040040 0.020037 0.040013 0.040066 0.040395 0.489817 0.259151 0.160417 0.399361 0.115075 0.138074 0.139187 0.264909 0.148268 0.203664 0.395712 0.051334 0.040038 0.040060 0.040122 0.040082 0.040199 0.048586 0.040141 0.040303 0.040515 0.484966 0.374849 0.520000 0.044695 0.040042 0.040047 0.040047 0.020047 0.040025 0.020031 0.040024 0.020038 0.040019 0.040072 0.123223 0.507144 0.095421 0.041028 0.084186 0.520000 0.520000 0.520000 0.494860 0.481259 0.475886 0.423089 -9999.0
-9999.0 -9999.0 -9999.0 -9999.0 -9999.0 -9999.0 -9999.0 -9999.0 0.040009 0.040031 0.040043 0.040052 0.040036 0.040151 0.083173 0.520000 0.520000 0.370651 0.391284 0.310413 0.145381 0.188763 0.147747 0.145280 0.382388 0.344054 0.040190 0.041994 0.081435 0.040142 0.041780 0.075512 0.520000 0.198956 0.204946 0.471986 0.458596 0.346350 0.423929 0.520000 0.339034 0.157813 0.055662 0.074123 0.040078 0.040113 0.040939 0.040110 0.040688 0.092289 0.481556 0.363585 0.461912 0.467063 0.520000 0.520000 0.520000 0.520000 0.520000 0.484969 0.427645 0.437873 -9999.0
-9999.0 -9999.0 0.040019 0.040031 0.040018 0.040091 0.040022 0.040028 0.040014 0.040018 0.040092 0.040095 0.040072 0.040455 0.520000 0.520000 0.082492 0.040173 0.040236 0.406645 0.299911 0.283485 0.520000 0.095792 0.183871 0.289596 0.329150 0.382979 0.452556 0.520000 0.098188 0.458955 0.520000 0.463139 0.483040 0.359214 0.416561 0.298927 0.362483 0.388100 0.446192 0.483661 0.490999 0.504384 0.320177 0.162413 0.520000 0.500921 0.496246 0.440943 0.391900 0.333126 0.520000 0.520000 0.520000 0.520000 0.520000 0.520000 0.520000 0.455677 0.520000 0.447314 -9999.0
-9999.0 0.040212 0.040126 0.040151 0.040071 0.040025 0.040022 0.040024 0.040017 0.040012 0.040037 0.040182 0.040715 0.520000 0.520000 0.040589 0.040133 0.040054 0.040112 0.169547 0.294871 0.408071 0.520000 0.520000 0.182096 0.163025 0.268003 0.335332 0.439878 0.514626 0.329649 0.415158 0.520000 0.520000 0.412003 0.356420 0.350813 0.212498 0.407724 0.377921 0.375975 0.436506 0.476565 0.354824 0.325318 0.286165 0.453671 0.342036 0.378920 0.520000 0.447258 0.520000 0.520000 0.520000 0.520000 0.520000 0.520000 0.520000 0.520000 0.514760 0.320516 0.453591 -9999.0
-9999.0 0.040242 0.040060 0.040443 0.041035 0.040052 0.040028 0.040020 0.040013 0.040010 0.040031 0.040115 0.101660 0.520000 0.045789 0.040029 0.040022 0.040046 0.040527 0.043269 0.454749 0.520000 0.520000 0.520000 0.520000 0.315760 0.091332 0.097223 0.348152 0.251010 0.123166 0.153580 0.520000 0.520000 0.520000 0.434581 0.441013 0.370456 0.367521 0.299497 0.359395 0.435515 0.443912 0.144250 0.086075 0.136517 0.311553 0.404492 0.418378 0.451338 0.499286 0.465709 0.507927 0.520000 0.520000 0.055381 0.041536 0.051215 0.059568 0.044067 0.062496 -9999.0 -9999.0
-9999.0 0.040039 0.040063 0.040141 0.507001 0.040160 0.042384 0.040057 0.040052 0.040055 0.040143 0.069392 0.520000 0.040240 0.040059 0.040020 0.040021 0.040036 0.040050 0.041134 0.043653 0.067550 0.261498 0.520000 0.520000 0.458354 0.488799 0.496645 0.166332 0.342511 0.103248 0.088178 0.492393 0.520000 0.420910 0.327186 0.357131 0.340923 0.316782 0.295151 0.296864 0.384037 0.369981 0.085877 0.083397 0.412015 0.387306 0.490835 0.504571 0.460891 0.503795 0.079794 0.066612 0.040592 0.041276 0.040113 0.040109 0.040080 0.040087 -9999.0 -9999.0 -9999.0 -9999.0
