user2019/resources/simulation/Vinschgau/output-maps/thetaliqL0005N0889.asc
ncols         63
nrows         48
xllcorner     598000.000000
yllcorner     5145000.000000
cellsize      1000.000000
NODATA_value  -9999.0
[rows 0 to 28 of 48, columns 0 to 62 of 63]
-9999.0 -9999.0 -9999.0 -9999.0 -9999.0 -9999.0 -9999.0 -9999.0 -9999.0 -9999.0 -9999.0 -9999.0 -9999.0 -9999.0 -9999.0 -9999.0 -9999.0 -9999.0 -9999.0 -9999.0 -9999.0 -9999.0 -9999.0 -9999.0 -9999.0 -9999.0 -9999.0 -9999.0 -9999.0 -9999.0 -9999.0 -9999.0 -9999.0 -9999.0 -9999.0 -9999.0 -9999.0 -9999.0 -9999.0 -9999.0 -9999.0 -9999.0 -9999.0 -9999.0 -9999.0 -9999.0 -9999.0 -9999.0 -9999.0 -9999.0 -9999.0 -9999.0 -9999.0 -9999.0 -9999.0 -9999.0 -9999.0 -9999.0 -9999.0 -9999.0 -9999.0 -9999.0 -9999.0
-9999.0 -9999.0 -9999.0 -9999.0 -9999.0 -9999.0 -9999.0 -9999.0 -9999.0 -9999.0 -9999.0 -9999.0 -9999.0 -9999.0 -9999.0 -9999.0 -9999.0 -9999.0 -9999.0 -9999.0 -9999.0 -9999.0 -9999.0 -9999.0 -9999.0 -9999.0 -9999.0 0.020024 0.040010 0.020028 0.040008 0.020024 0.020023 -9999.0 -9999.0 -9999.0 -9999.0 -9999.0 -9999.0 -9999.0 -9999.0 -9999.0 -9999.0 -9999.0 -9999.0 -9999.0 -9999.0 -9999.0 -9999.0 -9999.0 -9999.0 -9999.0 -9999.0 -9999.0 -9999.0 -9999.0 -9999.0 -9999.0 -9999.0 -9999.0 -9999.0 -9999.0 -9999.0
-9999.0 -9999.0 -9999.0 -9999.0 -9999.0 -9999.0 -9999.0 -9999.0 -9999.0 -9999.0 -9999.0 -9999.0 -9999.0 -9999.0 -9999.0 -9999.0 -9999.0 -9999.0 -9999.0 -9999.0 -9999.0 -9999.0 -9999.0 -9999.0 0.040013 0.040014 0.040020 0.040013 0.040017 0.040009 0.040007 -9999.0 -9999.0 -9999.0 -9999.0 -9999.0 -9999.0 -9999.0 -9999.0 -9999.0 -9999.0 -9999.0 -9999.0 -9999.0 -9999.0 -9999.0 -9999.0 -9999.0 -9999.0 -9999.0 -9999.0 -9999.0 -9999.0 -9999.0 -9999.0 -9999.0 -9999.0 -9999.0 -9999.0 -9999.0 -9999.0 -9999.0 -9999.0
-9999.0 -9999.0 -9999.0 -9999.0 -9999.0 -9999.0 -9999.0 -9999.0 -9999.0 -9999.0 -9999.0 -9999.0 -9999.0 -9999.0 -9999.0 -9999.0 -9999.0 -9999.0 -9999.0 -9999.0 -9999.0 -9999.0 -9999.0 0.040015 0.040044 0.226509 0.258871 0.139901 0.183522 0.040016 0.040008 0.040006 -9999.0 -9999.0 -9999.0 -9999.0 -9999.0 -9999.0 -9999.0 -9999.0 -9999.0 -9999.0 -9999.0 -9999.0 -9999.0 -9999.0 -9999.0 -9999.0 -9999.0 -9999.0 -9999.0 -9999.0 -9999.0 -9999.0 -9999.0 -9999.0 -9999.0 -9999.0 -9999.0 -9999.0 -9999.0 -9999.0 -9999.0
-9999.0 -9999.0 -9999.0 -9999.0 -9999.0 -9999.0 -9999.0 -9999.0 -9999.0 -9999.0 -9999.0 -9999.0 -9999.0 -9999.0 -9999.0 -9999.0 -9999.0 -9999.0 0.360580 0.040029 -9999.0 0.040020 0.040042 0.159004 0.284975 0.122835 0.333089 0.378272 0.410931 0.256203 0.040014 0.040008 0.020020 0.020015 -9999.0 -9999.0 -9999.0 -9999.0 -9999.0 -9999.0 -9999.0 -9999.0 -9999.0 -9999.0 -9999.0 -9999.0 -9999.0 -9999.0 -9999.0 -9999.0 -9999.0 -9999.0 -9999.0 -9999.0 -9999.0 -9999.0 -9999.0 -9999.0 -9999.0 -9999.0 -9999.0 -9999.0 -9999.0
-9999.0 -9999.0 -9999.0 -9999.0 -9999.0 -9999.0 -9999.0 -9999.0 -9999.0 -9999.0 -9999.0 -9999.0 -9999.0 -9999.0 -9999.0 -9999.0 -9999.0 0.134792 0.190693 0.022557 0.020042 0.096621 0.262205 0.271352 0.303924 0.331836 0.041739 0.047808 0.047017 0.373154 0.040047 0.040014 0.020028 0.020025 0.020018 0.020016 -9999.0 -9999.0 -9999.0 -9999.0 -9999.0 -9999.0 -9999.0 -9999.0 -9999.0 -9999.0 -9999.0 -9999.0 -9999.0 -9999.0 -9999.0 -9999.0 -9999.0 -9999.0 -9999.0 -9999.0 -9999.0 -9999.0 -9999.0 -9999.0 -9999.0 -9999.0 -9999.0
-9999.0 -9999.0 -9999.0 -9999.0 -9999.0 -9999.0 -9999.0 -9999.0 -9999.0 -9999.0 -9999.0 -9999.0 -9999.0 0.040057 0.327813 0.202607 0.122363 0.023497 0.139199 0.158657 0.265385 0.262982 0.254311 0.319737 0.344487 0.040043 0.020059 0.040090 0.040112 0.044571 0.040045 0.040012 0.040008 0.040006 0.020022 0.020015 -9999.0 -9999.0 -9999.0 -9999.0 -9999.0 -9999.0 -9999.0 -9999.0 -9999.0 -9999.0 -9999.0 -9999.0 -9999.0 -9999.0 -9999.0 -9999.0 -9999.0 -9999.0 -9999.0 -9999.0 -9999.0 -9999.0 -9999.0 -9999.0 -9999.0 -9999.0 -9999.0
-9999.0 -9999.0 -9999.0 -9999.0 -9999.0 -9999.0 -9999.0 -9999.0 -9999.0 -9999.0 -9999.0 -9999.0 -9999.0 0.040389 0.285600 0.185452 0.135037 0.329805 0.023412 0.210005 0.124657 0.314903 0.299258 0.340795 0.146846 0.045348 0.040010 0.020026 0.020022 0.040037 0.040060 0.040009 0.020021 0.020014 0.020018 -9999.0 -9999.0 -9999.0 -9999.0 -9999.0 -9999.0 -9999.0 -9999.0 -9999.0 -9999.0 -9999.0 -9999.0 -9999.0 -9999.0 -9999.0 -9999.0 -9999.0 -9999.0 -9999.0 -9999.0 -9999.0 -9999.0 -9999.0 -9999.0 -9999.0 -9999.0 -9999.0 -9999.0
-9999.0 -9999.0 -9999.0 -9999.0 -9999.0 -9999.0 -9999.0 -9999.0 -9999.0 -9999.0 -9999.0 -9999.0 -9999.0 0.260390 0.430000 0.237904 0.176579 0.145961 0.023353 0.133839 0.358669 0.022316 0.325005 0.174647 0.351848 0.219541 0.020033 0.020021 0.040006 0.020016 0.040007 0.020014 0.020013 0.020011 0.020015 -9999.0 -9999.0 -9999.0 -9999.0 -9999.0 -9999.0 -9999.0 -9999.0 -9999.0 -9999.0 -9999.0 -9999.0 -9999.0 -9999.0 -9999.0 -9999.0 -9999.0 -9999.0 -9999.0 -9999.0 -9999.0 -9999.0 -9999.0 -9999.0 -9999.0 -9999.0 -9999.0 -9999.0
-9999.0 -9999.0 -9999.0 -9999.0 -9999.0 -9999.0 -9999.0 -9999.0 -9999.0 -9999.0 -9999.0 -9999.0 0.205589 0.160214 0.303380 0.345028 0.281489 0.204811 0.301939 0.023019 0.271367 0.044185 0.021300 0.040855 0.040043 0.040010 0.040015 0.040007 0.040008 0.020020 0.040003 0.020020 0.040006 0.020014 -9999.0 -9999.0 -9999.0 -9999.0 -9999.0 -9999.0 -9999.0 -9999.0 -9999.0 -9999.0 -9999.0 -9999.0 -9999.0 -9999.0 -9999.0 -9999.0 -9999.0 -9999.0 -9999.0 -9999.0 -9999.0 -9999.0 -9999.0 -9999.0 -9999.0 -9999.0 -9999.0 -9999.0 -9999.0
-9999.0 -9999.0 -9999.0 -9999.0 -9999.0 -9999.0 -9999.0 -9999.0 -9999.0 -9999.0 -9999.0 0.040067 0.386533 0.430000 0.320681 0.045654 0.023369 0.222588 0.430000 0.118502 0.176881 0.354139 0.040024 0.040011 0.040278 0.040013 0.040007 0.040009 0.040008 0.020016 0.020019 0.040011 0.020022 0.020017 0.020019 0.020023 0.040008 0.040009 0.020031 -9999.0 -9999.0 -9999.0 0.020017 -9999.0 -9999.0 -9999.0 -9999.0 -9999.0 -9999.0 -9999.0 -9999.0 -9999.0 -9999.0 -9999.0 -9999.0 -9999.0 -9999.0 -9999.0 -9999.0 -9999.0 -9999.0 -9999.0 -9999.0
-9999.0 -9999.0 -9999.0 -9999.0 -9999.0 -9999.0 -9999.0 -9999.0 -9999.0 -9999.0 -9999.0 0.040050 0.349107 0.357023 0.273054 0.040065 0.211881 0.167566 0.323683 0.360095 0.388785 0.040741 0.040031 0.040017 0.040028 0.040010 0.040008 0.040013 0.020029 0.020017 0.040009 0.040010 0.040006 0.040005 0.040005 0.040009 0.040017 0.040016 0.040010 0.020018 0.020018 0.020017 0.040009 0.020020 -9999.0 -9999.0 -9999.0 0.040003 0.040004 0.020019 0.040005 0.020017 0.020016 0.040004 0.040004 0.020015 -9999.0 -9999.0 -9999.0 -9999.0 -9999.0 -9999.0 -9999.0
-9999.0 -9999.0 -9999.0 -9999.0 -9999.0 -9999.0 -9999.0 -9999.0 -9999.0 -9999.0 -9999.0 0.040020 0.040048 0.041200 0.045594 0.040741 0.376174 0.245218 0.338727 0.322257 0.313443 0.282415 0.040062 0.040013 0.040009 0.020025 0.040036 0.040013 0.020024 0.040005 0.020022 0.040011 0.040014 0.040006 0.020020 0.040015 0.040015 0.040019 0.040024 0.020022 0.040011 0.020025 0.040014 0.040010 0.040006 -9999.0 0.020014 0.040006 0.040009 0.040012 0.020038 0.020032 0.020031 0.040008 0.020026 0.040006 -9999.0 -9999.0 -9999.0 -9999.0 -9999.0 -9999.0 -9999.0
-9999.0 -9999.0 -9999.0 -9999.0 -9999.0 -9999.0 -9999.0 -9999.0 -9999.0 -9999.0 -9999.0 -9999.0 0.040061 0.040312 0.040175 0.040235 0.305101 0.225137 0.362431 0.342676 0.284901 0.276079 0.040920 0.040095 0.040015 0.040032 0.040027 0.020036 0.040008 0.020021 0.040009 0.040011 0.020039 0.040007 0.040006 0.040010 0.040032 0.040025 0.042172 0.020037 0.040019 0.020032 0.040048 0.040023 0.020022 0.040005 0.020018 0.040006 0.040015 0.040046 0.040260 0.040012 0.040020 0.040010 0.040008 0.040008 0.040006 -9999.0 -9999.0 -9999.0 -9999.0 -9999.0 -9999.0
-9999.0 -9999.0 -9999.0 -9999.0 -9999.0 -9999.0 -9999.0 -9999.0 -9999.0 -9999.0 -9999.0 0.040147 0.040015 0.020074 0.040173 0.064785 0.371443 0.295796 0.366923 0.237980 0.256800 0.330215 0.046594 0.040029 0.040051 0.040376 0.040167 0.040007 0.040007 0.020026 0.040029 0.040016 0.040024 0.040008 0.040005 0.040009 0.040010 0.040058 0.080664 0.040064 0.040055 0.046017 0.040154 0.020089 0.040041 0.040008 0.040011 0.020027 0.020033 0.020413 0.020033 0.040008 0.040006 0.020018 0.020016 0.020015 0.020020 -9999.0 -9999.0 -9999.0 -9999.0 -9999.0 -9999.0
-9999.0 -9999.0 -9999.0 -9999.0 -9999.0 -9999.0 -9999.0 -9999.0 -9999.0 -9999.0 0.040027 0.040196 0.040027 0.040026 0.040143 0.040160 0.040105 0.320226 0.187556 0.246659 0.396934 0.418734 0.040144 0.040060 0.062322 0.040041 0.040020 0.020027 0.020037 0.040019 0.040022 0.040021 0.040020 0.040008 0.020015 0.020022 0.040014 0.040037 0.048176 0.357469 0.359653 0.030176 0.110234 0.392414 0.042703 0.020027 0.040011 0.040060 0.040132 0.064554 0.020021 0.020019 0.020015 0.020014 0.020014 0.040008 0.040008 -9999.0 -9999.0 -9999.0 -9999.0 -9999.0 -9999.0
-9999.0 -9999.0 -9999.0 -9999.0 -9999.0 -9999.0 -9999.0 -9999.0 -9999.0 0.040010 0.040038 0.040046 0.040246 0.040086 0.040281 0.040485 0.041433 0.045825 0.199080 0.187314 0.372477 0.221128 0.241431 0.332612 0.358701 0.040045 0.040014 0.040019 0.040206 0.050346 0.362797 0.020077 0.020023 0.020014 0.020017 0.020022 0.040014 0.040025 0.040034 0.040362 0.040960 0.041500 0.040186 0.271476 0.330436 0.040356 0.040139 0.040046 0.040048 0.377026 0.020049 0.020020 0.020013 0.020014 0.020017 0.040005 0.040007 0.020021 0.020018 -9999.0 -9999.0 -9999.0 -9999.0
-9999.0 -9999.0 -9999.0 -9999.0 -9999.0 -9999.0 -9999.0 -9999.0 -9999.0 0.020024 0.040010 0.040019 0.040145 0.223032 0.040341 0.040083 0.040162 0.371794 0.187233 0.294388 0.321760 0.265177 0.394023 0.046156 0.040067 0.040026 0.040094 0.047923 0.378911 0.127472 0.040186 0.040029 0.040011 0.040006 0.040008 0.020022 0.020024 0.020030 0.040010 0.040027 0.040117 0.040020 0.040113 0.382862 0.312515 0.364096 0.384850 0.317522 0.165502 0.375395 0.020047 0.040006 0.020015 0.040004 0.020020 0.040004 0.040007 0.040009 0.020025 -9999.0 -9999.0 -9999.0 -9999.0
-9999.0 -9999.0 -9999.0 -9999.0 -9999.0 -9999.0 -9999.0 -9999.0 -9999.0 -9999.0 0.040008 0.040019 0.041987 0.040241 0.273951 0.041668 0.177935 0.363160 0.181469 0.269414 0.354150 0.184749 0.349811 0.040857 0.040047 0.042690 0.363462 0.407288 0.040161 0.040041 0.040031 0.040024 0.040009 0.040007 0.040013 0.040014 0.040022 0.040043 0.020024 0.040009 0.040008 0.040026 0.040050 0.040424 0.311897 0.344558 0.316434 0.397221 0.380518 0.334496 0.020070 0.020029 0.020017 0.020015 0.040004 0.040006 0.040012 0.040043 0.040029 0.043584 -9999.0 -9999.0 -9999.0
-9999.0 -9999.0 -9999.0 -9999.0 -9999.0 -9999.0 -9999.0 -9999.0 -9999.0 -9999.0 0.040008 0.040011 0.040019 0.044098 0.419039 0.266544 0.303083 0.222403 0.198360 0.145799 0.149589 0.214153 0.310794 0.040241 0.042681 0.384737 0.430000 0.207200 0.040054 0.040010 0.040009 0.040013 0.020024 0.040006 0.040009 0.040029 0.040043 0.040342 0.040019 0.040007 0.040010 0.020038 0.040045 0.040016 0.040077 0.020324 0.052235 0.310629 0.309449 0.430000 0.073208 0.040019 0.040009 0.020018 0.020014 0.020016 0.040006 0.040045 0.430000 0.430000 -9999.0 -9999.0 -9999.0
-9999.0 -9999.0 -9999.0 -9999.0 -9999.0 -9999.0 -9999.0 -9999.0 0.040013 0.040008 0.020024 0.040014 0.040014 0.040054 0.046361 0.345542 0.183453 0.257738 0.237272 0.123253 0.124701 0.163622 0.182167 0.209611 0.344719 0.391306 0.396227 0.040096 0.040023 0.040011 0.020016 0.040009 0.040009 0.040006 0.040010 0.040010 0.040091 0.040202 0.040021 0.020022 0.020027 0.040022 0.020033 0.020023 0.020033 0.040032 0.040024 0.040106 0.302934 0.430000 0.197326 0.020157 0.040012 0.040005 0.020016 0.020024 0.020023 0.040047 0.379535 0.430000 -9999.0 -9999.0 -9999.0
-9999.0 -9999.0 -9999.0 -9999.0 -9999.0 -9999.0 -9999.0 -9999.0 0.020036 0.040030 0.040013 0.040007 0.040010 0.040021 0.040081 0.349213 0.244155 0.215987 0.116670 0.122788 0.306432 0.276644 0.272976 0.267821 0.178847 0.289247 0.386177 0.040205 0.020024 0.040007 0.040006 0.020023 0.040011 0.020024 0.040013 0.040017 0.041548 0.040945 0.040133 0.040013 0.040009 0.020018 0.020025 0.040014 0.040024 0.040062 0.020030 0.040013 0.040226 0.349040 0.430000 0.040339 0.040008 0.040006 0.020032 0.020034 0.040041 0.056392 0.420054 0.423755 0.137426 -9999.0 -9999.0
-9999.0 -9999.0 -9999.0 -9999.0 -9999.0 -9999.0 -9999.0 -9999.0 0.040009 0.040012 0.040014 0.040010 0.040008 0.020035 0.040074 0.040099 0.257296 0.280032 0.135367 0.284267 0.120514 0.226865 0.253990 0.164110 0.287134 0.243248 0.362044 0.040056 0.020028 0.040009 0.020026 0.040022 0.040018 0.020053 0.040026 0.040029 0.052083 0.429749 0.077635 0.040054 0.040013 0.020026 0.040013 0.040012 0.040026 0.040013 0.020022 0.040009 0.040017 0.383080 0.371768 0.293807 0.040009 0.040008 0.040019 0.040063 0.416939 0.429306 0.354493 0.430000 0.342398 -9999.0 -9999.0
-9999.0 -9999.0 -9999.0 -9999.0 -9999.0 -9999.0 -9999.0 -9999.0 0.020019 0.040014 0.040088 0.020026 0.040011 0.040047 0.020320 0.363066 0.150425 0.147605 0.320721 0.126979 0.133612 0.138331 0.233365 0.170064 0.187633 0.287595 0.140791 0.040030 0.040021 0.040063 0.040046 0.040108 0.022442 0.042716 0.020281 0.040058 0.165536 0.244268 0.388295 0.041357 0.040017 0.040020 0.040019 0.020033 0.040010 0.020027 0.020038 0.020031 0.040010 0.040038 0.366058 0.393387 0.348942 0.040082 0.284182 0.430000 0.425901 0.430000 0.300471 0.347394 0.342467 0.299922 -9999.0
-9999.0 -9999.0 -9999.0 -9999.0 -9999.0 -9999.0 -9999.0 -9999.0 0.040005 0.040012 0.040031 0.040041 0.040211 0.044735 0.159136 0.429821 0.423643 0.251532 0.276152 0.217028 0.158192 0.167123 0.141046 0.137837 0.312608 0.263810 0.040065 0.042440 0.336089 0.042091 0.040365 0.230737 0.430000 0.395901 0.358528 0.354131 0.343950 0.215575 0.201961 0.421024 0.371993 0.071680 0.143963 0.022755 0.040041 0.040034 0.040174 0.042269 0.040140 0.333630 0.402433 0.276041 0.358480 0.384243 0.430000 0.430000 0.430000 0.397961 0.384788 0.342530 0.271048 0.307750 -9999.0
-9999.0 -9999.0 0.020033 0.040013 0.040011 0.040022 0.040012 0.040014 0.040007 0.040009 0.040035 0.040809 0.044367 0.041365 0.420531 0.430000 0.324823 0.040058 0.040100 0.332582 0.213327 0.212738 0.386248 0.113346 0.159687 0.214955 0.273795 0.291921 0.315220 0.403709 0.347011 0.333852 0.430000 0.292021 0.364975 0.233689 0.299539 0.183106 0.163458 0.205123 0.328831 0.372196 0.301473 0.384545 0.356097 0.347771 0.417145 0.349454 0.360409 0.349117 0.302388 0.287432 0.406582 0.426365 0.430000 0.430000 0.430000 0.381856 0.379328 0.301205 0.393392 0.317258 -9999.0
-9999.0 0.040089 0.040080 0.040057 0.040024 0.040014 0.040012 0.040012 0.040009 0.040007 0.040018 0.040090 0.051572 0.041541 0.415226 0.040323 0.040045 0.040018 0.040084 0.342108 0.213509 0.247063 0.430000 0.323991 0.186854 0.167282 0.242922 0.284563 0.315550 0.365290 0.264136 0.311438 0.396359 0.379710 0.281157 0.262916 0.225551 0.140831 0.277198 0.277391 0.259882 0.291787 0.309370 0.220549 0.217072 0.203607 0.333340 0.205175 0.269316 0.281123 0.336972 0.390883 0.430000 0.430000 0.430000 0.430000 0.411811 0.387398 0.430000 0.385544 0.363211 0.320767 -9999.0
-9999.0 0.040092 0.040080 0.040238 0.040189 0.040031 0.040022 0.040010 0.040007 0.020024 0.040014 0.040057 0.323679 0.418798 0.043763 0.040023 0.040013 0.040016 0.040210 0.068369 0.384285 0.355350 0.315977 0.430000 0.403654 0.275999 0.107104 0.120562 0.273071 0.171895 0.125226 0.140285 0.347485 0.344626 0.347644 0.279588 0.307009 0.276034 0.239332 0.213690 0.242765 0.277708 0.268669 0.151397 0.101847 0.127034 0.243775 0.290417 0.302759 0.325091 0.353750 0.330589 0.378507 0.430000 0.422427 0.098517 0.052128 0.055162 0.125811 0.045197 0.185665 -9999.0 -9999.0
-9999.0 0.020052 0.040445 0.040525 0.427671 0.041101 0.040218 0.040038 0.040018 0.040019 0.040052 0.170111 0.406352 0.045727 0.040044 0.040011 0.040011 0.040021 0.040040 0.050370 0.044307 0.285596 0.222896 0.420752 0.419545 0.338561 0.341416 0.337649 0.144459 0.266494 0.112031 0.103111 0.313643 0.319401 0.279708 0.233766 0.241168 0.263759 0.220081 0.210267 0.213225 0.287280 0.251670 0.097953 0.097123 0.280988 0.279140 0.325988 0.346513 0.280206 0.363143 0.045445 0.097272 0.040243 0.042533 0.040087 0.040083 0.040060 0.040066 -9999.0 -9999.0 -9999.0 -9999.0
