user2019/resources/simulation/Vinschgau/output-maps/thetaliqL0006N0537.asc
ncols         63
nrows         48
xllcorner     598000.000000
yllcorner     5145000.000000
cellsize      1000.000000
NODATA_value  -9999.0
[rows 0 to 28 of 48, columns 0 to 62 of 63]
-9999.0 -9999.0 -9999.0 -9999.0 -9999.0 -9999.0 -9999.0 -9999.0 -9999.0 -9999.0 -9999.0 -9999.0 -9999.0 -9999.0 -9999.0 -9999.0 -9999.0 -9999.0 -9999.0 -9999.0 -9999.0 -9999.0 -9999.0 -9999.0 -9999.0 -9999.0 -9999.0 -9999.0 -9999.0 -9999.0 -9999.0 -9999.0 -9999.0 -9999.0 -9999.0 -9999.0 -9999.0 -9999.0 -9999.0 -9999.0 -9999.0 -9999.0 -9999.0 -9999.0 -9999.0 -9999.0 -9999.0 -9999.0 -9999.0 -9999.0 -9999.0 -9999.0 -9999.0 -9999.0 -9999.0 -9999.0 -9999.0 -9999.0 -9999.0 -9999.0 -9999.0 -9999.0 -9999.0
-9999.0 -9999.0 -9999.0 -9999.0 -9999.0 -9999.0 -9999.0 -9999.0 -9999.0 -9999.0 -9999.0 -9999.0 -9999.0 -9999.0 -9999.0 -9999.0 -9999.0 -9999.0 -9999.0 -9999.0 -9999.0 -9999.0 -9999.0 -9999.0 -9999.0 -9999.0 -9999.0 0.042367 0.181288 0.042324 0.191494 0.090878 0.200000 -9999.0 -9999.0 -9999.0 -9999.0 -9999.0 -9999.0 -9999.0 -9999.0 -9999.0 -9999.0 -9999.0 -9999.0 -9999.0 -9999.0 -9999.0 -9999.0 -9999.0 -9999.0 -9999.0 -9999.0 -9999.0 -9999.0 -9999.0 -9999.0 -9999.0 -9999.0 -9999.0 -9999.0 -9999.0 -9999.0
-9999.0 -9999.0 -9999.0 -9999.0 -9999.0 -9999.0 -9999.0 -9999.0 -9999.0 -9999.0 -9999.0 -9999.0 -9999.0 -9999.0 -9999.0 -9999.0 -9999.0 -9999.0 -9999.0 -9999.0 -9999.0 -9999.0 -9999.0 -9999.0 0.430000 0.429938 0.430000 0.430000 0.430000 0.199833 0.170518 -9999.0 -9999.0 -9999.0 -9999.0 -9999.0 -9999.0 -9999.0 -9999.0 -9999.0 -9999.0 -9999.0 -9999.0 -9999.0 -9999.0 -9999.0 -9999.0 -9999.0 -9999.0 -9999.0 -9999.0 -9999.0 -9999.0 -9999.0 -9999.0 -9999.0 -9999.0 -9999.0 -9999.0 -9999.0 -9999.0 -9999.0 -9999.0
-9999.0 -9999.0 -9999.0 -9999.0 -9999.0 -9999.0 -9999.0 -9999.0 -9999.0 -9999.0 -9999.0 -9999.0 -9999.0 -9999.0 -9999.0 -9999.0 -9999.0 -9999.0 -9999.0 -9999.0 -9999.0 -9999.0 -9999.0 0.429628 0.429284 0.177954 0.157149 0.021332 0.045501 0.169290 0.180952 0.170217 -9999.0 -9999.0 -9999.0 -9999.0 -9999.0 -9999.0 -9999.0 -9999.0 -9999.0 -9999.0 -9999.0 -9999.0 -9999.0 -9999.0 -9999.0 -9999.0 -9999.0 -9999.0 -9999.0 -9999.0 -9999.0 -9999.0 -9999.0 -9999.0 -9999.0 -9999.0 -9999.0 -9999.0 -9999.0 -9999.0 -9999.0
-9999.0 -9999.0 -9999.0 -9999.0 -9999.0 -9999.0 -9999.0 -9999.0 -9999.0 -9999.0 -9999.0 -9999.0 -9999.0 -9999.0 -9999.0 -9999.0 -9999.0 -9999.0 0.424587 0.427332 -9999.0 0.430000 0.429944 0.034805 0.171724 0.020595 0.321570 0.372946 0.367790 0.267634 0.185842 0.188789 0.042331 0.042354 -9999.0 -9999.0 -9999.0 -9999.0 -9999.0 -9999.0 -9999.0 -9999.0 -9999.0 -9999.0 -9999.0 -9999.0 -9999.0 -9999.0 -9999.0 -9999.0 -9999.0 -9999.0 -9999.0 -9999.0 -9999.0 -9999.0 -9999.0 -9999.0 -9999.0 -9999.0 -9999.0 -9999.0 -9999.0
-9999.0 -9999.0 -9999.0 -9999.0 -9999.0 -9999.0 -9999.0 -9999.0 -9999.0 -9999.0 -9999.0 -9999.0 -9999.0 -9999.0 -9999.0 -9999.0 -9999.0 0.160457 0.317271 0.020034 0.042312 0.303373 0.262687 0.020890 0.301454 0.235301 0.331948 0.384226 0.337678 0.364496 0.430000 0.199083 0.042301 0.042308 0.042350 0.042376 -9999.0 -9999.0 -9999.0 -9999.0 -9999.0 -9999.0 -9999.0 -9999.0 -9999.0 -9999.0 -9999.0 -9999.0 -9999.0 -9999.0 -9999.0 -9999.0 -9999.0 -9999.0 -9999.0 -9999.0 -9999.0 -9999.0 -9999.0 -9999.0 -9999.0 -9999.0 -9999.0
-9999.0 -9999.0 -9999.0 -9999.0 -9999.0 -9999.0 -9999.0 -9999.0 -9999.0 -9999.0 -9999.0 -9999.0 -9999.0 0.182825 0.361927 0.237310 0.170437 0.042367 0.163238 0.029779 0.200640 0.147307 0.021019 0.307277 0.273845 0.430000 0.020115 0.035256 0.031422 0.341279 0.430000 0.430000 0.196923 0.187693 0.042363 0.042377 -9999.0 -9999.0 -9999.0 -9999.0 -9999.0 -9999.0 -9999.0 -9999.0 -9999.0 -9999.0 -9999.0 -9999.0 -9999.0 -9999.0 -9999.0 -9999.0 -9999.0 -9999.0 -9999.0 -9999.0 -9999.0 -9999.0 -9999.0 -9999.0 -9999.0 -9999.0 -9999.0
-9999.0 -9999.0 -9999.0 -9999.0 -9999.0 -9999.0 -9999.0 -9999.0 -9999.0 -9999.0 -9999.0 -9999.0 -9999.0 0.430000 0.353803 0.184447 0.175304 0.406235 0.042353 0.137157 0.030561 0.050658 0.280482 0.251604 0.377754 0.033621 0.160272 0.042358 0.042358 0.031749 0.426428 0.175461 0.042358 0.042361 0.042362 -9999.0 -9999.0 -9999.0 -9999.0 -9999.0 -9999.0 -9999.0 -9999.0 -9999.0 -9999.0 -9999.0 -9999.0 -9999.0 -9999.0 -9999.0 -9999.0 -9999.0 -9999.0 -9999.0 -9999.0 -9999.0 -9999.0 -9999.0 -9999.0 -9999.0 -9999.0 -9999.0 -9999.0
-9999.0 -9999.0 -9999.0 -9999.0 -9999.0 -9999.0 -9999.0 -9999.0 -9999.0 -9999.0 -9999.0 -9999.0 -9999.0 0.311640 0.430000 0.216294 0.203079 0.177383 0.042352 0.187806 0.420048 0.020100 0.378210 0.283007 0.364115 0.393985 0.042330 0.042361 0.186926 0.042360 0.179392 0.042361 0.042363 0.020172 0.042363 -9999.0 -9999.0 -9999.0 -9999.0 -9999.0 -9999.0 -9999.0 -9999.0 -9999.0 -9999.0 -9999.0 -9999.0 -9999.0 -9999.0 -9999.0 -9999.0 -9999.0 -9999.0 -9999.0 -9999.0 -9999.0 -9999.0 -9999.0 -9999.0 -9999.0 -9999.0 -9999.0 -9999.0
-9999.0 -9999.0 -9999.0 -9999.0 -9999.0 -9999.0 -9999.0 -9999.0 -9999.0 -9999.0 -9999.0 -9999.0 0.033610 0.430000 0.370029 0.373684 0.374567 0.257670 0.376333 0.020076 0.189327 0.305534 0.020249 0.351992 0.430000 0.171521 0.430000 0.180400 0.199402 0.042359 0.115268 0.042350 0.196757 0.042355 -9999.0 -9999.0 -9999.0 -9999.0 -9999.0 -9999.0 -9999.0 -9999.0 -9999.0 -9999.0 -9999.0 -9999.0 -9999.0 -9999.0 -9999.0 -9999.0 -9999.0 -9999.0 -9999.0 -9999.0 -9999.0 -9999.0 -9999.0 -9999.0 -9999.0 -9999.0 -9999.0 -9999.0 -9999.0
-9999.0 -9999.0 -9999.0 -9999.0 -9999.0 -9999.0 -9999.0 -9999.0 -9999.0 -9999.0 -9999.0 0.430000 0.417318 0.430000 0.377646 0.430000 0.020118 0.345113 0.426962 0.020081 0.045839 0.387926 0.194164 0.180394 0.038453 0.194798 0.159917 0.193266 0.430000 0.042362 0.042350 0.199098 0.042364 0.042346 0.042353 0.042303 0.084849 0.077825 0.045525 -9999.0 -9999.0 -9999.0 0.042330 -9999.0 -9999.0 -9999.0 -9999.0 -9999.0 -9999.0 -9999.0 -9999.0 -9999.0 -9999.0 -9999.0 -9999.0 -9999.0 -9999.0 -9999.0 -9999.0 -9999.0 -9999.0 -9999.0 -9999.0
-9999.0 -9999.0 -9999.0 -9999.0 -9999.0 -9999.0 -9999.0 -9999.0 -9999.0 -9999.0 -9999.0 0.430000 0.392158 0.037985 0.382445 0.166448 0.356332 0.188280 0.404361 0.421749 0.426249 0.193862 0.430000 0.430000 0.430000 0.185536 0.188685 0.198922 0.042363 0.042356 0.197507 0.200000 0.176078 0.186114 0.125931 0.165141 0.121340 0.090176 0.088706 0.042278 0.042292 0.042367 0.182016 0.042357 -9999.0 -9999.0 -9999.0 0.430000 0.177138 0.042370 0.189907 0.042373 0.042374 0.430000 0.430000 0.042359 -9999.0 -9999.0 -9999.0 -9999.0 -9999.0 -9999.0 -9999.0
-9999.0 -9999.0 -9999.0 -9999.0 -9999.0 -9999.0 -9999.0 -9999.0 -9999.0 -9999.0 -9999.0 0.430000 0.430000 0.052603 0.430000 0.191856 0.430000 0.429072 0.424341 0.395679 0.403683 0.043905 0.426902 0.430000 0.183058 0.042320 0.430000 0.200000 0.042352 0.178913 0.042364 0.049837 0.187717 0.168776 0.042349 0.134991 0.097711 0.020157 0.082265 0.042258 0.080515 0.059153 0.177662 0.175088 0.159854 -9999.0 0.042356 0.190852 0.196408 0.198908 0.156003 0.042346 0.161394 0.199251 0.173255 0.194969 -9999.0 -9999.0 -9999.0 -9999.0 -9999.0 -9999.0 -9999.0
-9999.0 -9999.0 -9999.0 -9999.0 -9999.0 -9999.0 -9999.0 -9999.0 -9999.0 -9999.0 -9999.0 -9999.0 0.430000 0.430000 0.430000 0.430000 0.430000 0.418252 0.430000 0.414659 0.414173 0.044737 0.047835 0.430000 0.430000 0.429357 0.430000 0.113749 0.189163 0.042360 0.191656 0.430000 0.107561 0.177508 0.165949 0.135834 0.091429 0.073695 0.091210 0.049335 0.134010 0.042315 0.033747 0.414566 0.042322 0.186135 0.042359 0.186532 0.045473 0.430000 0.430000 0.430000 0.430000 0.430000 0.430000 0.430000 0.430000 -9999.0 -9999.0 -9999.0 -9999.0 -9999.0 -9999.0
-9999.0 -9999.0 -9999.0 -9999.0 -9999.0 -9999.0 -9999.0 -9999.0 -9999.0 -9999.0 -9999.0 0.430000 0.430000 0.113098 0.430000 0.430000 0.430000 0.430000 0.430000 0.362119 0.420324 0.430000 0.430000 0.043226 0.423294 0.430000 0.430000 0.177428 0.169445 0.042315 0.424108 0.430000 0.197780 0.184452 0.160125 0.176724 0.071889 0.020188 0.129441 0.085184 0.020338 0.083934 0.379348 0.020087 0.184429 0.177304 0.198832 0.042317 0.042316 0.020344 0.020115 0.177944 0.430000 0.020118 0.020118 0.042359 0.042370 -9999.0 -9999.0 -9999.0 -9999.0 -9999.0 -9999.0
-9999.0 -9999.0 -9999.0 -9999.0 -9999.0 -9999.0 -9999.0 -9999.0 -9999.0 -9999.0 0.430000 0.430000 0.430000 0.430000 0.429736 0.430000 0.430000 0.411745 0.266017 0.306529 0.430000 0.430000 0.076100 0.420368 0.417069 0.430000 0.055446 0.020118 0.130068 0.192215 0.430000 0.430000 0.193805 0.187267 0.042361 0.042326 0.130337 0.106959 0.111419 0.120144 0.020516 0.020119 0.042403 0.313882 0.398276 0.042313 0.195114 0.042626 0.430000 0.429138 0.020118 0.042354 0.020118 0.042357 0.042350 0.197836 0.197778 -9999.0 -9999.0 -9999.0 -9999.0 -9999.0 -9999.0
-9999.0 -9999.0 -9999.0 -9999.0 -9999.0 -9999.0 -9999.0 -9999.0 -9999.0 0.187137 0.430000 0.430000 0.430000 0.425550 0.430000 0.430000 0.423737 0.422076 0.369989 0.227473 0.421279 0.273548 0.060766 0.333555 0.387204 0.094070 0.423804 0.193310 0.043274 0.414513 0.430000 0.022826 0.042365 0.042363 0.042362 0.042351 0.193201 0.287788 0.132614 0.380207 0.338733 0.324978 0.045958 0.139166 0.050548 0.034742 0.190254 0.034194 0.034967 0.430000 0.020817 0.042367 0.042356 0.042351 0.042362 0.068599 0.430000 0.042542 0.042333 -9999.0 -9999.0 -9999.0 -9999.0
-9999.0 -9999.0 -9999.0 -9999.0 -9999.0 -9999.0 -9999.0 -9999.0 -9999.0 0.146039 0.189083 0.191929 0.430000 0.410436 0.409603 0.414943 0.427506 0.404977 0.366568 0.237794 0.282226 0.262545 0.375043 0.417075 0.092731 0.408760 0.418278 0.411939 0.375594 0.407289 0.127840 0.095902 0.194858 0.182623 0.196655 0.042300 0.042317 0.042307 0.136505 0.191949 0.407775 0.039462 0.184319 0.368239 0.295005 0.275283 0.325460 0.029882 0.032908 0.404977 0.023223 0.065966 0.042353 0.179335 0.042490 0.430000 0.073291 0.430000 0.042408 -9999.0 -9999.0 -9999.0 -9999.0
-9999.0 -9999.0 -9999.0 -9999.0 -9999.0 -9999.0 -9999.0 -9999.0 -9999.0 -9999.0 0.185992 0.196859 0.430000 0.430000 0.038195 0.405761 0.412086 0.400576 0.346683 0.198502 0.338249 0.054664 0.414119 0.089245 0.403618 0.407187 0.403898 0.391159 0.132491 0.430000 0.103596 0.430000 0.064294 0.184292 0.198868 0.199780 0.410209 0.425382 0.042356 0.185307 0.156604 0.424988 0.430000 0.038447 0.084414 0.412488 0.066982 0.384887 0.036367 0.045095 0.022779 0.021038 0.042365 0.042354 0.430000 0.187227 0.430000 0.200000 0.058945 0.428005 -9999.0 -9999.0 -9999.0
-9999.0 -9999.0 -9999.0 -9999.0 -9999.0 -9999.0 -9999.0 -9999.0 -9999.0 -9999.0 0.192500 0.193423 0.430000 0.430000 0.407422 0.393700 0.400758 0.294962 0.170641 0.184756 0.176774 0.259797 0.369709 0.362747 0.391342 0.384948 0.388082 0.430000 0.430000 0.073573 0.184372 0.430000 0.020118 0.174939 0.182206 0.430000 0.430000 0.426674 0.047958 0.177574 0.195343 0.042413 0.430000 0.182198 0.430000 0.022549 0.430000 0.085134 0.079377 0.046535 0.075289 0.057564 0.430000 0.042372 0.042358 0.042352 0.177666 0.064142 0.430000 0.430000 -9999.0 -9999.0 -9999.0
-9999.0 -9999.0 -9999.0 -9999.0 -9999.0 -9999.0 -9999.0 -9999.0 0.430000 0.194015 0.109177 0.430000 0.430000 0.430000 0.430000 0.366519 0.252099 0.245998 0.162408 0.177651 0.159965 0.135240 0.174842 0.182329 0.234317 0.384565 0.429425 0.430000 0.430000 0.068770 0.042360 0.191910 0.191121 0.182252 0.196373 0.160102 0.189603 0.430000 0.093245 0.042367 0.042357 0.430000 0.020118 0.042361 0.042313 0.430000 0.096392 0.430000 0.087888 0.430000 0.430000 0.023409 0.430000 0.071091 0.042330 0.174325 0.042583 0.430000 0.050421 0.430000 -9999.0 -9999.0 -9999.0
-9999.0 -9999.0 -9999.0 -9999.0 -9999.0 -9999.0 -9999.0 -9999.0 0.061602 0.430000 0.056178 0.180821 0.186684 0.430000 0.428456 0.414786 0.393866 0.286517 0.026241 0.168539 0.277997 0.201958 0.282603 0.241661 0.124218 0.360453 0.430000 0.430000 0.020118 0.190561 0.188855 0.042317 0.198465 0.042374 0.430000 0.430000 0.199781 0.430000 0.053104 0.196115 0.184498 0.045938 0.042360 0.196652 0.430000 0.430000 0.020118 0.192017 0.055468 0.430000 0.430000 0.430000 0.430000 0.197135 0.156407 0.020118 0.053372 0.053772 0.050022 0.430000 0.226780 -9999.0 -9999.0
-9999.0 -9999.0 -9999.0 -9999.0 -9999.0 -9999.0 -9999.0 -9999.0 0.187879 0.200000 0.138149 0.061290 0.430000 0.020118 0.427613 0.083817 0.354899 0.168117 0.114404 0.291060 0.166103 0.192589 0.194596 0.155307 0.287689 0.381771 0.424079 0.430000 0.020118 0.193906 0.042321 0.430000 0.430000 0.020608 0.430000 0.200000 0.054234 0.087331 0.101433 0.058275 0.194008 0.042369 0.430000 0.430000 0.430000 0.430000 0.042319 0.430000 0.430000 0.089957 0.430000 0.430000 0.099141 0.105393 0.059371 0.430000 0.430000 0.430000 0.430000 0.430000 0.363998 -9999.0 -9999.0
-9999.0 -9999.0 -9999.0 -9999.0 -9999.0 -9999.0 -9999.0 -9999.0 0.042366 0.196617 0.430000 0.020098 0.430000 0.430000 0.022995 0.407321 0.051136 0.136551 0.306141 0.164122 0.168335 0.170035 0.201872 0.213940 0.199336 0.385241 0.425706 0.089197 0.430000 0.050672 0.048842 0.050913 0.020755 0.430000 0.020656 0.163444 0.175137 0.430000 0.102735 0.059454 0.190230 0.197830 0.198617 0.042342 0.430000 0.042324 0.137272 0.042336 0.169692 0.049892 0.430000 0.430000 0.430000 0.430000 0.430000 0.430000 0.430000 0.430000 0.426766 0.394637 0.413773 0.420946 -9999.0
-9999.0 -9999.0 -9999.0 -9999.0 -9999.0 -9999.0 -9999.0 -9999.0 0.430000 0.430000 0.430000 0.103121 0.103115 0.430000 0.414476 0.409630 0.395533 0.380764 0.387124 0.324827 0.168240 0.170751 0.175229 0.185065 0.227035 0.303320 0.406575 0.409504 0.406926 0.430000 0.086672 0.430000 0.049570 0.430000 0.053409 0.053064 0.053531 0.430000 0.099035 0.430000 0.056189 0.020910 0.052783 0.020849 0.051746 0.190797 0.050293 0.052156 0.048594 0.048526 0.048625 0.337835 0.430000 0.430000 0.430000 0.430000 0.430000 0.430000 0.430000 0.424030 0.411317 0.422416 -9999.0
-9999.0 -9999.0 0.113572 0.430000 0.430000 0.430000 0.430000 0.430000 0.430000 0.430000 0.430000 0.430000 0.430000 0.430000 0.397863 0.393664 0.096035 0.429999 0.416235 0.399791 0.245886 0.198294 0.292829 0.158240 0.187943 0.152265 0.268087 0.346912 0.418214 0.430000 0.412021 0.427350 0.430000 0.430000 0.430000 0.430000 0.430000 0.430000 0.102467 0.105592 0.055069 0.051510 0.085637 0.430000 0.083173 0.047012 0.429810 0.430000 0.046001 0.421115 0.346983 0.303723 0.430000 0.430000 0.430000 0.430000 0.430000 0.430000 0.430000 0.422678 0.425728 0.427842 -9999.0
-9999.0 0.416916 0.429204 0.425686 0.411608 0.430000 0.430000 0.430000 0.430000 0.192127 0.430000 0.430000 0.430000 0.430000 0.424536 0.108714 0.428604 0.422774 0.402444 0.397769 0.156178 0.411814 0.430000 0.215292 0.197534 0.156877 0.217896 0.228136 0.421008 0.406030 0.165157 0.336995 0.430000 0.430000 0.423152 0.353735 0.418293 0.425744 0.430000 0.430000 0.430000 0.430000 0.430000 0.421229 0.384211 0.384171 0.407547 0.398900 0.427702 0.295430 0.392495 0.430000 0.430000 0.430000 0.430000 0.430000 0.430000 0.430000 0.430000 0.430000 0.430000 0.429059 -9999.0
-9999.0 0.430000 0.430000 0.430000 0.402135 0.430000 0.430000 0.430000 0.428559 0.111202 0.421890 0.427467 0.430000 0.424104 0.109637 0.430000 0.060278 0.416415 0.430000 0.430000 0.430000 0.430000 0.427328 0.411970 0.351598 0.274341 0.147367 0.158702 0.294892 0.191498 0.097271 0.103777 0.430000 0.430000 0.430000 0.430000 0.383147 0.413688 0.430000 0.313282 0.430000 0.430000 0.430000 0.193818 0.151543 0.108349 0.301261 0.402279 0.394396 0.421454 0.429975 0.429441 0.430000 0.430000 0.430000 0.430000 0.430000 0.430000 0.430000 0.430000 0.430000 -9999.0 -9999.0
-9999.0 0.123541 0.430000 0.430000 0.430000 0.430000 0.421705 0.430000 0.420821 0.424176 0.418734 0.422223 0.391707 0.430000 0.430000 0.430000 0.429880 0.430000 0.430000 0.430000 0.400702 0.381516 0.208979 0.399355 0.425231 0.381578 0.425919 0.430000 0.172682 0.348882 0.163276 0.158183 0.430000 0.430000 0.429278 0.295858 0.428567 0.397334 0.429997 0.265765 0.248193 0.429904 0.417439 0.170223 0.166995 0.424762 0.416195 0.430000 0.430000 0.430000 0.430000 0.430000 0.430000 0.430000 0.430000 0.430000 0.430000 0.430000 0.430000 -9999.0 -9999.0 -9999.0 -9999.0
