user2019/resources/simulation/Vinschgau/output-maps/thetaiceL0002N0203.asc
ncols         63
nrows         48
xllcorner     598000.000000
yllcorner     5145000.000000
cellsize      1000.000000
NODATA_value  -9999.0
[rows 0 to 28 of 48, columns 0 to 62 of 63]
-9999.0 -9999.0 -9999.0 -9999.0 -9999.0 -9999.0 -9999.0 -9999.0 -9999.0 -9999.0 -9999.0 -9999.0 -9999.0 -9999.0 -9999.0 -9999.0 -9999.0 -9999.0 -9999.0 -9999.0 -9999.0 -9999.0 -9999.0 -9999.0 -9999.0 -9999.0 -9999.0 -9999.0 -9999.0 -9999.0 -9999.0 -9999.0 -9999.0 -9999.0 -9999.0 -9999.0 -9999.0 -9999.0 -9999.0 -9999.0 -9999.0 -9999.0 -9999.0 -9999.0 -9999.0 -9999.0 -9999.0 -9999.0 -9999.0 -9999.0 -9999.0 -9999.0 -9999.0 -9999.0 -9999.0 -9999.0 -9999.0 -9999.0 -9999.0 -9999.0 -9999.0 -9999.0 -9999.0
-9999.0 -9999.0 -9999.0 -9999.0 -9999.0 -9999.0 -9999.0 -9999.0 -9999.0 -9999.0 -9999.0 -9999.0 -9999.0 -9999.0 -9999.0 -9999.0 -9999.0 -9999.0 -9999.0 -9999.0 -9999.0 -9999.0 -9999.0 -9999.0 -9999.0 -9999.0 -9999.0 0.098712 0.259234 0.093799 0.207803 0.195722 0.188835 -9999.0 -9999.0 -9999.0 -9999.0 -9999.0 -9999.0 -9999.0 -9999.0 -9999.0 -9999.0 -9999.0 -9999.0 -9999.0 -9999.0 -9999.0 -9999.0 -9999.0 -9999.0 -9999.0 -9999.0 -9999.0 -9999.0 -9999.0 -9999.0 -9999.0 -9999.0 -9999.0 -9999.0 -9999.0 -9999.0
-9999.0 -9999.0 -9999.0 -9999.0 -9999.0 -9999.0 -9999.0 -9999.0 -9999.0 -9999.0 -9999.0 -9999.0 -9999.0 -9999.0 -9999.0 -9999.0 -9999.0 -9999.0 -9999.0 -9999.0 -9999.0 -9999.0 -9999.0 -9999.0 0.241298 0.418901 0.430507 0.454492 0.477035 0.243700 0.151703 -9999.0 -9999.0 -9999.0 -9999.0 -9999.0 -9999.0 -9999.0 -9999.0 -9999.0 -9999.0 -9999.0 -9999.0 -9999.0 -9999.0 -9999.0 -9999.0 -9999.0 -9999.0 -9999.0 -9999.0 -9999.0 -9999.0 -9999.0 -9999.0 -9999.0 -9999.0 -9999.0 -9999.0 -9999.0 -9999.0 -9999.0 -9999.0
-9999.0 -9999.0 -9999.0 -9999.0 -9999.0 -9999.0 -9999.0 -9999.0 -9999.0 -9999.0 -9999.0 -9999.0 -9999.0 -9999.0 -9999.0 -9999.0 -9999.0 -9999.0 -9999.0 -9999.0 -9999.0 -9999.0 -9999.0 0.451427 0.479989 0.479941 0.479984 0.479985 0.479991 0.268663 0.332105 0.255892 -9999.0 -9999.0 -9999.0 -9999.0 -9999.0 -9999.0 -9999.0 -9999.0 -9999.0 -9999.0 -9999.0 -9999.0 -9999.0 -9999.0 -9999.0 -9999.0 -9999.0 -9999.0 -9999.0 -9999.0 -9999.0 -9999.0 -9999.0 -9999.0 -9999.0 -9999.0 -9999.0 -9999.0 -9999.0 -9999.0 -9999.0
-9999.0 -9999.0 -9999.0 -9999.0 -9999.0 -9999.0 -9999.0 -9999.0 -9999.0 -9999.0 -9999.0 -9999.0 -9999.0 -9999.0 -9999.0 -9999.0 -9999.0 -9999.0 0.479880 0.479982 -9999.0 0.282186 0.479986 0.479980 0.479981 0.479996 0.479980 0.479979 0.479993 0.479990 0.332333 0.310718 0.088079 0.081930 -9999.0 -9999.0 -9999.0 -9999.0 -9999.0 -9999.0 -9999.0 -9999.0 -9999.0 -9999.0 -9999.0 -9999.0 -9999.0 -9999.0 -9999.0 -9999.0 -9999.0 -9999.0 -9999.0 -9999.0 -9999.0 -9999.0 -9999.0 -9999.0 -9999.0 -9999.0 -9999.0 -9999.0 -9999.0
-9999.0 -9999.0 -9999.0 -9999.0 -9999.0 -9999.0 -9999.0 -9999.0 -9999.0 -9999.0 -9999.0 -9999.0 -9999.0 -9999.0 -9999.0 -9999.0 -9999.0 0.479981 0.479996 0.143068 0.077593 0.441880 0.479983 0.479994 0.479990 0.479991 0.471751 0.361834 0.478495 0.475563 0.479991 0.299943 0.080930 0.083562 0.064150 0.018195 -9999.0 -9999.0 -9999.0 -9999.0 -9999.0 -9999.0 -9999.0 -9999.0 -9999.0 -9999.0 -9999.0 -9999.0 -9999.0 -9999.0 -9999.0 -9999.0 -9999.0 -9999.0 -9999.0 -9999.0 -9999.0 -9999.0 -9999.0 -9999.0 -9999.0 -9999.0 -9999.0
-9999.0 -9999.0 -9999.0 -9999.0 -9999.0 -9999.0 -9999.0 -9999.0 -9999.0 -9999.0 -9999.0 -9999.0 -9999.0 0.247870 0.479980 0.479992 0.479992 0.167200 0.479986 0.479989 0.479991 0.479989 0.479995 0.479992 0.479993 0.115374 0.021797 0.322652 0.358840 0.380696 0.242305 0.120024 0.136205 0.157698 0.018650 0.018014 -9999.0 -9999.0 -9999.0 -9999.0 -9999.0 -9999.0 -9999.0 -9999.0 -9999.0 -9999.0 -9999.0 -9999.0 -9999.0 -9999.0 -9999.0 -9999.0 -9999.0 -9999.0 -9999.0 -9999.0 -9999.0 -9999.0 -9999.0 -9999.0 -9999.0 -9999.0 -9999.0
-9999.0 -9999.0 -9999.0 -9999.0 -9999.0 -9999.0 -9999.0 -9999.0 -9999.0 -9999.0 -9999.0 -9999.0 -9999.0 0.479975 0.479868 0.479982 0.479983 0.479981 0.166427 0.479996 0.479995 0.479992 0.479981 0.479989 0.479985 0.439375 0.237974 0.023168 0.034617 0.229441 0.253730 0.181414 0.019565 0.018186 0.018105 -9999.0 -9999.0 -9999.0 -9999.0 -9999.0 -9999.0 -9999.0 -9999.0 -9999.0 -9999.0 -9999.0 -9999.0 -9999.0 -9999.0 -9999.0 -9999.0 -9999.0 -9999.0 -9999.0 -9999.0 -9999.0 -9999.0 -9999.0 -9999.0 -9999.0 -9999.0 -9999.0 -9999.0
-9999.0 -9999.0 -9999.0 -9999.0 -9999.0 -9999.0 -9999.0 -9999.0 -9999.0 -9999.0 -9999.0 -9999.0 -9999.0 0.479981 0.479984 0.479745 0.479980 0.479990 0.166467 0.479993 0.479977 0.008881 0.479987 0.406228 0.283379 0.456748 0.094552 0.020331 0.287985 0.021271 0.176392 0.018372 0.018197 0.018012 0.018030 -9999.0 -9999.0 -9999.0 -9999.0 -9999.0 -9999.0 -9999.0 -9999.0 -9999.0 -9999.0 -9999.0 -9999.0 -9999.0 -9999.0 -9999.0 -9999.0 -9999.0 -9999.0 -9999.0 -9999.0 -9999.0 -9999.0 -9999.0 -9999.0 -9999.0 -9999.0 -9999.0 -9999.0
-9999.0 -9999.0 -9999.0 -9999.0 -9999.0 -9999.0 -9999.0 -9999.0 -9999.0 -9999.0 -9999.0 -9999.0 0.479975 0.479964 0.479741 0.160597 0.479931 0.479989 0.479990 0.152874 0.469621 0.355371 0.426789 0.432800 0.266146 0.164989 0.419435 0.217105 0.271402 0.019224 0.167987 0.084893 0.279186 0.017984 -9999.0 -9999.0 -9999.0 -9999.0 -9999.0 -9999.0 -9999.0 -9999.0 -9999.0 -9999.0 -9999.0 -9999.0 -9999.0 -9999.0 -9999.0 -9999.0 -9999.0 -9999.0 -9999.0 -9999.0 -9999.0 -9999.0 -9999.0 -9999.0 -9999.0 -9999.0 -9999.0 -9999.0 -9999.0
-9999.0 -9999.0 -9999.0 -9999.0 -9999.0 -9999.0 -9999.0 -9999.0 -9999.0 -9999.0 -9999.0 0.427792 0.478579 0.479908 0.149966 0.176181 0.017303 0.479987 0.479990 0.159379 0.479993 0.479956 0.196647 0.153454 0.358940 0.223637 0.153480 0.231316 0.209329 0.018361 0.080774 0.447243 0.059016 0.017871 0.040342 0.019218 0.417909 0.479998 0.464382 -9999.0 -9999.0 -9999.0 0.029805 -9999.0 -9999.0 -9999.0 -9999.0 -9999.0 -9999.0 -9999.0 -9999.0 -9999.0 -9999.0 -9999.0 -9999.0 -9999.0 -9999.0 -9999.0 -9999.0 -9999.0 -9999.0 -9999.0 -9999.0
-9999.0 -9999.0 -9999.0 -9999.0 -9999.0 -9999.0 -9999.0 -9999.0 -9999.0 -9999.0 -9999.0 0.206551 0.350580 0.479971 0.479972 0.185261 0.479982 0.479994 0.479991 0.479978 0.479983 0.479973 0.205744 0.432795 0.430728 0.162921 0.251476 0.457979 0.078513 0.018070 0.326493 0.216701 0.229798 0.172996 0.220121 0.242500 0.479998 0.307070 0.454125 0.037124 0.040935 0.023215 0.448899 0.034179 -9999.0 -9999.0 -9999.0 0.412836 0.479945 0.091769 0.479936 0.098917 0.096611 0.477974 0.477376 0.084872 -9999.0 -9999.0 -9999.0 -9999.0 -9999.0 -9999.0 -9999.0
-9999.0 -9999.0 -9999.0 -9999.0 -9999.0 -9999.0 -9999.0 -9999.0 -9999.0 -9999.0 -9999.0 0.242561 0.234936 0.475397 0.215510 0.241924 0.479983 0.477024 0.479994 0.479989 0.479977 0.479983 0.479984 0.420827 0.156562 0.089865 0.479991 0.368665 0.018008 0.225515 0.017932 0.421312 0.470236 0.199838 0.028363 0.474912 0.472010 0.475322 0.071881 0.113629 0.479998 0.460811 0.479699 0.239613 0.205012 -9999.0 0.025235 0.399768 0.479965 0.479968 0.479966 0.147888 0.479900 0.478829 0.478510 0.477456 -9999.0 -9999.0 -9999.0 -9999.0 -9999.0 -9999.0 -9999.0
-9999.0 -9999.0 -9999.0 -9999.0 -9999.0 -9999.0 -9999.0 -9999.0 -9999.0 -9999.0 -9999.0 -9999.0 0.232535 0.406440 0.479970 0.479969 0.476523 0.479990 0.479993 0.479991 0.479992 0.479980 0.479981 0.479984 0.294414 0.479989 0.479952 0.167619 0.166346 0.082339 0.251455 0.465463 0.245902 0.239599 0.223205 0.177999 0.479997 0.433762 0.049659 0.069137 0.479998 0.075445 0.470850 0.479995 0.089478 0.303164 0.086084 0.359637 0.355342 0.433504 0.479976 0.479941 0.479715 0.479560 0.196448 0.168968 0.473918 -9999.0 -9999.0 -9999.0 -9999.0 -9999.0 -9999.0
-9999.0 -9999.0 -9999.0 -9999.0 -9999.0 -9999.0 -9999.0 -9999.0 -9999.0 -9999.0 -9999.0 0.468167 0.252180 0.162303 0.479979 0.479979 0.479979 0.479990 0.479989 0.479981 0.479994 0.479984 0.479970 0.479990 0.479986 0.479981 0.440764 0.157718 0.272879 0.093406 0.479993 0.479994 0.479994 0.152322 0.236805 0.169258 0.112427 0.475975 0.479995 0.104787 0.475679 0.462180 0.467930 0.079136 0.479994 0.237420 0.465373 0.132007 0.138520 0.479993 0.029110 0.187496 0.210992 0.028192 0.017838 0.061857 0.104509 -9999.0 -9999.0 -9999.0 -9999.0 -9999.0 -9999.0
-9999.0 -9999.0 -9999.0 -9999.0 -9999.0 -9999.0 -9999.0 -9999.0 -9999.0 -9999.0 0.329367 0.479967 0.479966 0.264140 0.479935 0.479983 0.476063 0.477904 0.479990 0.466410 0.479982 0.479920 0.479986 0.479949 0.479986 0.479972 0.333671 0.028592 0.479989 0.479981 0.479992 0.422464 0.216317 0.208401 0.017792 0.030020 0.477857 0.479996 0.479995 0.430159 0.479992 0.165351 0.161716 0.479991 0.479995 0.094991 0.477788 0.458387 0.479992 0.479991 0.041315 0.052646 0.017878 0.057758 0.057953 0.478143 0.478023 -9999.0 -9999.0 -9999.0 -9999.0 -9999.0 -9999.0
-9999.0 -9999.0 -9999.0 -9999.0 -9999.0 -9999.0 -9999.0 -9999.0 -9999.0 0.267710 0.223542 0.479960 0.479979 0.479972 0.479918 0.470981 0.443709 0.479956 0.479995 0.479974 0.479990 0.479994 0.479994 0.479994 0.479975 0.407343 0.479993 0.479980 0.479993 0.479993 0.474775 0.401242 0.017865 0.018089 0.017999 0.017744 0.158466 0.335894 0.395608 0.461439 0.479994 0.472276 0.458786 0.479991 0.479021 0.479996 0.479989 0.479084 0.388748 0.479988 0.468391 0.102510 0.044044 0.042696 0.095761 0.479905 0.479381 0.173829 0.108786 -9999.0 -9999.0 -9999.0 -9999.0
-9999.0 -9999.0 -9999.0 -9999.0 -9999.0 -9999.0 -9999.0 -9999.0 -9999.0 0.188515 0.238470 0.196113 0.479984 0.479980 0.479973 0.479965 0.479785 0.479800 0.479994 0.479991 0.479991 0.479978 0.474907 0.479974 0.418485 0.479990 0.479988 0.479992 0.479995 0.479977 0.137558 0.441228 0.170640 0.181463 0.240751 0.077459 0.071251 0.059585 0.196655 0.239815 0.294784 0.284772 0.479995 0.475367 0.479987 0.479988 0.479988 0.479662 0.479992 0.464849 0.479005 0.479971 0.050715 0.207501 0.066368 0.417859 0.479812 0.479904 0.171760 -9999.0 -9999.0 -9999.0 -9999.0
-9999.0 -9999.0 -9999.0 -9999.0 -9999.0 -9999.0 -9999.0 -9999.0 -9999.0 -9999.0 0.234367 0.230486 0.479980 0.479990 0.479988 0.479973 0.479974 0.479989 0.479966 0.479964 0.479981 0.479992 0.479971 0.479971 0.479990 0.479993 0.479995 0.479988 0.195284 0.390049 0.332394 0.428319 0.276636 0.156201 0.439284 0.479993 0.479993 0.479995 0.086049 0.154037 0.148988 0.413850 0.471129 0.479989 0.407096 0.479526 0.478518 0.479980 0.479985 0.479995 0.479987 0.479974 0.106686 0.056768 0.219716 0.208292 0.200731 0.479975 0.479972 0.479791 -9999.0 -9999.0 -9999.0
-9999.0 -9999.0 -9999.0 -9999.0 -9999.0 -9999.0 -9999.0 -9999.0 -9999.0 -9999.0 0.218432 0.227444 0.211462 0.479965 0.479979 0.479990 0.473425 0.479993 0.479971 0.479827 0.467266 0.479995 0.479992 0.479987 0.479989 0.479992 0.479977 0.479991 0.451648 0.291958 0.170046 0.253200 0.026924 0.161630 0.171759 0.170818 0.479995 0.416572 0.344287 0.185072 0.241380 0.092566 0.301146 0.193883 0.197062 0.479984 0.479966 0.187655 0.479985 0.479995 0.479994 0.479962 0.479950 0.109068 0.085564 0.106486 0.201572 0.479881 0.473358 0.479989 -9999.0 -9999.0 -9999.0
-9999.0 -9999.0 -9999.0 -9999.0 -9999.0 -9999.0 -9999.0 -9999.0 0.479968 0.479960 0.297169 0.211328 0.479979 0.479981 0.479964 0.479993 0.479994 0.479966 0.479852 0.479538 0.479871 0.479964 0.479985 0.479995 0.479995 0.479962 0.479989 0.479990 0.479984 0.418390 0.018066 0.178438 0.196604 0.174876 0.202675 0.175384 0.311975 0.479993 0.421953 0.091004 0.023794 0.198863 0.031488 0.048675 0.115616 0.479964 0.301700 0.479954 0.479084 0.479991 0.479986 0.479982 0.479947 0.479937 0.105613 0.479808 0.173868 0.479764 0.479991 0.479984 -9999.0 -9999.0 -9999.0
-9999.0 -9999.0 -9999.0 -9999.0 -9999.0 -9999.0 -9999.0 -9999.0 0.030843 0.479971 0.452574 0.226657 0.257019 0.479971 0.479962 0.479442 0.479975 0.479975 0.479757 0.477572 0.161191 0.183657 0.464624 0.479983 0.479974 0.479946 0.479993 0.479989 0.033684 0.199496 0.186315 0.096238 0.211720 0.090430 0.278750 0.478469 0.479989 0.479990 0.391161 0.446767 0.205926 0.203271 0.055769 0.479963 0.479975 0.479951 0.029505 0.171707 0.479981 0.479987 0.479994 0.479976 0.479946 0.478799 0.479977 0.161535 0.479975 0.479990 0.478953 0.477818 0.475077 -9999.0 -9999.0
-9999.0 -9999.0 -9999.0 -9999.0 -9999.0 -9999.0 -9999.0 -9999.0 0.155187 0.479981 0.479966 0.344357 0.478584 0.031818 0.479969 0.479991 0.479995 0.479994 0.479756 0.416988 0.464482 0.478503 0.208059 0.479556 0.328366 0.479994 0.465030 0.440768 0.028419 0.467931 0.097443 0.479977 0.447745 0.431577 0.479961 0.479975 0.406694 0.479992 0.462295 0.308901 0.251233 0.102338 0.479951 0.162710 0.251638 0.188864 0.108516 0.479883 0.361559 0.479259 0.479971 0.479993 0.479987 0.479986 0.479994 0.479993 0.479991 0.479988 0.479976 0.479914 0.476711 -9999.0 -9999.0
-9999.0 -9999.0 -9999.0 -9999.0 -9999.0 -9999.0 -9999.0 -9999.0 0.017794 0.219745 0.479836 0.056761 0.479933 0.479818 0.479986 0.479995 0.479949 0.479648 0.479981 0.479424 0.479091 0.472695 0.368978 0.372004 0.479988 0.479979 0.479969 0.479412 0.479978 0.479983 0.436342 0.450844 0.479991 0.479985 0.402665 0.479982 0.479984 0.479987 0.479990 0.479987 0.479951 0.479958 0.479960 0.141170 0.479952 0.099184 0.479957 0.152114 0.479962 0.479989 0.479802 0.479972 0.479991 0.479991 0.479990 0.465316 0.469200 0.475298 0.474856 0.476977 0.479921 0.479905 -9999.0
-9999.0 -9999.0 -9999.0 -9999.0 -9999.0 -9999.0 -9999.0 -9999.0 0.261150 0.200895 0.479752 0.479973 0.479982 0.479803 0.479991 0.479989 0.479989 0.479992 0.479974 0.479985 0.479916 0.479101 0.479336 0.479974 0.479994 0.479984 0.479988 0.479980 0.479992 0.479987 0.479987 0.479977 0.479995 0.479978 0.458963 0.478317 0.479985 0.479988 0.476675 0.479984 0.472827 0.478402 0.479986 0.479989 0.478093 0.479967 0.469229 0.479989 0.479987 0.479993 0.479994 0.479982 0.479970 0.479987 0.479983 0.479979 0.479784 0.479060 0.479974 0.479951 0.477523 0.479673 -9999.0
-9999.0 -9999.0 0.248338 0.320682 0.307443 0.475291 0.479966 0.456030 0.286851 0.304487 0.479967 0.479826 0.479846 0.479986 0.479992 0.479984 0.475969 0.479981 0.460450 0.479971 0.479985 0.479370 0.479329 0.479978 0.479986 0.479994 0.479994 0.479995 0.477554 0.479989 0.479982 0.479980 0.479986 0.479604 0.479994 0.479537 0.479994 0.479991 0.479991 0.479985 0.479990 0.479994 0.479543 0.479989 0.479986 0.479986 0.479995 0.479421 0.478294 0.475914 0.467518 0.472001 0.479817 0.479920 0.479935 0.479962 0.479981 0.479979 0.479994 0.477017 0.479690 0.479682 -9999.0
-9999.0 0.479971 0.479975 0.479968 0.479970 0.479969 0.479963 0.394438 0.329051 0.209529 0.479961 0.479928 0.477881 0.479950 0.479929 0.479963 0.465088 0.479968 0.479941 0.479983 0.479993 0.479915 0.479979 0.479108 0.472775 0.479987 0.479934 0.479947 0.479987 0.479991 0.479992 0.479995 0.479993 0.473008 0.479989 0.476631 0.474302 0.479949 0.479979 0.479981 0.479989 0.475697 0.477377 0.479502 0.479995 0.479987 0.479980 0.479967 0.479979 0.479974 0.479782 0.479921 0.479961 0.479985 0.479985 0.479957 0.479931 0.479924 0.479904 0.479643 0.478718 0.478843 -9999.0
-9999.0 0.409973 0.479976 0.479975 0.479817 0.479975 0.479982 0.465492 0.290022 0.348374 0.479976 0.479964 0.478811 0.479787 0.477399 0.451696 0.479976 0.324467 0.479973 0.477870 0.479919 0.479985 0.479803 0.479978 0.447858 0.202179 0.478479 0.476219 0.477832 0.478952 0.479468 0.479862 0.479985 0.479982 0.479974 0.479955 0.163760 0.001167 0.479057 0.479751 0.479899 0.479923 0.479978 0.479844 0.479685 0.479287 0.436596 0.437703 0.478888 0.479080 0.479965 0.479994 0.479936 0.478337 0.479986 0.479900 0.479950 0.479781 0.479898 0.478370 0.478140 -9999.0 -9999.0
-9999.0 0.208893 0.479986 0.471198 0.479995 0.479796 0.479808 0.479971 0.479971 0.479969 0.479929 0.479989 0.479986 0.479894 0.479918 0.462041 0.479952 0.479954 0.467053 0.479188 0.479961 0.478385 0.479956 0.479984 0.479990 0.479312 0.479168 0.479248 0.479311 0.479370 0.479385 0.478033 0.477985 0.479979 0.478098 0.477736 0.463168 0.459572 0.425129 0.410036 0.404415 0.180949 0.438191 0.443351 0.465583 0.470724 0.479244 0.479949 0.479965 0.479970 0.478000 0.479966 0.478208 0.479912 0.479914 0.479715 0.479619 0.479477 0.479305 -9999.0 -9999.0 -9999.0 -9999.0
