user2019/resources/simulation/Vinschgau/output-maps/thetaliqL0007N1151.asc
ncols         63
nrows         48
xllcorner     598000.000000
yllcorner     5145000.000000
cellsize      1000.000000
NODATA_value  -9999.0
[rows 0 to 28 of 48, columns 0 to 62 of 63]
-9999.0 -9999.0 -9999.0 -9999.0 -9999.0 -9999.0 -9999.0 -9999.0 -9999.0 -9999.0 -9999.0 -9999.0 -9999.0 -9999.0 -9999.0 -9999.0 -9999.0 -9999.0 -9999.0 -9999.0 -9999.0 -9999.0 -9999.0 -9999.0 -9999.0 -9999.0 -9999.0 -9999.0 -9999.0 -9999.0 -9999.0 -9999.0 -9999.0 -9999.0 -9999.0 -9999.0 -9999.0 -9999.0 -9999.0 -9999.0 -9999.0 -9999.0 -9999.0 -9999.0 -9999.0 -9999.0 -9999.0 -9999.0 -9999.0 -9999.0 -9999.0 -9999.0 -9999.0 -9999.0 -9999.0 -9999.0 -9999.0 -9999.0 -9999.0 -9999.0 -9999.0 -9999.0 -9999.0
-9999.0 -9999.0 -9999.0 -9999.0 -9999.0 -9999.0 -9999.0 -9999.0 -9999.0 -9999.0 -9999.0 -9999.0 -9999.0 -9999.0 -9999.0 -9999.0 -9999.0 -9999.0 -9999.0 -9999.0 -9999.0 -9999.0 -9999.0 -9999.0 -9999.0 -9999.0 -9999.0 0.051198 0.023494 0.051290 0.021129 0.021414 0.020241 -9999.0 -9999.0 -9999.0 -9999.0 -9999.0 -9999.0 -9999.0 -9999.0 -9999.0 -9999.0 -9999.0 -9999.0 -9999.0 -9999.0 -9999.0 -9999.0 -9999.0 -9999.0 -9999.0 -9999.0 -9999.0 -9999.0 -9999.0 -9999.0 -9999.0 -9999.0 -9999.0 -9999.0 -9999.0 -9999.0
-9999.0 -9999.0 -9999.0 -9999.0 -9999.0 -9999.0 -9999.0 -9999.0 -9999.0 -9999.0 -9999.0 -9999.0 -9999.0 -9999.0 -9999.0 -9999.0 -9999.0 -9999.0 -9999.0 -9999.0 -9999.0 -9999.0 -9999.0 -9999.0 0.024343 0.024923 0.024876 0.024841 0.023003 0.022743 0.022044 -9999.0 -9999.0 -9999.0 -9999.0 -9999.0 -9999.0 -9999.0 -9999.0 -9999.0 -9999.0 -9999.0 -9999.0 -9999.0 -9999.0 -9999.0 -9999.0 -9999.0 -9999.0 -9999.0 -9999.0 -9999.0 -9999.0 -9999.0 -9999.0 -9999.0 -9999.0 -9999.0 -9999.0 -9999.0 -9999.0 -9999.0 -9999.0
-9999.0 -9999.0 -9999.0 -9999.0 -9999.0 -9999.0 -9999.0 -9999.0 -9999.0 -9999.0 -9999.0 -9999.0 -9999.0 -9999.0 -9999.0 -9999.0 -9999.0 -9999.0 -9999.0 -9999.0 -9999.0 -9999.0 -9999.0 0.025467 0.062312 0.246583 0.045613 0.020517 0.020580 0.060622 0.022347 0.021147 -9999.0 -9999.0 -9999.0 -9999.0 -9999.0 -9999.0 -9999.0 -9999.0 -9999.0 -9999.0 -9999.0 -9999.0 -9999.0 -9999.0 -9999.0 -9999.0 -9999.0 -9999.0 -9999.0 -9999.0 -9999.0 -9999.0 -9999.0 -9999.0 -9999.0 -9999.0 -9999.0 -9999.0 -9999.0 -9999.0 -9999.0
-9999.0 -9999.0 -9999.0 -9999.0 -9999.0 -9999.0 -9999.0 -9999.0 -9999.0 -9999.0 -9999.0 -9999.0 -9999.0 -9999.0 -9999.0 -9999.0 -9999.0 -9999.0 0.392897 0.110088 -9999.0 0.030780 0.090489 0.020580 0.058335 0.020565 0.390094 0.389542 0.410447 0.062769 0.025162 0.022223 0.022616 0.022232 -9999.0 -9999.0 -9999.0 -9999.0 -9999.0 -9999.0 -9999.0 -9999.0 -9999.0 -9999.0 -9999.0 -9999.0 -9999.0 -9999.0 -9999.0 -9999.0 -9999.0 -9999.0 -9999.0 -9999.0 -9999.0 -9999.0 -9999.0 -9999.0 -9999.0 -9999.0 -9999.0 -9999.0 -9999.0
-9999.0 -9999.0 -9999.0 -9999.0 -9999.0 -9999.0 -9999.0 -9999.0 -9999.0 -9999.0 -9999.0 -9999.0 -9999.0 -9999.0 -9999.0 -9999.0 -9999.0 0.165035 0.023045 0.020539 0.051143 0.352310 0.066397 0.020859 0.376174 0.067104 0.021317 0.082066 0.033562 0.425005 0.139719 0.025560 0.051358 0.051384 0.022351 0.021934 -9999.0 -9999.0 -9999.0 -9999.0 -9999.0 -9999.0 -9999.0 -9999.0 -9999.0 -9999.0 -9999.0 -9999.0 -9999.0 -9999.0 -9999.0 -9999.0 -9999.0 -9999.0 -9999.0 -9999.0 -9999.0 -9999.0 -9999.0 -9999.0 -9999.0 -9999.0 -9999.0
-9999.0 -9999.0 -9999.0 -9999.0 -9999.0 -9999.0 -9999.0 -9999.0 -9999.0 -9999.0 -9999.0 -9999.0 -9999.0 0.135081 0.084073 0.207163 0.143193 0.049998 0.169085 0.020585 0.056752 0.058836 0.020628 0.138593 0.084939 0.105965 0.020936 0.020336 0.022034 0.073269 0.020305 0.023799 0.022680 0.021028 0.021302 0.021458 -9999.0 -9999.0 -9999.0 -9999.0 -9999.0 -9999.0 -9999.0 -9999.0 -9999.0 -9999.0 -9999.0 -9999.0 -9999.0 -9999.0 -9999.0 -9999.0 -9999.0 -9999.0 -9999.0 -9999.0 -9999.0 -9999.0 -9999.0 -9999.0 -9999.0 -9999.0 -9999.0
-9999.0 -9999.0 -9999.0 -9999.0 -9999.0 -9999.0 -9999.0 -9999.0 -9999.0 -9999.0 -9999.0 -9999.0 -9999.0 0.182647 0.055500 0.179095 0.153842 0.323512 0.050018 0.034932 0.020125 0.051181 0.045734 0.072197 0.085722 0.020892 0.024492 0.051781 0.048138 0.020389 0.020203 0.022892 0.025101 0.020032 0.021627 -9999.0 -9999.0 -9999.0 -9999.0 -9999.0 -9999.0 -9999.0 -9999.0 -9999.0 -9999.0 -9999.0 -9999.0 -9999.0 -9999.0 -9999.0 -9999.0 -9999.0 -9999.0 -9999.0 -9999.0 -9999.0 -9999.0 -9999.0 -9999.0 -9999.0 -9999.0 -9999.0 -9999.0
-9999.0 -9999.0 -9999.0 -9999.0 -9999.0 -9999.0 -9999.0 -9999.0 -9999.0 -9999.0 -9999.0 -9999.0 -9999.0 0.042385 0.200000 0.214176 0.175611 0.162697 0.050031 0.156252 0.166348 0.020684 0.067077 0.067563 0.091287 0.095371 0.051231 0.036831 0.021753 0.020035 0.022320 0.020030 0.020030 0.020021 0.021258 -9999.0 -9999.0 -9999.0 -9999.0 -9999.0 -9999.0 -9999.0 -9999.0 -9999.0 -9999.0 -9999.0 -9999.0 -9999.0 -9999.0 -9999.0 -9999.0 -9999.0 -9999.0 -9999.0 -9999.0 -9999.0 -9999.0 -9999.0 -9999.0 -9999.0 -9999.0 -9999.0 -9999.0
-9999.0 -9999.0 -9999.0 -9999.0 -9999.0 -9999.0 -9999.0 -9999.0 -9999.0 -9999.0 -9999.0 -9999.0 0.020590 0.200000 0.059801 0.093321 0.266416 0.201054 0.304677 0.020508 0.058072 0.067158 0.020858 0.024726 0.040238 0.024262 0.020084 0.022333 0.020932 0.022353 0.020032 0.022489 0.020798 0.021503 -9999.0 -9999.0 -9999.0 -9999.0 -9999.0 -9999.0 -9999.0 -9999.0 -9999.0 -9999.0 -9999.0 -9999.0 -9999.0 -9999.0 -9999.0 -9999.0 -9999.0 -9999.0 -9999.0 -9999.0 -9999.0 -9999.0 -9999.0 -9999.0 -9999.0 -9999.0 -9999.0 -9999.0 -9999.0
-9999.0 -9999.0 -9999.0 -9999.0 -9999.0 -9999.0 -9999.0 -9999.0 -9999.0 -9999.0 -9999.0 0.187452 0.112634 0.430000 0.071161 0.178884 0.020496 0.195300 0.359995 0.020454 0.020132 0.372661 0.142689 0.025477 0.020492 0.023018 0.022276 0.022391 0.021338 0.021575 0.022471 0.022681 0.043377 0.022271 0.022330 0.051380 0.022148 0.023103 0.021155 -9999.0 -9999.0 -9999.0 0.022154 -9999.0 -9999.0 -9999.0 -9999.0 -9999.0 -9999.0 -9999.0 -9999.0 -9999.0 -9999.0 -9999.0 -9999.0 -9999.0 -9999.0 -9999.0 -9999.0 -9999.0 -9999.0 -9999.0 -9999.0
-9999.0 -9999.0 -9999.0 -9999.0 -9999.0 -9999.0 -9999.0 -9999.0 -9999.0 -9999.0 -9999.0 0.185503 0.094142 0.020474 0.050166 0.117656 0.022281 0.021362 0.321881 0.321175 0.172465 0.156262 0.062739 0.020093 0.020058 0.023222 0.023188 0.022684 0.051286 0.022163 0.022378 0.023028 0.021810 0.020313 0.021182 0.022340 0.023390 0.052978 0.030313 0.022632 0.024315 0.022164 0.021988 0.025958 -9999.0 -9999.0 -9999.0 0.040344 0.020289 0.021077 0.020409 0.020282 0.020294 0.040162 0.040148 0.020264 -9999.0 -9999.0 -9999.0 -9999.0 -9999.0 -9999.0 -9999.0
-9999.0 -9999.0 -9999.0 -9999.0 -9999.0 -9999.0 -9999.0 -9999.0 -9999.0 -9999.0 -9999.0 0.193034 0.181517 0.021022 0.407478 0.147505 0.127962 0.029063 0.160435 0.308231 0.311227 0.021983 0.020484 0.024729 0.023549 0.051263 0.020112 0.020066 0.051771 0.021329 0.046853 0.020055 0.022993 0.021016 0.023883 0.022482 0.020080 0.020101 0.052249 0.051338 0.022578 0.022063 0.022134 0.022518 0.020482 -9999.0 0.020941 0.020301 0.021304 0.022414 0.023844 0.051237 0.022656 0.022053 0.020677 0.020561 -9999.0 -9999.0 -9999.0 -9999.0 -9999.0 -9999.0 -9999.0
-9999.0 -9999.0 -9999.0 -9999.0 -9999.0 -9999.0 -9999.0 -9999.0 -9999.0 -9999.0 -9999.0 -9999.0 0.190094 0.050861 0.183844 0.183113 0.068470 0.032182 0.334432 0.315425 0.052481 0.021520 0.020528 0.020227 0.020101 0.020149 0.028963 0.026028 0.021774 0.028555 0.022876 0.020060 0.024539 0.021114 0.020623 0.022055 0.020081 0.020110 0.074878 0.051121 0.063242 0.051154 0.020118 0.024970 0.042436 0.020514 0.021225 0.020747 0.020045 0.020176 0.141290 0.020062 0.040027 0.040020 0.020041 0.020703 0.020759 -9999.0 -9999.0 -9999.0 -9999.0 -9999.0 -9999.0
-9999.0 -9999.0 -9999.0 -9999.0 -9999.0 -9999.0 -9999.0 -9999.0 -9999.0 -9999.0 -9999.0 0.040530 0.078017 0.088515 0.021823 0.112232 0.131623 0.059504 0.166612 0.256228 0.047459 0.076441 0.062307 0.020352 0.020324 0.020121 0.040220 0.022580 0.022328 0.051333 0.020102 0.020089 0.024853 0.021356 0.020999 0.021261 0.023643 0.020332 0.162843 0.052332 0.021023 0.025393 0.020434 0.021146 0.142280 0.022544 0.021564 0.051287 0.051206 0.021135 0.020079 0.022523 0.020038 0.020039 0.020034 0.020028 0.022071 -9999.0 -9999.0 -9999.0 -9999.0 -9999.0 -9999.0
-9999.0 -9999.0 -9999.0 -9999.0 -9999.0 -9999.0 -9999.0 -9999.0 -9999.0 -9999.0 0.087284 0.020384 0.086610 0.125831 0.187278 0.024976 0.024700 0.072242 0.202050 0.262012 0.354319 0.406478 0.020349 0.188339 0.081296 0.040116 0.020099 0.020052 0.044081 0.079941 0.020132 0.020122 0.031226 0.021776 0.021594 0.049335 0.024501 0.020175 0.020503 0.097576 0.022540 0.021039 0.050382 0.421590 0.024824 0.051209 0.024370 0.020383 0.020314 0.121646 0.020038 0.020748 0.020031 0.020028 0.020027 0.022169 0.021381 -9999.0 -9999.0 -9999.0 -9999.0 -9999.0 -9999.0
-9999.0 -9999.0 -9999.0 -9999.0 -9999.0 -9999.0 -9999.0 -9999.0 -9999.0 0.023466 0.051987 0.041533 0.021254 0.021039 0.040446 0.020719 0.024782 0.182589 0.029198 0.241390 0.338706 0.050763 0.021601 0.090012 0.403183 0.020137 0.020119 0.114360 0.020849 0.023476 0.130891 0.020115 0.051776 0.020198 0.024361 0.048052 0.023912 0.020098 0.020117 0.020364 0.020168 0.020352 0.020403 0.055415 0.022765 0.022069 0.158270 0.020735 0.020769 0.427252 0.020097 0.021779 0.020026 0.020127 0.020204 0.020047 0.020045 0.022871 0.020329 -9999.0 -9999.0 -9999.0 -9999.0
-9999.0 -9999.0 -9999.0 -9999.0 -9999.0 -9999.0 -9999.0 -9999.0 -9999.0 0.024014 0.023939 0.119723 0.200000 0.113126 0.024382 0.020952 0.188150 0.124246 0.024956 0.299455 0.314505 0.113432 0.399994 0.186790 0.020215 0.020252 0.020510 0.109528 0.145399 0.428663 0.076706 0.020089 0.022684 0.021438 0.021186 0.046002 0.051265 0.051199 0.023795 0.026995 0.040032 0.020166 0.021701 0.135743 0.322518 0.381952 0.105443 0.021651 0.021868 0.126881 0.020057 0.020038 0.020108 0.020085 0.020091 0.040012 0.020066 0.020053 0.051225 -9999.0 -9999.0 -9999.0 -9999.0
-9999.0 -9999.0 -9999.0 -9999.0 -9999.0 -9999.0 -9999.0 -9999.0 -9999.0 -9999.0 0.022861 0.024899 0.021995 0.040822 0.022060 0.024864 0.118491 0.112315 0.022987 0.261564 0.325440 0.020356 0.089429 0.020430 0.020376 0.024794 0.125914 0.179361 0.078752 0.020121 0.020094 0.040035 0.020067 0.021544 0.021962 0.024584 0.036511 0.025248 0.051236 0.022397 0.022905 0.028760 0.200000 0.024725 0.029026 0.085874 0.024100 0.393920 0.020967 0.022254 0.020098 0.020047 0.020172 0.020103 0.020086 0.020277 0.021179 0.020162 0.020227 0.085732 -9999.0 -9999.0 -9999.0
-9999.0 -9999.0 -9999.0 -9999.0 -9999.0 -9999.0 -9999.0 -9999.0 -9999.0 -9999.0 0.021313 0.023836 0.030235 0.024738 0.430000 0.059223 0.066983 0.234765 0.188590 0.181053 0.170846 0.039482 0.076161 0.022896 0.031633 0.154081 0.424186 0.083123 0.020163 0.020077 0.023323 0.022823 0.020042 0.021517 0.023200 0.024928 0.020178 0.020317 0.020091 0.022230 0.022156 0.051105 0.020380 0.060067 0.130871 0.020223 0.133099 0.028821 0.021586 0.042925 0.020571 0.020101 0.020056 0.020275 0.020074 0.020105 0.020472 0.020516 0.169213 0.430000 -9999.0 -9999.0 -9999.0
-9999.0 -9999.0 -9999.0 -9999.0 -9999.0 -9999.0 -9999.0 -9999.0 0.022833 0.022732 0.022067 0.022466 0.020075 0.020377 0.022932 0.355488 0.029749 0.114603 0.254887 0.162779 0.146270 0.022413 0.024128 0.035101 0.093016 0.406308 0.419293 0.020331 0.020102 0.020081 0.020035 0.022796 0.022742 0.021785 0.021531 0.024189 0.144225 0.020430 0.020068 0.051257 0.051609 0.025045 0.020082 0.051695 0.051074 0.075727 0.020074 0.020883 0.027930 0.415928 0.070885 0.020070 0.020043 0.020034 0.020125 0.020908 0.032509 0.100175 0.025397 0.088220 -9999.0 -9999.0 -9999.0
-9999.0 -9999.0 -9999.0 -9999.0 -9999.0 -9999.0 -9999.0 -9999.0 0.020064 0.020062 0.020107 0.022230 0.024073 0.020106 0.020269 0.085277 0.051873 0.038032 0.020118 0.161326 0.312816 0.275446 0.250279 0.117422 0.025075 0.274382 0.407073 0.020600 0.020055 0.022235 0.021186 0.051249 0.022626 0.051216 0.023110 0.025668 0.172269 0.024928 0.020614 0.025398 0.023057 0.020049 0.051694 0.036825 0.025740 0.020101 0.020065 0.025046 0.021232 0.086388 0.132878 0.024242 0.020038 0.020589 0.023526 0.020094 0.020409 0.022817 0.026987 0.338478 0.179296 -9999.0 -9999.0
-9999.0 -9999.0 -9999.0 -9999.0 -9999.0 -9999.0 -9999.0 -9999.0 0.023174 0.024188 0.022246 0.020068 0.022169 0.020091 0.020650 0.020338 0.055829 0.060981 0.021510 0.306885 0.160182 0.259202 0.239307 0.182977 0.282028 0.041651 0.095259 0.020173 0.020036 0.023022 0.051209 0.024812 0.020095 0.020099 0.048770 0.177118 0.022187 0.061753 0.022999 0.020296 0.024386 0.051208 0.024595 0.023439 0.020100 0.024140 0.048511 0.023050 0.020111 0.033059 0.372416 0.081348 0.020070 0.020041 0.020179 0.020587 0.197299 0.170696 0.037092 0.338040 0.294122 -9999.0 -9999.0
-9999.0 -9999.0 -9999.0 -9999.0 -9999.0 -9999.0 -9999.0 -9999.0 0.021242 0.024839 0.040049 0.020041 0.023871 0.040062 0.020127 0.084738 0.020129 0.021980 0.311492 0.155757 0.169830 0.181423 0.264908 0.241374 0.203630 0.064572 0.083839 0.020092 0.034266 0.020254 0.020537 0.020297 0.020739 0.021027 0.021309 0.119325 0.135345 0.036681 0.033727 0.022685 0.109968 0.111993 0.087485 0.051091 0.023780 0.051155 0.053203 0.051215 0.024207 0.020507 0.092244 0.086957 0.089708 0.040210 0.181788 0.200000 0.088061 0.312650 0.269506 0.299439 0.298926 0.292101 -9999.0
-9999.0 -9999.0 -9999.0 -9999.0 -9999.0 -9999.0 -9999.0 -9999.0 0.020249 0.022424 0.040054 0.020122 0.020298 0.020371 0.196398 0.393853 0.395297 0.049728 0.066486 0.036799 0.171108 0.209996 0.181842 0.173576 0.115541 0.059311 0.020208 0.030542 0.118441 0.023290 0.020377 0.132774 0.065825 0.164053 0.022934 0.022043 0.021014 0.023348 0.020220 0.170155 0.023643 0.021249 0.022390 0.021234 0.020631 0.140834 0.021829 0.020306 0.022107 0.023117 0.023762 0.059085 0.081020 0.114575 0.200000 0.430000 0.397955 0.346565 0.323992 0.035027 0.044347 0.303755 -9999.0
-9999.0 -9999.0 0.024877 0.023960 0.020054 0.020096 0.020063 0.020043 0.021442 0.021877 0.020068 0.040546 0.021264 0.025612 0.193512 0.430000 0.030170 0.020173 0.021254 0.080019 0.035842 0.197018 0.298417 0.147286 0.194940 0.041349 0.059802 0.065326 0.058330 0.193333 0.082754 0.079546 0.382278 0.048721 0.120725 0.029344 0.090542 0.021143 0.020118 0.020296 0.020676 0.020761 0.020463 0.068410 0.026227 0.022661 0.161516 0.373424 0.021297 0.086722 0.070812 0.308944 0.382396 0.402004 0.421489 0.414315 0.392676 0.349140 0.063047 0.058475 0.372365 0.321478 -9999.0
-9999.0 0.020432 0.020276 0.020105 0.020180 0.020100 0.020155 0.020096 0.020059 0.021811 0.020101 0.020295 0.423065 0.430000 0.430000 0.020477 0.020125 0.020099 0.040257 0.080419 0.037719 0.032854 0.382320 0.274490 0.220886 0.197884 0.262840 0.288169 0.080674 0.319966 0.053628 0.073619 0.136359 0.312112 0.077139 0.208928 0.046054 0.020470 0.204178 0.182639 0.064154 0.086507 0.021595 0.024978 0.030075 0.027075 0.296058 0.022615 0.053271 0.256239 0.308008 0.354659 0.393074 0.420235 0.419842 0.430000 0.420975 0.409219 0.430000 0.425669 0.399983 0.326300 -9999.0
-9999.0 0.178501 0.021570 0.021049 0.199413 0.020309 0.020068 0.020072 0.021579 0.021559 0.020117 0.020168 0.089417 0.430000 0.021620 0.020048 0.020106 0.020105 0.020226 0.046622 0.430000 0.344430 0.297130 0.382234 0.370411 0.311528 0.116409 0.190144 0.256886 0.021544 0.021006 0.021193 0.260197 0.270958 0.289068 0.217711 0.296204 0.284658 0.153658 0.172505 0.182776 0.239106 0.073107 0.143460 0.106680 0.020741 0.249593 0.251066 0.263739 0.284319 0.317710 0.327933 0.396971 0.430000 0.159375 0.377338 0.020437 0.356587 0.091273 0.271598 0.394395 -9999.0 -9999.0
-9999.0 0.085916 0.020275 0.020563 0.147973 0.259445 0.243580 0.020114 0.020097 0.020090 0.020109 0.091988 0.183780 0.430000 0.020128 0.020042 0.020076 0.020057 0.020118 0.020550 0.021864 0.094435 0.269486 0.390803 0.384060 0.306591 0.293936 0.285668 0.176611 0.249422 0.157353 0.153879 0.249281 0.243144 0.223985 0.201656 0.196501 0.282536 0.189254 0.187178 0.189599 0.293290 0.207183 0.153459 0.152799 0.234689 0.243176 0.270386 0.297862 0.251168 0.084889 0.425907 0.388359 0.139727 0.182897 0.040117 0.040110 0.040068 0.040080 -9999.0 -9999.0 -9999.0 -9999.0
