user2019/resources/simulation/Vinschgau/output-maps/thetaliqL0001N1401.asc
ncols         63
nrows         48
xllcorner     598000.000000
yllcorner     5145000.000000
cellsize      1000.000000
NODATA_value  -9999.0
[rows 0 to 28 of 48, columns 0 to 62 of 63]
-9999.0 -9999.0 -9999.0 -9999.0 -9999.0 -9999.0 -9999.0 -9999.0 -9999.0 -9999.0 -9999.0 -9999.0 -9999.0 -9999.0 -9999.0 -9999.0 -9999.0 -9999.0 -9999.0 -9999.0 -9999.0 -9999.0 -9999.0 -9999.0 -9999.0 -9999.0 -9999.0 -9999.0 -9999.0 -9999.0 -9999.0 -9999.0 -9999.0 -9999.0 -9999.0 -9999.0 -9999.0 -9999.0 -9999.0 -9999.0 -9999.0 -9999.0 -9999.0 -9999.0 -9999.0 -9999.0 -9999.0 -9999.0 -9999.0 -9999.0 -9999.0 -9999.0 -9999.0 -9999.0 -9999.0 -9999.0 -9999.0 -9999.0 -9999.0 -9999.0 -9999.0 -9999.0 -9999.0
-9999.0 -9999.0 -9999.0 -9999.0 -9999.0 -9999.0 -9999.0 -9999.0 -9999.0 -9999.0 -9999.0 -9999.0 -9999.0 -9999.0 -9999.0 -9999.0 -9999.0 -9999.0 -9999.0 -9999.0 -9999.0 -9999.0 -9999.0 -9999.0 -9999.0 -9999.0 -9999.0 0.020107 0.040314 0.020149 0.040737 0.040126 0.040000 -9999.0 -9999.0 -9999.0 -9999.0 -9999.0 -9999.0 -9999.0 -9999.0 -9999.0 -9999.0 -9999.0 -9999.0 -9999.0 -9999.0 -9999.0 -9999.0 -9999.0 -9999.0 -9999.0 -9999.0 -9999.0 -9999.0 -9999.0 -9999.0 -9999.0 -9999.0 -9999.0 -9999.0 -9999.0 -9999.0
-9999.0 -9999.0 -9999.0 -9999.0 -9999.0 -9999.0 -9999.0 -9999.0 -9999.0 -9999.0 -9999.0 -9999.0 -9999.0 -9999.0 -9999.0 -9999.0 -9999.0 -9999.0 -9999.0 -9999.0 -9999.0 -9999.0 -9999.0 -9999.0 0.041489 0.042005 0.045665 0.041518 0.047594 0.042201 0.040789 -9999.0 -9999.0 -9999.0 -9999.0 -9999.0 -9999.0 -9999.0 -9999.0 -9999.0 -9999.0 -9999.0 -9999.0 -9999.0 -9999.0 -9999.0 -9999.0 -9999.0 -9999.0 -9999.0 -9999.0 -9999.0 -9999.0 -9999.0 -9999.0 -9999.0 -9999.0 -9999.0 -9999.0 -9999.0 -9999.0 -9999.0 -9999.0
-9999.0 -9999.0 -9999.0 -9999.0 -9999.0 -9999.0 -9999.0 -9999.0 -9999.0 -9999.0 -9999.0 -9999.0 -9999.0 -9999.0 -9999.0 -9999.0 -9999.0 -9999.0 -9999.0 -9999.0 -9999.0 -9999.0 -9999.0 0.042488 0.047131 0.068396 0.067963 0.067231 0.067249 0.040545 0.040741 0.040163 -9999.0 -9999.0 -9999.0 -9999.0 -9999.0 -9999.0 -9999.0 -9999.0 -9999.0 -9999.0 -9999.0 -9999.0 -9999.0 -9999.0 -9999.0 -9999.0 -9999.0 -9999.0 -9999.0 -9999.0 -9999.0 -9999.0 -9999.0 -9999.0 -9999.0 -9999.0 -9999.0 -9999.0 -9999.0 -9999.0 -9999.0
-9999.0 -9999.0 -9999.0 -9999.0 -9999.0 -9999.0 -9999.0 -9999.0 -9999.0 -9999.0 -9999.0 -9999.0 -9999.0 -9999.0 -9999.0 -9999.0 -9999.0 -9999.0 0.074093 0.042485 -9999.0 0.044768 0.044374 0.068969 0.069941 0.069322 0.078333 0.071713 0.072874 0.073874 0.040869 0.040841 0.020077 0.020059 -9999.0 -9999.0 -9999.0 -9999.0 -9999.0 -9999.0 -9999.0 -9999.0 -9999.0 -9999.0 -9999.0 -9999.0 -9999.0 -9999.0 -9999.0 -9999.0 -9999.0 -9999.0 -9999.0 -9999.0 -9999.0 -9999.0 -9999.0 -9999.0 -9999.0 -9999.0 -9999.0 -9999.0 -9999.0
-9999.0 -9999.0 -9999.0 -9999.0 -9999.0 -9999.0 -9999.0 -9999.0 -9999.0 -9999.0 -9999.0 -9999.0 -9999.0 -9999.0 -9999.0 -9999.0 -9999.0 0.068063 0.069158 0.022644 0.020171 0.061642 0.074922 0.071829 0.071907 0.076046 0.047225 0.073204 0.054761 0.074724 0.058027 0.040801 0.020156 0.020096 0.020069 0.020059 -9999.0 -9999.0 -9999.0 -9999.0 -9999.0 -9999.0 -9999.0 -9999.0 -9999.0 -9999.0 -9999.0 -9999.0 -9999.0 -9999.0 -9999.0 -9999.0 -9999.0 -9999.0 -9999.0 -9999.0 -9999.0 -9999.0 -9999.0 -9999.0 -9999.0 -9999.0 -9999.0
-9999.0 -9999.0 -9999.0 -9999.0 -9999.0 -9999.0 -9999.0 -9999.0 -9999.0 -9999.0 -9999.0 -9999.0 -9999.0 0.040427 0.072754 0.070795 0.068862 0.022628 0.068805 0.070844 0.070980 0.071389 0.070670 0.070876 0.066822 0.045590 0.020173 0.042527 0.042119 0.084924 0.040130 0.076730 0.040900 0.040731 0.020139 0.020058 -9999.0 -9999.0 -9999.0 -9999.0 -9999.0 -9999.0 -9999.0 -9999.0 -9999.0 -9999.0 -9999.0 -9999.0 -9999.0 -9999.0 -9999.0 -9999.0 -9999.0 -9999.0 -9999.0 -9999.0 -9999.0 -9999.0 -9999.0 -9999.0 -9999.0 -9999.0 -9999.0
-9999.0 -9999.0 -9999.0 -9999.0 -9999.0 -9999.0 -9999.0 -9999.0 -9999.0 -9999.0 -9999.0 -9999.0 -9999.0 0.042377 0.069808 0.068926 0.069177 0.068097 0.022622 0.070935 0.069466 0.068977 0.070815 0.072556 0.072004 0.071906 0.040293 0.020146 0.020105 0.040495 0.056727 0.040843 0.020080 0.020061 0.020065 -9999.0 -9999.0 -9999.0 -9999.0 -9999.0 -9999.0 -9999.0 -9999.0 -9999.0 -9999.0 -9999.0 -9999.0 -9999.0 -9999.0 -9999.0 -9999.0 -9999.0 -9999.0 -9999.0 -9999.0 -9999.0 -9999.0 -9999.0 -9999.0 -9999.0 -9999.0 -9999.0 -9999.0
-9999.0 -9999.0 -9999.0 -9999.0 -9999.0 -9999.0 -9999.0 -9999.0 -9999.0 -9999.0 -9999.0 -9999.0 -9999.0 0.069523 0.520000 0.068802 0.069448 0.069634 0.022613 0.068885 0.068378 0.022829 0.075603 0.049247 0.071076 0.071180 0.020256 0.020086 0.040163 0.020070 0.040671 0.020056 0.020057 0.020015 0.020055 -9999.0 -9999.0 -9999.0 -9999.0 -9999.0 -9999.0 -9999.0 -9999.0 -9999.0 -9999.0 -9999.0 -9999.0 -9999.0 -9999.0 -9999.0 -9999.0 -9999.0 -9999.0 -9999.0 -9999.0 -9999.0 -9999.0 -9999.0 -9999.0 -9999.0 -9999.0 -9999.0 -9999.0
-9999.0 -9999.0 -9999.0 -9999.0 -9999.0 -9999.0 -9999.0 -9999.0 -9999.0 -9999.0 -9999.0 -9999.0 0.070990 0.520000 0.069633 0.071947 0.072562 0.070340 0.066525 0.022670 0.071610 0.048307 0.067919 0.043230 0.040126 0.040288 0.040051 0.040531 0.041077 0.020076 0.040084 0.020074 0.040135 0.020053 -9999.0 -9999.0 -9999.0 -9999.0 -9999.0 -9999.0 -9999.0 -9999.0 -9999.0 -9999.0 -9999.0 -9999.0 -9999.0 -9999.0 -9999.0 -9999.0 -9999.0 -9999.0 -9999.0 -9999.0 -9999.0 -9999.0 -9999.0 -9999.0 -9999.0 -9999.0 -9999.0 -9999.0 -9999.0
-9999.0 -9999.0 -9999.0 -9999.0 -9999.0 -9999.0 -9999.0 -9999.0 -9999.0 -9999.0 -9999.0 0.040541 0.069574 0.303931 0.069266 0.069566 0.022650 0.069328 0.068846 0.022521 0.070482 0.071240 0.040277 0.040524 0.085270 0.041154 0.040167 0.040693 0.040000 0.020061 0.020072 0.041253 0.020136 0.020065 0.020070 0.020137 0.040172 0.040191 0.040181 -9999.0 -9999.0 -9999.0 0.020061 -9999.0 -9999.0 -9999.0 -9999.0 -9999.0 -9999.0 -9999.0 -9999.0 -9999.0 -9999.0 -9999.0 -9999.0 -9999.0 -9999.0 -9999.0 -9999.0 -9999.0 -9999.0 -9999.0 -9999.0
-9999.0 -9999.0 -9999.0 -9999.0 -9999.0 -9999.0 -9999.0 -9999.0 -9999.0 -9999.0 -9999.0 0.040521 0.068668 0.066958 0.066892 0.040518 0.065849 0.068580 0.068417 0.068643 0.068622 0.045996 0.069536 0.040039 0.040072 0.040317 0.040412 0.041562 0.020312 0.020066 0.040900 0.046463 0.040148 0.040102 0.040092 0.040687 0.040767 0.040210 0.040195 0.020066 0.020068 0.020063 0.040735 0.020079 -9999.0 -9999.0 -9999.0 0.040072 0.040084 0.020067 0.040093 0.020054 0.020053 0.040075 0.040078 0.020050 -9999.0 -9999.0 -9999.0 -9999.0 -9999.0 -9999.0 -9999.0
-9999.0 -9999.0 -9999.0 -9999.0 -9999.0 -9999.0 -9999.0 -9999.0 -9999.0 -9999.0 -9999.0 0.040659 0.040470 0.074381 0.064685 0.053061 0.074085 0.070427 0.067136 0.068676 0.073013 0.086796 0.040094 0.041297 0.040366 0.020121 0.040077 0.040042 0.020140 0.040107 0.020103 0.040059 0.042226 0.040108 0.020078 0.041474 0.040195 0.040293 0.040239 0.020092 0.040248 0.040122 0.042149 0.040772 0.040099 -9999.0 0.020053 0.040097 0.040714 0.041305 0.040226 0.020159 0.040205 0.040963 0.040137 0.040103 -9999.0 -9999.0 -9999.0 -9999.0 -9999.0 -9999.0 -9999.0
-9999.0 -9999.0 -9999.0 -9999.0 -9999.0 -9999.0 -9999.0 -9999.0 -9999.0 -9999.0 -9999.0 -9999.0 0.040643 0.145425 0.040596 0.040767 0.075517 0.071538 0.068334 0.068737 0.071980 0.074307 0.102441 0.040227 0.040030 0.040068 0.174337 0.040212 0.040801 0.020081 0.040954 0.040077 0.040214 0.040726 0.040132 0.041132 0.040082 0.040000 0.070852 0.040141 0.040247 0.020151 0.040222 0.058853 0.020098 0.040094 0.020064 0.040103 0.040031 0.040164 0.041739 0.040088 0.040038 0.040046 0.040029 0.040834 0.040164 -9999.0 -9999.0 -9999.0 -9999.0 -9999.0 -9999.0
-9999.0 -9999.0 -9999.0 -9999.0 -9999.0 -9999.0 -9999.0 -9999.0 -9999.0 -9999.0 -9999.0 0.040178 0.041768 0.040475 0.173683 0.056329 0.074573 0.072406 0.066892 0.069672 0.071343 0.075251 0.183001 0.040073 0.040078 0.040529 0.040193 0.040672 0.040275 0.020143 0.040070 0.040182 0.041653 0.040946 0.040092 0.040724 0.040228 0.040198 0.127927 0.040438 0.040196 0.049192 0.182729 0.020311 0.040664 0.040860 0.040815 0.020134 0.020160 0.055383 0.020042 0.041010 0.040019 0.020028 0.020024 0.020027 0.020074 -9999.0 -9999.0 -9999.0 -9999.0 -9999.0 -9999.0
-9999.0 -9999.0 -9999.0 -9999.0 -9999.0 -9999.0 -9999.0 -9999.0 -9999.0 -9999.0 0.186738 0.043727 0.043267 0.041808 0.040623 0.177480 0.124351 0.069969 0.070469 0.069947 0.070743 0.079452 0.040243 0.052926 0.075317 0.040094 0.040047 0.020033 0.040189 0.040556 0.057618 0.040258 0.041560 0.040731 0.020058 0.020109 0.040573 0.040115 0.043815 0.365571 0.188571 0.198441 0.040212 0.102008 0.053863 0.020146 0.040562 0.040371 0.044265 0.066613 0.020032 0.020065 0.020023 0.020049 0.020051 0.040619 0.040928 -9999.0 -9999.0 -9999.0 -9999.0 -9999.0 -9999.0
-9999.0 -9999.0 -9999.0 -9999.0 -9999.0 -9999.0 -9999.0 -9999.0 -9999.0 0.040436 0.088483 0.047189 0.049476 0.040181 0.081316 0.089000 0.044969 0.069406 0.070149 0.069564 0.069925 0.073843 0.075177 0.076848 0.206664 0.040064 0.040027 0.041610 0.044137 0.084114 0.327987 0.040053 0.020139 0.020063 0.020066 0.020107 0.041340 0.040067 0.040093 0.050584 0.041352 0.040561 0.040335 0.080234 0.074357 0.044195 0.040718 0.040134 0.040138 0.336884 0.040049 0.020075 0.020046 0.020045 0.020053 0.040018 0.040027 0.020083 0.020057 -9999.0 -9999.0 -9999.0 -9999.0
-9999.0 -9999.0 -9999.0 -9999.0 -9999.0 -9999.0 -9999.0 -9999.0 -9999.0 0.040206 0.040359 0.040478 0.489170 0.089944 0.043351 0.040163 0.050517 0.076903 0.069196 0.068576 0.069001 0.068387 0.079538 0.212343 0.040098 0.040057 0.040221 0.068885 0.241498 0.193023 0.057670 0.040039 0.040772 0.040122 0.040661 0.020101 0.020121 0.020149 0.040410 0.041159 0.040113 0.040048 0.040460 0.164451 0.073702 0.076550 0.075306 0.078299 0.071159 0.180533 0.040024 0.040010 0.020046 0.040077 0.020072 0.040013 0.040031 0.040047 0.020144 -9999.0 -9999.0 -9999.0 -9999.0
-9999.0 -9999.0 -9999.0 -9999.0 -9999.0 -9999.0 -9999.0 -9999.0 -9999.0 -9999.0 0.040887 0.040999 0.043336 0.040227 0.077616 0.045801 0.055436 0.073745 0.068069 0.070408 0.068918 0.074146 0.057837 0.041453 0.040075 0.051786 0.317508 0.154033 0.100887 0.040056 0.040042 0.040046 0.040017 0.040380 0.041696 0.041717 0.046117 0.058684 0.020138 0.040830 0.040970 0.061843 0.412901 0.043712 0.071171 0.130197 0.073608 0.074707 0.073151 0.081806 0.040045 0.040028 0.020052 0.020047 0.040076 0.040095 0.040698 0.040088 0.079428 0.044973 -9999.0 -9999.0 -9999.0
-9999.0 -9999.0 -9999.0 -9999.0 -9999.0 -9999.0 -9999.0 -9999.0 -9999.0 -9999.0 0.040834 0.040720 0.048126 0.054486 0.211503 0.077205 0.075549 0.071477 0.067569 0.069211 0.069082 0.071044 0.052337 0.042066 0.051958 0.276601 0.172788 0.113610 0.040076 0.040019 0.040744 0.064289 0.020038 0.040120 0.040735 0.081470 0.040102 0.051156 0.040044 0.040527 0.040863 0.020301 0.040206 0.040554 0.081652 0.040784 0.068478 0.077844 0.072044 0.074276 0.294187 0.040044 0.040014 0.020056 0.020044 0.020048 0.040093 0.040119 0.335697 0.258927 -9999.0 -9999.0 -9999.0
-9999.0 -9999.0 -9999.0 -9999.0 -9999.0 -9999.0 -9999.0 -9999.0 0.041261 0.040727 0.040122 0.041200 0.040087 0.040474 0.048508 0.111384 0.070512 0.068275 0.068928 0.068867 0.066835 0.067352 0.067787 0.068843 0.072234 0.190846 0.233112 0.040147 0.040059 0.040020 0.020065 0.040762 0.040857 0.040135 0.040769 0.040324 0.040623 0.102078 0.040029 0.020105 0.020134 0.070225 0.020042 0.020136 0.020152 0.265616 0.040032 0.040277 0.109450 0.124871 0.283584 0.040173 0.040022 0.040009 0.020050 0.040134 0.020093 0.077585 0.079192 0.072907 -9999.0 -9999.0 -9999.0
-9999.0 -9999.0 -9999.0 -9999.0 -9999.0 -9999.0 -9999.0 -9999.0 0.020070 0.040081 0.040025 0.040412 0.040553 0.040069 0.040120 0.114211 0.072846 0.071420 0.067141 0.068276 0.066954 0.065276 0.064353 0.064421 0.068999 0.074922 0.261977 0.043758 0.020039 0.040593 0.040118 0.020105 0.041086 0.020106 0.041265 0.043311 0.070945 0.351648 0.041067 0.040842 0.040957 0.040201 0.020112 0.040593 0.048125 0.040125 0.020037 0.040836 0.044171 0.154091 0.261187 0.042945 0.040018 0.040106 0.040214 0.020064 0.040102 0.075372 0.076319 0.074367 0.072893 -9999.0 -9999.0
-9999.0 -9999.0 -9999.0 -9999.0 -9999.0 -9999.0 -9999.0 -9999.0 0.041008 0.040589 0.063042 0.040017 0.040837 0.020045 0.040125 0.040150 0.078927 0.072816 0.067513 0.067805 0.067812 0.065742 0.064920 0.068540 0.068358 0.071893 0.236414 0.040081 0.020034 0.040793 0.020107 0.083903 0.040041 0.040055 0.079401 0.052684 0.108510 0.134226 0.056557 0.040290 0.041053 0.020099 0.041441 0.040284 0.040065 0.041409 0.020094 0.040564 0.040035 0.064561 0.089329 0.323470 0.040030 0.040019 0.040545 0.075397 0.358338 0.083158 0.073660 0.074032 0.073542 -9999.0 -9999.0
-9999.0 -9999.0 -9999.0 -9999.0 -9999.0 -9999.0 -9999.0 -9999.0 0.020067 0.041714 0.040302 0.020035 0.040552 0.040058 0.040746 0.266428 0.070444 0.068420 0.069681 0.067397 0.068926 0.068493 0.067342 0.068823 0.071456 0.093610 0.045849 0.040041 0.045056 0.040463 0.040143 0.042669 0.117325 0.311559 0.050029 0.040361 0.072024 0.072073 0.092133 0.048954 0.040531 0.040508 0.040551 0.020151 0.040665 0.020107 0.040176 0.020153 0.040546 0.040099 0.076415 0.078883 0.289884 0.041424 0.415156 0.293953 0.078677 0.073676 0.071541 0.073729 0.074383 0.076976 -9999.0
-9999.0 -9999.0 -9999.0 -9999.0 -9999.0 -9999.0 -9999.0 -9999.0 0.040086 0.040626 0.040067 0.040057 0.040405 0.043863 0.352063 0.079529 0.089024 0.077733 0.078477 0.071221 0.068801 0.069841 0.070216 0.071468 0.070300 0.076994 0.040095 0.049809 0.122714 0.394182 0.040816 0.283982 0.074859 0.161060 0.066748 0.076103 0.074894 0.070374 0.071157 0.078732 0.076421 0.071395 0.078390 0.081328 0.040116 0.040611 0.042553 0.092104 0.041108 0.258450 0.078320 0.079475 0.081844 0.148945 0.219374 0.205426 0.084921 0.077102 0.075067 0.073473 0.072920 0.077735 -9999.0
-9999.0 -9999.0 0.040170 0.041399 0.040035 0.040050 0.040000 0.040029 0.040550 0.040739 0.040084 0.040106 0.045016 0.443365 0.077812 0.485168 0.063177 0.040082 0.040228 0.110524 0.071712 0.068441 0.071291 0.068464 0.073025 0.073689 0.073406 0.080062 0.072430 0.076817 0.059861 0.077076 0.071540 0.071845 0.073166 0.072002 0.072170 0.068739 0.069940 0.073005 0.073253 0.072497 0.070762 0.074246 0.087986 0.065499 0.082908 0.085579 0.077830 0.074622 0.074640 0.077240 0.082389 0.134100 0.182128 0.088104 0.089452 0.078442 0.075796 0.074053 0.075054 0.079767 -9999.0
-9999.0 0.040191 0.040148 0.040097 0.040055 0.040087 0.040000 0.040023 0.040015 0.040294 0.040037 0.040135 0.371377 0.222461 0.493647 0.040719 0.040078 0.040040 0.040063 0.067558 0.072273 0.069906 0.070460 0.069855 0.068849 0.072504 0.070178 0.069836 0.071344 0.073037 0.075850 0.072469 0.070909 0.068146 0.069927 0.069926 0.069161 0.066605 0.069793 0.070701 0.070437 0.069871 0.069560 0.069536 0.070846 0.070186 0.072477 0.068025 0.070508 0.069287 0.074663 0.078408 0.088745 0.182100 0.194335 0.354184 0.317545 0.289906 0.350927 0.253980 0.190417 0.080238 -9999.0
-9999.0 0.108406 0.075423 0.088409 0.152216 0.046535 0.040029 0.040018 0.040245 0.040125 0.040027 0.040080 0.239615 0.342605 0.045205 0.040030 0.040025 0.040032 0.040300 0.110040 0.237201 0.085460 0.072945 0.076311 0.072501 0.070027 0.068311 0.070100 0.069430 0.066759 0.066654 0.067004 0.069172 0.069160 0.066991 0.068253 0.066908 0.066680 0.067776 0.067995 0.067616 0.067671 0.067260 0.065760 0.065532 0.065410 0.068918 0.069188 0.070297 0.071982 0.074911 0.079215 0.240319 0.349350 0.520000 0.049676 0.067038 0.046597 0.051453 0.043117 0.052797 -9999.0 -9999.0
-9999.0 0.040229 0.093172 0.129308 0.289353 0.222448 0.186195 0.040052 0.040038 0.040041 0.040087 0.056825 0.244140 0.421259 0.040061 0.040021 0.040019 0.040053 0.040055 0.040229 0.042201 0.050888 0.090683 0.077000 0.074331 0.073111 0.071637 0.070897 0.069524 0.069452 0.068535 0.068138 0.068356 0.068147 0.067951 0.067688 0.067658 0.066652 0.067626 0.067207 0.066885 0.065761 0.066599 0.066477 0.066756 0.067456 0.068340 0.069760 0.072038 0.070825 0.088041 0.163246 0.055639 0.383220 0.041467 0.040078 0.040075 0.040053 0.040059 -9999.0 -9999.0 -9999.0 -9999.0
