user2019/resources/simulation/Vinschgau/output-maps/thetaliqL0007N0067.asc
ncols         63
nrows         48
xllcorner     598000.000000
yllcorner     5145000.000000
cellsize      1000.000000
NODATA_value  -9999.0
[rows 0 to 28 of 48, columns 0 to 62 of 63]
-9999.0 -9999.0 -9999.0 -9999.0 -9999.0 -9999.0 -9999.0 -9999.0 -9999.0 -9999.0 -9999.0 -9999.0 -9999.0 -9999.0 -9999.0 -9999.0 -9999.0 -9999.0 -9999.0 -9999.0 -9999.0 -9999.0 -9999.0 -9999.0 -9999.0 -9999.0 -9999.0 -9999.0 -9999.0 -9999.0 -9999.0 -9999.0 -9999.0 -9999.0 -9999.0 -9999.0 -9999.0 -9999.0 -9999.0 -9999.0 -9999.0 -9999.0 -9999.0 -9999.0 -9999.0 -9999.0 -9999.0 -9999.0 -9999.0 -9999.0 -9999.0 -9999.0 -9999.0 -9999.0 -9999.0 -9999.0 -9999.0 -9999.0 -9999.0 -9999.0 -9999.0 -9999.0 -9999.0
-9999.0 -9999.0 -9999.0 -9999.0 -9999.0 -9999.0 -9999.0 -9999.0 -9999.0 -9999.0 -9999.0 -9999.0 -9999.0 -9999.0 -9999.0 -9999.0 -9999.0 -9999.0 -9999.0 -9999.0 -9999.0 -9999.0 -9999.0 -9999.0 -9999.0 -9999.0 -9999.0 0.020457 0.020345 0.020295 0.020365 0.020336 0.020362 -9999.0 -9999.0 -9999.0 -9999.0 -9999.0 -9999.0 -9999.0 -9999.0 -9999.0 -9999.0 -9999.0 -9999.0 -9999.0 -9999.0 -9999.0 -9999.0 -9999.0 -9999.0 -9999.0 -9999.0 -9999.0 -9999.0 -9999.0 -9999.0 -9999.0 -9999.0 -9999.0 -9999.0 -9999.0 -9999.0
-9999.0 -9999.0 -9999.0 -9999.0 -9999.0 -9999.0 -9999.0 -9999.0 -9999.0 -9999.0 -9999.0 -9999.0 -9999.0 -9999.0 -9999.0 -9999.0 -9999.0 -9999.0 -9999.0 -9999.0 -9999.0 -9999.0 -9999.0 -9999.0 0.048662 0.039228 0.020462 0.020312 0.020939 0.020503 0.020363 -9999.0 -9999.0 -9999.0 -9999.0 -9999.0 -9999.0 -9999.0 -9999.0 -9999.0 -9999.0 -9999.0 -9999.0 -9999.0 -9999.0 -9999.0 -9999.0 -9999.0 -9999.0 -9999.0 -9999.0 -9999.0 -9999.0 -9999.0 -9999.0 -9999.0 -9999.0 -9999.0 -9999.0 -9999.0 -9999.0 -9999.0 -9999.0
-9999.0 -9999.0 -9999.0 -9999.0 -9999.0 -9999.0 -9999.0 -9999.0 -9999.0 -9999.0 -9999.0 -9999.0 -9999.0 -9999.0 -9999.0 -9999.0 -9999.0 -9999.0 -9999.0 -9999.0 -9999.0 -9999.0 -9999.0 0.047036 0.048662 0.271177 0.051155 0.041704 0.042362 0.020348 0.020256 0.020531 -9999.0 -9999.0 -9999.0 -9999.0 -9999.0 -9999.0 -9999.0 -9999.0 -9999.0 -9999.0 -9999.0 -9999.0 -9999.0 -9999.0 -9999.0 -9999.0 -9999.0 -9999.0 -9999.0 -9999.0 -9999.0 -9999.0 -9999.0 -9999.0 -9999.0 -9999.0 -9999.0 -9999.0 -9999.0 -9999.0 -9999.0
-9999.0 -9999.0 -9999.0 -9999.0 -9999.0 -9999.0 -9999.0 -9999.0 -9999.0 -9999.0 -9999.0 -9999.0 -9999.0 -9999.0 -9999.0 -9999.0 -9999.0 -9999.0 0.351376 0.051929 -9999.0 0.048500 0.048662 0.042183 0.052245 0.040609 0.227502 0.227920 0.404811 0.045068 0.020298 0.020294 0.020220 0.020197 -9999.0 -9999.0 -9999.0 -9999.0 -9999.0 -9999.0 -9999.0 -9999.0 -9999.0 -9999.0 -9999.0 -9999.0 -9999.0 -9999.0 -9999.0 -9999.0 -9999.0 -9999.0 -9999.0 -9999.0 -9999.0 -9999.0 -9999.0 -9999.0 -9999.0 -9999.0 -9999.0 -9999.0 -9999.0
-9999.0 -9999.0 -9999.0 -9999.0 -9999.0 -9999.0 -9999.0 -9999.0 -9999.0 -9999.0 -9999.0 -9999.0 -9999.0 -9999.0 -9999.0 -9999.0 -9999.0 0.243566 0.040504 0.042496 0.021781 0.200377 0.047361 0.046052 0.370418 0.022410 0.025188 0.047708 0.028963 0.208357 0.048011 0.020392 0.020308 0.020225 0.020359 0.020192 -9999.0 -9999.0 -9999.0 -9999.0 -9999.0 -9999.0 -9999.0 -9999.0 -9999.0 -9999.0 -9999.0 -9999.0 -9999.0 -9999.0 -9999.0 -9999.0 -9999.0 -9999.0 -9999.0 -9999.0 -9999.0 -9999.0 -9999.0 -9999.0 -9999.0 -9999.0 -9999.0
-9999.0 -9999.0 -9999.0 -9999.0 -9999.0 -9999.0 -9999.0 -9999.0 -9999.0 -9999.0 -9999.0 -9999.0 -9999.0 0.022163 0.048771 0.260605 0.240862 0.048664 0.248502 0.042230 0.047973 0.046358 0.040579 0.060020 0.022511 0.020901 0.020390 0.020953 0.020538 0.047959 0.047746 0.021505 0.020630 0.020336 0.020139 0.020100 -9999.0 -9999.0 -9999.0 -9999.0 -9999.0 -9999.0 -9999.0 -9999.0 -9999.0 -9999.0 -9999.0 -9999.0 -9999.0 -9999.0 -9999.0 -9999.0 -9999.0 -9999.0 -9999.0 -9999.0 -9999.0 -9999.0 -9999.0 -9999.0 -9999.0 -9999.0 -9999.0
-9999.0 -9999.0 -9999.0 -9999.0 -9999.0 -9999.0 -9999.0 -9999.0 -9999.0 -9999.0 -9999.0 -9999.0 -9999.0 0.048655 0.050484 0.246122 0.245504 0.357089 0.048663 0.046095 0.025587 0.048666 0.048232 0.045451 0.046532 0.021964 0.020356 0.020386 0.020327 0.020423 0.045556 0.020353 0.020126 0.020078 0.020084 -9999.0 -9999.0 -9999.0 -9999.0 -9999.0 -9999.0 -9999.0 -9999.0 -9999.0 -9999.0 -9999.0 -9999.0 -9999.0 -9999.0 -9999.0 -9999.0 -9999.0 -9999.0 -9999.0 -9999.0 -9999.0 -9999.0 -9999.0 -9999.0 -9999.0 -9999.0 -9999.0 -9999.0
-9999.0 -9999.0 -9999.0 -9999.0 -9999.0 -9999.0 -9999.0 -9999.0 -9999.0 -9999.0 -9999.0 -9999.0 -9999.0 0.047420 0.054109 0.285343 0.245257 0.248470 0.048664 0.273849 0.052548 0.022167 0.038190 0.042015 0.047141 0.047200 0.020482 0.020356 0.020291 0.020215 0.020365 0.020092 0.020092 0.020073 0.020070 -9999.0 -9999.0 -9999.0 -9999.0 -9999.0 -9999.0 -9999.0 -9999.0 -9999.0 -9999.0 -9999.0 -9999.0 -9999.0 -9999.0 -9999.0 -9999.0 -9999.0 -9999.0 -9999.0 -9999.0 -9999.0 -9999.0 -9999.0 -9999.0 -9999.0 -9999.0 -9999.0 -9999.0
-9999.0 -9999.0 -9999.0 -9999.0 -9999.0 -9999.0 -9999.0 -9999.0 -9999.0 -9999.0 -9999.0 -9999.0 0.044959 0.053198 0.050471 0.021843 0.223197 0.251276 0.400486 0.040876 0.046342 0.027667 0.021707 0.047854 0.206318 0.020429 0.047991 0.020755 0.020357 0.020286 0.020315 0.020283 0.020261 0.020219 -9999.0 -9999.0 -9999.0 -9999.0 -9999.0 -9999.0 -9999.0 -9999.0 -9999.0 -9999.0 -9999.0 -9999.0 -9999.0 -9999.0 -9999.0 -9999.0 -9999.0 -9999.0 -9999.0 -9999.0 -9999.0 -9999.0 -9999.0 -9999.0 -9999.0 -9999.0 -9999.0 -9999.0 -9999.0
-9999.0 -9999.0 -9999.0 -9999.0 -9999.0 -9999.0 -9999.0 -9999.0 -9999.0 -9999.0 -9999.0 0.048385 0.046901 0.262892 0.024258 0.022092 0.022282 0.254706 0.349605 0.041227 0.033855 0.242728 0.022214 0.020536 0.021378 0.020651 0.020393 0.020698 0.024359 0.020143 0.020394 0.020276 0.020310 0.020192 0.020219 0.020167 0.020136 0.020212 0.020715 -9999.0 -9999.0 -9999.0 0.020213 -9999.0 -9999.0 -9999.0 -9999.0 -9999.0 -9999.0 -9999.0 -9999.0 -9999.0 -9999.0 -9999.0 -9999.0 -9999.0 -9999.0 -9999.0 -9999.0 -9999.0 -9999.0 -9999.0 -9999.0
-9999.0 -9999.0 -9999.0 -9999.0 -9999.0 -9999.0 -9999.0 -9999.0 -9999.0 -9999.0 -9999.0 0.032756 0.047785 0.045802 0.046499 0.021926 0.045493 0.038826 0.338827 0.308446 0.055318 0.048667 0.041450 0.021392 0.021894 0.020625 0.020528 0.020435 0.020586 0.020396 0.020328 0.020441 0.020239 0.020273 0.020211 0.020190 0.048663 0.048661 0.041492 0.020044 0.020070 0.020087 0.020199 0.020279 -9999.0 -9999.0 -9999.0 0.246610 0.048660 0.041472 0.048664 0.046586 0.039178 0.265304 0.267431 0.026036 -9999.0 -9999.0 -9999.0 -9999.0 -9999.0 -9999.0 -9999.0
-9999.0 -9999.0 -9999.0 -9999.0 -9999.0 -9999.0 -9999.0 -9999.0 -9999.0 -9999.0 -9999.0 0.035706 0.027824 0.021998 0.180740 0.021890 0.046008 0.043594 0.052151 0.317650 0.271520 0.043092 0.043513 0.047662 0.020469 0.020584 0.033544 0.021799 0.020522 0.020482 0.020376 0.020589 0.020301 0.020251 0.020199 0.020217 0.020171 0.023283 0.048664 0.020069 0.029550 0.020139 0.020441 0.020251 0.020412 -9999.0 0.020551 0.048665 0.048664 0.048665 0.048664 0.032329 0.048665 0.048688 0.048667 0.048664 -9999.0 -9999.0 -9999.0 -9999.0 -9999.0 -9999.0 -9999.0
-9999.0 -9999.0 -9999.0 -9999.0 -9999.0 -9999.0 -9999.0 -9999.0 -9999.0 -9999.0 -9999.0 -9999.0 0.034299 0.175797 0.048661 0.044780 0.034403 0.043679 0.336320 0.349792 0.042427 0.045024 0.044616 0.045286 0.020836 0.039189 0.056854 0.020532 0.020503 0.020561 0.020405 0.020702 0.020308 0.020274 0.020275 0.020156 0.020102 0.035068 0.048665 0.020097 0.048752 0.020521 0.020237 0.049996 0.020303 0.035070 0.021510 0.048657 0.036032 0.026788 0.220904 0.048536 0.250841 0.213855 0.047753 0.047987 0.048662 -9999.0 -9999.0 -9999.0 -9999.0 -9999.0 -9999.0
-9999.0 -9999.0 -9999.0 -9999.0 -9999.0 -9999.0 -9999.0 -9999.0 -9999.0 -9999.0 -9999.0 0.154367 0.021203 0.022076 0.045613 0.045746 0.046481 0.045182 0.056247 0.261527 0.041906 0.043399 0.047467 0.026340 0.042429 0.049890 0.188545 0.020455 0.020513 0.020411 0.020858 0.021763 0.047983 0.020289 0.020111 0.020166 0.020066 0.020221 0.244872 0.048664 0.020143 0.045790 0.047102 0.020437 0.048669 0.040381 0.048663 0.020662 0.044713 0.021795 0.020781 0.020507 0.027847 0.020483 0.020468 0.020409 0.038474 -9999.0 -9999.0 -9999.0 -9999.0 -9999.0 -9999.0
-9999.0 -9999.0 -9999.0 -9999.0 -9999.0 -9999.0 -9999.0 -9999.0 -9999.0 -9999.0 0.211631 0.042030 0.048546 0.022204 0.049000 0.048377 0.035644 0.044896 0.252791 0.254458 0.361279 0.276910 0.029022 0.054978 0.048665 0.221549 0.020678 0.020516 0.033646 0.048665 0.045907 0.025401 0.020706 0.020327 0.020065 0.020163 0.020188 0.020097 0.040408 0.042735 0.041648 0.048063 0.032897 0.287638 0.045999 0.020274 0.048663 0.021001 0.047280 0.045654 0.023354 0.020435 0.020448 0.020399 0.020421 0.048664 0.048665 -9999.0 -9999.0 -9999.0 -9999.0 -9999.0 -9999.0
-9999.0 -9999.0 -9999.0 -9999.0 -9999.0 -9999.0 -9999.0 -9999.0 -9999.0 0.020860 0.199857 0.195523 0.047178 0.029352 0.216026 0.024688 0.021774 0.053064 0.042332 0.254291 0.321583 0.040005 0.037336 0.047648 0.242120 0.021275 0.020428 0.048666 0.044297 0.049740 0.047219 0.021111 0.020219 0.020134 0.020262 0.020112 0.020263 0.020238 0.020257 0.020140 0.041978 0.021621 0.021419 0.044916 0.030835 0.042273 0.048689 0.021035 0.021605 0.323421 0.021698 0.035140 0.020366 0.023444 0.025795 0.042250 0.048194 0.048664 0.048658 -9999.0 -9999.0 -9999.0 -9999.0
-9999.0 -9999.0 -9999.0 -9999.0 -9999.0 -9999.0 -9999.0 -9999.0 -9999.0 0.021097 0.021279 0.021166 0.056494 0.046985 0.045236 0.039123 0.053308 0.045707 0.041350 0.310562 0.315097 0.054623 0.265021 0.052566 0.021259 0.045586 0.047030 0.049167 0.052200 0.223896 0.021977 0.020555 0.020448 0.020428 0.020257 0.020220 0.020218 0.020257 0.020303 0.020690 0.166945 0.020449 0.044806 0.048678 0.327687 0.357218 0.051092 0.041505 0.043387 0.048152 0.022633 0.025242 0.025076 0.022520 0.020464 0.211013 0.048298 0.047584 0.048666 -9999.0 -9999.0 -9999.0 -9999.0
-9999.0 -9999.0 -9999.0 -9999.0 -9999.0 -9999.0 -9999.0 -9999.0 -9999.0 -9999.0 0.020991 0.021282 0.036499 0.295365 0.044272 0.045208 0.047086 0.048758 0.039816 0.299621 0.318765 0.038072 0.049081 0.030001 0.046108 0.048405 0.052014 0.051283 0.035402 0.020925 0.020742 0.184321 0.020397 0.020374 0.020346 0.044525 0.048663 0.043137 0.020294 0.020367 0.020359 0.048067 0.048611 0.021899 0.021841 0.022418 0.038981 0.358359 0.039723 0.042448 0.021769 0.029434 0.047371 0.025502 0.048042 0.020478 0.048403 0.046980 0.044834 0.051640 -9999.0 -9999.0 -9999.0
-9999.0 -9999.0 -9999.0 -9999.0 -9999.0 -9999.0 -9999.0 -9999.0 -9999.0 -9999.0 0.020910 0.021091 0.047205 0.047812 0.393376 0.044366 0.041444 0.264457 0.236558 0.290209 0.241576 0.043099 0.043780 0.046562 0.048316 0.052184 0.315393 0.049944 0.022441 0.020405 0.020419 0.048259 0.020535 0.020362 0.020386 0.020808 0.030284 0.020796 0.020309 0.020392 0.034275 0.021485 0.041918 0.020575 0.185086 0.023423 0.048289 0.021980 0.035300 0.041684 0.030519 0.047870 0.047942 0.046543 0.025951 0.048195 0.020461 0.048437 0.058874 0.430000 -9999.0 -9999.0 -9999.0
-9999.0 -9999.0 -9999.0 -9999.0 -9999.0 -9999.0 -9999.0 -9999.0 0.048663 0.026544 0.021673 0.048357 0.022072 0.021964 0.045979 0.328373 0.043903 0.054483 0.288253 0.266744 0.234350 0.039310 0.040760 0.043459 0.048540 0.272844 0.376908 0.044548 0.047903 0.020474 0.020319 0.020408 0.020517 0.020428 0.039226 0.020384 0.048595 0.021612 0.020409 0.020893 0.020430 0.020644 0.020416 0.020380 0.038166 0.048665 0.020715 0.048381 0.044167 0.430000 0.053556 0.023053 0.048117 0.025392 0.048660 0.048666 0.048664 0.057364 0.044564 0.052183 -9999.0 -9999.0 -9999.0
-9999.0 -9999.0 -9999.0 -9999.0 -9999.0 -9999.0 -9999.0 -9999.0 0.021966 0.046011 0.021697 0.020565 0.021189 0.044087 0.042359 0.046351 0.046238 0.045674 0.029009 0.282937 0.293219 0.269110 0.271617 0.051108 0.039257 0.253814 0.343380 0.047436 0.020496 0.039094 0.035242 0.020375 0.048319 0.020741 0.048662 0.048664 0.046440 0.045821 0.020607 0.048663 0.020374 0.020338 0.020373 0.048663 0.049042 0.048341 0.020496 0.020644 0.044622 0.053027 0.058546 0.046633 0.047501 0.048669 0.045942 0.022948 0.045473 0.045714 0.041892 0.430000 0.402196 -9999.0 -9999.0
-9999.0 -9999.0 -9999.0 -9999.0 -9999.0 -9999.0 -9999.0 -9999.0 0.020576 0.022318 0.048663 0.021567 0.047738 0.021017 0.046848 0.030228 0.042210 0.046739 0.039532 0.319219 0.292709 0.272176 0.265032 0.249034 0.298535 0.043734 0.052207 0.033844 0.020339 0.020381 0.020434 0.048664 0.020390 0.020355 0.048662 0.048665 0.044499 0.040559 0.021347 0.031697 0.042107 0.023284 0.048662 0.047473 0.042436 0.024607 0.048547 0.048770 0.048253 0.044518 0.428724 0.057875 0.022436 0.021810 0.045747 0.063426 0.066698 0.065305 0.052874 0.430000 0.426235 -9999.0 -9999.0
-9999.0 -9999.0 -9999.0 -9999.0 -9999.0 -9999.0 -9999.0 -9999.0 0.020466 0.023191 0.302465 0.020899 0.049066 0.241263 0.040425 0.044377 0.025948 0.045491 0.348203 0.251743 0.270378 0.430000 0.430000 0.316512 0.288715 0.049701 0.049329 0.025987 0.053624 0.038267 0.021086 0.021649 0.043758 0.045582 0.021009 0.048665 0.044186 0.051893 0.021763 0.020579 0.048664 0.048663 0.048664 0.020380 0.048663 0.048663 0.048664 0.048396 0.048668 0.022261 0.055116 0.055189 0.058788 0.430000 0.068263 0.068631 0.055290 0.430000 0.430000 0.430000 0.430000 0.430000 -9999.0
-9999.0 -9999.0 -9999.0 -9999.0 -9999.0 -9999.0 -9999.0 -9999.0 0.034718 0.048664 0.240998 0.032266 0.039997 0.047222 0.056935 0.317585 0.379361 0.046482 0.048083 0.045874 0.251365 0.430000 0.430000 0.314433 0.055804 0.047450 0.042151 0.049288 0.049811 0.052866 0.026402 0.053730 0.043046 0.051305 0.021738 0.021920 0.044204 0.055066 0.039558 0.033443 0.021571 0.021968 0.037443 0.022336 0.020699 0.048665 0.022122 0.044982 0.042135 0.043404 0.042119 0.048844 0.056483 0.063908 0.092038 0.430000 0.430000 0.430000 0.428389 0.060462 0.062973 0.430000 -9999.0
-9999.0 -9999.0 0.022258 0.048661 0.047367 0.037885 0.045625 0.023000 0.047663 0.048663 0.048053 0.386386 0.049019 0.054513 0.060639 0.387195 0.043911 0.033399 0.044721 0.047835 0.045434 0.245076 0.430000 0.430000 0.312520 0.043740 0.045040 0.046430 0.042632 0.058405 0.045545 0.047124 0.416008 0.048065 0.055289 0.050674 0.059054 0.052665 0.040237 0.030699 0.045514 0.043301 0.033813 0.049645 0.026179 0.044753 0.059974 0.430000 0.039467 0.053282 0.053547 0.392018 0.382440 0.422367 0.430000 0.430000 0.414719 0.430000 0.066049 0.062206 0.430000 0.430000 -9999.0
-9999.0 0.046008 0.045841 0.046012 0.045099 0.046481 0.046390 0.046023 0.037636 0.025767 0.047659 0.049501 0.368486 0.413812 0.420887 0.045438 0.047013 0.047498 0.220834 0.047085 0.043562 0.041965 0.430000 0.430000 0.313991 0.280186 0.313337 0.310400 0.044967 0.311833 0.047436 0.050045 0.050453 0.339809 0.049767 0.356616 0.052960 0.050856 0.388350 0.390407 0.054616 0.051659 0.043606 0.046402 0.043573 0.044662 0.348492 0.039505 0.047054 0.430000 0.430000 0.430000 0.406910 0.430000 0.429895 0.430000 0.430000 0.430000 0.430000 0.426482 0.430000 0.430000 -9999.0
-9999.0 0.048663 0.051081 0.050938 0.306634 0.051167 0.025674 0.021160 0.044575 0.022348 0.044971 0.048812 0.050330 0.427765 0.043920 0.038859 0.023454 0.026039 0.052867 0.047033 0.400933 0.288688 0.274284 0.430000 0.430000 0.430000 0.429520 0.421566 0.407711 0.037879 0.038167 0.039106 0.272990 0.292189 0.336302 0.314097 0.374242 0.373553 0.355615 0.336665 0.323178 0.324249 0.047430 0.240089 0.231432 0.038089 0.276620 0.349140 0.430000 0.430000 0.391643 0.430000 0.430000 0.430000 0.063779 0.388388 0.062127 0.249341 0.047558 0.246771 0.253120 -9999.0 -9999.0
-9999.0 0.023134 0.046973 0.050570 0.047292 0.345353 0.310213 0.040611 0.045724 0.046319 0.049641 0.049170 0.059033 0.332045 0.048560 0.034289 0.048092 0.048345 0.023378 0.051064 0.049929 0.049681 0.324484 0.430000 0.430000 0.430000 0.430000 0.427337 0.413599 0.401545 0.360161 0.279140 0.285379 0.284850 0.301024 0.337577 0.355822 0.393306 0.430000 0.430000 0.430000 0.430000 0.359105 0.331640 0.277596 0.279055 0.296143 0.317702 0.411105 0.355842 0.056185 0.250799 0.273324 0.388807 0.245453 0.240105 0.237277 0.228780 0.229075 -9999.0 -9999.0 -9999.0 -9999.0
