user2019/resources/simulation/Vinschgau/output-maps/thetaliqL0004N0889.asc
ncols         63
nrows         48
xllcorner     598000.000000
yllcorner     5145000.000000
cellsize      1000.000000
NODATA_value  -9999.0
[rows 0 to 28 of 48, columns 0 to 62 of 63]
-9999.0 -9999.0 -9999.0 -9999.0 -9999.0 -9999.0 -9999.0 -9999.0 -9999.0 -9999.0 -9999.0 -9999.0 -9999.0 -9999.0 -9999.0 -9999.0 -9999.0 -9999.0 -9999.0 -9999.0 -9999.0 -9999.0 -9999.0 -9999.0 -9999.0 -9999.0 -9999.0 -9999.0 -9999.0 -9999.0 -9999.0 -9999.0 -9999.0 -9999.0 -9999.0 -9999.0 -9999.0 -9999.0 -9999.0 -9999.0 -9999.0 -9999.0 -9999.0 -9999.0 -9999.0 -9999.0 -9999.0 -9999.0 -9999.0 -9999.0 -9999.0 -9999.0 -9999.0 -9999.0 -9999.0 -9999.0 -9999.0 -9999.0 -9999.0 -9999.0 -9999.0 -9999.0 -9999.0
-9999.0 -9999.0 -9999.0 -9999.0 -9999.0 -9999.0 -9999.0 -9999.0 -9999.0 -9999.0 -9999.0 -9999.0 -9999.0 -9999.0 -9999.0 -9999.0 -9999.0 -9999.0 -9999.0 -9999.0 -9999.0 -9999.0 -9999.0 -9999.0 -9999.0 -9999.0 -9999.0 0.020024 0.040011 0.020028 0.040009 0.040008 0.040007 -9999.0 -9999.0 -9999.0 -9999.0 -9999.0 -9999.0 -9999.0 -9999.0 -9999.0 -9999.0 -9999.0 -9999.0 -9999.0 -9999.0 -9999.0 -9999.0 -9999.0 -9999.0 -9999.0 -9999.0 -9999.0 -9999.0 -9999.0 -9999.0 -9999.0 -9999.0 -9999.0 -9999.0 -9999.0 -9999.0
-9999.0 -9999.0 -9999.0 -9999.0 -9999.0 -9999.0 -9999.0 -9999.0 -9999.0 -9999.0 -9999.0 -9999.0 -9999.0 -9999.0 -9999.0 -9999.0 -9999.0 -9999.0 -9999.0 -9999.0 -9999.0 -9999.0 -9999.0 -9999.0 0.040014 0.040016 0.040021 0.040015 0.040019 0.040011 0.040009 -9999.0 -9999.0 -9999.0 -9999.0 -9999.0 -9999.0 -9999.0 -9999.0 -9999.0 -9999.0 -9999.0 -9999.0 -9999.0 -9999.0 -9999.0 -9999.0 -9999.0 -9999.0 -9999.0 -9999.0 -9999.0 -9999.0 -9999.0 -9999.0 -9999.0 -9999.0 -9999.0 -9999.0 -9999.0 -9999.0 -9999.0 -9999.0
-9999.0 -9999.0 -9999.0 -9999.0 -9999.0 -9999.0 -9999.0 -9999.0 -9999.0 -9999.0 -9999.0 -9999.0 -9999.0 -9999.0 -9999.0 -9999.0 -9999.0 -9999.0 -9999.0 -9999.0 -9999.0 -9999.0 -9999.0 0.040017 0.040041 0.228500 0.279186 0.131881 0.198152 0.040018 0.040009 0.040008 -9999.0 -9999.0 -9999.0 -9999.0 -9999.0 -9999.0 -9999.0 -9999.0 -9999.0 -9999.0 -9999.0 -9999.0 -9999.0 -9999.0 -9999.0 -9999.0 -9999.0 -9999.0 -9999.0 -9999.0 -9999.0 -9999.0 -9999.0 -9999.0 -9999.0 -9999.0 -9999.0 -9999.0 -9999.0 -9999.0 -9999.0
-9999.0 -9999.0 -9999.0 -9999.0 -9999.0 -9999.0 -9999.0 -9999.0 -9999.0 -9999.0 -9999.0 -9999.0 -9999.0 -9999.0 -9999.0 -9999.0 -9999.0 -9999.0 0.118411 0.040028 -9999.0 0.040021 0.040039 0.146865 0.314868 0.117498 0.210928 0.138855 0.480038 0.058464 0.040015 0.040009 0.020021 0.020016 -9999.0 -9999.0 -9999.0 -9999.0 -9999.0 -9999.0 -9999.0 -9999.0 -9999.0 -9999.0 -9999.0 -9999.0 -9999.0 -9999.0 -9999.0 -9999.0 -9999.0 -9999.0 -9999.0 -9999.0 -9999.0 -9999.0 -9999.0 -9999.0 -9999.0 -9999.0 -9999.0 -9999.0 -9999.0
-9999.0 -9999.0 -9999.0 -9999.0 -9999.0 -9999.0 -9999.0 -9999.0 -9999.0 -9999.0 -9999.0 -9999.0 -9999.0 -9999.0 -9999.0 -9999.0 -9999.0 0.117801 0.181757 0.050803 0.020040 0.050793 0.059086 0.169927 0.318431 0.102492 0.041020 0.047280 0.044590 0.213504 0.040047 0.040016 0.020030 0.020025 0.020019 0.020016 -9999.0 -9999.0 -9999.0 -9999.0 -9999.0 -9999.0 -9999.0 -9999.0 -9999.0 -9999.0 -9999.0 -9999.0 -9999.0 -9999.0 -9999.0 -9999.0 -9999.0 -9999.0 -9999.0 -9999.0 -9999.0 -9999.0 -9999.0 -9999.0 -9999.0 -9999.0 -9999.0
-9999.0 -9999.0 -9999.0 -9999.0 -9999.0 -9999.0 -9999.0 -9999.0 -9999.0 -9999.0 -9999.0 -9999.0 -9999.0 0.040050 0.250584 0.195682 0.106545 0.024290 0.123327 0.153359 0.284179 0.284016 0.282529 0.304489 0.078479 0.040040 0.020059 0.040104 0.040118 0.042162 0.040048 0.040013 0.040009 0.040007 0.020021 0.020016 -9999.0 -9999.0 -9999.0 -9999.0 -9999.0 -9999.0 -9999.0 -9999.0 -9999.0 -9999.0 -9999.0 -9999.0 -9999.0 -9999.0 -9999.0 -9999.0 -9999.0 -9999.0 -9999.0 -9999.0 -9999.0 -9999.0 -9999.0 -9999.0 -9999.0 -9999.0 -9999.0
-9999.0 -9999.0 -9999.0 -9999.0 -9999.0 -9999.0 -9999.0 -9999.0 -9999.0 -9999.0 -9999.0 -9999.0 -9999.0 0.040192 0.314175 0.173121 0.119461 0.367064 0.023357 0.221105 0.114079 0.355952 0.331438 0.383366 0.042832 0.043083 0.040011 0.020027 0.020022 0.040044 0.040070 0.040010 0.020021 0.020014 0.020018 -9999.0 -9999.0 -9999.0 -9999.0 -9999.0 -9999.0 -9999.0 -9999.0 -9999.0 -9999.0 -9999.0 -9999.0 -9999.0 -9999.0 -9999.0 -9999.0 -9999.0 -9999.0 -9999.0 -9999.0 -9999.0 -9999.0 -9999.0 -9999.0 -9999.0 -9999.0 -9999.0 -9999.0
-9999.0 -9999.0 -9999.0 -9999.0 -9999.0 -9999.0 -9999.0 -9999.0 -9999.0 -9999.0 -9999.0 -9999.0 -9999.0 0.283345 0.520000 0.249307 0.164004 0.131174 0.023346 0.118652 0.410054 0.021617 0.093567 0.054427 0.133199 0.075252 0.020032 0.020022 0.040008 0.020016 0.040009 0.020014 0.020013 0.020011 0.020015 -9999.0 -9999.0 -9999.0 -9999.0 -9999.0 -9999.0 -9999.0 -9999.0 -9999.0 -9999.0 -9999.0 -9999.0 -9999.0 -9999.0 -9999.0 -9999.0 -9999.0 -9999.0 -9999.0 -9999.0 -9999.0 -9999.0 -9999.0 -9999.0 -9999.0 -9999.0 -9999.0 -9999.0
-9999.0 -9999.0 -9999.0 -9999.0 -9999.0 -9999.0 -9999.0 -9999.0 -9999.0 -9999.0 -9999.0 -9999.0 0.203895 0.056761 0.334895 0.386752 0.301536 0.197785 0.332242 0.057073 0.298334 0.041975 0.042418 0.040529 0.040046 0.040011 0.040018 0.040008 0.040010 0.020021 0.040004 0.020020 0.040007 0.020014 -9999.0 -9999.0 -9999.0 -9999.0 -9999.0 -9999.0 -9999.0 -9999.0 -9999.0 -9999.0 -9999.0 -9999.0 -9999.0 -9999.0 -9999.0 -9999.0 -9999.0 -9999.0 -9999.0 -9999.0 -9999.0 -9999.0 -9999.0 -9999.0 -9999.0 -9999.0 -9999.0 -9999.0 -9999.0
-9999.0 -9999.0 -9999.0 -9999.0 -9999.0 -9999.0 -9999.0 -9999.0 -9999.0 -9999.0 -9999.0 0.040058 0.444261 0.520000 0.357376 0.048367 0.067817 0.220603 0.520000 0.185539 0.174396 0.397806 0.040025 0.040013 0.040369 0.040014 0.040008 0.040011 0.040009 0.020017 0.020020 0.040012 0.020023 0.020017 0.020019 0.020023 0.040008 0.040010 0.040015 -9999.0 -9999.0 -9999.0 0.020017 -9999.0 -9999.0 -9999.0 -9999.0 -9999.0 -9999.0 -9999.0 -9999.0 -9999.0 -9999.0 -9999.0 -9999.0 -9999.0 -9999.0 -9999.0 -9999.0 -9999.0 -9999.0 -9999.0 -9999.0
-9999.0 -9999.0 -9999.0 -9999.0 -9999.0 -9999.0 -9999.0 -9999.0 -9999.0 -9999.0 -9999.0 0.040045 0.392936 0.402901 0.294237 0.040055 0.213415 0.155395 0.359749 0.405867 0.448223 0.040301 0.040031 0.040021 0.040032 0.040011 0.040010 0.040015 0.020028 0.020018 0.040011 0.040012 0.040007 0.040006 0.040005 0.040011 0.040018 0.040020 0.040014 0.020018 0.020018 0.020017 0.040010 0.020021 -9999.0 -9999.0 -9999.0 0.040004 0.040005 0.020020 0.040006 0.020017 0.020017 0.040005 0.040005 0.020016 -9999.0 -9999.0 -9999.0 -9999.0 -9999.0 -9999.0 -9999.0
-9999.0 -9999.0 -9999.0 -9999.0 -9999.0 -9999.0 -9999.0 -9999.0 -9999.0 -9999.0 -9999.0 0.040022 0.040043 0.041072 0.046237 0.040248 0.429336 0.251771 0.378457 0.357898 0.343287 0.069888 0.040064 0.040014 0.040011 0.020025 0.040041 0.040015 0.020024 0.040006 0.020023 0.040013 0.040016 0.040007 0.020021 0.040017 0.040018 0.040026 0.040027 0.020023 0.040012 0.040008 0.040016 0.040011 0.040007 -9999.0 0.020015 0.040007 0.040010 0.040014 0.040015 0.020031 0.040011 0.040009 0.040009 0.040007 -9999.0 -9999.0 -9999.0 -9999.0 -9999.0 -9999.0 -9999.0
-9999.0 -9999.0 -9999.0 -9999.0 -9999.0 -9999.0 -9999.0 -9999.0 -9999.0 -9999.0 -9999.0 -9999.0 0.040054 0.040259 0.040106 0.040132 0.335594 0.227389 0.409186 0.383973 0.308986 0.085508 0.040891 0.040096 0.040017 0.040037 0.040027 0.040014 0.040009 0.020021 0.040010 0.040014 0.040015 0.040008 0.040007 0.040012 0.040036 0.040031 0.041775 0.040018 0.040023 0.020031 0.040055 0.040024 0.020022 0.040006 0.020018 0.040007 0.040018 0.040053 0.040220 0.040015 0.040022 0.040012 0.040010 0.040010 0.040007 -9999.0 -9999.0 -9999.0 -9999.0 -9999.0 -9999.0
-9999.0 -9999.0 -9999.0 -9999.0 -9999.0 -9999.0 -9999.0 -9999.0 -9999.0 -9999.0 -9999.0 0.040127 0.040016 0.040037 0.040173 0.059547 0.236686 0.321549 0.415144 0.236451 0.267367 0.248860 0.049375 0.040033 0.040054 0.040338 0.040145 0.040009 0.040008 0.020026 0.040034 0.040019 0.040026 0.040009 0.040005 0.040011 0.040011 0.040064 0.062541 0.040052 0.040062 0.046035 0.040160 0.020085 0.040040 0.040009 0.040012 0.020027 0.020032 0.040429 0.020034 0.040009 0.040007 0.020018 0.020016 0.020015 0.020021 -9999.0 -9999.0 -9999.0 -9999.0 -9999.0 -9999.0
-9999.0 -9999.0 -9999.0 -9999.0 -9999.0 -9999.0 -9999.0 -9999.0 -9999.0 -9999.0 0.040027 0.040187 0.040027 0.040026 0.040097 0.040140 0.040104 0.190841 0.175572 0.248051 0.457786 0.425679 0.040167 0.040054 0.049221 0.040044 0.040023 0.020028 0.040014 0.040020 0.040026 0.040025 0.040021 0.040009 0.020016 0.020023 0.040016 0.040044 0.049911 0.103486 0.123113 0.085405 0.170838 0.450662 0.040986 0.020027 0.040012 0.040068 0.040154 0.049729 0.020021 0.020019 0.020015 0.020014 0.020014 0.040009 0.040009 -9999.0 -9999.0 -9999.0 -9999.0 -9999.0 -9999.0
-9999.0 -9999.0 -9999.0 -9999.0 -9999.0 -9999.0 -9999.0 -9999.0 -9999.0 0.040012 0.040036 0.040047 0.040269 0.040087 0.040257 0.040461 0.040652 0.049454 0.191789 0.173449 0.422987 0.228957 0.256259 0.172036 0.073938 0.040055 0.040016 0.040021 0.040198 0.050042 0.077985 0.040046 0.020024 0.020014 0.020018 0.020022 0.040016 0.040030 0.040040 0.040329 0.040984 0.040914 0.040216 0.291154 0.369236 0.040322 0.040107 0.040051 0.040054 0.093092 0.040023 0.020021 0.020012 0.020015 0.020018 0.040006 0.040008 0.020022 0.020019 -9999.0 -9999.0 -9999.0 -9999.0
-9999.0 -9999.0 -9999.0 -9999.0 -9999.0 -9999.0 -9999.0 -9999.0 -9999.0 0.040008 0.040011 0.040020 0.040102 0.057437 0.040272 0.040084 0.040111 0.219132 0.176606 0.322002 0.356509 0.289922 0.455925 0.047468 0.040080 0.040030 0.040096 0.045135 0.195542 0.056061 0.040159 0.040035 0.040012 0.040007 0.040009 0.020022 0.020024 0.020030 0.040011 0.040028 0.040107 0.040024 0.040114 0.307107 0.342914 0.415659 0.444572 0.135553 0.056519 0.089215 0.040022 0.040007 0.020015 0.040005 0.020019 0.040005 0.040008 0.040011 0.020026 -9999.0 -9999.0 -9999.0 -9999.0
-9999.0 -9999.0 -9999.0 -9999.0 -9999.0 -9999.0 -9999.0 -9999.0 -9999.0 -9999.0 0.040009 0.040021 0.041205 0.040226 0.064710 0.040701 0.054848 0.414968 0.169262 0.288340 0.398387 0.185254 0.086091 0.040827 0.040050 0.040973 0.082459 0.450440 0.040140 0.040049 0.040038 0.040026 0.040011 0.040008 0.040015 0.040017 0.040023 0.040040 0.020024 0.040010 0.040009 0.040027 0.040047 0.040378 0.104741 0.219404 0.351699 0.460177 0.439425 0.080389 0.040040 0.040010 0.020018 0.020016 0.040004 0.040007 0.040013 0.040046 0.040034 0.041295 -9999.0 -9999.0 -9999.0
-9999.0 -9999.0 -9999.0 -9999.0 -9999.0 -9999.0 -9999.0 -9999.0 -9999.0 -9999.0 0.040009 0.040013 0.040020 0.044601 0.269302 0.285353 0.194841 0.220449 0.185320 0.131753 0.133979 0.216756 0.071262 0.040197 0.040967 0.227590 0.520000 0.104597 0.040065 0.040013 0.040010 0.040015 0.020023 0.040007 0.040010 0.040031 0.040045 0.040310 0.040022 0.040008 0.040011 0.020035 0.040052 0.040017 0.040061 0.040379 0.048948 0.105691 0.341033 0.520000 0.064200 0.040023 0.040010 0.020019 0.020015 0.020016 0.040007 0.040051 0.520000 0.520000 -9999.0 -9999.0 -9999.0
-9999.0 -9999.0 -9999.0 -9999.0 -9999.0 -9999.0 -9999.0 -9999.0 0.040015 0.040010 0.040008 0.040015 0.040017 0.040063 0.048434 0.387048 0.174217 0.279928 0.246180 0.107045 0.106375 0.149566 0.172761 0.205712 0.127336 0.452955 0.228960 0.040114 0.040028 0.040013 0.020015 0.040010 0.040010 0.040007 0.040012 0.040011 0.040078 0.040216 0.040026 0.020022 0.020027 0.040024 0.020034 0.020024 0.020033 0.040032 0.040029 0.040108 0.112718 0.520000 0.087141 0.040133 0.040015 0.040007 0.020017 0.040008 0.020023 0.040044 0.184803 0.520000 -9999.0 -9999.0 -9999.0
-9999.0 -9999.0 -9999.0 -9999.0 -9999.0 -9999.0 -9999.0 -9999.0 0.020036 0.040035 0.040015 0.040008 0.040011 0.040024 0.040096 0.223307 0.252743 0.215381 0.102907 0.105863 0.335118 0.298378 0.295432 0.294652 0.168435 0.311326 0.443056 0.040197 0.020023 0.040008 0.040007 0.020024 0.040012 0.020024 0.040014 0.040019 0.041781 0.040801 0.040133 0.040015 0.040010 0.020018 0.020025 0.040016 0.040024 0.040067 0.020031 0.040014 0.040218 0.391635 0.520000 0.040274 0.040010 0.040007 0.040012 0.020033 0.040047 0.049641 0.496741 0.501580 0.125773 -9999.0 -9999.0
-9999.0 -9999.0 -9999.0 -9999.0 -9999.0 -9999.0 -9999.0 -9999.0 0.040010 0.040014 0.040017 0.040012 0.040010 0.020036 0.040076 0.040116 0.275834 0.307489 0.118515 0.307245 0.102933 0.232264 0.269191 0.150152 0.314553 0.250776 0.410519 0.040068 0.020029 0.040010 0.020026 0.040024 0.040021 0.040026 0.040027 0.040031 0.054758 0.517150 0.067552 0.040062 0.040014 0.020026 0.040015 0.040013 0.040031 0.040015 0.020022 0.040011 0.040021 0.114919 0.425999 0.083486 0.040011 0.040010 0.040022 0.040065 0.471224 0.515577 0.399638 0.520000 0.382716 -9999.0 -9999.0
-9999.0 -9999.0 -9999.0 -9999.0 -9999.0 -9999.0 -9999.0 -9999.0 0.020020 0.040016 0.040091 0.020026 0.040012 0.040049 0.040372 0.412536 0.142333 0.132713 0.358425 0.108972 0.117770 0.121513 0.242410 0.159519 0.176553 0.313134 0.052584 0.040036 0.040022 0.040072 0.040051 0.040117 0.049007 0.044805 0.040253 0.040053 0.057263 0.253416 0.447544 0.040988 0.040019 0.040021 0.040021 0.020032 0.040011 0.020027 0.040015 0.020031 0.040012 0.040043 0.137670 0.456031 0.085353 0.040072 0.098446 0.520000 0.506405 0.520000 0.320896 0.389054 0.385117 0.327214 -9999.0
-9999.0 -9999.0 -9999.0 -9999.0 -9999.0 -9999.0 -9999.0 -9999.0 0.040006 0.040014 0.040033 0.040050 0.040247 0.045241 0.056754 0.517302 0.503021 0.264126 0.300372 0.216615 0.142547 0.154719 0.126599 0.124918 0.349064 0.276492 0.040078 0.040901 0.067210 0.043787 0.040407 0.081219 0.520000 0.348391 0.089295 0.400254 0.389317 0.212538 0.203636 0.497460 0.136950 0.087084 0.072726 0.050448 0.040046 0.040034 0.040171 0.041774 0.040140 0.077677 0.467726 0.300987 0.405648 0.441388 0.520000 0.520000 0.520000 0.458305 0.439633 0.384792 0.288193 0.337159 -9999.0
-9999.0 -9999.0 0.040012 0.040014 0.040012 0.040026 0.040015 0.040017 0.040008 0.040011 0.040040 0.040750 0.045271 0.041636 0.486794 0.520000 0.093260 0.040070 0.040101 0.285102 0.212612 0.203332 0.441092 0.096003 0.152633 0.217348 0.221076 0.318692 0.350557 0.330866 0.094034 0.373117 0.520000 0.316316 0.415781 0.238936 0.331217 0.170467 0.155355 0.210282 0.370494 0.426097 0.334158 0.441552 0.233332 0.080312 0.490574 0.394670 0.411623 0.396036 0.334857 0.315913 0.471981 0.506964 0.520000 0.520000 0.520000 0.436932 0.434112 0.330089 0.455259 0.349330 -9999.0
-9999.0 0.040091 0.040082 0.040061 0.040028 0.040017 0.040015 0.040014 0.040010 0.040008 0.040021 0.040108 0.052779 0.040403 0.097074 0.040372 0.040049 0.040022 0.040076 0.136439 0.213269 0.252993 0.520000 0.352252 0.184837 0.158238 0.262743 0.313575 0.349994 0.415786 0.290879 0.346105 0.456287 0.433439 0.305628 0.280777 0.233872 0.121958 0.298477 0.301464 0.280789 0.319897 0.341787 0.218408 0.216684 0.202614 0.372833 0.197298 0.291405 0.293167 0.375992 0.448547 0.520000 0.520000 0.520000 0.520000 0.482000 0.446143 0.520000 0.087958 0.412211 0.353655 -9999.0
-9999.0 0.040081 0.040089 0.040261 0.040141 0.040037 0.040026 0.040012 0.040008 0.040007 0.040017 0.040068 0.151641 0.123597 0.043732 0.040028 0.040016 0.040019 0.040201 0.070291 0.080287 0.400745 0.342786 0.520000 0.466724 0.299310 0.091044 0.102704 0.292802 0.157666 0.107215 0.123248 0.388489 0.383795 0.388450 0.299133 0.334175 0.294227 0.245272 0.210612 0.249950 0.295780 0.287098 0.131992 0.084429 0.108087 0.254035 0.314614 0.331108 0.360046 0.399356 0.369218 0.433778 0.520000 0.500175 0.059263 0.051241 0.051903 0.064925 0.042970 0.069933 -9999.0 -9999.0
-9999.0 0.040023 0.040465 0.040663 0.489981 0.040586 0.040159 0.040046 0.040021 0.040022 0.040056 0.077951 0.449592 0.044686 0.040054 0.040013 0.040013 0.040025 0.040048 0.050722 0.042375 0.066330 0.234322 0.494095 0.493224 0.377196 0.380413 0.375286 0.130834 0.283565 0.094843 0.086909 0.343390 0.350525 0.299007 0.237980 0.247522 0.277500 0.218678 0.204776 0.208846 0.308242 0.260900 0.082022 0.081759 0.300382 0.298835 0.360932 0.388970 0.295748 0.412934 0.043287 0.070509 0.040215 0.041460 0.040093 0.040090 0.040065 0.040071 -9999.0 -9999.0 -9999.0 -9999.0
