user2019/resources/simulation/Vinschgau/output-maps/thetaliqL0006N0331.asc
ncols         63
nrows         48
xllcorner     598000.000000
yllcorner     5145000.000000
cellsize      1000.000000
NODATA_value  -9999.0
[rows 0 to 28 of 48, columns 0 to 62 of 63]
-9999.0 -9999.0 -9999.0 -9999.0 -9999.0 -9999.0 -9999.0 -9999.0 -9999.0 -9999.0 -9999.0 -9999.0 -9999.0 -9999.0 -9999.0 -9999.0 -9999.0 -9999.0 -9999.0 -9999.0 -9999.0 -9999.0 -9999.0 -9999.0 -9999.0 -9999.0 -9999.0 -9999.0 -9999.0 -9999.0 -9999.0 -9999.0 -9999.0 -9999.0 -9999.0 -9999.0 -9999.0 -9999.0 -9999.0 -9999.0 -9999.0 -9999.0 -9999.0 -9999.0 -9999.0 -9999.0 -9999.0 -9999.0 -9999.0 -9999.0 -9999.0 -9999.0 -9999.0 -9999.0 -9999.0 -9999.0 -9999.0 -9999.0 -9999.0 -9999.0 -9999.0 -9999.0 -9999.0
-9999.0 -9999.0 -9999.0 -9999.0 -9999.0 -9999.0 -9999.0 -9999.0 -9999.0 -9999.0 -9999.0 -9999.0 -9999.0 -9999.0 -9999.0 -9999.0 -9999.0 -9999.0 -9999.0 -9999.0 -9999.0 -9999.0 -9999.0 -9999.0 -9999.0 -9999.0 -9999.0 0.020187 0.020154 0.020159 0.020037 0.020022 0.020023 -9999.0 -9999.0 -9999.0 -9999.0 -9999.0 -9999.0 -9999.0 -9999.0 -9999.0 -9999.0 -9999.0 -9999.0 -9999.0 -9999.0 -9999.0 -9999.0 -9999.0 -9999.0 -9999.0 -9999.0 -9999.0 -9999.0 -9999.0 -9999.0 -9999.0 -9999.0 -9999.0 -9999.0 -9999.0 -9999.0
-9999.0 -9999.0 -9999.0 -9999.0 -9999.0 -9999.0 -9999.0 -9999.0 -9999.0 -9999.0 -9999.0 -9999.0 -9999.0 -9999.0 -9999.0 -9999.0 -9999.0 -9999.0 -9999.0 -9999.0 -9999.0 -9999.0 -9999.0 -9999.0 0.040197 0.040121 0.040064 0.040089 0.040072 0.020126 0.020043 -9999.0 -9999.0 -9999.0 -9999.0 -9999.0 -9999.0 -9999.0 -9999.0 -9999.0 -9999.0 -9999.0 -9999.0 -9999.0 -9999.0 -9999.0 -9999.0 -9999.0 -9999.0 -9999.0 -9999.0 -9999.0 -9999.0 -9999.0 -9999.0 -9999.0 -9999.0 -9999.0 -9999.0 -9999.0 -9999.0 -9999.0 -9999.0
-9999.0 -9999.0 -9999.0 -9999.0 -9999.0 -9999.0 -9999.0 -9999.0 -9999.0 -9999.0 -9999.0 -9999.0 -9999.0 -9999.0 -9999.0 -9999.0 -9999.0 -9999.0 -9999.0 -9999.0 -9999.0 -9999.0 -9999.0 0.040155 0.040061 0.040182 0.040818 0.020502 0.020117 0.020100 0.020136 0.020072 -9999.0 -9999.0 -9999.0 -9999.0 -9999.0 -9999.0 -9999.0 -9999.0 -9999.0 -9999.0 -9999.0 -9999.0 -9999.0 -9999.0 -9999.0 -9999.0 -9999.0 -9999.0 -9999.0 -9999.0 -9999.0 -9999.0 -9999.0 -9999.0 -9999.0 -9999.0 -9999.0 -9999.0 -9999.0 -9999.0 -9999.0
-9999.0 -9999.0 -9999.0 -9999.0 -9999.0 -9999.0 -9999.0 -9999.0 -9999.0 -9999.0 -9999.0 -9999.0 -9999.0 -9999.0 -9999.0 -9999.0 -9999.0 -9999.0 0.249632 0.040039 -9999.0 0.040210 0.040130 0.020055 0.042961 0.055865 0.040103 0.040140 0.319225 0.040024 0.020090 0.020140 0.020139 0.020051 -9999.0 -9999.0 -9999.0 -9999.0 -9999.0 -9999.0 -9999.0 -9999.0 -9999.0 -9999.0 -9999.0 -9999.0 -9999.0 -9999.0 -9999.0 -9999.0 -9999.0 -9999.0 -9999.0 -9999.0 -9999.0 -9999.0 -9999.0 -9999.0 -9999.0 -9999.0 -9999.0 -9999.0 -9999.0
-9999.0 -9999.0 -9999.0 -9999.0 -9999.0 -9999.0 -9999.0 -9999.0 -9999.0 -9999.0 -9999.0 -9999.0 -9999.0 -9999.0 -9999.0 -9999.0 -9999.0 0.043747 0.041666 0.020182 0.020118 0.040057 0.040034 0.020379 0.430000 0.040077 0.040026 0.040086 0.040070 0.040101 0.040026 0.020095 0.020057 0.020098 0.020036 0.020018 -9999.0 -9999.0 -9999.0 -9999.0 -9999.0 -9999.0 -9999.0 -9999.0 -9999.0 -9999.0 -9999.0 -9999.0 -9999.0 -9999.0 -9999.0 -9999.0 -9999.0 -9999.0 -9999.0 -9999.0 -9999.0 -9999.0 -9999.0 -9999.0 -9999.0 -9999.0 -9999.0
-9999.0 -9999.0 -9999.0 -9999.0 -9999.0 -9999.0 -9999.0 -9999.0 -9999.0 -9999.0 -9999.0 -9999.0 -9999.0 0.020180 0.040055 0.040449 0.042397 0.042341 0.042942 0.020677 0.044902 0.046201 0.027794 0.430000 0.040062 0.040014 0.020030 0.020083 0.020027 0.040021 0.040090 0.040009 0.020032 0.020018 0.020019 0.020017 -9999.0 -9999.0 -9999.0 -9999.0 -9999.0 -9999.0 -9999.0 -9999.0 -9999.0 -9999.0 -9999.0 -9999.0 -9999.0 -9999.0 -9999.0 -9999.0 -9999.0 -9999.0 -9999.0 -9999.0 -9999.0 -9999.0 -9999.0 -9999.0 -9999.0 -9999.0 -9999.0
-9999.0 -9999.0 -9999.0 -9999.0 -9999.0 -9999.0 -9999.0 -9999.0 -9999.0 -9999.0 -9999.0 -9999.0 -9999.0 0.040194 0.040093 0.040073 0.040034 0.430000 0.042339 0.060935 0.066067 0.020094 0.040045 0.040054 0.040069 0.020165 0.020134 0.020026 0.020021 0.020025 0.040011 0.020018 0.020018 0.020015 0.020016 -9999.0 -9999.0 -9999.0 -9999.0 -9999.0 -9999.0 -9999.0 -9999.0 -9999.0 -9999.0 -9999.0 -9999.0 -9999.0 -9999.0 -9999.0 -9999.0 -9999.0 -9999.0 -9999.0 -9999.0 -9999.0 -9999.0 -9999.0 -9999.0 -9999.0 -9999.0 -9999.0 -9999.0
-9999.0 -9999.0 -9999.0 -9999.0 -9999.0 -9999.0 -9999.0 -9999.0 -9999.0 -9999.0 -9999.0 -9999.0 -9999.0 0.040042 0.165516 0.040260 0.040036 0.040858 0.042337 0.226571 0.040036 0.020053 0.040134 0.040071 0.040164 0.040198 0.020189 0.020021 0.020145 0.020017 0.020019 0.020015 0.020015 0.020013 0.020016 -9999.0 -9999.0 -9999.0 -9999.0 -9999.0 -9999.0 -9999.0 -9999.0 -9999.0 -9999.0 -9999.0 -9999.0 -9999.0 -9999.0 -9999.0 -9999.0 -9999.0 -9999.0 -9999.0 -9999.0 -9999.0 -9999.0 -9999.0 -9999.0 -9999.0 -9999.0 -9999.0 -9999.0
-9999.0 -9999.0 -9999.0 -9999.0 -9999.0 -9999.0 -9999.0 -9999.0 -9999.0 -9999.0 -9999.0 -9999.0 0.020160 0.042106 0.040193 0.040068 0.040136 0.040255 0.430000 0.020120 0.040045 0.040012 0.020122 0.040025 0.040109 0.020023 0.040014 0.020103 0.020129 0.020020 0.020016 0.020093 0.020060 0.020019 -9999.0 -9999.0 -9999.0 -9999.0 -9999.0 -9999.0 -9999.0 -9999.0 -9999.0 -9999.0 -9999.0 -9999.0 -9999.0 -9999.0 -9999.0 -9999.0 -9999.0 -9999.0 -9999.0 -9999.0 -9999.0 -9999.0 -9999.0 -9999.0 -9999.0 -9999.0 -9999.0 -9999.0 -9999.0
-9999.0 -9999.0 -9999.0 -9999.0 -9999.0 -9999.0 -9999.0 -9999.0 -9999.0 -9999.0 -9999.0 0.040135 0.040179 0.040033 0.040030 0.040020 0.020047 0.040061 0.430000 0.020121 0.020353 0.040963 0.020171 0.020037 0.020194 0.020096 0.020019 0.020179 0.040067 0.020017 0.020057 0.020072 0.020053 0.020024 0.020031 0.020033 0.020023 0.079335 0.043677 -9999.0 -9999.0 -9999.0 0.020022 -9999.0 -9999.0 -9999.0 -9999.0 -9999.0 -9999.0 -9999.0 -9999.0 -9999.0 -9999.0 -9999.0 -9999.0 -9999.0 -9999.0 -9999.0 -9999.0 -9999.0 -9999.0 -9999.0 -9999.0
-9999.0 -9999.0 -9999.0 -9999.0 -9999.0 -9999.0 -9999.0 -9999.0 -9999.0 -9999.0 -9999.0 0.040047 0.040058 0.020144 0.040137 0.020027 0.040058 0.040394 0.430000 0.430000 0.420791 0.020081 0.040214 0.040132 0.040094 0.020058 0.020186 0.020173 0.020143 0.020023 0.020103 0.020060 0.020058 0.020025 0.020023 0.020023 0.081001 0.102595 0.098829 0.042338 0.042326 0.020022 0.020033 0.020030 -9999.0 -9999.0 -9999.0 0.051405 0.020202 0.020251 0.020460 0.020364 0.020339 0.067908 0.137171 0.020338 -9999.0 -9999.0 -9999.0 -9999.0 -9999.0 -9999.0 -9999.0
-9999.0 -9999.0 -9999.0 -9999.0 -9999.0 -9999.0 -9999.0 -9999.0 -9999.0 -9999.0 -9999.0 0.040153 0.040012 0.020152 0.040165 0.020095 0.040054 0.040102 0.430000 0.430000 0.047573 0.020067 0.040040 0.040252 0.020029 0.020208 0.040045 0.020124 0.020037 0.020036 0.020027 0.020094 0.020054 0.020027 0.020033 0.075436 0.042013 0.021727 0.091705 0.042344 0.081064 0.020024 0.020034 0.020048 0.020039 -9999.0 0.020026 0.020165 0.020439 0.020306 0.020175 0.020237 0.024753 0.034284 0.025485 0.023695 -9999.0 -9999.0 -9999.0 -9999.0 -9999.0 -9999.0 -9999.0
-9999.0 -9999.0 -9999.0 -9999.0 -9999.0 -9999.0 -9999.0 -9999.0 -9999.0 -9999.0 -9999.0 -9999.0 0.040022 0.040246 0.040224 0.040223 0.040052 0.040051 0.430000 0.430000 0.041128 0.020184 0.020794 0.040038 0.040181 0.040065 0.043404 0.020036 0.020076 0.020151 0.020132 0.040045 0.020069 0.020048 0.020019 0.020026 0.040117 0.040866 0.127363 0.048890 0.267630 0.042342 0.020216 0.040381 0.020084 0.020112 0.020149 0.020136 0.020277 0.040054 0.046641 0.040235 0.040223 0.044786 0.040027 0.040019 0.046859 -9999.0 -9999.0 -9999.0 -9999.0 -9999.0 -9999.0
-9999.0 -9999.0 -9999.0 -9999.0 -9999.0 -9999.0 -9999.0 -9999.0 -9999.0 -9999.0 -9999.0 0.040397 0.040011 0.020061 0.040070 0.040058 0.040042 0.040035 0.430000 0.271292 0.046689 0.041380 0.040161 0.020133 0.040094 0.040172 0.040234 0.020027 0.020167 0.020187 0.040029 0.040029 0.020046 0.020044 0.020017 0.020029 0.020022 0.020247 0.044396 0.093710 0.022584 0.188053 0.044617 0.021920 0.097561 0.020105 0.020222 0.020232 0.020379 0.020069 0.020045 0.020029 0.040013 0.020025 0.020027 0.020023 0.020440 -9999.0 -9999.0 -9999.0 -9999.0 -9999.0 -9999.0
-9999.0 -9999.0 -9999.0 -9999.0 -9999.0 -9999.0 -9999.0 -9999.0 -9999.0 -9999.0 0.041159 0.040240 0.040364 0.040198 0.040486 0.040253 0.040240 0.040108 0.049264 0.304228 0.430000 0.105921 0.020097 0.040027 0.043259 0.040124 0.020117 0.020204 0.020105 0.020079 0.040544 0.040098 0.020085 0.020025 0.020016 0.020031 0.088421 0.040036 0.040414 0.207774 0.049376 0.036011 0.042352 0.041249 0.040828 0.020089 0.020234 0.020133 0.041679 0.040795 0.020491 0.020026 0.020025 0.020023 0.020026 0.023712 0.023768 -9999.0 -9999.0 -9999.0 -9999.0 -9999.0 -9999.0
-9999.0 -9999.0 -9999.0 -9999.0 -9999.0 -9999.0 -9999.0 -9999.0 -9999.0 0.020044 0.040573 0.041047 0.040309 0.040196 0.040102 0.040235 0.040051 0.040038 0.073312 0.407540 0.430000 0.130520 0.021196 0.300180 0.040138 0.020165 0.040072 0.020066 0.022390 0.050713 0.230336 0.020115 0.020020 0.020017 0.020030 0.020027 0.020033 0.040013 0.040015 0.040033 0.041827 0.040054 0.020089 0.073205 0.020729 0.022823 0.133224 0.020123 0.020144 0.047040 0.020149 0.020254 0.020021 0.020082 0.020261 0.020554 0.052795 0.025586 0.020955 -9999.0 -9999.0 -9999.0 -9999.0
-9999.0 -9999.0 -9999.0 -9999.0 -9999.0 -9999.0 -9999.0 -9999.0 -9999.0 0.020074 0.020044 0.020088 0.430000 0.040519 0.040048 0.040359 0.040208 0.137716 0.123168 0.359956 0.398346 0.405306 0.040352 0.040054 0.020167 0.040047 0.040883 0.082446 0.186035 0.040155 0.020149 0.020107 0.020051 0.020047 0.020089 0.020057 0.020055 0.020045 0.020025 0.020072 0.040016 0.020027 0.040123 0.040364 0.077999 0.424395 0.430000 0.022142 0.022231 0.054373 0.020560 0.020539 0.020099 0.020104 0.020030 0.045448 0.023684 0.041240 0.025924 -9999.0 -9999.0 -9999.0 -9999.0
-9999.0 -9999.0 -9999.0 -9999.0 -9999.0 -9999.0 -9999.0 -9999.0 -9999.0 -9999.0 0.020083 0.020152 0.040384 0.041176 0.022122 0.040033 0.040038 0.045788 0.233335 0.418254 0.430000 0.022656 0.040185 0.020301 0.040056 0.084956 0.073053 0.336462 0.020166 0.040030 0.020070 0.040149 0.020030 0.020025 0.020109 0.020055 0.040021 0.040021 0.020073 0.020022 0.020018 0.040058 0.040064 0.020106 0.020161 0.040052 0.020309 0.042287 0.050249 0.022486 0.020106 0.020413 0.020408 0.020158 0.040013 0.020096 0.040246 0.033945 0.088925 0.090378 -9999.0 -9999.0 -9999.0
-9999.0 -9999.0 -9999.0 -9999.0 -9999.0 -9999.0 -9999.0 -9999.0 -9999.0 -9999.0 0.020095 0.020109 0.040101 0.040605 0.430000 0.041174 0.041127 0.044058 0.340209 0.302479 0.311699 0.093718 0.041183 0.040517 0.044147 0.134684 0.430000 0.040404 0.040185 0.020025 0.020029 0.040123 0.020221 0.020023 0.020028 0.040014 0.040650 0.040028 0.020106 0.020025 0.020149 0.020218 0.040037 0.020030 0.040298 0.020243 0.040423 0.020266 0.090148 0.062743 0.030549 0.020462 0.045018 0.020452 0.020200 0.020494 0.020033 0.023905 0.297091 0.430000 -9999.0 -9999.0 -9999.0
-9999.0 -9999.0 -9999.0 -9999.0 -9999.0 -9999.0 -9999.0 -9999.0 0.040156 0.020342 0.020219 0.040119 0.040209 0.040306 0.040592 0.248647 0.349349 0.430000 0.252827 0.271673 0.214706 0.407732 0.138244 0.042267 0.072139 0.430000 0.430000 0.040178 0.040226 0.020121 0.020019 0.020042 0.020099 0.020079 0.020149 0.020020 0.020201 0.040028 0.020161 0.020143 0.020048 0.040023 0.020027 0.020021 0.020357 0.040671 0.020047 0.040523 0.020105 0.377142 0.091039 0.020768 0.047376 0.020318 0.020653 0.025111 0.023647 0.040081 0.080423 0.430000 -9999.0 -9999.0 -9999.0
-9999.0 -9999.0 -9999.0 -9999.0 -9999.0 -9999.0 -9999.0 -9999.0 0.020156 0.040066 0.020391 0.020032 0.020069 0.040399 0.040758 0.040061 0.046170 0.044442 0.071039 0.251669 0.317137 0.274988 0.349984 0.419208 0.421496 0.430000 0.083275 0.040078 0.020133 0.020195 0.020165 0.020304 0.020224 0.020215 0.040278 0.040383 0.020100 0.040182 0.020192 0.020254 0.020028 0.020017 0.020026 0.020320 0.040125 0.040225 0.020050 0.020096 0.020590 0.092019 0.430000 0.153298 0.045498 0.024808 0.020247 0.020579 0.050849 0.080903 0.062656 0.430000 0.338807 -9999.0 -9999.0
-9999.0 -9999.0 -9999.0 -9999.0 -9999.0 -9999.0 -9999.0 -9999.0 0.020055 0.020368 0.020136 0.020238 0.040704 0.020103 0.040040 0.020513 0.066520 0.430000 0.323574 0.334344 0.233787 0.281582 0.281424 0.236316 0.430000 0.270420 0.042953 0.040173 0.020180 0.020227 0.020313 0.040102 0.040255 0.020207 0.040581 0.020062 0.020339 0.022121 0.020325 0.020310 0.020166 0.020174 0.040411 0.040101 0.040057 0.040062 0.020352 0.042907 0.040139 0.020575 0.430000 0.265776 0.041769 0.020123 0.081908 0.344439 0.430000 0.430000 0.430000 0.430000 0.430000 -9999.0 -9999.0
-9999.0 -9999.0 -9999.0 -9999.0 -9999.0 -9999.0 -9999.0 -9999.0 0.020028 0.020282 0.050095 0.020219 0.040366 0.040497 0.035964 0.060886 0.083767 0.427538 0.430000 0.363352 0.315519 0.307129 0.358044 0.376708 0.349364 0.043284 0.040239 0.020103 0.040028 0.020699 0.020110 0.020135 0.020735 0.043119 0.020413 0.020339 0.020234 0.046027 0.020088 0.020403 0.020291 0.020578 0.020818 0.020299 0.040961 0.020458 0.021685 0.020594 0.020497 0.022470 0.041272 0.430000 0.430000 0.260720 0.430000 0.430000 0.430000 0.430000 0.430000 0.430000 0.430000 0.291605 -9999.0
-9999.0 -9999.0 -9999.0 -9999.0 -9999.0 -9999.0 -9999.0 -9999.0 0.040143 0.040483 0.040263 0.021395 0.021696 0.067692 0.430000 0.430000 0.430000 0.118916 0.040079 0.104818 0.391874 0.319959 0.355608 0.380968 0.430000 0.044018 0.040144 0.040893 0.118408 0.072418 0.020102 0.040921 0.069480 0.041298 0.020077 0.020106 0.023033 0.192760 0.052637 0.040326 0.020074 0.020196 0.023333 0.020804 0.020306 0.020233 0.020254 0.022772 0.023471 0.077611 0.067004 0.430000 0.430000 0.430000 0.430000 0.430000 0.430000 0.430000 0.430000 0.430000 0.430000 0.126558 -9999.0
-9999.0 -9999.0 0.020407 0.040648 0.040309 0.040452 0.040342 0.040391 0.040576 0.040362 0.041272 0.140398 0.115410 0.393812 0.430000 0.370740 0.020143 0.040184 0.040347 0.040105 0.163644 0.430000 0.430000 0.375866 0.425882 0.177703 0.044424 0.047148 0.096227 0.430000 0.041160 0.041523 0.430000 0.042861 0.149247 0.043208 0.364519 0.430000 0.089758 0.022477 0.060449 0.072600 0.022267 0.053779 0.020619 0.022969 0.121483 0.054973 0.052993 0.430000 0.430000 0.430000 0.430000 0.430000 0.430000 0.430000 0.430000 0.430000 0.430000 0.430000 0.058925 0.046053 -9999.0
-9999.0 0.040065 0.040056 0.040109 0.040177 0.040098 0.040565 0.040238 0.040202 0.020158 0.040682 0.040356 0.306074 0.430000 0.430000 0.020440 0.040484 0.040305 0.040055 0.043447 0.229561 0.430000 0.430000 0.428189 0.407232 0.304035 0.402404 0.430000 0.430000 0.376049 0.278143 0.161038 0.293737 0.430000 0.430000 0.430000 0.430000 0.430000 0.430000 0.430000 0.430000 0.430000 0.430000 0.084034 0.046686 0.093584 0.430000 0.430000 0.430000 0.430000 0.430000 0.430000 0.430000 0.430000 0.430000 0.430000 0.316888 0.257258 0.093502 0.059883 0.292363 0.320452 -9999.0
-9999.0 0.040566 0.040539 0.047513 0.345805 0.040514 0.040064 0.040310 0.040651 0.020504 0.040405 0.070067 0.305097 0.430000 0.021735 0.041148 0.020222 0.040550 0.077606 0.043479 0.121520 0.360588 0.430000 0.430000 0.427615 0.397096 0.299445 0.323770 0.430000 0.430000 0.352239 0.402937 0.430000 0.430000 0.430000 0.430000 0.430000 0.430000 0.430000 0.430000 0.430000 0.430000 0.430000 0.418313 0.271229 0.333549 0.393448 0.430000 0.430000 0.430000 0.430000 0.347453 0.266455 0.430000 0.334423 0.045778 0.042843 0.049717 0.050536 0.124376 0.196394 -9999.0 -9999.0
-9999.0 0.020190 0.040406 0.040071 0.077355 0.390367 0.430000 0.040161 0.040093 0.040132 0.040729 0.107141 0.430000 0.318929 0.046155 0.040458 0.040216 0.040337 0.040647 0.040719 0.040090 0.040672 0.430000 0.430000 0.430000 0.429999 0.427195 0.430000 0.385755 0.430000 0.317366 0.248654 0.430000 0.430000 0.430000 0.401428 0.430000 0.430000 0.430000 0.430000 0.430000 0.430000 0.430000 0.254888 0.232153 0.392755 0.388065 0.430000 0.430000 0.430000 0.042724 0.040781 0.042516 0.115061 0.042753 0.049403 0.049462 0.055714 0.062591 -9999.0 -9999.0 -9999.0 -9999.0
