user2019/resources/simulation/Vinschgau/output-maps/thetaliqL0006N0630.asc
ncols         63
nrows         48
xllcorner     598000.000000
yllcorner     5145000.000000
cellsize      1000.000000
NODATA_value  -9999.0
[rows 0 to 28 of 48, columns 0 to 62 of 63]
-9999.0 -9999.0 -9999.0 -9999.0 -9999.0 -9999.0 -9999.0 -9999.0 -9999.0 -9999.0 -9999.0 -9999.0 -9999.0 -9999.0 -9999.0 -9999.0 -9999.0 -9999.0 -9999.0 -9999.0 -9999.0 -9999.0 -9999.0 -9999.0 -9999.0 -9999.0 -9999.0 -9999.0 -9999.0 -9999.0 -9999.0 -9999.0 -9999.0 -9999.0 -9999.0 -9999.0 -9999.0 -9999.0 -9999.0 -9999.0 -9999.0 -9999.0 -9999.0 -9999.0 -9999.0 -9999.0 -9999.0 -9999.0 -9999.0 -9999.0 -9999.0 -9999.0 -9999.0 -9999.0 -9999.0 -9999.0 -9999.0 -9999.0 -9999.0 -9999.0 -9999.0 -9999.0 -9999.0
-9999.0 -9999.0 -9999.0 -9999.0 -9999.0 -9999.0 -9999.0 -9999.0 -9999.0 -9999.0 -9999.0 -9999.0 -9999.0 -9999.0 -9999.0 -9999.0 -9999.0 -9999.0 -9999.0 -9999.0 -9999.0 -9999.0 -9999.0 -9999.0 -9999.0 -9999.0 -9999.0 0.042367 0.199483 0.042330 0.199983 0.156066 0.200000 -9999.0 -9999.0 -9999.0 -9999.0 -9999.0 -9999.0 -9999.0 -9999.0 -9999.0 -9999.0 -9999.0 -9999.0 -9999.0 -9999.0 -9999.0 -9999.0 -9999.0 -9999.0 -9999.0 -9999.0 -9999.0 -9999.0 -9999.0 -9999.0 -9999.0 -9999.0 -9999.0 -9999.0 -9999.0 -9999.0
-9999.0 -9999.0 -9999.0 -9999.0 -9999.0 -9999.0 -9999.0 -9999.0 -9999.0 -9999.0 -9999.0 -9999.0 -9999.0 -9999.0 -9999.0 -9999.0 -9999.0 -9999.0 -9999.0 -9999.0 -9999.0 -9999.0 -9999.0 -9999.0 0.430000 0.430000 0.430000 0.430000 0.430000 0.200000 0.199226 -9999.0 -9999.0 -9999.0 -9999.0 -9999.0 -9999.0 -9999.0 -9999.0 -9999.0 -9999.0 -9999.0 -9999.0 -9999.0 -9999.0 -9999.0 -9999.0 -9999.0 -9999.0 -9999.0 -9999.0 -9999.0 -9999.0 -9999.0 -9999.0 -9999.0 -9999.0 -9999.0 -9999.0 -9999.0 -9999.0 -9999.0 -9999.0
-9999.0 -9999.0 -9999.0 -9999.0 -9999.0 -9999.0 -9999.0 -9999.0 -9999.0 -9999.0 -9999.0 -9999.0 -9999.0 -9999.0 -9999.0 -9999.0 -9999.0 -9999.0 -9999.0 -9999.0 -9999.0 -9999.0 -9999.0 0.430000 0.430000 0.161025 0.102324 0.021109 0.043822 0.195019 0.198417 0.199162 -9999.0 -9999.0 -9999.0 -9999.0 -9999.0 -9999.0 -9999.0 -9999.0 -9999.0 -9999.0 -9999.0 -9999.0 -9999.0 -9999.0 -9999.0 -9999.0 -9999.0 -9999.0 -9999.0 -9999.0 -9999.0 -9999.0 -9999.0 -9999.0 -9999.0 -9999.0 -9999.0 -9999.0 -9999.0 -9999.0 -9999.0
-9999.0 -9999.0 -9999.0 -9999.0 -9999.0 -9999.0 -9999.0 -9999.0 -9999.0 -9999.0 -9999.0 -9999.0 -9999.0 -9999.0 -9999.0 -9999.0 -9999.0 -9999.0 0.430000 0.430000 -9999.0 0.430000 0.430000 0.026860 0.113329 0.020768 0.262630 0.296193 0.193058 0.155781 0.199760 0.199894 0.042330 0.042354 -9999.0 -9999.0 -9999.0 -9999.0 -9999.0 -9999.0 -9999.0 -9999.0 -9999.0 -9999.0 -9999.0 -9999.0 -9999.0 -9999.0 -9999.0 -9999.0 -9999.0 -9999.0 -9999.0 -9999.0 -9999.0 -9999.0 -9999.0 -9999.0 -9999.0 -9999.0 -9999.0 -9999.0 -9999.0
-9999.0 -9999.0 -9999.0 -9999.0 -9999.0 -9999.0 -9999.0 -9999.0 -9999.0 -9999.0 -9999.0 -9999.0 -9999.0 -9999.0 -9999.0 -9999.0 -9999.0 0.143019 0.198750 0.020020 0.042310 0.316144 0.168990 0.020828 0.235087 0.147803 0.233634 0.430000 0.163454 0.357602 0.430000 0.200000 0.042293 0.042289 0.042346 0.042375 -9999.0 -9999.0 -9999.0 -9999.0 -9999.0 -9999.0 -9999.0 -9999.0 -9999.0 -9999.0 -9999.0 -9999.0 -9999.0 -9999.0 -9999.0 -9999.0 -9999.0 -9999.0 -9999.0 -9999.0 -9999.0 -9999.0 -9999.0 -9999.0 -9999.0 -9999.0 -9999.0
-9999.0 -9999.0 -9999.0 -9999.0 -9999.0 -9999.0 -9999.0 -9999.0 -9999.0 -9999.0 -9999.0 -9999.0 -9999.0 0.197718 0.303966 0.169648 0.149399 0.042366 0.148685 0.021481 0.153677 0.105072 0.020860 0.217806 0.178220 0.430000 0.020106 0.049481 0.035235 0.195083 0.430000 0.430000 0.200000 0.200000 0.042364 0.042377 -9999.0 -9999.0 -9999.0 -9999.0 -9999.0 -9999.0 -9999.0 -9999.0 -9999.0 -9999.0 -9999.0 -9999.0 -9999.0 -9999.0 -9999.0 -9999.0 -9999.0 -9999.0 -9999.0 -9999.0 -9999.0 -9999.0 -9999.0 -9999.0 -9999.0 -9999.0 -9999.0
-9999.0 -9999.0 -9999.0 -9999.0 -9999.0 -9999.0 -9999.0 -9999.0 -9999.0 -9999.0 -9999.0 -9999.0 -9999.0 0.430000 0.264768 0.160194 0.163015 0.417606 0.042338 0.095901 0.021937 0.057776 0.197757 0.140014 0.167495 0.037671 0.194729 0.042358 0.042361 0.048429 0.430000 0.199204 0.042358 0.042362 0.042362 -9999.0 -9999.0 -9999.0 -9999.0 -9999.0 -9999.0 -9999.0 -9999.0 -9999.0 -9999.0 -9999.0 -9999.0 -9999.0 -9999.0 -9999.0 -9999.0 -9999.0 -9999.0 -9999.0 -9999.0 -9999.0 -9999.0 -9999.0 -9999.0 -9999.0 -9999.0 -9999.0 -9999.0
-9999.0 -9999.0 -9999.0 -9999.0 -9999.0 -9999.0 -9999.0 -9999.0 -9999.0 -9999.0 -9999.0 -9999.0 -9999.0 0.207666 0.430000 0.165396 0.169852 0.159005 0.042335 0.165742 0.430000 0.020083 0.430000 0.247206 0.293961 0.430000 0.042331 0.042361 0.199434 0.042359 0.199516 0.042361 0.042364 0.042360 0.042363 -9999.0 -9999.0 -9999.0 -9999.0 -9999.0 -9999.0 -9999.0 -9999.0 -9999.0 -9999.0 -9999.0 -9999.0 -9999.0 -9999.0 -9999.0 -9999.0 -9999.0 -9999.0 -9999.0 -9999.0 -9999.0 -9999.0 -9999.0 -9999.0 -9999.0 -9999.0 -9999.0 -9999.0
-9999.0 -9999.0 -9999.0 -9999.0 -9999.0 -9999.0 -9999.0 -9999.0 -9999.0 -9999.0 -9999.0 -9999.0 0.024609 0.430000 0.200043 0.381812 0.330622 0.180609 0.390427 0.020019 0.146511 0.278827 0.020760 0.417836 0.430000 0.198492 0.430000 0.199406 0.200000 0.042361 0.186881 0.042351 0.200000 0.042355 -9999.0 -9999.0 -9999.0 -9999.0 -9999.0 -9999.0 -9999.0 -9999.0 -9999.0 -9999.0 -9999.0 -9999.0 -9999.0 -9999.0 -9999.0 -9999.0 -9999.0 -9999.0 -9999.0 -9999.0 -9999.0 -9999.0 -9999.0 -9999.0 -9999.0 -9999.0 -9999.0 -9999.0 -9999.0
-9999.0 -9999.0 -9999.0 -9999.0 -9999.0 -9999.0 -9999.0 -9999.0 -9999.0 -9999.0 -9999.0 0.430000 0.430000 0.430000 0.354574 0.430000 0.020118 0.268711 0.416947 0.020033 0.040565 0.410813 0.200000 0.199214 0.049940 0.200000 0.197518 0.200000 0.430000 0.042363 0.042351 0.200000 0.042369 0.042347 0.042353 0.042302 0.083941 0.076752 0.045568 -9999.0 -9999.0 -9999.0 0.042299 -9999.0 -9999.0 -9999.0 -9999.0 -9999.0 -9999.0 -9999.0 -9999.0 -9999.0 -9999.0 -9999.0 -9999.0 -9999.0 -9999.0 -9999.0 -9999.0 -9999.0 -9999.0 -9999.0 -9999.0
-9999.0 -9999.0 -9999.0 -9999.0 -9999.0 -9999.0 -9999.0 -9999.0 -9999.0 -9999.0 -9999.0 0.430000 0.430000 0.046820 0.395595 0.196387 0.310998 0.116395 0.399057 0.430000 0.430000 0.199950 0.430000 0.430000 0.430000 0.199874 0.198396 0.200000 0.042364 0.042357 0.200000 0.200000 0.197150 0.199848 0.161165 0.145636 0.108753 0.086030 0.085055 0.042247 0.042269 0.042365 0.197756 0.042356 -9999.0 -9999.0 -9999.0 0.430000 0.199345 0.042374 0.199888 0.042374 0.042378 0.430000 0.430000 0.042361 -9999.0 -9999.0 -9999.0 -9999.0 -9999.0 -9999.0 -9999.0
-9999.0 -9999.0 -9999.0 -9999.0 -9999.0 -9999.0 -9999.0 -9999.0 -9999.0 -9999.0 -9999.0 0.430000 0.430000 0.058888 0.430000 0.198585 0.430000 0.430000 0.430000 0.403803 0.430000 0.057780 0.430000 0.430000 0.199747 0.042319 0.430000 0.200000 0.042359 0.199452 0.042369 0.074512 0.199914 0.198432 0.042349 0.122908 0.075930 0.020384 0.079259 0.042211 0.078669 0.060524 0.153379 0.196663 0.196620 -9999.0 0.042356 0.199898 0.200000 0.200000 0.188859 0.042348 0.189981 0.200000 0.193910 0.200000 -9999.0 -9999.0 -9999.0 -9999.0 -9999.0 -9999.0 -9999.0
-9999.0 -9999.0 -9999.0 -9999.0 -9999.0 -9999.0 -9999.0 -9999.0 -9999.0 -9999.0 -9999.0 -9999.0 0.430000 0.430000 0.430000 0.430000 0.430000 0.412596 0.430000 0.402986 0.430000 0.055807 0.059022 0.430000 0.430000 0.430000 0.430000 0.171200 0.199958 0.042364 0.199971 0.430000 0.152360 0.198737 0.185865 0.123925 0.074313 0.065818 0.085213 0.049319 0.113174 0.042282 0.023857 0.430000 0.042325 0.199747 0.042359 0.199792 0.066118 0.430000 0.430000 0.430000 0.430000 0.430000 0.430000 0.430000 0.430000 -9999.0 -9999.0 -9999.0 -9999.0 -9999.0 -9999.0
-9999.0 -9999.0 -9999.0 -9999.0 -9999.0 -9999.0 -9999.0 -9999.0 -9999.0 -9999.0 -9999.0 0.430000 0.430000 0.172405 0.430000 0.430000 0.430000 0.430000 0.430000 0.314654 0.430000 0.430000 0.430000 0.058873 0.430000 0.430000 0.430000 0.199358 0.196056 0.042319 0.430000 0.430000 0.200000 0.199782 0.196804 0.150599 0.071168 0.020387 0.123106 0.081956 0.020474 0.071480 0.224328 0.020113 0.199489 0.198836 0.200000 0.042325 0.042315 0.021824 0.020118 0.199474 0.430000 0.020118 0.020118 0.042360 0.042373 -9999.0 -9999.0 -9999.0 -9999.0 -9999.0 -9999.0
-9999.0 -9999.0 -9999.0 -9999.0 -9999.0 -9999.0 -9999.0 -9999.0 -9999.0 -9999.0 0.430000 0.430000 0.430000 0.430000 0.430000 0.430000 0.430000 0.427370 0.226937 0.276129 0.430000 0.430000 0.092820 0.430000 0.430000 0.430000 0.072981 0.020115 0.179004 0.199994 0.430000 0.430000 0.199997 0.199742 0.042362 0.042326 0.119946 0.079602 0.074594 0.081564 0.020468 0.020120 0.042423 0.256774 0.430000 0.042314 0.200000 0.061775 0.430000 0.430000 0.020118 0.042353 0.020118 0.042357 0.042351 0.200000 0.200000 -9999.0 -9999.0 -9999.0 -9999.0 -9999.0 -9999.0
-9999.0 -9999.0 -9999.0 -9999.0 -9999.0 -9999.0 -9999.0 -9999.0 -9999.0 0.199869 0.430000 0.430000 0.430000 0.430000 0.430000 0.430000 0.430000 0.430000 0.325527 0.191490 0.430000 0.295445 0.080360 0.385790 0.429271 0.113056 0.430000 0.199666 0.060304 0.430000 0.430000 0.026326 0.042365 0.042363 0.042362 0.042350 0.199925 0.190590 0.137411 0.266477 0.188883 0.337689 0.057958 0.094790 0.044891 0.055859 0.198469 0.053033 0.056647 0.430000 0.022086 0.042367 0.042357 0.042354 0.042363 0.077667 0.430000 0.042907 0.042339 -9999.0 -9999.0 -9999.0 -9999.0
-9999.0 -9999.0 -9999.0 -9999.0 -9999.0 -9999.0 -9999.0 -9999.0 -9999.0 0.189554 0.199978 0.199873 0.430000 0.430000 0.430000 0.430000 0.430000 0.430000 0.288060 0.230566 0.264055 0.226338 0.421537 0.430000 0.110529 0.430000 0.430000 0.430000 0.424331 0.430000 0.155593 0.111789 0.200000 0.199600 0.200000 0.042298 0.042314 0.042305 0.177372 0.199993 0.430000 0.074422 0.199205 0.340311 0.290346 0.201992 0.265059 0.031771 0.042892 0.430000 0.027337 0.069455 0.042358 0.199794 0.044009 0.430000 0.078440 0.430000 0.042544 -9999.0 -9999.0 -9999.0 -9999.0
-9999.0 -9999.0 -9999.0 -9999.0 -9999.0 -9999.0 -9999.0 -9999.0 -9999.0 -9999.0 0.199643 0.200000 0.430000 0.430000 0.046205 0.430000 0.430000 0.422133 0.219835 0.196073 0.334100 0.070207 0.430000 0.103165 0.430000 0.430000 0.430000 0.430000 0.158148 0.430000 0.119782 0.430000 0.080707 0.199716 0.200000 0.200000 0.428254 0.430000 0.042355 0.199796 0.196500 0.430000 0.430000 0.073952 0.105900 0.430000 0.089903 0.430000 0.049889 0.065512 0.025311 0.022096 0.042366 0.042357 0.430000 0.199980 0.430000 0.200000 0.074986 0.430000 -9999.0 -9999.0 -9999.0
-9999.0 -9999.0 -9999.0 -9999.0 -9999.0 -9999.0 -9999.0 -9999.0 -9999.0 -9999.0 0.200000 0.200000 0.430000 0.430000 0.422063 0.336890 0.408813 0.253655 0.164498 0.185896 0.178147 0.266800 0.397771 0.405639 0.427656 0.421357 0.430000 0.430000 0.430000 0.092013 0.199787 0.430000 0.020119 0.199181 0.199597 0.430000 0.430000 0.430000 0.067385 0.199402 0.200000 0.042792 0.430000 0.199632 0.430000 0.025670 0.430000 0.105896 0.092037 0.064229 0.094579 0.059573 0.430000 0.042374 0.042376 0.042360 0.198992 0.076492 0.430000 0.430000 -9999.0 -9999.0 -9999.0
-9999.0 -9999.0 -9999.0 -9999.0 -9999.0 -9999.0 -9999.0 -9999.0 0.430000 0.197511 0.163440 0.430000 0.430000 0.430000 0.430000 0.366472 0.139863 0.212764 0.158384 0.179464 0.158660 0.138202 0.166452 0.158430 0.219053 0.413144 0.430000 0.430000 0.430000 0.075750 0.042359 0.199981 0.199994 0.199654 0.200000 0.196850 0.199956 0.430000 0.117411 0.042366 0.042360 0.430000 0.020118 0.042361 0.042312 0.430000 0.119683 0.430000 0.104023 0.430000 0.430000 0.025448 0.430000 0.073918 0.042331 0.192275 0.042783 0.430000 0.065231 0.430000 -9999.0 -9999.0 -9999.0
-9999.0 -9999.0 -9999.0 -9999.0 -9999.0 -9999.0 -9999.0 -9999.0 0.124292 0.430000 0.063550 0.199239 0.199458 0.430000 0.430000 0.430000 0.348632 0.230055 0.022453 0.169349 0.268252 0.205206 0.288034 0.233252 0.119910 0.410880 0.430000 0.430000 0.020118 0.199985 0.199946 0.042319 0.200000 0.042376 0.430000 0.430000 0.200000 0.430000 0.066753 0.200000 0.199791 0.084614 0.042360 0.200000 0.430000 0.430000 0.020118 0.199903 0.077885 0.430000 0.430000 0.430000 0.430000 0.200000 0.186760 0.020118 0.063977 0.066815 0.067454 0.430000 0.224123 -9999.0 -9999.0
-9999.0 -9999.0 -9999.0 -9999.0 -9999.0 -9999.0 -9999.0 -9999.0 0.199697 0.200000 0.153456 0.066192 0.430000 0.020118 0.430000 0.093571 0.334193 0.152297 0.093035 0.280747 0.167057 0.189954 0.197585 0.160886 0.241969 0.427738 0.430000 0.430000 0.020118 0.200000 0.042323 0.430000 0.430000 0.021643 0.430000 0.200000 0.064028 0.101876 0.115851 0.071823 0.200000 0.042367 0.430000 0.430000 0.430000 0.430000 0.042317 0.430000 0.430000 0.107928 0.426083 0.430000 0.105150 0.105305 0.066558 0.430000 0.430000 0.430000 0.430000 0.409845 0.308418 -9999.0 -9999.0
-9999.0 -9999.0 -9999.0 -9999.0 -9999.0 -9999.0 -9999.0 -9999.0 0.042369 0.200000 0.430000 0.020100 0.430000 0.430000 0.024166 0.428327 0.041895 0.084455 0.279625 0.155134 0.167355 0.165741 0.185796 0.190156 0.178171 0.429237 0.430000 0.103047 0.430000 0.061279 0.059699 0.062325 0.021626 0.430000 0.021778 0.194784 0.197554 0.430000 0.108750 0.069521 0.199788 0.200000 0.200000 0.042344 0.430000 0.042326 0.182864 0.042342 0.193800 0.060846 0.430000 0.430000 0.430000 0.430000 0.430000 0.430000 0.430000 0.430000 0.292267 0.315451 0.388337 0.430000 -9999.0
-9999.0 -9999.0 -9999.0 -9999.0 -9999.0 -9999.0 -9999.0 -9999.0 0.430000 0.430000 0.430000 0.104421 0.104065 0.430000 0.430000 0.415403 0.430000 0.384601 0.391648 0.206098 0.152989 0.160858 0.159185 0.159940 0.174060 0.312278 0.430000 0.430000 0.430000 0.430000 0.101753 0.430000 0.061897 0.430000 0.054171 0.052766 0.064028 0.430000 0.108216 0.430000 0.065554 0.021033 0.064392 0.021794 0.064313 0.199826 0.062137 0.064389 0.059032 0.061194 0.052165 0.215019 0.413432 0.392658 0.430000 0.430000 0.430000 0.415049 0.405341 0.413355 0.430000 0.430000 -9999.0
-9999.0 -9999.0 0.168284 0.430000 0.430000 0.430000 0.430000 0.430000 0.430000 0.430000 0.430000 0.430000 0.430000 0.430000 0.430000 0.430000 0.104317 0.430000 0.430000 0.417017 0.144440 0.146598 0.204715 0.134286 0.177625 0.138299 0.263385 0.392986 0.429654 0.430000 0.430000 0.430000 0.430000 0.430000 0.430000 0.430000 0.430000 0.430000 0.107936 0.110098 0.063976 0.063925 0.097718 0.430000 0.099604 0.061827 0.430000 0.430000 0.060759 0.320224 0.174500 0.223741 0.430000 0.430000 0.430000 0.430000 0.430000 0.430000 0.430000 0.430000 0.430000 0.430000 -9999.0
-9999.0 0.430000 0.430000 0.430000 0.430000 0.430000 0.430000 0.430000 0.430000 0.199979 0.430000 0.430000 0.430000 0.430000 0.430000 0.114300 0.430000 0.430000 0.430000 0.412172 0.124667 0.215115 0.343471 0.154653 0.166394 0.140691 0.187526 0.191101 0.251323 0.416446 0.155411 0.273725 0.430000 0.430000 0.430000 0.430000 0.430000 0.426835 0.430000 0.430000 0.430000 0.430000 0.430000 0.430000 0.414146 0.366376 0.399378 0.343585 0.253745 0.175256 0.327923 0.430000 0.430000 0.430000 0.430000 0.430000 0.430000 0.430000 0.430000 0.430000 0.430000 0.430000 -9999.0
-9999.0 0.430000 0.430000 0.430000 0.430000 0.430000 0.430000 0.430000 0.430000 0.163180 0.430000 0.430000 0.430000 0.430000 0.113260 0.430000 0.071480 0.430000 0.430000 0.430000 0.430000 0.430000 0.316974 0.286986 0.307514 0.250078 0.117236 0.147670 0.199104 0.088853 0.069632 0.073178 0.430000 0.430000 0.430000 0.359570 0.372671 0.401765 0.430000 0.330255 0.430000 0.430000 0.430000 0.179447 0.131866 0.077289 0.198530 0.271725 0.423680 0.430000 0.430000 0.430000 0.430000 0.430000 0.430000 0.430000 0.430000 0.430000 0.430000 0.430000 0.430000 -9999.0 -9999.0
-9999.0 0.176515 0.430000 0.430000 0.430000 0.430000 0.430000 0.430000 0.430000 0.430000 0.430000 0.430000 0.430000 0.430000 0.430000 0.430000 0.430000 0.430000 0.430000 0.430000 0.416114 0.345213 0.168114 0.353465 0.430000 0.273562 0.430000 0.430000 0.158016 0.230382 0.151231 0.141985 0.374946 0.343768 0.331181 0.251567 0.430000 0.404485 0.430000 0.258547 0.223993 0.430000 0.430000 0.167873 0.164203 0.430000 0.282359 0.430000 0.430000 0.430000 0.430000 0.430000 0.430000 0.430000 0.430000 0.430000 0.430000 0.430000 0.430000 -9999.0 -9999.0 -9999.0 -9999.0
