user2019/resources/simulation/Vinschgau/output-maps/thetaiceL0005N0314.asc
ncols         63
nrows         48
xllcorner     598000.000000
yllcorner     5145000.000000
cellsize      1000.000000
NODATA_value  -9999.0
[rows 0 to 28 of 48, columns 0 to 62 of 63]
-9999.0 -9999.0 -9999.0 -9999.0 -9999.0 -9999.0 -9999.0 -9999.0 -9999.0 -9999.0 -9999.0 -9999.0 -9999.0 -9999.0 -9999.0 -9999.0 -9999.0 -9999.0 -9999.0 -9999.0 -9999.0 -9999.0 -9999.0 -9999.0 -9999.0 -9999.0 -9999.0 -9999.0 -9999.0 -9999.0 -9999.0 -9999.0 -9999.0 -9999.0 -9999.0 -9999.0 -9999.0 -9999.0 -9999.0 -9999.0 -9999.0 -9999.0 -9999.0 -9999.0 -9999.0 -9999.0 -9999.0 -9999.0 -9999.0 -9999.0 -9999.0 -9999.0 -9999.0 -9999.0 -9999.0 -9999.0 -9999.0 -9999.0 -9999.0 -9999.0 -9999.0 -9999.0 -9999.0
-9999.0 -9999.0 -9999.0 -9999.0 -9999.0 -9999.0 -9999.0 -9999.0 -9999.0 -9999.0 -9999.0 -9999.0 -9999.0 -9999.0 -9999.0 -9999.0 -9999.0 -9999.0 -9999.0 -9999.0 -9999.0 -9999.0 -9999.0 -9999.0 -9999.0 -9999.0 -9999.0 0.019958 0.097628 0.019894 0.083261 0.019941 0.019940 -9999.0 -9999.0 -9999.0 -9999.0 -9999.0 -9999.0 -9999.0 -9999.0 -9999.0 -9999.0 -9999.0 -9999.0 -9999.0 -9999.0 -9999.0 -9999.0 -9999.0 -9999.0 -9999.0 -9999.0 -9999.0 -9999.0 -9999.0 -9999.0 -9999.0 -9999.0 -9999.0 -9999.0 -9999.0 -9999.0
-9999.0 -9999.0 -9999.0 -9999.0 -9999.0 -9999.0 -9999.0 -9999.0 -9999.0 -9999.0 -9999.0 -9999.0 -9999.0 -9999.0 -9999.0 -9999.0 -9999.0 -9999.0 -9999.0 -9999.0 -9999.0 -9999.0 -9999.0 -9999.0 0.173388 0.181270 0.211323 0.190210 0.200633 0.071464 0.084374 -9999.0 -9999.0 -9999.0 -9999.0 -9999.0 -9999.0 -9999.0 -9999.0 -9999.0 -9999.0 -9999.0 -9999.0 -9999.0 -9999.0 -9999.0 -9999.0 -9999.0 -9999.0 -9999.0 -9999.0 -9999.0 -9999.0 -9999.0 -9999.0 -9999.0 -9999.0 -9999.0 -9999.0 -9999.0 -9999.0 -9999.0 -9999.0
-9999.0 -9999.0 -9999.0 -9999.0 -9999.0 -9999.0 -9999.0 -9999.0 -9999.0 -9999.0 -9999.0 -9999.0 -9999.0 -9999.0 -9999.0 -9999.0 -9999.0 -9999.0 -9999.0 -9999.0 -9999.0 -9999.0 -9999.0 0.187183 0.210307 0.363943 0.368163 0.360063 0.365408 0.070627 0.129764 0.087739 -9999.0 -9999.0 -9999.0 -9999.0 -9999.0 -9999.0 -9999.0 -9999.0 -9999.0 -9999.0 -9999.0 -9999.0 -9999.0 -9999.0 -9999.0 -9999.0 -9999.0 -9999.0 -9999.0 -9999.0 -9999.0 -9999.0 -9999.0 -9999.0 -9999.0 -9999.0 -9999.0 -9999.0 -9999.0 -9999.0 -9999.0
-9999.0 -9999.0 -9999.0 -9999.0 -9999.0 -9999.0 -9999.0 -9999.0 -9999.0 -9999.0 -9999.0 -9999.0 -9999.0 -9999.0 -9999.0 -9999.0 -9999.0 -9999.0 0.368543 0.349346 -9999.0 0.192635 0.242140 0.364213 0.389957 0.353245 0.268013 0.259941 0.355043 0.355438 0.072898 0.118721 0.019911 0.019967 -9999.0 -9999.0 -9999.0 -9999.0 -9999.0 -9999.0 -9999.0 -9999.0 -9999.0 -9999.0 -9999.0 -9999.0 -9999.0 -9999.0 -9999.0 -9999.0 -9999.0 -9999.0 -9999.0 -9999.0 -9999.0 -9999.0 -9999.0 -9999.0 -9999.0 -9999.0 -9999.0 -9999.0 -9999.0
-9999.0 -9999.0 -9999.0 -9999.0 -9999.0 -9999.0 -9999.0 -9999.0 -9999.0 -9999.0 -9999.0 -9999.0 -9999.0 -9999.0 -9999.0 -9999.0 -9999.0 0.389094 0.371341 0.000119 0.019794 0.284009 0.348433 0.217240 0.000099 0.254712 0.230111 0.164176 0.235634 0.253239 0.317576 0.071701 0.019726 0.019841 0.019987 0.019918 -9999.0 -9999.0 -9999.0 -9999.0 -9999.0 -9999.0 -9999.0 -9999.0 -9999.0 -9999.0 -9999.0 -9999.0 -9999.0 -9999.0 -9999.0 -9999.0 -9999.0 -9999.0 -9999.0 -9999.0 -9999.0 -9999.0 -9999.0 -9999.0 -9999.0 -9999.0 -9999.0
-9999.0 -9999.0 -9999.0 -9999.0 -9999.0 -9999.0 -9999.0 -9999.0 -9999.0 -9999.0 -9999.0 -9999.0 -9999.0 0.068183 0.342927 0.362518 0.359716 0.000000 0.385918 0.350107 0.369624 0.388701 0.365136 0.004057 0.195285 0.199606 0.018284 0.049573 0.053382 0.174748 0.161731 0.225927 0.080845 0.085570 0.019914 0.019915 -9999.0 -9999.0 -9999.0 -9999.0 -9999.0 -9999.0 -9999.0 -9999.0 -9999.0 -9999.0 -9999.0 -9999.0 -9999.0 -9999.0 -9999.0 -9999.0 -9999.0 -9999.0 -9999.0 -9999.0 -9999.0 -9999.0 -9999.0 -9999.0 -9999.0 -9999.0 -9999.0
-9999.0 -9999.0 -9999.0 -9999.0 -9999.0 -9999.0 -9999.0 -9999.0 -9999.0 -9999.0 -9999.0 -9999.0 -9999.0 0.311475 0.389981 0.360248 0.360152 0.275290 0.000000 0.363007 0.374581 0.252453 0.389988 0.293273 0.301215 0.055276 0.098954 0.019913 0.019913 0.071180 0.194134 0.078330 0.019916 0.019916 0.019915 -9999.0 -9999.0 -9999.0 -9999.0 -9999.0 -9999.0 -9999.0 -9999.0 -9999.0 -9999.0 -9999.0 -9999.0 -9999.0 -9999.0 -9999.0 -9999.0 -9999.0 -9999.0 -9999.0 -9999.0 -9999.0 -9999.0 -9999.0 -9999.0 -9999.0 -9999.0 -9999.0 -9999.0
-9999.0 -9999.0 -9999.0 -9999.0 -9999.0 -9999.0 -9999.0 -9999.0 -9999.0 -9999.0 -9999.0 -9999.0 -9999.0 0.313883 0.389920 0.363983 0.361717 0.361593 0.000000 0.344367 0.353480 0.013653 0.253921 0.228768 0.163490 0.150207 0.019906 0.019917 0.131212 0.019917 0.076779 0.019918 0.019918 0.019921 0.019917 -9999.0 -9999.0 -9999.0 -9999.0 -9999.0 -9999.0 -9999.0 -9999.0 -9999.0 -9999.0 -9999.0 -9999.0 -9999.0 -9999.0 -9999.0 -9999.0 -9999.0 -9999.0 -9999.0 -9999.0 -9999.0 -9999.0 -9999.0 -9999.0 -9999.0 -9999.0 -9999.0 -9999.0
-9999.0 -9999.0 -9999.0 -9999.0 -9999.0 -9999.0 -9999.0 -9999.0 -9999.0 -9999.0 -9999.0 -9999.0 0.147907 0.389984 0.389939 0.196000 0.355200 0.362554 0.000000 0.000533 0.213484 0.184098 0.015705 0.190296 0.277957 0.078081 0.191640 0.091401 0.068819 0.019919 0.075781 0.019957 0.119114 0.019914 -9999.0 -9999.0 -9999.0 -9999.0 -9999.0 -9999.0 -9999.0 -9999.0 -9999.0 -9999.0 -9999.0 -9999.0 -9999.0 -9999.0 -9999.0 -9999.0 -9999.0 -9999.0 -9999.0 -9999.0 -9999.0 -9999.0 -9999.0 -9999.0 -9999.0 -9999.0 -9999.0 -9999.0 -9999.0
-9999.0 -9999.0 -9999.0 -9999.0 -9999.0 -9999.0 -9999.0 -9999.0 -9999.0 -9999.0 -9999.0 0.206478 0.277204 0.363894 0.182892 0.245937 0.016289 0.362919 0.000000 0.000513 0.372439 0.330586 0.081074 0.078076 0.062054 0.072607 0.077514 0.075498 0.211405 0.019918 0.019975 0.115834 0.019916 0.019907 0.019874 0.019841 0.060435 0.135986 0.088231 -9999.0 -9999.0 -9999.0 0.019935 -9999.0 -9999.0 -9999.0 -9999.0 -9999.0 -9999.0 -9999.0 -9999.0 -9999.0 -9999.0 -9999.0 -9999.0 -9999.0 -9999.0 -9999.0 -9999.0 -9999.0 -9999.0 -9999.0 -9999.0
-9999.0 -9999.0 -9999.0 -9999.0 -9999.0 -9999.0 -9999.0 -9999.0 -9999.0 -9999.0 -9999.0 0.230383 0.193758 0.279026 0.326829 0.084035 0.219996 0.357870 0.000000 0.259092 0.379923 0.346730 0.188429 0.224030 0.234309 0.073879 0.068185 0.075370 0.019982 0.019914 0.071774 0.068448 0.065824 0.090987 0.096369 0.061574 0.151055 0.021038 0.142073 0.019883 0.019776 0.019860 0.086326 0.019933 -9999.0 -9999.0 -9999.0 0.361517 0.116316 0.019953 0.071590 0.019956 0.019971 0.360099 0.356030 0.019981 -9999.0 -9999.0 -9999.0 -9999.0 -9999.0 -9999.0 -9999.0
-9999.0 -9999.0 -9999.0 -9999.0 -9999.0 -9999.0 -9999.0 -9999.0 -9999.0 -9999.0 -9999.0 0.226709 0.224055 0.073050 0.312246 0.079358 0.316793 0.370312 0.002729 0.000000 0.362904 0.159240 0.286475 0.199340 0.070645 0.019894 0.271834 0.072545 0.019913 0.078948 0.019911 0.068822 0.156176 0.092276 0.019888 0.117958 0.247975 0.102685 0.000000 0.018758 0.238806 0.050174 0.199905 0.066903 0.087028 -9999.0 0.019912 0.109369 0.066184 0.154435 0.056380 0.019229 0.117180 0.355478 0.135694 0.332904 -9999.0 -9999.0 -9999.0 -9999.0 -9999.0 -9999.0 -9999.0
-9999.0 -9999.0 -9999.0 -9999.0 -9999.0 -9999.0 -9999.0 -9999.0 -9999.0 -9999.0 -9999.0 -9999.0 0.232251 0.302939 0.306531 0.268994 0.228436 0.361608 0.000055 0.000000 0.371192 0.151846 0.232285 0.287248 0.221807 0.277959 0.371820 0.019911 0.074128 0.019970 0.068241 0.212058 0.025509 0.091473 0.062972 0.073461 0.234060 0.247528 0.000000 0.083202 0.278319 0.000000 0.316288 0.354556 0.019939 0.121802 0.019965 0.100008 0.072145 0.175058 0.350121 0.240633 0.340399 0.354058 0.244782 0.250027 0.238500 -9999.0 -9999.0 -9999.0 -9999.0 -9999.0 -9999.0
-9999.0 -9999.0 -9999.0 -9999.0 -9999.0 -9999.0 -9999.0 -9999.0 -9999.0 -9999.0 -9999.0 0.320453 0.207103 0.019959 0.311238 0.322665 0.343472 0.360337 0.079056 0.332035 0.359088 0.380054 0.348711 0.156991 0.280919 0.354398 0.311554 0.069475 0.069886 0.019884 0.253451 0.212764 0.240974 0.083389 0.079369 0.085256 0.080627 0.099574 0.267106 0.000000 0.111827 0.345039 0.349446 0.003081 0.355033 0.089900 0.061383 0.019727 0.019702 0.024693 0.020057 0.067881 0.227992 0.020076 0.019895 0.019913 0.019962 -9999.0 -9999.0 -9999.0 -9999.0 -9999.0 -9999.0
-9999.0 -9999.0 -9999.0 -9999.0 -9999.0 -9999.0 -9999.0 -9999.0 -9999.0 -9999.0 0.322797 0.288650 0.314305 0.166275 0.350585 0.346844 0.223651 0.203846 0.361584 0.318542 0.000235 0.362381 0.125791 0.360208 0.337882 0.323694 0.066491 0.020007 0.062269 0.307657 0.354209 0.208509 0.070863 0.086226 0.019913 0.019932 0.140859 0.236087 0.178501 0.308664 0.181796 0.017504 0.020004 0.364333 0.353931 0.019869 0.061802 0.143435 0.361988 0.348599 0.019642 0.019909 0.019903 0.019915 0.019915 0.193070 0.256935 -9999.0 -9999.0 -9999.0 -9999.0 -9999.0 -9999.0
-9999.0 -9999.0 -9999.0 -9999.0 -9999.0 -9999.0 -9999.0 -9999.0 -9999.0 0.060477 0.342942 0.331536 0.351617 0.291117 0.358562 0.208288 0.226850 0.356170 0.364708 0.180139 0.000037 0.311182 0.271620 0.359393 0.325651 0.065481 0.295151 0.331892 0.256618 0.354200 0.333679 0.019787 0.019912 0.019916 0.019910 0.019903 0.057456 0.230596 0.232829 0.212341 0.299424 0.230692 0.070276 0.295040 0.384609 0.247953 0.301601 0.076646 0.051696 0.364616 0.017181 0.019978 0.019916 0.019914 0.019947 0.080998 0.342460 0.029040 0.019860 -9999.0 -9999.0 -9999.0 -9999.0
-9999.0 -9999.0 -9999.0 -9999.0 -9999.0 -9999.0 -9999.0 -9999.0 -9999.0 0.025231 0.061024 0.081773 0.384117 0.299634 0.337848 0.289014 0.371794 0.244993 0.367325 0.000000 0.000000 0.000000 0.357673 0.353503 0.070712 0.276330 0.340362 0.349667 0.375262 0.278061 0.063569 0.068498 0.073394 0.101469 0.069469 0.019887 0.019915 0.019880 0.083128 0.055026 0.314881 0.070115 0.276947 0.331898 0.376240 0.051814 0.118638 0.370408 0.340904 0.352693 0.019738 0.079010 0.019910 0.077735 0.019912 0.355372 0.200487 0.231371 0.021295 -9999.0 -9999.0 -9999.0 -9999.0
-9999.0 -9999.0 -9999.0 -9999.0 -9999.0 -9999.0 -9999.0 -9999.0 -9999.0 -9999.0 0.079954 0.054477 0.237601 0.363255 0.139054 0.326004 0.267681 0.389922 0.344330 0.000000 0.000250 0.369026 0.331626 0.209149 0.259038 0.339511 0.389945 0.347794 0.060690 0.220236 0.066835 0.304293 0.073966 0.073097 0.073554 0.261382 0.344883 0.297936 0.019970 0.080312 0.082439 0.185973 0.179414 0.073799 0.060412 0.202725 0.380942 0.368825 0.000000 0.377867 0.018760 0.017180 0.019962 0.019909 0.250278 0.076910 0.249290 0.360179 0.366198 0.376713 -9999.0 -9999.0 -9999.0
-9999.0 -9999.0 -9999.0 -9999.0 -9999.0 -9999.0 -9999.0 -9999.0 -9999.0 -9999.0 0.093960 0.076932 0.227094 0.347885 0.000000 0.389982 0.318381 0.361580 0.000000 0.000000 0.261618 0.368835 0.356905 0.235608 0.316167 0.389932 0.032896 0.357984 0.239547 0.069062 0.072511 0.232119 0.019840 0.071003 0.072687 0.211052 0.286838 0.166553 0.070122 0.076371 0.096771 0.019952 0.233657 0.076205 0.284932 0.020744 0.161863 0.063328 0.383016 0.042124 0.380193 0.057575 0.222304 0.019958 0.020009 0.019951 0.078241 0.206360 0.389293 0.029672 -9999.0 -9999.0 -9999.0
-9999.0 -9999.0 -9999.0 -9999.0 -9999.0 -9999.0 -9999.0 -9999.0 0.327226 0.145530 0.021910 0.226471 0.203005 0.177290 0.284445 0.365287 0.316281 0.000000 0.000000 0.000000 0.000000 0.000045 0.354917 0.359940 0.381095 0.136689 0.157477 0.244132 0.239699 0.067812 0.019917 0.077863 0.080937 0.079345 0.095037 0.070327 0.054637 0.202383 0.075759 0.019980 0.019906 0.216717 0.020074 0.019911 0.019824 0.170587 0.071383 0.204507 0.382586 0.212610 0.389899 0.057989 0.190877 0.079041 0.019823 0.137488 0.031512 0.389199 0.367005 0.000198 -9999.0 -9999.0 -9999.0
-9999.0 -9999.0 -9999.0 -9999.0 -9999.0 -9999.0 -9999.0 -9999.0 0.019621 0.277042 0.080094 0.065879 0.087453 0.259612 0.243102 0.364878 0.389962 0.372795 0.000000 0.000000 0.000000 0.000000 0.000000 0.000000 0.223302 0.000003 0.369058 0.181967 0.020065 0.074156 0.106039 0.019793 0.074635 0.019962 0.158452 0.165880 0.103980 0.340766 0.076356 0.061847 0.070522 0.019917 0.019909 0.065850 0.220628 0.236233 0.020025 0.083452 0.052989 0.389925 0.000525 0.295911 0.233829 0.330636 0.063885 0.013896 0.209503 0.375996 0.000000 0.000000 0.000000 -9999.0 -9999.0
-9999.0 -9999.0 -9999.0 -9999.0 -9999.0 -9999.0 -9999.0 -9999.0 0.059926 0.070058 0.234567 0.070847 0.214414 0.019815 0.346595 0.076358 0.378888 0.210458 0.000000 0.000000 0.000000 0.000000 0.000000 0.000000 0.000000 0.363366 0.389986 0.287449 0.019334 0.063506 0.019806 0.214427 0.223306 0.017259 0.170222 0.287521 0.056091 0.332711 0.072444 0.074484 0.091879 0.019983 0.166821 0.248025 0.237817 0.213606 0.019940 0.261984 0.244507 0.383196 0.000033 0.376338 0.100316 0.079458 0.372251 0.374089 0.000298 0.000000 0.000000 0.000000 0.000000 -9999.0 -9999.0
-9999.0 -9999.0 -9999.0 -9999.0 -9999.0 -9999.0 -9999.0 -9999.0 0.019911 0.066690 0.364262 0.017488 0.352937 0.362647 0.067649 0.389956 0.148573 0.000000 0.000337 0.000000 0.000000 0.000000 0.000000 0.000000 0.030853 0.389982 0.350702 0.156227 0.359084 0.343675 0.077085 0.056718 0.060721 0.353880 0.017725 0.077718 0.075543 0.389835 0.071501 0.069816 0.063346 0.069370 0.074869 0.019619 0.178708 0.019837 0.100689 0.019022 0.181026 0.079303 0.389972 0.000000 0.107459 0.373293 0.000090 0.000000 0.000000 0.000000 0.000000 0.000000 0.000000 0.389805 -9999.0
-9999.0 -9999.0 -9999.0 -9999.0 -9999.0 -9999.0 -9999.0 -9999.0 0.243918 0.181710 0.363530 0.241358 0.355722 0.389960 0.000000 0.057066 0.078687 0.362359 0.389981 0.374535 0.000000 0.000000 0.000000 0.000000 0.000000 0.389978 0.273011 0.342596 0.356290 0.374711 0.245976 0.385288 0.374914 0.362047 0.077567 0.075329 0.257634 0.379967 0.380056 0.205690 0.070657 0.012351 0.297053 0.028444 0.076291 0.121579 0.073773 0.351957 0.268982 0.374725 0.060333 0.000585 0.000000 0.000000 0.000000 0.000000 0.000000 0.000000 0.000000 0.000000 0.089538 0.389950 -9999.0
-9999.0 -9999.0 0.019631 0.199348 0.223438 0.187153 0.231152 0.202520 0.190484 0.168703 0.200712 0.368460 0.389949 0.370256 0.000000 0.260134 0.381992 0.233731 0.184539 0.389978 0.381424 0.000000 0.000000 0.000000 0.000000 0.389928 0.389976 0.389975 0.389946 0.000399 0.345897 0.362462 0.000000 0.389974 0.389746 0.389965 0.368529 0.037409 0.383892 0.359848 0.304168 0.380929 0.385265 0.389924 0.279550 0.360779 0.389812 0.389958 0.195080 0.000000 0.000000 0.000000 0.000000 0.000000 0.000000 0.000000 0.000000 0.000003 0.035708 0.291017 0.389953 0.389855 -9999.0
-9999.0 0.320732 0.329252 0.267745 0.218527 0.348522 0.197458 0.240271 0.230653 0.078844 0.197111 0.357987 0.389803 0.000000 0.000004 0.276852 0.175568 0.224962 0.345654 0.389961 0.385368 0.001976 0.000000 0.000000 0.000000 0.000000 0.000000 0.000000 0.000068 0.319159 0.368152 0.389582 0.373659 0.000000 0.000089 0.000000 0.000000 0.000000 0.000000 0.000018 0.000320 0.000000 0.000524 0.389952 0.389962 0.389943 0.000579 0.001027 0.000000 0.000000 0.000000 0.000000 0.000000 0.000015 0.000035 0.098449 0.389152 0.389891 0.389936 0.373029 0.355927 0.360724 -9999.0
-9999.0 0.176140 0.359104 0.356944 0.362623 0.355226 0.303431 0.213189 0.198861 0.019730 0.171386 0.355201 0.389862 0.000000 0.384069 0.236031 0.078615 0.203103 0.361718 0.389966 0.389911 0.237113 0.000502 0.000000 0.000000 0.000000 0.000000 0.000000 0.000000 0.000000 0.000000 0.000000 0.000000 0.000000 0.000000 0.000000 0.000000 0.000000 0.000000 0.000000 0.000000 0.000000 0.000000 0.000000 0.000000 0.000000 0.000000 0.000000 0.000000 0.000000 0.000056 0.314182 0.389902 0.001779 0.389779 0.389965 0.389978 0.267880 0.236130 0.341749 0.336170 -9999.0 -9999.0
-9999.0 0.021089 0.197486 0.389980 0.389779 0.352646 0.274995 0.320061 0.209690 0.232048 0.362460 0.389949 0.011896 0.351504 0.347663 0.245251 0.241581 0.216823 0.231655 0.389979 0.362114 0.389979 0.019944 0.000000 0.000000 0.000000 0.000000 0.000000 0.000000 0.000000 0.000000 0.000000 0.000000 0.000000 0.000000 0.000000 0.000000 0.000000 0.000000 0.000000 0.000000 0.000000 0.000000 0.000000 0.000000 0.000000 0.000000 0.000000 0.000545 0.000704 0.389981 0.298609 0.369958 0.389914 0.274579 0.275867 0.314177 0.347895 0.349916 -9999.0 -9999.0 -9999.0 -9999.0
