user2019/resources/simulation/Vinschgau/output-maps/thetaliqL0001N0601.asc
ncols         63
nrows         48
xllcorner     598000.000000
yllcorner     5145000.000000
cellsize      1000.000000
NODATA_value  -9999.0
[rows 0 to 28 of 48, columns 0 to 62 of 63]
-9999.0 -9999.0 -9999.0 -9999.0 -9999.0 -9999.0 -9999.0 -9999.0 -9999.0 -9999.0 -9999.0 -9999.0 -9999.0 -9999.0 -9999.0 -9999.0 -9999.0 -9999.0 -9999.0 -9999.0 -9999.0 -9999.0 -9999.0 -9999.0 -9999.0 -9999.0 -9999.0 -9999.0 -9999.0 -9999.0 -9999.0 -9999.0 -9999.0 -9999.0 -9999.0 -9999.0 -9999.0 -9999.0 -9999.0 -9999.0 -9999.0 -9999.0 -9999.0 -9999.0 -9999.0 -9999.0 -9999.0 -9999.0 -9999.0 -9999.0 -9999.0 -9999.0 -9999.0 -9999.0 -9999.0 -9999.0 -9999.0 -9999.0 -9999.0 -9999.0 -9999.0 -9999.0 -9999.0
-9999.0 -9999.0 -9999.0 -9999.0 -9999.0 -9999.0 -9999.0 -9999.0 -9999.0 -9999.0 -9999.0 -9999.0 -9999.0 -9999.0 -9999.0 -9999.0 -9999.0 -9999.0 -9999.0 -9999.0 -9999.0 -9999.0 -9999.0 -9999.0 -9999.0 -9999.0 -9999.0 0.187788 0.520000 0.147062 0.520000 0.520000 0.520000 -9999.0 -9999.0 -9999.0 -9999.0 -9999.0 -9999.0 -9999.0 -9999.0 -9999.0 -9999.0 -9999.0 -9999.0 -9999.0 -9999.0 -9999.0 -9999.0 -9999.0 -9999.0 -9999.0 -9999.0 -9999.0 -9999.0 -9999.0 -9999.0 -9999.0 -9999.0 -9999.0 -9999.0 -9999.0 -9999.0
-9999.0 -9999.0 -9999.0 -9999.0 -9999.0 -9999.0 -9999.0 -9999.0 -9999.0 -9999.0 -9999.0 -9999.0 -9999.0 -9999.0 -9999.0 -9999.0 -9999.0 -9999.0 -9999.0 -9999.0 -9999.0 -9999.0 -9999.0 -9999.0 0.520000 0.520000 0.520000 0.520000 0.520000 0.520000 0.520000 -9999.0 -9999.0 -9999.0 -9999.0 -9999.0 -9999.0 -9999.0 -9999.0 -9999.0 -9999.0 -9999.0 -9999.0 -9999.0 -9999.0 -9999.0 -9999.0 -9999.0 -9999.0 -9999.0 -9999.0 -9999.0 -9999.0 -9999.0 -9999.0 -9999.0 -9999.0 -9999.0 -9999.0 -9999.0 -9999.0 -9999.0 -9999.0
-9999.0 -9999.0 -9999.0 -9999.0 -9999.0 -9999.0 -9999.0 -9999.0 -9999.0 -9999.0 -9999.0 -9999.0 -9999.0 -9999.0 -9999.0 -9999.0 -9999.0 -9999.0 -9999.0 -9999.0 -9999.0 -9999.0 -9999.0 0.520000 0.520000 0.162099 0.108085 0.087768 0.297274 0.520000 0.520000 0.520000 -9999.0 -9999.0 -9999.0 -9999.0 -9999.0 -9999.0 -9999.0 -9999.0 -9999.0 -9999.0 -9999.0 -9999.0 -9999.0 -9999.0 -9999.0 -9999.0 -9999.0 -9999.0 -9999.0 -9999.0 -9999.0 -9999.0 -9999.0 -9999.0 -9999.0 -9999.0 -9999.0 -9999.0 -9999.0 -9999.0 -9999.0
-9999.0 -9999.0 -9999.0 -9999.0 -9999.0 -9999.0 -9999.0 -9999.0 -9999.0 -9999.0 -9999.0 -9999.0 -9999.0 -9999.0 -9999.0 -9999.0 -9999.0 -9999.0 0.520000 0.520000 -9999.0 0.520000 0.520000 0.212927 0.169735 0.073501 0.189571 0.206421 0.083480 0.162442 0.520000 0.520000 0.151670 0.188302 -9999.0 -9999.0 -9999.0 -9999.0 -9999.0 -9999.0 -9999.0 -9999.0 -9999.0 -9999.0 -9999.0 -9999.0 -9999.0 -9999.0 -9999.0 -9999.0 -9999.0 -9999.0 -9999.0 -9999.0 -9999.0 -9999.0 -9999.0 -9999.0 -9999.0 -9999.0 -9999.0 -9999.0 -9999.0
-9999.0 -9999.0 -9999.0 -9999.0 -9999.0 -9999.0 -9999.0 -9999.0 -9999.0 -9999.0 -9999.0 -9999.0 -9999.0 -9999.0 -9999.0 -9999.0 -9999.0 0.116060 0.319452 0.134426 0.186986 0.361164 0.258422 0.138375 0.164168 0.220682 0.273837 0.500156 0.201173 0.378228 0.520000 0.520000 0.158441 0.145575 0.144696 0.149486 -9999.0 -9999.0 -9999.0 -9999.0 -9999.0 -9999.0 -9999.0 -9999.0 -9999.0 -9999.0 -9999.0 -9999.0 -9999.0 -9999.0 -9999.0 -9999.0 -9999.0 -9999.0 -9999.0 -9999.0 -9999.0 -9999.0 -9999.0 -9999.0 -9999.0 -9999.0 -9999.0
-9999.0 -9999.0 -9999.0 -9999.0 -9999.0 -9999.0 -9999.0 -9999.0 -9999.0 -9999.0 -9999.0 -9999.0 -9999.0 0.520000 0.371760 0.212674 0.146768 0.095420 0.127924 0.197445 0.237059 0.141630 0.107768 0.193074 0.268945 0.520000 0.187585 0.520000 0.321010 0.251189 0.520000 0.520000 0.520000 0.520000 0.170169 0.148876 -9999.0 -9999.0 -9999.0 -9999.0 -9999.0 -9999.0 -9999.0 -9999.0 -9999.0 -9999.0 -9999.0 -9999.0 -9999.0 -9999.0 -9999.0 -9999.0 -9999.0 -9999.0 -9999.0 -9999.0 -9999.0 -9999.0 -9999.0 -9999.0 -9999.0 -9999.0 -9999.0
-9999.0 -9999.0 -9999.0 -9999.0 -9999.0 -9999.0 -9999.0 -9999.0 -9999.0 -9999.0 -9999.0 -9999.0 -9999.0 0.520000 0.336640 0.187142 0.199677 0.520000 0.091253 0.124809 0.143323 0.400721 0.347029 0.223044 0.240206 0.400689 0.520000 0.155350 0.190530 0.520000 0.520000 0.520000 0.157598 0.156509 0.158786 -9999.0 -9999.0 -9999.0 -9999.0 -9999.0 -9999.0 -9999.0 -9999.0 -9999.0 -9999.0 -9999.0 -9999.0 -9999.0 -9999.0 -9999.0 -9999.0 -9999.0 -9999.0 -9999.0 -9999.0 -9999.0 -9999.0 -9999.0 -9999.0 -9999.0 -9999.0 -9999.0 -9999.0
-9999.0 -9999.0 -9999.0 -9999.0 -9999.0 -9999.0 -9999.0 -9999.0 -9999.0 -9999.0 -9999.0 -9999.0 -9999.0 0.295768 0.520000 0.207454 0.211250 0.179501 0.070460 0.197885 0.520000 0.182982 0.520000 0.329906 0.358152 0.520000 0.147820 0.150688 0.520000 0.171245 0.520000 0.157530 0.153894 0.163588 0.152975 -9999.0 -9999.0 -9999.0 -9999.0 -9999.0 -9999.0 -9999.0 -9999.0 -9999.0 -9999.0 -9999.0 -9999.0 -9999.0 -9999.0 -9999.0 -9999.0 -9999.0 -9999.0 -9999.0 -9999.0 -9999.0 -9999.0 -9999.0 -9999.0 -9999.0 -9999.0 -9999.0 -9999.0
-9999.0 -9999.0 -9999.0 -9999.0 -9999.0 -9999.0 -9999.0 -9999.0 -9999.0 -9999.0 -9999.0 -9999.0 0.234058 0.520000 0.261136 0.493064 0.393285 0.226199 0.437710 0.142775 0.217057 0.338569 0.520000 0.520000 0.520000 0.520000 0.520000 0.520000 0.520000 0.158217 0.520000 0.143455 0.520000 0.144667 -9999.0 -9999.0 -9999.0 -9999.0 -9999.0 -9999.0 -9999.0 -9999.0 -9999.0 -9999.0 -9999.0 -9999.0 -9999.0 -9999.0 -9999.0 -9999.0 -9999.0 -9999.0 -9999.0 -9999.0 -9999.0 -9999.0 -9999.0 -9999.0 -9999.0 -9999.0 -9999.0 -9999.0 -9999.0
-9999.0 -9999.0 -9999.0 -9999.0 -9999.0 -9999.0 -9999.0 -9999.0 -9999.0 -9999.0 -9999.0 0.520000 0.520000 0.520000 0.443389 0.520000 0.138544 0.335690 0.461485 0.187588 0.383239 0.520000 0.520000 0.520000 0.520000 0.520000 0.520000 0.520000 0.520000 0.156370 0.142814 0.520000 0.156871 0.144049 0.143170 0.145218 0.117534 0.074090 0.072523 -9999.0 -9999.0 -9999.0 0.171563 -9999.0 -9999.0 -9999.0 -9999.0 -9999.0 -9999.0 -9999.0 -9999.0 -9999.0 -9999.0 -9999.0 -9999.0 -9999.0 -9999.0 -9999.0 -9999.0 -9999.0 -9999.0 -9999.0 -9999.0
-9999.0 -9999.0 -9999.0 -9999.0 -9999.0 -9999.0 -9999.0 -9999.0 -9999.0 -9999.0 -9999.0 0.520000 0.520000 0.520000 0.520000 0.520000 0.378299 0.145312 0.450202 0.520000 0.520000 0.520000 0.520000 0.520000 0.520000 0.520000 0.520000 0.520000 0.165096 0.149321 0.520000 0.520000 0.520000 0.520000 0.520000 0.328748 0.067991 0.064491 0.065556 0.184950 0.188422 0.189516 0.520000 0.188677 -9999.0 -9999.0 -9999.0 0.520000 0.520000 0.146098 0.520000 0.141945 0.142474 0.520000 0.520000 0.143141 -9999.0 -9999.0 -9999.0 -9999.0 -9999.0 -9999.0 -9999.0
-9999.0 -9999.0 -9999.0 -9999.0 -9999.0 -9999.0 -9999.0 -9999.0 -9999.0 -9999.0 -9999.0 0.520000 0.520000 0.520000 0.520000 0.520000 0.520000 0.520000 0.520000 0.492469 0.520000 0.520000 0.520000 0.520000 0.520000 0.142814 0.520000 0.520000 0.154498 0.520000 0.148832 0.520000 0.520000 0.520000 0.176242 0.131227 0.077331 0.072624 0.062984 0.023085 0.071048 0.164023 0.350550 0.520000 0.520000 -9999.0 0.141164 0.520000 0.520000 0.520000 0.520000 0.150871 0.520000 0.520000 0.520000 0.520000 -9999.0 -9999.0 -9999.0 -9999.0 -9999.0 -9999.0 -9999.0
-9999.0 -9999.0 -9999.0 -9999.0 -9999.0 -9999.0 -9999.0 -9999.0 -9999.0 -9999.0 -9999.0 -9999.0 0.520000 0.520000 0.520000 0.520000 0.520000 0.520000 0.520000 0.476167 0.520000 0.520000 0.520000 0.520000 0.520000 0.520000 0.520000 0.520000 0.520000 0.144459 0.520000 0.520000 0.520000 0.520000 0.520000 0.106589 0.079777 0.072792 0.062377 0.065068 0.065603 0.182836 0.221886 0.520000 0.182887 0.520000 0.141175 0.520000 0.520000 0.520000 0.520000 0.520000 0.520000 0.520000 0.520000 0.520000 0.520000 -9999.0 -9999.0 -9999.0 -9999.0 -9999.0 -9999.0
-9999.0 -9999.0 -9999.0 -9999.0 -9999.0 -9999.0 -9999.0 -9999.0 -9999.0 -9999.0 -9999.0 0.520000 0.520000 0.520000 0.520000 0.520000 0.520000 0.520000 0.520000 0.379642 0.520000 0.520000 0.520000 0.520000 0.520000 0.520000 0.520000 0.520000 0.520000 0.146728 0.520000 0.520000 0.520000 0.520000 0.520000 0.322782 0.070053 0.073376 0.073264 0.062938 0.079074 0.089733 0.280132 0.192355 0.520000 0.520000 0.520000 0.144935 0.146640 0.520000 0.191559 0.520000 0.520000 0.200000 0.196931 0.192749 0.153896 -9999.0 -9999.0 -9999.0 -9999.0 -9999.0 -9999.0
-9999.0 -9999.0 -9999.0 -9999.0 -9999.0 -9999.0 -9999.0 -9999.0 -9999.0 -9999.0 0.520000 0.520000 0.520000 0.520000 0.520000 0.520000 0.520000 0.520000 0.300779 0.313422 0.520000 0.520000 0.520000 0.520000 0.520000 0.520000 0.520000 0.183754 0.520000 0.520000 0.520000 0.520000 0.520000 0.520000 0.189648 0.178191 0.127077 0.083763 0.081911 0.073379 0.076236 0.159464 0.110456 0.285416 0.520000 0.190389 0.520000 0.520000 0.520000 0.520000 0.186227 0.153363 0.200000 0.159351 0.149405 0.520000 0.520000 -9999.0 -9999.0 -9999.0 -9999.0 -9999.0 -9999.0
-9999.0 -9999.0 -9999.0 -9999.0 -9999.0 -9999.0 -9999.0 -9999.0 -9999.0 0.520000 0.520000 0.520000 0.520000 0.520000 0.520000 0.520000 0.520000 0.520000 0.400725 0.261662 0.469395 0.362244 0.520000 0.516318 0.520000 0.520000 0.520000 0.520000 0.520000 0.520000 0.520000 0.520000 0.159702 0.152416 0.146648 0.146977 0.520000 0.284559 0.254527 0.298445 0.247293 0.352790 0.387315 0.155975 0.317444 0.520000 0.520000 0.491262 0.520000 0.520000 0.520000 0.154513 0.160228 0.178515 0.145000 0.520000 0.520000 0.145463 0.164285 -9999.0 -9999.0 -9999.0 -9999.0
-9999.0 -9999.0 -9999.0 -9999.0 -9999.0 -9999.0 -9999.0 -9999.0 -9999.0 0.520000 0.520000 0.520000 0.520000 0.520000 0.520000 0.520000 0.520000 0.520000 0.362430 0.236843 0.278961 0.263772 0.520000 0.520000 0.520000 0.520000 0.520000 0.520000 0.520000 0.520000 0.520000 0.520000 0.520000 0.520000 0.520000 0.188048 0.188843 0.188496 0.520000 0.520000 0.520000 0.520000 0.288276 0.342296 0.335632 0.226755 0.300795 0.215024 0.349017 0.520000 0.520000 0.520000 0.145741 0.520000 0.185407 0.520000 0.520000 0.520000 0.162432 -9999.0 -9999.0 -9999.0 -9999.0
-9999.0 -9999.0 -9999.0 -9999.0 -9999.0 -9999.0 -9999.0 -9999.0 -9999.0 -9999.0 0.520000 0.520000 0.520000 0.520000 0.520000 0.520000 0.520000 0.520000 0.290117 0.271631 0.345022 0.520000 0.520000 0.520000 0.520000 0.520000 0.520000 0.520000 0.520000 0.520000 0.520000 0.520000 0.520000 0.520000 0.520000 0.520000 0.520000 0.520000 0.191855 0.520000 0.520000 0.520000 0.520000 0.520000 0.520000 0.520000 0.520000 0.520000 0.395434 0.520000 0.520000 0.520000 0.144828 0.144144 0.520000 0.520000 0.520000 0.520000 0.520000 0.520000 -9999.0 -9999.0 -9999.0
-9999.0 -9999.0 -9999.0 -9999.0 -9999.0 -9999.0 -9999.0 -9999.0 -9999.0 -9999.0 0.520000 0.520000 0.520000 0.520000 0.488467 0.421652 0.520000 0.307444 0.170538 0.257417 0.288018 0.366737 0.501461 0.504955 0.520000 0.449610 0.520000 0.520000 0.520000 0.520000 0.520000 0.520000 0.199320 0.520000 0.520000 0.520000 0.520000 0.520000 0.520000 0.520000 0.520000 0.174613 0.520000 0.520000 0.520000 0.520000 0.520000 0.520000 0.520000 0.520000 0.520000 0.520000 0.520000 0.150007 0.190932 0.188909 0.520000 0.520000 0.520000 0.520000 -9999.0 -9999.0 -9999.0
-9999.0 -9999.0 -9999.0 -9999.0 -9999.0 -9999.0 -9999.0 -9999.0 0.520000 0.520000 0.520000 0.520000 0.520000 0.520000 0.520000 0.463410 0.231848 0.186542 0.195153 0.260796 0.257441 0.304724 0.340867 0.266877 0.303055 0.519402 0.520000 0.520000 0.520000 0.520000 0.151667 0.520000 0.520000 0.520000 0.520000 0.520000 0.520000 0.520000 0.520000 0.189490 0.149871 0.520000 0.188995 0.192814 0.187949 0.520000 0.520000 0.520000 0.520000 0.520000 0.520000 0.520000 0.520000 0.520000 0.188211 0.520000 0.187526 0.520000 0.520000 0.520000 -9999.0 -9999.0 -9999.0
-9999.0 -9999.0 -9999.0 -9999.0 -9999.0 -9999.0 -9999.0 -9999.0 0.200000 0.520000 0.520000 0.520000 0.520000 0.520000 0.520000 0.520000 0.420149 0.302842 0.181302 0.252387 0.293364 0.291801 0.411471 0.310940 0.232543 0.520000 0.520000 0.520000 0.194933 0.520000 0.520000 0.143120 0.520000 0.143346 0.520000 0.520000 0.520000 0.520000 0.520000 0.520000 0.520000 0.520000 0.147674 0.520000 0.520000 0.520000 0.186885 0.520000 0.520000 0.520000 0.520000 0.520000 0.520000 0.520000 0.520000 0.185911 0.520000 0.520000 0.520000 0.520000 0.232094 -9999.0 -9999.0
-9999.0 -9999.0 -9999.0 -9999.0 -9999.0 -9999.0 -9999.0 -9999.0 0.520000 0.520000 0.520000 0.520000 0.520000 0.195535 0.520000 0.520000 0.412791 0.251482 0.187984 0.280009 0.264359 0.264486 0.291362 0.280823 0.260120 0.520000 0.520000 0.520000 0.193180 0.520000 0.144893 0.520000 0.520000 0.520000 0.520000 0.520000 0.520000 0.520000 0.520000 0.520000 0.520000 0.145761 0.520000 0.520000 0.520000 0.520000 0.187662 0.520000 0.520000 0.520000 0.512036 0.520000 0.520000 0.520000 0.520000 0.520000 0.520000 0.520000 0.425494 0.448130 0.293641 -9999.0 -9999.0
-9999.0 -9999.0 -9999.0 -9999.0 -9999.0 -9999.0 -9999.0 -9999.0 0.149133 0.520000 0.520000 0.191120 0.520000 0.520000 0.520000 0.520000 0.351921 0.153007 0.306094 0.216071 0.261931 0.257305 0.207781 0.154313 0.249850 0.520000 0.520000 0.520000 0.520000 0.520000 0.520000 0.520000 0.520000 0.520000 0.520000 0.520000 0.520000 0.520000 0.520000 0.520000 0.520000 0.520000 0.520000 0.186068 0.520000 0.186347 0.520000 0.145704 0.520000 0.520000 0.520000 0.520000 0.520000 0.520000 0.520000 0.520000 0.520000 0.520000 0.292269 0.297154 0.364712 0.460821 -9999.0
-9999.0 -9999.0 -9999.0 -9999.0 -9999.0 -9999.0 -9999.0 -9999.0 0.520000 0.520000 0.520000 0.520000 0.520000 0.520000 0.520000 0.456730 0.520000 0.440664 0.443529 0.311358 0.223973 0.231048 0.201560 0.135749 0.159896 0.357059 0.520000 0.520000 0.520000 0.520000 0.520000 0.520000 0.520000 0.520000 0.520000 0.520000 0.520000 0.520000 0.520000 0.520000 0.520000 0.520000 0.520000 0.520000 0.520000 0.520000 0.520000 0.520000 0.520000 0.520000 0.393299 0.226954 0.473447 0.361409 0.520000 0.520000 0.474017 0.389380 0.367001 0.363804 0.406258 0.491981 -9999.0
-9999.0 -9999.0 0.520000 0.520000 0.520000 0.520000 0.520000 0.520000 0.520000 0.520000 0.520000 0.520000 0.520000 0.520000 0.520000 0.520000 0.520000 0.520000 0.520000 0.485171 0.267542 0.175718 0.247552 0.113808 0.230201 0.243603 0.331248 0.436797 0.435976 0.520000 0.520000 0.520000 0.520000 0.520000 0.520000 0.520000 0.520000 0.520000 0.520000 0.520000 0.520000 0.520000 0.520000 0.520000 0.520000 0.520000 0.520000 0.520000 0.520000 0.282958 0.171763 0.165177 0.520000 0.520000 0.520000 0.520000 0.520000 0.491741 0.517590 0.478394 0.520000 0.520000 -9999.0
-9999.0 0.520000 0.520000 0.520000 0.520000 0.520000 0.520000 0.520000 0.520000 0.520000 0.520000 0.520000 0.520000 0.520000 0.520000 0.520000 0.520000 0.520000 0.520000 0.492615 0.228456 0.254584 0.333543 0.151277 0.103560 0.176449 0.154924 0.147663 0.290041 0.421795 0.218233 0.300319 0.520000 0.520000 0.520000 0.400709 0.466552 0.476588 0.520000 0.520000 0.520000 0.520000 0.520000 0.520000 0.453519 0.379581 0.388507 0.337786 0.226510 0.112738 0.301025 0.520000 0.520000 0.520000 0.520000 0.520000 0.520000 0.520000 0.520000 0.520000 0.520000 0.520000 -9999.0
-9999.0 0.520000 0.520000 0.520000 0.520000 0.520000 0.520000 0.520000 0.520000 0.520000 0.520000 0.520000 0.520000 0.520000 0.520000 0.520000 0.520000 0.520000 0.520000 0.520000 0.520000 0.510819 0.256196 0.290568 0.223565 0.136987 0.110379 0.131502 0.219158 0.091509 0.075164 0.075897 0.520000 0.520000 0.406340 0.347858 0.267232 0.306023 0.520000 0.292228 0.380390 0.520000 0.520000 0.183027 0.081651 0.075843 0.134649 0.233421 0.405061 0.520000 0.520000 0.520000 0.520000 0.520000 0.520000 0.520000 0.520000 0.520000 0.520000 0.520000 0.520000 -9999.0 -9999.0
-9999.0 0.520000 0.520000 0.520000 0.520000 0.520000 0.520000 0.520000 0.520000 0.520000 0.520000 0.520000 0.520000 0.520000 0.520000 0.520000 0.520000 0.520000 0.520000 0.520000 0.464012 0.369113 0.186122 0.275683 0.520000 0.293408 0.475236 0.520000 0.165887 0.232091 0.103325 0.076547 0.315465 0.310685 0.305572 0.246777 0.452324 0.354171 0.404853 0.237983 0.199446 0.485748 0.520000 0.124650 0.121817 0.442680 0.275203 0.509143 0.520000 0.520000 0.520000 0.520000 0.520000 0.520000 0.520000 0.520000 0.520000 0.520000 0.520000 -9999.0 -9999.0 -9999.0 -9999.0
