user2019/resources/simulation/Vinschgau/output-maps/thetaliqL0008N1454.asc
ncols         63
nrows         48
xllcorner     598000.000000
yllcorner     5145000.000000
cellsize      1000.000000
NODATA_value  -9999.0
[rows 0 to 28 of 48, columns 0 to 62 of 63]
-9999.0 -9999.0 -9999.0 -9999.0 -9999.0 -9999.0 -9999.0 -9999.0 -9999.0 -9999.0 -9999.0 -9999.0 -9999.0 -9999.0 -9999.0 -9999.0 -9999.0 -9999.0 -9999.0 -9999.0 -9999.0 -9999.0 -9999.0 -9999.0 -9999.0 -9999.0 -9999.0 -9999.0 -9999.0 -9999.0 -9999.0 -9999.0 -9999.0 -9999.0 -9999.0 -9999.0 -9999.0 -9999.0 -9999.0 -9999.0 -9999.0 -9999.0 -9999.0 -9999.0 -9999.0 -9999.0 -9999.0 -9999.0 -9999.0 -9999.0 -9999.0 -9999.0 -9999.0 -9999.0 -9999.0 -9999.0 -9999.0 -9999.0 -9999.0 -9999.0 -9999.0 -9999.0 -9999.0
-9999.0 -9999.0 -9999.0 -9999.0 -9999.0 -9999.0 -9999.0 -9999.0 -9999.0 -9999.0 -9999.0 -9999.0 -9999.0 -9999.0 -9999.0 -9999.0 -9999.0 -9999.0 -9999.0 -9999.0 -9999.0 -9999.0 -9999.0 -9999.0 -9999.0 -9999.0 -9999.0 0.031686 0.086879 0.061458 0.071728 0.020110 0.020037 -9999.0 -9999.0 -9999.0 -9999.0 -9999.0 -9999.0 -9999.0 -9999.0 -9999.0 -9999.0 -9999.0 -9999.0 -9999.0 -9999.0 -9999.0 -9999.0 -9999.0 -9999.0 -9999.0 -9999.0 -9999.0 -9999.0 -9999.0 -9999.0 -9999.0 -9999.0 -9999.0 -9999.0 -9999.0 -9999.0
-9999.0 -9999.0 -9999.0 -9999.0 -9999.0 -9999.0 -9999.0 -9999.0 -9999.0 -9999.0 -9999.0 -9999.0 -9999.0 -9999.0 -9999.0 -9999.0 -9999.0 -9999.0 -9999.0 -9999.0 -9999.0 -9999.0 -9999.0 -9999.0 0.098987 0.097633 0.101488 0.101479 0.111137 0.090065 0.039667 -9999.0 -9999.0 -9999.0 -9999.0 -9999.0 -9999.0 -9999.0 -9999.0 -9999.0 -9999.0 -9999.0 -9999.0 -9999.0 -9999.0 -9999.0 -9999.0 -9999.0 -9999.0 -9999.0 -9999.0 -9999.0 -9999.0 -9999.0 -9999.0 -9999.0 -9999.0 -9999.0 -9999.0 -9999.0 -9999.0 -9999.0 -9999.0
-9999.0 -9999.0 -9999.0 -9999.0 -9999.0 -9999.0 -9999.0 -9999.0 -9999.0 -9999.0 -9999.0 -9999.0 -9999.0 -9999.0 -9999.0 -9999.0 -9999.0 -9999.0 -9999.0 -9999.0 -9999.0 -9999.0 -9999.0 0.097178 0.106777 0.104340 0.084555 0.073959 0.075023 0.086506 0.048297 0.020056 -9999.0 -9999.0 -9999.0 -9999.0 -9999.0 -9999.0 -9999.0 -9999.0 -9999.0 -9999.0 -9999.0 -9999.0 -9999.0 -9999.0 -9999.0 -9999.0 -9999.0 -9999.0 -9999.0 -9999.0 -9999.0 -9999.0 -9999.0 -9999.0 -9999.0 -9999.0 -9999.0 -9999.0 -9999.0 -9999.0 -9999.0
-9999.0 -9999.0 -9999.0 -9999.0 -9999.0 -9999.0 -9999.0 -9999.0 -9999.0 -9999.0 -9999.0 -9999.0 -9999.0 -9999.0 -9999.0 -9999.0 -9999.0 -9999.0 0.181764 0.096527 -9999.0 0.100513 0.106293 0.074953 0.085434 0.073972 0.144363 0.159549 0.171491 0.086016 0.087310 0.074007 0.020048 0.020033 -9999.0 -9999.0 -9999.0 -9999.0 -9999.0 -9999.0 -9999.0 -9999.0 -9999.0 -9999.0 -9999.0 -9999.0 -9999.0 -9999.0 -9999.0 -9999.0 -9999.0 -9999.0 -9999.0 -9999.0 -9999.0 -9999.0 -9999.0 -9999.0 -9999.0 -9999.0 -9999.0 -9999.0 -9999.0
-9999.0 -9999.0 -9999.0 -9999.0 -9999.0 -9999.0 -9999.0 -9999.0 -9999.0 -9999.0 -9999.0 -9999.0 -9999.0 -9999.0 -9999.0 -9999.0 -9999.0 0.201490 0.020120 0.074090 0.085649 0.140256 0.086158 0.076411 0.142850 0.020214 0.020169 0.086450 0.020158 0.160629 0.115130 0.089202 0.075084 0.032333 0.020039 0.020032 -9999.0 -9999.0 -9999.0 -9999.0 -9999.0 -9999.0 -9999.0 -9999.0 -9999.0 -9999.0 -9999.0 -9999.0 -9999.0 -9999.0 -9999.0 -9999.0 -9999.0 -9999.0 -9999.0 -9999.0 -9999.0 -9999.0 -9999.0 -9999.0 -9999.0 -9999.0 -9999.0
-9999.0 -9999.0 -9999.0 -9999.0 -9999.0 -9999.0 -9999.0 -9999.0 -9999.0 -9999.0 -9999.0 -9999.0 -9999.0 0.087832 0.086372 0.027050 0.021933 0.086238 0.212836 0.074970 0.085685 0.085489 0.074861 0.090118 0.020499 0.099498 0.020118 0.022026 0.021055 0.086245 0.020091 0.105868 0.087756 0.082329 0.020124 0.020030 -9999.0 -9999.0 -9999.0 -9999.0 -9999.0 -9999.0 -9999.0 -9999.0 -9999.0 -9999.0 -9999.0 -9999.0 -9999.0 -9999.0 -9999.0 -9999.0 -9999.0 -9999.0 -9999.0 -9999.0 -9999.0 -9999.0 -9999.0 -9999.0 -9999.0 -9999.0 -9999.0
-9999.0 -9999.0 -9999.0 -9999.0 -9999.0 -9999.0 -9999.0 -9999.0 -9999.0 -9999.0 -9999.0 -9999.0 -9999.0 0.112572 0.085465 0.022773 0.022177 0.176713 0.086222 0.084081 0.020142 0.086252 0.020148 0.020133 0.086319 0.078357 0.086198 0.049761 0.020085 0.020193 0.020650 0.073142 0.020053 0.020032 0.020035 -9999.0 -9999.0 -9999.0 -9999.0 -9999.0 -9999.0 -9999.0 -9999.0 -9999.0 -9999.0 -9999.0 -9999.0 -9999.0 -9999.0 -9999.0 -9999.0 -9999.0 -9999.0 -9999.0 -9999.0 -9999.0 -9999.0 -9999.0 -9999.0 -9999.0 -9999.0 -9999.0 -9999.0
-9999.0 -9999.0 -9999.0 -9999.0 -9999.0 -9999.0 -9999.0 -9999.0 -9999.0 -9999.0 -9999.0 -9999.0 -9999.0 0.084893 0.200000 0.108144 0.022697 0.022752 0.086206 0.172333 0.120008 0.076209 0.020184 0.020177 0.086452 0.086604 0.077318 0.020059 0.020059 0.020040 0.032233 0.020029 0.020028 0.020014 0.020028 -9999.0 -9999.0 -9999.0 -9999.0 -9999.0 -9999.0 -9999.0 -9999.0 -9999.0 -9999.0 -9999.0 -9999.0 -9999.0 -9999.0 -9999.0 -9999.0 -9999.0 -9999.0 -9999.0 -9999.0 -9999.0 -9999.0 -9999.0 -9999.0 -9999.0 -9999.0 -9999.0 -9999.0
-9999.0 -9999.0 -9999.0 -9999.0 -9999.0 -9999.0 -9999.0 -9999.0 -9999.0 -9999.0 -9999.0 -9999.0 0.075960 0.200000 0.085287 0.086552 0.037097 0.024049 0.163733 0.073515 0.085665 0.086258 0.078970 0.040707 0.020084 0.086001 0.020051 0.028334 0.088920 0.020047 0.020033 0.020044 0.020049 0.020028 -9999.0 -9999.0 -9999.0 -9999.0 -9999.0 -9999.0 -9999.0 -9999.0 -9999.0 -9999.0 -9999.0 -9999.0 -9999.0 -9999.0 -9999.0 -9999.0 -9999.0 -9999.0 -9999.0 -9999.0 -9999.0 -9999.0 -9999.0 -9999.0 -9999.0 -9999.0 -9999.0 -9999.0 -9999.0
-9999.0 -9999.0 -9999.0 -9999.0 -9999.0 -9999.0 -9999.0 -9999.0 -9999.0 -9999.0 -9999.0 0.105225 0.087641 0.200000 0.085500 0.114113 0.075250 0.022867 0.404547 0.073195 0.020119 0.166051 0.088722 0.086599 0.079581 0.087588 0.020069 0.087555 0.020050 0.020032 0.020042 0.088638 0.020116 0.020036 0.020040 0.020529 0.020186 0.059506 0.062568 -9999.0 -9999.0 -9999.0 0.020034 -9999.0 -9999.0 -9999.0 -9999.0 -9999.0 -9999.0 -9999.0 -9999.0 -9999.0 -9999.0 -9999.0 -9999.0 -9999.0 -9999.0 -9999.0 -9999.0 -9999.0 -9999.0 -9999.0 -9999.0
-9999.0 -9999.0 -9999.0 -9999.0 -9999.0 -9999.0 -9999.0 -9999.0 -9999.0 -9999.0 -9999.0 0.100463 0.086602 0.075503 0.084502 0.086493 0.082945 0.020118 0.392508 0.372750 0.128115 0.090962 0.109427 0.020068 0.020111 0.086738 0.079804 0.088817 0.067058 0.020035 0.087572 0.091525 0.020053 0.020042 0.020037 0.073604 0.085717 0.085692 0.064024 0.020038 0.020039 0.020034 0.073820 0.020051 -9999.0 -9999.0 -9999.0 0.040009 0.020034 0.020037 0.020040 0.020030 0.020029 0.040009 0.040010 0.020027 -9999.0 -9999.0 -9999.0 -9999.0 -9999.0 -9999.0 -9999.0
-9999.0 -9999.0 -9999.0 -9999.0 -9999.0 -9999.0 -9999.0 -9999.0 -9999.0 -9999.0 -9999.0 0.108299 0.098567 0.080845 0.174404 0.089332 0.088485 0.020118 0.122067 0.367762 0.376546 0.079534 0.020134 0.108542 0.086491 0.037682 0.020117 0.020044 0.023096 0.020039 0.020086 0.020096 0.087587 0.020043 0.020049 0.085693 0.020184 0.020123 0.085683 0.020111 0.073318 0.020489 0.085854 0.086484 0.020042 -9999.0 0.020027 0.020042 0.064022 0.088775 0.086033 0.073296 0.085859 0.039527 0.031711 0.020045 -9999.0 -9999.0 -9999.0 -9999.0 -9999.0 -9999.0 -9999.0
-9999.0 -9999.0 -9999.0 -9999.0 -9999.0 -9999.0 -9999.0 -9999.0 -9999.0 -9999.0 -9999.0 -9999.0 0.105248 0.085386 0.105516 0.108726 0.020220 0.020118 0.192076 0.369059 0.020130 0.078769 0.024173 0.020201 0.020057 0.020106 0.200000 0.085568 0.060547 0.020053 0.080617 0.020116 0.085762 0.022017 0.020050 0.082054 0.020121 0.020144 0.085982 0.079779 0.085717 0.076324 0.020202 0.102595 0.020076 0.020040 0.020035 0.020044 0.020058 0.020180 0.147235 0.020127 0.040016 0.020076 0.020056 0.031742 0.020046 -9999.0 -9999.0 -9999.0 -9999.0 -9999.0 -9999.0
-9999.0 -9999.0 -9999.0 -9999.0 -9999.0 -9999.0 -9999.0 -9999.0 -9999.0 -9999.0 -9999.0 0.020175 0.096922 0.085875 0.025859 0.087515 0.088790 0.020129 0.134089 0.323911 0.020123 0.020399 0.085920 0.020112 0.020118 0.020250 0.020191 0.035738 0.020157 0.049653 0.020108 0.020108 0.090186 0.035090 0.020037 0.074968 0.066937 0.020188 0.252951 0.085669 0.020186 0.082717 0.024807 0.020252 0.088757 0.047321 0.088522 0.053115 0.077129 0.032799 0.020041 0.052233 0.020040 0.020025 0.020023 0.020029 0.020045 -9999.0 -9999.0 -9999.0 -9999.0 -9999.0 -9999.0
-9999.0 -9999.0 -9999.0 -9999.0 -9999.0 -9999.0 -9999.0 -9999.0 -9999.0 -9999.0 0.195110 0.020517 0.107809 0.101825 0.111224 0.052689 0.035292 0.020641 0.031908 0.335350 0.390574 0.415171 0.020118 0.108766 0.086322 0.020075 0.020077 0.020031 0.085878 0.088572 0.022372 0.020082 0.087989 0.028039 0.020029 0.020095 0.085687 0.020152 0.020118 0.085247 0.077750 0.077482 0.086043 0.423584 0.065076 0.054427 0.087858 0.020238 0.021002 0.087684 0.020029 0.020034 0.020021 0.020025 0.020027 0.023459 0.037101 -9999.0 -9999.0 -9999.0 -9999.0 -9999.0 -9999.0
-9999.0 -9999.0 -9999.0 -9999.0 -9999.0 -9999.0 -9999.0 -9999.0 -9999.0 0.086885 0.156533 0.022922 0.024647 0.020184 0.023252 0.024207 0.059861 0.124039 0.020119 0.317345 0.383063 0.020181 0.020118 0.086419 0.168922 0.020100 0.020052 0.088864 0.020601 0.057136 0.089406 0.020088 0.020276 0.020033 0.020038 0.020091 0.087462 0.020102 0.020133 0.022205 0.020306 0.020466 0.020124 0.020199 0.020118 0.031749 0.091050 0.020163 0.020167 0.187039 0.020080 0.020042 0.020023 0.020023 0.020029 0.020038 0.020051 0.020057 0.020032 -9999.0 -9999.0 -9999.0 -9999.0
-9999.0 -9999.0 -9999.0 -9999.0 -9999.0 -9999.0 -9999.0 -9999.0 -9999.0 0.085898 0.086960 0.087446 0.200000 0.087138 0.035783 0.020178 0.116629 0.087653 0.020119 0.370245 0.376360 0.087565 0.172847 0.119957 0.020125 0.020091 0.020200 0.087175 0.088838 0.179971 0.085751 0.020071 0.087188 0.020045 0.063602 0.020086 0.028246 0.070655 0.082168 0.088025 0.020149 0.020079 0.020247 0.087748 0.381021 0.132360 0.086541 0.077642 0.073800 0.087874 0.020050 0.020026 0.020024 0.020028 0.020038 0.020031 0.020055 0.020075 0.034469 -9999.0 -9999.0 -9999.0 -9999.0
-9999.0 -9999.0 -9999.0 -9999.0 -9999.0 -9999.0 -9999.0 -9999.0 -9999.0 -9999.0 0.074618 0.088291 0.024628 0.219542 0.078716 0.060786 0.087495 0.087060 0.020120 0.320520 0.377017 0.020118 0.021441 0.020118 0.020115 0.076307 0.088434 0.094174 0.085760 0.020091 0.020075 0.020047 0.020037 0.020087 0.088732 0.091279 0.095064 0.103064 0.028867 0.083545 0.057878 0.105017 0.200000 0.040058 0.020124 0.021185 0.020118 0.177062 0.076077 0.078731 0.020078 0.020052 0.020029 0.020024 0.020027 0.020041 0.082823 0.020075 0.023471 0.086504 -9999.0 -9999.0 -9999.0
-9999.0 -9999.0 -9999.0 -9999.0 -9999.0 -9999.0 -9999.0 -9999.0 -9999.0 -9999.0 0.048686 0.087523 0.101612 0.055278 0.428496 0.020347 0.020520 0.042444 0.024044 0.264033 0.025873 0.020124 0.020711 0.020366 0.079165 0.090216 0.199488 0.021642 0.020113 0.020040 0.079822 0.108299 0.020035 0.020044 0.083955 0.102715 0.020078 0.021888 0.020074 0.022789 0.087402 0.085672 0.020197 0.086774 0.156773 0.020127 0.089286 0.020121 0.020118 0.079094 0.077420 0.020068 0.020034 0.020031 0.020022 0.020025 0.020040 0.020148 0.034632 0.200000 -9999.0 -9999.0 -9999.0
-9999.0 -9999.0 -9999.0 -9999.0 -9999.0 -9999.0 -9999.0 -9999.0 0.106931 0.078332 0.020089 0.102638 0.020136 0.020249 0.020335 0.407469 0.020126 0.087773 0.325599 0.250262 0.022159 0.020118 0.020118 0.020119 0.086353 0.092772 0.200000 0.020182 0.020087 0.020041 0.020035 0.084585 0.086752 0.020052 0.087597 0.085780 0.088962 0.024128 0.020057 0.020092 0.053120 0.103767 0.020040 0.020559 0.080466 0.200000 0.020062 0.020220 0.020120 0.411734 0.086201 0.020118 0.020039 0.020024 0.020027 0.020053 0.020077 0.116730 0.079446 0.020145 -9999.0 -9999.0 -9999.0
-9999.0 -9999.0 -9999.0 -9999.0 -9999.0 -9999.0 -9999.0 -9999.0 0.020044 0.020121 0.020048 0.020121 0.086793 0.020061 0.020158 0.021163 0.020142 0.020121 0.020120 0.247960 0.395021 0.351355 0.133927 0.087686 0.020118 0.050537 0.098641 0.020544 0.020033 0.025385 0.020044 0.023116 0.088386 0.031957 0.107212 0.107381 0.094762 0.073200 0.020315 0.088075 0.081065 0.020294 0.037250 0.088258 0.198205 0.020158 0.020035 0.087064 0.020711 0.020688 0.087451 0.020772 0.020036 0.020042 0.085608 0.020087 0.020085 0.071462 0.077995 0.373749 0.267673 -9999.0 -9999.0
-9999.0 -9999.0 -9999.0 -9999.0 -9999.0 -9999.0 -9999.0 -9999.0 0.082515 0.133159 0.055806 0.020038 0.116426 0.020043 0.020158 0.020118 0.020295 0.085908 0.020119 0.394613 0.246831 0.350414 0.118143 0.094699 0.138148 0.020120 0.021513 0.020118 0.020030 0.087576 0.043587 0.112549 0.020070 0.020089 0.110656 0.096309 0.061773 0.020178 0.020122 0.020217 0.087624 0.051383 0.105004 0.100209 0.020100 0.100226 0.020085 0.088797 0.020059 0.020129 0.399889 0.086266 0.020055 0.020036 0.020159 0.025331 0.110957 0.096586 0.083950 0.358304 0.336316 -9999.0 -9999.0
-9999.0 -9999.0 -9999.0 -9999.0 -9999.0 -9999.0 -9999.0 -9999.0 0.020038 0.088065 0.040185 0.020030 0.111023 0.020093 0.020119 0.021236 0.020119 0.020144 0.361506 0.183031 0.257642 0.267565 0.354278 0.339899 0.033311 0.020270 0.022178 0.020073 0.105781 0.020253 0.020168 0.020449 0.069078 0.025394 0.021525 0.086668 0.088721 0.020144 0.020123 0.052551 0.087389 0.088785 0.089064 0.080097 0.097924 0.052489 0.085941 0.071862 0.086137 0.020138 0.022403 0.020520 0.086291 0.020170 0.103674 0.125857 0.086505 0.366875 0.332962 0.342074 0.162424 0.060110 -9999.0
-9999.0 -9999.0 -9999.0 -9999.0 -9999.0 -9999.0 -9999.0 -9999.0 0.020035 0.104524 0.020057 0.020093 0.020118 0.020283 0.135879 0.184387 0.404143 0.020131 0.020361 0.020120 0.024183 0.285965 0.268929 0.260415 0.087469 0.020415 0.020133 0.078896 0.087320 0.029933 0.020118 0.089344 0.080481 0.093690 0.080055 0.079383 0.078279 0.020136 0.020118 0.097298 0.080226 0.078212 0.079494 0.077937 0.020151 0.088445 0.020454 0.023992 0.020330 0.079254 0.077775 0.020257 0.020605 0.087026 0.150415 0.428811 0.406364 0.376784 0.358867 0.083836 0.020126 0.065891 -9999.0
-9999.0 -9999.0 0.085732 0.102786 0.020038 0.020082 0.020048 0.020054 0.020091 0.064868 0.020122 0.172648 0.020331 0.081051 0.148075 0.430000 0.020122 0.020119 0.020207 0.020978 0.020120 0.024456 0.335442 0.160245 0.278558 0.020130 0.020436 0.020486 0.020135 0.136791 0.021266 0.020587 0.193103 0.020120 0.088250 0.020118 0.086954 0.020131 0.020118 0.020118 0.077007 0.076901 0.020118 0.085813 0.020119 0.079057 0.091826 0.074996 0.076798 0.086427 0.086209 0.376284 0.405711 0.417172 0.426078 0.423557 0.407141 0.190653 0.085719 0.020150 0.193946 0.077567 -9999.0
-9999.0 0.020190 0.020171 0.020137 0.020089 0.020172 0.020046 0.020045 0.020034 0.020074 0.020061 0.020171 0.429531 0.430000 0.430000 0.020118 0.020114 0.020069 0.020100 0.021188 0.020126 0.020118 0.394180 0.337094 0.105198 0.092729 0.109752 0.122389 0.086354 0.159256 0.085673 0.086259 0.091476 0.188192 0.086132 0.142046 0.084262 0.020128 0.169471 0.153899 0.085445 0.086766 0.080958 0.020118 0.020118 0.020118 0.336067 0.020123 0.085433 0.312397 0.354544 0.384438 0.407110 0.425837 0.426347 0.200000 0.110969 0.100829 0.200000 0.200000 0.105123 0.083005 -9999.0
-9999.0 0.113858 0.024807 0.024391 0.429914 0.020375 0.020058 0.020039 0.020052 0.020052 0.020050 0.020118 0.021907 0.430000 0.020118 0.020048 0.020048 0.020058 0.020427 0.020298 0.200000 0.070392 0.372527 0.392736 0.413093 0.398506 0.021560 0.284336 0.311139 0.020122 0.020118 0.020118 0.179023 0.338137 0.355792 0.272478 0.382144 0.370797 0.168893 0.134867 0.161190 0.311056 0.085985 0.021329 0.020896 0.020118 0.321053 0.299179 0.310035 0.330559 0.179855 0.070542 0.096509 0.129048 0.042264 0.100660 0.020336 0.093371 0.023225 0.084625 0.106384 -9999.0 -9999.0
-9999.0 0.085887 0.023500 0.020201 0.025096 0.430000 0.430000 0.020087 0.020066 0.020068 0.020128 0.022465 0.098396 0.430000 0.020097 0.020039 0.020040 0.020085 0.020090 0.020348 0.021131 0.022785 0.059213 0.418695 0.416526 0.355547 0.340886 0.332061 0.264900 0.306072 0.242048 0.234997 0.296058 0.290191 0.278811 0.266537 0.262019 0.375470 0.258576 0.260265 0.262416 0.383907 0.270707 0.235465 0.234137 0.288240 0.296297 0.311640 0.337216 0.040013 0.020526 0.186620 0.099469 0.176732 0.073577 0.020115 0.020112 0.020088 0.020094 -9999.0 -9999.0 -9999.0 -9999.0
