user2019/resources/simulation/Vinschgau/output-maps/thetaliqL0004N0085.asc
ncols         63
nrows         48
xllcorner     598000.000000
yllcorner     5145000.000000
cellsize      1000.000000
NODATA_value  -9999.0
[rows 0 to 28 of 48, columns 0 to 62 of 63]
-9999.0 -9999.0 -9999.0 -9999.0 -9999.0 -9999.0 -9999.0 -9999.0 -9999.0 -9999.0 -9999.0 -9999.0 -9999.0 -9999.0 -9999.0 -9999.0 -9999.0 -9999.0 -9999.0 -9999.0 -9999.0 -9999.0 -9999.0 -9999.0 -9999.0 -9999.0 -9999.0 -9999.0 -9999.0 -9999.0 -9999.0 -9999.0 -9999.0 -9999.0 -9999.0 -9999.0 -9999.0 -9999.0 -9999.0 -9999.0 -9999.0 -9999.0 -9999.0 -9999.0 -9999.0 -9999.0 -9999.0 -9999.0 -9999.0 -9999.0 -9999.0 -9999.0 -9999.0 -9999.0 -9999.0 -9999.0 -9999.0 -9999.0 -9999.0 -9999.0 -9999.0 -9999.0 -9999.0
-9999.0 -9999.0 -9999.0 -9999.0 -9999.0 -9999.0 -9999.0 -9999.0 -9999.0 -9999.0 -9999.0 -9999.0 -9999.0 -9999.0 -9999.0 -9999.0 -9999.0 -9999.0 -9999.0 -9999.0 -9999.0 -9999.0 -9999.0 -9999.0 -9999.0 -9999.0 -9999.0 0.020170 0.040105 0.020133 0.040137 0.040132 0.040123 -9999.0 -9999.0 -9999.0 -9999.0 -9999.0 -9999.0 -9999.0 -9999.0 -9999.0 -9999.0 -9999.0 -9999.0 -9999.0 -9999.0 -9999.0 -9999.0 -9999.0 -9999.0 -9999.0 -9999.0 -9999.0 -9999.0 -9999.0 -9999.0 -9999.0 -9999.0 -9999.0 -9999.0 -9999.0 -9999.0
-9999.0 -9999.0 -9999.0 -9999.0 -9999.0 -9999.0 -9999.0 -9999.0 -9999.0 -9999.0 -9999.0 -9999.0 -9999.0 -9999.0 -9999.0 -9999.0 -9999.0 -9999.0 -9999.0 -9999.0 -9999.0 -9999.0 -9999.0 -9999.0 0.041297 0.040155 0.040092 0.040099 0.040094 0.040095 0.040132 -9999.0 -9999.0 -9999.0 -9999.0 -9999.0 -9999.0 -9999.0 -9999.0 -9999.0 -9999.0 -9999.0 -9999.0 -9999.0 -9999.0 -9999.0 -9999.0 -9999.0 -9999.0 -9999.0 -9999.0 -9999.0 -9999.0 -9999.0 -9999.0 -9999.0 -9999.0 -9999.0 -9999.0 -9999.0 -9999.0 -9999.0 -9999.0
-9999.0 -9999.0 -9999.0 -9999.0 -9999.0 -9999.0 -9999.0 -9999.0 -9999.0 -9999.0 -9999.0 -9999.0 -9999.0 -9999.0 -9999.0 -9999.0 -9999.0 -9999.0 -9999.0 -9999.0 -9999.0 -9999.0 -9999.0 0.040187 0.040504 0.356424 0.315606 0.508308 0.047967 0.040082 0.040099 0.040134 -9999.0 -9999.0 -9999.0 -9999.0 -9999.0 -9999.0 -9999.0 -9999.0 -9999.0 -9999.0 -9999.0 -9999.0 -9999.0 -9999.0 -9999.0 -9999.0 -9999.0 -9999.0 -9999.0 -9999.0 -9999.0 -9999.0 -9999.0 -9999.0 -9999.0 -9999.0 -9999.0 -9999.0 -9999.0 -9999.0 -9999.0
-9999.0 -9999.0 -9999.0 -9999.0 -9999.0 -9999.0 -9999.0 -9999.0 -9999.0 -9999.0 -9999.0 -9999.0 -9999.0 -9999.0 -9999.0 -9999.0 -9999.0 -9999.0 0.373661 0.186832 -9999.0 0.040407 0.040554 0.517489 0.498088 0.222579 0.040287 0.040291 0.327346 0.042678 0.040088 0.040099 0.020129 0.020129 -9999.0 -9999.0 -9999.0 -9999.0 -9999.0 -9999.0 -9999.0 -9999.0 -9999.0 -9999.0 -9999.0 -9999.0 -9999.0 -9999.0 -9999.0 -9999.0 -9999.0 -9999.0 -9999.0 -9999.0 -9999.0 -9999.0 -9999.0 -9999.0 -9999.0 -9999.0 -9999.0 -9999.0 -9999.0
-9999.0 -9999.0 -9999.0 -9999.0 -9999.0 -9999.0 -9999.0 -9999.0 -9999.0 -9999.0 -9999.0 -9999.0 -9999.0 -9999.0 -9999.0 -9999.0 -9999.0 0.040026 0.040262 0.020166 0.020139 0.040678 0.043577 0.046858 0.043747 0.043718 0.041222 0.044581 0.040150 0.040291 0.145802 0.040079 0.020121 0.020116 0.020140 0.020082 -9999.0 -9999.0 -9999.0 -9999.0 -9999.0 -9999.0 -9999.0 -9999.0 -9999.0 -9999.0 -9999.0 -9999.0 -9999.0 -9999.0 -9999.0 -9999.0 -9999.0 -9999.0 -9999.0 -9999.0 -9999.0 -9999.0 -9999.0 -9999.0 -9999.0 -9999.0 -9999.0
-9999.0 -9999.0 -9999.0 -9999.0 -9999.0 -9999.0 -9999.0 -9999.0 -9999.0 -9999.0 -9999.0 -9999.0 -9999.0 0.040177 0.043512 0.040307 0.040362 0.020100 0.040021 0.490672 0.426876 0.474199 0.050898 0.045336 0.040055 0.040113 0.020151 0.040123 0.040126 0.040564 0.040387 0.040101 0.040109 0.040083 0.020065 0.020057 -9999.0 -9999.0 -9999.0 -9999.0 -9999.0 -9999.0 -9999.0 -9999.0 -9999.0 -9999.0 -9999.0 -9999.0 -9999.0 -9999.0 -9999.0 -9999.0 -9999.0 -9999.0 -9999.0 -9999.0 -9999.0 -9999.0 -9999.0 -9999.0 -9999.0 -9999.0 -9999.0
-9999.0 -9999.0 -9999.0 -9999.0 -9999.0 -9999.0 -9999.0 -9999.0 -9999.0 -9999.0 -9999.0 -9999.0 -9999.0 0.068064 0.493391 0.040715 0.040751 0.225438 0.020087 0.040217 0.040053 0.040346 0.040641 0.041047 0.041113 0.040106 0.040100 0.020153 0.020135 0.040123 0.040179 0.040092 0.020063 0.020050 0.020051 -9999.0 -9999.0 -9999.0 -9999.0 -9999.0 -9999.0 -9999.0 -9999.0 -9999.0 -9999.0 -9999.0 -9999.0 -9999.0 -9999.0 -9999.0 -9999.0 -9999.0 -9999.0 -9999.0 -9999.0 -9999.0 -9999.0 -9999.0 -9999.0 -9999.0 -9999.0 -9999.0 -9999.0
-9999.0 -9999.0 -9999.0 -9999.0 -9999.0 -9999.0 -9999.0 -9999.0 -9999.0 -9999.0 -9999.0 -9999.0 -9999.0 0.143985 0.458253 0.309375 0.040388 0.040200 0.020080 0.040050 0.041766 0.020106 0.114614 0.040490 0.041966 0.067426 0.020136 0.020136 0.040109 0.020086 0.040110 0.020056 0.020055 0.020048 0.020046 -9999.0 -9999.0 -9999.0 -9999.0 -9999.0 -9999.0 -9999.0 -9999.0 -9999.0 -9999.0 -9999.0 -9999.0 -9999.0 -9999.0 -9999.0 -9999.0 -9999.0 -9999.0 -9999.0 -9999.0 -9999.0 -9999.0 -9999.0 -9999.0 -9999.0 -9999.0 -9999.0 -9999.0
-9999.0 -9999.0 -9999.0 -9999.0 -9999.0 -9999.0 -9999.0 -9999.0 -9999.0 -9999.0 -9999.0 -9999.0 0.196581 0.493975 0.486137 0.040060 0.114318 0.040189 0.221958 0.020038 0.043063 0.040110 0.040152 0.040421 0.040470 0.040116 0.040535 0.040126 0.040093 0.020097 0.040108 0.020125 0.040074 0.020073 -9999.0 -9999.0 -9999.0 -9999.0 -9999.0 -9999.0 -9999.0 -9999.0 -9999.0 -9999.0 -9999.0 -9999.0 -9999.0 -9999.0 -9999.0 -9999.0 -9999.0 -9999.0 -9999.0 -9999.0 -9999.0 -9999.0 -9999.0 -9999.0 -9999.0 -9999.0 -9999.0 -9999.0 -9999.0
-9999.0 -9999.0 -9999.0 -9999.0 -9999.0 -9999.0 -9999.0 -9999.0 -9999.0 -9999.0 -9999.0 0.042191 0.040457 0.266088 0.040080 0.040136 0.020113 0.040184 0.237518 0.020039 0.041963 0.237781 0.040124 0.040129 0.040114 0.040122 0.040127 0.040120 0.040083 0.020071 0.020148 0.040073 0.020108 0.020063 0.020081 0.020049 0.040015 0.040012 0.040012 -9999.0 -9999.0 -9999.0 0.020068 -9999.0 -9999.0 -9999.0 -9999.0 -9999.0 -9999.0 -9999.0 -9999.0 -9999.0 -9999.0 -9999.0 -9999.0 -9999.0 -9999.0 -9999.0 -9999.0 -9999.0 -9999.0 -9999.0 -9999.0
-9999.0 -9999.0 -9999.0 -9999.0 -9999.0 -9999.0 -9999.0 -9999.0 -9999.0 -9999.0 -9999.0 0.040213 0.040509 0.042937 0.054515 0.040219 0.061450 0.044331 0.225397 0.171977 0.145690 0.460789 0.040206 0.040136 0.040113 0.040131 0.040123 0.040108 0.020146 0.020152 0.040086 0.040059 0.040065 0.040068 0.040044 0.040017 0.040008 0.040004 0.040004 0.020018 0.020025 0.020035 0.040041 0.020095 -9999.0 -9999.0 -9999.0 0.057638 0.101927 0.020398 0.175731 0.020977 0.021048 0.301989 0.310915 0.036315 -9999.0 -9999.0 -9999.0 -9999.0 -9999.0 -9999.0 -9999.0
-9999.0 -9999.0 -9999.0 -9999.0 -9999.0 -9999.0 -9999.0 -9999.0 -9999.0 -9999.0 -9999.0 0.040324 0.040262 0.040069 0.040570 0.040091 0.043753 0.040176 0.143276 0.173067 0.040719 0.047309 0.041819 0.040204 0.040133 0.020172 0.040175 0.040106 0.020152 0.040124 0.020140 0.040067 0.040060 0.040055 0.020053 0.040013 0.040000 0.040005 0.040006 0.020011 0.040007 0.040015 0.040034 0.040049 0.040080 -9999.0 0.020184 0.043423 0.144155 0.297204 0.210227 0.020526 0.517343 0.520000 0.520000 0.413527 -9999.0 -9999.0 -9999.0 -9999.0 -9999.0 -9999.0 -9999.0
-9999.0 -9999.0 -9999.0 -9999.0 -9999.0 -9999.0 -9999.0 -9999.0 -9999.0 -9999.0 -9999.0 -9999.0 0.041241 0.040564 0.218853 0.135927 0.040529 0.040209 0.238044 0.154986 0.040637 0.096787 0.274431 0.042957 0.040109 0.040462 0.393503 0.040126 0.040136 0.020161 0.040096 0.040068 0.040065 0.040057 0.040051 0.040014 0.040004 0.040005 0.040007 0.040005 0.040008 0.020037 0.040021 0.043413 0.020103 0.040171 0.020186 0.041476 0.040276 0.040213 0.040645 0.162325 0.080242 0.181695 0.042131 0.040902 0.202729 -9999.0 -9999.0 -9999.0 -9999.0 -9999.0 -9999.0
-9999.0 -9999.0 -9999.0 -9999.0 -9999.0 -9999.0 -9999.0 -9999.0 -9999.0 -9999.0 -9999.0 0.042825 0.040156 0.040427 0.063008 0.052851 0.043017 0.040202 0.386280 0.040023 0.040369 0.329672 0.042326 0.040246 0.040607 0.050760 0.040507 0.040132 0.040142 0.020135 0.040083 0.040062 0.040212 0.040059 0.040023 0.040020 0.040007 0.040005 0.040011 0.040004 0.040011 0.040008 0.040024 0.020036 0.201720 0.040179 0.040797 0.020149 0.020290 0.040061 0.020219 0.040210 0.040299 0.020227 0.020241 0.020226 0.022114 -9999.0 -9999.0 -9999.0 -9999.0 -9999.0 -9999.0
-9999.0 -9999.0 -9999.0 -9999.0 -9999.0 -9999.0 -9999.0 -9999.0 -9999.0 -9999.0 0.043674 0.140735 0.187855 0.040181 0.276412 0.046085 0.040105 0.041713 0.040343 0.040072 0.294714 0.041757 0.156717 0.341533 0.259372 0.040806 0.040113 0.020147 0.044337 0.043702 0.045134 0.040078 0.040077 0.040076 0.020041 0.020051 0.040013 0.040005 0.040007 0.040009 0.040010 0.020030 0.020033 0.040008 0.040791 0.020107 0.041521 0.040118 0.047113 0.040906 0.020229 0.020214 0.020215 0.020206 0.020220 0.379412 0.386718 -9999.0 -9999.0 -9999.0 -9999.0 -9999.0 -9999.0
-9999.0 -9999.0 -9999.0 -9999.0 -9999.0 -9999.0 -9999.0 -9999.0 -9999.0 0.040181 0.042964 0.044097 0.056170 0.080951 0.152619 0.040217 0.040450 0.295227 0.040231 0.040020 0.274575 0.162911 0.320841 0.310448 0.041017 0.040106 0.040094 0.191306 0.125865 0.049564 0.041330 0.040083 0.020079 0.020067 0.020075 0.020048 0.040035 0.040023 0.040024 0.040014 0.040009 0.040032 0.040043 0.040011 0.040019 0.049311 0.515868 0.040154 0.040135 0.047804 0.040144 0.020601 0.020201 0.020255 0.020792 0.082612 0.304201 0.143895 0.039046 -9999.0 -9999.0 -9999.0 -9999.0
-9999.0 -9999.0 -9999.0 -9999.0 -9999.0 -9999.0 -9999.0 -9999.0 -9999.0 0.040180 0.040172 0.040155 0.497083 0.111755 0.169600 0.146549 0.390242 0.048406 0.040182 0.244071 0.256888 0.248529 0.040820 0.122637 0.040119 0.040587 0.080930 0.245848 0.040462 0.040264 0.040063 0.040084 0.040111 0.040109 0.040080 0.020099 0.020092 0.020080 0.040053 0.040046 0.040270 0.040069 0.040129 0.040035 0.040022 0.040029 0.040031 0.040539 0.169088 0.040376 0.040351 0.040948 0.020442 0.040308 0.020245 0.048326 0.274724 0.234489 0.124378 -9999.0 -9999.0 -9999.0 -9999.0
-9999.0 -9999.0 -9999.0 -9999.0 -9999.0 -9999.0 -9999.0 -9999.0 -9999.0 -9999.0 0.040174 0.040188 0.040576 0.040100 0.046750 0.188538 0.168036 0.044970 0.040016 0.040092 0.124993 0.040353 0.167720 0.225272 0.040691 0.214886 0.109695 0.040143 0.040117 0.040109 0.040123 0.040485 0.040133 0.040142 0.040081 0.040569 0.040680 0.040072 0.020096 0.040092 0.040085 0.040120 0.040077 0.040110 0.040048 0.040022 0.040062 0.040456 0.040040 0.050753 0.040353 0.043239 0.021875 0.020760 0.040598 0.040262 0.046673 0.107356 0.367854 0.325843 -9999.0 -9999.0 -9999.0
-9999.0 -9999.0 -9999.0 -9999.0 -9999.0 -9999.0 -9999.0 -9999.0 -9999.0 -9999.0 0.040171 0.040171 0.040864 0.097557 0.327738 0.047414 0.049940 0.040227 0.040065 0.040175 0.040180 0.296977 0.341232 0.110752 0.213277 0.040152 0.040117 0.040837 0.040132 0.040125 0.040136 0.040551 0.020145 0.040142 0.040131 0.040095 0.040081 0.040059 0.040077 0.040126 0.040171 0.020149 0.040243 0.040140 0.042448 0.040576 0.041901 0.040056 0.040008 0.040152 0.051569 0.081596 0.134547 0.020951 0.020589 0.038988 0.040260 0.334033 0.040024 0.040169 -9999.0 -9999.0 -9999.0
-9999.0 -9999.0 -9999.0 -9999.0 -9999.0 -9999.0 -9999.0 -9999.0 0.175532 0.196280 0.040399 0.040774 0.043489 0.041492 0.049650 0.040190 0.040211 0.040096 0.040272 0.040287 0.040045 0.040015 0.040147 0.326962 0.391755 0.040014 0.040516 0.040168 0.040422 0.040138 0.020121 0.040147 0.040155 0.040155 0.040298 0.040131 0.040410 0.040063 0.040103 0.020167 0.020171 0.040134 0.020171 0.020168 0.020260 0.152105 0.040172 0.177528 0.040112 0.040372 0.051746 0.183714 0.180663 0.045389 0.039191 0.520000 0.149680 0.399448 0.068953 0.040122 -9999.0 -9999.0 -9999.0
-9999.0 -9999.0 -9999.0 -9999.0 -9999.0 -9999.0 -9999.0 -9999.0 0.020760 0.199236 0.040169 0.040160 0.040161 0.048003 0.149628 0.040210 0.040587 0.040540 0.040081 0.050912 0.351685 0.274251 0.040071 0.040131 0.040015 0.040017 0.040219 0.040370 0.020156 0.040302 0.040341 0.020168 0.040354 0.020206 0.045383 0.044098 0.040255 0.040649 0.040121 0.041783 0.040166 0.020172 0.020187 0.102736 0.043346 0.068595 0.020196 0.040199 0.040200 0.040416 0.040166 0.100614 0.121323 0.493899 0.077050 0.037372 0.153820 0.052204 0.040132 0.519951 0.467432 -9999.0 -9999.0
-9999.0 -9999.0 -9999.0 -9999.0 -9999.0 -9999.0 -9999.0 -9999.0 0.040158 0.041269 0.250764 0.040331 0.040749 0.020197 0.261508 0.110928 0.040134 0.040219 0.040169 0.194266 0.188407 0.265046 0.279894 0.040239 0.040302 0.040290 0.040396 0.040164 0.020143 0.040128 0.020165 0.042973 0.040130 0.040147 0.111603 0.125215 0.041174 0.044763 0.040165 0.040333 0.040416 0.020214 0.098166 0.040383 0.040325 0.040208 0.020624 0.239388 0.041425 0.040480 0.040144 0.040663 0.126078 0.042422 0.094289 0.194464 0.040180 0.040141 0.298294 0.426220 0.519987 -9999.0 -9999.0
-9999.0 -9999.0 -9999.0 -9999.0 -9999.0 -9999.0 -9999.0 -9999.0 0.020191 0.040529 0.264033 0.020169 0.283109 0.286521 0.473790 0.040067 0.040019 0.040132 0.040033 0.040196 0.068390 0.377036 0.484130 0.308076 0.053268 0.119318 0.186589 0.040171 0.156899 0.139322 0.040154 0.040182 0.155100 0.055673 0.040166 0.040942 0.040377 0.052124 0.040388 0.040211 0.061914 0.163482 0.217345 0.020194 0.174596 0.020689 0.508014 0.020353 0.333355 0.042780 0.041681 0.040175 0.040203 0.409460 0.040175 0.040169 0.189479 0.040202 0.518581 0.519668 0.040377 0.041702 -9999.0
-9999.0 -9999.0 -9999.0 -9999.0 -9999.0 -9999.0 -9999.0 -9999.0 0.040397 0.042652 0.279535 0.365338 0.484170 0.041905 0.394530 0.040228 0.040321 0.040053 0.040699 0.040448 0.040140 0.326868 0.389488 0.296469 0.495979 0.496545 0.042533 0.227786 0.348826 0.200749 0.044142 0.065762 0.040385 0.049977 0.040172 0.042508 0.052988 0.388613 0.045197 0.041428 0.040365 0.051359 0.098387 0.058484 0.040155 0.177979 0.042374 0.049250 0.161018 0.040937 0.040134 0.040031 0.040227 0.040191 0.167192 0.186550 0.519726 0.519640 0.257163 0.040412 0.040037 0.046249 -9999.0
-9999.0 -9999.0 0.040196 0.041224 0.042426 0.040299 0.155709 0.040258 0.040811 0.044233 0.042277 0.040494 0.050661 0.051984 0.499652 0.040469 0.040239 0.040607 0.040971 0.040984 0.040421 0.040267 0.351207 0.040035 0.040141 0.040209 0.463831 0.050858 0.040182 0.248514 0.172594 0.365781 0.422422 0.046043 0.040429 0.051533 0.136023 0.494237 0.051900 0.047620 0.048435 0.052250 0.040404 0.051588 0.133746 0.076308 0.040366 0.040311 0.040126 0.040132 0.081791 0.276096 0.519534 0.499686 0.460182 0.367476 0.064123 0.040220 0.040287 0.040034 0.317898 0.467012 -9999.0
-9999.0 0.151310 0.157997 0.177441 0.056019 0.223467 0.048879 0.040432 0.040411 0.040241 0.059461 0.277502 0.051727 0.449397 0.422507 0.410391 0.042298 0.040830 0.092463 0.042367 0.040299 0.040133 0.040195 0.040137 0.379923 0.040147 0.228513 0.040273 0.040111 0.040156 0.114408 0.267969 0.132664 0.369710 0.040634 0.153153 0.190077 0.210633 0.383223 0.214345 0.112624 0.040124 0.040126 0.040458 0.040237 0.040199 0.040114 0.040039 0.169743 0.040150 0.506356 0.459265 0.040213 0.040203 0.040208 0.040485 0.040626 0.040887 0.041694 0.043627 0.513935 0.511374 -9999.0
-9999.0 0.047075 0.145090 0.269053 0.384208 0.222255 0.084450 0.040189 0.040454 0.040308 0.042492 0.293162 0.051501 0.515298 0.040604 0.041227 0.040340 0.040238 0.336741 0.047501 0.407024 0.040401 0.040239 0.040154 0.040183 0.491506 0.040134 0.354628 0.326029 0.040327 0.040327 0.040185 0.040122 0.156497 0.397398 0.409400 0.520000 0.474802 0.520000 0.520000 0.511086 0.518448 0.175768 0.044427 0.086536 0.176037 0.380503 0.392746 0.518552 0.503280 0.040156 0.040030 0.040546 0.040038 0.040593 0.042593 0.042732 0.108295 0.246802 0.375040 0.385919 -9999.0 -9999.0
-9999.0 0.049365 0.040137 0.041250 0.040320 0.393926 0.368311 0.185768 0.116876 0.164514 0.325692 0.047523 0.167261 0.167956 0.283538 0.046957 0.040995 0.064098 0.040470 0.040378 0.298702 0.041617 0.054677 0.520000 0.260378 0.154506 0.206075 0.207889 0.238010 0.247148 0.176685 0.249369 0.291437 0.283580 0.356129 0.396141 0.454083 0.495168 0.520000 0.520000 0.520000 0.520000 0.519589 0.371885 0.332083 0.324381 0.290946 0.313091 0.040129 0.040024 0.040758 0.040973 0.043027 0.041189 0.042108 0.176315 0.224531 0.292058 0.275877 -9999.0 -9999.0 -9999.0 -9999.0
