user2019/resources/simulation/Vinschgau/output-maps/thetaliqL0006N0101.asc
ncols         63
nrows         48
xllcorner     598000.000000
yllcorner     5145000.000000
cellsize      1000.000000
NODATA_value  -9999.0
[rows 0 to 28 of 48, columns 0 to 62 of 63]
-9999.0 -9999.0 -9999.0 -9999.0 -9999.0 -9999.0 -9999.0 -9999.0 -9999.0 -9999.0 -9999.0 -9999.0 -9999.0 -9999.0 -9999.0 -9999.0 -9999.0 -9999.0 -9999.0 -9999.0 -9999.0 -9999.0 -9999.0 -9999.0 -9999.0 -9999.0 -9999.0 -9999.0 -9999.0 -9999.0 -9999.0 -9999.0 -9999.0 -9999.0 -9999.0 -9999.0 -9999.0 -9999.0 -9999.0 -9999.0 -9999.0 -9999.0 -9999.0 -9999.0 -9999.0 -9999.0 -9999.0 -9999.0 -9999.0 -9999.0 -9999.0 -9999.0 -9999.0 -9999.0 -9999.0 -9999.0 -9999.0 -9999.0 -9999.0 -9999.0 -9999.0 -9999.0 -9999.0
-9999.0 -9999.0 -9999.0 -9999.0 -9999.0 -9999.0 -9999.0 -9999.0 -9999.0 -9999.0 -9999.0 -9999.0 -9999.0 -9999.0 -9999.0 -9999.0 -9999.0 -9999.0 -9999.0 -9999.0 -9999.0 -9999.0 -9999.0 -9999.0 -9999.0 -9999.0 -9999.0 0.020174 0.020150 0.020162 0.020163 0.020130 0.020109 -9999.0 -9999.0 -9999.0 -9999.0 -9999.0 -9999.0 -9999.0 -9999.0 -9999.0 -9999.0 -9999.0 -9999.0 -9999.0 -9999.0 -9999.0 -9999.0 -9999.0 -9999.0 -9999.0 -9999.0 -9999.0 -9999.0 -9999.0 -9999.0 -9999.0 -9999.0 -9999.0 -9999.0 -9999.0 -9999.0
-9999.0 -9999.0 -9999.0 -9999.0 -9999.0 -9999.0 -9999.0 -9999.0 -9999.0 -9999.0 -9999.0 -9999.0 -9999.0 -9999.0 -9999.0 -9999.0 -9999.0 -9999.0 -9999.0 -9999.0 -9999.0 -9999.0 -9999.0 -9999.0 0.051904 0.040092 0.040081 0.040083 0.040080 0.020142 0.020161 -9999.0 -9999.0 -9999.0 -9999.0 -9999.0 -9999.0 -9999.0 -9999.0 -9999.0 -9999.0 -9999.0 -9999.0 -9999.0 -9999.0 -9999.0 -9999.0 -9999.0 -9999.0 -9999.0 -9999.0 -9999.0 -9999.0 -9999.0 -9999.0 -9999.0 -9999.0 -9999.0 -9999.0 -9999.0 -9999.0 -9999.0 -9999.0
-9999.0 -9999.0 -9999.0 -9999.0 -9999.0 -9999.0 -9999.0 -9999.0 -9999.0 -9999.0 -9999.0 -9999.0 -9999.0 -9999.0 -9999.0 -9999.0 -9999.0 -9999.0 -9999.0 -9999.0 -9999.0 -9999.0 -9999.0 0.040120 0.040307 0.291066 0.357894 0.088351 0.046179 0.020137 0.020144 0.020156 -9999.0 -9999.0 -9999.0 -9999.0 -9999.0 -9999.0 -9999.0 -9999.0 -9999.0 -9999.0 -9999.0 -9999.0 -9999.0 -9999.0 -9999.0 -9999.0 -9999.0 -9999.0 -9999.0 -9999.0 -9999.0 -9999.0 -9999.0 -9999.0 -9999.0 -9999.0 -9999.0 -9999.0 -9999.0 -9999.0 -9999.0
-9999.0 -9999.0 -9999.0 -9999.0 -9999.0 -9999.0 -9999.0 -9999.0 -9999.0 -9999.0 -9999.0 -9999.0 -9999.0 -9999.0 -9999.0 -9999.0 -9999.0 -9999.0 0.349061 0.248922 -9999.0 0.040397 0.040335 0.098137 0.422919 0.080144 0.045903 0.048517 0.385323 0.120548 0.020142 0.020146 0.020150 0.020111 -9999.0 -9999.0 -9999.0 -9999.0 -9999.0 -9999.0 -9999.0 -9999.0 -9999.0 -9999.0 -9999.0 -9999.0 -9999.0 -9999.0 -9999.0 -9999.0 -9999.0 -9999.0 -9999.0 -9999.0 -9999.0 -9999.0 -9999.0 -9999.0 -9999.0 -9999.0 -9999.0 -9999.0 -9999.0
-9999.0 -9999.0 -9999.0 -9999.0 -9999.0 -9999.0 -9999.0 -9999.0 -9999.0 -9999.0 -9999.0 -9999.0 -9999.0 -9999.0 -9999.0 -9999.0 -9999.0 0.040055 0.266568 0.020133 0.020153 0.056377 0.186821 0.020319 0.318597 0.040140 0.040112 0.076384 0.040080 0.043030 0.059838 0.020163 0.020136 0.020159 0.020156 0.020058 -9999.0 -9999.0 -9999.0 -9999.0 -9999.0 -9999.0 -9999.0 -9999.0 -9999.0 -9999.0 -9999.0 -9999.0 -9999.0 -9999.0 -9999.0 -9999.0 -9999.0 -9999.0 -9999.0 -9999.0 -9999.0 -9999.0 -9999.0 -9999.0 -9999.0 -9999.0 -9999.0
-9999.0 -9999.0 -9999.0 -9999.0 -9999.0 -9999.0 -9999.0 -9999.0 -9999.0 -9999.0 -9999.0 -9999.0 -9999.0 0.020170 0.210793 0.150890 0.125612 0.020107 0.040048 0.080548 0.385444 0.413750 0.070265 0.405937 0.040059 0.040098 0.020158 0.020162 0.020161 0.040315 0.040241 0.040087 0.020150 0.020072 0.020049 0.020044 -9999.0 -9999.0 -9999.0 -9999.0 -9999.0 -9999.0 -9999.0 -9999.0 -9999.0 -9999.0 -9999.0 -9999.0 -9999.0 -9999.0 -9999.0 -9999.0 -9999.0 -9999.0 -9999.0 -9999.0 -9999.0 -9999.0 -9999.0 -9999.0 -9999.0 -9999.0 -9999.0
-9999.0 -9999.0 -9999.0 -9999.0 -9999.0 -9999.0 -9999.0 -9999.0 -9999.0 -9999.0 -9999.0 -9999.0 -9999.0 0.134583 0.421453 0.162823 0.156999 0.326216 0.020093 0.223287 0.020055 0.020184 0.320525 0.059356 0.051348 0.020145 0.020146 0.020098 0.020082 0.020161 0.040105 0.020078 0.020048 0.020040 0.020040 -9999.0 -9999.0 -9999.0 -9999.0 -9999.0 -9999.0 -9999.0 -9999.0 -9999.0 -9999.0 -9999.0 -9999.0 -9999.0 -9999.0 -9999.0 -9999.0 -9999.0 -9999.0 -9999.0 -9999.0 -9999.0 -9999.0 -9999.0 -9999.0 -9999.0 -9999.0 -9999.0 -9999.0
-9999.0 -9999.0 -9999.0 -9999.0 -9999.0 -9999.0 -9999.0 -9999.0 -9999.0 -9999.0 -9999.0 -9999.0 -9999.0 0.223522 0.421065 0.297471 0.139967 0.121980 0.020092 0.067234 0.226043 0.020134 0.042266 0.040219 0.078435 0.150613 0.020164 0.020084 0.020152 0.020059 0.020097 0.020043 0.020043 0.020038 0.020037 -9999.0 -9999.0 -9999.0 -9999.0 -9999.0 -9999.0 -9999.0 -9999.0 -9999.0 -9999.0 -9999.0 -9999.0 -9999.0 -9999.0 -9999.0 -9999.0 -9999.0 -9999.0 -9999.0 -9999.0 -9999.0 -9999.0 -9999.0 -9999.0 -9999.0 -9999.0 -9999.0 -9999.0
-9999.0 -9999.0 -9999.0 -9999.0 -9999.0 -9999.0 -9999.0 -9999.0 -9999.0 -9999.0 -9999.0 -9999.0 0.050228 0.421695 0.420272 0.040083 0.207664 0.129613 0.370827 0.020085 0.146707 0.040098 0.020165 0.040351 0.055946 0.020147 0.040344 0.020163 0.020150 0.020065 0.020083 0.020142 0.020126 0.020051 -9999.0 -9999.0 -9999.0 -9999.0 -9999.0 -9999.0 -9999.0 -9999.0 -9999.0 -9999.0 -9999.0 -9999.0 -9999.0 -9999.0 -9999.0 -9999.0 -9999.0 -9999.0 -9999.0 -9999.0 -9999.0 -9999.0 -9999.0 -9999.0 -9999.0 -9999.0 -9999.0 -9999.0 -9999.0
-9999.0 -9999.0 -9999.0 -9999.0 -9999.0 -9999.0 -9999.0 -9999.0 -9999.0 -9999.0 -9999.0 0.040816 0.040291 0.276791 0.040095 0.040102 0.020153 0.120997 0.295709 0.020086 0.020113 0.215317 0.020163 0.020171 0.020166 0.020168 0.020129 0.020165 0.040080 0.020052 0.020153 0.020127 0.020122 0.020046 0.020053 0.020035 0.020027 0.020027 0.020028 -9999.0 -9999.0 -9999.0 0.020047 -9999.0 -9999.0 -9999.0 -9999.0 -9999.0 -9999.0 -9999.0 -9999.0 -9999.0 -9999.0 -9999.0 -9999.0 -9999.0 -9999.0 -9999.0 -9999.0 -9999.0 -9999.0 -9999.0 -9999.0
-9999.0 -9999.0 -9999.0 -9999.0 -9999.0 -9999.0 -9999.0 -9999.0 -9999.0 -9999.0 -9999.0 0.040136 0.040360 0.061030 0.139921 0.020176 0.174313 0.163695 0.290322 0.277028 0.404831 0.087818 0.040128 0.040111 0.040105 0.020169 0.020160 0.020150 0.020163 0.020094 0.020139 0.020120 0.020118 0.020118 0.020057 0.020030 0.020031 0.020017 0.020015 0.020015 0.020019 0.020027 0.020059 0.020074 -9999.0 -9999.0 -9999.0 0.175587 0.038039 0.020314 0.042003 0.020633 0.020630 0.263441 0.268211 0.022547 -9999.0 -9999.0 -9999.0 -9999.0 -9999.0 -9999.0 -9999.0
-9999.0 -9999.0 -9999.0 -9999.0 -9999.0 -9999.0 -9999.0 -9999.0 -9999.0 -9999.0 -9999.0 0.040156 0.040134 0.020144 0.049614 0.020162 0.100344 0.160940 0.367628 0.272704 0.177929 0.044709 0.041564 0.040153 0.020168 0.020158 0.040118 0.020143 0.020155 0.020157 0.020087 0.020118 0.020118 0.020087 0.020038 0.020030 0.040003 0.020023 0.020028 0.020010 0.020024 0.020026 0.020077 0.020102 0.020137 -9999.0 0.020183 0.020551 0.041858 0.056164 0.042464 0.020313 0.047215 0.124317 0.053608 0.077792 -9999.0 -9999.0 -9999.0 -9999.0 -9999.0 -9999.0 -9999.0
-9999.0 -9999.0 -9999.0 -9999.0 -9999.0 -9999.0 -9999.0 -9999.0 -9999.0 -9999.0 -9999.0 -9999.0 0.040252 0.048752 0.211400 0.107850 0.040294 0.109865 0.309560 0.279001 0.236934 0.047399 0.057900 0.093217 0.040106 0.040120 0.373465 0.020167 0.020166 0.020160 0.020139 0.040063 0.020112 0.020104 0.020058 0.020027 0.040003 0.040006 0.040014 0.020017 0.040008 0.020036 0.020050 0.112002 0.020145 0.020170 0.020183 0.020527 0.020203 0.040114 0.068638 0.111439 0.173625 0.153354 0.040620 0.040584 0.159422 -9999.0 -9999.0 -9999.0 -9999.0 -9999.0 -9999.0
-9999.0 -9999.0 -9999.0 -9999.0 -9999.0 -9999.0 -9999.0 -9999.0 -9999.0 -9999.0 -9999.0 0.061821 0.040129 0.020203 0.134348 0.141292 0.153916 0.040388 0.414858 0.040047 0.151369 0.372953 0.164541 0.020155 0.040326 0.230998 0.048927 0.020164 0.020156 0.020146 0.040074 0.040057 0.020122 0.020106 0.020036 0.020031 0.020017 0.020015 0.040024 0.020027 0.020027 0.040019 0.040012 0.020063 0.080081 0.020161 0.020450 0.020174 0.020288 0.020130 0.020206 0.020203 0.040160 0.020211 0.020222 0.020222 0.020723 -9999.0 -9999.0 -9999.0 -9999.0 -9999.0 -9999.0
-9999.0 -9999.0 -9999.0 -9999.0 -9999.0 -9999.0 -9999.0 -9999.0 -9999.0 -9999.0 0.099678 0.093860 0.159371 0.040137 0.241251 0.207493 0.040083 0.058407 0.163623 0.103049 0.319583 0.204698 0.043659 0.318428 0.243980 0.071935 0.020158 0.020150 0.020450 0.067172 0.104173 0.040064 0.020130 0.020112 0.020033 0.020036 0.020024 0.040003 0.040005 0.040011 0.020031 0.020028 0.020061 0.040009 0.061963 0.020154 0.020473 0.020136 0.161255 0.041487 0.020227 0.020206 0.020211 0.020208 0.020225 0.068155 0.067324 -9999.0 -9999.0 -9999.0 -9999.0 -9999.0 -9999.0
-9999.0 -9999.0 -9999.0 -9999.0 -9999.0 -9999.0 -9999.0 -9999.0 -9999.0 0.020196 0.081590 0.084891 0.204823 0.083376 0.171739 0.040118 0.040133 0.287640 0.222765 0.040046 0.289805 0.204446 0.060660 0.321696 0.090337 0.020152 0.040097 0.076454 0.057127 0.228421 0.126245 0.020135 0.020056 0.020049 0.020054 0.020037 0.020081 0.040016 0.040019 0.040010 0.040006 0.040039 0.020102 0.040010 0.020049 0.033970 0.117409 0.020217 0.020161 0.207151 0.020179 0.020392 0.020203 0.020235 0.020328 0.027191 0.207356 0.042312 0.042322 -9999.0 -9999.0 -9999.0 -9999.0
-9999.0 -9999.0 -9999.0 -9999.0 -9999.0 -9999.0 -9999.0 -9999.0 -9999.0 0.020181 0.020186 0.020178 0.422174 0.205163 0.153699 0.097757 0.368572 0.157380 0.175816 0.283003 0.283382 0.406852 0.159334 0.251220 0.020145 0.040259 0.184001 0.247828 0.400867 0.044242 0.020113 0.020153 0.020152 0.020148 0.020121 0.020092 0.020065 0.020065 0.020059 0.020102 0.040487 0.020128 0.040055 0.040035 0.040042 0.040073 0.040183 0.046750 0.074141 0.065097 0.020224 0.020283 0.020258 0.020246 0.020228 0.133145 0.044881 0.174391 0.042317 -9999.0 -9999.0 -9999.0 -9999.0
-9999.0 -9999.0 -9999.0 -9999.0 -9999.0 -9999.0 -9999.0 -9999.0 -9999.0 -9999.0 0.020186 0.020185 0.040276 0.150264 0.040368 0.187194 0.211202 0.402069 0.040011 0.134195 0.275876 0.069236 0.233672 0.045075 0.040295 0.221399 0.402307 0.163686 0.020126 0.040091 0.020156 0.045080 0.020162 0.020161 0.020154 0.020151 0.040173 0.040050 0.020131 0.020123 0.020085 0.040095 0.040060 0.020144 0.020117 0.040038 0.020090 0.321134 0.020035 0.071847 0.020202 0.020364 0.020669 0.020309 0.040538 0.020241 0.062882 0.067331 0.091866 0.370898 -9999.0 -9999.0 -9999.0
-9999.0 -9999.0 -9999.0 -9999.0 -9999.0 -9999.0 -9999.0 -9999.0 -9999.0 -9999.0 0.020186 0.020189 0.040416 0.193495 0.338421 0.377038 0.152039 0.210778 0.040160 0.093694 0.102613 0.312059 0.316252 0.184731 0.216337 0.276698 0.118262 0.157008 0.040081 0.020154 0.020160 0.040329 0.020151 0.020166 0.020167 0.040086 0.040049 0.040062 0.020136 0.020160 0.020162 0.020156 0.040138 0.020172 0.070518 0.020190 0.076563 0.020122 0.020027 0.020128 0.064298 0.027027 0.118702 0.020604 0.020300 0.026652 0.020234 0.051645 0.040028 0.345924 -9999.0 -9999.0 -9999.0
-9999.0 -9999.0 -9999.0 -9999.0 -9999.0 -9999.0 -9999.0 -9999.0 0.175665 0.036501 0.020207 0.040474 0.040177 0.040169 0.177624 0.208639 0.293936 0.376680 0.134656 0.121636 0.040102 0.040011 0.040034 0.320077 0.351299 0.040038 0.334585 0.040090 0.040296 0.020160 0.020074 0.020172 0.020174 0.020176 0.020193 0.020160 0.020381 0.040068 0.020155 0.020171 0.020176 0.040112 0.020178 0.020140 0.020197 0.177808 0.020188 0.136604 0.020108 0.247988 0.404481 0.029215 0.139688 0.020488 0.038927 0.054455 0.042316 0.370307 0.094782 0.041953 -9999.0 -9999.0 -9999.0
-9999.0 -9999.0 -9999.0 -9999.0 -9999.0 -9999.0 -9999.0 -9999.0 0.020207 0.120716 0.020179 0.020183 0.020181 0.065822 0.134267 0.188829 0.364238 0.297941 0.020043 0.155145 0.278798 0.192511 0.089467 0.201267 0.040010 0.040049 0.229153 0.040178 0.020157 0.020183 0.020177 0.020161 0.020250 0.020188 0.127976 0.134213 0.020219 0.040186 0.020169 0.020562 0.020187 0.020136 0.020185 0.041275 0.116458 0.086262 0.020200 0.020202 0.020205 0.295990 0.281482 0.157010 0.098380 0.092565 0.023558 0.020779 0.036473 0.086530 0.020075 0.429973 0.413421 -9999.0 -9999.0
-9999.0 -9999.0 -9999.0 -9999.0 -9999.0 -9999.0 -9999.0 -9999.0 0.020187 0.020205 0.047308 0.020185 0.040436 0.020187 0.222034 0.040597 0.188665 0.360412 0.040029 0.286908 0.251315 0.225531 0.196787 0.049199 0.148295 0.177518 0.317589 0.040079 0.020116 0.020154 0.020157 0.102440 0.040111 0.020168 0.178274 0.063329 0.020483 0.020230 0.020186 0.020201 0.020226 0.020198 0.166574 0.040377 0.040174 0.040154 0.020552 0.229437 0.040658 0.020260 0.070151 0.406451 0.025358 0.020363 0.090395 0.408726 0.277032 0.237215 0.411508 0.429934 0.430000 -9999.0 -9999.0
-9999.0 -9999.0 -9999.0 -9999.0 -9999.0 -9999.0 -9999.0 -9999.0 0.020146 0.020204 0.263655 0.020188 0.241532 0.233271 0.036880 0.185344 0.020030 0.040053 0.074613 0.041036 0.160452 0.426651 0.429847 0.245746 0.260452 0.404125 0.241734 0.020166 0.288210 0.055737 0.020153 0.020157 0.022371 0.164241 0.020184 0.020492 0.020280 0.402609 0.020185 0.020216 0.039020 0.042880 0.048602 0.020207 0.188802 0.020548 0.044137 0.020568 0.059922 0.020243 0.391993 0.093541 0.330270 0.419869 0.213234 0.238657 0.365857 0.214219 0.428836 0.430000 0.416362 0.410888 -9999.0
-9999.0 -9999.0 -9999.0 -9999.0 -9999.0 -9999.0 -9999.0 -9999.0 0.040162 0.069782 0.243808 0.060808 0.085955 0.302013 0.420650 0.271732 0.274142 0.119957 0.352092 0.295357 0.040126 0.397288 0.400655 0.239248 0.408361 0.421462 0.085396 0.238966 0.315299 0.327598 0.031891 0.324626 0.084201 0.254051 0.020246 0.020234 0.020584 0.414007 0.020149 0.040256 0.020219 0.020392 0.032899 0.020267 0.020200 0.051661 0.020276 0.062913 0.040800 0.085351 0.020151 0.040018 0.190379 0.271860 0.343881 0.385569 0.429923 0.429992 0.429962 0.412896 0.041047 0.412697 -9999.0
-9999.0 -9999.0 0.020194 0.051330 0.040521 0.040158 0.080181 0.040157 0.040458 0.091291 0.054693 0.237833 0.341367 0.404035 0.417957 0.313077 0.020107 0.040159 0.040364 0.401128 0.305396 0.042537 0.374978 0.040025 0.211762 0.282346 0.409651 0.349118 0.156324 0.405666 0.225906 0.344322 0.414073 0.304682 0.404887 0.345049 0.406903 0.422130 0.085236 0.052944 0.054973 0.075935 0.020098 0.402444 0.037073 0.049971 0.406681 0.327559 0.020053 0.130627 0.295561 0.407919 0.429158 0.429028 0.429821 0.430000 0.419058 0.390865 0.350983 0.040186 0.425585 0.425569 -9999.0
-9999.0 0.155406 0.161124 0.119979 0.060276 0.182942 0.040506 0.040353 0.040183 0.020210 0.041220 0.279290 0.292624 0.412871 0.398575 0.070890 0.040429 0.040437 0.150518 0.399508 0.324273 0.040022 0.343720 0.223894 0.337037 0.090246 0.284330 0.273852 0.040034 0.226107 0.382217 0.403328 0.402814 0.412233 0.400932 0.369261 0.409759 0.375370 0.417483 0.373269 0.404776 0.376885 0.330604 0.361663 0.357400 0.263950 0.040125 0.040015 0.296551 0.088306 0.429485 0.429789 0.365251 0.333302 0.336387 0.265703 0.395470 0.393793 0.412385 0.362131 0.429455 0.429118 -9999.0
-9999.0 0.100906 0.272785 0.290247 0.315073 0.276563 0.084653 0.040124 0.040303 0.020200 0.040471 0.281344 0.386536 0.430000 0.020280 0.040438 0.020219 0.040124 0.334436 0.336127 0.402707 0.266987 0.040117 0.196182 0.430000 0.430000 0.228060 0.398408 0.395393 0.040017 0.040075 0.040036 0.047007 0.159455 0.340712 0.295035 0.430000 0.414813 0.420696 0.420755 0.417991 0.429450 0.313010 0.099274 0.093085 0.129442 0.285652 0.334823 0.429511 0.429485 0.210638 0.040038 0.370421 0.040079 0.328869 0.355325 0.407283 0.192592 0.217462 0.279118 0.304623 -9999.0 -9999.0
-9999.0 0.020230 0.040108 0.352345 0.316429 0.349918 0.310334 0.176579 0.081041 0.092943 0.292817 0.310768 0.406196 0.301537 0.258342 0.040533 0.040589 0.067795 0.040139 0.258159 0.325820 0.324251 0.297041 0.430000 0.430000 0.308379 0.325908 0.323539 0.359187 0.379725 0.272068 0.233149 0.239284 0.204535 0.263260 0.302353 0.341839 0.424971 0.430000 0.430000 0.430000 0.430000 0.429718 0.296015 0.269036 0.266276 0.274337 0.321237 0.113154 0.040036 0.357181 0.099376 0.237230 0.361032 0.126315 0.183111 0.185383 0.203003 0.210474 -9999.0 -9999.0 -9999.0 -9999.0
