user2019/resources/simulation/Vinschgau/output-maps/thetaliqL0005N1230.asc
ncols         63
nrows         48
xllcorner     598000.000000
yllcorner     5145000.000000
cellsize      1000.000000
NODATA_value  -9999.0
[rows 0 to 28 of 48, columns 0 to 62 of 63]
-9999.0 -9999.0 -9999.0 -9999.0 -9999.0 -9999.0 -9999.0 -9999.0 -9999.0 -9999.0 -9999.0 -9999.0 -9999.0 -9999.0 -9999.0 -9999.0 -9999.0 -9999.0 -9999.0 -9999.0 -9999.0 -9999.0 -9999.0 -9999.0 -9999.0 -9999.0 -9999.0 -9999.0 -9999.0 -9999.0 -9999.0 -9999.0 -9999.0 -9999.0 -9999.0 -9999.0 -9999.0 -9999.0 -9999.0 -9999.0 -9999.0 -9999.0 -9999.0 -9999.0 -9999.0 -9999.0 -9999.0 -9999.0 -9999.0 -9999.0 -9999.0 -9999.0 -9999.0 -9999.0 -9999.0 -9999.0 -9999.0 -9999.0 -9999.0 -9999.0 -9999.0 -9999.0 -9999.0
-9999.0 -9999.0 -9999.0 -9999.0 -9999.0 -9999.0 -9999.0 -9999.0 -9999.0 -9999.0 -9999.0 -9999.0 -9999.0 -9999.0 -9999.0 -9999.0 -9999.0 -9999.0 -9999.0 -9999.0 -9999.0 -9999.0 -9999.0 -9999.0 -9999.0 -9999.0 -9999.0 0.093863 0.362752 0.111483 0.415994 0.190370 0.028750 -9999.0 -9999.0 -9999.0 -9999.0 -9999.0 -9999.0 -9999.0 -9999.0 -9999.0 -9999.0 -9999.0 -9999.0 -9999.0 -9999.0 -9999.0 -9999.0 -9999.0 -9999.0 -9999.0 -9999.0 -9999.0 -9999.0 -9999.0 -9999.0 -9999.0 -9999.0 -9999.0 -9999.0 -9999.0 -9999.0
-9999.0 -9999.0 -9999.0 -9999.0 -9999.0 -9999.0 -9999.0 -9999.0 -9999.0 -9999.0 -9999.0 -9999.0 -9999.0 -9999.0 -9999.0 -9999.0 -9999.0 -9999.0 -9999.0 -9999.0 -9999.0 -9999.0 -9999.0 -9999.0 0.357474 0.350912 0.350072 0.352024 0.372815 0.385639 0.405653 -9999.0 -9999.0 -9999.0 -9999.0 -9999.0 -9999.0 -9999.0 -9999.0 -9999.0 -9999.0 -9999.0 -9999.0 -9999.0 -9999.0 -9999.0 -9999.0 -9999.0 -9999.0 -9999.0 -9999.0 -9999.0 -9999.0 -9999.0 -9999.0 -9999.0 -9999.0 -9999.0 -9999.0 -9999.0 -9999.0 -9999.0 -9999.0
-9999.0 -9999.0 -9999.0 -9999.0 -9999.0 -9999.0 -9999.0 -9999.0 -9999.0 -9999.0 -9999.0 -9999.0 -9999.0 -9999.0 -9999.0 -9999.0 -9999.0 -9999.0 -9999.0 -9999.0 -9999.0 -9999.0 -9999.0 0.341835 0.329115 0.089967 0.082167 0.059208 0.066049 0.326286 0.402877 0.429990 -9999.0 -9999.0 -9999.0 -9999.0 -9999.0 -9999.0 -9999.0 -9999.0 -9999.0 -9999.0 -9999.0 -9999.0 -9999.0 -9999.0 -9999.0 -9999.0 -9999.0 -9999.0 -9999.0 -9999.0 -9999.0 -9999.0 -9999.0 -9999.0 -9999.0 -9999.0 -9999.0 -9999.0 -9999.0 -9999.0 -9999.0
-9999.0 -9999.0 -9999.0 -9999.0 -9999.0 -9999.0 -9999.0 -9999.0 -9999.0 -9999.0 -9999.0 -9999.0 -9999.0 -9999.0 -9999.0 -9999.0 -9999.0 -9999.0 0.222490 0.305452 -9999.0 0.329004 0.317208 0.061521 0.087224 0.059911 0.225397 0.197750 0.239751 0.207265 0.354844 0.401744 0.087061 0.089299 -9999.0 -9999.0 -9999.0 -9999.0 -9999.0 -9999.0 -9999.0 -9999.0 -9999.0 -9999.0 -9999.0 -9999.0 -9999.0 -9999.0 -9999.0 -9999.0 -9999.0 -9999.0 -9999.0 -9999.0 -9999.0 -9999.0 -9999.0 -9999.0 -9999.0 -9999.0 -9999.0 -9999.0 -9999.0
-9999.0 -9999.0 -9999.0 -9999.0 -9999.0 -9999.0 -9999.0 -9999.0 -9999.0 -9999.0 -9999.0 -9999.0 -9999.0 -9999.0 -9999.0 -9999.0 -9999.0 0.085750 0.079675 0.020321 0.083685 0.274676 0.193510 0.074651 0.185499 0.284575 0.052754 0.278533 0.060829 0.264814 0.331837 0.348031 0.098069 0.063588 0.061357 0.069196 -9999.0 -9999.0 -9999.0 -9999.0 -9999.0 -9999.0 -9999.0 -9999.0 -9999.0 -9999.0 -9999.0 -9999.0 -9999.0 -9999.0 -9999.0 -9999.0 -9999.0 -9999.0 -9999.0 -9999.0 -9999.0 -9999.0 -9999.0 -9999.0 -9999.0 -9999.0 -9999.0
-9999.0 -9999.0 -9999.0 -9999.0 -9999.0 -9999.0 -9999.0 -9999.0 -9999.0 -9999.0 -9999.0 -9999.0 -9999.0 0.191466 0.119887 0.103067 0.082559 0.022156 0.087065 0.060519 0.085009 0.098401 0.063668 0.151777 0.177841 0.317838 0.023452 0.058042 0.062302 0.349211 0.041396 0.374058 0.384996 0.421310 0.134364 0.082832 -9999.0 -9999.0 -9999.0 -9999.0 -9999.0 -9999.0 -9999.0 -9999.0 -9999.0 -9999.0 -9999.0 -9999.0 -9999.0 -9999.0 -9999.0 -9999.0 -9999.0 -9999.0 -9999.0 -9999.0 -9999.0 -9999.0 -9999.0 -9999.0 -9999.0 -9999.0 -9999.0
-9999.0 -9999.0 -9999.0 -9999.0 -9999.0 -9999.0 -9999.0 -9999.0 -9999.0 -9999.0 -9999.0 -9999.0 -9999.0 0.228765 0.082187 0.089919 0.084819 0.166179 0.022151 0.080128 0.065199 0.066469 0.119846 0.185310 0.185051 0.236991 0.349058 0.114661 0.112138 0.052849 0.043501 0.399293 0.105778 0.064128 0.103274 -9999.0 -9999.0 -9999.0 -9999.0 -9999.0 -9999.0 -9999.0 -9999.0 -9999.0 -9999.0 -9999.0 -9999.0 -9999.0 -9999.0 -9999.0 -9999.0 -9999.0 -9999.0 -9999.0 -9999.0 -9999.0 -9999.0 -9999.0 -9999.0 -9999.0 -9999.0 -9999.0 -9999.0
-9999.0 -9999.0 -9999.0 -9999.0 -9999.0 -9999.0 -9999.0 -9999.0 -9999.0 -9999.0 -9999.0 -9999.0 -9999.0 0.080547 0.430000 0.083834 0.088914 0.086744 0.022126 0.084689 0.146830 0.020367 0.278241 0.094606 0.125740 0.183213 0.081621 0.092234 0.420187 0.064869 0.426785 0.078426 0.055545 0.020028 0.100222 -9999.0 -9999.0 -9999.0 -9999.0 -9999.0 -9999.0 -9999.0 -9999.0 -9999.0 -9999.0 -9999.0 -9999.0 -9999.0 -9999.0 -9999.0 -9999.0 -9999.0 -9999.0 -9999.0 -9999.0 -9999.0 -9999.0 -9999.0 -9999.0 -9999.0 -9999.0 -9999.0 -9999.0
-9999.0 -9999.0 -9999.0 -9999.0 -9999.0 -9999.0 -9999.0 -9999.0 -9999.0 -9999.0 -9999.0 -9999.0 0.062727 0.430000 0.081205 0.087624 0.131512 0.097574 0.137516 0.020291 0.086943 0.219131 0.067509 0.089696 0.040882 0.351231 0.040075 0.400102 0.421703 0.117910 0.133383 0.091358 0.429966 0.078140 -9999.0 -9999.0 -9999.0 -9999.0 -9999.0 -9999.0 -9999.0 -9999.0 -9999.0 -9999.0 -9999.0 -9999.0 -9999.0 -9999.0 -9999.0 -9999.0 -9999.0 -9999.0 -9999.0 -9999.0 -9999.0 -9999.0 -9999.0 -9999.0 -9999.0 -9999.0 -9999.0 -9999.0 -9999.0
-9999.0 -9999.0 -9999.0 -9999.0 -9999.0 -9999.0 -9999.0 -9999.0 -9999.0 -9999.0 -9999.0 0.260883 0.083429 0.430000 0.081209 0.196317 0.020269 0.092859 0.185497 0.020258 0.070919 0.165035 0.278488 0.332939 0.347558 0.371479 0.408215 0.389480 0.429772 0.119804 0.095526 0.388043 0.108748 0.091081 0.089268 0.095965 0.386576 0.272731 0.138755 -9999.0 -9999.0 -9999.0 0.062594 -9999.0 -9999.0 -9999.0 -9999.0 -9999.0 -9999.0 -9999.0 -9999.0 -9999.0 -9999.0 -9999.0 -9999.0 -9999.0 -9999.0 -9999.0 -9999.0 -9999.0 -9999.0 -9999.0 -9999.0
-9999.0 -9999.0 -9999.0 -9999.0 -9999.0 -9999.0 -9999.0 -9999.0 -9999.0 -9999.0 -9999.0 0.270271 0.082634 0.058677 0.079863 0.154515 0.073377 0.076111 0.169325 0.125445 0.166396 0.201301 0.362550 0.040335 0.040557 0.372052 0.381113 0.377882 0.140101 0.105845 0.390041 0.404526 0.423871 0.429917 0.411103 0.390001 0.351012 0.204940 0.210457 0.068233 0.081098 0.092404 0.404708 0.093189 -9999.0 -9999.0 -9999.0 0.275977 0.193081 0.101861 0.180811 0.098269 0.102960 0.061641 0.057951 0.125890 -9999.0 -9999.0 -9999.0 -9999.0 -9999.0 -9999.0 -9999.0
-9999.0 -9999.0 -9999.0 -9999.0 -9999.0 -9999.0 -9999.0 -9999.0 -9999.0 -9999.0 -9999.0 0.283004 0.253229 0.297146 0.224164 0.143976 0.125019 0.085587 0.081891 0.119354 0.167223 0.342061 0.042233 0.375502 0.366030 0.099545 0.040909 0.040048 0.103828 0.412699 0.102253 0.040456 0.391968 0.429936 0.101841 0.374067 0.040452 0.040362 0.160950 0.063796 0.312280 0.163531 0.390231 0.397988 0.338304 -9999.0 0.087093 0.280427 0.422700 0.394912 0.177665 0.117618 0.175653 0.411080 0.199886 0.429742 -9999.0 -9999.0 -9999.0 -9999.0 -9999.0 -9999.0 -9999.0
-9999.0 -9999.0 -9999.0 -9999.0 -9999.0 -9999.0 -9999.0 -9999.0 -9999.0 -9999.0 -9999.0 -9999.0 0.283678 0.347122 0.221867 0.218243 0.155323 0.091443 0.172837 0.125927 0.120887 0.240250 0.051471 0.040187 0.040185 0.040930 0.430000 0.166213 0.405707 0.096665 0.384810 0.040606 0.170220 0.429636 0.429986 0.393854 0.040714 0.040228 0.256717 0.075317 0.178147 0.077011 0.040252 0.364263 0.086030 0.304973 0.088183 0.424916 0.040194 0.040314 0.066160 0.040071 0.040041 0.040062 0.040186 0.429967 0.429756 -9999.0 -9999.0 -9999.0 -9999.0 -9999.0 -9999.0
-9999.0 -9999.0 -9999.0 -9999.0 -9999.0 -9999.0 -9999.0 -9999.0 -9999.0 -9999.0 -9999.0 0.042955 0.312325 0.124532 0.196038 0.269554 0.172945 0.118383 0.139184 0.128142 0.107640 0.210553 0.197938 0.041275 0.040821 0.040198 0.040780 0.398830 0.403093 0.101010 0.040994 0.040191 0.363057 0.420011 0.420309 0.409828 0.345110 0.054224 0.209139 0.146855 0.052504 0.164378 0.054562 0.031137 0.313433 0.402784 0.405680 0.085565 0.087367 0.028303 0.020134 0.395144 0.040065 0.020035 0.020031 0.020048 0.106135 -9999.0 -9999.0 -9999.0 -9999.0 -9999.0 -9999.0
-9999.0 -9999.0 -9999.0 -9999.0 -9999.0 -9999.0 -9999.0 -9999.0 -9999.0 -9999.0 0.430000 0.043337 0.315497 0.302009 0.263443 0.430000 0.430000 0.221068 0.106496 0.132473 0.162681 0.255157 0.041151 0.314803 0.074803 0.040312 0.040493 0.020075 0.159853 0.311600 0.040346 0.040191 0.352387 0.419162 0.102719 0.096296 0.336628 0.040845 0.040316 0.382166 0.342635 0.025414 0.166033 0.282155 0.074794 0.100030 0.359855 0.041218 0.041332 0.119684 0.020063 0.101351 0.020028 0.020033 0.038315 0.416576 0.421149 -9999.0 -9999.0 -9999.0 -9999.0 -9999.0 -9999.0
-9999.0 -9999.0 -9999.0 -9999.0 -9999.0 -9999.0 -9999.0 -9999.0 -9999.0 0.365181 0.347510 0.060352 0.067920 0.048303 0.045511 0.052929 0.070598 0.237591 0.087507 0.121259 0.150550 0.126409 0.152938 0.198137 0.362763 0.040132 0.040168 0.349537 0.058022 0.077104 0.423080 0.020142 0.115411 0.083541 0.093374 0.096758 0.354127 0.040617 0.040996 0.045308 0.040156 0.041384 0.041592 0.159533 0.211472 0.070670 0.278005 0.044307 0.045024 0.409705 0.020343 0.103692 0.020033 0.073593 0.106730 0.040015 0.040021 0.132087 0.113224 -9999.0 -9999.0 -9999.0 -9999.0
-9999.0 -9999.0 -9999.0 -9999.0 -9999.0 -9999.0 -9999.0 -9999.0 -9999.0 0.170612 0.363079 0.296535 0.430000 0.147627 0.066478 0.047492 0.309117 0.232018 0.082233 0.117518 0.130137 0.081683 0.221189 0.324949 0.040316 0.040798 0.045457 0.107191 0.389576 0.317009 0.321908 0.040060 0.396990 0.427036 0.421061 0.094059 0.097359 0.104294 0.360618 0.343539 0.041131 0.040576 0.054474 0.330200 0.177762 0.218558 0.208484 0.254917 0.110089 0.306107 0.020064 0.040018 0.021050 0.040706 0.177244 0.040011 0.040024 0.040341 0.126194 -9999.0 -9999.0 -9999.0 -9999.0
-9999.0 -9999.0 -9999.0 -9999.0 -9999.0 -9999.0 -9999.0 -9999.0 -9999.0 -9999.0 0.387347 0.343439 0.069174 0.040634 0.357654 0.071253 0.134981 0.172919 0.079174 0.112076 0.138531 0.078424 0.138583 0.041691 0.041451 0.074198 0.419610 0.325665 0.312053 0.040106 0.040069 0.040056 0.040059 0.422914 0.413348 0.367258 0.328851 0.344848 0.108400 0.393612 0.388800 0.361017 0.430000 0.072464 0.158247 0.264152 0.116833 0.217522 0.077566 0.260775 0.020117 0.020162 0.091562 0.020809 0.040581 0.229837 0.430000 0.040344 0.041752 0.092501 -9999.0 -9999.0 -9999.0
-9999.0 -9999.0 -9999.0 -9999.0 -9999.0 -9999.0 -9999.0 -9999.0 -9999.0 -9999.0 0.418308 0.371284 0.342266 0.092288 0.333036 0.225210 0.205973 0.126326 0.094611 0.085657 0.092551 0.106690 0.091912 0.063299 0.081902 0.395687 0.287224 0.161251 0.040183 0.040078 0.384996 0.410924 0.020106 0.417055 0.381485 0.366617 0.040399 0.046107 0.040121 0.403156 0.392907 0.167939 0.041950 0.311862 0.322571 0.020991 0.124966 0.190693 0.102719 0.175818 0.430000 0.040319 0.040039 0.110375 0.020294 0.020801 0.168636 0.043918 0.430000 0.406513 -9999.0 -9999.0 -9999.0
-9999.0 -9999.0 -9999.0 -9999.0 -9999.0 -9999.0 -9999.0 -9999.0 0.386657 0.392540 0.184423 0.395710 0.040065 0.051433 0.053737 0.223618 0.077225 0.081211 0.086383 0.082482 0.083308 0.077961 0.081098 0.099210 0.251638 0.273048 0.292803 0.040561 0.040167 0.040088 0.082651 0.391332 0.389974 0.413616 0.405953 0.356713 0.244274 0.047465 0.040038 0.094142 0.093761 0.366449 0.020146 0.103902 0.085610 0.430000 0.040044 0.052123 0.241830 0.275256 0.358429 0.020107 0.040076 0.040015 0.021846 0.199924 0.120590 0.340098 0.284555 0.145893 -9999.0 -9999.0 -9999.0
-9999.0 -9999.0 -9999.0 -9999.0 -9999.0 -9999.0 -9999.0 -9999.0 0.020087 0.040129 0.040094 0.405922 0.365624 0.040143 0.040489 0.249335 0.114837 0.100960 0.063499 0.082250 0.163266 0.093689 0.086415 0.080100 0.082473 0.147361 0.298207 0.046720 0.020101 0.408279 0.429962 0.078591 0.382390 0.081078 0.383373 0.351590 0.246873 0.430000 0.055161 0.342247 0.386899 0.194026 0.086694 0.325915 0.430000 0.040856 0.020103 0.351042 0.059116 0.317579 0.353188 0.066654 0.040012 0.226724 0.177717 0.020107 0.042630 0.096504 0.230937 0.153600 0.086320 -9999.0 -9999.0
-9999.0 -9999.0 -9999.0 -9999.0 -9999.0 -9999.0 -9999.0 -9999.0 0.379679 0.430000 0.430000 0.040064 0.428198 0.020178 0.044349 0.040583 0.183432 0.087323 0.075683 0.161195 0.081957 0.091282 0.085818 0.082970 0.104251 0.103476 0.292695 0.040203 0.020081 0.388798 0.076168 0.384254 0.040376 0.020560 0.363532 0.276341 0.365472 0.350513 0.057970 0.040703 0.355091 0.076326 0.360275 0.430000 0.040574 0.366929 0.079975 0.385417 0.040285 0.178161 0.246199 0.396410 0.040019 0.040012 0.056126 0.069018 0.430000 0.283850 0.095116 0.160388 0.133418 -9999.0 -9999.0
-9999.0 -9999.0 -9999.0 -9999.0 -9999.0 -9999.0 -9999.0 -9999.0 0.084470 0.356170 0.048293 0.020078 0.382052 0.040806 0.020679 0.308359 0.071875 0.077308 0.137223 0.084999 0.083522 0.084799 0.094238 0.091295 0.108977 0.180560 0.065378 0.040065 0.334774 0.041318 0.044974 0.046166 0.124662 0.065450 0.025980 0.223811 0.163102 0.096700 0.271095 0.080479 0.299153 0.297033 0.310672 0.083517 0.368890 0.087355 0.154598 0.095670 0.362635 0.042294 0.234266 0.211854 0.359874 0.057640 0.430000 0.409220 0.217736 0.163257 0.135199 0.137698 0.141376 0.162002 -9999.0
-9999.0 -9999.0 -9999.0 -9999.0 -9999.0 -9999.0 -9999.0 -9999.0 0.065341 0.409351 0.040107 0.040108 0.040977 0.043334 0.373282 0.225436 0.232786 0.115362 0.156452 0.098840 0.091211 0.090801 0.085573 0.084894 0.084533 0.196574 0.040291 0.081292 0.324751 0.262473 0.042533 0.385603 0.293572 0.356762 0.297018 0.140756 0.069166 0.080031 0.076166 0.263524 0.252765 0.058820 0.318165 0.094219 0.043227 0.295173 0.059325 0.046868 0.057728 0.408685 0.226746 0.143636 0.193144 0.253397 0.354094 0.318170 0.232237 0.177081 0.157628 0.090443 0.105685 0.169354 -9999.0
-9999.0 -9999.0 0.160273 0.367129 0.040032 0.040590 0.040056 0.040105 0.427738 0.417616 0.040467 0.040180 0.043504 0.430000 0.293071 0.430000 0.136933 0.040206 0.051025 0.255207 0.099067 0.097812 0.130949 0.083263 0.091676 0.109679 0.209889 0.238048 0.145479 0.288105 0.160495 0.174837 0.193927 0.110104 0.093709 0.087170 0.081699 0.075218 0.066283 0.078607 0.063682 0.066570 0.085815 0.197010 0.219195 0.253417 0.303457 0.243578 0.123228 0.135152 0.088531 0.145701 0.213961 0.248673 0.279881 0.251831 0.232936 0.188505 0.157838 0.122863 0.193070 0.181441 -9999.0
-9999.0 0.045669 0.041166 0.040648 0.040740 0.040615 0.040074 0.040088 0.040044 0.422796 0.040130 0.040469 0.165492 0.360613 0.424416 0.041638 0.040601 0.040327 0.040974 0.215752 0.103774 0.090299 0.179306 0.136793 0.086682 0.087270 0.100768 0.115022 0.084173 0.156128 0.086561 0.086980 0.085797 0.116354 0.080743 0.084212 0.078899 0.071490 0.083249 0.084240 0.080510 0.080716 0.075768 0.082066 0.089351 0.085147 0.140580 0.078605 0.081524 0.124469 0.148134 0.189221 0.232895 0.279569 0.282297 0.385790 0.324399 0.300847 0.370511 0.301894 0.265874 0.184672 -9999.0
-9999.0 0.344132 0.071499 0.058129 0.344479 0.047120 0.040038 0.040067 0.418944 0.192915 0.040112 0.040201 0.311680 0.368134 0.044885 0.040017 0.040096 0.040200 0.040218 0.106027 0.330182 0.198089 0.158769 0.205301 0.198687 0.166523 0.080697 0.084934 0.107637 0.075645 0.073675 0.074555 0.090714 0.093889 0.096880 0.087001 0.150113 0.145263 0.080799 0.081111 0.081597 0.088038 0.079947 0.082043 0.078624 0.072077 0.092597 0.100577 0.110240 0.126622 0.157736 0.187356 0.274670 0.403162 0.430000 0.079094 0.040493 0.054538 0.066656 0.044990 0.088644 -9999.0 -9999.0
-9999.0 0.143720 0.041469 0.040276 0.345857 0.334874 0.347230 0.040094 0.040241 0.040148 0.040593 0.099409 0.330173 0.424860 0.040114 0.040013 0.040083 0.040035 0.040103 0.040139 0.045572 0.083247 0.163594 0.219985 0.210479 0.145279 0.132399 0.124914 0.084758 0.101384 0.081786 0.081290 0.096332 0.093220 0.088470 0.084787 0.083929 0.142808 0.083181 0.082928 0.083201 0.148628 0.085276 0.080730 0.080812 0.092235 0.095733 0.113372 0.138938 0.129857 0.204307 0.292914 0.095932 0.430000 0.043248 0.040179 0.040167 0.040093 0.040114 -9999.0 -9999.0 -9999.0 -9999.0
