user2019/resources/simulation/Vinschgau/output-maps/thetaliqL0004N0086.asc
ncols         63
nrows         48
xllcorner     598000.000000
yllcorner     5145000.000000
cellsize      1000.000000
NODATA_value  -9999.0
[rows 0 to 28 of 48, columns 0 to 62 of 63]
-9999.0 -9999.0 -9999.0 -9999.0 -9999.0 -9999.0 -9999.0 -9999.0 -9999.0 -9999.0 -9999.0 -9999.0 -9999.0 -9999.0 -9999.0 -9999.0 -9999.0 -9999.0 -9999.0 -9999.0 -9999.0 -9999.0 -9999.0 -9999.0 -9999.0 -9999.0 -9999.0 -9999.0 -9999.0 -9999.0 -9999.0 -9999.0 -9999.0 -9999.0 -9999.0 -9999.0 -9999.0 -9999.0 -9999.0 -9999.0 -9999.0 -9999.0 -9999.0 -9999.0 -9999.0 -9999.0 -9999.0 -9999.0 -9999.0 -9999.0 -9999.0 -9999.0 -9999.0 -9999.0 -9999.0 -9999.0 -9999.0 -9999.0 -9999.0 -9999.0 -9999.0 -9999.0 -9999.0
-9999.0 -9999.0 -9999.0 -9999.0 -9999.0 -9999.0 -9999.0 -9999.0 -9999.0 -9999.0 -9999.0 -9999.0 -9999.0 -9999.0 -9999.0 -9999.0 -9999.0 -9999.0 -9999.0 -9999.0 -9999.0 -9999.0 -9999.0 -9999.0 -9999.0 -9999.0 -9999.0 0.020161 0.040100 0.020128 0.040127 0.040124 0.040114 -9999.0 -9999.0 -9999.0 -9999.0 -9999.0 -9999.0 -9999.0 -9999.0 -9999.0 -9999.0 -9999.0 -9999.0 -9999.0 -9999.0 -9999.0 -9999.0 -9999.0 -9999.0 -9999.0 -9999.0 -9999.0 -9999.0 -9999.0 -9999.0 -9999.0 -9999.0 -9999.0 -9999.0 -9999.0 -9999.0
-9999.0 -9999.0 -9999.0 -9999.0 -9999.0 -9999.0 -9999.0 -9999.0 -9999.0 -9999.0 -9999.0 -9999.0 -9999.0 -9999.0 -9999.0 -9999.0 -9999.0 -9999.0 -9999.0 -9999.0 -9999.0 -9999.0 -9999.0 -9999.0 0.041045 0.040143 0.040089 0.040095 0.040090 0.040092 0.040122 -9999.0 -9999.0 -9999.0 -9999.0 -9999.0 -9999.0 -9999.0 -9999.0 -9999.0 -9999.0 -9999.0 -9999.0 -9999.0 -9999.0 -9999.0 -9999.0 -9999.0 -9999.0 -9999.0 -9999.0 -9999.0 -9999.0 -9999.0 -9999.0 -9999.0 -9999.0 -9999.0 -9999.0 -9999.0 -9999.0 -9999.0 -9999.0
-9999.0 -9999.0 -9999.0 -9999.0 -9999.0 -9999.0 -9999.0 -9999.0 -9999.0 -9999.0 -9999.0 -9999.0 -9999.0 -9999.0 -9999.0 -9999.0 -9999.0 -9999.0 -9999.0 -9999.0 -9999.0 -9999.0 -9999.0 0.040188 0.040534 0.352120 0.312120 0.506799 0.042974 0.040079 0.040095 0.040123 -9999.0 -9999.0 -9999.0 -9999.0 -9999.0 -9999.0 -9999.0 -9999.0 -9999.0 -9999.0 -9999.0 -9999.0 -9999.0 -9999.0 -9999.0 -9999.0 -9999.0 -9999.0 -9999.0 -9999.0 -9999.0 -9999.0 -9999.0 -9999.0 -9999.0 -9999.0 -9999.0 -9999.0 -9999.0 -9999.0 -9999.0
-9999.0 -9999.0 -9999.0 -9999.0 -9999.0 -9999.0 -9999.0 -9999.0 -9999.0 -9999.0 -9999.0 -9999.0 -9999.0 -9999.0 -9999.0 -9999.0 -9999.0 -9999.0 0.363868 0.176656 -9999.0 0.040343 0.040601 0.515934 0.497058 0.156174 0.040287 0.040287 0.272309 0.042360 0.040085 0.040093 0.020125 0.020125 -9999.0 -9999.0 -9999.0 -9999.0 -9999.0 -9999.0 -9999.0 -9999.0 -9999.0 -9999.0 -9999.0 -9999.0 -9999.0 -9999.0 -9999.0 -9999.0 -9999.0 -9999.0 -9999.0 -9999.0 -9999.0 -9999.0 -9999.0 -9999.0 -9999.0 -9999.0 -9999.0 -9999.0 -9999.0
-9999.0 -9999.0 -9999.0 -9999.0 -9999.0 -9999.0 -9999.0 -9999.0 -9999.0 -9999.0 -9999.0 -9999.0 -9999.0 -9999.0 -9999.0 -9999.0 -9999.0 0.040047 0.041208 0.020138 0.020140 0.040787 0.042981 0.041153 0.040975 0.041818 0.040642 0.042503 0.040133 0.040291 0.136595 0.040077 0.020118 0.020114 0.020133 0.020078 -9999.0 -9999.0 -9999.0 -9999.0 -9999.0 -9999.0 -9999.0 -9999.0 -9999.0 -9999.0 -9999.0 -9999.0 -9999.0 -9999.0 -9999.0 -9999.0 -9999.0 -9999.0 -9999.0 -9999.0 -9999.0 -9999.0 -9999.0 -9999.0 -9999.0 -9999.0 -9999.0
-9999.0 -9999.0 -9999.0 -9999.0 -9999.0 -9999.0 -9999.0 -9999.0 -9999.0 -9999.0 -9999.0 -9999.0 -9999.0 0.040155 0.042185 0.040256 0.041397 0.020095 0.040029 0.488514 0.428030 0.472795 0.041008 0.041038 0.040050 0.040102 0.020143 0.040113 0.040115 0.040492 0.040360 0.040089 0.040101 0.040075 0.020063 0.020055 -9999.0 -9999.0 -9999.0 -9999.0 -9999.0 -9999.0 -9999.0 -9999.0 -9999.0 -9999.0 -9999.0 -9999.0 -9999.0 -9999.0 -9999.0 -9999.0 -9999.0 -9999.0 -9999.0 -9999.0 -9999.0 -9999.0 -9999.0 -9999.0 -9999.0 -9999.0 -9999.0
-9999.0 -9999.0 -9999.0 -9999.0 -9999.0 -9999.0 -9999.0 -9999.0 -9999.0 -9999.0 -9999.0 -9999.0 -9999.0 0.059811 0.492316 0.041431 0.041494 0.192046 0.020087 0.041181 0.040086 0.040271 0.041669 0.040922 0.040815 0.040099 0.040094 0.020145 0.020127 0.040114 0.040165 0.040084 0.020061 0.020049 0.020050 -9999.0 -9999.0 -9999.0 -9999.0 -9999.0 -9999.0 -9999.0 -9999.0 -9999.0 -9999.0 -9999.0 -9999.0 -9999.0 -9999.0 -9999.0 -9999.0 -9999.0 -9999.0 -9999.0 -9999.0 -9999.0 -9999.0 -9999.0 -9999.0 -9999.0 -9999.0 -9999.0 -9999.0
-9999.0 -9999.0 -9999.0 -9999.0 -9999.0 -9999.0 -9999.0 -9999.0 -9999.0 -9999.0 -9999.0 -9999.0 -9999.0 0.141791 0.442813 0.312774 0.040362 0.040340 0.020083 0.040103 0.041510 0.020102 0.088191 0.040408 0.041879 0.059273 0.020129 0.020128 0.040104 0.020082 0.040101 0.020054 0.020054 0.020047 0.020045 -9999.0 -9999.0 -9999.0 -9999.0 -9999.0 -9999.0 -9999.0 -9999.0 -9999.0 -9999.0 -9999.0 -9999.0 -9999.0 -9999.0 -9999.0 -9999.0 -9999.0 -9999.0 -9999.0 -9999.0 -9999.0 -9999.0 -9999.0 -9999.0 -9999.0 -9999.0 -9999.0 -9999.0
-9999.0 -9999.0 -9999.0 -9999.0 -9999.0 -9999.0 -9999.0 -9999.0 -9999.0 -9999.0 -9999.0 -9999.0 0.189352 0.492738 0.480318 0.040058 0.093127 0.040266 0.173899 0.020041 0.041692 0.040098 0.040132 0.040330 0.040485 0.040108 0.040490 0.040117 0.040088 0.020092 0.040099 0.020123 0.040072 0.020070 -9999.0 -9999.0 -9999.0 -9999.0 -9999.0 -9999.0 -9999.0 -9999.0 -9999.0 -9999.0 -9999.0 -9999.0 -9999.0 -9999.0 -9999.0 -9999.0 -9999.0 -9999.0 -9999.0 -9999.0 -9999.0 -9999.0 -9999.0 -9999.0 -9999.0 -9999.0 -9999.0 -9999.0 -9999.0
-9999.0 -9999.0 -9999.0 -9999.0 -9999.0 -9999.0 -9999.0 -9999.0 -9999.0 -9999.0 -9999.0 0.041856 0.040465 0.255944 0.040076 0.040122 0.020111 0.040231 0.209337 0.020042 0.041068 0.223503 0.040113 0.040121 0.040104 0.040114 0.040117 0.040114 0.040080 0.020069 0.020142 0.040072 0.020106 0.020061 0.020079 0.020045 0.040013 0.040012 0.040012 -9999.0 -9999.0 -9999.0 0.020066 -9999.0 -9999.0 -9999.0 -9999.0 -9999.0 -9999.0 -9999.0 -9999.0 -9999.0 -9999.0 -9999.0 -9999.0 -9999.0 -9999.0 -9999.0 -9999.0 -9999.0 -9999.0 -9999.0 -9999.0
-9999.0 -9999.0 -9999.0 -9999.0 -9999.0 -9999.0 -9999.0 -9999.0 -9999.0 -9999.0 -9999.0 0.040193 0.040492 0.042649 0.048675 0.040188 0.056072 0.041333 0.188926 0.134643 0.112280 0.453186 0.040189 0.040123 0.040104 0.040123 0.040119 0.040109 0.020138 0.020144 0.040086 0.040057 0.040063 0.040064 0.040042 0.040014 0.040009 0.040005 0.040005 0.020018 0.020023 0.020033 0.040036 0.020093 -9999.0 -9999.0 -9999.0 0.053822 0.095846 0.020372 0.172055 0.020853 0.020942 0.300608 0.308369 0.036331 -9999.0 -9999.0 -9999.0 -9999.0 -9999.0 -9999.0 -9999.0
-9999.0 -9999.0 -9999.0 -9999.0 -9999.0 -9999.0 -9999.0 -9999.0 -9999.0 -9999.0 -9999.0 0.040256 0.040222 0.040067 0.040609 0.040089 0.042467 0.040217 0.079869 0.118435 0.041083 0.042109 0.041612 0.040198 0.040124 0.020169 0.040177 0.040097 0.020146 0.040117 0.020132 0.040065 0.040056 0.040055 0.020050 0.040013 0.040000 0.040008 0.040008 0.020012 0.040008 0.040012 0.040028 0.040046 0.040078 -9999.0 0.020177 0.043012 0.138739 0.295262 0.204288 0.020470 0.517049 0.520000 0.520000 0.413538 -9999.0 -9999.0 -9999.0 -9999.0 -9999.0 -9999.0 -9999.0
-9999.0 -9999.0 -9999.0 -9999.0 -9999.0 -9999.0 -9999.0 -9999.0 -9999.0 -9999.0 -9999.0 -9999.0 0.040737 0.040590 0.216949 0.122681 0.040392 0.040200 0.195892 0.093540 0.041179 0.078790 0.260992 0.042850 0.040103 0.040414 0.386177 0.040115 0.040125 0.020154 0.040095 0.040066 0.040064 0.040057 0.040048 0.040013 0.040005 0.040008 0.040011 0.040006 0.040008 0.020035 0.040018 0.041214 0.020103 0.040153 0.020176 0.041117 0.040263 0.040213 0.040611 0.168774 0.067464 0.185256 0.041696 0.040782 0.201504 -9999.0 -9999.0 -9999.0 -9999.0 -9999.0 -9999.0
-9999.0 -9999.0 -9999.0 -9999.0 -9999.0 -9999.0 -9999.0 -9999.0 -9999.0 -9999.0 -9999.0 0.042956 0.040143 0.040327 0.060881 0.052366 0.042070 0.040266 0.338180 0.040038 0.041113 0.302895 0.042053 0.040228 0.040682 0.043584 0.040483 0.040123 0.040138 0.020135 0.040079 0.040055 0.040141 0.040059 0.040021 0.040017 0.040007 0.040006 0.040018 0.040005 0.040012 0.040009 0.040026 0.020036 0.199795 0.040166 0.040617 0.020149 0.020286 0.040051 0.020206 0.040197 0.040267 0.020219 0.020234 0.020222 0.021795 -9999.0 -9999.0 -9999.0 -9999.0 -9999.0 -9999.0
-9999.0 -9999.0 -9999.0 -9999.0 -9999.0 -9999.0 -9999.0 -9999.0 -9999.0 -9999.0 0.042755 0.132616 0.181099 0.040162 0.270570 0.042112 0.040096 0.040948 0.041407 0.040127 0.255782 0.041286 0.146429 0.338034 0.253556 0.040665 0.040105 0.020141 0.044597 0.044001 0.041248 0.040070 0.040072 0.040072 0.020040 0.020048 0.040012 0.040006 0.040010 0.040011 0.040013 0.020034 0.020039 0.040011 0.040282 0.020109 0.041568 0.040094 0.043506 0.040388 0.020213 0.020208 0.020209 0.020203 0.020216 0.379419 0.386887 -9999.0 -9999.0 -9999.0 -9999.0 -9999.0 -9999.0
-9999.0 -9999.0 -9999.0 -9999.0 -9999.0 -9999.0 -9999.0 -9999.0 -9999.0 0.040166 0.042495 0.042397 0.049381 0.068370 0.141192 0.040188 0.040340 0.287213 0.041226 0.040039 0.229462 0.142072 0.296496 0.294589 0.040839 0.040096 0.040092 0.176483 0.112891 0.041001 0.040755 0.040079 0.020075 0.020064 0.020072 0.020046 0.040034 0.040021 0.040023 0.040015 0.040011 0.040031 0.040040 0.040016 0.040021 0.041799 0.514859 0.040175 0.040142 0.041222 0.040142 0.020509 0.020198 0.020247 0.020685 0.077993 0.306090 0.145111 0.039051 -9999.0 -9999.0 -9999.0 -9999.0
-9999.0 -9999.0 -9999.0 -9999.0 -9999.0 -9999.0 -9999.0 -9999.0 -9999.0 0.040163 0.040159 0.040140 0.496185 0.100265 0.167791 0.141045 0.387177 0.041055 0.040121 0.190431 0.204494 0.148861 0.041415 0.099489 0.040103 0.040550 0.068198 0.226331 0.040816 0.040248 0.040058 0.040081 0.040104 0.040100 0.040080 0.020097 0.020084 0.020072 0.040050 0.040044 0.040260 0.040065 0.040097 0.040040 0.040045 0.040060 0.040064 0.041123 0.161652 0.040383 0.040308 0.040719 0.020416 0.040290 0.020238 0.047499 0.277791 0.237337 0.126107 -9999.0 -9999.0 -9999.0 -9999.0
-9999.0 -9999.0 -9999.0 -9999.0 -9999.0 -9999.0 -9999.0 -9999.0 -9999.0 -9999.0 0.040161 0.040168 0.040538 0.040139 0.041310 0.184923 0.160021 0.041040 0.040021 0.040106 0.068921 0.041402 0.154906 0.209189 0.040575 0.198530 0.040937 0.040786 0.040101 0.040097 0.040112 0.040476 0.040123 0.040131 0.040081 0.040324 0.040525 0.040059 0.020095 0.040086 0.040079 0.040122 0.040075 0.040097 0.040047 0.040023 0.040071 0.041862 0.040069 0.041185 0.040375 0.041712 0.021512 0.020654 0.040548 0.040251 0.045324 0.104733 0.367733 0.325615 -9999.0 -9999.0 -9999.0
-9999.0 -9999.0 -9999.0 -9999.0 -9999.0 -9999.0 -9999.0 -9999.0 -9999.0 -9999.0 0.040159 0.040157 0.040684 0.083873 0.294354 0.040945 0.041003 0.041017 0.040076 0.040346 0.040829 0.251701 0.340725 0.100073 0.196022 0.040697 0.040172 0.041088 0.040115 0.040115 0.040127 0.040457 0.020140 0.040133 0.040124 0.040088 0.040057 0.040053 0.040078 0.040117 0.040151 0.020141 0.040208 0.040128 0.042070 0.040387 0.041756 0.040053 0.040010 0.040119 0.041319 0.078840 0.132462 0.020872 0.020526 0.038988 0.040249 0.338539 0.040038 0.040693 -9999.0 -9999.0 -9999.0
-9999.0 -9999.0 -9999.0 -9999.0 -9999.0 -9999.0 -9999.0 -9999.0 0.173966 0.193886 0.040340 0.040696 0.041713 0.040823 0.043626 0.040841 0.040613 0.040347 0.040452 0.040420 0.040052 0.040025 0.040681 0.324918 0.357879 0.040025 0.040792 0.040136 0.040332 0.040127 0.020115 0.040139 0.040144 0.040146 0.040273 0.040122 0.040326 0.040057 0.040099 0.020160 0.020165 0.040123 0.020164 0.020161 0.020259 0.140530 0.040157 0.175619 0.040103 0.040773 0.041515 0.184402 0.182349 0.044421 0.039203 0.520000 0.150691 0.397286 0.041729 0.040078 -9999.0 -9999.0 -9999.0
-9999.0 -9999.0 -9999.0 -9999.0 -9999.0 -9999.0 -9999.0 -9999.0 0.020524 0.195753 0.040158 0.040150 0.040146 0.044376 0.138414 0.040257 0.041600 0.041805 0.040228 0.040651 0.252666 0.141053 0.040067 0.040912 0.040017 0.040031 0.040868 0.040304 0.020148 0.040274 0.040291 0.020164 0.040317 0.020195 0.044800 0.043752 0.040239 0.040401 0.040119 0.041438 0.040158 0.020166 0.020181 0.095399 0.043954 0.060439 0.020189 0.040186 0.040194 0.040364 0.040734 0.091643 0.122643 0.493435 0.077370 0.037356 0.154707 0.045628 0.040600 0.519900 0.462504 -9999.0 -9999.0
-9999.0 -9999.0 -9999.0 -9999.0 -9999.0 -9999.0 -9999.0 -9999.0 0.040148 0.040820 0.249831 0.040275 0.040668 0.020183 0.258364 0.105952 0.040123 0.041233 0.040227 0.153671 0.079238 0.152536 0.147031 0.040338 0.040295 0.041507 0.041193 0.040154 0.020140 0.040124 0.020161 0.043331 0.040126 0.040145 0.105824 0.117713 0.040799 0.041124 0.040156 0.040295 0.040391 0.020205 0.093661 0.040346 0.040301 0.040191 0.020530 0.236664 0.041170 0.040402 0.040412 0.041756 0.124531 0.042977 0.069802 0.163186 0.040718 0.040693 0.224374 0.385854 0.519981 -9999.0 -9999.0
-9999.0 -9999.0 -9999.0 -9999.0 -9999.0 -9999.0 -9999.0 -9999.0 0.020183 0.040388 0.257074 0.020165 0.279734 0.282922 0.472087 0.040136 0.040020 0.040323 0.040078 0.040284 0.040710 0.252699 0.347532 0.172447 0.041650 0.068054 0.174580 0.040156 0.143189 0.129795 0.040151 0.040176 0.155714 0.046567 0.040156 0.040920 0.040381 0.041129 0.040348 0.040200 0.058105 0.159942 0.216874 0.020193 0.169984 0.020641 0.506848 0.020350 0.332818 0.042546 0.042092 0.040455 0.041770 0.393903 0.040505 0.040749 0.134841 0.040667 0.518233 0.519640 0.040917 0.042486 -9999.0
-9999.0 -9999.0 -9999.0 -9999.0 -9999.0 -9999.0 -9999.0 -9999.0 0.040356 0.042383 0.277483 0.364437 0.482937 0.040244 0.367969 0.041593 0.042357 0.040107 0.041727 0.041897 0.040100 0.201293 0.273582 0.206415 0.450455 0.495274 0.041963 0.220406 0.347141 0.170457 0.043709 0.055363 0.041111 0.044272 0.040168 0.042477 0.051110 0.343151 0.040286 0.041066 0.040377 0.047772 0.093888 0.053663 0.040150 0.175126 0.042349 0.052651 0.160921 0.041507 0.040553 0.040051 0.040551 0.040936 0.129847 0.151098 0.519610 0.519537 0.226914 0.040982 0.040101 0.042656 -9999.0
-9999.0 -9999.0 0.040185 0.041091 0.041896 0.040294 0.150453 0.040212 0.040730 0.043813 0.042161 0.040221 0.043991 0.043955 0.453096 0.042611 0.040173 0.040476 0.040646 0.041729 0.041822 0.040329 0.233157 0.040041 0.040405 0.041195 0.460972 0.040978 0.040794 0.214724 0.173335 0.363931 0.357942 0.041065 0.041053 0.041037 0.052361 0.467355 0.041189 0.043962 0.051588 0.041108 0.040199 0.041770 0.125015 0.072490 0.041436 0.041564 0.040084 0.040370 0.040664 0.198961 0.519270 0.468258 0.429265 0.338876 0.042365 0.041225 0.040700 0.040093 0.302975 0.454700 -9999.0
-9999.0 0.144011 0.150566 0.172797 0.050652 0.221970 0.043607 0.040363 0.040371 0.040219 0.051101 0.279512 0.044226 0.449617 0.415282 0.407363 0.041595 0.040704 0.083535 0.041337 0.041597 0.040285 0.040854 0.040388 0.288867 0.040258 0.106292 0.040514 0.040057 0.040947 0.041341 0.188964 0.058349 0.228888 0.041286 0.040625 0.040608 0.040290 0.228971 0.128143 0.042971 0.040658 0.040689 0.041423 0.041303 0.041654 0.040062 0.040057 0.050552 0.040528 0.461611 0.415093 0.041371 0.040956 0.040959 0.040676 0.042628 0.042691 0.042231 0.043598 0.512793 0.510228 -9999.0
-9999.0 0.043422 0.132313 0.261745 0.379325 0.217052 0.074320 0.040181 0.040410 0.040279 0.042036 0.291881 0.042918 0.515233 0.040523 0.040841 0.040293 0.040219 0.332253 0.041416 0.376936 0.042371 0.040582 0.040523 0.041164 0.387195 0.040492 0.247707 0.213794 0.040565 0.040532 0.040364 0.040305 0.040428 0.335891 0.368334 0.520000 0.478004 0.519266 0.518994 0.510230 0.388490 0.040570 0.040791 0.041614 0.057984 0.377655 0.390811 0.489839 0.452235 0.040607 0.040048 0.042409 0.040064 0.042926 0.042501 0.042639 0.100387 0.243152 0.377444 0.379085 -9999.0 -9999.0
-9999.0 0.042992 0.040133 0.041837 0.041480 0.388224 0.362543 0.184022 0.111895 0.162385 0.322459 0.040664 0.141997 0.146676 0.277313 0.043591 0.040926 0.055899 0.040384 0.040329 0.274750 0.041835 0.042332 0.520000 0.216464 0.067274 0.109496 0.103904 0.130864 0.137497 0.072139 0.173535 0.217953 0.201971 0.312812 0.361992 0.434239 0.491146 0.520000 0.520000 0.520000 0.520000 0.519039 0.336522 0.329838 0.332346 0.249981 0.247001 0.040425 0.040044 0.042281 0.040907 0.042233 0.042262 0.042092 0.175305 0.227277 0.285116 0.274107 -9999.0 -9999.0 -9999.0 -9999.0
