user2019/resources/simulation/Vinschgau/output-maps/thetaliqL0004N0991.asc
ncols         63
nrows         48
xllcorner     598000.000000
yllcorner     5145000.000000
cellsize      1000.000000
NODATA_value  -9999.0
[rows 0 to 28 of 48, columns 0 to 62 of 63]
-9999.0 -9999.0 -9999.0 -9999.0 -9999.0 -9999.0 -9999.0 -9999.0 -9999.0 -9999.0 -9999.0 -9999.0 -9999.0 -9999.0 -9999.0 -9999.0 -9999.0 -9999.0 -9999.0 -9999.0 -9999.0 -9999.0 -9999.0 -9999.0 -9999.0 -9999.0 -9999.0 -9999.0 -9999.0 -9999.0 -9999.0 -9999.0 -9999.0 -9999.0 -9999.0 -9999.0 -9999.0 -9999.0 -9999.0 -9999.0 -9999.0 -9999.0 -9999.0 -9999.0 -9999.0 -9999.0 -9999.0 -9999.0 -9999.0 -9999.0 -9999.0 -9999.0 -9999.0 -9999.0 -9999.0 -9999.0 -9999.0 -9999.0 -9999.0 -9999.0 -9999.0 -9999.0 -9999.0
-9999.0 -9999.0 -9999.0 -9999.0 -9999.0 -9999.0 -9999.0 -9999.0 -9999.0 -9999.0 -9999.0 -9999.0 -9999.0 -9999.0 -9999.0 -9999.0 -9999.0 -9999.0 -9999.0 -9999.0 -9999.0 -9999.0 -9999.0 -9999.0 -9999.0 -9999.0 -9999.0 0.020029 0.040011 0.020031 0.040010 0.040010 0.040010 -9999.0 -9999.0 -9999.0 -9999.0 -9999.0 -9999.0 -9999.0 -9999.0 -9999.0 -9999.0 -9999.0 -9999.0 -9999.0 -9999.0 -9999.0 -9999.0 -9999.0 -9999.0 -9999.0 -9999.0 -9999.0 -9999.0 -9999.0 -9999.0 -9999.0 -9999.0 -9999.0 -9999.0 -9999.0 -9999.0
-9999.0 -9999.0 -9999.0 -9999.0 -9999.0 -9999.0 -9999.0 -9999.0 -9999.0 -9999.0 -9999.0 -9999.0 -9999.0 -9999.0 -9999.0 -9999.0 -9999.0 -9999.0 -9999.0 -9999.0 -9999.0 -9999.0 -9999.0 -9999.0 0.040027 0.040037 0.040055 0.040034 0.040017 0.040016 0.040011 -9999.0 -9999.0 -9999.0 -9999.0 -9999.0 -9999.0 -9999.0 -9999.0 -9999.0 -9999.0 -9999.0 -9999.0 -9999.0 -9999.0 -9999.0 -9999.0 -9999.0 -9999.0 -9999.0 -9999.0 -9999.0 -9999.0 -9999.0 -9999.0 -9999.0 -9999.0 -9999.0 -9999.0 -9999.0 -9999.0 -9999.0 -9999.0
-9999.0 -9999.0 -9999.0 -9999.0 -9999.0 -9999.0 -9999.0 -9999.0 -9999.0 -9999.0 -9999.0 -9999.0 -9999.0 -9999.0 -9999.0 -9999.0 -9999.0 -9999.0 -9999.0 -9999.0 -9999.0 -9999.0 -9999.0 0.040044 0.042473 0.245281 0.223934 0.083494 0.411467 0.040058 0.040010 0.040009 -9999.0 -9999.0 -9999.0 -9999.0 -9999.0 -9999.0 -9999.0 -9999.0 -9999.0 -9999.0 -9999.0 -9999.0 -9999.0 -9999.0 -9999.0 -9999.0 -9999.0 -9999.0 -9999.0 -9999.0 -9999.0 -9999.0 -9999.0 -9999.0 -9999.0 -9999.0 -9999.0 -9999.0 -9999.0 -9999.0 -9999.0
-9999.0 -9999.0 -9999.0 -9999.0 -9999.0 -9999.0 -9999.0 -9999.0 -9999.0 -9999.0 -9999.0 -9999.0 -9999.0 -9999.0 -9999.0 -9999.0 -9999.0 -9999.0 0.444489 0.040221 -9999.0 0.040073 0.041458 0.221326 0.277557 0.084490 0.214662 0.175471 0.520000 0.075952 0.040039 0.040012 0.020028 0.020021 -9999.0 -9999.0 -9999.0 -9999.0 -9999.0 -9999.0 -9999.0 -9999.0 -9999.0 -9999.0 -9999.0 -9999.0 -9999.0 -9999.0 -9999.0 -9999.0 -9999.0 -9999.0 -9999.0 -9999.0 -9999.0 -9999.0 -9999.0 -9999.0 -9999.0 -9999.0 -9999.0 -9999.0 -9999.0
-9999.0 -9999.0 -9999.0 -9999.0 -9999.0 -9999.0 -9999.0 -9999.0 -9999.0 -9999.0 -9999.0 -9999.0 -9999.0 -9999.0 -9999.0 -9999.0 -9999.0 0.096687 0.131477 0.022970 0.020203 0.050983 0.072137 0.116167 0.387931 0.099962 0.040888 0.063286 0.041149 0.146596 0.042757 0.040044 0.020040 0.020034 0.020025 0.020022 -9999.0 -9999.0 -9999.0 -9999.0 -9999.0 -9999.0 -9999.0 -9999.0 -9999.0 -9999.0 -9999.0 -9999.0 -9999.0 -9999.0 -9999.0 -9999.0 -9999.0 -9999.0 -9999.0 -9999.0 -9999.0 -9999.0 -9999.0 -9999.0 -9999.0 -9999.0 -9999.0
-9999.0 -9999.0 -9999.0 -9999.0 -9999.0 -9999.0 -9999.0 -9999.0 -9999.0 -9999.0 -9999.0 -9999.0 -9999.0 0.044123 0.148759 0.159299 0.088954 0.022941 0.102134 0.130922 0.280054 0.289346 0.293038 0.403933 0.089515 0.040672 0.020075 0.040027 0.040087 0.055400 0.040044 0.040022 0.040024 0.040011 0.020030 0.020021 -9999.0 -9999.0 -9999.0 -9999.0 -9999.0 -9999.0 -9999.0 -9999.0 -9999.0 -9999.0 -9999.0 -9999.0 -9999.0 -9999.0 -9999.0 -9999.0 -9999.0 -9999.0 -9999.0 -9999.0 -9999.0 -9999.0 -9999.0 -9999.0 -9999.0 -9999.0 -9999.0
-9999.0 -9999.0 -9999.0 -9999.0 -9999.0 -9999.0 -9999.0 -9999.0 -9999.0 -9999.0 -9999.0 -9999.0 -9999.0 0.078935 0.259921 0.139729 0.099456 0.304968 0.022937 0.169815 0.085070 0.277782 0.279847 0.386248 0.061502 0.045014 0.040020 0.020030 0.020031 0.040072 0.040172 0.040012 0.020029 0.020017 0.020024 -9999.0 -9999.0 -9999.0 -9999.0 -9999.0 -9999.0 -9999.0 -9999.0 -9999.0 -9999.0 -9999.0 -9999.0 -9999.0 -9999.0 -9999.0 -9999.0 -9999.0 -9999.0 -9999.0 -9999.0 -9999.0 -9999.0 -9999.0 -9999.0 -9999.0 -9999.0 -9999.0 -9999.0
-9999.0 -9999.0 -9999.0 -9999.0 -9999.0 -9999.0 -9999.0 -9999.0 -9999.0 -9999.0 -9999.0 -9999.0 -9999.0 0.222508 0.520000 0.188455 0.134647 0.111348 0.022922 0.096665 0.344291 0.096257 0.077060 0.046911 0.123541 0.055041 0.020045 0.020029 0.040009 0.020019 0.040011 0.020016 0.020015 0.020013 0.020020 -9999.0 -9999.0 -9999.0 -9999.0 -9999.0 -9999.0 -9999.0 -9999.0 -9999.0 -9999.0 -9999.0 -9999.0 -9999.0 -9999.0 -9999.0 -9999.0 -9999.0 -9999.0 -9999.0 -9999.0 -9999.0 -9999.0 -9999.0 -9999.0 -9999.0 -9999.0 -9999.0 -9999.0
-9999.0 -9999.0 -9999.0 -9999.0 -9999.0 -9999.0 -9999.0 -9999.0 -9999.0 -9999.0 -9999.0 -9999.0 0.130522 0.519799 0.252197 0.269630 0.235795 0.158585 0.275050 0.028942 0.347964 0.054258 0.044638 0.040095 0.040045 0.040021 0.040021 0.040010 0.040013 0.020026 0.040004 0.020027 0.040013 0.020019 -9999.0 -9999.0 -9999.0 -9999.0 -9999.0 -9999.0 -9999.0 -9999.0 -9999.0 -9999.0 -9999.0 -9999.0 -9999.0 -9999.0 -9999.0 -9999.0 -9999.0 -9999.0 -9999.0 -9999.0 -9999.0 -9999.0 -9999.0 -9999.0 -9999.0 -9999.0 -9999.0 -9999.0 -9999.0
-9999.0 -9999.0 -9999.0 -9999.0 -9999.0 -9999.0 -9999.0 -9999.0 -9999.0 -9999.0 -9999.0 0.040072 0.381738 0.520000 0.281102 0.404443 0.035804 0.166126 0.413711 0.144615 0.110971 0.248001 0.040318 0.040026 0.040042 0.040013 0.040010 0.040011 0.040014 0.020021 0.020026 0.040022 0.020031 0.020023 0.020025 0.020032 0.040010 0.040010 0.040012 -9999.0 -9999.0 -9999.0 0.020022 -9999.0 -9999.0 -9999.0 -9999.0 -9999.0 -9999.0 -9999.0 -9999.0 -9999.0 -9999.0 -9999.0 -9999.0 -9999.0 -9999.0 -9999.0 -9999.0 -9999.0 -9999.0 -9999.0 -9999.0
-9999.0 -9999.0 -9999.0 -9999.0 -9999.0 -9999.0 -9999.0 -9999.0 -9999.0 -9999.0 -9999.0 0.040340 0.326874 0.252800 0.194420 0.052625 0.105444 0.112283 0.301691 0.334310 0.412850 0.069163 0.040186 0.040028 0.040018 0.040012 0.040012 0.040014 0.020043 0.020023 0.040011 0.040018 0.040011 0.040011 0.040009 0.040011 0.040017 0.040058 0.040023 0.020024 0.020024 0.020023 0.040012 0.020028 -9999.0 -9999.0 -9999.0 0.040006 0.040008 0.020026 0.040010 0.020022 0.020022 0.040007 0.040007 0.020019 -9999.0 -9999.0 -9999.0 -9999.0 -9999.0 -9999.0 -9999.0
-9999.0 -9999.0 -9999.0 -9999.0 -9999.0 -9999.0 -9999.0 -9999.0 -9999.0 -9999.0 -9999.0 0.040040 0.043678 0.040376 0.068531 0.099352 0.430884 0.161309 0.291610 0.299781 0.283409 0.084878 0.040064 0.040029 0.040011 0.020036 0.040054 0.040018 0.020033 0.040010 0.020031 0.040015 0.040014 0.040011 0.020028 0.040015 0.040021 0.040029 0.041783 0.020031 0.040011 0.040010 0.040014 0.040012 0.040011 -9999.0 0.020019 0.040011 0.040011 0.040013 0.040027 0.020044 0.040011 0.040011 0.040010 0.040012 -9999.0 -9999.0 -9999.0 -9999.0 -9999.0 -9999.0 -9999.0
-9999.0 -9999.0 -9999.0 -9999.0 -9999.0 -9999.0 -9999.0 -9999.0 -9999.0 -9999.0 -9999.0 -9999.0 0.040052 0.040095 0.070509 0.067940 0.276695 0.156059 0.331728 0.318977 0.232408 0.102908 0.040318 0.040029 0.040023 0.040048 0.040044 0.040013 0.040010 0.020028 0.040011 0.040016 0.040026 0.040010 0.040013 0.040013 0.040055 0.040031 0.093295 0.040035 0.040030 0.020052 0.040021 0.040103 0.020030 0.040010 0.020024 0.040011 0.040023 0.040098 0.040540 0.040017 0.040018 0.040013 0.040014 0.040010 0.040012 -9999.0 -9999.0 -9999.0 -9999.0 -9999.0 -9999.0
-9999.0 -9999.0 -9999.0 -9999.0 -9999.0 -9999.0 -9999.0 -9999.0 -9999.0 -9999.0 -9999.0 0.040060 0.040056 0.040051 0.040059 0.075567 0.175530 0.228087 0.337399 0.177505 0.177568 0.289773 0.040484 0.040051 0.040054 0.040033 0.040034 0.040013 0.040010 0.020036 0.040049 0.040023 0.040022 0.040011 0.040009 0.040012 0.040012 0.040035 0.074322 0.046999 0.040095 0.056296 0.040057 0.020121 0.042910 0.040013 0.040012 0.020040 0.020053 0.045794 0.020038 0.040012 0.040008 0.020021 0.020019 0.020017 0.020028 -9999.0 -9999.0 -9999.0 -9999.0 -9999.0 -9999.0
-9999.0 -9999.0 -9999.0 -9999.0 -9999.0 -9999.0 -9999.0 -9999.0 -9999.0 -9999.0 0.040052 0.040093 0.040144 0.040203 0.051038 0.040177 0.040159 0.112906 0.144851 0.184007 0.381059 0.488757 0.040211 0.044014 0.049417 0.040040 0.040033 0.020030 0.040032 0.040082 0.040031 0.040030 0.040084 0.040011 0.020021 0.020031 0.040015 0.040076 0.043021 0.112629 0.115999 0.114736 0.186672 0.390967 0.044680 0.020041 0.040022 0.040025 0.040033 0.055128 0.020024 0.020025 0.020018 0.020015 0.020016 0.040011 0.040010 -9999.0 -9999.0 -9999.0 -9999.0 -9999.0 -9999.0
-9999.0 -9999.0 -9999.0 -9999.0 -9999.0 -9999.0 -9999.0 -9999.0 -9999.0 0.040012 0.040080 0.040027 0.040468 0.040105 0.040141 0.040100 0.040934 0.156430 0.142792 0.149591 0.354343 0.191753 0.140819 0.120906 0.089938 0.040060 0.040021 0.040090 0.040080 0.041653 0.095804 0.040051 0.020031 0.020016 0.020024 0.020030 0.040016 0.040046 0.040063 0.040064 0.041231 0.040483 0.040282 0.215848 0.317689 0.043015 0.049455 0.040086 0.040089 0.100836 0.040034 0.020027 0.020014 0.020017 0.020023 0.040008 0.040010 0.020028 0.020022 -9999.0 -9999.0 -9999.0 -9999.0
-9999.0 -9999.0 -9999.0 -9999.0 -9999.0 -9999.0 -9999.0 -9999.0 -9999.0 0.040011 0.040012 0.040097 0.061730 0.063111 0.040501 0.040099 0.049157 0.135420 0.130526 0.268325 0.300212 0.227382 0.476296 0.076989 0.040092 0.040040 0.040125 0.054136 0.135743 0.081297 0.049540 0.040038 0.040012 0.040012 0.040011 0.020030 0.020034 0.020047 0.040012 0.040024 0.040126 0.040034 0.040118 0.183887 0.293652 0.385012 0.430353 0.115295 0.062002 0.104890 0.040023 0.040008 0.020019 0.040007 0.020026 0.040006 0.040011 0.040013 0.020035 -9999.0 -9999.0 -9999.0 -9999.0
-9999.0 -9999.0 -9999.0 -9999.0 -9999.0 -9999.0 -9999.0 -9999.0 -9999.0 -9999.0 0.040011 0.040019 0.041369 0.040247 0.075281 0.041083 0.058709 0.403024 0.120624 0.227952 0.330991 0.114411 0.088690 0.041241 0.040052 0.044749 0.102438 0.333228 0.049763 0.040054 0.040041 0.040019 0.040013 0.040010 0.040014 0.040027 0.040091 0.041224 0.020033 0.040011 0.040012 0.040113 0.046238 0.043597 0.107748 0.127749 0.252026 0.430422 0.403915 0.098848 0.040043 0.040012 0.020022 0.020020 0.040006 0.040011 0.040014 0.040036 0.040044 0.049768 -9999.0 -9999.0 -9999.0
-9999.0 -9999.0 -9999.0 -9999.0 -9999.0 -9999.0 -9999.0 -9999.0 -9999.0 -9999.0 0.040010 0.040013 0.040070 0.049419 0.295592 0.141771 0.111216 0.175308 0.143915 0.103245 0.112776 0.164468 0.074340 0.040332 0.044694 0.139222 0.520000 0.107831 0.040072 0.040015 0.040012 0.040018 0.020026 0.040011 0.040012 0.040028 0.040037 0.040037 0.040031 0.040012 0.040012 0.020051 0.040022 0.040048 0.044931 0.040615 0.056516 0.108966 0.206613 0.498014 0.073230 0.040030 0.040012 0.020022 0.020018 0.020020 0.040011 0.040080 0.520000 0.520000 -9999.0 -9999.0 -9999.0
-9999.0 -9999.0 -9999.0 -9999.0 -9999.0 -9999.0 -9999.0 -9999.0 0.040014 0.040011 0.040012 0.040015 0.040020 0.040108 0.049021 0.336558 0.134634 0.211970 0.186340 0.085680 0.087542 0.110234 0.129420 0.185069 0.113113 0.451964 0.355334 0.040135 0.040040 0.040015 0.020018 0.040011 0.040011 0.040009 0.040012 0.040021 0.044529 0.040157 0.040028 0.020030 0.020032 0.040056 0.020038 0.020033 0.020057 0.040070 0.040031 0.040109 0.117035 0.492668 0.104457 0.040158 0.040011 0.040007 0.020021 0.040010 0.020031 0.042838 0.133898 0.391238 -9999.0 -9999.0 -9999.0
-9999.0 -9999.0 -9999.0 -9999.0 -9999.0 -9999.0 -9999.0 -9999.0 0.020039 0.040056 0.040019 0.040012 0.040019 0.040027 0.040111 0.125211 0.177527 0.153387 0.077610 0.084379 0.270966 0.228655 0.226666 0.212929 0.127100 0.237158 0.391991 0.040060 0.020026 0.040011 0.040011 0.020033 0.040012 0.020031 0.040014 0.040059 0.047706 0.040203 0.040065 0.040034 0.040011 0.020021 0.020031 0.040040 0.040034 0.040081 0.020034 0.040027 0.040079 0.349124 0.520000 0.040209 0.040010 0.040011 0.040020 0.020043 0.040064 0.053117 0.480467 0.381081 0.102748 -9999.0 -9999.0
-9999.0 -9999.0 -9999.0 -9999.0 -9999.0 -9999.0 -9999.0 -9999.0 0.040012 0.040022 0.040019 0.040014 0.040015 0.020040 0.040082 0.040137 0.152424 0.243029 0.090610 0.251638 0.082562 0.172554 0.198481 0.114125 0.259945 0.169004 0.370778 0.040076 0.020025 0.040011 0.020037 0.040155 0.040029 0.040038 0.040339 0.042540 0.065065 0.516553 0.057404 0.040025 0.040014 0.020038 0.040027 0.040020 0.040045 0.040014 0.020030 0.040012 0.040026 0.100682 0.372324 0.102577 0.040014 0.040011 0.040036 0.040100 0.433130 0.476315 0.318348 0.412033 0.307522 -9999.0 -9999.0
-9999.0 -9999.0 -9999.0 -9999.0 -9999.0 -9999.0 -9999.0 -9999.0 0.020026 0.040034 0.040035 0.020025 0.040022 0.040041 0.040594 0.324595 0.093405 0.100228 0.303519 0.089390 0.091762 0.097382 0.186229 0.135401 0.146569 0.270377 0.044534 0.040039 0.040071 0.040026 0.040089 0.040073 0.056403 0.040172 0.040101 0.042477 0.370758 0.174603 0.416190 0.048231 0.040071 0.040112 0.040100 0.020057 0.040021 0.020039 0.040033 0.020039 0.040022 0.040068 0.110386 0.404921 0.107639 0.040055 0.117796 0.520000 0.416510 0.328085 0.221865 0.313697 0.319237 0.259611 -9999.0
-9999.0 -9999.0 -9999.0 -9999.0 -9999.0 -9999.0 -9999.0 -9999.0 0.040009 0.040014 0.040024 0.040055 0.040338 0.041728 0.089555 0.464931 0.458526 0.183619 0.233846 0.152686 0.117262 0.128256 0.101129 0.099092 0.291683 0.122905 0.040089 0.043898 0.077839 0.040193 0.040681 0.097083 0.520000 0.286243 0.104174 0.269876 0.324099 0.137995 0.109414 0.491036 0.117425 0.080451 0.050394 0.060902 0.040077 0.042727 0.040091 0.040049 0.040116 0.096296 0.461086 0.242308 0.350769 0.407591 0.520000 0.520000 0.483307 0.375039 0.352872 0.307138 0.190403 0.269933 -9999.0
-9999.0 -9999.0 0.040013 0.040014 0.040014 0.040035 0.040017 0.040022 0.040011 0.040012 0.040057 0.040726 0.043009 0.048227 0.520000 0.501979 0.095695 0.040078 0.040140 0.143321 0.151891 0.154226 0.331087 0.083107 0.123256 0.159109 0.111712 0.161457 0.297627 0.520000 0.093505 0.303990 0.498002 0.209729 0.357575 0.156806 0.232722 0.108860 0.087138 0.117871 0.294576 0.372229 0.229647 0.408233 0.123912 0.098154 0.488269 0.347668 0.364250 0.356062 0.269564 0.279653 0.408408 0.447583 0.520000 0.514710 0.447179 0.368191 0.375371 0.244666 0.399496 0.285093 -9999.0
-9999.0 0.040110 0.040092 0.040066 0.040039 0.040099 0.040021 0.040018 0.040012 0.040010 0.040027 0.040125 0.071625 0.072640 0.155791 0.040571 0.040053 0.040029 0.040067 0.103797 0.157073 0.162311 0.520000 0.233330 0.147766 0.131578 0.224722 0.268072 0.261068 0.350362 0.238803 0.271503 0.335471 0.335690 0.190424 0.195248 0.113549 0.079039 0.198336 0.221206 0.168471 0.199153 0.234127 0.143547 0.148878 0.144115 0.304310 0.129982 0.194411 0.196362 0.313618 0.377730 0.450510 0.489077 0.511328 0.520000 0.441321 0.411852 0.520000 0.169697 0.378620 0.289261 -9999.0
-9999.0 0.040084 0.040046 0.041462 0.048575 0.040120 0.040028 0.040015 0.040010 0.040010 0.040021 0.040076 0.183143 0.166289 0.041906 0.040014 0.040019 0.040024 0.040077 0.050663 0.519956 0.335204 0.253816 0.484411 0.387268 0.256652 0.080927 0.087482 0.226930 0.107348 0.082781 0.089634 0.278488 0.270194 0.287506 0.193796 0.247401 0.213073 0.145107 0.122724 0.148181 0.183436 0.143785 0.097779 0.076290 0.080174 0.180258 0.232432 0.253811 0.286809 0.333421 0.313604 0.390729 0.482865 0.481321 0.058998 0.044091 0.044017 0.048769 0.041547 0.062349 -9999.0 -9999.0
-9999.0 0.040126 0.040079 0.045701 0.450232 0.049307 0.049086 0.040050 0.040028 0.040030 0.040060 0.076768 0.318487 0.065815 0.040059 0.040011 0.040015 0.040037 0.040052 0.040965 0.042184 0.067795 0.218153 0.428534 0.420652 0.310180 0.301871 0.292719 0.100180 0.214328 0.080765 0.078263 0.244597 0.243154 0.199656 0.153367 0.152967 0.202784 0.137250 0.130309 0.133650 0.230516 0.165033 0.075192 0.075449 0.207154 0.215585 0.273474 0.311773 0.209760 0.360908 0.072156 0.070519 0.040586 0.041641 0.040075 0.040072 0.040051 0.040056 -9999.0 -9999.0 -9999.0 -9999.0
