user2019/resources/simulation/Vinschgau/output-maps/thetaliqL0001N1356.asc
ncols         63
nrows         48
xllcorner     598000.000000
yllcorner     5145000.000000
cellsize      1000.000000
NODATA_value  -9999.0
[rows 0 to 28 of 48, columns 0 to 62 of 63]
-9999.0 -9999.0 -9999.0 -9999.0 -9999.0 -9999.0 -9999.0 -9999.0 -9999.0 -9999.0 -9999.0 -9999.0 -9999.0 -9999.0 -9999.0 -9999.0 -9999.0 -9999.0 -9999.0 -9999.0 -9999.0 -9999.0 -9999.0 -9999.0 -9999.0 -9999.0 -9999.0 -9999.0 -9999.0 -9999.0 -9999.0 -9999.0 -9999.0 -9999.0 -9999.0 -9999.0 -9999.0 -9999.0 -9999.0 -9999.0 -9999.0 -9999.0 -9999.0 -9999.0 -9999.0 -9999.0 -9999.0 -9999.0 -9999.0 -9999.0 -9999.0 -9999.0 -9999.0 -9999.0 -9999.0 -9999.0 -9999.0 -9999.0 -9999.0 -9999.0 -9999.0 -9999.0 -9999.0
-9999.0 -9999.0 -9999.0 -9999.0 -9999.0 -9999.0 -9999.0 -9999.0 -9999.0 -9999.0 -9999.0 -9999.0 -9999.0 -9999.0 -9999.0 -9999.0 -9999.0 -9999.0 -9999.0 -9999.0 -9999.0 -9999.0 -9999.0 -9999.0 -9999.0 -9999.0 -9999.0 0.030544 0.343059 0.031968 0.475887 0.284548 0.280163 -9999.0 -9999.0 -9999.0 -9999.0 -9999.0 -9999.0 -9999.0 -9999.0 -9999.0 -9999.0 -9999.0 -9999.0 -9999.0 -9999.0 -9999.0 -9999.0 -9999.0 -9999.0 -9999.0 -9999.0 -9999.0 -9999.0 -9999.0 -9999.0 -9999.0 -9999.0 -9999.0 -9999.0 -9999.0 -9999.0
-9999.0 -9999.0 -9999.0 -9999.0 -9999.0 -9999.0 -9999.0 -9999.0 -9999.0 -9999.0 -9999.0 -9999.0 -9999.0 -9999.0 -9999.0 -9999.0 -9999.0 -9999.0 -9999.0 -9999.0 -9999.0 -9999.0 -9999.0 -9999.0 0.354685 0.337792 0.325241 0.351565 0.343666 0.292900 0.478991 -9999.0 -9999.0 -9999.0 -9999.0 -9999.0 -9999.0 -9999.0 -9999.0 -9999.0 -9999.0 -9999.0 -9999.0 -9999.0 -9999.0 -9999.0 -9999.0 -9999.0 -9999.0 -9999.0 -9999.0 -9999.0 -9999.0 -9999.0 -9999.0 -9999.0 -9999.0 -9999.0 -9999.0 -9999.0 -9999.0 -9999.0 -9999.0
-9999.0 -9999.0 -9999.0 -9999.0 -9999.0 -9999.0 -9999.0 -9999.0 -9999.0 -9999.0 -9999.0 -9999.0 -9999.0 -9999.0 -9999.0 -9999.0 -9999.0 -9999.0 -9999.0 -9999.0 -9999.0 -9999.0 -9999.0 0.329424 0.252116 0.067726 0.067528 0.066755 0.066616 0.218581 0.477965 0.493422 -9999.0 -9999.0 -9999.0 -9999.0 -9999.0 -9999.0 -9999.0 -9999.0 -9999.0 -9999.0 -9999.0 -9999.0 -9999.0 -9999.0 -9999.0 -9999.0 -9999.0 -9999.0 -9999.0 -9999.0 -9999.0 -9999.0 -9999.0 -9999.0 -9999.0 -9999.0 -9999.0 -9999.0 -9999.0 -9999.0 -9999.0
-9999.0 -9999.0 -9999.0 -9999.0 -9999.0 -9999.0 -9999.0 -9999.0 -9999.0 -9999.0 -9999.0 -9999.0 -9999.0 -9999.0 -9999.0 -9999.0 -9999.0 -9999.0 0.073204 0.240369 -9999.0 0.290996 0.242546 0.068256 0.069401 0.068709 0.076901 0.070783 0.073065 0.072244 0.273302 0.474397 0.082464 0.029963 -9999.0 -9999.0 -9999.0 -9999.0 -9999.0 -9999.0 -9999.0 -9999.0 -9999.0 -9999.0 -9999.0 -9999.0 -9999.0 -9999.0 -9999.0 -9999.0 -9999.0 -9999.0 -9999.0 -9999.0 -9999.0 -9999.0 -9999.0 -9999.0 -9999.0 -9999.0 -9999.0 -9999.0 -9999.0
-9999.0 -9999.0 -9999.0 -9999.0 -9999.0 -9999.0 -9999.0 -9999.0 -9999.0 -9999.0 -9999.0 -9999.0 -9999.0 -9999.0 -9999.0 -9999.0 -9999.0 0.067736 0.068853 0.022339 0.024074 0.109035 0.072606 0.070818 0.070889 0.106144 0.109655 0.074993 0.125134 0.075525 0.213000 0.256692 0.026620 0.031887 0.056659 0.038061 -9999.0 -9999.0 -9999.0 -9999.0 -9999.0 -9999.0 -9999.0 -9999.0 -9999.0 -9999.0 -9999.0 -9999.0 -9999.0 -9999.0 -9999.0 -9999.0 -9999.0 -9999.0 -9999.0 -9999.0 -9999.0 -9999.0 -9999.0 -9999.0 -9999.0 -9999.0 -9999.0
-9999.0 -9999.0 -9999.0 -9999.0 -9999.0 -9999.0 -9999.0 -9999.0 -9999.0 -9999.0 -9999.0 -9999.0 -9999.0 0.076644 0.071773 0.070366 0.068450 0.022182 0.068416 0.069854 0.070190 0.070614 0.069800 0.069510 0.141105 0.246315 0.056397 0.153914 0.142812 0.205584 0.043312 0.313257 0.352001 0.473512 0.105360 0.041870 -9999.0 -9999.0 -9999.0 -9999.0 -9999.0 -9999.0 -9999.0 -9999.0 -9999.0 -9999.0 -9999.0 -9999.0 -9999.0 -9999.0 -9999.0 -9999.0 -9999.0 -9999.0 -9999.0 -9999.0 -9999.0 -9999.0 -9999.0 -9999.0 -9999.0 -9999.0 -9999.0
-9999.0 -9999.0 -9999.0 -9999.0 -9999.0 -9999.0 -9999.0 -9999.0 -9999.0 -9999.0 -9999.0 -9999.0 -9999.0 0.076083 0.069154 0.068485 0.068864 0.066119 0.022181 0.069984 0.069002 0.067457 0.070597 0.072404 0.071277 0.071249 0.319713 0.029645 0.080073 0.131206 0.166745 0.471047 0.101356 0.089096 0.090181 -9999.0 -9999.0 -9999.0 -9999.0 -9999.0 -9999.0 -9999.0 -9999.0 -9999.0 -9999.0 -9999.0 -9999.0 -9999.0 -9999.0 -9999.0 -9999.0 -9999.0 -9999.0 -9999.0 -9999.0 -9999.0 -9999.0 -9999.0 -9999.0 -9999.0 -9999.0 -9999.0 -9999.0
-9999.0 -9999.0 -9999.0 -9999.0 -9999.0 -9999.0 -9999.0 -9999.0 -9999.0 -9999.0 -9999.0 -9999.0 -9999.0 0.068652 0.520000 0.067945 0.068968 0.069141 0.022141 0.068434 0.066802 0.022569 0.078785 0.117202 0.070308 0.070526 0.066630 0.072477 0.507278 0.096540 0.490678 0.105795 0.073013 0.020026 0.054096 -9999.0 -9999.0 -9999.0 -9999.0 -9999.0 -9999.0 -9999.0 -9999.0 -9999.0 -9999.0 -9999.0 -9999.0 -9999.0 -9999.0 -9999.0 -9999.0 -9999.0 -9999.0 -9999.0 -9999.0 -9999.0 -9999.0 -9999.0 -9999.0 -9999.0 -9999.0 -9999.0 -9999.0
-9999.0 -9999.0 -9999.0 -9999.0 -9999.0 -9999.0 -9999.0 -9999.0 -9999.0 -9999.0 -9999.0 -9999.0 0.069957 0.520000 0.068752 0.070886 0.072043 0.069879 0.064014 0.022322 0.070700 0.104742 0.072305 0.175523 0.042619 0.335172 0.040028 0.485982 0.415172 0.104919 0.436450 0.090791 0.448328 0.026937 -9999.0 -9999.0 -9999.0 -9999.0 -9999.0 -9999.0 -9999.0 -9999.0 -9999.0 -9999.0 -9999.0 -9999.0 -9999.0 -9999.0 -9999.0 -9999.0 -9999.0 -9999.0 -9999.0 -9999.0 -9999.0 -9999.0 -9999.0 -9999.0 -9999.0 -9999.0 -9999.0 -9999.0 -9999.0
-9999.0 -9999.0 -9999.0 -9999.0 -9999.0 -9999.0 -9999.0 -9999.0 -9999.0 -9999.0 -9999.0 0.085540 0.068590 0.463311 0.068371 0.067736 0.022236 0.068806 0.066741 0.022139 0.070021 0.070535 0.114965 0.272532 0.083870 0.304921 0.487932 0.451755 0.452166 0.076105 0.075654 0.351254 0.107616 0.050354 0.080391 0.074611 0.490689 0.250936 0.166428 -9999.0 -9999.0 -9999.0 0.034154 -9999.0 -9999.0 -9999.0 -9999.0 -9999.0 -9999.0 -9999.0 -9999.0 -9999.0 -9999.0 -9999.0 -9999.0 -9999.0 -9999.0 -9999.0 -9999.0 -9999.0 -9999.0 -9999.0 -9999.0
-9999.0 -9999.0 -9999.0 -9999.0 -9999.0 -9999.0 -9999.0 -9999.0 -9999.0 -9999.0 -9999.0 0.101689 0.067825 0.066194 0.066170 0.070899 0.065026 0.068067 0.066143 0.067177 0.067159 0.073863 0.329032 0.047301 0.072969 0.397271 0.461478 0.317278 0.148624 0.065571 0.459958 0.316791 0.488159 0.446992 0.442023 0.456056 0.239584 0.092768 0.180456 0.043557 0.048439 0.045974 0.475459 0.079818 -9999.0 -9999.0 -9999.0 0.269917 0.299571 0.110478 0.330353 0.093518 0.089723 0.194521 0.209806 0.080258 -9999.0 -9999.0 -9999.0 -9999.0 -9999.0 -9999.0 -9999.0
-9999.0 -9999.0 -9999.0 -9999.0 -9999.0 -9999.0 -9999.0 -9999.0 -9999.0 -9999.0 -9999.0 0.133426 0.089439 0.074142 0.072919 0.066677 0.073040 0.070038 0.065499 0.067250 0.072948 0.224997 0.091834 0.380578 0.381073 0.030274 0.082378 0.040013 0.057545 0.456216 0.073116 0.059619 0.326919 0.412258 0.100118 0.289494 0.099592 0.041669 0.085681 0.043835 0.270316 0.252524 0.327143 0.457662 0.384803 -9999.0 0.033048 0.384345 0.482775 0.368016 0.189545 0.027827 0.235240 0.479985 0.402712 0.410960 -9999.0 -9999.0 -9999.0 -9999.0 -9999.0 -9999.0 -9999.0
-9999.0 -9999.0 -9999.0 -9999.0 -9999.0 -9999.0 -9999.0 -9999.0 -9999.0 -9999.0 -9999.0 -9999.0 0.097162 0.299144 0.076555 0.074621 0.075272 0.071175 0.066446 0.067398 0.071824 0.080738 0.212396 0.121025 0.040890 0.076679 0.520000 0.153908 0.479648 0.084583 0.465188 0.082352 0.144802 0.508713 0.496947 0.407858 0.081147 0.128155 0.113948 0.088022 0.113959 0.026181 0.123275 0.339165 0.097082 0.398957 0.081794 0.416821 0.041016 0.115030 0.149746 0.077332 0.040011 0.044680 0.040462 0.509884 0.440104 -9999.0 -9999.0 -9999.0 -9999.0 -9999.0 -9999.0
-9999.0 -9999.0 -9999.0 -9999.0 -9999.0 -9999.0 -9999.0 -9999.0 -9999.0 -9999.0 -9999.0 0.127662 0.252373 0.073449 0.315012 0.122915 0.073820 0.072169 0.065141 0.069464 0.071148 0.076174 0.382414 0.075581 0.084977 0.122403 0.112642 0.482200 0.506958 0.031277 0.077128 0.040855 0.225789 0.487129 0.433657 0.463747 0.306266 0.118516 0.243965 0.080671 0.119402 0.178906 0.381458 0.117013 0.162134 0.480496 0.433927 0.036291 0.049797 0.177073 0.020127 0.476404 0.040091 0.020049 0.020040 0.199834 0.110914 -9999.0 -9999.0 -9999.0 -9999.0 -9999.0 -9999.0
-9999.0 -9999.0 -9999.0 -9999.0 -9999.0 -9999.0 -9999.0 -9999.0 -9999.0 -9999.0 0.520000 0.164411 0.256912 0.224981 0.091730 0.417017 0.390551 0.109983 0.070216 0.069739 0.069516 0.089235 0.050478 0.220250 0.189162 0.040520 0.050213 0.020071 0.117678 0.200742 0.185408 0.041023 0.248571 0.487448 0.049237 0.061932 0.247149 0.102161 0.090128 0.417110 0.249899 0.197411 0.067616 0.132398 0.166058 0.029817 0.324024 0.134635 0.168852 0.171639 0.020064 0.107835 0.020035 0.158051 0.119477 0.513633 0.488392 -9999.0 -9999.0 -9999.0 -9999.0 -9999.0 -9999.0
-9999.0 -9999.0 -9999.0 -9999.0 -9999.0 -9999.0 -9999.0 -9999.0 -9999.0 0.341790 0.336086 0.174267 0.180328 0.117430 0.164023 0.194063 0.169292 0.072719 0.069895 0.069342 0.068694 0.073670 0.079825 0.075995 0.368217 0.040194 0.040460 0.259186 0.165087 0.224866 0.436630 0.040135 0.062888 0.066336 0.047077 0.064815 0.267879 0.072281 0.089643 0.176798 0.040685 0.061894 0.055316 0.085986 0.074565 0.161886 0.087069 0.105497 0.109830 0.427357 0.050013 0.118094 0.177689 0.084034 0.111485 0.040074 0.040367 0.104535 0.109154 -9999.0 -9999.0 -9999.0 -9999.0
-9999.0 -9999.0 -9999.0 -9999.0 -9999.0 -9999.0 -9999.0 -9999.0 -9999.0 0.210403 0.357007 0.169906 0.520000 0.222485 0.161706 0.119124 0.175104 0.077202 0.068941 0.067242 0.067749 0.067071 0.076947 0.255718 0.040580 0.066425 0.125442 0.186984 0.293066 0.227597 0.162842 0.040083 0.442644 0.444207 0.482783 0.057618 0.037205 0.026391 0.369799 0.205182 0.094692 0.053629 0.141641 0.200353 0.073816 0.077098 0.075323 0.083760 0.219144 0.265387 0.040038 0.040022 0.099549 0.200202 0.200000 0.040036 0.040754 0.050680 0.058670 -9999.0 -9999.0 -9999.0 -9999.0
-9999.0 -9999.0 -9999.0 -9999.0 -9999.0 -9999.0 -9999.0 -9999.0 -9999.0 -9999.0 0.466891 0.221106 0.171781 0.040910 0.219102 0.168200 0.199421 0.073266 0.067815 0.069886 0.067685 0.072673 0.116632 0.071123 0.083439 0.178678 0.402595 0.192691 0.219386 0.040149 0.040093 0.040016 0.040067 0.508050 0.350641 0.232166 0.293575 0.287673 0.040682 0.459829 0.474338 0.334184 0.520000 0.163487 0.137551 0.220539 0.073392 0.074088 0.072511 0.162168 0.040100 0.040344 0.112236 0.131917 0.189001 0.375210 0.518604 0.040842 0.185516 0.165099 -9999.0 -9999.0 -9999.0
-9999.0 -9999.0 -9999.0 -9999.0 -9999.0 -9999.0 -9999.0 -9999.0 -9999.0 -9999.0 0.483358 0.333323 0.317210 0.202767 0.226633 0.078990 0.144659 0.071281 0.067340 0.068622 0.068842 0.070834 0.115957 0.178354 0.178298 0.311552 0.191824 0.178052 0.040286 0.040088 0.464033 0.384105 0.020102 0.455880 0.454985 0.281718 0.041466 0.173859 0.049109 0.500100 0.445881 0.024262 0.116349 0.220830 0.295804 0.066731 0.193975 0.142428 0.071807 0.073816 0.463098 0.046284 0.040046 0.118299 0.096937 0.111947 0.299050 0.097652 0.390461 0.286523 -9999.0 -9999.0 -9999.0
-9999.0 -9999.0 -9999.0 -9999.0 -9999.0 -9999.0 -9999.0 -9999.0 0.391372 0.471552 0.262967 0.381490 0.096374 0.138548 0.094135 0.125300 0.070228 0.066936 0.068329 0.068252 0.066580 0.067085 0.067524 0.068595 0.082866 0.205883 0.238371 0.042084 0.062325 0.040103 0.103885 0.461073 0.459660 0.501865 0.435081 0.356706 0.082695 0.193287 0.040051 0.051913 0.029181 0.326292 0.020135 0.047672 0.025741 0.520000 0.040059 0.127416 0.187548 0.150834 0.341097 0.043069 0.040128 0.040018 0.101985 0.322893 0.109834 0.302132 0.120972 0.072772 -9999.0 -9999.0 -9999.0
-9999.0 -9999.0 -9999.0 -9999.0 -9999.0 -9999.0 -9999.0 -9999.0 0.020034 0.079654 0.040253 0.506486 0.383634 0.040085 0.041291 0.196175 0.072650 0.071187 0.066863 0.067651 0.065315 0.063953 0.063062 0.063131 0.068734 0.074798 0.274834 0.155226 0.020106 0.497553 0.439958 0.045710 0.384278 0.037928 0.379055 0.337794 0.070450 0.413455 0.143500 0.271761 0.461076 0.253520 0.032889 0.244979 0.520000 0.100635 0.020092 0.302137 0.161414 0.197458 0.281419 0.149435 0.040026 0.391609 0.280593 0.020592 0.086197 0.196362 0.076027 0.073815 0.072216 -9999.0 -9999.0
-9999.0 -9999.0 -9999.0 -9999.0 -9999.0 -9999.0 -9999.0 -9999.0 0.458518 0.520000 0.372950 0.040077 0.439722 0.020168 0.106278 0.043010 0.082712 0.072120 0.067251 0.066164 0.067208 0.064442 0.063635 0.067897 0.067127 0.071686 0.254377 0.040327 0.020077 0.459573 0.035144 0.351363 0.047484 0.062748 0.327547 0.076213 0.248568 0.188975 0.110940 0.126785 0.288507 0.027615 0.355720 0.520000 0.070223 0.365389 0.050712 0.473576 0.042235 0.122424 0.102404 0.385160 0.040047 0.040027 0.127791 0.241484 0.382099 0.110202 0.073019 0.073623 0.073025 -9999.0 -9999.0
-9999.0 -9999.0 -9999.0 -9999.0 -9999.0 -9999.0 -9999.0 -9999.0 0.105187 0.301851 0.118847 0.020079 0.438572 0.065187 0.062944 0.326849 0.070185 0.068175 0.068400 0.067149 0.068303 0.067894 0.066052 0.067477 0.071240 0.094386 0.085611 0.040090 0.321729 0.136782 0.107806 0.161995 0.306470 0.433645 0.171116 0.085484 0.069167 0.071805 0.131092 0.172499 0.198768 0.175863 0.189004 0.025927 0.455403 0.028005 0.100773 0.027238 0.417691 0.091526 0.138709 0.080452 0.340827 0.142922 0.422854 0.321359 0.079220 0.073603 0.071355 0.073226 0.073960 0.076978 -9999.0
-9999.0 -9999.0 -9999.0 -9999.0 -9999.0 -9999.0 -9999.0 -9999.0 0.263119 0.445709 0.040170 0.040159 0.056879 0.089163 0.358392 0.080968 0.090203 0.078483 0.077589 0.070992 0.068559 0.069244 0.069584 0.070817 0.068926 0.087035 0.040567 0.176349 0.266570 0.471620 0.067538 0.379014 0.076637 0.209785 0.110831 0.075356 0.074058 0.070067 0.070878 0.080726 0.082454 0.078936 0.105505 0.215084 0.098454 0.151088 0.160250 0.192078 0.149255 0.370459 0.078563 0.079332 0.083158 0.160763 0.247126 0.225263 0.089315 0.076765 0.074612 0.072836 0.072707 0.077855 -9999.0
-9999.0 -9999.0 0.154714 0.370702 0.040008 0.057700 0.040379 0.040581 0.517251 0.491944 0.082553 0.040187 0.097873 0.520000 0.083577 0.492067 0.118705 0.040320 0.124174 0.189933 0.071474 0.068204 0.070781 0.068201 0.072371 0.073503 0.125581 0.085600 0.072347 0.081202 0.119880 0.076928 0.070687 0.071648 0.072500 0.071711 0.071446 0.068416 0.069614 0.072708 0.072473 0.071770 0.070512 0.074393 0.165668 0.089060 0.121522 0.115161 0.075132 0.074008 0.073952 0.076563 0.083150 0.150107 0.197402 0.089355 0.100635 0.078420 0.075363 0.073909 0.074010 0.080310 -9999.0
-9999.0 0.119960 0.110698 0.093481 0.063706 0.095001 0.040607 0.040169 0.040053 0.510960 0.043316 0.041584 0.458835 0.245576 0.469583 0.062330 0.073865 0.045041 0.071031 0.130001 0.072047 0.069661 0.069375 0.069675 0.067535 0.071848 0.068837 0.068510 0.070736 0.072780 0.074457 0.071783 0.070251 0.066835 0.069342 0.069230 0.068463 0.066230 0.069063 0.069972 0.069793 0.069289 0.068953 0.069284 0.070596 0.069940 0.071991 0.067776 0.069948 0.069102 0.074161 0.078248 0.098152 0.197217 0.207817 0.357982 0.320800 0.292886 0.353854 0.250481 0.196424 0.080938 -9999.0
-9999.0 0.239871 0.200297 0.192015 0.306846 0.153968 0.040052 0.040084 0.510045 0.237389 0.040377 0.040328 0.282508 0.338672 0.081497 0.040050 0.040220 0.041558 0.130040 0.170801 0.244542 0.086184 0.072841 0.076436 0.071051 0.068372 0.068063 0.069464 0.068979 0.066508 0.066404 0.066746 0.068584 0.068527 0.065595 0.067586 0.064682 0.064363 0.066979 0.067243 0.066893 0.067030 0.066691 0.065498 0.065274 0.065147 0.068342 0.068706 0.069809 0.071472 0.074626 0.080056 0.246943 0.355449 0.517668 0.092255 0.040484 0.089509 0.099303 0.077907 0.104257 -9999.0 -9999.0
-9999.0 0.084411 0.195849 0.230968 0.311454 0.268220 0.320841 0.040136 0.044646 0.047777 0.086859 0.112102 0.262508 0.427549 0.040164 0.040031 0.040099 0.050993 0.040146 0.047486 0.076387 0.097860 0.089645 0.075941 0.073048 0.072619 0.071134 0.070371 0.068905 0.068936 0.067906 0.067516 0.067845 0.067579 0.067319 0.066986 0.066917 0.064352 0.066869 0.066461 0.066170 0.063721 0.065960 0.065817 0.066137 0.066939 0.067829 0.069306 0.071562 0.070674 0.087168 0.215492 0.108134 0.480980 0.068793 0.040273 0.040249 0.040130 0.040165 -9999.0 -9999.0 -9999.0 -9999.0
