user2019/resources/simulation/Vinschgau/output-maps/thetaliqL0001N1029.asc
ncols         63
nrows         48
xllcorner     598000.000000
yllcorner     5145000.000000
cellsize      1000.000000
NODATA_value  -9999.0
[rows 0 to 28 of 48, columns 0 to 62 of 63]
-9999.0 -9999.0 -9999.0 -9999.0 -9999.0 -9999.0 -9999.0 -9999.0 -9999.0 -9999.0 -9999.0 -9999.0 -9999.0 -9999.0 -9999.0 -9999.0 -9999.0 -9999.0 -9999.0 -9999.0 -9999.0 -9999.0 -9999.0 -9999.0 -9999.0 -9999.0 -9999.0 -9999.0 -9999.0 -9999.0 -9999.0 -9999.0 -9999.0 -9999.0 -9999.0 -9999.0 -9999.0 -9999.0 -9999.0 -9999.0 -9999.0 -9999.0 -9999.0 -9999.0 -9999.0 -9999.0 -9999.0 -9999.0 -9999.0 -9999.0 -9999.0 -9999.0 -9999.0 -9999.0 -9999.0 -9999.0 -9999.0 -9999.0 -9999.0 -9999.0 -9999.0 -9999.0 -9999.0
-9999.0 -9999.0 -9999.0 -9999.0 -9999.0 -9999.0 -9999.0 -9999.0 -9999.0 -9999.0 -9999.0 -9999.0 -9999.0 -9999.0 -9999.0 -9999.0 -9999.0 -9999.0 -9999.0 -9999.0 -9999.0 -9999.0 -9999.0 -9999.0 -9999.0 -9999.0 -9999.0 0.020038 0.040034 0.020017 0.040052 0.040009 0.040018 -9999.0 -9999.0 -9999.0 -9999.0 -9999.0 -9999.0 -9999.0 -9999.0 -9999.0 -9999.0 -9999.0 -9999.0 -9999.0 -9999.0 -9999.0 -9999.0 -9999.0 -9999.0 -9999.0 -9999.0 -9999.0 -9999.0 -9999.0 -9999.0 -9999.0 -9999.0 -9999.0 -9999.0 -9999.0 -9999.0
-9999.0 -9999.0 -9999.0 -9999.0 -9999.0 -9999.0 -9999.0 -9999.0 -9999.0 -9999.0 -9999.0 -9999.0 -9999.0 -9999.0 -9999.0 -9999.0 -9999.0 -9999.0 -9999.0 -9999.0 -9999.0 -9999.0 -9999.0 -9999.0 0.040000 0.040000 0.040000 0.040036 0.040000 0.040000 0.040015 -9999.0 -9999.0 -9999.0 -9999.0 -9999.0 -9999.0 -9999.0 -9999.0 -9999.0 -9999.0 -9999.0 -9999.0 -9999.0 -9999.0 -9999.0 -9999.0 -9999.0 -9999.0 -9999.0 -9999.0 -9999.0 -9999.0 -9999.0 -9999.0 -9999.0 -9999.0 -9999.0 -9999.0 -9999.0 -9999.0 -9999.0 -9999.0
-9999.0 -9999.0 -9999.0 -9999.0 -9999.0 -9999.0 -9999.0 -9999.0 -9999.0 -9999.0 -9999.0 -9999.0 -9999.0 -9999.0 -9999.0 -9999.0 -9999.0 -9999.0 -9999.0 -9999.0 -9999.0 -9999.0 -9999.0 0.040000 0.040000 0.217098 0.177865 0.095360 0.350618 0.040113 0.040019 0.040100 -9999.0 -9999.0 -9999.0 -9999.0 -9999.0 -9999.0 -9999.0 -9999.0 -9999.0 -9999.0 -9999.0 -9999.0 -9999.0 -9999.0 -9999.0 -9999.0 -9999.0 -9999.0 -9999.0 -9999.0 -9999.0 -9999.0 -9999.0 -9999.0 -9999.0 -9999.0 -9999.0 -9999.0 -9999.0 -9999.0 -9999.0
-9999.0 -9999.0 -9999.0 -9999.0 -9999.0 -9999.0 -9999.0 -9999.0 -9999.0 -9999.0 -9999.0 -9999.0 -9999.0 -9999.0 -9999.0 -9999.0 -9999.0 -9999.0 0.397159 0.054908 -9999.0 0.040072 0.079151 0.210197 0.245858 0.084509 0.373218 0.417064 0.496475 0.131620 0.040000 0.040018 0.020029 0.020023 -9999.0 -9999.0 -9999.0 -9999.0 -9999.0 -9999.0 -9999.0 -9999.0 -9999.0 -9999.0 -9999.0 -9999.0 -9999.0 -9999.0 -9999.0 -9999.0 -9999.0 -9999.0 -9999.0 -9999.0 -9999.0 -9999.0 -9999.0 -9999.0 -9999.0 -9999.0 -9999.0 -9999.0 -9999.0
-9999.0 -9999.0 -9999.0 -9999.0 -9999.0 -9999.0 -9999.0 -9999.0 -9999.0 -9999.0 -9999.0 -9999.0 -9999.0 -9999.0 -9999.0 -9999.0 -9999.0 0.069186 0.071237 0.114227 0.020306 0.046649 0.130471 0.447425 0.371521 0.087869 0.040300 0.124614 0.044236 0.467872 0.040879 0.040000 0.020000 0.020000 0.020026 0.020022 -9999.0 -9999.0 -9999.0 -9999.0 -9999.0 -9999.0 -9999.0 -9999.0 -9999.0 -9999.0 -9999.0 -9999.0 -9999.0 -9999.0 -9999.0 -9999.0 -9999.0 -9999.0 -9999.0 -9999.0 -9999.0 -9999.0 -9999.0 -9999.0 -9999.0 -9999.0 -9999.0
-9999.0 -9999.0 -9999.0 -9999.0 -9999.0 -9999.0 -9999.0 -9999.0 -9999.0 -9999.0 -9999.0 -9999.0 -9999.0 0.040289 0.429243 0.074710 0.069832 0.022765 0.069959 0.075003 0.200996 0.307492 0.253939 0.382271 0.060762 0.088337 0.020085 0.040024 0.040049 0.049985 0.040097 0.040000 0.040000 0.040017 0.020148 0.020022 -9999.0 -9999.0 -9999.0 -9999.0 -9999.0 -9999.0 -9999.0 -9999.0 -9999.0 -9999.0 -9999.0 -9999.0 -9999.0 -9999.0 -9999.0 -9999.0 -9999.0 -9999.0 -9999.0 -9999.0 -9999.0 -9999.0 -9999.0 -9999.0 -9999.0 -9999.0 -9999.0
-9999.0 -9999.0 -9999.0 -9999.0 -9999.0 -9999.0 -9999.0 -9999.0 -9999.0 -9999.0 -9999.0 -9999.0 -9999.0 0.204188 0.190979 0.071511 0.070673 0.222644 0.022760 0.079824 0.070771 0.188513 0.223050 0.337067 0.458135 0.046189 0.040039 0.020138 0.020033 0.040059 0.040022 0.040024 0.020031 0.020018 0.020025 -9999.0 -9999.0 -9999.0 -9999.0 -9999.0 -9999.0 -9999.0 -9999.0 -9999.0 -9999.0 -9999.0 -9999.0 -9999.0 -9999.0 -9999.0 -9999.0 -9999.0 -9999.0 -9999.0 -9999.0 -9999.0 -9999.0 -9999.0 -9999.0 -9999.0 -9999.0 -9999.0 -9999.0
-9999.0 -9999.0 -9999.0 -9999.0 -9999.0 -9999.0 -9999.0 -9999.0 -9999.0 -9999.0 -9999.0 -9999.0 -9999.0 0.137298 0.520000 0.078428 0.071923 0.071406 0.022752 0.070233 0.270351 0.197712 0.144809 0.049397 0.399159 0.199314 0.020188 0.020031 0.040013 0.020020 0.040105 0.020017 0.020016 0.020014 0.020021 -9999.0 -9999.0 -9999.0 -9999.0 -9999.0 -9999.0 -9999.0 -9999.0 -9999.0 -9999.0 -9999.0 -9999.0 -9999.0 -9999.0 -9999.0 -9999.0 -9999.0 -9999.0 -9999.0 -9999.0 -9999.0 -9999.0 -9999.0 -9999.0 -9999.0 -9999.0 -9999.0 -9999.0
-9999.0 -9999.0 -9999.0 -9999.0 -9999.0 -9999.0 -9999.0 -9999.0 -9999.0 -9999.0 -9999.0 -9999.0 0.255405 0.520000 0.144454 0.338950 0.133177 0.074462 0.181118 0.022869 0.273167 0.079896 0.054904 0.045327 0.040090 0.040037 0.040040 0.040017 0.040001 0.020058 0.040005 0.020028 0.040008 0.020020 -9999.0 -9999.0 -9999.0 -9999.0 -9999.0 -9999.0 -9999.0 -9999.0 -9999.0 -9999.0 -9999.0 -9999.0 -9999.0 -9999.0 -9999.0 -9999.0 -9999.0 -9999.0 -9999.0 -9999.0 -9999.0 -9999.0 -9999.0 -9999.0 -9999.0 -9999.0 -9999.0 -9999.0 -9999.0
-9999.0 -9999.0 -9999.0 -9999.0 -9999.0 -9999.0 -9999.0 -9999.0 -9999.0 -9999.0 -9999.0 0.054705 0.321581 0.520000 0.180888 0.354629 0.022834 0.073926 0.329058 0.197887 0.072385 0.407360 0.070824 0.040065 0.040092 0.040001 0.040016 0.040019 0.040001 0.020023 0.020027 0.040000 0.020159 0.020024 0.020045 0.020172 0.040016 0.040027 0.040003 -9999.0 -9999.0 -9999.0 0.020023 -9999.0 -9999.0 -9999.0 -9999.0 -9999.0 -9999.0 -9999.0 -9999.0 -9999.0 -9999.0 -9999.0 -9999.0 -9999.0 -9999.0 -9999.0 -9999.0 -9999.0 -9999.0 -9999.0 -9999.0
-9999.0 -9999.0 -9999.0 -9999.0 -9999.0 -9999.0 -9999.0 -9999.0 -9999.0 -9999.0 -9999.0 0.040314 0.286313 0.145311 0.087360 0.146548 0.073542 0.070139 0.216647 0.258300 0.365170 0.236366 0.046518 0.040032 0.040016 0.040029 0.040024 0.040001 0.020035 0.020024 0.040002 0.040000 0.040014 0.040007 0.040010 0.040023 0.040000 0.040000 0.040034 0.020025 0.020025 0.020024 0.040052 0.020030 -9999.0 -9999.0 -9999.0 0.040007 0.040006 0.020022 0.040007 0.020021 0.020019 0.040006 0.040006 0.020021 -9999.0 -9999.0 -9999.0 -9999.0 -9999.0 -9999.0 -9999.0
-9999.0 -9999.0 -9999.0 -9999.0 -9999.0 -9999.0 -9999.0 -9999.0 -9999.0 -9999.0 -9999.0 0.040324 0.040300 0.067961 0.335815 0.297704 0.378258 0.073562 0.189522 0.221370 0.220056 0.110357 0.040055 0.040034 0.040031 0.020043 0.040019 0.040035 0.020001 0.040010 0.020033 0.040029 0.040000 0.040009 0.020026 0.040000 0.040043 0.040059 0.076274 0.020034 0.040002 0.040016 0.040001 0.040026 0.040008 -9999.0 0.020020 0.040007 0.040067 0.040033 0.040000 0.020020 0.040033 0.040019 0.040009 0.040008 -9999.0 -9999.0 -9999.0 -9999.0 -9999.0 -9999.0 -9999.0
-9999.0 -9999.0 -9999.0 -9999.0 -9999.0 -9999.0 -9999.0 -9999.0 -9999.0 -9999.0 -9999.0 -9999.0 0.120995 0.054283 0.159263 0.176423 0.256777 0.074576 0.251985 0.243106 0.133184 0.188897 0.040107 0.040023 0.040025 0.040056 0.065753 0.040037 0.040049 0.020030 0.040024 0.040032 0.040041 0.040009 0.040008 0.040001 0.040017 0.040066 0.258925 0.040275 0.040000 0.020263 0.040021 0.040076 0.020033 0.040007 0.020025 0.040008 0.040013 0.040021 0.040710 0.040032 0.040032 0.040025 0.040011 0.040010 0.040008 -9999.0 -9999.0 -9999.0 -9999.0 -9999.0 -9999.0
-9999.0 -9999.0 -9999.0 -9999.0 -9999.0 -9999.0 -9999.0 -9999.0 -9999.0 -9999.0 -9999.0 0.040031 0.040905 0.040559 0.040147 0.158273 0.426896 0.105607 0.254471 0.075449 0.077188 0.316652 0.040579 0.040060 0.040064 0.040027 0.040028 0.040017 0.040016 0.020127 0.040019 0.040048 0.040000 0.040010 0.040039 0.040003 0.040033 0.040046 0.106200 0.118318 0.040025 0.041074 0.040127 0.020060 0.085946 0.040020 0.040001 0.020072 0.020268 0.046142 0.020039 0.040020 0.040009 0.020023 0.020020 0.020018 0.020028 -9999.0 -9999.0 -9999.0 -9999.0 -9999.0 -9999.0
-9999.0 -9999.0 -9999.0 -9999.0 -9999.0 -9999.0 -9999.0 -9999.0 -9999.0 -9999.0 0.081333 0.040026 0.047762 0.048094 0.129097 0.040430 0.040085 0.075819 0.072706 0.077411 0.314030 0.424720 0.040217 0.111234 0.040064 0.040075 0.040038 0.020030 0.040033 0.040000 0.040067 0.040062 0.040049 0.040010 0.020021 0.020033 0.040000 0.040019 0.040043 0.202543 0.245648 0.198848 0.198590 0.380835 0.041203 0.020057 0.040055 0.040023 0.040070 0.059348 0.020025 0.020023 0.020019 0.020016 0.020017 0.040010 0.040004 -9999.0 -9999.0 -9999.0 -9999.0 -9999.0 -9999.0
-9999.0 -9999.0 -9999.0 -9999.0 -9999.0 -9999.0 -9999.0 -9999.0 -9999.0 0.040036 0.040000 0.040057 0.040086 0.040062 0.040102 0.040753 0.041612 0.369853 0.072257 0.071918 0.286439 0.126219 0.093508 0.275360 0.109974 0.040061 0.040023 0.046623 0.040030 0.040166 0.132771 0.040051 0.020036 0.020017 0.020025 0.020033 0.040000 0.040016 0.040058 0.040250 0.040631 0.040474 0.040293 0.145185 0.327620 0.044693 0.080688 0.040061 0.040058 0.139590 0.040039 0.020028 0.020015 0.020018 0.020023 0.040009 0.040011 0.020031 0.020023 -9999.0 -9999.0 -9999.0 -9999.0
-9999.0 -9999.0 -9999.0 -9999.0 -9999.0 -9999.0 -9999.0 -9999.0 -9999.0 0.040002 0.040035 0.051865 0.287502 0.051029 0.040970 0.040062 0.050569 0.371292 0.071232 0.183256 0.225424 0.121562 0.442878 0.305179 0.040093 0.040046 0.040054 0.045132 0.415394 0.325017 0.203867 0.040038 0.040002 0.040011 0.040035 0.020033 0.020039 0.020002 0.040032 0.040000 0.040057 0.040038 0.040185 0.437636 0.257627 0.368667 0.418091 0.263711 0.078894 0.154230 0.040023 0.040009 0.020019 0.040007 0.020024 0.040007 0.040012 0.040015 0.020043 -9999.0 -9999.0 -9999.0 -9999.0
-9999.0 -9999.0 -9999.0 -9999.0 -9999.0 -9999.0 -9999.0 -9999.0 -9999.0 -9999.0 0.040022 0.040000 0.040000 0.040215 0.096878 0.042089 0.055913 0.374638 0.069364 0.127938 0.258924 0.080994 0.057445 0.040374 0.040061 0.044742 0.162181 0.515257 0.253992 0.040054 0.040041 0.040039 0.040015 0.040009 0.040001 0.040000 0.043768 0.040000 0.020040 0.040005 0.040021 0.040000 0.200772 0.044964 0.072572 0.103924 0.211189 0.392955 0.354825 0.152135 0.040043 0.040013 0.020022 0.020020 0.040007 0.040008 0.040012 0.040073 0.040094 0.048016 -9999.0 -9999.0 -9999.0
-9999.0 -9999.0 -9999.0 -9999.0 -9999.0 -9999.0 -9999.0 -9999.0 -9999.0 -9999.0 0.040011 0.040000 0.043130 0.040001 0.515386 0.121732 0.076858 0.081312 0.069578 0.071523 0.070130 0.083534 0.051666 0.040685 0.044642 0.423598 0.520000 0.088167 0.040073 0.040016 0.040025 0.040000 0.020028 0.040012 0.040028 0.040000 0.040081 0.040030 0.040017 0.040016 0.040003 0.020001 0.040021 0.040000 0.099393 0.040478 0.053410 0.074366 0.189663 0.446047 0.133262 0.040035 0.040012 0.020022 0.020018 0.020020 0.040008 0.040062 0.520000 0.520000 -9999.0 -9999.0 -9999.0
-9999.0 -9999.0 -9999.0 -9999.0 -9999.0 -9999.0 -9999.0 -9999.0 0.040000 0.040023 0.040015 0.040001 0.040040 0.040041 0.046695 0.293099 0.076152 0.092879 0.079804 0.070251 0.067415 0.068486 0.077771 0.079680 0.205240 0.409767 0.465491 0.040137 0.040048 0.040016 0.020019 0.040008 0.040005 0.040013 0.040002 0.040037 0.159555 0.040118 0.040028 0.020033 0.020111 0.040000 0.020038 0.020036 0.020269 0.113105 0.040031 0.040046 0.093096 0.463841 0.236923 0.040160 0.040012 0.040008 0.020021 0.040014 0.020033 0.101967 0.419857 0.293302 -9999.0 -9999.0 -9999.0
-9999.0 -9999.0 -9999.0 -9999.0 -9999.0 -9999.0 -9999.0 -9999.0 0.020061 0.040018 0.040022 0.040016 0.040039 0.040056 0.040112 0.096524 0.079769 0.074343 0.067568 0.069704 0.169700 0.094993 0.091291 0.078565 0.070561 0.141586 0.363516 0.040045 0.020028 0.040015 0.040130 0.020035 0.040002 0.020039 0.040001 0.040000 0.201965 0.040278 0.040030 0.040000 0.040025 0.040008 0.020043 0.040000 0.040838 0.040024 0.020034 0.040097 0.040667 0.333315 0.500297 0.040846 0.040011 0.040012 0.040035 0.020047 0.040075 0.070597 0.466445 0.310877 0.075110 -9999.0 -9999.0
-9999.0 -9999.0 -9999.0 -9999.0 -9999.0 -9999.0 -9999.0 -9999.0 0.040027 0.040000 0.040030 0.040015 0.040002 0.020041 0.040054 0.040139 0.116583 0.161755 0.068204 0.147776 0.069153 0.073257 0.076583 0.071316 0.174001 0.076444 0.328587 0.040077 0.020026 0.040024 0.020046 0.040000 0.040033 0.040044 0.040000 0.147604 0.040183 0.520000 0.053372 0.040022 0.040001 0.020052 0.040000 0.040000 0.040053 0.040000 0.020033 0.040030 0.040030 0.063664 0.336368 0.180060 0.040016 0.040011 0.040042 0.040092 0.498780 0.454068 0.251871 0.331695 0.238250 -9999.0 -9999.0
-9999.0 -9999.0 -9999.0 -9999.0 -9999.0 -9999.0 -9999.0 -9999.0 0.020026 0.040000 0.040033 0.020026 0.040000 0.040047 0.040381 0.263763 0.071187 0.069275 0.233106 0.067935 0.070728 0.070614 0.077302 0.073591 0.073849 0.234442 0.044295 0.040039 0.041869 0.040024 0.040051 0.040037 0.042019 0.040176 0.040805 0.110187 0.448128 0.076739 0.390953 0.043638 0.042039 0.040000 0.040000 0.020264 0.040041 0.020054 0.040000 0.020002 0.040038 0.040080 0.071235 0.362692 0.184871 0.040051 0.442200 0.520000 0.360201 0.232076 0.093924 0.245969 0.259445 0.182707 -9999.0
-9999.0 -9999.0 -9999.0 -9999.0 -9999.0 -9999.0 -9999.0 -9999.0 0.040007 0.040000 0.040052 0.040055 0.040352 0.041536 0.328633 0.409932 0.407735 0.086697 0.212451 0.074036 0.069929 0.073304 0.072441 0.073568 0.217604 0.086717 0.040090 0.044116 0.108862 0.040177 0.040454 0.164620 0.520000 0.483044 0.176257 0.425074 0.254579 0.072139 0.072232 0.465523 0.264741 0.159405 0.040468 0.058577 0.040056 0.089294 0.040197 0.040098 0.040311 0.140792 0.443099 0.175247 0.299446 0.370935 0.520000 0.520000 0.418319 0.314526 0.288936 0.239867 0.081646 0.197754 -9999.0
-9999.0 -9999.0 0.040043 0.040000 0.040029 0.040040 0.040020 0.040024 0.040104 0.040011 0.040023 0.040070 0.043752 0.057033 0.520000 0.472506 0.062088 0.040078 0.040076 0.126535 0.074532 0.071030 0.252682 0.068860 0.076182 0.077621 0.078639 0.144849 0.245871 0.493507 0.059343 0.275298 0.422739 0.085399 0.296559 0.074852 0.119032 0.069748 0.070592 0.074287 0.219376 0.314186 0.192079 0.381791 0.101617 0.146729 0.479802 0.336011 0.345139 0.323276 0.199043 0.226128 0.354778 0.395059 0.484631 0.462034 0.388757 0.314939 0.322782 0.138174 0.347251 0.220190 -9999.0
-9999.0 0.040051 0.040020 0.040045 0.040045 0.040048 0.040000 0.040020 0.040013 0.040105 0.040030 0.040126 0.102197 0.385670 0.491033 0.040603 0.040063 0.040032 0.040053 0.065968 0.075630 0.073119 0.430605 0.098753 0.074811 0.076222 0.138300 0.194406 0.168260 0.286576 0.173751 0.191951 0.247357 0.256001 0.076819 0.079219 0.071539 0.066936 0.078388 0.103173 0.075407 0.077882 0.115395 0.071555 0.073285 0.078400 0.235558 0.069472 0.080049 0.078600 0.251522 0.321599 0.391056 0.434936 0.463744 0.520000 0.407062 0.379397 0.520000 0.493881 0.356439 0.225264 -9999.0
-9999.0 0.180438 0.040060 0.040136 0.217396 0.040267 0.040028 0.040016 0.040014 0.040013 0.040023 0.040076 0.284097 0.504688 0.041128 0.040015 0.040022 0.040027 0.040041 0.134102 0.520000 0.280051 0.152147 0.399285 0.319585 0.170652 0.068696 0.071563 0.122834 0.067728 0.067171 0.067675 0.178326 0.159539 0.180583 0.076563 0.108532 0.079316 0.071833 0.070810 0.071564 0.073738 0.070566 0.066545 0.065860 0.065849 0.076234 0.118833 0.159477 0.211188 0.275966 0.261436 0.354267 0.470039 0.491531 0.049681 0.040037 0.044456 0.048450 0.040889 0.052920 -9999.0 -9999.0
-9999.0 0.054928 0.040088 0.098882 0.372917 0.262046 0.230555 0.040051 0.040031 0.040034 0.040071 0.056948 0.513103 0.322871 0.040059 0.040012 0.040017 0.040043 0.040053 0.059191 0.040921 0.050308 0.196622 0.364884 0.352790 0.243748 0.227405 0.212980 0.071662 0.095831 0.069760 0.069174 0.126360 0.117732 0.077882 0.072494 0.072344 0.077180 0.071478 0.070746 0.070557 0.087716 0.072072 0.067376 0.067622 0.080715 0.088580 0.182661 0.241271 0.087248 0.317250 0.306293 0.056163 0.042674 0.040696 0.040075 0.040072 0.040051 0.040057 -9999.0 -9999.0 -9999.0 -9999.0
