user2019/resources/simulation/Vinschgau/output-maps/thetaliqL0002N0863.asc
ncols         63
nrows         48
xllcorner     598000.000000
yllcorner     5145000.000000
cellsize      1000.000000
NODATA_value  -9999.0
[rows 0 to 28 of 48, columns 0 to 62 of 63]
-9999.0 -9999.0 -9999.0 -9999.0 -9999.0 -9999.0 -9999.0 -9999.0 -9999.0 -9999.0 -9999.0 -9999.0 -9999.0 -9999.0 -9999.0 -9999.0 -9999.0 -9999.0 -9999.0 -9999.0 -9999.0 -9999.0 -9999.0 -9999.0 -9999.0 -9999.0 -9999.0 -9999.0 -9999.0 -9999.0 -9999.0 -9999.0 -9999.0 -9999.0 -9999.0 -9999.0 -9999.0 -9999.0 -9999.0 -9999.0 -9999.0 -9999.0 -9999.0 -9999.0 -9999.0 -9999.0 -9999.0 -9999.0 -9999.0 -9999.0 -9999.0 -9999.0 -9999.0 -9999.0 -9999.0 -9999.0 -9999.0 -9999.0 -9999.0 -9999.0 -9999.0 -9999.0 -9999.0
-9999.0 -9999.0 -9999.0 -9999.0 -9999.0 -9999.0 -9999.0 -9999.0 -9999.0 -9999.0 -9999.0 -9999.0 -9999.0 -9999.0 -9999.0 -9999.0 -9999.0 -9999.0 -9999.0 -9999.0 -9999.0 -9999.0 -9999.0 -9999.0 -9999.0 -9999.0 -9999.0 0.020022 0.040010 0.020025 0.040009 0.040007 0.040007 -9999.0 -9999.0 -9999.0 -9999.0 -9999.0 -9999.0 -9999.0 -9999.0 -9999.0 -9999.0 -9999.0 -9999.0 -9999.0 -9999.0 -9999.0 -9999.0 -9999.0 -9999.0 -9999.0 -9999.0 -9999.0 -9999.0 -9999.0 -9999.0 -9999.0 -9999.0 -9999.0 -9999.0 -9999.0 -9999.0
-9999.0 -9999.0 -9999.0 -9999.0 -9999.0 -9999.0 -9999.0 -9999.0 -9999.0 -9999.0 -9999.0 -9999.0 -9999.0 -9999.0 -9999.0 -9999.0 -9999.0 -9999.0 -9999.0 -9999.0 -9999.0 -9999.0 -9999.0 -9999.0 0.040014 0.040017 0.040024 0.040015 0.040016 0.040010 0.040008 -9999.0 -9999.0 -9999.0 -9999.0 -9999.0 -9999.0 -9999.0 -9999.0 -9999.0 -9999.0 -9999.0 -9999.0 -9999.0 -9999.0 -9999.0 -9999.0 -9999.0 -9999.0 -9999.0 -9999.0 -9999.0 -9999.0 -9999.0 -9999.0 -9999.0 -9999.0 -9999.0 -9999.0 -9999.0 -9999.0 -9999.0 -9999.0
-9999.0 -9999.0 -9999.0 -9999.0 -9999.0 -9999.0 -9999.0 -9999.0 -9999.0 -9999.0 -9999.0 -9999.0 -9999.0 -9999.0 -9999.0 -9999.0 -9999.0 -9999.0 -9999.0 -9999.0 -9999.0 -9999.0 -9999.0 0.040018 0.040033 0.208562 0.275265 0.101031 0.297655 0.040017 0.040008 0.040007 -9999.0 -9999.0 -9999.0 -9999.0 -9999.0 -9999.0 -9999.0 -9999.0 -9999.0 -9999.0 -9999.0 -9999.0 -9999.0 -9999.0 -9999.0 -9999.0 -9999.0 -9999.0 -9999.0 -9999.0 -9999.0 -9999.0 -9999.0 -9999.0 -9999.0 -9999.0 -9999.0 -9999.0 -9999.0 -9999.0 -9999.0
-9999.0 -9999.0 -9999.0 -9999.0 -9999.0 -9999.0 -9999.0 -9999.0 -9999.0 -9999.0 -9999.0 -9999.0 -9999.0 -9999.0 -9999.0 -9999.0 -9999.0 -9999.0 0.091301 0.040027 -9999.0 0.040024 0.040032 0.108460 0.305561 0.092028 0.085841 0.079951 0.195578 0.047520 0.040015 0.040009 0.020019 0.020014 -9999.0 -9999.0 -9999.0 -9999.0 -9999.0 -9999.0 -9999.0 -9999.0 -9999.0 -9999.0 -9999.0 -9999.0 -9999.0 -9999.0 -9999.0 -9999.0 -9999.0 -9999.0 -9999.0 -9999.0 -9999.0 -9999.0 -9999.0 -9999.0 -9999.0 -9999.0 -9999.0 -9999.0 -9999.0
-9999.0 -9999.0 -9999.0 -9999.0 -9999.0 -9999.0 -9999.0 -9999.0 -9999.0 -9999.0 -9999.0 -9999.0 -9999.0 -9999.0 -9999.0 -9999.0 -9999.0 0.079552 0.144508 0.050285 0.020037 0.042877 0.048758 0.075905 0.091166 0.068955 0.040690 0.043002 0.042882 0.079159 0.040040 0.040014 0.020025 0.020022 0.020017 0.020015 -9999.0 -9999.0 -9999.0 -9999.0 -9999.0 -9999.0 -9999.0 -9999.0 -9999.0 -9999.0 -9999.0 -9999.0 -9999.0 -9999.0 -9999.0 -9999.0 -9999.0 -9999.0 -9999.0 -9999.0 -9999.0 -9999.0 -9999.0 -9999.0 -9999.0 -9999.0 -9999.0
-9999.0 -9999.0 -9999.0 -9999.0 -9999.0 -9999.0 -9999.0 -9999.0 -9999.0 -9999.0 -9999.0 -9999.0 -9999.0 0.040039 0.079764 0.154456 0.078066 0.023436 0.082267 0.129162 0.215140 0.114652 0.279201 0.093372 0.059779 0.040033 0.020057 0.040099 0.040105 0.041806 0.040043 0.040013 0.040008 0.040007 0.020020 0.020014 -9999.0 -9999.0 -9999.0 -9999.0 -9999.0 -9999.0 -9999.0 -9999.0 -9999.0 -9999.0 -9999.0 -9999.0 -9999.0 -9999.0 -9999.0 -9999.0 -9999.0 -9999.0 -9999.0 -9999.0 -9999.0 -9999.0 -9999.0 -9999.0 -9999.0 -9999.0 -9999.0
-9999.0 -9999.0 -9999.0 -9999.0 -9999.0 -9999.0 -9999.0 -9999.0 -9999.0 -9999.0 -9999.0 -9999.0 -9999.0 0.040162 0.308194 0.118177 0.081415 0.360767 0.023350 0.207227 0.083148 0.350721 0.325478 0.310120 0.058069 0.043524 0.040011 0.020024 0.020020 0.040044 0.040069 0.040010 0.020019 0.020014 0.020016 -9999.0 -9999.0 -9999.0 -9999.0 -9999.0 -9999.0 -9999.0 -9999.0 -9999.0 -9999.0 -9999.0 -9999.0 -9999.0 -9999.0 -9999.0 -9999.0 -9999.0 -9999.0 -9999.0 -9999.0 -9999.0 -9999.0 -9999.0 -9999.0 -9999.0 -9999.0 -9999.0 -9999.0
-9999.0 -9999.0 -9999.0 -9999.0 -9999.0 -9999.0 -9999.0 -9999.0 -9999.0 -9999.0 -9999.0 -9999.0 -9999.0 0.276025 0.520000 0.231956 0.110163 0.086072 0.023335 0.081334 0.392243 0.020981 0.068142 0.045440 0.070253 0.059615 0.020029 0.020019 0.040007 0.020016 0.040008 0.020013 0.020013 0.020011 0.020014 -9999.0 -9999.0 -9999.0 -9999.0 -9999.0 -9999.0 -9999.0 -9999.0 -9999.0 -9999.0 -9999.0 -9999.0 -9999.0 -9999.0 -9999.0 -9999.0 -9999.0 -9999.0 -9999.0 -9999.0 -9999.0 -9999.0 -9999.0 -9999.0 -9999.0 -9999.0 -9999.0 -9999.0
-9999.0 -9999.0 -9999.0 -9999.0 -9999.0 -9999.0 -9999.0 -9999.0 -9999.0 -9999.0 -9999.0 -9999.0 0.075521 0.044017 0.331397 0.115484 0.292541 0.157388 0.322328 0.043851 0.130911 0.041997 0.041466 0.040377 0.040053 0.040011 0.040018 0.040008 0.040008 0.020019 0.040003 0.020018 0.040007 0.020013 -9999.0 -9999.0 -9999.0 -9999.0 -9999.0 -9999.0 -9999.0 -9999.0 -9999.0 -9999.0 -9999.0 -9999.0 -9999.0 -9999.0 -9999.0 -9999.0 -9999.0 -9999.0 -9999.0 -9999.0 -9999.0 -9999.0 -9999.0 -9999.0 -9999.0 -9999.0 -9999.0 -9999.0 -9999.0
-9999.0 -9999.0 -9999.0 -9999.0 -9999.0 -9999.0 -9999.0 -9999.0 -9999.0 -9999.0 -9999.0 0.040058 0.443316 0.520000 0.354780 0.040536 0.059689 0.190235 0.520000 0.200000 0.157352 0.108093 0.040028 0.040012 0.040228 0.040013 0.040007 0.040010 0.040009 0.020015 0.020018 0.040009 0.020020 0.020016 0.020017 0.020021 0.040008 0.040009 0.040010 -9999.0 -9999.0 -9999.0 0.020015 -9999.0 -9999.0 -9999.0 -9999.0 -9999.0 -9999.0 -9999.0 -9999.0 -9999.0 -9999.0 -9999.0 -9999.0 -9999.0 -9999.0 -9999.0 -9999.0 -9999.0 -9999.0 -9999.0 -9999.0
-9999.0 -9999.0 -9999.0 -9999.0 -9999.0 -9999.0 -9999.0 -9999.0 -9999.0 -9999.0 -9999.0 0.040035 0.391711 0.421077 0.294163 0.040041 0.205335 0.107925 0.350969 0.403722 0.429693 0.040151 0.040029 0.040021 0.040031 0.040010 0.040009 0.040013 0.020025 0.020016 0.040010 0.040011 0.040007 0.040006 0.040005 0.040010 0.040017 0.040015 0.040009 0.020016 0.020016 0.020015 0.040009 0.020019 -9999.0 -9999.0 -9999.0 0.040005 0.040005 0.020018 0.040006 0.020015 0.020015 0.040006 0.040007 0.020014 -9999.0 -9999.0 -9999.0 -9999.0 -9999.0 -9999.0 -9999.0
-9999.0 -9999.0 -9999.0 -9999.0 -9999.0 -9999.0 -9999.0 -9999.0 -9999.0 -9999.0 -9999.0 0.040019 0.040034 0.040855 0.040382 0.040111 0.158356 0.245362 0.375805 0.349037 0.338748 0.054343 0.040056 0.040015 0.040010 0.020023 0.040051 0.040015 0.020022 0.040005 0.020020 0.040013 0.040014 0.040006 0.020019 0.040015 0.040017 0.040021 0.040024 0.020020 0.040011 0.040007 0.040014 0.040010 0.040006 -9999.0 0.020013 0.040006 0.040009 0.040013 0.040014 0.020028 0.040011 0.040009 0.040008 0.040007 -9999.0 -9999.0 -9999.0 -9999.0 -9999.0 -9999.0 -9999.0
-9999.0 -9999.0 -9999.0 -9999.0 -9999.0 -9999.0 -9999.0 -9999.0 -9999.0 -9999.0 -9999.0 -9999.0 0.040041 0.040241 0.040064 0.040094 0.216808 0.210804 0.412085 0.378790 0.306145 0.066275 0.040755 0.040083 0.040017 0.040046 0.040020 0.040013 0.040008 0.020019 0.040009 0.040014 0.040014 0.040008 0.040007 0.040011 0.040040 0.040028 0.040542 0.040012 0.040018 0.020028 0.040045 0.040027 0.020020 0.040006 0.020017 0.040007 0.040017 0.040055 0.040275 0.040015 0.040020 0.040012 0.040010 0.040009 0.040007 -9999.0 -9999.0 -9999.0 -9999.0 -9999.0 -9999.0
-9999.0 -9999.0 -9999.0 -9999.0 -9999.0 -9999.0 -9999.0 -9999.0 -9999.0 -9999.0 -9999.0 0.040100 0.040016 0.040038 0.040210 0.053046 0.096201 0.323041 0.414125 0.207529 0.262017 0.264843 0.040770 0.040033 0.040050 0.040263 0.040115 0.040008 0.040008 0.020024 0.040046 0.040019 0.040020 0.040008 0.040005 0.040010 0.040010 0.040066 0.052286 0.040039 0.040065 0.042658 0.040107 0.020083 0.040036 0.040008 0.040011 0.020024 0.020029 0.040329 0.020032 0.040009 0.040007 0.020018 0.020016 0.020015 0.020019 -9999.0 -9999.0 -9999.0 -9999.0 -9999.0 -9999.0
-9999.0 -9999.0 -9999.0 -9999.0 -9999.0 -9999.0 -9999.0 -9999.0 -9999.0 -9999.0 0.040023 0.040215 0.040026 0.040026 0.040065 0.040112 0.040111 0.083520 0.120521 0.223548 0.459922 0.121239 0.040161 0.040056 0.042629 0.040042 0.040023 0.020026 0.040013 0.040020 0.040027 0.040027 0.040020 0.040008 0.020014 0.020020 0.040015 0.040042 0.047164 0.068509 0.072123 0.077642 0.191256 0.464101 0.040564 0.020025 0.040012 0.040064 0.040045 0.042900 0.020022 0.020017 0.020015 0.020013 0.020014 0.040008 0.040009 -9999.0 -9999.0 -9999.0 -9999.0 -9999.0 -9999.0
-9999.0 -9999.0 -9999.0 -9999.0 -9999.0 -9999.0 -9999.0 -9999.0 -9999.0 0.040011 0.040029 0.040031 0.040335 0.040108 0.040075 0.040521 0.040404 0.043167 0.159030 0.113977 0.422184 0.132840 0.095237 0.075728 0.055998 0.040054 0.040016 0.040022 0.040163 0.044361 0.058832 0.040046 0.020021 0.020015 0.020016 0.020020 0.040010 0.040028 0.040046 0.040356 0.054830 0.040639 0.040207 0.288501 0.383607 0.040256 0.040093 0.040064 0.040066 0.062624 0.040022 0.020019 0.020012 0.020013 0.020016 0.040006 0.040008 0.020020 0.020017 -9999.0 -9999.0 -9999.0 -9999.0
-9999.0 -9999.0 -9999.0 -9999.0 -9999.0 -9999.0 -9999.0 -9999.0 -9999.0 0.040008 0.040010 0.040019 0.040071 0.046021 0.040329 0.040091 0.040074 0.082140 0.133200 0.310094 0.347247 0.283290 0.184712 0.042057 0.040078 0.040040 0.040117 0.042339 0.081423 0.043268 0.040127 0.040035 0.040011 0.040006 0.040009 0.020020 0.020022 0.020027 0.040010 0.040026 0.040093 0.040024 0.040138 0.096540 0.337965 0.412910 0.437905 0.074119 0.045735 0.064889 0.040022 0.040007 0.020014 0.040004 0.020018 0.040005 0.040008 0.040012 0.020023 -9999.0 -9999.0 -9999.0 -9999.0
-9999.0 -9999.0 -9999.0 -9999.0 -9999.0 -9999.0 -9999.0 -9999.0 -9999.0 -9999.0 0.040009 0.040019 0.041055 0.040192 0.050964 0.040420 0.044397 0.403735 0.120466 0.275830 0.395458 0.174401 0.063680 0.041168 0.040049 0.040554 0.061997 0.145767 0.040146 0.040048 0.040037 0.040023 0.040011 0.040007 0.040014 0.040012 0.040026 0.040033 0.020022 0.040010 0.040009 0.040027 0.040047 0.040404 0.076892 0.090541 0.362965 0.442555 0.433054 0.061039 0.040039 0.040017 0.020016 0.020014 0.040004 0.040006 0.040012 0.040041 0.040034 0.040708 -9999.0 -9999.0 -9999.0
-9999.0 -9999.0 -9999.0 -9999.0 -9999.0 -9999.0 -9999.0 -9999.0 -9999.0 -9999.0 0.040008 0.040012 0.040024 0.042605 0.087847 0.094079 0.082783 0.188393 0.129929 0.089393 0.085755 0.194866 0.054949 0.040156 0.040551 0.082007 0.520000 0.080432 0.040063 0.040012 0.040010 0.040011 0.020026 0.040006 0.040010 0.040033 0.040040 0.040243 0.040022 0.040008 0.040010 0.020034 0.040036 0.040016 0.040046 0.040354 0.043392 0.077588 0.365815 0.520000 0.056801 0.040023 0.040010 0.020017 0.020013 0.020015 0.040006 0.040063 0.520000 0.520000 -9999.0 -9999.0 -9999.0
-9999.0 -9999.0 -9999.0 -9999.0 -9999.0 -9999.0 -9999.0 -9999.0 0.040015 0.040009 0.040007 0.040015 0.040017 0.040035 0.046654 0.386634 0.132093 0.271297 0.227682 0.078539 0.075275 0.099605 0.131316 0.147714 0.070343 0.440880 0.087808 0.040112 0.040027 0.040013 0.020015 0.040010 0.040010 0.040007 0.040011 0.040011 0.040074 0.040297 0.040026 0.020020 0.020024 0.040023 0.020032 0.020021 0.020030 0.040027 0.040029 0.040132 0.082702 0.520000 0.069264 0.040129 0.040015 0.040007 0.020015 0.040007 0.020021 0.040037 0.080790 0.520000 -9999.0 -9999.0 -9999.0
-9999.0 -9999.0 -9999.0 -9999.0 -9999.0 -9999.0 -9999.0 -9999.0 0.020035 0.040034 0.040015 0.040008 0.040011 0.040031 0.040096 0.089050 0.241103 0.192976 0.076817 0.077770 0.325820 0.286867 0.284271 0.280895 0.120639 0.307273 0.455499 0.040228 0.020028 0.040008 0.040007 0.020021 0.040011 0.020022 0.040013 0.040022 0.040079 0.040315 0.040113 0.040014 0.040009 0.040005 0.020023 0.040015 0.040021 0.040068 0.020029 0.040013 0.040180 0.402106 0.520000 0.040208 0.040017 0.040006 0.040011 0.020033 0.040055 0.043219 0.490177 0.520000 0.089765 -9999.0 -9999.0
-9999.0 -9999.0 -9999.0 -9999.0 -9999.0 -9999.0 -9999.0 -9999.0 0.040010 0.040015 0.040016 0.040011 0.040009 0.020034 0.040067 0.040113 0.096566 0.301644 0.079438 0.293888 0.076768 0.209642 0.255725 0.100805 0.304067 0.241313 0.247991 0.040066 0.020027 0.040010 0.020023 0.040025 0.040021 0.040025 0.040030 0.040031 0.051160 0.520000 0.059543 0.040063 0.040013 0.020024 0.040014 0.040015 0.040034 0.040014 0.020020 0.040010 0.040021 0.072286 0.428842 0.063937 0.040011 0.040014 0.040026 0.040062 0.163541 0.520000 0.403991 0.520000 0.383417 -9999.0 -9999.0
-9999.0 -9999.0 -9999.0 -9999.0 -9999.0 -9999.0 -9999.0 -9999.0 0.020018 0.040015 0.040077 0.020028 0.040011 0.040043 0.040348 0.168668 0.107500 0.087007 0.350972 0.076130 0.081905 0.082317 0.222375 0.111480 0.123749 0.309789 0.044981 0.040036 0.040024 0.040068 0.040062 0.040130 0.045211 0.040681 0.040203 0.040041 0.054949 0.246746 0.450112 0.041281 0.040018 0.040021 0.040020 0.020029 0.040011 0.020024 0.040014 0.020028 0.040011 0.040050 0.078197 0.457588 0.064614 0.040058 0.074913 0.520000 0.520000 0.520000 0.326183 0.390347 0.384928 0.323544 -9999.0
-9999.0 -9999.0 -9999.0 -9999.0 -9999.0 -9999.0 -9999.0 -9999.0 0.040005 0.040013 0.040024 0.040049 0.040223 0.045433 0.044004 0.520000 0.504760 0.257542 0.291360 0.195202 0.090163 0.108004 0.086818 0.087787 0.341048 0.089747 0.040077 0.040518 0.052079 0.040206 0.040446 0.063100 0.520000 0.130691 0.064634 0.120765 0.390109 0.194312 0.209485 0.497309 0.072802 0.062144 0.068886 0.047730 0.040056 0.040033 0.040142 0.040846 0.040119 0.059109 0.451167 0.295203 0.402793 0.433827 0.520000 0.520000 0.520000 0.468383 0.450277 0.386978 0.289387 0.334404 -9999.0
-9999.0 -9999.0 0.040011 0.040014 0.040008 0.040033 0.040014 0.040016 0.040008 0.040010 0.040054 0.040481 0.045935 0.056032 0.167750 0.520000 0.068740 0.040069 0.040123 0.096006 0.189995 0.162183 0.456462 0.075502 0.117993 0.197078 0.084724 0.099383 0.349438 0.102162 0.066888 0.268244 0.520000 0.321302 0.413448 0.229165 0.332845 0.125936 0.132596 0.214719 0.371189 0.423184 0.347780 0.439288 0.089383 0.060678 0.489508 0.395645 0.417235 0.390512 0.330259 0.303052 0.475157 0.518227 0.520000 0.520000 0.520000 0.442583 0.435412 0.331843 0.446529 0.346725 -9999.0
-9999.0 0.040111 0.040072 0.040058 0.040036 0.040017 0.040014 0.040014 0.040010 0.040008 0.040022 0.040105 0.079036 0.040205 0.069543 0.040350 0.040052 0.040023 0.040065 0.075036 0.190738 0.247172 0.520000 0.369042 0.152414 0.114737 0.249334 0.302218 0.350624 0.413945 0.283461 0.343811 0.482347 0.450114 0.308951 0.274347 0.234973 0.082125 0.297809 0.297472 0.282996 0.326062 0.349126 0.200914 0.197566 0.178750 0.370918 0.170452 0.290256 0.292515 0.371871 0.452561 0.520000 0.520000 0.520000 0.520000 0.485380 0.449571 0.520000 0.076969 0.302322 0.351384 -9999.0
-9999.0 0.040048 0.040086 0.040329 0.040159 0.040027 0.040026 0.040012 0.040007 0.040007 0.040017 0.040067 0.111585 0.073510 0.043564 0.040028 0.040015 0.040019 0.040230 0.053504 0.095695 0.405760 0.346256 0.520000 0.472386 0.283926 0.075093 0.078193 0.282169 0.108375 0.075671 0.081359 0.405109 0.398787 0.396433 0.299743 0.331564 0.285237 0.238842 0.192264 0.242866 0.296597 0.296809 0.081991 0.072265 0.075094 0.240027 0.310407 0.327545 0.358016 0.400293 0.368464 0.433211 0.520000 0.512340 0.049953 0.051825 0.047288 0.053146 0.041827 0.055285 -9999.0 -9999.0
-9999.0 0.040022 0.040135 0.040636 0.308783 0.040061 0.040181 0.040045 0.040023 0.040023 0.040056 0.061217 0.138274 0.040965 0.040053 0.040020 0.040013 0.040024 0.040047 0.051065 0.041516 0.052369 0.215522 0.502028 0.497151 0.374170 0.381546 0.377404 0.090008 0.272307 0.076195 0.074897 0.347316 0.358512 0.297379 0.224910 0.239399 0.264291 0.202582 0.182401 0.187119 0.299457 0.253363 0.072882 0.072976 0.297031 0.292702 0.363711 0.391503 0.292529 0.413831 0.041297 0.059335 0.040249 0.041016 0.040107 0.040104 0.040060 0.040083 -9999.0 -9999.0 -9999.0 -9999.0
