user2019/resources/simulation/Vinschgau/output-maps/thetaliqL0007N0700.asc
ncols         63
nrows         48
xllcorner     598000.000000
yllcorner     5145000.000000
cellsize      1000.000000
NODATA_value  -9999.0
[rows 0 to 28 of 48, columns 0 to 62 of 63]
-9999.0 -9999.0 -9999.0 -9999.0 -9999.0 -9999.0 -9999.0 -9999.0 -9999.0 -9999.0 -9999.0 -9999.0 -9999.0 -9999.0 -9999.0 -9999.0 -9999.0 -9999.0 -9999.0 -9999.0 -9999.0 -9999.0 -9999.0 -9999.0 -9999.0 -9999.0 -9999.0 -9999.0 -9999.0 -9999.0 -9999.0 -9999.0 -9999.0 -9999.0 -9999.0 -9999.0 -9999.0 -9999.0 -9999.0 -9999.0 -9999.0 -9999.0 -9999.0 -9999.0 -9999.0 -9999.0 -9999.0 -9999.0 -9999.0 -9999.0 -9999.0 -9999.0 -9999.0 -9999.0 -9999.0 -9999.0 -9999.0 -9999.0 -9999.0 -9999.0 -9999.0 -9999.0 -9999.0
-9999.0 -9999.0 -9999.0 -9999.0 -9999.0 -9999.0 -9999.0 -9999.0 -9999.0 -9999.0 -9999.0 -9999.0 -9999.0 -9999.0 -9999.0 -9999.0 -9999.0 -9999.0 -9999.0 -9999.0 -9999.0 -9999.0 -9999.0 -9999.0 -9999.0 -9999.0 -9999.0 0.049876 0.113584 0.049908 0.120192 0.060212 0.160047 -9999.0 -9999.0 -9999.0 -9999.0 -9999.0 -9999.0 -9999.0 -9999.0 -9999.0 -9999.0 -9999.0 -9999.0 -9999.0 -9999.0 -9999.0 -9999.0 -9999.0 -9999.0 -9999.0 -9999.0 -9999.0 -9999.0 -9999.0 -9999.0 -9999.0 -9999.0 -9999.0 -9999.0 -9999.0 -9999.0
-9999.0 -9999.0 -9999.0 -9999.0 -9999.0 -9999.0 -9999.0 -9999.0 -9999.0 -9999.0 -9999.0 -9999.0 -9999.0 -9999.0 -9999.0 -9999.0 -9999.0 -9999.0 -9999.0 -9999.0 -9999.0 -9999.0 -9999.0 -9999.0 0.186404 0.181301 0.189028 0.191455 0.200000 0.145565 0.105577 -9999.0 -9999.0 -9999.0 -9999.0 -9999.0 -9999.0 -9999.0 -9999.0 -9999.0 -9999.0 -9999.0 -9999.0 -9999.0 -9999.0 -9999.0 -9999.0 -9999.0 -9999.0 -9999.0 -9999.0 -9999.0 -9999.0 -9999.0 -9999.0 -9999.0 -9999.0 -9999.0 -9999.0 -9999.0 -9999.0 -9999.0 -9999.0
-9999.0 -9999.0 -9999.0 -9999.0 -9999.0 -9999.0 -9999.0 -9999.0 -9999.0 -9999.0 -9999.0 -9999.0 -9999.0 -9999.0 -9999.0 -9999.0 -9999.0 -9999.0 -9999.0 -9999.0 -9999.0 -9999.0 -9999.0 0.180359 0.196123 0.421807 0.045828 0.020422 0.020460 0.097343 0.109228 0.104870 -9999.0 -9999.0 -9999.0 -9999.0 -9999.0 -9999.0 -9999.0 -9999.0 -9999.0 -9999.0 -9999.0 -9999.0 -9999.0 -9999.0 -9999.0 -9999.0 -9999.0 -9999.0 -9999.0 -9999.0 -9999.0 -9999.0 -9999.0 -9999.0 -9999.0 -9999.0 -9999.0 -9999.0 -9999.0 -9999.0 -9999.0
-9999.0 -9999.0 -9999.0 -9999.0 -9999.0 -9999.0 -9999.0 -9999.0 -9999.0 -9999.0 -9999.0 -9999.0 -9999.0 -9999.0 -9999.0 -9999.0 -9999.0 -9999.0 0.430000 0.177473 -9999.0 0.188074 0.195947 0.020417 0.047187 0.020423 0.430000 0.430000 0.430000 0.046011 0.115482 0.119801 0.049923 0.049927 -9999.0 -9999.0 -9999.0 -9999.0 -9999.0 -9999.0 -9999.0 -9999.0 -9999.0 -9999.0 -9999.0 -9999.0 -9999.0 -9999.0 -9999.0 -9999.0 -9999.0 -9999.0 -9999.0 -9999.0 -9999.0 -9999.0 -9999.0 -9999.0 -9999.0 -9999.0 -9999.0 -9999.0 -9999.0
-9999.0 -9999.0 -9999.0 -9999.0 -9999.0 -9999.0 -9999.0 -9999.0 -9999.0 -9999.0 -9999.0 -9999.0 -9999.0 -9999.0 -9999.0 -9999.0 -9999.0 0.342436 0.035383 0.020400 0.050008 0.430000 0.050905 0.020507 0.430000 0.038631 0.042625 0.077769 0.043210 0.430000 0.200000 0.136946 0.050019 0.049949 0.050404 0.050454 -9999.0 -9999.0 -9999.0 -9999.0 -9999.0 -9999.0 -9999.0 -9999.0 -9999.0 -9999.0 -9999.0 -9999.0 -9999.0 -9999.0 -9999.0 -9999.0 -9999.0 -9999.0 -9999.0 -9999.0 -9999.0 -9999.0 -9999.0 -9999.0 -9999.0 -9999.0 -9999.0
-9999.0 -9999.0 -9999.0 -9999.0 -9999.0 -9999.0 -9999.0 -9999.0 -9999.0 -9999.0 -9999.0 -9999.0 -9999.0 0.113095 0.064550 0.425023 0.262397 0.049986 0.342235 0.020451 0.049550 0.045233 0.020424 0.128329 0.043217 0.185144 0.020510 0.020761 0.020635 0.054974 0.200000 0.200000 0.128563 0.117195 0.050471 0.050452 -9999.0 -9999.0 -9999.0 -9999.0 -9999.0 -9999.0 -9999.0 -9999.0 -9999.0 -9999.0 -9999.0 -9999.0 -9999.0 -9999.0 -9999.0 -9999.0 -9999.0 -9999.0 -9999.0 -9999.0 -9999.0 -9999.0 -9999.0 -9999.0 -9999.0 -9999.0 -9999.0
-9999.0 -9999.0 -9999.0 -9999.0 -9999.0 -9999.0 -9999.0 -9999.0 -9999.0 -9999.0 -9999.0 -9999.0 -9999.0 0.197530 0.060741 0.425257 0.293006 0.430000 0.050008 0.044562 0.020150 0.050006 0.044603 0.042229 0.052043 0.020629 0.097289 0.050438 0.050463 0.021066 0.099250 0.103716 0.050474 0.050473 0.050472 -9999.0 -9999.0 -9999.0 -9999.0 -9999.0 -9999.0 -9999.0 -9999.0 -9999.0 -9999.0 -9999.0 -9999.0 -9999.0 -9999.0 -9999.0 -9999.0 -9999.0 -9999.0 -9999.0 -9999.0 -9999.0 -9999.0 -9999.0 -9999.0 -9999.0 -9999.0 -9999.0 -9999.0
-9999.0 -9999.0 -9999.0 -9999.0 -9999.0 -9999.0 -9999.0 -9999.0 -9999.0 -9999.0 -9999.0 -9999.0 -9999.0 0.054098 0.200000 0.428039 0.404401 0.316868 0.050022 0.286832 0.200000 0.020486 0.045861 0.042682 0.059398 0.086480 0.049909 0.050446 0.116601 0.050473 0.105321 0.050473 0.050468 0.050476 0.050478 -9999.0 -9999.0 -9999.0 -9999.0 -9999.0 -9999.0 -9999.0 -9999.0 -9999.0 -9999.0 -9999.0 -9999.0 -9999.0 -9999.0 -9999.0 -9999.0 -9999.0 -9999.0 -9999.0 -9999.0 -9999.0 -9999.0 -9999.0 -9999.0 -9999.0 -9999.0 -9999.0 -9999.0
-9999.0 -9999.0 -9999.0 -9999.0 -9999.0 -9999.0 -9999.0 -9999.0 -9999.0 -9999.0 -9999.0 -9999.0 0.020459 0.200000 0.057211 0.073892 0.430000 0.428971 0.430000 0.020413 0.052257 0.060814 0.020536 0.081417 0.430000 0.100732 0.200000 0.109995 0.140247 0.050457 0.076007 0.049898 0.123967 0.050360 -9999.0 -9999.0 -9999.0 -9999.0 -9999.0 -9999.0 -9999.0 -9999.0 -9999.0 -9999.0 -9999.0 -9999.0 -9999.0 -9999.0 -9999.0 -9999.0 -9999.0 -9999.0 -9999.0 -9999.0 -9999.0 -9999.0 -9999.0 -9999.0 -9999.0 -9999.0 -9999.0 -9999.0 -9999.0
-9999.0 -9999.0 -9999.0 -9999.0 -9999.0 -9999.0 -9999.0 -9999.0 -9999.0 -9999.0 -9999.0 0.193740 0.093203 0.430000 0.071905 0.192605 0.020483 0.430000 0.430000 0.020431 0.020397 0.430000 0.128910 0.110773 0.020792 0.124735 0.094329 0.126967 0.200000 0.050458 0.049920 0.137139 0.050071 0.050353 0.049981 0.049918 0.050820 0.050385 0.049921 -9999.0 -9999.0 -9999.0 0.050352 -9999.0 -9999.0 -9999.0 -9999.0 -9999.0 -9999.0 -9999.0 -9999.0 -9999.0 -9999.0 -9999.0 -9999.0 -9999.0 -9999.0 -9999.0 -9999.0 -9999.0 -9999.0 -9999.0 -9999.0
-9999.0 -9999.0 -9999.0 -9999.0 -9999.0 -9999.0 -9999.0 -9999.0 -9999.0 -9999.0 -9999.0 0.187540 0.087544 0.020607 0.074384 0.097912 0.063055 0.034645 0.430000 0.430000 0.200000 0.131454 0.200000 0.118150 0.133358 0.116848 0.119606 0.137141 0.049925 0.050368 0.129948 0.156209 0.106336 0.115039 0.065821 0.067524 0.054761 0.051675 0.050825 0.049939 0.049980 0.050066 0.108653 0.050360 -9999.0 -9999.0 -9999.0 0.430000 0.106421 0.049854 0.117148 0.049848 0.049875 0.430000 0.430000 0.050319 -9999.0 -9999.0 -9999.0 -9999.0 -9999.0 -9999.0 -9999.0
-9999.0 -9999.0 -9999.0 -9999.0 -9999.0 -9999.0 -9999.0 -9999.0 -9999.0 -9999.0 -9999.0 0.200000 0.181501 0.021278 0.430000 0.119887 0.111307 0.047333 0.200000 0.430000 0.430000 0.020781 0.108574 0.200000 0.113233 0.049956 0.114071 0.200000 0.050370 0.107752 0.050411 0.022272 0.122662 0.100933 0.050136 0.058276 0.043559 0.020495 0.050950 0.049983 0.050302 0.050006 0.076879 0.106739 0.097014 -9999.0 0.050266 0.117049 0.128230 0.138105 0.083444 0.049879 0.085192 0.142246 0.093443 0.125090 -9999.0 -9999.0 -9999.0 -9999.0 -9999.0 -9999.0 -9999.0
-9999.0 -9999.0 -9999.0 -9999.0 -9999.0 -9999.0 -9999.0 -9999.0 -9999.0 -9999.0 -9999.0 -9999.0 0.195579 0.430000 0.189341 0.192357 0.051143 0.047788 0.430000 0.430000 0.043640 0.020727 0.020740 0.119921 0.119358 0.110885 0.200000 0.066875 0.119292 0.049895 0.124620 0.124498 0.060224 0.109773 0.084968 0.057630 0.031832 0.020740 0.068869 0.049965 0.055967 0.049961 0.020612 0.192428 0.049930 0.115272 0.049876 0.114309 0.021161 0.120926 0.430000 0.162288 0.430000 0.430000 0.145771 0.188194 0.191742 -9999.0 -9999.0 -9999.0 -9999.0 -9999.0 -9999.0
-9999.0 -9999.0 -9999.0 -9999.0 -9999.0 -9999.0 -9999.0 -9999.0 -9999.0 -9999.0 -9999.0 0.430000 0.180883 0.067575 0.121289 0.115831 0.116708 0.052700 0.200000 0.430000 0.042964 0.045867 0.127210 0.020846 0.108171 0.128712 0.430000 0.107370 0.103051 0.049934 0.111936 0.135360 0.141906 0.116756 0.093805 0.077050 0.050287 0.020570 0.167523 0.050962 0.020520 0.027782 0.055133 0.020468 0.126091 0.106324 0.136408 0.049900 0.049888 0.020596 0.020771 0.107320 0.136351 0.021113 0.021057 0.050367 0.049859 -9999.0 -9999.0 -9999.0 -9999.0 -9999.0 -9999.0
-9999.0 -9999.0 -9999.0 -9999.0 -9999.0 -9999.0 -9999.0 -9999.0 -9999.0 -9999.0 0.430000 0.120768 0.199635 0.189896 0.199339 0.200000 0.200000 0.055869 0.412010 0.430000 0.430000 0.430000 0.021082 0.197714 0.107813 0.430000 0.021837 0.020533 0.072699 0.129745 0.131571 0.196951 0.125743 0.113718 0.050466 0.049989 0.057024 0.040283 0.020716 0.040317 0.020503 0.020727 0.050365 0.430000 0.094996 0.049946 0.128325 0.020783 0.118836 0.115239 0.020546 0.050348 0.021113 0.050362 0.050329 0.131557 0.130791 -9999.0 -9999.0 -9999.0 -9999.0 -9999.0 -9999.0
-9999.0 -9999.0 -9999.0 -9999.0 -9999.0 -9999.0 -9999.0 -9999.0 -9999.0 0.115755 0.430000 0.430000 0.122928 0.108527 0.430000 0.126062 0.116006 0.200000 0.041320 0.388639 0.430000 0.039807 0.020733 0.074813 0.430000 0.022405 0.101704 0.132352 0.020731 0.108795 0.116111 0.020123 0.050448 0.050453 0.050278 0.050381 0.121686 0.061485 0.052608 0.068518 0.048500 0.056618 0.021017 0.038846 0.020388 0.020617 0.135381 0.020601 0.020734 0.430000 0.020577 0.049869 0.050365 0.050239 0.050011 0.021685 0.146430 0.049895 0.049880 -9999.0 -9999.0 -9999.0 -9999.0
-9999.0 -9999.0 -9999.0 -9999.0 -9999.0 -9999.0 -9999.0 -9999.0 -9999.0 0.083410 0.117366 0.118737 0.200000 0.099944 0.098011 0.103075 0.200000 0.101444 0.039358 0.430000 0.430000 0.113217 0.430000 0.199182 0.022390 0.096594 0.103814 0.103897 0.096036 0.430000 0.062369 0.022010 0.124236 0.111258 0.130933 0.049993 0.049940 0.049948 0.075093 0.125550 0.430000 0.022586 0.054995 0.073760 0.430000 0.429717 0.056221 0.020519 0.020575 0.109305 0.020120 0.020980 0.050287 0.109812 0.050323 0.430000 0.021855 0.134240 0.049911 -9999.0 -9999.0 -9999.0 -9999.0
-9999.0 -9999.0 -9999.0 -9999.0 -9999.0 -9999.0 -9999.0 -9999.0 -9999.0 -9999.0 0.115278 0.129122 0.131792 0.430000 0.020613 0.096755 0.105233 0.092755 0.038711 0.427988 0.430000 0.020797 0.056879 0.021804 0.096905 0.100437 0.095346 0.103531 0.063741 0.081123 0.023552 0.430000 0.022418 0.111839 0.137131 0.149501 0.170127 0.193256 0.049905 0.111937 0.091304 0.196352 0.200000 0.022308 0.022238 0.062444 0.021286 0.430000 0.020518 0.020659 0.020118 0.020558 0.049854 0.050282 0.173285 0.115871 0.197357 0.200000 0.020909 0.104168 -9999.0 -9999.0 -9999.0
-9999.0 -9999.0 -9999.0 -9999.0 -9999.0 -9999.0 -9999.0 -9999.0 -9999.0 -9999.0 0.121068 0.123311 0.192184 0.127424 0.430000 0.040343 0.045466 0.430000 0.430000 0.314286 0.333774 0.039174 0.044015 0.081979 0.093758 0.086497 0.430000 0.061079 0.071510 0.023857 0.113364 0.200000 0.020559 0.103829 0.110961 0.196158 0.200000 0.120311 0.020979 0.106538 0.125020 0.049884 0.132392 0.112357 0.430000 0.020126 0.129887 0.022151 0.021045 0.020649 0.020768 0.020879 0.128158 0.049850 0.050350 0.049860 0.103913 0.021739 0.060431 0.430000 -9999.0 -9999.0 -9999.0
-9999.0 -9999.0 -9999.0 -9999.0 -9999.0 -9999.0 -9999.0 -9999.0 0.200000 0.125097 0.062837 0.197317 0.163926 0.131046 0.061623 0.430000 0.033549 0.114438 0.428615 0.250843 0.292064 0.034773 0.037074 0.035685 0.061292 0.430000 0.430000 0.074600 0.136616 0.021883 0.050420 0.119343 0.121674 0.111719 0.127043 0.092416 0.124503 0.124506 0.022284 0.049887 0.050258 0.197787 0.020800 0.050413 0.049892 0.200000 0.023139 0.131486 0.021987 0.430000 0.044295 0.020118 0.129988 0.021429 0.049891 0.091170 0.049895 0.200000 0.020701 0.044029 -9999.0 -9999.0 -9999.0
-9999.0 -9999.0 -9999.0 -9999.0 -9999.0 -9999.0 -9999.0 -9999.0 0.049512 0.125467 0.020875 0.109629 0.113994 0.200000 0.063303 0.055873 0.046290 0.043596 0.020259 0.254153 0.430000 0.430000 0.430000 0.113335 0.033361 0.430000 0.430000 0.138395 0.020689 0.122233 0.119640 0.049920 0.133907 0.049866 0.200000 0.200000 0.148678 0.131607 0.021048 0.127432 0.112419 0.050689 0.050350 0.129260 0.200000 0.133692 0.020736 0.119475 0.022240 0.055981 0.045268 0.131911 0.063360 0.135113 0.081900 0.020471 0.020669 0.020714 0.020664 0.430000 0.257903 -9999.0 -9999.0
-9999.0 -9999.0 -9999.0 -9999.0 -9999.0 -9999.0 -9999.0 -9999.0 0.113628 0.200000 0.061503 0.021145 0.200000 0.020768 0.114918 0.021088 0.040001 0.053410 0.031686 0.429560 0.251706 0.422859 0.430000 0.363662 0.430000 0.045360 0.054457 0.067024 0.020529 0.128053 0.049912 0.200000 0.121922 0.020534 0.200000 0.159661 0.021335 0.021438 0.022239 0.021142 0.122904 0.049866 0.199140 0.200000 0.127569 0.191838 0.049880 0.193070 0.124989 0.021960 0.430000 0.043502 0.021268 0.021375 0.020709 0.138529 0.131664 0.122410 0.039545 0.430000 0.430000 -9999.0 -9999.0
-9999.0 -9999.0 -9999.0 -9999.0 -9999.0 -9999.0 -9999.0 -9999.0 0.050407 0.129232 0.430000 0.020534 0.200000 0.430000 0.020119 0.043956 0.020367 0.031491 0.430000 0.300110 0.287521 0.320781 0.423533 0.333378 0.407130 0.049744 0.060723 0.021503 0.198099 0.020748 0.020751 0.020869 0.020497 0.130429 0.020591 0.100655 0.109619 0.057017 0.021633 0.021046 0.117211 0.130863 0.134110 0.049908 0.187024 0.049883 0.075828 0.049889 0.099351 0.020693 0.063657 0.044296 0.040959 0.430000 0.135726 0.142437 0.042922 0.430000 0.430000 0.430000 0.430000 0.430000 -9999.0
-9999.0 -9999.0 -9999.0 -9999.0 -9999.0 -9999.0 -9999.0 -9999.0 0.178948 0.199871 0.430000 0.021313 0.021334 0.052104 0.200000 0.430000 0.430000 0.050764 0.054796 0.044534 0.361291 0.355982 0.315899 0.287495 0.102961 0.042667 0.049879 0.103325 0.095485 0.122592 0.021355 0.122975 0.020760 0.129099 0.020705 0.020682 0.020799 0.054639 0.021524 0.133193 0.020748 0.020519 0.020751 0.020517 0.020795 0.124011 0.020726 0.020764 0.020658 0.020631 0.020565 0.038690 0.041141 0.076799 0.192747 0.430000 0.430000 0.430000 0.430000 0.045436 0.046414 0.430000 -9999.0
-9999.0 -9999.0 0.066021 0.194877 0.200000 0.107265 0.140890 0.125533 0.200000 0.200000 0.133215 0.430000 0.055877 0.140100 0.200000 0.430000 0.021901 0.073168 0.117202 0.054953 0.041074 0.430000 0.430000 0.235007 0.314999 0.035438 0.040042 0.043408 0.039280 0.200000 0.048341 0.051463 0.430000 0.046617 0.113978 0.053643 0.110421 0.051578 0.021514 0.021574 0.020707 0.020664 0.021096 0.041991 0.021165 0.020663 0.107604 0.430000 0.020566 0.060318 0.052234 0.429517 0.430000 0.430000 0.430000 0.430000 0.430000 0.430000 0.053581 0.052378 0.430000 0.430000 -9999.0
-9999.0 0.101414 0.114418 0.114872 0.099290 0.131258 0.144731 0.124888 0.125513 0.121020 0.133317 0.066689 0.430000 0.430000 0.430000 0.022481 0.139956 0.118376 0.430000 0.049430 0.037727 0.039826 0.430000 0.426574 0.361534 0.326898 0.410038 0.429980 0.067963 0.430000 0.052085 0.061099 0.120972 0.430000 0.099555 0.430000 0.096970 0.044955 0.430000 0.430000 0.100343 0.111352 0.039078 0.041535 0.038557 0.035911 0.430000 0.034386 0.052995 0.430000 0.430000 0.430000 0.430000 0.430000 0.430000 0.430000 0.430000 0.430000 0.430000 0.430000 0.430000 0.430000 -9999.0
-9999.0 0.200000 0.127164 0.119407 0.430000 0.133075 0.055375 0.108130 0.188491 0.063050 0.115809 0.057155 0.055533 0.430000 0.022226 0.074136 0.021818 0.106138 0.127551 0.049856 0.430000 0.430000 0.430000 0.430000 0.430000 0.426277 0.185496 0.268598 0.430000 0.033956 0.030604 0.032078 0.430000 0.430000 0.430000 0.430000 0.430000 0.430000 0.430000 0.430000 0.430000 0.430000 0.113552 0.405719 0.213933 0.031676 0.430000 0.430000 0.430000 0.430000 0.430000 0.430000 0.430000 0.430000 0.060127 0.430000 0.064547 0.430000 0.068510 0.430000 0.430000 -9999.0 -9999.0
-9999.0 0.070108 0.135512 0.058401 0.040141 0.430000 0.430000 0.053190 0.115069 0.117610 0.121243 0.053389 0.117116 0.430000 0.071304 0.077085 0.124867 0.136877 0.065841 0.057118 0.054088 0.052383 0.362085 0.430000 0.430000 0.430000 0.430000 0.430000 0.290975 0.430000 0.207780 0.196402 0.430000 0.430000 0.430000 0.430000 0.430000 0.429999 0.430000 0.430000 0.430000 0.430000 0.430000 0.212352 0.189380 0.430000 0.430000 0.430000 0.430000 0.430000 0.054815 0.430000 0.430000 0.430000 0.430000 0.430000 0.430000 0.430000 0.430000 -9999.0 -9999.0 -9999.0 -9999.0
